true_label,meta_K15,meta_ratio_0,meta_ratio_1,meta_ratio_2,meta_ratio_3,meta_ratio_4,meta_ratio_5,meta_ratio_6,meta_ratio_7,meta_ratio_8,meta_ratio_9,meta_ratio_10,meta_ratio_11
1,0,0.5873016,0.34920636,0.015873017,0.0,0.0,0.0,0.0,0.015873017,0.031746034,0.0,0.0,0.0
1,0,0.5873016,0.34920636,0.015873017,0.0,0.0,0.0,0.0,0.015873017,0.031746034,0.0,0.0,0.0
1,0,0.5873016,0.34920636,0.015873017,0.0,0.0,0.0,0.0,0.015873017,0.031746034,0.0,0.0,0.0
1,0,0.5873016,0.34920636,0.015873017,0.0,0.0,0.0,0.0,0.015873017,0.031746034,0.0,0.0,0.0
1,0,0.5873016,0.34920636,0.015873017,0.0,0.0,0.0,0.0,0.015873017,0.031746034,0.0,0.0,0.0
1,0,0.5873016,0.34920636,0.015873017,0.0,0.0,0.0,0.0,0.015873017,0.031746034,0.0,0.0,0.0
1,0,0.5873016,0.34920636,0.015873017,0.0,0.0,0.0,0.0,0.015873017,0.031746034,0.0,0.0,0.0
1,0,0.5873016,0.34920636,0.015873017,0.0,0.0,0.0,0.0,0.015873017,0.031746034,0.0,0.0,0.0
1,0,0.5873016,0.34920636,0.015873017,0.0,0.0,0.0,0.0,0.015873017,0.031746034,0.0,0.0,0.0
1,0,0.5873016,0.34920636,0.015873017,0.0,0.0,0.0,0.0,0.015873017,0.031746034,0.0,0.0,0.0
1,0,0.5873016,0.34920636,0.015873017,0.0,0.0,0.0,0.0,0.015873017,0.031746034,0.0,0.0,0.0
1,0,0.5873016,0.34920636,0.015873017,0.0,0.0,0.0,0.0,0.015873017,0.031746034,0.0,0.0,0.0
1,0,0.5873016,0.34920636,0.015873017,0.0,0.0,0.0,0.0,0.015873017,0.031746034,0.0,0.0,0.0
1,0,0.5873016,0.34920636,0.015873017,0.0,0.0,0.0,0.0,0.015873017,0.031746034,0.0,0.0,0.0
1,0,0.5873016,0.34920636,0.015873017,0.0,0.0,0.0,0.0,0.015873017,0.031746034,0.0,0.0,0.0
1,0,0.5873016,0.34920636,0.015873017,0.0,0.0,0.0,0.0,0.015873017,0.031746034,0.0,0.0,0.0
1,0,0.5873016,0.34920636,0.015873017,0.0,0.0,0.0,0.0,0.015873017,0.031746034,0.0,0.0,0.0
1,0,0.5873016,0.34920636,0.015873017,0.0,0.0,0.0,0.0,0.015873017,0.031746034,0.0,0.0,0.0
1,0,0.5873016,0.34920636,0.015873017,0.0,0.0,0.0,0.0,0.015873017,0.031746034,0.0,0.0,0.0
1,0,0.5873016,0.34920636,0.015873017,0.0,0.0,0.0,0.0,0.015873017,0.031746034,0.0,0.0,0.0
1,0,0.5873016,0.34920636,0.015873017,0.0,0.0,0.0,0.0,0.015873017,0.031746034,0.0,0.0,0.0
1,0,0.5873016,0.34920636,0.015873017,0.0,0.0,0.0,0.0,0.015873017,0.031746034,0.0,0.0,0.0
1,0,0.5873016,0.34920636,0.015873017,0.0,0.0,0.0,0.0,0.015873017,0.031746034,0.0,0.0,0.0
1,0,0.5873016,0.34920636,0.015873017,0.0,0.0,0.0,0.0,0.015873017,0.031746034,0.0,0.0,0.0
1,0,0.5873016,0.34920636,0.015873017,0.0,0.0,0.0,0.0,0.015873017,0.031746034,0.0,0.0,0.0
1,0,0.5873016,0.34920636,0.015873017,0.0,0.0,0.0,0.0,0.015873017,0.031746034,0.0,0.0,0.0
1,0,0.5873016,0.34920636,0.015873017,0.0,0.0,0.0,0.0,0.015873017,0.031746034,0.0,0.0,0.0
1,0,0.5873016,0.34920636,0.015873017,0.0,0.0,0.0,0.0,0.015873017,0.031746034,0.0,0.0,0.0
1,0,0.5873016,0.34920636,0.015873017,0.0,0.0,0.0,0.0,0.015873017,0.031746034,0.0,0.0,0.0
1,0,0.5873016,0.34920636,0.015873017,0.0,0.0,0.0,0.0,0.015873017,0.031746034,0.0,0.0,0.0
1,0,0.5873016,0.34920636,0.015873017,0.0,0.0,0.0,0.0,0.015873017,0.031746034,0.0,0.0,0.0
1,0,0.5873016,0.34920636,0.015873017,0.0,0.0,0.0,0.0,0.015873017,0.031746034,0.0,0.0,0.0
1,0,0.5873016,0.34920636,0.015873017,0.0,0.0,0.0,0.0,0.015873017,0.031746034,0.0,0.0,0.0
1,0,0.5873016,0.34920636,0.015873017,0.0,0.0,0.0,0.0,0.015873017,0.031746034,0.0,0.0,0.0
1,0,0.5873016,0.34920636,0.015873017,0.0,0.0,0.0,0.0,0.015873017,0.031746034,0.0,0.0,0.0
1,0,0.5873016,0.34920636,0.015873017,0.0,0.0,0.0,0.0,0.015873017,0.031746034,0.0,0.0,0.0
1,0,0.5873016,0.34920636,0.015873017,0.0,0.0,0.0,0.0,0.015873017,0.031746034,0.0,0.0,0.0
1,0,0.5873016,0.34920636,0.015873017,0.0,0.0,0.0,0.0,0.015873017,0.031746034,0.0,0.0,0.0
1,0,0.5873016,0.34920636,0.015873017,0.0,0.0,0.0,0.0,0.015873017,0.031746034,0.0,0.0,0.0
1,0,0.5873016,0.34920636,0.015873017,0.0,0.0,0.0,0.0,0.015873017,0.031746034,0.0,0.0,0.0
1,0,0.5873016,0.34920636,0.015873017,0.0,0.0,0.0,0.0,0.015873017,0.031746034,0.0,0.0,0.0
1,0,0.5873016,0.34920636,0.015873017,0.0,0.0,0.0,0.0,0.015873017,0.031746034,0.0,0.0,0.0
1,0,0.5873016,0.34920636,0.015873017,0.0,0.0,0.0,0.0,0.015873017,0.031746034,0.0,0.0,0.0
1,0,0.5873016,0.34920636,0.015873017,0.0,0.0,0.0,0.0,0.015873017,0.031746034,0.0,0.0,0.0
1,0,0.5873016,0.34920636,0.015873017,0.0,0.0,0.0,0.0,0.015873017,0.031746034,0.0,0.0,0.0
1,0,0.5873016,0.34920636,0.015873017,0.0,0.0,0.0,0.0,0.015873017,0.031746034,0.0,0.0,0.0
1,0,0.5873016,0.34920636,0.015873017,0.0,0.0,0.0,0.0,0.015873017,0.031746034,0.0,0.0,0.0
1,0,0.5873016,0.34920636,0.015873017,0.0,0.0,0.0,0.0,0.015873017,0.031746034,0.0,0.0,0.0
1,0,0.578125,0.34375,0.03125,0.0,0.0,0.0,0.0,0.015625,0.03125,0.0,0.0,0.0
1,0,0.578125,0.34375,0.03125,0.0,0.0,0.0,0.0,0.015625,0.03125,0.0,0.0,0.0
1,0,0.578125,0.34375,0.03125,0.0,0.0,0.0,0.0,0.015625,0.03125,0.0,0.0,0.0
1,0,0.578125,0.34375,0.03125,0.0,0.0,0.0,0.0,0.015625,0.03125,0.0,0.0,0.0
1,0,0.578125,0.34375,0.03125,0.0,0.0,0.0,0.0,0.015625,0.03125,0.0,0.0,0.0
1,0,0.578125,0.34375,0.03125,0.0,0.0,0.0,0.0,0.015625,0.03125,0.0,0.0,0.0
1,0,0.578125,0.34375,0.03125,0.0,0.0,0.0,0.0,0.015625,0.03125,0.0,0.0,0.0
1,0,0.578125,0.34375,0.03125,0.0,0.0,0.0,0.0,0.015625,0.03125,0.0,0.0,0.0
1,0,0.578125,0.34375,0.03125,0.0,0.0,0.0,0.0,0.015625,0.03125,0.0,0.0,0.0
1,0,0.578125,0.34375,0.03125,0.0,0.0,0.0,0.0,0.015625,0.03125,0.0,0.0,0.0
1,0,0.578125,0.34375,0.03125,0.0,0.0,0.0,0.0,0.015625,0.03125,0.0,0.0,0.0
1,0,0.578125,0.34375,0.03125,0.0,0.0,0.0,0.0,0.015625,0.03125,0.0,0.0,0.0
1,0,0.578125,0.34375,0.03125,0.0,0.0,0.0,0.0,0.015625,0.03125,0.0,0.0,0.0
1,0,0.578125,0.34375,0.03125,0.0,0.0,0.0,0.0,0.015625,0.03125,0.0,0.0,0.0
1,0,0.578125,0.34375,0.03125,0.0,0.0,0.0,0.0,0.015625,0.03125,0.0,0.0,0.0
1,0,0.578125,0.34375,0.03125,0.0,0.0,0.0,0.0,0.015625,0.03125,0.0,0.0,0.0
1,0,0.59375,0.34375,0.03125,0.0,0.0,0.0,0.0,0.015625,0.015625,0.0,0.0,0.0
1,0,0.59375,0.34375,0.03125,0.0,0.0,0.0,0.0,0.015625,0.015625,0.0,0.0,0.0
1,0,0.59375,0.34375,0.03125,0.0,0.0,0.0,0.0,0.015625,0.015625,0.0,0.0,0.0
1,0,0.59375,0.34375,0.03125,0.0,0.0,0.0,0.0,0.015625,0.015625,0.0,0.0,0.0
1,0,0.59375,0.34375,0.03125,0.0,0.0,0.0,0.0,0.015625,0.015625,0.0,0.0,0.0
1,0,0.59375,0.34375,0.03125,0.0,0.0,0.0,0.0,0.015625,0.015625,0.0,0.0,0.0
1,0,0.59375,0.34375,0.03125,0.0,0.0,0.0,0.0,0.015625,0.015625,0.0,0.0,0.0
1,0,0.59375,0.34375,0.03125,0.0,0.0,0.0,0.0,0.015625,0.015625,0.0,0.0,0.0
1,0,0.6031746,0.34920636,0.015873017,0.0,0.0,0.0,0.0,0.015873017,0.015873017,0.0,0.0,0.0
1,0,0.6031746,0.34920636,0.015873017,0.0,0.0,0.0,0.0,0.015873017,0.015873017,0.0,0.0,0.0
1,0,0.6031746,0.34920636,0.015873017,0.0,0.0,0.0,0.0,0.015873017,0.015873017,0.0,0.0,0.0
1,0,0.6031746,0.34920636,0.015873017,0.0,0.0,0.0,0.0,0.015873017,0.015873017,0.0,0.0,0.0
1,0,0.6031746,0.34920636,0.015873017,0.0,0.0,0.0,0.0,0.015873017,0.015873017,0.0,0.0,0.0
1,0,0.6031746,0.34920636,0.015873017,0.0,0.0,0.0,0.0,0.015873017,0.015873017,0.0,0.0,0.0
1,0,0.6031746,0.34920636,0.015873017,0.0,0.0,0.0,0.0,0.015873017,0.015873017,0.0,0.0,0.0
1,0,0.6031746,0.34920636,0.015873017,0.0,0.0,0.0,0.0,0.015873017,0.015873017,0.0,0.0,0.0
1,0,0.6031746,0.34920636,0.015873017,0.0,0.0,0.0,0.0,0.015873017,0.015873017,0.0,0.0,0.0
1,0,0.6031746,0.34920636,0.015873017,0.0,0.0,0.0,0.0,0.015873017,0.015873017,0.0,0.0,0.0
1,0,0.6031746,0.34920636,0.015873017,0.0,0.0,0.0,0.0,0.015873017,0.015873017,0.0,0.0,0.0
1,0,0.6031746,0.34920636,0.015873017,0.0,0.0,0.0,0.0,0.015873017,0.015873017,0.0,0.0,0.0
1,0,0.6031746,0.34920636,0.015873017,0.0,0.0,0.0,0.0,0.015873017,0.015873017,0.0,0.0,0.0
1,0,0.6031746,0.34920636,0.015873017,0.0,0.0,0.0,0.0,0.015873017,0.015873017,0.0,0.0,0.0
1,0,0.6031746,0.34920636,0.015873017,0.0,0.0,0.0,0.0,0.015873017,0.015873017,0.0,0.0,0.0
1,0,0.6031746,0.34920636,0.015873017,0.0,0.0,0.0,0.0,0.015873017,0.015873017,0.0,0.0,0.0
1,0,0.6031746,0.34920636,0.015873017,0.0,0.0,0.0,0.0,0.015873017,0.015873017,0.0,0.0,0.0
1,0,0.6031746,0.34920636,0.015873017,0.0,0.0,0.0,0.0,0.015873017,0.015873017,0.0,0.0,0.0
1,0,0.6031746,0.34920636,0.015873017,0.0,0.0,0.0,0.0,0.015873017,0.015873017,0.0,0.0,0.0
1,0,0.6031746,0.34920636,0.015873017,0.0,0.0,0.0,0.0,0.015873017,0.015873017,0.0,0.0,0.0
1,0,0.6031746,0.34920636,0.015873017,0.0,0.0,0.0,0.0,0.015873017,0.015873017,0.0,0.0,0.0
1,0,0.6031746,0.34920636,0.015873017,0.0,0.0,0.0,0.0,0.015873017,0.015873017,0.0,0.0,0.0
1,0,0.6031746,0.34920636,0.015873017,0.0,0.0,0.0,0.0,0.015873017,0.015873017,0.0,0.0,0.0
1,0,0.6031746,0.34920636,0.015873017,0.0,0.0,0.0,0.0,0.015873017,0.015873017,0.0,0.0,0.0
1,0,0.6031746,0.34920636,0.015873017,0.0,0.0,0.0,0.0,0.015873017,0.015873017,0.0,0.0,0.0
1,0,0.6031746,0.34920636,0.015873017,0.0,0.0,0.0,0.0,0.015873017,0.015873017,0.0,0.0,0.0
1,0,0.6031746,0.34920636,0.015873017,0.0,0.0,0.0,0.0,0.015873017,0.015873017,0.0,0.0,0.0
1,0,0.6031746,0.34920636,0.015873017,0.0,0.0,0.0,0.0,0.015873017,0.015873017,0.0,0.0,0.0
1,0,0.6031746,0.34920636,0.015873017,0.0,0.0,0.0,0.0,0.015873017,0.015873017,0.0,0.0,0.0
1,0,0.6031746,0.34920636,0.015873017,0.0,0.0,0.0,0.0,0.015873017,0.015873017,0.0,0.0,0.0
1,0,0.6031746,0.34920636,0.015873017,0.0,0.0,0.0,0.0,0.015873017,0.015873017,0.0,0.0,0.0
1,0,0.6031746,0.34920636,0.015873017,0.0,0.0,0.0,0.0,0.015873017,0.015873017,0.0,0.0,0.0
1,0,0.6031746,0.34920636,0.015873017,0.0,0.0,0.0,0.0,0.015873017,0.015873017,0.0,0.0,0.0
1,0,0.6031746,0.34920636,0.015873017,0.0,0.0,0.0,0.0,0.015873017,0.015873017,0.0,0.0,0.0
1,0,0.6031746,0.34920636,0.015873017,0.0,0.0,0.0,0.0,0.015873017,0.015873017,0.0,0.0,0.0
1,0,0.6031746,0.34920636,0.015873017,0.0,0.0,0.0,0.0,0.015873017,0.015873017,0.0,0.0,0.0
1,0,0.5873016,0.36507937,0.015873017,0.0,0.0,0.0,0.0,0.015873017,0.015873017,0.0,0.0,0.0
1,0,0.5873016,0.36507937,0.015873017,0.0,0.0,0.0,0.0,0.015873017,0.015873017,0.0,0.0,0.0
1,0,0.5873016,0.36507937,0.015873017,0.0,0.0,0.0,0.0,0.015873017,0.015873017,0.0,0.0,0.0
1,0,0.5873016,0.36507937,0.015873017,0.0,0.0,0.0,0.0,0.015873017,0.015873017,0.0,0.0,0.0
1,0,0.5873016,0.36507937,0.015873017,0.0,0.0,0.0,0.0,0.015873017,0.015873017,0.0,0.0,0.0
1,0,0.5873016,0.36507937,0.015873017,0.0,0.0,0.0,0.0,0.015873017,0.015873017,0.0,0.0,0.0
1,0,0.5873016,0.36507937,0.015873017,0.0,0.0,0.0,0.0,0.015873017,0.015873017,0.0,0.0,0.0
1,0,0.5873016,0.36507937,0.015873017,0.0,0.0,0.0,0.0,0.015873017,0.015873017,0.0,0.0,0.0
1,0,0.5714286,0.3809524,0.015873017,0.0,0.0,0.0,0.0,0.015873017,0.015873017,0.0,0.0,0.0
1,0,0.5714286,0.3809524,0.015873017,0.0,0.0,0.0,0.0,0.015873017,0.015873017,0.0,0.0,0.0
1,0,0.5714286,0.3809524,0.015873017,0.0,0.0,0.0,0.0,0.015873017,0.015873017,0.0,0.0,0.0
1,0,0.5714286,0.3809524,0.015873017,0.0,0.0,0.0,0.0,0.015873017,0.015873017,0.0,0.0,0.0
1,0,0.5714286,0.3809524,0.031746034,0.0,0.0,0.0,0.0,0.0,0.015873017,0.0,0.0,0.0
1,0,0.5714286,0.3809524,0.031746034,0.0,0.0,0.0,0.0,0.0,0.015873017,0.0,0.0,0.0
1,0,0.5714286,0.3809524,0.031746034,0.0,0.0,0.0,0.0,0.0,0.015873017,0.0,0.0,0.0
1,0,0.5714286,0.3809524,0.031746034,0.0,0.0,0.0,0.0,0.0,0.015873017,0.0,0.0,0.0
1,0,0.5714286,0.3809524,0.031746034,0.0,0.0,0.0,0.0,0.0,0.015873017,0.0,0.0,0.0
1,0,0.5714286,0.3809524,0.031746034,0.0,0.0,0.0,0.0,0.0,0.015873017,0.0,0.0,0.0
1,0,0.5714286,0.3809524,0.031746034,0.0,0.0,0.0,0.0,0.0,0.015873017,0.0,0.0,0.0
1,0,0.5714286,0.3809524,0.031746034,0.0,0.0,0.0,0.0,0.0,0.015873017,0.0,0.0,0.0
1,0,0.5714286,0.3809524,0.031746034,0.0,0.0,0.0,0.0,0.0,0.015873017,0.0,0.0,0.0
1,0,0.5714286,0.3809524,0.031746034,0.0,0.0,0.0,0.0,0.0,0.015873017,0.0,0.0,0.0
1,0,0.5714286,0.3809524,0.031746034,0.0,0.0,0.0,0.0,0.0,0.015873017,0.0,0.0,0.0
1,0,0.5714286,0.3809524,0.031746034,0.0,0.0,0.0,0.0,0.0,0.015873017,0.0,0.0,0.0
1,0,0.5714286,0.3809524,0.031746034,0.0,0.0,0.0,0.0,0.0,0.015873017,0.0,0.0,0.0
1,0,0.5714286,0.3809524,0.031746034,0.0,0.0,0.0,0.0,0.0,0.015873017,0.0,0.0,0.0
1,0,0.5714286,0.3809524,0.031746034,0.0,0.0,0.0,0.0,0.0,0.015873017,0.0,0.0,0.0
1,0,0.5714286,0.3809524,0.031746034,0.0,0.0,0.0,0.0,0.0,0.015873017,0.0,0.0,0.0
1,0,0.5714286,0.3809524,0.031746034,0.0,0.0,0.0,0.0,0.0,0.015873017,0.0,0.0,0.0
1,0,0.5714286,0.3809524,0.031746034,0.0,0.0,0.0,0.0,0.0,0.015873017,0.0,0.0,0.0
1,0,0.5714286,0.3809524,0.031746034,0.0,0.0,0.0,0.0,0.0,0.015873017,0.0,0.0,0.0
1,0,0.5714286,0.3809524,0.031746034,0.0,0.0,0.0,0.0,0.0,0.015873017,0.0,0.0,0.0
1,0,0.5714286,0.3809524,0.031746034,0.0,0.0,0.0,0.0,0.0,0.015873017,0.0,0.0,0.0
1,0,0.5714286,0.3809524,0.031746034,0.0,0.0,0.0,0.0,0.0,0.015873017,0.0,0.0,0.0
1,0,0.5714286,0.3809524,0.031746034,0.0,0.0,0.0,0.0,0.0,0.015873017,0.0,0.0,0.0
1,0,0.5714286,0.3809524,0.031746034,0.0,0.0,0.0,0.0,0.0,0.015873017,0.0,0.0,0.0
1,0,0.53968257,0.41269842,0.031746034,0.0,0.0,0.0,0.0,0.0,0.015873017,0.0,0.0,0.0
1,0,0.53968257,0.41269842,0.031746034,0.0,0.0,0.0,0.0,0.0,0.015873017,0.0,0.0,0.0
1,0,0.53968257,0.41269842,0.031746034,0.0,0.0,0.0,0.0,0.0,0.015873017,0.0,0.0,0.0
1,0,0.53968257,0.41269842,0.031746034,0.0,0.0,0.0,0.0,0.0,0.015873017,0.0,0.0,0.0
1,0,0.53968257,0.41269842,0.031746034,0.0,0.0,0.0,0.0,0.0,0.015873017,0.0,0.0,0.0
1,0,0.53968257,0.41269842,0.031746034,0.0,0.0,0.0,0.0,0.0,0.015873017,0.0,0.0,0.0
1,0,0.5322581,0.41935483,0.032258064,0.0,0.0,0.0,0.0,0.0,0.016129032,0.0,0.0,0.0
1,0,0.5322581,0.41935483,0.032258064,0.0,0.0,0.0,0.0,0.0,0.016129032,0.0,0.0,0.0
1,0,0.5322581,0.41935483,0.032258064,0.0,0.0,0.0,0.0,0.0,0.016129032,0.0,0.0,0.0
1,0,0.5322581,0.41935483,0.032258064,0.0,0.0,0.0,0.0,0.0,0.016129032,0.0,0.0,0.0
1,0,0.5322581,0.41935483,0.032258064,0.0,0.0,0.0,0.0,0.0,0.016129032,0.0,0.0,0.0
1,0,0.5322581,0.41935483,0.032258064,0.0,0.0,0.0,0.0,0.0,0.016129032,0.0,0.0,0.0
1,0,0.5322581,0.41935483,0.032258064,0.0,0.0,0.0,0.0,0.0,0.016129032,0.0,0.0,0.0
1,0,0.5322581,0.41935483,0.032258064,0.0,0.0,0.0,0.0,0.0,0.016129032,0.0,0.0,0.0
1,0,0.5322581,0.41935483,0.032258064,0.0,0.0,0.0,0.0,0.0,0.016129032,0.0,0.0,0.0
1,0,0.5322581,0.41935483,0.032258064,0.0,0.0,0.0,0.0,0.0,0.016129032,0.0,0.0,0.0
1,0,0.5,0.4516129,0.032258064,0.0,0.0,0.0,0.0,0.0,0.016129032,0.0,0.0,0.0
1,0,0.5,0.4516129,0.032258064,0.0,0.0,0.0,0.0,0.0,0.016129032,0.0,0.0,0.0
1,0,0.48387095,0.46774194,0.032258064,0.0,0.0,0.0,0.0,0.0,0.016129032,0.0,0.0,0.0
1,0,0.48387095,0.46774194,0.032258064,0.0,0.0,0.0,0.0,0.0,0.016129032,0.0,0.0,0.0
1,0,0.48387095,0.46774194,0.032258064,0.0,0.0,0.0,0.0,0.0,0.016129032,0.0,0.0,0.0
1,0,0.48387095,0.46774194,0.032258064,0.0,0.0,0.0,0.0,0.0,0.016129032,0.0,0.0,0.0
1,0,0.48387095,0.46774194,0.032258064,0.0,0.0,0.0,0.0,0.0,0.016129032,0.0,0.0,0.0
1,0,0.48387095,0.46774194,0.032258064,0.0,0.0,0.0,0.0,0.0,0.016129032,0.0,0.0,0.0
1,1,0.45901638,0.4918033,0.032786883,0.0,0.0,0.0,0.0,0.0,0.016393442,0.0,0.0,0.0
1,1,0.45901638,0.4918033,0.032786883,0.0,0.0,0.0,0.0,0.0,0.016393442,0.0,0.0,0.0
1,1,0.45901638,0.4918033,0.032786883,0.0,0.0,0.0,0.0,0.0,0.016393442,0.0,0.0,0.0
1,1,0.45901638,0.4918033,0.032786883,0.0,0.0,0.0,0.0,0.0,0.016393442,0.0,0.0,0.0
1,1,0.45901638,0.4918033,0.032786883,0.0,0.0,0.0,0.0,0.0,0.016393442,0.0,0.0,0.0
1,1,0.45901638,0.4918033,0.032786883,0.0,0.0,0.0,0.0,0.0,0.016393442,0.0,0.0,0.0
1,1,0.45901638,0.4918033,0.032786883,0.0,0.0,0.0,0.0,0.0,0.016393442,0.0,0.0,0.0
1,1,0.45901638,0.4918033,0.032786883,0.0,0.0,0.0,0.0,0.0,0.016393442,0.0,0.0,0.0
1,1,0.45901638,0.4918033,0.032786883,0.0,0.0,0.0,0.0,0.0,0.016393442,0.0,0.0,0.0
1,1,0.45901638,0.4918033,0.032786883,0.0,0.0,0.0,0.0,0.0,0.016393442,0.0,0.0,0.0
1,1,0.45901638,0.4918033,0.032786883,0.0,0.0,0.0,0.0,0.0,0.016393442,0.0,0.0,0.0
1,1,0.45901638,0.4918033,0.032786883,0.0,0.0,0.0,0.0,0.0,0.016393442,0.0,0.0,0.0
1,1,0.45901638,0.4918033,0.032786883,0.0,0.0,0.0,0.0,0.0,0.016393442,0.0,0.0,0.0
1,1,0.45901638,0.4918033,0.032786883,0.0,0.0,0.0,0.0,0.0,0.016393442,0.0,0.0,0.0
1,1,0.45901638,0.4918033,0.032786883,0.0,0.0,0.0,0.0,0.0,0.016393442,0.0,0.0,0.0
1,1,0.45901638,0.4918033,0.032786883,0.0,0.0,0.0,0.0,0.0,0.016393442,0.0,0.0,0.0
1,1,0.45901638,0.4918033,0.032786883,0.0,0.0,0.0,0.0,0.0,0.016393442,0.0,0.0,0.0
1,1,0.45901638,0.4918033,0.032786883,0.0,0.0,0.0,0.0,0.0,0.016393442,0.0,0.0,0.0
1,1,0.45901638,0.4918033,0.032786883,0.0,0.0,0.0,0.0,0.0,0.016393442,0.0,0.0,0.0
1,1,0.45901638,0.4918033,0.032786883,0.0,0.0,0.0,0.0,0.0,0.016393442,0.0,0.0,0.0
1,1,0.45901638,0.4918033,0.032786883,0.0,0.0,0.0,0.0,0.0,0.016393442,0.0,0.0,0.0
1,1,0.45901638,0.4918033,0.032786883,0.0,0.0,0.0,0.0,0.0,0.016393442,0.0,0.0,0.0
1,1,0.45901638,0.4918033,0.032786883,0.0,0.0,0.0,0.0,0.0,0.016393442,0.0,0.0,0.0
1,1,0.45901638,0.4918033,0.032786883,0.0,0.0,0.0,0.0,0.0,0.016393442,0.0,0.0,0.0
1,1,0.41666666,0.55,0.033333335,0.0,0.0,0.0,0.0,0.0,0.0,0.0,0.0,0.0
1,1,0.41666666,0.55,0.033333335,0.0,0.0,0.0,0.0,0.0,0.0,0.0,0.0,0.0
1,1,0.41666666,0.55,0.033333335,0.0,0.0,0.0,0.0,0.0,0.0,0.0,0.0,0.0
1,1,0.41666666,0.55,0.033333335,0.0,0.0,0.0,0.0,0.0,0.0,0.0,0.0,0.0
1,1,0.41666666,0.55,0.033333335,0.0,0.0,0.0,0.0,0.0,0.0,0.0,0.0,0.0
1,1,0.41666666,0.55,0.033333335,0.0,0.0,0.0,0.0,0.0,0.0,0.0,0.0,0.0
1,1,0.41666666,0.55,0.033333335,0.0,0.0,0.0,0.0,0.0,0.0,0.0,0.0,0.0
1,1,0.41666666,0.55,0.033333335,0.0,0.0,0.0,0.0,0.0,0.0,0.0,0.0,0.0
1,1,0.41666666,0.55,0.033333335,0.0,0.0,0.0,0.0,0.0,0.0,0.0,0.0,0.0
1,1,0.41666666,0.55,0.033333335,0.0,0.0,0.0,0.0,0.0,0.0,0.0,0.0,0.0
1,1,0.41666666,0.55,0.033333335,0.0,0.0,0.0,0.0,0.0,0.0,0.0,0.0,0.0
1,1,0.41666666,0.55,0.033333335,0.0,0.0,0.0,0.0,0.0,0.0,0.0,0.0,0.0
1,1,0.41666666,0.55,0.033333335,0.0,0.0,0.0,0.0,0.0,0.0,0.0,0.0,0.0
1,1,0.41666666,0.55,0.033333335,0.0,0.0,0.0,0.0,0.0,0.0,0.0,0.0,0.0
1,1,0.41666666,0.55,0.033333335,0.0,0.0,0.0,0.0,0.0,0.0,0.0,0.0,0.0
1,1,0.40983605,0.55737704,0.032786883,0.0,0.0,0.0,0.0,0.0,0.0,0.0,0.0,0.0
1,1,0.4032258,0.5645161,0.032258064,0.0,0.0,0.0,0.0,0.0,0.0,0.0,0.0,0.0
1,1,0.4032258,0.5645161,0.032258064,0.0,0.0,0.0,0.0,0.0,0.0,0.0,0.0,0.0
1,1,0.4032258,0.5645161,0.032258064,0.0,0.0,0.0,0.0,0.0,0.0,0.0,0.0,0.0
1,1,0.4032258,0.5645161,0.032258064,0.0,0.0,0.0,0.0,0.0,0.0,0.0,0.0,0.0
1,1,0.4032258,0.5645161,0.032258064,0.0,0.0,0.0,0.0,0.0,0.0,0.0,0.0,0.0
1,1,0.4032258,0.5645161,0.032258064,0.0,0.0,0.0,0.0,0.0,0.0,0.0,0.0,0.0
1,1,0.4032258,0.5645161,0.032258064,0.0,0.0,0.0,0.0,0.0,0.0,0.0,0.0,0.0
1,1,0.4032258,0.5645161,0.032258064,0.0,0.0,0.0,0.0,0.0,0.0,0.0,0.0,0.0
1,1,0.4032258,0.5645161,0.032258064,0.0,0.0,0.0,0.0,0.0,0.0,0.0,0.0,0.0
1,1,0.4032258,0.5645161,0.032258064,0.0,0.0,0.0,0.0,0.0,0.0,0.0,0.0,0.0
1,1,0.4032258,0.5645161,0.032258064,0.0,0.0,0.0,0.0,0.0,0.0,0.0,0.0,0.0
1,1,0.4032258,0.5645161,0.032258064,0.0,0.0,0.0,0.0,0.0,0.0,0.0,0.0,0.0
1,1,0.4032258,0.5645161,0.032258064,0.0,0.0,0.0,0.0,0.0,0.0,0.0,0.0,0.0
1,1,0.4032258,0.5645161,0.032258064,0.0,0.0,0.0,0.0,0.0,0.0,0.0,0.0,0.0
1,1,0.4032258,0.5645161,0.032258064,0.0,0.0,0.0,0.0,0.0,0.0,0.0,0.0,0.0
1,1,0.4032258,0.5645161,0.032258064,0.0,0.0,0.0,0.0,0.0,0.0,0.0,0.0,0.0
1,1,0.41269842,0.5714286,0.015873017,0.0,0.0,0.0,0.0,0.0,0.0,0.0,0.0,0.0
1,1,0.41269842,0.5714286,0.015873017,0.0,0.0,0.0,0.0,0.0,0.0,0.0,0.0,0.0
1,1,0.41269842,0.5714286,0.015873017,0.0,0.0,0.0,0.0,0.0,0.0,0.0,0.0,0.0
1,1,0.41269842,0.5714286,0.015873017,0.0,0.0,0.0,0.0,0.0,0.0,0.0,0.0,0.0
1,1,0.3968254,0.5873016,0.015873017,0.0,0.0,0.0,0.0,0.0,0.0,0.0,0.0,0.0
1,1,0.3968254,0.5873016,0.015873017,0.0,0.0,0.0,0.0,0.0,0.0,0.0,0.0,0.0
1,1,0.3968254,0.5873016,0.015873017,0.0,0.0,0.0,0.0,0.0,0.0,0.0,0.0,0.0
1,1,0.3809524,0.6031746,0.015873017,0.0,0.0,0.0,0.0,0.0,0.0,0.0,0.0,0.0
1,1,0.3809524,0.6031746,0.015873017,0.0,0.0,0.0,0.0,0.0,0.0,0.0,0.0,0.0
1,1,0.3809524,0.6031746,0.015873017,0.0,0.0,0.0,0.0,0.0,0.0,0.0,0.0,0.0
1,1,0.36507937,0.61904764,0.015873017,0.0,0.0,0.0,0.0,0.0,0.0,0.0,0.0,0.0
1,1,0.36507937,0.61904764,0.015873017,0.0,0.0,0.0,0.0,0.0,0.0,0.0,0.0,0.0
1,1,0.36507937,0.61904764,0.015873017,0.0,0.0,0.0,0.0,0.0,0.0,0.0,0.0,0.0
1,1,0.36507937,0.61904764,0.015873017,0.0,0.0,0.0,0.0,0.0,0.0,0.0,0.0,0.0
1,1,0.36507937,0.61904764,0.015873017,0.0,0.0,0.0,0.0,0.0,0.0,0.0,0.0,0.0
1,1,0.36507937,0.61904764,0.015873017,0.0,0.0,0.0,0.0,0.0,0.0,0.0,0.0,0.0
1,1,0.34920636,0.61904764,0.015873017,0.0,0.0,0.0,0.0,0.0,0.0,0.0,0.015873017,0.0
1,1,0.34920636,0.61904764,0.015873017,0.0,0.0,0.0,0.0,0.0,0.0,0.0,0.015873017,0.0
1,1,0.34920636,0.61904764,0.015873017,0.0,0.0,0.0,0.0,0.0,0.0,0.0,0.015873017,0.0
1,1,0.34920636,0.61904764,0.015873017,0.0,0.0,0.0,0.0,0.0,0.0,0.0,0.015873017,0.0
1,1,0.34920636,0.61904764,0.015873017,0.0,0.0,0.0,0.0,0.0,0.0,0.0,0.015873017,0.0
1,1,0.34920636,0.61904764,0.015873017,0.0,0.0,0.0,0.0,0.0,0.0,0.0,0.015873017,0.0
1,1,0.34920636,0.61904764,0.015873017,0.0,0.0,0.0,0.0,0.0,0.0,0.0,0.015873017,0.0
1,1,0.34920636,0.61904764,0.015873017,0.0,0.0,0.0,0.0,0.0,0.0,0.0,0.015873017,0.0
1,1,0.34920636,0.61904764,0.015873017,0.0,0.0,0.0,0.0,0.0,0.0,0.0,0.015873017,0.0
1,1,0.34920636,0.61904764,0.015873017,0.0,0.0,0.0,0.0,0.0,0.0,0.0,0.015873017,0.0
1,1,0.34920636,0.61904764,0.015873017,0.0,0.0,0.0,0.0,0.0,0.0,0.0,0.015873017,0.0
1,1,0.34920636,0.61904764,0.015873017,0.0,0.0,0.0,0.0,0.0,0.0,0.0,0.015873017,0.0
1,1,0.31746033,0.6507937,0.015873017,0.0,0.0,0.0,0.0,0.0,0.0,0.0,0.015873017,0.0
1,1,0.31746033,0.6507937,0.015873017,0.0,0.0,0.0,0.0,0.0,0.0,0.0,0.015873017,0.0
1,1,0.31746033,0.6507937,0.015873017,0.0,0.0,0.0,0.0,0.0,0.0,0.0,0.015873017,0.0
1,1,0.31746033,0.6507937,0.015873017,0.0,0.0,0.0,0.0,0.0,0.0,0.0,0.015873017,0.0
1,1,0.31746033,0.6507937,0.015873017,0.0,0.0,0.0,0.0,0.0,0.0,0.0,0.015873017,0.0
1,1,0.31746033,0.6507937,0.015873017,0.0,0.0,0.0,0.0,0.0,0.0,0.0,0.015873017,0.0
1,1,0.31746033,0.6507937,0.015873017,0.0,0.0,0.0,0.0,0.0,0.0,0.0,0.015873017,0.0
1,1,0.31746033,0.6507937,0.015873017,0.0,0.0,0.0,0.0,0.0,0.0,0.0,0.015873017,0.0
1,1,0.31746033,0.6507937,0.015873017,0.0,0.0,0.0,0.0,0.0,0.0,0.0,0.015873017,0.0
1,1,0.31746033,0.6507937,0.015873017,0.0,0.0,0.0,0.0,0.0,0.0,0.0,0.015873017,0.0
1,1,0.31746033,0.6507937,0.015873017,0.0,0.0,0.0,0.0,0.0,0.0,0.0,0.015873017,0.0
1,1,0.31746033,0.6507937,0.015873017,0.0,0.0,0.0,0.0,0.0,0.0,0.0,0.015873017,0.0
1,1,0.31746033,0.6507937,0.015873017,0.0,0.0,0.0,0.0,0.0,0.0,0.0,0.015873017,0.0
1,1,0.31746033,0.6507937,0.015873017,0.0,0.0,0.0,0.0,0.0,0.0,0.0,0.015873017,0.0
1,1,0.31746033,0.6507937,0.015873017,0.0,0.0,0.0,0.0,0.0,0.0,0.0,0.015873017,0.0
1,1,0.31746033,0.6507937,0.015873017,0.0,0.0,0.0,0.0,0.0,0.0,0.0,0.015873017,0.0
1,1,0.31746033,0.6507937,0.015873017,0.0,0.0,0.0,0.0,0.0,0.0,0.0,0.015873017,0.0
1,1,0.31746033,0.6507937,0.015873017,0.0,0.0,0.0,0.0,0.0,0.0,0.0,0.015873017,0.0
1,1,0.31746033,0.6507937,0.015873017,0.0,0.0,0.0,0.0,0.0,0.0,0.0,0.015873017,0.0
1,1,0.31746033,0.6507937,0.015873017,0.0,0.0,0.0,0.0,0.0,0.0,0.0,0.015873017,0.0
1,1,0.33333334,0.63492066,0.015873017,0.0,0.0,0.0,0.0,0.0,0.0,0.0,0.015873017,0.0
1,1,0.33333334,0.63492066,0.015873017,0.0,0.0,0.0,0.0,0.0,0.0,0.0,0.015873017,0.0
1,1,0.33333334,0.63492066,0.015873017,0.0,0.0,0.0,0.0,0.0,0.0,0.0,0.015873017,0.0
1,1,0.33333334,0.63492066,0.015873017,0.0,0.0,0.0,0.0,0.0,0.0,0.0,0.015873017,0.0
1,1,0.33333334,0.6507937,0.015873017,0.0,0.0,0.0,0.0,0.0,0.0,0.0,0.0,0.0
1,1,0.33333334,0.6507937,0.015873017,0.0,0.0,0.0,0.0,0.0,0.0,0.0,0.0,0.0
1,1,0.31746033,0.6666667,0.015873017,0.0,0.0,0.0,0.0,0.0,0.0,0.0,0.0,0.0
1,1,0.31746033,0.6666667,0.015873017,0.0,0.0,0.0,0.0,0.0,0.0,0.0,0.0,0.0
1,1,0.33333334,0.6507937,0.015873017,0.0,0.0,0.0,0.0,0.0,0.0,0.0,0.0,0.0
1,1,0.33333334,0.6507937,0.015873017,0.0,0.0,0.0,0.0,0.0,0.0,0.0,0.0,0.0
1,1,0.33333334,0.6507937,0.015873017,0.0,0.0,0.0,0.0,0.0,0.0,0.0,0.0,0.0
1,1,0.33333334,0.6507937,0.015873017,0.0,0.0,0.0,0.0,0.0,0.0,0.0,0.0,0.0
1,1,0.33333334,0.6507937,0.015873017,0.0,0.0,0.0,0.0,0.0,0.0,0.0,0.0,0.0
1,1,0.33333334,0.6507937,0.015873017,0.0,0.0,0.0,0.0,0.0,0.0,0.0,0.0,0.0
1,1,0.33333334,0.6507937,0.015873017,0.0,0.0,0.0,0.0,0.0,0.0,0.0,0.0,0.0
1,1,0.33333334,0.6507937,0.015873017,0.0,0.0,0.0,0.0,0.0,0.0,0.0,0.0,0.0
1,1,0.34920636,0.61904764,0.015873017,0.0,0.0,0.0,0.015873017,0.0,0.0,0.0,0.0,0.0
1,1,0.34920636,0.61904764,0.015873017,0.0,0.0,0.0,0.015873017,0.0,0.0,0.0,0.0,0.0
1,1,0.34920636,0.61904764,0.015873017,0.0,0.0,0.0,0.015873017,0.0,0.0,0.0,0.0,0.0
1,1,0.34920636,0.61904764,0.015873017,0.0,0.0,0.0,0.015873017,0.0,0.0,0.0,0.0,0.0
1,1,0.34920636,0.61904764,0.015873017,0.0,0.0,0.0,0.015873017,0.0,0.0,0.0,0.0,0.0
1,1,0.34920636,0.61904764,0.015873017,0.0,0.0,0.0,0.015873017,0.0,0.0,0.0,0.0,0.0
1,1,0.33333334,0.63492066,0.015873017,0.0,0.0,0.0,0.015873017,0.0,0.0,0.0,0.0,0.0
1,1,0.33333334,0.63492066,0.015873017,0.0,0.0,0.0,0.015873017,0.0,0.0,0.0,0.0,0.0
1,1,0.33333334,0.63492066,0.015873017,0.0,0.0,0.0,0.015873017,0.0,0.0,0.0,0.0,0.0
1,1,0.33333334,0.63492066,0.015873017,0.0,0.0,0.0,0.015873017,0.0,0.0,0.0,0.0,0.0
1,1,0.33333334,0.63492066,0.015873017,0.0,0.0,0.0,0.015873017,0.0,0.0,0.0,0.0,0.0
1,1,0.33333334,0.63492066,0.015873017,0.0,0.0,0.0,0.015873017,0.0,0.0,0.0,0.0,0.0
1,1,0.31746033,0.6507937,0.015873017,0.0,0.0,0.0,0.015873017,0.0,0.0,0.0,0.0,0.0
1,1,0.31746033,0.6507937,0.015873017,0.0,0.0,0.0,0.015873017,0.0,0.0,0.0,0.0,0.0
1,1,0.31746033,0.6507937,0.015873017,0.0,0.0,0.0,0.015873017,0.0,0.0,0.0,0.0,0.0
1,1,0.31746033,0.6507937,0.015873017,0.0,0.0,0.0,0.015873017,0.0,0.0,0.0,0.0,0.0
1,1,0.3015873,0.6507937,0.031746034,0.0,0.0,0.0,0.015873017,0.0,0.0,0.0,0.0,0.0
1,1,0.3015873,0.6507937,0.031746034,0.0,0.0,0.0,0.015873017,0.0,0.0,0.0,0.0,0.0
1,1,0.2857143,0.6666667,0.031746034,0.0,0.0,0.0,0.015873017,0.0,0.0,0.0,0.0,0.0
1,1,0.2857143,0.6666667,0.031746034,0.0,0.0,0.0,0.015873017,0.0,0.0,0.0,0.0,0.0
1,1,0.2857143,0.6666667,0.031746034,0.0,0.0,0.0,0.015873017,0.0,0.0,0.0,0.0,0.0
1,1,0.2857143,0.6666667,0.031746034,0.0,0.0,0.0,0.015873017,0.0,0.0,0.0,0.0,0.0
1,1,0.2857143,0.6666667,0.031746034,0.0,0.0,0.0,0.015873017,0.0,0.0,0.0,0.0,0.0
1,1,0.2857143,0.6666667,0.031746034,0.0,0.0,0.0,0.015873017,0.0,0.0,0.0,0.0,0.0
1,1,0.2857143,0.6666667,0.031746034,0.0,0.0,0.0,0.015873017,0.0,0.0,0.0,0.0,0.0
1,1,0.2857143,0.6666667,0.031746034,0.0,0.0,0.0,0.015873017,0.0,0.0,0.0,0.0,0.0
1,1,0.2857143,0.6666667,0.031746034,0.0,0.0,0.0,0.015873017,0.0,0.0,0.0,0.0,0.0
1,1,0.2857143,0.6666667,0.031746034,0.0,0.0,0.0,0.015873017,0.0,0.0,0.0,0.0,0.0
1,1,0.2857143,0.6666667,0.031746034,0.0,0.0,0.0,0.015873017,0.0,0.0,0.0,0.0,0.0
1,1,0.2857143,0.6666667,0.031746034,0.0,0.0,0.0,0.015873017,0.0,0.0,0.0,0.0,0.0
1,1,0.2857143,0.6666667,0.031746034,0.0,0.0,0.0,0.015873017,0.0,0.0,0.0,0.0,0.0
1,1,0.2857143,0.6666667,0.031746034,0.0,0.0,0.0,0.015873017,0.0,0.0,0.0,0.0,0.0
1,1,0.2857143,0.6666667,0.031746034,0.0,0.0,0.0,0.015873017,0.0,0.0,0.0,0.0,0.0
1,1,0.2857143,0.6666667,0.031746034,0.0,0.0,0.0,0.015873017,0.0,0.0,0.0,0.0,0.0
1,1,0.2857143,0.6666667,0.031746034,0.0,0.0,0.0,0.015873017,0.0,0.0,0.0,0.0,0.0
1,1,0.2857143,0.6666667,0.031746034,0.0,0.0,0.0,0.015873017,0.0,0.0,0.0,0.0,0.0
1,1,0.2857143,0.6666667,0.031746034,0.0,0.0,0.0,0.015873017,0.0,0.0,0.0,0.0,0.0
1,1,0.2857143,0.6666667,0.031746034,0.0,0.0,0.0,0.015873017,0.0,0.0,0.0,0.0,0.0
1,1,0.2857143,0.6666667,0.031746034,0.0,0.0,0.0,0.015873017,0.0,0.0,0.0,0.0,0.0
1,1,0.2857143,0.6666667,0.031746034,0.0,0.0,0.0,0.015873017,0.0,0.0,0.0,0.0,0.0
1,1,0.2857143,0.6666667,0.031746034,0.0,0.0,0.0,0.015873017,0.0,0.0,0.0,0.0,0.0
1,1,0.2857143,0.6666667,0.031746034,0.0,0.0,0.0,0.015873017,0.0,0.0,0.0,0.0,0.0
1,1,0.2857143,0.6666667,0.031746034,0.0,0.0,0.0,0.015873017,0.0,0.0,0.0,0.0,0.0
1,1,0.2857143,0.6666667,0.031746034,0.0,0.0,0.0,0.015873017,0.0,0.0,0.0,0.0,0.0
1,1,0.2857143,0.6666667,0.031746034,0.0,0.0,0.0,0.015873017,0.0,0.0,0.0,0.0,0.0
1,1,0.2857143,0.6666667,0.031746034,0.0,0.0,0.0,0.015873017,0.0,0.0,0.0,0.0,0.0
1,1,0.2857143,0.6666667,0.031746034,0.0,0.0,0.0,0.015873017,0.0,0.0,0.0,0.0,0.0
1,1,0.2857143,0.6666667,0.031746034,0.0,0.0,0.0,0.015873017,0.0,0.0,0.0,0.0,0.0
1,1,0.26984128,0.6825397,0.031746034,0.0,0.0,0.0,0.015873017,0.0,0.0,0.0,0.0,0.0
1,1,0.26984128,0.6825397,0.031746034,0.0,0.0,0.0,0.015873017,0.0,0.0,0.0,0.0,0.0
1,1,0.26984128,0.6825397,0.031746034,0.0,0.0,0.0,0.015873017,0.0,0.0,0.0,0.0,0.0
1,1,0.26984128,0.6825397,0.031746034,0.0,0.0,0.0,0.015873017,0.0,0.0,0.0,0.0,0.0
1,1,0.26984128,0.6825397,0.031746034,0.0,0.0,0.0,0.015873017,0.0,0.0,0.0,0.0,0.0
1,1,0.26984128,0.6825397,0.031746034,0.0,0.0,0.0,0.015873017,0.0,0.0,0.0,0.0,0.0
1,1,0.26984128,0.6825397,0.031746034,0.0,0.0,0.0,0.015873017,0.0,0.0,0.0,0.0,0.0
1,1,0.26984128,0.6825397,0.031746034,0.0,0.0,0.0,0.015873017,0.0,0.0,0.0,0.0,0.0
1,1,0.26984128,0.6825397,0.031746034,0.0,0.0,0.0,0.015873017,0.0,0.0,0.0,0.0,0.0
1,1,0.26984128,0.6825397,0.031746034,0.0,0.0,0.0,0.015873017,0.0,0.0,0.0,0.0,0.0
1,1,0.26984128,0.6825397,0.031746034,0.0,0.0,0.0,0.015873017,0.0,0.0,0.0,0.0,0.0
1,1,0.26984128,0.6825397,0.031746034,0.0,0.0,0.0,0.015873017,0.0,0.0,0.0,0.0,0.0
1,1,0.3015873,0.6507937,0.031746034,0.0,0.0,0.0,0.015873017,0.0,0.0,0.0,0.0,0.0
1,1,0.3015873,0.6507937,0.031746034,0.0,0.0,0.0,0.015873017,0.0,0.0,0.0,0.0,0.0
1,1,0.3015873,0.6507937,0.031746034,0.0,0.0,0.0,0.015873017,0.0,0.0,0.0,0.0,0.0
1,1,0.3015873,0.6507937,0.031746034,0.0,0.0,0.0,0.015873017,0.0,0.0,0.0,0.0,0.0
1,1,0.2857143,0.6666667,0.031746034,0.0,0.0,0.0,0.015873017,0.0,0.0,0.0,0.0,0.0
1,1,0.2857143,0.6666667,0.031746034,0.0,0.0,0.0,0.015873017,0.0,0.0,0.0,0.0,0.0
1,1,0.2857143,0.6666667,0.031746034,0.0,0.0,0.0,0.015873017,0.0,0.0,0.0,0.0,0.0
1,1,0.2857143,0.6666667,0.031746034,0.0,0.0,0.0,0.015873017,0.0,0.0,0.0,0.0,0.0
1,1,0.2857143,0.6666667,0.031746034,0.0,0.0,0.0,0.015873017,0.0,0.0,0.0,0.0,0.0
1,1,0.2857143,0.6666667,0.031746034,0.0,0.0,0.0,0.015873017,0.0,0.0,0.0,0.0,0.0
1,1,0.2857143,0.6666667,0.031746034,0.0,0.0,0.0,0.015873017,0.0,0.0,0.0,0.0,0.0
1,1,0.2857143,0.6666667,0.031746034,0.0,0.0,0.0,0.015873017,0.0,0.0,0.0,0.0,0.0
1,1,0.2857143,0.6825397,0.015873017,0.0,0.0,0.0,0.015873017,0.0,0.0,0.0,0.0,0.0
1,1,0.2857143,0.6825397,0.015873017,0.0,0.0,0.0,0.015873017,0.0,0.0,0.0,0.0,0.0
1,1,0.2857143,0.6825397,0.015873017,0.0,0.0,0.0,0.015873017,0.0,0.0,0.0,0.0,0.0
1,1,0.2857143,0.6825397,0.015873017,0.0,0.0,0.0,0.015873017,0.0,0.0,0.0,0.0,0.0
1,1,0.3015873,0.6666667,0.015873017,0.0,0.0,0.0,0.015873017,0.0,0.0,0.0,0.0,0.0
1,1,0.3015873,0.6666667,0.015873017,0.0,0.0,0.0,0.015873017,0.0,0.0,0.0,0.0,0.0
1,1,0.3015873,0.6666667,0.015873017,0.0,0.0,0.0,0.015873017,0.0,0.0,0.0,0.0,0.0
1,1,0.3015873,0.6666667,0.015873017,0.0,0.0,0.0,0.015873017,0.0,0.0,0.0,0.0,0.0
1,1,0.3015873,0.6666667,0.015873017,0.0,0.0,0.0,0.015873017,0.0,0.0,0.0,0.0,0.0
1,1,0.3015873,0.6666667,0.015873017,0.0,0.0,0.0,0.015873017,0.0,0.0,0.0,0.0,0.0
1,1,0.3015873,0.6666667,0.015873017,0.0,0.0,0.0,0.015873017,0.0,0.0,0.0,0.0,0.0
1,1,0.3015873,0.6666667,0.015873017,0.0,0.0,0.0,0.015873017,0.0,0.0,0.0,0.0,0.0
1,1,0.3015873,0.6666667,0.015873017,0.0,0.0,0.0,0.015873017,0.0,0.0,0.0,0.0,0.0
1,1,0.3015873,0.6666667,0.015873017,0.0,0.0,0.0,0.015873017,0.0,0.0,0.0,0.0,0.0
1,1,0.3015873,0.6666667,0.015873017,0.0,0.0,0.0,0.015873017,0.0,0.0,0.0,0.0,0.0
1,1,0.3015873,0.6666667,0.015873017,0.0,0.0,0.0,0.015873017,0.0,0.0,0.0,0.0,0.0
1,1,0.3015873,0.6666667,0.015873017,0.0,0.0,0.0,0.015873017,0.0,0.0,0.0,0.0,0.0
1,1,0.3015873,0.6666667,0.015873017,0.0,0.0,0.0,0.015873017,0.0,0.0,0.0,0.0,0.0
1,1,0.3015873,0.6666667,0.015873017,0.0,0.0,0.0,0.015873017,0.0,0.0,0.0,0.0,0.0
1,1,0.3015873,0.6666667,0.015873017,0.0,0.0,0.0,0.015873017,0.0,0.0,0.0,0.0,0.0
1,1,0.3015873,0.6666667,0.015873017,0.0,0.0,0.0,0.015873017,0.0,0.0,0.0,0.0,0.0
1,1,0.3015873,0.6666667,0.015873017,0.0,0.0,0.0,0.015873017,0.0,0.0,0.0,0.0,0.0
1,1,0.3015873,0.6666667,0.015873017,0.0,0.0,0.0,0.015873017,0.0,0.0,0.0,0.0,0.0
1,1,0.3015873,0.6666667,0.015873017,0.0,0.0,0.0,0.015873017,0.0,0.0,0.0,0.0,0.0
1,1,0.26984128,0.6984127,0.015873017,0.0,0.0,0.0,0.015873017,0.0,0.0,0.0,0.0,0.0
1,1,0.26984128,0.6984127,0.015873017,0.0,0.0,0.0,0.015873017,0.0,0.0,0.0,0.0,0.0
1,1,0.26984128,0.6984127,0.015873017,0.0,0.0,0.0,0.015873017,0.0,0.0,0.0,0.0,0.0
1,1,0.26984128,0.6984127,0.015873017,0.0,0.0,0.0,0.015873017,0.0,0.0,0.0,0.0,0.0
1,1,0.26984128,0.6984127,0.015873017,0.0,0.0,0.0,0.015873017,0.0,0.0,0.0,0.0,0.0
1,1,0.26984128,0.6984127,0.015873017,0.0,0.0,0.0,0.015873017,0.0,0.0,0.0,0.0,0.0
1,1,0.26984128,0.6984127,0.015873017,0.0,0.0,0.0,0.015873017,0.0,0.0,0.0,0.0,0.0
1,1,0.26984128,0.6984127,0.015873017,0.0,0.0,0.0,0.015873017,0.0,0.0,0.0,0.0,0.0
1,1,0.26984128,0.6984127,0.015873017,0.0,0.0,0.0,0.015873017,0.0,0.0,0.0,0.0,0.0
1,1,0.26984128,0.6984127,0.015873017,0.0,0.0,0.0,0.015873017,0.0,0.0,0.0,0.0,0.0
1,1,0.26984128,0.6984127,0.015873017,0.0,0.0,0.0,0.015873017,0.0,0.0,0.0,0.0,0.0
1,1,0.26984128,0.6984127,0.015873017,0.0,0.0,0.0,0.015873017,0.0,0.0,0.0,0.0,0.0
1,1,0.23809524,0.71428573,0.031746034,0.0,0.0,0.0,0.015873017,0.0,0.0,0.0,0.0,0.0
1,1,0.23809524,0.71428573,0.031746034,0.0,0.0,0.0,0.015873017,0.0,0.0,0.0,0.0,0.0
1,1,0.23809524,0.71428573,0.031746034,0.0,0.0,0.0,0.015873017,0.0,0.0,0.0,0.0,0.0
1,1,0.23809524,0.71428573,0.031746034,0.0,0.0,0.0,0.015873017,0.0,0.0,0.0,0.0,0.0
1,1,0.22222222,0.73015875,0.031746034,0.0,0.0,0.0,0.015873017,0.0,0.0,0.0,0.0,0.0
1,1,0.22222222,0.73015875,0.031746034,0.0,0.0,0.0,0.015873017,0.0,0.0,0.0,0.0,0.0
1,1,0.22222222,0.73015875,0.031746034,0.0,0.0,0.0,0.015873017,0.0,0.0,0.0,0.0,0.0
1,1,0.22222222,0.73015875,0.031746034,0.0,0.0,0.0,0.015873017,0.0,0.0,0.0,0.0,0.0
1,1,0.22222222,0.73015875,0.031746034,0.0,0.0,0.0,0.015873017,0.0,0.0,0.0,0.0,0.0
1,1,0.22222222,0.73015875,0.031746034,0.0,0.0,0.0,0.015873017,0.0,0.0,0.0,0.0,0.0
1,1,0.22222222,0.73015875,0.031746034,0.0,0.0,0.0,0.015873017,0.0,0.0,0.0,0.0,0.0
1,1,0.22222222,0.73015875,0.031746034,0.0,0.0,0.0,0.015873017,0.0,0.0,0.0,0.0,0.0
1,1,0.22222222,0.73015875,0.031746034,0.0,0.0,0.0,0.015873017,0.0,0.0,0.0,0.0,0.0
1,1,0.22222222,0.73015875,0.031746034,0.0,0.0,0.0,0.015873017,0.0,0.0,0.0,0.0,0.0
1,1,0.22222222,0.73015875,0.031746034,0.0,0.0,0.0,0.015873017,0.0,0.0,0.0,0.0,0.0
1,1,0.22222222,0.73015875,0.031746034,0.0,0.0,0.0,0.015873017,0.0,0.0,0.0,0.0,0.0
1,1,0.22222222,0.73015875,0.031746034,0.0,0.0,0.0,0.015873017,0.0,0.0,0.0,0.0,0.0
1,1,0.22222222,0.73015875,0.031746034,0.0,0.0,0.0,0.015873017,0.0,0.0,0.0,0.0,0.0
1,1,0.22222222,0.73015875,0.031746034,0.0,0.0,0.0,0.015873017,0.0,0.0,0.0,0.0,0.0
1,1,0.22222222,0.73015875,0.031746034,0.0,0.0,0.0,0.015873017,0.0,0.0,0.0,0.0,0.0
1,1,0.22222222,0.73015875,0.031746034,0.0,0.0,0.0,0.015873017,0.0,0.0,0.0,0.0,0.0
1,1,0.22222222,0.73015875,0.031746034,0.0,0.0,0.0,0.015873017,0.0,0.0,0.0,0.0,0.0
1,1,0.22222222,0.73015875,0.031746034,0.0,0.0,0.0,0.015873017,0.0,0.0,0.0,0.0,0.0
1,1,0.22222222,0.73015875,0.031746034,0.0,0.0,0.0,0.015873017,0.0,0.0,0.0,0.0,0.0
1,1,0.22222222,0.73015875,0.031746034,0.0,0.0,0.0,0.015873017,0.0,0.0,0.0,0.0,0.0
1,1,0.22222222,0.73015875,0.031746034,0.0,0.0,0.0,0.015873017,0.0,0.0,0.0,0.0,0.0
1,1,0.22222222,0.73015875,0.031746034,0.0,0.0,0.0,0.015873017,0.0,0.0,0.0,0.0,0.0
1,1,0.22222222,0.73015875,0.031746034,0.0,0.0,0.0,0.015873017,0.0,0.0,0.0,0.0,0.0
1,1,0.22222222,0.73015875,0.031746034,0.0,0.0,0.0,0.015873017,0.0,0.0,0.0,0.0,0.0
1,1,0.22222222,0.73015875,0.031746034,0.0,0.0,0.0,0.015873017,0.0,0.0,0.0,0.0,0.0
1,1,0.22222222,0.73015875,0.031746034,0.0,0.0,0.0,0.015873017,0.0,0.0,0.0,0.0,0.0
1,1,0.22222222,0.73015875,0.031746034,0.0,0.0,0.0,0.015873017,0.0,0.0,0.0,0.0,0.0
1,1,0.22222222,0.73015875,0.031746034,0.0,0.0,0.0,0.015873017,0.0,0.0,0.0,0.0,0.0
1,1,0.22222222,0.73015875,0.031746034,0.0,0.0,0.0,0.015873017,0.0,0.0,0.0,0.0,0.0
1,1,0.22222222,0.73015875,0.031746034,0.0,0.0,0.0,0.015873017,0.0,0.0,0.0,0.0,0.0
1,1,0.22222222,0.73015875,0.031746034,0.0,0.0,0.0,0.015873017,0.0,0.0,0.0,0.0,0.0
1,1,0.22222222,0.74603176,0.031746034,0.0,0.0,0.0,0.0,0.0,0.0,0.0,0.0,0.0
1,1,0.22222222,0.74603176,0.031746034,0.0,0.0,0.0,0.0,0.0,0.0,0.0,0.0,0.0
1,1,0.22222222,0.74603176,0.031746034,0.0,0.0,0.0,0.0,0.0,0.0,0.0,0.0,0.0
1,1,0.22222222,0.74603176,0.031746034,0.0,0.0,0.0,0.0,0.0,0.0,0.0,0.0,0.0
1,1,0.22222222,0.74603176,0.031746034,0.0,0.0,0.0,0.0,0.0,0.0,0.0,0.0,0.0
1,1,0.22222222,0.74603176,0.031746034,0.0,0.0,0.0,0.0,0.0,0.0,0.0,0.0,0.0
1,1,0.22222222,0.74603176,0.031746034,0.0,0.0,0.0,0.0,0.0,0.0,0.0,0.0,0.0
1,1,0.22222222,0.74603176,0.031746034,0.0,0.0,0.0,0.0,0.0,0.0,0.0,0.0,0.0
1,1,0.22222222,0.74603176,0.031746034,0.0,0.0,0.0,0.0,0.0,0.0,0.0,0.0,0.0
1,1,0.22222222,0.74603176,0.031746034,0.0,0.0,0.0,0.0,0.0,0.0,0.0,0.0,0.0
1,1,0.22222222,0.74603176,0.031746034,0.0,0.0,0.0,0.0,0.0,0.0,0.0,0.0,0.0
1,1,0.22222222,0.74603176,0.031746034,0.0,0.0,0.0,0.0,0.0,0.0,0.0,0.0,0.0
1,1,0.22222222,0.74603176,0.031746034,0.0,0.0,0.0,0.0,0.0,0.0,0.0,0.0,0.0
1,1,0.22222222,0.74603176,0.031746034,0.0,0.0,0.0,0.0,0.0,0.0,0.0,0.0,0.0
1,1,0.23809524,0.73015875,0.031746034,0.0,0.0,0.0,0.0,0.0,0.0,0.0,0.0,0.0
1,1,0.23809524,0.73015875,0.031746034,0.0,0.0,0.0,0.0,0.0,0.0,0.0,0.0,0.0
1,1,0.23809524,0.74603176,0.015873017,0.0,0.0,0.0,0.0,0.0,0.0,0.0,0.0,0.0
1,1,0.23809524,0.74603176,0.015873017,0.0,0.0,0.0,0.0,0.0,0.0,0.0,0.0,0.0
1,1,0.23809524,0.74603176,0.015873017,0.0,0.0,0.0,0.0,0.0,0.0,0.0,0.0,0.0
1,1,0.23809524,0.74603176,0.015873017,0.0,0.0,0.0,0.0,0.0,0.0,0.0,0.0,0.0
1,1,0.23809524,0.74603176,0.015873017,0.0,0.0,0.0,0.0,0.0,0.0,0.0,0.0,0.0
1,1,0.23809524,0.74603176,0.015873017,0.0,0.0,0.0,0.0,0.0,0.0,0.0,0.0,0.0
1,1,0.23809524,0.74603176,0.015873017,0.0,0.0,0.0,0.0,0.0,0.0,0.0,0.0,0.0
1,1,0.23809524,0.74603176,0.015873017,0.0,0.0,0.0,0.0,0.0,0.0,0.0,0.0,0.0
1,1,0.23809524,0.74603176,0.015873017,0.0,0.0,0.0,0.0,0.0,0.0,0.0,0.0,0.0
1,1,0.23809524,0.74603176,0.015873017,0.0,0.0,0.0,0.0,0.0,0.0,0.0,0.0,0.0
1,1,0.23809524,0.74603176,0.015873017,0.0,0.0,0.0,0.0,0.0,0.0,0.0,0.0,0.0
1,1,0.23809524,0.74603176,0.015873017,0.0,0.0,0.0,0.0,0.0,0.0,0.0,0.0,0.0
1,1,0.23809524,0.74603176,0.015873017,0.0,0.0,0.0,0.0,0.0,0.0,0.0,0.0,0.0
1,1,0.23809524,0.74603176,0.015873017,0.0,0.0,0.0,0.0,0.0,0.0,0.0,0.0,0.0
1,1,0.23809524,0.74603176,0.015873017,0.0,0.0,0.0,0.0,0.0,0.0,0.0,0.0,0.0
1,1,0.23809524,0.74603176,0.015873017,0.0,0.0,0.0,0.0,0.0,0.0,0.0,0.0,0.0
1,1,0.23809524,0.74603176,0.015873017,0.0,0.0,0.0,0.0,0.0,0.0,0.0,0.0,0.0
1,1,0.23809524,0.74603176,0.015873017,0.0,0.0,0.0,0.0,0.0,0.0,0.0,0.0,0.0
1,1,0.23809524,0.74603176,0.015873017,0.0,0.0,0.0,0.0,0.0,0.0,0.0,0.0,0.0
1,1,0.23809524,0.74603176,0.015873017,0.0,0.0,0.0,0.0,0.0,0.0,0.0,0.0,0.0
1,1,0.23809524,0.74603176,0.015873017,0.0,0.0,0.0,0.0,0.0,0.0,0.0,0.0,0.0
1,1,0.23809524,0.74603176,0.015873017,0.0,0.0,0.0,0.0,0.0,0.0,0.0,0.0,0.0
1,1,0.23809524,0.74603176,0.015873017,0.0,0.0,0.0,0.0,0.0,0.0,0.0,0.0,0.0
1,1,0.23809524,0.74603176,0.015873017,0.0,0.0,0.0,0.0,0.0,0.0,0.0,0.0,0.0
1,1,0.23809524,0.74603176,0.015873017,0.0,0.0,0.0,0.0,0.0,0.0,0.0,0.0,0.0
1,1,0.23809524,0.74603176,0.015873017,0.0,0.0,0.0,0.0,0.0,0.0,0.0,0.0,0.0
1,1,0.23809524,0.74603176,0.015873017,0.0,0.0,0.0,0.0,0.0,0.0,0.0,0.0,0.0
1,1,0.23809524,0.74603176,0.015873017,0.0,0.0,0.0,0.0,0.0,0.0,0.0,0.0,0.0
1,1,0.23809524,0.74603176,0.015873017,0.0,0.0,0.0,0.0,0.0,0.0,0.0,0.0,0.0
1,1,0.23809524,0.74603176,0.015873017,0.0,0.0,0.0,0.0,0.0,0.0,0.0,0.0,0.0
1,1,0.23809524,0.74603176,0.015873017,0.0,0.0,0.0,0.0,0.0,0.0,0.0,0.0,0.0
1,1,0.23809524,0.74603176,0.015873017,0.0,0.0,0.0,0.0,0.0,0.0,0.0,0.0,0.0
1,1,0.25396827,0.73015875,0.015873017,0.0,0.0,0.0,0.0,0.0,0.0,0.0,0.0,0.0
1,1,0.25396827,0.73015875,0.015873017,0.0,0.0,0.0,0.0,0.0,0.0,0.0,0.0,0.0
1,1,0.25396827,0.73015875,0.015873017,0.0,0.0,0.0,0.0,0.0,0.0,0.0,0.0,0.0
1,1,0.25396827,0.73015875,0.015873017,0.0,0.0,0.0,0.0,0.0,0.0,0.0,0.0,0.0
1,1,0.25396827,0.73015875,0.015873017,0.0,0.0,0.0,0.0,0.0,0.0,0.0,0.0,0.0
1,1,0.25396827,0.73015875,0.015873017,0.0,0.0,0.0,0.0,0.0,0.0,0.0,0.0,0.0
1,1,0.25396827,0.73015875,0.015873017,0.0,0.0,0.0,0.0,0.0,0.0,0.0,0.0,0.0
1,1,0.25396827,0.73015875,0.015873017,0.0,0.0,0.0,0.0,0.0,0.0,0.0,0.0,0.0
1,1,0.25396827,0.73015875,0.015873017,0.0,0.0,0.0,0.0,0.0,0.0,0.0,0.0,0.0
1,1,0.25396827,0.73015875,0.015873017,0.0,0.0,0.0,0.0,0.0,0.0,0.0,0.0,0.0
1,1,0.25396827,0.73015875,0.015873017,0.0,0.0,0.0,0.0,0.0,0.0,0.0,0.0,0.0
1,1,0.25396827,0.73015875,0.015873017,0.0,0.0,0.0,0.0,0.0,0.0,0.0,0.0,0.0
1,1,0.25396827,0.73015875,0.015873017,0.0,0.0,0.0,0.0,0.0,0.0,0.0,0.0,0.0
1,1,0.25396827,0.73015875,0.015873017,0.0,0.0,0.0,0.0,0.0,0.0,0.0,0.0,0.0
1,1,0.25396827,0.73015875,0.015873017,0.0,0.0,0.0,0.0,0.0,0.0,0.0,0.0,0.0
1,1,0.25396827,0.73015875,0.015873017,0.0,0.0,0.0,0.0,0.0,0.0,0.0,0.0,0.0
1,1,0.25396827,0.73015875,0.015873017,0.0,0.0,0.0,0.0,0.0,0.0,0.0,0.0,0.0
1,1,0.25396827,0.73015875,0.015873017,0.0,0.0,0.0,0.0,0.0,0.0,0.0,0.0,0.0
1,1,0.25396827,0.73015875,0.015873017,0.0,0.0,0.0,0.0,0.0,0.0,0.0,0.0,0.0
1,1,0.25396827,0.73015875,0.015873017,0.0,0.0,0.0,0.0,0.0,0.0,0.0,0.0,0.0
1,1,0.25396827,0.73015875,0.015873017,0.0,0.0,0.0,0.0,0.0,0.0,0.0,0.0,0.0
1,1,0.25396827,0.73015875,0.015873017,0.0,0.0,0.0,0.0,0.0,0.0,0.0,0.0,0.0
1,1,0.25396827,0.73015875,0.015873017,0.0,0.0,0.0,0.0,0.0,0.0,0.0,0.0,0.0
1,1,0.25396827,0.73015875,0.015873017,0.0,0.0,0.0,0.0,0.0,0.0,0.0,0.0,0.0
1,1,0.3015873,0.6825397,0.015873017,0.0,0.0,0.0,0.0,0.0,0.0,0.0,0.0,0.0
1,1,0.3015873,0.6825397,0.015873017,0.0,0.0,0.0,0.0,0.0,0.0,0.0,0.0,0.0
1,1,0.31746033,0.6666667,0.015873017,0.0,0.0,0.0,0.0,0.0,0.0,0.0,0.0,0.0
1,1,0.31746033,0.6666667,0.015873017,0.0,0.0,0.0,0.0,0.0,0.0,0.0,0.0,0.0
1,1,0.31746033,0.6666667,0.015873017,0.0,0.0,0.0,0.0,0.0,0.0,0.0,0.0,0.0
1,1,0.31746033,0.6666667,0.015873017,0.0,0.0,0.0,0.0,0.0,0.0,0.0,0.0,0.0
1,1,0.31746033,0.6666667,0.015873017,0.0,0.0,0.0,0.0,0.0,0.0,0.0,0.0,0.0
1,1,0.31746033,0.6666667,0.015873017,0.0,0.0,0.0,0.0,0.0,0.0,0.0,0.0,0.0
1,1,0.33333334,0.6507937,0.015873017,0.0,0.0,0.0,0.0,0.0,0.0,0.0,0.0,0.0
1,1,0.34920636,0.63492066,0.015873017,0.0,0.0,0.0,0.0,0.0,0.0,0.0,0.0,0.0
1,1,0.34920636,0.63492066,0.015873017,0.0,0.0,0.0,0.0,0.0,0.0,0.0,0.0,0.0
1,1,0.34920636,0.63492066,0.015873017,0.0,0.0,0.0,0.0,0.0,0.0,0.0,0.0,0.0
1,1,0.34920636,0.63492066,0.015873017,0.0,0.0,0.0,0.0,0.0,0.0,0.0,0.0,0.0
1,1,0.34920636,0.63492066,0.015873017,0.0,0.0,0.0,0.0,0.0,0.0,0.0,0.0,0.0
1,1,0.34920636,0.63492066,0.015873017,0.0,0.0,0.0,0.0,0.0,0.0,0.0,0.0,0.0
1,1,0.34920636,0.63492066,0.015873017,0.0,0.0,0.0,0.0,0.0,0.0,0.0,0.0,0.0
1,1,0.3968254,0.5873016,0.015873017,0.0,0.0,0.0,0.0,0.0,0.0,0.0,0.0,0.0
1,1,0.3968254,0.5873016,0.015873017,0.0,0.0,0.0,0.0,0.0,0.0,0.0,0.0,0.0
1,1,0.3968254,0.5873016,0.015873017,0.0,0.0,0.0,0.0,0.0,0.0,0.0,0.0,0.0
1,1,0.3968254,0.5873016,0.015873017,0.0,0.0,0.0,0.0,0.0,0.0,0.0,0.0,0.0
1,1,0.3968254,0.5873016,0.015873017,0.0,0.0,0.0,0.0,0.0,0.0,0.0,0.0,0.0
1,1,0.3968254,0.5873016,0.015873017,0.0,0.0,0.0,0.0,0.0,0.0,0.0,0.0,0.0
1,1,0.3968254,0.5873016,0.015873017,0.0,0.0,0.0,0.0,0.0,0.0,0.0,0.0,0.0
1,1,0.3968254,0.5873016,0.015873017,0.0,0.0,0.0,0.0,0.0,0.0,0.0,0.0,0.0
1,1,0.453125,0.546875,0.0,0.0,0.0,0.0,0.0,0.0,0.0,0.0,0.0,0.0
1,1,0.453125,0.546875,0.0,0.0,0.0,0.0,0.0,0.0,0.0,0.0,0.0,0.0
1,1,0.453125,0.546875,0.0,0.0,0.0,0.0,0.0,0.0,0.0,0.0,0.0,0.0
1,1,0.453125,0.546875,0.0,0.0,0.0,0.0,0.0,0.0,0.0,0.0,0.0,0.0
1,1,0.484375,0.515625,0.0,0.0,0.0,0.0,0.0,0.0,0.0,0.0,0.0,0.0
1,1,0.484375,0.515625,0.0,0.0,0.0,0.0,0.0,0.0,0.0,0.0,0.0,0.0
1,1,0.484375,0.515625,0.0,0.0,0.0,0.0,0.0,0.0,0.0,0.0,0.0,0.0
1,1,0.484375,0.515625,0.0,0.0,0.0,0.0,0.0,0.0,0.0,0.0,0.0,0.0
1,1,0.484375,0.515625,0.0,0.0,0.0,0.0,0.0,0.0,0.0,0.0,0.0,0.0
1,1,0.484375,0.515625,0.0,0.0,0.0,0.0,0.0,0.0,0.0,0.0,0.0,0.0
1,1,0.484375,0.515625,0.0,0.0,0.0,0.0,0.0,0.0,0.0,0.0,0.0,0.0
1,1,0.484375,0.515625,0.0,0.0,0.0,0.0,0.0,0.0,0.0,0.0,0.0,0.0
1,0,0.5,0.5,0.0,0.0,0.0,0.0,0.0,0.0,0.0,0.0,0.0,0.0
1,0,0.5,0.5,0.0,0.0,0.0,0.0,0.0,0.0,0.0,0.0,0.0,0.0
1,0,0.5,0.5,0.0,0.0,0.0,0.0,0.0,0.0,0.0,0.0,0.0,0.0
1,0,0.5,0.5,0.0,0.0,0.0,0.0,0.0,0.0,0.0,0.0,0.0,0.0
1,0,0.515625,0.484375,0.0,0.0,0.0,0.0,0.0,0.0,0.0,0.0,0.0,0.0
1,0,0.515625,0.484375,0.0,0.0,0.0,0.0,0.0,0.0,0.0,0.0,0.0,0.0
1,0,0.515625,0.484375,0.0,0.0,0.0,0.0,0.0,0.0,0.0,0.0,0.0,0.0
1,0,0.515625,0.484375,0.0,0.0,0.0,0.0,0.0,0.0,0.0,0.0,0.0,0.0
1,0,0.515625,0.484375,0.0,0.0,0.0,0.0,0.0,0.0,0.0,0.0,0.0,0.0
1,0,0.515625,0.484375,0.0,0.0,0.0,0.0,0.0,0.0,0.0,0.0,0.0,0.0
1,0,0.515625,0.484375,0.0,0.0,0.0,0.0,0.0,0.0,0.0,0.0,0.0,0.0
1,0,0.515625,0.484375,0.0,0.0,0.0,0.0,0.0,0.0,0.0,0.0,0.0,0.0
1,0,0.515625,0.484375,0.0,0.0,0.0,0.0,0.0,0.0,0.0,0.0,0.0,0.0
1,0,0.515625,0.484375,0.0,0.0,0.0,0.0,0.0,0.0,0.0,0.0,0.0,0.0
1,0,0.515625,0.484375,0.0,0.0,0.0,0.0,0.0,0.0,0.0,0.0,0.0,0.0
1,0,0.515625,0.484375,0.0,0.0,0.0,0.0,0.0,0.0,0.0,0.0,0.0,0.0
1,0,0.515625,0.484375,0.0,0.0,0.0,0.0,0.0,0.0,0.0,0.0,0.0,0.0
1,0,0.515625,0.484375,0.0,0.0,0.0,0.0,0.0,0.0,0.0,0.0,0.0,0.0
1,0,0.53125,0.46875,0.0,0.0,0.0,0.0,0.0,0.0,0.0,0.0,0.0,0.0
1,0,0.53125,0.46875,0.0,0.0,0.0,0.0,0.0,0.0,0.0,0.0,0.0,0.0
1,0,0.59375,0.40625,0.0,0.0,0.0,0.0,0.0,0.0,0.0,0.0,0.0,0.0
1,0,0.59375,0.40625,0.0,0.0,0.0,0.0,0.0,0.0,0.0,0.0,0.0,0.0
1,0,0.59375,0.40625,0.0,0.0,0.0,0.0,0.0,0.0,0.0,0.0,0.0,0.0
1,0,0.59375,0.40625,0.0,0.0,0.0,0.0,0.0,0.0,0.0,0.0,0.0,0.0
1,0,0.59375,0.40625,0.0,0.0,0.0,0.0,0.0,0.0,0.0,0.0,0.0,0.0
1,0,0.59375,0.40625,0.0,0.0,0.0,0.0,0.0,0.0,0.0,0.0,0.0,0.0
1,0,0.59375,0.40625,0.0,0.0,0.0,0.0,0.0,0.0,0.0,0.0,0.0,0.0
1,0,0.59375,0.40625,0.0,0.0,0.0,0.0,0.0,0.0,0.0,0.0,0.0,0.0
1,0,0.59375,0.40625,0.0,0.0,0.0,0.0,0.0,0.0,0.0,0.0,0.0,0.0
1,0,0.59375,0.40625,0.0,0.0,0.0,0.0,0.0,0.0,0.0,0.0,0.0,0.0
1,0,0.59375,0.40625,0.0,0.0,0.0,0.0,0.0,0.0,0.0,0.0,0.0,0.0
1,0,0.59375,0.40625,0.0,0.0,0.0,0.0,0.0,0.0,0.0,0.0,0.0,0.0
1,0,0.609375,0.390625,0.0,0.0,0.0,0.0,0.0,0.0,0.0,0.0,0.0,0.0
1,0,0.609375,0.390625,0.0,0.0,0.0,0.0,0.0,0.0,0.0,0.0,0.0,0.0
1,0,0.609375,0.390625,0.0,0.0,0.0,0.0,0.0,0.0,0.0,0.0,0.0,0.0
1,0,0.609375,0.390625,0.0,0.0,0.0,0.0,0.0,0.0,0.0,0.0,0.0,0.0
1,0,0.609375,0.390625,0.0,0.0,0.0,0.0,0.0,0.0,0.0,0.0,0.0,0.0
1,0,0.609375,0.390625,0.0,0.0,0.0,0.0,0.0,0.0,0.0,0.0,0.0,0.0
1,0,0.625,0.375,0.0,0.0,0.0,0.0,0.0,0.0,0.0,0.0,0.0,0.0
1,0,0.625,0.375,0.0,0.0,0.0,0.0,0.0,0.0,0.0,0.0,0.0,0.0
1,0,0.625,0.375,0.0,0.0,0.0,0.0,0.0,0.0,0.0,0.0,0.0,0.0
1,0,0.625,0.375,0.0,0.0,0.0,0.0,0.0,0.0,0.0,0.0,0.0,0.0
1,0,0.625,0.375,0.0,0.0,0.0,0.0,0.0,0.0,0.0,0.0,0.0,0.0
1,0,0.625,0.375,0.0,0.0,0.0,0.0,0.0,0.0,0.0,0.0,0.0,0.0
1,0,0.625,0.375,0.0,0.0,0.0,0.0,0.0,0.0,0.0,0.0,0.0,0.0
1,0,0.625,0.375,0.0,0.0,0.0,0.0,0.0,0.0,0.0,0.0,0.0,0.0
1,0,0.625,0.375,0.0,0.0,0.0,0.0,0.0,0.0,0.0,0.0,0.0,0.0
1,0,0.625,0.375,0.0,0.0,0.0,0.0,0.0,0.0,0.0,0.0,0.0,0.0
1,0,0.625,0.375,0.0,0.0,0.0,0.0,0.0,0.0,0.0,0.0,0.0,0.0
1,0,0.625,0.375,0.0,0.0,0.0,0.0,0.0,0.0,0.0,0.0,0.0,0.0
1,0,0.625,0.375,0.0,0.0,0.0,0.0,0.0,0.0,0.0,0.0,0.0,0.0
1,0,0.625,0.375,0.0,0.0,0.0,0.0,0.0,0.0,0.0,0.0,0.0,0.0
1,0,0.625,0.375,0.0,0.0,0.0,0.0,0.0,0.0,0.0,0.0,0.0,0.0
1,0,0.625,0.375,0.0,0.0,0.0,0.0,0.0,0.0,0.0,0.0,0.0,0.0
1,0,0.625,0.375,0.0,0.0,0.0,0.0,0.0,0.0,0.0,0.0,0.0,0.0
1,0,0.625,0.375,0.0,0.0,0.0,0.0,0.0,0.0,0.0,0.0,0.0,0.0
1,0,0.625,0.375,0.0,0.0,0.0,0.0,0.0,0.0,0.0,0.0,0.0,0.0
1,0,0.625,0.375,0.0,0.0,0.0,0.0,0.0,0.0,0.0,0.0,0.0,0.0
1,0,0.625,0.375,0.0,0.0,0.0,0.0,0.0,0.0,0.0,0.0,0.0,0.0
1,0,0.625,0.375,0.0,0.0,0.0,0.0,0.0,0.0,0.0,0.0,0.0,0.0
1,0,0.625,0.375,0.0,0.0,0.0,0.0,0.0,0.0,0.0,0.0,0.0,0.0
1,0,0.625,0.375,0.0,0.0,0.0,0.0,0.0,0.0,0.0,0.0,0.0,0.0
1,0,0.625,0.375,0.0,0.0,0.0,0.0,0.0,0.0,0.0,0.0,0.0,0.0
1,0,0.625,0.375,0.0,0.0,0.0,0.0,0.0,0.0,0.0,0.0,0.0,0.0
1,0,0.625,0.375,0.0,0.0,0.0,0.0,0.0,0.0,0.0,0.0,0.0,0.0
1,0,0.625,0.375,0.0,0.0,0.0,0.0,0.0,0.0,0.0,0.0,0.0,0.0
1,0,0.625,0.375,0.0,0.0,0.0,0.0,0.0,0.0,0.0,0.0,0.0,0.0
1,0,0.625,0.375,0.0,0.0,0.0,0.0,0.0,0.0,0.0,0.0,0.0,0.0
1,0,0.640625,0.359375,0.0,0.0,0.0,0.0,0.0,0.0,0.0,0.0,0.0,0.0
1,0,0.640625,0.359375,0.0,0.0,0.0,0.0,0.0,0.0,0.0,0.0,0.0,0.0
1,0,0.65625,0.34375,0.0,0.0,0.0,0.0,0.0,0.0,0.0,0.0,0.0,0.0
1,0,0.65625,0.34375,0.0,0.0,0.0,0.0,0.0,0.0,0.0,0.0,0.0,0.0
1,0,0.65625,0.34375,0.0,0.0,0.0,0.0,0.0,0.0,0.0,0.0,0.0,0.0
1,0,0.65625,0.34375,0.0,0.0,0.0,0.0,0.0,0.0,0.0,0.0,0.0,0.0
1,0,0.65625,0.34375,0.0,0.0,0.0,0.0,0.0,0.0,0.0,0.0,0.0,0.0
1,0,0.65625,0.34375,0.0,0.0,0.0,0.0,0.0,0.0,0.0,0.0,0.0,0.0
1,0,0.671875,0.328125,0.0,0.0,0.0,0.0,0.0,0.0,0.0,0.0,0.0,0.0
1,0,0.671875,0.328125,0.0,0.0,0.0,0.0,0.0,0.0,0.0,0.0,0.0,0.0
1,0,0.671875,0.328125,0.0,0.0,0.0,0.0,0.0,0.0,0.0,0.0,0.0,0.0
1,0,0.671875,0.328125,0.0,0.0,0.0,0.0,0.0,0.0,0.0,0.0,0.0,0.0
1,0,0.671875,0.328125,0.0,0.0,0.0,0.0,0.0,0.0,0.0,0.0,0.0,0.0
1,0,0.671875,0.328125,0.0,0.0,0.0,0.0,0.0,0.0,0.0,0.0,0.0,0.0
1,0,0.671875,0.328125,0.0,0.0,0.0,0.0,0.0,0.0,0.0,0.0,0.0,0.0
1,0,0.671875,0.328125,0.0,0.0,0.0,0.0,0.0,0.0,0.0,0.0,0.0,0.0
1,0,0.703125,0.296875,0.0,0.0,0.0,0.0,0.0,0.0,0.0,0.0,0.0,0.0
1,0,0.703125,0.296875,0.0,0.0,0.0,0.0,0.0,0.0,0.0,0.0,0.0,0.0
1,0,0.703125,0.296875,0.0,0.0,0.0,0.0,0.0,0.0,0.0,0.0,0.0,0.0
1,0,0.703125,0.296875,0.0,0.0,0.0,0.0,0.0,0.0,0.0,0.0,0.0,0.0
1,0,0.703125,0.296875,0.0,0.0,0.0,0.0,0.0,0.0,0.0,0.0,0.0,0.0
1,0,0.703125,0.296875,0.0,0.0,0.0,0.0,0.0,0.0,0.0,0.0,0.0,0.0
1,0,0.703125,0.296875,0.0,0.0,0.0,0.0,0.0,0.0,0.0,0.0,0.0,0.0
1,0,0.703125,0.296875,0.0,0.0,0.0,0.0,0.0,0.0,0.0,0.0,0.0,0.0
1,0,0.71875,0.28125,0.0,0.0,0.0,0.0,0.0,0.0,0.0,0.0,0.0,0.0
1,0,0.71875,0.28125,0.0,0.0,0.0,0.0,0.0,0.0,0.0,0.0,0.0,0.0
1,0,0.71875,0.28125,0.0,0.0,0.0,0.0,0.0,0.0,0.0,0.0,0.0,0.0
1,0,0.71875,0.28125,0.0,0.0,0.0,0.0,0.0,0.0,0.0,0.0,0.0,0.0
1,0,0.71875,0.28125,0.0,0.0,0.0,0.0,0.0,0.0,0.0,0.0,0.0,0.0
1,0,0.71875,0.28125,0.0,0.0,0.0,0.0,0.0,0.0,0.0,0.0,0.0,0.0
1,0,0.71875,0.28125,0.0,0.0,0.0,0.0,0.0,0.0,0.0,0.0,0.0,0.0
1,0,0.71875,0.28125,0.0,0.0,0.0,0.0,0.0,0.0,0.0,0.0,0.0,0.0
1,0,0.765625,0.234375,0.0,0.0,0.0,0.0,0.0,0.0,0.0,0.0,0.0,0.0
1,0,0.765625,0.234375,0.0,0.0,0.0,0.0,0.0,0.0,0.0,0.0,0.0,0.0
1,0,0.765625,0.234375,0.0,0.0,0.0,0.0,0.0,0.0,0.0,0.0,0.0,0.0
1,0,0.765625,0.234375,0.0,0.0,0.0,0.0,0.0,0.0,0.0,0.0,0.0,0.0
1,0,0.765625,0.234375,0.0,0.0,0.0,0.0,0.0,0.0,0.0,0.0,0.0,0.0
1,0,0.765625,0.234375,0.0,0.0,0.0,0.0,0.0,0.0,0.0,0.0,0.0,0.0
1,0,0.765625,0.234375,0.0,0.0,0.0,0.0,0.0,0.0,0.0,0.0,0.0,0.0
1,0,0.765625,0.234375,0.0,0.0,0.0,0.0,0.0,0.0,0.0,0.0,0.0,0.0
1,0,0.796875,0.203125,0.0,0.0,0.0,0.0,0.0,0.0,0.0,0.0,0.0,0.0
1,0,0.796875,0.203125,0.0,0.0,0.0,0.0,0.0,0.0,0.0,0.0,0.0,0.0
1,0,0.8125,0.1875,0.0,0.0,0.0,0.0,0.0,0.0,0.0,0.0,0.0,0.0
1,0,0.8125,0.1875,0.0,0.0,0.0,0.0,0.0,0.0,0.0,0.0,0.0,0.0
1,0,0.8125,0.1875,0.0,0.0,0.0,0.0,0.0,0.0,0.0,0.0,0.0,0.0
1,0,0.8125,0.1875,0.0,0.0,0.0,0.0,0.0,0.0,0.0,0.0,0.0,0.0
1,0,0.8125,0.1875,0.0,0.0,0.0,0.0,0.0,0.0,0.0,0.0,0.0,0.0
1,0,0.8125,0.1875,0.0,0.0,0.0,0.0,0.0,0.0,0.0,0.0,0.0,0.0
1,0,0.8125,0.1875,0.0,0.0,0.0,0.0,0.0,0.0,0.0,0.0,0.0,0.0
1,0,0.8125,0.1875,0.0,0.0,0.0,0.0,0.0,0.0,0.0,0.0,0.0,0.0
1,0,0.8125,0.1875,0.0,0.0,0.0,0.0,0.0,0.0,0.0,0.0,0.0,0.0
1,0,0.8125,0.1875,0.0,0.0,0.0,0.0,0.0,0.0,0.0,0.0,0.0,0.0
1,0,0.8125,0.1875,0.0,0.0,0.0,0.0,0.0,0.0,0.0,0.0,0.0,0.0
1,0,0.8125,0.1875,0.0,0.0,0.0,0.0,0.0,0.0,0.0,0.0,0.0,0.0
1,0,0.8125,0.1875,0.0,0.0,0.0,0.0,0.0,0.0,0.0,0.0,0.0,0.0
1,0,0.8125,0.1875,0.0,0.0,0.0,0.0,0.0,0.0,0.0,0.0,0.0,0.0
1,0,0.8125,0.1875,0.0,0.0,0.0,0.0,0.0,0.0,0.0,0.0,0.0,0.0
1,0,0.8125,0.1875,0.0,0.0,0.0,0.0,0.0,0.0,0.0,0.0,0.0,0.0
1,0,0.8125,0.1875,0.0,0.0,0.0,0.0,0.0,0.0,0.0,0.0,0.0,0.0
1,0,0.8125,0.1875,0.0,0.0,0.0,0.0,0.0,0.0,0.0,0.0,0.0,0.0
1,0,0.8125,0.1875,0.0,0.0,0.0,0.0,0.0,0.0,0.0,0.0,0.0,0.0
1,0,0.8125,0.1875,0.0,0.0,0.0,0.0,0.0,0.0,0.0,0.0,0.0,0.0
1,0,0.8125,0.1875,0.0,0.0,0.0,0.0,0.0,0.0,0.0,0.0,0.0,0.0
1,0,0.8125,0.1875,0.0,0.0,0.0,0.0,0.0,0.0,0.0,0.0,0.0,0.0
1,0,0.84375,0.15625,0.0,0.0,0.0,0.0,0.0,0.0,0.0,0.0,0.0,0.0
1,0,0.84375,0.15625,0.0,0.0,0.0,0.0,0.0,0.0,0.0,0.0,0.0,0.0
1,0,0.84375,0.15625,0.0,0.0,0.0,0.0,0.0,0.0,0.0,0.0,0.0,0.0
1,0,0.84375,0.15625,0.0,0.0,0.0,0.0,0.0,0.0,0.0,0.0,0.0,0.0
1,0,0.84375,0.15625,0.0,0.0,0.0,0.0,0.0,0.0,0.0,0.0,0.0,0.0
1,0,0.84375,0.15625,0.0,0.0,0.0,0.0,0.0,0.0,0.0,0.0,0.0,0.0
1,0,0.84375,0.15625,0.0,0.0,0.0,0.0,0.0,0.0,0.0,0.0,0.0,0.0
1,0,0.84375,0.15625,0.0,0.0,0.0,0.0,0.0,0.0,0.0,0.0,0.0,0.0
1,0,0.859375,0.125,0.0,0.0,0.0,0.0,0.0,0.0,0.015625,0.0,0.0,0.0
1,0,0.859375,0.125,0.0,0.0,0.0,0.0,0.0,0.0,0.015625,0.0,0.0,0.0
1,0,0.859375,0.125,0.0,0.0,0.0,0.0,0.0,0.0,0.015625,0.0,0.0,0.0
1,0,0.859375,0.125,0.0,0.0,0.0,0.0,0.0,0.0,0.015625,0.0,0.0,0.0
1,0,0.859375,0.125,0.0,0.0,0.0,0.0,0.0,0.0,0.015625,0.0,0.0,0.0
1,0,0.859375,0.125,0.0,0.0,0.0,0.0,0.0,0.0,0.015625,0.0,0.0,0.0
1,0,0.859375,0.125,0.0,0.0,0.0,0.0,0.0,0.0,0.015625,0.0,0.0,0.0
1,0,0.859375,0.125,0.0,0.0,0.0,0.0,0.0,0.0,0.015625,0.0,0.0,0.0
1,0,0.859375,0.125,0.0,0.0,0.0,0.0,0.0,0.0,0.015625,0.0,0.0,0.0
1,0,0.859375,0.125,0.0,0.0,0.0,0.0,0.0,0.0,0.015625,0.0,0.0,0.0
1,0,0.859375,0.125,0.0,0.0,0.0,0.0,0.0,0.0,0.015625,0.0,0.0,0.0
1,0,0.859375,0.125,0.0,0.0,0.0,0.0,0.0,0.0,0.015625,0.0,0.0,0.0
1,0,0.859375,0.125,0.0,0.0,0.0,0.0,0.0,0.0,0.015625,0.0,0.0,0.0
1,0,0.859375,0.125,0.0,0.0,0.0,0.0,0.0,0.0,0.015625,0.0,0.0,0.0
1,0,0.859375,0.125,0.0,0.0,0.0,0.0,0.0,0.0,0.015625,0.0,0.0,0.0
1,0,0.859375,0.125,0.0,0.0,0.0,0.0,0.0,0.0,0.015625,0.0,0.0,0.0
1,0,0.859375,0.125,0.0,0.0,0.0,0.0,0.0,0.0,0.015625,0.0,0.0,0.0
1,0,0.859375,0.125,0.0,0.0,0.0,0.0,0.0,0.0,0.015625,0.0,0.0,0.0
1,0,0.859375,0.125,0.0,0.0,0.0,0.0,0.0,0.0,0.015625,0.0,0.0,0.0
1,0,0.859375,0.125,0.0,0.0,0.0,0.0,0.0,0.0,0.015625,0.0,0.0,0.0
1,0,0.859375,0.125,0.0,0.0,0.0,0.0,0.0,0.0,0.015625,0.0,0.0,0.0
1,0,0.859375,0.125,0.0,0.0,0.0,0.0,0.0,0.0,0.015625,0.0,0.0,0.0
1,0,0.859375,0.125,0.0,0.0,0.0,0.0,0.0,0.0,0.015625,0.0,0.0,0.0
1,0,0.859375,0.125,0.0,0.0,0.0,0.0,0.0,0.0,0.015625,0.0,0.0,0.0
1,0,0.859375,0.125,0.0,0.0,0.0,0.0,0.0,0.0,0.015625,0.0,0.0,0.0
1,0,0.859375,0.125,0.0,0.0,0.0,0.0,0.0,0.0,0.015625,0.0,0.0,0.0
1,0,0.859375,0.125,0.0,0.0,0.0,0.0,0.0,0.0,0.015625,0.0,0.0,0.0
1,0,0.859375,0.125,0.0,0.0,0.0,0.0,0.0,0.0,0.015625,0.0,0.0,0.0
1,0,0.859375,0.125,0.0,0.0,0.0,0.0,0.0,0.0,0.015625,0.0,0.0,0.0
1,0,0.859375,0.125,0.0,0.0,0.0,0.0,0.0,0.0,0.015625,0.0,0.0,0.0
1,0,0.859375,0.125,0.0,0.0,0.0,0.0,0.0,0.0,0.015625,0.0,0.0,0.0
1,0,0.859375,0.125,0.0,0.0,0.0,0.0,0.0,0.0,0.015625,0.0,0.0,0.0
1,0,0.859375,0.125,0.0,0.0,0.0,0.0,0.0,0.0,0.015625,0.0,0.0,0.0
1,0,0.859375,0.125,0.0,0.0,0.0,0.0,0.0,0.0,0.015625,0.0,0.0,0.0
1,0,0.859375,0.125,0.0,0.0,0.0,0.0,0.0,0.0,0.015625,0.0,0.0,0.0
1,0,0.859375,0.125,0.0,0.0,0.0,0.0,0.0,0.0,0.015625,0.0,0.0,0.0
1,0,0.859375,0.125,0.0,0.0,0.0,0.0,0.0,0.0,0.015625,0.0,0.0,0.0
1,0,0.859375,0.125,0.0,0.0,0.0,0.0,0.0,0.0,0.015625,0.0,0.0,0.0
1,0,0.859375,0.125,0.0,0.0,0.0,0.0,0.0,0.0,0.015625,0.0,0.0,0.0
1,0,0.859375,0.125,0.0,0.0,0.0,0.0,0.0,0.0,0.015625,0.0,0.0,0.0
1,0,0.875,0.09375,0.0,0.0,0.0,0.0,0.0,0.0,0.03125,0.0,0.0,0.0
1,0,0.875,0.09375,0.0,0.0,0.0,0.0,0.0,0.0,0.03125,0.0,0.0,0.0
1,0,0.875,0.09375,0.0,0.0,0.0,0.0,0.0,0.0,0.03125,0.0,0.0,0.0
1,0,0.875,0.09375,0.0,0.0,0.0,0.0,0.0,0.0,0.03125,0.0,0.0,0.0
1,0,0.875,0.09375,0.0,0.0,0.0,0.0,0.0,0.0,0.03125,0.0,0.0,0.0
1,0,0.875,0.09375,0.0,0.0,0.0,0.0,0.0,0.0,0.03125,0.0,0.0,0.0
1,0,0.875,0.09375,0.0,0.0,0.0,0.0,0.0,0.0,0.03125,0.0,0.0,0.0
1,0,0.875,0.09375,0.0,0.0,0.0,0.0,0.0,0.0,0.03125,0.0,0.0,0.0
1,0,0.875,0.09375,0.0,0.0,0.0,0.0,0.0,0.0,0.03125,0.0,0.0,0.0
1,0,0.875,0.09375,0.0,0.0,0.0,0.0,0.0,0.0,0.03125,0.0,0.0,0.0
1,0,0.875,0.09375,0.0,0.0,0.0,0.0,0.0,0.0,0.03125,0.0,0.0,0.0
1,0,0.875,0.09375,0.0,0.0,0.0,0.0,0.0,0.0,0.03125,0.0,0.0,0.0
1,0,0.875,0.09375,0.0,0.0,0.0,0.0,0.0,0.0,0.03125,0.0,0.0,0.0
1,0,0.875,0.09375,0.0,0.0,0.0,0.0,0.0,0.0,0.03125,0.0,0.0,0.0
1,0,0.875,0.09375,0.0,0.0,0.0,0.0,0.0,0.0,0.03125,0.0,0.0,0.0
1,0,0.875,0.09375,0.0,0.0,0.0,0.0,0.0,0.0,0.03125,0.0,0.0,0.0
1,0,0.875,0.09375,0.0,0.0,0.0,0.0,0.0,0.0,0.03125,0.0,0.0,0.0
1,0,0.875,0.09375,0.0,0.0,0.0,0.0,0.0,0.0,0.03125,0.0,0.0,0.0
1,0,0.875,0.09375,0.0,0.0,0.0,0.0,0.0,0.0,0.03125,0.0,0.0,0.0
1,0,0.875,0.09375,0.0,0.0,0.0,0.0,0.0,0.0,0.03125,0.0,0.0,0.0
1,0,0.875,0.09375,0.0,0.0,0.0,0.0,0.0,0.0,0.03125,0.0,0.0,0.0
1,0,0.875,0.09375,0.0,0.0,0.0,0.0,0.0,0.0,0.03125,0.0,0.0,0.0
1,0,0.875,0.09375,0.0,0.0,0.0,0.0,0.0,0.0,0.03125,0.0,0.0,0.0
1,0,0.875,0.09375,0.0,0.0,0.0,0.0,0.0,0.0,0.03125,0.0,0.0,0.0
1,0,0.875,0.09375,0.0,0.0,0.0,0.0,0.0,0.0,0.03125,0.0,0.0,0.0
1,0,0.875,0.09375,0.0,0.0,0.0,0.0,0.0,0.0,0.03125,0.0,0.0,0.0
1,0,0.875,0.09375,0.0,0.0,0.0,0.0,0.0,0.0,0.03125,0.0,0.0,0.0
1,0,0.875,0.09375,0.0,0.0,0.0,0.0,0.0,0.0,0.03125,0.0,0.0,0.0
1,0,0.875,0.09375,0.0,0.0,0.0,0.0,0.0,0.0,0.03125,0.0,0.0,0.0
1,0,0.875,0.09375,0.0,0.0,0.0,0.0,0.0,0.0,0.03125,0.0,0.0,0.0
1,0,0.875,0.09375,0.0,0.0,0.0,0.0,0.0,0.0,0.03125,0.0,0.0,0.0
1,0,0.875,0.09375,0.0,0.0,0.0,0.0,0.0,0.0,0.03125,0.0,0.0,0.0
1,0,0.875,0.09375,0.0,0.0,0.0,0.0,0.0,0.0,0.03125,0.0,0.0,0.0
1,0,0.875,0.09375,0.0,0.0,0.0,0.0,0.0,0.0,0.03125,0.0,0.0,0.0
1,0,0.875,0.09375,0.0,0.0,0.0,0.0,0.0,0.0,0.03125,0.0,0.0,0.0
1,0,0.875,0.09375,0.0,0.0,0.0,0.0,0.0,0.0,0.03125,0.0,0.0,0.0
1,0,0.875,0.09375,0.0,0.0,0.0,0.0,0.0,0.0,0.03125,0.0,0.0,0.0
1,0,0.875,0.09375,0.0,0.0,0.0,0.0,0.0,0.0,0.03125,0.0,0.0,0.0
1,0,0.875,0.09375,0.0,0.0,0.0,0.0,0.0,0.0,0.03125,0.0,0.0,0.0
1,0,0.875,0.09375,0.0,0.0,0.0,0.0,0.0,0.0,0.03125,0.0,0.0,0.0
1,0,0.875,0.09375,0.0,0.0,0.0,0.0,0.0,0.0,0.03125,0.0,0.0,0.0
1,0,0.875,0.09375,0.0,0.0,0.0,0.0,0.0,0.0,0.03125,0.0,0.0,0.0
1,0,0.875,0.09375,0.0,0.0,0.0,0.0,0.0,0.0,0.03125,0.0,0.0,0.0
1,0,0.875,0.09375,0.0,0.0,0.0,0.0,0.0,0.0,0.03125,0.0,0.0,0.0
1,0,0.875,0.09375,0.0,0.0,0.0,0.0,0.0,0.0,0.03125,0.0,0.0,0.0
1,0,0.875,0.09375,0.0,0.0,0.0,0.0,0.0,0.0,0.03125,0.0,0.0,0.0
1,0,0.875,0.09375,0.0,0.0,0.0,0.0,0.0,0.0,0.03125,0.0,0.0,0.0
1,0,0.875,0.09375,0.0,0.0,0.0,0.0,0.0,0.0,0.03125,0.0,0.0,0.0
1,0,0.875,0.09375,0.0,0.0,0.0,0.0,0.0,0.0,0.03125,0.0,0.0,0.0
1,0,0.875,0.09375,0.0,0.0,0.0,0.0,0.0,0.0,0.03125,0.0,0.0,0.0
1,0,0.875,0.09375,0.0,0.0,0.0,0.0,0.0,0.0,0.03125,0.0,0.0,0.0
1,0,0.875,0.09375,0.0,0.0,0.0,0.0,0.0,0.0,0.03125,0.0,0.0,0.0
1,0,0.875,0.09375,0.0,0.0,0.0,0.0,0.0,0.0,0.03125,0.0,0.0,0.0
1,0,0.875,0.09375,0.0,0.0,0.0,0.0,0.0,0.0,0.03125,0.0,0.0,0.0
1,0,0.875,0.09375,0.0,0.0,0.0,0.0,0.0,0.0,0.03125,0.0,0.0,0.0
1,0,0.875,0.09375,0.0,0.0,0.0,0.0,0.0,0.0,0.03125,0.0,0.0,0.0
1,0,0.875,0.09375,0.0,0.0,0.0,0.0,0.0,0.0,0.03125,0.0,0.0,0.0
1,0,0.875,0.09375,0.0,0.0,0.0,0.0,0.0,0.0,0.03125,0.0,0.0,0.0
1,0,0.875,0.09375,0.0,0.0,0.0,0.0,0.0,0.0,0.03125,0.0,0.0,0.0
1,0,0.875,0.09375,0.0,0.0,0.0,0.0,0.0,0.0,0.03125,0.0,0.0,0.0
1,0,0.875,0.09375,0.0,0.0,0.0,0.0,0.0,0.0,0.03125,0.0,0.0,0.0
1,0,0.875,0.09375,0.0,0.0,0.0,0.0,0.0,0.0,0.03125,0.0,0.0,0.0
1,0,0.875,0.09375,0.0,0.0,0.0,0.0,0.0,0.0,0.03125,0.0,0.0,0.0
1,0,0.875,0.09375,0.0,0.0,0.0,0.0,0.0,0.0,0.03125,0.0,0.0,0.0
1,0,0.875,0.09375,0.0,0.0,0.0,0.0,0.0,0.0,0.03125,0.0,0.0,0.0
1,0,0.875,0.09375,0.0,0.0,0.0,0.0,0.0,0.0,0.03125,0.0,0.0,0.0
1,0,0.875,0.09375,0.0,0.0,0.0,0.0,0.0,0.0,0.03125,0.0,0.0,0.0
1,0,0.875,0.09375,0.0,0.0,0.0,0.0,0.0,0.0,0.03125,0.0,0.0,0.0
1,0,0.875,0.09375,0.0,0.0,0.0,0.0,0.0,0.0,0.03125,0.0,0.0,0.0
1,0,0.875,0.09375,0.0,0.0,0.0,0.0,0.0,0.0,0.03125,0.0,0.0,0.0
1,0,0.875,0.09375,0.0,0.0,0.0,0.0,0.0,0.0,0.03125,0.0,0.0,0.0
1,0,0.875,0.09375,0.0,0.0,0.0,0.0,0.0,0.0,0.03125,0.0,0.0,0.0
1,0,0.890625,0.078125,0.0,0.0,0.0,0.0,0.0,0.0,0.03125,0.0,0.0,0.0
1,0,0.890625,0.078125,0.0,0.0,0.0,0.0,0.0,0.0,0.03125,0.0,0.0,0.0
1,0,0.890625,0.078125,0.0,0.0,0.0,0.0,0.0,0.0,0.03125,0.0,0.0,0.0
1,0,0.890625,0.078125,0.0,0.0,0.0,0.0,0.0,0.0,0.03125,0.0,0.0,0.0
1,0,0.890625,0.078125,0.0,0.0,0.0,0.0,0.0,0.0,0.03125,0.0,0.0,0.0
1,0,0.890625,0.078125,0.0,0.0,0.0,0.0,0.0,0.0,0.03125,0.0,0.0,0.0
1,0,0.890625,0.078125,0.0,0.0,0.0,0.0,0.0,0.0,0.03125,0.0,0.0,0.0
1,0,0.890625,0.078125,0.0,0.0,0.0,0.0,0.0,0.0,0.03125,0.0,0.0,0.0
1,0,0.890625,0.078125,0.0,0.0,0.0,0.0,0.0,0.0,0.03125,0.0,0.0,0.0
1,0,0.890625,0.078125,0.0,0.0,0.0,0.0,0.0,0.0,0.03125,0.0,0.0,0.0
1,0,0.890625,0.078125,0.0,0.0,0.0,0.0,0.0,0.0,0.03125,0.0,0.0,0.0
1,0,0.890625,0.078125,0.0,0.0,0.0,0.0,0.0,0.0,0.03125,0.0,0.0,0.0
1,0,0.890625,0.078125,0.0,0.0,0.0,0.0,0.0,0.0,0.03125,0.0,0.0,0.0
1,0,0.890625,0.078125,0.0,0.0,0.0,0.0,0.0,0.0,0.03125,0.0,0.0,0.0
1,0,0.890625,0.078125,0.0,0.0,0.0,0.0,0.0,0.0,0.03125,0.0,0.0,0.0
1,0,0.890625,0.078125,0.0,0.0,0.0,0.0,0.0,0.0,0.03125,0.0,0.0,0.0
1,0,0.890625,0.078125,0.0,0.0,0.0,0.0,0.0,0.0,0.03125,0.0,0.0,0.0
1,0,0.890625,0.078125,0.0,0.0,0.0,0.0,0.0,0.0,0.03125,0.0,0.0,0.0
1,0,0.890625,0.078125,0.0,0.0,0.0,0.0,0.0,0.0,0.03125,0.0,0.0,0.0
1,0,0.890625,0.078125,0.0,0.0,0.0,0.0,0.0,0.0,0.03125,0.0,0.0,0.0
1,0,0.890625,0.078125,0.0,0.0,0.0,0.0,0.0,0.0,0.03125,0.0,0.0,0.0
1,0,0.890625,0.078125,0.0,0.0,0.0,0.0,0.0,0.0,0.03125,0.0,0.0,0.0
1,0,0.890625,0.078125,0.0,0.0,0.0,0.0,0.0,0.0,0.03125,0.0,0.0,0.0
1,0,0.890625,0.078125,0.0,0.0,0.0,0.0,0.0,0.0,0.03125,0.0,0.0,0.0
1,0,0.875,0.09375,0.0,0.0,0.0,0.0,0.0,0.0,0.03125,0.0,0.0,0.0
1,0,0.875,0.09375,0.0,0.0,0.0,0.0,0.0,0.0,0.03125,0.0,0.0,0.0
1,0,0.875,0.09375,0.0,0.0,0.0,0.0,0.0,0.0,0.03125,0.0,0.0,0.0
1,0,0.875,0.09375,0.0,0.0,0.0,0.0,0.0,0.0,0.03125,0.0,0.0,0.0
1,0,0.875,0.09375,0.0,0.0,0.0,0.0,0.0,0.0,0.03125,0.0,0.0,0.0
1,0,0.875,0.09375,0.0,0.0,0.0,0.0,0.0,0.0,0.03125,0.0,0.0,0.0
1,0,0.875,0.09375,0.0,0.0,0.0,0.0,0.0,0.0,0.03125,0.0,0.0,0.0
1,0,0.875,0.09375,0.0,0.0,0.0,0.0,0.0,0.0,0.03125,0.0,0.0,0.0
1,0,0.875,0.09375,0.0,0.0,0.0,0.0,0.0,0.0,0.03125,0.0,0.0,0.0
1,0,0.875,0.09375,0.0,0.0,0.0,0.0,0.0,0.0,0.03125,0.0,0.0,0.0
1,0,0.875,0.09375,0.0,0.0,0.0,0.0,0.0,0.0,0.03125,0.0,0.0,0.0
1,0,0.875,0.09375,0.0,0.0,0.0,0.0,0.0,0.0,0.03125,0.0,0.0,0.0
1,0,0.875,0.09375,0.0,0.0,0.0,0.0,0.0,0.0,0.03125,0.0,0.0,0.0
1,0,0.875,0.09375,0.0,0.0,0.0,0.0,0.0,0.0,0.03125,0.0,0.0,0.0
1,0,0.875,0.09375,0.0,0.0,0.0,0.0,0.0,0.0,0.03125,0.0,0.0,0.0
1,0,0.875,0.09375,0.0,0.0,0.0,0.0,0.0,0.0,0.03125,0.0,0.0,0.0
1,0,0.875,0.09375,0.0,0.0,0.0,0.0,0.0,0.0,0.03125,0.0,0.0,0.0
1,0,0.875,0.09375,0.0,0.0,0.0,0.0,0.0,0.0,0.03125,0.0,0.0,0.0
1,0,0.875,0.09375,0.0,0.0,0.0,0.0,0.0,0.0,0.03125,0.0,0.0,0.0
1,0,0.875,0.09375,0.0,0.0,0.0,0.0,0.0,0.0,0.03125,0.0,0.0,0.0
1,0,0.859375,0.109375,0.0,0.0,0.0,0.0,0.0,0.0,0.03125,0.0,0.0,0.0
1,0,0.859375,0.109375,0.0,0.0,0.0,0.0,0.0,0.0,0.03125,0.0,0.0,0.0
1,0,0.859375,0.109375,0.0,0.0,0.0,0.0,0.0,0.0,0.03125,0.0,0.0,0.0
1,0,0.859375,0.109375,0.0,0.0,0.0,0.0,0.0,0.0,0.03125,0.0,0.0,0.0
1,0,0.859375,0.109375,0.0,0.0,0.0,0.0,0.0,0.0,0.03125,0.0,0.0,0.0
1,0,0.859375,0.109375,0.0,0.0,0.0,0.0,0.0,0.0,0.03125,0.0,0.0,0.0
1,0,0.859375,0.109375,0.0,0.0,0.0,0.0,0.0,0.0,0.03125,0.0,0.0,0.0
1,0,0.859375,0.109375,0.0,0.0,0.0,0.0,0.0,0.0,0.03125,0.0,0.0,0.0
1,0,0.859375,0.109375,0.0,0.0,0.0,0.0,0.0,0.0,0.03125,0.0,0.0,0.0
1,0,0.859375,0.109375,0.0,0.0,0.0,0.0,0.0,0.0,0.03125,0.0,0.0,0.0
1,0,0.859375,0.109375,0.0,0.0,0.0,0.0,0.0,0.0,0.03125,0.0,0.0,0.0
1,0,0.859375,0.109375,0.0,0.0,0.0,0.0,0.0,0.0,0.03125,0.0,0.0,0.0
1,0,0.859375,0.109375,0.0,0.0,0.0,0.0,0.0,0.0,0.03125,0.0,0.0,0.0
1,0,0.859375,0.109375,0.0,0.0,0.0,0.0,0.0,0.0,0.03125,0.0,0.0,0.0
1,0,0.859375,0.109375,0.0,0.0,0.0,0.0,0.0,0.0,0.03125,0.0,0.0,0.0
1,0,0.859375,0.109375,0.0,0.0,0.0,0.0,0.0,0.0,0.03125,0.0,0.0,0.0
1,0,0.84375,0.109375,0.0,0.0,0.0,0.0,0.0,0.0,0.03125,0.0,0.015625,0.0
1,0,0.84375,0.109375,0.0,0.0,0.0,0.0,0.0,0.0,0.03125,0.0,0.015625,0.0
1,0,0.84375,0.109375,0.0,0.0,0.0,0.0,0.0,0.0,0.03125,0.0,0.015625,0.0
1,0,0.84375,0.109375,0.0,0.0,0.0,0.0,0.0,0.0,0.03125,0.0,0.015625,0.0
1,0,0.84375,0.109375,0.0,0.0,0.0,0.0,0.0,0.0,0.03125,0.0,0.015625,0.0
1,0,0.84375,0.109375,0.0,0.0,0.0,0.0,0.0,0.0,0.03125,0.0,0.015625,0.0
1,0,0.859375,0.09375,0.0,0.0,0.0,0.0,0.0,0.0,0.03125,0.0,0.015625,0.0
1,0,0.859375,0.09375,0.0,0.0,0.0,0.0,0.0,0.0,0.03125,0.0,0.015625,0.0
1,0,0.859375,0.09375,0.0,0.0,0.0,0.0,0.0,0.0,0.03125,0.0,0.015625,0.0
1,0,0.859375,0.09375,0.0,0.0,0.0,0.0,0.0,0.0,0.03125,0.0,0.015625,0.0
1,0,0.859375,0.09375,0.0,0.0,0.0,0.0,0.0,0.0,0.03125,0.0,0.015625,0.0
1,0,0.859375,0.09375,0.0,0.0,0.0,0.0,0.0,0.0,0.03125,0.0,0.015625,0.0
1,0,0.859375,0.109375,0.0,0.0,0.0,0.0,0.0,0.0,0.03125,0.0,0.0,0.0
1,0,0.859375,0.109375,0.0,0.0,0.0,0.0,0.0,0.0,0.03125,0.0,0.0,0.0
1,0,0.859375,0.109375,0.0,0.0,0.0,0.0,0.0,0.0,0.03125,0.0,0.0,0.0
1,0,0.859375,0.109375,0.0,0.0,0.0,0.0,0.0,0.0,0.03125,0.0,0.0,0.0
1,0,0.859375,0.109375,0.0,0.0,0.0,0.0,0.0,0.0,0.03125,0.0,0.0,0.0
1,0,0.859375,0.109375,0.0,0.0,0.0,0.0,0.0,0.0,0.03125,0.0,0.0,0.0
1,0,0.859375,0.109375,0.0,0.0,0.0,0.0,0.0,0.0,0.03125,0.0,0.0,0.0
1,0,0.859375,0.109375,0.0,0.0,0.0,0.0,0.0,0.0,0.03125,0.0,0.0,0.0
1,0,0.859375,0.109375,0.0,0.0,0.0,0.0,0.0,0.0,0.03125,0.0,0.0,0.0
1,0,0.859375,0.109375,0.0,0.0,0.0,0.0,0.0,0.0,0.03125,0.0,0.0,0.0
1,0,0.859375,0.109375,0.0,0.0,0.0,0.0,0.0,0.0,0.03125,0.0,0.0,0.0
1,0,0.859375,0.109375,0.0,0.0,0.0,0.0,0.0,0.0,0.03125,0.0,0.0,0.0
1,0,0.859375,0.109375,0.0,0.0,0.0,0.0,0.0,0.0,0.03125,0.0,0.0,0.0
1,0,0.859375,0.109375,0.0,0.0,0.0,0.0,0.0,0.0,0.03125,0.0,0.0,0.0
1,0,0.859375,0.109375,0.0,0.0,0.0,0.0,0.0,0.0,0.03125,0.0,0.0,0.0
1,0,0.859375,0.109375,0.0,0.0,0.0,0.0,0.0,0.0,0.03125,0.0,0.0,0.0
1,0,0.84375,0.125,0.0,0.0,0.0,0.0,0.0,0.0,0.03125,0.0,0.0,0.0
1,0,0.84375,0.125,0.0,0.0,0.0,0.0,0.0,0.0,0.03125,0.0,0.0,0.0
1,0,0.84375,0.125,0.0,0.0,0.0,0.0,0.0,0.0,0.03125,0.0,0.0,0.0
1,0,0.84375,0.125,0.0,0.0,0.0,0.0,0.0,0.0,0.03125,0.0,0.0,0.0
1,0,0.84375,0.125,0.0,0.0,0.0,0.0,0.0,0.0,0.03125,0.0,0.0,0.0
1,0,0.84375,0.125,0.0,0.0,0.0,0.0,0.0,0.0,0.03125,0.0,0.0,0.0
1,0,0.84375,0.125,0.0,0.0,0.0,0.0,0.0,0.0,0.03125,0.0,0.0,0.0
1,0,0.84375,0.125,0.0,0.0,0.0,0.0,0.0,0.0,0.03125,0.0,0.0,0.0
1,0,0.84375,0.125,0.0,0.0,0.0,0.0,0.0,0.0,0.03125,0.0,0.0,0.0
1,0,0.828125,0.140625,0.0,0.0,0.0,0.0,0.0,0.0,0.03125,0.0,0.0,0.0
1,0,0.828125,0.140625,0.0,0.0,0.0,0.0,0.0,0.0,0.03125,0.0,0.0,0.0
1,0,0.828125,0.140625,0.0,0.0,0.0,0.0,0.0,0.0,0.03125,0.0,0.0,0.0
1,0,0.828125,0.140625,0.0,0.0,0.0,0.0,0.0,0.0,0.03125,0.0,0.0,0.0
1,0,0.828125,0.140625,0.0,0.0,0.0,0.0,0.0,0.0,0.03125,0.0,0.0,0.0
1,0,0.828125,0.140625,0.0,0.0,0.0,0.0,0.0,0.0,0.03125,0.0,0.0,0.0
1,0,0.828125,0.140625,0.0,0.0,0.0,0.0,0.0,0.0,0.03125,0.0,0.0,0.0
1,0,0.84375,0.125,0.0,0.0,0.0,0.0,0.0,0.0,0.03125,0.0,0.0,0.0
1,0,0.84375,0.125,0.0,0.0,0.0,0.0,0.0,0.0,0.03125,0.0,0.0,0.0
1,0,0.84375,0.125,0.0,0.0,0.0,0.0,0.0,0.0,0.03125,0.0,0.0,0.0
1,0,0.84375,0.125,0.0,0.0,0.0,0.0,0.0,0.0,0.03125,0.0,0.0,0.0
1,0,0.859375,0.109375,0.0,0.0,0.0,0.0,0.0,0.0,0.03125,0.0,0.0,0.0
1,0,0.859375,0.109375,0.0,0.0,0.0,0.0,0.0,0.0,0.03125,0.0,0.0,0.0
1,0,0.859375,0.109375,0.0,0.0,0.0,0.0,0.0,0.0,0.03125,0.0,0.0,0.0
1,0,0.859375,0.109375,0.0,0.0,0.0,0.0,0.0,0.0,0.03125,0.0,0.0,0.0
1,0,0.859375,0.109375,0.0,0.0,0.0,0.0,0.0,0.0,0.03125,0.0,0.0,0.0
1,0,0.859375,0.109375,0.0,0.0,0.0,0.0,0.0,0.0,0.03125,0.0,0.0,0.0
1,0,0.859375,0.109375,0.0,0.0,0.0,0.0,0.0,0.0,0.03125,0.0,0.0,0.0
1,0,0.859375,0.109375,0.0,0.0,0.0,0.0,0.0,0.0,0.03125,0.0,0.0,0.0
1,0,0.859375,0.109375,0.0,0.0,0.0,0.0,0.0,0.0,0.03125,0.0,0.0,0.0
1,0,0.859375,0.109375,0.0,0.0,0.0,0.0,0.0,0.0,0.03125,0.0,0.0,0.0
1,0,0.859375,0.109375,0.0,0.0,0.0,0.0,0.0,0.0,0.03125,0.0,0.0,0.0
1,0,0.859375,0.109375,0.0,0.0,0.0,0.0,0.0,0.0,0.03125,0.0,0.0,0.0
1,0,0.859375,0.109375,0.0,0.0,0.0,0.0,0.0,0.0,0.03125,0.0,0.0,0.0
1,0,0.859375,0.109375,0.0,0.0,0.0,0.0,0.0,0.0,0.03125,0.0,0.0,0.0
1,0,0.859375,0.109375,0.0,0.0,0.0,0.0,0.0,0.0,0.03125,0.0,0.0,0.0
1,0,0.859375,0.109375,0.0,0.0,0.0,0.0,0.0,0.0,0.03125,0.0,0.0,0.0
1,0,0.859375,0.109375,0.0,0.0,0.0,0.0,0.0,0.0,0.03125,0.0,0.0,0.0
1,0,0.859375,0.109375,0.0,0.0,0.0,0.0,0.0,0.0,0.03125,0.0,0.0,0.0
1,0,0.859375,0.109375,0.0,0.0,0.0,0.0,0.0,0.0,0.03125,0.0,0.0,0.0
1,0,0.859375,0.109375,0.0,0.0,0.0,0.0,0.0,0.0,0.03125,0.0,0.0,0.0
1,0,0.859375,0.109375,0.0,0.0,0.0,0.0,0.0,0.0,0.03125,0.0,0.0,0.0
1,0,0.859375,0.109375,0.0,0.0,0.0,0.0,0.0,0.0,0.03125,0.0,0.0,0.0
1,0,0.859375,0.109375,0.0,0.0,0.0,0.0,0.0,0.0,0.03125,0.0,0.0,0.0
1,0,0.859375,0.109375,0.0,0.0,0.0,0.0,0.0,0.0,0.03125,0.0,0.0,0.0
1,0,0.859375,0.109375,0.0,0.0,0.0,0.0,0.0,0.0,0.03125,0.0,0.0,0.0
1,0,0.859375,0.109375,0.0,0.0,0.0,0.0,0.0,0.0,0.03125,0.0,0.0,0.0
1,0,0.859375,0.109375,0.0,0.0,0.0,0.0,0.0,0.0,0.03125,0.0,0.0,0.0
1,0,0.859375,0.109375,0.0,0.0,0.0,0.0,0.0,0.0,0.03125,0.0,0.0,0.0
1,0,0.859375,0.109375,0.0,0.0,0.0,0.0,0.0,0.0,0.03125,0.0,0.0,0.0
1,0,0.859375,0.109375,0.0,0.0,0.0,0.0,0.0,0.0,0.03125,0.0,0.0,0.0
1,0,0.859375,0.109375,0.0,0.0,0.0,0.0,0.0,0.0,0.03125,0.0,0.0,0.0
1,0,0.859375,0.109375,0.0,0.0,0.0,0.0,0.0,0.0,0.03125,0.0,0.0,0.0
1,0,0.859375,0.109375,0.0,0.0,0.0,0.0,0.0,0.0,0.03125,0.0,0.0,0.0
1,0,0.859375,0.109375,0.0,0.0,0.0,0.0,0.0,0.0,0.03125,0.0,0.0,0.0
1,0,0.859375,0.109375,0.0,0.0,0.0,0.0,0.0,0.0,0.03125,0.0,0.0,0.0
1,0,0.859375,0.109375,0.0,0.0,0.0,0.0,0.0,0.0,0.03125,0.0,0.0,0.0
1,0,0.859375,0.09375,0.0,0.0,0.0,0.0,0.0,0.0,0.03125,0.0,0.015625,0.0
1,0,0.859375,0.09375,0.0,0.0,0.0,0.0,0.0,0.0,0.03125,0.0,0.015625,0.0
1,0,0.859375,0.09375,0.0,0.0,0.0,0.0,0.0,0.0,0.03125,0.0,0.015625,0.0
1,0,0.859375,0.09375,0.0,0.0,0.0,0.0,0.0,0.0,0.03125,0.0,0.015625,0.0
1,0,0.859375,0.09375,0.0,0.0,0.0,0.0,0.0,0.0,0.03125,0.0,0.015625,0.0
1,0,0.859375,0.09375,0.0,0.0,0.0,0.0,0.0,0.0,0.03125,0.0,0.015625,0.0
1,0,0.859375,0.09375,0.0,0.0,0.0,0.0,0.0,0.0,0.03125,0.0,0.015625,0.0
1,0,0.875,0.078125,0.0,0.0,0.0,0.0,0.0,0.0,0.03125,0.0,0.015625,0.0
1,0,0.890625,0.0625,0.0,0.0,0.0,0.0,0.0,0.0,0.03125,0.0,0.015625,0.0
1,0,0.890625,0.0625,0.0,0.0,0.0,0.0,0.0,0.0,0.03125,0.0,0.015625,0.0
1,0,0.890625,0.0625,0.0,0.0,0.0,0.0,0.0,0.0,0.03125,0.0,0.015625,0.0
1,0,0.890625,0.0625,0.0,0.0,0.0,0.0,0.0,0.0,0.03125,0.0,0.015625,0.0
1,0,0.890625,0.0625,0.0,0.0,0.0,0.0,0.0,0.0,0.03125,0.0,0.015625,0.0
1,0,0.890625,0.0625,0.0,0.0,0.0,0.0,0.0,0.0,0.03125,0.0,0.015625,0.0
1,0,0.890625,0.0625,0.0,0.0,0.0,0.0,0.0,0.0,0.03125,0.0,0.015625,0.0
1,0,0.890625,0.0625,0.0,0.0,0.0,0.0,0.0,0.0,0.03125,0.0,0.015625,0.0
1,0,0.8888889,0.06349207,0.0,0.0,0.0,0.0,0.0,0.0,0.031746034,0.0,0.015873017,0.0
1,0,0.8888889,0.06349207,0.0,0.0,0.0,0.0,0.0,0.0,0.031746034,0.0,0.015873017,0.0
1,0,0.8888889,0.06349207,0.0,0.0,0.0,0.0,0.0,0.0,0.031746034,0.0,0.015873017,0.0
1,0,0.8888889,0.06349207,0.0,0.0,0.0,0.0,0.0,0.0,0.031746034,0.0,0.015873017,0.0
1,0,0.8888889,0.06349207,0.0,0.0,0.0,0.0,0.0,0.0,0.031746034,0.0,0.015873017,0.0
1,0,0.8730159,0.06349207,0.0,0.0,0.0,0.0,0.0,0.0,0.04761905,0.0,0.015873017,0.0
1,0,0.8730159,0.06349207,0.0,0.0,0.0,0.0,0.0,0.0,0.04761905,0.0,0.015873017,0.0
1,0,0.8730159,0.06349207,0.0,0.0,0.0,0.0,0.0,0.0,0.04761905,0.0,0.015873017,0.0
1,0,0.83870965,0.08064516,0.016129032,0.0,0.0,0.0,0.0,0.0,0.048387095,0.0,0.016129032,0.0
1,0,0.83870965,0.08064516,0.016129032,0.0,0.0,0.0,0.0,0.0,0.048387095,0.0,0.016129032,0.0
1,0,0.83870965,0.08064516,0.016129032,0.0,0.0,0.0,0.0,0.0,0.048387095,0.0,0.016129032,0.0
1,0,0.83870965,0.08064516,0.016129032,0.0,0.0,0.0,0.0,0.0,0.048387095,0.0,0.016129032,0.0
1,0,0.83870965,0.08064516,0.016129032,0.0,0.0,0.0,0.0,0.0,0.048387095,0.0,0.016129032,0.0
1,0,0.83870965,0.08064516,0.016129032,0.0,0.0,0.0,0.0,0.0,0.048387095,0.0,0.016129032,0.0
1,0,0.82258064,0.08064516,0.016129032,0.0,0.0,0.0,0.0,0.0,0.06451613,0.0,0.016129032,0.0
1,0,0.82258064,0.08064516,0.016129032,0.0,0.0,0.0,0.0,0.0,0.06451613,0.0,0.016129032,0.0
1,0,0.82258064,0.08064516,0.016129032,0.0,0.0,0.0,0.0,0.0,0.06451613,0.0,0.016129032,0.0
1,0,0.82258064,0.08064516,0.016129032,0.0,0.0,0.0,0.0,0.0,0.06451613,0.0,0.016129032,0.0
1,0,0.82258064,0.08064516,0.016129032,0.0,0.0,0.0,0.0,0.0,0.06451613,0.0,0.016129032,0.0
1,0,0.82258064,0.08064516,0.016129032,0.0,0.0,0.0,0.0,0.0,0.06451613,0.0,0.016129032,0.0
1,0,0.82258064,0.08064516,0.016129032,0.0,0.0,0.0,0.0,0.0,0.06451613,0.0,0.016129032,0.0
1,0,0.82258064,0.08064516,0.016129032,0.0,0.0,0.0,0.0,0.0,0.06451613,0.0,0.016129032,0.0
1,0,0.82258064,0.08064516,0.016129032,0.0,0.0,0.0,0.0,0.0,0.06451613,0.0,0.016129032,0.0
1,0,0.82258064,0.08064516,0.016129032,0.0,0.0,0.0,0.0,0.0,0.06451613,0.0,0.016129032,0.0
1,0,0.82258064,0.08064516,0.016129032,0.0,0.0,0.0,0.0,0.0,0.06451613,0.0,0.016129032,0.0
1,0,0.82258064,0.08064516,0.016129032,0.0,0.0,0.0,0.0,0.0,0.06451613,0.0,0.016129032,0.0
1,0,0.82258064,0.08064516,0.016129032,0.0,0.0,0.0,0.0,0.0,0.06451613,0.0,0.016129032,0.0
1,0,0.82258064,0.08064516,0.016129032,0.0,0.0,0.0,0.0,0.0,0.06451613,0.0,0.016129032,0.0
1,0,0.8064516,0.08064516,0.032258064,0.0,0.0,0.0,0.0,0.0,0.06451613,0.0,0.016129032,0.0
1,0,0.8064516,0.08064516,0.032258064,0.0,0.0,0.0,0.0,0.0,0.06451613,0.0,0.016129032,0.0
1,0,0.8064516,0.08064516,0.032258064,0.0,0.0,0.0,0.0,0.0,0.06451613,0.0,0.016129032,0.0
1,0,0.8064516,0.08064516,0.032258064,0.0,0.0,0.0,0.0,0.0,0.06451613,0.0,0.016129032,0.0
1,0,0.8064516,0.08064516,0.032258064,0.0,0.0,0.0,0.0,0.0,0.06451613,0.0,0.016129032,0.0
1,0,0.8064516,0.08064516,0.032258064,0.0,0.0,0.0,0.0,0.0,0.06451613,0.0,0.016129032,0.0
1,0,0.8064516,0.08064516,0.032258064,0.0,0.0,0.0,0.0,0.0,0.06451613,0.0,0.016129032,0.0
1,0,0.8064516,0.08064516,0.032258064,0.0,0.0,0.0,0.0,0.0,0.06451613,0.0,0.016129032,0.0
1,0,0.8064516,0.08064516,0.032258064,0.0,0.0,0.0,0.0,0.0,0.06451613,0.0,0.016129032,0.0
1,0,0.8064516,0.08064516,0.032258064,0.0,0.0,0.0,0.0,0.0,0.06451613,0.0,0.016129032,0.0
1,0,0.7903226,0.09677419,0.032258064,0.0,0.0,0.0,0.0,0.0,0.06451613,0.0,0.016129032,0.0
1,0,0.7903226,0.09677419,0.032258064,0.0,0.0,0.0,0.0,0.0,0.06451613,0.0,0.016129032,0.0
1,0,0.7741935,0.09677419,0.032258064,0.0,0.0,0.0,0.0,0.0,0.08064516,0.0,0.016129032,0.0
1,0,0.7741935,0.09677419,0.032258064,0.0,0.0,0.0,0.0,0.0,0.08064516,0.0,0.016129032,0.0
1,0,0.7741935,0.09677419,0.032258064,0.0,0.0,0.0,0.0,0.0,0.08064516,0.0,0.016129032,0.0
1,0,0.7741935,0.09677419,0.032258064,0.0,0.0,0.0,0.0,0.0,0.08064516,0.0,0.016129032,0.0
1,0,0.7741935,0.09677419,0.032258064,0.0,0.0,0.0,0.0,0.0,0.08064516,0.0,0.016129032,0.0
1,0,0.7580645,0.11290322,0.032258064,0.0,0.0,0.0,0.0,0.0,0.08064516,0.0,0.016129032,0.0
1,0,0.7580645,0.11290322,0.032258064,0.0,0.0,0.0,0.0,0.0,0.08064516,0.0,0.016129032,0.0
1,0,0.7580645,0.11290322,0.032258064,0.0,0.0,0.0,0.0,0.0,0.08064516,0.0,0.016129032,0.0
1,0,0.7580645,0.11290322,0.032258064,0.0,0.0,0.0,0.0,0.0,0.08064516,0.0,0.016129032,0.0
1,0,0.7580645,0.11290322,0.032258064,0.0,0.0,0.0,0.0,0.0,0.08064516,0.0,0.016129032,0.0
1,0,0.7580645,0.11290322,0.032258064,0.0,0.0,0.0,0.0,0.0,0.08064516,0.0,0.016129032,0.0
1,0,0.7580645,0.11290322,0.032258064,0.0,0.0,0.0,0.0,0.0,0.08064516,0.0,0.016129032,0.0
1,0,0.7580645,0.11290322,0.032258064,0.0,0.0,0.0,0.0,0.0,0.08064516,0.0,0.016129032,0.0
1,0,0.7580645,0.11290322,0.032258064,0.0,0.0,0.0,0.0,0.0,0.08064516,0.0,0.016129032,0.0
1,0,0.75409836,0.114754096,0.032786883,0.0,0.0,0.0,0.0,0.0,0.08196721,0.0,0.016393442,0.0
1,0,0.73770493,0.13114753,0.032786883,0.0,0.0,0.0,0.0,0.0,0.08196721,0.0,0.016393442,0.0
1,0,0.71666664,0.13333334,0.05,0.0,0.0,0.0,0.0,0.0,0.083333336,0.0,0.016666668,0.0
1,0,0.71666664,0.13333334,0.05,0.0,0.0,0.0,0.0,0.0,0.083333336,0.0,0.016666668,0.0
1,0,0.71666664,0.13333334,0.05,0.0,0.0,0.0,0.0,0.0,0.083333336,0.0,0.016666668,0.0
1,0,0.71666664,0.13333334,0.05,0.0,0.0,0.0,0.0,0.0,0.083333336,0.0,0.016666668,0.0
1,0,0.71666664,0.13333334,0.05,0.0,0.0,0.0,0.0,0.0,0.083333336,0.0,0.016666668,0.0
1,0,0.71666664,0.13333334,0.05,0.0,0.0,0.0,0.0,0.0,0.083333336,0.0,0.016666668,0.0
1,0,0.71666664,0.13333334,0.05,0.0,0.0,0.0,0.0,0.0,0.083333336,0.0,0.016666668,0.0
1,0,0.71666664,0.13333334,0.05,0.0,0.0,0.0,0.0,0.0,0.083333336,0.0,0.016666668,0.0
1,0,0.71666664,0.13333334,0.05,0.0,0.0,0.0,0.0,0.0,0.083333336,0.0,0.016666668,0.0
1,0,0.71666664,0.13333334,0.05,0.0,0.0,0.0,0.0,0.0,0.083333336,0.0,0.016666668,0.0
1,0,0.71666664,0.13333334,0.05,0.0,0.0,0.0,0.0,0.0,0.083333336,0.0,0.016666668,0.0
1,0,0.71666664,0.13333334,0.05,0.0,0.0,0.0,0.0,0.0,0.083333336,0.0,0.016666668,0.0
1,0,0.68333334,0.16666667,0.06666667,0.0,0.0,0.0,0.0,0.0,0.06666667,0.0,0.016666668,0.0
1,0,0.68333334,0.16666667,0.06666667,0.0,0.0,0.0,0.0,0.0,0.06666667,0.0,0.016666668,0.0
1,0,0.68333334,0.16666667,0.06666667,0.0,0.0,0.0,0.0,0.0,0.06666667,0.0,0.016666668,0.0
1,0,0.68333334,0.16666667,0.06666667,0.0,0.0,0.0,0.0,0.0,0.06666667,0.0,0.016666668,0.0
1,0,0.6779661,0.18644068,0.06779661,0.0,0.0,0.0,0.0,0.0,0.050847456,0.0,0.016949153,0.0
1,0,0.6779661,0.18644068,0.06779661,0.0,0.0,0.0,0.0,0.0,0.050847456,0.0,0.016949153,0.0
1,0,0.6779661,0.18644068,0.06779661,0.0,0.0,0.0,0.0,0.0,0.050847456,0.0,0.016949153,0.0
1,0,0.6779661,0.18644068,0.06779661,0.0,0.0,0.0,0.0,0.0,0.050847456,0.0,0.016949153,0.0
1,0,0.6779661,0.18644068,0.06779661,0.0,0.0,0.0,0.0,0.0,0.050847456,0.0,0.016949153,0.0
1,0,0.6779661,0.18644068,0.06779661,0.0,0.0,0.0,0.0,0.0,0.050847456,0.0,0.016949153,0.0
1,0,0.6779661,0.18644068,0.06779661,0.0,0.0,0.0,0.0,0.0,0.050847456,0.0,0.016949153,0.0
1,0,0.6779661,0.18644068,0.06779661,0.0,0.0,0.0,0.0,0.0,0.050847456,0.0,0.016949153,0.0
1,0,0.6779661,0.18644068,0.06779661,0.0,0.0,0.0,0.0,0.0,0.050847456,0.0,0.016949153,0.0
1,0,0.6779661,0.18644068,0.06779661,0.0,0.0,0.0,0.0,0.0,0.050847456,0.0,0.016949153,0.0
1,0,0.6779661,0.18644068,0.06779661,0.0,0.0,0.0,0.0,0.0,0.050847456,0.0,0.016949153,0.0
1,0,0.66101694,0.20338982,0.06779661,0.0,0.0,0.0,0.0,0.0,0.050847456,0.0,0.016949153,0.0
1,0,0.66101694,0.20338982,0.06779661,0.0,0.0,0.0,0.0,0.0,0.050847456,0.0,0.016949153,0.0
1,0,0.66101694,0.20338982,0.06779661,0.0,0.0,0.0,0.0,0.0,0.050847456,0.0,0.016949153,0.0
1,0,0.66101694,0.20338982,0.06779661,0.0,0.0,0.0,0.0,0.0,0.050847456,0.0,0.016949153,0.0
1,0,0.66101694,0.20338982,0.06779661,0.0,0.0,0.0,0.0,0.0,0.050847456,0.0,0.016949153,0.0
1,0,0.62711865,0.2542373,0.06779661,0.0,0.0,0.0,0.0,0.0,0.050847456,0.0,0.0,0.0
1,0,0.62711865,0.2542373,0.06779661,0.0,0.0,0.0,0.0,0.0,0.050847456,0.0,0.0,0.0
1,0,0.62711865,0.2542373,0.06779661,0.0,0.0,0.0,0.0,0.0,0.050847456,0.0,0.0,0.0
1,0,0.62711865,0.2542373,0.06779661,0.0,0.0,0.0,0.0,0.0,0.050847456,0.0,0.0,0.0
1,0,0.6101695,0.2881356,0.06779661,0.0,0.0,0.0,0.0,0.0,0.033898305,0.0,0.0,0.0
1,0,0.6101695,0.2881356,0.06779661,0.0,0.0,0.0,0.0,0.0,0.033898305,0.0,0.0,0.0
1,0,0.6101695,0.2881356,0.06779661,0.0,0.0,0.0,0.0,0.0,0.033898305,0.0,0.0,0.0
1,0,0.6101695,0.2881356,0.06779661,0.0,0.0,0.0,0.0,0.0,0.033898305,0.0,0.0,0.0
1,0,0.59322035,0.30508474,0.06779661,0.0,0.0,0.0,0.0,0.0,0.033898305,0.0,0.0,0.0
1,0,0.59322035,0.30508474,0.06779661,0.0,0.0,0.0,0.0,0.0,0.033898305,0.0,0.0,0.0
1,0,0.59322035,0.30508474,0.06779661,0.0,0.0,0.0,0.0,0.0,0.033898305,0.0,0.0,0.0
1,0,0.59322035,0.30508474,0.06779661,0.0,0.0,0.0,0.0,0.0,0.033898305,0.0,0.0,0.0
1,0,0.59322035,0.30508474,0.06779661,0.0,0.0,0.0,0.0,0.0,0.033898305,0.0,0.0,0.0
1,0,0.59322035,0.30508474,0.06779661,0.0,0.0,0.0,0.0,0.0,0.033898305,0.0,0.0,0.0
1,0,0.59322035,0.30508474,0.06779661,0.0,0.0,0.0,0.0,0.0,0.033898305,0.0,0.0,0.0
1,0,0.59322035,0.30508474,0.06779661,0.0,0.0,0.0,0.0,0.0,0.033898305,0.0,0.0,0.0
1,0,0.55172414,0.3275862,0.0862069,0.0,0.0,0.0,0.0,0.0,0.03448276,0.0,0.0,0.0
1,0,0.55172414,0.3275862,0.0862069,0.0,0.0,0.0,0.0,0.0,0.03448276,0.0,0.0,0.0
1,0,0.55172414,0.3275862,0.0862069,0.0,0.0,0.0,0.0,0.0,0.03448276,0.0,0.0,0.0
1,0,0.55172414,0.3275862,0.0862069,0.0,0.0,0.0,0.0,0.0,0.03448276,0.0,0.0,0.0
1,0,0.55172414,0.3275862,0.0862069,0.0,0.0,0.0,0.0,0.0,0.03448276,0.0,0.0,0.0
1,0,0.55172414,0.3275862,0.0862069,0.0,0.0,0.0,0.0,0.0,0.03448276,0.0,0.0,0.0
1,0,0.55172414,0.3275862,0.0862069,0.0,0.0,0.0,0.0,0.0,0.03448276,0.0,0.0,0.0
1,0,0.55172414,0.3275862,0.0862069,0.0,0.0,0.0,0.0,0.0,0.03448276,0.0,0.0,0.0
1,0,0.55172414,0.3275862,0.0862069,0.0,0.0,0.0,0.0,0.0,0.03448276,0.0,0.0,0.0
1,0,0.55172414,0.3275862,0.0862069,0.0,0.0,0.0,0.0,0.0,0.03448276,0.0,0.0,0.0
1,0,0.55172414,0.3275862,0.0862069,0.0,0.0,0.0,0.0,0.0,0.03448276,0.0,0.0,0.0
1,0,0.55172414,0.3275862,0.0862069,0.0,0.0,0.0,0.0,0.0,0.03448276,0.0,0.0,0.0
1,0,0.55172414,0.3275862,0.0862069,0.0,0.0,0.0,0.0,0.0,0.03448276,0.0,0.0,0.0
1,0,0.5344828,0.3448276,0.0862069,0.0,0.0,0.0,0.0,0.0,0.03448276,0.0,0.0,0.0
1,0,0.5344828,0.3448276,0.0862069,0.0,0.0,0.0,0.0,0.0,0.03448276,0.0,0.0,0.0
1,0,0.5344828,0.3448276,0.0862069,0.0,0.0,0.0,0.0,0.0,0.03448276,0.0,0.0,0.0
1,0,0.5263158,0.3508772,0.0877193,0.0,0.0,0.0,0.0,0.0,0.03508772,0.0,0.0,0.0
1,0,0.5263158,0.3508772,0.0877193,0.0,0.0,0.0,0.0,0.0,0.03508772,0.0,0.0,0.0
1,0,0.5263158,0.3508772,0.0877193,0.0,0.0,0.0,0.0,0.0,0.03508772,0.0,0.0,0.0
1,0,0.5263158,0.3508772,0.0877193,0.0,0.0,0.0,0.0,0.0,0.03508772,0.0,0.0,0.0
1,0,0.5263158,0.3508772,0.0877193,0.0,0.0,0.0,0.0,0.0,0.03508772,0.0,0.0,0.0
1,0,0.5263158,0.3508772,0.0877193,0.0,0.0,0.0,0.0,0.0,0.03508772,0.0,0.0,0.0
1,0,0.5263158,0.3508772,0.0877193,0.0,0.0,0.0,0.0,0.0,0.03508772,0.0,0.0,0.0
1,0,0.5263158,0.3508772,0.0877193,0.0,0.0,0.0,0.0,0.0,0.03508772,0.0,0.0,0.0
1,0,0.47368422,0.3859649,0.0877193,0.0,0.0,0.0,0.0,0.0,0.03508772,0.0,0.01754386,0.0
1,0,0.47368422,0.3859649,0.0877193,0.0,0.0,0.0,0.0,0.0,0.03508772,0.0,0.01754386,0.0
1,0,0.47368422,0.3859649,0.0877193,0.0,0.0,0.0,0.0,0.0,0.03508772,0.0,0.01754386,0.0
1,0,0.47368422,0.3859649,0.0877193,0.0,0.0,0.0,0.0,0.0,0.03508772,0.0,0.01754386,0.0
1,0,0.47368422,0.3859649,0.0877193,0.0,0.0,0.0,0.0,0.0,0.03508772,0.0,0.01754386,0.0
1,0,0.47368422,0.3859649,0.0877193,0.0,0.0,0.0,0.0,0.0,0.03508772,0.0,0.01754386,0.0
1,0,0.47368422,0.3859649,0.0877193,0.0,0.0,0.0,0.0,0.0,0.03508772,0.0,0.01754386,0.0
1,0,0.47368422,0.3859649,0.0877193,0.0,0.0,0.0,0.0,0.0,0.03508772,0.0,0.01754386,0.0
1,0,0.47368422,0.3859649,0.0877193,0.0,0.0,0.0,0.0,0.0,0.03508772,0.0,0.01754386,0.0
1,0,0.47368422,0.3859649,0.0877193,0.0,0.0,0.0,0.0,0.0,0.03508772,0.0,0.01754386,0.0
1,0,0.47368422,0.3859649,0.0877193,0.0,0.0,0.0,0.0,0.0,0.03508772,0.0,0.01754386,0.0
1,0,0.47368422,0.3859649,0.0877193,0.0,0.0,0.0,0.0,0.0,0.03508772,0.0,0.01754386,0.0
1,0,0.47368422,0.3859649,0.0877193,0.0,0.0,0.0,0.0,0.0,0.03508772,0.0,0.01754386,0.0
1,0,0.47368422,0.3859649,0.0877193,0.0,0.0,0.0,0.0,0.0,0.03508772,0.0,0.01754386,0.0
1,0,0.47368422,0.3859649,0.0877193,0.0,0.0,0.0,0.0,0.0,0.03508772,0.0,0.01754386,0.0
1,0,0.47368422,0.3859649,0.0877193,0.0,0.0,0.0,0.0,0.0,0.03508772,0.0,0.01754386,0.0
1,0,0.47368422,0.3859649,0.0877193,0.0,0.0,0.0,0.0,0.0,0.03508772,0.0,0.01754386,0.0
1,0,0.47368422,0.3859649,0.0877193,0.0,0.0,0.0,0.0,0.0,0.03508772,0.0,0.01754386,0.0
1,0,0.47368422,0.3859649,0.0877193,0.0,0.0,0.0,0.0,0.0,0.03508772,0.0,0.01754386,0.0
1,0,0.47368422,0.3859649,0.0877193,0.0,0.0,0.0,0.0,0.0,0.03508772,0.0,0.01754386,0.0
1,0,0.45614034,0.3859649,0.10526316,0.0,0.0,0.0,0.0,0.0,0.03508772,0.0,0.01754386,0.0
1,0,0.45614034,0.3859649,0.10526316,0.0,0.0,0.0,0.0,0.0,0.03508772,0.0,0.01754386,0.0
1,0,0.44642857,0.39285713,0.10714286,0.0,0.0,0.0,0.0,0.0,0.035714287,0.0,0.017857144,0.0
1,0,0.44642857,0.39285713,0.10714286,0.0,0.0,0.0,0.0,0.0,0.035714287,0.0,0.017857144,0.0
1,0,0.4107143,0.4107143,0.125,0.0,0.0,0.0,0.0,0.0,0.035714287,0.0,0.017857144,0.0
1,0,0.4107143,0.4107143,0.125,0.0,0.0,0.0,0.0,0.0,0.035714287,0.0,0.017857144,0.0
1,0,0.4107143,0.4107143,0.125,0.0,0.0,0.0,0.0,0.0,0.035714287,0.0,0.017857144,0.0
1,0,0.4107143,0.4107143,0.125,0.0,0.0,0.0,0.0,0.0,0.035714287,0.0,0.017857144,0.0
1,0,0.4107143,0.4107143,0.125,0.0,0.0,0.0,0.0,0.0,0.035714287,0.0,0.017857144,0.0
1,0,0.4107143,0.4107143,0.125,0.0,0.0,0.0,0.0,0.0,0.035714287,0.0,0.017857144,0.0
1,0,0.4107143,0.4107143,0.125,0.0,0.0,0.0,0.0,0.0,0.035714287,0.0,0.017857144,0.0
1,0,0.4107143,0.4107143,0.125,0.0,0.0,0.0,0.0,0.0,0.035714287,0.0,0.017857144,0.0
1,1,0.39285713,0.42857143,0.125,0.0,0.0,0.0,0.0,0.0,0.035714287,0.0,0.017857144,0.0
1,1,0.39285713,0.42857143,0.125,0.0,0.0,0.0,0.0,0.0,0.035714287,0.0,0.017857144,0.0
1,1,0.39285713,0.42857143,0.125,0.0,0.0,0.0,0.0,0.0,0.035714287,0.0,0.017857144,0.0
1,1,0.39285713,0.42857143,0.125,0.0,0.0,0.0,0.0,0.0,0.035714287,0.0,0.017857144,0.0
1,1,0.39285713,0.42857143,0.125,0.0,0.0,0.0,0.0,0.0,0.035714287,0.0,0.017857144,0.0
1,1,0.39285713,0.42857143,0.125,0.0,0.0,0.0,0.0,0.0,0.035714287,0.0,0.017857144,0.0
1,1,0.39285713,0.42857143,0.125,0.0,0.0,0.0,0.0,0.0,0.035714287,0.0,0.017857144,0.0
1,1,0.39285713,0.42857143,0.125,0.0,0.0,0.0,0.0,0.0,0.035714287,0.0,0.017857144,0.0
1,1,0.4,0.43636364,0.12727273,0.0,0.0,0.0,0.0,0.0,0.018181818,0.0,0.018181818,0.0
1,1,0.4,0.43636364,0.12727273,0.0,0.0,0.0,0.0,0.0,0.018181818,0.0,0.018181818,0.0
1,1,0.4,0.43636364,0.12727273,0.0,0.0,0.0,0.0,0.0,0.018181818,0.0,0.018181818,0.0
1,1,0.4,0.43636364,0.12727273,0.0,0.0,0.0,0.0,0.0,0.018181818,0.0,0.018181818,0.0
1,1,0.4,0.43636364,0.12727273,0.0,0.0,0.0,0.0,0.0,0.018181818,0.0,0.018181818,0.0
1,1,0.4,0.43636364,0.12727273,0.0,0.0,0.0,0.0,0.0,0.018181818,0.0,0.018181818,0.0
1,1,0.4,0.43636364,0.12727273,0.0,0.0,0.0,0.0,0.0,0.018181818,0.0,0.018181818,0.0
1,1,0.4,0.43636364,0.12727273,0.0,0.0,0.0,0.0,0.0,0.018181818,0.0,0.018181818,0.0
1,1,0.4,0.43636364,0.12727273,0.0,0.0,0.0,0.0,0.0,0.018181818,0.0,0.018181818,0.0
1,1,0.4,0.43636364,0.12727273,0.0,0.0,0.0,0.0,0.0,0.018181818,0.0,0.018181818,0.0
1,1,0.4,0.43636364,0.12727273,0.0,0.0,0.0,0.0,0.0,0.018181818,0.0,0.018181818,0.0
1,1,0.4,0.43636364,0.12727273,0.0,0.0,0.0,0.0,0.0,0.018181818,0.0,0.018181818,0.0
1,1,0.4,0.43636364,0.12727273,0.0,0.0,0.0,0.0,0.0,0.018181818,0.0,0.018181818,0.0
1,1,0.4,0.43636364,0.12727273,0.0,0.0,0.0,0.0,0.0,0.018181818,0.0,0.018181818,0.0
1,1,0.38181818,0.45454547,0.12727273,0.0,0.0,0.0,0.0,0.0,0.018181818,0.0,0.018181818,0.0
1,1,0.38181818,0.45454547,0.12727273,0.0,0.0,0.0,0.0,0.0,0.018181818,0.0,0.018181818,0.0
1,1,0.38181818,0.45454547,0.12727273,0.0,0.0,0.0,0.0,0.0,0.018181818,0.0,0.018181818,0.0
1,1,0.38181818,0.45454547,0.12727273,0.0,0.0,0.0,0.0,0.0,0.018181818,0.0,0.018181818,0.0
1,1,0.38181818,0.45454547,0.12727273,0.0,0.0,0.0,0.0,0.0,0.018181818,0.0,0.018181818,0.0
1,1,0.38181818,0.45454547,0.12727273,0.0,0.0,0.0,0.0,0.0,0.018181818,0.0,0.018181818,0.0
1,1,0.38181818,0.45454547,0.12727273,0.0,0.0,0.0,0.0,0.0,0.018181818,0.0,0.018181818,0.0
1,1,0.38181818,0.45454547,0.12727273,0.0,0.0,0.0,0.0,0.0,0.018181818,0.0,0.018181818,0.0
1,1,0.38181818,0.45454547,0.12727273,0.0,0.0,0.0,0.0,0.0,0.018181818,0.0,0.018181818,0.0
1,1,0.38181818,0.45454547,0.12727273,0.0,0.0,0.0,0.0,0.0,0.018181818,0.0,0.018181818,0.0
1,1,0.38181818,0.45454547,0.12727273,0.0,0.0,0.0,0.0,0.0,0.018181818,0.0,0.018181818,0.0
1,1,0.38181818,0.45454547,0.12727273,0.0,0.0,0.0,0.0,0.0,0.018181818,0.0,0.018181818,0.0
1,1,0.38181818,0.45454547,0.12727273,0.0,0.0,0.0,0.0,0.0,0.018181818,0.0,0.018181818,0.0
1,1,0.38181818,0.45454547,0.12727273,0.0,0.0,0.0,0.0,0.0,0.018181818,0.0,0.018181818,0.0
1,1,0.38181818,0.45454547,0.12727273,0.0,0.0,0.0,0.0,0.0,0.018181818,0.0,0.018181818,0.0
1,1,0.38181818,0.45454547,0.12727273,0.0,0.0,0.0,0.0,0.0,0.018181818,0.0,0.018181818,0.0
1,1,0.38181818,0.45454547,0.12727273,0.0,0.0,0.0,0.0,0.0,0.018181818,0.0,0.018181818,0.0
1,1,0.38181818,0.45454547,0.12727273,0.0,0.0,0.0,0.0,0.0,0.018181818,0.0,0.018181818,0.0
1,1,0.4,0.45454547,0.09090909,0.0,0.0,0.0,0.0,0.0,0.0,0.0,0.054545455,0.0
1,1,0.4,0.45454547,0.09090909,0.0,0.0,0.0,0.0,0.0,0.0,0.0,0.054545455,0.0
1,1,0.4,0.45454547,0.09090909,0.0,0.0,0.0,0.0,0.0,0.0,0.0,0.054545455,0.0
1,1,0.4,0.45454547,0.09090909,0.0,0.0,0.0,0.0,0.0,0.0,0.0,0.054545455,0.0
1,1,0.4,0.45454547,0.09090909,0.0,0.0,0.0,0.0,0.0,0.0,0.0,0.054545455,0.0
1,1,0.4,0.45454547,0.09090909,0.0,0.0,0.0,0.0,0.0,0.0,0.0,0.054545455,0.0
1,1,0.4,0.45454547,0.09090909,0.0,0.0,0.0,0.0,0.0,0.0,0.0,0.054545455,0.0
1,1,0.4,0.45454547,0.09090909,0.0,0.0,0.0,0.0,0.0,0.0,0.0,0.054545455,0.0
1,1,0.4,0.45454547,0.09090909,0.0,0.0,0.0,0.0,0.0,0.0,0.0,0.054545455,0.0
1,1,0.4,0.45454547,0.09090909,0.0,0.0,0.0,0.0,0.0,0.0,0.0,0.054545455,0.0
1,1,0.4,0.45454547,0.09090909,0.0,0.0,0.0,0.0,0.0,0.0,0.0,0.054545455,0.0
1,1,0.4,0.45454547,0.09090909,0.0,0.0,0.0,0.0,0.0,0.0,0.0,0.054545455,0.0
1,1,0.4,0.45454547,0.09090909,0.0,0.0,0.0,0.0,0.0,0.0,0.0,0.054545455,0.0
1,1,0.4,0.45454547,0.09090909,0.0,0.0,0.0,0.0,0.0,0.0,0.0,0.054545455,0.0
1,1,0.4,0.45454547,0.09090909,0.0,0.0,0.0,0.0,0.0,0.0,0.0,0.054545455,0.0
1,1,0.4,0.45454547,0.09090909,0.0,0.0,0.0,0.0,0.0,0.0,0.0,0.054545455,0.0
1,1,0.4,0.45454547,0.09090909,0.0,0.0,0.0,0.0,0.0,0.0,0.0,0.054545455,0.0
1,1,0.4,0.45454547,0.09090909,0.0,0.0,0.0,0.0,0.0,0.0,0.0,0.054545455,0.0
1,1,0.4,0.45454547,0.09090909,0.0,0.0,0.0,0.0,0.0,0.0,0.0,0.054545455,0.0
1,1,0.4,0.45454547,0.09090909,0.0,0.0,0.0,0.0,0.0,0.0,0.0,0.054545455,0.0
1,1,0.4,0.45454547,0.09090909,0.0,0.0,0.0,0.0,0.0,0.0,0.0,0.054545455,0.0
1,1,0.4,0.45454547,0.09090909,0.0,0.0,0.0,0.0,0.0,0.0,0.0,0.054545455,0.0
1,1,0.4,0.45454547,0.09090909,0.0,0.0,0.0,0.0,0.0,0.0,0.0,0.054545455,0.0
1,1,0.4,0.45454547,0.09090909,0.0,0.0,0.0,0.0,0.0,0.0,0.0,0.054545455,0.0
1,0,0.43636364,0.43636364,0.07272727,0.0,0.0,0.0,0.0,0.0,0.0,0.0,0.054545455,0.0
1,0,0.43636364,0.43636364,0.07272727,0.0,0.0,0.0,0.0,0.0,0.0,0.0,0.054545455,0.0
1,0,0.43636364,0.43636364,0.07272727,0.0,0.0,0.0,0.0,0.0,0.0,0.0,0.054545455,0.0
1,0,0.43636364,0.43636364,0.07272727,0.0,0.0,0.0,0.0,0.0,0.0,0.0,0.054545455,0.0
1,0,0.43636364,0.43636364,0.07272727,0.0,0.0,0.0,0.0,0.0,0.0,0.0,0.054545455,0.0
1,0,0.43636364,0.43636364,0.07272727,0.0,0.0,0.0,0.0,0.0,0.0,0.0,0.054545455,0.0
1,0,0.43636364,0.43636364,0.07272727,0.0,0.0,0.0,0.0,0.0,0.0,0.0,0.054545455,0.0
1,0,0.43636364,0.43636364,0.07272727,0.0,0.0,0.0,0.0,0.0,0.0,0.0,0.054545455,0.0
1,0,0.43636364,0.43636364,0.07272727,0.0,0.0,0.0,0.0,0.0,0.0,0.0,0.054545455,0.0
1,0,0.43636364,0.43636364,0.07272727,0.0,0.0,0.0,0.0,0.0,0.0,0.0,0.054545455,0.0
1,0,0.43636364,0.43636364,0.07272727,0.0,0.0,0.0,0.0,0.0,0.0,0.0,0.054545455,0.0
1,0,0.43636364,0.43636364,0.07272727,0.0,0.0,0.0,0.0,0.0,0.0,0.0,0.054545455,0.0
1,0,0.45454547,0.43636364,0.054545455,0.0,0.0,0.0,0.0,0.0,0.0,0.0,0.054545455,0.0
1,0,0.45454547,0.43636364,0.054545455,0.0,0.0,0.0,0.0,0.0,0.0,0.0,0.054545455,0.0
1,0,0.45454547,0.43636364,0.054545455,0.0,0.0,0.0,0.0,0.0,0.0,0.0,0.054545455,0.0
1,0,0.45454547,0.43636364,0.054545455,0.0,0.0,0.0,0.0,0.0,0.0,0.0,0.054545455,0.0
1,0,0.45454547,0.43636364,0.054545455,0.0,0.0,0.0,0.0,0.0,0.0,0.0,0.054545455,0.0
1,0,0.45454547,0.43636364,0.054545455,0.0,0.0,0.0,0.0,0.0,0.0,0.0,0.054545455,0.0
1,0,0.45454547,0.43636364,0.054545455,0.0,0.0,0.0,0.0,0.0,0.0,0.0,0.054545455,0.0
1,0,0.45454547,0.43636364,0.054545455,0.0,0.0,0.0,0.0,0.0,0.0,0.0,0.054545455,0.0
1,0,0.47272727,0.4181818,0.054545455,0.0,0.0,0.0,0.0,0.0,0.0,0.0,0.054545455,0.0
1,0,0.47272727,0.4181818,0.054545455,0.0,0.0,0.0,0.0,0.0,0.0,0.0,0.054545455,0.0
1,0,0.47272727,0.4181818,0.054545455,0.0,0.0,0.0,0.0,0.0,0.0,0.0,0.054545455,0.0
1,0,0.47272727,0.4181818,0.054545455,0.0,0.0,0.0,0.0,0.0,0.0,0.0,0.054545455,0.0
1,0,0.43636364,0.43636364,0.054545455,0.0,0.0,0.0,0.0,0.018181818,0.0,0.0,0.054545455,0.0
1,0,0.43636364,0.43636364,0.054545455,0.0,0.0,0.0,0.0,0.018181818,0.0,0.0,0.054545455,0.0
1,0,0.43636364,0.43636364,0.054545455,0.0,0.0,0.0,0.0,0.018181818,0.0,0.0,0.054545455,0.0
1,0,0.43636364,0.43636364,0.054545455,0.0,0.0,0.0,0.0,0.018181818,0.0,0.0,0.054545455,0.0
1,0,0.43636364,0.43636364,0.054545455,0.0,0.0,0.0,0.0,0.018181818,0.0,0.0,0.054545455,0.0
1,0,0.43636364,0.43636364,0.054545455,0.0,0.0,0.0,0.0,0.018181818,0.0,0.0,0.054545455,0.0
1,0,0.42857143,0.44642857,0.05357143,0.0,0.0,0.0,0.0,0.017857144,0.0,0.0,0.05357143,0.0
1,0,0.42857143,0.44642857,0.05357143,0.0,0.0,0.0,0.0,0.017857144,0.0,0.0,0.05357143,0.0
1,0,0.42857143,0.44642857,0.05357143,0.0,0.0,0.0,0.0,0.017857144,0.0,0.0,0.05357143,0.0
1,0,0.42857143,0.44642857,0.05357143,0.0,0.0,0.0,0.0,0.017857144,0.0,0.0,0.05357143,0.0
1,0,0.42857143,0.44642857,0.05357143,0.0,0.0,0.0,0.0,0.017857144,0.0,0.0,0.05357143,0.0
1,0,0.42857143,0.44642857,0.05357143,0.0,0.0,0.0,0.0,0.017857144,0.0,0.0,0.05357143,0.0
1,0,0.42857143,0.44642857,0.05357143,0.0,0.0,0.0,0.0,0.017857144,0.0,0.0,0.05357143,0.0
1,0,0.42857143,0.44642857,0.05357143,0.0,0.0,0.0,0.0,0.017857144,0.0,0.0,0.05357143,0.0
1,0,0.42857143,0.44642857,0.05357143,0.0,0.0,0.0,0.0,0.017857144,0.0,0.0,0.05357143,0.0
1,0,0.44642857,0.42857143,0.05357143,0.0,0.0,0.0,0.0,0.017857144,0.0,0.0,0.05357143,0.0
1,0,0.42857143,0.44642857,0.05357143,0.0,0.0,0.0,0.0,0.017857144,0.0,0.0,0.05357143,0.0
1,0,0.42857143,0.44642857,0.05357143,0.0,0.0,0.0,0.0,0.017857144,0.0,0.0,0.05357143,0.0
1,0,0.42857143,0.44642857,0.05357143,0.0,0.0,0.0,0.0,0.017857144,0.0,0.0,0.05357143,0.0
1,0,0.42857143,0.44642857,0.05357143,0.0,0.0,0.0,0.0,0.017857144,0.0,0.0,0.05357143,0.0
1,0,0.4107143,0.44642857,0.05357143,0.0,0.0,0.0,0.0,0.017857144,0.0,0.0,0.05357143,0.017857144
1,0,0.42857143,0.42857143,0.05357143,0.0,0.0,0.0,0.0,0.017857144,0.0,0.0,0.05357143,0.017857144
1,0,0.42857143,0.42857143,0.05357143,0.0,0.0,0.0,0.0,0.017857144,0.0,0.0,0.05357143,0.017857144
1,0,0.42857143,0.42857143,0.05357143,0.0,0.0,0.0,0.0,0.017857144,0.0,0.0,0.05357143,0.017857144
1,0,0.42857143,0.44642857,0.05357143,0.0,0.0,0.0,0.0,0.017857144,0.0,0.0,0.035714287,0.017857144
1,0,0.42857143,0.44642857,0.05357143,0.0,0.0,0.0,0.0,0.017857144,0.0,0.0,0.035714287,0.017857144
1,0,0.42857143,0.44642857,0.05357143,0.0,0.0,0.0,0.0,0.017857144,0.0,0.0,0.035714287,0.017857144
1,0,0.42857143,0.44642857,0.05357143,0.0,0.0,0.0,0.0,0.017857144,0.0,0.0,0.035714287,0.017857144
1,0,0.42857143,0.44642857,0.05357143,0.0,0.0,0.0,0.0,0.017857144,0.0,0.0,0.035714287,0.017857144
1,0,0.42857143,0.44642857,0.05357143,0.0,0.0,0.0,0.0,0.017857144,0.0,0.0,0.035714287,0.017857144
1,0,0.42857143,0.44642857,0.05357143,0.0,0.0,0.0,0.0,0.017857144,0.0,0.0,0.035714287,0.017857144
1,0,0.42857143,0.44642857,0.05357143,0.0,0.0,0.0,0.0,0.017857144,0.0,0.0,0.035714287,0.017857144
1,0,0.44642857,0.4642857,0.035714287,0.0,0.0,0.0,0.0,0.017857144,0.0,0.0,0.017857144,0.017857144
1,0,0.44642857,0.4642857,0.035714287,0.0,0.0,0.0,0.0,0.017857144,0.0,0.0,0.017857144,0.017857144
1,0,0.44642857,0.4642857,0.035714287,0.0,0.0,0.0,0.0,0.017857144,0.0,0.0,0.017857144,0.017857144
1,0,0.44642857,0.4642857,0.035714287,0.0,0.0,0.0,0.0,0.017857144,0.0,0.0,0.017857144,0.017857144
1,0,0.44642857,0.4642857,0.035714287,0.0,0.0,0.0,0.0,0.017857144,0.0,0.0,0.017857144,0.017857144
1,0,0.44642857,0.4642857,0.035714287,0.0,0.0,0.0,0.0,0.017857144,0.0,0.0,0.017857144,0.017857144
1,0,0.44642857,0.4642857,0.035714287,0.0,0.0,0.0,0.0,0.017857144,0.0,0.0,0.017857144,0.017857144
1,0,0.44642857,0.4642857,0.035714287,0.0,0.0,0.0,0.0,0.017857144,0.0,0.0,0.017857144,0.017857144
1,0,0.4642857,0.4642857,0.017857144,0.0,0.0,0.0,0.0,0.017857144,0.0,0.0,0.017857144,0.017857144
1,0,0.4642857,0.4642857,0.017857144,0.0,0.0,0.0,0.0,0.017857144,0.0,0.0,0.017857144,0.017857144
1,0,0.4642857,0.4642857,0.017857144,0.0,0.0,0.0,0.0,0.017857144,0.0,0.0,0.017857144,0.017857144
1,0,0.4642857,0.4642857,0.017857144,0.0,0.0,0.0,0.0,0.017857144,0.0,0.0,0.017857144,0.017857144
1,0,0.4642857,0.4642857,0.017857144,0.0,0.0,0.0,0.0,0.017857144,0.0,0.0,0.017857144,0.017857144
1,0,0.4642857,0.4642857,0.017857144,0.0,0.0,0.0,0.0,0.017857144,0.0,0.0,0.017857144,0.017857144
1,1,0.44642857,0.48214287,0.017857144,0.0,0.0,0.0,0.0,0.017857144,0.0,0.0,0.017857144,0.017857144
1,1,0.44642857,0.5,0.017857144,0.0,0.0,0.0,0.0,0.017857144,0.0,0.0,0.017857144,0.0
1,1,0.41666666,0.53333336,0.016666668,0.0,0.0,0.0,0.0,0.016666668,0.0,0.0,0.016666668,0.0
1,1,0.41666666,0.53333336,0.016666668,0.0,0.0,0.0,0.0,0.016666668,0.0,0.0,0.016666668,0.0
1,1,0.41666666,0.53333336,0.016666668,0.0,0.0,0.0,0.0,0.016666668,0.0,0.0,0.016666668,0.0
1,1,0.41666666,0.53333336,0.016666668,0.0,0.0,0.0,0.0,0.016666668,0.0,0.0,0.016666668,0.0
1,1,0.41666666,0.53333336,0.016666668,0.0,0.0,0.0,0.0,0.016666668,0.0,0.0,0.016666668,0.0
1,1,0.41666666,0.53333336,0.016666668,0.0,0.0,0.0,0.0,0.016666668,0.0,0.0,0.016666668,0.0
1,1,0.41666666,0.53333336,0.016666668,0.0,0.0,0.0,0.0,0.016666668,0.0,0.0,0.016666668,0.0
1,1,0.41666666,0.53333336,0.016666668,0.0,0.0,0.0,0.0,0.016666668,0.0,0.0,0.016666668,0.0
1,1,0.41666666,0.53333336,0.016666668,0.0,0.0,0.0,0.0,0.016666668,0.0,0.0,0.016666668,0.0
1,1,0.41666666,0.53333336,0.016666668,0.0,0.0,0.0,0.0,0.016666668,0.0,0.0,0.016666668,0.0
1,1,0.41666666,0.53333336,0.016666668,0.0,0.0,0.0,0.0,0.016666668,0.0,0.0,0.016666668,0.0
1,1,0.41666666,0.53333336,0.016666668,0.0,0.0,0.0,0.0,0.016666668,0.0,0.0,0.016666668,0.0
1,1,0.41666666,0.51666665,0.033333335,0.0,0.0,0.0,0.0,0.016666668,0.0,0.0,0.016666668,0.0
1,1,0.41666666,0.51666665,0.033333335,0.0,0.0,0.0,0.0,0.016666668,0.0,0.0,0.016666668,0.0
1,1,0.41666666,0.51666665,0.033333335,0.0,0.0,0.0,0.0,0.016666668,0.0,0.0,0.016666668,0.0
1,1,0.41666666,0.51666665,0.033333335,0.0,0.0,0.0,0.0,0.016666668,0.0,0.0,0.016666668,0.0
1,1,0.4262295,0.5081967,0.032786883,0.0,0.0,0.0,0.0,0.016393442,0.0,0.0,0.016393442,0.0
1,1,0.4262295,0.5081967,0.032786883,0.0,0.0,0.0,0.0,0.016393442,0.0,0.0,0.016393442,0.0
1,1,0.4262295,0.5081967,0.032786883,0.0,0.0,0.0,0.0,0.016393442,0.0,0.0,0.016393442,0.0
1,1,0.4262295,0.5081967,0.032786883,0.0,0.0,0.0,0.0,0.016393442,0.0,0.0,0.016393442,0.0
1,1,0.4262295,0.5081967,0.032786883,0.0,0.0,0.0,0.0,0.016393442,0.0,0.0,0.016393442,0.0
1,1,0.4262295,0.5081967,0.032786883,0.0,0.0,0.0,0.0,0.016393442,0.0,0.0,0.016393442,0.0
1,1,0.4262295,0.5081967,0.032786883,0.0,0.0,0.0,0.0,0.016393442,0.0,0.0,0.016393442,0.0
1,1,0.43548387,0.5,0.032258064,0.0,0.0,0.0,0.0,0.016129032,0.0,0.0,0.016129032,0.0
1,1,0.43548387,0.5,0.032258064,0.0,0.0,0.0,0.0,0.016129032,0.0,0.0,0.016129032,0.0
1,1,0.43548387,0.5,0.032258064,0.0,0.0,0.0,0.0,0.016129032,0.0,0.0,0.016129032,0.0
1,1,0.43548387,0.5,0.032258064,0.0,0.0,0.0,0.0,0.016129032,0.0,0.0,0.016129032,0.0
1,1,0.43548387,0.5,0.032258064,0.0,0.0,0.0,0.0,0.016129032,0.0,0.0,0.016129032,0.0
1,1,0.43548387,0.5,0.032258064,0.0,0.0,0.0,0.0,0.016129032,0.0,0.0,0.016129032,0.0
1,1,0.43548387,0.5,0.032258064,0.0,0.0,0.0,0.0,0.016129032,0.0,0.0,0.016129032,0.0
1,1,0.43548387,0.5,0.032258064,0.0,0.0,0.0,0.0,0.016129032,0.0,0.0,0.016129032,0.0
1,1,0.43548387,0.5,0.032258064,0.0,0.0,0.0,0.0,0.016129032,0.0,0.0,0.016129032,0.0
1,1,0.41935483,0.516129,0.016129032,0.0,0.0,0.0,0.016129032,0.016129032,0.0,0.0,0.016129032,0.0
1,1,0.41935483,0.516129,0.016129032,0.0,0.0,0.0,0.016129032,0.016129032,0.0,0.0,0.016129032,0.0
1,1,0.41935483,0.516129,0.016129032,0.0,0.0,0.0,0.016129032,0.016129032,0.0,0.0,0.016129032,0.0
1,1,0.41935483,0.516129,0.016129032,0.0,0.0,0.0,0.016129032,0.016129032,0.0,0.0,0.016129032,0.0
1,1,0.41935483,0.516129,0.016129032,0.0,0.0,0.0,0.016129032,0.016129032,0.0,0.0,0.016129032,0.0
1,1,0.41935483,0.516129,0.016129032,0.0,0.0,0.0,0.016129032,0.016129032,0.0,0.0,0.016129032,0.0
1,1,0.41935483,0.516129,0.016129032,0.0,0.0,0.0,0.016129032,0.016129032,0.0,0.0,0.016129032,0.0
1,1,0.41935483,0.516129,0.016129032,0.0,0.0,0.0,0.016129032,0.016129032,0.0,0.0,0.016129032,0.0
1,1,0.40625,0.53125,0.015625,0.0,0.0,0.0,0.015625,0.015625,0.0,0.0,0.015625,0.0
1,1,0.40625,0.53125,0.015625,0.0,0.0,0.0,0.015625,0.015625,0.0,0.0,0.015625,0.0
1,1,0.40625,0.53125,0.015625,0.0,0.0,0.0,0.015625,0.015625,0.0,0.0,0.015625,0.0
1,1,0.40625,0.53125,0.015625,0.0,0.0,0.0,0.015625,0.015625,0.0,0.0,0.015625,0.0
1,1,0.390625,0.546875,0.015625,0.0,0.0,0.0,0.015625,0.015625,0.0,0.0,0.015625,0.0
1,1,0.390625,0.546875,0.015625,0.0,0.0,0.0,0.015625,0.015625,0.0,0.0,0.015625,0.0
1,1,0.390625,0.546875,0.015625,0.0,0.0,0.0,0.015625,0.015625,0.0,0.0,0.015625,0.0
1,1,0.390625,0.546875,0.015625,0.0,0.0,0.0,0.015625,0.015625,0.0,0.0,0.015625,0.0
1,1,0.359375,0.578125,0.015625,0.0,0.0,0.0,0.015625,0.015625,0.0,0.0,0.015625,0.0
1,1,0.359375,0.578125,0.015625,0.0,0.0,0.0,0.015625,0.015625,0.0,0.0,0.015625,0.0
1,1,0.359375,0.578125,0.015625,0.0,0.0,0.0,0.015625,0.015625,0.0,0.0,0.015625,0.0
1,1,0.359375,0.578125,0.015625,0.0,0.0,0.0,0.015625,0.015625,0.0,0.0,0.015625,0.0
1,1,0.359375,0.59375,0.0,0.0,0.0,0.0,0.015625,0.015625,0.0,0.0,0.015625,0.0
1,1,0.359375,0.59375,0.0,0.0,0.0,0.0,0.015625,0.015625,0.0,0.0,0.015625,0.0
1,1,0.34375,0.609375,0.0,0.0,0.0,0.0,0.015625,0.015625,0.0,0.0,0.015625,0.0
1,1,0.34375,0.609375,0.0,0.0,0.0,0.0,0.015625,0.015625,0.0,0.0,0.015625,0.0
1,1,0.34375,0.609375,0.0,0.0,0.0,0.0,0.015625,0.015625,0.0,0.0,0.015625,0.0
1,1,0.34375,0.609375,0.0,0.0,0.0,0.0,0.015625,0.015625,0.0,0.0,0.015625,0.0
1,1,0.34375,0.609375,0.0,0.0,0.0,0.0,0.015625,0.015625,0.0,0.0,0.015625,0.0
1,1,0.34375,0.609375,0.0,0.0,0.0,0.0,0.015625,0.015625,0.0,0.0,0.015625,0.0
1,1,0.34375,0.609375,0.0,0.0,0.0,0.0,0.015625,0.015625,0.0,0.0,0.015625,0.0
1,1,0.34375,0.609375,0.0,0.0,0.0,0.0,0.015625,0.015625,0.0,0.0,0.015625,0.0
1,1,0.34375,0.609375,0.0,0.0,0.0,0.0,0.015625,0.015625,0.0,0.0,0.015625,0.0
1,1,0.34375,0.609375,0.0,0.0,0.0,0.0,0.015625,0.015625,0.0,0.0,0.015625,0.0
1,1,0.34375,0.625,0.0,0.0,0.0,0.0,0.0,0.015625,0.0,0.0,0.015625,0.0
1,1,0.34375,0.625,0.0,0.0,0.0,0.0,0.0,0.015625,0.0,0.0,0.015625,0.0
1,1,0.34375,0.625,0.0,0.0,0.0,0.0,0.0,0.015625,0.0,0.0,0.015625,0.0
1,1,0.34375,0.625,0.0,0.0,0.0,0.0,0.0,0.015625,0.0,0.0,0.015625,0.0
1,1,0.34375,0.625,0.0,0.0,0.0,0.0,0.0,0.015625,0.0,0.0,0.015625,0.0
1,1,0.34375,0.625,0.0,0.0,0.0,0.0,0.0,0.015625,0.0,0.0,0.015625,0.0
1,1,0.34375,0.625,0.0,0.0,0.0,0.0,0.0,0.015625,0.0,0.0,0.015625,0.0
1,1,0.34375,0.625,0.0,0.0,0.0,0.0,0.0,0.015625,0.0,0.0,0.015625,0.0
1,1,0.328125,0.671875,0.0,0.0,0.0,0.0,0.0,0.0,0.0,0.0,0.0,0.0
1,1,0.328125,0.671875,0.0,0.0,0.0,0.0,0.0,0.0,0.0,0.0,0.0,0.0
1,1,0.328125,0.671875,0.0,0.0,0.0,0.0,0.0,0.0,0.0,0.0,0.0,0.0
1,1,0.328125,0.671875,0.0,0.0,0.0,0.0,0.0,0.0,0.0,0.0,0.0,0.0
1,1,0.328125,0.671875,0.0,0.0,0.0,0.0,0.0,0.0,0.0,0.0,0.0,0.0
1,1,0.328125,0.671875,0.0,0.0,0.0,0.0,0.0,0.0,0.0,0.0,0.0,0.0
1,1,0.328125,0.671875,0.0,0.0,0.0,0.0,0.0,0.0,0.0,0.0,0.0,0.0
1,1,0.328125,0.671875,0.0,0.0,0.0,0.0,0.0,0.0,0.0,0.0,0.0,0.0
1,1,0.328125,0.671875,0.0,0.0,0.0,0.0,0.0,0.0,0.0,0.0,0.0,0.0
1,1,0.328125,0.671875,0.0,0.0,0.0,0.0,0.0,0.0,0.0,0.0,0.0,0.0
1,1,0.328125,0.671875,0.0,0.0,0.0,0.0,0.0,0.0,0.0,0.0,0.0,0.0
1,1,0.328125,0.671875,0.0,0.0,0.0,0.0,0.0,0.0,0.0,0.0,0.0,0.0
1,1,0.328125,0.671875,0.0,0.0,0.0,0.0,0.0,0.0,0.0,0.0,0.0,0.0
1,1,0.328125,0.671875,0.0,0.0,0.0,0.0,0.0,0.0,0.0,0.0,0.0,0.0
1,1,0.328125,0.671875,0.0,0.0,0.0,0.0,0.0,0.0,0.0,0.0,0.0,0.0
1,1,0.328125,0.671875,0.0,0.0,0.0,0.0,0.0,0.0,0.0,0.0,0.0,0.0
1,1,0.328125,0.671875,0.0,0.0,0.0,0.0,0.0,0.0,0.0,0.0,0.0,0.0
1,1,0.328125,0.671875,0.0,0.0,0.0,0.0,0.0,0.0,0.0,0.0,0.0,0.0
1,1,0.328125,0.671875,0.0,0.0,0.0,0.0,0.0,0.0,0.0,0.0,0.0,0.0
1,1,0.328125,0.671875,0.0,0.0,0.0,0.0,0.0,0.0,0.0,0.0,0.0,0.0
1,1,0.328125,0.671875,0.0,0.0,0.0,0.0,0.0,0.0,0.0,0.0,0.0,0.0
1,1,0.328125,0.671875,0.0,0.0,0.0,0.0,0.0,0.0,0.0,0.0,0.0,0.0
1,1,0.328125,0.671875,0.0,0.0,0.0,0.0,0.0,0.0,0.0,0.0,0.0,0.0
1,1,0.328125,0.671875,0.0,0.0,0.0,0.0,0.0,0.0,0.0,0.0,0.0,0.0
1,1,0.265625,0.734375,0.0,0.0,0.0,0.0,0.0,0.0,0.0,0.0,0.0,0.0
1,1,0.265625,0.734375,0.0,0.0,0.0,0.0,0.0,0.0,0.0,0.0,0.0,0.0
1,1,0.265625,0.734375,0.0,0.0,0.0,0.0,0.0,0.0,0.0,0.0,0.0,0.0
1,1,0.265625,0.734375,0.0,0.0,0.0,0.0,0.0,0.0,0.0,0.0,0.0,0.0
1,1,0.25,0.75,0.0,0.0,0.0,0.0,0.0,0.0,0.0,0.0,0.0,0.0
1,1,0.25,0.75,0.0,0.0,0.0,0.0,0.0,0.0,0.0,0.0,0.0,0.0
1,1,0.25,0.75,0.0,0.0,0.0,0.0,0.0,0.0,0.0,0.0,0.0,0.0
1,1,0.25,0.75,0.0,0.0,0.0,0.0,0.0,0.0,0.0,0.0,0.0,0.0
1,1,0.25,0.75,0.0,0.0,0.0,0.0,0.0,0.0,0.0,0.0,0.0,0.0
1,1,0.25,0.75,0.0,0.0,0.0,0.0,0.0,0.0,0.0,0.0,0.0,0.0
1,1,0.25,0.75,0.0,0.0,0.0,0.0,0.0,0.0,0.0,0.0,0.0,0.0
1,1,0.25,0.75,0.0,0.0,0.0,0.0,0.0,0.0,0.0,0.0,0.0,0.0
1,1,0.25,0.75,0.0,0.0,0.0,0.0,0.0,0.0,0.0,0.0,0.0,0.0
1,1,0.25,0.75,0.0,0.0,0.0,0.0,0.0,0.0,0.0,0.0,0.0,0.0
1,1,0.25,0.75,0.0,0.0,0.0,0.0,0.0,0.0,0.0,0.0,0.0,0.0
1,1,0.25,0.75,0.0,0.0,0.0,0.0,0.0,0.0,0.0,0.0,0.0,0.0
1,1,0.21875,0.765625,0.015625,0.0,0.0,0.0,0.0,0.0,0.0,0.0,0.0,0.0
1,1,0.21875,0.765625,0.015625,0.0,0.0,0.0,0.0,0.0,0.0,0.0,0.0,0.0
1,1,0.21875,0.765625,0.015625,0.0,0.0,0.0,0.0,0.0,0.0,0.0,0.0,0.0
1,1,0.21875,0.765625,0.015625,0.0,0.0,0.0,0.0,0.0,0.0,0.0,0.0,0.0
1,1,0.21875,0.765625,0.015625,0.0,0.0,0.0,0.0,0.0,0.0,0.0,0.0,0.0
1,1,0.21875,0.765625,0.015625,0.0,0.0,0.0,0.0,0.0,0.0,0.0,0.0,0.0
1,1,0.21875,0.765625,0.015625,0.0,0.0,0.0,0.0,0.0,0.0,0.0,0.0,0.0
1,1,0.21875,0.765625,0.015625,0.0,0.0,0.0,0.0,0.0,0.0,0.0,0.0,0.0
1,1,0.171875,0.8125,0.015625,0.0,0.0,0.0,0.0,0.0,0.0,0.0,0.0,0.0
1,1,0.171875,0.8125,0.015625,0.0,0.0,0.0,0.0,0.0,0.0,0.0,0.0,0.0
1,1,0.171875,0.8125,0.015625,0.0,0.0,0.0,0.0,0.0,0.0,0.0,0.0,0.0
1,1,0.15625,0.828125,0.015625,0.0,0.0,0.0,0.0,0.0,0.0,0.0,0.0,0.0
1,1,0.15625,0.828125,0.015625,0.0,0.0,0.0,0.0,0.0,0.0,0.0,0.0,0.0
1,1,0.15625,0.828125,0.015625,0.0,0.0,0.0,0.0,0.0,0.0,0.0,0.0,0.0
1,1,0.15625,0.828125,0.015625,0.0,0.0,0.0,0.0,0.0,0.0,0.0,0.0,0.0
1,1,0.15625,0.828125,0.015625,0.0,0.0,0.0,0.0,0.0,0.0,0.0,0.0,0.0
1,1,0.14285715,0.84126985,0.015873017,0.0,0.0,0.0,0.0,0.0,0.0,0.0,0.0,0.0
1,1,0.14285715,0.84126985,0.015873017,0.0,0.0,0.0,0.0,0.0,0.0,0.0,0.0,0.0
1,1,0.14285715,0.84126985,0.015873017,0.0,0.0,0.0,0.0,0.0,0.0,0.0,0.0,0.0
1,1,0.14285715,0.84126985,0.015873017,0.0,0.0,0.0,0.0,0.0,0.0,0.0,0.0,0.0
1,1,0.14285715,0.84126985,0.015873017,0.0,0.0,0.0,0.0,0.0,0.0,0.0,0.0,0.0
1,1,0.14285715,0.84126985,0.015873017,0.0,0.0,0.0,0.0,0.0,0.0,0.0,0.0,0.0
1,1,0.14285715,0.84126985,0.015873017,0.0,0.0,0.0,0.0,0.0,0.0,0.0,0.0,0.0
1,1,0.14285715,0.84126985,0.015873017,0.0,0.0,0.0,0.0,0.0,0.0,0.0,0.0,0.0
1,1,0.14285715,0.84126985,0.015873017,0.0,0.0,0.0,0.0,0.0,0.0,0.0,0.0,0.0
1,1,0.14285715,0.84126985,0.015873017,0.0,0.0,0.0,0.0,0.0,0.0,0.0,0.0,0.0
1,1,0.12698413,0.85714287,0.015873017,0.0,0.0,0.0,0.0,0.0,0.0,0.0,0.0,0.0
1,1,0.12698413,0.85714287,0.015873017,0.0,0.0,0.0,0.0,0.0,0.0,0.0,0.0,0.0
1,1,0.12698413,0.85714287,0.015873017,0.0,0.0,0.0,0.0,0.0,0.0,0.0,0.0,0.0
1,1,0.12698413,0.85714287,0.015873017,0.0,0.0,0.0,0.0,0.0,0.0,0.0,0.0,0.0
1,1,0.12698413,0.85714287,0.015873017,0.0,0.0,0.0,0.0,0.0,0.0,0.0,0.0,0.0
1,1,0.12698413,0.85714287,0.015873017,0.0,0.0,0.0,0.0,0.0,0.0,0.0,0.0,0.0
1,1,0.12698413,0.85714287,0.015873017,0.0,0.0,0.0,0.0,0.0,0.0,0.0,0.0,0.0
1,1,0.12698413,0.85714287,0.015873017,0.0,0.0,0.0,0.0,0.0,0.0,0.0,0.0,0.0
1,1,0.12698413,0.85714287,0.015873017,0.0,0.0,0.0,0.0,0.0,0.0,0.0,0.0,0.0
1,1,0.12698413,0.85714287,0.015873017,0.0,0.0,0.0,0.0,0.0,0.0,0.0,0.0,0.0
1,1,0.12698413,0.85714287,0.015873017,0.0,0.0,0.0,0.0,0.0,0.0,0.0,0.0,0.0
1,1,0.12698413,0.85714287,0.015873017,0.0,0.0,0.0,0.0,0.0,0.0,0.0,0.0,0.0
1,1,0.12698413,0.85714287,0.015873017,0.0,0.0,0.0,0.0,0.0,0.0,0.0,0.0,0.0
1,1,0.12698413,0.85714287,0.015873017,0.0,0.0,0.0,0.0,0.0,0.0,0.0,0.0,0.0
1,1,0.12698413,0.85714287,0.015873017,0.0,0.0,0.0,0.0,0.0,0.0,0.0,0.0,0.0
1,1,0.12698413,0.85714287,0.015873017,0.0,0.0,0.0,0.0,0.0,0.0,0.0,0.0,0.0
1,1,0.12698413,0.85714287,0.015873017,0.0,0.0,0.0,0.0,0.0,0.0,0.0,0.0,0.0
1,1,0.12698413,0.85714287,0.015873017,0.0,0.0,0.0,0.0,0.0,0.0,0.0,0.0,0.0
1,1,0.12698413,0.85714287,0.015873017,0.0,0.0,0.0,0.0,0.0,0.0,0.0,0.0,0.0
1,1,0.12698413,0.85714287,0.015873017,0.0,0.0,0.0,0.0,0.0,0.0,0.0,0.0,0.0
1,1,0.12698413,0.85714287,0.015873017,0.0,0.0,0.0,0.0,0.0,0.0,0.0,0.0,0.0
1,1,0.12698413,0.85714287,0.015873017,0.0,0.0,0.0,0.0,0.0,0.0,0.0,0.0,0.0
1,1,0.125,0.859375,0.015625,0.0,0.0,0.0,0.0,0.0,0.0,0.0,0.0,0.0
1,1,0.125,0.859375,0.015625,0.0,0.0,0.0,0.0,0.0,0.0,0.0,0.0,0.0
1,1,0.125,0.859375,0.015625,0.0,0.0,0.0,0.0,0.0,0.0,0.0,0.0,0.0
1,1,0.125,0.859375,0.015625,0.0,0.0,0.0,0.0,0.0,0.0,0.0,0.0,0.0
1,1,0.125,0.859375,0.015625,0.0,0.0,0.0,0.0,0.0,0.0,0.0,0.0,0.0
1,1,0.125,0.859375,0.015625,0.0,0.0,0.0,0.0,0.0,0.0,0.0,0.0,0.0
1,1,0.125,0.859375,0.015625,0.0,0.0,0.0,0.0,0.0,0.0,0.0,0.0,0.0
1,1,0.125,0.859375,0.015625,0.0,0.0,0.0,0.0,0.0,0.0,0.0,0.0,0.0
1,1,0.125,0.859375,0.015625,0.0,0.0,0.0,0.0,0.0,0.0,0.0,0.0,0.0
1,1,0.125,0.859375,0.015625,0.0,0.0,0.0,0.0,0.0,0.0,0.0,0.0,0.0
1,1,0.125,0.859375,0.015625,0.0,0.0,0.0,0.0,0.0,0.0,0.0,0.0,0.0
1,1,0.125,0.859375,0.015625,0.0,0.0,0.0,0.0,0.0,0.0,0.0,0.0,0.0
1,1,0.125,0.859375,0.015625,0.0,0.0,0.0,0.0,0.0,0.0,0.0,0.0,0.0
1,1,0.125,0.859375,0.015625,0.0,0.0,0.0,0.0,0.0,0.0,0.0,0.0,0.0
1,1,0.125,0.859375,0.015625,0.0,0.0,0.0,0.0,0.0,0.0,0.0,0.0,0.0
1,1,0.125,0.859375,0.015625,0.0,0.0,0.0,0.0,0.0,0.0,0.0,0.0,0.0
1,1,0.125,0.859375,0.015625,0.0,0.0,0.0,0.0,0.0,0.0,0.0,0.0,0.0
1,1,0.125,0.859375,0.015625,0.0,0.0,0.0,0.0,0.0,0.0,0.0,0.0,0.0
1,1,0.125,0.859375,0.015625,0.0,0.0,0.0,0.0,0.0,0.0,0.0,0.0,0.0
1,1,0.125,0.859375,0.015625,0.0,0.0,0.0,0.0,0.0,0.0,0.0,0.0,0.0
1,1,0.109375,0.875,0.015625,0.0,0.0,0.0,0.0,0.0,0.0,0.0,0.0,0.0
1,1,0.109375,0.875,0.015625,0.0,0.0,0.0,0.0,0.0,0.0,0.0,0.0,0.0
1,1,0.09375,0.890625,0.015625,0.0,0.0,0.0,0.0,0.0,0.0,0.0,0.0,0.0
1,1,0.09375,0.890625,0.015625,0.0,0.0,0.0,0.0,0.0,0.0,0.0,0.0,0.0
1,1,0.09375,0.890625,0.015625,0.0,0.0,0.0,0.0,0.0,0.0,0.0,0.0,0.0
1,1,0.09375,0.890625,0.015625,0.0,0.0,0.0,0.0,0.0,0.0,0.0,0.0,0.0
1,1,0.09375,0.890625,0.015625,0.0,0.0,0.0,0.0,0.0,0.0,0.0,0.0,0.0
1,1,0.09375,0.890625,0.015625,0.0,0.0,0.0,0.0,0.0,0.0,0.0,0.0,0.0
1,1,0.09375,0.890625,0.015625,0.0,0.0,0.0,0.0,0.0,0.0,0.0,0.0,0.0
1,1,0.09375,0.890625,0.015625,0.0,0.0,0.0,0.0,0.0,0.0,0.0,0.0,0.0
1,1,0.09375,0.890625,0.015625,0.0,0.0,0.0,0.0,0.0,0.0,0.0,0.0,0.0
1,1,0.09375,0.890625,0.015625,0.0,0.0,0.0,0.0,0.0,0.0,0.0,0.0,0.0
1,1,0.09375,0.90625,0.0,0.0,0.0,0.0,0.0,0.0,0.0,0.0,0.0,0.0
1,1,0.09375,0.90625,0.0,0.0,0.0,0.0,0.0,0.0,0.0,0.0,0.0,0.0
1,1,0.09375,0.90625,0.0,0.0,0.0,0.0,0.0,0.0,0.0,0.0,0.0,0.0
1,1,0.09375,0.90625,0.0,0.0,0.0,0.0,0.0,0.0,0.0,0.0,0.0,0.0
1,1,0.09375,0.90625,0.0,0.0,0.0,0.0,0.0,0.0,0.0,0.0,0.0,0.0
1,1,0.09375,0.90625,0.0,0.0,0.0,0.0,0.0,0.0,0.0,0.0,0.0,0.0
1,1,0.09375,0.90625,0.0,0.0,0.0,0.0,0.0,0.0,0.0,0.0,0.0,0.0
1,1,0.09375,0.90625,0.0,0.0,0.0,0.0,0.0,0.0,0.0,0.0,0.0,0.0
1,1,0.09375,0.90625,0.0,0.0,0.0,0.0,0.0,0.0,0.0,0.0,0.0,0.0
1,1,0.09375,0.90625,0.0,0.0,0.0,0.0,0.0,0.0,0.0,0.0,0.0,0.0
1,1,0.09375,0.90625,0.0,0.0,0.0,0.0,0.0,0.0,0.0,0.0,0.0,0.0
1,1,0.09375,0.90625,0.0,0.0,0.0,0.0,0.0,0.0,0.0,0.0,0.0,0.0
1,1,0.09375,0.90625,0.0,0.0,0.0,0.0,0.0,0.0,0.0,0.0,0.0,0.0
1,1,0.09375,0.90625,0.0,0.0,0.0,0.0,0.0,0.0,0.0,0.0,0.0,0.0
1,1,0.09375,0.90625,0.0,0.0,0.0,0.0,0.0,0.0,0.0,0.0,0.0,0.0
1,1,0.09375,0.90625,0.0,0.0,0.0,0.0,0.0,0.0,0.0,0.0,0.0,0.0
1,1,0.0952381,0.9047619,0.0,0.0,0.0,0.0,0.0,0.0,0.0,0.0,0.0,0.0
1,1,0.0952381,0.9047619,0.0,0.0,0.0,0.0,0.0,0.0,0.0,0.0,0.0,0.0
1,1,0.0952381,0.9047619,0.0,0.0,0.0,0.0,0.0,0.0,0.0,0.0,0.0,0.0
1,1,0.0952381,0.9047619,0.0,0.0,0.0,0.0,0.0,0.0,0.0,0.0,0.0,0.0
1,1,0.0952381,0.9047619,0.0,0.0,0.0,0.0,0.0,0.0,0.0,0.0,0.0,0.0
1,1,0.0952381,0.9047619,0.0,0.0,0.0,0.0,0.0,0.0,0.0,0.0,0.0,0.0
1,1,0.0952381,0.9047619,0.0,0.0,0.0,0.0,0.0,0.0,0.0,0.0,0.0,0.0
1,1,0.0952381,0.9047619,0.0,0.0,0.0,0.0,0.0,0.0,0.0,0.0,0.0,0.0
1,1,0.0952381,0.9047619,0.0,0.0,0.0,0.0,0.0,0.0,0.0,0.0,0.0,0.0
1,1,0.0952381,0.9047619,0.0,0.0,0.0,0.0,0.0,0.0,0.0,0.0,0.0,0.0
1,1,0.0952381,0.9047619,0.0,0.0,0.0,0.0,0.0,0.0,0.0,0.0,0.0,0.0
1,1,0.0952381,0.9047619,0.0,0.0,0.0,0.0,0.0,0.0,0.0,0.0,0.0,0.0
1,1,0.0952381,0.9047619,0.0,0.0,0.0,0.0,0.0,0.0,0.0,0.0,0.0,0.0
1,1,0.0952381,0.9047619,0.0,0.0,0.0,0.0,0.0,0.0,0.0,0.0,0.0,0.0
1,1,0.0952381,0.9047619,0.0,0.0,0.0,0.0,0.0,0.0,0.0,0.0,0.0,0.0
1,1,0.0952381,0.9047619,0.0,0.0,0.0,0.0,0.0,0.0,0.0,0.0,0.0,0.0
1,1,0.07936508,0.9206349,0.0,0.0,0.0,0.0,0.0,0.0,0.0,0.0,0.0,0.0
1,1,0.07936508,0.9206349,0.0,0.0,0.0,0.0,0.0,0.0,0.0,0.0,0.0,0.0
1,1,0.07936508,0.9206349,0.0,0.0,0.0,0.0,0.0,0.0,0.0,0.0,0.0,0.0
1,1,0.07936508,0.9206349,0.0,0.0,0.0,0.0,0.0,0.0,0.0,0.0,0.0,0.0
1,1,0.07936508,0.9206349,0.0,0.0,0.0,0.0,0.0,0.0,0.0,0.0,0.0,0.0
1,1,0.07936508,0.9206349,0.0,0.0,0.0,0.0,0.0,0.0,0.0,0.0,0.0,0.0
1,1,0.07936508,0.9206349,0.0,0.0,0.0,0.0,0.0,0.0,0.0,0.0,0.0,0.0
1,1,0.07936508,0.9206349,0.0,0.0,0.0,0.0,0.0,0.0,0.0,0.0,0.0,0.0
1,1,0.07936508,0.9047619,0.015873017,0.0,0.0,0.0,0.0,0.0,0.0,0.0,0.0,0.0
1,1,0.07936508,0.9047619,0.015873017,0.0,0.0,0.0,0.0,0.0,0.0,0.0,0.0,0.0
1,1,0.07936508,0.9047619,0.015873017,0.0,0.0,0.0,0.0,0.0,0.0,0.0,0.0,0.0
1,1,0.07936508,0.9047619,0.015873017,0.0,0.0,0.0,0.0,0.0,0.0,0.0,0.0,0.0
1,1,0.07936508,0.9047619,0.015873017,0.0,0.0,0.0,0.0,0.0,0.0,0.0,0.0,0.0
1,1,0.07936508,0.9047619,0.015873017,0.0,0.0,0.0,0.0,0.0,0.0,0.0,0.0,0.0
1,1,0.07936508,0.9047619,0.015873017,0.0,0.0,0.0,0.0,0.0,0.0,0.0,0.0,0.0
1,1,0.07936508,0.9047619,0.015873017,0.0,0.0,0.0,0.0,0.0,0.0,0.0,0.0,0.0
1,1,0.06349207,0.9206349,0.015873017,0.0,0.0,0.0,0.0,0.0,0.0,0.0,0.0,0.0
1,1,0.06349207,0.9206349,0.015873017,0.0,0.0,0.0,0.0,0.0,0.0,0.0,0.0,0.0
1,1,0.06349207,0.9206349,0.015873017,0.0,0.0,0.0,0.0,0.0,0.0,0.0,0.0,0.0
1,1,0.06349207,0.9206349,0.015873017,0.0,0.0,0.0,0.0,0.0,0.0,0.0,0.0,0.0
1,1,0.06349207,0.9206349,0.015873017,0.0,0.0,0.0,0.0,0.0,0.0,0.0,0.0,0.0
1,1,0.06349207,0.9206349,0.015873017,0.0,0.0,0.0,0.0,0.0,0.0,0.0,0.0,0.0
1,1,0.06349207,0.9206349,0.015873017,0.0,0.0,0.0,0.0,0.0,0.0,0.0,0.0,0.0
1,1,0.06349207,0.9206349,0.015873017,0.0,0.0,0.0,0.0,0.0,0.0,0.0,0.0,0.0
1,1,0.06349207,0.9206349,0.015873017,0.0,0.0,0.0,0.0,0.0,0.0,0.0,0.0,0.0
1,1,0.06349207,0.9206349,0.015873017,0.0,0.0,0.0,0.0,0.0,0.0,0.0,0.0,0.0
1,1,0.06349207,0.9206349,0.015873017,0.0,0.0,0.0,0.0,0.0,0.0,0.0,0.0,0.0
1,1,0.06349207,0.9206349,0.015873017,0.0,0.0,0.0,0.0,0.0,0.0,0.0,0.0,0.0
1,1,0.06349207,0.93650794,0.0,0.0,0.0,0.0,0.0,0.0,0.0,0.0,0.0,0.0
1,1,0.06349207,0.93650794,0.0,0.0,0.0,0.0,0.0,0.0,0.0,0.0,0.0,0.0
1,1,0.06349207,0.93650794,0.0,0.0,0.0,0.0,0.0,0.0,0.0,0.0,0.0,0.0
1,1,0.06349207,0.93650794,0.0,0.0,0.0,0.0,0.0,0.0,0.0,0.0,0.0,0.0
1,1,0.06349207,0.93650794,0.0,0.0,0.0,0.0,0.0,0.0,0.0,0.0,0.0,0.0
1,1,0.06349207,0.93650794,0.0,0.0,0.0,0.0,0.0,0.0,0.0,0.0,0.0,0.0
1,1,0.06349207,0.93650794,0.0,0.0,0.0,0.0,0.0,0.0,0.0,0.0,0.0,0.0
1,1,0.06349207,0.93650794,0.0,0.0,0.0,0.0,0.0,0.0,0.0,0.0,0.0,0.0
1,1,0.06349207,0.93650794,0.0,0.0,0.0,0.0,0.0,0.0,0.0,0.0,0.0,0.0
1,1,0.06349207,0.93650794,0.0,0.0,0.0,0.0,0.0,0.0,0.0,0.0,0.0,0.0
1,1,0.06349207,0.93650794,0.0,0.0,0.0,0.0,0.0,0.0,0.0,0.0,0.0,0.0
1,1,0.06349207,0.93650794,0.0,0.0,0.0,0.0,0.0,0.0,0.0,0.0,0.0,0.0
1,1,0.04761905,0.95238096,0.0,0.0,0.0,0.0,0.0,0.0,0.0,0.0,0.0,0.0
1,1,0.04761905,0.95238096,0.0,0.0,0.0,0.0,0.0,0.0,0.0,0.0,0.0,0.0
1,1,0.04761905,0.95238096,0.0,0.0,0.0,0.0,0.0,0.0,0.0,0.0,0.0,0.0
1,1,0.04761905,0.95238096,0.0,0.0,0.0,0.0,0.0,0.0,0.0,0.0,0.0,0.0
1,1,0.04761905,0.95238096,0.0,0.0,0.0,0.0,0.0,0.0,0.0,0.0,0.0,0.0
1,1,0.04761905,0.95238096,0.0,0.0,0.0,0.0,0.0,0.0,0.0,0.0,0.0,0.0
1,1,0.04761905,0.95238096,0.0,0.0,0.0,0.0,0.0,0.0,0.0,0.0,0.0,0.0
1,1,0.04761905,0.95238096,0.0,0.0,0.0,0.0,0.0,0.0,0.0,0.0,0.0,0.0
1,1,0.046875,0.953125,0.0,0.0,0.0,0.0,0.0,0.0,0.0,0.0,0.0,0.0
1,1,0.046875,0.953125,0.0,0.0,0.0,0.0,0.0,0.0,0.0,0.0,0.0,0.0
1,1,0.046875,0.953125,0.0,0.0,0.0,0.0,0.0,0.0,0.0,0.0,0.0,0.0
1,1,0.046875,0.953125,0.0,0.0,0.0,0.0,0.0,0.0,0.0,0.0,0.0,0.0
1,1,0.046875,0.953125,0.0,0.0,0.0,0.0,0.0,0.0,0.0,0.0,0.0,0.0
1,1,0.046875,0.953125,0.0,0.0,0.0,0.0,0.0,0.0,0.0,0.0,0.0,0.0
1,1,0.046875,0.953125,0.0,0.0,0.0,0.0,0.0,0.0,0.0,0.0,0.0,0.0
1,1,0.046875,0.953125,0.0,0.0,0.0,0.0,0.0,0.0,0.0,0.0,0.0,0.0
1,1,0.046875,0.953125,0.0,0.0,0.0,0.0,0.0,0.0,0.0,0.0,0.0,0.0
1,1,0.046875,0.953125,0.0,0.0,0.0,0.0,0.0,0.0,0.0,0.0,0.0,0.0
1,1,0.046875,0.953125,0.0,0.0,0.0,0.0,0.0,0.0,0.0,0.0,0.0,0.0
1,1,0.046875,0.953125,0.0,0.0,0.0,0.0,0.0,0.0,0.0,0.0,0.0,0.0
1,1,0.046875,0.953125,0.0,0.0,0.0,0.0,0.0,0.0,0.0,0.0,0.0,0.0
1,1,0.046875,0.953125,0.0,0.0,0.0,0.0,0.0,0.0,0.0,0.0,0.0,0.0
1,1,0.046875,0.953125,0.0,0.0,0.0,0.0,0.0,0.0,0.0,0.0,0.0,0.0
1,1,0.046875,0.953125,0.0,0.0,0.0,0.0,0.0,0.0,0.0,0.0,0.0,0.0
1,1,0.03125,0.96875,0.0,0.0,0.0,0.0,0.0,0.0,0.0,0.0,0.0,0.0
1,1,0.03125,0.96875,0.0,0.0,0.0,0.0,0.0,0.0,0.0,0.0,0.0,0.0
1,1,0.03125,0.96875,0.0,0.0,0.0,0.0,0.0,0.0,0.0,0.0,0.0,0.0
1,1,0.03125,0.96875,0.0,0.0,0.0,0.0,0.0,0.0,0.0,0.0,0.0,0.0
1,1,0.046875,0.953125,0.0,0.0,0.0,0.0,0.0,0.0,0.0,0.0,0.0,0.0
1,1,0.046875,0.953125,0.0,0.0,0.0,0.0,0.0,0.0,0.0,0.0,0.0,0.0
1,1,0.046875,0.953125,0.0,0.0,0.0,0.0,0.0,0.0,0.0,0.0,0.0,0.0
1,1,0.046875,0.953125,0.0,0.0,0.0,0.0,0.0,0.0,0.0,0.0,0.0,0.0
1,1,0.046875,0.953125,0.0,0.0,0.0,0.0,0.0,0.0,0.0,0.0,0.0,0.0
1,1,0.046875,0.953125,0.0,0.0,0.0,0.0,0.0,0.0,0.0,0.0,0.0,0.0
1,1,0.046875,0.953125,0.0,0.0,0.0,0.0,0.0,0.0,0.0,0.0,0.0,0.0
1,1,0.046875,0.953125,0.0,0.0,0.0,0.0,0.0,0.0,0.0,0.0,0.0,0.0
1,1,0.046875,0.953125,0.0,0.0,0.0,0.0,0.0,0.0,0.0,0.0,0.0,0.0
1,1,0.046875,0.953125,0.0,0.0,0.0,0.0,0.0,0.0,0.0,0.0,0.0,0.0
1,1,0.046875,0.953125,0.0,0.0,0.0,0.0,0.0,0.0,0.0,0.0,0.0,0.0
1,1,0.046875,0.953125,0.0,0.0,0.0,0.0,0.0,0.0,0.0,0.0,0.0,0.0
1,1,0.046875,0.953125,0.0,0.0,0.0,0.0,0.0,0.0,0.0,0.0,0.0,0.0
1,1,0.046875,0.953125,0.0,0.0,0.0,0.0,0.0,0.0,0.0,0.0,0.0,0.0
1,1,0.03125,0.96875,0.0,0.0,0.0,0.0,0.0,0.0,0.0,0.0,0.0,0.0
1,1,0.03125,0.96875,0.0,0.0,0.0,0.0,0.0,0.0,0.0,0.0,0.0,0.0
1,1,0.03125,0.96875,0.0,0.0,0.0,0.0,0.0,0.0,0.0,0.0,0.0,0.0
1,1,0.03125,0.96875,0.0,0.0,0.0,0.0,0.0,0.0,0.0,0.0,0.0,0.0
1,1,0.046875,0.953125,0.0,0.0,0.0,0.0,0.0,0.0,0.0,0.0,0.0,0.0
1,1,0.046875,0.953125,0.0,0.0,0.0,0.0,0.0,0.0,0.0,0.0,0.0,0.0
1,1,0.046875,0.953125,0.0,0.0,0.0,0.0,0.0,0.0,0.0,0.0,0.0,0.0
1,1,0.046875,0.953125,0.0,0.0,0.0,0.0,0.0,0.0,0.0,0.0,0.0,0.0
1,1,0.046875,0.953125,0.0,0.0,0.0,0.0,0.0,0.0,0.0,0.0,0.0,0.0
1,1,0.046875,0.953125,0.0,0.0,0.0,0.0,0.0,0.0,0.0,0.0,0.0,0.0
1,1,0.046875,0.953125,0.0,0.0,0.0,0.0,0.0,0.0,0.0,0.0,0.0,0.0
1,1,0.046875,0.953125,0.0,0.0,0.0,0.0,0.0,0.0,0.0,0.0,0.0,0.0
1,1,0.046875,0.953125,0.0,0.0,0.0,0.0,0.0,0.0,0.0,0.0,0.0,0.0
1,1,0.046875,0.953125,0.0,0.0,0.0,0.0,0.0,0.0,0.0,0.0,0.0,0.0
1,1,0.03125,0.96875,0.0,0.0,0.0,0.0,0.0,0.0,0.0,0.0,0.0,0.0
1,1,0.03125,0.96875,0.0,0.0,0.0,0.0,0.0,0.0,0.0,0.0,0.0,0.0
1,1,0.03125,0.96875,0.0,0.0,0.0,0.0,0.0,0.0,0.0,0.0,0.0,0.0
1,1,0.03125,0.96875,0.0,0.0,0.0,0.0,0.0,0.0,0.0,0.0,0.0,0.0
1,1,0.03125,0.96875,0.0,0.0,0.0,0.0,0.0,0.0,0.0,0.0,0.0,0.0
1,1,0.03125,0.96875,0.0,0.0,0.0,0.0,0.0,0.0,0.0,0.0,0.0,0.0
1,1,0.03125,0.96875,0.0,0.0,0.0,0.0,0.0,0.0,0.0,0.0,0.0,0.0
1,1,0.03125,0.96875,0.0,0.0,0.0,0.0,0.0,0.0,0.0,0.0,0.0,0.0
1,1,0.03125,0.96875,0.0,0.0,0.0,0.0,0.0,0.0,0.0,0.0,0.0,0.0
1,1,0.03125,0.96875,0.0,0.0,0.0,0.0,0.0,0.0,0.0,0.0,0.0,0.0
1,1,0.03125,0.96875,0.0,0.0,0.0,0.0,0.0,0.0,0.0,0.0,0.0,0.0
1,1,0.03125,0.96875,0.0,0.0,0.0,0.0,0.0,0.0,0.0,0.0,0.0,0.0
1,1,0.03125,0.96875,0.0,0.0,0.0,0.0,0.0,0.0,0.0,0.0,0.0,0.0
1,1,0.03125,0.96875,0.0,0.0,0.0,0.0,0.0,0.0,0.0,0.0,0.0,0.0
1,1,0.03125,0.96875,0.0,0.0,0.0,0.0,0.0,0.0,0.0,0.0,0.0,0.0
1,1,0.03125,0.96875,0.0,0.0,0.0,0.0,0.0,0.0,0.0,0.0,0.0,0.0
1,1,0.03125,0.96875,0.0,0.0,0.0,0.0,0.0,0.0,0.0,0.0,0.0,0.0
1,1,0.03125,0.96875,0.0,0.0,0.0,0.0,0.0,0.0,0.0,0.0,0.0,0.0
1,1,0.03125,0.96875,0.0,0.0,0.0,0.0,0.0,0.0,0.0,0.0,0.0,0.0
1,1,0.03125,0.96875,0.0,0.0,0.0,0.0,0.0,0.0,0.0,0.0,0.0,0.0
1,1,0.03125,0.96875,0.0,0.0,0.0,0.0,0.0,0.0,0.0,0.0,0.0,0.0
1,1,0.03125,0.96875,0.0,0.0,0.0,0.0,0.0,0.0,0.0,0.0,0.0,0.0
1,1,0.03125,0.96875,0.0,0.0,0.0,0.0,0.0,0.0,0.0,0.0,0.0,0.0
1,1,0.03125,0.96875,0.0,0.0,0.0,0.0,0.0,0.0,0.0,0.0,0.0,0.0
1,1,0.03125,0.96875,0.0,0.0,0.0,0.0,0.0,0.0,0.0,0.0,0.0,0.0
1,1,0.03125,0.96875,0.0,0.0,0.0,0.0,0.0,0.0,0.0,0.0,0.0,0.0
1,1,0.03125,0.96875,0.0,0.0,0.0,0.0,0.0,0.0,0.0,0.0,0.0,0.0
1,1,0.03125,0.96875,0.0,0.0,0.0,0.0,0.0,0.0,0.0,0.0,0.0,0.0
1,1,0.015625,0.984375,0.0,0.0,0.0,0.0,0.0,0.0,0.0,0.0,0.0,0.0
1,1,0.015625,0.984375,0.0,0.0,0.0,0.0,0.0,0.0,0.0,0.0,0.0,0.0
1,1,0.015625,0.984375,0.0,0.0,0.0,0.0,0.0,0.0,0.0,0.0,0.0,0.0
1,1,0.015625,0.984375,0.0,0.0,0.0,0.0,0.0,0.0,0.0,0.0,0.0,0.0
1,1,0.03125,0.96875,0.0,0.0,0.0,0.0,0.0,0.0,0.0,0.0,0.0,0.0
1,1,0.03125,0.96875,0.0,0.0,0.0,0.0,0.0,0.0,0.0,0.0,0.0,0.0
1,1,0.03125,0.96875,0.0,0.0,0.0,0.0,0.0,0.0,0.0,0.0,0.0,0.0
1,1,0.03125,0.96875,0.0,0.0,0.0,0.0,0.0,0.0,0.0,0.0,0.0,0.0
1,1,0.03125,0.96875,0.0,0.0,0.0,0.0,0.0,0.0,0.0,0.0,0.0,0.0
1,1,0.03125,0.96875,0.0,0.0,0.0,0.0,0.0,0.0,0.0,0.0,0.0,0.0
1,1,0.03125,0.96875,0.0,0.0,0.0,0.0,0.0,0.0,0.0,0.0,0.0,0.0
1,1,0.03125,0.96875,0.0,0.0,0.0,0.0,0.0,0.0,0.0,0.0,0.0,0.0
1,1,0.03125,0.96875,0.0,0.0,0.0,0.0,0.0,0.0,0.0,0.0,0.0,0.0
1,1,0.03125,0.96875,0.0,0.0,0.0,0.0,0.0,0.0,0.0,0.0,0.0,0.0
1,1,0.03125,0.96875,0.0,0.0,0.0,0.0,0.0,0.0,0.0,0.0,0.0,0.0
1,1,0.03125,0.96875,0.0,0.0,0.0,0.0,0.0,0.0,0.0,0.0,0.0,0.0
1,1,0.03125,0.96875,0.0,0.0,0.0,0.0,0.0,0.0,0.0,0.0,0.0,0.0
1,1,0.03125,0.96875,0.0,0.0,0.0,0.0,0.0,0.0,0.0,0.0,0.0,0.0
1,1,0.03125,0.96875,0.0,0.0,0.0,0.0,0.0,0.0,0.0,0.0,0.0,0.0
1,1,0.03125,0.96875,0.0,0.0,0.0,0.0,0.0,0.0,0.0,0.0,0.0,0.0
1,1,0.03125,0.96875,0.0,0.0,0.0,0.0,0.0,0.0,0.0,0.0,0.0,0.0
1,1,0.03125,0.96875,0.0,0.0,0.0,0.0,0.0,0.0,0.0,0.0,0.0,0.0
1,1,0.03125,0.96875,0.0,0.0,0.0,0.0,0.0,0.0,0.0,0.0,0.0,0.0
1,1,0.03125,0.96875,0.0,0.0,0.0,0.0,0.0,0.0,0.0,0.0,0.0,0.0
1,1,0.03125,0.96875,0.0,0.0,0.0,0.0,0.0,0.0,0.0,0.0,0.0,0.0
1,1,0.03125,0.96875,0.0,0.0,0.0,0.0,0.0,0.0,0.0,0.0,0.0,0.0
1,1,0.03125,0.96875,0.0,0.0,0.0,0.0,0.0,0.0,0.0,0.0,0.0,0.0
1,1,0.03125,0.96875,0.0,0.0,0.0,0.0,0.0,0.0,0.0,0.0,0.0,0.0
1,1,0.03125,0.96875,0.0,0.0,0.0,0.0,0.0,0.0,0.0,0.0,0.0,0.0
1,1,0.03125,0.96875,0.0,0.0,0.0,0.0,0.0,0.0,0.0,0.0,0.0,0.0
1,1,0.03125,0.96875,0.0,0.0,0.0,0.0,0.0,0.0,0.0,0.0,0.0,0.0
1,1,0.03125,0.96875,0.0,0.0,0.0,0.0,0.0,0.0,0.0,0.0,0.0,0.0
1,1,0.03125,0.96875,0.0,0.0,0.0,0.0,0.0,0.0,0.0,0.0,0.0,0.0
1,1,0.03125,0.96875,0.0,0.0,0.0,0.0,0.0,0.0,0.0,0.0,0.0,0.0
1,1,0.03125,0.96875,0.0,0.0,0.0,0.0,0.0,0.0,0.0,0.0,0.0,0.0
1,1,0.03125,0.96875,0.0,0.0,0.0,0.0,0.0,0.0,0.0,0.0,0.0,0.0
1,1,0.03125,0.96875,0.0,0.0,0.0,0.0,0.0,0.0,0.0,0.0,0.0,0.0
1,1,0.03125,0.96875,0.0,0.0,0.0,0.0,0.0,0.0,0.0,0.0,0.0,0.0
1,1,0.03125,0.96875,0.0,0.0,0.0,0.0,0.0,0.0,0.0,0.0,0.0,0.0
1,1,0.03125,0.96875,0.0,0.0,0.0,0.0,0.0,0.0,0.0,0.0,0.0,0.0
1,1,0.03125,0.96875,0.0,0.0,0.0,0.0,0.0,0.0,0.0,0.0,0.0,0.0
1,1,0.03125,0.96875,0.0,0.0,0.0,0.0,0.0,0.0,0.0,0.0,0.0,0.0
1,1,0.03125,0.96875,0.0,0.0,0.0,0.0,0.0,0.0,0.0,0.0,0.0,0.0
1,1,0.03125,0.96875,0.0,0.0,0.0,0.0,0.0,0.0,0.0,0.0,0.0,0.0
1,1,0.03125,0.96875,0.0,0.0,0.0,0.0,0.0,0.0,0.0,0.0,0.0,0.0
1,1,0.03125,0.96875,0.0,0.0,0.0,0.0,0.0,0.0,0.0,0.0,0.0,0.0
1,1,0.03125,0.96875,0.0,0.0,0.0,0.0,0.0,0.0,0.0,0.0,0.0,0.0
1,1,0.03125,0.96875,0.0,0.0,0.0,0.0,0.0,0.0,0.0,0.0,0.0,0.0
1,1,0.03125,0.96875,0.0,0.0,0.0,0.0,0.0,0.0,0.0,0.0,0.0,0.0
1,1,0.03125,0.96875,0.0,0.0,0.0,0.0,0.0,0.0,0.0,0.0,0.0,0.0
1,1,0.03125,0.96875,0.0,0.0,0.0,0.0,0.0,0.0,0.0,0.0,0.0,0.0
1,1,0.03125,0.96875,0.0,0.0,0.0,0.0,0.0,0.0,0.0,0.0,0.0,0.0
1,1,0.03125,0.96875,0.0,0.0,0.0,0.0,0.0,0.0,0.0,0.0,0.0,0.0
1,1,0.03125,0.96875,0.0,0.0,0.0,0.0,0.0,0.0,0.0,0.0,0.0,0.0
1,1,0.03125,0.96875,0.0,0.0,0.0,0.0,0.0,0.0,0.0,0.0,0.0,0.0
1,1,0.03125,0.96875,0.0,0.0,0.0,0.0,0.0,0.0,0.0,0.0,0.0,0.0
1,1,0.03125,0.96875,0.0,0.0,0.0,0.0,0.0,0.0,0.0,0.0,0.0,0.0
1,1,0.03125,0.96875,0.0,0.0,0.0,0.0,0.0,0.0,0.0,0.0,0.0,0.0
1,1,0.03125,0.96875,0.0,0.0,0.0,0.0,0.0,0.0,0.0,0.0,0.0,0.0
1,1,0.03125,0.96875,0.0,0.0,0.0,0.0,0.0,0.0,0.0,0.0,0.0,0.0
1,1,0.015625,0.984375,0.0,0.0,0.0,0.0,0.0,0.0,0.0,0.0,0.0,0.0
1,1,0.015625,0.984375,0.0,0.0,0.0,0.0,0.0,0.0,0.0,0.0,0.0,0.0
1,1,0.015625,0.984375,0.0,0.0,0.0,0.0,0.0,0.0,0.0,0.0,0.0,0.0
1,1,0.015625,0.984375,0.0,0.0,0.0,0.0,0.0,0.0,0.0,0.0,0.0,0.0
1,1,0.015625,0.984375,0.0,0.0,0.0,0.0,0.0,0.0,0.0,0.0,0.0,0.0
1,1,0.015625,0.984375,0.0,0.0,0.0,0.0,0.0,0.0,0.0,0.0,0.0,0.0
1,1,0.015625,0.984375,0.0,0.0,0.0,0.0,0.0,0.0,0.0,0.0,0.0,0.0
1,1,0.015625,0.984375,0.0,0.0,0.0,0.0,0.0,0.0,0.0,0.0,0.0,0.0
1,1,0.015625,0.984375,0.0,0.0,0.0,0.0,0.0,0.0,0.0,0.0,0.0,0.0
1,1,0.015625,0.984375,0.0,0.0,0.0,0.0,0.0,0.0,0.0,0.0,0.0,0.0
1,1,0.015625,0.984375,0.0,0.0,0.0,0.0,0.0,0.0,0.0,0.0,0.0,0.0
1,1,0.015625,0.984375,0.0,0.0,0.0,0.0,0.0,0.0,0.0,0.0,0.0,0.0
1,1,0.015625,0.984375,0.0,0.0,0.0,0.0,0.0,0.0,0.0,0.0,0.0,0.0
1,1,0.015625,0.984375,0.0,0.0,0.0,0.0,0.0,0.0,0.0,0.0,0.0,0.0
1,1,0.015625,0.984375,0.0,0.0,0.0,0.0,0.0,0.0,0.0,0.0,0.0,0.0
1,1,0.015625,0.984375,0.0,0.0,0.0,0.0,0.0,0.0,0.0,0.0,0.0,0.0
1,1,0.03125,0.96875,0.0,0.0,0.0,0.0,0.0,0.0,0.0,0.0,0.0,0.0
1,1,0.03125,0.96875,0.0,0.0,0.0,0.0,0.0,0.0,0.0,0.0,0.0,0.0
1,1,0.03125,0.96875,0.0,0.0,0.0,0.0,0.0,0.0,0.0,0.0,0.0,0.0
1,1,0.03125,0.96875,0.0,0.0,0.0,0.0,0.0,0.0,0.0,0.0,0.0,0.0
1,1,0.03125,0.96875,0.0,0.0,0.0,0.0,0.0,0.0,0.0,0.0,0.0,0.0
1,1,0.03125,0.96875,0.0,0.0,0.0,0.0,0.0,0.0,0.0,0.0,0.0,0.0
1,1,0.03125,0.96875,0.0,0.0,0.0,0.0,0.0,0.0,0.0,0.0,0.0,0.0
1,1,0.03125,0.96875,0.0,0.0,0.0,0.0,0.0,0.0,0.0,0.0,0.0,0.0
1,1,0.03125,0.96875,0.0,0.0,0.0,0.0,0.0,0.0,0.0,0.0,0.0,0.0
1,1,0.03125,0.96875,0.0,0.0,0.0,0.0,0.0,0.0,0.0,0.0,0.0,0.0
1,1,0.03125,0.96875,0.0,0.0,0.0,0.0,0.0,0.0,0.0,0.0,0.0,0.0
1,1,0.03125,0.96875,0.0,0.0,0.0,0.0,0.0,0.0,0.0,0.0,0.0,0.0
1,1,0.03125,0.96875,0.0,0.0,0.0,0.0,0.0,0.0,0.0,0.0,0.0,0.0
1,1,0.03125,0.96875,0.0,0.0,0.0,0.0,0.0,0.0,0.0,0.0,0.0,0.0
1,1,0.03125,0.96875,0.0,0.0,0.0,0.0,0.0,0.0,0.0,0.0,0.0,0.0
1,1,0.03125,0.96875,0.0,0.0,0.0,0.0,0.0,0.0,0.0,0.0,0.0,0.0
1,1,0.03125,0.96875,0.0,0.0,0.0,0.0,0.0,0.0,0.0,0.0,0.0,0.0
1,1,0.03125,0.96875,0.0,0.0,0.0,0.0,0.0,0.0,0.0,0.0,0.0,0.0
1,1,0.03125,0.96875,0.0,0.0,0.0,0.0,0.0,0.0,0.0,0.0,0.0,0.0
1,1,0.03125,0.96875,0.0,0.0,0.0,0.0,0.0,0.0,0.0,0.0,0.0,0.0
1,1,0.03125,0.96875,0.0,0.0,0.0,0.0,0.0,0.0,0.0,0.0,0.0,0.0
1,1,0.03125,0.96875,0.0,0.0,0.0,0.0,0.0,0.0,0.0,0.0,0.0,0.0
1,1,0.03125,0.96875,0.0,0.0,0.0,0.0,0.0,0.0,0.0,0.0,0.0,0.0
1,1,0.03125,0.96875,0.0,0.0,0.0,0.0,0.0,0.0,0.0,0.0,0.0,0.0
1,1,0.03125,0.96875,0.0,0.0,0.0,0.0,0.0,0.0,0.0,0.0,0.0,0.0
1,1,0.03125,0.96875,0.0,0.0,0.0,0.0,0.0,0.0,0.0,0.0,0.0,0.0
1,1,0.03125,0.96875,0.0,0.0,0.0,0.0,0.0,0.0,0.0,0.0,0.0,0.0
1,1,0.03125,0.96875,0.0,0.0,0.0,0.0,0.0,0.0,0.0,0.0,0.0,0.0
1,1,0.03125,0.96875,0.0,0.0,0.0,0.0,0.0,0.0,0.0,0.0,0.0,0.0
1,1,0.03125,0.96875,0.0,0.0,0.0,0.0,0.0,0.0,0.0,0.0,0.0,0.0
1,1,0.03125,0.96875,0.0,0.0,0.0,0.0,0.0,0.0,0.0,0.0,0.0,0.0
1,1,0.03125,0.96875,0.0,0.0,0.0,0.0,0.0,0.0,0.0,0.0,0.0,0.0
1,1,0.03125,0.96875,0.0,0.0,0.0,0.0,0.0,0.0,0.0,0.0,0.0,0.0
1,1,0.03125,0.96875,0.0,0.0,0.0,0.0,0.0,0.0,0.0,0.0,0.0,0.0
1,1,0.03125,0.96875,0.0,0.0,0.0,0.0,0.0,0.0,0.0,0.0,0.0,0.0
1,1,0.03125,0.96875,0.0,0.0,0.0,0.0,0.0,0.0,0.0,0.0,0.0,0.0
1,1,0.03125,0.96875,0.0,0.0,0.0,0.0,0.0,0.0,0.0,0.0,0.0,0.0
1,1,0.03125,0.96875,0.0,0.0,0.0,0.0,0.0,0.0,0.0,0.0,0.0,0.0
1,1,0.015625,0.984375,0.0,0.0,0.0,0.0,0.0,0.0,0.0,0.0,0.0,0.0
1,1,0.015625,0.984375,0.0,0.0,0.0,0.0,0.0,0.0,0.0,0.0,0.0,0.0
1,1,0.015625,0.984375,0.0,0.0,0.0,0.0,0.0,0.0,0.0,0.0,0.0,0.0
1,1,0.015625,0.984375,0.0,0.0,0.0,0.0,0.0,0.0,0.0,0.0,0.0,0.0
1,1,0.015625,0.984375,0.0,0.0,0.0,0.0,0.0,0.0,0.0,0.0,0.0,0.0
1,1,0.015625,0.984375,0.0,0.0,0.0,0.0,0.0,0.0,0.0,0.0,0.0,0.0
1,1,0.015625,0.984375,0.0,0.0,0.0,0.0,0.0,0.0,0.0,0.0,0.0,0.0
1,1,0.015625,0.984375,0.0,0.0,0.0,0.0,0.0,0.0,0.0,0.0,0.0,0.0
1,1,0.015625,0.984375,0.0,0.0,0.0,0.0,0.0,0.0,0.0,0.0,0.0,0.0
1,1,0.015625,0.984375,0.0,0.0,0.0,0.0,0.0,0.0,0.0,0.0,0.0,0.0
1,1,0.015625,0.984375,0.0,0.0,0.0,0.0,0.0,0.0,0.0,0.0,0.0,0.0
1,1,0.015625,0.984375,0.0,0.0,0.0,0.0,0.0,0.0,0.0,0.0,0.0,0.0
1,1,0.015625,0.984375,0.0,0.0,0.0,0.0,0.0,0.0,0.0,0.0,0.0,0.0
1,1,0.015625,0.984375,0.0,0.0,0.0,0.0,0.0,0.0,0.0,0.0,0.0,0.0
1,1,0.015625,0.984375,0.0,0.0,0.0,0.0,0.0,0.0,0.0,0.0,0.0,0.0
1,1,0.015625,0.984375,0.0,0.0,0.0,0.0,0.0,0.0,0.0,0.0,0.0,0.0
1,1,0.015625,0.984375,0.0,0.0,0.0,0.0,0.0,0.0,0.0,0.0,0.0,0.0
1,1,0.015625,0.984375,0.0,0.0,0.0,0.0,0.0,0.0,0.0,0.0,0.0,0.0
1,1,0.015625,0.984375,0.0,0.0,0.0,0.0,0.0,0.0,0.0,0.0,0.0,0.0
1,1,0.015625,0.984375,0.0,0.0,0.0,0.0,0.0,0.0,0.0,0.0,0.0,0.0
1,1,0.015625,0.984375,0.0,0.0,0.0,0.0,0.0,0.0,0.0,0.0,0.0,0.0
1,1,0.015625,0.984375,0.0,0.0,0.0,0.0,0.0,0.0,0.0,0.0,0.0,0.0
1,1,0.015625,0.984375,0.0,0.0,0.0,0.0,0.0,0.0,0.0,0.0,0.0,0.0
1,1,0.015625,0.984375,0.0,0.0,0.0,0.0,0.0,0.0,0.0,0.0,0.0,0.0
1,1,0.015625,0.984375,0.0,0.0,0.0,0.0,0.0,0.0,0.0,0.0,0.0,0.0
1,1,0.015625,0.984375,0.0,0.0,0.0,0.0,0.0,0.0,0.0,0.0,0.0,0.0
1,1,0.015625,0.984375,0.0,0.0,0.0,0.0,0.0,0.0,0.0,0.0,0.0,0.0
1,1,0.015625,0.984375,0.0,0.0,0.0,0.0,0.0,0.0,0.0,0.0,0.0,0.0
1,1,0.015625,0.984375,0.0,0.0,0.0,0.0,0.0,0.0,0.0,0.0,0.0,0.0
1,1,0.015625,0.984375,0.0,0.0,0.0,0.0,0.0,0.0,0.0,0.0,0.0,0.0
1,1,0.015625,0.984375,0.0,0.0,0.0,0.0,0.0,0.0,0.0,0.0,0.0,0.0
1,1,0.015625,0.984375,0.0,0.0,0.0,0.0,0.0,0.0,0.0,0.0,0.0,0.0
1,1,0.015625,0.984375,0.0,0.0,0.0,0.0,0.0,0.0,0.0,0.0,0.0,0.0
1,1,0.015625,0.984375,0.0,0.0,0.0,0.0,0.0,0.0,0.0,0.0,0.0,0.0
1,1,0.015625,0.984375,0.0,0.0,0.0,0.0,0.0,0.0,0.0,0.0,0.0,0.0
1,1,0.015625,0.984375,0.0,0.0,0.0,0.0,0.0,0.0,0.0,0.0,0.0,0.0
1,1,0.015625,0.984375,0.0,0.0,0.0,0.0,0.0,0.0,0.0,0.0,0.0,0.0
1,1,0.015625,0.984375,0.0,0.0,0.0,0.0,0.0,0.0,0.0,0.0,0.0,0.0
1,1,0.015625,0.984375,0.0,0.0,0.0,0.0,0.0,0.0,0.0,0.0,0.0,0.0
1,1,0.015625,0.984375,0.0,0.0,0.0,0.0,0.0,0.0,0.0,0.0,0.0,0.0
1,1,0.015625,0.984375,0.0,0.0,0.0,0.0,0.0,0.0,0.0,0.0,0.0,0.0
1,1,0.015625,0.984375,0.0,0.0,0.0,0.0,0.0,0.0,0.0,0.0,0.0,0.0
1,1,0.015625,0.984375,0.0,0.0,0.0,0.0,0.0,0.0,0.0,0.0,0.0,0.0
1,1,0.015625,0.984375,0.0,0.0,0.0,0.0,0.0,0.0,0.0,0.0,0.0,0.0
1,1,0.015625,0.984375,0.0,0.0,0.0,0.0,0.0,0.0,0.0,0.0,0.0,0.0
1,1,0.015625,0.984375,0.0,0.0,0.0,0.0,0.0,0.0,0.0,0.0,0.0,0.0
1,1,0.015625,0.984375,0.0,0.0,0.0,0.0,0.0,0.0,0.0,0.0,0.0,0.0
1,1,0.015625,0.984375,0.0,0.0,0.0,0.0,0.0,0.0,0.0,0.0,0.0,0.0
1,1,0.015625,0.984375,0.0,0.0,0.0,0.0,0.0,0.0,0.0,0.0,0.0,0.0
1,1,0.015625,0.984375,0.0,0.0,0.0,0.0,0.0,0.0,0.0,0.0,0.0,0.0
1,1,0.015625,0.984375,0.0,0.0,0.0,0.0,0.0,0.0,0.0,0.0,0.0,0.0
1,1,0.015625,0.984375,0.0,0.0,0.0,0.0,0.0,0.0,0.0,0.0,0.0,0.0
1,1,0.015625,0.984375,0.0,0.0,0.0,0.0,0.0,0.0,0.0,0.0,0.0,0.0
1,1,0.015625,0.984375,0.0,0.0,0.0,0.0,0.0,0.0,0.0,0.0,0.0,0.0
1,1,0.015625,0.984375,0.0,0.0,0.0,0.0,0.0,0.0,0.0,0.0,0.0,0.0
1,1,0.015625,0.984375,0.0,0.0,0.0,0.0,0.0,0.0,0.0,0.0,0.0,0.0
1,1,0.015625,0.984375,0.0,0.0,0.0,0.0,0.0,0.0,0.0,0.0,0.0,0.0
1,1,0.015625,0.984375,0.0,0.0,0.0,0.0,0.0,0.0,0.0,0.0,0.0,0.0
1,1,0.015625,0.984375,0.0,0.0,0.0,0.0,0.0,0.0,0.0,0.0,0.0,0.0
1,1,0.015625,0.984375,0.0,0.0,0.0,0.0,0.0,0.0,0.0,0.0,0.0,0.0
1,1,0.015625,0.984375,0.0,0.0,0.0,0.0,0.0,0.0,0.0,0.0,0.0,0.0
1,1,0.015625,0.984375,0.0,0.0,0.0,0.0,0.0,0.0,0.0,0.0,0.0,0.0
1,1,0.015625,0.984375,0.0,0.0,0.0,0.0,0.0,0.0,0.0,0.0,0.0,0.0
1,1,0.015625,0.984375,0.0,0.0,0.0,0.0,0.0,0.0,0.0,0.0,0.0,0.0
1,1,0.015625,0.984375,0.0,0.0,0.0,0.0,0.0,0.0,0.0,0.0,0.0,0.0
1,1,0.015625,0.984375,0.0,0.0,0.0,0.0,0.0,0.0,0.0,0.0,0.0,0.0
1,1,0.015625,0.984375,0.0,0.0,0.0,0.0,0.0,0.0,0.0,0.0,0.0,0.0
1,1,0.015625,0.984375,0.0,0.0,0.0,0.0,0.0,0.0,0.0,0.0,0.0,0.0
1,1,0.015625,0.984375,0.0,0.0,0.0,0.0,0.0,0.0,0.0,0.0,0.0,0.0
1,1,0.015625,0.984375,0.0,0.0,0.0,0.0,0.0,0.0,0.0,0.0,0.0,0.0
1,1,0.015625,0.984375,0.0,0.0,0.0,0.0,0.0,0.0,0.0,0.0,0.0,0.0
1,1,0.015625,0.984375,0.0,0.0,0.0,0.0,0.0,0.0,0.0,0.0,0.0,0.0
1,1,0.015625,0.984375,0.0,0.0,0.0,0.0,0.0,0.0,0.0,0.0,0.0,0.0
1,1,0.015625,0.984375,0.0,0.0,0.0,0.0,0.0,0.0,0.0,0.0,0.0,0.0
1,1,0.015625,0.984375,0.0,0.0,0.0,0.0,0.0,0.0,0.0,0.0,0.0,0.0
1,1,0.015625,0.984375,0.0,0.0,0.0,0.0,0.0,0.0,0.0,0.0,0.0,0.0
1,1,0.015625,0.984375,0.0,0.0,0.0,0.0,0.0,0.0,0.0,0.0,0.0,0.0
1,1,0.015625,0.984375,0.0,0.0,0.0,0.0,0.0,0.0,0.0,0.0,0.0,0.0
1,1,0.015625,0.984375,0.0,0.0,0.0,0.0,0.0,0.0,0.0,0.0,0.0,0.0
1,1,0.015625,0.984375,0.0,0.0,0.0,0.0,0.0,0.0,0.0,0.0,0.0,0.0
1,1,0.015625,0.984375,0.0,0.0,0.0,0.0,0.0,0.0,0.0,0.0,0.0,0.0
1,1,0.015625,0.984375,0.0,0.0,0.0,0.0,0.0,0.0,0.0,0.0,0.0,0.0
1,1,0.0,1.0,0.0,0.0,0.0,0.0,0.0,0.0,0.0,0.0,0.0,0.0
1,1,0.0,1.0,0.0,0.0,0.0,0.0,0.0,0.0,0.0,0.0,0.0,0.0
1,1,0.0,1.0,0.0,0.0,0.0,0.0,0.0,0.0,0.0,0.0,0.0,0.0
1,1,0.0,1.0,0.0,0.0,0.0,0.0,0.0,0.0,0.0,0.0,0.0,0.0
1,1,0.0,1.0,0.0,0.0,0.0,0.0,0.0,0.0,0.0,0.0,0.0,0.0
1,1,0.0,1.0,0.0,0.0,0.0,0.0,0.0,0.0,0.0,0.0,0.0,0.0
1,1,0.0,1.0,0.0,0.0,0.0,0.0,0.0,0.0,0.0,0.0,0.0,0.0
1,1,0.0,1.0,0.0,0.0,0.0,0.0,0.0,0.0,0.0,0.0,0.0,0.0
1,1,0.0,1.0,0.0,0.0,0.0,0.0,0.0,0.0,0.0,0.0,0.0,0.0
1,1,0.0,1.0,0.0,0.0,0.0,0.0,0.0,0.0,0.0,0.0,0.0,0.0
1,1,0.0,1.0,0.0,0.0,0.0,0.0,0.0,0.0,0.0,0.0,0.0,0.0
1,1,0.0,1.0,0.0,0.0,0.0,0.0,0.0,0.0,0.0,0.0,0.0,0.0
1,1,0.0,1.0,0.0,0.0,0.0,0.0,0.0,0.0,0.0,0.0,0.0,0.0
1,1,0.0,1.0,0.0,0.0,0.0,0.0,0.0,0.0,0.0,0.0,0.0,0.0
1,1,0.0,1.0,0.0,0.0,0.0,0.0,0.0,0.0,0.0,0.0,0.0,0.0
1,1,0.0,1.0,0.0,0.0,0.0,0.0,0.0,0.0,0.0,0.0,0.0,0.0
1,1,0.0,1.0,0.0,0.0,0.0,0.0,0.0,0.0,0.0,0.0,0.0,0.0
1,1,0.0,1.0,0.0,0.0,0.0,0.0,0.0,0.0,0.0,0.0,0.0,0.0
1,1,0.0,1.0,0.0,0.0,0.0,0.0,0.0,0.0,0.0,0.0,0.0,0.0
1,1,0.0,1.0,0.0,0.0,0.0,0.0,0.0,0.0,0.0,0.0,0.0,0.0
1,1,0.0,1.0,0.0,0.0,0.0,0.0,0.0,0.0,0.0,0.0,0.0,0.0
1,1,0.0,1.0,0.0,0.0,0.0,0.0,0.0,0.0,0.0,0.0,0.0,0.0
1,1,0.0,1.0,0.0,0.0,0.0,0.0,0.0,0.0,0.0,0.0,0.0,0.0
1,1,0.0,1.0,0.0,0.0,0.0,0.0,0.0,0.0,0.0,0.0,0.0,0.0
1,1,0.0,1.0,0.0,0.0,0.0,0.0,0.0,0.0,0.0,0.0,0.0,0.0
1,1,0.0,1.0,0.0,0.0,0.0,0.0,0.0,0.0,0.0,0.0,0.0,0.0
1,1,0.0,1.0,0.0,0.0,0.0,0.0,0.0,0.0,0.0,0.0,0.0,0.0
1,1,0.0,1.0,0.0,0.0,0.0,0.0,0.0,0.0,0.0,0.0,0.0,0.0
1,1,0.0,1.0,0.0,0.0,0.0,0.0,0.0,0.0,0.0,0.0,0.0,0.0
1,1,0.0,1.0,0.0,0.0,0.0,0.0,0.0,0.0,0.0,0.0,0.0,0.0
1,1,0.0,1.0,0.0,0.0,0.0,0.0,0.0,0.0,0.0,0.0,0.0,0.0
1,1,0.0,1.0,0.0,0.0,0.0,0.0,0.0,0.0,0.0,0.0,0.0,0.0
1,1,0.0,1.0,0.0,0.0,0.0,0.0,0.0,0.0,0.0,0.0,0.0,0.0
1,1,0.0,1.0,0.0,0.0,0.0,0.0,0.0,0.0,0.0,0.0,0.0,0.0
1,1,0.0,1.0,0.0,0.0,0.0,0.0,0.0,0.0,0.0,0.0,0.0,0.0
1,1,0.0,1.0,0.0,0.0,0.0,0.0,0.0,0.0,0.0,0.0,0.0,0.0
1,1,0.0,1.0,0.0,0.0,0.0,0.0,0.0,0.0,0.0,0.0,0.0,0.0
1,1,0.0,1.0,0.0,0.0,0.0,0.0,0.0,0.0,0.0,0.0,0.0,0.0
1,1,0.0,1.0,0.0,0.0,0.0,0.0,0.0,0.0,0.0,0.0,0.0,0.0
1,1,0.0,1.0,0.0,0.0,0.0,0.0,0.0,0.0,0.0,0.0,0.0,0.0
1,1,0.0,1.0,0.0,0.0,0.0,0.0,0.0,0.0,0.0,0.0,0.0,0.0
1,1,0.0,1.0,0.0,0.0,0.0,0.0,0.0,0.0,0.0,0.0,0.0,0.0
1,1,0.0,1.0,0.0,0.0,0.0,0.0,0.0,0.0,0.0,0.0,0.0,0.0
1,1,0.0,1.0,0.0,0.0,0.0,0.0,0.0,0.0,0.0,0.0,0.0,0.0
1,1,0.0,1.0,0.0,0.0,0.0,0.0,0.0,0.0,0.0,0.0,0.0,0.0
1,1,0.0,1.0,0.0,0.0,0.0,0.0,0.0,0.0,0.0,0.0,0.0,0.0
1,1,0.0,1.0,0.0,0.0,0.0,0.0,0.0,0.0,0.0,0.0,0.0,0.0
1,1,0.0,1.0,0.0,0.0,0.0,0.0,0.0,0.0,0.0,0.0,0.0,0.0
1,1,0.0,1.0,0.0,0.0,0.0,0.0,0.0,0.0,0.0,0.0,0.0,0.0
1,1,0.0,1.0,0.0,0.0,0.0,0.0,0.0,0.0,0.0,0.0,0.0,0.0
1,1,0.0,1.0,0.0,0.0,0.0,0.0,0.0,0.0,0.0,0.0,0.0,0.0
1,1,0.0,1.0,0.0,0.0,0.0,0.0,0.0,0.0,0.0,0.0,0.0,0.0
1,1,0.0,1.0,0.0,0.0,0.0,0.0,0.0,0.0,0.0,0.0,0.0,0.0
1,1,0.0,1.0,0.0,0.0,0.0,0.0,0.0,0.0,0.0,0.0,0.0,0.0
1,1,0.0,1.0,0.0,0.0,0.0,0.0,0.0,0.0,0.0,0.0,0.0,0.0
1,1,0.0,1.0,0.0,0.0,0.0,0.0,0.0,0.0,0.0,0.0,0.0,0.0
1,1,0.0,1.0,0.0,0.0,0.0,0.0,0.0,0.0,0.0,0.0,0.0,0.0
1,1,0.0,1.0,0.0,0.0,0.0,0.0,0.0,0.0,0.0,0.0,0.0,0.0
1,1,0.0,1.0,0.0,0.0,0.0,0.0,0.0,0.0,0.0,0.0,0.0,0.0
1,1,0.0,1.0,0.0,0.0,0.0,0.0,0.0,0.0,0.0,0.0,0.0,0.0
1,1,0.0,1.0,0.0,0.0,0.0,0.0,0.0,0.0,0.0,0.0,0.0,0.0
1,1,0.0,1.0,0.0,0.0,0.0,0.0,0.0,0.0,0.0,0.0,0.0,0.0
1,1,0.0,1.0,0.0,0.0,0.0,0.0,0.0,0.0,0.0,0.0,0.0,0.0
1,1,0.0,1.0,0.0,0.0,0.0,0.0,0.0,0.0,0.0,0.0,0.0,0.0
1,1,0.0,1.0,0.0,0.0,0.0,0.0,0.0,0.0,0.0,0.0,0.0,0.0
1,1,0.0,1.0,0.0,0.0,0.0,0.0,0.0,0.0,0.0,0.0,0.0,0.0
1,1,0.0,1.0,0.0,0.0,0.0,0.0,0.0,0.0,0.0,0.0,0.0,0.0
1,1,0.0,1.0,0.0,0.0,0.0,0.0,0.0,0.0,0.0,0.0,0.0,0.0
1,1,0.0,1.0,0.0,0.0,0.0,0.0,0.0,0.0,0.0,0.0,0.0,0.0
1,1,0.0,1.0,0.0,0.0,0.0,0.0,0.0,0.0,0.0,0.0,0.0,0.0
1,1,0.0,1.0,0.0,0.0,0.0,0.0,0.0,0.0,0.0,0.0,0.0,0.0
1,1,0.0,1.0,0.0,0.0,0.0,0.0,0.0,0.0,0.0,0.0,0.0,0.0
1,1,0.0,1.0,0.0,0.0,0.0,0.0,0.0,0.0,0.0,0.0,0.0,0.0
1,1,0.0,1.0,0.0,0.0,0.0,0.0,0.0,0.0,0.0,0.0,0.0,0.0
1,1,0.0,1.0,0.0,0.0,0.0,0.0,0.0,0.0,0.0,0.0,0.0,0.0
1,1,0.0,1.0,0.0,0.0,0.0,0.0,0.0,0.0,0.0,0.0,0.0,0.0
1,1,0.0,1.0,0.0,0.0,0.0,0.0,0.0,0.0,0.0,0.0,0.0,0.0
1,1,0.0,1.0,0.0,0.0,0.0,0.0,0.0,0.0,0.0,0.0,0.0,0.0
1,1,0.0,1.0,0.0,0.0,0.0,0.0,0.0,0.0,0.0,0.0,0.0,0.0
1,1,0.0,1.0,0.0,0.0,0.0,0.0,0.0,0.0,0.0,0.0,0.0,0.0
1,1,0.0,1.0,0.0,0.0,0.0,0.0,0.0,0.0,0.0,0.0,0.0,0.0
1,1,0.0,1.0,0.0,0.0,0.0,0.0,0.0,0.0,0.0,0.0,0.0,0.0
1,1,0.0,1.0,0.0,0.0,0.0,0.0,0.0,0.0,0.0,0.0,0.0,0.0
1,1,0.0,1.0,0.0,0.0,0.0,0.0,0.0,0.0,0.0,0.0,0.0,0.0
1,1,0.0,1.0,0.0,0.0,0.0,0.0,0.0,0.0,0.0,0.0,0.0,0.0
1,1,0.0,1.0,0.0,0.0,0.0,0.0,0.0,0.0,0.0,0.0,0.0,0.0
1,1,0.0,1.0,0.0,0.0,0.0,0.0,0.0,0.0,0.0,0.0,0.0,0.0
1,1,0.0,1.0,0.0,0.0,0.0,0.0,0.0,0.0,0.0,0.0,0.0,0.0
1,1,0.0,1.0,0.0,0.0,0.0,0.0,0.0,0.0,0.0,0.0,0.0,0.0
1,1,0.0,1.0,0.0,0.0,0.0,0.0,0.0,0.0,0.0,0.0,0.0,0.0
1,1,0.0,1.0,0.0,0.0,0.0,0.0,0.0,0.0,0.0,0.0,0.0,0.0
1,1,0.0,1.0,0.0,0.0,0.0,0.0,0.0,0.0,0.0,0.0,0.0,0.0
1,1,0.0,1.0,0.0,0.0,0.0,0.0,0.0,0.0,0.0,0.0,0.0,0.0
1,1,0.0,1.0,0.0,0.0,0.0,0.0,0.0,0.0,0.0,0.0,0.0,0.0
1,1,0.0,1.0,0.0,0.0,0.0,0.0,0.0,0.0,0.0,0.0,0.0,0.0
1,1,0.0,1.0,0.0,0.0,0.0,0.0,0.0,0.0,0.0,0.0,0.0,0.0
1,1,0.0,1.0,0.0,0.0,0.0,0.0,0.0,0.0,0.0,0.0,0.0,0.0
1,1,0.0,1.0,0.0,0.0,0.0,0.0,0.0,0.0,0.0,0.0,0.0,0.0
1,1,0.0,1.0,0.0,0.0,0.0,0.0,0.0,0.0,0.0,0.0,0.0,0.0
1,1,0.0,1.0,0.0,0.0,0.0,0.0,0.0,0.0,0.0,0.0,0.0,0.0
1,1,0.0,1.0,0.0,0.0,0.0,0.0,0.0,0.0,0.0,0.0,0.0,0.0
1,1,0.0,1.0,0.0,0.0,0.0,0.0,0.0,0.0,0.0,0.0,0.0,0.0
1,1,0.0,1.0,0.0,0.0,0.0,0.0,0.0,0.0,0.0,0.0,0.0,0.0
1,1,0.0,1.0,0.0,0.0,0.0,0.0,0.0,0.0,0.0,0.0,0.0,0.0
1,1,0.0,1.0,0.0,0.0,0.0,0.0,0.0,0.0,0.0,0.0,0.0,0.0
1,1,0.0,1.0,0.0,0.0,0.0,0.0,0.0,0.0,0.0,0.0,0.0,0.0
1,1,0.0,1.0,0.0,0.0,0.0,0.0,0.0,0.0,0.0,0.0,0.0,0.0
1,1,0.0,1.0,0.0,0.0,0.0,0.0,0.0,0.0,0.0,0.0,0.0,0.0
1,1,0.0,1.0,0.0,0.0,0.0,0.0,0.0,0.0,0.0,0.0,0.0,0.0
1,1,0.0,1.0,0.0,0.0,0.0,0.0,0.0,0.0,0.0,0.0,0.0,0.0
1,1,0.0,1.0,0.0,0.0,0.0,0.0,0.0,0.0,0.0,0.0,0.0,0.0
1,1,0.0,1.0,0.0,0.0,0.0,0.0,0.0,0.0,0.0,0.0,0.0,0.0
1,1,0.0,1.0,0.0,0.0,0.0,0.0,0.0,0.0,0.0,0.0,0.0,0.0
1,1,0.0,1.0,0.0,0.0,0.0,0.0,0.0,0.0,0.0,0.0,0.0,0.0
1,1,0.0,1.0,0.0,0.0,0.0,0.0,0.0,0.0,0.0,0.0,0.0,0.0
1,1,0.0,1.0,0.0,0.0,0.0,0.0,0.0,0.0,0.0,0.0,0.0,0.0
1,1,0.0,1.0,0.0,0.0,0.0,0.0,0.0,0.0,0.0,0.0,0.0,0.0
1,1,0.0,1.0,0.0,0.0,0.0,0.0,0.0,0.0,0.0,0.0,0.0,0.0
1,1,0.0,1.0,0.0,0.0,0.0,0.0,0.0,0.0,0.0,0.0,0.0,0.0
1,1,0.0,1.0,0.0,0.0,0.0,0.0,0.0,0.0,0.0,0.0,0.0,0.0
1,1,0.0,1.0,0.0,0.0,0.0,0.0,0.0,0.0,0.0,0.0,0.0,0.0
1,1,0.0,1.0,0.0,0.0,0.0,0.0,0.0,0.0,0.0,0.0,0.0,0.0
1,1,0.0,1.0,0.0,0.0,0.0,0.0,0.0,0.0,0.0,0.0,0.0,0.0
1,1,0.0,1.0,0.0,0.0,0.0,0.0,0.0,0.0,0.0,0.0,0.0,0.0
1,1,0.0,1.0,0.0,0.0,0.0,0.0,0.0,0.0,0.0,0.0,0.0,0.0
1,1,0.0,1.0,0.0,0.0,0.0,0.0,0.0,0.0,0.0,0.0,0.0,0.0
1,1,0.0,1.0,0.0,0.0,0.0,0.0,0.0,0.0,0.0,0.0,0.0,0.0
1,1,0.0,1.0,0.0,0.0,0.0,0.0,0.0,0.0,0.0,0.0,0.0,0.0
1,1,0.0,1.0,0.0,0.0,0.0,0.0,0.0,0.0,0.0,0.0,0.0,0.0
1,1,0.0,1.0,0.0,0.0,0.0,0.0,0.0,0.0,0.0,0.0,0.0,0.0
1,1,0.0,1.0,0.0,0.0,0.0,0.0,0.0,0.0,0.0,0.0,0.0,0.0
1,1,0.0,1.0,0.0,0.0,0.0,0.0,0.0,0.0,0.0,0.0,0.0,0.0
1,1,0.0,1.0,0.0,0.0,0.0,0.0,0.0,0.0,0.0,0.0,0.0,0.0
1,1,0.0,1.0,0.0,0.0,0.0,0.0,0.0,0.0,0.0,0.0,0.0,0.0
1,1,0.0,1.0,0.0,0.0,0.0,0.0,0.0,0.0,0.0,0.0,0.0,0.0
1,1,0.0,1.0,0.0,0.0,0.0,0.0,0.0,0.0,0.0,0.0,0.0,0.0
1,1,0.0,1.0,0.0,0.0,0.0,0.0,0.0,0.0,0.0,0.0,0.0,0.0
1,1,0.0,1.0,0.0,0.0,0.0,0.0,0.0,0.0,0.0,0.0,0.0,0.0
1,1,0.0,1.0,0.0,0.0,0.0,0.0,0.0,0.0,0.0,0.0,0.0,0.0
1,1,0.0,1.0,0.0,0.0,0.0,0.0,0.0,0.0,0.0,0.0,0.0,0.0
1,1,0.0,1.0,0.0,0.0,0.0,0.0,0.0,0.0,0.0,0.0,0.0,0.0
1,1,0.0,1.0,0.0,0.0,0.0,0.0,0.0,0.0,0.0,0.0,0.0,0.0
1,1,0.0,1.0,0.0,0.0,0.0,0.0,0.0,0.0,0.0,0.0,0.0,0.0
1,1,0.0,1.0,0.0,0.0,0.0,0.0,0.0,0.0,0.0,0.0,0.0,0.0
1,1,0.0,1.0,0.0,0.0,0.0,0.0,0.0,0.0,0.0,0.0,0.0,0.0
1,1,0.0,1.0,0.0,0.0,0.0,0.0,0.0,0.0,0.0,0.0,0.0,0.0
1,1,0.0,1.0,0.0,0.0,0.0,0.0,0.0,0.0,0.0,0.0,0.0,0.0
1,1,0.0,1.0,0.0,0.0,0.0,0.0,0.0,0.0,0.0,0.0,0.0,0.0
1,1,0.0,1.0,0.0,0.0,0.0,0.0,0.0,0.0,0.0,0.0,0.0,0.0
1,1,0.0,1.0,0.0,0.0,0.0,0.0,0.0,0.0,0.0,0.0,0.0,0.0
1,1,0.0,1.0,0.0,0.0,0.0,0.0,0.0,0.0,0.0,0.0,0.0,0.0
1,1,0.0,1.0,0.0,0.0,0.0,0.0,0.0,0.0,0.0,0.0,0.0,0.0
1,1,0.0,1.0,0.0,0.0,0.0,0.0,0.0,0.0,0.0,0.0,0.0,0.0
1,1,0.0,1.0,0.0,0.0,0.0,0.0,0.0,0.0,0.0,0.0,0.0,0.0
1,1,0.0,1.0,0.0,0.0,0.0,0.0,0.0,0.0,0.0,0.0,0.0,0.0
1,1,0.0,1.0,0.0,0.0,0.0,0.0,0.0,0.0,0.0,0.0,0.0,0.0
1,1,0.0,1.0,0.0,0.0,0.0,0.0,0.0,0.0,0.0,0.0,0.0,0.0
1,1,0.0,1.0,0.0,0.0,0.0,0.0,0.0,0.0,0.0,0.0,0.0,0.0
1,1,0.0,1.0,0.0,0.0,0.0,0.0,0.0,0.0,0.0,0.0,0.0,0.0
1,1,0.0,1.0,0.0,0.0,0.0,0.0,0.0,0.0,0.0,0.0,0.0,0.0
1,1,0.0,1.0,0.0,0.0,0.0,0.0,0.0,0.0,0.0,0.0,0.0,0.0
1,1,0.0,1.0,0.0,0.0,0.0,0.0,0.0,0.0,0.0,0.0,0.0,0.0
1,1,0.0,1.0,0.0,0.0,0.0,0.0,0.0,0.0,0.0,0.0,0.0,0.0
1,1,0.0,1.0,0.0,0.0,0.0,0.0,0.0,0.0,0.0,0.0,0.0,0.0
1,1,0.0,1.0,0.0,0.0,0.0,0.0,0.0,0.0,0.0,0.0,0.0,0.0
1,1,0.0,1.0,0.0,0.0,0.0,0.0,0.0,0.0,0.0,0.0,0.0,0.0
1,1,0.0,1.0,0.0,0.0,0.0,0.0,0.0,0.0,0.0,0.0,0.0,0.0
1,1,0.0,1.0,0.0,0.0,0.0,0.0,0.0,0.0,0.0,0.0,0.0,0.0
1,1,0.0,1.0,0.0,0.0,0.0,0.0,0.0,0.0,0.0,0.0,0.0,0.0
1,1,0.0,1.0,0.0,0.0,0.0,0.0,0.0,0.0,0.0,0.0,0.0,0.0
1,1,0.0,1.0,0.0,0.0,0.0,0.0,0.0,0.0,0.0,0.0,0.0,0.0
1,1,0.0,1.0,0.0,0.0,0.0,0.0,0.0,0.0,0.0,0.0,0.0,0.0
1,1,0.0,1.0,0.0,0.0,0.0,0.0,0.0,0.0,0.0,0.0,0.0,0.0
1,1,0.0,1.0,0.0,0.0,0.0,0.0,0.0,0.0,0.0,0.0,0.0,0.0
1,1,0.0,1.0,0.0,0.0,0.0,0.0,0.0,0.0,0.0,0.0,0.0,0.0
1,1,0.0,1.0,0.0,0.0,0.0,0.0,0.0,0.0,0.0,0.0,0.0,0.0
1,1,0.0,1.0,0.0,0.0,0.0,0.0,0.0,0.0,0.0,0.0,0.0,0.0
1,1,0.0,1.0,0.0,0.0,0.0,0.0,0.0,0.0,0.0,0.0,0.0,0.0
1,1,0.0,1.0,0.0,0.0,0.0,0.0,0.0,0.0,0.0,0.0,0.0,0.0
1,1,0.0,1.0,0.0,0.0,0.0,0.0,0.0,0.0,0.0,0.0,0.0,0.0
1,1,0.0,1.0,0.0,0.0,0.0,0.0,0.0,0.0,0.0,0.0,0.0,0.0
1,1,0.0,1.0,0.0,0.0,0.0,0.0,0.0,0.0,0.0,0.0,0.0,0.0
1,1,0.0,1.0,0.0,0.0,0.0,0.0,0.0,0.0,0.0,0.0,0.0,0.0
1,1,0.0,1.0,0.0,0.0,0.0,0.0,0.0,0.0,0.0,0.0,0.0,0.0
1,1,0.0,1.0,0.0,0.0,0.0,0.0,0.0,0.0,0.0,0.0,0.0,0.0
1,1,0.0,1.0,0.0,0.0,0.0,0.0,0.0,0.0,0.0,0.0,0.0,0.0
1,1,0.0,1.0,0.0,0.0,0.0,0.0,0.0,0.0,0.0,0.0,0.0,0.0
1,1,0.0,1.0,0.0,0.0,0.0,0.0,0.0,0.0,0.0,0.0,0.0,0.0
1,1,0.0,1.0,0.0,0.0,0.0,0.0,0.0,0.0,0.0,0.0,0.0,0.0
1,1,0.0,1.0,0.0,0.0,0.0,0.0,0.0,0.0,0.0,0.0,0.0,0.0
1,1,0.0,1.0,0.0,0.0,0.0,0.0,0.0,0.0,0.0,0.0,0.0,0.0
1,1,0.0,1.0,0.0,0.0,0.0,0.0,0.0,0.0,0.0,0.0,0.0,0.0
1,1,0.0,1.0,0.0,0.0,0.0,0.0,0.0,0.0,0.0,0.0,0.0,0.0
1,1,0.0,1.0,0.0,0.0,0.0,0.0,0.0,0.0,0.0,0.0,0.0,0.0
1,1,0.0,1.0,0.0,0.0,0.0,0.0,0.0,0.0,0.0,0.0,0.0,0.0
1,1,0.0,1.0,0.0,0.0,0.0,0.0,0.0,0.0,0.0,0.0,0.0,0.0
1,1,0.0,1.0,0.0,0.0,0.0,0.0,0.0,0.0,0.0,0.0,0.0,0.0
1,1,0.0,1.0,0.0,0.0,0.0,0.0,0.0,0.0,0.0,0.0,0.0,0.0
1,1,0.0,1.0,0.0,0.0,0.0,0.0,0.0,0.0,0.0,0.0,0.0,0.0
1,1,0.0,1.0,0.0,0.0,0.0,0.0,0.0,0.0,0.0,0.0,0.0,0.0
1,1,0.0,1.0,0.0,0.0,0.0,0.0,0.0,0.0,0.0,0.0,0.0,0.0
1,1,0.0,1.0,0.0,0.0,0.0,0.0,0.0,0.0,0.0,0.0,0.0,0.0
1,1,0.0,1.0,0.0,0.0,0.0,0.0,0.0,0.0,0.0,0.0,0.0,0.0
1,1,0.0,1.0,0.0,0.0,0.0,0.0,0.0,0.0,0.0,0.0,0.0,0.0
1,1,0.0,1.0,0.0,0.0,0.0,0.0,0.0,0.0,0.0,0.0,0.0,0.0
1,1,0.0,1.0,0.0,0.0,0.0,0.0,0.0,0.0,0.0,0.0,0.0,0.0
1,1,0.0,1.0,0.0,0.0,0.0,0.0,0.0,0.0,0.0,0.0,0.0,0.0
1,1,0.0,1.0,0.0,0.0,0.0,0.0,0.0,0.0,0.0,0.0,0.0,0.0
1,1,0.0,1.0,0.0,0.0,0.0,0.0,0.0,0.0,0.0,0.0,0.0,0.0
1,1,0.0,1.0,0.0,0.0,0.0,0.0,0.0,0.0,0.0,0.0,0.0,0.0
1,1,0.0,1.0,0.0,0.0,0.0,0.0,0.0,0.0,0.0,0.0,0.0,0.0
1,1,0.0,1.0,0.0,0.0,0.0,0.0,0.0,0.0,0.0,0.0,0.0,0.0
1,1,0.0,1.0,0.0,0.0,0.0,0.0,0.0,0.0,0.0,0.0,0.0,0.0
1,1,0.0,1.0,0.0,0.0,0.0,0.0,0.0,0.0,0.0,0.0,0.0,0.0
1,1,0.0,1.0,0.0,0.0,0.0,0.0,0.0,0.0,0.0,0.0,0.0,0.0
1,1,0.0,1.0,0.0,0.0,0.0,0.0,0.0,0.0,0.0,0.0,0.0,0.0
1,1,0.0,1.0,0.0,0.0,0.0,0.0,0.0,0.0,0.0,0.0,0.0,0.0
1,1,0.0,1.0,0.0,0.0,0.0,0.0,0.0,0.0,0.0,0.0,0.0,0.0
1,1,0.0,1.0,0.0,0.0,0.0,0.0,0.0,0.0,0.0,0.0,0.0,0.0
1,1,0.0,1.0,0.0,0.0,0.0,0.0,0.0,0.0,0.0,0.0,0.0,0.0
1,1,0.0,1.0,0.0,0.0,0.0,0.0,0.0,0.0,0.0,0.0,0.0,0.0
1,1,0.0,1.0,0.0,0.0,0.0,0.0,0.0,0.0,0.0,0.0,0.0,0.0
1,1,0.0,1.0,0.0,0.0,0.0,0.0,0.0,0.0,0.0,0.0,0.0,0.0
1,1,0.0,1.0,0.0,0.0,0.0,0.0,0.0,0.0,0.0,0.0,0.0,0.0
1,1,0.0,1.0,0.0,0.0,0.0,0.0,0.0,0.0,0.0,0.0,0.0,0.0
1,1,0.0,1.0,0.0,0.0,0.0,0.0,0.0,0.0,0.0,0.0,0.0,0.0
1,1,0.0,1.0,0.0,0.0,0.0,0.0,0.0,0.0,0.0,0.0,0.0,0.0
1,1,0.0,1.0,0.0,0.0,0.0,0.0,0.0,0.0,0.0,0.0,0.0,0.0
1,1,0.0,1.0,0.0,0.0,0.0,0.0,0.0,0.0,0.0,0.0,0.0,0.0
1,1,0.0,1.0,0.0,0.0,0.0,0.0,0.0,0.0,0.0,0.0,0.0,0.0
1,1,0.0,1.0,0.0,0.0,0.0,0.0,0.0,0.0,0.0,0.0,0.0,0.0
1,1,0.0,1.0,0.0,0.0,0.0,0.0,0.0,0.0,0.0,0.0,0.0,0.0
1,1,0.0,1.0,0.0,0.0,0.0,0.0,0.0,0.0,0.0,0.0,0.0,0.0
1,1,0.0,1.0,0.0,0.0,0.0,0.0,0.0,0.0,0.0,0.0,0.0,0.0
1,1,0.0,1.0,0.0,0.0,0.0,0.0,0.0,0.0,0.0,0.0,0.0,0.0
1,1,0.0,1.0,0.0,0.0,0.0,0.0,0.0,0.0,0.0,0.0,0.0,0.0
1,1,0.0,1.0,0.0,0.0,0.0,0.0,0.0,0.0,0.0,0.0,0.0,0.0
1,1,0.0,1.0,0.0,0.0,0.0,0.0,0.0,0.0,0.0,0.0,0.0,0.0
1,1,0.0,1.0,0.0,0.0,0.0,0.0,0.0,0.0,0.0,0.0,0.0,0.0
1,1,0.0,1.0,0.0,0.0,0.0,0.0,0.0,0.0,0.0,0.0,0.0,0.0
1,1,0.0,1.0,0.0,0.0,0.0,0.0,0.0,0.0,0.0,0.0,0.0,0.0
1,1,0.0,1.0,0.0,0.0,0.0,0.0,0.0,0.0,0.0,0.0,0.0,0.0
1,1,0.0,1.0,0.0,0.0,0.0,0.0,0.0,0.0,0.0,0.0,0.0,0.0
1,1,0.0,1.0,0.0,0.0,0.0,0.0,0.0,0.0,0.0,0.0,0.0,0.0
1,1,0.0,1.0,0.0,0.0,0.0,0.0,0.0,0.0,0.0,0.0,0.0,0.0
1,1,0.0,1.0,0.0,0.0,0.0,0.0,0.0,0.0,0.0,0.0,0.0,0.0
1,1,0.0,1.0,0.0,0.0,0.0,0.0,0.0,0.0,0.0,0.0,0.0,0.0
1,1,0.0,1.0,0.0,0.0,0.0,0.0,0.0,0.0,0.0,0.0,0.0,0.0
1,1,0.0,1.0,0.0,0.0,0.0,0.0,0.0,0.0,0.0,0.0,0.0,0.0
1,1,0.0,1.0,0.0,0.0,0.0,0.0,0.0,0.0,0.0,0.0,0.0,0.0
1,1,0.0,1.0,0.0,0.0,0.0,0.0,0.0,0.0,0.0,0.0,0.0,0.0
1,1,0.0,1.0,0.0,0.0,0.0,0.0,0.0,0.0,0.0,0.0,0.0,0.0
1,1,0.0,1.0,0.0,0.0,0.0,0.0,0.0,0.0,0.0,0.0,0.0,0.0
1,1,0.0,1.0,0.0,0.0,0.0,0.0,0.0,0.0,0.0,0.0,0.0,0.0
1,1,0.0,1.0,0.0,0.0,0.0,0.0,0.0,0.0,0.0,0.0,0.0,0.0
1,1,0.0,1.0,0.0,0.0,0.0,0.0,0.0,0.0,0.0,0.0,0.0,0.0
1,1,0.0,1.0,0.0,0.0,0.0,0.0,0.0,0.0,0.0,0.0,0.0,0.0
1,1,0.0,1.0,0.0,0.0,0.0,0.0,0.0,0.0,0.0,0.0,0.0,0.0
1,1,0.0,1.0,0.0,0.0,0.0,0.0,0.0,0.0,0.0,0.0,0.0,0.0
1,1,0.0,1.0,0.0,0.0,0.0,0.0,0.0,0.0,0.0,0.0,0.0,0.0
1,1,0.0,1.0,0.0,0.0,0.0,0.0,0.0,0.0,0.0,0.0,0.0,0.0
1,1,0.0,1.0,0.0,0.0,0.0,0.0,0.0,0.0,0.0,0.0,0.0,0.0
1,1,0.0,1.0,0.0,0.0,0.0,0.0,0.0,0.0,0.0,0.0,0.0,0.0
1,1,0.0,1.0,0.0,0.0,0.0,0.0,0.0,0.0,0.0,0.0,0.0,0.0
1,1,0.0,1.0,0.0,0.0,0.0,0.0,0.0,0.0,0.0,0.0,0.0,0.0
1,1,0.0,1.0,0.0,0.0,0.0,0.0,0.0,0.0,0.0,0.0,0.0,0.0
1,1,0.0,1.0,0.0,0.0,0.0,0.0,0.0,0.0,0.0,0.0,0.0,0.0
1,1,0.0,1.0,0.0,0.0,0.0,0.0,0.0,0.0,0.0,0.0,0.0,0.0
1,1,0.0,1.0,0.0,0.0,0.0,0.0,0.0,0.0,0.0,0.0,0.0,0.0
1,1,0.0,1.0,0.0,0.0,0.0,0.0,0.0,0.0,0.0,0.0,0.0,0.0
1,1,0.0,1.0,0.0,0.0,0.0,0.0,0.0,0.0,0.0,0.0,0.0,0.0
1,1,0.0,1.0,0.0,0.0,0.0,0.0,0.0,0.0,0.0,0.0,0.0,0.0
1,1,0.0,1.0,0.0,0.0,0.0,0.0,0.0,0.0,0.0,0.0,0.0,0.0
1,1,0.0,1.0,0.0,0.0,0.0,0.0,0.0,0.0,0.0,0.0,0.0,0.0
1,1,0.0,1.0,0.0,0.0,0.0,0.0,0.0,0.0,0.0,0.0,0.0,0.0
1,1,0.0,1.0,0.0,0.0,0.0,0.0,0.0,0.0,0.0,0.0,0.0,0.0
1,1,0.0,1.0,0.0,0.0,0.0,0.0,0.0,0.0,0.0,0.0,0.0,0.0
1,1,0.0,1.0,0.0,0.0,0.0,0.0,0.0,0.0,0.0,0.0,0.0,0.0
1,1,0.0,1.0,0.0,0.0,0.0,0.0,0.0,0.0,0.0,0.0,0.0,0.0
1,1,0.0,1.0,0.0,0.0,0.0,0.0,0.0,0.0,0.0,0.0,0.0,0.0
1,1,0.0,1.0,0.0,0.0,0.0,0.0,0.0,0.0,0.0,0.0,0.0,0.0
1,1,0.0,1.0,0.0,0.0,0.0,0.0,0.0,0.0,0.0,0.0,0.0,0.0
1,1,0.0,1.0,0.0,0.0,0.0,0.0,0.0,0.0,0.0,0.0,0.0,0.0
1,1,0.0,1.0,0.0,0.0,0.0,0.0,0.0,0.0,0.0,0.0,0.0,0.0
1,1,0.0,1.0,0.0,0.0,0.0,0.0,0.0,0.0,0.0,0.0,0.0,0.0
1,1,0.0,1.0,0.0,0.0,0.0,0.0,0.0,0.0,0.0,0.0,0.0,0.0
1,1,0.0,1.0,0.0,0.0,0.0,0.0,0.0,0.0,0.0,0.0,0.0,0.0
1,1,0.0,1.0,0.0,0.0,0.0,0.0,0.0,0.0,0.0,0.0,0.0,0.0
1,1,0.0,1.0,0.0,0.0,0.0,0.0,0.0,0.0,0.0,0.0,0.0,0.0
1,1,0.0,1.0,0.0,0.0,0.0,0.0,0.0,0.0,0.0,0.0,0.0,0.0
1,1,0.0,1.0,0.0,0.0,0.0,0.0,0.0,0.0,0.0,0.0,0.0,0.0
1,1,0.0,1.0,0.0,0.0,0.0,0.0,0.0,0.0,0.0,0.0,0.0,0.0
1,1,0.0,1.0,0.0,0.0,0.0,0.0,0.0,0.0,0.0,0.0,0.0,0.0
1,1,0.0,1.0,0.0,0.0,0.0,0.0,0.0,0.0,0.0,0.0,0.0,0.0
1,1,0.0,1.0,0.0,0.0,0.0,0.0,0.0,0.0,0.0,0.0,0.0,0.0
1,1,0.0,1.0,0.0,0.0,0.0,0.0,0.0,0.0,0.0,0.0,0.0,0.0
1,1,0.0,1.0,0.0,0.0,0.0,0.0,0.0,0.0,0.0,0.0,0.0,0.0
1,1,0.0,1.0,0.0,0.0,0.0,0.0,0.0,0.0,0.0,0.0,0.0,0.0
1,1,0.0,1.0,0.0,0.0,0.0,0.0,0.0,0.0,0.0,0.0,0.0,0.0
1,1,0.0,1.0,0.0,0.0,0.0,0.0,0.0,0.0,0.0,0.0,0.0,0.0
1,1,0.0,1.0,0.0,0.0,0.0,0.0,0.0,0.0,0.0,0.0,0.0,0.0
1,1,0.0,1.0,0.0,0.0,0.0,0.0,0.0,0.0,0.0,0.0,0.0,0.0
1,1,0.0,1.0,0.0,0.0,0.0,0.0,0.0,0.0,0.0,0.0,0.0,0.0
1,1,0.0,1.0,0.0,0.0,0.0,0.0,0.0,0.0,0.0,0.0,0.0,0.0
1,1,0.0,1.0,0.0,0.0,0.0,0.0,0.0,0.0,0.0,0.0,0.0,0.0
1,1,0.0,1.0,0.0,0.0,0.0,0.0,0.0,0.0,0.0,0.0,0.0,0.0
1,1,0.0,1.0,0.0,0.0,0.0,0.0,0.0,0.0,0.0,0.0,0.0,0.0
1,1,0.0,1.0,0.0,0.0,0.0,0.0,0.0,0.0,0.0,0.0,0.0,0.0
1,1,0.0,1.0,0.0,0.0,0.0,0.0,0.0,0.0,0.0,0.0,0.0,0.0
1,1,0.0,1.0,0.0,0.0,0.0,0.0,0.0,0.0,0.0,0.0,0.0,0.0
1,1,0.0,1.0,0.0,0.0,0.0,0.0,0.0,0.0,0.0,0.0,0.0,0.0
1,1,0.0,1.0,0.0,0.0,0.0,0.0,0.0,0.0,0.0,0.0,0.0,0.0
1,1,0.0,1.0,0.0,0.0,0.0,0.0,0.0,0.0,0.0,0.0,0.0,0.0
1,1,0.0,1.0,0.0,0.0,0.0,0.0,0.0,0.0,0.0,0.0,0.0,0.0
1,1,0.0,1.0,0.0,0.0,0.0,0.0,0.0,0.0,0.0,0.0,0.0,0.0
1,1,0.0,1.0,0.0,0.0,0.0,0.0,0.0,0.0,0.0,0.0,0.0,0.0
1,1,0.0,1.0,0.0,0.0,0.0,0.0,0.0,0.0,0.0,0.0,0.0,0.0
1,1,0.0,1.0,0.0,0.0,0.0,0.0,0.0,0.0,0.0,0.0,0.0,0.0
1,1,0.0,1.0,0.0,0.0,0.0,0.0,0.0,0.0,0.0,0.0,0.0,0.0
1,1,0.0,1.0,0.0,0.0,0.0,0.0,0.0,0.0,0.0,0.0,0.0,0.0
1,1,0.0,1.0,0.0,0.0,0.0,0.0,0.0,0.0,0.0,0.0,0.0,0.0
1,1,0.0,1.0,0.0,0.0,0.0,0.0,0.0,0.0,0.0,0.0,0.0,0.0
1,1,0.0,1.0,0.0,0.0,0.0,0.0,0.0,0.0,0.0,0.0,0.0,0.0
1,1,0.0,1.0,0.0,0.0,0.0,0.0,0.0,0.0,0.0,0.0,0.0,0.0
1,1,0.0,1.0,0.0,0.0,0.0,0.0,0.0,0.0,0.0,0.0,0.0,0.0
1,1,0.0,1.0,0.0,0.0,0.0,0.0,0.0,0.0,0.0,0.0,0.0,0.0
1,1,0.0,1.0,0.0,0.0,0.0,0.0,0.0,0.0,0.0,0.0,0.0,0.0
1,1,0.0,1.0,0.0,0.0,0.0,0.0,0.0,0.0,0.0,0.0,0.0,0.0
1,1,0.0,1.0,0.0,0.0,0.0,0.0,0.0,0.0,0.0,0.0,0.0,0.0
1,1,0.0,1.0,0.0,0.0,0.0,0.0,0.0,0.0,0.0,0.0,0.0,0.0
1,1,0.0,1.0,0.0,0.0,0.0,0.0,0.0,0.0,0.0,0.0,0.0,0.0
1,1,0.0,1.0,0.0,0.0,0.0,0.0,0.0,0.0,0.0,0.0,0.0,0.0
1,1,0.0,1.0,0.0,0.0,0.0,0.0,0.0,0.0,0.0,0.0,0.0,0.0
1,1,0.0,1.0,0.0,0.0,0.0,0.0,0.0,0.0,0.0,0.0,0.0,0.0
1,1,0.0,1.0,0.0,0.0,0.0,0.0,0.0,0.0,0.0,0.0,0.0,0.0
1,1,0.0,1.0,0.0,0.0,0.0,0.0,0.0,0.0,0.0,0.0,0.0,0.0
1,1,0.0,1.0,0.0,0.0,0.0,0.0,0.0,0.0,0.0,0.0,0.0,0.0
1,1,0.0,1.0,0.0,0.0,0.0,0.0,0.0,0.0,0.0,0.0,0.0,0.0
1,1,0.0,1.0,0.0,0.0,0.0,0.0,0.0,0.0,0.0,0.0,0.0,0.0
1,1,0.0,1.0,0.0,0.0,0.0,0.0,0.0,0.0,0.0,0.0,0.0,0.0
1,1,0.0,1.0,0.0,0.0,0.0,0.0,0.0,0.0,0.0,0.0,0.0,0.0
1,1,0.0,1.0,0.0,0.0,0.0,0.0,0.0,0.0,0.0,0.0,0.0,0.0
1,1,0.0,1.0,0.0,0.0,0.0,0.0,0.0,0.0,0.0,0.0,0.0,0.0
1,1,0.0,1.0,0.0,0.0,0.0,0.0,0.0,0.0,0.0,0.0,0.0,0.0
1,1,0.0,1.0,0.0,0.0,0.0,0.0,0.0,0.0,0.0,0.0,0.0,0.0
1,1,0.0,1.0,0.0,0.0,0.0,0.0,0.0,0.0,0.0,0.0,0.0,0.0
1,1,0.0,1.0,0.0,0.0,0.0,0.0,0.0,0.0,0.0,0.0,0.0,0.0
1,1,0.0,1.0,0.0,0.0,0.0,0.0,0.0,0.0,0.0,0.0,0.0,0.0
1,1,0.0,1.0,0.0,0.0,0.0,0.0,0.0,0.0,0.0,0.0,0.0,0.0
1,1,0.0,1.0,0.0,0.0,0.0,0.0,0.0,0.0,0.0,0.0,0.0,0.0
1,1,0.0,1.0,0.0,0.0,0.0,0.0,0.0,0.0,0.0,0.0,0.0,0.0
1,1,0.0,1.0,0.0,0.0,0.0,0.0,0.0,0.0,0.0,0.0,0.0,0.0
1,1,0.0,1.0,0.0,0.0,0.0,0.0,0.0,0.0,0.0,0.0,0.0,0.0
1,1,0.0,1.0,0.0,0.0,0.0,0.0,0.0,0.0,0.0,0.0,0.0,0.0
1,1,0.0,1.0,0.0,0.0,0.0,0.0,0.0,0.0,0.0,0.0,0.0,0.0
1,1,0.0,1.0,0.0,0.0,0.0,0.0,0.0,0.0,0.0,0.0,0.0,0.0
1,1,0.0,1.0,0.0,0.0,0.0,0.0,0.0,0.0,0.0,0.0,0.0,0.0
1,1,0.0,1.0,0.0,0.0,0.0,0.0,0.0,0.0,0.0,0.0,0.0,0.0
1,1,0.0,1.0,0.0,0.0,0.0,0.0,0.0,0.0,0.0,0.0,0.0,0.0
1,1,0.0,1.0,0.0,0.0,0.0,0.0,0.0,0.0,0.0,0.0,0.0,0.0
1,1,0.0,1.0,0.0,0.0,0.0,0.0,0.0,0.0,0.0,0.0,0.0,0.0
1,1,0.0,1.0,0.0,0.0,0.0,0.0,0.0,0.0,0.0,0.0,0.0,0.0
1,1,0.0,1.0,0.0,0.0,0.0,0.0,0.0,0.0,0.0,0.0,0.0,0.0
1,1,0.0,1.0,0.0,0.0,0.0,0.0,0.0,0.0,0.0,0.0,0.0,0.0
1,1,0.0,1.0,0.0,0.0,0.0,0.0,0.0,0.0,0.0,0.0,0.0,0.0
1,1,0.0,1.0,0.0,0.0,0.0,0.0,0.0,0.0,0.0,0.0,0.0,0.0
1,1,0.0,1.0,0.0,0.0,0.0,0.0,0.0,0.0,0.0,0.0,0.0,0.0
1,1,0.0,1.0,0.0,0.0,0.0,0.0,0.0,0.0,0.0,0.0,0.0,0.0
1,1,0.0,1.0,0.0,0.0,0.0,0.0,0.0,0.0,0.0,0.0,0.0,0.0
1,1,0.0,1.0,0.0,0.0,0.0,0.0,0.0,0.0,0.0,0.0,0.0,0.0
1,1,0.0,1.0,0.0,0.0,0.0,0.0,0.0,0.0,0.0,0.0,0.0,0.0
1,1,0.0,1.0,0.0,0.0,0.0,0.0,0.0,0.0,0.0,0.0,0.0,0.0
1,1,0.0,1.0,0.0,0.0,0.0,0.0,0.0,0.0,0.0,0.0,0.0,0.0
1,1,0.0,1.0,0.0,0.0,0.0,0.0,0.0,0.0,0.0,0.0,0.0,0.0
1,1,0.0,1.0,0.0,0.0,0.0,0.0,0.0,0.0,0.0,0.0,0.0,0.0
1,1,0.0,1.0,0.0,0.0,0.0,0.0,0.0,0.0,0.0,0.0,0.0,0.0
1,1,0.0,1.0,0.0,0.0,0.0,0.0,0.0,0.0,0.0,0.0,0.0,0.0
1,1,0.0,1.0,0.0,0.0,0.0,0.0,0.0,0.0,0.0,0.0,0.0,0.0
1,1,0.0,1.0,0.0,0.0,0.0,0.0,0.0,0.0,0.0,0.0,0.0,0.0
1,1,0.0,1.0,0.0,0.0,0.0,0.0,0.0,0.0,0.0,0.0,0.0,0.0
1,1,0.0,1.0,0.0,0.0,0.0,0.0,0.0,0.0,0.0,0.0,0.0,0.0
1,1,0.0,1.0,0.0,0.0,0.0,0.0,0.0,0.0,0.0,0.0,0.0,0.0
1,1,0.0,1.0,0.0,0.0,0.0,0.0,0.0,0.0,0.0,0.0,0.0,0.0
1,1,0.0,1.0,0.0,0.0,0.0,0.0,0.0,0.0,0.0,0.0,0.0,0.0
1,1,0.0,1.0,0.0,0.0,0.0,0.0,0.0,0.0,0.0,0.0,0.0,0.0
1,1,0.0,1.0,0.0,0.0,0.0,0.0,0.0,0.0,0.0,0.0,0.0,0.0
1,1,0.0,1.0,0.0,0.0,0.0,0.0,0.0,0.0,0.0,0.0,0.0,0.0
1,1,0.0,1.0,0.0,0.0,0.0,0.0,0.0,0.0,0.0,0.0,0.0,0.0
1,1,0.0,1.0,0.0,0.0,0.0,0.0,0.0,0.0,0.0,0.0,0.0,0.0
1,1,0.0,1.0,0.0,0.0,0.0,0.0,0.0,0.0,0.0,0.0,0.0,0.0
1,1,0.0,1.0,0.0,0.0,0.0,0.0,0.0,0.0,0.0,0.0,0.0,0.0
1,1,0.0,1.0,0.0,0.0,0.0,0.0,0.0,0.0,0.0,0.0,0.0,0.0
1,1,0.0,1.0,0.0,0.0,0.0,0.0,0.0,0.0,0.0,0.0,0.0,0.0
1,1,0.0,1.0,0.0,0.0,0.0,0.0,0.0,0.0,0.0,0.0,0.0,0.0
1,1,0.0,1.0,0.0,0.0,0.0,0.0,0.0,0.0,0.0,0.0,0.0,0.0
1,1,0.0,1.0,0.0,0.0,0.0,0.0,0.0,0.0,0.0,0.0,0.0,0.0
1,1,0.0,1.0,0.0,0.0,0.0,0.0,0.0,0.0,0.0,0.0,0.0,0.0
1,1,0.0,1.0,0.0,0.0,0.0,0.0,0.0,0.0,0.0,0.0,0.0,0.0
1,1,0.0,1.0,0.0,0.0,0.0,0.0,0.0,0.0,0.0,0.0,0.0,0.0
1,1,0.0,1.0,0.0,0.0,0.0,0.0,0.0,0.0,0.0,0.0,0.0,0.0
1,1,0.0,1.0,0.0,0.0,0.0,0.0,0.0,0.0,0.0,0.0,0.0,0.0
1,1,0.0,1.0,0.0,0.0,0.0,0.0,0.0,0.0,0.0,0.0,0.0,0.0
1,1,0.0,1.0,0.0,0.0,0.0,0.0,0.0,0.0,0.0,0.0,0.0,0.0
1,1,0.0,1.0,0.0,0.0,0.0,0.0,0.0,0.0,0.0,0.0,0.0,0.0
1,1,0.0,1.0,0.0,0.0,0.0,0.0,0.0,0.0,0.0,0.0,0.0,0.0
1,1,0.0,1.0,0.0,0.0,0.0,0.0,0.0,0.0,0.0,0.0,0.0,0.0
1,1,0.0,1.0,0.0,0.0,0.0,0.0,0.0,0.0,0.0,0.0,0.0,0.0
1,1,0.0,1.0,0.0,0.0,0.0,0.0,0.0,0.0,0.0,0.0,0.0,0.0
1,1,0.0,1.0,0.0,0.0,0.0,0.0,0.0,0.0,0.0,0.0,0.0,0.0
1,1,0.0,1.0,0.0,0.0,0.0,0.0,0.0,0.0,0.0,0.0,0.0,0.0
1,1,0.0,1.0,0.0,0.0,0.0,0.0,0.0,0.0,0.0,0.0,0.0,0.0
1,1,0.0,1.0,0.0,0.0,0.0,0.0,0.0,0.0,0.0,0.0,0.0,0.0
1,1,0.0,1.0,0.0,0.0,0.0,0.0,0.0,0.0,0.0,0.0,0.0,0.0
1,1,0.0,1.0,0.0,0.0,0.0,0.0,0.0,0.0,0.0,0.0,0.0,0.0
1,1,0.0,1.0,0.0,0.0,0.0,0.0,0.0,0.0,0.0,0.0,0.0,0.0
1,1,0.0,1.0,0.0,0.0,0.0,0.0,0.0,0.0,0.0,0.0,0.0,0.0
1,1,0.0,1.0,0.0,0.0,0.0,0.0,0.0,0.0,0.0,0.0,0.0,0.0
1,1,0.0,1.0,0.0,0.0,0.0,0.0,0.0,0.0,0.0,0.0,0.0,0.0
1,1,0.0,1.0,0.0,0.0,0.0,0.0,0.0,0.0,0.0,0.0,0.0,0.0
1,1,0.0,1.0,0.0,0.0,0.0,0.0,0.0,0.0,0.0,0.0,0.0,0.0
1,1,0.0,1.0,0.0,0.0,0.0,0.0,0.0,0.0,0.0,0.0,0.0,0.0
1,1,0.0,1.0,0.0,0.0,0.0,0.0,0.0,0.0,0.0,0.0,0.0,0.0
1,1,0.0,1.0,0.0,0.0,0.0,0.0,0.0,0.0,0.0,0.0,0.0,0.0
1,1,0.0,1.0,0.0,0.0,0.0,0.0,0.0,0.0,0.0,0.0,0.0,0.0
1,1,0.0,1.0,0.0,0.0,0.0,0.0,0.0,0.0,0.0,0.0,0.0,0.0
1,1,0.0,1.0,0.0,0.0,0.0,0.0,0.0,0.0,0.0,0.0,0.0,0.0
1,1,0.0,1.0,0.0,0.0,0.0,0.0,0.0,0.0,0.0,0.0,0.0,0.0
1,1,0.0,1.0,0.0,0.0,0.0,0.0,0.0,0.0,0.0,0.0,0.0,0.0
1,1,0.0,1.0,0.0,0.0,0.0,0.0,0.0,0.0,0.0,0.0,0.0,0.0
1,1,0.0,1.0,0.0,0.0,0.0,0.0,0.0,0.0,0.0,0.0,0.0,0.0
1,1,0.0,1.0,0.0,0.0,0.0,0.0,0.0,0.0,0.0,0.0,0.0,0.0
1,1,0.0,1.0,0.0,0.0,0.0,0.0,0.0,0.0,0.0,0.0,0.0,0.0
1,1,0.0,1.0,0.0,0.0,0.0,0.0,0.0,0.0,0.0,0.0,0.0,0.0
1,1,0.0,1.0,0.0,0.0,0.0,0.0,0.0,0.0,0.0,0.0,0.0,0.0
1,1,0.0,1.0,0.0,0.0,0.0,0.0,0.0,0.0,0.0,0.0,0.0,0.0
1,1,0.0,1.0,0.0,0.0,0.0,0.0,0.0,0.0,0.0,0.0,0.0,0.0
1,1,0.0,1.0,0.0,0.0,0.0,0.0,0.0,0.0,0.0,0.0,0.0,0.0
1,1,0.0,1.0,0.0,0.0,0.0,0.0,0.0,0.0,0.0,0.0,0.0,0.0
1,1,0.0,1.0,0.0,0.0,0.0,0.0,0.0,0.0,0.0,0.0,0.0,0.0
1,1,0.0,1.0,0.0,0.0,0.0,0.0,0.0,0.0,0.0,0.0,0.0,0.0
1,1,0.0,1.0,0.0,0.0,0.0,0.0,0.0,0.0,0.0,0.0,0.0,0.0
1,1,0.0,1.0,0.0,0.0,0.0,0.0,0.0,0.0,0.0,0.0,0.0,0.0
1,1,0.0,1.0,0.0,0.0,0.0,0.0,0.0,0.0,0.0,0.0,0.0,0.0
1,1,0.0,1.0,0.0,0.0,0.0,0.0,0.0,0.0,0.0,0.0,0.0,0.0
1,1,0.0,1.0,0.0,0.0,0.0,0.0,0.0,0.0,0.0,0.0,0.0,0.0
1,1,0.0,1.0,0.0,0.0,0.0,0.0,0.0,0.0,0.0,0.0,0.0,0.0
1,1,0.0,1.0,0.0,0.0,0.0,0.0,0.0,0.0,0.0,0.0,0.0,0.0
1,1,0.0,1.0,0.0,0.0,0.0,0.0,0.0,0.0,0.0,0.0,0.0,0.0
1,1,0.0,1.0,0.0,0.0,0.0,0.0,0.0,0.0,0.0,0.0,0.0,0.0
1,1,0.0,1.0,0.0,0.0,0.0,0.0,0.0,0.0,0.0,0.0,0.0,0.0
1,1,0.0,1.0,0.0,0.0,0.0,0.0,0.0,0.0,0.0,0.0,0.0,0.0
1,1,0.0,1.0,0.0,0.0,0.0,0.0,0.0,0.0,0.0,0.0,0.0,0.0
1,1,0.0,1.0,0.0,0.0,0.0,0.0,0.0,0.0,0.0,0.0,0.0,0.0
1,1,0.0,1.0,0.0,0.0,0.0,0.0,0.0,0.0,0.0,0.0,0.0,0.0
1,1,0.0,1.0,0.0,0.0,0.0,0.0,0.0,0.0,0.0,0.0,0.0,0.0
1,1,0.0,1.0,0.0,0.0,0.0,0.0,0.0,0.0,0.0,0.0,0.0,0.0
1,1,0.0,1.0,0.0,0.0,0.0,0.0,0.0,0.0,0.0,0.0,0.0,0.0
1,1,0.0,1.0,0.0,0.0,0.0,0.0,0.0,0.0,0.0,0.0,0.0,0.0
1,1,0.0,1.0,0.0,0.0,0.0,0.0,0.0,0.0,0.0,0.0,0.0,0.0
1,1,0.0,1.0,0.0,0.0,0.0,0.0,0.0,0.0,0.0,0.0,0.0,0.0
1,1,0.0,1.0,0.0,0.0,0.0,0.0,0.0,0.0,0.0,0.0,0.0,0.0
1,1,0.0,1.0,0.0,0.0,0.0,0.0,0.0,0.0,0.0,0.0,0.0,0.0
1,1,0.0,1.0,0.0,0.0,0.0,0.0,0.0,0.0,0.0,0.0,0.0,0.0
1,1,0.0,1.0,0.0,0.0,0.0,0.0,0.0,0.0,0.0,0.0,0.0,0.0
1,1,0.0,1.0,0.0,0.0,0.0,0.0,0.0,0.0,0.0,0.0,0.0,0.0
1,1,0.0,1.0,0.0,0.0,0.0,0.0,0.0,0.0,0.0,0.0,0.0,0.0
1,1,0.0,1.0,0.0,0.0,0.0,0.0,0.0,0.0,0.0,0.0,0.0,0.0
1,1,0.0,1.0,0.0,0.0,0.0,0.0,0.0,0.0,0.0,0.0,0.0,0.0
1,1,0.0,1.0,0.0,0.0,0.0,0.0,0.0,0.0,0.0,0.0,0.0,0.0
1,1,0.0,1.0,0.0,0.0,0.0,0.0,0.0,0.0,0.0,0.0,0.0,0.0
1,1,0.0,1.0,0.0,0.0,0.0,0.0,0.0,0.0,0.0,0.0,0.0,0.0
1,1,0.0,1.0,0.0,0.0,0.0,0.0,0.0,0.0,0.0,0.0,0.0,0.0
1,1,0.0,1.0,0.0,0.0,0.0,0.0,0.0,0.0,0.0,0.0,0.0,0.0
1,1,0.0,1.0,0.0,0.0,0.0,0.0,0.0,0.0,0.0,0.0,0.0,0.0
1,1,0.0,1.0,0.0,0.0,0.0,0.0,0.0,0.0,0.0,0.0,0.0,0.0
1,1,0.0,1.0,0.0,0.0,0.0,0.0,0.0,0.0,0.0,0.0,0.0,0.0
1,1,0.0,1.0,0.0,0.0,0.0,0.0,0.0,0.0,0.0,0.0,0.0,0.0
1,1,0.0,1.0,0.0,0.0,0.0,0.0,0.0,0.0,0.0,0.0,0.0,0.0
1,1,0.0,1.0,0.0,0.0,0.0,0.0,0.0,0.0,0.0,0.0,0.0,0.0
1,1,0.0,1.0,0.0,0.0,0.0,0.0,0.0,0.0,0.0,0.0,0.0,0.0
1,1,0.0,1.0,0.0,0.0,0.0,0.0,0.0,0.0,0.0,0.0,0.0,0.0
1,1,0.0,1.0,0.0,0.0,0.0,0.0,0.0,0.0,0.0,0.0,0.0,0.0
1,1,0.0,1.0,0.0,0.0,0.0,0.0,0.0,0.0,0.0,0.0,0.0,0.0
1,1,0.0,1.0,0.0,0.0,0.0,0.0,0.0,0.0,0.0,0.0,0.0,0.0
1,1,0.0,1.0,0.0,0.0,0.0,0.0,0.0,0.0,0.0,0.0,0.0,0.0
1,1,0.0,1.0,0.0,0.0,0.0,0.0,0.0,0.0,0.0,0.0,0.0,0.0
1,1,0.0,1.0,0.0,0.0,0.0,0.0,0.0,0.0,0.0,0.0,0.0,0.0
1,1,0.0,1.0,0.0,0.0,0.0,0.0,0.0,0.0,0.0,0.0,0.0,0.0
1,1,0.0,1.0,0.0,0.0,0.0,0.0,0.0,0.0,0.0,0.0,0.0,0.0
1,1,0.0,1.0,0.0,0.0,0.0,0.0,0.0,0.0,0.0,0.0,0.0,0.0
1,1,0.0,1.0,0.0,0.0,0.0,0.0,0.0,0.0,0.0,0.0,0.0,0.0
1,1,0.0,1.0,0.0,0.0,0.0,0.0,0.0,0.0,0.0,0.0,0.0,0.0
1,1,0.0,1.0,0.0,0.0,0.0,0.0,0.0,0.0,0.0,0.0,0.0,0.0
1,1,0.0,1.0,0.0,0.0,0.0,0.0,0.0,0.0,0.0,0.0,0.0,0.0
1,1,0.0,1.0,0.0,0.0,0.0,0.0,0.0,0.0,0.0,0.0,0.0,0.0
1,1,0.0,1.0,0.0,0.0,0.0,0.0,0.0,0.0,0.0,0.0,0.0,0.0
1,1,0.0,1.0,0.0,0.0,0.0,0.0,0.0,0.0,0.0,0.0,0.0,0.0
1,1,0.0,1.0,0.0,0.0,0.0,0.0,0.0,0.0,0.0,0.0,0.0,0.0
1,1,0.0,1.0,0.0,0.0,0.0,0.0,0.0,0.0,0.0,0.0,0.0,0.0
1,1,0.0,1.0,0.0,0.0,0.0,0.0,0.0,0.0,0.0,0.0,0.0,0.0
1,1,0.0,1.0,0.0,0.0,0.0,0.0,0.0,0.0,0.0,0.0,0.0,0.0
1,1,0.0,1.0,0.0,0.0,0.0,0.0,0.0,0.0,0.0,0.0,0.0,0.0
1,1,0.0,1.0,0.0,0.0,0.0,0.0,0.0,0.0,0.0,0.0,0.0,0.0
1,1,0.0,1.0,0.0,0.0,0.0,0.0,0.0,0.0,0.0,0.0,0.0,0.0
1,1,0.0,1.0,0.0,0.0,0.0,0.0,0.0,0.0,0.0,0.0,0.0,0.0
1,1,0.0,1.0,0.0,0.0,0.0,0.0,0.0,0.0,0.0,0.0,0.0,0.0
1,1,0.0,1.0,0.0,0.0,0.0,0.0,0.0,0.0,0.0,0.0,0.0,0.0
1,1,0.0,1.0,0.0,0.0,0.0,0.0,0.0,0.0,0.0,0.0,0.0,0.0
1,1,0.0,1.0,0.0,0.0,0.0,0.0,0.0,0.0,0.0,0.0,0.0,0.0
1,1,0.0,1.0,0.0,0.0,0.0,0.0,0.0,0.0,0.0,0.0,0.0,0.0
1,1,0.0,1.0,0.0,0.0,0.0,0.0,0.0,0.0,0.0,0.0,0.0,0.0
1,1,0.0,1.0,0.0,0.0,0.0,0.0,0.0,0.0,0.0,0.0,0.0,0.0
1,1,0.0,1.0,0.0,0.0,0.0,0.0,0.0,0.0,0.0,0.0,0.0,0.0
1,1,0.0,1.0,0.0,0.0,0.0,0.0,0.0,0.0,0.0,0.0,0.0,0.0
1,1,0.0,1.0,0.0,0.0,0.0,0.0,0.0,0.0,0.0,0.0,0.0,0.0
1,1,0.0,1.0,0.0,0.0,0.0,0.0,0.0,0.0,0.0,0.0,0.0,0.0
1,1,0.0,1.0,0.0,0.0,0.0,0.0,0.0,0.0,0.0,0.0,0.0,0.0
1,1,0.0,1.0,0.0,0.0,0.0,0.0,0.0,0.0,0.0,0.0,0.0,0.0
1,1,0.0,1.0,0.0,0.0,0.0,0.0,0.0,0.0,0.0,0.0,0.0,0.0
1,1,0.0,1.0,0.0,0.0,0.0,0.0,0.0,0.0,0.0,0.0,0.0,0.0
1,1,0.0,1.0,0.0,0.0,0.0,0.0,0.0,0.0,0.0,0.0,0.0,0.0
1,1,0.0,1.0,0.0,0.0,0.0,0.0,0.0,0.0,0.0,0.0,0.0,0.0
1,1,0.0,1.0,0.0,0.0,0.0,0.0,0.0,0.0,0.0,0.0,0.0,0.0
1,1,0.0,1.0,0.0,0.0,0.0,0.0,0.0,0.0,0.0,0.0,0.0,0.0
1,1,0.0,1.0,0.0,0.0,0.0,0.0,0.0,0.0,0.0,0.0,0.0,0.0
1,1,0.0,1.0,0.0,0.0,0.0,0.0,0.0,0.0,0.0,0.0,0.0,0.0
1,1,0.0,1.0,0.0,0.0,0.0,0.0,0.0,0.0,0.0,0.0,0.0,0.0
1,1,0.0,1.0,0.0,0.0,0.0,0.0,0.0,0.0,0.0,0.0,0.0,0.0
1,1,0.0,1.0,0.0,0.0,0.0,0.0,0.0,0.0,0.0,0.0,0.0,0.0
1,1,0.0,1.0,0.0,0.0,0.0,0.0,0.0,0.0,0.0,0.0,0.0,0.0
1,1,0.0,1.0,0.0,0.0,0.0,0.0,0.0,0.0,0.0,0.0,0.0,0.0
1,1,0.0,1.0,0.0,0.0,0.0,0.0,0.0,0.0,0.0,0.0,0.0,0.0
1,1,0.0,1.0,0.0,0.0,0.0,0.0,0.0,0.0,0.0,0.0,0.0,0.0
1,1,0.0,1.0,0.0,0.0,0.0,0.0,0.0,0.0,0.0,0.0,0.0,0.0
1,1,0.0,1.0,0.0,0.0,0.0,0.0,0.0,0.0,0.0,0.0,0.0,0.0
1,1,0.0,1.0,0.0,0.0,0.0,0.0,0.0,0.0,0.0,0.0,0.0,0.0
1,1,0.0,1.0,0.0,0.0,0.0,0.0,0.0,0.0,0.0,0.0,0.0,0.0
1,1,0.0,1.0,0.0,0.0,0.0,0.0,0.0,0.0,0.0,0.0,0.0,0.0
1,1,0.0,1.0,0.0,0.0,0.0,0.0,0.0,0.0,0.0,0.0,0.0,0.0
1,1,0.0,1.0,0.0,0.0,0.0,0.0,0.0,0.0,0.0,0.0,0.0,0.0
1,1,0.0,1.0,0.0,0.0,0.0,0.0,0.0,0.0,0.0,0.0,0.0,0.0
1,1,0.0,1.0,0.0,0.0,0.0,0.0,0.0,0.0,0.0,0.0,0.0,0.0
1,1,0.0,1.0,0.0,0.0,0.0,0.0,0.0,0.0,0.0,0.0,0.0,0.0
1,1,0.0,1.0,0.0,0.0,0.0,0.0,0.0,0.0,0.0,0.0,0.0,0.0
1,1,0.0,1.0,0.0,0.0,0.0,0.0,0.0,0.0,0.0,0.0,0.0,0.0
1,1,0.0,1.0,0.0,0.0,0.0,0.0,0.0,0.0,0.0,0.0,0.0,0.0
1,1,0.0,1.0,0.0,0.0,0.0,0.0,0.0,0.0,0.0,0.0,0.0,0.0
1,1,0.0,1.0,0.0,0.0,0.0,0.0,0.0,0.0,0.0,0.0,0.0,0.0
1,1,0.0,1.0,0.0,0.0,0.0,0.0,0.0,0.0,0.0,0.0,0.0,0.0
1,1,0.0,1.0,0.0,0.0,0.0,0.0,0.0,0.0,0.0,0.0,0.0,0.0
1,1,0.0,1.0,0.0,0.0,0.0,0.0,0.0,0.0,0.0,0.0,0.0,0.0
1,1,0.0,1.0,0.0,0.0,0.0,0.0,0.0,0.0,0.0,0.0,0.0,0.0
1,1,0.0,1.0,0.0,0.0,0.0,0.0,0.0,0.0,0.0,0.0,0.0,0.0
1,1,0.0,1.0,0.0,0.0,0.0,0.0,0.0,0.0,0.0,0.0,0.0,0.0
1,1,0.0,1.0,0.0,0.0,0.0,0.0,0.0,0.0,0.0,0.0,0.0,0.0
1,1,0.0,1.0,0.0,0.0,0.0,0.0,0.0,0.0,0.0,0.0,0.0,0.0
1,1,0.0,1.0,0.0,0.0,0.0,0.0,0.0,0.0,0.0,0.0,0.0,0.0
1,1,0.0,1.0,0.0,0.0,0.0,0.0,0.0,0.0,0.0,0.0,0.0,0.0
1,1,0.0,1.0,0.0,0.0,0.0,0.0,0.0,0.0,0.0,0.0,0.0,0.0
1,1,0.0,1.0,0.0,0.0,0.0,0.0,0.0,0.0,0.0,0.0,0.0,0.0
1,1,0.0,1.0,0.0,0.0,0.0,0.0,0.0,0.0,0.0,0.0,0.0,0.0
1,1,0.0,1.0,0.0,0.0,0.0,0.0,0.0,0.0,0.0,0.0,0.0,0.0
1,1,0.0,1.0,0.0,0.0,0.0,0.0,0.0,0.0,0.0,0.0,0.0,0.0
1,1,0.0,1.0,0.0,0.0,0.0,0.0,0.0,0.0,0.0,0.0,0.0,0.0
1,1,0.0,1.0,0.0,0.0,0.0,0.0,0.0,0.0,0.0,0.0,0.0,0.0
1,1,0.0,1.0,0.0,0.0,0.0,0.0,0.0,0.0,0.0,0.0,0.0,0.0
1,1,0.0,1.0,0.0,0.0,0.0,0.0,0.0,0.0,0.0,0.0,0.0,0.0
1,1,0.0,1.0,0.0,0.0,0.0,0.0,0.0,0.0,0.0,0.0,0.0,0.0
1,1,0.0,1.0,0.0,0.0,0.0,0.0,0.0,0.0,0.0,0.0,0.0,0.0
1,1,0.0,1.0,0.0,0.0,0.0,0.0,0.0,0.0,0.0,0.0,0.0,0.0
1,1,0.0,1.0,0.0,0.0,0.0,0.0,0.0,0.0,0.0,0.0,0.0,0.0
1,1,0.0,1.0,0.0,0.0,0.0,0.0,0.0,0.0,0.0,0.0,0.0,0.0
1,1,0.0,1.0,0.0,0.0,0.0,0.0,0.0,0.0,0.0,0.0,0.0,0.0
1,1,0.0,1.0,0.0,0.0,0.0,0.0,0.0,0.0,0.0,0.0,0.0,0.0
1,1,0.0,1.0,0.0,0.0,0.0,0.0,0.0,0.0,0.0,0.0,0.0,0.0
1,1,0.0,1.0,0.0,0.0,0.0,0.0,0.0,0.0,0.0,0.0,0.0,0.0
1,1,0.0,1.0,0.0,0.0,0.0,0.0,0.0,0.0,0.0,0.0,0.0,0.0
1,1,0.0,1.0,0.0,0.0,0.0,0.0,0.0,0.0,0.0,0.0,0.0,0.0
1,1,0.0,1.0,0.0,0.0,0.0,0.0,0.0,0.0,0.0,0.0,0.0,0.0
1,1,0.0,1.0,0.0,0.0,0.0,0.0,0.0,0.0,0.0,0.0,0.0,0.0
1,1,0.0,1.0,0.0,0.0,0.0,0.0,0.0,0.0,0.0,0.0,0.0,0.0
1,1,0.0,1.0,0.0,0.0,0.0,0.0,0.0,0.0,0.0,0.0,0.0,0.0
1,1,0.0,1.0,0.0,0.0,0.0,0.0,0.0,0.0,0.0,0.0,0.0,0.0
1,1,0.0,1.0,0.0,0.0,0.0,0.0,0.0,0.0,0.0,0.0,0.0,0.0
1,1,0.0,1.0,0.0,0.0,0.0,0.0,0.0,0.0,0.0,0.0,0.0,0.0
1,1,0.0,1.0,0.0,0.0,0.0,0.0,0.0,0.0,0.0,0.0,0.0,0.0
1,1,0.0,1.0,0.0,0.0,0.0,0.0,0.0,0.0,0.0,0.0,0.0,0.0
1,1,0.0,1.0,0.0,0.0,0.0,0.0,0.0,0.0,0.0,0.0,0.0,0.0
1,1,0.0,1.0,0.0,0.0,0.0,0.0,0.0,0.0,0.0,0.0,0.0,0.0
1,1,0.0,1.0,0.0,0.0,0.0,0.0,0.0,0.0,0.0,0.0,0.0,0.0
1,1,0.0,1.0,0.0,0.0,0.0,0.0,0.0,0.0,0.0,0.0,0.0,0.0
1,1,0.0,1.0,0.0,0.0,0.0,0.0,0.0,0.0,0.0,0.0,0.0,0.0
1,1,0.0,1.0,0.0,0.0,0.0,0.0,0.0,0.0,0.0,0.0,0.0,0.0
1,1,0.0,1.0,0.0,0.0,0.0,0.0,0.0,0.0,0.0,0.0,0.0,0.0
1,1,0.0,1.0,0.0,0.0,0.0,0.0,0.0,0.0,0.0,0.0,0.0,0.0
1,1,0.0,1.0,0.0,0.0,0.0,0.0,0.0,0.0,0.0,0.0,0.0,0.0
1,1,0.0,1.0,0.0,0.0,0.0,0.0,0.0,0.0,0.0,0.0,0.0,0.0
1,1,0.0,1.0,0.0,0.0,0.0,0.0,0.0,0.0,0.0,0.0,0.0,0.0
1,1,0.0,1.0,0.0,0.0,0.0,0.0,0.0,0.0,0.0,0.0,0.0,0.0
1,1,0.0,1.0,0.0,0.0,0.0,0.0,0.0,0.0,0.0,0.0,0.0,0.0
1,1,0.0,1.0,0.0,0.0,0.0,0.0,0.0,0.0,0.0,0.0,0.0,0.0
1,1,0.0,1.0,0.0,0.0,0.0,0.0,0.0,0.0,0.0,0.0,0.0,0.0
1,1,0.0,1.0,0.0,0.0,0.0,0.0,0.0,0.0,0.0,0.0,0.0,0.0
1,1,0.0,1.0,0.0,0.0,0.0,0.0,0.0,0.0,0.0,0.0,0.0,0.0
1,1,0.0,1.0,0.0,0.0,0.0,0.0,0.0,0.0,0.0,0.0,0.0,0.0
1,1,0.0,1.0,0.0,0.0,0.0,0.0,0.0,0.0,0.0,0.0,0.0,0.0
1,1,0.0,1.0,0.0,0.0,0.0,0.0,0.0,0.0,0.0,0.0,0.0,0.0
1,1,0.0,1.0,0.0,0.0,0.0,0.0,0.0,0.0,0.0,0.0,0.0,0.0
1,1,0.0,1.0,0.0,0.0,0.0,0.0,0.0,0.0,0.0,0.0,0.0,0.0
1,1,0.0,1.0,0.0,0.0,0.0,0.0,0.0,0.0,0.0,0.0,0.0,0.0
1,1,0.0,1.0,0.0,0.0,0.0,0.0,0.0,0.0,0.0,0.0,0.0,0.0
1,1,0.0,1.0,0.0,0.0,0.0,0.0,0.0,0.0,0.0,0.0,0.0,0.0
1,1,0.0,1.0,0.0,0.0,0.0,0.0,0.0,0.0,0.0,0.0,0.0,0.0
1,1,0.0,1.0,0.0,0.0,0.0,0.0,0.0,0.0,0.0,0.0,0.0,0.0
1,1,0.0,1.0,0.0,0.0,0.0,0.0,0.0,0.0,0.0,0.0,0.0,0.0
1,1,0.0,1.0,0.0,0.0,0.0,0.0,0.0,0.0,0.0,0.0,0.0,0.0
1,1,0.0,1.0,0.0,0.0,0.0,0.0,0.0,0.0,0.0,0.0,0.0,0.0
1,1,0.0,1.0,0.0,0.0,0.0,0.0,0.0,0.0,0.0,0.0,0.0,0.0
1,1,0.0,1.0,0.0,0.0,0.0,0.0,0.0,0.0,0.0,0.0,0.0,0.0
1,1,0.0,1.0,0.0,0.0,0.0,0.0,0.0,0.0,0.0,0.0,0.0,0.0
1,1,0.0,1.0,0.0,0.0,0.0,0.0,0.0,0.0,0.0,0.0,0.0,0.0
1,1,0.0,1.0,0.0,0.0,0.0,0.0,0.0,0.0,0.0,0.0,0.0,0.0
1,1,0.0,1.0,0.0,0.0,0.0,0.0,0.0,0.0,0.0,0.0,0.0,0.0
1,1,0.0,1.0,0.0,0.0,0.0,0.0,0.0,0.0,0.0,0.0,0.0,0.0
1,1,0.0,1.0,0.0,0.0,0.0,0.0,0.0,0.0,0.0,0.0,0.0,0.0
1,1,0.0,1.0,0.0,0.0,0.0,0.0,0.0,0.0,0.0,0.0,0.0,0.0
1,1,0.0,1.0,0.0,0.0,0.0,0.0,0.0,0.0,0.0,0.0,0.0,0.0
1,1,0.0,1.0,0.0,0.0,0.0,0.0,0.0,0.0,0.0,0.0,0.0,0.0
1,1,0.0,1.0,0.0,0.0,0.0,0.0,0.0,0.0,0.0,0.0,0.0,0.0
1,1,0.0,1.0,0.0,0.0,0.0,0.0,0.0,0.0,0.0,0.0,0.0,0.0
1,1,0.0,1.0,0.0,0.0,0.0,0.0,0.0,0.0,0.0,0.0,0.0,0.0
1,1,0.0,1.0,0.0,0.0,0.0,0.0,0.0,0.0,0.0,0.0,0.0,0.0
1,1,0.0,1.0,0.0,0.0,0.0,0.0,0.0,0.0,0.0,0.0,0.0,0.0
1,1,0.0,1.0,0.0,0.0,0.0,0.0,0.0,0.0,0.0,0.0,0.0,0.0
1,1,0.0,1.0,0.0,0.0,0.0,0.0,0.0,0.0,0.0,0.0,0.0,0.0
1,1,0.0,1.0,0.0,0.0,0.0,0.0,0.0,0.0,0.0,0.0,0.0,0.0
1,1,0.0,1.0,0.0,0.0,0.0,0.0,0.0,0.0,0.0,0.0,0.0,0.0
1,1,0.0,1.0,0.0,0.0,0.0,0.0,0.0,0.0,0.0,0.0,0.0,0.0
1,1,0.0,1.0,0.0,0.0,0.0,0.0,0.0,0.0,0.0,0.0,0.0,0.0
1,1,0.0,1.0,0.0,0.0,0.0,0.0,0.0,0.0,0.0,0.0,0.0,0.0
1,1,0.0,1.0,0.0,0.0,0.0,0.0,0.0,0.0,0.0,0.0,0.0,0.0
1,1,0.0,1.0,0.0,0.0,0.0,0.0,0.0,0.0,0.0,0.0,0.0,0.0
1,1,0.0,1.0,0.0,0.0,0.0,0.0,0.0,0.0,0.0,0.0,0.0,0.0
1,1,0.0,1.0,0.0,0.0,0.0,0.0,0.0,0.0,0.0,0.0,0.0,0.0
1,1,0.0,1.0,0.0,0.0,0.0,0.0,0.0,0.0,0.0,0.0,0.0,0.0
1,1,0.0,1.0,0.0,0.0,0.0,0.0,0.0,0.0,0.0,0.0,0.0,0.0
1,1,0.0,1.0,0.0,0.0,0.0,0.0,0.0,0.0,0.0,0.0,0.0,0.0
1,1,0.0,1.0,0.0,0.0,0.0,0.0,0.0,0.0,0.0,0.0,0.0,0.0
1,1,0.0,1.0,0.0,0.0,0.0,0.0,0.0,0.0,0.0,0.0,0.0,0.0
1,1,0.0,1.0,0.0,0.0,0.0,0.0,0.0,0.0,0.0,0.0,0.0,0.0
1,1,0.0,1.0,0.0,0.0,0.0,0.0,0.0,0.0,0.0,0.0,0.0,0.0
1,1,0.0,1.0,0.0,0.0,0.0,0.0,0.0,0.0,0.0,0.0,0.0,0.0
1,1,0.0,1.0,0.0,0.0,0.0,0.0,0.0,0.0,0.0,0.0,0.0,0.0
1,1,0.0,1.0,0.0,0.0,0.0,0.0,0.0,0.0,0.0,0.0,0.0,0.0
1,1,0.0,1.0,0.0,0.0,0.0,0.0,0.0,0.0,0.0,0.0,0.0,0.0
1,1,0.0,1.0,0.0,0.0,0.0,0.0,0.0,0.0,0.0,0.0,0.0,0.0
1,1,0.0,1.0,0.0,0.0,0.0,0.0,0.0,0.0,0.0,0.0,0.0,0.0
1,1,0.0,1.0,0.0,0.0,0.0,0.0,0.0,0.0,0.0,0.0,0.0,0.0
1,1,0.0,1.0,0.0,0.0,0.0,0.0,0.0,0.0,0.0,0.0,0.0,0.0
1,1,0.0,1.0,0.0,0.0,0.0,0.0,0.0,0.0,0.0,0.0,0.0,0.0
1,1,0.0,1.0,0.0,0.0,0.0,0.0,0.0,0.0,0.0,0.0,0.0,0.0
1,1,0.0,1.0,0.0,0.0,0.0,0.0,0.0,0.0,0.0,0.0,0.0,0.0
1,1,0.0,1.0,0.0,0.0,0.0,0.0,0.0,0.0,0.0,0.0,0.0,0.0
1,1,0.0,1.0,0.0,0.0,0.0,0.0,0.0,0.0,0.0,0.0,0.0,0.0
1,1,0.0,1.0,0.0,0.0,0.0,0.0,0.0,0.0,0.0,0.0,0.0,0.0
1,1,0.0,1.0,0.0,0.0,0.0,0.0,0.0,0.0,0.0,0.0,0.0,0.0
1,1,0.0,1.0,0.0,0.0,0.0,0.0,0.0,0.0,0.0,0.0,0.0,0.0
1,1,0.0,1.0,0.0,0.0,0.0,0.0,0.0,0.0,0.0,0.0,0.0,0.0
1,1,0.0,1.0,0.0,0.0,0.0,0.0,0.0,0.0,0.0,0.0,0.0,0.0
1,1,0.0,1.0,0.0,0.0,0.0,0.0,0.0,0.0,0.0,0.0,0.0,0.0
1,1,0.0,1.0,0.0,0.0,0.0,0.0,0.0,0.0,0.0,0.0,0.0,0.0
1,1,0.0,1.0,0.0,0.0,0.0,0.0,0.0,0.0,0.0,0.0,0.0,0.0
1,1,0.0,1.0,0.0,0.0,0.0,0.0,0.0,0.0,0.0,0.0,0.0,0.0
1,1,0.0,1.0,0.0,0.0,0.0,0.0,0.0,0.0,0.0,0.0,0.0,0.0
1,1,0.0,1.0,0.0,0.0,0.0,0.0,0.0,0.0,0.0,0.0,0.0,0.0
1,1,0.0,1.0,0.0,0.0,0.0,0.0,0.0,0.0,0.0,0.0,0.0,0.0
1,1,0.0,1.0,0.0,0.0,0.0,0.0,0.0,0.0,0.0,0.0,0.0,0.0
1,1,0.0,1.0,0.0,0.0,0.0,0.0,0.0,0.0,0.0,0.0,0.0,0.0
1,1,0.0,1.0,0.0,0.0,0.0,0.0,0.0,0.0,0.0,0.0,0.0,0.0
1,1,0.0,1.0,0.0,0.0,0.0,0.0,0.0,0.0,0.0,0.0,0.0,0.0
1,1,0.0,1.0,0.0,0.0,0.0,0.0,0.0,0.0,0.0,0.0,0.0,0.0
1,1,0.0,1.0,0.0,0.0,0.0,0.0,0.0,0.0,0.0,0.0,0.0,0.0
1,1,0.0,1.0,0.0,0.0,0.0,0.0,0.0,0.0,0.0,0.0,0.0,0.0
1,1,0.0,1.0,0.0,0.0,0.0,0.0,0.0,0.0,0.0,0.0,0.0,0.0
1,1,0.0,1.0,0.0,0.0,0.0,0.0,0.0,0.0,0.0,0.0,0.0,0.0
1,1,0.0,1.0,0.0,0.0,0.0,0.0,0.0,0.0,0.0,0.0,0.0,0.0
1,1,0.0,1.0,0.0,0.0,0.0,0.0,0.0,0.0,0.0,0.0,0.0,0.0
1,1,0.0,1.0,0.0,0.0,0.0,0.0,0.0,0.0,0.0,0.0,0.0,0.0
1,1,0.0,1.0,0.0,0.0,0.0,0.0,0.0,0.0,0.0,0.0,0.0,0.0
1,1,0.0,1.0,0.0,0.0,0.0,0.0,0.0,0.0,0.0,0.0,0.0,0.0
1,1,0.0,1.0,0.0,0.0,0.0,0.0,0.0,0.0,0.0,0.0,0.0,0.0
1,1,0.0,1.0,0.0,0.0,0.0,0.0,0.0,0.0,0.0,0.0,0.0,0.0
1,1,0.0,1.0,0.0,0.0,0.0,0.0,0.0,0.0,0.0,0.0,0.0,0.0
1,1,0.0,1.0,0.0,0.0,0.0,0.0,0.0,0.0,0.0,0.0,0.0,0.0
1,1,0.0,1.0,0.0,0.0,0.0,0.0,0.0,0.0,0.0,0.0,0.0,0.0
1,1,0.0,1.0,0.0,0.0,0.0,0.0,0.0,0.0,0.0,0.0,0.0,0.0
1,1,0.0,1.0,0.0,0.0,0.0,0.0,0.0,0.0,0.0,0.0,0.0,0.0
1,1,0.0,1.0,0.0,0.0,0.0,0.0,0.0,0.0,0.0,0.0,0.0,0.0
1,1,0.0,1.0,0.0,0.0,0.0,0.0,0.0,0.0,0.0,0.0,0.0,0.0
1,1,0.0,1.0,0.0,0.0,0.0,0.0,0.0,0.0,0.0,0.0,0.0,0.0
1,1,0.0,1.0,0.0,0.0,0.0,0.0,0.0,0.0,0.0,0.0,0.0,0.0
1,1,0.0,1.0,0.0,0.0,0.0,0.0,0.0,0.0,0.0,0.0,0.0,0.0
1,1,0.0,1.0,0.0,0.0,0.0,0.0,0.0,0.0,0.0,0.0,0.0,0.0
1,1,0.0,1.0,0.0,0.0,0.0,0.0,0.0,0.0,0.0,0.0,0.0,0.0
1,1,0.0,1.0,0.0,0.0,0.0,0.0,0.0,0.0,0.0,0.0,0.0,0.0
1,1,0.0,1.0,0.0,0.0,0.0,0.0,0.0,0.0,0.0,0.0,0.0,0.0
1,1,0.0,1.0,0.0,0.0,0.0,0.0,0.0,0.0,0.0,0.0,0.0,0.0
1,1,0.0,1.0,0.0,0.0,0.0,0.0,0.0,0.0,0.0,0.0,0.0,0.0
1,1,0.0,1.0,0.0,0.0,0.0,0.0,0.0,0.0,0.0,0.0,0.0,0.0
1,1,0.0,1.0,0.0,0.0,0.0,0.0,0.0,0.0,0.0,0.0,0.0,0.0
1,1,0.0,1.0,0.0,0.0,0.0,0.0,0.0,0.0,0.0,0.0,0.0,0.0
1,1,0.0,1.0,0.0,0.0,0.0,0.0,0.0,0.0,0.0,0.0,0.0,0.0
1,1,0.0,1.0,0.0,0.0,0.0,0.0,0.0,0.0,0.0,0.0,0.0,0.0
1,1,0.0,1.0,0.0,0.0,0.0,0.0,0.0,0.0,0.0,0.0,0.0,0.0
1,1,0.0,1.0,0.0,0.0,0.0,0.0,0.0,0.0,0.0,0.0,0.0,0.0
1,1,0.0,1.0,0.0,0.0,0.0,0.0,0.0,0.0,0.0,0.0,0.0,0.0
1,1,0.0,1.0,0.0,0.0,0.0,0.0,0.0,0.0,0.0,0.0,0.0,0.0
1,1,0.0,1.0,0.0,0.0,0.0,0.0,0.0,0.0,0.0,0.0,0.0,0.0
1,1,0.0,1.0,0.0,0.0,0.0,0.0,0.0,0.0,0.0,0.0,0.0,0.0
1,1,0.0,1.0,0.0,0.0,0.0,0.0,0.0,0.0,0.0,0.0,0.0,0.0
1,1,0.0,1.0,0.0,0.0,0.0,0.0,0.0,0.0,0.0,0.0,0.0,0.0
1,1,0.0,1.0,0.0,0.0,0.0,0.0,0.0,0.0,0.0,0.0,0.0,0.0
1,1,0.0,1.0,0.0,0.0,0.0,0.0,0.0,0.0,0.0,0.0,0.0,0.0
1,1,0.0,1.0,0.0,0.0,0.0,0.0,0.0,0.0,0.0,0.0,0.0,0.0
1,1,0.0,1.0,0.0,0.0,0.0,0.0,0.0,0.0,0.0,0.0,0.0,0.0
1,1,0.0,1.0,0.0,0.0,0.0,0.0,0.0,0.0,0.0,0.0,0.0,0.0
1,1,0.0,1.0,0.0,0.0,0.0,0.0,0.0,0.0,0.0,0.0,0.0,0.0
1,1,0.0,1.0,0.0,0.0,0.0,0.0,0.0,0.0,0.0,0.0,0.0,0.0
1,1,0.0,1.0,0.0,0.0,0.0,0.0,0.0,0.0,0.0,0.0,0.0,0.0
1,1,0.0,1.0,0.0,0.0,0.0,0.0,0.0,0.0,0.0,0.0,0.0,0.0
1,1,0.0,1.0,0.0,0.0,0.0,0.0,0.0,0.0,0.0,0.0,0.0,0.0
1,1,0.0,1.0,0.0,0.0,0.0,0.0,0.0,0.0,0.0,0.0,0.0,0.0
1,1,0.0,1.0,0.0,0.0,0.0,0.0,0.0,0.0,0.0,0.0,0.0,0.0
1,1,0.0,1.0,0.0,0.0,0.0,0.0,0.0,0.0,0.0,0.0,0.0,0.0
1,1,0.0,1.0,0.0,0.0,0.0,0.0,0.0,0.0,0.0,0.0,0.0,0.0
1,1,0.0,1.0,0.0,0.0,0.0,0.0,0.0,0.0,0.0,0.0,0.0,0.0
1,1,0.0,1.0,0.0,0.0,0.0,0.0,0.0,0.0,0.0,0.0,0.0,0.0
1,1,0.0,1.0,0.0,0.0,0.0,0.0,0.0,0.0,0.0,0.0,0.0,0.0
1,1,0.0,1.0,0.0,0.0,0.0,0.0,0.0,0.0,0.0,0.0,0.0,0.0
1,1,0.0,1.0,0.0,0.0,0.0,0.0,0.0,0.0,0.0,0.0,0.0,0.0
1,1,0.0,1.0,0.0,0.0,0.0,0.0,0.0,0.0,0.0,0.0,0.0,0.0
1,1,0.0,1.0,0.0,0.0,0.0,0.0,0.0,0.0,0.0,0.0,0.0,0.0
1,1,0.0,1.0,0.0,0.0,0.0,0.0,0.0,0.0,0.0,0.0,0.0,0.0
1,1,0.0,1.0,0.0,0.0,0.0,0.0,0.0,0.0,0.0,0.0,0.0,0.0
1,1,0.0,1.0,0.0,0.0,0.0,0.0,0.0,0.0,0.0,0.0,0.0,0.0
1,1,0.0,1.0,0.0,0.0,0.0,0.0,0.0,0.0,0.0,0.0,0.0,0.0
1,1,0.0,1.0,0.0,0.0,0.0,0.0,0.0,0.0,0.0,0.0,0.0,0.0
1,1,0.0,1.0,0.0,0.0,0.0,0.0,0.0,0.0,0.0,0.0,0.0,0.0
1,1,0.0,1.0,0.0,0.0,0.0,0.0,0.0,0.0,0.0,0.0,0.0,0.0
1,1,0.0,1.0,0.0,0.0,0.0,0.0,0.0,0.0,0.0,0.0,0.0,0.0
1,1,0.0,1.0,0.0,0.0,0.0,0.0,0.0,0.0,0.0,0.0,0.0,0.0
1,1,0.0,1.0,0.0,0.0,0.0,0.0,0.0,0.0,0.0,0.0,0.0,0.0
1,1,0.0,1.0,0.0,0.0,0.0,0.0,0.0,0.0,0.0,0.0,0.0,0.0
1,1,0.0,1.0,0.0,0.0,0.0,0.0,0.0,0.0,0.0,0.0,0.0,0.0
1,1,0.0,1.0,0.0,0.0,0.0,0.0,0.0,0.0,0.0,0.0,0.0,0.0
1,1,0.0,1.0,0.0,0.0,0.0,0.0,0.0,0.0,0.0,0.0,0.0,0.0
1,1,0.0,1.0,0.0,0.0,0.0,0.0,0.0,0.0,0.0,0.0,0.0,0.0
1,1,0.0,1.0,0.0,0.0,0.0,0.0,0.0,0.0,0.0,0.0,0.0,0.0
1,1,0.0,1.0,0.0,0.0,0.0,0.0,0.0,0.0,0.0,0.0,0.0,0.0
1,1,0.0,1.0,0.0,0.0,0.0,0.0,0.0,0.0,0.0,0.0,0.0,0.0
1,1,0.0,1.0,0.0,0.0,0.0,0.0,0.0,0.0,0.0,0.0,0.0,0.0
1,1,0.0,1.0,0.0,0.0,0.0,0.0,0.0,0.0,0.0,0.0,0.0,0.0
1,1,0.0,1.0,0.0,0.0,0.0,0.0,0.0,0.0,0.0,0.0,0.0,0.0
1,1,0.0,1.0,0.0,0.0,0.0,0.0,0.0,0.0,0.0,0.0,0.0,0.0
1,1,0.0,1.0,0.0,0.0,0.0,0.0,0.0,0.0,0.0,0.0,0.0,0.0
1,1,0.0,1.0,0.0,0.0,0.0,0.0,0.0,0.0,0.0,0.0,0.0,0.0
1,1,0.0,1.0,0.0,0.0,0.0,0.0,0.0,0.0,0.0,0.0,0.0,0.0
1,1,0.0,1.0,0.0,0.0,0.0,0.0,0.0,0.0,0.0,0.0,0.0,0.0
1,1,0.0,1.0,0.0,0.0,0.0,0.0,0.0,0.0,0.0,0.0,0.0,0.0
1,1,0.0,1.0,0.0,0.0,0.0,0.0,0.0,0.0,0.0,0.0,0.0,0.0
1,1,0.0,1.0,0.0,0.0,0.0,0.0,0.0,0.0,0.0,0.0,0.0,0.0
1,1,0.0,1.0,0.0,0.0,0.0,0.0,0.0,0.0,0.0,0.0,0.0,0.0
1,1,0.0,1.0,0.0,0.0,0.0,0.0,0.0,0.0,0.0,0.0,0.0,0.0
1,1,0.0,1.0,0.0,0.0,0.0,0.0,0.0,0.0,0.0,0.0,0.0,0.0
1,1,0.0,1.0,0.0,0.0,0.0,0.0,0.0,0.0,0.0,0.0,0.0,0.0
1,1,0.0,1.0,0.0,0.0,0.0,0.0,0.0,0.0,0.0,0.0,0.0,0.0
1,1,0.0,1.0,0.0,0.0,0.0,0.0,0.0,0.0,0.0,0.0,0.0,0.0
1,1,0.0,1.0,0.0,0.0,0.0,0.0,0.0,0.0,0.0,0.0,0.0,0.0
1,1,0.0,1.0,0.0,0.0,0.0,0.0,0.0,0.0,0.0,0.0,0.0,0.0
1,1,0.0,1.0,0.0,0.0,0.0,0.0,0.0,0.0,0.0,0.0,0.0,0.0
1,1,0.0,1.0,0.0,0.0,0.0,0.0,0.0,0.0,0.0,0.0,0.0,0.0
1,1,0.0,1.0,0.0,0.0,0.0,0.0,0.0,0.0,0.0,0.0,0.0,0.0
1,1,0.0,1.0,0.0,0.0,0.0,0.0,0.0,0.0,0.0,0.0,0.0,0.0
1,1,0.0,1.0,0.0,0.0,0.0,0.0,0.0,0.0,0.0,0.0,0.0,0.0
1,1,0.0,1.0,0.0,0.0,0.0,0.0,0.0,0.0,0.0,0.0,0.0,0.0
1,1,0.0,1.0,0.0,0.0,0.0,0.0,0.0,0.0,0.0,0.0,0.0,0.0
1,1,0.0,1.0,0.0,0.0,0.0,0.0,0.0,0.0,0.0,0.0,0.0,0.0
1,1,0.0,1.0,0.0,0.0,0.0,0.0,0.0,0.0,0.0,0.0,0.0,0.0
1,1,0.0,1.0,0.0,0.0,0.0,0.0,0.0,0.0,0.0,0.0,0.0,0.0
1,1,0.0,1.0,0.0,0.0,0.0,0.0,0.0,0.0,0.0,0.0,0.0,0.0
1,1,0.0,1.0,0.0,0.0,0.0,0.0,0.0,0.0,0.0,0.0,0.0,0.0
1,1,0.0,1.0,0.0,0.0,0.0,0.0,0.0,0.0,0.0,0.0,0.0,0.0
1,1,0.0,1.0,0.0,0.0,0.0,0.0,0.0,0.0,0.0,0.0,0.0,0.0
1,1,0.0,1.0,0.0,0.0,0.0,0.0,0.0,0.0,0.0,0.0,0.0,0.0
1,1,0.0,1.0,0.0,0.0,0.0,0.0,0.0,0.0,0.0,0.0,0.0,0.0
1,1,0.0,1.0,0.0,0.0,0.0,0.0,0.0,0.0,0.0,0.0,0.0,0.0
1,1,0.0,1.0,0.0,0.0,0.0,0.0,0.0,0.0,0.0,0.0,0.0,0.0
1,1,0.0,1.0,0.0,0.0,0.0,0.0,0.0,0.0,0.0,0.0,0.0,0.0
1,1,0.0,1.0,0.0,0.0,0.0,0.0,0.0,0.0,0.0,0.0,0.0,0.0
1,1,0.0,1.0,0.0,0.0,0.0,0.0,0.0,0.0,0.0,0.0,0.0,0.0
1,1,0.0,1.0,0.0,0.0,0.0,0.0,0.0,0.0,0.0,0.0,0.0,0.0
1,1,0.0,1.0,0.0,0.0,0.0,0.0,0.0,0.0,0.0,0.0,0.0,0.0
1,1,0.0,1.0,0.0,0.0,0.0,0.0,0.0,0.0,0.0,0.0,0.0,0.0
1,1,0.0,1.0,0.0,0.0,0.0,0.0,0.0,0.0,0.0,0.0,0.0,0.0
1,1,0.0,1.0,0.0,0.0,0.0,0.0,0.0,0.0,0.0,0.0,0.0,0.0
1,1,0.0,1.0,0.0,0.0,0.0,0.0,0.0,0.0,0.0,0.0,0.0,0.0
1,1,0.0,1.0,0.0,0.0,0.0,0.0,0.0,0.0,0.0,0.0,0.0,0.0
1,1,0.0,1.0,0.0,0.0,0.0,0.0,0.0,0.0,0.0,0.0,0.0,0.0
1,1,0.0,1.0,0.0,0.0,0.0,0.0,0.0,0.0,0.0,0.0,0.0,0.0
1,1,0.0,1.0,0.0,0.0,0.0,0.0,0.0,0.0,0.0,0.0,0.0,0.0
1,1,0.0,1.0,0.0,0.0,0.0,0.0,0.0,0.0,0.0,0.0,0.0,0.0
1,1,0.0,1.0,0.0,0.0,0.0,0.0,0.0,0.0,0.0,0.0,0.0,0.0
1,1,0.0,1.0,0.0,0.0,0.0,0.0,0.0,0.0,0.0,0.0,0.0,0.0
1,1,0.0,1.0,0.0,0.0,0.0,0.0,0.0,0.0,0.0,0.0,0.0,0.0
1,1,0.0,1.0,0.0,0.0,0.0,0.0,0.0,0.0,0.0,0.0,0.0,0.0
1,1,0.0,1.0,0.0,0.0,0.0,0.0,0.0,0.0,0.0,0.0,0.0,0.0
1,1,0.0,1.0,0.0,0.0,0.0,0.0,0.0,0.0,0.0,0.0,0.0,0.0
1,1,0.0,1.0,0.0,0.0,0.0,0.0,0.0,0.0,0.0,0.0,0.0,0.0
1,1,0.0,1.0,0.0,0.0,0.0,0.0,0.0,0.0,0.0,0.0,0.0,0.0
1,1,0.0,1.0,0.0,0.0,0.0,0.0,0.0,0.0,0.0,0.0,0.0,0.0
1,1,0.0,1.0,0.0,0.0,0.0,0.0,0.0,0.0,0.0,0.0,0.0,0.0
1,1,0.0,1.0,0.0,0.0,0.0,0.0,0.0,0.0,0.0,0.0,0.0,0.0
1,1,0.0,1.0,0.0,0.0,0.0,0.0,0.0,0.0,0.0,0.0,0.0,0.0
1,1,0.0,1.0,0.0,0.0,0.0,0.0,0.0,0.0,0.0,0.0,0.0,0.0
1,1,0.0,1.0,0.0,0.0,0.0,0.0,0.0,0.0,0.0,0.0,0.0,0.0
1,1,0.0,1.0,0.0,0.0,0.0,0.0,0.0,0.0,0.0,0.0,0.0,0.0
1,1,0.0,1.0,0.0,0.0,0.0,0.0,0.0,0.0,0.0,0.0,0.0,0.0
1,1,0.0,1.0,0.0,0.0,0.0,0.0,0.0,0.0,0.0,0.0,0.0,0.0
1,1,0.0,1.0,0.0,0.0,0.0,0.0,0.0,0.0,0.0,0.0,0.0,0.0
1,1,0.0,1.0,0.0,0.0,0.0,0.0,0.0,0.0,0.0,0.0,0.0,0.0
1,1,0.0,1.0,0.0,0.0,0.0,0.0,0.0,0.0,0.0,0.0,0.0,0.0
1,1,0.0,1.0,0.0,0.0,0.0,0.0,0.0,0.0,0.0,0.0,0.0,0.0
1,1,0.0,1.0,0.0,0.0,0.0,0.0,0.0,0.0,0.0,0.0,0.0,0.0
1,1,0.0,1.0,0.0,0.0,0.0,0.0,0.0,0.0,0.0,0.0,0.0,0.0
1,1,0.0,1.0,0.0,0.0,0.0,0.0,0.0,0.0,0.0,0.0,0.0,0.0
1,1,0.0,1.0,0.0,0.0,0.0,0.0,0.0,0.0,0.0,0.0,0.0,0.0
1,1,0.0,1.0,0.0,0.0,0.0,0.0,0.0,0.0,0.0,0.0,0.0,0.0
1,1,0.0,1.0,0.0,0.0,0.0,0.0,0.0,0.0,0.0,0.0,0.0,0.0
1,1,0.0,1.0,0.0,0.0,0.0,0.0,0.0,0.0,0.0,0.0,0.0,0.0
1,1,0.0,1.0,0.0,0.0,0.0,0.0,0.0,0.0,0.0,0.0,0.0,0.0
1,1,0.0,1.0,0.0,0.0,0.0,0.0,0.0,0.0,0.0,0.0,0.0,0.0
1,1,0.0,1.0,0.0,0.0,0.0,0.0,0.0,0.0,0.0,0.0,0.0,0.0
1,1,0.0,1.0,0.0,0.0,0.0,0.0,0.0,0.0,0.0,0.0,0.0,0.0
1,1,0.0,1.0,0.0,0.0,0.0,0.0,0.0,0.0,0.0,0.0,0.0,0.0
1,1,0.0,1.0,0.0,0.0,0.0,0.0,0.0,0.0,0.0,0.0,0.0,0.0
1,1,0.0,1.0,0.0,0.0,0.0,0.0,0.0,0.0,0.0,0.0,0.0,0.0
1,1,0.0,1.0,0.0,0.0,0.0,0.0,0.0,0.0,0.0,0.0,0.0,0.0
1,1,0.0,1.0,0.0,0.0,0.0,0.0,0.0,0.0,0.0,0.0,0.0,0.0
1,1,0.0,1.0,0.0,0.0,0.0,0.0,0.0,0.0,0.0,0.0,0.0,0.0
1,1,0.0,1.0,0.0,0.0,0.0,0.0,0.0,0.0,0.0,0.0,0.0,0.0
1,1,0.0,1.0,0.0,0.0,0.0,0.0,0.0,0.0,0.0,0.0,0.0,0.0
1,1,0.0,1.0,0.0,0.0,0.0,0.0,0.0,0.0,0.0,0.0,0.0,0.0
1,1,0.0,1.0,0.0,0.0,0.0,0.0,0.0,0.0,0.0,0.0,0.0,0.0
1,1,0.0,1.0,0.0,0.0,0.0,0.0,0.0,0.0,0.0,0.0,0.0,0.0
1,1,0.0,1.0,0.0,0.0,0.0,0.0,0.0,0.0,0.0,0.0,0.0,0.0
1,1,0.0,1.0,0.0,0.0,0.0,0.0,0.0,0.0,0.0,0.0,0.0,0.0
1,1,0.0,1.0,0.0,0.0,0.0,0.0,0.0,0.0,0.0,0.0,0.0,0.0
1,1,0.0,1.0,0.0,0.0,0.0,0.0,0.0,0.0,0.0,0.0,0.0,0.0
1,1,0.0,1.0,0.0,0.0,0.0,0.0,0.0,0.0,0.0,0.0,0.0,0.0
1,1,0.0,1.0,0.0,0.0,0.0,0.0,0.0,0.0,0.0,0.0,0.0,0.0
1,1,0.0,1.0,0.0,0.0,0.0,0.0,0.0,0.0,0.0,0.0,0.0,0.0
1,1,0.0,1.0,0.0,0.0,0.0,0.0,0.0,0.0,0.0,0.0,0.0,0.0
1,1,0.0,1.0,0.0,0.0,0.0,0.0,0.0,0.0,0.0,0.0,0.0,0.0
1,1,0.0,1.0,0.0,0.0,0.0,0.0,0.0,0.0,0.0,0.0,0.0,0.0
1,1,0.0,1.0,0.0,0.0,0.0,0.0,0.0,0.0,0.0,0.0,0.0,0.0
1,1,0.0,1.0,0.0,0.0,0.0,0.0,0.0,0.0,0.0,0.0,0.0,0.0
1,1,0.0,1.0,0.0,0.0,0.0,0.0,0.0,0.0,0.0,0.0,0.0,0.0
1,1,0.0,1.0,0.0,0.0,0.0,0.0,0.0,0.0,0.0,0.0,0.0,0.0
1,1,0.0,1.0,0.0,0.0,0.0,0.0,0.0,0.0,0.0,0.0,0.0,0.0
1,1,0.0,1.0,0.0,0.0,0.0,0.0,0.0,0.0,0.0,0.0,0.0,0.0
1,1,0.0,1.0,0.0,0.0,0.0,0.0,0.0,0.0,0.0,0.0,0.0,0.0
1,1,0.0,1.0,0.0,0.0,0.0,0.0,0.0,0.0,0.0,0.0,0.0,0.0
1,1,0.0,1.0,0.0,0.0,0.0,0.0,0.0,0.0,0.0,0.0,0.0,0.0
1,1,0.0,1.0,0.0,0.0,0.0,0.0,0.0,0.0,0.0,0.0,0.0,0.0
1,1,0.0,1.0,0.0,0.0,0.0,0.0,0.0,0.0,0.0,0.0,0.0,0.0
1,1,0.0,1.0,0.0,0.0,0.0,0.0,0.0,0.0,0.0,0.0,0.0,0.0
1,1,0.0,1.0,0.0,0.0,0.0,0.0,0.0,0.0,0.0,0.0,0.0,0.0
1,1,0.0,1.0,0.0,0.0,0.0,0.0,0.0,0.0,0.0,0.0,0.0,0.0
1,1,0.0,1.0,0.0,0.0,0.0,0.0,0.0,0.0,0.0,0.0,0.0,0.0
1,1,0.0,1.0,0.0,0.0,0.0,0.0,0.0,0.0,0.0,0.0,0.0,0.0
1,1,0.0,1.0,0.0,0.0,0.0,0.0,0.0,0.0,0.0,0.0,0.0,0.0
1,1,0.0,1.0,0.0,0.0,0.0,0.0,0.0,0.0,0.0,0.0,0.0,0.0
1,1,0.0,1.0,0.0,0.0,0.0,0.0,0.0,0.0,0.0,0.0,0.0,0.0
1,1,0.0,1.0,0.0,0.0,0.0,0.0,0.0,0.0,0.0,0.0,0.0,0.0
1,1,0.0,1.0,0.0,0.0,0.0,0.0,0.0,0.0,0.0,0.0,0.0,0.0
1,1,0.0,1.0,0.0,0.0,0.0,0.0,0.0,0.0,0.0,0.0,0.0,0.0
1,1,0.0,1.0,0.0,0.0,0.0,0.0,0.0,0.0,0.0,0.0,0.0,0.0
1,1,0.0,1.0,0.0,0.0,0.0,0.0,0.0,0.0,0.0,0.0,0.0,0.0
1,1,0.0,1.0,0.0,0.0,0.0,0.0,0.0,0.0,0.0,0.0,0.0,0.0
1,1,0.0,1.0,0.0,0.0,0.0,0.0,0.0,0.0,0.0,0.0,0.0,0.0
1,1,0.0,1.0,0.0,0.0,0.0,0.0,0.0,0.0,0.0,0.0,0.0,0.0
1,1,0.0,1.0,0.0,0.0,0.0,0.0,0.0,0.0,0.0,0.0,0.0,0.0
1,1,0.0,1.0,0.0,0.0,0.0,0.0,0.0,0.0,0.0,0.0,0.0,0.0
1,1,0.0,1.0,0.0,0.0,0.0,0.0,0.0,0.0,0.0,0.0,0.0,0.0
1,1,0.0,1.0,0.0,0.0,0.0,0.0,0.0,0.0,0.0,0.0,0.0,0.0
1,1,0.0,1.0,0.0,0.0,0.0,0.0,0.0,0.0,0.0,0.0,0.0,0.0
1,1,0.0,1.0,0.0,0.0,0.0,0.0,0.0,0.0,0.0,0.0,0.0,0.0
1,1,0.0,1.0,0.0,0.0,0.0,0.0,0.0,0.0,0.0,0.0,0.0,0.0
1,1,0.0,1.0,0.0,0.0,0.0,0.0,0.0,0.0,0.0,0.0,0.0,0.0
1,1,0.0,1.0,0.0,0.0,0.0,0.0,0.0,0.0,0.0,0.0,0.0,0.0
1,1,0.0,1.0,0.0,0.0,0.0,0.0,0.0,0.0,0.0,0.0,0.0,0.0
1,1,0.0,1.0,0.0,0.0,0.0,0.0,0.0,0.0,0.0,0.0,0.0,0.0
1,1,0.0,1.0,0.0,0.0,0.0,0.0,0.0,0.0,0.0,0.0,0.0,0.0
1,1,0.0,1.0,0.0,0.0,0.0,0.0,0.0,0.0,0.0,0.0,0.0,0.0
1,1,0.0,1.0,0.0,0.0,0.0,0.0,0.0,0.0,0.0,0.0,0.0,0.0
1,1,0.0,1.0,0.0,0.0,0.0,0.0,0.0,0.0,0.0,0.0,0.0,0.0
1,1,0.0,1.0,0.0,0.0,0.0,0.0,0.0,0.0,0.0,0.0,0.0,0.0
1,1,0.0,1.0,0.0,0.0,0.0,0.0,0.0,0.0,0.0,0.0,0.0,0.0
1,1,0.0,1.0,0.0,0.0,0.0,0.0,0.0,0.0,0.0,0.0,0.0,0.0
1,1,0.0,1.0,0.0,0.0,0.0,0.0,0.0,0.0,0.0,0.0,0.0,0.0
1,1,0.0,1.0,0.0,0.0,0.0,0.0,0.0,0.0,0.0,0.0,0.0,0.0
1,1,0.0,1.0,0.0,0.0,0.0,0.0,0.0,0.0,0.0,0.0,0.0,0.0
1,1,0.0,1.0,0.0,0.0,0.0,0.0,0.0,0.0,0.0,0.0,0.0,0.0
1,1,0.0,1.0,0.0,0.0,0.0,0.0,0.0,0.0,0.0,0.0,0.0,0.0
1,1,0.0,1.0,0.0,0.0,0.0,0.0,0.0,0.0,0.0,0.0,0.0,0.0
1,1,0.0,1.0,0.0,0.0,0.0,0.0,0.0,0.0,0.0,0.0,0.0,0.0
1,1,0.0,1.0,0.0,0.0,0.0,0.0,0.0,0.0,0.0,0.0,0.0,0.0
1,1,0.0,1.0,0.0,0.0,0.0,0.0,0.0,0.0,0.0,0.0,0.0,0.0
1,1,0.0,1.0,0.0,0.0,0.0,0.0,0.0,0.0,0.0,0.0,0.0,0.0
1,1,0.0,1.0,0.0,0.0,0.0,0.0,0.0,0.0,0.0,0.0,0.0,0.0
1,1,0.0,1.0,0.0,0.0,0.0,0.0,0.0,0.0,0.0,0.0,0.0,0.0
1,1,0.0,1.0,0.0,0.0,0.0,0.0,0.0,0.0,0.0,0.0,0.0,0.0
1,1,0.0,1.0,0.0,0.0,0.0,0.0,0.0,0.0,0.0,0.0,0.0,0.0
1,1,0.0,1.0,0.0,0.0,0.0,0.0,0.0,0.0,0.0,0.0,0.0,0.0
1,1,0.0,1.0,0.0,0.0,0.0,0.0,0.0,0.0,0.0,0.0,0.0,0.0
1,1,0.0,1.0,0.0,0.0,0.0,0.0,0.0,0.0,0.0,0.0,0.0,0.0
1,1,0.0,1.0,0.0,0.0,0.0,0.0,0.0,0.0,0.0,0.0,0.0,0.0
1,1,0.0,1.0,0.0,0.0,0.0,0.0,0.0,0.0,0.0,0.0,0.0,0.0
1,1,0.0,1.0,0.0,0.0,0.0,0.0,0.0,0.0,0.0,0.0,0.0,0.0
1,1,0.0,1.0,0.0,0.0,0.0,0.0,0.0,0.0,0.0,0.0,0.0,0.0
1,1,0.0,1.0,0.0,0.0,0.0,0.0,0.0,0.0,0.0,0.0,0.0,0.0
1,1,0.0,1.0,0.0,0.0,0.0,0.0,0.0,0.0,0.0,0.0,0.0,0.0
1,1,0.0,1.0,0.0,0.0,0.0,0.0,0.0,0.0,0.0,0.0,0.0,0.0
1,1,0.0,1.0,0.0,0.0,0.0,0.0,0.0,0.0,0.0,0.0,0.0,0.0
1,1,0.0,1.0,0.0,0.0,0.0,0.0,0.0,0.0,0.0,0.0,0.0,0.0
1,1,0.0,1.0,0.0,0.0,0.0,0.0,0.0,0.0,0.0,0.0,0.0,0.0
1,1,0.0,1.0,0.0,0.0,0.0,0.0,0.0,0.0,0.0,0.0,0.0,0.0
1,1,0.0,1.0,0.0,0.0,0.0,0.0,0.0,0.0,0.0,0.0,0.0,0.0
1,1,0.0,1.0,0.0,0.0,0.0,0.0,0.0,0.0,0.0,0.0,0.0,0.0
1,1,0.0,1.0,0.0,0.0,0.0,0.0,0.0,0.0,0.0,0.0,0.0,0.0
1,1,0.0,1.0,0.0,0.0,0.0,0.0,0.0,0.0,0.0,0.0,0.0,0.0
1,1,0.0,1.0,0.0,0.0,0.0,0.0,0.0,0.0,0.0,0.0,0.0,0.0
1,1,0.0,1.0,0.0,0.0,0.0,0.0,0.0,0.0,0.0,0.0,0.0,0.0
1,1,0.0,1.0,0.0,0.0,0.0,0.0,0.0,0.0,0.0,0.0,0.0,0.0
1,1,0.0,1.0,0.0,0.0,0.0,0.0,0.0,0.0,0.0,0.0,0.0,0.0
1,1,0.0,1.0,0.0,0.0,0.0,0.0,0.0,0.0,0.0,0.0,0.0,0.0
1,1,0.0,1.0,0.0,0.0,0.0,0.0,0.0,0.0,0.0,0.0,0.0,0.0
1,1,0.0,1.0,0.0,0.0,0.0,0.0,0.0,0.0,0.0,0.0,0.0,0.0
1,1,0.0,1.0,0.0,0.0,0.0,0.0,0.0,0.0,0.0,0.0,0.0,0.0
1,1,0.0,1.0,0.0,0.0,0.0,0.0,0.0,0.0,0.0,0.0,0.0,0.0
1,1,0.0,1.0,0.0,0.0,0.0,0.0,0.0,0.0,0.0,0.0,0.0,0.0
1,1,0.0,1.0,0.0,0.0,0.0,0.0,0.0,0.0,0.0,0.0,0.0,0.0
1,1,0.0,1.0,0.0,0.0,0.0,0.0,0.0,0.0,0.0,0.0,0.0,0.0
1,1,0.0,1.0,0.0,0.0,0.0,0.0,0.0,0.0,0.0,0.0,0.0,0.0
1,1,0.0,1.0,0.0,0.0,0.0,0.0,0.0,0.0,0.0,0.0,0.0,0.0
1,1,0.0,1.0,0.0,0.0,0.0,0.0,0.0,0.0,0.0,0.0,0.0,0.0
1,1,0.0,1.0,0.0,0.0,0.0,0.0,0.0,0.0,0.0,0.0,0.0,0.0
1,1,0.0,1.0,0.0,0.0,0.0,0.0,0.0,0.0,0.0,0.0,0.0,0.0
1,1,0.0,1.0,0.0,0.0,0.0,0.0,0.0,0.0,0.0,0.0,0.0,0.0
1,1,0.0,1.0,0.0,0.0,0.0,0.0,0.0,0.0,0.0,0.0,0.0,0.0
1,1,0.0,1.0,0.0,0.0,0.0,0.0,0.0,0.0,0.0,0.0,0.0,0.0
1,1,0.0,1.0,0.0,0.0,0.0,0.0,0.0,0.0,0.0,0.0,0.0,0.0
1,1,0.0,1.0,0.0,0.0,0.0,0.0,0.0,0.0,0.0,0.0,0.0,0.0
1,1,0.0,1.0,0.0,0.0,0.0,0.0,0.0,0.0,0.0,0.0,0.0,0.0
1,1,0.0,1.0,0.0,0.0,0.0,0.0,0.0,0.0,0.0,0.0,0.0,0.0
1,1,0.0,1.0,0.0,0.0,0.0,0.0,0.0,0.0,0.0,0.0,0.0,0.0
1,1,0.0,1.0,0.0,0.0,0.0,0.0,0.0,0.0,0.0,0.0,0.0,0.0
1,1,0.0,1.0,0.0,0.0,0.0,0.0,0.0,0.0,0.0,0.0,0.0,0.0
1,1,0.0,1.0,0.0,0.0,0.0,0.0,0.0,0.0,0.0,0.0,0.0,0.0
1,1,0.0,1.0,0.0,0.0,0.0,0.0,0.0,0.0,0.0,0.0,0.0,0.0
1,1,0.0,1.0,0.0,0.0,0.0,0.0,0.0,0.0,0.0,0.0,0.0,0.0
1,1,0.0,1.0,0.0,0.0,0.0,0.0,0.0,0.0,0.0,0.0,0.0,0.0
1,1,0.0,1.0,0.0,0.0,0.0,0.0,0.0,0.0,0.0,0.0,0.0,0.0
1,1,0.0,1.0,0.0,0.0,0.0,0.0,0.0,0.0,0.0,0.0,0.0,0.0
1,1,0.0,1.0,0.0,0.0,0.0,0.0,0.0,0.0,0.0,0.0,0.0,0.0
1,1,0.0,1.0,0.0,0.0,0.0,0.0,0.0,0.0,0.0,0.0,0.0,0.0
1,1,0.0,1.0,0.0,0.0,0.0,0.0,0.0,0.0,0.0,0.0,0.0,0.0
1,1,0.0,1.0,0.0,0.0,0.0,0.0,0.0,0.0,0.0,0.0,0.0,0.0
1,1,0.0,1.0,0.0,0.0,0.0,0.0,0.0,0.0,0.0,0.0,0.0,0.0
1,1,0.0,1.0,0.0,0.0,0.0,0.0,0.0,0.0,0.0,0.0,0.0,0.0
1,1,0.0,1.0,0.0,0.0,0.0,0.0,0.0,0.0,0.0,0.0,0.0,0.0
1,1,0.0,1.0,0.0,0.0,0.0,0.0,0.0,0.0,0.0,0.0,0.0,0.0
1,1,0.0,1.0,0.0,0.0,0.0,0.0,0.0,0.0,0.0,0.0,0.0,0.0
1,1,0.0,1.0,0.0,0.0,0.0,0.0,0.0,0.0,0.0,0.0,0.0,0.0
1,1,0.0,1.0,0.0,0.0,0.0,0.0,0.0,0.0,0.0,0.0,0.0,0.0
1,1,0.0,1.0,0.0,0.0,0.0,0.0,0.0,0.0,0.0,0.0,0.0,0.0
1,1,0.0,1.0,0.0,0.0,0.0,0.0,0.0,0.0,0.0,0.0,0.0,0.0
1,1,0.0,1.0,0.0,0.0,0.0,0.0,0.0,0.0,0.0,0.0,0.0,0.0
1,1,0.0,1.0,0.0,0.0,0.0,0.0,0.0,0.0,0.0,0.0,0.0,0.0
1,1,0.0,1.0,0.0,0.0,0.0,0.0,0.0,0.0,0.0,0.0,0.0,0.0
1,1,0.0,1.0,0.0,0.0,0.0,0.0,0.0,0.0,0.0,0.0,0.0,0.0
1,1,0.0,1.0,0.0,0.0,0.0,0.0,0.0,0.0,0.0,0.0,0.0,0.0
1,1,0.0,1.0,0.0,0.0,0.0,0.0,0.0,0.0,0.0,0.0,0.0,0.0
1,1,0.0,1.0,0.0,0.0,0.0,0.0,0.0,0.0,0.0,0.0,0.0,0.0
1,1,0.0,1.0,0.0,0.0,0.0,0.0,0.0,0.0,0.0,0.0,0.0,0.0
1,1,0.0,1.0,0.0,0.0,0.0,0.0,0.0,0.0,0.0,0.0,0.0,0.0
1,1,0.0,1.0,0.0,0.0,0.0,0.0,0.0,0.0,0.0,0.0,0.0,0.0
1,1,0.0,1.0,0.0,0.0,0.0,0.0,0.0,0.0,0.0,0.0,0.0,0.0
1,1,0.0,1.0,0.0,0.0,0.0,0.0,0.0,0.0,0.0,0.0,0.0,0.0
1,1,0.0,1.0,0.0,0.0,0.0,0.0,0.0,0.0,0.0,0.0,0.0,0.0
1,1,0.0,1.0,0.0,0.0,0.0,0.0,0.0,0.0,0.0,0.0,0.0,0.0
1,1,0.0,1.0,0.0,0.0,0.0,0.0,0.0,0.0,0.0,0.0,0.0,0.0
1,1,0.0,1.0,0.0,0.0,0.0,0.0,0.0,0.0,0.0,0.0,0.0,0.0
1,1,0.0,1.0,0.0,0.0,0.0,0.0,0.0,0.0,0.0,0.0,0.0,0.0
1,1,0.0,1.0,0.0,0.0,0.0,0.0,0.0,0.0,0.0,0.0,0.0,0.0
1,1,0.0,1.0,0.0,0.0,0.0,0.0,0.0,0.0,0.0,0.0,0.0,0.0
1,1,0.0,1.0,0.0,0.0,0.0,0.0,0.0,0.0,0.0,0.0,0.0,0.0
1,1,0.0,1.0,0.0,0.0,0.0,0.0,0.0,0.0,0.0,0.0,0.0,0.0
1,1,0.0,1.0,0.0,0.0,0.0,0.0,0.0,0.0,0.0,0.0,0.0,0.0
1,1,0.0,1.0,0.0,0.0,0.0,0.0,0.0,0.0,0.0,0.0,0.0,0.0
1,1,0.0,1.0,0.0,0.0,0.0,0.0,0.0,0.0,0.0,0.0,0.0,0.0
1,1,0.0,1.0,0.0,0.0,0.0,0.0,0.0,0.0,0.0,0.0,0.0,0.0
1,1,0.0,1.0,0.0,0.0,0.0,0.0,0.0,0.0,0.0,0.0,0.0,0.0
1,1,0.0,1.0,0.0,0.0,0.0,0.0,0.0,0.0,0.0,0.0,0.0,0.0
1,1,0.0,1.0,0.0,0.0,0.0,0.0,0.0,0.0,0.0,0.0,0.0,0.0
1,1,0.0,1.0,0.0,0.0,0.0,0.0,0.0,0.0,0.0,0.0,0.0,0.0
1,1,0.0,1.0,0.0,0.0,0.0,0.0,0.0,0.0,0.0,0.0,0.0,0.0
1,1,0.0,1.0,0.0,0.0,0.0,0.0,0.0,0.0,0.0,0.0,0.0,0.0
1,1,0.0,1.0,0.0,0.0,0.0,0.0,0.0,0.0,0.0,0.0,0.0,0.0
1,1,0.0,1.0,0.0,0.0,0.0,0.0,0.0,0.0,0.0,0.0,0.0,0.0
1,1,0.0,1.0,0.0,0.0,0.0,0.0,0.0,0.0,0.0,0.0,0.0,0.0
1,1,0.0,1.0,0.0,0.0,0.0,0.0,0.0,0.0,0.0,0.0,0.0,0.0
1,1,0.0,1.0,0.0,0.0,0.0,0.0,0.0,0.0,0.0,0.0,0.0,0.0
1,1,0.0,1.0,0.0,0.0,0.0,0.0,0.0,0.0,0.0,0.0,0.0,0.0
1,1,0.015625,0.984375,0.0,0.0,0.0,0.0,0.0,0.0,0.0,0.0,0.0,0.0
1,1,0.015625,0.984375,0.0,0.0,0.0,0.0,0.0,0.0,0.0,0.0,0.0,0.0
1,1,0.015625,0.984375,0.0,0.0,0.0,0.0,0.0,0.0,0.0,0.0,0.0,0.0
1,1,0.015625,0.984375,0.0,0.0,0.0,0.0,0.0,0.0,0.0,0.0,0.0,0.0
1,1,0.015625,0.984375,0.0,0.0,0.0,0.0,0.0,0.0,0.0,0.0,0.0,0.0
1,1,0.015625,0.984375,0.0,0.0,0.0,0.0,0.0,0.0,0.0,0.0,0.0,0.0
1,1,0.015625,0.984375,0.0,0.0,0.0,0.0,0.0,0.0,0.0,0.0,0.0,0.0
1,1,0.015625,0.984375,0.0,0.0,0.0,0.0,0.0,0.0,0.0,0.0,0.0,0.0
1,1,0.015625,0.984375,0.0,0.0,0.0,0.0,0.0,0.0,0.0,0.0,0.0,0.0
1,1,0.015625,0.984375,0.0,0.0,0.0,0.0,0.0,0.0,0.0,0.0,0.0,0.0
1,1,0.015625,0.984375,0.0,0.0,0.0,0.0,0.0,0.0,0.0,0.0,0.0,0.0
1,1,0.015625,0.984375,0.0,0.0,0.0,0.0,0.0,0.0,0.0,0.0,0.0,0.0
1,1,0.015625,0.984375,0.0,0.0,0.0,0.0,0.0,0.0,0.0,0.0,0.0,0.0
1,1,0.015625,0.984375,0.0,0.0,0.0,0.0,0.0,0.0,0.0,0.0,0.0,0.0
1,1,0.015625,0.984375,0.0,0.0,0.0,0.0,0.0,0.0,0.0,0.0,0.0,0.0
1,1,0.015625,0.984375,0.0,0.0,0.0,0.0,0.0,0.0,0.0,0.0,0.0,0.0
1,1,0.0,1.0,0.0,0.0,0.0,0.0,0.0,0.0,0.0,0.0,0.0,0.0
1,1,0.0,1.0,0.0,0.0,0.0,0.0,0.0,0.0,0.0,0.0,0.0,0.0
1,1,0.0,1.0,0.0,0.0,0.0,0.0,0.0,0.0,0.0,0.0,0.0,0.0
1,1,0.0,1.0,0.0,0.0,0.0,0.0,0.0,0.0,0.0,0.0,0.0,0.0
1,1,0.0,1.0,0.0,0.0,0.0,0.0,0.0,0.0,0.0,0.0,0.0,0.0
1,1,0.0,1.0,0.0,0.0,0.0,0.0,0.0,0.0,0.0,0.0,0.0,0.0
1,1,0.0,1.0,0.0,0.0,0.0,0.0,0.0,0.0,0.0,0.0,0.0,0.0
1,1,0.0,1.0,0.0,0.0,0.0,0.0,0.0,0.0,0.0,0.0,0.0,0.0
1,1,0.0,1.0,0.0,0.0,0.0,0.0,0.0,0.0,0.0,0.0,0.0,0.0
1,1,0.0,1.0,0.0,0.0,0.0,0.0,0.0,0.0,0.0,0.0,0.0,0.0
1,1,0.0,1.0,0.0,0.0,0.0,0.0,0.0,0.0,0.0,0.0,0.0,0.0
1,1,0.0,1.0,0.0,0.0,0.0,0.0,0.0,0.0,0.0,0.0,0.0,0.0
1,1,0.0,1.0,0.0,0.0,0.0,0.0,0.0,0.0,0.0,0.0,0.0,0.0
1,1,0.0,1.0,0.0,0.0,0.0,0.0,0.0,0.0,0.0,0.0,0.0,0.0
1,1,0.0,1.0,0.0,0.0,0.0,0.0,0.0,0.0,0.0,0.0,0.0,0.0
1,1,0.0,1.0,0.0,0.0,0.0,0.0,0.0,0.0,0.0,0.0,0.0,0.0
1,1,0.0,1.0,0.0,0.0,0.0,0.0,0.0,0.0,0.0,0.0,0.0,0.0
1,1,0.0,1.0,0.0,0.0,0.0,0.0,0.0,0.0,0.0,0.0,0.0,0.0
1,1,0.0,1.0,0.0,0.0,0.0,0.0,0.0,0.0,0.0,0.0,0.0,0.0
1,1,0.0,1.0,0.0,0.0,0.0,0.0,0.0,0.0,0.0,0.0,0.0,0.0
1,1,0.0,1.0,0.0,0.0,0.0,0.0,0.0,0.0,0.0,0.0,0.0,0.0
1,1,0.0,1.0,0.0,0.0,0.0,0.0,0.0,0.0,0.0,0.0,0.0,0.0
1,1,0.0,1.0,0.0,0.0,0.0,0.0,0.0,0.0,0.0,0.0,0.0,0.0
1,1,0.0,1.0,0.0,0.0,0.0,0.0,0.0,0.0,0.0,0.0,0.0,0.0
1,1,0.0,1.0,0.0,0.0,0.0,0.0,0.0,0.0,0.0,0.0,0.0,0.0
1,1,0.0,1.0,0.0,0.0,0.0,0.0,0.0,0.0,0.0,0.0,0.0,0.0
1,1,0.0,1.0,0.0,0.0,0.0,0.0,0.0,0.0,0.0,0.0,0.0,0.0
1,1,0.0,1.0,0.0,0.0,0.0,0.0,0.0,0.0,0.0,0.0,0.0,0.0
1,1,0.0,1.0,0.0,0.0,0.0,0.0,0.0,0.0,0.0,0.0,0.0,0.0
1,1,0.0,1.0,0.0,0.0,0.0,0.0,0.0,0.0,0.0,0.0,0.0,0.0
1,1,0.0,1.0,0.0,0.0,0.0,0.0,0.0,0.0,0.0,0.0,0.0,0.0
1,1,0.0,1.0,0.0,0.0,0.0,0.0,0.0,0.0,0.0,0.0,0.0,0.0
1,1,0.015625,0.984375,0.0,0.0,0.0,0.0,0.0,0.0,0.0,0.0,0.0,0.0
1,1,0.015625,0.984375,0.0,0.0,0.0,0.0,0.0,0.0,0.0,0.0,0.0,0.0
1,1,0.015625,0.984375,0.0,0.0,0.0,0.0,0.0,0.0,0.0,0.0,0.0,0.0
1,1,0.015625,0.984375,0.0,0.0,0.0,0.0,0.0,0.0,0.0,0.0,0.0,0.0
1,1,0.015625,0.984375,0.0,0.0,0.0,0.0,0.0,0.0,0.0,0.0,0.0,0.0
1,1,0.015625,0.984375,0.0,0.0,0.0,0.0,0.0,0.0,0.0,0.0,0.0,0.0
1,1,0.015625,0.984375,0.0,0.0,0.0,0.0,0.0,0.0,0.0,0.0,0.0,0.0
1,1,0.015625,0.984375,0.0,0.0,0.0,0.0,0.0,0.0,0.0,0.0,0.0,0.0
1,1,0.015625,0.984375,0.0,0.0,0.0,0.0,0.0,0.0,0.0,0.0,0.0,0.0
1,1,0.015625,0.984375,0.0,0.0,0.0,0.0,0.0,0.0,0.0,0.0,0.0,0.0
1,1,0.015625,0.984375,0.0,0.0,0.0,0.0,0.0,0.0,0.0,0.0,0.0,0.0
1,1,0.015625,0.984375,0.0,0.0,0.0,0.0,0.0,0.0,0.0,0.0,0.0,0.0
1,1,0.015625,0.984375,0.0,0.0,0.0,0.0,0.0,0.0,0.0,0.0,0.0,0.0
1,1,0.015625,0.984375,0.0,0.0,0.0,0.0,0.0,0.0,0.0,0.0,0.0,0.0
1,1,0.015625,0.984375,0.0,0.0,0.0,0.0,0.0,0.0,0.0,0.0,0.0,0.0
1,1,0.015625,0.984375,0.0,0.0,0.0,0.0,0.0,0.0,0.0,0.0,0.0,0.0
1,1,0.0,1.0,0.0,0.0,0.0,0.0,0.0,0.0,0.0,0.0,0.0,0.0
1,1,0.0,1.0,0.0,0.0,0.0,0.0,0.0,0.0,0.0,0.0,0.0,0.0
1,1,0.0,1.0,0.0,0.0,0.0,0.0,0.0,0.0,0.0,0.0,0.0,0.0
1,1,0.0,1.0,0.0,0.0,0.0,0.0,0.0,0.0,0.0,0.0,0.0,0.0
1,1,0.0,1.0,0.0,0.0,0.0,0.0,0.0,0.0,0.0,0.0,0.0,0.0
1,1,0.0,1.0,0.0,0.0,0.0,0.0,0.0,0.0,0.0,0.0,0.0,0.0
1,1,0.0,1.0,0.0,0.0,0.0,0.0,0.0,0.0,0.0,0.0,0.0,0.0
1,1,0.0,1.0,0.0,0.0,0.0,0.0,0.0,0.0,0.0,0.0,0.0,0.0
1,1,0.0,1.0,0.0,0.0,0.0,0.0,0.0,0.0,0.0,0.0,0.0,0.0
1,1,0.0,1.0,0.0,0.0,0.0,0.0,0.0,0.0,0.0,0.0,0.0,0.0
1,1,0.0,1.0,0.0,0.0,0.0,0.0,0.0,0.0,0.0,0.0,0.0,0.0
1,1,0.0,1.0,0.0,0.0,0.0,0.0,0.0,0.0,0.0,0.0,0.0,0.0
1,1,0.0,1.0,0.0,0.0,0.0,0.0,0.0,0.0,0.0,0.0,0.0,0.0
1,1,0.0,1.0,0.0,0.0,0.0,0.0,0.0,0.0,0.0,0.0,0.0,0.0
1,1,0.0,1.0,0.0,0.0,0.0,0.0,0.0,0.0,0.0,0.0,0.0,0.0
1,1,0.0,1.0,0.0,0.0,0.0,0.0,0.0,0.0,0.0,0.0,0.0,0.0
1,1,0.0,1.0,0.0,0.0,0.0,0.0,0.0,0.0,0.0,0.0,0.0,0.0
1,1,0.0,1.0,0.0,0.0,0.0,0.0,0.0,0.0,0.0,0.0,0.0,0.0
1,1,0.0,1.0,0.0,0.0,0.0,0.0,0.0,0.0,0.0,0.0,0.0,0.0
1,1,0.0,1.0,0.0,0.0,0.0,0.0,0.0,0.0,0.0,0.0,0.0,0.0
1,1,0.0,1.0,0.0,0.0,0.0,0.0,0.0,0.0,0.0,0.0,0.0,0.0
1,1,0.0,1.0,0.0,0.0,0.0,0.0,0.0,0.0,0.0,0.0,0.0,0.0
1,1,0.0,1.0,0.0,0.0,0.0,0.0,0.0,0.0,0.0,0.0,0.0,0.0
1,1,0.0,1.0,0.0,0.0,0.0,0.0,0.0,0.0,0.0,0.0,0.0,0.0
1,1,0.0,1.0,0.0,0.0,0.0,0.0,0.0,0.0,0.0,0.0,0.0,0.0
1,1,0.0,1.0,0.0,0.0,0.0,0.0,0.0,0.0,0.0,0.0,0.0,0.0
1,1,0.0,1.0,0.0,0.0,0.0,0.0,0.0,0.0,0.0,0.0,0.0,0.0
1,1,0.0,1.0,0.0,0.0,0.0,0.0,0.0,0.0,0.0,0.0,0.0,0.0
1,1,0.0,1.0,0.0,0.0,0.0,0.0,0.0,0.0,0.0,0.0,0.0,0.0
1,1,0.0,1.0,0.0,0.0,0.0,0.0,0.0,0.0,0.0,0.0,0.0,0.0
1,1,0.0,1.0,0.0,0.0,0.0,0.0,0.0,0.0,0.0,0.0,0.0,0.0
1,1,0.0,1.0,0.0,0.0,0.0,0.0,0.0,0.0,0.0,0.0,0.0,0.0
1,1,0.0,1.0,0.0,0.0,0.0,0.0,0.0,0.0,0.0,0.0,0.0,0.0
1,1,0.0,1.0,0.0,0.0,0.0,0.0,0.0,0.0,0.0,0.0,0.0,0.0
1,1,0.0,1.0,0.0,0.0,0.0,0.0,0.0,0.0,0.0,0.0,0.0,0.0
1,1,0.0,1.0,0.0,0.0,0.0,0.0,0.0,0.0,0.0,0.0,0.0,0.0
1,1,0.0,1.0,0.0,0.0,0.0,0.0,0.0,0.0,0.0,0.0,0.0,0.0
1,1,0.0,1.0,0.0,0.0,0.0,0.0,0.0,0.0,0.0,0.0,0.0,0.0
1,1,0.0,1.0,0.0,0.0,0.0,0.0,0.0,0.0,0.0,0.0,0.0,0.0
1,1,0.0,1.0,0.0,0.0,0.0,0.0,0.0,0.0,0.0,0.0,0.0,0.0
1,1,0.0,1.0,0.0,0.0,0.0,0.0,0.0,0.0,0.0,0.0,0.0,0.0
1,1,0.0,1.0,0.0,0.0,0.0,0.0,0.0,0.0,0.0,0.0,0.0,0.0
1,1,0.0,1.0,0.0,0.0,0.0,0.0,0.0,0.0,0.0,0.0,0.0,0.0
1,1,0.0,1.0,0.0,0.0,0.0,0.0,0.0,0.0,0.0,0.0,0.0,0.0
1,1,0.0,1.0,0.0,0.0,0.0,0.0,0.0,0.0,0.0,0.0,0.0,0.0
1,1,0.0,1.0,0.0,0.0,0.0,0.0,0.0,0.0,0.0,0.0,0.0,0.0
1,1,0.0,1.0,0.0,0.0,0.0,0.0,0.0,0.0,0.0,0.0,0.0,0.0
1,1,0.0,1.0,0.0,0.0,0.0,0.0,0.0,0.0,0.0,0.0,0.0,0.0
1,1,0.0,1.0,0.0,0.0,0.0,0.0,0.0,0.0,0.0,0.0,0.0,0.0
1,1,0.0,1.0,0.0,0.0,0.0,0.0,0.0,0.0,0.0,0.0,0.0,0.0
1,1,0.0,1.0,0.0,0.0,0.0,0.0,0.0,0.0,0.0,0.0,0.0,0.0
1,1,0.0,1.0,0.0,0.0,0.0,0.0,0.0,0.0,0.0,0.0,0.0,0.0
1,1,0.0,1.0,0.0,0.0,0.0,0.0,0.0,0.0,0.0,0.0,0.0,0.0
1,1,0.0,1.0,0.0,0.0,0.0,0.0,0.0,0.0,0.0,0.0,0.0,0.0
1,1,0.0,1.0,0.0,0.0,0.0,0.0,0.0,0.0,0.0,0.0,0.0,0.0
1,1,0.0,1.0,0.0,0.0,0.0,0.0,0.0,0.0,0.0,0.0,0.0,0.0
1,1,0.0,1.0,0.0,0.0,0.0,0.0,0.0,0.0,0.0,0.0,0.0,0.0
1,1,0.0,1.0,0.0,0.0,0.0,0.0,0.0,0.0,0.0,0.0,0.0,0.0
1,1,0.0,1.0,0.0,0.0,0.0,0.0,0.0,0.0,0.0,0.0,0.0,0.0
1,1,0.0,1.0,0.0,0.0,0.0,0.0,0.0,0.0,0.0,0.0,0.0,0.0
1,1,0.0,1.0,0.0,0.0,0.0,0.0,0.0,0.0,0.0,0.0,0.0,0.0
1,1,0.0,1.0,0.0,0.0,0.0,0.0,0.0,0.0,0.0,0.0,0.0,0.0
1,1,0.0,1.0,0.0,0.0,0.0,0.0,0.0,0.0,0.0,0.0,0.0,0.0
1,1,0.0,1.0,0.0,0.0,0.0,0.0,0.0,0.0,0.0,0.0,0.0,0.0
1,1,0.0,1.0,0.0,0.0,0.0,0.0,0.0,0.0,0.0,0.0,0.0,0.0
1,1,0.0,1.0,0.0,0.0,0.0,0.0,0.0,0.0,0.0,0.0,0.0,0.0
1,1,0.0,1.0,0.0,0.0,0.0,0.0,0.0,0.0,0.0,0.0,0.0,0.0
1,1,0.0,1.0,0.0,0.0,0.0,0.0,0.0,0.0,0.0,0.0,0.0,0.0
1,1,0.0,1.0,0.0,0.0,0.0,0.0,0.0,0.0,0.0,0.0,0.0,0.0
1,1,0.0,1.0,0.0,0.0,0.0,0.0,0.0,0.0,0.0,0.0,0.0,0.0
1,1,0.0,1.0,0.0,0.0,0.0,0.0,0.0,0.0,0.0,0.0,0.0,0.0
1,1,0.0,1.0,0.0,0.0,0.0,0.0,0.0,0.0,0.0,0.0,0.0,0.0
1,1,0.0,1.0,0.0,0.0,0.0,0.0,0.0,0.0,0.0,0.0,0.0,0.0
1,1,0.0,1.0,0.0,0.0,0.0,0.0,0.0,0.0,0.0,0.0,0.0,0.0
1,1,0.0,1.0,0.0,0.0,0.0,0.0,0.0,0.0,0.0,0.0,0.0,0.0
1,1,0.0,1.0,0.0,0.0,0.0,0.0,0.0,0.0,0.0,0.0,0.0,0.0
1,1,0.0,1.0,0.0,0.0,0.0,0.0,0.0,0.0,0.0,0.0,0.0,0.0
1,1,0.0,1.0,0.0,0.0,0.0,0.0,0.0,0.0,0.0,0.0,0.0,0.0
1,1,0.0,1.0,0.0,0.0,0.0,0.0,0.0,0.0,0.0,0.0,0.0,0.0
1,1,0.0,1.0,0.0,0.0,0.0,0.0,0.0,0.0,0.0,0.0,0.0,0.0
1,1,0.0,1.0,0.0,0.0,0.0,0.0,0.0,0.0,0.0,0.0,0.0,0.0
1,1,0.0,1.0,0.0,0.0,0.0,0.0,0.0,0.0,0.0,0.0,0.0,0.0
1,1,0.0,1.0,0.0,0.0,0.0,0.0,0.0,0.0,0.0,0.0,0.0,0.0
1,1,0.0,1.0,0.0,0.0,0.0,0.0,0.0,0.0,0.0,0.0,0.0,0.0
1,1,0.0,1.0,0.0,0.0,0.0,0.0,0.0,0.0,0.0,0.0,0.0,0.0
1,1,0.0,1.0,0.0,0.0,0.0,0.0,0.0,0.0,0.0,0.0,0.0,0.0
1,1,0.0,1.0,0.0,0.0,0.0,0.0,0.0,0.0,0.0,0.0,0.0,0.0
1,1,0.0,1.0,0.0,0.0,0.0,0.0,0.0,0.0,0.0,0.0,0.0,0.0
1,1,0.0,1.0,0.0,0.0,0.0,0.0,0.0,0.0,0.0,0.0,0.0,0.0
1,1,0.0,1.0,0.0,0.0,0.0,0.0,0.0,0.0,0.0,0.0,0.0,0.0
1,1,0.0,1.0,0.0,0.0,0.0,0.0,0.0,0.0,0.0,0.0,0.0,0.0
1,1,0.0,1.0,0.0,0.0,0.0,0.0,0.0,0.0,0.0,0.0,0.0,0.0
1,1,0.0,1.0,0.0,0.0,0.0,0.0,0.0,0.0,0.0,0.0,0.0,0.0
1,1,0.0,1.0,0.0,0.0,0.0,0.0,0.0,0.0,0.0,0.0,0.0,0.0
1,1,0.0,1.0,0.0,0.0,0.0,0.0,0.0,0.0,0.0,0.0,0.0,0.0
1,1,0.0,1.0,0.0,0.0,0.0,0.0,0.0,0.0,0.0,0.0,0.0,0.0
1,1,0.0,1.0,0.0,0.0,0.0,0.0,0.0,0.0,0.0,0.0,0.0,0.0
1,1,0.0,1.0,0.0,0.0,0.0,0.0,0.0,0.0,0.0,0.0,0.0,0.0
1,1,0.0,1.0,0.0,0.0,0.0,0.0,0.0,0.0,0.0,0.0,0.0,0.0
1,1,0.0,1.0,0.0,0.0,0.0,0.0,0.0,0.0,0.0,0.0,0.0,0.0
1,1,0.0,1.0,0.0,0.0,0.0,0.0,0.0,0.0,0.0,0.0,0.0,0.0
1,1,0.0,1.0,0.0,0.0,0.0,0.0,0.0,0.0,0.0,0.0,0.0,0.0
1,1,0.0,1.0,0.0,0.0,0.0,0.0,0.0,0.0,0.0,0.0,0.0,0.0
1,1,0.0,1.0,0.0,0.0,0.0,0.0,0.0,0.0,0.0,0.0,0.0,0.0
1,1,0.0,1.0,0.0,0.0,0.0,0.0,0.0,0.0,0.0,0.0,0.0,0.0
1,1,0.0,1.0,0.0,0.0,0.0,0.0,0.0,0.0,0.0,0.0,0.0,0.0
1,1,0.0,1.0,0.0,0.0,0.0,0.0,0.0,0.0,0.0,0.0,0.0,0.0
1,1,0.0,1.0,0.0,0.0,0.0,0.0,0.0,0.0,0.0,0.0,0.0,0.0
1,1,0.0,1.0,0.0,0.0,0.0,0.0,0.0,0.0,0.0,0.0,0.0,0.0
1,1,0.0,1.0,0.0,0.0,0.0,0.0,0.0,0.0,0.0,0.0,0.0,0.0
1,1,0.0,1.0,0.0,0.0,0.0,0.0,0.0,0.0,0.0,0.0,0.0,0.0
1,1,0.0,1.0,0.0,0.0,0.0,0.0,0.0,0.0,0.0,0.0,0.0,0.0
1,1,0.0,1.0,0.0,0.0,0.0,0.0,0.0,0.0,0.0,0.0,0.0,0.0
1,1,0.0,1.0,0.0,0.0,0.0,0.0,0.0,0.0,0.0,0.0,0.0,0.0
1,1,0.0,1.0,0.0,0.0,0.0,0.0,0.0,0.0,0.0,0.0,0.0,0.0
1,1,0.0,1.0,0.0,0.0,0.0,0.0,0.0,0.0,0.0,0.0,0.0,0.0
1,1,0.0,1.0,0.0,0.0,0.0,0.0,0.0,0.0,0.0,0.0,0.0,0.0
1,1,0.0,1.0,0.0,0.0,0.0,0.0,0.0,0.0,0.0,0.0,0.0,0.0
1,1,0.0,1.0,0.0,0.0,0.0,0.0,0.0,0.0,0.0,0.0,0.0,0.0
1,1,0.0,1.0,0.0,0.0,0.0,0.0,0.0,0.0,0.0,0.0,0.0,0.0
1,1,0.0,1.0,0.0,0.0,0.0,0.0,0.0,0.0,0.0,0.0,0.0,0.0
1,1,0.0,1.0,0.0,0.0,0.0,0.0,0.0,0.0,0.0,0.0,0.0,0.0
1,1,0.0,1.0,0.0,0.0,0.0,0.0,0.0,0.0,0.0,0.0,0.0,0.0
1,1,0.0,1.0,0.0,0.0,0.0,0.0,0.0,0.0,0.0,0.0,0.0,0.0
1,1,0.0,1.0,0.0,0.0,0.0,0.0,0.0,0.0,0.0,0.0,0.0,0.0
1,1,0.0,1.0,0.0,0.0,0.0,0.0,0.0,0.0,0.0,0.0,0.0,0.0
1,1,0.0,1.0,0.0,0.0,0.0,0.0,0.0,0.0,0.0,0.0,0.0,0.0
1,1,0.0,1.0,0.0,0.0,0.0,0.0,0.0,0.0,0.0,0.0,0.0,0.0
1,1,0.015625,0.984375,0.0,0.0,0.0,0.0,0.0,0.0,0.0,0.0,0.0,0.0
1,1,0.015625,0.984375,0.0,0.0,0.0,0.0,0.0,0.0,0.0,0.0,0.0,0.0
1,1,0.015625,0.984375,0.0,0.0,0.0,0.0,0.0,0.0,0.0,0.0,0.0,0.0
1,1,0.015625,0.984375,0.0,0.0,0.0,0.0,0.0,0.0,0.0,0.0,0.0,0.0
1,1,0.015625,0.984375,0.0,0.0,0.0,0.0,0.0,0.0,0.0,0.0,0.0,0.0
1,1,0.015625,0.984375,0.0,0.0,0.0,0.0,0.0,0.0,0.0,0.0,0.0,0.0
1,1,0.015625,0.984375,0.0,0.0,0.0,0.0,0.0,0.0,0.0,0.0,0.0,0.0
1,1,0.015625,0.984375,0.0,0.0,0.0,0.0,0.0,0.0,0.0,0.0,0.0,0.0
1,1,0.015625,0.984375,0.0,0.0,0.0,0.0,0.0,0.0,0.0,0.0,0.0,0.0
1,1,0.015625,0.984375,0.0,0.0,0.0,0.0,0.0,0.0,0.0,0.0,0.0,0.0
1,1,0.015625,0.984375,0.0,0.0,0.0,0.0,0.0,0.0,0.0,0.0,0.0,0.0
1,1,0.015625,0.984375,0.0,0.0,0.0,0.0,0.0,0.0,0.0,0.0,0.0,0.0
1,1,0.015625,0.984375,0.0,0.0,0.0,0.0,0.0,0.0,0.0,0.0,0.0,0.0
1,1,0.015625,0.984375,0.0,0.0,0.0,0.0,0.0,0.0,0.0,0.0,0.0,0.0
1,1,0.015625,0.984375,0.0,0.0,0.0,0.0,0.0,0.0,0.0,0.0,0.0,0.0
1,1,0.015625,0.984375,0.0,0.0,0.0,0.0,0.0,0.0,0.0,0.0,0.0,0.0
1,1,0.0,1.0,0.0,0.0,0.0,0.0,0.0,0.0,0.0,0.0,0.0,0.0
1,1,0.0,1.0,0.0,0.0,0.0,0.0,0.0,0.0,0.0,0.0,0.0,0.0
1,1,0.0,1.0,0.0,0.0,0.0,0.0,0.0,0.0,0.0,0.0,0.0,0.0
1,1,0.0,1.0,0.0,0.0,0.0,0.0,0.0,0.0,0.0,0.0,0.0,0.0
1,1,0.0,1.0,0.0,0.0,0.0,0.0,0.0,0.0,0.0,0.0,0.0,0.0
1,1,0.0,1.0,0.0,0.0,0.0,0.0,0.0,0.0,0.0,0.0,0.0,0.0
1,1,0.0,1.0,0.0,0.0,0.0,0.0,0.0,0.0,0.0,0.0,0.0,0.0
1,1,0.0,1.0,0.0,0.0,0.0,0.0,0.0,0.0,0.0,0.0,0.0,0.0
1,1,0.0,1.0,0.0,0.0,0.0,0.0,0.0,0.0,0.0,0.0,0.0,0.0
1,1,0.0,1.0,0.0,0.0,0.0,0.0,0.0,0.0,0.0,0.0,0.0,0.0
1,1,0.0,1.0,0.0,0.0,0.0,0.0,0.0,0.0,0.0,0.0,0.0,0.0
1,1,0.0,1.0,0.0,0.0,0.0,0.0,0.0,0.0,0.0,0.0,0.0,0.0
1,1,0.0,1.0,0.0,0.0,0.0,0.0,0.0,0.0,0.0,0.0,0.0,0.0
1,1,0.0,1.0,0.0,0.0,0.0,0.0,0.0,0.0,0.0,0.0,0.0,0.0
1,1,0.0,1.0,0.0,0.0,0.0,0.0,0.0,0.0,0.0,0.0,0.0,0.0
1,1,0.0,1.0,0.0,0.0,0.0,0.0,0.0,0.0,0.0,0.0,0.0,0.0
1,1,0.0,1.0,0.0,0.0,0.0,0.0,0.0,0.0,0.0,0.0,0.0,0.0
1,1,0.0,1.0,0.0,0.0,0.0,0.0,0.0,0.0,0.0,0.0,0.0,0.0
1,1,0.0,1.0,0.0,0.0,0.0,0.0,0.0,0.0,0.0,0.0,0.0,0.0
1,1,0.0,1.0,0.0,0.0,0.0,0.0,0.0,0.0,0.0,0.0,0.0,0.0
1,1,0.0,1.0,0.0,0.0,0.0,0.0,0.0,0.0,0.0,0.0,0.0,0.0
1,1,0.0,1.0,0.0,0.0,0.0,0.0,0.0,0.0,0.0,0.0,0.0,0.0
1,1,0.0,1.0,0.0,0.0,0.0,0.0,0.0,0.0,0.0,0.0,0.0,0.0
1,1,0.0,1.0,0.0,0.0,0.0,0.0,0.0,0.0,0.0,0.0,0.0,0.0
1,1,0.0,1.0,0.0,0.0,0.0,0.0,0.0,0.0,0.0,0.0,0.0,0.0
1,1,0.0,1.0,0.0,0.0,0.0,0.0,0.0,0.0,0.0,0.0,0.0,0.0
1,1,0.0,1.0,0.0,0.0,0.0,0.0,0.0,0.0,0.0,0.0,0.0,0.0
1,1,0.0,1.0,0.0,0.0,0.0,0.0,0.0,0.0,0.0,0.0,0.0,0.0
1,1,0.0,1.0,0.0,0.0,0.0,0.0,0.0,0.0,0.0,0.0,0.0,0.0
1,1,0.0,1.0,0.0,0.0,0.0,0.0,0.0,0.0,0.0,0.0,0.0,0.0
1,1,0.0,1.0,0.0,0.0,0.0,0.0,0.0,0.0,0.0,0.0,0.0,0.0
1,1,0.0,1.0,0.0,0.0,0.0,0.0,0.0,0.0,0.0,0.0,0.0,0.0
1,1,0.015625,0.984375,0.0,0.0,0.0,0.0,0.0,0.0,0.0,0.0,0.0,0.0
1,1,0.015625,0.984375,0.0,0.0,0.0,0.0,0.0,0.0,0.0,0.0,0.0,0.0
1,1,0.015625,0.984375,0.0,0.0,0.0,0.0,0.0,0.0,0.0,0.0,0.0,0.0
1,1,0.015625,0.984375,0.0,0.0,0.0,0.0,0.0,0.0,0.0,0.0,0.0,0.0
1,1,0.015625,0.984375,0.0,0.0,0.0,0.0,0.0,0.0,0.0,0.0,0.0,0.0
1,1,0.015625,0.984375,0.0,0.0,0.0,0.0,0.0,0.0,0.0,0.0,0.0,0.0
1,1,0.015625,0.984375,0.0,0.0,0.0,0.0,0.0,0.0,0.0,0.0,0.0,0.0
1,1,0.015625,0.984375,0.0,0.0,0.0,0.0,0.0,0.0,0.0,0.0,0.0,0.0
1,1,0.015625,0.984375,0.0,0.0,0.0,0.0,0.0,0.0,0.0,0.0,0.0,0.0
1,1,0.015625,0.984375,0.0,0.0,0.0,0.0,0.0,0.0,0.0,0.0,0.0,0.0
1,1,0.015625,0.984375,0.0,0.0,0.0,0.0,0.0,0.0,0.0,0.0,0.0,0.0
1,1,0.015625,0.984375,0.0,0.0,0.0,0.0,0.0,0.0,0.0,0.0,0.0,0.0
1,1,0.015625,0.984375,0.0,0.0,0.0,0.0,0.0,0.0,0.0,0.0,0.0,0.0
1,1,0.015625,0.984375,0.0,0.0,0.0,0.0,0.0,0.0,0.0,0.0,0.0,0.0
1,1,0.015625,0.984375,0.0,0.0,0.0,0.0,0.0,0.0,0.0,0.0,0.0,0.0
1,1,0.015625,0.984375,0.0,0.0,0.0,0.0,0.0,0.0,0.0,0.0,0.0,0.0
1,1,0.0,1.0,0.0,0.0,0.0,0.0,0.0,0.0,0.0,0.0,0.0,0.0
1,1,0.0,1.0,0.0,0.0,0.0,0.0,0.0,0.0,0.0,0.0,0.0,0.0
1,1,0.0,1.0,0.0,0.0,0.0,0.0,0.0,0.0,0.0,0.0,0.0,0.0
1,1,0.0,1.0,0.0,0.0,0.0,0.0,0.0,0.0,0.0,0.0,0.0,0.0
1,1,0.0,1.0,0.0,0.0,0.0,0.0,0.0,0.0,0.0,0.0,0.0,0.0
1,1,0.0,1.0,0.0,0.0,0.0,0.0,0.0,0.0,0.0,0.0,0.0,0.0
1,1,0.0,1.0,0.0,0.0,0.0,0.0,0.0,0.0,0.0,0.0,0.0,0.0
1,1,0.0,1.0,0.0,0.0,0.0,0.0,0.0,0.0,0.0,0.0,0.0,0.0
1,1,0.0,1.0,0.0,0.0,0.0,0.0,0.0,0.0,0.0,0.0,0.0,0.0
1,1,0.0,1.0,0.0,0.0,0.0,0.0,0.0,0.0,0.0,0.0,0.0,0.0
1,1,0.0,1.0,0.0,0.0,0.0,0.0,0.0,0.0,0.0,0.0,0.0,0.0
1,1,0.0,1.0,0.0,0.0,0.0,0.0,0.0,0.0,0.0,0.0,0.0,0.0
1,1,0.0,1.0,0.0,0.0,0.0,0.0,0.0,0.0,0.0,0.0,0.0,0.0
1,1,0.0,1.0,0.0,0.0,0.0,0.0,0.0,0.0,0.0,0.0,0.0,0.0
1,1,0.0,1.0,0.0,0.0,0.0,0.0,0.0,0.0,0.0,0.0,0.0,0.0
1,1,0.0,1.0,0.0,0.0,0.0,0.0,0.0,0.0,0.0,0.0,0.0,0.0
1,1,0.0,1.0,0.0,0.0,0.0,0.0,0.0,0.0,0.0,0.0,0.0,0.0
1,1,0.0,1.0,0.0,0.0,0.0,0.0,0.0,0.0,0.0,0.0,0.0,0.0
1,1,0.0,1.0,0.0,0.0,0.0,0.0,0.0,0.0,0.0,0.0,0.0,0.0
1,1,0.0,1.0,0.0,0.0,0.0,0.0,0.0,0.0,0.0,0.0,0.0,0.0
1,1,0.0,1.0,0.0,0.0,0.0,0.0,0.0,0.0,0.0,0.0,0.0,0.0
1,1,0.0,1.0,0.0,0.0,0.0,0.0,0.0,0.0,0.0,0.0,0.0,0.0
1,1,0.0,1.0,0.0,0.0,0.0,0.0,0.0,0.0,0.0,0.0,0.0,0.0
1,1,0.0,1.0,0.0,0.0,0.0,0.0,0.0,0.0,0.0,0.0,0.0,0.0
1,1,0.0,1.0,0.0,0.0,0.0,0.0,0.0,0.0,0.0,0.0,0.0,0.0
1,1,0.0,1.0,0.0,0.0,0.0,0.0,0.0,0.0,0.0,0.0,0.0,0.0
1,1,0.0,1.0,0.0,0.0,0.0,0.0,0.0,0.0,0.0,0.0,0.0,0.0
1,1,0.0,1.0,0.0,0.0,0.0,0.0,0.0,0.0,0.0,0.0,0.0,0.0
1,1,0.0,1.0,0.0,0.0,0.0,0.0,0.0,0.0,0.0,0.0,0.0,0.0
1,1,0.0,1.0,0.0,0.0,0.0,0.0,0.0,0.0,0.0,0.0,0.0,0.0
1,1,0.0,1.0,0.0,0.0,0.0,0.0,0.0,0.0,0.0,0.0,0.0,0.0
1,1,0.0,1.0,0.0,0.0,0.0,0.0,0.0,0.0,0.0,0.0,0.0,0.0
1,1,0.0,1.0,0.0,0.0,0.0,0.0,0.0,0.0,0.0,0.0,0.0,0.0
1,1,0.0,1.0,0.0,0.0,0.0,0.0,0.0,0.0,0.0,0.0,0.0,0.0
1,1,0.0,1.0,0.0,0.0,0.0,0.0,0.0,0.0,0.0,0.0,0.0,0.0
1,1,0.0,1.0,0.0,0.0,0.0,0.0,0.0,0.0,0.0,0.0,0.0,0.0
1,1,0.0,1.0,0.0,0.0,0.0,0.0,0.0,0.0,0.0,0.0,0.0,0.0
1,1,0.0,1.0,0.0,0.0,0.0,0.0,0.0,0.0,0.0,0.0,0.0,0.0
1,1,0.0,1.0,0.0,0.0,0.0,0.0,0.0,0.0,0.0,0.0,0.0,0.0
1,1,0.0,1.0,0.0,0.0,0.0,0.0,0.0,0.0,0.0,0.0,0.0,0.0
1,1,0.0,1.0,0.0,0.0,0.0,0.0,0.0,0.0,0.0,0.0,0.0,0.0
1,1,0.0,1.0,0.0,0.0,0.0,0.0,0.0,0.0,0.0,0.0,0.0,0.0
1,1,0.0,1.0,0.0,0.0,0.0,0.0,0.0,0.0,0.0,0.0,0.0,0.0
1,1,0.0,1.0,0.0,0.0,0.0,0.0,0.0,0.0,0.0,0.0,0.0,0.0
1,1,0.0,1.0,0.0,0.0,0.0,0.0,0.0,0.0,0.0,0.0,0.0,0.0
1,1,0.0,1.0,0.0,0.0,0.0,0.0,0.0,0.0,0.0,0.0,0.0,0.0
1,1,0.0,1.0,0.0,0.0,0.0,0.0,0.0,0.0,0.0,0.0,0.0,0.0
1,1,0.0,1.0,0.0,0.0,0.0,0.0,0.0,0.0,0.0,0.0,0.0,0.0
1,1,0.0,1.0,0.0,0.0,0.0,0.0,0.0,0.0,0.0,0.0,0.0,0.0
1,1,0.0,1.0,0.0,0.0,0.0,0.0,0.0,0.0,0.0,0.0,0.0,0.0
1,1,0.0,1.0,0.0,0.0,0.0,0.0,0.0,0.0,0.0,0.0,0.0,0.0
1,1,0.0,1.0,0.0,0.0,0.0,0.0,0.0,0.0,0.0,0.0,0.0,0.0
1,1,0.0,1.0,0.0,0.0,0.0,0.0,0.0,0.0,0.0,0.0,0.0,0.0
1,1,0.0,1.0,0.0,0.0,0.0,0.0,0.0,0.0,0.0,0.0,0.0,0.0
1,1,0.0,1.0,0.0,0.0,0.0,0.0,0.0,0.0,0.0,0.0,0.0,0.0
1,1,0.0,1.0,0.0,0.0,0.0,0.0,0.0,0.0,0.0,0.0,0.0,0.0
1,1,0.0,1.0,0.0,0.0,0.0,0.0,0.0,0.0,0.0,0.0,0.0,0.0
1,1,0.0,1.0,0.0,0.0,0.0,0.0,0.0,0.0,0.0,0.0,0.0,0.0
1,1,0.0,1.0,0.0,0.0,0.0,0.0,0.0,0.0,0.0,0.0,0.0,0.0
1,1,0.0,1.0,0.0,0.0,0.0,0.0,0.0,0.0,0.0,0.0,0.0,0.0
1,1,0.0,1.0,0.0,0.0,0.0,0.0,0.0,0.0,0.0,0.0,0.0,0.0
1,1,0.0,1.0,0.0,0.0,0.0,0.0,0.0,0.0,0.0,0.0,0.0,0.0
1,1,0.0,1.0,0.0,0.0,0.0,0.0,0.0,0.0,0.0,0.0,0.0,0.0
1,1,0.0,1.0,0.0,0.0,0.0,0.0,0.0,0.0,0.0,0.0,0.0,0.0
1,1,0.0,1.0,0.0,0.0,0.0,0.0,0.0,0.0,0.0,0.0,0.0,0.0
1,1,0.0,1.0,0.0,0.0,0.0,0.0,0.0,0.0,0.0,0.0,0.0,0.0
1,1,0.0,1.0,0.0,0.0,0.0,0.0,0.0,0.0,0.0,0.0,0.0,0.0
1,1,0.0,1.0,0.0,0.0,0.0,0.0,0.0,0.0,0.0,0.0,0.0,0.0
1,1,0.0,1.0,0.0,0.0,0.0,0.0,0.0,0.0,0.0,0.0,0.0,0.0
1,1,0.0,1.0,0.0,0.0,0.0,0.0,0.0,0.0,0.0,0.0,0.0,0.0
1,1,0.0,1.0,0.0,0.0,0.0,0.0,0.0,0.0,0.0,0.0,0.0,0.0
1,1,0.0,1.0,0.0,0.0,0.0,0.0,0.0,0.0,0.0,0.0,0.0,0.0
1,1,0.0,1.0,0.0,0.0,0.0,0.0,0.0,0.0,0.0,0.0,0.0,0.0
1,1,0.0,1.0,0.0,0.0,0.0,0.0,0.0,0.0,0.0,0.0,0.0,0.0
1,1,0.0,1.0,0.0,0.0,0.0,0.0,0.0,0.0,0.0,0.0,0.0,0.0
1,1,0.0,1.0,0.0,0.0,0.0,0.0,0.0,0.0,0.0,0.0,0.0,0.0
1,1,0.0,1.0,0.0,0.0,0.0,0.0,0.0,0.0,0.0,0.0,0.0,0.0
1,1,0.0,1.0,0.0,0.0,0.0,0.0,0.0,0.0,0.0,0.0,0.0,0.0
1,1,0.0,1.0,0.0,0.0,0.0,0.0,0.0,0.0,0.0,0.0,0.0,0.0
1,1,0.0,1.0,0.0,0.0,0.0,0.0,0.0,0.0,0.0,0.0,0.0,0.0
1,1,0.0,1.0,0.0,0.0,0.0,0.0,0.0,0.0,0.0,0.0,0.0,0.0
1,1,0.0,1.0,0.0,0.0,0.0,0.0,0.0,0.0,0.0,0.0,0.0,0.0
1,1,0.0,1.0,0.0,0.0,0.0,0.0,0.0,0.0,0.0,0.0,0.0,0.0
1,1,0.0,1.0,0.0,0.0,0.0,0.0,0.0,0.0,0.0,0.0,0.0,0.0
1,1,0.0,1.0,0.0,0.0,0.0,0.0,0.0,0.0,0.0,0.0,0.0,0.0
1,1,0.0,1.0,0.0,0.0,0.0,0.0,0.0,0.0,0.0,0.0,0.0,0.0
1,1,0.0,1.0,0.0,0.0,0.0,0.0,0.0,0.0,0.0,0.0,0.0,0.0
1,1,0.0,1.0,0.0,0.0,0.0,0.0,0.0,0.0,0.0,0.0,0.0,0.0
1,1,0.0,1.0,0.0,0.0,0.0,0.0,0.0,0.0,0.0,0.0,0.0,0.0
1,1,0.0,1.0,0.0,0.0,0.0,0.0,0.0,0.0,0.0,0.0,0.0,0.0
1,1,0.0,1.0,0.0,0.0,0.0,0.0,0.0,0.0,0.0,0.0,0.0,0.0
1,1,0.0,1.0,0.0,0.0,0.0,0.0,0.0,0.0,0.0,0.0,0.0,0.0
1,1,0.0,1.0,0.0,0.0,0.0,0.0,0.0,0.0,0.0,0.0,0.0,0.0
1,1,0.0,1.0,0.0,0.0,0.0,0.0,0.0,0.0,0.0,0.0,0.0,0.0
1,1,0.0,1.0,0.0,0.0,0.0,0.0,0.0,0.0,0.0,0.0,0.0,0.0
1,1,0.0,1.0,0.0,0.0,0.0,0.0,0.0,0.0,0.0,0.0,0.0,0.0
1,1,0.0,1.0,0.0,0.0,0.0,0.0,0.0,0.0,0.0,0.0,0.0,0.0
1,1,0.0,1.0,0.0,0.0,0.0,0.0,0.0,0.0,0.0,0.0,0.0,0.0
1,1,0.0,1.0,0.0,0.0,0.0,0.0,0.0,0.0,0.0,0.0,0.0,0.0
1,1,0.0,1.0,0.0,0.0,0.0,0.0,0.0,0.0,0.0,0.0,0.0,0.0
1,1,0.0,1.0,0.0,0.0,0.0,0.0,0.0,0.0,0.0,0.0,0.0,0.0
1,1,0.0,1.0,0.0,0.0,0.0,0.0,0.0,0.0,0.0,0.0,0.0,0.0
1,1,0.0,1.0,0.0,0.0,0.0,0.0,0.0,0.0,0.0,0.0,0.0,0.0
1,1,0.0,1.0,0.0,0.0,0.0,0.0,0.0,0.0,0.0,0.0,0.0,0.0
1,1,0.0,1.0,0.0,0.0,0.0,0.0,0.0,0.0,0.0,0.0,0.0,0.0
1,1,0.0,1.0,0.0,0.0,0.0,0.0,0.0,0.0,0.0,0.0,0.0,0.0
1,1,0.0,1.0,0.0,0.0,0.0,0.0,0.0,0.0,0.0,0.0,0.0,0.0
1,1,0.0,1.0,0.0,0.0,0.0,0.0,0.0,0.0,0.0,0.0,0.0,0.0
1,1,0.0,1.0,0.0,0.0,0.0,0.0,0.0,0.0,0.0,0.0,0.0,0.0
1,1,0.0,1.0,0.0,0.0,0.0,0.0,0.0,0.0,0.0,0.0,0.0,0.0
1,1,0.0,1.0,0.0,0.0,0.0,0.0,0.0,0.0,0.0,0.0,0.0,0.0
1,1,0.0,1.0,0.0,0.0,0.0,0.0,0.0,0.0,0.0,0.0,0.0,0.0
1,1,0.0,1.0,0.0,0.0,0.0,0.0,0.0,0.0,0.0,0.0,0.0,0.0
1,1,0.0,1.0,0.0,0.0,0.0,0.0,0.0,0.0,0.0,0.0,0.0,0.0
1,1,0.0,1.0,0.0,0.0,0.0,0.0,0.0,0.0,0.0,0.0,0.0,0.0
1,1,0.0,1.0,0.0,0.0,0.0,0.0,0.0,0.0,0.0,0.0,0.0,0.0
1,1,0.0,1.0,0.0,0.0,0.0,0.0,0.0,0.0,0.0,0.0,0.0,0.0
1,1,0.0,1.0,0.0,0.0,0.0,0.0,0.0,0.0,0.0,0.0,0.0,0.0
1,1,0.0,1.0,0.0,0.0,0.0,0.0,0.0,0.0,0.0,0.0,0.0,0.0
1,1,0.0,1.0,0.0,0.0,0.0,0.0,0.0,0.0,0.0,0.0,0.0,0.0
1,1,0.0,1.0,0.0,0.0,0.0,0.0,0.0,0.0,0.0,0.0,0.0,0.0
1,1,0.0,1.0,0.0,0.0,0.0,0.0,0.0,0.0,0.0,0.0,0.0,0.0
1,1,0.0,1.0,0.0,0.0,0.0,0.0,0.0,0.0,0.0,0.0,0.0,0.0
1,1,0.0,1.0,0.0,0.0,0.0,0.0,0.0,0.0,0.0,0.0,0.0,0.0
1,1,0.0,1.0,0.0,0.0,0.0,0.0,0.0,0.0,0.0,0.0,0.0,0.0
1,1,0.0,1.0,0.0,0.0,0.0,0.0,0.0,0.0,0.0,0.0,0.0,0.0
1,1,0.0,1.0,0.0,0.0,0.0,0.0,0.0,0.0,0.0,0.0,0.0,0.0
1,1,0.0,1.0,0.0,0.0,0.0,0.0,0.0,0.0,0.0,0.0,0.0,0.0
1,1,0.0,1.0,0.0,0.0,0.0,0.0,0.0,0.0,0.0,0.0,0.0,0.0
1,1,0.0,1.0,0.0,0.0,0.0,0.0,0.0,0.0,0.0,0.0,0.0,0.0
1,1,0.0,1.0,0.0,0.0,0.0,0.0,0.0,0.0,0.0,0.0,0.0,0.0
1,1,0.0,1.0,0.0,0.0,0.0,0.0,0.0,0.0,0.0,0.0,0.0,0.0
1,1,0.0,1.0,0.0,0.0,0.0,0.0,0.0,0.0,0.0,0.0,0.0,0.0
1,1,0.0,1.0,0.0,0.0,0.0,0.0,0.0,0.0,0.0,0.0,0.0,0.0
1,1,0.0,1.0,0.0,0.0,0.0,0.0,0.0,0.0,0.0,0.0,0.0,0.0
1,1,0.0,1.0,0.0,0.0,0.0,0.0,0.0,0.0,0.0,0.0,0.0,0.0
1,1,0.0,1.0,0.0,0.0,0.0,0.0,0.0,0.0,0.0,0.0,0.0,0.0
1,1,0.0,1.0,0.0,0.0,0.0,0.0,0.0,0.0,0.0,0.0,0.0,0.0
1,1,0.0,1.0,0.0,0.0,0.0,0.0,0.0,0.0,0.0,0.0,0.0,0.0
1,1,0.0,1.0,0.0,0.0,0.0,0.0,0.0,0.0,0.0,0.0,0.0,0.0
1,1,0.0,1.0,0.0,0.0,0.0,0.0,0.0,0.0,0.0,0.0,0.0,0.0
1,1,0.0,1.0,0.0,0.0,0.0,0.0,0.0,0.0,0.0,0.0,0.0,0.0
1,1,0.0,1.0,0.0,0.0,0.0,0.0,0.0,0.0,0.0,0.0,0.0,0.0
1,1,0.0,1.0,0.0,0.0,0.0,0.0,0.0,0.0,0.0,0.0,0.0,0.0
1,1,0.0,1.0,0.0,0.0,0.0,0.0,0.0,0.0,0.0,0.0,0.0,0.0
1,1,0.0,1.0,0.0,0.0,0.0,0.0,0.0,0.0,0.0,0.0,0.0,0.0
1,1,0.0,1.0,0.0,0.0,0.0,0.0,0.0,0.0,0.0,0.0,0.0,0.0
1,1,0.0,1.0,0.0,0.0,0.0,0.0,0.0,0.0,0.0,0.0,0.0,0.0
1,1,0.0,1.0,0.0,0.0,0.0,0.0,0.0,0.0,0.0,0.0,0.0,0.0
1,1,0.0,1.0,0.0,0.0,0.0,0.0,0.0,0.0,0.0,0.0,0.0,0.0
1,1,0.0,1.0,0.0,0.0,0.0,0.0,0.0,0.0,0.0,0.0,0.0,0.0
1,1,0.0,1.0,0.0,0.0,0.0,0.0,0.0,0.0,0.0,0.0,0.0,0.0
1,1,0.0,1.0,0.0,0.0,0.0,0.0,0.0,0.0,0.0,0.0,0.0,0.0
1,1,0.0,1.0,0.0,0.0,0.0,0.0,0.0,0.0,0.0,0.0,0.0,0.0
1,1,0.0,1.0,0.0,0.0,0.0,0.0,0.0,0.0,0.0,0.0,0.0,0.0
1,1,0.0,1.0,0.0,0.0,0.0,0.0,0.0,0.0,0.0,0.0,0.0,0.0
1,1,0.0,1.0,0.0,0.0,0.0,0.0,0.0,0.0,0.0,0.0,0.0,0.0
1,1,0.0,1.0,0.0,0.0,0.0,0.0,0.0,0.0,0.0,0.0,0.0,0.0
1,1,0.0,1.0,0.0,0.0,0.0,0.0,0.0,0.0,0.0,0.0,0.0,0.0
1,1,0.0,1.0,0.0,0.0,0.0,0.0,0.0,0.0,0.0,0.0,0.0,0.0
1,1,0.0,1.0,0.0,0.0,0.0,0.0,0.0,0.0,0.0,0.0,0.0,0.0
1,1,0.0,1.0,0.0,0.0,0.0,0.0,0.0,0.0,0.0,0.0,0.0,0.0
1,1,0.0,1.0,0.0,0.0,0.0,0.0,0.0,0.0,0.0,0.0,0.0,0.0
1,1,0.0,1.0,0.0,0.0,0.0,0.0,0.0,0.0,0.0,0.0,0.0,0.0
1,1,0.0,1.0,0.0,0.0,0.0,0.0,0.0,0.0,0.0,0.0,0.0,0.0
1,1,0.0,1.0,0.0,0.0,0.0,0.0,0.0,0.0,0.0,0.0,0.0,0.0
1,1,0.0,1.0,0.0,0.0,0.0,0.0,0.0,0.0,0.0,0.0,0.0,0.0
1,1,0.0,1.0,0.0,0.0,0.0,0.0,0.0,0.0,0.0,0.0,0.0,0.0
1,1,0.0,1.0,0.0,0.0,0.0,0.0,0.0,0.0,0.0,0.0,0.0,0.0
1,1,0.0,1.0,0.0,0.0,0.0,0.0,0.0,0.0,0.0,0.0,0.0,0.0
1,1,0.0,1.0,0.0,0.0,0.0,0.0,0.0,0.0,0.0,0.0,0.0,0.0
1,1,0.0,1.0,0.0,0.0,0.0,0.0,0.0,0.0,0.0,0.0,0.0,0.0
1,1,0.0,1.0,0.0,0.0,0.0,0.0,0.0,0.0,0.0,0.0,0.0,0.0
1,1,0.0,1.0,0.0,0.0,0.0,0.0,0.0,0.0,0.0,0.0,0.0,0.0
1,1,0.0,1.0,0.0,0.0,0.0,0.0,0.0,0.0,0.0,0.0,0.0,0.0
1,1,0.0,1.0,0.0,0.0,0.0,0.0,0.0,0.0,0.0,0.0,0.0,0.0
1,1,0.0,1.0,0.0,0.0,0.0,0.0,0.0,0.0,0.0,0.0,0.0,0.0
1,1,0.0,1.0,0.0,0.0,0.0,0.0,0.0,0.0,0.0,0.0,0.0,0.0
1,1,0.0,1.0,0.0,0.0,0.0,0.0,0.0,0.0,0.0,0.0,0.0,0.0
1,1,0.0,1.0,0.0,0.0,0.0,0.0,0.0,0.0,0.0,0.0,0.0,0.0
1,1,0.0,1.0,0.0,0.0,0.0,0.0,0.0,0.0,0.0,0.0,0.0,0.0
1,1,0.0,1.0,0.0,0.0,0.0,0.0,0.0,0.0,0.0,0.0,0.0,0.0
1,1,0.0,1.0,0.0,0.0,0.0,0.0,0.0,0.0,0.0,0.0,0.0,0.0
1,1,0.0,1.0,0.0,0.0,0.0,0.0,0.0,0.0,0.0,0.0,0.0,0.0
1,1,0.0,1.0,0.0,0.0,0.0,0.0,0.0,0.0,0.0,0.0,0.0,0.0
1,1,0.0,1.0,0.0,0.0,0.0,0.0,0.0,0.0,0.0,0.0,0.0,0.0
1,1,0.0,1.0,0.0,0.0,0.0,0.0,0.0,0.0,0.0,0.0,0.0,0.0
1,1,0.0,1.0,0.0,0.0,0.0,0.0,0.0,0.0,0.0,0.0,0.0,0.0
1,1,0.0,1.0,0.0,0.0,0.0,0.0,0.0,0.0,0.0,0.0,0.0,0.0
1,1,0.0,1.0,0.0,0.0,0.0,0.0,0.0,0.0,0.0,0.0,0.0,0.0
1,1,0.0,1.0,0.0,0.0,0.0,0.0,0.0,0.0,0.0,0.0,0.0,0.0
1,1,0.0,1.0,0.0,0.0,0.0,0.0,0.0,0.0,0.0,0.0,0.0,0.0
1,1,0.0,1.0,0.0,0.0,0.0,0.0,0.0,0.0,0.0,0.0,0.0,0.0
1,1,0.0,1.0,0.0,0.0,0.0,0.0,0.0,0.0,0.0,0.0,0.0,0.0
1,1,0.0,1.0,0.0,0.0,0.0,0.0,0.0,0.0,0.0,0.0,0.0,0.0
1,1,0.0,1.0,0.0,0.0,0.0,0.0,0.0,0.0,0.0,0.0,0.0,0.0
1,1,0.0,1.0,0.0,0.0,0.0,0.0,0.0,0.0,0.0,0.0,0.0,0.0
1,1,0.0,1.0,0.0,0.0,0.0,0.0,0.0,0.0,0.0,0.0,0.0,0.0
1,1,0.0,1.0,0.0,0.0,0.0,0.0,0.0,0.0,0.0,0.0,0.0,0.0
1,1,0.0,1.0,0.0,0.0,0.0,0.0,0.0,0.0,0.0,0.0,0.0,0.0
1,1,0.0,1.0,0.0,0.0,0.0,0.0,0.0,0.0,0.0,0.0,0.0,0.0
1,1,0.0,1.0,0.0,0.0,0.0,0.0,0.0,0.0,0.0,0.0,0.0,0.0
1,1,0.0,1.0,0.0,0.0,0.0,0.0,0.0,0.0,0.0,0.0,0.0,0.0
1,1,0.0,1.0,0.0,0.0,0.0,0.0,0.0,0.0,0.0,0.0,0.0,0.0
1,1,0.0,1.0,0.0,0.0,0.0,0.0,0.0,0.0,0.0,0.0,0.0,0.0
1,1,0.0,1.0,0.0,0.0,0.0,0.0,0.0,0.0,0.0,0.0,0.0,0.0
1,1,0.0,1.0,0.0,0.0,0.0,0.0,0.0,0.0,0.0,0.0,0.0,0.0
1,1,0.0,1.0,0.0,0.0,0.0,0.0,0.0,0.0,0.0,0.0,0.0,0.0
1,1,0.0,1.0,0.0,0.0,0.0,0.0,0.0,0.0,0.0,0.0,0.0,0.0
1,1,0.0,1.0,0.0,0.0,0.0,0.0,0.0,0.0,0.0,0.0,0.0,0.0
1,1,0.0,1.0,0.0,0.0,0.0,0.0,0.0,0.0,0.0,0.0,0.0,0.0
1,1,0.0,1.0,0.0,0.0,0.0,0.0,0.0,0.0,0.0,0.0,0.0,0.0
1,1,0.0,1.0,0.0,0.0,0.0,0.0,0.0,0.0,0.0,0.0,0.0,0.0
1,1,0.0,1.0,0.0,0.0,0.0,0.0,0.0,0.0,0.0,0.0,0.0,0.0
1,1,0.0,1.0,0.0,0.0,0.0,0.0,0.0,0.0,0.0,0.0,0.0,0.0
1,1,0.0,1.0,0.0,0.0,0.0,0.0,0.0,0.0,0.0,0.0,0.0,0.0
1,1,0.0,1.0,0.0,0.0,0.0,0.0,0.0,0.0,0.0,0.0,0.0,0.0
1,1,0.0,1.0,0.0,0.0,0.0,0.0,0.0,0.0,0.0,0.0,0.0,0.0
1,1,0.0,1.0,0.0,0.0,0.0,0.0,0.0,0.0,0.0,0.0,0.0,0.0
1,1,0.0,1.0,0.0,0.0,0.0,0.0,0.0,0.0,0.0,0.0,0.0,0.0
1,1,0.0,1.0,0.0,0.0,0.0,0.0,0.0,0.0,0.0,0.0,0.0,0.0
1,1,0.0,1.0,0.0,0.0,0.0,0.0,0.0,0.0,0.0,0.0,0.0,0.0
1,1,0.0,1.0,0.0,0.0,0.0,0.0,0.0,0.0,0.0,0.0,0.0,0.0
1,1,0.0,1.0,0.0,0.0,0.0,0.0,0.0,0.0,0.0,0.0,0.0,0.0
1,1,0.0,1.0,0.0,0.0,0.0,0.0,0.0,0.0,0.0,0.0,0.0,0.0
1,1,0.0,1.0,0.0,0.0,0.0,0.0,0.0,0.0,0.0,0.0,0.0,0.0
1,1,0.0,1.0,0.0,0.0,0.0,0.0,0.0,0.0,0.0,0.0,0.0,0.0
1,1,0.0,1.0,0.0,0.0,0.0,0.0,0.0,0.0,0.0,0.0,0.0,0.0
1,1,0.0,1.0,0.0,0.0,0.0,0.0,0.0,0.0,0.0,0.0,0.0,0.0
1,1,0.0,1.0,0.0,0.0,0.0,0.0,0.0,0.0,0.0,0.0,0.0,0.0
1,1,0.0,1.0,0.0,0.0,0.0,0.0,0.0,0.0,0.0,0.0,0.0,0.0
1,1,0.0,1.0,0.0,0.0,0.0,0.0,0.0,0.0,0.0,0.0,0.0,0.0
1,1,0.0,1.0,0.0,0.0,0.0,0.0,0.0,0.0,0.0,0.0,0.0,0.0
1,1,0.0,1.0,0.0,0.0,0.0,0.0,0.0,0.0,0.0,0.0,0.0,0.0
1,1,0.0,1.0,0.0,0.0,0.0,0.0,0.0,0.0,0.0,0.0,0.0,0.0
1,1,0.0,1.0,0.0,0.0,0.0,0.0,0.0,0.0,0.0,0.0,0.0,0.0
1,1,0.0,1.0,0.0,0.0,0.0,0.0,0.0,0.0,0.0,0.0,0.0,0.0
1,1,0.0,1.0,0.0,0.0,0.0,0.0,0.0,0.0,0.0,0.0,0.0,0.0
1,1,0.0,1.0,0.0,0.0,0.0,0.0,0.0,0.0,0.0,0.0,0.0,0.0
1,1,0.0,1.0,0.0,0.0,0.0,0.0,0.0,0.0,0.0,0.0,0.0,0.0
1,1,0.0,1.0,0.0,0.0,0.0,0.0,0.0,0.0,0.0,0.0,0.0,0.0
1,1,0.0,1.0,0.0,0.0,0.0,0.0,0.0,0.0,0.0,0.0,0.0,0.0
1,1,0.0,1.0,0.0,0.0,0.0,0.0,0.0,0.0,0.0,0.0,0.0,0.0
1,1,0.0,1.0,0.0,0.0,0.0,0.0,0.0,0.0,0.0,0.0,0.0,0.0
1,1,0.0,1.0,0.0,0.0,0.0,0.0,0.0,0.0,0.0,0.0,0.0,0.0
1,1,0.0,1.0,0.0,0.0,0.0,0.0,0.0,0.0,0.0,0.0,0.0,0.0
1,1,0.0,1.0,0.0,0.0,0.0,0.0,0.0,0.0,0.0,0.0,0.0,0.0
1,1,0.0,1.0,0.0,0.0,0.0,0.0,0.0,0.0,0.0,0.0,0.0,0.0
1,1,0.0,1.0,0.0,0.0,0.0,0.0,0.0,0.0,0.0,0.0,0.0,0.0
1,1,0.0,1.0,0.0,0.0,0.0,0.0,0.0,0.0,0.0,0.0,0.0,0.0
1,1,0.0,1.0,0.0,0.0,0.0,0.0,0.0,0.0,0.0,0.0,0.0,0.0
1,1,0.0,1.0,0.0,0.0,0.0,0.0,0.0,0.0,0.0,0.0,0.0,0.0
1,1,0.0,1.0,0.0,0.0,0.0,0.0,0.0,0.0,0.0,0.0,0.0,0.0
1,1,0.0,1.0,0.0,0.0,0.0,0.0,0.0,0.0,0.0,0.0,0.0,0.0
1,1,0.0,1.0,0.0,0.0,0.0,0.0,0.0,0.0,0.0,0.0,0.0,0.0
1,1,0.0,1.0,0.0,0.0,0.0,0.0,0.0,0.0,0.0,0.0,0.0,0.0
1,1,0.0,1.0,0.0,0.0,0.0,0.0,0.0,0.0,0.0,0.0,0.0,0.0
1,1,0.0,1.0,0.0,0.0,0.0,0.0,0.0,0.0,0.0,0.0,0.0,0.0
1,1,0.0,1.0,0.0,0.0,0.0,0.0,0.0,0.0,0.0,0.0,0.0,0.0
1,1,0.0,1.0,0.0,0.0,0.0,0.0,0.0,0.0,0.0,0.0,0.0,0.0
1,1,0.0,1.0,0.0,0.0,0.0,0.0,0.0,0.0,0.0,0.0,0.0,0.0
1,1,0.0,1.0,0.0,0.0,0.0,0.0,0.0,0.0,0.0,0.0,0.0,0.0
1,1,0.0,1.0,0.0,0.0,0.0,0.0,0.0,0.0,0.0,0.0,0.0,0.0
1,1,0.0,1.0,0.0,0.0,0.0,0.0,0.0,0.0,0.0,0.0,0.0,0.0
1,1,0.0,1.0,0.0,0.0,0.0,0.0,0.0,0.0,0.0,0.0,0.0,0.0
1,1,0.0,1.0,0.0,0.0,0.0,0.0,0.0,0.0,0.0,0.0,0.0,0.0
1,1,0.0,1.0,0.0,0.0,0.0,0.0,0.0,0.0,0.0,0.0,0.0,0.0
1,1,0.0,1.0,0.0,0.0,0.0,0.0,0.0,0.0,0.0,0.0,0.0,0.0
1,1,0.0,1.0,0.0,0.0,0.0,0.0,0.0,0.0,0.0,0.0,0.0,0.0
1,1,0.0,1.0,0.0,0.0,0.0,0.0,0.0,0.0,0.0,0.0,0.0,0.0
1,1,0.0,1.0,0.0,0.0,0.0,0.0,0.0,0.0,0.0,0.0,0.0,0.0
1,1,0.0,1.0,0.0,0.0,0.0,0.0,0.0,0.0,0.0,0.0,0.0,0.0
1,1,0.0,1.0,0.0,0.0,0.0,0.0,0.0,0.0,0.0,0.0,0.0,0.0
1,1,0.0,1.0,0.0,0.0,0.0,0.0,0.0,0.0,0.0,0.0,0.0,0.0
1,1,0.0,1.0,0.0,0.0,0.0,0.0,0.0,0.0,0.0,0.0,0.0,0.0
1,1,0.0,1.0,0.0,0.0,0.0,0.0,0.0,0.0,0.0,0.0,0.0,0.0
1,1,0.0,1.0,0.0,0.0,0.0,0.0,0.0,0.0,0.0,0.0,0.0,0.0
1,1,0.0,1.0,0.0,0.0,0.0,0.0,0.0,0.0,0.0,0.0,0.0,0.0
1,1,0.0,1.0,0.0,0.0,0.0,0.0,0.0,0.0,0.0,0.0,0.0,0.0
1,1,0.0,1.0,0.0,0.0,0.0,0.0,0.0,0.0,0.0,0.0,0.0,0.0
1,1,0.0,1.0,0.0,0.0,0.0,0.0,0.0,0.0,0.0,0.0,0.0,0.0
1,1,0.0,1.0,0.0,0.0,0.0,0.0,0.0,0.0,0.0,0.0,0.0,0.0
1,1,0.0,1.0,0.0,0.0,0.0,0.0,0.0,0.0,0.0,0.0,0.0,0.0
1,1,0.0,1.0,0.0,0.0,0.0,0.0,0.0,0.0,0.0,0.0,0.0,0.0
1,1,0.0,1.0,0.0,0.0,0.0,0.0,0.0,0.0,0.0,0.0,0.0,0.0
1,1,0.0,1.0,0.0,0.0,0.0,0.0,0.0,0.0,0.0,0.0,0.0,0.0
1,1,0.0,1.0,0.0,0.0,0.0,0.0,0.0,0.0,0.0,0.0,0.0,0.0
1,1,0.0,1.0,0.0,0.0,0.0,0.0,0.0,0.0,0.0,0.0,0.0,0.0
1,1,0.0,1.0,0.0,0.0,0.0,0.0,0.0,0.0,0.0,0.0,0.0,0.0
1,1,0.0,1.0,0.0,0.0,0.0,0.0,0.0,0.0,0.0,0.0,0.0,0.0
1,1,0.0,1.0,0.0,0.0,0.0,0.0,0.0,0.0,0.0,0.0,0.0,0.0
1,1,0.0,1.0,0.0,0.0,0.0,0.0,0.0,0.0,0.0,0.0,0.0,0.0
1,1,0.0,1.0,0.0,0.0,0.0,0.0,0.0,0.0,0.0,0.0,0.0,0.0
1,1,0.0,1.0,0.0,0.0,0.0,0.0,0.0,0.0,0.0,0.0,0.0,0.0
1,1,0.0,1.0,0.0,0.0,0.0,0.0,0.0,0.0,0.0,0.0,0.0,0.0
1,1,0.0,1.0,0.0,0.0,0.0,0.0,0.0,0.0,0.0,0.0,0.0,0.0
1,1,0.0,1.0,0.0,0.0,0.0,0.0,0.0,0.0,0.0,0.0,0.0,0.0
1,1,0.0,1.0,0.0,0.0,0.0,0.0,0.0,0.0,0.0,0.0,0.0,0.0
1,1,0.0,1.0,0.0,0.0,0.0,0.0,0.0,0.0,0.0,0.0,0.0,0.0
1,1,0.0,1.0,0.0,0.0,0.0,0.0,0.0,0.0,0.0,0.0,0.0,0.0
1,1,0.0,1.0,0.0,0.0,0.0,0.0,0.0,0.0,0.0,0.0,0.0,0.0
1,1,0.0,1.0,0.0,0.0,0.0,0.0,0.0,0.0,0.0,0.0,0.0,0.0
1,1,0.0,1.0,0.0,0.0,0.0,0.0,0.0,0.0,0.0,0.0,0.0,0.0
1,1,0.0,1.0,0.0,0.0,0.0,0.0,0.0,0.0,0.0,0.0,0.0,0.0
1,1,0.0,1.0,0.0,0.0,0.0,0.0,0.0,0.0,0.0,0.0,0.0,0.0
1,1,0.0,1.0,0.0,0.0,0.0,0.0,0.0,0.0,0.0,0.0,0.0,0.0
1,1,0.0,1.0,0.0,0.0,0.0,0.0,0.0,0.0,0.0,0.0,0.0,0.0
1,1,0.0,1.0,0.0,0.0,0.0,0.0,0.0,0.0,0.0,0.0,0.0,0.0
1,1,0.0,1.0,0.0,0.0,0.0,0.0,0.0,0.0,0.0,0.0,0.0,0.0
1,1,0.0,1.0,0.0,0.0,0.0,0.0,0.0,0.0,0.0,0.0,0.0,0.0
1,1,0.0,1.0,0.0,0.0,0.0,0.0,0.0,0.0,0.0,0.0,0.0,0.0
1,1,0.0,1.0,0.0,0.0,0.0,0.0,0.0,0.0,0.0,0.0,0.0,0.0
1,1,0.0,1.0,0.0,0.0,0.0,0.0,0.0,0.0,0.0,0.0,0.0,0.0
1,1,0.0,1.0,0.0,0.0,0.0,0.0,0.0,0.0,0.0,0.0,0.0,0.0
1,1,0.0,1.0,0.0,0.0,0.0,0.0,0.0,0.0,0.0,0.0,0.0,0.0
1,1,0.0,1.0,0.0,0.0,0.0,0.0,0.0,0.0,0.0,0.0,0.0,0.0
1,1,0.0,1.0,0.0,0.0,0.0,0.0,0.0,0.0,0.0,0.0,0.0,0.0
1,1,0.0,1.0,0.0,0.0,0.0,0.0,0.0,0.0,0.0,0.0,0.0,0.0
1,1,0.0,1.0,0.0,0.0,0.0,0.0,0.0,0.0,0.0,0.0,0.0,0.0
1,1,0.0,1.0,0.0,0.0,0.0,0.0,0.0,0.0,0.0,0.0,0.0,0.0
1,1,0.0,1.0,0.0,0.0,0.0,0.0,0.0,0.0,0.0,0.0,0.0,0.0
1,1,0.0,1.0,0.0,0.0,0.0,0.0,0.0,0.0,0.0,0.0,0.0,0.0
1,1,0.0,1.0,0.0,0.0,0.0,0.0,0.0,0.0,0.0,0.0,0.0,0.0
1,1,0.0,1.0,0.0,0.0,0.0,0.0,0.0,0.0,0.0,0.0,0.0,0.0
1,1,0.0,1.0,0.0,0.0,0.0,0.0,0.0,0.0,0.0,0.0,0.0,0.0
1,1,0.0,1.0,0.0,0.0,0.0,0.0,0.0,0.0,0.0,0.0,0.0,0.0
1,1,0.0,1.0,0.0,0.0,0.0,0.0,0.0,0.0,0.0,0.0,0.0,0.0
1,1,0.0,1.0,0.0,0.0,0.0,0.0,0.0,0.0,0.0,0.0,0.0,0.0
1,1,0.0,1.0,0.0,0.0,0.0,0.0,0.0,0.0,0.0,0.0,0.0,0.0
1,1,0.0,1.0,0.0,0.0,0.0,0.0,0.0,0.0,0.0,0.0,0.0,0.0
1,1,0.0,1.0,0.0,0.0,0.0,0.0,0.0,0.0,0.0,0.0,0.0,0.0
1,1,0.0,1.0,0.0,0.0,0.0,0.0,0.0,0.0,0.0,0.0,0.0,0.0
1,1,0.0,1.0,0.0,0.0,0.0,0.0,0.0,0.0,0.0,0.0,0.0,0.0
1,1,0.0,1.0,0.0,0.0,0.0,0.0,0.0,0.0,0.0,0.0,0.0,0.0
1,1,0.0,1.0,0.0,0.0,0.0,0.0,0.0,0.0,0.0,0.0,0.0,0.0
1,1,0.0,1.0,0.0,0.0,0.0,0.0,0.0,0.0,0.0,0.0,0.0,0.0
1,1,0.0,1.0,0.0,0.0,0.0,0.0,0.0,0.0,0.0,0.0,0.0,0.0
1,1,0.0,1.0,0.0,0.0,0.0,0.0,0.0,0.0,0.0,0.0,0.0,0.0
1,1,0.0,1.0,0.0,0.0,0.0,0.0,0.0,0.0,0.0,0.0,0.0,0.0
1,1,0.0,1.0,0.0,0.0,0.0,0.0,0.0,0.0,0.0,0.0,0.0,0.0
1,1,0.0,1.0,0.0,0.0,0.0,0.0,0.0,0.0,0.0,0.0,0.0,0.0
1,1,0.0,1.0,0.0,0.0,0.0,0.0,0.0,0.0,0.0,0.0,0.0,0.0
1,1,0.0,1.0,0.0,0.0,0.0,0.0,0.0,0.0,0.0,0.0,0.0,0.0
1,1,0.0,1.0,0.0,0.0,0.0,0.0,0.0,0.0,0.0,0.0,0.0,0.0
1,1,0.0,1.0,0.0,0.0,0.0,0.0,0.0,0.0,0.0,0.0,0.0,0.0
1,1,0.0,1.0,0.0,0.0,0.0,0.0,0.0,0.0,0.0,0.0,0.0,0.0
1,1,0.0,1.0,0.0,0.0,0.0,0.0,0.0,0.0,0.0,0.0,0.0,0.0
1,1,0.0,1.0,0.0,0.0,0.0,0.0,0.0,0.0,0.0,0.0,0.0,0.0
1,1,0.0,1.0,0.0,0.0,0.0,0.0,0.0,0.0,0.0,0.0,0.0,0.0
1,1,0.0,1.0,0.0,0.0,0.0,0.0,0.0,0.0,0.0,0.0,0.0,0.0
1,1,0.0,1.0,0.0,0.0,0.0,0.0,0.0,0.0,0.0,0.0,0.0,0.0
1,1,0.0,1.0,0.0,0.0,0.0,0.0,0.0,0.0,0.0,0.0,0.0,0.0
1,1,0.0,1.0,0.0,0.0,0.0,0.0,0.0,0.0,0.0,0.0,0.0,0.0
1,1,0.0,1.0,0.0,0.0,0.0,0.0,0.0,0.0,0.0,0.0,0.0,0.0
1,1,0.0,1.0,0.0,0.0,0.0,0.0,0.0,0.0,0.0,0.0,0.0,0.0
1,1,0.0,1.0,0.0,0.0,0.0,0.0,0.0,0.0,0.0,0.0,0.0,0.0
1,1,0.0,1.0,0.0,0.0,0.0,0.0,0.0,0.0,0.0,0.0,0.0,0.0
1,1,0.0,1.0,0.0,0.0,0.0,0.0,0.0,0.0,0.0,0.0,0.0,0.0
1,1,0.0,1.0,0.0,0.0,0.0,0.0,0.0,0.0,0.0,0.0,0.0,0.0
1,1,0.0,1.0,0.0,0.0,0.0,0.0,0.0,0.0,0.0,0.0,0.0,0.0
1,1,0.0,1.0,0.0,0.0,0.0,0.0,0.0,0.0,0.0,0.0,0.0,0.0
1,1,0.0,1.0,0.0,0.0,0.0,0.0,0.0,0.0,0.0,0.0,0.0,0.0
1,1,0.0,1.0,0.0,0.0,0.0,0.0,0.0,0.0,0.0,0.0,0.0,0.0
1,1,0.0,1.0,0.0,0.0,0.0,0.0,0.0,0.0,0.0,0.0,0.0,0.0
1,1,0.0,1.0,0.0,0.0,0.0,0.0,0.0,0.0,0.0,0.0,0.0,0.0
1,1,0.0,1.0,0.0,0.0,0.0,0.0,0.0,0.0,0.0,0.0,0.0,0.0
1,1,0.0,1.0,0.0,0.0,0.0,0.0,0.0,0.0,0.0,0.0,0.0,0.0
1,1,0.0,1.0,0.0,0.0,0.0,0.0,0.0,0.0,0.0,0.0,0.0,0.0
1,1,0.0,1.0,0.0,0.0,0.0,0.0,0.0,0.0,0.0,0.0,0.0,0.0
1,1,0.0,1.0,0.0,0.0,0.0,0.0,0.0,0.0,0.0,0.0,0.0,0.0
1,1,0.0,1.0,0.0,0.0,0.0,0.0,0.0,0.0,0.0,0.0,0.0,0.0
1,1,0.0,1.0,0.0,0.0,0.0,0.0,0.0,0.0,0.0,0.0,0.0,0.0
1,1,0.0,1.0,0.0,0.0,0.0,0.0,0.0,0.0,0.0,0.0,0.0,0.0
1,1,0.0,1.0,0.0,0.0,0.0,0.0,0.0,0.0,0.0,0.0,0.0,0.0
1,1,0.0,1.0,0.0,0.0,0.0,0.0,0.0,0.0,0.0,0.0,0.0,0.0
1,1,0.0,1.0,0.0,0.0,0.0,0.0,0.0,0.0,0.0,0.0,0.0,0.0
1,1,0.0,1.0,0.0,0.0,0.0,0.0,0.0,0.0,0.0,0.0,0.0,0.0
1,1,0.0,1.0,0.0,0.0,0.0,0.0,0.0,0.0,0.0,0.0,0.0,0.0
1,1,0.0,1.0,0.0,0.0,0.0,0.0,0.0,0.0,0.0,0.0,0.0,0.0
1,1,0.0,1.0,0.0,0.0,0.0,0.0,0.0,0.0,0.0,0.0,0.0,0.0
1,1,0.0,1.0,0.0,0.0,0.0,0.0,0.0,0.0,0.0,0.0,0.0,0.0
1,1,0.0,1.0,0.0,0.0,0.0,0.0,0.0,0.0,0.0,0.0,0.0,0.0
1,1,0.0,1.0,0.0,0.0,0.0,0.0,0.0,0.0,0.0,0.0,0.0,0.0
1,1,0.0,1.0,0.0,0.0,0.0,0.0,0.0,0.0,0.0,0.0,0.0,0.0
1,1,0.0,1.0,0.0,0.0,0.0,0.0,0.0,0.0,0.0,0.0,0.0,0.0
1,1,0.0,1.0,0.0,0.0,0.0,0.0,0.0,0.0,0.0,0.0,0.0,0.0
1,1,0.0,1.0,0.0,0.0,0.0,0.0,0.0,0.0,0.0,0.0,0.0,0.0
1,1,0.0,1.0,0.0,0.0,0.0,0.0,0.0,0.0,0.0,0.0,0.0,0.0
1,1,0.0,1.0,0.0,0.0,0.0,0.0,0.0,0.0,0.0,0.0,0.0,0.0
1,1,0.0,1.0,0.0,0.0,0.0,0.0,0.0,0.0,0.0,0.0,0.0,0.0
1,1,0.0,1.0,0.0,0.0,0.0,0.0,0.0,0.0,0.0,0.0,0.0,0.0
1,1,0.0,1.0,0.0,0.0,0.0,0.0,0.0,0.0,0.0,0.0,0.0,0.0
1,1,0.0,1.0,0.0,0.0,0.0,0.0,0.0,0.0,0.0,0.0,0.0,0.0
1,1,0.0,1.0,0.0,0.0,0.0,0.0,0.0,0.0,0.0,0.0,0.0,0.0
1,1,0.0,1.0,0.0,0.0,0.0,0.0,0.0,0.0,0.0,0.0,0.0,0.0
1,1,0.0,1.0,0.0,0.0,0.0,0.0,0.0,0.0,0.0,0.0,0.0,0.0
1,1,0.0,1.0,0.0,0.0,0.0,0.0,0.0,0.0,0.0,0.0,0.0,0.0
1,1,0.0,1.0,0.0,0.0,0.0,0.0,0.0,0.0,0.0,0.0,0.0,0.0
1,1,0.0,1.0,0.0,0.0,0.0,0.0,0.0,0.0,0.0,0.0,0.0,0.0
1,1,0.0,1.0,0.0,0.0,0.0,0.0,0.0,0.0,0.0,0.0,0.0,0.0
1,1,0.0,1.0,0.0,0.0,0.0,0.0,0.0,0.0,0.0,0.0,0.0,0.0
1,1,0.0,1.0,0.0,0.0,0.0,0.0,0.0,0.0,0.0,0.0,0.0,0.0
1,1,0.0,1.0,0.0,0.0,0.0,0.0,0.0,0.0,0.0,0.0,0.0,0.0
1,1,0.0,1.0,0.0,0.0,0.0,0.0,0.0,0.0,0.0,0.0,0.0,0.0
1,1,0.0,1.0,0.0,0.0,0.0,0.0,0.0,0.0,0.0,0.0,0.0,0.0
1,1,0.0,1.0,0.0,0.0,0.0,0.0,0.0,0.0,0.0,0.0,0.0,0.0
1,1,0.0,1.0,0.0,0.0,0.0,0.0,0.0,0.0,0.0,0.0,0.0,0.0
1,1,0.0,1.0,0.0,0.0,0.0,0.0,0.0,0.0,0.0,0.0,0.0,0.0
1,1,0.0,1.0,0.0,0.0,0.0,0.0,0.0,0.0,0.0,0.0,0.0,0.0
1,1,0.0,1.0,0.0,0.0,0.0,0.0,0.0,0.0,0.0,0.0,0.0,0.0
1,1,0.0,1.0,0.0,0.0,0.0,0.0,0.0,0.0,0.0,0.0,0.0,0.0
1,1,0.0,1.0,0.0,0.0,0.0,0.0,0.0,0.0,0.0,0.0,0.0,0.0
1,1,0.0,1.0,0.0,0.0,0.0,0.0,0.0,0.0,0.0,0.0,0.0,0.0
1,1,0.0,1.0,0.0,0.0,0.0,0.0,0.0,0.0,0.0,0.0,0.0,0.0
1,1,0.0,1.0,0.0,0.0,0.0,0.0,0.0,0.0,0.0,0.0,0.0,0.0
1,1,0.0,1.0,0.0,0.0,0.0,0.0,0.0,0.0,0.0,0.0,0.0,0.0
1,1,0.0,1.0,0.0,0.0,0.0,0.0,0.0,0.0,0.0,0.0,0.0,0.0
1,1,0.0,1.0,0.0,0.0,0.0,0.0,0.0,0.0,0.0,0.0,0.0,0.0
1,1,0.0,1.0,0.0,0.0,0.0,0.0,0.0,0.0,0.0,0.0,0.0,0.0
1,1,0.0,1.0,0.0,0.0,0.0,0.0,0.0,0.0,0.0,0.0,0.0,0.0
1,1,0.0,1.0,0.0,0.0,0.0,0.0,0.0,0.0,0.0,0.0,0.0,0.0
1,1,0.0,1.0,0.0,0.0,0.0,0.0,0.0,0.0,0.0,0.0,0.0,0.0
1,1,0.0,1.0,0.0,0.0,0.0,0.0,0.0,0.0,0.0,0.0,0.0,0.0
1,1,0.0,1.0,0.0,0.0,0.0,0.0,0.0,0.0,0.0,0.0,0.0,0.0
1,1,0.0,1.0,0.0,0.0,0.0,0.0,0.0,0.0,0.0,0.0,0.0,0.0
1,1,0.0,1.0,0.0,0.0,0.0,0.0,0.0,0.0,0.0,0.0,0.0,0.0
1,1,0.0,1.0,0.0,0.0,0.0,0.0,0.0,0.0,0.0,0.0,0.0,0.0
1,1,0.0,1.0,0.0,0.0,0.0,0.0,0.0,0.0,0.0,0.0,0.0,0.0
1,1,0.0,1.0,0.0,0.0,0.0,0.0,0.0,0.0,0.0,0.0,0.0,0.0
1,1,0.0,1.0,0.0,0.0,0.0,0.0,0.0,0.0,0.0,0.0,0.0,0.0
1,1,0.0,1.0,0.0,0.0,0.0,0.0,0.0,0.0,0.0,0.0,0.0,0.0
1,1,0.0,1.0,0.0,0.0,0.0,0.0,0.0,0.0,0.0,0.0,0.0,0.0
1,1,0.0,1.0,0.0,0.0,0.0,0.0,0.0,0.0,0.0,0.0,0.0,0.0
1,1,0.0,1.0,0.0,0.0,0.0,0.0,0.0,0.0,0.0,0.0,0.0,0.0
1,1,0.0,1.0,0.0,0.0,0.0,0.0,0.0,0.0,0.0,0.0,0.0,0.0
1,1,0.0,1.0,0.0,0.0,0.0,0.0,0.0,0.0,0.0,0.0,0.0,0.0
1,1,0.0,1.0,0.0,0.0,0.0,0.0,0.0,0.0,0.0,0.0,0.0,0.0
1,1,0.0,1.0,0.0,0.0,0.0,0.0,0.0,0.0,0.0,0.0,0.0,0.0
1,1,0.0,1.0,0.0,0.0,0.0,0.0,0.0,0.0,0.0,0.0,0.0,0.0
1,1,0.0,1.0,0.0,0.0,0.0,0.0,0.0,0.0,0.0,0.0,0.0,0.0
1,1,0.0,1.0,0.0,0.0,0.0,0.0,0.0,0.0,0.0,0.0,0.0,0.0
1,1,0.0,1.0,0.0,0.0,0.0,0.0,0.0,0.0,0.0,0.0,0.0,0.0
1,1,0.0,1.0,0.0,0.0,0.0,0.0,0.0,0.0,0.0,0.0,0.0,0.0
1,1,0.0,1.0,0.0,0.0,0.0,0.0,0.0,0.0,0.0,0.0,0.0,0.0
1,1,0.0,1.0,0.0,0.0,0.0,0.0,0.0,0.0,0.0,0.0,0.0,0.0
1,1,0.0,1.0,0.0,0.0,0.0,0.0,0.0,0.0,0.0,0.0,0.0,0.0
1,1,0.0,1.0,0.0,0.0,0.0,0.0,0.0,0.0,0.0,0.0,0.0,0.0
1,1,0.0,1.0,0.0,0.0,0.0,0.0,0.0,0.0,0.0,0.0,0.0,0.0
1,1,0.0,1.0,0.0,0.0,0.0,0.0,0.0,0.0,0.0,0.0,0.0,0.0
1,1,0.0,1.0,0.0,0.0,0.0,0.0,0.0,0.0,0.0,0.0,0.0,0.0
1,1,0.0,1.0,0.0,0.0,0.0,0.0,0.0,0.0,0.0,0.0,0.0,0.0
1,1,0.0,1.0,0.0,0.0,0.0,0.0,0.0,0.0,0.0,0.0,0.0,0.0
1,1,0.0,1.0,0.0,0.0,0.0,0.0,0.0,0.0,0.0,0.0,0.0,0.0
1,1,0.0,1.0,0.0,0.0,0.0,0.0,0.0,0.0,0.0,0.0,0.0,0.0
1,1,0.0,1.0,0.0,0.0,0.0,0.0,0.0,0.0,0.0,0.0,0.0,0.0
1,1,0.0,1.0,0.0,0.0,0.0,0.0,0.0,0.0,0.0,0.0,0.0,0.0
1,1,0.0,1.0,0.0,0.0,0.0,0.0,0.0,0.0,0.0,0.0,0.0,0.0
1,1,0.0,1.0,0.0,0.0,0.0,0.0,0.0,0.0,0.0,0.0,0.0,0.0
1,1,0.0,1.0,0.0,0.0,0.0,0.0,0.0,0.0,0.0,0.0,0.0,0.0
1,1,0.0,1.0,0.0,0.0,0.0,0.0,0.0,0.0,0.0,0.0,0.0,0.0
1,1,0.0,1.0,0.0,0.0,0.0,0.0,0.0,0.0,0.0,0.0,0.0,0.0
1,1,0.0,1.0,0.0,0.0,0.0,0.0,0.0,0.0,0.0,0.0,0.0,0.0
1,1,0.0,1.0,0.0,0.0,0.0,0.0,0.0,0.0,0.0,0.0,0.0,0.0
1,1,0.0,1.0,0.0,0.0,0.0,0.0,0.0,0.0,0.0,0.0,0.0,0.0
1,1,0.0,1.0,0.0,0.0,0.0,0.0,0.0,0.0,0.0,0.0,0.0,0.0
1,1,0.0,1.0,0.0,0.0,0.0,0.0,0.0,0.0,0.0,0.0,0.0,0.0
1,1,0.0,1.0,0.0,0.0,0.0,0.0,0.0,0.0,0.0,0.0,0.0,0.0
1,1,0.0,1.0,0.0,0.0,0.0,0.0,0.0,0.0,0.0,0.0,0.0,0.0
1,1,0.0,1.0,0.0,0.0,0.0,0.0,0.0,0.0,0.0,0.0,0.0,0.0
1,1,0.0,1.0,0.0,0.0,0.0,0.0,0.0,0.0,0.0,0.0,0.0,0.0
1,1,0.0,1.0,0.0,0.0,0.0,0.0,0.0,0.0,0.0,0.0,0.0,0.0
1,1,0.0,1.0,0.0,0.0,0.0,0.0,0.0,0.0,0.0,0.0,0.0,0.0
1,1,0.0,1.0,0.0,0.0,0.0,0.0,0.0,0.0,0.0,0.0,0.0,0.0
1,1,0.0,1.0,0.0,0.0,0.0,0.0,0.0,0.0,0.0,0.0,0.0,0.0
1,1,0.0,1.0,0.0,0.0,0.0,0.0,0.0,0.0,0.0,0.0,0.0,0.0
1,1,0.0,1.0,0.0,0.0,0.0,0.0,0.0,0.0,0.0,0.0,0.0,0.0
1,1,0.0,1.0,0.0,0.0,0.0,0.0,0.0,0.0,0.0,0.0,0.0,0.0
1,1,0.0,1.0,0.0,0.0,0.0,0.0,0.0,0.0,0.0,0.0,0.0,0.0
1,1,0.0,1.0,0.0,0.0,0.0,0.0,0.0,0.0,0.0,0.0,0.0,0.0
1,1,0.0,1.0,0.0,0.0,0.0,0.0,0.0,0.0,0.0,0.0,0.0,0.0
1,1,0.0,1.0,0.0,0.0,0.0,0.0,0.0,0.0,0.0,0.0,0.0,0.0
1,1,0.0,1.0,0.0,0.0,0.0,0.0,0.0,0.0,0.0,0.0,0.0,0.0
1,1,0.0,1.0,0.0,0.0,0.0,0.0,0.0,0.0,0.0,0.0,0.0,0.0
1,1,0.0,1.0,0.0,0.0,0.0,0.0,0.0,0.0,0.0,0.0,0.0,0.0
1,1,0.0,1.0,0.0,0.0,0.0,0.0,0.0,0.0,0.0,0.0,0.0,0.0
1,1,0.0,1.0,0.0,0.0,0.0,0.0,0.0,0.0,0.0,0.0,0.0,0.0
1,1,0.0,1.0,0.0,0.0,0.0,0.0,0.0,0.0,0.0,0.0,0.0,0.0
1,1,0.0,1.0,0.0,0.0,0.0,0.0,0.0,0.0,0.0,0.0,0.0,0.0
1,1,0.0,1.0,0.0,0.0,0.0,0.0,0.0,0.0,0.0,0.0,0.0,0.0
1,1,0.0,1.0,0.0,0.0,0.0,0.0,0.0,0.0,0.0,0.0,0.0,0.0
1,1,0.0,1.0,0.0,0.0,0.0,0.0,0.0,0.0,0.0,0.0,0.0,0.0
1,1,0.0,1.0,0.0,0.0,0.0,0.0,0.0,0.0,0.0,0.0,0.0,0.0
1,1,0.0,1.0,0.0,0.0,0.0,0.0,0.0,0.0,0.0,0.0,0.0,0.0
1,1,0.0,1.0,0.0,0.0,0.0,0.0,0.0,0.0,0.0,0.0,0.0,0.0
1,1,0.0,1.0,0.0,0.0,0.0,0.0,0.0,0.0,0.0,0.0,0.0,0.0
1,1,0.0,1.0,0.0,0.0,0.0,0.0,0.0,0.0,0.0,0.0,0.0,0.0
1,1,0.0,1.0,0.0,0.0,0.0,0.0,0.0,0.0,0.0,0.0,0.0,0.0
1,1,0.0,1.0,0.0,0.0,0.0,0.0,0.0,0.0,0.0,0.0,0.0,0.0
1,1,0.0,1.0,0.0,0.0,0.0,0.0,0.0,0.0,0.0,0.0,0.0,0.0
1,1,0.0,1.0,0.0,0.0,0.0,0.0,0.0,0.0,0.0,0.0,0.0,0.0
1,1,0.0,1.0,0.0,0.0,0.0,0.0,0.0,0.0,0.0,0.0,0.0,0.0
1,1,0.0,1.0,0.0,0.0,0.0,0.0,0.0,0.0,0.0,0.0,0.0,0.0
1,1,0.0,1.0,0.0,0.0,0.0,0.0,0.0,0.0,0.0,0.0,0.0,0.0
1,1,0.0,1.0,0.0,0.0,0.0,0.0,0.0,0.0,0.0,0.0,0.0,0.0
1,1,0.0,1.0,0.0,0.0,0.0,0.0,0.0,0.0,0.0,0.0,0.0,0.0
1,1,0.0,1.0,0.0,0.0,0.0,0.0,0.0,0.0,0.0,0.0,0.0,0.0
1,1,0.0,1.0,0.0,0.0,0.0,0.0,0.0,0.0,0.0,0.0,0.0,0.0
1,1,0.0,1.0,0.0,0.0,0.0,0.0,0.0,0.0,0.0,0.0,0.0,0.0
1,1,0.0,1.0,0.0,0.0,0.0,0.0,0.0,0.0,0.0,0.0,0.0,0.0
1,1,0.0,1.0,0.0,0.0,0.0,0.0,0.0,0.0,0.0,0.0,0.0,0.0
1,1,0.0,1.0,0.0,0.0,0.0,0.0,0.0,0.0,0.0,0.0,0.0,0.0
1,1,0.0,1.0,0.0,0.0,0.0,0.0,0.0,0.0,0.0,0.0,0.0,0.0
1,1,0.0,1.0,0.0,0.0,0.0,0.0,0.0,0.0,0.0,0.0,0.0,0.0
1,1,0.0,1.0,0.0,0.0,0.0,0.0,0.0,0.0,0.0,0.0,0.0,0.0
1,1,0.0,1.0,0.0,0.0,0.0,0.0,0.0,0.0,0.0,0.0,0.0,0.0
1,1,0.0,1.0,0.0,0.0,0.0,0.0,0.0,0.0,0.0,0.0,0.0,0.0
1,1,0.0,1.0,0.0,0.0,0.0,0.0,0.0,0.0,0.0,0.0,0.0,0.0
1,1,0.0,1.0,0.0,0.0,0.0,0.0,0.0,0.0,0.0,0.0,0.0,0.0
1,1,0.0,1.0,0.0,0.0,0.0,0.0,0.0,0.0,0.0,0.0,0.0,0.0
1,1,0.0,1.0,0.0,0.0,0.0,0.0,0.0,0.0,0.0,0.0,0.0,0.0
1,1,0.0,1.0,0.0,0.0,0.0,0.0,0.0,0.0,0.0,0.0,0.0,0.0
1,1,0.0,1.0,0.0,0.0,0.0,0.0,0.0,0.0,0.0,0.0,0.0,0.0
1,1,0.0,1.0,0.0,0.0,0.0,0.0,0.0,0.0,0.0,0.0,0.0,0.0
1,1,0.0,1.0,0.0,0.0,0.0,0.0,0.0,0.0,0.0,0.0,0.0,0.0
1,1,0.0,1.0,0.0,0.0,0.0,0.0,0.0,0.0,0.0,0.0,0.0,0.0
1,1,0.0,1.0,0.0,0.0,0.0,0.0,0.0,0.0,0.0,0.0,0.0,0.0
1,1,0.0,1.0,0.0,0.0,0.0,0.0,0.0,0.0,0.0,0.0,0.0,0.0
1,1,0.0,1.0,0.0,0.0,0.0,0.0,0.0,0.0,0.0,0.0,0.0,0.0
1,1,0.0,1.0,0.0,0.0,0.0,0.0,0.0,0.0,0.0,0.0,0.0,0.0
1,1,0.0,1.0,0.0,0.0,0.0,0.0,0.0,0.0,0.0,0.0,0.0,0.0
1,1,0.0,1.0,0.0,0.0,0.0,0.0,0.0,0.0,0.0,0.0,0.0,0.0
1,1,0.0,1.0,0.0,0.0,0.0,0.0,0.0,0.0,0.0,0.0,0.0,0.0
1,1,0.0,1.0,0.0,0.0,0.0,0.0,0.0,0.0,0.0,0.0,0.0,0.0
1,1,0.0,1.0,0.0,0.0,0.0,0.0,0.0,0.0,0.0,0.0,0.0,0.0
1,1,0.0,1.0,0.0,0.0,0.0,0.0,0.0,0.0,0.0,0.0,0.0,0.0
1,1,0.0,1.0,0.0,0.0,0.0,0.0,0.0,0.0,0.0,0.0,0.0,0.0
1,1,0.0,1.0,0.0,0.0,0.0,0.0,0.0,0.0,0.0,0.0,0.0,0.0
1,1,0.0,1.0,0.0,0.0,0.0,0.0,0.0,0.0,0.0,0.0,0.0,0.0
1,1,0.0,1.0,0.0,0.0,0.0,0.0,0.0,0.0,0.0,0.0,0.0,0.0
1,1,0.0,1.0,0.0,0.0,0.0,0.0,0.0,0.0,0.0,0.0,0.0,0.0
1,1,0.0,1.0,0.0,0.0,0.0,0.0,0.0,0.0,0.0,0.0,0.0,0.0
1,1,0.0,1.0,0.0,0.0,0.0,0.0,0.0,0.0,0.0,0.0,0.0,0.0
1,1,0.0,1.0,0.0,0.0,0.0,0.0,0.0,0.0,0.0,0.0,0.0,0.0
1,1,0.0,1.0,0.0,0.0,0.0,0.0,0.0,0.0,0.0,0.0,0.0,0.0
1,1,0.0,1.0,0.0,0.0,0.0,0.0,0.0,0.0,0.0,0.0,0.0,0.0
1,1,0.0,1.0,0.0,0.0,0.0,0.0,0.0,0.0,0.0,0.0,0.0,0.0
1,1,0.0,1.0,0.0,0.0,0.0,0.0,0.0,0.0,0.0,0.0,0.0,0.0
1,1,0.0,1.0,0.0,0.0,0.0,0.0,0.0,0.0,0.0,0.0,0.0,0.0
1,1,0.0,1.0,0.0,0.0,0.0,0.0,0.0,0.0,0.0,0.0,0.0,0.0
1,1,0.0,1.0,0.0,0.0,0.0,0.0,0.0,0.0,0.0,0.0,0.0,0.0
1,1,0.0,1.0,0.0,0.0,0.0,0.0,0.0,0.0,0.0,0.0,0.0,0.0
1,1,0.0,1.0,0.0,0.0,0.0,0.0,0.0,0.0,0.0,0.0,0.0,0.0
1,1,0.0,1.0,0.0,0.0,0.0,0.0,0.0,0.0,0.0,0.0,0.0,0.0
1,1,0.0,1.0,0.0,0.0,0.0,0.0,0.0,0.0,0.0,0.0,0.0,0.0
1,1,0.0,1.0,0.0,0.0,0.0,0.0,0.0,0.0,0.0,0.0,0.0,0.0
1,1,0.0,1.0,0.0,0.0,0.0,0.0,0.0,0.0,0.0,0.0,0.0,0.0
1,1,0.0,1.0,0.0,0.0,0.0,0.0,0.0,0.0,0.0,0.0,0.0,0.0
1,1,0.0,1.0,0.0,0.0,0.0,0.0,0.0,0.0,0.0,0.0,0.0,0.0
1,1,0.0,1.0,0.0,0.0,0.0,0.0,0.0,0.0,0.0,0.0,0.0,0.0
1,1,0.0,1.0,0.0,0.0,0.0,0.0,0.0,0.0,0.0,0.0,0.0,0.0
1,1,0.0,1.0,0.0,0.0,0.0,0.0,0.0,0.0,0.0,0.0,0.0,0.0
1,1,0.0,1.0,0.0,0.0,0.0,0.0,0.0,0.0,0.0,0.0,0.0,0.0
1,1,0.0,1.0,0.0,0.0,0.0,0.0,0.0,0.0,0.0,0.0,0.0,0.0
1,1,0.0,1.0,0.0,0.0,0.0,0.0,0.0,0.0,0.0,0.0,0.0,0.0
1,1,0.0,1.0,0.0,0.0,0.0,0.0,0.0,0.0,0.0,0.0,0.0,0.0
1,1,0.0,1.0,0.0,0.0,0.0,0.0,0.0,0.0,0.0,0.0,0.0,0.0
1,1,0.0,1.0,0.0,0.0,0.0,0.0,0.0,0.0,0.0,0.0,0.0,0.0
1,1,0.0,1.0,0.0,0.0,0.0,0.0,0.0,0.0,0.0,0.0,0.0,0.0
1,1,0.0,1.0,0.0,0.0,0.0,0.0,0.0,0.0,0.0,0.0,0.0,0.0
1,1,0.0,1.0,0.0,0.0,0.0,0.0,0.0,0.0,0.0,0.0,0.0,0.0
1,1,0.0,1.0,0.0,0.0,0.0,0.0,0.0,0.0,0.0,0.0,0.0,0.0
1,1,0.0,1.0,0.0,0.0,0.0,0.0,0.0,0.0,0.0,0.0,0.0,0.0
1,1,0.0,1.0,0.0,0.0,0.0,0.0,0.0,0.0,0.0,0.0,0.0,0.0
1,1,0.0,1.0,0.0,0.0,0.0,0.0,0.0,0.0,0.0,0.0,0.0,0.0
1,1,0.0,1.0,0.0,0.0,0.0,0.0,0.0,0.0,0.0,0.0,0.0,0.0
1,1,0.0,1.0,0.0,0.0,0.0,0.0,0.0,0.0,0.0,0.0,0.0,0.0
1,1,0.0,1.0,0.0,0.0,0.0,0.0,0.0,0.0,0.0,0.0,0.0,0.0
1,1,0.0,1.0,0.0,0.0,0.0,0.0,0.0,0.0,0.0,0.0,0.0,0.0
1,1,0.0,1.0,0.0,0.0,0.0,0.0,0.0,0.0,0.0,0.0,0.0,0.0
1,1,0.0,1.0,0.0,0.0,0.0,0.0,0.0,0.0,0.0,0.0,0.0,0.0
1,1,0.0,1.0,0.0,0.0,0.0,0.0,0.0,0.0,0.0,0.0,0.0,0.0
1,1,0.0,1.0,0.0,0.0,0.0,0.0,0.0,0.0,0.0,0.0,0.0,0.0
1,1,0.0,1.0,0.0,0.0,0.0,0.0,0.0,0.0,0.0,0.0,0.0,0.0
1,1,0.0,1.0,0.0,0.0,0.0,0.0,0.0,0.0,0.0,0.0,0.0,0.0
1,1,0.0,1.0,0.0,0.0,0.0,0.0,0.0,0.0,0.0,0.0,0.0,0.0
1,1,0.0,1.0,0.0,0.0,0.0,0.0,0.0,0.0,0.0,0.0,0.0,0.0
1,1,0.0,1.0,0.0,0.0,0.0,0.0,0.0,0.0,0.0,0.0,0.0,0.0
1,1,0.0,1.0,0.0,0.0,0.0,0.0,0.0,0.0,0.0,0.0,0.0,0.0
1,1,0.0,1.0,0.0,0.0,0.0,0.0,0.0,0.0,0.0,0.0,0.0,0.0
1,1,0.0,1.0,0.0,0.0,0.0,0.0,0.0,0.0,0.0,0.0,0.0,0.0
1,1,0.0,1.0,0.0,0.0,0.0,0.0,0.0,0.0,0.0,0.0,0.0,0.0
1,1,0.0,1.0,0.0,0.0,0.0,0.0,0.0,0.0,0.0,0.0,0.0,0.0
1,1,0.0,1.0,0.0,0.0,0.0,0.0,0.0,0.0,0.0,0.0,0.0,0.0
1,1,0.0,1.0,0.0,0.0,0.0,0.0,0.0,0.0,0.0,0.0,0.0,0.0
1,1,0.0,1.0,0.0,0.0,0.0,0.0,0.0,0.0,0.0,0.0,0.0,0.0
1,1,0.0,1.0,0.0,0.0,0.0,0.0,0.0,0.0,0.0,0.0,0.0,0.0
1,1,0.0,1.0,0.0,0.0,0.0,0.0,0.0,0.0,0.0,0.0,0.0,0.0
1,1,0.0,1.0,0.0,0.0,0.0,0.0,0.0,0.0,0.0,0.0,0.0,0.0
1,1,0.0,1.0,0.0,0.0,0.0,0.0,0.0,0.0,0.0,0.0,0.0,0.0
1,1,0.0,1.0,0.0,0.0,0.0,0.0,0.0,0.0,0.0,0.0,0.0,0.0
1,1,0.0,1.0,0.0,0.0,0.0,0.0,0.0,0.0,0.0,0.0,0.0,0.0
1,1,0.0,1.0,0.0,0.0,0.0,0.0,0.0,0.0,0.0,0.0,0.0,0.0
1,1,0.0,1.0,0.0,0.0,0.0,0.0,0.0,0.0,0.0,0.0,0.0,0.0
1,1,0.0,1.0,0.0,0.0,0.0,0.0,0.0,0.0,0.0,0.0,0.0,0.0
1,1,0.0,1.0,0.0,0.0,0.0,0.0,0.0,0.0,0.0,0.0,0.0,0.0
1,1,0.0,1.0,0.0,0.0,0.0,0.0,0.0,0.0,0.0,0.0,0.0,0.0
1,1,0.0,1.0,0.0,0.0,0.0,0.0,0.0,0.0,0.0,0.0,0.0,0.0
1,1,0.0,1.0,0.0,0.0,0.0,0.0,0.0,0.0,0.0,0.0,0.0,0.0
1,1,0.0,1.0,0.0,0.0,0.0,0.0,0.0,0.0,0.0,0.0,0.0,0.0
1,1,0.0,1.0,0.0,0.0,0.0,0.0,0.0,0.0,0.0,0.0,0.0,0.0
1,1,0.0,1.0,0.0,0.0,0.0,0.0,0.0,0.0,0.0,0.0,0.0,0.0
1,1,0.0,1.0,0.0,0.0,0.0,0.0,0.0,0.0,0.0,0.0,0.0,0.0
1,1,0.0,1.0,0.0,0.0,0.0,0.0,0.0,0.0,0.0,0.0,0.0,0.0
1,1,0.0,1.0,0.0,0.0,0.0,0.0,0.0,0.0,0.0,0.0,0.0,0.0
1,1,0.0,1.0,0.0,0.0,0.0,0.0,0.0,0.0,0.0,0.0,0.0,0.0
1,1,0.0,1.0,0.0,0.0,0.0,0.0,0.0,0.0,0.0,0.0,0.0,0.0
1,1,0.0,1.0,0.0,0.0,0.0,0.0,0.0,0.0,0.0,0.0,0.0,0.0
1,1,0.0,1.0,0.0,0.0,0.0,0.0,0.0,0.0,0.0,0.0,0.0,0.0
1,1,0.0,1.0,0.0,0.0,0.0,0.0,0.0,0.0,0.0,0.0,0.0,0.0
1,1,0.0,1.0,0.0,0.0,0.0,0.0,0.0,0.0,0.0,0.0,0.0,0.0
1,1,0.0,1.0,0.0,0.0,0.0,0.0,0.0,0.0,0.0,0.0,0.0,0.0
1,1,0.0,1.0,0.0,0.0,0.0,0.0,0.0,0.0,0.0,0.0,0.0,0.0
1,1,0.0,1.0,0.0,0.0,0.0,0.0,0.0,0.0,0.0,0.0,0.0,0.0
1,1,0.0,1.0,0.0,0.0,0.0,0.0,0.0,0.0,0.0,0.0,0.0,0.0
1,1,0.0,1.0,0.0,0.0,0.0,0.0,0.0,0.0,0.0,0.0,0.0,0.0
1,1,0.0,1.0,0.0,0.0,0.0,0.0,0.0,0.0,0.0,0.0,0.0,0.0
1,1,0.0,1.0,0.0,0.0,0.0,0.0,0.0,0.0,0.0,0.0,0.0,0.0
1,1,0.0,1.0,0.0,0.0,0.0,0.0,0.0,0.0,0.0,0.0,0.0,0.0
1,1,0.0,1.0,0.0,0.0,0.0,0.0,0.0,0.0,0.0,0.0,0.0,0.0
1,1,0.0,1.0,0.0,0.0,0.0,0.0,0.0,0.0,0.0,0.0,0.0,0.0
1,1,0.0,1.0,0.0,0.0,0.0,0.0,0.0,0.0,0.0,0.0,0.0,0.0
1,1,0.0,1.0,0.0,0.0,0.0,0.0,0.0,0.0,0.0,0.0,0.0,0.0
1,1,0.0,1.0,0.0,0.0,0.0,0.0,0.0,0.0,0.0,0.0,0.0,0.0
1,1,0.0,1.0,0.0,0.0,0.0,0.0,0.0,0.0,0.0,0.0,0.0,0.0
1,1,0.0,1.0,0.0,0.0,0.0,0.0,0.0,0.0,0.0,0.0,0.0,0.0
1,1,0.0,1.0,0.0,0.0,0.0,0.0,0.0,0.0,0.0,0.0,0.0,0.0
1,1,0.0,1.0,0.0,0.0,0.0,0.0,0.0,0.0,0.0,0.0,0.0,0.0
1,1,0.0,1.0,0.0,0.0,0.0,0.0,0.0,0.0,0.0,0.0,0.0,0.0
1,1,0.0,1.0,0.0,0.0,0.0,0.0,0.0,0.0,0.0,0.0,0.0,0.0
1,1,0.0,1.0,0.0,0.0,0.0,0.0,0.0,0.0,0.0,0.0,0.0,0.0
1,1,0.0,1.0,0.0,0.0,0.0,0.0,0.0,0.0,0.0,0.0,0.0,0.0
1,1,0.0,1.0,0.0,0.0,0.0,0.0,0.0,0.0,0.0,0.0,0.0,0.0
1,1,0.0,1.0,0.0,0.0,0.0,0.0,0.0,0.0,0.0,0.0,0.0,0.0
1,1,0.0,1.0,0.0,0.0,0.0,0.0,0.0,0.0,0.0,0.0,0.0,0.0
1,1,0.0,1.0,0.0,0.0,0.0,0.0,0.0,0.0,0.0,0.0,0.0,0.0
1,1,0.0,1.0,0.0,0.0,0.0,0.0,0.0,0.0,0.0,0.0,0.0,0.0
1,1,0.0,1.0,0.0,0.0,0.0,0.0,0.0,0.0,0.0,0.0,0.0,0.0
1,1,0.0,1.0,0.0,0.0,0.0,0.0,0.0,0.0,0.0,0.0,0.0,0.0
1,1,0.0,1.0,0.0,0.0,0.0,0.0,0.0,0.0,0.0,0.0,0.0,0.0
1,1,0.0,1.0,0.0,0.0,0.0,0.0,0.0,0.0,0.0,0.0,0.0,0.0
1,1,0.0,1.0,0.0,0.0,0.0,0.0,0.0,0.0,0.0,0.0,0.0,0.0
1,1,0.0,1.0,0.0,0.0,0.0,0.0,0.0,0.0,0.0,0.0,0.0,0.0
1,1,0.0,1.0,0.0,0.0,0.0,0.0,0.0,0.0,0.0,0.0,0.0,0.0
1,1,0.0,1.0,0.0,0.0,0.0,0.0,0.0,0.0,0.0,0.0,0.0,0.0
1,1,0.0,1.0,0.0,0.0,0.0,0.0,0.0,0.0,0.0,0.0,0.0,0.0
1,1,0.0,1.0,0.0,0.0,0.0,0.0,0.0,0.0,0.0,0.0,0.0,0.0
1,1,0.0,1.0,0.0,0.0,0.0,0.0,0.0,0.0,0.0,0.0,0.0,0.0
1,1,0.0,1.0,0.0,0.0,0.0,0.0,0.0,0.0,0.0,0.0,0.0,0.0
1,1,0.0,1.0,0.0,0.0,0.0,0.0,0.0,0.0,0.0,0.0,0.0,0.0
1,1,0.0,1.0,0.0,0.0,0.0,0.0,0.0,0.0,0.0,0.0,0.0,0.0
1,1,0.0,1.0,0.0,0.0,0.0,0.0,0.0,0.0,0.0,0.0,0.0,0.0
1,1,0.0,1.0,0.0,0.0,0.0,0.0,0.0,0.0,0.0,0.0,0.0,0.0
1,1,0.0,1.0,0.0,0.0,0.0,0.0,0.0,0.0,0.0,0.0,0.0,0.0
1,1,0.0,1.0,0.0,0.0,0.0,0.0,0.0,0.0,0.0,0.0,0.0,0.0
1,1,0.0,1.0,0.0,0.0,0.0,0.0,0.0,0.0,0.0,0.0,0.0,0.0
1,1,0.0,1.0,0.0,0.0,0.0,0.0,0.0,0.0,0.0,0.0,0.0,0.0
1,1,0.0,1.0,0.0,0.0,0.0,0.0,0.0,0.0,0.0,0.0,0.0,0.0
1,1,0.0,1.0,0.0,0.0,0.0,0.0,0.0,0.0,0.0,0.0,0.0,0.0
1,1,0.0,1.0,0.0,0.0,0.0,0.0,0.0,0.0,0.0,0.0,0.0,0.0
1,1,0.0,1.0,0.0,0.0,0.0,0.0,0.0,0.0,0.0,0.0,0.0,0.0
1,1,0.0,1.0,0.0,0.0,0.0,0.0,0.0,0.0,0.0,0.0,0.0,0.0
1,1,0.0,1.0,0.0,0.0,0.0,0.0,0.0,0.0,0.0,0.0,0.0,0.0
1,1,0.0,1.0,0.0,0.0,0.0,0.0,0.0,0.0,0.0,0.0,0.0,0.0
1,1,0.0,1.0,0.0,0.0,0.0,0.0,0.0,0.0,0.0,0.0,0.0,0.0
1,1,0.0,1.0,0.0,0.0,0.0,0.0,0.0,0.0,0.0,0.0,0.0,0.0
1,1,0.0,1.0,0.0,0.0,0.0,0.0,0.0,0.0,0.0,0.0,0.0,0.0
1,1,0.0,1.0,0.0,0.0,0.0,0.0,0.0,0.0,0.0,0.0,0.0,0.0
1,1,0.0,1.0,0.0,0.0,0.0,0.0,0.0,0.0,0.0,0.0,0.0,0.0
1,1,0.0,1.0,0.0,0.0,0.0,0.0,0.0,0.0,0.0,0.0,0.0,0.0
1,1,0.0,1.0,0.0,0.0,0.0,0.0,0.0,0.0,0.0,0.0,0.0,0.0
1,1,0.0,1.0,0.0,0.0,0.0,0.0,0.0,0.0,0.0,0.0,0.0,0.0
1,1,0.0,1.0,0.0,0.0,0.0,0.0,0.0,0.0,0.0,0.0,0.0,0.0
1,1,0.0,1.0,0.0,0.0,0.0,0.0,0.0,0.0,0.0,0.0,0.0,0.0
1,1,0.0,1.0,0.0,0.0,0.0,0.0,0.0,0.0,0.0,0.0,0.0,0.0
1,1,0.0,1.0,0.0,0.0,0.0,0.0,0.0,0.0,0.0,0.0,0.0,0.0
1,1,0.0,1.0,0.0,0.0,0.0,0.0,0.0,0.0,0.0,0.0,0.0,0.0
1,1,0.0,1.0,0.0,0.0,0.0,0.0,0.0,0.0,0.0,0.0,0.0,0.0
1,1,0.0,1.0,0.0,0.0,0.0,0.0,0.0,0.0,0.0,0.0,0.0,0.0
1,1,0.0,1.0,0.0,0.0,0.0,0.0,0.0,0.0,0.0,0.0,0.0,0.0
1,1,0.0,1.0,0.0,0.0,0.0,0.0,0.0,0.0,0.0,0.0,0.0,0.0
1,1,0.0,1.0,0.0,0.0,0.0,0.0,0.0,0.0,0.0,0.0,0.0,0.0
1,1,0.0,1.0,0.0,0.0,0.0,0.0,0.0,0.0,0.0,0.0,0.0,0.0
1,1,0.0,1.0,0.0,0.0,0.0,0.0,0.0,0.0,0.0,0.0,0.0,0.0
1,1,0.0,1.0,0.0,0.0,0.0,0.0,0.0,0.0,0.0,0.0,0.0,0.0
1,1,0.0,1.0,0.0,0.0,0.0,0.0,0.0,0.0,0.0,0.0,0.0,0.0
1,1,0.0,1.0,0.0,0.0,0.0,0.0,0.0,0.0,0.0,0.0,0.0,0.0
1,1,0.0,1.0,0.0,0.0,0.0,0.0,0.0,0.0,0.0,0.0,0.0,0.0
1,1,0.0,1.0,0.0,0.0,0.0,0.0,0.0,0.0,0.0,0.0,0.0,0.0
1,1,0.0,1.0,0.0,0.0,0.0,0.0,0.0,0.0,0.0,0.0,0.0,0.0
1,1,0.0,1.0,0.0,0.0,0.0,0.0,0.0,0.0,0.0,0.0,0.0,0.0
1,1,0.0,1.0,0.0,0.0,0.0,0.0,0.0,0.0,0.0,0.0,0.0,0.0
1,1,0.0,1.0,0.0,0.0,0.0,0.0,0.0,0.0,0.0,0.0,0.0,0.0
1,1,0.0,1.0,0.0,0.0,0.0,0.0,0.0,0.0,0.0,0.0,0.0,0.0
1,1,0.0,1.0,0.0,0.0,0.0,0.0,0.0,0.0,0.0,0.0,0.0,0.0
1,1,0.0,1.0,0.0,0.0,0.0,0.0,0.0,0.0,0.0,0.0,0.0,0.0
1,1,0.0,1.0,0.0,0.0,0.0,0.0,0.0,0.0,0.0,0.0,0.0,0.0
1,1,0.0,1.0,0.0,0.0,0.0,0.0,0.0,0.0,0.0,0.0,0.0,0.0
1,1,0.0,1.0,0.0,0.0,0.0,0.0,0.0,0.0,0.0,0.0,0.0,0.0
1,1,0.0,1.0,0.0,0.0,0.0,0.0,0.0,0.0,0.0,0.0,0.0,0.0
1,1,0.0,1.0,0.0,0.0,0.0,0.0,0.0,0.0,0.0,0.0,0.0,0.0
1,1,0.0,1.0,0.0,0.0,0.0,0.0,0.0,0.0,0.0,0.0,0.0,0.0
1,1,0.0,1.0,0.0,0.0,0.0,0.0,0.0,0.0,0.0,0.0,0.0,0.0
1,1,0.0,1.0,0.0,0.0,0.0,0.0,0.0,0.0,0.0,0.0,0.0,0.0
1,1,0.0,1.0,0.0,0.0,0.0,0.0,0.0,0.0,0.0,0.0,0.0,0.0
1,1,0.0,1.0,0.0,0.0,0.0,0.0,0.0,0.0,0.0,0.0,0.0,0.0
1,1,0.0,1.0,0.0,0.0,0.0,0.0,0.0,0.0,0.0,0.0,0.0,0.0
1,1,0.0,1.0,0.0,0.0,0.0,0.0,0.0,0.0,0.0,0.0,0.0,0.0
1,1,0.0,1.0,0.0,0.0,0.0,0.0,0.0,0.0,0.0,0.0,0.0,0.0
1,1,0.0,1.0,0.0,0.0,0.0,0.0,0.0,0.0,0.0,0.0,0.0,0.0
1,1,0.0,1.0,0.0,0.0,0.0,0.0,0.0,0.0,0.0,0.0,0.0,0.0
1,1,0.0,1.0,0.0,0.0,0.0,0.0,0.0,0.0,0.0,0.0,0.0,0.0
1,1,0.0,1.0,0.0,0.0,0.0,0.0,0.0,0.0,0.0,0.0,0.0,0.0
1,1,0.0,1.0,0.0,0.0,0.0,0.0,0.0,0.0,0.0,0.0,0.0,0.0
1,1,0.0,1.0,0.0,0.0,0.0,0.0,0.0,0.0,0.0,0.0,0.0,0.0
1,1,0.0,1.0,0.0,0.0,0.0,0.0,0.0,0.0,0.0,0.0,0.0,0.0
1,1,0.0,1.0,0.0,0.0,0.0,0.0,0.0,0.0,0.0,0.0,0.0,0.0
1,1,0.0,1.0,0.0,0.0,0.0,0.0,0.0,0.0,0.0,0.0,0.0,0.0
1,1,0.0,1.0,0.0,0.0,0.0,0.0,0.0,0.0,0.0,0.0,0.0,0.0
1,1,0.0,1.0,0.0,0.0,0.0,0.0,0.0,0.0,0.0,0.0,0.0,0.0
1,1,0.0,1.0,0.0,0.0,0.0,0.0,0.0,0.0,0.0,0.0,0.0,0.0
1,1,0.0,1.0,0.0,0.0,0.0,0.0,0.0,0.0,0.0,0.0,0.0,0.0
1,1,0.0,1.0,0.0,0.0,0.0,0.0,0.0,0.0,0.0,0.0,0.0,0.0
1,1,0.0,1.0,0.0,0.0,0.0,0.0,0.0,0.0,0.0,0.0,0.0,0.0
1,1,0.0,1.0,0.0,0.0,0.0,0.0,0.0,0.0,0.0,0.0,0.0,0.0
1,1,0.0,1.0,0.0,0.0,0.0,0.0,0.0,0.0,0.0,0.0,0.0,0.0
1,1,0.0,1.0,0.0,0.0,0.0,0.0,0.0,0.0,0.0,0.0,0.0,0.0
1,1,0.0,1.0,0.0,0.0,0.0,0.0,0.0,0.0,0.0,0.0,0.0,0.0
1,1,0.0,1.0,0.0,0.0,0.0,0.0,0.0,0.0,0.0,0.0,0.0,0.0
1,1,0.0,1.0,0.0,0.0,0.0,0.0,0.0,0.0,0.0,0.0,0.0,0.0
1,1,0.0,1.0,0.0,0.0,0.0,0.0,0.0,0.0,0.0,0.0,0.0,0.0
1,1,0.0,1.0,0.0,0.0,0.0,0.0,0.0,0.0,0.0,0.0,0.0,0.0
1,1,0.0,1.0,0.0,0.0,0.0,0.0,0.0,0.0,0.0,0.0,0.0,0.0
1,1,0.0,1.0,0.0,0.0,0.0,0.0,0.0,0.0,0.0,0.0,0.0,0.0
1,1,0.0,1.0,0.0,0.0,0.0,0.0,0.0,0.0,0.0,0.0,0.0,0.0
1,1,0.0,1.0,0.0,0.0,0.0,0.0,0.0,0.0,0.0,0.0,0.0,0.0
1,1,0.0,1.0,0.0,0.0,0.0,0.0,0.0,0.0,0.0,0.0,0.0,0.0
1,1,0.0,1.0,0.0,0.0,0.0,0.0,0.0,0.0,0.0,0.0,0.0,0.0
1,1,0.0,1.0,0.0,0.0,0.0,0.0,0.0,0.0,0.0,0.0,0.0,0.0
1,1,0.0,1.0,0.0,0.0,0.0,0.0,0.0,0.0,0.0,0.0,0.0,0.0
1,1,0.0,1.0,0.0,0.0,0.0,0.0,0.0,0.0,0.0,0.0,0.0,0.0
1,1,0.0,1.0,0.0,0.0,0.0,0.0,0.0,0.0,0.0,0.0,0.0,0.0
1,1,0.0,1.0,0.0,0.0,0.0,0.0,0.0,0.0,0.0,0.0,0.0,0.0
1,1,0.0,1.0,0.0,0.0,0.0,0.0,0.0,0.0,0.0,0.0,0.0,0.0
1,1,0.0,1.0,0.0,0.0,0.0,0.0,0.0,0.0,0.0,0.0,0.0,0.0
1,1,0.0,1.0,0.0,0.0,0.0,0.0,0.0,0.0,0.0,0.0,0.0,0.0
1,1,0.0,1.0,0.0,0.0,0.0,0.0,0.0,0.0,0.0,0.0,0.0,0.0
1,1,0.0,1.0,0.0,0.0,0.0,0.0,0.0,0.0,0.0,0.0,0.0,0.0
1,1,0.0,1.0,0.0,0.0,0.0,0.0,0.0,0.0,0.0,0.0,0.0,0.0
1,1,0.0,1.0,0.0,0.0,0.0,0.0,0.0,0.0,0.0,0.0,0.0,0.0
1,1,0.0,1.0,0.0,0.0,0.0,0.0,0.0,0.0,0.0,0.0,0.0,0.0
1,1,0.0,1.0,0.0,0.0,0.0,0.0,0.0,0.0,0.0,0.0,0.0,0.0
1,1,0.0,1.0,0.0,0.0,0.0,0.0,0.0,0.0,0.0,0.0,0.0,0.0
1,1,0.0,1.0,0.0,0.0,0.0,0.0,0.0,0.0,0.0,0.0,0.0,0.0
1,1,0.0,1.0,0.0,0.0,0.0,0.0,0.0,0.0,0.0,0.0,0.0,0.0
1,1,0.0,1.0,0.0,0.0,0.0,0.0,0.0,0.0,0.0,0.0,0.0,0.0
1,1,0.0,1.0,0.0,0.0,0.0,0.0,0.0,0.0,0.0,0.0,0.0,0.0
1,1,0.0,1.0,0.0,0.0,0.0,0.0,0.0,0.0,0.0,0.0,0.0,0.0
1,1,0.0,1.0,0.0,0.0,0.0,0.0,0.0,0.0,0.0,0.0,0.0,0.0
1,1,0.0,1.0,0.0,0.0,0.0,0.0,0.0,0.0,0.0,0.0,0.0,0.0
1,1,0.0,1.0,0.0,0.0,0.0,0.0,0.0,0.0,0.0,0.0,0.0,0.0
1,1,0.0,1.0,0.0,0.0,0.0,0.0,0.0,0.0,0.0,0.0,0.0,0.0
1,1,0.0,1.0,0.0,0.0,0.0,0.0,0.0,0.0,0.0,0.0,0.0,0.0
1,1,0.0,1.0,0.0,0.0,0.0,0.0,0.0,0.0,0.0,0.0,0.0,0.0
1,1,0.0,1.0,0.0,0.0,0.0,0.0,0.0,0.0,0.0,0.0,0.0,0.0
1,1,0.0,1.0,0.0,0.0,0.0,0.0,0.0,0.0,0.0,0.0,0.0,0.0
1,1,0.0,1.0,0.0,0.0,0.0,0.0,0.0,0.0,0.0,0.0,0.0,0.0
1,1,0.0,1.0,0.0,0.0,0.0,0.0,0.0,0.0,0.0,0.0,0.0,0.0
1,1,0.0,1.0,0.0,0.0,0.0,0.0,0.0,0.0,0.0,0.0,0.0,0.0
1,1,0.0,1.0,0.0,0.0,0.0,0.0,0.0,0.0,0.0,0.0,0.0,0.0
1,1,0.0,1.0,0.0,0.0,0.0,0.0,0.0,0.0,0.0,0.0,0.0,0.0
1,1,0.0,1.0,0.0,0.0,0.0,0.0,0.0,0.0,0.0,0.0,0.0,0.0
1,1,0.0,1.0,0.0,0.0,0.0,0.0,0.0,0.0,0.0,0.0,0.0,0.0
1,1,0.0,1.0,0.0,0.0,0.0,0.0,0.0,0.0,0.0,0.0,0.0,0.0
1,1,0.0,1.0,0.0,0.0,0.0,0.0,0.0,0.0,0.0,0.0,0.0,0.0
1,1,0.0,1.0,0.0,0.0,0.0,0.0,0.0,0.0,0.0,0.0,0.0,0.0
1,1,0.0,1.0,0.0,0.0,0.0,0.0,0.0,0.0,0.0,0.0,0.0,0.0
1,1,0.0,1.0,0.0,0.0,0.0,0.0,0.0,0.0,0.0,0.0,0.0,0.0
1,1,0.0,1.0,0.0,0.0,0.0,0.0,0.0,0.0,0.0,0.0,0.0,0.0
1,1,0.0,1.0,0.0,0.0,0.0,0.0,0.0,0.0,0.0,0.0,0.0,0.0
1,1,0.0,1.0,0.0,0.0,0.0,0.0,0.0,0.0,0.0,0.0,0.0,0.0
1,1,0.0,1.0,0.0,0.0,0.0,0.0,0.0,0.0,0.0,0.0,0.0,0.0
1,1,0.0,1.0,0.0,0.0,0.0,0.0,0.0,0.0,0.0,0.0,0.0,0.0
1,1,0.0,1.0,0.0,0.0,0.0,0.0,0.0,0.0,0.0,0.0,0.0,0.0
1,1,0.0,1.0,0.0,0.0,0.0,0.0,0.0,0.0,0.0,0.0,0.0,0.0
1,1,0.0,1.0,0.0,0.0,0.0,0.0,0.0,0.0,0.0,0.0,0.0,0.0
1,1,0.0,1.0,0.0,0.0,0.0,0.0,0.0,0.0,0.0,0.0,0.0,0.0
1,1,0.0,1.0,0.0,0.0,0.0,0.0,0.0,0.0,0.0,0.0,0.0,0.0
1,1,0.0,1.0,0.0,0.0,0.0,0.0,0.0,0.0,0.0,0.0,0.0,0.0
1,1,0.0,1.0,0.0,0.0,0.0,0.0,0.0,0.0,0.0,0.0,0.0,0.0
1,1,0.0,1.0,0.0,0.0,0.0,0.0,0.0,0.0,0.0,0.0,0.0,0.0
1,1,0.0,1.0,0.0,0.0,0.0,0.0,0.0,0.0,0.0,0.0,0.0,0.0
1,1,0.0,1.0,0.0,0.0,0.0,0.0,0.0,0.0,0.0,0.0,0.0,0.0
1,1,0.0,1.0,0.0,0.0,0.0,0.0,0.0,0.0,0.0,0.0,0.0,0.0
1,1,0.0,1.0,0.0,0.0,0.0,0.0,0.0,0.0,0.0,0.0,0.0,0.0
1,1,0.0,1.0,0.0,0.0,0.0,0.0,0.0,0.0,0.0,0.0,0.0,0.0
1,1,0.0,1.0,0.0,0.0,0.0,0.0,0.0,0.0,0.0,0.0,0.0,0.0
1,1,0.0,1.0,0.0,0.0,0.0,0.0,0.0,0.0,0.0,0.0,0.0,0.0
1,1,0.0,1.0,0.0,0.0,0.0,0.0,0.0,0.0,0.0,0.0,0.0,0.0
1,1,0.0,1.0,0.0,0.0,0.0,0.0,0.0,0.0,0.0,0.0,0.0,0.0
1,1,0.0,1.0,0.0,0.0,0.0,0.0,0.0,0.0,0.0,0.0,0.0,0.0
1,1,0.0,1.0,0.0,0.0,0.0,0.0,0.0,0.0,0.0,0.0,0.0,0.0
1,1,0.0,1.0,0.0,0.0,0.0,0.0,0.0,0.0,0.0,0.0,0.0,0.0
1,1,0.0,1.0,0.0,0.0,0.0,0.0,0.0,0.0,0.0,0.0,0.0,0.0
1,1,0.0,1.0,0.0,0.0,0.0,0.0,0.0,0.0,0.0,0.0,0.0,0.0
1,1,0.0,1.0,0.0,0.0,0.0,0.0,0.0,0.0,0.0,0.0,0.0,0.0
1,1,0.0,1.0,0.0,0.0,0.0,0.0,0.0,0.0,0.0,0.0,0.0,0.0
1,1,0.0,1.0,0.0,0.0,0.0,0.0,0.0,0.0,0.0,0.0,0.0,0.0
1,1,0.0,1.0,0.0,0.0,0.0,0.0,0.0,0.0,0.0,0.0,0.0,0.0
1,1,0.0,1.0,0.0,0.0,0.0,0.0,0.0,0.0,0.0,0.0,0.0,0.0
1,1,0.0,1.0,0.0,0.0,0.0,0.0,0.0,0.0,0.0,0.0,0.0,0.0
1,1,0.0,1.0,0.0,0.0,0.0,0.0,0.0,0.0,0.0,0.0,0.0,0.0
1,1,0.0,1.0,0.0,0.0,0.0,0.0,0.0,0.0,0.0,0.0,0.0,0.0
1,1,0.0,1.0,0.0,0.0,0.0,0.0,0.0,0.0,0.0,0.0,0.0,0.0
1,1,0.0,1.0,0.0,0.0,0.0,0.0,0.0,0.0,0.0,0.0,0.0,0.0
1,1,0.0,1.0,0.0,0.0,0.0,0.0,0.0,0.0,0.0,0.0,0.0,0.0
1,1,0.0,1.0,0.0,0.0,0.0,0.0,0.0,0.0,0.0,0.0,0.0,0.0
1,1,0.0,1.0,0.0,0.0,0.0,0.0,0.0,0.0,0.0,0.0,0.0,0.0
1,1,0.0,1.0,0.0,0.0,0.0,0.0,0.0,0.0,0.0,0.0,0.0,0.0
1,1,0.0,1.0,0.0,0.0,0.0,0.0,0.0,0.0,0.0,0.0,0.0,0.0
1,1,0.0,1.0,0.0,0.0,0.0,0.0,0.0,0.0,0.0,0.0,0.0,0.0
1,1,0.0,1.0,0.0,0.0,0.0,0.0,0.0,0.0,0.0,0.0,0.0,0.0
1,1,0.0,1.0,0.0,0.0,0.0,0.0,0.0,0.0,0.0,0.0,0.0,0.0
1,1,0.0,1.0,0.0,0.0,0.0,0.0,0.0,0.0,0.0,0.0,0.0,0.0
1,1,0.0,1.0,0.0,0.0,0.0,0.0,0.0,0.0,0.0,0.0,0.0,0.0
1,1,0.0,1.0,0.0,0.0,0.0,0.0,0.0,0.0,0.0,0.0,0.0,0.0
1,1,0.0,1.0,0.0,0.0,0.0,0.0,0.0,0.0,0.0,0.0,0.0,0.0
1,1,0.0,1.0,0.0,0.0,0.0,0.0,0.0,0.0,0.0,0.0,0.0,0.0
1,1,0.0,1.0,0.0,0.0,0.0,0.0,0.0,0.0,0.0,0.0,0.0,0.0
1,1,0.0,1.0,0.0,0.0,0.0,0.0,0.0,0.0,0.0,0.0,0.0,0.0
1,1,0.0,1.0,0.0,0.0,0.0,0.0,0.0,0.0,0.0,0.0,0.0,0.0
1,1,0.0,1.0,0.0,0.0,0.0,0.0,0.0,0.0,0.0,0.0,0.0,0.0
1,1,0.0,1.0,0.0,0.0,0.0,0.0,0.0,0.0,0.0,0.0,0.0,0.0
1,1,0.0,1.0,0.0,0.0,0.0,0.0,0.0,0.0,0.0,0.0,0.0,0.0
1,1,0.0,1.0,0.0,0.0,0.0,0.0,0.0,0.0,0.0,0.0,0.0,0.0
1,1,0.0,1.0,0.0,0.0,0.0,0.0,0.0,0.0,0.0,0.0,0.0,0.0
1,1,0.0,1.0,0.0,0.0,0.0,0.0,0.0,0.0,0.0,0.0,0.0,0.0
1,1,0.0,1.0,0.0,0.0,0.0,0.0,0.0,0.0,0.0,0.0,0.0,0.0
1,1,0.0,1.0,0.0,0.0,0.0,0.0,0.0,0.0,0.0,0.0,0.0,0.0
1,1,0.0,1.0,0.0,0.0,0.0,0.0,0.0,0.0,0.0,0.0,0.0,0.0
1,1,0.0,1.0,0.0,0.0,0.0,0.0,0.0,0.0,0.0,0.0,0.0,0.0
1,1,0.0,1.0,0.0,0.0,0.0,0.0,0.0,0.0,0.0,0.0,0.0,0.0
1,1,0.0,1.0,0.0,0.0,0.0,0.0,0.0,0.0,0.0,0.0,0.0,0.0
1,1,0.0,1.0,0.0,0.0,0.0,0.0,0.0,0.0,0.0,0.0,0.0,0.0
1,1,0.0,1.0,0.0,0.0,0.0,0.0,0.0,0.0,0.0,0.0,0.0,0.0
1,1,0.0,1.0,0.0,0.0,0.0,0.0,0.0,0.0,0.0,0.0,0.0,0.0
1,1,0.0,1.0,0.0,0.0,0.0,0.0,0.0,0.0,0.0,0.0,0.0,0.0
1,1,0.0,1.0,0.0,0.0,0.0,0.0,0.0,0.0,0.0,0.0,0.0,0.0
1,1,0.0,1.0,0.0,0.0,0.0,0.0,0.0,0.0,0.0,0.0,0.0,0.0
1,1,0.0,1.0,0.0,0.0,0.0,0.0,0.0,0.0,0.0,0.0,0.0,0.0
1,1,0.0,1.0,0.0,0.0,0.0,0.0,0.0,0.0,0.0,0.0,0.0,0.0
1,1,0.0,1.0,0.0,0.0,0.0,0.0,0.0,0.0,0.0,0.0,0.0,0.0
1,1,0.0,1.0,0.0,0.0,0.0,0.0,0.0,0.0,0.0,0.0,0.0,0.0
1,1,0.0,1.0,0.0,0.0,0.0,0.0,0.0,0.0,0.0,0.0,0.0,0.0
1,1,0.0,1.0,0.0,0.0,0.0,0.0,0.0,0.0,0.0,0.0,0.0,0.0
1,1,0.0,1.0,0.0,0.0,0.0,0.0,0.0,0.0,0.0,0.0,0.0,0.0
1,1,0.0,1.0,0.0,0.0,0.0,0.0,0.0,0.0,0.0,0.0,0.0,0.0
1,1,0.0,1.0,0.0,0.0,0.0,0.0,0.0,0.0,0.0,0.0,0.0,0.0
1,1,0.0,1.0,0.0,0.0,0.0,0.0,0.0,0.0,0.0,0.0,0.0,0.0
1,1,0.0,1.0,0.0,0.0,0.0,0.0,0.0,0.0,0.0,0.0,0.0,0.0
1,1,0.0,1.0,0.0,0.0,0.0,0.0,0.0,0.0,0.0,0.0,0.0,0.0
1,1,0.0,1.0,0.0,0.0,0.0,0.0,0.0,0.0,0.0,0.0,0.0,0.0
1,1,0.0,1.0,0.0,0.0,0.0,0.0,0.0,0.0,0.0,0.0,0.0,0.0
1,1,0.0,1.0,0.0,0.0,0.0,0.0,0.0,0.0,0.0,0.0,0.0,0.0
1,1,0.0,1.0,0.0,0.0,0.0,0.0,0.0,0.0,0.0,0.0,0.0,0.0
1,1,0.0,1.0,0.0,0.0,0.0,0.0,0.0,0.0,0.0,0.0,0.0,0.0
1,1,0.0,1.0,0.0,0.0,0.0,0.0,0.0,0.0,0.0,0.0,0.0,0.0
1,1,0.0,1.0,0.0,0.0,0.0,0.0,0.0,0.0,0.0,0.0,0.0,0.0
1,1,0.0,1.0,0.0,0.0,0.0,0.0,0.0,0.0,0.0,0.0,0.0,0.0
1,1,0.0,1.0,0.0,0.0,0.0,0.0,0.0,0.0,0.0,0.0,0.0,0.0
1,1,0.0,1.0,0.0,0.0,0.0,0.0,0.0,0.0,0.0,0.0,0.0,0.0
1,1,0.0,1.0,0.0,0.0,0.0,0.0,0.0,0.0,0.0,0.0,0.0,0.0
1,1,0.0,1.0,0.0,0.0,0.0,0.0,0.0,0.0,0.0,0.0,0.0,0.0
1,1,0.0,1.0,0.0,0.0,0.0,0.0,0.0,0.0,0.0,0.0,0.0,0.0
1,1,0.0,1.0,0.0,0.0,0.0,0.0,0.0,0.0,0.0,0.0,0.0,0.0
1,1,0.0,1.0,0.0,0.0,0.0,0.0,0.0,0.0,0.0,0.0,0.0,0.0
1,1,0.0,1.0,0.0,0.0,0.0,0.0,0.0,0.0,0.0,0.0,0.0,0.0
1,1,0.0,1.0,0.0,0.0,0.0,0.0,0.0,0.0,0.0,0.0,0.0,0.0
1,1,0.0,1.0,0.0,0.0,0.0,0.0,0.0,0.0,0.0,0.0,0.0,0.0
1,1,0.0,1.0,0.0,0.0,0.0,0.0,0.0,0.0,0.0,0.0,0.0,0.0
1,1,0.0,1.0,0.0,0.0,0.0,0.0,0.0,0.0,0.0,0.0,0.0,0.0
1,1,0.0,1.0,0.0,0.0,0.0,0.0,0.0,0.0,0.0,0.0,0.0,0.0
1,1,0.0,1.0,0.0,0.0,0.0,0.0,0.0,0.0,0.0,0.0,0.0,0.0
1,1,0.0,1.0,0.0,0.0,0.0,0.0,0.0,0.0,0.0,0.0,0.0,0.0
1,1,0.0,1.0,0.0,0.0,0.0,0.0,0.0,0.0,0.0,0.0,0.0,0.0
1,1,0.0,1.0,0.0,0.0,0.0,0.0,0.0,0.0,0.0,0.0,0.0,0.0
1,1,0.0,1.0,0.0,0.0,0.0,0.0,0.0,0.0,0.0,0.0,0.0,0.0
1,1,0.0,1.0,0.0,0.0,0.0,0.0,0.0,0.0,0.0,0.0,0.0,0.0
1,1,0.0,1.0,0.0,0.0,0.0,0.0,0.0,0.0,0.0,0.0,0.0,0.0
1,1,0.0,1.0,0.0,0.0,0.0,0.0,0.0,0.0,0.0,0.0,0.0,0.0
1,1,0.0,1.0,0.0,0.0,0.0,0.0,0.0,0.0,0.0,0.0,0.0,0.0
1,1,0.0,1.0,0.0,0.0,0.0,0.0,0.0,0.0,0.0,0.0,0.0,0.0
1,1,0.0,1.0,0.0,0.0,0.0,0.0,0.0,0.0,0.0,0.0,0.0,0.0
1,1,0.0,1.0,0.0,0.0,0.0,0.0,0.0,0.0,0.0,0.0,0.0,0.0
1,1,0.0,1.0,0.0,0.0,0.0,0.0,0.0,0.0,0.0,0.0,0.0,0.0
1,1,0.0,1.0,0.0,0.0,0.0,0.0,0.0,0.0,0.0,0.0,0.0,0.0
1,1,0.0,1.0,0.0,0.0,0.0,0.0,0.0,0.0,0.0,0.0,0.0,0.0
1,1,0.0,1.0,0.0,0.0,0.0,0.0,0.0,0.0,0.0,0.0,0.0,0.0
1,1,0.0,1.0,0.0,0.0,0.0,0.0,0.0,0.0,0.0,0.0,0.0,0.0
1,1,0.0,1.0,0.0,0.0,0.0,0.0,0.0,0.0,0.0,0.0,0.0,0.0
1,1,0.0,1.0,0.0,0.0,0.0,0.0,0.0,0.0,0.0,0.0,0.0,0.0
1,1,0.0,1.0,0.0,0.0,0.0,0.0,0.0,0.0,0.0,0.0,0.0,0.0
1,1,0.0,1.0,0.0,0.0,0.0,0.0,0.0,0.0,0.0,0.0,0.0,0.0
1,1,0.0,1.0,0.0,0.0,0.0,0.0,0.0,0.0,0.0,0.0,0.0,0.0
1,1,0.0,1.0,0.0,0.0,0.0,0.0,0.0,0.0,0.0,0.0,0.0,0.0
1,1,0.0,1.0,0.0,0.0,0.0,0.0,0.0,0.0,0.0,0.0,0.0,0.0
1,1,0.0,1.0,0.0,0.0,0.0,0.0,0.0,0.0,0.0,0.0,0.0,0.0
1,1,0.0,1.0,0.0,0.0,0.0,0.0,0.0,0.0,0.0,0.0,0.0,0.0
1,1,0.0,1.0,0.0,0.0,0.0,0.0,0.0,0.0,0.0,0.0,0.0,0.0
1,1,0.0,1.0,0.0,0.0,0.0,0.0,0.0,0.0,0.0,0.0,0.0,0.0
1,1,0.0,1.0,0.0,0.0,0.0,0.0,0.0,0.0,0.0,0.0,0.0,0.0
1,1,0.0,1.0,0.0,0.0,0.0,0.0,0.0,0.0,0.0,0.0,0.0,0.0
1,1,0.0,1.0,0.0,0.0,0.0,0.0,0.0,0.0,0.0,0.0,0.0,0.0
1,1,0.0,1.0,0.0,0.0,0.0,0.0,0.0,0.0,0.0,0.0,0.0,0.0
1,1,0.0,1.0,0.0,0.0,0.0,0.0,0.0,0.0,0.0,0.0,0.0,0.0
1,1,0.0,1.0,0.0,0.0,0.0,0.0,0.0,0.0,0.0,0.0,0.0,0.0
1,1,0.0,1.0,0.0,0.0,0.0,0.0,0.0,0.0,0.0,0.0,0.0,0.0
1,1,0.0,1.0,0.0,0.0,0.0,0.0,0.0,0.0,0.0,0.0,0.0,0.0
1,1,0.0,1.0,0.0,0.0,0.0,0.0,0.0,0.0,0.0,0.0,0.0,0.0
1,1,0.0,1.0,0.0,0.0,0.0,0.0,0.0,0.0,0.0,0.0,0.0,0.0
1,1,0.0,1.0,0.0,0.0,0.0,0.0,0.0,0.0,0.0,0.0,0.0,0.0
1,1,0.0,1.0,0.0,0.0,0.0,0.0,0.0,0.0,0.0,0.0,0.0,0.0
1,1,0.0,1.0,0.0,0.0,0.0,0.0,0.0,0.0,0.0,0.0,0.0,0.0
1,1,0.0,1.0,0.0,0.0,0.0,0.0,0.0,0.0,0.0,0.0,0.0,0.0
1,1,0.0,1.0,0.0,0.0,0.0,0.0,0.0,0.0,0.0,0.0,0.0,0.0
1,1,0.0,1.0,0.0,0.0,0.0,0.0,0.0,0.0,0.0,0.0,0.0,0.0
1,1,0.0,1.0,0.0,0.0,0.0,0.0,0.0,0.0,0.0,0.0,0.0,0.0
1,1,0.0,1.0,0.0,0.0,0.0,0.0,0.0,0.0,0.0,0.0,0.0,0.0
1,1,0.0,1.0,0.0,0.0,0.0,0.0,0.0,0.0,0.0,0.0,0.0,0.0
1,1,0.0,1.0,0.0,0.0,0.0,0.0,0.0,0.0,0.0,0.0,0.0,0.0
1,1,0.0,1.0,0.0,0.0,0.0,0.0,0.0,0.0,0.0,0.0,0.0,0.0
1,1,0.0,1.0,0.0,0.0,0.0,0.0,0.0,0.0,0.0,0.0,0.0,0.0
1,1,0.0,1.0,0.0,0.0,0.0,0.0,0.0,0.0,0.0,0.0,0.0,0.0
1,1,0.0,1.0,0.0,0.0,0.0,0.0,0.0,0.0,0.0,0.0,0.0,0.0
1,1,0.0,1.0,0.0,0.0,0.0,0.0,0.0,0.0,0.0,0.0,0.0,0.0
1,1,0.0,1.0,0.0,0.0,0.0,0.0,0.0,0.0,0.0,0.0,0.0,0.0
1,1,0.0,1.0,0.0,0.0,0.0,0.0,0.0,0.0,0.0,0.0,0.0,0.0
1,1,0.0,1.0,0.0,0.0,0.0,0.0,0.0,0.0,0.0,0.0,0.0,0.0
1,1,0.0,1.0,0.0,0.0,0.0,0.0,0.0,0.0,0.0,0.0,0.0,0.0
1,1,0.0,1.0,0.0,0.0,0.0,0.0,0.0,0.0,0.0,0.0,0.0,0.0
1,1,0.0,1.0,0.0,0.0,0.0,0.0,0.0,0.0,0.0,0.0,0.0,0.0
1,1,0.0,1.0,0.0,0.0,0.0,0.0,0.0,0.0,0.0,0.0,0.0,0.0
1,1,0.0,1.0,0.0,0.0,0.0,0.0,0.0,0.0,0.0,0.0,0.0,0.0
1,1,0.0,1.0,0.0,0.0,0.0,0.0,0.0,0.0,0.0,0.0,0.0,0.0
1,1,0.0,1.0,0.0,0.0,0.0,0.0,0.0,0.0,0.0,0.0,0.0,0.0
1,1,0.0,1.0,0.0,0.0,0.0,0.0,0.0,0.0,0.0,0.0,0.0,0.0
1,1,0.0,1.0,0.0,0.0,0.0,0.0,0.0,0.0,0.0,0.0,0.0,0.0
1,1,0.0,1.0,0.0,0.0,0.0,0.0,0.0,0.0,0.0,0.0,0.0,0.0
1,1,0.0,1.0,0.0,0.0,0.0,0.0,0.0,0.0,0.0,0.0,0.0,0.0
1,1,0.0,1.0,0.0,0.0,0.0,0.0,0.0,0.0,0.0,0.0,0.0,0.0
1,1,0.0,1.0,0.0,0.0,0.0,0.0,0.0,0.0,0.0,0.0,0.0,0.0
1,1,0.0,1.0,0.0,0.0,0.0,0.0,0.0,0.0,0.0,0.0,0.0,0.0
1,1,0.0,1.0,0.0,0.0,0.0,0.0,0.0,0.0,0.0,0.0,0.0,0.0
1,1,0.0,1.0,0.0,0.0,0.0,0.0,0.0,0.0,0.0,0.0,0.0,0.0
1,1,0.0,1.0,0.0,0.0,0.0,0.0,0.0,0.0,0.0,0.0,0.0,0.0
1,1,0.0,1.0,0.0,0.0,0.0,0.0,0.0,0.0,0.0,0.0,0.0,0.0
1,1,0.0,1.0,0.0,0.0,0.0,0.0,0.0,0.0,0.0,0.0,0.0,0.0
1,1,0.0,1.0,0.0,0.0,0.0,0.0,0.0,0.0,0.0,0.0,0.0,0.0
1,1,0.0,1.0,0.0,0.0,0.0,0.0,0.0,0.0,0.0,0.0,0.0,0.0
1,1,0.0,1.0,0.0,0.0,0.0,0.0,0.0,0.0,0.0,0.0,0.0,0.0
1,1,0.0,1.0,0.0,0.0,0.0,0.0,0.0,0.0,0.0,0.0,0.0,0.0
1,1,0.0,1.0,0.0,0.0,0.0,0.0,0.0,0.0,0.0,0.0,0.0,0.0
1,1,0.0,1.0,0.0,0.0,0.0,0.0,0.0,0.0,0.0,0.0,0.0,0.0
1,1,0.0,1.0,0.0,0.0,0.0,0.0,0.0,0.0,0.0,0.0,0.0,0.0
1,1,0.0,1.0,0.0,0.0,0.0,0.0,0.0,0.0,0.0,0.0,0.0,0.0
1,1,0.0,1.0,0.0,0.0,0.0,0.0,0.0,0.0,0.0,0.0,0.0,0.0
1,1,0.0,1.0,0.0,0.0,0.0,0.0,0.0,0.0,0.0,0.0,0.0,0.0
1,1,0.0,1.0,0.0,0.0,0.0,0.0,0.0,0.0,0.0,0.0,0.0,0.0
1,1,0.0,1.0,0.0,0.0,0.0,0.0,0.0,0.0,0.0,0.0,0.0,0.0
1,1,0.0,1.0,0.0,0.0,0.0,0.0,0.0,0.0,0.0,0.0,0.0,0.0
1,1,0.0,1.0,0.0,0.0,0.0,0.0,0.0,0.0,0.0,0.0,0.0,0.0
1,1,0.0,1.0,0.0,0.0,0.0,0.0,0.0,0.0,0.0,0.0,0.0,0.0
1,1,0.0,1.0,0.0,0.0,0.0,0.0,0.0,0.0,0.0,0.0,0.0,0.0
1,1,0.0,1.0,0.0,0.0,0.0,0.0,0.0,0.0,0.0,0.0,0.0,0.0
1,1,0.0,1.0,0.0,0.0,0.0,0.0,0.0,0.0,0.0,0.0,0.0,0.0
1,1,0.0,1.0,0.0,0.0,0.0,0.0,0.0,0.0,0.0,0.0,0.0,0.0
1,1,0.0,1.0,0.0,0.0,0.0,0.0,0.0,0.0,0.0,0.0,0.0,0.0
1,1,0.0,1.0,0.0,0.0,0.0,0.0,0.0,0.0,0.0,0.0,0.0,0.0
1,1,0.0,1.0,0.0,0.0,0.0,0.0,0.0,0.0,0.0,0.0,0.0,0.0
1,1,0.0,1.0,0.0,0.0,0.0,0.0,0.0,0.0,0.0,0.0,0.0,0.0
1,1,0.0,1.0,0.0,0.0,0.0,0.0,0.0,0.0,0.0,0.0,0.0,0.0
1,1,0.0,1.0,0.0,0.0,0.0,0.0,0.0,0.0,0.0,0.0,0.0,0.0
1,1,0.0,1.0,0.0,0.0,0.0,0.0,0.0,0.0,0.0,0.0,0.0,0.0
1,1,0.0,1.0,0.0,0.0,0.0,0.0,0.0,0.0,0.0,0.0,0.0,0.0
1,1,0.0,1.0,0.0,0.0,0.0,0.0,0.0,0.0,0.0,0.0,0.0,0.0
1,1,0.0,1.0,0.0,0.0,0.0,0.0,0.0,0.0,0.0,0.0,0.0,0.0
1,1,0.0,1.0,0.0,0.0,0.0,0.0,0.0,0.0,0.0,0.0,0.0,0.0
1,1,0.0,1.0,0.0,0.0,0.0,0.0,0.0,0.0,0.0,0.0,0.0,0.0
1,1,0.0,1.0,0.0,0.0,0.0,0.0,0.0,0.0,0.0,0.0,0.0,0.0
1,1,0.0,1.0,0.0,0.0,0.0,0.0,0.0,0.0,0.0,0.0,0.0,0.0
1,1,0.0,1.0,0.0,0.0,0.0,0.0,0.0,0.0,0.0,0.0,0.0,0.0
1,1,0.0,1.0,0.0,0.0,0.0,0.0,0.0,0.0,0.0,0.0,0.0,0.0
1,1,0.0,1.0,0.0,0.0,0.0,0.0,0.0,0.0,0.0,0.0,0.0,0.0
1,1,0.0,1.0,0.0,0.0,0.0,0.0,0.0,0.0,0.0,0.0,0.0,0.0
1,1,0.0,1.0,0.0,0.0,0.0,0.0,0.0,0.0,0.0,0.0,0.0,0.0
1,1,0.0,1.0,0.0,0.0,0.0,0.0,0.0,0.0,0.0,0.0,0.0,0.0
1,1,0.0,1.0,0.0,0.0,0.0,0.0,0.0,0.0,0.0,0.0,0.0,0.0
1,1,0.0,1.0,0.0,0.0,0.0,0.0,0.0,0.0,0.0,0.0,0.0,0.0
1,1,0.0,1.0,0.0,0.0,0.0,0.0,0.0,0.0,0.0,0.0,0.0,0.0
1,1,0.0,1.0,0.0,0.0,0.0,0.0,0.0,0.0,0.0,0.0,0.0,0.0
1,1,0.0,1.0,0.0,0.0,0.0,0.0,0.0,0.0,0.0,0.0,0.0,0.0
1,1,0.0,1.0,0.0,0.0,0.0,0.0,0.0,0.0,0.0,0.0,0.0,0.0
1,1,0.0,1.0,0.0,0.0,0.0,0.0,0.0,0.0,0.0,0.0,0.0,0.0
1,1,0.0,1.0,0.0,0.0,0.0,0.0,0.0,0.0,0.0,0.0,0.0,0.0
1,1,0.0,1.0,0.0,0.0,0.0,0.0,0.0,0.0,0.0,0.0,0.0,0.0
1,1,0.0,1.0,0.0,0.0,0.0,0.0,0.0,0.0,0.0,0.0,0.0,0.0
1,1,0.0,1.0,0.0,0.0,0.0,0.0,0.0,0.0,0.0,0.0,0.0,0.0
1,1,0.0,1.0,0.0,0.0,0.0,0.0,0.0,0.0,0.0,0.0,0.0,0.0
1,1,0.0,1.0,0.0,0.0,0.0,0.0,0.0,0.0,0.0,0.0,0.0,0.0
1,1,0.0,1.0,0.0,0.0,0.0,0.0,0.0,0.0,0.0,0.0,0.0,0.0
1,1,0.0,1.0,0.0,0.0,0.0,0.0,0.0,0.0,0.0,0.0,0.0,0.0
1,1,0.0,1.0,0.0,0.0,0.0,0.0,0.0,0.0,0.0,0.0,0.0,0.0
1,1,0.0,1.0,0.0,0.0,0.0,0.0,0.0,0.0,0.0,0.0,0.0,0.0
1,1,0.0,1.0,0.0,0.0,0.0,0.0,0.0,0.0,0.0,0.0,0.0,0.0
1,1,0.0,1.0,0.0,0.0,0.0,0.0,0.0,0.0,0.0,0.0,0.0,0.0
1,1,0.0,1.0,0.0,0.0,0.0,0.0,0.0,0.0,0.0,0.0,0.0,0.0
1,1,0.0,1.0,0.0,0.0,0.0,0.0,0.0,0.0,0.0,0.0,0.0,0.0
1,1,0.0,1.0,0.0,0.0,0.0,0.0,0.0,0.0,0.0,0.0,0.0,0.0
1,1,0.0,1.0,0.0,0.0,0.0,0.0,0.0,0.0,0.0,0.0,0.0,0.0
1,1,0.0,1.0,0.0,0.0,0.0,0.0,0.0,0.0,0.0,0.0,0.0,0.0
1,1,0.0,1.0,0.0,0.0,0.0,0.0,0.0,0.0,0.0,0.0,0.0,0.0
1,1,0.0,1.0,0.0,0.0,0.0,0.0,0.0,0.0,0.0,0.0,0.0,0.0
1,1,0.0,1.0,0.0,0.0,0.0,0.0,0.0,0.0,0.0,0.0,0.0,0.0
1,1,0.0,1.0,0.0,0.0,0.0,0.0,0.0,0.0,0.0,0.0,0.0,0.0
1,1,0.0,1.0,0.0,0.0,0.0,0.0,0.0,0.0,0.0,0.0,0.0,0.0
1,1,0.0,1.0,0.0,0.0,0.0,0.0,0.0,0.0,0.0,0.0,0.0,0.0
1,1,0.0,1.0,0.0,0.0,0.0,0.0,0.0,0.0,0.0,0.0,0.0,0.0
1,1,0.0,1.0,0.0,0.0,0.0,0.0,0.0,0.0,0.0,0.0,0.0,0.0
1,1,0.0,1.0,0.0,0.0,0.0,0.0,0.0,0.0,0.0,0.0,0.0,0.0
1,1,0.0,1.0,0.0,0.0,0.0,0.0,0.0,0.0,0.0,0.0,0.0,0.0
1,1,0.0,1.0,0.0,0.0,0.0,0.0,0.0,0.0,0.0,0.0,0.0,0.0
1,1,0.0,1.0,0.0,0.0,0.0,0.0,0.0,0.0,0.0,0.0,0.0,0.0
1,1,0.0,1.0,0.0,0.0,0.0,0.0,0.0,0.0,0.0,0.0,0.0,0.0
1,1,0.0,1.0,0.0,0.0,0.0,0.0,0.0,0.0,0.0,0.0,0.0,0.0
1,1,0.0,1.0,0.0,0.0,0.0,0.0,0.0,0.0,0.0,0.0,0.0,0.0
1,1,0.0,1.0,0.0,0.0,0.0,0.0,0.0,0.0,0.0,0.0,0.0,0.0
1,1,0.0,1.0,0.0,0.0,0.0,0.0,0.0,0.0,0.0,0.0,0.0,0.0
1,1,0.0,1.0,0.0,0.0,0.0,0.0,0.0,0.0,0.0,0.0,0.0,0.0
1,1,0.0,1.0,0.0,0.0,0.0,0.0,0.0,0.0,0.0,0.0,0.0,0.0
1,1,0.0,1.0,0.0,0.0,0.0,0.0,0.0,0.0,0.0,0.0,0.0,0.0
1,1,0.0,1.0,0.0,0.0,0.0,0.0,0.0,0.0,0.0,0.0,0.0,0.0
1,1,0.0,1.0,0.0,0.0,0.0,0.0,0.0,0.0,0.0,0.0,0.0,0.0
1,1,0.0,1.0,0.0,0.0,0.0,0.0,0.0,0.0,0.0,0.0,0.0,0.0
1,1,0.0,1.0,0.0,0.0,0.0,0.0,0.0,0.0,0.0,0.0,0.0,0.0
1,1,0.0,1.0,0.0,0.0,0.0,0.0,0.0,0.0,0.0,0.0,0.0,0.0
1,1,0.0,1.0,0.0,0.0,0.0,0.0,0.0,0.0,0.0,0.0,0.0,0.0
1,1,0.0,1.0,0.0,0.0,0.0,0.0,0.0,0.0,0.0,0.0,0.0,0.0
1,1,0.015625,0.984375,0.0,0.0,0.0,0.0,0.0,0.0,0.0,0.0,0.0,0.0
1,1,0.015625,0.984375,0.0,0.0,0.0,0.0,0.0,0.0,0.0,0.0,0.0,0.0
1,1,0.015625,0.984375,0.0,0.0,0.0,0.0,0.0,0.0,0.0,0.0,0.0,0.0
1,1,0.015625,0.984375,0.0,0.0,0.0,0.0,0.0,0.0,0.0,0.0,0.0,0.0
1,1,0.015625,0.984375,0.0,0.0,0.0,0.0,0.0,0.0,0.0,0.0,0.0,0.0
1,1,0.015625,0.984375,0.0,0.0,0.0,0.0,0.0,0.0,0.0,0.0,0.0,0.0
1,1,0.015625,0.984375,0.0,0.0,0.0,0.0,0.0,0.0,0.0,0.0,0.0,0.0
1,1,0.015625,0.984375,0.0,0.0,0.0,0.0,0.0,0.0,0.0,0.0,0.0,0.0
1,1,0.015625,0.984375,0.0,0.0,0.0,0.0,0.0,0.0,0.0,0.0,0.0,0.0
1,1,0.015625,0.984375,0.0,0.0,0.0,0.0,0.0,0.0,0.0,0.0,0.0,0.0
1,1,0.015625,0.984375,0.0,0.0,0.0,0.0,0.0,0.0,0.0,0.0,0.0,0.0
1,1,0.015625,0.984375,0.0,0.0,0.0,0.0,0.0,0.0,0.0,0.0,0.0,0.0
1,1,0.015625,0.984375,0.0,0.0,0.0,0.0,0.0,0.0,0.0,0.0,0.0,0.0
1,1,0.015625,0.984375,0.0,0.0,0.0,0.0,0.0,0.0,0.0,0.0,0.0,0.0
1,1,0.015625,0.984375,0.0,0.0,0.0,0.0,0.0,0.0,0.0,0.0,0.0,0.0
1,1,0.015625,0.984375,0.0,0.0,0.0,0.0,0.0,0.0,0.0,0.0,0.0,0.0
1,1,0.015625,0.984375,0.0,0.0,0.0,0.0,0.0,0.0,0.0,0.0,0.0,0.0
1,1,0.015625,0.984375,0.0,0.0,0.0,0.0,0.0,0.0,0.0,0.0,0.0,0.0
1,1,0.015625,0.984375,0.0,0.0,0.0,0.0,0.0,0.0,0.0,0.0,0.0,0.0
1,1,0.015625,0.984375,0.0,0.0,0.0,0.0,0.0,0.0,0.0,0.0,0.0,0.0
1,1,0.015625,0.984375,0.0,0.0,0.0,0.0,0.0,0.0,0.0,0.0,0.0,0.0
1,1,0.015625,0.984375,0.0,0.0,0.0,0.0,0.0,0.0,0.0,0.0,0.0,0.0
1,1,0.015625,0.984375,0.0,0.0,0.0,0.0,0.0,0.0,0.0,0.0,0.0,0.0
1,1,0.015625,0.984375,0.0,0.0,0.0,0.0,0.0,0.0,0.0,0.0,0.0,0.0
1,1,0.015625,0.984375,0.0,0.0,0.0,0.0,0.0,0.0,0.0,0.0,0.0,0.0
1,1,0.015625,0.984375,0.0,0.0,0.0,0.0,0.0,0.0,0.0,0.0,0.0,0.0
1,1,0.015625,0.984375,0.0,0.0,0.0,0.0,0.0,0.0,0.0,0.0,0.0,0.0
1,1,0.015625,0.984375,0.0,0.0,0.0,0.0,0.0,0.0,0.0,0.0,0.0,0.0
1,1,0.015625,0.984375,0.0,0.0,0.0,0.0,0.0,0.0,0.0,0.0,0.0,0.0
1,1,0.015625,0.984375,0.0,0.0,0.0,0.0,0.0,0.0,0.0,0.0,0.0,0.0
1,1,0.015625,0.984375,0.0,0.0,0.0,0.0,0.0,0.0,0.0,0.0,0.0,0.0
1,1,0.015625,0.984375,0.0,0.0,0.0,0.0,0.0,0.0,0.0,0.0,0.0,0.0
1,1,0.015625,0.984375,0.0,0.0,0.0,0.0,0.0,0.0,0.0,0.0,0.0,0.0
1,1,0.015625,0.984375,0.0,0.0,0.0,0.0,0.0,0.0,0.0,0.0,0.0,0.0
1,1,0.015625,0.984375,0.0,0.0,0.0,0.0,0.0,0.0,0.0,0.0,0.0,0.0
1,1,0.015625,0.984375,0.0,0.0,0.0,0.0,0.0,0.0,0.0,0.0,0.0,0.0
1,1,0.015625,0.984375,0.0,0.0,0.0,0.0,0.0,0.0,0.0,0.0,0.0,0.0
1,1,0.015625,0.984375,0.0,0.0,0.0,0.0,0.0,0.0,0.0,0.0,0.0,0.0
1,1,0.015625,0.984375,0.0,0.0,0.0,0.0,0.0,0.0,0.0,0.0,0.0,0.0
1,1,0.015625,0.984375,0.0,0.0,0.0,0.0,0.0,0.0,0.0,0.0,0.0,0.0
1,1,0.015625,0.984375,0.0,0.0,0.0,0.0,0.0,0.0,0.0,0.0,0.0,0.0
1,1,0.015625,0.984375,0.0,0.0,0.0,0.0,0.0,0.0,0.0,0.0,0.0,0.0
1,1,0.015625,0.984375,0.0,0.0,0.0,0.0,0.0,0.0,0.0,0.0,0.0,0.0
1,1,0.015625,0.984375,0.0,0.0,0.0,0.0,0.0,0.0,0.0,0.0,0.0,0.0
1,1,0.015625,0.984375,0.0,0.0,0.0,0.0,0.0,0.0,0.0,0.0,0.0,0.0
1,1,0.015625,0.984375,0.0,0.0,0.0,0.0,0.0,0.0,0.0,0.0,0.0,0.0
1,1,0.015625,0.984375,0.0,0.0,0.0,0.0,0.0,0.0,0.0,0.0,0.0,0.0
1,1,0.015625,0.984375,0.0,0.0,0.0,0.0,0.0,0.0,0.0,0.0,0.0,0.0
1,1,0.015625,0.984375,0.0,0.0,0.0,0.0,0.0,0.0,0.0,0.0,0.0,0.0
1,1,0.015625,0.984375,0.0,0.0,0.0,0.0,0.0,0.0,0.0,0.0,0.0,0.0
1,1,0.015625,0.984375,0.0,0.0,0.0,0.0,0.0,0.0,0.0,0.0,0.0,0.0
1,1,0.015625,0.984375,0.0,0.0,0.0,0.0,0.0,0.0,0.0,0.0,0.0,0.0
1,1,0.015625,0.984375,0.0,0.0,0.0,0.0,0.0,0.0,0.0,0.0,0.0,0.0
1,1,0.015625,0.984375,0.0,0.0,0.0,0.0,0.0,0.0,0.0,0.0,0.0,0.0
1,1,0.015625,0.984375,0.0,0.0,0.0,0.0,0.0,0.0,0.0,0.0,0.0,0.0
1,1,0.015625,0.984375,0.0,0.0,0.0,0.0,0.0,0.0,0.0,0.0,0.0,0.0
1,1,0.015625,0.984375,0.0,0.0,0.0,0.0,0.0,0.0,0.0,0.0,0.0,0.0
1,1,0.015625,0.984375,0.0,0.0,0.0,0.0,0.0,0.0,0.0,0.0,0.0,0.0
1,1,0.015625,0.984375,0.0,0.0,0.0,0.0,0.0,0.0,0.0,0.0,0.0,0.0
1,1,0.015625,0.984375,0.0,0.0,0.0,0.0,0.0,0.0,0.0,0.0,0.0,0.0
1,1,0.015625,0.984375,0.0,0.0,0.0,0.0,0.0,0.0,0.0,0.0,0.0,0.0
1,1,0.015625,0.984375,0.0,0.0,0.0,0.0,0.0,0.0,0.0,0.0,0.0,0.0
1,1,0.015625,0.984375,0.0,0.0,0.0,0.0,0.0,0.0,0.0,0.0,0.0,0.0
1,1,0.015625,0.984375,0.0,0.0,0.0,0.0,0.0,0.0,0.0,0.0,0.0,0.0
1,1,0.015625,0.984375,0.0,0.0,0.0,0.0,0.0,0.0,0.0,0.0,0.0,0.0
1,1,0.015625,0.984375,0.0,0.0,0.0,0.0,0.0,0.0,0.0,0.0,0.0,0.0
1,1,0.015625,0.984375,0.0,0.0,0.0,0.0,0.0,0.0,0.0,0.0,0.0,0.0
1,1,0.015625,0.984375,0.0,0.0,0.0,0.0,0.0,0.0,0.0,0.0,0.0,0.0
1,1,0.015625,0.984375,0.0,0.0,0.0,0.0,0.0,0.0,0.0,0.0,0.0,0.0
1,1,0.015625,0.984375,0.0,0.0,0.0,0.0,0.0,0.0,0.0,0.0,0.0,0.0
1,1,0.015625,0.984375,0.0,0.0,0.0,0.0,0.0,0.0,0.0,0.0,0.0,0.0
1,1,0.015625,0.984375,0.0,0.0,0.0,0.0,0.0,0.0,0.0,0.0,0.0,0.0
1,1,0.015625,0.984375,0.0,0.0,0.0,0.0,0.0,0.0,0.0,0.0,0.0,0.0
1,1,0.015625,0.984375,0.0,0.0,0.0,0.0,0.0,0.0,0.0,0.0,0.0,0.0
1,1,0.015625,0.984375,0.0,0.0,0.0,0.0,0.0,0.0,0.0,0.0,0.0,0.0
1,1,0.015625,0.984375,0.0,0.0,0.0,0.0,0.0,0.0,0.0,0.0,0.0,0.0
1,1,0.015625,0.984375,0.0,0.0,0.0,0.0,0.0,0.0,0.0,0.0,0.0,0.0
1,1,0.015625,0.984375,0.0,0.0,0.0,0.0,0.0,0.0,0.0,0.0,0.0,0.0
1,1,0.015625,0.984375,0.0,0.0,0.0,0.0,0.0,0.0,0.0,0.0,0.0,0.0
1,1,0.015625,0.984375,0.0,0.0,0.0,0.0,0.0,0.0,0.0,0.0,0.0,0.0
1,1,0.015625,0.984375,0.0,0.0,0.0,0.0,0.0,0.0,0.0,0.0,0.0,0.0
1,1,0.015625,0.984375,0.0,0.0,0.0,0.0,0.0,0.0,0.0,0.0,0.0,0.0
1,1,0.015625,0.984375,0.0,0.0,0.0,0.0,0.0,0.0,0.0,0.0,0.0,0.0
1,1,0.015625,0.984375,0.0,0.0,0.0,0.0,0.0,0.0,0.0,0.0,0.0,0.0
1,1,0.015625,0.984375,0.0,0.0,0.0,0.0,0.0,0.0,0.0,0.0,0.0,0.0
1,1,0.015625,0.984375,0.0,0.0,0.0,0.0,0.0,0.0,0.0,0.0,0.0,0.0
1,1,0.015625,0.984375,0.0,0.0,0.0,0.0,0.0,0.0,0.0,0.0,0.0,0.0
1,1,0.015625,0.984375,0.0,0.0,0.0,0.0,0.0,0.0,0.0,0.0,0.0,0.0
1,1,0.015625,0.984375,0.0,0.0,0.0,0.0,0.0,0.0,0.0,0.0,0.0,0.0
1,1,0.015625,0.984375,0.0,0.0,0.0,0.0,0.0,0.0,0.0,0.0,0.0,0.0
1,1,0.015625,0.984375,0.0,0.0,0.0,0.0,0.0,0.0,0.0,0.0,0.0,0.0
1,1,0.015625,0.984375,0.0,0.0,0.0,0.0,0.0,0.0,0.0,0.0,0.0,0.0
1,1,0.015625,0.984375,0.0,0.0,0.0,0.0,0.0,0.0,0.0,0.0,0.0,0.0
1,1,0.015625,0.984375,0.0,0.0,0.0,0.0,0.0,0.0,0.0,0.0,0.0,0.0
1,1,0.015625,0.984375,0.0,0.0,0.0,0.0,0.0,0.0,0.0,0.0,0.0,0.0
1,1,0.015625,0.984375,0.0,0.0,0.0,0.0,0.0,0.0,0.0,0.0,0.0,0.0
1,1,0.015625,0.984375,0.0,0.0,0.0,0.0,0.0,0.0,0.0,0.0,0.0,0.0
1,1,0.015625,0.984375,0.0,0.0,0.0,0.0,0.0,0.0,0.0,0.0,0.0,0.0
1,1,0.015625,0.984375,0.0,0.0,0.0,0.0,0.0,0.0,0.0,0.0,0.0,0.0
1,1,0.015625,0.984375,0.0,0.0,0.0,0.0,0.0,0.0,0.0,0.0,0.0,0.0
1,1,0.015625,0.984375,0.0,0.0,0.0,0.0,0.0,0.0,0.0,0.0,0.0,0.0
1,1,0.015625,0.984375,0.0,0.0,0.0,0.0,0.0,0.0,0.0,0.0,0.0,0.0
1,1,0.015625,0.984375,0.0,0.0,0.0,0.0,0.0,0.0,0.0,0.0,0.0,0.0
1,1,0.015625,0.984375,0.0,0.0,0.0,0.0,0.0,0.0,0.0,0.0,0.0,0.0
1,1,0.015625,0.984375,0.0,0.0,0.0,0.0,0.0,0.0,0.0,0.0,0.0,0.0
1,1,0.015625,0.984375,0.0,0.0,0.0,0.0,0.0,0.0,0.0,0.0,0.0,0.0
1,1,0.015625,0.984375,0.0,0.0,0.0,0.0,0.0,0.0,0.0,0.0,0.0,0.0
1,1,0.015625,0.984375,0.0,0.0,0.0,0.0,0.0,0.0,0.0,0.0,0.0,0.0
1,1,0.015625,0.984375,0.0,0.0,0.0,0.0,0.0,0.0,0.0,0.0,0.0,0.0
1,1,0.015625,0.984375,0.0,0.0,0.0,0.0,0.0,0.0,0.0,0.0,0.0,0.0
1,1,0.015625,0.984375,0.0,0.0,0.0,0.0,0.0,0.0,0.0,0.0,0.0,0.0
1,1,0.015625,0.984375,0.0,0.0,0.0,0.0,0.0,0.0,0.0,0.0,0.0,0.0
1,1,0.015625,0.984375,0.0,0.0,0.0,0.0,0.0,0.0,0.0,0.0,0.0,0.0
1,1,0.015625,0.984375,0.0,0.0,0.0,0.0,0.0,0.0,0.0,0.0,0.0,0.0
1,1,0.015625,0.984375,0.0,0.0,0.0,0.0,0.0,0.0,0.0,0.0,0.0,0.0
1,1,0.015625,0.984375,0.0,0.0,0.0,0.0,0.0,0.0,0.0,0.0,0.0,0.0
1,1,0.015625,0.984375,0.0,0.0,0.0,0.0,0.0,0.0,0.0,0.0,0.0,0.0
1,1,0.015625,0.984375,0.0,0.0,0.0,0.0,0.0,0.0,0.0,0.0,0.0,0.0
1,1,0.015625,0.984375,0.0,0.0,0.0,0.0,0.0,0.0,0.0,0.0,0.0,0.0
1,1,0.015625,0.984375,0.0,0.0,0.0,0.0,0.0,0.0,0.0,0.0,0.0,0.0
1,1,0.015625,0.984375,0.0,0.0,0.0,0.0,0.0,0.0,0.0,0.0,0.0,0.0
1,1,0.015625,0.984375,0.0,0.0,0.0,0.0,0.0,0.0,0.0,0.0,0.0,0.0
1,1,0.015625,0.984375,0.0,0.0,0.0,0.0,0.0,0.0,0.0,0.0,0.0,0.0
1,1,0.015625,0.984375,0.0,0.0,0.0,0.0,0.0,0.0,0.0,0.0,0.0,0.0
1,1,0.015625,0.984375,0.0,0.0,0.0,0.0,0.0,0.0,0.0,0.0,0.0,0.0
1,1,0.015625,0.984375,0.0,0.0,0.0,0.0,0.0,0.0,0.0,0.0,0.0,0.0
1,1,0.015625,0.984375,0.0,0.0,0.0,0.0,0.0,0.0,0.0,0.0,0.0,0.0
1,1,0.015625,0.984375,0.0,0.0,0.0,0.0,0.0,0.0,0.0,0.0,0.0,0.0
1,1,0.015625,0.984375,0.0,0.0,0.0,0.0,0.0,0.0,0.0,0.0,0.0,0.0
1,1,0.015625,0.984375,0.0,0.0,0.0,0.0,0.0,0.0,0.0,0.0,0.0,0.0
1,1,0.015625,0.984375,0.0,0.0,0.0,0.0,0.0,0.0,0.0,0.0,0.0,0.0
1,1,0.015625,0.984375,0.0,0.0,0.0,0.0,0.0,0.0,0.0,0.0,0.0,0.0
1,1,0.015625,0.984375,0.0,0.0,0.0,0.0,0.0,0.0,0.0,0.0,0.0,0.0
1,1,0.015625,0.984375,0.0,0.0,0.0,0.0,0.0,0.0,0.0,0.0,0.0,0.0
1,1,0.015625,0.984375,0.0,0.0,0.0,0.0,0.0,0.0,0.0,0.0,0.0,0.0
1,1,0.015625,0.984375,0.0,0.0,0.0,0.0,0.0,0.0,0.0,0.0,0.0,0.0
1,1,0.015625,0.984375,0.0,0.0,0.0,0.0,0.0,0.0,0.0,0.0,0.0,0.0
1,1,0.015625,0.984375,0.0,0.0,0.0,0.0,0.0,0.0,0.0,0.0,0.0,0.0
1,1,0.015625,0.984375,0.0,0.0,0.0,0.0,0.0,0.0,0.0,0.0,0.0,0.0
1,1,0.015625,0.984375,0.0,0.0,0.0,0.0,0.0,0.0,0.0,0.0,0.0,0.0
1,1,0.015625,0.984375,0.0,0.0,0.0,0.0,0.0,0.0,0.0,0.0,0.0,0.0
1,1,0.015625,0.984375,0.0,0.0,0.0,0.0,0.0,0.0,0.0,0.0,0.0,0.0
1,1,0.015625,0.984375,0.0,0.0,0.0,0.0,0.0,0.0,0.0,0.0,0.0,0.0
1,1,0.015625,0.984375,0.0,0.0,0.0,0.0,0.0,0.0,0.0,0.0,0.0,0.0
1,1,0.015625,0.984375,0.0,0.0,0.0,0.0,0.0,0.0,0.0,0.0,0.0,0.0
1,1,0.015625,0.984375,0.0,0.0,0.0,0.0,0.0,0.0,0.0,0.0,0.0,0.0
1,1,0.015625,0.984375,0.0,0.0,0.0,0.0,0.0,0.0,0.0,0.0,0.0,0.0
1,1,0.015625,0.984375,0.0,0.0,0.0,0.0,0.0,0.0,0.0,0.0,0.0,0.0
1,1,0.015625,0.984375,0.0,0.0,0.0,0.0,0.0,0.0,0.0,0.0,0.0,0.0
1,1,0.015625,0.984375,0.0,0.0,0.0,0.0,0.0,0.0,0.0,0.0,0.0,0.0
1,1,0.015625,0.984375,0.0,0.0,0.0,0.0,0.0,0.0,0.0,0.0,0.0,0.0
1,1,0.015625,0.984375,0.0,0.0,0.0,0.0,0.0,0.0,0.0,0.0,0.0,0.0
1,1,0.015625,0.984375,0.0,0.0,0.0,0.0,0.0,0.0,0.0,0.0,0.0,0.0
1,1,0.015625,0.984375,0.0,0.0,0.0,0.0,0.0,0.0,0.0,0.0,0.0,0.0
1,1,0.015625,0.984375,0.0,0.0,0.0,0.0,0.0,0.0,0.0,0.0,0.0,0.0
1,1,0.015625,0.984375,0.0,0.0,0.0,0.0,0.0,0.0,0.0,0.0,0.0,0.0
1,1,0.015625,0.984375,0.0,0.0,0.0,0.0,0.0,0.0,0.0,0.0,0.0,0.0
1,1,0.015625,0.984375,0.0,0.0,0.0,0.0,0.0,0.0,0.0,0.0,0.0,0.0
1,1,0.015625,0.984375,0.0,0.0,0.0,0.0,0.0,0.0,0.0,0.0,0.0,0.0
1,1,0.015625,0.984375,0.0,0.0,0.0,0.0,0.0,0.0,0.0,0.0,0.0,0.0
1,1,0.015625,0.984375,0.0,0.0,0.0,0.0,0.0,0.0,0.0,0.0,0.0,0.0
1,1,0.015625,0.984375,0.0,0.0,0.0,0.0,0.0,0.0,0.0,0.0,0.0,0.0
1,1,0.015625,0.984375,0.0,0.0,0.0,0.0,0.0,0.0,0.0,0.0,0.0,0.0
1,1,0.015625,0.984375,0.0,0.0,0.0,0.0,0.0,0.0,0.0,0.0,0.0,0.0
1,1,0.015625,0.984375,0.0,0.0,0.0,0.0,0.0,0.0,0.0,0.0,0.0,0.0
1,1,0.015625,0.984375,0.0,0.0,0.0,0.0,0.0,0.0,0.0,0.0,0.0,0.0
1,1,0.015625,0.984375,0.0,0.0,0.0,0.0,0.0,0.0,0.0,0.0,0.0,0.0
1,1,0.015625,0.984375,0.0,0.0,0.0,0.0,0.0,0.0,0.0,0.0,0.0,0.0
1,1,0.015625,0.984375,0.0,0.0,0.0,0.0,0.0,0.0,0.0,0.0,0.0,0.0
1,1,0.015625,0.984375,0.0,0.0,0.0,0.0,0.0,0.0,0.0,0.0,0.0,0.0
1,1,0.015625,0.984375,0.0,0.0,0.0,0.0,0.0,0.0,0.0,0.0,0.0,0.0
1,1,0.015625,0.984375,0.0,0.0,0.0,0.0,0.0,0.0,0.0,0.0,0.0,0.0
1,1,0.015625,0.984375,0.0,0.0,0.0,0.0,0.0,0.0,0.0,0.0,0.0,0.0
1,1,0.015625,0.984375,0.0,0.0,0.0,0.0,0.0,0.0,0.0,0.0,0.0,0.0
1,1,0.015625,0.984375,0.0,0.0,0.0,0.0,0.0,0.0,0.0,0.0,0.0,0.0
1,1,0.015625,0.984375,0.0,0.0,0.0,0.0,0.0,0.0,0.0,0.0,0.0,0.0
1,1,0.015625,0.984375,0.0,0.0,0.0,0.0,0.0,0.0,0.0,0.0,0.0,0.0
1,1,0.015625,0.984375,0.0,0.0,0.0,0.0,0.0,0.0,0.0,0.0,0.0,0.0
1,1,0.015625,0.984375,0.0,0.0,0.0,0.0,0.0,0.0,0.0,0.0,0.0,0.0
1,1,0.015625,0.984375,0.0,0.0,0.0,0.0,0.0,0.0,0.0,0.0,0.0,0.0
1,1,0.015625,0.984375,0.0,0.0,0.0,0.0,0.0,0.0,0.0,0.0,0.0,0.0
1,1,0.015625,0.984375,0.0,0.0,0.0,0.0,0.0,0.0,0.0,0.0,0.0,0.0
1,1,0.015625,0.984375,0.0,0.0,0.0,0.0,0.0,0.0,0.0,0.0,0.0,0.0
1,1,0.015625,0.984375,0.0,0.0,0.0,0.0,0.0,0.0,0.0,0.0,0.0,0.0
1,1,0.015625,0.984375,0.0,0.0,0.0,0.0,0.0,0.0,0.0,0.0,0.0,0.0
1,1,0.015625,0.984375,0.0,0.0,0.0,0.0,0.0,0.0,0.0,0.0,0.0,0.0
1,1,0.015625,0.984375,0.0,0.0,0.0,0.0,0.0,0.0,0.0,0.0,0.0,0.0
1,1,0.015625,0.984375,0.0,0.0,0.0,0.0,0.0,0.0,0.0,0.0,0.0,0.0
1,1,0.015625,0.984375,0.0,0.0,0.0,0.0,0.0,0.0,0.0,0.0,0.0,0.0
1,1,0.015625,0.984375,0.0,0.0,0.0,0.0,0.0,0.0,0.0,0.0,0.0,0.0
1,1,0.015625,0.984375,0.0,0.0,0.0,0.0,0.0,0.0,0.0,0.0,0.0,0.0
1,1,0.015625,0.984375,0.0,0.0,0.0,0.0,0.0,0.0,0.0,0.0,0.0,0.0
1,1,0.0,1.0,0.0,0.0,0.0,0.0,0.0,0.0,0.0,0.0,0.0,0.0
1,1,0.0,1.0,0.0,0.0,0.0,0.0,0.0,0.0,0.0,0.0,0.0,0.0
1,1,0.0,1.0,0.0,0.0,0.0,0.0,0.0,0.0,0.0,0.0,0.0,0.0
1,1,0.0,1.0,0.0,0.0,0.0,0.0,0.0,0.0,0.0,0.0,0.0,0.0
1,1,0.0,1.0,0.0,0.0,0.0,0.0,0.0,0.0,0.0,0.0,0.0,0.0
1,1,0.0,1.0,0.0,0.0,0.0,0.0,0.0,0.0,0.0,0.0,0.0,0.0
1,1,0.0,1.0,0.0,0.0,0.0,0.0,0.0,0.0,0.0,0.0,0.0,0.0
1,1,0.0,1.0,0.0,0.0,0.0,0.0,0.0,0.0,0.0,0.0,0.0,0.0
1,1,0.0,1.0,0.0,0.0,0.0,0.0,0.0,0.0,0.0,0.0,0.0,0.0
1,1,0.0,1.0,0.0,0.0,0.0,0.0,0.0,0.0,0.0,0.0,0.0,0.0
1,1,0.0,1.0,0.0,0.0,0.0,0.0,0.0,0.0,0.0,0.0,0.0,0.0
1,1,0.0,1.0,0.0,0.0,0.0,0.0,0.0,0.0,0.0,0.0,0.0,0.0
1,1,0.0,1.0,0.0,0.0,0.0,0.0,0.0,0.0,0.0,0.0,0.0,0.0
1,1,0.0,1.0,0.0,0.0,0.0,0.0,0.0,0.0,0.0,0.0,0.0,0.0
1,1,0.0,1.0,0.0,0.0,0.0,0.0,0.0,0.0,0.0,0.0,0.0,0.0
1,1,0.0,1.0,0.0,0.0,0.0,0.0,0.0,0.0,0.0,0.0,0.0,0.0
1,1,0.0,1.0,0.0,0.0,0.0,0.0,0.0,0.0,0.0,0.0,0.0,0.0
1,1,0.0,1.0,0.0,0.0,0.0,0.0,0.0,0.0,0.0,0.0,0.0,0.0
1,1,0.0,1.0,0.0,0.0,0.0,0.0,0.0,0.0,0.0,0.0,0.0,0.0
1,1,0.0,1.0,0.0,0.0,0.0,0.0,0.0,0.0,0.0,0.0,0.0,0.0
1,1,0.0,1.0,0.0,0.0,0.0,0.0,0.0,0.0,0.0,0.0,0.0,0.0
1,1,0.0,1.0,0.0,0.0,0.0,0.0,0.0,0.0,0.0,0.0,0.0,0.0
1,1,0.0,1.0,0.0,0.0,0.0,0.0,0.0,0.0,0.0,0.0,0.0,0.0
1,1,0.0,1.0,0.0,0.0,0.0,0.0,0.0,0.0,0.0,0.0,0.0,0.0
1,1,0.0,1.0,0.0,0.0,0.0,0.0,0.0,0.0,0.0,0.0,0.0,0.0
1,1,0.0,1.0,0.0,0.0,0.0,0.0,0.0,0.0,0.0,0.0,0.0,0.0
1,1,0.0,1.0,0.0,0.0,0.0,0.0,0.0,0.0,0.0,0.0,0.0,0.0
1,1,0.0,1.0,0.0,0.0,0.0,0.0,0.0,0.0,0.0,0.0,0.0,0.0
1,1,0.0,1.0,0.0,0.0,0.0,0.0,0.0,0.0,0.0,0.0,0.0,0.0
1,1,0.0,1.0,0.0,0.0,0.0,0.0,0.0,0.0,0.0,0.0,0.0,0.0
1,1,0.0,1.0,0.0,0.0,0.0,0.0,0.0,0.0,0.0,0.0,0.0,0.0
1,1,0.0,1.0,0.0,0.0,0.0,0.0,0.0,0.0,0.0,0.0,0.0,0.0
1,1,0.0,1.0,0.0,0.0,0.0,0.0,0.0,0.0,0.0,0.0,0.0,0.0
1,1,0.0,1.0,0.0,0.0,0.0,0.0,0.0,0.0,0.0,0.0,0.0,0.0
1,1,0.0,1.0,0.0,0.0,0.0,0.0,0.0,0.0,0.0,0.0,0.0,0.0
1,1,0.0,1.0,0.0,0.0,0.0,0.0,0.0,0.0,0.0,0.0,0.0,0.0
1,1,0.0,1.0,0.0,0.0,0.0,0.0,0.0,0.0,0.0,0.0,0.0,0.0
1,1,0.0,1.0,0.0,0.0,0.0,0.0,0.0,0.0,0.0,0.0,0.0,0.0
1,1,0.0,1.0,0.0,0.0,0.0,0.0,0.0,0.0,0.0,0.0,0.0,0.0
1,1,0.0,1.0,0.0,0.0,0.0,0.0,0.0,0.0,0.0,0.0,0.0,0.0
1,1,0.0,1.0,0.0,0.0,0.0,0.0,0.0,0.0,0.0,0.0,0.0,0.0
1,1,0.0,1.0,0.0,0.0,0.0,0.0,0.0,0.0,0.0,0.0,0.0,0.0
1,1,0.0,1.0,0.0,0.0,0.0,0.0,0.0,0.0,0.0,0.0,0.0,0.0
1,1,0.0,1.0,0.0,0.0,0.0,0.0,0.0,0.0,0.0,0.0,0.0,0.0
1,1,0.0,1.0,0.0,0.0,0.0,0.0,0.0,0.0,0.0,0.0,0.0,0.0
1,1,0.0,1.0,0.0,0.0,0.0,0.0,0.0,0.0,0.0,0.0,0.0,0.0
1,1,0.0,1.0,0.0,0.0,0.0,0.0,0.0,0.0,0.0,0.0,0.0,0.0
1,1,0.0,1.0,0.0,0.0,0.0,0.0,0.0,0.0,0.0,0.0,0.0,0.0
1,1,0.0,1.0,0.0,0.0,0.0,0.0,0.0,0.0,0.0,0.0,0.0,0.0
1,1,0.0,1.0,0.0,0.0,0.0,0.0,0.0,0.0,0.0,0.0,0.0,0.0
1,1,0.0,1.0,0.0,0.0,0.0,0.0,0.0,0.0,0.0,0.0,0.0,0.0
1,1,0.0,1.0,0.0,0.0,0.0,0.0,0.0,0.0,0.0,0.0,0.0,0.0
1,1,0.0,1.0,0.0,0.0,0.0,0.0,0.0,0.0,0.0,0.0,0.0,0.0
1,1,0.0,1.0,0.0,0.0,0.0,0.0,0.0,0.0,0.0,0.0,0.0,0.0
1,1,0.0,1.0,0.0,0.0,0.0,0.0,0.0,0.0,0.0,0.0,0.0,0.0
1,1,0.0,1.0,0.0,0.0,0.0,0.0,0.0,0.0,0.0,0.0,0.0,0.0
1,1,0.0,1.0,0.0,0.0,0.0,0.0,0.0,0.0,0.0,0.0,0.0,0.0
1,1,0.0,1.0,0.0,0.0,0.0,0.0,0.0,0.0,0.0,0.0,0.0,0.0
1,1,0.0,1.0,0.0,0.0,0.0,0.0,0.0,0.0,0.0,0.0,0.0,0.0
1,1,0.0,1.0,0.0,0.0,0.0,0.0,0.0,0.0,0.0,0.0,0.0,0.0
1,1,0.0,1.0,0.0,0.0,0.0,0.0,0.0,0.0,0.0,0.0,0.0,0.0
1,1,0.0,1.0,0.0,0.0,0.0,0.0,0.0,0.0,0.0,0.0,0.0,0.0
1,1,0.0,1.0,0.0,0.0,0.0,0.0,0.0,0.0,0.0,0.0,0.0,0.0
1,1,0.0,1.0,0.0,0.0,0.0,0.0,0.0,0.0,0.0,0.0,0.0,0.0
1,1,0.0,1.0,0.0,0.0,0.0,0.0,0.0,0.0,0.0,0.0,0.0,0.0
1,1,0.0,1.0,0.0,0.0,0.0,0.0,0.0,0.0,0.0,0.0,0.0,0.0
1,1,0.0,1.0,0.0,0.0,0.0,0.0,0.0,0.0,0.0,0.0,0.0,0.0
1,1,0.0,1.0,0.0,0.0,0.0,0.0,0.0,0.0,0.0,0.0,0.0,0.0
1,1,0.0,1.0,0.0,0.0,0.0,0.0,0.0,0.0,0.0,0.0,0.0,0.0
1,1,0.0,1.0,0.0,0.0,0.0,0.0,0.0,0.0,0.0,0.0,0.0,0.0
1,1,0.0,1.0,0.0,0.0,0.0,0.0,0.0,0.0,0.0,0.0,0.0,0.0
1,1,0.0,1.0,0.0,0.0,0.0,0.0,0.0,0.0,0.0,0.0,0.0,0.0
1,1,0.0,1.0,0.0,0.0,0.0,0.0,0.0,0.0,0.0,0.0,0.0,0.0
1,1,0.0,1.0,0.0,0.0,0.0,0.0,0.0,0.0,0.0,0.0,0.0,0.0
1,1,0.0,1.0,0.0,0.0,0.0,0.0,0.0,0.0,0.0,0.0,0.0,0.0
1,1,0.0,1.0,0.0,0.0,0.0,0.0,0.0,0.0,0.0,0.0,0.0,0.0
1,1,0.0,1.0,0.0,0.0,0.0,0.0,0.0,0.0,0.0,0.0,0.0,0.0
1,1,0.0,1.0,0.0,0.0,0.0,0.0,0.0,0.0,0.0,0.0,0.0,0.0
1,1,0.0,1.0,0.0,0.0,0.0,0.0,0.0,0.0,0.0,0.0,0.0,0.0
1,1,0.0,1.0,0.0,0.0,0.0,0.0,0.0,0.0,0.0,0.0,0.0,0.0
1,1,0.0,1.0,0.0,0.0,0.0,0.0,0.0,0.0,0.0,0.0,0.0,0.0
1,1,0.0,1.0,0.0,0.0,0.0,0.0,0.0,0.0,0.0,0.0,0.0,0.0
1,1,0.0,1.0,0.0,0.0,0.0,0.0,0.0,0.0,0.0,0.0,0.0,0.0
1,1,0.0,1.0,0.0,0.0,0.0,0.0,0.0,0.0,0.0,0.0,0.0,0.0
1,1,0.0,1.0,0.0,0.0,0.0,0.0,0.0,0.0,0.0,0.0,0.0,0.0
1,1,0.0,1.0,0.0,0.0,0.0,0.0,0.0,0.0,0.0,0.0,0.0,0.0
1,1,0.0,1.0,0.0,0.0,0.0,0.0,0.0,0.0,0.0,0.0,0.0,0.0
1,1,0.0,1.0,0.0,0.0,0.0,0.0,0.0,0.0,0.0,0.0,0.0,0.0
1,1,0.0,1.0,0.0,0.0,0.0,0.0,0.0,0.0,0.0,0.0,0.0,0.0
1,1,0.0,1.0,0.0,0.0,0.0,0.0,0.0,0.0,0.0,0.0,0.0,0.0
1,1,0.0,1.0,0.0,0.0,0.0,0.0,0.0,0.0,0.0,0.0,0.0,0.0
1,1,0.0,1.0,0.0,0.0,0.0,0.0,0.0,0.0,0.0,0.0,0.0,0.0
1,1,0.0,1.0,0.0,0.0,0.0,0.0,0.0,0.0,0.0,0.0,0.0,0.0
1,1,0.0,1.0,0.0,0.0,0.0,0.0,0.0,0.0,0.0,0.0,0.0,0.0
1,1,0.0,1.0,0.0,0.0,0.0,0.0,0.0,0.0,0.0,0.0,0.0,0.0
1,1,0.0,1.0,0.0,0.0,0.0,0.0,0.0,0.0,0.0,0.0,0.0,0.0
1,1,0.0,1.0,0.0,0.0,0.0,0.0,0.0,0.0,0.0,0.0,0.0,0.0
1,1,0.0,1.0,0.0,0.0,0.0,0.0,0.0,0.0,0.0,0.0,0.0,0.0
1,1,0.0,1.0,0.0,0.0,0.0,0.0,0.0,0.0,0.0,0.0,0.0,0.0
1,1,0.0,1.0,0.0,0.0,0.0,0.0,0.0,0.0,0.0,0.0,0.0,0.0
1,1,0.0,1.0,0.0,0.0,0.0,0.0,0.0,0.0,0.0,0.0,0.0,0.0
1,1,0.0,1.0,0.0,0.0,0.0,0.0,0.0,0.0,0.0,0.0,0.0,0.0
1,1,0.0,1.0,0.0,0.0,0.0,0.0,0.0,0.0,0.0,0.0,0.0,0.0
1,1,0.0,1.0,0.0,0.0,0.0,0.0,0.0,0.0,0.0,0.0,0.0,0.0
1,1,0.0,1.0,0.0,0.0,0.0,0.0,0.0,0.0,0.0,0.0,0.0,0.0
1,1,0.0,1.0,0.0,0.0,0.0,0.0,0.0,0.0,0.0,0.0,0.0,0.0
1,1,0.0,1.0,0.0,0.0,0.0,0.0,0.0,0.0,0.0,0.0,0.0,0.0
1,1,0.0,1.0,0.0,0.0,0.0,0.0,0.0,0.0,0.0,0.0,0.0,0.0
1,1,0.0,1.0,0.0,0.0,0.0,0.0,0.0,0.0,0.0,0.0,0.0,0.0
1,1,0.0,1.0,0.0,0.0,0.0,0.0,0.0,0.0,0.0,0.0,0.0,0.0
1,1,0.0,1.0,0.0,0.0,0.0,0.0,0.0,0.0,0.0,0.0,0.0,0.0
1,1,0.0,1.0,0.0,0.0,0.0,0.0,0.0,0.0,0.0,0.0,0.0,0.0
1,1,0.0,1.0,0.0,0.0,0.0,0.0,0.0,0.0,0.0,0.0,0.0,0.0
1,1,0.0,1.0,0.0,0.0,0.0,0.0,0.0,0.0,0.0,0.0,0.0,0.0
1,1,0.0,1.0,0.0,0.0,0.0,0.0,0.0,0.0,0.0,0.0,0.0,0.0
1,1,0.0,1.0,0.0,0.0,0.0,0.0,0.0,0.0,0.0,0.0,0.0,0.0
1,1,0.0,1.0,0.0,0.0,0.0,0.0,0.0,0.0,0.0,0.0,0.0,0.0
1,1,0.0,1.0,0.0,0.0,0.0,0.0,0.0,0.0,0.0,0.0,0.0,0.0
1,1,0.0,1.0,0.0,0.0,0.0,0.0,0.0,0.0,0.0,0.0,0.0,0.0
1,1,0.0,1.0,0.0,0.0,0.0,0.0,0.0,0.0,0.0,0.0,0.0,0.0
1,1,0.0,1.0,0.0,0.0,0.0,0.0,0.0,0.0,0.0,0.0,0.0,0.0
1,1,0.0,1.0,0.0,0.0,0.0,0.0,0.0,0.0,0.0,0.0,0.0,0.0
1,1,0.0,1.0,0.0,0.0,0.0,0.0,0.0,0.0,0.0,0.0,0.0,0.0
1,1,0.0,1.0,0.0,0.0,0.0,0.0,0.0,0.0,0.0,0.0,0.0,0.0
1,1,0.0,1.0,0.0,0.0,0.0,0.0,0.0,0.0,0.0,0.0,0.0,0.0
1,1,0.0,1.0,0.0,0.0,0.0,0.0,0.0,0.0,0.0,0.0,0.0,0.0
1,1,0.0,1.0,0.0,0.0,0.0,0.0,0.0,0.0,0.0,0.0,0.0,0.0
1,1,0.0,1.0,0.0,0.0,0.0,0.0,0.0,0.0,0.0,0.0,0.0,0.0
1,1,0.0,1.0,0.0,0.0,0.0,0.0,0.0,0.0,0.0,0.0,0.0,0.0
1,1,0.0,1.0,0.0,0.0,0.0,0.0,0.0,0.0,0.0,0.0,0.0,0.0
1,1,0.0,1.0,0.0,0.0,0.0,0.0,0.0,0.0,0.0,0.0,0.0,0.0
1,1,0.0,1.0,0.0,0.0,0.0,0.0,0.0,0.0,0.0,0.0,0.0,0.0
1,1,0.0,1.0,0.0,0.0,0.0,0.0,0.0,0.0,0.0,0.0,0.0,0.0
1,1,0.0,1.0,0.0,0.0,0.0,0.0,0.0,0.0,0.0,0.0,0.0,0.0
1,1,0.0,1.0,0.0,0.0,0.0,0.0,0.0,0.0,0.0,0.0,0.0,0.0
1,1,0.0,1.0,0.0,0.0,0.0,0.0,0.0,0.0,0.0,0.0,0.0,0.0
1,1,0.0,1.0,0.0,0.0,0.0,0.0,0.0,0.0,0.0,0.0,0.0,0.0
1,1,0.0,1.0,0.0,0.0,0.0,0.0,0.0,0.0,0.0,0.0,0.0,0.0
1,1,0.0,1.0,0.0,0.0,0.0,0.0,0.0,0.0,0.0,0.0,0.0,0.0
1,1,0.0,1.0,0.0,0.0,0.0,0.0,0.0,0.0,0.0,0.0,0.0,0.0
1,1,0.0,1.0,0.0,0.0,0.0,0.0,0.0,0.0,0.0,0.0,0.0,0.0
1,1,0.0,1.0,0.0,0.0,0.0,0.0,0.0,0.0,0.0,0.0,0.0,0.0
1,1,0.0,1.0,0.0,0.0,0.0,0.0,0.0,0.0,0.0,0.0,0.0,0.0
1,1,0.0,1.0,0.0,0.0,0.0,0.0,0.0,0.0,0.0,0.0,0.0,0.0
1,1,0.0,1.0,0.0,0.0,0.0,0.0,0.0,0.0,0.0,0.0,0.0,0.0
1,1,0.0,1.0,0.0,0.0,0.0,0.0,0.0,0.0,0.0,0.0,0.0,0.0
1,1,0.0,1.0,0.0,0.0,0.0,0.0,0.0,0.0,0.0,0.0,0.0,0.0
1,1,0.0,1.0,0.0,0.0,0.0,0.0,0.0,0.0,0.0,0.0,0.0,0.0
1,1,0.0,1.0,0.0,0.0,0.0,0.0,0.0,0.0,0.0,0.0,0.0,0.0
1,1,0.0,1.0,0.0,0.0,0.0,0.0,0.0,0.0,0.0,0.0,0.0,0.0
1,1,0.0,1.0,0.0,0.0,0.0,0.0,0.0,0.0,0.0,0.0,0.0,0.0
1,1,0.0,1.0,0.0,0.0,0.0,0.0,0.0,0.0,0.0,0.0,0.0,0.0
1,1,0.0,1.0,0.0,0.0,0.0,0.0,0.0,0.0,0.0,0.0,0.0,0.0
1,1,0.0,1.0,0.0,0.0,0.0,0.0,0.0,0.0,0.0,0.0,0.0,0.0
1,1,0.0,1.0,0.0,0.0,0.0,0.0,0.0,0.0,0.0,0.0,0.0,0.0
1,1,0.0,1.0,0.0,0.0,0.0,0.0,0.0,0.0,0.0,0.0,0.0,0.0
1,1,0.0,1.0,0.0,0.0,0.0,0.0,0.0,0.0,0.0,0.0,0.0,0.0
1,1,0.0,1.0,0.0,0.0,0.0,0.0,0.0,0.0,0.0,0.0,0.0,0.0
1,1,0.0,1.0,0.0,0.0,0.0,0.0,0.0,0.0,0.0,0.0,0.0,0.0
1,1,0.0,1.0,0.0,0.0,0.0,0.0,0.0,0.0,0.0,0.0,0.0,0.0
1,1,0.0,1.0,0.0,0.0,0.0,0.0,0.0,0.0,0.0,0.0,0.0,0.0
1,1,0.0,1.0,0.0,0.0,0.0,0.0,0.0,0.0,0.0,0.0,0.0,0.0
1,1,0.0,1.0,0.0,0.0,0.0,0.0,0.0,0.0,0.0,0.0,0.0,0.0
1,1,0.0,1.0,0.0,0.0,0.0,0.0,0.0,0.0,0.0,0.0,0.0,0.0
1,1,0.0,1.0,0.0,0.0,0.0,0.0,0.0,0.0,0.0,0.0,0.0,0.0
1,1,0.0,1.0,0.0,0.0,0.0,0.0,0.0,0.0,0.0,0.0,0.0,0.0
1,1,0.0,1.0,0.0,0.0,0.0,0.0,0.0,0.0,0.0,0.0,0.0,0.0
1,1,0.0,1.0,0.0,0.0,0.0,0.0,0.0,0.0,0.0,0.0,0.0,0.0
1,1,0.0,1.0,0.0,0.0,0.0,0.0,0.0,0.0,0.0,0.0,0.0,0.0
1,1,0.0,1.0,0.0,0.0,0.0,0.0,0.0,0.0,0.0,0.0,0.0,0.0
1,1,0.0,1.0,0.0,0.0,0.0,0.0,0.0,0.0,0.0,0.0,0.0,0.0
1,1,0.0,1.0,0.0,0.0,0.0,0.0,0.0,0.0,0.0,0.0,0.0,0.0
1,1,0.0,1.0,0.0,0.0,0.0,0.0,0.0,0.0,0.0,0.0,0.0,0.0
1,1,0.0,1.0,0.0,0.0,0.0,0.0,0.0,0.0,0.0,0.0,0.0,0.0
1,1,0.0,1.0,0.0,0.0,0.0,0.0,0.0,0.0,0.0,0.0,0.0,0.0
1,1,0.0,1.0,0.0,0.0,0.0,0.0,0.0,0.0,0.0,0.0,0.0,0.0
1,1,0.0,1.0,0.0,0.0,0.0,0.0,0.0,0.0,0.0,0.0,0.0,0.0
1,1,0.0,1.0,0.0,0.0,0.0,0.0,0.0,0.0,0.0,0.0,0.0,0.0
1,1,0.0,1.0,0.0,0.0,0.0,0.0,0.0,0.0,0.0,0.0,0.0,0.0
1,1,0.0,1.0,0.0,0.0,0.0,0.0,0.0,0.0,0.0,0.0,0.0,0.0
1,1,0.0,1.0,0.0,0.0,0.0,0.0,0.0,0.0,0.0,0.0,0.0,0.0
1,1,0.0,1.0,0.0,0.0,0.0,0.0,0.0,0.0,0.0,0.0,0.0,0.0
1,1,0.0,1.0,0.0,0.0,0.0,0.0,0.0,0.0,0.0,0.0,0.0,0.0
1,1,0.0,1.0,0.0,0.0,0.0,0.0,0.0,0.0,0.0,0.0,0.0,0.0
1,1,0.0,1.0,0.0,0.0,0.0,0.0,0.0,0.0,0.0,0.0,0.0,0.0
1,1,0.0,1.0,0.0,0.0,0.0,0.0,0.0,0.0,0.0,0.0,0.0,0.0
1,1,0.0,1.0,0.0,0.0,0.0,0.0,0.0,0.0,0.0,0.0,0.0,0.0
1,1,0.0,1.0,0.0,0.0,0.0,0.0,0.0,0.0,0.0,0.0,0.0,0.0
1,1,0.0,1.0,0.0,0.0,0.0,0.0,0.0,0.0,0.0,0.0,0.0,0.0
1,1,0.0,1.0,0.0,0.0,0.0,0.0,0.0,0.0,0.0,0.0,0.0,0.0
1,1,0.0,1.0,0.0,0.0,0.0,0.0,0.0,0.0,0.0,0.0,0.0,0.0
1,1,0.0,1.0,0.0,0.0,0.0,0.0,0.0,0.0,0.0,0.0,0.0,0.0
1,1,0.0,1.0,0.0,0.0,0.0,0.0,0.0,0.0,0.0,0.0,0.0,0.0
1,1,0.0,1.0,0.0,0.0,0.0,0.0,0.0,0.0,0.0,0.0,0.0,0.0
1,1,0.0,1.0,0.0,0.0,0.0,0.0,0.0,0.0,0.0,0.0,0.0,0.0
1,1,0.0,1.0,0.0,0.0,0.0,0.0,0.0,0.0,0.0,0.0,0.0,0.0
1,1,0.0,1.0,0.0,0.0,0.0,0.0,0.0,0.0,0.0,0.0,0.0,0.0
1,1,0.0,1.0,0.0,0.0,0.0,0.0,0.0,0.0,0.0,0.0,0.0,0.0
1,1,0.0,1.0,0.0,0.0,0.0,0.0,0.0,0.0,0.0,0.0,0.0,0.0
1,1,0.0,1.0,0.0,0.0,0.0,0.0,0.0,0.0,0.0,0.0,0.0,0.0
1,1,0.0,1.0,0.0,0.0,0.0,0.0,0.0,0.0,0.0,0.0,0.0,0.0
1,1,0.0,1.0,0.0,0.0,0.0,0.0,0.0,0.0,0.0,0.0,0.0,0.0
1,1,0.0,1.0,0.0,0.0,0.0,0.0,0.0,0.0,0.0,0.0,0.0,0.0
1,1,0.0,1.0,0.0,0.0,0.0,0.0,0.0,0.0,0.0,0.0,0.0,0.0
1,1,0.0,1.0,0.0,0.0,0.0,0.0,0.0,0.0,0.0,0.0,0.0,0.0
1,1,0.0,1.0,0.0,0.0,0.0,0.0,0.0,0.0,0.0,0.0,0.0,0.0
1,1,0.0,1.0,0.0,0.0,0.0,0.0,0.0,0.0,0.0,0.0,0.0,0.0
1,1,0.0,1.0,0.0,0.0,0.0,0.0,0.0,0.0,0.0,0.0,0.0,0.0
1,1,0.0,1.0,0.0,0.0,0.0,0.0,0.0,0.0,0.0,0.0,0.0,0.0
1,1,0.0,1.0,0.0,0.0,0.0,0.0,0.0,0.0,0.0,0.0,0.0,0.0
1,1,0.0,1.0,0.0,0.0,0.0,0.0,0.0,0.0,0.0,0.0,0.0,0.0
1,1,0.0,1.0,0.0,0.0,0.0,0.0,0.0,0.0,0.0,0.0,0.0,0.0
1,1,0.0,1.0,0.0,0.0,0.0,0.0,0.0,0.0,0.0,0.0,0.0,0.0
1,1,0.0,1.0,0.0,0.0,0.0,0.0,0.0,0.0,0.0,0.0,0.0,0.0
1,1,0.0,1.0,0.0,0.0,0.0,0.0,0.0,0.0,0.0,0.0,0.0,0.0
1,1,0.0,1.0,0.0,0.0,0.0,0.0,0.0,0.0,0.0,0.0,0.0,0.0
1,1,0.0,1.0,0.0,0.0,0.0,0.0,0.0,0.0,0.0,0.0,0.0,0.0
1,1,0.0,1.0,0.0,0.0,0.0,0.0,0.0,0.0,0.0,0.0,0.0,0.0
1,1,0.0,1.0,0.0,0.0,0.0,0.0,0.0,0.0,0.0,0.0,0.0,0.0
1,1,0.0,1.0,0.0,0.0,0.0,0.0,0.0,0.0,0.0,0.0,0.0,0.0
1,1,0.0,1.0,0.0,0.0,0.0,0.0,0.0,0.0,0.0,0.0,0.0,0.0
1,1,0.0,1.0,0.0,0.0,0.0,0.0,0.0,0.0,0.0,0.0,0.0,0.0
1,1,0.0,1.0,0.0,0.0,0.0,0.0,0.0,0.0,0.0,0.0,0.0,0.0
1,1,0.0,1.0,0.0,0.0,0.0,0.0,0.0,0.0,0.0,0.0,0.0,0.0
1,1,0.0,1.0,0.0,0.0,0.0,0.0,0.0,0.0,0.0,0.0,0.0,0.0
1,1,0.0,1.0,0.0,0.0,0.0,0.0,0.0,0.0,0.0,0.0,0.0,0.0
1,1,0.0,1.0,0.0,0.0,0.0,0.0,0.0,0.0,0.0,0.0,0.0,0.0
1,1,0.0,1.0,0.0,0.0,0.0,0.0,0.0,0.0,0.0,0.0,0.0,0.0
1,1,0.0,1.0,0.0,0.0,0.0,0.0,0.0,0.0,0.0,0.0,0.0,0.0
1,1,0.0,1.0,0.0,0.0,0.0,0.0,0.0,0.0,0.0,0.0,0.0,0.0
1,1,0.0,1.0,0.0,0.0,0.0,0.0,0.0,0.0,0.0,0.0,0.0,0.0
1,1,0.0,1.0,0.0,0.0,0.0,0.0,0.0,0.0,0.0,0.0,0.0,0.0
1,1,0.0,1.0,0.0,0.0,0.0,0.0,0.0,0.0,0.0,0.0,0.0,0.0
1,1,0.0,1.0,0.0,0.0,0.0,0.0,0.0,0.0,0.0,0.0,0.0,0.0
1,1,0.0,1.0,0.0,0.0,0.0,0.0,0.0,0.0,0.0,0.0,0.0,0.0
1,1,0.0,1.0,0.0,0.0,0.0,0.0,0.0,0.0,0.0,0.0,0.0,0.0
1,1,0.0,1.0,0.0,0.0,0.0,0.0,0.0,0.0,0.0,0.0,0.0,0.0
1,1,0.0,1.0,0.0,0.0,0.0,0.0,0.0,0.0,0.0,0.0,0.0,0.0
1,1,0.0,1.0,0.0,0.0,0.0,0.0,0.0,0.0,0.0,0.0,0.0,0.0
1,1,0.0,1.0,0.0,0.0,0.0,0.0,0.0,0.0,0.0,0.0,0.0,0.0
1,1,0.0,1.0,0.0,0.0,0.0,0.0,0.0,0.0,0.0,0.0,0.0,0.0
1,1,0.0,1.0,0.0,0.0,0.0,0.0,0.0,0.0,0.0,0.0,0.0,0.0
1,1,0.0,1.0,0.0,0.0,0.0,0.0,0.0,0.0,0.0,0.0,0.0,0.0
1,1,0.0,1.0,0.0,0.0,0.0,0.0,0.0,0.0,0.0,0.0,0.0,0.0
1,1,0.0,1.0,0.0,0.0,0.0,0.0,0.0,0.0,0.0,0.0,0.0,0.0
1,1,0.0,1.0,0.0,0.0,0.0,0.0,0.0,0.0,0.0,0.0,0.0,0.0
1,1,0.0,1.0,0.0,0.0,0.0,0.0,0.0,0.0,0.0,0.0,0.0,0.0
1,1,0.0,1.0,0.0,0.0,0.0,0.0,0.0,0.0,0.0,0.0,0.0,0.0
1,1,0.0,1.0,0.0,0.0,0.0,0.0,0.0,0.0,0.0,0.0,0.0,0.0
1,1,0.0,1.0,0.0,0.0,0.0,0.0,0.0,0.0,0.0,0.0,0.0,0.0
1,1,0.0,1.0,0.0,0.0,0.0,0.0,0.0,0.0,0.0,0.0,0.0,0.0
1,1,0.0,1.0,0.0,0.0,0.0,0.0,0.0,0.0,0.0,0.0,0.0,0.0
1,1,0.0,1.0,0.0,0.0,0.0,0.0,0.0,0.0,0.0,0.0,0.0,0.0
1,1,0.0,1.0,0.0,0.0,0.0,0.0,0.0,0.0,0.0,0.0,0.0,0.0
1,1,0.0,1.0,0.0,0.0,0.0,0.0,0.0,0.0,0.0,0.0,0.0,0.0
1,1,0.0,1.0,0.0,0.0,0.0,0.0,0.0,0.0,0.0,0.0,0.0,0.0
1,1,0.0,1.0,0.0,0.0,0.0,0.0,0.0,0.0,0.0,0.0,0.0,0.0
1,1,0.0,1.0,0.0,0.0,0.0,0.0,0.0,0.0,0.0,0.0,0.0,0.0
1,1,0.0,1.0,0.0,0.0,0.0,0.0,0.0,0.0,0.0,0.0,0.0,0.0
1,1,0.0,1.0,0.0,0.0,0.0,0.0,0.0,0.0,0.0,0.0,0.0,0.0
1,1,0.0,1.0,0.0,0.0,0.0,0.0,0.0,0.0,0.0,0.0,0.0,0.0
1,1,0.0,1.0,0.0,0.0,0.0,0.0,0.0,0.0,0.0,0.0,0.0,0.0
1,1,0.0,1.0,0.0,0.0,0.0,0.0,0.0,0.0,0.0,0.0,0.0,0.0
1,1,0.0,1.0,0.0,0.0,0.0,0.0,0.0,0.0,0.0,0.0,0.0,0.0
1,1,0.0,1.0,0.0,0.0,0.0,0.0,0.0,0.0,0.0,0.0,0.0,0.0
1,1,0.0,1.0,0.0,0.0,0.0,0.0,0.0,0.0,0.0,0.0,0.0,0.0
1,1,0.0,1.0,0.0,0.0,0.0,0.0,0.0,0.0,0.0,0.0,0.0,0.0
1,1,0.0,1.0,0.0,0.0,0.0,0.0,0.0,0.0,0.0,0.0,0.0,0.0
1,1,0.0,1.0,0.0,0.0,0.0,0.0,0.0,0.0,0.0,0.0,0.0,0.0
1,1,0.0,1.0,0.0,0.0,0.0,0.0,0.0,0.0,0.0,0.0,0.0,0.0
1,1,0.0,1.0,0.0,0.0,0.0,0.0,0.0,0.0,0.0,0.0,0.0,0.0
1,1,0.0,1.0,0.0,0.0,0.0,0.0,0.0,0.0,0.0,0.0,0.0,0.0
1,1,0.0,1.0,0.0,0.0,0.0,0.0,0.0,0.0,0.0,0.0,0.0,0.0
1,1,0.0,1.0,0.0,0.0,0.0,0.0,0.0,0.0,0.0,0.0,0.0,0.0
1,1,0.0,1.0,0.0,0.0,0.0,0.0,0.0,0.0,0.0,0.0,0.0,0.0
1,1,0.0,1.0,0.0,0.0,0.0,0.0,0.0,0.0,0.0,0.0,0.0,0.0
1,1,0.0,1.0,0.0,0.0,0.0,0.0,0.0,0.0,0.0,0.0,0.0,0.0
1,1,0.0,1.0,0.0,0.0,0.0,0.0,0.0,0.0,0.0,0.0,0.0,0.0
1,1,0.0,1.0,0.0,0.0,0.0,0.0,0.0,0.0,0.0,0.0,0.0,0.0
1,1,0.0,1.0,0.0,0.0,0.0,0.0,0.0,0.0,0.0,0.0,0.0,0.0
1,1,0.0,1.0,0.0,0.0,0.0,0.0,0.0,0.0,0.0,0.0,0.0,0.0
1,1,0.0,1.0,0.0,0.0,0.0,0.0,0.0,0.0,0.0,0.0,0.0,0.0
1,1,0.0,1.0,0.0,0.0,0.0,0.0,0.0,0.0,0.0,0.0,0.0,0.0
1,1,0.0,1.0,0.0,0.0,0.0,0.0,0.0,0.0,0.0,0.0,0.0,0.0
1,1,0.0,1.0,0.0,0.0,0.0,0.0,0.0,0.0,0.0,0.0,0.0,0.0
1,1,0.0,1.0,0.0,0.0,0.0,0.0,0.0,0.0,0.0,0.0,0.0,0.0
1,1,0.0,1.0,0.0,0.0,0.0,0.0,0.0,0.0,0.0,0.0,0.0,0.0
1,1,0.0,1.0,0.0,0.0,0.0,0.0,0.0,0.0,0.0,0.0,0.0,0.0
1,1,0.0,1.0,0.0,0.0,0.0,0.0,0.0,0.0,0.0,0.0,0.0,0.0
1,1,0.0,1.0,0.0,0.0,0.0,0.0,0.0,0.0,0.0,0.0,0.0,0.0
1,1,0.0,1.0,0.0,0.0,0.0,0.0,0.0,0.0,0.0,0.0,0.0,0.0
1,1,0.0,1.0,0.0,0.0,0.0,0.0,0.0,0.0,0.0,0.0,0.0,0.0
1,1,0.0,1.0,0.0,0.0,0.0,0.0,0.0,0.0,0.0,0.0,0.0,0.0
1,1,0.0,1.0,0.0,0.0,0.0,0.0,0.0,0.0,0.0,0.0,0.0,0.0
1,1,0.0,1.0,0.0,0.0,0.0,0.0,0.0,0.0,0.0,0.0,0.0,0.0
1,1,0.0,1.0,0.0,0.0,0.0,0.0,0.0,0.0,0.0,0.0,0.0,0.0
1,1,0.0,1.0,0.0,0.0,0.0,0.0,0.0,0.0,0.0,0.0,0.0,0.0
1,1,0.0,1.0,0.0,0.0,0.0,0.0,0.0,0.0,0.0,0.0,0.0,0.0
1,1,0.0,1.0,0.0,0.0,0.0,0.0,0.0,0.0,0.0,0.0,0.0,0.0
1,1,0.0,1.0,0.0,0.0,0.0,0.0,0.0,0.0,0.0,0.0,0.0,0.0
1,1,0.0,1.0,0.0,0.0,0.0,0.0,0.0,0.0,0.0,0.0,0.0,0.0
1,1,0.0,1.0,0.0,0.0,0.0,0.0,0.0,0.0,0.0,0.0,0.0,0.0
1,1,0.0,1.0,0.0,0.0,0.0,0.0,0.0,0.0,0.0,0.0,0.0,0.0
1,1,0.0,1.0,0.0,0.0,0.0,0.0,0.0,0.0,0.0,0.0,0.0,0.0
1,1,0.0,1.0,0.0,0.0,0.0,0.0,0.0,0.0,0.0,0.0,0.0,0.0
1,1,0.0,1.0,0.0,0.0,0.0,0.0,0.0,0.0,0.0,0.0,0.0,0.0
1,1,0.0,1.0,0.0,0.0,0.0,0.0,0.0,0.0,0.0,0.0,0.0,0.0
1,1,0.0,1.0,0.0,0.0,0.0,0.0,0.0,0.0,0.0,0.0,0.0,0.0
1,1,0.0,1.0,0.0,0.0,0.0,0.0,0.0,0.0,0.0,0.0,0.0,0.0
1,1,0.0,1.0,0.0,0.0,0.0,0.0,0.0,0.0,0.0,0.0,0.0,0.0
1,1,0.0,1.0,0.0,0.0,0.0,0.0,0.0,0.0,0.0,0.0,0.0,0.0
1,1,0.0,1.0,0.0,0.0,0.0,0.0,0.0,0.0,0.0,0.0,0.0,0.0
1,1,0.0,1.0,0.0,0.0,0.0,0.0,0.0,0.0,0.0,0.0,0.0,0.0
1,1,0.0,1.0,0.0,0.0,0.0,0.0,0.0,0.0,0.0,0.0,0.0,0.0
1,1,0.0,1.0,0.0,0.0,0.0,0.0,0.0,0.0,0.0,0.0,0.0,0.0
1,1,0.0,1.0,0.0,0.0,0.0,0.0,0.0,0.0,0.0,0.0,0.0,0.0
1,1,0.0,1.0,0.0,0.0,0.0,0.0,0.0,0.0,0.0,0.0,0.0,0.0
1,1,0.0,1.0,0.0,0.0,0.0,0.0,0.0,0.0,0.0,0.0,0.0,0.0
1,1,0.0,1.0,0.0,0.0,0.0,0.0,0.0,0.0,0.0,0.0,0.0,0.0
1,1,0.0,1.0,0.0,0.0,0.0,0.0,0.0,0.0,0.0,0.0,0.0,0.0
1,1,0.0,1.0,0.0,0.0,0.0,0.0,0.0,0.0,0.0,0.0,0.0,0.0
1,1,0.0,1.0,0.0,0.0,0.0,0.0,0.0,0.0,0.0,0.0,0.0,0.0
1,1,0.0,1.0,0.0,0.0,0.0,0.0,0.0,0.0,0.0,0.0,0.0,0.0
1,1,0.0,1.0,0.0,0.0,0.0,0.0,0.0,0.0,0.0,0.0,0.0,0.0
1,1,0.0,1.0,0.0,0.0,0.0,0.0,0.0,0.0,0.0,0.0,0.0,0.0
1,1,0.0,1.0,0.0,0.0,0.0,0.0,0.0,0.0,0.0,0.0,0.0,0.0
1,1,0.0,1.0,0.0,0.0,0.0,0.0,0.0,0.0,0.0,0.0,0.0,0.0
1,1,0.0,1.0,0.0,0.0,0.0,0.0,0.0,0.0,0.0,0.0,0.0,0.0
1,1,0.0,1.0,0.0,0.0,0.0,0.0,0.0,0.0,0.0,0.0,0.0,0.0
1,1,0.0,1.0,0.0,0.0,0.0,0.0,0.0,0.0,0.0,0.0,0.0,0.0
1,1,0.0,1.0,0.0,0.0,0.0,0.0,0.0,0.0,0.0,0.0,0.0,0.0
1,1,0.0,1.0,0.0,0.0,0.0,0.0,0.0,0.0,0.0,0.0,0.0,0.0
1,1,0.0,1.0,0.0,0.0,0.0,0.0,0.0,0.0,0.0,0.0,0.0,0.0
1,1,0.0,1.0,0.0,0.0,0.0,0.0,0.0,0.0,0.0,0.0,0.0,0.0
1,1,0.0,1.0,0.0,0.0,0.0,0.0,0.0,0.0,0.0,0.0,0.0,0.0
1,1,0.0,1.0,0.0,0.0,0.0,0.0,0.0,0.0,0.0,0.0,0.0,0.0
1,1,0.0,1.0,0.0,0.0,0.0,0.0,0.0,0.0,0.0,0.0,0.0,0.0
1,1,0.0,1.0,0.0,0.0,0.0,0.0,0.0,0.0,0.0,0.0,0.0,0.0
1,1,0.0,1.0,0.0,0.0,0.0,0.0,0.0,0.0,0.0,0.0,0.0,0.0
1,1,0.0,1.0,0.0,0.0,0.0,0.0,0.0,0.0,0.0,0.0,0.0,0.0
1,1,0.0,1.0,0.0,0.0,0.0,0.0,0.0,0.0,0.0,0.0,0.0,0.0
1,1,0.0,1.0,0.0,0.0,0.0,0.0,0.0,0.0,0.0,0.0,0.0,0.0
1,1,0.0,1.0,0.0,0.0,0.0,0.0,0.0,0.0,0.0,0.0,0.0,0.0
1,1,0.0,1.0,0.0,0.0,0.0,0.0,0.0,0.0,0.0,0.0,0.0,0.0
1,1,0.0,1.0,0.0,0.0,0.0,0.0,0.0,0.0,0.0,0.0,0.0,0.0
1,1,0.0,1.0,0.0,0.0,0.0,0.0,0.0,0.0,0.0,0.0,0.0,0.0
1,1,0.0,1.0,0.0,0.0,0.0,0.0,0.0,0.0,0.0,0.0,0.0,0.0
1,1,0.0,1.0,0.0,0.0,0.0,0.0,0.0,0.0,0.0,0.0,0.0,0.0
1,1,0.0,1.0,0.0,0.0,0.0,0.0,0.0,0.0,0.0,0.0,0.0,0.0
1,1,0.0,1.0,0.0,0.0,0.0,0.0,0.0,0.0,0.0,0.0,0.0,0.0
1,1,0.0,1.0,0.0,0.0,0.0,0.0,0.0,0.0,0.0,0.0,0.0,0.0
1,1,0.0,1.0,0.0,0.0,0.0,0.0,0.0,0.0,0.0,0.0,0.0,0.0
1,1,0.0,1.0,0.0,0.0,0.0,0.0,0.0,0.0,0.0,0.0,0.0,0.0
1,1,0.0,1.0,0.0,0.0,0.0,0.0,0.0,0.0,0.0,0.0,0.0,0.0
1,1,0.0,1.0,0.0,0.0,0.0,0.0,0.0,0.0,0.0,0.0,0.0,0.0
1,1,0.0,1.0,0.0,0.0,0.0,0.0,0.0,0.0,0.0,0.0,0.0,0.0
1,1,0.0,1.0,0.0,0.0,0.0,0.0,0.0,0.0,0.0,0.0,0.0,0.0
1,1,0.0,1.0,0.0,0.0,0.0,0.0,0.0,0.0,0.0,0.0,0.0,0.0
1,1,0.0,1.0,0.0,0.0,0.0,0.0,0.0,0.0,0.0,0.0,0.0,0.0
1,1,0.0,1.0,0.0,0.0,0.0,0.0,0.0,0.0,0.0,0.0,0.0,0.0
1,1,0.0,1.0,0.0,0.0,0.0,0.0,0.0,0.0,0.0,0.0,0.0,0.0
1,1,0.0,1.0,0.0,0.0,0.0,0.0,0.0,0.0,0.0,0.0,0.0,0.0
1,1,0.0,1.0,0.0,0.0,0.0,0.0,0.0,0.0,0.0,0.0,0.0,0.0
1,1,0.0,1.0,0.0,0.0,0.0,0.0,0.0,0.0,0.0,0.0,0.0,0.0
1,1,0.0,1.0,0.0,0.0,0.0,0.0,0.0,0.0,0.0,0.0,0.0,0.0
1,1,0.0,1.0,0.0,0.0,0.0,0.0,0.0,0.0,0.0,0.0,0.0,0.0
1,1,0.0,1.0,0.0,0.0,0.0,0.0,0.0,0.0,0.0,0.0,0.0,0.0
1,1,0.0,1.0,0.0,0.0,0.0,0.0,0.0,0.0,0.0,0.0,0.0,0.0
1,1,0.0,1.0,0.0,0.0,0.0,0.0,0.0,0.0,0.0,0.0,0.0,0.0
1,1,0.0,1.0,0.0,0.0,0.0,0.0,0.0,0.0,0.0,0.0,0.0,0.0
1,1,0.0,1.0,0.0,0.0,0.0,0.0,0.0,0.0,0.0,0.0,0.0,0.0
1,1,0.0,1.0,0.0,0.0,0.0,0.0,0.0,0.0,0.0,0.0,0.0,0.0
1,1,0.0,1.0,0.0,0.0,0.0,0.0,0.0,0.0,0.0,0.0,0.0,0.0
1,1,0.0,1.0,0.0,0.0,0.0,0.0,0.0,0.0,0.0,0.0,0.0,0.0
1,1,0.0,1.0,0.0,0.0,0.0,0.0,0.0,0.0,0.0,0.0,0.0,0.0
1,1,0.0,1.0,0.0,0.0,0.0,0.0,0.0,0.0,0.0,0.0,0.0,0.0
1,1,0.0,1.0,0.0,0.0,0.0,0.0,0.0,0.0,0.0,0.0,0.0,0.0
1,1,0.0,1.0,0.0,0.0,0.0,0.0,0.0,0.0,0.0,0.0,0.0,0.0
1,1,0.0,1.0,0.0,0.0,0.0,0.0,0.0,0.0,0.0,0.0,0.0,0.0
1,1,0.0,1.0,0.0,0.0,0.0,0.0,0.0,0.0,0.0,0.0,0.0,0.0
1,1,0.0,1.0,0.0,0.0,0.0,0.0,0.0,0.0,0.0,0.0,0.0,0.0
1,1,0.0,1.0,0.0,0.0,0.0,0.0,0.0,0.0,0.0,0.0,0.0,0.0
1,1,0.0,1.0,0.0,0.0,0.0,0.0,0.0,0.0,0.0,0.0,0.0,0.0
1,1,0.0,1.0,0.0,0.0,0.0,0.0,0.0,0.0,0.0,0.0,0.0,0.0
1,1,0.0,1.0,0.0,0.0,0.0,0.0,0.0,0.0,0.0,0.0,0.0,0.0
1,1,0.0,1.0,0.0,0.0,0.0,0.0,0.0,0.0,0.0,0.0,0.0,0.0
1,1,0.0,1.0,0.0,0.0,0.0,0.0,0.0,0.0,0.0,0.0,0.0,0.0
1,1,0.0,1.0,0.0,0.0,0.0,0.0,0.0,0.0,0.0,0.0,0.0,0.0
1,1,0.0,1.0,0.0,0.0,0.0,0.0,0.0,0.0,0.0,0.0,0.0,0.0
1,1,0.0,1.0,0.0,0.0,0.0,0.0,0.0,0.0,0.0,0.0,0.0,0.0
1,1,0.0,1.0,0.0,0.0,0.0,0.0,0.0,0.0,0.0,0.0,0.0,0.0
1,1,0.0,1.0,0.0,0.0,0.0,0.0,0.0,0.0,0.0,0.0,0.0,0.0
1,1,0.0,1.0,0.0,0.0,0.0,0.0,0.0,0.0,0.0,0.0,0.0,0.0
1,1,0.0,1.0,0.0,0.0,0.0,0.0,0.0,0.0,0.0,0.0,0.0,0.0
1,1,0.0,1.0,0.0,0.0,0.0,0.0,0.0,0.0,0.0,0.0,0.0,0.0
1,1,0.0,1.0,0.0,0.0,0.0,0.0,0.0,0.0,0.0,0.0,0.0,0.0
1,1,0.0,1.0,0.0,0.0,0.0,0.0,0.0,0.0,0.0,0.0,0.0,0.0
1,1,0.0,1.0,0.0,0.0,0.0,0.0,0.0,0.0,0.0,0.0,0.0,0.0
1,1,0.0,1.0,0.0,0.0,0.0,0.0,0.0,0.0,0.0,0.0,0.0,0.0
1,1,0.0,1.0,0.0,0.0,0.0,0.0,0.0,0.0,0.0,0.0,0.0,0.0
1,1,0.0,1.0,0.0,0.0,0.0,0.0,0.0,0.0,0.0,0.0,0.0,0.0
1,1,0.0,1.0,0.0,0.0,0.0,0.0,0.0,0.0,0.0,0.0,0.0,0.0
1,1,0.0,1.0,0.0,0.0,0.0,0.0,0.0,0.0,0.0,0.0,0.0,0.0
1,1,0.0,1.0,0.0,0.0,0.0,0.0,0.0,0.0,0.0,0.0,0.0,0.0
1,1,0.0,1.0,0.0,0.0,0.0,0.0,0.0,0.0,0.0,0.0,0.0,0.0
1,1,0.0,1.0,0.0,0.0,0.0,0.0,0.0,0.0,0.0,0.0,0.0,0.0
1,1,0.0,1.0,0.0,0.0,0.0,0.0,0.0,0.0,0.0,0.0,0.0,0.0
1,1,0.0,1.0,0.0,0.0,0.0,0.0,0.0,0.0,0.0,0.0,0.0,0.0
1,1,0.0,1.0,0.0,0.0,0.0,0.0,0.0,0.0,0.0,0.0,0.0,0.0
1,1,0.0,1.0,0.0,0.0,0.0,0.0,0.0,0.0,0.0,0.0,0.0,0.0
1,1,0.0,1.0,0.0,0.0,0.0,0.0,0.0,0.0,0.0,0.0,0.0,0.0
1,1,0.0,1.0,0.0,0.0,0.0,0.0,0.0,0.0,0.0,0.0,0.0,0.0
1,1,0.0,1.0,0.0,0.0,0.0,0.0,0.0,0.0,0.0,0.0,0.0,0.0
1,1,0.0,1.0,0.0,0.0,0.0,0.0,0.0,0.0,0.0,0.0,0.0,0.0
1,1,0.0,1.0,0.0,0.0,0.0,0.0,0.0,0.0,0.0,0.0,0.0,0.0
1,1,0.0,1.0,0.0,0.0,0.0,0.0,0.0,0.0,0.0,0.0,0.0,0.0
1,1,0.0,1.0,0.0,0.0,0.0,0.0,0.0,0.0,0.0,0.0,0.0,0.0
1,1,0.0,1.0,0.0,0.0,0.0,0.0,0.0,0.0,0.0,0.0,0.0,0.0
1,1,0.0,1.0,0.0,0.0,0.0,0.0,0.0,0.0,0.0,0.0,0.0,0.0
1,1,0.0,1.0,0.0,0.0,0.0,0.0,0.0,0.0,0.0,0.0,0.0,0.0
1,1,0.0,1.0,0.0,0.0,0.0,0.0,0.0,0.0,0.0,0.0,0.0,0.0
1,1,0.0,1.0,0.0,0.0,0.0,0.0,0.0,0.0,0.0,0.0,0.0,0.0
1,1,0.0,1.0,0.0,0.0,0.0,0.0,0.0,0.0,0.0,0.0,0.0,0.0
1,1,0.0,1.0,0.0,0.0,0.0,0.0,0.0,0.0,0.0,0.0,0.0,0.0
1,1,0.0,1.0,0.0,0.0,0.0,0.0,0.0,0.0,0.0,0.0,0.0,0.0
1,1,0.0,1.0,0.0,0.0,0.0,0.0,0.0,0.0,0.0,0.0,0.0,0.0
1,1,0.0,1.0,0.0,0.0,0.0,0.0,0.0,0.0,0.0,0.0,0.0,0.0
1,1,0.0,1.0,0.0,0.0,0.0,0.0,0.0,0.0,0.0,0.0,0.0,0.0
1,1,0.0,1.0,0.0,0.0,0.0,0.0,0.0,0.0,0.0,0.0,0.0,0.0
1,1,0.0,1.0,0.0,0.0,0.0,0.0,0.0,0.0,0.0,0.0,0.0,0.0
1,1,0.0,1.0,0.0,0.0,0.0,0.0,0.0,0.0,0.0,0.0,0.0,0.0
1,1,0.0,1.0,0.0,0.0,0.0,0.0,0.0,0.0,0.0,0.0,0.0,0.0
1,1,0.0,1.0,0.0,0.0,0.0,0.0,0.0,0.0,0.0,0.0,0.0,0.0
1,1,0.0,1.0,0.0,0.0,0.0,0.0,0.0,0.0,0.0,0.0,0.0,0.0
1,1,0.0,1.0,0.0,0.0,0.0,0.0,0.0,0.0,0.0,0.0,0.0,0.0
1,1,0.0,1.0,0.0,0.0,0.0,0.0,0.0,0.0,0.0,0.0,0.0,0.0
1,1,0.0,1.0,0.0,0.0,0.0,0.0,0.0,0.0,0.0,0.0,0.0,0.0
1,1,0.0,1.0,0.0,0.0,0.0,0.0,0.0,0.0,0.0,0.0,0.0,0.0
1,1,0.0,1.0,0.0,0.0,0.0,0.0,0.0,0.0,0.0,0.0,0.0,0.0
1,1,0.0,1.0,0.0,0.0,0.0,0.0,0.0,0.0,0.0,0.0,0.0,0.0
1,1,0.0,1.0,0.0,0.0,0.0,0.0,0.0,0.0,0.0,0.0,0.0,0.0
1,1,0.0,1.0,0.0,0.0,0.0,0.0,0.0,0.0,0.0,0.0,0.0,0.0
1,1,0.0,1.0,0.0,0.0,0.0,0.0,0.0,0.0,0.0,0.0,0.0,0.0
1,1,0.0,1.0,0.0,0.0,0.0,0.0,0.0,0.0,0.0,0.0,0.0,0.0
1,1,0.0,1.0,0.0,0.0,0.0,0.0,0.0,0.0,0.0,0.0,0.0,0.0
1,1,0.0,1.0,0.0,0.0,0.0,0.0,0.0,0.0,0.0,0.0,0.0,0.0
1,1,0.0,1.0,0.0,0.0,0.0,0.0,0.0,0.0,0.0,0.0,0.0,0.0
1,1,0.0,1.0,0.0,0.0,0.0,0.0,0.0,0.0,0.0,0.0,0.0,0.0
1,1,0.0,1.0,0.0,0.0,0.0,0.0,0.0,0.0,0.0,0.0,0.0,0.0
1,1,0.0,1.0,0.0,0.0,0.0,0.0,0.0,0.0,0.0,0.0,0.0,0.0
1,1,0.0,1.0,0.0,0.0,0.0,0.0,0.0,0.0,0.0,0.0,0.0,0.0
1,1,0.0,1.0,0.0,0.0,0.0,0.0,0.0,0.0,0.0,0.0,0.0,0.0
1,1,0.0,1.0,0.0,0.0,0.0,0.0,0.0,0.0,0.0,0.0,0.0,0.0
1,1,0.0,1.0,0.0,0.0,0.0,0.0,0.0,0.0,0.0,0.0,0.0,0.0
1,1,0.0,1.0,0.0,0.0,0.0,0.0,0.0,0.0,0.0,0.0,0.0,0.0
1,1,0.0,1.0,0.0,0.0,0.0,0.0,0.0,0.0,0.0,0.0,0.0,0.0
1,1,0.0,1.0,0.0,0.0,0.0,0.0,0.0,0.0,0.0,0.0,0.0,0.0
1,1,0.0,1.0,0.0,0.0,0.0,0.0,0.0,0.0,0.0,0.0,0.0,0.0
1,1,0.0,1.0,0.0,0.0,0.0,0.0,0.0,0.0,0.0,0.0,0.0,0.0
1,1,0.0,1.0,0.0,0.0,0.0,0.0,0.0,0.0,0.0,0.0,0.0,0.0
1,1,0.0,1.0,0.0,0.0,0.0,0.0,0.0,0.0,0.0,0.0,0.0,0.0
1,1,0.0,1.0,0.0,0.0,0.0,0.0,0.0,0.0,0.0,0.0,0.0,0.0
1,1,0.0,1.0,0.0,0.0,0.0,0.0,0.0,0.0,0.0,0.0,0.0,0.0
1,1,0.0,1.0,0.0,0.0,0.0,0.0,0.0,0.0,0.0,0.0,0.0,0.0
1,1,0.0,1.0,0.0,0.0,0.0,0.0,0.0,0.0,0.0,0.0,0.0,0.0
1,1,0.0,1.0,0.0,0.0,0.0,0.0,0.0,0.0,0.0,0.0,0.0,0.0
1,1,0.0,1.0,0.0,0.0,0.0,0.0,0.0,0.0,0.0,0.0,0.0,0.0
1,1,0.0,1.0,0.0,0.0,0.0,0.0,0.0,0.0,0.0,0.0,0.0,0.0
1,1,0.0,1.0,0.0,0.0,0.0,0.0,0.0,0.0,0.0,0.0,0.0,0.0
1,1,0.0,1.0,0.0,0.0,0.0,0.0,0.0,0.0,0.0,0.0,0.0,0.0
1,1,0.0,1.0,0.0,0.0,0.0,0.0,0.0,0.0,0.0,0.0,0.0,0.0
1,1,0.0,1.0,0.0,0.0,0.0,0.0,0.0,0.0,0.0,0.0,0.0,0.0
1,1,0.0,1.0,0.0,0.0,0.0,0.0,0.0,0.0,0.0,0.0,0.0,0.0
1,1,0.0,1.0,0.0,0.0,0.0,0.0,0.0,0.0,0.0,0.0,0.0,0.0
1,1,0.0,1.0,0.0,0.0,0.0,0.0,0.0,0.0,0.0,0.0,0.0,0.0
1,1,0.0,1.0,0.0,0.0,0.0,0.0,0.0,0.0,0.0,0.0,0.0,0.0
1,1,0.0,1.0,0.0,0.0,0.0,0.0,0.0,0.0,0.0,0.0,0.0,0.0
1,1,0.0,1.0,0.0,0.0,0.0,0.0,0.0,0.0,0.0,0.0,0.0,0.0
1,1,0.0,1.0,0.0,0.0,0.0,0.0,0.0,0.0,0.0,0.0,0.0,0.0
1,1,0.0,1.0,0.0,0.0,0.0,0.0,0.0,0.0,0.0,0.0,0.0,0.0
1,1,0.0,1.0,0.0,0.0,0.0,0.0,0.0,0.0,0.0,0.0,0.0,0.0
1,1,0.0,1.0,0.0,0.0,0.0,0.0,0.0,0.0,0.0,0.0,0.0,0.0
1,1,0.0,1.0,0.0,0.0,0.0,0.0,0.0,0.0,0.0,0.0,0.0,0.0
1,1,0.0,1.0,0.0,0.0,0.0,0.0,0.0,0.0,0.0,0.0,0.0,0.0
1,1,0.0,1.0,0.0,0.0,0.0,0.0,0.0,0.0,0.0,0.0,0.0,0.0
1,1,0.0,1.0,0.0,0.0,0.0,0.0,0.0,0.0,0.0,0.0,0.0,0.0
1,1,0.0,1.0,0.0,0.0,0.0,0.0,0.0,0.0,0.0,0.0,0.0,0.0
1,1,0.0,1.0,0.0,0.0,0.0,0.0,0.0,0.0,0.0,0.0,0.0,0.0
1,1,0.0,1.0,0.0,0.0,0.0,0.0,0.0,0.0,0.0,0.0,0.0,0.0
1,1,0.0,1.0,0.0,0.0,0.0,0.0,0.0,0.0,0.0,0.0,0.0,0.0
1,1,0.0,1.0,0.0,0.0,0.0,0.0,0.0,0.0,0.0,0.0,0.0,0.0
1,1,0.0,1.0,0.0,0.0,0.0,0.0,0.0,0.0,0.0,0.0,0.0,0.0
1,1,0.0,1.0,0.0,0.0,0.0,0.0,0.0,0.0,0.0,0.0,0.0,0.0
1,1,0.0,1.0,0.0,0.0,0.0,0.0,0.0,0.0,0.0,0.0,0.0,0.0
1,1,0.0,1.0,0.0,0.0,0.0,0.0,0.0,0.0,0.0,0.0,0.0,0.0
1,1,0.0,1.0,0.0,0.0,0.0,0.0,0.0,0.0,0.0,0.0,0.0,0.0
1,1,0.0,1.0,0.0,0.0,0.0,0.0,0.0,0.0,0.0,0.0,0.0,0.0
1,1,0.0,1.0,0.0,0.0,0.0,0.0,0.0,0.0,0.0,0.0,0.0,0.0
1,1,0.0,1.0,0.0,0.0,0.0,0.0,0.0,0.0,0.0,0.0,0.0,0.0
1,1,0.0,1.0,0.0,0.0,0.0,0.0,0.0,0.0,0.0,0.0,0.0,0.0
1,1,0.0,1.0,0.0,0.0,0.0,0.0,0.0,0.0,0.0,0.0,0.0,0.0
1,1,0.0,1.0,0.0,0.0,0.0,0.0,0.0,0.0,0.0,0.0,0.0,0.0
1,1,0.0,1.0,0.0,0.0,0.0,0.0,0.0,0.0,0.0,0.0,0.0,0.0
1,1,0.0,1.0,0.0,0.0,0.0,0.0,0.0,0.0,0.0,0.0,0.0,0.0
1,1,0.0,1.0,0.0,0.0,0.0,0.0,0.0,0.0,0.0,0.0,0.0,0.0
1,1,0.0,1.0,0.0,0.0,0.0,0.0,0.0,0.0,0.0,0.0,0.0,0.0
1,1,0.0,1.0,0.0,0.0,0.0,0.0,0.0,0.0,0.0,0.0,0.0,0.0
1,1,0.0,1.0,0.0,0.0,0.0,0.0,0.0,0.0,0.0,0.0,0.0,0.0
1,1,0.0,1.0,0.0,0.0,0.0,0.0,0.0,0.0,0.0,0.0,0.0,0.0
1,1,0.0,1.0,0.0,0.0,0.0,0.0,0.0,0.0,0.0,0.0,0.0,0.0
1,1,0.0,1.0,0.0,0.0,0.0,0.0,0.0,0.0,0.0,0.0,0.0,0.0
1,1,0.0,1.0,0.0,0.0,0.0,0.0,0.0,0.0,0.0,0.0,0.0,0.0
1,1,0.0,1.0,0.0,0.0,0.0,0.0,0.0,0.0,0.0,0.0,0.0,0.0
1,1,0.0,1.0,0.0,0.0,0.0,0.0,0.0,0.0,0.0,0.0,0.0,0.0
1,1,0.0,1.0,0.0,0.0,0.0,0.0,0.0,0.0,0.0,0.0,0.0,0.0
1,1,0.0,1.0,0.0,0.0,0.0,0.0,0.0,0.0,0.0,0.0,0.0,0.0
1,1,0.0,1.0,0.0,0.0,0.0,0.0,0.0,0.0,0.0,0.0,0.0,0.0
1,1,0.0,1.0,0.0,0.0,0.0,0.0,0.0,0.0,0.0,0.0,0.0,0.0
1,1,0.0,1.0,0.0,0.0,0.0,0.0,0.0,0.0,0.0,0.0,0.0,0.0
1,1,0.0,1.0,0.0,0.0,0.0,0.0,0.0,0.0,0.0,0.0,0.0,0.0
1,1,0.0,1.0,0.0,0.0,0.0,0.0,0.0,0.0,0.0,0.0,0.0,0.0
1,1,0.0,1.0,0.0,0.0,0.0,0.0,0.0,0.0,0.0,0.0,0.0,0.0
1,1,0.0,1.0,0.0,0.0,0.0,0.0,0.0,0.0,0.0,0.0,0.0,0.0
1,1,0.0,1.0,0.0,0.0,0.0,0.0,0.0,0.0,0.0,0.0,0.0,0.0
1,1,0.0,1.0,0.0,0.0,0.0,0.0,0.0,0.0,0.0,0.0,0.0,0.0
1,1,0.0,1.0,0.0,0.0,0.0,0.0,0.0,0.0,0.0,0.0,0.0,0.0
1,1,0.0,1.0,0.0,0.0,0.0,0.0,0.0,0.0,0.0,0.0,0.0,0.0
1,1,0.0,1.0,0.0,0.0,0.0,0.0,0.0,0.0,0.0,0.0,0.0,0.0
1,1,0.0,1.0,0.0,0.0,0.0,0.0,0.0,0.0,0.0,0.0,0.0,0.0
1,1,0.0,1.0,0.0,0.0,0.0,0.0,0.0,0.0,0.0,0.0,0.0,0.0
1,1,0.0,1.0,0.0,0.0,0.0,0.0,0.0,0.0,0.0,0.0,0.0,0.0
1,1,0.0,1.0,0.0,0.0,0.0,0.0,0.0,0.0,0.0,0.0,0.0,0.0
1,1,0.0,1.0,0.0,0.0,0.0,0.0,0.0,0.0,0.0,0.0,0.0,0.0
1,1,0.0,1.0,0.0,0.0,0.0,0.0,0.0,0.0,0.0,0.0,0.0,0.0
1,1,0.0,1.0,0.0,0.0,0.0,0.0,0.0,0.0,0.0,0.0,0.0,0.0
1,1,0.0,1.0,0.0,0.0,0.0,0.0,0.0,0.0,0.0,0.0,0.0,0.0
1,1,0.0,1.0,0.0,0.0,0.0,0.0,0.0,0.0,0.0,0.0,0.0,0.0
1,1,0.0,1.0,0.0,0.0,0.0,0.0,0.0,0.0,0.0,0.0,0.0,0.0
1,1,0.0,1.0,0.0,0.0,0.0,0.0,0.0,0.0,0.0,0.0,0.0,0.0
1,1,0.0,1.0,0.0,0.0,0.0,0.0,0.0,0.0,0.0,0.0,0.0,0.0
1,1,0.0,1.0,0.0,0.0,0.0,0.0,0.0,0.0,0.0,0.0,0.0,0.0
1,1,0.0,1.0,0.0,0.0,0.0,0.0,0.0,0.0,0.0,0.0,0.0,0.0
1,1,0.0,1.0,0.0,0.0,0.0,0.0,0.0,0.0,0.0,0.0,0.0,0.0
1,1,0.0,1.0,0.0,0.0,0.0,0.0,0.0,0.0,0.0,0.0,0.0,0.0
1,1,0.0,1.0,0.0,0.0,0.0,0.0,0.0,0.0,0.0,0.0,0.0,0.0
1,1,0.0,1.0,0.0,0.0,0.0,0.0,0.0,0.0,0.0,0.0,0.0,0.0
1,1,0.0,1.0,0.0,0.0,0.0,0.0,0.0,0.0,0.0,0.0,0.0,0.0
1,1,0.0,1.0,0.0,0.0,0.0,0.0,0.0,0.0,0.0,0.0,0.0,0.0
1,1,0.0,1.0,0.0,0.0,0.0,0.0,0.0,0.0,0.0,0.0,0.0,0.0
1,1,0.0,1.0,0.0,0.0,0.0,0.0,0.0,0.0,0.0,0.0,0.0,0.0
1,1,0.0,1.0,0.0,0.0,0.0,0.0,0.0,0.0,0.0,0.0,0.0,0.0
1,1,0.0,1.0,0.0,0.0,0.0,0.0,0.0,0.0,0.0,0.0,0.0,0.0
1,1,0.0,1.0,0.0,0.0,0.0,0.0,0.0,0.0,0.0,0.0,0.0,0.0
1,1,0.0,1.0,0.0,0.0,0.0,0.0,0.0,0.0,0.0,0.0,0.0,0.0
1,1,0.0,1.0,0.0,0.0,0.0,0.0,0.0,0.0,0.0,0.0,0.0,0.0
1,1,0.0,1.0,0.0,0.0,0.0,0.0,0.0,0.0,0.0,0.0,0.0,0.0
1,1,0.0,1.0,0.0,0.0,0.0,0.0,0.0,0.0,0.0,0.0,0.0,0.0
1,1,0.0,1.0,0.0,0.0,0.0,0.0,0.0,0.0,0.0,0.0,0.0,0.0
1,1,0.0,1.0,0.0,0.0,0.0,0.0,0.0,0.0,0.0,0.0,0.0,0.0
1,1,0.0,1.0,0.0,0.0,0.0,0.0,0.0,0.0,0.0,0.0,0.0,0.0
1,1,0.0,1.0,0.0,0.0,0.0,0.0,0.0,0.0,0.0,0.0,0.0,0.0
1,1,0.0,1.0,0.0,0.0,0.0,0.0,0.0,0.0,0.0,0.0,0.0,0.0
1,1,0.0,1.0,0.0,0.0,0.0,0.0,0.0,0.0,0.0,0.0,0.0,0.0
1,1,0.0,1.0,0.0,0.0,0.0,0.0,0.0,0.0,0.0,0.0,0.0,0.0
1,1,0.0,1.0,0.0,0.0,0.0,0.0,0.0,0.0,0.0,0.0,0.0,0.0
1,1,0.0,1.0,0.0,0.0,0.0,0.0,0.0,0.0,0.0,0.0,0.0,0.0
1,1,0.0,1.0,0.0,0.0,0.0,0.0,0.0,0.0,0.0,0.0,0.0,0.0
1,1,0.0,1.0,0.0,0.0,0.0,0.0,0.0,0.0,0.0,0.0,0.0,0.0
1,1,0.0,1.0,0.0,0.0,0.0,0.0,0.0,0.0,0.0,0.0,0.0,0.0
1,1,0.0,1.0,0.0,0.0,0.0,0.0,0.0,0.0,0.0,0.0,0.0,0.0
1,1,0.0,1.0,0.0,0.0,0.0,0.0,0.0,0.0,0.0,0.0,0.0,0.0
1,1,0.0,1.0,0.0,0.0,0.0,0.0,0.0,0.0,0.0,0.0,0.0,0.0
1,1,0.0,1.0,0.0,0.0,0.0,0.0,0.0,0.0,0.0,0.0,0.0,0.0
1,1,0.0,1.0,0.0,0.0,0.0,0.0,0.0,0.0,0.0,0.0,0.0,0.0
1,1,0.0,1.0,0.0,0.0,0.0,0.0,0.0,0.0,0.0,0.0,0.0,0.0
1,1,0.0,1.0,0.0,0.0,0.0,0.0,0.0,0.0,0.0,0.0,0.0,0.0
1,1,0.0,1.0,0.0,0.0,0.0,0.0,0.0,0.0,0.0,0.0,0.0,0.0
1,1,0.0,1.0,0.0,0.0,0.0,0.0,0.0,0.0,0.0,0.0,0.0,0.0
1,1,0.0,1.0,0.0,0.0,0.0,0.0,0.0,0.0,0.0,0.0,0.0,0.0
1,1,0.0,1.0,0.0,0.0,0.0,0.0,0.0,0.0,0.0,0.0,0.0,0.0
1,1,0.0,1.0,0.0,0.0,0.0,0.0,0.0,0.0,0.0,0.0,0.0,0.0
1,1,0.0,1.0,0.0,0.0,0.0,0.0,0.0,0.0,0.0,0.0,0.0,0.0
1,1,0.0,1.0,0.0,0.0,0.0,0.0,0.0,0.0,0.0,0.0,0.0,0.0
1,1,0.0,1.0,0.0,0.0,0.0,0.0,0.0,0.0,0.0,0.0,0.0,0.0
1,1,0.0,1.0,0.0,0.0,0.0,0.0,0.0,0.0,0.0,0.0,0.0,0.0
1,1,0.0,1.0,0.0,0.0,0.0,0.0,0.0,0.0,0.0,0.0,0.0,0.0
1,1,0.0,1.0,0.0,0.0,0.0,0.0,0.0,0.0,0.0,0.0,0.0,0.0
1,1,0.0,1.0,0.0,0.0,0.0,0.0,0.0,0.0,0.0,0.0,0.0,0.0
1,1,0.0,1.0,0.0,0.0,0.0,0.0,0.0,0.0,0.0,0.0,0.0,0.0
1,1,0.0,1.0,0.0,0.0,0.0,0.0,0.0,0.0,0.0,0.0,0.0,0.0
1,1,0.0,1.0,0.0,0.0,0.0,0.0,0.0,0.0,0.0,0.0,0.0,0.0
1,1,0.0,1.0,0.0,0.0,0.0,0.0,0.0,0.0,0.0,0.0,0.0,0.0
1,1,0.0,1.0,0.0,0.0,0.0,0.0,0.0,0.0,0.0,0.0,0.0,0.0
1,1,0.0,1.0,0.0,0.0,0.0,0.0,0.0,0.0,0.0,0.0,0.0,0.0
1,1,0.0,1.0,0.0,0.0,0.0,0.0,0.0,0.0,0.0,0.0,0.0,0.0
1,1,0.0,1.0,0.0,0.0,0.0,0.0,0.0,0.0,0.0,0.0,0.0,0.0
1,1,0.0,1.0,0.0,0.0,0.0,0.0,0.0,0.0,0.0,0.0,0.0,0.0
1,1,0.0,1.0,0.0,0.0,0.0,0.0,0.0,0.0,0.0,0.0,0.0,0.0
1,1,0.0,1.0,0.0,0.0,0.0,0.0,0.0,0.0,0.0,0.0,0.0,0.0
1,1,0.0,1.0,0.0,0.0,0.0,0.0,0.0,0.0,0.0,0.0,0.0,0.0
1,1,0.0,1.0,0.0,0.0,0.0,0.0,0.0,0.0,0.0,0.0,0.0,0.0
1,1,0.0,1.0,0.0,0.0,0.0,0.0,0.0,0.0,0.0,0.0,0.0,0.0
1,1,0.0,1.0,0.0,0.0,0.0,0.0,0.0,0.0,0.0,0.0,0.0,0.0
1,1,0.0,1.0,0.0,0.0,0.0,0.0,0.0,0.0,0.0,0.0,0.0,0.0
1,1,0.0,1.0,0.0,0.0,0.0,0.0,0.0,0.0,0.0,0.0,0.0,0.0
1,1,0.0,1.0,0.0,0.0,0.0,0.0,0.0,0.0,0.0,0.0,0.0,0.0
1,1,0.0,1.0,0.0,0.0,0.0,0.0,0.0,0.0,0.0,0.0,0.0,0.0
1,1,0.0,1.0,0.0,0.0,0.0,0.0,0.0,0.0,0.0,0.0,0.0,0.0
1,1,0.0,1.0,0.0,0.0,0.0,0.0,0.0,0.0,0.0,0.0,0.0,0.0
1,1,0.0,1.0,0.0,0.0,0.0,0.0,0.0,0.0,0.0,0.0,0.0,0.0
1,1,0.0,1.0,0.0,0.0,0.0,0.0,0.0,0.0,0.0,0.0,0.0,0.0
1,1,0.0,1.0,0.0,0.0,0.0,0.0,0.0,0.0,0.0,0.0,0.0,0.0
1,1,0.0,1.0,0.0,0.0,0.0,0.0,0.0,0.0,0.0,0.0,0.0,0.0
1,1,0.0,1.0,0.0,0.0,0.0,0.0,0.0,0.0,0.0,0.0,0.0,0.0
1,1,0.0,1.0,0.0,0.0,0.0,0.0,0.0,0.0,0.0,0.0,0.0,0.0
1,1,0.0,1.0,0.0,0.0,0.0,0.0,0.0,0.0,0.0,0.0,0.0,0.0
1,1,0.0,1.0,0.0,0.0,0.0,0.0,0.0,0.0,0.0,0.0,0.0,0.0
1,1,0.0,1.0,0.0,0.0,0.0,0.0,0.0,0.0,0.0,0.0,0.0,0.0
1,1,0.0,1.0,0.0,0.0,0.0,0.0,0.0,0.0,0.0,0.0,0.0,0.0
1,1,0.0,1.0,0.0,0.0,0.0,0.0,0.0,0.0,0.0,0.0,0.0,0.0
1,1,0.0,1.0,0.0,0.0,0.0,0.0,0.0,0.0,0.0,0.0,0.0,0.0
1,1,0.0,1.0,0.0,0.0,0.0,0.0,0.0,0.0,0.0,0.0,0.0,0.0
1,1,0.0,1.0,0.0,0.0,0.0,0.0,0.0,0.0,0.0,0.0,0.0,0.0
1,1,0.0,1.0,0.0,0.0,0.0,0.0,0.0,0.0,0.0,0.0,0.0,0.0
1,1,0.0,1.0,0.0,0.0,0.0,0.0,0.0,0.0,0.0,0.0,0.0,0.0
1,1,0.0,1.0,0.0,0.0,0.0,0.0,0.0,0.0,0.0,0.0,0.0,0.0
1,1,0.0,1.0,0.0,0.0,0.0,0.0,0.0,0.0,0.0,0.0,0.0,0.0
1,1,0.0,1.0,0.0,0.0,0.0,0.0,0.0,0.0,0.0,0.0,0.0,0.0
1,1,0.0,1.0,0.0,0.0,0.0,0.0,0.0,0.0,0.0,0.0,0.0,0.0
1,1,0.0,1.0,0.0,0.0,0.0,0.0,0.0,0.0,0.0,0.0,0.0,0.0
1,1,0.0,1.0,0.0,0.0,0.0,0.0,0.0,0.0,0.0,0.0,0.0,0.0
1,1,0.0,1.0,0.0,0.0,0.0,0.0,0.0,0.0,0.0,0.0,0.0,0.0
1,1,0.0,1.0,0.0,0.0,0.0,0.0,0.0,0.0,0.0,0.0,0.0,0.0
1,1,0.0,1.0,0.0,0.0,0.0,0.0,0.0,0.0,0.0,0.0,0.0,0.0
1,1,0.0,1.0,0.0,0.0,0.0,0.0,0.0,0.0,0.0,0.0,0.0,0.0
1,1,0.0,1.0,0.0,0.0,0.0,0.0,0.0,0.0,0.0,0.0,0.0,0.0
1,1,0.0,1.0,0.0,0.0,0.0,0.0,0.0,0.0,0.0,0.0,0.0,0.0
1,1,0.0,1.0,0.0,0.0,0.0,0.0,0.0,0.0,0.0,0.0,0.0,0.0
1,1,0.0,1.0,0.0,0.0,0.0,0.0,0.0,0.0,0.0,0.0,0.0,0.0
1,1,0.0,1.0,0.0,0.0,0.0,0.0,0.0,0.0,0.0,0.0,0.0,0.0
1,1,0.0,1.0,0.0,0.0,0.0,0.0,0.0,0.0,0.0,0.0,0.0,0.0
1,1,0.0,1.0,0.0,0.0,0.0,0.0,0.0,0.0,0.0,0.0,0.0,0.0
1,1,0.0,1.0,0.0,0.0,0.0,0.0,0.0,0.0,0.0,0.0,0.0,0.0
1,1,0.0,1.0,0.0,0.0,0.0,0.0,0.0,0.0,0.0,0.0,0.0,0.0
1,1,0.0,1.0,0.0,0.0,0.0,0.0,0.0,0.0,0.0,0.0,0.0,0.0
1,1,0.0,1.0,0.0,0.0,0.0,0.0,0.0,0.0,0.0,0.0,0.0,0.0
1,1,0.0,1.0,0.0,0.0,0.0,0.0,0.0,0.0,0.0,0.0,0.0,0.0
1,1,0.0,1.0,0.0,0.0,0.0,0.0,0.0,0.0,0.0,0.0,0.0,0.0
1,1,0.0,1.0,0.0,0.0,0.0,0.0,0.0,0.0,0.0,0.0,0.0,0.0
1,1,0.0,1.0,0.0,0.0,0.0,0.0,0.0,0.0,0.0,0.0,0.0,0.0
1,1,0.0,1.0,0.0,0.0,0.0,0.0,0.0,0.0,0.0,0.0,0.0,0.0
1,1,0.0,1.0,0.0,0.0,0.0,0.0,0.0,0.0,0.0,0.0,0.0,0.0
1,1,0.0,1.0,0.0,0.0,0.0,0.0,0.0,0.0,0.0,0.0,0.0,0.0
1,1,0.0,1.0,0.0,0.0,0.0,0.0,0.0,0.0,0.0,0.0,0.0,0.0
1,1,0.0,1.0,0.0,0.0,0.0,0.0,0.0,0.0,0.0,0.0,0.0,0.0
1,1,0.0,1.0,0.0,0.0,0.0,0.0,0.0,0.0,0.0,0.0,0.0,0.0
1,1,0.0,1.0,0.0,0.0,0.0,0.0,0.0,0.0,0.0,0.0,0.0,0.0
1,1,0.0,1.0,0.0,0.0,0.0,0.0,0.0,0.0,0.0,0.0,0.0,0.0
1,1,0.0,1.0,0.0,0.0,0.0,0.0,0.0,0.0,0.0,0.0,0.0,0.0
1,1,0.0,1.0,0.0,0.0,0.0,0.0,0.0,0.0,0.0,0.0,0.0,0.0
1,1,0.0,1.0,0.0,0.0,0.0,0.0,0.0,0.0,0.0,0.0,0.0,0.0
1,1,0.0,1.0,0.0,0.0,0.0,0.0,0.0,0.0,0.0,0.0,0.0,0.0
1,1,0.0,1.0,0.0,0.0,0.0,0.0,0.0,0.0,0.0,0.0,0.0,0.0
1,1,0.0,1.0,0.0,0.0,0.0,0.0,0.0,0.0,0.0,0.0,0.0,0.0
1,1,0.0,1.0,0.0,0.0,0.0,0.0,0.0,0.0,0.0,0.0,0.0,0.0
1,1,0.0,1.0,0.0,0.0,0.0,0.0,0.0,0.0,0.0,0.0,0.0,0.0
1,1,0.0,1.0,0.0,0.0,0.0,0.0,0.0,0.0,0.0,0.0,0.0,0.0
1,1,0.0,1.0,0.0,0.0,0.0,0.0,0.0,0.0,0.0,0.0,0.0,0.0
1,1,0.0,1.0,0.0,0.0,0.0,0.0,0.0,0.0,0.0,0.0,0.0,0.0
1,1,0.0,1.0,0.0,0.0,0.0,0.0,0.0,0.0,0.0,0.0,0.0,0.0
1,1,0.0,1.0,0.0,0.0,0.0,0.0,0.0,0.0,0.0,0.0,0.0,0.0
1,1,0.0,1.0,0.0,0.0,0.0,0.0,0.0,0.0,0.0,0.0,0.0,0.0
1,1,0.0,1.0,0.0,0.0,0.0,0.0,0.0,0.0,0.0,0.0,0.0,0.0
1,1,0.0,1.0,0.0,0.0,0.0,0.0,0.0,0.0,0.0,0.0,0.0,0.0
1,1,0.0,1.0,0.0,0.0,0.0,0.0,0.0,0.0,0.0,0.0,0.0,0.0
1,1,0.0,1.0,0.0,0.0,0.0,0.0,0.0,0.0,0.0,0.0,0.0,0.0
1,1,0.0,1.0,0.0,0.0,0.0,0.0,0.0,0.0,0.0,0.0,0.0,0.0
1,1,0.0,1.0,0.0,0.0,0.0,0.0,0.0,0.0,0.0,0.0,0.0,0.0
1,1,0.0,1.0,0.0,0.0,0.0,0.0,0.0,0.0,0.0,0.0,0.0,0.0
1,1,0.0,1.0,0.0,0.0,0.0,0.0,0.0,0.0,0.0,0.0,0.0,0.0
1,1,0.0,1.0,0.0,0.0,0.0,0.0,0.0,0.0,0.0,0.0,0.0,0.0
1,1,0.0,1.0,0.0,0.0,0.0,0.0,0.0,0.0,0.0,0.0,0.0,0.0
1,1,0.0,1.0,0.0,0.0,0.0,0.0,0.0,0.0,0.0,0.0,0.0,0.0
1,1,0.0,1.0,0.0,0.0,0.0,0.0,0.0,0.0,0.0,0.0,0.0,0.0
1,1,0.0,1.0,0.0,0.0,0.0,0.0,0.0,0.0,0.0,0.0,0.0,0.0
1,1,0.0,1.0,0.0,0.0,0.0,0.0,0.0,0.0,0.0,0.0,0.0,0.0
1,1,0.0,1.0,0.0,0.0,0.0,0.0,0.0,0.0,0.0,0.0,0.0,0.0
1,1,0.0,1.0,0.0,0.0,0.0,0.0,0.0,0.0,0.0,0.0,0.0,0.0
1,1,0.0,1.0,0.0,0.0,0.0,0.0,0.0,0.0,0.0,0.0,0.0,0.0
1,1,0.0,1.0,0.0,0.0,0.0,0.0,0.0,0.0,0.0,0.0,0.0,0.0
1,1,0.0,1.0,0.0,0.0,0.0,0.0,0.0,0.0,0.0,0.0,0.0,0.0
1,1,0.0,1.0,0.0,0.0,0.0,0.0,0.0,0.0,0.0,0.0,0.0,0.0
1,1,0.0,1.0,0.0,0.0,0.0,0.0,0.0,0.0,0.0,0.0,0.0,0.0
1,1,0.0,1.0,0.0,0.0,0.0,0.0,0.0,0.0,0.0,0.0,0.0,0.0
1,1,0.0,1.0,0.0,0.0,0.0,0.0,0.0,0.0,0.0,0.0,0.0,0.0
1,1,0.0,1.0,0.0,0.0,0.0,0.0,0.0,0.0,0.0,0.0,0.0,0.0
1,1,0.0,1.0,0.0,0.0,0.0,0.0,0.0,0.0,0.0,0.0,0.0,0.0
1,1,0.0,1.0,0.0,0.0,0.0,0.0,0.0,0.0,0.0,0.0,0.0,0.0
1,1,0.0,1.0,0.0,0.0,0.0,0.0,0.0,0.0,0.0,0.0,0.0,0.0
1,1,0.0,1.0,0.0,0.0,0.0,0.0,0.0,0.0,0.0,0.0,0.0,0.0
1,1,0.0,1.0,0.0,0.0,0.0,0.0,0.0,0.0,0.0,0.0,0.0,0.0
1,1,0.0,1.0,0.0,0.0,0.0,0.0,0.0,0.0,0.0,0.0,0.0,0.0
1,1,0.0,1.0,0.0,0.0,0.0,0.0,0.0,0.0,0.0,0.0,0.0,0.0
1,1,0.0,1.0,0.0,0.0,0.0,0.0,0.0,0.0,0.0,0.0,0.0,0.0
1,1,0.0,1.0,0.0,0.0,0.0,0.0,0.0,0.0,0.0,0.0,0.0,0.0
1,1,0.0,1.0,0.0,0.0,0.0,0.0,0.0,0.0,0.0,0.0,0.0,0.0
1,1,0.0,1.0,0.0,0.0,0.0,0.0,0.0,0.0,0.0,0.0,0.0,0.0
1,1,0.0,1.0,0.0,0.0,0.0,0.0,0.0,0.0,0.0,0.0,0.0,0.0
1,1,0.0,1.0,0.0,0.0,0.0,0.0,0.0,0.0,0.0,0.0,0.0,0.0
1,1,0.0,1.0,0.0,0.0,0.0,0.0,0.0,0.0,0.0,0.0,0.0,0.0
1,1,0.0,1.0,0.0,0.0,0.0,0.0,0.0,0.0,0.0,0.0,0.0,0.0
1,1,0.0,1.0,0.0,0.0,0.0,0.0,0.0,0.0,0.0,0.0,0.0,0.0
1,1,0.0,1.0,0.0,0.0,0.0,0.0,0.0,0.0,0.0,0.0,0.0,0.0
1,1,0.0,1.0,0.0,0.0,0.0,0.0,0.0,0.0,0.0,0.0,0.0,0.0
1,1,0.0,1.0,0.0,0.0,0.0,0.0,0.0,0.0,0.0,0.0,0.0,0.0
1,1,0.0,1.0,0.0,0.0,0.0,0.0,0.0,0.0,0.0,0.0,0.0,0.0
1,1,0.0,1.0,0.0,0.0,0.0,0.0,0.0,0.0,0.0,0.0,0.0,0.0
1,1,0.0,1.0,0.0,0.0,0.0,0.0,0.0,0.0,0.0,0.0,0.0,0.0
1,1,0.0,1.0,0.0,0.0,0.0,0.0,0.0,0.0,0.0,0.0,0.0,0.0
1,1,0.0,1.0,0.0,0.0,0.0,0.0,0.0,0.0,0.0,0.0,0.0,0.0
1,1,0.0,1.0,0.0,0.0,0.0,0.0,0.0,0.0,0.0,0.0,0.0,0.0
1,1,0.0,1.0,0.0,0.0,0.0,0.0,0.0,0.0,0.0,0.0,0.0,0.0
1,1,0.0,1.0,0.0,0.0,0.0,0.0,0.0,0.0,0.0,0.0,0.0,0.0
1,1,0.0,1.0,0.0,0.0,0.0,0.0,0.0,0.0,0.0,0.0,0.0,0.0
1,1,0.0,1.0,0.0,0.0,0.0,0.0,0.0,0.0,0.0,0.0,0.0,0.0
1,1,0.0,1.0,0.0,0.0,0.0,0.0,0.0,0.0,0.0,0.0,0.0,0.0
1,1,0.0,1.0,0.0,0.0,0.0,0.0,0.0,0.0,0.0,0.0,0.0,0.0
1,1,0.0,1.0,0.0,0.0,0.0,0.0,0.0,0.0,0.0,0.0,0.0,0.0
1,1,0.0,1.0,0.0,0.0,0.0,0.0,0.0,0.0,0.0,0.0,0.0,0.0
1,1,0.0,1.0,0.0,0.0,0.0,0.0,0.0,0.0,0.0,0.0,0.0,0.0
1,1,0.0,1.0,0.0,0.0,0.0,0.0,0.0,0.0,0.0,0.0,0.0,0.0
1,1,0.0,1.0,0.0,0.0,0.0,0.0,0.0,0.0,0.0,0.0,0.0,0.0
1,1,0.0,1.0,0.0,0.0,0.0,0.0,0.0,0.0,0.0,0.0,0.0,0.0
1,1,0.0,1.0,0.0,0.0,0.0,0.0,0.0,0.0,0.0,0.0,0.0,0.0
1,1,0.0,1.0,0.0,0.0,0.0,0.0,0.0,0.0,0.0,0.0,0.0,0.0
1,1,0.0,1.0,0.0,0.0,0.0,0.0,0.0,0.0,0.0,0.0,0.0,0.0
1,1,0.0,1.0,0.0,0.0,0.0,0.0,0.0,0.0,0.0,0.0,0.0,0.0
1,1,0.0,1.0,0.0,0.0,0.0,0.0,0.0,0.0,0.0,0.0,0.0,0.0
1,1,0.0,1.0,0.0,0.0,0.0,0.0,0.0,0.0,0.0,0.0,0.0,0.0
1,1,0.0,1.0,0.0,0.0,0.0,0.0,0.0,0.0,0.0,0.0,0.0,0.0
1,1,0.0,1.0,0.0,0.0,0.0,0.0,0.0,0.0,0.0,0.0,0.0,0.0
1,1,0.0,1.0,0.0,0.0,0.0,0.0,0.0,0.0,0.0,0.0,0.0,0.0
1,1,0.0,1.0,0.0,0.0,0.0,0.0,0.0,0.0,0.0,0.0,0.0,0.0
1,1,0.0,1.0,0.0,0.0,0.0,0.0,0.0,0.0,0.0,0.0,0.0,0.0
1,1,0.0,1.0,0.0,0.0,0.0,0.0,0.0,0.0,0.0,0.0,0.0,0.0
1,1,0.0,1.0,0.0,0.0,0.0,0.0,0.0,0.0,0.0,0.0,0.0,0.0
1,1,0.0,1.0,0.0,0.0,0.0,0.0,0.0,0.0,0.0,0.0,0.0,0.0
1,1,0.0,1.0,0.0,0.0,0.0,0.0,0.0,0.0,0.0,0.0,0.0,0.0
1,1,0.0,1.0,0.0,0.0,0.0,0.0,0.0,0.0,0.0,0.0,0.0,0.0
1,1,0.0,1.0,0.0,0.0,0.0,0.0,0.0,0.0,0.0,0.0,0.0,0.0
1,1,0.0,1.0,0.0,0.0,0.0,0.0,0.0,0.0,0.0,0.0,0.0,0.0
1,1,0.0,1.0,0.0,0.0,0.0,0.0,0.0,0.0,0.0,0.0,0.0,0.0
1,1,0.0,1.0,0.0,0.0,0.0,0.0,0.0,0.0,0.0,0.0,0.0,0.0
1,1,0.0,1.0,0.0,0.0,0.0,0.0,0.0,0.0,0.0,0.0,0.0,0.0
1,1,0.0,1.0,0.0,0.0,0.0,0.0,0.0,0.0,0.0,0.0,0.0,0.0
1,1,0.0,1.0,0.0,0.0,0.0,0.0,0.0,0.0,0.0,0.0,0.0,0.0
1,1,0.0,1.0,0.0,0.0,0.0,0.0,0.0,0.0,0.0,0.0,0.0,0.0
1,1,0.0,1.0,0.0,0.0,0.0,0.0,0.0,0.0,0.0,0.0,0.0,0.0
1,1,0.0,1.0,0.0,0.0,0.0,0.0,0.0,0.0,0.0,0.0,0.0,0.0
1,1,0.0,1.0,0.0,0.0,0.0,0.0,0.0,0.0,0.0,0.0,0.0,0.0
1,1,0.0,1.0,0.0,0.0,0.0,0.0,0.0,0.0,0.0,0.0,0.0,0.0
1,1,0.0,1.0,0.0,0.0,0.0,0.0,0.0,0.0,0.0,0.0,0.0,0.0
1,1,0.0,1.0,0.0,0.0,0.0,0.0,0.0,0.0,0.0,0.0,0.0,0.0
1,1,0.0,1.0,0.0,0.0,0.0,0.0,0.0,0.0,0.0,0.0,0.0,0.0
1,1,0.0,1.0,0.0,0.0,0.0,0.0,0.0,0.0,0.0,0.0,0.0,0.0
1,1,0.0,1.0,0.0,0.0,0.0,0.0,0.0,0.0,0.0,0.0,0.0,0.0
1,1,0.0,1.0,0.0,0.0,0.0,0.0,0.0,0.0,0.0,0.0,0.0,0.0
1,1,0.0,1.0,0.0,0.0,0.0,0.0,0.0,0.0,0.0,0.0,0.0,0.0
1,1,0.0,1.0,0.0,0.0,0.0,0.0,0.0,0.0,0.0,0.0,0.0,0.0
1,1,0.0,1.0,0.0,0.0,0.0,0.0,0.0,0.0,0.0,0.0,0.0,0.0
1,1,0.0,1.0,0.0,0.0,0.0,0.0,0.0,0.0,0.0,0.0,0.0,0.0
1,1,0.0,1.0,0.0,0.0,0.0,0.0,0.0,0.0,0.0,0.0,0.0,0.0
1,1,0.0,1.0,0.0,0.0,0.0,0.0,0.0,0.0,0.0,0.0,0.0,0.0
1,1,0.0,1.0,0.0,0.0,0.0,0.0,0.0,0.0,0.0,0.0,0.0,0.0
1,1,0.0,1.0,0.0,0.0,0.0,0.0,0.0,0.0,0.0,0.0,0.0,0.0
1,1,0.0,1.0,0.0,0.0,0.0,0.0,0.0,0.0,0.0,0.0,0.0,0.0
1,1,0.0,1.0,0.0,0.0,0.0,0.0,0.0,0.0,0.0,0.0,0.0,0.0
1,1,0.0,1.0,0.0,0.0,0.0,0.0,0.0,0.0,0.0,0.0,0.0,0.0
1,1,0.0,1.0,0.0,0.0,0.0,0.0,0.0,0.0,0.0,0.0,0.0,0.0
1,1,0.0,1.0,0.0,0.0,0.0,0.0,0.0,0.0,0.0,0.0,0.0,0.0
1,1,0.0,1.0,0.0,0.0,0.0,0.0,0.0,0.0,0.0,0.0,0.0,0.0
1,1,0.0,1.0,0.0,0.0,0.0,0.0,0.0,0.0,0.0,0.0,0.0,0.0
1,1,0.0,1.0,0.0,0.0,0.0,0.0,0.0,0.0,0.0,0.0,0.0,0.0
1,1,0.0,1.0,0.0,0.0,0.0,0.0,0.0,0.0,0.0,0.0,0.0,0.0
1,1,0.0,1.0,0.0,0.0,0.0,0.0,0.0,0.0,0.0,0.0,0.0,0.0
1,1,0.0,1.0,0.0,0.0,0.0,0.0,0.0,0.0,0.0,0.0,0.0,0.0
1,1,0.0,1.0,0.0,0.0,0.0,0.0,0.0,0.0,0.0,0.0,0.0,0.0
1,1,0.0,1.0,0.0,0.0,0.0,0.0,0.0,0.0,0.0,0.0,0.0,0.0
1,1,0.0,1.0,0.0,0.0,0.0,0.0,0.0,0.0,0.0,0.0,0.0,0.0
1,1,0.0,1.0,0.0,0.0,0.0,0.0,0.0,0.0,0.0,0.0,0.0,0.0
1,1,0.0,1.0,0.0,0.0,0.0,0.0,0.0,0.0,0.0,0.0,0.0,0.0
1,1,0.0,1.0,0.0,0.0,0.0,0.0,0.0,0.0,0.0,0.0,0.0,0.0
1,1,0.0,1.0,0.0,0.0,0.0,0.0,0.0,0.0,0.0,0.0,0.0,0.0
1,1,0.0,1.0,0.0,0.0,0.0,0.0,0.0,0.0,0.0,0.0,0.0,0.0
1,1,0.0,1.0,0.0,0.0,0.0,0.0,0.0,0.0,0.0,0.0,0.0,0.0
1,1,0.0,1.0,0.0,0.0,0.0,0.0,0.0,0.0,0.0,0.0,0.0,0.0
1,1,0.0,1.0,0.0,0.0,0.0,0.0,0.0,0.0,0.0,0.0,0.0,0.0
1,1,0.0,1.0,0.0,0.0,0.0,0.0,0.0,0.0,0.0,0.0,0.0,0.0
1,1,0.0,1.0,0.0,0.0,0.0,0.0,0.0,0.0,0.0,0.0,0.0,0.0
1,1,0.0,1.0,0.0,0.0,0.0,0.0,0.0,0.0,0.0,0.0,0.0,0.0
1,1,0.0,1.0,0.0,0.0,0.0,0.0,0.0,0.0,0.0,0.0,0.0,0.0
1,1,0.0,1.0,0.0,0.0,0.0,0.0,0.0,0.0,0.0,0.0,0.0,0.0
1,1,0.0,1.0,0.0,0.0,0.0,0.0,0.0,0.0,0.0,0.0,0.0,0.0
1,1,0.0,1.0,0.0,0.0,0.0,0.0,0.0,0.0,0.0,0.0,0.0,0.0
1,1,0.0,1.0,0.0,0.0,0.0,0.0,0.0,0.0,0.0,0.0,0.0,0.0
1,1,0.0,1.0,0.0,0.0,0.0,0.0,0.0,0.0,0.0,0.0,0.0,0.0
1,1,0.0,1.0,0.0,0.0,0.0,0.0,0.0,0.0,0.0,0.0,0.0,0.0
1,1,0.0,1.0,0.0,0.0,0.0,0.0,0.0,0.0,0.0,0.0,0.0,0.0
1,1,0.0,1.0,0.0,0.0,0.0,0.0,0.0,0.0,0.0,0.0,0.0,0.0
1,1,0.0,1.0,0.0,0.0,0.0,0.0,0.0,0.0,0.0,0.0,0.0,0.0
1,1,0.0,1.0,0.0,0.0,0.0,0.0,0.0,0.0,0.0,0.0,0.0,0.0
1,1,0.0,1.0,0.0,0.0,0.0,0.0,0.0,0.0,0.0,0.0,0.0,0.0
1,1,0.0,1.0,0.0,0.0,0.0,0.0,0.0,0.0,0.0,0.0,0.0,0.0
1,1,0.0,1.0,0.0,0.0,0.0,0.0,0.0,0.0,0.0,0.0,0.0,0.0
1,1,0.0,1.0,0.0,0.0,0.0,0.0,0.0,0.0,0.0,0.0,0.0,0.0
1,1,0.0,1.0,0.0,0.0,0.0,0.0,0.0,0.0,0.0,0.0,0.0,0.0
1,1,0.0,1.0,0.0,0.0,0.0,0.0,0.0,0.0,0.0,0.0,0.0,0.0
1,1,0.0,1.0,0.0,0.0,0.0,0.0,0.0,0.0,0.0,0.0,0.0,0.0
1,1,0.0,1.0,0.0,0.0,0.0,0.0,0.0,0.0,0.0,0.0,0.0,0.0
1,1,0.0,1.0,0.0,0.0,0.0,0.0,0.0,0.0,0.0,0.0,0.0,0.0
1,1,0.0,1.0,0.0,0.0,0.0,0.0,0.0,0.0,0.0,0.0,0.0,0.0
1,1,0.0,1.0,0.0,0.0,0.0,0.0,0.0,0.0,0.0,0.0,0.0,0.0
1,1,0.0,1.0,0.0,0.0,0.0,0.0,0.0,0.0,0.0,0.0,0.0,0.0
1,1,0.0,1.0,0.0,0.0,0.0,0.0,0.0,0.0,0.0,0.0,0.0,0.0
1,1,0.0,1.0,0.0,0.0,0.0,0.0,0.0,0.0,0.0,0.0,0.0,0.0
1,1,0.0,1.0,0.0,0.0,0.0,0.0,0.0,0.0,0.0,0.0,0.0,0.0
1,1,0.0,1.0,0.0,0.0,0.0,0.0,0.0,0.0,0.0,0.0,0.0,0.0
1,1,0.0,1.0,0.0,0.0,0.0,0.0,0.0,0.0,0.0,0.0,0.0,0.0
1,1,0.0,1.0,0.0,0.0,0.0,0.0,0.0,0.0,0.0,0.0,0.0,0.0
1,1,0.0,1.0,0.0,0.0,0.0,0.0,0.0,0.0,0.0,0.0,0.0,0.0
1,1,0.0,1.0,0.0,0.0,0.0,0.0,0.0,0.0,0.0,0.0,0.0,0.0
1,1,0.0,1.0,0.0,0.0,0.0,0.0,0.0,0.0,0.0,0.0,0.0,0.0
1,1,0.0,1.0,0.0,0.0,0.0,0.0,0.0,0.0,0.0,0.0,0.0,0.0
1,1,0.0,1.0,0.0,0.0,0.0,0.0,0.0,0.0,0.0,0.0,0.0,0.0
1,1,0.0,1.0,0.0,0.0,0.0,0.0,0.0,0.0,0.0,0.0,0.0,0.0
1,1,0.0,1.0,0.0,0.0,0.0,0.0,0.0,0.0,0.0,0.0,0.0,0.0
1,1,0.0,1.0,0.0,0.0,0.0,0.0,0.0,0.0,0.0,0.0,0.0,0.0
1,1,0.0,1.0,0.0,0.0,0.0,0.0,0.0,0.0,0.0,0.0,0.0,0.0
1,1,0.0,1.0,0.0,0.0,0.0,0.0,0.0,0.0,0.0,0.0,0.0,0.0
1,1,0.0,1.0,0.0,0.0,0.0,0.0,0.0,0.0,0.0,0.0,0.0,0.0
1,1,0.0,1.0,0.0,0.0,0.0,0.0,0.0,0.0,0.0,0.0,0.0,0.0
1,1,0.0,1.0,0.0,0.0,0.0,0.0,0.0,0.0,0.0,0.0,0.0,0.0
1,1,0.0,1.0,0.0,0.0,0.0,0.0,0.0,0.0,0.0,0.0,0.0,0.0
1,1,0.0,1.0,0.0,0.0,0.0,0.0,0.0,0.0,0.0,0.0,0.0,0.0
1,1,0.0,1.0,0.0,0.0,0.0,0.0,0.0,0.0,0.0,0.0,0.0,0.0
1,1,0.0,1.0,0.0,0.0,0.0,0.0,0.0,0.0,0.0,0.0,0.0,0.0
1,1,0.0,1.0,0.0,0.0,0.0,0.0,0.0,0.0,0.0,0.0,0.0,0.0
1,1,0.0,1.0,0.0,0.0,0.0,0.0,0.0,0.0,0.0,0.0,0.0,0.0
1,1,0.0,1.0,0.0,0.0,0.0,0.0,0.0,0.0,0.0,0.0,0.0,0.0
1,1,0.0,1.0,0.0,0.0,0.0,0.0,0.0,0.0,0.0,0.0,0.0,0.0
1,1,0.0,1.0,0.0,0.0,0.0,0.0,0.0,0.0,0.0,0.0,0.0,0.0
1,1,0.0,1.0,0.0,0.0,0.0,0.0,0.0,0.0,0.0,0.0,0.0,0.0
1,1,0.0,1.0,0.0,0.0,0.0,0.0,0.0,0.0,0.0,0.0,0.0,0.0
1,1,0.0,1.0,0.0,0.0,0.0,0.0,0.0,0.0,0.0,0.0,0.0,0.0
1,1,0.0,1.0,0.0,0.0,0.0,0.0,0.0,0.0,0.0,0.0,0.0,0.0
1,1,0.0,1.0,0.0,0.0,0.0,0.0,0.0,0.0,0.0,0.0,0.0,0.0
1,1,0.0,1.0,0.0,0.0,0.0,0.0,0.0,0.0,0.0,0.0,0.0,0.0
1,1,0.0,1.0,0.0,0.0,0.0,0.0,0.0,0.0,0.0,0.0,0.0,0.0
1,1,0.0,1.0,0.0,0.0,0.0,0.0,0.0,0.0,0.0,0.0,0.0,0.0
1,1,0.0,1.0,0.0,0.0,0.0,0.0,0.0,0.0,0.0,0.0,0.0,0.0
1,1,0.0,1.0,0.0,0.0,0.0,0.0,0.0,0.0,0.0,0.0,0.0,0.0
1,1,0.0,1.0,0.0,0.0,0.0,0.0,0.0,0.0,0.0,0.0,0.0,0.0
1,1,0.0,1.0,0.0,0.0,0.0,0.0,0.0,0.0,0.0,0.0,0.0,0.0
1,1,0.0,1.0,0.0,0.0,0.0,0.0,0.0,0.0,0.0,0.0,0.0,0.0
1,1,0.015625,0.984375,0.0,0.0,0.0,0.0,0.0,0.0,0.0,0.0,0.0,0.0
1,1,0.015625,0.984375,0.0,0.0,0.0,0.0,0.0,0.0,0.0,0.0,0.0,0.0
1,1,0.015625,0.984375,0.0,0.0,0.0,0.0,0.0,0.0,0.0,0.0,0.0,0.0
1,1,0.015625,0.984375,0.0,0.0,0.0,0.0,0.0,0.0,0.0,0.0,0.0,0.0
1,1,0.015625,0.984375,0.0,0.0,0.0,0.0,0.0,0.0,0.0,0.0,0.0,0.0
1,1,0.015625,0.984375,0.0,0.0,0.0,0.0,0.0,0.0,0.0,0.0,0.0,0.0
1,1,0.015625,0.984375,0.0,0.0,0.0,0.0,0.0,0.0,0.0,0.0,0.0,0.0
1,1,0.015625,0.984375,0.0,0.0,0.0,0.0,0.0,0.0,0.0,0.0,0.0,0.0
1,1,0.015625,0.984375,0.0,0.0,0.0,0.0,0.0,0.0,0.0,0.0,0.0,0.0
1,1,0.015625,0.984375,0.0,0.0,0.0,0.0,0.0,0.0,0.0,0.0,0.0,0.0
1,1,0.015625,0.984375,0.0,0.0,0.0,0.0,0.0,0.0,0.0,0.0,0.0,0.0
1,1,0.015625,0.984375,0.0,0.0,0.0,0.0,0.0,0.0,0.0,0.0,0.0,0.0
1,1,0.015625,0.984375,0.0,0.0,0.0,0.0,0.0,0.0,0.0,0.0,0.0,0.0
1,1,0.015625,0.984375,0.0,0.0,0.0,0.0,0.0,0.0,0.0,0.0,0.0,0.0
1,1,0.015625,0.984375,0.0,0.0,0.0,0.0,0.0,0.0,0.0,0.0,0.0,0.0
1,1,0.015625,0.984375,0.0,0.0,0.0,0.0,0.0,0.0,0.0,0.0,0.0,0.0
1,1,0.015625,0.984375,0.0,0.0,0.0,0.0,0.0,0.0,0.0,0.0,0.0,0.0
1,1,0.015625,0.984375,0.0,0.0,0.0,0.0,0.0,0.0,0.0,0.0,0.0,0.0
1,1,0.015625,0.984375,0.0,0.0,0.0,0.0,0.0,0.0,0.0,0.0,0.0,0.0
1,1,0.015625,0.984375,0.0,0.0,0.0,0.0,0.0,0.0,0.0,0.0,0.0,0.0
1,1,0.015625,0.984375,0.0,0.0,0.0,0.0,0.0,0.0,0.0,0.0,0.0,0.0
1,1,0.015625,0.984375,0.0,0.0,0.0,0.0,0.0,0.0,0.0,0.0,0.0,0.0
1,1,0.015625,0.984375,0.0,0.0,0.0,0.0,0.0,0.0,0.0,0.0,0.0,0.0
1,1,0.015625,0.984375,0.0,0.0,0.0,0.0,0.0,0.0,0.0,0.0,0.0,0.0
1,1,0.015625,0.984375,0.0,0.0,0.0,0.0,0.0,0.0,0.0,0.0,0.0,0.0
1,1,0.015625,0.984375,0.0,0.0,0.0,0.0,0.0,0.0,0.0,0.0,0.0,0.0
1,1,0.015625,0.984375,0.0,0.0,0.0,0.0,0.0,0.0,0.0,0.0,0.0,0.0
1,1,0.015625,0.984375,0.0,0.0,0.0,0.0,0.0,0.0,0.0,0.0,0.0,0.0
1,1,0.015625,0.984375,0.0,0.0,0.0,0.0,0.0,0.0,0.0,0.0,0.0,0.0
1,1,0.015625,0.984375,0.0,0.0,0.0,0.0,0.0,0.0,0.0,0.0,0.0,0.0
1,1,0.015625,0.984375,0.0,0.0,0.0,0.0,0.0,0.0,0.0,0.0,0.0,0.0
1,1,0.015625,0.984375,0.0,0.0,0.0,0.0,0.0,0.0,0.0,0.0,0.0,0.0
1,1,0.015625,0.984375,0.0,0.0,0.0,0.0,0.0,0.0,0.0,0.0,0.0,0.0
1,1,0.015625,0.984375,0.0,0.0,0.0,0.0,0.0,0.0,0.0,0.0,0.0,0.0
1,1,0.015625,0.984375,0.0,0.0,0.0,0.0,0.0,0.0,0.0,0.0,0.0,0.0
1,1,0.015625,0.984375,0.0,0.0,0.0,0.0,0.0,0.0,0.0,0.0,0.0,0.0
1,1,0.015625,0.984375,0.0,0.0,0.0,0.0,0.0,0.0,0.0,0.0,0.0,0.0
1,1,0.015625,0.984375,0.0,0.0,0.0,0.0,0.0,0.0,0.0,0.0,0.0,0.0
1,1,0.015625,0.984375,0.0,0.0,0.0,0.0,0.0,0.0,0.0,0.0,0.0,0.0
1,1,0.015625,0.984375,0.0,0.0,0.0,0.0,0.0,0.0,0.0,0.0,0.0,0.0
1,1,0.015625,0.984375,0.0,0.0,0.0,0.0,0.0,0.0,0.0,0.0,0.0,0.0
1,1,0.015625,0.984375,0.0,0.0,0.0,0.0,0.0,0.0,0.0,0.0,0.0,0.0
1,1,0.015625,0.984375,0.0,0.0,0.0,0.0,0.0,0.0,0.0,0.0,0.0,0.0
1,1,0.015625,0.984375,0.0,0.0,0.0,0.0,0.0,0.0,0.0,0.0,0.0,0.0
1,1,0.015625,0.984375,0.0,0.0,0.0,0.0,0.0,0.0,0.0,0.0,0.0,0.0
1,1,0.015625,0.984375,0.0,0.0,0.0,0.0,0.0,0.0,0.0,0.0,0.0,0.0
1,1,0.015625,0.984375,0.0,0.0,0.0,0.0,0.0,0.0,0.0,0.0,0.0,0.0
1,1,0.015625,0.984375,0.0,0.0,0.0,0.0,0.0,0.0,0.0,0.0,0.0,0.0
1,1,0.015625,0.984375,0.0,0.0,0.0,0.0,0.0,0.0,0.0,0.0,0.0,0.0
1,1,0.015625,0.984375,0.0,0.0,0.0,0.0,0.0,0.0,0.0,0.0,0.0,0.0
1,1,0.015625,0.984375,0.0,0.0,0.0,0.0,0.0,0.0,0.0,0.0,0.0,0.0
1,1,0.015625,0.984375,0.0,0.0,0.0,0.0,0.0,0.0,0.0,0.0,0.0,0.0
1,1,0.015625,0.984375,0.0,0.0,0.0,0.0,0.0,0.0,0.0,0.0,0.0,0.0
1,1,0.015625,0.984375,0.0,0.0,0.0,0.0,0.0,0.0,0.0,0.0,0.0,0.0
1,1,0.015625,0.984375,0.0,0.0,0.0,0.0,0.0,0.0,0.0,0.0,0.0,0.0
1,1,0.015625,0.984375,0.0,0.0,0.0,0.0,0.0,0.0,0.0,0.0,0.0,0.0
1,1,0.015625,0.984375,0.0,0.0,0.0,0.0,0.0,0.0,0.0,0.0,0.0,0.0
1,1,0.015625,0.984375,0.0,0.0,0.0,0.0,0.0,0.0,0.0,0.0,0.0,0.0
1,1,0.015625,0.984375,0.0,0.0,0.0,0.0,0.0,0.0,0.0,0.0,0.0,0.0
1,1,0.015625,0.984375,0.0,0.0,0.0,0.0,0.0,0.0,0.0,0.0,0.0,0.0
1,1,0.015625,0.984375,0.0,0.0,0.0,0.0,0.0,0.0,0.0,0.0,0.0,0.0
1,1,0.015625,0.984375,0.0,0.0,0.0,0.0,0.0,0.0,0.0,0.0,0.0,0.0
1,1,0.015625,0.984375,0.0,0.0,0.0,0.0,0.0,0.0,0.0,0.0,0.0,0.0
1,1,0.015625,0.984375,0.0,0.0,0.0,0.0,0.0,0.0,0.0,0.0,0.0,0.0
1,1,0.015625,0.984375,0.0,0.0,0.0,0.0,0.0,0.0,0.0,0.0,0.0,0.0
1,1,0.015625,0.984375,0.0,0.0,0.0,0.0,0.0,0.0,0.0,0.0,0.0,0.0
1,1,0.015625,0.984375,0.0,0.0,0.0,0.0,0.0,0.0,0.0,0.0,0.0,0.0
1,1,0.015625,0.984375,0.0,0.0,0.0,0.0,0.0,0.0,0.0,0.0,0.0,0.0
1,1,0.015625,0.984375,0.0,0.0,0.0,0.0,0.0,0.0,0.0,0.0,0.0,0.0
1,1,0.015625,0.984375,0.0,0.0,0.0,0.0,0.0,0.0,0.0,0.0,0.0,0.0
1,1,0.015625,0.984375,0.0,0.0,0.0,0.0,0.0,0.0,0.0,0.0,0.0,0.0
1,1,0.015625,0.984375,0.0,0.0,0.0,0.0,0.0,0.0,0.0,0.0,0.0,0.0
1,1,0.015625,0.984375,0.0,0.0,0.0,0.0,0.0,0.0,0.0,0.0,0.0,0.0
1,1,0.015625,0.984375,0.0,0.0,0.0,0.0,0.0,0.0,0.0,0.0,0.0,0.0
1,1,0.015625,0.984375,0.0,0.0,0.0,0.0,0.0,0.0,0.0,0.0,0.0,0.0
1,1,0.015625,0.984375,0.0,0.0,0.0,0.0,0.0,0.0,0.0,0.0,0.0,0.0
1,1,0.015625,0.984375,0.0,0.0,0.0,0.0,0.0,0.0,0.0,0.0,0.0,0.0
1,1,0.015625,0.984375,0.0,0.0,0.0,0.0,0.0,0.0,0.0,0.0,0.0,0.0
1,1,0.015625,0.984375,0.0,0.0,0.0,0.0,0.0,0.0,0.0,0.0,0.0,0.0
1,1,0.015625,0.984375,0.0,0.0,0.0,0.0,0.0,0.0,0.0,0.0,0.0,0.0
1,1,0.015625,0.984375,0.0,0.0,0.0,0.0,0.0,0.0,0.0,0.0,0.0,0.0
1,1,0.015625,0.984375,0.0,0.0,0.0,0.0,0.0,0.0,0.0,0.0,0.0,0.0
1,1,0.015625,0.984375,0.0,0.0,0.0,0.0,0.0,0.0,0.0,0.0,0.0,0.0
1,1,0.015625,0.984375,0.0,0.0,0.0,0.0,0.0,0.0,0.0,0.0,0.0,0.0
1,1,0.015625,0.984375,0.0,0.0,0.0,0.0,0.0,0.0,0.0,0.0,0.0,0.0
1,1,0.015625,0.984375,0.0,0.0,0.0,0.0,0.0,0.0,0.0,0.0,0.0,0.0
1,1,0.015625,0.984375,0.0,0.0,0.0,0.0,0.0,0.0,0.0,0.0,0.0,0.0
1,1,0.015625,0.984375,0.0,0.0,0.0,0.0,0.0,0.0,0.0,0.0,0.0,0.0
1,1,0.015625,0.984375,0.0,0.0,0.0,0.0,0.0,0.0,0.0,0.0,0.0,0.0
1,1,0.015625,0.984375,0.0,0.0,0.0,0.0,0.0,0.0,0.0,0.0,0.0,0.0
1,1,0.015625,0.984375,0.0,0.0,0.0,0.0,0.0,0.0,0.0,0.0,0.0,0.0
1,1,0.015625,0.984375,0.0,0.0,0.0,0.0,0.0,0.0,0.0,0.0,0.0,0.0
1,1,0.015625,0.984375,0.0,0.0,0.0,0.0,0.0,0.0,0.0,0.0,0.0,0.0
1,1,0.015625,0.984375,0.0,0.0,0.0,0.0,0.0,0.0,0.0,0.0,0.0,0.0
1,1,0.015625,0.984375,0.0,0.0,0.0,0.0,0.0,0.0,0.0,0.0,0.0,0.0
1,1,0.015625,0.984375,0.0,0.0,0.0,0.0,0.0,0.0,0.0,0.0,0.0,0.0
1,1,0.0,1.0,0.0,0.0,0.0,0.0,0.0,0.0,0.0,0.0,0.0,0.0
1,1,0.0,1.0,0.0,0.0,0.0,0.0,0.0,0.0,0.0,0.0,0.0,0.0
1,1,0.0,1.0,0.0,0.0,0.0,0.0,0.0,0.0,0.0,0.0,0.0,0.0
1,1,0.0,1.0,0.0,0.0,0.0,0.0,0.0,0.0,0.0,0.0,0.0,0.0
1,1,0.0,1.0,0.0,0.0,0.0,0.0,0.0,0.0,0.0,0.0,0.0,0.0
1,1,0.0,1.0,0.0,0.0,0.0,0.0,0.0,0.0,0.0,0.0,0.0,0.0
1,1,0.0,1.0,0.0,0.0,0.0,0.0,0.0,0.0,0.0,0.0,0.0,0.0
1,1,0.0,1.0,0.0,0.0,0.0,0.0,0.0,0.0,0.0,0.0,0.0,0.0
1,1,0.0,1.0,0.0,0.0,0.0,0.0,0.0,0.0,0.0,0.0,0.0,0.0
1,1,0.0,1.0,0.0,0.0,0.0,0.0,0.0,0.0,0.0,0.0,0.0,0.0
1,1,0.0,1.0,0.0,0.0,0.0,0.0,0.0,0.0,0.0,0.0,0.0,0.0
1,1,0.0,1.0,0.0,0.0,0.0,0.0,0.0,0.0,0.0,0.0,0.0,0.0
1,1,0.0,1.0,0.0,0.0,0.0,0.0,0.0,0.0,0.0,0.0,0.0,0.0
1,1,0.0,1.0,0.0,0.0,0.0,0.0,0.0,0.0,0.0,0.0,0.0,0.0
1,1,0.0,1.0,0.0,0.0,0.0,0.0,0.0,0.0,0.0,0.0,0.0,0.0
1,1,0.0,1.0,0.0,0.0,0.0,0.0,0.0,0.0,0.0,0.0,0.0,0.0
1,1,0.0,1.0,0.0,0.0,0.0,0.0,0.0,0.0,0.0,0.0,0.0,0.0
1,1,0.0,1.0,0.0,0.0,0.0,0.0,0.0,0.0,0.0,0.0,0.0,0.0
1,1,0.0,1.0,0.0,0.0,0.0,0.0,0.0,0.0,0.0,0.0,0.0,0.0
1,1,0.0,1.0,0.0,0.0,0.0,0.0,0.0,0.0,0.0,0.0,0.0,0.0
1,1,0.0,1.0,0.0,0.0,0.0,0.0,0.0,0.0,0.0,0.0,0.0,0.0
1,1,0.0,1.0,0.0,0.0,0.0,0.0,0.0,0.0,0.0,0.0,0.0,0.0
1,1,0.0,1.0,0.0,0.0,0.0,0.0,0.0,0.0,0.0,0.0,0.0,0.0
1,1,0.0,1.0,0.0,0.0,0.0,0.0,0.0,0.0,0.0,0.0,0.0,0.0
1,1,0.0,1.0,0.0,0.0,0.0,0.0,0.0,0.0,0.0,0.0,0.0,0.0
1,1,0.0,1.0,0.0,0.0,0.0,0.0,0.0,0.0,0.0,0.0,0.0,0.0
1,1,0.0,1.0,0.0,0.0,0.0,0.0,0.0,0.0,0.0,0.0,0.0,0.0
1,1,0.0,1.0,0.0,0.0,0.0,0.0,0.0,0.0,0.0,0.0,0.0,0.0
1,1,0.0,1.0,0.0,0.0,0.0,0.0,0.0,0.0,0.0,0.0,0.0,0.0
1,1,0.0,1.0,0.0,0.0,0.0,0.0,0.0,0.0,0.0,0.0,0.0,0.0
1,1,0.0,1.0,0.0,0.0,0.0,0.0,0.0,0.0,0.0,0.0,0.0,0.0
1,1,0.0,1.0,0.0,0.0,0.0,0.0,0.0,0.0,0.0,0.0,0.0,0.0
1,1,0.0,1.0,0.0,0.0,0.0,0.0,0.0,0.0,0.0,0.0,0.0,0.0
1,1,0.0,1.0,0.0,0.0,0.0,0.0,0.0,0.0,0.0,0.0,0.0,0.0
1,1,0.0,1.0,0.0,0.0,0.0,0.0,0.0,0.0,0.0,0.0,0.0,0.0
1,1,0.0,1.0,0.0,0.0,0.0,0.0,0.0,0.0,0.0,0.0,0.0,0.0
1,1,0.0,1.0,0.0,0.0,0.0,0.0,0.0,0.0,0.0,0.0,0.0,0.0
1,1,0.0,1.0,0.0,0.0,0.0,0.0,0.0,0.0,0.0,0.0,0.0,0.0
1,1,0.0,1.0,0.0,0.0,0.0,0.0,0.0,0.0,0.0,0.0,0.0,0.0
1,1,0.0,1.0,0.0,0.0,0.0,0.0,0.0,0.0,0.0,0.0,0.0,0.0
1,1,0.0,1.0,0.0,0.0,0.0,0.0,0.0,0.0,0.0,0.0,0.0,0.0
1,1,0.0,1.0,0.0,0.0,0.0,0.0,0.0,0.0,0.0,0.0,0.0,0.0
1,1,0.0,1.0,0.0,0.0,0.0,0.0,0.0,0.0,0.0,0.0,0.0,0.0
1,1,0.0,1.0,0.0,0.0,0.0,0.0,0.0,0.0,0.0,0.0,0.0,0.0
1,1,0.0,1.0,0.0,0.0,0.0,0.0,0.0,0.0,0.0,0.0,0.0,0.0
1,1,0.0,1.0,0.0,0.0,0.0,0.0,0.0,0.0,0.0,0.0,0.0,0.0
1,1,0.0,1.0,0.0,0.0,0.0,0.0,0.0,0.0,0.0,0.0,0.0,0.0
1,1,0.0,1.0,0.0,0.0,0.0,0.0,0.0,0.0,0.0,0.0,0.0,0.0
1,1,0.0,1.0,0.0,0.0,0.0,0.0,0.0,0.0,0.0,0.0,0.0,0.0
1,1,0.0,1.0,0.0,0.0,0.0,0.0,0.0,0.0,0.0,0.0,0.0,0.0
1,1,0.0,1.0,0.0,0.0,0.0,0.0,0.0,0.0,0.0,0.0,0.0,0.0
1,1,0.0,1.0,0.0,0.0,0.0,0.0,0.0,0.0,0.0,0.0,0.0,0.0
1,1,0.0,1.0,0.0,0.0,0.0,0.0,0.0,0.0,0.0,0.0,0.0,0.0
1,1,0.0,1.0,0.0,0.0,0.0,0.0,0.0,0.0,0.0,0.0,0.0,0.0
1,1,0.0,1.0,0.0,0.0,0.0,0.0,0.0,0.0,0.0,0.0,0.0,0.0
1,1,0.0,1.0,0.0,0.0,0.0,0.0,0.0,0.0,0.0,0.0,0.0,0.0
1,1,0.0,1.0,0.0,0.0,0.0,0.0,0.0,0.0,0.0,0.0,0.0,0.0
1,1,0.0,1.0,0.0,0.0,0.0,0.0,0.0,0.0,0.0,0.0,0.0,0.0
1,1,0.0,1.0,0.0,0.0,0.0,0.0,0.0,0.0,0.0,0.0,0.0,0.0
1,1,0.0,1.0,0.0,0.0,0.0,0.0,0.0,0.0,0.0,0.0,0.0,0.0
1,1,0.0,1.0,0.0,0.0,0.0,0.0,0.0,0.0,0.0,0.0,0.0,0.0
1,1,0.0,1.0,0.0,0.0,0.0,0.0,0.0,0.0,0.0,0.0,0.0,0.0
1,1,0.0,1.0,0.0,0.0,0.0,0.0,0.0,0.0,0.0,0.0,0.0,0.0
1,1,0.0,1.0,0.0,0.0,0.0,0.0,0.0,0.0,0.0,0.0,0.0,0.0
1,1,0.0,1.0,0.0,0.0,0.0,0.0,0.0,0.0,0.0,0.0,0.0,0.0
1,1,0.0,1.0,0.0,0.0,0.0,0.0,0.0,0.0,0.0,0.0,0.0,0.0
1,1,0.0,1.0,0.0,0.0,0.0,0.0,0.0,0.0,0.0,0.0,0.0,0.0
1,1,0.0,1.0,0.0,0.0,0.0,0.0,0.0,0.0,0.0,0.0,0.0,0.0
1,1,0.0,1.0,0.0,0.0,0.0,0.0,0.0,0.0,0.0,0.0,0.0,0.0
1,1,0.0,1.0,0.0,0.0,0.0,0.0,0.0,0.0,0.0,0.0,0.0,0.0
1,1,0.0,1.0,0.0,0.0,0.0,0.0,0.0,0.0,0.0,0.0,0.0,0.0
1,1,0.0,1.0,0.0,0.0,0.0,0.0,0.0,0.0,0.0,0.0,0.0,0.0
1,1,0.0,1.0,0.0,0.0,0.0,0.0,0.0,0.0,0.0,0.0,0.0,0.0
1,1,0.0,1.0,0.0,0.0,0.0,0.0,0.0,0.0,0.0,0.0,0.0,0.0
1,1,0.0,1.0,0.0,0.0,0.0,0.0,0.0,0.0,0.0,0.0,0.0,0.0
1,1,0.0,1.0,0.0,0.0,0.0,0.0,0.0,0.0,0.0,0.0,0.0,0.0
1,1,0.0,1.0,0.0,0.0,0.0,0.0,0.0,0.0,0.0,0.0,0.0,0.0
1,1,0.0,1.0,0.0,0.0,0.0,0.0,0.0,0.0,0.0,0.0,0.0,0.0
1,1,0.0,1.0,0.0,0.0,0.0,0.0,0.0,0.0,0.0,0.0,0.0,0.0
1,1,0.0,1.0,0.0,0.0,0.0,0.0,0.0,0.0,0.0,0.0,0.0,0.0
1,1,0.0,1.0,0.0,0.0,0.0,0.0,0.0,0.0,0.0,0.0,0.0,0.0
1,1,0.0,1.0,0.0,0.0,0.0,0.0,0.0,0.0,0.0,0.0,0.0,0.0
1,1,0.0,1.0,0.0,0.0,0.0,0.0,0.0,0.0,0.0,0.0,0.0,0.0
1,1,0.0,1.0,0.0,0.0,0.0,0.0,0.0,0.0,0.0,0.0,0.0,0.0
1,1,0.0,1.0,0.0,0.0,0.0,0.0,0.0,0.0,0.0,0.0,0.0,0.0
1,1,0.0,1.0,0.0,0.0,0.0,0.0,0.0,0.0,0.0,0.0,0.0,0.0
1,1,0.0,1.0,0.0,0.0,0.0,0.0,0.0,0.0,0.0,0.0,0.0,0.0
1,1,0.0,1.0,0.0,0.0,0.0,0.0,0.0,0.0,0.0,0.0,0.0,0.0
1,1,0.0,1.0,0.0,0.0,0.0,0.0,0.0,0.0,0.0,0.0,0.0,0.0
1,1,0.0,1.0,0.0,0.0,0.0,0.0,0.0,0.0,0.0,0.0,0.0,0.0
1,1,0.0,1.0,0.0,0.0,0.0,0.0,0.0,0.0,0.0,0.0,0.0,0.0
1,1,0.0,1.0,0.0,0.0,0.0,0.0,0.0,0.0,0.0,0.0,0.0,0.0
1,1,0.0,1.0,0.0,0.0,0.0,0.0,0.0,0.0,0.0,0.0,0.0,0.0
1,1,0.0,1.0,0.0,0.0,0.0,0.0,0.0,0.0,0.0,0.0,0.0,0.0
1,1,0.0,1.0,0.0,0.0,0.0,0.0,0.0,0.0,0.0,0.0,0.0,0.0
1,1,0.0,1.0,0.0,0.0,0.0,0.0,0.0,0.0,0.0,0.0,0.0,0.0
1,1,0.0,1.0,0.0,0.0,0.0,0.0,0.0,0.0,0.0,0.0,0.0,0.0
1,1,0.0,1.0,0.0,0.0,0.0,0.0,0.0,0.0,0.0,0.0,0.0,0.0
1,1,0.0,1.0,0.0,0.0,0.0,0.0,0.0,0.0,0.0,0.0,0.0,0.0
1,1,0.0,1.0,0.0,0.0,0.0,0.0,0.0,0.0,0.0,0.0,0.0,0.0
1,1,0.0,1.0,0.0,0.0,0.0,0.0,0.0,0.0,0.0,0.0,0.0,0.0
1,1,0.0,1.0,0.0,0.0,0.0,0.0,0.0,0.0,0.0,0.0,0.0,0.0
1,1,0.0,1.0,0.0,0.0,0.0,0.0,0.0,0.0,0.0,0.0,0.0,0.0
1,1,0.0,1.0,0.0,0.0,0.0,0.0,0.0,0.0,0.0,0.0,0.0,0.0
1,1,0.0,1.0,0.0,0.0,0.0,0.0,0.0,0.0,0.0,0.0,0.0,0.0
1,1,0.0,1.0,0.0,0.0,0.0,0.0,0.0,0.0,0.0,0.0,0.0,0.0
1,1,0.0,1.0,0.0,0.0,0.0,0.0,0.0,0.0,0.0,0.0,0.0,0.0
1,1,0.0,1.0,0.0,0.0,0.0,0.0,0.0,0.0,0.0,0.0,0.0,0.0
1,1,0.0,1.0,0.0,0.0,0.0,0.0,0.0,0.0,0.0,0.0,0.0,0.0
1,1,0.0,1.0,0.0,0.0,0.0,0.0,0.0,0.0,0.0,0.0,0.0,0.0
1,1,0.0,1.0,0.0,0.0,0.0,0.0,0.0,0.0,0.0,0.0,0.0,0.0
1,1,0.0,1.0,0.0,0.0,0.0,0.0,0.0,0.0,0.0,0.0,0.0,0.0
1,1,0.0,1.0,0.0,0.0,0.0,0.0,0.0,0.0,0.0,0.0,0.0,0.0
1,1,0.0,1.0,0.0,0.0,0.0,0.0,0.0,0.0,0.0,0.0,0.0,0.0
1,1,0.0,1.0,0.0,0.0,0.0,0.0,0.0,0.0,0.0,0.0,0.0,0.0
1,1,0.0,1.0,0.0,0.0,0.0,0.0,0.0,0.0,0.0,0.0,0.0,0.0
1,1,0.0,1.0,0.0,0.0,0.0,0.0,0.0,0.0,0.0,0.0,0.0,0.0
1,1,0.0,1.0,0.0,0.0,0.0,0.0,0.0,0.0,0.0,0.0,0.0,0.0
1,1,0.0,1.0,0.0,0.0,0.0,0.0,0.0,0.0,0.0,0.0,0.0,0.0
1,1,0.0,1.0,0.0,0.0,0.0,0.0,0.0,0.0,0.0,0.0,0.0,0.0
1,1,0.0,1.0,0.0,0.0,0.0,0.0,0.0,0.0,0.0,0.0,0.0,0.0
1,1,0.0,1.0,0.0,0.0,0.0,0.0,0.0,0.0,0.0,0.0,0.0,0.0
1,1,0.0,1.0,0.0,0.0,0.0,0.0,0.0,0.0,0.0,0.0,0.0,0.0
1,1,0.0,1.0,0.0,0.0,0.0,0.0,0.0,0.0,0.0,0.0,0.0,0.0
1,1,0.0,1.0,0.0,0.0,0.0,0.0,0.0,0.0,0.0,0.0,0.0,0.0
1,1,0.0,1.0,0.0,0.0,0.0,0.0,0.0,0.0,0.0,0.0,0.0,0.0
1,1,0.0,1.0,0.0,0.0,0.0,0.0,0.0,0.0,0.0,0.0,0.0,0.0
1,1,0.0,1.0,0.0,0.0,0.0,0.0,0.0,0.0,0.0,0.0,0.0,0.0
1,1,0.0,1.0,0.0,0.0,0.0,0.0,0.0,0.0,0.0,0.0,0.0,0.0
1,1,0.0,1.0,0.0,0.0,0.0,0.0,0.0,0.0,0.0,0.0,0.0,0.0
1,1,0.0,1.0,0.0,0.0,0.0,0.0,0.0,0.0,0.0,0.0,0.0,0.0
1,1,0.0,1.0,0.0,0.0,0.0,0.0,0.0,0.0,0.0,0.0,0.0,0.0
1,1,0.0,1.0,0.0,0.0,0.0,0.0,0.0,0.0,0.0,0.0,0.0,0.0
1,1,0.0,1.0,0.0,0.0,0.0,0.0,0.0,0.0,0.0,0.0,0.0,0.0
1,1,0.0,1.0,0.0,0.0,0.0,0.0,0.0,0.0,0.0,0.0,0.0,0.0
1,1,0.0,1.0,0.0,0.0,0.0,0.0,0.0,0.0,0.0,0.0,0.0,0.0
1,1,0.0,1.0,0.0,0.0,0.0,0.0,0.0,0.0,0.0,0.0,0.0,0.0
1,1,0.0,1.0,0.0,0.0,0.0,0.0,0.0,0.0,0.0,0.0,0.0,0.0
1,1,0.0,1.0,0.0,0.0,0.0,0.0,0.0,0.0,0.0,0.0,0.0,0.0
1,1,0.0,1.0,0.0,0.0,0.0,0.0,0.0,0.0,0.0,0.0,0.0,0.0
1,1,0.0,1.0,0.0,0.0,0.0,0.0,0.0,0.0,0.0,0.0,0.0,0.0
1,1,0.0,1.0,0.0,0.0,0.0,0.0,0.0,0.0,0.0,0.0,0.0,0.0
1,1,0.0,1.0,0.0,0.0,0.0,0.0,0.0,0.0,0.0,0.0,0.0,0.0
1,1,0.0,1.0,0.0,0.0,0.0,0.0,0.0,0.0,0.0,0.0,0.0,0.0
1,1,0.0,1.0,0.0,0.0,0.0,0.0,0.0,0.0,0.0,0.0,0.0,0.0
1,1,0.0,1.0,0.0,0.0,0.0,0.0,0.0,0.0,0.0,0.0,0.0,0.0
1,1,0.0,1.0,0.0,0.0,0.0,0.0,0.0,0.0,0.0,0.0,0.0,0.0
1,1,0.0,1.0,0.0,0.0,0.0,0.0,0.0,0.0,0.0,0.0,0.0,0.0
1,1,0.0,1.0,0.0,0.0,0.0,0.0,0.0,0.0,0.0,0.0,0.0,0.0
1,1,0.0,1.0,0.0,0.0,0.0,0.0,0.0,0.0,0.0,0.0,0.0,0.0
1,1,0.0,1.0,0.0,0.0,0.0,0.0,0.0,0.0,0.0,0.0,0.0,0.0
1,1,0.0,1.0,0.0,0.0,0.0,0.0,0.0,0.0,0.0,0.0,0.0,0.0
1,1,0.0,1.0,0.0,0.0,0.0,0.0,0.0,0.0,0.0,0.0,0.0,0.0
1,1,0.0,1.0,0.0,0.0,0.0,0.0,0.0,0.0,0.0,0.0,0.0,0.0
1,1,0.0,1.0,0.0,0.0,0.0,0.0,0.0,0.0,0.0,0.0,0.0,0.0
1,1,0.0,1.0,0.0,0.0,0.0,0.0,0.0,0.0,0.0,0.0,0.0,0.0
1,1,0.0,1.0,0.0,0.0,0.0,0.0,0.0,0.0,0.0,0.0,0.0,0.0
1,1,0.0,1.0,0.0,0.0,0.0,0.0,0.0,0.0,0.0,0.0,0.0,0.0
1,1,0.0,1.0,0.0,0.0,0.0,0.0,0.0,0.0,0.0,0.0,0.0,0.0
1,1,0.0,1.0,0.0,0.0,0.0,0.0,0.0,0.0,0.0,0.0,0.0,0.0
1,1,0.0,1.0,0.0,0.0,0.0,0.0,0.0,0.0,0.0,0.0,0.0,0.0
1,1,0.0,1.0,0.0,0.0,0.0,0.0,0.0,0.0,0.0,0.0,0.0,0.0
1,1,0.0,1.0,0.0,0.0,0.0,0.0,0.0,0.0,0.0,0.0,0.0,0.0
1,1,0.0,1.0,0.0,0.0,0.0,0.0,0.0,0.0,0.0,0.0,0.0,0.0
1,1,0.0,1.0,0.0,0.0,0.0,0.0,0.0,0.0,0.0,0.0,0.0,0.0
1,1,0.0,1.0,0.0,0.0,0.0,0.0,0.0,0.0,0.0,0.0,0.0,0.0
1,1,0.0,1.0,0.0,0.0,0.0,0.0,0.0,0.0,0.0,0.0,0.0,0.0
1,1,0.0,1.0,0.0,0.0,0.0,0.0,0.0,0.0,0.0,0.0,0.0,0.0
1,1,0.0,1.0,0.0,0.0,0.0,0.0,0.0,0.0,0.0,0.0,0.0,0.0
1,1,0.0,1.0,0.0,0.0,0.0,0.0,0.0,0.0,0.0,0.0,0.0,0.0
1,1,0.0,1.0,0.0,0.0,0.0,0.0,0.0,0.0,0.0,0.0,0.0,0.0
1,1,0.0,1.0,0.0,0.0,0.0,0.0,0.0,0.0,0.0,0.0,0.0,0.0
1,1,0.0,1.0,0.0,0.0,0.0,0.0,0.0,0.0,0.0,0.0,0.0,0.0
1,1,0.0,1.0,0.0,0.0,0.0,0.0,0.0,0.0,0.0,0.0,0.0,0.0
1,1,0.0,1.0,0.0,0.0,0.0,0.0,0.0,0.0,0.0,0.0,0.0,0.0
1,1,0.0,1.0,0.0,0.0,0.0,0.0,0.0,0.0,0.0,0.0,0.0,0.0
1,1,0.0,1.0,0.0,0.0,0.0,0.0,0.0,0.0,0.0,0.0,0.0,0.0
1,1,0.0,1.0,0.0,0.0,0.0,0.0,0.0,0.0,0.0,0.0,0.0,0.0
1,1,0.0,1.0,0.0,0.0,0.0,0.0,0.0,0.0,0.0,0.0,0.0,0.0
1,1,0.0,1.0,0.0,0.0,0.0,0.0,0.0,0.0,0.0,0.0,0.0,0.0
1,1,0.0,1.0,0.0,0.0,0.0,0.0,0.0,0.0,0.0,0.0,0.0,0.0
1,1,0.0,1.0,0.0,0.0,0.0,0.0,0.0,0.0,0.0,0.0,0.0,0.0
1,1,0.0,1.0,0.0,0.0,0.0,0.0,0.0,0.0,0.0,0.0,0.0,0.0
1,1,0.0,1.0,0.0,0.0,0.0,0.0,0.0,0.0,0.0,0.0,0.0,0.0
1,1,0.0,1.0,0.0,0.0,0.0,0.0,0.0,0.0,0.0,0.0,0.0,0.0
1,1,0.0,1.0,0.0,0.0,0.0,0.0,0.0,0.0,0.0,0.0,0.0,0.0
1,1,0.0,1.0,0.0,0.0,0.0,0.0,0.0,0.0,0.0,0.0,0.0,0.0
1,1,0.0,1.0,0.0,0.0,0.0,0.0,0.0,0.0,0.0,0.0,0.0,0.0
1,1,0.0,1.0,0.0,0.0,0.0,0.0,0.0,0.0,0.0,0.0,0.0,0.0
1,1,0.0,1.0,0.0,0.0,0.0,0.0,0.0,0.0,0.0,0.0,0.0,0.0
1,1,0.0,1.0,0.0,0.0,0.0,0.0,0.0,0.0,0.0,0.0,0.0,0.0
1,1,0.0,1.0,0.0,0.0,0.0,0.0,0.0,0.0,0.0,0.0,0.0,0.0
1,1,0.0,1.0,0.0,0.0,0.0,0.0,0.0,0.0,0.0,0.0,0.0,0.0
1,1,0.0,1.0,0.0,0.0,0.0,0.0,0.0,0.0,0.0,0.0,0.0,0.0
1,1,0.0,1.0,0.0,0.0,0.0,0.0,0.0,0.0,0.0,0.0,0.0,0.0
1,1,0.0,1.0,0.0,0.0,0.0,0.0,0.0,0.0,0.0,0.0,0.0,0.0
1,1,0.0,1.0,0.0,0.0,0.0,0.0,0.0,0.0,0.0,0.0,0.0,0.0
1,1,0.0,1.0,0.0,0.0,0.0,0.0,0.0,0.0,0.0,0.0,0.0,0.0
1,1,0.0,1.0,0.0,0.0,0.0,0.0,0.0,0.0,0.0,0.0,0.0,0.0
1,1,0.0,1.0,0.0,0.0,0.0,0.0,0.0,0.0,0.0,0.0,0.0,0.0
1,1,0.0,1.0,0.0,0.0,0.0,0.0,0.0,0.0,0.0,0.0,0.0,0.0
1,1,0.0,1.0,0.0,0.0,0.0,0.0,0.0,0.0,0.0,0.0,0.0,0.0
1,1,0.0,1.0,0.0,0.0,0.0,0.0,0.0,0.0,0.0,0.0,0.0,0.0
1,1,0.0,1.0,0.0,0.0,0.0,0.0,0.0,0.0,0.0,0.0,0.0,0.0
1,1,0.0,1.0,0.0,0.0,0.0,0.0,0.0,0.0,0.0,0.0,0.0,0.0
1,1,0.0,1.0,0.0,0.0,0.0,0.0,0.0,0.0,0.0,0.0,0.0,0.0
1,1,0.0,1.0,0.0,0.0,0.0,0.0,0.0,0.0,0.0,0.0,0.0,0.0
1,1,0.0,1.0,0.0,0.0,0.0,0.0,0.0,0.0,0.0,0.0,0.0,0.0
1,1,0.0,1.0,0.0,0.0,0.0,0.0,0.0,0.0,0.0,0.0,0.0,0.0
1,1,0.0,1.0,0.0,0.0,0.0,0.0,0.0,0.0,0.0,0.0,0.0,0.0
1,1,0.0,1.0,0.0,0.0,0.0,0.0,0.0,0.0,0.0,0.0,0.0,0.0
1,1,0.0,1.0,0.0,0.0,0.0,0.0,0.0,0.0,0.0,0.0,0.0,0.0
1,1,0.0,1.0,0.0,0.0,0.0,0.0,0.0,0.0,0.0,0.0,0.0,0.0
1,1,0.0,1.0,0.0,0.0,0.0,0.0,0.0,0.0,0.0,0.0,0.0,0.0
1,1,0.0,1.0,0.0,0.0,0.0,0.0,0.0,0.0,0.0,0.0,0.0,0.0
1,1,0.0,1.0,0.0,0.0,0.0,0.0,0.0,0.0,0.0,0.0,0.0,0.0
1,1,0.0,1.0,0.0,0.0,0.0,0.0,0.0,0.0,0.0,0.0,0.0,0.0
1,1,0.0,1.0,0.0,0.0,0.0,0.0,0.0,0.0,0.0,0.0,0.0,0.0
1,1,0.0,1.0,0.0,0.0,0.0,0.0,0.0,0.0,0.0,0.0,0.0,0.0
1,1,0.0,1.0,0.0,0.0,0.0,0.0,0.0,0.0,0.0,0.0,0.0,0.0
1,1,0.0,1.0,0.0,0.0,0.0,0.0,0.0,0.0,0.0,0.0,0.0,0.0
1,1,0.0,1.0,0.0,0.0,0.0,0.0,0.0,0.0,0.0,0.0,0.0,0.0
1,1,0.0,1.0,0.0,0.0,0.0,0.0,0.0,0.0,0.0,0.0,0.0,0.0
1,1,0.0,1.0,0.0,0.0,0.0,0.0,0.0,0.0,0.0,0.0,0.0,0.0
1,1,0.0,1.0,0.0,0.0,0.0,0.0,0.0,0.0,0.0,0.0,0.0,0.0
1,1,0.0,1.0,0.0,0.0,0.0,0.0,0.0,0.0,0.0,0.0,0.0,0.0
1,1,0.0,1.0,0.0,0.0,0.0,0.0,0.0,0.0,0.0,0.0,0.0,0.0
1,1,0.0,1.0,0.0,0.0,0.0,0.0,0.0,0.0,0.0,0.0,0.0,0.0
1,1,0.0,1.0,0.0,0.0,0.0,0.0,0.0,0.0,0.0,0.0,0.0,0.0
1,1,0.0,1.0,0.0,0.0,0.0,0.0,0.0,0.0,0.0,0.0,0.0,0.0
1,1,0.0,1.0,0.0,0.0,0.0,0.0,0.0,0.0,0.0,0.0,0.0,0.0
1,1,0.0,1.0,0.0,0.0,0.0,0.0,0.0,0.0,0.0,0.0,0.0,0.0
1,1,0.0,1.0,0.0,0.0,0.0,0.0,0.0,0.0,0.0,0.0,0.0,0.0
1,1,0.0,1.0,0.0,0.0,0.0,0.0,0.0,0.0,0.0,0.0,0.0,0.0
1,1,0.0,1.0,0.0,0.0,0.0,0.0,0.0,0.0,0.0,0.0,0.0,0.0
1,1,0.0,1.0,0.0,0.0,0.0,0.0,0.0,0.0,0.0,0.0,0.0,0.0
1,1,0.0,1.0,0.0,0.0,0.0,0.0,0.0,0.0,0.0,0.0,0.0,0.0
1,1,0.0,1.0,0.0,0.0,0.0,0.0,0.0,0.0,0.0,0.0,0.0,0.0
1,1,0.0,1.0,0.0,0.0,0.0,0.0,0.0,0.0,0.0,0.0,0.0,0.0
1,1,0.0,1.0,0.0,0.0,0.0,0.0,0.0,0.0,0.0,0.0,0.0,0.0
1,1,0.0,1.0,0.0,0.0,0.0,0.0,0.0,0.0,0.0,0.0,0.0,0.0
1,1,0.0,1.0,0.0,0.0,0.0,0.0,0.0,0.0,0.0,0.0,0.0,0.0
1,1,0.0,1.0,0.0,0.0,0.0,0.0,0.0,0.0,0.0,0.0,0.0,0.0
1,1,0.0,1.0,0.0,0.0,0.0,0.0,0.0,0.0,0.0,0.0,0.0,0.0
1,1,0.0,1.0,0.0,0.0,0.0,0.0,0.0,0.0,0.0,0.0,0.0,0.0
1,1,0.0,1.0,0.0,0.0,0.0,0.0,0.0,0.0,0.0,0.0,0.0,0.0
1,1,0.0,1.0,0.0,0.0,0.0,0.0,0.0,0.0,0.0,0.0,0.0,0.0
1,1,0.0,1.0,0.0,0.0,0.0,0.0,0.0,0.0,0.0,0.0,0.0,0.0
1,1,0.0,1.0,0.0,0.0,0.0,0.0,0.0,0.0,0.0,0.0,0.0,0.0
1,1,0.0,1.0,0.0,0.0,0.0,0.0,0.0,0.0,0.0,0.0,0.0,0.0
1,1,0.0,1.0,0.0,0.0,0.0,0.0,0.0,0.0,0.0,0.0,0.0,0.0
1,1,0.0,1.0,0.0,0.0,0.0,0.0,0.0,0.0,0.0,0.0,0.0,0.0
1,1,0.0,1.0,0.0,0.0,0.0,0.0,0.0,0.0,0.0,0.0,0.0,0.0
1,1,0.0,1.0,0.0,0.0,0.0,0.0,0.0,0.0,0.0,0.0,0.0,0.0
1,1,0.0,1.0,0.0,0.0,0.0,0.0,0.0,0.0,0.0,0.0,0.0,0.0
1,1,0.0,1.0,0.0,0.0,0.0,0.0,0.0,0.0,0.0,0.0,0.0,0.0
1,1,0.0,1.0,0.0,0.0,0.0,0.0,0.0,0.0,0.0,0.0,0.0,0.0
1,1,0.0,1.0,0.0,0.0,0.0,0.0,0.0,0.0,0.0,0.0,0.0,0.0
1,1,0.0,1.0,0.0,0.0,0.0,0.0,0.0,0.0,0.0,0.0,0.0,0.0
1,1,0.0,1.0,0.0,0.0,0.0,0.0,0.0,0.0,0.0,0.0,0.0,0.0
1,1,0.0,1.0,0.0,0.0,0.0,0.0,0.0,0.0,0.0,0.0,0.0,0.0
1,1,0.0,1.0,0.0,0.0,0.0,0.0,0.0,0.0,0.0,0.0,0.0,0.0
1,1,0.0,1.0,0.0,0.0,0.0,0.0,0.0,0.0,0.0,0.0,0.0,0.0
1,1,0.0,1.0,0.0,0.0,0.0,0.0,0.0,0.0,0.0,0.0,0.0,0.0
1,1,0.0,1.0,0.0,0.0,0.0,0.0,0.0,0.0,0.0,0.0,0.0,0.0
1,1,0.0,1.0,0.0,0.0,0.0,0.0,0.0,0.0,0.0,0.0,0.0,0.0
1,1,0.0,1.0,0.0,0.0,0.0,0.0,0.0,0.0,0.0,0.0,0.0,0.0
1,1,0.0,1.0,0.0,0.0,0.0,0.0,0.0,0.0,0.0,0.0,0.0,0.0
1,1,0.0,1.0,0.0,0.0,0.0,0.0,0.0,0.0,0.0,0.0,0.0,0.0
1,1,0.0,1.0,0.0,0.0,0.0,0.0,0.0,0.0,0.0,0.0,0.0,0.0
1,1,0.0,1.0,0.0,0.0,0.0,0.0,0.0,0.0,0.0,0.0,0.0,0.0
1,1,0.0,1.0,0.0,0.0,0.0,0.0,0.0,0.0,0.0,0.0,0.0,0.0
1,1,0.0,1.0,0.0,0.0,0.0,0.0,0.0,0.0,0.0,0.0,0.0,0.0
1,1,0.0,1.0,0.0,0.0,0.0,0.0,0.0,0.0,0.0,0.0,0.0,0.0
1,1,0.0,1.0,0.0,0.0,0.0,0.0,0.0,0.0,0.0,0.0,0.0,0.0
1,1,0.0,1.0,0.0,0.0,0.0,0.0,0.0,0.0,0.0,0.0,0.0,0.0
1,1,0.0,1.0,0.0,0.0,0.0,0.0,0.0,0.0,0.0,0.0,0.0,0.0
1,1,0.0,1.0,0.0,0.0,0.0,0.0,0.0,0.0,0.0,0.0,0.0,0.0
1,1,0.0,1.0,0.0,0.0,0.0,0.0,0.0,0.0,0.0,0.0,0.0,0.0
1,1,0.0,1.0,0.0,0.0,0.0,0.0,0.0,0.0,0.0,0.0,0.0,0.0
1,1,0.0,1.0,0.0,0.0,0.0,0.0,0.0,0.0,0.0,0.0,0.0,0.0
1,1,0.0,1.0,0.0,0.0,0.0,0.0,0.0,0.0,0.0,0.0,0.0,0.0
1,1,0.0,1.0,0.0,0.0,0.0,0.0,0.0,0.0,0.0,0.0,0.0,0.0
1,1,0.0,1.0,0.0,0.0,0.0,0.0,0.0,0.0,0.0,0.0,0.0,0.0
1,1,0.0,1.0,0.0,0.0,0.0,0.0,0.0,0.0,0.0,0.0,0.0,0.0
1,1,0.0,1.0,0.0,0.0,0.0,0.0,0.0,0.0,0.0,0.0,0.0,0.0
1,1,0.0,1.0,0.0,0.0,0.0,0.0,0.0,0.0,0.0,0.0,0.0,0.0
1,1,0.0,1.0,0.0,0.0,0.0,0.0,0.0,0.0,0.0,0.0,0.0,0.0
1,1,0.0,1.0,0.0,0.0,0.0,0.0,0.0,0.0,0.0,0.0,0.0,0.0
1,1,0.0,1.0,0.0,0.0,0.0,0.0,0.0,0.0,0.0,0.0,0.0,0.0
1,1,0.0,1.0,0.0,0.0,0.0,0.0,0.0,0.0,0.0,0.0,0.0,0.0
1,1,0.0,1.0,0.0,0.0,0.0,0.0,0.0,0.0,0.0,0.0,0.0,0.0
1,1,0.0,1.0,0.0,0.0,0.0,0.0,0.0,0.0,0.0,0.0,0.0,0.0
1,1,0.0,1.0,0.0,0.0,0.0,0.0,0.0,0.0,0.0,0.0,0.0,0.0
1,1,0.0,1.0,0.0,0.0,0.0,0.0,0.0,0.0,0.0,0.0,0.0,0.0
1,1,0.0,1.0,0.0,0.0,0.0,0.0,0.0,0.0,0.0,0.0,0.0,0.0
1,1,0.0,1.0,0.0,0.0,0.0,0.0,0.0,0.0,0.0,0.0,0.0,0.0
1,1,0.0,1.0,0.0,0.0,0.0,0.0,0.0,0.0,0.0,0.0,0.0,0.0
1,1,0.0,1.0,0.0,0.0,0.0,0.0,0.0,0.0,0.0,0.0,0.0,0.0
1,1,0.0,1.0,0.0,0.0,0.0,0.0,0.0,0.0,0.0,0.0,0.0,0.0
1,1,0.0,1.0,0.0,0.0,0.0,0.0,0.0,0.0,0.0,0.0,0.0,0.0
1,1,0.0,1.0,0.0,0.0,0.0,0.0,0.0,0.0,0.0,0.0,0.0,0.0
1,1,0.0,1.0,0.0,0.0,0.0,0.0,0.0,0.0,0.0,0.0,0.0,0.0
1,1,0.0,1.0,0.0,0.0,0.0,0.0,0.0,0.0,0.0,0.0,0.0,0.0
1,1,0.0,1.0,0.0,0.0,0.0,0.0,0.0,0.0,0.0,0.0,0.0,0.0
1,1,0.0,1.0,0.0,0.0,0.0,0.0,0.0,0.0,0.0,0.0,0.0,0.0
1,1,0.0,1.0,0.0,0.0,0.0,0.0,0.0,0.0,0.0,0.0,0.0,0.0
1,1,0.0,1.0,0.0,0.0,0.0,0.0,0.0,0.0,0.0,0.0,0.0,0.0
1,1,0.0,1.0,0.0,0.0,0.0,0.0,0.0,0.0,0.0,0.0,0.0,0.0
1,1,0.0,1.0,0.0,0.0,0.0,0.0,0.0,0.0,0.0,0.0,0.0,0.0
1,1,0.0,1.0,0.0,0.0,0.0,0.0,0.0,0.0,0.0,0.0,0.0,0.0
1,1,0.0,1.0,0.0,0.0,0.0,0.0,0.0,0.0,0.0,0.0,0.0,0.0
1,1,0.0,1.0,0.0,0.0,0.0,0.0,0.0,0.0,0.0,0.0,0.0,0.0
1,1,0.0,1.0,0.0,0.0,0.0,0.0,0.0,0.0,0.0,0.0,0.0,0.0
1,1,0.0,1.0,0.0,0.0,0.0,0.0,0.0,0.0,0.0,0.0,0.0,0.0
1,1,0.0,1.0,0.0,0.0,0.0,0.0,0.0,0.0,0.0,0.0,0.0,0.0
1,1,0.0,1.0,0.0,0.0,0.0,0.0,0.0,0.0,0.0,0.0,0.0,0.0
1,1,0.0,1.0,0.0,0.0,0.0,0.0,0.0,0.0,0.0,0.0,0.0,0.0
1,1,0.0,1.0,0.0,0.0,0.0,0.0,0.0,0.0,0.0,0.0,0.0,0.0
1,1,0.0,1.0,0.0,0.0,0.0,0.0,0.0,0.0,0.0,0.0,0.0,0.0
1,1,0.0,1.0,0.0,0.0,0.0,0.0,0.0,0.0,0.0,0.0,0.0,0.0
1,1,0.0,1.0,0.0,0.0,0.0,0.0,0.0,0.0,0.0,0.0,0.0,0.0
1,1,0.0,1.0,0.0,0.0,0.0,0.0,0.0,0.0,0.0,0.0,0.0,0.0
1,1,0.0,1.0,0.0,0.0,0.0,0.0,0.0,0.0,0.0,0.0,0.0,0.0
1,1,0.0,1.0,0.0,0.0,0.0,0.0,0.0,0.0,0.0,0.0,0.0,0.0
1,1,0.0,1.0,0.0,0.0,0.0,0.0,0.0,0.0,0.0,0.0,0.0,0.0
1,1,0.0,1.0,0.0,0.0,0.0,0.0,0.0,0.0,0.0,0.0,0.0,0.0
1,1,0.0,1.0,0.0,0.0,0.0,0.0,0.0,0.0,0.0,0.0,0.0,0.0
1,1,0.0,1.0,0.0,0.0,0.0,0.0,0.0,0.0,0.0,0.0,0.0,0.0
1,1,0.0,1.0,0.0,0.0,0.0,0.0,0.0,0.0,0.0,0.0,0.0,0.0
1,1,0.0,1.0,0.0,0.0,0.0,0.0,0.0,0.0,0.0,0.0,0.0,0.0
1,1,0.0,1.0,0.0,0.0,0.0,0.0,0.0,0.0,0.0,0.0,0.0,0.0
1,1,0.0,1.0,0.0,0.0,0.0,0.0,0.0,0.0,0.0,0.0,0.0,0.0
1,1,0.0,1.0,0.0,0.0,0.0,0.0,0.0,0.0,0.0,0.0,0.0,0.0
1,1,0.0,1.0,0.0,0.0,0.0,0.0,0.0,0.0,0.0,0.0,0.0,0.0
1,1,0.0,1.0,0.0,0.0,0.0,0.0,0.0,0.0,0.0,0.0,0.0,0.0
1,1,0.0,1.0,0.0,0.0,0.0,0.0,0.0,0.0,0.0,0.0,0.0,0.0
1,1,0.0,1.0,0.0,0.0,0.0,0.0,0.0,0.0,0.0,0.0,0.0,0.0
1,1,0.0,1.0,0.0,0.0,0.0,0.0,0.0,0.0,0.0,0.0,0.0,0.0
1,1,0.0,1.0,0.0,0.0,0.0,0.0,0.0,0.0,0.0,0.0,0.0,0.0
1,1,0.0,1.0,0.0,0.0,0.0,0.0,0.0,0.0,0.0,0.0,0.0,0.0
1,1,0.0,1.0,0.0,0.0,0.0,0.0,0.0,0.0,0.0,0.0,0.0,0.0
1,1,0.0,1.0,0.0,0.0,0.0,0.0,0.0,0.0,0.0,0.0,0.0,0.0
1,1,0.0,1.0,0.0,0.0,0.0,0.0,0.0,0.0,0.0,0.0,0.0,0.0
1,1,0.0,1.0,0.0,0.0,0.0,0.0,0.0,0.0,0.0,0.0,0.0,0.0
1,1,0.0,1.0,0.0,0.0,0.0,0.0,0.0,0.0,0.0,0.0,0.0,0.0
1,1,0.0,1.0,0.0,0.0,0.0,0.0,0.0,0.0,0.0,0.0,0.0,0.0
1,1,0.0,1.0,0.0,0.0,0.0,0.0,0.0,0.0,0.0,0.0,0.0,0.0
1,1,0.0,1.0,0.0,0.0,0.0,0.0,0.0,0.0,0.0,0.0,0.0,0.0
1,1,0.0,1.0,0.0,0.0,0.0,0.0,0.0,0.0,0.0,0.0,0.0,0.0
1,1,0.0,1.0,0.0,0.0,0.0,0.0,0.0,0.0,0.0,0.0,0.0,0.0
1,1,0.0,1.0,0.0,0.0,0.0,0.0,0.0,0.0,0.0,0.0,0.0,0.0
1,1,0.0,1.0,0.0,0.0,0.0,0.0,0.0,0.0,0.0,0.0,0.0,0.0
1,1,0.0,1.0,0.0,0.0,0.0,0.0,0.0,0.0,0.0,0.0,0.0,0.0
1,1,0.0,1.0,0.0,0.0,0.0,0.0,0.0,0.0,0.0,0.0,0.0,0.0
1,1,0.0,1.0,0.0,0.0,0.0,0.0,0.0,0.0,0.0,0.0,0.0,0.0
1,1,0.0,1.0,0.0,0.0,0.0,0.0,0.0,0.0,0.0,0.0,0.0,0.0
1,1,0.0,1.0,0.0,0.0,0.0,0.0,0.0,0.0,0.0,0.0,0.0,0.0
1,1,0.0,1.0,0.0,0.0,0.0,0.0,0.0,0.0,0.0,0.0,0.0,0.0
1,1,0.0,1.0,0.0,0.0,0.0,0.0,0.0,0.0,0.0,0.0,0.0,0.0
1,1,0.0,1.0,0.0,0.0,0.0,0.0,0.0,0.0,0.0,0.0,0.0,0.0
1,1,0.0,1.0,0.0,0.0,0.0,0.0,0.0,0.0,0.0,0.0,0.0,0.0
1,1,0.0,1.0,0.0,0.0,0.0,0.0,0.0,0.0,0.0,0.0,0.0,0.0
1,1,0.0,1.0,0.0,0.0,0.0,0.0,0.0,0.0,0.0,0.0,0.0,0.0
1,1,0.0,1.0,0.0,0.0,0.0,0.0,0.0,0.0,0.0,0.0,0.0,0.0
1,1,0.0,1.0,0.0,0.0,0.0,0.0,0.0,0.0,0.0,0.0,0.0,0.0
1,1,0.0,1.0,0.0,0.0,0.0,0.0,0.0,0.0,0.0,0.0,0.0,0.0
1,1,0.0,1.0,0.0,0.0,0.0,0.0,0.0,0.0,0.0,0.0,0.0,0.0
1,1,0.0,1.0,0.0,0.0,0.0,0.0,0.0,0.0,0.0,0.0,0.0,0.0
1,1,0.0,1.0,0.0,0.0,0.0,0.0,0.0,0.0,0.0,0.0,0.0,0.0
1,1,0.0,1.0,0.0,0.0,0.0,0.0,0.0,0.0,0.0,0.0,0.0,0.0
1,1,0.0,1.0,0.0,0.0,0.0,0.0,0.0,0.0,0.0,0.0,0.0,0.0
1,1,0.0,1.0,0.0,0.0,0.0,0.0,0.0,0.0,0.0,0.0,0.0,0.0
1,1,0.0,1.0,0.0,0.0,0.0,0.0,0.0,0.0,0.0,0.0,0.0,0.0
1,1,0.0,1.0,0.0,0.0,0.0,0.0,0.0,0.0,0.0,0.0,0.0,0.0
1,1,0.0,1.0,0.0,0.0,0.0,0.0,0.0,0.0,0.0,0.0,0.0,0.0
1,1,0.0,1.0,0.0,0.0,0.0,0.0,0.0,0.0,0.0,0.0,0.0,0.0
1,1,0.0,1.0,0.0,0.0,0.0,0.0,0.0,0.0,0.0,0.0,0.0,0.0
1,1,0.0,1.0,0.0,0.0,0.0,0.0,0.0,0.0,0.0,0.0,0.0,0.0
1,1,0.0,1.0,0.0,0.0,0.0,0.0,0.0,0.0,0.0,0.0,0.0,0.0
1,1,0.0,1.0,0.0,0.0,0.0,0.0,0.0,0.0,0.0,0.0,0.0,0.0
1,1,0.0,1.0,0.0,0.0,0.0,0.0,0.0,0.0,0.0,0.0,0.0,0.0
1,1,0.0,1.0,0.0,0.0,0.0,0.0,0.0,0.0,0.0,0.0,0.0,0.0
1,1,0.0,1.0,0.0,0.0,0.0,0.0,0.0,0.0,0.0,0.0,0.0,0.0
1,1,0.0,1.0,0.0,0.0,0.0,0.0,0.0,0.0,0.0,0.0,0.0,0.0
1,1,0.0,1.0,0.0,0.0,0.0,0.0,0.0,0.0,0.0,0.0,0.0,0.0
1,1,0.0,1.0,0.0,0.0,0.0,0.0,0.0,0.0,0.0,0.0,0.0,0.0
1,1,0.0,1.0,0.0,0.0,0.0,0.0,0.0,0.0,0.0,0.0,0.0,0.0
1,1,0.0,1.0,0.0,0.0,0.0,0.0,0.0,0.0,0.0,0.0,0.0,0.0
1,1,0.0,1.0,0.0,0.0,0.0,0.0,0.0,0.0,0.0,0.0,0.0,0.0
1,1,0.0,1.0,0.0,0.0,0.0,0.0,0.0,0.0,0.0,0.0,0.0,0.0
1,1,0.0,1.0,0.0,0.0,0.0,0.0,0.0,0.0,0.0,0.0,0.0,0.0
1,1,0.0,1.0,0.0,0.0,0.0,0.0,0.0,0.0,0.0,0.0,0.0,0.0
1,1,0.0,1.0,0.0,0.0,0.0,0.0,0.0,0.0,0.0,0.0,0.0,0.0
1,1,0.0,1.0,0.0,0.0,0.0,0.0,0.0,0.0,0.0,0.0,0.0,0.0
1,1,0.0,1.0,0.0,0.0,0.0,0.0,0.0,0.0,0.0,0.0,0.0,0.0
1,1,0.0,1.0,0.0,0.0,0.0,0.0,0.0,0.0,0.0,0.0,0.0,0.0
1,1,0.0,1.0,0.0,0.0,0.0,0.0,0.0,0.0,0.0,0.0,0.0,0.0
1,1,0.0,1.0,0.0,0.0,0.0,0.0,0.0,0.0,0.0,0.0,0.0,0.0
1,1,0.0,1.0,0.0,0.0,0.0,0.0,0.0,0.0,0.0,0.0,0.0,0.0
1,1,0.0,1.0,0.0,0.0,0.0,0.0,0.0,0.0,0.0,0.0,0.0,0.0
1,1,0.0,1.0,0.0,0.0,0.0,0.0,0.0,0.0,0.0,0.0,0.0,0.0
1,1,0.0,1.0,0.0,0.0,0.0,0.0,0.0,0.0,0.0,0.0,0.0,0.0
1,1,0.0,1.0,0.0,0.0,0.0,0.0,0.0,0.0,0.0,0.0,0.0,0.0
1,1,0.0,1.0,0.0,0.0,0.0,0.0,0.0,0.0,0.0,0.0,0.0,0.0
1,1,0.0,1.0,0.0,0.0,0.0,0.0,0.0,0.0,0.0,0.0,0.0,0.0
1,1,0.0,1.0,0.0,0.0,0.0,0.0,0.0,0.0,0.0,0.0,0.0,0.0
1,1,0.0,1.0,0.0,0.0,0.0,0.0,0.0,0.0,0.0,0.0,0.0,0.0
1,1,0.0,1.0,0.0,0.0,0.0,0.0,0.0,0.0,0.0,0.0,0.0,0.0
1,1,0.0,1.0,0.0,0.0,0.0,0.0,0.0,0.0,0.0,0.0,0.0,0.0
1,1,0.0,1.0,0.0,0.0,0.0,0.0,0.0,0.0,0.0,0.0,0.0,0.0
1,1,0.0,1.0,0.0,0.0,0.0,0.0,0.0,0.0,0.0,0.0,0.0,0.0
1,1,0.0,1.0,0.0,0.0,0.0,0.0,0.0,0.0,0.0,0.0,0.0,0.0
1,1,0.0,1.0,0.0,0.0,0.0,0.0,0.0,0.0,0.0,0.0,0.0,0.0
1,1,0.0,1.0,0.0,0.0,0.0,0.0,0.0,0.0,0.0,0.0,0.0,0.0
1,1,0.0,1.0,0.0,0.0,0.0,0.0,0.0,0.0,0.0,0.0,0.0,0.0
1,1,0.0,1.0,0.0,0.0,0.0,0.0,0.0,0.0,0.0,0.0,0.0,0.0
1,1,0.0,1.0,0.0,0.0,0.0,0.0,0.0,0.0,0.0,0.0,0.0,0.0
1,1,0.0,1.0,0.0,0.0,0.0,0.0,0.0,0.0,0.0,0.0,0.0,0.0
1,1,0.0,1.0,0.0,0.0,0.0,0.0,0.0,0.0,0.0,0.0,0.0,0.0
1,1,0.0,1.0,0.0,0.0,0.0,0.0,0.0,0.0,0.0,0.0,0.0,0.0
1,1,0.0,1.0,0.0,0.0,0.0,0.0,0.0,0.0,0.0,0.0,0.0,0.0
1,1,0.0,1.0,0.0,0.0,0.0,0.0,0.0,0.0,0.0,0.0,0.0,0.0
1,1,0.0,1.0,0.0,0.0,0.0,0.0,0.0,0.0,0.0,0.0,0.0,0.0
1,1,0.0,1.0,0.0,0.0,0.0,0.0,0.0,0.0,0.0,0.0,0.0,0.0
1,1,0.0,1.0,0.0,0.0,0.0,0.0,0.0,0.0,0.0,0.0,0.0,0.0
1,1,0.0,1.0,0.0,0.0,0.0,0.0,0.0,0.0,0.0,0.0,0.0,0.0
1,1,0.0,1.0,0.0,0.0,0.0,0.0,0.0,0.0,0.0,0.0,0.0,0.0
1,1,0.0,1.0,0.0,0.0,0.0,0.0,0.0,0.0,0.0,0.0,0.0,0.0
1,1,0.0,1.0,0.0,0.0,0.0,0.0,0.0,0.0,0.0,0.0,0.0,0.0
1,1,0.0,1.0,0.0,0.0,0.0,0.0,0.0,0.0,0.0,0.0,0.0,0.0
1,1,0.0,1.0,0.0,0.0,0.0,0.0,0.0,0.0,0.0,0.0,0.0,0.0
1,1,0.0,1.0,0.0,0.0,0.0,0.0,0.0,0.0,0.0,0.0,0.0,0.0
1,1,0.0,1.0,0.0,0.0,0.0,0.0,0.0,0.0,0.0,0.0,0.0,0.0
1,1,0.0,1.0,0.0,0.0,0.0,0.0,0.0,0.0,0.0,0.0,0.0,0.0
1,1,0.0,1.0,0.0,0.0,0.0,0.0,0.0,0.0,0.0,0.0,0.0,0.0
1,1,0.0,1.0,0.0,0.0,0.0,0.0,0.0,0.0,0.0,0.0,0.0,0.0
1,1,0.0,1.0,0.0,0.0,0.0,0.0,0.0,0.0,0.0,0.0,0.0,0.0
1,1,0.0,1.0,0.0,0.0,0.0,0.0,0.0,0.0,0.0,0.0,0.0,0.0
1,1,0.0,1.0,0.0,0.0,0.0,0.0,0.0,0.0,0.0,0.0,0.0,0.0
1,1,0.0,1.0,0.0,0.0,0.0,0.0,0.0,0.0,0.0,0.0,0.0,0.0
1,1,0.0,1.0,0.0,0.0,0.0,0.0,0.0,0.0,0.0,0.0,0.0,0.0
1,1,0.0,1.0,0.0,0.0,0.0,0.0,0.0,0.0,0.0,0.0,0.0,0.0
1,1,0.0,1.0,0.0,0.0,0.0,0.0,0.0,0.0,0.0,0.0,0.0,0.0
1,1,0.0,1.0,0.0,0.0,0.0,0.0,0.0,0.0,0.0,0.0,0.0,0.0
1,1,0.0,1.0,0.0,0.0,0.0,0.0,0.0,0.0,0.0,0.0,0.0,0.0
1,1,0.0,1.0,0.0,0.0,0.0,0.0,0.0,0.0,0.0,0.0,0.0,0.0
1,1,0.0,1.0,0.0,0.0,0.0,0.0,0.0,0.0,0.0,0.0,0.0,0.0
1,1,0.0,1.0,0.0,0.0,0.0,0.0,0.0,0.0,0.0,0.0,0.0,0.0
1,1,0.0,1.0,0.0,0.0,0.0,0.0,0.0,0.0,0.0,0.0,0.0,0.0
1,1,0.0,1.0,0.0,0.0,0.0,0.0,0.0,0.0,0.0,0.0,0.0,0.0
1,1,0.0,1.0,0.0,0.0,0.0,0.0,0.0,0.0,0.0,0.0,0.0,0.0
1,1,0.0,1.0,0.0,0.0,0.0,0.0,0.0,0.0,0.0,0.0,0.0,0.0
1,1,0.0,1.0,0.0,0.0,0.0,0.0,0.0,0.0,0.0,0.0,0.0,0.0
1,1,0.0,1.0,0.0,0.0,0.0,0.0,0.0,0.0,0.0,0.0,0.0,0.0
1,1,0.0,1.0,0.0,0.0,0.0,0.0,0.0,0.0,0.0,0.0,0.0,0.0
1,1,0.0,1.0,0.0,0.0,0.0,0.0,0.0,0.0,0.0,0.0,0.0,0.0
1,1,0.0,1.0,0.0,0.0,0.0,0.0,0.0,0.0,0.0,0.0,0.0,0.0
1,1,0.0,1.0,0.0,0.0,0.0,0.0,0.0,0.0,0.0,0.0,0.0,0.0
1,1,0.0,1.0,0.0,0.0,0.0,0.0,0.0,0.0,0.0,0.0,0.0,0.0
1,1,0.0,1.0,0.0,0.0,0.0,0.0,0.0,0.0,0.0,0.0,0.0,0.0
1,1,0.0,1.0,0.0,0.0,0.0,0.0,0.0,0.0,0.0,0.0,0.0,0.0
1,1,0.0,1.0,0.0,0.0,0.0,0.0,0.0,0.0,0.0,0.0,0.0,0.0
1,1,0.0,1.0,0.0,0.0,0.0,0.0,0.0,0.0,0.0,0.0,0.0,0.0
1,1,0.0,1.0,0.0,0.0,0.0,0.0,0.0,0.0,0.0,0.0,0.0,0.0
1,1,0.0,1.0,0.0,0.0,0.0,0.0,0.0,0.0,0.0,0.0,0.0,0.0
1,1,0.0,1.0,0.0,0.0,0.0,0.0,0.0,0.0,0.0,0.0,0.0,0.0
1,1,0.0,1.0,0.0,0.0,0.0,0.0,0.0,0.0,0.0,0.0,0.0,0.0
1,1,0.0,1.0,0.0,0.0,0.0,0.0,0.0,0.0,0.0,0.0,0.0,0.0
1,1,0.0,1.0,0.0,0.0,0.0,0.0,0.0,0.0,0.0,0.0,0.0,0.0
1,1,0.0,1.0,0.0,0.0,0.0,0.0,0.0,0.0,0.0,0.0,0.0,0.0
1,1,0.0,1.0,0.0,0.0,0.0,0.0,0.0,0.0,0.0,0.0,0.0,0.0
1,1,0.0,1.0,0.0,0.0,0.0,0.0,0.0,0.0,0.0,0.0,0.0,0.0
1,1,0.0,1.0,0.0,0.0,0.0,0.0,0.0,0.0,0.0,0.0,0.0,0.0
1,1,0.0,1.0,0.0,0.0,0.0,0.0,0.0,0.0,0.0,0.0,0.0,0.0
1,1,0.0,1.0,0.0,0.0,0.0,0.0,0.0,0.0,0.0,0.0,0.0,0.0
1,1,0.0,1.0,0.0,0.0,0.0,0.0,0.0,0.0,0.0,0.0,0.0,0.0
1,1,0.0,1.0,0.0,0.0,0.0,0.0,0.0,0.0,0.0,0.0,0.0,0.0
1,1,0.0,1.0,0.0,0.0,0.0,0.0,0.0,0.0,0.0,0.0,0.0,0.0
1,1,0.0,1.0,0.0,0.0,0.0,0.0,0.0,0.0,0.0,0.0,0.0,0.0
1,1,0.0,1.0,0.0,0.0,0.0,0.0,0.0,0.0,0.0,0.0,0.0,0.0
1,1,0.0,1.0,0.0,0.0,0.0,0.0,0.0,0.0,0.0,0.0,0.0,0.0
1,1,0.0,1.0,0.0,0.0,0.0,0.0,0.0,0.0,0.0,0.0,0.0,0.0
1,1,0.0,1.0,0.0,0.0,0.0,0.0,0.0,0.0,0.0,0.0,0.0,0.0
1,1,0.0,1.0,0.0,0.0,0.0,0.0,0.0,0.0,0.0,0.0,0.0,0.0
1,1,0.0,1.0,0.0,0.0,0.0,0.0,0.0,0.0,0.0,0.0,0.0,0.0
1,1,0.0,1.0,0.0,0.0,0.0,0.0,0.0,0.0,0.0,0.0,0.0,0.0
1,1,0.0,1.0,0.0,0.0,0.0,0.0,0.0,0.0,0.0,0.0,0.0,0.0
1,1,0.0,1.0,0.0,0.0,0.0,0.0,0.0,0.0,0.0,0.0,0.0,0.0
1,1,0.0,1.0,0.0,0.0,0.0,0.0,0.0,0.0,0.0,0.0,0.0,0.0
1,1,0.0,1.0,0.0,0.0,0.0,0.0,0.0,0.0,0.0,0.0,0.0,0.0
1,1,0.0,1.0,0.0,0.0,0.0,0.0,0.0,0.0,0.0,0.0,0.0,0.0
1,1,0.0,1.0,0.0,0.0,0.0,0.0,0.0,0.0,0.0,0.0,0.0,0.0
1,1,0.0,1.0,0.0,0.0,0.0,0.0,0.0,0.0,0.0,0.0,0.0,0.0
1,1,0.0,1.0,0.0,0.0,0.0,0.0,0.0,0.0,0.0,0.0,0.0,0.0
1,1,0.0,1.0,0.0,0.0,0.0,0.0,0.0,0.0,0.0,0.0,0.0,0.0
1,1,0.0,1.0,0.0,0.0,0.0,0.0,0.0,0.0,0.0,0.0,0.0,0.0
1,1,0.0,1.0,0.0,0.0,0.0,0.0,0.0,0.0,0.0,0.0,0.0,0.0
1,1,0.0,1.0,0.0,0.0,0.0,0.0,0.0,0.0,0.0,0.0,0.0,0.0
1,1,0.0,1.0,0.0,0.0,0.0,0.0,0.0,0.0,0.0,0.0,0.0,0.0
1,1,0.0,1.0,0.0,0.0,0.0,0.0,0.0,0.0,0.0,0.0,0.0,0.0
1,1,0.0,1.0,0.0,0.0,0.0,0.0,0.0,0.0,0.0,0.0,0.0,0.0
1,1,0.0,1.0,0.0,0.0,0.0,0.0,0.0,0.0,0.0,0.0,0.0,0.0
1,1,0.0,1.0,0.0,0.0,0.0,0.0,0.0,0.0,0.0,0.0,0.0,0.0
1,1,0.0,1.0,0.0,0.0,0.0,0.0,0.0,0.0,0.0,0.0,0.0,0.0
1,1,0.0,1.0,0.0,0.0,0.0,0.0,0.0,0.0,0.0,0.0,0.0,0.0
1,1,0.0,1.0,0.0,0.0,0.0,0.0,0.0,0.0,0.0,0.0,0.0,0.0
1,1,0.0,1.0,0.0,0.0,0.0,0.0,0.0,0.0,0.0,0.0,0.0,0.0
1,1,0.0,1.0,0.0,0.0,0.0,0.0,0.0,0.0,0.0,0.0,0.0,0.0
1,1,0.0,1.0,0.0,0.0,0.0,0.0,0.0,0.0,0.0,0.0,0.0,0.0
1,1,0.0,1.0,0.0,0.0,0.0,0.0,0.0,0.0,0.0,0.0,0.0,0.0
1,1,0.0,1.0,0.0,0.0,0.0,0.0,0.0,0.0,0.0,0.0,0.0,0.0
1,1,0.0,1.0,0.0,0.0,0.0,0.0,0.0,0.0,0.0,0.0,0.0,0.0
1,1,0.0,1.0,0.0,0.0,0.0,0.0,0.0,0.0,0.0,0.0,0.0,0.0
1,1,0.0,1.0,0.0,0.0,0.0,0.0,0.0,0.0,0.0,0.0,0.0,0.0
1,1,0.0,1.0,0.0,0.0,0.0,0.0,0.0,0.0,0.0,0.0,0.0,0.0
1,1,0.0,1.0,0.0,0.0,0.0,0.0,0.0,0.0,0.0,0.0,0.0,0.0
1,1,0.0,1.0,0.0,0.0,0.0,0.0,0.0,0.0,0.0,0.0,0.0,0.0
1,1,0.0,1.0,0.0,0.0,0.0,0.0,0.0,0.0,0.0,0.0,0.0,0.0
1,1,0.0,1.0,0.0,0.0,0.0,0.0,0.0,0.0,0.0,0.0,0.0,0.0
1,1,0.0,1.0,0.0,0.0,0.0,0.0,0.0,0.0,0.0,0.0,0.0,0.0
1,1,0.0,1.0,0.0,0.0,0.0,0.0,0.0,0.0,0.0,0.0,0.0,0.0
1,1,0.0,1.0,0.0,0.0,0.0,0.0,0.0,0.0,0.0,0.0,0.0,0.0
1,1,0.0,1.0,0.0,0.0,0.0,0.0,0.0,0.0,0.0,0.0,0.0,0.0
1,1,0.0,1.0,0.0,0.0,0.0,0.0,0.0,0.0,0.0,0.0,0.0,0.0
1,1,0.0,1.0,0.0,0.0,0.0,0.0,0.0,0.0,0.0,0.0,0.0,0.0
1,1,0.0,1.0,0.0,0.0,0.0,0.0,0.0,0.0,0.0,0.0,0.0,0.0
1,1,0.0,1.0,0.0,0.0,0.0,0.0,0.0,0.0,0.0,0.0,0.0,0.0
1,1,0.0,1.0,0.0,0.0,0.0,0.0,0.0,0.0,0.0,0.0,0.0,0.0
1,1,0.0,1.0,0.0,0.0,0.0,0.0,0.0,0.0,0.0,0.0,0.0,0.0
1,1,0.0,1.0,0.0,0.0,0.0,0.0,0.0,0.0,0.0,0.0,0.0,0.0
1,1,0.0,1.0,0.0,0.0,0.0,0.0,0.0,0.0,0.0,0.0,0.0,0.0
1,1,0.0,1.0,0.0,0.0,0.0,0.0,0.0,0.0,0.0,0.0,0.0,0.0
1,1,0.0,1.0,0.0,0.0,0.0,0.0,0.0,0.0,0.0,0.0,0.0,0.0
1,1,0.0,1.0,0.0,0.0,0.0,0.0,0.0,0.0,0.0,0.0,0.0,0.0
1,1,0.0,1.0,0.0,0.0,0.0,0.0,0.0,0.0,0.0,0.0,0.0,0.0
1,1,0.0,1.0,0.0,0.0,0.0,0.0,0.0,0.0,0.0,0.0,0.0,0.0
1,1,0.0,1.0,0.0,0.0,0.0,0.0,0.0,0.0,0.0,0.0,0.0,0.0
1,1,0.0,1.0,0.0,0.0,0.0,0.0,0.0,0.0,0.0,0.0,0.0,0.0
1,1,0.0,1.0,0.0,0.0,0.0,0.0,0.0,0.0,0.0,0.0,0.0,0.0
1,1,0.0,1.0,0.0,0.0,0.0,0.0,0.0,0.0,0.0,0.0,0.0,0.0
1,1,0.0,1.0,0.0,0.0,0.0,0.0,0.0,0.0,0.0,0.0,0.0,0.0
1,1,0.0,1.0,0.0,0.0,0.0,0.0,0.0,0.0,0.0,0.0,0.0,0.0
1,1,0.0,1.0,0.0,0.0,0.0,0.0,0.0,0.0,0.0,0.0,0.0,0.0
1,1,0.0,1.0,0.0,0.0,0.0,0.0,0.0,0.0,0.0,0.0,0.0,0.0
1,1,0.0,1.0,0.0,0.0,0.0,0.0,0.0,0.0,0.0,0.0,0.0,0.0
1,1,0.0,1.0,0.0,0.0,0.0,0.0,0.0,0.0,0.0,0.0,0.0,0.0
1,1,0.0,1.0,0.0,0.0,0.0,0.0,0.0,0.0,0.0,0.0,0.0,0.0
1,1,0.0,1.0,0.0,0.0,0.0,0.0,0.0,0.0,0.0,0.0,0.0,0.0
1,1,0.0,1.0,0.0,0.0,0.0,0.0,0.0,0.0,0.0,0.0,0.0,0.0
1,1,0.0,1.0,0.0,0.0,0.0,0.0,0.0,0.0,0.0,0.0,0.0,0.0
1,1,0.0,1.0,0.0,0.0,0.0,0.0,0.0,0.0,0.0,0.0,0.0,0.0
1,1,0.0,1.0,0.0,0.0,0.0,0.0,0.0,0.0,0.0,0.0,0.0,0.0
1,1,0.0,1.0,0.0,0.0,0.0,0.0,0.0,0.0,0.0,0.0,0.0,0.0
1,1,0.0,1.0,0.0,0.0,0.0,0.0,0.0,0.0,0.0,0.0,0.0,0.0
1,1,0.0,1.0,0.0,0.0,0.0,0.0,0.0,0.0,0.0,0.0,0.0,0.0
1,1,0.0,1.0,0.0,0.0,0.0,0.0,0.0,0.0,0.0,0.0,0.0,0.0
1,1,0.0,1.0,0.0,0.0,0.0,0.0,0.0,0.0,0.0,0.0,0.0,0.0
1,1,0.0,1.0,0.0,0.0,0.0,0.0,0.0,0.0,0.0,0.0,0.0,0.0
1,1,0.0,1.0,0.0,0.0,0.0,0.0,0.0,0.0,0.0,0.0,0.0,0.0
1,1,0.0,1.0,0.0,0.0,0.0,0.0,0.0,0.0,0.0,0.0,0.0,0.0
1,1,0.0,1.0,0.0,0.0,0.0,0.0,0.0,0.0,0.0,0.0,0.0,0.0
1,1,0.0,1.0,0.0,0.0,0.0,0.0,0.0,0.0,0.0,0.0,0.0,0.0
1,1,0.0,1.0,0.0,0.0,0.0,0.0,0.0,0.0,0.0,0.0,0.0,0.0
1,1,0.0,1.0,0.0,0.0,0.0,0.0,0.0,0.0,0.0,0.0,0.0,0.0
1,1,0.0,1.0,0.0,0.0,0.0,0.0,0.0,0.0,0.0,0.0,0.0,0.0
1,1,0.0,1.0,0.0,0.0,0.0,0.0,0.0,0.0,0.0,0.0,0.0,0.0
1,1,0.0,1.0,0.0,0.0,0.0,0.0,0.0,0.0,0.0,0.0,0.0,0.0
1,1,0.0,1.0,0.0,0.0,0.0,0.0,0.0,0.0,0.0,0.0,0.0,0.0
1,1,0.0,1.0,0.0,0.0,0.0,0.0,0.0,0.0,0.0,0.0,0.0,0.0
1,1,0.0,1.0,0.0,0.0,0.0,0.0,0.0,0.0,0.0,0.0,0.0,0.0
1,1,0.0,1.0,0.0,0.0,0.0,0.0,0.0,0.0,0.0,0.0,0.0,0.0
1,1,0.0,1.0,0.0,0.0,0.0,0.0,0.0,0.0,0.0,0.0,0.0,0.0
1,1,0.0,1.0,0.0,0.0,0.0,0.0,0.0,0.0,0.0,0.0,0.0,0.0
1,1,0.0,1.0,0.0,0.0,0.0,0.0,0.0,0.0,0.0,0.0,0.0,0.0
1,1,0.0,1.0,0.0,0.0,0.0,0.0,0.0,0.0,0.0,0.0,0.0,0.0
1,1,0.0,1.0,0.0,0.0,0.0,0.0,0.0,0.0,0.0,0.0,0.0,0.0
1,1,0.0,1.0,0.0,0.0,0.0,0.0,0.0,0.0,0.0,0.0,0.0,0.0
1,1,0.0,1.0,0.0,0.0,0.0,0.0,0.0,0.0,0.0,0.0,0.0,0.0
1,1,0.0,1.0,0.0,0.0,0.0,0.0,0.0,0.0,0.0,0.0,0.0,0.0
1,1,0.0,1.0,0.0,0.0,0.0,0.0,0.0,0.0,0.0,0.0,0.0,0.0
1,1,0.0,1.0,0.0,0.0,0.0,0.0,0.0,0.0,0.0,0.0,0.0,0.0
1,1,0.0,1.0,0.0,0.0,0.0,0.0,0.0,0.0,0.0,0.0,0.0,0.0
1,1,0.0,1.0,0.0,0.0,0.0,0.0,0.0,0.0,0.0,0.0,0.0,0.0
1,1,0.0,1.0,0.0,0.0,0.0,0.0,0.0,0.0,0.0,0.0,0.0,0.0
1,1,0.0,1.0,0.0,0.0,0.0,0.0,0.0,0.0,0.0,0.0,0.0,0.0
1,1,0.0,1.0,0.0,0.0,0.0,0.0,0.0,0.0,0.0,0.0,0.0,0.0
1,1,0.0,1.0,0.0,0.0,0.0,0.0,0.0,0.0,0.0,0.0,0.0,0.0
1,1,0.0,1.0,0.0,0.0,0.0,0.0,0.0,0.0,0.0,0.0,0.0,0.0
1,1,0.0,1.0,0.0,0.0,0.0,0.0,0.0,0.0,0.0,0.0,0.0,0.0
1,1,0.0,1.0,0.0,0.0,0.0,0.0,0.0,0.0,0.0,0.0,0.0,0.0
1,1,0.0,1.0,0.0,0.0,0.0,0.0,0.0,0.0,0.0,0.0,0.0,0.0
1,1,0.0,1.0,0.0,0.0,0.0,0.0,0.0,0.0,0.0,0.0,0.0,0.0
1,1,0.0,1.0,0.0,0.0,0.0,0.0,0.0,0.0,0.0,0.0,0.0,0.0
1,1,0.0,1.0,0.0,0.0,0.0,0.0,0.0,0.0,0.0,0.0,0.0,0.0
1,1,0.0,1.0,0.0,0.0,0.0,0.0,0.0,0.0,0.0,0.0,0.0,0.0
1,1,0.0,1.0,0.0,0.0,0.0,0.0,0.0,0.0,0.0,0.0,0.0,0.0
1,1,0.0,1.0,0.0,0.0,0.0,0.0,0.0,0.0,0.0,0.0,0.0,0.0
1,1,0.0,1.0,0.0,0.0,0.0,0.0,0.0,0.0,0.0,0.0,0.0,0.0
1,1,0.0,1.0,0.0,0.0,0.0,0.0,0.0,0.0,0.0,0.0,0.0,0.0
1,1,0.0,1.0,0.0,0.0,0.0,0.0,0.0,0.0,0.0,0.0,0.0,0.0
1,1,0.0,1.0,0.0,0.0,0.0,0.0,0.0,0.0,0.0,0.0,0.0,0.0
1,1,0.0,1.0,0.0,0.0,0.0,0.0,0.0,0.0,0.0,0.0,0.0,0.0
1,1,0.0,1.0,0.0,0.0,0.0,0.0,0.0,0.0,0.0,0.0,0.0,0.0
1,1,0.0,1.0,0.0,0.0,0.0,0.0,0.0,0.0,0.0,0.0,0.0,0.0
1,1,0.0,1.0,0.0,0.0,0.0,0.0,0.0,0.0,0.0,0.0,0.0,0.0
1,1,0.0,1.0,0.0,0.0,0.0,0.0,0.0,0.0,0.0,0.0,0.0,0.0
1,1,0.0,1.0,0.0,0.0,0.0,0.0,0.0,0.0,0.0,0.0,0.0,0.0
1,1,0.0,1.0,0.0,0.0,0.0,0.0,0.0,0.0,0.0,0.0,0.0,0.0
1,1,0.0,1.0,0.0,0.0,0.0,0.0,0.0,0.0,0.0,0.0,0.0,0.0
1,1,0.0,1.0,0.0,0.0,0.0,0.0,0.0,0.0,0.0,0.0,0.0,0.0
1,1,0.0,1.0,0.0,0.0,0.0,0.0,0.0,0.0,0.0,0.0,0.0,0.0
1,1,0.0,1.0,0.0,0.0,0.0,0.0,0.0,0.0,0.0,0.0,0.0,0.0
1,1,0.0,1.0,0.0,0.0,0.0,0.0,0.0,0.0,0.0,0.0,0.0,0.0
1,1,0.0,1.0,0.0,0.0,0.0,0.0,0.0,0.0,0.0,0.0,0.0,0.0
1,1,0.0,1.0,0.0,0.0,0.0,0.0,0.0,0.0,0.0,0.0,0.0,0.0
1,1,0.0,1.0,0.0,0.0,0.0,0.0,0.0,0.0,0.0,0.0,0.0,0.0
1,1,0.0,1.0,0.0,0.0,0.0,0.0,0.0,0.0,0.0,0.0,0.0,0.0
1,1,0.0,1.0,0.0,0.0,0.0,0.0,0.0,0.0,0.0,0.0,0.0,0.0
1,1,0.0,1.0,0.0,0.0,0.0,0.0,0.0,0.0,0.0,0.0,0.0,0.0
1,1,0.0,1.0,0.0,0.0,0.0,0.0,0.0,0.0,0.0,0.0,0.0,0.0
1,1,0.0,1.0,0.0,0.0,0.0,0.0,0.0,0.0,0.0,0.0,0.0,0.0
1,1,0.0,1.0,0.0,0.0,0.0,0.0,0.0,0.0,0.0,0.0,0.0,0.0
1,1,0.0,1.0,0.0,0.0,0.0,0.0,0.0,0.0,0.0,0.0,0.0,0.0
1,1,0.0,1.0,0.0,0.0,0.0,0.0,0.0,0.0,0.0,0.0,0.0,0.0
1,1,0.0,1.0,0.0,0.0,0.0,0.0,0.0,0.0,0.0,0.0,0.0,0.0
1,1,0.0,1.0,0.0,0.0,0.0,0.0,0.0,0.0,0.0,0.0,0.0,0.0
1,1,0.0,1.0,0.0,0.0,0.0,0.0,0.0,0.0,0.0,0.0,0.0,0.0
1,1,0.0,1.0,0.0,0.0,0.0,0.0,0.0,0.0,0.0,0.0,0.0,0.0
1,1,0.0,1.0,0.0,0.0,0.0,0.0,0.0,0.0,0.0,0.0,0.0,0.0
1,1,0.0,1.0,0.0,0.0,0.0,0.0,0.0,0.0,0.0,0.0,0.0,0.0
1,1,0.0,1.0,0.0,0.0,0.0,0.0,0.0,0.0,0.0,0.0,0.0,0.0
1,1,0.0,1.0,0.0,0.0,0.0,0.0,0.0,0.0,0.0,0.0,0.0,0.0
1,1,0.0,1.0,0.0,0.0,0.0,0.0,0.0,0.0,0.0,0.0,0.0,0.0
1,1,0.0,1.0,0.0,0.0,0.0,0.0,0.0,0.0,0.0,0.0,0.0,0.0
1,1,0.0,1.0,0.0,0.0,0.0,0.0,0.0,0.0,0.0,0.0,0.0,0.0
1,1,0.0,1.0,0.0,0.0,0.0,0.0,0.0,0.0,0.0,0.0,0.0,0.0
1,1,0.0,1.0,0.0,0.0,0.0,0.0,0.0,0.0,0.0,0.0,0.0,0.0
1,1,0.0,1.0,0.0,0.0,0.0,0.0,0.0,0.0,0.0,0.0,0.0,0.0
1,1,0.0,1.0,0.0,0.0,0.0,0.0,0.0,0.0,0.0,0.0,0.0,0.0
1,1,0.0,1.0,0.0,0.0,0.0,0.0,0.0,0.0,0.0,0.0,0.0,0.0
1,1,0.0,1.0,0.0,0.0,0.0,0.0,0.0,0.0,0.0,0.0,0.0,0.0
1,1,0.0,1.0,0.0,0.0,0.0,0.0,0.0,0.0,0.0,0.0,0.0,0.0
1,1,0.0,1.0,0.0,0.0,0.0,0.0,0.0,0.0,0.0,0.0,0.0,0.0
1,1,0.0,1.0,0.0,0.0,0.0,0.0,0.0,0.0,0.0,0.0,0.0,0.0
1,1,0.0,1.0,0.0,0.0,0.0,0.0,0.0,0.0,0.0,0.0,0.0,0.0
1,1,0.0,1.0,0.0,0.0,0.0,0.0,0.0,0.0,0.0,0.0,0.0,0.0
1,1,0.0,1.0,0.0,0.0,0.0,0.0,0.0,0.0,0.0,0.0,0.0,0.0
1,1,0.0,1.0,0.0,0.0,0.0,0.0,0.0,0.0,0.0,0.0,0.0,0.0
1,1,0.0,1.0,0.0,0.0,0.0,0.0,0.0,0.0,0.0,0.0,0.0,0.0
1,1,0.0,1.0,0.0,0.0,0.0,0.0,0.0,0.0,0.0,0.0,0.0,0.0
1,1,0.0,1.0,0.0,0.0,0.0,0.0,0.0,0.0,0.0,0.0,0.0,0.0
1,1,0.0,1.0,0.0,0.0,0.0,0.0,0.0,0.0,0.0,0.0,0.0,0.0
1,1,0.0,1.0,0.0,0.0,0.0,0.0,0.0,0.0,0.0,0.0,0.0,0.0
1,1,0.0,1.0,0.0,0.0,0.0,0.0,0.0,0.0,0.0,0.0,0.0,0.0
1,1,0.0,1.0,0.0,0.0,0.0,0.0,0.0,0.0,0.0,0.0,0.0,0.0
1,1,0.0,1.0,0.0,0.0,0.0,0.0,0.0,0.0,0.0,0.0,0.0,0.0
1,1,0.0,1.0,0.0,0.0,0.0,0.0,0.0,0.0,0.0,0.0,0.0,0.0
1,1,0.0,1.0,0.0,0.0,0.0,0.0,0.0,0.0,0.0,0.0,0.0,0.0
1,1,0.0,1.0,0.0,0.0,0.0,0.0,0.0,0.0,0.0,0.0,0.0,0.0
1,1,0.0,1.0,0.0,0.0,0.0,0.0,0.0,0.0,0.0,0.0,0.0,0.0
1,1,0.0,1.0,0.0,0.0,0.0,0.0,0.0,0.0,0.0,0.0,0.0,0.0
1,1,0.0,1.0,0.0,0.0,0.0,0.0,0.0,0.0,0.0,0.0,0.0,0.0
1,1,0.0,1.0,0.0,0.0,0.0,0.0,0.0,0.0,0.0,0.0,0.0,0.0
1,1,0.0,1.0,0.0,0.0,0.0,0.0,0.0,0.0,0.0,0.0,0.0,0.0
1,1,0.0,1.0,0.0,0.0,0.0,0.0,0.0,0.0,0.0,0.0,0.0,0.0
1,1,0.0,1.0,0.0,0.0,0.0,0.0,0.0,0.0,0.0,0.0,0.0,0.0
1,1,0.0,1.0,0.0,0.0,0.0,0.0,0.0,0.0,0.0,0.0,0.0,0.0
1,1,0.0,1.0,0.0,0.0,0.0,0.0,0.0,0.0,0.0,0.0,0.0,0.0
1,1,0.0,1.0,0.0,0.0,0.0,0.0,0.0,0.0,0.0,0.0,0.0,0.0
1,1,0.0,1.0,0.0,0.0,0.0,0.0,0.0,0.0,0.0,0.0,0.0,0.0
1,1,0.0,1.0,0.0,0.0,0.0,0.0,0.0,0.0,0.0,0.0,0.0,0.0
1,1,0.0,1.0,0.0,0.0,0.0,0.0,0.0,0.0,0.0,0.0,0.0,0.0
1,1,0.0,1.0,0.0,0.0,0.0,0.0,0.0,0.0,0.0,0.0,0.0,0.0
1,1,0.0,1.0,0.0,0.0,0.0,0.0,0.0,0.0,0.0,0.0,0.0,0.0
1,1,0.0,1.0,0.0,0.0,0.0,0.0,0.0,0.0,0.0,0.0,0.0,0.0
1,1,0.0,1.0,0.0,0.0,0.0,0.0,0.0,0.0,0.0,0.0,0.0,0.0
1,1,0.0,1.0,0.0,0.0,0.0,0.0,0.0,0.0,0.0,0.0,0.0,0.0
1,1,0.0,1.0,0.0,0.0,0.0,0.0,0.0,0.0,0.0,0.0,0.0,0.0
1,1,0.0,1.0,0.0,0.0,0.0,0.0,0.0,0.0,0.0,0.0,0.0,0.0
1,1,0.0,1.0,0.0,0.0,0.0,0.0,0.0,0.0,0.0,0.0,0.0,0.0
1,1,0.0,1.0,0.0,0.0,0.0,0.0,0.0,0.0,0.0,0.0,0.0,0.0
1,1,0.0,1.0,0.0,0.0,0.0,0.0,0.0,0.0,0.0,0.0,0.0,0.0
1,1,0.0,1.0,0.0,0.0,0.0,0.0,0.0,0.0,0.0,0.0,0.0,0.0
1,1,0.0,1.0,0.0,0.0,0.0,0.0,0.0,0.0,0.0,0.0,0.0,0.0
1,1,0.0,1.0,0.0,0.0,0.0,0.0,0.0,0.0,0.0,0.0,0.0,0.0
1,1,0.0,1.0,0.0,0.0,0.0,0.0,0.0,0.0,0.0,0.0,0.0,0.0
1,1,0.0,1.0,0.0,0.0,0.0,0.0,0.0,0.0,0.0,0.0,0.0,0.0
1,1,0.0,1.0,0.0,0.0,0.0,0.0,0.0,0.0,0.0,0.0,0.0,0.0
1,1,0.0,1.0,0.0,0.0,0.0,0.0,0.0,0.0,0.0,0.0,0.0,0.0
1,1,0.0,1.0,0.0,0.0,0.0,0.0,0.0,0.0,0.0,0.0,0.0,0.0
1,1,0.0,1.0,0.0,0.0,0.0,0.0,0.0,0.0,0.0,0.0,0.0,0.0
1,1,0.0,1.0,0.0,0.0,0.0,0.0,0.0,0.0,0.0,0.0,0.0,0.0
1,1,0.0,1.0,0.0,0.0,0.0,0.0,0.0,0.0,0.0,0.0,0.0,0.0
1,1,0.0,1.0,0.0,0.0,0.0,0.0,0.0,0.0,0.0,0.0,0.0,0.0
1,1,0.0,1.0,0.0,0.0,0.0,0.0,0.0,0.0,0.0,0.0,0.0,0.0
1,1,0.0,1.0,0.0,0.0,0.0,0.0,0.0,0.0,0.0,0.0,0.0,0.0
1,1,0.0,1.0,0.0,0.0,0.0,0.0,0.0,0.0,0.0,0.0,0.0,0.0
1,1,0.0,1.0,0.0,0.0,0.0,0.0,0.0,0.0,0.0,0.0,0.0,0.0
1,1,0.0,1.0,0.0,0.0,0.0,0.0,0.0,0.0,0.0,0.0,0.0,0.0
1,1,0.0,1.0,0.0,0.0,0.0,0.0,0.0,0.0,0.0,0.0,0.0,0.0
1,1,0.0,1.0,0.0,0.0,0.0,0.0,0.0,0.0,0.0,0.0,0.0,0.0
1,1,0.0,1.0,0.0,0.0,0.0,0.0,0.0,0.0,0.0,0.0,0.0,0.0
1,1,0.0,1.0,0.0,0.0,0.0,0.0,0.0,0.0,0.0,0.0,0.0,0.0
1,1,0.0,1.0,0.0,0.0,0.0,0.0,0.0,0.0,0.0,0.0,0.0,0.0
1,1,0.0,1.0,0.0,0.0,0.0,0.0,0.0,0.0,0.0,0.0,0.0,0.0
1,1,0.0,1.0,0.0,0.0,0.0,0.0,0.0,0.0,0.0,0.0,0.0,0.0
1,1,0.0,1.0,0.0,0.0,0.0,0.0,0.0,0.0,0.0,0.0,0.0,0.0
1,1,0.0,1.0,0.0,0.0,0.0,0.0,0.0,0.0,0.0,0.0,0.0,0.0
1,1,0.0,1.0,0.0,0.0,0.0,0.0,0.0,0.0,0.0,0.0,0.0,0.0
1,1,0.0,1.0,0.0,0.0,0.0,0.0,0.0,0.0,0.0,0.0,0.0,0.0
1,1,0.0,1.0,0.0,0.0,0.0,0.0,0.0,0.0,0.0,0.0,0.0,0.0
1,1,0.0,1.0,0.0,0.0,0.0,0.0,0.0,0.0,0.0,0.0,0.0,0.0
1,1,0.0,1.0,0.0,0.0,0.0,0.0,0.0,0.0,0.0,0.0,0.0,0.0
1,1,0.0,1.0,0.0,0.0,0.0,0.0,0.0,0.0,0.0,0.0,0.0,0.0
1,1,0.0,1.0,0.0,0.0,0.0,0.0,0.0,0.0,0.0,0.0,0.0,0.0
1,1,0.0,1.0,0.0,0.0,0.0,0.0,0.0,0.0,0.0,0.0,0.0,0.0
1,1,0.0,1.0,0.0,0.0,0.0,0.0,0.0,0.0,0.0,0.0,0.0,0.0
1,1,0.0,1.0,0.0,0.0,0.0,0.0,0.0,0.0,0.0,0.0,0.0,0.0
1,1,0.0,1.0,0.0,0.0,0.0,0.0,0.0,0.0,0.0,0.0,0.0,0.0
1,1,0.0,1.0,0.0,0.0,0.0,0.0,0.0,0.0,0.0,0.0,0.0,0.0
1,1,0.0,1.0,0.0,0.0,0.0,0.0,0.0,0.0,0.0,0.0,0.0,0.0
1,1,0.0,1.0,0.0,0.0,0.0,0.0,0.0,0.0,0.0,0.0,0.0,0.0
1,1,0.0,1.0,0.0,0.0,0.0,0.0,0.0,0.0,0.0,0.0,0.0,0.0
1,1,0.0,1.0,0.0,0.0,0.0,0.0,0.0,0.0,0.0,0.0,0.0,0.0
1,1,0.0,1.0,0.0,0.0,0.0,0.0,0.0,0.0,0.0,0.0,0.0,0.0
1,1,0.0,1.0,0.0,0.0,0.0,0.0,0.0,0.0,0.0,0.0,0.0,0.0
1,1,0.0,1.0,0.0,0.0,0.0,0.0,0.0,0.0,0.0,0.0,0.0,0.0
1,1,0.0,1.0,0.0,0.0,0.0,0.0,0.0,0.0,0.0,0.0,0.0,0.0
1,1,0.0,1.0,0.0,0.0,0.0,0.0,0.0,0.0,0.0,0.0,0.0,0.0
1,1,0.0,1.0,0.0,0.0,0.0,0.0,0.0,0.0,0.0,0.0,0.0,0.0
1,1,0.0,1.0,0.0,0.0,0.0,0.0,0.0,0.0,0.0,0.0,0.0,0.0
1,1,0.0,1.0,0.0,0.0,0.0,0.0,0.0,0.0,0.0,0.0,0.0,0.0
1,1,0.0,1.0,0.0,0.0,0.0,0.0,0.0,0.0,0.0,0.0,0.0,0.0
1,1,0.0,1.0,0.0,0.0,0.0,0.0,0.0,0.0,0.0,0.0,0.0,0.0
1,1,0.0,1.0,0.0,0.0,0.0,0.0,0.0,0.0,0.0,0.0,0.0,0.0
1,1,0.0,1.0,0.0,0.0,0.0,0.0,0.0,0.0,0.0,0.0,0.0,0.0
1,1,0.0,1.0,0.0,0.0,0.0,0.0,0.0,0.0,0.0,0.0,0.0,0.0
1,1,0.0,1.0,0.0,0.0,0.0,0.0,0.0,0.0,0.0,0.0,0.0,0.0
1,1,0.0,1.0,0.0,0.0,0.0,0.0,0.0,0.0,0.0,0.0,0.0,0.0
1,1,0.0,1.0,0.0,0.0,0.0,0.0,0.0,0.0,0.0,0.0,0.0,0.0
1,1,0.0,1.0,0.0,0.0,0.0,0.0,0.0,0.0,0.0,0.0,0.0,0.0
1,1,0.0,1.0,0.0,0.0,0.0,0.0,0.0,0.0,0.0,0.0,0.0,0.0
1,1,0.0,1.0,0.0,0.0,0.0,0.0,0.0,0.0,0.0,0.0,0.0,0.0
1,1,0.0,1.0,0.0,0.0,0.0,0.0,0.0,0.0,0.0,0.0,0.0,0.0
1,1,0.0,1.0,0.0,0.0,0.0,0.0,0.0,0.0,0.0,0.0,0.0,0.0
1,1,0.0,1.0,0.0,0.0,0.0,0.0,0.0,0.0,0.0,0.0,0.0,0.0
1,1,0.0,1.0,0.0,0.0,0.0,0.0,0.0,0.0,0.0,0.0,0.0,0.0
1,1,0.0,1.0,0.0,0.0,0.0,0.0,0.0,0.0,0.0,0.0,0.0,0.0
1,1,0.0,1.0,0.0,0.0,0.0,0.0,0.0,0.0,0.0,0.0,0.0,0.0
1,1,0.0,1.0,0.0,0.0,0.0,0.0,0.0,0.0,0.0,0.0,0.0,0.0
1,1,0.0,1.0,0.0,0.0,0.0,0.0,0.0,0.0,0.0,0.0,0.0,0.0
1,1,0.0,1.0,0.0,0.0,0.0,0.0,0.0,0.0,0.0,0.0,0.0,0.0
1,1,0.0,1.0,0.0,0.0,0.0,0.0,0.0,0.0,0.0,0.0,0.0,0.0
1,1,0.0,1.0,0.0,0.0,0.0,0.0,0.0,0.0,0.0,0.0,0.0,0.0
1,1,0.0,1.0,0.0,0.0,0.0,0.0,0.0,0.0,0.0,0.0,0.0,0.0
1,1,0.0,1.0,0.0,0.0,0.0,0.0,0.0,0.0,0.0,0.0,0.0,0.0
1,1,0.0,1.0,0.0,0.0,0.0,0.0,0.0,0.0,0.0,0.0,0.0,0.0
1,1,0.0,1.0,0.0,0.0,0.0,0.0,0.0,0.0,0.0,0.0,0.0,0.0
1,1,0.0,1.0,0.0,0.0,0.0,0.0,0.0,0.0,0.0,0.0,0.0,0.0
1,1,0.0,1.0,0.0,0.0,0.0,0.0,0.0,0.0,0.0,0.0,0.0,0.0
1,1,0.0,1.0,0.0,0.0,0.0,0.0,0.0,0.0,0.0,0.0,0.0,0.0
1,1,0.0,1.0,0.0,0.0,0.0,0.0,0.0,0.0,0.0,0.0,0.0,0.0
1,1,0.0,1.0,0.0,0.0,0.0,0.0,0.0,0.0,0.0,0.0,0.0,0.0
1,1,0.0,1.0,0.0,0.0,0.0,0.0,0.0,0.0,0.0,0.0,0.0,0.0
1,1,0.0,1.0,0.0,0.0,0.0,0.0,0.0,0.0,0.0,0.0,0.0,0.0
1,1,0.0,1.0,0.0,0.0,0.0,0.0,0.0,0.0,0.0,0.0,0.0,0.0
1,1,0.0,1.0,0.0,0.0,0.0,0.0,0.0,0.0,0.0,0.0,0.0,0.0
1,1,0.0,1.0,0.0,0.0,0.0,0.0,0.0,0.0,0.0,0.0,0.0,0.0
1,1,0.0,1.0,0.0,0.0,0.0,0.0,0.0,0.0,0.0,0.0,0.0,0.0
1,1,0.0,1.0,0.0,0.0,0.0,0.0,0.0,0.0,0.0,0.0,0.0,0.0
1,1,0.0,1.0,0.0,0.0,0.0,0.0,0.0,0.0,0.0,0.0,0.0,0.0
1,1,0.0,1.0,0.0,0.0,0.0,0.0,0.0,0.0,0.0,0.0,0.0,0.0
1,1,0.0,1.0,0.0,0.0,0.0,0.0,0.0,0.0,0.0,0.0,0.0,0.0
1,1,0.0,1.0,0.0,0.0,0.0,0.0,0.0,0.0,0.0,0.0,0.0,0.0
1,1,0.0,1.0,0.0,0.0,0.0,0.0,0.0,0.0,0.0,0.0,0.0,0.0
1,1,0.0,1.0,0.0,0.0,0.0,0.0,0.0,0.0,0.0,0.0,0.0,0.0
1,1,0.0,1.0,0.0,0.0,0.0,0.0,0.0,0.0,0.0,0.0,0.0,0.0
1,1,0.0,1.0,0.0,0.0,0.0,0.0,0.0,0.0,0.0,0.0,0.0,0.0
1,1,0.0,1.0,0.0,0.0,0.0,0.0,0.0,0.0,0.0,0.0,0.0,0.0
1,1,0.0,1.0,0.0,0.0,0.0,0.0,0.0,0.0,0.0,0.0,0.0,0.0
1,1,0.0,1.0,0.0,0.0,0.0,0.0,0.0,0.0,0.0,0.0,0.0,0.0
1,1,0.0,1.0,0.0,0.0,0.0,0.0,0.0,0.0,0.0,0.0,0.0,0.0
1,1,0.0,1.0,0.0,0.0,0.0,0.0,0.0,0.0,0.0,0.0,0.0,0.0
1,1,0.0,1.0,0.0,0.0,0.0,0.0,0.0,0.0,0.0,0.0,0.0,0.0
1,1,0.0,1.0,0.0,0.0,0.0,0.0,0.0,0.0,0.0,0.0,0.0,0.0
1,1,0.0,1.0,0.0,0.0,0.0,0.0,0.0,0.0,0.0,0.0,0.0,0.0
1,1,0.0,1.0,0.0,0.0,0.0,0.0,0.0,0.0,0.0,0.0,0.0,0.0
1,1,0.0,1.0,0.0,0.0,0.0,0.0,0.0,0.0,0.0,0.0,0.0,0.0
1,1,0.0,1.0,0.0,0.0,0.0,0.0,0.0,0.0,0.0,0.0,0.0,0.0
1,1,0.0,1.0,0.0,0.0,0.0,0.0,0.0,0.0,0.0,0.0,0.0,0.0
1,1,0.0,1.0,0.0,0.0,0.0,0.0,0.0,0.0,0.0,0.0,0.0,0.0
1,1,0.0,1.0,0.0,0.0,0.0,0.0,0.0,0.0,0.0,0.0,0.0,0.0
1,1,0.0,1.0,0.0,0.0,0.0,0.0,0.0,0.0,0.0,0.0,0.0,0.0
1,1,0.0,1.0,0.0,0.0,0.0,0.0,0.0,0.0,0.0,0.0,0.0,0.0
1,1,0.0,1.0,0.0,0.0,0.0,0.0,0.0,0.0,0.0,0.0,0.0,0.0
1,1,0.0,1.0,0.0,0.0,0.0,0.0,0.0,0.0,0.0,0.0,0.0,0.0
1,1,0.0,1.0,0.0,0.0,0.0,0.0,0.0,0.0,0.0,0.0,0.0,0.0
1,1,0.0,1.0,0.0,0.0,0.0,0.0,0.0,0.0,0.0,0.0,0.0,0.0
1,1,0.0,1.0,0.0,0.0,0.0,0.0,0.0,0.0,0.0,0.0,0.0,0.0
1,1,0.0,1.0,0.0,0.0,0.0,0.0,0.0,0.0,0.0,0.0,0.0,0.0
1,1,0.0,1.0,0.0,0.0,0.0,0.0,0.0,0.0,0.0,0.0,0.0,0.0
1,1,0.0,1.0,0.0,0.0,0.0,0.0,0.0,0.0,0.0,0.0,0.0,0.0
1,1,0.0,1.0,0.0,0.0,0.0,0.0,0.0,0.0,0.0,0.0,0.0,0.0
1,1,0.0,1.0,0.0,0.0,0.0,0.0,0.0,0.0,0.0,0.0,0.0,0.0
1,1,0.0,1.0,0.0,0.0,0.0,0.0,0.0,0.0,0.0,0.0,0.0,0.0
1,1,0.0,1.0,0.0,0.0,0.0,0.0,0.0,0.0,0.0,0.0,0.0,0.0
1,1,0.0,1.0,0.0,0.0,0.0,0.0,0.0,0.0,0.0,0.0,0.0,0.0
1,1,0.0,1.0,0.0,0.0,0.0,0.0,0.0,0.0,0.0,0.0,0.0,0.0
1,1,0.0,1.0,0.0,0.0,0.0,0.0,0.0,0.0,0.0,0.0,0.0,0.0
1,1,0.0,1.0,0.0,0.0,0.0,0.0,0.0,0.0,0.0,0.0,0.0,0.0
1,1,0.0,1.0,0.0,0.0,0.0,0.0,0.0,0.0,0.0,0.0,0.0,0.0
1,1,0.0,1.0,0.0,0.0,0.0,0.0,0.0,0.0,0.0,0.0,0.0,0.0
1,1,0.0,1.0,0.0,0.0,0.0,0.0,0.0,0.0,0.0,0.0,0.0,0.0
1,1,0.0,1.0,0.0,0.0,0.0,0.0,0.0,0.0,0.0,0.0,0.0,0.0
1,1,0.0,1.0,0.0,0.0,0.0,0.0,0.0,0.0,0.0,0.0,0.0,0.0
1,1,0.0,1.0,0.0,0.0,0.0,0.0,0.0,0.0,0.0,0.0,0.0,0.0
1,1,0.0,1.0,0.0,0.0,0.0,0.0,0.0,0.0,0.0,0.0,0.0,0.0
1,1,0.0,1.0,0.0,0.0,0.0,0.0,0.0,0.0,0.0,0.0,0.0,0.0
1,1,0.0,1.0,0.0,0.0,0.0,0.0,0.0,0.0,0.0,0.0,0.0,0.0
1,1,0.0,1.0,0.0,0.0,0.0,0.0,0.0,0.0,0.0,0.0,0.0,0.0
1,1,0.0,1.0,0.0,0.0,0.0,0.0,0.0,0.0,0.0,0.0,0.0,0.0
1,1,0.0,1.0,0.0,0.0,0.0,0.0,0.0,0.0,0.0,0.0,0.0,0.0
1,1,0.0,1.0,0.0,0.0,0.0,0.0,0.0,0.0,0.0,0.0,0.0,0.0
1,1,0.0,1.0,0.0,0.0,0.0,0.0,0.0,0.0,0.0,0.0,0.0,0.0
1,1,0.0,1.0,0.0,0.0,0.0,0.0,0.0,0.0,0.0,0.0,0.0,0.0
1,1,0.0,1.0,0.0,0.0,0.0,0.0,0.0,0.0,0.0,0.0,0.0,0.0
1,1,0.0,1.0,0.0,0.0,0.0,0.0,0.0,0.0,0.0,0.0,0.0,0.0
1,1,0.0,1.0,0.0,0.0,0.0,0.0,0.0,0.0,0.0,0.0,0.0,0.0
1,1,0.0,1.0,0.0,0.0,0.0,0.0,0.0,0.0,0.0,0.0,0.0,0.0
1,1,0.0,1.0,0.0,0.0,0.0,0.0,0.0,0.0,0.0,0.0,0.0,0.0
1,1,0.0,1.0,0.0,0.0,0.0,0.0,0.0,0.0,0.0,0.0,0.0,0.0
1,1,0.0,1.0,0.0,0.0,0.0,0.0,0.0,0.0,0.0,0.0,0.0,0.0
1,1,0.0,1.0,0.0,0.0,0.0,0.0,0.0,0.0,0.0,0.0,0.0,0.0
1,1,0.0,1.0,0.0,0.0,0.0,0.0,0.0,0.0,0.0,0.0,0.0,0.0
1,1,0.0,1.0,0.0,0.0,0.0,0.0,0.0,0.0,0.0,0.0,0.0,0.0
1,1,0.0,1.0,0.0,0.0,0.0,0.0,0.0,0.0,0.0,0.0,0.0,0.0
1,1,0.0,1.0,0.0,0.0,0.0,0.0,0.0,0.0,0.0,0.0,0.0,0.0
1,1,0.0,1.0,0.0,0.0,0.0,0.0,0.0,0.0,0.0,0.0,0.0,0.0
1,1,0.0,1.0,0.0,0.0,0.0,0.0,0.0,0.0,0.0,0.0,0.0,0.0
1,1,0.0,1.0,0.0,0.0,0.0,0.0,0.0,0.0,0.0,0.0,0.0,0.0
1,1,0.0,1.0,0.0,0.0,0.0,0.0,0.0,0.0,0.0,0.0,0.0,0.0
1,1,0.0,1.0,0.0,0.0,0.0,0.0,0.0,0.0,0.0,0.0,0.0,0.0
1,1,0.0,1.0,0.0,0.0,0.0,0.0,0.0,0.0,0.0,0.0,0.0,0.0
1,1,0.0,1.0,0.0,0.0,0.0,0.0,0.0,0.0,0.0,0.0,0.0,0.0
1,1,0.0,1.0,0.0,0.0,0.0,0.0,0.0,0.0,0.0,0.0,0.0,0.0
1,1,0.0,1.0,0.0,0.0,0.0,0.0,0.0,0.0,0.0,0.0,0.0,0.0
1,1,0.0,1.0,0.0,0.0,0.0,0.0,0.0,0.0,0.0,0.0,0.0,0.0
1,1,0.0,1.0,0.0,0.0,0.0,0.0,0.0,0.0,0.0,0.0,0.0,0.0
1,1,0.0,1.0,0.0,0.0,0.0,0.0,0.0,0.0,0.0,0.0,0.0,0.0
1,1,0.0,1.0,0.0,0.0,0.0,0.0,0.0,0.0,0.0,0.0,0.0,0.0
1,1,0.0,1.0,0.0,0.0,0.0,0.0,0.0,0.0,0.0,0.0,0.0,0.0
1,1,0.0,1.0,0.0,0.0,0.0,0.0,0.0,0.0,0.0,0.0,0.0,0.0
1,1,0.0,1.0,0.0,0.0,0.0,0.0,0.0,0.0,0.0,0.0,0.0,0.0
1,1,0.0,1.0,0.0,0.0,0.0,0.0,0.0,0.0,0.0,0.0,0.0,0.0
1,1,0.0,1.0,0.0,0.0,0.0,0.0,0.0,0.0,0.0,0.0,0.0,0.0
1,1,0.0,1.0,0.0,0.0,0.0,0.0,0.0,0.0,0.0,0.0,0.0,0.0
1,1,0.0,1.0,0.0,0.0,0.0,0.0,0.0,0.0,0.0,0.0,0.0,0.0
1,1,0.0,1.0,0.0,0.0,0.0,0.0,0.0,0.0,0.0,0.0,0.0,0.0
1,1,0.0,1.0,0.0,0.0,0.0,0.0,0.0,0.0,0.0,0.0,0.0,0.0
1,1,0.0,1.0,0.0,0.0,0.0,0.0,0.0,0.0,0.0,0.0,0.0,0.0
1,1,0.0,1.0,0.0,0.0,0.0,0.0,0.0,0.0,0.0,0.0,0.0,0.0
1,1,0.0,1.0,0.0,0.0,0.0,0.0,0.0,0.0,0.0,0.0,0.0,0.0
1,1,0.0,1.0,0.0,0.0,0.0,0.0,0.0,0.0,0.0,0.0,0.0,0.0
1,1,0.0,1.0,0.0,0.0,0.0,0.0,0.0,0.0,0.0,0.0,0.0,0.0
1,1,0.0,1.0,0.0,0.0,0.0,0.0,0.0,0.0,0.0,0.0,0.0,0.0
1,1,0.0,1.0,0.0,0.0,0.0,0.0,0.0,0.0,0.0,0.0,0.0,0.0
1,1,0.0,1.0,0.0,0.0,0.0,0.0,0.0,0.0,0.0,0.0,0.0,0.0
1,1,0.0,1.0,0.0,0.0,0.0,0.0,0.0,0.0,0.0,0.0,0.0,0.0
1,1,0.0,1.0,0.0,0.0,0.0,0.0,0.0,0.0,0.0,0.0,0.0,0.0
1,1,0.0,1.0,0.0,0.0,0.0,0.0,0.0,0.0,0.0,0.0,0.0,0.0
1,1,0.0,1.0,0.0,0.0,0.0,0.0,0.0,0.0,0.0,0.0,0.0,0.0
1,1,0.0,1.0,0.0,0.0,0.0,0.0,0.0,0.0,0.0,0.0,0.0,0.0
1,1,0.0,1.0,0.0,0.0,0.0,0.0,0.0,0.0,0.0,0.0,0.0,0.0
1,1,0.0,1.0,0.0,0.0,0.0,0.0,0.0,0.0,0.0,0.0,0.0,0.0
1,1,0.0,1.0,0.0,0.0,0.0,0.0,0.0,0.0,0.0,0.0,0.0,0.0
1,1,0.0,1.0,0.0,0.0,0.0,0.0,0.0,0.0,0.0,0.0,0.0,0.0
1,1,0.0,1.0,0.0,0.0,0.0,0.0,0.0,0.0,0.0,0.0,0.0,0.0
1,1,0.0,1.0,0.0,0.0,0.0,0.0,0.0,0.0,0.0,0.0,0.0,0.0
1,1,0.0,1.0,0.0,0.0,0.0,0.0,0.0,0.0,0.0,0.0,0.0,0.0
1,1,0.0,1.0,0.0,0.0,0.0,0.0,0.0,0.0,0.0,0.0,0.0,0.0
1,1,0.0,1.0,0.0,0.0,0.0,0.0,0.0,0.0,0.0,0.0,0.0,0.0
1,1,0.0,1.0,0.0,0.0,0.0,0.0,0.0,0.0,0.0,0.0,0.0,0.0
1,1,0.0,1.0,0.0,0.0,0.0,0.0,0.0,0.0,0.0,0.0,0.0,0.0
1,1,0.0,1.0,0.0,0.0,0.0,0.0,0.0,0.0,0.0,0.0,0.0,0.0
1,1,0.0,1.0,0.0,0.0,0.0,0.0,0.0,0.0,0.0,0.0,0.0,0.0
1,1,0.0,1.0,0.0,0.0,0.0,0.0,0.0,0.0,0.0,0.0,0.0,0.0
1,1,0.0,1.0,0.0,0.0,0.0,0.0,0.0,0.0,0.0,0.0,0.0,0.0
1,1,0.0,1.0,0.0,0.0,0.0,0.0,0.0,0.0,0.0,0.0,0.0,0.0
1,1,0.0,1.0,0.0,0.0,0.0,0.0,0.0,0.0,0.0,0.0,0.0,0.0
1,1,0.0,1.0,0.0,0.0,0.0,0.0,0.0,0.0,0.0,0.0,0.0,0.0
1,1,0.0,1.0,0.0,0.0,0.0,0.0,0.0,0.0,0.0,0.0,0.0,0.0
1,1,0.0,1.0,0.0,0.0,0.0,0.0,0.0,0.0,0.0,0.0,0.0,0.0
1,1,0.0,1.0,0.0,0.0,0.0,0.0,0.0,0.0,0.0,0.0,0.0,0.0
1,1,0.0,1.0,0.0,0.0,0.0,0.0,0.0,0.0,0.0,0.0,0.0,0.0
1,1,0.0,1.0,0.0,0.0,0.0,0.0,0.0,0.0,0.0,0.0,0.0,0.0
1,1,0.0,1.0,0.0,0.0,0.0,0.0,0.0,0.0,0.0,0.0,0.0,0.0
1,1,0.0,1.0,0.0,0.0,0.0,0.0,0.0,0.0,0.0,0.0,0.0,0.0
1,1,0.0,1.0,0.0,0.0,0.0,0.0,0.0,0.0,0.0,0.0,0.0,0.0
1,1,0.0,1.0,0.0,0.0,0.0,0.0,0.0,0.0,0.0,0.0,0.0,0.0
1,1,0.0,1.0,0.0,0.0,0.0,0.0,0.0,0.0,0.0,0.0,0.0,0.0
1,1,0.0,1.0,0.0,0.0,0.0,0.0,0.0,0.0,0.0,0.0,0.0,0.0
1,1,0.0,1.0,0.0,0.0,0.0,0.0,0.0,0.0,0.0,0.0,0.0,0.0
1,1,0.0,1.0,0.0,0.0,0.0,0.0,0.0,0.0,0.0,0.0,0.0,0.0
1,1,0.0,1.0,0.0,0.0,0.0,0.0,0.0,0.0,0.0,0.0,0.0,0.0
1,1,0.0,1.0,0.0,0.0,0.0,0.0,0.0,0.0,0.0,0.0,0.0,0.0
1,1,0.0,1.0,0.0,0.0,0.0,0.0,0.0,0.0,0.0,0.0,0.0,0.0
1,1,0.0,1.0,0.0,0.0,0.0,0.0,0.0,0.0,0.0,0.0,0.0,0.0
1,1,0.0,1.0,0.0,0.0,0.0,0.0,0.0,0.0,0.0,0.0,0.0,0.0
1,1,0.0,1.0,0.0,0.0,0.0,0.0,0.0,0.0,0.0,0.0,0.0,0.0
1,1,0.0,1.0,0.0,0.0,0.0,0.0,0.0,0.0,0.0,0.0,0.0,0.0
1,1,0.0,1.0,0.0,0.0,0.0,0.0,0.0,0.0,0.0,0.0,0.0,0.0
1,1,0.0,1.0,0.0,0.0,0.0,0.0,0.0,0.0,0.0,0.0,0.0,0.0
1,1,0.0,1.0,0.0,0.0,0.0,0.0,0.0,0.0,0.0,0.0,0.0,0.0
1,1,0.0,1.0,0.0,0.0,0.0,0.0,0.0,0.0,0.0,0.0,0.0,0.0
1,1,0.0,1.0,0.0,0.0,0.0,0.0,0.0,0.0,0.0,0.0,0.0,0.0
1,1,0.0,1.0,0.0,0.0,0.0,0.0,0.0,0.0,0.0,0.0,0.0,0.0
1,1,0.0,1.0,0.0,0.0,0.0,0.0,0.0,0.0,0.0,0.0,0.0,0.0
1,1,0.0,1.0,0.0,0.0,0.0,0.0,0.0,0.0,0.0,0.0,0.0,0.0
1,1,0.0,1.0,0.0,0.0,0.0,0.0,0.0,0.0,0.0,0.0,0.0,0.0
1,1,0.0,1.0,0.0,0.0,0.0,0.0,0.0,0.0,0.0,0.0,0.0,0.0
1,1,0.0,1.0,0.0,0.0,0.0,0.0,0.0,0.0,0.0,0.0,0.0,0.0
1,1,0.0,1.0,0.0,0.0,0.0,0.0,0.0,0.0,0.0,0.0,0.0,0.0
1,1,0.0,1.0,0.0,0.0,0.0,0.0,0.0,0.0,0.0,0.0,0.0,0.0
1,1,0.0,1.0,0.0,0.0,0.0,0.0,0.0,0.0,0.0,0.0,0.0,0.0
1,1,0.0,1.0,0.0,0.0,0.0,0.0,0.0,0.0,0.0,0.0,0.0,0.0
1,1,0.0,1.0,0.0,0.0,0.0,0.0,0.0,0.0,0.0,0.0,0.0,0.0
1,1,0.0,1.0,0.0,0.0,0.0,0.0,0.0,0.0,0.0,0.0,0.0,0.0
1,1,0.0,1.0,0.0,0.0,0.0,0.0,0.0,0.0,0.0,0.0,0.0,0.0
1,1,0.0,1.0,0.0,0.0,0.0,0.0,0.0,0.0,0.0,0.0,0.0,0.0
1,1,0.0,1.0,0.0,0.0,0.0,0.0,0.0,0.0,0.0,0.0,0.0,0.0
1,1,0.0,1.0,0.0,0.0,0.0,0.0,0.0,0.0,0.0,0.0,0.0,0.0
1,1,0.0,1.0,0.0,0.0,0.0,0.0,0.0,0.0,0.0,0.0,0.0,0.0
1,1,0.0,1.0,0.0,0.0,0.0,0.0,0.0,0.0,0.0,0.0,0.0,0.0
1,1,0.0,1.0,0.0,0.0,0.0,0.0,0.0,0.0,0.0,0.0,0.0,0.0
1,1,0.0,1.0,0.0,0.0,0.0,0.0,0.0,0.0,0.0,0.0,0.0,0.0
1,1,0.0,1.0,0.0,0.0,0.0,0.0,0.0,0.0,0.0,0.0,0.0,0.0
1,1,0.0,1.0,0.0,0.0,0.0,0.0,0.0,0.0,0.0,0.0,0.0,0.0
1,1,0.0,1.0,0.0,0.0,0.0,0.0,0.0,0.0,0.0,0.0,0.0,0.0
1,1,0.0,1.0,0.0,0.0,0.0,0.0,0.0,0.0,0.0,0.0,0.0,0.0
1,1,0.0,1.0,0.0,0.0,0.0,0.0,0.0,0.0,0.0,0.0,0.0,0.0
1,1,0.0,1.0,0.0,0.0,0.0,0.0,0.0,0.0,0.0,0.0,0.0,0.0
1,1,0.0,1.0,0.0,0.0,0.0,0.0,0.0,0.0,0.0,0.0,0.0,0.0
1,1,0.0,1.0,0.0,0.0,0.0,0.0,0.0,0.0,0.0,0.0,0.0,0.0
1,1,0.0,1.0,0.0,0.0,0.0,0.0,0.0,0.0,0.0,0.0,0.0,0.0
1,1,0.0,1.0,0.0,0.0,0.0,0.0,0.0,0.0,0.0,0.0,0.0,0.0
1,1,0.0,1.0,0.0,0.0,0.0,0.0,0.0,0.0,0.0,0.0,0.0,0.0
1,1,0.0,1.0,0.0,0.0,0.0,0.0,0.0,0.0,0.0,0.0,0.0,0.0
1,1,0.0,1.0,0.0,0.0,0.0,0.0,0.0,0.0,0.0,0.0,0.0,0.0
1,1,0.0,1.0,0.0,0.0,0.0,0.0,0.0,0.0,0.0,0.0,0.0,0.0
1,1,0.0,1.0,0.0,0.0,0.0,0.0,0.0,0.0,0.0,0.0,0.0,0.0
1,1,0.0,1.0,0.0,0.0,0.0,0.0,0.0,0.0,0.0,0.0,0.0,0.0
1,1,0.0,1.0,0.0,0.0,0.0,0.0,0.0,0.0,0.0,0.0,0.0,0.0
1,1,0.0,1.0,0.0,0.0,0.0,0.0,0.0,0.0,0.0,0.0,0.0,0.0
1,1,0.0,1.0,0.0,0.0,0.0,0.0,0.0,0.0,0.0,0.0,0.0,0.0
1,1,0.0,1.0,0.0,0.0,0.0,0.0,0.0,0.0,0.0,0.0,0.0,0.0
1,1,0.0,1.0,0.0,0.0,0.0,0.0,0.0,0.0,0.0,0.0,0.0,0.0
1,1,0.0,1.0,0.0,0.0,0.0,0.0,0.0,0.0,0.0,0.0,0.0,0.0
1,1,0.0,1.0,0.0,0.0,0.0,0.0,0.0,0.0,0.0,0.0,0.0,0.0
1,1,0.0,1.0,0.0,0.0,0.0,0.0,0.0,0.0,0.0,0.0,0.0,0.0
1,1,0.0,1.0,0.0,0.0,0.0,0.0,0.0,0.0,0.0,0.0,0.0,0.0
1,1,0.0,1.0,0.0,0.0,0.0,0.0,0.0,0.0,0.0,0.0,0.0,0.0
1,1,0.0,1.0,0.0,0.0,0.0,0.0,0.0,0.0,0.0,0.0,0.0,0.0
1,1,0.0,1.0,0.0,0.0,0.0,0.0,0.0,0.0,0.0,0.0,0.0,0.0
1,1,0.0,1.0,0.0,0.0,0.0,0.0,0.0,0.0,0.0,0.0,0.0,0.0
1,1,0.0,1.0,0.0,0.0,0.0,0.0,0.0,0.0,0.0,0.0,0.0,0.0
1,1,0.0,1.0,0.0,0.0,0.0,0.0,0.0,0.0,0.0,0.0,0.0,0.0
1,1,0.0,1.0,0.0,0.0,0.0,0.0,0.0,0.0,0.0,0.0,0.0,0.0
1,1,0.0,1.0,0.0,0.0,0.0,0.0,0.0,0.0,0.0,0.0,0.0,0.0
1,1,0.0,1.0,0.0,0.0,0.0,0.0,0.0,0.0,0.0,0.0,0.0,0.0
1,1,0.0,1.0,0.0,0.0,0.0,0.0,0.0,0.0,0.0,0.0,0.0,0.0
1,1,0.0,1.0,0.0,0.0,0.0,0.0,0.0,0.0,0.0,0.0,0.0,0.0
1,1,0.0,1.0,0.0,0.0,0.0,0.0,0.0,0.0,0.0,0.0,0.0,0.0
1,1,0.0,1.0,0.0,0.0,0.0,0.0,0.0,0.0,0.0,0.0,0.0,0.0
1,1,0.0,1.0,0.0,0.0,0.0,0.0,0.0,0.0,0.0,0.0,0.0,0.0
1,1,0.0,1.0,0.0,0.0,0.0,0.0,0.0,0.0,0.0,0.0,0.0,0.0
1,1,0.0,1.0,0.0,0.0,0.0,0.0,0.0,0.0,0.0,0.0,0.0,0.0
1,1,0.0,1.0,0.0,0.0,0.0,0.0,0.0,0.0,0.0,0.0,0.0,0.0
1,1,0.0,1.0,0.0,0.0,0.0,0.0,0.0,0.0,0.0,0.0,0.0,0.0
1,1,0.0,1.0,0.0,0.0,0.0,0.0,0.0,0.0,0.0,0.0,0.0,0.0
1,1,0.0,1.0,0.0,0.0,0.0,0.0,0.0,0.0,0.0,0.0,0.0,0.0
1,1,0.0,1.0,0.0,0.0,0.0,0.0,0.0,0.0,0.0,0.0,0.0,0.0
1,1,0.0,1.0,0.0,0.0,0.0,0.0,0.0,0.0,0.0,0.0,0.0,0.0
1,1,0.0,1.0,0.0,0.0,0.0,0.0,0.0,0.0,0.0,0.0,0.0,0.0
1,1,0.0,1.0,0.0,0.0,0.0,0.0,0.0,0.0,0.0,0.0,0.0,0.0
1,1,0.0,1.0,0.0,0.0,0.0,0.0,0.0,0.0,0.0,0.0,0.0,0.0
1,1,0.0,1.0,0.0,0.0,0.0,0.0,0.0,0.0,0.0,0.0,0.0,0.0
1,1,0.0,1.0,0.0,0.0,0.0,0.0,0.0,0.0,0.0,0.0,0.0,0.0
1,1,0.0,1.0,0.0,0.0,0.0,0.0,0.0,0.0,0.0,0.0,0.0,0.0
1,1,0.0,1.0,0.0,0.0,0.0,0.0,0.0,0.0,0.0,0.0,0.0,0.0
1,1,0.0,1.0,0.0,0.0,0.0,0.0,0.0,0.0,0.0,0.0,0.0,0.0
1,1,0.0,1.0,0.0,0.0,0.0,0.0,0.0,0.0,0.0,0.0,0.0,0.0
1,1,0.0,1.0,0.0,0.0,0.0,0.0,0.0,0.0,0.0,0.0,0.0,0.0
1,1,0.0,1.0,0.0,0.0,0.0,0.0,0.0,0.0,0.0,0.0,0.0,0.0
1,1,0.0,1.0,0.0,0.0,0.0,0.0,0.0,0.0,0.0,0.0,0.0,0.0
1,1,0.0,1.0,0.0,0.0,0.0,0.0,0.0,0.0,0.0,0.0,0.0,0.0
1,1,0.0,1.0,0.0,0.0,0.0,0.0,0.0,0.0,0.0,0.0,0.0,0.0
1,1,0.0,1.0,0.0,0.0,0.0,0.0,0.0,0.0,0.0,0.0,0.0,0.0
1,1,0.0,1.0,0.0,0.0,0.0,0.0,0.0,0.0,0.0,0.0,0.0,0.0
1,1,0.0,1.0,0.0,0.0,0.0,0.0,0.0,0.0,0.0,0.0,0.0,0.0
1,1,0.0,1.0,0.0,0.0,0.0,0.0,0.0,0.0,0.0,0.0,0.0,0.0
1,1,0.0,1.0,0.0,0.0,0.0,0.0,0.0,0.0,0.0,0.0,0.0,0.0
1,1,0.0,1.0,0.0,0.0,0.0,0.0,0.0,0.0,0.0,0.0,0.0,0.0
1,1,0.0,1.0,0.0,0.0,0.0,0.0,0.0,0.0,0.0,0.0,0.0,0.0
1,1,0.0,1.0,0.0,0.0,0.0,0.0,0.0,0.0,0.0,0.0,0.0,0.0
1,1,0.0,1.0,0.0,0.0,0.0,0.0,0.0,0.0,0.0,0.0,0.0,0.0
1,1,0.0,1.0,0.0,0.0,0.0,0.0,0.0,0.0,0.0,0.0,0.0,0.0
1,1,0.0,1.0,0.0,0.0,0.0,0.0,0.0,0.0,0.0,0.0,0.0,0.0
1,1,0.0,1.0,0.0,0.0,0.0,0.0,0.0,0.0,0.0,0.0,0.0,0.0
1,1,0.0,1.0,0.0,0.0,0.0,0.0,0.0,0.0,0.0,0.0,0.0,0.0
1,1,0.0,1.0,0.0,0.0,0.0,0.0,0.0,0.0,0.0,0.0,0.0,0.0
1,1,0.0,1.0,0.0,0.0,0.0,0.0,0.0,0.0,0.0,0.0,0.0,0.0
1,1,0.0,1.0,0.0,0.0,0.0,0.0,0.0,0.0,0.0,0.0,0.0,0.0
1,1,0.0,1.0,0.0,0.0,0.0,0.0,0.0,0.0,0.0,0.0,0.0,0.0
1,1,0.0,1.0,0.0,0.0,0.0,0.0,0.0,0.0,0.0,0.0,0.0,0.0
1,1,0.0,1.0,0.0,0.0,0.0,0.0,0.0,0.0,0.0,0.0,0.0,0.0
1,1,0.0,1.0,0.0,0.0,0.0,0.0,0.0,0.0,0.0,0.0,0.0,0.0
1,1,0.0,1.0,0.0,0.0,0.0,0.0,0.0,0.0,0.0,0.0,0.0,0.0
1,1,0.0,1.0,0.0,0.0,0.0,0.0,0.0,0.0,0.0,0.0,0.0,0.0
1,1,0.0,1.0,0.0,0.0,0.0,0.0,0.0,0.0,0.0,0.0,0.0,0.0
1,1,0.0,1.0,0.0,0.0,0.0,0.0,0.0,0.0,0.0,0.0,0.0,0.0
1,1,0.0,1.0,0.0,0.0,0.0,0.0,0.0,0.0,0.0,0.0,0.0,0.0
1,1,0.0,1.0,0.0,0.0,0.0,0.0,0.0,0.0,0.0,0.0,0.0,0.0
1,1,0.0,1.0,0.0,0.0,0.0,0.0,0.0,0.0,0.0,0.0,0.0,0.0
1,1,0.0,1.0,0.0,0.0,0.0,0.0,0.0,0.0,0.0,0.0,0.0,0.0
1,1,0.0,1.0,0.0,0.0,0.0,0.0,0.0,0.0,0.0,0.0,0.0,0.0
1,1,0.0,1.0,0.0,0.0,0.0,0.0,0.0,0.0,0.0,0.0,0.0,0.0
1,1,0.0,1.0,0.0,0.0,0.0,0.0,0.0,0.0,0.0,0.0,0.0,0.0
1,1,0.0,1.0,0.0,0.0,0.0,0.0,0.0,0.0,0.0,0.0,0.0,0.0
1,1,0.0,1.0,0.0,0.0,0.0,0.0,0.0,0.0,0.0,0.0,0.0,0.0
1,1,0.0,1.0,0.0,0.0,0.0,0.0,0.0,0.0,0.0,0.0,0.0,0.0
1,1,0.0,1.0,0.0,0.0,0.0,0.0,0.0,0.0,0.0,0.0,0.0,0.0
1,1,0.0,1.0,0.0,0.0,0.0,0.0,0.0,0.0,0.0,0.0,0.0,0.0
1,1,0.0,1.0,0.0,0.0,0.0,0.0,0.0,0.0,0.0,0.0,0.0,0.0
1,1,0.0,1.0,0.0,0.0,0.0,0.0,0.0,0.0,0.0,0.0,0.0,0.0
1,1,0.0,1.0,0.0,0.0,0.0,0.0,0.0,0.0,0.0,0.0,0.0,0.0
1,1,0.0,1.0,0.0,0.0,0.0,0.0,0.0,0.0,0.0,0.0,0.0,0.0
1,1,0.0,1.0,0.0,0.0,0.0,0.0,0.0,0.0,0.0,0.0,0.0,0.0
1,1,0.0,1.0,0.0,0.0,0.0,0.0,0.0,0.0,0.0,0.0,0.0,0.0
1,1,0.0,1.0,0.0,0.0,0.0,0.0,0.0,0.0,0.0,0.0,0.0,0.0
1,1,0.0,1.0,0.0,0.0,0.0,0.0,0.0,0.0,0.0,0.0,0.0,0.0
1,1,0.0,1.0,0.0,0.0,0.0,0.0,0.0,0.0,0.0,0.0,0.0,0.0
1,1,0.0,1.0,0.0,0.0,0.0,0.0,0.0,0.0,0.0,0.0,0.0,0.0
1,1,0.0,1.0,0.0,0.0,0.0,0.0,0.0,0.0,0.0,0.0,0.0,0.0
1,1,0.0,1.0,0.0,0.0,0.0,0.0,0.0,0.0,0.0,0.0,0.0,0.0
1,1,0.0,1.0,0.0,0.0,0.0,0.0,0.0,0.0,0.0,0.0,0.0,0.0
1,1,0.0,1.0,0.0,0.0,0.0,0.0,0.0,0.0,0.0,0.0,0.0,0.0
1,1,0.0,1.0,0.0,0.0,0.0,0.0,0.0,0.0,0.0,0.0,0.0,0.0
1,1,0.0,1.0,0.0,0.0,0.0,0.0,0.0,0.0,0.0,0.0,0.0,0.0
1,1,0.0,1.0,0.0,0.0,0.0,0.0,0.0,0.0,0.0,0.0,0.0,0.0
1,1,0.0,1.0,0.0,0.0,0.0,0.0,0.0,0.0,0.0,0.0,0.0,0.0
1,1,0.0,1.0,0.0,0.0,0.0,0.0,0.0,0.0,0.0,0.0,0.0,0.0
1,1,0.0,1.0,0.0,0.0,0.0,0.0,0.0,0.0,0.0,0.0,0.0,0.0
1,1,0.0,1.0,0.0,0.0,0.0,0.0,0.0,0.0,0.0,0.0,0.0,0.0
1,1,0.0,1.0,0.0,0.0,0.0,0.0,0.0,0.0,0.0,0.0,0.0,0.0
1,1,0.0,1.0,0.0,0.0,0.0,0.0,0.0,0.0,0.0,0.0,0.0,0.0
1,1,0.0,1.0,0.0,0.0,0.0,0.0,0.0,0.0,0.0,0.0,0.0,0.0
1,1,0.0,1.0,0.0,0.0,0.0,0.0,0.0,0.0,0.0,0.0,0.0,0.0
1,1,0.0,1.0,0.0,0.0,0.0,0.0,0.0,0.0,0.0,0.0,0.0,0.0
1,1,0.0,1.0,0.0,0.0,0.0,0.0,0.0,0.0,0.0,0.0,0.0,0.0
1,1,0.0,1.0,0.0,0.0,0.0,0.0,0.0,0.0,0.0,0.0,0.0,0.0
1,1,0.0,1.0,0.0,0.0,0.0,0.0,0.0,0.0,0.0,0.0,0.0,0.0
1,1,0.0,1.0,0.0,0.0,0.0,0.0,0.0,0.0,0.0,0.0,0.0,0.0
1,1,0.0,1.0,0.0,0.0,0.0,0.0,0.0,0.0,0.0,0.0,0.0,0.0
1,1,0.0,1.0,0.0,0.0,0.0,0.0,0.0,0.0,0.0,0.0,0.0,0.0
1,1,0.0,1.0,0.0,0.0,0.0,0.0,0.0,0.0,0.0,0.0,0.0,0.0
1,1,0.0,1.0,0.0,0.0,0.0,0.0,0.0,0.0,0.0,0.0,0.0,0.0
1,1,0.0,1.0,0.0,0.0,0.0,0.0,0.0,0.0,0.0,0.0,0.0,0.0
1,1,0.0,1.0,0.0,0.0,0.0,0.0,0.0,0.0,0.0,0.0,0.0,0.0
1,1,0.0,1.0,0.0,0.0,0.0,0.0,0.0,0.0,0.0,0.0,0.0,0.0
1,1,0.0,1.0,0.0,0.0,0.0,0.0,0.0,0.0,0.0,0.0,0.0,0.0
1,1,0.0,1.0,0.0,0.0,0.0,0.0,0.0,0.0,0.0,0.0,0.0,0.0
1,1,0.0,1.0,0.0,0.0,0.0,0.0,0.0,0.0,0.0,0.0,0.0,0.0
1,1,0.0,1.0,0.0,0.0,0.0,0.0,0.0,0.0,0.0,0.0,0.0,0.0
1,1,0.0,1.0,0.0,0.0,0.0,0.0,0.0,0.0,0.0,0.0,0.0,0.0
1,1,0.0,1.0,0.0,0.0,0.0,0.0,0.0,0.0,0.0,0.0,0.0,0.0
1,1,0.0,1.0,0.0,0.0,0.0,0.0,0.0,0.0,0.0,0.0,0.0,0.0
1,1,0.0,1.0,0.0,0.0,0.0,0.0,0.0,0.0,0.0,0.0,0.0,0.0
1,1,0.0,1.0,0.0,0.0,0.0,0.0,0.0,0.0,0.0,0.0,0.0,0.0
1,1,0.0,1.0,0.0,0.0,0.0,0.0,0.0,0.0,0.0,0.0,0.0,0.0
1,1,0.0,1.0,0.0,0.0,0.0,0.0,0.0,0.0,0.0,0.0,0.0,0.0
1,1,0.0,1.0,0.0,0.0,0.0,0.0,0.0,0.0,0.0,0.0,0.0,0.0
1,1,0.0,1.0,0.0,0.0,0.0,0.0,0.0,0.0,0.0,0.0,0.0,0.0
1,1,0.0,1.0,0.0,0.0,0.0,0.0,0.0,0.0,0.0,0.0,0.0,0.0
1,1,0.0,1.0,0.0,0.0,0.0,0.0,0.0,0.0,0.0,0.0,0.0,0.0
1,1,0.0,1.0,0.0,0.0,0.0,0.0,0.0,0.0,0.0,0.0,0.0,0.0
1,1,0.0,1.0,0.0,0.0,0.0,0.0,0.0,0.0,0.0,0.0,0.0,0.0
1,1,0.0,1.0,0.0,0.0,0.0,0.0,0.0,0.0,0.0,0.0,0.0,0.0
1,1,0.0,1.0,0.0,0.0,0.0,0.0,0.0,0.0,0.0,0.0,0.0,0.0
1,1,0.0,1.0,0.0,0.0,0.0,0.0,0.0,0.0,0.0,0.0,0.0,0.0
1,1,0.0,1.0,0.0,0.0,0.0,0.0,0.0,0.0,0.0,0.0,0.0,0.0
1,1,0.0,1.0,0.0,0.0,0.0,0.0,0.0,0.0,0.0,0.0,0.0,0.0
1,1,0.0,1.0,0.0,0.0,0.0,0.0,0.0,0.0,0.0,0.0,0.0,0.0
1,1,0.0,1.0,0.0,0.0,0.0,0.0,0.0,0.0,0.0,0.0,0.0,0.0
1,1,0.0,1.0,0.0,0.0,0.0,0.0,0.0,0.0,0.0,0.0,0.0,0.0
1,1,0.0,1.0,0.0,0.0,0.0,0.0,0.0,0.0,0.0,0.0,0.0,0.0
1,1,0.0,1.0,0.0,0.0,0.0,0.0,0.0,0.0,0.0,0.0,0.0,0.0
1,1,0.0,1.0,0.0,0.0,0.0,0.0,0.0,0.0,0.0,0.0,0.0,0.0
1,1,0.0,1.0,0.0,0.0,0.0,0.0,0.0,0.0,0.0,0.0,0.0,0.0
1,1,0.0,1.0,0.0,0.0,0.0,0.0,0.0,0.0,0.0,0.0,0.0,0.0
1,1,0.0,1.0,0.0,0.0,0.0,0.0,0.0,0.0,0.0,0.0,0.0,0.0
1,1,0.0,1.0,0.0,0.0,0.0,0.0,0.0,0.0,0.0,0.0,0.0,0.0
1,1,0.0,1.0,0.0,0.0,0.0,0.0,0.0,0.0,0.0,0.0,0.0,0.0
1,1,0.0,1.0,0.0,0.0,0.0,0.0,0.0,0.0,0.0,0.0,0.0,0.0
1,1,0.0,1.0,0.0,0.0,0.0,0.0,0.0,0.0,0.0,0.0,0.0,0.0
1,1,0.0,1.0,0.0,0.0,0.0,0.0,0.0,0.0,0.0,0.0,0.0,0.0
1,1,0.0,1.0,0.0,0.0,0.0,0.0,0.0,0.0,0.0,0.0,0.0,0.0
1,1,0.0,1.0,0.0,0.0,0.0,0.0,0.0,0.0,0.0,0.0,0.0,0.0
1,1,0.0,1.0,0.0,0.0,0.0,0.0,0.0,0.0,0.0,0.0,0.0,0.0
1,1,0.0,1.0,0.0,0.0,0.0,0.0,0.0,0.0,0.0,0.0,0.0,0.0
1,1,0.0,1.0,0.0,0.0,0.0,0.0,0.0,0.0,0.0,0.0,0.0,0.0
1,1,0.0,1.0,0.0,0.0,0.0,0.0,0.0,0.0,0.0,0.0,0.0,0.0
1,1,0.0,1.0,0.0,0.0,0.0,0.0,0.0,0.0,0.0,0.0,0.0,0.0
1,1,0.0,1.0,0.0,0.0,0.0,0.0,0.0,0.0,0.0,0.0,0.0,0.0
1,1,0.0,1.0,0.0,0.0,0.0,0.0,0.0,0.0,0.0,0.0,0.0,0.0
1,1,0.0,1.0,0.0,0.0,0.0,0.0,0.0,0.0,0.0,0.0,0.0,0.0
1,1,0.0,1.0,0.0,0.0,0.0,0.0,0.0,0.0,0.0,0.0,0.0,0.0
1,1,0.0,1.0,0.0,0.0,0.0,0.0,0.0,0.0,0.0,0.0,0.0,0.0
1,1,0.0,1.0,0.0,0.0,0.0,0.0,0.0,0.0,0.0,0.0,0.0,0.0
1,1,0.0,1.0,0.0,0.0,0.0,0.0,0.0,0.0,0.0,0.0,0.0,0.0
1,1,0.0,1.0,0.0,0.0,0.0,0.0,0.0,0.0,0.0,0.0,0.0,0.0
1,1,0.0,1.0,0.0,0.0,0.0,0.0,0.0,0.0,0.0,0.0,0.0,0.0
1,1,0.0,1.0,0.0,0.0,0.0,0.0,0.0,0.0,0.0,0.0,0.0,0.0
1,1,0.0,1.0,0.0,0.0,0.0,0.0,0.0,0.0,0.0,0.0,0.0,0.0
1,1,0.0,1.0,0.0,0.0,0.0,0.0,0.0,0.0,0.0,0.0,0.0,0.0
1,1,0.0,1.0,0.0,0.0,0.0,0.0,0.0,0.0,0.0,0.0,0.0,0.0
1,1,0.0,1.0,0.0,0.0,0.0,0.0,0.0,0.0,0.0,0.0,0.0,0.0
1,1,0.0,1.0,0.0,0.0,0.0,0.0,0.0,0.0,0.0,0.0,0.0,0.0
1,1,0.0,1.0,0.0,0.0,0.0,0.0,0.0,0.0,0.0,0.0,0.0,0.0
1,1,0.0,1.0,0.0,0.0,0.0,0.0,0.0,0.0,0.0,0.0,0.0,0.0
1,1,0.0,1.0,0.0,0.0,0.0,0.0,0.0,0.0,0.0,0.0,0.0,0.0
1,1,0.0,1.0,0.0,0.0,0.0,0.0,0.0,0.0,0.0,0.0,0.0,0.0
1,1,0.0,1.0,0.0,0.0,0.0,0.0,0.0,0.0,0.0,0.0,0.0,0.0
1,1,0.0,1.0,0.0,0.0,0.0,0.0,0.0,0.0,0.0,0.0,0.0,0.0
1,1,0.0,1.0,0.0,0.0,0.0,0.0,0.0,0.0,0.0,0.0,0.0,0.0
1,1,0.0,1.0,0.0,0.0,0.0,0.0,0.0,0.0,0.0,0.0,0.0,0.0
1,1,0.0,1.0,0.0,0.0,0.0,0.0,0.0,0.0,0.0,0.0,0.0,0.0
1,1,0.0,1.0,0.0,0.0,0.0,0.0,0.0,0.0,0.0,0.0,0.0,0.0
1,1,0.0,1.0,0.0,0.0,0.0,0.0,0.0,0.0,0.0,0.0,0.0,0.0
1,1,0.0,1.0,0.0,0.0,0.0,0.0,0.0,0.0,0.0,0.0,0.0,0.0
1,1,0.0,1.0,0.0,0.0,0.0,0.0,0.0,0.0,0.0,0.0,0.0,0.0
1,1,0.0,1.0,0.0,0.0,0.0,0.0,0.0,0.0,0.0,0.0,0.0,0.0
1,1,0.0,1.0,0.0,0.0,0.0,0.0,0.0,0.0,0.0,0.0,0.0,0.0
1,1,0.0,1.0,0.0,0.0,0.0,0.0,0.0,0.0,0.0,0.0,0.0,0.0
1,1,0.0,1.0,0.0,0.0,0.0,0.0,0.0,0.0,0.0,0.0,0.0,0.0
1,1,0.0,1.0,0.0,0.0,0.0,0.0,0.0,0.0,0.0,0.0,0.0,0.0
1,1,0.0,1.0,0.0,0.0,0.0,0.0,0.0,0.0,0.0,0.0,0.0,0.0
1,1,0.0,1.0,0.0,0.0,0.0,0.0,0.0,0.0,0.0,0.0,0.0,0.0
1,1,0.0,1.0,0.0,0.0,0.0,0.0,0.0,0.0,0.0,0.0,0.0,0.0
1,1,0.0,1.0,0.0,0.0,0.0,0.0,0.0,0.0,0.0,0.0,0.0,0.0
1,1,0.0,1.0,0.0,0.0,0.0,0.0,0.0,0.0,0.0,0.0,0.0,0.0
1,1,0.0,1.0,0.0,0.0,0.0,0.0,0.0,0.0,0.0,0.0,0.0,0.0
1,1,0.0,1.0,0.0,0.0,0.0,0.0,0.0,0.0,0.0,0.0,0.0,0.0
1,1,0.0,1.0,0.0,0.0,0.0,0.0,0.0,0.0,0.0,0.0,0.0,0.0
1,1,0.0,1.0,0.0,0.0,0.0,0.0,0.0,0.0,0.0,0.0,0.0,0.0
1,1,0.0,1.0,0.0,0.0,0.0,0.0,0.0,0.0,0.0,0.0,0.0,0.0
1,1,0.0,1.0,0.0,0.0,0.0,0.0,0.0,0.0,0.0,0.0,0.0,0.0
1,1,0.0,1.0,0.0,0.0,0.0,0.0,0.0,0.0,0.0,0.0,0.0,0.0
1,1,0.0,1.0,0.0,0.0,0.0,0.0,0.0,0.0,0.0,0.0,0.0,0.0
1,1,0.0,1.0,0.0,0.0,0.0,0.0,0.0,0.0,0.0,0.0,0.0,0.0
1,1,0.0,1.0,0.0,0.0,0.0,0.0,0.0,0.0,0.0,0.0,0.0,0.0
1,1,0.0,1.0,0.0,0.0,0.0,0.0,0.0,0.0,0.0,0.0,0.0,0.0
1,1,0.0,1.0,0.0,0.0,0.0,0.0,0.0,0.0,0.0,0.0,0.0,0.0
1,1,0.0,1.0,0.0,0.0,0.0,0.0,0.0,0.0,0.0,0.0,0.0,0.0
1,1,0.0,1.0,0.0,0.0,0.0,0.0,0.0,0.0,0.0,0.0,0.0,0.0
1,1,0.0,1.0,0.0,0.0,0.0,0.0,0.0,0.0,0.0,0.0,0.0,0.0
1,1,0.0,1.0,0.0,0.0,0.0,0.0,0.0,0.0,0.0,0.0,0.0,0.0
1,1,0.0,1.0,0.0,0.0,0.0,0.0,0.0,0.0,0.0,0.0,0.0,0.0
1,1,0.0,1.0,0.0,0.0,0.0,0.0,0.0,0.0,0.0,0.0,0.0,0.0
1,1,0.0,1.0,0.0,0.0,0.0,0.0,0.0,0.0,0.0,0.0,0.0,0.0
1,1,0.0,1.0,0.0,0.0,0.0,0.0,0.0,0.0,0.0,0.0,0.0,0.0
1,1,0.0,1.0,0.0,0.0,0.0,0.0,0.0,0.0,0.0,0.0,0.0,0.0
1,1,0.0,1.0,0.0,0.0,0.0,0.0,0.0,0.0,0.0,0.0,0.0,0.0
1,1,0.0,1.0,0.0,0.0,0.0,0.0,0.0,0.0,0.0,0.0,0.0,0.0
1,1,0.0,1.0,0.0,0.0,0.0,0.0,0.0,0.0,0.0,0.0,0.0,0.0
1,1,0.0,1.0,0.0,0.0,0.0,0.0,0.0,0.0,0.0,0.0,0.0,0.0
1,1,0.0,1.0,0.0,0.0,0.0,0.0,0.0,0.0,0.0,0.0,0.0,0.0
1,1,0.0,1.0,0.0,0.0,0.0,0.0,0.0,0.0,0.0,0.0,0.0,0.0
1,1,0.0,1.0,0.0,0.0,0.0,0.0,0.0,0.0,0.0,0.0,0.0,0.0
1,1,0.0,1.0,0.0,0.0,0.0,0.0,0.0,0.0,0.0,0.0,0.0,0.0
1,1,0.0,1.0,0.0,0.0,0.0,0.0,0.0,0.0,0.0,0.0,0.0,0.0
1,1,0.0,1.0,0.0,0.0,0.0,0.0,0.0,0.0,0.0,0.0,0.0,0.0
1,1,0.0,1.0,0.0,0.0,0.0,0.0,0.0,0.0,0.0,0.0,0.0,0.0
1,1,0.0,1.0,0.0,0.0,0.0,0.0,0.0,0.0,0.0,0.0,0.0,0.0
1,1,0.0,1.0,0.0,0.0,0.0,0.0,0.0,0.0,0.0,0.0,0.0,0.0
1,1,0.0,1.0,0.0,0.0,0.0,0.0,0.0,0.0,0.0,0.0,0.0,0.0
1,1,0.0,1.0,0.0,0.0,0.0,0.0,0.0,0.0,0.0,0.0,0.0,0.0
1,1,0.0,1.0,0.0,0.0,0.0,0.0,0.0,0.0,0.0,0.0,0.0,0.0
1,1,0.0,1.0,0.0,0.0,0.0,0.0,0.0,0.0,0.0,0.0,0.0,0.0
1,1,0.0,1.0,0.0,0.0,0.0,0.0,0.0,0.0,0.0,0.0,0.0,0.0
1,1,0.0,1.0,0.0,0.0,0.0,0.0,0.0,0.0,0.0,0.0,0.0,0.0
1,1,0.0,1.0,0.0,0.0,0.0,0.0,0.0,0.0,0.0,0.0,0.0,0.0
1,1,0.0,1.0,0.0,0.0,0.0,0.0,0.0,0.0,0.0,0.0,0.0,0.0
1,1,0.0,1.0,0.0,0.0,0.0,0.0,0.0,0.0,0.0,0.0,0.0,0.0
1,1,0.0,1.0,0.0,0.0,0.0,0.0,0.0,0.0,0.0,0.0,0.0,0.0
1,1,0.0,1.0,0.0,0.0,0.0,0.0,0.0,0.0,0.0,0.0,0.0,0.0
1,1,0.0,1.0,0.0,0.0,0.0,0.0,0.0,0.0,0.0,0.0,0.0,0.0
1,1,0.0,1.0,0.0,0.0,0.0,0.0,0.0,0.0,0.0,0.0,0.0,0.0
1,1,0.0,1.0,0.0,0.0,0.0,0.0,0.0,0.0,0.0,0.0,0.0,0.0
1,1,0.0,1.0,0.0,0.0,0.0,0.0,0.0,0.0,0.0,0.0,0.0,0.0
1,1,0.0,1.0,0.0,0.0,0.0,0.0,0.0,0.0,0.0,0.0,0.0,0.0
1,1,0.0,1.0,0.0,0.0,0.0,0.0,0.0,0.0,0.0,0.0,0.0,0.0
1,1,0.0,1.0,0.0,0.0,0.0,0.0,0.0,0.0,0.0,0.0,0.0,0.0
1,1,0.0,1.0,0.0,0.0,0.0,0.0,0.0,0.0,0.0,0.0,0.0,0.0
1,1,0.0,1.0,0.0,0.0,0.0,0.0,0.0,0.0,0.0,0.0,0.0,0.0
1,1,0.0,1.0,0.0,0.0,0.0,0.0,0.0,0.0,0.0,0.0,0.0,0.0
1,1,0.0,1.0,0.0,0.0,0.0,0.0,0.0,0.0,0.0,0.0,0.0,0.0
1,1,0.0,1.0,0.0,0.0,0.0,0.0,0.0,0.0,0.0,0.0,0.0,0.0
1,1,0.0,1.0,0.0,0.0,0.0,0.0,0.0,0.0,0.0,0.0,0.0,0.0
1,1,0.0,1.0,0.0,0.0,0.0,0.0,0.0,0.0,0.0,0.0,0.0,0.0
1,1,0.0,1.0,0.0,0.0,0.0,0.0,0.0,0.0,0.0,0.0,0.0,0.0
1,1,0.0,1.0,0.0,0.0,0.0,0.0,0.0,0.0,0.0,0.0,0.0,0.0
1,1,0.0,1.0,0.0,0.0,0.0,0.0,0.0,0.0,0.0,0.0,0.0,0.0
1,1,0.0,1.0,0.0,0.0,0.0,0.0,0.0,0.0,0.0,0.0,0.0,0.0
1,1,0.0,1.0,0.0,0.0,0.0,0.0,0.0,0.0,0.0,0.0,0.0,0.0
1,1,0.0,1.0,0.0,0.0,0.0,0.0,0.0,0.0,0.0,0.0,0.0,0.0
1,1,0.0,1.0,0.0,0.0,0.0,0.0,0.0,0.0,0.0,0.0,0.0,0.0
1,1,0.0,1.0,0.0,0.0,0.0,0.0,0.0,0.0,0.0,0.0,0.0,0.0
1,1,0.0,1.0,0.0,0.0,0.0,0.0,0.0,0.0,0.0,0.0,0.0,0.0
1,1,0.0,1.0,0.0,0.0,0.0,0.0,0.0,0.0,0.0,0.0,0.0,0.0
1,1,0.0,1.0,0.0,0.0,0.0,0.0,0.0,0.0,0.0,0.0,0.0,0.0
1,1,0.0,1.0,0.0,0.0,0.0,0.0,0.0,0.0,0.0,0.0,0.0,0.0
1,1,0.0,1.0,0.0,0.0,0.0,0.0,0.0,0.0,0.0,0.0,0.0,0.0
1,1,0.0,1.0,0.0,0.0,0.0,0.0,0.0,0.0,0.0,0.0,0.0,0.0
1,1,0.0,1.0,0.0,0.0,0.0,0.0,0.0,0.0,0.0,0.0,0.0,0.0
1,1,0.0,1.0,0.0,0.0,0.0,0.0,0.0,0.0,0.0,0.0,0.0,0.0
1,1,0.0,1.0,0.0,0.0,0.0,0.0,0.0,0.0,0.0,0.0,0.0,0.0
1,1,0.0,1.0,0.0,0.0,0.0,0.0,0.0,0.0,0.0,0.0,0.0,0.0
1,1,0.0,1.0,0.0,0.0,0.0,0.0,0.0,0.0,0.0,0.0,0.0,0.0
1,1,0.0,1.0,0.0,0.0,0.0,0.0,0.0,0.0,0.0,0.0,0.0,0.0
1,1,0.0,1.0,0.0,0.0,0.0,0.0,0.0,0.0,0.0,0.0,0.0,0.0
1,1,0.0,1.0,0.0,0.0,0.0,0.0,0.0,0.0,0.0,0.0,0.0,0.0
1,1,0.0,1.0,0.0,0.0,0.0,0.0,0.0,0.0,0.0,0.0,0.0,0.0
1,1,0.0,1.0,0.0,0.0,0.0,0.0,0.0,0.0,0.0,0.0,0.0,0.0
1,1,0.0,1.0,0.0,0.0,0.0,0.0,0.0,0.0,0.0,0.0,0.0,0.0
1,1,0.0,1.0,0.0,0.0,0.0,0.0,0.0,0.0,0.0,0.0,0.0,0.0
1,1,0.0,1.0,0.0,0.0,0.0,0.0,0.0,0.0,0.0,0.0,0.0,0.0
1,1,0.0,1.0,0.0,0.0,0.0,0.0,0.0,0.0,0.0,0.0,0.0,0.0
1,1,0.0,1.0,0.0,0.0,0.0,0.0,0.0,0.0,0.0,0.0,0.0,0.0
1,1,0.0,1.0,0.0,0.0,0.0,0.0,0.0,0.0,0.0,0.0,0.0,0.0
1,1,0.0,1.0,0.0,0.0,0.0,0.0,0.0,0.0,0.0,0.0,0.0,0.0
1,1,0.0,1.0,0.0,0.0,0.0,0.0,0.0,0.0,0.0,0.0,0.0,0.0
1,1,0.0,1.0,0.0,0.0,0.0,0.0,0.0,0.0,0.0,0.0,0.0,0.0
1,1,0.0,1.0,0.0,0.0,0.0,0.0,0.0,0.0,0.0,0.0,0.0,0.0
1,1,0.0,1.0,0.0,0.0,0.0,0.0,0.0,0.0,0.0,0.0,0.0,0.0
1,1,0.0,1.0,0.0,0.0,0.0,0.0,0.0,0.0,0.0,0.0,0.0,0.0
1,1,0.0,1.0,0.0,0.0,0.0,0.0,0.0,0.0,0.0,0.0,0.0,0.0
1,1,0.0,1.0,0.0,0.0,0.0,0.0,0.0,0.0,0.0,0.0,0.0,0.0
1,1,0.0,1.0,0.0,0.0,0.0,0.0,0.0,0.0,0.0,0.0,0.0,0.0
1,1,0.0,1.0,0.0,0.0,0.0,0.0,0.0,0.0,0.0,0.0,0.0,0.0
1,1,0.0,1.0,0.0,0.0,0.0,0.0,0.0,0.0,0.0,0.0,0.0,0.0
1,1,0.0,1.0,0.0,0.0,0.0,0.0,0.0,0.0,0.0,0.0,0.0,0.0
1,1,0.0,1.0,0.0,0.0,0.0,0.0,0.0,0.0,0.0,0.0,0.0,0.0
1,1,0.0,1.0,0.0,0.0,0.0,0.0,0.0,0.0,0.0,0.0,0.0,0.0
1,1,0.0,1.0,0.0,0.0,0.0,0.0,0.0,0.0,0.0,0.0,0.0,0.0
1,1,0.0,1.0,0.0,0.0,0.0,0.0,0.0,0.0,0.0,0.0,0.0,0.0
1,1,0.0,1.0,0.0,0.0,0.0,0.0,0.0,0.0,0.0,0.0,0.0,0.0
1,1,0.0,1.0,0.0,0.0,0.0,0.0,0.0,0.0,0.0,0.0,0.0,0.0
1,1,0.0,1.0,0.0,0.0,0.0,0.0,0.0,0.0,0.0,0.0,0.0,0.0
1,1,0.0,1.0,0.0,0.0,0.0,0.0,0.0,0.0,0.0,0.0,0.0,0.0
1,1,0.0,1.0,0.0,0.0,0.0,0.0,0.0,0.0,0.0,0.0,0.0,0.0
1,1,0.0,1.0,0.0,0.0,0.0,0.0,0.0,0.0,0.0,0.0,0.0,0.0
1,1,0.0,1.0,0.0,0.0,0.0,0.0,0.0,0.0,0.0,0.0,0.0,0.0
1,1,0.0,1.0,0.0,0.0,0.0,0.0,0.0,0.0,0.0,0.0,0.0,0.0
1,1,0.0,1.0,0.0,0.0,0.0,0.0,0.0,0.0,0.0,0.0,0.0,0.0
1,1,0.0,1.0,0.0,0.0,0.0,0.0,0.0,0.0,0.0,0.0,0.0,0.0
1,1,0.0,1.0,0.0,0.0,0.0,0.0,0.0,0.0,0.0,0.0,0.0,0.0
1,1,0.0,1.0,0.0,0.0,0.0,0.0,0.0,0.0,0.0,0.0,0.0,0.0
1,1,0.0,1.0,0.0,0.0,0.0,0.0,0.0,0.0,0.0,0.0,0.0,0.0
1,1,0.0,1.0,0.0,0.0,0.0,0.0,0.0,0.0,0.0,0.0,0.0,0.0
1,1,0.0,1.0,0.0,0.0,0.0,0.0,0.0,0.0,0.0,0.0,0.0,0.0
1,1,0.0,1.0,0.0,0.0,0.0,0.0,0.0,0.0,0.0,0.0,0.0,0.0
1,1,0.0,1.0,0.0,0.0,0.0,0.0,0.0,0.0,0.0,0.0,0.0,0.0
1,1,0.0,1.0,0.0,0.0,0.0,0.0,0.0,0.0,0.0,0.0,0.0,0.0
1,1,0.0,1.0,0.0,0.0,0.0,0.0,0.0,0.0,0.0,0.0,0.0,0.0
1,1,0.0,1.0,0.0,0.0,0.0,0.0,0.0,0.0,0.0,0.0,0.0,0.0
1,1,0.0,1.0,0.0,0.0,0.0,0.0,0.0,0.0,0.0,0.0,0.0,0.0
1,1,0.0,1.0,0.0,0.0,0.0,0.0,0.0,0.0,0.0,0.0,0.0,0.0
1,1,0.0,1.0,0.0,0.0,0.0,0.0,0.0,0.0,0.0,0.0,0.0,0.0
1,1,0.0,1.0,0.0,0.0,0.0,0.0,0.0,0.0,0.0,0.0,0.0,0.0
1,1,0.0,1.0,0.0,0.0,0.0,0.0,0.0,0.0,0.0,0.0,0.0,0.0
1,1,0.0,1.0,0.0,0.0,0.0,0.0,0.0,0.0,0.0,0.0,0.0,0.0
1,1,0.0,1.0,0.0,0.0,0.0,0.0,0.0,0.0,0.0,0.0,0.0,0.0
1,1,0.0,1.0,0.0,0.0,0.0,0.0,0.0,0.0,0.0,0.0,0.0,0.0
1,1,0.0,1.0,0.0,0.0,0.0,0.0,0.0,0.0,0.0,0.0,0.0,0.0
1,1,0.0,1.0,0.0,0.0,0.0,0.0,0.0,0.0,0.0,0.0,0.0,0.0
1,1,0.0,1.0,0.0,0.0,0.0,0.0,0.0,0.0,0.0,0.0,0.0,0.0
1,1,0.0,1.0,0.0,0.0,0.0,0.0,0.0,0.0,0.0,0.0,0.0,0.0
1,1,0.0,1.0,0.0,0.0,0.0,0.0,0.0,0.0,0.0,0.0,0.0,0.0
1,1,0.0,1.0,0.0,0.0,0.0,0.0,0.0,0.0,0.0,0.0,0.0,0.0
1,1,0.0,1.0,0.0,0.0,0.0,0.0,0.0,0.0,0.0,0.0,0.0,0.0
1,1,0.0,1.0,0.0,0.0,0.0,0.0,0.0,0.0,0.0,0.0,0.0,0.0
1,1,0.0,1.0,0.0,0.0,0.0,0.0,0.0,0.0,0.0,0.0,0.0,0.0
1,1,0.0,1.0,0.0,0.0,0.0,0.0,0.0,0.0,0.0,0.0,0.0,0.0
1,1,0.0,1.0,0.0,0.0,0.0,0.0,0.0,0.0,0.0,0.0,0.0,0.0
1,1,0.0,1.0,0.0,0.0,0.0,0.0,0.0,0.0,0.0,0.0,0.0,0.0
1,1,0.0,1.0,0.0,0.0,0.0,0.0,0.0,0.0,0.0,0.0,0.0,0.0
1,1,0.0,1.0,0.0,0.0,0.0,0.0,0.0,0.0,0.0,0.0,0.0,0.0
1,1,0.0,1.0,0.0,0.0,0.0,0.0,0.0,0.0,0.0,0.0,0.0,0.0
1,1,0.0,1.0,0.0,0.0,0.0,0.0,0.0,0.0,0.0,0.0,0.0,0.0
1,1,0.0,1.0,0.0,0.0,0.0,0.0,0.0,0.0,0.0,0.0,0.0,0.0
1,1,0.0,1.0,0.0,0.0,0.0,0.0,0.0,0.0,0.0,0.0,0.0,0.0
1,1,0.0,1.0,0.0,0.0,0.0,0.0,0.0,0.0,0.0,0.0,0.0,0.0
1,1,0.0,1.0,0.0,0.0,0.0,0.0,0.0,0.0,0.0,0.0,0.0,0.0
1,1,0.0,1.0,0.0,0.0,0.0,0.0,0.0,0.0,0.0,0.0,0.0,0.0
1,1,0.0,1.0,0.0,0.0,0.0,0.0,0.0,0.0,0.0,0.0,0.0,0.0
1,1,0.0,1.0,0.0,0.0,0.0,0.0,0.0,0.0,0.0,0.0,0.0,0.0
1,1,0.0,1.0,0.0,0.0,0.0,0.0,0.0,0.0,0.0,0.0,0.0,0.0
1,1,0.0,1.0,0.0,0.0,0.0,0.0,0.0,0.0,0.0,0.0,0.0,0.0
1,1,0.0,1.0,0.0,0.0,0.0,0.0,0.0,0.0,0.0,0.0,0.0,0.0
1,1,0.0,1.0,0.0,0.0,0.0,0.0,0.0,0.0,0.0,0.0,0.0,0.0
1,1,0.0,1.0,0.0,0.0,0.0,0.0,0.0,0.0,0.0,0.0,0.0,0.0
1,1,0.0,1.0,0.0,0.0,0.0,0.0,0.0,0.0,0.0,0.0,0.0,0.0
1,1,0.0,1.0,0.0,0.0,0.0,0.0,0.0,0.0,0.0,0.0,0.0,0.0
1,1,0.0,1.0,0.0,0.0,0.0,0.0,0.0,0.0,0.0,0.0,0.0,0.0
1,1,0.0,1.0,0.0,0.0,0.0,0.0,0.0,0.0,0.0,0.0,0.0,0.0
1,1,0.0,1.0,0.0,0.0,0.0,0.0,0.0,0.0,0.0,0.0,0.0,0.0
1,1,0.0,1.0,0.0,0.0,0.0,0.0,0.0,0.0,0.0,0.0,0.0,0.0
1,1,0.0,1.0,0.0,0.0,0.0,0.0,0.0,0.0,0.0,0.0,0.0,0.0
1,1,0.0,1.0,0.0,0.0,0.0,0.0,0.0,0.0,0.0,0.0,0.0,0.0
1,1,0.0,1.0,0.0,0.0,0.0,0.0,0.0,0.0,0.0,0.0,0.0,0.0
1,1,0.0,1.0,0.0,0.0,0.0,0.0,0.0,0.0,0.0,0.0,0.0,0.0
1,1,0.0,1.0,0.0,0.0,0.0,0.0,0.0,0.0,0.0,0.0,0.0,0.0
1,1,0.0,1.0,0.0,0.0,0.0,0.0,0.0,0.0,0.0,0.0,0.0,0.0
1,1,0.0,1.0,0.0,0.0,0.0,0.0,0.0,0.0,0.0,0.0,0.0,0.0
1,1,0.0,1.0,0.0,0.0,0.0,0.0,0.0,0.0,0.0,0.0,0.0,0.0
1,1,0.0,1.0,0.0,0.0,0.0,0.0,0.0,0.0,0.0,0.0,0.0,0.0
1,1,0.0,1.0,0.0,0.0,0.0,0.0,0.0,0.0,0.0,0.0,0.0,0.0
1,1,0.0,1.0,0.0,0.0,0.0,0.0,0.0,0.0,0.0,0.0,0.0,0.0
1,1,0.0,1.0,0.0,0.0,0.0,0.0,0.0,0.0,0.0,0.0,0.0,0.0
1,1,0.0,1.0,0.0,0.0,0.0,0.0,0.0,0.0,0.0,0.0,0.0,0.0
1,1,0.0,1.0,0.0,0.0,0.0,0.0,0.0,0.0,0.0,0.0,0.0,0.0
1,1,0.0,1.0,0.0,0.0,0.0,0.0,0.0,0.0,0.0,0.0,0.0,0.0
1,1,0.0,1.0,0.0,0.0,0.0,0.0,0.0,0.0,0.0,0.0,0.0,0.0
1,1,0.0,1.0,0.0,0.0,0.0,0.0,0.0,0.0,0.0,0.0,0.0,0.0
1,1,0.0,1.0,0.0,0.0,0.0,0.0,0.0,0.0,0.0,0.0,0.0,0.0
1,1,0.0,1.0,0.0,0.0,0.0,0.0,0.0,0.0,0.0,0.0,0.0,0.0
1,1,0.0,1.0,0.0,0.0,0.0,0.0,0.0,0.0,0.0,0.0,0.0,0.0
1,1,0.0,1.0,0.0,0.0,0.0,0.0,0.0,0.0,0.0,0.0,0.0,0.0
1,1,0.0,1.0,0.0,0.0,0.0,0.0,0.0,0.0,0.0,0.0,0.0,0.0
1,1,0.0,1.0,0.0,0.0,0.0,0.0,0.0,0.0,0.0,0.0,0.0,0.0
1,1,0.0,1.0,0.0,0.0,0.0,0.0,0.0,0.0,0.0,0.0,0.0,0.0
1,1,0.0,1.0,0.0,0.0,0.0,0.0,0.0,0.0,0.0,0.0,0.0,0.0
1,1,0.0,1.0,0.0,0.0,0.0,0.0,0.0,0.0,0.0,0.0,0.0,0.0
1,1,0.0,1.0,0.0,0.0,0.0,0.0,0.0,0.0,0.0,0.0,0.0,0.0
1,1,0.0,1.0,0.0,0.0,0.0,0.0,0.0,0.0,0.0,0.0,0.0,0.0
1,1,0.0,1.0,0.0,0.0,0.0,0.0,0.0,0.0,0.0,0.0,0.0,0.0
1,1,0.0,1.0,0.0,0.0,0.0,0.0,0.0,0.0,0.0,0.0,0.0,0.0
1,1,0.0,1.0,0.0,0.0,0.0,0.0,0.0,0.0,0.0,0.0,0.0,0.0
1,1,0.0,1.0,0.0,0.0,0.0,0.0,0.0,0.0,0.0,0.0,0.0,0.0
1,1,0.0,1.0,0.0,0.0,0.0,0.0,0.0,0.0,0.0,0.0,0.0,0.0
1,1,0.0,1.0,0.0,0.0,0.0,0.0,0.0,0.0,0.0,0.0,0.0,0.0
1,1,0.0,1.0,0.0,0.0,0.0,0.0,0.0,0.0,0.0,0.0,0.0,0.0
1,1,0.0,1.0,0.0,0.0,0.0,0.0,0.0,0.0,0.0,0.0,0.0,0.0
1,1,0.0,1.0,0.0,0.0,0.0,0.0,0.0,0.0,0.0,0.0,0.0,0.0
1,1,0.0,1.0,0.0,0.0,0.0,0.0,0.0,0.0,0.0,0.0,0.0,0.0
1,1,0.0,1.0,0.0,0.0,0.0,0.0,0.0,0.0,0.0,0.0,0.0,0.0
1,1,0.0,1.0,0.0,0.0,0.0,0.0,0.0,0.0,0.0,0.0,0.0,0.0
1,1,0.0,1.0,0.0,0.0,0.0,0.0,0.0,0.0,0.0,0.0,0.0,0.0
1,1,0.0,1.0,0.0,0.0,0.0,0.0,0.0,0.0,0.0,0.0,0.0,0.0
1,1,0.0,1.0,0.0,0.0,0.0,0.0,0.0,0.0,0.0,0.0,0.0,0.0
1,1,0.0,1.0,0.0,0.0,0.0,0.0,0.0,0.0,0.0,0.0,0.0,0.0
1,1,0.0,1.0,0.0,0.0,0.0,0.0,0.0,0.0,0.0,0.0,0.0,0.0
1,1,0.0,1.0,0.0,0.0,0.0,0.0,0.0,0.0,0.0,0.0,0.0,0.0
1,1,0.0,1.0,0.0,0.0,0.0,0.0,0.0,0.0,0.0,0.0,0.0,0.0
1,1,0.0,1.0,0.0,0.0,0.0,0.0,0.0,0.0,0.0,0.0,0.0,0.0
1,1,0.0,1.0,0.0,0.0,0.0,0.0,0.0,0.0,0.0,0.0,0.0,0.0
1,1,0.0,1.0,0.0,0.0,0.0,0.0,0.0,0.0,0.0,0.0,0.0,0.0
1,1,0.0,1.0,0.0,0.0,0.0,0.0,0.0,0.0,0.0,0.0,0.0,0.0
1,1,0.0,1.0,0.0,0.0,0.0,0.0,0.0,0.0,0.0,0.0,0.0,0.0
1,1,0.0,1.0,0.0,0.0,0.0,0.0,0.0,0.0,0.0,0.0,0.0,0.0
1,1,0.0,1.0,0.0,0.0,0.0,0.0,0.0,0.0,0.0,0.0,0.0,0.0
1,1,0.0,1.0,0.0,0.0,0.0,0.0,0.0,0.0,0.0,0.0,0.0,0.0
1,1,0.0,1.0,0.0,0.0,0.0,0.0,0.0,0.0,0.0,0.0,0.0,0.0
1,1,0.0,1.0,0.0,0.0,0.0,0.0,0.0,0.0,0.0,0.0,0.0,0.0
1,1,0.0,1.0,0.0,0.0,0.0,0.0,0.0,0.0,0.0,0.0,0.0,0.0
1,1,0.015625,0.984375,0.0,0.0,0.0,0.0,0.0,0.0,0.0,0.0,0.0,0.0
1,1,0.015625,0.984375,0.0,0.0,0.0,0.0,0.0,0.0,0.0,0.0,0.0,0.0
1,1,0.015625,0.984375,0.0,0.0,0.0,0.0,0.0,0.0,0.0,0.0,0.0,0.0
1,1,0.015625,0.984375,0.0,0.0,0.0,0.0,0.0,0.0,0.0,0.0,0.0,0.0
1,1,0.015625,0.984375,0.0,0.0,0.0,0.0,0.0,0.0,0.0,0.0,0.0,0.0
1,1,0.015625,0.984375,0.0,0.0,0.0,0.0,0.0,0.0,0.0,0.0,0.0,0.0
1,1,0.015625,0.984375,0.0,0.0,0.0,0.0,0.0,0.0,0.0,0.0,0.0,0.0
1,1,0.015625,0.984375,0.0,0.0,0.0,0.0,0.0,0.0,0.0,0.0,0.0,0.0
1,1,0.015625,0.984375,0.0,0.0,0.0,0.0,0.0,0.0,0.0,0.0,0.0,0.0
1,1,0.015625,0.984375,0.0,0.0,0.0,0.0,0.0,0.0,0.0,0.0,0.0,0.0
1,1,0.015625,0.984375,0.0,0.0,0.0,0.0,0.0,0.0,0.0,0.0,0.0,0.0
1,1,0.015625,0.984375,0.0,0.0,0.0,0.0,0.0,0.0,0.0,0.0,0.0,0.0
1,1,0.015625,0.984375,0.0,0.0,0.0,0.0,0.0,0.0,0.0,0.0,0.0,0.0
1,1,0.015625,0.984375,0.0,0.0,0.0,0.0,0.0,0.0,0.0,0.0,0.0,0.0
1,1,0.015625,0.984375,0.0,0.0,0.0,0.0,0.0,0.0,0.0,0.0,0.0,0.0
1,1,0.015625,0.984375,0.0,0.0,0.0,0.0,0.0,0.0,0.0,0.0,0.0,0.0
1,1,0.015625,0.984375,0.0,0.0,0.0,0.0,0.0,0.0,0.0,0.0,0.0,0.0
1,1,0.015625,0.984375,0.0,0.0,0.0,0.0,0.0,0.0,0.0,0.0,0.0,0.0
1,1,0.015625,0.984375,0.0,0.0,0.0,0.0,0.0,0.0,0.0,0.0,0.0,0.0
1,1,0.015625,0.984375,0.0,0.0,0.0,0.0,0.0,0.0,0.0,0.0,0.0,0.0
1,1,0.015625,0.984375,0.0,0.0,0.0,0.0,0.0,0.0,0.0,0.0,0.0,0.0
1,1,0.015625,0.984375,0.0,0.0,0.0,0.0,0.0,0.0,0.0,0.0,0.0,0.0
1,1,0.015625,0.984375,0.0,0.0,0.0,0.0,0.0,0.0,0.0,0.0,0.0,0.0
1,1,0.015625,0.984375,0.0,0.0,0.0,0.0,0.0,0.0,0.0,0.0,0.0,0.0
1,1,0.015625,0.984375,0.0,0.0,0.0,0.0,0.0,0.0,0.0,0.0,0.0,0.0
1,1,0.015625,0.984375,0.0,0.0,0.0,0.0,0.0,0.0,0.0,0.0,0.0,0.0
1,1,0.015625,0.984375,0.0,0.0,0.0,0.0,0.0,0.0,0.0,0.0,0.0,0.0
1,1,0.015625,0.984375,0.0,0.0,0.0,0.0,0.0,0.0,0.0,0.0,0.0,0.0
1,1,0.015625,0.984375,0.0,0.0,0.0,0.0,0.0,0.0,0.0,0.0,0.0,0.0
1,1,0.015625,0.984375,0.0,0.0,0.0,0.0,0.0,0.0,0.0,0.0,0.0,0.0
1,1,0.015625,0.984375,0.0,0.0,0.0,0.0,0.0,0.0,0.0,0.0,0.0,0.0
1,1,0.015625,0.984375,0.0,0.0,0.0,0.0,0.0,0.0,0.0,0.0,0.0,0.0
1,1,0.015625,0.984375,0.0,0.0,0.0,0.0,0.0,0.0,0.0,0.0,0.0,0.0
1,1,0.015625,0.984375,0.0,0.0,0.0,0.0,0.0,0.0,0.0,0.0,0.0,0.0
1,1,0.015625,0.984375,0.0,0.0,0.0,0.0,0.0,0.0,0.0,0.0,0.0,0.0
1,1,0.015625,0.984375,0.0,0.0,0.0,0.0,0.0,0.0,0.0,0.0,0.0,0.0
1,1,0.015625,0.984375,0.0,0.0,0.0,0.0,0.0,0.0,0.0,0.0,0.0,0.0
1,1,0.015625,0.984375,0.0,0.0,0.0,0.0,0.0,0.0,0.0,0.0,0.0,0.0
1,1,0.015625,0.984375,0.0,0.0,0.0,0.0,0.0,0.0,0.0,0.0,0.0,0.0
1,1,0.015625,0.984375,0.0,0.0,0.0,0.0,0.0,0.0,0.0,0.0,0.0,0.0
1,1,0.015625,0.984375,0.0,0.0,0.0,0.0,0.0,0.0,0.0,0.0,0.0,0.0
1,1,0.015625,0.984375,0.0,0.0,0.0,0.0,0.0,0.0,0.0,0.0,0.0,0.0
1,1,0.015625,0.984375,0.0,0.0,0.0,0.0,0.0,0.0,0.0,0.0,0.0,0.0
1,1,0.015625,0.984375,0.0,0.0,0.0,0.0,0.0,0.0,0.0,0.0,0.0,0.0
1,1,0.015625,0.96875,0.015625,0.0,0.0,0.0,0.0,0.0,0.0,0.0,0.0,0.0
1,1,0.015625,0.96875,0.015625,0.0,0.0,0.0,0.0,0.0,0.0,0.0,0.0,0.0
1,1,0.015625,0.96875,0.015625,0.0,0.0,0.0,0.0,0.0,0.0,0.0,0.0,0.0
1,1,0.015625,0.96875,0.015625,0.0,0.0,0.0,0.0,0.0,0.0,0.0,0.0,0.0
1,1,0.015625,0.96875,0.015625,0.0,0.0,0.0,0.0,0.0,0.0,0.0,0.0,0.0
1,1,0.015625,0.96875,0.015625,0.0,0.0,0.0,0.0,0.0,0.0,0.0,0.0,0.0
1,1,0.015625,0.96875,0.015625,0.0,0.0,0.0,0.0,0.0,0.0,0.0,0.0,0.0
1,1,0.015625,0.96875,0.015625,0.0,0.0,0.0,0.0,0.0,0.0,0.0,0.0,0.0
1,1,0.015625,0.96875,0.015625,0.0,0.0,0.0,0.0,0.0,0.0,0.0,0.0,0.0
1,1,0.015625,0.96875,0.015625,0.0,0.0,0.0,0.0,0.0,0.0,0.0,0.0,0.0
1,1,0.015625,0.96875,0.015625,0.0,0.0,0.0,0.0,0.0,0.0,0.0,0.0,0.0
1,1,0.015625,0.96875,0.015625,0.0,0.0,0.0,0.0,0.0,0.0,0.0,0.0,0.0
1,1,0.015625,0.96875,0.015625,0.0,0.0,0.0,0.0,0.0,0.0,0.0,0.0,0.0
1,1,0.015625,0.96875,0.015625,0.0,0.0,0.0,0.0,0.0,0.0,0.0,0.0,0.0
1,1,0.015625,0.96875,0.015625,0.0,0.0,0.0,0.0,0.0,0.0,0.0,0.0,0.0
1,1,0.015625,0.96875,0.015625,0.0,0.0,0.0,0.0,0.0,0.0,0.0,0.0,0.0
1,1,0.015625,0.96875,0.015625,0.0,0.0,0.0,0.0,0.0,0.0,0.0,0.0,0.0
1,1,0.015625,0.96875,0.015625,0.0,0.0,0.0,0.0,0.0,0.0,0.0,0.0,0.0
1,1,0.015625,0.96875,0.015625,0.0,0.0,0.0,0.0,0.0,0.0,0.0,0.0,0.0
1,1,0.015625,0.96875,0.015625,0.0,0.0,0.0,0.0,0.0,0.0,0.0,0.0,0.0
1,1,0.015625,0.984375,0.0,0.0,0.0,0.0,0.0,0.0,0.0,0.0,0.0,0.0
1,1,0.015625,0.984375,0.0,0.0,0.0,0.0,0.0,0.0,0.0,0.0,0.0,0.0
1,1,0.015625,0.984375,0.0,0.0,0.0,0.0,0.0,0.0,0.0,0.0,0.0,0.0
1,1,0.015625,0.984375,0.0,0.0,0.0,0.0,0.0,0.0,0.0,0.0,0.0,0.0
1,1,0.015625,0.984375,0.0,0.0,0.0,0.0,0.0,0.0,0.0,0.0,0.0,0.0
1,1,0.015625,0.984375,0.0,0.0,0.0,0.0,0.0,0.0,0.0,0.0,0.0,0.0
1,1,0.015625,0.984375,0.0,0.0,0.0,0.0,0.0,0.0,0.0,0.0,0.0,0.0
1,1,0.015625,0.984375,0.0,0.0,0.0,0.0,0.0,0.0,0.0,0.0,0.0,0.0
1,1,0.015625,0.984375,0.0,0.0,0.0,0.0,0.0,0.0,0.0,0.0,0.0,0.0
1,1,0.015625,0.984375,0.0,0.0,0.0,0.0,0.0,0.0,0.0,0.0,0.0,0.0
1,1,0.015625,0.984375,0.0,0.0,0.0,0.0,0.0,0.0,0.0,0.0,0.0,0.0
1,1,0.015625,0.984375,0.0,0.0,0.0,0.0,0.0,0.0,0.0,0.0,0.0,0.0
1,1,0.015625,0.984375,0.0,0.0,0.0,0.0,0.0,0.0,0.0,0.0,0.0,0.0
1,1,0.015625,0.984375,0.0,0.0,0.0,0.0,0.0,0.0,0.0,0.0,0.0,0.0
1,1,0.015625,0.984375,0.0,0.0,0.0,0.0,0.0,0.0,0.0,0.0,0.0,0.0
1,1,0.015625,0.984375,0.0,0.0,0.0,0.0,0.0,0.0,0.0,0.0,0.0,0.0
1,1,0.015625,0.984375,0.0,0.0,0.0,0.0,0.0,0.0,0.0,0.0,0.0,0.0
1,1,0.015625,0.984375,0.0,0.0,0.0,0.0,0.0,0.0,0.0,0.0,0.0,0.0
1,1,0.015625,0.984375,0.0,0.0,0.0,0.0,0.0,0.0,0.0,0.0,0.0,0.0
1,1,0.015625,0.984375,0.0,0.0,0.0,0.0,0.0,0.0,0.0,0.0,0.0,0.0
1,1,0.015625,0.984375,0.0,0.0,0.0,0.0,0.0,0.0,0.0,0.0,0.0,0.0
1,1,0.015625,0.984375,0.0,0.0,0.0,0.0,0.0,0.0,0.0,0.0,0.0,0.0
1,1,0.015625,0.984375,0.0,0.0,0.0,0.0,0.0,0.0,0.0,0.0,0.0,0.0
1,1,0.015625,0.984375,0.0,0.0,0.0,0.0,0.0,0.0,0.0,0.0,0.0,0.0
1,1,0.03125,0.96875,0.0,0.0,0.0,0.0,0.0,0.0,0.0,0.0,0.0,0.0
1,1,0.03125,0.96875,0.0,0.0,0.0,0.0,0.0,0.0,0.0,0.0,0.0,0.0
1,1,0.03125,0.96875,0.0,0.0,0.0,0.0,0.0,0.0,0.0,0.0,0.0,0.0
1,1,0.03125,0.96875,0.0,0.0,0.0,0.0,0.0,0.0,0.0,0.0,0.0,0.0
1,1,0.03125,0.96875,0.0,0.0,0.0,0.0,0.0,0.0,0.0,0.0,0.0,0.0
1,1,0.03125,0.96875,0.0,0.0,0.0,0.0,0.0,0.0,0.0,0.0,0.0,0.0
1,1,0.03125,0.96875,0.0,0.0,0.0,0.0,0.0,0.0,0.0,0.0,0.0,0.0
1,1,0.03125,0.96875,0.0,0.0,0.0,0.0,0.0,0.0,0.0,0.0,0.0,0.0
1,1,0.03125,0.96875,0.0,0.0,0.0,0.0,0.0,0.0,0.0,0.0,0.0,0.0
1,1,0.03125,0.96875,0.0,0.0,0.0,0.0,0.0,0.0,0.0,0.0,0.0,0.0
1,1,0.03125,0.96875,0.0,0.0,0.0,0.0,0.0,0.0,0.0,0.0,0.0,0.0
1,1,0.03125,0.96875,0.0,0.0,0.0,0.0,0.0,0.0,0.0,0.0,0.0,0.0
1,1,0.03125,0.96875,0.0,0.0,0.0,0.0,0.0,0.0,0.0,0.0,0.0,0.0
1,1,0.03125,0.96875,0.0,0.0,0.0,0.0,0.0,0.0,0.0,0.0,0.0,0.0
1,1,0.03125,0.96875,0.0,0.0,0.0,0.0,0.0,0.0,0.0,0.0,0.0,0.0
1,1,0.03125,0.96875,0.0,0.0,0.0,0.0,0.0,0.0,0.0,0.0,0.0,0.0
1,1,0.03125,0.953125,0.015625,0.0,0.0,0.0,0.0,0.0,0.0,0.0,0.0,0.0
1,1,0.03125,0.953125,0.015625,0.0,0.0,0.0,0.0,0.0,0.0,0.0,0.0,0.0
1,1,0.03125,0.953125,0.015625,0.0,0.0,0.0,0.0,0.0,0.0,0.0,0.0,0.0
1,1,0.03125,0.953125,0.015625,0.0,0.0,0.0,0.0,0.0,0.0,0.0,0.0,0.0
1,1,0.03125,0.953125,0.015625,0.0,0.0,0.0,0.0,0.0,0.0,0.0,0.0,0.0
1,1,0.03125,0.953125,0.015625,0.0,0.0,0.0,0.0,0.0,0.0,0.0,0.0,0.0
1,1,0.03125,0.953125,0.015625,0.0,0.0,0.0,0.0,0.0,0.0,0.0,0.0,0.0
1,1,0.03125,0.953125,0.015625,0.0,0.0,0.0,0.0,0.0,0.0,0.0,0.0,0.0
1,1,0.03125,0.953125,0.015625,0.0,0.0,0.0,0.0,0.0,0.0,0.0,0.0,0.0
1,1,0.03125,0.953125,0.015625,0.0,0.0,0.0,0.0,0.0,0.0,0.0,0.0,0.0
1,1,0.03125,0.953125,0.015625,0.0,0.0,0.0,0.0,0.0,0.0,0.0,0.0,0.0
1,1,0.03125,0.953125,0.015625,0.0,0.0,0.0,0.0,0.0,0.0,0.0,0.0,0.0
1,1,0.03125,0.953125,0.015625,0.0,0.0,0.0,0.0,0.0,0.0,0.0,0.0,0.0
1,1,0.03125,0.953125,0.015625,0.0,0.0,0.0,0.0,0.0,0.0,0.0,0.0,0.0
1,1,0.03125,0.953125,0.015625,0.0,0.0,0.0,0.0,0.0,0.0,0.0,0.0,0.0
1,1,0.03125,0.953125,0.015625,0.0,0.0,0.0,0.0,0.0,0.0,0.0,0.0,0.0
1,1,0.03125,0.953125,0.015625,0.0,0.0,0.0,0.0,0.0,0.0,0.0,0.0,0.0
1,1,0.03125,0.953125,0.015625,0.0,0.0,0.0,0.0,0.0,0.0,0.0,0.0,0.0
1,1,0.03125,0.953125,0.015625,0.0,0.0,0.0,0.0,0.0,0.0,0.0,0.0,0.0
1,1,0.03125,0.953125,0.015625,0.0,0.0,0.0,0.0,0.0,0.0,0.0,0.0,0.0
1,1,0.03125,0.96875,0.0,0.0,0.0,0.0,0.0,0.0,0.0,0.0,0.0,0.0
1,1,0.03125,0.96875,0.0,0.0,0.0,0.0,0.0,0.0,0.0,0.0,0.0,0.0
1,1,0.03125,0.96875,0.0,0.0,0.0,0.0,0.0,0.0,0.0,0.0,0.0,0.0
1,1,0.03125,0.96875,0.0,0.0,0.0,0.0,0.0,0.0,0.0,0.0,0.0,0.0
1,1,0.03125,0.96875,0.0,0.0,0.0,0.0,0.0,0.0,0.0,0.0,0.0,0.0
1,1,0.03125,0.96875,0.0,0.0,0.0,0.0,0.0,0.0,0.0,0.0,0.0,0.0
1,1,0.03125,0.96875,0.0,0.0,0.0,0.0,0.0,0.0,0.0,0.0,0.0,0.0
1,1,0.03125,0.96875,0.0,0.0,0.0,0.0,0.0,0.0,0.0,0.0,0.0,0.0
1,1,0.03125,0.96875,0.0,0.0,0.0,0.0,0.0,0.0,0.0,0.0,0.0,0.0
1,1,0.03125,0.96875,0.0,0.0,0.0,0.0,0.0,0.0,0.0,0.0,0.0,0.0
1,1,0.03125,0.96875,0.0,0.0,0.0,0.0,0.0,0.0,0.0,0.0,0.0,0.0
1,1,0.03125,0.96875,0.0,0.0,0.0,0.0,0.0,0.0,0.0,0.0,0.0,0.0
1,1,0.03125,0.96875,0.0,0.0,0.0,0.0,0.0,0.0,0.0,0.0,0.0,0.0
1,1,0.03125,0.96875,0.0,0.0,0.0,0.0,0.0,0.0,0.0,0.0,0.0,0.0
1,1,0.03125,0.96875,0.0,0.0,0.0,0.0,0.0,0.0,0.0,0.0,0.0,0.0
1,1,0.03125,0.96875,0.0,0.0,0.0,0.0,0.0,0.0,0.0,0.0,0.0,0.0
1,1,0.03125,0.96875,0.0,0.0,0.0,0.0,0.0,0.0,0.0,0.0,0.0,0.0
1,1,0.03125,0.96875,0.0,0.0,0.0,0.0,0.0,0.0,0.0,0.0,0.0,0.0
1,1,0.03125,0.96875,0.0,0.0,0.0,0.0,0.0,0.0,0.0,0.0,0.0,0.0
1,1,0.03125,0.96875,0.0,0.0,0.0,0.0,0.0,0.0,0.0,0.0,0.0,0.0
1,1,0.046875,0.953125,0.0,0.0,0.0,0.0,0.0,0.0,0.0,0.0,0.0,0.0
1,1,0.046875,0.953125,0.0,0.0,0.0,0.0,0.0,0.0,0.0,0.0,0.0,0.0
1,1,0.046875,0.953125,0.0,0.0,0.0,0.0,0.0,0.0,0.0,0.0,0.0,0.0
1,1,0.046875,0.953125,0.0,0.0,0.0,0.0,0.0,0.0,0.0,0.0,0.0,0.0
1,1,0.046875,0.953125,0.0,0.0,0.0,0.0,0.0,0.0,0.0,0.0,0.0,0.0
1,1,0.046875,0.953125,0.0,0.0,0.0,0.0,0.0,0.0,0.0,0.0,0.0,0.0
1,1,0.046875,0.953125,0.0,0.0,0.0,0.0,0.0,0.0,0.0,0.0,0.0,0.0
1,1,0.046875,0.953125,0.0,0.0,0.0,0.0,0.0,0.0,0.0,0.0,0.0,0.0
1,1,0.046875,0.953125,0.0,0.0,0.0,0.0,0.0,0.0,0.0,0.0,0.0,0.0
1,1,0.046875,0.953125,0.0,0.0,0.0,0.0,0.0,0.0,0.0,0.0,0.0,0.0
1,1,0.046875,0.953125,0.0,0.0,0.0,0.0,0.0,0.0,0.0,0.0,0.0,0.0
1,1,0.046875,0.953125,0.0,0.0,0.0,0.0,0.0,0.0,0.0,0.0,0.0,0.0
1,1,0.046875,0.953125,0.0,0.0,0.0,0.0,0.0,0.0,0.0,0.0,0.0,0.0
1,1,0.046875,0.953125,0.0,0.0,0.0,0.0,0.0,0.0,0.0,0.0,0.0,0.0
1,1,0.046875,0.953125,0.0,0.0,0.0,0.0,0.0,0.0,0.0,0.0,0.0,0.0
1,1,0.046875,0.953125,0.0,0.0,0.0,0.0,0.0,0.0,0.0,0.0,0.0,0.0
1,1,0.03125,0.96875,0.0,0.0,0.0,0.0,0.0,0.0,0.0,0.0,0.0,0.0
1,1,0.03125,0.96875,0.0,0.0,0.0,0.0,0.0,0.0,0.0,0.0,0.0,0.0
1,1,0.03125,0.96875,0.0,0.0,0.0,0.0,0.0,0.0,0.0,0.0,0.0,0.0
1,1,0.03125,0.96875,0.0,0.0,0.0,0.0,0.0,0.0,0.0,0.0,0.0,0.0
1,1,0.03125,0.96875,0.0,0.0,0.0,0.0,0.0,0.0,0.0,0.0,0.0,0.0
1,1,0.03125,0.96875,0.0,0.0,0.0,0.0,0.0,0.0,0.0,0.0,0.0,0.0
1,1,0.03125,0.96875,0.0,0.0,0.0,0.0,0.0,0.0,0.0,0.0,0.0,0.0
1,1,0.03125,0.96875,0.0,0.0,0.0,0.0,0.0,0.0,0.0,0.0,0.0,0.0
1,1,0.03125,0.96875,0.0,0.0,0.0,0.0,0.0,0.0,0.0,0.0,0.0,0.0
1,1,0.03125,0.96875,0.0,0.0,0.0,0.0,0.0,0.0,0.0,0.0,0.0,0.0
1,1,0.03125,0.96875,0.0,0.0,0.0,0.0,0.0,0.0,0.0,0.0,0.0,0.0
1,1,0.03125,0.96875,0.0,0.0,0.0,0.0,0.0,0.0,0.0,0.0,0.0,0.0
1,1,0.03125,0.96875,0.0,0.0,0.0,0.0,0.0,0.0,0.0,0.0,0.0,0.0
1,1,0.03125,0.96875,0.0,0.0,0.0,0.0,0.0,0.0,0.0,0.0,0.0,0.0
1,1,0.03125,0.96875,0.0,0.0,0.0,0.0,0.0,0.0,0.0,0.0,0.0,0.0
1,1,0.03125,0.96875,0.0,0.0,0.0,0.0,0.0,0.0,0.0,0.0,0.0,0.0
1,1,0.03125,0.96875,0.0,0.0,0.0,0.0,0.0,0.0,0.0,0.0,0.0,0.0
1,1,0.03125,0.96875,0.0,0.0,0.0,0.0,0.0,0.0,0.0,0.0,0.0,0.0
1,1,0.03125,0.96875,0.0,0.0,0.0,0.0,0.0,0.0,0.0,0.0,0.0,0.0
1,1,0.03125,0.96875,0.0,0.0,0.0,0.0,0.0,0.0,0.0,0.0,0.0,0.0
1,1,0.03125,0.96875,0.0,0.0,0.0,0.0,0.0,0.0,0.0,0.0,0.0,0.0
1,1,0.03125,0.96875,0.0,0.0,0.0,0.0,0.0,0.0,0.0,0.0,0.0,0.0
1,1,0.03125,0.96875,0.0,0.0,0.0,0.0,0.0,0.0,0.0,0.0,0.0,0.0
1,1,0.03125,0.96875,0.0,0.0,0.0,0.0,0.0,0.0,0.0,0.0,0.0,0.0
1,1,0.015625,0.984375,0.0,0.0,0.0,0.0,0.0,0.0,0.0,0.0,0.0,0.0
1,1,0.015625,0.984375,0.0,0.0,0.0,0.0,0.0,0.0,0.0,0.0,0.0,0.0
1,1,0.015625,0.984375,0.0,0.0,0.0,0.0,0.0,0.0,0.0,0.0,0.0,0.0
1,1,0.015625,0.984375,0.0,0.0,0.0,0.0,0.0,0.0,0.0,0.0,0.0,0.0
1,1,0.015625,0.984375,0.0,0.0,0.0,0.0,0.0,0.0,0.0,0.0,0.0,0.0
1,1,0.015625,0.984375,0.0,0.0,0.0,0.0,0.0,0.0,0.0,0.0,0.0,0.0
1,1,0.015625,0.984375,0.0,0.0,0.0,0.0,0.0,0.0,0.0,0.0,0.0,0.0
1,1,0.015625,0.984375,0.0,0.0,0.0,0.0,0.0,0.0,0.0,0.0,0.0,0.0
1,1,0.03125,0.96875,0.0,0.0,0.0,0.0,0.0,0.0,0.0,0.0,0.0,0.0
1,1,0.03125,0.96875,0.0,0.0,0.0,0.0,0.0,0.0,0.0,0.0,0.0,0.0
1,1,0.03125,0.96875,0.0,0.0,0.0,0.0,0.0,0.0,0.0,0.0,0.0,0.0
1,1,0.03125,0.96875,0.0,0.0,0.0,0.0,0.0,0.0,0.0,0.0,0.0,0.0
1,1,0.03125,0.96875,0.0,0.0,0.0,0.0,0.0,0.0,0.0,0.0,0.0,0.0
1,1,0.03125,0.96875,0.0,0.0,0.0,0.0,0.0,0.0,0.0,0.0,0.0,0.0
1,1,0.03125,0.96875,0.0,0.0,0.0,0.0,0.0,0.0,0.0,0.0,0.0,0.0
1,1,0.03125,0.96875,0.0,0.0,0.0,0.0,0.0,0.0,0.0,0.0,0.0,0.0
1,1,0.03125,0.96875,0.0,0.0,0.0,0.0,0.0,0.0,0.0,0.0,0.0,0.0
1,1,0.03125,0.96875,0.0,0.0,0.0,0.0,0.0,0.0,0.0,0.0,0.0,0.0
1,1,0.03125,0.96875,0.0,0.0,0.0,0.0,0.0,0.0,0.0,0.0,0.0,0.0
1,1,0.03125,0.96875,0.0,0.0,0.0,0.0,0.0,0.0,0.0,0.0,0.0,0.0
1,1,0.03125,0.96875,0.0,0.0,0.0,0.0,0.0,0.0,0.0,0.0,0.0,0.0
1,1,0.03125,0.96875,0.0,0.0,0.0,0.0,0.0,0.0,0.0,0.0,0.0,0.0
1,1,0.03125,0.96875,0.0,0.0,0.0,0.0,0.0,0.0,0.0,0.0,0.0,0.0
1,1,0.03125,0.96875,0.0,0.0,0.0,0.0,0.0,0.0,0.0,0.0,0.0,0.0
1,1,0.015625,0.984375,0.0,0.0,0.0,0.0,0.0,0.0,0.0,0.0,0.0,0.0
1,1,0.015625,0.984375,0.0,0.0,0.0,0.0,0.0,0.0,0.0,0.0,0.0,0.0
1,1,0.015625,0.984375,0.0,0.0,0.0,0.0,0.0,0.0,0.0,0.0,0.0,0.0
1,1,0.015625,0.984375,0.0,0.0,0.0,0.0,0.0,0.0,0.0,0.0,0.0,0.0
1,1,0.015625,0.984375,0.0,0.0,0.0,0.0,0.0,0.0,0.0,0.0,0.0,0.0
1,1,0.015625,0.984375,0.0,0.0,0.0,0.0,0.0,0.0,0.0,0.0,0.0,0.0
1,1,0.015625,0.984375,0.0,0.0,0.0,0.0,0.0,0.0,0.0,0.0,0.0,0.0
1,1,0.015625,0.984375,0.0,0.0,0.0,0.0,0.0,0.0,0.0,0.0,0.0,0.0
1,1,0.015625,0.984375,0.0,0.0,0.0,0.0,0.0,0.0,0.0,0.0,0.0,0.0
1,1,0.015625,0.984375,0.0,0.0,0.0,0.0,0.0,0.0,0.0,0.0,0.0,0.0
1,1,0.015625,0.984375,0.0,0.0,0.0,0.0,0.0,0.0,0.0,0.0,0.0,0.0
1,1,0.015625,0.984375,0.0,0.0,0.0,0.0,0.0,0.0,0.0,0.0,0.0,0.0
1,1,0.015625,0.984375,0.0,0.0,0.0,0.0,0.0,0.0,0.0,0.0,0.0,0.0
1,1,0.015625,0.984375,0.0,0.0,0.0,0.0,0.0,0.0,0.0,0.0,0.0,0.0
1,1,0.015625,0.984375,0.0,0.0,0.0,0.0,0.0,0.0,0.0,0.0,0.0,0.0
1,1,0.015625,0.984375,0.0,0.0,0.0,0.0,0.0,0.0,0.0,0.0,0.0,0.0
1,1,0.015625,0.984375,0.0,0.0,0.0,0.0,0.0,0.0,0.0,0.0,0.0,0.0
1,1,0.015625,0.984375,0.0,0.0,0.0,0.0,0.0,0.0,0.0,0.0,0.0,0.0
1,1,0.015625,0.984375,0.0,0.0,0.0,0.0,0.0,0.0,0.0,0.0,0.0,0.0
1,1,0.015625,0.984375,0.0,0.0,0.0,0.0,0.0,0.0,0.0,0.0,0.0,0.0
1,1,0.015625,0.984375,0.0,0.0,0.0,0.0,0.0,0.0,0.0,0.0,0.0,0.0
1,1,0.015625,0.984375,0.0,0.0,0.0,0.0,0.0,0.0,0.0,0.0,0.0,0.0
1,1,0.015625,0.984375,0.0,0.0,0.0,0.0,0.0,0.0,0.0,0.0,0.0,0.0
1,1,0.015625,0.984375,0.0,0.0,0.0,0.0,0.0,0.0,0.0,0.0,0.0,0.0
1,1,0.015625,0.984375,0.0,0.0,0.0,0.0,0.0,0.0,0.0,0.0,0.0,0.0
1,1,0.015625,0.984375,0.0,0.0,0.0,0.0,0.0,0.0,0.0,0.0,0.0,0.0
1,1,0.015625,0.984375,0.0,0.0,0.0,0.0,0.0,0.0,0.0,0.0,0.0,0.0
1,1,0.015625,0.984375,0.0,0.0,0.0,0.0,0.0,0.0,0.0,0.0,0.0,0.0
1,1,0.015625,0.984375,0.0,0.0,0.0,0.0,0.0,0.0,0.0,0.0,0.0,0.0
1,1,0.015625,0.984375,0.0,0.0,0.0,0.0,0.0,0.0,0.0,0.0,0.0,0.0
1,1,0.015625,0.984375,0.0,0.0,0.0,0.0,0.0,0.0,0.0,0.0,0.0,0.0
1,1,0.015625,0.984375,0.0,0.0,0.0,0.0,0.0,0.0,0.0,0.0,0.0,0.0
1,1,0.015625,0.984375,0.0,0.0,0.0,0.0,0.0,0.0,0.0,0.0,0.0,0.0
1,1,0.015625,0.984375,0.0,0.0,0.0,0.0,0.0,0.0,0.0,0.0,0.0,0.0
1,1,0.015625,0.984375,0.0,0.0,0.0,0.0,0.0,0.0,0.0,0.0,0.0,0.0
1,1,0.015625,0.984375,0.0,0.0,0.0,0.0,0.0,0.0,0.0,0.0,0.0,0.0
1,1,0.015625,0.984375,0.0,0.0,0.0,0.0,0.0,0.0,0.0,0.0,0.0,0.0
1,1,0.015625,0.984375,0.0,0.0,0.0,0.0,0.0,0.0,0.0,0.0,0.0,0.0
1,1,0.015625,0.984375,0.0,0.0,0.0,0.0,0.0,0.0,0.0,0.0,0.0,0.0
1,1,0.015625,0.984375,0.0,0.0,0.0,0.0,0.0,0.0,0.0,0.0,0.0,0.0
1,1,0.015625,0.984375,0.0,0.0,0.0,0.0,0.0,0.0,0.0,0.0,0.0,0.0
1,1,0.015625,0.984375,0.0,0.0,0.0,0.0,0.0,0.0,0.0,0.0,0.0,0.0
1,1,0.015625,0.984375,0.0,0.0,0.0,0.0,0.0,0.0,0.0,0.0,0.0,0.0
1,1,0.015625,0.984375,0.0,0.0,0.0,0.0,0.0,0.0,0.0,0.0,0.0,0.0
1,1,0.015625,0.984375,0.0,0.0,0.0,0.0,0.0,0.0,0.0,0.0,0.0,0.0
1,1,0.015625,0.984375,0.0,0.0,0.0,0.0,0.0,0.0,0.0,0.0,0.0,0.0
1,1,0.015625,0.984375,0.0,0.0,0.0,0.0,0.0,0.0,0.0,0.0,0.0,0.0
1,1,0.015625,0.984375,0.0,0.0,0.0,0.0,0.0,0.0,0.0,0.0,0.0,0.0
1,1,0.0,1.0,0.0,0.0,0.0,0.0,0.0,0.0,0.0,0.0,0.0,0.0
1,1,0.0,1.0,0.0,0.0,0.0,0.0,0.0,0.0,0.0,0.0,0.0,0.0
1,1,0.0,1.0,0.0,0.0,0.0,0.0,0.0,0.0,0.0,0.0,0.0,0.0
1,1,0.0,1.0,0.0,0.0,0.0,0.0,0.0,0.0,0.0,0.0,0.0,0.0
1,1,0.0,1.0,0.0,0.0,0.0,0.0,0.0,0.0,0.0,0.0,0.0,0.0
1,1,0.0,1.0,0.0,0.0,0.0,0.0,0.0,0.0,0.0,0.0,0.0,0.0
1,1,0.0,1.0,0.0,0.0,0.0,0.0,0.0,0.0,0.0,0.0,0.0,0.0
1,1,0.0,1.0,0.0,0.0,0.0,0.0,0.0,0.0,0.0,0.0,0.0,0.0
1,1,0.0,1.0,0.0,0.0,0.0,0.0,0.0,0.0,0.0,0.0,0.0,0.0
1,1,0.0,1.0,0.0,0.0,0.0,0.0,0.0,0.0,0.0,0.0,0.0,0.0
1,1,0.0,1.0,0.0,0.0,0.0,0.0,0.0,0.0,0.0,0.0,0.0,0.0
1,1,0.0,1.0,0.0,0.0,0.0,0.0,0.0,0.0,0.0,0.0,0.0,0.0
1,1,0.0,1.0,0.0,0.0,0.0,0.0,0.0,0.0,0.0,0.0,0.0,0.0
1,1,0.0,1.0,0.0,0.0,0.0,0.0,0.0,0.0,0.0,0.0,0.0,0.0
1,1,0.0,1.0,0.0,0.0,0.0,0.0,0.0,0.0,0.0,0.0,0.0,0.0
1,1,0.0,1.0,0.0,0.0,0.0,0.0,0.0,0.0,0.0,0.0,0.0,0.0
1,1,0.0,1.0,0.0,0.0,0.0,0.0,0.0,0.0,0.0,0.0,0.0,0.0
1,1,0.0,1.0,0.0,0.0,0.0,0.0,0.0,0.0,0.0,0.0,0.0,0.0
1,1,0.0,1.0,0.0,0.0,0.0,0.0,0.0,0.0,0.0,0.0,0.0,0.0
1,1,0.0,1.0,0.0,0.0,0.0,0.0,0.0,0.0,0.0,0.0,0.0,0.0
1,1,0.0,1.0,0.0,0.0,0.0,0.0,0.0,0.0,0.0,0.0,0.0,0.0
1,1,0.0,1.0,0.0,0.0,0.0,0.0,0.0,0.0,0.0,0.0,0.0,0.0
1,1,0.0,1.0,0.0,0.0,0.0,0.0,0.0,0.0,0.0,0.0,0.0,0.0
1,1,0.0,1.0,0.0,0.0,0.0,0.0,0.0,0.0,0.0,0.0,0.0,0.0
1,1,0.0,1.0,0.0,0.0,0.0,0.0,0.0,0.0,0.0,0.0,0.0,0.0
1,1,0.0,1.0,0.0,0.0,0.0,0.0,0.0,0.0,0.0,0.0,0.0,0.0
1,1,0.0,1.0,0.0,0.0,0.0,0.0,0.0,0.0,0.0,0.0,0.0,0.0
1,1,0.0,1.0,0.0,0.0,0.0,0.0,0.0,0.0,0.0,0.0,0.0,0.0
1,1,0.0,1.0,0.0,0.0,0.0,0.0,0.0,0.0,0.0,0.0,0.0,0.0
1,1,0.0,1.0,0.0,0.0,0.0,0.0,0.0,0.0,0.0,0.0,0.0,0.0
1,1,0.0,1.0,0.0,0.0,0.0,0.0,0.0,0.0,0.0,0.0,0.0,0.0
1,1,0.0,1.0,0.0,0.0,0.0,0.0,0.0,0.0,0.0,0.0,0.0,0.0
1,1,0.0,1.0,0.0,0.0,0.0,0.0,0.0,0.0,0.0,0.0,0.0,0.0
1,1,0.0,1.0,0.0,0.0,0.0,0.0,0.0,0.0,0.0,0.0,0.0,0.0
1,1,0.0,1.0,0.0,0.0,0.0,0.0,0.0,0.0,0.0,0.0,0.0,0.0
1,1,0.0,1.0,0.0,0.0,0.0,0.0,0.0,0.0,0.0,0.0,0.0,0.0
1,1,0.0,1.0,0.0,0.0,0.0,0.0,0.0,0.0,0.0,0.0,0.0,0.0
1,1,0.0,1.0,0.0,0.0,0.0,0.0,0.0,0.0,0.0,0.0,0.0,0.0
1,1,0.0,1.0,0.0,0.0,0.0,0.0,0.0,0.0,0.0,0.0,0.0,0.0
1,1,0.0,1.0,0.0,0.0,0.0,0.0,0.0,0.0,0.0,0.0,0.0,0.0
1,1,0.0,1.0,0.0,0.0,0.0,0.0,0.0,0.0,0.0,0.0,0.0,0.0
1,1,0.0,1.0,0.0,0.0,0.0,0.0,0.0,0.0,0.0,0.0,0.0,0.0
1,1,0.0,1.0,0.0,0.0,0.0,0.0,0.0,0.0,0.0,0.0,0.0,0.0
1,1,0.0,1.0,0.0,0.0,0.0,0.0,0.0,0.0,0.0,0.0,0.0,0.0
1,1,0.0,1.0,0.0,0.0,0.0,0.0,0.0,0.0,0.0,0.0,0.0,0.0
1,1,0.0,1.0,0.0,0.0,0.0,0.0,0.0,0.0,0.0,0.0,0.0,0.0
1,1,0.0,1.0,0.0,0.0,0.0,0.0,0.0,0.0,0.0,0.0,0.0,0.0
1,1,0.0,1.0,0.0,0.0,0.0,0.0,0.0,0.0,0.0,0.0,0.0,0.0
1,1,0.0,1.0,0.0,0.0,0.0,0.0,0.0,0.0,0.0,0.0,0.0,0.0
1,1,0.0,1.0,0.0,0.0,0.0,0.0,0.0,0.0,0.0,0.0,0.0,0.0
1,1,0.0,1.0,0.0,0.0,0.0,0.0,0.0,0.0,0.0,0.0,0.0,0.0
1,1,0.0,1.0,0.0,0.0,0.0,0.0,0.0,0.0,0.0,0.0,0.0,0.0
1,1,0.0,1.0,0.0,0.0,0.0,0.0,0.0,0.0,0.0,0.0,0.0,0.0
1,1,0.0,1.0,0.0,0.0,0.0,0.0,0.0,0.0,0.0,0.0,0.0,0.0
1,1,0.0,1.0,0.0,0.0,0.0,0.0,0.0,0.0,0.0,0.0,0.0,0.0
1,1,0.0,1.0,0.0,0.0,0.0,0.0,0.0,0.0,0.0,0.0,0.0,0.0
1,1,0.0,1.0,0.0,0.0,0.0,0.0,0.0,0.0,0.0,0.0,0.0,0.0
1,1,0.0,1.0,0.0,0.0,0.0,0.0,0.0,0.0,0.0,0.0,0.0,0.0
1,1,0.0,1.0,0.0,0.0,0.0,0.0,0.0,0.0,0.0,0.0,0.0,0.0
1,1,0.0,1.0,0.0,0.0,0.0,0.0,0.0,0.0,0.0,0.0,0.0,0.0
1,1,0.0,1.0,0.0,0.0,0.0,0.0,0.0,0.0,0.0,0.0,0.0,0.0
1,1,0.0,1.0,0.0,0.0,0.0,0.0,0.0,0.0,0.0,0.0,0.0,0.0
1,1,0.0,1.0,0.0,0.0,0.0,0.0,0.0,0.0,0.0,0.0,0.0,0.0
1,1,0.0,1.0,0.0,0.0,0.0,0.0,0.0,0.0,0.0,0.0,0.0,0.0
1,1,0.0,1.0,0.0,0.0,0.0,0.0,0.0,0.0,0.0,0.0,0.0,0.0
1,1,0.0,1.0,0.0,0.0,0.0,0.0,0.0,0.0,0.0,0.0,0.0,0.0
1,1,0.0,1.0,0.0,0.0,0.0,0.0,0.0,0.0,0.0,0.0,0.0,0.0
1,1,0.0,1.0,0.0,0.0,0.0,0.0,0.0,0.0,0.0,0.0,0.0,0.0
1,1,0.0,1.0,0.0,0.0,0.0,0.0,0.0,0.0,0.0,0.0,0.0,0.0
1,1,0.0,1.0,0.0,0.0,0.0,0.0,0.0,0.0,0.0,0.0,0.0,0.0
1,1,0.0,1.0,0.0,0.0,0.0,0.0,0.0,0.0,0.0,0.0,0.0,0.0
1,1,0.0,1.0,0.0,0.0,0.0,0.0,0.0,0.0,0.0,0.0,0.0,0.0
1,1,0.0,1.0,0.0,0.0,0.0,0.0,0.0,0.0,0.0,0.0,0.0,0.0
1,1,0.0,1.0,0.0,0.0,0.0,0.0,0.0,0.0,0.0,0.0,0.0,0.0
1,1,0.0,1.0,0.0,0.0,0.0,0.0,0.0,0.0,0.0,0.0,0.0,0.0
1,1,0.0,1.0,0.0,0.0,0.0,0.0,0.0,0.0,0.0,0.0,0.0,0.0
1,1,0.0,1.0,0.0,0.0,0.0,0.0,0.0,0.0,0.0,0.0,0.0,0.0
1,1,0.0,1.0,0.0,0.0,0.0,0.0,0.0,0.0,0.0,0.0,0.0,0.0
1,1,0.0,1.0,0.0,0.0,0.0,0.0,0.0,0.0,0.0,0.0,0.0,0.0
1,1,0.0,1.0,0.0,0.0,0.0,0.0,0.0,0.0,0.0,0.0,0.0,0.0
1,1,0.0,1.0,0.0,0.0,0.0,0.0,0.0,0.0,0.0,0.0,0.0,0.0
1,1,0.0,1.0,0.0,0.0,0.0,0.0,0.0,0.0,0.0,0.0,0.0,0.0
1,1,0.0,1.0,0.0,0.0,0.0,0.0,0.0,0.0,0.0,0.0,0.0,0.0
1,1,0.0,1.0,0.0,0.0,0.0,0.0,0.0,0.0,0.0,0.0,0.0,0.0
1,1,0.0,1.0,0.0,0.0,0.0,0.0,0.0,0.0,0.0,0.0,0.0,0.0
1,1,0.0,1.0,0.0,0.0,0.0,0.0,0.0,0.0,0.0,0.0,0.0,0.0
1,1,0.0,1.0,0.0,0.0,0.0,0.0,0.0,0.0,0.0,0.0,0.0,0.0
1,1,0.0,1.0,0.0,0.0,0.0,0.0,0.0,0.0,0.0,0.0,0.0,0.0
1,1,0.0,1.0,0.0,0.0,0.0,0.0,0.0,0.0,0.0,0.0,0.0,0.0
1,1,0.0,1.0,0.0,0.0,0.0,0.0,0.0,0.0,0.0,0.0,0.0,0.0
1,1,0.0,1.0,0.0,0.0,0.0,0.0,0.0,0.0,0.0,0.0,0.0,0.0
1,1,0.0,1.0,0.0,0.0,0.0,0.0,0.0,0.0,0.0,0.0,0.0,0.0
1,1,0.0,1.0,0.0,0.0,0.0,0.0,0.0,0.0,0.0,0.0,0.0,0.0
1,1,0.0,1.0,0.0,0.0,0.0,0.0,0.0,0.0,0.0,0.0,0.0,0.0
1,1,0.0,1.0,0.0,0.0,0.0,0.0,0.0,0.0,0.0,0.0,0.0,0.0
1,1,0.0,1.0,0.0,0.0,0.0,0.0,0.0,0.0,0.0,0.0,0.0,0.0
1,1,0.0,1.0,0.0,0.0,0.0,0.0,0.0,0.0,0.0,0.0,0.0,0.0
1,1,0.0,1.0,0.0,0.0,0.0,0.0,0.0,0.0,0.0,0.0,0.0,0.0
1,1,0.0,1.0,0.0,0.0,0.0,0.0,0.0,0.0,0.0,0.0,0.0,0.0
1,1,0.0,1.0,0.0,0.0,0.0,0.0,0.0,0.0,0.0,0.0,0.0,0.0
1,1,0.0,1.0,0.0,0.0,0.0,0.0,0.0,0.0,0.0,0.0,0.0,0.0
1,1,0.0,1.0,0.0,0.0,0.0,0.0,0.0,0.0,0.0,0.0,0.0,0.0
1,1,0.0,1.0,0.0,0.0,0.0,0.0,0.0,0.0,0.0,0.0,0.0,0.0
1,1,0.0,1.0,0.0,0.0,0.0,0.0,0.0,0.0,0.0,0.0,0.0,0.0
1,1,0.0,1.0,0.0,0.0,0.0,0.0,0.0,0.0,0.0,0.0,0.0,0.0
1,1,0.0,1.0,0.0,0.0,0.0,0.0,0.0,0.0,0.0,0.0,0.0,0.0
1,1,0.0,1.0,0.0,0.0,0.0,0.0,0.0,0.0,0.0,0.0,0.0,0.0
1,1,0.0,1.0,0.0,0.0,0.0,0.0,0.0,0.0,0.0,0.0,0.0,0.0
1,1,0.0,1.0,0.0,0.0,0.0,0.0,0.0,0.0,0.0,0.0,0.0,0.0
1,1,0.0,1.0,0.0,0.0,0.0,0.0,0.0,0.0,0.0,0.0,0.0,0.0
1,1,0.0,1.0,0.0,0.0,0.0,0.0,0.0,0.0,0.0,0.0,0.0,0.0
1,1,0.0,1.0,0.0,0.0,0.0,0.0,0.0,0.0,0.0,0.0,0.0,0.0
1,1,0.0,1.0,0.0,0.0,0.0,0.0,0.0,0.0,0.0,0.0,0.0,0.0
1,1,0.0,1.0,0.0,0.0,0.0,0.0,0.0,0.0,0.0,0.0,0.0,0.0
1,1,0.0,1.0,0.0,0.0,0.0,0.0,0.0,0.0,0.0,0.0,0.0,0.0
1,1,0.0,1.0,0.0,0.0,0.0,0.0,0.0,0.0,0.0,0.0,0.0,0.0
1,1,0.0,1.0,0.0,0.0,0.0,0.0,0.0,0.0,0.0,0.0,0.0,0.0
1,1,0.0,1.0,0.0,0.0,0.0,0.0,0.0,0.0,0.0,0.0,0.0,0.0
1,1,0.0,1.0,0.0,0.0,0.0,0.0,0.0,0.0,0.0,0.0,0.0,0.0
1,1,0.0,1.0,0.0,0.0,0.0,0.0,0.0,0.0,0.0,0.0,0.0,0.0
1,1,0.0,1.0,0.0,0.0,0.0,0.0,0.0,0.0,0.0,0.0,0.0,0.0
1,1,0.0,1.0,0.0,0.0,0.0,0.0,0.0,0.0,0.0,0.0,0.0,0.0
1,1,0.0,1.0,0.0,0.0,0.0,0.0,0.0,0.0,0.0,0.0,0.0,0.0
1,1,0.0,1.0,0.0,0.0,0.0,0.0,0.0,0.0,0.0,0.0,0.0,0.0
1,1,0.0,1.0,0.0,0.0,0.0,0.0,0.0,0.0,0.0,0.0,0.0,0.0
1,1,0.0,1.0,0.0,0.0,0.0,0.0,0.0,0.0,0.0,0.0,0.0,0.0
1,1,0.0,1.0,0.0,0.0,0.0,0.0,0.0,0.0,0.0,0.0,0.0,0.0
1,1,0.0,1.0,0.0,0.0,0.0,0.0,0.0,0.0,0.0,0.0,0.0,0.0
1,1,0.015625,0.984375,0.0,0.0,0.0,0.0,0.0,0.0,0.0,0.0,0.0,0.0
1,1,0.015625,0.984375,0.0,0.0,0.0,0.0,0.0,0.0,0.0,0.0,0.0,0.0
1,1,0.015625,0.984375,0.0,0.0,0.0,0.0,0.0,0.0,0.0,0.0,0.0,0.0
1,1,0.015625,0.984375,0.0,0.0,0.0,0.0,0.0,0.0,0.0,0.0,0.0,0.0
1,1,0.015625,0.984375,0.0,0.0,0.0,0.0,0.0,0.0,0.0,0.0,0.0,0.0
1,1,0.015625,0.984375,0.0,0.0,0.0,0.0,0.0,0.0,0.0,0.0,0.0,0.0
1,1,0.015625,0.984375,0.0,0.0,0.0,0.0,0.0,0.0,0.0,0.0,0.0,0.0
1,1,0.015625,0.984375,0.0,0.0,0.0,0.0,0.0,0.0,0.0,0.0,0.0,0.0
1,1,0.015625,0.984375,0.0,0.0,0.0,0.0,0.0,0.0,0.0,0.0,0.0,0.0
1,1,0.015625,0.984375,0.0,0.0,0.0,0.0,0.0,0.0,0.0,0.0,0.0,0.0
1,1,0.015625,0.984375,0.0,0.0,0.0,0.0,0.0,0.0,0.0,0.0,0.0,0.0
1,1,0.015625,0.984375,0.0,0.0,0.0,0.0,0.0,0.0,0.0,0.0,0.0,0.0
1,1,0.015625,0.984375,0.0,0.0,0.0,0.0,0.0,0.0,0.0,0.0,0.0,0.0
1,1,0.015625,0.984375,0.0,0.0,0.0,0.0,0.0,0.0,0.0,0.0,0.0,0.0
1,1,0.015625,0.984375,0.0,0.0,0.0,0.0,0.0,0.0,0.0,0.0,0.0,0.0
1,1,0.015625,0.984375,0.0,0.0,0.0,0.0,0.0,0.0,0.0,0.0,0.0,0.0
1,1,0.015625,0.984375,0.0,0.0,0.0,0.0,0.0,0.0,0.0,0.0,0.0,0.0
1,1,0.015625,0.984375,0.0,0.0,0.0,0.0,0.0,0.0,0.0,0.0,0.0,0.0
1,1,0.015625,0.984375,0.0,0.0,0.0,0.0,0.0,0.0,0.0,0.0,0.0,0.0
1,1,0.015625,0.984375,0.0,0.0,0.0,0.0,0.0,0.0,0.0,0.0,0.0,0.0
1,1,0.015625,0.984375,0.0,0.0,0.0,0.0,0.0,0.0,0.0,0.0,0.0,0.0
1,1,0.015625,0.984375,0.0,0.0,0.0,0.0,0.0,0.0,0.0,0.0,0.0,0.0
1,1,0.015625,0.984375,0.0,0.0,0.0,0.0,0.0,0.0,0.0,0.0,0.0,0.0
1,1,0.015625,0.984375,0.0,0.0,0.0,0.0,0.0,0.0,0.0,0.0,0.0,0.0
1,1,0.015625,0.984375,0.0,0.0,0.0,0.0,0.0,0.0,0.0,0.0,0.0,0.0
1,1,0.015625,0.984375,0.0,0.0,0.0,0.0,0.0,0.0,0.0,0.0,0.0,0.0
1,1,0.015625,0.984375,0.0,0.0,0.0,0.0,0.0,0.0,0.0,0.0,0.0,0.0
1,1,0.015625,0.984375,0.0,0.0,0.0,0.0,0.0,0.0,0.0,0.0,0.0,0.0
1,1,0.015625,0.984375,0.0,0.0,0.0,0.0,0.0,0.0,0.0,0.0,0.0,0.0
1,1,0.015625,0.984375,0.0,0.0,0.0,0.0,0.0,0.0,0.0,0.0,0.0,0.0
1,1,0.015625,0.984375,0.0,0.0,0.0,0.0,0.0,0.0,0.0,0.0,0.0,0.0
1,1,0.015625,0.984375,0.0,0.0,0.0,0.0,0.0,0.0,0.0,0.0,0.0,0.0
1,1,0.015625,0.984375,0.0,0.0,0.0,0.0,0.0,0.0,0.0,0.0,0.0,0.0
1,1,0.015625,0.984375,0.0,0.0,0.0,0.0,0.0,0.0,0.0,0.0,0.0,0.0
1,1,0.015625,0.984375,0.0,0.0,0.0,0.0,0.0,0.0,0.0,0.0,0.0,0.0
1,1,0.015625,0.984375,0.0,0.0,0.0,0.0,0.0,0.0,0.0,0.0,0.0,0.0
1,1,0.015625,0.984375,0.0,0.0,0.0,0.0,0.0,0.0,0.0,0.0,0.0,0.0
1,1,0.015625,0.984375,0.0,0.0,0.0,0.0,0.0,0.0,0.0,0.0,0.0,0.0
1,1,0.015625,0.984375,0.0,0.0,0.0,0.0,0.0,0.0,0.0,0.0,0.0,0.0
1,1,0.015625,0.984375,0.0,0.0,0.0,0.0,0.0,0.0,0.0,0.0,0.0,0.0
1,1,0.015625,0.984375,0.0,0.0,0.0,0.0,0.0,0.0,0.0,0.0,0.0,0.0
1,1,0.015625,0.984375,0.0,0.0,0.0,0.0,0.0,0.0,0.0,0.0,0.0,0.0
1,1,0.015625,0.984375,0.0,0.0,0.0,0.0,0.0,0.0,0.0,0.0,0.0,0.0
1,1,0.015625,0.984375,0.0,0.0,0.0,0.0,0.0,0.0,0.0,0.0,0.0,0.0
1,1,0.015625,0.984375,0.0,0.0,0.0,0.0,0.0,0.0,0.0,0.0,0.0,0.0
1,1,0.015625,0.984375,0.0,0.0,0.0,0.0,0.0,0.0,0.0,0.0,0.0,0.0
1,1,0.015625,0.984375,0.0,0.0,0.0,0.0,0.0,0.0,0.0,0.0,0.0,0.0
1,1,0.015625,0.984375,0.0,0.0,0.0,0.0,0.0,0.0,0.0,0.0,0.0,0.0
1,1,0.015625,0.984375,0.0,0.0,0.0,0.0,0.0,0.0,0.0,0.0,0.0,0.0
1,1,0.015625,0.984375,0.0,0.0,0.0,0.0,0.0,0.0,0.0,0.0,0.0,0.0
1,1,0.015625,0.984375,0.0,0.0,0.0,0.0,0.0,0.0,0.0,0.0,0.0,0.0
1,1,0.015625,0.984375,0.0,0.0,0.0,0.0,0.0,0.0,0.0,0.0,0.0,0.0
1,1,0.015625,0.984375,0.0,0.0,0.0,0.0,0.0,0.0,0.0,0.0,0.0,0.0
1,1,0.015625,0.984375,0.0,0.0,0.0,0.0,0.0,0.0,0.0,0.0,0.0,0.0
1,1,0.015625,0.984375,0.0,0.0,0.0,0.0,0.0,0.0,0.0,0.0,0.0,0.0
1,1,0.015625,0.984375,0.0,0.0,0.0,0.0,0.0,0.0,0.0,0.0,0.0,0.0
1,1,0.015625,0.984375,0.0,0.0,0.0,0.0,0.0,0.0,0.0,0.0,0.0,0.0
1,1,0.015625,0.984375,0.0,0.0,0.0,0.0,0.0,0.0,0.0,0.0,0.0,0.0
1,1,0.015625,0.984375,0.0,0.0,0.0,0.0,0.0,0.0,0.0,0.0,0.0,0.0
1,1,0.015625,0.984375,0.0,0.0,0.0,0.0,0.0,0.0,0.0,0.0,0.0,0.0
1,1,0.015625,0.984375,0.0,0.0,0.0,0.0,0.0,0.0,0.0,0.0,0.0,0.0
1,1,0.015625,0.984375,0.0,0.0,0.0,0.0,0.0,0.0,0.0,0.0,0.0,0.0
1,1,0.015625,0.984375,0.0,0.0,0.0,0.0,0.0,0.0,0.0,0.0,0.0,0.0
1,1,0.015625,0.984375,0.0,0.0,0.0,0.0,0.0,0.0,0.0,0.0,0.0,0.0
1,1,0.015625,0.984375,0.0,0.0,0.0,0.0,0.0,0.0,0.0,0.0,0.0,0.0
1,1,0.015625,0.984375,0.0,0.0,0.0,0.0,0.0,0.0,0.0,0.0,0.0,0.0
1,1,0.015625,0.984375,0.0,0.0,0.0,0.0,0.0,0.0,0.0,0.0,0.0,0.0
1,1,0.015625,0.984375,0.0,0.0,0.0,0.0,0.0,0.0,0.0,0.0,0.0,0.0
1,1,0.015625,0.984375,0.0,0.0,0.0,0.0,0.0,0.0,0.0,0.0,0.0,0.0
1,1,0.015625,0.984375,0.0,0.0,0.0,0.0,0.0,0.0,0.0,0.0,0.0,0.0
1,1,0.015625,0.984375,0.0,0.0,0.0,0.0,0.0,0.0,0.0,0.0,0.0,0.0
1,1,0.015625,0.984375,0.0,0.0,0.0,0.0,0.0,0.0,0.0,0.0,0.0,0.0
1,1,0.015625,0.984375,0.0,0.0,0.0,0.0,0.0,0.0,0.0,0.0,0.0,0.0
1,1,0.015625,0.984375,0.0,0.0,0.0,0.0,0.0,0.0,0.0,0.0,0.0,0.0
1,1,0.015625,0.984375,0.0,0.0,0.0,0.0,0.0,0.0,0.0,0.0,0.0,0.0
1,1,0.015625,0.984375,0.0,0.0,0.0,0.0,0.0,0.0,0.0,0.0,0.0,0.0
1,1,0.015625,0.984375,0.0,0.0,0.0,0.0,0.0,0.0,0.0,0.0,0.0,0.0
1,1,0.015625,0.984375,0.0,0.0,0.0,0.0,0.0,0.0,0.0,0.0,0.0,0.0
1,1,0.015625,0.984375,0.0,0.0,0.0,0.0,0.0,0.0,0.0,0.0,0.0,0.0
1,1,0.015625,0.984375,0.0,0.0,0.0,0.0,0.0,0.0,0.0,0.0,0.0,0.0
1,1,0.015625,0.984375,0.0,0.0,0.0,0.0,0.0,0.0,0.0,0.0,0.0,0.0
1,1,0.015625,0.984375,0.0,0.0,0.0,0.0,0.0,0.0,0.0,0.0,0.0,0.0
1,1,0.015625,0.984375,0.0,0.0,0.0,0.0,0.0,0.0,0.0,0.0,0.0,0.0
1,1,0.015625,0.984375,0.0,0.0,0.0,0.0,0.0,0.0,0.0,0.0,0.0,0.0
1,1,0.015625,0.984375,0.0,0.0,0.0,0.0,0.0,0.0,0.0,0.0,0.0,0.0
1,1,0.015625,0.984375,0.0,0.0,0.0,0.0,0.0,0.0,0.0,0.0,0.0,0.0
1,1,0.015625,0.984375,0.0,0.0,0.0,0.0,0.0,0.0,0.0,0.0,0.0,0.0
1,1,0.015625,0.984375,0.0,0.0,0.0,0.0,0.0,0.0,0.0,0.0,0.0,0.0
1,1,0.015625,0.984375,0.0,0.0,0.0,0.0,0.0,0.0,0.0,0.0,0.0,0.0
1,1,0.015625,0.984375,0.0,0.0,0.0,0.0,0.0,0.0,0.0,0.0,0.0,0.0
1,1,0.015625,0.984375,0.0,0.0,0.0,0.0,0.0,0.0,0.0,0.0,0.0,0.0
1,1,0.015625,0.984375,0.0,0.0,0.0,0.0,0.0,0.0,0.0,0.0,0.0,0.0
1,1,0.015625,0.984375,0.0,0.0,0.0,0.0,0.0,0.0,0.0,0.0,0.0,0.0
1,1,0.015625,0.984375,0.0,0.0,0.0,0.0,0.0,0.0,0.0,0.0,0.0,0.0
1,1,0.015625,0.984375,0.0,0.0,0.0,0.0,0.0,0.0,0.0,0.0,0.0,0.0
1,1,0.015625,0.984375,0.0,0.0,0.0,0.0,0.0,0.0,0.0,0.0,0.0,0.0
1,1,0.015625,0.984375,0.0,0.0,0.0,0.0,0.0,0.0,0.0,0.0,0.0,0.0
1,1,0.015625,0.984375,0.0,0.0,0.0,0.0,0.0,0.0,0.0,0.0,0.0,0.0
1,1,0.015625,0.984375,0.0,0.0,0.0,0.0,0.0,0.0,0.0,0.0,0.0,0.0
1,1,0.015625,0.984375,0.0,0.0,0.0,0.0,0.0,0.0,0.0,0.0,0.0,0.0
1,1,0.015625,0.984375,0.0,0.0,0.0,0.0,0.0,0.0,0.0,0.0,0.0,0.0
1,1,0.015625,0.984375,0.0,0.0,0.0,0.0,0.0,0.0,0.0,0.0,0.0,0.0
1,1,0.015625,0.984375,0.0,0.0,0.0,0.0,0.0,0.0,0.0,0.0,0.0,0.0
1,1,0.015625,0.984375,0.0,0.0,0.0,0.0,0.0,0.0,0.0,0.0,0.0,0.0
1,1,0.015625,0.984375,0.0,0.0,0.0,0.0,0.0,0.0,0.0,0.0,0.0,0.0
1,1,0.015625,0.984375,0.0,0.0,0.0,0.0,0.0,0.0,0.0,0.0,0.0,0.0
1,1,0.015625,0.984375,0.0,0.0,0.0,0.0,0.0,0.0,0.0,0.0,0.0,0.0
1,1,0.015625,0.984375,0.0,0.0,0.0,0.0,0.0,0.0,0.0,0.0,0.0,0.0
1,1,0.015625,0.984375,0.0,0.0,0.0,0.0,0.0,0.0,0.0,0.0,0.0,0.0
1,1,0.015625,0.984375,0.0,0.0,0.0,0.0,0.0,0.0,0.0,0.0,0.0,0.0
1,1,0.015625,0.984375,0.0,0.0,0.0,0.0,0.0,0.0,0.0,0.0,0.0,0.0
1,1,0.015625,0.984375,0.0,0.0,0.0,0.0,0.0,0.0,0.0,0.0,0.0,0.0
1,1,0.015625,0.984375,0.0,0.0,0.0,0.0,0.0,0.0,0.0,0.0,0.0,0.0
1,1,0.015625,0.984375,0.0,0.0,0.0,0.0,0.0,0.0,0.0,0.0,0.0,0.0
1,1,0.015625,0.984375,0.0,0.0,0.0,0.0,0.0,0.0,0.0,0.0,0.0,0.0
1,1,0.015625,0.984375,0.0,0.0,0.0,0.0,0.0,0.0,0.0,0.0,0.0,0.0
1,1,0.015625,0.984375,0.0,0.0,0.0,0.0,0.0,0.0,0.0,0.0,0.0,0.0
1,1,0.015625,0.984375,0.0,0.0,0.0,0.0,0.0,0.0,0.0,0.0,0.0,0.0
1,1,0.015625,0.984375,0.0,0.0,0.0,0.0,0.0,0.0,0.0,0.0,0.0,0.0
1,1,0.015625,0.984375,0.0,0.0,0.0,0.0,0.0,0.0,0.0,0.0,0.0,0.0
1,1,0.015625,0.984375,0.0,0.0,0.0,0.0,0.0,0.0,0.0,0.0,0.0,0.0
1,1,0.015625,0.984375,0.0,0.0,0.0,0.0,0.0,0.0,0.0,0.0,0.0,0.0
1,1,0.015625,0.984375,0.0,0.0,0.0,0.0,0.0,0.0,0.0,0.0,0.0,0.0
1,1,0.015625,0.984375,0.0,0.0,0.0,0.0,0.0,0.0,0.0,0.0,0.0,0.0
1,1,0.015625,0.984375,0.0,0.0,0.0,0.0,0.0,0.0,0.0,0.0,0.0,0.0
1,1,0.015625,0.984375,0.0,0.0,0.0,0.0,0.0,0.0,0.0,0.0,0.0,0.0
1,1,0.015625,0.984375,0.0,0.0,0.0,0.0,0.0,0.0,0.0,0.0,0.0,0.0
1,1,0.015625,0.984375,0.0,0.0,0.0,0.0,0.0,0.0,0.0,0.0,0.0,0.0
1,1,0.015625,0.984375,0.0,0.0,0.0,0.0,0.0,0.0,0.0,0.0,0.0,0.0
1,1,0.015625,0.984375,0.0,0.0,0.0,0.0,0.0,0.0,0.0,0.0,0.0,0.0
1,1,0.015625,0.984375,0.0,0.0,0.0,0.0,0.0,0.0,0.0,0.0,0.0,0.0
1,1,0.015625,0.984375,0.0,0.0,0.0,0.0,0.0,0.0,0.0,0.0,0.0,0.0
1,1,0.015625,0.984375,0.0,0.0,0.0,0.0,0.0,0.0,0.0,0.0,0.0,0.0
1,1,0.015625,0.984375,0.0,0.0,0.0,0.0,0.0,0.0,0.0,0.0,0.0,0.0
1,1,0.015625,0.984375,0.0,0.0,0.0,0.0,0.0,0.0,0.0,0.0,0.0,0.0
1,1,0.015625,0.984375,0.0,0.0,0.0,0.0,0.0,0.0,0.0,0.0,0.0,0.0
1,1,0.015625,0.984375,0.0,0.0,0.0,0.0,0.0,0.0,0.0,0.0,0.0,0.0
1,1,0.015625,0.984375,0.0,0.0,0.0,0.0,0.0,0.0,0.0,0.0,0.0,0.0
1,1,0.015625,0.984375,0.0,0.0,0.0,0.0,0.0,0.0,0.0,0.0,0.0,0.0
1,1,0.015625,0.984375,0.0,0.0,0.0,0.0,0.0,0.0,0.0,0.0,0.0,0.0
1,1,0.015625,0.984375,0.0,0.0,0.0,0.0,0.0,0.0,0.0,0.0,0.0,0.0
1,1,0.015625,0.984375,0.0,0.0,0.0,0.0,0.0,0.0,0.0,0.0,0.0,0.0
1,1,0.015625,0.984375,0.0,0.0,0.0,0.0,0.0,0.0,0.0,0.0,0.0,0.0
1,1,0.015625,0.984375,0.0,0.0,0.0,0.0,0.0,0.0,0.0,0.0,0.0,0.0
1,1,0.015625,0.984375,0.0,0.0,0.0,0.0,0.0,0.0,0.0,0.0,0.0,0.0
1,1,0.015625,0.984375,0.0,0.0,0.0,0.0,0.0,0.0,0.0,0.0,0.0,0.0
1,1,0.015625,0.984375,0.0,0.0,0.0,0.0,0.0,0.0,0.0,0.0,0.0,0.0
1,1,0.015625,0.984375,0.0,0.0,0.0,0.0,0.0,0.0,0.0,0.0,0.0,0.0
1,1,0.015625,0.984375,0.0,0.0,0.0,0.0,0.0,0.0,0.0,0.0,0.0,0.0
1,1,0.015625,0.984375,0.0,0.0,0.0,0.0,0.0,0.0,0.0,0.0,0.0,0.0
1,1,0.015625,0.984375,0.0,0.0,0.0,0.0,0.0,0.0,0.0,0.0,0.0,0.0
1,1,0.015625,0.984375,0.0,0.0,0.0,0.0,0.0,0.0,0.0,0.0,0.0,0.0
1,1,0.015625,0.984375,0.0,0.0,0.0,0.0,0.0,0.0,0.0,0.0,0.0,0.0
1,1,0.015625,0.984375,0.0,0.0,0.0,0.0,0.0,0.0,0.0,0.0,0.0,0.0
1,1,0.015625,0.984375,0.0,0.0,0.0,0.0,0.0,0.0,0.0,0.0,0.0,0.0
1,1,0.015625,0.984375,0.0,0.0,0.0,0.0,0.0,0.0,0.0,0.0,0.0,0.0
1,1,0.015625,0.984375,0.0,0.0,0.0,0.0,0.0,0.0,0.0,0.0,0.0,0.0
1,1,0.015625,0.984375,0.0,0.0,0.0,0.0,0.0,0.0,0.0,0.0,0.0,0.0
1,1,0.015625,0.984375,0.0,0.0,0.0,0.0,0.0,0.0,0.0,0.0,0.0,0.0
1,1,0.015625,0.984375,0.0,0.0,0.0,0.0,0.0,0.0,0.0,0.0,0.0,0.0
1,1,0.015625,0.984375,0.0,0.0,0.0,0.0,0.0,0.0,0.0,0.0,0.0,0.0
1,1,0.015625,0.984375,0.0,0.0,0.0,0.0,0.0,0.0,0.0,0.0,0.0,0.0
1,1,0.015625,0.984375,0.0,0.0,0.0,0.0,0.0,0.0,0.0,0.0,0.0,0.0
1,1,0.015625,0.984375,0.0,0.0,0.0,0.0,0.0,0.0,0.0,0.0,0.0,0.0
1,1,0.015625,0.984375,0.0,0.0,0.0,0.0,0.0,0.0,0.0,0.0,0.0,0.0
1,1,0.015625,0.984375,0.0,0.0,0.0,0.0,0.0,0.0,0.0,0.0,0.0,0.0
1,1,0.015625,0.984375,0.0,0.0,0.0,0.0,0.0,0.0,0.0,0.0,0.0,0.0
1,1,0.015625,0.984375,0.0,0.0,0.0,0.0,0.0,0.0,0.0,0.0,0.0,0.0
1,1,0.015625,0.984375,0.0,0.0,0.0,0.0,0.0,0.0,0.0,0.0,0.0,0.0
1,1,0.015625,0.984375,0.0,0.0,0.0,0.0,0.0,0.0,0.0,0.0,0.0,0.0
1,1,0.015625,0.984375,0.0,0.0,0.0,0.0,0.0,0.0,0.0,0.0,0.0,0.0
1,1,0.015625,0.984375,0.0,0.0,0.0,0.0,0.0,0.0,0.0,0.0,0.0,0.0
1,1,0.015625,0.984375,0.0,0.0,0.0,0.0,0.0,0.0,0.0,0.0,0.0,0.0
1,1,0.015625,0.984375,0.0,0.0,0.0,0.0,0.0,0.0,0.0,0.0,0.0,0.0
1,1,0.015625,0.984375,0.0,0.0,0.0,0.0,0.0,0.0,0.0,0.0,0.0,0.0
1,1,0.015625,0.984375,0.0,0.0,0.0,0.0,0.0,0.0,0.0,0.0,0.0,0.0
1,1,0.0,1.0,0.0,0.0,0.0,0.0,0.0,0.0,0.0,0.0,0.0,0.0
1,1,0.0,1.0,0.0,0.0,0.0,0.0,0.0,0.0,0.0,0.0,0.0,0.0
1,1,0.0,1.0,0.0,0.0,0.0,0.0,0.0,0.0,0.0,0.0,0.0,0.0
1,1,0.0,1.0,0.0,0.0,0.0,0.0,0.0,0.0,0.0,0.0,0.0,0.0
1,1,0.0,1.0,0.0,0.0,0.0,0.0,0.0,0.0,0.0,0.0,0.0,0.0
1,1,0.0,1.0,0.0,0.0,0.0,0.0,0.0,0.0,0.0,0.0,0.0,0.0
1,1,0.0,1.0,0.0,0.0,0.0,0.0,0.0,0.0,0.0,0.0,0.0,0.0
1,1,0.0,1.0,0.0,0.0,0.0,0.0,0.0,0.0,0.0,0.0,0.0,0.0
1,1,0.0,1.0,0.0,0.0,0.0,0.0,0.0,0.0,0.0,0.0,0.0,0.0
1,1,0.0,1.0,0.0,0.0,0.0,0.0,0.0,0.0,0.0,0.0,0.0,0.0
1,1,0.0,1.0,0.0,0.0,0.0,0.0,0.0,0.0,0.0,0.0,0.0,0.0
1,1,0.0,1.0,0.0,0.0,0.0,0.0,0.0,0.0,0.0,0.0,0.0,0.0
1,1,0.0,1.0,0.0,0.0,0.0,0.0,0.0,0.0,0.0,0.0,0.0,0.0
1,1,0.0,1.0,0.0,0.0,0.0,0.0,0.0,0.0,0.0,0.0,0.0,0.0
1,1,0.0,1.0,0.0,0.0,0.0,0.0,0.0,0.0,0.0,0.0,0.0,0.0
1,1,0.0,1.0,0.0,0.0,0.0,0.0,0.0,0.0,0.0,0.0,0.0,0.0
1,1,0.0,1.0,0.0,0.0,0.0,0.0,0.0,0.0,0.0,0.0,0.0,0.0
1,1,0.0,1.0,0.0,0.0,0.0,0.0,0.0,0.0,0.0,0.0,0.0,0.0
1,1,0.0,1.0,0.0,0.0,0.0,0.0,0.0,0.0,0.0,0.0,0.0,0.0
1,1,0.0,1.0,0.0,0.0,0.0,0.0,0.0,0.0,0.0,0.0,0.0,0.0
1,1,0.0,1.0,0.0,0.0,0.0,0.0,0.0,0.0,0.0,0.0,0.0,0.0
1,1,0.0,1.0,0.0,0.0,0.0,0.0,0.0,0.0,0.0,0.0,0.0,0.0
1,1,0.0,1.0,0.0,0.0,0.0,0.0,0.0,0.0,0.0,0.0,0.0,0.0
1,1,0.0,1.0,0.0,0.0,0.0,0.0,0.0,0.0,0.0,0.0,0.0,0.0
1,1,0.0,1.0,0.0,0.0,0.0,0.0,0.0,0.0,0.0,0.0,0.0,0.0
1,1,0.0,1.0,0.0,0.0,0.0,0.0,0.0,0.0,0.0,0.0,0.0,0.0
1,1,0.0,1.0,0.0,0.0,0.0,0.0,0.0,0.0,0.0,0.0,0.0,0.0
1,1,0.0,1.0,0.0,0.0,0.0,0.0,0.0,0.0,0.0,0.0,0.0,0.0
1,1,0.0,1.0,0.0,0.0,0.0,0.0,0.0,0.0,0.0,0.0,0.0,0.0
1,1,0.0,1.0,0.0,0.0,0.0,0.0,0.0,0.0,0.0,0.0,0.0,0.0
1,1,0.0,1.0,0.0,0.0,0.0,0.0,0.0,0.0,0.0,0.0,0.0,0.0
1,1,0.0,1.0,0.0,0.0,0.0,0.0,0.0,0.0,0.0,0.0,0.0,0.0
1,1,0.0,1.0,0.0,0.0,0.0,0.0,0.0,0.0,0.0,0.0,0.0,0.0
1,1,0.0,1.0,0.0,0.0,0.0,0.0,0.0,0.0,0.0,0.0,0.0,0.0
1,1,0.0,1.0,0.0,0.0,0.0,0.0,0.0,0.0,0.0,0.0,0.0,0.0
1,1,0.0,1.0,0.0,0.0,0.0,0.0,0.0,0.0,0.0,0.0,0.0,0.0
1,1,0.0,1.0,0.0,0.0,0.0,0.0,0.0,0.0,0.0,0.0,0.0,0.0
1,1,0.0,1.0,0.0,0.0,0.0,0.0,0.0,0.0,0.0,0.0,0.0,0.0
1,1,0.0,1.0,0.0,0.0,0.0,0.0,0.0,0.0,0.0,0.0,0.0,0.0
1,1,0.0,1.0,0.0,0.0,0.0,0.0,0.0,0.0,0.0,0.0,0.0,0.0
1,1,0.0,1.0,0.0,0.0,0.0,0.0,0.0,0.0,0.0,0.0,0.0,0.0
1,1,0.0,1.0,0.0,0.0,0.0,0.0,0.0,0.0,0.0,0.0,0.0,0.0
1,1,0.0,1.0,0.0,0.0,0.0,0.0,0.0,0.0,0.0,0.0,0.0,0.0
1,1,0.0,1.0,0.0,0.0,0.0,0.0,0.0,0.0,0.0,0.0,0.0,0.0
1,1,0.0,1.0,0.0,0.0,0.0,0.0,0.0,0.0,0.0,0.0,0.0,0.0
1,1,0.0,1.0,0.0,0.0,0.0,0.0,0.0,0.0,0.0,0.0,0.0,0.0
1,1,0.0,1.0,0.0,0.0,0.0,0.0,0.0,0.0,0.0,0.0,0.0,0.0
1,1,0.0,1.0,0.0,0.0,0.0,0.0,0.0,0.0,0.0,0.0,0.0,0.0
1,1,0.0,1.0,0.0,0.0,0.0,0.0,0.0,0.0,0.0,0.0,0.0,0.0
1,1,0.0,1.0,0.0,0.0,0.0,0.0,0.0,0.0,0.0,0.0,0.0,0.0
1,1,0.0,1.0,0.0,0.0,0.0,0.0,0.0,0.0,0.0,0.0,0.0,0.0
1,1,0.0,1.0,0.0,0.0,0.0,0.0,0.0,0.0,0.0,0.0,0.0,0.0
1,1,0.0,1.0,0.0,0.0,0.0,0.0,0.0,0.0,0.0,0.0,0.0,0.0
1,1,0.0,1.0,0.0,0.0,0.0,0.0,0.0,0.0,0.0,0.0,0.0,0.0
1,1,0.0,1.0,0.0,0.0,0.0,0.0,0.0,0.0,0.0,0.0,0.0,0.0
1,1,0.0,1.0,0.0,0.0,0.0,0.0,0.0,0.0,0.0,0.0,0.0,0.0
1,1,0.0,1.0,0.0,0.0,0.0,0.0,0.0,0.0,0.0,0.0,0.0,0.0
1,1,0.0,1.0,0.0,0.0,0.0,0.0,0.0,0.0,0.0,0.0,0.0,0.0
1,1,0.0,1.0,0.0,0.0,0.0,0.0,0.0,0.0,0.0,0.0,0.0,0.0
1,1,0.0,1.0,0.0,0.0,0.0,0.0,0.0,0.0,0.0,0.0,0.0,0.0
1,1,0.0,1.0,0.0,0.0,0.0,0.0,0.0,0.0,0.0,0.0,0.0,0.0
1,1,0.0,1.0,0.0,0.0,0.0,0.0,0.0,0.0,0.0,0.0,0.0,0.0
1,1,0.0,1.0,0.0,0.0,0.0,0.0,0.0,0.0,0.0,0.0,0.0,0.0
1,1,0.0,1.0,0.0,0.0,0.0,0.0,0.0,0.0,0.0,0.0,0.0,0.0
1,1,0.0,1.0,0.0,0.0,0.0,0.0,0.0,0.0,0.0,0.0,0.0,0.0
1,1,0.0,1.0,0.0,0.0,0.0,0.0,0.0,0.0,0.0,0.0,0.0,0.0
1,1,0.0,1.0,0.0,0.0,0.0,0.0,0.0,0.0,0.0,0.0,0.0,0.0
1,1,0.0,1.0,0.0,0.0,0.0,0.0,0.0,0.0,0.0,0.0,0.0,0.0
1,1,0.0,1.0,0.0,0.0,0.0,0.0,0.0,0.0,0.0,0.0,0.0,0.0
1,1,0.0,1.0,0.0,0.0,0.0,0.0,0.0,0.0,0.0,0.0,0.0,0.0
1,1,0.0,1.0,0.0,0.0,0.0,0.0,0.0,0.0,0.0,0.0,0.0,0.0
1,1,0.0,1.0,0.0,0.0,0.0,0.0,0.0,0.0,0.0,0.0,0.0,0.0
1,1,0.0,1.0,0.0,0.0,0.0,0.0,0.0,0.0,0.0,0.0,0.0,0.0
1,1,0.0,1.0,0.0,0.0,0.0,0.0,0.0,0.0,0.0,0.0,0.0,0.0
1,1,0.0,1.0,0.0,0.0,0.0,0.0,0.0,0.0,0.0,0.0,0.0,0.0
1,1,0.0,1.0,0.0,0.0,0.0,0.0,0.0,0.0,0.0,0.0,0.0,0.0
1,1,0.0,1.0,0.0,0.0,0.0,0.0,0.0,0.0,0.0,0.0,0.0,0.0
1,1,0.0,1.0,0.0,0.0,0.0,0.0,0.0,0.0,0.0,0.0,0.0,0.0
1,1,0.0,1.0,0.0,0.0,0.0,0.0,0.0,0.0,0.0,0.0,0.0,0.0
1,1,0.0,1.0,0.0,0.0,0.0,0.0,0.0,0.0,0.0,0.0,0.0,0.0
1,1,0.0,1.0,0.0,0.0,0.0,0.0,0.0,0.0,0.0,0.0,0.0,0.0
1,1,0.0,1.0,0.0,0.0,0.0,0.0,0.0,0.0,0.0,0.0,0.0,0.0
1,1,0.0,1.0,0.0,0.0,0.0,0.0,0.0,0.0,0.0,0.0,0.0,0.0
1,1,0.0,1.0,0.0,0.0,0.0,0.0,0.0,0.0,0.0,0.0,0.0,0.0
1,1,0.0,1.0,0.0,0.0,0.0,0.0,0.0,0.0,0.0,0.0,0.0,0.0
1,1,0.0,1.0,0.0,0.0,0.0,0.0,0.0,0.0,0.0,0.0,0.0,0.0
1,1,0.0,1.0,0.0,0.0,0.0,0.0,0.0,0.0,0.0,0.0,0.0,0.0
1,1,0.0,1.0,0.0,0.0,0.0,0.0,0.0,0.0,0.0,0.0,0.0,0.0
1,1,0.0,1.0,0.0,0.0,0.0,0.0,0.0,0.0,0.0,0.0,0.0,0.0
1,1,0.0,1.0,0.0,0.0,0.0,0.0,0.0,0.0,0.0,0.0,0.0,0.0
1,1,0.0,1.0,0.0,0.0,0.0,0.0,0.0,0.0,0.0,0.0,0.0,0.0
1,1,0.0,1.0,0.0,0.0,0.0,0.0,0.0,0.0,0.0,0.0,0.0,0.0
1,1,0.0,1.0,0.0,0.0,0.0,0.0,0.0,0.0,0.0,0.0,0.0,0.0
1,1,0.0,1.0,0.0,0.0,0.0,0.0,0.0,0.0,0.0,0.0,0.0,0.0
1,1,0.0,1.0,0.0,0.0,0.0,0.0,0.0,0.0,0.0,0.0,0.0,0.0
1,1,0.0,1.0,0.0,0.0,0.0,0.0,0.0,0.0,0.0,0.0,0.0,0.0
1,1,0.0,1.0,0.0,0.0,0.0,0.0,0.0,0.0,0.0,0.0,0.0,0.0
1,1,0.0,1.0,0.0,0.0,0.0,0.0,0.0,0.0,0.0,0.0,0.0,0.0
1,1,0.0,1.0,0.0,0.0,0.0,0.0,0.0,0.0,0.0,0.0,0.0,0.0
1,1,0.0,1.0,0.0,0.0,0.0,0.0,0.0,0.0,0.0,0.0,0.0,0.0
1,1,0.0,1.0,0.0,0.0,0.0,0.0,0.0,0.0,0.0,0.0,0.0,0.0
1,1,0.0,1.0,0.0,0.0,0.0,0.0,0.0,0.0,0.0,0.0,0.0,0.0
1,1,0.0,1.0,0.0,0.0,0.0,0.0,0.0,0.0,0.0,0.0,0.0,0.0
1,1,0.0,1.0,0.0,0.0,0.0,0.0,0.0,0.0,0.0,0.0,0.0,0.0
1,1,0.0,1.0,0.0,0.0,0.0,0.0,0.0,0.0,0.0,0.0,0.0,0.0
1,1,0.0,1.0,0.0,0.0,0.0,0.0,0.0,0.0,0.0,0.0,0.0,0.0
1,1,0.0,1.0,0.0,0.0,0.0,0.0,0.0,0.0,0.0,0.0,0.0,0.0
1,1,0.0,1.0,0.0,0.0,0.0,0.0,0.0,0.0,0.0,0.0,0.0,0.0
1,1,0.0,1.0,0.0,0.0,0.0,0.0,0.0,0.0,0.0,0.0,0.0,0.0
1,1,0.0,1.0,0.0,0.0,0.0,0.0,0.0,0.0,0.0,0.0,0.0,0.0
1,1,0.0,1.0,0.0,0.0,0.0,0.0,0.0,0.0,0.0,0.0,0.0,0.0
1,1,0.0,1.0,0.0,0.0,0.0,0.0,0.0,0.0,0.0,0.0,0.0,0.0
1,1,0.0,1.0,0.0,0.0,0.0,0.0,0.0,0.0,0.0,0.0,0.0,0.0
1,1,0.0,1.0,0.0,0.0,0.0,0.0,0.0,0.0,0.0,0.0,0.0,0.0
1,1,0.0,1.0,0.0,0.0,0.0,0.0,0.0,0.0,0.0,0.0,0.0,0.0
1,1,0.0,1.0,0.0,0.0,0.0,0.0,0.0,0.0,0.0,0.0,0.0,0.0
1,1,0.0,1.0,0.0,0.0,0.0,0.0,0.0,0.0,0.0,0.0,0.0,0.0
1,1,0.0,1.0,0.0,0.0,0.0,0.0,0.0,0.0,0.0,0.0,0.0,0.0
1,1,0.0,1.0,0.0,0.0,0.0,0.0,0.0,0.0,0.0,0.0,0.0,0.0
1,1,0.0,1.0,0.0,0.0,0.0,0.0,0.0,0.0,0.0,0.0,0.0,0.0
1,1,0.0,1.0,0.0,0.0,0.0,0.0,0.0,0.0,0.0,0.0,0.0,0.0
1,1,0.0,1.0,0.0,0.0,0.0,0.0,0.0,0.0,0.0,0.0,0.0,0.0
1,1,0.0,1.0,0.0,0.0,0.0,0.0,0.0,0.0,0.0,0.0,0.0,0.0
1,1,0.0,1.0,0.0,0.0,0.0,0.0,0.0,0.0,0.0,0.0,0.0,0.0
1,1,0.0,1.0,0.0,0.0,0.0,0.0,0.0,0.0,0.0,0.0,0.0,0.0
1,1,0.0,1.0,0.0,0.0,0.0,0.0,0.0,0.0,0.0,0.0,0.0,0.0
1,1,0.0,1.0,0.0,0.0,0.0,0.0,0.0,0.0,0.0,0.0,0.0,0.0
1,1,0.0,1.0,0.0,0.0,0.0,0.0,0.0,0.0,0.0,0.0,0.0,0.0
1,1,0.0,1.0,0.0,0.0,0.0,0.0,0.0,0.0,0.0,0.0,0.0,0.0
1,1,0.0,1.0,0.0,0.0,0.0,0.0,0.0,0.0,0.0,0.0,0.0,0.0
1,1,0.0,1.0,0.0,0.0,0.0,0.0,0.0,0.0,0.0,0.0,0.0,0.0
1,1,0.0,1.0,0.0,0.0,0.0,0.0,0.0,0.0,0.0,0.0,0.0,0.0
1,1,0.0,1.0,0.0,0.0,0.0,0.0,0.0,0.0,0.0,0.0,0.0,0.0
1,1,0.0,1.0,0.0,0.0,0.0,0.0,0.0,0.0,0.0,0.0,0.0,0.0
1,1,0.0,1.0,0.0,0.0,0.0,0.0,0.0,0.0,0.0,0.0,0.0,0.0
1,1,0.0,1.0,0.0,0.0,0.0,0.0,0.0,0.0,0.0,0.0,0.0,0.0
1,1,0.0,1.0,0.0,0.0,0.0,0.0,0.0,0.0,0.0,0.0,0.0,0.0
1,1,0.0,1.0,0.0,0.0,0.0,0.0,0.0,0.0,0.0,0.0,0.0,0.0
1,1,0.0,1.0,0.0,0.0,0.0,0.0,0.0,0.0,0.0,0.0,0.0,0.0
1,1,0.0,1.0,0.0,0.0,0.0,0.0,0.0,0.0,0.0,0.0,0.0,0.0
1,1,0.0,1.0,0.0,0.0,0.0,0.0,0.0,0.0,0.0,0.0,0.0,0.0
1,1,0.0,1.0,0.0,0.0,0.0,0.0,0.0,0.0,0.0,0.0,0.0,0.0
1,1,0.0,1.0,0.0,0.0,0.0,0.0,0.0,0.0,0.0,0.0,0.0,0.0
1,1,0.0,1.0,0.0,0.0,0.0,0.0,0.0,0.0,0.0,0.0,0.0,0.0
1,1,0.0,1.0,0.0,0.0,0.0,0.0,0.0,0.0,0.0,0.0,0.0,0.0
1,1,0.0,1.0,0.0,0.0,0.0,0.0,0.0,0.0,0.0,0.0,0.0,0.0
1,1,0.0,1.0,0.0,0.0,0.0,0.0,0.0,0.0,0.0,0.0,0.0,0.0
1,1,0.0,1.0,0.0,0.0,0.0,0.0,0.0,0.0,0.0,0.0,0.0,0.0
1,1,0.0,1.0,0.0,0.0,0.0,0.0,0.0,0.0,0.0,0.0,0.0,0.0
1,1,0.0,1.0,0.0,0.0,0.0,0.0,0.0,0.0,0.0,0.0,0.0,0.0
1,1,0.0,1.0,0.0,0.0,0.0,0.0,0.0,0.0,0.0,0.0,0.0,0.0
1,1,0.0,1.0,0.0,0.0,0.0,0.0,0.0,0.0,0.0,0.0,0.0,0.0
1,1,0.0,1.0,0.0,0.0,0.0,0.0,0.0,0.0,0.0,0.0,0.0,0.0
1,1,0.0,1.0,0.0,0.0,0.0,0.0,0.0,0.0,0.0,0.0,0.0,0.0
1,1,0.0,1.0,0.0,0.0,0.0,0.0,0.0,0.0,0.0,0.0,0.0,0.0
1,1,0.0,1.0,0.0,0.0,0.0,0.0,0.0,0.0,0.0,0.0,0.0,0.0
1,1,0.0,1.0,0.0,0.0,0.0,0.0,0.0,0.0,0.0,0.0,0.0,0.0
1,1,0.0,1.0,0.0,0.0,0.0,0.0,0.0,0.0,0.0,0.0,0.0,0.0
1,1,0.0,1.0,0.0,0.0,0.0,0.0,0.0,0.0,0.0,0.0,0.0,0.0
1,1,0.0,1.0,0.0,0.0,0.0,0.0,0.0,0.0,0.0,0.0,0.0,0.0
1,1,0.0,1.0,0.0,0.0,0.0,0.0,0.0,0.0,0.0,0.0,0.0,0.0
1,1,0.0,1.0,0.0,0.0,0.0,0.0,0.0,0.0,0.0,0.0,0.0,0.0
1,1,0.0,1.0,0.0,0.0,0.0,0.0,0.0,0.0,0.0,0.0,0.0,0.0
1,1,0.0,1.0,0.0,0.0,0.0,0.0,0.0,0.0,0.0,0.0,0.0,0.0
1,1,0.0,1.0,0.0,0.0,0.0,0.0,0.0,0.0,0.0,0.0,0.0,0.0
1,1,0.0,1.0,0.0,0.0,0.0,0.0,0.0,0.0,0.0,0.0,0.0,0.0
1,1,0.0,1.0,0.0,0.0,0.0,0.0,0.0,0.0,0.0,0.0,0.0,0.0
1,1,0.0,1.0,0.0,0.0,0.0,0.0,0.0,0.0,0.0,0.0,0.0,0.0
1,1,0.0,1.0,0.0,0.0,0.0,0.0,0.0,0.0,0.0,0.0,0.0,0.0
1,1,0.0,1.0,0.0,0.0,0.0,0.0,0.0,0.0,0.0,0.0,0.0,0.0
1,1,0.0,1.0,0.0,0.0,0.0,0.0,0.0,0.0,0.0,0.0,0.0,0.0
1,1,0.0,1.0,0.0,0.0,0.0,0.0,0.0,0.0,0.0,0.0,0.0,0.0
1,1,0.0,1.0,0.0,0.0,0.0,0.0,0.0,0.0,0.0,0.0,0.0,0.0
1,1,0.0,1.0,0.0,0.0,0.0,0.0,0.0,0.0,0.0,0.0,0.0,0.0
1,1,0.0,1.0,0.0,0.0,0.0,0.0,0.0,0.0,0.0,0.0,0.0,0.0
1,1,0.0,1.0,0.0,0.0,0.0,0.0,0.0,0.0,0.0,0.0,0.0,0.0
1,1,0.0,1.0,0.0,0.0,0.0,0.0,0.0,0.0,0.0,0.0,0.0,0.0
1,1,0.0,1.0,0.0,0.0,0.0,0.0,0.0,0.0,0.0,0.0,0.0,0.0
1,1,0.0,1.0,0.0,0.0,0.0,0.0,0.0,0.0,0.0,0.0,0.0,0.0
1,1,0.0,1.0,0.0,0.0,0.0,0.0,0.0,0.0,0.0,0.0,0.0,0.0
1,1,0.0,1.0,0.0,0.0,0.0,0.0,0.0,0.0,0.0,0.0,0.0,0.0
1,1,0.0,1.0,0.0,0.0,0.0,0.0,0.0,0.0,0.0,0.0,0.0,0.0
1,1,0.0,1.0,0.0,0.0,0.0,0.0,0.0,0.0,0.0,0.0,0.0,0.0
1,1,0.0,1.0,0.0,0.0,0.0,0.0,0.0,0.0,0.0,0.0,0.0,0.0
1,1,0.0,1.0,0.0,0.0,0.0,0.0,0.0,0.0,0.0,0.0,0.0,0.0
1,1,0.0,1.0,0.0,0.0,0.0,0.0,0.0,0.0,0.0,0.0,0.0,0.0
1,1,0.0,1.0,0.0,0.0,0.0,0.0,0.0,0.0,0.0,0.0,0.0,0.0
1,1,0.0,1.0,0.0,0.0,0.0,0.0,0.0,0.0,0.0,0.0,0.0,0.0
1,1,0.0,1.0,0.0,0.0,0.0,0.0,0.0,0.0,0.0,0.0,0.0,0.0
1,1,0.0,1.0,0.0,0.0,0.0,0.0,0.0,0.0,0.0,0.0,0.0,0.0
1,1,0.0,1.0,0.0,0.0,0.0,0.0,0.0,0.0,0.0,0.0,0.0,0.0
1,1,0.0,1.0,0.0,0.0,0.0,0.0,0.0,0.0,0.0,0.0,0.0,0.0
1,1,0.0,1.0,0.0,0.0,0.0,0.0,0.0,0.0,0.0,0.0,0.0,0.0
1,1,0.0,1.0,0.0,0.0,0.0,0.0,0.0,0.0,0.0,0.0,0.0,0.0
1,1,0.0,1.0,0.0,0.0,0.0,0.0,0.0,0.0,0.0,0.0,0.0,0.0
1,1,0.0,1.0,0.0,0.0,0.0,0.0,0.0,0.0,0.0,0.0,0.0,0.0
1,1,0.0,1.0,0.0,0.0,0.0,0.0,0.0,0.0,0.0,0.0,0.0,0.0
1,1,0.0,1.0,0.0,0.0,0.0,0.0,0.0,0.0,0.0,0.0,0.0,0.0
1,1,0.0,1.0,0.0,0.0,0.0,0.0,0.0,0.0,0.0,0.0,0.0,0.0
1,1,0.0,1.0,0.0,0.0,0.0,0.0,0.0,0.0,0.0,0.0,0.0,0.0
1,1,0.0,1.0,0.0,0.0,0.0,0.0,0.0,0.0,0.0,0.0,0.0,0.0
1,1,0.0,1.0,0.0,0.0,0.0,0.0,0.0,0.0,0.0,0.0,0.0,0.0
1,1,0.0,1.0,0.0,0.0,0.0,0.0,0.0,0.0,0.0,0.0,0.0,0.0
1,1,0.0,1.0,0.0,0.0,0.0,0.0,0.0,0.0,0.0,0.0,0.0,0.0
1,1,0.0,1.0,0.0,0.0,0.0,0.0,0.0,0.0,0.0,0.0,0.0,0.0
1,1,0.0,1.0,0.0,0.0,0.0,0.0,0.0,0.0,0.0,0.0,0.0,0.0
1,1,0.0,1.0,0.0,0.0,0.0,0.0,0.0,0.0,0.0,0.0,0.0,0.0
1,1,0.0,1.0,0.0,0.0,0.0,0.0,0.0,0.0,0.0,0.0,0.0,0.0
1,1,0.0,1.0,0.0,0.0,0.0,0.0,0.0,0.0,0.0,0.0,0.0,0.0
1,1,0.0,1.0,0.0,0.0,0.0,0.0,0.0,0.0,0.0,0.0,0.0,0.0
1,1,0.0,1.0,0.0,0.0,0.0,0.0,0.0,0.0,0.0,0.0,0.0,0.0
1,1,0.0,1.0,0.0,0.0,0.0,0.0,0.0,0.0,0.0,0.0,0.0,0.0
1,1,0.0,1.0,0.0,0.0,0.0,0.0,0.0,0.0,0.0,0.0,0.0,0.0
1,1,0.0,1.0,0.0,0.0,0.0,0.0,0.0,0.0,0.0,0.0,0.0,0.0
1,1,0.0,1.0,0.0,0.0,0.0,0.0,0.0,0.0,0.0,0.0,0.0,0.0
1,1,0.0,1.0,0.0,0.0,0.0,0.0,0.0,0.0,0.0,0.0,0.0,0.0
1,1,0.0,1.0,0.0,0.0,0.0,0.0,0.0,0.0,0.0,0.0,0.0,0.0
1,1,0.0,1.0,0.0,0.0,0.0,0.0,0.0,0.0,0.0,0.0,0.0,0.0
1,1,0.0,1.0,0.0,0.0,0.0,0.0,0.0,0.0,0.0,0.0,0.0,0.0
1,1,0.0,1.0,0.0,0.0,0.0,0.0,0.0,0.0,0.0,0.0,0.0,0.0
1,1,0.0,1.0,0.0,0.0,0.0,0.0,0.0,0.0,0.0,0.0,0.0,0.0
1,1,0.0,1.0,0.0,0.0,0.0,0.0,0.0,0.0,0.0,0.0,0.0,0.0
1,1,0.0,1.0,0.0,0.0,0.0,0.0,0.0,0.0,0.0,0.0,0.0,0.0
1,1,0.0,1.0,0.0,0.0,0.0,0.0,0.0,0.0,0.0,0.0,0.0,0.0
1,1,0.0,1.0,0.0,0.0,0.0,0.0,0.0,0.0,0.0,0.0,0.0,0.0
1,1,0.0,1.0,0.0,0.0,0.0,0.0,0.0,0.0,0.0,0.0,0.0,0.0
1,1,0.0,1.0,0.0,0.0,0.0,0.0,0.0,0.0,0.0,0.0,0.0,0.0
1,1,0.0,1.0,0.0,0.0,0.0,0.0,0.0,0.0,0.0,0.0,0.0,0.0
1,1,0.0,1.0,0.0,0.0,0.0,0.0,0.0,0.0,0.0,0.0,0.0,0.0
1,1,0.0,1.0,0.0,0.0,0.0,0.0,0.0,0.0,0.0,0.0,0.0,0.0
1,1,0.0,1.0,0.0,0.0,0.0,0.0,0.0,0.0,0.0,0.0,0.0,0.0
1,1,0.0,1.0,0.0,0.0,0.0,0.0,0.0,0.0,0.0,0.0,0.0,0.0
1,1,0.0,1.0,0.0,0.0,0.0,0.0,0.0,0.0,0.0,0.0,0.0,0.0
1,1,0.0,1.0,0.0,0.0,0.0,0.0,0.0,0.0,0.0,0.0,0.0,0.0
1,1,0.0,1.0,0.0,0.0,0.0,0.0,0.0,0.0,0.0,0.0,0.0,0.0
1,1,0.0,1.0,0.0,0.0,0.0,0.0,0.0,0.0,0.0,0.0,0.0,0.0
1,1,0.0,1.0,0.0,0.0,0.0,0.0,0.0,0.0,0.0,0.0,0.0,0.0
1,1,0.0,1.0,0.0,0.0,0.0,0.0,0.0,0.0,0.0,0.0,0.0,0.0
1,1,0.0,1.0,0.0,0.0,0.0,0.0,0.0,0.0,0.0,0.0,0.0,0.0
1,1,0.0,1.0,0.0,0.0,0.0,0.0,0.0,0.0,0.0,0.0,0.0,0.0
1,1,0.0,1.0,0.0,0.0,0.0,0.0,0.0,0.0,0.0,0.0,0.0,0.0
1,1,0.0,1.0,0.0,0.0,0.0,0.0,0.0,0.0,0.0,0.0,0.0,0.0
1,1,0.0,1.0,0.0,0.0,0.0,0.0,0.0,0.0,0.0,0.0,0.0,0.0
1,1,0.0,1.0,0.0,0.0,0.0,0.0,0.0,0.0,0.0,0.0,0.0,0.0
1,1,0.0,1.0,0.0,0.0,0.0,0.0,0.0,0.0,0.0,0.0,0.0,0.0
1,1,0.0,1.0,0.0,0.0,0.0,0.0,0.0,0.0,0.0,0.0,0.0,0.0
1,1,0.0,1.0,0.0,0.0,0.0,0.0,0.0,0.0,0.0,0.0,0.0,0.0
1,1,0.0,1.0,0.0,0.0,0.0,0.0,0.0,0.0,0.0,0.0,0.0,0.0
1,1,0.0,1.0,0.0,0.0,0.0,0.0,0.0,0.0,0.0,0.0,0.0,0.0
1,1,0.0,1.0,0.0,0.0,0.0,0.0,0.0,0.0,0.0,0.0,0.0,0.0
1,1,0.0,1.0,0.0,0.0,0.0,0.0,0.0,0.0,0.0,0.0,0.0,0.0
1,1,0.0,1.0,0.0,0.0,0.0,0.0,0.0,0.0,0.0,0.0,0.0,0.0
1,1,0.0,1.0,0.0,0.0,0.0,0.0,0.0,0.0,0.0,0.0,0.0,0.0
1,1,0.0,1.0,0.0,0.0,0.0,0.0,0.0,0.0,0.0,0.0,0.0,0.0
1,1,0.0,1.0,0.0,0.0,0.0,0.0,0.0,0.0,0.0,0.0,0.0,0.0
1,1,0.0,1.0,0.0,0.0,0.0,0.0,0.0,0.0,0.0,0.0,0.0,0.0
1,1,0.0,1.0,0.0,0.0,0.0,0.0,0.0,0.0,0.0,0.0,0.0,0.0
1,1,0.0,1.0,0.0,0.0,0.0,0.0,0.0,0.0,0.0,0.0,0.0,0.0
1,1,0.0,1.0,0.0,0.0,0.0,0.0,0.0,0.0,0.0,0.0,0.0,0.0
1,1,0.0,1.0,0.0,0.0,0.0,0.0,0.0,0.0,0.0,0.0,0.0,0.0
1,1,0.0,1.0,0.0,0.0,0.0,0.0,0.0,0.0,0.0,0.0,0.0,0.0
1,1,0.0,1.0,0.0,0.0,0.0,0.0,0.0,0.0,0.0,0.0,0.0,0.0
1,1,0.0,1.0,0.0,0.0,0.0,0.0,0.0,0.0,0.0,0.0,0.0,0.0
1,1,0.0,1.0,0.0,0.0,0.0,0.0,0.0,0.0,0.0,0.0,0.0,0.0
1,1,0.015625,0.984375,0.0,0.0,0.0,0.0,0.0,0.0,0.0,0.0,0.0,0.0
1,1,0.015625,0.984375,0.0,0.0,0.0,0.0,0.0,0.0,0.0,0.0,0.0,0.0
1,1,0.015625,0.984375,0.0,0.0,0.0,0.0,0.0,0.0,0.0,0.0,0.0,0.0
1,1,0.015625,0.984375,0.0,0.0,0.0,0.0,0.0,0.0,0.0,0.0,0.0,0.0
1,1,0.015625,0.984375,0.0,0.0,0.0,0.0,0.0,0.0,0.0,0.0,0.0,0.0
1,1,0.015625,0.984375,0.0,0.0,0.0,0.0,0.0,0.0,0.0,0.0,0.0,0.0
1,1,0.015625,0.984375,0.0,0.0,0.0,0.0,0.0,0.0,0.0,0.0,0.0,0.0
1,1,0.015625,0.984375,0.0,0.0,0.0,0.0,0.0,0.0,0.0,0.0,0.0,0.0
1,1,0.015625,0.984375,0.0,0.0,0.0,0.0,0.0,0.0,0.0,0.0,0.0,0.0
1,1,0.015625,0.984375,0.0,0.0,0.0,0.0,0.0,0.0,0.0,0.0,0.0,0.0
1,1,0.015625,0.984375,0.0,0.0,0.0,0.0,0.0,0.0,0.0,0.0,0.0,0.0
1,1,0.015625,0.984375,0.0,0.0,0.0,0.0,0.0,0.0,0.0,0.0,0.0,0.0
1,1,0.015625,0.984375,0.0,0.0,0.0,0.0,0.0,0.0,0.0,0.0,0.0,0.0
1,1,0.015625,0.984375,0.0,0.0,0.0,0.0,0.0,0.0,0.0,0.0,0.0,0.0
1,1,0.015625,0.984375,0.0,0.0,0.0,0.0,0.0,0.0,0.0,0.0,0.0,0.0
1,1,0.015625,0.984375,0.0,0.0,0.0,0.0,0.0,0.0,0.0,0.0,0.0,0.0
1,1,0.015625,0.984375,0.0,0.0,0.0,0.0,0.0,0.0,0.0,0.0,0.0,0.0
1,1,0.015625,0.984375,0.0,0.0,0.0,0.0,0.0,0.0,0.0,0.0,0.0,0.0
1,1,0.015625,0.984375,0.0,0.0,0.0,0.0,0.0,0.0,0.0,0.0,0.0,0.0
1,1,0.015625,0.984375,0.0,0.0,0.0,0.0,0.0,0.0,0.0,0.0,0.0,0.0
1,1,0.015625,0.984375,0.0,0.0,0.0,0.0,0.0,0.0,0.0,0.0,0.0,0.0
1,1,0.015625,0.984375,0.0,0.0,0.0,0.0,0.0,0.0,0.0,0.0,0.0,0.0
1,1,0.015625,0.984375,0.0,0.0,0.0,0.0,0.0,0.0,0.0,0.0,0.0,0.0
1,1,0.015625,0.984375,0.0,0.0,0.0,0.0,0.0,0.0,0.0,0.0,0.0,0.0
1,1,0.015625,0.984375,0.0,0.0,0.0,0.0,0.0,0.0,0.0,0.0,0.0,0.0
1,1,0.015625,0.984375,0.0,0.0,0.0,0.0,0.0,0.0,0.0,0.0,0.0,0.0
1,1,0.015625,0.984375,0.0,0.0,0.0,0.0,0.0,0.0,0.0,0.0,0.0,0.0
1,1,0.015625,0.984375,0.0,0.0,0.0,0.0,0.0,0.0,0.0,0.0,0.0,0.0
1,1,0.015625,0.984375,0.0,0.0,0.0,0.0,0.0,0.0,0.0,0.0,0.0,0.0
1,1,0.015625,0.984375,0.0,0.0,0.0,0.0,0.0,0.0,0.0,0.0,0.0,0.0
1,1,0.015625,0.984375,0.0,0.0,0.0,0.0,0.0,0.0,0.0,0.0,0.0,0.0
1,1,0.015625,0.984375,0.0,0.0,0.0,0.0,0.0,0.0,0.0,0.0,0.0,0.0
1,1,0.015625,0.984375,0.0,0.0,0.0,0.0,0.0,0.0,0.0,0.0,0.0,0.0
1,1,0.015625,0.984375,0.0,0.0,0.0,0.0,0.0,0.0,0.0,0.0,0.0,0.0
1,1,0.015625,0.984375,0.0,0.0,0.0,0.0,0.0,0.0,0.0,0.0,0.0,0.0
1,1,0.015625,0.984375,0.0,0.0,0.0,0.0,0.0,0.0,0.0,0.0,0.0,0.0
1,1,0.015625,0.984375,0.0,0.0,0.0,0.0,0.0,0.0,0.0,0.0,0.0,0.0
1,1,0.015625,0.984375,0.0,0.0,0.0,0.0,0.0,0.0,0.0,0.0,0.0,0.0
1,1,0.015625,0.984375,0.0,0.0,0.0,0.0,0.0,0.0,0.0,0.0,0.0,0.0
1,1,0.015625,0.984375,0.0,0.0,0.0,0.0,0.0,0.0,0.0,0.0,0.0,0.0
1,1,0.015625,0.984375,0.0,0.0,0.0,0.0,0.0,0.0,0.0,0.0,0.0,0.0
1,1,0.015625,0.984375,0.0,0.0,0.0,0.0,0.0,0.0,0.0,0.0,0.0,0.0
1,1,0.015625,0.984375,0.0,0.0,0.0,0.0,0.0,0.0,0.0,0.0,0.0,0.0
1,1,0.015625,0.984375,0.0,0.0,0.0,0.0,0.0,0.0,0.0,0.0,0.0,0.0
1,1,0.015625,0.984375,0.0,0.0,0.0,0.0,0.0,0.0,0.0,0.0,0.0,0.0
1,1,0.015625,0.984375,0.0,0.0,0.0,0.0,0.0,0.0,0.0,0.0,0.0,0.0
1,1,0.015625,0.984375,0.0,0.0,0.0,0.0,0.0,0.0,0.0,0.0,0.0,0.0
1,1,0.015625,0.984375,0.0,0.0,0.0,0.0,0.0,0.0,0.0,0.0,0.0,0.0
1,1,0.015625,0.984375,0.0,0.0,0.0,0.0,0.0,0.0,0.0,0.0,0.0,0.0
1,1,0.015625,0.984375,0.0,0.0,0.0,0.0,0.0,0.0,0.0,0.0,0.0,0.0
1,1,0.015625,0.984375,0.0,0.0,0.0,0.0,0.0,0.0,0.0,0.0,0.0,0.0
1,1,0.015625,0.984375,0.0,0.0,0.0,0.0,0.0,0.0,0.0,0.0,0.0,0.0
1,1,0.015625,0.984375,0.0,0.0,0.0,0.0,0.0,0.0,0.0,0.0,0.0,0.0
1,1,0.015625,0.984375,0.0,0.0,0.0,0.0,0.0,0.0,0.0,0.0,0.0,0.0
1,1,0.015625,0.984375,0.0,0.0,0.0,0.0,0.0,0.0,0.0,0.0,0.0,0.0
1,1,0.015625,0.984375,0.0,0.0,0.0,0.0,0.0,0.0,0.0,0.0,0.0,0.0
1,1,0.015625,0.984375,0.0,0.0,0.0,0.0,0.0,0.0,0.0,0.0,0.0,0.0
1,1,0.015625,0.984375,0.0,0.0,0.0,0.0,0.0,0.0,0.0,0.0,0.0,0.0
1,1,0.015625,0.984375,0.0,0.0,0.0,0.0,0.0,0.0,0.0,0.0,0.0,0.0
1,1,0.015625,0.984375,0.0,0.0,0.0,0.0,0.0,0.0,0.0,0.0,0.0,0.0
1,1,0.015625,0.984375,0.0,0.0,0.0,0.0,0.0,0.0,0.0,0.0,0.0,0.0
1,1,0.015625,0.984375,0.0,0.0,0.0,0.0,0.0,0.0,0.0,0.0,0.0,0.0
1,1,0.015625,0.984375,0.0,0.0,0.0,0.0,0.0,0.0,0.0,0.0,0.0,0.0
1,1,0.015625,0.984375,0.0,0.0,0.0,0.0,0.0,0.0,0.0,0.0,0.0,0.0
1,1,0.015625,0.984375,0.0,0.0,0.0,0.0,0.0,0.0,0.0,0.0,0.0,0.0
1,1,0.015625,0.984375,0.0,0.0,0.0,0.0,0.0,0.0,0.0,0.0,0.0,0.0
1,1,0.015625,0.984375,0.0,0.0,0.0,0.0,0.0,0.0,0.0,0.0,0.0,0.0
1,1,0.015625,0.984375,0.0,0.0,0.0,0.0,0.0,0.0,0.0,0.0,0.0,0.0
1,1,0.015625,0.984375,0.0,0.0,0.0,0.0,0.0,0.0,0.0,0.0,0.0,0.0
1,1,0.015625,0.984375,0.0,0.0,0.0,0.0,0.0,0.0,0.0,0.0,0.0,0.0
1,1,0.015625,0.984375,0.0,0.0,0.0,0.0,0.0,0.0,0.0,0.0,0.0,0.0
1,1,0.015625,0.984375,0.0,0.0,0.0,0.0,0.0,0.0,0.0,0.0,0.0,0.0
1,1,0.015625,0.984375,0.0,0.0,0.0,0.0,0.0,0.0,0.0,0.0,0.0,0.0
1,1,0.015625,0.984375,0.0,0.0,0.0,0.0,0.0,0.0,0.0,0.0,0.0,0.0
1,1,0.015625,0.984375,0.0,0.0,0.0,0.0,0.0,0.0,0.0,0.0,0.0,0.0
1,1,0.015625,0.984375,0.0,0.0,0.0,0.0,0.0,0.0,0.0,0.0,0.0,0.0
1,1,0.015625,0.984375,0.0,0.0,0.0,0.0,0.0,0.0,0.0,0.0,0.0,0.0
1,1,0.015625,0.984375,0.0,0.0,0.0,0.0,0.0,0.0,0.0,0.0,0.0,0.0
1,1,0.015625,0.984375,0.0,0.0,0.0,0.0,0.0,0.0,0.0,0.0,0.0,0.0
1,1,0.015625,0.984375,0.0,0.0,0.0,0.0,0.0,0.0,0.0,0.0,0.0,0.0
1,1,0.015625,0.984375,0.0,0.0,0.0,0.0,0.0,0.0,0.0,0.0,0.0,0.0
1,1,0.015625,0.984375,0.0,0.0,0.0,0.0,0.0,0.0,0.0,0.0,0.0,0.0
1,1,0.015625,0.984375,0.0,0.0,0.0,0.0,0.0,0.0,0.0,0.0,0.0,0.0
1,1,0.015625,0.984375,0.0,0.0,0.0,0.0,0.0,0.0,0.0,0.0,0.0,0.0
1,1,0.015625,0.984375,0.0,0.0,0.0,0.0,0.0,0.0,0.0,0.0,0.0,0.0
1,1,0.015625,0.984375,0.0,0.0,0.0,0.0,0.0,0.0,0.0,0.0,0.0,0.0
1,1,0.015625,0.984375,0.0,0.0,0.0,0.0,0.0,0.0,0.0,0.0,0.0,0.0
1,1,0.015625,0.984375,0.0,0.0,0.0,0.0,0.0,0.0,0.0,0.0,0.0,0.0
1,1,0.015625,0.984375,0.0,0.0,0.0,0.0,0.0,0.0,0.0,0.0,0.0,0.0
1,1,0.015625,0.984375,0.0,0.0,0.0,0.0,0.0,0.0,0.0,0.0,0.0,0.0
1,1,0.015625,0.984375,0.0,0.0,0.0,0.0,0.0,0.0,0.0,0.0,0.0,0.0
1,1,0.015625,0.984375,0.0,0.0,0.0,0.0,0.0,0.0,0.0,0.0,0.0,0.0
1,1,0.015625,0.984375,0.0,0.0,0.0,0.0,0.0,0.0,0.0,0.0,0.0,0.0
1,1,0.015625,0.984375,0.0,0.0,0.0,0.0,0.0,0.0,0.0,0.0,0.0,0.0
1,1,0.015625,0.984375,0.0,0.0,0.0,0.0,0.0,0.0,0.0,0.0,0.0,0.0
1,1,0.015625,0.984375,0.0,0.0,0.0,0.0,0.0,0.0,0.0,0.0,0.0,0.0
1,1,0.015625,0.984375,0.0,0.0,0.0,0.0,0.0,0.0,0.0,0.0,0.0,0.0
1,1,0.015625,0.984375,0.0,0.0,0.0,0.0,0.0,0.0,0.0,0.0,0.0,0.0
1,1,0.015625,0.984375,0.0,0.0,0.0,0.0,0.0,0.0,0.0,0.0,0.0,0.0
1,1,0.015625,0.984375,0.0,0.0,0.0,0.0,0.0,0.0,0.0,0.0,0.0,0.0
1,1,0.015625,0.984375,0.0,0.0,0.0,0.0,0.0,0.0,0.0,0.0,0.0,0.0
1,1,0.015625,0.984375,0.0,0.0,0.0,0.0,0.0,0.0,0.0,0.0,0.0,0.0
1,1,0.015625,0.984375,0.0,0.0,0.0,0.0,0.0,0.0,0.0,0.0,0.0,0.0
1,1,0.015625,0.984375,0.0,0.0,0.0,0.0,0.0,0.0,0.0,0.0,0.0,0.0
1,1,0.015625,0.984375,0.0,0.0,0.0,0.0,0.0,0.0,0.0,0.0,0.0,0.0
1,1,0.015625,0.984375,0.0,0.0,0.0,0.0,0.0,0.0,0.0,0.0,0.0,0.0
1,1,0.015625,0.984375,0.0,0.0,0.0,0.0,0.0,0.0,0.0,0.0,0.0,0.0
1,1,0.015625,0.984375,0.0,0.0,0.0,0.0,0.0,0.0,0.0,0.0,0.0,0.0
1,1,0.015625,0.984375,0.0,0.0,0.0,0.0,0.0,0.0,0.0,0.0,0.0,0.0
1,1,0.015625,0.984375,0.0,0.0,0.0,0.0,0.0,0.0,0.0,0.0,0.0,0.0
1,1,0.015625,0.984375,0.0,0.0,0.0,0.0,0.0,0.0,0.0,0.0,0.0,0.0
1,1,0.015625,0.984375,0.0,0.0,0.0,0.0,0.0,0.0,0.0,0.0,0.0,0.0
1,1,0.015625,0.984375,0.0,0.0,0.0,0.0,0.0,0.0,0.0,0.0,0.0,0.0
1,1,0.015625,0.984375,0.0,0.0,0.0,0.0,0.0,0.0,0.0,0.0,0.0,0.0
1,1,0.015625,0.984375,0.0,0.0,0.0,0.0,0.0,0.0,0.0,0.0,0.0,0.0
1,1,0.015625,0.984375,0.0,0.0,0.0,0.0,0.0,0.0,0.0,0.0,0.0,0.0
1,1,0.015625,0.984375,0.0,0.0,0.0,0.0,0.0,0.0,0.0,0.0,0.0,0.0
1,1,0.015625,0.984375,0.0,0.0,0.0,0.0,0.0,0.0,0.0,0.0,0.0,0.0
1,1,0.015625,0.984375,0.0,0.0,0.0,0.0,0.0,0.0,0.0,0.0,0.0,0.0
1,1,0.015625,0.984375,0.0,0.0,0.0,0.0,0.0,0.0,0.0,0.0,0.0,0.0
1,1,0.015625,0.984375,0.0,0.0,0.0,0.0,0.0,0.0,0.0,0.0,0.0,0.0
1,1,0.015625,0.984375,0.0,0.0,0.0,0.0,0.0,0.0,0.0,0.0,0.0,0.0
1,1,0.015625,0.984375,0.0,0.0,0.0,0.0,0.0,0.0,0.0,0.0,0.0,0.0
1,1,0.015625,0.984375,0.0,0.0,0.0,0.0,0.0,0.0,0.0,0.0,0.0,0.0
1,1,0.015625,0.984375,0.0,0.0,0.0,0.0,0.0,0.0,0.0,0.0,0.0,0.0
1,1,0.015625,0.984375,0.0,0.0,0.0,0.0,0.0,0.0,0.0,0.0,0.0,0.0
1,1,0.015625,0.984375,0.0,0.0,0.0,0.0,0.0,0.0,0.0,0.0,0.0,0.0
1,1,0.015625,0.984375,0.0,0.0,0.0,0.0,0.0,0.0,0.0,0.0,0.0,0.0
1,1,0.015625,0.984375,0.0,0.0,0.0,0.0,0.0,0.0,0.0,0.0,0.0,0.0
1,1,0.015625,0.984375,0.0,0.0,0.0,0.0,0.0,0.0,0.0,0.0,0.0,0.0
1,1,0.015625,0.984375,0.0,0.0,0.0,0.0,0.0,0.0,0.0,0.0,0.0,0.0
1,1,0.015625,0.984375,0.0,0.0,0.0,0.0,0.0,0.0,0.0,0.0,0.0,0.0
1,1,0.015625,0.984375,0.0,0.0,0.0,0.0,0.0,0.0,0.0,0.0,0.0,0.0
1,1,0.015625,0.984375,0.0,0.0,0.0,0.0,0.0,0.0,0.0,0.0,0.0,0.0
1,1,0.015625,0.984375,0.0,0.0,0.0,0.0,0.0,0.0,0.0,0.0,0.0,0.0
1,1,0.015625,0.984375,0.0,0.0,0.0,0.0,0.0,0.0,0.0,0.0,0.0,0.0
1,1,0.015625,0.984375,0.0,0.0,0.0,0.0,0.0,0.0,0.0,0.0,0.0,0.0
1,1,0.015625,0.984375,0.0,0.0,0.0,0.0,0.0,0.0,0.0,0.0,0.0,0.0
1,1,0.015625,0.984375,0.0,0.0,0.0,0.0,0.0,0.0,0.0,0.0,0.0,0.0
1,1,0.015625,0.984375,0.0,0.0,0.0,0.0,0.0,0.0,0.0,0.0,0.0,0.0
1,1,0.015625,0.984375,0.0,0.0,0.0,0.0,0.0,0.0,0.0,0.0,0.0,0.0
1,1,0.015625,0.984375,0.0,0.0,0.0,0.0,0.0,0.0,0.0,0.0,0.0,0.0
1,1,0.015625,0.984375,0.0,0.0,0.0,0.0,0.0,0.0,0.0,0.0,0.0,0.0
1,1,0.015625,0.984375,0.0,0.0,0.0,0.0,0.0,0.0,0.0,0.0,0.0,0.0
1,1,0.015625,0.984375,0.0,0.0,0.0,0.0,0.0,0.0,0.0,0.0,0.0,0.0
1,1,0.015625,0.984375,0.0,0.0,0.0,0.0,0.0,0.0,0.0,0.0,0.0,0.0
1,1,0.015625,0.984375,0.0,0.0,0.0,0.0,0.0,0.0,0.0,0.0,0.0,0.0
1,1,0.015625,0.984375,0.0,0.0,0.0,0.0,0.0,0.0,0.0,0.0,0.0,0.0
1,1,0.015625,0.984375,0.0,0.0,0.0,0.0,0.0,0.0,0.0,0.0,0.0,0.0
1,1,0.015625,0.984375,0.0,0.0,0.0,0.0,0.0,0.0,0.0,0.0,0.0,0.0
1,1,0.015625,0.984375,0.0,0.0,0.0,0.0,0.0,0.0,0.0,0.0,0.0,0.0
1,1,0.015625,0.984375,0.0,0.0,0.0,0.0,0.0,0.0,0.0,0.0,0.0,0.0
1,1,0.015625,0.984375,0.0,0.0,0.0,0.0,0.0,0.0,0.0,0.0,0.0,0.0
1,1,0.015625,0.984375,0.0,0.0,0.0,0.0,0.0,0.0,0.0,0.0,0.0,0.0
1,1,0.015625,0.984375,0.0,0.0,0.0,0.0,0.0,0.0,0.0,0.0,0.0,0.0
1,1,0.015625,0.984375,0.0,0.0,0.0,0.0,0.0,0.0,0.0,0.0,0.0,0.0
1,1,0.015625,0.984375,0.0,0.0,0.0,0.0,0.0,0.0,0.0,0.0,0.0,0.0
1,1,0.015625,0.984375,0.0,0.0,0.0,0.0,0.0,0.0,0.0,0.0,0.0,0.0
1,1,0.015625,0.984375,0.0,0.0,0.0,0.0,0.0,0.0,0.0,0.0,0.0,0.0
1,1,0.015625,0.984375,0.0,0.0,0.0,0.0,0.0,0.0,0.0,0.0,0.0,0.0
1,1,0.015625,0.984375,0.0,0.0,0.0,0.0,0.0,0.0,0.0,0.0,0.0,0.0
1,1,0.015625,0.984375,0.0,0.0,0.0,0.0,0.0,0.0,0.0,0.0,0.0,0.0
1,1,0.015625,0.984375,0.0,0.0,0.0,0.0,0.0,0.0,0.0,0.0,0.0,0.0
1,1,0.015625,0.984375,0.0,0.0,0.0,0.0,0.0,0.0,0.0,0.0,0.0,0.0
1,1,0.015625,0.984375,0.0,0.0,0.0,0.0,0.0,0.0,0.0,0.0,0.0,0.0
1,1,0.015625,0.984375,0.0,0.0,0.0,0.0,0.0,0.0,0.0,0.0,0.0,0.0
1,1,0.015625,0.984375,0.0,0.0,0.0,0.0,0.0,0.0,0.0,0.0,0.0,0.0
1,1,0.015625,0.984375,0.0,0.0,0.0,0.0,0.0,0.0,0.0,0.0,0.0,0.0
1,1,0.015625,0.984375,0.0,0.0,0.0,0.0,0.0,0.0,0.0,0.0,0.0,0.0
1,1,0.015625,0.984375,0.0,0.0,0.0,0.0,0.0,0.0,0.0,0.0,0.0,0.0
1,1,0.015625,0.984375,0.0,0.0,0.0,0.0,0.0,0.0,0.0,0.0,0.0,0.0
1,1,0.015625,0.984375,0.0,0.0,0.0,0.0,0.0,0.0,0.0,0.0,0.0,0.0
1,1,0.015625,0.984375,0.0,0.0,0.0,0.0,0.0,0.0,0.0,0.0,0.0,0.0
1,1,0.015625,0.984375,0.0,0.0,0.0,0.0,0.0,0.0,0.0,0.0,0.0,0.0
1,1,0.015625,0.984375,0.0,0.0,0.0,0.0,0.0,0.0,0.0,0.0,0.0,0.0
1,1,0.015625,0.984375,0.0,0.0,0.0,0.0,0.0,0.0,0.0,0.0,0.0,0.0
1,1,0.0,1.0,0.0,0.0,0.0,0.0,0.0,0.0,0.0,0.0,0.0,0.0
1,1,0.0,1.0,0.0,0.0,0.0,0.0,0.0,0.0,0.0,0.0,0.0,0.0
1,1,0.0,1.0,0.0,0.0,0.0,0.0,0.0,0.0,0.0,0.0,0.0,0.0
1,1,0.0,1.0,0.0,0.0,0.0,0.0,0.0,0.0,0.0,0.0,0.0,0.0
1,1,0.0,1.0,0.0,0.0,0.0,0.0,0.0,0.0,0.0,0.0,0.0,0.0
1,1,0.0,1.0,0.0,0.0,0.0,0.0,0.0,0.0,0.0,0.0,0.0,0.0
1,1,0.0,1.0,0.0,0.0,0.0,0.0,0.0,0.0,0.0,0.0,0.0,0.0
1,1,0.0,1.0,0.0,0.0,0.0,0.0,0.0,0.0,0.0,0.0,0.0,0.0
1,1,0.0,1.0,0.0,0.0,0.0,0.0,0.0,0.0,0.0,0.0,0.0,0.0
1,1,0.0,1.0,0.0,0.0,0.0,0.0,0.0,0.0,0.0,0.0,0.0,0.0
1,1,0.0,1.0,0.0,0.0,0.0,0.0,0.0,0.0,0.0,0.0,0.0,0.0
1,1,0.0,1.0,0.0,0.0,0.0,0.0,0.0,0.0,0.0,0.0,0.0,0.0
1,1,0.0,1.0,0.0,0.0,0.0,0.0,0.0,0.0,0.0,0.0,0.0,0.0
1,1,0.0,1.0,0.0,0.0,0.0,0.0,0.0,0.0,0.0,0.0,0.0,0.0
1,1,0.0,1.0,0.0,0.0,0.0,0.0,0.0,0.0,0.0,0.0,0.0,0.0
1,1,0.0,1.0,0.0,0.0,0.0,0.0,0.0,0.0,0.0,0.0,0.0,0.0
1,1,0.0,1.0,0.0,0.0,0.0,0.0,0.0,0.0,0.0,0.0,0.0,0.0
1,1,0.0,1.0,0.0,0.0,0.0,0.0,0.0,0.0,0.0,0.0,0.0,0.0
1,1,0.0,1.0,0.0,0.0,0.0,0.0,0.0,0.0,0.0,0.0,0.0,0.0
1,1,0.0,1.0,0.0,0.0,0.0,0.0,0.0,0.0,0.0,0.0,0.0,0.0
1,1,0.0,1.0,0.0,0.0,0.0,0.0,0.0,0.0,0.0,0.0,0.0,0.0
1,1,0.0,1.0,0.0,0.0,0.0,0.0,0.0,0.0,0.0,0.0,0.0,0.0
1,1,0.0,1.0,0.0,0.0,0.0,0.0,0.0,0.0,0.0,0.0,0.0,0.0
1,1,0.0,1.0,0.0,0.0,0.0,0.0,0.0,0.0,0.0,0.0,0.0,0.0
1,1,0.0,1.0,0.0,0.0,0.0,0.0,0.0,0.0,0.0,0.0,0.0,0.0
1,1,0.0,1.0,0.0,0.0,0.0,0.0,0.0,0.0,0.0,0.0,0.0,0.0
1,1,0.0,1.0,0.0,0.0,0.0,0.0,0.0,0.0,0.0,0.0,0.0,0.0
1,1,0.0,1.0,0.0,0.0,0.0,0.0,0.0,0.0,0.0,0.0,0.0,0.0
1,1,0.0,1.0,0.0,0.0,0.0,0.0,0.0,0.0,0.0,0.0,0.0,0.0
1,1,0.0,1.0,0.0,0.0,0.0,0.0,0.0,0.0,0.0,0.0,0.0,0.0
1,1,0.0,1.0,0.0,0.0,0.0,0.0,0.0,0.0,0.0,0.0,0.0,0.0
1,1,0.0,1.0,0.0,0.0,0.0,0.0,0.0,0.0,0.0,0.0,0.0,0.0
1,1,0.0,1.0,0.0,0.0,0.0,0.0,0.0,0.0,0.0,0.0,0.0,0.0
1,1,0.0,1.0,0.0,0.0,0.0,0.0,0.0,0.0,0.0,0.0,0.0,0.0
1,1,0.0,1.0,0.0,0.0,0.0,0.0,0.0,0.0,0.0,0.0,0.0,0.0
1,1,0.0,1.0,0.0,0.0,0.0,0.0,0.0,0.0,0.0,0.0,0.0,0.0
1,1,0.0,1.0,0.0,0.0,0.0,0.0,0.0,0.0,0.0,0.0,0.0,0.0
1,1,0.0,1.0,0.0,0.0,0.0,0.0,0.0,0.0,0.0,0.0,0.0,0.0
1,1,0.0,1.0,0.0,0.0,0.0,0.0,0.0,0.0,0.0,0.0,0.0,0.0
1,1,0.0,1.0,0.0,0.0,0.0,0.0,0.0,0.0,0.0,0.0,0.0,0.0
1,1,0.0,1.0,0.0,0.0,0.0,0.0,0.0,0.0,0.0,0.0,0.0,0.0
1,1,0.0,1.0,0.0,0.0,0.0,0.0,0.0,0.0,0.0,0.0,0.0,0.0
1,1,0.0,1.0,0.0,0.0,0.0,0.0,0.0,0.0,0.0,0.0,0.0,0.0
1,1,0.0,1.0,0.0,0.0,0.0,0.0,0.0,0.0,0.0,0.0,0.0,0.0
1,1,0.0,1.0,0.0,0.0,0.0,0.0,0.0,0.0,0.0,0.0,0.0,0.0
1,1,0.0,1.0,0.0,0.0,0.0,0.0,0.0,0.0,0.0,0.0,0.0,0.0
1,1,0.0,1.0,0.0,0.0,0.0,0.0,0.0,0.0,0.0,0.0,0.0,0.0
1,1,0.0,1.0,0.0,0.0,0.0,0.0,0.0,0.0,0.0,0.0,0.0,0.0
1,1,0.0,1.0,0.0,0.0,0.0,0.0,0.0,0.0,0.0,0.0,0.0,0.0
1,1,0.0,1.0,0.0,0.0,0.0,0.0,0.0,0.0,0.0,0.0,0.0,0.0
1,1,0.0,1.0,0.0,0.0,0.0,0.0,0.0,0.0,0.0,0.0,0.0,0.0
1,1,0.0,1.0,0.0,0.0,0.0,0.0,0.0,0.0,0.0,0.0,0.0,0.0
1,1,0.0,1.0,0.0,0.0,0.0,0.0,0.0,0.0,0.0,0.0,0.0,0.0
1,1,0.0,1.0,0.0,0.0,0.0,0.0,0.0,0.0,0.0,0.0,0.0,0.0
1,1,0.0,1.0,0.0,0.0,0.0,0.0,0.0,0.0,0.0,0.0,0.0,0.0
1,1,0.0,1.0,0.0,0.0,0.0,0.0,0.0,0.0,0.0,0.0,0.0,0.0
1,1,0.0,1.0,0.0,0.0,0.0,0.0,0.0,0.0,0.0,0.0,0.0,0.0
1,1,0.0,1.0,0.0,0.0,0.0,0.0,0.0,0.0,0.0,0.0,0.0,0.0
1,1,0.0,1.0,0.0,0.0,0.0,0.0,0.0,0.0,0.0,0.0,0.0,0.0
1,1,0.0,1.0,0.0,0.0,0.0,0.0,0.0,0.0,0.0,0.0,0.0,0.0
1,1,0.0,1.0,0.0,0.0,0.0,0.0,0.0,0.0,0.0,0.0,0.0,0.0
1,1,0.0,1.0,0.0,0.0,0.0,0.0,0.0,0.0,0.0,0.0,0.0,0.0
1,1,0.0,1.0,0.0,0.0,0.0,0.0,0.0,0.0,0.0,0.0,0.0,0.0
1,1,0.0,1.0,0.0,0.0,0.0,0.0,0.0,0.0,0.0,0.0,0.0,0.0
1,1,0.0,1.0,0.0,0.0,0.0,0.0,0.0,0.0,0.0,0.0,0.0,0.0
1,1,0.0,1.0,0.0,0.0,0.0,0.0,0.0,0.0,0.0,0.0,0.0,0.0
1,1,0.0,1.0,0.0,0.0,0.0,0.0,0.0,0.0,0.0,0.0,0.0,0.0
1,1,0.0,1.0,0.0,0.0,0.0,0.0,0.0,0.0,0.0,0.0,0.0,0.0
1,1,0.0,1.0,0.0,0.0,0.0,0.0,0.0,0.0,0.0,0.0,0.0,0.0
1,1,0.0,1.0,0.0,0.0,0.0,0.0,0.0,0.0,0.0,0.0,0.0,0.0
1,1,0.0,1.0,0.0,0.0,0.0,0.0,0.0,0.0,0.0,0.0,0.0,0.0
1,1,0.0,1.0,0.0,0.0,0.0,0.0,0.0,0.0,0.0,0.0,0.0,0.0
1,1,0.0,1.0,0.0,0.0,0.0,0.0,0.0,0.0,0.0,0.0,0.0,0.0
1,1,0.0,1.0,0.0,0.0,0.0,0.0,0.0,0.0,0.0,0.0,0.0,0.0
1,1,0.0,1.0,0.0,0.0,0.0,0.0,0.0,0.0,0.0,0.0,0.0,0.0
1,1,0.0,1.0,0.0,0.0,0.0,0.0,0.0,0.0,0.0,0.0,0.0,0.0
1,1,0.0,1.0,0.0,0.0,0.0,0.0,0.0,0.0,0.0,0.0,0.0,0.0
1,1,0.0,1.0,0.0,0.0,0.0,0.0,0.0,0.0,0.0,0.0,0.0,0.0
1,1,0.0,1.0,0.0,0.0,0.0,0.0,0.0,0.0,0.0,0.0,0.0,0.0
1,1,0.0,1.0,0.0,0.0,0.0,0.0,0.0,0.0,0.0,0.0,0.0,0.0
1,1,0.0,1.0,0.0,0.0,0.0,0.0,0.0,0.0,0.0,0.0,0.0,0.0
1,1,0.0,1.0,0.0,0.0,0.0,0.0,0.0,0.0,0.0,0.0,0.0,0.0
1,1,0.0,1.0,0.0,0.0,0.0,0.0,0.0,0.0,0.0,0.0,0.0,0.0
1,1,0.0,1.0,0.0,0.0,0.0,0.0,0.0,0.0,0.0,0.0,0.0,0.0
1,1,0.0,1.0,0.0,0.0,0.0,0.0,0.0,0.0,0.0,0.0,0.0,0.0
1,1,0.0,1.0,0.0,0.0,0.0,0.0,0.0,0.0,0.0,0.0,0.0,0.0
1,1,0.0,1.0,0.0,0.0,0.0,0.0,0.0,0.0,0.0,0.0,0.0,0.0
1,1,0.0,1.0,0.0,0.0,0.0,0.0,0.0,0.0,0.0,0.0,0.0,0.0
1,1,0.0,1.0,0.0,0.0,0.0,0.0,0.0,0.0,0.0,0.0,0.0,0.0
1,1,0.0,1.0,0.0,0.0,0.0,0.0,0.0,0.0,0.0,0.0,0.0,0.0
1,1,0.0,1.0,0.0,0.0,0.0,0.0,0.0,0.0,0.0,0.0,0.0,0.0
1,1,0.0,1.0,0.0,0.0,0.0,0.0,0.0,0.0,0.0,0.0,0.0,0.0
1,1,0.0,1.0,0.0,0.0,0.0,0.0,0.0,0.0,0.0,0.0,0.0,0.0
1,1,0.0,1.0,0.0,0.0,0.0,0.0,0.0,0.0,0.0,0.0,0.0,0.0
1,1,0.0,1.0,0.0,0.0,0.0,0.0,0.0,0.0,0.0,0.0,0.0,0.0
1,1,0.0,1.0,0.0,0.0,0.0,0.0,0.0,0.0,0.0,0.0,0.0,0.0
1,1,0.0,1.0,0.0,0.0,0.0,0.0,0.0,0.0,0.0,0.0,0.0,0.0
1,1,0.0,1.0,0.0,0.0,0.0,0.0,0.0,0.0,0.0,0.0,0.0,0.0
1,1,0.0,1.0,0.0,0.0,0.0,0.0,0.0,0.0,0.0,0.0,0.0,0.0
1,1,0.0,1.0,0.0,0.0,0.0,0.0,0.0,0.0,0.0,0.0,0.0,0.0
1,1,0.015625,0.984375,0.0,0.0,0.0,0.0,0.0,0.0,0.0,0.0,0.0,0.0
1,1,0.015625,0.984375,0.0,0.0,0.0,0.0,0.0,0.0,0.0,0.0,0.0,0.0
1,1,0.015625,0.984375,0.0,0.0,0.0,0.0,0.0,0.0,0.0,0.0,0.0,0.0
1,1,0.015625,0.984375,0.0,0.0,0.0,0.0,0.0,0.0,0.0,0.0,0.0,0.0
1,1,0.015625,0.984375,0.0,0.0,0.0,0.0,0.0,0.0,0.0,0.0,0.0,0.0
1,1,0.015625,0.984375,0.0,0.0,0.0,0.0,0.0,0.0,0.0,0.0,0.0,0.0
1,1,0.015625,0.984375,0.0,0.0,0.0,0.0,0.0,0.0,0.0,0.0,0.0,0.0
1,1,0.015625,0.984375,0.0,0.0,0.0,0.0,0.0,0.0,0.0,0.0,0.0,0.0
1,1,0.015625,0.984375,0.0,0.0,0.0,0.0,0.0,0.0,0.0,0.0,0.0,0.0
1,1,0.015625,0.984375,0.0,0.0,0.0,0.0,0.0,0.0,0.0,0.0,0.0,0.0
1,1,0.015625,0.984375,0.0,0.0,0.0,0.0,0.0,0.0,0.0,0.0,0.0,0.0
1,1,0.015625,0.984375,0.0,0.0,0.0,0.0,0.0,0.0,0.0,0.0,0.0,0.0
1,1,0.015625,0.984375,0.0,0.0,0.0,0.0,0.0,0.0,0.0,0.0,0.0,0.0
1,1,0.015625,0.984375,0.0,0.0,0.0,0.0,0.0,0.0,0.0,0.0,0.0,0.0
1,1,0.0,1.0,0.0,0.0,0.0,0.0,0.0,0.0,0.0,0.0,0.0,0.0
1,1,0.0,1.0,0.0,0.0,0.0,0.0,0.0,0.0,0.0,0.0,0.0,0.0
1,1,0.0,1.0,0.0,0.0,0.0,0.0,0.0,0.0,0.0,0.0,0.0,0.0
1,1,0.0,1.0,0.0,0.0,0.0,0.0,0.0,0.0,0.0,0.0,0.0,0.0
1,1,0.0,1.0,0.0,0.0,0.0,0.0,0.0,0.0,0.0,0.0,0.0,0.0
1,1,0.0,1.0,0.0,0.0,0.0,0.0,0.0,0.0,0.0,0.0,0.0,0.0
1,1,0.0,1.0,0.0,0.0,0.0,0.0,0.0,0.0,0.0,0.0,0.0,0.0
1,1,0.0,1.0,0.0,0.0,0.0,0.0,0.0,0.0,0.0,0.0,0.0,0.0
1,1,0.0,1.0,0.0,0.0,0.0,0.0,0.0,0.0,0.0,0.0,0.0,0.0
1,1,0.0,1.0,0.0,0.0,0.0,0.0,0.0,0.0,0.0,0.0,0.0,0.0
1,1,0.0,1.0,0.0,0.0,0.0,0.0,0.0,0.0,0.0,0.0,0.0,0.0
1,1,0.0,1.0,0.0,0.0,0.0,0.0,0.0,0.0,0.0,0.0,0.0,0.0
1,1,0.0,1.0,0.0,0.0,0.0,0.0,0.0,0.0,0.0,0.0,0.0,0.0
1,1,0.0,1.0,0.0,0.0,0.0,0.0,0.0,0.0,0.0,0.0,0.0,0.0
1,1,0.0,1.0,0.0,0.0,0.0,0.0,0.0,0.0,0.0,0.0,0.0,0.0
1,1,0.0,1.0,0.0,0.0,0.0,0.0,0.0,0.0,0.0,0.0,0.0,0.0
1,1,0.0,1.0,0.0,0.0,0.0,0.0,0.0,0.0,0.0,0.0,0.0,0.0
1,1,0.0,1.0,0.0,0.0,0.0,0.0,0.0,0.0,0.0,0.0,0.0,0.0
1,1,0.0,1.0,0.0,0.0,0.0,0.0,0.0,0.0,0.0,0.0,0.0,0.0
1,1,0.0,1.0,0.0,0.0,0.0,0.0,0.0,0.0,0.0,0.0,0.0,0.0
1,1,0.0,1.0,0.0,0.0,0.0,0.0,0.0,0.0,0.0,0.0,0.0,0.0
1,1,0.0,1.0,0.0,0.0,0.0,0.0,0.0,0.0,0.0,0.0,0.0,0.0
1,1,0.0,1.0,0.0,0.0,0.0,0.0,0.0,0.0,0.0,0.0,0.0,0.0
1,1,0.0,1.0,0.0,0.0,0.0,0.0,0.0,0.0,0.0,0.0,0.0,0.0
1,1,0.0,1.0,0.0,0.0,0.0,0.0,0.0,0.0,0.0,0.0,0.0,0.0
1,1,0.0,1.0,0.0,0.0,0.0,0.0,0.0,0.0,0.0,0.0,0.0,0.0
1,1,0.0,1.0,0.0,0.0,0.0,0.0,0.0,0.0,0.0,0.0,0.0,0.0
1,1,0.0,1.0,0.0,0.0,0.0,0.0,0.0,0.0,0.0,0.0,0.0,0.0
1,1,0.015625,0.984375,0.0,0.0,0.0,0.0,0.0,0.0,0.0,0.0,0.0,0.0
1,1,0.015625,0.984375,0.0,0.0,0.0,0.0,0.0,0.0,0.0,0.0,0.0,0.0
1,1,0.015625,0.984375,0.0,0.0,0.0,0.0,0.0,0.0,0.0,0.0,0.0,0.0
1,1,0.015625,0.984375,0.0,0.0,0.0,0.0,0.0,0.0,0.0,0.0,0.0,0.0
1,1,0.015625,0.984375,0.0,0.0,0.0,0.0,0.0,0.0,0.0,0.0,0.0,0.0
1,1,0.015625,0.984375,0.0,0.0,0.0,0.0,0.0,0.0,0.0,0.0,0.0,0.0
1,1,0.015625,0.984375,0.0,0.0,0.0,0.0,0.0,0.0,0.0,0.0,0.0,0.0
1,1,0.015625,0.984375,0.0,0.0,0.0,0.0,0.0,0.0,0.0,0.0,0.0,0.0
1,1,0.015625,0.984375,0.0,0.0,0.0,0.0,0.0,0.0,0.0,0.0,0.0,0.0
1,1,0.015625,0.984375,0.0,0.0,0.0,0.0,0.0,0.0,0.0,0.0,0.0,0.0
1,1,0.015625,0.984375,0.0,0.0,0.0,0.0,0.0,0.0,0.0,0.0,0.0,0.0
1,1,0.015625,0.984375,0.0,0.0,0.0,0.0,0.0,0.0,0.0,0.0,0.0,0.0
1,1,0.015625,0.984375,0.0,0.0,0.0,0.0,0.0,0.0,0.0,0.0,0.0,0.0
1,1,0.015625,0.984375,0.0,0.0,0.0,0.0,0.0,0.0,0.0,0.0,0.0,0.0
1,1,0.0,1.0,0.0,0.0,0.0,0.0,0.0,0.0,0.0,0.0,0.0,0.0
1,1,0.0,1.0,0.0,0.0,0.0,0.0,0.0,0.0,0.0,0.0,0.0,0.0
1,1,0.0,1.0,0.0,0.0,0.0,0.0,0.0,0.0,0.0,0.0,0.0,0.0
1,1,0.0,1.0,0.0,0.0,0.0,0.0,0.0,0.0,0.0,0.0,0.0,0.0
1,1,0.0,1.0,0.0,0.0,0.0,0.0,0.0,0.0,0.0,0.0,0.0,0.0
1,1,0.0,1.0,0.0,0.0,0.0,0.0,0.0,0.0,0.0,0.0,0.0,0.0
1,1,0.0,1.0,0.0,0.0,0.0,0.0,0.0,0.0,0.0,0.0,0.0,0.0
1,1,0.0,1.0,0.0,0.0,0.0,0.0,0.0,0.0,0.0,0.0,0.0,0.0
1,1,0.0,1.0,0.0,0.0,0.0,0.0,0.0,0.0,0.0,0.0,0.0,0.0
1,1,0.0,1.0,0.0,0.0,0.0,0.0,0.0,0.0,0.0,0.0,0.0,0.0
1,1,0.0,1.0,0.0,0.0,0.0,0.0,0.0,0.0,0.0,0.0,0.0,0.0
1,1,0.0,1.0,0.0,0.0,0.0,0.0,0.0,0.0,0.0,0.0,0.0,0.0
1,1,0.0,1.0,0.0,0.0,0.0,0.0,0.0,0.0,0.0,0.0,0.0,0.0
1,1,0.0,1.0,0.0,0.0,0.0,0.0,0.0,0.0,0.0,0.0,0.0,0.0
1,1,0.0,1.0,0.0,0.0,0.0,0.0,0.0,0.0,0.0,0.0,0.0,0.0
1,1,0.0,1.0,0.0,0.0,0.0,0.0,0.0,0.0,0.0,0.0,0.0,0.0
1,1,0.0,1.0,0.0,0.0,0.0,0.0,0.0,0.0,0.0,0.0,0.0,0.0
1,1,0.0,1.0,0.0,0.0,0.0,0.0,0.0,0.0,0.0,0.0,0.0,0.0
1,1,0.0,1.0,0.0,0.0,0.0,0.0,0.0,0.0,0.0,0.0,0.0,0.0
1,1,0.0,1.0,0.0,0.0,0.0,0.0,0.0,0.0,0.0,0.0,0.0,0.0
1,1,0.0,1.0,0.0,0.0,0.0,0.0,0.0,0.0,0.0,0.0,0.0,0.0
1,1,0.0,1.0,0.0,0.0,0.0,0.0,0.0,0.0,0.0,0.0,0.0,0.0
1,1,0.0,1.0,0.0,0.0,0.0,0.0,0.0,0.0,0.0,0.0,0.0,0.0
1,1,0.0,1.0,0.0,0.0,0.0,0.0,0.0,0.0,0.0,0.0,0.0,0.0
1,1,0.0,1.0,0.0,0.0,0.0,0.0,0.0,0.0,0.0,0.0,0.0,0.0
1,1,0.0,1.0,0.0,0.0,0.0,0.0,0.0,0.0,0.0,0.0,0.0,0.0
1,1,0.0,1.0,0.0,0.0,0.0,0.0,0.0,0.0,0.0,0.0,0.0,0.0
1,1,0.0,1.0,0.0,0.0,0.0,0.0,0.0,0.0,0.0,0.0,0.0,0.0
1,1,0.0,1.0,0.0,0.0,0.0,0.0,0.0,0.0,0.0,0.0,0.0,0.0
1,1,0.0,1.0,0.0,0.0,0.0,0.0,0.0,0.0,0.0,0.0,0.0,0.0
1,1,0.0,1.0,0.0,0.0,0.0,0.0,0.0,0.0,0.0,0.0,0.0,0.0
1,1,0.0,1.0,0.0,0.0,0.0,0.0,0.0,0.0,0.0,0.0,0.0,0.0
1,1,0.0,1.0,0.0,0.0,0.0,0.0,0.0,0.0,0.0,0.0,0.0,0.0
1,1,0.0,1.0,0.0,0.0,0.0,0.0,0.0,0.0,0.0,0.0,0.0,0.0
1,1,0.0,1.0,0.0,0.0,0.0,0.0,0.0,0.0,0.0,0.0,0.0,0.0
1,1,0.0,1.0,0.0,0.0,0.0,0.0,0.0,0.0,0.0,0.0,0.0,0.0
1,1,0.0,1.0,0.0,0.0,0.0,0.0,0.0,0.0,0.0,0.0,0.0,0.0
1,1,0.0,1.0,0.0,0.0,0.0,0.0,0.0,0.0,0.0,0.0,0.0,0.0
1,1,0.0,1.0,0.0,0.0,0.0,0.0,0.0,0.0,0.0,0.0,0.0,0.0
1,1,0.0,1.0,0.0,0.0,0.0,0.0,0.0,0.0,0.0,0.0,0.0,0.0
1,1,0.0,1.0,0.0,0.0,0.0,0.0,0.0,0.0,0.0,0.0,0.0,0.0
1,1,0.0,1.0,0.0,0.0,0.0,0.0,0.0,0.0,0.0,0.0,0.0,0.0
1,1,0.0,1.0,0.0,0.0,0.0,0.0,0.0,0.0,0.0,0.0,0.0,0.0
1,1,0.0,1.0,0.0,0.0,0.0,0.0,0.0,0.0,0.0,0.0,0.0,0.0
1,1,0.0,1.0,0.0,0.0,0.0,0.0,0.0,0.0,0.0,0.0,0.0,0.0
1,1,0.0,1.0,0.0,0.0,0.0,0.0,0.0,0.0,0.0,0.0,0.0,0.0
1,1,0.0,1.0,0.0,0.0,0.0,0.0,0.0,0.0,0.0,0.0,0.0,0.0
1,1,0.0,1.0,0.0,0.0,0.0,0.0,0.0,0.0,0.0,0.0,0.0,0.0
1,1,0.0,1.0,0.0,0.0,0.0,0.0,0.0,0.0,0.0,0.0,0.0,0.0
1,1,0.0,1.0,0.0,0.0,0.0,0.0,0.0,0.0,0.0,0.0,0.0,0.0
1,1,0.0,1.0,0.0,0.0,0.0,0.0,0.0,0.0,0.0,0.0,0.0,0.0
1,1,0.0,1.0,0.0,0.0,0.0,0.0,0.0,0.0,0.0,0.0,0.0,0.0
1,1,0.0,1.0,0.0,0.0,0.0,0.0,0.0,0.0,0.0,0.0,0.0,0.0
1,1,0.0,1.0,0.0,0.0,0.0,0.0,0.0,0.0,0.0,0.0,0.0,0.0
1,1,0.0,1.0,0.0,0.0,0.0,0.0,0.0,0.0,0.0,0.0,0.0,0.0
1,1,0.0,1.0,0.0,0.0,0.0,0.0,0.0,0.0,0.0,0.0,0.0,0.0
1,1,0.0,1.0,0.0,0.0,0.0,0.0,0.0,0.0,0.0,0.0,0.0,0.0
1,1,0.0,1.0,0.0,0.0,0.0,0.0,0.0,0.0,0.0,0.0,0.0,0.0
1,1,0.0,1.0,0.0,0.0,0.0,0.0,0.0,0.0,0.0,0.0,0.0,0.0
1,1,0.0,1.0,0.0,0.0,0.0,0.0,0.0,0.0,0.0,0.0,0.0,0.0
1,1,0.0,1.0,0.0,0.0,0.0,0.0,0.0,0.0,0.0,0.0,0.0,0.0
1,1,0.0,1.0,0.0,0.0,0.0,0.0,0.0,0.0,0.0,0.0,0.0,0.0
1,1,0.0,1.0,0.0,0.0,0.0,0.0,0.0,0.0,0.0,0.0,0.0,0.0
1,1,0.0,1.0,0.0,0.0,0.0,0.0,0.0,0.0,0.0,0.0,0.0,0.0
1,1,0.0,1.0,0.0,0.0,0.0,0.0,0.0,0.0,0.0,0.0,0.0,0.0
1,1,0.0,1.0,0.0,0.0,0.0,0.0,0.0,0.0,0.0,0.0,0.0,0.0
1,1,0.0,1.0,0.0,0.0,0.0,0.0,0.0,0.0,0.0,0.0,0.0,0.0
1,1,0.0,1.0,0.0,0.0,0.0,0.0,0.0,0.0,0.0,0.0,0.0,0.0
1,1,0.0,1.0,0.0,0.0,0.0,0.0,0.0,0.0,0.0,0.0,0.0,0.0
1,1,0.0,1.0,0.0,0.0,0.0,0.0,0.0,0.0,0.0,0.0,0.0,0.0
1,1,0.0,1.0,0.0,0.0,0.0,0.0,0.0,0.0,0.0,0.0,0.0,0.0
1,1,0.0,1.0,0.0,0.0,0.0,0.0,0.0,0.0,0.0,0.0,0.0,0.0
1,1,0.0,1.0,0.0,0.0,0.0,0.0,0.0,0.0,0.0,0.0,0.0,0.0
1,1,0.0,1.0,0.0,0.0,0.0,0.0,0.0,0.0,0.0,0.0,0.0,0.0
1,1,0.0,1.0,0.0,0.0,0.0,0.0,0.0,0.0,0.0,0.0,0.0,0.0
1,1,0.0,1.0,0.0,0.0,0.0,0.0,0.0,0.0,0.0,0.0,0.0,0.0
1,1,0.0,1.0,0.0,0.0,0.0,0.0,0.0,0.0,0.0,0.0,0.0,0.0
1,1,0.0,1.0,0.0,0.0,0.0,0.0,0.0,0.0,0.0,0.0,0.0,0.0
1,1,0.0,1.0,0.0,0.0,0.0,0.0,0.0,0.0,0.0,0.0,0.0,0.0
1,1,0.0,1.0,0.0,0.0,0.0,0.0,0.0,0.0,0.0,0.0,0.0,0.0
1,1,0.0,1.0,0.0,0.0,0.0,0.0,0.0,0.0,0.0,0.0,0.0,0.0
1,1,0.0,1.0,0.0,0.0,0.0,0.0,0.0,0.0,0.0,0.0,0.0,0.0
1,1,0.0,1.0,0.0,0.0,0.0,0.0,0.0,0.0,0.0,0.0,0.0,0.0
1,1,0.0,1.0,0.0,0.0,0.0,0.0,0.0,0.0,0.0,0.0,0.0,0.0
1,1,0.0,1.0,0.0,0.0,0.0,0.0,0.0,0.0,0.0,0.0,0.0,0.0
1,1,0.0,1.0,0.0,0.0,0.0,0.0,0.0,0.0,0.0,0.0,0.0,0.0
1,1,0.0,1.0,0.0,0.0,0.0,0.0,0.0,0.0,0.0,0.0,0.0,0.0
1,1,0.0,1.0,0.0,0.0,0.0,0.0,0.0,0.0,0.0,0.0,0.0,0.0
1,1,0.0,1.0,0.0,0.0,0.0,0.0,0.0,0.0,0.0,0.0,0.0,0.0
1,1,0.0,1.0,0.0,0.0,0.0,0.0,0.0,0.0,0.0,0.0,0.0,0.0
1,1,0.0,1.0,0.0,0.0,0.0,0.0,0.0,0.0,0.0,0.0,0.0,0.0
1,1,0.0,1.0,0.0,0.0,0.0,0.0,0.0,0.0,0.0,0.0,0.0,0.0
1,1,0.0,1.0,0.0,0.0,0.0,0.0,0.0,0.0,0.0,0.0,0.0,0.0
1,1,0.0,1.0,0.0,0.0,0.0,0.0,0.0,0.0,0.0,0.0,0.0,0.0
1,1,0.0,1.0,0.0,0.0,0.0,0.0,0.0,0.0,0.0,0.0,0.0,0.0
1,1,0.0,1.0,0.0,0.0,0.0,0.0,0.0,0.0,0.0,0.0,0.0,0.0
1,1,0.0,1.0,0.0,0.0,0.0,0.0,0.0,0.0,0.0,0.0,0.0,0.0
1,1,0.0,1.0,0.0,0.0,0.0,0.0,0.0,0.0,0.0,0.0,0.0,0.0
1,1,0.0,1.0,0.0,0.0,0.0,0.0,0.0,0.0,0.0,0.0,0.0,0.0
1,1,0.0,1.0,0.0,0.0,0.0,0.0,0.0,0.0,0.0,0.0,0.0,0.0
1,1,0.0,1.0,0.0,0.0,0.0,0.0,0.0,0.0,0.0,0.0,0.0,0.0
1,1,0.0,1.0,0.0,0.0,0.0,0.0,0.0,0.0,0.0,0.0,0.0,0.0
1,1,0.0,1.0,0.0,0.0,0.0,0.0,0.0,0.0,0.0,0.0,0.0,0.0
1,1,0.0,1.0,0.0,0.0,0.0,0.0,0.0,0.0,0.0,0.0,0.0,0.0
1,1,0.0,1.0,0.0,0.0,0.0,0.0,0.0,0.0,0.0,0.0,0.0,0.0
1,1,0.0,1.0,0.0,0.0,0.0,0.0,0.0,0.0,0.0,0.0,0.0,0.0
1,1,0.0,1.0,0.0,0.0,0.0,0.0,0.0,0.0,0.0,0.0,0.0,0.0
1,1,0.0,1.0,0.0,0.0,0.0,0.0,0.0,0.0,0.0,0.0,0.0,0.0
1,1,0.0,1.0,0.0,0.0,0.0,0.0,0.0,0.0,0.0,0.0,0.0,0.0
1,1,0.0,1.0,0.0,0.0,0.0,0.0,0.0,0.0,0.0,0.0,0.0,0.0
1,1,0.0,1.0,0.0,0.0,0.0,0.0,0.0,0.0,0.0,0.0,0.0,0.0
1,1,0.0,1.0,0.0,0.0,0.0,0.0,0.0,0.0,0.0,0.0,0.0,0.0
1,1,0.0,1.0,0.0,0.0,0.0,0.0,0.0,0.0,0.0,0.0,0.0,0.0
1,1,0.0,1.0,0.0,0.0,0.0,0.0,0.0,0.0,0.0,0.0,0.0,0.0
1,1,0.0,1.0,0.0,0.0,0.0,0.0,0.0,0.0,0.0,0.0,0.0,0.0
1,1,0.0,1.0,0.0,0.0,0.0,0.0,0.0,0.0,0.0,0.0,0.0,0.0
1,1,0.0,1.0,0.0,0.0,0.0,0.0,0.0,0.0,0.0,0.0,0.0,0.0
1,1,0.0,1.0,0.0,0.0,0.0,0.0,0.0,0.0,0.0,0.0,0.0,0.0
1,1,0.0,1.0,0.0,0.0,0.0,0.0,0.0,0.0,0.0,0.0,0.0,0.0
1,1,0.0,1.0,0.0,0.0,0.0,0.0,0.0,0.0,0.0,0.0,0.0,0.0
1,1,0.0,1.0,0.0,0.0,0.0,0.0,0.0,0.0,0.0,0.0,0.0,0.0
1,1,0.0,1.0,0.0,0.0,0.0,0.0,0.0,0.0,0.0,0.0,0.0,0.0
1,1,0.0,1.0,0.0,0.0,0.0,0.0,0.0,0.0,0.0,0.0,0.0,0.0
1,1,0.0,1.0,0.0,0.0,0.0,0.0,0.0,0.0,0.0,0.0,0.0,0.0
1,1,0.0,1.0,0.0,0.0,0.0,0.0,0.0,0.0,0.0,0.0,0.0,0.0
1,1,0.0,1.0,0.0,0.0,0.0,0.0,0.0,0.0,0.0,0.0,0.0,0.0
1,1,0.0,1.0,0.0,0.0,0.0,0.0,0.0,0.0,0.0,0.0,0.0,0.0
1,1,0.0,1.0,0.0,0.0,0.0,0.0,0.0,0.0,0.0,0.0,0.0,0.0
1,1,0.0,1.0,0.0,0.0,0.0,0.0,0.0,0.0,0.0,0.0,0.0,0.0
1,1,0.0,1.0,0.0,0.0,0.0,0.0,0.0,0.0,0.0,0.0,0.0,0.0
1,1,0.0,1.0,0.0,0.0,0.0,0.0,0.0,0.0,0.0,0.0,0.0,0.0
1,1,0.0,1.0,0.0,0.0,0.0,0.0,0.0,0.0,0.0,0.0,0.0,0.0
1,1,0.0,1.0,0.0,0.0,0.0,0.0,0.0,0.0,0.0,0.0,0.0,0.0
1,1,0.0,1.0,0.0,0.0,0.0,0.0,0.0,0.0,0.0,0.0,0.0,0.0
1,1,0.0,1.0,0.0,0.0,0.0,0.0,0.0,0.0,0.0,0.0,0.0,0.0
1,1,0.0,1.0,0.0,0.0,0.0,0.0,0.0,0.0,0.0,0.0,0.0,0.0
1,1,0.0,1.0,0.0,0.0,0.0,0.0,0.0,0.0,0.0,0.0,0.0,0.0
1,1,0.0,1.0,0.0,0.0,0.0,0.0,0.0,0.0,0.0,0.0,0.0,0.0
1,1,0.0,1.0,0.0,0.0,0.0,0.0,0.0,0.0,0.0,0.0,0.0,0.0
1,1,0.0,1.0,0.0,0.0,0.0,0.0,0.0,0.0,0.0,0.0,0.0,0.0
1,1,0.0,1.0,0.0,0.0,0.0,0.0,0.0,0.0,0.0,0.0,0.0,0.0
1,1,0.0,1.0,0.0,0.0,0.0,0.0,0.0,0.0,0.0,0.0,0.0,0.0
1,1,0.0,1.0,0.0,0.0,0.0,0.0,0.0,0.0,0.0,0.0,0.0,0.0
1,1,0.0,1.0,0.0,0.0,0.0,0.0,0.0,0.0,0.0,0.0,0.0,0.0
1,1,0.0,1.0,0.0,0.0,0.0,0.0,0.0,0.0,0.0,0.0,0.0,0.0
1,1,0.0,1.0,0.0,0.0,0.0,0.0,0.0,0.0,0.0,0.0,0.0,0.0
1,1,0.0,1.0,0.0,0.0,0.0,0.0,0.0,0.0,0.0,0.0,0.0,0.0
1,1,0.0,1.0,0.0,0.0,0.0,0.0,0.0,0.0,0.0,0.0,0.0,0.0
1,1,0.0,1.0,0.0,0.0,0.0,0.0,0.0,0.0,0.0,0.0,0.0,0.0
1,1,0.0,1.0,0.0,0.0,0.0,0.0,0.0,0.0,0.0,0.0,0.0,0.0
1,1,0.0,1.0,0.0,0.0,0.0,0.0,0.0,0.0,0.0,0.0,0.0,0.0
1,1,0.0,1.0,0.0,0.0,0.0,0.0,0.0,0.0,0.0,0.0,0.0,0.0
1,1,0.0,1.0,0.0,0.0,0.0,0.0,0.0,0.0,0.0,0.0,0.0,0.0
1,1,0.0,1.0,0.0,0.0,0.0,0.0,0.0,0.0,0.0,0.0,0.0,0.0
1,1,0.0,1.0,0.0,0.0,0.0,0.0,0.0,0.0,0.0,0.0,0.0,0.0
1,1,0.0,1.0,0.0,0.0,0.0,0.0,0.0,0.0,0.0,0.0,0.0,0.0
1,1,0.0,1.0,0.0,0.0,0.0,0.0,0.0,0.0,0.0,0.0,0.0,0.0
1,1,0.0,1.0,0.0,0.0,0.0,0.0,0.0,0.0,0.0,0.0,0.0,0.0
1,1,0.0,1.0,0.0,0.0,0.0,0.0,0.0,0.0,0.0,0.0,0.0,0.0
1,1,0.0,1.0,0.0,0.0,0.0,0.0,0.0,0.0,0.0,0.0,0.0,0.0
1,1,0.0,1.0,0.0,0.0,0.0,0.0,0.0,0.0,0.0,0.0,0.0,0.0
1,1,0.0,1.0,0.0,0.0,0.0,0.0,0.0,0.0,0.0,0.0,0.0,0.0
1,1,0.0,1.0,0.0,0.0,0.0,0.0,0.0,0.0,0.0,0.0,0.0,0.0
1,1,0.0,1.0,0.0,0.0,0.0,0.0,0.0,0.0,0.0,0.0,0.0,0.0
1,1,0.0,1.0,0.0,0.0,0.0,0.0,0.0,0.0,0.0,0.0,0.0,0.0
1,1,0.0,1.0,0.0,0.0,0.0,0.0,0.0,0.0,0.0,0.0,0.0,0.0
1,1,0.0,1.0,0.0,0.0,0.0,0.0,0.0,0.0,0.0,0.0,0.0,0.0
1,1,0.0,1.0,0.0,0.0,0.0,0.0,0.0,0.0,0.0,0.0,0.0,0.0
1,1,0.0,1.0,0.0,0.0,0.0,0.0,0.0,0.0,0.0,0.0,0.0,0.0
1,1,0.0,1.0,0.0,0.0,0.0,0.0,0.0,0.0,0.0,0.0,0.0,0.0
1,1,0.0,1.0,0.0,0.0,0.0,0.0,0.0,0.0,0.0,0.0,0.0,0.0
1,1,0.0,1.0,0.0,0.0,0.0,0.0,0.0,0.0,0.0,0.0,0.0,0.0
1,1,0.0,1.0,0.0,0.0,0.0,0.0,0.0,0.0,0.0,0.0,0.0,0.0
1,1,0.0,1.0,0.0,0.0,0.0,0.0,0.0,0.0,0.0,0.0,0.0,0.0
1,1,0.0,1.0,0.0,0.0,0.0,0.0,0.0,0.0,0.0,0.0,0.0,0.0
1,1,0.0,1.0,0.0,0.0,0.0,0.0,0.0,0.0,0.0,0.0,0.0,0.0
1,1,0.0,1.0,0.0,0.0,0.0,0.0,0.0,0.0,0.0,0.0,0.0,0.0
1,1,0.0,1.0,0.0,0.0,0.0,0.0,0.0,0.0,0.0,0.0,0.0,0.0
1,1,0.0,1.0,0.0,0.0,0.0,0.0,0.0,0.0,0.0,0.0,0.0,0.0
1,1,0.0,1.0,0.0,0.0,0.0,0.0,0.0,0.0,0.0,0.0,0.0,0.0
1,1,0.0,1.0,0.0,0.0,0.0,0.0,0.0,0.0,0.0,0.0,0.0,0.0
1,1,0.0,1.0,0.0,0.0,0.0,0.0,0.0,0.0,0.0,0.0,0.0,0.0
1,1,0.0,1.0,0.0,0.0,0.0,0.0,0.0,0.0,0.0,0.0,0.0,0.0
1,1,0.0,1.0,0.0,0.0,0.0,0.0,0.0,0.0,0.0,0.0,0.0,0.0
1,1,0.0,1.0,0.0,0.0,0.0,0.0,0.0,0.0,0.0,0.0,0.0,0.0
1,1,0.0,1.0,0.0,0.0,0.0,0.0,0.0,0.0,0.0,0.0,0.0,0.0
1,1,0.0,1.0,0.0,0.0,0.0,0.0,0.0,0.0,0.0,0.0,0.0,0.0
1,1,0.0,1.0,0.0,0.0,0.0,0.0,0.0,0.0,0.0,0.0,0.0,0.0
1,1,0.0,1.0,0.0,0.0,0.0,0.0,0.0,0.0,0.0,0.0,0.0,0.0
1,1,0.0,1.0,0.0,0.0,0.0,0.0,0.0,0.0,0.0,0.0,0.0,0.0
1,1,0.0,1.0,0.0,0.0,0.0,0.0,0.0,0.0,0.0,0.0,0.0,0.0
1,1,0.0,1.0,0.0,0.0,0.0,0.0,0.0,0.0,0.0,0.0,0.0,0.0
1,1,0.0,1.0,0.0,0.0,0.0,0.0,0.0,0.0,0.0,0.0,0.0,0.0
1,1,0.0,1.0,0.0,0.0,0.0,0.0,0.0,0.0,0.0,0.0,0.0,0.0
1,1,0.0,1.0,0.0,0.0,0.0,0.0,0.0,0.0,0.0,0.0,0.0,0.0
1,1,0.0,1.0,0.0,0.0,0.0,0.0,0.0,0.0,0.0,0.0,0.0,0.0
1,1,0.0,1.0,0.0,0.0,0.0,0.0,0.0,0.0,0.0,0.0,0.0,0.0
1,1,0.0,1.0,0.0,0.0,0.0,0.0,0.0,0.0,0.0,0.0,0.0,0.0
1,1,0.0,1.0,0.0,0.0,0.0,0.0,0.0,0.0,0.0,0.0,0.0,0.0
1,1,0.0,1.0,0.0,0.0,0.0,0.0,0.0,0.0,0.0,0.0,0.0,0.0
1,1,0.0,1.0,0.0,0.0,0.0,0.0,0.0,0.0,0.0,0.0,0.0,0.0
1,1,0.0,1.0,0.0,0.0,0.0,0.0,0.0,0.0,0.0,0.0,0.0,0.0
1,1,0.0,1.0,0.0,0.0,0.0,0.0,0.0,0.0,0.0,0.0,0.0,0.0
1,1,0.0,1.0,0.0,0.0,0.0,0.0,0.0,0.0,0.0,0.0,0.0,0.0
1,1,0.0,1.0,0.0,0.0,0.0,0.0,0.0,0.0,0.0,0.0,0.0,0.0
1,1,0.0,1.0,0.0,0.0,0.0,0.0,0.0,0.0,0.0,0.0,0.0,0.0
1,1,0.0,1.0,0.0,0.0,0.0,0.0,0.0,0.0,0.0,0.0,0.0,0.0
1,1,0.0,1.0,0.0,0.0,0.0,0.0,0.0,0.0,0.0,0.0,0.0,0.0
1,1,0.0,1.0,0.0,0.0,0.0,0.0,0.0,0.0,0.0,0.0,0.0,0.0
1,1,0.0,1.0,0.0,0.0,0.0,0.0,0.0,0.0,0.0,0.0,0.0,0.0
1,1,0.0,1.0,0.0,0.0,0.0,0.0,0.0,0.0,0.0,0.0,0.0,0.0
1,1,0.0,1.0,0.0,0.0,0.0,0.0,0.0,0.0,0.0,0.0,0.0,0.0
1,1,0.0,1.0,0.0,0.0,0.0,0.0,0.0,0.0,0.0,0.0,0.0,0.0
1,1,0.0,1.0,0.0,0.0,0.0,0.0,0.0,0.0,0.0,0.0,0.0,0.0
1,1,0.0,1.0,0.0,0.0,0.0,0.0,0.0,0.0,0.0,0.0,0.0,0.0
1,1,0.0,1.0,0.0,0.0,0.0,0.0,0.0,0.0,0.0,0.0,0.0,0.0
1,1,0.0,1.0,0.0,0.0,0.0,0.0,0.0,0.0,0.0,0.0,0.0,0.0
1,1,0.0,1.0,0.0,0.0,0.0,0.0,0.0,0.0,0.0,0.0,0.0,0.0
1,1,0.0,1.0,0.0,0.0,0.0,0.0,0.0,0.0,0.0,0.0,0.0,0.0
1,1,0.0,1.0,0.0,0.0,0.0,0.0,0.0,0.0,0.0,0.0,0.0,0.0
1,1,0.0,1.0,0.0,0.0,0.0,0.0,0.0,0.0,0.0,0.0,0.0,0.0
1,1,0.0,1.0,0.0,0.0,0.0,0.0,0.0,0.0,0.0,0.0,0.0,0.0
1,1,0.0,1.0,0.0,0.0,0.0,0.0,0.0,0.0,0.0,0.0,0.0,0.0
1,1,0.0,1.0,0.0,0.0,0.0,0.0,0.0,0.0,0.0,0.0,0.0,0.0
1,1,0.0,1.0,0.0,0.0,0.0,0.0,0.0,0.0,0.0,0.0,0.0,0.0
1,1,0.0,1.0,0.0,0.0,0.0,0.0,0.0,0.0,0.0,0.0,0.0,0.0
1,1,0.0,1.0,0.0,0.0,0.0,0.0,0.0,0.0,0.0,0.0,0.0,0.0
1,1,0.0,1.0,0.0,0.0,0.0,0.0,0.0,0.0,0.0,0.0,0.0,0.0
1,1,0.0,1.0,0.0,0.0,0.0,0.0,0.0,0.0,0.0,0.0,0.0,0.0
1,1,0.0,1.0,0.0,0.0,0.0,0.0,0.0,0.0,0.0,0.0,0.0,0.0
1,1,0.0,1.0,0.0,0.0,0.0,0.0,0.0,0.0,0.0,0.0,0.0,0.0
1,1,0.0,1.0,0.0,0.0,0.0,0.0,0.0,0.0,0.0,0.0,0.0,0.0
1,1,0.0,1.0,0.0,0.0,0.0,0.0,0.0,0.0,0.0,0.0,0.0,0.0
1,1,0.0,1.0,0.0,0.0,0.0,0.0,0.0,0.0,0.0,0.0,0.0,0.0
1,1,0.0,1.0,0.0,0.0,0.0,0.0,0.0,0.0,0.0,0.0,0.0,0.0
1,1,0.0,1.0,0.0,0.0,0.0,0.0,0.0,0.0,0.0,0.0,0.0,0.0
1,1,0.0,1.0,0.0,0.0,0.0,0.0,0.0,0.0,0.0,0.0,0.0,0.0
1,1,0.0,1.0,0.0,0.0,0.0,0.0,0.0,0.0,0.0,0.0,0.0,0.0
1,1,0.0,1.0,0.0,0.0,0.0,0.0,0.0,0.0,0.0,0.0,0.0,0.0
1,1,0.0,1.0,0.0,0.0,0.0,0.0,0.0,0.0,0.0,0.0,0.0,0.0
1,1,0.0,1.0,0.0,0.0,0.0,0.0,0.0,0.0,0.0,0.0,0.0,0.0
1,1,0.0,1.0,0.0,0.0,0.0,0.0,0.0,0.0,0.0,0.0,0.0,0.0
1,1,0.0,1.0,0.0,0.0,0.0,0.0,0.0,0.0,0.0,0.0,0.0,0.0
1,1,0.0,1.0,0.0,0.0,0.0,0.0,0.0,0.0,0.0,0.0,0.0,0.0
1,1,0.0,1.0,0.0,0.0,0.0,0.0,0.0,0.0,0.0,0.0,0.0,0.0
1,1,0.0,1.0,0.0,0.0,0.0,0.0,0.0,0.0,0.0,0.0,0.0,0.0
1,1,0.0,1.0,0.0,0.0,0.0,0.0,0.0,0.0,0.0,0.0,0.0,0.0
1,1,0.0,1.0,0.0,0.0,0.0,0.0,0.0,0.0,0.0,0.0,0.0,0.0
1,1,0.0,1.0,0.0,0.0,0.0,0.0,0.0,0.0,0.0,0.0,0.0,0.0
1,1,0.0,1.0,0.0,0.0,0.0,0.0,0.0,0.0,0.0,0.0,0.0,0.0
1,1,0.0,1.0,0.0,0.0,0.0,0.0,0.0,0.0,0.0,0.0,0.0,0.0
1,1,0.0,1.0,0.0,0.0,0.0,0.0,0.0,0.0,0.0,0.0,0.0,0.0
1,1,0.0,1.0,0.0,0.0,0.0,0.0,0.0,0.0,0.0,0.0,0.0,0.0
1,1,0.0,1.0,0.0,0.0,0.0,0.0,0.0,0.0,0.0,0.0,0.0,0.0
1,1,0.0,1.0,0.0,0.0,0.0,0.0,0.0,0.0,0.0,0.0,0.0,0.0
1,1,0.0,1.0,0.0,0.0,0.0,0.0,0.0,0.0,0.0,0.0,0.0,0.0
1,1,0.0,1.0,0.0,0.0,0.0,0.0,0.0,0.0,0.0,0.0,0.0,0.0
1,1,0.0,1.0,0.0,0.0,0.0,0.0,0.0,0.0,0.0,0.0,0.0,0.0
1,1,0.0,1.0,0.0,0.0,0.0,0.0,0.0,0.0,0.0,0.0,0.0,0.0
1,1,0.0,1.0,0.0,0.0,0.0,0.0,0.0,0.0,0.0,0.0,0.0,0.0
1,1,0.0,1.0,0.0,0.0,0.0,0.0,0.0,0.0,0.0,0.0,0.0,0.0
1,1,0.0,1.0,0.0,0.0,0.0,0.0,0.0,0.0,0.0,0.0,0.0,0.0
1,1,0.0,1.0,0.0,0.0,0.0,0.0,0.0,0.0,0.0,0.0,0.0,0.0
1,1,0.0,1.0,0.0,0.0,0.0,0.0,0.0,0.0,0.0,0.0,0.0,0.0
1,1,0.0,1.0,0.0,0.0,0.0,0.0,0.0,0.0,0.0,0.0,0.0,0.0
1,1,0.0,1.0,0.0,0.0,0.0,0.0,0.0,0.0,0.0,0.0,0.0,0.0
1,1,0.0,1.0,0.0,0.0,0.0,0.0,0.0,0.0,0.0,0.0,0.0,0.0
1,1,0.0,1.0,0.0,0.0,0.0,0.0,0.0,0.0,0.0,0.0,0.0,0.0
1,1,0.0,1.0,0.0,0.0,0.0,0.0,0.0,0.0,0.0,0.0,0.0,0.0
1,1,0.0,1.0,0.0,0.0,0.0,0.0,0.0,0.0,0.0,0.0,0.0,0.0
1,1,0.0,1.0,0.0,0.0,0.0,0.0,0.0,0.0,0.0,0.0,0.0,0.0
1,1,0.0,1.0,0.0,0.0,0.0,0.0,0.0,0.0,0.0,0.0,0.0,0.0
1,1,0.0,1.0,0.0,0.0,0.0,0.0,0.0,0.0,0.0,0.0,0.0,0.0
1,1,0.0,1.0,0.0,0.0,0.0,0.0,0.0,0.0,0.0,0.0,0.0,0.0
1,1,0.0,1.0,0.0,0.0,0.0,0.0,0.0,0.0,0.0,0.0,0.0,0.0
1,1,0.0,1.0,0.0,0.0,0.0,0.0,0.0,0.0,0.0,0.0,0.0,0.0
1,1,0.0,1.0,0.0,0.0,0.0,0.0,0.0,0.0,0.0,0.0,0.0,0.0
1,1,0.0,1.0,0.0,0.0,0.0,0.0,0.0,0.0,0.0,0.0,0.0,0.0
1,1,0.0,1.0,0.0,0.0,0.0,0.0,0.0,0.0,0.0,0.0,0.0,0.0
1,1,0.0,1.0,0.0,0.0,0.0,0.0,0.0,0.0,0.0,0.0,0.0,0.0
1,1,0.015625,0.984375,0.0,0.0,0.0,0.0,0.0,0.0,0.0,0.0,0.0,0.0
1,1,0.015625,0.984375,0.0,0.0,0.0,0.0,0.0,0.0,0.0,0.0,0.0,0.0
1,1,0.015625,0.984375,0.0,0.0,0.0,0.0,0.0,0.0,0.0,0.0,0.0,0.0
1,1,0.015625,0.984375,0.0,0.0,0.0,0.0,0.0,0.0,0.0,0.0,0.0,0.0
1,1,0.015625,0.984375,0.0,0.0,0.0,0.0,0.0,0.0,0.0,0.0,0.0,0.0
1,1,0.015625,0.984375,0.0,0.0,0.0,0.0,0.0,0.0,0.0,0.0,0.0,0.0
1,1,0.015625,0.984375,0.0,0.0,0.0,0.0,0.0,0.0,0.0,0.0,0.0,0.0
1,1,0.015625,0.984375,0.0,0.0,0.0,0.0,0.0,0.0,0.0,0.0,0.0,0.0
1,1,0.015625,0.984375,0.0,0.0,0.0,0.0,0.0,0.0,0.0,0.0,0.0,0.0
1,1,0.015625,0.984375,0.0,0.0,0.0,0.0,0.0,0.0,0.0,0.0,0.0,0.0
1,1,0.015625,0.984375,0.0,0.0,0.0,0.0,0.0,0.0,0.0,0.0,0.0,0.0
1,1,0.015625,0.984375,0.0,0.0,0.0,0.0,0.0,0.0,0.0,0.0,0.0,0.0
1,1,0.015625,0.984375,0.0,0.0,0.0,0.0,0.0,0.0,0.0,0.0,0.0,0.0
1,1,0.015625,0.984375,0.0,0.0,0.0,0.0,0.0,0.0,0.0,0.0,0.0,0.0
1,1,0.015625,0.984375,0.0,0.0,0.0,0.0,0.0,0.0,0.0,0.0,0.0,0.0
1,1,0.015625,0.984375,0.0,0.0,0.0,0.0,0.0,0.0,0.0,0.0,0.0,0.0
1,1,0.015625,0.984375,0.0,0.0,0.0,0.0,0.0,0.0,0.0,0.0,0.0,0.0
1,1,0.015625,0.984375,0.0,0.0,0.0,0.0,0.0,0.0,0.0,0.0,0.0,0.0
1,1,0.015625,0.984375,0.0,0.0,0.0,0.0,0.0,0.0,0.0,0.0,0.0,0.0
1,1,0.015625,0.984375,0.0,0.0,0.0,0.0,0.0,0.0,0.0,0.0,0.0,0.0
1,1,0.03125,0.96875,0.0,0.0,0.0,0.0,0.0,0.0,0.0,0.0,0.0,0.0
1,1,0.03125,0.96875,0.0,0.0,0.0,0.0,0.0,0.0,0.0,0.0,0.0,0.0
1,1,0.03125,0.96875,0.0,0.0,0.0,0.0,0.0,0.0,0.0,0.0,0.0,0.0
1,1,0.03125,0.96875,0.0,0.0,0.0,0.0,0.0,0.0,0.0,0.0,0.0,0.0
1,1,0.03125,0.96875,0.0,0.0,0.0,0.0,0.0,0.0,0.0,0.0,0.0,0.0
1,1,0.03125,0.96875,0.0,0.0,0.0,0.0,0.0,0.0,0.0,0.0,0.0,0.0
1,1,0.03125,0.96875,0.0,0.0,0.0,0.0,0.0,0.0,0.0,0.0,0.0,0.0
1,1,0.03125,0.96875,0.0,0.0,0.0,0.0,0.0,0.0,0.0,0.0,0.0,0.0
1,1,0.03125,0.96875,0.0,0.0,0.0,0.0,0.0,0.0,0.0,0.0,0.0,0.0
1,1,0.03125,0.96875,0.0,0.0,0.0,0.0,0.0,0.0,0.0,0.0,0.0,0.0
1,1,0.03125,0.96875,0.0,0.0,0.0,0.0,0.0,0.0,0.0,0.0,0.0,0.0
1,1,0.03125,0.96875,0.0,0.0,0.0,0.0,0.0,0.0,0.0,0.0,0.0,0.0
1,1,0.03125,0.96875,0.0,0.0,0.0,0.0,0.0,0.0,0.0,0.0,0.0,0.0
1,1,0.03125,0.96875,0.0,0.0,0.0,0.0,0.0,0.0,0.0,0.0,0.0,0.0
1,1,0.03125,0.96875,0.0,0.0,0.0,0.0,0.0,0.0,0.0,0.0,0.0,0.0
1,1,0.03125,0.96875,0.0,0.0,0.0,0.0,0.0,0.0,0.0,0.0,0.0,0.0
1,1,0.046875,0.953125,0.0,0.0,0.0,0.0,0.0,0.0,0.0,0.0,0.0,0.0
1,1,0.046875,0.953125,0.0,0.0,0.0,0.0,0.0,0.0,0.0,0.0,0.0,0.0
1,1,0.046875,0.953125,0.0,0.0,0.0,0.0,0.0,0.0,0.0,0.0,0.0,0.0
1,1,0.046875,0.953125,0.0,0.0,0.0,0.0,0.0,0.0,0.0,0.0,0.0,0.0
1,1,0.046875,0.953125,0.0,0.0,0.0,0.0,0.0,0.0,0.0,0.0,0.0,0.0
1,1,0.046875,0.953125,0.0,0.0,0.0,0.0,0.0,0.0,0.0,0.0,0.0,0.0
1,1,0.046875,0.953125,0.0,0.0,0.0,0.0,0.0,0.0,0.0,0.0,0.0,0.0
1,1,0.046875,0.953125,0.0,0.0,0.0,0.0,0.0,0.0,0.0,0.0,0.0,0.0
1,1,0.046875,0.953125,0.0,0.0,0.0,0.0,0.0,0.0,0.0,0.0,0.0,0.0
1,1,0.046875,0.953125,0.0,0.0,0.0,0.0,0.0,0.0,0.0,0.0,0.0,0.0
1,1,0.046875,0.953125,0.0,0.0,0.0,0.0,0.0,0.0,0.0,0.0,0.0,0.0
1,1,0.046875,0.953125,0.0,0.0,0.0,0.0,0.0,0.0,0.0,0.0,0.0,0.0
1,1,0.046875,0.953125,0.0,0.0,0.0,0.0,0.0,0.0,0.0,0.0,0.0,0.0
1,1,0.046875,0.953125,0.0,0.0,0.0,0.0,0.0,0.0,0.0,0.0,0.0,0.0
1,1,0.046875,0.953125,0.0,0.0,0.0,0.0,0.0,0.0,0.0,0.0,0.0,0.0
1,1,0.046875,0.953125,0.0,0.0,0.0,0.0,0.0,0.0,0.0,0.0,0.0,0.0
1,1,0.046875,0.953125,0.0,0.0,0.0,0.0,0.0,0.0,0.0,0.0,0.0,0.0
1,1,0.046875,0.953125,0.0,0.0,0.0,0.0,0.0,0.0,0.0,0.0,0.0,0.0
1,1,0.046875,0.953125,0.0,0.0,0.0,0.0,0.0,0.0,0.0,0.0,0.0,0.0
1,1,0.046875,0.953125,0.0,0.0,0.0,0.0,0.0,0.0,0.0,0.0,0.0,0.0
1,1,0.046875,0.953125,0.0,0.0,0.0,0.0,0.0,0.0,0.0,0.0,0.0,0.0
1,1,0.046875,0.953125,0.0,0.0,0.0,0.0,0.0,0.0,0.0,0.0,0.0,0.0
1,1,0.046875,0.953125,0.0,0.0,0.0,0.0,0.0,0.0,0.0,0.0,0.0,0.0
1,1,0.046875,0.953125,0.0,0.0,0.0,0.0,0.0,0.0,0.0,0.0,0.0,0.0
1,1,0.046875,0.953125,0.0,0.0,0.0,0.0,0.0,0.0,0.0,0.0,0.0,0.0
1,1,0.046875,0.953125,0.0,0.0,0.0,0.0,0.0,0.0,0.0,0.0,0.0,0.0
1,1,0.046875,0.953125,0.0,0.0,0.0,0.0,0.0,0.0,0.0,0.0,0.0,0.0
1,1,0.046875,0.953125,0.0,0.0,0.0,0.0,0.0,0.0,0.0,0.0,0.0,0.0
1,1,0.046875,0.953125,0.0,0.0,0.0,0.0,0.0,0.0,0.0,0.0,0.0,0.0
1,1,0.046875,0.953125,0.0,0.0,0.0,0.0,0.0,0.0,0.0,0.0,0.0,0.0
1,1,0.046875,0.953125,0.0,0.0,0.0,0.0,0.0,0.0,0.0,0.0,0.0,0.0
1,1,0.046875,0.953125,0.0,0.0,0.0,0.0,0.0,0.0,0.0,0.0,0.0,0.0
1,1,0.046875,0.953125,0.0,0.0,0.0,0.0,0.0,0.0,0.0,0.0,0.0,0.0
1,1,0.046875,0.953125,0.0,0.0,0.0,0.0,0.0,0.0,0.0,0.0,0.0,0.0
1,1,0.046875,0.953125,0.0,0.0,0.0,0.0,0.0,0.0,0.0,0.0,0.0,0.0
1,1,0.046875,0.953125,0.0,0.0,0.0,0.0,0.0,0.0,0.0,0.0,0.0,0.0
1,1,0.046875,0.953125,0.0,0.0,0.0,0.0,0.0,0.0,0.0,0.0,0.0,0.0
1,1,0.046875,0.953125,0.0,0.0,0.0,0.0,0.0,0.0,0.0,0.0,0.0,0.0
1,1,0.046875,0.953125,0.0,0.0,0.0,0.0,0.0,0.0,0.0,0.0,0.0,0.0
1,1,0.046875,0.953125,0.0,0.0,0.0,0.0,0.0,0.0,0.0,0.0,0.0,0.0
1,1,0.046875,0.953125,0.0,0.0,0.0,0.0,0.0,0.0,0.0,0.0,0.0,0.0
1,1,0.046875,0.953125,0.0,0.0,0.0,0.0,0.0,0.0,0.0,0.0,0.0,0.0
1,1,0.046875,0.953125,0.0,0.0,0.0,0.0,0.0,0.0,0.0,0.0,0.0,0.0
1,1,0.046875,0.953125,0.0,0.0,0.0,0.0,0.0,0.0,0.0,0.0,0.0,0.0
1,1,0.046875,0.953125,0.0,0.0,0.0,0.0,0.0,0.0,0.0,0.0,0.0,0.0
1,1,0.046875,0.953125,0.0,0.0,0.0,0.0,0.0,0.0,0.0,0.0,0.0,0.0
1,1,0.046875,0.953125,0.0,0.0,0.0,0.0,0.0,0.0,0.0,0.0,0.0,0.0
1,1,0.046875,0.953125,0.0,0.0,0.0,0.0,0.0,0.0,0.0,0.0,0.0,0.0
1,1,0.046875,0.953125,0.0,0.0,0.0,0.0,0.0,0.0,0.0,0.0,0.0,0.0
1,1,0.046875,0.953125,0.0,0.0,0.0,0.0,0.0,0.0,0.0,0.0,0.0,0.0
1,1,0.046875,0.953125,0.0,0.0,0.0,0.0,0.0,0.0,0.0,0.0,0.0,0.0
1,1,0.046875,0.953125,0.0,0.0,0.0,0.0,0.0,0.0,0.0,0.0,0.0,0.0
1,1,0.046875,0.953125,0.0,0.0,0.0,0.0,0.0,0.0,0.0,0.0,0.0,0.0
1,1,0.046875,0.953125,0.0,0.0,0.0,0.0,0.0,0.0,0.0,0.0,0.0,0.0
1,1,0.046875,0.953125,0.0,0.0,0.0,0.0,0.0,0.0,0.0,0.0,0.0,0.0
1,1,0.046875,0.953125,0.0,0.0,0.0,0.0,0.0,0.0,0.0,0.0,0.0,0.0
1,1,0.046875,0.953125,0.0,0.0,0.0,0.0,0.0,0.0,0.0,0.0,0.0,0.0
1,1,0.046875,0.953125,0.0,0.0,0.0,0.0,0.0,0.0,0.0,0.0,0.0,0.0
1,1,0.046875,0.953125,0.0,0.0,0.0,0.0,0.0,0.0,0.0,0.0,0.0,0.0
1,1,0.046875,0.953125,0.0,0.0,0.0,0.0,0.0,0.0,0.0,0.0,0.0,0.0
1,1,0.046875,0.953125,0.0,0.0,0.0,0.0,0.0,0.0,0.0,0.0,0.0,0.0
1,1,0.046875,0.953125,0.0,0.0,0.0,0.0,0.0,0.0,0.0,0.0,0.0,0.0
1,1,0.046875,0.953125,0.0,0.0,0.0,0.0,0.0,0.0,0.0,0.0,0.0,0.0
1,1,0.046875,0.953125,0.0,0.0,0.0,0.0,0.0,0.0,0.0,0.0,0.0,0.0
1,1,0.03125,0.96875,0.0,0.0,0.0,0.0,0.0,0.0,0.0,0.0,0.0,0.0
1,1,0.03125,0.96875,0.0,0.0,0.0,0.0,0.0,0.0,0.0,0.0,0.0,0.0
1,1,0.03125,0.96875,0.0,0.0,0.0,0.0,0.0,0.0,0.0,0.0,0.0,0.0
1,1,0.03125,0.96875,0.0,0.0,0.0,0.0,0.0,0.0,0.0,0.0,0.0,0.0
1,1,0.03125,0.96875,0.0,0.0,0.0,0.0,0.0,0.0,0.0,0.0,0.0,0.0
1,1,0.03125,0.96875,0.0,0.0,0.0,0.0,0.0,0.0,0.0,0.0,0.0,0.0
1,1,0.03125,0.96875,0.0,0.0,0.0,0.0,0.0,0.0,0.0,0.0,0.0,0.0
1,1,0.03125,0.96875,0.0,0.0,0.0,0.0,0.0,0.0,0.0,0.0,0.0,0.0
1,1,0.03125,0.96875,0.0,0.0,0.0,0.0,0.0,0.0,0.0,0.0,0.0,0.0
1,1,0.03125,0.96875,0.0,0.0,0.0,0.0,0.0,0.0,0.0,0.0,0.0,0.0
1,1,0.03125,0.96875,0.0,0.0,0.0,0.0,0.0,0.0,0.0,0.0,0.0,0.0
1,1,0.03125,0.96875,0.0,0.0,0.0,0.0,0.0,0.0,0.0,0.0,0.0,0.0
1,1,0.03125,0.96875,0.0,0.0,0.0,0.0,0.0,0.0,0.0,0.0,0.0,0.0
1,1,0.03125,0.96875,0.0,0.0,0.0,0.0,0.0,0.0,0.0,0.0,0.0,0.0
1,1,0.03125,0.96875,0.0,0.0,0.0,0.0,0.0,0.0,0.0,0.0,0.0,0.0
1,1,0.03125,0.96875,0.0,0.0,0.0,0.0,0.0,0.0,0.0,0.0,0.0,0.0
1,1,0.015625,0.984375,0.0,0.0,0.0,0.0,0.0,0.0,0.0,0.0,0.0,0.0
1,1,0.015625,0.984375,0.0,0.0,0.0,0.0,0.0,0.0,0.0,0.0,0.0,0.0
1,1,0.015625,0.984375,0.0,0.0,0.0,0.0,0.0,0.0,0.0,0.0,0.0,0.0
1,1,0.015625,0.984375,0.0,0.0,0.0,0.0,0.0,0.0,0.0,0.0,0.0,0.0
1,1,0.015625,0.984375,0.0,0.0,0.0,0.0,0.0,0.0,0.0,0.0,0.0,0.0
1,1,0.015625,0.984375,0.0,0.0,0.0,0.0,0.0,0.0,0.0,0.0,0.0,0.0
1,1,0.015625,0.984375,0.0,0.0,0.0,0.0,0.0,0.0,0.0,0.0,0.0,0.0
1,1,0.015625,0.984375,0.0,0.0,0.0,0.0,0.0,0.0,0.0,0.0,0.0,0.0
1,1,0.015625,0.984375,0.0,0.0,0.0,0.0,0.0,0.0,0.0,0.0,0.0,0.0
1,1,0.015625,0.984375,0.0,0.0,0.0,0.0,0.0,0.0,0.0,0.0,0.0,0.0
1,1,0.0,1.0,0.0,0.0,0.0,0.0,0.0,0.0,0.0,0.0,0.0,0.0
1,1,0.0,1.0,0.0,0.0,0.0,0.0,0.0,0.0,0.0,0.0,0.0,0.0
1,1,0.0,1.0,0.0,0.0,0.0,0.0,0.0,0.0,0.0,0.0,0.0,0.0
1,1,0.0,1.0,0.0,0.0,0.0,0.0,0.0,0.0,0.0,0.0,0.0,0.0
1,1,0.0,1.0,0.0,0.0,0.0,0.0,0.0,0.0,0.0,0.0,0.0,0.0
1,1,0.0,1.0,0.0,0.0,0.0,0.0,0.0,0.0,0.0,0.0,0.0,0.0
1,1,0.0,1.0,0.0,0.0,0.0,0.0,0.0,0.0,0.0,0.0,0.0,0.0
1,1,0.0,1.0,0.0,0.0,0.0,0.0,0.0,0.0,0.0,0.0,0.0,0.0
1,1,0.0,1.0,0.0,0.0,0.0,0.0,0.0,0.0,0.0,0.0,0.0,0.0
1,1,0.0,1.0,0.0,0.0,0.0,0.0,0.0,0.0,0.0,0.0,0.0,0.0
1,1,0.0,1.0,0.0,0.0,0.0,0.0,0.0,0.0,0.0,0.0,0.0,0.0
1,1,0.0,1.0,0.0,0.0,0.0,0.0,0.0,0.0,0.0,0.0,0.0,0.0
1,1,0.0,1.0,0.0,0.0,0.0,0.0,0.0,0.0,0.0,0.0,0.0,0.0
1,1,0.0,1.0,0.0,0.0,0.0,0.0,0.0,0.0,0.0,0.0,0.0,0.0
1,1,0.0,1.0,0.0,0.0,0.0,0.0,0.0,0.0,0.0,0.0,0.0,0.0
1,1,0.0,1.0,0.0,0.0,0.0,0.0,0.0,0.0,0.0,0.0,0.0,0.0
1,1,0.0,1.0,0.0,0.0,0.0,0.0,0.0,0.0,0.0,0.0,0.0,0.0
1,1,0.0,1.0,0.0,0.0,0.0,0.0,0.0,0.0,0.0,0.0,0.0,0.0
1,1,0.0,1.0,0.0,0.0,0.0,0.0,0.0,0.0,0.0,0.0,0.0,0.0
1,1,0.0,1.0,0.0,0.0,0.0,0.0,0.0,0.0,0.0,0.0,0.0,0.0
1,1,0.0,1.0,0.0,0.0,0.0,0.0,0.0,0.0,0.0,0.0,0.0,0.0
1,1,0.0,1.0,0.0,0.0,0.0,0.0,0.0,0.0,0.0,0.0,0.0,0.0
1,1,0.0,1.0,0.0,0.0,0.0,0.0,0.0,0.0,0.0,0.0,0.0,0.0
1,1,0.0,1.0,0.0,0.0,0.0,0.0,0.0,0.0,0.0,0.0,0.0,0.0
1,1,0.0,1.0,0.0,0.0,0.0,0.0,0.0,0.0,0.0,0.0,0.0,0.0
1,1,0.0,1.0,0.0,0.0,0.0,0.0,0.0,0.0,0.0,0.0,0.0,0.0
1,1,0.0,1.0,0.0,0.0,0.0,0.0,0.0,0.0,0.0,0.0,0.0,0.0
1,1,0.0,1.0,0.0,0.0,0.0,0.0,0.0,0.0,0.0,0.0,0.0,0.0
1,1,0.0,1.0,0.0,0.0,0.0,0.0,0.0,0.0,0.0,0.0,0.0,0.0
1,1,0.0,1.0,0.0,0.0,0.0,0.0,0.0,0.0,0.0,0.0,0.0,0.0
1,1,0.0,1.0,0.0,0.0,0.0,0.0,0.0,0.0,0.0,0.0,0.0,0.0
1,1,0.0,1.0,0.0,0.0,0.0,0.0,0.0,0.0,0.0,0.0,0.0,0.0
1,1,0.0,1.0,0.0,0.0,0.0,0.0,0.0,0.0,0.0,0.0,0.0,0.0
1,1,0.0,1.0,0.0,0.0,0.0,0.0,0.0,0.0,0.0,0.0,0.0,0.0
1,1,0.0,1.0,0.0,0.0,0.0,0.0,0.0,0.0,0.0,0.0,0.0,0.0
1,1,0.0,1.0,0.0,0.0,0.0,0.0,0.0,0.0,0.0,0.0,0.0,0.0
1,1,0.0,1.0,0.0,0.0,0.0,0.0,0.0,0.0,0.0,0.0,0.0,0.0
1,1,0.0,1.0,0.0,0.0,0.0,0.0,0.0,0.0,0.0,0.0,0.0,0.0
1,1,0.0,1.0,0.0,0.0,0.0,0.0,0.0,0.0,0.0,0.0,0.0,0.0
1,1,0.0,1.0,0.0,0.0,0.0,0.0,0.0,0.0,0.0,0.0,0.0,0.0
1,1,0.0,1.0,0.0,0.0,0.0,0.0,0.0,0.0,0.0,0.0,0.0,0.0
1,1,0.0,1.0,0.0,0.0,0.0,0.0,0.0,0.0,0.0,0.0,0.0,0.0
1,1,0.0,1.0,0.0,0.0,0.0,0.0,0.0,0.0,0.0,0.0,0.0,0.0
1,1,0.0,1.0,0.0,0.0,0.0,0.0,0.0,0.0,0.0,0.0,0.0,0.0
1,1,0.0,1.0,0.0,0.0,0.0,0.0,0.0,0.0,0.0,0.0,0.0,0.0
1,1,0.0,1.0,0.0,0.0,0.0,0.0,0.0,0.0,0.0,0.0,0.0,0.0
1,1,0.0,1.0,0.0,0.0,0.0,0.0,0.0,0.0,0.0,0.0,0.0,0.0
1,1,0.0,1.0,0.0,0.0,0.0,0.0,0.0,0.0,0.0,0.0,0.0,0.0
1,1,0.0,1.0,0.0,0.0,0.0,0.0,0.0,0.0,0.0,0.0,0.0,0.0
1,1,0.0,1.0,0.0,0.0,0.0,0.0,0.0,0.0,0.0,0.0,0.0,0.0
1,1,0.0,1.0,0.0,0.0,0.0,0.0,0.0,0.0,0.0,0.0,0.0,0.0
1,1,0.0,1.0,0.0,0.0,0.0,0.0,0.0,0.0,0.0,0.0,0.0,0.0
1,1,0.0,1.0,0.0,0.0,0.0,0.0,0.0,0.0,0.0,0.0,0.0,0.0
1,1,0.0,1.0,0.0,0.0,0.0,0.0,0.0,0.0,0.0,0.0,0.0,0.0
1,1,0.0,1.0,0.0,0.0,0.0,0.0,0.0,0.0,0.0,0.0,0.0,0.0
1,1,0.0,1.0,0.0,0.0,0.0,0.0,0.0,0.0,0.0,0.0,0.0,0.0
1,1,0.0,1.0,0.0,0.0,0.0,0.0,0.0,0.0,0.0,0.0,0.0,0.0
1,1,0.0,1.0,0.0,0.0,0.0,0.0,0.0,0.0,0.0,0.0,0.0,0.0
1,1,0.0,1.0,0.0,0.0,0.0,0.0,0.0,0.0,0.0,0.0,0.0,0.0
1,1,0.0,1.0,0.0,0.0,0.0,0.0,0.0,0.0,0.0,0.0,0.0,0.0
1,1,0.0,1.0,0.0,0.0,0.0,0.0,0.0,0.0,0.0,0.0,0.0,0.0
1,1,0.0,1.0,0.0,0.0,0.0,0.0,0.0,0.0,0.0,0.0,0.0,0.0
1,1,0.0,1.0,0.0,0.0,0.0,0.0,0.0,0.0,0.0,0.0,0.0,0.0
1,1,0.0,1.0,0.0,0.0,0.0,0.0,0.0,0.0,0.0,0.0,0.0,0.0
1,1,0.0,1.0,0.0,0.0,0.0,0.0,0.0,0.0,0.0,0.0,0.0,0.0
1,1,0.0,1.0,0.0,0.0,0.0,0.0,0.0,0.0,0.0,0.0,0.0,0.0
1,1,0.0,1.0,0.0,0.0,0.0,0.0,0.0,0.0,0.0,0.0,0.0,0.0
1,1,0.0,1.0,0.0,0.0,0.0,0.0,0.0,0.0,0.0,0.0,0.0,0.0
1,1,0.0,1.0,0.0,0.0,0.0,0.0,0.0,0.0,0.0,0.0,0.0,0.0
1,1,0.0,1.0,0.0,0.0,0.0,0.0,0.0,0.0,0.0,0.0,0.0,0.0
1,1,0.0,1.0,0.0,0.0,0.0,0.0,0.0,0.0,0.0,0.0,0.0,0.0
1,1,0.0,1.0,0.0,0.0,0.0,0.0,0.0,0.0,0.0,0.0,0.0,0.0
1,1,0.0,1.0,0.0,0.0,0.0,0.0,0.0,0.0,0.0,0.0,0.0,0.0
1,1,0.0,1.0,0.0,0.0,0.0,0.0,0.0,0.0,0.0,0.0,0.0,0.0
1,1,0.0,1.0,0.0,0.0,0.0,0.0,0.0,0.0,0.0,0.0,0.0,0.0
1,1,0.0,1.0,0.0,0.0,0.0,0.0,0.0,0.0,0.0,0.0,0.0,0.0
1,1,0.0,1.0,0.0,0.0,0.0,0.0,0.0,0.0,0.0,0.0,0.0,0.0
1,1,0.0,1.0,0.0,0.0,0.0,0.0,0.0,0.0,0.0,0.0,0.0,0.0
1,1,0.0,1.0,0.0,0.0,0.0,0.0,0.0,0.0,0.0,0.0,0.0,0.0
1,1,0.0,1.0,0.0,0.0,0.0,0.0,0.0,0.0,0.0,0.0,0.0,0.0
1,1,0.0,1.0,0.0,0.0,0.0,0.0,0.0,0.0,0.0,0.0,0.0,0.0
1,1,0.0,1.0,0.0,0.0,0.0,0.0,0.0,0.0,0.0,0.0,0.0,0.0
1,1,0.0,1.0,0.0,0.0,0.0,0.0,0.0,0.0,0.0,0.0,0.0,0.0
1,1,0.0,1.0,0.0,0.0,0.0,0.0,0.0,0.0,0.0,0.0,0.0,0.0
1,1,0.0,1.0,0.0,0.0,0.0,0.0,0.0,0.0,0.0,0.0,0.0,0.0
1,1,0.0,1.0,0.0,0.0,0.0,0.0,0.0,0.0,0.0,0.0,0.0,0.0
1,1,0.0,1.0,0.0,0.0,0.0,0.0,0.0,0.0,0.0,0.0,0.0,0.0
1,1,0.0,1.0,0.0,0.0,0.0,0.0,0.0,0.0,0.0,0.0,0.0,0.0
1,1,0.0,1.0,0.0,0.0,0.0,0.0,0.0,0.0,0.0,0.0,0.0,0.0
1,1,0.0,1.0,0.0,0.0,0.0,0.0,0.0,0.0,0.0,0.0,0.0,0.0
1,1,0.0,1.0,0.0,0.0,0.0,0.0,0.0,0.0,0.0,0.0,0.0,0.0
1,1,0.0,1.0,0.0,0.0,0.0,0.0,0.0,0.0,0.0,0.0,0.0,0.0
1,1,0.0,1.0,0.0,0.0,0.0,0.0,0.0,0.0,0.0,0.0,0.0,0.0
1,1,0.0,1.0,0.0,0.0,0.0,0.0,0.0,0.0,0.0,0.0,0.0,0.0
1,1,0.0,1.0,0.0,0.0,0.0,0.0,0.0,0.0,0.0,0.0,0.0,0.0
1,1,0.0,1.0,0.0,0.0,0.0,0.0,0.0,0.0,0.0,0.0,0.0,0.0
1,1,0.0,1.0,0.0,0.0,0.0,0.0,0.0,0.0,0.0,0.0,0.0,0.0
1,1,0.0,1.0,0.0,0.0,0.0,0.0,0.0,0.0,0.0,0.0,0.0,0.0
1,1,0.0,1.0,0.0,0.0,0.0,0.0,0.0,0.0,0.0,0.0,0.0,0.0
1,1,0.0,1.0,0.0,0.0,0.0,0.0,0.0,0.0,0.0,0.0,0.0,0.0
1,1,0.0,1.0,0.0,0.0,0.0,0.0,0.0,0.0,0.0,0.0,0.0,0.0
1,1,0.0,1.0,0.0,0.0,0.0,0.0,0.0,0.0,0.0,0.0,0.0,0.0
1,1,0.0,1.0,0.0,0.0,0.0,0.0,0.0,0.0,0.0,0.0,0.0,0.0
1,1,0.0,1.0,0.0,0.0,0.0,0.0,0.0,0.0,0.0,0.0,0.0,0.0
1,1,0.0,1.0,0.0,0.0,0.0,0.0,0.0,0.0,0.0,0.0,0.0,0.0
1,1,0.0,1.0,0.0,0.0,0.0,0.0,0.0,0.0,0.0,0.0,0.0,0.0
1,1,0.0,1.0,0.0,0.0,0.0,0.0,0.0,0.0,0.0,0.0,0.0,0.0
1,1,0.0,1.0,0.0,0.0,0.0,0.0,0.0,0.0,0.0,0.0,0.0,0.0
1,1,0.0,1.0,0.0,0.0,0.0,0.0,0.0,0.0,0.0,0.0,0.0,0.0
1,1,0.0,1.0,0.0,0.0,0.0,0.0,0.0,0.0,0.0,0.0,0.0,0.0
1,1,0.0,1.0,0.0,0.0,0.0,0.0,0.0,0.0,0.0,0.0,0.0,0.0
1,1,0.0,1.0,0.0,0.0,0.0,0.0,0.0,0.0,0.0,0.0,0.0,0.0
1,1,0.0,1.0,0.0,0.0,0.0,0.0,0.0,0.0,0.0,0.0,0.0,0.0
1,1,0.0,1.0,0.0,0.0,0.0,0.0,0.0,0.0,0.0,0.0,0.0,0.0
1,1,0.0,1.0,0.0,0.0,0.0,0.0,0.0,0.0,0.0,0.0,0.0,0.0
1,1,0.0,1.0,0.0,0.0,0.0,0.0,0.0,0.0,0.0,0.0,0.0,0.0
1,1,0.0,1.0,0.0,0.0,0.0,0.0,0.0,0.0,0.0,0.0,0.0,0.0
1,1,0.0,1.0,0.0,0.0,0.0,0.0,0.0,0.0,0.0,0.0,0.0,0.0
1,1,0.0,1.0,0.0,0.0,0.0,0.0,0.0,0.0,0.0,0.0,0.0,0.0
1,1,0.0,1.0,0.0,0.0,0.0,0.0,0.0,0.0,0.0,0.0,0.0,0.0
1,1,0.0,1.0,0.0,0.0,0.0,0.0,0.0,0.0,0.0,0.0,0.0,0.0
1,1,0.0,1.0,0.0,0.0,0.0,0.0,0.0,0.0,0.0,0.0,0.0,0.0
1,1,0.0,1.0,0.0,0.0,0.0,0.0,0.0,0.0,0.0,0.0,0.0,0.0
1,1,0.0,1.0,0.0,0.0,0.0,0.0,0.0,0.0,0.0,0.0,0.0,0.0
1,1,0.0,1.0,0.0,0.0,0.0,0.0,0.0,0.0,0.0,0.0,0.0,0.0
1,1,0.0,1.0,0.0,0.0,0.0,0.0,0.0,0.0,0.0,0.0,0.0,0.0
1,1,0.0,1.0,0.0,0.0,0.0,0.0,0.0,0.0,0.0,0.0,0.0,0.0
1,1,0.0,1.0,0.0,0.0,0.0,0.0,0.0,0.0,0.0,0.0,0.0,0.0
1,1,0.0,1.0,0.0,0.0,0.0,0.0,0.0,0.0,0.0,0.0,0.0,0.0
1,1,0.0,1.0,0.0,0.0,0.0,0.0,0.0,0.0,0.0,0.0,0.0,0.0
1,1,0.0,1.0,0.0,0.0,0.0,0.0,0.0,0.0,0.0,0.0,0.0,0.0
1,1,0.0,1.0,0.0,0.0,0.0,0.0,0.0,0.0,0.0,0.0,0.0,0.0
1,1,0.0,1.0,0.0,0.0,0.0,0.0,0.0,0.0,0.0,0.0,0.0,0.0
1,1,0.0,1.0,0.0,0.0,0.0,0.0,0.0,0.0,0.0,0.0,0.0,0.0
1,1,0.0,1.0,0.0,0.0,0.0,0.0,0.0,0.0,0.0,0.0,0.0,0.0
1,1,0.0,1.0,0.0,0.0,0.0,0.0,0.0,0.0,0.0,0.0,0.0,0.0
1,1,0.0,1.0,0.0,0.0,0.0,0.0,0.0,0.0,0.0,0.0,0.0,0.0
1,1,0.0,1.0,0.0,0.0,0.0,0.0,0.0,0.0,0.0,0.0,0.0,0.0
1,1,0.0,1.0,0.0,0.0,0.0,0.0,0.0,0.0,0.0,0.0,0.0,0.0
1,1,0.0,1.0,0.0,0.0,0.0,0.0,0.0,0.0,0.0,0.0,0.0,0.0
1,1,0.0,1.0,0.0,0.0,0.0,0.0,0.0,0.0,0.0,0.0,0.0,0.0
1,1,0.0,1.0,0.0,0.0,0.0,0.0,0.0,0.0,0.0,0.0,0.0,0.0
1,1,0.0,1.0,0.0,0.0,0.0,0.0,0.0,0.0,0.0,0.0,0.0,0.0
1,1,0.0,1.0,0.0,0.0,0.0,0.0,0.0,0.0,0.0,0.0,0.0,0.0
1,1,0.0,1.0,0.0,0.0,0.0,0.0,0.0,0.0,0.0,0.0,0.0,0.0
1,1,0.0,1.0,0.0,0.0,0.0,0.0,0.0,0.0,0.0,0.0,0.0,0.0
1,1,0.0,1.0,0.0,0.0,0.0,0.0,0.0,0.0,0.0,0.0,0.0,0.0
1,1,0.0,1.0,0.0,0.0,0.0,0.0,0.0,0.0,0.0,0.0,0.0,0.0
1,1,0.0,1.0,0.0,0.0,0.0,0.0,0.0,0.0,0.0,0.0,0.0,0.0
1,1,0.0,1.0,0.0,0.0,0.0,0.0,0.0,0.0,0.0,0.0,0.0,0.0
1,1,0.0,1.0,0.0,0.0,0.0,0.0,0.0,0.0,0.0,0.0,0.0,0.0
1,1,0.0,1.0,0.0,0.0,0.0,0.0,0.0,0.0,0.0,0.0,0.0,0.0
1,1,0.0,1.0,0.0,0.0,0.0,0.0,0.0,0.0,0.0,0.0,0.0,0.0
1,1,0.0,1.0,0.0,0.0,0.0,0.0,0.0,0.0,0.0,0.0,0.0,0.0
1,1,0.0,1.0,0.0,0.0,0.0,0.0,0.0,0.0,0.0,0.0,0.0,0.0
1,1,0.0,1.0,0.0,0.0,0.0,0.0,0.0,0.0,0.0,0.0,0.0,0.0
1,1,0.0,1.0,0.0,0.0,0.0,0.0,0.0,0.0,0.0,0.0,0.0,0.0
1,1,0.0,1.0,0.0,0.0,0.0,0.0,0.0,0.0,0.0,0.0,0.0,0.0
1,1,0.0,1.0,0.0,0.0,0.0,0.0,0.0,0.0,0.0,0.0,0.0,0.0
1,1,0.0,1.0,0.0,0.0,0.0,0.0,0.0,0.0,0.0,0.0,0.0,0.0
1,1,0.0,1.0,0.0,0.0,0.0,0.0,0.0,0.0,0.0,0.0,0.0,0.0
1,1,0.0,1.0,0.0,0.0,0.0,0.0,0.0,0.0,0.0,0.0,0.0,0.0
1,1,0.0,1.0,0.0,0.0,0.0,0.0,0.0,0.0,0.0,0.0,0.0,0.0
1,1,0.0,1.0,0.0,0.0,0.0,0.0,0.0,0.0,0.0,0.0,0.0,0.0
1,1,0.0,1.0,0.0,0.0,0.0,0.0,0.0,0.0,0.0,0.0,0.0,0.0
1,1,0.0,1.0,0.0,0.0,0.0,0.0,0.0,0.0,0.0,0.0,0.0,0.0
1,1,0.0,1.0,0.0,0.0,0.0,0.0,0.0,0.0,0.0,0.0,0.0,0.0
1,1,0.0,1.0,0.0,0.0,0.0,0.0,0.0,0.0,0.0,0.0,0.0,0.0
1,1,0.0,1.0,0.0,0.0,0.0,0.0,0.0,0.0,0.0,0.0,0.0,0.0
1,1,0.0,1.0,0.0,0.0,0.0,0.0,0.0,0.0,0.0,0.0,0.0,0.0
1,1,0.0,1.0,0.0,0.0,0.0,0.0,0.0,0.0,0.0,0.0,0.0,0.0
1,1,0.0,1.0,0.0,0.0,0.0,0.0,0.0,0.0,0.0,0.0,0.0,0.0
1,1,0.0,1.0,0.0,0.0,0.0,0.0,0.0,0.0,0.0,0.0,0.0,0.0
1,1,0.0,1.0,0.0,0.0,0.0,0.0,0.0,0.0,0.0,0.0,0.0,0.0
1,1,0.0,1.0,0.0,0.0,0.0,0.0,0.0,0.0,0.0,0.0,0.0,0.0
1,1,0.0,1.0,0.0,0.0,0.0,0.0,0.0,0.0,0.0,0.0,0.0,0.0
1,1,0.0,1.0,0.0,0.0,0.0,0.0,0.0,0.0,0.0,0.0,0.0,0.0
1,1,0.0,1.0,0.0,0.0,0.0,0.0,0.0,0.0,0.0,0.0,0.0,0.0
1,1,0.0,1.0,0.0,0.0,0.0,0.0,0.0,0.0,0.0,0.0,0.0,0.0
1,1,0.0,1.0,0.0,0.0,0.0,0.0,0.0,0.0,0.0,0.0,0.0,0.0
1,1,0.0,1.0,0.0,0.0,0.0,0.0,0.0,0.0,0.0,0.0,0.0,0.0
1,1,0.0,1.0,0.0,0.0,0.0,0.0,0.0,0.0,0.0,0.0,0.0,0.0
1,1,0.0,1.0,0.0,0.0,0.0,0.0,0.0,0.0,0.0,0.0,0.0,0.0
1,1,0.0,1.0,0.0,0.0,0.0,0.0,0.0,0.0,0.0,0.0,0.0,0.0
1,1,0.0,1.0,0.0,0.0,0.0,0.0,0.0,0.0,0.0,0.0,0.0,0.0
1,1,0.0,1.0,0.0,0.0,0.0,0.0,0.0,0.0,0.0,0.0,0.0,0.0
1,1,0.0,1.0,0.0,0.0,0.0,0.0,0.0,0.0,0.0,0.0,0.0,0.0
1,1,0.0,1.0,0.0,0.0,0.0,0.0,0.0,0.0,0.0,0.0,0.0,0.0
1,1,0.0,1.0,0.0,0.0,0.0,0.0,0.0,0.0,0.0,0.0,0.0,0.0
1,1,0.0,1.0,0.0,0.0,0.0,0.0,0.0,0.0,0.0,0.0,0.0,0.0
1,1,0.0,1.0,0.0,0.0,0.0,0.0,0.0,0.0,0.0,0.0,0.0,0.0
1,1,0.0,1.0,0.0,0.0,0.0,0.0,0.0,0.0,0.0,0.0,0.0,0.0
1,1,0.0,1.0,0.0,0.0,0.0,0.0,0.0,0.0,0.0,0.0,0.0,0.0
1,1,0.0,1.0,0.0,0.0,0.0,0.0,0.0,0.0,0.0,0.0,0.0,0.0
1,1,0.0,1.0,0.0,0.0,0.0,0.0,0.0,0.0,0.0,0.0,0.0,0.0
1,1,0.0,1.0,0.0,0.0,0.0,0.0,0.0,0.0,0.0,0.0,0.0,0.0
1,1,0.0,1.0,0.0,0.0,0.0,0.0,0.0,0.0,0.0,0.0,0.0,0.0
1,1,0.0,1.0,0.0,0.0,0.0,0.0,0.0,0.0,0.0,0.0,0.0,0.0
1,1,0.015625,0.984375,0.0,0.0,0.0,0.0,0.0,0.0,0.0,0.0,0.0,0.0
1,1,0.015625,0.984375,0.0,0.0,0.0,0.0,0.0,0.0,0.0,0.0,0.0,0.0
1,1,0.015625,0.984375,0.0,0.0,0.0,0.0,0.0,0.0,0.0,0.0,0.0,0.0
1,1,0.015625,0.984375,0.0,0.0,0.0,0.0,0.0,0.0,0.0,0.0,0.0,0.0
1,1,0.015625,0.984375,0.0,0.0,0.0,0.0,0.0,0.0,0.0,0.0,0.0,0.0
1,1,0.015625,0.984375,0.0,0.0,0.0,0.0,0.0,0.0,0.0,0.0,0.0,0.0
1,1,0.015625,0.984375,0.0,0.0,0.0,0.0,0.0,0.0,0.0,0.0,0.0,0.0
1,1,0.015625,0.984375,0.0,0.0,0.0,0.0,0.0,0.0,0.0,0.0,0.0,0.0
1,1,0.015625,0.984375,0.0,0.0,0.0,0.0,0.0,0.0,0.0,0.0,0.0,0.0
1,1,0.015625,0.984375,0.0,0.0,0.0,0.0,0.0,0.0,0.0,0.0,0.0,0.0
1,1,0.015625,0.984375,0.0,0.0,0.0,0.0,0.0,0.0,0.0,0.0,0.0,0.0
1,1,0.015625,0.984375,0.0,0.0,0.0,0.0,0.0,0.0,0.0,0.0,0.0,0.0
1,1,0.015625,0.984375,0.0,0.0,0.0,0.0,0.0,0.0,0.0,0.0,0.0,0.0
1,1,0.015625,0.984375,0.0,0.0,0.0,0.0,0.0,0.0,0.0,0.0,0.0,0.0
1,1,0.015625,0.984375,0.0,0.0,0.0,0.0,0.0,0.0,0.0,0.0,0.0,0.0
1,1,0.015625,0.984375,0.0,0.0,0.0,0.0,0.0,0.0,0.0,0.0,0.0,0.0
1,1,0.03125,0.96875,0.0,0.0,0.0,0.0,0.0,0.0,0.0,0.0,0.0,0.0
1,1,0.03125,0.96875,0.0,0.0,0.0,0.0,0.0,0.0,0.0,0.0,0.0,0.0
1,1,0.03125,0.96875,0.0,0.0,0.0,0.0,0.0,0.0,0.0,0.0,0.0,0.0
1,1,0.03125,0.96875,0.0,0.0,0.0,0.0,0.0,0.0,0.0,0.0,0.0,0.0
1,1,0.03125,0.96875,0.0,0.0,0.0,0.0,0.0,0.0,0.0,0.0,0.0,0.0
1,1,0.03125,0.96875,0.0,0.0,0.0,0.0,0.0,0.0,0.0,0.0,0.0,0.0
1,1,0.03125,0.96875,0.0,0.0,0.0,0.0,0.0,0.0,0.0,0.0,0.0,0.0
1,1,0.03125,0.96875,0.0,0.0,0.0,0.0,0.0,0.0,0.0,0.0,0.0,0.0
1,1,0.03125,0.96875,0.0,0.0,0.0,0.0,0.0,0.0,0.0,0.0,0.0,0.0
1,1,0.03125,0.96875,0.0,0.0,0.0,0.0,0.0,0.0,0.0,0.0,0.0,0.0
1,1,0.03125,0.96875,0.0,0.0,0.0,0.0,0.0,0.0,0.0,0.0,0.0,0.0
1,1,0.03125,0.96875,0.0,0.0,0.0,0.0,0.0,0.0,0.0,0.0,0.0,0.0
1,1,0.03125,0.96875,0.0,0.0,0.0,0.0,0.0,0.0,0.0,0.0,0.0,0.0
1,1,0.03125,0.96875,0.0,0.0,0.0,0.0,0.0,0.0,0.0,0.0,0.0,0.0
1,1,0.03125,0.96875,0.0,0.0,0.0,0.0,0.0,0.0,0.0,0.0,0.0,0.0
1,1,0.03125,0.96875,0.0,0.0,0.0,0.0,0.0,0.0,0.0,0.0,0.0,0.0
1,1,0.0,1.0,0.0,0.0,0.0,0.0,0.0,0.0,0.0,0.0,0.0,0.0
1,1,0.0,1.0,0.0,0.0,0.0,0.0,0.0,0.0,0.0,0.0,0.0,0.0
1,1,0.0,1.0,0.0,0.0,0.0,0.0,0.0,0.0,0.0,0.0,0.0,0.0
1,1,0.0,1.0,0.0,0.0,0.0,0.0,0.0,0.0,0.0,0.0,0.0,0.0
1,1,0.0,1.0,0.0,0.0,0.0,0.0,0.0,0.0,0.0,0.0,0.0,0.0
1,1,0.0,1.0,0.0,0.0,0.0,0.0,0.0,0.0,0.0,0.0,0.0,0.0
1,1,0.0,1.0,0.0,0.0,0.0,0.0,0.0,0.0,0.0,0.0,0.0,0.0
1,1,0.0,1.0,0.0,0.0,0.0,0.0,0.0,0.0,0.0,0.0,0.0,0.0
1,1,0.0,1.0,0.0,0.0,0.0,0.0,0.0,0.0,0.0,0.0,0.0,0.0
1,1,0.0,1.0,0.0,0.0,0.0,0.0,0.0,0.0,0.0,0.0,0.0,0.0
1,1,0.0,1.0,0.0,0.0,0.0,0.0,0.0,0.0,0.0,0.0,0.0,0.0
1,1,0.0,1.0,0.0,0.0,0.0,0.0,0.0,0.0,0.0,0.0,0.0,0.0
1,1,0.0,1.0,0.0,0.0,0.0,0.0,0.0,0.0,0.0,0.0,0.0,0.0
1,1,0.0,1.0,0.0,0.0,0.0,0.0,0.0,0.0,0.0,0.0,0.0,0.0
1,1,0.0,1.0,0.0,0.0,0.0,0.0,0.0,0.0,0.0,0.0,0.0,0.0
1,1,0.0,1.0,0.0,0.0,0.0,0.0,0.0,0.0,0.0,0.0,0.0,0.0
1,1,0.0,1.0,0.0,0.0,0.0,0.0,0.0,0.0,0.0,0.0,0.0,0.0
1,1,0.0,1.0,0.0,0.0,0.0,0.0,0.0,0.0,0.0,0.0,0.0,0.0
1,1,0.0,1.0,0.0,0.0,0.0,0.0,0.0,0.0,0.0,0.0,0.0,0.0
1,1,0.0,1.0,0.0,0.0,0.0,0.0,0.0,0.0,0.0,0.0,0.0,0.0
1,1,0.0,1.0,0.0,0.0,0.0,0.0,0.0,0.0,0.0,0.0,0.0,0.0
1,1,0.0,1.0,0.0,0.0,0.0,0.0,0.0,0.0,0.0,0.0,0.0,0.0
1,1,0.0,1.0,0.0,0.0,0.0,0.0,0.0,0.0,0.0,0.0,0.0,0.0
1,1,0.0,1.0,0.0,0.0,0.0,0.0,0.0,0.0,0.0,0.0,0.0,0.0
1,1,0.0,1.0,0.0,0.0,0.0,0.0,0.0,0.0,0.0,0.0,0.0,0.0
1,1,0.0,1.0,0.0,0.0,0.0,0.0,0.0,0.0,0.0,0.0,0.0,0.0
1,1,0.0,1.0,0.0,0.0,0.0,0.0,0.0,0.0,0.0,0.0,0.0,0.0
1,1,0.0,1.0,0.0,0.0,0.0,0.0,0.0,0.0,0.0,0.0,0.0,0.0
1,1,0.0,1.0,0.0,0.0,0.0,0.0,0.0,0.0,0.0,0.0,0.0,0.0
1,1,0.0,1.0,0.0,0.0,0.0,0.0,0.0,0.0,0.0,0.0,0.0,0.0
1,1,0.0,1.0,0.0,0.0,0.0,0.0,0.0,0.0,0.0,0.0,0.0,0.0
1,1,0.0,1.0,0.0,0.0,0.0,0.0,0.0,0.0,0.0,0.0,0.0,0.0
1,1,0.015625,0.984375,0.0,0.0,0.0,0.0,0.0,0.0,0.0,0.0,0.0,0.0
1,1,0.015625,0.984375,0.0,0.0,0.0,0.0,0.0,0.0,0.0,0.0,0.0,0.0
1,1,0.015625,0.984375,0.0,0.0,0.0,0.0,0.0,0.0,0.0,0.0,0.0,0.0
1,1,0.015625,0.984375,0.0,0.0,0.0,0.0,0.0,0.0,0.0,0.0,0.0,0.0
1,1,0.015625,0.984375,0.0,0.0,0.0,0.0,0.0,0.0,0.0,0.0,0.0,0.0
1,1,0.015625,0.984375,0.0,0.0,0.0,0.0,0.0,0.0,0.0,0.0,0.0,0.0
1,1,0.015625,0.984375,0.0,0.0,0.0,0.0,0.0,0.0,0.0,0.0,0.0,0.0
1,1,0.015625,0.984375,0.0,0.0,0.0,0.0,0.0,0.0,0.0,0.0,0.0,0.0
1,1,0.015625,0.984375,0.0,0.0,0.0,0.0,0.0,0.0,0.0,0.0,0.0,0.0
1,1,0.015625,0.984375,0.0,0.0,0.0,0.0,0.0,0.0,0.0,0.0,0.0,0.0
1,1,0.015625,0.984375,0.0,0.0,0.0,0.0,0.0,0.0,0.0,0.0,0.0,0.0
1,1,0.015625,0.984375,0.0,0.0,0.0,0.0,0.0,0.0,0.0,0.0,0.0,0.0
1,1,0.015625,0.984375,0.0,0.0,0.0,0.0,0.0,0.0,0.0,0.0,0.0,0.0
1,1,0.015625,0.984375,0.0,0.0,0.0,0.0,0.0,0.0,0.0,0.0,0.0,0.0
1,1,0.015625,0.984375,0.0,0.0,0.0,0.0,0.0,0.0,0.0,0.0,0.0,0.0
1,1,0.015625,0.984375,0.0,0.0,0.0,0.0,0.0,0.0,0.0,0.0,0.0,0.0
1,1,0.0,1.0,0.0,0.0,0.0,0.0,0.0,0.0,0.0,0.0,0.0,0.0
1,1,0.0,1.0,0.0,0.0,0.0,0.0,0.0,0.0,0.0,0.0,0.0,0.0
1,1,0.0,1.0,0.0,0.0,0.0,0.0,0.0,0.0,0.0,0.0,0.0,0.0
1,1,0.0,1.0,0.0,0.0,0.0,0.0,0.0,0.0,0.0,0.0,0.0,0.0
1,1,0.0,1.0,0.0,0.0,0.0,0.0,0.0,0.0,0.0,0.0,0.0,0.0
1,1,0.0,1.0,0.0,0.0,0.0,0.0,0.0,0.0,0.0,0.0,0.0,0.0
1,1,0.0,1.0,0.0,0.0,0.0,0.0,0.0,0.0,0.0,0.0,0.0,0.0
1,1,0.0,1.0,0.0,0.0,0.0,0.0,0.0,0.0,0.0,0.0,0.0,0.0
1,1,0.0,1.0,0.0,0.0,0.0,0.0,0.0,0.0,0.0,0.0,0.0,0.0
1,1,0.0,1.0,0.0,0.0,0.0,0.0,0.0,0.0,0.0,0.0,0.0,0.0
1,1,0.0,1.0,0.0,0.0,0.0,0.0,0.0,0.0,0.0,0.0,0.0,0.0
1,1,0.0,1.0,0.0,0.0,0.0,0.0,0.0,0.0,0.0,0.0,0.0,0.0
1,1,0.0,1.0,0.0,0.0,0.0,0.0,0.0,0.0,0.0,0.0,0.0,0.0
1,1,0.0,1.0,0.0,0.0,0.0,0.0,0.0,0.0,0.0,0.0,0.0,0.0
1,1,0.0,1.0,0.0,0.0,0.0,0.0,0.0,0.0,0.0,0.0,0.0,0.0
1,1,0.0,1.0,0.0,0.0,0.0,0.0,0.0,0.0,0.0,0.0,0.0,0.0
1,1,0.015625,0.984375,0.0,0.0,0.0,0.0,0.0,0.0,0.0,0.0,0.0,0.0
1,1,0.015625,0.984375,0.0,0.0,0.0,0.0,0.0,0.0,0.0,0.0,0.0,0.0
1,1,0.015625,0.984375,0.0,0.0,0.0,0.0,0.0,0.0,0.0,0.0,0.0,0.0
1,1,0.015625,0.984375,0.0,0.0,0.0,0.0,0.0,0.0,0.0,0.0,0.0,0.0
1,1,0.015625,0.984375,0.0,0.0,0.0,0.0,0.0,0.0,0.0,0.0,0.0,0.0
1,1,0.015625,0.984375,0.0,0.0,0.0,0.0,0.0,0.0,0.0,0.0,0.0,0.0
1,1,0.015625,0.984375,0.0,0.0,0.0,0.0,0.0,0.0,0.0,0.0,0.0,0.0
1,1,0.015625,0.984375,0.0,0.0,0.0,0.0,0.0,0.0,0.0,0.0,0.0,0.0
1,1,0.015625,0.984375,0.0,0.0,0.0,0.0,0.0,0.0,0.0,0.0,0.0,0.0
1,1,0.015625,0.984375,0.0,0.0,0.0,0.0,0.0,0.0,0.0,0.0,0.0,0.0
1,1,0.015625,0.984375,0.0,0.0,0.0,0.0,0.0,0.0,0.0,0.0,0.0,0.0
1,1,0.015625,0.984375,0.0,0.0,0.0,0.0,0.0,0.0,0.0,0.0,0.0,0.0
1,1,0.015625,0.984375,0.0,0.0,0.0,0.0,0.0,0.0,0.0,0.0,0.0,0.0
1,1,0.015625,0.984375,0.0,0.0,0.0,0.0,0.0,0.0,0.0,0.0,0.0,0.0
1,1,0.015625,0.984375,0.0,0.0,0.0,0.0,0.0,0.0,0.0,0.0,0.0,0.0
1,1,0.015625,0.984375,0.0,0.0,0.0,0.0,0.0,0.0,0.0,0.0,0.0,0.0
1,1,0.015625,0.984375,0.0,0.0,0.0,0.0,0.0,0.0,0.0,0.0,0.0,0.0
1,1,0.015625,0.984375,0.0,0.0,0.0,0.0,0.0,0.0,0.0,0.0,0.0,0.0
1,1,0.015625,0.984375,0.0,0.0,0.0,0.0,0.0,0.0,0.0,0.0,0.0,0.0
1,1,0.015625,0.984375,0.0,0.0,0.0,0.0,0.0,0.0,0.0,0.0,0.0,0.0
1,1,0.015625,0.984375,0.0,0.0,0.0,0.0,0.0,0.0,0.0,0.0,0.0,0.0
1,1,0.015625,0.984375,0.0,0.0,0.0,0.0,0.0,0.0,0.0,0.0,0.0,0.0
1,1,0.015625,0.984375,0.0,0.0,0.0,0.0,0.0,0.0,0.0,0.0,0.0,0.0
1,1,0.015625,0.984375,0.0,0.0,0.0,0.0,0.0,0.0,0.0,0.0,0.0,0.0
1,1,0.015625,0.984375,0.0,0.0,0.0,0.0,0.0,0.0,0.0,0.0,0.0,0.0
1,1,0.015625,0.984375,0.0,0.0,0.0,0.0,0.0,0.0,0.0,0.0,0.0,0.0
1,1,0.015625,0.984375,0.0,0.0,0.0,0.0,0.0,0.0,0.0,0.0,0.0,0.0
1,1,0.015625,0.984375,0.0,0.0,0.0,0.0,0.0,0.0,0.0,0.0,0.0,0.0
1,1,0.015625,0.984375,0.0,0.0,0.0,0.0,0.0,0.0,0.0,0.0,0.0,0.0
1,1,0.015625,0.984375,0.0,0.0,0.0,0.0,0.0,0.0,0.0,0.0,0.0,0.0
1,1,0.015625,0.984375,0.0,0.0,0.0,0.0,0.0,0.0,0.0,0.0,0.0,0.0
1,1,0.015625,0.984375,0.0,0.0,0.0,0.0,0.0,0.0,0.0,0.0,0.0,0.0
1,1,0.0,1.0,0.0,0.0,0.0,0.0,0.0,0.0,0.0,0.0,0.0,0.0
1,1,0.0,1.0,0.0,0.0,0.0,0.0,0.0,0.0,0.0,0.0,0.0,0.0
1,1,0.0,1.0,0.0,0.0,0.0,0.0,0.0,0.0,0.0,0.0,0.0,0.0
1,1,0.0,1.0,0.0,0.0,0.0,0.0,0.0,0.0,0.0,0.0,0.0,0.0
1,1,0.0,1.0,0.0,0.0,0.0,0.0,0.0,0.0,0.0,0.0,0.0,0.0
1,1,0.0,1.0,0.0,0.0,0.0,0.0,0.0,0.0,0.0,0.0,0.0,0.0
1,1,0.0,1.0,0.0,0.0,0.0,0.0,0.0,0.0,0.0,0.0,0.0,0.0
1,1,0.0,1.0,0.0,0.0,0.0,0.0,0.0,0.0,0.0,0.0,0.0,0.0
1,1,0.0,1.0,0.0,0.0,0.0,0.0,0.0,0.0,0.0,0.0,0.0,0.0
1,1,0.0,1.0,0.0,0.0,0.0,0.0,0.0,0.0,0.0,0.0,0.0,0.0
1,1,0.0,1.0,0.0,0.0,0.0,0.0,0.0,0.0,0.0,0.0,0.0,0.0
1,1,0.0,1.0,0.0,0.0,0.0,0.0,0.0,0.0,0.0,0.0,0.0,0.0
1,1,0.0,1.0,0.0,0.0,0.0,0.0,0.0,0.0,0.0,0.0,0.0,0.0
1,1,0.0,1.0,0.0,0.0,0.0,0.0,0.0,0.0,0.0,0.0,0.0,0.0
1,1,0.0,1.0,0.0,0.0,0.0,0.0,0.0,0.0,0.0,0.0,0.0,0.0
1,1,0.0,1.0,0.0,0.0,0.0,0.0,0.0,0.0,0.0,0.0,0.0,0.0
1,1,0.0,1.0,0.0,0.0,0.0,0.0,0.0,0.0,0.0,0.0,0.0,0.0
1,1,0.0,1.0,0.0,0.0,0.0,0.0,0.0,0.0,0.0,0.0,0.0,0.0
1,1,0.0,1.0,0.0,0.0,0.0,0.0,0.0,0.0,0.0,0.0,0.0,0.0
1,1,0.0,1.0,0.0,0.0,0.0,0.0,0.0,0.0,0.0,0.0,0.0,0.0
1,1,0.0,1.0,0.0,0.0,0.0,0.0,0.0,0.0,0.0,0.0,0.0,0.0
1,1,0.0,1.0,0.0,0.0,0.0,0.0,0.0,0.0,0.0,0.0,0.0,0.0
1,1,0.0,1.0,0.0,0.0,0.0,0.0,0.0,0.0,0.0,0.0,0.0,0.0
1,1,0.0,1.0,0.0,0.0,0.0,0.0,0.0,0.0,0.0,0.0,0.0,0.0
1,1,0.0,1.0,0.0,0.0,0.0,0.0,0.0,0.0,0.0,0.0,0.0,0.0
1,1,0.0,1.0,0.0,0.0,0.0,0.0,0.0,0.0,0.0,0.0,0.0,0.0
1,1,0.0,1.0,0.0,0.0,0.0,0.0,0.0,0.0,0.0,0.0,0.0,0.0
1,1,0.0,1.0,0.0,0.0,0.0,0.0,0.0,0.0,0.0,0.0,0.0,0.0
1,1,0.0,1.0,0.0,0.0,0.0,0.0,0.0,0.0,0.0,0.0,0.0,0.0
1,1,0.0,1.0,0.0,0.0,0.0,0.0,0.0,0.0,0.0,0.0,0.0,0.0
1,1,0.0,1.0,0.0,0.0,0.0,0.0,0.0,0.0,0.0,0.0,0.0,0.0
1,1,0.0,1.0,0.0,0.0,0.0,0.0,0.0,0.0,0.0,0.0,0.0,0.0
1,1,0.0,1.0,0.0,0.0,0.0,0.0,0.0,0.0,0.0,0.0,0.0,0.0
1,1,0.0,1.0,0.0,0.0,0.0,0.0,0.0,0.0,0.0,0.0,0.0,0.0
1,1,0.0,1.0,0.0,0.0,0.0,0.0,0.0,0.0,0.0,0.0,0.0,0.0
1,1,0.0,1.0,0.0,0.0,0.0,0.0,0.0,0.0,0.0,0.0,0.0,0.0
1,1,0.0,1.0,0.0,0.0,0.0,0.0,0.0,0.0,0.0,0.0,0.0,0.0
1,1,0.0,1.0,0.0,0.0,0.0,0.0,0.0,0.0,0.0,0.0,0.0,0.0
1,1,0.0,1.0,0.0,0.0,0.0,0.0,0.0,0.0,0.0,0.0,0.0,0.0
1,1,0.0,1.0,0.0,0.0,0.0,0.0,0.0,0.0,0.0,0.0,0.0,0.0
1,1,0.0,1.0,0.0,0.0,0.0,0.0,0.0,0.0,0.0,0.0,0.0,0.0
1,1,0.0,1.0,0.0,0.0,0.0,0.0,0.0,0.0,0.0,0.0,0.0,0.0
1,1,0.0,1.0,0.0,0.0,0.0,0.0,0.0,0.0,0.0,0.0,0.0,0.0
1,1,0.0,1.0,0.0,0.0,0.0,0.0,0.0,0.0,0.0,0.0,0.0,0.0
1,1,0.0,1.0,0.0,0.0,0.0,0.0,0.0,0.0,0.0,0.0,0.0,0.0
1,1,0.0,1.0,0.0,0.0,0.0,0.0,0.0,0.0,0.0,0.0,0.0,0.0
1,1,0.0,1.0,0.0,0.0,0.0,0.0,0.0,0.0,0.0,0.0,0.0,0.0
1,1,0.0,1.0,0.0,0.0,0.0,0.0,0.0,0.0,0.0,0.0,0.0,0.0
1,1,0.0,1.0,0.0,0.0,0.0,0.0,0.0,0.0,0.0,0.0,0.0,0.0
1,1,0.0,1.0,0.0,0.0,0.0,0.0,0.0,0.0,0.0,0.0,0.0,0.0
1,1,0.0,1.0,0.0,0.0,0.0,0.0,0.0,0.0,0.0,0.0,0.0,0.0
1,1,0.0,1.0,0.0,0.0,0.0,0.0,0.0,0.0,0.0,0.0,0.0,0.0
1,1,0.0,1.0,0.0,0.0,0.0,0.0,0.0,0.0,0.0,0.0,0.0,0.0
1,1,0.0,1.0,0.0,0.0,0.0,0.0,0.0,0.0,0.0,0.0,0.0,0.0
1,1,0.0,1.0,0.0,0.0,0.0,0.0,0.0,0.0,0.0,0.0,0.0,0.0
1,1,0.0,1.0,0.0,0.0,0.0,0.0,0.0,0.0,0.0,0.0,0.0,0.0
1,1,0.0,1.0,0.0,0.0,0.0,0.0,0.0,0.0,0.0,0.0,0.0,0.0
1,1,0.0,1.0,0.0,0.0,0.0,0.0,0.0,0.0,0.0,0.0,0.0,0.0
1,1,0.0,1.0,0.0,0.0,0.0,0.0,0.0,0.0,0.0,0.0,0.0,0.0
1,1,0.0,1.0,0.0,0.0,0.0,0.0,0.0,0.0,0.0,0.0,0.0,0.0
1,1,0.0,1.0,0.0,0.0,0.0,0.0,0.0,0.0,0.0,0.0,0.0,0.0
1,1,0.0,1.0,0.0,0.0,0.0,0.0,0.0,0.0,0.0,0.0,0.0,0.0
1,1,0.0,1.0,0.0,0.0,0.0,0.0,0.0,0.0,0.0,0.0,0.0,0.0
1,1,0.0,1.0,0.0,0.0,0.0,0.0,0.0,0.0,0.0,0.0,0.0,0.0
1,1,0.0,1.0,0.0,0.0,0.0,0.0,0.0,0.0,0.0,0.0,0.0,0.0
1,1,0.0,1.0,0.0,0.0,0.0,0.0,0.0,0.0,0.0,0.0,0.0,0.0
1,1,0.0,1.0,0.0,0.0,0.0,0.0,0.0,0.0,0.0,0.0,0.0,0.0
1,1,0.0,1.0,0.0,0.0,0.0,0.0,0.0,0.0,0.0,0.0,0.0,0.0
1,1,0.0,1.0,0.0,0.0,0.0,0.0,0.0,0.0,0.0,0.0,0.0,0.0
1,1,0.0,1.0,0.0,0.0,0.0,0.0,0.0,0.0,0.0,0.0,0.0,0.0
1,1,0.0,1.0,0.0,0.0,0.0,0.0,0.0,0.0,0.0,0.0,0.0,0.0
1,1,0.0,1.0,0.0,0.0,0.0,0.0,0.0,0.0,0.0,0.0,0.0,0.0
1,1,0.0,1.0,0.0,0.0,0.0,0.0,0.0,0.0,0.0,0.0,0.0,0.0
1,1,0.0,1.0,0.0,0.0,0.0,0.0,0.0,0.0,0.0,0.0,0.0,0.0
1,1,0.0,1.0,0.0,0.0,0.0,0.0,0.0,0.0,0.0,0.0,0.0,0.0
1,1,0.0,1.0,0.0,0.0,0.0,0.0,0.0,0.0,0.0,0.0,0.0,0.0
1,1,0.0,1.0,0.0,0.0,0.0,0.0,0.0,0.0,0.0,0.0,0.0,0.0
1,1,0.0,1.0,0.0,0.0,0.0,0.0,0.0,0.0,0.0,0.0,0.0,0.0
1,1,0.0,1.0,0.0,0.0,0.0,0.0,0.0,0.0,0.0,0.0,0.0,0.0
1,1,0.0,1.0,0.0,0.0,0.0,0.0,0.0,0.0,0.0,0.0,0.0,0.0
1,1,0.0,1.0,0.0,0.0,0.0,0.0,0.0,0.0,0.0,0.0,0.0,0.0
1,1,0.0,1.0,0.0,0.0,0.0,0.0,0.0,0.0,0.0,0.0,0.0,0.0
1,1,0.0,1.0,0.0,0.0,0.0,0.0,0.0,0.0,0.0,0.0,0.0,0.0
1,1,0.0,1.0,0.0,0.0,0.0,0.0,0.0,0.0,0.0,0.0,0.0,0.0
1,1,0.0,1.0,0.0,0.0,0.0,0.0,0.0,0.0,0.0,0.0,0.0,0.0
1,1,0.0,1.0,0.0,0.0,0.0,0.0,0.0,0.0,0.0,0.0,0.0,0.0
1,1,0.0,1.0,0.0,0.0,0.0,0.0,0.0,0.0,0.0,0.0,0.0,0.0
1,1,0.0,1.0,0.0,0.0,0.0,0.0,0.0,0.0,0.0,0.0,0.0,0.0
1,1,0.0,1.0,0.0,0.0,0.0,0.0,0.0,0.0,0.0,0.0,0.0,0.0
1,1,0.0,1.0,0.0,0.0,0.0,0.0,0.0,0.0,0.0,0.0,0.0,0.0
1,1,0.0,1.0,0.0,0.0,0.0,0.0,0.0,0.0,0.0,0.0,0.0,0.0
1,1,0.0,1.0,0.0,0.0,0.0,0.0,0.0,0.0,0.0,0.0,0.0,0.0
1,1,0.0,1.0,0.0,0.0,0.0,0.0,0.0,0.0,0.0,0.0,0.0,0.0
1,1,0.0,1.0,0.0,0.0,0.0,0.0,0.0,0.0,0.0,0.0,0.0,0.0
1,1,0.0,1.0,0.0,0.0,0.0,0.0,0.0,0.0,0.0,0.0,0.0,0.0
1,1,0.0,1.0,0.0,0.0,0.0,0.0,0.0,0.0,0.0,0.0,0.0,0.0
1,1,0.0,1.0,0.0,0.0,0.0,0.0,0.0,0.0,0.0,0.0,0.0,0.0
1,1,0.0,1.0,0.0,0.0,0.0,0.0,0.0,0.0,0.0,0.0,0.0,0.0
1,1,0.0,1.0,0.0,0.0,0.0,0.0,0.0,0.0,0.0,0.0,0.0,0.0
1,1,0.0,1.0,0.0,0.0,0.0,0.0,0.0,0.0,0.0,0.0,0.0,0.0
1,1,0.0,1.0,0.0,0.0,0.0,0.0,0.0,0.0,0.0,0.0,0.0,0.0
1,1,0.0,1.0,0.0,0.0,0.0,0.0,0.0,0.0,0.0,0.0,0.0,0.0
1,1,0.0,1.0,0.0,0.0,0.0,0.0,0.0,0.0,0.0,0.0,0.0,0.0
1,1,0.0,1.0,0.0,0.0,0.0,0.0,0.0,0.0,0.0,0.0,0.0,0.0
1,1,0.0,1.0,0.0,0.0,0.0,0.0,0.0,0.0,0.0,0.0,0.0,0.0
1,1,0.0,1.0,0.0,0.0,0.0,0.0,0.0,0.0,0.0,0.0,0.0,0.0
1,1,0.0,1.0,0.0,0.0,0.0,0.0,0.0,0.0,0.0,0.0,0.0,0.0
1,1,0.0,1.0,0.0,0.0,0.0,0.0,0.0,0.0,0.0,0.0,0.0,0.0
1,1,0.0,1.0,0.0,0.0,0.0,0.0,0.0,0.0,0.0,0.0,0.0,0.0
1,1,0.0,1.0,0.0,0.0,0.0,0.0,0.0,0.0,0.0,0.0,0.0,0.0
1,1,0.0,1.0,0.0,0.0,0.0,0.0,0.0,0.0,0.0,0.0,0.0,0.0
1,1,0.0,1.0,0.0,0.0,0.0,0.0,0.0,0.0,0.0,0.0,0.0,0.0
1,1,0.0,1.0,0.0,0.0,0.0,0.0,0.0,0.0,0.0,0.0,0.0,0.0
1,1,0.0,1.0,0.0,0.0,0.0,0.0,0.0,0.0,0.0,0.0,0.0,0.0
1,1,0.0,1.0,0.0,0.0,0.0,0.0,0.0,0.0,0.0,0.0,0.0,0.0
1,1,0.0,1.0,0.0,0.0,0.0,0.0,0.0,0.0,0.0,0.0,0.0,0.0
1,1,0.0,1.0,0.0,0.0,0.0,0.0,0.0,0.0,0.0,0.0,0.0,0.0
1,1,0.0,1.0,0.0,0.0,0.0,0.0,0.0,0.0,0.0,0.0,0.0,0.0
1,1,0.0,1.0,0.0,0.0,0.0,0.0,0.0,0.0,0.0,0.0,0.0,0.0
1,1,0.0,1.0,0.0,0.0,0.0,0.0,0.0,0.0,0.0,0.0,0.0,0.0
1,1,0.0,1.0,0.0,0.0,0.0,0.0,0.0,0.0,0.0,0.0,0.0,0.0
1,1,0.0,1.0,0.0,0.0,0.0,0.0,0.0,0.0,0.0,0.0,0.0,0.0
1,1,0.0,1.0,0.0,0.0,0.0,0.0,0.0,0.0,0.0,0.0,0.0,0.0
1,1,0.0,1.0,0.0,0.0,0.0,0.0,0.0,0.0,0.0,0.0,0.0,0.0
1,1,0.0,1.0,0.0,0.0,0.0,0.0,0.0,0.0,0.0,0.0,0.0,0.0
1,1,0.0,1.0,0.0,0.0,0.0,0.0,0.0,0.0,0.0,0.0,0.0,0.0
1,1,0.0,1.0,0.0,0.0,0.0,0.0,0.0,0.0,0.0,0.0,0.0,0.0
1,1,0.0,1.0,0.0,0.0,0.0,0.0,0.0,0.0,0.0,0.0,0.0,0.0
1,1,0.0,1.0,0.0,0.0,0.0,0.0,0.0,0.0,0.0,0.0,0.0,0.0
1,1,0.0,1.0,0.0,0.0,0.0,0.0,0.0,0.0,0.0,0.0,0.0,0.0
1,1,0.0,1.0,0.0,0.0,0.0,0.0,0.0,0.0,0.0,0.0,0.0,0.0
1,1,0.0,1.0,0.0,0.0,0.0,0.0,0.0,0.0,0.0,0.0,0.0,0.0
1,1,0.0,1.0,0.0,0.0,0.0,0.0,0.0,0.0,0.0,0.0,0.0,0.0
1,1,0.0,1.0,0.0,0.0,0.0,0.0,0.0,0.0,0.0,0.0,0.0,0.0
1,1,0.0,1.0,0.0,0.0,0.0,0.0,0.0,0.0,0.0,0.0,0.0,0.0
1,1,0.0,1.0,0.0,0.0,0.0,0.0,0.0,0.0,0.0,0.0,0.0,0.0
1,1,0.0,1.0,0.0,0.0,0.0,0.0,0.0,0.0,0.0,0.0,0.0,0.0
1,1,0.0,1.0,0.0,0.0,0.0,0.0,0.0,0.0,0.0,0.0,0.0,0.0
1,1,0.0,1.0,0.0,0.0,0.0,0.0,0.0,0.0,0.0,0.0,0.0,0.0
1,1,0.0,1.0,0.0,0.0,0.0,0.0,0.0,0.0,0.0,0.0,0.0,0.0
1,1,0.0,1.0,0.0,0.0,0.0,0.0,0.0,0.0,0.0,0.0,0.0,0.0
1,1,0.0,1.0,0.0,0.0,0.0,0.0,0.0,0.0,0.0,0.0,0.0,0.0
1,1,0.0,1.0,0.0,0.0,0.0,0.0,0.0,0.0,0.0,0.0,0.0,0.0
1,1,0.0,1.0,0.0,0.0,0.0,0.0,0.0,0.0,0.0,0.0,0.0,0.0
1,1,0.0,1.0,0.0,0.0,0.0,0.0,0.0,0.0,0.0,0.0,0.0,0.0
1,1,0.0,1.0,0.0,0.0,0.0,0.0,0.0,0.0,0.0,0.0,0.0,0.0
1,1,0.0,1.0,0.0,0.0,0.0,0.0,0.0,0.0,0.0,0.0,0.0,0.0
1,1,0.0,1.0,0.0,0.0,0.0,0.0,0.0,0.0,0.0,0.0,0.0,0.0
1,1,0.0,1.0,0.0,0.0,0.0,0.0,0.0,0.0,0.0,0.0,0.0,0.0
1,1,0.0,1.0,0.0,0.0,0.0,0.0,0.0,0.0,0.0,0.0,0.0,0.0
1,1,0.0,1.0,0.0,0.0,0.0,0.0,0.0,0.0,0.0,0.0,0.0,0.0
1,1,0.0,1.0,0.0,0.0,0.0,0.0,0.0,0.0,0.0,0.0,0.0,0.0
1,1,0.0,1.0,0.0,0.0,0.0,0.0,0.0,0.0,0.0,0.0,0.0,0.0
1,1,0.0,1.0,0.0,0.0,0.0,0.0,0.0,0.0,0.0,0.0,0.0,0.0
1,1,0.0,1.0,0.0,0.0,0.0,0.0,0.0,0.0,0.0,0.0,0.0,0.0
1,1,0.0,1.0,0.0,0.0,0.0,0.0,0.0,0.0,0.0,0.0,0.0,0.0
1,1,0.0,1.0,0.0,0.0,0.0,0.0,0.0,0.0,0.0,0.0,0.0,0.0
1,1,0.0,1.0,0.0,0.0,0.0,0.0,0.0,0.0,0.0,0.0,0.0,0.0
1,1,0.0,1.0,0.0,0.0,0.0,0.0,0.0,0.0,0.0,0.0,0.0,0.0
1,1,0.0,1.0,0.0,0.0,0.0,0.0,0.0,0.0,0.0,0.0,0.0,0.0
1,1,0.0,1.0,0.0,0.0,0.0,0.0,0.0,0.0,0.0,0.0,0.0,0.0
1,1,0.0,1.0,0.0,0.0,0.0,0.0,0.0,0.0,0.0,0.0,0.0,0.0
1,1,0.0,1.0,0.0,0.0,0.0,0.0,0.0,0.0,0.0,0.0,0.0,0.0
1,1,0.0,1.0,0.0,0.0,0.0,0.0,0.0,0.0,0.0,0.0,0.0,0.0
1,1,0.0,1.0,0.0,0.0,0.0,0.0,0.0,0.0,0.0,0.0,0.0,0.0
1,1,0.0,1.0,0.0,0.0,0.0,0.0,0.0,0.0,0.0,0.0,0.0,0.0
1,1,0.0,1.0,0.0,0.0,0.0,0.0,0.0,0.0,0.0,0.0,0.0,0.0
1,1,0.0,1.0,0.0,0.0,0.0,0.0,0.0,0.0,0.0,0.0,0.0,0.0
1,1,0.0,1.0,0.0,0.0,0.0,0.0,0.0,0.0,0.0,0.0,0.0,0.0
1,1,0.0,1.0,0.0,0.0,0.0,0.0,0.0,0.0,0.0,0.0,0.0,0.0
1,1,0.0,1.0,0.0,0.0,0.0,0.0,0.0,0.0,0.0,0.0,0.0,0.0
1,1,0.0,1.0,0.0,0.0,0.0,0.0,0.0,0.0,0.0,0.0,0.0,0.0
1,1,0.0,1.0,0.0,0.0,0.0,0.0,0.0,0.0,0.0,0.0,0.0,0.0
1,1,0.0,1.0,0.0,0.0,0.0,0.0,0.0,0.0,0.0,0.0,0.0,0.0
1,1,0.0,1.0,0.0,0.0,0.0,0.0,0.0,0.0,0.0,0.0,0.0,0.0
1,1,0.0,1.0,0.0,0.0,0.0,0.0,0.0,0.0,0.0,0.0,0.0,0.0
1,1,0.0,1.0,0.0,0.0,0.0,0.0,0.0,0.0,0.0,0.0,0.0,0.0
1,1,0.0,1.0,0.0,0.0,0.0,0.0,0.0,0.0,0.0,0.0,0.0,0.0
1,1,0.0,1.0,0.0,0.0,0.0,0.0,0.0,0.0,0.0,0.0,0.0,0.0
1,1,0.0,1.0,0.0,0.0,0.0,0.0,0.0,0.0,0.0,0.0,0.0,0.0
1,1,0.0,1.0,0.0,0.0,0.0,0.0,0.0,0.0,0.0,0.0,0.0,0.0
1,1,0.0,1.0,0.0,0.0,0.0,0.0,0.0,0.0,0.0,0.0,0.0,0.0
1,1,0.0,1.0,0.0,0.0,0.0,0.0,0.0,0.0,0.0,0.0,0.0,0.0
1,1,0.0,1.0,0.0,0.0,0.0,0.0,0.0,0.0,0.0,0.0,0.0,0.0
1,1,0.0,1.0,0.0,0.0,0.0,0.0,0.0,0.0,0.0,0.0,0.0,0.0
1,1,0.0,1.0,0.0,0.0,0.0,0.0,0.0,0.0,0.0,0.0,0.0,0.0
1,1,0.0,1.0,0.0,0.0,0.0,0.0,0.0,0.0,0.0,0.0,0.0,0.0
1,1,0.0,1.0,0.0,0.0,0.0,0.0,0.0,0.0,0.0,0.0,0.0,0.0
1,1,0.0,1.0,0.0,0.0,0.0,0.0,0.0,0.0,0.0,0.0,0.0,0.0
1,1,0.0,1.0,0.0,0.0,0.0,0.0,0.0,0.0,0.0,0.0,0.0,0.0
1,1,0.0,1.0,0.0,0.0,0.0,0.0,0.0,0.0,0.0,0.0,0.0,0.0
1,1,0.0,1.0,0.0,0.0,0.0,0.0,0.0,0.0,0.0,0.0,0.0,0.0
1,1,0.0,1.0,0.0,0.0,0.0,0.0,0.0,0.0,0.0,0.0,0.0,0.0
1,1,0.0,1.0,0.0,0.0,0.0,0.0,0.0,0.0,0.0,0.0,0.0,0.0
1,1,0.0,1.0,0.0,0.0,0.0,0.0,0.0,0.0,0.0,0.0,0.0,0.0
1,1,0.0,1.0,0.0,0.0,0.0,0.0,0.0,0.0,0.0,0.0,0.0,0.0
1,1,0.0,1.0,0.0,0.0,0.0,0.0,0.0,0.0,0.0,0.0,0.0,0.0
1,1,0.0,1.0,0.0,0.0,0.0,0.0,0.0,0.0,0.0,0.0,0.0,0.0
1,1,0.0,1.0,0.0,0.0,0.0,0.0,0.0,0.0,0.0,0.0,0.0,0.0
1,1,0.0,1.0,0.0,0.0,0.0,0.0,0.0,0.0,0.0,0.0,0.0,0.0
1,1,0.0,1.0,0.0,0.0,0.0,0.0,0.0,0.0,0.0,0.0,0.0,0.0
1,1,0.0,1.0,0.0,0.0,0.0,0.0,0.0,0.0,0.0,0.0,0.0,0.0
1,1,0.0,1.0,0.0,0.0,0.0,0.0,0.0,0.0,0.0,0.0,0.0,0.0
1,1,0.0,1.0,0.0,0.0,0.0,0.0,0.0,0.0,0.0,0.0,0.0,0.0
1,1,0.0,1.0,0.0,0.0,0.0,0.0,0.0,0.0,0.0,0.0,0.0,0.0
1,1,0.0,1.0,0.0,0.0,0.0,0.0,0.0,0.0,0.0,0.0,0.0,0.0
1,1,0.0,1.0,0.0,0.0,0.0,0.0,0.0,0.0,0.0,0.0,0.0,0.0
1,1,0.0,1.0,0.0,0.0,0.0,0.0,0.0,0.0,0.0,0.0,0.0,0.0
1,1,0.0,1.0,0.0,0.0,0.0,0.0,0.0,0.0,0.0,0.0,0.0,0.0
1,1,0.0,1.0,0.0,0.0,0.0,0.0,0.0,0.0,0.0,0.0,0.0,0.0
1,1,0.0,1.0,0.0,0.0,0.0,0.0,0.0,0.0,0.0,0.0,0.0,0.0
1,1,0.0,1.0,0.0,0.0,0.0,0.0,0.0,0.0,0.0,0.0,0.0,0.0
1,1,0.0,1.0,0.0,0.0,0.0,0.0,0.0,0.0,0.0,0.0,0.0,0.0
1,1,0.0,1.0,0.0,0.0,0.0,0.0,0.0,0.0,0.0,0.0,0.0,0.0
1,1,0.0,1.0,0.0,0.0,0.0,0.0,0.0,0.0,0.0,0.0,0.0,0.0
1,1,0.0,1.0,0.0,0.0,0.0,0.0,0.0,0.0,0.0,0.0,0.0,0.0
1,1,0.0,1.0,0.0,0.0,0.0,0.0,0.0,0.0,0.0,0.0,0.0,0.0
1,1,0.0,1.0,0.0,0.0,0.0,0.0,0.0,0.0,0.0,0.0,0.0,0.0
1,1,0.0,1.0,0.0,0.0,0.0,0.0,0.0,0.0,0.0,0.0,0.0,0.0
1,1,0.0,1.0,0.0,0.0,0.0,0.0,0.0,0.0,0.0,0.0,0.0,0.0
1,1,0.0,1.0,0.0,0.0,0.0,0.0,0.0,0.0,0.0,0.0,0.0,0.0
1,1,0.0,1.0,0.0,0.0,0.0,0.0,0.0,0.0,0.0,0.0,0.0,0.0
1,1,0.0,1.0,0.0,0.0,0.0,0.0,0.0,0.0,0.0,0.0,0.0,0.0
1,1,0.0,1.0,0.0,0.0,0.0,0.0,0.0,0.0,0.0,0.0,0.0,0.0
1,1,0.0,1.0,0.0,0.0,0.0,0.0,0.0,0.0,0.0,0.0,0.0,0.0
1,1,0.0,1.0,0.0,0.0,0.0,0.0,0.0,0.0,0.0,0.0,0.0,0.0
1,1,0.0,1.0,0.0,0.0,0.0,0.0,0.0,0.0,0.0,0.0,0.0,0.0
1,1,0.0,1.0,0.0,0.0,0.0,0.0,0.0,0.0,0.0,0.0,0.0,0.0
1,1,0.0,1.0,0.0,0.0,0.0,0.0,0.0,0.0,0.0,0.0,0.0,0.0
1,1,0.0,1.0,0.0,0.0,0.0,0.0,0.0,0.0,0.0,0.0,0.0,0.0
1,1,0.0,1.0,0.0,0.0,0.0,0.0,0.0,0.0,0.0,0.0,0.0,0.0
1,1,0.0,1.0,0.0,0.0,0.0,0.0,0.0,0.0,0.0,0.0,0.0,0.0
1,1,0.0,1.0,0.0,0.0,0.0,0.0,0.0,0.0,0.0,0.0,0.0,0.0
1,1,0.0,1.0,0.0,0.0,0.0,0.0,0.0,0.0,0.0,0.0,0.0,0.0
1,1,0.0,1.0,0.0,0.0,0.0,0.0,0.0,0.0,0.0,0.0,0.0,0.0
1,1,0.0,1.0,0.0,0.0,0.0,0.0,0.0,0.0,0.0,0.0,0.0,0.0
1,1,0.0,1.0,0.0,0.0,0.0,0.0,0.0,0.0,0.0,0.0,0.0,0.0
1,1,0.0,1.0,0.0,0.0,0.0,0.0,0.0,0.0,0.0,0.0,0.0,0.0
1,1,0.0,1.0,0.0,0.0,0.0,0.0,0.0,0.0,0.0,0.0,0.0,0.0
1,1,0.0,1.0,0.0,0.0,0.0,0.0,0.0,0.0,0.0,0.0,0.0,0.0
1,1,0.0,1.0,0.0,0.0,0.0,0.0,0.0,0.0,0.0,0.0,0.0,0.0
1,1,0.0,1.0,0.0,0.0,0.0,0.0,0.0,0.0,0.0,0.0,0.0,0.0
1,1,0.0,1.0,0.0,0.0,0.0,0.0,0.0,0.0,0.0,0.0,0.0,0.0
1,1,0.0,1.0,0.0,0.0,0.0,0.0,0.0,0.0,0.0,0.0,0.0,0.0
1,1,0.0,1.0,0.0,0.0,0.0,0.0,0.0,0.0,0.0,0.0,0.0,0.0
1,1,0.0,1.0,0.0,0.0,0.0,0.0,0.0,0.0,0.0,0.0,0.0,0.0
1,1,0.0,1.0,0.0,0.0,0.0,0.0,0.0,0.0,0.0,0.0,0.0,0.0
1,1,0.0,1.0,0.0,0.0,0.0,0.0,0.0,0.0,0.0,0.0,0.0,0.0
1,1,0.0,1.0,0.0,0.0,0.0,0.0,0.0,0.0,0.0,0.0,0.0,0.0
1,1,0.0,1.0,0.0,0.0,0.0,0.0,0.0,0.0,0.0,0.0,0.0,0.0
1,1,0.0,1.0,0.0,0.0,0.0,0.0,0.0,0.0,0.0,0.0,0.0,0.0
1,1,0.0,1.0,0.0,0.0,0.0,0.0,0.0,0.0,0.0,0.0,0.0,0.0
1,1,0.0,1.0,0.0,0.0,0.0,0.0,0.0,0.0,0.0,0.0,0.0,0.0
1,1,0.0,1.0,0.0,0.0,0.0,0.0,0.0,0.0,0.0,0.0,0.0,0.0
1,1,0.0,1.0,0.0,0.0,0.0,0.0,0.0,0.0,0.0,0.0,0.0,0.0
1,1,0.0,1.0,0.0,0.0,0.0,0.0,0.0,0.0,0.0,0.0,0.0,0.0
1,1,0.0,1.0,0.0,0.0,0.0,0.0,0.0,0.0,0.0,0.0,0.0,0.0
1,1,0.0,1.0,0.0,0.0,0.0,0.0,0.0,0.0,0.0,0.0,0.0,0.0
1,1,0.0,1.0,0.0,0.0,0.0,0.0,0.0,0.0,0.0,0.0,0.0,0.0
1,1,0.0,1.0,0.0,0.0,0.0,0.0,0.0,0.0,0.0,0.0,0.0,0.0
1,1,0.0,1.0,0.0,0.0,0.0,0.0,0.0,0.0,0.0,0.0,0.0,0.0
1,1,0.0,1.0,0.0,0.0,0.0,0.0,0.0,0.0,0.0,0.0,0.0,0.0
1,1,0.0,1.0,0.0,0.0,0.0,0.0,0.0,0.0,0.0,0.0,0.0,0.0
1,1,0.0,1.0,0.0,0.0,0.0,0.0,0.0,0.0,0.0,0.0,0.0,0.0
1,1,0.0,1.0,0.0,0.0,0.0,0.0,0.0,0.0,0.0,0.0,0.0,0.0
1,1,0.0,1.0,0.0,0.0,0.0,0.0,0.0,0.0,0.0,0.0,0.0,0.0
1,1,0.0,1.0,0.0,0.0,0.0,0.0,0.0,0.0,0.0,0.0,0.0,0.0
1,1,0.0,1.0,0.0,0.0,0.0,0.0,0.0,0.0,0.0,0.0,0.0,0.0
1,1,0.0,1.0,0.0,0.0,0.0,0.0,0.0,0.0,0.0,0.0,0.0,0.0
1,1,0.0,1.0,0.0,0.0,0.0,0.0,0.0,0.0,0.0,0.0,0.0,0.0
1,1,0.0,1.0,0.0,0.0,0.0,0.0,0.0,0.0,0.0,0.0,0.0,0.0
1,1,0.0,1.0,0.0,0.0,0.0,0.0,0.0,0.0,0.0,0.0,0.0,0.0
1,1,0.0,1.0,0.0,0.0,0.0,0.0,0.0,0.0,0.0,0.0,0.0,0.0
1,1,0.0,1.0,0.0,0.0,0.0,0.0,0.0,0.0,0.0,0.0,0.0,0.0
1,1,0.0,1.0,0.0,0.0,0.0,0.0,0.0,0.0,0.0,0.0,0.0,0.0
1,1,0.0,1.0,0.0,0.0,0.0,0.0,0.0,0.0,0.0,0.0,0.0,0.0
1,1,0.0,1.0,0.0,0.0,0.0,0.0,0.0,0.0,0.0,0.0,0.0,0.0
1,1,0.0,1.0,0.0,0.0,0.0,0.0,0.0,0.0,0.0,0.0,0.0,0.0
1,1,0.0,1.0,0.0,0.0,0.0,0.0,0.0,0.0,0.0,0.0,0.0,0.0
1,1,0.0,1.0,0.0,0.0,0.0,0.0,0.0,0.0,0.0,0.0,0.0,0.0
1,1,0.0,1.0,0.0,0.0,0.0,0.0,0.0,0.0,0.0,0.0,0.0,0.0
1,1,0.0,1.0,0.0,0.0,0.0,0.0,0.0,0.0,0.0,0.0,0.0,0.0
1,1,0.0,1.0,0.0,0.0,0.0,0.0,0.0,0.0,0.0,0.0,0.0,0.0
1,1,0.0,1.0,0.0,0.0,0.0,0.0,0.0,0.0,0.0,0.0,0.0,0.0
1,1,0.0,1.0,0.0,0.0,0.0,0.0,0.0,0.0,0.0,0.0,0.0,0.0
1,1,0.0,1.0,0.0,0.0,0.0,0.0,0.0,0.0,0.0,0.0,0.0,0.0
1,1,0.0,1.0,0.0,0.0,0.0,0.0,0.0,0.0,0.0,0.0,0.0,0.0
1,1,0.0,1.0,0.0,0.0,0.0,0.0,0.0,0.0,0.0,0.0,0.0,0.0
1,1,0.0,1.0,0.0,0.0,0.0,0.0,0.0,0.0,0.0,0.0,0.0,0.0
1,1,0.0,1.0,0.0,0.0,0.0,0.0,0.0,0.0,0.0,0.0,0.0,0.0
1,1,0.0,1.0,0.0,0.0,0.0,0.0,0.0,0.0,0.0,0.0,0.0,0.0
1,1,0.0,1.0,0.0,0.0,0.0,0.0,0.0,0.0,0.0,0.0,0.0,0.0
1,1,0.0,1.0,0.0,0.0,0.0,0.0,0.0,0.0,0.0,0.0,0.0,0.0
1,1,0.0,1.0,0.0,0.0,0.0,0.0,0.0,0.0,0.0,0.0,0.0,0.0
1,1,0.0,1.0,0.0,0.0,0.0,0.0,0.0,0.0,0.0,0.0,0.0,0.0
1,1,0.0,1.0,0.0,0.0,0.0,0.0,0.0,0.0,0.0,0.0,0.0,0.0
1,1,0.0,1.0,0.0,0.0,0.0,0.0,0.0,0.0,0.0,0.0,0.0,0.0
1,1,0.0,1.0,0.0,0.0,0.0,0.0,0.0,0.0,0.0,0.0,0.0,0.0
1,1,0.0,1.0,0.0,0.0,0.0,0.0,0.0,0.0,0.0,0.0,0.0,0.0
1,1,0.0,1.0,0.0,0.0,0.0,0.0,0.0,0.0,0.0,0.0,0.0,0.0
1,1,0.0,1.0,0.0,0.0,0.0,0.0,0.0,0.0,0.0,0.0,0.0,0.0
1,1,0.0,1.0,0.0,0.0,0.0,0.0,0.0,0.0,0.0,0.0,0.0,0.0
1,1,0.0,1.0,0.0,0.0,0.0,0.0,0.0,0.0,0.0,0.0,0.0,0.0
1,1,0.0,1.0,0.0,0.0,0.0,0.0,0.0,0.0,0.0,0.0,0.0,0.0
1,1,0.0,1.0,0.0,0.0,0.0,0.0,0.0,0.0,0.0,0.0,0.0,0.0
1,1,0.0,1.0,0.0,0.0,0.0,0.0,0.0,0.0,0.0,0.0,0.0,0.0
1,1,0.0,1.0,0.0,0.0,0.0,0.0,0.0,0.0,0.0,0.0,0.0,0.0
1,1,0.0,1.0,0.0,0.0,0.0,0.0,0.0,0.0,0.0,0.0,0.0,0.0
1,1,0.0,1.0,0.0,0.0,0.0,0.0,0.0,0.0,0.0,0.0,0.0,0.0
1,1,0.0,1.0,0.0,0.0,0.0,0.0,0.0,0.0,0.0,0.0,0.0,0.0
1,1,0.0,1.0,0.0,0.0,0.0,0.0,0.0,0.0,0.0,0.0,0.0,0.0
1,1,0.0,1.0,0.0,0.0,0.0,0.0,0.0,0.0,0.0,0.0,0.0,0.0
1,1,0.0,1.0,0.0,0.0,0.0,0.0,0.0,0.0,0.0,0.0,0.0,0.0
1,1,0.0,1.0,0.0,0.0,0.0,0.0,0.0,0.0,0.0,0.0,0.0,0.0
1,1,0.0,1.0,0.0,0.0,0.0,0.0,0.0,0.0,0.0,0.0,0.0,0.0
1,1,0.0,1.0,0.0,0.0,0.0,0.0,0.0,0.0,0.0,0.0,0.0,0.0
1,1,0.0,1.0,0.0,0.0,0.0,0.0,0.0,0.0,0.0,0.0,0.0,0.0
1,1,0.0,1.0,0.0,0.0,0.0,0.0,0.0,0.0,0.0,0.0,0.0,0.0
1,1,0.0,1.0,0.0,0.0,0.0,0.0,0.0,0.0,0.0,0.0,0.0,0.0
1,1,0.0,1.0,0.0,0.0,0.0,0.0,0.0,0.0,0.0,0.0,0.0,0.0
1,1,0.0,1.0,0.0,0.0,0.0,0.0,0.0,0.0,0.0,0.0,0.0,0.0
1,1,0.0,1.0,0.0,0.0,0.0,0.0,0.0,0.0,0.0,0.0,0.0,0.0
1,1,0.0,1.0,0.0,0.0,0.0,0.0,0.0,0.0,0.0,0.0,0.0,0.0
1,1,0.0,1.0,0.0,0.0,0.0,0.0,0.0,0.0,0.0,0.0,0.0,0.0
1,1,0.0,1.0,0.0,0.0,0.0,0.0,0.0,0.0,0.0,0.0,0.0,0.0
1,1,0.0,1.0,0.0,0.0,0.0,0.0,0.0,0.0,0.0,0.0,0.0,0.0
1,1,0.0,1.0,0.0,0.0,0.0,0.0,0.0,0.0,0.0,0.0,0.0,0.0
1,1,0.0,1.0,0.0,0.0,0.0,0.0,0.0,0.0,0.0,0.0,0.0,0.0
1,1,0.0,1.0,0.0,0.0,0.0,0.0,0.0,0.0,0.0,0.0,0.0,0.0
1,1,0.0,1.0,0.0,0.0,0.0,0.0,0.0,0.0,0.0,0.0,0.0,0.0
1,1,0.0,1.0,0.0,0.0,0.0,0.0,0.0,0.0,0.0,0.0,0.0,0.0
1,1,0.0,1.0,0.0,0.0,0.0,0.0,0.0,0.0,0.0,0.0,0.0,0.0
1,1,0.0,1.0,0.0,0.0,0.0,0.0,0.0,0.0,0.0,0.0,0.0,0.0
1,1,0.0,1.0,0.0,0.0,0.0,0.0,0.0,0.0,0.0,0.0,0.0,0.0
1,1,0.0,1.0,0.0,0.0,0.0,0.0,0.0,0.0,0.0,0.0,0.0,0.0
1,1,0.0,1.0,0.0,0.0,0.0,0.0,0.0,0.0,0.0,0.0,0.0,0.0
1,1,0.0,1.0,0.0,0.0,0.0,0.0,0.0,0.0,0.0,0.0,0.0,0.0
1,1,0.0,1.0,0.0,0.0,0.0,0.0,0.0,0.0,0.0,0.0,0.0,0.0
1,1,0.0,1.0,0.0,0.0,0.0,0.0,0.0,0.0,0.0,0.0,0.0,0.0
1,1,0.0,1.0,0.0,0.0,0.0,0.0,0.0,0.0,0.0,0.0,0.0,0.0
1,1,0.0,1.0,0.0,0.0,0.0,0.0,0.0,0.0,0.0,0.0,0.0,0.0
1,1,0.0,1.0,0.0,0.0,0.0,0.0,0.0,0.0,0.0,0.0,0.0,0.0
1,1,0.0,1.0,0.0,0.0,0.0,0.0,0.0,0.0,0.0,0.0,0.0,0.0
1,1,0.0,1.0,0.0,0.0,0.0,0.0,0.0,0.0,0.0,0.0,0.0,0.0
1,1,0.0,1.0,0.0,0.0,0.0,0.0,0.0,0.0,0.0,0.0,0.0,0.0
1,1,0.0,1.0,0.0,0.0,0.0,0.0,0.0,0.0,0.0,0.0,0.0,0.0
1,1,0.0,1.0,0.0,0.0,0.0,0.0,0.0,0.0,0.0,0.0,0.0,0.0
1,1,0.0,1.0,0.0,0.0,0.0,0.0,0.0,0.0,0.0,0.0,0.0,0.0
1,1,0.0,1.0,0.0,0.0,0.0,0.0,0.0,0.0,0.0,0.0,0.0,0.0
1,1,0.0,1.0,0.0,0.0,0.0,0.0,0.0,0.0,0.0,0.0,0.0,0.0
1,1,0.0,1.0,0.0,0.0,0.0,0.0,0.0,0.0,0.0,0.0,0.0,0.0
1,1,0.0,1.0,0.0,0.0,0.0,0.0,0.0,0.0,0.0,0.0,0.0,0.0
1,1,0.0,1.0,0.0,0.0,0.0,0.0,0.0,0.0,0.0,0.0,0.0,0.0
1,1,0.0,1.0,0.0,0.0,0.0,0.0,0.0,0.0,0.0,0.0,0.0,0.0
1,1,0.0,1.0,0.0,0.0,0.0,0.0,0.0,0.0,0.0,0.0,0.0,0.0
1,1,0.0,1.0,0.0,0.0,0.0,0.0,0.0,0.0,0.0,0.0,0.0,0.0
1,1,0.0,1.0,0.0,0.0,0.0,0.0,0.0,0.0,0.0,0.0,0.0,0.0
1,1,0.0,1.0,0.0,0.0,0.0,0.0,0.0,0.0,0.0,0.0,0.0,0.0
1,1,0.0,1.0,0.0,0.0,0.0,0.0,0.0,0.0,0.0,0.0,0.0,0.0
1,1,0.0,1.0,0.0,0.0,0.0,0.0,0.0,0.0,0.0,0.0,0.0,0.0
1,1,0.0,1.0,0.0,0.0,0.0,0.0,0.0,0.0,0.0,0.0,0.0,0.0
1,1,0.0,1.0,0.0,0.0,0.0,0.0,0.0,0.0,0.0,0.0,0.0,0.0
1,1,0.0,1.0,0.0,0.0,0.0,0.0,0.0,0.0,0.0,0.0,0.0,0.0
1,1,0.0,1.0,0.0,0.0,0.0,0.0,0.0,0.0,0.0,0.0,0.0,0.0
1,1,0.0,1.0,0.0,0.0,0.0,0.0,0.0,0.0,0.0,0.0,0.0,0.0
1,1,0.0,1.0,0.0,0.0,0.0,0.0,0.0,0.0,0.0,0.0,0.0,0.0
1,1,0.0,1.0,0.0,0.0,0.0,0.0,0.0,0.0,0.0,0.0,0.0,0.0
1,1,0.0,1.0,0.0,0.0,0.0,0.0,0.0,0.0,0.0,0.0,0.0,0.0
1,1,0.0,1.0,0.0,0.0,0.0,0.0,0.0,0.0,0.0,0.0,0.0,0.0
1,1,0.0,1.0,0.0,0.0,0.0,0.0,0.0,0.0,0.0,0.0,0.0,0.0
1,1,0.0,1.0,0.0,0.0,0.0,0.0,0.0,0.0,0.0,0.0,0.0,0.0
1,1,0.0,1.0,0.0,0.0,0.0,0.0,0.0,0.0,0.0,0.0,0.0,0.0
1,1,0.0,1.0,0.0,0.0,0.0,0.0,0.0,0.0,0.0,0.0,0.0,0.0
1,1,0.0,1.0,0.0,0.0,0.0,0.0,0.0,0.0,0.0,0.0,0.0,0.0
1,1,0.0,1.0,0.0,0.0,0.0,0.0,0.0,0.0,0.0,0.0,0.0,0.0
1,1,0.0,1.0,0.0,0.0,0.0,0.0,0.0,0.0,0.0,0.0,0.0,0.0
1,1,0.0,1.0,0.0,0.0,0.0,0.0,0.0,0.0,0.0,0.0,0.0,0.0
1,1,0.0,1.0,0.0,0.0,0.0,0.0,0.0,0.0,0.0,0.0,0.0,0.0
1,1,0.0,1.0,0.0,0.0,0.0,0.0,0.0,0.0,0.0,0.0,0.0,0.0
1,1,0.0,1.0,0.0,0.0,0.0,0.0,0.0,0.0,0.0,0.0,0.0,0.0
1,1,0.0,1.0,0.0,0.0,0.0,0.0,0.0,0.0,0.0,0.0,0.0,0.0
1,1,0.0,1.0,0.0,0.0,0.0,0.0,0.0,0.0,0.0,0.0,0.0,0.0
1,1,0.0,1.0,0.0,0.0,0.0,0.0,0.0,0.0,0.0,0.0,0.0,0.0
1,1,0.0,1.0,0.0,0.0,0.0,0.0,0.0,0.0,0.0,0.0,0.0,0.0
1,1,0.0,1.0,0.0,0.0,0.0,0.0,0.0,0.0,0.0,0.0,0.0,0.0
1,1,0.0,1.0,0.0,0.0,0.0,0.0,0.0,0.0,0.0,0.0,0.0,0.0
1,1,0.0,1.0,0.0,0.0,0.0,0.0,0.0,0.0,0.0,0.0,0.0,0.0
1,1,0.0,1.0,0.0,0.0,0.0,0.0,0.0,0.0,0.0,0.0,0.0,0.0
1,1,0.0,1.0,0.0,0.0,0.0,0.0,0.0,0.0,0.0,0.0,0.0,0.0
1,1,0.0,1.0,0.0,0.0,0.0,0.0,0.0,0.0,0.0,0.0,0.0,0.0
1,1,0.0,1.0,0.0,0.0,0.0,0.0,0.0,0.0,0.0,0.0,0.0,0.0
1,1,0.0,1.0,0.0,0.0,0.0,0.0,0.0,0.0,0.0,0.0,0.0,0.0
1,1,0.0,1.0,0.0,0.0,0.0,0.0,0.0,0.0,0.0,0.0,0.0,0.0
1,1,0.0,1.0,0.0,0.0,0.0,0.0,0.0,0.0,0.0,0.0,0.0,0.0
1,1,0.0,1.0,0.0,0.0,0.0,0.0,0.0,0.0,0.0,0.0,0.0,0.0
1,1,0.0,1.0,0.0,0.0,0.0,0.0,0.0,0.0,0.0,0.0,0.0,0.0
1,1,0.0,1.0,0.0,0.0,0.0,0.0,0.0,0.0,0.0,0.0,0.0,0.0
1,1,0.0,1.0,0.0,0.0,0.0,0.0,0.0,0.0,0.0,0.0,0.0,0.0
1,1,0.0,1.0,0.0,0.0,0.0,0.0,0.0,0.0,0.0,0.0,0.0,0.0
1,1,0.0,1.0,0.0,0.0,0.0,0.0,0.0,0.0,0.0,0.0,0.0,0.0
1,1,0.0,1.0,0.0,0.0,0.0,0.0,0.0,0.0,0.0,0.0,0.0,0.0
1,1,0.0,1.0,0.0,0.0,0.0,0.0,0.0,0.0,0.0,0.0,0.0,0.0
1,1,0.0,1.0,0.0,0.0,0.0,0.0,0.0,0.0,0.0,0.0,0.0,0.0
1,1,0.0,1.0,0.0,0.0,0.0,0.0,0.0,0.0,0.0,0.0,0.0,0.0
1,1,0.0,1.0,0.0,0.0,0.0,0.0,0.0,0.0,0.0,0.0,0.0,0.0
1,1,0.0,1.0,0.0,0.0,0.0,0.0,0.0,0.0,0.0,0.0,0.0,0.0
1,1,0.0,1.0,0.0,0.0,0.0,0.0,0.0,0.0,0.0,0.0,0.0,0.0
1,1,0.0,1.0,0.0,0.0,0.0,0.0,0.0,0.0,0.0,0.0,0.0,0.0
1,1,0.0,1.0,0.0,0.0,0.0,0.0,0.0,0.0,0.0,0.0,0.0,0.0
1,1,0.0,1.0,0.0,0.0,0.0,0.0,0.0,0.0,0.0,0.0,0.0,0.0
1,1,0.0,1.0,0.0,0.0,0.0,0.0,0.0,0.0,0.0,0.0,0.0,0.0
1,1,0.0,1.0,0.0,0.0,0.0,0.0,0.0,0.0,0.0,0.0,0.0,0.0
1,1,0.0,1.0,0.0,0.0,0.0,0.0,0.0,0.0,0.0,0.0,0.0,0.0
1,1,0.0,1.0,0.0,0.0,0.0,0.0,0.0,0.0,0.0,0.0,0.0,0.0
1,1,0.0,1.0,0.0,0.0,0.0,0.0,0.0,0.0,0.0,0.0,0.0,0.0
1,1,0.0,1.0,0.0,0.0,0.0,0.0,0.0,0.0,0.0,0.0,0.0,0.0
1,1,0.0,1.0,0.0,0.0,0.0,0.0,0.0,0.0,0.0,0.0,0.0,0.0
1,1,0.0,1.0,0.0,0.0,0.0,0.0,0.0,0.0,0.0,0.0,0.0,0.0
1,1,0.0,1.0,0.0,0.0,0.0,0.0,0.0,0.0,0.0,0.0,0.0,0.0
1,1,0.0,1.0,0.0,0.0,0.0,0.0,0.0,0.0,0.0,0.0,0.0,0.0
1,1,0.0,1.0,0.0,0.0,0.0,0.0,0.0,0.0,0.0,0.0,0.0,0.0
1,1,0.0,1.0,0.0,0.0,0.0,0.0,0.0,0.0,0.0,0.0,0.0,0.0
1,1,0.0,1.0,0.0,0.0,0.0,0.0,0.0,0.0,0.0,0.0,0.0,0.0
1,1,0.0,1.0,0.0,0.0,0.0,0.0,0.0,0.0,0.0,0.0,0.0,0.0
1,1,0.0,1.0,0.0,0.0,0.0,0.0,0.0,0.0,0.0,0.0,0.0,0.0
1,1,0.0,1.0,0.0,0.0,0.0,0.0,0.0,0.0,0.0,0.0,0.0,0.0
1,1,0.0,1.0,0.0,0.0,0.0,0.0,0.0,0.0,0.0,0.0,0.0,0.0
1,1,0.0,1.0,0.0,0.0,0.0,0.0,0.0,0.0,0.0,0.0,0.0,0.0
1,1,0.0,1.0,0.0,0.0,0.0,0.0,0.0,0.0,0.0,0.0,0.0,0.0
1,1,0.0,1.0,0.0,0.0,0.0,0.0,0.0,0.0,0.0,0.0,0.0,0.0
1,1,0.0,1.0,0.0,0.0,0.0,0.0,0.0,0.0,0.0,0.0,0.0,0.0
1,1,0.0,1.0,0.0,0.0,0.0,0.0,0.0,0.0,0.0,0.0,0.0,0.0
1,1,0.0,1.0,0.0,0.0,0.0,0.0,0.0,0.0,0.0,0.0,0.0,0.0
1,1,0.0,1.0,0.0,0.0,0.0,0.0,0.0,0.0,0.0,0.0,0.0,0.0
1,1,0.0,1.0,0.0,0.0,0.0,0.0,0.0,0.0,0.0,0.0,0.0,0.0
1,1,0.0,1.0,0.0,0.0,0.0,0.0,0.0,0.0,0.0,0.0,0.0,0.0
1,1,0.0,1.0,0.0,0.0,0.0,0.0,0.0,0.0,0.0,0.0,0.0,0.0
1,1,0.0,1.0,0.0,0.0,0.0,0.0,0.0,0.0,0.0,0.0,0.0,0.0
1,1,0.0,1.0,0.0,0.0,0.0,0.0,0.0,0.0,0.0,0.0,0.0,0.0
1,1,0.0,1.0,0.0,0.0,0.0,0.0,0.0,0.0,0.0,0.0,0.0,0.0
1,1,0.0,1.0,0.0,0.0,0.0,0.0,0.0,0.0,0.0,0.0,0.0,0.0
1,1,0.0,1.0,0.0,0.0,0.0,0.0,0.0,0.0,0.0,0.0,0.0,0.0
1,1,0.0,1.0,0.0,0.0,0.0,0.0,0.0,0.0,0.0,0.0,0.0,0.0
1,1,0.0,1.0,0.0,0.0,0.0,0.0,0.0,0.0,0.0,0.0,0.0,0.0
1,1,0.0,1.0,0.0,0.0,0.0,0.0,0.0,0.0,0.0,0.0,0.0,0.0
1,1,0.0,1.0,0.0,0.0,0.0,0.0,0.0,0.0,0.0,0.0,0.0,0.0
1,1,0.0,1.0,0.0,0.0,0.0,0.0,0.0,0.0,0.0,0.0,0.0,0.0
1,1,0.0,1.0,0.0,0.0,0.0,0.0,0.0,0.0,0.0,0.0,0.0,0.0
1,1,0.0,1.0,0.0,0.0,0.0,0.0,0.0,0.0,0.0,0.0,0.0,0.0
1,1,0.0,1.0,0.0,0.0,0.0,0.0,0.0,0.0,0.0,0.0,0.0,0.0
1,1,0.0,1.0,0.0,0.0,0.0,0.0,0.0,0.0,0.0,0.0,0.0,0.0
1,1,0.0,1.0,0.0,0.0,0.0,0.0,0.0,0.0,0.0,0.0,0.0,0.0
1,1,0.0,1.0,0.0,0.0,0.0,0.0,0.0,0.0,0.0,0.0,0.0,0.0
1,1,0.0,1.0,0.0,0.0,0.0,0.0,0.0,0.0,0.0,0.0,0.0,0.0
1,1,0.0,1.0,0.0,0.0,0.0,0.0,0.0,0.0,0.0,0.0,0.0,0.0
1,1,0.0,1.0,0.0,0.0,0.0,0.0,0.0,0.0,0.0,0.0,0.0,0.0
1,1,0.0,1.0,0.0,0.0,0.0,0.0,0.0,0.0,0.0,0.0,0.0,0.0
1,1,0.0,1.0,0.0,0.0,0.0,0.0,0.0,0.0,0.0,0.0,0.0,0.0
1,1,0.0,1.0,0.0,0.0,0.0,0.0,0.0,0.0,0.0,0.0,0.0,0.0
1,1,0.0,1.0,0.0,0.0,0.0,0.0,0.0,0.0,0.0,0.0,0.0,0.0
1,1,0.0,1.0,0.0,0.0,0.0,0.0,0.0,0.0,0.0,0.0,0.0,0.0
1,1,0.0,1.0,0.0,0.0,0.0,0.0,0.0,0.0,0.0,0.0,0.0,0.0
1,1,0.0,1.0,0.0,0.0,0.0,0.0,0.0,0.0,0.0,0.0,0.0,0.0
1,1,0.0,1.0,0.0,0.0,0.0,0.0,0.0,0.0,0.0,0.0,0.0,0.0
1,1,0.0,1.0,0.0,0.0,0.0,0.0,0.0,0.0,0.0,0.0,0.0,0.0
1,1,0.0,1.0,0.0,0.0,0.0,0.0,0.0,0.0,0.0,0.0,0.0,0.0
1,1,0.0,1.0,0.0,0.0,0.0,0.0,0.0,0.0,0.0,0.0,0.0,0.0
1,1,0.0,1.0,0.0,0.0,0.0,0.0,0.0,0.0,0.0,0.0,0.0,0.0
1,1,0.0,1.0,0.0,0.0,0.0,0.0,0.0,0.0,0.0,0.0,0.0,0.0
1,1,0.0,1.0,0.0,0.0,0.0,0.0,0.0,0.0,0.0,0.0,0.0,0.0
1,1,0.0,1.0,0.0,0.0,0.0,0.0,0.0,0.0,0.0,0.0,0.0,0.0
1,1,0.0,1.0,0.0,0.0,0.0,0.0,0.0,0.0,0.0,0.0,0.0,0.0
1,1,0.0,1.0,0.0,0.0,0.0,0.0,0.0,0.0,0.0,0.0,0.0,0.0
1,1,0.0,1.0,0.0,0.0,0.0,0.0,0.0,0.0,0.0,0.0,0.0,0.0
1,1,0.0,1.0,0.0,0.0,0.0,0.0,0.0,0.0,0.0,0.0,0.0,0.0
1,1,0.0,1.0,0.0,0.0,0.0,0.0,0.0,0.0,0.0,0.0,0.0,0.0
1,1,0.0,1.0,0.0,0.0,0.0,0.0,0.0,0.0,0.0,0.0,0.0,0.0
1,1,0.0,1.0,0.0,0.0,0.0,0.0,0.0,0.0,0.0,0.0,0.0,0.0
1,1,0.0,1.0,0.0,0.0,0.0,0.0,0.0,0.0,0.0,0.0,0.0,0.0
1,1,0.0,1.0,0.0,0.0,0.0,0.0,0.0,0.0,0.0,0.0,0.0,0.0
1,1,0.0,1.0,0.0,0.0,0.0,0.0,0.0,0.0,0.0,0.0,0.0,0.0
1,1,0.0,1.0,0.0,0.0,0.0,0.0,0.0,0.0,0.0,0.0,0.0,0.0
1,1,0.0,1.0,0.0,0.0,0.0,0.0,0.0,0.0,0.0,0.0,0.0,0.0
1,1,0.0,1.0,0.0,0.0,0.0,0.0,0.0,0.0,0.0,0.0,0.0,0.0
1,1,0.0,1.0,0.0,0.0,0.0,0.0,0.0,0.0,0.0,0.0,0.0,0.0
1,1,0.0,1.0,0.0,0.0,0.0,0.0,0.0,0.0,0.0,0.0,0.0,0.0
1,1,0.0,1.0,0.0,0.0,0.0,0.0,0.0,0.0,0.0,0.0,0.0,0.0
1,1,0.0,1.0,0.0,0.0,0.0,0.0,0.0,0.0,0.0,0.0,0.0,0.0
1,1,0.0,1.0,0.0,0.0,0.0,0.0,0.0,0.0,0.0,0.0,0.0,0.0
1,1,0.0,1.0,0.0,0.0,0.0,0.0,0.0,0.0,0.0,0.0,0.0,0.0
1,1,0.0,1.0,0.0,0.0,0.0,0.0,0.0,0.0,0.0,0.0,0.0,0.0
1,1,0.0,1.0,0.0,0.0,0.0,0.0,0.0,0.0,0.0,0.0,0.0,0.0
1,1,0.0,1.0,0.0,0.0,0.0,0.0,0.0,0.0,0.0,0.0,0.0,0.0
1,1,0.0,1.0,0.0,0.0,0.0,0.0,0.0,0.0,0.0,0.0,0.0,0.0
1,1,0.0,1.0,0.0,0.0,0.0,0.0,0.0,0.0,0.0,0.0,0.0,0.0
1,1,0.0,1.0,0.0,0.0,0.0,0.0,0.0,0.0,0.0,0.0,0.0,0.0
1,1,0.0,1.0,0.0,0.0,0.0,0.0,0.0,0.0,0.0,0.0,0.0,0.0
1,1,0.0,1.0,0.0,0.0,0.0,0.0,0.0,0.0,0.0,0.0,0.0,0.0
1,1,0.0,1.0,0.0,0.0,0.0,0.0,0.0,0.0,0.0,0.0,0.0,0.0
1,1,0.0,1.0,0.0,0.0,0.0,0.0,0.0,0.0,0.0,0.0,0.0,0.0
1,1,0.0,1.0,0.0,0.0,0.0,0.0,0.0,0.0,0.0,0.0,0.0,0.0
1,1,0.0,1.0,0.0,0.0,0.0,0.0,0.0,0.0,0.0,0.0,0.0,0.0
1,1,0.0,1.0,0.0,0.0,0.0,0.0,0.0,0.0,0.0,0.0,0.0,0.0
1,1,0.0,1.0,0.0,0.0,0.0,0.0,0.0,0.0,0.0,0.0,0.0,0.0
1,1,0.0,1.0,0.0,0.0,0.0,0.0,0.0,0.0,0.0,0.0,0.0,0.0
1,1,0.0,1.0,0.0,0.0,0.0,0.0,0.0,0.0,0.0,0.0,0.0,0.0
1,1,0.0,1.0,0.0,0.0,0.0,0.0,0.0,0.0,0.0,0.0,0.0,0.0
1,1,0.0,1.0,0.0,0.0,0.0,0.0,0.0,0.0,0.0,0.0,0.0,0.0
1,1,0.0,1.0,0.0,0.0,0.0,0.0,0.0,0.0,0.0,0.0,0.0,0.0
1,1,0.0,1.0,0.0,0.0,0.0,0.0,0.0,0.0,0.0,0.0,0.0,0.0
1,1,0.0,1.0,0.0,0.0,0.0,0.0,0.0,0.0,0.0,0.0,0.0,0.0
1,1,0.0,1.0,0.0,0.0,0.0,0.0,0.0,0.0,0.0,0.0,0.0,0.0
1,1,0.0,1.0,0.0,0.0,0.0,0.0,0.0,0.0,0.0,0.0,0.0,0.0
1,1,0.0,1.0,0.0,0.0,0.0,0.0,0.0,0.0,0.0,0.0,0.0,0.0
1,1,0.0,1.0,0.0,0.0,0.0,0.0,0.0,0.0,0.0,0.0,0.0,0.0
1,1,0.0,1.0,0.0,0.0,0.0,0.0,0.0,0.0,0.0,0.0,0.0,0.0
1,1,0.0,1.0,0.0,0.0,0.0,0.0,0.0,0.0,0.0,0.0,0.0,0.0
1,1,0.0,1.0,0.0,0.0,0.0,0.0,0.0,0.0,0.0,0.0,0.0,0.0
1,1,0.0,1.0,0.0,0.0,0.0,0.0,0.0,0.0,0.0,0.0,0.0,0.0
1,1,0.0,1.0,0.0,0.0,0.0,0.0,0.0,0.0,0.0,0.0,0.0,0.0
1,1,0.0,1.0,0.0,0.0,0.0,0.0,0.0,0.0,0.0,0.0,0.0,0.0
1,1,0.0,1.0,0.0,0.0,0.0,0.0,0.0,0.0,0.0,0.0,0.0,0.0
1,1,0.0,1.0,0.0,0.0,0.0,0.0,0.0,0.0,0.0,0.0,0.0,0.0
1,1,0.0,1.0,0.0,0.0,0.0,0.0,0.0,0.0,0.0,0.0,0.0,0.0
1,1,0.0,1.0,0.0,0.0,0.0,0.0,0.0,0.0,0.0,0.0,0.0,0.0
1,1,0.0,1.0,0.0,0.0,0.0,0.0,0.0,0.0,0.0,0.0,0.0,0.0
1,1,0.0,1.0,0.0,0.0,0.0,0.0,0.0,0.0,0.0,0.0,0.0,0.0
1,1,0.0,1.0,0.0,0.0,0.0,0.0,0.0,0.0,0.0,0.0,0.0,0.0
1,1,0.0,1.0,0.0,0.0,0.0,0.0,0.0,0.0,0.0,0.0,0.0,0.0
1,1,0.0,1.0,0.0,0.0,0.0,0.0,0.0,0.0,0.0,0.0,0.0,0.0
1,1,0.0,1.0,0.0,0.0,0.0,0.0,0.0,0.0,0.0,0.0,0.0,0.0
1,1,0.0,1.0,0.0,0.0,0.0,0.0,0.0,0.0,0.0,0.0,0.0,0.0
1,1,0.0,1.0,0.0,0.0,0.0,0.0,0.0,0.0,0.0,0.0,0.0,0.0
1,1,0.0,1.0,0.0,0.0,0.0,0.0,0.0,0.0,0.0,0.0,0.0,0.0
1,1,0.0,1.0,0.0,0.0,0.0,0.0,0.0,0.0,0.0,0.0,0.0,0.0
1,1,0.0,1.0,0.0,0.0,0.0,0.0,0.0,0.0,0.0,0.0,0.0,0.0
1,1,0.0,1.0,0.0,0.0,0.0,0.0,0.0,0.0,0.0,0.0,0.0,0.0
1,1,0.0,1.0,0.0,0.0,0.0,0.0,0.0,0.0,0.0,0.0,0.0,0.0
1,1,0.0,1.0,0.0,0.0,0.0,0.0,0.0,0.0,0.0,0.0,0.0,0.0
1,1,0.0,1.0,0.0,0.0,0.0,0.0,0.0,0.0,0.0,0.0,0.0,0.0
1,1,0.0,1.0,0.0,0.0,0.0,0.0,0.0,0.0,0.0,0.0,0.0,0.0
1,1,0.0,1.0,0.0,0.0,0.0,0.0,0.0,0.0,0.0,0.0,0.0,0.0
1,1,0.0,1.0,0.0,0.0,0.0,0.0,0.0,0.0,0.0,0.0,0.0,0.0
1,1,0.0,1.0,0.0,0.0,0.0,0.0,0.0,0.0,0.0,0.0,0.0,0.0
1,1,0.0,1.0,0.0,0.0,0.0,0.0,0.0,0.0,0.0,0.0,0.0,0.0
1,1,0.0,1.0,0.0,0.0,0.0,0.0,0.0,0.0,0.0,0.0,0.0,0.0
1,1,0.0,1.0,0.0,0.0,0.0,0.0,0.0,0.0,0.0,0.0,0.0,0.0
1,1,0.0,1.0,0.0,0.0,0.0,0.0,0.0,0.0,0.0,0.0,0.0,0.0
1,1,0.0,1.0,0.0,0.0,0.0,0.0,0.0,0.0,0.0,0.0,0.0,0.0
1,1,0.0,1.0,0.0,0.0,0.0,0.0,0.0,0.0,0.0,0.0,0.0,0.0
1,1,0.0,1.0,0.0,0.0,0.0,0.0,0.0,0.0,0.0,0.0,0.0,0.0
1,1,0.0,1.0,0.0,0.0,0.0,0.0,0.0,0.0,0.0,0.0,0.0,0.0
1,1,0.0,1.0,0.0,0.0,0.0,0.0,0.0,0.0,0.0,0.0,0.0,0.0
1,1,0.0,1.0,0.0,0.0,0.0,0.0,0.0,0.0,0.0,0.0,0.0,0.0
1,1,0.0,1.0,0.0,0.0,0.0,0.0,0.0,0.0,0.0,0.0,0.0,0.0
1,1,0.0,1.0,0.0,0.0,0.0,0.0,0.0,0.0,0.0,0.0,0.0,0.0
1,1,0.0,1.0,0.0,0.0,0.0,0.0,0.0,0.0,0.0,0.0,0.0,0.0
1,1,0.0,1.0,0.0,0.0,0.0,0.0,0.0,0.0,0.0,0.0,0.0,0.0
1,1,0.0,1.0,0.0,0.0,0.0,0.0,0.0,0.0,0.0,0.0,0.0,0.0
1,1,0.0,1.0,0.0,0.0,0.0,0.0,0.0,0.0,0.0,0.0,0.0,0.0
1,1,0.0,1.0,0.0,0.0,0.0,0.0,0.0,0.0,0.0,0.0,0.0,0.0
1,1,0.0,1.0,0.0,0.0,0.0,0.0,0.0,0.0,0.0,0.0,0.0,0.0
1,1,0.0,1.0,0.0,0.0,0.0,0.0,0.0,0.0,0.0,0.0,0.0,0.0
1,1,0.0,1.0,0.0,0.0,0.0,0.0,0.0,0.0,0.0,0.0,0.0,0.0
1,1,0.0,1.0,0.0,0.0,0.0,0.0,0.0,0.0,0.0,0.0,0.0,0.0
1,1,0.0,1.0,0.0,0.0,0.0,0.0,0.0,0.0,0.0,0.0,0.0,0.0
1,1,0.0,1.0,0.0,0.0,0.0,0.0,0.0,0.0,0.0,0.0,0.0,0.0
1,1,0.0,1.0,0.0,0.0,0.0,0.0,0.0,0.0,0.0,0.0,0.0,0.0
1,1,0.0,1.0,0.0,0.0,0.0,0.0,0.0,0.0,0.0,0.0,0.0,0.0
1,1,0.0,1.0,0.0,0.0,0.0,0.0,0.0,0.0,0.0,0.0,0.0,0.0
1,1,0.0,1.0,0.0,0.0,0.0,0.0,0.0,0.0,0.0,0.0,0.0,0.0
1,1,0.0,1.0,0.0,0.0,0.0,0.0,0.0,0.0,0.0,0.0,0.0,0.0
1,1,0.0,1.0,0.0,0.0,0.0,0.0,0.0,0.0,0.0,0.0,0.0,0.0
1,1,0.0,1.0,0.0,0.0,0.0,0.0,0.0,0.0,0.0,0.0,0.0,0.0
1,1,0.0,1.0,0.0,0.0,0.0,0.0,0.0,0.0,0.0,0.0,0.0,0.0
1,1,0.0,1.0,0.0,0.0,0.0,0.0,0.0,0.0,0.0,0.0,0.0,0.0
1,1,0.0,1.0,0.0,0.0,0.0,0.0,0.0,0.0,0.0,0.0,0.0,0.0
1,1,0.0,1.0,0.0,0.0,0.0,0.0,0.0,0.0,0.0,0.0,0.0,0.0
1,1,0.0,1.0,0.0,0.0,0.0,0.0,0.0,0.0,0.0,0.0,0.0,0.0
1,1,0.0,1.0,0.0,0.0,0.0,0.0,0.0,0.0,0.0,0.0,0.0,0.0
1,1,0.0,1.0,0.0,0.0,0.0,0.0,0.0,0.0,0.0,0.0,0.0,0.0
1,1,0.0,1.0,0.0,0.0,0.0,0.0,0.0,0.0,0.0,0.0,0.0,0.0
1,1,0.0,1.0,0.0,0.0,0.0,0.0,0.0,0.0,0.0,0.0,0.0,0.0
1,1,0.0,1.0,0.0,0.0,0.0,0.0,0.0,0.0,0.0,0.0,0.0,0.0
1,1,0.0,1.0,0.0,0.0,0.0,0.0,0.0,0.0,0.0,0.0,0.0,0.0
1,1,0.0,1.0,0.0,0.0,0.0,0.0,0.0,0.0,0.0,0.0,0.0,0.0
1,1,0.0,1.0,0.0,0.0,0.0,0.0,0.0,0.0,0.0,0.0,0.0,0.0
1,1,0.0,1.0,0.0,0.0,0.0,0.0,0.0,0.0,0.0,0.0,0.0,0.0
1,1,0.0,1.0,0.0,0.0,0.0,0.0,0.0,0.0,0.0,0.0,0.0,0.0
1,1,0.0,1.0,0.0,0.0,0.0,0.0,0.0,0.0,0.0,0.0,0.0,0.0
1,1,0.0,1.0,0.0,0.0,0.0,0.0,0.0,0.0,0.0,0.0,0.0,0.0
1,1,0.0,1.0,0.0,0.0,0.0,0.0,0.0,0.0,0.0,0.0,0.0,0.0
1,1,0.0,1.0,0.0,0.0,0.0,0.0,0.0,0.0,0.0,0.0,0.0,0.0
1,1,0.0,1.0,0.0,0.0,0.0,0.0,0.0,0.0,0.0,0.0,0.0,0.0
1,1,0.0,1.0,0.0,0.0,0.0,0.0,0.0,0.0,0.0,0.0,0.0,0.0
1,1,0.0,1.0,0.0,0.0,0.0,0.0,0.0,0.0,0.0,0.0,0.0,0.0
1,1,0.0,1.0,0.0,0.0,0.0,0.0,0.0,0.0,0.0,0.0,0.0,0.0
1,1,0.0,1.0,0.0,0.0,0.0,0.0,0.0,0.0,0.0,0.0,0.0,0.0
1,1,0.0,1.0,0.0,0.0,0.0,0.0,0.0,0.0,0.0,0.0,0.0,0.0
1,1,0.0,1.0,0.0,0.0,0.0,0.0,0.0,0.0,0.0,0.0,0.0,0.0
1,1,0.0,1.0,0.0,0.0,0.0,0.0,0.0,0.0,0.0,0.0,0.0,0.0
1,1,0.0,1.0,0.0,0.0,0.0,0.0,0.0,0.0,0.0,0.0,0.0,0.0
1,1,0.0,1.0,0.0,0.0,0.0,0.0,0.0,0.0,0.0,0.0,0.0,0.0
1,1,0.0,1.0,0.0,0.0,0.0,0.0,0.0,0.0,0.0,0.0,0.0,0.0
1,1,0.0,1.0,0.0,0.0,0.0,0.0,0.0,0.0,0.0,0.0,0.0,0.0
1,1,0.0,1.0,0.0,0.0,0.0,0.0,0.0,0.0,0.0,0.0,0.0,0.0
1,1,0.0,1.0,0.0,0.0,0.0,0.0,0.0,0.0,0.0,0.0,0.0,0.0
1,1,0.0,1.0,0.0,0.0,0.0,0.0,0.0,0.0,0.0,0.0,0.0,0.0
1,1,0.0,1.0,0.0,0.0,0.0,0.0,0.0,0.0,0.0,0.0,0.0,0.0
1,1,0.0,1.0,0.0,0.0,0.0,0.0,0.0,0.0,0.0,0.0,0.0,0.0
1,1,0.0,1.0,0.0,0.0,0.0,0.0,0.0,0.0,0.0,0.0,0.0,0.0
1,1,0.0,1.0,0.0,0.0,0.0,0.0,0.0,0.0,0.0,0.0,0.0,0.0
1,1,0.0,1.0,0.0,0.0,0.0,0.0,0.0,0.0,0.0,0.0,0.0,0.0
1,1,0.0,1.0,0.0,0.0,0.0,0.0,0.0,0.0,0.0,0.0,0.0,0.0
1,1,0.0,1.0,0.0,0.0,0.0,0.0,0.0,0.0,0.0,0.0,0.0,0.0
1,1,0.0,1.0,0.0,0.0,0.0,0.0,0.0,0.0,0.0,0.0,0.0,0.0
1,1,0.0,1.0,0.0,0.0,0.0,0.0,0.0,0.0,0.0,0.0,0.0,0.0
1,1,0.0,1.0,0.0,0.0,0.0,0.0,0.0,0.0,0.0,0.0,0.0,0.0
1,1,0.0,1.0,0.0,0.0,0.0,0.0,0.0,0.0,0.0,0.0,0.0,0.0
1,1,0.0,1.0,0.0,0.0,0.0,0.0,0.0,0.0,0.0,0.0,0.0,0.0
1,1,0.0,1.0,0.0,0.0,0.0,0.0,0.0,0.0,0.0,0.0,0.0,0.0
1,1,0.0,1.0,0.0,0.0,0.0,0.0,0.0,0.0,0.0,0.0,0.0,0.0
1,1,0.0,1.0,0.0,0.0,0.0,0.0,0.0,0.0,0.0,0.0,0.0,0.0
1,1,0.0,1.0,0.0,0.0,0.0,0.0,0.0,0.0,0.0,0.0,0.0,0.0
1,1,0.0,1.0,0.0,0.0,0.0,0.0,0.0,0.0,0.0,0.0,0.0,0.0
1,1,0.0,1.0,0.0,0.0,0.0,0.0,0.0,0.0,0.0,0.0,0.0,0.0
1,1,0.0,1.0,0.0,0.0,0.0,0.0,0.0,0.0,0.0,0.0,0.0,0.0
1,1,0.0,1.0,0.0,0.0,0.0,0.0,0.0,0.0,0.0,0.0,0.0,0.0
1,1,0.0,1.0,0.0,0.0,0.0,0.0,0.0,0.0,0.0,0.0,0.0,0.0
1,1,0.0,1.0,0.0,0.0,0.0,0.0,0.0,0.0,0.0,0.0,0.0,0.0
1,1,0.0,1.0,0.0,0.0,0.0,0.0,0.0,0.0,0.0,0.0,0.0,0.0
1,1,0.0,1.0,0.0,0.0,0.0,0.0,0.0,0.0,0.0,0.0,0.0,0.0
1,1,0.0,1.0,0.0,0.0,0.0,0.0,0.0,0.0,0.0,0.0,0.0,0.0
1,1,0.0,1.0,0.0,0.0,0.0,0.0,0.0,0.0,0.0,0.0,0.0,0.0
1,1,0.0,1.0,0.0,0.0,0.0,0.0,0.0,0.0,0.0,0.0,0.0,0.0
1,1,0.0,1.0,0.0,0.0,0.0,0.0,0.0,0.0,0.0,0.0,0.0,0.0
1,1,0.0,1.0,0.0,0.0,0.0,0.0,0.0,0.0,0.0,0.0,0.0,0.0
1,1,0.0,1.0,0.0,0.0,0.0,0.0,0.0,0.0,0.0,0.0,0.0,0.0
1,1,0.0,1.0,0.0,0.0,0.0,0.0,0.0,0.0,0.0,0.0,0.0,0.0
1,1,0.0,1.0,0.0,0.0,0.0,0.0,0.0,0.0,0.0,0.0,0.0,0.0
1,1,0.0,1.0,0.0,0.0,0.0,0.0,0.0,0.0,0.0,0.0,0.0,0.0
1,1,0.0,1.0,0.0,0.0,0.0,0.0,0.0,0.0,0.0,0.0,0.0,0.0
1,1,0.0,1.0,0.0,0.0,0.0,0.0,0.0,0.0,0.0,0.0,0.0,0.0
1,1,0.0,1.0,0.0,0.0,0.0,0.0,0.0,0.0,0.0,0.0,0.0,0.0
1,1,0.0,1.0,0.0,0.0,0.0,0.0,0.0,0.0,0.0,0.0,0.0,0.0
1,1,0.0,1.0,0.0,0.0,0.0,0.0,0.0,0.0,0.0,0.0,0.0,0.0
1,1,0.0,1.0,0.0,0.0,0.0,0.0,0.0,0.0,0.0,0.0,0.0,0.0
1,1,0.0,1.0,0.0,0.0,0.0,0.0,0.0,0.0,0.0,0.0,0.0,0.0
1,1,0.0,1.0,0.0,0.0,0.0,0.0,0.0,0.0,0.0,0.0,0.0,0.0
1,1,0.0,1.0,0.0,0.0,0.0,0.0,0.0,0.0,0.0,0.0,0.0,0.0
1,1,0.0,1.0,0.0,0.0,0.0,0.0,0.0,0.0,0.0,0.0,0.0,0.0
1,1,0.0,1.0,0.0,0.0,0.0,0.0,0.0,0.0,0.0,0.0,0.0,0.0
1,1,0.0,1.0,0.0,0.0,0.0,0.0,0.0,0.0,0.0,0.0,0.0,0.0
1,1,0.0,1.0,0.0,0.0,0.0,0.0,0.0,0.0,0.0,0.0,0.0,0.0
1,1,0.0,1.0,0.0,0.0,0.0,0.0,0.0,0.0,0.0,0.0,0.0,0.0
1,1,0.0,1.0,0.0,0.0,0.0,0.0,0.0,0.0,0.0,0.0,0.0,0.0
1,1,0.0,1.0,0.0,0.0,0.0,0.0,0.0,0.0,0.0,0.0,0.0,0.0
1,1,0.0,1.0,0.0,0.0,0.0,0.0,0.0,0.0,0.0,0.0,0.0,0.0
1,1,0.0,1.0,0.0,0.0,0.0,0.0,0.0,0.0,0.0,0.0,0.0,0.0
1,1,0.0,1.0,0.0,0.0,0.0,0.0,0.0,0.0,0.0,0.0,0.0,0.0
1,1,0.0,1.0,0.0,0.0,0.0,0.0,0.0,0.0,0.0,0.0,0.0,0.0
1,1,0.0,1.0,0.0,0.0,0.0,0.0,0.0,0.0,0.0,0.0,0.0,0.0
1,1,0.0,1.0,0.0,0.0,0.0,0.0,0.0,0.0,0.0,0.0,0.0,0.0
1,1,0.0,1.0,0.0,0.0,0.0,0.0,0.0,0.0,0.0,0.0,0.0,0.0
1,1,0.0,1.0,0.0,0.0,0.0,0.0,0.0,0.0,0.0,0.0,0.0,0.0
1,1,0.0,1.0,0.0,0.0,0.0,0.0,0.0,0.0,0.0,0.0,0.0,0.0
1,1,0.0,1.0,0.0,0.0,0.0,0.0,0.0,0.0,0.0,0.0,0.0,0.0
1,1,0.0,1.0,0.0,0.0,0.0,0.0,0.0,0.0,0.0,0.0,0.0,0.0
1,1,0.0,1.0,0.0,0.0,0.0,0.0,0.0,0.0,0.0,0.0,0.0,0.0
1,1,0.0,1.0,0.0,0.0,0.0,0.0,0.0,0.0,0.0,0.0,0.0,0.0
1,1,0.0,1.0,0.0,0.0,0.0,0.0,0.0,0.0,0.0,0.0,0.0,0.0
1,1,0.0,1.0,0.0,0.0,0.0,0.0,0.0,0.0,0.0,0.0,0.0,0.0
1,1,0.0,1.0,0.0,0.0,0.0,0.0,0.0,0.0,0.0,0.0,0.0,0.0
1,1,0.0,1.0,0.0,0.0,0.0,0.0,0.0,0.0,0.0,0.0,0.0,0.0
1,1,0.0,1.0,0.0,0.0,0.0,0.0,0.0,0.0,0.0,0.0,0.0,0.0
1,1,0.0,1.0,0.0,0.0,0.0,0.0,0.0,0.0,0.0,0.0,0.0,0.0
1,1,0.0,1.0,0.0,0.0,0.0,0.0,0.0,0.0,0.0,0.0,0.0,0.0
1,1,0.0,1.0,0.0,0.0,0.0,0.0,0.0,0.0,0.0,0.0,0.0,0.0
1,1,0.0,1.0,0.0,0.0,0.0,0.0,0.0,0.0,0.0,0.0,0.0,0.0
1,1,0.0,1.0,0.0,0.0,0.0,0.0,0.0,0.0,0.0,0.0,0.0,0.0
1,1,0.0,1.0,0.0,0.0,0.0,0.0,0.0,0.0,0.0,0.0,0.0,0.0
1,1,0.0,1.0,0.0,0.0,0.0,0.0,0.0,0.0,0.0,0.0,0.0,0.0
1,1,0.015625,0.984375,0.0,0.0,0.0,0.0,0.0,0.0,0.0,0.0,0.0,0.0
1,1,0.015625,0.984375,0.0,0.0,0.0,0.0,0.0,0.0,0.0,0.0,0.0,0.0
1,1,0.015625,0.984375,0.0,0.0,0.0,0.0,0.0,0.0,0.0,0.0,0.0,0.0
1,1,0.015625,0.984375,0.0,0.0,0.0,0.0,0.0,0.0,0.0,0.0,0.0,0.0
1,1,0.015625,0.984375,0.0,0.0,0.0,0.0,0.0,0.0,0.0,0.0,0.0,0.0
1,1,0.015625,0.984375,0.0,0.0,0.0,0.0,0.0,0.0,0.0,0.0,0.0,0.0
1,1,0.015625,0.984375,0.0,0.0,0.0,0.0,0.0,0.0,0.0,0.0,0.0,0.0
1,1,0.015625,0.984375,0.0,0.0,0.0,0.0,0.0,0.0,0.0,0.0,0.0,0.0
1,1,0.015625,0.984375,0.0,0.0,0.0,0.0,0.0,0.0,0.0,0.0,0.0,0.0
1,1,0.015625,0.984375,0.0,0.0,0.0,0.0,0.0,0.0,0.0,0.0,0.0,0.0
1,1,0.015625,0.984375,0.0,0.0,0.0,0.0,0.0,0.0,0.0,0.0,0.0,0.0
1,1,0.015625,0.984375,0.0,0.0,0.0,0.0,0.0,0.0,0.0,0.0,0.0,0.0
1,1,0.015625,0.984375,0.0,0.0,0.0,0.0,0.0,0.0,0.0,0.0,0.0,0.0
1,1,0.015625,0.984375,0.0,0.0,0.0,0.0,0.0,0.0,0.0,0.0,0.0,0.0
1,1,0.015625,0.984375,0.0,0.0,0.0,0.0,0.0,0.0,0.0,0.0,0.0,0.0
1,1,0.015625,0.984375,0.0,0.0,0.0,0.0,0.0,0.0,0.0,0.0,0.0,0.0
1,1,0.015625,0.984375,0.0,0.0,0.0,0.0,0.0,0.0,0.0,0.0,0.0,0.0
1,1,0.015625,0.984375,0.0,0.0,0.0,0.0,0.0,0.0,0.0,0.0,0.0,0.0
1,1,0.015625,0.984375,0.0,0.0,0.0,0.0,0.0,0.0,0.0,0.0,0.0,0.0
1,1,0.015625,0.984375,0.0,0.0,0.0,0.0,0.0,0.0,0.0,0.0,0.0,0.0
1,1,0.015625,0.984375,0.0,0.0,0.0,0.0,0.0,0.0,0.0,0.0,0.0,0.0
1,1,0.015625,0.984375,0.0,0.0,0.0,0.0,0.0,0.0,0.0,0.0,0.0,0.0
1,1,0.015625,0.984375,0.0,0.0,0.0,0.0,0.0,0.0,0.0,0.0,0.0,0.0
1,1,0.015625,0.984375,0.0,0.0,0.0,0.0,0.0,0.0,0.0,0.0,0.0,0.0
1,1,0.015625,0.984375,0.0,0.0,0.0,0.0,0.0,0.0,0.0,0.0,0.0,0.0
1,1,0.015625,0.984375,0.0,0.0,0.0,0.0,0.0,0.0,0.0,0.0,0.0,0.0
1,1,0.015625,0.984375,0.0,0.0,0.0,0.0,0.0,0.0,0.0,0.0,0.0,0.0
1,1,0.015625,0.984375,0.0,0.0,0.0,0.0,0.0,0.0,0.0,0.0,0.0,0.0
1,1,0.015625,0.984375,0.0,0.0,0.0,0.0,0.0,0.0,0.0,0.0,0.0,0.0
1,1,0.015625,0.984375,0.0,0.0,0.0,0.0,0.0,0.0,0.0,0.0,0.0,0.0
1,1,0.015625,0.984375,0.0,0.0,0.0,0.0,0.0,0.0,0.0,0.0,0.0,0.0
1,1,0.015625,0.984375,0.0,0.0,0.0,0.0,0.0,0.0,0.0,0.0,0.0,0.0
1,1,0.015625,0.984375,0.0,0.0,0.0,0.0,0.0,0.0,0.0,0.0,0.0,0.0
1,1,0.015625,0.984375,0.0,0.0,0.0,0.0,0.0,0.0,0.0,0.0,0.0,0.0
1,1,0.015625,0.984375,0.0,0.0,0.0,0.0,0.0,0.0,0.0,0.0,0.0,0.0
1,1,0.015625,0.984375,0.0,0.0,0.0,0.0,0.0,0.0,0.0,0.0,0.0,0.0
1,1,0.015625,0.984375,0.0,0.0,0.0,0.0,0.0,0.0,0.0,0.0,0.0,0.0
1,1,0.015625,0.984375,0.0,0.0,0.0,0.0,0.0,0.0,0.0,0.0,0.0,0.0
1,1,0.015625,0.984375,0.0,0.0,0.0,0.0,0.0,0.0,0.0,0.0,0.0,0.0
1,1,0.015625,0.984375,0.0,0.0,0.0,0.0,0.0,0.0,0.0,0.0,0.0,0.0
1,1,0.015625,0.984375,0.0,0.0,0.0,0.0,0.0,0.0,0.0,0.0,0.0,0.0
1,1,0.015625,0.984375,0.0,0.0,0.0,0.0,0.0,0.0,0.0,0.0,0.0,0.0
1,1,0.015625,0.984375,0.0,0.0,0.0,0.0,0.0,0.0,0.0,0.0,0.0,0.0
1,1,0.015625,0.984375,0.0,0.0,0.0,0.0,0.0,0.0,0.0,0.0,0.0,0.0
1,1,0.015625,0.984375,0.0,0.0,0.0,0.0,0.0,0.0,0.0,0.0,0.0,0.0
1,1,0.015625,0.984375,0.0,0.0,0.0,0.0,0.0,0.0,0.0,0.0,0.0,0.0
1,1,0.015625,0.984375,0.0,0.0,0.0,0.0,0.0,0.0,0.0,0.0,0.0,0.0
1,1,0.015625,0.984375,0.0,0.0,0.0,0.0,0.0,0.0,0.0,0.0,0.0,0.0
1,1,0.015625,0.984375,0.0,0.0,0.0,0.0,0.0,0.0,0.0,0.0,0.0,0.0
1,1,0.015625,0.984375,0.0,0.0,0.0,0.0,0.0,0.0,0.0,0.0,0.0,0.0
1,1,0.015625,0.984375,0.0,0.0,0.0,0.0,0.0,0.0,0.0,0.0,0.0,0.0
1,1,0.015625,0.984375,0.0,0.0,0.0,0.0,0.0,0.0,0.0,0.0,0.0,0.0
1,1,0.015625,0.984375,0.0,0.0,0.0,0.0,0.0,0.0,0.0,0.0,0.0,0.0
1,1,0.015625,0.984375,0.0,0.0,0.0,0.0,0.0,0.0,0.0,0.0,0.0,0.0
1,1,0.015625,0.984375,0.0,0.0,0.0,0.0,0.0,0.0,0.0,0.0,0.0,0.0
1,1,0.015625,0.984375,0.0,0.0,0.0,0.0,0.0,0.0,0.0,0.0,0.0,0.0
1,1,0.015625,0.984375,0.0,0.0,0.0,0.0,0.0,0.0,0.0,0.0,0.0,0.0
1,1,0.015625,0.984375,0.0,0.0,0.0,0.0,0.0,0.0,0.0,0.0,0.0,0.0
1,1,0.015625,0.984375,0.0,0.0,0.0,0.0,0.0,0.0,0.0,0.0,0.0,0.0
1,1,0.015625,0.984375,0.0,0.0,0.0,0.0,0.0,0.0,0.0,0.0,0.0,0.0
1,1,0.015625,0.984375,0.0,0.0,0.0,0.0,0.0,0.0,0.0,0.0,0.0,0.0
1,1,0.015625,0.984375,0.0,0.0,0.0,0.0,0.0,0.0,0.0,0.0,0.0,0.0
1,1,0.015625,0.984375,0.0,0.0,0.0,0.0,0.0,0.0,0.0,0.0,0.0,0.0
1,1,0.015625,0.984375,0.0,0.0,0.0,0.0,0.0,0.0,0.0,0.0,0.0,0.0
1,1,0.015625,0.984375,0.0,0.0,0.0,0.0,0.0,0.0,0.0,0.0,0.0,0.0
1,1,0.015625,0.984375,0.0,0.0,0.0,0.0,0.0,0.0,0.0,0.0,0.0,0.0
1,1,0.015625,0.984375,0.0,0.0,0.0,0.0,0.0,0.0,0.0,0.0,0.0,0.0
1,1,0.015625,0.984375,0.0,0.0,0.0,0.0,0.0,0.0,0.0,0.0,0.0,0.0
1,1,0.015625,0.984375,0.0,0.0,0.0,0.0,0.0,0.0,0.0,0.0,0.0,0.0
1,1,0.015625,0.984375,0.0,0.0,0.0,0.0,0.0,0.0,0.0,0.0,0.0,0.0
1,1,0.015625,0.984375,0.0,0.0,0.0,0.0,0.0,0.0,0.0,0.0,0.0,0.0
1,1,0.015625,0.984375,0.0,0.0,0.0,0.0,0.0,0.0,0.0,0.0,0.0,0.0
1,1,0.015625,0.984375,0.0,0.0,0.0,0.0,0.0,0.0,0.0,0.0,0.0,0.0
1,1,0.015625,0.984375,0.0,0.0,0.0,0.0,0.0,0.0,0.0,0.0,0.0,0.0
1,1,0.015625,0.984375,0.0,0.0,0.0,0.0,0.0,0.0,0.0,0.0,0.0,0.0
1,1,0.015625,0.984375,0.0,0.0,0.0,0.0,0.0,0.0,0.0,0.0,0.0,0.0
1,1,0.015625,0.984375,0.0,0.0,0.0,0.0,0.0,0.0,0.0,0.0,0.0,0.0
1,1,0.015625,0.984375,0.0,0.0,0.0,0.0,0.0,0.0,0.0,0.0,0.0,0.0
1,1,0.015625,0.984375,0.0,0.0,0.0,0.0,0.0,0.0,0.0,0.0,0.0,0.0
1,1,0.015625,0.984375,0.0,0.0,0.0,0.0,0.0,0.0,0.0,0.0,0.0,0.0
1,1,0.015625,0.984375,0.0,0.0,0.0,0.0,0.0,0.0,0.0,0.0,0.0,0.0
1,1,0.015625,0.984375,0.0,0.0,0.0,0.0,0.0,0.0,0.0,0.0,0.0,0.0
1,1,0.015625,0.984375,0.0,0.0,0.0,0.0,0.0,0.0,0.0,0.0,0.0,0.0
1,1,0.015625,0.984375,0.0,0.0,0.0,0.0,0.0,0.0,0.0,0.0,0.0,0.0
1,1,0.015625,0.984375,0.0,0.0,0.0,0.0,0.0,0.0,0.0,0.0,0.0,0.0
1,1,0.015625,0.984375,0.0,0.0,0.0,0.0,0.0,0.0,0.0,0.0,0.0,0.0
1,1,0.015625,0.984375,0.0,0.0,0.0,0.0,0.0,0.0,0.0,0.0,0.0,0.0
1,1,0.015625,0.984375,0.0,0.0,0.0,0.0,0.0,0.0,0.0,0.0,0.0,0.0
1,1,0.015625,0.984375,0.0,0.0,0.0,0.0,0.0,0.0,0.0,0.0,0.0,0.0
1,1,0.015625,0.984375,0.0,0.0,0.0,0.0,0.0,0.0,0.0,0.0,0.0,0.0
1,1,0.015625,0.984375,0.0,0.0,0.0,0.0,0.0,0.0,0.0,0.0,0.0,0.0
1,1,0.015625,0.984375,0.0,0.0,0.0,0.0,0.0,0.0,0.0,0.0,0.0,0.0
1,1,0.015625,0.984375,0.0,0.0,0.0,0.0,0.0,0.0,0.0,0.0,0.0,0.0
1,1,0.015625,0.984375,0.0,0.0,0.0,0.0,0.0,0.0,0.0,0.0,0.0,0.0
1,1,0.015625,0.984375,0.0,0.0,0.0,0.0,0.0,0.0,0.0,0.0,0.0,0.0
1,1,0.015625,0.984375,0.0,0.0,0.0,0.0,0.0,0.0,0.0,0.0,0.0,0.0
1,1,0.015625,0.984375,0.0,0.0,0.0,0.0,0.0,0.0,0.0,0.0,0.0,0.0
1,1,0.015625,0.984375,0.0,0.0,0.0,0.0,0.0,0.0,0.0,0.0,0.0,0.0
1,1,0.0,1.0,0.0,0.0,0.0,0.0,0.0,0.0,0.0,0.0,0.0,0.0
1,1,0.0,1.0,0.0,0.0,0.0,0.0,0.0,0.0,0.0,0.0,0.0,0.0
1,1,0.0,1.0,0.0,0.0,0.0,0.0,0.0,0.0,0.0,0.0,0.0,0.0
1,1,0.0,1.0,0.0,0.0,0.0,0.0,0.0,0.0,0.0,0.0,0.0,0.0
1,1,0.0,1.0,0.0,0.0,0.0,0.0,0.0,0.0,0.0,0.0,0.0,0.0
1,1,0.0,1.0,0.0,0.0,0.0,0.0,0.0,0.0,0.0,0.0,0.0,0.0
1,1,0.0,1.0,0.0,0.0,0.0,0.0,0.0,0.0,0.0,0.0,0.0,0.0
1,1,0.0,1.0,0.0,0.0,0.0,0.0,0.0,0.0,0.0,0.0,0.0,0.0
1,1,0.0,1.0,0.0,0.0,0.0,0.0,0.0,0.0,0.0,0.0,0.0,0.0
1,1,0.0,1.0,0.0,0.0,0.0,0.0,0.0,0.0,0.0,0.0,0.0,0.0
1,1,0.0,1.0,0.0,0.0,0.0,0.0,0.0,0.0,0.0,0.0,0.0,0.0
1,1,0.0,1.0,0.0,0.0,0.0,0.0,0.0,0.0,0.0,0.0,0.0,0.0
1,1,0.0,1.0,0.0,0.0,0.0,0.0,0.0,0.0,0.0,0.0,0.0,0.0
1,1,0.0,1.0,0.0,0.0,0.0,0.0,0.0,0.0,0.0,0.0,0.0,0.0
1,1,0.0,1.0,0.0,0.0,0.0,0.0,0.0,0.0,0.0,0.0,0.0,0.0
1,1,0.0,1.0,0.0,0.0,0.0,0.0,0.0,0.0,0.0,0.0,0.0,0.0
1,1,0.0,1.0,0.0,0.0,0.0,0.0,0.0,0.0,0.0,0.0,0.0,0.0
1,1,0.0,1.0,0.0,0.0,0.0,0.0,0.0,0.0,0.0,0.0,0.0,0.0
1,1,0.0,1.0,0.0,0.0,0.0,0.0,0.0,0.0,0.0,0.0,0.0,0.0
1,1,0.0,1.0,0.0,0.0,0.0,0.0,0.0,0.0,0.0,0.0,0.0,0.0
1,1,0.0,1.0,0.0,0.0,0.0,0.0,0.0,0.0,0.0,0.0,0.0,0.0
1,1,0.0,1.0,0.0,0.0,0.0,0.0,0.0,0.0,0.0,0.0,0.0,0.0
1,1,0.0,1.0,0.0,0.0,0.0,0.0,0.0,0.0,0.0,0.0,0.0,0.0
1,1,0.0,1.0,0.0,0.0,0.0,0.0,0.0,0.0,0.0,0.0,0.0,0.0
1,1,0.0,1.0,0.0,0.0,0.0,0.0,0.0,0.0,0.0,0.0,0.0,0.0
1,1,0.0,1.0,0.0,0.0,0.0,0.0,0.0,0.0,0.0,0.0,0.0,0.0
1,1,0.0,1.0,0.0,0.0,0.0,0.0,0.0,0.0,0.0,0.0,0.0,0.0
1,1,0.0,1.0,0.0,0.0,0.0,0.0,0.0,0.0,0.0,0.0,0.0,0.0
1,1,0.0,1.0,0.0,0.0,0.0,0.0,0.0,0.0,0.0,0.0,0.0,0.0
1,1,0.0,1.0,0.0,0.0,0.0,0.0,0.0,0.0,0.0,0.0,0.0,0.0
1,1,0.0,1.0,0.0,0.0,0.0,0.0,0.0,0.0,0.0,0.0,0.0,0.0
1,1,0.0,1.0,0.0,0.0,0.0,0.0,0.0,0.0,0.0,0.0,0.0,0.0
1,1,0.0,1.0,0.0,0.0,0.0,0.0,0.0,0.0,0.0,0.0,0.0,0.0
1,1,0.0,1.0,0.0,0.0,0.0,0.0,0.0,0.0,0.0,0.0,0.0,0.0
1,1,0.0,1.0,0.0,0.0,0.0,0.0,0.0,0.0,0.0,0.0,0.0,0.0
1,1,0.0,1.0,0.0,0.0,0.0,0.0,0.0,0.0,0.0,0.0,0.0,0.0
1,1,0.0,1.0,0.0,0.0,0.0,0.0,0.0,0.0,0.0,0.0,0.0,0.0
1,1,0.0,1.0,0.0,0.0,0.0,0.0,0.0,0.0,0.0,0.0,0.0,0.0
1,1,0.0,1.0,0.0,0.0,0.0,0.0,0.0,0.0,0.0,0.0,0.0,0.0
1,1,0.0,1.0,0.0,0.0,0.0,0.0,0.0,0.0,0.0,0.0,0.0,0.0
1,1,0.0,1.0,0.0,0.0,0.0,0.0,0.0,0.0,0.0,0.0,0.0,0.0
1,1,0.0,1.0,0.0,0.0,0.0,0.0,0.0,0.0,0.0,0.0,0.0,0.0
1,1,0.0,1.0,0.0,0.0,0.0,0.0,0.0,0.0,0.0,0.0,0.0,0.0
1,1,0.0,1.0,0.0,0.0,0.0,0.0,0.0,0.0,0.0,0.0,0.0,0.0
1,1,0.0,1.0,0.0,0.0,0.0,0.0,0.0,0.0,0.0,0.0,0.0,0.0
1,1,0.0,1.0,0.0,0.0,0.0,0.0,0.0,0.0,0.0,0.0,0.0,0.0
1,1,0.0,1.0,0.0,0.0,0.0,0.0,0.0,0.0,0.0,0.0,0.0,0.0
1,1,0.0,1.0,0.0,0.0,0.0,0.0,0.0,0.0,0.0,0.0,0.0,0.0
1,1,0.0,1.0,0.0,0.0,0.0,0.0,0.0,0.0,0.0,0.0,0.0,0.0
1,1,0.0,1.0,0.0,0.0,0.0,0.0,0.0,0.0,0.0,0.0,0.0,0.0
1,1,0.0,1.0,0.0,0.0,0.0,0.0,0.0,0.0,0.0,0.0,0.0,0.0
1,1,0.0,1.0,0.0,0.0,0.0,0.0,0.0,0.0,0.0,0.0,0.0,0.0
1,1,0.0,1.0,0.0,0.0,0.0,0.0,0.0,0.0,0.0,0.0,0.0,0.0
1,1,0.0,1.0,0.0,0.0,0.0,0.0,0.0,0.0,0.0,0.0,0.0,0.0
1,1,0.0,1.0,0.0,0.0,0.0,0.0,0.0,0.0,0.0,0.0,0.0,0.0
1,1,0.0,1.0,0.0,0.0,0.0,0.0,0.0,0.0,0.0,0.0,0.0,0.0
1,1,0.0,1.0,0.0,0.0,0.0,0.0,0.0,0.0,0.0,0.0,0.0,0.0
1,1,0.0,1.0,0.0,0.0,0.0,0.0,0.0,0.0,0.0,0.0,0.0,0.0
1,1,0.0,1.0,0.0,0.0,0.0,0.0,0.0,0.0,0.0,0.0,0.0,0.0
1,1,0.0,1.0,0.0,0.0,0.0,0.0,0.0,0.0,0.0,0.0,0.0,0.0
1,1,0.0,1.0,0.0,0.0,0.0,0.0,0.0,0.0,0.0,0.0,0.0,0.0
1,1,0.0,1.0,0.0,0.0,0.0,0.0,0.0,0.0,0.0,0.0,0.0,0.0
1,1,0.0,1.0,0.0,0.0,0.0,0.0,0.0,0.0,0.0,0.0,0.0,0.0
1,1,0.0,1.0,0.0,0.0,0.0,0.0,0.0,0.0,0.0,0.0,0.0,0.0
1,1,0.0,1.0,0.0,0.0,0.0,0.0,0.0,0.0,0.0,0.0,0.0,0.0
1,1,0.0,1.0,0.0,0.0,0.0,0.0,0.0,0.0,0.0,0.0,0.0,0.0
1,1,0.0,1.0,0.0,0.0,0.0,0.0,0.0,0.0,0.0,0.0,0.0,0.0
1,1,0.0,1.0,0.0,0.0,0.0,0.0,0.0,0.0,0.0,0.0,0.0,0.0
1,1,0.0,1.0,0.0,0.0,0.0,0.0,0.0,0.0,0.0,0.0,0.0,0.0
1,1,0.0,1.0,0.0,0.0,0.0,0.0,0.0,0.0,0.0,0.0,0.0,0.0
1,1,0.0,1.0,0.0,0.0,0.0,0.0,0.0,0.0,0.0,0.0,0.0,0.0
1,1,0.0,1.0,0.0,0.0,0.0,0.0,0.0,0.0,0.0,0.0,0.0,0.0
1,1,0.0,1.0,0.0,0.0,0.0,0.0,0.0,0.0,0.0,0.0,0.0,0.0
1,1,0.0,1.0,0.0,0.0,0.0,0.0,0.0,0.0,0.0,0.0,0.0,0.0
1,1,0.0,1.0,0.0,0.0,0.0,0.0,0.0,0.0,0.0,0.0,0.0,0.0
1,1,0.0,1.0,0.0,0.0,0.0,0.0,0.0,0.0,0.0,0.0,0.0,0.0
1,1,0.0,1.0,0.0,0.0,0.0,0.0,0.0,0.0,0.0,0.0,0.0,0.0
1,1,0.0,1.0,0.0,0.0,0.0,0.0,0.0,0.0,0.0,0.0,0.0,0.0
1,1,0.0,1.0,0.0,0.0,0.0,0.0,0.0,0.0,0.0,0.0,0.0,0.0
1,1,0.0,1.0,0.0,0.0,0.0,0.0,0.0,0.0,0.0,0.0,0.0,0.0
1,1,0.0,1.0,0.0,0.0,0.0,0.0,0.0,0.0,0.0,0.0,0.0,0.0
1,1,0.0,1.0,0.0,0.0,0.0,0.0,0.0,0.0,0.0,0.0,0.0,0.0
1,1,0.0,1.0,0.0,0.0,0.0,0.0,0.0,0.0,0.0,0.0,0.0,0.0
1,1,0.0,1.0,0.0,0.0,0.0,0.0,0.0,0.0,0.0,0.0,0.0,0.0
1,1,0.0,1.0,0.0,0.0,0.0,0.0,0.0,0.0,0.0,0.0,0.0,0.0
1,1,0.0,1.0,0.0,0.0,0.0,0.0,0.0,0.0,0.0,0.0,0.0,0.0
1,1,0.0,1.0,0.0,0.0,0.0,0.0,0.0,0.0,0.0,0.0,0.0,0.0
1,1,0.0,1.0,0.0,0.0,0.0,0.0,0.0,0.0,0.0,0.0,0.0,0.0
1,1,0.0,1.0,0.0,0.0,0.0,0.0,0.0,0.0,0.0,0.0,0.0,0.0
1,1,0.0,1.0,0.0,0.0,0.0,0.0,0.0,0.0,0.0,0.0,0.0,0.0
1,1,0.0,1.0,0.0,0.0,0.0,0.0,0.0,0.0,0.0,0.0,0.0,0.0
1,1,0.0,1.0,0.0,0.0,0.0,0.0,0.0,0.0,0.0,0.0,0.0,0.0
1,1,0.0,1.0,0.0,0.0,0.0,0.0,0.0,0.0,0.0,0.0,0.0,0.0
1,1,0.0,1.0,0.0,0.0,0.0,0.0,0.0,0.0,0.0,0.0,0.0,0.0
1,1,0.0,1.0,0.0,0.0,0.0,0.0,0.0,0.0,0.0,0.0,0.0,0.0
1,1,0.0,1.0,0.0,0.0,0.0,0.0,0.0,0.0,0.0,0.0,0.0,0.0
1,1,0.0,1.0,0.0,0.0,0.0,0.0,0.0,0.0,0.0,0.0,0.0,0.0
1,1,0.0,1.0,0.0,0.0,0.0,0.0,0.0,0.0,0.0,0.0,0.0,0.0
1,1,0.0,1.0,0.0,0.0,0.0,0.0,0.0,0.0,0.0,0.0,0.0,0.0
1,1,0.0,1.0,0.0,0.0,0.0,0.0,0.0,0.0,0.0,0.0,0.0,0.0
1,1,0.0,1.0,0.0,0.0,0.0,0.0,0.0,0.0,0.0,0.0,0.0,0.0
1,1,0.0,1.0,0.0,0.0,0.0,0.0,0.0,0.0,0.0,0.0,0.0,0.0
1,1,0.0,1.0,0.0,0.0,0.0,0.0,0.0,0.0,0.0,0.0,0.0,0.0
1,1,0.0,1.0,0.0,0.0,0.0,0.0,0.0,0.0,0.0,0.0,0.0,0.0
1,1,0.0,1.0,0.0,0.0,0.0,0.0,0.0,0.0,0.0,0.0,0.0,0.0
1,1,0.0,1.0,0.0,0.0,0.0,0.0,0.0,0.0,0.0,0.0,0.0,0.0
1,1,0.0,1.0,0.0,0.0,0.0,0.0,0.0,0.0,0.0,0.0,0.0,0.0
1,1,0.0,1.0,0.0,0.0,0.0,0.0,0.0,0.0,0.0,0.0,0.0,0.0
1,1,0.0,1.0,0.0,0.0,0.0,0.0,0.0,0.0,0.0,0.0,0.0,0.0
1,1,0.0,1.0,0.0,0.0,0.0,0.0,0.0,0.0,0.0,0.0,0.0,0.0
1,1,0.0,1.0,0.0,0.0,0.0,0.0,0.0,0.0,0.0,0.0,0.0,0.0
1,1,0.0,1.0,0.0,0.0,0.0,0.0,0.0,0.0,0.0,0.0,0.0,0.0
1,1,0.0,1.0,0.0,0.0,0.0,0.0,0.0,0.0,0.0,0.0,0.0,0.0
1,1,0.0,1.0,0.0,0.0,0.0,0.0,0.0,0.0,0.0,0.0,0.0,0.0
1,1,0.0,1.0,0.0,0.0,0.0,0.0,0.0,0.0,0.0,0.0,0.0,0.0
1,1,0.0,1.0,0.0,0.0,0.0,0.0,0.0,0.0,0.0,0.0,0.0,0.0
1,1,0.0,1.0,0.0,0.0,0.0,0.0,0.0,0.0,0.0,0.0,0.0,0.0
1,1,0.0,1.0,0.0,0.0,0.0,0.0,0.0,0.0,0.0,0.0,0.0,0.0
1,1,0.0,1.0,0.0,0.0,0.0,0.0,0.0,0.0,0.0,0.0,0.0,0.0
1,1,0.0,1.0,0.0,0.0,0.0,0.0,0.0,0.0,0.0,0.0,0.0,0.0
1,1,0.0,1.0,0.0,0.0,0.0,0.0,0.0,0.0,0.0,0.0,0.0,0.0
1,1,0.0,1.0,0.0,0.0,0.0,0.0,0.0,0.0,0.0,0.0,0.0,0.0
1,1,0.0,1.0,0.0,0.0,0.0,0.0,0.0,0.0,0.0,0.0,0.0,0.0
1,1,0.0,1.0,0.0,0.0,0.0,0.0,0.0,0.0,0.0,0.0,0.0,0.0
1,1,0.0,1.0,0.0,0.0,0.0,0.0,0.0,0.0,0.0,0.0,0.0,0.0
1,1,0.0,1.0,0.0,0.0,0.0,0.0,0.0,0.0,0.0,0.0,0.0,0.0
1,1,0.0,1.0,0.0,0.0,0.0,0.0,0.0,0.0,0.0,0.0,0.0,0.0
1,1,0.0,1.0,0.0,0.0,0.0,0.0,0.0,0.0,0.0,0.0,0.0,0.0
1,1,0.0,1.0,0.0,0.0,0.0,0.0,0.0,0.0,0.0,0.0,0.0,0.0
1,1,0.0,1.0,0.0,0.0,0.0,0.0,0.0,0.0,0.0,0.0,0.0,0.0
1,1,0.0,1.0,0.0,0.0,0.0,0.0,0.0,0.0,0.0,0.0,0.0,0.0
1,1,0.0,1.0,0.0,0.0,0.0,0.0,0.0,0.0,0.0,0.0,0.0,0.0
1,1,0.0,1.0,0.0,0.0,0.0,0.0,0.0,0.0,0.0,0.0,0.0,0.0
1,1,0.0,1.0,0.0,0.0,0.0,0.0,0.0,0.0,0.0,0.0,0.0,0.0
1,1,0.0,1.0,0.0,0.0,0.0,0.0,0.0,0.0,0.0,0.0,0.0,0.0
1,1,0.0,1.0,0.0,0.0,0.0,0.0,0.0,0.0,0.0,0.0,0.0,0.0
1,1,0.0,1.0,0.0,0.0,0.0,0.0,0.0,0.0,0.0,0.0,0.0,0.0
1,1,0.0,1.0,0.0,0.0,0.0,0.0,0.0,0.0,0.0,0.0,0.0,0.0
1,1,0.0,1.0,0.0,0.0,0.0,0.0,0.0,0.0,0.0,0.0,0.0,0.0
1,1,0.0,1.0,0.0,0.0,0.0,0.0,0.0,0.0,0.0,0.0,0.0,0.0
1,1,0.0,1.0,0.0,0.0,0.0,0.0,0.0,0.0,0.0,0.0,0.0,0.0
1,1,0.0,1.0,0.0,0.0,0.0,0.0,0.0,0.0,0.0,0.0,0.0,0.0
1,1,0.0,1.0,0.0,0.0,0.0,0.0,0.0,0.0,0.0,0.0,0.0,0.0
1,1,0.0,1.0,0.0,0.0,0.0,0.0,0.0,0.0,0.0,0.0,0.0,0.0
1,1,0.0,1.0,0.0,0.0,0.0,0.0,0.0,0.0,0.0,0.0,0.0,0.0
1,1,0.0,1.0,0.0,0.0,0.0,0.0,0.0,0.0,0.0,0.0,0.0,0.0
1,1,0.0,1.0,0.0,0.0,0.0,0.0,0.0,0.0,0.0,0.0,0.0,0.0
1,1,0.0,1.0,0.0,0.0,0.0,0.0,0.0,0.0,0.0,0.0,0.0,0.0
1,1,0.0,1.0,0.0,0.0,0.0,0.0,0.0,0.0,0.0,0.0,0.0,0.0
1,1,0.0,1.0,0.0,0.0,0.0,0.0,0.0,0.0,0.0,0.0,0.0,0.0
1,1,0.0,1.0,0.0,0.0,0.0,0.0,0.0,0.0,0.0,0.0,0.0,0.0
1,1,0.0,1.0,0.0,0.0,0.0,0.0,0.0,0.0,0.0,0.0,0.0,0.0
1,1,0.0,1.0,0.0,0.0,0.0,0.0,0.0,0.0,0.0,0.0,0.0,0.0
1,1,0.0,1.0,0.0,0.0,0.0,0.0,0.0,0.0,0.0,0.0,0.0,0.0
1,1,0.0,1.0,0.0,0.0,0.0,0.0,0.0,0.0,0.0,0.0,0.0,0.0
1,1,0.0,1.0,0.0,0.0,0.0,0.0,0.0,0.0,0.0,0.0,0.0,0.0
1,1,0.0,1.0,0.0,0.0,0.0,0.0,0.0,0.0,0.0,0.0,0.0,0.0
1,1,0.0,1.0,0.0,0.0,0.0,0.0,0.0,0.0,0.0,0.0,0.0,0.0
1,1,0.0,1.0,0.0,0.0,0.0,0.0,0.0,0.0,0.0,0.0,0.0,0.0
1,1,0.0,1.0,0.0,0.0,0.0,0.0,0.0,0.0,0.0,0.0,0.0,0.0
1,1,0.0,1.0,0.0,0.0,0.0,0.0,0.0,0.0,0.0,0.0,0.0,0.0
1,1,0.0,1.0,0.0,0.0,0.0,0.0,0.0,0.0,0.0,0.0,0.0,0.0
1,1,0.0,1.0,0.0,0.0,0.0,0.0,0.0,0.0,0.0,0.0,0.0,0.0
1,1,0.0,1.0,0.0,0.0,0.0,0.0,0.0,0.0,0.0,0.0,0.0,0.0
1,1,0.0,1.0,0.0,0.0,0.0,0.0,0.0,0.0,0.0,0.0,0.0,0.0
1,1,0.0,1.0,0.0,0.0,0.0,0.0,0.0,0.0,0.0,0.0,0.0,0.0
1,1,0.0,1.0,0.0,0.0,0.0,0.0,0.0,0.0,0.0,0.0,0.0,0.0
1,1,0.0,1.0,0.0,0.0,0.0,0.0,0.0,0.0,0.0,0.0,0.0,0.0
1,1,0.0,1.0,0.0,0.0,0.0,0.0,0.0,0.0,0.0,0.0,0.0,0.0
1,1,0.0,1.0,0.0,0.0,0.0,0.0,0.0,0.0,0.0,0.0,0.0,0.0
1,1,0.0,1.0,0.0,0.0,0.0,0.0,0.0,0.0,0.0,0.0,0.0,0.0
1,1,0.0,1.0,0.0,0.0,0.0,0.0,0.0,0.0,0.0,0.0,0.0,0.0
1,1,0.0,1.0,0.0,0.0,0.0,0.0,0.0,0.0,0.0,0.0,0.0,0.0
1,1,0.0,1.0,0.0,0.0,0.0,0.0,0.0,0.0,0.0,0.0,0.0,0.0
1,1,0.0,1.0,0.0,0.0,0.0,0.0,0.0,0.0,0.0,0.0,0.0,0.0
1,1,0.0,1.0,0.0,0.0,0.0,0.0,0.0,0.0,0.0,0.0,0.0,0.0
1,1,0.0,1.0,0.0,0.0,0.0,0.0,0.0,0.0,0.0,0.0,0.0,0.0
1,1,0.0,1.0,0.0,0.0,0.0,0.0,0.0,0.0,0.0,0.0,0.0,0.0
1,1,0.0,1.0,0.0,0.0,0.0,0.0,0.0,0.0,0.0,0.0,0.0,0.0
1,1,0.0,1.0,0.0,0.0,0.0,0.0,0.0,0.0,0.0,0.0,0.0,0.0
1,1,0.0,1.0,0.0,0.0,0.0,0.0,0.0,0.0,0.0,0.0,0.0,0.0
1,1,0.0,1.0,0.0,0.0,0.0,0.0,0.0,0.0,0.0,0.0,0.0,0.0
1,1,0.0,1.0,0.0,0.0,0.0,0.0,0.0,0.0,0.0,0.0,0.0,0.0
1,1,0.0,1.0,0.0,0.0,0.0,0.0,0.0,0.0,0.0,0.0,0.0,0.0
1,1,0.0,1.0,0.0,0.0,0.0,0.0,0.0,0.0,0.0,0.0,0.0,0.0
1,1,0.0,1.0,0.0,0.0,0.0,0.0,0.0,0.0,0.0,0.0,0.0,0.0
1,1,0.0,1.0,0.0,0.0,0.0,0.0,0.0,0.0,0.0,0.0,0.0,0.0
1,1,0.0,1.0,0.0,0.0,0.0,0.0,0.0,0.0,0.0,0.0,0.0,0.0
1,1,0.0,1.0,0.0,0.0,0.0,0.0,0.0,0.0,0.0,0.0,0.0,0.0
1,1,0.0,1.0,0.0,0.0,0.0,0.0,0.0,0.0,0.0,0.0,0.0,0.0
1,1,0.0,1.0,0.0,0.0,0.0,0.0,0.0,0.0,0.0,0.0,0.0,0.0
1,1,0.0,1.0,0.0,0.0,0.0,0.0,0.0,0.0,0.0,0.0,0.0,0.0
1,1,0.0,1.0,0.0,0.0,0.0,0.0,0.0,0.0,0.0,0.0,0.0,0.0
1,1,0.0,1.0,0.0,0.0,0.0,0.0,0.0,0.0,0.0,0.0,0.0,0.0
1,1,0.0,1.0,0.0,0.0,0.0,0.0,0.0,0.0,0.0,0.0,0.0,0.0
1,1,0.0,1.0,0.0,0.0,0.0,0.0,0.0,0.0,0.0,0.0,0.0,0.0
1,1,0.0,1.0,0.0,0.0,0.0,0.0,0.0,0.0,0.0,0.0,0.0,0.0
1,1,0.0,1.0,0.0,0.0,0.0,0.0,0.0,0.0,0.0,0.0,0.0,0.0
1,1,0.0,1.0,0.0,0.0,0.0,0.0,0.0,0.0,0.0,0.0,0.0,0.0
1,1,0.0,1.0,0.0,0.0,0.0,0.0,0.0,0.0,0.0,0.0,0.0,0.0
1,1,0.0,1.0,0.0,0.0,0.0,0.0,0.0,0.0,0.0,0.0,0.0,0.0
1,1,0.0,1.0,0.0,0.0,0.0,0.0,0.0,0.0,0.0,0.0,0.0,0.0
1,1,0.0,1.0,0.0,0.0,0.0,0.0,0.0,0.0,0.0,0.0,0.0,0.0
1,1,0.0,1.0,0.0,0.0,0.0,0.0,0.0,0.0,0.0,0.0,0.0,0.0
1,1,0.0,1.0,0.0,0.0,0.0,0.0,0.0,0.0,0.0,0.0,0.0,0.0
1,1,0.0,1.0,0.0,0.0,0.0,0.0,0.0,0.0,0.0,0.0,0.0,0.0
1,1,0.0,1.0,0.0,0.0,0.0,0.0,0.0,0.0,0.0,0.0,0.0,0.0
1,1,0.0,1.0,0.0,0.0,0.0,0.0,0.0,0.0,0.0,0.0,0.0,0.0
1,1,0.0,1.0,0.0,0.0,0.0,0.0,0.0,0.0,0.0,0.0,0.0,0.0
1,1,0.0,1.0,0.0,0.0,0.0,0.0,0.0,0.0,0.0,0.0,0.0,0.0
1,1,0.0,1.0,0.0,0.0,0.0,0.0,0.0,0.0,0.0,0.0,0.0,0.0
1,1,0.0,1.0,0.0,0.0,0.0,0.0,0.0,0.0,0.0,0.0,0.0,0.0
1,1,0.0,1.0,0.0,0.0,0.0,0.0,0.0,0.0,0.0,0.0,0.0,0.0
1,1,0.0,1.0,0.0,0.0,0.0,0.0,0.0,0.0,0.0,0.0,0.0,0.0
1,1,0.0,1.0,0.0,0.0,0.0,0.0,0.0,0.0,0.0,0.0,0.0,0.0
1,1,0.0,1.0,0.0,0.0,0.0,0.0,0.0,0.0,0.0,0.0,0.0,0.0
1,1,0.0,1.0,0.0,0.0,0.0,0.0,0.0,0.0,0.0,0.0,0.0,0.0
1,1,0.0,1.0,0.0,0.0,0.0,0.0,0.0,0.0,0.0,0.0,0.0,0.0
1,1,0.0,1.0,0.0,0.0,0.0,0.0,0.0,0.0,0.0,0.0,0.0,0.0
1,1,0.0,1.0,0.0,0.0,0.0,0.0,0.0,0.0,0.0,0.0,0.0,0.0
1,1,0.0,1.0,0.0,0.0,0.0,0.0,0.0,0.0,0.0,0.0,0.0,0.0
1,1,0.0,1.0,0.0,0.0,0.0,0.0,0.0,0.0,0.0,0.0,0.0,0.0
1,1,0.0,1.0,0.0,0.0,0.0,0.0,0.0,0.0,0.0,0.0,0.0,0.0
1,1,0.0,1.0,0.0,0.0,0.0,0.0,0.0,0.0,0.0,0.0,0.0,0.0
1,1,0.0,1.0,0.0,0.0,0.0,0.0,0.0,0.0,0.0,0.0,0.0,0.0
1,1,0.0,1.0,0.0,0.0,0.0,0.0,0.0,0.0,0.0,0.0,0.0,0.0
1,1,0.0,1.0,0.0,0.0,0.0,0.0,0.0,0.0,0.0,0.0,0.0,0.0
1,1,0.0,1.0,0.0,0.0,0.0,0.0,0.0,0.0,0.0,0.0,0.0,0.0
1,1,0.0,1.0,0.0,0.0,0.0,0.0,0.0,0.0,0.0,0.0,0.0,0.0
1,1,0.0,1.0,0.0,0.0,0.0,0.0,0.0,0.0,0.0,0.0,0.0,0.0
1,1,0.0,1.0,0.0,0.0,0.0,0.0,0.0,0.0,0.0,0.0,0.0,0.0
1,1,0.0,1.0,0.0,0.0,0.0,0.0,0.0,0.0,0.0,0.0,0.0,0.0
1,1,0.0,1.0,0.0,0.0,0.0,0.0,0.0,0.0,0.0,0.0,0.0,0.0
1,1,0.0,1.0,0.0,0.0,0.0,0.0,0.0,0.0,0.0,0.0,0.0,0.0
1,1,0.0,1.0,0.0,0.0,0.0,0.0,0.0,0.0,0.0,0.0,0.0,0.0
1,1,0.0,1.0,0.0,0.0,0.0,0.0,0.0,0.0,0.0,0.0,0.0,0.0
1,1,0.0,1.0,0.0,0.0,0.0,0.0,0.0,0.0,0.0,0.0,0.0,0.0
1,1,0.0,1.0,0.0,0.0,0.0,0.0,0.0,0.0,0.0,0.0,0.0,0.0
1,1,0.0,1.0,0.0,0.0,0.0,0.0,0.0,0.0,0.0,0.0,0.0,0.0
1,1,0.0,1.0,0.0,0.0,0.0,0.0,0.0,0.0,0.0,0.0,0.0,0.0
1,1,0.0,1.0,0.0,0.0,0.0,0.0,0.0,0.0,0.0,0.0,0.0,0.0
1,1,0.0,1.0,0.0,0.0,0.0,0.0,0.0,0.0,0.0,0.0,0.0,0.0
1,1,0.0,1.0,0.0,0.0,0.0,0.0,0.0,0.0,0.0,0.0,0.0,0.0
1,1,0.0,1.0,0.0,0.0,0.0,0.0,0.0,0.0,0.0,0.0,0.0,0.0
1,1,0.0,1.0,0.0,0.0,0.0,0.0,0.0,0.0,0.0,0.0,0.0,0.0
1,1,0.0,1.0,0.0,0.0,0.0,0.0,0.0,0.0,0.0,0.0,0.0,0.0
1,1,0.0,1.0,0.0,0.0,0.0,0.0,0.0,0.0,0.0,0.0,0.0,0.0
1,1,0.0,1.0,0.0,0.0,0.0,0.0,0.0,0.0,0.0,0.0,0.0,0.0
1,1,0.0,1.0,0.0,0.0,0.0,0.0,0.0,0.0,0.0,0.0,0.0,0.0
1,1,0.0,1.0,0.0,0.0,0.0,0.0,0.0,0.0,0.0,0.0,0.0,0.0
1,1,0.0,1.0,0.0,0.0,0.0,0.0,0.0,0.0,0.0,0.0,0.0,0.0
1,1,0.0,1.0,0.0,0.0,0.0,0.0,0.0,0.0,0.0,0.0,0.0,0.0
1,1,0.0,1.0,0.0,0.0,0.0,0.0,0.0,0.0,0.0,0.0,0.0,0.0
1,1,0.0,1.0,0.0,0.0,0.0,0.0,0.0,0.0,0.0,0.0,0.0,0.0
1,1,0.0,1.0,0.0,0.0,0.0,0.0,0.0,0.0,0.0,0.0,0.0,0.0
1,1,0.0,1.0,0.0,0.0,0.0,0.0,0.0,0.0,0.0,0.0,0.0,0.0
1,1,0.0,1.0,0.0,0.0,0.0,0.0,0.0,0.0,0.0,0.0,0.0,0.0
1,1,0.0,1.0,0.0,0.0,0.0,0.0,0.0,0.0,0.0,0.0,0.0,0.0
1,1,0.0,1.0,0.0,0.0,0.0,0.0,0.0,0.0,0.0,0.0,0.0,0.0
1,1,0.0,1.0,0.0,0.0,0.0,0.0,0.0,0.0,0.0,0.0,0.0,0.0
1,1,0.0,1.0,0.0,0.0,0.0,0.0,0.0,0.0,0.0,0.0,0.0,0.0
1,1,0.0,1.0,0.0,0.0,0.0,0.0,0.0,0.0,0.0,0.0,0.0,0.0
1,1,0.0,1.0,0.0,0.0,0.0,0.0,0.0,0.0,0.0,0.0,0.0,0.0
1,1,0.0,1.0,0.0,0.0,0.0,0.0,0.0,0.0,0.0,0.0,0.0,0.0
1,1,0.0,1.0,0.0,0.0,0.0,0.0,0.0,0.0,0.0,0.0,0.0,0.0
1,1,0.0,1.0,0.0,0.0,0.0,0.0,0.0,0.0,0.0,0.0,0.0,0.0
1,1,0.0,1.0,0.0,0.0,0.0,0.0,0.0,0.0,0.0,0.0,0.0,0.0
1,1,0.0,1.0,0.0,0.0,0.0,0.0,0.0,0.0,0.0,0.0,0.0,0.0
1,1,0.0,1.0,0.0,0.0,0.0,0.0,0.0,0.0,0.0,0.0,0.0,0.0
1,1,0.0,1.0,0.0,0.0,0.0,0.0,0.0,0.0,0.0,0.0,0.0,0.0
1,1,0.0,1.0,0.0,0.0,0.0,0.0,0.0,0.0,0.0,0.0,0.0,0.0
1,1,0.0,1.0,0.0,0.0,0.0,0.0,0.0,0.0,0.0,0.0,0.0,0.0
1,1,0.0,1.0,0.0,0.0,0.0,0.0,0.0,0.0,0.0,0.0,0.0,0.0
1,1,0.0,1.0,0.0,0.0,0.0,0.0,0.0,0.0,0.0,0.0,0.0,0.0
1,1,0.0,1.0,0.0,0.0,0.0,0.0,0.0,0.0,0.0,0.0,0.0,0.0
1,1,0.0,1.0,0.0,0.0,0.0,0.0,0.0,0.0,0.0,0.0,0.0,0.0
1,1,0.0,1.0,0.0,0.0,0.0,0.0,0.0,0.0,0.0,0.0,0.0,0.0
1,1,0.0,1.0,0.0,0.0,0.0,0.0,0.0,0.0,0.0,0.0,0.0,0.0
1,1,0.0,1.0,0.0,0.0,0.0,0.0,0.0,0.0,0.0,0.0,0.0,0.0
1,1,0.0,1.0,0.0,0.0,0.0,0.0,0.0,0.0,0.0,0.0,0.0,0.0
1,1,0.0,1.0,0.0,0.0,0.0,0.0,0.0,0.0,0.0,0.0,0.0,0.0
1,1,0.0,1.0,0.0,0.0,0.0,0.0,0.0,0.0,0.0,0.0,0.0,0.0
1,1,0.0,1.0,0.0,0.0,0.0,0.0,0.0,0.0,0.0,0.0,0.0,0.0
1,1,0.0,1.0,0.0,0.0,0.0,0.0,0.0,0.0,0.0,0.0,0.0,0.0
1,1,0.0,1.0,0.0,0.0,0.0,0.0,0.0,0.0,0.0,0.0,0.0,0.0
1,1,0.0,1.0,0.0,0.0,0.0,0.0,0.0,0.0,0.0,0.0,0.0,0.0
1,1,0.0,1.0,0.0,0.0,0.0,0.0,0.0,0.0,0.0,0.0,0.0,0.0
1,1,0.0,1.0,0.0,0.0,0.0,0.0,0.0,0.0,0.0,0.0,0.0,0.0
1,1,0.0,1.0,0.0,0.0,0.0,0.0,0.0,0.0,0.0,0.0,0.0,0.0
1,1,0.0,1.0,0.0,0.0,0.0,0.0,0.0,0.0,0.0,0.0,0.0,0.0
1,1,0.0,1.0,0.0,0.0,0.0,0.0,0.0,0.0,0.0,0.0,0.0,0.0
1,1,0.0,1.0,0.0,0.0,0.0,0.0,0.0,0.0,0.0,0.0,0.0,0.0
1,1,0.0,1.0,0.0,0.0,0.0,0.0,0.0,0.0,0.0,0.0,0.0,0.0
1,1,0.0,1.0,0.0,0.0,0.0,0.0,0.0,0.0,0.0,0.0,0.0,0.0
1,1,0.0,1.0,0.0,0.0,0.0,0.0,0.0,0.0,0.0,0.0,0.0,0.0
1,1,0.0,1.0,0.0,0.0,0.0,0.0,0.0,0.0,0.0,0.0,0.0,0.0
1,1,0.0,1.0,0.0,0.0,0.0,0.0,0.0,0.0,0.0,0.0,0.0,0.0
1,1,0.0,1.0,0.0,0.0,0.0,0.0,0.0,0.0,0.0,0.0,0.0,0.0
1,1,0.0,1.0,0.0,0.0,0.0,0.0,0.0,0.0,0.0,0.0,0.0,0.0
1,1,0.0,1.0,0.0,0.0,0.0,0.0,0.0,0.0,0.0,0.0,0.0,0.0
1,1,0.0,1.0,0.0,0.0,0.0,0.0,0.0,0.0,0.0,0.0,0.0,0.0
1,1,0.0,1.0,0.0,0.0,0.0,0.0,0.0,0.0,0.0,0.0,0.0,0.0
1,1,0.0,1.0,0.0,0.0,0.0,0.0,0.0,0.0,0.0,0.0,0.0,0.0
1,1,0.0,1.0,0.0,0.0,0.0,0.0,0.0,0.0,0.0,0.0,0.0,0.0
1,1,0.0,1.0,0.0,0.0,0.0,0.0,0.0,0.0,0.0,0.0,0.0,0.0
1,1,0.0,1.0,0.0,0.0,0.0,0.0,0.0,0.0,0.0,0.0,0.0,0.0
1,1,0.0,1.0,0.0,0.0,0.0,0.0,0.0,0.0,0.0,0.0,0.0,0.0
1,1,0.0,1.0,0.0,0.0,0.0,0.0,0.0,0.0,0.0,0.0,0.0,0.0
1,1,0.015625,0.984375,0.0,0.0,0.0,0.0,0.0,0.0,0.0,0.0,0.0,0.0
1,1,0.015625,0.984375,0.0,0.0,0.0,0.0,0.0,0.0,0.0,0.0,0.0,0.0
1,1,0.015625,0.984375,0.0,0.0,0.0,0.0,0.0,0.0,0.0,0.0,0.0,0.0
1,1,0.015625,0.984375,0.0,0.0,0.0,0.0,0.0,0.0,0.0,0.0,0.0,0.0
1,1,0.015625,0.984375,0.0,0.0,0.0,0.0,0.0,0.0,0.0,0.0,0.0,0.0
1,1,0.015625,0.984375,0.0,0.0,0.0,0.0,0.0,0.0,0.0,0.0,0.0,0.0
1,1,0.015625,0.984375,0.0,0.0,0.0,0.0,0.0,0.0,0.0,0.0,0.0,0.0
1,1,0.015625,0.984375,0.0,0.0,0.0,0.0,0.0,0.0,0.0,0.0,0.0,0.0
1,1,0.015625,0.984375,0.0,0.0,0.0,0.0,0.0,0.0,0.0,0.0,0.0,0.0
1,1,0.015625,0.984375,0.0,0.0,0.0,0.0,0.0,0.0,0.0,0.0,0.0,0.0
1,1,0.015625,0.984375,0.0,0.0,0.0,0.0,0.0,0.0,0.0,0.0,0.0,0.0
1,1,0.015625,0.984375,0.0,0.0,0.0,0.0,0.0,0.0,0.0,0.0,0.0,0.0
1,1,0.015625,0.984375,0.0,0.0,0.0,0.0,0.0,0.0,0.0,0.0,0.0,0.0
1,1,0.015625,0.984375,0.0,0.0,0.0,0.0,0.0,0.0,0.0,0.0,0.0,0.0
1,1,0.015625,0.984375,0.0,0.0,0.0,0.0,0.0,0.0,0.0,0.0,0.0,0.0
1,1,0.015625,0.984375,0.0,0.0,0.0,0.0,0.0,0.0,0.0,0.0,0.0,0.0
1,1,0.015625,0.984375,0.0,0.0,0.0,0.0,0.0,0.0,0.0,0.0,0.0,0.0
1,1,0.015625,0.984375,0.0,0.0,0.0,0.0,0.0,0.0,0.0,0.0,0.0,0.0
1,1,0.015625,0.984375,0.0,0.0,0.0,0.0,0.0,0.0,0.0,0.0,0.0,0.0
1,1,0.015625,0.984375,0.0,0.0,0.0,0.0,0.0,0.0,0.0,0.0,0.0,0.0
1,1,0.015625,0.984375,0.0,0.0,0.0,0.0,0.0,0.0,0.0,0.0,0.0,0.0
1,1,0.015625,0.984375,0.0,0.0,0.0,0.0,0.0,0.0,0.0,0.0,0.0,0.0
1,1,0.015625,0.984375,0.0,0.0,0.0,0.0,0.0,0.0,0.0,0.0,0.0,0.0
1,1,0.015625,0.984375,0.0,0.0,0.0,0.0,0.0,0.0,0.0,0.0,0.0,0.0
1,1,0.015625,0.984375,0.0,0.0,0.0,0.0,0.0,0.0,0.0,0.0,0.0,0.0
1,1,0.015625,0.984375,0.0,0.0,0.0,0.0,0.0,0.0,0.0,0.0,0.0,0.0
1,1,0.015625,0.984375,0.0,0.0,0.0,0.0,0.0,0.0,0.0,0.0,0.0,0.0
1,1,0.015625,0.984375,0.0,0.0,0.0,0.0,0.0,0.0,0.0,0.0,0.0,0.0
1,1,0.015625,0.984375,0.0,0.0,0.0,0.0,0.0,0.0,0.0,0.0,0.0,0.0
1,1,0.015625,0.984375,0.0,0.0,0.0,0.0,0.0,0.0,0.0,0.0,0.0,0.0
1,1,0.015625,0.984375,0.0,0.0,0.0,0.0,0.0,0.0,0.0,0.0,0.0,0.0
1,1,0.015625,0.984375,0.0,0.0,0.0,0.0,0.0,0.0,0.0,0.0,0.0,0.0
1,1,0.015625,0.984375,0.0,0.0,0.0,0.0,0.0,0.0,0.0,0.0,0.0,0.0
1,1,0.015625,0.984375,0.0,0.0,0.0,0.0,0.0,0.0,0.0,0.0,0.0,0.0
1,1,0.015625,0.984375,0.0,0.0,0.0,0.0,0.0,0.0,0.0,0.0,0.0,0.0
1,1,0.015625,0.984375,0.0,0.0,0.0,0.0,0.0,0.0,0.0,0.0,0.0,0.0
1,1,0.015625,0.984375,0.0,0.0,0.0,0.0,0.0,0.0,0.0,0.0,0.0,0.0
1,1,0.015625,0.984375,0.0,0.0,0.0,0.0,0.0,0.0,0.0,0.0,0.0,0.0
1,1,0.015625,0.984375,0.0,0.0,0.0,0.0,0.0,0.0,0.0,0.0,0.0,0.0
1,1,0.015625,0.984375,0.0,0.0,0.0,0.0,0.0,0.0,0.0,0.0,0.0,0.0
1,1,0.015625,0.984375,0.0,0.0,0.0,0.0,0.0,0.0,0.0,0.0,0.0,0.0
1,1,0.015625,0.984375,0.0,0.0,0.0,0.0,0.0,0.0,0.0,0.0,0.0,0.0
1,1,0.015625,0.984375,0.0,0.0,0.0,0.0,0.0,0.0,0.0,0.0,0.0,0.0
1,1,0.015625,0.984375,0.0,0.0,0.0,0.0,0.0,0.0,0.0,0.0,0.0,0.0
1,1,0.015625,0.984375,0.0,0.0,0.0,0.0,0.0,0.0,0.0,0.0,0.0,0.0
1,1,0.015625,0.984375,0.0,0.0,0.0,0.0,0.0,0.0,0.0,0.0,0.0,0.0
1,1,0.015625,0.984375,0.0,0.0,0.0,0.0,0.0,0.0,0.0,0.0,0.0,0.0
1,1,0.015625,0.984375,0.0,0.0,0.0,0.0,0.0,0.0,0.0,0.0,0.0,0.0
1,1,0.015625,0.984375,0.0,0.0,0.0,0.0,0.0,0.0,0.0,0.0,0.0,0.0
1,1,0.015625,0.984375,0.0,0.0,0.0,0.0,0.0,0.0,0.0,0.0,0.0,0.0
1,1,0.015625,0.984375,0.0,0.0,0.0,0.0,0.0,0.0,0.0,0.0,0.0,0.0
1,1,0.015625,0.984375,0.0,0.0,0.0,0.0,0.0,0.0,0.0,0.0,0.0,0.0
1,1,0.015625,0.984375,0.0,0.0,0.0,0.0,0.0,0.0,0.0,0.0,0.0,0.0
1,1,0.015625,0.984375,0.0,0.0,0.0,0.0,0.0,0.0,0.0,0.0,0.0,0.0
1,1,0.015625,0.984375,0.0,0.0,0.0,0.0,0.0,0.0,0.0,0.0,0.0,0.0
1,1,0.015625,0.984375,0.0,0.0,0.0,0.0,0.0,0.0,0.0,0.0,0.0,0.0
1,1,0.015625,0.984375,0.0,0.0,0.0,0.0,0.0,0.0,0.0,0.0,0.0,0.0
1,1,0.015625,0.984375,0.0,0.0,0.0,0.0,0.0,0.0,0.0,0.0,0.0,0.0
1,1,0.015625,0.984375,0.0,0.0,0.0,0.0,0.0,0.0,0.0,0.0,0.0,0.0
1,1,0.015625,0.984375,0.0,0.0,0.0,0.0,0.0,0.0,0.0,0.0,0.0,0.0
1,1,0.015625,0.984375,0.0,0.0,0.0,0.0,0.0,0.0,0.0,0.0,0.0,0.0
1,1,0.015625,0.984375,0.0,0.0,0.0,0.0,0.0,0.0,0.0,0.0,0.0,0.0
1,1,0.015625,0.984375,0.0,0.0,0.0,0.0,0.0,0.0,0.0,0.0,0.0,0.0
1,1,0.015625,0.984375,0.0,0.0,0.0,0.0,0.0,0.0,0.0,0.0,0.0,0.0
1,1,0.015625,0.984375,0.0,0.0,0.0,0.0,0.0,0.0,0.0,0.0,0.0,0.0
1,1,0.015625,0.984375,0.0,0.0,0.0,0.0,0.0,0.0,0.0,0.0,0.0,0.0
1,1,0.015625,0.984375,0.0,0.0,0.0,0.0,0.0,0.0,0.0,0.0,0.0,0.0
1,1,0.015625,0.984375,0.0,0.0,0.0,0.0,0.0,0.0,0.0,0.0,0.0,0.0
1,1,0.015625,0.984375,0.0,0.0,0.0,0.0,0.0,0.0,0.0,0.0,0.0,0.0
1,1,0.015625,0.984375,0.0,0.0,0.0,0.0,0.0,0.0,0.0,0.0,0.0,0.0
1,1,0.015625,0.984375,0.0,0.0,0.0,0.0,0.0,0.0,0.0,0.0,0.0,0.0
1,1,0.015625,0.984375,0.0,0.0,0.0,0.0,0.0,0.0,0.0,0.0,0.0,0.0
1,1,0.015625,0.984375,0.0,0.0,0.0,0.0,0.0,0.0,0.0,0.0,0.0,0.0
1,1,0.015625,0.984375,0.0,0.0,0.0,0.0,0.0,0.0,0.0,0.0,0.0,0.0
1,1,0.015625,0.984375,0.0,0.0,0.0,0.0,0.0,0.0,0.0,0.0,0.0,0.0
1,1,0.015625,0.984375,0.0,0.0,0.0,0.0,0.0,0.0,0.0,0.0,0.0,0.0
1,1,0.015625,0.984375,0.0,0.0,0.0,0.0,0.0,0.0,0.0,0.0,0.0,0.0
1,1,0.015625,0.984375,0.0,0.0,0.0,0.0,0.0,0.0,0.0,0.0,0.0,0.0
1,1,0.015625,0.984375,0.0,0.0,0.0,0.0,0.0,0.0,0.0,0.0,0.0,0.0
1,1,0.015625,0.984375,0.0,0.0,0.0,0.0,0.0,0.0,0.0,0.0,0.0,0.0
1,1,0.015625,0.984375,0.0,0.0,0.0,0.0,0.0,0.0,0.0,0.0,0.0,0.0
1,1,0.015625,0.984375,0.0,0.0,0.0,0.0,0.0,0.0,0.0,0.0,0.0,0.0
1,1,0.015625,0.984375,0.0,0.0,0.0,0.0,0.0,0.0,0.0,0.0,0.0,0.0
1,1,0.015625,0.984375,0.0,0.0,0.0,0.0,0.0,0.0,0.0,0.0,0.0,0.0
1,1,0.015625,0.984375,0.0,0.0,0.0,0.0,0.0,0.0,0.0,0.0,0.0,0.0
1,1,0.015625,0.984375,0.0,0.0,0.0,0.0,0.0,0.0,0.0,0.0,0.0,0.0
1,1,0.015625,0.984375,0.0,0.0,0.0,0.0,0.0,0.0,0.0,0.0,0.0,0.0
1,1,0.015625,0.984375,0.0,0.0,0.0,0.0,0.0,0.0,0.0,0.0,0.0,0.0
1,1,0.015625,0.984375,0.0,0.0,0.0,0.0,0.0,0.0,0.0,0.0,0.0,0.0
1,1,0.015625,0.984375,0.0,0.0,0.0,0.0,0.0,0.0,0.0,0.0,0.0,0.0
1,1,0.015625,0.984375,0.0,0.0,0.0,0.0,0.0,0.0,0.0,0.0,0.0,0.0
1,1,0.015625,0.984375,0.0,0.0,0.0,0.0,0.0,0.0,0.0,0.0,0.0,0.0
1,1,0.015625,0.984375,0.0,0.0,0.0,0.0,0.0,0.0,0.0,0.0,0.0,0.0
1,1,0.015625,0.984375,0.0,0.0,0.0,0.0,0.0,0.0,0.0,0.0,0.0,0.0
1,1,0.015625,0.984375,0.0,0.0,0.0,0.0,0.0,0.0,0.0,0.0,0.0,0.0
1,1,0.015625,0.984375,0.0,0.0,0.0,0.0,0.0,0.0,0.0,0.0,0.0,0.0
1,1,0.015625,0.984375,0.0,0.0,0.0,0.0,0.0,0.0,0.0,0.0,0.0,0.0
1,1,0.015625,0.984375,0.0,0.0,0.0,0.0,0.0,0.0,0.0,0.0,0.0,0.0
1,1,0.015625,0.984375,0.0,0.0,0.0,0.0,0.0,0.0,0.0,0.0,0.0,0.0
1,1,0.015625,0.984375,0.0,0.0,0.0,0.0,0.0,0.0,0.0,0.0,0.0,0.0
1,1,0.015625,0.984375,0.0,0.0,0.0,0.0,0.0,0.0,0.0,0.0,0.0,0.0
1,1,0.015625,0.984375,0.0,0.0,0.0,0.0,0.0,0.0,0.0,0.0,0.0,0.0
1,1,0.015625,0.984375,0.0,0.0,0.0,0.0,0.0,0.0,0.0,0.0,0.0,0.0
1,1,0.015625,0.984375,0.0,0.0,0.0,0.0,0.0,0.0,0.0,0.0,0.0,0.0
1,1,0.015625,0.984375,0.0,0.0,0.0,0.0,0.0,0.0,0.0,0.0,0.0,0.0
1,1,0.015625,0.984375,0.0,0.0,0.0,0.0,0.0,0.0,0.0,0.0,0.0,0.0
1,1,0.015625,0.984375,0.0,0.0,0.0,0.0,0.0,0.0,0.0,0.0,0.0,0.0
1,1,0.015625,0.984375,0.0,0.0,0.0,0.0,0.0,0.0,0.0,0.0,0.0,0.0
1,1,0.015625,0.984375,0.0,0.0,0.0,0.0,0.0,0.0,0.0,0.0,0.0,0.0
1,1,0.015625,0.984375,0.0,0.0,0.0,0.0,0.0,0.0,0.0,0.0,0.0,0.0
1,1,0.015625,0.984375,0.0,0.0,0.0,0.0,0.0,0.0,0.0,0.0,0.0,0.0
1,1,0.015625,0.984375,0.0,0.0,0.0,0.0,0.0,0.0,0.0,0.0,0.0,0.0
1,1,0.015625,0.984375,0.0,0.0,0.0,0.0,0.0,0.0,0.0,0.0,0.0,0.0
1,1,0.015625,0.984375,0.0,0.0,0.0,0.0,0.0,0.0,0.0,0.0,0.0,0.0
1,1,0.015625,0.984375,0.0,0.0,0.0,0.0,0.0,0.0,0.0,0.0,0.0,0.0
1,1,0.015625,0.984375,0.0,0.0,0.0,0.0,0.0,0.0,0.0,0.0,0.0,0.0
1,1,0.015625,0.984375,0.0,0.0,0.0,0.0,0.0,0.0,0.0,0.0,0.0,0.0
1,1,0.015625,0.984375,0.0,0.0,0.0,0.0,0.0,0.0,0.0,0.0,0.0,0.0
1,1,0.015625,0.984375,0.0,0.0,0.0,0.0,0.0,0.0,0.0,0.0,0.0,0.0
1,1,0.015625,0.984375,0.0,0.0,0.0,0.0,0.0,0.0,0.0,0.0,0.0,0.0
1,1,0.015625,0.984375,0.0,0.0,0.0,0.0,0.0,0.0,0.0,0.0,0.0,0.0
1,1,0.015625,0.984375,0.0,0.0,0.0,0.0,0.0,0.0,0.0,0.0,0.0,0.0
1,1,0.015625,0.984375,0.0,0.0,0.0,0.0,0.0,0.0,0.0,0.0,0.0,0.0
1,1,0.015625,0.984375,0.0,0.0,0.0,0.0,0.0,0.0,0.0,0.0,0.0,0.0
1,1,0.03125,0.96875,0.0,0.0,0.0,0.0,0.0,0.0,0.0,0.0,0.0,0.0
1,1,0.03125,0.96875,0.0,0.0,0.0,0.0,0.0,0.0,0.0,0.0,0.0,0.0
1,1,0.03125,0.96875,0.0,0.0,0.0,0.0,0.0,0.0,0.0,0.0,0.0,0.0
1,1,0.03125,0.96875,0.0,0.0,0.0,0.0,0.0,0.0,0.0,0.0,0.0,0.0
1,1,0.03125,0.96875,0.0,0.0,0.0,0.0,0.0,0.0,0.0,0.0,0.0,0.0
1,1,0.03125,0.96875,0.0,0.0,0.0,0.0,0.0,0.0,0.0,0.0,0.0,0.0
1,1,0.03125,0.96875,0.0,0.0,0.0,0.0,0.0,0.0,0.0,0.0,0.0,0.0
1,1,0.03125,0.96875,0.0,0.0,0.0,0.0,0.0,0.0,0.0,0.0,0.0,0.0
1,1,0.03125,0.96875,0.0,0.0,0.0,0.0,0.0,0.0,0.0,0.0,0.0,0.0
1,1,0.03125,0.96875,0.0,0.0,0.0,0.0,0.0,0.0,0.0,0.0,0.0,0.0
1,1,0.03125,0.96875,0.0,0.0,0.0,0.0,0.0,0.0,0.0,0.0,0.0,0.0
1,1,0.03125,0.96875,0.0,0.0,0.0,0.0,0.0,0.0,0.0,0.0,0.0,0.0
1,1,0.03125,0.96875,0.0,0.0,0.0,0.0,0.0,0.0,0.0,0.0,0.0,0.0
1,1,0.03125,0.96875,0.0,0.0,0.0,0.0,0.0,0.0,0.0,0.0,0.0,0.0
1,1,0.03125,0.96875,0.0,0.0,0.0,0.0,0.0,0.0,0.0,0.0,0.0,0.0
1,1,0.03125,0.96875,0.0,0.0,0.0,0.0,0.0,0.0,0.0,0.0,0.0,0.0
1,1,0.046875,0.953125,0.0,0.0,0.0,0.0,0.0,0.0,0.0,0.0,0.0,0.0
1,1,0.046875,0.953125,0.0,0.0,0.0,0.0,0.0,0.0,0.0,0.0,0.0,0.0
1,1,0.046875,0.953125,0.0,0.0,0.0,0.0,0.0,0.0,0.0,0.0,0.0,0.0
1,1,0.046875,0.953125,0.0,0.0,0.0,0.0,0.0,0.0,0.0,0.0,0.0,0.0
1,1,0.0625,0.9375,0.0,0.0,0.0,0.0,0.0,0.0,0.0,0.0,0.0,0.0
1,1,0.0625,0.9375,0.0,0.0,0.0,0.0,0.0,0.0,0.0,0.0,0.0,0.0
1,1,0.0625,0.9375,0.0,0.0,0.0,0.0,0.0,0.0,0.0,0.0,0.0,0.0
1,1,0.0625,0.9375,0.0,0.0,0.0,0.0,0.0,0.0,0.0,0.0,0.0,0.0
1,1,0.0625,0.9375,0.0,0.0,0.0,0.0,0.0,0.0,0.0,0.0,0.0,0.0
1,1,0.0625,0.9375,0.0,0.0,0.0,0.0,0.0,0.0,0.0,0.0,0.0,0.0
1,1,0.0625,0.9375,0.0,0.0,0.0,0.0,0.0,0.0,0.0,0.0,0.0,0.0
1,1,0.0625,0.9375,0.0,0.0,0.0,0.0,0.0,0.0,0.0,0.0,0.0,0.0
1,1,0.0625,0.9375,0.0,0.0,0.0,0.0,0.0,0.0,0.0,0.0,0.0,0.0
1,1,0.0625,0.9375,0.0,0.0,0.0,0.0,0.0,0.0,0.0,0.0,0.0,0.0
1,1,0.0625,0.9375,0.0,0.0,0.0,0.0,0.0,0.0,0.0,0.0,0.0,0.0
1,1,0.0625,0.9375,0.0,0.0,0.0,0.0,0.0,0.0,0.0,0.0,0.0,0.0
1,1,0.0625,0.9375,0.0,0.0,0.0,0.0,0.0,0.0,0.0,0.0,0.0,0.0
1,1,0.0625,0.9375,0.0,0.0,0.0,0.0,0.0,0.0,0.0,0.0,0.0,0.0
1,1,0.0625,0.9375,0.0,0.0,0.0,0.0,0.0,0.0,0.0,0.0,0.0,0.0
1,1,0.0625,0.9375,0.0,0.0,0.0,0.0,0.0,0.0,0.0,0.0,0.0,0.0
1,1,0.06349207,0.93650794,0.0,0.0,0.0,0.0,0.0,0.0,0.0,0.0,0.0,0.0
1,1,0.06349207,0.93650794,0.0,0.0,0.0,0.0,0.0,0.0,0.0,0.0,0.0,0.0
1,1,0.06349207,0.93650794,0.0,0.0,0.0,0.0,0.0,0.0,0.0,0.0,0.0,0.0
1,1,0.06349207,0.93650794,0.0,0.0,0.0,0.0,0.0,0.0,0.0,0.0,0.0,0.0
1,1,0.06349207,0.93650794,0.0,0.0,0.0,0.0,0.0,0.0,0.0,0.0,0.0,0.0
1,1,0.06349207,0.93650794,0.0,0.0,0.0,0.0,0.0,0.0,0.0,0.0,0.0,0.0
1,1,0.06349207,0.93650794,0.0,0.0,0.0,0.0,0.0,0.0,0.0,0.0,0.0,0.0
1,1,0.06349207,0.93650794,0.0,0.0,0.0,0.0,0.0,0.0,0.0,0.0,0.0,0.0
1,1,0.06349207,0.93650794,0.0,0.0,0.0,0.0,0.0,0.0,0.0,0.0,0.0,0.0
1,1,0.06349207,0.93650794,0.0,0.0,0.0,0.0,0.0,0.0,0.0,0.0,0.0,0.0
1,1,0.06349207,0.93650794,0.0,0.0,0.0,0.0,0.0,0.0,0.0,0.0,0.0,0.0
1,1,0.06349207,0.93650794,0.0,0.0,0.0,0.0,0.0,0.0,0.0,0.0,0.0,0.0
1,1,0.06349207,0.93650794,0.0,0.0,0.0,0.0,0.0,0.0,0.0,0.0,0.0,0.0
1,1,0.06349207,0.93650794,0.0,0.0,0.0,0.0,0.0,0.0,0.0,0.0,0.0,0.0
1,1,0.06349207,0.93650794,0.0,0.0,0.0,0.0,0.0,0.0,0.0,0.0,0.0,0.0
1,1,0.06349207,0.93650794,0.0,0.0,0.0,0.0,0.0,0.0,0.0,0.0,0.0,0.0
1,1,0.0625,0.9375,0.0,0.0,0.0,0.0,0.0,0.0,0.0,0.0,0.0,0.0
1,1,0.0625,0.9375,0.0,0.0,0.0,0.0,0.0,0.0,0.0,0.0,0.0,0.0
1,1,0.0625,0.9375,0.0,0.0,0.0,0.0,0.0,0.0,0.0,0.0,0.0,0.0
1,1,0.0625,0.9375,0.0,0.0,0.0,0.0,0.0,0.0,0.0,0.0,0.0,0.0
1,1,0.0625,0.9375,0.0,0.0,0.0,0.0,0.0,0.0,0.0,0.0,0.0,0.0
1,1,0.0625,0.9375,0.0,0.0,0.0,0.0,0.0,0.0,0.0,0.0,0.0,0.0
1,1,0.0625,0.9375,0.0,0.0,0.0,0.0,0.0,0.0,0.0,0.0,0.0,0.0
1,1,0.0625,0.9375,0.0,0.0,0.0,0.0,0.0,0.0,0.0,0.0,0.0,0.0
1,1,0.0625,0.9375,0.0,0.0,0.0,0.0,0.0,0.0,0.0,0.0,0.0,0.0
1,1,0.0625,0.9375,0.0,0.0,0.0,0.0,0.0,0.0,0.0,0.0,0.0,0.0
1,1,0.0625,0.9375,0.0,0.0,0.0,0.0,0.0,0.0,0.0,0.0,0.0,0.0
1,1,0.0625,0.9375,0.0,0.0,0.0,0.0,0.0,0.0,0.0,0.0,0.0,0.0
1,1,0.0625,0.9375,0.0,0.0,0.0,0.0,0.0,0.0,0.0,0.0,0.0,0.0
1,1,0.0625,0.9375,0.0,0.0,0.0,0.0,0.0,0.0,0.0,0.0,0.0,0.0
1,1,0.0625,0.9375,0.0,0.0,0.0,0.0,0.0,0.0,0.0,0.0,0.0,0.0
1,1,0.0625,0.9375,0.0,0.0,0.0,0.0,0.0,0.0,0.0,0.0,0.0,0.0
1,1,0.0625,0.9375,0.0,0.0,0.0,0.0,0.0,0.0,0.0,0.0,0.0,0.0
1,1,0.0625,0.9375,0.0,0.0,0.0,0.0,0.0,0.0,0.0,0.0,0.0,0.0
1,1,0.0625,0.9375,0.0,0.0,0.0,0.0,0.0,0.0,0.0,0.0,0.0,0.0
1,1,0.0625,0.9375,0.0,0.0,0.0,0.0,0.0,0.0,0.0,0.0,0.0,0.0
1,1,0.046875,0.953125,0.0,0.0,0.0,0.0,0.0,0.0,0.0,0.0,0.0,0.0
1,1,0.046875,0.953125,0.0,0.0,0.0,0.0,0.0,0.0,0.0,0.0,0.0,0.0
1,1,0.046875,0.953125,0.0,0.0,0.0,0.0,0.0,0.0,0.0,0.0,0.0,0.0
1,1,0.046875,0.953125,0.0,0.0,0.0,0.0,0.0,0.0,0.0,0.0,0.0,0.0
1,1,0.046875,0.953125,0.0,0.0,0.0,0.0,0.0,0.0,0.0,0.0,0.0,0.0
1,1,0.046875,0.953125,0.0,0.0,0.0,0.0,0.0,0.0,0.0,0.0,0.0,0.0
1,1,0.046875,0.953125,0.0,0.0,0.0,0.0,0.0,0.0,0.0,0.0,0.0,0.0
1,1,0.046875,0.953125,0.0,0.0,0.0,0.0,0.0,0.0,0.0,0.0,0.0,0.0
1,1,0.046875,0.953125,0.0,0.0,0.0,0.0,0.0,0.0,0.0,0.0,0.0,0.0
1,1,0.046875,0.953125,0.0,0.0,0.0,0.0,0.0,0.0,0.0,0.0,0.0,0.0
1,1,0.046875,0.953125,0.0,0.0,0.0,0.0,0.0,0.0,0.0,0.0,0.0,0.0
1,1,0.046875,0.953125,0.0,0.0,0.0,0.0,0.0,0.0,0.0,0.0,0.0,0.0
1,1,0.046875,0.953125,0.0,0.0,0.0,0.0,0.0,0.0,0.0,0.0,0.0,0.0
1,1,0.046875,0.953125,0.0,0.0,0.0,0.0,0.0,0.0,0.0,0.0,0.0,0.0
1,1,0.046875,0.953125,0.0,0.0,0.0,0.0,0.0,0.0,0.0,0.0,0.0,0.0
1,1,0.046875,0.953125,0.0,0.0,0.0,0.0,0.0,0.0,0.0,0.0,0.0,0.0
1,1,0.046875,0.953125,0.0,0.0,0.0,0.0,0.0,0.0,0.0,0.0,0.0,0.0
1,1,0.046875,0.953125,0.0,0.0,0.0,0.0,0.0,0.0,0.0,0.0,0.0,0.0
1,1,0.046875,0.953125,0.0,0.0,0.0,0.0,0.0,0.0,0.0,0.0,0.0,0.0
1,1,0.046875,0.953125,0.0,0.0,0.0,0.0,0.0,0.0,0.0,0.0,0.0,0.0
1,1,0.046875,0.953125,0.0,0.0,0.0,0.0,0.0,0.0,0.0,0.0,0.0,0.0
1,1,0.046875,0.953125,0.0,0.0,0.0,0.0,0.0,0.0,0.0,0.0,0.0,0.0
1,1,0.046875,0.953125,0.0,0.0,0.0,0.0,0.0,0.0,0.0,0.0,0.0,0.0
1,1,0.046875,0.953125,0.0,0.0,0.0,0.0,0.0,0.0,0.0,0.0,0.0,0.0
1,1,0.046875,0.953125,0.0,0.0,0.0,0.0,0.0,0.0,0.0,0.0,0.0,0.0
1,1,0.046875,0.953125,0.0,0.0,0.0,0.0,0.0,0.0,0.0,0.0,0.0,0.0
1,1,0.046875,0.953125,0.0,0.0,0.0,0.0,0.0,0.0,0.0,0.0,0.0,0.0
1,1,0.046875,0.953125,0.0,0.0,0.0,0.0,0.0,0.0,0.0,0.0,0.0,0.0
1,1,0.03125,0.96875,0.0,0.0,0.0,0.0,0.0,0.0,0.0,0.0,0.0,0.0
1,1,0.03125,0.96875,0.0,0.0,0.0,0.0,0.0,0.0,0.0,0.0,0.0,0.0
1,1,0.03125,0.96875,0.0,0.0,0.0,0.0,0.0,0.0,0.0,0.0,0.0,0.0
1,1,0.03125,0.96875,0.0,0.0,0.0,0.0,0.0,0.0,0.0,0.0,0.0,0.0
1,1,0.03125,0.96875,0.0,0.0,0.0,0.0,0.0,0.0,0.0,0.0,0.0,0.0
1,1,0.03125,0.96875,0.0,0.0,0.0,0.0,0.0,0.0,0.0,0.0,0.0,0.0
1,1,0.03125,0.96875,0.0,0.0,0.0,0.0,0.0,0.0,0.0,0.0,0.0,0.0
1,1,0.03125,0.96875,0.0,0.0,0.0,0.0,0.0,0.0,0.0,0.0,0.0,0.0
1,1,0.03125,0.96875,0.0,0.0,0.0,0.0,0.0,0.0,0.0,0.0,0.0,0.0
1,1,0.03125,0.96875,0.0,0.0,0.0,0.0,0.0,0.0,0.0,0.0,0.0,0.0
1,1,0.03125,0.96875,0.0,0.0,0.0,0.0,0.0,0.0,0.0,0.0,0.0,0.0
1,1,0.03125,0.96875,0.0,0.0,0.0,0.0,0.0,0.0,0.0,0.0,0.0,0.0
1,1,0.03125,0.96875,0.0,0.0,0.0,0.0,0.0,0.0,0.0,0.0,0.0,0.0
1,1,0.03125,0.96875,0.0,0.0,0.0,0.0,0.0,0.0,0.0,0.0,0.0,0.0
1,1,0.015625,0.984375,0.0,0.0,0.0,0.0,0.0,0.0,0.0,0.0,0.0,0.0
1,1,0.015625,0.984375,0.0,0.0,0.0,0.0,0.0,0.0,0.0,0.0,0.0,0.0
1,1,0.015625,0.984375,0.0,0.0,0.0,0.0,0.0,0.0,0.0,0.0,0.0,0.0
1,1,0.015625,0.984375,0.0,0.0,0.0,0.0,0.0,0.0,0.0,0.0,0.0,0.0
1,1,0.015625,0.984375,0.0,0.0,0.0,0.0,0.0,0.0,0.0,0.0,0.0,0.0
1,1,0.015625,0.984375,0.0,0.0,0.0,0.0,0.0,0.0,0.0,0.0,0.0,0.0
1,1,0.015625,0.984375,0.0,0.0,0.0,0.0,0.0,0.0,0.0,0.0,0.0,0.0
1,1,0.015625,0.984375,0.0,0.0,0.0,0.0,0.0,0.0,0.0,0.0,0.0,0.0
1,1,0.015625,0.984375,0.0,0.0,0.0,0.0,0.0,0.0,0.0,0.0,0.0,0.0
1,1,0.015625,0.984375,0.0,0.0,0.0,0.0,0.0,0.0,0.0,0.0,0.0,0.0
1,1,0.0,1.0,0.0,0.0,0.0,0.0,0.0,0.0,0.0,0.0,0.0,0.0
1,1,0.0,1.0,0.0,0.0,0.0,0.0,0.0,0.0,0.0,0.0,0.0,0.0
1,1,0.0,1.0,0.0,0.0,0.0,0.0,0.0,0.0,0.0,0.0,0.0,0.0
1,1,0.0,1.0,0.0,0.0,0.0,0.0,0.0,0.0,0.0,0.0,0.0,0.0
1,1,0.0,1.0,0.0,0.0,0.0,0.0,0.0,0.0,0.0,0.0,0.0,0.0
1,1,0.0,1.0,0.0,0.0,0.0,0.0,0.0,0.0,0.0,0.0,0.0,0.0
1,1,0.0,1.0,0.0,0.0,0.0,0.0,0.0,0.0,0.0,0.0,0.0,0.0
1,1,0.0,1.0,0.0,0.0,0.0,0.0,0.0,0.0,0.0,0.0,0.0,0.0
1,1,0.0,1.0,0.0,0.0,0.0,0.0,0.0,0.0,0.0,0.0,0.0,0.0
1,1,0.0,1.0,0.0,0.0,0.0,0.0,0.0,0.0,0.0,0.0,0.0,0.0
1,1,0.0,1.0,0.0,0.0,0.0,0.0,0.0,0.0,0.0,0.0,0.0,0.0
1,1,0.0,1.0,0.0,0.0,0.0,0.0,0.0,0.0,0.0,0.0,0.0,0.0
1,1,0.0,1.0,0.0,0.0,0.0,0.0,0.0,0.0,0.0,0.0,0.0,0.0
1,1,0.0,1.0,0.0,0.0,0.0,0.0,0.0,0.0,0.0,0.0,0.0,0.0
1,1,0.0,1.0,0.0,0.0,0.0,0.0,0.0,0.0,0.0,0.0,0.0,0.0
1,1,0.0,1.0,0.0,0.0,0.0,0.0,0.0,0.0,0.0,0.0,0.0,0.0
1,1,0.0,1.0,0.0,0.0,0.0,0.0,0.0,0.0,0.0,0.0,0.0,0.0
1,1,0.0,1.0,0.0,0.0,0.0,0.0,0.0,0.0,0.0,0.0,0.0,0.0
1,1,0.0,1.0,0.0,0.0,0.0,0.0,0.0,0.0,0.0,0.0,0.0,0.0
1,1,0.0,1.0,0.0,0.0,0.0,0.0,0.0,0.0,0.0,0.0,0.0,0.0
1,1,0.0,1.0,0.0,0.0,0.0,0.0,0.0,0.0,0.0,0.0,0.0,0.0
1,1,0.0,1.0,0.0,0.0,0.0,0.0,0.0,0.0,0.0,0.0,0.0,0.0
1,1,0.0,1.0,0.0,0.0,0.0,0.0,0.0,0.0,0.0,0.0,0.0,0.0
1,1,0.0,1.0,0.0,0.0,0.0,0.0,0.0,0.0,0.0,0.0,0.0,0.0
1,1,0.0,1.0,0.0,0.0,0.0,0.0,0.0,0.0,0.0,0.0,0.0,0.0
1,1,0.0,1.0,0.0,0.0,0.0,0.0,0.0,0.0,0.0,0.0,0.0,0.0
1,1,0.0,1.0,0.0,0.0,0.0,0.0,0.0,0.0,0.0,0.0,0.0,0.0
1,1,0.0,1.0,0.0,0.0,0.0,0.0,0.0,0.0,0.0,0.0,0.0,0.0
1,1,0.0,1.0,0.0,0.0,0.0,0.0,0.0,0.0,0.0,0.0,0.0,0.0
1,1,0.0,1.0,0.0,0.0,0.0,0.0,0.0,0.0,0.0,0.0,0.0,0.0
1,1,0.0,1.0,0.0,0.0,0.0,0.0,0.0,0.0,0.0,0.0,0.0,0.0
1,1,0.0,1.0,0.0,0.0,0.0,0.0,0.0,0.0,0.0,0.0,0.0,0.0
1,1,0.0,1.0,0.0,0.0,0.0,0.0,0.0,0.0,0.0,0.0,0.0,0.0
1,1,0.0,1.0,0.0,0.0,0.0,0.0,0.0,0.0,0.0,0.0,0.0,0.0
1,1,0.0,1.0,0.0,0.0,0.0,0.0,0.0,0.0,0.0,0.0,0.0,0.0
1,1,0.0,1.0,0.0,0.0,0.0,0.0,0.0,0.0,0.0,0.0,0.0,0.0
1,1,0.0,1.0,0.0,0.0,0.0,0.0,0.0,0.0,0.0,0.0,0.0,0.0
1,1,0.0,1.0,0.0,0.0,0.0,0.0,0.0,0.0,0.0,0.0,0.0,0.0
1,1,0.0,1.0,0.0,0.0,0.0,0.0,0.0,0.0,0.0,0.0,0.0,0.0
1,1,0.0,1.0,0.0,0.0,0.0,0.0,0.0,0.0,0.0,0.0,0.0,0.0
1,1,0.0,1.0,0.0,0.0,0.0,0.0,0.0,0.0,0.0,0.0,0.0,0.0
1,1,0.0,1.0,0.0,0.0,0.0,0.0,0.0,0.0,0.0,0.0,0.0,0.0
1,1,0.0,1.0,0.0,0.0,0.0,0.0,0.0,0.0,0.0,0.0,0.0,0.0
1,1,0.0,1.0,0.0,0.0,0.0,0.0,0.0,0.0,0.0,0.0,0.0,0.0
1,1,0.0,1.0,0.0,0.0,0.0,0.0,0.0,0.0,0.0,0.0,0.0,0.0
1,1,0.0,1.0,0.0,0.0,0.0,0.0,0.0,0.0,0.0,0.0,0.0,0.0
1,1,0.0,1.0,0.0,0.0,0.0,0.0,0.0,0.0,0.0,0.0,0.0,0.0
1,1,0.0,1.0,0.0,0.0,0.0,0.0,0.0,0.0,0.0,0.0,0.0,0.0
1,1,0.0,1.0,0.0,0.0,0.0,0.0,0.0,0.0,0.0,0.0,0.0,0.0
1,1,0.0,1.0,0.0,0.0,0.0,0.0,0.0,0.0,0.0,0.0,0.0,0.0
1,1,0.0,1.0,0.0,0.0,0.0,0.0,0.0,0.0,0.0,0.0,0.0,0.0
1,1,0.0,1.0,0.0,0.0,0.0,0.0,0.0,0.0,0.0,0.0,0.0,0.0
1,1,0.0,1.0,0.0,0.0,0.0,0.0,0.0,0.0,0.0,0.0,0.0,0.0
1,1,0.0,1.0,0.0,0.0,0.0,0.0,0.0,0.0,0.0,0.0,0.0,0.0
1,1,0.0,1.0,0.0,0.0,0.0,0.0,0.0,0.0,0.0,0.0,0.0,0.0
1,1,0.0,1.0,0.0,0.0,0.0,0.0,0.0,0.0,0.0,0.0,0.0,0.0
1,1,0.0,1.0,0.0,0.0,0.0,0.0,0.0,0.0,0.0,0.0,0.0,0.0
1,1,0.0,1.0,0.0,0.0,0.0,0.0,0.0,0.0,0.0,0.0,0.0,0.0
1,1,0.0,1.0,0.0,0.0,0.0,0.0,0.0,0.0,0.0,0.0,0.0,0.0
1,1,0.0,1.0,0.0,0.0,0.0,0.0,0.0,0.0,0.0,0.0,0.0,0.0
1,1,0.0,1.0,0.0,0.0,0.0,0.0,0.0,0.0,0.0,0.0,0.0,0.0
1,1,0.0,1.0,0.0,0.0,0.0,0.0,0.0,0.0,0.0,0.0,0.0,0.0
1,1,0.0,1.0,0.0,0.0,0.0,0.0,0.0,0.0,0.0,0.0,0.0,0.0
1,1,0.0,1.0,0.0,0.0,0.0,0.0,0.0,0.0,0.0,0.0,0.0,0.0
1,1,0.0,1.0,0.0,0.0,0.0,0.0,0.0,0.0,0.0,0.0,0.0,0.0
1,1,0.0,1.0,0.0,0.0,0.0,0.0,0.0,0.0,0.0,0.0,0.0,0.0
1,1,0.0,1.0,0.0,0.0,0.0,0.0,0.0,0.0,0.0,0.0,0.0,0.0
1,1,0.0,1.0,0.0,0.0,0.0,0.0,0.0,0.0,0.0,0.0,0.0,0.0
1,1,0.0,1.0,0.0,0.0,0.0,0.0,0.0,0.0,0.0,0.0,0.0,0.0
1,1,0.0,1.0,0.0,0.0,0.0,0.0,0.0,0.0,0.0,0.0,0.0,0.0
1,1,0.0,1.0,0.0,0.0,0.0,0.0,0.0,0.0,0.0,0.0,0.0,0.0
1,1,0.0,1.0,0.0,0.0,0.0,0.0,0.0,0.0,0.0,0.0,0.0,0.0
1,1,0.0,1.0,0.0,0.0,0.0,0.0,0.0,0.0,0.0,0.0,0.0,0.0
1,1,0.0,1.0,0.0,0.0,0.0,0.0,0.0,0.0,0.0,0.0,0.0,0.0
1,1,0.0,1.0,0.0,0.0,0.0,0.0,0.0,0.0,0.0,0.0,0.0,0.0
1,1,0.0,1.0,0.0,0.0,0.0,0.0,0.0,0.0,0.0,0.0,0.0,0.0
1,1,0.0,1.0,0.0,0.0,0.0,0.0,0.0,0.0,0.0,0.0,0.0,0.0
1,1,0.0,1.0,0.0,0.0,0.0,0.0,0.0,0.0,0.0,0.0,0.0,0.0
1,1,0.0,1.0,0.0,0.0,0.0,0.0,0.0,0.0,0.0,0.0,0.0,0.0
1,1,0.0,1.0,0.0,0.0,0.0,0.0,0.0,0.0,0.0,0.0,0.0,0.0
1,1,0.0,1.0,0.0,0.0,0.0,0.0,0.0,0.0,0.0,0.0,0.0,0.0
1,1,0.0,1.0,0.0,0.0,0.0,0.0,0.0,0.0,0.0,0.0,0.0,0.0
1,1,0.0,1.0,0.0,0.0,0.0,0.0,0.0,0.0,0.0,0.0,0.0,0.0
1,1,0.0,1.0,0.0,0.0,0.0,0.0,0.0,0.0,0.0,0.0,0.0,0.0
1,1,0.0,1.0,0.0,0.0,0.0,0.0,0.0,0.0,0.0,0.0,0.0,0.0
1,1,0.0,1.0,0.0,0.0,0.0,0.0,0.0,0.0,0.0,0.0,0.0,0.0
1,1,0.0,1.0,0.0,0.0,0.0,0.0,0.0,0.0,0.0,0.0,0.0,0.0
1,1,0.0,1.0,0.0,0.0,0.0,0.0,0.0,0.0,0.0,0.0,0.0,0.0
1,1,0.0,1.0,0.0,0.0,0.0,0.0,0.0,0.0,0.0,0.0,0.0,0.0
1,1,0.0,1.0,0.0,0.0,0.0,0.0,0.0,0.0,0.0,0.0,0.0,0.0
1,1,0.0,1.0,0.0,0.0,0.0,0.0,0.0,0.0,0.0,0.0,0.0,0.0
1,1,0.0,1.0,0.0,0.0,0.0,0.0,0.0,0.0,0.0,0.0,0.0,0.0
1,1,0.0,1.0,0.0,0.0,0.0,0.0,0.0,0.0,0.0,0.0,0.0,0.0
1,1,0.0,1.0,0.0,0.0,0.0,0.0,0.0,0.0,0.0,0.0,0.0,0.0
1,1,0.0,1.0,0.0,0.0,0.0,0.0,0.0,0.0,0.0,0.0,0.0,0.0
1,1,0.0,1.0,0.0,0.0,0.0,0.0,0.0,0.0,0.0,0.0,0.0,0.0
1,1,0.0,1.0,0.0,0.0,0.0,0.0,0.0,0.0,0.0,0.0,0.0,0.0
1,1,0.0,1.0,0.0,0.0,0.0,0.0,0.0,0.0,0.0,0.0,0.0,0.0
1,1,0.0,1.0,0.0,0.0,0.0,0.0,0.0,0.0,0.0,0.0,0.0,0.0
1,1,0.0,1.0,0.0,0.0,0.0,0.0,0.0,0.0,0.0,0.0,0.0,0.0
1,1,0.0,1.0,0.0,0.0,0.0,0.0,0.0,0.0,0.0,0.0,0.0,0.0
1,1,0.0,1.0,0.0,0.0,0.0,0.0,0.0,0.0,0.0,0.0,0.0,0.0
1,1,0.0,1.0,0.0,0.0,0.0,0.0,0.0,0.0,0.0,0.0,0.0,0.0
1,1,0.0,1.0,0.0,0.0,0.0,0.0,0.0,0.0,0.0,0.0,0.0,0.0
1,1,0.0,1.0,0.0,0.0,0.0,0.0,0.0,0.0,0.0,0.0,0.0,0.0
1,1,0.0,1.0,0.0,0.0,0.0,0.0,0.0,0.0,0.0,0.0,0.0,0.0
1,1,0.0,1.0,0.0,0.0,0.0,0.0,0.0,0.0,0.0,0.0,0.0,0.0
1,1,0.0,1.0,0.0,0.0,0.0,0.0,0.0,0.0,0.0,0.0,0.0,0.0
1,1,0.0,1.0,0.0,0.0,0.0,0.0,0.0,0.0,0.0,0.0,0.0,0.0
1,1,0.0,1.0,0.0,0.0,0.0,0.0,0.0,0.0,0.0,0.0,0.0,0.0
1,1,0.0,1.0,0.0,0.0,0.0,0.0,0.0,0.0,0.0,0.0,0.0,0.0
1,1,0.0,1.0,0.0,0.0,0.0,0.0,0.0,0.0,0.0,0.0,0.0,0.0
1,1,0.0,1.0,0.0,0.0,0.0,0.0,0.0,0.0,0.0,0.0,0.0,0.0
1,1,0.0,1.0,0.0,0.0,0.0,0.0,0.0,0.0,0.0,0.0,0.0,0.0
1,1,0.0,1.0,0.0,0.0,0.0,0.0,0.0,0.0,0.0,0.0,0.0,0.0
1,1,0.0,1.0,0.0,0.0,0.0,0.0,0.0,0.0,0.0,0.0,0.0,0.0
1,1,0.0,1.0,0.0,0.0,0.0,0.0,0.0,0.0,0.0,0.0,0.0,0.0
1,1,0.0,1.0,0.0,0.0,0.0,0.0,0.0,0.0,0.0,0.0,0.0,0.0
1,1,0.0,1.0,0.0,0.0,0.0,0.0,0.0,0.0,0.0,0.0,0.0,0.0
1,1,0.0,1.0,0.0,0.0,0.0,0.0,0.0,0.0,0.0,0.0,0.0,0.0
1,1,0.0,1.0,0.0,0.0,0.0,0.0,0.0,0.0,0.0,0.0,0.0,0.0
1,1,0.0,1.0,0.0,0.0,0.0,0.0,0.0,0.0,0.0,0.0,0.0,0.0
1,1,0.0,1.0,0.0,0.0,0.0,0.0,0.0,0.0,0.0,0.0,0.0,0.0
1,1,0.0,1.0,0.0,0.0,0.0,0.0,0.0,0.0,0.0,0.0,0.0,0.0
1,1,0.0,1.0,0.0,0.0,0.0,0.0,0.0,0.0,0.0,0.0,0.0,0.0
1,1,0.0,1.0,0.0,0.0,0.0,0.0,0.0,0.0,0.0,0.0,0.0,0.0
1,1,0.0,1.0,0.0,0.0,0.0,0.0,0.0,0.0,0.0,0.0,0.0,0.0
1,1,0.0,1.0,0.0,0.0,0.0,0.0,0.0,0.0,0.0,0.0,0.0,0.0
1,1,0.0,1.0,0.0,0.0,0.0,0.0,0.0,0.0,0.0,0.0,0.0,0.0
1,1,0.0,1.0,0.0,0.0,0.0,0.0,0.0,0.0,0.0,0.0,0.0,0.0
1,1,0.0,1.0,0.0,0.0,0.0,0.0,0.0,0.0,0.0,0.0,0.0,0.0
1,1,0.0,1.0,0.0,0.0,0.0,0.0,0.0,0.0,0.0,0.0,0.0,0.0
1,1,0.0,1.0,0.0,0.0,0.0,0.0,0.0,0.0,0.0,0.0,0.0,0.0
1,1,0.0,1.0,0.0,0.0,0.0,0.0,0.0,0.0,0.0,0.0,0.0,0.0
1,1,0.0,1.0,0.0,0.0,0.0,0.0,0.0,0.0,0.0,0.0,0.0,0.0
1,1,0.0,1.0,0.0,0.0,0.0,0.0,0.0,0.0,0.0,0.0,0.0,0.0
1,1,0.0,1.0,0.0,0.0,0.0,0.0,0.0,0.0,0.0,0.0,0.0,0.0
1,1,0.0,1.0,0.0,0.0,0.0,0.0,0.0,0.0,0.0,0.0,0.0,0.0
1,1,0.0,1.0,0.0,0.0,0.0,0.0,0.0,0.0,0.0,0.0,0.0,0.0
1,1,0.0,1.0,0.0,0.0,0.0,0.0,0.0,0.0,0.0,0.0,0.0,0.0
1,1,0.0,1.0,0.0,0.0,0.0,0.0,0.0,0.0,0.0,0.0,0.0,0.0
1,1,0.0,1.0,0.0,0.0,0.0,0.0,0.0,0.0,0.0,0.0,0.0,0.0
1,1,0.0,1.0,0.0,0.0,0.0,0.0,0.0,0.0,0.0,0.0,0.0,0.0
1,1,0.0,1.0,0.0,0.0,0.0,0.0,0.0,0.0,0.0,0.0,0.0,0.0
1,1,0.0,1.0,0.0,0.0,0.0,0.0,0.0,0.0,0.0,0.0,0.0,0.0
1,1,0.0,1.0,0.0,0.0,0.0,0.0,0.0,0.0,0.0,0.0,0.0,0.0
1,1,0.0,1.0,0.0,0.0,0.0,0.0,0.0,0.0,0.0,0.0,0.0,0.0
1,1,0.0,1.0,0.0,0.0,0.0,0.0,0.0,0.0,0.0,0.0,0.0,0.0
1,1,0.0,1.0,0.0,0.0,0.0,0.0,0.0,0.0,0.0,0.0,0.0,0.0
1,1,0.0,1.0,0.0,0.0,0.0,0.0,0.0,0.0,0.0,0.0,0.0,0.0
1,1,0.0,1.0,0.0,0.0,0.0,0.0,0.0,0.0,0.0,0.0,0.0,0.0
1,1,0.0,1.0,0.0,0.0,0.0,0.0,0.0,0.0,0.0,0.0,0.0,0.0
1,1,0.0,1.0,0.0,0.0,0.0,0.0,0.0,0.0,0.0,0.0,0.0,0.0
1,1,0.0,1.0,0.0,0.0,0.0,0.0,0.0,0.0,0.0,0.0,0.0,0.0
1,1,0.0,1.0,0.0,0.0,0.0,0.0,0.0,0.0,0.0,0.0,0.0,0.0
1,1,0.0,1.0,0.0,0.0,0.0,0.0,0.0,0.0,0.0,0.0,0.0,0.0
1,1,0.0,1.0,0.0,0.0,0.0,0.0,0.0,0.0,0.0,0.0,0.0,0.0
1,1,0.0,1.0,0.0,0.0,0.0,0.0,0.0,0.0,0.0,0.0,0.0,0.0
1,1,0.0,1.0,0.0,0.0,0.0,0.0,0.0,0.0,0.0,0.0,0.0,0.0
1,1,0.0,1.0,0.0,0.0,0.0,0.0,0.0,0.0,0.0,0.0,0.0,0.0
1,1,0.0,1.0,0.0,0.0,0.0,0.0,0.0,0.0,0.0,0.0,0.0,0.0
1,1,0.0,1.0,0.0,0.0,0.0,0.0,0.0,0.0,0.0,0.0,0.0,0.0
1,1,0.0,1.0,0.0,0.0,0.0,0.0,0.0,0.0,0.0,0.0,0.0,0.0
1,1,0.0,1.0,0.0,0.0,0.0,0.0,0.0,0.0,0.0,0.0,0.0,0.0
1,1,0.0,1.0,0.0,0.0,0.0,0.0,0.0,0.0,0.0,0.0,0.0,0.0
1,1,0.0,1.0,0.0,0.0,0.0,0.0,0.0,0.0,0.0,0.0,0.0,0.0
1,1,0.0,1.0,0.0,0.0,0.0,0.0,0.0,0.0,0.0,0.0,0.0,0.0
1,1,0.0,1.0,0.0,0.0,0.0,0.0,0.0,0.0,0.0,0.0,0.0,0.0
1,1,0.0,1.0,0.0,0.0,0.0,0.0,0.0,0.0,0.0,0.0,0.0,0.0
1,1,0.0,1.0,0.0,0.0,0.0,0.0,0.0,0.0,0.0,0.0,0.0,0.0
1,1,0.0,1.0,0.0,0.0,0.0,0.0,0.0,0.0,0.0,0.0,0.0,0.0
1,1,0.0,1.0,0.0,0.0,0.0,0.0,0.0,0.0,0.0,0.0,0.0,0.0
1,1,0.0,1.0,0.0,0.0,0.0,0.0,0.0,0.0,0.0,0.0,0.0,0.0
1,1,0.0,1.0,0.0,0.0,0.0,0.0,0.0,0.0,0.0,0.0,0.0,0.0
1,1,0.0,1.0,0.0,0.0,0.0,0.0,0.0,0.0,0.0,0.0,0.0,0.0
1,1,0.0,1.0,0.0,0.0,0.0,0.0,0.0,0.0,0.0,0.0,0.0,0.0
1,1,0.0,1.0,0.0,0.0,0.0,0.0,0.0,0.0,0.0,0.0,0.0,0.0
1,1,0.0,1.0,0.0,0.0,0.0,0.0,0.0,0.0,0.0,0.0,0.0,0.0
1,1,0.0,1.0,0.0,0.0,0.0,0.0,0.0,0.0,0.0,0.0,0.0,0.0
1,1,0.0,1.0,0.0,0.0,0.0,0.0,0.0,0.0,0.0,0.0,0.0,0.0
1,1,0.0,1.0,0.0,0.0,0.0,0.0,0.0,0.0,0.0,0.0,0.0,0.0
1,1,0.0,1.0,0.0,0.0,0.0,0.0,0.0,0.0,0.0,0.0,0.0,0.0
1,1,0.0,1.0,0.0,0.0,0.0,0.0,0.0,0.0,0.0,0.0,0.0,0.0
1,1,0.0,1.0,0.0,0.0,0.0,0.0,0.0,0.0,0.0,0.0,0.0,0.0
1,1,0.0,1.0,0.0,0.0,0.0,0.0,0.0,0.0,0.0,0.0,0.0,0.0
1,1,0.0,1.0,0.0,0.0,0.0,0.0,0.0,0.0,0.0,0.0,0.0,0.0
1,1,0.0,1.0,0.0,0.0,0.0,0.0,0.0,0.0,0.0,0.0,0.0,0.0
1,1,0.0,1.0,0.0,0.0,0.0,0.0,0.0,0.0,0.0,0.0,0.0,0.0
1,1,0.0,1.0,0.0,0.0,0.0,0.0,0.0,0.0,0.0,0.0,0.0,0.0
1,1,0.0,1.0,0.0,0.0,0.0,0.0,0.0,0.0,0.0,0.0,0.0,0.0
1,1,0.0,1.0,0.0,0.0,0.0,0.0,0.0,0.0,0.0,0.0,0.0,0.0
1,1,0.0,1.0,0.0,0.0,0.0,0.0,0.0,0.0,0.0,0.0,0.0,0.0
1,1,0.0,1.0,0.0,0.0,0.0,0.0,0.0,0.0,0.0,0.0,0.0,0.0
1,1,0.0,1.0,0.0,0.0,0.0,0.0,0.0,0.0,0.0,0.0,0.0,0.0
1,1,0.0,1.0,0.0,0.0,0.0,0.0,0.0,0.0,0.0,0.0,0.0,0.0
1,1,0.0,1.0,0.0,0.0,0.0,0.0,0.0,0.0,0.0,0.0,0.0,0.0
1,1,0.0,1.0,0.0,0.0,0.0,0.0,0.0,0.0,0.0,0.0,0.0,0.0
1,1,0.0,1.0,0.0,0.0,0.0,0.0,0.0,0.0,0.0,0.0,0.0,0.0
1,1,0.0,1.0,0.0,0.0,0.0,0.0,0.0,0.0,0.0,0.0,0.0,0.0
1,1,0.0,1.0,0.0,0.0,0.0,0.0,0.0,0.0,0.0,0.0,0.0,0.0
1,1,0.0,1.0,0.0,0.0,0.0,0.0,0.0,0.0,0.0,0.0,0.0,0.0
1,1,0.0,1.0,0.0,0.0,0.0,0.0,0.0,0.0,0.0,0.0,0.0,0.0
1,1,0.0,1.0,0.0,0.0,0.0,0.0,0.0,0.0,0.0,0.0,0.0,0.0
1,1,0.0,1.0,0.0,0.0,0.0,0.0,0.0,0.0,0.0,0.0,0.0,0.0
1,1,0.0,1.0,0.0,0.0,0.0,0.0,0.0,0.0,0.0,0.0,0.0,0.0
1,1,0.0,1.0,0.0,0.0,0.0,0.0,0.0,0.0,0.0,0.0,0.0,0.0
1,1,0.0,1.0,0.0,0.0,0.0,0.0,0.0,0.0,0.0,0.0,0.0,0.0
1,1,0.0,1.0,0.0,0.0,0.0,0.0,0.0,0.0,0.0,0.0,0.0,0.0
1,1,0.0,1.0,0.0,0.0,0.0,0.0,0.0,0.0,0.0,0.0,0.0,0.0
1,1,0.0,1.0,0.0,0.0,0.0,0.0,0.0,0.0,0.0,0.0,0.0,0.0
1,1,0.0,1.0,0.0,0.0,0.0,0.0,0.0,0.0,0.0,0.0,0.0,0.0
1,1,0.0,1.0,0.0,0.0,0.0,0.0,0.0,0.0,0.0,0.0,0.0,0.0
1,1,0.0,1.0,0.0,0.0,0.0,0.0,0.0,0.0,0.0,0.0,0.0,0.0
1,1,0.0,1.0,0.0,0.0,0.0,0.0,0.0,0.0,0.0,0.0,0.0,0.0
1,1,0.0,1.0,0.0,0.0,0.0,0.0,0.0,0.0,0.0,0.0,0.0,0.0
1,1,0.0,1.0,0.0,0.0,0.0,0.0,0.0,0.0,0.0,0.0,0.0,0.0
1,1,0.0,1.0,0.0,0.0,0.0,0.0,0.0,0.0,0.0,0.0,0.0,0.0
1,1,0.0,1.0,0.0,0.0,0.0,0.0,0.0,0.0,0.0,0.0,0.0,0.0
1,1,0.0,1.0,0.0,0.0,0.0,0.0,0.0,0.0,0.0,0.0,0.0,0.0
1,1,0.0,1.0,0.0,0.0,0.0,0.0,0.0,0.0,0.0,0.0,0.0,0.0
1,1,0.0,1.0,0.0,0.0,0.0,0.0,0.0,0.0,0.0,0.0,0.0,0.0
1,1,0.0,1.0,0.0,0.0,0.0,0.0,0.0,0.0,0.0,0.0,0.0,0.0
1,1,0.0,1.0,0.0,0.0,0.0,0.0,0.0,0.0,0.0,0.0,0.0,0.0
1,1,0.0,1.0,0.0,0.0,0.0,0.0,0.0,0.0,0.0,0.0,0.0,0.0
1,1,0.0,1.0,0.0,0.0,0.0,0.0,0.0,0.0,0.0,0.0,0.0,0.0
1,1,0.0,1.0,0.0,0.0,0.0,0.0,0.0,0.0,0.0,0.0,0.0,0.0
1,1,0.0,1.0,0.0,0.0,0.0,0.0,0.0,0.0,0.0,0.0,0.0,0.0
1,1,0.0,1.0,0.0,0.0,0.0,0.0,0.0,0.0,0.0,0.0,0.0,0.0
1,1,0.0,1.0,0.0,0.0,0.0,0.0,0.0,0.0,0.0,0.0,0.0,0.0
1,1,0.0,1.0,0.0,0.0,0.0,0.0,0.0,0.0,0.0,0.0,0.0,0.0
1,1,0.0,1.0,0.0,0.0,0.0,0.0,0.0,0.0,0.0,0.0,0.0,0.0
1,1,0.0,1.0,0.0,0.0,0.0,0.0,0.0,0.0,0.0,0.0,0.0,0.0
1,1,0.0,1.0,0.0,0.0,0.0,0.0,0.0,0.0,0.0,0.0,0.0,0.0
1,1,0.0,1.0,0.0,0.0,0.0,0.0,0.0,0.0,0.0,0.0,0.0,0.0
1,1,0.0,1.0,0.0,0.0,0.0,0.0,0.0,0.0,0.0,0.0,0.0,0.0
1,1,0.0,1.0,0.0,0.0,0.0,0.0,0.0,0.0,0.0,0.0,0.0,0.0
1,1,0.0,1.0,0.0,0.0,0.0,0.0,0.0,0.0,0.0,0.0,0.0,0.0
1,1,0.0,1.0,0.0,0.0,0.0,0.0,0.0,0.0,0.0,0.0,0.0,0.0
1,1,0.0,1.0,0.0,0.0,0.0,0.0,0.0,0.0,0.0,0.0,0.0,0.0
1,1,0.0,1.0,0.0,0.0,0.0,0.0,0.0,0.0,0.0,0.0,0.0,0.0
1,1,0.0,1.0,0.0,0.0,0.0,0.0,0.0,0.0,0.0,0.0,0.0,0.0
1,1,0.0,1.0,0.0,0.0,0.0,0.0,0.0,0.0,0.0,0.0,0.0,0.0
1,1,0.0,1.0,0.0,0.0,0.0,0.0,0.0,0.0,0.0,0.0,0.0,0.0
1,1,0.0,1.0,0.0,0.0,0.0,0.0,0.0,0.0,0.0,0.0,0.0,0.0
1,1,0.0,1.0,0.0,0.0,0.0,0.0,0.0,0.0,0.0,0.0,0.0,0.0
1,1,0.0,1.0,0.0,0.0,0.0,0.0,0.0,0.0,0.0,0.0,0.0,0.0
1,1,0.0,1.0,0.0,0.0,0.0,0.0,0.0,0.0,0.0,0.0,0.0,0.0
1,1,0.0,1.0,0.0,0.0,0.0,0.0,0.0,0.0,0.0,0.0,0.0,0.0
1,1,0.0,1.0,0.0,0.0,0.0,0.0,0.0,0.0,0.0,0.0,0.0,0.0
1,1,0.0,1.0,0.0,0.0,0.0,0.0,0.0,0.0,0.0,0.0,0.0,0.0
1,1,0.0,1.0,0.0,0.0,0.0,0.0,0.0,0.0,0.0,0.0,0.0,0.0
1,1,0.0,1.0,0.0,0.0,0.0,0.0,0.0,0.0,0.0,0.0,0.0,0.0
1,1,0.0,1.0,0.0,0.0,0.0,0.0,0.0,0.0,0.0,0.0,0.0,0.0
1,1,0.0,1.0,0.0,0.0,0.0,0.0,0.0,0.0,0.0,0.0,0.0,0.0
1,1,0.0,1.0,0.0,0.0,0.0,0.0,0.0,0.0,0.0,0.0,0.0,0.0
1,1,0.0,1.0,0.0,0.0,0.0,0.0,0.0,0.0,0.0,0.0,0.0,0.0
1,1,0.0,1.0,0.0,0.0,0.0,0.0,0.0,0.0,0.0,0.0,0.0,0.0
1,1,0.0,1.0,0.0,0.0,0.0,0.0,0.0,0.0,0.0,0.0,0.0,0.0
1,1,0.0,1.0,0.0,0.0,0.0,0.0,0.0,0.0,0.0,0.0,0.0,0.0
1,1,0.0,1.0,0.0,0.0,0.0,0.0,0.0,0.0,0.0,0.0,0.0,0.0
1,1,0.0,1.0,0.0,0.0,0.0,0.0,0.0,0.0,0.0,0.0,0.0,0.0
1,1,0.0,1.0,0.0,0.0,0.0,0.0,0.0,0.0,0.0,0.0,0.0,0.0
1,1,0.0,1.0,0.0,0.0,0.0,0.0,0.0,0.0,0.0,0.0,0.0,0.0
1,1,0.0,1.0,0.0,0.0,0.0,0.0,0.0,0.0,0.0,0.0,0.0,0.0
1,1,0.0,1.0,0.0,0.0,0.0,0.0,0.0,0.0,0.0,0.0,0.0,0.0
1,1,0.0,1.0,0.0,0.0,0.0,0.0,0.0,0.0,0.0,0.0,0.0,0.0
1,1,0.0,1.0,0.0,0.0,0.0,0.0,0.0,0.0,0.0,0.0,0.0,0.0
1,1,0.0,1.0,0.0,0.0,0.0,0.0,0.0,0.0,0.0,0.0,0.0,0.0
1,1,0.0,1.0,0.0,0.0,0.0,0.0,0.0,0.0,0.0,0.0,0.0,0.0
1,1,0.0,1.0,0.0,0.0,0.0,0.0,0.0,0.0,0.0,0.0,0.0,0.0
1,1,0.0,1.0,0.0,0.0,0.0,0.0,0.0,0.0,0.0,0.0,0.0,0.0
1,1,0.0,1.0,0.0,0.0,0.0,0.0,0.0,0.0,0.0,0.0,0.0,0.0
1,1,0.0,1.0,0.0,0.0,0.0,0.0,0.0,0.0,0.0,0.0,0.0,0.0
1,1,0.0,1.0,0.0,0.0,0.0,0.0,0.0,0.0,0.0,0.0,0.0,0.0
1,1,0.0,1.0,0.0,0.0,0.0,0.0,0.0,0.0,0.0,0.0,0.0,0.0
1,1,0.0,1.0,0.0,0.0,0.0,0.0,0.0,0.0,0.0,0.0,0.0,0.0
1,1,0.0,1.0,0.0,0.0,0.0,0.0,0.0,0.0,0.0,0.0,0.0,0.0
1,1,0.0,1.0,0.0,0.0,0.0,0.0,0.0,0.0,0.0,0.0,0.0,0.0
1,1,0.0,1.0,0.0,0.0,0.0,0.0,0.0,0.0,0.0,0.0,0.0,0.0
1,1,0.0,1.0,0.0,0.0,0.0,0.0,0.0,0.0,0.0,0.0,0.0,0.0
1,1,0.0,1.0,0.0,0.0,0.0,0.0,0.0,0.0,0.0,0.0,0.0,0.0
1,1,0.0,1.0,0.0,0.0,0.0,0.0,0.0,0.0,0.0,0.0,0.0,0.0
1,1,0.0,1.0,0.0,0.0,0.0,0.0,0.0,0.0,0.0,0.0,0.0,0.0
1,1,0.0,1.0,0.0,0.0,0.0,0.0,0.0,0.0,0.0,0.0,0.0,0.0
1,1,0.0,1.0,0.0,0.0,0.0,0.0,0.0,0.0,0.0,0.0,0.0,0.0
1,1,0.0,1.0,0.0,0.0,0.0,0.0,0.0,0.0,0.0,0.0,0.0,0.0
1,1,0.0,1.0,0.0,0.0,0.0,0.0,0.0,0.0,0.0,0.0,0.0,0.0
1,1,0.0,1.0,0.0,0.0,0.0,0.0,0.0,0.0,0.0,0.0,0.0,0.0
1,1,0.0,1.0,0.0,0.0,0.0,0.0,0.0,0.0,0.0,0.0,0.0,0.0
1,1,0.0,1.0,0.0,0.0,0.0,0.0,0.0,0.0,0.0,0.0,0.0,0.0
1,1,0.0,1.0,0.0,0.0,0.0,0.0,0.0,0.0,0.0,0.0,0.0,0.0
1,1,0.0,1.0,0.0,0.0,0.0,0.0,0.0,0.0,0.0,0.0,0.0,0.0
1,1,0.0,1.0,0.0,0.0,0.0,0.0,0.0,0.0,0.0,0.0,0.0,0.0
1,1,0.0,1.0,0.0,0.0,0.0,0.0,0.0,0.0,0.0,0.0,0.0,0.0
1,1,0.0,1.0,0.0,0.0,0.0,0.0,0.0,0.0,0.0,0.0,0.0,0.0
1,1,0.0,1.0,0.0,0.0,0.0,0.0,0.0,0.0,0.0,0.0,0.0,0.0
1,1,0.0,1.0,0.0,0.0,0.0,0.0,0.0,0.0,0.0,0.0,0.0,0.0
1,1,0.0,1.0,0.0,0.0,0.0,0.0,0.0,0.0,0.0,0.0,0.0,0.0
1,1,0.0,1.0,0.0,0.0,0.0,0.0,0.0,0.0,0.0,0.0,0.0,0.0
1,1,0.0,1.0,0.0,0.0,0.0,0.0,0.0,0.0,0.0,0.0,0.0,0.0
1,1,0.0,1.0,0.0,0.0,0.0,0.0,0.0,0.0,0.0,0.0,0.0,0.0
1,1,0.0,1.0,0.0,0.0,0.0,0.0,0.0,0.0,0.0,0.0,0.0,0.0
1,1,0.0,1.0,0.0,0.0,0.0,0.0,0.0,0.0,0.0,0.0,0.0,0.0
1,1,0.0,1.0,0.0,0.0,0.0,0.0,0.0,0.0,0.0,0.0,0.0,0.0
1,1,0.0,1.0,0.0,0.0,0.0,0.0,0.0,0.0,0.0,0.0,0.0,0.0
1,1,0.0,1.0,0.0,0.0,0.0,0.0,0.0,0.0,0.0,0.0,0.0,0.0
1,1,0.0,1.0,0.0,0.0,0.0,0.0,0.0,0.0,0.0,0.0,0.0,0.0
1,1,0.0,1.0,0.0,0.0,0.0,0.0,0.0,0.0,0.0,0.0,0.0,0.0
1,1,0.0,1.0,0.0,0.0,0.0,0.0,0.0,0.0,0.0,0.0,0.0,0.0
1,1,0.0,1.0,0.0,0.0,0.0,0.0,0.0,0.0,0.0,0.0,0.0,0.0
1,1,0.0,1.0,0.0,0.0,0.0,0.0,0.0,0.0,0.0,0.0,0.0,0.0
1,1,0.0,1.0,0.0,0.0,0.0,0.0,0.0,0.0,0.0,0.0,0.0,0.0
1,1,0.0,1.0,0.0,0.0,0.0,0.0,0.0,0.0,0.0,0.0,0.0,0.0
1,1,0.0,1.0,0.0,0.0,0.0,0.0,0.0,0.0,0.0,0.0,0.0,0.0
1,1,0.0,1.0,0.0,0.0,0.0,0.0,0.0,0.0,0.0,0.0,0.0,0.0
1,1,0.0,1.0,0.0,0.0,0.0,0.0,0.0,0.0,0.0,0.0,0.0,0.0
1,1,0.0,1.0,0.0,0.0,0.0,0.0,0.0,0.0,0.0,0.0,0.0,0.0
1,1,0.0,1.0,0.0,0.0,0.0,0.0,0.0,0.0,0.0,0.0,0.0,0.0
1,1,0.0,1.0,0.0,0.0,0.0,0.0,0.0,0.0,0.0,0.0,0.0,0.0
1,1,0.0,1.0,0.0,0.0,0.0,0.0,0.0,0.0,0.0,0.0,0.0,0.0
1,1,0.0,1.0,0.0,0.0,0.0,0.0,0.0,0.0,0.0,0.0,0.0,0.0
1,1,0.0,1.0,0.0,0.0,0.0,0.0,0.0,0.0,0.0,0.0,0.0,0.0
1,1,0.0,1.0,0.0,0.0,0.0,0.0,0.0,0.0,0.0,0.0,0.0,0.0
1,1,0.0,1.0,0.0,0.0,0.0,0.0,0.0,0.0,0.0,0.0,0.0,0.0
1,1,0.0,1.0,0.0,0.0,0.0,0.0,0.0,0.0,0.0,0.0,0.0,0.0
1,1,0.0,1.0,0.0,0.0,0.0,0.0,0.0,0.0,0.0,0.0,0.0,0.0
1,1,0.0,1.0,0.0,0.0,0.0,0.0,0.0,0.0,0.0,0.0,0.0,0.0
1,1,0.0,1.0,0.0,0.0,0.0,0.0,0.0,0.0,0.0,0.0,0.0,0.0
1,1,0.0,1.0,0.0,0.0,0.0,0.0,0.0,0.0,0.0,0.0,0.0,0.0
1,1,0.0,1.0,0.0,0.0,0.0,0.0,0.0,0.0,0.0,0.0,0.0,0.0
1,1,0.0,1.0,0.0,0.0,0.0,0.0,0.0,0.0,0.0,0.0,0.0,0.0
1,1,0.0,1.0,0.0,0.0,0.0,0.0,0.0,0.0,0.0,0.0,0.0,0.0
1,1,0.0,1.0,0.0,0.0,0.0,0.0,0.0,0.0,0.0,0.0,0.0,0.0
1,1,0.0,1.0,0.0,0.0,0.0,0.0,0.0,0.0,0.0,0.0,0.0,0.0
1,1,0.0,1.0,0.0,0.0,0.0,0.0,0.0,0.0,0.0,0.0,0.0,0.0
1,1,0.0,1.0,0.0,0.0,0.0,0.0,0.0,0.0,0.0,0.0,0.0,0.0
1,1,0.0,1.0,0.0,0.0,0.0,0.0,0.0,0.0,0.0,0.0,0.0,0.0
1,1,0.0,1.0,0.0,0.0,0.0,0.0,0.0,0.0,0.0,0.0,0.0,0.0
1,1,0.0,1.0,0.0,0.0,0.0,0.0,0.0,0.0,0.0,0.0,0.0,0.0
1,1,0.0,1.0,0.0,0.0,0.0,0.0,0.0,0.0,0.0,0.0,0.0,0.0
1,1,0.0,1.0,0.0,0.0,0.0,0.0,0.0,0.0,0.0,0.0,0.0,0.0
1,1,0.0,1.0,0.0,0.0,0.0,0.0,0.0,0.0,0.0,0.0,0.0,0.0
1,1,0.0,1.0,0.0,0.0,0.0,0.0,0.0,0.0,0.0,0.0,0.0,0.0
1,1,0.0,1.0,0.0,0.0,0.0,0.0,0.0,0.0,0.0,0.0,0.0,0.0
1,1,0.0,1.0,0.0,0.0,0.0,0.0,0.0,0.0,0.0,0.0,0.0,0.0
1,1,0.0,1.0,0.0,0.0,0.0,0.0,0.0,0.0,0.0,0.0,0.0,0.0
1,1,0.0,1.0,0.0,0.0,0.0,0.0,0.0,0.0,0.0,0.0,0.0,0.0
1,1,0.0,1.0,0.0,0.0,0.0,0.0,0.0,0.0,0.0,0.0,0.0,0.0
1,1,0.0,1.0,0.0,0.0,0.0,0.0,0.0,0.0,0.0,0.0,0.0,0.0
1,1,0.0,1.0,0.0,0.0,0.0,0.0,0.0,0.0,0.0,0.0,0.0,0.0
1,1,0.0,1.0,0.0,0.0,0.0,0.0,0.0,0.0,0.0,0.0,0.0,0.0
1,1,0.0,1.0,0.0,0.0,0.0,0.0,0.0,0.0,0.0,0.0,0.0,0.0
1,1,0.0,1.0,0.0,0.0,0.0,0.0,0.0,0.0,0.0,0.0,0.0,0.0
1,1,0.0,1.0,0.0,0.0,0.0,0.0,0.0,0.0,0.0,0.0,0.0,0.0
1,1,0.0,1.0,0.0,0.0,0.0,0.0,0.0,0.0,0.0,0.0,0.0,0.0
1,1,0.0,1.0,0.0,0.0,0.0,0.0,0.0,0.0,0.0,0.0,0.0,0.0
1,1,0.0,1.0,0.0,0.0,0.0,0.0,0.0,0.0,0.0,0.0,0.0,0.0
1,1,0.0,1.0,0.0,0.0,0.0,0.0,0.0,0.0,0.0,0.0,0.0,0.0
1,1,0.0,1.0,0.0,0.0,0.0,0.0,0.0,0.0,0.0,0.0,0.0,0.0
1,1,0.0,1.0,0.0,0.0,0.0,0.0,0.0,0.0,0.0,0.0,0.0,0.0
1,1,0.0,1.0,0.0,0.0,0.0,0.0,0.0,0.0,0.0,0.0,0.0,0.0
1,1,0.0,1.0,0.0,0.0,0.0,0.0,0.0,0.0,0.0,0.0,0.0,0.0
1,1,0.0,1.0,0.0,0.0,0.0,0.0,0.0,0.0,0.0,0.0,0.0,0.0
1,1,0.0,1.0,0.0,0.0,0.0,0.0,0.0,0.0,0.0,0.0,0.0,0.0
1,1,0.0,1.0,0.0,0.0,0.0,0.0,0.0,0.0,0.0,0.0,0.0,0.0
1,1,0.0,1.0,0.0,0.0,0.0,0.0,0.0,0.0,0.0,0.0,0.0,0.0
1,1,0.0,1.0,0.0,0.0,0.0,0.0,0.0,0.0,0.0,0.0,0.0,0.0
1,1,0.0,1.0,0.0,0.0,0.0,0.0,0.0,0.0,0.0,0.0,0.0,0.0
1,1,0.0,1.0,0.0,0.0,0.0,0.0,0.0,0.0,0.0,0.0,0.0,0.0
1,1,0.0,1.0,0.0,0.0,0.0,0.0,0.0,0.0,0.0,0.0,0.0,0.0
1,1,0.0,1.0,0.0,0.0,0.0,0.0,0.0,0.0,0.0,0.0,0.0,0.0
1,1,0.0,1.0,0.0,0.0,0.0,0.0,0.0,0.0,0.0,0.0,0.0,0.0
1,1,0.0,1.0,0.0,0.0,0.0,0.0,0.0,0.0,0.0,0.0,0.0,0.0
1,1,0.0,1.0,0.0,0.0,0.0,0.0,0.0,0.0,0.0,0.0,0.0,0.0
1,1,0.0,1.0,0.0,0.0,0.0,0.0,0.0,0.0,0.0,0.0,0.0,0.0
1,1,0.0,1.0,0.0,0.0,0.0,0.0,0.0,0.0,0.0,0.0,0.0,0.0
1,1,0.0,1.0,0.0,0.0,0.0,0.0,0.0,0.0,0.0,0.0,0.0,0.0
1,1,0.0,1.0,0.0,0.0,0.0,0.0,0.0,0.0,0.0,0.0,0.0,0.0
1,1,0.0,1.0,0.0,0.0,0.0,0.0,0.0,0.0,0.0,0.0,0.0,0.0
1,1,0.0,1.0,0.0,0.0,0.0,0.0,0.0,0.0,0.0,0.0,0.0,0.0
1,1,0.0,1.0,0.0,0.0,0.0,0.0,0.0,0.0,0.0,0.0,0.0,0.0
1,1,0.0,1.0,0.0,0.0,0.0,0.0,0.0,0.0,0.0,0.0,0.0,0.0
1,1,0.0,1.0,0.0,0.0,0.0,0.0,0.0,0.0,0.0,0.0,0.0,0.0
1,1,0.0,1.0,0.0,0.0,0.0,0.0,0.0,0.0,0.0,0.0,0.0,0.0
1,1,0.0,1.0,0.0,0.0,0.0,0.0,0.0,0.0,0.0,0.0,0.0,0.0
1,1,0.0,1.0,0.0,0.0,0.0,0.0,0.0,0.0,0.0,0.0,0.0,0.0
1,1,0.0,1.0,0.0,0.0,0.0,0.0,0.0,0.0,0.0,0.0,0.0,0.0
1,1,0.0,1.0,0.0,0.0,0.0,0.0,0.0,0.0,0.0,0.0,0.0,0.0
1,1,0.0,1.0,0.0,0.0,0.0,0.0,0.0,0.0,0.0,0.0,0.0,0.0
1,1,0.0,1.0,0.0,0.0,0.0,0.0,0.0,0.0,0.0,0.0,0.0,0.0
1,1,0.0,1.0,0.0,0.0,0.0,0.0,0.0,0.0,0.0,0.0,0.0,0.0
1,1,0.0,1.0,0.0,0.0,0.0,0.0,0.0,0.0,0.0,0.0,0.0,0.0
1,1,0.0,1.0,0.0,0.0,0.0,0.0,0.0,0.0,0.0,0.0,0.0,0.0
1,1,0.0,1.0,0.0,0.0,0.0,0.0,0.0,0.0,0.0,0.0,0.0,0.0
1,1,0.0,1.0,0.0,0.0,0.0,0.0,0.0,0.0,0.0,0.0,0.0,0.0
1,1,0.0,1.0,0.0,0.0,0.0,0.0,0.0,0.0,0.0,0.0,0.0,0.0
1,1,0.0,1.0,0.0,0.0,0.0,0.0,0.0,0.0,0.0,0.0,0.0,0.0
1,1,0.0,1.0,0.0,0.0,0.0,0.0,0.0,0.0,0.0,0.0,0.0,0.0
1,1,0.0,1.0,0.0,0.0,0.0,0.0,0.0,0.0,0.0,0.0,0.0,0.0
1,1,0.0,1.0,0.0,0.0,0.0,0.0,0.0,0.0,0.0,0.0,0.0,0.0
1,1,0.0,1.0,0.0,0.0,0.0,0.0,0.0,0.0,0.0,0.0,0.0,0.0
1,1,0.0,1.0,0.0,0.0,0.0,0.0,0.0,0.0,0.0,0.0,0.0,0.0
1,1,0.0,1.0,0.0,0.0,0.0,0.0,0.0,0.0,0.0,0.0,0.0,0.0
1,1,0.0,1.0,0.0,0.0,0.0,0.0,0.0,0.0,0.0,0.0,0.0,0.0
1,1,0.0,1.0,0.0,0.0,0.0,0.0,0.0,0.0,0.0,0.0,0.0,0.0
1,1,0.0,1.0,0.0,0.0,0.0,0.0,0.0,0.0,0.0,0.0,0.0,0.0
1,1,0.0,1.0,0.0,0.0,0.0,0.0,0.0,0.0,0.0,0.0,0.0,0.0
1,1,0.0,1.0,0.0,0.0,0.0,0.0,0.0,0.0,0.0,0.0,0.0,0.0
1,1,0.0,1.0,0.0,0.0,0.0,0.0,0.0,0.0,0.0,0.0,0.0,0.0
1,1,0.0,1.0,0.0,0.0,0.0,0.0,0.0,0.0,0.0,0.0,0.0,0.0
1,1,0.0,1.0,0.0,0.0,0.0,0.0,0.0,0.0,0.0,0.0,0.0,0.0
1,1,0.0,1.0,0.0,0.0,0.0,0.0,0.0,0.0,0.0,0.0,0.0,0.0
1,1,0.0,1.0,0.0,0.0,0.0,0.0,0.0,0.0,0.0,0.0,0.0,0.0
1,1,0.0,1.0,0.0,0.0,0.0,0.0,0.0,0.0,0.0,0.0,0.0,0.0
1,1,0.0,1.0,0.0,0.0,0.0,0.0,0.0,0.0,0.0,0.0,0.0,0.0
1,1,0.0,1.0,0.0,0.0,0.0,0.0,0.0,0.0,0.0,0.0,0.0,0.0
1,1,0.0,1.0,0.0,0.0,0.0,0.0,0.0,0.0,0.0,0.0,0.0,0.0
1,1,0.0,1.0,0.0,0.0,0.0,0.0,0.0,0.0,0.0,0.0,0.0,0.0
1,1,0.0,1.0,0.0,0.0,0.0,0.0,0.0,0.0,0.0,0.0,0.0,0.0
1,1,0.0,1.0,0.0,0.0,0.0,0.0,0.0,0.0,0.0,0.0,0.0,0.0
1,1,0.0,1.0,0.0,0.0,0.0,0.0,0.0,0.0,0.0,0.0,0.0,0.0
1,1,0.0,1.0,0.0,0.0,0.0,0.0,0.0,0.0,0.0,0.0,0.0,0.0
1,1,0.0,1.0,0.0,0.0,0.0,0.0,0.0,0.0,0.0,0.0,0.0,0.0
1,1,0.0,1.0,0.0,0.0,0.0,0.0,0.0,0.0,0.0,0.0,0.0,0.0
1,1,0.0,1.0,0.0,0.0,0.0,0.0,0.0,0.0,0.0,0.0,0.0,0.0
1,1,0.0,1.0,0.0,0.0,0.0,0.0,0.0,0.0,0.0,0.0,0.0,0.0
1,1,0.0,1.0,0.0,0.0,0.0,0.0,0.0,0.0,0.0,0.0,0.0,0.0
1,1,0.0,1.0,0.0,0.0,0.0,0.0,0.0,0.0,0.0,0.0,0.0,0.0
1,1,0.0,1.0,0.0,0.0,0.0,0.0,0.0,0.0,0.0,0.0,0.0,0.0
1,1,0.0,1.0,0.0,0.0,0.0,0.0,0.0,0.0,0.0,0.0,0.0,0.0
1,1,0.0,1.0,0.0,0.0,0.0,0.0,0.0,0.0,0.0,0.0,0.0,0.0
1,1,0.0,1.0,0.0,0.0,0.0,0.0,0.0,0.0,0.0,0.0,0.0,0.0
1,1,0.0,1.0,0.0,0.0,0.0,0.0,0.0,0.0,0.0,0.0,0.0,0.0
1,1,0.0,1.0,0.0,0.0,0.0,0.0,0.0,0.0,0.0,0.0,0.0,0.0
1,1,0.0,1.0,0.0,0.0,0.0,0.0,0.0,0.0,0.0,0.0,0.0,0.0
1,1,0.0,1.0,0.0,0.0,0.0,0.0,0.0,0.0,0.0,0.0,0.0,0.0
1,1,0.0,1.0,0.0,0.0,0.0,0.0,0.0,0.0,0.0,0.0,0.0,0.0
1,1,0.0,1.0,0.0,0.0,0.0,0.0,0.0,0.0,0.0,0.0,0.0,0.0
1,1,0.0,1.0,0.0,0.0,0.0,0.0,0.0,0.0,0.0,0.0,0.0,0.0
1,1,0.0,1.0,0.0,0.0,0.0,0.0,0.0,0.0,0.0,0.0,0.0,0.0
1,1,0.0,1.0,0.0,0.0,0.0,0.0,0.0,0.0,0.0,0.0,0.0,0.0
1,1,0.0,1.0,0.0,0.0,0.0,0.0,0.0,0.0,0.0,0.0,0.0,0.0
1,1,0.0,1.0,0.0,0.0,0.0,0.0,0.0,0.0,0.0,0.0,0.0,0.0
1,1,0.0,1.0,0.0,0.0,0.0,0.0,0.0,0.0,0.0,0.0,0.0,0.0
1,1,0.0,1.0,0.0,0.0,0.0,0.0,0.0,0.0,0.0,0.0,0.0,0.0
1,1,0.0,1.0,0.0,0.0,0.0,0.0,0.0,0.0,0.0,0.0,0.0,0.0
1,1,0.0,1.0,0.0,0.0,0.0,0.0,0.0,0.0,0.0,0.0,0.0,0.0
1,1,0.0,1.0,0.0,0.0,0.0,0.0,0.0,0.0,0.0,0.0,0.0,0.0
1,1,0.0,1.0,0.0,0.0,0.0,0.0,0.0,0.0,0.0,0.0,0.0,0.0
1,1,0.0,1.0,0.0,0.0,0.0,0.0,0.0,0.0,0.0,0.0,0.0,0.0
1,1,0.0,1.0,0.0,0.0,0.0,0.0,0.0,0.0,0.0,0.0,0.0,0.0
1,1,0.0,1.0,0.0,0.0,0.0,0.0,0.0,0.0,0.0,0.0,0.0,0.0
1,1,0.0,1.0,0.0,0.0,0.0,0.0,0.0,0.0,0.0,0.0,0.0,0.0
1,1,0.0,1.0,0.0,0.0,0.0,0.0,0.0,0.0,0.0,0.0,0.0,0.0
1,1,0.0,1.0,0.0,0.0,0.0,0.0,0.0,0.0,0.0,0.0,0.0,0.0
1,1,0.0,1.0,0.0,0.0,0.0,0.0,0.0,0.0,0.0,0.0,0.0,0.0
1,1,0.0,1.0,0.0,0.0,0.0,0.0,0.0,0.0,0.0,0.0,0.0,0.0
1,1,0.0,1.0,0.0,0.0,0.0,0.0,0.0,0.0,0.0,0.0,0.0,0.0
1,1,0.0,1.0,0.0,0.0,0.0,0.0,0.0,0.0,0.0,0.0,0.0,0.0
1,1,0.0,1.0,0.0,0.0,0.0,0.0,0.0,0.0,0.0,0.0,0.0,0.0
1,1,0.0,1.0,0.0,0.0,0.0,0.0,0.0,0.0,0.0,0.0,0.0,0.0
1,1,0.0,1.0,0.0,0.0,0.0,0.0,0.0,0.0,0.0,0.0,0.0,0.0
1,1,0.0,1.0,0.0,0.0,0.0,0.0,0.0,0.0,0.0,0.0,0.0,0.0
1,1,0.0,1.0,0.0,0.0,0.0,0.0,0.0,0.0,0.0,0.0,0.0,0.0
1,1,0.0,1.0,0.0,0.0,0.0,0.0,0.0,0.0,0.0,0.0,0.0,0.0
1,1,0.0,1.0,0.0,0.0,0.0,0.0,0.0,0.0,0.0,0.0,0.0,0.0
1,1,0.0,1.0,0.0,0.0,0.0,0.0,0.0,0.0,0.0,0.0,0.0,0.0
1,1,0.0,1.0,0.0,0.0,0.0,0.0,0.0,0.0,0.0,0.0,0.0,0.0
1,1,0.0,1.0,0.0,0.0,0.0,0.0,0.0,0.0,0.0,0.0,0.0,0.0
1,1,0.0,1.0,0.0,0.0,0.0,0.0,0.0,0.0,0.0,0.0,0.0,0.0
1,1,0.0,1.0,0.0,0.0,0.0,0.0,0.0,0.0,0.0,0.0,0.0,0.0
1,1,0.0,1.0,0.0,0.0,0.0,0.0,0.0,0.0,0.0,0.0,0.0,0.0
1,1,0.0,1.0,0.0,0.0,0.0,0.0,0.0,0.0,0.0,0.0,0.0,0.0
1,1,0.0,1.0,0.0,0.0,0.0,0.0,0.0,0.0,0.0,0.0,0.0,0.0
1,1,0.0,1.0,0.0,0.0,0.0,0.0,0.0,0.0,0.0,0.0,0.0,0.0
1,1,0.0,1.0,0.0,0.0,0.0,0.0,0.0,0.0,0.0,0.0,0.0,0.0
1,1,0.0,1.0,0.0,0.0,0.0,0.0,0.0,0.0,0.0,0.0,0.0,0.0
1,1,0.0,1.0,0.0,0.0,0.0,0.0,0.0,0.0,0.0,0.0,0.0,0.0
1,1,0.0,1.0,0.0,0.0,0.0,0.0,0.0,0.0,0.0,0.0,0.0,0.0
1,1,0.0,1.0,0.0,0.0,0.0,0.0,0.0,0.0,0.0,0.0,0.0,0.0
1,1,0.0,1.0,0.0,0.0,0.0,0.0,0.0,0.0,0.0,0.0,0.0,0.0
1,1,0.0,1.0,0.0,0.0,0.0,0.0,0.0,0.0,0.0,0.0,0.0,0.0
1,1,0.0,1.0,0.0,0.0,0.0,0.0,0.0,0.0,0.0,0.0,0.0,0.0
1,1,0.0,1.0,0.0,0.0,0.0,0.0,0.0,0.0,0.0,0.0,0.0,0.0
1,1,0.0,1.0,0.0,0.0,0.0,0.0,0.0,0.0,0.0,0.0,0.0,0.0
1,1,0.0,1.0,0.0,0.0,0.0,0.0,0.0,0.0,0.0,0.0,0.0,0.0
1,1,0.0,1.0,0.0,0.0,0.0,0.0,0.0,0.0,0.0,0.0,0.0,0.0
1,1,0.0,1.0,0.0,0.0,0.0,0.0,0.0,0.0,0.0,0.0,0.0,0.0
1,1,0.0,1.0,0.0,0.0,0.0,0.0,0.0,0.0,0.0,0.0,0.0,0.0
1,1,0.0,1.0,0.0,0.0,0.0,0.0,0.0,0.0,0.0,0.0,0.0,0.0
1,1,0.0,1.0,0.0,0.0,0.0,0.0,0.0,0.0,0.0,0.0,0.0,0.0
1,1,0.0,1.0,0.0,0.0,0.0,0.0,0.0,0.0,0.0,0.0,0.0,0.0
1,1,0.0,1.0,0.0,0.0,0.0,0.0,0.0,0.0,0.0,0.0,0.0,0.0
1,1,0.0,1.0,0.0,0.0,0.0,0.0,0.0,0.0,0.0,0.0,0.0,0.0
1,1,0.0,1.0,0.0,0.0,0.0,0.0,0.0,0.0,0.0,0.0,0.0,0.0
1,1,0.0,1.0,0.0,0.0,0.0,0.0,0.0,0.0,0.0,0.0,0.0,0.0
1,1,0.0,1.0,0.0,0.0,0.0,0.0,0.0,0.0,0.0,0.0,0.0,0.0
1,1,0.0,1.0,0.0,0.0,0.0,0.0,0.0,0.0,0.0,0.0,0.0,0.0
1,1,0.0,1.0,0.0,0.0,0.0,0.0,0.0,0.0,0.0,0.0,0.0,0.0
1,1,0.0,1.0,0.0,0.0,0.0,0.0,0.0,0.0,0.0,0.0,0.0,0.0
1,1,0.0,1.0,0.0,0.0,0.0,0.0,0.0,0.0,0.0,0.0,0.0,0.0
1,1,0.0,1.0,0.0,0.0,0.0,0.0,0.0,0.0,0.0,0.0,0.0,0.0
1,1,0.0,1.0,0.0,0.0,0.0,0.0,0.0,0.0,0.0,0.0,0.0,0.0
1,1,0.0,1.0,0.0,0.0,0.0,0.0,0.0,0.0,0.0,0.0,0.0,0.0
1,1,0.0,1.0,0.0,0.0,0.0,0.0,0.0,0.0,0.0,0.0,0.0,0.0
1,1,0.0,1.0,0.0,0.0,0.0,0.0,0.0,0.0,0.0,0.0,0.0,0.0
1,1,0.0,1.0,0.0,0.0,0.0,0.0,0.0,0.0,0.0,0.0,0.0,0.0
1,1,0.0,1.0,0.0,0.0,0.0,0.0,0.0,0.0,0.0,0.0,0.0,0.0
1,1,0.0,1.0,0.0,0.0,0.0,0.0,0.0,0.0,0.0,0.0,0.0,0.0
1,1,0.0,1.0,0.0,0.0,0.0,0.0,0.0,0.0,0.0,0.0,0.0,0.0
1,1,0.0,1.0,0.0,0.0,0.0,0.0,0.0,0.0,0.0,0.0,0.0,0.0
1,1,0.0,1.0,0.0,0.0,0.0,0.0,0.0,0.0,0.0,0.0,0.0,0.0
1,1,0.0,1.0,0.0,0.0,0.0,0.0,0.0,0.0,0.0,0.0,0.0,0.0
1,1,0.0,1.0,0.0,0.0,0.0,0.0,0.0,0.0,0.0,0.0,0.0,0.0
1,1,0.0,1.0,0.0,0.0,0.0,0.0,0.0,0.0,0.0,0.0,0.0,0.0
1,1,0.0,1.0,0.0,0.0,0.0,0.0,0.0,0.0,0.0,0.0,0.0,0.0
1,1,0.0,1.0,0.0,0.0,0.0,0.0,0.0,0.0,0.0,0.0,0.0,0.0
1,1,0.0,1.0,0.0,0.0,0.0,0.0,0.0,0.0,0.0,0.0,0.0,0.0
1,1,0.0,1.0,0.0,0.0,0.0,0.0,0.0,0.0,0.0,0.0,0.0,0.0
1,1,0.0,1.0,0.0,0.0,0.0,0.0,0.0,0.0,0.0,0.0,0.0,0.0
1,1,0.0,1.0,0.0,0.0,0.0,0.0,0.0,0.0,0.0,0.0,0.0,0.0
1,1,0.0,1.0,0.0,0.0,0.0,0.0,0.0,0.0,0.0,0.0,0.0,0.0
1,1,0.015625,0.984375,0.0,0.0,0.0,0.0,0.0,0.0,0.0,0.0,0.0,0.0
1,1,0.015625,0.984375,0.0,0.0,0.0,0.0,0.0,0.0,0.0,0.0,0.0,0.0
1,1,0.015625,0.984375,0.0,0.0,0.0,0.0,0.0,0.0,0.0,0.0,0.0,0.0
1,1,0.015625,0.984375,0.0,0.0,0.0,0.0,0.0,0.0,0.0,0.0,0.0,0.0
1,1,0.015625,0.984375,0.0,0.0,0.0,0.0,0.0,0.0,0.0,0.0,0.0,0.0
1,1,0.015625,0.984375,0.0,0.0,0.0,0.0,0.0,0.0,0.0,0.0,0.0,0.0
1,1,0.015625,0.984375,0.0,0.0,0.0,0.0,0.0,0.0,0.0,0.0,0.0,0.0
1,1,0.015625,0.984375,0.0,0.0,0.0,0.0,0.0,0.0,0.0,0.0,0.0,0.0
1,1,0.015625,0.984375,0.0,0.0,0.0,0.0,0.0,0.0,0.0,0.0,0.0,0.0
1,1,0.015625,0.984375,0.0,0.0,0.0,0.0,0.0,0.0,0.0,0.0,0.0,0.0
1,1,0.015625,0.984375,0.0,0.0,0.0,0.0,0.0,0.0,0.0,0.0,0.0,0.0
1,1,0.015625,0.984375,0.0,0.0,0.0,0.0,0.0,0.0,0.0,0.0,0.0,0.0
1,1,0.015625,0.984375,0.0,0.0,0.0,0.0,0.0,0.0,0.0,0.0,0.0,0.0
1,1,0.015625,0.984375,0.0,0.0,0.0,0.0,0.0,0.0,0.0,0.0,0.0,0.0
1,1,0.015625,0.984375,0.0,0.0,0.0,0.0,0.0,0.0,0.0,0.0,0.0,0.0
1,1,0.015625,0.984375,0.0,0.0,0.0,0.0,0.0,0.0,0.0,0.0,0.0,0.0
1,1,0.015625,0.984375,0.0,0.0,0.0,0.0,0.0,0.0,0.0,0.0,0.0,0.0
1,1,0.015625,0.984375,0.0,0.0,0.0,0.0,0.0,0.0,0.0,0.0,0.0,0.0
1,1,0.015625,0.984375,0.0,0.0,0.0,0.0,0.0,0.0,0.0,0.0,0.0,0.0
1,1,0.015625,0.984375,0.0,0.0,0.0,0.0,0.0,0.0,0.0,0.0,0.0,0.0
1,1,0.015625,0.984375,0.0,0.0,0.0,0.0,0.0,0.0,0.0,0.0,0.0,0.0
1,1,0.015625,0.984375,0.0,0.0,0.0,0.0,0.0,0.0,0.0,0.0,0.0,0.0
1,1,0.015625,0.984375,0.0,0.0,0.0,0.0,0.0,0.0,0.0,0.0,0.0,0.0
1,1,0.015625,0.984375,0.0,0.0,0.0,0.0,0.0,0.0,0.0,0.0,0.0,0.0
1,1,0.015625,0.984375,0.0,0.0,0.0,0.0,0.0,0.0,0.0,0.0,0.0,0.0
1,1,0.015625,0.984375,0.0,0.0,0.0,0.0,0.0,0.0,0.0,0.0,0.0,0.0
1,1,0.015625,0.984375,0.0,0.0,0.0,0.0,0.0,0.0,0.0,0.0,0.0,0.0
1,1,0.015625,0.984375,0.0,0.0,0.0,0.0,0.0,0.0,0.0,0.0,0.0,0.0
1,1,0.015625,0.984375,0.0,0.0,0.0,0.0,0.0,0.0,0.0,0.0,0.0,0.0
1,1,0.015625,0.984375,0.0,0.0,0.0,0.0,0.0,0.0,0.0,0.0,0.0,0.0
1,1,0.03125,0.96875,0.0,0.0,0.0,0.0,0.0,0.0,0.0,0.0,0.0,0.0
1,1,0.03125,0.96875,0.0,0.0,0.0,0.0,0.0,0.0,0.0,0.0,0.0,0.0
1,1,0.03125,0.96875,0.0,0.0,0.0,0.0,0.0,0.0,0.0,0.0,0.0,0.0
1,1,0.03125,0.96875,0.0,0.0,0.0,0.0,0.0,0.0,0.0,0.0,0.0,0.0
1,1,0.03125,0.96875,0.0,0.0,0.0,0.0,0.0,0.0,0.0,0.0,0.0,0.0
1,1,0.03125,0.96875,0.0,0.0,0.0,0.0,0.0,0.0,0.0,0.0,0.0,0.0
1,1,0.03125,0.96875,0.0,0.0,0.0,0.0,0.0,0.0,0.0,0.0,0.0,0.0
1,1,0.03125,0.96875,0.0,0.0,0.0,0.0,0.0,0.0,0.0,0.0,0.0,0.0
1,1,0.03125,0.96875,0.0,0.0,0.0,0.0,0.0,0.0,0.0,0.0,0.0,0.0
1,1,0.03125,0.96875,0.0,0.0,0.0,0.0,0.0,0.0,0.0,0.0,0.0,0.0
1,1,0.03125,0.96875,0.0,0.0,0.0,0.0,0.0,0.0,0.0,0.0,0.0,0.0
1,1,0.03125,0.96875,0.0,0.0,0.0,0.0,0.0,0.0,0.0,0.0,0.0,0.0
1,1,0.046875,0.953125,0.0,0.0,0.0,0.0,0.0,0.0,0.0,0.0,0.0,0.0
1,1,0.046875,0.953125,0.0,0.0,0.0,0.0,0.0,0.0,0.0,0.0,0.0,0.0
1,1,0.046875,0.953125,0.0,0.0,0.0,0.0,0.0,0.0,0.0,0.0,0.0,0.0
1,1,0.046875,0.953125,0.0,0.0,0.0,0.0,0.0,0.0,0.0,0.0,0.0,0.0
1,1,0.046875,0.953125,0.0,0.0,0.0,0.0,0.0,0.0,0.0,0.0,0.0,0.0
1,1,0.046875,0.953125,0.0,0.0,0.0,0.0,0.0,0.0,0.0,0.0,0.0,0.0
1,1,0.046875,0.953125,0.0,0.0,0.0,0.0,0.0,0.0,0.0,0.0,0.0,0.0
1,1,0.046875,0.953125,0.0,0.0,0.0,0.0,0.0,0.0,0.0,0.0,0.0,0.0
1,1,0.046875,0.953125,0.0,0.0,0.0,0.0,0.0,0.0,0.0,0.0,0.0,0.0
1,1,0.046875,0.953125,0.0,0.0,0.0,0.0,0.0,0.0,0.0,0.0,0.0,0.0
1,1,0.046875,0.953125,0.0,0.0,0.0,0.0,0.0,0.0,0.0,0.0,0.0,0.0
1,1,0.046875,0.953125,0.0,0.0,0.0,0.0,0.0,0.0,0.0,0.0,0.0,0.0
1,1,0.046875,0.953125,0.0,0.0,0.0,0.0,0.0,0.0,0.0,0.0,0.0,0.0
1,1,0.046875,0.953125,0.0,0.0,0.0,0.0,0.0,0.0,0.0,0.0,0.0,0.0
1,1,0.046875,0.953125,0.0,0.0,0.0,0.0,0.0,0.0,0.0,0.0,0.0,0.0
1,1,0.046875,0.953125,0.0,0.0,0.0,0.0,0.0,0.0,0.0,0.0,0.0,0.0
1,1,0.046875,0.953125,0.0,0.0,0.0,0.0,0.0,0.0,0.0,0.0,0.0,0.0
1,1,0.046875,0.953125,0.0,0.0,0.0,0.0,0.0,0.0,0.0,0.0,0.0,0.0
1,1,0.046875,0.953125,0.0,0.0,0.0,0.0,0.0,0.0,0.0,0.0,0.0,0.0
1,1,0.046875,0.953125,0.0,0.0,0.0,0.0,0.0,0.0,0.0,0.0,0.0,0.0
1,1,0.046875,0.953125,0.0,0.0,0.0,0.0,0.0,0.0,0.0,0.0,0.0,0.0
1,1,0.046875,0.953125,0.0,0.0,0.0,0.0,0.0,0.0,0.0,0.0,0.0,0.0
1,1,0.046875,0.953125,0.0,0.0,0.0,0.0,0.0,0.0,0.0,0.0,0.0,0.0
1,1,0.046875,0.953125,0.0,0.0,0.0,0.0,0.0,0.0,0.0,0.0,0.0,0.0
1,1,0.046875,0.953125,0.0,0.0,0.0,0.0,0.0,0.0,0.0,0.0,0.0,0.0
1,1,0.046875,0.953125,0.0,0.0,0.0,0.0,0.0,0.0,0.0,0.0,0.0,0.0
1,1,0.046875,0.953125,0.0,0.0,0.0,0.0,0.0,0.0,0.0,0.0,0.0,0.0
1,1,0.0625,0.9375,0.0,0.0,0.0,0.0,0.0,0.0,0.0,0.0,0.0,0.0
1,1,0.078125,0.921875,0.0,0.0,0.0,0.0,0.0,0.0,0.0,0.0,0.0,0.0
1,1,0.078125,0.921875,0.0,0.0,0.0,0.0,0.0,0.0,0.0,0.0,0.0,0.0
1,1,0.078125,0.921875,0.0,0.0,0.0,0.0,0.0,0.0,0.0,0.0,0.0,0.0
1,1,0.078125,0.921875,0.0,0.0,0.0,0.0,0.0,0.0,0.0,0.0,0.0,0.0
1,1,0.078125,0.921875,0.0,0.0,0.0,0.0,0.0,0.0,0.0,0.0,0.0,0.0
1,1,0.078125,0.921875,0.0,0.0,0.0,0.0,0.0,0.0,0.0,0.0,0.0,0.0
1,1,0.078125,0.921875,0.0,0.0,0.0,0.0,0.0,0.0,0.0,0.0,0.0,0.0
1,1,0.078125,0.921875,0.0,0.0,0.0,0.0,0.0,0.0,0.0,0.0,0.0,0.0
1,1,0.078125,0.921875,0.0,0.0,0.0,0.0,0.0,0.0,0.0,0.0,0.0,0.0
1,1,0.078125,0.921875,0.0,0.0,0.0,0.0,0.0,0.0,0.0,0.0,0.0,0.0
1,1,0.078125,0.921875,0.0,0.0,0.0,0.0,0.0,0.0,0.0,0.0,0.0,0.0
1,1,0.078125,0.921875,0.0,0.0,0.0,0.0,0.0,0.0,0.0,0.0,0.0,0.0
1,1,0.078125,0.921875,0.0,0.0,0.0,0.0,0.0,0.0,0.0,0.0,0.0,0.0
1,1,0.078125,0.921875,0.0,0.0,0.0,0.0,0.0,0.0,0.0,0.0,0.0,0.0
1,1,0.078125,0.921875,0.0,0.0,0.0,0.0,0.0,0.0,0.0,0.0,0.0,0.0
1,1,0.078125,0.921875,0.0,0.0,0.0,0.0,0.0,0.0,0.0,0.0,0.0,0.0
1,1,0.09375,0.90625,0.0,0.0,0.0,0.0,0.0,0.0,0.0,0.0,0.0,0.0
1,1,0.09375,0.90625,0.0,0.0,0.0,0.0,0.0,0.0,0.0,0.0,0.0,0.0
1,1,0.09375,0.90625,0.0,0.0,0.0,0.0,0.0,0.0,0.0,0.0,0.0,0.0
1,1,0.09375,0.90625,0.0,0.0,0.0,0.0,0.0,0.0,0.0,0.0,0.0,0.0
1,1,0.09375,0.90625,0.0,0.0,0.0,0.0,0.0,0.0,0.0,0.0,0.0,0.0
1,1,0.09375,0.90625,0.0,0.0,0.0,0.0,0.0,0.0,0.0,0.0,0.0,0.0
1,1,0.09375,0.90625,0.0,0.0,0.0,0.0,0.0,0.0,0.0,0.0,0.0,0.0
1,1,0.09375,0.90625,0.0,0.0,0.0,0.0,0.0,0.0,0.0,0.0,0.0,0.0
1,1,0.109375,0.890625,0.0,0.0,0.0,0.0,0.0,0.0,0.0,0.0,0.0,0.0
1,1,0.109375,0.890625,0.0,0.0,0.0,0.0,0.0,0.0,0.0,0.0,0.0,0.0
1,1,0.109375,0.890625,0.0,0.0,0.0,0.0,0.0,0.0,0.0,0.0,0.0,0.0
1,1,0.109375,0.890625,0.0,0.0,0.0,0.0,0.0,0.0,0.0,0.0,0.0,0.0
1,1,0.109375,0.890625,0.0,0.0,0.0,0.0,0.0,0.0,0.0,0.0,0.0,0.0
1,1,0.109375,0.890625,0.0,0.0,0.0,0.0,0.0,0.0,0.0,0.0,0.0,0.0
1,1,0.109375,0.890625,0.0,0.0,0.0,0.0,0.0,0.0,0.0,0.0,0.0,0.0
1,1,0.109375,0.890625,0.0,0.0,0.0,0.0,0.0,0.0,0.0,0.0,0.0,0.0
1,1,0.109375,0.890625,0.0,0.0,0.0,0.0,0.0,0.0,0.0,0.0,0.0,0.0
1,1,0.109375,0.890625,0.0,0.0,0.0,0.0,0.0,0.0,0.0,0.0,0.0,0.0
1,1,0.109375,0.890625,0.0,0.0,0.0,0.0,0.0,0.0,0.0,0.0,0.0,0.0
1,1,0.109375,0.890625,0.0,0.0,0.0,0.0,0.0,0.0,0.0,0.0,0.0,0.0
1,1,0.109375,0.890625,0.0,0.0,0.0,0.0,0.0,0.0,0.0,0.0,0.0,0.0
1,1,0.109375,0.890625,0.0,0.0,0.0,0.0,0.0,0.0,0.0,0.0,0.0,0.0
1,1,0.109375,0.890625,0.0,0.0,0.0,0.0,0.0,0.0,0.0,0.0,0.0,0.0
1,1,0.109375,0.890625,0.0,0.0,0.0,0.0,0.0,0.0,0.0,0.0,0.0,0.0
1,1,0.12698413,0.8730159,0.0,0.0,0.0,0.0,0.0,0.0,0.0,0.0,0.0,0.0
1,1,0.12698413,0.8730159,0.0,0.0,0.0,0.0,0.0,0.0,0.0,0.0,0.0,0.0
1,1,0.12698413,0.8730159,0.0,0.0,0.0,0.0,0.0,0.0,0.0,0.0,0.0,0.0
1,1,0.12698413,0.8730159,0.0,0.0,0.0,0.0,0.0,0.0,0.0,0.0,0.0,0.0
1,1,0.12698413,0.8730159,0.0,0.0,0.0,0.0,0.0,0.0,0.0,0.0,0.0,0.0
1,1,0.12698413,0.8730159,0.0,0.0,0.0,0.0,0.0,0.0,0.0,0.0,0.0,0.0
1,1,0.12698413,0.8730159,0.0,0.0,0.0,0.0,0.0,0.0,0.0,0.0,0.0,0.0
1,1,0.12698413,0.8730159,0.0,0.0,0.0,0.0,0.0,0.0,0.0,0.0,0.0,0.0
1,1,0.12698413,0.8730159,0.0,0.0,0.0,0.0,0.0,0.0,0.0,0.0,0.0,0.0
1,1,0.12698413,0.8730159,0.0,0.0,0.0,0.0,0.0,0.0,0.0,0.0,0.0,0.0
1,1,0.12698413,0.8730159,0.0,0.0,0.0,0.0,0.0,0.0,0.0,0.0,0.0,0.0
1,1,0.12698413,0.8730159,0.0,0.0,0.0,0.0,0.0,0.0,0.0,0.0,0.0,0.0
1,1,0.12698413,0.8730159,0.0,0.0,0.0,0.0,0.0,0.0,0.0,0.0,0.0,0.0
1,1,0.12698413,0.8730159,0.0,0.0,0.0,0.0,0.0,0.0,0.0,0.0,0.0,0.0
1,1,0.12698413,0.8730159,0.0,0.0,0.0,0.0,0.0,0.0,0.0,0.0,0.0,0.0
1,1,0.12698413,0.8730159,0.0,0.0,0.0,0.0,0.0,0.0,0.0,0.0,0.0,0.0
1,1,0.14285715,0.85714287,0.0,0.0,0.0,0.0,0.0,0.0,0.0,0.0,0.0,0.0
1,1,0.14285715,0.85714287,0.0,0.0,0.0,0.0,0.0,0.0,0.0,0.0,0.0,0.0
1,1,0.15873016,0.84126985,0.0,0.0,0.0,0.0,0.0,0.0,0.0,0.0,0.0,0.0
1,1,0.15873016,0.84126985,0.0,0.0,0.0,0.0,0.0,0.0,0.0,0.0,0.0,0.0
1,1,0.15873016,0.84126985,0.0,0.0,0.0,0.0,0.0,0.0,0.0,0.0,0.0,0.0
1,1,0.15873016,0.84126985,0.0,0.0,0.0,0.0,0.0,0.0,0.0,0.0,0.0,0.0
1,1,0.15873016,0.84126985,0.0,0.0,0.0,0.0,0.0,0.0,0.0,0.0,0.0,0.0
1,1,0.15873016,0.84126985,0.0,0.0,0.0,0.0,0.0,0.0,0.0,0.0,0.0,0.0
1,1,0.15873016,0.84126985,0.0,0.0,0.0,0.0,0.0,0.0,0.0,0.0,0.0,0.0
1,1,0.15873016,0.84126985,0.0,0.0,0.0,0.0,0.0,0.0,0.0,0.0,0.0,0.0
1,1,0.15873016,0.84126985,0.0,0.0,0.0,0.0,0.0,0.0,0.0,0.0,0.0,0.0
1,1,0.15873016,0.84126985,0.0,0.0,0.0,0.0,0.0,0.0,0.0,0.0,0.0,0.0
1,1,0.15873016,0.84126985,0.0,0.0,0.0,0.0,0.0,0.0,0.0,0.0,0.0,0.0
1,1,0.15873016,0.84126985,0.0,0.0,0.0,0.0,0.0,0.0,0.0,0.0,0.0,0.0
1,1,0.15873016,0.84126985,0.0,0.0,0.0,0.0,0.0,0.0,0.0,0.0,0.0,0.0
1,1,0.15873016,0.84126985,0.0,0.0,0.0,0.0,0.0,0.0,0.0,0.0,0.0,0.0
1,1,0.15873016,0.84126985,0.0,0.0,0.0,0.0,0.0,0.0,0.0,0.0,0.0,0.0
1,1,0.15873016,0.84126985,0.0,0.0,0.0,0.0,0.0,0.0,0.0,0.0,0.0,0.0
1,1,0.15873016,0.84126985,0.0,0.0,0.0,0.0,0.0,0.0,0.0,0.0,0.0,0.0
1,1,0.15873016,0.84126985,0.0,0.0,0.0,0.0,0.0,0.0,0.0,0.0,0.0,0.0
1,1,0.15873016,0.84126985,0.0,0.0,0.0,0.0,0.0,0.0,0.0,0.0,0.0,0.0
1,1,0.15873016,0.84126985,0.0,0.0,0.0,0.0,0.0,0.0,0.0,0.0,0.0,0.0
1,1,0.15873016,0.84126985,0.0,0.0,0.0,0.0,0.0,0.0,0.0,0.0,0.0,0.0
1,1,0.15873016,0.84126985,0.0,0.0,0.0,0.0,0.0,0.0,0.0,0.0,0.0,0.0
1,1,0.15873016,0.84126985,0.0,0.0,0.0,0.0,0.0,0.0,0.0,0.0,0.0,0.0
1,1,0.15873016,0.84126985,0.0,0.0,0.0,0.0,0.0,0.0,0.0,0.0,0.0,0.0
1,1,0.15873016,0.84126985,0.0,0.0,0.0,0.0,0.0,0.0,0.0,0.0,0.0,0.0
1,1,0.15873016,0.84126985,0.0,0.0,0.0,0.0,0.0,0.0,0.0,0.0,0.0,0.0
1,1,0.15873016,0.84126985,0.0,0.0,0.0,0.0,0.0,0.0,0.0,0.0,0.0,0.0
1,1,0.15873016,0.84126985,0.0,0.0,0.0,0.0,0.0,0.0,0.0,0.0,0.0,0.0
1,1,0.15873016,0.84126985,0.0,0.0,0.0,0.0,0.0,0.0,0.0,0.0,0.0,0.0
1,1,0.15873016,0.84126985,0.0,0.0,0.0,0.0,0.0,0.0,0.0,0.0,0.0,0.0
1,1,0.17460318,0.7936508,0.031746034,0.0,0.0,0.0,0.0,0.0,0.0,0.0,0.0,0.0
1,1,0.17460318,0.7936508,0.031746034,0.0,0.0,0.0,0.0,0.0,0.0,0.0,0.0,0.0
1,1,0.17460318,0.7936508,0.031746034,0.0,0.0,0.0,0.0,0.0,0.0,0.0,0.0,0.0
1,1,0.17460318,0.7936508,0.031746034,0.0,0.0,0.0,0.0,0.0,0.0,0.0,0.0,0.0
1,1,0.1904762,0.7777778,0.031746034,0.0,0.0,0.0,0.0,0.0,0.0,0.0,0.0,0.0
1,1,0.1904762,0.7777778,0.031746034,0.0,0.0,0.0,0.0,0.0,0.0,0.0,0.0,0.0
1,1,0.1904762,0.7777778,0.031746034,0.0,0.0,0.0,0.0,0.0,0.0,0.0,0.0,0.0
1,1,0.1904762,0.7777778,0.031746034,0.0,0.0,0.0,0.0,0.0,0.0,0.0,0.0,0.0
1,1,0.1904762,0.7777778,0.031746034,0.0,0.0,0.0,0.0,0.0,0.0,0.0,0.0,0.0
1,1,0.1904762,0.7777778,0.031746034,0.0,0.0,0.0,0.0,0.0,0.0,0.0,0.0,0.0
1,1,0.1904762,0.7777778,0.031746034,0.0,0.0,0.0,0.0,0.0,0.0,0.0,0.0,0.0
1,1,0.1904762,0.7777778,0.031746034,0.0,0.0,0.0,0.0,0.0,0.0,0.0,0.0,0.0
1,1,0.1904762,0.7777778,0.031746034,0.0,0.0,0.0,0.0,0.0,0.0,0.0,0.0,0.0
1,1,0.1904762,0.7777778,0.031746034,0.0,0.0,0.0,0.0,0.0,0.0,0.0,0.0,0.0
1,1,0.1904762,0.7777778,0.031746034,0.0,0.0,0.0,0.0,0.0,0.0,0.0,0.0,0.0
1,1,0.1904762,0.7777778,0.031746034,0.0,0.0,0.0,0.0,0.0,0.0,0.0,0.0,0.0
1,1,0.1904762,0.7777778,0.031746034,0.0,0.0,0.0,0.0,0.0,0.0,0.0,0.0,0.0
1,1,0.1904762,0.7777778,0.031746034,0.0,0.0,0.0,0.0,0.0,0.0,0.0,0.0,0.0
1,1,0.1904762,0.7777778,0.031746034,0.0,0.0,0.0,0.0,0.0,0.0,0.0,0.0,0.0
1,1,0.1904762,0.7777778,0.031746034,0.0,0.0,0.0,0.0,0.0,0.0,0.0,0.0,0.0
1,1,0.1904762,0.7777778,0.031746034,0.0,0.0,0.0,0.0,0.0,0.0,0.0,0.0,0.0
1,1,0.1904762,0.7777778,0.031746034,0.0,0.0,0.0,0.0,0.0,0.0,0.0,0.0,0.0
1,1,0.1904762,0.7777778,0.031746034,0.0,0.0,0.0,0.0,0.0,0.0,0.0,0.0,0.0
1,1,0.1904762,0.7777778,0.031746034,0.0,0.0,0.0,0.0,0.0,0.0,0.0,0.0,0.0
1,1,0.22222222,0.74603176,0.031746034,0.0,0.0,0.0,0.0,0.0,0.0,0.0,0.0,0.0
1,1,0.22222222,0.74603176,0.031746034,0.0,0.0,0.0,0.0,0.0,0.0,0.0,0.0,0.0
1,1,0.22222222,0.74603176,0.031746034,0.0,0.0,0.0,0.0,0.0,0.0,0.0,0.0,0.0
1,1,0.22222222,0.74603176,0.031746034,0.0,0.0,0.0,0.0,0.0,0.0,0.0,0.0,0.0
1,1,0.22222222,0.74603176,0.031746034,0.0,0.0,0.0,0.0,0.0,0.0,0.0,0.0,0.0
1,1,0.22222222,0.74603176,0.031746034,0.0,0.0,0.0,0.0,0.0,0.0,0.0,0.0,0.0
1,1,0.22222222,0.74603176,0.031746034,0.0,0.0,0.0,0.0,0.0,0.0,0.0,0.0,0.0
1,1,0.22222222,0.74603176,0.031746034,0.0,0.0,0.0,0.0,0.0,0.0,0.0,0.0,0.0
1,1,0.234375,0.734375,0.03125,0.0,0.0,0.0,0.0,0.0,0.0,0.0,0.0,0.0
1,1,0.234375,0.734375,0.03125,0.0,0.0,0.0,0.0,0.0,0.0,0.0,0.0,0.0
1,1,0.234375,0.734375,0.03125,0.0,0.0,0.0,0.0,0.0,0.0,0.0,0.0,0.0
1,1,0.234375,0.734375,0.03125,0.0,0.0,0.0,0.0,0.0,0.0,0.0,0.0,0.0
1,1,0.234375,0.734375,0.03125,0.0,0.0,0.0,0.0,0.0,0.0,0.0,0.0,0.0
1,1,0.234375,0.734375,0.03125,0.0,0.0,0.0,0.0,0.0,0.0,0.0,0.0,0.0
1,1,0.234375,0.734375,0.03125,0.0,0.0,0.0,0.0,0.0,0.0,0.0,0.0,0.0
1,1,0.234375,0.734375,0.03125,0.0,0.0,0.0,0.0,0.0,0.0,0.0,0.0,0.0
1,1,0.25,0.71875,0.03125,0.0,0.0,0.0,0.0,0.0,0.0,0.0,0.0,0.0
1,1,0.25,0.71875,0.03125,0.0,0.0,0.0,0.0,0.0,0.0,0.0,0.0,0.0
1,1,0.25,0.71875,0.03125,0.0,0.0,0.0,0.0,0.0,0.0,0.0,0.0,0.0
1,1,0.25,0.71875,0.03125,0.0,0.0,0.0,0.0,0.0,0.0,0.0,0.0,0.0
1,1,0.25,0.71875,0.03125,0.0,0.0,0.0,0.0,0.0,0.0,0.0,0.0,0.0
1,1,0.25,0.71875,0.03125,0.0,0.0,0.0,0.0,0.0,0.0,0.0,0.0,0.0
1,1,0.25,0.71875,0.03125,0.0,0.0,0.0,0.0,0.0,0.0,0.0,0.0,0.0
1,1,0.25,0.71875,0.03125,0.0,0.0,0.0,0.0,0.0,0.0,0.0,0.0,0.0
1,1,0.296875,0.671875,0.03125,0.0,0.0,0.0,0.0,0.0,0.0,0.0,0.0,0.0
1,1,0.296875,0.671875,0.03125,0.0,0.0,0.0,0.0,0.0,0.0,0.0,0.0,0.0
1,1,0.296875,0.671875,0.03125,0.0,0.0,0.0,0.0,0.0,0.0,0.0,0.0,0.0
1,1,0.296875,0.671875,0.03125,0.0,0.0,0.0,0.0,0.0,0.0,0.0,0.0,0.0
1,1,0.296875,0.671875,0.03125,0.0,0.0,0.0,0.0,0.0,0.0,0.0,0.0,0.0
1,1,0.296875,0.671875,0.03125,0.0,0.0,0.0,0.0,0.0,0.0,0.0,0.0,0.0
1,1,0.296875,0.671875,0.03125,0.0,0.0,0.0,0.0,0.0,0.0,0.0,0.0,0.0
1,1,0.296875,0.671875,0.03125,0.0,0.0,0.0,0.0,0.0,0.0,0.0,0.0,0.0
1,1,0.296875,0.671875,0.03125,0.0,0.0,0.0,0.0,0.0,0.0,0.0,0.0,0.0
1,1,0.296875,0.671875,0.03125,0.0,0.0,0.0,0.0,0.0,0.0,0.0,0.0,0.0
1,1,0.296875,0.671875,0.03125,0.0,0.0,0.0,0.0,0.0,0.0,0.0,0.0,0.0
1,1,0.296875,0.671875,0.03125,0.0,0.0,0.0,0.0,0.0,0.0,0.0,0.0,0.0
1,1,0.296875,0.671875,0.03125,0.0,0.0,0.0,0.0,0.0,0.0,0.0,0.0,0.0
1,1,0.296875,0.671875,0.03125,0.0,0.0,0.0,0.0,0.0,0.0,0.0,0.0,0.0
1,1,0.296875,0.671875,0.03125,0.0,0.0,0.0,0.0,0.0,0.0,0.0,0.0,0.0
1,1,0.296875,0.671875,0.03125,0.0,0.0,0.0,0.0,0.0,0.0,0.0,0.0,0.0
1,1,0.296875,0.671875,0.03125,0.0,0.0,0.0,0.0,0.0,0.0,0.0,0.0,0.0
1,1,0.296875,0.671875,0.03125,0.0,0.0,0.0,0.0,0.0,0.0,0.0,0.0,0.0
1,1,0.296875,0.671875,0.03125,0.0,0.0,0.0,0.0,0.0,0.0,0.0,0.0,0.0
1,1,0.296875,0.671875,0.03125,0.0,0.0,0.0,0.0,0.0,0.0,0.0,0.0,0.0
1,1,0.296875,0.671875,0.03125,0.0,0.0,0.0,0.0,0.0,0.0,0.0,0.0,0.0
1,1,0.296875,0.671875,0.03125,0.0,0.0,0.0,0.0,0.0,0.0,0.0,0.0,0.0
1,1,0.296875,0.671875,0.03125,0.0,0.0,0.0,0.0,0.0,0.0,0.0,0.0,0.0
1,1,0.296875,0.671875,0.03125,0.0,0.0,0.0,0.0,0.0,0.0,0.0,0.0,0.0
1,1,0.28125,0.6875,0.03125,0.0,0.0,0.0,0.0,0.0,0.0,0.0,0.0,0.0
1,1,0.28125,0.6875,0.03125,0.0,0.0,0.0,0.0,0.0,0.0,0.0,0.0,0.0
1,1,0.28125,0.6875,0.03125,0.0,0.0,0.0,0.0,0.0,0.0,0.0,0.0,0.0
1,1,0.28125,0.6875,0.03125,0.0,0.0,0.0,0.0,0.0,0.0,0.0,0.0,0.0
1,1,0.28125,0.6875,0.03125,0.0,0.0,0.0,0.0,0.0,0.0,0.0,0.0,0.0
1,1,0.28125,0.6875,0.03125,0.0,0.0,0.0,0.0,0.0,0.0,0.0,0.0,0.0
1,1,0.28125,0.6875,0.03125,0.0,0.0,0.0,0.0,0.0,0.0,0.0,0.0,0.0
1,1,0.28125,0.6875,0.03125,0.0,0.0,0.0,0.0,0.0,0.0,0.0,0.0,0.0
1,1,0.3125,0.65625,0.03125,0.0,0.0,0.0,0.0,0.0,0.0,0.0,0.0,0.0
1,1,0.3125,0.65625,0.03125,0.0,0.0,0.0,0.0,0.0,0.0,0.0,0.0,0.0
1,1,0.3125,0.65625,0.03125,0.0,0.0,0.0,0.0,0.0,0.0,0.0,0.0,0.0
1,1,0.3125,0.65625,0.03125,0.0,0.0,0.0,0.0,0.0,0.0,0.0,0.0,0.0
1,1,0.3125,0.65625,0.03125,0.0,0.0,0.0,0.0,0.0,0.0,0.0,0.0,0.0
1,1,0.3125,0.65625,0.03125,0.0,0.0,0.0,0.0,0.0,0.0,0.0,0.0,0.0
1,1,0.3125,0.65625,0.03125,0.0,0.0,0.0,0.0,0.0,0.0,0.0,0.0,0.0
1,1,0.3125,0.65625,0.03125,0.0,0.0,0.0,0.0,0.0,0.0,0.0,0.0,0.0
1,1,0.34375,0.640625,0.015625,0.0,0.0,0.0,0.0,0.0,0.0,0.0,0.0,0.0
1,1,0.34375,0.640625,0.015625,0.0,0.0,0.0,0.0,0.0,0.0,0.0,0.0,0.0
1,1,0.34375,0.640625,0.015625,0.0,0.0,0.0,0.0,0.0,0.0,0.0,0.0,0.0
1,1,0.34375,0.640625,0.015625,0.0,0.0,0.0,0.0,0.0,0.0,0.0,0.0,0.0
1,1,0.34375,0.640625,0.015625,0.0,0.0,0.0,0.0,0.0,0.0,0.0,0.0,0.0
1,1,0.34375,0.640625,0.015625,0.0,0.0,0.0,0.0,0.0,0.0,0.0,0.0,0.0
1,1,0.34375,0.640625,0.015625,0.0,0.0,0.0,0.0,0.0,0.0,0.0,0.0,0.0
1,1,0.34375,0.640625,0.015625,0.0,0.0,0.0,0.0,0.0,0.0,0.0,0.0,0.0
1,1,0.34920636,0.61904764,0.015873017,0.0,0.0,0.0,0.0,0.0,0.0,0.0,0.015873017,0.0
1,1,0.34920636,0.61904764,0.015873017,0.0,0.0,0.0,0.0,0.0,0.0,0.0,0.015873017,0.0
1,1,0.34920636,0.61904764,0.015873017,0.0,0.0,0.0,0.0,0.0,0.0,0.0,0.015873017,0.0
1,1,0.34920636,0.61904764,0.015873017,0.0,0.0,0.0,0.0,0.0,0.0,0.0,0.015873017,0.0
1,1,0.36507937,0.5873016,0.031746034,0.0,0.0,0.0,0.0,0.0,0.0,0.0,0.015873017,0.0
1,1,0.36507937,0.5873016,0.031746034,0.0,0.0,0.0,0.0,0.0,0.0,0.0,0.015873017,0.0
1,1,0.36507937,0.5873016,0.031746034,0.0,0.0,0.0,0.0,0.0,0.0,0.0,0.015873017,0.0
1,1,0.36507937,0.5873016,0.031746034,0.0,0.0,0.0,0.0,0.0,0.0,0.0,0.015873017,0.0
1,1,0.36507937,0.5873016,0.031746034,0.0,0.0,0.0,0.0,0.0,0.0,0.0,0.015873017,0.0
1,1,0.36507937,0.5873016,0.031746034,0.0,0.0,0.0,0.0,0.0,0.0,0.0,0.015873017,0.0
1,1,0.36507937,0.5873016,0.031746034,0.0,0.0,0.0,0.0,0.0,0.0,0.0,0.015873017,0.0
1,1,0.36507937,0.5873016,0.031746034,0.0,0.0,0.0,0.0,0.0,0.0,0.0,0.015873017,0.0
1,1,0.36507937,0.5873016,0.031746034,0.0,0.0,0.0,0.0,0.0,0.0,0.0,0.015873017,0.0
1,1,0.36507937,0.5873016,0.031746034,0.0,0.0,0.0,0.0,0.0,0.0,0.0,0.015873017,0.0
1,1,0.36507937,0.5873016,0.031746034,0.0,0.0,0.0,0.0,0.0,0.0,0.0,0.015873017,0.0
1,1,0.36507937,0.5873016,0.031746034,0.0,0.0,0.0,0.0,0.0,0.0,0.0,0.015873017,0.0
1,1,0.36507937,0.5873016,0.031746034,0.0,0.0,0.0,0.0,0.0,0.0,0.0,0.015873017,0.0
1,1,0.36507937,0.5873016,0.031746034,0.0,0.0,0.0,0.0,0.0,0.0,0.0,0.015873017,0.0
1,1,0.36507937,0.5873016,0.031746034,0.0,0.0,0.0,0.0,0.0,0.0,0.0,0.015873017,0.0
1,1,0.36507937,0.5873016,0.031746034,0.0,0.0,0.0,0.0,0.0,0.0,0.0,0.015873017,0.0
1,1,0.36507937,0.5873016,0.031746034,0.0,0.0,0.0,0.0,0.0,0.0,0.0,0.015873017,0.0
1,1,0.36507937,0.5873016,0.031746034,0.0,0.0,0.0,0.0,0.0,0.0,0.0,0.015873017,0.0
1,1,0.3809524,0.5714286,0.031746034,0.0,0.0,0.0,0.0,0.0,0.0,0.0,0.015873017,0.0
1,1,0.3809524,0.5714286,0.031746034,0.0,0.0,0.0,0.0,0.0,0.0,0.0,0.015873017,0.0
1,1,0.3968254,0.5555556,0.031746034,0.0,0.0,0.0,0.0,0.0,0.0,0.0,0.015873017,0.0
1,1,0.3968254,0.5555556,0.031746034,0.0,0.0,0.0,0.0,0.0,0.0,0.0,0.015873017,0.0
1,1,0.3968254,0.5555556,0.031746034,0.0,0.0,0.0,0.0,0.0,0.0,0.0,0.015873017,0.0
1,1,0.3968254,0.5555556,0.031746034,0.0,0.0,0.0,0.0,0.0,0.0,0.0,0.015873017,0.0
1,1,0.3968254,0.5555556,0.031746034,0.0,0.0,0.0,0.0,0.0,0.0,0.0,0.015873017,0.0
1,1,0.3968254,0.5555556,0.031746034,0.0,0.0,0.0,0.0,0.0,0.0,0.0,0.015873017,0.0
1,1,0.3968254,0.5555556,0.031746034,0.0,0.0,0.0,0.0,0.0,0.0,0.0,0.015873017,0.0
1,1,0.3968254,0.5555556,0.031746034,0.0,0.0,0.0,0.0,0.0,0.0,0.0,0.015873017,0.0
1,1,0.3968254,0.5555556,0.031746034,0.0,0.0,0.0,0.0,0.0,0.0,0.0,0.015873017,0.0
1,1,0.3968254,0.5555556,0.031746034,0.0,0.0,0.0,0.0,0.0,0.0,0.0,0.015873017,0.0
1,1,0.3968254,0.5555556,0.031746034,0.0,0.0,0.0,0.0,0.0,0.0,0.0,0.015873017,0.0
1,1,0.3968254,0.5555556,0.031746034,0.0,0.0,0.0,0.0,0.0,0.0,0.0,0.015873017,0.0
1,1,0.3968254,0.5555556,0.031746034,0.0,0.0,0.0,0.0,0.0,0.0,0.0,0.015873017,0.0
1,1,0.3968254,0.5555556,0.031746034,0.0,0.0,0.0,0.0,0.0,0.0,0.0,0.015873017,0.0
1,1,0.3968254,0.5555556,0.031746034,0.0,0.0,0.0,0.0,0.0,0.0,0.0,0.015873017,0.0
1,1,0.3968254,0.5555556,0.031746034,0.0,0.0,0.0,0.0,0.0,0.0,0.0,0.015873017,0.0
1,1,0.4032258,0.5483871,0.032258064,0.0,0.0,0.0,0.0,0.0,0.0,0.0,0.016129032,0.0
1,1,0.4032258,0.5483871,0.032258064,0.0,0.0,0.0,0.0,0.0,0.0,0.0,0.016129032,0.0
1,1,0.4032258,0.5483871,0.032258064,0.0,0.0,0.0,0.0,0.0,0.0,0.0,0.016129032,0.0
1,1,0.4032258,0.5483871,0.032258064,0.0,0.0,0.0,0.0,0.0,0.0,0.0,0.016129032,0.0
1,1,0.4032258,0.5483871,0.032258064,0.0,0.0,0.0,0.0,0.0,0.0,0.0,0.016129032,0.0
1,1,0.4032258,0.5483871,0.032258064,0.0,0.0,0.0,0.0,0.0,0.0,0.0,0.016129032,0.0
1,1,0.4032258,0.5483871,0.032258064,0.0,0.0,0.0,0.0,0.0,0.0,0.0,0.016129032,0.0
1,1,0.41935483,0.5322581,0.032258064,0.0,0.0,0.0,0.0,0.0,0.0,0.0,0.016129032,0.0
1,1,0.39344263,0.5409836,0.04918033,0.0,0.0,0.0,0.0,0.0,0.0,0.0,0.016393442,0.0
1,1,0.39344263,0.5409836,0.04918033,0.0,0.0,0.0,0.0,0.0,0.0,0.0,0.016393442,0.0
1,1,0.39344263,0.5409836,0.04918033,0.0,0.0,0.0,0.0,0.0,0.0,0.0,0.016393442,0.0
1,1,0.39344263,0.5409836,0.04918033,0.0,0.0,0.0,0.0,0.0,0.0,0.0,0.016393442,0.0
1,1,0.39344263,0.5409836,0.04918033,0.0,0.0,0.0,0.0,0.0,0.0,0.0,0.016393442,0.0
1,1,0.39344263,0.5409836,0.04918033,0.0,0.0,0.0,0.0,0.0,0.0,0.0,0.016393442,0.0
1,1,0.39344263,0.5409836,0.04918033,0.0,0.0,0.0,0.0,0.0,0.0,0.0,0.016393442,0.0
1,1,0.39344263,0.5409836,0.04918033,0.0,0.0,0.0,0.0,0.0,0.0,0.0,0.016393442,0.0
1,1,0.37704918,0.55737704,0.04918033,0.0,0.0,0.0,0.0,0.0,0.0,0.0,0.016393442,0.0
1,1,0.37704918,0.55737704,0.04918033,0.0,0.0,0.0,0.0,0.0,0.0,0.0,0.016393442,0.0
1,1,0.37704918,0.55737704,0.04918033,0.0,0.0,0.0,0.0,0.0,0.0,0.0,0.016393442,0.0
1,1,0.37704918,0.55737704,0.04918033,0.0,0.0,0.0,0.0,0.0,0.0,0.0,0.016393442,0.0
1,1,0.37704918,0.55737704,0.04918033,0.0,0.0,0.0,0.0,0.0,0.0,0.0,0.016393442,0.0
1,1,0.37704918,0.55737704,0.04918033,0.0,0.0,0.0,0.0,0.0,0.0,0.0,0.016393442,0.0
1,1,0.37704918,0.55737704,0.04918033,0.0,0.0,0.0,0.0,0.0,0.0,0.0,0.016393442,0.0
1,1,0.37704918,0.55737704,0.04918033,0.0,0.0,0.0,0.0,0.0,0.0,0.0,0.016393442,0.0
1,1,0.38333333,0.55,0.05,0.0,0.0,0.0,0.0,0.0,0.0,0.0,0.016666668,0.0
1,1,0.38333333,0.55,0.05,0.0,0.0,0.0,0.0,0.0,0.0,0.0,0.016666668,0.0
1,1,0.38333333,0.55,0.05,0.0,0.0,0.0,0.0,0.0,0.0,0.0,0.016666668,0.0
1,1,0.38333333,0.55,0.05,0.0,0.0,0.0,0.0,0.0,0.0,0.0,0.016666668,0.0
1,1,0.4,0.53333336,0.05,0.0,0.0,0.0,0.0,0.0,0.0,0.0,0.016666668,0.0
1,1,0.4,0.53333336,0.05,0.0,0.0,0.0,0.0,0.0,0.0,0.0,0.016666668,0.0
1,1,0.4,0.53333336,0.05,0.0,0.0,0.0,0.0,0.0,0.0,0.0,0.016666668,0.0
1,1,0.4,0.53333336,0.05,0.0,0.0,0.0,0.0,0.0,0.0,0.0,0.016666668,0.0
1,1,0.4,0.53333336,0.05,0.0,0.0,0.0,0.0,0.0,0.0,0.0,0.016666668,0.0
1,1,0.4,0.53333336,0.05,0.0,0.0,0.0,0.0,0.0,0.0,0.0,0.016666668,0.0
1,1,0.4,0.53333336,0.05,0.0,0.0,0.0,0.0,0.0,0.0,0.0,0.016666668,0.0
1,1,0.41666666,0.51666665,0.05,0.0,0.0,0.0,0.0,0.0,0.0,0.0,0.016666668,0.0
1,1,0.41666666,0.51666665,0.05,0.0,0.0,0.0,0.0,0.0,0.0,0.0,0.016666668,0.0
1,1,0.41666666,0.51666665,0.05,0.0,0.0,0.0,0.0,0.0,0.0,0.0,0.016666668,0.0
1,1,0.41666666,0.51666665,0.05,0.0,0.0,0.0,0.0,0.0,0.0,0.0,0.016666668,0.0
1,1,0.41666666,0.51666665,0.05,0.0,0.0,0.0,0.0,0.0,0.0,0.0,0.016666668,0.0
1,1,0.4,0.53333336,0.05,0.0,0.0,0.0,0.0,0.0,0.0,0.0,0.016666668,0.0
1,1,0.4,0.53333336,0.05,0.0,0.0,0.0,0.0,0.0,0.0,0.0,0.016666668,0.0
1,1,0.41666666,0.51666665,0.05,0.0,0.0,0.0,0.0,0.0,0.0,0.0,0.016666668,0.0
1,1,0.41666666,0.51666665,0.05,0.0,0.0,0.0,0.0,0.0,0.0,0.0,0.016666668,0.0
1,1,0.41666666,0.51666665,0.05,0.0,0.0,0.0,0.0,0.0,0.0,0.0,0.016666668,0.0
1,1,0.41666666,0.51666665,0.05,0.0,0.0,0.0,0.0,0.0,0.0,0.0,0.016666668,0.0
1,1,0.41666666,0.51666665,0.05,0.0,0.0,0.0,0.0,0.0,0.0,0.0,0.016666668,0.0
1,1,0.41666666,0.51666665,0.05,0.0,0.0,0.0,0.0,0.0,0.0,0.0,0.016666668,0.0
1,1,0.4,0.53333336,0.05,0.0,0.0,0.0,0.0,0.0,0.0,0.0,0.016666668,0.0
1,1,0.4,0.53333336,0.05,0.0,0.0,0.0,0.0,0.0,0.0,0.0,0.016666668,0.0
1,1,0.41666666,0.51666665,0.05,0.0,0.0,0.0,0.0,0.0,0.0,0.0,0.016666668,0.0
1,1,0.41666666,0.51666665,0.05,0.0,0.0,0.0,0.0,0.0,0.0,0.0,0.016666668,0.0
1,1,0.41666666,0.51666665,0.05,0.0,0.0,0.0,0.0,0.0,0.0,0.0,0.016666668,0.0
1,1,0.41666666,0.51666665,0.05,0.0,0.0,0.0,0.0,0.0,0.0,0.0,0.016666668,0.0
1,1,0.41666666,0.51666665,0.05,0.0,0.0,0.0,0.0,0.0,0.0,0.0,0.016666668,0.0
1,1,0.41666666,0.51666665,0.05,0.0,0.0,0.0,0.0,0.0,0.0,0.0,0.016666668,0.0
1,1,0.45901638,0.5081967,0.032786883,0.0,0.0,0.0,0.0,0.0,0.0,0.0,0.0,0.0
1,1,0.45901638,0.5081967,0.032786883,0.0,0.0,0.0,0.0,0.0,0.0,0.0,0.0,0.0
1,1,0.45901638,0.5081967,0.032786883,0.0,0.0,0.0,0.0,0.0,0.0,0.0,0.0,0.0
1,1,0.45901638,0.5081967,0.032786883,0.0,0.0,0.0,0.0,0.0,0.0,0.0,0.0,0.0
1,1,0.45901638,0.5081967,0.032786883,0.0,0.0,0.0,0.0,0.0,0.0,0.0,0.0,0.0
1,1,0.45901638,0.5081967,0.032786883,0.0,0.0,0.0,0.0,0.0,0.0,0.0,0.0,0.0
1,1,0.45901638,0.5081967,0.032786883,0.0,0.0,0.0,0.0,0.0,0.0,0.0,0.0,0.0
1,1,0.45901638,0.5081967,0.032786883,0.0,0.0,0.0,0.0,0.0,0.0,0.0,0.0,0.0
1,1,0.45901638,0.5081967,0.032786883,0.0,0.0,0.0,0.0,0.0,0.0,0.0,0.0,0.0
1,1,0.45901638,0.5081967,0.032786883,0.0,0.0,0.0,0.0,0.0,0.0,0.0,0.0,0.0
1,1,0.45901638,0.5081967,0.032786883,0.0,0.0,0.0,0.0,0.0,0.0,0.0,0.0,0.0
1,1,0.45901638,0.5081967,0.032786883,0.0,0.0,0.0,0.0,0.0,0.0,0.0,0.0,0.0
1,1,0.44262296,0.52459013,0.032786883,0.0,0.0,0.0,0.0,0.0,0.0,0.0,0.0,0.0
1,1,0.44262296,0.52459013,0.032786883,0.0,0.0,0.0,0.0,0.0,0.0,0.0,0.0,0.0
1,1,0.44262296,0.52459013,0.032786883,0.0,0.0,0.0,0.0,0.0,0.0,0.0,0.0,0.0
1,1,0.44262296,0.52459013,0.032786883,0.0,0.0,0.0,0.0,0.0,0.0,0.0,0.0,0.0
1,1,0.4516129,0.516129,0.032258064,0.0,0.0,0.0,0.0,0.0,0.0,0.0,0.0,0.0
1,1,0.4516129,0.516129,0.032258064,0.0,0.0,0.0,0.0,0.0,0.0,0.0,0.0,0.0
1,1,0.4516129,0.516129,0.032258064,0.0,0.0,0.0,0.0,0.0,0.0,0.0,0.0,0.0
1,1,0.4516129,0.516129,0.032258064,0.0,0.0,0.0,0.0,0.0,0.0,0.0,0.0,0.0
1,1,0.4516129,0.516129,0.032258064,0.0,0.0,0.0,0.0,0.0,0.0,0.0,0.0,0.0
1,1,0.4516129,0.516129,0.032258064,0.0,0.0,0.0,0.0,0.0,0.0,0.0,0.0,0.0
1,1,0.4516129,0.516129,0.032258064,0.0,0.0,0.0,0.0,0.0,0.0,0.0,0.0,0.0
1,1,0.43548387,0.5322581,0.032258064,0.0,0.0,0.0,0.0,0.0,0.0,0.0,0.0,0.0
1,1,0.4516129,0.516129,0.032258064,0.0,0.0,0.0,0.0,0.0,0.0,0.0,0.0,0.0
1,1,0.4516129,0.516129,0.032258064,0.0,0.0,0.0,0.0,0.0,0.0,0.0,0.0,0.0
1,1,0.4516129,0.516129,0.032258064,0.0,0.0,0.0,0.0,0.0,0.0,0.0,0.0,0.0
1,1,0.4516129,0.516129,0.032258064,0.0,0.0,0.0,0.0,0.0,0.0,0.0,0.0,0.0
1,1,0.4516129,0.516129,0.032258064,0.0,0.0,0.0,0.0,0.0,0.0,0.0,0.0,0.0
1,1,0.4516129,0.516129,0.032258064,0.0,0.0,0.0,0.0,0.0,0.0,0.0,0.0,0.0
1,1,0.4516129,0.516129,0.032258064,0.0,0.0,0.0,0.0,0.0,0.0,0.0,0.0,0.0
1,1,0.4516129,0.516129,0.032258064,0.0,0.0,0.0,0.0,0.0,0.0,0.0,0.0,0.0
1,1,0.4516129,0.5,0.032258064,0.0,0.0,0.0,0.016129032,0.0,0.0,0.0,0.0,0.0
1,1,0.4516129,0.5,0.032258064,0.0,0.0,0.0,0.016129032,0.0,0.0,0.0,0.0,0.0
1,1,0.4516129,0.5,0.032258064,0.0,0.0,0.0,0.016129032,0.0,0.0,0.0,0.0,0.0
1,1,0.4516129,0.5,0.032258064,0.0,0.0,0.0,0.016129032,0.0,0.0,0.0,0.0,0.0
1,1,0.4516129,0.5,0.032258064,0.0,0.0,0.0,0.016129032,0.0,0.0,0.0,0.0,0.0
1,1,0.4516129,0.5,0.032258064,0.0,0.0,0.0,0.016129032,0.0,0.0,0.0,0.0,0.0
1,1,0.4516129,0.5,0.032258064,0.0,0.0,0.0,0.016129032,0.0,0.0,0.0,0.0,0.0
1,1,0.4516129,0.5,0.032258064,0.0,0.0,0.0,0.016129032,0.0,0.0,0.0,0.0,0.0
1,1,0.43548387,0.516129,0.032258064,0.0,0.0,0.0,0.016129032,0.0,0.0,0.0,0.0,0.0
1,1,0.43548387,0.516129,0.032258064,0.0,0.0,0.0,0.016129032,0.0,0.0,0.0,0.0,0.0
1,1,0.43548387,0.516129,0.032258064,0.0,0.0,0.0,0.016129032,0.0,0.0,0.0,0.0,0.0
1,1,0.43548387,0.516129,0.032258064,0.0,0.0,0.0,0.016129032,0.0,0.0,0.0,0.0,0.0
1,1,0.43548387,0.516129,0.032258064,0.0,0.0,0.0,0.016129032,0.0,0.0,0.0,0.0,0.0
1,1,0.43548387,0.516129,0.032258064,0.0,0.0,0.0,0.016129032,0.0,0.0,0.0,0.0,0.0
1,1,0.43548387,0.516129,0.032258064,0.0,0.0,0.0,0.016129032,0.0,0.0,0.0,0.0,0.0
1,1,0.43548387,0.516129,0.032258064,0.0,0.0,0.0,0.016129032,0.0,0.0,0.0,0.0,0.0
2,1,0.41935483,0.5322581,0.032258064,0.0,0.0,0.0,0.016129032,0.0,0.0,0.0,0.0,0.0
2,1,0.41935483,0.5322581,0.032258064,0.0,0.0,0.0,0.016129032,0.0,0.0,0.0,0.0,0.0
2,1,0.4032258,0.5483871,0.032258064,0.0,0.0,0.0,0.016129032,0.0,0.0,0.0,0.0,0.0
2,1,0.4032258,0.5483871,0.032258064,0.0,0.0,0.0,0.016129032,0.0,0.0,0.0,0.0,0.0
2,1,0.4032258,0.5483871,0.032258064,0.0,0.0,0.0,0.016129032,0.0,0.0,0.0,0.0,0.0
2,1,0.4032258,0.5483871,0.032258064,0.0,0.0,0.0,0.016129032,0.0,0.0,0.0,0.0,0.0
2,1,0.4032258,0.5483871,0.032258064,0.0,0.0,0.0,0.016129032,0.0,0.0,0.0,0.0,0.0
2,1,0.4032258,0.5483871,0.032258064,0.0,0.0,0.0,0.016129032,0.0,0.0,0.0,0.0,0.0
2,1,0.4032258,0.5483871,0.032258064,0.0,0.0,0.0,0.016129032,0.0,0.0,0.0,0.0,0.0
2,1,0.4032258,0.5483871,0.032258064,0.0,0.0,0.0,0.016129032,0.0,0.0,0.0,0.0,0.0
2,1,0.4032258,0.5483871,0.032258064,0.0,0.0,0.0,0.016129032,0.0,0.0,0.0,0.0,0.0
2,1,0.4032258,0.5483871,0.032258064,0.0,0.0,0.0,0.016129032,0.0,0.0,0.0,0.0,0.0
2,1,0.4032258,0.5483871,0.032258064,0.0,0.0,0.0,0.016129032,0.0,0.0,0.0,0.0,0.0
2,1,0.4032258,0.5483871,0.032258064,0.0,0.0,0.0,0.016129032,0.0,0.0,0.0,0.0,0.0
2,1,0.4032258,0.5483871,0.032258064,0.0,0.0,0.0,0.016129032,0.0,0.0,0.0,0.0,0.0
2,1,0.4032258,0.5483871,0.032258064,0.0,0.0,0.0,0.016129032,0.0,0.0,0.0,0.0,0.0
2,1,0.42857143,0.52380955,0.031746034,0.0,0.0,0.0,0.015873017,0.0,0.0,0.0,0.0,0.0
2,1,0.42857143,0.52380955,0.031746034,0.0,0.0,0.0,0.015873017,0.0,0.0,0.0,0.0,0.0
2,1,0.42857143,0.52380955,0.031746034,0.0,0.0,0.0,0.015873017,0.0,0.0,0.0,0.0,0.0
2,1,0.42857143,0.52380955,0.031746034,0.0,0.0,0.0,0.015873017,0.0,0.0,0.0,0.0,0.0
2,1,0.42857143,0.52380955,0.031746034,0.0,0.0,0.0,0.015873017,0.0,0.0,0.0,0.0,0.0
2,1,0.42857143,0.52380955,0.031746034,0.0,0.0,0.0,0.015873017,0.0,0.0,0.0,0.0,0.0
2,1,0.42857143,0.52380955,0.031746034,0.0,0.0,0.0,0.015873017,0.0,0.0,0.0,0.0,0.0
2,1,0.42857143,0.52380955,0.031746034,0.0,0.0,0.0,0.015873017,0.0,0.0,0.0,0.0,0.0
2,1,0.42857143,0.52380955,0.031746034,0.0,0.0,0.0,0.015873017,0.0,0.0,0.0,0.0,0.0
2,1,0.42857143,0.52380955,0.031746034,0.0,0.0,0.0,0.015873017,0.0,0.0,0.0,0.0,0.0
2,1,0.42857143,0.52380955,0.031746034,0.0,0.0,0.0,0.015873017,0.0,0.0,0.0,0.0,0.0
2,1,0.42857143,0.52380955,0.031746034,0.0,0.0,0.0,0.015873017,0.0,0.0,0.0,0.0,0.0
2,1,0.42857143,0.52380955,0.031746034,0.0,0.0,0.0,0.015873017,0.0,0.0,0.0,0.0,0.0
2,1,0.42857143,0.52380955,0.031746034,0.0,0.0,0.0,0.015873017,0.0,0.0,0.0,0.0,0.0
2,1,0.42857143,0.52380955,0.031746034,0.0,0.0,0.0,0.015873017,0.0,0.0,0.0,0.0,0.0
2,1,0.42857143,0.52380955,0.031746034,0.0,0.0,0.0,0.015873017,0.0,0.0,0.0,0.0,0.0
2,1,0.41935483,0.5322581,0.032258064,0.0,0.0,0.0,0.016129032,0.0,0.0,0.0,0.0,0.0
2,1,0.41935483,0.5322581,0.032258064,0.0,0.0,0.0,0.016129032,0.0,0.0,0.0,0.0,0.0
2,1,0.41935483,0.5322581,0.032258064,0.0,0.0,0.0,0.016129032,0.0,0.0,0.0,0.0,0.0
2,1,0.41935483,0.5322581,0.032258064,0.0,0.0,0.0,0.016129032,0.0,0.0,0.0,0.0,0.0
2,1,0.4032258,0.5483871,0.032258064,0.0,0.0,0.0,0.016129032,0.0,0.0,0.0,0.0,0.0
2,1,0.4032258,0.5483871,0.032258064,0.0,0.0,0.0,0.016129032,0.0,0.0,0.0,0.0,0.0
2,1,0.4032258,0.5483871,0.032258064,0.0,0.0,0.0,0.016129032,0.0,0.0,0.0,0.0,0.0
2,1,0.4032258,0.5483871,0.032258064,0.0,0.0,0.0,0.016129032,0.0,0.0,0.0,0.0,0.0
2,1,0.41935483,0.5483871,0.016129032,0.0,0.0,0.0,0.016129032,0.0,0.0,0.0,0.0,0.0
2,1,0.41935483,0.5483871,0.016129032,0.0,0.0,0.0,0.016129032,0.0,0.0,0.0,0.0,0.0
2,1,0.4032258,0.5645161,0.016129032,0.0,0.0,0.0,0.016129032,0.0,0.0,0.0,0.0,0.0
2,1,0.4032258,0.5645161,0.016129032,0.0,0.0,0.0,0.016129032,0.0,0.0,0.0,0.0,0.0
2,1,0.4032258,0.5645161,0.016129032,0.0,0.0,0.0,0.016129032,0.0,0.0,0.0,0.0,0.0
2,1,0.4032258,0.5645161,0.016129032,0.0,0.0,0.0,0.016129032,0.0,0.0,0.0,0.0,0.0
2,1,0.4032258,0.5645161,0.016129032,0.0,0.0,0.0,0.016129032,0.0,0.0,0.0,0.0,0.0
2,1,0.38709676,0.58064514,0.016129032,0.0,0.0,0.0,0.016129032,0.0,0.0,0.0,0.0,0.0
2,1,0.38709676,0.61290324,0.0,0.0,0.0,0.0,0.0,0.0,0.0,0.0,0.0,0.0
2,1,0.38709676,0.61290324,0.0,0.0,0.0,0.0,0.0,0.0,0.0,0.0,0.0,0.0
2,1,0.38709676,0.61290324,0.0,0.0,0.0,0.0,0.0,0.0,0.0,0.0,0.0,0.0
2,1,0.38709676,0.61290324,0.0,0.0,0.0,0.0,0.0,0.0,0.0,0.0,0.0,0.0
2,1,0.38709676,0.61290324,0.0,0.0,0.0,0.0,0.0,0.0,0.0,0.0,0.0,0.0
2,1,0.38709676,0.61290324,0.0,0.0,0.0,0.0,0.0,0.0,0.0,0.0,0.0,0.0
2,1,0.38709676,0.61290324,0.0,0.0,0.0,0.0,0.0,0.0,0.0,0.0,0.0,0.0
2,1,0.38709676,0.61290324,0.0,0.0,0.0,0.0,0.0,0.0,0.0,0.0,0.0,0.0
2,1,0.38709676,0.61290324,0.0,0.0,0.0,0.0,0.0,0.0,0.0,0.0,0.0,0.0
2,1,0.38709676,0.61290324,0.0,0.0,0.0,0.0,0.0,0.0,0.0,0.0,0.0,0.0
2,1,0.38709676,0.61290324,0.0,0.0,0.0,0.0,0.0,0.0,0.0,0.0,0.0,0.0
2,1,0.38709676,0.61290324,0.0,0.0,0.0,0.0,0.0,0.0,0.0,0.0,0.0,0.0
2,1,0.37096775,0.61290324,0.0,0.0,0.0,0.0,0.0,0.0,0.0,0.0,0.016129032,0.0
2,1,0.37096775,0.61290324,0.0,0.0,0.0,0.0,0.0,0.0,0.0,0.0,0.016129032,0.0
2,1,0.37096775,0.61290324,0.0,0.0,0.0,0.0,0.0,0.0,0.0,0.0,0.016129032,0.0
2,1,0.37096775,0.61290324,0.0,0.0,0.0,0.0,0.0,0.0,0.0,0.0,0.016129032,0.0
2,1,0.32258064,0.66129035,0.0,0.0,0.0,0.0,0.0,0.0,0.0,0.0,0.016129032,0.0
2,1,0.32258064,0.66129035,0.0,0.0,0.0,0.0,0.0,0.0,0.0,0.0,0.016129032,0.0
2,1,0.32258064,0.66129035,0.0,0.0,0.0,0.0,0.0,0.0,0.0,0.0,0.016129032,0.0
2,1,0.32258064,0.66129035,0.0,0.0,0.0,0.0,0.0,0.0,0.0,0.0,0.016129032,0.0
2,1,0.32258064,0.66129035,0.0,0.0,0.0,0.0,0.0,0.0,0.0,0.0,0.016129032,0.0
2,1,0.32258064,0.66129035,0.0,0.0,0.0,0.0,0.0,0.0,0.0,0.0,0.016129032,0.0
2,1,0.32258064,0.66129035,0.0,0.0,0.0,0.0,0.0,0.0,0.0,0.0,0.016129032,0.0
2,1,0.32258064,0.66129035,0.0,0.0,0.0,0.0,0.0,0.0,0.0,0.0,0.016129032,0.0
2,1,0.3548387,0.6451613,0.0,0.0,0.0,0.0,0.0,0.0,0.0,0.0,0.0,0.0
2,1,0.3548387,0.6451613,0.0,0.0,0.0,0.0,0.0,0.0,0.0,0.0,0.0,0.0
2,1,0.3548387,0.6451613,0.0,0.0,0.0,0.0,0.0,0.0,0.0,0.0,0.0,0.0
2,1,0.3548387,0.6451613,0.0,0.0,0.0,0.0,0.0,0.0,0.0,0.0,0.0,0.0
2,1,0.3548387,0.6451613,0.0,0.0,0.0,0.0,0.0,0.0,0.0,0.0,0.0,0.0
2,1,0.3548387,0.6451613,0.0,0.0,0.0,0.0,0.0,0.0,0.0,0.0,0.0,0.0
2,1,0.3548387,0.6451613,0.0,0.0,0.0,0.0,0.0,0.0,0.0,0.0,0.0,0.0
2,1,0.3548387,0.6451613,0.0,0.0,0.0,0.0,0.0,0.0,0.0,0.0,0.0,0.0
2,1,0.33333334,0.6666667,0.0,0.0,0.0,0.0,0.0,0.0,0.0,0.0,0.0,0.0
2,1,0.33333334,0.6666667,0.0,0.0,0.0,0.0,0.0,0.0,0.0,0.0,0.0,0.0
2,1,0.33333334,0.6666667,0.0,0.0,0.0,0.0,0.0,0.0,0.0,0.0,0.0,0.0
2,1,0.33333334,0.6666667,0.0,0.0,0.0,0.0,0.0,0.0,0.0,0.0,0.0,0.0
2,1,0.33333334,0.6666667,0.0,0.0,0.0,0.0,0.0,0.0,0.0,0.0,0.0,0.0
2,1,0.33333334,0.6666667,0.0,0.0,0.0,0.0,0.0,0.0,0.0,0.0,0.0,0.0
2,1,0.33333334,0.6666667,0.0,0.0,0.0,0.0,0.0,0.0,0.0,0.0,0.0,0.0
2,1,0.33333334,0.6666667,0.0,0.0,0.0,0.0,0.0,0.0,0.0,0.0,0.0,0.0
2,1,0.33333334,0.6666667,0.0,0.0,0.0,0.0,0.0,0.0,0.0,0.0,0.0,0.0
2,1,0.33333334,0.6666667,0.0,0.0,0.0,0.0,0.0,0.0,0.0,0.0,0.0,0.0
2,1,0.31746033,0.6825397,0.0,0.0,0.0,0.0,0.0,0.0,0.0,0.0,0.0,0.0
2,1,0.31746033,0.6825397,0.0,0.0,0.0,0.0,0.0,0.0,0.0,0.0,0.0,0.0
2,1,0.31746033,0.6825397,0.0,0.0,0.0,0.0,0.0,0.0,0.0,0.0,0.0,0.0
2,1,0.31746033,0.6825397,0.0,0.0,0.0,0.0,0.0,0.0,0.0,0.0,0.0,0.0
2,1,0.31746033,0.6825397,0.0,0.0,0.0,0.0,0.0,0.0,0.0,0.0,0.0,0.0
2,1,0.31746033,0.6825397,0.0,0.0,0.0,0.0,0.0,0.0,0.0,0.0,0.0,0.0
2,1,0.3015873,0.6984127,0.0,0.0,0.0,0.0,0.0,0.0,0.0,0.0,0.0,0.0
2,1,0.3015873,0.6984127,0.0,0.0,0.0,0.0,0.0,0.0,0.0,0.0,0.0,0.0
2,1,0.3015873,0.6984127,0.0,0.0,0.0,0.0,0.0,0.0,0.0,0.0,0.0,0.0
2,1,0.3015873,0.6984127,0.0,0.0,0.0,0.0,0.0,0.0,0.0,0.0,0.0,0.0
2,1,0.3015873,0.6984127,0.0,0.0,0.0,0.0,0.0,0.0,0.0,0.0,0.0,0.0
2,1,0.3015873,0.6984127,0.0,0.0,0.0,0.0,0.0,0.0,0.0,0.0,0.0,0.0
2,1,0.3015873,0.6984127,0.0,0.0,0.0,0.0,0.0,0.0,0.0,0.0,0.0,0.0
2,1,0.3015873,0.6984127,0.0,0.0,0.0,0.0,0.0,0.0,0.0,0.0,0.0,0.0
2,1,0.2857143,0.71428573,0.0,0.0,0.0,0.0,0.0,0.0,0.0,0.0,0.0,0.0
2,1,0.2857143,0.71428573,0.0,0.0,0.0,0.0,0.0,0.0,0.0,0.0,0.0,0.0
2,1,0.2857143,0.71428573,0.0,0.0,0.0,0.0,0.0,0.0,0.0,0.0,0.0,0.0
2,1,0.2857143,0.71428573,0.0,0.0,0.0,0.0,0.0,0.0,0.0,0.0,0.0,0.0
2,1,0.2857143,0.71428573,0.0,0.0,0.0,0.0,0.0,0.0,0.0,0.0,0.0,0.0
2,1,0.2857143,0.71428573,0.0,0.0,0.0,0.0,0.0,0.0,0.0,0.0,0.0,0.0
2,1,0.2857143,0.71428573,0.0,0.0,0.0,0.0,0.0,0.0,0.0,0.0,0.0,0.0
2,1,0.2857143,0.71428573,0.0,0.0,0.0,0.0,0.0,0.0,0.0,0.0,0.0,0.0
2,1,0.26984128,0.73015875,0.0,0.0,0.0,0.0,0.0,0.0,0.0,0.0,0.0,0.0
2,1,0.26984128,0.73015875,0.0,0.0,0.0,0.0,0.0,0.0,0.0,0.0,0.0,0.0
2,1,0.25396827,0.74603176,0.0,0.0,0.0,0.0,0.0,0.0,0.0,0.0,0.0,0.0
2,1,0.25396827,0.74603176,0.0,0.0,0.0,0.0,0.0,0.0,0.0,0.0,0.0,0.0
2,1,0.25396827,0.74603176,0.0,0.0,0.0,0.0,0.0,0.0,0.0,0.0,0.0,0.0
2,1,0.25396827,0.74603176,0.0,0.0,0.0,0.0,0.0,0.0,0.0,0.0,0.0,0.0
2,1,0.25396827,0.74603176,0.0,0.0,0.0,0.0,0.0,0.0,0.0,0.0,0.0,0.0
2,1,0.25396827,0.74603176,0.0,0.0,0.0,0.0,0.0,0.0,0.0,0.0,0.0,0.0
2,1,0.203125,0.796875,0.0,0.0,0.0,0.0,0.0,0.0,0.0,0.0,0.0,0.0
2,1,0.203125,0.796875,0.0,0.0,0.0,0.0,0.0,0.0,0.0,0.0,0.0,0.0
2,1,0.203125,0.796875,0.0,0.0,0.0,0.0,0.0,0.0,0.0,0.0,0.0,0.0
2,1,0.203125,0.796875,0.0,0.0,0.0,0.0,0.0,0.0,0.0,0.0,0.0,0.0
2,1,0.203125,0.796875,0.0,0.0,0.0,0.0,0.0,0.0,0.0,0.0,0.0,0.0
2,1,0.203125,0.796875,0.0,0.0,0.0,0.0,0.0,0.0,0.0,0.0,0.0,0.0
2,1,0.203125,0.796875,0.0,0.0,0.0,0.0,0.0,0.0,0.0,0.0,0.0,0.0
2,1,0.203125,0.796875,0.0,0.0,0.0,0.0,0.0,0.0,0.0,0.0,0.0,0.0
2,1,0.21875,0.78125,0.0,0.0,0.0,0.0,0.0,0.0,0.0,0.0,0.0,0.0
2,1,0.21875,0.78125,0.0,0.0,0.0,0.0,0.0,0.0,0.0,0.0,0.0,0.0
2,1,0.21875,0.78125,0.0,0.0,0.0,0.0,0.0,0.0,0.0,0.0,0.0,0.0
2,1,0.21875,0.78125,0.0,0.0,0.0,0.0,0.0,0.0,0.0,0.0,0.0,0.0
2,1,0.21875,0.78125,0.0,0.0,0.0,0.0,0.0,0.0,0.0,0.0,0.0,0.0
2,1,0.21875,0.78125,0.0,0.0,0.0,0.0,0.0,0.0,0.0,0.0,0.0,0.0
2,1,0.21875,0.78125,0.0,0.0,0.0,0.0,0.0,0.0,0.0,0.0,0.0,0.0
2,1,0.21875,0.78125,0.0,0.0,0.0,0.0,0.0,0.0,0.0,0.0,0.0,0.0
2,1,0.21875,0.78125,0.0,0.0,0.0,0.0,0.0,0.0,0.0,0.0,0.0,0.0
2,1,0.21875,0.78125,0.0,0.0,0.0,0.0,0.0,0.0,0.0,0.0,0.0,0.0
2,1,0.21875,0.78125,0.0,0.0,0.0,0.0,0.0,0.0,0.0,0.0,0.0,0.0
2,1,0.21875,0.78125,0.0,0.0,0.0,0.0,0.0,0.0,0.0,0.0,0.0,0.0
2,1,0.21875,0.78125,0.0,0.0,0.0,0.0,0.0,0.0,0.0,0.0,0.0,0.0
2,1,0.21875,0.78125,0.0,0.0,0.0,0.0,0.0,0.0,0.0,0.0,0.0,0.0
2,1,0.21875,0.78125,0.0,0.0,0.0,0.0,0.0,0.0,0.0,0.0,0.0,0.0
2,1,0.21875,0.78125,0.0,0.0,0.0,0.0,0.0,0.0,0.0,0.0,0.0,0.0
2,1,0.125,0.875,0.0,0.0,0.0,0.0,0.0,0.0,0.0,0.0,0.0,0.0
2,1,0.125,0.875,0.0,0.0,0.0,0.0,0.0,0.0,0.0,0.0,0.0,0.0
2,1,0.125,0.875,0.0,0.0,0.0,0.0,0.0,0.0,0.0,0.0,0.0,0.0
2,1,0.125,0.875,0.0,0.0,0.0,0.0,0.0,0.0,0.0,0.0,0.0,0.0
2,1,0.125,0.875,0.0,0.0,0.0,0.0,0.0,0.0,0.0,0.0,0.0,0.0
2,1,0.125,0.875,0.0,0.0,0.0,0.0,0.0,0.0,0.0,0.0,0.0,0.0
2,1,0.125,0.875,0.0,0.0,0.0,0.0,0.0,0.0,0.0,0.0,0.0,0.0
2,1,0.125,0.875,0.0,0.0,0.0,0.0,0.0,0.0,0.0,0.0,0.0,0.0
2,1,0.125,0.875,0.0,0.0,0.0,0.0,0.0,0.0,0.0,0.0,0.0,0.0
2,1,0.125,0.875,0.0,0.0,0.0,0.0,0.0,0.0,0.0,0.0,0.0,0.0
2,1,0.125,0.875,0.0,0.0,0.0,0.0,0.0,0.0,0.0,0.0,0.0,0.0
2,1,0.125,0.875,0.0,0.0,0.0,0.0,0.0,0.0,0.0,0.0,0.0,0.0
2,1,0.109375,0.890625,0.0,0.0,0.0,0.0,0.0,0.0,0.0,0.0,0.0,0.0
2,1,0.109375,0.890625,0.0,0.0,0.0,0.0,0.0,0.0,0.0,0.0,0.0,0.0
2,1,0.109375,0.890625,0.0,0.0,0.0,0.0,0.0,0.0,0.0,0.0,0.0,0.0
2,1,0.109375,0.890625,0.0,0.0,0.0,0.0,0.0,0.0,0.0,0.0,0.0,0.0
2,1,0.109375,0.890625,0.0,0.0,0.0,0.0,0.0,0.0,0.0,0.0,0.0,0.0
2,1,0.109375,0.890625,0.0,0.0,0.0,0.0,0.0,0.0,0.0,0.0,0.0,0.0
2,1,0.109375,0.890625,0.0,0.0,0.0,0.0,0.0,0.0,0.0,0.0,0.0,0.0
2,1,0.109375,0.890625,0.0,0.0,0.0,0.0,0.0,0.0,0.0,0.0,0.0,0.0
2,1,0.109375,0.890625,0.0,0.0,0.0,0.0,0.0,0.0,0.0,0.0,0.0,0.0
2,1,0.109375,0.890625,0.0,0.0,0.0,0.0,0.0,0.0,0.0,0.0,0.0,0.0
2,1,0.109375,0.890625,0.0,0.0,0.0,0.0,0.0,0.0,0.0,0.0,0.0,0.0
2,1,0.109375,0.890625,0.0,0.0,0.0,0.0,0.0,0.0,0.0,0.0,0.0,0.0
2,1,0.109375,0.890625,0.0,0.0,0.0,0.0,0.0,0.0,0.0,0.0,0.0,0.0
2,1,0.109375,0.890625,0.0,0.0,0.0,0.0,0.0,0.0,0.0,0.0,0.0,0.0
2,1,0.109375,0.890625,0.0,0.0,0.0,0.0,0.0,0.0,0.0,0.0,0.0,0.0
2,1,0.109375,0.890625,0.0,0.0,0.0,0.0,0.0,0.0,0.0,0.0,0.0,0.0
2,1,0.109375,0.890625,0.0,0.0,0.0,0.0,0.0,0.0,0.0,0.0,0.0,0.0
2,1,0.109375,0.890625,0.0,0.0,0.0,0.0,0.0,0.0,0.0,0.0,0.0,0.0
2,1,0.109375,0.890625,0.0,0.0,0.0,0.0,0.0,0.0,0.0,0.0,0.0,0.0
2,1,0.109375,0.890625,0.0,0.0,0.0,0.0,0.0,0.0,0.0,0.0,0.0,0.0
2,1,0.109375,0.890625,0.0,0.0,0.0,0.0,0.0,0.0,0.0,0.0,0.0,0.0
2,1,0.109375,0.890625,0.0,0.0,0.0,0.0,0.0,0.0,0.0,0.0,0.0,0.0
2,1,0.109375,0.890625,0.0,0.0,0.0,0.0,0.0,0.0,0.0,0.0,0.0,0.0
2,1,0.109375,0.890625,0.0,0.0,0.0,0.0,0.0,0.0,0.0,0.0,0.0,0.0
2,1,0.109375,0.890625,0.0,0.0,0.0,0.0,0.0,0.0,0.0,0.0,0.0,0.0
2,1,0.109375,0.890625,0.0,0.0,0.0,0.0,0.0,0.0,0.0,0.0,0.0,0.0
2,1,0.109375,0.890625,0.0,0.0,0.0,0.0,0.0,0.0,0.0,0.0,0.0,0.0
2,1,0.109375,0.890625,0.0,0.0,0.0,0.0,0.0,0.0,0.0,0.0,0.0,0.0
2,1,0.109375,0.890625,0.0,0.0,0.0,0.0,0.0,0.0,0.0,0.0,0.0,0.0
2,1,0.109375,0.890625,0.0,0.0,0.0,0.0,0.0,0.0,0.0,0.0,0.0,0.0
2,1,0.109375,0.890625,0.0,0.0,0.0,0.0,0.0,0.0,0.0,0.0,0.0,0.0
2,1,0.109375,0.890625,0.0,0.0,0.0,0.0,0.0,0.0,0.0,0.0,0.0,0.0
2,1,0.109375,0.890625,0.0,0.0,0.0,0.0,0.0,0.0,0.0,0.0,0.0,0.0
2,1,0.109375,0.890625,0.0,0.0,0.0,0.0,0.0,0.0,0.0,0.0,0.0,0.0
2,1,0.109375,0.890625,0.0,0.0,0.0,0.0,0.0,0.0,0.0,0.0,0.0,0.0
2,1,0.109375,0.890625,0.0,0.0,0.0,0.0,0.0,0.0,0.0,0.0,0.0,0.0
2,1,0.109375,0.890625,0.0,0.0,0.0,0.0,0.0,0.0,0.0,0.0,0.0,0.0
2,1,0.109375,0.890625,0.0,0.0,0.0,0.0,0.0,0.0,0.0,0.0,0.0,0.0
2,1,0.109375,0.890625,0.0,0.0,0.0,0.0,0.0,0.0,0.0,0.0,0.0,0.0
2,1,0.109375,0.890625,0.0,0.0,0.0,0.0,0.0,0.0,0.0,0.0,0.0,0.0
2,1,0.109375,0.890625,0.0,0.0,0.0,0.0,0.0,0.0,0.0,0.0,0.0,0.0
2,1,0.109375,0.890625,0.0,0.0,0.0,0.0,0.0,0.0,0.0,0.0,0.0,0.0
2,1,0.109375,0.890625,0.0,0.0,0.0,0.0,0.0,0.0,0.0,0.0,0.0,0.0
2,1,0.109375,0.890625,0.0,0.0,0.0,0.0,0.0,0.0,0.0,0.0,0.0,0.0
2,1,0.09375,0.90625,0.0,0.0,0.0,0.0,0.0,0.0,0.0,0.0,0.0,0.0
2,1,0.09375,0.90625,0.0,0.0,0.0,0.0,0.0,0.0,0.0,0.0,0.0,0.0
2,1,0.09375,0.90625,0.0,0.0,0.0,0.0,0.0,0.0,0.0,0.0,0.0,0.0
2,1,0.09375,0.90625,0.0,0.0,0.0,0.0,0.0,0.0,0.0,0.0,0.0,0.0
2,1,0.09375,0.90625,0.0,0.0,0.0,0.0,0.0,0.0,0.0,0.0,0.0,0.0
2,1,0.09375,0.90625,0.0,0.0,0.0,0.0,0.0,0.0,0.0,0.0,0.0,0.0
2,1,0.09375,0.90625,0.0,0.0,0.0,0.0,0.0,0.0,0.0,0.0,0.0,0.0
2,1,0.09375,0.90625,0.0,0.0,0.0,0.0,0.0,0.0,0.0,0.0,0.0,0.0
2,1,0.078125,0.921875,0.0,0.0,0.0,0.0,0.0,0.0,0.0,0.0,0.0,0.0
2,1,0.078125,0.921875,0.0,0.0,0.0,0.0,0.0,0.0,0.0,0.0,0.0,0.0
2,1,0.078125,0.921875,0.0,0.0,0.0,0.0,0.0,0.0,0.0,0.0,0.0,0.0
2,1,0.078125,0.921875,0.0,0.0,0.0,0.0,0.0,0.0,0.0,0.0,0.0,0.0
2,1,0.078125,0.921875,0.0,0.0,0.0,0.0,0.0,0.0,0.0,0.0,0.0,0.0
2,1,0.078125,0.921875,0.0,0.0,0.0,0.0,0.0,0.0,0.0,0.0,0.0,0.0
2,1,0.078125,0.921875,0.0,0.0,0.0,0.0,0.0,0.0,0.0,0.0,0.0,0.0
2,1,0.078125,0.921875,0.0,0.0,0.0,0.0,0.0,0.0,0.0,0.0,0.0,0.0
2,1,0.078125,0.921875,0.0,0.0,0.0,0.0,0.0,0.0,0.0,0.0,0.0,0.0
2,1,0.078125,0.921875,0.0,0.0,0.0,0.0,0.0,0.0,0.0,0.0,0.0,0.0
2,1,0.078125,0.921875,0.0,0.0,0.0,0.0,0.0,0.0,0.0,0.0,0.0,0.0
2,1,0.078125,0.921875,0.0,0.0,0.0,0.0,0.0,0.0,0.0,0.0,0.0,0.0
2,1,0.078125,0.90625,0.015625,0.0,0.0,0.0,0.0,0.0,0.0,0.0,0.0,0.0
2,1,0.078125,0.90625,0.015625,0.0,0.0,0.0,0.0,0.0,0.0,0.0,0.0,0.0
2,1,0.078125,0.90625,0.015625,0.0,0.0,0.0,0.0,0.0,0.0,0.0,0.0,0.0
2,1,0.078125,0.90625,0.015625,0.0,0.0,0.0,0.0,0.0,0.0,0.0,0.0,0.0
2,1,0.078125,0.90625,0.015625,0.0,0.0,0.0,0.0,0.0,0.0,0.0,0.0,0.0
2,1,0.078125,0.90625,0.015625,0.0,0.0,0.0,0.0,0.0,0.0,0.0,0.0,0.0
2,1,0.078125,0.90625,0.015625,0.0,0.0,0.0,0.0,0.0,0.0,0.0,0.0,0.0
2,1,0.078125,0.90625,0.015625,0.0,0.0,0.0,0.0,0.0,0.0,0.0,0.0,0.0
2,1,0.078125,0.90625,0.015625,0.0,0.0,0.0,0.0,0.0,0.0,0.0,0.0,0.0
2,1,0.078125,0.90625,0.015625,0.0,0.0,0.0,0.0,0.0,0.0,0.0,0.0,0.0
2,1,0.078125,0.90625,0.015625,0.0,0.0,0.0,0.0,0.0,0.0,0.0,0.0,0.0
2,1,0.078125,0.90625,0.015625,0.0,0.0,0.0,0.0,0.0,0.0,0.0,0.0,0.0
2,1,0.078125,0.90625,0.015625,0.0,0.0,0.0,0.0,0.0,0.0,0.0,0.0,0.0
2,1,0.078125,0.90625,0.015625,0.0,0.0,0.0,0.0,0.0,0.0,0.0,0.0,0.0
2,1,0.078125,0.90625,0.015625,0.0,0.0,0.0,0.0,0.0,0.0,0.0,0.0,0.0
2,1,0.078125,0.90625,0.015625,0.0,0.0,0.0,0.0,0.0,0.0,0.0,0.0,0.0
2,1,0.078125,0.90625,0.015625,0.0,0.0,0.0,0.0,0.0,0.0,0.0,0.0,0.0
2,1,0.078125,0.90625,0.015625,0.0,0.0,0.0,0.0,0.0,0.0,0.0,0.0,0.0
2,1,0.078125,0.90625,0.015625,0.0,0.0,0.0,0.0,0.0,0.0,0.0,0.0,0.0
2,1,0.078125,0.90625,0.015625,0.0,0.0,0.0,0.0,0.0,0.0,0.0,0.0,0.0
2,1,0.078125,0.921875,0.0,0.0,0.0,0.0,0.0,0.0,0.0,0.0,0.0,0.0
2,1,0.078125,0.921875,0.0,0.0,0.0,0.0,0.0,0.0,0.0,0.0,0.0,0.0
2,1,0.078125,0.921875,0.0,0.0,0.0,0.0,0.0,0.0,0.0,0.0,0.0,0.0
2,1,0.078125,0.921875,0.0,0.0,0.0,0.0,0.0,0.0,0.0,0.0,0.0,0.0
2,1,0.078125,0.921875,0.0,0.0,0.0,0.0,0.0,0.0,0.0,0.0,0.0,0.0
2,1,0.078125,0.921875,0.0,0.0,0.0,0.0,0.0,0.0,0.0,0.0,0.0,0.0
2,1,0.078125,0.921875,0.0,0.0,0.0,0.0,0.0,0.0,0.0,0.0,0.0,0.0
2,1,0.078125,0.921875,0.0,0.0,0.0,0.0,0.0,0.0,0.0,0.0,0.0,0.0
2,1,0.078125,0.921875,0.0,0.0,0.0,0.0,0.0,0.0,0.0,0.0,0.0,0.0
2,1,0.078125,0.921875,0.0,0.0,0.0,0.0,0.0,0.0,0.0,0.0,0.0,0.0
2,1,0.078125,0.921875,0.0,0.0,0.0,0.0,0.0,0.0,0.0,0.0,0.0,0.0
2,1,0.078125,0.921875,0.0,0.0,0.0,0.0,0.0,0.0,0.0,0.0,0.0,0.0
2,1,0.078125,0.921875,0.0,0.0,0.0,0.0,0.0,0.0,0.0,0.0,0.0,0.0
2,1,0.078125,0.921875,0.0,0.0,0.0,0.0,0.0,0.0,0.0,0.0,0.0,0.0
2,1,0.078125,0.921875,0.0,0.0,0.0,0.0,0.0,0.0,0.0,0.0,0.0,0.0
2,1,0.078125,0.921875,0.0,0.0,0.0,0.0,0.0,0.0,0.0,0.0,0.0,0.0
2,1,0.078125,0.921875,0.0,0.0,0.0,0.0,0.0,0.0,0.0,0.0,0.0,0.0
2,1,0.078125,0.921875,0.0,0.0,0.0,0.0,0.0,0.0,0.0,0.0,0.0,0.0
2,1,0.078125,0.921875,0.0,0.0,0.0,0.0,0.0,0.0,0.0,0.0,0.0,0.0
2,1,0.078125,0.921875,0.0,0.0,0.0,0.0,0.0,0.0,0.0,0.0,0.0,0.0
2,1,0.078125,0.921875,0.0,0.0,0.0,0.0,0.0,0.0,0.0,0.0,0.0,0.0
2,1,0.078125,0.921875,0.0,0.0,0.0,0.0,0.0,0.0,0.0,0.0,0.0,0.0
2,1,0.078125,0.921875,0.0,0.0,0.0,0.0,0.0,0.0,0.0,0.0,0.0,0.0
2,1,0.078125,0.921875,0.0,0.0,0.0,0.0,0.0,0.0,0.0,0.0,0.0,0.0
2,1,0.078125,0.921875,0.0,0.0,0.0,0.0,0.0,0.0,0.0,0.0,0.0,0.0
2,1,0.078125,0.921875,0.0,0.0,0.0,0.0,0.0,0.0,0.0,0.0,0.0,0.0
2,1,0.078125,0.921875,0.0,0.0,0.0,0.0,0.0,0.0,0.0,0.0,0.0,0.0
2,1,0.078125,0.921875,0.0,0.0,0.0,0.0,0.0,0.0,0.0,0.0,0.0,0.0
2,1,0.078125,0.921875,0.0,0.0,0.0,0.0,0.0,0.0,0.0,0.0,0.0,0.0
2,1,0.078125,0.921875,0.0,0.0,0.0,0.0,0.0,0.0,0.0,0.0,0.0,0.0
2,1,0.078125,0.921875,0.0,0.0,0.0,0.0,0.0,0.0,0.0,0.0,0.0,0.0
2,1,0.078125,0.921875,0.0,0.0,0.0,0.0,0.0,0.0,0.0,0.0,0.0,0.0
2,1,0.078125,0.921875,0.0,0.0,0.0,0.0,0.0,0.0,0.0,0.0,0.0,0.0
2,1,0.078125,0.921875,0.0,0.0,0.0,0.0,0.0,0.0,0.0,0.0,0.0,0.0
2,1,0.078125,0.921875,0.0,0.0,0.0,0.0,0.0,0.0,0.0,0.0,0.0,0.0
2,1,0.078125,0.921875,0.0,0.0,0.0,0.0,0.0,0.0,0.0,0.0,0.0,0.0
2,1,0.078125,0.921875,0.0,0.0,0.0,0.0,0.0,0.0,0.0,0.0,0.0,0.0
2,1,0.078125,0.921875,0.0,0.0,0.0,0.0,0.0,0.0,0.0,0.0,0.0,0.0
2,1,0.078125,0.921875,0.0,0.0,0.0,0.0,0.0,0.0,0.0,0.0,0.0,0.0
2,1,0.078125,0.921875,0.0,0.0,0.0,0.0,0.0,0.0,0.0,0.0,0.0,0.0
2,1,0.078125,0.90625,0.015625,0.0,0.0,0.0,0.0,0.0,0.0,0.0,0.0,0.0
2,1,0.078125,0.90625,0.015625,0.0,0.0,0.0,0.0,0.0,0.0,0.0,0.0,0.0
2,1,0.078125,0.90625,0.015625,0.0,0.0,0.0,0.0,0.0,0.0,0.0,0.0,0.0
2,1,0.078125,0.90625,0.015625,0.0,0.0,0.0,0.0,0.0,0.0,0.0,0.0,0.0
2,1,0.078125,0.90625,0.015625,0.0,0.0,0.0,0.0,0.0,0.0,0.0,0.0,0.0
2,1,0.078125,0.90625,0.015625,0.0,0.0,0.0,0.0,0.0,0.0,0.0,0.0,0.0
2,1,0.078125,0.90625,0.015625,0.0,0.0,0.0,0.0,0.0,0.0,0.0,0.0,0.0
2,1,0.078125,0.90625,0.015625,0.0,0.0,0.0,0.0,0.0,0.0,0.0,0.0,0.0
2,1,0.078125,0.90625,0.015625,0.0,0.0,0.0,0.0,0.0,0.0,0.0,0.0,0.0
2,1,0.078125,0.90625,0.015625,0.0,0.0,0.0,0.0,0.0,0.0,0.0,0.0,0.0
2,1,0.078125,0.90625,0.015625,0.0,0.0,0.0,0.0,0.0,0.0,0.0,0.0,0.0
2,1,0.078125,0.90625,0.015625,0.0,0.0,0.0,0.0,0.0,0.0,0.0,0.0,0.0
2,1,0.078125,0.90625,0.015625,0.0,0.0,0.0,0.0,0.0,0.0,0.0,0.0,0.0
2,1,0.078125,0.90625,0.015625,0.0,0.0,0.0,0.0,0.0,0.0,0.0,0.0,0.0
2,1,0.078125,0.90625,0.015625,0.0,0.0,0.0,0.0,0.0,0.0,0.0,0.0,0.0
2,1,0.078125,0.90625,0.015625,0.0,0.0,0.0,0.0,0.0,0.0,0.0,0.0,0.0
2,1,0.0625,0.921875,0.015625,0.0,0.0,0.0,0.0,0.0,0.0,0.0,0.0,0.0
2,1,0.0625,0.921875,0.015625,0.0,0.0,0.0,0.0,0.0,0.0,0.0,0.0,0.0
2,1,0.0625,0.921875,0.015625,0.0,0.0,0.0,0.0,0.0,0.0,0.0,0.0,0.0
2,1,0.0625,0.921875,0.015625,0.0,0.0,0.0,0.0,0.0,0.0,0.0,0.0,0.0
2,1,0.0625,0.921875,0.015625,0.0,0.0,0.0,0.0,0.0,0.0,0.0,0.0,0.0
2,1,0.0625,0.921875,0.015625,0.0,0.0,0.0,0.0,0.0,0.0,0.0,0.0,0.0
2,1,0.0625,0.921875,0.015625,0.0,0.0,0.0,0.0,0.0,0.0,0.0,0.0,0.0
2,1,0.0625,0.921875,0.015625,0.0,0.0,0.0,0.0,0.0,0.0,0.0,0.0,0.0
2,1,0.0625,0.921875,0.015625,0.0,0.0,0.0,0.0,0.0,0.0,0.0,0.0,0.0
2,1,0.0625,0.921875,0.015625,0.0,0.0,0.0,0.0,0.0,0.0,0.0,0.0,0.0
2,1,0.0625,0.921875,0.015625,0.0,0.0,0.0,0.0,0.0,0.0,0.0,0.0,0.0
2,1,0.0625,0.921875,0.015625,0.0,0.0,0.0,0.0,0.0,0.0,0.0,0.0,0.0
2,1,0.0625,0.921875,0.015625,0.0,0.0,0.0,0.0,0.0,0.0,0.0,0.0,0.0
2,1,0.0625,0.921875,0.015625,0.0,0.0,0.0,0.0,0.0,0.0,0.0,0.0,0.0
2,1,0.0625,0.921875,0.015625,0.0,0.0,0.0,0.0,0.0,0.0,0.0,0.0,0.0
2,1,0.0625,0.921875,0.015625,0.0,0.0,0.0,0.0,0.0,0.0,0.0,0.0,0.0
2,1,0.0625,0.921875,0.015625,0.0,0.0,0.0,0.0,0.0,0.0,0.0,0.0,0.0
2,1,0.0625,0.921875,0.015625,0.0,0.0,0.0,0.0,0.0,0.0,0.0,0.0,0.0
2,1,0.0625,0.921875,0.015625,0.0,0.0,0.0,0.0,0.0,0.0,0.0,0.0,0.0
2,1,0.0625,0.921875,0.015625,0.0,0.0,0.0,0.0,0.0,0.0,0.0,0.0,0.0
2,1,0.0625,0.921875,0.015625,0.0,0.0,0.0,0.0,0.0,0.0,0.0,0.0,0.0
2,1,0.0625,0.921875,0.015625,0.0,0.0,0.0,0.0,0.0,0.0,0.0,0.0,0.0
2,1,0.0625,0.921875,0.015625,0.0,0.0,0.0,0.0,0.0,0.0,0.0,0.0,0.0
2,1,0.0625,0.921875,0.015625,0.0,0.0,0.0,0.0,0.0,0.0,0.0,0.0,0.0
2,1,0.0625,0.921875,0.015625,0.0,0.0,0.0,0.0,0.0,0.0,0.0,0.0,0.0
2,1,0.0625,0.921875,0.015625,0.0,0.0,0.0,0.0,0.0,0.0,0.0,0.0,0.0
2,1,0.0625,0.921875,0.015625,0.0,0.0,0.0,0.0,0.0,0.0,0.0,0.0,0.0
2,1,0.0625,0.921875,0.015625,0.0,0.0,0.0,0.0,0.0,0.0,0.0,0.0,0.0
2,1,0.0625,0.921875,0.015625,0.0,0.0,0.0,0.0,0.0,0.0,0.0,0.0,0.0
2,1,0.0625,0.921875,0.015625,0.0,0.0,0.0,0.0,0.0,0.0,0.0,0.0,0.0
2,1,0.0625,0.921875,0.015625,0.0,0.0,0.0,0.0,0.0,0.0,0.0,0.0,0.0
2,1,0.0625,0.921875,0.015625,0.0,0.0,0.0,0.0,0.0,0.0,0.0,0.0,0.0
2,1,0.0625,0.921875,0.015625,0.0,0.0,0.0,0.0,0.0,0.0,0.0,0.0,0.0
2,1,0.0625,0.921875,0.015625,0.0,0.0,0.0,0.0,0.0,0.0,0.0,0.0,0.0
2,1,0.046875,0.9375,0.015625,0.0,0.0,0.0,0.0,0.0,0.0,0.0,0.0,0.0
2,1,0.046875,0.9375,0.015625,0.0,0.0,0.0,0.0,0.0,0.0,0.0,0.0,0.0
2,1,0.046875,0.9375,0.015625,0.0,0.0,0.0,0.0,0.0,0.0,0.0,0.0,0.0
2,1,0.046875,0.9375,0.015625,0.0,0.0,0.0,0.0,0.0,0.0,0.0,0.0,0.0
2,1,0.046875,0.9375,0.015625,0.0,0.0,0.0,0.0,0.0,0.0,0.0,0.0,0.0
2,1,0.046875,0.9375,0.015625,0.0,0.0,0.0,0.0,0.0,0.0,0.0,0.0,0.0
2,1,0.03125,0.953125,0.015625,0.0,0.0,0.0,0.0,0.0,0.0,0.0,0.0,0.0
2,1,0.03125,0.953125,0.015625,0.0,0.0,0.0,0.0,0.0,0.0,0.0,0.0,0.0
2,1,0.03125,0.953125,0.015625,0.0,0.0,0.0,0.0,0.0,0.0,0.0,0.0,0.0
2,1,0.03125,0.953125,0.015625,0.0,0.0,0.0,0.0,0.0,0.0,0.0,0.0,0.0
2,1,0.03125,0.953125,0.015625,0.0,0.0,0.0,0.0,0.0,0.0,0.0,0.0,0.0
2,1,0.03125,0.953125,0.015625,0.0,0.0,0.0,0.0,0.0,0.0,0.0,0.0,0.0
2,1,0.03125,0.953125,0.015625,0.0,0.0,0.0,0.0,0.0,0.0,0.0,0.0,0.0
2,1,0.03125,0.953125,0.015625,0.0,0.0,0.0,0.0,0.0,0.0,0.0,0.0,0.0
2,1,0.03125,0.953125,0.015625,0.0,0.0,0.0,0.0,0.0,0.0,0.0,0.0,0.0
2,1,0.03125,0.953125,0.015625,0.0,0.0,0.0,0.0,0.0,0.0,0.0,0.0,0.0
2,1,0.03125,0.953125,0.015625,0.0,0.0,0.0,0.0,0.0,0.0,0.0,0.0,0.0
2,1,0.03125,0.953125,0.015625,0.0,0.0,0.0,0.0,0.0,0.0,0.0,0.0,0.0
2,1,0.03125,0.953125,0.015625,0.0,0.0,0.0,0.0,0.0,0.0,0.0,0.0,0.0
2,1,0.03125,0.953125,0.015625,0.0,0.0,0.0,0.0,0.0,0.0,0.0,0.0,0.0
2,1,0.03125,0.953125,0.015625,0.0,0.0,0.0,0.0,0.0,0.0,0.0,0.0,0.0
2,1,0.03125,0.953125,0.015625,0.0,0.0,0.0,0.0,0.0,0.0,0.0,0.0,0.0
2,1,0.03125,0.953125,0.015625,0.0,0.0,0.0,0.0,0.0,0.0,0.0,0.0,0.0
2,1,0.03125,0.953125,0.015625,0.0,0.0,0.0,0.0,0.0,0.0,0.0,0.0,0.0
2,1,0.03125,0.953125,0.015625,0.0,0.0,0.0,0.0,0.0,0.0,0.0,0.0,0.0
2,1,0.03125,0.953125,0.015625,0.0,0.0,0.0,0.0,0.0,0.0,0.0,0.0,0.0
2,1,0.03125,0.953125,0.015625,0.0,0.0,0.0,0.0,0.0,0.0,0.0,0.0,0.0
2,1,0.03125,0.953125,0.015625,0.0,0.0,0.0,0.0,0.0,0.0,0.0,0.0,0.0
2,1,0.046875,0.9375,0.015625,0.0,0.0,0.0,0.0,0.0,0.0,0.0,0.0,0.0
2,1,0.046875,0.9375,0.015625,0.0,0.0,0.0,0.0,0.0,0.0,0.0,0.0,0.0
2,1,0.046875,0.9375,0.015625,0.0,0.0,0.0,0.0,0.0,0.0,0.0,0.0,0.0
2,1,0.046875,0.9375,0.015625,0.0,0.0,0.0,0.0,0.0,0.0,0.0,0.0,0.0
2,1,0.046875,0.9375,0.015625,0.0,0.0,0.0,0.0,0.0,0.0,0.0,0.0,0.0
2,1,0.046875,0.9375,0.015625,0.0,0.0,0.0,0.0,0.0,0.0,0.0,0.0,0.0
2,1,0.046875,0.9375,0.015625,0.0,0.0,0.0,0.0,0.0,0.0,0.0,0.0,0.0
2,1,0.046875,0.9375,0.015625,0.0,0.0,0.0,0.0,0.0,0.0,0.0,0.0,0.0
2,1,0.046875,0.9375,0.015625,0.0,0.0,0.0,0.0,0.0,0.0,0.0,0.0,0.0
2,1,0.046875,0.9375,0.015625,0.0,0.0,0.0,0.0,0.0,0.0,0.0,0.0,0.0
2,1,0.046875,0.9375,0.015625,0.0,0.0,0.0,0.0,0.0,0.0,0.0,0.0,0.0
2,1,0.046875,0.9375,0.015625,0.0,0.0,0.0,0.0,0.0,0.0,0.0,0.0,0.0
2,1,0.046875,0.9375,0.015625,0.0,0.0,0.0,0.0,0.0,0.0,0.0,0.0,0.0
2,1,0.046875,0.9375,0.015625,0.0,0.0,0.0,0.0,0.0,0.0,0.0,0.0,0.0
2,1,0.03125,0.953125,0.015625,0.0,0.0,0.0,0.0,0.0,0.0,0.0,0.0,0.0
2,1,0.03125,0.953125,0.015625,0.0,0.0,0.0,0.0,0.0,0.0,0.0,0.0,0.0
2,1,0.03125,0.953125,0.015625,0.0,0.0,0.0,0.0,0.0,0.0,0.0,0.0,0.0
2,1,0.03125,0.953125,0.015625,0.0,0.0,0.0,0.0,0.0,0.0,0.0,0.0,0.0
2,1,0.03125,0.953125,0.015625,0.0,0.0,0.0,0.0,0.0,0.0,0.0,0.0,0.0
2,1,0.03125,0.953125,0.015625,0.0,0.0,0.0,0.0,0.0,0.0,0.0,0.0,0.0
2,1,0.03125,0.953125,0.015625,0.0,0.0,0.0,0.0,0.0,0.0,0.0,0.0,0.0
2,1,0.03125,0.953125,0.015625,0.0,0.0,0.0,0.0,0.0,0.0,0.0,0.0,0.0
2,1,0.03125,0.953125,0.015625,0.0,0.0,0.0,0.0,0.0,0.0,0.0,0.0,0.0
2,1,0.03125,0.953125,0.015625,0.0,0.0,0.0,0.0,0.0,0.0,0.0,0.0,0.0
2,1,0.03125,0.953125,0.015625,0.0,0.0,0.0,0.0,0.0,0.0,0.0,0.0,0.0
2,1,0.03125,0.953125,0.015625,0.0,0.0,0.0,0.0,0.0,0.0,0.0,0.0,0.0
2,1,0.03125,0.953125,0.015625,0.0,0.0,0.0,0.0,0.0,0.0,0.0,0.0,0.0
2,1,0.03125,0.953125,0.015625,0.0,0.0,0.0,0.0,0.0,0.0,0.0,0.0,0.0
2,1,0.03125,0.953125,0.015625,0.0,0.0,0.0,0.0,0.0,0.0,0.0,0.0,0.0
2,1,0.03125,0.953125,0.015625,0.0,0.0,0.0,0.0,0.0,0.0,0.0,0.0,0.0
2,1,0.03125,0.953125,0.015625,0.0,0.0,0.0,0.0,0.0,0.0,0.0,0.0,0.0
2,1,0.03125,0.953125,0.015625,0.0,0.0,0.0,0.0,0.0,0.0,0.0,0.0,0.0
2,1,0.03125,0.953125,0.015625,0.0,0.0,0.0,0.0,0.0,0.0,0.0,0.0,0.0
2,1,0.03125,0.953125,0.015625,0.0,0.0,0.0,0.0,0.0,0.0,0.0,0.0,0.0
2,1,0.03125,0.953125,0.015625,0.0,0.0,0.0,0.0,0.0,0.0,0.0,0.0,0.0
2,1,0.03125,0.953125,0.015625,0.0,0.0,0.0,0.0,0.0,0.0,0.0,0.0,0.0
2,1,0.03125,0.953125,0.015625,0.0,0.0,0.0,0.0,0.0,0.0,0.0,0.0,0.0
2,1,0.03125,0.953125,0.015625,0.0,0.0,0.0,0.0,0.0,0.0,0.0,0.0,0.0
2,1,0.03125,0.953125,0.015625,0.0,0.0,0.0,0.0,0.0,0.0,0.0,0.0,0.0
2,1,0.03125,0.953125,0.015625,0.0,0.0,0.0,0.0,0.0,0.0,0.0,0.0,0.0
2,1,0.03125,0.953125,0.015625,0.0,0.0,0.0,0.0,0.0,0.0,0.0,0.0,0.0
2,1,0.03125,0.953125,0.015625,0.0,0.0,0.0,0.0,0.0,0.0,0.0,0.0,0.0
2,1,0.03125,0.953125,0.015625,0.0,0.0,0.0,0.0,0.0,0.0,0.0,0.0,0.0
2,1,0.03125,0.953125,0.015625,0.0,0.0,0.0,0.0,0.0,0.0,0.0,0.0,0.0
2,1,0.03125,0.953125,0.015625,0.0,0.0,0.0,0.0,0.0,0.0,0.0,0.0,0.0
2,1,0.03125,0.953125,0.015625,0.0,0.0,0.0,0.0,0.0,0.0,0.0,0.0,0.0
2,1,0.03125,0.953125,0.015625,0.0,0.0,0.0,0.0,0.0,0.0,0.0,0.0,0.0
2,1,0.03125,0.953125,0.015625,0.0,0.0,0.0,0.0,0.0,0.0,0.0,0.0,0.0
2,1,0.03125,0.953125,0.015625,0.0,0.0,0.0,0.0,0.0,0.0,0.0,0.0,0.0
2,1,0.03125,0.953125,0.015625,0.0,0.0,0.0,0.0,0.0,0.0,0.0,0.0,0.0
2,1,0.03125,0.953125,0.015625,0.0,0.0,0.0,0.0,0.0,0.0,0.0,0.0,0.0
2,1,0.03125,0.953125,0.015625,0.0,0.0,0.0,0.0,0.0,0.0,0.0,0.0,0.0
2,1,0.03125,0.953125,0.015625,0.0,0.0,0.0,0.0,0.0,0.0,0.0,0.0,0.0
2,1,0.03125,0.953125,0.015625,0.0,0.0,0.0,0.0,0.0,0.0,0.0,0.0,0.0
2,1,0.03125,0.953125,0.015625,0.0,0.0,0.0,0.0,0.0,0.0,0.0,0.0,0.0
2,1,0.03125,0.953125,0.015625,0.0,0.0,0.0,0.0,0.0,0.0,0.0,0.0,0.0
2,1,0.03125,0.953125,0.015625,0.0,0.0,0.0,0.0,0.0,0.0,0.0,0.0,0.0
2,1,0.03125,0.953125,0.015625,0.0,0.0,0.0,0.0,0.0,0.0,0.0,0.0,0.0
2,1,0.03125,0.953125,0.015625,0.0,0.0,0.0,0.0,0.0,0.0,0.0,0.0,0.0
2,1,0.03125,0.953125,0.015625,0.0,0.0,0.0,0.0,0.0,0.0,0.0,0.0,0.0
2,1,0.03125,0.953125,0.015625,0.0,0.0,0.0,0.0,0.0,0.0,0.0,0.0,0.0
2,1,0.03125,0.953125,0.015625,0.0,0.0,0.0,0.0,0.0,0.0,0.0,0.0,0.0
2,1,0.03125,0.953125,0.015625,0.0,0.0,0.0,0.0,0.0,0.0,0.0,0.0,0.0
2,1,0.03125,0.953125,0.015625,0.0,0.0,0.0,0.0,0.0,0.0,0.0,0.0,0.0
2,1,0.03125,0.953125,0.015625,0.0,0.0,0.0,0.0,0.0,0.0,0.0,0.0,0.0
2,1,0.03125,0.953125,0.015625,0.0,0.0,0.0,0.0,0.0,0.0,0.0,0.0,0.0
2,1,0.03125,0.953125,0.015625,0.0,0.0,0.0,0.0,0.0,0.0,0.0,0.0,0.0
2,1,0.03125,0.953125,0.015625,0.0,0.0,0.0,0.0,0.0,0.0,0.0,0.0,0.0
2,1,0.03125,0.953125,0.015625,0.0,0.0,0.0,0.0,0.0,0.0,0.0,0.0,0.0
2,1,0.03125,0.953125,0.015625,0.0,0.0,0.0,0.0,0.0,0.0,0.0,0.0,0.0
2,1,0.03125,0.953125,0.015625,0.0,0.0,0.0,0.0,0.0,0.0,0.0,0.0,0.0
2,1,0.03125,0.953125,0.015625,0.0,0.0,0.0,0.0,0.0,0.0,0.0,0.0,0.0
2,1,0.03125,0.953125,0.015625,0.0,0.0,0.0,0.0,0.0,0.0,0.0,0.0,0.0
2,1,0.03125,0.953125,0.015625,0.0,0.0,0.0,0.0,0.0,0.0,0.0,0.0,0.0
2,1,0.03125,0.953125,0.015625,0.0,0.0,0.0,0.0,0.0,0.0,0.0,0.0,0.0
2,1,0.03125,0.953125,0.015625,0.0,0.0,0.0,0.0,0.0,0.0,0.0,0.0,0.0
2,1,0.03125,0.953125,0.015625,0.0,0.0,0.0,0.0,0.0,0.0,0.0,0.0,0.0
2,1,0.03125,0.953125,0.015625,0.0,0.0,0.0,0.0,0.0,0.0,0.0,0.0,0.0
2,1,0.03125,0.953125,0.015625,0.0,0.0,0.0,0.0,0.0,0.0,0.0,0.0,0.0
2,1,0.03125,0.953125,0.015625,0.0,0.0,0.0,0.0,0.0,0.0,0.0,0.0,0.0
2,1,0.03125,0.953125,0.015625,0.0,0.0,0.0,0.0,0.0,0.0,0.0,0.0,0.0
2,1,0.03125,0.953125,0.015625,0.0,0.0,0.0,0.0,0.0,0.0,0.0,0.0,0.0
2,1,0.03125,0.953125,0.015625,0.0,0.0,0.0,0.0,0.0,0.0,0.0,0.0,0.0
2,1,0.03125,0.953125,0.015625,0.0,0.0,0.0,0.0,0.0,0.0,0.0,0.0,0.0
2,1,0.03125,0.953125,0.015625,0.0,0.0,0.0,0.0,0.0,0.0,0.0,0.0,0.0
2,1,0.03125,0.953125,0.015625,0.0,0.0,0.0,0.0,0.0,0.0,0.0,0.0,0.0
2,1,0.03125,0.953125,0.015625,0.0,0.0,0.0,0.0,0.0,0.0,0.0,0.0,0.0
2,1,0.03125,0.953125,0.015625,0.0,0.0,0.0,0.0,0.0,0.0,0.0,0.0,0.0
2,1,0.03125,0.953125,0.015625,0.0,0.0,0.0,0.0,0.0,0.0,0.0,0.0,0.0
2,1,0.03125,0.953125,0.015625,0.0,0.0,0.0,0.0,0.0,0.0,0.0,0.0,0.0
2,1,0.03125,0.953125,0.015625,0.0,0.0,0.0,0.0,0.0,0.0,0.0,0.0,0.0
2,1,0.03125,0.953125,0.015625,0.0,0.0,0.0,0.0,0.0,0.0,0.0,0.0,0.0
2,1,0.03125,0.953125,0.015625,0.0,0.0,0.0,0.0,0.0,0.0,0.0,0.0,0.0
2,1,0.03125,0.953125,0.015625,0.0,0.0,0.0,0.0,0.0,0.0,0.0,0.0,0.0
2,1,0.03125,0.953125,0.015625,0.0,0.0,0.0,0.0,0.0,0.0,0.0,0.0,0.0
2,1,0.03125,0.953125,0.015625,0.0,0.0,0.0,0.0,0.0,0.0,0.0,0.0,0.0
2,1,0.03125,0.953125,0.015625,0.0,0.0,0.0,0.0,0.0,0.0,0.0,0.0,0.0
2,1,0.03125,0.953125,0.015625,0.0,0.0,0.0,0.0,0.0,0.0,0.0,0.0,0.0
2,1,0.03125,0.953125,0.015625,0.0,0.0,0.0,0.0,0.0,0.0,0.0,0.0,0.0
2,1,0.03125,0.953125,0.015625,0.0,0.0,0.0,0.0,0.0,0.0,0.0,0.0,0.0
2,1,0.03125,0.953125,0.015625,0.0,0.0,0.0,0.0,0.0,0.0,0.0,0.0,0.0
2,1,0.03125,0.953125,0.015625,0.0,0.0,0.0,0.0,0.0,0.0,0.0,0.0,0.0
2,1,0.03125,0.953125,0.015625,0.0,0.0,0.0,0.0,0.0,0.0,0.0,0.0,0.0
2,1,0.03125,0.953125,0.015625,0.0,0.0,0.0,0.0,0.0,0.0,0.0,0.0,0.0
2,1,0.03125,0.953125,0.015625,0.0,0.0,0.0,0.0,0.0,0.0,0.0,0.0,0.0
2,1,0.03125,0.953125,0.015625,0.0,0.0,0.0,0.0,0.0,0.0,0.0,0.0,0.0
2,1,0.03125,0.953125,0.015625,0.0,0.0,0.0,0.0,0.0,0.0,0.0,0.0,0.0
2,1,0.03125,0.953125,0.015625,0.0,0.0,0.0,0.0,0.0,0.0,0.0,0.0,0.0
2,1,0.03125,0.953125,0.015625,0.0,0.0,0.0,0.0,0.0,0.0,0.0,0.0,0.0
2,1,0.03125,0.953125,0.015625,0.0,0.0,0.0,0.0,0.0,0.0,0.0,0.0,0.0
2,1,0.03125,0.953125,0.015625,0.0,0.0,0.0,0.0,0.0,0.0,0.0,0.0,0.0
2,1,0.03125,0.953125,0.015625,0.0,0.0,0.0,0.0,0.0,0.0,0.0,0.0,0.0
2,1,0.03125,0.953125,0.015625,0.0,0.0,0.0,0.0,0.0,0.0,0.0,0.0,0.0
2,1,0.03125,0.953125,0.015625,0.0,0.0,0.0,0.0,0.0,0.0,0.0,0.0,0.0
2,1,0.03125,0.953125,0.015625,0.0,0.0,0.0,0.0,0.0,0.0,0.0,0.0,0.0
2,1,0.03125,0.953125,0.015625,0.0,0.0,0.0,0.0,0.0,0.0,0.0,0.0,0.0
2,1,0.03125,0.953125,0.015625,0.0,0.0,0.0,0.0,0.0,0.0,0.0,0.0,0.0
2,1,0.03125,0.953125,0.015625,0.0,0.0,0.0,0.0,0.0,0.0,0.0,0.0,0.0
2,1,0.03125,0.953125,0.015625,0.0,0.0,0.0,0.0,0.0,0.0,0.0,0.0,0.0
2,1,0.03125,0.953125,0.015625,0.0,0.0,0.0,0.0,0.0,0.0,0.0,0.0,0.0
2,1,0.03125,0.953125,0.015625,0.0,0.0,0.0,0.0,0.0,0.0,0.0,0.0,0.0
2,1,0.03125,0.953125,0.015625,0.0,0.0,0.0,0.0,0.0,0.0,0.0,0.0,0.0
2,1,0.03125,0.953125,0.015625,0.0,0.0,0.0,0.0,0.0,0.0,0.0,0.0,0.0
2,1,0.03125,0.953125,0.015625,0.0,0.0,0.0,0.0,0.0,0.0,0.0,0.0,0.0
2,1,0.03125,0.953125,0.015625,0.0,0.0,0.0,0.0,0.0,0.0,0.0,0.0,0.0
2,1,0.03125,0.953125,0.015625,0.0,0.0,0.0,0.0,0.0,0.0,0.0,0.0,0.0
2,1,0.03125,0.953125,0.015625,0.0,0.0,0.0,0.0,0.0,0.0,0.0,0.0,0.0
2,1,0.03125,0.953125,0.015625,0.0,0.0,0.0,0.0,0.0,0.0,0.0,0.0,0.0
2,1,0.03125,0.953125,0.015625,0.0,0.0,0.0,0.0,0.0,0.0,0.0,0.0,0.0
2,1,0.03125,0.953125,0.015625,0.0,0.0,0.0,0.0,0.0,0.0,0.0,0.0,0.0
2,1,0.03125,0.953125,0.015625,0.0,0.0,0.0,0.0,0.0,0.0,0.0,0.0,0.0
2,1,0.03125,0.953125,0.015625,0.0,0.0,0.0,0.0,0.0,0.0,0.0,0.0,0.0
2,1,0.03125,0.953125,0.015625,0.0,0.0,0.0,0.0,0.0,0.0,0.0,0.0,0.0
2,1,0.03125,0.953125,0.015625,0.0,0.0,0.0,0.0,0.0,0.0,0.0,0.0,0.0
2,1,0.03125,0.953125,0.015625,0.0,0.0,0.0,0.0,0.0,0.0,0.0,0.0,0.0
2,1,0.03125,0.953125,0.015625,0.0,0.0,0.0,0.0,0.0,0.0,0.0,0.0,0.0
2,1,0.03125,0.953125,0.015625,0.0,0.0,0.0,0.0,0.0,0.0,0.0,0.0,0.0
2,1,0.03125,0.953125,0.015625,0.0,0.0,0.0,0.0,0.0,0.0,0.0,0.0,0.0
2,1,0.03125,0.953125,0.015625,0.0,0.0,0.0,0.0,0.0,0.0,0.0,0.0,0.0
2,1,0.03125,0.953125,0.015625,0.0,0.0,0.0,0.0,0.0,0.0,0.0,0.0,0.0
2,1,0.03125,0.953125,0.015625,0.0,0.0,0.0,0.0,0.0,0.0,0.0,0.0,0.0
2,1,0.03125,0.953125,0.015625,0.0,0.0,0.0,0.0,0.0,0.0,0.0,0.0,0.0
2,1,0.03125,0.953125,0.015625,0.0,0.0,0.0,0.0,0.0,0.0,0.0,0.0,0.0
2,1,0.03125,0.953125,0.015625,0.0,0.0,0.0,0.0,0.0,0.0,0.0,0.0,0.0
2,1,0.03125,0.953125,0.015625,0.0,0.0,0.0,0.0,0.0,0.0,0.0,0.0,0.0
2,1,0.03125,0.953125,0.015625,0.0,0.0,0.0,0.0,0.0,0.0,0.0,0.0,0.0
2,1,0.03125,0.953125,0.015625,0.0,0.0,0.0,0.0,0.0,0.0,0.0,0.0,0.0
2,1,0.03125,0.953125,0.015625,0.0,0.0,0.0,0.0,0.0,0.0,0.0,0.0,0.0
2,1,0.03125,0.953125,0.015625,0.0,0.0,0.0,0.0,0.0,0.0,0.0,0.0,0.0
2,1,0.03125,0.953125,0.015625,0.0,0.0,0.0,0.0,0.0,0.0,0.0,0.0,0.0
2,1,0.03125,0.953125,0.015625,0.0,0.0,0.0,0.0,0.0,0.0,0.0,0.0,0.0
2,1,0.03125,0.953125,0.015625,0.0,0.0,0.0,0.0,0.0,0.0,0.0,0.0,0.0
2,1,0.03125,0.953125,0.015625,0.0,0.0,0.0,0.0,0.0,0.0,0.0,0.0,0.0
2,1,0.03125,0.953125,0.015625,0.0,0.0,0.0,0.0,0.0,0.0,0.0,0.0,0.0
2,1,0.03125,0.953125,0.015625,0.0,0.0,0.0,0.0,0.0,0.0,0.0,0.0,0.0
2,1,0.03125,0.953125,0.015625,0.0,0.0,0.0,0.0,0.0,0.0,0.0,0.0,0.0
2,1,0.03125,0.953125,0.015625,0.0,0.0,0.0,0.0,0.0,0.0,0.0,0.0,0.0
2,1,0.03125,0.953125,0.015625,0.0,0.0,0.0,0.0,0.0,0.0,0.0,0.0,0.0
2,1,0.03125,0.953125,0.015625,0.0,0.0,0.0,0.0,0.0,0.0,0.0,0.0,0.0
2,1,0.03125,0.953125,0.015625,0.0,0.0,0.0,0.0,0.0,0.0,0.0,0.0,0.0
2,1,0.03125,0.953125,0.015625,0.0,0.0,0.0,0.0,0.0,0.0,0.0,0.0,0.0
2,1,0.03125,0.953125,0.015625,0.0,0.0,0.0,0.0,0.0,0.0,0.0,0.0,0.0
2,1,0.03125,0.953125,0.015625,0.0,0.0,0.0,0.0,0.0,0.0,0.0,0.0,0.0
2,1,0.03125,0.953125,0.015625,0.0,0.0,0.0,0.0,0.0,0.0,0.0,0.0,0.0
2,1,0.03125,0.953125,0.015625,0.0,0.0,0.0,0.0,0.0,0.0,0.0,0.0,0.0
2,1,0.03125,0.953125,0.015625,0.0,0.0,0.0,0.0,0.0,0.0,0.0,0.0,0.0
2,1,0.03125,0.953125,0.015625,0.0,0.0,0.0,0.0,0.0,0.0,0.0,0.0,0.0
2,1,0.03125,0.953125,0.015625,0.0,0.0,0.0,0.0,0.0,0.0,0.0,0.0,0.0
2,1,0.03125,0.953125,0.015625,0.0,0.0,0.0,0.0,0.0,0.0,0.0,0.0,0.0
2,1,0.03125,0.953125,0.015625,0.0,0.0,0.0,0.0,0.0,0.0,0.0,0.0,0.0
2,1,0.03125,0.953125,0.015625,0.0,0.0,0.0,0.0,0.0,0.0,0.0,0.0,0.0
2,1,0.03125,0.953125,0.015625,0.0,0.0,0.0,0.0,0.0,0.0,0.0,0.0,0.0
2,1,0.03125,0.953125,0.015625,0.0,0.0,0.0,0.0,0.0,0.0,0.0,0.0,0.0
2,1,0.03125,0.953125,0.015625,0.0,0.0,0.0,0.0,0.0,0.0,0.0,0.0,0.0
2,1,0.03125,0.953125,0.015625,0.0,0.0,0.0,0.0,0.0,0.0,0.0,0.0,0.0
2,1,0.03125,0.953125,0.015625,0.0,0.0,0.0,0.0,0.0,0.0,0.0,0.0,0.0
2,1,0.03125,0.953125,0.015625,0.0,0.0,0.0,0.0,0.0,0.0,0.0,0.0,0.0
2,1,0.03125,0.953125,0.015625,0.0,0.0,0.0,0.0,0.0,0.0,0.0,0.0,0.0
2,1,0.03125,0.953125,0.015625,0.0,0.0,0.0,0.0,0.0,0.0,0.0,0.0,0.0
2,1,0.03125,0.953125,0.015625,0.0,0.0,0.0,0.0,0.0,0.0,0.0,0.0,0.0
2,1,0.03125,0.953125,0.015625,0.0,0.0,0.0,0.0,0.0,0.0,0.0,0.0,0.0
2,1,0.03125,0.953125,0.015625,0.0,0.0,0.0,0.0,0.0,0.0,0.0,0.0,0.0
2,1,0.03125,0.96875,0.0,0.0,0.0,0.0,0.0,0.0,0.0,0.0,0.0,0.0
2,1,0.03125,0.96875,0.0,0.0,0.0,0.0,0.0,0.0,0.0,0.0,0.0,0.0
2,1,0.03125,0.96875,0.0,0.0,0.0,0.0,0.0,0.0,0.0,0.0,0.0,0.0
2,1,0.03125,0.96875,0.0,0.0,0.0,0.0,0.0,0.0,0.0,0.0,0.0,0.0
2,1,0.03125,0.96875,0.0,0.0,0.0,0.0,0.0,0.0,0.0,0.0,0.0,0.0
2,1,0.03125,0.96875,0.0,0.0,0.0,0.0,0.0,0.0,0.0,0.0,0.0,0.0
2,1,0.03125,0.96875,0.0,0.0,0.0,0.0,0.0,0.0,0.0,0.0,0.0,0.0
2,1,0.03125,0.96875,0.0,0.0,0.0,0.0,0.0,0.0,0.0,0.0,0.0,0.0
2,1,0.03125,0.96875,0.0,0.0,0.0,0.0,0.0,0.0,0.0,0.0,0.0,0.0
2,1,0.03125,0.96875,0.0,0.0,0.0,0.0,0.0,0.0,0.0,0.0,0.0,0.0
2,1,0.03125,0.96875,0.0,0.0,0.0,0.0,0.0,0.0,0.0,0.0,0.0,0.0
2,1,0.03125,0.96875,0.0,0.0,0.0,0.0,0.0,0.0,0.0,0.0,0.0,0.0
2,1,0.03125,0.96875,0.0,0.0,0.0,0.0,0.0,0.0,0.0,0.0,0.0,0.0
2,1,0.03125,0.96875,0.0,0.0,0.0,0.0,0.0,0.0,0.0,0.0,0.0,0.0
2,1,0.03125,0.96875,0.0,0.0,0.0,0.0,0.0,0.0,0.0,0.0,0.0,0.0
2,1,0.03125,0.96875,0.0,0.0,0.0,0.0,0.0,0.0,0.0,0.0,0.0,0.0
2,1,0.03125,0.96875,0.0,0.0,0.0,0.0,0.0,0.0,0.0,0.0,0.0,0.0
2,1,0.03125,0.96875,0.0,0.0,0.0,0.0,0.0,0.0,0.0,0.0,0.0,0.0
2,1,0.03125,0.96875,0.0,0.0,0.0,0.0,0.0,0.0,0.0,0.0,0.0,0.0
2,1,0.03125,0.96875,0.0,0.0,0.0,0.0,0.0,0.0,0.0,0.0,0.0,0.0
2,1,0.03125,0.96875,0.0,0.0,0.0,0.0,0.0,0.0,0.0,0.0,0.0,0.0
2,1,0.03125,0.96875,0.0,0.0,0.0,0.0,0.0,0.0,0.0,0.0,0.0,0.0
2,1,0.03125,0.96875,0.0,0.0,0.0,0.0,0.0,0.0,0.0,0.0,0.0,0.0
2,1,0.03125,0.96875,0.0,0.0,0.0,0.0,0.0,0.0,0.0,0.0,0.0,0.0
2,1,0.03125,0.96875,0.0,0.0,0.0,0.0,0.0,0.0,0.0,0.0,0.0,0.0
2,1,0.03125,0.96875,0.0,0.0,0.0,0.0,0.0,0.0,0.0,0.0,0.0,0.0
2,1,0.03125,0.96875,0.0,0.0,0.0,0.0,0.0,0.0,0.0,0.0,0.0,0.0
2,1,0.03125,0.96875,0.0,0.0,0.0,0.0,0.0,0.0,0.0,0.0,0.0,0.0
2,1,0.03125,0.96875,0.0,0.0,0.0,0.0,0.0,0.0,0.0,0.0,0.0,0.0
2,1,0.03125,0.96875,0.0,0.0,0.0,0.0,0.0,0.0,0.0,0.0,0.0,0.0
2,1,0.03125,0.96875,0.0,0.0,0.0,0.0,0.0,0.0,0.0,0.0,0.0,0.0
2,1,0.03125,0.96875,0.0,0.0,0.0,0.0,0.0,0.0,0.0,0.0,0.0,0.0
2,1,0.03125,0.96875,0.0,0.0,0.0,0.0,0.0,0.0,0.0,0.0,0.0,0.0
2,1,0.03125,0.96875,0.0,0.0,0.0,0.0,0.0,0.0,0.0,0.0,0.0,0.0
2,1,0.03125,0.96875,0.0,0.0,0.0,0.0,0.0,0.0,0.0,0.0,0.0,0.0
2,1,0.03125,0.96875,0.0,0.0,0.0,0.0,0.0,0.0,0.0,0.0,0.0,0.0
2,1,0.03125,0.96875,0.0,0.0,0.0,0.0,0.0,0.0,0.0,0.0,0.0,0.0
2,1,0.03125,0.96875,0.0,0.0,0.0,0.0,0.0,0.0,0.0,0.0,0.0,0.0
2,1,0.03125,0.96875,0.0,0.0,0.0,0.0,0.0,0.0,0.0,0.0,0.0,0.0
2,1,0.03125,0.96875,0.0,0.0,0.0,0.0,0.0,0.0,0.0,0.0,0.0,0.0
2,1,0.03125,0.96875,0.0,0.0,0.0,0.0,0.0,0.0,0.0,0.0,0.0,0.0
2,1,0.03125,0.96875,0.0,0.0,0.0,0.0,0.0,0.0,0.0,0.0,0.0,0.0
2,1,0.03125,0.96875,0.0,0.0,0.0,0.0,0.0,0.0,0.0,0.0,0.0,0.0
2,1,0.03125,0.96875,0.0,0.0,0.0,0.0,0.0,0.0,0.0,0.0,0.0,0.0
2,1,0.03125,0.96875,0.0,0.0,0.0,0.0,0.0,0.0,0.0,0.0,0.0,0.0
2,1,0.03125,0.96875,0.0,0.0,0.0,0.0,0.0,0.0,0.0,0.0,0.0,0.0
2,1,0.03125,0.96875,0.0,0.0,0.0,0.0,0.0,0.0,0.0,0.0,0.0,0.0
2,1,0.03125,0.96875,0.0,0.0,0.0,0.0,0.0,0.0,0.0,0.0,0.0,0.0
2,1,0.03125,0.96875,0.0,0.0,0.0,0.0,0.0,0.0,0.0,0.0,0.0,0.0
2,1,0.03125,0.96875,0.0,0.0,0.0,0.0,0.0,0.0,0.0,0.0,0.0,0.0
2,1,0.03125,0.96875,0.0,0.0,0.0,0.0,0.0,0.0,0.0,0.0,0.0,0.0
2,1,0.03125,0.96875,0.0,0.0,0.0,0.0,0.0,0.0,0.0,0.0,0.0,0.0
2,1,0.03125,0.96875,0.0,0.0,0.0,0.0,0.0,0.0,0.0,0.0,0.0,0.0
2,1,0.03125,0.96875,0.0,0.0,0.0,0.0,0.0,0.0,0.0,0.0,0.0,0.0
2,1,0.03125,0.96875,0.0,0.0,0.0,0.0,0.0,0.0,0.0,0.0,0.0,0.0
2,1,0.03125,0.96875,0.0,0.0,0.0,0.0,0.0,0.0,0.0,0.0,0.0,0.0
2,1,0.03125,0.96875,0.0,0.0,0.0,0.0,0.0,0.0,0.0,0.0,0.0,0.0
2,1,0.03125,0.96875,0.0,0.0,0.0,0.0,0.0,0.0,0.0,0.0,0.0,0.0
2,1,0.03125,0.96875,0.0,0.0,0.0,0.0,0.0,0.0,0.0,0.0,0.0,0.0
2,1,0.03125,0.96875,0.0,0.0,0.0,0.0,0.0,0.0,0.0,0.0,0.0,0.0
2,1,0.03125,0.96875,0.0,0.0,0.0,0.0,0.0,0.0,0.0,0.0,0.0,0.0
2,1,0.03125,0.96875,0.0,0.0,0.0,0.0,0.0,0.0,0.0,0.0,0.0,0.0
2,1,0.03125,0.96875,0.0,0.0,0.0,0.0,0.0,0.0,0.0,0.0,0.0,0.0
2,1,0.03125,0.96875,0.0,0.0,0.0,0.0,0.0,0.0,0.0,0.0,0.0,0.0
2,1,0.03125,0.96875,0.0,0.0,0.0,0.0,0.0,0.0,0.0,0.0,0.0,0.0
2,1,0.03125,0.96875,0.0,0.0,0.0,0.0,0.0,0.0,0.0,0.0,0.0,0.0
2,1,0.03125,0.96875,0.0,0.0,0.0,0.0,0.0,0.0,0.0,0.0,0.0,0.0
2,1,0.03125,0.96875,0.0,0.0,0.0,0.0,0.0,0.0,0.0,0.0,0.0,0.0
2,1,0.03125,0.96875,0.0,0.0,0.0,0.0,0.0,0.0,0.0,0.0,0.0,0.0
2,1,0.03125,0.96875,0.0,0.0,0.0,0.0,0.0,0.0,0.0,0.0,0.0,0.0
2,1,0.03125,0.96875,0.0,0.0,0.0,0.0,0.0,0.0,0.0,0.0,0.0,0.0
2,1,0.03125,0.96875,0.0,0.0,0.0,0.0,0.0,0.0,0.0,0.0,0.0,0.0
2,1,0.03125,0.96875,0.0,0.0,0.0,0.0,0.0,0.0,0.0,0.0,0.0,0.0
2,1,0.03125,0.96875,0.0,0.0,0.0,0.0,0.0,0.0,0.0,0.0,0.0,0.0
2,1,0.03125,0.96875,0.0,0.0,0.0,0.0,0.0,0.0,0.0,0.0,0.0,0.0
2,1,0.03125,0.96875,0.0,0.0,0.0,0.0,0.0,0.0,0.0,0.0,0.0,0.0
2,1,0.03125,0.96875,0.0,0.0,0.0,0.0,0.0,0.0,0.0,0.0,0.0,0.0
2,1,0.03125,0.96875,0.0,0.0,0.0,0.0,0.0,0.0,0.0,0.0,0.0,0.0
2,1,0.03125,0.96875,0.0,0.0,0.0,0.0,0.0,0.0,0.0,0.0,0.0,0.0
2,1,0.03125,0.96875,0.0,0.0,0.0,0.0,0.0,0.0,0.0,0.0,0.0,0.0
2,1,0.03125,0.96875,0.0,0.0,0.0,0.0,0.0,0.0,0.0,0.0,0.0,0.0
2,1,0.03125,0.96875,0.0,0.0,0.0,0.0,0.0,0.0,0.0,0.0,0.0,0.0
2,1,0.03125,0.96875,0.0,0.0,0.0,0.0,0.0,0.0,0.0,0.0,0.0,0.0
2,1,0.03125,0.96875,0.0,0.0,0.0,0.0,0.0,0.0,0.0,0.0,0.0,0.0
2,1,0.03125,0.96875,0.0,0.0,0.0,0.0,0.0,0.0,0.0,0.0,0.0,0.0
2,1,0.03125,0.96875,0.0,0.0,0.0,0.0,0.0,0.0,0.0,0.0,0.0,0.0
2,1,0.03125,0.96875,0.0,0.0,0.0,0.0,0.0,0.0,0.0,0.0,0.0,0.0
2,1,0.03125,0.96875,0.0,0.0,0.0,0.0,0.0,0.0,0.0,0.0,0.0,0.0
2,1,0.03125,0.96875,0.0,0.0,0.0,0.0,0.0,0.0,0.0,0.0,0.0,0.0
2,1,0.03125,0.96875,0.0,0.0,0.0,0.0,0.0,0.0,0.0,0.0,0.0,0.0
2,1,0.03125,0.96875,0.0,0.0,0.0,0.0,0.0,0.0,0.0,0.0,0.0,0.0
2,1,0.03125,0.96875,0.0,0.0,0.0,0.0,0.0,0.0,0.0,0.0,0.0,0.0
2,1,0.03125,0.96875,0.0,0.0,0.0,0.0,0.0,0.0,0.0,0.0,0.0,0.0
2,1,0.03125,0.96875,0.0,0.0,0.0,0.0,0.0,0.0,0.0,0.0,0.0,0.0
2,1,0.03125,0.96875,0.0,0.0,0.0,0.0,0.0,0.0,0.0,0.0,0.0,0.0
2,1,0.03125,0.96875,0.0,0.0,0.0,0.0,0.0,0.0,0.0,0.0,0.0,0.0
2,1,0.03125,0.96875,0.0,0.0,0.0,0.0,0.0,0.0,0.0,0.0,0.0,0.0
2,1,0.03125,0.96875,0.0,0.0,0.0,0.0,0.0,0.0,0.0,0.0,0.0,0.0
2,1,0.03125,0.96875,0.0,0.0,0.0,0.0,0.0,0.0,0.0,0.0,0.0,0.0
2,1,0.03125,0.96875,0.0,0.0,0.0,0.0,0.0,0.0,0.0,0.0,0.0,0.0
2,1,0.03125,0.953125,0.015625,0.0,0.0,0.0,0.0,0.0,0.0,0.0,0.0,0.0
2,1,0.03125,0.953125,0.015625,0.0,0.0,0.0,0.0,0.0,0.0,0.0,0.0,0.0
2,1,0.03125,0.953125,0.015625,0.0,0.0,0.0,0.0,0.0,0.0,0.0,0.0,0.0
2,1,0.03125,0.953125,0.015625,0.0,0.0,0.0,0.0,0.0,0.0,0.0,0.0,0.0
2,1,0.03125,0.953125,0.015625,0.0,0.0,0.0,0.0,0.0,0.0,0.0,0.0,0.0
2,1,0.03125,0.953125,0.015625,0.0,0.0,0.0,0.0,0.0,0.0,0.0,0.0,0.0
2,1,0.03125,0.953125,0.015625,0.0,0.0,0.0,0.0,0.0,0.0,0.0,0.0,0.0
2,1,0.03125,0.953125,0.015625,0.0,0.0,0.0,0.0,0.0,0.0,0.0,0.0,0.0
2,1,0.03125,0.953125,0.015625,0.0,0.0,0.0,0.0,0.0,0.0,0.0,0.0,0.0
2,1,0.03125,0.953125,0.015625,0.0,0.0,0.0,0.0,0.0,0.0,0.0,0.0,0.0
2,1,0.03125,0.953125,0.015625,0.0,0.0,0.0,0.0,0.0,0.0,0.0,0.0,0.0
2,1,0.03125,0.953125,0.015625,0.0,0.0,0.0,0.0,0.0,0.0,0.0,0.0,0.0
2,1,0.03125,0.953125,0.015625,0.0,0.0,0.0,0.0,0.0,0.0,0.0,0.0,0.0
2,1,0.03125,0.953125,0.015625,0.0,0.0,0.0,0.0,0.0,0.0,0.0,0.0,0.0
2,1,0.03125,0.953125,0.015625,0.0,0.0,0.0,0.0,0.0,0.0,0.0,0.0,0.0
2,1,0.03125,0.953125,0.015625,0.0,0.0,0.0,0.0,0.0,0.0,0.0,0.0,0.0
2,1,0.03125,0.953125,0.015625,0.0,0.0,0.0,0.0,0.0,0.0,0.0,0.0,0.0
2,1,0.03125,0.953125,0.015625,0.0,0.0,0.0,0.0,0.0,0.0,0.0,0.0,0.0
2,1,0.03125,0.953125,0.015625,0.0,0.0,0.0,0.0,0.0,0.0,0.0,0.0,0.0
2,1,0.03125,0.953125,0.015625,0.0,0.0,0.0,0.0,0.0,0.0,0.0,0.0,0.0
2,1,0.03125,0.96875,0.0,0.0,0.0,0.0,0.0,0.0,0.0,0.0,0.0,0.0
2,1,0.03125,0.96875,0.0,0.0,0.0,0.0,0.0,0.0,0.0,0.0,0.0,0.0
2,1,0.03125,0.96875,0.0,0.0,0.0,0.0,0.0,0.0,0.0,0.0,0.0,0.0
2,1,0.03125,0.96875,0.0,0.0,0.0,0.0,0.0,0.0,0.0,0.0,0.0,0.0
2,1,0.03125,0.96875,0.0,0.0,0.0,0.0,0.0,0.0,0.0,0.0,0.0,0.0
2,1,0.03125,0.96875,0.0,0.0,0.0,0.0,0.0,0.0,0.0,0.0,0.0,0.0
2,1,0.03125,0.96875,0.0,0.0,0.0,0.0,0.0,0.0,0.0,0.0,0.0,0.0
2,1,0.03125,0.96875,0.0,0.0,0.0,0.0,0.0,0.0,0.0,0.0,0.0,0.0
2,1,0.03125,0.96875,0.0,0.0,0.0,0.0,0.0,0.0,0.0,0.0,0.0,0.0
2,1,0.03125,0.96875,0.0,0.0,0.0,0.0,0.0,0.0,0.0,0.0,0.0,0.0
2,1,0.03125,0.96875,0.0,0.0,0.0,0.0,0.0,0.0,0.0,0.0,0.0,0.0
2,1,0.03125,0.96875,0.0,0.0,0.0,0.0,0.0,0.0,0.0,0.0,0.0,0.0
2,1,0.03125,0.96875,0.0,0.0,0.0,0.0,0.0,0.0,0.0,0.0,0.0,0.0
2,1,0.03125,0.96875,0.0,0.0,0.0,0.0,0.0,0.0,0.0,0.0,0.0,0.0
2,1,0.03125,0.96875,0.0,0.0,0.0,0.0,0.0,0.0,0.0,0.0,0.0,0.0
2,1,0.03125,0.96875,0.0,0.0,0.0,0.0,0.0,0.0,0.0,0.0,0.0,0.0
2,1,0.03125,0.96875,0.0,0.0,0.0,0.0,0.0,0.0,0.0,0.0,0.0,0.0
2,1,0.03125,0.96875,0.0,0.0,0.0,0.0,0.0,0.0,0.0,0.0,0.0,0.0
2,1,0.03125,0.96875,0.0,0.0,0.0,0.0,0.0,0.0,0.0,0.0,0.0,0.0
2,1,0.03125,0.96875,0.0,0.0,0.0,0.0,0.0,0.0,0.0,0.0,0.0,0.0
2,1,0.03125,0.96875,0.0,0.0,0.0,0.0,0.0,0.0,0.0,0.0,0.0,0.0
2,1,0.03125,0.96875,0.0,0.0,0.0,0.0,0.0,0.0,0.0,0.0,0.0,0.0
2,1,0.03125,0.96875,0.0,0.0,0.0,0.0,0.0,0.0,0.0,0.0,0.0,0.0
2,1,0.03125,0.96875,0.0,0.0,0.0,0.0,0.0,0.0,0.0,0.0,0.0,0.0
2,1,0.03125,0.96875,0.0,0.0,0.0,0.0,0.0,0.0,0.0,0.0,0.0,0.0
2,1,0.03125,0.96875,0.0,0.0,0.0,0.0,0.0,0.0,0.0,0.0,0.0,0.0
2,1,0.03125,0.96875,0.0,0.0,0.0,0.0,0.0,0.0,0.0,0.0,0.0,0.0
2,1,0.03125,0.96875,0.0,0.0,0.0,0.0,0.0,0.0,0.0,0.0,0.0,0.0
2,1,0.046875,0.953125,0.0,0.0,0.0,0.0,0.0,0.0,0.0,0.0,0.0,0.0
2,1,0.046875,0.953125,0.0,0.0,0.0,0.0,0.0,0.0,0.0,0.0,0.0,0.0
2,1,0.046875,0.953125,0.0,0.0,0.0,0.0,0.0,0.0,0.0,0.0,0.0,0.0
2,1,0.046875,0.953125,0.0,0.0,0.0,0.0,0.0,0.0,0.0,0.0,0.0,0.0
2,1,0.046875,0.953125,0.0,0.0,0.0,0.0,0.0,0.0,0.0,0.0,0.0,0.0
2,1,0.046875,0.953125,0.0,0.0,0.0,0.0,0.0,0.0,0.0,0.0,0.0,0.0
2,1,0.046875,0.953125,0.0,0.0,0.0,0.0,0.0,0.0,0.0,0.0,0.0,0.0
2,1,0.046875,0.953125,0.0,0.0,0.0,0.0,0.0,0.0,0.0,0.0,0.0,0.0
2,1,0.046875,0.953125,0.0,0.0,0.0,0.0,0.0,0.0,0.0,0.0,0.0,0.0
2,1,0.046875,0.953125,0.0,0.0,0.0,0.0,0.0,0.0,0.0,0.0,0.0,0.0
2,1,0.046875,0.953125,0.0,0.0,0.0,0.0,0.0,0.0,0.0,0.0,0.0,0.0
2,1,0.046875,0.953125,0.0,0.0,0.0,0.0,0.0,0.0,0.0,0.0,0.0,0.0
2,1,0.046875,0.9375,0.015625,0.0,0.0,0.0,0.0,0.0,0.0,0.0,0.0,0.0
2,1,0.046875,0.9375,0.015625,0.0,0.0,0.0,0.0,0.0,0.0,0.0,0.0,0.0
2,1,0.046875,0.9375,0.015625,0.0,0.0,0.0,0.0,0.0,0.0,0.0,0.0,0.0
2,1,0.046875,0.9375,0.015625,0.0,0.0,0.0,0.0,0.0,0.0,0.0,0.0,0.0
2,1,0.046875,0.9375,0.015625,0.0,0.0,0.0,0.0,0.0,0.0,0.0,0.0,0.0
2,1,0.046875,0.9375,0.015625,0.0,0.0,0.0,0.0,0.0,0.0,0.0,0.0,0.0
2,1,0.046875,0.9375,0.015625,0.0,0.0,0.0,0.0,0.0,0.0,0.0,0.0,0.0
2,1,0.046875,0.9375,0.015625,0.0,0.0,0.0,0.0,0.0,0.0,0.0,0.0,0.0
2,1,0.046875,0.9375,0.015625,0.0,0.0,0.0,0.0,0.0,0.0,0.0,0.0,0.0
2,1,0.046875,0.9375,0.015625,0.0,0.0,0.0,0.0,0.0,0.0,0.0,0.0,0.0
2,1,0.046875,0.9375,0.015625,0.0,0.0,0.0,0.0,0.0,0.0,0.0,0.0,0.0
2,1,0.046875,0.9375,0.015625,0.0,0.0,0.0,0.0,0.0,0.0,0.0,0.0,0.0
2,1,0.046875,0.9375,0.015625,0.0,0.0,0.0,0.0,0.0,0.0,0.0,0.0,0.0
2,1,0.046875,0.9375,0.015625,0.0,0.0,0.0,0.0,0.0,0.0,0.0,0.0,0.0
2,1,0.046875,0.9375,0.015625,0.0,0.0,0.0,0.0,0.0,0.0,0.0,0.0,0.0
2,1,0.046875,0.9375,0.015625,0.0,0.0,0.0,0.0,0.0,0.0,0.0,0.0,0.0
2,1,0.046875,0.9375,0.015625,0.0,0.0,0.0,0.0,0.0,0.0,0.0,0.0,0.0
2,1,0.046875,0.9375,0.015625,0.0,0.0,0.0,0.0,0.0,0.0,0.0,0.0,0.0
2,1,0.046875,0.9375,0.015625,0.0,0.0,0.0,0.0,0.0,0.0,0.0,0.0,0.0
2,1,0.046875,0.9375,0.015625,0.0,0.0,0.0,0.0,0.0,0.0,0.0,0.0,0.0
2,1,0.046875,0.9375,0.015625,0.0,0.0,0.0,0.0,0.0,0.0,0.0,0.0,0.0
2,1,0.046875,0.9375,0.015625,0.0,0.0,0.0,0.0,0.0,0.0,0.0,0.0,0.0
2,1,0.046875,0.9375,0.015625,0.0,0.0,0.0,0.0,0.0,0.0,0.0,0.0,0.0
2,1,0.046875,0.9375,0.015625,0.0,0.0,0.0,0.0,0.0,0.0,0.0,0.0,0.0
2,1,0.046875,0.9375,0.015625,0.0,0.0,0.0,0.0,0.0,0.0,0.0,0.0,0.0
2,1,0.046875,0.9375,0.015625,0.0,0.0,0.0,0.0,0.0,0.0,0.0,0.0,0.0
2,1,0.046875,0.9375,0.015625,0.0,0.0,0.0,0.0,0.0,0.0,0.0,0.0,0.0
2,1,0.046875,0.9375,0.015625,0.0,0.0,0.0,0.0,0.0,0.0,0.0,0.0,0.0
2,1,0.046875,0.9375,0.015625,0.0,0.0,0.0,0.0,0.0,0.0,0.0,0.0,0.0
2,1,0.046875,0.9375,0.015625,0.0,0.0,0.0,0.0,0.0,0.0,0.0,0.0,0.0
2,1,0.046875,0.9375,0.015625,0.0,0.0,0.0,0.0,0.0,0.0,0.0,0.0,0.0
2,1,0.046875,0.9375,0.015625,0.0,0.0,0.0,0.0,0.0,0.0,0.0,0.0,0.0
2,1,0.046875,0.9375,0.015625,0.0,0.0,0.0,0.0,0.0,0.0,0.0,0.0,0.0
2,1,0.046875,0.9375,0.015625,0.0,0.0,0.0,0.0,0.0,0.0,0.0,0.0,0.0
2,1,0.046875,0.9375,0.015625,0.0,0.0,0.0,0.0,0.0,0.0,0.0,0.0,0.0
2,1,0.046875,0.9375,0.015625,0.0,0.0,0.0,0.0,0.0,0.0,0.0,0.0,0.0
2,1,0.046875,0.9375,0.015625,0.0,0.0,0.0,0.0,0.0,0.0,0.0,0.0,0.0
2,1,0.046875,0.9375,0.015625,0.0,0.0,0.0,0.0,0.0,0.0,0.0,0.0,0.0
2,1,0.046875,0.9375,0.015625,0.0,0.0,0.0,0.0,0.0,0.0,0.0,0.0,0.0
2,1,0.046875,0.9375,0.015625,0.0,0.0,0.0,0.0,0.0,0.0,0.0,0.0,0.0
2,1,0.046875,0.9375,0.015625,0.0,0.0,0.0,0.0,0.0,0.0,0.0,0.0,0.0
2,1,0.046875,0.9375,0.015625,0.0,0.0,0.0,0.0,0.0,0.0,0.0,0.0,0.0
2,1,0.046875,0.9375,0.015625,0.0,0.0,0.0,0.0,0.0,0.0,0.0,0.0,0.0
2,1,0.046875,0.9375,0.015625,0.0,0.0,0.0,0.0,0.0,0.0,0.0,0.0,0.0
2,1,0.046875,0.9375,0.015625,0.0,0.0,0.0,0.0,0.0,0.0,0.0,0.0,0.0
2,1,0.046875,0.9375,0.015625,0.0,0.0,0.0,0.0,0.0,0.0,0.0,0.0,0.0
2,1,0.046875,0.9375,0.015625,0.0,0.0,0.0,0.0,0.0,0.0,0.0,0.0,0.0
2,1,0.046875,0.9375,0.015625,0.0,0.0,0.0,0.0,0.0,0.0,0.0,0.0,0.0
2,1,0.046875,0.9375,0.015625,0.0,0.0,0.0,0.0,0.0,0.0,0.0,0.0,0.0
2,1,0.046875,0.9375,0.015625,0.0,0.0,0.0,0.0,0.0,0.0,0.0,0.0,0.0
2,1,0.046875,0.9375,0.015625,0.0,0.0,0.0,0.0,0.0,0.0,0.0,0.0,0.0
2,1,0.046875,0.9375,0.015625,0.0,0.0,0.0,0.0,0.0,0.0,0.0,0.0,0.0
2,1,0.046875,0.9375,0.015625,0.0,0.0,0.0,0.0,0.0,0.0,0.0,0.0,0.0
2,1,0.046875,0.9375,0.015625,0.0,0.0,0.0,0.0,0.0,0.0,0.0,0.0,0.0
2,1,0.046875,0.9375,0.015625,0.0,0.0,0.0,0.0,0.0,0.0,0.0,0.0,0.0
2,1,0.046875,0.9375,0.015625,0.0,0.0,0.0,0.0,0.0,0.0,0.0,0.0,0.0
2,1,0.046875,0.9375,0.015625,0.0,0.0,0.0,0.0,0.0,0.0,0.0,0.0,0.0
2,1,0.046875,0.9375,0.015625,0.0,0.0,0.0,0.0,0.0,0.0,0.0,0.0,0.0
2,1,0.046875,0.9375,0.015625,0.0,0.0,0.0,0.0,0.0,0.0,0.0,0.0,0.0
2,1,0.046875,0.9375,0.015625,0.0,0.0,0.0,0.0,0.0,0.0,0.0,0.0,0.0
2,1,0.046875,0.9375,0.015625,0.0,0.0,0.0,0.0,0.0,0.0,0.0,0.0,0.0
2,1,0.046875,0.9375,0.015625,0.0,0.0,0.0,0.0,0.0,0.0,0.0,0.0,0.0
2,1,0.046875,0.9375,0.015625,0.0,0.0,0.0,0.0,0.0,0.0,0.0,0.0,0.0
2,1,0.046875,0.9375,0.015625,0.0,0.0,0.0,0.0,0.0,0.0,0.0,0.0,0.0
2,1,0.046875,0.9375,0.015625,0.0,0.0,0.0,0.0,0.0,0.0,0.0,0.0,0.0
2,1,0.046875,0.9375,0.015625,0.0,0.0,0.0,0.0,0.0,0.0,0.0,0.0,0.0
2,1,0.046875,0.9375,0.015625,0.0,0.0,0.0,0.0,0.0,0.0,0.0,0.0,0.0
2,1,0.046875,0.9375,0.015625,0.0,0.0,0.0,0.0,0.0,0.0,0.0,0.0,0.0
2,1,0.046875,0.9375,0.015625,0.0,0.0,0.0,0.0,0.0,0.0,0.0,0.0,0.0
2,1,0.046875,0.9375,0.015625,0.0,0.0,0.0,0.0,0.0,0.0,0.0,0.0,0.0
2,1,0.046875,0.9375,0.015625,0.0,0.0,0.0,0.0,0.0,0.0,0.0,0.0,0.0
2,1,0.046875,0.9375,0.015625,0.0,0.0,0.0,0.0,0.0,0.0,0.0,0.0,0.0
2,1,0.046875,0.9375,0.015625,0.0,0.0,0.0,0.0,0.0,0.0,0.0,0.0,0.0
2,1,0.046875,0.9375,0.015625,0.0,0.0,0.0,0.0,0.0,0.0,0.0,0.0,0.0
2,1,0.046875,0.9375,0.015625,0.0,0.0,0.0,0.0,0.0,0.0,0.0,0.0,0.0
2,1,0.046875,0.9375,0.015625,0.0,0.0,0.0,0.0,0.0,0.0,0.0,0.0,0.0
2,1,0.046875,0.9375,0.015625,0.0,0.0,0.0,0.0,0.0,0.0,0.0,0.0,0.0
2,1,0.046875,0.9375,0.015625,0.0,0.0,0.0,0.0,0.0,0.0,0.0,0.0,0.0
2,1,0.046875,0.9375,0.015625,0.0,0.0,0.0,0.0,0.0,0.0,0.0,0.0,0.0
2,1,0.046875,0.9375,0.015625,0.0,0.0,0.0,0.0,0.0,0.0,0.0,0.0,0.0
2,1,0.046875,0.9375,0.015625,0.0,0.0,0.0,0.0,0.0,0.0,0.0,0.0,0.0
2,1,0.046875,0.9375,0.015625,0.0,0.0,0.0,0.0,0.0,0.0,0.0,0.0,0.0
2,1,0.046875,0.9375,0.015625,0.0,0.0,0.0,0.0,0.0,0.0,0.0,0.0,0.0
2,1,0.046875,0.9375,0.015625,0.0,0.0,0.0,0.0,0.0,0.0,0.0,0.0,0.0
2,1,0.046875,0.9375,0.015625,0.0,0.0,0.0,0.0,0.0,0.0,0.0,0.0,0.0
2,1,0.046875,0.9375,0.015625,0.0,0.0,0.0,0.0,0.0,0.0,0.0,0.0,0.0
2,1,0.046875,0.9375,0.015625,0.0,0.0,0.0,0.0,0.0,0.0,0.0,0.0,0.0
2,1,0.046875,0.9375,0.015625,0.0,0.0,0.0,0.0,0.0,0.0,0.0,0.0,0.0
2,1,0.046875,0.9375,0.015625,0.0,0.0,0.0,0.0,0.0,0.0,0.0,0.0,0.0
2,1,0.046875,0.9375,0.015625,0.0,0.0,0.0,0.0,0.0,0.0,0.0,0.0,0.0
2,1,0.046875,0.9375,0.015625,0.0,0.0,0.0,0.0,0.0,0.0,0.0,0.0,0.0
2,1,0.046875,0.9375,0.015625,0.0,0.0,0.0,0.0,0.0,0.0,0.0,0.0,0.0
2,1,0.046875,0.9375,0.015625,0.0,0.0,0.0,0.0,0.0,0.0,0.0,0.0,0.0
2,1,0.046875,0.9375,0.015625,0.0,0.0,0.0,0.0,0.0,0.0,0.0,0.0,0.0
2,1,0.046875,0.9375,0.015625,0.0,0.0,0.0,0.0,0.0,0.0,0.0,0.0,0.0
2,1,0.046875,0.9375,0.015625,0.0,0.0,0.0,0.0,0.0,0.0,0.0,0.0,0.0
2,1,0.046875,0.9375,0.015625,0.0,0.0,0.0,0.0,0.0,0.0,0.0,0.0,0.0
2,1,0.046875,0.9375,0.015625,0.0,0.0,0.0,0.0,0.0,0.0,0.0,0.0,0.0
2,1,0.046875,0.9375,0.015625,0.0,0.0,0.0,0.0,0.0,0.0,0.0,0.0,0.0
2,1,0.046875,0.9375,0.015625,0.0,0.0,0.0,0.0,0.0,0.0,0.0,0.0,0.0
2,1,0.046875,0.921875,0.015625,0.015625,0.0,0.0,0.0,0.0,0.0,0.0,0.0,0.0
2,1,0.046875,0.921875,0.015625,0.015625,0.0,0.0,0.0,0.0,0.0,0.0,0.0,0.0
2,1,0.046875,0.921875,0.015625,0.015625,0.0,0.0,0.0,0.0,0.0,0.0,0.0,0.0
2,1,0.046875,0.921875,0.015625,0.015625,0.0,0.0,0.0,0.0,0.0,0.0,0.0,0.0
2,1,0.046875,0.921875,0.015625,0.015625,0.0,0.0,0.0,0.0,0.0,0.0,0.0,0.0
2,1,0.046875,0.921875,0.015625,0.015625,0.0,0.0,0.0,0.0,0.0,0.0,0.0,0.0
2,1,0.046875,0.921875,0.015625,0.015625,0.0,0.0,0.0,0.0,0.0,0.0,0.0,0.0
2,1,0.046875,0.921875,0.015625,0.015625,0.0,0.0,0.0,0.0,0.0,0.0,0.0,0.0
2,1,0.046875,0.921875,0.015625,0.015625,0.0,0.0,0.0,0.0,0.0,0.0,0.0,0.0
2,1,0.046875,0.921875,0.015625,0.015625,0.0,0.0,0.0,0.0,0.0,0.0,0.0,0.0
2,1,0.046875,0.921875,0.015625,0.015625,0.0,0.0,0.0,0.0,0.0,0.0,0.0,0.0
2,1,0.046875,0.921875,0.015625,0.015625,0.0,0.0,0.0,0.0,0.0,0.0,0.0,0.0
2,1,0.046875,0.921875,0.015625,0.015625,0.0,0.0,0.0,0.0,0.0,0.0,0.0,0.0
2,1,0.046875,0.921875,0.015625,0.015625,0.0,0.0,0.0,0.0,0.0,0.0,0.0,0.0
2,1,0.046875,0.921875,0.015625,0.015625,0.0,0.0,0.0,0.0,0.0,0.0,0.0,0.0
2,1,0.046875,0.921875,0.015625,0.015625,0.0,0.0,0.0,0.0,0.0,0.0,0.0,0.0
2,1,0.046875,0.921875,0.015625,0.015625,0.0,0.0,0.0,0.0,0.0,0.0,0.0,0.0
2,1,0.046875,0.921875,0.015625,0.015625,0.0,0.0,0.0,0.0,0.0,0.0,0.0,0.0
2,1,0.046875,0.921875,0.015625,0.015625,0.0,0.0,0.0,0.0,0.0,0.0,0.0,0.0
2,1,0.046875,0.921875,0.015625,0.015625,0.0,0.0,0.0,0.0,0.0,0.0,0.0,0.0
2,1,0.046875,0.921875,0.015625,0.015625,0.0,0.0,0.0,0.0,0.0,0.0,0.0,0.0
2,1,0.046875,0.921875,0.015625,0.015625,0.0,0.0,0.0,0.0,0.0,0.0,0.0,0.0
2,1,0.046875,0.921875,0.015625,0.015625,0.0,0.0,0.0,0.0,0.0,0.0,0.0,0.0
2,1,0.046875,0.921875,0.015625,0.015625,0.0,0.0,0.0,0.0,0.0,0.0,0.0,0.0
2,1,0.046875,0.921875,0.015625,0.015625,0.0,0.0,0.0,0.0,0.0,0.0,0.0,0.0
2,1,0.046875,0.921875,0.015625,0.015625,0.0,0.0,0.0,0.0,0.0,0.0,0.0,0.0
2,1,0.046875,0.921875,0.015625,0.015625,0.0,0.0,0.0,0.0,0.0,0.0,0.0,0.0
2,1,0.046875,0.921875,0.015625,0.015625,0.0,0.0,0.0,0.0,0.0,0.0,0.0,0.0
2,1,0.046875,0.921875,0.015625,0.015625,0.0,0.0,0.0,0.0,0.0,0.0,0.0,0.0
2,1,0.046875,0.921875,0.015625,0.015625,0.0,0.0,0.0,0.0,0.0,0.0,0.0,0.0
2,1,0.046875,0.921875,0.015625,0.015625,0.0,0.0,0.0,0.0,0.0,0.0,0.0,0.0
2,1,0.046875,0.921875,0.015625,0.015625,0.0,0.0,0.0,0.0,0.0,0.0,0.0,0.0
2,1,0.046875,0.921875,0.015625,0.015625,0.0,0.0,0.0,0.0,0.0,0.0,0.0,0.0
2,1,0.046875,0.921875,0.015625,0.015625,0.0,0.0,0.0,0.0,0.0,0.0,0.0,0.0
2,1,0.046875,0.921875,0.015625,0.015625,0.0,0.0,0.0,0.0,0.0,0.0,0.0,0.0
2,1,0.046875,0.921875,0.015625,0.015625,0.0,0.0,0.0,0.0,0.0,0.0,0.0,0.0
2,1,0.046875,0.921875,0.015625,0.015625,0.0,0.0,0.0,0.0,0.0,0.0,0.0,0.0
2,1,0.046875,0.921875,0.015625,0.015625,0.0,0.0,0.0,0.0,0.0,0.0,0.0,0.0
2,1,0.046875,0.921875,0.015625,0.015625,0.0,0.0,0.0,0.0,0.0,0.0,0.0,0.0
2,1,0.046875,0.921875,0.015625,0.015625,0.0,0.0,0.0,0.0,0.0,0.0,0.0,0.0
2,1,0.046875,0.921875,0.015625,0.015625,0.0,0.0,0.0,0.0,0.0,0.0,0.0,0.0
2,1,0.046875,0.921875,0.015625,0.015625,0.0,0.0,0.0,0.0,0.0,0.0,0.0,0.0
2,1,0.046875,0.921875,0.015625,0.015625,0.0,0.0,0.0,0.0,0.0,0.0,0.0,0.0
2,1,0.046875,0.921875,0.015625,0.015625,0.0,0.0,0.0,0.0,0.0,0.0,0.0,0.0
2,1,0.046875,0.921875,0.015625,0.015625,0.0,0.0,0.0,0.0,0.0,0.0,0.0,0.0
2,1,0.046875,0.921875,0.015625,0.015625,0.0,0.0,0.0,0.0,0.0,0.0,0.0,0.0
2,1,0.046875,0.921875,0.015625,0.015625,0.0,0.0,0.0,0.0,0.0,0.0,0.0,0.0
2,1,0.046875,0.921875,0.015625,0.015625,0.0,0.0,0.0,0.0,0.0,0.0,0.0,0.0
2,1,0.046875,0.921875,0.015625,0.015625,0.0,0.0,0.0,0.0,0.0,0.0,0.0,0.0
2,1,0.046875,0.921875,0.015625,0.015625,0.0,0.0,0.0,0.0,0.0,0.0,0.0,0.0
2,1,0.046875,0.921875,0.015625,0.015625,0.0,0.0,0.0,0.0,0.0,0.0,0.0,0.0
2,1,0.046875,0.921875,0.015625,0.015625,0.0,0.0,0.0,0.0,0.0,0.0,0.0,0.0
2,1,0.046875,0.921875,0.015625,0.015625,0.0,0.0,0.0,0.0,0.0,0.0,0.0,0.0
2,1,0.046875,0.921875,0.015625,0.015625,0.0,0.0,0.0,0.0,0.0,0.0,0.0,0.0
2,1,0.046875,0.921875,0.015625,0.015625,0.0,0.0,0.0,0.0,0.0,0.0,0.0,0.0
2,1,0.046875,0.921875,0.015625,0.015625,0.0,0.0,0.0,0.0,0.0,0.0,0.0,0.0
2,1,0.046875,0.921875,0.015625,0.015625,0.0,0.0,0.0,0.0,0.0,0.0,0.0,0.0
2,1,0.046875,0.921875,0.015625,0.015625,0.0,0.0,0.0,0.0,0.0,0.0,0.0,0.0
2,1,0.046875,0.921875,0.015625,0.015625,0.0,0.0,0.0,0.0,0.0,0.0,0.0,0.0
2,1,0.046875,0.921875,0.015625,0.015625,0.0,0.0,0.0,0.0,0.0,0.0,0.0,0.0
2,1,0.046875,0.921875,0.015625,0.015625,0.0,0.0,0.0,0.0,0.0,0.0,0.0,0.0
2,1,0.046875,0.921875,0.015625,0.015625,0.0,0.0,0.0,0.0,0.0,0.0,0.0,0.0
2,1,0.046875,0.921875,0.015625,0.015625,0.0,0.0,0.0,0.0,0.0,0.0,0.0,0.0
2,1,0.046875,0.921875,0.015625,0.015625,0.0,0.0,0.0,0.0,0.0,0.0,0.0,0.0
2,1,0.046875,0.921875,0.015625,0.015625,0.0,0.0,0.0,0.0,0.0,0.0,0.0,0.0
2,1,0.046875,0.921875,0.015625,0.015625,0.0,0.0,0.0,0.0,0.0,0.0,0.0,0.0
2,1,0.046875,0.921875,0.015625,0.015625,0.0,0.0,0.0,0.0,0.0,0.0,0.0,0.0
2,1,0.046875,0.921875,0.015625,0.015625,0.0,0.0,0.0,0.0,0.0,0.0,0.0,0.0
2,1,0.046875,0.921875,0.015625,0.015625,0.0,0.0,0.0,0.0,0.0,0.0,0.0,0.0
2,1,0.046875,0.921875,0.015625,0.015625,0.0,0.0,0.0,0.0,0.0,0.0,0.0,0.0
2,1,0.046875,0.921875,0.015625,0.015625,0.0,0.0,0.0,0.0,0.0,0.0,0.0,0.0
2,1,0.046875,0.921875,0.015625,0.015625,0.0,0.0,0.0,0.0,0.0,0.0,0.0,0.0
2,1,0.046875,0.921875,0.015625,0.015625,0.0,0.0,0.0,0.0,0.0,0.0,0.0,0.0
2,1,0.046875,0.921875,0.015625,0.015625,0.0,0.0,0.0,0.0,0.0,0.0,0.0,0.0
2,1,0.046875,0.921875,0.015625,0.015625,0.0,0.0,0.0,0.0,0.0,0.0,0.0,0.0
2,1,0.046875,0.921875,0.015625,0.015625,0.0,0.0,0.0,0.0,0.0,0.0,0.0,0.0
2,1,0.046875,0.921875,0.015625,0.015625,0.0,0.0,0.0,0.0,0.0,0.0,0.0,0.0
2,1,0.046875,0.921875,0.015625,0.015625,0.0,0.0,0.0,0.0,0.0,0.0,0.0,0.0
2,1,0.046875,0.921875,0.015625,0.015625,0.0,0.0,0.0,0.0,0.0,0.0,0.0,0.0
2,1,0.046875,0.921875,0.015625,0.015625,0.0,0.0,0.0,0.0,0.0,0.0,0.0,0.0
2,1,0.046875,0.921875,0.015625,0.015625,0.0,0.0,0.0,0.0,0.0,0.0,0.0,0.0
2,1,0.046875,0.921875,0.015625,0.015625,0.0,0.0,0.0,0.0,0.0,0.0,0.0,0.0
2,1,0.046875,0.921875,0.015625,0.015625,0.0,0.0,0.0,0.0,0.0,0.0,0.0,0.0
2,1,0.046875,0.921875,0.015625,0.015625,0.0,0.0,0.0,0.0,0.0,0.0,0.0,0.0
2,1,0.046875,0.921875,0.015625,0.015625,0.0,0.0,0.0,0.0,0.0,0.0,0.0,0.0
2,1,0.046875,0.921875,0.015625,0.015625,0.0,0.0,0.0,0.0,0.0,0.0,0.0,0.0
2,1,0.046875,0.921875,0.015625,0.015625,0.0,0.0,0.0,0.0,0.0,0.0,0.0,0.0
2,1,0.046875,0.921875,0.015625,0.015625,0.0,0.0,0.0,0.0,0.0,0.0,0.0,0.0
2,1,0.046875,0.921875,0.015625,0.015625,0.0,0.0,0.0,0.0,0.0,0.0,0.0,0.0
2,1,0.046875,0.921875,0.015625,0.015625,0.0,0.0,0.0,0.0,0.0,0.0,0.0,0.0
2,1,0.046875,0.921875,0.015625,0.015625,0.0,0.0,0.0,0.0,0.0,0.0,0.0,0.0
2,1,0.046875,0.921875,0.015625,0.015625,0.0,0.0,0.0,0.0,0.0,0.0,0.0,0.0
2,1,0.046875,0.921875,0.015625,0.015625,0.0,0.0,0.0,0.0,0.0,0.0,0.0,0.0
2,1,0.046875,0.921875,0.015625,0.015625,0.0,0.0,0.0,0.0,0.0,0.0,0.0,0.0
2,1,0.046875,0.921875,0.015625,0.015625,0.0,0.0,0.0,0.0,0.0,0.0,0.0,0.0
2,1,0.046875,0.921875,0.015625,0.015625,0.0,0.0,0.0,0.0,0.0,0.0,0.0,0.0
2,1,0.046875,0.921875,0.015625,0.015625,0.0,0.0,0.0,0.0,0.0,0.0,0.0,0.0
2,1,0.046875,0.921875,0.015625,0.015625,0.0,0.0,0.0,0.0,0.0,0.0,0.0,0.0
2,1,0.046875,0.921875,0.015625,0.015625,0.0,0.0,0.0,0.0,0.0,0.0,0.0,0.0
2,1,0.046875,0.921875,0.015625,0.015625,0.0,0.0,0.0,0.0,0.0,0.0,0.0,0.0
2,1,0.046875,0.921875,0.015625,0.015625,0.0,0.0,0.0,0.0,0.0,0.0,0.0,0.0
2,1,0.046875,0.921875,0.015625,0.015625,0.0,0.0,0.0,0.0,0.0,0.0,0.0,0.0
2,1,0.046875,0.921875,0.015625,0.015625,0.0,0.0,0.0,0.0,0.0,0.0,0.0,0.0
2,1,0.046875,0.921875,0.015625,0.015625,0.0,0.0,0.0,0.0,0.0,0.0,0.0,0.0
2,1,0.0625,0.90625,0.015625,0.015625,0.0,0.0,0.0,0.0,0.0,0.0,0.0,0.0
2,1,0.0625,0.90625,0.015625,0.015625,0.0,0.0,0.0,0.0,0.0,0.0,0.0,0.0
2,1,0.0625,0.90625,0.015625,0.015625,0.0,0.0,0.0,0.0,0.0,0.0,0.0,0.0
2,1,0.0625,0.90625,0.015625,0.015625,0.0,0.0,0.0,0.0,0.0,0.0,0.0,0.0
2,1,0.0625,0.90625,0.015625,0.015625,0.0,0.0,0.0,0.0,0.0,0.0,0.0,0.0
2,1,0.0625,0.90625,0.015625,0.015625,0.0,0.0,0.0,0.0,0.0,0.0,0.0,0.0
2,1,0.0625,0.90625,0.015625,0.015625,0.0,0.0,0.0,0.0,0.0,0.0,0.0,0.0
2,1,0.0625,0.90625,0.015625,0.015625,0.0,0.0,0.0,0.0,0.0,0.0,0.0,0.0
2,1,0.0625,0.90625,0.015625,0.015625,0.0,0.0,0.0,0.0,0.0,0.0,0.0,0.0
2,1,0.0625,0.90625,0.015625,0.015625,0.0,0.0,0.0,0.0,0.0,0.0,0.0,0.0
2,1,0.0625,0.90625,0.015625,0.015625,0.0,0.0,0.0,0.0,0.0,0.0,0.0,0.0
2,1,0.0625,0.90625,0.015625,0.015625,0.0,0.0,0.0,0.0,0.0,0.0,0.0,0.0
2,1,0.0625,0.90625,0.015625,0.015625,0.0,0.0,0.0,0.0,0.0,0.0,0.0,0.0
2,1,0.0625,0.90625,0.015625,0.015625,0.0,0.0,0.0,0.0,0.0,0.0,0.0,0.0
2,1,0.046875,0.921875,0.015625,0.015625,0.0,0.0,0.0,0.0,0.0,0.0,0.0,0.0
2,1,0.046875,0.921875,0.015625,0.015625,0.0,0.0,0.0,0.0,0.0,0.0,0.0,0.0
2,1,0.046875,0.921875,0.015625,0.015625,0.0,0.0,0.0,0.0,0.0,0.0,0.0,0.0
2,1,0.046875,0.921875,0.015625,0.015625,0.0,0.0,0.0,0.0,0.0,0.0,0.0,0.0
2,1,0.046875,0.921875,0.015625,0.015625,0.0,0.0,0.0,0.0,0.0,0.0,0.0,0.0
2,1,0.046875,0.921875,0.015625,0.015625,0.0,0.0,0.0,0.0,0.0,0.0,0.0,0.0
2,1,0.046875,0.921875,0.015625,0.015625,0.0,0.0,0.0,0.0,0.0,0.0,0.0,0.0
2,1,0.046875,0.921875,0.015625,0.015625,0.0,0.0,0.0,0.0,0.0,0.0,0.0,0.0
2,1,0.046875,0.921875,0.015625,0.015625,0.0,0.0,0.0,0.0,0.0,0.0,0.0,0.0
2,1,0.046875,0.921875,0.015625,0.015625,0.0,0.0,0.0,0.0,0.0,0.0,0.0,0.0
2,1,0.046875,0.921875,0.015625,0.015625,0.0,0.0,0.0,0.0,0.0,0.0,0.0,0.0
2,1,0.046875,0.921875,0.015625,0.015625,0.0,0.0,0.0,0.0,0.0,0.0,0.0,0.0
2,1,0.046875,0.921875,0.015625,0.015625,0.0,0.0,0.0,0.0,0.0,0.0,0.0,0.0
2,1,0.046875,0.921875,0.015625,0.015625,0.0,0.0,0.0,0.0,0.0,0.0,0.0,0.0
2,1,0.046875,0.921875,0.015625,0.015625,0.0,0.0,0.0,0.0,0.0,0.0,0.0,0.0
2,1,0.046875,0.921875,0.015625,0.015625,0.0,0.0,0.0,0.0,0.0,0.0,0.0,0.0
2,1,0.046875,0.921875,0.015625,0.015625,0.0,0.0,0.0,0.0,0.0,0.0,0.0,0.0
2,1,0.046875,0.921875,0.015625,0.015625,0.0,0.0,0.0,0.0,0.0,0.0,0.0,0.0
2,1,0.046875,0.921875,0.015625,0.015625,0.0,0.0,0.0,0.0,0.0,0.0,0.0,0.0
2,1,0.046875,0.921875,0.015625,0.015625,0.0,0.0,0.0,0.0,0.0,0.0,0.0,0.0
2,1,0.046875,0.921875,0.015625,0.015625,0.0,0.0,0.0,0.0,0.0,0.0,0.0,0.0
2,1,0.046875,0.921875,0.015625,0.015625,0.0,0.0,0.0,0.0,0.0,0.0,0.0,0.0
2,1,0.046875,0.921875,0.015625,0.015625,0.0,0.0,0.0,0.0,0.0,0.0,0.0,0.0
2,1,0.046875,0.921875,0.015625,0.015625,0.0,0.0,0.0,0.0,0.0,0.0,0.0,0.0
2,1,0.046875,0.921875,0.015625,0.015625,0.0,0.0,0.0,0.0,0.0,0.0,0.0,0.0
2,1,0.046875,0.921875,0.015625,0.015625,0.0,0.0,0.0,0.0,0.0,0.0,0.0,0.0
2,1,0.046875,0.921875,0.015625,0.015625,0.0,0.0,0.0,0.0,0.0,0.0,0.0,0.0
2,1,0.046875,0.921875,0.015625,0.015625,0.0,0.0,0.0,0.0,0.0,0.0,0.0,0.0
2,1,0.0625,0.90625,0.015625,0.015625,0.0,0.0,0.0,0.0,0.0,0.0,0.0,0.0
2,1,0.0625,0.90625,0.015625,0.015625,0.0,0.0,0.0,0.0,0.0,0.0,0.0,0.0
2,1,0.0625,0.90625,0.015625,0.015625,0.0,0.0,0.0,0.0,0.0,0.0,0.0,0.0
2,1,0.0625,0.90625,0.015625,0.015625,0.0,0.0,0.0,0.0,0.0,0.0,0.0,0.0
2,1,0.0625,0.90625,0.015625,0.015625,0.0,0.0,0.0,0.0,0.0,0.0,0.0,0.0
2,1,0.0625,0.90625,0.015625,0.015625,0.0,0.0,0.0,0.0,0.0,0.0,0.0,0.0
2,1,0.0625,0.90625,0.015625,0.015625,0.0,0.0,0.0,0.0,0.0,0.0,0.0,0.0
2,1,0.0625,0.90625,0.015625,0.015625,0.0,0.0,0.0,0.0,0.0,0.0,0.0,0.0
2,1,0.0625,0.90625,0.015625,0.015625,0.0,0.0,0.0,0.0,0.0,0.0,0.0,0.0
2,1,0.0625,0.90625,0.015625,0.015625,0.0,0.0,0.0,0.0,0.0,0.0,0.0,0.0
2,1,0.0625,0.90625,0.015625,0.015625,0.0,0.0,0.0,0.0,0.0,0.0,0.0,0.0
2,1,0.0625,0.90625,0.015625,0.015625,0.0,0.0,0.0,0.0,0.0,0.0,0.0,0.0
2,1,0.0625,0.90625,0.015625,0.015625,0.0,0.0,0.0,0.0,0.0,0.0,0.0,0.0
2,1,0.0625,0.90625,0.015625,0.015625,0.0,0.0,0.0,0.0,0.0,0.0,0.0,0.0
2,1,0.046875,0.921875,0.015625,0.015625,0.0,0.0,0.0,0.0,0.0,0.0,0.0,0.0
2,1,0.046875,0.921875,0.015625,0.015625,0.0,0.0,0.0,0.0,0.0,0.0,0.0,0.0
2,1,0.046875,0.921875,0.015625,0.015625,0.0,0.0,0.0,0.0,0.0,0.0,0.0,0.0
2,1,0.046875,0.921875,0.015625,0.015625,0.0,0.0,0.0,0.0,0.0,0.0,0.0,0.0
2,1,0.046875,0.921875,0.015625,0.015625,0.0,0.0,0.0,0.0,0.0,0.0,0.0,0.0
2,1,0.046875,0.921875,0.015625,0.015625,0.0,0.0,0.0,0.0,0.0,0.0,0.0,0.0
2,1,0.046875,0.921875,0.015625,0.015625,0.0,0.0,0.0,0.0,0.0,0.0,0.0,0.0
2,1,0.046875,0.921875,0.015625,0.015625,0.0,0.0,0.0,0.0,0.0,0.0,0.0,0.0
2,1,0.046875,0.921875,0.015625,0.015625,0.0,0.0,0.0,0.0,0.0,0.0,0.0,0.0
2,1,0.046875,0.921875,0.015625,0.015625,0.0,0.0,0.0,0.0,0.0,0.0,0.0,0.0
2,1,0.046875,0.921875,0.015625,0.015625,0.0,0.0,0.0,0.0,0.0,0.0,0.0,0.0
2,1,0.046875,0.921875,0.015625,0.015625,0.0,0.0,0.0,0.0,0.0,0.0,0.0,0.0
2,1,0.046875,0.921875,0.015625,0.015625,0.0,0.0,0.0,0.0,0.0,0.0,0.0,0.0
2,1,0.046875,0.921875,0.015625,0.015625,0.0,0.0,0.0,0.0,0.0,0.0,0.0,0.0
2,1,0.046875,0.921875,0.015625,0.015625,0.0,0.0,0.0,0.0,0.0,0.0,0.0,0.0
2,1,0.046875,0.921875,0.015625,0.015625,0.0,0.0,0.0,0.0,0.0,0.0,0.0,0.0
2,1,0.046875,0.921875,0.015625,0.015625,0.0,0.0,0.0,0.0,0.0,0.0,0.0,0.0
2,1,0.046875,0.921875,0.015625,0.015625,0.0,0.0,0.0,0.0,0.0,0.0,0.0,0.0
2,1,0.046875,0.921875,0.015625,0.015625,0.0,0.0,0.0,0.0,0.0,0.0,0.0,0.0
2,1,0.046875,0.921875,0.015625,0.015625,0.0,0.0,0.0,0.0,0.0,0.0,0.0,0.0
2,1,0.046875,0.921875,0.015625,0.015625,0.0,0.0,0.0,0.0,0.0,0.0,0.0,0.0
2,1,0.046875,0.921875,0.015625,0.015625,0.0,0.0,0.0,0.0,0.0,0.0,0.0,0.0
2,1,0.046875,0.921875,0.015625,0.015625,0.0,0.0,0.0,0.0,0.0,0.0,0.0,0.0
2,1,0.046875,0.921875,0.015625,0.015625,0.0,0.0,0.0,0.0,0.0,0.0,0.0,0.0
2,1,0.046875,0.921875,0.015625,0.015625,0.0,0.0,0.0,0.0,0.0,0.0,0.0,0.0
2,1,0.046875,0.921875,0.015625,0.015625,0.0,0.0,0.0,0.0,0.0,0.0,0.0,0.0
2,1,0.046875,0.921875,0.015625,0.015625,0.0,0.0,0.0,0.0,0.0,0.0,0.0,0.0
2,1,0.046875,0.921875,0.015625,0.015625,0.0,0.0,0.0,0.0,0.0,0.0,0.0,0.0
2,1,0.046875,0.921875,0.015625,0.015625,0.0,0.0,0.0,0.0,0.0,0.0,0.0,0.0
2,1,0.046875,0.921875,0.015625,0.015625,0.0,0.0,0.0,0.0,0.0,0.0,0.0,0.0
2,1,0.046875,0.921875,0.015625,0.015625,0.0,0.0,0.0,0.0,0.0,0.0,0.0,0.0
2,1,0.046875,0.921875,0.015625,0.015625,0.0,0.0,0.0,0.0,0.0,0.0,0.0,0.0
2,1,0.046875,0.921875,0.015625,0.015625,0.0,0.0,0.0,0.0,0.0,0.0,0.0,0.0
2,1,0.046875,0.921875,0.015625,0.015625,0.0,0.0,0.0,0.0,0.0,0.0,0.0,0.0
2,1,0.046875,0.921875,0.015625,0.015625,0.0,0.0,0.0,0.0,0.0,0.0,0.0,0.0
2,1,0.046875,0.921875,0.015625,0.015625,0.0,0.0,0.0,0.0,0.0,0.0,0.0,0.0
2,1,0.046875,0.921875,0.015625,0.015625,0.0,0.0,0.0,0.0,0.0,0.0,0.0,0.0
2,1,0.046875,0.921875,0.015625,0.015625,0.0,0.0,0.0,0.0,0.0,0.0,0.0,0.0
2,1,0.046875,0.921875,0.015625,0.015625,0.0,0.0,0.0,0.0,0.0,0.0,0.0,0.0
2,1,0.046875,0.921875,0.015625,0.015625,0.0,0.0,0.0,0.0,0.0,0.0,0.0,0.0
2,1,0.046875,0.921875,0.015625,0.015625,0.0,0.0,0.0,0.0,0.0,0.0,0.0,0.0
2,1,0.046875,0.921875,0.015625,0.015625,0.0,0.0,0.0,0.0,0.0,0.0,0.0,0.0
2,1,0.046875,0.921875,0.015625,0.015625,0.0,0.0,0.0,0.0,0.0,0.0,0.0,0.0
2,1,0.046875,0.921875,0.015625,0.015625,0.0,0.0,0.0,0.0,0.0,0.0,0.0,0.0
2,1,0.046875,0.921875,0.015625,0.015625,0.0,0.0,0.0,0.0,0.0,0.0,0.0,0.0
2,1,0.046875,0.921875,0.015625,0.015625,0.0,0.0,0.0,0.0,0.0,0.0,0.0,0.0
2,1,0.046875,0.921875,0.015625,0.015625,0.0,0.0,0.0,0.0,0.0,0.0,0.0,0.0
2,1,0.046875,0.921875,0.015625,0.015625,0.0,0.0,0.0,0.0,0.0,0.0,0.0,0.0
2,1,0.046875,0.921875,0.015625,0.015625,0.0,0.0,0.0,0.0,0.0,0.0,0.0,0.0
2,1,0.046875,0.921875,0.015625,0.015625,0.0,0.0,0.0,0.0,0.0,0.0,0.0,0.0
2,1,0.046875,0.921875,0.015625,0.015625,0.0,0.0,0.0,0.0,0.0,0.0,0.0,0.0
2,1,0.046875,0.921875,0.015625,0.015625,0.0,0.0,0.0,0.0,0.0,0.0,0.0,0.0
2,1,0.046875,0.921875,0.015625,0.015625,0.0,0.0,0.0,0.0,0.0,0.0,0.0,0.0
2,1,0.046875,0.921875,0.015625,0.015625,0.0,0.0,0.0,0.0,0.0,0.0,0.0,0.0
2,1,0.046875,0.921875,0.015625,0.015625,0.0,0.0,0.0,0.0,0.0,0.0,0.0,0.0
2,1,0.046875,0.921875,0.015625,0.015625,0.0,0.0,0.0,0.0,0.0,0.0,0.0,0.0
2,1,0.046875,0.921875,0.015625,0.015625,0.0,0.0,0.0,0.0,0.0,0.0,0.0,0.0
2,1,0.046875,0.921875,0.015625,0.015625,0.0,0.0,0.0,0.0,0.0,0.0,0.0,0.0
2,1,0.046875,0.921875,0.015625,0.015625,0.0,0.0,0.0,0.0,0.0,0.0,0.0,0.0
2,1,0.046875,0.921875,0.015625,0.015625,0.0,0.0,0.0,0.0,0.0,0.0,0.0,0.0
2,1,0.046875,0.921875,0.015625,0.015625,0.0,0.0,0.0,0.0,0.0,0.0,0.0,0.0
2,1,0.046875,0.921875,0.015625,0.015625,0.0,0.0,0.0,0.0,0.0,0.0,0.0,0.0
2,1,0.046875,0.921875,0.015625,0.015625,0.0,0.0,0.0,0.0,0.0,0.0,0.0,0.0
2,1,0.046875,0.921875,0.015625,0.015625,0.0,0.0,0.0,0.0,0.0,0.0,0.0,0.0
2,1,0.046875,0.921875,0.015625,0.015625,0.0,0.0,0.0,0.0,0.0,0.0,0.0,0.0
2,1,0.046875,0.921875,0.015625,0.015625,0.0,0.0,0.0,0.0,0.0,0.0,0.0,0.0
2,1,0.046875,0.921875,0.015625,0.015625,0.0,0.0,0.0,0.0,0.0,0.0,0.0,0.0
2,1,0.046875,0.921875,0.015625,0.015625,0.0,0.0,0.0,0.0,0.0,0.0,0.0,0.0
2,1,0.046875,0.921875,0.015625,0.015625,0.0,0.0,0.0,0.0,0.0,0.0,0.0,0.0
2,1,0.046875,0.921875,0.015625,0.015625,0.0,0.0,0.0,0.0,0.0,0.0,0.0,0.0
2,1,0.0625,0.90625,0.015625,0.015625,0.0,0.0,0.0,0.0,0.0,0.0,0.0,0.0
2,1,0.0625,0.90625,0.015625,0.015625,0.0,0.0,0.0,0.0,0.0,0.0,0.0,0.0
2,1,0.0625,0.90625,0.015625,0.015625,0.0,0.0,0.0,0.0,0.0,0.0,0.0,0.0
2,1,0.0625,0.90625,0.015625,0.015625,0.0,0.0,0.0,0.0,0.0,0.0,0.0,0.0
2,1,0.0625,0.90625,0.015625,0.015625,0.0,0.0,0.0,0.0,0.0,0.0,0.0,0.0
2,1,0.0625,0.90625,0.015625,0.015625,0.0,0.0,0.0,0.0,0.0,0.0,0.0,0.0
2,1,0.0625,0.90625,0.015625,0.015625,0.0,0.0,0.0,0.0,0.0,0.0,0.0,0.0
2,1,0.0625,0.90625,0.015625,0.015625,0.0,0.0,0.0,0.0,0.0,0.0,0.0,0.0
2,1,0.0625,0.90625,0.015625,0.015625,0.0,0.0,0.0,0.0,0.0,0.0,0.0,0.0
2,1,0.0625,0.90625,0.015625,0.015625,0.0,0.0,0.0,0.0,0.0,0.0,0.0,0.0
2,1,0.06349207,0.9206349,0.015873017,0.0,0.0,0.0,0.0,0.0,0.0,0.0,0.0,0.0
2,1,0.06349207,0.9206349,0.015873017,0.0,0.0,0.0,0.0,0.0,0.0,0.0,0.0,0.0
2,1,0.06349207,0.9206349,0.015873017,0.0,0.0,0.0,0.0,0.0,0.0,0.0,0.0,0.0
2,1,0.06349207,0.9206349,0.015873017,0.0,0.0,0.0,0.0,0.0,0.0,0.0,0.0,0.0
2,1,0.06349207,0.9206349,0.015873017,0.0,0.0,0.0,0.0,0.0,0.0,0.0,0.0,0.0
2,1,0.06349207,0.9206349,0.015873017,0.0,0.0,0.0,0.0,0.0,0.0,0.0,0.0,0.0
2,1,0.06349207,0.9206349,0.015873017,0.0,0.0,0.0,0.0,0.0,0.0,0.0,0.0,0.0
2,1,0.06349207,0.9206349,0.015873017,0.0,0.0,0.0,0.0,0.0,0.0,0.0,0.0,0.0
2,1,0.06349207,0.9206349,0.015873017,0.0,0.0,0.0,0.0,0.0,0.0,0.0,0.0,0.0
2,1,0.06349207,0.9206349,0.015873017,0.0,0.0,0.0,0.0,0.0,0.0,0.0,0.0,0.0
2,1,0.06349207,0.9206349,0.015873017,0.0,0.0,0.0,0.0,0.0,0.0,0.0,0.0,0.0
2,1,0.06349207,0.9206349,0.015873017,0.0,0.0,0.0,0.0,0.0,0.0,0.0,0.0,0.0
2,1,0.06349207,0.9206349,0.015873017,0.0,0.0,0.0,0.0,0.0,0.0,0.0,0.0,0.0
2,1,0.06349207,0.9206349,0.015873017,0.0,0.0,0.0,0.0,0.0,0.0,0.0,0.0,0.0
2,1,0.06349207,0.9206349,0.015873017,0.0,0.0,0.0,0.0,0.0,0.0,0.0,0.0,0.0
2,1,0.06349207,0.9206349,0.015873017,0.0,0.0,0.0,0.0,0.0,0.0,0.0,0.0,0.0
2,1,0.04761905,0.93650794,0.015873017,0.0,0.0,0.0,0.0,0.0,0.0,0.0,0.0,0.0
2,1,0.04761905,0.93650794,0.015873017,0.0,0.0,0.0,0.0,0.0,0.0,0.0,0.0,0.0
2,1,0.04761905,0.93650794,0.015873017,0.0,0.0,0.0,0.0,0.0,0.0,0.0,0.0,0.0
2,1,0.04761905,0.93650794,0.015873017,0.0,0.0,0.0,0.0,0.0,0.0,0.0,0.0,0.0
2,1,0.06349207,0.93650794,0.0,0.0,0.0,0.0,0.0,0.0,0.0,0.0,0.0,0.0
2,1,0.06349207,0.93650794,0.0,0.0,0.0,0.0,0.0,0.0,0.0,0.0,0.0,0.0
2,1,0.06349207,0.93650794,0.0,0.0,0.0,0.0,0.0,0.0,0.0,0.0,0.0,0.0
2,1,0.06349207,0.93650794,0.0,0.0,0.0,0.0,0.0,0.0,0.0,0.0,0.0,0.0
2,1,0.06349207,0.93650794,0.0,0.0,0.0,0.0,0.0,0.0,0.0,0.0,0.0,0.0
2,1,0.06349207,0.93650794,0.0,0.0,0.0,0.0,0.0,0.0,0.0,0.0,0.0,0.0
2,1,0.06349207,0.93650794,0.0,0.0,0.0,0.0,0.0,0.0,0.0,0.0,0.0,0.0
2,1,0.06349207,0.93650794,0.0,0.0,0.0,0.0,0.0,0.0,0.0,0.0,0.0,0.0
2,1,0.06349207,0.93650794,0.0,0.0,0.0,0.0,0.0,0.0,0.0,0.0,0.0,0.0
2,1,0.06349207,0.93650794,0.0,0.0,0.0,0.0,0.0,0.0,0.0,0.0,0.0,0.0
2,1,0.06349207,0.93650794,0.0,0.0,0.0,0.0,0.0,0.0,0.0,0.0,0.0,0.0
2,1,0.06349207,0.93650794,0.0,0.0,0.0,0.0,0.0,0.0,0.0,0.0,0.0,0.0
2,1,0.09375,0.90625,0.0,0.0,0.0,0.0,0.0,0.0,0.0,0.0,0.0,0.0
2,1,0.09375,0.90625,0.0,0.0,0.0,0.0,0.0,0.0,0.0,0.0,0.0,0.0
2,1,0.09375,0.90625,0.0,0.0,0.0,0.0,0.0,0.0,0.0,0.0,0.0,0.0
2,1,0.09375,0.90625,0.0,0.0,0.0,0.0,0.0,0.0,0.0,0.0,0.0,0.0
2,1,0.09375,0.90625,0.0,0.0,0.0,0.0,0.0,0.0,0.0,0.0,0.0,0.0
2,1,0.09375,0.90625,0.0,0.0,0.0,0.0,0.0,0.0,0.0,0.0,0.0,0.0
2,1,0.09375,0.90625,0.0,0.0,0.0,0.0,0.0,0.0,0.0,0.0,0.0,0.0
2,1,0.09375,0.90625,0.0,0.0,0.0,0.0,0.0,0.0,0.0,0.0,0.0,0.0
2,1,0.109375,0.890625,0.0,0.0,0.0,0.0,0.0,0.0,0.0,0.0,0.0,0.0
2,1,0.109375,0.890625,0.0,0.0,0.0,0.0,0.0,0.0,0.0,0.0,0.0,0.0
2,1,0.109375,0.890625,0.0,0.0,0.0,0.0,0.0,0.0,0.0,0.0,0.0,0.0
2,1,0.109375,0.890625,0.0,0.0,0.0,0.0,0.0,0.0,0.0,0.0,0.0,0.0
2,1,0.109375,0.890625,0.0,0.0,0.0,0.0,0.0,0.0,0.0,0.0,0.0,0.0
2,1,0.109375,0.890625,0.0,0.0,0.0,0.0,0.0,0.0,0.0,0.0,0.0,0.0
2,1,0.109375,0.890625,0.0,0.0,0.0,0.0,0.0,0.0,0.0,0.0,0.0,0.0
2,1,0.109375,0.890625,0.0,0.0,0.0,0.0,0.0,0.0,0.0,0.0,0.0,0.0
2,1,0.109375,0.890625,0.0,0.0,0.0,0.0,0.0,0.0,0.0,0.0,0.0,0.0
2,1,0.109375,0.890625,0.0,0.0,0.0,0.0,0.0,0.0,0.0,0.0,0.0,0.0
2,1,0.109375,0.890625,0.0,0.0,0.0,0.0,0.0,0.0,0.0,0.0,0.0,0.0
2,1,0.109375,0.890625,0.0,0.0,0.0,0.0,0.0,0.0,0.0,0.0,0.0,0.0
2,1,0.109375,0.890625,0.0,0.0,0.0,0.0,0.0,0.0,0.0,0.0,0.0,0.0
2,1,0.109375,0.890625,0.0,0.0,0.0,0.0,0.0,0.0,0.0,0.0,0.0,0.0
2,1,0.109375,0.890625,0.0,0.0,0.0,0.0,0.0,0.0,0.0,0.0,0.0,0.0
2,1,0.109375,0.890625,0.0,0.0,0.0,0.0,0.0,0.0,0.0,0.0,0.0,0.0
2,1,0.109375,0.890625,0.0,0.0,0.0,0.0,0.0,0.0,0.0,0.0,0.0,0.0
2,1,0.109375,0.890625,0.0,0.0,0.0,0.0,0.0,0.0,0.0,0.0,0.0,0.0
2,1,0.109375,0.890625,0.0,0.0,0.0,0.0,0.0,0.0,0.0,0.0,0.0,0.0
2,1,0.109375,0.890625,0.0,0.0,0.0,0.0,0.0,0.0,0.0,0.0,0.0,0.0
2,1,0.109375,0.890625,0.0,0.0,0.0,0.0,0.0,0.0,0.0,0.0,0.0,0.0
2,1,0.109375,0.890625,0.0,0.0,0.0,0.0,0.0,0.0,0.0,0.0,0.0,0.0
2,1,0.109375,0.890625,0.0,0.0,0.0,0.0,0.0,0.0,0.0,0.0,0.0,0.0
2,1,0.109375,0.890625,0.0,0.0,0.0,0.0,0.0,0.0,0.0,0.0,0.0,0.0
2,1,0.125,0.875,0.0,0.0,0.0,0.0,0.0,0.0,0.0,0.0,0.0,0.0
2,1,0.125,0.875,0.0,0.0,0.0,0.0,0.0,0.0,0.0,0.0,0.0,0.0
2,1,0.125,0.875,0.0,0.0,0.0,0.0,0.0,0.0,0.0,0.0,0.0,0.0
2,1,0.125,0.875,0.0,0.0,0.0,0.0,0.0,0.0,0.0,0.0,0.0,0.0
2,1,0.125,0.875,0.0,0.0,0.0,0.0,0.0,0.0,0.0,0.0,0.0,0.0
2,1,0.125,0.875,0.0,0.0,0.0,0.0,0.0,0.0,0.0,0.0,0.0,0.0
2,1,0.125,0.875,0.0,0.0,0.0,0.0,0.0,0.0,0.0,0.0,0.0,0.0
2,1,0.125,0.875,0.0,0.0,0.0,0.0,0.0,0.0,0.0,0.0,0.0,0.0
2,1,0.125,0.875,0.0,0.0,0.0,0.0,0.0,0.0,0.0,0.0,0.0,0.0
2,1,0.125,0.875,0.0,0.0,0.0,0.0,0.0,0.0,0.0,0.0,0.0,0.0
2,1,0.125,0.875,0.0,0.0,0.0,0.0,0.0,0.0,0.0,0.0,0.0,0.0
2,1,0.125,0.875,0.0,0.0,0.0,0.0,0.0,0.0,0.0,0.0,0.0,0.0
2,1,0.125,0.875,0.0,0.0,0.0,0.0,0.0,0.0,0.0,0.0,0.0,0.0
2,1,0.125,0.875,0.0,0.0,0.0,0.0,0.0,0.0,0.0,0.0,0.0,0.0
2,1,0.125,0.875,0.0,0.0,0.0,0.0,0.0,0.0,0.0,0.0,0.0,0.0
2,1,0.125,0.875,0.0,0.0,0.0,0.0,0.0,0.0,0.0,0.0,0.0,0.0
2,1,0.125,0.875,0.0,0.0,0.0,0.0,0.0,0.0,0.0,0.0,0.0,0.0
2,1,0.125,0.875,0.0,0.0,0.0,0.0,0.0,0.0,0.0,0.0,0.0,0.0
2,1,0.125,0.875,0.0,0.0,0.0,0.0,0.0,0.0,0.0,0.0,0.0,0.0
2,1,0.125,0.875,0.0,0.0,0.0,0.0,0.0,0.0,0.0,0.0,0.0,0.0
2,1,0.125,0.875,0.0,0.0,0.0,0.0,0.0,0.0,0.0,0.0,0.0,0.0
2,1,0.125,0.875,0.0,0.0,0.0,0.0,0.0,0.0,0.0,0.0,0.0,0.0
2,1,0.125,0.875,0.0,0.0,0.0,0.0,0.0,0.0,0.0,0.0,0.0,0.0
2,1,0.125,0.875,0.0,0.0,0.0,0.0,0.0,0.0,0.0,0.0,0.0,0.0
2,1,0.125,0.875,0.0,0.0,0.0,0.0,0.0,0.0,0.0,0.0,0.0,0.0
2,1,0.125,0.875,0.0,0.0,0.0,0.0,0.0,0.0,0.0,0.0,0.0,0.0
2,1,0.125,0.875,0.0,0.0,0.0,0.0,0.0,0.0,0.0,0.0,0.0,0.0
2,1,0.125,0.875,0.0,0.0,0.0,0.0,0.0,0.0,0.0,0.0,0.0,0.0
2,1,0.125,0.875,0.0,0.0,0.0,0.0,0.0,0.0,0.0,0.0,0.0,0.0
2,1,0.125,0.875,0.0,0.0,0.0,0.0,0.0,0.0,0.0,0.0,0.0,0.0
2,1,0.125,0.875,0.0,0.0,0.0,0.0,0.0,0.0,0.0,0.0,0.0,0.0
2,1,0.125,0.875,0.0,0.0,0.0,0.0,0.0,0.0,0.0,0.0,0.0,0.0
2,1,0.125,0.875,0.0,0.0,0.0,0.0,0.0,0.0,0.0,0.0,0.0,0.0
2,1,0.125,0.875,0.0,0.0,0.0,0.0,0.0,0.0,0.0,0.0,0.0,0.0
2,1,0.125,0.875,0.0,0.0,0.0,0.0,0.0,0.0,0.0,0.0,0.0,0.0
2,1,0.125,0.875,0.0,0.0,0.0,0.0,0.0,0.0,0.0,0.0,0.0,0.0
2,1,0.109375,0.890625,0.0,0.0,0.0,0.0,0.0,0.0,0.0,0.0,0.0,0.0
2,1,0.109375,0.890625,0.0,0.0,0.0,0.0,0.0,0.0,0.0,0.0,0.0,0.0
2,1,0.109375,0.890625,0.0,0.0,0.0,0.0,0.0,0.0,0.0,0.0,0.0,0.0
2,1,0.109375,0.890625,0.0,0.0,0.0,0.0,0.0,0.0,0.0,0.0,0.0,0.0
2,1,0.109375,0.890625,0.0,0.0,0.0,0.0,0.0,0.0,0.0,0.0,0.0,0.0
2,1,0.109375,0.890625,0.0,0.0,0.0,0.0,0.0,0.0,0.0,0.0,0.0,0.0
2,1,0.109375,0.890625,0.0,0.0,0.0,0.0,0.0,0.0,0.0,0.0,0.0,0.0
2,1,0.109375,0.890625,0.0,0.0,0.0,0.0,0.0,0.0,0.0,0.0,0.0,0.0
2,1,0.109375,0.890625,0.0,0.0,0.0,0.0,0.0,0.0,0.0,0.0,0.0,0.0
2,1,0.109375,0.890625,0.0,0.0,0.0,0.0,0.0,0.0,0.0,0.0,0.0,0.0
2,1,0.109375,0.890625,0.0,0.0,0.0,0.0,0.0,0.0,0.0,0.0,0.0,0.0
2,1,0.109375,0.890625,0.0,0.0,0.0,0.0,0.0,0.0,0.0,0.0,0.0,0.0
2,1,0.09375,0.90625,0.0,0.0,0.0,0.0,0.0,0.0,0.0,0.0,0.0,0.0
2,1,0.09375,0.90625,0.0,0.0,0.0,0.0,0.0,0.0,0.0,0.0,0.0,0.0
2,1,0.09375,0.90625,0.0,0.0,0.0,0.0,0.0,0.0,0.0,0.0,0.0,0.0
2,1,0.09375,0.90625,0.0,0.0,0.0,0.0,0.0,0.0,0.0,0.0,0.0,0.0
2,1,0.09375,0.90625,0.0,0.0,0.0,0.0,0.0,0.0,0.0,0.0,0.0,0.0
2,1,0.09375,0.90625,0.0,0.0,0.0,0.0,0.0,0.0,0.0,0.0,0.0,0.0
2,1,0.09375,0.90625,0.0,0.0,0.0,0.0,0.0,0.0,0.0,0.0,0.0,0.0
2,1,0.09375,0.90625,0.0,0.0,0.0,0.0,0.0,0.0,0.0,0.0,0.0,0.0
2,1,0.09375,0.90625,0.0,0.0,0.0,0.0,0.0,0.0,0.0,0.0,0.0,0.0
2,1,0.09375,0.90625,0.0,0.0,0.0,0.0,0.0,0.0,0.0,0.0,0.0,0.0
2,1,0.09375,0.90625,0.0,0.0,0.0,0.0,0.0,0.0,0.0,0.0,0.0,0.0
2,1,0.09375,0.90625,0.0,0.0,0.0,0.0,0.0,0.0,0.0,0.0,0.0,0.0
2,1,0.09375,0.90625,0.0,0.0,0.0,0.0,0.0,0.0,0.0,0.0,0.0,0.0
2,1,0.09375,0.90625,0.0,0.0,0.0,0.0,0.0,0.0,0.0,0.0,0.0,0.0
2,1,0.09375,0.90625,0.0,0.0,0.0,0.0,0.0,0.0,0.0,0.0,0.0,0.0
2,1,0.09375,0.90625,0.0,0.0,0.0,0.0,0.0,0.0,0.0,0.0,0.0,0.0
2,1,0.078125,0.90625,0.015625,0.0,0.0,0.0,0.0,0.0,0.0,0.0,0.0,0.0
2,1,0.078125,0.90625,0.015625,0.0,0.0,0.0,0.0,0.0,0.0,0.0,0.0,0.0
2,1,0.078125,0.90625,0.015625,0.0,0.0,0.0,0.0,0.0,0.0,0.0,0.0,0.0
2,1,0.078125,0.90625,0.015625,0.0,0.0,0.0,0.0,0.0,0.0,0.0,0.0,0.0
2,1,0.078125,0.90625,0.015625,0.0,0.0,0.0,0.0,0.0,0.0,0.0,0.0,0.0
2,1,0.078125,0.90625,0.015625,0.0,0.0,0.0,0.0,0.0,0.0,0.0,0.0,0.0
2,1,0.078125,0.90625,0.015625,0.0,0.0,0.0,0.0,0.0,0.0,0.0,0.0,0.0
2,1,0.078125,0.90625,0.015625,0.0,0.0,0.0,0.0,0.0,0.0,0.0,0.0,0.0
2,1,0.078125,0.90625,0.015625,0.0,0.0,0.0,0.0,0.0,0.0,0.0,0.0,0.0
2,1,0.078125,0.90625,0.015625,0.0,0.0,0.0,0.0,0.0,0.0,0.0,0.0,0.0
2,1,0.078125,0.90625,0.015625,0.0,0.0,0.0,0.0,0.0,0.0,0.0,0.0,0.0
2,1,0.078125,0.90625,0.015625,0.0,0.0,0.0,0.0,0.0,0.0,0.0,0.0,0.0
2,1,0.078125,0.90625,0.015625,0.0,0.0,0.0,0.0,0.0,0.0,0.0,0.0,0.0
2,1,0.078125,0.90625,0.015625,0.0,0.0,0.0,0.0,0.0,0.0,0.0,0.0,0.0
2,1,0.078125,0.90625,0.015625,0.0,0.0,0.0,0.0,0.0,0.0,0.0,0.0,0.0
2,1,0.078125,0.90625,0.015625,0.0,0.0,0.0,0.0,0.0,0.0,0.0,0.0,0.0
2,1,0.078125,0.921875,0.0,0.0,0.0,0.0,0.0,0.0,0.0,0.0,0.0,0.0
2,1,0.078125,0.921875,0.0,0.0,0.0,0.0,0.0,0.0,0.0,0.0,0.0,0.0
2,1,0.078125,0.921875,0.0,0.0,0.0,0.0,0.0,0.0,0.0,0.0,0.0,0.0
2,1,0.078125,0.921875,0.0,0.0,0.0,0.0,0.0,0.0,0.0,0.0,0.0,0.0
2,1,0.078125,0.921875,0.0,0.0,0.0,0.0,0.0,0.0,0.0,0.0,0.0,0.0
2,1,0.078125,0.921875,0.0,0.0,0.0,0.0,0.0,0.0,0.0,0.0,0.0,0.0
2,1,0.078125,0.921875,0.0,0.0,0.0,0.0,0.0,0.0,0.0,0.0,0.0,0.0
2,1,0.078125,0.921875,0.0,0.0,0.0,0.0,0.0,0.0,0.0,0.0,0.0,0.0
2,1,0.078125,0.921875,0.0,0.0,0.0,0.0,0.0,0.0,0.0,0.0,0.0,0.0
2,1,0.078125,0.921875,0.0,0.0,0.0,0.0,0.0,0.0,0.0,0.0,0.0,0.0
2,1,0.078125,0.921875,0.0,0.0,0.0,0.0,0.0,0.0,0.0,0.0,0.0,0.0
2,1,0.078125,0.921875,0.0,0.0,0.0,0.0,0.0,0.0,0.0,0.0,0.0,0.0
2,1,0.078125,0.921875,0.0,0.0,0.0,0.0,0.0,0.0,0.0,0.0,0.0,0.0
2,1,0.078125,0.921875,0.0,0.0,0.0,0.0,0.0,0.0,0.0,0.0,0.0,0.0
2,1,0.078125,0.921875,0.0,0.0,0.0,0.0,0.0,0.0,0.0,0.0,0.0,0.0
2,1,0.078125,0.921875,0.0,0.0,0.0,0.0,0.0,0.0,0.0,0.0,0.0,0.0
2,1,0.0625,0.9375,0.0,0.0,0.0,0.0,0.0,0.0,0.0,0.0,0.0,0.0
2,1,0.0625,0.9375,0.0,0.0,0.0,0.0,0.0,0.0,0.0,0.0,0.0,0.0
2,1,0.0625,0.9375,0.0,0.0,0.0,0.0,0.0,0.0,0.0,0.0,0.0,0.0
2,1,0.0625,0.9375,0.0,0.0,0.0,0.0,0.0,0.0,0.0,0.0,0.0,0.0
2,1,0.0625,0.9375,0.0,0.0,0.0,0.0,0.0,0.0,0.0,0.0,0.0,0.0
2,1,0.0625,0.9375,0.0,0.0,0.0,0.0,0.0,0.0,0.0,0.0,0.0,0.0
2,1,0.0625,0.9375,0.0,0.0,0.0,0.0,0.0,0.0,0.0,0.0,0.0,0.0
2,1,0.0625,0.9375,0.0,0.0,0.0,0.0,0.0,0.0,0.0,0.0,0.0,0.0
2,1,0.0625,0.9375,0.0,0.0,0.0,0.0,0.0,0.0,0.0,0.0,0.0,0.0
2,1,0.0625,0.9375,0.0,0.0,0.0,0.0,0.0,0.0,0.0,0.0,0.0,0.0
2,1,0.0625,0.9375,0.0,0.0,0.0,0.0,0.0,0.0,0.0,0.0,0.0,0.0
2,1,0.0625,0.9375,0.0,0.0,0.0,0.0,0.0,0.0,0.0,0.0,0.0,0.0
2,1,0.0625,0.9375,0.0,0.0,0.0,0.0,0.0,0.0,0.0,0.0,0.0,0.0
2,1,0.0625,0.9375,0.0,0.0,0.0,0.0,0.0,0.0,0.0,0.0,0.0,0.0
2,1,0.0625,0.9375,0.0,0.0,0.0,0.0,0.0,0.0,0.0,0.0,0.0,0.0
2,1,0.0625,0.9375,0.0,0.0,0.0,0.0,0.0,0.0,0.0,0.0,0.0,0.0
2,1,0.0625,0.9375,0.0,0.0,0.0,0.0,0.0,0.0,0.0,0.0,0.0,0.0
2,1,0.0625,0.9375,0.0,0.0,0.0,0.0,0.0,0.0,0.0,0.0,0.0,0.0
2,1,0.0625,0.9375,0.0,0.0,0.0,0.0,0.0,0.0,0.0,0.0,0.0,0.0
2,1,0.0625,0.9375,0.0,0.0,0.0,0.0,0.0,0.0,0.0,0.0,0.0,0.0
2,1,0.0625,0.9375,0.0,0.0,0.0,0.0,0.0,0.0,0.0,0.0,0.0,0.0
2,1,0.0625,0.9375,0.0,0.0,0.0,0.0,0.0,0.0,0.0,0.0,0.0,0.0
2,1,0.0625,0.9375,0.0,0.0,0.0,0.0,0.0,0.0,0.0,0.0,0.0,0.0
2,1,0.0625,0.9375,0.0,0.0,0.0,0.0,0.0,0.0,0.0,0.0,0.0,0.0
2,1,0.0625,0.9375,0.0,0.0,0.0,0.0,0.0,0.0,0.0,0.0,0.0,0.0
2,1,0.0625,0.9375,0.0,0.0,0.0,0.0,0.0,0.0,0.0,0.0,0.0,0.0
2,1,0.0625,0.9375,0.0,0.0,0.0,0.0,0.0,0.0,0.0,0.0,0.0,0.0
2,1,0.0625,0.9375,0.0,0.0,0.0,0.0,0.0,0.0,0.0,0.0,0.0,0.0
2,1,0.0625,0.9375,0.0,0.0,0.0,0.0,0.0,0.0,0.0,0.0,0.0,0.0
2,1,0.0625,0.9375,0.0,0.0,0.0,0.0,0.0,0.0,0.0,0.0,0.0,0.0
2,1,0.0625,0.9375,0.0,0.0,0.0,0.0,0.0,0.0,0.0,0.0,0.0,0.0
2,1,0.0625,0.9375,0.0,0.0,0.0,0.0,0.0,0.0,0.0,0.0,0.0,0.0
2,1,0.0625,0.9375,0.0,0.0,0.0,0.0,0.0,0.0,0.0,0.0,0.0,0.0
2,1,0.0625,0.9375,0.0,0.0,0.0,0.0,0.0,0.0,0.0,0.0,0.0,0.0
2,1,0.0625,0.9375,0.0,0.0,0.0,0.0,0.0,0.0,0.0,0.0,0.0,0.0
2,1,0.0625,0.9375,0.0,0.0,0.0,0.0,0.0,0.0,0.0,0.0,0.0,0.0
2,1,0.0625,0.9375,0.0,0.0,0.0,0.0,0.0,0.0,0.0,0.0,0.0,0.0
2,1,0.0625,0.9375,0.0,0.0,0.0,0.0,0.0,0.0,0.0,0.0,0.0,0.0
2,1,0.0625,0.9375,0.0,0.0,0.0,0.0,0.0,0.0,0.0,0.0,0.0,0.0
2,1,0.0625,0.9375,0.0,0.0,0.0,0.0,0.0,0.0,0.0,0.0,0.0,0.0
2,1,0.0625,0.921875,0.015625,0.0,0.0,0.0,0.0,0.0,0.0,0.0,0.0,0.0
2,1,0.0625,0.921875,0.015625,0.0,0.0,0.0,0.0,0.0,0.0,0.0,0.0,0.0
2,1,0.0625,0.921875,0.015625,0.0,0.0,0.0,0.0,0.0,0.0,0.0,0.0,0.0
2,1,0.0625,0.921875,0.015625,0.0,0.0,0.0,0.0,0.0,0.0,0.0,0.0,0.0
2,1,0.0625,0.921875,0.015625,0.0,0.0,0.0,0.0,0.0,0.0,0.0,0.0,0.0
2,1,0.0625,0.921875,0.015625,0.0,0.0,0.0,0.0,0.0,0.0,0.0,0.0,0.0
2,1,0.0625,0.921875,0.015625,0.0,0.0,0.0,0.0,0.0,0.0,0.0,0.0,0.0
2,1,0.0625,0.921875,0.015625,0.0,0.0,0.0,0.0,0.0,0.0,0.0,0.0,0.0
2,1,0.0625,0.921875,0.015625,0.0,0.0,0.0,0.0,0.0,0.0,0.0,0.0,0.0
2,1,0.0625,0.921875,0.015625,0.0,0.0,0.0,0.0,0.0,0.0,0.0,0.0,0.0
2,1,0.0625,0.921875,0.015625,0.0,0.0,0.0,0.0,0.0,0.0,0.0,0.0,0.0
2,1,0.0625,0.921875,0.015625,0.0,0.0,0.0,0.0,0.0,0.0,0.0,0.0,0.0
2,1,0.0625,0.921875,0.015625,0.0,0.0,0.0,0.0,0.0,0.0,0.0,0.0,0.0
2,1,0.0625,0.921875,0.015625,0.0,0.0,0.0,0.0,0.0,0.0,0.0,0.0,0.0
2,1,0.0625,0.921875,0.015625,0.0,0.0,0.0,0.0,0.0,0.0,0.0,0.0,0.0
2,1,0.0625,0.921875,0.015625,0.0,0.0,0.0,0.0,0.0,0.0,0.0,0.0,0.0
2,1,0.046875,0.9375,0.015625,0.0,0.0,0.0,0.0,0.0,0.0,0.0,0.0,0.0
2,1,0.046875,0.9375,0.015625,0.0,0.0,0.0,0.0,0.0,0.0,0.0,0.0,0.0
2,1,0.046875,0.9375,0.015625,0.0,0.0,0.0,0.0,0.0,0.0,0.0,0.0,0.0
2,1,0.046875,0.9375,0.015625,0.0,0.0,0.0,0.0,0.0,0.0,0.0,0.0,0.0
2,1,0.046875,0.953125,0.0,0.0,0.0,0.0,0.0,0.0,0.0,0.0,0.0,0.0
2,1,0.046875,0.953125,0.0,0.0,0.0,0.0,0.0,0.0,0.0,0.0,0.0,0.0
2,1,0.046875,0.953125,0.0,0.0,0.0,0.0,0.0,0.0,0.0,0.0,0.0,0.0
2,1,0.046875,0.953125,0.0,0.0,0.0,0.0,0.0,0.0,0.0,0.0,0.0,0.0
2,1,0.0625,0.9375,0.0,0.0,0.0,0.0,0.0,0.0,0.0,0.0,0.0,0.0
2,1,0.0625,0.9375,0.0,0.0,0.0,0.0,0.0,0.0,0.0,0.0,0.0,0.0
2,1,0.0625,0.9375,0.0,0.0,0.0,0.0,0.0,0.0,0.0,0.0,0.0,0.0
2,1,0.0625,0.9375,0.0,0.0,0.0,0.0,0.0,0.0,0.0,0.0,0.0,0.0
2,1,0.0625,0.9375,0.0,0.0,0.0,0.0,0.0,0.0,0.0,0.0,0.0,0.0
2,1,0.0625,0.9375,0.0,0.0,0.0,0.0,0.0,0.0,0.0,0.0,0.0,0.0
2,1,0.0625,0.9375,0.0,0.0,0.0,0.0,0.0,0.0,0.0,0.0,0.0,0.0
2,1,0.0625,0.9375,0.0,0.0,0.0,0.0,0.0,0.0,0.0,0.0,0.0,0.0
2,1,0.0625,0.9375,0.0,0.0,0.0,0.0,0.0,0.0,0.0,0.0,0.0,0.0
2,1,0.0625,0.9375,0.0,0.0,0.0,0.0,0.0,0.0,0.0,0.0,0.0,0.0
2,1,0.0625,0.9375,0.0,0.0,0.0,0.0,0.0,0.0,0.0,0.0,0.0,0.0
2,1,0.0625,0.9375,0.0,0.0,0.0,0.0,0.0,0.0,0.0,0.0,0.0,0.0
2,1,0.0625,0.9375,0.0,0.0,0.0,0.0,0.0,0.0,0.0,0.0,0.0,0.0
2,1,0.0625,0.9375,0.0,0.0,0.0,0.0,0.0,0.0,0.0,0.0,0.0,0.0
2,1,0.0625,0.9375,0.0,0.0,0.0,0.0,0.0,0.0,0.0,0.0,0.0,0.0
2,1,0.0625,0.9375,0.0,0.0,0.0,0.0,0.0,0.0,0.0,0.0,0.0,0.0
2,1,0.0625,0.9375,0.0,0.0,0.0,0.0,0.0,0.0,0.0,0.0,0.0,0.0
2,1,0.0625,0.9375,0.0,0.0,0.0,0.0,0.0,0.0,0.0,0.0,0.0,0.0
2,1,0.0625,0.9375,0.0,0.0,0.0,0.0,0.0,0.0,0.0,0.0,0.0,0.0
2,1,0.0625,0.9375,0.0,0.0,0.0,0.0,0.0,0.0,0.0,0.0,0.0,0.0
2,1,0.0625,0.9375,0.0,0.0,0.0,0.0,0.0,0.0,0.0,0.0,0.0,0.0
2,1,0.0625,0.9375,0.0,0.0,0.0,0.0,0.0,0.0,0.0,0.0,0.0,0.0
2,1,0.0625,0.9375,0.0,0.0,0.0,0.0,0.0,0.0,0.0,0.0,0.0,0.0
2,1,0.0625,0.9375,0.0,0.0,0.0,0.0,0.0,0.0,0.0,0.0,0.0,0.0
2,1,0.0625,0.9375,0.0,0.0,0.0,0.0,0.0,0.0,0.0,0.0,0.0,0.0
2,1,0.0625,0.9375,0.0,0.0,0.0,0.0,0.0,0.0,0.0,0.0,0.0,0.0
2,1,0.0625,0.9375,0.0,0.0,0.0,0.0,0.0,0.0,0.0,0.0,0.0,0.0
2,1,0.0625,0.9375,0.0,0.0,0.0,0.0,0.0,0.0,0.0,0.0,0.0,0.0
2,1,0.0625,0.9375,0.0,0.0,0.0,0.0,0.0,0.0,0.0,0.0,0.0,0.0
2,1,0.0625,0.9375,0.0,0.0,0.0,0.0,0.0,0.0,0.0,0.0,0.0,0.0
2,1,0.0625,0.9375,0.0,0.0,0.0,0.0,0.0,0.0,0.0,0.0,0.0,0.0
2,1,0.0625,0.9375,0.0,0.0,0.0,0.0,0.0,0.0,0.0,0.0,0.0,0.0
2,1,0.0625,0.9375,0.0,0.0,0.0,0.0,0.0,0.0,0.0,0.0,0.0,0.0
2,1,0.0625,0.9375,0.0,0.0,0.0,0.0,0.0,0.0,0.0,0.0,0.0,0.0
2,1,0.0625,0.9375,0.0,0.0,0.0,0.0,0.0,0.0,0.0,0.0,0.0,0.0
2,1,0.0625,0.9375,0.0,0.0,0.0,0.0,0.0,0.0,0.0,0.0,0.0,0.0
2,1,0.0625,0.921875,0.015625,0.0,0.0,0.0,0.0,0.0,0.0,0.0,0.0,0.0
2,1,0.0625,0.921875,0.015625,0.0,0.0,0.0,0.0,0.0,0.0,0.0,0.0,0.0
2,1,0.0625,0.921875,0.015625,0.0,0.0,0.0,0.0,0.0,0.0,0.0,0.0,0.0
2,1,0.0625,0.921875,0.015625,0.0,0.0,0.0,0.0,0.0,0.0,0.0,0.0,0.0
2,1,0.0625,0.921875,0.015625,0.0,0.0,0.0,0.0,0.0,0.0,0.0,0.0,0.0
2,1,0.0625,0.921875,0.015625,0.0,0.0,0.0,0.0,0.0,0.0,0.0,0.0,0.0
2,1,0.0625,0.921875,0.015625,0.0,0.0,0.0,0.0,0.0,0.0,0.0,0.0,0.0
2,1,0.0625,0.921875,0.015625,0.0,0.0,0.0,0.0,0.0,0.0,0.0,0.0,0.0
2,1,0.0625,0.921875,0.015625,0.0,0.0,0.0,0.0,0.0,0.0,0.0,0.0,0.0
2,1,0.0625,0.921875,0.015625,0.0,0.0,0.0,0.0,0.0,0.0,0.0,0.0,0.0
2,1,0.0625,0.921875,0.015625,0.0,0.0,0.0,0.0,0.0,0.0,0.0,0.0,0.0
2,1,0.0625,0.921875,0.015625,0.0,0.0,0.0,0.0,0.0,0.0,0.0,0.0,0.0
2,1,0.0625,0.921875,0.015625,0.0,0.0,0.0,0.0,0.0,0.0,0.0,0.0,0.0
2,1,0.0625,0.921875,0.015625,0.0,0.0,0.0,0.0,0.0,0.0,0.0,0.0,0.0
2,1,0.0625,0.921875,0.015625,0.0,0.0,0.0,0.0,0.0,0.0,0.0,0.0,0.0
2,1,0.0625,0.921875,0.015625,0.0,0.0,0.0,0.0,0.0,0.0,0.0,0.0,0.0
2,1,0.0625,0.921875,0.015625,0.0,0.0,0.0,0.0,0.0,0.0,0.0,0.0,0.0
2,1,0.0625,0.921875,0.015625,0.0,0.0,0.0,0.0,0.0,0.0,0.0,0.0,0.0
2,1,0.0625,0.921875,0.015625,0.0,0.0,0.0,0.0,0.0,0.0,0.0,0.0,0.0
2,1,0.0625,0.921875,0.015625,0.0,0.0,0.0,0.0,0.0,0.0,0.0,0.0,0.0
2,1,0.0625,0.9375,0.0,0.0,0.0,0.0,0.0,0.0,0.0,0.0,0.0,0.0
2,1,0.0625,0.9375,0.0,0.0,0.0,0.0,0.0,0.0,0.0,0.0,0.0,0.0
2,1,0.0625,0.9375,0.0,0.0,0.0,0.0,0.0,0.0,0.0,0.0,0.0,0.0
2,1,0.0625,0.9375,0.0,0.0,0.0,0.0,0.0,0.0,0.0,0.0,0.0,0.0
2,1,0.0625,0.9375,0.0,0.0,0.0,0.0,0.0,0.0,0.0,0.0,0.0,0.0
2,1,0.0625,0.9375,0.0,0.0,0.0,0.0,0.0,0.0,0.0,0.0,0.0,0.0
2,1,0.0625,0.9375,0.0,0.0,0.0,0.0,0.0,0.0,0.0,0.0,0.0,0.0
2,1,0.0625,0.9375,0.0,0.0,0.0,0.0,0.0,0.0,0.0,0.0,0.0,0.0
2,1,0.0625,0.9375,0.0,0.0,0.0,0.0,0.0,0.0,0.0,0.0,0.0,0.0
2,1,0.0625,0.9375,0.0,0.0,0.0,0.0,0.0,0.0,0.0,0.0,0.0,0.0
2,1,0.0625,0.9375,0.0,0.0,0.0,0.0,0.0,0.0,0.0,0.0,0.0,0.0
2,1,0.0625,0.9375,0.0,0.0,0.0,0.0,0.0,0.0,0.0,0.0,0.0,0.0
2,1,0.0625,0.9375,0.0,0.0,0.0,0.0,0.0,0.0,0.0,0.0,0.0,0.0
2,1,0.0625,0.9375,0.0,0.0,0.0,0.0,0.0,0.0,0.0,0.0,0.0,0.0
2,1,0.0625,0.9375,0.0,0.0,0.0,0.0,0.0,0.0,0.0,0.0,0.0,0.0
2,1,0.0625,0.9375,0.0,0.0,0.0,0.0,0.0,0.0,0.0,0.0,0.0,0.0
2,1,0.0625,0.9375,0.0,0.0,0.0,0.0,0.0,0.0,0.0,0.0,0.0,0.0
2,1,0.0625,0.9375,0.0,0.0,0.0,0.0,0.0,0.0,0.0,0.0,0.0,0.0
2,1,0.0625,0.9375,0.0,0.0,0.0,0.0,0.0,0.0,0.0,0.0,0.0,0.0
2,1,0.0625,0.9375,0.0,0.0,0.0,0.0,0.0,0.0,0.0,0.0,0.0,0.0
2,1,0.0625,0.9375,0.0,0.0,0.0,0.0,0.0,0.0,0.0,0.0,0.0,0.0
2,1,0.0625,0.9375,0.0,0.0,0.0,0.0,0.0,0.0,0.0,0.0,0.0,0.0
2,1,0.0625,0.9375,0.0,0.0,0.0,0.0,0.0,0.0,0.0,0.0,0.0,0.0
2,1,0.0625,0.9375,0.0,0.0,0.0,0.0,0.0,0.0,0.0,0.0,0.0,0.0
2,1,0.0625,0.9375,0.0,0.0,0.0,0.0,0.0,0.0,0.0,0.0,0.0,0.0
2,1,0.0625,0.9375,0.0,0.0,0.0,0.0,0.0,0.0,0.0,0.0,0.0,0.0
2,1,0.0625,0.9375,0.0,0.0,0.0,0.0,0.0,0.0,0.0,0.0,0.0,0.0
2,1,0.0625,0.9375,0.0,0.0,0.0,0.0,0.0,0.0,0.0,0.0,0.0,0.0
2,1,0.0625,0.9375,0.0,0.0,0.0,0.0,0.0,0.0,0.0,0.0,0.0,0.0
2,1,0.0625,0.9375,0.0,0.0,0.0,0.0,0.0,0.0,0.0,0.0,0.0,0.0
2,1,0.0625,0.9375,0.0,0.0,0.0,0.0,0.0,0.0,0.0,0.0,0.0,0.0
2,1,0.0625,0.9375,0.0,0.0,0.0,0.0,0.0,0.0,0.0,0.0,0.0,0.0
2,1,0.0625,0.9375,0.0,0.0,0.0,0.0,0.0,0.0,0.0,0.0,0.0,0.0
2,1,0.0625,0.9375,0.0,0.0,0.0,0.0,0.0,0.0,0.0,0.0,0.0,0.0
2,1,0.0625,0.9375,0.0,0.0,0.0,0.0,0.0,0.0,0.0,0.0,0.0,0.0
2,1,0.0625,0.9375,0.0,0.0,0.0,0.0,0.0,0.0,0.0,0.0,0.0,0.0
2,1,0.0625,0.9375,0.0,0.0,0.0,0.0,0.0,0.0,0.0,0.0,0.0,0.0
2,1,0.0625,0.9375,0.0,0.0,0.0,0.0,0.0,0.0,0.0,0.0,0.0,0.0
2,1,0.0625,0.9375,0.0,0.0,0.0,0.0,0.0,0.0,0.0,0.0,0.0,0.0
2,1,0.0625,0.9375,0.0,0.0,0.0,0.0,0.0,0.0,0.0,0.0,0.0,0.0
2,1,0.078125,0.921875,0.0,0.0,0.0,0.0,0.0,0.0,0.0,0.0,0.0,0.0
2,1,0.078125,0.921875,0.0,0.0,0.0,0.0,0.0,0.0,0.0,0.0,0.0,0.0
2,1,0.078125,0.921875,0.0,0.0,0.0,0.0,0.0,0.0,0.0,0.0,0.0,0.0
2,1,0.078125,0.921875,0.0,0.0,0.0,0.0,0.0,0.0,0.0,0.0,0.0,0.0
2,1,0.078125,0.921875,0.0,0.0,0.0,0.0,0.0,0.0,0.0,0.0,0.0,0.0
2,1,0.078125,0.921875,0.0,0.0,0.0,0.0,0.0,0.0,0.0,0.0,0.0,0.0
2,1,0.078125,0.921875,0.0,0.0,0.0,0.0,0.0,0.0,0.0,0.0,0.0,0.0
2,1,0.078125,0.921875,0.0,0.0,0.0,0.0,0.0,0.0,0.0,0.0,0.0,0.0
2,1,0.078125,0.921875,0.0,0.0,0.0,0.0,0.0,0.0,0.0,0.0,0.0,0.0
2,1,0.078125,0.921875,0.0,0.0,0.0,0.0,0.0,0.0,0.0,0.0,0.0,0.0
2,1,0.078125,0.921875,0.0,0.0,0.0,0.0,0.0,0.0,0.0,0.0,0.0,0.0
2,1,0.078125,0.921875,0.0,0.0,0.0,0.0,0.0,0.0,0.0,0.0,0.0,0.0
2,1,0.078125,0.921875,0.0,0.0,0.0,0.0,0.0,0.0,0.0,0.0,0.0,0.0
2,1,0.0625,0.9375,0.0,0.0,0.0,0.0,0.0,0.0,0.0,0.0,0.0,0.0
2,1,0.0625,0.9375,0.0,0.0,0.0,0.0,0.0,0.0,0.0,0.0,0.0,0.0
2,1,0.0625,0.9375,0.0,0.0,0.0,0.0,0.0,0.0,0.0,0.0,0.0,0.0
2,1,0.0625,0.9375,0.0,0.0,0.0,0.0,0.0,0.0,0.0,0.0,0.0,0.0
2,1,0.0625,0.9375,0.0,0.0,0.0,0.0,0.0,0.0,0.0,0.0,0.0,0.0
2,1,0.0625,0.9375,0.0,0.0,0.0,0.0,0.0,0.0,0.0,0.0,0.0,0.0
2,1,0.0625,0.9375,0.0,0.0,0.0,0.0,0.0,0.0,0.0,0.0,0.0,0.0
2,1,0.0625,0.9375,0.0,0.0,0.0,0.0,0.0,0.0,0.0,0.0,0.0,0.0
2,1,0.0625,0.9375,0.0,0.0,0.0,0.0,0.0,0.0,0.0,0.0,0.0,0.0
2,1,0.0625,0.9375,0.0,0.0,0.0,0.0,0.0,0.0,0.0,0.0,0.0,0.0
2,1,0.0625,0.9375,0.0,0.0,0.0,0.0,0.0,0.0,0.0,0.0,0.0,0.0
2,1,0.0625,0.9375,0.0,0.0,0.0,0.0,0.0,0.0,0.0,0.0,0.0,0.0
2,1,0.0625,0.9375,0.0,0.0,0.0,0.0,0.0,0.0,0.0,0.0,0.0,0.0
2,1,0.0625,0.9375,0.0,0.0,0.0,0.0,0.0,0.0,0.0,0.0,0.0,0.0
2,1,0.0625,0.9375,0.0,0.0,0.0,0.0,0.0,0.0,0.0,0.0,0.0,0.0
2,1,0.0625,0.9375,0.0,0.0,0.0,0.0,0.0,0.0,0.0,0.0,0.0,0.0
2,1,0.0625,0.9375,0.0,0.0,0.0,0.0,0.0,0.0,0.0,0.0,0.0,0.0
2,1,0.0625,0.9375,0.0,0.0,0.0,0.0,0.0,0.0,0.0,0.0,0.0,0.0
2,1,0.0625,0.9375,0.0,0.0,0.0,0.0,0.0,0.0,0.0,0.0,0.0,0.0
2,1,0.0625,0.9375,0.0,0.0,0.0,0.0,0.0,0.0,0.0,0.0,0.0,0.0
2,1,0.0625,0.9375,0.0,0.0,0.0,0.0,0.0,0.0,0.0,0.0,0.0,0.0
2,1,0.0625,0.9375,0.0,0.0,0.0,0.0,0.0,0.0,0.0,0.0,0.0,0.0
2,1,0.0625,0.9375,0.0,0.0,0.0,0.0,0.0,0.0,0.0,0.0,0.0,0.0
2,1,0.0625,0.9375,0.0,0.0,0.0,0.0,0.0,0.0,0.0,0.0,0.0,0.0
2,1,0.0625,0.9375,0.0,0.0,0.0,0.0,0.0,0.0,0.0,0.0,0.0,0.0
2,1,0.0625,0.9375,0.0,0.0,0.0,0.0,0.0,0.0,0.0,0.0,0.0,0.0
2,1,0.0625,0.9375,0.0,0.0,0.0,0.0,0.0,0.0,0.0,0.0,0.0,0.0
2,1,0.0625,0.9375,0.0,0.0,0.0,0.0,0.0,0.0,0.0,0.0,0.0,0.0
2,1,0.0625,0.9375,0.0,0.0,0.0,0.0,0.0,0.0,0.0,0.0,0.0,0.0
2,1,0.0625,0.9375,0.0,0.0,0.0,0.0,0.0,0.0,0.0,0.0,0.0,0.0
2,1,0.0625,0.9375,0.0,0.0,0.0,0.0,0.0,0.0,0.0,0.0,0.0,0.0
2,1,0.0625,0.9375,0.0,0.0,0.0,0.0,0.0,0.0,0.0,0.0,0.0,0.0
2,1,0.0625,0.9375,0.0,0.0,0.0,0.0,0.0,0.0,0.0,0.0,0.0,0.0
2,1,0.0625,0.9375,0.0,0.0,0.0,0.0,0.0,0.0,0.0,0.0,0.0,0.0
2,1,0.0625,0.9375,0.0,0.0,0.0,0.0,0.0,0.0,0.0,0.0,0.0,0.0
2,1,0.0625,0.9375,0.0,0.0,0.0,0.0,0.0,0.0,0.0,0.0,0.0,0.0
2,1,0.0625,0.9375,0.0,0.0,0.0,0.0,0.0,0.0,0.0,0.0,0.0,0.0
2,1,0.0625,0.9375,0.0,0.0,0.0,0.0,0.0,0.0,0.0,0.0,0.0,0.0
2,1,0.0625,0.9375,0.0,0.0,0.0,0.0,0.0,0.0,0.0,0.0,0.0,0.0
2,1,0.0625,0.9375,0.0,0.0,0.0,0.0,0.0,0.0,0.0,0.0,0.0,0.0
2,1,0.0625,0.9375,0.0,0.0,0.0,0.0,0.0,0.0,0.0,0.0,0.0,0.0
2,1,0.0625,0.9375,0.0,0.0,0.0,0.0,0.0,0.0,0.0,0.0,0.0,0.0
2,1,0.0625,0.9375,0.0,0.0,0.0,0.0,0.0,0.0,0.0,0.0,0.0,0.0
2,1,0.0625,0.9375,0.0,0.0,0.0,0.0,0.0,0.0,0.0,0.0,0.0,0.0
2,1,0.0625,0.9375,0.0,0.0,0.0,0.0,0.0,0.0,0.0,0.0,0.0,0.0
2,1,0.0625,0.9375,0.0,0.0,0.0,0.0,0.0,0.0,0.0,0.0,0.0,0.0
2,1,0.0625,0.9375,0.0,0.0,0.0,0.0,0.0,0.0,0.0,0.0,0.0,0.0
2,1,0.0625,0.921875,0.015625,0.0,0.0,0.0,0.0,0.0,0.0,0.0,0.0,0.0
2,1,0.0625,0.921875,0.015625,0.0,0.0,0.0,0.0,0.0,0.0,0.0,0.0,0.0
2,1,0.0625,0.921875,0.015625,0.0,0.0,0.0,0.0,0.0,0.0,0.0,0.0,0.0
2,1,0.0625,0.921875,0.015625,0.0,0.0,0.0,0.0,0.0,0.0,0.0,0.0,0.0
2,1,0.046875,0.9375,0.015625,0.0,0.0,0.0,0.0,0.0,0.0,0.0,0.0,0.0
2,1,0.046875,0.9375,0.015625,0.0,0.0,0.0,0.0,0.0,0.0,0.0,0.0,0.0
2,1,0.046875,0.9375,0.015625,0.0,0.0,0.0,0.0,0.0,0.0,0.0,0.0,0.0
2,1,0.046875,0.9375,0.015625,0.0,0.0,0.0,0.0,0.0,0.0,0.0,0.0,0.0
2,1,0.046875,0.9375,0.015625,0.0,0.0,0.0,0.0,0.0,0.0,0.0,0.0,0.0
2,1,0.046875,0.9375,0.015625,0.0,0.0,0.0,0.0,0.0,0.0,0.0,0.0,0.0
2,1,0.046875,0.9375,0.015625,0.0,0.0,0.0,0.0,0.0,0.0,0.0,0.0,0.0
2,1,0.046875,0.9375,0.015625,0.0,0.0,0.0,0.0,0.0,0.0,0.0,0.0,0.0
2,1,0.046875,0.9375,0.015625,0.0,0.0,0.0,0.0,0.0,0.0,0.0,0.0,0.0
2,1,0.046875,0.9375,0.015625,0.0,0.0,0.0,0.0,0.0,0.0,0.0,0.0,0.0
2,1,0.046875,0.9375,0.015625,0.0,0.0,0.0,0.0,0.0,0.0,0.0,0.0,0.0
2,1,0.046875,0.9375,0.015625,0.0,0.0,0.0,0.0,0.0,0.0,0.0,0.0,0.0
2,1,0.046875,0.9375,0.015625,0.0,0.0,0.0,0.0,0.0,0.0,0.0,0.0,0.0
2,1,0.046875,0.9375,0.015625,0.0,0.0,0.0,0.0,0.0,0.0,0.0,0.0,0.0
2,1,0.046875,0.9375,0.015625,0.0,0.0,0.0,0.0,0.0,0.0,0.0,0.0,0.0
2,1,0.046875,0.9375,0.015625,0.0,0.0,0.0,0.0,0.0,0.0,0.0,0.0,0.0
2,1,0.046875,0.9375,0.015625,0.0,0.0,0.0,0.0,0.0,0.0,0.0,0.0,0.0
2,1,0.046875,0.9375,0.015625,0.0,0.0,0.0,0.0,0.0,0.0,0.0,0.0,0.0
2,1,0.046875,0.9375,0.015625,0.0,0.0,0.0,0.0,0.0,0.0,0.0,0.0,0.0
2,1,0.046875,0.9375,0.015625,0.0,0.0,0.0,0.0,0.0,0.0,0.0,0.0,0.0
2,1,0.046875,0.9375,0.015625,0.0,0.0,0.0,0.0,0.0,0.0,0.0,0.0,0.0
2,1,0.046875,0.9375,0.015625,0.0,0.0,0.0,0.0,0.0,0.0,0.0,0.0,0.0
2,1,0.046875,0.9375,0.015625,0.0,0.0,0.0,0.0,0.0,0.0,0.0,0.0,0.0
2,1,0.046875,0.9375,0.015625,0.0,0.0,0.0,0.0,0.0,0.0,0.0,0.0,0.0
2,1,0.046875,0.9375,0.015625,0.0,0.0,0.0,0.0,0.0,0.0,0.0,0.0,0.0
2,1,0.046875,0.9375,0.015625,0.0,0.0,0.0,0.0,0.0,0.0,0.0,0.0,0.0
2,1,0.046875,0.9375,0.015625,0.0,0.0,0.0,0.0,0.0,0.0,0.0,0.0,0.0
2,1,0.046875,0.9375,0.015625,0.0,0.0,0.0,0.0,0.0,0.0,0.0,0.0,0.0
2,1,0.046875,0.9375,0.015625,0.0,0.0,0.0,0.0,0.0,0.0,0.0,0.0,0.0
2,1,0.046875,0.9375,0.015625,0.0,0.0,0.0,0.0,0.0,0.0,0.0,0.0,0.0
2,1,0.046875,0.9375,0.015625,0.0,0.0,0.0,0.0,0.0,0.0,0.0,0.0,0.0
2,1,0.046875,0.9375,0.015625,0.0,0.0,0.0,0.0,0.0,0.0,0.0,0.0,0.0
2,1,0.046875,0.9375,0.015625,0.0,0.0,0.0,0.0,0.0,0.0,0.0,0.0,0.0
2,1,0.046875,0.9375,0.015625,0.0,0.0,0.0,0.0,0.0,0.0,0.0,0.0,0.0
2,1,0.046875,0.9375,0.015625,0.0,0.0,0.0,0.0,0.0,0.0,0.0,0.0,0.0
2,1,0.046875,0.9375,0.015625,0.0,0.0,0.0,0.0,0.0,0.0,0.0,0.0,0.0
2,1,0.046875,0.9375,0.015625,0.0,0.0,0.0,0.0,0.0,0.0,0.0,0.0,0.0
2,1,0.046875,0.9375,0.015625,0.0,0.0,0.0,0.0,0.0,0.0,0.0,0.0,0.0
2,1,0.046875,0.9375,0.015625,0.0,0.0,0.0,0.0,0.0,0.0,0.0,0.0,0.0
2,1,0.046875,0.9375,0.015625,0.0,0.0,0.0,0.0,0.0,0.0,0.0,0.0,0.0
2,1,0.046875,0.9375,0.015625,0.0,0.0,0.0,0.0,0.0,0.0,0.0,0.0,0.0
2,1,0.046875,0.9375,0.015625,0.0,0.0,0.0,0.0,0.0,0.0,0.0,0.0,0.0
2,1,0.046875,0.9375,0.015625,0.0,0.0,0.0,0.0,0.0,0.0,0.0,0.0,0.0
2,1,0.046875,0.921875,0.015625,0.0,0.0,0.0,0.0,0.015625,0.0,0.0,0.0,0.0
2,1,0.046875,0.921875,0.015625,0.0,0.0,0.0,0.0,0.015625,0.0,0.0,0.0,0.0
2,1,0.046875,0.921875,0.015625,0.0,0.0,0.0,0.0,0.015625,0.0,0.0,0.0,0.0
2,1,0.046875,0.921875,0.015625,0.0,0.0,0.0,0.0,0.015625,0.0,0.0,0.0,0.0
2,1,0.046875,0.921875,0.015625,0.0,0.0,0.0,0.0,0.015625,0.0,0.0,0.0,0.0
2,1,0.046875,0.921875,0.015625,0.0,0.0,0.0,0.0,0.015625,0.0,0.0,0.0,0.0
2,1,0.046875,0.921875,0.015625,0.0,0.0,0.0,0.0,0.015625,0.0,0.0,0.0,0.0
2,1,0.0625,0.90625,0.015625,0.0,0.0,0.0,0.0,0.015625,0.0,0.0,0.0,0.0
2,1,0.0625,0.90625,0.015625,0.0,0.0,0.0,0.0,0.015625,0.0,0.0,0.0,0.0
2,1,0.0625,0.890625,0.03125,0.0,0.0,0.0,0.0,0.015625,0.0,0.0,0.0,0.0
2,1,0.0625,0.890625,0.03125,0.0,0.0,0.0,0.0,0.015625,0.0,0.0,0.0,0.0
2,1,0.0625,0.890625,0.03125,0.0,0.0,0.0,0.0,0.015625,0.0,0.0,0.0,0.0
2,1,0.0625,0.890625,0.03125,0.0,0.0,0.0,0.0,0.015625,0.0,0.0,0.0,0.0
2,1,0.0625,0.890625,0.03125,0.0,0.0,0.0,0.0,0.015625,0.0,0.0,0.0,0.0
2,1,0.0625,0.890625,0.03125,0.0,0.0,0.0,0.0,0.015625,0.0,0.0,0.0,0.0
2,1,0.0625,0.890625,0.03125,0.0,0.0,0.0,0.0,0.015625,0.0,0.0,0.0,0.0
2,1,0.0625,0.890625,0.03125,0.0,0.0,0.0,0.0,0.015625,0.0,0.0,0.0,0.0
2,1,0.0625,0.890625,0.03125,0.0,0.0,0.0,0.0,0.015625,0.0,0.0,0.0,0.0
2,1,0.0625,0.890625,0.03125,0.0,0.0,0.0,0.0,0.015625,0.0,0.0,0.0,0.0
2,1,0.0625,0.890625,0.03125,0.0,0.0,0.0,0.0,0.015625,0.0,0.0,0.0,0.0
2,1,0.0625,0.890625,0.03125,0.0,0.0,0.0,0.0,0.015625,0.0,0.0,0.0,0.0
2,1,0.0625,0.890625,0.03125,0.0,0.0,0.0,0.0,0.015625,0.0,0.0,0.0,0.0
2,1,0.0625,0.890625,0.03125,0.0,0.0,0.0,0.0,0.015625,0.0,0.0,0.0,0.0
2,1,0.0625,0.890625,0.03125,0.0,0.0,0.0,0.0,0.015625,0.0,0.0,0.0,0.0
2,1,0.0625,0.890625,0.03125,0.0,0.0,0.0,0.0,0.015625,0.0,0.0,0.0,0.0
2,1,0.0625,0.890625,0.03125,0.0,0.0,0.0,0.0,0.015625,0.0,0.0,0.0,0.0
2,1,0.0625,0.890625,0.03125,0.0,0.0,0.0,0.0,0.015625,0.0,0.0,0.0,0.0
2,1,0.0625,0.890625,0.03125,0.0,0.0,0.0,0.0,0.015625,0.0,0.0,0.0,0.0
2,1,0.0625,0.890625,0.03125,0.0,0.0,0.0,0.0,0.015625,0.0,0.0,0.0,0.0
2,1,0.0625,0.890625,0.03125,0.0,0.0,0.0,0.0,0.015625,0.0,0.0,0.0,0.0
2,1,0.0625,0.890625,0.03125,0.0,0.0,0.0,0.0,0.015625,0.0,0.0,0.0,0.0
2,1,0.0625,0.890625,0.03125,0.0,0.0,0.0,0.0,0.015625,0.0,0.0,0.0,0.0
2,1,0.0625,0.890625,0.03125,0.0,0.0,0.0,0.0,0.015625,0.0,0.0,0.0,0.0
2,1,0.0625,0.890625,0.03125,0.0,0.0,0.0,0.0,0.015625,0.0,0.0,0.0,0.0
2,1,0.0625,0.890625,0.03125,0.0,0.0,0.0,0.0,0.015625,0.0,0.0,0.0,0.0
2,1,0.0625,0.890625,0.03125,0.0,0.0,0.0,0.0,0.015625,0.0,0.0,0.0,0.0
2,1,0.0625,0.890625,0.03125,0.0,0.0,0.0,0.0,0.015625,0.0,0.0,0.0,0.0
2,1,0.0625,0.890625,0.03125,0.0,0.0,0.0,0.0,0.015625,0.0,0.0,0.0,0.0
2,1,0.0625,0.890625,0.03125,0.0,0.0,0.0,0.0,0.015625,0.0,0.0,0.0,0.0
2,1,0.0625,0.890625,0.03125,0.0,0.0,0.0,0.0,0.015625,0.0,0.0,0.0,0.0
2,1,0.0625,0.890625,0.03125,0.0,0.0,0.0,0.0,0.015625,0.0,0.0,0.0,0.0
2,1,0.0625,0.890625,0.03125,0.0,0.0,0.0,0.0,0.015625,0.0,0.0,0.0,0.0
2,1,0.0625,0.890625,0.03125,0.0,0.0,0.0,0.0,0.015625,0.0,0.0,0.0,0.0
2,1,0.0625,0.890625,0.03125,0.0,0.0,0.0,0.0,0.015625,0.0,0.0,0.0,0.0
2,1,0.0625,0.890625,0.03125,0.0,0.0,0.0,0.0,0.015625,0.0,0.0,0.0,0.0
2,1,0.0625,0.890625,0.03125,0.0,0.0,0.0,0.0,0.015625,0.0,0.0,0.0,0.0
2,1,0.0625,0.890625,0.03125,0.0,0.0,0.0,0.0,0.015625,0.0,0.0,0.0,0.0
2,1,0.0625,0.890625,0.03125,0.0,0.0,0.0,0.0,0.015625,0.0,0.0,0.0,0.0
2,1,0.0625,0.890625,0.03125,0.0,0.0,0.0,0.0,0.015625,0.0,0.0,0.0,0.0
2,1,0.0625,0.890625,0.03125,0.0,0.0,0.0,0.0,0.015625,0.0,0.0,0.0,0.0
2,1,0.0625,0.890625,0.03125,0.0,0.0,0.0,0.0,0.015625,0.0,0.0,0.0,0.0
2,1,0.0625,0.890625,0.03125,0.0,0.0,0.0,0.0,0.015625,0.0,0.0,0.0,0.0
2,1,0.0625,0.890625,0.03125,0.0,0.0,0.0,0.0,0.015625,0.0,0.0,0.0,0.0
2,1,0.0625,0.875,0.03125,0.015625,0.0,0.0,0.0,0.015625,0.0,0.0,0.0,0.0
2,1,0.0625,0.875,0.03125,0.015625,0.0,0.0,0.0,0.015625,0.0,0.0,0.0,0.0
2,1,0.0625,0.875,0.03125,0.015625,0.0,0.0,0.0,0.015625,0.0,0.0,0.0,0.0
2,1,0.0625,0.875,0.03125,0.015625,0.0,0.0,0.0,0.015625,0.0,0.0,0.0,0.0
2,1,0.0625,0.875,0.03125,0.015625,0.0,0.0,0.0,0.015625,0.0,0.0,0.0,0.0
2,1,0.0625,0.875,0.03125,0.015625,0.0,0.0,0.0,0.015625,0.0,0.0,0.0,0.0
2,1,0.0625,0.875,0.03125,0.015625,0.0,0.0,0.0,0.015625,0.0,0.0,0.0,0.0
2,1,0.0625,0.875,0.03125,0.015625,0.0,0.0,0.0,0.015625,0.0,0.0,0.0,0.0
2,1,0.0625,0.875,0.03125,0.015625,0.0,0.0,0.0,0.015625,0.0,0.0,0.0,0.0
2,1,0.0625,0.875,0.03125,0.015625,0.0,0.0,0.0,0.015625,0.0,0.0,0.0,0.0
2,1,0.0625,0.875,0.03125,0.015625,0.0,0.0,0.0,0.015625,0.0,0.0,0.0,0.0
2,1,0.0625,0.875,0.03125,0.015625,0.0,0.0,0.0,0.015625,0.0,0.0,0.0,0.0
2,1,0.0625,0.875,0.03125,0.015625,0.0,0.0,0.0,0.015625,0.0,0.0,0.0,0.0
2,1,0.0625,0.875,0.03125,0.015625,0.0,0.0,0.0,0.015625,0.0,0.0,0.0,0.0
2,1,0.0625,0.875,0.03125,0.015625,0.0,0.0,0.0,0.015625,0.0,0.0,0.0,0.0
2,1,0.0625,0.875,0.03125,0.015625,0.0,0.0,0.0,0.015625,0.0,0.0,0.0,0.0
2,1,0.0625,0.875,0.03125,0.015625,0.0,0.0,0.0,0.015625,0.0,0.0,0.0,0.0
2,1,0.0625,0.875,0.03125,0.015625,0.0,0.0,0.0,0.015625,0.0,0.0,0.0,0.0
2,1,0.0625,0.875,0.03125,0.015625,0.0,0.0,0.0,0.015625,0.0,0.0,0.0,0.0
2,1,0.0625,0.875,0.03125,0.015625,0.0,0.0,0.0,0.015625,0.0,0.0,0.0,0.0
2,1,0.0625,0.875,0.03125,0.015625,0.0,0.0,0.0,0.015625,0.0,0.0,0.0,0.0
2,1,0.0625,0.875,0.03125,0.015625,0.0,0.0,0.0,0.015625,0.0,0.0,0.0,0.0
2,1,0.0625,0.875,0.03125,0.015625,0.0,0.0,0.0,0.015625,0.0,0.0,0.0,0.0
2,1,0.0625,0.875,0.03125,0.015625,0.0,0.0,0.0,0.015625,0.0,0.0,0.0,0.0
2,1,0.0625,0.875,0.03125,0.015625,0.0,0.0,0.0,0.015625,0.0,0.0,0.0,0.0
2,1,0.0625,0.875,0.03125,0.015625,0.0,0.0,0.0,0.015625,0.0,0.0,0.0,0.0
2,1,0.0625,0.875,0.03125,0.015625,0.0,0.0,0.0,0.015625,0.0,0.0,0.0,0.0
2,1,0.0625,0.875,0.03125,0.015625,0.0,0.0,0.0,0.015625,0.0,0.0,0.0,0.0
2,1,0.0625,0.875,0.03125,0.015625,0.0,0.0,0.0,0.015625,0.0,0.0,0.0,0.0
2,1,0.0625,0.875,0.03125,0.015625,0.0,0.0,0.0,0.015625,0.0,0.0,0.0,0.0
2,1,0.0625,0.875,0.03125,0.015625,0.0,0.0,0.0,0.015625,0.0,0.0,0.0,0.0
2,1,0.0625,0.875,0.03125,0.015625,0.0,0.0,0.0,0.015625,0.0,0.0,0.0,0.0
2,1,0.0625,0.875,0.03125,0.015625,0.0,0.0,0.0,0.015625,0.0,0.0,0.0,0.0
2,1,0.0625,0.875,0.03125,0.015625,0.0,0.0,0.0,0.015625,0.0,0.0,0.0,0.0
2,1,0.0625,0.875,0.03125,0.015625,0.0,0.0,0.0,0.015625,0.0,0.0,0.0,0.0
2,1,0.0625,0.875,0.03125,0.015625,0.0,0.0,0.0,0.015625,0.0,0.0,0.0,0.0
2,1,0.0625,0.875,0.03125,0.015625,0.0,0.0,0.0,0.015625,0.0,0.0,0.0,0.0
2,1,0.0625,0.875,0.03125,0.015625,0.0,0.0,0.0,0.015625,0.0,0.0,0.0,0.0
2,1,0.0625,0.875,0.03125,0.015625,0.0,0.0,0.0,0.015625,0.0,0.0,0.0,0.0
2,1,0.0625,0.875,0.03125,0.015625,0.0,0.0,0.0,0.015625,0.0,0.0,0.0,0.0
2,1,0.0625,0.875,0.03125,0.015625,0.0,0.0,0.0,0.015625,0.0,0.0,0.0,0.0
2,1,0.0625,0.875,0.03125,0.015625,0.0,0.0,0.0,0.015625,0.0,0.0,0.0,0.0
2,1,0.0625,0.875,0.03125,0.015625,0.0,0.0,0.0,0.015625,0.0,0.0,0.0,0.0
2,1,0.0625,0.875,0.03125,0.015625,0.0,0.0,0.0,0.015625,0.0,0.0,0.0,0.0
2,1,0.0625,0.875,0.03125,0.015625,0.0,0.0,0.0,0.015625,0.0,0.0,0.0,0.0
2,1,0.0625,0.875,0.03125,0.015625,0.0,0.0,0.0,0.015625,0.0,0.0,0.0,0.0
2,1,0.0625,0.875,0.03125,0.015625,0.0,0.0,0.0,0.015625,0.0,0.0,0.0,0.0
2,1,0.0625,0.875,0.03125,0.015625,0.0,0.0,0.0,0.015625,0.0,0.0,0.0,0.0
2,1,0.0625,0.875,0.03125,0.015625,0.0,0.0,0.0,0.015625,0.0,0.0,0.0,0.0
2,1,0.0625,0.875,0.03125,0.015625,0.0,0.0,0.0,0.015625,0.0,0.0,0.0,0.0
2,1,0.0625,0.875,0.03125,0.015625,0.0,0.0,0.0,0.015625,0.0,0.0,0.0,0.0
2,1,0.0625,0.875,0.03125,0.015625,0.0,0.0,0.0,0.015625,0.0,0.0,0.0,0.0
2,1,0.0625,0.875,0.03125,0.015625,0.0,0.0,0.0,0.015625,0.0,0.0,0.0,0.0
2,1,0.0625,0.875,0.03125,0.015625,0.0,0.0,0.0,0.015625,0.0,0.0,0.0,0.0
2,1,0.0625,0.875,0.03125,0.015625,0.0,0.0,0.0,0.015625,0.0,0.0,0.0,0.0
2,1,0.0625,0.875,0.03125,0.015625,0.0,0.0,0.0,0.015625,0.0,0.0,0.0,0.0
2,1,0.0625,0.875,0.03125,0.015625,0.0,0.0,0.0,0.015625,0.0,0.0,0.0,0.0
2,1,0.0625,0.875,0.03125,0.015625,0.0,0.0,0.0,0.015625,0.0,0.0,0.0,0.0
2,1,0.0625,0.875,0.03125,0.015625,0.0,0.0,0.0,0.015625,0.0,0.0,0.0,0.0
2,1,0.0625,0.875,0.03125,0.015625,0.0,0.0,0.0,0.015625,0.0,0.0,0.0,0.0
2,1,0.0625,0.875,0.03125,0.015625,0.0,0.0,0.0,0.015625,0.0,0.0,0.0,0.0
2,1,0.0625,0.875,0.03125,0.015625,0.0,0.0,0.0,0.015625,0.0,0.0,0.0,0.0
2,1,0.0625,0.875,0.03125,0.015625,0.0,0.0,0.0,0.015625,0.0,0.0,0.0,0.0
2,1,0.0625,0.875,0.03125,0.015625,0.0,0.0,0.0,0.015625,0.0,0.0,0.0,0.0
2,1,0.078125,0.859375,0.03125,0.015625,0.0,0.0,0.0,0.015625,0.0,0.0,0.0,0.0
2,1,0.078125,0.859375,0.03125,0.015625,0.0,0.0,0.0,0.015625,0.0,0.0,0.0,0.0
2,1,0.078125,0.859375,0.03125,0.015625,0.0,0.0,0.0,0.015625,0.0,0.0,0.0,0.0
2,1,0.078125,0.859375,0.03125,0.015625,0.0,0.0,0.0,0.015625,0.0,0.0,0.0,0.0
2,1,0.078125,0.859375,0.03125,0.015625,0.0,0.0,0.0,0.015625,0.0,0.0,0.0,0.0
2,1,0.078125,0.859375,0.03125,0.015625,0.0,0.0,0.0,0.015625,0.0,0.0,0.0,0.0
2,1,0.078125,0.859375,0.03125,0.015625,0.0,0.0,0.0,0.015625,0.0,0.0,0.0,0.0
2,1,0.078125,0.859375,0.03125,0.015625,0.0,0.0,0.0,0.015625,0.0,0.0,0.0,0.0
2,1,0.078125,0.859375,0.03125,0.015625,0.0,0.0,0.0,0.015625,0.0,0.0,0.0,0.0
2,1,0.078125,0.859375,0.03125,0.015625,0.0,0.0,0.0,0.015625,0.0,0.0,0.0,0.0
2,1,0.078125,0.859375,0.03125,0.015625,0.0,0.0,0.0,0.015625,0.0,0.0,0.0,0.0
2,1,0.078125,0.859375,0.03125,0.015625,0.0,0.0,0.0,0.015625,0.0,0.0,0.0,0.0
2,1,0.078125,0.859375,0.03125,0.015625,0.0,0.0,0.0,0.015625,0.0,0.0,0.0,0.0
2,1,0.078125,0.859375,0.03125,0.015625,0.0,0.0,0.0,0.015625,0.0,0.0,0.0,0.0
2,1,0.078125,0.859375,0.03125,0.015625,0.0,0.0,0.0,0.015625,0.0,0.0,0.0,0.0
2,1,0.078125,0.859375,0.03125,0.015625,0.0,0.0,0.0,0.015625,0.0,0.0,0.0,0.0
2,1,0.078125,0.875,0.03125,0.0,0.0,0.0,0.0,0.015625,0.0,0.0,0.0,0.0
2,1,0.078125,0.875,0.03125,0.0,0.0,0.0,0.0,0.015625,0.0,0.0,0.0,0.0
2,1,0.078125,0.875,0.03125,0.0,0.0,0.0,0.0,0.015625,0.0,0.0,0.0,0.0
2,1,0.078125,0.875,0.03125,0.0,0.0,0.0,0.0,0.015625,0.0,0.0,0.0,0.0
2,1,0.078125,0.859375,0.046875,0.0,0.0,0.0,0.0,0.015625,0.0,0.0,0.0,0.0
2,1,0.078125,0.859375,0.046875,0.0,0.0,0.0,0.0,0.015625,0.0,0.0,0.0,0.0
2,1,0.078125,0.859375,0.046875,0.0,0.0,0.0,0.0,0.015625,0.0,0.0,0.0,0.0
2,1,0.078125,0.859375,0.046875,0.0,0.0,0.0,0.0,0.015625,0.0,0.0,0.0,0.0
2,1,0.078125,0.859375,0.046875,0.0,0.0,0.0,0.0,0.015625,0.0,0.0,0.0,0.0
2,1,0.078125,0.859375,0.046875,0.0,0.0,0.0,0.0,0.015625,0.0,0.0,0.0,0.0
2,1,0.078125,0.859375,0.046875,0.0,0.0,0.0,0.0,0.015625,0.0,0.0,0.0,0.0
2,1,0.078125,0.859375,0.046875,0.0,0.0,0.0,0.0,0.015625,0.0,0.0,0.0,0.0
2,1,0.078125,0.859375,0.046875,0.0,0.0,0.0,0.0,0.015625,0.0,0.0,0.0,0.0
2,1,0.078125,0.859375,0.046875,0.0,0.0,0.0,0.0,0.015625,0.0,0.0,0.0,0.0
2,1,0.078125,0.859375,0.046875,0.0,0.0,0.0,0.0,0.015625,0.0,0.0,0.0,0.0
2,1,0.078125,0.859375,0.046875,0.0,0.0,0.0,0.0,0.015625,0.0,0.0,0.0,0.0
2,1,0.09375,0.84375,0.046875,0.0,0.0,0.0,0.0,0.015625,0.0,0.0,0.0,0.0
2,1,0.09375,0.84375,0.046875,0.0,0.0,0.0,0.0,0.015625,0.0,0.0,0.0,0.0
2,1,0.09375,0.84375,0.046875,0.0,0.0,0.0,0.0,0.015625,0.0,0.0,0.0,0.0
2,1,0.09375,0.84375,0.046875,0.0,0.0,0.0,0.0,0.015625,0.0,0.0,0.0,0.0
2,1,0.09375,0.84375,0.046875,0.0,0.0,0.0,0.0,0.015625,0.0,0.0,0.0,0.0
2,1,0.09375,0.84375,0.046875,0.0,0.0,0.0,0.0,0.015625,0.0,0.0,0.0,0.0
2,1,0.09375,0.84375,0.046875,0.0,0.0,0.0,0.0,0.015625,0.0,0.0,0.0,0.0
2,1,0.09375,0.84375,0.046875,0.0,0.0,0.0,0.0,0.015625,0.0,0.0,0.0,0.0
2,1,0.09375,0.84375,0.046875,0.0,0.0,0.0,0.0,0.015625,0.0,0.0,0.0,0.0
2,1,0.09375,0.84375,0.046875,0.0,0.0,0.0,0.0,0.015625,0.0,0.0,0.0,0.0
2,1,0.09375,0.84375,0.046875,0.0,0.0,0.0,0.0,0.015625,0.0,0.0,0.0,0.0
2,1,0.09375,0.84375,0.046875,0.0,0.0,0.0,0.0,0.015625,0.0,0.0,0.0,0.0
2,1,0.09375,0.84375,0.046875,0.0,0.0,0.0,0.0,0.015625,0.0,0.0,0.0,0.0
2,1,0.09375,0.84375,0.046875,0.0,0.0,0.0,0.0,0.015625,0.0,0.0,0.0,0.0
2,1,0.09375,0.84375,0.046875,0.0,0.0,0.0,0.0,0.015625,0.0,0.0,0.0,0.0
2,1,0.09375,0.84375,0.046875,0.0,0.0,0.0,0.0,0.015625,0.0,0.0,0.0,0.0
2,1,0.109375,0.84375,0.03125,0.0,0.0,0.0,0.0,0.015625,0.0,0.0,0.0,0.0
2,1,0.109375,0.84375,0.03125,0.0,0.0,0.0,0.0,0.015625,0.0,0.0,0.0,0.0
2,1,0.109375,0.84375,0.03125,0.0,0.0,0.0,0.0,0.015625,0.0,0.0,0.0,0.0
2,1,0.109375,0.84375,0.03125,0.0,0.0,0.0,0.0,0.015625,0.0,0.0,0.0,0.0
2,1,0.109375,0.84375,0.03125,0.0,0.0,0.0,0.0,0.015625,0.0,0.0,0.0,0.0
2,1,0.109375,0.84375,0.03125,0.0,0.0,0.0,0.0,0.015625,0.0,0.0,0.0,0.0
2,1,0.109375,0.84375,0.03125,0.0,0.0,0.0,0.0,0.015625,0.0,0.0,0.0,0.0
2,1,0.109375,0.84375,0.03125,0.0,0.0,0.0,0.0,0.015625,0.0,0.0,0.0,0.0
2,1,0.109375,0.84375,0.03125,0.0,0.0,0.0,0.0,0.015625,0.0,0.0,0.0,0.0
2,1,0.109375,0.84375,0.03125,0.0,0.0,0.0,0.0,0.015625,0.0,0.0,0.0,0.0
2,1,0.109375,0.84375,0.03125,0.0,0.0,0.0,0.0,0.015625,0.0,0.0,0.0,0.0
2,1,0.109375,0.84375,0.03125,0.0,0.0,0.0,0.0,0.015625,0.0,0.0,0.0,0.0
2,1,0.109375,0.84375,0.03125,0.0,0.0,0.0,0.0,0.015625,0.0,0.0,0.0,0.0
2,1,0.109375,0.84375,0.03125,0.0,0.0,0.0,0.0,0.015625,0.0,0.0,0.0,0.0
2,1,0.109375,0.84375,0.03125,0.0,0.0,0.0,0.0,0.015625,0.0,0.0,0.0,0.0
2,1,0.109375,0.84375,0.03125,0.0,0.0,0.0,0.0,0.015625,0.0,0.0,0.0,0.0
2,1,0.109375,0.84375,0.03125,0.0,0.0,0.0,0.0,0.015625,0.0,0.0,0.0,0.0
2,1,0.109375,0.84375,0.03125,0.0,0.0,0.0,0.0,0.015625,0.0,0.0,0.0,0.0
2,1,0.109375,0.84375,0.03125,0.0,0.0,0.0,0.0,0.015625,0.0,0.0,0.0,0.0
2,1,0.109375,0.84375,0.03125,0.0,0.0,0.0,0.0,0.015625,0.0,0.0,0.0,0.0
2,1,0.109375,0.84375,0.03125,0.0,0.0,0.0,0.0,0.015625,0.0,0.0,0.0,0.0
2,1,0.109375,0.84375,0.03125,0.0,0.0,0.0,0.0,0.015625,0.0,0.0,0.0,0.0
2,1,0.109375,0.84375,0.03125,0.0,0.0,0.0,0.0,0.015625,0.0,0.0,0.0,0.0
2,1,0.109375,0.84375,0.03125,0.0,0.0,0.0,0.0,0.015625,0.0,0.0,0.0,0.0
2,1,0.109375,0.84375,0.03125,0.0,0.0,0.0,0.0,0.015625,0.0,0.0,0.0,0.0
2,1,0.109375,0.84375,0.03125,0.0,0.0,0.0,0.0,0.015625,0.0,0.0,0.0,0.0
2,1,0.109375,0.84375,0.03125,0.0,0.0,0.0,0.0,0.015625,0.0,0.0,0.0,0.0
2,1,0.109375,0.84375,0.03125,0.0,0.0,0.0,0.0,0.015625,0.0,0.0,0.0,0.0
2,1,0.109375,0.84375,0.03125,0.0,0.0,0.0,0.0,0.015625,0.0,0.0,0.0,0.0
2,1,0.109375,0.84375,0.03125,0.0,0.0,0.0,0.0,0.015625,0.0,0.0,0.0,0.0
2,1,0.109375,0.84375,0.03125,0.0,0.0,0.0,0.0,0.015625,0.0,0.0,0.0,0.0
2,1,0.109375,0.84375,0.03125,0.0,0.0,0.0,0.0,0.015625,0.0,0.0,0.0,0.0
2,1,0.109375,0.84375,0.03125,0.0,0.0,0.0,0.0,0.015625,0.0,0.0,0.0,0.0
2,1,0.109375,0.84375,0.03125,0.0,0.0,0.0,0.0,0.015625,0.0,0.0,0.0,0.0
2,1,0.109375,0.84375,0.03125,0.0,0.0,0.0,0.0,0.015625,0.0,0.0,0.0,0.0
2,1,0.109375,0.84375,0.03125,0.0,0.0,0.0,0.0,0.015625,0.0,0.0,0.0,0.0
2,1,0.109375,0.84375,0.03125,0.0,0.0,0.0,0.0,0.015625,0.0,0.0,0.0,0.0
2,1,0.109375,0.84375,0.03125,0.0,0.0,0.0,0.0,0.015625,0.0,0.0,0.0,0.0
2,1,0.109375,0.84375,0.03125,0.0,0.0,0.0,0.0,0.015625,0.0,0.0,0.0,0.0
2,1,0.109375,0.84375,0.03125,0.0,0.0,0.0,0.0,0.015625,0.0,0.0,0.0,0.0
2,1,0.109375,0.84375,0.03125,0.0,0.0,0.0,0.0,0.015625,0.0,0.0,0.0,0.0
2,1,0.109375,0.84375,0.03125,0.0,0.0,0.0,0.0,0.015625,0.0,0.0,0.0,0.0
2,1,0.109375,0.84375,0.03125,0.0,0.0,0.0,0.0,0.015625,0.0,0.0,0.0,0.0
2,1,0.109375,0.84375,0.03125,0.0,0.0,0.0,0.0,0.015625,0.0,0.0,0.0,0.0
2,1,0.109375,0.84375,0.03125,0.0,0.0,0.0,0.0,0.015625,0.0,0.0,0.0,0.0
2,1,0.109375,0.84375,0.03125,0.0,0.0,0.0,0.0,0.015625,0.0,0.0,0.0,0.0
2,1,0.109375,0.84375,0.03125,0.0,0.0,0.0,0.0,0.015625,0.0,0.0,0.0,0.0
2,1,0.109375,0.84375,0.03125,0.0,0.0,0.0,0.0,0.015625,0.0,0.0,0.0,0.0
2,1,0.109375,0.84375,0.03125,0.0,0.0,0.0,0.0,0.015625,0.0,0.0,0.0,0.0
2,1,0.109375,0.84375,0.03125,0.0,0.0,0.0,0.0,0.015625,0.0,0.0,0.0,0.0
2,1,0.109375,0.84375,0.03125,0.0,0.0,0.0,0.0,0.015625,0.0,0.0,0.0,0.0
2,1,0.109375,0.84375,0.03125,0.0,0.0,0.0,0.0,0.015625,0.0,0.0,0.0,0.0
2,1,0.109375,0.84375,0.03125,0.0,0.0,0.0,0.0,0.015625,0.0,0.0,0.0,0.0
2,1,0.109375,0.84375,0.03125,0.0,0.0,0.0,0.0,0.015625,0.0,0.0,0.0,0.0
2,1,0.109375,0.84375,0.03125,0.0,0.0,0.0,0.0,0.015625,0.0,0.0,0.0,0.0
2,1,0.109375,0.84375,0.03125,0.0,0.0,0.0,0.0,0.015625,0.0,0.0,0.0,0.0
2,1,0.109375,0.828125,0.046875,0.0,0.0,0.0,0.0,0.015625,0.0,0.0,0.0,0.0
2,1,0.109375,0.828125,0.046875,0.0,0.0,0.0,0.0,0.015625,0.0,0.0,0.0,0.0
2,1,0.109375,0.828125,0.046875,0.0,0.0,0.0,0.0,0.015625,0.0,0.0,0.0,0.0
2,1,0.109375,0.828125,0.046875,0.0,0.0,0.0,0.0,0.015625,0.0,0.0,0.0,0.0
2,1,0.109375,0.828125,0.046875,0.0,0.0,0.0,0.0,0.015625,0.0,0.0,0.0,0.0
2,1,0.109375,0.828125,0.046875,0.0,0.0,0.0,0.0,0.015625,0.0,0.0,0.0,0.0
2,1,0.109375,0.828125,0.046875,0.0,0.0,0.0,0.0,0.015625,0.0,0.0,0.0,0.0
2,1,0.109375,0.828125,0.046875,0.0,0.0,0.0,0.0,0.015625,0.0,0.0,0.0,0.0
2,1,0.109375,0.828125,0.046875,0.0,0.0,0.0,0.0,0.015625,0.0,0.0,0.0,0.0
2,1,0.109375,0.828125,0.046875,0.0,0.0,0.0,0.0,0.015625,0.0,0.0,0.0,0.0
2,1,0.109375,0.828125,0.046875,0.0,0.0,0.0,0.0,0.015625,0.0,0.0,0.0,0.0
2,1,0.109375,0.828125,0.046875,0.0,0.0,0.0,0.0,0.015625,0.0,0.0,0.0,0.0
2,1,0.109375,0.828125,0.046875,0.0,0.0,0.0,0.0,0.015625,0.0,0.0,0.0,0.0
2,1,0.109375,0.84375,0.046875,0.0,0.0,0.0,0.0,0.0,0.0,0.0,0.0,0.0
2,1,0.109375,0.84375,0.046875,0.0,0.0,0.0,0.0,0.0,0.0,0.0,0.0,0.0
2,1,0.109375,0.84375,0.046875,0.0,0.0,0.0,0.0,0.0,0.0,0.0,0.0,0.0
2,1,0.109375,0.84375,0.046875,0.0,0.0,0.0,0.0,0.0,0.0,0.0,0.0,0.0
2,1,0.109375,0.84375,0.046875,0.0,0.0,0.0,0.0,0.0,0.0,0.0,0.0,0.0
2,1,0.109375,0.84375,0.046875,0.0,0.0,0.0,0.0,0.0,0.0,0.0,0.0,0.0
2,1,0.109375,0.84375,0.046875,0.0,0.0,0.0,0.0,0.0,0.0,0.0,0.0,0.0
2,1,0.109375,0.84375,0.046875,0.0,0.0,0.0,0.0,0.0,0.0,0.0,0.0,0.0
2,1,0.109375,0.84375,0.046875,0.0,0.0,0.0,0.0,0.0,0.0,0.0,0.0,0.0
2,1,0.109375,0.84375,0.046875,0.0,0.0,0.0,0.0,0.0,0.0,0.0,0.0,0.0
2,1,0.109375,0.84375,0.046875,0.0,0.0,0.0,0.0,0.0,0.0,0.0,0.0,0.0
2,1,0.109375,0.84375,0.046875,0.0,0.0,0.0,0.0,0.0,0.0,0.0,0.0,0.0
2,1,0.109375,0.84375,0.046875,0.0,0.0,0.0,0.0,0.0,0.0,0.0,0.0,0.0
2,1,0.109375,0.84375,0.046875,0.0,0.0,0.0,0.0,0.0,0.0,0.0,0.0,0.0
2,1,0.109375,0.84375,0.046875,0.0,0.0,0.0,0.0,0.0,0.0,0.0,0.0,0.0
2,1,0.109375,0.859375,0.03125,0.0,0.0,0.0,0.0,0.0,0.0,0.0,0.0,0.0
2,1,0.109375,0.859375,0.03125,0.0,0.0,0.0,0.0,0.0,0.0,0.0,0.0,0.0
2,1,0.109375,0.859375,0.03125,0.0,0.0,0.0,0.0,0.0,0.0,0.0,0.0,0.0
2,1,0.109375,0.859375,0.03125,0.0,0.0,0.0,0.0,0.0,0.0,0.0,0.0,0.0
2,1,0.109375,0.859375,0.03125,0.0,0.0,0.0,0.0,0.0,0.0,0.0,0.0,0.0
2,1,0.109375,0.859375,0.03125,0.0,0.0,0.0,0.0,0.0,0.0,0.0,0.0,0.0
2,1,0.109375,0.859375,0.03125,0.0,0.0,0.0,0.0,0.0,0.0,0.0,0.0,0.0
2,1,0.109375,0.859375,0.03125,0.0,0.0,0.0,0.0,0.0,0.0,0.0,0.0,0.0
2,1,0.109375,0.859375,0.03125,0.0,0.0,0.0,0.0,0.0,0.0,0.0,0.0,0.0
2,1,0.109375,0.859375,0.03125,0.0,0.0,0.0,0.0,0.0,0.0,0.0,0.0,0.0
2,1,0.109375,0.859375,0.03125,0.0,0.0,0.0,0.0,0.0,0.0,0.0,0.0,0.0
2,1,0.109375,0.859375,0.03125,0.0,0.0,0.0,0.0,0.0,0.0,0.0,0.0,0.0
2,1,0.109375,0.859375,0.03125,0.0,0.0,0.0,0.0,0.0,0.0,0.0,0.0,0.0
2,1,0.109375,0.859375,0.03125,0.0,0.0,0.0,0.0,0.0,0.0,0.0,0.0,0.0
2,1,0.109375,0.859375,0.03125,0.0,0.0,0.0,0.0,0.0,0.0,0.0,0.0,0.0
2,1,0.109375,0.859375,0.03125,0.0,0.0,0.0,0.0,0.0,0.0,0.0,0.0,0.0
2,1,0.109375,0.859375,0.03125,0.0,0.0,0.0,0.0,0.0,0.0,0.0,0.0,0.0
2,1,0.109375,0.859375,0.03125,0.0,0.0,0.0,0.0,0.0,0.0,0.0,0.0,0.0
2,1,0.109375,0.859375,0.03125,0.0,0.0,0.0,0.0,0.0,0.0,0.0,0.0,0.0
2,1,0.109375,0.859375,0.03125,0.0,0.0,0.0,0.0,0.0,0.0,0.0,0.0,0.0
2,1,0.109375,0.859375,0.03125,0.0,0.0,0.0,0.0,0.0,0.0,0.0,0.0,0.0
2,1,0.109375,0.859375,0.03125,0.0,0.0,0.0,0.0,0.0,0.0,0.0,0.0,0.0
2,1,0.109375,0.859375,0.03125,0.0,0.0,0.0,0.0,0.0,0.0,0.0,0.0,0.0
2,1,0.109375,0.859375,0.03125,0.0,0.0,0.0,0.0,0.0,0.0,0.0,0.0,0.0
2,1,0.09375,0.90625,0.0,0.0,0.0,0.0,0.0,0.0,0.0,0.0,0.0,0.0
2,1,0.09375,0.90625,0.0,0.0,0.0,0.0,0.0,0.0,0.0,0.0,0.0,0.0
2,1,0.09375,0.90625,0.0,0.0,0.0,0.0,0.0,0.0,0.0,0.0,0.0,0.0
2,1,0.09375,0.90625,0.0,0.0,0.0,0.0,0.0,0.0,0.0,0.0,0.0,0.0
2,1,0.09375,0.90625,0.0,0.0,0.0,0.0,0.0,0.0,0.0,0.0,0.0,0.0
2,1,0.09375,0.90625,0.0,0.0,0.0,0.0,0.0,0.0,0.0,0.0,0.0,0.0
2,1,0.09375,0.90625,0.0,0.0,0.0,0.0,0.0,0.0,0.0,0.0,0.0,0.0
2,1,0.09375,0.90625,0.0,0.0,0.0,0.0,0.0,0.0,0.0,0.0,0.0,0.0
2,1,0.09375,0.90625,0.0,0.0,0.0,0.0,0.0,0.0,0.0,0.0,0.0,0.0
2,1,0.09375,0.90625,0.0,0.0,0.0,0.0,0.0,0.0,0.0,0.0,0.0,0.0
2,1,0.09375,0.90625,0.0,0.0,0.0,0.0,0.0,0.0,0.0,0.0,0.0,0.0
2,1,0.09375,0.90625,0.0,0.0,0.0,0.0,0.0,0.0,0.0,0.0,0.0,0.0
2,1,0.078125,0.921875,0.0,0.0,0.0,0.0,0.0,0.0,0.0,0.0,0.0,0.0
2,1,0.078125,0.921875,0.0,0.0,0.0,0.0,0.0,0.0,0.0,0.0,0.0,0.0
2,1,0.078125,0.921875,0.0,0.0,0.0,0.0,0.0,0.0,0.0,0.0,0.0,0.0
2,1,0.078125,0.921875,0.0,0.0,0.0,0.0,0.0,0.0,0.0,0.0,0.0,0.0
2,1,0.078125,0.921875,0.0,0.0,0.0,0.0,0.0,0.0,0.0,0.0,0.0,0.0
2,1,0.078125,0.921875,0.0,0.0,0.0,0.0,0.0,0.0,0.0,0.0,0.0,0.0
2,1,0.0625,0.9375,0.0,0.0,0.0,0.0,0.0,0.0,0.0,0.0,0.0,0.0
2,1,0.0625,0.9375,0.0,0.0,0.0,0.0,0.0,0.0,0.0,0.0,0.0,0.0
2,1,0.0625,0.9375,0.0,0.0,0.0,0.0,0.0,0.0,0.0,0.0,0.0,0.0
2,1,0.0625,0.9375,0.0,0.0,0.0,0.0,0.0,0.0,0.0,0.0,0.0,0.0
2,1,0.0625,0.9375,0.0,0.0,0.0,0.0,0.0,0.0,0.0,0.0,0.0,0.0
2,1,0.0625,0.9375,0.0,0.0,0.0,0.0,0.0,0.0,0.0,0.0,0.0,0.0
2,1,0.0625,0.9375,0.0,0.0,0.0,0.0,0.0,0.0,0.0,0.0,0.0,0.0
2,1,0.0625,0.9375,0.0,0.0,0.0,0.0,0.0,0.0,0.0,0.0,0.0,0.0
2,1,0.0625,0.9375,0.0,0.0,0.0,0.0,0.0,0.0,0.0,0.0,0.0,0.0
2,1,0.0625,0.9375,0.0,0.0,0.0,0.0,0.0,0.0,0.0,0.0,0.0,0.0
2,1,0.0625,0.9375,0.0,0.0,0.0,0.0,0.0,0.0,0.0,0.0,0.0,0.0
2,1,0.0625,0.9375,0.0,0.0,0.0,0.0,0.0,0.0,0.0,0.0,0.0,0.0
2,1,0.0625,0.9375,0.0,0.0,0.0,0.0,0.0,0.0,0.0,0.0,0.0,0.0
2,1,0.0625,0.9375,0.0,0.0,0.0,0.0,0.0,0.0,0.0,0.0,0.0,0.0
2,1,0.0625,0.9375,0.0,0.0,0.0,0.0,0.0,0.0,0.0,0.0,0.0,0.0
2,1,0.0625,0.9375,0.0,0.0,0.0,0.0,0.0,0.0,0.0,0.0,0.0,0.0
2,1,0.0625,0.9375,0.0,0.0,0.0,0.0,0.0,0.0,0.0,0.0,0.0,0.0
2,1,0.0625,0.9375,0.0,0.0,0.0,0.0,0.0,0.0,0.0,0.0,0.0,0.0
2,1,0.046875,0.953125,0.0,0.0,0.0,0.0,0.0,0.0,0.0,0.0,0.0,0.0
2,1,0.046875,0.953125,0.0,0.0,0.0,0.0,0.0,0.0,0.0,0.0,0.0,0.0
2,1,0.046875,0.953125,0.0,0.0,0.0,0.0,0.0,0.0,0.0,0.0,0.0,0.0
2,1,0.046875,0.953125,0.0,0.0,0.0,0.0,0.0,0.0,0.0,0.0,0.0,0.0
2,1,0.046875,0.953125,0.0,0.0,0.0,0.0,0.0,0.0,0.0,0.0,0.0,0.0
2,1,0.046875,0.953125,0.0,0.0,0.0,0.0,0.0,0.0,0.0,0.0,0.0,0.0
2,1,0.046875,0.953125,0.0,0.0,0.0,0.0,0.0,0.0,0.0,0.0,0.0,0.0
2,1,0.046875,0.953125,0.0,0.0,0.0,0.0,0.0,0.0,0.0,0.0,0.0,0.0
2,1,0.046875,0.953125,0.0,0.0,0.0,0.0,0.0,0.0,0.0,0.0,0.0,0.0
2,1,0.046875,0.953125,0.0,0.0,0.0,0.0,0.0,0.0,0.0,0.0,0.0,0.0
2,1,0.046875,0.953125,0.0,0.0,0.0,0.0,0.0,0.0,0.0,0.0,0.0,0.0
2,1,0.046875,0.953125,0.0,0.0,0.0,0.0,0.0,0.0,0.0,0.0,0.0,0.0
2,1,0.046875,0.953125,0.0,0.0,0.0,0.0,0.0,0.0,0.0,0.0,0.0,0.0
2,1,0.046875,0.953125,0.0,0.0,0.0,0.0,0.0,0.0,0.0,0.0,0.0,0.0
2,1,0.046875,0.953125,0.0,0.0,0.0,0.0,0.0,0.0,0.0,0.0,0.0,0.0
2,1,0.046875,0.953125,0.0,0.0,0.0,0.0,0.0,0.0,0.0,0.0,0.0,0.0
2,1,0.046875,0.953125,0.0,0.0,0.0,0.0,0.0,0.0,0.0,0.0,0.0,0.0
2,1,0.046875,0.953125,0.0,0.0,0.0,0.0,0.0,0.0,0.0,0.0,0.0,0.0
2,1,0.046875,0.953125,0.0,0.0,0.0,0.0,0.0,0.0,0.0,0.0,0.0,0.0
2,1,0.046875,0.953125,0.0,0.0,0.0,0.0,0.0,0.0,0.0,0.0,0.0,0.0
2,1,0.046875,0.953125,0.0,0.0,0.0,0.0,0.0,0.0,0.0,0.0,0.0,0.0
2,1,0.046875,0.953125,0.0,0.0,0.0,0.0,0.0,0.0,0.0,0.0,0.0,0.0
2,1,0.046875,0.953125,0.0,0.0,0.0,0.0,0.0,0.0,0.0,0.0,0.0,0.0
2,1,0.046875,0.953125,0.0,0.0,0.0,0.0,0.0,0.0,0.0,0.0,0.0,0.0
2,1,0.046875,0.953125,0.0,0.0,0.0,0.0,0.0,0.0,0.0,0.0,0.0,0.0
2,1,0.046875,0.953125,0.0,0.0,0.0,0.0,0.0,0.0,0.0,0.0,0.0,0.0
2,1,0.046875,0.953125,0.0,0.0,0.0,0.0,0.0,0.0,0.0,0.0,0.0,0.0
2,1,0.046875,0.953125,0.0,0.0,0.0,0.0,0.0,0.0,0.0,0.0,0.0,0.0
2,1,0.046875,0.953125,0.0,0.0,0.0,0.0,0.0,0.0,0.0,0.0,0.0,0.0
2,1,0.046875,0.953125,0.0,0.0,0.0,0.0,0.0,0.0,0.0,0.0,0.0,0.0
2,1,0.046875,0.953125,0.0,0.0,0.0,0.0,0.0,0.0,0.0,0.0,0.0,0.0
2,1,0.046875,0.953125,0.0,0.0,0.0,0.0,0.0,0.0,0.0,0.0,0.0,0.0
2,1,0.046875,0.953125,0.0,0.0,0.0,0.0,0.0,0.0,0.0,0.0,0.0,0.0
2,1,0.046875,0.953125,0.0,0.0,0.0,0.0,0.0,0.0,0.0,0.0,0.0,0.0
2,1,0.046875,0.953125,0.0,0.0,0.0,0.0,0.0,0.0,0.0,0.0,0.0,0.0
2,1,0.046875,0.953125,0.0,0.0,0.0,0.0,0.0,0.0,0.0,0.0,0.0,0.0
2,1,0.046875,0.953125,0.0,0.0,0.0,0.0,0.0,0.0,0.0,0.0,0.0,0.0
2,1,0.046875,0.953125,0.0,0.0,0.0,0.0,0.0,0.0,0.0,0.0,0.0,0.0
2,1,0.046875,0.953125,0.0,0.0,0.0,0.0,0.0,0.0,0.0,0.0,0.0,0.0
2,1,0.046875,0.953125,0.0,0.0,0.0,0.0,0.0,0.0,0.0,0.0,0.0,0.0
2,1,0.046875,0.953125,0.0,0.0,0.0,0.0,0.0,0.0,0.0,0.0,0.0,0.0
2,1,0.046875,0.953125,0.0,0.0,0.0,0.0,0.0,0.0,0.0,0.0,0.0,0.0
2,1,0.046875,0.953125,0.0,0.0,0.0,0.0,0.0,0.0,0.0,0.0,0.0,0.0
2,1,0.046875,0.953125,0.0,0.0,0.0,0.0,0.0,0.0,0.0,0.0,0.0,0.0
2,1,0.046875,0.953125,0.0,0.0,0.0,0.0,0.0,0.0,0.0,0.0,0.0,0.0
2,1,0.046875,0.953125,0.0,0.0,0.0,0.0,0.0,0.0,0.0,0.0,0.0,0.0
2,1,0.046875,0.953125,0.0,0.0,0.0,0.0,0.0,0.0,0.0,0.0,0.0,0.0
2,1,0.046875,0.953125,0.0,0.0,0.0,0.0,0.0,0.0,0.0,0.0,0.0,0.0
2,1,0.046875,0.953125,0.0,0.0,0.0,0.0,0.0,0.0,0.0,0.0,0.0,0.0
2,1,0.046875,0.953125,0.0,0.0,0.0,0.0,0.0,0.0,0.0,0.0,0.0,0.0
2,1,0.046875,0.953125,0.0,0.0,0.0,0.0,0.0,0.0,0.0,0.0,0.0,0.0
2,1,0.046875,0.953125,0.0,0.0,0.0,0.0,0.0,0.0,0.0,0.0,0.0,0.0
2,1,0.0625,0.9375,0.0,0.0,0.0,0.0,0.0,0.0,0.0,0.0,0.0,0.0
2,1,0.0625,0.9375,0.0,0.0,0.0,0.0,0.0,0.0,0.0,0.0,0.0,0.0
2,1,0.0625,0.9375,0.0,0.0,0.0,0.0,0.0,0.0,0.0,0.0,0.0,0.0
2,1,0.0625,0.9375,0.0,0.0,0.0,0.0,0.0,0.0,0.0,0.0,0.0,0.0
2,1,0.0625,0.9375,0.0,0.0,0.0,0.0,0.0,0.0,0.0,0.0,0.0,0.0
2,1,0.0625,0.9375,0.0,0.0,0.0,0.0,0.0,0.0,0.0,0.0,0.0,0.0
2,1,0.0625,0.9375,0.0,0.0,0.0,0.0,0.0,0.0,0.0,0.0,0.0,0.0
2,1,0.0625,0.9375,0.0,0.0,0.0,0.0,0.0,0.0,0.0,0.0,0.0,0.0
2,1,0.0625,0.9375,0.0,0.0,0.0,0.0,0.0,0.0,0.0,0.0,0.0,0.0
2,1,0.0625,0.9375,0.0,0.0,0.0,0.0,0.0,0.0,0.0,0.0,0.0,0.0
2,1,0.0625,0.9375,0.0,0.0,0.0,0.0,0.0,0.0,0.0,0.0,0.0,0.0
2,1,0.0625,0.9375,0.0,0.0,0.0,0.0,0.0,0.0,0.0,0.0,0.0,0.0
2,1,0.078125,0.921875,0.0,0.0,0.0,0.0,0.0,0.0,0.0,0.0,0.0,0.0
2,1,0.078125,0.921875,0.0,0.0,0.0,0.0,0.0,0.0,0.0,0.0,0.0,0.0
2,1,0.0625,0.9375,0.0,0.0,0.0,0.0,0.0,0.0,0.0,0.0,0.0,0.0
2,1,0.0625,0.9375,0.0,0.0,0.0,0.0,0.0,0.0,0.0,0.0,0.0,0.0
2,1,0.0625,0.9375,0.0,0.0,0.0,0.0,0.0,0.0,0.0,0.0,0.0,0.0
2,1,0.0625,0.9375,0.0,0.0,0.0,0.0,0.0,0.0,0.0,0.0,0.0,0.0
2,1,0.0625,0.9375,0.0,0.0,0.0,0.0,0.0,0.0,0.0,0.0,0.0,0.0
2,1,0.0625,0.9375,0.0,0.0,0.0,0.0,0.0,0.0,0.0,0.0,0.0,0.0
2,1,0.0625,0.9375,0.0,0.0,0.0,0.0,0.0,0.0,0.0,0.0,0.0,0.0
2,1,0.0625,0.9375,0.0,0.0,0.0,0.0,0.0,0.0,0.0,0.0,0.0,0.0
2,1,0.0625,0.9375,0.0,0.0,0.0,0.0,0.0,0.0,0.0,0.0,0.0,0.0
2,1,0.0625,0.9375,0.0,0.0,0.0,0.0,0.0,0.0,0.0,0.0,0.0,0.0
2,1,0.0625,0.9375,0.0,0.0,0.0,0.0,0.0,0.0,0.0,0.0,0.0,0.0
2,1,0.0625,0.9375,0.0,0.0,0.0,0.0,0.0,0.0,0.0,0.0,0.0,0.0
2,1,0.0625,0.9375,0.0,0.0,0.0,0.0,0.0,0.0,0.0,0.0,0.0,0.0
2,1,0.0625,0.9375,0.0,0.0,0.0,0.0,0.0,0.0,0.0,0.0,0.0,0.0
2,1,0.0625,0.9375,0.0,0.0,0.0,0.0,0.0,0.0,0.0,0.0,0.0,0.0
2,1,0.0625,0.9375,0.0,0.0,0.0,0.0,0.0,0.0,0.0,0.0,0.0,0.0
2,1,0.0625,0.9375,0.0,0.0,0.0,0.0,0.0,0.0,0.0,0.0,0.0,0.0
2,1,0.0625,0.9375,0.0,0.0,0.0,0.0,0.0,0.0,0.0,0.0,0.0,0.0
2,1,0.046875,0.953125,0.0,0.0,0.0,0.0,0.0,0.0,0.0,0.0,0.0,0.0
2,1,0.046875,0.953125,0.0,0.0,0.0,0.0,0.0,0.0,0.0,0.0,0.0,0.0
2,1,0.046875,0.953125,0.0,0.0,0.0,0.0,0.0,0.0,0.0,0.0,0.0,0.0
2,1,0.046875,0.953125,0.0,0.0,0.0,0.0,0.0,0.0,0.0,0.0,0.0,0.0
2,1,0.046875,0.953125,0.0,0.0,0.0,0.0,0.0,0.0,0.0,0.0,0.0,0.0
2,1,0.046875,0.953125,0.0,0.0,0.0,0.0,0.0,0.0,0.0,0.0,0.0,0.0
2,1,0.046875,0.953125,0.0,0.0,0.0,0.0,0.0,0.0,0.0,0.0,0.0,0.0
2,1,0.046875,0.953125,0.0,0.0,0.0,0.0,0.0,0.0,0.0,0.0,0.0,0.0
2,1,0.046875,0.953125,0.0,0.0,0.0,0.0,0.0,0.0,0.0,0.0,0.0,0.0
2,1,0.046875,0.953125,0.0,0.0,0.0,0.0,0.0,0.0,0.0,0.0,0.0,0.0
2,1,0.0625,0.9375,0.0,0.0,0.0,0.0,0.0,0.0,0.0,0.0,0.0,0.0
2,1,0.0625,0.9375,0.0,0.0,0.0,0.0,0.0,0.0,0.0,0.0,0.0,0.0
2,1,0.046875,0.953125,0.0,0.0,0.0,0.0,0.0,0.0,0.0,0.0,0.0,0.0
2,1,0.046875,0.953125,0.0,0.0,0.0,0.0,0.0,0.0,0.0,0.0,0.0,0.0
2,1,0.046875,0.953125,0.0,0.0,0.0,0.0,0.0,0.0,0.0,0.0,0.0,0.0
2,1,0.046875,0.953125,0.0,0.0,0.0,0.0,0.0,0.0,0.0,0.0,0.0,0.0
2,1,0.046875,0.953125,0.0,0.0,0.0,0.0,0.0,0.0,0.0,0.0,0.0,0.0
2,1,0.046875,0.953125,0.0,0.0,0.0,0.0,0.0,0.0,0.0,0.0,0.0,0.0
2,1,0.046875,0.953125,0.0,0.0,0.0,0.0,0.0,0.0,0.0,0.0,0.0,0.0
2,1,0.046875,0.953125,0.0,0.0,0.0,0.0,0.0,0.0,0.0,0.0,0.0,0.0
2,1,0.046875,0.953125,0.0,0.0,0.0,0.0,0.0,0.0,0.0,0.0,0.0,0.0
2,1,0.046875,0.953125,0.0,0.0,0.0,0.0,0.0,0.0,0.0,0.0,0.0,0.0
2,1,0.046875,0.953125,0.0,0.0,0.0,0.0,0.0,0.0,0.0,0.0,0.0,0.0
2,1,0.046875,0.953125,0.0,0.0,0.0,0.0,0.0,0.0,0.0,0.0,0.0,0.0
2,1,0.046875,0.953125,0.0,0.0,0.0,0.0,0.0,0.0,0.0,0.0,0.0,0.0
2,1,0.046875,0.953125,0.0,0.0,0.0,0.0,0.0,0.0,0.0,0.0,0.0,0.0
2,1,0.046875,0.953125,0.0,0.0,0.0,0.0,0.0,0.0,0.0,0.0,0.0,0.0
2,1,0.046875,0.953125,0.0,0.0,0.0,0.0,0.0,0.0,0.0,0.0,0.0,0.0
2,1,0.046875,0.953125,0.0,0.0,0.0,0.0,0.0,0.0,0.0,0.0,0.0,0.0
2,1,0.046875,0.953125,0.0,0.0,0.0,0.0,0.0,0.0,0.0,0.0,0.0,0.0
2,1,0.046875,0.953125,0.0,0.0,0.0,0.0,0.0,0.0,0.0,0.0,0.0,0.0
2,1,0.046875,0.953125,0.0,0.0,0.0,0.0,0.0,0.0,0.0,0.0,0.0,0.0
2,1,0.046875,0.953125,0.0,0.0,0.0,0.0,0.0,0.0,0.0,0.0,0.0,0.0
2,1,0.046875,0.953125,0.0,0.0,0.0,0.0,0.0,0.0,0.0,0.0,0.0,0.0
2,1,0.046875,0.953125,0.0,0.0,0.0,0.0,0.0,0.0,0.0,0.0,0.0,0.0
2,1,0.046875,0.953125,0.0,0.0,0.0,0.0,0.0,0.0,0.0,0.0,0.0,0.0
2,1,0.046875,0.953125,0.0,0.0,0.0,0.0,0.0,0.0,0.0,0.0,0.0,0.0
2,1,0.046875,0.953125,0.0,0.0,0.0,0.0,0.0,0.0,0.0,0.0,0.0,0.0
2,1,0.046875,0.953125,0.0,0.0,0.0,0.0,0.0,0.0,0.0,0.0,0.0,0.0
2,1,0.046875,0.953125,0.0,0.0,0.0,0.0,0.0,0.0,0.0,0.0,0.0,0.0
2,1,0.0625,0.9375,0.0,0.0,0.0,0.0,0.0,0.0,0.0,0.0,0.0,0.0
2,1,0.0625,0.9375,0.0,0.0,0.0,0.0,0.0,0.0,0.0,0.0,0.0,0.0
2,1,0.0625,0.9375,0.0,0.0,0.0,0.0,0.0,0.0,0.0,0.0,0.0,0.0
2,1,0.0625,0.9375,0.0,0.0,0.0,0.0,0.0,0.0,0.0,0.0,0.0,0.0
2,1,0.0625,0.9375,0.0,0.0,0.0,0.0,0.0,0.0,0.0,0.0,0.0,0.0
2,1,0.0625,0.9375,0.0,0.0,0.0,0.0,0.0,0.0,0.0,0.0,0.0,0.0
2,1,0.0625,0.9375,0.0,0.0,0.0,0.0,0.0,0.0,0.0,0.0,0.0,0.0
2,1,0.0625,0.9375,0.0,0.0,0.0,0.0,0.0,0.0,0.0,0.0,0.0,0.0
2,1,0.0625,0.9375,0.0,0.0,0.0,0.0,0.0,0.0,0.0,0.0,0.0,0.0
2,1,0.0625,0.9375,0.0,0.0,0.0,0.0,0.0,0.0,0.0,0.0,0.0,0.0
2,1,0.0625,0.9375,0.0,0.0,0.0,0.0,0.0,0.0,0.0,0.0,0.0,0.0
2,1,0.0625,0.9375,0.0,0.0,0.0,0.0,0.0,0.0,0.0,0.0,0.0,0.0
2,1,0.0625,0.9375,0.0,0.0,0.0,0.0,0.0,0.0,0.0,0.0,0.0,0.0
2,1,0.0625,0.9375,0.0,0.0,0.0,0.0,0.0,0.0,0.0,0.0,0.0,0.0
2,1,0.0625,0.9375,0.0,0.0,0.0,0.0,0.0,0.0,0.0,0.0,0.0,0.0
2,1,0.0625,0.9375,0.0,0.0,0.0,0.0,0.0,0.0,0.0,0.0,0.0,0.0
2,1,0.0625,0.9375,0.0,0.0,0.0,0.0,0.0,0.0,0.0,0.0,0.0,0.0
2,1,0.0625,0.9375,0.0,0.0,0.0,0.0,0.0,0.0,0.0,0.0,0.0,0.0
2,1,0.0625,0.9375,0.0,0.0,0.0,0.0,0.0,0.0,0.0,0.0,0.0,0.0
2,1,0.0625,0.9375,0.0,0.0,0.0,0.0,0.0,0.0,0.0,0.0,0.0,0.0
2,1,0.046875,0.953125,0.0,0.0,0.0,0.0,0.0,0.0,0.0,0.0,0.0,0.0
2,1,0.046875,0.953125,0.0,0.0,0.0,0.0,0.0,0.0,0.0,0.0,0.0,0.0
2,1,0.046875,0.953125,0.0,0.0,0.0,0.0,0.0,0.0,0.0,0.0,0.0,0.0
2,1,0.046875,0.953125,0.0,0.0,0.0,0.0,0.0,0.0,0.0,0.0,0.0,0.0
2,1,0.046875,0.953125,0.0,0.0,0.0,0.0,0.0,0.0,0.0,0.0,0.0,0.0
2,1,0.046875,0.953125,0.0,0.0,0.0,0.0,0.0,0.0,0.0,0.0,0.0,0.0
2,1,0.046875,0.953125,0.0,0.0,0.0,0.0,0.0,0.0,0.0,0.0,0.0,0.0
2,1,0.046875,0.953125,0.0,0.0,0.0,0.0,0.0,0.0,0.0,0.0,0.0,0.0
2,1,0.046875,0.953125,0.0,0.0,0.0,0.0,0.0,0.0,0.0,0.0,0.0,0.0
2,1,0.046875,0.953125,0.0,0.0,0.0,0.0,0.0,0.0,0.0,0.0,0.0,0.0
2,1,0.0625,0.9375,0.0,0.0,0.0,0.0,0.0,0.0,0.0,0.0,0.0,0.0
2,1,0.0625,0.9375,0.0,0.0,0.0,0.0,0.0,0.0,0.0,0.0,0.0,0.0
2,1,0.0625,0.9375,0.0,0.0,0.0,0.0,0.0,0.0,0.0,0.0,0.0,0.0
2,1,0.0625,0.9375,0.0,0.0,0.0,0.0,0.0,0.0,0.0,0.0,0.0,0.0
2,1,0.0625,0.9375,0.0,0.0,0.0,0.0,0.0,0.0,0.0,0.0,0.0,0.0
2,1,0.0625,0.9375,0.0,0.0,0.0,0.0,0.0,0.0,0.0,0.0,0.0,0.0
2,1,0.0625,0.9375,0.0,0.0,0.0,0.0,0.0,0.0,0.0,0.0,0.0,0.0
2,1,0.0625,0.9375,0.0,0.0,0.0,0.0,0.0,0.0,0.0,0.0,0.0,0.0
2,1,0.0625,0.9375,0.0,0.0,0.0,0.0,0.0,0.0,0.0,0.0,0.0,0.0
2,1,0.0625,0.9375,0.0,0.0,0.0,0.0,0.0,0.0,0.0,0.0,0.0,0.0
2,1,0.0625,0.9375,0.0,0.0,0.0,0.0,0.0,0.0,0.0,0.0,0.0,0.0
2,1,0.0625,0.9375,0.0,0.0,0.0,0.0,0.0,0.0,0.0,0.0,0.0,0.0
2,1,0.0625,0.9375,0.0,0.0,0.0,0.0,0.0,0.0,0.0,0.0,0.0,0.0
2,1,0.0625,0.9375,0.0,0.0,0.0,0.0,0.0,0.0,0.0,0.0,0.0,0.0
2,1,0.0625,0.9375,0.0,0.0,0.0,0.0,0.0,0.0,0.0,0.0,0.0,0.0
2,1,0.0625,0.9375,0.0,0.0,0.0,0.0,0.0,0.0,0.0,0.0,0.0,0.0
2,1,0.0625,0.9375,0.0,0.0,0.0,0.0,0.0,0.0,0.0,0.0,0.0,0.0
2,1,0.0625,0.9375,0.0,0.0,0.0,0.0,0.0,0.0,0.0,0.0,0.0,0.0
2,1,0.0625,0.9375,0.0,0.0,0.0,0.0,0.0,0.0,0.0,0.0,0.0,0.0
2,1,0.0625,0.9375,0.0,0.0,0.0,0.0,0.0,0.0,0.0,0.0,0.0,0.0
2,1,0.0625,0.9375,0.0,0.0,0.0,0.0,0.0,0.0,0.0,0.0,0.0,0.0
2,1,0.0625,0.9375,0.0,0.0,0.0,0.0,0.0,0.0,0.0,0.0,0.0,0.0
2,1,0.0625,0.9375,0.0,0.0,0.0,0.0,0.0,0.0,0.0,0.0,0.0,0.0
2,1,0.0625,0.9375,0.0,0.0,0.0,0.0,0.0,0.0,0.0,0.0,0.0,0.0
2,1,0.0625,0.9375,0.0,0.0,0.0,0.0,0.0,0.0,0.0,0.0,0.0,0.0
2,1,0.0625,0.9375,0.0,0.0,0.0,0.0,0.0,0.0,0.0,0.0,0.0,0.0
2,1,0.0625,0.9375,0.0,0.0,0.0,0.0,0.0,0.0,0.0,0.0,0.0,0.0
2,1,0.0625,0.9375,0.0,0.0,0.0,0.0,0.0,0.0,0.0,0.0,0.0,0.0
2,1,0.0625,0.9375,0.0,0.0,0.0,0.0,0.0,0.0,0.0,0.0,0.0,0.0
2,1,0.0625,0.9375,0.0,0.0,0.0,0.0,0.0,0.0,0.0,0.0,0.0,0.0
2,1,0.0625,0.9375,0.0,0.0,0.0,0.0,0.0,0.0,0.0,0.0,0.0,0.0
2,1,0.0625,0.9375,0.0,0.0,0.0,0.0,0.0,0.0,0.0,0.0,0.0,0.0
2,1,0.0625,0.9375,0.0,0.0,0.0,0.0,0.0,0.0,0.0,0.0,0.0,0.0
2,1,0.0625,0.9375,0.0,0.0,0.0,0.0,0.0,0.0,0.0,0.0,0.0,0.0
2,1,0.0625,0.9375,0.0,0.0,0.0,0.0,0.0,0.0,0.0,0.0,0.0,0.0
2,1,0.0625,0.9375,0.0,0.0,0.0,0.0,0.0,0.0,0.0,0.0,0.0,0.0
2,1,0.0625,0.9375,0.0,0.0,0.0,0.0,0.0,0.0,0.0,0.0,0.0,0.0
2,1,0.0625,0.9375,0.0,0.0,0.0,0.0,0.0,0.0,0.0,0.0,0.0,0.0
2,1,0.046875,0.953125,0.0,0.0,0.0,0.0,0.0,0.0,0.0,0.0,0.0,0.0
2,1,0.046875,0.953125,0.0,0.0,0.0,0.0,0.0,0.0,0.0,0.0,0.0,0.0
2,1,0.046875,0.953125,0.0,0.0,0.0,0.0,0.0,0.0,0.0,0.0,0.0,0.0
2,1,0.046875,0.953125,0.0,0.0,0.0,0.0,0.0,0.0,0.0,0.0,0.0,0.0
2,1,0.046875,0.953125,0.0,0.0,0.0,0.0,0.0,0.0,0.0,0.0,0.0,0.0
2,1,0.046875,0.953125,0.0,0.0,0.0,0.0,0.0,0.0,0.0,0.0,0.0,0.0
2,1,0.046875,0.953125,0.0,0.0,0.0,0.0,0.0,0.0,0.0,0.0,0.0,0.0
2,1,0.046875,0.953125,0.0,0.0,0.0,0.0,0.0,0.0,0.0,0.0,0.0,0.0
2,1,0.046875,0.953125,0.0,0.0,0.0,0.0,0.0,0.0,0.0,0.0,0.0,0.0
2,1,0.046875,0.953125,0.0,0.0,0.0,0.0,0.0,0.0,0.0,0.0,0.0,0.0
2,1,0.046875,0.953125,0.0,0.0,0.0,0.0,0.0,0.0,0.0,0.0,0.0,0.0
2,1,0.046875,0.953125,0.0,0.0,0.0,0.0,0.0,0.0,0.0,0.0,0.0,0.0
2,1,0.046875,0.953125,0.0,0.0,0.0,0.0,0.0,0.0,0.0,0.0,0.0,0.0
2,1,0.046875,0.953125,0.0,0.0,0.0,0.0,0.0,0.0,0.0,0.0,0.0,0.0
2,1,0.046875,0.953125,0.0,0.0,0.0,0.0,0.0,0.0,0.0,0.0,0.0,0.0
2,1,0.046875,0.953125,0.0,0.0,0.0,0.0,0.0,0.0,0.0,0.0,0.0,0.0
2,1,0.046875,0.953125,0.0,0.0,0.0,0.0,0.0,0.0,0.0,0.0,0.0,0.0
2,1,0.046875,0.953125,0.0,0.0,0.0,0.0,0.0,0.0,0.0,0.0,0.0,0.0
2,1,0.046875,0.953125,0.0,0.0,0.0,0.0,0.0,0.0,0.0,0.0,0.0,0.0
2,1,0.046875,0.953125,0.0,0.0,0.0,0.0,0.0,0.0,0.0,0.0,0.0,0.0
2,1,0.046875,0.953125,0.0,0.0,0.0,0.0,0.0,0.0,0.0,0.0,0.0,0.0
2,1,0.046875,0.953125,0.0,0.0,0.0,0.0,0.0,0.0,0.0,0.0,0.0,0.0
2,1,0.046875,0.953125,0.0,0.0,0.0,0.0,0.0,0.0,0.0,0.0,0.0,0.0
2,1,0.046875,0.953125,0.0,0.0,0.0,0.0,0.0,0.0,0.0,0.0,0.0,0.0
2,1,0.046875,0.953125,0.0,0.0,0.0,0.0,0.0,0.0,0.0,0.0,0.0,0.0
2,1,0.046875,0.953125,0.0,0.0,0.0,0.0,0.0,0.0,0.0,0.0,0.0,0.0
2,1,0.046875,0.953125,0.0,0.0,0.0,0.0,0.0,0.0,0.0,0.0,0.0,0.0
2,1,0.046875,0.953125,0.0,0.0,0.0,0.0,0.0,0.0,0.0,0.0,0.0,0.0
2,1,0.046875,0.953125,0.0,0.0,0.0,0.0,0.0,0.0,0.0,0.0,0.0,0.0
2,1,0.046875,0.953125,0.0,0.0,0.0,0.0,0.0,0.0,0.0,0.0,0.0,0.0
2,1,0.046875,0.953125,0.0,0.0,0.0,0.0,0.0,0.0,0.0,0.0,0.0,0.0
2,1,0.046875,0.953125,0.0,0.0,0.0,0.0,0.0,0.0,0.0,0.0,0.0,0.0
2,1,0.03125,0.953125,0.0,0.0,0.0,0.0,0.0,0.0,0.0,0.0,0.015625,0.0
2,1,0.03125,0.953125,0.0,0.0,0.0,0.0,0.0,0.0,0.0,0.0,0.015625,0.0
2,1,0.03125,0.953125,0.0,0.0,0.0,0.0,0.0,0.0,0.0,0.0,0.015625,0.0
2,1,0.03125,0.953125,0.0,0.0,0.0,0.0,0.0,0.0,0.0,0.0,0.015625,0.0
2,1,0.03125,0.953125,0.0,0.0,0.0,0.0,0.0,0.0,0.0,0.0,0.015625,0.0
2,1,0.03125,0.953125,0.0,0.0,0.0,0.0,0.0,0.0,0.0,0.0,0.015625,0.0
2,1,0.03125,0.953125,0.0,0.0,0.0,0.0,0.0,0.0,0.0,0.0,0.015625,0.0
2,1,0.03125,0.953125,0.0,0.0,0.0,0.0,0.0,0.0,0.0,0.0,0.015625,0.0
2,1,0.03125,0.953125,0.0,0.0,0.0,0.0,0.0,0.0,0.0,0.0,0.015625,0.0
2,1,0.03125,0.953125,0.0,0.0,0.0,0.0,0.0,0.0,0.0,0.0,0.015625,0.0
2,1,0.03125,0.953125,0.0,0.0,0.0,0.0,0.0,0.0,0.0,0.0,0.015625,0.0
2,1,0.03125,0.953125,0.0,0.0,0.0,0.0,0.0,0.0,0.0,0.0,0.015625,0.0
2,1,0.03125,0.953125,0.0,0.0,0.0,0.0,0.0,0.0,0.0,0.0,0.015625,0.0
2,1,0.03125,0.953125,0.0,0.0,0.0,0.0,0.0,0.0,0.0,0.0,0.015625,0.0
2,1,0.03125,0.953125,0.0,0.0,0.0,0.0,0.0,0.0,0.0,0.0,0.015625,0.0
2,1,0.03125,0.953125,0.0,0.0,0.0,0.0,0.0,0.0,0.0,0.0,0.015625,0.0
2,1,0.03125,0.953125,0.0,0.0,0.0,0.0,0.0,0.0,0.0,0.0,0.015625,0.0
2,1,0.03125,0.953125,0.0,0.0,0.0,0.0,0.0,0.0,0.0,0.0,0.015625,0.0
2,1,0.03125,0.953125,0.0,0.0,0.0,0.0,0.0,0.0,0.0,0.0,0.015625,0.0
2,1,0.03125,0.953125,0.0,0.0,0.0,0.0,0.0,0.0,0.0,0.0,0.015625,0.0
2,1,0.03125,0.9375,0.015625,0.0,0.0,0.0,0.0,0.0,0.0,0.0,0.015625,0.0
2,1,0.03125,0.9375,0.015625,0.0,0.0,0.0,0.0,0.0,0.0,0.0,0.015625,0.0
2,1,0.03125,0.9375,0.015625,0.0,0.0,0.0,0.0,0.0,0.0,0.0,0.015625,0.0
2,1,0.03125,0.9375,0.015625,0.0,0.0,0.0,0.0,0.0,0.0,0.0,0.015625,0.0
2,1,0.03125,0.921875,0.03125,0.0,0.0,0.0,0.0,0.0,0.0,0.0,0.015625,0.0
2,1,0.03125,0.921875,0.03125,0.0,0.0,0.0,0.0,0.0,0.0,0.0,0.015625,0.0
2,1,0.03125,0.921875,0.03125,0.0,0.0,0.0,0.0,0.0,0.0,0.0,0.015625,0.0
2,1,0.03125,0.921875,0.03125,0.0,0.0,0.0,0.0,0.0,0.0,0.0,0.015625,0.0
2,1,0.03125,0.921875,0.03125,0.0,0.0,0.0,0.0,0.0,0.0,0.0,0.015625,0.0
2,1,0.03125,0.921875,0.03125,0.0,0.0,0.0,0.0,0.0,0.0,0.0,0.015625,0.0
2,1,0.03125,0.921875,0.03125,0.0,0.0,0.0,0.0,0.0,0.0,0.0,0.015625,0.0
2,1,0.03125,0.921875,0.03125,0.0,0.0,0.0,0.0,0.0,0.0,0.0,0.015625,0.0
2,1,0.03125,0.921875,0.03125,0.0,0.0,0.0,0.0,0.0,0.0,0.0,0.015625,0.0
2,1,0.03125,0.921875,0.03125,0.0,0.0,0.0,0.0,0.0,0.0,0.0,0.015625,0.0
2,1,0.03125,0.921875,0.03125,0.0,0.0,0.0,0.0,0.0,0.0,0.0,0.015625,0.0
2,1,0.03125,0.921875,0.03125,0.0,0.0,0.0,0.0,0.0,0.0,0.0,0.015625,0.0
2,1,0.03125,0.921875,0.03125,0.0,0.0,0.0,0.0,0.0,0.0,0.0,0.015625,0.0
2,1,0.03125,0.921875,0.03125,0.0,0.0,0.0,0.0,0.0,0.0,0.0,0.015625,0.0
2,1,0.03125,0.921875,0.03125,0.0,0.0,0.0,0.0,0.0,0.0,0.0,0.015625,0.0
2,1,0.03125,0.921875,0.03125,0.0,0.0,0.0,0.0,0.0,0.0,0.0,0.015625,0.0
2,1,0.0625,0.90625,0.015625,0.0,0.0,0.0,0.0,0.0,0.0,0.0,0.015625,0.0
2,1,0.0625,0.90625,0.015625,0.0,0.0,0.0,0.0,0.0,0.0,0.0,0.015625,0.0
2,1,0.0625,0.90625,0.015625,0.0,0.0,0.0,0.0,0.0,0.0,0.0,0.015625,0.0
2,1,0.0625,0.90625,0.015625,0.0,0.0,0.0,0.0,0.0,0.0,0.0,0.015625,0.0
2,1,0.078125,0.890625,0.015625,0.0,0.0,0.0,0.0,0.0,0.0,0.0,0.015625,0.0
2,1,0.078125,0.890625,0.015625,0.0,0.0,0.0,0.0,0.0,0.0,0.0,0.015625,0.0
2,1,0.078125,0.890625,0.015625,0.0,0.0,0.0,0.0,0.0,0.0,0.0,0.015625,0.0
2,1,0.078125,0.890625,0.015625,0.0,0.0,0.0,0.0,0.0,0.0,0.0,0.015625,0.0
2,1,0.078125,0.875,0.03125,0.0,0.0,0.0,0.0,0.0,0.0,0.0,0.015625,0.0
2,1,0.078125,0.875,0.03125,0.0,0.0,0.0,0.0,0.0,0.0,0.0,0.015625,0.0
2,1,0.078125,0.875,0.03125,0.0,0.0,0.0,0.0,0.0,0.0,0.0,0.015625,0.0
2,1,0.078125,0.875,0.03125,0.0,0.0,0.0,0.0,0.0,0.0,0.0,0.015625,0.0
2,1,0.078125,0.890625,0.015625,0.0,0.0,0.0,0.0,0.0,0.0,0.0,0.015625,0.0
2,1,0.078125,0.890625,0.015625,0.0,0.0,0.0,0.0,0.0,0.0,0.0,0.015625,0.0
2,1,0.078125,0.890625,0.015625,0.0,0.0,0.0,0.0,0.0,0.0,0.0,0.015625,0.0
2,1,0.078125,0.890625,0.015625,0.0,0.0,0.0,0.0,0.0,0.0,0.0,0.015625,0.0
2,1,0.078125,0.890625,0.015625,0.0,0.0,0.0,0.0,0.0,0.0,0.0,0.015625,0.0
2,1,0.078125,0.890625,0.015625,0.0,0.0,0.0,0.0,0.0,0.0,0.0,0.015625,0.0
2,1,0.078125,0.890625,0.015625,0.0,0.0,0.0,0.0,0.0,0.0,0.0,0.015625,0.0
2,1,0.078125,0.890625,0.015625,0.0,0.0,0.0,0.0,0.0,0.0,0.0,0.015625,0.0
2,1,0.078125,0.890625,0.015625,0.0,0.0,0.0,0.0,0.0,0.0,0.0,0.015625,0.0
2,1,0.078125,0.890625,0.015625,0.0,0.0,0.0,0.0,0.0,0.0,0.0,0.015625,0.0
2,1,0.078125,0.890625,0.015625,0.0,0.0,0.0,0.0,0.0,0.0,0.0,0.015625,0.0
2,1,0.078125,0.890625,0.015625,0.0,0.0,0.0,0.0,0.0,0.0,0.0,0.015625,0.0
2,1,0.078125,0.875,0.03125,0.0,0.0,0.0,0.0,0.0,0.0,0.0,0.015625,0.0
2,1,0.078125,0.875,0.03125,0.0,0.0,0.0,0.0,0.0,0.0,0.0,0.015625,0.0
2,1,0.078125,0.875,0.03125,0.0,0.0,0.0,0.0,0.0,0.0,0.0,0.015625,0.0
2,1,0.078125,0.875,0.03125,0.0,0.0,0.0,0.0,0.0,0.0,0.0,0.015625,0.0
2,1,0.078125,0.875,0.03125,0.0,0.0,0.0,0.0,0.0,0.0,0.0,0.015625,0.0
2,1,0.078125,0.875,0.03125,0.0,0.0,0.0,0.0,0.0,0.0,0.0,0.015625,0.0
2,1,0.078125,0.875,0.03125,0.0,0.0,0.0,0.0,0.0,0.0,0.0,0.015625,0.0
2,1,0.078125,0.875,0.03125,0.0,0.0,0.0,0.0,0.0,0.0,0.0,0.015625,0.0
2,1,0.078125,0.875,0.03125,0.0,0.0,0.0,0.0,0.0,0.0,0.0,0.015625,0.0
2,1,0.078125,0.875,0.03125,0.0,0.0,0.0,0.0,0.0,0.0,0.0,0.015625,0.0
2,1,0.078125,0.875,0.03125,0.0,0.0,0.0,0.0,0.0,0.0,0.0,0.015625,0.0
2,1,0.078125,0.875,0.03125,0.0,0.0,0.0,0.0,0.0,0.0,0.0,0.015625,0.0
2,1,0.078125,0.875,0.03125,0.0,0.0,0.0,0.0,0.0,0.0,0.0,0.015625,0.0
2,1,0.078125,0.875,0.03125,0.0,0.0,0.0,0.0,0.0,0.0,0.0,0.015625,0.0
2,1,0.078125,0.875,0.03125,0.0,0.0,0.0,0.0,0.0,0.0,0.0,0.015625,0.0
2,1,0.078125,0.875,0.03125,0.0,0.0,0.0,0.0,0.0,0.0,0.0,0.015625,0.0
2,1,0.09375,0.84375,0.046875,0.0,0.0,0.0,0.0,0.0,0.0,0.0,0.015625,0.0
2,1,0.09375,0.84375,0.046875,0.0,0.0,0.0,0.0,0.0,0.0,0.0,0.015625,0.0
2,1,0.078125,0.859375,0.046875,0.0,0.0,0.0,0.0,0.0,0.0,0.0,0.015625,0.0
2,1,0.078125,0.859375,0.046875,0.0,0.0,0.0,0.0,0.0,0.0,0.0,0.015625,0.0
2,1,0.078125,0.859375,0.046875,0.0,0.0,0.0,0.0,0.0,0.0,0.0,0.015625,0.0
2,1,0.078125,0.859375,0.046875,0.0,0.0,0.0,0.0,0.0,0.0,0.0,0.015625,0.0
2,1,0.078125,0.859375,0.046875,0.0,0.0,0.0,0.0,0.0,0.0,0.0,0.015625,0.0
2,1,0.078125,0.859375,0.046875,0.0,0.0,0.0,0.0,0.0,0.0,0.0,0.015625,0.0
2,1,0.078125,0.859375,0.046875,0.0,0.0,0.0,0.0,0.0,0.0,0.0,0.015625,0.0
2,1,0.078125,0.859375,0.046875,0.0,0.0,0.0,0.0,0.0,0.0,0.0,0.015625,0.0
2,1,0.078125,0.859375,0.046875,0.0,0.0,0.0,0.0,0.0,0.0,0.0,0.015625,0.0
2,1,0.078125,0.859375,0.046875,0.0,0.0,0.0,0.0,0.0,0.0,0.0,0.015625,0.0
2,1,0.078125,0.859375,0.046875,0.0,0.0,0.0,0.0,0.0,0.0,0.0,0.015625,0.0
2,1,0.078125,0.859375,0.046875,0.0,0.0,0.0,0.0,0.0,0.0,0.0,0.015625,0.0
2,1,0.078125,0.859375,0.046875,0.0,0.0,0.0,0.0,0.0,0.0,0.0,0.015625,0.0
2,1,0.078125,0.859375,0.046875,0.0,0.0,0.0,0.0,0.0,0.0,0.0,0.015625,0.0
2,1,0.078125,0.859375,0.046875,0.0,0.0,0.0,0.0,0.0,0.0,0.0,0.015625,0.0
2,1,0.078125,0.859375,0.046875,0.0,0.0,0.0,0.0,0.0,0.0,0.0,0.015625,0.0
2,1,0.078125,0.859375,0.046875,0.0,0.0,0.0,0.0,0.0,0.0,0.0,0.015625,0.0
2,1,0.078125,0.859375,0.046875,0.0,0.0,0.0,0.0,0.0,0.0,0.0,0.015625,0.0
2,1,0.0625,0.859375,0.0625,0.0,0.0,0.0,0.0,0.0,0.0,0.0,0.015625,0.0
2,1,0.0625,0.859375,0.0625,0.0,0.0,0.0,0.0,0.0,0.0,0.0,0.015625,0.0
2,1,0.0625,0.859375,0.0625,0.0,0.0,0.0,0.0,0.0,0.0,0.0,0.015625,0.0
2,1,0.0625,0.859375,0.0625,0.0,0.0,0.0,0.0,0.0,0.0,0.0,0.015625,0.0
2,1,0.0625,0.859375,0.0625,0.0,0.0,0.0,0.0,0.0,0.0,0.0,0.015625,0.0
2,1,0.0625,0.859375,0.0625,0.0,0.0,0.0,0.0,0.0,0.0,0.0,0.015625,0.0
2,1,0.0625,0.859375,0.0625,0.0,0.0,0.0,0.0,0.0,0.0,0.0,0.015625,0.0
2,1,0.0625,0.859375,0.0625,0.0,0.0,0.0,0.0,0.0,0.0,0.0,0.015625,0.0
2,1,0.0625,0.84375,0.078125,0.0,0.0,0.0,0.0,0.0,0.0,0.0,0.015625,0.0
2,1,0.0625,0.84375,0.078125,0.0,0.0,0.0,0.0,0.0,0.0,0.0,0.015625,0.0
2,1,0.0625,0.84375,0.078125,0.0,0.0,0.0,0.0,0.0,0.0,0.0,0.015625,0.0
2,1,0.0625,0.84375,0.078125,0.0,0.0,0.0,0.0,0.0,0.0,0.0,0.015625,0.0
2,1,0.078125,0.8125,0.09375,0.0,0.0,0.0,0.0,0.0,0.0,0.0,0.015625,0.0
2,1,0.078125,0.8125,0.09375,0.0,0.0,0.0,0.0,0.0,0.0,0.0,0.015625,0.0
2,1,0.078125,0.8125,0.09375,0.0,0.0,0.0,0.0,0.0,0.0,0.0,0.015625,0.0
2,1,0.078125,0.8125,0.09375,0.0,0.0,0.0,0.0,0.0,0.0,0.0,0.015625,0.0
2,1,0.078125,0.8125,0.09375,0.0,0.0,0.0,0.0,0.0,0.0,0.0,0.015625,0.0
2,1,0.078125,0.8125,0.09375,0.0,0.0,0.0,0.0,0.0,0.0,0.0,0.015625,0.0
2,1,0.078125,0.8125,0.09375,0.0,0.0,0.0,0.0,0.0,0.0,0.0,0.015625,0.0
2,1,0.078125,0.8125,0.09375,0.0,0.0,0.0,0.0,0.0,0.0,0.0,0.015625,0.0
2,1,0.078125,0.8125,0.09375,0.0,0.0,0.0,0.0,0.0,0.0,0.0,0.015625,0.0
2,1,0.078125,0.8125,0.09375,0.0,0.0,0.0,0.0,0.0,0.0,0.0,0.015625,0.0
2,1,0.078125,0.8125,0.09375,0.0,0.0,0.0,0.0,0.0,0.0,0.0,0.015625,0.0
2,1,0.078125,0.8125,0.09375,0.0,0.0,0.0,0.0,0.0,0.0,0.0,0.015625,0.0
2,1,0.078125,0.8125,0.09375,0.0,0.0,0.0,0.0,0.0,0.0,0.0,0.015625,0.0
2,1,0.078125,0.8125,0.09375,0.0,0.0,0.0,0.0,0.0,0.0,0.0,0.015625,0.0
2,1,0.078125,0.8125,0.09375,0.0,0.0,0.0,0.0,0.0,0.0,0.0,0.015625,0.0
2,1,0.078125,0.8125,0.09375,0.0,0.0,0.0,0.0,0.0,0.0,0.0,0.015625,0.0
2,1,0.09375,0.796875,0.09375,0.0,0.0,0.0,0.0,0.0,0.0,0.0,0.015625,0.0
2,1,0.09375,0.796875,0.09375,0.0,0.0,0.0,0.0,0.0,0.0,0.0,0.015625,0.0
2,1,0.09375,0.796875,0.09375,0.0,0.0,0.0,0.0,0.0,0.0,0.0,0.015625,0.0
2,1,0.09375,0.796875,0.09375,0.0,0.0,0.0,0.0,0.0,0.0,0.0,0.015625,0.0
2,1,0.09375,0.796875,0.09375,0.0,0.0,0.0,0.0,0.0,0.0,0.0,0.015625,0.0
2,1,0.09375,0.796875,0.09375,0.0,0.0,0.0,0.0,0.0,0.0,0.0,0.015625,0.0
2,1,0.09375,0.796875,0.09375,0.0,0.0,0.0,0.0,0.0,0.0,0.0,0.015625,0.0
2,1,0.09375,0.796875,0.09375,0.0,0.0,0.0,0.0,0.0,0.0,0.0,0.015625,0.0
2,1,0.09375,0.828125,0.0625,0.0,0.0,0.0,0.0,0.0,0.0,0.0,0.015625,0.0
2,1,0.09375,0.828125,0.0625,0.0,0.0,0.0,0.0,0.0,0.0,0.0,0.015625,0.0
2,1,0.09375,0.828125,0.0625,0.0,0.0,0.0,0.0,0.0,0.0,0.0,0.015625,0.0
2,1,0.09375,0.828125,0.0625,0.0,0.0,0.0,0.0,0.0,0.0,0.0,0.015625,0.0
2,1,0.109375,0.828125,0.046875,0.0,0.0,0.0,0.0,0.0,0.0,0.0,0.015625,0.0
2,1,0.109375,0.828125,0.046875,0.0,0.0,0.0,0.0,0.0,0.0,0.0,0.015625,0.0
2,1,0.109375,0.828125,0.046875,0.0,0.0,0.0,0.0,0.0,0.0,0.0,0.015625,0.0
2,1,0.109375,0.828125,0.046875,0.0,0.0,0.0,0.0,0.0,0.0,0.0,0.015625,0.0
2,1,0.109375,0.828125,0.046875,0.0,0.0,0.0,0.0,0.0,0.0,0.0,0.015625,0.0
2,1,0.109375,0.828125,0.046875,0.0,0.0,0.0,0.0,0.0,0.0,0.0,0.015625,0.0
2,1,0.109375,0.828125,0.046875,0.0,0.0,0.0,0.0,0.0,0.0,0.0,0.015625,0.0
2,1,0.109375,0.828125,0.046875,0.0,0.0,0.0,0.0,0.0,0.0,0.0,0.015625,0.0
2,1,0.109375,0.828125,0.046875,0.0,0.0,0.0,0.0,0.0,0.0,0.0,0.015625,0.0
2,1,0.109375,0.828125,0.046875,0.0,0.0,0.0,0.0,0.0,0.0,0.0,0.015625,0.0
2,1,0.109375,0.828125,0.046875,0.0,0.0,0.0,0.0,0.0,0.0,0.0,0.015625,0.0
2,1,0.109375,0.828125,0.046875,0.0,0.0,0.0,0.0,0.0,0.0,0.0,0.015625,0.0
2,1,0.109375,0.828125,0.046875,0.0,0.0,0.0,0.0,0.0,0.0,0.0,0.015625,0.0
2,1,0.109375,0.828125,0.046875,0.0,0.0,0.0,0.0,0.0,0.0,0.0,0.015625,0.0
2,1,0.109375,0.828125,0.046875,0.0,0.0,0.0,0.0,0.0,0.0,0.0,0.015625,0.0
2,1,0.109375,0.828125,0.046875,0.0,0.0,0.0,0.0,0.0,0.0,0.0,0.015625,0.0
2,1,0.109375,0.828125,0.046875,0.0,0.0,0.0,0.0,0.0,0.0,0.0,0.015625,0.0
2,1,0.109375,0.828125,0.046875,0.0,0.0,0.0,0.0,0.0,0.0,0.0,0.015625,0.0
2,1,0.109375,0.828125,0.046875,0.0,0.0,0.0,0.0,0.0,0.0,0.0,0.015625,0.0
2,1,0.109375,0.828125,0.046875,0.0,0.0,0.0,0.0,0.0,0.0,0.0,0.015625,0.0
2,1,0.125,0.8125,0.046875,0.015625,0.0,0.0,0.0,0.0,0.0,0.0,0.0,0.0
2,1,0.125,0.8125,0.046875,0.015625,0.0,0.0,0.0,0.0,0.0,0.0,0.0,0.0
2,1,0.125,0.8125,0.046875,0.015625,0.0,0.0,0.0,0.0,0.0,0.0,0.0,0.0
2,1,0.125,0.8125,0.046875,0.015625,0.0,0.0,0.0,0.0,0.0,0.0,0.0,0.0
2,1,0.125,0.8125,0.046875,0.015625,0.0,0.0,0.0,0.0,0.0,0.0,0.0,0.0
2,1,0.125,0.8125,0.046875,0.015625,0.0,0.0,0.0,0.0,0.0,0.0,0.0,0.0
2,1,0.125,0.8125,0.046875,0.015625,0.0,0.0,0.0,0.0,0.0,0.0,0.0,0.0
2,1,0.125,0.8125,0.046875,0.015625,0.0,0.0,0.0,0.0,0.0,0.0,0.0,0.0
2,1,0.125,0.8125,0.046875,0.015625,0.0,0.0,0.0,0.0,0.0,0.0,0.0,0.0
2,1,0.125,0.8125,0.046875,0.015625,0.0,0.0,0.0,0.0,0.0,0.0,0.0,0.0
2,1,0.125,0.8125,0.046875,0.015625,0.0,0.0,0.0,0.0,0.0,0.0,0.0,0.0
2,1,0.125,0.8125,0.046875,0.015625,0.0,0.0,0.0,0.0,0.0,0.0,0.0,0.0
2,1,0.125,0.8125,0.046875,0.015625,0.0,0.0,0.0,0.0,0.0,0.0,0.0,0.0
2,1,0.125,0.8125,0.046875,0.015625,0.0,0.0,0.0,0.0,0.0,0.0,0.0,0.0
2,1,0.125,0.8125,0.046875,0.015625,0.0,0.0,0.0,0.0,0.0,0.0,0.0,0.0
2,1,0.125,0.8125,0.046875,0.015625,0.0,0.0,0.0,0.0,0.0,0.0,0.0,0.0
2,1,0.125,0.8125,0.046875,0.015625,0.0,0.0,0.0,0.0,0.0,0.0,0.0,0.0
2,1,0.125,0.8125,0.046875,0.015625,0.0,0.0,0.0,0.0,0.0,0.0,0.0,0.0
2,1,0.125,0.8125,0.046875,0.015625,0.0,0.0,0.0,0.0,0.0,0.0,0.0,0.0
2,1,0.125,0.8125,0.046875,0.015625,0.0,0.0,0.0,0.0,0.0,0.0,0.0,0.0
2,1,0.125,0.828125,0.03125,0.015625,0.0,0.0,0.0,0.0,0.0,0.0,0.0,0.0
2,1,0.125,0.828125,0.03125,0.015625,0.0,0.0,0.0,0.0,0.0,0.0,0.0,0.0
2,1,0.125,0.828125,0.03125,0.015625,0.0,0.0,0.0,0.0,0.0,0.0,0.0,0.0
2,1,0.125,0.828125,0.03125,0.015625,0.0,0.0,0.0,0.0,0.0,0.0,0.0,0.0
2,1,0.109375,0.84375,0.03125,0.015625,0.0,0.0,0.0,0.0,0.0,0.0,0.0,0.0
2,1,0.109375,0.84375,0.03125,0.015625,0.0,0.0,0.0,0.0,0.0,0.0,0.0,0.0
2,1,0.109375,0.84375,0.03125,0.015625,0.0,0.0,0.0,0.0,0.0,0.0,0.0,0.0
2,1,0.109375,0.84375,0.03125,0.015625,0.0,0.0,0.0,0.0,0.0,0.0,0.0,0.0
2,1,0.109375,0.84375,0.03125,0.015625,0.0,0.0,0.0,0.0,0.0,0.0,0.0,0.0
2,1,0.109375,0.84375,0.03125,0.015625,0.0,0.0,0.0,0.0,0.0,0.0,0.0,0.0
2,1,0.109375,0.84375,0.03125,0.015625,0.0,0.0,0.0,0.0,0.0,0.0,0.0,0.0
2,1,0.109375,0.84375,0.03125,0.015625,0.0,0.0,0.0,0.0,0.0,0.0,0.0,0.0
2,1,0.09375,0.875,0.015625,0.015625,0.0,0.0,0.0,0.0,0.0,0.0,0.0,0.0
2,1,0.09375,0.875,0.015625,0.015625,0.0,0.0,0.0,0.0,0.0,0.0,0.0,0.0
2,1,0.09375,0.875,0.015625,0.015625,0.0,0.0,0.0,0.0,0.0,0.0,0.0,0.0
2,1,0.09375,0.875,0.015625,0.015625,0.0,0.0,0.0,0.0,0.0,0.0,0.0,0.0
2,1,0.09375,0.875,0.015625,0.015625,0.0,0.0,0.0,0.0,0.0,0.0,0.0,0.0
2,1,0.09375,0.875,0.015625,0.015625,0.0,0.0,0.0,0.0,0.0,0.0,0.0,0.0
2,1,0.09375,0.875,0.015625,0.015625,0.0,0.0,0.0,0.0,0.0,0.0,0.0,0.0
2,1,0.09375,0.875,0.015625,0.015625,0.0,0.0,0.0,0.0,0.0,0.0,0.0,0.0
2,1,0.078125,0.875,0.03125,0.015625,0.0,0.0,0.0,0.0,0.0,0.0,0.0,0.0
2,1,0.078125,0.875,0.03125,0.015625,0.0,0.0,0.0,0.0,0.0,0.0,0.0,0.0
2,1,0.078125,0.875,0.03125,0.015625,0.0,0.0,0.0,0.0,0.0,0.0,0.0,0.0
2,1,0.078125,0.875,0.03125,0.015625,0.0,0.0,0.0,0.0,0.0,0.0,0.0,0.0
2,1,0.078125,0.875,0.03125,0.015625,0.0,0.0,0.0,0.0,0.0,0.0,0.0,0.0
2,1,0.078125,0.875,0.03125,0.015625,0.0,0.0,0.0,0.0,0.0,0.0,0.0,0.0
2,1,0.078125,0.875,0.03125,0.015625,0.0,0.0,0.0,0.0,0.0,0.0,0.0,0.0
2,1,0.078125,0.875,0.03125,0.015625,0.0,0.0,0.0,0.0,0.0,0.0,0.0,0.0
2,1,0.0625,0.890625,0.03125,0.015625,0.0,0.0,0.0,0.0,0.0,0.0,0.0,0.0
2,1,0.0625,0.890625,0.03125,0.015625,0.0,0.0,0.0,0.0,0.0,0.0,0.0,0.0
2,1,0.0625,0.890625,0.03125,0.015625,0.0,0.0,0.0,0.0,0.0,0.0,0.0,0.0
2,1,0.0625,0.890625,0.03125,0.015625,0.0,0.0,0.0,0.0,0.0,0.0,0.0,0.0
2,1,0.0625,0.890625,0.03125,0.015625,0.0,0.0,0.0,0.0,0.0,0.0,0.0,0.0
2,1,0.0625,0.890625,0.03125,0.015625,0.0,0.0,0.0,0.0,0.0,0.0,0.0,0.0
2,1,0.0625,0.890625,0.03125,0.015625,0.0,0.0,0.0,0.0,0.0,0.0,0.0,0.0
2,1,0.0625,0.890625,0.03125,0.015625,0.0,0.0,0.0,0.0,0.0,0.0,0.0,0.0
2,1,0.0625,0.890625,0.03125,0.015625,0.0,0.0,0.0,0.0,0.0,0.0,0.0,0.0
2,1,0.0625,0.890625,0.03125,0.015625,0.0,0.0,0.0,0.0,0.0,0.0,0.0,0.0
2,1,0.0625,0.890625,0.03125,0.015625,0.0,0.0,0.0,0.0,0.0,0.0,0.0,0.0
2,1,0.0625,0.890625,0.03125,0.015625,0.0,0.0,0.0,0.0,0.0,0.0,0.0,0.0
2,1,0.0625,0.90625,0.015625,0.015625,0.0,0.0,0.0,0.0,0.0,0.0,0.0,0.0
2,1,0.0625,0.90625,0.015625,0.015625,0.0,0.0,0.0,0.0,0.0,0.0,0.0,0.0
2,1,0.0625,0.90625,0.015625,0.015625,0.0,0.0,0.0,0.0,0.0,0.0,0.0,0.0
2,1,0.0625,0.90625,0.015625,0.015625,0.0,0.0,0.0,0.0,0.0,0.0,0.0,0.0
2,1,0.0625,0.90625,0.015625,0.015625,0.0,0.0,0.0,0.0,0.0,0.0,0.0,0.0
2,1,0.0625,0.90625,0.015625,0.015625,0.0,0.0,0.0,0.0,0.0,0.0,0.0,0.0
2,1,0.0625,0.90625,0.015625,0.015625,0.0,0.0,0.0,0.0,0.0,0.0,0.0,0.0
2,1,0.0625,0.90625,0.015625,0.015625,0.0,0.0,0.0,0.0,0.0,0.0,0.0,0.0
2,1,0.0625,0.90625,0.015625,0.015625,0.0,0.0,0.0,0.0,0.0,0.0,0.0,0.0
2,1,0.0625,0.90625,0.015625,0.015625,0.0,0.0,0.0,0.0,0.0,0.0,0.0,0.0
2,1,0.0625,0.90625,0.015625,0.015625,0.0,0.0,0.0,0.0,0.0,0.0,0.0,0.0
2,1,0.0625,0.90625,0.015625,0.015625,0.0,0.0,0.0,0.0,0.0,0.0,0.0,0.0
2,1,0.0625,0.90625,0.015625,0.015625,0.0,0.0,0.0,0.0,0.0,0.0,0.0,0.0
2,1,0.0625,0.90625,0.015625,0.015625,0.0,0.0,0.0,0.0,0.0,0.0,0.0,0.0
2,1,0.0625,0.90625,0.015625,0.015625,0.0,0.0,0.0,0.0,0.0,0.0,0.0,0.0
2,1,0.0625,0.90625,0.015625,0.015625,0.0,0.0,0.0,0.0,0.0,0.0,0.0,0.0
2,1,0.0625,0.90625,0.015625,0.015625,0.0,0.0,0.0,0.0,0.0,0.0,0.0,0.0
2,1,0.0625,0.90625,0.015625,0.015625,0.0,0.0,0.0,0.0,0.0,0.0,0.0,0.0
2,1,0.0625,0.90625,0.015625,0.015625,0.0,0.0,0.0,0.0,0.0,0.0,0.0,0.0
2,1,0.0625,0.90625,0.015625,0.015625,0.0,0.0,0.0,0.0,0.0,0.0,0.0,0.0
2,1,0.0625,0.90625,0.015625,0.015625,0.0,0.0,0.0,0.0,0.0,0.0,0.0,0.0
2,1,0.0625,0.90625,0.015625,0.015625,0.0,0.0,0.0,0.0,0.0,0.0,0.0,0.0
2,1,0.0625,0.90625,0.015625,0.015625,0.0,0.0,0.0,0.0,0.0,0.0,0.0,0.0
2,1,0.0625,0.90625,0.015625,0.015625,0.0,0.0,0.0,0.0,0.0,0.0,0.0,0.0
2,1,0.0625,0.90625,0.015625,0.015625,0.0,0.0,0.0,0.0,0.0,0.0,0.0,0.0
2,1,0.0625,0.90625,0.015625,0.015625,0.0,0.0,0.0,0.0,0.0,0.0,0.0,0.0
2,1,0.0625,0.90625,0.015625,0.015625,0.0,0.0,0.0,0.0,0.0,0.0,0.0,0.0
2,1,0.0625,0.90625,0.015625,0.015625,0.0,0.0,0.0,0.0,0.0,0.0,0.0,0.0
2,1,0.0625,0.90625,0.015625,0.015625,0.0,0.0,0.0,0.0,0.0,0.0,0.0,0.0
2,1,0.0625,0.90625,0.015625,0.015625,0.0,0.0,0.0,0.0,0.0,0.0,0.0,0.0
2,1,0.046875,0.921875,0.015625,0.015625,0.0,0.0,0.0,0.0,0.0,0.0,0.0,0.0
2,1,0.046875,0.921875,0.015625,0.015625,0.0,0.0,0.0,0.0,0.0,0.0,0.0,0.0
2,1,0.046875,0.921875,0.015625,0.015625,0.0,0.0,0.0,0.0,0.0,0.0,0.0,0.0
2,1,0.046875,0.921875,0.015625,0.015625,0.0,0.0,0.0,0.0,0.0,0.0,0.0,0.0
2,1,0.046875,0.921875,0.015625,0.015625,0.0,0.0,0.0,0.0,0.0,0.0,0.0,0.0
2,1,0.046875,0.921875,0.015625,0.015625,0.0,0.0,0.0,0.0,0.0,0.0,0.0,0.0
2,1,0.0625,0.90625,0.015625,0.015625,0.0,0.0,0.0,0.0,0.0,0.0,0.0,0.0
2,1,0.0625,0.90625,0.015625,0.015625,0.0,0.0,0.0,0.0,0.0,0.0,0.0,0.0
2,1,0.0625,0.90625,0.015625,0.015625,0.0,0.0,0.0,0.0,0.0,0.0,0.0,0.0
2,1,0.0625,0.90625,0.015625,0.015625,0.0,0.0,0.0,0.0,0.0,0.0,0.0,0.0
2,1,0.0625,0.90625,0.015625,0.015625,0.0,0.0,0.0,0.0,0.0,0.0,0.0,0.0
2,1,0.0625,0.90625,0.015625,0.015625,0.0,0.0,0.0,0.0,0.0,0.0,0.0,0.0
2,1,0.046875,0.921875,0.015625,0.015625,0.0,0.0,0.0,0.0,0.0,0.0,0.0,0.0
2,1,0.046875,0.921875,0.015625,0.015625,0.0,0.0,0.0,0.0,0.0,0.0,0.0,0.0
2,1,0.046875,0.921875,0.015625,0.015625,0.0,0.0,0.0,0.0,0.0,0.0,0.0,0.0
2,1,0.046875,0.921875,0.015625,0.015625,0.0,0.0,0.0,0.0,0.0,0.0,0.0,0.0
2,1,0.046875,0.921875,0.015625,0.015625,0.0,0.0,0.0,0.0,0.0,0.0,0.0,0.0
2,1,0.046875,0.921875,0.015625,0.015625,0.0,0.0,0.0,0.0,0.0,0.0,0.0,0.0
2,1,0.046875,0.921875,0.015625,0.015625,0.0,0.0,0.0,0.0,0.0,0.0,0.0,0.0
2,1,0.046875,0.921875,0.015625,0.015625,0.0,0.0,0.0,0.0,0.0,0.0,0.0,0.0
2,1,0.046875,0.921875,0.015625,0.015625,0.0,0.0,0.0,0.0,0.0,0.0,0.0,0.0
2,1,0.046875,0.921875,0.015625,0.015625,0.0,0.0,0.0,0.0,0.0,0.0,0.0,0.0
2,1,0.046875,0.921875,0.015625,0.015625,0.0,0.0,0.0,0.0,0.0,0.0,0.0,0.0
2,1,0.046875,0.921875,0.015625,0.015625,0.0,0.0,0.0,0.0,0.0,0.0,0.0,0.0
2,1,0.046875,0.921875,0.015625,0.015625,0.0,0.0,0.0,0.0,0.0,0.0,0.0,0.0
2,1,0.046875,0.921875,0.015625,0.015625,0.0,0.0,0.0,0.0,0.0,0.0,0.0,0.0
2,1,0.046875,0.921875,0.015625,0.015625,0.0,0.0,0.0,0.0,0.0,0.0,0.0,0.0
2,1,0.046875,0.921875,0.015625,0.015625,0.0,0.0,0.0,0.0,0.0,0.0,0.0,0.0
2,1,0.046875,0.921875,0.015625,0.015625,0.0,0.0,0.0,0.0,0.0,0.0,0.0,0.0
2,1,0.046875,0.921875,0.015625,0.015625,0.0,0.0,0.0,0.0,0.0,0.0,0.0,0.0
2,1,0.046875,0.921875,0.015625,0.015625,0.0,0.0,0.0,0.0,0.0,0.0,0.0,0.0
2,1,0.046875,0.921875,0.015625,0.015625,0.0,0.0,0.0,0.0,0.0,0.0,0.0,0.0
2,1,0.046875,0.921875,0.015625,0.015625,0.0,0.0,0.0,0.0,0.0,0.0,0.0,0.0
2,1,0.046875,0.921875,0.015625,0.015625,0.0,0.0,0.0,0.0,0.0,0.0,0.0,0.0
2,1,0.046875,0.921875,0.015625,0.015625,0.0,0.0,0.0,0.0,0.0,0.0,0.0,0.0
2,1,0.046875,0.921875,0.015625,0.015625,0.0,0.0,0.0,0.0,0.0,0.0,0.0,0.0
2,1,0.046875,0.921875,0.015625,0.015625,0.0,0.0,0.0,0.0,0.0,0.0,0.0,0.0
2,1,0.046875,0.921875,0.015625,0.015625,0.0,0.0,0.0,0.0,0.0,0.0,0.0,0.0
2,1,0.046875,0.921875,0.015625,0.015625,0.0,0.0,0.0,0.0,0.0,0.0,0.0,0.0
2,1,0.046875,0.921875,0.015625,0.015625,0.0,0.0,0.0,0.0,0.0,0.0,0.0,0.0
2,1,0.046875,0.921875,0.015625,0.015625,0.0,0.0,0.0,0.0,0.0,0.0,0.0,0.0
2,1,0.046875,0.921875,0.015625,0.015625,0.0,0.0,0.0,0.0,0.0,0.0,0.0,0.0
2,1,0.046875,0.921875,0.015625,0.015625,0.0,0.0,0.0,0.0,0.0,0.0,0.0,0.0
2,1,0.046875,0.921875,0.015625,0.015625,0.0,0.0,0.0,0.0,0.0,0.0,0.0,0.0
2,1,0.046875,0.921875,0.015625,0.015625,0.0,0.0,0.0,0.0,0.0,0.0,0.0,0.0
2,1,0.046875,0.921875,0.015625,0.015625,0.0,0.0,0.0,0.0,0.0,0.0,0.0,0.0
2,1,0.046875,0.921875,0.015625,0.015625,0.0,0.0,0.0,0.0,0.0,0.0,0.0,0.0
2,1,0.046875,0.921875,0.015625,0.015625,0.0,0.0,0.0,0.0,0.0,0.0,0.0,0.0
2,1,0.046875,0.921875,0.015625,0.015625,0.0,0.0,0.0,0.0,0.0,0.0,0.0,0.0
2,1,0.046875,0.921875,0.015625,0.015625,0.0,0.0,0.0,0.0,0.0,0.0,0.0,0.0
2,1,0.046875,0.921875,0.015625,0.015625,0.0,0.0,0.0,0.0,0.0,0.0,0.0,0.0
2,1,0.046875,0.921875,0.015625,0.015625,0.0,0.0,0.0,0.0,0.0,0.0,0.0,0.0
2,1,0.046875,0.921875,0.015625,0.015625,0.0,0.0,0.0,0.0,0.0,0.0,0.0,0.0
2,1,0.046875,0.921875,0.015625,0.015625,0.0,0.0,0.0,0.0,0.0,0.0,0.0,0.0
2,1,0.046875,0.921875,0.015625,0.015625,0.0,0.0,0.0,0.0,0.0,0.0,0.0,0.0
2,1,0.046875,0.921875,0.015625,0.015625,0.0,0.0,0.0,0.0,0.0,0.0,0.0,0.0
2,1,0.046875,0.921875,0.015625,0.015625,0.0,0.0,0.0,0.0,0.0,0.0,0.0,0.0
2,1,0.046875,0.921875,0.015625,0.015625,0.0,0.0,0.0,0.0,0.0,0.0,0.0,0.0
2,1,0.046875,0.921875,0.015625,0.015625,0.0,0.0,0.0,0.0,0.0,0.0,0.0,0.0
2,1,0.046875,0.921875,0.015625,0.015625,0.0,0.0,0.0,0.0,0.0,0.0,0.0,0.0
2,1,0.046875,0.921875,0.015625,0.015625,0.0,0.0,0.0,0.0,0.0,0.0,0.0,0.0
2,1,0.046875,0.921875,0.015625,0.015625,0.0,0.0,0.0,0.0,0.0,0.0,0.0,0.0
2,1,0.046875,0.921875,0.015625,0.015625,0.0,0.0,0.0,0.0,0.0,0.0,0.0,0.0
2,1,0.046875,0.921875,0.015625,0.015625,0.0,0.0,0.0,0.0,0.0,0.0,0.0,0.0
2,1,0.046875,0.921875,0.015625,0.015625,0.0,0.0,0.0,0.0,0.0,0.0,0.0,0.0
2,1,0.046875,0.921875,0.015625,0.015625,0.0,0.0,0.0,0.0,0.0,0.0,0.0,0.0
2,1,0.046875,0.921875,0.015625,0.015625,0.0,0.0,0.0,0.0,0.0,0.0,0.0,0.0
2,1,0.046875,0.921875,0.015625,0.015625,0.0,0.0,0.0,0.0,0.0,0.0,0.0,0.0
2,1,0.046875,0.921875,0.015625,0.015625,0.0,0.0,0.0,0.0,0.0,0.0,0.0,0.0
2,1,0.046875,0.921875,0.015625,0.015625,0.0,0.0,0.0,0.0,0.0,0.0,0.0,0.0
2,1,0.046875,0.921875,0.015625,0.015625,0.0,0.0,0.0,0.0,0.0,0.0,0.0,0.0
2,1,0.046875,0.921875,0.015625,0.015625,0.0,0.0,0.0,0.0,0.0,0.0,0.0,0.0
2,1,0.046875,0.921875,0.015625,0.015625,0.0,0.0,0.0,0.0,0.0,0.0,0.0,0.0
2,1,0.046875,0.921875,0.015625,0.015625,0.0,0.0,0.0,0.0,0.0,0.0,0.0,0.0
2,1,0.046875,0.921875,0.015625,0.015625,0.0,0.0,0.0,0.0,0.0,0.0,0.0,0.0
2,1,0.046875,0.921875,0.015625,0.015625,0.0,0.0,0.0,0.0,0.0,0.0,0.0,0.0
2,1,0.046875,0.921875,0.015625,0.015625,0.0,0.0,0.0,0.0,0.0,0.0,0.0,0.0
2,1,0.046875,0.921875,0.015625,0.015625,0.0,0.0,0.0,0.0,0.0,0.0,0.0,0.0
2,1,0.046875,0.921875,0.015625,0.015625,0.0,0.0,0.0,0.0,0.0,0.0,0.0,0.0
2,1,0.046875,0.921875,0.015625,0.015625,0.0,0.0,0.0,0.0,0.0,0.0,0.0,0.0
2,1,0.046875,0.921875,0.015625,0.015625,0.0,0.0,0.0,0.0,0.0,0.0,0.0,0.0
2,1,0.046875,0.921875,0.015625,0.015625,0.0,0.0,0.0,0.0,0.0,0.0,0.0,0.0
2,1,0.0625,0.90625,0.015625,0.015625,0.0,0.0,0.0,0.0,0.0,0.0,0.0,0.0
2,1,0.0625,0.90625,0.015625,0.015625,0.0,0.0,0.0,0.0,0.0,0.0,0.0,0.0
2,1,0.0625,0.90625,0.015625,0.015625,0.0,0.0,0.0,0.0,0.0,0.0,0.0,0.0
2,1,0.0625,0.90625,0.015625,0.015625,0.0,0.0,0.0,0.0,0.0,0.0,0.0,0.0
2,1,0.0625,0.90625,0.015625,0.015625,0.0,0.0,0.0,0.0,0.0,0.0,0.0,0.0
2,1,0.0625,0.90625,0.015625,0.015625,0.0,0.0,0.0,0.0,0.0,0.0,0.0,0.0
2,1,0.0625,0.90625,0.015625,0.015625,0.0,0.0,0.0,0.0,0.0,0.0,0.0,0.0
2,1,0.0625,0.90625,0.015625,0.015625,0.0,0.0,0.0,0.0,0.0,0.0,0.0,0.0
2,1,0.0625,0.90625,0.015625,0.015625,0.0,0.0,0.0,0.0,0.0,0.0,0.0,0.0
2,1,0.0625,0.90625,0.015625,0.015625,0.0,0.0,0.0,0.0,0.0,0.0,0.0,0.0
2,1,0.0625,0.90625,0.015625,0.015625,0.0,0.0,0.0,0.0,0.0,0.0,0.0,0.0
2,1,0.0625,0.90625,0.015625,0.015625,0.0,0.0,0.0,0.0,0.0,0.0,0.0,0.0
2,1,0.0625,0.90625,0.015625,0.015625,0.0,0.0,0.0,0.0,0.0,0.0,0.0,0.0
2,1,0.0625,0.90625,0.015625,0.015625,0.0,0.0,0.0,0.0,0.0,0.0,0.0,0.0
2,1,0.046875,0.921875,0.015625,0.015625,0.0,0.0,0.0,0.0,0.0,0.0,0.0,0.0
2,1,0.046875,0.921875,0.015625,0.015625,0.0,0.0,0.0,0.0,0.0,0.0,0.0,0.0
2,1,0.046875,0.921875,0.015625,0.015625,0.0,0.0,0.0,0.0,0.0,0.0,0.0,0.0
2,1,0.046875,0.921875,0.015625,0.015625,0.0,0.0,0.0,0.0,0.0,0.0,0.0,0.0
2,1,0.046875,0.921875,0.015625,0.015625,0.0,0.0,0.0,0.0,0.0,0.0,0.0,0.0
2,1,0.046875,0.921875,0.015625,0.015625,0.0,0.0,0.0,0.0,0.0,0.0,0.0,0.0
2,1,0.046875,0.921875,0.015625,0.015625,0.0,0.0,0.0,0.0,0.0,0.0,0.0,0.0
2,1,0.046875,0.921875,0.015625,0.015625,0.0,0.0,0.0,0.0,0.0,0.0,0.0,0.0
2,1,0.046875,0.921875,0.015625,0.015625,0.0,0.0,0.0,0.0,0.0,0.0,0.0,0.0
2,1,0.046875,0.921875,0.015625,0.015625,0.0,0.0,0.0,0.0,0.0,0.0,0.0,0.0
2,1,0.046875,0.921875,0.015625,0.015625,0.0,0.0,0.0,0.0,0.0,0.0,0.0,0.0
2,1,0.046875,0.921875,0.015625,0.015625,0.0,0.0,0.0,0.0,0.0,0.0,0.0,0.0
2,1,0.046875,0.921875,0.015625,0.015625,0.0,0.0,0.0,0.0,0.0,0.0,0.0,0.0
2,1,0.046875,0.921875,0.015625,0.015625,0.0,0.0,0.0,0.0,0.0,0.0,0.0,0.0
2,1,0.03125,0.9375,0.015625,0.015625,0.0,0.0,0.0,0.0,0.0,0.0,0.0,0.0
2,1,0.03125,0.9375,0.015625,0.015625,0.0,0.0,0.0,0.0,0.0,0.0,0.0,0.0
2,1,0.03125,0.9375,0.015625,0.015625,0.0,0.0,0.0,0.0,0.0,0.0,0.0,0.0
2,1,0.03125,0.9375,0.015625,0.015625,0.0,0.0,0.0,0.0,0.0,0.0,0.0,0.0
2,1,0.03125,0.9375,0.015625,0.015625,0.0,0.0,0.0,0.0,0.0,0.0,0.0,0.0
2,1,0.03125,0.9375,0.015625,0.015625,0.0,0.0,0.0,0.0,0.0,0.0,0.0,0.0
2,1,0.03125,0.9375,0.015625,0.015625,0.0,0.0,0.0,0.0,0.0,0.0,0.0,0.0
2,1,0.03125,0.9375,0.015625,0.015625,0.0,0.0,0.0,0.0,0.0,0.0,0.0,0.0
2,1,0.03125,0.9375,0.015625,0.015625,0.0,0.0,0.0,0.0,0.0,0.0,0.0,0.0
2,1,0.03125,0.9375,0.015625,0.015625,0.0,0.0,0.0,0.0,0.0,0.0,0.0,0.0
2,1,0.03125,0.9375,0.015625,0.015625,0.0,0.0,0.0,0.0,0.0,0.0,0.0,0.0
2,1,0.03125,0.9375,0.015625,0.015625,0.0,0.0,0.0,0.0,0.0,0.0,0.0,0.0
2,1,0.03125,0.9375,0.015625,0.015625,0.0,0.0,0.0,0.0,0.0,0.0,0.0,0.0
2,1,0.03125,0.9375,0.015625,0.015625,0.0,0.0,0.0,0.0,0.0,0.0,0.0,0.0
2,1,0.046875,0.921875,0.015625,0.015625,0.0,0.0,0.0,0.0,0.0,0.0,0.0,0.0
2,1,0.046875,0.921875,0.015625,0.015625,0.0,0.0,0.0,0.0,0.0,0.0,0.0,0.0
2,1,0.046875,0.921875,0.015625,0.015625,0.0,0.0,0.0,0.0,0.0,0.0,0.0,0.0
2,1,0.046875,0.921875,0.015625,0.015625,0.0,0.0,0.0,0.0,0.0,0.0,0.0,0.0
2,1,0.046875,0.921875,0.015625,0.015625,0.0,0.0,0.0,0.0,0.0,0.0,0.0,0.0
2,1,0.046875,0.921875,0.015625,0.015625,0.0,0.0,0.0,0.0,0.0,0.0,0.0,0.0
2,1,0.046875,0.921875,0.015625,0.015625,0.0,0.0,0.0,0.0,0.0,0.0,0.0,0.0
2,1,0.046875,0.921875,0.015625,0.015625,0.0,0.0,0.0,0.0,0.0,0.0,0.0,0.0
2,1,0.046875,0.921875,0.015625,0.015625,0.0,0.0,0.0,0.0,0.0,0.0,0.0,0.0
2,1,0.046875,0.921875,0.015625,0.015625,0.0,0.0,0.0,0.0,0.0,0.0,0.0,0.0
2,1,0.03125,0.921875,0.03125,0.015625,0.0,0.0,0.0,0.0,0.0,0.0,0.0,0.0
2,1,0.03125,0.921875,0.03125,0.015625,0.0,0.0,0.0,0.0,0.0,0.0,0.0,0.0
2,1,0.03125,0.921875,0.03125,0.015625,0.0,0.0,0.0,0.0,0.0,0.0,0.0,0.0
2,1,0.03125,0.921875,0.03125,0.015625,0.0,0.0,0.0,0.0,0.0,0.0,0.0,0.0
2,1,0.015625,0.9375,0.03125,0.015625,0.0,0.0,0.0,0.0,0.0,0.0,0.0,0.0
2,1,0.015625,0.9375,0.03125,0.015625,0.0,0.0,0.0,0.0,0.0,0.0,0.0,0.0
2,1,0.015625,0.9375,0.03125,0.015625,0.0,0.0,0.0,0.0,0.0,0.0,0.0,0.0
2,1,0.015625,0.9375,0.03125,0.015625,0.0,0.0,0.0,0.0,0.0,0.0,0.0,0.0
2,1,0.03125,0.921875,0.03125,0.015625,0.0,0.0,0.0,0.0,0.0,0.0,0.0,0.0
2,1,0.03125,0.921875,0.03125,0.015625,0.0,0.0,0.0,0.0,0.0,0.0,0.0,0.0
2,1,0.03125,0.921875,0.03125,0.015625,0.0,0.0,0.0,0.0,0.0,0.0,0.0,0.0
2,1,0.03125,0.921875,0.03125,0.015625,0.0,0.0,0.0,0.0,0.0,0.0,0.0,0.0
2,1,0.03125,0.921875,0.03125,0.015625,0.0,0.0,0.0,0.0,0.0,0.0,0.0,0.0
2,1,0.03125,0.921875,0.03125,0.015625,0.0,0.0,0.0,0.0,0.0,0.0,0.0,0.0
2,1,0.03125,0.921875,0.03125,0.015625,0.0,0.0,0.0,0.0,0.0,0.0,0.0,0.0
2,1,0.03125,0.921875,0.03125,0.015625,0.0,0.0,0.0,0.0,0.0,0.0,0.0,0.0
2,1,0.03125,0.921875,0.03125,0.015625,0.0,0.0,0.0,0.0,0.0,0.0,0.0,0.0
2,1,0.03125,0.921875,0.03125,0.015625,0.0,0.0,0.0,0.0,0.0,0.0,0.0,0.0
2,1,0.03125,0.921875,0.03125,0.015625,0.0,0.0,0.0,0.0,0.0,0.0,0.0,0.0
2,1,0.03125,0.921875,0.03125,0.015625,0.0,0.0,0.0,0.0,0.0,0.0,0.0,0.0
2,1,0.03125,0.921875,0.03125,0.015625,0.0,0.0,0.0,0.0,0.0,0.0,0.0,0.0
2,1,0.03125,0.921875,0.03125,0.015625,0.0,0.0,0.0,0.0,0.0,0.0,0.0,0.0
2,1,0.03125,0.921875,0.03125,0.015625,0.0,0.0,0.0,0.0,0.0,0.0,0.0,0.0
2,1,0.03125,0.921875,0.03125,0.015625,0.0,0.0,0.0,0.0,0.0,0.0,0.0,0.0
2,1,0.03125,0.921875,0.03125,0.015625,0.0,0.0,0.0,0.0,0.0,0.0,0.0,0.0
2,1,0.03125,0.921875,0.03125,0.015625,0.0,0.0,0.0,0.0,0.0,0.0,0.0,0.0
2,1,0.03125,0.921875,0.03125,0.015625,0.0,0.0,0.0,0.0,0.0,0.0,0.0,0.0
2,1,0.03125,0.921875,0.03125,0.015625,0.0,0.0,0.0,0.0,0.0,0.0,0.0,0.0
2,1,0.03125,0.921875,0.03125,0.015625,0.0,0.0,0.0,0.0,0.0,0.0,0.0,0.0
2,1,0.03125,0.921875,0.03125,0.015625,0.0,0.0,0.0,0.0,0.0,0.0,0.0,0.0
2,1,0.03125,0.921875,0.03125,0.015625,0.0,0.0,0.0,0.0,0.0,0.0,0.0,0.0
2,1,0.03125,0.921875,0.03125,0.015625,0.0,0.0,0.0,0.0,0.0,0.0,0.0,0.0
2,1,0.015625,0.9375,0.03125,0.015625,0.0,0.0,0.0,0.0,0.0,0.0,0.0,0.0
2,1,0.015625,0.9375,0.03125,0.015625,0.0,0.0,0.0,0.0,0.0,0.0,0.0,0.0
2,1,0.015625,0.9375,0.03125,0.015625,0.0,0.0,0.0,0.0,0.0,0.0,0.0,0.0
2,1,0.015625,0.9375,0.03125,0.015625,0.0,0.0,0.0,0.0,0.0,0.0,0.0,0.0
2,1,0.015625,0.9375,0.03125,0.015625,0.0,0.0,0.0,0.0,0.0,0.0,0.0,0.0
2,1,0.015625,0.9375,0.03125,0.015625,0.0,0.0,0.0,0.0,0.0,0.0,0.0,0.0
2,1,0.015625,0.9375,0.03125,0.015625,0.0,0.0,0.0,0.0,0.0,0.0,0.0,0.0
2,1,0.015625,0.9375,0.03125,0.015625,0.0,0.0,0.0,0.0,0.0,0.0,0.0,0.0
2,1,0.015625,0.953125,0.015625,0.015625,0.0,0.0,0.0,0.0,0.0,0.0,0.0,0.0
2,1,0.015625,0.953125,0.015625,0.015625,0.0,0.0,0.0,0.0,0.0,0.0,0.0,0.0
2,1,0.015625,0.953125,0.015625,0.015625,0.0,0.0,0.0,0.0,0.0,0.0,0.0,0.0
2,1,0.015625,0.953125,0.015625,0.015625,0.0,0.0,0.0,0.0,0.0,0.0,0.0,0.0
2,1,0.015625,0.953125,0.015625,0.015625,0.0,0.0,0.0,0.0,0.0,0.0,0.0,0.0
2,1,0.015625,0.953125,0.015625,0.015625,0.0,0.0,0.0,0.0,0.0,0.0,0.0,0.0
2,1,0.015625,0.953125,0.015625,0.015625,0.0,0.0,0.0,0.0,0.0,0.0,0.0,0.0
2,1,0.015625,0.953125,0.015625,0.015625,0.0,0.0,0.0,0.0,0.0,0.0,0.0,0.0
2,1,0.015625,0.953125,0.015625,0.015625,0.0,0.0,0.0,0.0,0.0,0.0,0.0,0.0
2,1,0.015625,0.953125,0.015625,0.015625,0.0,0.0,0.0,0.0,0.0,0.0,0.0,0.0
2,1,0.015625,0.953125,0.015625,0.015625,0.0,0.0,0.0,0.0,0.0,0.0,0.0,0.0
2,1,0.015625,0.953125,0.015625,0.015625,0.0,0.0,0.0,0.0,0.0,0.0,0.0,0.0
2,1,0.015625,0.953125,0.015625,0.015625,0.0,0.0,0.0,0.0,0.0,0.0,0.0,0.0
2,1,0.015625,0.953125,0.015625,0.015625,0.0,0.0,0.0,0.0,0.0,0.0,0.0,0.0
2,1,0.015625,0.953125,0.015625,0.015625,0.0,0.0,0.0,0.0,0.0,0.0,0.0,0.0
2,1,0.015625,0.953125,0.015625,0.015625,0.0,0.0,0.0,0.0,0.0,0.0,0.0,0.0
2,1,0.015625,0.953125,0.015625,0.015625,0.0,0.0,0.0,0.0,0.0,0.0,0.0,0.0
2,1,0.015625,0.953125,0.015625,0.015625,0.0,0.0,0.0,0.0,0.0,0.0,0.0,0.0
2,1,0.015625,0.953125,0.015625,0.015625,0.0,0.0,0.0,0.0,0.0,0.0,0.0,0.0
2,1,0.015625,0.953125,0.015625,0.015625,0.0,0.0,0.0,0.0,0.0,0.0,0.0,0.0
2,1,0.015625,0.953125,0.015625,0.015625,0.0,0.0,0.0,0.0,0.0,0.0,0.0,0.0
2,1,0.015625,0.953125,0.015625,0.015625,0.0,0.0,0.0,0.0,0.0,0.0,0.0,0.0
2,1,0.015625,0.953125,0.015625,0.015625,0.0,0.0,0.0,0.0,0.0,0.0,0.0,0.0
2,1,0.015625,0.953125,0.015625,0.015625,0.0,0.0,0.0,0.0,0.0,0.0,0.0,0.0
2,1,0.015625,0.96875,0.0,0.015625,0.0,0.0,0.0,0.0,0.0,0.0,0.0,0.0
2,1,0.015625,0.96875,0.0,0.015625,0.0,0.0,0.0,0.0,0.0,0.0,0.0,0.0
2,1,0.015625,0.96875,0.0,0.015625,0.0,0.0,0.0,0.0,0.0,0.0,0.0,0.0
2,1,0.015625,0.96875,0.0,0.015625,0.0,0.0,0.0,0.0,0.0,0.0,0.0,0.0
2,1,0.015625,0.96875,0.0,0.015625,0.0,0.0,0.0,0.0,0.0,0.0,0.0,0.0
2,1,0.015625,0.96875,0.0,0.015625,0.0,0.0,0.0,0.0,0.0,0.0,0.0,0.0
2,1,0.015625,0.96875,0.0,0.015625,0.0,0.0,0.0,0.0,0.0,0.0,0.0,0.0
2,1,0.015625,0.96875,0.0,0.015625,0.0,0.0,0.0,0.0,0.0,0.0,0.0,0.0
2,1,0.015625,0.96875,0.0,0.015625,0.0,0.0,0.0,0.0,0.0,0.0,0.0,0.0
2,1,0.015625,0.96875,0.0,0.015625,0.0,0.0,0.0,0.0,0.0,0.0,0.0,0.0
2,1,0.015625,0.96875,0.0,0.015625,0.0,0.0,0.0,0.0,0.0,0.0,0.0,0.0
2,1,0.015625,0.96875,0.0,0.015625,0.0,0.0,0.0,0.0,0.0,0.0,0.0,0.0
2,1,0.015625,0.96875,0.0,0.015625,0.0,0.0,0.0,0.0,0.0,0.0,0.0,0.0
2,1,0.015625,0.96875,0.0,0.015625,0.0,0.0,0.0,0.0,0.0,0.0,0.0,0.0
2,1,0.015625,0.96875,0.0,0.015625,0.0,0.0,0.0,0.0,0.0,0.0,0.0,0.0
2,1,0.015625,0.96875,0.0,0.015625,0.0,0.0,0.0,0.0,0.0,0.0,0.0,0.0
2,1,0.015625,0.96875,0.0,0.015625,0.0,0.0,0.0,0.0,0.0,0.0,0.0,0.0
2,1,0.015625,0.96875,0.0,0.015625,0.0,0.0,0.0,0.0,0.0,0.0,0.0,0.0
2,1,0.015625,0.96875,0.0,0.015625,0.0,0.0,0.0,0.0,0.0,0.0,0.0,0.0
2,1,0.015625,0.96875,0.0,0.015625,0.0,0.0,0.0,0.0,0.0,0.0,0.0,0.0
2,1,0.015625,0.96875,0.0,0.015625,0.0,0.0,0.0,0.0,0.0,0.0,0.0,0.0
2,1,0.015625,0.96875,0.0,0.015625,0.0,0.0,0.0,0.0,0.0,0.0,0.0,0.0
2,1,0.015625,0.96875,0.0,0.015625,0.0,0.0,0.0,0.0,0.0,0.0,0.0,0.0
2,1,0.015625,0.96875,0.0,0.015625,0.0,0.0,0.0,0.0,0.0,0.0,0.0,0.0
2,1,0.015625,0.96875,0.0,0.015625,0.0,0.0,0.0,0.0,0.0,0.0,0.0,0.0
2,1,0.015625,0.96875,0.0,0.015625,0.0,0.0,0.0,0.0,0.0,0.0,0.0,0.0
2,1,0.015625,0.96875,0.0,0.015625,0.0,0.0,0.0,0.0,0.0,0.0,0.0,0.0
2,1,0.015625,0.96875,0.0,0.015625,0.0,0.0,0.0,0.0,0.0,0.0,0.0,0.0
2,1,0.015625,0.96875,0.0,0.015625,0.0,0.0,0.0,0.0,0.0,0.0,0.0,0.0
2,1,0.015625,0.96875,0.0,0.015625,0.0,0.0,0.0,0.0,0.0,0.0,0.0,0.0
2,1,0.015625,0.96875,0.0,0.015625,0.0,0.0,0.0,0.0,0.0,0.0,0.0,0.0
2,1,0.015625,0.96875,0.0,0.015625,0.0,0.0,0.0,0.0,0.0,0.0,0.0,0.0
2,1,0.015625,0.984375,0.0,0.0,0.0,0.0,0.0,0.0,0.0,0.0,0.0,0.0
2,1,0.015625,0.984375,0.0,0.0,0.0,0.0,0.0,0.0,0.0,0.0,0.0,0.0
2,1,0.015625,0.984375,0.0,0.0,0.0,0.0,0.0,0.0,0.0,0.0,0.0,0.0
2,1,0.015625,0.984375,0.0,0.0,0.0,0.0,0.0,0.0,0.0,0.0,0.0,0.0
2,1,0.015625,0.984375,0.0,0.0,0.0,0.0,0.0,0.0,0.0,0.0,0.0,0.0
2,1,0.015625,0.984375,0.0,0.0,0.0,0.0,0.0,0.0,0.0,0.0,0.0,0.0
2,1,0.015625,0.984375,0.0,0.0,0.0,0.0,0.0,0.0,0.0,0.0,0.0,0.0
2,1,0.015625,0.984375,0.0,0.0,0.0,0.0,0.0,0.0,0.0,0.0,0.0,0.0
2,1,0.015625,0.984375,0.0,0.0,0.0,0.0,0.0,0.0,0.0,0.0,0.0,0.0
2,1,0.015625,0.984375,0.0,0.0,0.0,0.0,0.0,0.0,0.0,0.0,0.0,0.0
2,1,0.015625,0.984375,0.0,0.0,0.0,0.0,0.0,0.0,0.0,0.0,0.0,0.0
2,1,0.015625,0.984375,0.0,0.0,0.0,0.0,0.0,0.0,0.0,0.0,0.0,0.0
2,1,0.015625,0.984375,0.0,0.0,0.0,0.0,0.0,0.0,0.0,0.0,0.0,0.0
2,1,0.015625,0.984375,0.0,0.0,0.0,0.0,0.0,0.0,0.0,0.0,0.0,0.0
2,1,0.015625,0.984375,0.0,0.0,0.0,0.0,0.0,0.0,0.0,0.0,0.0,0.0
2,1,0.015625,0.984375,0.0,0.0,0.0,0.0,0.0,0.0,0.0,0.0,0.0,0.0
2,1,0.015625,0.984375,0.0,0.0,0.0,0.0,0.0,0.0,0.0,0.0,0.0,0.0
2,1,0.015625,0.984375,0.0,0.0,0.0,0.0,0.0,0.0,0.0,0.0,0.0,0.0
2,1,0.015625,0.984375,0.0,0.0,0.0,0.0,0.0,0.0,0.0,0.0,0.0,0.0
2,1,0.015625,0.984375,0.0,0.0,0.0,0.0,0.0,0.0,0.0,0.0,0.0,0.0
2,1,0.015625,0.96875,0.015625,0.0,0.0,0.0,0.0,0.0,0.0,0.0,0.0,0.0
2,1,0.015625,0.96875,0.015625,0.0,0.0,0.0,0.0,0.0,0.0,0.0,0.0,0.0
2,1,0.015625,0.96875,0.015625,0.0,0.0,0.0,0.0,0.0,0.0,0.0,0.0,0.0
2,1,0.015625,0.96875,0.015625,0.0,0.0,0.0,0.0,0.0,0.0,0.0,0.0,0.0
2,1,0.015625,0.96875,0.015625,0.0,0.0,0.0,0.0,0.0,0.0,0.0,0.0,0.0
2,1,0.015625,0.96875,0.015625,0.0,0.0,0.0,0.0,0.0,0.0,0.0,0.0,0.0
2,1,0.015625,0.96875,0.015625,0.0,0.0,0.0,0.0,0.0,0.0,0.0,0.0,0.0
2,1,0.015625,0.96875,0.015625,0.0,0.0,0.0,0.0,0.0,0.0,0.0,0.0,0.0
2,1,0.015625,0.96875,0.015625,0.0,0.0,0.0,0.0,0.0,0.0,0.0,0.0,0.0
2,1,0.015625,0.96875,0.015625,0.0,0.0,0.0,0.0,0.0,0.0,0.0,0.0,0.0
2,1,0.015625,0.96875,0.015625,0.0,0.0,0.0,0.0,0.0,0.0,0.0,0.0,0.0
2,1,0.015625,0.96875,0.015625,0.0,0.0,0.0,0.0,0.0,0.0,0.0,0.0,0.0
2,1,0.015625,0.96875,0.015625,0.0,0.0,0.0,0.0,0.0,0.0,0.0,0.0,0.0
2,1,0.015625,0.96875,0.015625,0.0,0.0,0.0,0.0,0.0,0.0,0.0,0.0,0.0
2,1,0.015625,0.96875,0.015625,0.0,0.0,0.0,0.0,0.0,0.0,0.0,0.0,0.0
2,1,0.015625,0.96875,0.015625,0.0,0.0,0.0,0.0,0.0,0.0,0.0,0.0,0.0
2,1,0.015625,0.96875,0.015625,0.0,0.0,0.0,0.0,0.0,0.0,0.0,0.0,0.0
2,1,0.015625,0.96875,0.015625,0.0,0.0,0.0,0.0,0.0,0.0,0.0,0.0,0.0
2,1,0.015625,0.96875,0.015625,0.0,0.0,0.0,0.0,0.0,0.0,0.0,0.0,0.0
2,1,0.015625,0.96875,0.015625,0.0,0.0,0.0,0.0,0.0,0.0,0.0,0.0,0.0
2,1,0.03125,0.953125,0.015625,0.0,0.0,0.0,0.0,0.0,0.0,0.0,0.0,0.0
2,1,0.03125,0.953125,0.015625,0.0,0.0,0.0,0.0,0.0,0.0,0.0,0.0,0.0
2,1,0.03125,0.953125,0.015625,0.0,0.0,0.0,0.0,0.0,0.0,0.0,0.0,0.0
2,1,0.03125,0.953125,0.015625,0.0,0.0,0.0,0.0,0.0,0.0,0.0,0.0,0.0
2,1,0.03125,0.953125,0.015625,0.0,0.0,0.0,0.0,0.0,0.0,0.0,0.0,0.0
2,1,0.03125,0.953125,0.015625,0.0,0.0,0.0,0.0,0.0,0.0,0.0,0.0,0.0
2,1,0.03125,0.953125,0.015625,0.0,0.0,0.0,0.0,0.0,0.0,0.0,0.0,0.0
2,1,0.03125,0.953125,0.015625,0.0,0.0,0.0,0.0,0.0,0.0,0.0,0.0,0.0
2,1,0.015625,0.96875,0.015625,0.0,0.0,0.0,0.0,0.0,0.0,0.0,0.0,0.0
2,1,0.015625,0.96875,0.015625,0.0,0.0,0.0,0.0,0.0,0.0,0.0,0.0,0.0
2,1,0.015625,0.96875,0.015625,0.0,0.0,0.0,0.0,0.0,0.0,0.0,0.0,0.0
2,1,0.015625,0.96875,0.015625,0.0,0.0,0.0,0.0,0.0,0.0,0.0,0.0,0.0
2,1,0.015625,0.96875,0.015625,0.0,0.0,0.0,0.0,0.0,0.0,0.0,0.0,0.0
2,1,0.015625,0.96875,0.015625,0.0,0.0,0.0,0.0,0.0,0.0,0.0,0.0,0.0
2,1,0.015625,0.96875,0.015625,0.0,0.0,0.0,0.0,0.0,0.0,0.0,0.0,0.0
2,1,0.015625,0.96875,0.015625,0.0,0.0,0.0,0.0,0.0,0.0,0.0,0.0,0.0
2,1,0.015625,0.96875,0.015625,0.0,0.0,0.0,0.0,0.0,0.0,0.0,0.0,0.0
2,1,0.015625,0.96875,0.015625,0.0,0.0,0.0,0.0,0.0,0.0,0.0,0.0,0.0
2,1,0.015625,0.96875,0.015625,0.0,0.0,0.0,0.0,0.0,0.0,0.0,0.0,0.0
2,1,0.015625,0.96875,0.015625,0.0,0.0,0.0,0.0,0.0,0.0,0.0,0.0,0.0
2,1,0.015625,0.96875,0.015625,0.0,0.0,0.0,0.0,0.0,0.0,0.0,0.0,0.0
2,1,0.015625,0.96875,0.015625,0.0,0.0,0.0,0.0,0.0,0.0,0.0,0.0,0.0
2,1,0.03125,0.953125,0.015625,0.0,0.0,0.0,0.0,0.0,0.0,0.0,0.0,0.0
2,1,0.03125,0.953125,0.015625,0.0,0.0,0.0,0.0,0.0,0.0,0.0,0.0,0.0
2,1,0.03125,0.953125,0.015625,0.0,0.0,0.0,0.0,0.0,0.0,0.0,0.0,0.0
2,1,0.03125,0.953125,0.015625,0.0,0.0,0.0,0.0,0.0,0.0,0.0,0.0,0.0
2,1,0.03125,0.953125,0.015625,0.0,0.0,0.0,0.0,0.0,0.0,0.0,0.0,0.0
2,1,0.03125,0.953125,0.015625,0.0,0.0,0.0,0.0,0.0,0.0,0.0,0.0,0.0
2,1,0.03125,0.953125,0.015625,0.0,0.0,0.0,0.0,0.0,0.0,0.0,0.0,0.0
2,1,0.03125,0.953125,0.015625,0.0,0.0,0.0,0.0,0.0,0.0,0.0,0.0,0.0
2,1,0.03125,0.953125,0.015625,0.0,0.0,0.0,0.0,0.0,0.0,0.0,0.0,0.0
2,1,0.03125,0.953125,0.015625,0.0,0.0,0.0,0.0,0.0,0.0,0.0,0.0,0.0
2,1,0.03125,0.953125,0.015625,0.0,0.0,0.0,0.0,0.0,0.0,0.0,0.0,0.0
2,1,0.03125,0.953125,0.015625,0.0,0.0,0.0,0.0,0.0,0.0,0.0,0.0,0.0
2,1,0.03125,0.953125,0.015625,0.0,0.0,0.0,0.0,0.0,0.0,0.0,0.0,0.0
2,1,0.03125,0.953125,0.015625,0.0,0.0,0.0,0.0,0.0,0.0,0.0,0.0,0.0
2,1,0.015625,0.96875,0.015625,0.0,0.0,0.0,0.0,0.0,0.0,0.0,0.0,0.0
2,1,0.015625,0.96875,0.015625,0.0,0.0,0.0,0.0,0.0,0.0,0.0,0.0,0.0
2,1,0.015625,0.96875,0.015625,0.0,0.0,0.0,0.0,0.0,0.0,0.0,0.0,0.0
2,1,0.015625,0.96875,0.015625,0.0,0.0,0.0,0.0,0.0,0.0,0.0,0.0,0.0
2,1,0.015625,0.96875,0.015625,0.0,0.0,0.0,0.0,0.0,0.0,0.0,0.0,0.0
2,1,0.015625,0.96875,0.015625,0.0,0.0,0.0,0.0,0.0,0.0,0.0,0.0,0.0
2,1,0.015625,0.96875,0.015625,0.0,0.0,0.0,0.0,0.0,0.0,0.0,0.0,0.0
2,1,0.015625,0.96875,0.015625,0.0,0.0,0.0,0.0,0.0,0.0,0.0,0.0,0.0
2,1,0.015625,0.96875,0.015625,0.0,0.0,0.0,0.0,0.0,0.0,0.0,0.0,0.0
2,1,0.015625,0.96875,0.015625,0.0,0.0,0.0,0.0,0.0,0.0,0.0,0.0,0.0
2,1,0.015625,0.96875,0.015625,0.0,0.0,0.0,0.0,0.0,0.0,0.0,0.0,0.0
2,1,0.015625,0.96875,0.015625,0.0,0.0,0.0,0.0,0.0,0.0,0.0,0.0,0.0
2,1,0.015625,0.96875,0.015625,0.0,0.0,0.0,0.0,0.0,0.0,0.0,0.0,0.0
2,1,0.015625,0.96875,0.015625,0.0,0.0,0.0,0.0,0.0,0.0,0.0,0.0,0.0
2,1,0.015625,0.96875,0.015625,0.0,0.0,0.0,0.0,0.0,0.0,0.0,0.0,0.0
2,1,0.015625,0.96875,0.015625,0.0,0.0,0.0,0.0,0.0,0.0,0.0,0.0,0.0
2,1,0.015625,0.96875,0.015625,0.0,0.0,0.0,0.0,0.0,0.0,0.0,0.0,0.0
2,1,0.015625,0.96875,0.015625,0.0,0.0,0.0,0.0,0.0,0.0,0.0,0.0,0.0
2,1,0.015625,0.96875,0.015625,0.0,0.0,0.0,0.0,0.0,0.0,0.0,0.0,0.0
2,1,0.015625,0.96875,0.015625,0.0,0.0,0.0,0.0,0.0,0.0,0.0,0.0,0.0
2,1,0.015625,0.96875,0.015625,0.0,0.0,0.0,0.0,0.0,0.0,0.0,0.0,0.0
2,1,0.015625,0.96875,0.015625,0.0,0.0,0.0,0.0,0.0,0.0,0.0,0.0,0.0
2,1,0.015625,0.96875,0.015625,0.0,0.0,0.0,0.0,0.0,0.0,0.0,0.0,0.0
2,1,0.015625,0.96875,0.015625,0.0,0.0,0.0,0.0,0.0,0.0,0.0,0.0,0.0
2,1,0.015625,0.96875,0.015625,0.0,0.0,0.0,0.0,0.0,0.0,0.0,0.0,0.0
2,1,0.015625,0.96875,0.015625,0.0,0.0,0.0,0.0,0.0,0.0,0.0,0.0,0.0
2,1,0.015625,0.96875,0.015625,0.0,0.0,0.0,0.0,0.0,0.0,0.0,0.0,0.0
2,1,0.015625,0.96875,0.015625,0.0,0.0,0.0,0.0,0.0,0.0,0.0,0.0,0.0
2,1,0.03125,0.953125,0.015625,0.0,0.0,0.0,0.0,0.0,0.0,0.0,0.0,0.0
2,1,0.03125,0.953125,0.015625,0.0,0.0,0.0,0.0,0.0,0.0,0.0,0.0,0.0
2,1,0.03125,0.953125,0.015625,0.0,0.0,0.0,0.0,0.0,0.0,0.0,0.0,0.0
2,1,0.03125,0.953125,0.015625,0.0,0.0,0.0,0.0,0.0,0.0,0.0,0.0,0.0
2,1,0.03125,0.953125,0.015625,0.0,0.0,0.0,0.0,0.0,0.0,0.0,0.0,0.0
2,1,0.03125,0.953125,0.015625,0.0,0.0,0.0,0.0,0.0,0.0,0.0,0.0,0.0
2,1,0.03125,0.953125,0.015625,0.0,0.0,0.0,0.0,0.0,0.0,0.0,0.0,0.0
2,1,0.03125,0.953125,0.015625,0.0,0.0,0.0,0.0,0.0,0.0,0.0,0.0,0.0
2,1,0.03125,0.953125,0.015625,0.0,0.0,0.0,0.0,0.0,0.0,0.0,0.0,0.0
2,1,0.03125,0.953125,0.015625,0.0,0.0,0.0,0.0,0.0,0.0,0.0,0.0,0.0
2,1,0.03125,0.953125,0.015625,0.0,0.0,0.0,0.0,0.0,0.0,0.0,0.0,0.0
2,1,0.03125,0.953125,0.015625,0.0,0.0,0.0,0.0,0.0,0.0,0.0,0.0,0.0
2,1,0.03125,0.953125,0.015625,0.0,0.0,0.0,0.0,0.0,0.0,0.0,0.0,0.0
2,1,0.03125,0.953125,0.015625,0.0,0.0,0.0,0.0,0.0,0.0,0.0,0.0,0.0
2,1,0.015625,0.96875,0.015625,0.0,0.0,0.0,0.0,0.0,0.0,0.0,0.0,0.0
2,1,0.015625,0.96875,0.015625,0.0,0.0,0.0,0.0,0.0,0.0,0.0,0.0,0.0
2,1,0.015625,0.96875,0.015625,0.0,0.0,0.0,0.0,0.0,0.0,0.0,0.0,0.0
2,1,0.015625,0.96875,0.015625,0.0,0.0,0.0,0.0,0.0,0.0,0.0,0.0,0.0
2,1,0.015625,0.96875,0.015625,0.0,0.0,0.0,0.0,0.0,0.0,0.0,0.0,0.0
2,1,0.015625,0.96875,0.015625,0.0,0.0,0.0,0.0,0.0,0.0,0.0,0.0,0.0
2,1,0.015625,0.96875,0.015625,0.0,0.0,0.0,0.0,0.0,0.0,0.0,0.0,0.0
2,1,0.015625,0.96875,0.015625,0.0,0.0,0.0,0.0,0.0,0.0,0.0,0.0,0.0
2,1,0.015625,0.96875,0.015625,0.0,0.0,0.0,0.0,0.0,0.0,0.0,0.0,0.0
2,1,0.015625,0.96875,0.015625,0.0,0.0,0.0,0.0,0.0,0.0,0.0,0.0,0.0
2,1,0.015625,0.96875,0.015625,0.0,0.0,0.0,0.0,0.0,0.0,0.0,0.0,0.0
2,1,0.015625,0.96875,0.015625,0.0,0.0,0.0,0.0,0.0,0.0,0.0,0.0,0.0
2,1,0.015625,0.96875,0.015625,0.0,0.0,0.0,0.0,0.0,0.0,0.0,0.0,0.0
2,1,0.015625,0.96875,0.015625,0.0,0.0,0.0,0.0,0.0,0.0,0.0,0.0,0.0
2,1,0.015625,0.96875,0.015625,0.0,0.0,0.0,0.0,0.0,0.0,0.0,0.0,0.0
2,1,0.015625,0.96875,0.015625,0.0,0.0,0.0,0.0,0.0,0.0,0.0,0.0,0.0
2,1,0.015625,0.96875,0.015625,0.0,0.0,0.0,0.0,0.0,0.0,0.0,0.0,0.0
2,1,0.015625,0.96875,0.015625,0.0,0.0,0.0,0.0,0.0,0.0,0.0,0.0,0.0
2,1,0.015625,0.96875,0.015625,0.0,0.0,0.0,0.0,0.0,0.0,0.0,0.0,0.0
2,1,0.015625,0.96875,0.015625,0.0,0.0,0.0,0.0,0.0,0.0,0.0,0.0,0.0
2,1,0.015625,0.96875,0.015625,0.0,0.0,0.0,0.0,0.0,0.0,0.0,0.0,0.0
2,1,0.015625,0.96875,0.015625,0.0,0.0,0.0,0.0,0.0,0.0,0.0,0.0,0.0
2,1,0.015625,0.96875,0.015625,0.0,0.0,0.0,0.0,0.0,0.0,0.0,0.0,0.0
2,1,0.015625,0.96875,0.015625,0.0,0.0,0.0,0.0,0.0,0.0,0.0,0.0,0.0
2,1,0.015625,0.96875,0.015625,0.0,0.0,0.0,0.0,0.0,0.0,0.0,0.0,0.0
2,1,0.015625,0.96875,0.015625,0.0,0.0,0.0,0.0,0.0,0.0,0.0,0.0,0.0
2,1,0.015625,0.96875,0.015625,0.0,0.0,0.0,0.0,0.0,0.0,0.0,0.0,0.0
2,1,0.015625,0.96875,0.015625,0.0,0.0,0.0,0.0,0.0,0.0,0.0,0.0,0.0
2,1,0.015625,0.96875,0.015625,0.0,0.0,0.0,0.0,0.0,0.0,0.0,0.0,0.0
2,1,0.015625,0.96875,0.015625,0.0,0.0,0.0,0.0,0.0,0.0,0.0,0.0,0.0
2,1,0.015625,0.96875,0.015625,0.0,0.0,0.0,0.0,0.0,0.0,0.0,0.0,0.0
2,1,0.015625,0.96875,0.015625,0.0,0.0,0.0,0.0,0.0,0.0,0.0,0.0,0.0
2,1,0.015625,0.96875,0.015625,0.0,0.0,0.0,0.0,0.0,0.0,0.0,0.0,0.0
2,1,0.015625,0.96875,0.015625,0.0,0.0,0.0,0.0,0.0,0.0,0.0,0.0,0.0
2,1,0.015625,0.96875,0.015625,0.0,0.0,0.0,0.0,0.0,0.0,0.0,0.0,0.0
2,1,0.015625,0.96875,0.015625,0.0,0.0,0.0,0.0,0.0,0.0,0.0,0.0,0.0
2,1,0.015625,0.96875,0.015625,0.0,0.0,0.0,0.0,0.0,0.0,0.0,0.0,0.0
2,1,0.015625,0.96875,0.015625,0.0,0.0,0.0,0.0,0.0,0.0,0.0,0.0,0.0
2,1,0.015625,0.96875,0.015625,0.0,0.0,0.0,0.0,0.0,0.0,0.0,0.0,0.0
2,1,0.015625,0.96875,0.015625,0.0,0.0,0.0,0.0,0.0,0.0,0.0,0.0,0.0
2,1,0.015625,0.96875,0.015625,0.0,0.0,0.0,0.0,0.0,0.0,0.0,0.0,0.0
2,1,0.015625,0.96875,0.015625,0.0,0.0,0.0,0.0,0.0,0.0,0.0,0.0,0.0
2,1,0.015625,0.984375,0.0,0.0,0.0,0.0,0.0,0.0,0.0,0.0,0.0,0.0
2,1,0.015625,0.984375,0.0,0.0,0.0,0.0,0.0,0.0,0.0,0.0,0.0,0.0
2,1,0.015625,0.984375,0.0,0.0,0.0,0.0,0.0,0.0,0.0,0.0,0.0,0.0
2,1,0.015625,0.984375,0.0,0.0,0.0,0.0,0.0,0.0,0.0,0.0,0.0,0.0
2,1,0.015625,0.984375,0.0,0.0,0.0,0.0,0.0,0.0,0.0,0.0,0.0,0.0
2,1,0.015625,0.984375,0.0,0.0,0.0,0.0,0.0,0.0,0.0,0.0,0.0,0.0
2,1,0.015625,0.984375,0.0,0.0,0.0,0.0,0.0,0.0,0.0,0.0,0.0,0.0
2,1,0.015625,0.984375,0.0,0.0,0.0,0.0,0.0,0.0,0.0,0.0,0.0,0.0
2,1,0.015625,0.984375,0.0,0.0,0.0,0.0,0.0,0.0,0.0,0.0,0.0,0.0
2,1,0.015625,0.984375,0.0,0.0,0.0,0.0,0.0,0.0,0.0,0.0,0.0,0.0
2,1,0.015625,0.984375,0.0,0.0,0.0,0.0,0.0,0.0,0.0,0.0,0.0,0.0
2,1,0.015625,0.984375,0.0,0.0,0.0,0.0,0.0,0.0,0.0,0.0,0.0,0.0
2,1,0.015625,0.984375,0.0,0.0,0.0,0.0,0.0,0.0,0.0,0.0,0.0,0.0
2,1,0.015625,0.984375,0.0,0.0,0.0,0.0,0.0,0.0,0.0,0.0,0.0,0.0
2,1,0.015625,0.984375,0.0,0.0,0.0,0.0,0.0,0.0,0.0,0.0,0.0,0.0
2,1,0.015625,0.984375,0.0,0.0,0.0,0.0,0.0,0.0,0.0,0.0,0.0,0.0
2,1,0.015625,0.984375,0.0,0.0,0.0,0.0,0.0,0.0,0.0,0.0,0.0,0.0
2,1,0.015625,0.984375,0.0,0.0,0.0,0.0,0.0,0.0,0.0,0.0,0.0,0.0
2,1,0.015625,0.984375,0.0,0.0,0.0,0.0,0.0,0.0,0.0,0.0,0.0,0.0
2,1,0.015625,0.984375,0.0,0.0,0.0,0.0,0.0,0.0,0.0,0.0,0.0,0.0
2,1,0.015625,0.984375,0.0,0.0,0.0,0.0,0.0,0.0,0.0,0.0,0.0,0.0
2,1,0.015625,0.984375,0.0,0.0,0.0,0.0,0.0,0.0,0.0,0.0,0.0,0.0
2,1,0.015625,0.984375,0.0,0.0,0.0,0.0,0.0,0.0,0.0,0.0,0.0,0.0
2,1,0.015625,0.984375,0.0,0.0,0.0,0.0,0.0,0.0,0.0,0.0,0.0,0.0
2,1,0.015625,0.984375,0.0,0.0,0.0,0.0,0.0,0.0,0.0,0.0,0.0,0.0
2,1,0.015625,0.984375,0.0,0.0,0.0,0.0,0.0,0.0,0.0,0.0,0.0,0.0
2,1,0.015625,0.984375,0.0,0.0,0.0,0.0,0.0,0.0,0.0,0.0,0.0,0.0
2,1,0.015625,0.984375,0.0,0.0,0.0,0.0,0.0,0.0,0.0,0.0,0.0,0.0
2,1,0.015625,0.984375,0.0,0.0,0.0,0.0,0.0,0.0,0.0,0.0,0.0,0.0
2,1,0.015625,0.984375,0.0,0.0,0.0,0.0,0.0,0.0,0.0,0.0,0.0,0.0
2,1,0.015625,0.984375,0.0,0.0,0.0,0.0,0.0,0.0,0.0,0.0,0.0,0.0
2,1,0.015625,0.984375,0.0,0.0,0.0,0.0,0.0,0.0,0.0,0.0,0.0,0.0
2,1,0.015625,0.984375,0.0,0.0,0.0,0.0,0.0,0.0,0.0,0.0,0.0,0.0
2,1,0.015625,0.984375,0.0,0.0,0.0,0.0,0.0,0.0,0.0,0.0,0.0,0.0
2,1,0.015625,0.984375,0.0,0.0,0.0,0.0,0.0,0.0,0.0,0.0,0.0,0.0
2,1,0.015625,0.984375,0.0,0.0,0.0,0.0,0.0,0.0,0.0,0.0,0.0,0.0
2,1,0.015625,0.984375,0.0,0.0,0.0,0.0,0.0,0.0,0.0,0.0,0.0,0.0
2,1,0.015625,0.984375,0.0,0.0,0.0,0.0,0.0,0.0,0.0,0.0,0.0,0.0
2,1,0.015625,0.984375,0.0,0.0,0.0,0.0,0.0,0.0,0.0,0.0,0.0,0.0
2,1,0.015625,0.984375,0.0,0.0,0.0,0.0,0.0,0.0,0.0,0.0,0.0,0.0
2,1,0.015625,0.984375,0.0,0.0,0.0,0.0,0.0,0.0,0.0,0.0,0.0,0.0
2,1,0.015625,0.984375,0.0,0.0,0.0,0.0,0.0,0.0,0.0,0.0,0.0,0.0
2,1,0.015625,0.984375,0.0,0.0,0.0,0.0,0.0,0.0,0.0,0.0,0.0,0.0
2,1,0.015625,0.984375,0.0,0.0,0.0,0.0,0.0,0.0,0.0,0.0,0.0,0.0
2,1,0.015625,0.984375,0.0,0.0,0.0,0.0,0.0,0.0,0.0,0.0,0.0,0.0
2,1,0.015625,0.984375,0.0,0.0,0.0,0.0,0.0,0.0,0.0,0.0,0.0,0.0
2,1,0.015625,0.984375,0.0,0.0,0.0,0.0,0.0,0.0,0.0,0.0,0.0,0.0
2,1,0.015625,0.984375,0.0,0.0,0.0,0.0,0.0,0.0,0.0,0.0,0.0,0.0
2,1,0.015625,0.984375,0.0,0.0,0.0,0.0,0.0,0.0,0.0,0.0,0.0,0.0
2,1,0.015625,0.984375,0.0,0.0,0.0,0.0,0.0,0.0,0.0,0.0,0.0,0.0
2,1,0.015625,0.984375,0.0,0.0,0.0,0.0,0.0,0.0,0.0,0.0,0.0,0.0
2,1,0.015625,0.984375,0.0,0.0,0.0,0.0,0.0,0.0,0.0,0.0,0.0,0.0
2,1,0.015625,0.984375,0.0,0.0,0.0,0.0,0.0,0.0,0.0,0.0,0.0,0.0
2,1,0.015625,0.984375,0.0,0.0,0.0,0.0,0.0,0.0,0.0,0.0,0.0,0.0
2,1,0.015625,0.984375,0.0,0.0,0.0,0.0,0.0,0.0,0.0,0.0,0.0,0.0
2,1,0.015625,0.984375,0.0,0.0,0.0,0.0,0.0,0.0,0.0,0.0,0.0,0.0
2,1,0.015625,0.984375,0.0,0.0,0.0,0.0,0.0,0.0,0.0,0.0,0.0,0.0
2,1,0.015625,0.984375,0.0,0.0,0.0,0.0,0.0,0.0,0.0,0.0,0.0,0.0
2,1,0.015625,0.984375,0.0,0.0,0.0,0.0,0.0,0.0,0.0,0.0,0.0,0.0
2,1,0.015625,0.984375,0.0,0.0,0.0,0.0,0.0,0.0,0.0,0.0,0.0,0.0
2,1,0.015625,0.984375,0.0,0.0,0.0,0.0,0.0,0.0,0.0,0.0,0.0,0.0
2,1,0.015625,0.984375,0.0,0.0,0.0,0.0,0.0,0.0,0.0,0.0,0.0,0.0
2,1,0.015625,0.984375,0.0,0.0,0.0,0.0,0.0,0.0,0.0,0.0,0.0,0.0
2,1,0.015625,0.984375,0.0,0.0,0.0,0.0,0.0,0.0,0.0,0.0,0.0,0.0
2,1,0.046875,0.953125,0.0,0.0,0.0,0.0,0.0,0.0,0.0,0.0,0.0,0.0
2,1,0.046875,0.953125,0.0,0.0,0.0,0.0,0.0,0.0,0.0,0.0,0.0,0.0
2,1,0.046875,0.953125,0.0,0.0,0.0,0.0,0.0,0.0,0.0,0.0,0.0,0.0
2,1,0.046875,0.953125,0.0,0.0,0.0,0.0,0.0,0.0,0.0,0.0,0.0,0.0
2,1,0.046875,0.9375,0.015625,0.0,0.0,0.0,0.0,0.0,0.0,0.0,0.0,0.0
2,1,0.046875,0.9375,0.015625,0.0,0.0,0.0,0.0,0.0,0.0,0.0,0.0,0.0
2,1,0.0625,0.921875,0.015625,0.0,0.0,0.0,0.0,0.0,0.0,0.0,0.0,0.0
2,1,0.0625,0.921875,0.015625,0.0,0.0,0.0,0.0,0.0,0.0,0.0,0.0,0.0
2,1,0.0625,0.921875,0.015625,0.0,0.0,0.0,0.0,0.0,0.0,0.0,0.0,0.0
2,1,0.0625,0.921875,0.015625,0.0,0.0,0.0,0.0,0.0,0.0,0.0,0.0,0.0
2,1,0.0625,0.921875,0.015625,0.0,0.0,0.0,0.0,0.0,0.0,0.0,0.0,0.0
2,1,0.0625,0.921875,0.015625,0.0,0.0,0.0,0.0,0.0,0.0,0.0,0.0,0.0
2,1,0.0625,0.921875,0.015625,0.0,0.0,0.0,0.0,0.0,0.0,0.0,0.0,0.0
2,1,0.0625,0.921875,0.015625,0.0,0.0,0.0,0.0,0.0,0.0,0.0,0.0,0.0
2,1,0.0625,0.921875,0.015625,0.0,0.0,0.0,0.0,0.0,0.0,0.0,0.0,0.0
2,1,0.0625,0.921875,0.015625,0.0,0.0,0.0,0.0,0.0,0.0,0.0,0.0,0.0
2,1,0.0625,0.921875,0.015625,0.0,0.0,0.0,0.0,0.0,0.0,0.0,0.0,0.0
2,1,0.0625,0.921875,0.015625,0.0,0.0,0.0,0.0,0.0,0.0,0.0,0.0,0.0
2,1,0.0625,0.921875,0.015625,0.0,0.0,0.0,0.0,0.0,0.0,0.0,0.0,0.0
2,1,0.0625,0.921875,0.015625,0.0,0.0,0.0,0.0,0.0,0.0,0.0,0.0,0.0
2,1,0.046875,0.9375,0.015625,0.0,0.0,0.0,0.0,0.0,0.0,0.0,0.0,0.0
2,1,0.046875,0.9375,0.015625,0.0,0.0,0.0,0.0,0.0,0.0,0.0,0.0,0.0
2,1,0.046875,0.9375,0.015625,0.0,0.0,0.0,0.0,0.0,0.0,0.0,0.0,0.0
2,1,0.046875,0.9375,0.015625,0.0,0.0,0.0,0.0,0.0,0.0,0.0,0.0,0.0
2,1,0.046875,0.9375,0.015625,0.0,0.0,0.0,0.0,0.0,0.0,0.0,0.0,0.0
2,1,0.046875,0.9375,0.015625,0.0,0.0,0.0,0.0,0.0,0.0,0.0,0.0,0.0
2,1,0.046875,0.9375,0.015625,0.0,0.0,0.0,0.0,0.0,0.0,0.0,0.0,0.0
2,1,0.046875,0.9375,0.015625,0.0,0.0,0.0,0.0,0.0,0.0,0.0,0.0,0.0
2,1,0.046875,0.9375,0.015625,0.0,0.0,0.0,0.0,0.0,0.0,0.0,0.0,0.0
2,1,0.046875,0.9375,0.015625,0.0,0.0,0.0,0.0,0.0,0.0,0.0,0.0,0.0
2,1,0.046875,0.9375,0.015625,0.0,0.0,0.0,0.0,0.0,0.0,0.0,0.0,0.0
2,1,0.046875,0.9375,0.015625,0.0,0.0,0.0,0.0,0.0,0.0,0.0,0.0,0.0
2,1,0.046875,0.9375,0.015625,0.0,0.0,0.0,0.0,0.0,0.0,0.0,0.0,0.0
2,1,0.046875,0.9375,0.015625,0.0,0.0,0.0,0.0,0.0,0.0,0.0,0.0,0.0
2,1,0.046875,0.9375,0.015625,0.0,0.0,0.0,0.0,0.0,0.0,0.0,0.0,0.0
2,1,0.046875,0.9375,0.015625,0.0,0.0,0.0,0.0,0.0,0.0,0.0,0.0,0.0
2,1,0.046875,0.9375,0.015625,0.0,0.0,0.0,0.0,0.0,0.0,0.0,0.0,0.0
2,1,0.046875,0.9375,0.015625,0.0,0.0,0.0,0.0,0.0,0.0,0.0,0.0,0.0
2,1,0.046875,0.9375,0.015625,0.0,0.0,0.0,0.0,0.0,0.0,0.0,0.0,0.0
2,1,0.046875,0.9375,0.015625,0.0,0.0,0.0,0.0,0.0,0.0,0.0,0.0,0.0
2,1,0.046875,0.9375,0.015625,0.0,0.0,0.0,0.0,0.0,0.0,0.0,0.0,0.0
2,1,0.046875,0.9375,0.015625,0.0,0.0,0.0,0.0,0.0,0.0,0.0,0.0,0.0
2,1,0.046875,0.9375,0.015625,0.0,0.0,0.0,0.0,0.0,0.0,0.0,0.0,0.0
2,1,0.046875,0.9375,0.015625,0.0,0.0,0.0,0.0,0.0,0.0,0.0,0.0,0.0
2,1,0.046875,0.9375,0.015625,0.0,0.0,0.0,0.0,0.0,0.0,0.0,0.0,0.0
2,1,0.046875,0.9375,0.015625,0.0,0.0,0.0,0.0,0.0,0.0,0.0,0.0,0.0
2,1,0.046875,0.9375,0.015625,0.0,0.0,0.0,0.0,0.0,0.0,0.0,0.0,0.0
2,1,0.046875,0.9375,0.015625,0.0,0.0,0.0,0.0,0.0,0.0,0.0,0.0,0.0
2,1,0.0625,0.921875,0.015625,0.0,0.0,0.0,0.0,0.0,0.0,0.0,0.0,0.0
2,1,0.0625,0.921875,0.015625,0.0,0.0,0.0,0.0,0.0,0.0,0.0,0.0,0.0
2,1,0.0625,0.921875,0.015625,0.0,0.0,0.0,0.0,0.0,0.0,0.0,0.0,0.0
2,1,0.0625,0.921875,0.015625,0.0,0.0,0.0,0.0,0.0,0.0,0.0,0.0,0.0
2,1,0.0625,0.921875,0.015625,0.0,0.0,0.0,0.0,0.0,0.0,0.0,0.0,0.0
2,1,0.0625,0.921875,0.015625,0.0,0.0,0.0,0.0,0.0,0.0,0.0,0.0,0.0
2,1,0.0625,0.921875,0.015625,0.0,0.0,0.0,0.0,0.0,0.0,0.0,0.0,0.0
2,1,0.0625,0.921875,0.015625,0.0,0.0,0.0,0.0,0.0,0.0,0.0,0.0,0.0
2,1,0.0625,0.921875,0.015625,0.0,0.0,0.0,0.0,0.0,0.0,0.0,0.0,0.0
2,1,0.0625,0.921875,0.015625,0.0,0.0,0.0,0.0,0.0,0.0,0.0,0.0,0.0
2,1,0.0625,0.921875,0.015625,0.0,0.0,0.0,0.0,0.0,0.0,0.0,0.0,0.0
2,1,0.0625,0.921875,0.015625,0.0,0.0,0.0,0.0,0.0,0.0,0.0,0.0,0.0
2,1,0.0625,0.921875,0.015625,0.0,0.0,0.0,0.0,0.0,0.0,0.0,0.0,0.0
2,1,0.0625,0.921875,0.015625,0.0,0.0,0.0,0.0,0.0,0.0,0.0,0.0,0.0
2,1,0.046875,0.9375,0.015625,0.0,0.0,0.0,0.0,0.0,0.0,0.0,0.0,0.0
2,1,0.046875,0.9375,0.015625,0.0,0.0,0.0,0.0,0.0,0.0,0.0,0.0,0.0
2,1,0.046875,0.9375,0.015625,0.0,0.0,0.0,0.0,0.0,0.0,0.0,0.0,0.0
2,1,0.046875,0.9375,0.015625,0.0,0.0,0.0,0.0,0.0,0.0,0.0,0.0,0.0
2,1,0.046875,0.9375,0.015625,0.0,0.0,0.0,0.0,0.0,0.0,0.0,0.0,0.0
2,1,0.046875,0.9375,0.015625,0.0,0.0,0.0,0.0,0.0,0.0,0.0,0.0,0.0
2,1,0.046875,0.9375,0.015625,0.0,0.0,0.0,0.0,0.0,0.0,0.0,0.0,0.0
2,1,0.046875,0.9375,0.015625,0.0,0.0,0.0,0.0,0.0,0.0,0.0,0.0,0.0
2,1,0.046875,0.9375,0.015625,0.0,0.0,0.0,0.0,0.0,0.0,0.0,0.0,0.0
2,1,0.046875,0.9375,0.015625,0.0,0.0,0.0,0.0,0.0,0.0,0.0,0.0,0.0
2,1,0.046875,0.9375,0.015625,0.0,0.0,0.0,0.0,0.0,0.0,0.0,0.0,0.0
2,1,0.046875,0.9375,0.015625,0.0,0.0,0.0,0.0,0.0,0.0,0.0,0.0,0.0
2,1,0.046875,0.9375,0.015625,0.0,0.0,0.0,0.0,0.0,0.0,0.0,0.0,0.0
2,1,0.046875,0.9375,0.015625,0.0,0.0,0.0,0.0,0.0,0.0,0.0,0.0,0.0
2,1,0.046875,0.9375,0.015625,0.0,0.0,0.0,0.0,0.0,0.0,0.0,0.0,0.0
2,1,0.046875,0.9375,0.015625,0.0,0.0,0.0,0.0,0.0,0.0,0.0,0.0,0.0
2,1,0.046875,0.9375,0.015625,0.0,0.0,0.0,0.0,0.0,0.0,0.0,0.0,0.0
2,1,0.046875,0.9375,0.015625,0.0,0.0,0.0,0.0,0.0,0.0,0.0,0.0,0.0
2,1,0.046875,0.9375,0.015625,0.0,0.0,0.0,0.0,0.0,0.0,0.0,0.0,0.0
2,1,0.046875,0.9375,0.015625,0.0,0.0,0.0,0.0,0.0,0.0,0.0,0.0,0.0
2,1,0.046875,0.9375,0.015625,0.0,0.0,0.0,0.0,0.0,0.0,0.0,0.0,0.0
2,1,0.046875,0.9375,0.015625,0.0,0.0,0.0,0.0,0.0,0.0,0.0,0.0,0.0
2,1,0.046875,0.9375,0.015625,0.0,0.0,0.0,0.0,0.0,0.0,0.0,0.0,0.0
2,1,0.046875,0.9375,0.015625,0.0,0.0,0.0,0.0,0.0,0.0,0.0,0.0,0.0
2,1,0.046875,0.9375,0.015625,0.0,0.0,0.0,0.0,0.0,0.0,0.0,0.0,0.0
2,1,0.046875,0.9375,0.015625,0.0,0.0,0.0,0.0,0.0,0.0,0.0,0.0,0.0
2,1,0.046875,0.9375,0.015625,0.0,0.0,0.0,0.0,0.0,0.0,0.0,0.0,0.0
2,1,0.046875,0.9375,0.015625,0.0,0.0,0.0,0.0,0.0,0.0,0.0,0.0,0.0
2,1,0.046875,0.9375,0.015625,0.0,0.0,0.0,0.0,0.0,0.0,0.0,0.0,0.0
2,1,0.046875,0.9375,0.015625,0.0,0.0,0.0,0.0,0.0,0.0,0.0,0.0,0.0
2,1,0.046875,0.9375,0.015625,0.0,0.0,0.0,0.0,0.0,0.0,0.0,0.0,0.0
2,1,0.046875,0.9375,0.015625,0.0,0.0,0.0,0.0,0.0,0.0,0.0,0.0,0.0
2,1,0.046875,0.9375,0.015625,0.0,0.0,0.0,0.0,0.0,0.0,0.0,0.0,0.0
2,1,0.046875,0.9375,0.015625,0.0,0.0,0.0,0.0,0.0,0.0,0.0,0.0,0.0
2,1,0.0625,0.90625,0.03125,0.0,0.0,0.0,0.0,0.0,0.0,0.0,0.0,0.0
2,1,0.0625,0.90625,0.03125,0.0,0.0,0.0,0.0,0.0,0.0,0.0,0.0,0.0
2,1,0.0625,0.90625,0.03125,0.0,0.0,0.0,0.0,0.0,0.0,0.0,0.0,0.0
2,1,0.0625,0.90625,0.03125,0.0,0.0,0.0,0.0,0.0,0.0,0.0,0.0,0.0
2,1,0.0625,0.90625,0.03125,0.0,0.0,0.0,0.0,0.0,0.0,0.0,0.0,0.0
2,1,0.0625,0.90625,0.03125,0.0,0.0,0.0,0.0,0.0,0.0,0.0,0.0,0.0
2,1,0.0625,0.90625,0.03125,0.0,0.0,0.0,0.0,0.0,0.0,0.0,0.0,0.0
2,1,0.0625,0.90625,0.03125,0.0,0.0,0.0,0.0,0.0,0.0,0.0,0.0,0.0
2,1,0.0625,0.90625,0.03125,0.0,0.0,0.0,0.0,0.0,0.0,0.0,0.0,0.0
2,1,0.0625,0.90625,0.03125,0.0,0.0,0.0,0.0,0.0,0.0,0.0,0.0,0.0
2,1,0.0625,0.90625,0.03125,0.0,0.0,0.0,0.0,0.0,0.0,0.0,0.0,0.0
2,1,0.0625,0.90625,0.03125,0.0,0.0,0.0,0.0,0.0,0.0,0.0,0.0,0.0
2,1,0.0625,0.90625,0.03125,0.0,0.0,0.0,0.0,0.0,0.0,0.0,0.0,0.0
2,1,0.0625,0.90625,0.03125,0.0,0.0,0.0,0.0,0.0,0.0,0.0,0.0,0.0
2,1,0.0625,0.90625,0.03125,0.0,0.0,0.0,0.0,0.0,0.0,0.0,0.0,0.0
2,1,0.0625,0.90625,0.03125,0.0,0.0,0.0,0.0,0.0,0.0,0.0,0.0,0.0
2,1,0.0625,0.90625,0.03125,0.0,0.0,0.0,0.0,0.0,0.0,0.0,0.0,0.0
2,1,0.0625,0.90625,0.03125,0.0,0.0,0.0,0.0,0.0,0.0,0.0,0.0,0.0
2,1,0.0625,0.90625,0.03125,0.0,0.0,0.0,0.0,0.0,0.0,0.0,0.0,0.0
2,1,0.0625,0.90625,0.03125,0.0,0.0,0.0,0.0,0.0,0.0,0.0,0.0,0.0
2,1,0.0625,0.921875,0.015625,0.0,0.0,0.0,0.0,0.0,0.0,0.0,0.0,0.0
2,1,0.0625,0.921875,0.015625,0.0,0.0,0.0,0.0,0.0,0.0,0.0,0.0,0.0
2,1,0.0625,0.921875,0.015625,0.0,0.0,0.0,0.0,0.0,0.0,0.0,0.0,0.0
2,1,0.0625,0.921875,0.015625,0.0,0.0,0.0,0.0,0.0,0.0,0.0,0.0,0.0
2,1,0.0625,0.921875,0.015625,0.0,0.0,0.0,0.0,0.0,0.0,0.0,0.0,0.0
2,1,0.0625,0.921875,0.015625,0.0,0.0,0.0,0.0,0.0,0.0,0.0,0.0,0.0
2,1,0.0625,0.921875,0.015625,0.0,0.0,0.0,0.0,0.0,0.0,0.0,0.0,0.0
2,1,0.0625,0.921875,0.015625,0.0,0.0,0.0,0.0,0.0,0.0,0.0,0.0,0.0
2,1,0.0625,0.921875,0.015625,0.0,0.0,0.0,0.0,0.0,0.0,0.0,0.0,0.0
2,1,0.0625,0.921875,0.015625,0.0,0.0,0.0,0.0,0.0,0.0,0.0,0.0,0.0
2,1,0.0625,0.921875,0.015625,0.0,0.0,0.0,0.0,0.0,0.0,0.0,0.0,0.0
2,1,0.0625,0.921875,0.015625,0.0,0.0,0.0,0.0,0.0,0.0,0.0,0.0,0.0
2,1,0.0625,0.921875,0.015625,0.0,0.0,0.0,0.0,0.0,0.0,0.0,0.0,0.0
2,1,0.0625,0.921875,0.015625,0.0,0.0,0.0,0.0,0.0,0.0,0.0,0.0,0.0
2,1,0.0625,0.921875,0.015625,0.0,0.0,0.0,0.0,0.0,0.0,0.0,0.0,0.0
2,1,0.0625,0.921875,0.015625,0.0,0.0,0.0,0.0,0.0,0.0,0.0,0.0,0.0
2,1,0.078125,0.90625,0.015625,0.0,0.0,0.0,0.0,0.0,0.0,0.0,0.0,0.0
2,1,0.078125,0.90625,0.015625,0.0,0.0,0.0,0.0,0.0,0.0,0.0,0.0,0.0
2,1,0.078125,0.90625,0.015625,0.0,0.0,0.0,0.0,0.0,0.0,0.0,0.0,0.0
2,1,0.078125,0.90625,0.015625,0.0,0.0,0.0,0.0,0.0,0.0,0.0,0.0,0.0
2,1,0.078125,0.921875,0.0,0.0,0.0,0.0,0.0,0.0,0.0,0.0,0.0,0.0
2,1,0.078125,0.921875,0.0,0.0,0.0,0.0,0.0,0.0,0.0,0.0,0.0,0.0
2,1,0.078125,0.921875,0.0,0.0,0.0,0.0,0.0,0.0,0.0,0.0,0.0,0.0
2,1,0.078125,0.921875,0.0,0.0,0.0,0.0,0.0,0.0,0.0,0.0,0.0,0.0
2,1,0.078125,0.921875,0.0,0.0,0.0,0.0,0.0,0.0,0.0,0.0,0.0,0.0
2,1,0.078125,0.921875,0.0,0.0,0.0,0.0,0.0,0.0,0.0,0.0,0.0,0.0
2,1,0.078125,0.921875,0.0,0.0,0.0,0.0,0.0,0.0,0.0,0.0,0.0,0.0
2,1,0.078125,0.921875,0.0,0.0,0.0,0.0,0.0,0.0,0.0,0.0,0.0,0.0
2,1,0.078125,0.921875,0.0,0.0,0.0,0.0,0.0,0.0,0.0,0.0,0.0,0.0
2,1,0.078125,0.921875,0.0,0.0,0.0,0.0,0.0,0.0,0.0,0.0,0.0,0.0
2,1,0.078125,0.921875,0.0,0.0,0.0,0.0,0.0,0.0,0.0,0.0,0.0,0.0
2,1,0.078125,0.921875,0.0,0.0,0.0,0.0,0.0,0.0,0.0,0.0,0.0,0.0
2,1,0.078125,0.921875,0.0,0.0,0.0,0.0,0.0,0.0,0.0,0.0,0.0,0.0
2,1,0.078125,0.921875,0.0,0.0,0.0,0.0,0.0,0.0,0.0,0.0,0.0,0.0
2,1,0.078125,0.921875,0.0,0.0,0.0,0.0,0.0,0.0,0.0,0.0,0.0,0.0
2,1,0.078125,0.921875,0.0,0.0,0.0,0.0,0.0,0.0,0.0,0.0,0.0,0.0
2,1,0.078125,0.921875,0.0,0.0,0.0,0.0,0.0,0.0,0.0,0.0,0.0,0.0
2,1,0.078125,0.921875,0.0,0.0,0.0,0.0,0.0,0.0,0.0,0.0,0.0,0.0
2,1,0.078125,0.921875,0.0,0.0,0.0,0.0,0.0,0.0,0.0,0.0,0.0,0.0
2,1,0.078125,0.921875,0.0,0.0,0.0,0.0,0.0,0.0,0.0,0.0,0.0,0.0
2,1,0.078125,0.90625,0.015625,0.0,0.0,0.0,0.0,0.0,0.0,0.0,0.0,0.0
2,1,0.078125,0.90625,0.015625,0.0,0.0,0.0,0.0,0.0,0.0,0.0,0.0,0.0
2,1,0.09375,0.890625,0.015625,0.0,0.0,0.0,0.0,0.0,0.0,0.0,0.0,0.0
2,1,0.09375,0.890625,0.015625,0.0,0.0,0.0,0.0,0.0,0.0,0.0,0.0,0.0
2,1,0.109375,0.875,0.015625,0.0,0.0,0.0,0.0,0.0,0.0,0.0,0.0,0.0
2,1,0.109375,0.875,0.015625,0.0,0.0,0.0,0.0,0.0,0.0,0.0,0.0,0.0
2,1,0.109375,0.875,0.015625,0.0,0.0,0.0,0.0,0.0,0.0,0.0,0.0,0.0
2,1,0.109375,0.875,0.015625,0.0,0.0,0.0,0.0,0.0,0.0,0.0,0.0,0.0
2,1,0.109375,0.875,0.015625,0.0,0.0,0.0,0.0,0.0,0.0,0.0,0.0,0.0
2,1,0.109375,0.875,0.015625,0.0,0.0,0.0,0.0,0.0,0.0,0.0,0.0,0.0
2,1,0.109375,0.875,0.015625,0.0,0.0,0.0,0.0,0.0,0.0,0.0,0.0,0.0
2,1,0.109375,0.875,0.015625,0.0,0.0,0.0,0.0,0.0,0.0,0.0,0.0,0.0
2,1,0.109375,0.875,0.015625,0.0,0.0,0.0,0.0,0.0,0.0,0.0,0.0,0.0
2,1,0.109375,0.875,0.015625,0.0,0.0,0.0,0.0,0.0,0.0,0.0,0.0,0.0
2,1,0.109375,0.875,0.015625,0.0,0.0,0.0,0.0,0.0,0.0,0.0,0.0,0.0
2,1,0.109375,0.875,0.015625,0.0,0.0,0.0,0.0,0.0,0.0,0.0,0.0,0.0
2,1,0.109375,0.875,0.015625,0.0,0.0,0.0,0.0,0.0,0.0,0.0,0.0,0.0
2,1,0.109375,0.875,0.015625,0.0,0.0,0.0,0.0,0.0,0.0,0.0,0.0,0.0
2,1,0.109375,0.875,0.015625,0.0,0.0,0.0,0.0,0.0,0.0,0.0,0.0,0.0
2,1,0.109375,0.875,0.015625,0.0,0.0,0.0,0.0,0.0,0.0,0.0,0.0,0.0
2,1,0.09375,0.90625,0.0,0.0,0.0,0.0,0.0,0.0,0.0,0.0,0.0,0.0
2,1,0.09375,0.90625,0.0,0.0,0.0,0.0,0.0,0.0,0.0,0.0,0.0,0.0
2,1,0.09375,0.90625,0.0,0.0,0.0,0.0,0.0,0.0,0.0,0.0,0.0,0.0
2,1,0.09375,0.90625,0.0,0.0,0.0,0.0,0.0,0.0,0.0,0.0,0.0,0.0
2,1,0.09375,0.90625,0.0,0.0,0.0,0.0,0.0,0.0,0.0,0.0,0.0,0.0
2,1,0.09375,0.90625,0.0,0.0,0.0,0.0,0.0,0.0,0.0,0.0,0.0,0.0
2,1,0.09375,0.90625,0.0,0.0,0.0,0.0,0.0,0.0,0.0,0.0,0.0,0.0
2,1,0.09375,0.90625,0.0,0.0,0.0,0.0,0.0,0.0,0.0,0.0,0.0,0.0
2,1,0.09375,0.90625,0.0,0.0,0.0,0.0,0.0,0.0,0.0,0.0,0.0,0.0
2,1,0.09375,0.90625,0.0,0.0,0.0,0.0,0.0,0.0,0.0,0.0,0.0,0.0
2,1,0.09375,0.90625,0.0,0.0,0.0,0.0,0.0,0.0,0.0,0.0,0.0,0.0
2,1,0.09375,0.90625,0.0,0.0,0.0,0.0,0.0,0.0,0.0,0.0,0.0,0.0
2,1,0.09375,0.90625,0.0,0.0,0.0,0.0,0.0,0.0,0.0,0.0,0.0,0.0
2,1,0.09375,0.90625,0.0,0.0,0.0,0.0,0.0,0.0,0.0,0.0,0.0,0.0
2,1,0.09375,0.890625,0.015625,0.0,0.0,0.0,0.0,0.0,0.0,0.0,0.0,0.0
2,1,0.09375,0.890625,0.015625,0.0,0.0,0.0,0.0,0.0,0.0,0.0,0.0,0.0
2,1,0.09375,0.890625,0.015625,0.0,0.0,0.0,0.0,0.0,0.0,0.0,0.0,0.0
2,1,0.09375,0.890625,0.015625,0.0,0.0,0.0,0.0,0.0,0.0,0.0,0.0,0.0
2,1,0.09375,0.890625,0.015625,0.0,0.0,0.0,0.0,0.0,0.0,0.0,0.0,0.0
2,1,0.09375,0.890625,0.015625,0.0,0.0,0.0,0.0,0.0,0.0,0.0,0.0,0.0
2,1,0.09375,0.890625,0.015625,0.0,0.0,0.0,0.0,0.0,0.0,0.0,0.0,0.0
2,1,0.09375,0.890625,0.015625,0.0,0.0,0.0,0.0,0.0,0.0,0.0,0.0,0.0
2,1,0.09375,0.890625,0.015625,0.0,0.0,0.0,0.0,0.0,0.0,0.0,0.0,0.0
2,1,0.09375,0.890625,0.015625,0.0,0.0,0.0,0.0,0.0,0.0,0.0,0.0,0.0
2,1,0.09375,0.890625,0.015625,0.0,0.0,0.0,0.0,0.0,0.0,0.0,0.0,0.0
2,1,0.09375,0.890625,0.015625,0.0,0.0,0.0,0.0,0.0,0.0,0.0,0.0,0.0
2,1,0.09375,0.890625,0.015625,0.0,0.0,0.0,0.0,0.0,0.0,0.0,0.0,0.0
2,1,0.09375,0.890625,0.015625,0.0,0.0,0.0,0.0,0.0,0.0,0.0,0.0,0.0
2,1,0.09375,0.890625,0.015625,0.0,0.0,0.0,0.0,0.0,0.0,0.0,0.0,0.0
2,1,0.09375,0.890625,0.015625,0.0,0.0,0.0,0.0,0.0,0.0,0.0,0.0,0.0
2,1,0.09375,0.890625,0.015625,0.0,0.0,0.0,0.0,0.0,0.0,0.0,0.0,0.0
2,1,0.09375,0.890625,0.015625,0.0,0.0,0.0,0.0,0.0,0.0,0.0,0.0,0.0
2,1,0.09375,0.890625,0.015625,0.0,0.0,0.0,0.0,0.0,0.0,0.0,0.0,0.0
2,1,0.09375,0.890625,0.015625,0.0,0.0,0.0,0.0,0.0,0.0,0.0,0.0,0.0
2,1,0.09375,0.890625,0.015625,0.0,0.0,0.0,0.0,0.0,0.0,0.0,0.0,0.0
2,1,0.09375,0.890625,0.015625,0.0,0.0,0.0,0.0,0.0,0.0,0.0,0.0,0.0
2,1,0.09375,0.890625,0.015625,0.0,0.0,0.0,0.0,0.0,0.0,0.0,0.0,0.0
2,1,0.09375,0.890625,0.015625,0.0,0.0,0.0,0.0,0.0,0.0,0.0,0.0,0.0
2,1,0.09375,0.890625,0.015625,0.0,0.0,0.0,0.0,0.0,0.0,0.0,0.0,0.0
2,1,0.09375,0.890625,0.015625,0.0,0.0,0.0,0.0,0.0,0.0,0.0,0.0,0.0
2,1,0.09375,0.890625,0.015625,0.0,0.0,0.0,0.0,0.0,0.0,0.0,0.0,0.0
2,1,0.09375,0.890625,0.015625,0.0,0.0,0.0,0.0,0.0,0.0,0.0,0.0,0.0
2,1,0.09375,0.890625,0.015625,0.0,0.0,0.0,0.0,0.0,0.0,0.0,0.0,0.0
2,1,0.09375,0.890625,0.015625,0.0,0.0,0.0,0.0,0.0,0.0,0.0,0.0,0.0
2,1,0.09375,0.890625,0.015625,0.0,0.0,0.0,0.0,0.0,0.0,0.0,0.0,0.0
2,1,0.09375,0.890625,0.015625,0.0,0.0,0.0,0.0,0.0,0.0,0.0,0.0,0.0
2,1,0.09375,0.890625,0.015625,0.0,0.0,0.0,0.0,0.0,0.0,0.0,0.0,0.0
2,1,0.09375,0.890625,0.015625,0.0,0.0,0.0,0.0,0.0,0.0,0.0,0.0,0.0
2,1,0.09375,0.890625,0.015625,0.0,0.0,0.0,0.0,0.0,0.0,0.0,0.0,0.0
2,1,0.09375,0.890625,0.015625,0.0,0.0,0.0,0.0,0.0,0.0,0.0,0.0,0.0
2,1,0.09375,0.890625,0.015625,0.0,0.0,0.0,0.0,0.0,0.0,0.0,0.0,0.0
2,1,0.09375,0.890625,0.015625,0.0,0.0,0.0,0.0,0.0,0.0,0.0,0.0,0.0
2,1,0.09375,0.890625,0.015625,0.0,0.0,0.0,0.0,0.0,0.0,0.0,0.0,0.0
2,1,0.09375,0.890625,0.015625,0.0,0.0,0.0,0.0,0.0,0.0,0.0,0.0,0.0
2,1,0.09375,0.890625,0.015625,0.0,0.0,0.0,0.0,0.0,0.0,0.0,0.0,0.0
2,1,0.09375,0.890625,0.015625,0.0,0.0,0.0,0.0,0.0,0.0,0.0,0.0,0.0
2,1,0.09375,0.890625,0.015625,0.0,0.0,0.0,0.0,0.0,0.0,0.0,0.0,0.0
2,1,0.09375,0.890625,0.015625,0.0,0.0,0.0,0.0,0.0,0.0,0.0,0.0,0.0
2,1,0.09375,0.890625,0.015625,0.0,0.0,0.0,0.0,0.0,0.0,0.0,0.0,0.0
2,1,0.09375,0.890625,0.015625,0.0,0.0,0.0,0.0,0.0,0.0,0.0,0.0,0.0
2,1,0.09375,0.890625,0.015625,0.0,0.0,0.0,0.0,0.0,0.0,0.0,0.0,0.0
2,1,0.09375,0.890625,0.015625,0.0,0.0,0.0,0.0,0.0,0.0,0.0,0.0,0.0
2,1,0.09375,0.890625,0.015625,0.0,0.0,0.0,0.0,0.0,0.0,0.0,0.0,0.0
2,1,0.09375,0.890625,0.015625,0.0,0.0,0.0,0.0,0.0,0.0,0.0,0.0,0.0
2,1,0.09375,0.890625,0.015625,0.0,0.0,0.0,0.0,0.0,0.0,0.0,0.0,0.0
2,1,0.09375,0.890625,0.015625,0.0,0.0,0.0,0.0,0.0,0.0,0.0,0.0,0.0
2,1,0.09375,0.890625,0.015625,0.0,0.0,0.0,0.0,0.0,0.0,0.0,0.0,0.0
2,1,0.09375,0.890625,0.015625,0.0,0.0,0.0,0.0,0.0,0.0,0.0,0.0,0.0
2,1,0.09375,0.890625,0.015625,0.0,0.0,0.0,0.0,0.0,0.0,0.0,0.0,0.0
2,1,0.09375,0.890625,0.015625,0.0,0.0,0.0,0.0,0.0,0.0,0.0,0.0,0.0
2,1,0.09375,0.890625,0.015625,0.0,0.0,0.0,0.0,0.0,0.0,0.0,0.0,0.0
2,1,0.09375,0.890625,0.015625,0.0,0.0,0.0,0.0,0.0,0.0,0.0,0.0,0.0
2,1,0.109375,0.875,0.015625,0.0,0.0,0.0,0.0,0.0,0.0,0.0,0.0,0.0
2,1,0.109375,0.875,0.015625,0.0,0.0,0.0,0.0,0.0,0.0,0.0,0.0,0.0
2,1,0.109375,0.875,0.015625,0.0,0.0,0.0,0.0,0.0,0.0,0.0,0.0,0.0
2,1,0.109375,0.875,0.015625,0.0,0.0,0.0,0.0,0.0,0.0,0.0,0.0,0.0
2,1,0.109375,0.875,0.015625,0.0,0.0,0.0,0.0,0.0,0.0,0.0,0.0,0.0
2,1,0.109375,0.875,0.015625,0.0,0.0,0.0,0.0,0.0,0.0,0.0,0.0,0.0
2,1,0.109375,0.875,0.015625,0.0,0.0,0.0,0.0,0.0,0.0,0.0,0.0,0.0
2,1,0.109375,0.875,0.015625,0.0,0.0,0.0,0.0,0.0,0.0,0.0,0.0,0.0
2,1,0.109375,0.875,0.015625,0.0,0.0,0.0,0.0,0.0,0.0,0.0,0.0,0.0
2,1,0.109375,0.875,0.015625,0.0,0.0,0.0,0.0,0.0,0.0,0.0,0.0,0.0
2,1,0.109375,0.875,0.015625,0.0,0.0,0.0,0.0,0.0,0.0,0.0,0.0,0.0
2,1,0.109375,0.875,0.015625,0.0,0.0,0.0,0.0,0.0,0.0,0.0,0.0,0.0
2,1,0.109375,0.875,0.015625,0.0,0.0,0.0,0.0,0.0,0.0,0.0,0.0,0.0
2,1,0.109375,0.875,0.015625,0.0,0.0,0.0,0.0,0.0,0.0,0.0,0.0,0.0
2,1,0.109375,0.875,0.015625,0.0,0.0,0.0,0.0,0.0,0.0,0.0,0.0,0.0
2,1,0.109375,0.875,0.015625,0.0,0.0,0.0,0.0,0.0,0.0,0.0,0.0,0.0
2,1,0.109375,0.875,0.015625,0.0,0.0,0.0,0.0,0.0,0.0,0.0,0.0,0.0
2,1,0.109375,0.875,0.015625,0.0,0.0,0.0,0.0,0.0,0.0,0.0,0.0,0.0
2,1,0.109375,0.875,0.015625,0.0,0.0,0.0,0.0,0.0,0.0,0.0,0.0,0.0
2,1,0.109375,0.875,0.015625,0.0,0.0,0.0,0.0,0.0,0.0,0.0,0.0,0.0
2,1,0.109375,0.875,0.015625,0.0,0.0,0.0,0.0,0.0,0.0,0.0,0.0,0.0
2,1,0.109375,0.875,0.015625,0.0,0.0,0.0,0.0,0.0,0.0,0.0,0.0,0.0
2,1,0.109375,0.875,0.015625,0.0,0.0,0.0,0.0,0.0,0.0,0.0,0.0,0.0
2,1,0.109375,0.875,0.015625,0.0,0.0,0.0,0.0,0.0,0.0,0.0,0.0,0.0
2,1,0.109375,0.875,0.015625,0.0,0.0,0.0,0.0,0.0,0.0,0.0,0.0,0.0
2,1,0.109375,0.859375,0.015625,0.0,0.0,0.0,0.0,0.015625,0.0,0.0,0.0,0.0
2,1,0.109375,0.859375,0.015625,0.0,0.0,0.0,0.0,0.015625,0.0,0.0,0.0,0.0
2,1,0.109375,0.859375,0.015625,0.0,0.0,0.0,0.0,0.015625,0.0,0.0,0.0,0.0
2,1,0.109375,0.859375,0.015625,0.0,0.0,0.0,0.0,0.015625,0.0,0.0,0.0,0.0
2,1,0.109375,0.859375,0.015625,0.0,0.0,0.0,0.0,0.015625,0.0,0.0,0.0,0.0
2,1,0.109375,0.859375,0.015625,0.0,0.0,0.0,0.0,0.015625,0.0,0.0,0.0,0.0
2,1,0.109375,0.859375,0.015625,0.0,0.0,0.0,0.0,0.015625,0.0,0.0,0.0,0.0
2,1,0.109375,0.859375,0.015625,0.0,0.0,0.0,0.0,0.015625,0.0,0.0,0.0,0.0
2,1,0.109375,0.859375,0.015625,0.0,0.0,0.0,0.0,0.015625,0.0,0.0,0.0,0.0
2,1,0.109375,0.859375,0.015625,0.0,0.0,0.0,0.0,0.015625,0.0,0.0,0.0,0.0
2,1,0.109375,0.859375,0.015625,0.0,0.0,0.0,0.0,0.015625,0.0,0.0,0.0,0.0
2,1,0.109375,0.859375,0.015625,0.0,0.0,0.0,0.0,0.015625,0.0,0.0,0.0,0.0
2,1,0.109375,0.859375,0.015625,0.0,0.0,0.0,0.0,0.015625,0.0,0.0,0.0,0.0
2,1,0.109375,0.859375,0.015625,0.0,0.0,0.0,0.0,0.015625,0.0,0.0,0.0,0.0
2,1,0.109375,0.859375,0.015625,0.0,0.0,0.0,0.0,0.015625,0.0,0.0,0.0,0.0
2,1,0.109375,0.859375,0.015625,0.0,0.0,0.0,0.0,0.015625,0.0,0.0,0.0,0.0
2,1,0.109375,0.859375,0.015625,0.0,0.0,0.0,0.0,0.015625,0.0,0.0,0.0,0.0
2,1,0.109375,0.859375,0.015625,0.0,0.0,0.0,0.0,0.015625,0.0,0.0,0.0,0.0
2,1,0.109375,0.859375,0.015625,0.0,0.0,0.0,0.0,0.015625,0.0,0.0,0.0,0.0
2,1,0.109375,0.859375,0.015625,0.0,0.0,0.0,0.0,0.015625,0.0,0.0,0.0,0.0
2,1,0.109375,0.859375,0.015625,0.0,0.0,0.0,0.0,0.015625,0.0,0.0,0.0,0.0
2,1,0.109375,0.859375,0.015625,0.0,0.0,0.0,0.0,0.015625,0.0,0.0,0.0,0.0
2,1,0.109375,0.859375,0.015625,0.0,0.0,0.0,0.0,0.015625,0.0,0.0,0.0,0.0
2,1,0.109375,0.859375,0.015625,0.0,0.0,0.0,0.0,0.015625,0.0,0.0,0.0,0.0
2,1,0.109375,0.859375,0.015625,0.0,0.0,0.0,0.0,0.015625,0.0,0.0,0.0,0.0
2,1,0.109375,0.859375,0.015625,0.0,0.0,0.0,0.0,0.015625,0.0,0.0,0.0,0.0
2,1,0.109375,0.859375,0.015625,0.0,0.0,0.0,0.0,0.015625,0.0,0.0,0.0,0.0
2,1,0.109375,0.859375,0.015625,0.0,0.0,0.0,0.0,0.015625,0.0,0.0,0.0,0.0
2,1,0.109375,0.859375,0.015625,0.0,0.0,0.0,0.0,0.015625,0.0,0.0,0.0,0.0
2,1,0.09375,0.875,0.015625,0.0,0.0,0.0,0.0,0.015625,0.0,0.0,0.0,0.0
2,1,0.09375,0.875,0.015625,0.0,0.0,0.0,0.0,0.015625,0.0,0.0,0.0,0.0
2,1,0.09375,0.875,0.015625,0.0,0.0,0.0,0.0,0.015625,0.0,0.0,0.0,0.0
2,1,0.09375,0.875,0.015625,0.0,0.0,0.0,0.0,0.015625,0.0,0.0,0.0,0.0
2,1,0.09375,0.875,0.015625,0.0,0.0,0.0,0.0,0.015625,0.0,0.0,0.0,0.0
2,1,0.09375,0.875,0.015625,0.0,0.0,0.0,0.0,0.015625,0.0,0.0,0.0,0.0
2,1,0.09375,0.875,0.015625,0.0,0.0,0.0,0.0,0.015625,0.0,0.0,0.0,0.0
2,1,0.09375,0.875,0.015625,0.0,0.0,0.0,0.0,0.015625,0.0,0.0,0.0,0.0
2,1,0.09375,0.875,0.015625,0.0,0.0,0.0,0.0,0.015625,0.0,0.0,0.0,0.0
2,1,0.09375,0.875,0.015625,0.0,0.0,0.0,0.0,0.015625,0.0,0.0,0.0,0.0
2,1,0.09375,0.859375,0.03125,0.0,0.0,0.0,0.0,0.015625,0.0,0.0,0.0,0.0
2,1,0.09375,0.859375,0.03125,0.0,0.0,0.0,0.0,0.015625,0.0,0.0,0.0,0.0
2,1,0.09375,0.859375,0.03125,0.0,0.0,0.0,0.0,0.015625,0.0,0.0,0.0,0.0
2,1,0.09375,0.859375,0.03125,0.0,0.0,0.0,0.0,0.015625,0.0,0.0,0.0,0.0
2,1,0.09375,0.859375,0.03125,0.0,0.0,0.0,0.0,0.015625,0.0,0.0,0.0,0.0
2,1,0.09375,0.859375,0.03125,0.0,0.0,0.0,0.0,0.015625,0.0,0.0,0.0,0.0
2,1,0.09375,0.859375,0.03125,0.0,0.0,0.0,0.0,0.015625,0.0,0.0,0.0,0.0
2,1,0.09375,0.859375,0.03125,0.0,0.0,0.0,0.0,0.015625,0.0,0.0,0.0,0.0
2,1,0.15625,0.796875,0.03125,0.0,0.0,0.0,0.0,0.015625,0.0,0.0,0.0,0.0
2,1,0.15625,0.796875,0.03125,0.0,0.0,0.0,0.0,0.015625,0.0,0.0,0.0,0.0
2,1,0.15625,0.796875,0.03125,0.0,0.0,0.0,0.0,0.015625,0.0,0.0,0.0,0.0
2,1,0.15625,0.796875,0.03125,0.0,0.0,0.0,0.0,0.015625,0.0,0.0,0.0,0.0
2,1,0.15625,0.796875,0.03125,0.0,0.0,0.0,0.0,0.015625,0.0,0.0,0.0,0.0
2,1,0.15625,0.796875,0.03125,0.0,0.0,0.0,0.0,0.015625,0.0,0.0,0.0,0.0
2,1,0.15625,0.796875,0.03125,0.0,0.0,0.0,0.0,0.015625,0.0,0.0,0.0,0.0
2,1,0.15625,0.796875,0.03125,0.0,0.0,0.0,0.0,0.015625,0.0,0.0,0.0,0.0
2,1,0.1875,0.765625,0.03125,0.0,0.0,0.0,0.0,0.015625,0.0,0.0,0.0,0.0
2,1,0.1875,0.765625,0.03125,0.0,0.0,0.0,0.0,0.015625,0.0,0.0,0.0,0.0
2,1,0.1875,0.765625,0.03125,0.0,0.0,0.0,0.0,0.015625,0.0,0.0,0.0,0.0
2,1,0.1875,0.765625,0.03125,0.0,0.0,0.0,0.0,0.015625,0.0,0.0,0.0,0.0
2,1,0.1875,0.765625,0.03125,0.0,0.0,0.0,0.0,0.015625,0.0,0.0,0.0,0.0
2,1,0.1875,0.765625,0.03125,0.0,0.0,0.0,0.0,0.015625,0.0,0.0,0.0,0.0
2,1,0.1875,0.765625,0.03125,0.0,0.0,0.0,0.0,0.015625,0.0,0.0,0.0,0.0
2,1,0.203125,0.765625,0.015625,0.0,0.0,0.0,0.0,0.015625,0.0,0.0,0.0,0.0
2,1,0.21875,0.71875,0.046875,0.0,0.0,0.0,0.0,0.015625,0.0,0.0,0.0,0.0
2,1,0.21875,0.71875,0.046875,0.0,0.0,0.0,0.0,0.015625,0.0,0.0,0.0,0.0
2,1,0.21875,0.71875,0.046875,0.0,0.0,0.0,0.0,0.015625,0.0,0.0,0.0,0.0
2,1,0.21875,0.71875,0.046875,0.0,0.0,0.0,0.0,0.015625,0.0,0.0,0.0,0.0
2,1,0.21875,0.71875,0.046875,0.0,0.0,0.0,0.0,0.015625,0.0,0.0,0.0,0.0
2,1,0.21875,0.71875,0.046875,0.0,0.0,0.0,0.0,0.015625,0.0,0.0,0.0,0.0
2,1,0.21875,0.71875,0.046875,0.0,0.0,0.0,0.0,0.015625,0.0,0.0,0.0,0.0
2,1,0.21875,0.71875,0.046875,0.0,0.0,0.0,0.0,0.015625,0.0,0.0,0.0,0.0
2,1,0.21875,0.71875,0.046875,0.0,0.0,0.0,0.0,0.015625,0.0,0.0,0.0,0.0
2,1,0.21875,0.71875,0.046875,0.0,0.0,0.0,0.0,0.015625,0.0,0.0,0.0,0.0
2,1,0.21875,0.71875,0.046875,0.0,0.0,0.0,0.0,0.015625,0.0,0.0,0.0,0.0
2,1,0.21875,0.71875,0.046875,0.0,0.0,0.0,0.0,0.015625,0.0,0.0,0.0,0.0
2,1,0.21875,0.71875,0.046875,0.0,0.0,0.0,0.0,0.015625,0.0,0.0,0.0,0.0
2,1,0.21875,0.71875,0.046875,0.0,0.0,0.0,0.0,0.015625,0.0,0.0,0.0,0.0
2,1,0.21875,0.71875,0.046875,0.0,0.0,0.0,0.0,0.015625,0.0,0.0,0.0,0.0
2,1,0.21875,0.71875,0.046875,0.0,0.0,0.0,0.0,0.015625,0.0,0.0,0.0,0.0
2,1,0.21875,0.71875,0.046875,0.0,0.0,0.0,0.0,0.015625,0.0,0.0,0.0,0.0
2,1,0.21875,0.71875,0.046875,0.0,0.0,0.0,0.0,0.015625,0.0,0.0,0.0,0.0
2,1,0.21875,0.71875,0.046875,0.0,0.0,0.0,0.0,0.015625,0.0,0.0,0.0,0.0
2,1,0.21875,0.71875,0.046875,0.0,0.0,0.0,0.0,0.015625,0.0,0.0,0.0,0.0
2,1,0.28125,0.671875,0.03125,0.0,0.0,0.0,0.0,0.015625,0.0,0.0,0.0,0.0
2,1,0.28125,0.671875,0.03125,0.0,0.0,0.0,0.0,0.015625,0.0,0.0,0.0,0.0
2,1,0.28125,0.671875,0.03125,0.0,0.0,0.0,0.0,0.015625,0.0,0.0,0.0,0.0
2,1,0.28125,0.671875,0.03125,0.0,0.0,0.0,0.0,0.015625,0.0,0.0,0.0,0.0
2,1,0.28125,0.671875,0.03125,0.0,0.0,0.0,0.0,0.015625,0.0,0.0,0.0,0.0
2,1,0.28125,0.671875,0.03125,0.0,0.0,0.0,0.0,0.015625,0.0,0.0,0.0,0.0
2,1,0.28125,0.671875,0.03125,0.0,0.0,0.0,0.0,0.015625,0.0,0.0,0.0,0.0
2,1,0.28125,0.671875,0.03125,0.0,0.0,0.0,0.0,0.015625,0.0,0.0,0.0,0.0
2,1,0.28125,0.671875,0.03125,0.0,0.0,0.0,0.0,0.015625,0.0,0.0,0.0,0.0
2,1,0.28125,0.671875,0.03125,0.0,0.0,0.0,0.0,0.015625,0.0,0.0,0.0,0.0
2,1,0.28125,0.671875,0.03125,0.0,0.0,0.0,0.0,0.015625,0.0,0.0,0.0,0.0
2,1,0.28125,0.671875,0.03125,0.0,0.0,0.0,0.0,0.015625,0.0,0.0,0.0,0.0
2,1,0.296875,0.65625,0.03125,0.0,0.0,0.0,0.0,0.015625,0.0,0.0,0.0,0.0
2,1,0.296875,0.65625,0.03125,0.0,0.0,0.0,0.0,0.015625,0.0,0.0,0.0,0.0
2,1,0.296875,0.65625,0.03125,0.0,0.0,0.0,0.0,0.015625,0.0,0.0,0.0,0.0
2,1,0.296875,0.65625,0.03125,0.0,0.0,0.0,0.0,0.015625,0.0,0.0,0.0,0.0
2,1,0.296875,0.65625,0.03125,0.0,0.0,0.0,0.0,0.015625,0.0,0.0,0.0,0.0
2,1,0.3125,0.640625,0.03125,0.0,0.0,0.0,0.0,0.015625,0.0,0.0,0.0,0.0
2,1,0.296875,0.65625,0.03125,0.0,0.0,0.0,0.0,0.015625,0.0,0.0,0.0,0.0
2,1,0.296875,0.65625,0.03125,0.0,0.0,0.0,0.0,0.015625,0.0,0.0,0.0,0.0
2,1,0.3125,0.640625,0.03125,0.0,0.0,0.0,0.0,0.015625,0.0,0.0,0.0,0.0
2,1,0.3125,0.640625,0.03125,0.0,0.0,0.0,0.0,0.015625,0.0,0.0,0.0,0.0
2,1,0.3125,0.640625,0.03125,0.0,0.0,0.0,0.0,0.015625,0.0,0.0,0.0,0.0
2,1,0.3125,0.640625,0.03125,0.0,0.0,0.0,0.0,0.015625,0.0,0.0,0.0,0.0
2,1,0.328125,0.625,0.03125,0.0,0.0,0.0,0.0,0.015625,0.0,0.0,0.0,0.0
2,1,0.328125,0.625,0.03125,0.0,0.0,0.0,0.0,0.015625,0.0,0.0,0.0,0.0
2,1,0.328125,0.625,0.03125,0.0,0.0,0.0,0.0,0.015625,0.0,0.0,0.0,0.0
2,1,0.328125,0.625,0.03125,0.0,0.0,0.0,0.0,0.015625,0.0,0.0,0.0,0.0
2,1,0.375,0.578125,0.03125,0.0,0.0,0.0,0.0,0.015625,0.0,0.0,0.0,0.0
2,1,0.375,0.578125,0.03125,0.0,0.0,0.0,0.0,0.015625,0.0,0.0,0.0,0.0
2,1,0.375,0.578125,0.03125,0.0,0.0,0.0,0.0,0.015625,0.0,0.0,0.0,0.0
2,1,0.375,0.578125,0.03125,0.0,0.0,0.0,0.0,0.015625,0.0,0.0,0.0,0.0
2,1,0.375,0.578125,0.03125,0.0,0.0,0.0,0.0,0.015625,0.0,0.0,0.0,0.0
2,1,0.390625,0.578125,0.03125,0.0,0.0,0.0,0.0,0.0,0.0,0.0,0.0,0.0
2,1,0.390625,0.578125,0.03125,0.0,0.0,0.0,0.0,0.0,0.0,0.0,0.0,0.0
2,1,0.40625,0.5625,0.03125,0.0,0.0,0.0,0.0,0.0,0.0,0.0,0.0,0.0
2,1,0.41269842,0.5555556,0.031746034,0.0,0.0,0.0,0.0,0.0,0.0,0.0,0.0,0.0
2,1,0.41269842,0.5555556,0.031746034,0.0,0.0,0.0,0.0,0.0,0.0,0.0,0.0,0.0
2,1,0.41269842,0.5555556,0.031746034,0.0,0.0,0.0,0.0,0.0,0.0,0.0,0.0,0.0
2,1,0.41269842,0.5555556,0.031746034,0.0,0.0,0.0,0.0,0.0,0.0,0.0,0.0,0.0
2,1,0.41269842,0.5555556,0.031746034,0.0,0.0,0.0,0.0,0.0,0.0,0.0,0.0,0.0
2,1,0.41269842,0.5555556,0.031746034,0.0,0.0,0.0,0.0,0.0,0.0,0.0,0.0,0.0
2,1,0.41269842,0.5555556,0.031746034,0.0,0.0,0.0,0.0,0.0,0.0,0.0,0.0,0.0
2,1,0.41269842,0.5555556,0.031746034,0.0,0.0,0.0,0.0,0.0,0.0,0.0,0.0,0.0
2,1,0.41269842,0.5555556,0.031746034,0.0,0.0,0.0,0.0,0.0,0.0,0.0,0.0,0.0
2,1,0.41269842,0.5555556,0.031746034,0.0,0.0,0.0,0.0,0.0,0.0,0.0,0.0,0.0
2,1,0.41269842,0.5555556,0.031746034,0.0,0.0,0.0,0.0,0.0,0.0,0.0,0.0,0.0
2,1,0.42857143,0.53968257,0.031746034,0.0,0.0,0.0,0.0,0.0,0.0,0.0,0.0,0.0
2,1,0.44444445,0.52380955,0.031746034,0.0,0.0,0.0,0.0,0.0,0.0,0.0,0.0,0.0
2,1,0.44444445,0.52380955,0.031746034,0.0,0.0,0.0,0.0,0.0,0.0,0.0,0.0,0.0
2,1,0.44444445,0.52380955,0.031746034,0.0,0.0,0.0,0.0,0.0,0.0,0.0,0.0,0.0
2,1,0.44444445,0.52380955,0.031746034,0.0,0.0,0.0,0.0,0.0,0.0,0.0,0.0,0.0
2,1,0.44444445,0.52380955,0.031746034,0.0,0.0,0.0,0.0,0.0,0.0,0.0,0.0,0.0
2,1,0.44444445,0.52380955,0.031746034,0.0,0.0,0.0,0.0,0.0,0.0,0.0,0.0,0.0
2,1,0.46031746,0.50793654,0.031746034,0.0,0.0,0.0,0.0,0.0,0.0,0.0,0.0,0.0
2,1,0.46031746,0.50793654,0.031746034,0.0,0.0,0.0,0.0,0.0,0.0,0.0,0.0,0.0
2,1,0.46031746,0.50793654,0.031746034,0.0,0.0,0.0,0.0,0.0,0.0,0.0,0.0,0.0
2,1,0.46031746,0.50793654,0.031746034,0.0,0.0,0.0,0.0,0.0,0.0,0.0,0.0,0.0
2,1,0.46031746,0.50793654,0.031746034,0.0,0.0,0.0,0.0,0.0,0.0,0.0,0.0,0.0
2,1,0.46031746,0.50793654,0.031746034,0.0,0.0,0.0,0.0,0.0,0.0,0.0,0.0,0.0
2,0,0.52380955,0.46031746,0.015873017,0.0,0.0,0.0,0.0,0.0,0.0,0.0,0.0,0.0
2,0,0.52380955,0.46031746,0.015873017,0.0,0.0,0.0,0.0,0.0,0.0,0.0,0.0,0.0
2,0,0.52380955,0.46031746,0.015873017,0.0,0.0,0.0,0.0,0.0,0.0,0.0,0.0,0.0
2,0,0.52380955,0.46031746,0.015873017,0.0,0.0,0.0,0.0,0.0,0.0,0.0,0.0,0.0
2,0,0.52380955,0.46031746,0.015873017,0.0,0.0,0.0,0.0,0.0,0.0,0.0,0.0,0.0
2,0,0.52380955,0.46031746,0.015873017,0.0,0.0,0.0,0.0,0.0,0.0,0.0,0.0,0.0
2,0,0.52380955,0.46031746,0.015873017,0.0,0.0,0.0,0.0,0.0,0.0,0.0,0.0,0.0
2,0,0.52380955,0.46031746,0.015873017,0.0,0.0,0.0,0.0,0.0,0.0,0.0,0.0,0.0
2,0,0.52380955,0.46031746,0.015873017,0.0,0.0,0.0,0.0,0.0,0.0,0.0,0.0,0.0
2,0,0.52380955,0.46031746,0.015873017,0.0,0.0,0.0,0.0,0.0,0.0,0.0,0.0,0.0
2,0,0.52380955,0.46031746,0.015873017,0.0,0.0,0.0,0.0,0.0,0.0,0.0,0.0,0.0
2,0,0.52380955,0.46031746,0.015873017,0.0,0.0,0.0,0.0,0.0,0.0,0.0,0.0,0.0
2,0,0.53968257,0.44444445,0.015873017,0.0,0.0,0.0,0.0,0.0,0.0,0.0,0.0,0.0
2,0,0.53968257,0.44444445,0.015873017,0.0,0.0,0.0,0.0,0.0,0.0,0.0,0.0,0.0
2,0,0.53968257,0.44444445,0.015873017,0.0,0.0,0.0,0.0,0.0,0.0,0.0,0.0,0.0
2,0,0.53968257,0.44444445,0.015873017,0.0,0.0,0.0,0.0,0.0,0.0,0.0,0.0,0.0
2,0,0.5714286,0.41269842,0.015873017,0.0,0.0,0.0,0.0,0.0,0.0,0.0,0.0,0.0
2,0,0.5714286,0.41269842,0.015873017,0.0,0.0,0.0,0.0,0.0,0.0,0.0,0.0,0.0
2,0,0.5714286,0.41269842,0.015873017,0.0,0.0,0.0,0.0,0.0,0.0,0.0,0.0,0.0
2,0,0.5714286,0.41269842,0.015873017,0.0,0.0,0.0,0.0,0.0,0.0,0.0,0.0,0.0
2,0,0.5873016,0.3968254,0.015873017,0.0,0.0,0.0,0.0,0.0,0.0,0.0,0.0,0.0
2,0,0.5873016,0.3968254,0.015873017,0.0,0.0,0.0,0.0,0.0,0.0,0.0,0.0,0.0
2,0,0.5873016,0.3968254,0.015873017,0.0,0.0,0.0,0.0,0.0,0.0,0.0,0.0,0.0
2,0,0.5873016,0.3968254,0.015873017,0.0,0.0,0.0,0.0,0.0,0.0,0.0,0.0,0.0
2,0,0.5967742,0.38709676,0.016129032,0.0,0.0,0.0,0.0,0.0,0.0,0.0,0.0,0.0
2,0,0.5967742,0.38709676,0.016129032,0.0,0.0,0.0,0.0,0.0,0.0,0.0,0.0,0.0
2,0,0.5967742,0.38709676,0.016129032,0.0,0.0,0.0,0.0,0.0,0.0,0.0,0.0,0.0
2,0,0.5967742,0.38709676,0.016129032,0.0,0.0,0.0,0.0,0.0,0.0,0.0,0.0,0.0
2,0,0.61290324,0.38709676,0.0,0.0,0.0,0.0,0.0,0.0,0.0,0.0,0.0,0.0
2,0,0.61290324,0.38709676,0.0,0.0,0.0,0.0,0.0,0.0,0.0,0.0,0.0,0.0
2,0,0.61290324,0.38709676,0.0,0.0,0.0,0.0,0.0,0.0,0.0,0.0,0.0,0.0
2,0,0.61290324,0.38709676,0.0,0.0,0.0,0.0,0.0,0.0,0.0,0.0,0.0,0.0
2,0,0.6451613,0.33870968,0.016129032,0.0,0.0,0.0,0.0,0.0,0.0,0.0,0.0,0.0
2,0,0.6451613,0.33870968,0.016129032,0.0,0.0,0.0,0.0,0.0,0.0,0.0,0.0,0.0
2,0,0.6451613,0.33870968,0.016129032,0.0,0.0,0.0,0.0,0.0,0.0,0.0,0.0,0.0
2,0,0.6451613,0.33870968,0.016129032,0.0,0.0,0.0,0.0,0.0,0.0,0.0,0.0,0.0
2,0,0.62903225,0.33870968,0.016129032,0.0,0.0,0.0,0.0,0.0,0.016129032,0.0,0.0,0.0
2,0,0.62903225,0.33870968,0.016129032,0.0,0.0,0.0,0.0,0.0,0.016129032,0.0,0.0,0.0
2,0,0.62903225,0.33870968,0.016129032,0.0,0.0,0.0,0.0,0.0,0.016129032,0.0,0.0,0.0
2,0,0.62903225,0.33870968,0.016129032,0.0,0.0,0.0,0.0,0.0,0.016129032,0.0,0.0,0.0
2,0,0.62903225,0.33870968,0.016129032,0.0,0.0,0.0,0.0,0.0,0.016129032,0.0,0.0,0.0
2,0,0.62903225,0.33870968,0.016129032,0.0,0.0,0.0,0.0,0.0,0.016129032,0.0,0.0,0.0
2,0,0.61290324,0.3548387,0.016129032,0.0,0.0,0.0,0.0,0.0,0.016129032,0.0,0.0,0.0
2,0,0.61290324,0.3548387,0.016129032,0.0,0.0,0.0,0.0,0.0,0.016129032,0.0,0.0,0.0
2,0,0.61290324,0.3548387,0.016129032,0.0,0.0,0.0,0.0,0.0,0.016129032,0.0,0.0,0.0
2,0,0.61290324,0.3548387,0.016129032,0.0,0.0,0.0,0.0,0.0,0.016129032,0.0,0.0,0.0
2,0,0.61290324,0.3548387,0.016129032,0.0,0.0,0.0,0.0,0.0,0.016129032,0.0,0.0,0.0
2,0,0.61290324,0.3548387,0.016129032,0.0,0.0,0.0,0.0,0.0,0.016129032,0.0,0.0,0.0
2,0,0.5967742,0.33870968,0.048387095,0.0,0.0,0.0,0.0,0.0,0.0,0.0,0.016129032,0.0
2,0,0.5967742,0.33870968,0.048387095,0.0,0.0,0.0,0.0,0.0,0.0,0.0,0.016129032,0.0
2,0,0.5967742,0.33870968,0.048387095,0.0,0.0,0.0,0.0,0.0,0.0,0.0,0.016129032,0.0
2,0,0.5967742,0.33870968,0.048387095,0.0,0.0,0.0,0.0,0.0,0.0,0.0,0.016129032,0.0
2,0,0.5967742,0.33870968,0.048387095,0.0,0.0,0.0,0.0,0.0,0.0,0.0,0.016129032,0.0
2,0,0.5967742,0.33870968,0.048387095,0.0,0.0,0.0,0.0,0.0,0.0,0.0,0.016129032,0.0
2,0,0.5967742,0.33870968,0.048387095,0.0,0.0,0.0,0.0,0.0,0.0,0.0,0.016129032,0.0
2,0,0.5967742,0.33870968,0.048387095,0.0,0.0,0.0,0.0,0.0,0.0,0.0,0.016129032,0.0
2,0,0.5967742,0.33870968,0.048387095,0.0,0.0,0.0,0.0,0.0,0.0,0.0,0.016129032,0.0
2,0,0.5967742,0.33870968,0.048387095,0.0,0.0,0.0,0.0,0.0,0.0,0.0,0.016129032,0.0
2,0,0.5967742,0.33870968,0.048387095,0.0,0.0,0.0,0.0,0.0,0.0,0.0,0.016129032,0.0
2,0,0.5967742,0.33870968,0.048387095,0.0,0.0,0.0,0.0,0.0,0.0,0.0,0.016129032,0.0
2,0,0.5967742,0.33870968,0.048387095,0.0,0.0,0.0,0.0,0.0,0.0,0.0,0.016129032,0.0
2,0,0.5967742,0.33870968,0.048387095,0.0,0.0,0.0,0.0,0.0,0.0,0.0,0.016129032,0.0
2,0,0.5967742,0.33870968,0.048387095,0.0,0.0,0.0,0.0,0.0,0.0,0.0,0.016129032,0.0
2,0,0.5967742,0.33870968,0.048387095,0.0,0.0,0.0,0.0,0.0,0.0,0.0,0.016129032,0.0
2,0,0.61290324,0.32258064,0.048387095,0.0,0.0,0.0,0.0,0.0,0.0,0.0,0.016129032,0.0
2,0,0.61290324,0.32258064,0.048387095,0.0,0.0,0.0,0.0,0.0,0.0,0.0,0.016129032,0.0
2,0,0.61290324,0.32258064,0.048387095,0.0,0.0,0.0,0.0,0.0,0.0,0.0,0.016129032,0.0
2,0,0.61290324,0.32258064,0.048387095,0.0,0.0,0.0,0.0,0.0,0.0,0.0,0.016129032,0.0
2,0,0.61290324,0.32258064,0.048387095,0.0,0.0,0.0,0.0,0.0,0.0,0.0,0.016129032,0.0
2,0,0.61290324,0.32258064,0.048387095,0.0,0.0,0.0,0.0,0.0,0.0,0.0,0.016129032,0.0
2,0,0.61290324,0.32258064,0.048387095,0.0,0.0,0.0,0.0,0.0,0.0,0.0,0.016129032,0.0
2,0,0.61290324,0.32258064,0.048387095,0.0,0.0,0.0,0.0,0.0,0.0,0.0,0.016129032,0.0
2,0,0.62903225,0.30645162,0.048387095,0.0,0.0,0.0,0.0,0.0,0.016129032,0.0,0.0,0.0
2,0,0.62903225,0.30645162,0.048387095,0.0,0.0,0.0,0.0,0.0,0.016129032,0.0,0.0,0.0
2,0,0.6451613,0.29032257,0.048387095,0.0,0.0,0.0,0.0,0.0,0.016129032,0.0,0.0,0.0
2,0,0.6451613,0.29032257,0.048387095,0.0,0.0,0.0,0.0,0.0,0.016129032,0.0,0.0,0.0
2,0,0.6451613,0.29032257,0.048387095,0.0,0.0,0.0,0.0,0.0,0.016129032,0.0,0.0,0.0
2,0,0.6451613,0.29032257,0.048387095,0.0,0.0,0.0,0.0,0.0,0.016129032,0.0,0.0,0.0
2,0,0.6451613,0.29032257,0.048387095,0.0,0.0,0.0,0.0,0.0,0.016129032,0.0,0.0,0.0
2,0,0.6451613,0.29032257,0.048387095,0.0,0.0,0.0,0.0,0.0,0.016129032,0.0,0.0,0.0
3,0,0.6666667,0.26984128,0.04761905,0.0,0.0,0.0,0.0,0.0,0.015873017,0.0,0.0,0.0
3,0,0.6666667,0.26984128,0.04761905,0.0,0.0,0.0,0.0,0.0,0.015873017,0.0,0.0,0.0
3,0,0.6666667,0.26984128,0.04761905,0.0,0.0,0.0,0.0,0.0,0.015873017,0.0,0.0,0.0
3,0,0.6666667,0.26984128,0.04761905,0.0,0.0,0.0,0.0,0.0,0.015873017,0.0,0.0,0.0
3,0,0.6984127,0.25396827,0.04761905,0.0,0.0,0.0,0.0,0.0,0.0,0.0,0.0,0.0
3,0,0.6984127,0.25396827,0.04761905,0.0,0.0,0.0,0.0,0.0,0.0,0.0,0.0,0.0
3,0,0.6984127,0.25396827,0.04761905,0.0,0.0,0.0,0.0,0.0,0.0,0.0,0.0,0.0
3,0,0.6984127,0.25396827,0.04761905,0.0,0.0,0.0,0.0,0.0,0.0,0.0,0.0,0.0
3,0,0.73015875,0.22222222,0.04761905,0.0,0.0,0.0,0.0,0.0,0.0,0.0,0.0,0.0
3,0,0.73015875,0.22222222,0.04761905,0.0,0.0,0.0,0.0,0.0,0.0,0.0,0.0,0.0
3,0,0.73015875,0.22222222,0.04761905,0.0,0.0,0.0,0.0,0.0,0.0,0.0,0.0,0.0
3,0,0.71428573,0.23809524,0.04761905,0.0,0.0,0.0,0.0,0.0,0.0,0.0,0.0,0.0
3,0,0.71428573,0.23809524,0.04761905,0.0,0.0,0.0,0.0,0.0,0.0,0.0,0.0,0.0
3,0,0.71428573,0.23809524,0.04761905,0.0,0.0,0.0,0.0,0.0,0.0,0.0,0.0,0.0
3,0,0.73015875,0.22222222,0.04761905,0.0,0.0,0.0,0.0,0.0,0.0,0.0,0.0,0.0
3,0,0.73015875,0.22222222,0.04761905,0.0,0.0,0.0,0.0,0.0,0.0,0.0,0.0,0.0
3,0,0.7619048,0.22222222,0.015873017,0.0,0.0,0.0,0.0,0.0,0.0,0.0,0.0,0.0
3,0,0.7619048,0.22222222,0.015873017,0.0,0.0,0.0,0.0,0.0,0.0,0.0,0.0,0.0
3,0,0.7619048,0.22222222,0.015873017,0.0,0.0,0.0,0.0,0.0,0.0,0.0,0.0,0.0
3,0,0.7619048,0.22222222,0.015873017,0.0,0.0,0.0,0.0,0.0,0.0,0.0,0.0,0.0
3,0,0.7619048,0.22222222,0.015873017,0.0,0.0,0.0,0.0,0.0,0.0,0.0,0.0,0.0
3,0,0.7619048,0.22222222,0.015873017,0.0,0.0,0.0,0.0,0.0,0.0,0.0,0.0,0.0
3,0,0.7619048,0.22222222,0.015873017,0.0,0.0,0.0,0.0,0.0,0.0,0.0,0.0,0.0
3,0,0.7777778,0.20634921,0.015873017,0.0,0.0,0.0,0.0,0.0,0.0,0.0,0.0,0.0
3,0,0.7777778,0.20634921,0.015873017,0.0,0.0,0.0,0.0,0.0,0.0,0.0,0.0,0.0
3,0,0.7777778,0.20634921,0.015873017,0.0,0.0,0.0,0.0,0.0,0.0,0.0,0.0,0.0
3,0,0.7777778,0.20634921,0.015873017,0.0,0.0,0.0,0.0,0.0,0.0,0.0,0.0,0.0
3,0,0.7777778,0.20634921,0.015873017,0.0,0.0,0.0,0.0,0.0,0.0,0.0,0.0,0.0
3,0,0.8095238,0.17460318,0.015873017,0.0,0.0,0.0,0.0,0.0,0.0,0.0,0.0,0.0
3,0,0.8095238,0.17460318,0.015873017,0.0,0.0,0.0,0.0,0.0,0.0,0.0,0.0,0.0
3,0,0.8095238,0.17460318,0.015873017,0.0,0.0,0.0,0.0,0.0,0.0,0.0,0.0,0.0
3,0,0.8095238,0.17460318,0.015873017,0.0,0.0,0.0,0.0,0.0,0.0,0.0,0.0,0.0
3,0,0.8095238,0.17460318,0.015873017,0.0,0.0,0.0,0.0,0.0,0.0,0.0,0.0,0.0
3,0,0.8095238,0.17460318,0.015873017,0.0,0.0,0.0,0.0,0.0,0.0,0.0,0.0,0.0
3,0,0.8095238,0.17460318,0.015873017,0.0,0.0,0.0,0.0,0.0,0.0,0.0,0.0,0.0
3,0,0.8095238,0.17460318,0.015873017,0.0,0.0,0.0,0.0,0.0,0.0,0.0,0.0,0.0
3,0,0.8095238,0.17460318,0.015873017,0.0,0.0,0.0,0.0,0.0,0.0,0.0,0.0,0.0
3,0,0.8095238,0.17460318,0.015873017,0.0,0.0,0.0,0.0,0.0,0.0,0.0,0.0,0.0
3,0,0.8095238,0.17460318,0.015873017,0.0,0.0,0.0,0.0,0.0,0.0,0.0,0.0,0.0
3,0,0.8095238,0.17460318,0.015873017,0.0,0.0,0.0,0.0,0.0,0.0,0.0,0.0,0.0
3,0,0.84126985,0.14285715,0.015873017,0.0,0.0,0.0,0.0,0.0,0.0,0.0,0.0,0.0
3,0,0.84126985,0.14285715,0.015873017,0.0,0.0,0.0,0.0,0.0,0.0,0.0,0.0,0.0
3,0,0.84126985,0.14285715,0.015873017,0.0,0.0,0.0,0.0,0.0,0.0,0.0,0.0,0.0
3,0,0.84126985,0.14285715,0.015873017,0.0,0.0,0.0,0.0,0.0,0.0,0.0,0.0,0.0
3,0,0.84126985,0.14285715,0.015873017,0.0,0.0,0.0,0.0,0.0,0.0,0.0,0.0,0.0
3,0,0.84126985,0.14285715,0.015873017,0.0,0.0,0.0,0.0,0.0,0.0,0.0,0.0,0.0
3,0,0.84126985,0.14285715,0.015873017,0.0,0.0,0.0,0.0,0.0,0.0,0.0,0.0,0.0
3,0,0.84126985,0.14285715,0.015873017,0.0,0.0,0.0,0.0,0.0,0.0,0.0,0.0,0.0
3,0,0.84126985,0.14285715,0.015873017,0.0,0.0,0.0,0.0,0.0,0.0,0.0,0.0,0.0
3,0,0.84126985,0.14285715,0.015873017,0.0,0.0,0.0,0.0,0.0,0.0,0.0,0.0,0.0
3,0,0.84126985,0.14285715,0.015873017,0.0,0.0,0.0,0.0,0.0,0.0,0.0,0.0,0.0
3,0,0.84126985,0.14285715,0.015873017,0.0,0.0,0.0,0.0,0.0,0.0,0.0,0.0,0.0
3,0,0.84126985,0.14285715,0.015873017,0.0,0.0,0.0,0.0,0.0,0.0,0.0,0.0,0.0
3,0,0.84126985,0.14285715,0.015873017,0.0,0.0,0.0,0.0,0.0,0.0,0.0,0.0,0.0
3,0,0.84126985,0.14285715,0.015873017,0.0,0.0,0.0,0.0,0.0,0.0,0.0,0.0,0.0
3,0,0.84126985,0.14285715,0.015873017,0.0,0.0,0.0,0.0,0.0,0.0,0.0,0.0,0.0
3,0,0.84126985,0.14285715,0.015873017,0.0,0.0,0.0,0.0,0.0,0.0,0.0,0.0,0.0
3,0,0.84126985,0.14285715,0.015873017,0.0,0.0,0.0,0.0,0.0,0.0,0.0,0.0,0.0
3,0,0.84126985,0.14285715,0.015873017,0.0,0.0,0.0,0.0,0.0,0.0,0.0,0.0,0.0
3,0,0.84126985,0.14285715,0.015873017,0.0,0.0,0.0,0.0,0.0,0.0,0.0,0.0,0.0
3,0,0.84126985,0.14285715,0.015873017,0.0,0.0,0.0,0.0,0.0,0.0,0.0,0.0,0.0
3,0,0.84126985,0.14285715,0.015873017,0.0,0.0,0.0,0.0,0.0,0.0,0.0,0.0,0.0
3,0,0.84126985,0.14285715,0.015873017,0.0,0.0,0.0,0.0,0.0,0.0,0.0,0.0,0.0
3,0,0.84126985,0.14285715,0.015873017,0.0,0.0,0.0,0.0,0.0,0.0,0.0,0.0,0.0
3,0,0.82539684,0.15873016,0.015873017,0.0,0.0,0.0,0.0,0.0,0.0,0.0,0.0,0.0
3,0,0.82539684,0.15873016,0.015873017,0.0,0.0,0.0,0.0,0.0,0.0,0.0,0.0,0.0
3,0,0.82539684,0.15873016,0.015873017,0.0,0.0,0.0,0.0,0.0,0.0,0.0,0.0,0.0
3,0,0.82539684,0.15873016,0.015873017,0.0,0.0,0.0,0.0,0.0,0.0,0.0,0.0,0.0
3,0,0.82539684,0.15873016,0.015873017,0.0,0.0,0.0,0.0,0.0,0.0,0.0,0.0,0.0
3,0,0.82539684,0.15873016,0.015873017,0.0,0.0,0.0,0.0,0.0,0.0,0.0,0.0,0.0
3,0,0.82539684,0.15873016,0.015873017,0.0,0.0,0.0,0.0,0.0,0.0,0.0,0.0,0.0
3,0,0.82539684,0.15873016,0.015873017,0.0,0.0,0.0,0.0,0.0,0.0,0.0,0.0,0.0
3,0,0.82539684,0.15873016,0.015873017,0.0,0.0,0.0,0.0,0.0,0.0,0.0,0.0,0.0
3,0,0.82539684,0.15873016,0.015873017,0.0,0.0,0.0,0.0,0.0,0.0,0.0,0.0,0.0
3,0,0.82539684,0.15873016,0.015873017,0.0,0.0,0.0,0.0,0.0,0.0,0.0,0.0,0.0
3,0,0.82539684,0.15873016,0.015873017,0.0,0.0,0.0,0.0,0.0,0.0,0.0,0.0,0.0
3,0,0.82539684,0.15873016,0.015873017,0.0,0.0,0.0,0.0,0.0,0.0,0.0,0.0,0.0
3,0,0.82539684,0.15873016,0.015873017,0.0,0.0,0.0,0.0,0.0,0.0,0.0,0.0,0.0
3,0,0.82539684,0.15873016,0.015873017,0.0,0.0,0.0,0.0,0.0,0.0,0.0,0.0,0.0
3,0,0.82539684,0.15873016,0.015873017,0.0,0.0,0.0,0.0,0.0,0.0,0.0,0.0,0.0
3,0,0.8095238,0.17460318,0.015873017,0.0,0.0,0.0,0.0,0.0,0.0,0.0,0.0,0.0
3,0,0.8095238,0.17460318,0.015873017,0.0,0.0,0.0,0.0,0.0,0.0,0.0,0.0,0.0
3,0,0.8095238,0.17460318,0.015873017,0.0,0.0,0.0,0.0,0.0,0.0,0.0,0.0,0.0
3,0,0.8095238,0.17460318,0.015873017,0.0,0.0,0.0,0.0,0.0,0.0,0.0,0.0,0.0
3,0,0.8095238,0.17460318,0.015873017,0.0,0.0,0.0,0.0,0.0,0.0,0.0,0.0,0.0
3,0,0.8095238,0.17460318,0.015873017,0.0,0.0,0.0,0.0,0.0,0.0,0.0,0.0,0.0
3,0,0.8095238,0.17460318,0.015873017,0.0,0.0,0.0,0.0,0.0,0.0,0.0,0.0,0.0
3,0,0.8095238,0.17460318,0.015873017,0.0,0.0,0.0,0.0,0.0,0.0,0.0,0.0,0.0
3,0,0.8095238,0.17460318,0.015873017,0.0,0.0,0.0,0.0,0.0,0.0,0.0,0.0,0.0
3,0,0.8095238,0.17460318,0.015873017,0.0,0.0,0.0,0.0,0.0,0.0,0.0,0.0,0.0
3,0,0.8095238,0.17460318,0.015873017,0.0,0.0,0.0,0.0,0.0,0.0,0.0,0.0,0.0
3,0,0.8095238,0.17460318,0.015873017,0.0,0.0,0.0,0.0,0.0,0.0,0.0,0.0,0.0
3,0,0.8095238,0.17460318,0.015873017,0.0,0.0,0.0,0.0,0.0,0.0,0.0,0.0,0.0
3,0,0.8095238,0.17460318,0.015873017,0.0,0.0,0.0,0.0,0.0,0.0,0.0,0.0,0.0
3,0,0.7936508,0.1904762,0.015873017,0.0,0.0,0.0,0.0,0.0,0.0,0.0,0.0,0.0
3,0,0.7936508,0.1904762,0.015873017,0.0,0.0,0.0,0.0,0.0,0.0,0.0,0.0,0.0
3,0,0.7619048,0.22222222,0.015873017,0.0,0.0,0.0,0.0,0.0,0.0,0.0,0.0,0.0
3,0,0.7619048,0.22222222,0.015873017,0.0,0.0,0.0,0.0,0.0,0.0,0.0,0.0,0.0
3,0,0.7619048,0.22222222,0.015873017,0.0,0.0,0.0,0.0,0.0,0.0,0.0,0.0,0.0
3,0,0.7619048,0.22222222,0.015873017,0.0,0.0,0.0,0.0,0.0,0.0,0.0,0.0,0.0
3,0,0.7619048,0.22222222,0.015873017,0.0,0.0,0.0,0.0,0.0,0.0,0.0,0.0,0.0
3,0,0.7619048,0.22222222,0.015873017,0.0,0.0,0.0,0.0,0.0,0.0,0.0,0.0,0.0
3,0,0.7619048,0.22222222,0.015873017,0.0,0.0,0.0,0.0,0.0,0.0,0.0,0.0,0.0
3,0,0.7619048,0.22222222,0.015873017,0.0,0.0,0.0,0.0,0.0,0.0,0.0,0.0,0.0
3,0,0.7619048,0.22222222,0.015873017,0.0,0.0,0.0,0.0,0.0,0.0,0.0,0.0,0.0
3,0,0.7619048,0.22222222,0.015873017,0.0,0.0,0.0,0.0,0.0,0.0,0.0,0.0,0.0
3,0,0.7619048,0.22222222,0.015873017,0.0,0.0,0.0,0.0,0.0,0.0,0.0,0.0,0.0
3,0,0.7619048,0.22222222,0.015873017,0.0,0.0,0.0,0.0,0.0,0.0,0.0,0.0,0.0
3,0,0.7619048,0.22222222,0.015873017,0.0,0.0,0.0,0.0,0.0,0.0,0.0,0.0,0.0
3,0,0.7619048,0.22222222,0.015873017,0.0,0.0,0.0,0.0,0.0,0.0,0.0,0.0,0.0
3,0,0.7619048,0.22222222,0.015873017,0.0,0.0,0.0,0.0,0.0,0.0,0.0,0.0,0.0
3,0,0.7619048,0.22222222,0.015873017,0.0,0.0,0.0,0.0,0.0,0.0,0.0,0.0,0.0
3,0,0.78125,0.21875,0.0,0.0,0.0,0.0,0.0,0.0,0.0,0.0,0.0,0.0
3,0,0.78125,0.21875,0.0,0.0,0.0,0.0,0.0,0.0,0.0,0.0,0.0,0.0
3,0,0.78125,0.21875,0.0,0.0,0.0,0.0,0.0,0.0,0.0,0.0,0.0,0.0
3,0,0.78125,0.21875,0.0,0.0,0.0,0.0,0.0,0.0,0.0,0.0,0.0,0.0
3,0,0.78125,0.21875,0.0,0.0,0.0,0.0,0.0,0.0,0.0,0.0,0.0,0.0
3,0,0.78125,0.21875,0.0,0.0,0.0,0.0,0.0,0.0,0.0,0.0,0.0,0.0
3,0,0.78125,0.21875,0.0,0.0,0.0,0.0,0.0,0.0,0.0,0.0,0.0,0.0
3,0,0.78125,0.21875,0.0,0.0,0.0,0.0,0.0,0.0,0.0,0.0,0.0,0.0
3,0,0.78125,0.21875,0.0,0.0,0.0,0.0,0.0,0.0,0.0,0.0,0.0,0.0
3,0,0.78125,0.21875,0.0,0.0,0.0,0.0,0.0,0.0,0.0,0.0,0.0,0.0
3,0,0.78125,0.21875,0.0,0.0,0.0,0.0,0.0,0.0,0.0,0.0,0.0,0.0
3,0,0.78125,0.21875,0.0,0.0,0.0,0.0,0.0,0.0,0.0,0.0,0.0,0.0
3,0,0.78125,0.21875,0.0,0.0,0.0,0.0,0.0,0.0,0.0,0.0,0.0,0.0
3,0,0.78125,0.21875,0.0,0.0,0.0,0.0,0.0,0.0,0.0,0.0,0.0,0.0
3,0,0.78125,0.21875,0.0,0.0,0.0,0.0,0.0,0.0,0.0,0.0,0.0,0.0
3,0,0.78125,0.21875,0.0,0.0,0.0,0.0,0.0,0.0,0.0,0.0,0.0,0.0
3,0,0.78125,0.21875,0.0,0.0,0.0,0.0,0.0,0.0,0.0,0.0,0.0,0.0
3,0,0.78125,0.21875,0.0,0.0,0.0,0.0,0.0,0.0,0.0,0.0,0.0,0.0
3,0,0.796875,0.203125,0.0,0.0,0.0,0.0,0.0,0.0,0.0,0.0,0.0,0.0
3,0,0.796875,0.203125,0.0,0.0,0.0,0.0,0.0,0.0,0.0,0.0,0.0,0.0
3,0,0.796875,0.203125,0.0,0.0,0.0,0.0,0.0,0.0,0.0,0.0,0.0,0.0
3,0,0.796875,0.203125,0.0,0.0,0.0,0.0,0.0,0.0,0.0,0.0,0.0,0.0
3,0,0.796875,0.203125,0.0,0.0,0.0,0.0,0.0,0.0,0.0,0.0,0.0,0.0
3,0,0.796875,0.203125,0.0,0.0,0.0,0.0,0.0,0.0,0.0,0.0,0.0,0.0
3,0,0.796875,0.203125,0.0,0.0,0.0,0.0,0.0,0.0,0.0,0.0,0.0,0.0
3,0,0.796875,0.203125,0.0,0.0,0.0,0.0,0.0,0.0,0.0,0.0,0.0,0.0
3,0,0.796875,0.203125,0.0,0.0,0.0,0.0,0.0,0.0,0.0,0.0,0.0,0.0
3,0,0.796875,0.203125,0.0,0.0,0.0,0.0,0.0,0.0,0.0,0.0,0.0,0.0
3,0,0.796875,0.203125,0.0,0.0,0.0,0.0,0.0,0.0,0.0,0.0,0.0,0.0
3,0,0.796875,0.203125,0.0,0.0,0.0,0.0,0.0,0.0,0.0,0.0,0.0,0.0
3,0,0.796875,0.203125,0.0,0.0,0.0,0.0,0.0,0.0,0.0,0.0,0.0,0.0
3,0,0.796875,0.203125,0.0,0.0,0.0,0.0,0.0,0.0,0.0,0.0,0.0,0.0
3,0,0.78125,0.21875,0.0,0.0,0.0,0.0,0.0,0.0,0.0,0.0,0.0,0.0
3,0,0.78125,0.21875,0.0,0.0,0.0,0.0,0.0,0.0,0.0,0.0,0.0,0.0
3,0,0.78125,0.21875,0.0,0.0,0.0,0.0,0.0,0.0,0.0,0.0,0.0,0.0
3,0,0.78125,0.21875,0.0,0.0,0.0,0.0,0.0,0.0,0.0,0.0,0.0,0.0
3,0,0.796875,0.203125,0.0,0.0,0.0,0.0,0.0,0.0,0.0,0.0,0.0,0.0
3,0,0.796875,0.203125,0.0,0.0,0.0,0.0,0.0,0.0,0.0,0.0,0.0,0.0
3,0,0.796875,0.203125,0.0,0.0,0.0,0.0,0.0,0.0,0.0,0.0,0.0,0.0
3,0,0.796875,0.203125,0.0,0.0,0.0,0.0,0.0,0.0,0.0,0.0,0.0,0.0
3,0,0.796875,0.203125,0.0,0.0,0.0,0.0,0.0,0.0,0.0,0.0,0.0,0.0
3,0,0.8125,0.1875,0.0,0.0,0.0,0.0,0.0,0.0,0.0,0.0,0.0,0.0
3,0,0.8125,0.1875,0.0,0.0,0.0,0.0,0.0,0.0,0.0,0.0,0.0,0.0
3,0,0.8125,0.1875,0.0,0.0,0.0,0.0,0.0,0.0,0.0,0.0,0.0,0.0
3,0,0.8125,0.1875,0.0,0.0,0.0,0.0,0.0,0.0,0.0,0.0,0.0,0.0
3,0,0.8125,0.1875,0.0,0.0,0.0,0.0,0.0,0.0,0.0,0.0,0.0,0.0
3,0,0.8125,0.1875,0.0,0.0,0.0,0.0,0.0,0.0,0.0,0.0,0.0,0.0
3,0,0.8125,0.1875,0.0,0.0,0.0,0.0,0.0,0.0,0.0,0.0,0.0,0.0
3,0,0.859375,0.140625,0.0,0.0,0.0,0.0,0.0,0.0,0.0,0.0,0.0,0.0
3,0,0.859375,0.140625,0.0,0.0,0.0,0.0,0.0,0.0,0.0,0.0,0.0,0.0
3,0,0.859375,0.140625,0.0,0.0,0.0,0.0,0.0,0.0,0.0,0.0,0.0,0.0
3,0,0.859375,0.140625,0.0,0.0,0.0,0.0,0.0,0.0,0.0,0.0,0.0,0.0
3,0,0.859375,0.140625,0.0,0.0,0.0,0.0,0.0,0.0,0.0,0.0,0.0,0.0
3,0,0.859375,0.140625,0.0,0.0,0.0,0.0,0.0,0.0,0.0,0.0,0.0,0.0
3,0,0.859375,0.140625,0.0,0.0,0.0,0.0,0.0,0.0,0.0,0.0,0.0,0.0
3,0,0.859375,0.140625,0.0,0.0,0.0,0.0,0.0,0.0,0.0,0.0,0.0,0.0
3,0,0.890625,0.109375,0.0,0.0,0.0,0.0,0.0,0.0,0.0,0.0,0.0,0.0
3,0,0.890625,0.109375,0.0,0.0,0.0,0.0,0.0,0.0,0.0,0.0,0.0,0.0
3,0,0.890625,0.109375,0.0,0.0,0.0,0.0,0.0,0.0,0.0,0.0,0.0,0.0
3,0,0.890625,0.109375,0.0,0.0,0.0,0.0,0.0,0.0,0.0,0.0,0.0,0.0
3,0,0.890625,0.109375,0.0,0.0,0.0,0.0,0.0,0.0,0.0,0.0,0.0,0.0
3,0,0.890625,0.109375,0.0,0.0,0.0,0.0,0.0,0.0,0.0,0.0,0.0,0.0
3,0,0.890625,0.109375,0.0,0.0,0.0,0.0,0.0,0.0,0.0,0.0,0.0,0.0
3,0,0.890625,0.109375,0.0,0.0,0.0,0.0,0.0,0.0,0.0,0.0,0.0,0.0
3,0,0.875,0.125,0.0,0.0,0.0,0.0,0.0,0.0,0.0,0.0,0.0,0.0
3,0,0.875,0.125,0.0,0.0,0.0,0.0,0.0,0.0,0.0,0.0,0.0,0.0
3,0,0.875,0.125,0.0,0.0,0.0,0.0,0.0,0.0,0.0,0.0,0.0,0.0
3,0,0.875,0.125,0.0,0.0,0.0,0.0,0.0,0.0,0.0,0.0,0.0,0.0
3,0,0.875,0.125,0.0,0.0,0.0,0.0,0.0,0.0,0.0,0.0,0.0,0.0
3,0,0.875,0.125,0.0,0.0,0.0,0.0,0.0,0.0,0.0,0.0,0.0,0.0
3,0,0.875,0.125,0.0,0.0,0.0,0.0,0.0,0.0,0.0,0.0,0.0,0.0
3,0,0.875,0.125,0.0,0.0,0.0,0.0,0.0,0.0,0.0,0.0,0.0,0.0
3,0,0.890625,0.109375,0.0,0.0,0.0,0.0,0.0,0.0,0.0,0.0,0.0,0.0
3,0,0.890625,0.109375,0.0,0.0,0.0,0.0,0.0,0.0,0.0,0.0,0.0,0.0
3,0,0.890625,0.109375,0.0,0.0,0.0,0.0,0.0,0.0,0.0,0.0,0.0,0.0
3,0,0.890625,0.109375,0.0,0.0,0.0,0.0,0.0,0.0,0.0,0.0,0.0,0.0
3,0,0.890625,0.109375,0.0,0.0,0.0,0.0,0.0,0.0,0.0,0.0,0.0,0.0
3,0,0.890625,0.109375,0.0,0.0,0.0,0.0,0.0,0.0,0.0,0.0,0.0,0.0
3,0,0.890625,0.109375,0.0,0.0,0.0,0.0,0.0,0.0,0.0,0.0,0.0,0.0
3,0,0.890625,0.109375,0.0,0.0,0.0,0.0,0.0,0.0,0.0,0.0,0.0,0.0
3,0,0.90625,0.09375,0.0,0.0,0.0,0.0,0.0,0.0,0.0,0.0,0.0,0.0
3,0,0.90625,0.09375,0.0,0.0,0.0,0.0,0.0,0.0,0.0,0.0,0.0,0.0
3,0,0.90625,0.09375,0.0,0.0,0.0,0.0,0.0,0.0,0.0,0.0,0.0,0.0
3,0,0.90625,0.09375,0.0,0.0,0.0,0.0,0.0,0.0,0.0,0.0,0.0,0.0
3,0,0.90625,0.09375,0.0,0.0,0.0,0.0,0.0,0.0,0.0,0.0,0.0,0.0
3,0,0.90625,0.09375,0.0,0.0,0.0,0.0,0.0,0.0,0.0,0.0,0.0,0.0
3,0,0.90625,0.09375,0.0,0.0,0.0,0.0,0.0,0.0,0.0,0.0,0.0,0.0
3,0,0.90625,0.09375,0.0,0.0,0.0,0.0,0.0,0.0,0.0,0.0,0.0,0.0
3,0,0.90625,0.09375,0.0,0.0,0.0,0.0,0.0,0.0,0.0,0.0,0.0,0.0
3,0,0.90625,0.09375,0.0,0.0,0.0,0.0,0.0,0.0,0.0,0.0,0.0,0.0
3,0,0.921875,0.078125,0.0,0.0,0.0,0.0,0.0,0.0,0.0,0.0,0.0,0.0
3,0,0.921875,0.078125,0.0,0.0,0.0,0.0,0.0,0.0,0.0,0.0,0.0,0.0
3,0,0.921875,0.078125,0.0,0.0,0.0,0.0,0.0,0.0,0.0,0.0,0.0,0.0
3,0,0.921875,0.078125,0.0,0.0,0.0,0.0,0.0,0.0,0.0,0.0,0.0,0.0
3,0,0.921875,0.078125,0.0,0.0,0.0,0.0,0.0,0.0,0.0,0.0,0.0,0.0
3,0,0.921875,0.078125,0.0,0.0,0.0,0.0,0.0,0.0,0.0,0.0,0.0,0.0
3,0,0.90625,0.09375,0.0,0.0,0.0,0.0,0.0,0.0,0.0,0.0,0.0,0.0
3,0,0.90625,0.09375,0.0,0.0,0.0,0.0,0.0,0.0,0.0,0.0,0.0,0.0
3,0,0.90625,0.09375,0.0,0.0,0.0,0.0,0.0,0.0,0.0,0.0,0.0,0.0
3,0,0.90625,0.09375,0.0,0.0,0.0,0.0,0.0,0.0,0.0,0.0,0.0,0.0
3,0,0.90625,0.09375,0.0,0.0,0.0,0.0,0.0,0.0,0.0,0.0,0.0,0.0
3,0,0.90625,0.09375,0.0,0.0,0.0,0.0,0.0,0.0,0.0,0.0,0.0,0.0
3,0,0.90625,0.09375,0.0,0.0,0.0,0.0,0.0,0.0,0.0,0.0,0.0,0.0
3,0,0.90625,0.09375,0.0,0.0,0.0,0.0,0.0,0.0,0.0,0.0,0.0,0.0
3,0,0.90625,0.09375,0.0,0.0,0.0,0.0,0.0,0.0,0.0,0.0,0.0,0.0
3,0,0.90625,0.09375,0.0,0.0,0.0,0.0,0.0,0.0,0.0,0.0,0.0,0.0
3,0,0.90625,0.09375,0.0,0.0,0.0,0.0,0.0,0.0,0.0,0.0,0.0,0.0
3,0,0.90625,0.09375,0.0,0.0,0.0,0.0,0.0,0.0,0.0,0.0,0.0,0.0
3,0,0.90625,0.09375,0.0,0.0,0.0,0.0,0.0,0.0,0.0,0.0,0.0,0.0
3,0,0.90625,0.09375,0.0,0.0,0.0,0.0,0.0,0.0,0.0,0.0,0.0,0.0
3,0,0.90625,0.09375,0.0,0.0,0.0,0.0,0.0,0.0,0.0,0.0,0.0,0.0
3,0,0.90625,0.09375,0.0,0.0,0.0,0.0,0.0,0.0,0.0,0.0,0.0,0.0
3,0,0.90625,0.09375,0.0,0.0,0.0,0.0,0.0,0.0,0.0,0.0,0.0,0.0
3,0,0.90625,0.09375,0.0,0.0,0.0,0.0,0.0,0.0,0.0,0.0,0.0,0.0
3,0,0.90625,0.09375,0.0,0.0,0.0,0.0,0.0,0.0,0.0,0.0,0.0,0.0
3,0,0.90625,0.09375,0.0,0.0,0.0,0.0,0.0,0.0,0.0,0.0,0.0,0.0
3,0,0.90625,0.09375,0.0,0.0,0.0,0.0,0.0,0.0,0.0,0.0,0.0,0.0
3,0,0.90625,0.09375,0.0,0.0,0.0,0.0,0.0,0.0,0.0,0.0,0.0,0.0
3,0,0.90625,0.09375,0.0,0.0,0.0,0.0,0.0,0.0,0.0,0.0,0.0,0.0
3,0,0.90625,0.09375,0.0,0.0,0.0,0.0,0.0,0.0,0.0,0.0,0.0,0.0
3,0,0.90625,0.09375,0.0,0.0,0.0,0.0,0.0,0.0,0.0,0.0,0.0,0.0
3,0,0.90625,0.09375,0.0,0.0,0.0,0.0,0.0,0.0,0.0,0.0,0.0,0.0
3,0,0.90625,0.09375,0.0,0.0,0.0,0.0,0.0,0.0,0.0,0.0,0.0,0.0
3,0,0.90625,0.09375,0.0,0.0,0.0,0.0,0.0,0.0,0.0,0.0,0.0,0.0
3,0,0.90625,0.09375,0.0,0.0,0.0,0.0,0.0,0.0,0.0,0.0,0.0,0.0
3,0,0.90625,0.09375,0.0,0.0,0.0,0.0,0.0,0.0,0.0,0.0,0.0,0.0
3,0,0.90625,0.09375,0.0,0.0,0.0,0.0,0.0,0.0,0.0,0.0,0.0,0.0
3,0,0.90625,0.09375,0.0,0.0,0.0,0.0,0.0,0.0,0.0,0.0,0.0,0.0
3,0,0.90625,0.09375,0.0,0.0,0.0,0.0,0.0,0.0,0.0,0.0,0.0,0.0
3,0,0.90625,0.09375,0.0,0.0,0.0,0.0,0.0,0.0,0.0,0.0,0.0,0.0
3,0,0.90625,0.09375,0.0,0.0,0.0,0.0,0.0,0.0,0.0,0.0,0.0,0.0
3,0,0.90625,0.09375,0.0,0.0,0.0,0.0,0.0,0.0,0.0,0.0,0.0,0.0
3,0,0.90625,0.09375,0.0,0.0,0.0,0.0,0.0,0.0,0.0,0.0,0.0,0.0
3,0,0.90625,0.09375,0.0,0.0,0.0,0.0,0.0,0.0,0.0,0.0,0.0,0.0
3,0,0.90625,0.09375,0.0,0.0,0.0,0.0,0.0,0.0,0.0,0.0,0.0,0.0
3,0,0.90625,0.09375,0.0,0.0,0.0,0.0,0.0,0.0,0.0,0.0,0.0,0.0
3,0,0.90625,0.09375,0.0,0.0,0.0,0.0,0.0,0.0,0.0,0.0,0.0,0.0
3,0,0.90625,0.09375,0.0,0.0,0.0,0.0,0.0,0.0,0.0,0.0,0.0,0.0
3,0,0.90625,0.09375,0.0,0.0,0.0,0.0,0.0,0.0,0.0,0.0,0.0,0.0
3,0,0.90625,0.09375,0.0,0.0,0.0,0.0,0.0,0.0,0.0,0.0,0.0,0.0
3,0,0.90625,0.09375,0.0,0.0,0.0,0.0,0.0,0.0,0.0,0.0,0.0,0.0
3,0,0.90625,0.09375,0.0,0.0,0.0,0.0,0.0,0.0,0.0,0.0,0.0,0.0
3,0,0.90625,0.09375,0.0,0.0,0.0,0.0,0.0,0.0,0.0,0.0,0.0,0.0
3,0,0.90625,0.09375,0.0,0.0,0.0,0.0,0.0,0.0,0.0,0.0,0.0,0.0
3,0,0.90625,0.09375,0.0,0.0,0.0,0.0,0.0,0.0,0.0,0.0,0.0,0.0
3,0,0.90625,0.09375,0.0,0.0,0.0,0.0,0.0,0.0,0.0,0.0,0.0,0.0
3,0,0.90625,0.09375,0.0,0.0,0.0,0.0,0.0,0.0,0.0,0.0,0.0,0.0
3,0,0.90625,0.09375,0.0,0.0,0.0,0.0,0.0,0.0,0.0,0.0,0.0,0.0
3,0,0.90625,0.09375,0.0,0.0,0.0,0.0,0.0,0.0,0.0,0.0,0.0,0.0
3,0,0.90625,0.09375,0.0,0.0,0.0,0.0,0.0,0.0,0.0,0.0,0.0,0.0
3,0,0.90625,0.09375,0.0,0.0,0.0,0.0,0.0,0.0,0.0,0.0,0.0,0.0
3,0,0.90625,0.09375,0.0,0.0,0.0,0.0,0.0,0.0,0.0,0.0,0.0,0.0
3,0,0.90625,0.09375,0.0,0.0,0.0,0.0,0.0,0.0,0.0,0.0,0.0,0.0
3,0,0.90625,0.09375,0.0,0.0,0.0,0.0,0.0,0.0,0.0,0.0,0.0,0.0
3,0,0.90625,0.09375,0.0,0.0,0.0,0.0,0.0,0.0,0.0,0.0,0.0,0.0
3,0,0.90625,0.09375,0.0,0.0,0.0,0.0,0.0,0.0,0.0,0.0,0.0,0.0
3,0,0.90625,0.09375,0.0,0.0,0.0,0.0,0.0,0.0,0.0,0.0,0.0,0.0
3,0,0.90625,0.09375,0.0,0.0,0.0,0.0,0.0,0.0,0.0,0.0,0.0,0.0
3,0,0.90625,0.09375,0.0,0.0,0.0,0.0,0.0,0.0,0.0,0.0,0.0,0.0
3,0,0.90625,0.09375,0.0,0.0,0.0,0.0,0.0,0.0,0.0,0.0,0.0,0.0
3,0,0.90625,0.09375,0.0,0.0,0.0,0.0,0.0,0.0,0.0,0.0,0.0,0.0
3,0,0.90625,0.09375,0.0,0.0,0.0,0.0,0.0,0.0,0.0,0.0,0.0,0.0
3,0,0.90625,0.09375,0.0,0.0,0.0,0.0,0.0,0.0,0.0,0.0,0.0,0.0
3,0,0.90625,0.09375,0.0,0.0,0.0,0.0,0.0,0.0,0.0,0.0,0.0,0.0
3,0,0.90625,0.09375,0.0,0.0,0.0,0.0,0.0,0.0,0.0,0.0,0.0,0.0
3,0,0.90625,0.09375,0.0,0.0,0.0,0.0,0.0,0.0,0.0,0.0,0.0,0.0
3,0,0.90625,0.09375,0.0,0.0,0.0,0.0,0.0,0.0,0.0,0.0,0.0,0.0
3,0,0.90625,0.09375,0.0,0.0,0.0,0.0,0.0,0.0,0.0,0.0,0.0,0.0
3,0,0.921875,0.078125,0.0,0.0,0.0,0.0,0.0,0.0,0.0,0.0,0.0,0.0
3,0,0.921875,0.078125,0.0,0.0,0.0,0.0,0.0,0.0,0.0,0.0,0.0,0.0
3,0,0.921875,0.078125,0.0,0.0,0.0,0.0,0.0,0.0,0.0,0.0,0.0,0.0
3,0,0.921875,0.078125,0.0,0.0,0.0,0.0,0.0,0.0,0.0,0.0,0.0,0.0
3,0,0.921875,0.078125,0.0,0.0,0.0,0.0,0.0,0.0,0.0,0.0,0.0,0.0
3,0,0.921875,0.078125,0.0,0.0,0.0,0.0,0.0,0.0,0.0,0.0,0.0,0.0
3,0,0.921875,0.078125,0.0,0.0,0.0,0.0,0.0,0.0,0.0,0.0,0.0,0.0
3,0,0.921875,0.078125,0.0,0.0,0.0,0.0,0.0,0.0,0.0,0.0,0.0,0.0
3,0,0.921875,0.078125,0.0,0.0,0.0,0.0,0.0,0.0,0.0,0.0,0.0,0.0
3,0,0.921875,0.078125,0.0,0.0,0.0,0.0,0.0,0.0,0.0,0.0,0.0,0.0
3,0,0.921875,0.078125,0.0,0.0,0.0,0.0,0.0,0.0,0.0,0.0,0.0,0.0
3,0,0.921875,0.078125,0.0,0.0,0.0,0.0,0.0,0.0,0.0,0.0,0.0,0.0
3,0,0.921875,0.078125,0.0,0.0,0.0,0.0,0.0,0.0,0.0,0.0,0.0,0.0
3,0,0.921875,0.078125,0.0,0.0,0.0,0.0,0.0,0.0,0.0,0.0,0.0,0.0
3,0,0.921875,0.078125,0.0,0.0,0.0,0.0,0.0,0.0,0.0,0.0,0.0,0.0
3,0,0.921875,0.078125,0.0,0.0,0.0,0.0,0.0,0.0,0.0,0.0,0.0,0.0
3,0,0.921875,0.078125,0.0,0.0,0.0,0.0,0.0,0.0,0.0,0.0,0.0,0.0
3,0,0.921875,0.078125,0.0,0.0,0.0,0.0,0.0,0.0,0.0,0.0,0.0,0.0
3,0,0.921875,0.078125,0.0,0.0,0.0,0.0,0.0,0.0,0.0,0.0,0.0,0.0
3,0,0.921875,0.078125,0.0,0.0,0.0,0.0,0.0,0.0,0.0,0.0,0.0,0.0
3,0,0.921875,0.078125,0.0,0.0,0.0,0.0,0.0,0.0,0.0,0.0,0.0,0.0
3,0,0.921875,0.078125,0.0,0.0,0.0,0.0,0.0,0.0,0.0,0.0,0.0,0.0
3,0,0.921875,0.078125,0.0,0.0,0.0,0.0,0.0,0.0,0.0,0.0,0.0,0.0
3,0,0.921875,0.078125,0.0,0.0,0.0,0.0,0.0,0.0,0.0,0.0,0.0,0.0
3,0,0.921875,0.078125,0.0,0.0,0.0,0.0,0.0,0.0,0.0,0.0,0.0,0.0
3,0,0.921875,0.078125,0.0,0.0,0.0,0.0,0.0,0.0,0.0,0.0,0.0,0.0
3,0,0.921875,0.078125,0.0,0.0,0.0,0.0,0.0,0.0,0.0,0.0,0.0,0.0
3,0,0.921875,0.078125,0.0,0.0,0.0,0.0,0.0,0.0,0.0,0.0,0.0,0.0
3,0,0.921875,0.078125,0.0,0.0,0.0,0.0,0.0,0.0,0.0,0.0,0.0,0.0
3,0,0.921875,0.078125,0.0,0.0,0.0,0.0,0.0,0.0,0.0,0.0,0.0,0.0
3,0,0.921875,0.078125,0.0,0.0,0.0,0.0,0.0,0.0,0.0,0.0,0.0,0.0
3,0,0.921875,0.078125,0.0,0.0,0.0,0.0,0.0,0.0,0.0,0.0,0.0,0.0
3,0,0.921875,0.078125,0.0,0.0,0.0,0.0,0.0,0.0,0.0,0.0,0.0,0.0
3,0,0.921875,0.078125,0.0,0.0,0.0,0.0,0.0,0.0,0.0,0.0,0.0,0.0
3,0,0.921875,0.078125,0.0,0.0,0.0,0.0,0.0,0.0,0.0,0.0,0.0,0.0
3,0,0.921875,0.078125,0.0,0.0,0.0,0.0,0.0,0.0,0.0,0.0,0.0,0.0
3,0,0.921875,0.078125,0.0,0.0,0.0,0.0,0.0,0.0,0.0,0.0,0.0,0.0
3,0,0.921875,0.078125,0.0,0.0,0.0,0.0,0.0,0.0,0.0,0.0,0.0,0.0
3,0,0.921875,0.078125,0.0,0.0,0.0,0.0,0.0,0.0,0.0,0.0,0.0,0.0
3,0,0.921875,0.078125,0.0,0.0,0.0,0.0,0.0,0.0,0.0,0.0,0.0,0.0
3,0,0.921875,0.078125,0.0,0.0,0.0,0.0,0.0,0.0,0.0,0.0,0.0,0.0
3,0,0.921875,0.078125,0.0,0.0,0.0,0.0,0.0,0.0,0.0,0.0,0.0,0.0
3,0,0.921875,0.078125,0.0,0.0,0.0,0.0,0.0,0.0,0.0,0.0,0.0,0.0
3,0,0.921875,0.078125,0.0,0.0,0.0,0.0,0.0,0.0,0.0,0.0,0.0,0.0
3,0,0.921875,0.078125,0.0,0.0,0.0,0.0,0.0,0.0,0.0,0.0,0.0,0.0
3,0,0.921875,0.078125,0.0,0.0,0.0,0.0,0.0,0.0,0.0,0.0,0.0,0.0
3,0,0.921875,0.078125,0.0,0.0,0.0,0.0,0.0,0.0,0.0,0.0,0.0,0.0
3,0,0.921875,0.078125,0.0,0.0,0.0,0.0,0.0,0.0,0.0,0.0,0.0,0.0
3,0,0.921875,0.078125,0.0,0.0,0.0,0.0,0.0,0.0,0.0,0.0,0.0,0.0
3,0,0.921875,0.078125,0.0,0.0,0.0,0.0,0.0,0.0,0.0,0.0,0.0,0.0
3,0,0.921875,0.078125,0.0,0.0,0.0,0.0,0.0,0.0,0.0,0.0,0.0,0.0
3,0,0.921875,0.078125,0.0,0.0,0.0,0.0,0.0,0.0,0.0,0.0,0.0,0.0
3,0,0.921875,0.078125,0.0,0.0,0.0,0.0,0.0,0.0,0.0,0.0,0.0,0.0
3,0,0.921875,0.078125,0.0,0.0,0.0,0.0,0.0,0.0,0.0,0.0,0.0,0.0
3,0,0.921875,0.078125,0.0,0.0,0.0,0.0,0.0,0.0,0.0,0.0,0.0,0.0
3,0,0.921875,0.078125,0.0,0.0,0.0,0.0,0.0,0.0,0.0,0.0,0.0,0.0
3,0,0.9375,0.0625,0.0,0.0,0.0,0.0,0.0,0.0,0.0,0.0,0.0,0.0
3,0,0.9375,0.0625,0.0,0.0,0.0,0.0,0.0,0.0,0.0,0.0,0.0,0.0
3,0,0.9375,0.0625,0.0,0.0,0.0,0.0,0.0,0.0,0.0,0.0,0.0,0.0
3,0,0.9375,0.0625,0.0,0.0,0.0,0.0,0.0,0.0,0.0,0.0,0.0,0.0
3,0,0.9375,0.0625,0.0,0.0,0.0,0.0,0.0,0.0,0.0,0.0,0.0,0.0
3,0,0.9375,0.0625,0.0,0.0,0.0,0.0,0.0,0.0,0.0,0.0,0.0,0.0
3,0,0.9375,0.0625,0.0,0.0,0.0,0.0,0.0,0.0,0.0,0.0,0.0,0.0
3,0,0.9375,0.0625,0.0,0.0,0.0,0.0,0.0,0.0,0.0,0.0,0.0,0.0
3,0,0.9375,0.0625,0.0,0.0,0.0,0.0,0.0,0.0,0.0,0.0,0.0,0.0
3,0,0.9375,0.0625,0.0,0.0,0.0,0.0,0.0,0.0,0.0,0.0,0.0,0.0
3,0,0.9375,0.0625,0.0,0.0,0.0,0.0,0.0,0.0,0.0,0.0,0.0,0.0
3,0,0.9375,0.0625,0.0,0.0,0.0,0.0,0.0,0.0,0.0,0.0,0.0,0.0
3,0,0.9375,0.0625,0.0,0.0,0.0,0.0,0.0,0.0,0.0,0.0,0.0,0.0
3,0,0.9375,0.0625,0.0,0.0,0.0,0.0,0.0,0.0,0.0,0.0,0.0,0.0
3,0,0.9375,0.0625,0.0,0.0,0.0,0.0,0.0,0.0,0.0,0.0,0.0,0.0
3,0,0.9375,0.0625,0.0,0.0,0.0,0.0,0.0,0.0,0.0,0.0,0.0,0.0
3,0,0.9375,0.0625,0.0,0.0,0.0,0.0,0.0,0.0,0.0,0.0,0.0,0.0
3,0,0.9375,0.0625,0.0,0.0,0.0,0.0,0.0,0.0,0.0,0.0,0.0,0.0
3,0,0.9375,0.0625,0.0,0.0,0.0,0.0,0.0,0.0,0.0,0.0,0.0,0.0
3,0,0.9375,0.0625,0.0,0.0,0.0,0.0,0.0,0.0,0.0,0.0,0.0,0.0
3,0,0.9375,0.0625,0.0,0.0,0.0,0.0,0.0,0.0,0.0,0.0,0.0,0.0
3,0,0.9375,0.0625,0.0,0.0,0.0,0.0,0.0,0.0,0.0,0.0,0.0,0.0
3,0,0.9375,0.0625,0.0,0.0,0.0,0.0,0.0,0.0,0.0,0.0,0.0,0.0
3,0,0.9375,0.0625,0.0,0.0,0.0,0.0,0.0,0.0,0.0,0.0,0.0,0.0
3,0,0.9375,0.0625,0.0,0.0,0.0,0.0,0.0,0.0,0.0,0.0,0.0,0.0
3,0,0.9375,0.0625,0.0,0.0,0.0,0.0,0.0,0.0,0.0,0.0,0.0,0.0
3,0,0.9375,0.0625,0.0,0.0,0.0,0.0,0.0,0.0,0.0,0.0,0.0,0.0
3,0,0.9375,0.0625,0.0,0.0,0.0,0.0,0.0,0.0,0.0,0.0,0.0,0.0
3,0,0.9375,0.0625,0.0,0.0,0.0,0.0,0.0,0.0,0.0,0.0,0.0,0.0
3,0,0.9375,0.0625,0.0,0.0,0.0,0.0,0.0,0.0,0.0,0.0,0.0,0.0
3,0,0.9375,0.0625,0.0,0.0,0.0,0.0,0.0,0.0,0.0,0.0,0.0,0.0
3,0,0.9375,0.0625,0.0,0.0,0.0,0.0,0.0,0.0,0.0,0.0,0.0,0.0
3,0,0.9375,0.0625,0.0,0.0,0.0,0.0,0.0,0.0,0.0,0.0,0.0,0.0
3,0,0.9375,0.0625,0.0,0.0,0.0,0.0,0.0,0.0,0.0,0.0,0.0,0.0
3,0,0.9375,0.0625,0.0,0.0,0.0,0.0,0.0,0.0,0.0,0.0,0.0,0.0
3,0,0.9375,0.0625,0.0,0.0,0.0,0.0,0.0,0.0,0.0,0.0,0.0,0.0
3,0,0.9375,0.0625,0.0,0.0,0.0,0.0,0.0,0.0,0.0,0.0,0.0,0.0
3,0,0.9375,0.0625,0.0,0.0,0.0,0.0,0.0,0.0,0.0,0.0,0.0,0.0
3,0,0.9375,0.0625,0.0,0.0,0.0,0.0,0.0,0.0,0.0,0.0,0.0,0.0
3,0,0.9375,0.0625,0.0,0.0,0.0,0.0,0.0,0.0,0.0,0.0,0.0,0.0
3,0,0.9375,0.0625,0.0,0.0,0.0,0.0,0.0,0.0,0.0,0.0,0.0,0.0
3,0,0.9375,0.0625,0.0,0.0,0.0,0.0,0.0,0.0,0.0,0.0,0.0,0.0
3,0,0.9375,0.0625,0.0,0.0,0.0,0.0,0.0,0.0,0.0,0.0,0.0,0.0
3,0,0.9375,0.0625,0.0,0.0,0.0,0.0,0.0,0.0,0.0,0.0,0.0,0.0
3,0,0.9375,0.0625,0.0,0.0,0.0,0.0,0.0,0.0,0.0,0.0,0.0,0.0
3,0,0.9375,0.0625,0.0,0.0,0.0,0.0,0.0,0.0,0.0,0.0,0.0,0.0
3,0,0.9375,0.0625,0.0,0.0,0.0,0.0,0.0,0.0,0.0,0.0,0.0,0.0
3,0,0.9375,0.0625,0.0,0.0,0.0,0.0,0.0,0.0,0.0,0.0,0.0,0.0
3,0,0.9375,0.0625,0.0,0.0,0.0,0.0,0.0,0.0,0.0,0.0,0.0,0.0
3,0,0.9375,0.0625,0.0,0.0,0.0,0.0,0.0,0.0,0.0,0.0,0.0,0.0
3,0,0.9375,0.0625,0.0,0.0,0.0,0.0,0.0,0.0,0.0,0.0,0.0,0.0
3,0,0.9375,0.0625,0.0,0.0,0.0,0.0,0.0,0.0,0.0,0.0,0.0,0.0
3,0,0.9375,0.0625,0.0,0.0,0.0,0.0,0.0,0.0,0.0,0.0,0.0,0.0
3,0,0.9375,0.0625,0.0,0.0,0.0,0.0,0.0,0.0,0.0,0.0,0.0,0.0
3,0,0.9375,0.0625,0.0,0.0,0.0,0.0,0.0,0.0,0.0,0.0,0.0,0.0
3,0,0.9375,0.0625,0.0,0.0,0.0,0.0,0.0,0.0,0.0,0.0,0.0,0.0
3,0,0.9375,0.0625,0.0,0.0,0.0,0.0,0.0,0.0,0.0,0.0,0.0,0.0
3,0,0.9375,0.0625,0.0,0.0,0.0,0.0,0.0,0.0,0.0,0.0,0.0,0.0
3,0,0.9375,0.0625,0.0,0.0,0.0,0.0,0.0,0.0,0.0,0.0,0.0,0.0
3,0,0.9375,0.0625,0.0,0.0,0.0,0.0,0.0,0.0,0.0,0.0,0.0,0.0
3,0,0.9375,0.0625,0.0,0.0,0.0,0.0,0.0,0.0,0.0,0.0,0.0,0.0
3,0,0.9375,0.0625,0.0,0.0,0.0,0.0,0.0,0.0,0.0,0.0,0.0,0.0
3,0,0.9375,0.0625,0.0,0.0,0.0,0.0,0.0,0.0,0.0,0.0,0.0,0.0
3,0,0.9375,0.0625,0.0,0.0,0.0,0.0,0.0,0.0,0.0,0.0,0.0,0.0
3,0,0.9375,0.0625,0.0,0.0,0.0,0.0,0.0,0.0,0.0,0.0,0.0,0.0
3,0,0.9375,0.0625,0.0,0.0,0.0,0.0,0.0,0.0,0.0,0.0,0.0,0.0
3,0,0.9375,0.0625,0.0,0.0,0.0,0.0,0.0,0.0,0.0,0.0,0.0,0.0
3,0,0.9375,0.0625,0.0,0.0,0.0,0.0,0.0,0.0,0.0,0.0,0.0,0.0
3,0,0.9375,0.0625,0.0,0.0,0.0,0.0,0.0,0.0,0.0,0.0,0.0,0.0
3,0,0.9375,0.0625,0.0,0.0,0.0,0.0,0.0,0.0,0.0,0.0,0.0,0.0
3,0,0.9375,0.0625,0.0,0.0,0.0,0.0,0.0,0.0,0.0,0.0,0.0,0.0
3,0,0.9375,0.0625,0.0,0.0,0.0,0.0,0.0,0.0,0.0,0.0,0.0,0.0
3,0,0.9375,0.0625,0.0,0.0,0.0,0.0,0.0,0.0,0.0,0.0,0.0,0.0
3,0,0.9375,0.0625,0.0,0.0,0.0,0.0,0.0,0.0,0.0,0.0,0.0,0.0
3,0,0.9375,0.0625,0.0,0.0,0.0,0.0,0.0,0.0,0.0,0.0,0.0,0.0
3,0,0.9375,0.0625,0.0,0.0,0.0,0.0,0.0,0.0,0.0,0.0,0.0,0.0
3,0,0.9375,0.0625,0.0,0.0,0.0,0.0,0.0,0.0,0.0,0.0,0.0,0.0
3,0,0.9375,0.0625,0.0,0.0,0.0,0.0,0.0,0.0,0.0,0.0,0.0,0.0
3,0,0.9375,0.0625,0.0,0.0,0.0,0.0,0.0,0.0,0.0,0.0,0.0,0.0
3,0,0.9375,0.0625,0.0,0.0,0.0,0.0,0.0,0.0,0.0,0.0,0.0,0.0
3,0,0.9375,0.0625,0.0,0.0,0.0,0.0,0.0,0.0,0.0,0.0,0.0,0.0
3,0,0.9375,0.0625,0.0,0.0,0.0,0.0,0.0,0.0,0.0,0.0,0.0,0.0
3,0,0.9375,0.0625,0.0,0.0,0.0,0.0,0.0,0.0,0.0,0.0,0.0,0.0
3,0,0.9375,0.0625,0.0,0.0,0.0,0.0,0.0,0.0,0.0,0.0,0.0,0.0
3,0,0.9375,0.0625,0.0,0.0,0.0,0.0,0.0,0.0,0.0,0.0,0.0,0.0
3,0,0.9375,0.0625,0.0,0.0,0.0,0.0,0.0,0.0,0.0,0.0,0.0,0.0
3,0,0.9375,0.0625,0.0,0.0,0.0,0.0,0.0,0.0,0.0,0.0,0.0,0.0
3,0,0.9375,0.0625,0.0,0.0,0.0,0.0,0.0,0.0,0.0,0.0,0.0,0.0
3,0,0.9375,0.0625,0.0,0.0,0.0,0.0,0.0,0.0,0.0,0.0,0.0,0.0
3,0,0.9375,0.0625,0.0,0.0,0.0,0.0,0.0,0.0,0.0,0.0,0.0,0.0
3,0,0.9375,0.0625,0.0,0.0,0.0,0.0,0.0,0.0,0.0,0.0,0.0,0.0
3,0,0.9375,0.0625,0.0,0.0,0.0,0.0,0.0,0.0,0.0,0.0,0.0,0.0
3,0,0.9375,0.0625,0.0,0.0,0.0,0.0,0.0,0.0,0.0,0.0,0.0,0.0
3,0,0.9375,0.0625,0.0,0.0,0.0,0.0,0.0,0.0,0.0,0.0,0.0,0.0
3,0,0.9375,0.0625,0.0,0.0,0.0,0.0,0.0,0.0,0.0,0.0,0.0,0.0
3,0,0.9375,0.0625,0.0,0.0,0.0,0.0,0.0,0.0,0.0,0.0,0.0,0.0
3,0,0.9375,0.0625,0.0,0.0,0.0,0.0,0.0,0.0,0.0,0.0,0.0,0.0
3,0,0.9375,0.0625,0.0,0.0,0.0,0.0,0.0,0.0,0.0,0.0,0.0,0.0
3,0,0.9375,0.0625,0.0,0.0,0.0,0.0,0.0,0.0,0.0,0.0,0.0,0.0
3,0,0.9375,0.0625,0.0,0.0,0.0,0.0,0.0,0.0,0.0,0.0,0.0,0.0
3,0,0.9375,0.0625,0.0,0.0,0.0,0.0,0.0,0.0,0.0,0.0,0.0,0.0
3,0,0.9375,0.0625,0.0,0.0,0.0,0.0,0.0,0.0,0.0,0.0,0.0,0.0
3,0,0.9375,0.0625,0.0,0.0,0.0,0.0,0.0,0.0,0.0,0.0,0.0,0.0
3,0,0.9375,0.0625,0.0,0.0,0.0,0.0,0.0,0.0,0.0,0.0,0.0,0.0
3,0,0.9375,0.0625,0.0,0.0,0.0,0.0,0.0,0.0,0.0,0.0,0.0,0.0
3,0,0.9375,0.0625,0.0,0.0,0.0,0.0,0.0,0.0,0.0,0.0,0.0,0.0
3,0,0.9375,0.0625,0.0,0.0,0.0,0.0,0.0,0.0,0.0,0.0,0.0,0.0
3,0,0.9375,0.0625,0.0,0.0,0.0,0.0,0.0,0.0,0.0,0.0,0.0,0.0
3,0,0.9375,0.0625,0.0,0.0,0.0,0.0,0.0,0.0,0.0,0.0,0.0,0.0
3,0,0.9375,0.0625,0.0,0.0,0.0,0.0,0.0,0.0,0.0,0.0,0.0,0.0
3,0,0.9375,0.0625,0.0,0.0,0.0,0.0,0.0,0.0,0.0,0.0,0.0,0.0
3,0,0.9375,0.0625,0.0,0.0,0.0,0.0,0.0,0.0,0.0,0.0,0.0,0.0
3,0,0.9375,0.0625,0.0,0.0,0.0,0.0,0.0,0.0,0.0,0.0,0.0,0.0
3,0,0.9375,0.0625,0.0,0.0,0.0,0.0,0.0,0.0,0.0,0.0,0.0,0.0
3,0,0.9375,0.0625,0.0,0.0,0.0,0.0,0.0,0.0,0.0,0.0,0.0,0.0
3,0,0.9375,0.0625,0.0,0.0,0.0,0.0,0.0,0.0,0.0,0.0,0.0,0.0
3,0,0.9375,0.0625,0.0,0.0,0.0,0.0,0.0,0.0,0.0,0.0,0.0,0.0
3,0,0.9375,0.0625,0.0,0.0,0.0,0.0,0.0,0.0,0.0,0.0,0.0,0.0
3,0,0.9375,0.0625,0.0,0.0,0.0,0.0,0.0,0.0,0.0,0.0,0.0,0.0
3,0,0.9375,0.0625,0.0,0.0,0.0,0.0,0.0,0.0,0.0,0.0,0.0,0.0
3,0,0.9375,0.0625,0.0,0.0,0.0,0.0,0.0,0.0,0.0,0.0,0.0,0.0
3,0,0.9375,0.0625,0.0,0.0,0.0,0.0,0.0,0.0,0.0,0.0,0.0,0.0
3,0,0.9375,0.0625,0.0,0.0,0.0,0.0,0.0,0.0,0.0,0.0,0.0,0.0
3,0,0.9375,0.0625,0.0,0.0,0.0,0.0,0.0,0.0,0.0,0.0,0.0,0.0
3,0,0.9375,0.0625,0.0,0.0,0.0,0.0,0.0,0.0,0.0,0.0,0.0,0.0
3,0,0.9375,0.0625,0.0,0.0,0.0,0.0,0.0,0.0,0.0,0.0,0.0,0.0
3,0,0.9375,0.0625,0.0,0.0,0.0,0.0,0.0,0.0,0.0,0.0,0.0,0.0
3,0,0.9375,0.0625,0.0,0.0,0.0,0.0,0.0,0.0,0.0,0.0,0.0,0.0
3,0,0.921875,0.078125,0.0,0.0,0.0,0.0,0.0,0.0,0.0,0.0,0.0,0.0
3,0,0.921875,0.078125,0.0,0.0,0.0,0.0,0.0,0.0,0.0,0.0,0.0,0.0
3,0,0.921875,0.078125,0.0,0.0,0.0,0.0,0.0,0.0,0.0,0.0,0.0,0.0
3,0,0.921875,0.078125,0.0,0.0,0.0,0.0,0.0,0.0,0.0,0.0,0.0,0.0
3,0,0.921875,0.078125,0.0,0.0,0.0,0.0,0.0,0.0,0.0,0.0,0.0,0.0
3,0,0.921875,0.078125,0.0,0.0,0.0,0.0,0.0,0.0,0.0,0.0,0.0,0.0
3,0,0.921875,0.078125,0.0,0.0,0.0,0.0,0.0,0.0,0.0,0.0,0.0,0.0
3,0,0.921875,0.078125,0.0,0.0,0.0,0.0,0.0,0.0,0.0,0.0,0.0,0.0
3,0,0.90625,0.09375,0.0,0.0,0.0,0.0,0.0,0.0,0.0,0.0,0.0,0.0
3,0,0.90625,0.09375,0.0,0.0,0.0,0.0,0.0,0.0,0.0,0.0,0.0,0.0
3,0,0.90625,0.09375,0.0,0.0,0.0,0.0,0.0,0.0,0.0,0.0,0.0,0.0
3,0,0.90625,0.09375,0.0,0.0,0.0,0.0,0.0,0.0,0.0,0.0,0.0,0.0
3,0,0.90625,0.09375,0.0,0.0,0.0,0.0,0.0,0.0,0.0,0.0,0.0,0.0
3,0,0.90625,0.09375,0.0,0.0,0.0,0.0,0.0,0.0,0.0,0.0,0.0,0.0
3,0,0.90625,0.09375,0.0,0.0,0.0,0.0,0.0,0.0,0.0,0.0,0.0,0.0
3,0,0.90625,0.09375,0.0,0.0,0.0,0.0,0.0,0.0,0.0,0.0,0.0,0.0
3,0,0.90625,0.09375,0.0,0.0,0.0,0.0,0.0,0.0,0.0,0.0,0.0,0.0
3,0,0.90625,0.09375,0.0,0.0,0.0,0.0,0.0,0.0,0.0,0.0,0.0,0.0
3,0,0.90625,0.09375,0.0,0.0,0.0,0.0,0.0,0.0,0.0,0.0,0.0,0.0
3,0,0.90625,0.09375,0.0,0.0,0.0,0.0,0.0,0.0,0.0,0.0,0.0,0.0
3,0,0.90625,0.09375,0.0,0.0,0.0,0.0,0.0,0.0,0.0,0.0,0.0,0.0
3,0,0.90625,0.09375,0.0,0.0,0.0,0.0,0.0,0.0,0.0,0.0,0.0,0.0
3,0,0.90625,0.09375,0.0,0.0,0.0,0.0,0.0,0.0,0.0,0.0,0.0,0.0
3,0,0.90625,0.09375,0.0,0.0,0.0,0.0,0.0,0.0,0.0,0.0,0.0,0.0
3,0,0.90625,0.09375,0.0,0.0,0.0,0.0,0.0,0.0,0.0,0.0,0.0,0.0
3,0,0.90625,0.09375,0.0,0.0,0.0,0.0,0.0,0.0,0.0,0.0,0.0,0.0
3,0,0.90625,0.09375,0.0,0.0,0.0,0.0,0.0,0.0,0.0,0.0,0.0,0.0
3,0,0.90625,0.09375,0.0,0.0,0.0,0.0,0.0,0.0,0.0,0.0,0.0,0.0
3,0,0.90625,0.09375,0.0,0.0,0.0,0.0,0.0,0.0,0.0,0.0,0.0,0.0
3,0,0.90625,0.09375,0.0,0.0,0.0,0.0,0.0,0.0,0.0,0.0,0.0,0.0
3,0,0.90625,0.09375,0.0,0.0,0.0,0.0,0.0,0.0,0.0,0.0,0.0,0.0
3,0,0.90625,0.09375,0.0,0.0,0.0,0.0,0.0,0.0,0.0,0.0,0.0,0.0
3,0,0.90625,0.09375,0.0,0.0,0.0,0.0,0.0,0.0,0.0,0.0,0.0,0.0
3,0,0.90625,0.09375,0.0,0.0,0.0,0.0,0.0,0.0,0.0,0.0,0.0,0.0
3,0,0.90625,0.09375,0.0,0.0,0.0,0.0,0.0,0.0,0.0,0.0,0.0,0.0
3,0,0.90625,0.09375,0.0,0.0,0.0,0.0,0.0,0.0,0.0,0.0,0.0,0.0
3,0,0.90625,0.09375,0.0,0.0,0.0,0.0,0.0,0.0,0.0,0.0,0.0,0.0
3,0,0.90625,0.09375,0.0,0.0,0.0,0.0,0.0,0.0,0.0,0.0,0.0,0.0
3,0,0.90625,0.09375,0.0,0.0,0.0,0.0,0.0,0.0,0.0,0.0,0.0,0.0
3,0,0.90625,0.09375,0.0,0.0,0.0,0.0,0.0,0.0,0.0,0.0,0.0,0.0
3,0,0.90625,0.09375,0.0,0.0,0.0,0.0,0.0,0.0,0.0,0.0,0.0,0.0
3,0,0.90625,0.09375,0.0,0.0,0.0,0.0,0.0,0.0,0.0,0.0,0.0,0.0
3,0,0.90625,0.09375,0.0,0.0,0.0,0.0,0.0,0.0,0.0,0.0,0.0,0.0
3,0,0.90625,0.09375,0.0,0.0,0.0,0.0,0.0,0.0,0.0,0.0,0.0,0.0
3,0,0.90625,0.09375,0.0,0.0,0.0,0.0,0.0,0.0,0.0,0.0,0.0,0.0
3,0,0.90625,0.09375,0.0,0.0,0.0,0.0,0.0,0.0,0.0,0.0,0.0,0.0
3,0,0.90625,0.09375,0.0,0.0,0.0,0.0,0.0,0.0,0.0,0.0,0.0,0.0
3,0,0.90625,0.09375,0.0,0.0,0.0,0.0,0.0,0.0,0.0,0.0,0.0,0.0
3,0,0.90625,0.09375,0.0,0.0,0.0,0.0,0.0,0.0,0.0,0.0,0.0,0.0
3,0,0.90625,0.09375,0.0,0.0,0.0,0.0,0.0,0.0,0.0,0.0,0.0,0.0
3,0,0.90625,0.09375,0.0,0.0,0.0,0.0,0.0,0.0,0.0,0.0,0.0,0.0
3,0,0.90625,0.09375,0.0,0.0,0.0,0.0,0.0,0.0,0.0,0.0,0.0,0.0
3,0,0.90625,0.09375,0.0,0.0,0.0,0.0,0.0,0.0,0.0,0.0,0.0,0.0
3,0,0.90625,0.09375,0.0,0.0,0.0,0.0,0.0,0.0,0.0,0.0,0.0,0.0
3,0,0.90625,0.09375,0.0,0.0,0.0,0.0,0.0,0.0,0.0,0.0,0.0,0.0
3,0,0.90625,0.09375,0.0,0.0,0.0,0.0,0.0,0.0,0.0,0.0,0.0,0.0
3,0,0.90625,0.09375,0.0,0.0,0.0,0.0,0.0,0.0,0.0,0.0,0.0,0.0
3,0,0.90625,0.09375,0.0,0.0,0.0,0.0,0.0,0.0,0.0,0.0,0.0,0.0
3,0,0.90625,0.09375,0.0,0.0,0.0,0.0,0.0,0.0,0.0,0.0,0.0,0.0
3,0,0.90625,0.09375,0.0,0.0,0.0,0.0,0.0,0.0,0.0,0.0,0.0,0.0
3,0,0.90625,0.09375,0.0,0.0,0.0,0.0,0.0,0.0,0.0,0.0,0.0,0.0
3,0,0.90625,0.09375,0.0,0.0,0.0,0.0,0.0,0.0,0.0,0.0,0.0,0.0
3,0,0.90625,0.09375,0.0,0.0,0.0,0.0,0.0,0.0,0.0,0.0,0.0,0.0
3,0,0.90625,0.09375,0.0,0.0,0.0,0.0,0.0,0.0,0.0,0.0,0.0,0.0
3,0,0.921875,0.078125,0.0,0.0,0.0,0.0,0.0,0.0,0.0,0.0,0.0,0.0
3,0,0.921875,0.078125,0.0,0.0,0.0,0.0,0.0,0.0,0.0,0.0,0.0,0.0
3,0,0.921875,0.078125,0.0,0.0,0.0,0.0,0.0,0.0,0.0,0.0,0.0,0.0
3,0,0.921875,0.078125,0.0,0.0,0.0,0.0,0.0,0.0,0.0,0.0,0.0,0.0
3,0,0.921875,0.078125,0.0,0.0,0.0,0.0,0.0,0.0,0.0,0.0,0.0,0.0
3,0,0.921875,0.078125,0.0,0.0,0.0,0.0,0.0,0.0,0.0,0.0,0.0,0.0
3,0,0.921875,0.078125,0.0,0.0,0.0,0.0,0.0,0.0,0.0,0.0,0.0,0.0
3,0,0.921875,0.078125,0.0,0.0,0.0,0.0,0.0,0.0,0.0,0.0,0.0,0.0
3,0,0.921875,0.078125,0.0,0.0,0.0,0.0,0.0,0.0,0.0,0.0,0.0,0.0
3,0,0.921875,0.078125,0.0,0.0,0.0,0.0,0.0,0.0,0.0,0.0,0.0,0.0
3,0,0.921875,0.078125,0.0,0.0,0.0,0.0,0.0,0.0,0.0,0.0,0.0,0.0
3,0,0.921875,0.078125,0.0,0.0,0.0,0.0,0.0,0.0,0.0,0.0,0.0,0.0
3,0,0.921875,0.078125,0.0,0.0,0.0,0.0,0.0,0.0,0.0,0.0,0.0,0.0
3,0,0.921875,0.078125,0.0,0.0,0.0,0.0,0.0,0.0,0.0,0.0,0.0,0.0
3,0,0.921875,0.078125,0.0,0.0,0.0,0.0,0.0,0.0,0.0,0.0,0.0,0.0
3,0,0.921875,0.078125,0.0,0.0,0.0,0.0,0.0,0.0,0.0,0.0,0.0,0.0
3,0,0.9375,0.0625,0.0,0.0,0.0,0.0,0.0,0.0,0.0,0.0,0.0,0.0
3,0,0.9375,0.0625,0.0,0.0,0.0,0.0,0.0,0.0,0.0,0.0,0.0,0.0
3,0,0.9375,0.0625,0.0,0.0,0.0,0.0,0.0,0.0,0.0,0.0,0.0,0.0
3,0,0.9375,0.0625,0.0,0.0,0.0,0.0,0.0,0.0,0.0,0.0,0.0,0.0
3,0,0.9375,0.0625,0.0,0.0,0.0,0.0,0.0,0.0,0.0,0.0,0.0,0.0
3,0,0.9375,0.0625,0.0,0.0,0.0,0.0,0.0,0.0,0.0,0.0,0.0,0.0
3,0,0.9375,0.0625,0.0,0.0,0.0,0.0,0.0,0.0,0.0,0.0,0.0,0.0
3,0,0.9375,0.0625,0.0,0.0,0.0,0.0,0.0,0.0,0.0,0.0,0.0,0.0
3,0,0.9375,0.0625,0.0,0.0,0.0,0.0,0.0,0.0,0.0,0.0,0.0,0.0
3,0,0.9375,0.0625,0.0,0.0,0.0,0.0,0.0,0.0,0.0,0.0,0.0,0.0
3,0,0.9375,0.0625,0.0,0.0,0.0,0.0,0.0,0.0,0.0,0.0,0.0,0.0
3,0,0.9375,0.0625,0.0,0.0,0.0,0.0,0.0,0.0,0.0,0.0,0.0,0.0
3,0,0.9375,0.0625,0.0,0.0,0.0,0.0,0.0,0.0,0.0,0.0,0.0,0.0
3,0,0.9375,0.0625,0.0,0.0,0.0,0.0,0.0,0.0,0.0,0.0,0.0,0.0
3,0,0.9375,0.0625,0.0,0.0,0.0,0.0,0.0,0.0,0.0,0.0,0.0,0.0
3,0,0.9375,0.0625,0.0,0.0,0.0,0.0,0.0,0.0,0.0,0.0,0.0,0.0
3,0,0.9375,0.0625,0.0,0.0,0.0,0.0,0.0,0.0,0.0,0.0,0.0,0.0
3,0,0.9375,0.0625,0.0,0.0,0.0,0.0,0.0,0.0,0.0,0.0,0.0,0.0
3,0,0.9375,0.0625,0.0,0.0,0.0,0.0,0.0,0.0,0.0,0.0,0.0,0.0
3,0,0.9375,0.0625,0.0,0.0,0.0,0.0,0.0,0.0,0.0,0.0,0.0,0.0
3,0,0.9375,0.0625,0.0,0.0,0.0,0.0,0.0,0.0,0.0,0.0,0.0,0.0
3,0,0.9375,0.0625,0.0,0.0,0.0,0.0,0.0,0.0,0.0,0.0,0.0,0.0
3,0,0.9375,0.0625,0.0,0.0,0.0,0.0,0.0,0.0,0.0,0.0,0.0,0.0
3,0,0.9375,0.0625,0.0,0.0,0.0,0.0,0.0,0.0,0.0,0.0,0.0,0.0
3,0,0.9375,0.0625,0.0,0.0,0.0,0.0,0.0,0.0,0.0,0.0,0.0,0.0
3,0,0.9375,0.0625,0.0,0.0,0.0,0.0,0.0,0.0,0.0,0.0,0.0,0.0
3,0,0.9375,0.0625,0.0,0.0,0.0,0.0,0.0,0.0,0.0,0.0,0.0,0.0
3,0,0.9375,0.0625,0.0,0.0,0.0,0.0,0.0,0.0,0.0,0.0,0.0,0.0
3,0,0.9375,0.0625,0.0,0.0,0.0,0.0,0.0,0.0,0.0,0.0,0.0,0.0
3,0,0.9375,0.0625,0.0,0.0,0.0,0.0,0.0,0.0,0.0,0.0,0.0,0.0
3,0,0.9375,0.0625,0.0,0.0,0.0,0.0,0.0,0.0,0.0,0.0,0.0,0.0
3,0,0.9375,0.0625,0.0,0.0,0.0,0.0,0.0,0.0,0.0,0.0,0.0,0.0
3,0,0.9375,0.0625,0.0,0.0,0.0,0.0,0.0,0.0,0.0,0.0,0.0,0.0
3,0,0.9375,0.0625,0.0,0.0,0.0,0.0,0.0,0.0,0.0,0.0,0.0,0.0
3,0,0.9375,0.0625,0.0,0.0,0.0,0.0,0.0,0.0,0.0,0.0,0.0,0.0
3,0,0.9375,0.0625,0.0,0.0,0.0,0.0,0.0,0.0,0.0,0.0,0.0,0.0
3,0,0.9375,0.0625,0.0,0.0,0.0,0.0,0.0,0.0,0.0,0.0,0.0,0.0
3,0,0.9375,0.0625,0.0,0.0,0.0,0.0,0.0,0.0,0.0,0.0,0.0,0.0
3,0,0.9375,0.0625,0.0,0.0,0.0,0.0,0.0,0.0,0.0,0.0,0.0,0.0
3,0,0.9375,0.0625,0.0,0.0,0.0,0.0,0.0,0.0,0.0,0.0,0.0,0.0
3,0,0.9375,0.0625,0.0,0.0,0.0,0.0,0.0,0.0,0.0,0.0,0.0,0.0
3,0,0.9375,0.0625,0.0,0.0,0.0,0.0,0.0,0.0,0.0,0.0,0.0,0.0
3,0,0.9375,0.0625,0.0,0.0,0.0,0.0,0.0,0.0,0.0,0.0,0.0,0.0
3,0,0.9375,0.0625,0.0,0.0,0.0,0.0,0.0,0.0,0.0,0.0,0.0,0.0
3,0,0.9375,0.0625,0.0,0.0,0.0,0.0,0.0,0.0,0.0,0.0,0.0,0.0
3,0,0.9375,0.0625,0.0,0.0,0.0,0.0,0.0,0.0,0.0,0.0,0.0,0.0
3,0,0.9375,0.0625,0.0,0.0,0.0,0.0,0.0,0.0,0.0,0.0,0.0,0.0
3,0,0.9375,0.0625,0.0,0.0,0.0,0.0,0.0,0.0,0.0,0.0,0.0,0.0
3,0,0.9375,0.0625,0.0,0.0,0.0,0.0,0.0,0.0,0.0,0.0,0.0,0.0
3,0,0.9375,0.0625,0.0,0.0,0.0,0.0,0.0,0.0,0.0,0.0,0.0,0.0
3,0,0.9375,0.0625,0.0,0.0,0.0,0.0,0.0,0.0,0.0,0.0,0.0,0.0
3,0,0.9375,0.0625,0.0,0.0,0.0,0.0,0.0,0.0,0.0,0.0,0.0,0.0
3,0,0.9375,0.0625,0.0,0.0,0.0,0.0,0.0,0.0,0.0,0.0,0.0,0.0
3,0,0.9375,0.0625,0.0,0.0,0.0,0.0,0.0,0.0,0.0,0.0,0.0,0.0
3,0,0.9375,0.0625,0.0,0.0,0.0,0.0,0.0,0.0,0.0,0.0,0.0,0.0
3,0,0.9375,0.0625,0.0,0.0,0.0,0.0,0.0,0.0,0.0,0.0,0.0,0.0
3,0,0.9375,0.0625,0.0,0.0,0.0,0.0,0.0,0.0,0.0,0.0,0.0,0.0
3,0,0.9375,0.0625,0.0,0.0,0.0,0.0,0.0,0.0,0.0,0.0,0.0,0.0
3,0,0.9375,0.0625,0.0,0.0,0.0,0.0,0.0,0.0,0.0,0.0,0.0,0.0
3,0,0.9375,0.0625,0.0,0.0,0.0,0.0,0.0,0.0,0.0,0.0,0.0,0.0
3,0,0.9375,0.0625,0.0,0.0,0.0,0.0,0.0,0.0,0.0,0.0,0.0,0.0
3,0,0.9375,0.0625,0.0,0.0,0.0,0.0,0.0,0.0,0.0,0.0,0.0,0.0
3,0,0.9375,0.0625,0.0,0.0,0.0,0.0,0.0,0.0,0.0,0.0,0.0,0.0
3,0,0.9375,0.0625,0.0,0.0,0.0,0.0,0.0,0.0,0.0,0.0,0.0,0.0
3,0,0.921875,0.078125,0.0,0.0,0.0,0.0,0.0,0.0,0.0,0.0,0.0,0.0
3,0,0.921875,0.078125,0.0,0.0,0.0,0.0,0.0,0.0,0.0,0.0,0.0,0.0
3,0,0.921875,0.078125,0.0,0.0,0.0,0.0,0.0,0.0,0.0,0.0,0.0,0.0
3,0,0.921875,0.078125,0.0,0.0,0.0,0.0,0.0,0.0,0.0,0.0,0.0,0.0
3,0,0.921875,0.078125,0.0,0.0,0.0,0.0,0.0,0.0,0.0,0.0,0.0,0.0
3,0,0.921875,0.078125,0.0,0.0,0.0,0.0,0.0,0.0,0.0,0.0,0.0,0.0
3,0,0.921875,0.078125,0.0,0.0,0.0,0.0,0.0,0.0,0.0,0.0,0.0,0.0
3,0,0.921875,0.078125,0.0,0.0,0.0,0.0,0.0,0.0,0.0,0.0,0.0,0.0
3,0,0.921875,0.078125,0.0,0.0,0.0,0.0,0.0,0.0,0.0,0.0,0.0,0.0
3,0,0.921875,0.078125,0.0,0.0,0.0,0.0,0.0,0.0,0.0,0.0,0.0,0.0
3,0,0.921875,0.078125,0.0,0.0,0.0,0.0,0.0,0.0,0.0,0.0,0.0,0.0
3,0,0.921875,0.078125,0.0,0.0,0.0,0.0,0.0,0.0,0.0,0.0,0.0,0.0
3,0,0.921875,0.078125,0.0,0.0,0.0,0.0,0.0,0.0,0.0,0.0,0.0,0.0
3,0,0.921875,0.078125,0.0,0.0,0.0,0.0,0.0,0.0,0.0,0.0,0.0,0.0
3,0,0.921875,0.078125,0.0,0.0,0.0,0.0,0.0,0.0,0.0,0.0,0.0,0.0
3,0,0.921875,0.078125,0.0,0.0,0.0,0.0,0.0,0.0,0.0,0.0,0.0,0.0
3,0,0.921875,0.078125,0.0,0.0,0.0,0.0,0.0,0.0,0.0,0.0,0.0,0.0
3,0,0.921875,0.078125,0.0,0.0,0.0,0.0,0.0,0.0,0.0,0.0,0.0,0.0
3,0,0.921875,0.078125,0.0,0.0,0.0,0.0,0.0,0.0,0.0,0.0,0.0,0.0
3,0,0.921875,0.078125,0.0,0.0,0.0,0.0,0.0,0.0,0.0,0.0,0.0,0.0
3,0,0.921875,0.078125,0.0,0.0,0.0,0.0,0.0,0.0,0.0,0.0,0.0,0.0
3,0,0.921875,0.078125,0.0,0.0,0.0,0.0,0.0,0.0,0.0,0.0,0.0,0.0
3,0,0.921875,0.078125,0.0,0.0,0.0,0.0,0.0,0.0,0.0,0.0,0.0,0.0
3,0,0.921875,0.078125,0.0,0.0,0.0,0.0,0.0,0.0,0.0,0.0,0.0,0.0
3,0,0.921875,0.078125,0.0,0.0,0.0,0.0,0.0,0.0,0.0,0.0,0.0,0.0
3,0,0.921875,0.078125,0.0,0.0,0.0,0.0,0.0,0.0,0.0,0.0,0.0,0.0
3,0,0.921875,0.078125,0.0,0.0,0.0,0.0,0.0,0.0,0.0,0.0,0.0,0.0
3,0,0.921875,0.078125,0.0,0.0,0.0,0.0,0.0,0.0,0.0,0.0,0.0,0.0
3,0,0.921875,0.078125,0.0,0.0,0.0,0.0,0.0,0.0,0.0,0.0,0.0,0.0
3,0,0.921875,0.078125,0.0,0.0,0.0,0.0,0.0,0.0,0.0,0.0,0.0,0.0
3,0,0.921875,0.078125,0.0,0.0,0.0,0.0,0.0,0.0,0.0,0.0,0.0,0.0
3,0,0.921875,0.078125,0.0,0.0,0.0,0.0,0.0,0.0,0.0,0.0,0.0,0.0
3,0,0.90625,0.09375,0.0,0.0,0.0,0.0,0.0,0.0,0.0,0.0,0.0,0.0
3,0,0.90625,0.09375,0.0,0.0,0.0,0.0,0.0,0.0,0.0,0.0,0.0,0.0
3,0,0.90625,0.09375,0.0,0.0,0.0,0.0,0.0,0.0,0.0,0.0,0.0,0.0
3,0,0.90625,0.09375,0.0,0.0,0.0,0.0,0.0,0.0,0.0,0.0,0.0,0.0
3,0,0.90625,0.09375,0.0,0.0,0.0,0.0,0.0,0.0,0.0,0.0,0.0,0.0
3,0,0.90625,0.09375,0.0,0.0,0.0,0.0,0.0,0.0,0.0,0.0,0.0,0.0
3,0,0.90625,0.09375,0.0,0.0,0.0,0.0,0.0,0.0,0.0,0.0,0.0,0.0
3,0,0.90625,0.09375,0.0,0.0,0.0,0.0,0.0,0.0,0.0,0.0,0.0,0.0
3,0,0.90625,0.09375,0.0,0.0,0.0,0.0,0.0,0.0,0.0,0.0,0.0,0.0
3,0,0.90625,0.09375,0.0,0.0,0.0,0.0,0.0,0.0,0.0,0.0,0.0,0.0
3,0,0.90625,0.09375,0.0,0.0,0.0,0.0,0.0,0.0,0.0,0.0,0.0,0.0
3,0,0.90625,0.09375,0.0,0.0,0.0,0.0,0.0,0.0,0.0,0.0,0.0,0.0
3,0,0.90625,0.09375,0.0,0.0,0.0,0.0,0.0,0.0,0.0,0.0,0.0,0.0
3,0,0.90625,0.09375,0.0,0.0,0.0,0.0,0.0,0.0,0.0,0.0,0.0,0.0
3,0,0.90625,0.09375,0.0,0.0,0.0,0.0,0.0,0.0,0.0,0.0,0.0,0.0
3,0,0.90625,0.09375,0.0,0.0,0.0,0.0,0.0,0.0,0.0,0.0,0.0,0.0
3,0,0.90625,0.09375,0.0,0.0,0.0,0.0,0.0,0.0,0.0,0.0,0.0,0.0
3,0,0.90625,0.09375,0.0,0.0,0.0,0.0,0.0,0.0,0.0,0.0,0.0,0.0
3,0,0.90625,0.09375,0.0,0.0,0.0,0.0,0.0,0.0,0.0,0.0,0.0,0.0
3,0,0.90625,0.09375,0.0,0.0,0.0,0.0,0.0,0.0,0.0,0.0,0.0,0.0
3,0,0.90625,0.09375,0.0,0.0,0.0,0.0,0.0,0.0,0.0,0.0,0.0,0.0
3,0,0.90625,0.09375,0.0,0.0,0.0,0.0,0.0,0.0,0.0,0.0,0.0,0.0
3,0,0.90625,0.09375,0.0,0.0,0.0,0.0,0.0,0.0,0.0,0.0,0.0,0.0
3,0,0.90625,0.09375,0.0,0.0,0.0,0.0,0.0,0.0,0.0,0.0,0.0,0.0
3,0,0.90625,0.09375,0.0,0.0,0.0,0.0,0.0,0.0,0.0,0.0,0.0,0.0
3,0,0.90625,0.09375,0.0,0.0,0.0,0.0,0.0,0.0,0.0,0.0,0.0,0.0
3,0,0.90625,0.09375,0.0,0.0,0.0,0.0,0.0,0.0,0.0,0.0,0.0,0.0
3,0,0.90625,0.09375,0.0,0.0,0.0,0.0,0.0,0.0,0.0,0.0,0.0,0.0
3,0,0.90625,0.09375,0.0,0.0,0.0,0.0,0.0,0.0,0.0,0.0,0.0,0.0
3,0,0.90625,0.09375,0.0,0.0,0.0,0.0,0.0,0.0,0.0,0.0,0.0,0.0
3,0,0.90625,0.09375,0.0,0.0,0.0,0.0,0.0,0.0,0.0,0.0,0.0,0.0
3,0,0.90625,0.09375,0.0,0.0,0.0,0.0,0.0,0.0,0.0,0.0,0.0,0.0
3,0,0.90625,0.09375,0.0,0.0,0.0,0.0,0.0,0.0,0.0,0.0,0.0,0.0
3,0,0.90625,0.09375,0.0,0.0,0.0,0.0,0.0,0.0,0.0,0.0,0.0,0.0
3,0,0.90625,0.09375,0.0,0.0,0.0,0.0,0.0,0.0,0.0,0.0,0.0,0.0
3,0,0.90625,0.09375,0.0,0.0,0.0,0.0,0.0,0.0,0.0,0.0,0.0,0.0
3,0,0.90625,0.09375,0.0,0.0,0.0,0.0,0.0,0.0,0.0,0.0,0.0,0.0
3,0,0.90625,0.09375,0.0,0.0,0.0,0.0,0.0,0.0,0.0,0.0,0.0,0.0
3,0,0.90625,0.09375,0.0,0.0,0.0,0.0,0.0,0.0,0.0,0.0,0.0,0.0
3,0,0.90625,0.09375,0.0,0.0,0.0,0.0,0.0,0.0,0.0,0.0,0.0,0.0
3,0,0.90625,0.09375,0.0,0.0,0.0,0.0,0.0,0.0,0.0,0.0,0.0,0.0
3,0,0.90625,0.09375,0.0,0.0,0.0,0.0,0.0,0.0,0.0,0.0,0.0,0.0
3,0,0.90625,0.09375,0.0,0.0,0.0,0.0,0.0,0.0,0.0,0.0,0.0,0.0
3,0,0.90625,0.09375,0.0,0.0,0.0,0.0,0.0,0.0,0.0,0.0,0.0,0.0
3,0,0.90625,0.09375,0.0,0.0,0.0,0.0,0.0,0.0,0.0,0.0,0.0,0.0
3,0,0.90625,0.09375,0.0,0.0,0.0,0.0,0.0,0.0,0.0,0.0,0.0,0.0
3,0,0.90625,0.09375,0.0,0.0,0.0,0.0,0.0,0.0,0.0,0.0,0.0,0.0
3,0,0.90625,0.09375,0.0,0.0,0.0,0.0,0.0,0.0,0.0,0.0,0.0,0.0
3,0,0.90625,0.09375,0.0,0.0,0.0,0.0,0.0,0.0,0.0,0.0,0.0,0.0
3,0,0.90625,0.09375,0.0,0.0,0.0,0.0,0.0,0.0,0.0,0.0,0.0,0.0
3,0,0.90625,0.09375,0.0,0.0,0.0,0.0,0.0,0.0,0.0,0.0,0.0,0.0
3,0,0.90625,0.09375,0.0,0.0,0.0,0.0,0.0,0.0,0.0,0.0,0.0,0.0
3,0,0.90625,0.09375,0.0,0.0,0.0,0.0,0.0,0.0,0.0,0.0,0.0,0.0
3,0,0.90625,0.09375,0.0,0.0,0.0,0.0,0.0,0.0,0.0,0.0,0.0,0.0
3,0,0.90625,0.09375,0.0,0.0,0.0,0.0,0.0,0.0,0.0,0.0,0.0,0.0
3,0,0.90625,0.09375,0.0,0.0,0.0,0.0,0.0,0.0,0.0,0.0,0.0,0.0
3,0,0.90625,0.09375,0.0,0.0,0.0,0.0,0.0,0.0,0.0,0.0,0.0,0.0
3,0,0.90625,0.09375,0.0,0.0,0.0,0.0,0.0,0.0,0.0,0.0,0.0,0.0
3,0,0.90625,0.09375,0.0,0.0,0.0,0.0,0.0,0.0,0.0,0.0,0.0,0.0
3,0,0.90625,0.09375,0.0,0.0,0.0,0.0,0.0,0.0,0.0,0.0,0.0,0.0
3,0,0.90625,0.09375,0.0,0.0,0.0,0.0,0.0,0.0,0.0,0.0,0.0,0.0
3,0,0.90625,0.09375,0.0,0.0,0.0,0.0,0.0,0.0,0.0,0.0,0.0,0.0
3,0,0.90625,0.09375,0.0,0.0,0.0,0.0,0.0,0.0,0.0,0.0,0.0,0.0
3,0,0.90625,0.09375,0.0,0.0,0.0,0.0,0.0,0.0,0.0,0.0,0.0,0.0
3,0,0.90625,0.09375,0.0,0.0,0.0,0.0,0.0,0.0,0.0,0.0,0.0,0.0
3,0,0.90625,0.09375,0.0,0.0,0.0,0.0,0.0,0.0,0.0,0.0,0.0,0.0
3,0,0.90625,0.09375,0.0,0.0,0.0,0.0,0.0,0.0,0.0,0.0,0.0,0.0
3,0,0.90625,0.09375,0.0,0.0,0.0,0.0,0.0,0.0,0.0,0.0,0.0,0.0
3,0,0.90625,0.09375,0.0,0.0,0.0,0.0,0.0,0.0,0.0,0.0,0.0,0.0
3,0,0.90625,0.09375,0.0,0.0,0.0,0.0,0.0,0.0,0.0,0.0,0.0,0.0
3,0,0.90625,0.09375,0.0,0.0,0.0,0.0,0.0,0.0,0.0,0.0,0.0,0.0
3,0,0.90625,0.09375,0.0,0.0,0.0,0.0,0.0,0.0,0.0,0.0,0.0,0.0
3,0,0.90625,0.09375,0.0,0.0,0.0,0.0,0.0,0.0,0.0,0.0,0.0,0.0
3,0,0.90625,0.09375,0.0,0.0,0.0,0.0,0.0,0.0,0.0,0.0,0.0,0.0
3,0,0.90625,0.09375,0.0,0.0,0.0,0.0,0.0,0.0,0.0,0.0,0.0,0.0
3,0,0.90625,0.09375,0.0,0.0,0.0,0.0,0.0,0.0,0.0,0.0,0.0,0.0
3,0,0.90625,0.09375,0.0,0.0,0.0,0.0,0.0,0.0,0.0,0.0,0.0,0.0
3,0,0.90625,0.09375,0.0,0.0,0.0,0.0,0.0,0.0,0.0,0.0,0.0,0.0
3,0,0.90625,0.09375,0.0,0.0,0.0,0.0,0.0,0.0,0.0,0.0,0.0,0.0
3,0,0.90625,0.09375,0.0,0.0,0.0,0.0,0.0,0.0,0.0,0.0,0.0,0.0
3,0,0.90625,0.09375,0.0,0.0,0.0,0.0,0.0,0.0,0.0,0.0,0.0,0.0
3,0,0.90625,0.09375,0.0,0.0,0.0,0.0,0.0,0.0,0.0,0.0,0.0,0.0
3,0,0.90625,0.09375,0.0,0.0,0.0,0.0,0.0,0.0,0.0,0.0,0.0,0.0
3,0,0.90625,0.09375,0.0,0.0,0.0,0.0,0.0,0.0,0.0,0.0,0.0,0.0
3,0,0.90625,0.09375,0.0,0.0,0.0,0.0,0.0,0.0,0.0,0.0,0.0,0.0
3,0,0.90625,0.09375,0.0,0.0,0.0,0.0,0.0,0.0,0.0,0.0,0.0,0.0
3,0,0.90625,0.09375,0.0,0.0,0.0,0.0,0.0,0.0,0.0,0.0,0.0,0.0
3,0,0.90625,0.09375,0.0,0.0,0.0,0.0,0.0,0.0,0.0,0.0,0.0,0.0
3,0,0.90625,0.09375,0.0,0.0,0.0,0.0,0.0,0.0,0.0,0.0,0.0,0.0
3,0,0.90625,0.09375,0.0,0.0,0.0,0.0,0.0,0.0,0.0,0.0,0.0,0.0
3,0,0.90625,0.09375,0.0,0.0,0.0,0.0,0.0,0.0,0.0,0.0,0.0,0.0
3,0,0.90625,0.09375,0.0,0.0,0.0,0.0,0.0,0.0,0.0,0.0,0.0,0.0
3,0,0.90625,0.09375,0.0,0.0,0.0,0.0,0.0,0.0,0.0,0.0,0.0,0.0
3,0,0.90625,0.09375,0.0,0.0,0.0,0.0,0.0,0.0,0.0,0.0,0.0,0.0
3,0,0.90625,0.09375,0.0,0.0,0.0,0.0,0.0,0.0,0.0,0.0,0.0,0.0
3,0,0.90625,0.09375,0.0,0.0,0.0,0.0,0.0,0.0,0.0,0.0,0.0,0.0
3,0,0.921875,0.078125,0.0,0.0,0.0,0.0,0.0,0.0,0.0,0.0,0.0,0.0
3,0,0.921875,0.078125,0.0,0.0,0.0,0.0,0.0,0.0,0.0,0.0,0.0,0.0
3,0,0.921875,0.078125,0.0,0.0,0.0,0.0,0.0,0.0,0.0,0.0,0.0,0.0
3,0,0.921875,0.078125,0.0,0.0,0.0,0.0,0.0,0.0,0.0,0.0,0.0,0.0
3,0,0.9375,0.0625,0.0,0.0,0.0,0.0,0.0,0.0,0.0,0.0,0.0,0.0
3,0,0.9375,0.0625,0.0,0.0,0.0,0.0,0.0,0.0,0.0,0.0,0.0,0.0
3,0,0.9375,0.0625,0.0,0.0,0.0,0.0,0.0,0.0,0.0,0.0,0.0,0.0
3,0,0.9375,0.0625,0.0,0.0,0.0,0.0,0.0,0.0,0.0,0.0,0.0,0.0
3,0,0.9375,0.0625,0.0,0.0,0.0,0.0,0.0,0.0,0.0,0.0,0.0,0.0
3,0,0.9375,0.0625,0.0,0.0,0.0,0.0,0.0,0.0,0.0,0.0,0.0,0.0
3,0,0.9375,0.0625,0.0,0.0,0.0,0.0,0.0,0.0,0.0,0.0,0.0,0.0
3,0,0.9375,0.0625,0.0,0.0,0.0,0.0,0.0,0.0,0.0,0.0,0.0,0.0
3,0,0.9375,0.0625,0.0,0.0,0.0,0.0,0.0,0.0,0.0,0.0,0.0,0.0
3,0,0.9375,0.0625,0.0,0.0,0.0,0.0,0.0,0.0,0.0,0.0,0.0,0.0
3,0,0.9375,0.0625,0.0,0.0,0.0,0.0,0.0,0.0,0.0,0.0,0.0,0.0
3,0,0.9375,0.0625,0.0,0.0,0.0,0.0,0.0,0.0,0.0,0.0,0.0,0.0
3,0,0.9375,0.0625,0.0,0.0,0.0,0.0,0.0,0.0,0.0,0.0,0.0,0.0
3,0,0.9375,0.0625,0.0,0.0,0.0,0.0,0.0,0.0,0.0,0.0,0.0,0.0
3,0,0.9375,0.0625,0.0,0.0,0.0,0.0,0.0,0.0,0.0,0.0,0.0,0.0
3,0,0.9375,0.0625,0.0,0.0,0.0,0.0,0.0,0.0,0.0,0.0,0.0,0.0
3,0,0.9375,0.0625,0.0,0.0,0.0,0.0,0.0,0.0,0.0,0.0,0.0,0.0
3,0,0.9375,0.0625,0.0,0.0,0.0,0.0,0.0,0.0,0.0,0.0,0.0,0.0
3,0,0.9375,0.0625,0.0,0.0,0.0,0.0,0.0,0.0,0.0,0.0,0.0,0.0
3,0,0.9375,0.0625,0.0,0.0,0.0,0.0,0.0,0.0,0.0,0.0,0.0,0.0
3,0,0.9375,0.0625,0.0,0.0,0.0,0.0,0.0,0.0,0.0,0.0,0.0,0.0
3,0,0.9375,0.0625,0.0,0.0,0.0,0.0,0.0,0.0,0.0,0.0,0.0,0.0
3,0,0.9375,0.0625,0.0,0.0,0.0,0.0,0.0,0.0,0.0,0.0,0.0,0.0
3,0,0.9375,0.0625,0.0,0.0,0.0,0.0,0.0,0.0,0.0,0.0,0.0,0.0
3,0,0.9375,0.0625,0.0,0.0,0.0,0.0,0.0,0.0,0.0,0.0,0.0,0.0
3,0,0.9375,0.0625,0.0,0.0,0.0,0.0,0.0,0.0,0.0,0.0,0.0,0.0
3,0,0.9375,0.0625,0.0,0.0,0.0,0.0,0.0,0.0,0.0,0.0,0.0,0.0
3,0,0.9375,0.0625,0.0,0.0,0.0,0.0,0.0,0.0,0.0,0.0,0.0,0.0
3,0,0.9375,0.0625,0.0,0.0,0.0,0.0,0.0,0.0,0.0,0.0,0.0,0.0
3,0,0.9375,0.0625,0.0,0.0,0.0,0.0,0.0,0.0,0.0,0.0,0.0,0.0
3,0,0.9375,0.0625,0.0,0.0,0.0,0.0,0.0,0.0,0.0,0.0,0.0,0.0
3,0,0.9375,0.0625,0.0,0.0,0.0,0.0,0.0,0.0,0.0,0.0,0.0,0.0
3,0,0.9375,0.0625,0.0,0.0,0.0,0.0,0.0,0.0,0.0,0.0,0.0,0.0
3,0,0.9375,0.0625,0.0,0.0,0.0,0.0,0.0,0.0,0.0,0.0,0.0,0.0
3,0,0.9375,0.0625,0.0,0.0,0.0,0.0,0.0,0.0,0.0,0.0,0.0,0.0
3,0,0.9375,0.0625,0.0,0.0,0.0,0.0,0.0,0.0,0.0,0.0,0.0,0.0
3,0,0.9375,0.0625,0.0,0.0,0.0,0.0,0.0,0.0,0.0,0.0,0.0,0.0
3,0,0.9375,0.0625,0.0,0.0,0.0,0.0,0.0,0.0,0.0,0.0,0.0,0.0
3,0,0.9375,0.0625,0.0,0.0,0.0,0.0,0.0,0.0,0.0,0.0,0.0,0.0
3,0,0.9375,0.0625,0.0,0.0,0.0,0.0,0.0,0.0,0.0,0.0,0.0,0.0
3,0,0.9375,0.0625,0.0,0.0,0.0,0.0,0.0,0.0,0.0,0.0,0.0,0.0
3,0,0.9375,0.0625,0.0,0.0,0.0,0.0,0.0,0.0,0.0,0.0,0.0,0.0
3,0,0.9375,0.0625,0.0,0.0,0.0,0.0,0.0,0.0,0.0,0.0,0.0,0.0
3,0,0.9375,0.0625,0.0,0.0,0.0,0.0,0.0,0.0,0.0,0.0,0.0,0.0
3,0,0.9375,0.0625,0.0,0.0,0.0,0.0,0.0,0.0,0.0,0.0,0.0,0.0
3,0,0.9375,0.0625,0.0,0.0,0.0,0.0,0.0,0.0,0.0,0.0,0.0,0.0
3,0,0.9375,0.0625,0.0,0.0,0.0,0.0,0.0,0.0,0.0,0.0,0.0,0.0
3,0,0.9375,0.0625,0.0,0.0,0.0,0.0,0.0,0.0,0.0,0.0,0.0,0.0
3,0,0.9375,0.0625,0.0,0.0,0.0,0.0,0.0,0.0,0.0,0.0,0.0,0.0
3,0,0.9375,0.0625,0.0,0.0,0.0,0.0,0.0,0.0,0.0,0.0,0.0,0.0
3,0,0.9375,0.0625,0.0,0.0,0.0,0.0,0.0,0.0,0.0,0.0,0.0,0.0
3,0,0.9375,0.0625,0.0,0.0,0.0,0.0,0.0,0.0,0.0,0.0,0.0,0.0
3,0,0.9375,0.0625,0.0,0.0,0.0,0.0,0.0,0.0,0.0,0.0,0.0,0.0
3,0,0.9375,0.0625,0.0,0.0,0.0,0.0,0.0,0.0,0.0,0.0,0.0,0.0
3,0,0.9375,0.0625,0.0,0.0,0.0,0.0,0.0,0.0,0.0,0.0,0.0,0.0
3,0,0.9375,0.0625,0.0,0.0,0.0,0.0,0.0,0.0,0.0,0.0,0.0,0.0
3,0,0.9375,0.0625,0.0,0.0,0.0,0.0,0.0,0.0,0.0,0.0,0.0,0.0
3,0,0.9375,0.0625,0.0,0.0,0.0,0.0,0.0,0.0,0.0,0.0,0.0,0.0
3,0,0.9375,0.0625,0.0,0.0,0.0,0.0,0.0,0.0,0.0,0.0,0.0,0.0
3,0,0.9375,0.0625,0.0,0.0,0.0,0.0,0.0,0.0,0.0,0.0,0.0,0.0
3,0,0.9375,0.0625,0.0,0.0,0.0,0.0,0.0,0.0,0.0,0.0,0.0,0.0
3,0,0.9375,0.0625,0.0,0.0,0.0,0.0,0.0,0.0,0.0,0.0,0.0,0.0
3,0,0.9375,0.0625,0.0,0.0,0.0,0.0,0.0,0.0,0.0,0.0,0.0,0.0
3,0,0.9375,0.0625,0.0,0.0,0.0,0.0,0.0,0.0,0.0,0.0,0.0,0.0
3,0,0.9375,0.0625,0.0,0.0,0.0,0.0,0.0,0.0,0.0,0.0,0.0,0.0
3,0,0.9375,0.0625,0.0,0.0,0.0,0.0,0.0,0.0,0.0,0.0,0.0,0.0
3,0,0.9375,0.0625,0.0,0.0,0.0,0.0,0.0,0.0,0.0,0.0,0.0,0.0
3,0,0.9375,0.0625,0.0,0.0,0.0,0.0,0.0,0.0,0.0,0.0,0.0,0.0
3,0,0.9375,0.0625,0.0,0.0,0.0,0.0,0.0,0.0,0.0,0.0,0.0,0.0
3,0,0.9375,0.0625,0.0,0.0,0.0,0.0,0.0,0.0,0.0,0.0,0.0,0.0
3,0,0.9375,0.0625,0.0,0.0,0.0,0.0,0.0,0.0,0.0,0.0,0.0,0.0
3,0,0.9375,0.0625,0.0,0.0,0.0,0.0,0.0,0.0,0.0,0.0,0.0,0.0
3,0,0.9375,0.0625,0.0,0.0,0.0,0.0,0.0,0.0,0.0,0.0,0.0,0.0
3,0,0.9375,0.0625,0.0,0.0,0.0,0.0,0.0,0.0,0.0,0.0,0.0,0.0
3,0,0.9375,0.0625,0.0,0.0,0.0,0.0,0.0,0.0,0.0,0.0,0.0,0.0
3,0,0.9375,0.0625,0.0,0.0,0.0,0.0,0.0,0.0,0.0,0.0,0.0,0.0
3,0,0.9375,0.0625,0.0,0.0,0.0,0.0,0.0,0.0,0.0,0.0,0.0,0.0
3,0,0.9375,0.0625,0.0,0.0,0.0,0.0,0.0,0.0,0.0,0.0,0.0,0.0
3,0,0.9375,0.0625,0.0,0.0,0.0,0.0,0.0,0.0,0.0,0.0,0.0,0.0
3,0,0.9375,0.0625,0.0,0.0,0.0,0.0,0.0,0.0,0.0,0.0,0.0,0.0
3,0,0.9375,0.0625,0.0,0.0,0.0,0.0,0.0,0.0,0.0,0.0,0.0,0.0
3,0,0.9375,0.0625,0.0,0.0,0.0,0.0,0.0,0.0,0.0,0.0,0.0,0.0
3,0,0.9375,0.0625,0.0,0.0,0.0,0.0,0.0,0.0,0.0,0.0,0.0,0.0
3,0,0.9375,0.0625,0.0,0.0,0.0,0.0,0.0,0.0,0.0,0.0,0.0,0.0
3,0,0.9375,0.0625,0.0,0.0,0.0,0.0,0.0,0.0,0.0,0.0,0.0,0.0
3,0,0.9375,0.0625,0.0,0.0,0.0,0.0,0.0,0.0,0.0,0.0,0.0,0.0
3,0,0.9375,0.0625,0.0,0.0,0.0,0.0,0.0,0.0,0.0,0.0,0.0,0.0
3,0,0.9375,0.0625,0.0,0.0,0.0,0.0,0.0,0.0,0.0,0.0,0.0,0.0
3,0,0.9375,0.0625,0.0,0.0,0.0,0.0,0.0,0.0,0.0,0.0,0.0,0.0
3,0,0.9375,0.0625,0.0,0.0,0.0,0.0,0.0,0.0,0.0,0.0,0.0,0.0
3,0,0.9375,0.0625,0.0,0.0,0.0,0.0,0.0,0.0,0.0,0.0,0.0,0.0
3,0,0.9375,0.0625,0.0,0.0,0.0,0.0,0.0,0.0,0.0,0.0,0.0,0.0
3,0,0.9375,0.0625,0.0,0.0,0.0,0.0,0.0,0.0,0.0,0.0,0.0,0.0
3,0,0.9375,0.0625,0.0,0.0,0.0,0.0,0.0,0.0,0.0,0.0,0.0,0.0
3,0,0.9375,0.0625,0.0,0.0,0.0,0.0,0.0,0.0,0.0,0.0,0.0,0.0
3,0,0.9375,0.0625,0.0,0.0,0.0,0.0,0.0,0.0,0.0,0.0,0.0,0.0
3,0,0.9375,0.0625,0.0,0.0,0.0,0.0,0.0,0.0,0.0,0.0,0.0,0.0
3,0,0.9375,0.0625,0.0,0.0,0.0,0.0,0.0,0.0,0.0,0.0,0.0,0.0
3,0,0.9375,0.0625,0.0,0.0,0.0,0.0,0.0,0.0,0.0,0.0,0.0,0.0
3,0,0.9375,0.0625,0.0,0.0,0.0,0.0,0.0,0.0,0.0,0.0,0.0,0.0
3,0,0.9375,0.0625,0.0,0.0,0.0,0.0,0.0,0.0,0.0,0.0,0.0,0.0
3,0,0.9375,0.0625,0.0,0.0,0.0,0.0,0.0,0.0,0.0,0.0,0.0,0.0
3,0,0.9375,0.0625,0.0,0.0,0.0,0.0,0.0,0.0,0.0,0.0,0.0,0.0
3,0,0.9375,0.0625,0.0,0.0,0.0,0.0,0.0,0.0,0.0,0.0,0.0,0.0
3,0,0.9375,0.0625,0.0,0.0,0.0,0.0,0.0,0.0,0.0,0.0,0.0,0.0
3,0,0.9375,0.0625,0.0,0.0,0.0,0.0,0.0,0.0,0.0,0.0,0.0,0.0
3,0,0.9375,0.0625,0.0,0.0,0.0,0.0,0.0,0.0,0.0,0.0,0.0,0.0
3,0,0.9375,0.0625,0.0,0.0,0.0,0.0,0.0,0.0,0.0,0.0,0.0,0.0
3,0,0.9375,0.0625,0.0,0.0,0.0,0.0,0.0,0.0,0.0,0.0,0.0,0.0
3,0,0.9375,0.0625,0.0,0.0,0.0,0.0,0.0,0.0,0.0,0.0,0.0,0.0
3,0,0.9375,0.0625,0.0,0.0,0.0,0.0,0.0,0.0,0.0,0.0,0.0,0.0
3,0,0.9375,0.0625,0.0,0.0,0.0,0.0,0.0,0.0,0.0,0.0,0.0,0.0
3,0,0.9375,0.0625,0.0,0.0,0.0,0.0,0.0,0.0,0.0,0.0,0.0,0.0
3,0,0.9375,0.0625,0.0,0.0,0.0,0.0,0.0,0.0,0.0,0.0,0.0,0.0
3,0,0.9375,0.0625,0.0,0.0,0.0,0.0,0.0,0.0,0.0,0.0,0.0,0.0
3,0,0.9375,0.0625,0.0,0.0,0.0,0.0,0.0,0.0,0.0,0.0,0.0,0.0
3,0,0.9375,0.0625,0.0,0.0,0.0,0.0,0.0,0.0,0.0,0.0,0.0,0.0
3,0,0.9375,0.0625,0.0,0.0,0.0,0.0,0.0,0.0,0.0,0.0,0.0,0.0
3,0,0.9375,0.0625,0.0,0.0,0.0,0.0,0.0,0.0,0.0,0.0,0.0,0.0
3,0,0.9375,0.0625,0.0,0.0,0.0,0.0,0.0,0.0,0.0,0.0,0.0,0.0
3,0,0.9375,0.0625,0.0,0.0,0.0,0.0,0.0,0.0,0.0,0.0,0.0,0.0
3,0,0.9375,0.0625,0.0,0.0,0.0,0.0,0.0,0.0,0.0,0.0,0.0,0.0
3,0,0.9375,0.0625,0.0,0.0,0.0,0.0,0.0,0.0,0.0,0.0,0.0,0.0
3,0,0.9375,0.0625,0.0,0.0,0.0,0.0,0.0,0.0,0.0,0.0,0.0,0.0
3,0,0.9375,0.0625,0.0,0.0,0.0,0.0,0.0,0.0,0.0,0.0,0.0,0.0
3,0,0.9375,0.0625,0.0,0.0,0.0,0.0,0.0,0.0,0.0,0.0,0.0,0.0
3,0,0.9375,0.0625,0.0,0.0,0.0,0.0,0.0,0.0,0.0,0.0,0.0,0.0
3,0,0.9375,0.0625,0.0,0.0,0.0,0.0,0.0,0.0,0.0,0.0,0.0,0.0
3,0,0.9375,0.0625,0.0,0.0,0.0,0.0,0.0,0.0,0.0,0.0,0.0,0.0
3,0,0.9375,0.0625,0.0,0.0,0.0,0.0,0.0,0.0,0.0,0.0,0.0,0.0
3,0,0.9375,0.0625,0.0,0.0,0.0,0.0,0.0,0.0,0.0,0.0,0.0,0.0
3,0,0.9375,0.0625,0.0,0.0,0.0,0.0,0.0,0.0,0.0,0.0,0.0,0.0
3,0,0.9375,0.0625,0.0,0.0,0.0,0.0,0.0,0.0,0.0,0.0,0.0,0.0
3,0,0.9375,0.0625,0.0,0.0,0.0,0.0,0.0,0.0,0.0,0.0,0.0,0.0
3,0,0.9375,0.0625,0.0,0.0,0.0,0.0,0.0,0.0,0.0,0.0,0.0,0.0
3,0,0.9375,0.0625,0.0,0.0,0.0,0.0,0.0,0.0,0.0,0.0,0.0,0.0
3,0,0.9375,0.0625,0.0,0.0,0.0,0.0,0.0,0.0,0.0,0.0,0.0,0.0
3,0,0.9375,0.0625,0.0,0.0,0.0,0.0,0.0,0.0,0.0,0.0,0.0,0.0
3,0,0.9375,0.0625,0.0,0.0,0.0,0.0,0.0,0.0,0.0,0.0,0.0,0.0
3,0,0.9375,0.0625,0.0,0.0,0.0,0.0,0.0,0.0,0.0,0.0,0.0,0.0
3,0,0.9375,0.0625,0.0,0.0,0.0,0.0,0.0,0.0,0.0,0.0,0.0,0.0
3,0,0.9375,0.0625,0.0,0.0,0.0,0.0,0.0,0.0,0.0,0.0,0.0,0.0
3,0,0.9375,0.0625,0.0,0.0,0.0,0.0,0.0,0.0,0.0,0.0,0.0,0.0
3,0,0.9375,0.0625,0.0,0.0,0.0,0.0,0.0,0.0,0.0,0.0,0.0,0.0
3,0,0.9375,0.0625,0.0,0.0,0.0,0.0,0.0,0.0,0.0,0.0,0.0,0.0
3,0,0.9375,0.0625,0.0,0.0,0.0,0.0,0.0,0.0,0.0,0.0,0.0,0.0
3,0,0.9375,0.0625,0.0,0.0,0.0,0.0,0.0,0.0,0.0,0.0,0.0,0.0
3,0,0.9375,0.0625,0.0,0.0,0.0,0.0,0.0,0.0,0.0,0.0,0.0,0.0
3,0,0.9375,0.0625,0.0,0.0,0.0,0.0,0.0,0.0,0.0,0.0,0.0,0.0
3,0,0.9375,0.0625,0.0,0.0,0.0,0.0,0.0,0.0,0.0,0.0,0.0,0.0
3,0,0.9375,0.0625,0.0,0.0,0.0,0.0,0.0,0.0,0.0,0.0,0.0,0.0
3,0,0.9375,0.0625,0.0,0.0,0.0,0.0,0.0,0.0,0.0,0.0,0.0,0.0
3,0,0.9375,0.0625,0.0,0.0,0.0,0.0,0.0,0.0,0.0,0.0,0.0,0.0
3,0,0.9375,0.0625,0.0,0.0,0.0,0.0,0.0,0.0,0.0,0.0,0.0,0.0
3,0,0.9375,0.0625,0.0,0.0,0.0,0.0,0.0,0.0,0.0,0.0,0.0,0.0
3,0,0.9375,0.0625,0.0,0.0,0.0,0.0,0.0,0.0,0.0,0.0,0.0,0.0
3,0,0.9375,0.0625,0.0,0.0,0.0,0.0,0.0,0.0,0.0,0.0,0.0,0.0
3,0,0.9375,0.0625,0.0,0.0,0.0,0.0,0.0,0.0,0.0,0.0,0.0,0.0
3,0,0.9375,0.0625,0.0,0.0,0.0,0.0,0.0,0.0,0.0,0.0,0.0,0.0
3,0,0.9375,0.0625,0.0,0.0,0.0,0.0,0.0,0.0,0.0,0.0,0.0,0.0
3,0,0.9375,0.0625,0.0,0.0,0.0,0.0,0.0,0.0,0.0,0.0,0.0,0.0
3,0,0.9375,0.0625,0.0,0.0,0.0,0.0,0.0,0.0,0.0,0.0,0.0,0.0
3,0,0.9375,0.0625,0.0,0.0,0.0,0.0,0.0,0.0,0.0,0.0,0.0,0.0
3,0,0.9375,0.0625,0.0,0.0,0.0,0.0,0.0,0.0,0.0,0.0,0.0,0.0
3,0,0.9375,0.0625,0.0,0.0,0.0,0.0,0.0,0.0,0.0,0.0,0.0,0.0
3,0,0.9375,0.0625,0.0,0.0,0.0,0.0,0.0,0.0,0.0,0.0,0.0,0.0
3,0,0.9375,0.0625,0.0,0.0,0.0,0.0,0.0,0.0,0.0,0.0,0.0,0.0
3,0,0.9375,0.0625,0.0,0.0,0.0,0.0,0.0,0.0,0.0,0.0,0.0,0.0
3,0,0.9375,0.0625,0.0,0.0,0.0,0.0,0.0,0.0,0.0,0.0,0.0,0.0
3,0,0.9375,0.0625,0.0,0.0,0.0,0.0,0.0,0.0,0.0,0.0,0.0,0.0
3,0,0.9375,0.0625,0.0,0.0,0.0,0.0,0.0,0.0,0.0,0.0,0.0,0.0
3,0,0.9375,0.0625,0.0,0.0,0.0,0.0,0.0,0.0,0.0,0.0,0.0,0.0
3,0,0.9375,0.0625,0.0,0.0,0.0,0.0,0.0,0.0,0.0,0.0,0.0,0.0
3,0,0.9375,0.0625,0.0,0.0,0.0,0.0,0.0,0.0,0.0,0.0,0.0,0.0
3,0,0.9375,0.0625,0.0,0.0,0.0,0.0,0.0,0.0,0.0,0.0,0.0,0.0
3,0,0.9375,0.0625,0.0,0.0,0.0,0.0,0.0,0.0,0.0,0.0,0.0,0.0
3,0,0.9375,0.0625,0.0,0.0,0.0,0.0,0.0,0.0,0.0,0.0,0.0,0.0
3,0,0.9375,0.0625,0.0,0.0,0.0,0.0,0.0,0.0,0.0,0.0,0.0,0.0
3,0,0.9375,0.0625,0.0,0.0,0.0,0.0,0.0,0.0,0.0,0.0,0.0,0.0
3,0,0.9375,0.0625,0.0,0.0,0.0,0.0,0.0,0.0,0.0,0.0,0.0,0.0
3,0,0.9375,0.0625,0.0,0.0,0.0,0.0,0.0,0.0,0.0,0.0,0.0,0.0
3,0,0.9375,0.0625,0.0,0.0,0.0,0.0,0.0,0.0,0.0,0.0,0.0,0.0
3,0,0.9375,0.0625,0.0,0.0,0.0,0.0,0.0,0.0,0.0,0.0,0.0,0.0
3,0,0.9375,0.0625,0.0,0.0,0.0,0.0,0.0,0.0,0.0,0.0,0.0,0.0
3,0,0.9375,0.0625,0.0,0.0,0.0,0.0,0.0,0.0,0.0,0.0,0.0,0.0
3,0,0.9375,0.0625,0.0,0.0,0.0,0.0,0.0,0.0,0.0,0.0,0.0,0.0
3,0,0.9375,0.0625,0.0,0.0,0.0,0.0,0.0,0.0,0.0,0.0,0.0,0.0
3,0,0.9375,0.0625,0.0,0.0,0.0,0.0,0.0,0.0,0.0,0.0,0.0,0.0
3,0,0.9375,0.0625,0.0,0.0,0.0,0.0,0.0,0.0,0.0,0.0,0.0,0.0
3,0,0.9375,0.0625,0.0,0.0,0.0,0.0,0.0,0.0,0.0,0.0,0.0,0.0
3,0,0.9375,0.0625,0.0,0.0,0.0,0.0,0.0,0.0,0.0,0.0,0.0,0.0
3,0,0.9375,0.0625,0.0,0.0,0.0,0.0,0.0,0.0,0.0,0.0,0.0,0.0
3,0,0.9375,0.0625,0.0,0.0,0.0,0.0,0.0,0.0,0.0,0.0,0.0,0.0
3,0,0.9375,0.0625,0.0,0.0,0.0,0.0,0.0,0.0,0.0,0.0,0.0,0.0
3,0,0.9375,0.0625,0.0,0.0,0.0,0.0,0.0,0.0,0.0,0.0,0.0,0.0
3,0,0.9375,0.0625,0.0,0.0,0.0,0.0,0.0,0.0,0.0,0.0,0.0,0.0
3,0,0.9375,0.0625,0.0,0.0,0.0,0.0,0.0,0.0,0.0,0.0,0.0,0.0
3,0,0.9375,0.0625,0.0,0.0,0.0,0.0,0.0,0.0,0.0,0.0,0.0,0.0
3,0,0.9375,0.0625,0.0,0.0,0.0,0.0,0.0,0.0,0.0,0.0,0.0,0.0
3,0,0.9375,0.0625,0.0,0.0,0.0,0.0,0.0,0.0,0.0,0.0,0.0,0.0
3,0,0.9375,0.0625,0.0,0.0,0.0,0.0,0.0,0.0,0.0,0.0,0.0,0.0
3,0,0.9375,0.0625,0.0,0.0,0.0,0.0,0.0,0.0,0.0,0.0,0.0,0.0
3,0,0.9375,0.0625,0.0,0.0,0.0,0.0,0.0,0.0,0.0,0.0,0.0,0.0
3,0,0.9375,0.0625,0.0,0.0,0.0,0.0,0.0,0.0,0.0,0.0,0.0,0.0
3,0,0.9375,0.0625,0.0,0.0,0.0,0.0,0.0,0.0,0.0,0.0,0.0,0.0
3,0,0.9375,0.0625,0.0,0.0,0.0,0.0,0.0,0.0,0.0,0.0,0.0,0.0
3,0,0.9375,0.0625,0.0,0.0,0.0,0.0,0.0,0.0,0.0,0.0,0.0,0.0
3,0,0.9375,0.0625,0.0,0.0,0.0,0.0,0.0,0.0,0.0,0.0,0.0,0.0
3,0,0.9375,0.0625,0.0,0.0,0.0,0.0,0.0,0.0,0.0,0.0,0.0,0.0
3,0,0.9375,0.0625,0.0,0.0,0.0,0.0,0.0,0.0,0.0,0.0,0.0,0.0
3,0,0.9375,0.0625,0.0,0.0,0.0,0.0,0.0,0.0,0.0,0.0,0.0,0.0
3,0,0.9375,0.0625,0.0,0.0,0.0,0.0,0.0,0.0,0.0,0.0,0.0,0.0
3,0,0.9375,0.0625,0.0,0.0,0.0,0.0,0.0,0.0,0.0,0.0,0.0,0.0
3,0,0.9375,0.0625,0.0,0.0,0.0,0.0,0.0,0.0,0.0,0.0,0.0,0.0
3,0,0.9375,0.0625,0.0,0.0,0.0,0.0,0.0,0.0,0.0,0.0,0.0,0.0
3,0,0.9375,0.0625,0.0,0.0,0.0,0.0,0.0,0.0,0.0,0.0,0.0,0.0
3,0,0.921875,0.0625,0.0,0.0,0.0,0.0,0.0,0.015625,0.0,0.0,0.0,0.0
3,0,0.921875,0.0625,0.0,0.0,0.0,0.0,0.0,0.015625,0.0,0.0,0.0,0.0
3,0,0.921875,0.0625,0.0,0.0,0.0,0.0,0.0,0.015625,0.0,0.0,0.0,0.0
3,0,0.921875,0.0625,0.0,0.0,0.0,0.0,0.0,0.015625,0.0,0.0,0.0,0.0
3,0,0.90625,0.078125,0.0,0.0,0.0,0.0,0.0,0.015625,0.0,0.0,0.0,0.0
3,0,0.90625,0.078125,0.0,0.0,0.0,0.0,0.0,0.015625,0.0,0.0,0.0,0.0
3,0,0.90625,0.078125,0.0,0.0,0.0,0.0,0.0,0.015625,0.0,0.0,0.0,0.0
3,0,0.90625,0.078125,0.0,0.0,0.0,0.0,0.0,0.015625,0.0,0.0,0.0,0.0
3,0,0.90625,0.078125,0.0,0.0,0.0,0.0,0.0,0.015625,0.0,0.0,0.0,0.0
3,0,0.90625,0.078125,0.0,0.0,0.0,0.0,0.0,0.015625,0.0,0.0,0.0,0.0
3,0,0.90625,0.078125,0.0,0.0,0.0,0.0,0.0,0.015625,0.0,0.0,0.0,0.0
3,0,0.90625,0.078125,0.0,0.0,0.0,0.0,0.0,0.015625,0.0,0.0,0.0,0.0
3,0,0.90625,0.078125,0.0,0.0,0.0,0.0,0.0,0.015625,0.0,0.0,0.0,0.0
3,0,0.90625,0.078125,0.0,0.0,0.0,0.0,0.0,0.015625,0.0,0.0,0.0,0.0
3,0,0.90625,0.078125,0.0,0.0,0.0,0.0,0.0,0.015625,0.0,0.0,0.0,0.0
3,0,0.90625,0.078125,0.0,0.0,0.0,0.0,0.0,0.015625,0.0,0.0,0.0,0.0
3,0,0.90625,0.078125,0.0,0.0,0.0,0.0,0.0,0.015625,0.0,0.0,0.0,0.0
3,0,0.90625,0.078125,0.0,0.0,0.0,0.0,0.0,0.015625,0.0,0.0,0.0,0.0
3,0,0.90625,0.078125,0.0,0.0,0.0,0.0,0.0,0.015625,0.0,0.0,0.0,0.0
3,0,0.90625,0.078125,0.0,0.0,0.0,0.0,0.0,0.015625,0.0,0.0,0.0,0.0
3,0,0.90625,0.078125,0.0,0.0,0.0,0.0,0.0,0.015625,0.0,0.0,0.0,0.0
3,0,0.90625,0.078125,0.0,0.0,0.0,0.0,0.0,0.015625,0.0,0.0,0.0,0.0
3,0,0.90625,0.078125,0.0,0.0,0.0,0.0,0.0,0.015625,0.0,0.0,0.0,0.0
3,0,0.90625,0.078125,0.0,0.0,0.0,0.0,0.0,0.015625,0.0,0.0,0.0,0.0
3,0,0.90625,0.078125,0.0,0.0,0.0,0.0,0.0,0.015625,0.0,0.0,0.0,0.0
3,0,0.90625,0.078125,0.0,0.0,0.0,0.0,0.0,0.015625,0.0,0.0,0.0,0.0
3,0,0.90625,0.078125,0.0,0.0,0.0,0.0,0.0,0.015625,0.0,0.0,0.0,0.0
3,0,0.90625,0.078125,0.0,0.0,0.0,0.0,0.0,0.015625,0.0,0.0,0.0,0.0
3,0,0.90625,0.078125,0.0,0.0,0.0,0.0,0.0,0.015625,0.0,0.0,0.0,0.0
3,0,0.90625,0.078125,0.0,0.0,0.0,0.0,0.0,0.015625,0.0,0.0,0.0,0.0
3,0,0.90625,0.078125,0.0,0.0,0.0,0.0,0.0,0.015625,0.0,0.0,0.0,0.0
3,0,0.90625,0.078125,0.0,0.0,0.0,0.0,0.0,0.015625,0.0,0.0,0.0,0.0
3,0,0.90625,0.078125,0.0,0.0,0.0,0.0,0.0,0.015625,0.0,0.0,0.0,0.0
3,0,0.90625,0.078125,0.0,0.0,0.0,0.0,0.0,0.015625,0.0,0.0,0.0,0.0
3,0,0.90625,0.078125,0.0,0.0,0.0,0.0,0.0,0.015625,0.0,0.0,0.0,0.0
3,0,0.90625,0.078125,0.0,0.0,0.0,0.0,0.0,0.015625,0.0,0.0,0.0,0.0
3,0,0.90625,0.078125,0.0,0.0,0.0,0.0,0.0,0.015625,0.0,0.0,0.0,0.0
3,0,0.90625,0.078125,0.0,0.0,0.0,0.0,0.0,0.015625,0.0,0.0,0.0,0.0
3,0,0.90625,0.078125,0.0,0.0,0.0,0.0,0.0,0.015625,0.0,0.0,0.0,0.0
3,0,0.90625,0.078125,0.0,0.0,0.0,0.0,0.0,0.015625,0.0,0.0,0.0,0.0
3,0,0.90625,0.078125,0.0,0.0,0.0,0.0,0.0,0.015625,0.0,0.0,0.0,0.0
3,0,0.90625,0.078125,0.0,0.0,0.0,0.0,0.0,0.015625,0.0,0.0,0.0,0.0
3,0,0.90625,0.078125,0.0,0.0,0.0,0.0,0.0,0.015625,0.0,0.0,0.0,0.0
3,0,0.90625,0.078125,0.0,0.0,0.0,0.0,0.0,0.015625,0.0,0.0,0.0,0.0
3,0,0.90625,0.078125,0.0,0.0,0.0,0.0,0.0,0.015625,0.0,0.0,0.0,0.0
3,0,0.90625,0.078125,0.0,0.0,0.0,0.0,0.0,0.015625,0.0,0.0,0.0,0.0
3,0,0.90625,0.078125,0.0,0.0,0.0,0.0,0.0,0.015625,0.0,0.0,0.0,0.0
3,0,0.90625,0.078125,0.0,0.0,0.0,0.0,0.0,0.015625,0.0,0.0,0.0,0.0
3,0,0.90625,0.078125,0.0,0.0,0.0,0.0,0.0,0.015625,0.0,0.0,0.0,0.0
3,0,0.90625,0.078125,0.0,0.0,0.0,0.0,0.0,0.015625,0.0,0.0,0.0,0.0
3,0,0.90625,0.078125,0.0,0.0,0.0,0.0,0.0,0.015625,0.0,0.0,0.0,0.0
3,0,0.90625,0.078125,0.0,0.0,0.0,0.0,0.0,0.015625,0.0,0.0,0.0,0.0
3,0,0.90625,0.078125,0.0,0.0,0.0,0.0,0.0,0.015625,0.0,0.0,0.0,0.0
3,0,0.90625,0.078125,0.0,0.0,0.0,0.0,0.0,0.015625,0.0,0.0,0.0,0.0
3,0,0.90625,0.078125,0.0,0.0,0.0,0.0,0.0,0.015625,0.0,0.0,0.0,0.0
3,0,0.90625,0.078125,0.0,0.0,0.0,0.0,0.0,0.015625,0.0,0.0,0.0,0.0
3,0,0.90625,0.078125,0.0,0.0,0.0,0.0,0.0,0.015625,0.0,0.0,0.0,0.0
3,0,0.90625,0.078125,0.0,0.0,0.0,0.0,0.0,0.015625,0.0,0.0,0.0,0.0
3,0,0.90625,0.078125,0.0,0.0,0.0,0.0,0.0,0.015625,0.0,0.0,0.0,0.0
3,0,0.90625,0.078125,0.0,0.0,0.0,0.0,0.0,0.015625,0.0,0.0,0.0,0.0
3,0,0.90625,0.078125,0.0,0.0,0.0,0.0,0.0,0.015625,0.0,0.0,0.0,0.0
3,0,0.90625,0.078125,0.0,0.0,0.0,0.0,0.0,0.015625,0.0,0.0,0.0,0.0
3,0,0.90625,0.078125,0.0,0.0,0.0,0.0,0.0,0.015625,0.0,0.0,0.0,0.0
3,0,0.90625,0.078125,0.0,0.0,0.0,0.0,0.0,0.015625,0.0,0.0,0.0,0.0
3,0,0.90625,0.078125,0.0,0.0,0.0,0.0,0.0,0.015625,0.0,0.0,0.0,0.0
3,0,0.90625,0.078125,0.0,0.0,0.0,0.0,0.0,0.015625,0.0,0.0,0.0,0.0
3,0,0.90625,0.078125,0.0,0.0,0.0,0.0,0.0,0.015625,0.0,0.0,0.0,0.0
3,0,0.90625,0.078125,0.0,0.0,0.0,0.0,0.0,0.015625,0.0,0.0,0.0,0.0
3,0,0.90625,0.078125,0.0,0.0,0.0,0.0,0.0,0.015625,0.0,0.0,0.0,0.0
3,0,0.90625,0.078125,0.0,0.0,0.0,0.0,0.0,0.015625,0.0,0.0,0.0,0.0
3,0,0.90625,0.078125,0.0,0.0,0.0,0.0,0.0,0.015625,0.0,0.0,0.0,0.0
3,0,0.90625,0.078125,0.0,0.0,0.0,0.0,0.0,0.015625,0.0,0.0,0.0,0.0
3,0,0.90625,0.078125,0.0,0.0,0.0,0.0,0.0,0.015625,0.0,0.0,0.0,0.0
3,0,0.90625,0.078125,0.0,0.0,0.0,0.0,0.0,0.015625,0.0,0.0,0.0,0.0
3,0,0.90625,0.078125,0.0,0.0,0.0,0.0,0.0,0.015625,0.0,0.0,0.0,0.0
3,0,0.90625,0.078125,0.0,0.0,0.0,0.0,0.0,0.015625,0.0,0.0,0.0,0.0
3,0,0.90625,0.078125,0.0,0.0,0.0,0.0,0.0,0.015625,0.0,0.0,0.0,0.0
3,0,0.90625,0.078125,0.0,0.0,0.0,0.0,0.0,0.015625,0.0,0.0,0.0,0.0
3,0,0.90625,0.078125,0.0,0.0,0.0,0.0,0.0,0.015625,0.0,0.0,0.0,0.0
3,0,0.90625,0.078125,0.0,0.0,0.0,0.0,0.0,0.015625,0.0,0.0,0.0,0.0
3,0,0.90625,0.078125,0.0,0.0,0.0,0.0,0.0,0.015625,0.0,0.0,0.0,0.0
3,0,0.90625,0.078125,0.0,0.0,0.0,0.0,0.0,0.015625,0.0,0.0,0.0,0.0
3,0,0.90625,0.078125,0.0,0.0,0.0,0.0,0.0,0.015625,0.0,0.0,0.0,0.0
3,0,0.90625,0.078125,0.0,0.0,0.0,0.0,0.0,0.015625,0.0,0.0,0.0,0.0
3,0,0.90625,0.078125,0.0,0.0,0.0,0.0,0.0,0.015625,0.0,0.0,0.0,0.0
3,0,0.90625,0.078125,0.0,0.0,0.0,0.0,0.0,0.015625,0.0,0.0,0.0,0.0
3,0,0.90625,0.078125,0.0,0.0,0.0,0.0,0.0,0.015625,0.0,0.0,0.0,0.0
3,0,0.90625,0.078125,0.0,0.0,0.0,0.0,0.0,0.015625,0.0,0.0,0.0,0.0
3,0,0.90625,0.078125,0.0,0.0,0.0,0.0,0.0,0.015625,0.0,0.0,0.0,0.0
3,0,0.90625,0.078125,0.0,0.0,0.0,0.0,0.0,0.015625,0.0,0.0,0.0,0.0
3,0,0.90625,0.078125,0.0,0.0,0.0,0.0,0.0,0.015625,0.0,0.0,0.0,0.0
3,0,0.90625,0.078125,0.0,0.0,0.0,0.0,0.0,0.015625,0.0,0.0,0.0,0.0
3,0,0.90625,0.078125,0.0,0.0,0.0,0.0,0.0,0.015625,0.0,0.0,0.0,0.0
3,0,0.90625,0.078125,0.0,0.0,0.0,0.0,0.0,0.015625,0.0,0.0,0.0,0.0
3,0,0.90625,0.078125,0.0,0.0,0.0,0.0,0.0,0.015625,0.0,0.0,0.0,0.0
3,0,0.90625,0.078125,0.0,0.0,0.0,0.0,0.0,0.015625,0.0,0.0,0.0,0.0
3,0,0.90625,0.078125,0.0,0.0,0.0,0.0,0.0,0.015625,0.0,0.0,0.0,0.0
3,0,0.90625,0.078125,0.0,0.0,0.0,0.0,0.0,0.015625,0.0,0.0,0.0,0.0
3,0,0.90625,0.078125,0.0,0.0,0.0,0.0,0.0,0.015625,0.0,0.0,0.0,0.0
3,0,0.90625,0.078125,0.0,0.0,0.0,0.0,0.0,0.015625,0.0,0.0,0.0,0.0
3,0,0.90625,0.078125,0.0,0.0,0.0,0.0,0.0,0.015625,0.0,0.0,0.0,0.0
3,0,0.90625,0.078125,0.0,0.0,0.0,0.0,0.0,0.015625,0.0,0.0,0.0,0.0
3,0,0.90625,0.078125,0.0,0.0,0.0,0.0,0.0,0.015625,0.0,0.0,0.0,0.0
3,0,0.90625,0.078125,0.0,0.0,0.0,0.0,0.0,0.015625,0.0,0.0,0.0,0.0
3,0,0.90625,0.078125,0.0,0.0,0.0,0.0,0.0,0.015625,0.0,0.0,0.0,0.0
3,0,0.90625,0.078125,0.0,0.0,0.0,0.0,0.0,0.015625,0.0,0.0,0.0,0.0
3,0,0.90625,0.078125,0.0,0.0,0.0,0.0,0.0,0.015625,0.0,0.0,0.0,0.0
3,0,0.90625,0.078125,0.0,0.0,0.0,0.0,0.0,0.015625,0.0,0.0,0.0,0.0
3,0,0.90625,0.078125,0.0,0.0,0.0,0.0,0.0,0.015625,0.0,0.0,0.0,0.0
3,0,0.90625,0.078125,0.0,0.0,0.0,0.0,0.0,0.015625,0.0,0.0,0.0,0.0
3,0,0.921875,0.078125,0.0,0.0,0.0,0.0,0.0,0.0,0.0,0.0,0.0,0.0
3,0,0.921875,0.078125,0.0,0.0,0.0,0.0,0.0,0.0,0.0,0.0,0.0,0.0
3,0,0.921875,0.078125,0.0,0.0,0.0,0.0,0.0,0.0,0.0,0.0,0.0,0.0
3,0,0.921875,0.078125,0.0,0.0,0.0,0.0,0.0,0.0,0.0,0.0,0.0,0.0
3,0,0.921875,0.078125,0.0,0.0,0.0,0.0,0.0,0.0,0.0,0.0,0.0,0.0
3,0,0.921875,0.078125,0.0,0.0,0.0,0.0,0.0,0.0,0.0,0.0,0.0,0.0
3,0,0.921875,0.078125,0.0,0.0,0.0,0.0,0.0,0.0,0.0,0.0,0.0,0.0
3,0,0.921875,0.078125,0.0,0.0,0.0,0.0,0.0,0.0,0.0,0.0,0.0,0.0
3,0,0.921875,0.078125,0.0,0.0,0.0,0.0,0.0,0.0,0.0,0.0,0.0,0.0
3,0,0.921875,0.078125,0.0,0.0,0.0,0.0,0.0,0.0,0.0,0.0,0.0,0.0
3,0,0.921875,0.078125,0.0,0.0,0.0,0.0,0.0,0.0,0.0,0.0,0.0,0.0
3,0,0.921875,0.078125,0.0,0.0,0.0,0.0,0.0,0.0,0.0,0.0,0.0,0.0
3,0,0.921875,0.078125,0.0,0.0,0.0,0.0,0.0,0.0,0.0,0.0,0.0,0.0
3,0,0.921875,0.078125,0.0,0.0,0.0,0.0,0.0,0.0,0.0,0.0,0.0,0.0
3,0,0.921875,0.078125,0.0,0.0,0.0,0.0,0.0,0.0,0.0,0.0,0.0,0.0
3,0,0.921875,0.078125,0.0,0.0,0.0,0.0,0.0,0.0,0.0,0.0,0.0,0.0
3,0,0.921875,0.078125,0.0,0.0,0.0,0.0,0.0,0.0,0.0,0.0,0.0,0.0
3,0,0.921875,0.078125,0.0,0.0,0.0,0.0,0.0,0.0,0.0,0.0,0.0,0.0
3,0,0.921875,0.078125,0.0,0.0,0.0,0.0,0.0,0.0,0.0,0.0,0.0,0.0
3,0,0.921875,0.078125,0.0,0.0,0.0,0.0,0.0,0.0,0.0,0.0,0.0,0.0
3,0,0.921875,0.078125,0.0,0.0,0.0,0.0,0.0,0.0,0.0,0.0,0.0,0.0
3,0,0.921875,0.078125,0.0,0.0,0.0,0.0,0.0,0.0,0.0,0.0,0.0,0.0
3,0,0.921875,0.078125,0.0,0.0,0.0,0.0,0.0,0.0,0.0,0.0,0.0,0.0
3,0,0.921875,0.078125,0.0,0.0,0.0,0.0,0.0,0.0,0.0,0.0,0.0,0.0
3,0,0.921875,0.078125,0.0,0.0,0.0,0.0,0.0,0.0,0.0,0.0,0.0,0.0
3,0,0.921875,0.078125,0.0,0.0,0.0,0.0,0.0,0.0,0.0,0.0,0.0,0.0
3,0,0.921875,0.078125,0.0,0.0,0.0,0.0,0.0,0.0,0.0,0.0,0.0,0.0
3,0,0.921875,0.078125,0.0,0.0,0.0,0.0,0.0,0.0,0.0,0.0,0.0,0.0
3,0,0.921875,0.078125,0.0,0.0,0.0,0.0,0.0,0.0,0.0,0.0,0.0,0.0
3,0,0.921875,0.078125,0.0,0.0,0.0,0.0,0.0,0.0,0.0,0.0,0.0,0.0
3,0,0.921875,0.078125,0.0,0.0,0.0,0.0,0.0,0.0,0.0,0.0,0.0,0.0
3,0,0.921875,0.078125,0.0,0.0,0.0,0.0,0.0,0.0,0.0,0.0,0.0,0.0
3,0,0.921875,0.078125,0.0,0.0,0.0,0.0,0.0,0.0,0.0,0.0,0.0,0.0
3,0,0.921875,0.078125,0.0,0.0,0.0,0.0,0.0,0.0,0.0,0.0,0.0,0.0
3,0,0.921875,0.078125,0.0,0.0,0.0,0.0,0.0,0.0,0.0,0.0,0.0,0.0
3,0,0.921875,0.078125,0.0,0.0,0.0,0.0,0.0,0.0,0.0,0.0,0.0,0.0
3,0,0.921875,0.078125,0.0,0.0,0.0,0.0,0.0,0.0,0.0,0.0,0.0,0.0
3,0,0.921875,0.078125,0.0,0.0,0.0,0.0,0.0,0.0,0.0,0.0,0.0,0.0
3,0,0.921875,0.078125,0.0,0.0,0.0,0.0,0.0,0.0,0.0,0.0,0.0,0.0
3,0,0.921875,0.078125,0.0,0.0,0.0,0.0,0.0,0.0,0.0,0.0,0.0,0.0
3,0,0.921875,0.078125,0.0,0.0,0.0,0.0,0.0,0.0,0.0,0.0,0.0,0.0
3,0,0.921875,0.078125,0.0,0.0,0.0,0.0,0.0,0.0,0.0,0.0,0.0,0.0
3,0,0.90625,0.09375,0.0,0.0,0.0,0.0,0.0,0.0,0.0,0.0,0.0,0.0
3,0,0.90625,0.09375,0.0,0.0,0.0,0.0,0.0,0.0,0.0,0.0,0.0,0.0
3,0,0.90625,0.09375,0.0,0.0,0.0,0.0,0.0,0.0,0.0,0.0,0.0,0.0
3,0,0.90625,0.09375,0.0,0.0,0.0,0.0,0.0,0.0,0.0,0.0,0.0,0.0
3,0,0.90625,0.09375,0.0,0.0,0.0,0.0,0.0,0.0,0.0,0.0,0.0,0.0
3,0,0.90625,0.09375,0.0,0.0,0.0,0.0,0.0,0.0,0.0,0.0,0.0,0.0
3,0,0.90625,0.09375,0.0,0.0,0.0,0.0,0.0,0.0,0.0,0.0,0.0,0.0
3,0,0.90625,0.09375,0.0,0.0,0.0,0.0,0.0,0.0,0.0,0.0,0.0,0.0
3,0,0.90625,0.09375,0.0,0.0,0.0,0.0,0.0,0.0,0.0,0.0,0.0,0.0
3,0,0.90625,0.09375,0.0,0.0,0.0,0.0,0.0,0.0,0.0,0.0,0.0,0.0
3,0,0.90625,0.09375,0.0,0.0,0.0,0.0,0.0,0.0,0.0,0.0,0.0,0.0
3,0,0.90625,0.09375,0.0,0.0,0.0,0.0,0.0,0.0,0.0,0.0,0.0,0.0
3,0,0.90625,0.078125,0.015625,0.0,0.0,0.0,0.0,0.0,0.0,0.0,0.0,0.0
3,0,0.90625,0.078125,0.015625,0.0,0.0,0.0,0.0,0.0,0.0,0.0,0.0,0.0
3,0,0.90625,0.078125,0.015625,0.0,0.0,0.0,0.0,0.0,0.0,0.0,0.0,0.0
3,0,0.90625,0.078125,0.015625,0.0,0.0,0.0,0.0,0.0,0.0,0.0,0.0,0.0
3,0,0.90625,0.078125,0.015625,0.0,0.0,0.0,0.0,0.0,0.0,0.0,0.0,0.0
3,0,0.90625,0.078125,0.015625,0.0,0.0,0.0,0.0,0.0,0.0,0.0,0.0,0.0
3,0,0.90625,0.078125,0.015625,0.0,0.0,0.0,0.0,0.0,0.0,0.0,0.0,0.0
3,0,0.90625,0.078125,0.015625,0.0,0.0,0.0,0.0,0.0,0.0,0.0,0.0,0.0
3,0,0.90625,0.078125,0.015625,0.0,0.0,0.0,0.0,0.0,0.0,0.0,0.0,0.0
3,0,0.90625,0.078125,0.015625,0.0,0.0,0.0,0.0,0.0,0.0,0.0,0.0,0.0
3,0,0.90625,0.078125,0.015625,0.0,0.0,0.0,0.0,0.0,0.0,0.0,0.0,0.0
3,0,0.90625,0.078125,0.015625,0.0,0.0,0.0,0.0,0.0,0.0,0.0,0.0,0.0
3,0,0.90625,0.078125,0.015625,0.0,0.0,0.0,0.0,0.0,0.0,0.0,0.0,0.0
3,0,0.90625,0.078125,0.015625,0.0,0.0,0.0,0.0,0.0,0.0,0.0,0.0,0.0
3,0,0.90625,0.078125,0.015625,0.0,0.0,0.0,0.0,0.0,0.0,0.0,0.0,0.0
3,0,0.90625,0.078125,0.015625,0.0,0.0,0.0,0.0,0.0,0.0,0.0,0.0,0.0
3,0,0.921875,0.078125,0.0,0.0,0.0,0.0,0.0,0.0,0.0,0.0,0.0,0.0
3,0,0.921875,0.078125,0.0,0.0,0.0,0.0,0.0,0.0,0.0,0.0,0.0,0.0
3,0,0.921875,0.078125,0.0,0.0,0.0,0.0,0.0,0.0,0.0,0.0,0.0,0.0
3,0,0.921875,0.078125,0.0,0.0,0.0,0.0,0.0,0.0,0.0,0.0,0.0,0.0
3,0,0.921875,0.078125,0.0,0.0,0.0,0.0,0.0,0.0,0.0,0.0,0.0,0.0
3,0,0.921875,0.078125,0.0,0.0,0.0,0.0,0.0,0.0,0.0,0.0,0.0,0.0
3,0,0.921875,0.078125,0.0,0.0,0.0,0.0,0.0,0.0,0.0,0.0,0.0,0.0
3,0,0.921875,0.078125,0.0,0.0,0.0,0.0,0.0,0.0,0.0,0.0,0.0,0.0
3,0,0.90625,0.09375,0.0,0.0,0.0,0.0,0.0,0.0,0.0,0.0,0.0,0.0
3,0,0.90625,0.09375,0.0,0.0,0.0,0.0,0.0,0.0,0.0,0.0,0.0,0.0
3,0,0.90625,0.09375,0.0,0.0,0.0,0.0,0.0,0.0,0.0,0.0,0.0,0.0
3,0,0.90625,0.09375,0.0,0.0,0.0,0.0,0.0,0.0,0.0,0.0,0.0,0.0
3,0,0.90625,0.09375,0.0,0.0,0.0,0.0,0.0,0.0,0.0,0.0,0.0,0.0
3,0,0.90625,0.09375,0.0,0.0,0.0,0.0,0.0,0.0,0.0,0.0,0.0,0.0
3,0,0.90625,0.09375,0.0,0.0,0.0,0.0,0.0,0.0,0.0,0.0,0.0,0.0
3,0,0.90625,0.09375,0.0,0.0,0.0,0.0,0.0,0.0,0.0,0.0,0.0,0.0
3,0,0.90625,0.09375,0.0,0.0,0.0,0.0,0.0,0.0,0.0,0.0,0.0,0.0
3,0,0.90625,0.09375,0.0,0.0,0.0,0.0,0.0,0.0,0.0,0.0,0.0,0.0
3,0,0.90625,0.09375,0.0,0.0,0.0,0.0,0.0,0.0,0.0,0.0,0.0,0.0
3,0,0.90625,0.09375,0.0,0.0,0.0,0.0,0.0,0.0,0.0,0.0,0.0,0.0
3,0,0.921875,0.078125,0.0,0.0,0.0,0.0,0.0,0.0,0.0,0.0,0.0,0.0
3,0,0.921875,0.078125,0.0,0.0,0.0,0.0,0.0,0.0,0.0,0.0,0.0,0.0
3,0,0.921875,0.078125,0.0,0.0,0.0,0.0,0.0,0.0,0.0,0.0,0.0,0.0
3,0,0.921875,0.078125,0.0,0.0,0.0,0.0,0.0,0.0,0.0,0.0,0.0,0.0
3,0,0.921875,0.078125,0.0,0.0,0.0,0.0,0.0,0.0,0.0,0.0,0.0,0.0
3,0,0.921875,0.078125,0.0,0.0,0.0,0.0,0.0,0.0,0.0,0.0,0.0,0.0
3,0,0.921875,0.078125,0.0,0.0,0.0,0.0,0.0,0.0,0.0,0.0,0.0,0.0
3,0,0.921875,0.078125,0.0,0.0,0.0,0.0,0.0,0.0,0.0,0.0,0.0,0.0
3,0,0.921875,0.078125,0.0,0.0,0.0,0.0,0.0,0.0,0.0,0.0,0.0,0.0
3,0,0.921875,0.078125,0.0,0.0,0.0,0.0,0.0,0.0,0.0,0.0,0.0,0.0
3,0,0.921875,0.078125,0.0,0.0,0.0,0.0,0.0,0.0,0.0,0.0,0.0,0.0
3,0,0.921875,0.078125,0.0,0.0,0.0,0.0,0.0,0.0,0.0,0.0,0.0,0.0
3,0,0.921875,0.078125,0.0,0.0,0.0,0.0,0.0,0.0,0.0,0.0,0.0,0.0
3,0,0.921875,0.078125,0.0,0.0,0.0,0.0,0.0,0.0,0.0,0.0,0.0,0.0
3,0,0.921875,0.078125,0.0,0.0,0.0,0.0,0.0,0.0,0.0,0.0,0.0,0.0
3,0,0.921875,0.078125,0.0,0.0,0.0,0.0,0.0,0.0,0.0,0.0,0.0,0.0
3,0,0.921875,0.078125,0.0,0.0,0.0,0.0,0.0,0.0,0.0,0.0,0.0,0.0
3,0,0.921875,0.078125,0.0,0.0,0.0,0.0,0.0,0.0,0.0,0.0,0.0,0.0
3,0,0.921875,0.078125,0.0,0.0,0.0,0.0,0.0,0.0,0.0,0.0,0.0,0.0
3,0,0.921875,0.078125,0.0,0.0,0.0,0.0,0.0,0.0,0.0,0.0,0.0,0.0
3,0,0.921875,0.078125,0.0,0.0,0.0,0.0,0.0,0.0,0.0,0.0,0.0,0.0
3,0,0.921875,0.078125,0.0,0.0,0.0,0.0,0.0,0.0,0.0,0.0,0.0,0.0
3,0,0.921875,0.078125,0.0,0.0,0.0,0.0,0.0,0.0,0.0,0.0,0.0,0.0
3,0,0.921875,0.078125,0.0,0.0,0.0,0.0,0.0,0.0,0.0,0.0,0.0,0.0
3,0,0.9375,0.0625,0.0,0.0,0.0,0.0,0.0,0.0,0.0,0.0,0.0,0.0
3,0,0.9375,0.0625,0.0,0.0,0.0,0.0,0.0,0.0,0.0,0.0,0.0,0.0
3,0,0.9375,0.0625,0.0,0.0,0.0,0.0,0.0,0.0,0.0,0.0,0.0,0.0
3,0,0.9375,0.0625,0.0,0.0,0.0,0.0,0.0,0.0,0.0,0.0,0.0,0.0
3,0,0.9375,0.0625,0.0,0.0,0.0,0.0,0.0,0.0,0.0,0.0,0.0,0.0
3,0,0.9375,0.0625,0.0,0.0,0.0,0.0,0.0,0.0,0.0,0.0,0.0,0.0
3,0,0.9375,0.0625,0.0,0.0,0.0,0.0,0.0,0.0,0.0,0.0,0.0,0.0
3,0,0.9375,0.0625,0.0,0.0,0.0,0.0,0.0,0.0,0.0,0.0,0.0,0.0
3,0,0.9375,0.0625,0.0,0.0,0.0,0.0,0.0,0.0,0.0,0.0,0.0,0.0
3,0,0.9375,0.0625,0.0,0.0,0.0,0.0,0.0,0.0,0.0,0.0,0.0,0.0
3,0,0.9375,0.0625,0.0,0.0,0.0,0.0,0.0,0.0,0.0,0.0,0.0,0.0
3,0,0.9375,0.0625,0.0,0.0,0.0,0.0,0.0,0.0,0.0,0.0,0.0,0.0
3,0,0.9375,0.0625,0.0,0.0,0.0,0.0,0.0,0.0,0.0,0.0,0.0,0.0
3,0,0.9375,0.0625,0.0,0.0,0.0,0.0,0.0,0.0,0.0,0.0,0.0,0.0
3,0,0.9375,0.0625,0.0,0.0,0.0,0.0,0.0,0.0,0.0,0.0,0.0,0.0
3,0,0.9375,0.0625,0.0,0.0,0.0,0.0,0.0,0.0,0.0,0.0,0.0,0.0
3,0,0.9375,0.0625,0.0,0.0,0.0,0.0,0.0,0.0,0.0,0.0,0.0,0.0
3,0,0.9375,0.0625,0.0,0.0,0.0,0.0,0.0,0.0,0.0,0.0,0.0,0.0
3,0,0.9375,0.0625,0.0,0.0,0.0,0.0,0.0,0.0,0.0,0.0,0.0,0.0
3,0,0.9375,0.0625,0.0,0.0,0.0,0.0,0.0,0.0,0.0,0.0,0.0,0.0
3,0,0.9375,0.0625,0.0,0.0,0.0,0.0,0.0,0.0,0.0,0.0,0.0,0.0
3,0,0.9375,0.0625,0.0,0.0,0.0,0.0,0.0,0.0,0.0,0.0,0.0,0.0
3,0,0.9375,0.0625,0.0,0.0,0.0,0.0,0.0,0.0,0.0,0.0,0.0,0.0
3,0,0.9375,0.0625,0.0,0.0,0.0,0.0,0.0,0.0,0.0,0.0,0.0,0.0
3,0,0.9375,0.0625,0.0,0.0,0.0,0.0,0.0,0.0,0.0,0.0,0.0,0.0
3,0,0.9375,0.0625,0.0,0.0,0.0,0.0,0.0,0.0,0.0,0.0,0.0,0.0
3,0,0.9375,0.0625,0.0,0.0,0.0,0.0,0.0,0.0,0.0,0.0,0.0,0.0
3,0,0.9375,0.0625,0.0,0.0,0.0,0.0,0.0,0.0,0.0,0.0,0.0,0.0
3,0,0.9375,0.0625,0.0,0.0,0.0,0.0,0.0,0.0,0.0,0.0,0.0,0.0
3,0,0.9375,0.0625,0.0,0.0,0.0,0.0,0.0,0.0,0.0,0.0,0.0,0.0
3,0,0.9375,0.0625,0.0,0.0,0.0,0.0,0.0,0.0,0.0,0.0,0.0,0.0
3,0,0.9375,0.0625,0.0,0.0,0.0,0.0,0.0,0.0,0.0,0.0,0.0,0.0
3,0,0.9375,0.0625,0.0,0.0,0.0,0.0,0.0,0.0,0.0,0.0,0.0,0.0
3,0,0.9375,0.0625,0.0,0.0,0.0,0.0,0.0,0.0,0.0,0.0,0.0,0.0
3,0,0.9375,0.0625,0.0,0.0,0.0,0.0,0.0,0.0,0.0,0.0,0.0,0.0
3,0,0.9375,0.0625,0.0,0.0,0.0,0.0,0.0,0.0,0.0,0.0,0.0,0.0
3,0,0.9375,0.0625,0.0,0.0,0.0,0.0,0.0,0.0,0.0,0.0,0.0,0.0
3,0,0.9375,0.0625,0.0,0.0,0.0,0.0,0.0,0.0,0.0,0.0,0.0,0.0
3,0,0.9375,0.0625,0.0,0.0,0.0,0.0,0.0,0.0,0.0,0.0,0.0,0.0
3,0,0.9375,0.0625,0.0,0.0,0.0,0.0,0.0,0.0,0.0,0.0,0.0,0.0
3,0,0.9375,0.0625,0.0,0.0,0.0,0.0,0.0,0.0,0.0,0.0,0.0,0.0
3,0,0.9375,0.0625,0.0,0.0,0.0,0.0,0.0,0.0,0.0,0.0,0.0,0.0
3,0,0.9375,0.0625,0.0,0.0,0.0,0.0,0.0,0.0,0.0,0.0,0.0,0.0
3,0,0.9375,0.0625,0.0,0.0,0.0,0.0,0.0,0.0,0.0,0.0,0.0,0.0
3,0,0.9375,0.0625,0.0,0.0,0.0,0.0,0.0,0.0,0.0,0.0,0.0,0.0
3,0,0.9375,0.0625,0.0,0.0,0.0,0.0,0.0,0.0,0.0,0.0,0.0,0.0
3,0,0.9375,0.0625,0.0,0.0,0.0,0.0,0.0,0.0,0.0,0.0,0.0,0.0
3,0,0.9375,0.0625,0.0,0.0,0.0,0.0,0.0,0.0,0.0,0.0,0.0,0.0
3,0,0.9375,0.0625,0.0,0.0,0.0,0.0,0.0,0.0,0.0,0.0,0.0,0.0
3,0,0.9375,0.0625,0.0,0.0,0.0,0.0,0.0,0.0,0.0,0.0,0.0,0.0
3,0,0.9375,0.0625,0.0,0.0,0.0,0.0,0.0,0.0,0.0,0.0,0.0,0.0
3,0,0.9375,0.0625,0.0,0.0,0.0,0.0,0.0,0.0,0.0,0.0,0.0,0.0
3,0,0.9375,0.0625,0.0,0.0,0.0,0.0,0.0,0.0,0.0,0.0,0.0,0.0
3,0,0.9375,0.0625,0.0,0.0,0.0,0.0,0.0,0.0,0.0,0.0,0.0,0.0
3,0,0.9375,0.0625,0.0,0.0,0.0,0.0,0.0,0.0,0.0,0.0,0.0,0.0
3,0,0.9375,0.0625,0.0,0.0,0.0,0.0,0.0,0.0,0.0,0.0,0.0,0.0
3,0,0.9375,0.0625,0.0,0.0,0.0,0.0,0.0,0.0,0.0,0.0,0.0,0.0
3,0,0.9375,0.0625,0.0,0.0,0.0,0.0,0.0,0.0,0.0,0.0,0.0,0.0
3,0,0.9375,0.0625,0.0,0.0,0.0,0.0,0.0,0.0,0.0,0.0,0.0,0.0
3,0,0.9375,0.0625,0.0,0.0,0.0,0.0,0.0,0.0,0.0,0.0,0.0,0.0
3,0,0.9375,0.0625,0.0,0.0,0.0,0.0,0.0,0.0,0.0,0.0,0.0,0.0
3,0,0.9375,0.0625,0.0,0.0,0.0,0.0,0.0,0.0,0.0,0.0,0.0,0.0
3,0,0.9375,0.0625,0.0,0.0,0.0,0.0,0.0,0.0,0.0,0.0,0.0,0.0
3,0,0.9375,0.0625,0.0,0.0,0.0,0.0,0.0,0.0,0.0,0.0,0.0,0.0
3,0,0.9375,0.0625,0.0,0.0,0.0,0.0,0.0,0.0,0.0,0.0,0.0,0.0
3,0,0.9375,0.0625,0.0,0.0,0.0,0.0,0.0,0.0,0.0,0.0,0.0,0.0
3,0,0.9375,0.0625,0.0,0.0,0.0,0.0,0.0,0.0,0.0,0.0,0.0,0.0
3,0,0.9375,0.0625,0.0,0.0,0.0,0.0,0.0,0.0,0.0,0.0,0.0,0.0
3,0,0.9375,0.0625,0.0,0.0,0.0,0.0,0.0,0.0,0.0,0.0,0.0,0.0
3,0,0.9375,0.0625,0.0,0.0,0.0,0.0,0.0,0.0,0.0,0.0,0.0,0.0
3,0,0.9375,0.0625,0.0,0.0,0.0,0.0,0.0,0.0,0.0,0.0,0.0,0.0
3,0,0.9375,0.0625,0.0,0.0,0.0,0.0,0.0,0.0,0.0,0.0,0.0,0.0
3,0,0.9375,0.0625,0.0,0.0,0.0,0.0,0.0,0.0,0.0,0.0,0.0,0.0
3,0,0.9375,0.0625,0.0,0.0,0.0,0.0,0.0,0.0,0.0,0.0,0.0,0.0
3,0,0.9375,0.0625,0.0,0.0,0.0,0.0,0.0,0.0,0.0,0.0,0.0,0.0
3,0,0.9375,0.0625,0.0,0.0,0.0,0.0,0.0,0.0,0.0,0.0,0.0,0.0
3,0,0.9375,0.0625,0.0,0.0,0.0,0.0,0.0,0.0,0.0,0.0,0.0,0.0
3,0,0.9375,0.0625,0.0,0.0,0.0,0.0,0.0,0.0,0.0,0.0,0.0,0.0
3,0,0.9375,0.0625,0.0,0.0,0.0,0.0,0.0,0.0,0.0,0.0,0.0,0.0
3,0,0.9375,0.0625,0.0,0.0,0.0,0.0,0.0,0.0,0.0,0.0,0.0,0.0
3,0,0.9375,0.0625,0.0,0.0,0.0,0.0,0.0,0.0,0.0,0.0,0.0,0.0
3,0,0.9375,0.0625,0.0,0.0,0.0,0.0,0.0,0.0,0.0,0.0,0.0,0.0
3,0,0.9375,0.0625,0.0,0.0,0.0,0.0,0.0,0.0,0.0,0.0,0.0,0.0
3,0,0.9375,0.0625,0.0,0.0,0.0,0.0,0.0,0.0,0.0,0.0,0.0,0.0
3,0,0.9375,0.0625,0.0,0.0,0.0,0.0,0.0,0.0,0.0,0.0,0.0,0.0
3,0,0.9375,0.0625,0.0,0.0,0.0,0.0,0.0,0.0,0.0,0.0,0.0,0.0
3,0,0.9375,0.0625,0.0,0.0,0.0,0.0,0.0,0.0,0.0,0.0,0.0,0.0
3,0,0.9375,0.0625,0.0,0.0,0.0,0.0,0.0,0.0,0.0,0.0,0.0,0.0
3,0,0.9375,0.0625,0.0,0.0,0.0,0.0,0.0,0.0,0.0,0.0,0.0,0.0
3,0,0.9375,0.0625,0.0,0.0,0.0,0.0,0.0,0.0,0.0,0.0,0.0,0.0
3,0,0.9375,0.0625,0.0,0.0,0.0,0.0,0.0,0.0,0.0,0.0,0.0,0.0
3,0,0.9375,0.0625,0.0,0.0,0.0,0.0,0.0,0.0,0.0,0.0,0.0,0.0
3,0,0.9375,0.0625,0.0,0.0,0.0,0.0,0.0,0.0,0.0,0.0,0.0,0.0
3,0,0.9375,0.0625,0.0,0.0,0.0,0.0,0.0,0.0,0.0,0.0,0.0,0.0
3,0,0.9375,0.0625,0.0,0.0,0.0,0.0,0.0,0.0,0.0,0.0,0.0,0.0
3,0,0.9375,0.0625,0.0,0.0,0.0,0.0,0.0,0.0,0.0,0.0,0.0,0.0
3,0,0.9375,0.0625,0.0,0.0,0.0,0.0,0.0,0.0,0.0,0.0,0.0,0.0
3,0,0.9375,0.0625,0.0,0.0,0.0,0.0,0.0,0.0,0.0,0.0,0.0,0.0
3,0,0.9375,0.0625,0.0,0.0,0.0,0.0,0.0,0.0,0.0,0.0,0.0,0.0
3,0,0.9375,0.0625,0.0,0.0,0.0,0.0,0.0,0.0,0.0,0.0,0.0,0.0
3,0,0.9375,0.0625,0.0,0.0,0.0,0.0,0.0,0.0,0.0,0.0,0.0,0.0
3,0,0.9375,0.0625,0.0,0.0,0.0,0.0,0.0,0.0,0.0,0.0,0.0,0.0
3,0,0.9375,0.0625,0.0,0.0,0.0,0.0,0.0,0.0,0.0,0.0,0.0,0.0
3,0,0.9375,0.0625,0.0,0.0,0.0,0.0,0.0,0.0,0.0,0.0,0.0,0.0
3,0,0.9375,0.0625,0.0,0.0,0.0,0.0,0.0,0.0,0.0,0.0,0.0,0.0
3,0,0.9375,0.0625,0.0,0.0,0.0,0.0,0.0,0.0,0.0,0.0,0.0,0.0
3,0,0.9375,0.0625,0.0,0.0,0.0,0.0,0.0,0.0,0.0,0.0,0.0,0.0
3,0,0.9375,0.0625,0.0,0.0,0.0,0.0,0.0,0.0,0.0,0.0,0.0,0.0
3,0,0.9375,0.0625,0.0,0.0,0.0,0.0,0.0,0.0,0.0,0.0,0.0,0.0
3,0,0.9375,0.0625,0.0,0.0,0.0,0.0,0.0,0.0,0.0,0.0,0.0,0.0
3,0,0.9375,0.0625,0.0,0.0,0.0,0.0,0.0,0.0,0.0,0.0,0.0,0.0
3,0,0.9375,0.0625,0.0,0.0,0.0,0.0,0.0,0.0,0.0,0.0,0.0,0.0
3,0,0.9375,0.0625,0.0,0.0,0.0,0.0,0.0,0.0,0.0,0.0,0.0,0.0
3,0,0.9375,0.0625,0.0,0.0,0.0,0.0,0.0,0.0,0.0,0.0,0.0,0.0
3,0,0.9375,0.0625,0.0,0.0,0.0,0.0,0.0,0.0,0.0,0.0,0.0,0.0
3,0,0.9375,0.0625,0.0,0.0,0.0,0.0,0.0,0.0,0.0,0.0,0.0,0.0
3,0,0.9375,0.0625,0.0,0.0,0.0,0.0,0.0,0.0,0.0,0.0,0.0,0.0
3,0,0.9375,0.0625,0.0,0.0,0.0,0.0,0.0,0.0,0.0,0.0,0.0,0.0
3,0,0.9375,0.0625,0.0,0.0,0.0,0.0,0.0,0.0,0.0,0.0,0.0,0.0
3,0,0.9375,0.0625,0.0,0.0,0.0,0.0,0.0,0.0,0.0,0.0,0.0,0.0
3,0,0.9375,0.0625,0.0,0.0,0.0,0.0,0.0,0.0,0.0,0.0,0.0,0.0
3,0,0.9375,0.0625,0.0,0.0,0.0,0.0,0.0,0.0,0.0,0.0,0.0,0.0
3,0,0.9375,0.0625,0.0,0.0,0.0,0.0,0.0,0.0,0.0,0.0,0.0,0.0
3,0,0.9375,0.0625,0.0,0.0,0.0,0.0,0.0,0.0,0.0,0.0,0.0,0.0
3,0,0.9375,0.0625,0.0,0.0,0.0,0.0,0.0,0.0,0.0,0.0,0.0,0.0
3,0,0.9375,0.0625,0.0,0.0,0.0,0.0,0.0,0.0,0.0,0.0,0.0,0.0
3,0,0.9375,0.0625,0.0,0.0,0.0,0.0,0.0,0.0,0.0,0.0,0.0,0.0
3,0,0.9375,0.0625,0.0,0.0,0.0,0.0,0.0,0.0,0.0,0.0,0.0,0.0
3,0,0.9375,0.0625,0.0,0.0,0.0,0.0,0.0,0.0,0.0,0.0,0.0,0.0
3,0,0.9375,0.0625,0.0,0.0,0.0,0.0,0.0,0.0,0.0,0.0,0.0,0.0
3,0,0.9375,0.0625,0.0,0.0,0.0,0.0,0.0,0.0,0.0,0.0,0.0,0.0
3,0,0.9375,0.0625,0.0,0.0,0.0,0.0,0.0,0.0,0.0,0.0,0.0,0.0
3,0,0.9375,0.0625,0.0,0.0,0.0,0.0,0.0,0.0,0.0,0.0,0.0,0.0
3,0,0.9375,0.0625,0.0,0.0,0.0,0.0,0.0,0.0,0.0,0.0,0.0,0.0
3,0,0.9375,0.0625,0.0,0.0,0.0,0.0,0.0,0.0,0.0,0.0,0.0,0.0
3,0,0.9375,0.0625,0.0,0.0,0.0,0.0,0.0,0.0,0.0,0.0,0.0,0.0
3,0,0.9375,0.0625,0.0,0.0,0.0,0.0,0.0,0.0,0.0,0.0,0.0,0.0
3,0,0.9375,0.0625,0.0,0.0,0.0,0.0,0.0,0.0,0.0,0.0,0.0,0.0
3,0,0.9375,0.0625,0.0,0.0,0.0,0.0,0.0,0.0,0.0,0.0,0.0,0.0
3,0,0.9375,0.0625,0.0,0.0,0.0,0.0,0.0,0.0,0.0,0.0,0.0,0.0
3,0,0.9375,0.0625,0.0,0.0,0.0,0.0,0.0,0.0,0.0,0.0,0.0,0.0
3,0,0.9375,0.0625,0.0,0.0,0.0,0.0,0.0,0.0,0.0,0.0,0.0,0.0
3,0,0.9375,0.0625,0.0,0.0,0.0,0.0,0.0,0.0,0.0,0.0,0.0,0.0
3,0,0.9375,0.0625,0.0,0.0,0.0,0.0,0.0,0.0,0.0,0.0,0.0,0.0
3,0,0.9375,0.0625,0.0,0.0,0.0,0.0,0.0,0.0,0.0,0.0,0.0,0.0
3,0,0.9375,0.0625,0.0,0.0,0.0,0.0,0.0,0.0,0.0,0.0,0.0,0.0
3,0,0.9375,0.0625,0.0,0.0,0.0,0.0,0.0,0.0,0.0,0.0,0.0,0.0
3,0,0.9375,0.0625,0.0,0.0,0.0,0.0,0.0,0.0,0.0,0.0,0.0,0.0
3,0,0.9375,0.0625,0.0,0.0,0.0,0.0,0.0,0.0,0.0,0.0,0.0,0.0
3,0,0.9375,0.0625,0.0,0.0,0.0,0.0,0.0,0.0,0.0,0.0,0.0,0.0
3,0,0.9375,0.0625,0.0,0.0,0.0,0.0,0.0,0.0,0.0,0.0,0.0,0.0
3,0,0.9375,0.0625,0.0,0.0,0.0,0.0,0.0,0.0,0.0,0.0,0.0,0.0
3,0,0.9375,0.0625,0.0,0.0,0.0,0.0,0.0,0.0,0.0,0.0,0.0,0.0
3,0,0.9375,0.0625,0.0,0.0,0.0,0.0,0.0,0.0,0.0,0.0,0.0,0.0
3,0,0.9375,0.0625,0.0,0.0,0.0,0.0,0.0,0.0,0.0,0.0,0.0,0.0
3,0,0.9375,0.0625,0.0,0.0,0.0,0.0,0.0,0.0,0.0,0.0,0.0,0.0
3,0,0.9375,0.0625,0.0,0.0,0.0,0.0,0.0,0.0,0.0,0.0,0.0,0.0
3,0,0.9375,0.0625,0.0,0.0,0.0,0.0,0.0,0.0,0.0,0.0,0.0,0.0
3,0,0.9375,0.0625,0.0,0.0,0.0,0.0,0.0,0.0,0.0,0.0,0.0,0.0
3,0,0.9375,0.0625,0.0,0.0,0.0,0.0,0.0,0.0,0.0,0.0,0.0,0.0
3,0,0.9375,0.0625,0.0,0.0,0.0,0.0,0.0,0.0,0.0,0.0,0.0,0.0
3,0,0.9375,0.0625,0.0,0.0,0.0,0.0,0.0,0.0,0.0,0.0,0.0,0.0
3,0,0.9375,0.0625,0.0,0.0,0.0,0.0,0.0,0.0,0.0,0.0,0.0,0.0
3,0,0.9375,0.0625,0.0,0.0,0.0,0.0,0.0,0.0,0.0,0.0,0.0,0.0
3,0,0.9375,0.0625,0.0,0.0,0.0,0.0,0.0,0.0,0.0,0.0,0.0,0.0
3,0,0.9375,0.0625,0.0,0.0,0.0,0.0,0.0,0.0,0.0,0.0,0.0,0.0
3,0,0.9375,0.0625,0.0,0.0,0.0,0.0,0.0,0.0,0.0,0.0,0.0,0.0
3,0,0.9375,0.0625,0.0,0.0,0.0,0.0,0.0,0.0,0.0,0.0,0.0,0.0
3,0,0.9375,0.0625,0.0,0.0,0.0,0.0,0.0,0.0,0.0,0.0,0.0,0.0
3,0,0.9375,0.0625,0.0,0.0,0.0,0.0,0.0,0.0,0.0,0.0,0.0,0.0
3,0,0.9375,0.0625,0.0,0.0,0.0,0.0,0.0,0.0,0.0,0.0,0.0,0.0
3,0,0.9375,0.0625,0.0,0.0,0.0,0.0,0.0,0.0,0.0,0.0,0.0,0.0
3,0,0.9375,0.0625,0.0,0.0,0.0,0.0,0.0,0.0,0.0,0.0,0.0,0.0
3,0,0.9375,0.0625,0.0,0.0,0.0,0.0,0.0,0.0,0.0,0.0,0.0,0.0
3,0,0.9375,0.0625,0.0,0.0,0.0,0.0,0.0,0.0,0.0,0.0,0.0,0.0
3,0,0.9375,0.0625,0.0,0.0,0.0,0.0,0.0,0.0,0.0,0.0,0.0,0.0
3,0,0.9375,0.0625,0.0,0.0,0.0,0.0,0.0,0.0,0.0,0.0,0.0,0.0
3,0,0.9375,0.0625,0.0,0.0,0.0,0.0,0.0,0.0,0.0,0.0,0.0,0.0
3,0,0.9375,0.0625,0.0,0.0,0.0,0.0,0.0,0.0,0.0,0.0,0.0,0.0
3,0,0.9375,0.0625,0.0,0.0,0.0,0.0,0.0,0.0,0.0,0.0,0.0,0.0
3,0,0.9375,0.0625,0.0,0.0,0.0,0.0,0.0,0.0,0.0,0.0,0.0,0.0
3,0,0.9375,0.0625,0.0,0.0,0.0,0.0,0.0,0.0,0.0,0.0,0.0,0.0
3,0,0.9375,0.0625,0.0,0.0,0.0,0.0,0.0,0.0,0.0,0.0,0.0,0.0
3,0,0.9375,0.0625,0.0,0.0,0.0,0.0,0.0,0.0,0.0,0.0,0.0,0.0
3,0,0.9375,0.0625,0.0,0.0,0.0,0.0,0.0,0.0,0.0,0.0,0.0,0.0
3,0,0.9375,0.0625,0.0,0.0,0.0,0.0,0.0,0.0,0.0,0.0,0.0,0.0
3,0,0.9375,0.0625,0.0,0.0,0.0,0.0,0.0,0.0,0.0,0.0,0.0,0.0
3,0,0.9375,0.0625,0.0,0.0,0.0,0.0,0.0,0.0,0.0,0.0,0.0,0.0
3,0,0.9375,0.0625,0.0,0.0,0.0,0.0,0.0,0.0,0.0,0.0,0.0,0.0
3,0,0.9375,0.0625,0.0,0.0,0.0,0.0,0.0,0.0,0.0,0.0,0.0,0.0
3,0,0.9375,0.0625,0.0,0.0,0.0,0.0,0.0,0.0,0.0,0.0,0.0,0.0
3,0,0.9375,0.0625,0.0,0.0,0.0,0.0,0.0,0.0,0.0,0.0,0.0,0.0
3,0,0.9375,0.0625,0.0,0.0,0.0,0.0,0.0,0.0,0.0,0.0,0.0,0.0
3,0,0.9375,0.0625,0.0,0.0,0.0,0.0,0.0,0.0,0.0,0.0,0.0,0.0
3,0,0.9375,0.0625,0.0,0.0,0.0,0.0,0.0,0.0,0.0,0.0,0.0,0.0
3,0,0.9375,0.0625,0.0,0.0,0.0,0.0,0.0,0.0,0.0,0.0,0.0,0.0
3,0,0.9375,0.0625,0.0,0.0,0.0,0.0,0.0,0.0,0.0,0.0,0.0,0.0
3,0,0.9375,0.0625,0.0,0.0,0.0,0.0,0.0,0.0,0.0,0.0,0.0,0.0
3,0,0.9375,0.0625,0.0,0.0,0.0,0.0,0.0,0.0,0.0,0.0,0.0,0.0
3,0,0.9375,0.0625,0.0,0.0,0.0,0.0,0.0,0.0,0.0,0.0,0.0,0.0
3,0,0.9375,0.0625,0.0,0.0,0.0,0.0,0.0,0.0,0.0,0.0,0.0,0.0
3,0,0.9375,0.0625,0.0,0.0,0.0,0.0,0.0,0.0,0.0,0.0,0.0,0.0
3,0,0.9375,0.0625,0.0,0.0,0.0,0.0,0.0,0.0,0.0,0.0,0.0,0.0
3,0,0.9375,0.0625,0.0,0.0,0.0,0.0,0.0,0.0,0.0,0.0,0.0,0.0
3,0,0.9375,0.0625,0.0,0.0,0.0,0.0,0.0,0.0,0.0,0.0,0.0,0.0
3,0,0.9375,0.0625,0.0,0.0,0.0,0.0,0.0,0.0,0.0,0.0,0.0,0.0
3,0,0.9375,0.0625,0.0,0.0,0.0,0.0,0.0,0.0,0.0,0.0,0.0,0.0
3,0,0.9375,0.0625,0.0,0.0,0.0,0.0,0.0,0.0,0.0,0.0,0.0,0.0
3,0,0.9375,0.0625,0.0,0.0,0.0,0.0,0.0,0.0,0.0,0.0,0.0,0.0
3,0,0.9375,0.0625,0.0,0.0,0.0,0.0,0.0,0.0,0.0,0.0,0.0,0.0
3,0,0.9375,0.0625,0.0,0.0,0.0,0.0,0.0,0.0,0.0,0.0,0.0,0.0
3,0,0.9375,0.0625,0.0,0.0,0.0,0.0,0.0,0.0,0.0,0.0,0.0,0.0
3,0,0.9375,0.0625,0.0,0.0,0.0,0.0,0.0,0.0,0.0,0.0,0.0,0.0
3,0,0.9375,0.0625,0.0,0.0,0.0,0.0,0.0,0.0,0.0,0.0,0.0,0.0
3,0,0.9375,0.0625,0.0,0.0,0.0,0.0,0.0,0.0,0.0,0.0,0.0,0.0
3,0,0.9375,0.0625,0.0,0.0,0.0,0.0,0.0,0.0,0.0,0.0,0.0,0.0
3,0,0.9375,0.0625,0.0,0.0,0.0,0.0,0.0,0.0,0.0,0.0,0.0,0.0
3,0,0.9375,0.0625,0.0,0.0,0.0,0.0,0.0,0.0,0.0,0.0,0.0,0.0
3,0,0.9375,0.0625,0.0,0.0,0.0,0.0,0.0,0.0,0.0,0.0,0.0,0.0
3,0,0.9375,0.0625,0.0,0.0,0.0,0.0,0.0,0.0,0.0,0.0,0.0,0.0
3,0,0.9375,0.0625,0.0,0.0,0.0,0.0,0.0,0.0,0.0,0.0,0.0,0.0
3,0,0.9375,0.0625,0.0,0.0,0.0,0.0,0.0,0.0,0.0,0.0,0.0,0.0
3,0,0.9375,0.0625,0.0,0.0,0.0,0.0,0.0,0.0,0.0,0.0,0.0,0.0
3,0,0.9375,0.0625,0.0,0.0,0.0,0.0,0.0,0.0,0.0,0.0,0.0,0.0
3,0,0.9375,0.0625,0.0,0.0,0.0,0.0,0.0,0.0,0.0,0.0,0.0,0.0
3,0,0.9375,0.0625,0.0,0.0,0.0,0.0,0.0,0.0,0.0,0.0,0.0,0.0
3,0,0.9375,0.0625,0.0,0.0,0.0,0.0,0.0,0.0,0.0,0.0,0.0,0.0
3,0,0.9375,0.0625,0.0,0.0,0.0,0.0,0.0,0.0,0.0,0.0,0.0,0.0
3,0,0.921875,0.078125,0.0,0.0,0.0,0.0,0.0,0.0,0.0,0.0,0.0,0.0
3,0,0.921875,0.078125,0.0,0.0,0.0,0.0,0.0,0.0,0.0,0.0,0.0,0.0
3,0,0.921875,0.078125,0.0,0.0,0.0,0.0,0.0,0.0,0.0,0.0,0.0,0.0
3,0,0.921875,0.078125,0.0,0.0,0.0,0.0,0.0,0.0,0.0,0.0,0.0,0.0
3,0,0.921875,0.078125,0.0,0.0,0.0,0.0,0.0,0.0,0.0,0.0,0.0,0.0
3,0,0.921875,0.078125,0.0,0.0,0.0,0.0,0.0,0.0,0.0,0.0,0.0,0.0
3,0,0.921875,0.078125,0.0,0.0,0.0,0.0,0.0,0.0,0.0,0.0,0.0,0.0
3,0,0.921875,0.078125,0.0,0.0,0.0,0.0,0.0,0.0,0.0,0.0,0.0,0.0
3,0,0.921875,0.078125,0.0,0.0,0.0,0.0,0.0,0.0,0.0,0.0,0.0,0.0
3,0,0.921875,0.078125,0.0,0.0,0.0,0.0,0.0,0.0,0.0,0.0,0.0,0.0
3,0,0.921875,0.078125,0.0,0.0,0.0,0.0,0.0,0.0,0.0,0.0,0.0,0.0
3,0,0.921875,0.078125,0.0,0.0,0.0,0.0,0.0,0.0,0.0,0.0,0.0,0.0
3,0,0.921875,0.078125,0.0,0.0,0.0,0.0,0.0,0.0,0.0,0.0,0.0,0.0
3,0,0.921875,0.078125,0.0,0.0,0.0,0.0,0.0,0.0,0.0,0.0,0.0,0.0
3,0,0.921875,0.078125,0.0,0.0,0.0,0.0,0.0,0.0,0.0,0.0,0.0,0.0
3,0,0.921875,0.078125,0.0,0.0,0.0,0.0,0.0,0.0,0.0,0.0,0.0,0.0
3,0,0.921875,0.078125,0.0,0.0,0.0,0.0,0.0,0.0,0.0,0.0,0.0,0.0
3,0,0.921875,0.078125,0.0,0.0,0.0,0.0,0.0,0.0,0.0,0.0,0.0,0.0
3,0,0.921875,0.078125,0.0,0.0,0.0,0.0,0.0,0.0,0.0,0.0,0.0,0.0
3,0,0.921875,0.078125,0.0,0.0,0.0,0.0,0.0,0.0,0.0,0.0,0.0,0.0
3,0,0.921875,0.078125,0.0,0.0,0.0,0.0,0.0,0.0,0.0,0.0,0.0,0.0
3,0,0.921875,0.078125,0.0,0.0,0.0,0.0,0.0,0.0,0.0,0.0,0.0,0.0
3,0,0.921875,0.078125,0.0,0.0,0.0,0.0,0.0,0.0,0.0,0.0,0.0,0.0
3,0,0.921875,0.078125,0.0,0.0,0.0,0.0,0.0,0.0,0.0,0.0,0.0,0.0
3,0,0.921875,0.078125,0.0,0.0,0.0,0.0,0.0,0.0,0.0,0.0,0.0,0.0
3,0,0.921875,0.078125,0.0,0.0,0.0,0.0,0.0,0.0,0.0,0.0,0.0,0.0
3,0,0.921875,0.078125,0.0,0.0,0.0,0.0,0.0,0.0,0.0,0.0,0.0,0.0
3,0,0.921875,0.078125,0.0,0.0,0.0,0.0,0.0,0.0,0.0,0.0,0.0,0.0
3,0,0.921875,0.078125,0.0,0.0,0.0,0.0,0.0,0.0,0.0,0.0,0.0,0.0
3,0,0.921875,0.078125,0.0,0.0,0.0,0.0,0.0,0.0,0.0,0.0,0.0,0.0
3,0,0.921875,0.078125,0.0,0.0,0.0,0.0,0.0,0.0,0.0,0.0,0.0,0.0
3,0,0.921875,0.078125,0.0,0.0,0.0,0.0,0.0,0.0,0.0,0.0,0.0,0.0
3,0,0.921875,0.078125,0.0,0.0,0.0,0.0,0.0,0.0,0.0,0.0,0.0,0.0
3,0,0.921875,0.078125,0.0,0.0,0.0,0.0,0.0,0.0,0.0,0.0,0.0,0.0
3,0,0.921875,0.078125,0.0,0.0,0.0,0.0,0.0,0.0,0.0,0.0,0.0,0.0
3,0,0.921875,0.078125,0.0,0.0,0.0,0.0,0.0,0.0,0.0,0.0,0.0,0.0
3,0,0.921875,0.078125,0.0,0.0,0.0,0.0,0.0,0.0,0.0,0.0,0.0,0.0
3,0,0.921875,0.078125,0.0,0.0,0.0,0.0,0.0,0.0,0.0,0.0,0.0,0.0
3,0,0.921875,0.078125,0.0,0.0,0.0,0.0,0.0,0.0,0.0,0.0,0.0,0.0
3,0,0.921875,0.078125,0.0,0.0,0.0,0.0,0.0,0.0,0.0,0.0,0.0,0.0
3,0,0.921875,0.078125,0.0,0.0,0.0,0.0,0.0,0.0,0.0,0.0,0.0,0.0
3,0,0.921875,0.078125,0.0,0.0,0.0,0.0,0.0,0.0,0.0,0.0,0.0,0.0
3,0,0.921875,0.078125,0.0,0.0,0.0,0.0,0.0,0.0,0.0,0.0,0.0,0.0
3,0,0.921875,0.078125,0.0,0.0,0.0,0.0,0.0,0.0,0.0,0.0,0.0,0.0
3,0,0.921875,0.078125,0.0,0.0,0.0,0.0,0.0,0.0,0.0,0.0,0.0,0.0
3,0,0.921875,0.078125,0.0,0.0,0.0,0.0,0.0,0.0,0.0,0.0,0.0,0.0
3,0,0.921875,0.078125,0.0,0.0,0.0,0.0,0.0,0.0,0.0,0.0,0.0,0.0
3,0,0.921875,0.078125,0.0,0.0,0.0,0.0,0.0,0.0,0.0,0.0,0.0,0.0
3,0,0.921875,0.078125,0.0,0.0,0.0,0.0,0.0,0.0,0.0,0.0,0.0,0.0
3,0,0.921875,0.078125,0.0,0.0,0.0,0.0,0.0,0.0,0.0,0.0,0.0,0.0
3,0,0.921875,0.078125,0.0,0.0,0.0,0.0,0.0,0.0,0.0,0.0,0.0,0.0
3,0,0.921875,0.078125,0.0,0.0,0.0,0.0,0.0,0.0,0.0,0.0,0.0,0.0
3,0,0.921875,0.078125,0.0,0.0,0.0,0.0,0.0,0.0,0.0,0.0,0.0,0.0
3,0,0.921875,0.078125,0.0,0.0,0.0,0.0,0.0,0.0,0.0,0.0,0.0,0.0
3,0,0.921875,0.078125,0.0,0.0,0.0,0.0,0.0,0.0,0.0,0.0,0.0,0.0
3,0,0.921875,0.078125,0.0,0.0,0.0,0.0,0.0,0.0,0.0,0.0,0.0,0.0
3,0,0.921875,0.078125,0.0,0.0,0.0,0.0,0.0,0.0,0.0,0.0,0.0,0.0
3,0,0.921875,0.078125,0.0,0.0,0.0,0.0,0.0,0.0,0.0,0.0,0.0,0.0
3,0,0.921875,0.078125,0.0,0.0,0.0,0.0,0.0,0.0,0.0,0.0,0.0,0.0
3,0,0.921875,0.078125,0.0,0.0,0.0,0.0,0.0,0.0,0.0,0.0,0.0,0.0
3,0,0.921875,0.078125,0.0,0.0,0.0,0.0,0.0,0.0,0.0,0.0,0.0,0.0
3,0,0.921875,0.078125,0.0,0.0,0.0,0.0,0.0,0.0,0.0,0.0,0.0,0.0
3,0,0.921875,0.078125,0.0,0.0,0.0,0.0,0.0,0.0,0.0,0.0,0.0,0.0
3,0,0.921875,0.078125,0.0,0.0,0.0,0.0,0.0,0.0,0.0,0.0,0.0,0.0
3,0,0.921875,0.078125,0.0,0.0,0.0,0.0,0.0,0.0,0.0,0.0,0.0,0.0
3,0,0.921875,0.078125,0.0,0.0,0.0,0.0,0.0,0.0,0.0,0.0,0.0,0.0
3,0,0.921875,0.078125,0.0,0.0,0.0,0.0,0.0,0.0,0.0,0.0,0.0,0.0
3,0,0.921875,0.078125,0.0,0.0,0.0,0.0,0.0,0.0,0.0,0.0,0.0,0.0
3,0,0.921875,0.078125,0.0,0.0,0.0,0.0,0.0,0.0,0.0,0.0,0.0,0.0
3,0,0.921875,0.078125,0.0,0.0,0.0,0.0,0.0,0.0,0.0,0.0,0.0,0.0
3,0,0.921875,0.078125,0.0,0.0,0.0,0.0,0.0,0.0,0.0,0.0,0.0,0.0
3,0,0.921875,0.078125,0.0,0.0,0.0,0.0,0.0,0.0,0.0,0.0,0.0,0.0
3,0,0.921875,0.078125,0.0,0.0,0.0,0.0,0.0,0.0,0.0,0.0,0.0,0.0
3,0,0.921875,0.078125,0.0,0.0,0.0,0.0,0.0,0.0,0.0,0.0,0.0,0.0
3,0,0.921875,0.078125,0.0,0.0,0.0,0.0,0.0,0.0,0.0,0.0,0.0,0.0
3,0,0.921875,0.078125,0.0,0.0,0.0,0.0,0.0,0.0,0.0,0.0,0.0,0.0
3,0,0.921875,0.078125,0.0,0.0,0.0,0.0,0.0,0.0,0.0,0.0,0.0,0.0
3,0,0.921875,0.078125,0.0,0.0,0.0,0.0,0.0,0.0,0.0,0.0,0.0,0.0
3,0,0.921875,0.078125,0.0,0.0,0.0,0.0,0.0,0.0,0.0,0.0,0.0,0.0
3,0,0.921875,0.078125,0.0,0.0,0.0,0.0,0.0,0.0,0.0,0.0,0.0,0.0
3,0,0.921875,0.078125,0.0,0.0,0.0,0.0,0.0,0.0,0.0,0.0,0.0,0.0
3,0,0.921875,0.078125,0.0,0.0,0.0,0.0,0.0,0.0,0.0,0.0,0.0,0.0
3,0,0.921875,0.078125,0.0,0.0,0.0,0.0,0.0,0.0,0.0,0.0,0.0,0.0
3,0,0.921875,0.078125,0.0,0.0,0.0,0.0,0.0,0.0,0.0,0.0,0.0,0.0
3,0,0.921875,0.078125,0.0,0.0,0.0,0.0,0.0,0.0,0.0,0.0,0.0,0.0
3,0,0.921875,0.078125,0.0,0.0,0.0,0.0,0.0,0.0,0.0,0.0,0.0,0.0
3,0,0.921875,0.078125,0.0,0.0,0.0,0.0,0.0,0.0,0.0,0.0,0.0,0.0
3,0,0.921875,0.078125,0.0,0.0,0.0,0.0,0.0,0.0,0.0,0.0,0.0,0.0
3,0,0.921875,0.078125,0.0,0.0,0.0,0.0,0.0,0.0,0.0,0.0,0.0,0.0
3,0,0.921875,0.078125,0.0,0.0,0.0,0.0,0.0,0.0,0.0,0.0,0.0,0.0
3,0,0.921875,0.078125,0.0,0.0,0.0,0.0,0.0,0.0,0.0,0.0,0.0,0.0
3,0,0.921875,0.078125,0.0,0.0,0.0,0.0,0.0,0.0,0.0,0.0,0.0,0.0
3,0,0.921875,0.078125,0.0,0.0,0.0,0.0,0.0,0.0,0.0,0.0,0.0,0.0
3,0,0.921875,0.078125,0.0,0.0,0.0,0.0,0.0,0.0,0.0,0.0,0.0,0.0
3,0,0.921875,0.078125,0.0,0.0,0.0,0.0,0.0,0.0,0.0,0.0,0.0,0.0
3,0,0.921875,0.078125,0.0,0.0,0.0,0.0,0.0,0.0,0.0,0.0,0.0,0.0
3,0,0.921875,0.078125,0.0,0.0,0.0,0.0,0.0,0.0,0.0,0.0,0.0,0.0
3,0,0.921875,0.078125,0.0,0.0,0.0,0.0,0.0,0.0,0.0,0.0,0.0,0.0
3,0,0.921875,0.078125,0.0,0.0,0.0,0.0,0.0,0.0,0.0,0.0,0.0,0.0
3,0,0.921875,0.078125,0.0,0.0,0.0,0.0,0.0,0.0,0.0,0.0,0.0,0.0
3,0,0.921875,0.078125,0.0,0.0,0.0,0.0,0.0,0.0,0.0,0.0,0.0,0.0
3,0,0.921875,0.078125,0.0,0.0,0.0,0.0,0.0,0.0,0.0,0.0,0.0,0.0
3,0,0.921875,0.078125,0.0,0.0,0.0,0.0,0.0,0.0,0.0,0.0,0.0,0.0
3,0,0.921875,0.078125,0.0,0.0,0.0,0.0,0.0,0.0,0.0,0.0,0.0,0.0
3,0,0.921875,0.078125,0.0,0.0,0.0,0.0,0.0,0.0,0.0,0.0,0.0,0.0
3,0,0.921875,0.078125,0.0,0.0,0.0,0.0,0.0,0.0,0.0,0.0,0.0,0.0
3,0,0.921875,0.078125,0.0,0.0,0.0,0.0,0.0,0.0,0.0,0.0,0.0,0.0
3,0,0.921875,0.078125,0.0,0.0,0.0,0.0,0.0,0.0,0.0,0.0,0.0,0.0
3,0,0.921875,0.078125,0.0,0.0,0.0,0.0,0.0,0.0,0.0,0.0,0.0,0.0
3,0,0.921875,0.078125,0.0,0.0,0.0,0.0,0.0,0.0,0.0,0.0,0.0,0.0
3,0,0.921875,0.078125,0.0,0.0,0.0,0.0,0.0,0.0,0.0,0.0,0.0,0.0
3,0,0.921875,0.078125,0.0,0.0,0.0,0.0,0.0,0.0,0.0,0.0,0.0,0.0
3,0,0.921875,0.078125,0.0,0.0,0.0,0.0,0.0,0.0,0.0,0.0,0.0,0.0
3,0,0.921875,0.078125,0.0,0.0,0.0,0.0,0.0,0.0,0.0,0.0,0.0,0.0
3,0,0.921875,0.078125,0.0,0.0,0.0,0.0,0.0,0.0,0.0,0.0,0.0,0.0
3,0,0.921875,0.078125,0.0,0.0,0.0,0.0,0.0,0.0,0.0,0.0,0.0,0.0
3,0,0.921875,0.078125,0.0,0.0,0.0,0.0,0.0,0.0,0.0,0.0,0.0,0.0
3,0,0.921875,0.078125,0.0,0.0,0.0,0.0,0.0,0.0,0.0,0.0,0.0,0.0
3,0,0.921875,0.078125,0.0,0.0,0.0,0.0,0.0,0.0,0.0,0.0,0.0,0.0
3,0,0.921875,0.078125,0.0,0.0,0.0,0.0,0.0,0.0,0.0,0.0,0.0,0.0
3,0,0.921875,0.078125,0.0,0.0,0.0,0.0,0.0,0.0,0.0,0.0,0.0,0.0
3,0,0.921875,0.078125,0.0,0.0,0.0,0.0,0.0,0.0,0.0,0.0,0.0,0.0
3,0,0.921875,0.078125,0.0,0.0,0.0,0.0,0.0,0.0,0.0,0.0,0.0,0.0
3,0,0.921875,0.078125,0.0,0.0,0.0,0.0,0.0,0.0,0.0,0.0,0.0,0.0
3,0,0.921875,0.078125,0.0,0.0,0.0,0.0,0.0,0.0,0.0,0.0,0.0,0.0
3,0,0.921875,0.078125,0.0,0.0,0.0,0.0,0.0,0.0,0.0,0.0,0.0,0.0
3,0,0.921875,0.078125,0.0,0.0,0.0,0.0,0.0,0.0,0.0,0.0,0.0,0.0
3,0,0.921875,0.078125,0.0,0.0,0.0,0.0,0.0,0.0,0.0,0.0,0.0,0.0
3,0,0.921875,0.078125,0.0,0.0,0.0,0.0,0.0,0.0,0.0,0.0,0.0,0.0
3,0,0.921875,0.078125,0.0,0.0,0.0,0.0,0.0,0.0,0.0,0.0,0.0,0.0
3,0,0.921875,0.078125,0.0,0.0,0.0,0.0,0.0,0.0,0.0,0.0,0.0,0.0
3,0,0.921875,0.078125,0.0,0.0,0.0,0.0,0.0,0.0,0.0,0.0,0.0,0.0
3,0,0.921875,0.078125,0.0,0.0,0.0,0.0,0.0,0.0,0.0,0.0,0.0,0.0
3,0,0.921875,0.078125,0.0,0.0,0.0,0.0,0.0,0.0,0.0,0.0,0.0,0.0
3,0,0.921875,0.078125,0.0,0.0,0.0,0.0,0.0,0.0,0.0,0.0,0.0,0.0
3,0,0.921875,0.078125,0.0,0.0,0.0,0.0,0.0,0.0,0.0,0.0,0.0,0.0
3,0,0.921875,0.078125,0.0,0.0,0.0,0.0,0.0,0.0,0.0,0.0,0.0,0.0
3,0,0.921875,0.078125,0.0,0.0,0.0,0.0,0.0,0.0,0.0,0.0,0.0,0.0
3,0,0.921875,0.078125,0.0,0.0,0.0,0.0,0.0,0.0,0.0,0.0,0.0,0.0
3,0,0.921875,0.078125,0.0,0.0,0.0,0.0,0.0,0.0,0.0,0.0,0.0,0.0
3,0,0.921875,0.078125,0.0,0.0,0.0,0.0,0.0,0.0,0.0,0.0,0.0,0.0
3,0,0.921875,0.078125,0.0,0.0,0.0,0.0,0.0,0.0,0.0,0.0,0.0,0.0
3,0,0.921875,0.078125,0.0,0.0,0.0,0.0,0.0,0.0,0.0,0.0,0.0,0.0
3,0,0.921875,0.078125,0.0,0.0,0.0,0.0,0.0,0.0,0.0,0.0,0.0,0.0
3,0,0.90625,0.09375,0.0,0.0,0.0,0.0,0.0,0.0,0.0,0.0,0.0,0.0
3,0,0.90625,0.09375,0.0,0.0,0.0,0.0,0.0,0.0,0.0,0.0,0.0,0.0
3,0,0.90625,0.09375,0.0,0.0,0.0,0.0,0.0,0.0,0.0,0.0,0.0,0.0
3,0,0.90625,0.09375,0.0,0.0,0.0,0.0,0.0,0.0,0.0,0.0,0.0,0.0
3,0,0.90625,0.09375,0.0,0.0,0.0,0.0,0.0,0.0,0.0,0.0,0.0,0.0
3,0,0.90625,0.09375,0.0,0.0,0.0,0.0,0.0,0.0,0.0,0.0,0.0,0.0
3,0,0.90625,0.09375,0.0,0.0,0.0,0.0,0.0,0.0,0.0,0.0,0.0,0.0
3,0,0.90625,0.09375,0.0,0.0,0.0,0.0,0.0,0.0,0.0,0.0,0.0,0.0
3,0,0.90625,0.09375,0.0,0.0,0.0,0.0,0.0,0.0,0.0,0.0,0.0,0.0
3,0,0.90625,0.09375,0.0,0.0,0.0,0.0,0.0,0.0,0.0,0.0,0.0,0.0
3,0,0.90625,0.09375,0.0,0.0,0.0,0.0,0.0,0.0,0.0,0.0,0.0,0.0
3,0,0.90625,0.09375,0.0,0.0,0.0,0.0,0.0,0.0,0.0,0.0,0.0,0.0
3,0,0.90625,0.09375,0.0,0.0,0.0,0.0,0.0,0.0,0.0,0.0,0.0,0.0
3,0,0.90625,0.09375,0.0,0.0,0.0,0.0,0.0,0.0,0.0,0.0,0.0,0.0
3,0,0.90625,0.09375,0.0,0.0,0.0,0.0,0.0,0.0,0.0,0.0,0.0,0.0
3,0,0.90625,0.09375,0.0,0.0,0.0,0.0,0.0,0.0,0.0,0.0,0.0,0.0
3,0,0.90625,0.09375,0.0,0.0,0.0,0.0,0.0,0.0,0.0,0.0,0.0,0.0
3,0,0.90625,0.09375,0.0,0.0,0.0,0.0,0.0,0.0,0.0,0.0,0.0,0.0
3,0,0.90625,0.09375,0.0,0.0,0.0,0.0,0.0,0.0,0.0,0.0,0.0,0.0
3,0,0.90625,0.09375,0.0,0.0,0.0,0.0,0.0,0.0,0.0,0.0,0.0,0.0
3,0,0.90625,0.09375,0.0,0.0,0.0,0.0,0.0,0.0,0.0,0.0,0.0,0.0
3,0,0.90625,0.09375,0.0,0.0,0.0,0.0,0.0,0.0,0.0,0.0,0.0,0.0
3,0,0.90625,0.09375,0.0,0.0,0.0,0.0,0.0,0.0,0.0,0.0,0.0,0.0
3,0,0.90625,0.09375,0.0,0.0,0.0,0.0,0.0,0.0,0.0,0.0,0.0,0.0
3,0,0.90625,0.09375,0.0,0.0,0.0,0.0,0.0,0.0,0.0,0.0,0.0,0.0
3,0,0.90625,0.09375,0.0,0.0,0.0,0.0,0.0,0.0,0.0,0.0,0.0,0.0
3,0,0.90625,0.09375,0.0,0.0,0.0,0.0,0.0,0.0,0.0,0.0,0.0,0.0
3,0,0.90625,0.09375,0.0,0.0,0.0,0.0,0.0,0.0,0.0,0.0,0.0,0.0
3,0,0.90625,0.09375,0.0,0.0,0.0,0.0,0.0,0.0,0.0,0.0,0.0,0.0
3,0,0.90625,0.09375,0.0,0.0,0.0,0.0,0.0,0.0,0.0,0.0,0.0,0.0
3,0,0.90625,0.09375,0.0,0.0,0.0,0.0,0.0,0.0,0.0,0.0,0.0,0.0
3,0,0.90625,0.09375,0.0,0.0,0.0,0.0,0.0,0.0,0.0,0.0,0.0,0.0
3,0,0.90625,0.09375,0.0,0.0,0.0,0.0,0.0,0.0,0.0,0.0,0.0,0.0
3,0,0.90625,0.09375,0.0,0.0,0.0,0.0,0.0,0.0,0.0,0.0,0.0,0.0
3,0,0.90625,0.09375,0.0,0.0,0.0,0.0,0.0,0.0,0.0,0.0,0.0,0.0
3,0,0.90625,0.09375,0.0,0.0,0.0,0.0,0.0,0.0,0.0,0.0,0.0,0.0
3,0,0.90625,0.09375,0.0,0.0,0.0,0.0,0.0,0.0,0.0,0.0,0.0,0.0
3,0,0.90625,0.09375,0.0,0.0,0.0,0.0,0.0,0.0,0.0,0.0,0.0,0.0
3,0,0.90625,0.09375,0.0,0.0,0.0,0.0,0.0,0.0,0.0,0.0,0.0,0.0
3,0,0.90625,0.09375,0.0,0.0,0.0,0.0,0.0,0.0,0.0,0.0,0.0,0.0
3,0,0.90625,0.09375,0.0,0.0,0.0,0.0,0.0,0.0,0.0,0.0,0.0,0.0
3,0,0.90625,0.09375,0.0,0.0,0.0,0.0,0.0,0.0,0.0,0.0,0.0,0.0
3,0,0.90625,0.09375,0.0,0.0,0.0,0.0,0.0,0.0,0.0,0.0,0.0,0.0
3,0,0.90625,0.09375,0.0,0.0,0.0,0.0,0.0,0.0,0.0,0.0,0.0,0.0
3,0,0.90625,0.09375,0.0,0.0,0.0,0.0,0.0,0.0,0.0,0.0,0.0,0.0
3,0,0.90625,0.09375,0.0,0.0,0.0,0.0,0.0,0.0,0.0,0.0,0.0,0.0
3,0,0.90625,0.09375,0.0,0.0,0.0,0.0,0.0,0.0,0.0,0.0,0.0,0.0
3,0,0.90625,0.09375,0.0,0.0,0.0,0.0,0.0,0.0,0.0,0.0,0.0,0.0
3,0,0.90625,0.09375,0.0,0.0,0.0,0.0,0.0,0.0,0.0,0.0,0.0,0.0
3,0,0.90625,0.09375,0.0,0.0,0.0,0.0,0.0,0.0,0.0,0.0,0.0,0.0
3,0,0.90625,0.09375,0.0,0.0,0.0,0.0,0.0,0.0,0.0,0.0,0.0,0.0
3,0,0.90625,0.09375,0.0,0.0,0.0,0.0,0.0,0.0,0.0,0.0,0.0,0.0
3,0,0.90625,0.09375,0.0,0.0,0.0,0.0,0.0,0.0,0.0,0.0,0.0,0.0
3,0,0.90625,0.09375,0.0,0.0,0.0,0.0,0.0,0.0,0.0,0.0,0.0,0.0
3,0,0.90625,0.09375,0.0,0.0,0.0,0.0,0.0,0.0,0.0,0.0,0.0,0.0
3,0,0.90625,0.09375,0.0,0.0,0.0,0.0,0.0,0.0,0.0,0.0,0.0,0.0
3,0,0.90625,0.09375,0.0,0.0,0.0,0.0,0.0,0.0,0.0,0.0,0.0,0.0
3,0,0.90625,0.09375,0.0,0.0,0.0,0.0,0.0,0.0,0.0,0.0,0.0,0.0
3,0,0.90625,0.09375,0.0,0.0,0.0,0.0,0.0,0.0,0.0,0.0,0.0,0.0
3,0,0.90625,0.09375,0.0,0.0,0.0,0.0,0.0,0.0,0.0,0.0,0.0,0.0
3,0,0.90625,0.09375,0.0,0.0,0.0,0.0,0.0,0.0,0.0,0.0,0.0,0.0
3,0,0.90625,0.09375,0.0,0.0,0.0,0.0,0.0,0.0,0.0,0.0,0.0,0.0
3,0,0.90625,0.09375,0.0,0.0,0.0,0.0,0.0,0.0,0.0,0.0,0.0,0.0
3,0,0.90625,0.09375,0.0,0.0,0.0,0.0,0.0,0.0,0.0,0.0,0.0,0.0
3,0,0.90625,0.09375,0.0,0.0,0.0,0.0,0.0,0.0,0.0,0.0,0.0,0.0
3,0,0.90625,0.09375,0.0,0.0,0.0,0.0,0.0,0.0,0.0,0.0,0.0,0.0
3,0,0.90625,0.09375,0.0,0.0,0.0,0.0,0.0,0.0,0.0,0.0,0.0,0.0
3,0,0.90625,0.09375,0.0,0.0,0.0,0.0,0.0,0.0,0.0,0.0,0.0,0.0
3,0,0.90625,0.09375,0.0,0.0,0.0,0.0,0.0,0.0,0.0,0.0,0.0,0.0
3,0,0.90625,0.09375,0.0,0.0,0.0,0.0,0.0,0.0,0.0,0.0,0.0,0.0
3,0,0.90625,0.09375,0.0,0.0,0.0,0.0,0.0,0.0,0.0,0.0,0.0,0.0
3,0,0.90625,0.09375,0.0,0.0,0.0,0.0,0.0,0.0,0.0,0.0,0.0,0.0
3,0,0.90625,0.09375,0.0,0.0,0.0,0.0,0.0,0.0,0.0,0.0,0.0,0.0
3,0,0.90625,0.09375,0.0,0.0,0.0,0.0,0.0,0.0,0.0,0.0,0.0,0.0
3,0,0.90625,0.09375,0.0,0.0,0.0,0.0,0.0,0.0,0.0,0.0,0.0,0.0
3,0,0.90625,0.09375,0.0,0.0,0.0,0.0,0.0,0.0,0.0,0.0,0.0,0.0
3,0,0.90625,0.09375,0.0,0.0,0.0,0.0,0.0,0.0,0.0,0.0,0.0,0.0
3,0,0.90625,0.09375,0.0,0.0,0.0,0.0,0.0,0.0,0.0,0.0,0.0,0.0
3,0,0.90625,0.09375,0.0,0.0,0.0,0.0,0.0,0.0,0.0,0.0,0.0,0.0
3,0,0.90625,0.09375,0.0,0.0,0.0,0.0,0.0,0.0,0.0,0.0,0.0,0.0
3,0,0.921875,0.078125,0.0,0.0,0.0,0.0,0.0,0.0,0.0,0.0,0.0,0.0
3,0,0.921875,0.078125,0.0,0.0,0.0,0.0,0.0,0.0,0.0,0.0,0.0,0.0
3,0,0.921875,0.078125,0.0,0.0,0.0,0.0,0.0,0.0,0.0,0.0,0.0,0.0
3,0,0.921875,0.078125,0.0,0.0,0.0,0.0,0.0,0.0,0.0,0.0,0.0,0.0
3,0,0.921875,0.078125,0.0,0.0,0.0,0.0,0.0,0.0,0.0,0.0,0.0,0.0
3,0,0.921875,0.078125,0.0,0.0,0.0,0.0,0.0,0.0,0.0,0.0,0.0,0.0
3,0,0.921875,0.078125,0.0,0.0,0.0,0.0,0.0,0.0,0.0,0.0,0.0,0.0
3,0,0.921875,0.078125,0.0,0.0,0.0,0.0,0.0,0.0,0.0,0.0,0.0,0.0
3,0,0.921875,0.078125,0.0,0.0,0.0,0.0,0.0,0.0,0.0,0.0,0.0,0.0
3,0,0.921875,0.078125,0.0,0.0,0.0,0.0,0.0,0.0,0.0,0.0,0.0,0.0
3,0,0.921875,0.078125,0.0,0.0,0.0,0.0,0.0,0.0,0.0,0.0,0.0,0.0
3,0,0.921875,0.078125,0.0,0.0,0.0,0.0,0.0,0.0,0.0,0.0,0.0,0.0
3,0,0.921875,0.078125,0.0,0.0,0.0,0.0,0.0,0.0,0.0,0.0,0.0,0.0
3,0,0.921875,0.078125,0.0,0.0,0.0,0.0,0.0,0.0,0.0,0.0,0.0,0.0
3,0,0.921875,0.078125,0.0,0.0,0.0,0.0,0.0,0.0,0.0,0.0,0.0,0.0
3,0,0.921875,0.078125,0.0,0.0,0.0,0.0,0.0,0.0,0.0,0.0,0.0,0.0
3,0,0.921875,0.078125,0.0,0.0,0.0,0.0,0.0,0.0,0.0,0.0,0.0,0.0
3,0,0.921875,0.078125,0.0,0.0,0.0,0.0,0.0,0.0,0.0,0.0,0.0,0.0
3,0,0.921875,0.078125,0.0,0.0,0.0,0.0,0.0,0.0,0.0,0.0,0.0,0.0
3,0,0.921875,0.078125,0.0,0.0,0.0,0.0,0.0,0.0,0.0,0.0,0.0,0.0
3,0,0.921875,0.078125,0.0,0.0,0.0,0.0,0.0,0.0,0.0,0.0,0.0,0.0
3,0,0.921875,0.078125,0.0,0.0,0.0,0.0,0.0,0.0,0.0,0.0,0.0,0.0
3,0,0.921875,0.078125,0.0,0.0,0.0,0.0,0.0,0.0,0.0,0.0,0.0,0.0
3,0,0.921875,0.078125,0.0,0.0,0.0,0.0,0.0,0.0,0.0,0.0,0.0,0.0
3,0,0.921875,0.078125,0.0,0.0,0.0,0.0,0.0,0.0,0.0,0.0,0.0,0.0
3,0,0.921875,0.078125,0.0,0.0,0.0,0.0,0.0,0.0,0.0,0.0,0.0,0.0
3,0,0.921875,0.078125,0.0,0.0,0.0,0.0,0.0,0.0,0.0,0.0,0.0,0.0
3,0,0.921875,0.078125,0.0,0.0,0.0,0.0,0.0,0.0,0.0,0.0,0.0,0.0
3,0,0.921875,0.078125,0.0,0.0,0.0,0.0,0.0,0.0,0.0,0.0,0.0,0.0
3,0,0.921875,0.078125,0.0,0.0,0.0,0.0,0.0,0.0,0.0,0.0,0.0,0.0
3,0,0.921875,0.078125,0.0,0.0,0.0,0.0,0.0,0.0,0.0,0.0,0.0,0.0
3,0,0.921875,0.078125,0.0,0.0,0.0,0.0,0.0,0.0,0.0,0.0,0.0,0.0
3,0,0.921875,0.078125,0.0,0.0,0.0,0.0,0.0,0.0,0.0,0.0,0.0,0.0
3,0,0.921875,0.078125,0.0,0.0,0.0,0.0,0.0,0.0,0.0,0.0,0.0,0.0
3,0,0.921875,0.078125,0.0,0.0,0.0,0.0,0.0,0.0,0.0,0.0,0.0,0.0
3,0,0.921875,0.078125,0.0,0.0,0.0,0.0,0.0,0.0,0.0,0.0,0.0,0.0
3,0,0.921875,0.078125,0.0,0.0,0.0,0.0,0.0,0.0,0.0,0.0,0.0,0.0
3,0,0.921875,0.078125,0.0,0.0,0.0,0.0,0.0,0.0,0.0,0.0,0.0,0.0
3,0,0.921875,0.078125,0.0,0.0,0.0,0.0,0.0,0.0,0.0,0.0,0.0,0.0
3,0,0.921875,0.078125,0.0,0.0,0.0,0.0,0.0,0.0,0.0,0.0,0.0,0.0
3,0,0.921875,0.078125,0.0,0.0,0.0,0.0,0.0,0.0,0.0,0.0,0.0,0.0
3,0,0.921875,0.078125,0.0,0.0,0.0,0.0,0.0,0.0,0.0,0.0,0.0,0.0
3,0,0.921875,0.078125,0.0,0.0,0.0,0.0,0.0,0.0,0.0,0.0,0.0,0.0
3,0,0.921875,0.078125,0.0,0.0,0.0,0.0,0.0,0.0,0.0,0.0,0.0,0.0
3,0,0.921875,0.078125,0.0,0.0,0.0,0.0,0.0,0.0,0.0,0.0,0.0,0.0
3,0,0.921875,0.078125,0.0,0.0,0.0,0.0,0.0,0.0,0.0,0.0,0.0,0.0
3,0,0.921875,0.078125,0.0,0.0,0.0,0.0,0.0,0.0,0.0,0.0,0.0,0.0
3,0,0.921875,0.078125,0.0,0.0,0.0,0.0,0.0,0.0,0.0,0.0,0.0,0.0
3,0,0.921875,0.078125,0.0,0.0,0.0,0.0,0.0,0.0,0.0,0.0,0.0,0.0
3,0,0.921875,0.078125,0.0,0.0,0.0,0.0,0.0,0.0,0.0,0.0,0.0,0.0
3,0,0.921875,0.078125,0.0,0.0,0.0,0.0,0.0,0.0,0.0,0.0,0.0,0.0
3,0,0.921875,0.078125,0.0,0.0,0.0,0.0,0.0,0.0,0.0,0.0,0.0,0.0
3,0,0.921875,0.078125,0.0,0.0,0.0,0.0,0.0,0.0,0.0,0.0,0.0,0.0
3,0,0.921875,0.078125,0.0,0.0,0.0,0.0,0.0,0.0,0.0,0.0,0.0,0.0
3,0,0.921875,0.078125,0.0,0.0,0.0,0.0,0.0,0.0,0.0,0.0,0.0,0.0
3,0,0.921875,0.078125,0.0,0.0,0.0,0.0,0.0,0.0,0.0,0.0,0.0,0.0
3,0,0.921875,0.078125,0.0,0.0,0.0,0.0,0.0,0.0,0.0,0.0,0.0,0.0
3,0,0.921875,0.078125,0.0,0.0,0.0,0.0,0.0,0.0,0.0,0.0,0.0,0.0
3,0,0.921875,0.078125,0.0,0.0,0.0,0.0,0.0,0.0,0.0,0.0,0.0,0.0
3,0,0.921875,0.078125,0.0,0.0,0.0,0.0,0.0,0.0,0.0,0.0,0.0,0.0
3,0,0.921875,0.078125,0.0,0.0,0.0,0.0,0.0,0.0,0.0,0.0,0.0,0.0
3,0,0.921875,0.078125,0.0,0.0,0.0,0.0,0.0,0.0,0.0,0.0,0.0,0.0
3,0,0.921875,0.078125,0.0,0.0,0.0,0.0,0.0,0.0,0.0,0.0,0.0,0.0
3,0,0.921875,0.078125,0.0,0.0,0.0,0.0,0.0,0.0,0.0,0.0,0.0,0.0
3,0,0.921875,0.078125,0.0,0.0,0.0,0.0,0.0,0.0,0.0,0.0,0.0,0.0
3,0,0.921875,0.078125,0.0,0.0,0.0,0.0,0.0,0.0,0.0,0.0,0.0,0.0
3,0,0.921875,0.078125,0.0,0.0,0.0,0.0,0.0,0.0,0.0,0.0,0.0,0.0
3,0,0.921875,0.078125,0.0,0.0,0.0,0.0,0.0,0.0,0.0,0.0,0.0,0.0
3,0,0.921875,0.078125,0.0,0.0,0.0,0.0,0.0,0.0,0.0,0.0,0.0,0.0
3,0,0.921875,0.078125,0.0,0.0,0.0,0.0,0.0,0.0,0.0,0.0,0.0,0.0
3,0,0.921875,0.078125,0.0,0.0,0.0,0.0,0.0,0.0,0.0,0.0,0.0,0.0
3,0,0.921875,0.078125,0.0,0.0,0.0,0.0,0.0,0.0,0.0,0.0,0.0,0.0
3,0,0.90625,0.09375,0.0,0.0,0.0,0.0,0.0,0.0,0.0,0.0,0.0,0.0
3,0,0.90625,0.09375,0.0,0.0,0.0,0.0,0.0,0.0,0.0,0.0,0.0,0.0
3,0,0.90625,0.09375,0.0,0.0,0.0,0.0,0.0,0.0,0.0,0.0,0.0,0.0
3,0,0.90625,0.09375,0.0,0.0,0.0,0.0,0.0,0.0,0.0,0.0,0.0,0.0
3,0,0.90625,0.09375,0.0,0.0,0.0,0.0,0.0,0.0,0.0,0.0,0.0,0.0
3,0,0.90625,0.09375,0.0,0.0,0.0,0.0,0.0,0.0,0.0,0.0,0.0,0.0
3,0,0.90625,0.09375,0.0,0.0,0.0,0.0,0.0,0.0,0.0,0.0,0.0,0.0
3,0,0.90625,0.09375,0.0,0.0,0.0,0.0,0.0,0.0,0.0,0.0,0.0,0.0
3,0,0.90625,0.09375,0.0,0.0,0.0,0.0,0.0,0.0,0.0,0.0,0.0,0.0
3,0,0.90625,0.09375,0.0,0.0,0.0,0.0,0.0,0.0,0.0,0.0,0.0,0.0
3,0,0.90625,0.09375,0.0,0.0,0.0,0.0,0.0,0.0,0.0,0.0,0.0,0.0
3,0,0.90625,0.09375,0.0,0.0,0.0,0.0,0.0,0.0,0.0,0.0,0.0,0.0
3,0,0.90625,0.09375,0.0,0.0,0.0,0.0,0.0,0.0,0.0,0.0,0.0,0.0
3,0,0.90625,0.09375,0.0,0.0,0.0,0.0,0.0,0.0,0.0,0.0,0.0,0.0
3,0,0.90625,0.09375,0.0,0.0,0.0,0.0,0.0,0.0,0.0,0.0,0.0,0.0
3,0,0.90625,0.09375,0.0,0.0,0.0,0.0,0.0,0.0,0.0,0.0,0.0,0.0
3,0,0.90625,0.09375,0.0,0.0,0.0,0.0,0.0,0.0,0.0,0.0,0.0,0.0
3,0,0.90625,0.09375,0.0,0.0,0.0,0.0,0.0,0.0,0.0,0.0,0.0,0.0
3,0,0.90625,0.09375,0.0,0.0,0.0,0.0,0.0,0.0,0.0,0.0,0.0,0.0
3,0,0.90625,0.09375,0.0,0.0,0.0,0.0,0.0,0.0,0.0,0.0,0.0,0.0
3,0,0.90625,0.09375,0.0,0.0,0.0,0.0,0.0,0.0,0.0,0.0,0.0,0.0
3,0,0.90625,0.09375,0.0,0.0,0.0,0.0,0.0,0.0,0.0,0.0,0.0,0.0
3,0,0.90625,0.09375,0.0,0.0,0.0,0.0,0.0,0.0,0.0,0.0,0.0,0.0
3,0,0.90625,0.09375,0.0,0.0,0.0,0.0,0.0,0.0,0.0,0.0,0.0,0.0
3,0,0.90625,0.09375,0.0,0.0,0.0,0.0,0.0,0.0,0.0,0.0,0.0,0.0
3,0,0.90625,0.09375,0.0,0.0,0.0,0.0,0.0,0.0,0.0,0.0,0.0,0.0
3,0,0.90625,0.09375,0.0,0.0,0.0,0.0,0.0,0.0,0.0,0.0,0.0,0.0
3,0,0.90625,0.09375,0.0,0.0,0.0,0.0,0.0,0.0,0.0,0.0,0.0,0.0
3,0,0.90625,0.09375,0.0,0.0,0.0,0.0,0.0,0.0,0.0,0.0,0.0,0.0
3,0,0.90625,0.09375,0.0,0.0,0.0,0.0,0.0,0.0,0.0,0.0,0.0,0.0
3,0,0.90625,0.09375,0.0,0.0,0.0,0.0,0.0,0.0,0.0,0.0,0.0,0.0
3,0,0.90625,0.09375,0.0,0.0,0.0,0.0,0.0,0.0,0.0,0.0,0.0,0.0
3,0,0.90625,0.09375,0.0,0.0,0.0,0.0,0.0,0.0,0.0,0.0,0.0,0.0
3,0,0.90625,0.09375,0.0,0.0,0.0,0.0,0.0,0.0,0.0,0.0,0.0,0.0
3,0,0.90625,0.09375,0.0,0.0,0.0,0.0,0.0,0.0,0.0,0.0,0.0,0.0
3,0,0.90625,0.09375,0.0,0.0,0.0,0.0,0.0,0.0,0.0,0.0,0.0,0.0
3,0,0.90625,0.09375,0.0,0.0,0.0,0.0,0.0,0.0,0.0,0.0,0.0,0.0
3,0,0.90625,0.09375,0.0,0.0,0.0,0.0,0.0,0.0,0.0,0.0,0.0,0.0
3,0,0.90625,0.09375,0.0,0.0,0.0,0.0,0.0,0.0,0.0,0.0,0.0,0.0
3,0,0.90625,0.09375,0.0,0.0,0.0,0.0,0.0,0.0,0.0,0.0,0.0,0.0
3,0,0.921875,0.078125,0.0,0.0,0.0,0.0,0.0,0.0,0.0,0.0,0.0,0.0
3,0,0.921875,0.078125,0.0,0.0,0.0,0.0,0.0,0.0,0.0,0.0,0.0,0.0
3,0,0.921875,0.078125,0.0,0.0,0.0,0.0,0.0,0.0,0.0,0.0,0.0,0.0
3,0,0.921875,0.078125,0.0,0.0,0.0,0.0,0.0,0.0,0.0,0.0,0.0,0.0
3,0,0.921875,0.078125,0.0,0.0,0.0,0.0,0.0,0.0,0.0,0.0,0.0,0.0
3,0,0.921875,0.078125,0.0,0.0,0.0,0.0,0.0,0.0,0.0,0.0,0.0,0.0
3,0,0.921875,0.078125,0.0,0.0,0.0,0.0,0.0,0.0,0.0,0.0,0.0,0.0
3,0,0.921875,0.078125,0.0,0.0,0.0,0.0,0.0,0.0,0.0,0.0,0.0,0.0
3,0,0.921875,0.078125,0.0,0.0,0.0,0.0,0.0,0.0,0.0,0.0,0.0,0.0
3,0,0.921875,0.078125,0.0,0.0,0.0,0.0,0.0,0.0,0.0,0.0,0.0,0.0
3,0,0.921875,0.078125,0.0,0.0,0.0,0.0,0.0,0.0,0.0,0.0,0.0,0.0
3,0,0.921875,0.078125,0.0,0.0,0.0,0.0,0.0,0.0,0.0,0.0,0.0,0.0
3,0,0.921875,0.078125,0.0,0.0,0.0,0.0,0.0,0.0,0.0,0.0,0.0,0.0
3,0,0.921875,0.078125,0.0,0.0,0.0,0.0,0.0,0.0,0.0,0.0,0.0,0.0
3,0,0.921875,0.078125,0.0,0.0,0.0,0.0,0.0,0.0,0.0,0.0,0.0,0.0
3,0,0.921875,0.078125,0.0,0.0,0.0,0.0,0.0,0.0,0.0,0.0,0.0,0.0
3,0,0.921875,0.078125,0.0,0.0,0.0,0.0,0.0,0.0,0.0,0.0,0.0,0.0
3,0,0.921875,0.078125,0.0,0.0,0.0,0.0,0.0,0.0,0.0,0.0,0.0,0.0
3,0,0.921875,0.078125,0.0,0.0,0.0,0.0,0.0,0.0,0.0,0.0,0.0,0.0
3,0,0.921875,0.078125,0.0,0.0,0.0,0.0,0.0,0.0,0.0,0.0,0.0,0.0
3,0,0.921875,0.078125,0.0,0.0,0.0,0.0,0.0,0.0,0.0,0.0,0.0,0.0
3,0,0.921875,0.078125,0.0,0.0,0.0,0.0,0.0,0.0,0.0,0.0,0.0,0.0
3,0,0.921875,0.078125,0.0,0.0,0.0,0.0,0.0,0.0,0.0,0.0,0.0,0.0
3,0,0.921875,0.078125,0.0,0.0,0.0,0.0,0.0,0.0,0.0,0.0,0.0,0.0
3,0,0.921875,0.078125,0.0,0.0,0.0,0.0,0.0,0.0,0.0,0.0,0.0,0.0
3,0,0.921875,0.078125,0.0,0.0,0.0,0.0,0.0,0.0,0.0,0.0,0.0,0.0
3,0,0.921875,0.078125,0.0,0.0,0.0,0.0,0.0,0.0,0.0,0.0,0.0,0.0
3,0,0.921875,0.078125,0.0,0.0,0.0,0.0,0.0,0.0,0.0,0.0,0.0,0.0
3,0,0.921875,0.078125,0.0,0.0,0.0,0.0,0.0,0.0,0.0,0.0,0.0,0.0
3,0,0.921875,0.078125,0.0,0.0,0.0,0.0,0.0,0.0,0.0,0.0,0.0,0.0
3,0,0.921875,0.078125,0.0,0.0,0.0,0.0,0.0,0.0,0.0,0.0,0.0,0.0
3,0,0.921875,0.078125,0.0,0.0,0.0,0.0,0.0,0.0,0.0,0.0,0.0,0.0
3,0,0.921875,0.078125,0.0,0.0,0.0,0.0,0.0,0.0,0.0,0.0,0.0,0.0
3,0,0.921875,0.078125,0.0,0.0,0.0,0.0,0.0,0.0,0.0,0.0,0.0,0.0
3,0,0.921875,0.078125,0.0,0.0,0.0,0.0,0.0,0.0,0.0,0.0,0.0,0.0
3,0,0.921875,0.078125,0.0,0.0,0.0,0.0,0.0,0.0,0.0,0.0,0.0,0.0
3,0,0.921875,0.078125,0.0,0.0,0.0,0.0,0.0,0.0,0.0,0.0,0.0,0.0
3,0,0.921875,0.078125,0.0,0.0,0.0,0.0,0.0,0.0,0.0,0.0,0.0,0.0
3,0,0.921875,0.078125,0.0,0.0,0.0,0.0,0.0,0.0,0.0,0.0,0.0,0.0
3,0,0.921875,0.078125,0.0,0.0,0.0,0.0,0.0,0.0,0.0,0.0,0.0,0.0
3,0,0.921875,0.078125,0.0,0.0,0.0,0.0,0.0,0.0,0.0,0.0,0.0,0.0
3,0,0.921875,0.078125,0.0,0.0,0.0,0.0,0.0,0.0,0.0,0.0,0.0,0.0
3,0,0.921875,0.078125,0.0,0.0,0.0,0.0,0.0,0.0,0.0,0.0,0.0,0.0
3,0,0.921875,0.078125,0.0,0.0,0.0,0.0,0.0,0.0,0.0,0.0,0.0,0.0
3,0,0.921875,0.078125,0.0,0.0,0.0,0.0,0.0,0.0,0.0,0.0,0.0,0.0
3,0,0.921875,0.078125,0.0,0.0,0.0,0.0,0.0,0.0,0.0,0.0,0.0,0.0
3,0,0.921875,0.078125,0.0,0.0,0.0,0.0,0.0,0.0,0.0,0.0,0.0,0.0
3,0,0.921875,0.078125,0.0,0.0,0.0,0.0,0.0,0.0,0.0,0.0,0.0,0.0
3,0,0.921875,0.078125,0.0,0.0,0.0,0.0,0.0,0.0,0.0,0.0,0.0,0.0
3,0,0.921875,0.078125,0.0,0.0,0.0,0.0,0.0,0.0,0.0,0.0,0.0,0.0
3,0,0.921875,0.078125,0.0,0.0,0.0,0.0,0.0,0.0,0.0,0.0,0.0,0.0
3,0,0.921875,0.078125,0.0,0.0,0.0,0.0,0.0,0.0,0.0,0.0,0.0,0.0
3,0,0.921875,0.078125,0.0,0.0,0.0,0.0,0.0,0.0,0.0,0.0,0.0,0.0
3,0,0.921875,0.078125,0.0,0.0,0.0,0.0,0.0,0.0,0.0,0.0,0.0,0.0
3,0,0.921875,0.078125,0.0,0.0,0.0,0.0,0.0,0.0,0.0,0.0,0.0,0.0
3,0,0.921875,0.078125,0.0,0.0,0.0,0.0,0.0,0.0,0.0,0.0,0.0,0.0
3,0,0.921875,0.078125,0.0,0.0,0.0,0.0,0.0,0.0,0.0,0.0,0.0,0.0
3,0,0.921875,0.078125,0.0,0.0,0.0,0.0,0.0,0.0,0.0,0.0,0.0,0.0
3,0,0.921875,0.078125,0.0,0.0,0.0,0.0,0.0,0.0,0.0,0.0,0.0,0.0
3,0,0.921875,0.078125,0.0,0.0,0.0,0.0,0.0,0.0,0.0,0.0,0.0,0.0
3,0,0.921875,0.078125,0.0,0.0,0.0,0.0,0.0,0.0,0.0,0.0,0.0,0.0
3,0,0.921875,0.078125,0.0,0.0,0.0,0.0,0.0,0.0,0.0,0.0,0.0,0.0
3,0,0.921875,0.078125,0.0,0.0,0.0,0.0,0.0,0.0,0.0,0.0,0.0,0.0
3,0,0.921875,0.078125,0.0,0.0,0.0,0.0,0.0,0.0,0.0,0.0,0.0,0.0
3,0,0.921875,0.078125,0.0,0.0,0.0,0.0,0.0,0.0,0.0,0.0,0.0,0.0
3,0,0.921875,0.078125,0.0,0.0,0.0,0.0,0.0,0.0,0.0,0.0,0.0,0.0
3,0,0.921875,0.078125,0.0,0.0,0.0,0.0,0.0,0.0,0.0,0.0,0.0,0.0
3,0,0.921875,0.078125,0.0,0.0,0.0,0.0,0.0,0.0,0.0,0.0,0.0,0.0
3,0,0.921875,0.078125,0.0,0.0,0.0,0.0,0.0,0.0,0.0,0.0,0.0,0.0
3,0,0.921875,0.078125,0.0,0.0,0.0,0.0,0.0,0.0,0.0,0.0,0.0,0.0
3,0,0.921875,0.078125,0.0,0.0,0.0,0.0,0.0,0.0,0.0,0.0,0.0,0.0
3,0,0.921875,0.078125,0.0,0.0,0.0,0.0,0.0,0.0,0.0,0.0,0.0,0.0
3,0,0.921875,0.078125,0.0,0.0,0.0,0.0,0.0,0.0,0.0,0.0,0.0,0.0
3,0,0.921875,0.078125,0.0,0.0,0.0,0.0,0.0,0.0,0.0,0.0,0.0,0.0
3,0,0.921875,0.078125,0.0,0.0,0.0,0.0,0.0,0.0,0.0,0.0,0.0,0.0
3,0,0.921875,0.078125,0.0,0.0,0.0,0.0,0.0,0.0,0.0,0.0,0.0,0.0
3,0,0.921875,0.078125,0.0,0.0,0.0,0.0,0.0,0.0,0.0,0.0,0.0,0.0
3,0,0.921875,0.078125,0.0,0.0,0.0,0.0,0.0,0.0,0.0,0.0,0.0,0.0
3,0,0.921875,0.078125,0.0,0.0,0.0,0.0,0.0,0.0,0.0,0.0,0.0,0.0
3,0,0.921875,0.078125,0.0,0.0,0.0,0.0,0.0,0.0,0.0,0.0,0.0,0.0
3,0,0.921875,0.078125,0.0,0.0,0.0,0.0,0.0,0.0,0.0,0.0,0.0,0.0
3,0,0.921875,0.078125,0.0,0.0,0.0,0.0,0.0,0.0,0.0,0.0,0.0,0.0
3,0,0.921875,0.078125,0.0,0.0,0.0,0.0,0.0,0.0,0.0,0.0,0.0,0.0
3,0,0.921875,0.078125,0.0,0.0,0.0,0.0,0.0,0.0,0.0,0.0,0.0,0.0
3,0,0.921875,0.078125,0.0,0.0,0.0,0.0,0.0,0.0,0.0,0.0,0.0,0.0
3,0,0.921875,0.078125,0.0,0.0,0.0,0.0,0.0,0.0,0.0,0.0,0.0,0.0
3,0,0.921875,0.078125,0.0,0.0,0.0,0.0,0.0,0.0,0.0,0.0,0.0,0.0
3,0,0.921875,0.078125,0.0,0.0,0.0,0.0,0.0,0.0,0.0,0.0,0.0,0.0
3,0,0.921875,0.078125,0.0,0.0,0.0,0.0,0.0,0.0,0.0,0.0,0.0,0.0
3,0,0.921875,0.078125,0.0,0.0,0.0,0.0,0.0,0.0,0.0,0.0,0.0,0.0
3,0,0.921875,0.078125,0.0,0.0,0.0,0.0,0.0,0.0,0.0,0.0,0.0,0.0
3,0,0.921875,0.078125,0.0,0.0,0.0,0.0,0.0,0.0,0.0,0.0,0.0,0.0
3,0,0.921875,0.078125,0.0,0.0,0.0,0.0,0.0,0.0,0.0,0.0,0.0,0.0
3,0,0.921875,0.078125,0.0,0.0,0.0,0.0,0.0,0.0,0.0,0.0,0.0,0.0
3,0,0.921875,0.078125,0.0,0.0,0.0,0.0,0.0,0.0,0.0,0.0,0.0,0.0
3,0,0.921875,0.078125,0.0,0.0,0.0,0.0,0.0,0.0,0.0,0.0,0.0,0.0
3,0,0.921875,0.078125,0.0,0.0,0.0,0.0,0.0,0.0,0.0,0.0,0.0,0.0
3,0,0.921875,0.078125,0.0,0.0,0.0,0.0,0.0,0.0,0.0,0.0,0.0,0.0
3,0,0.921875,0.078125,0.0,0.0,0.0,0.0,0.0,0.0,0.0,0.0,0.0,0.0
3,0,0.921875,0.078125,0.0,0.0,0.0,0.0,0.0,0.0,0.0,0.0,0.0,0.0
3,0,0.921875,0.078125,0.0,0.0,0.0,0.0,0.0,0.0,0.0,0.0,0.0,0.0
3,0,0.921875,0.078125,0.0,0.0,0.0,0.0,0.0,0.0,0.0,0.0,0.0,0.0
3,0,0.921875,0.078125,0.0,0.0,0.0,0.0,0.0,0.0,0.0,0.0,0.0,0.0
3,0,0.921875,0.078125,0.0,0.0,0.0,0.0,0.0,0.0,0.0,0.0,0.0,0.0
3,0,0.921875,0.078125,0.0,0.0,0.0,0.0,0.0,0.0,0.0,0.0,0.0,0.0
3,0,0.921875,0.078125,0.0,0.0,0.0,0.0,0.0,0.0,0.0,0.0,0.0,0.0
3,0,0.921875,0.078125,0.0,0.0,0.0,0.0,0.0,0.0,0.0,0.0,0.0,0.0
3,0,0.921875,0.078125,0.0,0.0,0.0,0.0,0.0,0.0,0.0,0.0,0.0,0.0
3,0,0.921875,0.078125,0.0,0.0,0.0,0.0,0.0,0.0,0.0,0.0,0.0,0.0
3,0,0.921875,0.078125,0.0,0.0,0.0,0.0,0.0,0.0,0.0,0.0,0.0,0.0
3,0,0.921875,0.078125,0.0,0.0,0.0,0.0,0.0,0.0,0.0,0.0,0.0,0.0
3,0,0.921875,0.078125,0.0,0.0,0.0,0.0,0.0,0.0,0.0,0.0,0.0,0.0
3,0,0.921875,0.078125,0.0,0.0,0.0,0.0,0.0,0.0,0.0,0.0,0.0,0.0
3,0,0.921875,0.078125,0.0,0.0,0.0,0.0,0.0,0.0,0.0,0.0,0.0,0.0
3,0,0.921875,0.078125,0.0,0.0,0.0,0.0,0.0,0.0,0.0,0.0,0.0,0.0
3,0,0.921875,0.078125,0.0,0.0,0.0,0.0,0.0,0.0,0.0,0.0,0.0,0.0
3,0,0.921875,0.078125,0.0,0.0,0.0,0.0,0.0,0.0,0.0,0.0,0.0,0.0
3,0,0.921875,0.078125,0.0,0.0,0.0,0.0,0.0,0.0,0.0,0.0,0.0,0.0
3,0,0.921875,0.078125,0.0,0.0,0.0,0.0,0.0,0.0,0.0,0.0,0.0,0.0
3,0,0.921875,0.078125,0.0,0.0,0.0,0.0,0.0,0.0,0.0,0.0,0.0,0.0
3,0,0.921875,0.078125,0.0,0.0,0.0,0.0,0.0,0.0,0.0,0.0,0.0,0.0
3,0,0.921875,0.078125,0.0,0.0,0.0,0.0,0.0,0.0,0.0,0.0,0.0,0.0
3,0,0.921875,0.078125,0.0,0.0,0.0,0.0,0.0,0.0,0.0,0.0,0.0,0.0
3,0,0.921875,0.078125,0.0,0.0,0.0,0.0,0.0,0.0,0.0,0.0,0.0,0.0
3,0,0.921875,0.078125,0.0,0.0,0.0,0.0,0.0,0.0,0.0,0.0,0.0,0.0
3,0,0.921875,0.078125,0.0,0.0,0.0,0.0,0.0,0.0,0.0,0.0,0.0,0.0
3,0,0.921875,0.078125,0.0,0.0,0.0,0.0,0.0,0.0,0.0,0.0,0.0,0.0
3,0,0.921875,0.078125,0.0,0.0,0.0,0.0,0.0,0.0,0.0,0.0,0.0,0.0
3,0,0.921875,0.078125,0.0,0.0,0.0,0.0,0.0,0.0,0.0,0.0,0.0,0.0
3,0,0.921875,0.078125,0.0,0.0,0.0,0.0,0.0,0.0,0.0,0.0,0.0,0.0
3,0,0.921875,0.078125,0.0,0.0,0.0,0.0,0.0,0.0,0.0,0.0,0.0,0.0
3,0,0.921875,0.078125,0.0,0.0,0.0,0.0,0.0,0.0,0.0,0.0,0.0,0.0
3,0,0.921875,0.078125,0.0,0.0,0.0,0.0,0.0,0.0,0.0,0.0,0.0,0.0
3,0,0.921875,0.078125,0.0,0.0,0.0,0.0,0.0,0.0,0.0,0.0,0.0,0.0
3,0,0.921875,0.078125,0.0,0.0,0.0,0.0,0.0,0.0,0.0,0.0,0.0,0.0
3,0,0.921875,0.078125,0.0,0.0,0.0,0.0,0.0,0.0,0.0,0.0,0.0,0.0
3,0,0.921875,0.078125,0.0,0.0,0.0,0.0,0.0,0.0,0.0,0.0,0.0,0.0
3,0,0.921875,0.078125,0.0,0.0,0.0,0.0,0.0,0.0,0.0,0.0,0.0,0.0
3,0,0.921875,0.078125,0.0,0.0,0.0,0.0,0.0,0.0,0.0,0.0,0.0,0.0
3,0,0.921875,0.078125,0.0,0.0,0.0,0.0,0.0,0.0,0.0,0.0,0.0,0.0
3,0,0.921875,0.078125,0.0,0.0,0.0,0.0,0.0,0.0,0.0,0.0,0.0,0.0
3,0,0.921875,0.078125,0.0,0.0,0.0,0.0,0.0,0.0,0.0,0.0,0.0,0.0
3,0,0.921875,0.078125,0.0,0.0,0.0,0.0,0.0,0.0,0.0,0.0,0.0,0.0
3,0,0.921875,0.078125,0.0,0.0,0.0,0.0,0.0,0.0,0.0,0.0,0.0,0.0
3,0,0.90625,0.09375,0.0,0.0,0.0,0.0,0.0,0.0,0.0,0.0,0.0,0.0
3,0,0.90625,0.09375,0.0,0.0,0.0,0.0,0.0,0.0,0.0,0.0,0.0,0.0
3,0,0.90625,0.09375,0.0,0.0,0.0,0.0,0.0,0.0,0.0,0.0,0.0,0.0
3,0,0.90625,0.09375,0.0,0.0,0.0,0.0,0.0,0.0,0.0,0.0,0.0,0.0
3,0,0.90625,0.09375,0.0,0.0,0.0,0.0,0.0,0.0,0.0,0.0,0.0,0.0
3,0,0.90625,0.09375,0.0,0.0,0.0,0.0,0.0,0.0,0.0,0.0,0.0,0.0
3,0,0.90625,0.09375,0.0,0.0,0.0,0.0,0.0,0.0,0.0,0.0,0.0,0.0
3,0,0.90625,0.09375,0.0,0.0,0.0,0.0,0.0,0.0,0.0,0.0,0.0,0.0
3,0,0.90625,0.09375,0.0,0.0,0.0,0.0,0.0,0.0,0.0,0.0,0.0,0.0
3,0,0.90625,0.09375,0.0,0.0,0.0,0.0,0.0,0.0,0.0,0.0,0.0,0.0
3,0,0.90625,0.09375,0.0,0.0,0.0,0.0,0.0,0.0,0.0,0.0,0.0,0.0
3,0,0.90625,0.09375,0.0,0.0,0.0,0.0,0.0,0.0,0.0,0.0,0.0,0.0
3,0,0.90625,0.09375,0.0,0.0,0.0,0.0,0.0,0.0,0.0,0.0,0.0,0.0
3,0,0.90625,0.09375,0.0,0.0,0.0,0.0,0.0,0.0,0.0,0.0,0.0,0.0
3,0,0.90625,0.09375,0.0,0.0,0.0,0.0,0.0,0.0,0.0,0.0,0.0,0.0
3,0,0.90625,0.09375,0.0,0.0,0.0,0.0,0.0,0.0,0.0,0.0,0.0,0.0
3,0,0.90625,0.09375,0.0,0.0,0.0,0.0,0.0,0.0,0.0,0.0,0.0,0.0
3,0,0.90625,0.09375,0.0,0.0,0.0,0.0,0.0,0.0,0.0,0.0,0.0,0.0
3,0,0.90625,0.09375,0.0,0.0,0.0,0.0,0.0,0.0,0.0,0.0,0.0,0.0
3,0,0.90625,0.09375,0.0,0.0,0.0,0.0,0.0,0.0,0.0,0.0,0.0,0.0
3,0,0.90625,0.09375,0.0,0.0,0.0,0.0,0.0,0.0,0.0,0.0,0.0,0.0
3,0,0.90625,0.09375,0.0,0.0,0.0,0.0,0.0,0.0,0.0,0.0,0.0,0.0
3,0,0.90625,0.09375,0.0,0.0,0.0,0.0,0.0,0.0,0.0,0.0,0.0,0.0
3,0,0.90625,0.09375,0.0,0.0,0.0,0.0,0.0,0.0,0.0,0.0,0.0,0.0
3,0,0.90625,0.09375,0.0,0.0,0.0,0.0,0.0,0.0,0.0,0.0,0.0,0.0
3,0,0.90625,0.09375,0.0,0.0,0.0,0.0,0.0,0.0,0.0,0.0,0.0,0.0
3,0,0.90625,0.09375,0.0,0.0,0.0,0.0,0.0,0.0,0.0,0.0,0.0,0.0
3,0,0.90625,0.09375,0.0,0.0,0.0,0.0,0.0,0.0,0.0,0.0,0.0,0.0
3,0,0.90625,0.09375,0.0,0.0,0.0,0.0,0.0,0.0,0.0,0.0,0.0,0.0
3,0,0.90625,0.09375,0.0,0.0,0.0,0.0,0.0,0.0,0.0,0.0,0.0,0.0
3,0,0.90625,0.09375,0.0,0.0,0.0,0.0,0.0,0.0,0.0,0.0,0.0,0.0
3,0,0.90625,0.09375,0.0,0.0,0.0,0.0,0.0,0.0,0.0,0.0,0.0,0.0
3,0,0.90625,0.09375,0.0,0.0,0.0,0.0,0.0,0.0,0.0,0.0,0.0,0.0
3,0,0.90625,0.09375,0.0,0.0,0.0,0.0,0.0,0.0,0.0,0.0,0.0,0.0
3,0,0.90625,0.09375,0.0,0.0,0.0,0.0,0.0,0.0,0.0,0.0,0.0,0.0
3,0,0.90625,0.09375,0.0,0.0,0.0,0.0,0.0,0.0,0.0,0.0,0.0,0.0
3,0,0.90625,0.09375,0.0,0.0,0.0,0.0,0.0,0.0,0.0,0.0,0.0,0.0
3,0,0.90625,0.09375,0.0,0.0,0.0,0.0,0.0,0.0,0.0,0.0,0.0,0.0
3,0,0.90625,0.09375,0.0,0.0,0.0,0.0,0.0,0.0,0.0,0.0,0.0,0.0
3,0,0.90625,0.09375,0.0,0.0,0.0,0.0,0.0,0.0,0.0,0.0,0.0,0.0
3,0,0.90625,0.09375,0.0,0.0,0.0,0.0,0.0,0.0,0.0,0.0,0.0,0.0
3,0,0.90625,0.09375,0.0,0.0,0.0,0.0,0.0,0.0,0.0,0.0,0.0,0.0
3,0,0.90625,0.09375,0.0,0.0,0.0,0.0,0.0,0.0,0.0,0.0,0.0,0.0
3,0,0.90625,0.09375,0.0,0.0,0.0,0.0,0.0,0.0,0.0,0.0,0.0,0.0
3,0,0.90625,0.09375,0.0,0.0,0.0,0.0,0.0,0.0,0.0,0.0,0.0,0.0
3,0,0.90625,0.09375,0.0,0.0,0.0,0.0,0.0,0.0,0.0,0.0,0.0,0.0
3,0,0.90625,0.09375,0.0,0.0,0.0,0.0,0.0,0.0,0.0,0.0,0.0,0.0
3,0,0.90625,0.09375,0.0,0.0,0.0,0.0,0.0,0.0,0.0,0.0,0.0,0.0
3,0,0.90625,0.09375,0.0,0.0,0.0,0.0,0.0,0.0,0.0,0.0,0.0,0.0
3,0,0.90625,0.09375,0.0,0.0,0.0,0.0,0.0,0.0,0.0,0.0,0.0,0.0
3,0,0.90625,0.09375,0.0,0.0,0.0,0.0,0.0,0.0,0.0,0.0,0.0,0.0
3,0,0.90625,0.09375,0.0,0.0,0.0,0.0,0.0,0.0,0.0,0.0,0.0,0.0
3,0,0.90625,0.09375,0.0,0.0,0.0,0.0,0.0,0.0,0.0,0.0,0.0,0.0
3,0,0.90625,0.09375,0.0,0.0,0.0,0.0,0.0,0.0,0.0,0.0,0.0,0.0
3,0,0.90625,0.09375,0.0,0.0,0.0,0.0,0.0,0.0,0.0,0.0,0.0,0.0
3,0,0.90625,0.09375,0.0,0.0,0.0,0.0,0.0,0.0,0.0,0.0,0.0,0.0
3,0,0.90625,0.09375,0.0,0.0,0.0,0.0,0.0,0.0,0.0,0.0,0.0,0.0
3,0,0.90625,0.09375,0.0,0.0,0.0,0.0,0.0,0.0,0.0,0.0,0.0,0.0
3,0,0.90625,0.09375,0.0,0.0,0.0,0.0,0.0,0.0,0.0,0.0,0.0,0.0
3,0,0.90625,0.09375,0.0,0.0,0.0,0.0,0.0,0.0,0.0,0.0,0.0,0.0
3,0,0.90625,0.09375,0.0,0.0,0.0,0.0,0.0,0.0,0.0,0.0,0.0,0.0
3,0,0.90625,0.09375,0.0,0.0,0.0,0.0,0.0,0.0,0.0,0.0,0.0,0.0
3,0,0.90625,0.09375,0.0,0.0,0.0,0.0,0.0,0.0,0.0,0.0,0.0,0.0
3,0,0.90625,0.09375,0.0,0.0,0.0,0.0,0.0,0.0,0.0,0.0,0.0,0.0
3,0,0.921875,0.078125,0.0,0.0,0.0,0.0,0.0,0.0,0.0,0.0,0.0,0.0
3,0,0.921875,0.078125,0.0,0.0,0.0,0.0,0.0,0.0,0.0,0.0,0.0,0.0
3,0,0.921875,0.078125,0.0,0.0,0.0,0.0,0.0,0.0,0.0,0.0,0.0,0.0
3,0,0.921875,0.078125,0.0,0.0,0.0,0.0,0.0,0.0,0.0,0.0,0.0,0.0
3,0,0.921875,0.078125,0.0,0.0,0.0,0.0,0.0,0.0,0.0,0.0,0.0,0.0
3,0,0.921875,0.078125,0.0,0.0,0.0,0.0,0.0,0.0,0.0,0.0,0.0,0.0
3,0,0.921875,0.078125,0.0,0.0,0.0,0.0,0.0,0.0,0.0,0.0,0.0,0.0
3,0,0.921875,0.078125,0.0,0.0,0.0,0.0,0.0,0.0,0.0,0.0,0.0,0.0
3,0,0.90625,0.09375,0.0,0.0,0.0,0.0,0.0,0.0,0.0,0.0,0.0,0.0
3,0,0.90625,0.09375,0.0,0.0,0.0,0.0,0.0,0.0,0.0,0.0,0.0,0.0
3,0,0.90625,0.09375,0.0,0.0,0.0,0.0,0.0,0.0,0.0,0.0,0.0,0.0
3,0,0.90625,0.09375,0.0,0.0,0.0,0.0,0.0,0.0,0.0,0.0,0.0,0.0
3,0,0.90625,0.09375,0.0,0.0,0.0,0.0,0.0,0.0,0.0,0.0,0.0,0.0
3,0,0.90625,0.09375,0.0,0.0,0.0,0.0,0.0,0.0,0.0,0.0,0.0,0.0
3,0,0.90625,0.09375,0.0,0.0,0.0,0.0,0.0,0.0,0.0,0.0,0.0,0.0
3,0,0.90625,0.09375,0.0,0.0,0.0,0.0,0.0,0.0,0.0,0.0,0.0,0.0
3,0,0.890625,0.109375,0.0,0.0,0.0,0.0,0.0,0.0,0.0,0.0,0.0,0.0
3,0,0.890625,0.109375,0.0,0.0,0.0,0.0,0.0,0.0,0.0,0.0,0.0,0.0
3,0,0.890625,0.109375,0.0,0.0,0.0,0.0,0.0,0.0,0.0,0.0,0.0,0.0
3,0,0.890625,0.109375,0.0,0.0,0.0,0.0,0.0,0.0,0.0,0.0,0.0,0.0
3,0,0.890625,0.109375,0.0,0.0,0.0,0.0,0.0,0.0,0.0,0.0,0.0,0.0
3,0,0.890625,0.109375,0.0,0.0,0.0,0.0,0.0,0.0,0.0,0.0,0.0,0.0
3,0,0.890625,0.109375,0.0,0.0,0.0,0.0,0.0,0.0,0.0,0.0,0.0,0.0
3,0,0.890625,0.109375,0.0,0.0,0.0,0.0,0.0,0.0,0.0,0.0,0.0,0.0
3,0,0.890625,0.109375,0.0,0.0,0.0,0.0,0.0,0.0,0.0,0.0,0.0,0.0
3,0,0.890625,0.109375,0.0,0.0,0.0,0.0,0.0,0.0,0.0,0.0,0.0,0.0
3,0,0.890625,0.109375,0.0,0.0,0.0,0.0,0.0,0.0,0.0,0.0,0.0,0.0
3,0,0.890625,0.109375,0.0,0.0,0.0,0.0,0.0,0.0,0.0,0.0,0.0,0.0
3,0,0.890625,0.109375,0.0,0.0,0.0,0.0,0.0,0.0,0.0,0.0,0.0,0.0
3,0,0.890625,0.109375,0.0,0.0,0.0,0.0,0.0,0.0,0.0,0.0,0.0,0.0
3,0,0.890625,0.109375,0.0,0.0,0.0,0.0,0.0,0.0,0.0,0.0,0.0,0.0
3,0,0.890625,0.109375,0.0,0.0,0.0,0.0,0.0,0.0,0.0,0.0,0.0,0.0
3,0,0.890625,0.109375,0.0,0.0,0.0,0.0,0.0,0.0,0.0,0.0,0.0,0.0
3,0,0.890625,0.109375,0.0,0.0,0.0,0.0,0.0,0.0,0.0,0.0,0.0,0.0
3,0,0.890625,0.109375,0.0,0.0,0.0,0.0,0.0,0.0,0.0,0.0,0.0,0.0
3,0,0.890625,0.109375,0.0,0.0,0.0,0.0,0.0,0.0,0.0,0.0,0.0,0.0
3,0,0.890625,0.109375,0.0,0.0,0.0,0.0,0.0,0.0,0.0,0.0,0.0,0.0
3,0,0.890625,0.109375,0.0,0.0,0.0,0.0,0.0,0.0,0.0,0.0,0.0,0.0
3,0,0.890625,0.109375,0.0,0.0,0.0,0.0,0.0,0.0,0.0,0.0,0.0,0.0
3,0,0.890625,0.109375,0.0,0.0,0.0,0.0,0.0,0.0,0.0,0.0,0.0,0.0
3,0,0.890625,0.109375,0.0,0.0,0.0,0.0,0.0,0.0,0.0,0.0,0.0,0.0
3,0,0.890625,0.109375,0.0,0.0,0.0,0.0,0.0,0.0,0.0,0.0,0.0,0.0
3,0,0.890625,0.109375,0.0,0.0,0.0,0.0,0.0,0.0,0.0,0.0,0.0,0.0
3,0,0.890625,0.109375,0.0,0.0,0.0,0.0,0.0,0.0,0.0,0.0,0.0,0.0
3,0,0.890625,0.109375,0.0,0.0,0.0,0.0,0.0,0.0,0.0,0.0,0.0,0.0
3,0,0.890625,0.109375,0.0,0.0,0.0,0.0,0.0,0.0,0.0,0.0,0.0,0.0
3,0,0.890625,0.109375,0.0,0.0,0.0,0.0,0.0,0.0,0.0,0.0,0.0,0.0
3,0,0.890625,0.109375,0.0,0.0,0.0,0.0,0.0,0.0,0.0,0.0,0.0,0.0
3,0,0.890625,0.109375,0.0,0.0,0.0,0.0,0.0,0.0,0.0,0.0,0.0,0.0
3,0,0.890625,0.109375,0.0,0.0,0.0,0.0,0.0,0.0,0.0,0.0,0.0,0.0
3,0,0.890625,0.109375,0.0,0.0,0.0,0.0,0.0,0.0,0.0,0.0,0.0,0.0
3,0,0.890625,0.109375,0.0,0.0,0.0,0.0,0.0,0.0,0.0,0.0,0.0,0.0
3,0,0.890625,0.109375,0.0,0.0,0.0,0.0,0.0,0.0,0.0,0.0,0.0,0.0
3,0,0.890625,0.109375,0.0,0.0,0.0,0.0,0.0,0.0,0.0,0.0,0.0,0.0
3,0,0.890625,0.109375,0.0,0.0,0.0,0.0,0.0,0.0,0.0,0.0,0.0,0.0
3,0,0.890625,0.109375,0.0,0.0,0.0,0.0,0.0,0.0,0.0,0.0,0.0,0.0
3,0,0.890625,0.109375,0.0,0.0,0.0,0.0,0.0,0.0,0.0,0.0,0.0,0.0
3,0,0.890625,0.109375,0.0,0.0,0.0,0.0,0.0,0.0,0.0,0.0,0.0,0.0
3,0,0.890625,0.109375,0.0,0.0,0.0,0.0,0.0,0.0,0.0,0.0,0.0,0.0
3,0,0.890625,0.109375,0.0,0.0,0.0,0.0,0.0,0.0,0.0,0.0,0.0,0.0
3,0,0.890625,0.109375,0.0,0.0,0.0,0.0,0.0,0.0,0.0,0.0,0.0,0.0
3,0,0.890625,0.109375,0.0,0.0,0.0,0.0,0.0,0.0,0.0,0.0,0.0,0.0
3,0,0.890625,0.109375,0.0,0.0,0.0,0.0,0.0,0.0,0.0,0.0,0.0,0.0
3,0,0.890625,0.109375,0.0,0.0,0.0,0.0,0.0,0.0,0.0,0.0,0.0,0.0
3,0,0.890625,0.109375,0.0,0.0,0.0,0.0,0.0,0.0,0.0,0.0,0.0,0.0
3,0,0.890625,0.109375,0.0,0.0,0.0,0.0,0.0,0.0,0.0,0.0,0.0,0.0
3,0,0.890625,0.109375,0.0,0.0,0.0,0.0,0.0,0.0,0.0,0.0,0.0,0.0
3,0,0.890625,0.109375,0.0,0.0,0.0,0.0,0.0,0.0,0.0,0.0,0.0,0.0
3,0,0.890625,0.109375,0.0,0.0,0.0,0.0,0.0,0.0,0.0,0.0,0.0,0.0
3,0,0.890625,0.109375,0.0,0.0,0.0,0.0,0.0,0.0,0.0,0.0,0.0,0.0
3,0,0.890625,0.109375,0.0,0.0,0.0,0.0,0.0,0.0,0.0,0.0,0.0,0.0
3,0,0.890625,0.109375,0.0,0.0,0.0,0.0,0.0,0.0,0.0,0.0,0.0,0.0
3,0,0.890625,0.109375,0.0,0.0,0.0,0.0,0.0,0.0,0.0,0.0,0.0,0.0
3,0,0.890625,0.109375,0.0,0.0,0.0,0.0,0.0,0.0,0.0,0.0,0.0,0.0
3,0,0.890625,0.109375,0.0,0.0,0.0,0.0,0.0,0.0,0.0,0.0,0.0,0.0
3,0,0.890625,0.109375,0.0,0.0,0.0,0.0,0.0,0.0,0.0,0.0,0.0,0.0
3,0,0.890625,0.109375,0.0,0.0,0.0,0.0,0.0,0.0,0.0,0.0,0.0,0.0
3,0,0.890625,0.109375,0.0,0.0,0.0,0.0,0.0,0.0,0.0,0.0,0.0,0.0
3,0,0.890625,0.109375,0.0,0.0,0.0,0.0,0.0,0.0,0.0,0.0,0.0,0.0
3,0,0.890625,0.109375,0.0,0.0,0.0,0.0,0.0,0.0,0.0,0.0,0.0,0.0
3,0,0.890625,0.109375,0.0,0.0,0.0,0.0,0.0,0.0,0.0,0.0,0.0,0.0
3,0,0.890625,0.109375,0.0,0.0,0.0,0.0,0.0,0.0,0.0,0.0,0.0,0.0
3,0,0.890625,0.109375,0.0,0.0,0.0,0.0,0.0,0.0,0.0,0.0,0.0,0.0
3,0,0.890625,0.109375,0.0,0.0,0.0,0.0,0.0,0.0,0.0,0.0,0.0,0.0
3,0,0.890625,0.109375,0.0,0.0,0.0,0.0,0.0,0.0,0.0,0.0,0.0,0.0
3,0,0.890625,0.109375,0.0,0.0,0.0,0.0,0.0,0.0,0.0,0.0,0.0,0.0
3,0,0.890625,0.109375,0.0,0.0,0.0,0.0,0.0,0.0,0.0,0.0,0.0,0.0
3,0,0.890625,0.109375,0.0,0.0,0.0,0.0,0.0,0.0,0.0,0.0,0.0,0.0
3,0,0.890625,0.109375,0.0,0.0,0.0,0.0,0.0,0.0,0.0,0.0,0.0,0.0
3,0,0.890625,0.109375,0.0,0.0,0.0,0.0,0.0,0.0,0.0,0.0,0.0,0.0
3,0,0.890625,0.109375,0.0,0.0,0.0,0.0,0.0,0.0,0.0,0.0,0.0,0.0
3,0,0.890625,0.109375,0.0,0.0,0.0,0.0,0.0,0.0,0.0,0.0,0.0,0.0
3,0,0.890625,0.109375,0.0,0.0,0.0,0.0,0.0,0.0,0.0,0.0,0.0,0.0
3,0,0.890625,0.109375,0.0,0.0,0.0,0.0,0.0,0.0,0.0,0.0,0.0,0.0
3,0,0.890625,0.109375,0.0,0.0,0.0,0.0,0.0,0.0,0.0,0.0,0.0,0.0
3,0,0.890625,0.109375,0.0,0.0,0.0,0.0,0.0,0.0,0.0,0.0,0.0,0.0
3,0,0.890625,0.109375,0.0,0.0,0.0,0.0,0.0,0.0,0.0,0.0,0.0,0.0
3,0,0.890625,0.109375,0.0,0.0,0.0,0.0,0.0,0.0,0.0,0.0,0.0,0.0
3,0,0.890625,0.109375,0.0,0.0,0.0,0.0,0.0,0.0,0.0,0.0,0.0,0.0
3,0,0.890625,0.109375,0.0,0.0,0.0,0.0,0.0,0.0,0.0,0.0,0.0,0.0
3,0,0.890625,0.109375,0.0,0.0,0.0,0.0,0.0,0.0,0.0,0.0,0.0,0.0
3,0,0.890625,0.109375,0.0,0.0,0.0,0.0,0.0,0.0,0.0,0.0,0.0,0.0
3,0,0.890625,0.109375,0.0,0.0,0.0,0.0,0.0,0.0,0.0,0.0,0.0,0.0
3,0,0.890625,0.109375,0.0,0.0,0.0,0.0,0.0,0.0,0.0,0.0,0.0,0.0
3,0,0.890625,0.109375,0.0,0.0,0.0,0.0,0.0,0.0,0.0,0.0,0.0,0.0
3,0,0.890625,0.109375,0.0,0.0,0.0,0.0,0.0,0.0,0.0,0.0,0.0,0.0
3,0,0.890625,0.109375,0.0,0.0,0.0,0.0,0.0,0.0,0.0,0.0,0.0,0.0
3,0,0.890625,0.109375,0.0,0.0,0.0,0.0,0.0,0.0,0.0,0.0,0.0,0.0
3,0,0.890625,0.109375,0.0,0.0,0.0,0.0,0.0,0.0,0.0,0.0,0.0,0.0
3,0,0.890625,0.109375,0.0,0.0,0.0,0.0,0.0,0.0,0.0,0.0,0.0,0.0
3,0,0.890625,0.109375,0.0,0.0,0.0,0.0,0.0,0.0,0.0,0.0,0.0,0.0
3,0,0.890625,0.109375,0.0,0.0,0.0,0.0,0.0,0.0,0.0,0.0,0.0,0.0
3,0,0.890625,0.109375,0.0,0.0,0.0,0.0,0.0,0.0,0.0,0.0,0.0,0.0
3,0,0.890625,0.109375,0.0,0.0,0.0,0.0,0.0,0.0,0.0,0.0,0.0,0.0
3,0,0.890625,0.109375,0.0,0.0,0.0,0.0,0.0,0.0,0.0,0.0,0.0,0.0
3,0,0.890625,0.109375,0.0,0.0,0.0,0.0,0.0,0.0,0.0,0.0,0.0,0.0
3,0,0.890625,0.109375,0.0,0.0,0.0,0.0,0.0,0.0,0.0,0.0,0.0,0.0
3,0,0.890625,0.109375,0.0,0.0,0.0,0.0,0.0,0.0,0.0,0.0,0.0,0.0
3,0,0.890625,0.109375,0.0,0.0,0.0,0.0,0.0,0.0,0.0,0.0,0.0,0.0
3,0,0.890625,0.109375,0.0,0.0,0.0,0.0,0.0,0.0,0.0,0.0,0.0,0.0
3,0,0.890625,0.109375,0.0,0.0,0.0,0.0,0.0,0.0,0.0,0.0,0.0,0.0
3,0,0.890625,0.109375,0.0,0.0,0.0,0.0,0.0,0.0,0.0,0.0,0.0,0.0
3,0,0.890625,0.109375,0.0,0.0,0.0,0.0,0.0,0.0,0.0,0.0,0.0,0.0
3,0,0.890625,0.109375,0.0,0.0,0.0,0.0,0.0,0.0,0.0,0.0,0.0,0.0
3,0,0.890625,0.109375,0.0,0.0,0.0,0.0,0.0,0.0,0.0,0.0,0.0,0.0
3,0,0.890625,0.109375,0.0,0.0,0.0,0.0,0.0,0.0,0.0,0.0,0.0,0.0
3,0,0.890625,0.109375,0.0,0.0,0.0,0.0,0.0,0.0,0.0,0.0,0.0,0.0
3,0,0.890625,0.109375,0.0,0.0,0.0,0.0,0.0,0.0,0.0,0.0,0.0,0.0
3,0,0.90625,0.09375,0.0,0.0,0.0,0.0,0.0,0.0,0.0,0.0,0.0,0.0
3,0,0.90625,0.09375,0.0,0.0,0.0,0.0,0.0,0.0,0.0,0.0,0.0,0.0
3,0,0.90625,0.09375,0.0,0.0,0.0,0.0,0.0,0.0,0.0,0.0,0.0,0.0
3,0,0.90625,0.09375,0.0,0.0,0.0,0.0,0.0,0.0,0.0,0.0,0.0,0.0
3,0,0.90625,0.09375,0.0,0.0,0.0,0.0,0.0,0.0,0.0,0.0,0.0,0.0
3,0,0.90625,0.09375,0.0,0.0,0.0,0.0,0.0,0.0,0.0,0.0,0.0,0.0
3,0,0.90625,0.09375,0.0,0.0,0.0,0.0,0.0,0.0,0.0,0.0,0.0,0.0
3,0,0.90625,0.09375,0.0,0.0,0.0,0.0,0.0,0.0,0.0,0.0,0.0,0.0
3,0,0.90625,0.09375,0.0,0.0,0.0,0.0,0.0,0.0,0.0,0.0,0.0,0.0
3,0,0.90625,0.09375,0.0,0.0,0.0,0.0,0.0,0.0,0.0,0.0,0.0,0.0
3,0,0.90625,0.09375,0.0,0.0,0.0,0.0,0.0,0.0,0.0,0.0,0.0,0.0
3,0,0.90625,0.09375,0.0,0.0,0.0,0.0,0.0,0.0,0.0,0.0,0.0,0.0
3,0,0.90625,0.09375,0.0,0.0,0.0,0.0,0.0,0.0,0.0,0.0,0.0,0.0
3,0,0.90625,0.09375,0.0,0.0,0.0,0.0,0.0,0.0,0.0,0.0,0.0,0.0
3,0,0.90625,0.09375,0.0,0.0,0.0,0.0,0.0,0.0,0.0,0.0,0.0,0.0
3,0,0.90625,0.09375,0.0,0.0,0.0,0.0,0.0,0.0,0.0,0.0,0.0,0.0
3,0,0.90625,0.09375,0.0,0.0,0.0,0.0,0.0,0.0,0.0,0.0,0.0,0.0
3,0,0.90625,0.09375,0.0,0.0,0.0,0.0,0.0,0.0,0.0,0.0,0.0,0.0
3,0,0.90625,0.09375,0.0,0.0,0.0,0.0,0.0,0.0,0.0,0.0,0.0,0.0
3,0,0.90625,0.09375,0.0,0.0,0.0,0.0,0.0,0.0,0.0,0.0,0.0,0.0
3,0,0.90625,0.09375,0.0,0.0,0.0,0.0,0.0,0.0,0.0,0.0,0.0,0.0
3,0,0.90625,0.09375,0.0,0.0,0.0,0.0,0.0,0.0,0.0,0.0,0.0,0.0
3,0,0.90625,0.09375,0.0,0.0,0.0,0.0,0.0,0.0,0.0,0.0,0.0,0.0
3,0,0.90625,0.09375,0.0,0.0,0.0,0.0,0.0,0.0,0.0,0.0,0.0,0.0
3,0,0.90625,0.09375,0.0,0.0,0.0,0.0,0.0,0.0,0.0,0.0,0.0,0.0
3,0,0.90625,0.09375,0.0,0.0,0.0,0.0,0.0,0.0,0.0,0.0,0.0,0.0
3,0,0.90625,0.09375,0.0,0.0,0.0,0.0,0.0,0.0,0.0,0.0,0.0,0.0
3,0,0.90625,0.09375,0.0,0.0,0.0,0.0,0.0,0.0,0.0,0.0,0.0,0.0
3,0,0.90625,0.09375,0.0,0.0,0.0,0.0,0.0,0.0,0.0,0.0,0.0,0.0
3,0,0.90625,0.09375,0.0,0.0,0.0,0.0,0.0,0.0,0.0,0.0,0.0,0.0
3,0,0.90625,0.09375,0.0,0.0,0.0,0.0,0.0,0.0,0.0,0.0,0.0,0.0
3,0,0.90625,0.09375,0.0,0.0,0.0,0.0,0.0,0.0,0.0,0.0,0.0,0.0
3,0,0.921875,0.078125,0.0,0.0,0.0,0.0,0.0,0.0,0.0,0.0,0.0,0.0
3,0,0.921875,0.078125,0.0,0.0,0.0,0.0,0.0,0.0,0.0,0.0,0.0,0.0
3,0,0.921875,0.078125,0.0,0.0,0.0,0.0,0.0,0.0,0.0,0.0,0.0,0.0
3,0,0.921875,0.078125,0.0,0.0,0.0,0.0,0.0,0.0,0.0,0.0,0.0,0.0
3,0,0.921875,0.078125,0.0,0.0,0.0,0.0,0.0,0.0,0.0,0.0,0.0,0.0
3,0,0.921875,0.078125,0.0,0.0,0.0,0.0,0.0,0.0,0.0,0.0,0.0,0.0
3,0,0.921875,0.078125,0.0,0.0,0.0,0.0,0.0,0.0,0.0,0.0,0.0,0.0
3,0,0.921875,0.078125,0.0,0.0,0.0,0.0,0.0,0.0,0.0,0.0,0.0,0.0
3,0,0.921875,0.078125,0.0,0.0,0.0,0.0,0.0,0.0,0.0,0.0,0.0,0.0
3,0,0.921875,0.078125,0.0,0.0,0.0,0.0,0.0,0.0,0.0,0.0,0.0,0.0
3,0,0.921875,0.078125,0.0,0.0,0.0,0.0,0.0,0.0,0.0,0.0,0.0,0.0
3,0,0.921875,0.078125,0.0,0.0,0.0,0.0,0.0,0.0,0.0,0.0,0.0,0.0
3,0,0.921875,0.078125,0.0,0.0,0.0,0.0,0.0,0.0,0.0,0.0,0.0,0.0
3,0,0.921875,0.078125,0.0,0.0,0.0,0.0,0.0,0.0,0.0,0.0,0.0,0.0
3,0,0.921875,0.078125,0.0,0.0,0.0,0.0,0.0,0.0,0.0,0.0,0.0,0.0
3,0,0.921875,0.078125,0.0,0.0,0.0,0.0,0.0,0.0,0.0,0.0,0.0,0.0
3,0,0.921875,0.078125,0.0,0.0,0.0,0.0,0.0,0.0,0.0,0.0,0.0,0.0
3,0,0.921875,0.078125,0.0,0.0,0.0,0.0,0.0,0.0,0.0,0.0,0.0,0.0
3,0,0.921875,0.078125,0.0,0.0,0.0,0.0,0.0,0.0,0.0,0.0,0.0,0.0
3,0,0.921875,0.078125,0.0,0.0,0.0,0.0,0.0,0.0,0.0,0.0,0.0,0.0
3,0,0.921875,0.078125,0.0,0.0,0.0,0.0,0.0,0.0,0.0,0.0,0.0,0.0
3,0,0.921875,0.078125,0.0,0.0,0.0,0.0,0.0,0.0,0.0,0.0,0.0,0.0
3,0,0.921875,0.078125,0.0,0.0,0.0,0.0,0.0,0.0,0.0,0.0,0.0,0.0
3,0,0.921875,0.078125,0.0,0.0,0.0,0.0,0.0,0.0,0.0,0.0,0.0,0.0
3,0,0.921875,0.078125,0.0,0.0,0.0,0.0,0.0,0.0,0.0,0.0,0.0,0.0
3,0,0.921875,0.078125,0.0,0.0,0.0,0.0,0.0,0.0,0.0,0.0,0.0,0.0
3,0,0.921875,0.078125,0.0,0.0,0.0,0.0,0.0,0.0,0.0,0.0,0.0,0.0
3,0,0.921875,0.078125,0.0,0.0,0.0,0.0,0.0,0.0,0.0,0.0,0.0,0.0
3,0,0.921875,0.078125,0.0,0.0,0.0,0.0,0.0,0.0,0.0,0.0,0.0,0.0
3,0,0.921875,0.078125,0.0,0.0,0.0,0.0,0.0,0.0,0.0,0.0,0.0,0.0
3,0,0.921875,0.078125,0.0,0.0,0.0,0.0,0.0,0.0,0.0,0.0,0.0,0.0
3,0,0.921875,0.078125,0.0,0.0,0.0,0.0,0.0,0.0,0.0,0.0,0.0,0.0
3,0,0.921875,0.078125,0.0,0.0,0.0,0.0,0.0,0.0,0.0,0.0,0.0,0.0
3,0,0.921875,0.078125,0.0,0.0,0.0,0.0,0.0,0.0,0.0,0.0,0.0,0.0
3,0,0.921875,0.078125,0.0,0.0,0.0,0.0,0.0,0.0,0.0,0.0,0.0,0.0
3,0,0.921875,0.078125,0.0,0.0,0.0,0.0,0.0,0.0,0.0,0.0,0.0,0.0
3,0,0.921875,0.078125,0.0,0.0,0.0,0.0,0.0,0.0,0.0,0.0,0.0,0.0
3,0,0.921875,0.078125,0.0,0.0,0.0,0.0,0.0,0.0,0.0,0.0,0.0,0.0
3,0,0.921875,0.078125,0.0,0.0,0.0,0.0,0.0,0.0,0.0,0.0,0.0,0.0
3,0,0.921875,0.078125,0.0,0.0,0.0,0.0,0.0,0.0,0.0,0.0,0.0,0.0
3,0,0.921875,0.078125,0.0,0.0,0.0,0.0,0.0,0.0,0.0,0.0,0.0,0.0
3,0,0.921875,0.078125,0.0,0.0,0.0,0.0,0.0,0.0,0.0,0.0,0.0,0.0
3,0,0.921875,0.078125,0.0,0.0,0.0,0.0,0.0,0.0,0.0,0.0,0.0,0.0
3,0,0.921875,0.078125,0.0,0.0,0.0,0.0,0.0,0.0,0.0,0.0,0.0,0.0
3,0,0.921875,0.078125,0.0,0.0,0.0,0.0,0.0,0.0,0.0,0.0,0.0,0.0
3,0,0.921875,0.078125,0.0,0.0,0.0,0.0,0.0,0.0,0.0,0.0,0.0,0.0
3,0,0.921875,0.078125,0.0,0.0,0.0,0.0,0.0,0.0,0.0,0.0,0.0,0.0
3,0,0.921875,0.078125,0.0,0.0,0.0,0.0,0.0,0.0,0.0,0.0,0.0,0.0
3,0,0.921875,0.078125,0.0,0.0,0.0,0.0,0.0,0.0,0.0,0.0,0.0,0.0
3,0,0.921875,0.078125,0.0,0.0,0.0,0.0,0.0,0.0,0.0,0.0,0.0,0.0
3,0,0.921875,0.078125,0.0,0.0,0.0,0.0,0.0,0.0,0.0,0.0,0.0,0.0
3,0,0.921875,0.078125,0.0,0.0,0.0,0.0,0.0,0.0,0.0,0.0,0.0,0.0
3,0,0.921875,0.078125,0.0,0.0,0.0,0.0,0.0,0.0,0.0,0.0,0.0,0.0
3,0,0.921875,0.078125,0.0,0.0,0.0,0.0,0.0,0.0,0.0,0.0,0.0,0.0
3,0,0.921875,0.078125,0.0,0.0,0.0,0.0,0.0,0.0,0.0,0.0,0.0,0.0
3,0,0.921875,0.078125,0.0,0.0,0.0,0.0,0.0,0.0,0.0,0.0,0.0,0.0
3,0,0.921875,0.078125,0.0,0.0,0.0,0.0,0.0,0.0,0.0,0.0,0.0,0.0
3,0,0.921875,0.078125,0.0,0.0,0.0,0.0,0.0,0.0,0.0,0.0,0.0,0.0
3,0,0.921875,0.078125,0.0,0.0,0.0,0.0,0.0,0.0,0.0,0.0,0.0,0.0
3,0,0.921875,0.078125,0.0,0.0,0.0,0.0,0.0,0.0,0.0,0.0,0.0,0.0
3,0,0.921875,0.078125,0.0,0.0,0.0,0.0,0.0,0.0,0.0,0.0,0.0,0.0
3,0,0.921875,0.078125,0.0,0.0,0.0,0.0,0.0,0.0,0.0,0.0,0.0,0.0
3,0,0.921875,0.078125,0.0,0.0,0.0,0.0,0.0,0.0,0.0,0.0,0.0,0.0
3,0,0.921875,0.078125,0.0,0.0,0.0,0.0,0.0,0.0,0.0,0.0,0.0,0.0
3,0,0.921875,0.078125,0.0,0.0,0.0,0.0,0.0,0.0,0.0,0.0,0.0,0.0
3,0,0.921875,0.078125,0.0,0.0,0.0,0.0,0.0,0.0,0.0,0.0,0.0,0.0
3,0,0.921875,0.078125,0.0,0.0,0.0,0.0,0.0,0.0,0.0,0.0,0.0,0.0
3,0,0.921875,0.078125,0.0,0.0,0.0,0.0,0.0,0.0,0.0,0.0,0.0,0.0
3,0,0.921875,0.078125,0.0,0.0,0.0,0.0,0.0,0.0,0.0,0.0,0.0,0.0
3,0,0.921875,0.078125,0.0,0.0,0.0,0.0,0.0,0.0,0.0,0.0,0.0,0.0
3,0,0.921875,0.078125,0.0,0.0,0.0,0.0,0.0,0.0,0.0,0.0,0.0,0.0
3,0,0.921875,0.078125,0.0,0.0,0.0,0.0,0.0,0.0,0.0,0.0,0.0,0.0
3,0,0.921875,0.078125,0.0,0.0,0.0,0.0,0.0,0.0,0.0,0.0,0.0,0.0
3,0,0.921875,0.078125,0.0,0.0,0.0,0.0,0.0,0.0,0.0,0.0,0.0,0.0
3,0,0.921875,0.078125,0.0,0.0,0.0,0.0,0.0,0.0,0.0,0.0,0.0,0.0
3,0,0.921875,0.078125,0.0,0.0,0.0,0.0,0.0,0.0,0.0,0.0,0.0,0.0
3,0,0.921875,0.078125,0.0,0.0,0.0,0.0,0.0,0.0,0.0,0.0,0.0,0.0
3,0,0.921875,0.078125,0.0,0.0,0.0,0.0,0.0,0.0,0.0,0.0,0.0,0.0
3,0,0.921875,0.078125,0.0,0.0,0.0,0.0,0.0,0.0,0.0,0.0,0.0,0.0
3,0,0.921875,0.078125,0.0,0.0,0.0,0.0,0.0,0.0,0.0,0.0,0.0,0.0
3,0,0.921875,0.078125,0.0,0.0,0.0,0.0,0.0,0.0,0.0,0.0,0.0,0.0
3,0,0.921875,0.078125,0.0,0.0,0.0,0.0,0.0,0.0,0.0,0.0,0.0,0.0
3,0,0.921875,0.078125,0.0,0.0,0.0,0.0,0.0,0.0,0.0,0.0,0.0,0.0
3,0,0.921875,0.078125,0.0,0.0,0.0,0.0,0.0,0.0,0.0,0.0,0.0,0.0
3,0,0.921875,0.078125,0.0,0.0,0.0,0.0,0.0,0.0,0.0,0.0,0.0,0.0
3,0,0.921875,0.078125,0.0,0.0,0.0,0.0,0.0,0.0,0.0,0.0,0.0,0.0
3,0,0.921875,0.078125,0.0,0.0,0.0,0.0,0.0,0.0,0.0,0.0,0.0,0.0
3,0,0.921875,0.078125,0.0,0.0,0.0,0.0,0.0,0.0,0.0,0.0,0.0,0.0
3,0,0.921875,0.078125,0.0,0.0,0.0,0.0,0.0,0.0,0.0,0.0,0.0,0.0
3,0,0.921875,0.078125,0.0,0.0,0.0,0.0,0.0,0.0,0.0,0.0,0.0,0.0
3,0,0.921875,0.078125,0.0,0.0,0.0,0.0,0.0,0.0,0.0,0.0,0.0,0.0
3,0,0.921875,0.078125,0.0,0.0,0.0,0.0,0.0,0.0,0.0,0.0,0.0,0.0
3,0,0.921875,0.078125,0.0,0.0,0.0,0.0,0.0,0.0,0.0,0.0,0.0,0.0
3,0,0.921875,0.078125,0.0,0.0,0.0,0.0,0.0,0.0,0.0,0.0,0.0,0.0
3,0,0.921875,0.078125,0.0,0.0,0.0,0.0,0.0,0.0,0.0,0.0,0.0,0.0
3,0,0.921875,0.078125,0.0,0.0,0.0,0.0,0.0,0.0,0.0,0.0,0.0,0.0
3,0,0.921875,0.078125,0.0,0.0,0.0,0.0,0.0,0.0,0.0,0.0,0.0,0.0
3,0,0.921875,0.078125,0.0,0.0,0.0,0.0,0.0,0.0,0.0,0.0,0.0,0.0
3,0,0.921875,0.078125,0.0,0.0,0.0,0.0,0.0,0.0,0.0,0.0,0.0,0.0
3,0,0.921875,0.078125,0.0,0.0,0.0,0.0,0.0,0.0,0.0,0.0,0.0,0.0
3,0,0.921875,0.078125,0.0,0.0,0.0,0.0,0.0,0.0,0.0,0.0,0.0,0.0
3,0,0.921875,0.078125,0.0,0.0,0.0,0.0,0.0,0.0,0.0,0.0,0.0,0.0
3,0,0.921875,0.078125,0.0,0.0,0.0,0.0,0.0,0.0,0.0,0.0,0.0,0.0
3,0,0.921875,0.078125,0.0,0.0,0.0,0.0,0.0,0.0,0.0,0.0,0.0,0.0
3,0,0.921875,0.078125,0.0,0.0,0.0,0.0,0.0,0.0,0.0,0.0,0.0,0.0
3,0,0.921875,0.078125,0.0,0.0,0.0,0.0,0.0,0.0,0.0,0.0,0.0,0.0
3,0,0.921875,0.078125,0.0,0.0,0.0,0.0,0.0,0.0,0.0,0.0,0.0,0.0
3,0,0.921875,0.078125,0.0,0.0,0.0,0.0,0.0,0.0,0.0,0.0,0.0,0.0
3,0,0.921875,0.078125,0.0,0.0,0.0,0.0,0.0,0.0,0.0,0.0,0.0,0.0
3,0,0.921875,0.078125,0.0,0.0,0.0,0.0,0.0,0.0,0.0,0.0,0.0,0.0
3,0,0.921875,0.078125,0.0,0.0,0.0,0.0,0.0,0.0,0.0,0.0,0.0,0.0
3,0,0.921875,0.078125,0.0,0.0,0.0,0.0,0.0,0.0,0.0,0.0,0.0,0.0
3,0,0.921875,0.078125,0.0,0.0,0.0,0.0,0.0,0.0,0.0,0.0,0.0,0.0
3,0,0.921875,0.078125,0.0,0.0,0.0,0.0,0.0,0.0,0.0,0.0,0.0,0.0
3,0,0.921875,0.078125,0.0,0.0,0.0,0.0,0.0,0.0,0.0,0.0,0.0,0.0
3,0,0.921875,0.078125,0.0,0.0,0.0,0.0,0.0,0.0,0.0,0.0,0.0,0.0
3,0,0.921875,0.078125,0.0,0.0,0.0,0.0,0.0,0.0,0.0,0.0,0.0,0.0
3,0,0.921875,0.078125,0.0,0.0,0.0,0.0,0.0,0.0,0.0,0.0,0.0,0.0
3,0,0.921875,0.078125,0.0,0.0,0.0,0.0,0.0,0.0,0.0,0.0,0.0,0.0
3,0,0.921875,0.078125,0.0,0.0,0.0,0.0,0.0,0.0,0.0,0.0,0.0,0.0
3,0,0.921875,0.078125,0.0,0.0,0.0,0.0,0.0,0.0,0.0,0.0,0.0,0.0
3,0,0.921875,0.078125,0.0,0.0,0.0,0.0,0.0,0.0,0.0,0.0,0.0,0.0
3,0,0.921875,0.078125,0.0,0.0,0.0,0.0,0.0,0.0,0.0,0.0,0.0,0.0
3,0,0.921875,0.078125,0.0,0.0,0.0,0.0,0.0,0.0,0.0,0.0,0.0,0.0
3,0,0.921875,0.078125,0.0,0.0,0.0,0.0,0.0,0.0,0.0,0.0,0.0,0.0
3,0,0.921875,0.078125,0.0,0.0,0.0,0.0,0.0,0.0,0.0,0.0,0.0,0.0
3,0,0.921875,0.078125,0.0,0.0,0.0,0.0,0.0,0.0,0.0,0.0,0.0,0.0
3,0,0.921875,0.078125,0.0,0.0,0.0,0.0,0.0,0.0,0.0,0.0,0.0,0.0
3,0,0.921875,0.078125,0.0,0.0,0.0,0.0,0.0,0.0,0.0,0.0,0.0,0.0
3,0,0.921875,0.078125,0.0,0.0,0.0,0.0,0.0,0.0,0.0,0.0,0.0,0.0
3,0,0.921875,0.078125,0.0,0.0,0.0,0.0,0.0,0.0,0.0,0.0,0.0,0.0
3,0,0.921875,0.078125,0.0,0.0,0.0,0.0,0.0,0.0,0.0,0.0,0.0,0.0
3,0,0.921875,0.078125,0.0,0.0,0.0,0.0,0.0,0.0,0.0,0.0,0.0,0.0
3,0,0.921875,0.078125,0.0,0.0,0.0,0.0,0.0,0.0,0.0,0.0,0.0,0.0
3,0,0.921875,0.078125,0.0,0.0,0.0,0.0,0.0,0.0,0.0,0.0,0.0,0.0
3,0,0.921875,0.078125,0.0,0.0,0.0,0.0,0.0,0.0,0.0,0.0,0.0,0.0
3,0,0.921875,0.078125,0.0,0.0,0.0,0.0,0.0,0.0,0.0,0.0,0.0,0.0
3,0,0.921875,0.078125,0.0,0.0,0.0,0.0,0.0,0.0,0.0,0.0,0.0,0.0
3,0,0.921875,0.078125,0.0,0.0,0.0,0.0,0.0,0.0,0.0,0.0,0.0,0.0
3,0,0.921875,0.078125,0.0,0.0,0.0,0.0,0.0,0.0,0.0,0.0,0.0,0.0
3,0,0.921875,0.078125,0.0,0.0,0.0,0.0,0.0,0.0,0.0,0.0,0.0,0.0
3,0,0.921875,0.078125,0.0,0.0,0.0,0.0,0.0,0.0,0.0,0.0,0.0,0.0
3,0,0.921875,0.078125,0.0,0.0,0.0,0.0,0.0,0.0,0.0,0.0,0.0,0.0
3,0,0.921875,0.078125,0.0,0.0,0.0,0.0,0.0,0.0,0.0,0.0,0.0,0.0
3,0,0.921875,0.078125,0.0,0.0,0.0,0.0,0.0,0.0,0.0,0.0,0.0,0.0
3,0,0.921875,0.078125,0.0,0.0,0.0,0.0,0.0,0.0,0.0,0.0,0.0,0.0
3,0,0.921875,0.078125,0.0,0.0,0.0,0.0,0.0,0.0,0.0,0.0,0.0,0.0
3,0,0.921875,0.078125,0.0,0.0,0.0,0.0,0.0,0.0,0.0,0.0,0.0,0.0
3,0,0.921875,0.078125,0.0,0.0,0.0,0.0,0.0,0.0,0.0,0.0,0.0,0.0
3,0,0.921875,0.078125,0.0,0.0,0.0,0.0,0.0,0.0,0.0,0.0,0.0,0.0
3,0,0.921875,0.078125,0.0,0.0,0.0,0.0,0.0,0.0,0.0,0.0,0.0,0.0
3,0,0.921875,0.078125,0.0,0.0,0.0,0.0,0.0,0.0,0.0,0.0,0.0,0.0
3,0,0.921875,0.078125,0.0,0.0,0.0,0.0,0.0,0.0,0.0,0.0,0.0,0.0
3,0,0.921875,0.078125,0.0,0.0,0.0,0.0,0.0,0.0,0.0,0.0,0.0,0.0
3,0,0.921875,0.078125,0.0,0.0,0.0,0.0,0.0,0.0,0.0,0.0,0.0,0.0
3,0,0.921875,0.078125,0.0,0.0,0.0,0.0,0.0,0.0,0.0,0.0,0.0,0.0
3,0,0.921875,0.078125,0.0,0.0,0.0,0.0,0.0,0.0,0.0,0.0,0.0,0.0
3,0,0.921875,0.078125,0.0,0.0,0.0,0.0,0.0,0.0,0.0,0.0,0.0,0.0
3,0,0.921875,0.078125,0.0,0.0,0.0,0.0,0.0,0.0,0.0,0.0,0.0,0.0
3,0,0.921875,0.078125,0.0,0.0,0.0,0.0,0.0,0.0,0.0,0.0,0.0,0.0
3,0,0.921875,0.078125,0.0,0.0,0.0,0.0,0.0,0.0,0.0,0.0,0.0,0.0
3,0,0.921875,0.078125,0.0,0.0,0.0,0.0,0.0,0.0,0.0,0.0,0.0,0.0
3,0,0.921875,0.078125,0.0,0.0,0.0,0.0,0.0,0.0,0.0,0.0,0.0,0.0
3,0,0.921875,0.078125,0.0,0.0,0.0,0.0,0.0,0.0,0.0,0.0,0.0,0.0
3,0,0.921875,0.078125,0.0,0.0,0.0,0.0,0.0,0.0,0.0,0.0,0.0,0.0
3,0,0.921875,0.078125,0.0,0.0,0.0,0.0,0.0,0.0,0.0,0.0,0.0,0.0
3,0,0.921875,0.078125,0.0,0.0,0.0,0.0,0.0,0.0,0.0,0.0,0.0,0.0
3,0,0.921875,0.078125,0.0,0.0,0.0,0.0,0.0,0.0,0.0,0.0,0.0,0.0
3,0,0.921875,0.078125,0.0,0.0,0.0,0.0,0.0,0.0,0.0,0.0,0.0,0.0
3,0,0.921875,0.078125,0.0,0.0,0.0,0.0,0.0,0.0,0.0,0.0,0.0,0.0
3,0,0.921875,0.078125,0.0,0.0,0.0,0.0,0.0,0.0,0.0,0.0,0.0,0.0
3,0,0.921875,0.078125,0.0,0.0,0.0,0.0,0.0,0.0,0.0,0.0,0.0,0.0
3,0,0.921875,0.078125,0.0,0.0,0.0,0.0,0.0,0.0,0.0,0.0,0.0,0.0
3,0,0.921875,0.078125,0.0,0.0,0.0,0.0,0.0,0.0,0.0,0.0,0.0,0.0
3,0,0.921875,0.078125,0.0,0.0,0.0,0.0,0.0,0.0,0.0,0.0,0.0,0.0
3,0,0.921875,0.078125,0.0,0.0,0.0,0.0,0.0,0.0,0.0,0.0,0.0,0.0
3,0,0.921875,0.078125,0.0,0.0,0.0,0.0,0.0,0.0,0.0,0.0,0.0,0.0
3,0,0.921875,0.078125,0.0,0.0,0.0,0.0,0.0,0.0,0.0,0.0,0.0,0.0
3,0,0.921875,0.078125,0.0,0.0,0.0,0.0,0.0,0.0,0.0,0.0,0.0,0.0
3,0,0.921875,0.078125,0.0,0.0,0.0,0.0,0.0,0.0,0.0,0.0,0.0,0.0
3,0,0.921875,0.078125,0.0,0.0,0.0,0.0,0.0,0.0,0.0,0.0,0.0,0.0
3,0,0.921875,0.078125,0.0,0.0,0.0,0.0,0.0,0.0,0.0,0.0,0.0,0.0
3,0,0.921875,0.078125,0.0,0.0,0.0,0.0,0.0,0.0,0.0,0.0,0.0,0.0
3,0,0.921875,0.078125,0.0,0.0,0.0,0.0,0.0,0.0,0.0,0.0,0.0,0.0
3,0,0.921875,0.078125,0.0,0.0,0.0,0.0,0.0,0.0,0.0,0.0,0.0,0.0
3,0,0.921875,0.078125,0.0,0.0,0.0,0.0,0.0,0.0,0.0,0.0,0.0,0.0
3,0,0.921875,0.078125,0.0,0.0,0.0,0.0,0.0,0.0,0.0,0.0,0.0,0.0
3,0,0.921875,0.078125,0.0,0.0,0.0,0.0,0.0,0.0,0.0,0.0,0.0,0.0
3,0,0.921875,0.078125,0.0,0.0,0.0,0.0,0.0,0.0,0.0,0.0,0.0,0.0
3,0,0.921875,0.078125,0.0,0.0,0.0,0.0,0.0,0.0,0.0,0.0,0.0,0.0
3,0,0.921875,0.078125,0.0,0.0,0.0,0.0,0.0,0.0,0.0,0.0,0.0,0.0
3,0,0.921875,0.078125,0.0,0.0,0.0,0.0,0.0,0.0,0.0,0.0,0.0,0.0
3,0,0.921875,0.078125,0.0,0.0,0.0,0.0,0.0,0.0,0.0,0.0,0.0,0.0
3,0,0.921875,0.078125,0.0,0.0,0.0,0.0,0.0,0.0,0.0,0.0,0.0,0.0
3,0,0.921875,0.078125,0.0,0.0,0.0,0.0,0.0,0.0,0.0,0.0,0.0,0.0
3,0,0.921875,0.078125,0.0,0.0,0.0,0.0,0.0,0.0,0.0,0.0,0.0,0.0
3,0,0.921875,0.078125,0.0,0.0,0.0,0.0,0.0,0.0,0.0,0.0,0.0,0.0
3,0,0.921875,0.078125,0.0,0.0,0.0,0.0,0.0,0.0,0.0,0.0,0.0,0.0
3,0,0.921875,0.078125,0.0,0.0,0.0,0.0,0.0,0.0,0.0,0.0,0.0,0.0
3,0,0.921875,0.078125,0.0,0.0,0.0,0.0,0.0,0.0,0.0,0.0,0.0,0.0
3,0,0.921875,0.078125,0.0,0.0,0.0,0.0,0.0,0.0,0.0,0.0,0.0,0.0
3,0,0.921875,0.078125,0.0,0.0,0.0,0.0,0.0,0.0,0.0,0.0,0.0,0.0
3,0,0.921875,0.078125,0.0,0.0,0.0,0.0,0.0,0.0,0.0,0.0,0.0,0.0
3,0,0.921875,0.078125,0.0,0.0,0.0,0.0,0.0,0.0,0.0,0.0,0.0,0.0
3,0,0.921875,0.078125,0.0,0.0,0.0,0.0,0.0,0.0,0.0,0.0,0.0,0.0
3,0,0.921875,0.078125,0.0,0.0,0.0,0.0,0.0,0.0,0.0,0.0,0.0,0.0
3,0,0.921875,0.078125,0.0,0.0,0.0,0.0,0.0,0.0,0.0,0.0,0.0,0.0
3,0,0.921875,0.078125,0.0,0.0,0.0,0.0,0.0,0.0,0.0,0.0,0.0,0.0
3,0,0.921875,0.078125,0.0,0.0,0.0,0.0,0.0,0.0,0.0,0.0,0.0,0.0
3,0,0.921875,0.078125,0.0,0.0,0.0,0.0,0.0,0.0,0.0,0.0,0.0,0.0
3,0,0.921875,0.078125,0.0,0.0,0.0,0.0,0.0,0.0,0.0,0.0,0.0,0.0
3,0,0.921875,0.078125,0.0,0.0,0.0,0.0,0.0,0.0,0.0,0.0,0.0,0.0
3,0,0.9375,0.0625,0.0,0.0,0.0,0.0,0.0,0.0,0.0,0.0,0.0,0.0
3,0,0.9375,0.0625,0.0,0.0,0.0,0.0,0.0,0.0,0.0,0.0,0.0,0.0
3,0,0.9375,0.0625,0.0,0.0,0.0,0.0,0.0,0.0,0.0,0.0,0.0,0.0
3,0,0.9375,0.0625,0.0,0.0,0.0,0.0,0.0,0.0,0.0,0.0,0.0,0.0
3,0,0.9375,0.0625,0.0,0.0,0.0,0.0,0.0,0.0,0.0,0.0,0.0,0.0
3,0,0.9375,0.0625,0.0,0.0,0.0,0.0,0.0,0.0,0.0,0.0,0.0,0.0
3,0,0.9375,0.0625,0.0,0.0,0.0,0.0,0.0,0.0,0.0,0.0,0.0,0.0
3,0,0.9375,0.0625,0.0,0.0,0.0,0.0,0.0,0.0,0.0,0.0,0.0,0.0
3,0,0.9375,0.0625,0.0,0.0,0.0,0.0,0.0,0.0,0.0,0.0,0.0,0.0
3,0,0.9375,0.0625,0.0,0.0,0.0,0.0,0.0,0.0,0.0,0.0,0.0,0.0
3,0,0.9375,0.0625,0.0,0.0,0.0,0.0,0.0,0.0,0.0,0.0,0.0,0.0
3,0,0.9375,0.0625,0.0,0.0,0.0,0.0,0.0,0.0,0.0,0.0,0.0,0.0
3,0,0.9375,0.0625,0.0,0.0,0.0,0.0,0.0,0.0,0.0,0.0,0.0,0.0
3,0,0.9375,0.0625,0.0,0.0,0.0,0.0,0.0,0.0,0.0,0.0,0.0,0.0
3,0,0.9375,0.0625,0.0,0.0,0.0,0.0,0.0,0.0,0.0,0.0,0.0,0.0
3,0,0.9375,0.0625,0.0,0.0,0.0,0.0,0.0,0.0,0.0,0.0,0.0,0.0
3,0,0.9375,0.0625,0.0,0.0,0.0,0.0,0.0,0.0,0.0,0.0,0.0,0.0
3,0,0.9375,0.0625,0.0,0.0,0.0,0.0,0.0,0.0,0.0,0.0,0.0,0.0
3,0,0.9375,0.0625,0.0,0.0,0.0,0.0,0.0,0.0,0.0,0.0,0.0,0.0
3,0,0.9375,0.0625,0.0,0.0,0.0,0.0,0.0,0.0,0.0,0.0,0.0,0.0
3,0,0.9375,0.0625,0.0,0.0,0.0,0.0,0.0,0.0,0.0,0.0,0.0,0.0
3,0,0.9375,0.0625,0.0,0.0,0.0,0.0,0.0,0.0,0.0,0.0,0.0,0.0
3,0,0.9375,0.0625,0.0,0.0,0.0,0.0,0.0,0.0,0.0,0.0,0.0,0.0
3,0,0.9375,0.0625,0.0,0.0,0.0,0.0,0.0,0.0,0.0,0.0,0.0,0.0
3,0,0.9375,0.0625,0.0,0.0,0.0,0.0,0.0,0.0,0.0,0.0,0.0,0.0
3,0,0.9375,0.0625,0.0,0.0,0.0,0.0,0.0,0.0,0.0,0.0,0.0,0.0
3,0,0.9375,0.0625,0.0,0.0,0.0,0.0,0.0,0.0,0.0,0.0,0.0,0.0
3,0,0.9375,0.0625,0.0,0.0,0.0,0.0,0.0,0.0,0.0,0.0,0.0,0.0
3,0,0.9375,0.0625,0.0,0.0,0.0,0.0,0.0,0.0,0.0,0.0,0.0,0.0
3,0,0.9375,0.0625,0.0,0.0,0.0,0.0,0.0,0.0,0.0,0.0,0.0,0.0
3,0,0.9375,0.0625,0.0,0.0,0.0,0.0,0.0,0.0,0.0,0.0,0.0,0.0
3,0,0.9375,0.0625,0.0,0.0,0.0,0.0,0.0,0.0,0.0,0.0,0.0,0.0
3,0,0.9375,0.0625,0.0,0.0,0.0,0.0,0.0,0.0,0.0,0.0,0.0,0.0
3,0,0.9375,0.0625,0.0,0.0,0.0,0.0,0.0,0.0,0.0,0.0,0.0,0.0
3,0,0.9375,0.0625,0.0,0.0,0.0,0.0,0.0,0.0,0.0,0.0,0.0,0.0
3,0,0.9375,0.0625,0.0,0.0,0.0,0.0,0.0,0.0,0.0,0.0,0.0,0.0
3,0,0.9375,0.0625,0.0,0.0,0.0,0.0,0.0,0.0,0.0,0.0,0.0,0.0
3,0,0.9375,0.0625,0.0,0.0,0.0,0.0,0.0,0.0,0.0,0.0,0.0,0.0
3,0,0.9375,0.0625,0.0,0.0,0.0,0.0,0.0,0.0,0.0,0.0,0.0,0.0
3,0,0.9375,0.0625,0.0,0.0,0.0,0.0,0.0,0.0,0.0,0.0,0.0,0.0
3,0,0.9375,0.0625,0.0,0.0,0.0,0.0,0.0,0.0,0.0,0.0,0.0,0.0
3,0,0.9375,0.0625,0.0,0.0,0.0,0.0,0.0,0.0,0.0,0.0,0.0,0.0
3,0,0.9375,0.0625,0.0,0.0,0.0,0.0,0.0,0.0,0.0,0.0,0.0,0.0
3,0,0.9375,0.0625,0.0,0.0,0.0,0.0,0.0,0.0,0.0,0.0,0.0,0.0
3,0,0.9375,0.0625,0.0,0.0,0.0,0.0,0.0,0.0,0.0,0.0,0.0,0.0
3,0,0.9375,0.0625,0.0,0.0,0.0,0.0,0.0,0.0,0.0,0.0,0.0,0.0
3,0,0.9375,0.0625,0.0,0.0,0.0,0.0,0.0,0.0,0.0,0.0,0.0,0.0
3,0,0.9375,0.0625,0.0,0.0,0.0,0.0,0.0,0.0,0.0,0.0,0.0,0.0
3,0,0.9375,0.0625,0.0,0.0,0.0,0.0,0.0,0.0,0.0,0.0,0.0,0.0
3,0,0.9375,0.0625,0.0,0.0,0.0,0.0,0.0,0.0,0.0,0.0,0.0,0.0
3,0,0.9375,0.0625,0.0,0.0,0.0,0.0,0.0,0.0,0.0,0.0,0.0,0.0
3,0,0.9375,0.0625,0.0,0.0,0.0,0.0,0.0,0.0,0.0,0.0,0.0,0.0
3,0,0.9375,0.0625,0.0,0.0,0.0,0.0,0.0,0.0,0.0,0.0,0.0,0.0
3,0,0.9375,0.0625,0.0,0.0,0.0,0.0,0.0,0.0,0.0,0.0,0.0,0.0
3,0,0.9375,0.0625,0.0,0.0,0.0,0.0,0.0,0.0,0.0,0.0,0.0,0.0
3,0,0.9375,0.0625,0.0,0.0,0.0,0.0,0.0,0.0,0.0,0.0,0.0,0.0
3,0,0.9375,0.0625,0.0,0.0,0.0,0.0,0.0,0.0,0.0,0.0,0.0,0.0
3,0,0.9375,0.0625,0.0,0.0,0.0,0.0,0.0,0.0,0.0,0.0,0.0,0.0
3,0,0.9375,0.0625,0.0,0.0,0.0,0.0,0.0,0.0,0.0,0.0,0.0,0.0
3,0,0.9375,0.0625,0.0,0.0,0.0,0.0,0.0,0.0,0.0,0.0,0.0,0.0
3,0,0.9375,0.0625,0.0,0.0,0.0,0.0,0.0,0.0,0.0,0.0,0.0,0.0
3,0,0.9375,0.0625,0.0,0.0,0.0,0.0,0.0,0.0,0.0,0.0,0.0,0.0
3,0,0.9375,0.0625,0.0,0.0,0.0,0.0,0.0,0.0,0.0,0.0,0.0,0.0
3,0,0.9375,0.0625,0.0,0.0,0.0,0.0,0.0,0.0,0.0,0.0,0.0,0.0
3,0,0.9375,0.0625,0.0,0.0,0.0,0.0,0.0,0.0,0.0,0.0,0.0,0.0
3,0,0.9375,0.0625,0.0,0.0,0.0,0.0,0.0,0.0,0.0,0.0,0.0,0.0
3,0,0.9375,0.0625,0.0,0.0,0.0,0.0,0.0,0.0,0.0,0.0,0.0,0.0
3,0,0.9375,0.0625,0.0,0.0,0.0,0.0,0.0,0.0,0.0,0.0,0.0,0.0
3,0,0.9375,0.0625,0.0,0.0,0.0,0.0,0.0,0.0,0.0,0.0,0.0,0.0
3,0,0.9375,0.0625,0.0,0.0,0.0,0.0,0.0,0.0,0.0,0.0,0.0,0.0
3,0,0.9375,0.0625,0.0,0.0,0.0,0.0,0.0,0.0,0.0,0.0,0.0,0.0
3,0,0.9375,0.0625,0.0,0.0,0.0,0.0,0.0,0.0,0.0,0.0,0.0,0.0
3,0,0.9375,0.0625,0.0,0.0,0.0,0.0,0.0,0.0,0.0,0.0,0.0,0.0
3,0,0.9375,0.0625,0.0,0.0,0.0,0.0,0.0,0.0,0.0,0.0,0.0,0.0
3,0,0.9375,0.0625,0.0,0.0,0.0,0.0,0.0,0.0,0.0,0.0,0.0,0.0
3,0,0.9375,0.0625,0.0,0.0,0.0,0.0,0.0,0.0,0.0,0.0,0.0,0.0
3,0,0.9375,0.0625,0.0,0.0,0.0,0.0,0.0,0.0,0.0,0.0,0.0,0.0
3,0,0.9375,0.0625,0.0,0.0,0.0,0.0,0.0,0.0,0.0,0.0,0.0,0.0
3,0,0.9375,0.0625,0.0,0.0,0.0,0.0,0.0,0.0,0.0,0.0,0.0,0.0
3,0,0.9375,0.0625,0.0,0.0,0.0,0.0,0.0,0.0,0.0,0.0,0.0,0.0
3,0,0.9375,0.0625,0.0,0.0,0.0,0.0,0.0,0.0,0.0,0.0,0.0,0.0
3,0,0.9375,0.0625,0.0,0.0,0.0,0.0,0.0,0.0,0.0,0.0,0.0,0.0
3,0,0.9375,0.0625,0.0,0.0,0.0,0.0,0.0,0.0,0.0,0.0,0.0,0.0
3,0,0.9375,0.0625,0.0,0.0,0.0,0.0,0.0,0.0,0.0,0.0,0.0,0.0
3,0,0.9375,0.0625,0.0,0.0,0.0,0.0,0.0,0.0,0.0,0.0,0.0,0.0
3,0,0.9375,0.0625,0.0,0.0,0.0,0.0,0.0,0.0,0.0,0.0,0.0,0.0
3,0,0.9375,0.0625,0.0,0.0,0.0,0.0,0.0,0.0,0.0,0.0,0.0,0.0
3,0,0.9375,0.0625,0.0,0.0,0.0,0.0,0.0,0.0,0.0,0.0,0.0,0.0
3,0,0.9375,0.0625,0.0,0.0,0.0,0.0,0.0,0.0,0.0,0.0,0.0,0.0
3,0,0.9375,0.0625,0.0,0.0,0.0,0.0,0.0,0.0,0.0,0.0,0.0,0.0
3,0,0.9375,0.0625,0.0,0.0,0.0,0.0,0.0,0.0,0.0,0.0,0.0,0.0
3,0,0.9375,0.0625,0.0,0.0,0.0,0.0,0.0,0.0,0.0,0.0,0.0,0.0
3,0,0.90625,0.09375,0.0,0.0,0.0,0.0,0.0,0.0,0.0,0.0,0.0,0.0
3,0,0.90625,0.09375,0.0,0.0,0.0,0.0,0.0,0.0,0.0,0.0,0.0,0.0
3,0,0.90625,0.09375,0.0,0.0,0.0,0.0,0.0,0.0,0.0,0.0,0.0,0.0
3,0,0.90625,0.09375,0.0,0.0,0.0,0.0,0.0,0.0,0.0,0.0,0.0,0.0
3,0,0.90625,0.09375,0.0,0.0,0.0,0.0,0.0,0.0,0.0,0.0,0.0,0.0
3,0,0.90625,0.09375,0.0,0.0,0.0,0.0,0.0,0.0,0.0,0.0,0.0,0.0
3,0,0.90625,0.09375,0.0,0.0,0.0,0.0,0.0,0.0,0.0,0.0,0.0,0.0
3,0,0.90625,0.09375,0.0,0.0,0.0,0.0,0.0,0.0,0.0,0.0,0.0,0.0
3,0,0.90625,0.09375,0.0,0.0,0.0,0.0,0.0,0.0,0.0,0.0,0.0,0.0
3,0,0.90625,0.09375,0.0,0.0,0.0,0.0,0.0,0.0,0.0,0.0,0.0,0.0
3,0,0.90625,0.09375,0.0,0.0,0.0,0.0,0.0,0.0,0.0,0.0,0.0,0.0
3,0,0.90625,0.09375,0.0,0.0,0.0,0.0,0.0,0.0,0.0,0.0,0.0,0.0
3,0,0.90625,0.09375,0.0,0.0,0.0,0.0,0.0,0.0,0.0,0.0,0.0,0.0
3,0,0.90625,0.09375,0.0,0.0,0.0,0.0,0.0,0.0,0.0,0.0,0.0,0.0
3,0,0.90625,0.09375,0.0,0.0,0.0,0.0,0.0,0.0,0.0,0.0,0.0,0.0
3,0,0.90625,0.09375,0.0,0.0,0.0,0.0,0.0,0.0,0.0,0.0,0.0,0.0
3,0,0.90625,0.09375,0.0,0.0,0.0,0.0,0.0,0.0,0.0,0.0,0.0,0.0
3,0,0.90625,0.09375,0.0,0.0,0.0,0.0,0.0,0.0,0.0,0.0,0.0,0.0
3,0,0.90625,0.09375,0.0,0.0,0.0,0.0,0.0,0.0,0.0,0.0,0.0,0.0
3,0,0.90625,0.09375,0.0,0.0,0.0,0.0,0.0,0.0,0.0,0.0,0.0,0.0
3,0,0.90625,0.09375,0.0,0.0,0.0,0.0,0.0,0.0,0.0,0.0,0.0,0.0
3,0,0.90625,0.09375,0.0,0.0,0.0,0.0,0.0,0.0,0.0,0.0,0.0,0.0
3,0,0.90625,0.09375,0.0,0.0,0.0,0.0,0.0,0.0,0.0,0.0,0.0,0.0
3,0,0.90625,0.09375,0.0,0.0,0.0,0.0,0.0,0.0,0.0,0.0,0.0,0.0
3,0,0.90625,0.09375,0.0,0.0,0.0,0.0,0.0,0.0,0.0,0.0,0.0,0.0
3,0,0.90625,0.09375,0.0,0.0,0.0,0.0,0.0,0.0,0.0,0.0,0.0,0.0
3,0,0.90625,0.09375,0.0,0.0,0.0,0.0,0.0,0.0,0.0,0.0,0.0,0.0
3,0,0.90625,0.09375,0.0,0.0,0.0,0.0,0.0,0.0,0.0,0.0,0.0,0.0
3,0,0.90625,0.09375,0.0,0.0,0.0,0.0,0.0,0.0,0.0,0.0,0.0,0.0
3,0,0.90625,0.09375,0.0,0.0,0.0,0.0,0.0,0.0,0.0,0.0,0.0,0.0
3,0,0.90625,0.09375,0.0,0.0,0.0,0.0,0.0,0.0,0.0,0.0,0.0,0.0
3,0,0.90625,0.09375,0.0,0.0,0.0,0.0,0.0,0.0,0.0,0.0,0.0,0.0
3,0,0.90625,0.09375,0.0,0.0,0.0,0.0,0.0,0.0,0.0,0.0,0.0,0.0
3,0,0.90625,0.09375,0.0,0.0,0.0,0.0,0.0,0.0,0.0,0.0,0.0,0.0
3,0,0.90625,0.09375,0.0,0.0,0.0,0.0,0.0,0.0,0.0,0.0,0.0,0.0
3,0,0.90625,0.09375,0.0,0.0,0.0,0.0,0.0,0.0,0.0,0.0,0.0,0.0
3,0,0.90625,0.09375,0.0,0.0,0.0,0.0,0.0,0.0,0.0,0.0,0.0,0.0
3,0,0.90625,0.09375,0.0,0.0,0.0,0.0,0.0,0.0,0.0,0.0,0.0,0.0
3,0,0.90625,0.09375,0.0,0.0,0.0,0.0,0.0,0.0,0.0,0.0,0.0,0.0
3,0,0.90625,0.09375,0.0,0.0,0.0,0.0,0.0,0.0,0.0,0.0,0.0,0.0
3,0,0.90625,0.09375,0.0,0.0,0.0,0.0,0.0,0.0,0.0,0.0,0.0,0.0
3,0,0.90625,0.09375,0.0,0.0,0.0,0.0,0.0,0.0,0.0,0.0,0.0,0.0
3,0,0.90625,0.09375,0.0,0.0,0.0,0.0,0.0,0.0,0.0,0.0,0.0,0.0
3,0,0.90625,0.09375,0.0,0.0,0.0,0.0,0.0,0.0,0.0,0.0,0.0,0.0
3,0,0.90625,0.09375,0.0,0.0,0.0,0.0,0.0,0.0,0.0,0.0,0.0,0.0
3,0,0.90625,0.09375,0.0,0.0,0.0,0.0,0.0,0.0,0.0,0.0,0.0,0.0
3,0,0.90625,0.09375,0.0,0.0,0.0,0.0,0.0,0.0,0.0,0.0,0.0,0.0
3,0,0.90625,0.09375,0.0,0.0,0.0,0.0,0.0,0.0,0.0,0.0,0.0,0.0
3,0,0.890625,0.109375,0.0,0.0,0.0,0.0,0.0,0.0,0.0,0.0,0.0,0.0
3,0,0.890625,0.109375,0.0,0.0,0.0,0.0,0.0,0.0,0.0,0.0,0.0,0.0
3,0,0.890625,0.109375,0.0,0.0,0.0,0.0,0.0,0.0,0.0,0.0,0.0,0.0
3,0,0.890625,0.109375,0.0,0.0,0.0,0.0,0.0,0.0,0.0,0.0,0.0,0.0
3,0,0.890625,0.109375,0.0,0.0,0.0,0.0,0.0,0.0,0.0,0.0,0.0,0.0
3,0,0.890625,0.109375,0.0,0.0,0.0,0.0,0.0,0.0,0.0,0.0,0.0,0.0
3,0,0.890625,0.109375,0.0,0.0,0.0,0.0,0.0,0.0,0.0,0.0,0.0,0.0
3,0,0.890625,0.109375,0.0,0.0,0.0,0.0,0.0,0.0,0.0,0.0,0.0,0.0
3,0,0.890625,0.109375,0.0,0.0,0.0,0.0,0.0,0.0,0.0,0.0,0.0,0.0
3,0,0.890625,0.109375,0.0,0.0,0.0,0.0,0.0,0.0,0.0,0.0,0.0,0.0
3,0,0.890625,0.109375,0.0,0.0,0.0,0.0,0.0,0.0,0.0,0.0,0.0,0.0
3,0,0.890625,0.109375,0.0,0.0,0.0,0.0,0.0,0.0,0.0,0.0,0.0,0.0
3,0,0.890625,0.109375,0.0,0.0,0.0,0.0,0.0,0.0,0.0,0.0,0.0,0.0
3,0,0.890625,0.109375,0.0,0.0,0.0,0.0,0.0,0.0,0.0,0.0,0.0,0.0
3,0,0.890625,0.109375,0.0,0.0,0.0,0.0,0.0,0.0,0.0,0.0,0.0,0.0
3,0,0.890625,0.109375,0.0,0.0,0.0,0.0,0.0,0.0,0.0,0.0,0.0,0.0
3,0,0.890625,0.109375,0.0,0.0,0.0,0.0,0.0,0.0,0.0,0.0,0.0,0.0
3,0,0.890625,0.109375,0.0,0.0,0.0,0.0,0.0,0.0,0.0,0.0,0.0,0.0
3,0,0.890625,0.109375,0.0,0.0,0.0,0.0,0.0,0.0,0.0,0.0,0.0,0.0
3,0,0.890625,0.109375,0.0,0.0,0.0,0.0,0.0,0.0,0.0,0.0,0.0,0.0
3,0,0.890625,0.109375,0.0,0.0,0.0,0.0,0.0,0.0,0.0,0.0,0.0,0.0
3,0,0.890625,0.109375,0.0,0.0,0.0,0.0,0.0,0.0,0.0,0.0,0.0,0.0
3,0,0.890625,0.109375,0.0,0.0,0.0,0.0,0.0,0.0,0.0,0.0,0.0,0.0
3,0,0.890625,0.109375,0.0,0.0,0.0,0.0,0.0,0.0,0.0,0.0,0.0,0.0
3,0,0.890625,0.109375,0.0,0.0,0.0,0.0,0.0,0.0,0.0,0.0,0.0,0.0
3,0,0.890625,0.109375,0.0,0.0,0.0,0.0,0.0,0.0,0.0,0.0,0.0,0.0
3,0,0.890625,0.109375,0.0,0.0,0.0,0.0,0.0,0.0,0.0,0.0,0.0,0.0
3,0,0.890625,0.109375,0.0,0.0,0.0,0.0,0.0,0.0,0.0,0.0,0.0,0.0
3,0,0.890625,0.109375,0.0,0.0,0.0,0.0,0.0,0.0,0.0,0.0,0.0,0.0
3,0,0.890625,0.109375,0.0,0.0,0.0,0.0,0.0,0.0,0.0,0.0,0.0,0.0
3,0,0.890625,0.109375,0.0,0.0,0.0,0.0,0.0,0.0,0.0,0.0,0.0,0.0
3,0,0.890625,0.109375,0.0,0.0,0.0,0.0,0.0,0.0,0.0,0.0,0.0,0.0
3,0,0.890625,0.109375,0.0,0.0,0.0,0.0,0.0,0.0,0.0,0.0,0.0,0.0
3,0,0.890625,0.109375,0.0,0.0,0.0,0.0,0.0,0.0,0.0,0.0,0.0,0.0
3,0,0.890625,0.109375,0.0,0.0,0.0,0.0,0.0,0.0,0.0,0.0,0.0,0.0
3,0,0.890625,0.109375,0.0,0.0,0.0,0.0,0.0,0.0,0.0,0.0,0.0,0.0
3,0,0.875,0.125,0.0,0.0,0.0,0.0,0.0,0.0,0.0,0.0,0.0,0.0
3,0,0.875,0.125,0.0,0.0,0.0,0.0,0.0,0.0,0.0,0.0,0.0,0.0
3,0,0.875,0.125,0.0,0.0,0.0,0.0,0.0,0.0,0.0,0.0,0.0,0.0
3,0,0.875,0.125,0.0,0.0,0.0,0.0,0.0,0.0,0.0,0.0,0.0,0.0
3,0,0.875,0.125,0.0,0.0,0.0,0.0,0.0,0.0,0.0,0.0,0.0,0.0
3,0,0.875,0.125,0.0,0.0,0.0,0.0,0.0,0.0,0.0,0.0,0.0,0.0
3,0,0.875,0.125,0.0,0.0,0.0,0.0,0.0,0.0,0.0,0.0,0.0,0.0
3,0,0.875,0.125,0.0,0.0,0.0,0.0,0.0,0.0,0.0,0.0,0.0,0.0
3,0,0.875,0.125,0.0,0.0,0.0,0.0,0.0,0.0,0.0,0.0,0.0,0.0
3,0,0.875,0.125,0.0,0.0,0.0,0.0,0.0,0.0,0.0,0.0,0.0,0.0
3,0,0.875,0.125,0.0,0.0,0.0,0.0,0.0,0.0,0.0,0.0,0.0,0.0
3,0,0.875,0.125,0.0,0.0,0.0,0.0,0.0,0.0,0.0,0.0,0.0,0.0
3,0,0.875,0.125,0.0,0.0,0.0,0.0,0.0,0.0,0.0,0.0,0.0,0.0
3,0,0.875,0.125,0.0,0.0,0.0,0.0,0.0,0.0,0.0,0.0,0.0,0.0
3,0,0.875,0.125,0.0,0.0,0.0,0.0,0.0,0.0,0.0,0.0,0.0,0.0
3,0,0.875,0.125,0.0,0.0,0.0,0.0,0.0,0.0,0.0,0.0,0.0,0.0
3,0,0.875,0.125,0.0,0.0,0.0,0.0,0.0,0.0,0.0,0.0,0.0,0.0
3,0,0.875,0.125,0.0,0.0,0.0,0.0,0.0,0.0,0.0,0.0,0.0,0.0
3,0,0.875,0.125,0.0,0.0,0.0,0.0,0.0,0.0,0.0,0.0,0.0,0.0
3,0,0.875,0.125,0.0,0.0,0.0,0.0,0.0,0.0,0.0,0.0,0.0,0.0
3,0,0.875,0.125,0.0,0.0,0.0,0.0,0.0,0.0,0.0,0.0,0.0,0.0
3,0,0.875,0.125,0.0,0.0,0.0,0.0,0.0,0.0,0.0,0.0,0.0,0.0
3,0,0.875,0.125,0.0,0.0,0.0,0.0,0.0,0.0,0.0,0.0,0.0,0.0
3,0,0.875,0.125,0.0,0.0,0.0,0.0,0.0,0.0,0.0,0.0,0.0,0.0
3,0,0.875,0.125,0.0,0.0,0.0,0.0,0.0,0.0,0.0,0.0,0.0,0.0
3,0,0.875,0.125,0.0,0.0,0.0,0.0,0.0,0.0,0.0,0.0,0.0,0.0
3,0,0.875,0.125,0.0,0.0,0.0,0.0,0.0,0.0,0.0,0.0,0.0,0.0
3,0,0.875,0.125,0.0,0.0,0.0,0.0,0.0,0.0,0.0,0.0,0.0,0.0
3,0,0.875,0.125,0.0,0.0,0.0,0.0,0.0,0.0,0.0,0.0,0.0,0.0
3,0,0.875,0.125,0.0,0.0,0.0,0.0,0.0,0.0,0.0,0.0,0.0,0.0
3,0,0.875,0.125,0.0,0.0,0.0,0.0,0.0,0.0,0.0,0.0,0.0,0.0
3,0,0.875,0.125,0.0,0.0,0.0,0.0,0.0,0.0,0.0,0.0,0.0,0.0
3,0,0.875,0.125,0.0,0.0,0.0,0.0,0.0,0.0,0.0,0.0,0.0,0.0
3,0,0.875,0.125,0.0,0.0,0.0,0.0,0.0,0.0,0.0,0.0,0.0,0.0
3,0,0.875,0.125,0.0,0.0,0.0,0.0,0.0,0.0,0.0,0.0,0.0,0.0
3,0,0.875,0.125,0.0,0.0,0.0,0.0,0.0,0.0,0.0,0.0,0.0,0.0
3,0,0.875,0.125,0.0,0.0,0.0,0.0,0.0,0.0,0.0,0.0,0.0,0.0
3,0,0.875,0.125,0.0,0.0,0.0,0.0,0.0,0.0,0.0,0.0,0.0,0.0
3,0,0.875,0.125,0.0,0.0,0.0,0.0,0.0,0.0,0.0,0.0,0.0,0.0
3,0,0.875,0.125,0.0,0.0,0.0,0.0,0.0,0.0,0.0,0.0,0.0,0.0
3,0,0.875,0.125,0.0,0.0,0.0,0.0,0.0,0.0,0.0,0.0,0.0,0.0
3,0,0.875,0.125,0.0,0.0,0.0,0.0,0.0,0.0,0.0,0.0,0.0,0.0
3,0,0.875,0.125,0.0,0.0,0.0,0.0,0.0,0.0,0.0,0.0,0.0,0.0
3,0,0.875,0.125,0.0,0.0,0.0,0.0,0.0,0.0,0.0,0.0,0.0,0.0
3,0,0.875,0.125,0.0,0.0,0.0,0.0,0.0,0.0,0.0,0.0,0.0,0.0
3,0,0.875,0.125,0.0,0.0,0.0,0.0,0.0,0.0,0.0,0.0,0.0,0.0
3,0,0.875,0.125,0.0,0.0,0.0,0.0,0.0,0.0,0.0,0.0,0.0,0.0
3,0,0.875,0.125,0.0,0.0,0.0,0.0,0.0,0.0,0.0,0.0,0.0,0.0
3,0,0.875,0.125,0.0,0.0,0.0,0.0,0.0,0.0,0.0,0.0,0.0,0.0
3,0,0.859375,0.140625,0.0,0.0,0.0,0.0,0.0,0.0,0.0,0.0,0.0,0.0
3,0,0.859375,0.140625,0.0,0.0,0.0,0.0,0.0,0.0,0.0,0.0,0.0,0.0
3,0,0.859375,0.140625,0.0,0.0,0.0,0.0,0.0,0.0,0.0,0.0,0.0,0.0
3,0,0.859375,0.140625,0.0,0.0,0.0,0.0,0.0,0.0,0.0,0.0,0.0,0.0
3,0,0.859375,0.140625,0.0,0.0,0.0,0.0,0.0,0.0,0.0,0.0,0.0,0.0
3,0,0.859375,0.140625,0.0,0.0,0.0,0.0,0.0,0.0,0.0,0.0,0.0,0.0
3,0,0.859375,0.140625,0.0,0.0,0.0,0.0,0.0,0.0,0.0,0.0,0.0,0.0
3,0,0.859375,0.140625,0.0,0.0,0.0,0.0,0.0,0.0,0.0,0.0,0.0,0.0
3,0,0.859375,0.140625,0.0,0.0,0.0,0.0,0.0,0.0,0.0,0.0,0.0,0.0
3,0,0.859375,0.140625,0.0,0.0,0.0,0.0,0.0,0.0,0.0,0.0,0.0,0.0
3,0,0.859375,0.140625,0.0,0.0,0.0,0.0,0.0,0.0,0.0,0.0,0.0,0.0
3,0,0.859375,0.140625,0.0,0.0,0.0,0.0,0.0,0.0,0.0,0.0,0.0,0.0
3,0,0.859375,0.140625,0.0,0.0,0.0,0.0,0.0,0.0,0.0,0.0,0.0,0.0
3,0,0.859375,0.140625,0.0,0.0,0.0,0.0,0.0,0.0,0.0,0.0,0.0,0.0
3,0,0.859375,0.140625,0.0,0.0,0.0,0.0,0.0,0.0,0.0,0.0,0.0,0.0
3,0,0.859375,0.140625,0.0,0.0,0.0,0.0,0.0,0.0,0.0,0.0,0.0,0.0
3,0,0.859375,0.140625,0.0,0.0,0.0,0.0,0.0,0.0,0.0,0.0,0.0,0.0
3,0,0.859375,0.140625,0.0,0.0,0.0,0.0,0.0,0.0,0.0,0.0,0.0,0.0
3,0,0.859375,0.140625,0.0,0.0,0.0,0.0,0.0,0.0,0.0,0.0,0.0,0.0
3,0,0.859375,0.140625,0.0,0.0,0.0,0.0,0.0,0.0,0.0,0.0,0.0,0.0
3,0,0.859375,0.140625,0.0,0.0,0.0,0.0,0.0,0.0,0.0,0.0,0.0,0.0
3,0,0.859375,0.140625,0.0,0.0,0.0,0.0,0.0,0.0,0.0,0.0,0.0,0.0
3,0,0.859375,0.140625,0.0,0.0,0.0,0.0,0.0,0.0,0.0,0.0,0.0,0.0
3,0,0.859375,0.140625,0.0,0.0,0.0,0.0,0.0,0.0,0.0,0.0,0.0,0.0
3,0,0.859375,0.140625,0.0,0.0,0.0,0.0,0.0,0.0,0.0,0.0,0.0,0.0
3,0,0.859375,0.140625,0.0,0.0,0.0,0.0,0.0,0.0,0.0,0.0,0.0,0.0
3,0,0.859375,0.140625,0.0,0.0,0.0,0.0,0.0,0.0,0.0,0.0,0.0,0.0
3,0,0.859375,0.140625,0.0,0.0,0.0,0.0,0.0,0.0,0.0,0.0,0.0,0.0
3,0,0.859375,0.140625,0.0,0.0,0.0,0.0,0.0,0.0,0.0,0.0,0.0,0.0
3,0,0.859375,0.140625,0.0,0.0,0.0,0.0,0.0,0.0,0.0,0.0,0.0,0.0
3,0,0.859375,0.140625,0.0,0.0,0.0,0.0,0.0,0.0,0.0,0.0,0.0,0.0
3,0,0.859375,0.140625,0.0,0.0,0.0,0.0,0.0,0.0,0.0,0.0,0.0,0.0
3,0,0.859375,0.140625,0.0,0.0,0.0,0.0,0.0,0.0,0.0,0.0,0.0,0.0
3,0,0.859375,0.140625,0.0,0.0,0.0,0.0,0.0,0.0,0.0,0.0,0.0,0.0
3,0,0.859375,0.140625,0.0,0.0,0.0,0.0,0.0,0.0,0.0,0.0,0.0,0.0
3,0,0.859375,0.140625,0.0,0.0,0.0,0.0,0.0,0.0,0.0,0.0,0.0,0.0
3,0,0.859375,0.140625,0.0,0.0,0.0,0.0,0.0,0.0,0.0,0.0,0.0,0.0
3,0,0.859375,0.140625,0.0,0.0,0.0,0.0,0.0,0.0,0.0,0.0,0.0,0.0
3,0,0.859375,0.140625,0.0,0.0,0.0,0.0,0.0,0.0,0.0,0.0,0.0,0.0
3,0,0.859375,0.140625,0.0,0.0,0.0,0.0,0.0,0.0,0.0,0.0,0.0,0.0
3,0,0.859375,0.140625,0.0,0.0,0.0,0.0,0.0,0.0,0.0,0.0,0.0,0.0
3,0,0.859375,0.140625,0.0,0.0,0.0,0.0,0.0,0.0,0.0,0.0,0.0,0.0
3,0,0.859375,0.140625,0.0,0.0,0.0,0.0,0.0,0.0,0.0,0.0,0.0,0.0
3,0,0.859375,0.140625,0.0,0.0,0.0,0.0,0.0,0.0,0.0,0.0,0.0,0.0
3,0,0.859375,0.140625,0.0,0.0,0.0,0.0,0.0,0.0,0.0,0.0,0.0,0.0
3,0,0.859375,0.140625,0.0,0.0,0.0,0.0,0.0,0.0,0.0,0.0,0.0,0.0
3,0,0.859375,0.140625,0.0,0.0,0.0,0.0,0.0,0.0,0.0,0.0,0.0,0.0
3,0,0.859375,0.140625,0.0,0.0,0.0,0.0,0.0,0.0,0.0,0.0,0.0,0.0
3,0,0.859375,0.140625,0.0,0.0,0.0,0.0,0.0,0.0,0.0,0.0,0.0,0.0
3,0,0.859375,0.140625,0.0,0.0,0.0,0.0,0.0,0.0,0.0,0.0,0.0,0.0
3,0,0.859375,0.140625,0.0,0.0,0.0,0.0,0.0,0.0,0.0,0.0,0.0,0.0
3,0,0.859375,0.140625,0.0,0.0,0.0,0.0,0.0,0.0,0.0,0.0,0.0,0.0
3,0,0.859375,0.140625,0.0,0.0,0.0,0.0,0.0,0.0,0.0,0.0,0.0,0.0
3,0,0.859375,0.140625,0.0,0.0,0.0,0.0,0.0,0.0,0.0,0.0,0.0,0.0
3,0,0.859375,0.140625,0.0,0.0,0.0,0.0,0.0,0.0,0.0,0.0,0.0,0.0
3,0,0.859375,0.140625,0.0,0.0,0.0,0.0,0.0,0.0,0.0,0.0,0.0,0.0
3,0,0.859375,0.140625,0.0,0.0,0.0,0.0,0.0,0.0,0.0,0.0,0.0,0.0
3,0,0.859375,0.140625,0.0,0.0,0.0,0.0,0.0,0.0,0.0,0.0,0.0,0.0
3,0,0.859375,0.140625,0.0,0.0,0.0,0.0,0.0,0.0,0.0,0.0,0.0,0.0
3,0,0.859375,0.140625,0.0,0.0,0.0,0.0,0.0,0.0,0.0,0.0,0.0,0.0
3,0,0.859375,0.140625,0.0,0.0,0.0,0.0,0.0,0.0,0.0,0.0,0.0,0.0
3,0,0.859375,0.140625,0.0,0.0,0.0,0.0,0.0,0.0,0.0,0.0,0.0,0.0
3,0,0.859375,0.140625,0.0,0.0,0.0,0.0,0.0,0.0,0.0,0.0,0.0,0.0
3,0,0.859375,0.140625,0.0,0.0,0.0,0.0,0.0,0.0,0.0,0.0,0.0,0.0
3,0,0.859375,0.140625,0.0,0.0,0.0,0.0,0.0,0.0,0.0,0.0,0.0,0.0
3,0,0.859375,0.140625,0.0,0.0,0.0,0.0,0.0,0.0,0.0,0.0,0.0,0.0
3,0,0.859375,0.140625,0.0,0.0,0.0,0.0,0.0,0.0,0.0,0.0,0.0,0.0
3,0,0.859375,0.140625,0.0,0.0,0.0,0.0,0.0,0.0,0.0,0.0,0.0,0.0
3,0,0.859375,0.140625,0.0,0.0,0.0,0.0,0.0,0.0,0.0,0.0,0.0,0.0
3,0,0.859375,0.140625,0.0,0.0,0.0,0.0,0.0,0.0,0.0,0.0,0.0,0.0
3,0,0.859375,0.140625,0.0,0.0,0.0,0.0,0.0,0.0,0.0,0.0,0.0,0.0
3,0,0.859375,0.140625,0.0,0.0,0.0,0.0,0.0,0.0,0.0,0.0,0.0,0.0
3,0,0.859375,0.140625,0.0,0.0,0.0,0.0,0.0,0.0,0.0,0.0,0.0,0.0
3,0,0.859375,0.140625,0.0,0.0,0.0,0.0,0.0,0.0,0.0,0.0,0.0,0.0
3,0,0.859375,0.140625,0.0,0.0,0.0,0.0,0.0,0.0,0.0,0.0,0.0,0.0
3,0,0.859375,0.140625,0.0,0.0,0.0,0.0,0.0,0.0,0.0,0.0,0.0,0.0
3,0,0.859375,0.140625,0.0,0.0,0.0,0.0,0.0,0.0,0.0,0.0,0.0,0.0
3,0,0.859375,0.140625,0.0,0.0,0.0,0.0,0.0,0.0,0.0,0.0,0.0,0.0
3,0,0.859375,0.140625,0.0,0.0,0.0,0.0,0.0,0.0,0.0,0.0,0.0,0.0
3,0,0.859375,0.140625,0.0,0.0,0.0,0.0,0.0,0.0,0.0,0.0,0.0,0.0
3,0,0.859375,0.140625,0.0,0.0,0.0,0.0,0.0,0.0,0.0,0.0,0.0,0.0
3,0,0.859375,0.140625,0.0,0.0,0.0,0.0,0.0,0.0,0.0,0.0,0.0,0.0
3,0,0.859375,0.140625,0.0,0.0,0.0,0.0,0.0,0.0,0.0,0.0,0.0,0.0
3,0,0.859375,0.140625,0.0,0.0,0.0,0.0,0.0,0.0,0.0,0.0,0.0,0.0
3,0,0.859375,0.140625,0.0,0.0,0.0,0.0,0.0,0.0,0.0,0.0,0.0,0.0
3,0,0.859375,0.140625,0.0,0.0,0.0,0.0,0.0,0.0,0.0,0.0,0.0,0.0
3,0,0.859375,0.140625,0.0,0.0,0.0,0.0,0.0,0.0,0.0,0.0,0.0,0.0
3,0,0.859375,0.140625,0.0,0.0,0.0,0.0,0.0,0.0,0.0,0.0,0.0,0.0
3,0,0.859375,0.140625,0.0,0.0,0.0,0.0,0.0,0.0,0.0,0.0,0.0,0.0
3,0,0.859375,0.140625,0.0,0.0,0.0,0.0,0.0,0.0,0.0,0.0,0.0,0.0
3,0,0.859375,0.140625,0.0,0.0,0.0,0.0,0.0,0.0,0.0,0.0,0.0,0.0
3,0,0.859375,0.140625,0.0,0.0,0.0,0.0,0.0,0.0,0.0,0.0,0.0,0.0
3,0,0.859375,0.140625,0.0,0.0,0.0,0.0,0.0,0.0,0.0,0.0,0.0,0.0
3,0,0.859375,0.140625,0.0,0.0,0.0,0.0,0.0,0.0,0.0,0.0,0.0,0.0
3,0,0.859375,0.140625,0.0,0.0,0.0,0.0,0.0,0.0,0.0,0.0,0.0,0.0
3,0,0.859375,0.140625,0.0,0.0,0.0,0.0,0.0,0.0,0.0,0.0,0.0,0.0
3,0,0.859375,0.140625,0.0,0.0,0.0,0.0,0.0,0.0,0.0,0.0,0.0,0.0
3,0,0.859375,0.140625,0.0,0.0,0.0,0.0,0.0,0.0,0.0,0.0,0.0,0.0
3,0,0.859375,0.140625,0.0,0.0,0.0,0.0,0.0,0.0,0.0,0.0,0.0,0.0
3,0,0.859375,0.140625,0.0,0.0,0.0,0.0,0.0,0.0,0.0,0.0,0.0,0.0
3,0,0.859375,0.140625,0.0,0.0,0.0,0.0,0.0,0.0,0.0,0.0,0.0,0.0
3,0,0.859375,0.140625,0.0,0.0,0.0,0.0,0.0,0.0,0.0,0.0,0.0,0.0
3,0,0.859375,0.140625,0.0,0.0,0.0,0.0,0.0,0.0,0.0,0.0,0.0,0.0
3,0,0.859375,0.140625,0.0,0.0,0.0,0.0,0.0,0.0,0.0,0.0,0.0,0.0
3,0,0.859375,0.140625,0.0,0.0,0.0,0.0,0.0,0.0,0.0,0.0,0.0,0.0
3,0,0.859375,0.140625,0.0,0.0,0.0,0.0,0.0,0.0,0.0,0.0,0.0,0.0
3,0,0.859375,0.140625,0.0,0.0,0.0,0.0,0.0,0.0,0.0,0.0,0.0,0.0
3,0,0.859375,0.140625,0.0,0.0,0.0,0.0,0.0,0.0,0.0,0.0,0.0,0.0
3,0,0.859375,0.140625,0.0,0.0,0.0,0.0,0.0,0.0,0.0,0.0,0.0,0.0
3,0,0.859375,0.140625,0.0,0.0,0.0,0.0,0.0,0.0,0.0,0.0,0.0,0.0
3,0,0.859375,0.140625,0.0,0.0,0.0,0.0,0.0,0.0,0.0,0.0,0.0,0.0
3,0,0.859375,0.140625,0.0,0.0,0.0,0.0,0.0,0.0,0.0,0.0,0.0,0.0
3,0,0.859375,0.140625,0.0,0.0,0.0,0.0,0.0,0.0,0.0,0.0,0.0,0.0
3,0,0.859375,0.140625,0.0,0.0,0.0,0.0,0.0,0.0,0.0,0.0,0.0,0.0
3,0,0.859375,0.140625,0.0,0.0,0.0,0.0,0.0,0.0,0.0,0.0,0.0,0.0
3,0,0.859375,0.140625,0.0,0.0,0.0,0.0,0.0,0.0,0.0,0.0,0.0,0.0
3,0,0.859375,0.140625,0.0,0.0,0.0,0.0,0.0,0.0,0.0,0.0,0.0,0.0
3,0,0.859375,0.140625,0.0,0.0,0.0,0.0,0.0,0.0,0.0,0.0,0.0,0.0
3,0,0.859375,0.140625,0.0,0.0,0.0,0.0,0.0,0.0,0.0,0.0,0.0,0.0
3,0,0.859375,0.140625,0.0,0.0,0.0,0.0,0.0,0.0,0.0,0.0,0.0,0.0
3,0,0.859375,0.140625,0.0,0.0,0.0,0.0,0.0,0.0,0.0,0.0,0.0,0.0
3,0,0.859375,0.140625,0.0,0.0,0.0,0.0,0.0,0.0,0.0,0.0,0.0,0.0
3,0,0.859375,0.140625,0.0,0.0,0.0,0.0,0.0,0.0,0.0,0.0,0.0,0.0
3,0,0.859375,0.140625,0.0,0.0,0.0,0.0,0.0,0.0,0.0,0.0,0.0,0.0
3,0,0.859375,0.140625,0.0,0.0,0.0,0.0,0.0,0.0,0.0,0.0,0.0,0.0
3,0,0.859375,0.140625,0.0,0.0,0.0,0.0,0.0,0.0,0.0,0.0,0.0,0.0
3,0,0.859375,0.140625,0.0,0.0,0.0,0.0,0.0,0.0,0.0,0.0,0.0,0.0
3,0,0.859375,0.140625,0.0,0.0,0.0,0.0,0.0,0.0,0.0,0.0,0.0,0.0
3,0,0.859375,0.140625,0.0,0.0,0.0,0.0,0.0,0.0,0.0,0.0,0.0,0.0
3,0,0.859375,0.140625,0.0,0.0,0.0,0.0,0.0,0.0,0.0,0.0,0.0,0.0
3,0,0.859375,0.140625,0.0,0.0,0.0,0.0,0.0,0.0,0.0,0.0,0.0,0.0
3,0,0.859375,0.140625,0.0,0.0,0.0,0.0,0.0,0.0,0.0,0.0,0.0,0.0
3,0,0.859375,0.140625,0.0,0.0,0.0,0.0,0.0,0.0,0.0,0.0,0.0,0.0
3,0,0.859375,0.140625,0.0,0.0,0.0,0.0,0.0,0.0,0.0,0.0,0.0,0.0
3,0,0.859375,0.140625,0.0,0.0,0.0,0.0,0.0,0.0,0.0,0.0,0.0,0.0
3,0,0.859375,0.140625,0.0,0.0,0.0,0.0,0.0,0.0,0.0,0.0,0.0,0.0
3,0,0.859375,0.140625,0.0,0.0,0.0,0.0,0.0,0.0,0.0,0.0,0.0,0.0
3,0,0.859375,0.140625,0.0,0.0,0.0,0.0,0.0,0.0,0.0,0.0,0.0,0.0
3,0,0.859375,0.140625,0.0,0.0,0.0,0.0,0.0,0.0,0.0,0.0,0.0,0.0
3,0,0.859375,0.140625,0.0,0.0,0.0,0.0,0.0,0.0,0.0,0.0,0.0,0.0
3,0,0.859375,0.140625,0.0,0.0,0.0,0.0,0.0,0.0,0.0,0.0,0.0,0.0
3,0,0.859375,0.140625,0.0,0.0,0.0,0.0,0.0,0.0,0.0,0.0,0.0,0.0
3,0,0.859375,0.140625,0.0,0.0,0.0,0.0,0.0,0.0,0.0,0.0,0.0,0.0
3,0,0.859375,0.140625,0.0,0.0,0.0,0.0,0.0,0.0,0.0,0.0,0.0,0.0
3,0,0.859375,0.140625,0.0,0.0,0.0,0.0,0.0,0.0,0.0,0.0,0.0,0.0
3,0,0.859375,0.140625,0.0,0.0,0.0,0.0,0.0,0.0,0.0,0.0,0.0,0.0
3,0,0.859375,0.140625,0.0,0.0,0.0,0.0,0.0,0.0,0.0,0.0,0.0,0.0
3,0,0.859375,0.140625,0.0,0.0,0.0,0.0,0.0,0.0,0.0,0.0,0.0,0.0
3,0,0.859375,0.140625,0.0,0.0,0.0,0.0,0.0,0.0,0.0,0.0,0.0,0.0
3,0,0.859375,0.140625,0.0,0.0,0.0,0.0,0.0,0.0,0.0,0.0,0.0,0.0
3,0,0.859375,0.140625,0.0,0.0,0.0,0.0,0.0,0.0,0.0,0.0,0.0,0.0
3,0,0.859375,0.140625,0.0,0.0,0.0,0.0,0.0,0.0,0.0,0.0,0.0,0.0
3,0,0.859375,0.140625,0.0,0.0,0.0,0.0,0.0,0.0,0.0,0.0,0.0,0.0
3,0,0.859375,0.140625,0.0,0.0,0.0,0.0,0.0,0.0,0.0,0.0,0.0,0.0
3,0,0.859375,0.140625,0.0,0.0,0.0,0.0,0.0,0.0,0.0,0.0,0.0,0.0
3,0,0.890625,0.109375,0.0,0.0,0.0,0.0,0.0,0.0,0.0,0.0,0.0,0.0
3,0,0.890625,0.109375,0.0,0.0,0.0,0.0,0.0,0.0,0.0,0.0,0.0,0.0
3,0,0.890625,0.109375,0.0,0.0,0.0,0.0,0.0,0.0,0.0,0.0,0.0,0.0
3,0,0.890625,0.109375,0.0,0.0,0.0,0.0,0.0,0.0,0.0,0.0,0.0,0.0
3,0,0.890625,0.109375,0.0,0.0,0.0,0.0,0.0,0.0,0.0,0.0,0.0,0.0
3,0,0.890625,0.109375,0.0,0.0,0.0,0.0,0.0,0.0,0.0,0.0,0.0,0.0
3,0,0.890625,0.109375,0.0,0.0,0.0,0.0,0.0,0.0,0.0,0.0,0.0,0.0
3,0,0.890625,0.09375,0.0,0.0,0.0,0.0,0.0,0.015625,0.0,0.0,0.0,0.0
3,0,0.890625,0.09375,0.0,0.0,0.0,0.0,0.0,0.015625,0.0,0.0,0.0,0.0
3,0,0.890625,0.09375,0.0,0.0,0.0,0.0,0.0,0.015625,0.0,0.0,0.0,0.0
3,0,0.890625,0.09375,0.0,0.0,0.0,0.0,0.0,0.015625,0.0,0.0,0.0,0.0
3,0,0.890625,0.09375,0.0,0.0,0.0,0.0,0.0,0.015625,0.0,0.0,0.0,0.0
3,0,0.890625,0.09375,0.0,0.0,0.0,0.0,0.0,0.015625,0.0,0.0,0.0,0.0
3,0,0.890625,0.09375,0.0,0.0,0.0,0.0,0.0,0.015625,0.0,0.0,0.0,0.0
3,0,0.890625,0.09375,0.0,0.0,0.0,0.0,0.0,0.015625,0.0,0.0,0.0,0.0
3,0,0.890625,0.09375,0.0,0.0,0.0,0.0,0.0,0.015625,0.0,0.0,0.0,0.0
3,0,0.890625,0.09375,0.0,0.0,0.0,0.0,0.0,0.015625,0.0,0.0,0.0,0.0
3,0,0.890625,0.09375,0.0,0.0,0.0,0.0,0.0,0.015625,0.0,0.0,0.0,0.0
3,0,0.890625,0.09375,0.0,0.0,0.0,0.0,0.0,0.015625,0.0,0.0,0.0,0.0
3,0,0.890625,0.09375,0.0,0.0,0.0,0.0,0.0,0.015625,0.0,0.0,0.0,0.0
3,0,0.890625,0.09375,0.0,0.0,0.0,0.0,0.0,0.015625,0.0,0.0,0.0,0.0
3,0,0.890625,0.09375,0.0,0.0,0.0,0.0,0.0,0.015625,0.0,0.0,0.0,0.0
3,0,0.890625,0.09375,0.0,0.0,0.0,0.0,0.0,0.015625,0.0,0.0,0.0,0.0
3,0,0.890625,0.09375,0.0,0.0,0.0,0.0,0.0,0.015625,0.0,0.0,0.0,0.0
3,0,0.875,0.109375,0.0,0.0,0.0,0.0,0.0,0.015625,0.0,0.0,0.0,0.0
3,0,0.875,0.109375,0.0,0.0,0.0,0.0,0.0,0.015625,0.0,0.0,0.0,0.0
3,0,0.875,0.109375,0.0,0.0,0.0,0.0,0.0,0.015625,0.0,0.0,0.0,0.0
3,0,0.875,0.109375,0.0,0.0,0.0,0.0,0.0,0.015625,0.0,0.0,0.0,0.0
3,0,0.875,0.109375,0.0,0.0,0.0,0.0,0.0,0.015625,0.0,0.0,0.0,0.0
3,0,0.875,0.109375,0.0,0.0,0.0,0.0,0.0,0.015625,0.0,0.0,0.0,0.0
3,0,0.875,0.109375,0.0,0.0,0.0,0.0,0.0,0.015625,0.0,0.0,0.0,0.0
3,0,0.875,0.109375,0.0,0.0,0.0,0.0,0.0,0.015625,0.0,0.0,0.0,0.0
3,0,0.875,0.109375,0.0,0.0,0.0,0.0,0.0,0.015625,0.0,0.0,0.0,0.0
3,0,0.875,0.109375,0.0,0.0,0.0,0.0,0.0,0.015625,0.0,0.0,0.0,0.0
3,0,0.875,0.109375,0.0,0.0,0.0,0.0,0.0,0.015625,0.0,0.0,0.0,0.0
3,0,0.875,0.109375,0.0,0.0,0.0,0.0,0.0,0.015625,0.0,0.0,0.0,0.0
3,0,0.875,0.109375,0.0,0.0,0.0,0.0,0.0,0.015625,0.0,0.0,0.0,0.0
3,0,0.875,0.109375,0.0,0.0,0.0,0.0,0.0,0.015625,0.0,0.0,0.0,0.0
3,0,0.875,0.109375,0.0,0.0,0.0,0.0,0.0,0.015625,0.0,0.0,0.0,0.0
3,0,0.875,0.109375,0.0,0.0,0.0,0.0,0.0,0.015625,0.0,0.0,0.0,0.0
3,0,0.875,0.109375,0.0,0.0,0.0,0.0,0.0,0.015625,0.0,0.0,0.0,0.0
3,0,0.875,0.109375,0.0,0.0,0.0,0.0,0.0,0.015625,0.0,0.0,0.0,0.0
3,0,0.875,0.109375,0.0,0.0,0.0,0.0,0.0,0.015625,0.0,0.0,0.0,0.0
3,0,0.875,0.109375,0.0,0.0,0.0,0.0,0.0,0.015625,0.0,0.0,0.0,0.0
3,0,0.859375,0.109375,0.0,0.0,0.0,0.0,0.0,0.03125,0.0,0.0,0.0,0.0
3,0,0.859375,0.109375,0.0,0.0,0.0,0.0,0.0,0.03125,0.0,0.0,0.0,0.0
3,0,0.859375,0.109375,0.0,0.0,0.0,0.0,0.0,0.03125,0.0,0.0,0.0,0.0
3,0,0.859375,0.109375,0.0,0.0,0.0,0.0,0.0,0.03125,0.0,0.0,0.0,0.0
3,0,0.859375,0.109375,0.0,0.0,0.0,0.0,0.0,0.03125,0.0,0.0,0.0,0.0
3,0,0.859375,0.109375,0.0,0.0,0.0,0.0,0.0,0.03125,0.0,0.0,0.0,0.0
3,0,0.859375,0.109375,0.0,0.0,0.0,0.0,0.0,0.03125,0.0,0.0,0.0,0.0
3,0,0.859375,0.109375,0.0,0.0,0.0,0.0,0.0,0.03125,0.0,0.0,0.0,0.0
3,0,0.875,0.09375,0.0,0.0,0.0,0.0,0.0,0.03125,0.0,0.0,0.0,0.0
3,0,0.875,0.09375,0.0,0.0,0.0,0.0,0.0,0.03125,0.0,0.0,0.0,0.0
3,0,0.859375,0.109375,0.0,0.0,0.0,0.0,0.0,0.03125,0.0,0.0,0.0,0.0
3,0,0.859375,0.109375,0.0,0.0,0.0,0.0,0.0,0.03125,0.0,0.0,0.0,0.0
3,0,0.859375,0.109375,0.0,0.0,0.0,0.0,0.0,0.03125,0.0,0.0,0.0,0.0
3,0,0.859375,0.109375,0.0,0.0,0.0,0.0,0.0,0.03125,0.0,0.0,0.0,0.0
3,0,0.859375,0.109375,0.0,0.0,0.0,0.0,0.0,0.03125,0.0,0.0,0.0,0.0
3,0,0.859375,0.109375,0.0,0.0,0.0,0.0,0.0,0.03125,0.0,0.0,0.0,0.0
3,0,0.859375,0.109375,0.0,0.0,0.0,0.0,0.0,0.03125,0.0,0.0,0.0,0.0
3,0,0.859375,0.109375,0.0,0.0,0.0,0.0,0.0,0.03125,0.0,0.0,0.0,0.0
3,0,0.859375,0.109375,0.0,0.0,0.0,0.0,0.0,0.03125,0.0,0.0,0.0,0.0
3,0,0.859375,0.109375,0.0,0.0,0.0,0.0,0.0,0.03125,0.0,0.0,0.0,0.0
3,0,0.84375,0.109375,0.0,0.0,0.0,0.0,0.0,0.046875,0.0,0.0,0.0,0.0
3,0,0.84375,0.109375,0.0,0.0,0.0,0.0,0.0,0.046875,0.0,0.0,0.0,0.0
3,0,0.84375,0.109375,0.0,0.0,0.0,0.0,0.0,0.046875,0.0,0.0,0.0,0.0
3,0,0.84375,0.109375,0.0,0.0,0.0,0.0,0.0,0.046875,0.0,0.0,0.0,0.0
3,0,0.84375,0.109375,0.0,0.0,0.0,0.0,0.0,0.046875,0.0,0.0,0.0,0.0
3,0,0.84375,0.109375,0.0,0.0,0.0,0.0,0.0,0.046875,0.0,0.0,0.0,0.0
3,0,0.84375,0.109375,0.0,0.0,0.0,0.0,0.0,0.046875,0.0,0.0,0.0,0.0
3,0,0.84375,0.109375,0.0,0.0,0.0,0.0,0.0,0.046875,0.0,0.0,0.0,0.0
3,0,0.828125,0.109375,0.015625,0.0,0.0,0.0,0.0,0.046875,0.0,0.0,0.0,0.0
3,0,0.828125,0.109375,0.015625,0.0,0.0,0.0,0.0,0.046875,0.0,0.0,0.0,0.0
3,0,0.828125,0.109375,0.015625,0.0,0.0,0.0,0.0,0.046875,0.0,0.0,0.0,0.0
3,0,0.828125,0.109375,0.015625,0.0,0.0,0.0,0.0,0.046875,0.0,0.0,0.0,0.0
3,0,0.828125,0.109375,0.015625,0.0,0.0,0.0,0.0,0.046875,0.0,0.0,0.0,0.0
3,0,0.828125,0.109375,0.015625,0.0,0.0,0.0,0.0,0.046875,0.0,0.0,0.0,0.0
3,0,0.828125,0.109375,0.015625,0.0,0.0,0.0,0.0,0.046875,0.0,0.0,0.0,0.0
3,0,0.828125,0.109375,0.015625,0.0,0.0,0.0,0.0,0.046875,0.0,0.0,0.0,0.0
3,0,0.828125,0.109375,0.015625,0.0,0.0,0.0,0.0,0.046875,0.0,0.0,0.0,0.0
3,0,0.828125,0.109375,0.015625,0.0,0.0,0.0,0.0,0.046875,0.0,0.0,0.0,0.0
3,0,0.828125,0.109375,0.015625,0.0,0.0,0.0,0.0,0.046875,0.0,0.0,0.0,0.0
3,0,0.828125,0.109375,0.015625,0.0,0.0,0.0,0.0,0.046875,0.0,0.0,0.0,0.0
3,0,0.828125,0.109375,0.015625,0.0,0.0,0.0,0.0,0.046875,0.0,0.0,0.0,0.0
3,0,0.828125,0.109375,0.015625,0.0,0.0,0.0,0.0,0.046875,0.0,0.0,0.0,0.0
3,0,0.828125,0.109375,0.015625,0.0,0.0,0.0,0.0,0.046875,0.0,0.0,0.0,0.0
3,0,0.828125,0.109375,0.015625,0.0,0.0,0.0,0.0,0.046875,0.0,0.0,0.0,0.0
3,0,0.828125,0.109375,0.015625,0.0,0.0,0.0,0.0,0.046875,0.0,0.0,0.0,0.0
3,0,0.828125,0.109375,0.015625,0.0,0.0,0.0,0.0,0.046875,0.0,0.0,0.0,0.0
3,0,0.828125,0.109375,0.015625,0.0,0.0,0.0,0.0,0.046875,0.0,0.0,0.0,0.0
3,0,0.828125,0.109375,0.015625,0.0,0.0,0.0,0.0,0.046875,0.0,0.0,0.0,0.0
3,0,0.828125,0.109375,0.015625,0.0,0.0,0.0,0.0,0.046875,0.0,0.0,0.0,0.0
3,0,0.828125,0.109375,0.015625,0.0,0.0,0.0,0.0,0.046875,0.0,0.0,0.0,0.0
3,0,0.8125,0.109375,0.015625,0.015625,0.0,0.0,0.0,0.046875,0.0,0.0,0.0,0.0
3,0,0.8125,0.109375,0.015625,0.015625,0.0,0.0,0.0,0.046875,0.0,0.0,0.0,0.0
3,0,0.796875,0.125,0.015625,0.015625,0.0,0.0,0.0,0.046875,0.0,0.0,0.0,0.0
3,0,0.796875,0.125,0.015625,0.015625,0.0,0.0,0.0,0.046875,0.0,0.0,0.0,0.0
3,0,0.796875,0.125,0.015625,0.015625,0.0,0.0,0.0,0.046875,0.0,0.0,0.0,0.0
3,0,0.796875,0.125,0.015625,0.015625,0.0,0.0,0.0,0.046875,0.0,0.0,0.0,0.0
3,0,0.796875,0.125,0.015625,0.015625,0.0,0.0,0.0,0.046875,0.0,0.0,0.0,0.0
3,0,0.796875,0.125,0.015625,0.015625,0.0,0.0,0.0,0.046875,0.0,0.0,0.0,0.0
3,0,0.796875,0.125,0.015625,0.015625,0.0,0.0,0.0,0.046875,0.0,0.0,0.0,0.0
3,0,0.796875,0.125,0.015625,0.015625,0.0,0.0,0.0,0.046875,0.0,0.0,0.0,0.0
3,0,0.796875,0.125,0.015625,0.015625,0.0,0.0,0.0,0.046875,0.0,0.0,0.0,0.0
3,0,0.796875,0.125,0.015625,0.015625,0.0,0.0,0.0,0.046875,0.0,0.0,0.0,0.0
3,0,0.796875,0.125,0.015625,0.015625,0.0,0.0,0.0,0.046875,0.0,0.0,0.0,0.0
3,0,0.796875,0.125,0.015625,0.015625,0.0,0.0,0.0,0.046875,0.0,0.0,0.0,0.0
3,0,0.796875,0.125,0.015625,0.015625,0.0,0.0,0.0,0.046875,0.0,0.0,0.0,0.0
3,0,0.796875,0.125,0.015625,0.015625,0.0,0.0,0.0,0.046875,0.0,0.0,0.0,0.0
3,0,0.796875,0.125,0.015625,0.015625,0.0,0.0,0.0,0.046875,0.0,0.0,0.0,0.0
3,0,0.796875,0.125,0.015625,0.015625,0.0,0.0,0.0,0.046875,0.0,0.0,0.0,0.0
3,0,0.78125,0.140625,0.015625,0.015625,0.0,0.0,0.0,0.046875,0.0,0.0,0.0,0.0
3,0,0.78125,0.140625,0.015625,0.015625,0.0,0.0,0.0,0.046875,0.0,0.0,0.0,0.0
3,0,0.78125,0.140625,0.015625,0.015625,0.0,0.0,0.0,0.046875,0.0,0.0,0.0,0.0
3,0,0.78125,0.140625,0.015625,0.015625,0.0,0.0,0.0,0.046875,0.0,0.0,0.0,0.0
3,0,0.78125,0.140625,0.015625,0.015625,0.0,0.0,0.0,0.046875,0.0,0.0,0.0,0.0
3,0,0.78125,0.140625,0.015625,0.015625,0.0,0.0,0.0,0.046875,0.0,0.0,0.0,0.0
3,0,0.78125,0.140625,0.015625,0.015625,0.0,0.0,0.0,0.046875,0.0,0.0,0.0,0.0
3,0,0.765625,0.15625,0.015625,0.015625,0.0,0.0,0.0,0.046875,0.0,0.0,0.0,0.0
3,0,0.765625,0.15625,0.015625,0.015625,0.0,0.0,0.0,0.046875,0.0,0.0,0.0,0.0
3,0,0.765625,0.15625,0.015625,0.015625,0.0,0.0,0.0,0.046875,0.0,0.0,0.0,0.0
3,0,0.765625,0.15625,0.015625,0.015625,0.0,0.0,0.0,0.046875,0.0,0.0,0.0,0.0
3,0,0.765625,0.15625,0.015625,0.015625,0.0,0.0,0.0,0.046875,0.0,0.0,0.0,0.0
3,0,0.75,0.15625,0.015625,0.015625,0.0,0.0,0.0,0.0625,0.0,0.0,0.0,0.0
3,0,0.75,0.15625,0.015625,0.015625,0.0,0.0,0.0,0.0625,0.0,0.0,0.0,0.0
3,0,0.75,0.15625,0.015625,0.015625,0.0,0.0,0.0,0.0625,0.0,0.0,0.0,0.0
3,0,0.75,0.15625,0.015625,0.015625,0.0,0.0,0.0,0.0625,0.0,0.0,0.0,0.0
3,0,0.75,0.15625,0.015625,0.015625,0.0,0.0,0.0,0.0625,0.0,0.0,0.0,0.0
3,0,0.75,0.15625,0.015625,0.015625,0.0,0.0,0.0,0.0625,0.0,0.0,0.0,0.0
3,0,0.75,0.15625,0.015625,0.015625,0.0,0.0,0.0,0.0625,0.0,0.0,0.0,0.0
3,0,0.75,0.15625,0.015625,0.015625,0.0,0.0,0.0,0.0625,0.0,0.0,0.0,0.0
3,0,0.75,0.15625,0.015625,0.015625,0.0,0.0,0.0,0.0625,0.0,0.0,0.0,0.0
3,0,0.75,0.15625,0.015625,0.015625,0.0,0.0,0.0,0.0625,0.0,0.0,0.0,0.0
3,0,0.75,0.15625,0.015625,0.015625,0.0,0.0,0.0,0.0625,0.0,0.0,0.0,0.0
3,0,0.75,0.15625,0.015625,0.015625,0.0,0.0,0.0,0.0625,0.0,0.0,0.0,0.0
3,0,0.75,0.15625,0.015625,0.015625,0.0,0.0,0.0,0.0625,0.0,0.0,0.0,0.0
3,0,0.75,0.15625,0.015625,0.015625,0.0,0.0,0.0,0.0625,0.0,0.0,0.0,0.0
3,0,0.75,0.15625,0.015625,0.015625,0.0,0.0,0.0,0.0625,0.0,0.0,0.0,0.0
3,0,0.75,0.15625,0.015625,0.015625,0.0,0.0,0.0,0.0625,0.0,0.0,0.0,0.0
3,0,0.75,0.15625,0.015625,0.015625,0.0,0.0,0.0,0.0625,0.0,0.0,0.0,0.0
3,0,0.75,0.15625,0.015625,0.015625,0.0,0.0,0.0,0.0625,0.0,0.0,0.0,0.0
3,0,0.75,0.15625,0.015625,0.015625,0.0,0.0,0.0,0.0625,0.0,0.0,0.0,0.0
3,0,0.75,0.15625,0.015625,0.015625,0.0,0.0,0.0,0.0625,0.0,0.0,0.0,0.0
3,0,0.703125,0.171875,0.015625,0.015625,0.015625,0.0,0.0,0.078125,0.0,0.0,0.0,0.0
3,0,0.703125,0.171875,0.015625,0.015625,0.015625,0.0,0.0,0.078125,0.0,0.0,0.0,0.0
3,0,0.703125,0.171875,0.015625,0.015625,0.015625,0.0,0.0,0.078125,0.0,0.0,0.0,0.0
3,0,0.703125,0.171875,0.015625,0.015625,0.015625,0.0,0.0,0.078125,0.0,0.0,0.0,0.0
3,0,0.703125,0.171875,0.015625,0.015625,0.015625,0.0,0.0,0.078125,0.0,0.0,0.0,0.0
3,0,0.703125,0.171875,0.015625,0.015625,0.015625,0.0,0.0,0.078125,0.0,0.0,0.0,0.0
3,0,0.703125,0.171875,0.015625,0.015625,0.015625,0.0,0.0,0.078125,0.0,0.0,0.0,0.0
3,0,0.703125,0.171875,0.015625,0.015625,0.015625,0.0,0.0,0.078125,0.0,0.0,0.0,0.0
3,0,0.703125,0.171875,0.015625,0.015625,0.015625,0.0,0.0,0.078125,0.0,0.0,0.0,0.0
3,0,0.703125,0.171875,0.015625,0.015625,0.015625,0.0,0.0,0.078125,0.0,0.0,0.0,0.0
3,0,0.703125,0.171875,0.015625,0.015625,0.015625,0.0,0.0,0.078125,0.0,0.0,0.0,0.0
3,0,0.703125,0.171875,0.015625,0.015625,0.015625,0.0,0.0,0.078125,0.0,0.0,0.0,0.0
3,0,0.703125,0.171875,0.015625,0.015625,0.015625,0.0,0.0,0.078125,0.0,0.0,0.0,0.0
3,0,0.703125,0.171875,0.015625,0.015625,0.015625,0.0,0.0,0.078125,0.0,0.0,0.0,0.0
3,0,0.703125,0.171875,0.015625,0.015625,0.015625,0.0,0.0,0.078125,0.0,0.0,0.0,0.0
3,0,0.703125,0.171875,0.015625,0.015625,0.015625,0.0,0.0,0.078125,0.0,0.0,0.0,0.0
3,0,0.6875,0.15625,0.015625,0.015625,0.03125,0.0,0.015625,0.078125,0.0,0.0,0.0,0.0
3,0,0.6875,0.15625,0.015625,0.015625,0.03125,0.0,0.015625,0.078125,0.0,0.0,0.0,0.0
3,0,0.6875,0.15625,0.015625,0.015625,0.03125,0.0,0.015625,0.078125,0.0,0.0,0.0,0.0
3,0,0.6875,0.15625,0.015625,0.015625,0.03125,0.0,0.015625,0.078125,0.0,0.0,0.0,0.0
3,0,0.6875,0.15625,0.015625,0.015625,0.03125,0.0,0.015625,0.078125,0.0,0.0,0.0,0.0
3,0,0.6875,0.15625,0.015625,0.015625,0.03125,0.0,0.015625,0.078125,0.0,0.0,0.0,0.0
3,0,0.6875,0.15625,0.015625,0.015625,0.03125,0.0,0.015625,0.078125,0.0,0.0,0.0,0.0
3,0,0.6875,0.15625,0.015625,0.015625,0.03125,0.0,0.015625,0.078125,0.0,0.0,0.0,0.0
3,0,0.65625,0.171875,0.015625,0.015625,0.03125,0.0,0.03125,0.078125,0.0,0.0,0.0,0.0
3,0,0.65625,0.171875,0.015625,0.015625,0.03125,0.0,0.03125,0.078125,0.0,0.0,0.0,0.0
3,0,0.640625,0.1875,0.015625,0.015625,0.03125,0.0,0.03125,0.078125,0.0,0.0,0.0,0.0
3,0,0.640625,0.1875,0.015625,0.015625,0.03125,0.0,0.03125,0.078125,0.0,0.0,0.0,0.0
3,0,0.640625,0.1875,0.015625,0.015625,0.03125,0.0,0.03125,0.078125,0.0,0.0,0.0,0.0
3,0,0.640625,0.1875,0.015625,0.015625,0.03125,0.0,0.03125,0.078125,0.0,0.0,0.0,0.0
3,0,0.640625,0.1875,0.015625,0.015625,0.03125,0.0,0.03125,0.078125,0.0,0.0,0.0,0.0
3,0,0.640625,0.1875,0.015625,0.015625,0.03125,0.0,0.03125,0.078125,0.0,0.0,0.0,0.0
3,0,0.625,0.1875,0.015625,0.015625,0.03125,0.0,0.03125,0.09375,0.0,0.0,0.0,0.0
3,0,0.625,0.1875,0.015625,0.015625,0.03125,0.0,0.03125,0.09375,0.0,0.0,0.0,0.0
3,0,0.625,0.1875,0.015625,0.015625,0.03125,0.0,0.03125,0.09375,0.0,0.0,0.0,0.0
3,0,0.625,0.1875,0.015625,0.015625,0.03125,0.0,0.03125,0.09375,0.0,0.0,0.0,0.0
3,0,0.625,0.1875,0.015625,0.015625,0.03125,0.0,0.03125,0.09375,0.0,0.0,0.0,0.0
3,0,0.625,0.1875,0.015625,0.015625,0.03125,0.0,0.03125,0.09375,0.0,0.0,0.0,0.0
3,0,0.625,0.1875,0.015625,0.015625,0.03125,0.0,0.03125,0.09375,0.0,0.0,0.0,0.0
3,0,0.625,0.1875,0.015625,0.015625,0.03125,0.0,0.03125,0.09375,0.0,0.0,0.0,0.0
3,0,0.625,0.1875,0.015625,0.015625,0.03125,0.0,0.03125,0.09375,0.0,0.0,0.0,0.0
3,0,0.625,0.1875,0.015625,0.015625,0.03125,0.0,0.03125,0.09375,0.0,0.0,0.0,0.0
3,0,0.625,0.1875,0.015625,0.015625,0.03125,0.0,0.03125,0.09375,0.0,0.0,0.0,0.0
3,0,0.625,0.1875,0.015625,0.015625,0.03125,0.0,0.03125,0.09375,0.0,0.0,0.0,0.0
3,0,0.625,0.1875,0.015625,0.015625,0.03125,0.0,0.03125,0.09375,0.0,0.0,0.0,0.0
3,0,0.625,0.1875,0.015625,0.015625,0.03125,0.0,0.03125,0.09375,0.0,0.0,0.0,0.0
3,0,0.625,0.1875,0.015625,0.015625,0.03125,0.0,0.03125,0.09375,0.0,0.0,0.0,0.0
3,0,0.625,0.1875,0.015625,0.015625,0.03125,0.0,0.03125,0.09375,0.0,0.0,0.0,0.0
3,0,0.625,0.171875,0.015625,0.015625,0.03125,0.0,0.03125,0.109375,0.0,0.0,0.0,0.0
3,0,0.625,0.171875,0.015625,0.015625,0.03125,0.0,0.03125,0.109375,0.0,0.0,0.0,0.0
3,0,0.625,0.171875,0.015625,0.015625,0.03125,0.0,0.03125,0.109375,0.0,0.0,0.0,0.0
3,0,0.625,0.171875,0.015625,0.015625,0.03125,0.0,0.03125,0.109375,0.0,0.0,0.0,0.0
3,0,0.640625,0.15625,0.015625,0.015625,0.03125,0.0,0.03125,0.109375,0.0,0.0,0.0,0.0
3,0,0.640625,0.15625,0.015625,0.015625,0.03125,0.0,0.03125,0.109375,0.0,0.0,0.0,0.0
3,0,0.640625,0.15625,0.015625,0.015625,0.03125,0.0,0.03125,0.109375,0.0,0.0,0.0,0.0
3,0,0.640625,0.15625,0.015625,0.015625,0.03125,0.0,0.03125,0.109375,0.0,0.0,0.0,0.0
3,0,0.640625,0.15625,0.015625,0.015625,0.03125,0.0,0.03125,0.109375,0.0,0.0,0.0,0.0
3,0,0.640625,0.15625,0.015625,0.015625,0.03125,0.0,0.03125,0.109375,0.0,0.0,0.0,0.0
3,0,0.640625,0.15625,0.015625,0.015625,0.03125,0.0,0.03125,0.109375,0.0,0.0,0.0,0.0
3,0,0.640625,0.15625,0.015625,0.015625,0.03125,0.0,0.03125,0.109375,0.0,0.0,0.0,0.0
3,0,0.640625,0.15625,0.015625,0.015625,0.03125,0.0,0.03125,0.109375,0.0,0.0,0.0,0.0
3,0,0.640625,0.15625,0.015625,0.015625,0.03125,0.0,0.03125,0.109375,0.0,0.0,0.0,0.0
3,0,0.640625,0.15625,0.015625,0.015625,0.03125,0.0,0.03125,0.109375,0.0,0.0,0.0,0.0
3,0,0.640625,0.15625,0.015625,0.015625,0.03125,0.0,0.03125,0.109375,0.0,0.0,0.0,0.0
3,0,0.640625,0.15625,0.015625,0.015625,0.03125,0.0,0.03125,0.109375,0.0,0.0,0.0,0.0
3,0,0.640625,0.15625,0.015625,0.015625,0.03125,0.0,0.03125,0.109375,0.0,0.0,0.0,0.0
3,0,0.640625,0.15625,0.015625,0.015625,0.03125,0.0,0.03125,0.109375,0.0,0.0,0.0,0.0
3,0,0.640625,0.15625,0.015625,0.015625,0.03125,0.0,0.03125,0.109375,0.0,0.0,0.0,0.0
3,0,0.640625,0.15625,0.015625,0.015625,0.03125,0.0,0.03125,0.109375,0.0,0.0,0.0,0.0
3,0,0.640625,0.15625,0.015625,0.015625,0.03125,0.0,0.03125,0.109375,0.0,0.0,0.0,0.0
3,0,0.640625,0.15625,0.015625,0.015625,0.03125,0.0,0.03125,0.109375,0.0,0.0,0.0,0.0
3,0,0.640625,0.15625,0.015625,0.015625,0.03125,0.0,0.03125,0.109375,0.0,0.0,0.0,0.0
3,0,0.625,0.15625,0.015625,0.015625,0.03125,0.0,0.03125,0.109375,0.0,0.0,0.015625,0.0
3,0,0.625,0.15625,0.015625,0.015625,0.03125,0.0,0.03125,0.109375,0.0,0.0,0.015625,0.0
3,0,0.625,0.15625,0.015625,0.015625,0.03125,0.0,0.03125,0.109375,0.0,0.0,0.015625,0.0
3,0,0.625,0.15625,0.015625,0.015625,0.03125,0.0,0.03125,0.109375,0.0,0.0,0.015625,0.0
3,0,0.625,0.15625,0.015625,0.015625,0.03125,0.0,0.03125,0.109375,0.0,0.0,0.015625,0.0
3,0,0.625,0.15625,0.015625,0.015625,0.03125,0.0,0.03125,0.109375,0.0,0.0,0.015625,0.0
3,0,0.625,0.15625,0.015625,0.015625,0.03125,0.0,0.03125,0.109375,0.0,0.0,0.015625,0.0
3,0,0.625,0.15625,0.015625,0.015625,0.03125,0.0,0.03125,0.109375,0.0,0.0,0.015625,0.0
3,0,0.625,0.15625,0.015625,0.015625,0.03125,0.0,0.03125,0.109375,0.0,0.0,0.015625,0.0
3,0,0.625,0.15625,0.015625,0.015625,0.03125,0.0,0.03125,0.109375,0.0,0.0,0.015625,0.0
3,0,0.625,0.15625,0.015625,0.015625,0.03125,0.0,0.03125,0.109375,0.0,0.0,0.015625,0.0
3,0,0.625,0.15625,0.015625,0.015625,0.03125,0.0,0.03125,0.109375,0.0,0.0,0.015625,0.0
3,0,0.625,0.15625,0.015625,0.015625,0.03125,0.0,0.03125,0.109375,0.0,0.0,0.015625,0.0
3,0,0.625,0.15625,0.015625,0.015625,0.03125,0.0,0.03125,0.109375,0.0,0.0,0.015625,0.0
3,0,0.625,0.15625,0.015625,0.015625,0.03125,0.0,0.03125,0.109375,0.0,0.0,0.015625,0.0
3,0,0.625,0.15625,0.015625,0.015625,0.03125,0.0,0.03125,0.109375,0.0,0.0,0.015625,0.0
3,0,0.625,0.15625,0.015625,0.015625,0.03125,0.0,0.03125,0.109375,0.0,0.0,0.015625,0.0
3,0,0.625,0.15625,0.015625,0.015625,0.03125,0.0,0.03125,0.109375,0.0,0.0,0.015625,0.0
3,0,0.625,0.15625,0.015625,0.015625,0.03125,0.0,0.03125,0.109375,0.0,0.0,0.015625,0.0
3,0,0.625,0.15625,0.015625,0.015625,0.03125,0.0,0.03125,0.109375,0.0,0.0,0.015625,0.0
3,0,0.640625,0.15625,0.015625,0.015625,0.03125,0.0,0.03125,0.09375,0.0,0.0,0.015625,0.0
3,0,0.640625,0.15625,0.015625,0.015625,0.03125,0.0,0.03125,0.09375,0.0,0.0,0.015625,0.0
3,0,0.640625,0.15625,0.015625,0.015625,0.03125,0.0,0.03125,0.09375,0.0,0.0,0.015625,0.0
3,0,0.640625,0.15625,0.015625,0.015625,0.03125,0.0,0.03125,0.09375,0.0,0.0,0.015625,0.0
3,0,0.625,0.171875,0.015625,0.015625,0.03125,0.0,0.03125,0.09375,0.0,0.0,0.015625,0.0
3,0,0.625,0.171875,0.015625,0.015625,0.03125,0.0,0.03125,0.09375,0.0,0.0,0.015625,0.0
3,0,0.625,0.171875,0.015625,0.015625,0.03125,0.0,0.03125,0.09375,0.0,0.0,0.015625,0.0
3,0,0.625,0.171875,0.015625,0.015625,0.03125,0.0,0.03125,0.09375,0.0,0.0,0.015625,0.0
3,0,0.625,0.171875,0.015625,0.015625,0.03125,0.0,0.03125,0.09375,0.0,0.0,0.015625,0.0
3,0,0.625,0.171875,0.015625,0.015625,0.03125,0.0,0.03125,0.09375,0.0,0.0,0.015625,0.0
3,0,0.625,0.171875,0.015625,0.015625,0.03125,0.0,0.03125,0.09375,0.0,0.0,0.015625,0.0
3,0,0.625,0.171875,0.015625,0.015625,0.03125,0.0,0.03125,0.09375,0.0,0.0,0.015625,0.0
3,0,0.625,0.171875,0.015625,0.015625,0.03125,0.0,0.03125,0.09375,0.0,0.0,0.015625,0.0
3,0,0.625,0.171875,0.015625,0.015625,0.03125,0.0,0.03125,0.09375,0.0,0.0,0.015625,0.0
3,0,0.625,0.171875,0.015625,0.015625,0.03125,0.0,0.03125,0.09375,0.0,0.0,0.015625,0.0
3,0,0.625,0.171875,0.015625,0.015625,0.03125,0.0,0.03125,0.09375,0.0,0.0,0.015625,0.0
3,0,0.609375,0.171875,0.03125,0.015625,0.03125,0.0,0.03125,0.09375,0.0,0.0,0.015625,0.0
3,0,0.609375,0.171875,0.03125,0.015625,0.03125,0.0,0.03125,0.09375,0.0,0.0,0.015625,0.0
3,0,0.609375,0.171875,0.03125,0.015625,0.03125,0.0,0.03125,0.09375,0.0,0.0,0.015625,0.0
3,0,0.609375,0.171875,0.03125,0.015625,0.03125,0.0,0.03125,0.09375,0.0,0.0,0.015625,0.0
3,0,0.625,0.171875,0.03125,0.015625,0.03125,0.0,0.03125,0.078125,0.0,0.0,0.015625,0.0
3,0,0.625,0.171875,0.03125,0.015625,0.03125,0.0,0.03125,0.078125,0.0,0.0,0.015625,0.0
3,0,0.625,0.15625,0.046875,0.015625,0.03125,0.0,0.03125,0.078125,0.0,0.0,0.015625,0.0
3,0,0.625,0.15625,0.046875,0.015625,0.03125,0.0,0.03125,0.078125,0.0,0.0,0.015625,0.0
3,0,0.625,0.15625,0.046875,0.015625,0.03125,0.0,0.03125,0.078125,0.0,0.0,0.015625,0.0
3,0,0.625,0.15625,0.046875,0.015625,0.03125,0.0,0.03125,0.078125,0.0,0.0,0.015625,0.0
3,0,0.625,0.15625,0.046875,0.015625,0.03125,0.0,0.03125,0.078125,0.0,0.0,0.015625,0.0
3,0,0.625,0.15625,0.046875,0.015625,0.03125,0.0,0.03125,0.078125,0.0,0.0,0.015625,0.0
3,0,0.640625,0.140625,0.046875,0.015625,0.03125,0.0,0.03125,0.078125,0.0,0.0,0.015625,0.0
3,0,0.640625,0.140625,0.046875,0.015625,0.03125,0.0,0.03125,0.078125,0.0,0.0,0.015625,0.0
3,0,0.65625,0.125,0.046875,0.015625,0.03125,0.0,0.03125,0.078125,0.0,0.0,0.015625,0.0
3,0,0.65625,0.125,0.046875,0.015625,0.03125,0.0,0.03125,0.078125,0.0,0.0,0.015625,0.0
3,0,0.65625,0.125,0.046875,0.015625,0.03125,0.0,0.03125,0.078125,0.0,0.0,0.015625,0.0
3,0,0.65625,0.125,0.046875,0.015625,0.03125,0.0,0.03125,0.078125,0.0,0.0,0.015625,0.0
3,0,0.65625,0.125,0.046875,0.015625,0.03125,0.0,0.03125,0.078125,0.0,0.0,0.015625,0.0
3,0,0.65625,0.125,0.046875,0.015625,0.03125,0.0,0.03125,0.078125,0.0,0.0,0.015625,0.0
3,0,0.65625,0.125,0.046875,0.015625,0.03125,0.0,0.03125,0.078125,0.0,0.0,0.015625,0.0
3,0,0.65625,0.125,0.046875,0.015625,0.03125,0.0,0.03125,0.078125,0.0,0.0,0.015625,0.0
3,0,0.65625,0.125,0.046875,0.015625,0.03125,0.0,0.03125,0.078125,0.0,0.0,0.015625,0.0
3,0,0.65625,0.125,0.046875,0.015625,0.03125,0.0,0.03125,0.078125,0.0,0.0,0.015625,0.0
3,0,0.671875,0.109375,0.046875,0.015625,0.03125,0.0,0.03125,0.078125,0.0,0.0,0.015625,0.0
3,0,0.671875,0.109375,0.046875,0.015625,0.03125,0.0,0.03125,0.078125,0.0,0.0,0.015625,0.0
3,0,0.671875,0.109375,0.046875,0.015625,0.03125,0.0,0.03125,0.078125,0.0,0.0,0.015625,0.0
3,0,0.671875,0.109375,0.046875,0.015625,0.03125,0.0,0.03125,0.078125,0.0,0.0,0.015625,0.0
3,0,0.671875,0.109375,0.046875,0.015625,0.03125,0.0,0.03125,0.078125,0.0,0.0,0.015625,0.0
3,0,0.6875,0.109375,0.046875,0.0,0.03125,0.0,0.03125,0.078125,0.0,0.0,0.015625,0.0
3,0,0.6875,0.109375,0.046875,0.0,0.03125,0.0,0.03125,0.078125,0.0,0.0,0.015625,0.0
3,0,0.6875,0.109375,0.046875,0.0,0.03125,0.0,0.03125,0.078125,0.0,0.0,0.015625,0.0
3,0,0.6875,0.109375,0.046875,0.0,0.03125,0.0,0.03125,0.078125,0.0,0.0,0.015625,0.0
3,0,0.6875,0.109375,0.046875,0.0,0.03125,0.0,0.03125,0.078125,0.0,0.0,0.015625,0.0
3,0,0.6875,0.109375,0.046875,0.0,0.03125,0.0,0.03125,0.078125,0.0,0.0,0.015625,0.0
3,0,0.6875,0.109375,0.046875,0.0,0.03125,0.0,0.03125,0.078125,0.0,0.0,0.015625,0.0
3,0,0.703125,0.09375,0.046875,0.0,0.046875,0.0,0.015625,0.078125,0.0,0.0,0.015625,0.0
3,0,0.703125,0.09375,0.046875,0.0,0.046875,0.0,0.015625,0.078125,0.0,0.0,0.015625,0.0
3,0,0.703125,0.09375,0.046875,0.0,0.046875,0.0,0.015625,0.078125,0.0,0.0,0.015625,0.0
3,0,0.703125,0.09375,0.046875,0.0,0.046875,0.0,0.015625,0.078125,0.0,0.0,0.015625,0.0
3,0,0.703125,0.09375,0.046875,0.0,0.046875,0.0,0.015625,0.078125,0.0,0.0,0.015625,0.0
3,0,0.703125,0.09375,0.046875,0.0,0.046875,0.0,0.015625,0.078125,0.0,0.0,0.015625,0.0
3,0,0.703125,0.09375,0.046875,0.0,0.046875,0.0,0.015625,0.078125,0.0,0.0,0.015625,0.0
3,0,0.703125,0.09375,0.046875,0.0,0.046875,0.0,0.015625,0.078125,0.0,0.0,0.015625,0.0
3,0,0.71875,0.09375,0.046875,0.0,0.03125,0.0,0.015625,0.078125,0.0,0.0,0.015625,0.0
3,0,0.71875,0.09375,0.046875,0.0,0.03125,0.0,0.015625,0.078125,0.0,0.0,0.015625,0.0
3,0,0.71875,0.09375,0.046875,0.0,0.03125,0.0,0.015625,0.078125,0.0,0.0,0.015625,0.0
3,0,0.71875,0.09375,0.046875,0.0,0.03125,0.0,0.015625,0.078125,0.0,0.0,0.015625,0.0
3,0,0.71875,0.09375,0.046875,0.0,0.03125,0.0,0.015625,0.078125,0.0,0.0,0.015625,0.0
3,0,0.71875,0.09375,0.046875,0.0,0.03125,0.0,0.015625,0.078125,0.0,0.0,0.015625,0.0
3,0,0.71875,0.09375,0.046875,0.0,0.03125,0.0,0.015625,0.078125,0.0,0.0,0.015625,0.0
3,0,0.71875,0.09375,0.046875,0.0,0.03125,0.0,0.015625,0.078125,0.0,0.0,0.015625,0.0
3,0,0.71875,0.09375,0.046875,0.0,0.03125,0.0,0.015625,0.078125,0.0,0.0,0.015625,0.0
3,0,0.71875,0.09375,0.046875,0.0,0.03125,0.0,0.015625,0.078125,0.0,0.0,0.015625,0.0
3,0,0.71875,0.09375,0.046875,0.0,0.03125,0.0,0.015625,0.078125,0.0,0.0,0.015625,0.0
3,0,0.71875,0.09375,0.046875,0.0,0.03125,0.0,0.015625,0.078125,0.0,0.0,0.015625,0.0
3,0,0.71875,0.09375,0.046875,0.0,0.03125,0.0,0.015625,0.078125,0.0,0.0,0.015625,0.0
3,0,0.71875,0.09375,0.046875,0.0,0.03125,0.0,0.015625,0.078125,0.0,0.0,0.015625,0.0
3,0,0.71875,0.09375,0.046875,0.0,0.03125,0.0,0.015625,0.078125,0.0,0.0,0.015625,0.0
3,0,0.734375,0.09375,0.046875,0.0,0.03125,0.0,0.015625,0.0625,0.0,0.0,0.015625,0.0
3,0,0.734375,0.09375,0.046875,0.0,0.03125,0.0,0.015625,0.0625,0.0,0.0,0.015625,0.0
3,0,0.734375,0.09375,0.046875,0.0,0.03125,0.0,0.015625,0.0625,0.0,0.0,0.015625,0.0
3,0,0.734375,0.09375,0.046875,0.0,0.03125,0.0,0.015625,0.0625,0.0,0.0,0.015625,0.0
3,0,0.734375,0.09375,0.046875,0.0,0.03125,0.0,0.015625,0.0625,0.0,0.0,0.015625,0.0
3,0,0.734375,0.09375,0.046875,0.0,0.03125,0.0,0.015625,0.0625,0.0,0.0,0.015625,0.0
3,0,0.734375,0.09375,0.046875,0.0,0.03125,0.0,0.015625,0.0625,0.0,0.0,0.015625,0.0
3,0,0.734375,0.09375,0.046875,0.0,0.03125,0.0,0.015625,0.0625,0.0,0.0,0.015625,0.0
3,0,0.734375,0.09375,0.046875,0.0,0.03125,0.0,0.015625,0.0625,0.0,0.0,0.015625,0.0
3,0,0.734375,0.09375,0.046875,0.0,0.046875,0.0,0.0,0.0625,0.0,0.0,0.015625,0.0
3,0,0.734375,0.09375,0.046875,0.0,0.046875,0.0,0.0,0.0625,0.0,0.0,0.015625,0.0
3,0,0.734375,0.09375,0.046875,0.0,0.046875,0.0,0.0,0.0625,0.0,0.0,0.015625,0.0
3,0,0.734375,0.09375,0.046875,0.0,0.046875,0.0,0.0,0.0625,0.0,0.0,0.015625,0.0
3,0,0.734375,0.09375,0.046875,0.0,0.046875,0.0,0.0,0.0625,0.0,0.0,0.015625,0.0
3,0,0.734375,0.09375,0.046875,0.0,0.046875,0.0,0.0,0.0625,0.0,0.0,0.015625,0.0
3,0,0.734375,0.09375,0.046875,0.0,0.046875,0.0,0.0,0.0625,0.0,0.0,0.015625,0.0
3,0,0.734375,0.09375,0.046875,0.0,0.046875,0.0,0.0,0.0625,0.0,0.0,0.015625,0.0
3,0,0.734375,0.09375,0.046875,0.0,0.046875,0.0,0.0,0.0625,0.0,0.0,0.015625,0.0
3,0,0.734375,0.09375,0.046875,0.0,0.046875,0.0,0.0,0.0625,0.0,0.0,0.015625,0.0
3,0,0.734375,0.09375,0.046875,0.0,0.046875,0.0,0.0,0.0625,0.0,0.0,0.015625,0.0
3,0,0.734375,0.09375,0.046875,0.0,0.046875,0.0,0.0,0.0625,0.0,0.0,0.015625,0.0
3,0,0.734375,0.09375,0.046875,0.0,0.046875,0.0,0.0,0.0625,0.0,0.0,0.015625,0.0
3,0,0.734375,0.09375,0.046875,0.0,0.046875,0.0,0.0,0.0625,0.0,0.0,0.015625,0.0
3,0,0.734375,0.09375,0.046875,0.0,0.046875,0.0,0.0,0.0625,0.0,0.0,0.015625,0.0
3,0,0.734375,0.09375,0.046875,0.0,0.046875,0.0,0.0,0.0625,0.0,0.0,0.015625,0.0
3,0,0.703125,0.109375,0.046875,0.0,0.046875,0.0,0.0,0.078125,0.0,0.0,0.015625,0.0
3,0,0.703125,0.109375,0.046875,0.0,0.046875,0.0,0.0,0.078125,0.0,0.0,0.015625,0.0
3,0,0.703125,0.109375,0.046875,0.0,0.046875,0.0,0.0,0.078125,0.0,0.0,0.015625,0.0
3,0,0.703125,0.109375,0.046875,0.0,0.046875,0.0,0.0,0.078125,0.0,0.0,0.015625,0.0
3,0,0.703125,0.109375,0.046875,0.0,0.046875,0.0,0.0,0.078125,0.0,0.0,0.015625,0.0
3,0,0.703125,0.109375,0.046875,0.0,0.046875,0.0,0.0,0.078125,0.0,0.0,0.015625,0.0
3,0,0.71875,0.109375,0.03125,0.0,0.046875,0.0,0.0,0.078125,0.0,0.0,0.015625,0.0
3,0,0.71875,0.109375,0.03125,0.0,0.046875,0.0,0.0,0.078125,0.0,0.0,0.015625,0.0
3,0,0.71875,0.109375,0.03125,0.0,0.046875,0.0,0.0,0.078125,0.0,0.0,0.015625,0.0
3,0,0.71875,0.109375,0.03125,0.0,0.046875,0.0,0.0,0.078125,0.0,0.0,0.015625,0.0
3,0,0.71875,0.109375,0.03125,0.0,0.046875,0.0,0.0,0.078125,0.0,0.0,0.015625,0.0
3,0,0.71875,0.109375,0.03125,0.0,0.046875,0.0,0.0,0.078125,0.0,0.0,0.015625,0.0
3,0,0.71875,0.109375,0.046875,0.0,0.03125,0.0,0.0,0.078125,0.0,0.0,0.015625,0.0
3,0,0.71875,0.109375,0.046875,0.0,0.03125,0.0,0.0,0.078125,0.0,0.0,0.015625,0.0
3,0,0.71875,0.109375,0.046875,0.0,0.03125,0.0,0.0,0.078125,0.0,0.0,0.015625,0.0
3,0,0.71875,0.109375,0.046875,0.0,0.03125,0.0,0.0,0.078125,0.0,0.0,0.015625,0.0
3,0,0.71875,0.125,0.046875,0.0,0.015625,0.0,0.0,0.078125,0.0,0.0,0.015625,0.0
3,0,0.71875,0.125,0.046875,0.0,0.015625,0.0,0.0,0.078125,0.0,0.0,0.015625,0.0
3,0,0.71875,0.125,0.046875,0.0,0.015625,0.0,0.0,0.078125,0.0,0.0,0.015625,0.0
3,0,0.71875,0.125,0.046875,0.0,0.015625,0.0,0.0,0.078125,0.0,0.0,0.015625,0.0
3,0,0.71875,0.125,0.046875,0.0,0.015625,0.0,0.0,0.078125,0.0,0.0,0.015625,0.0
3,0,0.71875,0.125,0.046875,0.0,0.015625,0.0,0.0,0.078125,0.0,0.0,0.015625,0.0
3,0,0.71875,0.125,0.046875,0.0,0.015625,0.0,0.0,0.078125,0.0,0.0,0.015625,0.0
3,0,0.71875,0.125,0.046875,0.0,0.015625,0.0,0.0,0.078125,0.0,0.0,0.015625,0.0
3,0,0.765625,0.109375,0.03125,0.0,0.015625,0.0,0.0,0.0625,0.0,0.0,0.015625,0.0
3,0,0.765625,0.109375,0.03125,0.0,0.015625,0.0,0.0,0.0625,0.0,0.0,0.015625,0.0
3,0,0.765625,0.109375,0.03125,0.0,0.015625,0.0,0.0,0.0625,0.0,0.0,0.015625,0.0
3,0,0.765625,0.109375,0.03125,0.0,0.015625,0.0,0.0,0.0625,0.0,0.0,0.015625,0.0
3,0,0.765625,0.109375,0.03125,0.0,0.015625,0.0,0.0,0.0625,0.0,0.0,0.015625,0.0
3,0,0.765625,0.109375,0.03125,0.0,0.015625,0.0,0.0,0.0625,0.0,0.0,0.015625,0.0
3,0,0.765625,0.109375,0.03125,0.0,0.015625,0.0,0.0,0.0625,0.0,0.0,0.015625,0.0
3,0,0.765625,0.109375,0.03125,0.0,0.015625,0.0,0.0,0.0625,0.0,0.0,0.015625,0.0
3,0,0.765625,0.109375,0.03125,0.0,0.015625,0.0,0.0,0.0625,0.0,0.0,0.015625,0.0
3,0,0.78125,0.109375,0.015625,0.0,0.015625,0.0,0.0,0.0625,0.0,0.0,0.015625,0.0
3,0,0.78125,0.109375,0.015625,0.0,0.015625,0.0,0.0,0.0625,0.0,0.0,0.015625,0.0
3,0,0.78125,0.109375,0.015625,0.0,0.015625,0.0,0.0,0.0625,0.0,0.0,0.015625,0.0
3,0,0.78125,0.109375,0.015625,0.0,0.015625,0.0,0.0,0.0625,0.0,0.0,0.015625,0.0
3,0,0.78125,0.109375,0.015625,0.0,0.015625,0.0,0.0,0.0625,0.0,0.0,0.015625,0.0
3,0,0.78125,0.109375,0.015625,0.0,0.015625,0.0,0.0,0.0625,0.0,0.0,0.015625,0.0
3,0,0.78125,0.109375,0.015625,0.0,0.015625,0.0,0.0,0.0625,0.0,0.0,0.015625,0.0
3,0,0.8125,0.09375,0.015625,0.0,0.015625,0.0,0.0,0.046875,0.0,0.0,0.015625,0.0
3,0,0.8125,0.09375,0.015625,0.0,0.015625,0.0,0.0,0.046875,0.0,0.0,0.015625,0.0
3,0,0.8125,0.09375,0.015625,0.0,0.015625,0.0,0.0,0.046875,0.0,0.0,0.015625,0.0
3,0,0.8125,0.09375,0.015625,0.0,0.015625,0.0,0.0,0.046875,0.0,0.0,0.015625,0.0
3,0,0.8125,0.09375,0.015625,0.0,0.015625,0.0,0.0,0.046875,0.0,0.0,0.015625,0.0
3,0,0.8125,0.09375,0.015625,0.0,0.015625,0.0,0.0,0.046875,0.0,0.0,0.015625,0.0
3,0,0.8125,0.09375,0.015625,0.0,0.015625,0.0,0.0,0.046875,0.0,0.0,0.015625,0.0
3,0,0.8125,0.09375,0.015625,0.0,0.015625,0.0,0.0,0.046875,0.0,0.0,0.015625,0.0
3,0,0.828125,0.109375,0.015625,0.0,0.0,0.0,0.0,0.03125,0.0,0.0,0.015625,0.0
3,0,0.828125,0.109375,0.015625,0.0,0.0,0.0,0.0,0.03125,0.0,0.0,0.015625,0.0
3,0,0.828125,0.109375,0.015625,0.0,0.0,0.0,0.0,0.03125,0.0,0.0,0.015625,0.0
3,0,0.84375,0.109375,0.015625,0.0,0.0,0.0,0.0,0.015625,0.0,0.0,0.015625,0.0
3,0,0.84375,0.109375,0.015625,0.0,0.0,0.0,0.0,0.015625,0.0,0.0,0.015625,0.0
3,0,0.84375,0.109375,0.015625,0.0,0.0,0.0,0.0,0.015625,0.0,0.0,0.015625,0.0
3,0,0.84375,0.125,0.0,0.0,0.0,0.0,0.0,0.015625,0.0,0.0,0.015625,0.0
3,0,0.84375,0.125,0.0,0.0,0.0,0.0,0.0,0.015625,0.0,0.0,0.015625,0.0
3,0,0.84375,0.125,0.0,0.0,0.0,0.0,0.0,0.015625,0.0,0.0,0.015625,0.0
3,0,0.84375,0.125,0.0,0.0,0.0,0.0,0.0,0.015625,0.0,0.0,0.015625,0.0
3,0,0.84375,0.125,0.0,0.0,0.0,0.0,0.0,0.015625,0.0,0.0,0.015625,0.0
3,0,0.84375,0.125,0.0,0.0,0.0,0.0,0.0,0.015625,0.0,0.0,0.015625,0.0
4,0,0.859375,0.125,0.0,0.0,0.0,0.0,0.0,0.015625,0.0,0.0,0.0,0.0
4,0,0.859375,0.125,0.0,0.0,0.0,0.0,0.0,0.015625,0.0,0.0,0.0,0.0
4,0,0.859375,0.125,0.0,0.0,0.0,0.0,0.0,0.015625,0.0,0.0,0.0,0.0
4,0,0.859375,0.125,0.0,0.0,0.0,0.0,0.0,0.015625,0.0,0.0,0.0,0.0
4,0,0.859375,0.125,0.0,0.0,0.0,0.0,0.0,0.015625,0.0,0.0,0.0,0.0
4,0,0.859375,0.125,0.0,0.0,0.0,0.0,0.0,0.015625,0.0,0.0,0.0,0.0
4,0,0.859375,0.125,0.0,0.0,0.0,0.0,0.0,0.015625,0.0,0.0,0.0,0.0
4,0,0.859375,0.125,0.0,0.0,0.0,0.0,0.0,0.015625,0.0,0.0,0.0,0.0
4,0,0.859375,0.125,0.0,0.0,0.0,0.0,0.0,0.015625,0.0,0.0,0.0,0.0
4,0,0.859375,0.125,0.0,0.0,0.0,0.0,0.0,0.015625,0.0,0.0,0.0,0.0
4,0,0.859375,0.125,0.0,0.0,0.0,0.0,0.0,0.015625,0.0,0.0,0.0,0.0
4,0,0.859375,0.125,0.0,0.0,0.0,0.0,0.0,0.015625,0.0,0.0,0.0,0.0
4,0,0.859375,0.125,0.0,0.0,0.0,0.0,0.0,0.015625,0.0,0.0,0.0,0.0
4,0,0.859375,0.125,0.0,0.0,0.0,0.0,0.0,0.015625,0.0,0.0,0.0,0.0
4,0,0.859375,0.125,0.0,0.0,0.0,0.0,0.0,0.015625,0.0,0.0,0.0,0.0
4,0,0.859375,0.125,0.0,0.0,0.0,0.0,0.0,0.015625,0.0,0.0,0.0,0.0
4,0,0.859375,0.125,0.0,0.0,0.0,0.0,0.0,0.015625,0.0,0.0,0.0,0.0
4,0,0.859375,0.125,0.0,0.0,0.0,0.0,0.0,0.015625,0.0,0.0,0.0,0.0
4,0,0.859375,0.125,0.0,0.0,0.0,0.0,0.0,0.015625,0.0,0.0,0.0,0.0
4,0,0.859375,0.125,0.0,0.0,0.0,0.0,0.0,0.015625,0.0,0.0,0.0,0.0
4,0,0.859375,0.125,0.0,0.0,0.0,0.0,0.0,0.015625,0.0,0.0,0.0,0.0
4,0,0.859375,0.125,0.0,0.0,0.0,0.0,0.0,0.015625,0.0,0.0,0.0,0.0
4,0,0.859375,0.125,0.0,0.0,0.0,0.0,0.0,0.015625,0.0,0.0,0.0,0.0
4,0,0.859375,0.125,0.0,0.0,0.0,0.0,0.0,0.015625,0.0,0.0,0.0,0.0
4,0,0.859375,0.125,0.0,0.0,0.0,0.0,0.0,0.015625,0.0,0.0,0.0,0.0
4,0,0.859375,0.125,0.0,0.0,0.0,0.0,0.0,0.015625,0.0,0.0,0.0,0.0
4,0,0.859375,0.125,0.0,0.0,0.0,0.0,0.0,0.015625,0.0,0.0,0.0,0.0
4,0,0.859375,0.125,0.0,0.0,0.0,0.0,0.0,0.015625,0.0,0.0,0.0,0.0
4,0,0.859375,0.125,0.0,0.0,0.0,0.0,0.0,0.015625,0.0,0.0,0.0,0.0
4,0,0.859375,0.125,0.0,0.0,0.0,0.0,0.0,0.015625,0.0,0.0,0.0,0.0
4,0,0.859375,0.125,0.0,0.0,0.0,0.0,0.0,0.015625,0.0,0.0,0.0,0.0
4,0,0.859375,0.125,0.0,0.0,0.0,0.0,0.0,0.015625,0.0,0.0,0.0,0.0
4,0,0.859375,0.125,0.0,0.0,0.0,0.0,0.0,0.015625,0.0,0.0,0.0,0.0
4,0,0.859375,0.125,0.0,0.0,0.0,0.0,0.0,0.015625,0.0,0.0,0.0,0.0
4,0,0.859375,0.125,0.0,0.0,0.0,0.0,0.0,0.015625,0.0,0.0,0.0,0.0
4,0,0.859375,0.125,0.0,0.0,0.0,0.0,0.0,0.015625,0.0,0.0,0.0,0.0
4,0,0.875,0.125,0.0,0.0,0.0,0.0,0.0,0.0,0.0,0.0,0.0,0.0
4,0,0.875,0.125,0.0,0.0,0.0,0.0,0.0,0.0,0.0,0.0,0.0,0.0
4,0,0.875,0.125,0.0,0.0,0.0,0.0,0.0,0.0,0.0,0.0,0.0,0.0
4,0,0.875,0.125,0.0,0.0,0.0,0.0,0.0,0.0,0.0,0.0,0.0,0.0
4,0,0.875,0.125,0.0,0.0,0.0,0.0,0.0,0.0,0.0,0.0,0.0,0.0
4,0,0.875,0.125,0.0,0.0,0.0,0.0,0.0,0.0,0.0,0.0,0.0,0.0
4,0,0.875,0.125,0.0,0.0,0.0,0.0,0.0,0.0,0.0,0.0,0.0,0.0
4,0,0.875,0.125,0.0,0.0,0.0,0.0,0.0,0.0,0.0,0.0,0.0,0.0
4,0,0.875,0.125,0.0,0.0,0.0,0.0,0.0,0.0,0.0,0.0,0.0,0.0
4,0,0.875,0.125,0.0,0.0,0.0,0.0,0.0,0.0,0.0,0.0,0.0,0.0
4,0,0.875,0.125,0.0,0.0,0.0,0.0,0.0,0.0,0.0,0.0,0.0,0.0
4,0,0.875,0.125,0.0,0.0,0.0,0.0,0.0,0.0,0.0,0.0,0.0,0.0
4,0,0.875,0.125,0.0,0.0,0.0,0.0,0.0,0.0,0.0,0.0,0.0,0.0
4,0,0.875,0.125,0.0,0.0,0.0,0.0,0.0,0.0,0.0,0.0,0.0,0.0
4,0,0.890625,0.109375,0.0,0.0,0.0,0.0,0.0,0.0,0.0,0.0,0.0,0.0
4,0,0.890625,0.109375,0.0,0.0,0.0,0.0,0.0,0.0,0.0,0.0,0.0,0.0
4,0,0.90625,0.09375,0.0,0.0,0.0,0.0,0.0,0.0,0.0,0.0,0.0,0.0
4,0,0.90625,0.09375,0.0,0.0,0.0,0.0,0.0,0.0,0.0,0.0,0.0,0.0
4,0,0.90625,0.09375,0.0,0.0,0.0,0.0,0.0,0.0,0.0,0.0,0.0,0.0
4,0,0.90625,0.09375,0.0,0.0,0.0,0.0,0.0,0.0,0.0,0.0,0.0,0.0
4,0,0.90625,0.09375,0.0,0.0,0.0,0.0,0.0,0.0,0.0,0.0,0.0,0.0
4,0,0.90625,0.09375,0.0,0.0,0.0,0.0,0.0,0.0,0.0,0.0,0.0,0.0
4,0,0.90625,0.09375,0.0,0.0,0.0,0.0,0.0,0.0,0.0,0.0,0.0,0.0
4,0,0.90625,0.09375,0.0,0.0,0.0,0.0,0.0,0.0,0.0,0.0,0.0,0.0
4,0,0.890625,0.109375,0.0,0.0,0.0,0.0,0.0,0.0,0.0,0.0,0.0,0.0
4,0,0.890625,0.109375,0.0,0.0,0.0,0.0,0.0,0.0,0.0,0.0,0.0,0.0
4,0,0.890625,0.109375,0.0,0.0,0.0,0.0,0.0,0.0,0.0,0.0,0.0,0.0
4,0,0.890625,0.109375,0.0,0.0,0.0,0.0,0.0,0.0,0.0,0.0,0.0,0.0
4,0,0.890625,0.109375,0.0,0.0,0.0,0.0,0.0,0.0,0.0,0.0,0.0,0.0
4,0,0.890625,0.109375,0.0,0.0,0.0,0.0,0.0,0.0,0.0,0.0,0.0,0.0
4,0,0.890625,0.109375,0.0,0.0,0.0,0.0,0.0,0.0,0.0,0.0,0.0,0.0
4,0,0.890625,0.109375,0.0,0.0,0.0,0.0,0.0,0.0,0.0,0.0,0.0,0.0
4,0,0.890625,0.109375,0.0,0.0,0.0,0.0,0.0,0.0,0.0,0.0,0.0,0.0
4,0,0.890625,0.109375,0.0,0.0,0.0,0.0,0.0,0.0,0.0,0.0,0.0,0.0
4,0,0.890625,0.109375,0.0,0.0,0.0,0.0,0.0,0.0,0.0,0.0,0.0,0.0
4,0,0.890625,0.109375,0.0,0.0,0.0,0.0,0.0,0.0,0.0,0.0,0.0,0.0
4,0,0.890625,0.109375,0.0,0.0,0.0,0.0,0.0,0.0,0.0,0.0,0.0,0.0
4,0,0.890625,0.109375,0.0,0.0,0.0,0.0,0.0,0.0,0.0,0.0,0.0,0.0
4,0,0.890625,0.109375,0.0,0.0,0.0,0.0,0.0,0.0,0.0,0.0,0.0,0.0
4,0,0.890625,0.109375,0.0,0.0,0.0,0.0,0.0,0.0,0.0,0.0,0.0,0.0
4,0,0.890625,0.109375,0.0,0.0,0.0,0.0,0.0,0.0,0.0,0.0,0.0,0.0
4,0,0.890625,0.109375,0.0,0.0,0.0,0.0,0.0,0.0,0.0,0.0,0.0,0.0
4,0,0.890625,0.109375,0.0,0.0,0.0,0.0,0.0,0.0,0.0,0.0,0.0,0.0
4,0,0.890625,0.109375,0.0,0.0,0.0,0.0,0.0,0.0,0.0,0.0,0.0,0.0
4,0,0.890625,0.109375,0.0,0.0,0.0,0.0,0.0,0.0,0.0,0.0,0.0,0.0
4,0,0.890625,0.109375,0.0,0.0,0.0,0.0,0.0,0.0,0.0,0.0,0.0,0.0
4,0,0.890625,0.109375,0.0,0.0,0.0,0.0,0.0,0.0,0.0,0.0,0.0,0.0
4,0,0.890625,0.109375,0.0,0.0,0.0,0.0,0.0,0.0,0.0,0.0,0.0,0.0
4,0,0.890625,0.109375,0.0,0.0,0.0,0.0,0.0,0.0,0.0,0.0,0.0,0.0
4,0,0.890625,0.109375,0.0,0.0,0.0,0.0,0.0,0.0,0.0,0.0,0.0,0.0
4,0,0.890625,0.109375,0.0,0.0,0.0,0.0,0.0,0.0,0.0,0.0,0.0,0.0
4,0,0.890625,0.109375,0.0,0.0,0.0,0.0,0.0,0.0,0.0,0.0,0.0,0.0
4,0,0.890625,0.109375,0.0,0.0,0.0,0.0,0.0,0.0,0.0,0.0,0.0,0.0
4,0,0.890625,0.109375,0.0,0.0,0.0,0.0,0.0,0.0,0.0,0.0,0.0,0.0
4,0,0.890625,0.109375,0.0,0.0,0.0,0.0,0.0,0.0,0.0,0.0,0.0,0.0
4,0,0.890625,0.109375,0.0,0.0,0.0,0.0,0.0,0.0,0.0,0.0,0.0,0.0
4,0,0.890625,0.109375,0.0,0.0,0.0,0.0,0.0,0.0,0.0,0.0,0.0,0.0
4,0,0.890625,0.109375,0.0,0.0,0.0,0.0,0.0,0.0,0.0,0.0,0.0,0.0
4,0,0.890625,0.109375,0.0,0.0,0.0,0.0,0.0,0.0,0.0,0.0,0.0,0.0
4,0,0.890625,0.109375,0.0,0.0,0.0,0.0,0.0,0.0,0.0,0.0,0.0,0.0
4,0,0.890625,0.109375,0.0,0.0,0.0,0.0,0.0,0.0,0.0,0.0,0.0,0.0
4,0,0.890625,0.109375,0.0,0.0,0.0,0.0,0.0,0.0,0.0,0.0,0.0,0.0
4,0,0.890625,0.109375,0.0,0.0,0.0,0.0,0.0,0.0,0.0,0.0,0.0,0.0
4,0,0.890625,0.109375,0.0,0.0,0.0,0.0,0.0,0.0,0.0,0.0,0.0,0.0
4,0,0.890625,0.109375,0.0,0.0,0.0,0.0,0.0,0.0,0.0,0.0,0.0,0.0
4,0,0.890625,0.109375,0.0,0.0,0.0,0.0,0.0,0.0,0.0,0.0,0.0,0.0
4,0,0.890625,0.109375,0.0,0.0,0.0,0.0,0.0,0.0,0.0,0.0,0.0,0.0
4,0,0.890625,0.109375,0.0,0.0,0.0,0.0,0.0,0.0,0.0,0.0,0.0,0.0
4,0,0.890625,0.109375,0.0,0.0,0.0,0.0,0.0,0.0,0.0,0.0,0.0,0.0
4,0,0.890625,0.109375,0.0,0.0,0.0,0.0,0.0,0.0,0.0,0.0,0.0,0.0
4,0,0.890625,0.109375,0.0,0.0,0.0,0.0,0.0,0.0,0.0,0.0,0.0,0.0
4,0,0.890625,0.109375,0.0,0.0,0.0,0.0,0.0,0.0,0.0,0.0,0.0,0.0
4,0,0.890625,0.109375,0.0,0.0,0.0,0.0,0.0,0.0,0.0,0.0,0.0,0.0
4,0,0.890625,0.109375,0.0,0.0,0.0,0.0,0.0,0.0,0.0,0.0,0.0,0.0
4,0,0.890625,0.109375,0.0,0.0,0.0,0.0,0.0,0.0,0.0,0.0,0.0,0.0
4,0,0.890625,0.109375,0.0,0.0,0.0,0.0,0.0,0.0,0.0,0.0,0.0,0.0
4,0,0.875,0.125,0.0,0.0,0.0,0.0,0.0,0.0,0.0,0.0,0.0,0.0
4,0,0.875,0.125,0.0,0.0,0.0,0.0,0.0,0.0,0.0,0.0,0.0,0.0
4,0,0.875,0.125,0.0,0.0,0.0,0.0,0.0,0.0,0.0,0.0,0.0,0.0
4,0,0.875,0.125,0.0,0.0,0.0,0.0,0.0,0.0,0.0,0.0,0.0,0.0
4,0,0.890625,0.109375,0.0,0.0,0.0,0.0,0.0,0.0,0.0,0.0,0.0,0.0
4,0,0.890625,0.109375,0.0,0.0,0.0,0.0,0.0,0.0,0.0,0.0,0.0,0.0
4,0,0.890625,0.109375,0.0,0.0,0.0,0.0,0.0,0.0,0.0,0.0,0.0,0.0
4,0,0.890625,0.109375,0.0,0.0,0.0,0.0,0.0,0.0,0.0,0.0,0.0,0.0
4,0,0.890625,0.109375,0.0,0.0,0.0,0.0,0.0,0.0,0.0,0.0,0.0,0.0
4,0,0.890625,0.109375,0.0,0.0,0.0,0.0,0.0,0.0,0.0,0.0,0.0,0.0
4,0,0.890625,0.109375,0.0,0.0,0.0,0.0,0.0,0.0,0.0,0.0,0.0,0.0
4,0,0.890625,0.109375,0.0,0.0,0.0,0.0,0.0,0.0,0.0,0.0,0.0,0.0
4,0,0.890625,0.109375,0.0,0.0,0.0,0.0,0.0,0.0,0.0,0.0,0.0,0.0
4,0,0.890625,0.109375,0.0,0.0,0.0,0.0,0.0,0.0,0.0,0.0,0.0,0.0
4,0,0.890625,0.109375,0.0,0.0,0.0,0.0,0.0,0.0,0.0,0.0,0.0,0.0
4,0,0.890625,0.109375,0.0,0.0,0.0,0.0,0.0,0.0,0.0,0.0,0.0,0.0
4,0,0.890625,0.109375,0.0,0.0,0.0,0.0,0.0,0.0,0.0,0.0,0.0,0.0
4,0,0.890625,0.109375,0.0,0.0,0.0,0.0,0.0,0.0,0.0,0.0,0.0,0.0
4,0,0.890625,0.109375,0.0,0.0,0.0,0.0,0.0,0.0,0.0,0.0,0.0,0.0
4,0,0.890625,0.109375,0.0,0.0,0.0,0.0,0.0,0.0,0.0,0.0,0.0,0.0
4,0,0.890625,0.109375,0.0,0.0,0.0,0.0,0.0,0.0,0.0,0.0,0.0,0.0
4,0,0.890625,0.109375,0.0,0.0,0.0,0.0,0.0,0.0,0.0,0.0,0.0,0.0
4,0,0.890625,0.109375,0.0,0.0,0.0,0.0,0.0,0.0,0.0,0.0,0.0,0.0
4,0,0.890625,0.109375,0.0,0.0,0.0,0.0,0.0,0.0,0.0,0.0,0.0,0.0
4,0,0.890625,0.109375,0.0,0.0,0.0,0.0,0.0,0.0,0.0,0.0,0.0,0.0
4,0,0.890625,0.109375,0.0,0.0,0.0,0.0,0.0,0.0,0.0,0.0,0.0,0.0
4,0,0.890625,0.109375,0.0,0.0,0.0,0.0,0.0,0.0,0.0,0.0,0.0,0.0
4,0,0.890625,0.109375,0.0,0.0,0.0,0.0,0.0,0.0,0.0,0.0,0.0,0.0
4,0,0.890625,0.109375,0.0,0.0,0.0,0.0,0.0,0.0,0.0,0.0,0.0,0.0
4,0,0.890625,0.109375,0.0,0.0,0.0,0.0,0.0,0.0,0.0,0.0,0.0,0.0
4,0,0.890625,0.109375,0.0,0.0,0.0,0.0,0.0,0.0,0.0,0.0,0.0,0.0
4,0,0.890625,0.109375,0.0,0.0,0.0,0.0,0.0,0.0,0.0,0.0,0.0,0.0
4,0,0.890625,0.109375,0.0,0.0,0.0,0.0,0.0,0.0,0.0,0.0,0.0,0.0
4,0,0.890625,0.109375,0.0,0.0,0.0,0.0,0.0,0.0,0.0,0.0,0.0,0.0
4,0,0.890625,0.109375,0.0,0.0,0.0,0.0,0.0,0.0,0.0,0.0,0.0,0.0
4,0,0.890625,0.109375,0.0,0.0,0.0,0.0,0.0,0.0,0.0,0.0,0.0,0.0
4,0,0.90625,0.09375,0.0,0.0,0.0,0.0,0.0,0.0,0.0,0.0,0.0,0.0
4,0,0.90625,0.09375,0.0,0.0,0.0,0.0,0.0,0.0,0.0,0.0,0.0,0.0
4,0,0.90625,0.09375,0.0,0.0,0.0,0.0,0.0,0.0,0.0,0.0,0.0,0.0
4,0,0.90625,0.09375,0.0,0.0,0.0,0.0,0.0,0.0,0.0,0.0,0.0,0.0
4,0,0.90625,0.09375,0.0,0.0,0.0,0.0,0.0,0.0,0.0,0.0,0.0,0.0
4,0,0.90625,0.09375,0.0,0.0,0.0,0.0,0.0,0.0,0.0,0.0,0.0,0.0
4,0,0.90625,0.09375,0.0,0.0,0.0,0.0,0.0,0.0,0.0,0.0,0.0,0.0
4,0,0.90625,0.09375,0.0,0.0,0.0,0.0,0.0,0.0,0.0,0.0,0.0,0.0
4,0,0.90625,0.09375,0.0,0.0,0.0,0.0,0.0,0.0,0.0,0.0,0.0,0.0
4,0,0.90625,0.09375,0.0,0.0,0.0,0.0,0.0,0.0,0.0,0.0,0.0,0.0
4,0,0.90625,0.09375,0.0,0.0,0.0,0.0,0.0,0.0,0.0,0.0,0.0,0.0
4,0,0.90625,0.09375,0.0,0.0,0.0,0.0,0.0,0.0,0.0,0.0,0.0,0.0
4,0,0.90625,0.09375,0.0,0.0,0.0,0.0,0.0,0.0,0.0,0.0,0.0,0.0
4,0,0.90625,0.09375,0.0,0.0,0.0,0.0,0.0,0.0,0.0,0.0,0.0,0.0
4,0,0.90625,0.09375,0.0,0.0,0.0,0.0,0.0,0.0,0.0,0.0,0.0,0.0
4,0,0.90625,0.09375,0.0,0.0,0.0,0.0,0.0,0.0,0.0,0.0,0.0,0.0
4,0,0.90625,0.09375,0.0,0.0,0.0,0.0,0.0,0.0,0.0,0.0,0.0,0.0
4,0,0.90625,0.09375,0.0,0.0,0.0,0.0,0.0,0.0,0.0,0.0,0.0,0.0
4,0,0.90625,0.09375,0.0,0.0,0.0,0.0,0.0,0.0,0.0,0.0,0.0,0.0
4,0,0.90625,0.09375,0.0,0.0,0.0,0.0,0.0,0.0,0.0,0.0,0.0,0.0
4,0,0.90625,0.09375,0.0,0.0,0.0,0.0,0.0,0.0,0.0,0.0,0.0,0.0
4,0,0.90625,0.09375,0.0,0.0,0.0,0.0,0.0,0.0,0.0,0.0,0.0,0.0
4,0,0.90625,0.09375,0.0,0.0,0.0,0.0,0.0,0.0,0.0,0.0,0.0,0.0
4,0,0.90625,0.09375,0.0,0.0,0.0,0.0,0.0,0.0,0.0,0.0,0.0,0.0
4,0,0.90625,0.09375,0.0,0.0,0.0,0.0,0.0,0.0,0.0,0.0,0.0,0.0
4,0,0.90625,0.09375,0.0,0.0,0.0,0.0,0.0,0.0,0.0,0.0,0.0,0.0
4,0,0.90625,0.09375,0.0,0.0,0.0,0.0,0.0,0.0,0.0,0.0,0.0,0.0
4,0,0.90625,0.09375,0.0,0.0,0.0,0.0,0.0,0.0,0.0,0.0,0.0,0.0
4,0,0.90625,0.09375,0.0,0.0,0.0,0.0,0.0,0.0,0.0,0.0,0.0,0.0
4,0,0.90625,0.09375,0.0,0.0,0.0,0.0,0.0,0.0,0.0,0.0,0.0,0.0
4,0,0.90625,0.09375,0.0,0.0,0.0,0.0,0.0,0.0,0.0,0.0,0.0,0.0
4,0,0.90625,0.09375,0.0,0.0,0.0,0.0,0.0,0.0,0.0,0.0,0.0,0.0
4,0,0.921875,0.078125,0.0,0.0,0.0,0.0,0.0,0.0,0.0,0.0,0.0,0.0
4,0,0.921875,0.078125,0.0,0.0,0.0,0.0,0.0,0.0,0.0,0.0,0.0,0.0
4,0,0.921875,0.078125,0.0,0.0,0.0,0.0,0.0,0.0,0.0,0.0,0.0,0.0
4,0,0.921875,0.078125,0.0,0.0,0.0,0.0,0.0,0.0,0.0,0.0,0.0,0.0
4,0,0.921875,0.078125,0.0,0.0,0.0,0.0,0.0,0.0,0.0,0.0,0.0,0.0
4,0,0.921875,0.078125,0.0,0.0,0.0,0.0,0.0,0.0,0.0,0.0,0.0,0.0
4,0,0.921875,0.078125,0.0,0.0,0.0,0.0,0.0,0.0,0.0,0.0,0.0,0.0
4,0,0.921875,0.078125,0.0,0.0,0.0,0.0,0.0,0.0,0.0,0.0,0.0,0.0
4,0,0.921875,0.078125,0.0,0.0,0.0,0.0,0.0,0.0,0.0,0.0,0.0,0.0
4,0,0.921875,0.078125,0.0,0.0,0.0,0.0,0.0,0.0,0.0,0.0,0.0,0.0
4,0,0.921875,0.078125,0.0,0.0,0.0,0.0,0.0,0.0,0.0,0.0,0.0,0.0
4,0,0.921875,0.078125,0.0,0.0,0.0,0.0,0.0,0.0,0.0,0.0,0.0,0.0
4,0,0.921875,0.078125,0.0,0.0,0.0,0.0,0.0,0.0,0.0,0.0,0.0,0.0
4,0,0.921875,0.078125,0.0,0.0,0.0,0.0,0.0,0.0,0.0,0.0,0.0,0.0
4,0,0.921875,0.078125,0.0,0.0,0.0,0.0,0.0,0.0,0.0,0.0,0.0,0.0
4,0,0.921875,0.078125,0.0,0.0,0.0,0.0,0.0,0.0,0.0,0.0,0.0,0.0
4,0,0.921875,0.078125,0.0,0.0,0.0,0.0,0.0,0.0,0.0,0.0,0.0,0.0
4,0,0.921875,0.078125,0.0,0.0,0.0,0.0,0.0,0.0,0.0,0.0,0.0,0.0
4,0,0.921875,0.078125,0.0,0.0,0.0,0.0,0.0,0.0,0.0,0.0,0.0,0.0
4,0,0.921875,0.078125,0.0,0.0,0.0,0.0,0.0,0.0,0.0,0.0,0.0,0.0
4,0,0.921875,0.078125,0.0,0.0,0.0,0.0,0.0,0.0,0.0,0.0,0.0,0.0
4,0,0.921875,0.078125,0.0,0.0,0.0,0.0,0.0,0.0,0.0,0.0,0.0,0.0
4,0,0.921875,0.078125,0.0,0.0,0.0,0.0,0.0,0.0,0.0,0.0,0.0,0.0
4,0,0.921875,0.078125,0.0,0.0,0.0,0.0,0.0,0.0,0.0,0.0,0.0,0.0
4,0,0.921875,0.078125,0.0,0.0,0.0,0.0,0.0,0.0,0.0,0.0,0.0,0.0
4,0,0.921875,0.078125,0.0,0.0,0.0,0.0,0.0,0.0,0.0,0.0,0.0,0.0
4,0,0.921875,0.078125,0.0,0.0,0.0,0.0,0.0,0.0,0.0,0.0,0.0,0.0
4,0,0.921875,0.078125,0.0,0.0,0.0,0.0,0.0,0.0,0.0,0.0,0.0,0.0
4,0,0.921875,0.078125,0.0,0.0,0.0,0.0,0.0,0.0,0.0,0.0,0.0,0.0
4,0,0.921875,0.078125,0.0,0.0,0.0,0.0,0.0,0.0,0.0,0.0,0.0,0.0
4,0,0.921875,0.078125,0.0,0.0,0.0,0.0,0.0,0.0,0.0,0.0,0.0,0.0
4,0,0.921875,0.078125,0.0,0.0,0.0,0.0,0.0,0.0,0.0,0.0,0.0,0.0
4,0,0.921875,0.078125,0.0,0.0,0.0,0.0,0.0,0.0,0.0,0.0,0.0,0.0
4,0,0.921875,0.078125,0.0,0.0,0.0,0.0,0.0,0.0,0.0,0.0,0.0,0.0
4,0,0.921875,0.078125,0.0,0.0,0.0,0.0,0.0,0.0,0.0,0.0,0.0,0.0
4,0,0.921875,0.078125,0.0,0.0,0.0,0.0,0.0,0.0,0.0,0.0,0.0,0.0
4,0,0.921875,0.078125,0.0,0.0,0.0,0.0,0.0,0.0,0.0,0.0,0.0,0.0
4,0,0.921875,0.078125,0.0,0.0,0.0,0.0,0.0,0.0,0.0,0.0,0.0,0.0
4,0,0.921875,0.078125,0.0,0.0,0.0,0.0,0.0,0.0,0.0,0.0,0.0,0.0
4,0,0.921875,0.078125,0.0,0.0,0.0,0.0,0.0,0.0,0.0,0.0,0.0,0.0
4,0,0.921875,0.078125,0.0,0.0,0.0,0.0,0.0,0.0,0.0,0.0,0.0,0.0
4,0,0.921875,0.078125,0.0,0.0,0.0,0.0,0.0,0.0,0.0,0.0,0.0,0.0
4,0,0.921875,0.078125,0.0,0.0,0.0,0.0,0.0,0.0,0.0,0.0,0.0,0.0
4,0,0.921875,0.078125,0.0,0.0,0.0,0.0,0.0,0.0,0.0,0.0,0.0,0.0
4,0,0.921875,0.078125,0.0,0.0,0.0,0.0,0.0,0.0,0.0,0.0,0.0,0.0
4,0,0.921875,0.078125,0.0,0.0,0.0,0.0,0.0,0.0,0.0,0.0,0.0,0.0
4,0,0.921875,0.078125,0.0,0.0,0.0,0.0,0.0,0.0,0.0,0.0,0.0,0.0
4,0,0.921875,0.078125,0.0,0.0,0.0,0.0,0.0,0.0,0.0,0.0,0.0,0.0
4,0,0.921875,0.078125,0.0,0.0,0.0,0.0,0.0,0.0,0.0,0.0,0.0,0.0
4,0,0.921875,0.078125,0.0,0.0,0.0,0.0,0.0,0.0,0.0,0.0,0.0,0.0
4,0,0.921875,0.078125,0.0,0.0,0.0,0.0,0.0,0.0,0.0,0.0,0.0,0.0
4,0,0.921875,0.078125,0.0,0.0,0.0,0.0,0.0,0.0,0.0,0.0,0.0,0.0
4,0,0.921875,0.078125,0.0,0.0,0.0,0.0,0.0,0.0,0.0,0.0,0.0,0.0
4,0,0.921875,0.078125,0.0,0.0,0.0,0.0,0.0,0.0,0.0,0.0,0.0,0.0
4,0,0.921875,0.078125,0.0,0.0,0.0,0.0,0.0,0.0,0.0,0.0,0.0,0.0
4,0,0.921875,0.078125,0.0,0.0,0.0,0.0,0.0,0.0,0.0,0.0,0.0,0.0
4,0,0.921875,0.078125,0.0,0.0,0.0,0.0,0.0,0.0,0.0,0.0,0.0,0.0
4,0,0.921875,0.078125,0.0,0.0,0.0,0.0,0.0,0.0,0.0,0.0,0.0,0.0
4,0,0.921875,0.078125,0.0,0.0,0.0,0.0,0.0,0.0,0.0,0.0,0.0,0.0
4,0,0.921875,0.078125,0.0,0.0,0.0,0.0,0.0,0.0,0.0,0.0,0.0,0.0
4,0,0.921875,0.078125,0.0,0.0,0.0,0.0,0.0,0.0,0.0,0.0,0.0,0.0
4,0,0.921875,0.078125,0.0,0.0,0.0,0.0,0.0,0.0,0.0,0.0,0.0,0.0
4,0,0.921875,0.078125,0.0,0.0,0.0,0.0,0.0,0.0,0.0,0.0,0.0,0.0
4,0,0.921875,0.078125,0.0,0.0,0.0,0.0,0.0,0.0,0.0,0.0,0.0,0.0
4,0,0.921875,0.078125,0.0,0.0,0.0,0.0,0.0,0.0,0.0,0.0,0.0,0.0
4,0,0.921875,0.078125,0.0,0.0,0.0,0.0,0.0,0.0,0.0,0.0,0.0,0.0
4,0,0.921875,0.078125,0.0,0.0,0.0,0.0,0.0,0.0,0.0,0.0,0.0,0.0
4,0,0.921875,0.078125,0.0,0.0,0.0,0.0,0.0,0.0,0.0,0.0,0.0,0.0
4,0,0.921875,0.078125,0.0,0.0,0.0,0.0,0.0,0.0,0.0,0.0,0.0,0.0
4,0,0.921875,0.078125,0.0,0.0,0.0,0.0,0.0,0.0,0.0,0.0,0.0,0.0
4,0,0.921875,0.078125,0.0,0.0,0.0,0.0,0.0,0.0,0.0,0.0,0.0,0.0
4,0,0.921875,0.078125,0.0,0.0,0.0,0.0,0.0,0.0,0.0,0.0,0.0,0.0
4,0,0.921875,0.078125,0.0,0.0,0.0,0.0,0.0,0.0,0.0,0.0,0.0,0.0
4,0,0.921875,0.078125,0.0,0.0,0.0,0.0,0.0,0.0,0.0,0.0,0.0,0.0
4,0,0.921875,0.078125,0.0,0.0,0.0,0.0,0.0,0.0,0.0,0.0,0.0,0.0
4,0,0.921875,0.078125,0.0,0.0,0.0,0.0,0.0,0.0,0.0,0.0,0.0,0.0
4,0,0.921875,0.078125,0.0,0.0,0.0,0.0,0.0,0.0,0.0,0.0,0.0,0.0
4,0,0.921875,0.078125,0.0,0.0,0.0,0.0,0.0,0.0,0.0,0.0,0.0,0.0
4,0,0.921875,0.078125,0.0,0.0,0.0,0.0,0.0,0.0,0.0,0.0,0.0,0.0
4,0,0.921875,0.078125,0.0,0.0,0.0,0.0,0.0,0.0,0.0,0.0,0.0,0.0
4,0,0.921875,0.078125,0.0,0.0,0.0,0.0,0.0,0.0,0.0,0.0,0.0,0.0
4,0,0.921875,0.078125,0.0,0.0,0.0,0.0,0.0,0.0,0.0,0.0,0.0,0.0
4,0,0.921875,0.078125,0.0,0.0,0.0,0.0,0.0,0.0,0.0,0.0,0.0,0.0
4,0,0.921875,0.078125,0.0,0.0,0.0,0.0,0.0,0.0,0.0,0.0,0.0,0.0
4,0,0.921875,0.078125,0.0,0.0,0.0,0.0,0.0,0.0,0.0,0.0,0.0,0.0
4,0,0.921875,0.078125,0.0,0.0,0.0,0.0,0.0,0.0,0.0,0.0,0.0,0.0
4,0,0.921875,0.078125,0.0,0.0,0.0,0.0,0.0,0.0,0.0,0.0,0.0,0.0
4,0,0.921875,0.078125,0.0,0.0,0.0,0.0,0.0,0.0,0.0,0.0,0.0,0.0
4,0,0.921875,0.078125,0.0,0.0,0.0,0.0,0.0,0.0,0.0,0.0,0.0,0.0
4,0,0.921875,0.078125,0.0,0.0,0.0,0.0,0.0,0.0,0.0,0.0,0.0,0.0
4,0,0.921875,0.078125,0.0,0.0,0.0,0.0,0.0,0.0,0.0,0.0,0.0,0.0
4,0,0.921875,0.078125,0.0,0.0,0.0,0.0,0.0,0.0,0.0,0.0,0.0,0.0
4,0,0.921875,0.078125,0.0,0.0,0.0,0.0,0.0,0.0,0.0,0.0,0.0,0.0
4,0,0.921875,0.078125,0.0,0.0,0.0,0.0,0.0,0.0,0.0,0.0,0.0,0.0
4,0,0.921875,0.078125,0.0,0.0,0.0,0.0,0.0,0.0,0.0,0.0,0.0,0.0
4,0,0.921875,0.078125,0.0,0.0,0.0,0.0,0.0,0.0,0.0,0.0,0.0,0.0
4,0,0.921875,0.078125,0.0,0.0,0.0,0.0,0.0,0.0,0.0,0.0,0.0,0.0
4,0,0.921875,0.078125,0.0,0.0,0.0,0.0,0.0,0.0,0.0,0.0,0.0,0.0
4,0,0.921875,0.078125,0.0,0.0,0.0,0.0,0.0,0.0,0.0,0.0,0.0,0.0
4,0,0.921875,0.078125,0.0,0.0,0.0,0.0,0.0,0.0,0.0,0.0,0.0,0.0
4,0,0.921875,0.078125,0.0,0.0,0.0,0.0,0.0,0.0,0.0,0.0,0.0,0.0
4,0,0.921875,0.078125,0.0,0.0,0.0,0.0,0.0,0.0,0.0,0.0,0.0,0.0
4,0,0.921875,0.078125,0.0,0.0,0.0,0.0,0.0,0.0,0.0,0.0,0.0,0.0
4,0,0.921875,0.078125,0.0,0.0,0.0,0.0,0.0,0.0,0.0,0.0,0.0,0.0
4,0,0.921875,0.078125,0.0,0.0,0.0,0.0,0.0,0.0,0.0,0.0,0.0,0.0
4,0,0.921875,0.078125,0.0,0.0,0.0,0.0,0.0,0.0,0.0,0.0,0.0,0.0
4,0,0.921875,0.078125,0.0,0.0,0.0,0.0,0.0,0.0,0.0,0.0,0.0,0.0
4,0,0.921875,0.078125,0.0,0.0,0.0,0.0,0.0,0.0,0.0,0.0,0.0,0.0
4,0,0.921875,0.078125,0.0,0.0,0.0,0.0,0.0,0.0,0.0,0.0,0.0,0.0
4,0,0.921875,0.078125,0.0,0.0,0.0,0.0,0.0,0.0,0.0,0.0,0.0,0.0
4,0,0.921875,0.078125,0.0,0.0,0.0,0.0,0.0,0.0,0.0,0.0,0.0,0.0
4,0,0.921875,0.078125,0.0,0.0,0.0,0.0,0.0,0.0,0.0,0.0,0.0,0.0
4,0,0.921875,0.078125,0.0,0.0,0.0,0.0,0.0,0.0,0.0,0.0,0.0,0.0
4,0,0.921875,0.078125,0.0,0.0,0.0,0.0,0.0,0.0,0.0,0.0,0.0,0.0
4,0,0.921875,0.078125,0.0,0.0,0.0,0.0,0.0,0.0,0.0,0.0,0.0,0.0
4,0,0.921875,0.078125,0.0,0.0,0.0,0.0,0.0,0.0,0.0,0.0,0.0,0.0
4,0,0.921875,0.078125,0.0,0.0,0.0,0.0,0.0,0.0,0.0,0.0,0.0,0.0
4,0,0.921875,0.078125,0.0,0.0,0.0,0.0,0.0,0.0,0.0,0.0,0.0,0.0
4,0,0.921875,0.078125,0.0,0.0,0.0,0.0,0.0,0.0,0.0,0.0,0.0,0.0
4,0,0.921875,0.078125,0.0,0.0,0.0,0.0,0.0,0.0,0.0,0.0,0.0,0.0
4,0,0.921875,0.078125,0.0,0.0,0.0,0.0,0.0,0.0,0.0,0.0,0.0,0.0
4,0,0.921875,0.078125,0.0,0.0,0.0,0.0,0.0,0.0,0.0,0.0,0.0,0.0
4,0,0.921875,0.078125,0.0,0.0,0.0,0.0,0.0,0.0,0.0,0.0,0.0,0.0
4,0,0.921875,0.078125,0.0,0.0,0.0,0.0,0.0,0.0,0.0,0.0,0.0,0.0
4,0,0.921875,0.078125,0.0,0.0,0.0,0.0,0.0,0.0,0.0,0.0,0.0,0.0
4,0,0.921875,0.078125,0.0,0.0,0.0,0.0,0.0,0.0,0.0,0.0,0.0,0.0
4,0,0.921875,0.078125,0.0,0.0,0.0,0.0,0.0,0.0,0.0,0.0,0.0,0.0
4,0,0.921875,0.078125,0.0,0.0,0.0,0.0,0.0,0.0,0.0,0.0,0.0,0.0
4,0,0.921875,0.078125,0.0,0.0,0.0,0.0,0.0,0.0,0.0,0.0,0.0,0.0
4,0,0.921875,0.078125,0.0,0.0,0.0,0.0,0.0,0.0,0.0,0.0,0.0,0.0
4,0,0.921875,0.078125,0.0,0.0,0.0,0.0,0.0,0.0,0.0,0.0,0.0,0.0
4,0,0.921875,0.078125,0.0,0.0,0.0,0.0,0.0,0.0,0.0,0.0,0.0,0.0
4,0,0.921875,0.078125,0.0,0.0,0.0,0.0,0.0,0.0,0.0,0.0,0.0,0.0
4,0,0.921875,0.078125,0.0,0.0,0.0,0.0,0.0,0.0,0.0,0.0,0.0,0.0
4,0,0.921875,0.078125,0.0,0.0,0.0,0.0,0.0,0.0,0.0,0.0,0.0,0.0
4,0,0.921875,0.078125,0.0,0.0,0.0,0.0,0.0,0.0,0.0,0.0,0.0,0.0
4,0,0.921875,0.078125,0.0,0.0,0.0,0.0,0.0,0.0,0.0,0.0,0.0,0.0
4,0,0.921875,0.078125,0.0,0.0,0.0,0.0,0.0,0.0,0.0,0.0,0.0,0.0
4,0,0.921875,0.078125,0.0,0.0,0.0,0.0,0.0,0.0,0.0,0.0,0.0,0.0
4,0,0.921875,0.078125,0.0,0.0,0.0,0.0,0.0,0.0,0.0,0.0,0.0,0.0
4,0,0.921875,0.078125,0.0,0.0,0.0,0.0,0.0,0.0,0.0,0.0,0.0,0.0
4,0,0.921875,0.078125,0.0,0.0,0.0,0.0,0.0,0.0,0.0,0.0,0.0,0.0
4,0,0.921875,0.078125,0.0,0.0,0.0,0.0,0.0,0.0,0.0,0.0,0.0,0.0
4,0,0.921875,0.078125,0.0,0.0,0.0,0.0,0.0,0.0,0.0,0.0,0.0,0.0
4,0,0.921875,0.078125,0.0,0.0,0.0,0.0,0.0,0.0,0.0,0.0,0.0,0.0
4,0,0.921875,0.078125,0.0,0.0,0.0,0.0,0.0,0.0,0.0,0.0,0.0,0.0
4,0,0.921875,0.078125,0.0,0.0,0.0,0.0,0.0,0.0,0.0,0.0,0.0,0.0
4,0,0.921875,0.078125,0.0,0.0,0.0,0.0,0.0,0.0,0.0,0.0,0.0,0.0
4,0,0.921875,0.078125,0.0,0.0,0.0,0.0,0.0,0.0,0.0,0.0,0.0,0.0
4,0,0.921875,0.078125,0.0,0.0,0.0,0.0,0.0,0.0,0.0,0.0,0.0,0.0
4,0,0.921875,0.078125,0.0,0.0,0.0,0.0,0.0,0.0,0.0,0.0,0.0,0.0
4,0,0.921875,0.078125,0.0,0.0,0.0,0.0,0.0,0.0,0.0,0.0,0.0,0.0
4,0,0.921875,0.078125,0.0,0.0,0.0,0.0,0.0,0.0,0.0,0.0,0.0,0.0
4,0,0.921875,0.078125,0.0,0.0,0.0,0.0,0.0,0.0,0.0,0.0,0.0,0.0
4,0,0.921875,0.078125,0.0,0.0,0.0,0.0,0.0,0.0,0.0,0.0,0.0,0.0
4,0,0.921875,0.078125,0.0,0.0,0.0,0.0,0.0,0.0,0.0,0.0,0.0,0.0
4,0,0.921875,0.078125,0.0,0.0,0.0,0.0,0.0,0.0,0.0,0.0,0.0,0.0
4,0,0.921875,0.078125,0.0,0.0,0.0,0.0,0.0,0.0,0.0,0.0,0.0,0.0
4,0,0.921875,0.078125,0.0,0.0,0.0,0.0,0.0,0.0,0.0,0.0,0.0,0.0
4,0,0.921875,0.078125,0.0,0.0,0.0,0.0,0.0,0.0,0.0,0.0,0.0,0.0
4,0,0.921875,0.078125,0.0,0.0,0.0,0.0,0.0,0.0,0.0,0.0,0.0,0.0
4,0,0.921875,0.078125,0.0,0.0,0.0,0.0,0.0,0.0,0.0,0.0,0.0,0.0
4,0,0.921875,0.078125,0.0,0.0,0.0,0.0,0.0,0.0,0.0,0.0,0.0,0.0
4,0,0.921875,0.078125,0.0,0.0,0.0,0.0,0.0,0.0,0.0,0.0,0.0,0.0
4,0,0.921875,0.078125,0.0,0.0,0.0,0.0,0.0,0.0,0.0,0.0,0.0,0.0
4,0,0.921875,0.078125,0.0,0.0,0.0,0.0,0.0,0.0,0.0,0.0,0.0,0.0
4,0,0.921875,0.078125,0.0,0.0,0.0,0.0,0.0,0.0,0.0,0.0,0.0,0.0
4,0,0.921875,0.078125,0.0,0.0,0.0,0.0,0.0,0.0,0.0,0.0,0.0,0.0
4,0,0.921875,0.078125,0.0,0.0,0.0,0.0,0.0,0.0,0.0,0.0,0.0,0.0
4,0,0.921875,0.078125,0.0,0.0,0.0,0.0,0.0,0.0,0.0,0.0,0.0,0.0
4,0,0.921875,0.078125,0.0,0.0,0.0,0.0,0.0,0.0,0.0,0.0,0.0,0.0
4,0,0.921875,0.078125,0.0,0.0,0.0,0.0,0.0,0.0,0.0,0.0,0.0,0.0
4,0,0.921875,0.078125,0.0,0.0,0.0,0.0,0.0,0.0,0.0,0.0,0.0,0.0
4,0,0.921875,0.078125,0.0,0.0,0.0,0.0,0.0,0.0,0.0,0.0,0.0,0.0
4,0,0.921875,0.078125,0.0,0.0,0.0,0.0,0.0,0.0,0.0,0.0,0.0,0.0
4,0,0.921875,0.078125,0.0,0.0,0.0,0.0,0.0,0.0,0.0,0.0,0.0,0.0
4,0,0.921875,0.078125,0.0,0.0,0.0,0.0,0.0,0.0,0.0,0.0,0.0,0.0
4,0,0.921875,0.078125,0.0,0.0,0.0,0.0,0.0,0.0,0.0,0.0,0.0,0.0
4,0,0.921875,0.078125,0.0,0.0,0.0,0.0,0.0,0.0,0.0,0.0,0.0,0.0
4,0,0.921875,0.078125,0.0,0.0,0.0,0.0,0.0,0.0,0.0,0.0,0.0,0.0
4,0,0.921875,0.078125,0.0,0.0,0.0,0.0,0.0,0.0,0.0,0.0,0.0,0.0
4,0,0.921875,0.078125,0.0,0.0,0.0,0.0,0.0,0.0,0.0,0.0,0.0,0.0
4,0,0.921875,0.078125,0.0,0.0,0.0,0.0,0.0,0.0,0.0,0.0,0.0,0.0
4,0,0.921875,0.078125,0.0,0.0,0.0,0.0,0.0,0.0,0.0,0.0,0.0,0.0
4,0,0.921875,0.078125,0.0,0.0,0.0,0.0,0.0,0.0,0.0,0.0,0.0,0.0
4,0,0.921875,0.078125,0.0,0.0,0.0,0.0,0.0,0.0,0.0,0.0,0.0,0.0
4,0,0.921875,0.078125,0.0,0.0,0.0,0.0,0.0,0.0,0.0,0.0,0.0,0.0
4,0,0.921875,0.078125,0.0,0.0,0.0,0.0,0.0,0.0,0.0,0.0,0.0,0.0
4,0,0.921875,0.078125,0.0,0.0,0.0,0.0,0.0,0.0,0.0,0.0,0.0,0.0
4,0,0.921875,0.078125,0.0,0.0,0.0,0.0,0.0,0.0,0.0,0.0,0.0,0.0
4,0,0.921875,0.078125,0.0,0.0,0.0,0.0,0.0,0.0,0.0,0.0,0.0,0.0
4,0,0.921875,0.078125,0.0,0.0,0.0,0.0,0.0,0.0,0.0,0.0,0.0,0.0
4,0,0.921875,0.078125,0.0,0.0,0.0,0.0,0.0,0.0,0.0,0.0,0.0,0.0
4,0,0.921875,0.078125,0.0,0.0,0.0,0.0,0.0,0.0,0.0,0.0,0.0,0.0
4,0,0.921875,0.078125,0.0,0.0,0.0,0.0,0.0,0.0,0.0,0.0,0.0,0.0
4,0,0.921875,0.078125,0.0,0.0,0.0,0.0,0.0,0.0,0.0,0.0,0.0,0.0
4,0,0.921875,0.078125,0.0,0.0,0.0,0.0,0.0,0.0,0.0,0.0,0.0,0.0
4,0,0.921875,0.078125,0.0,0.0,0.0,0.0,0.0,0.0,0.0,0.0,0.0,0.0
4,0,0.921875,0.078125,0.0,0.0,0.0,0.0,0.0,0.0,0.0,0.0,0.0,0.0
4,0,0.921875,0.078125,0.0,0.0,0.0,0.0,0.0,0.0,0.0,0.0,0.0,0.0
4,0,0.921875,0.078125,0.0,0.0,0.0,0.0,0.0,0.0,0.0,0.0,0.0,0.0
4,0,0.921875,0.078125,0.0,0.0,0.0,0.0,0.0,0.0,0.0,0.0,0.0,0.0
4,0,0.921875,0.078125,0.0,0.0,0.0,0.0,0.0,0.0,0.0,0.0,0.0,0.0
4,0,0.921875,0.078125,0.0,0.0,0.0,0.0,0.0,0.0,0.0,0.0,0.0,0.0
4,0,0.921875,0.078125,0.0,0.0,0.0,0.0,0.0,0.0,0.0,0.0,0.0,0.0
4,0,0.921875,0.078125,0.0,0.0,0.0,0.0,0.0,0.0,0.0,0.0,0.0,0.0
4,0,0.921875,0.078125,0.0,0.0,0.0,0.0,0.0,0.0,0.0,0.0,0.0,0.0
4,0,0.921875,0.078125,0.0,0.0,0.0,0.0,0.0,0.0,0.0,0.0,0.0,0.0
4,0,0.921875,0.078125,0.0,0.0,0.0,0.0,0.0,0.0,0.0,0.0,0.0,0.0
4,0,0.921875,0.078125,0.0,0.0,0.0,0.0,0.0,0.0,0.0,0.0,0.0,0.0
4,0,0.921875,0.078125,0.0,0.0,0.0,0.0,0.0,0.0,0.0,0.0,0.0,0.0
4,0,0.921875,0.078125,0.0,0.0,0.0,0.0,0.0,0.0,0.0,0.0,0.0,0.0
4,0,0.921875,0.078125,0.0,0.0,0.0,0.0,0.0,0.0,0.0,0.0,0.0,0.0
4,0,0.921875,0.078125,0.0,0.0,0.0,0.0,0.0,0.0,0.0,0.0,0.0,0.0
4,0,0.921875,0.078125,0.0,0.0,0.0,0.0,0.0,0.0,0.0,0.0,0.0,0.0
4,0,0.921875,0.078125,0.0,0.0,0.0,0.0,0.0,0.0,0.0,0.0,0.0,0.0
4,0,0.921875,0.078125,0.0,0.0,0.0,0.0,0.0,0.0,0.0,0.0,0.0,0.0
4,0,0.921875,0.078125,0.0,0.0,0.0,0.0,0.0,0.0,0.0,0.0,0.0,0.0
4,0,0.921875,0.078125,0.0,0.0,0.0,0.0,0.0,0.0,0.0,0.0,0.0,0.0
4,0,0.921875,0.078125,0.0,0.0,0.0,0.0,0.0,0.0,0.0,0.0,0.0,0.0
4,0,0.921875,0.078125,0.0,0.0,0.0,0.0,0.0,0.0,0.0,0.0,0.0,0.0
4,0,0.921875,0.078125,0.0,0.0,0.0,0.0,0.0,0.0,0.0,0.0,0.0,0.0
4,0,0.921875,0.078125,0.0,0.0,0.0,0.0,0.0,0.0,0.0,0.0,0.0,0.0
4,0,0.921875,0.078125,0.0,0.0,0.0,0.0,0.0,0.0,0.0,0.0,0.0,0.0
4,0,0.921875,0.078125,0.0,0.0,0.0,0.0,0.0,0.0,0.0,0.0,0.0,0.0
4,0,0.921875,0.078125,0.0,0.0,0.0,0.0,0.0,0.0,0.0,0.0,0.0,0.0
4,0,0.921875,0.078125,0.0,0.0,0.0,0.0,0.0,0.0,0.0,0.0,0.0,0.0
4,0,0.921875,0.078125,0.0,0.0,0.0,0.0,0.0,0.0,0.0,0.0,0.0,0.0
4,0,0.921875,0.078125,0.0,0.0,0.0,0.0,0.0,0.0,0.0,0.0,0.0,0.0
4,0,0.921875,0.078125,0.0,0.0,0.0,0.0,0.0,0.0,0.0,0.0,0.0,0.0
4,0,0.921875,0.078125,0.0,0.0,0.0,0.0,0.0,0.0,0.0,0.0,0.0,0.0
4,0,0.921875,0.078125,0.0,0.0,0.0,0.0,0.0,0.0,0.0,0.0,0.0,0.0
4,0,0.921875,0.078125,0.0,0.0,0.0,0.0,0.0,0.0,0.0,0.0,0.0,0.0
4,0,0.921875,0.078125,0.0,0.0,0.0,0.0,0.0,0.0,0.0,0.0,0.0,0.0
4,0,0.921875,0.078125,0.0,0.0,0.0,0.0,0.0,0.0,0.0,0.0,0.0,0.0
4,0,0.921875,0.078125,0.0,0.0,0.0,0.0,0.0,0.0,0.0,0.0,0.0,0.0
4,0,0.921875,0.078125,0.0,0.0,0.0,0.0,0.0,0.0,0.0,0.0,0.0,0.0
4,0,0.921875,0.078125,0.0,0.0,0.0,0.0,0.0,0.0,0.0,0.0,0.0,0.0
4,0,0.921875,0.078125,0.0,0.0,0.0,0.0,0.0,0.0,0.0,0.0,0.0,0.0
4,0,0.921875,0.078125,0.0,0.0,0.0,0.0,0.0,0.0,0.0,0.0,0.0,0.0
4,0,0.921875,0.078125,0.0,0.0,0.0,0.0,0.0,0.0,0.0,0.0,0.0,0.0
4,0,0.921875,0.078125,0.0,0.0,0.0,0.0,0.0,0.0,0.0,0.0,0.0,0.0
4,0,0.921875,0.078125,0.0,0.0,0.0,0.0,0.0,0.0,0.0,0.0,0.0,0.0
4,0,0.921875,0.078125,0.0,0.0,0.0,0.0,0.0,0.0,0.0,0.0,0.0,0.0
4,0,0.921875,0.078125,0.0,0.0,0.0,0.0,0.0,0.0,0.0,0.0,0.0,0.0
4,0,0.921875,0.078125,0.0,0.0,0.0,0.0,0.0,0.0,0.0,0.0,0.0,0.0
4,0,0.921875,0.078125,0.0,0.0,0.0,0.0,0.0,0.0,0.0,0.0,0.0,0.0
4,0,0.921875,0.078125,0.0,0.0,0.0,0.0,0.0,0.0,0.0,0.0,0.0,0.0
4,0,0.921875,0.078125,0.0,0.0,0.0,0.0,0.0,0.0,0.0,0.0,0.0,0.0
4,0,0.921875,0.078125,0.0,0.0,0.0,0.0,0.0,0.0,0.0,0.0,0.0,0.0
4,0,0.921875,0.078125,0.0,0.0,0.0,0.0,0.0,0.0,0.0,0.0,0.0,0.0
4,0,0.921875,0.078125,0.0,0.0,0.0,0.0,0.0,0.0,0.0,0.0,0.0,0.0
4,0,0.921875,0.078125,0.0,0.0,0.0,0.0,0.0,0.0,0.0,0.0,0.0,0.0
4,0,0.921875,0.078125,0.0,0.0,0.0,0.0,0.0,0.0,0.0,0.0,0.0,0.0
4,0,0.921875,0.078125,0.0,0.0,0.0,0.0,0.0,0.0,0.0,0.0,0.0,0.0
4,0,0.921875,0.078125,0.0,0.0,0.0,0.0,0.0,0.0,0.0,0.0,0.0,0.0
4,0,0.921875,0.078125,0.0,0.0,0.0,0.0,0.0,0.0,0.0,0.0,0.0,0.0
4,0,0.921875,0.078125,0.0,0.0,0.0,0.0,0.0,0.0,0.0,0.0,0.0,0.0
4,0,0.921875,0.078125,0.0,0.0,0.0,0.0,0.0,0.0,0.0,0.0,0.0,0.0
4,0,0.921875,0.078125,0.0,0.0,0.0,0.0,0.0,0.0,0.0,0.0,0.0,0.0
4,0,0.921875,0.078125,0.0,0.0,0.0,0.0,0.0,0.0,0.0,0.0,0.0,0.0
4,0,0.921875,0.078125,0.0,0.0,0.0,0.0,0.0,0.0,0.0,0.0,0.0,0.0
4,0,0.921875,0.078125,0.0,0.0,0.0,0.0,0.0,0.0,0.0,0.0,0.0,0.0
4,0,0.921875,0.078125,0.0,0.0,0.0,0.0,0.0,0.0,0.0,0.0,0.0,0.0
4,0,0.921875,0.078125,0.0,0.0,0.0,0.0,0.0,0.0,0.0,0.0,0.0,0.0
4,0,0.921875,0.078125,0.0,0.0,0.0,0.0,0.0,0.0,0.0,0.0,0.0,0.0
4,0,0.921875,0.078125,0.0,0.0,0.0,0.0,0.0,0.0,0.0,0.0,0.0,0.0
4,0,0.921875,0.078125,0.0,0.0,0.0,0.0,0.0,0.0,0.0,0.0,0.0,0.0
4,0,0.921875,0.078125,0.0,0.0,0.0,0.0,0.0,0.0,0.0,0.0,0.0,0.0
4,0,0.921875,0.078125,0.0,0.0,0.0,0.0,0.0,0.0,0.0,0.0,0.0,0.0
4,0,0.921875,0.078125,0.0,0.0,0.0,0.0,0.0,0.0,0.0,0.0,0.0,0.0
4,0,0.921875,0.078125,0.0,0.0,0.0,0.0,0.0,0.0,0.0,0.0,0.0,0.0
4,0,0.9206349,0.07936508,0.0,0.0,0.0,0.0,0.0,0.0,0.0,0.0,0.0,0.0
4,0,0.9206349,0.07936508,0.0,0.0,0.0,0.0,0.0,0.0,0.0,0.0,0.0,0.0
4,0,0.9206349,0.07936508,0.0,0.0,0.0,0.0,0.0,0.0,0.0,0.0,0.0,0.0
4,0,0.9206349,0.07936508,0.0,0.0,0.0,0.0,0.0,0.0,0.0,0.0,0.0,0.0
4,0,0.9047619,0.0952381,0.0,0.0,0.0,0.0,0.0,0.0,0.0,0.0,0.0,0.0
4,0,0.9047619,0.0952381,0.0,0.0,0.0,0.0,0.0,0.0,0.0,0.0,0.0,0.0
4,0,0.9047619,0.0952381,0.0,0.0,0.0,0.0,0.0,0.0,0.0,0.0,0.0,0.0
4,0,0.9047619,0.0952381,0.0,0.0,0.0,0.0,0.0,0.0,0.0,0.0,0.0,0.0
4,0,0.9047619,0.0952381,0.0,0.0,0.0,0.0,0.0,0.0,0.0,0.0,0.0,0.0
4,0,0.9047619,0.0952381,0.0,0.0,0.0,0.0,0.0,0.0,0.0,0.0,0.0,0.0
4,0,0.9047619,0.0952381,0.0,0.0,0.0,0.0,0.0,0.0,0.0,0.0,0.0,0.0
4,0,0.9047619,0.0952381,0.0,0.0,0.0,0.0,0.0,0.0,0.0,0.0,0.0,0.0
4,0,0.9047619,0.0952381,0.0,0.0,0.0,0.0,0.0,0.0,0.0,0.0,0.0,0.0
4,0,0.9047619,0.0952381,0.0,0.0,0.0,0.0,0.0,0.0,0.0,0.0,0.0,0.0
4,0,0.9047619,0.0952381,0.0,0.0,0.0,0.0,0.0,0.0,0.0,0.0,0.0,0.0
4,0,0.9047619,0.0952381,0.0,0.0,0.0,0.0,0.0,0.0,0.0,0.0,0.0,0.0
4,0,0.9047619,0.0952381,0.0,0.0,0.0,0.0,0.0,0.0,0.0,0.0,0.0,0.0
4,0,0.9047619,0.0952381,0.0,0.0,0.0,0.0,0.0,0.0,0.0,0.0,0.0,0.0
4,0,0.9047619,0.0952381,0.0,0.0,0.0,0.0,0.0,0.0,0.0,0.0,0.0,0.0
4,0,0.9047619,0.0952381,0.0,0.0,0.0,0.0,0.0,0.0,0.0,0.0,0.0,0.0
4,0,0.9047619,0.0952381,0.0,0.0,0.0,0.0,0.0,0.0,0.0,0.0,0.0,0.0
4,0,0.9047619,0.0952381,0.0,0.0,0.0,0.0,0.0,0.0,0.0,0.0,0.0,0.0
4,0,0.9047619,0.0952381,0.0,0.0,0.0,0.0,0.0,0.0,0.0,0.0,0.0,0.0
4,0,0.9047619,0.0952381,0.0,0.0,0.0,0.0,0.0,0.0,0.0,0.0,0.0,0.0
4,0,0.9047619,0.0952381,0.0,0.0,0.0,0.0,0.0,0.0,0.0,0.0,0.0,0.0
4,0,0.9047619,0.0952381,0.0,0.0,0.0,0.0,0.0,0.0,0.0,0.0,0.0,0.0
4,0,0.9047619,0.0952381,0.0,0.0,0.0,0.0,0.0,0.0,0.0,0.0,0.0,0.0
4,0,0.9047619,0.0952381,0.0,0.0,0.0,0.0,0.0,0.0,0.0,0.0,0.0,0.0
4,0,0.9047619,0.0952381,0.0,0.0,0.0,0.0,0.0,0.0,0.0,0.0,0.0,0.0
4,0,0.9047619,0.0952381,0.0,0.0,0.0,0.0,0.0,0.0,0.0,0.0,0.0,0.0
4,0,0.9047619,0.0952381,0.0,0.0,0.0,0.0,0.0,0.0,0.0,0.0,0.0,0.0
4,0,0.9047619,0.0952381,0.0,0.0,0.0,0.0,0.0,0.0,0.0,0.0,0.0,0.0
4,0,0.9047619,0.0952381,0.0,0.0,0.0,0.0,0.0,0.0,0.0,0.0,0.0,0.0
4,0,0.9047619,0.0952381,0.0,0.0,0.0,0.0,0.0,0.0,0.0,0.0,0.0,0.0
4,0,0.9047619,0.0952381,0.0,0.0,0.0,0.0,0.0,0.0,0.0,0.0,0.0,0.0
4,0,0.9047619,0.0952381,0.0,0.0,0.0,0.0,0.0,0.0,0.0,0.0,0.0,0.0
4,0,0.9047619,0.0952381,0.0,0.0,0.0,0.0,0.0,0.0,0.0,0.0,0.0,0.0
4,0,0.9047619,0.0952381,0.0,0.0,0.0,0.0,0.0,0.0,0.0,0.0,0.0,0.0
4,0,0.9047619,0.0952381,0.0,0.0,0.0,0.0,0.0,0.0,0.0,0.0,0.0,0.0
4,0,0.9047619,0.0952381,0.0,0.0,0.0,0.0,0.0,0.0,0.0,0.0,0.0,0.0
4,0,0.9047619,0.0952381,0.0,0.0,0.0,0.0,0.0,0.0,0.0,0.0,0.0,0.0
4,0,0.9047619,0.0952381,0.0,0.0,0.0,0.0,0.0,0.0,0.0,0.0,0.0,0.0
4,0,0.9047619,0.0952381,0.0,0.0,0.0,0.0,0.0,0.0,0.0,0.0,0.0,0.0
4,0,0.9047619,0.0952381,0.0,0.0,0.0,0.0,0.0,0.0,0.0,0.0,0.0,0.0
4,0,0.9047619,0.0952381,0.0,0.0,0.0,0.0,0.0,0.0,0.0,0.0,0.0,0.0
4,0,0.9047619,0.0952381,0.0,0.0,0.0,0.0,0.0,0.0,0.0,0.0,0.0,0.0
4,0,0.9047619,0.0952381,0.0,0.0,0.0,0.0,0.0,0.0,0.0,0.0,0.0,0.0
4,0,0.9047619,0.0952381,0.0,0.0,0.0,0.0,0.0,0.0,0.0,0.0,0.0,0.0
4,0,0.9047619,0.0952381,0.0,0.0,0.0,0.0,0.0,0.0,0.0,0.0,0.0,0.0
4,0,0.9047619,0.0952381,0.0,0.0,0.0,0.0,0.0,0.0,0.0,0.0,0.0,0.0
4,0,0.9047619,0.0952381,0.0,0.0,0.0,0.0,0.0,0.0,0.0,0.0,0.0,0.0
4,0,0.9047619,0.0952381,0.0,0.0,0.0,0.0,0.0,0.0,0.0,0.0,0.0,0.0
4,0,0.9047619,0.0952381,0.0,0.0,0.0,0.0,0.0,0.0,0.0,0.0,0.0,0.0
4,0,0.9047619,0.0952381,0.0,0.0,0.0,0.0,0.0,0.0,0.0,0.0,0.0,0.0
4,0,0.9047619,0.0952381,0.0,0.0,0.0,0.0,0.0,0.0,0.0,0.0,0.0,0.0
4,0,0.9047619,0.0952381,0.0,0.0,0.0,0.0,0.0,0.0,0.0,0.0,0.0,0.0
4,0,0.9047619,0.0952381,0.0,0.0,0.0,0.0,0.0,0.0,0.0,0.0,0.0,0.0
4,0,0.9047619,0.0952381,0.0,0.0,0.0,0.0,0.0,0.0,0.0,0.0,0.0,0.0
4,0,0.9047619,0.0952381,0.0,0.0,0.0,0.0,0.0,0.0,0.0,0.0,0.0,0.0
4,0,0.9047619,0.0952381,0.0,0.0,0.0,0.0,0.0,0.0,0.0,0.0,0.0,0.0
4,0,0.9047619,0.0952381,0.0,0.0,0.0,0.0,0.0,0.0,0.0,0.0,0.0,0.0
4,0,0.9047619,0.0952381,0.0,0.0,0.0,0.0,0.0,0.0,0.0,0.0,0.0,0.0
4,0,0.9047619,0.0952381,0.0,0.0,0.0,0.0,0.0,0.0,0.0,0.0,0.0,0.0
4,0,0.9047619,0.0952381,0.0,0.0,0.0,0.0,0.0,0.0,0.0,0.0,0.0,0.0
4,0,0.90625,0.09375,0.0,0.0,0.0,0.0,0.0,0.0,0.0,0.0,0.0,0.0
4,0,0.90625,0.09375,0.0,0.0,0.0,0.0,0.0,0.0,0.0,0.0,0.0,0.0
4,0,0.90625,0.09375,0.0,0.0,0.0,0.0,0.0,0.0,0.0,0.0,0.0,0.0
4,0,0.90625,0.09375,0.0,0.0,0.0,0.0,0.0,0.0,0.0,0.0,0.0,0.0
4,0,0.90625,0.09375,0.0,0.0,0.0,0.0,0.0,0.0,0.0,0.0,0.0,0.0
4,0,0.90625,0.09375,0.0,0.0,0.0,0.0,0.0,0.0,0.0,0.0,0.0,0.0
4,0,0.90625,0.09375,0.0,0.0,0.0,0.0,0.0,0.0,0.0,0.0,0.0,0.0
4,0,0.90625,0.09375,0.0,0.0,0.0,0.0,0.0,0.0,0.0,0.0,0.0,0.0
4,0,0.90625,0.09375,0.0,0.0,0.0,0.0,0.0,0.0,0.0,0.0,0.0,0.0
4,0,0.90625,0.09375,0.0,0.0,0.0,0.0,0.0,0.0,0.0,0.0,0.0,0.0
4,0,0.921875,0.078125,0.0,0.0,0.0,0.0,0.0,0.0,0.0,0.0,0.0,0.0
4,0,0.921875,0.078125,0.0,0.0,0.0,0.0,0.0,0.0,0.0,0.0,0.0,0.0
4,0,0.921875,0.078125,0.0,0.0,0.0,0.0,0.0,0.0,0.0,0.0,0.0,0.0
4,0,0.921875,0.078125,0.0,0.0,0.0,0.0,0.0,0.0,0.0,0.0,0.0,0.0
4,0,0.921875,0.078125,0.0,0.0,0.0,0.0,0.0,0.0,0.0,0.0,0.0,0.0
4,0,0.921875,0.078125,0.0,0.0,0.0,0.0,0.0,0.0,0.0,0.0,0.0,0.0
4,0,0.921875,0.078125,0.0,0.0,0.0,0.0,0.0,0.0,0.0,0.0,0.0,0.0
4,0,0.921875,0.078125,0.0,0.0,0.0,0.0,0.0,0.0,0.0,0.0,0.0,0.0
4,0,0.921875,0.078125,0.0,0.0,0.0,0.0,0.0,0.0,0.0,0.0,0.0,0.0
4,0,0.921875,0.078125,0.0,0.0,0.0,0.0,0.0,0.0,0.0,0.0,0.0,0.0
4,0,0.921875,0.078125,0.0,0.0,0.0,0.0,0.0,0.0,0.0,0.0,0.0,0.0
4,0,0.921875,0.078125,0.0,0.0,0.0,0.0,0.0,0.0,0.0,0.0,0.0,0.0
4,0,0.921875,0.078125,0.0,0.0,0.0,0.0,0.0,0.0,0.0,0.0,0.0,0.0
4,0,0.921875,0.078125,0.0,0.0,0.0,0.0,0.0,0.0,0.0,0.0,0.0,0.0
4,0,0.921875,0.078125,0.0,0.0,0.0,0.0,0.0,0.0,0.0,0.0,0.0,0.0
4,0,0.921875,0.078125,0.0,0.0,0.0,0.0,0.0,0.0,0.0,0.0,0.0,0.0
4,0,0.921875,0.078125,0.0,0.0,0.0,0.0,0.0,0.0,0.0,0.0,0.0,0.0
4,0,0.921875,0.078125,0.0,0.0,0.0,0.0,0.0,0.0,0.0,0.0,0.0,0.0
4,0,0.921875,0.078125,0.0,0.0,0.0,0.0,0.0,0.0,0.0,0.0,0.0,0.0
4,0,0.921875,0.078125,0.0,0.0,0.0,0.0,0.0,0.0,0.0,0.0,0.0,0.0
4,0,0.921875,0.078125,0.0,0.0,0.0,0.0,0.0,0.0,0.0,0.0,0.0,0.0
4,0,0.921875,0.078125,0.0,0.0,0.0,0.0,0.0,0.0,0.0,0.0,0.0,0.0
4,0,0.921875,0.078125,0.0,0.0,0.0,0.0,0.0,0.0,0.0,0.0,0.0,0.0
4,0,0.921875,0.078125,0.0,0.0,0.0,0.0,0.0,0.0,0.0,0.0,0.0,0.0
4,0,0.921875,0.078125,0.0,0.0,0.0,0.0,0.0,0.0,0.0,0.0,0.0,0.0
4,0,0.921875,0.078125,0.0,0.0,0.0,0.0,0.0,0.0,0.0,0.0,0.0,0.0
4,0,0.921875,0.078125,0.0,0.0,0.0,0.0,0.0,0.0,0.0,0.0,0.0,0.0
4,0,0.921875,0.078125,0.0,0.0,0.0,0.0,0.0,0.0,0.0,0.0,0.0,0.0
4,0,0.921875,0.078125,0.0,0.0,0.0,0.0,0.0,0.0,0.0,0.0,0.0,0.0
4,0,0.921875,0.078125,0.0,0.0,0.0,0.0,0.0,0.0,0.0,0.0,0.0,0.0
4,0,0.921875,0.078125,0.0,0.0,0.0,0.0,0.0,0.0,0.0,0.0,0.0,0.0
4,0,0.921875,0.078125,0.0,0.0,0.0,0.0,0.0,0.0,0.0,0.0,0.0,0.0
4,0,0.921875,0.078125,0.0,0.0,0.0,0.0,0.0,0.0,0.0,0.0,0.0,0.0
4,0,0.921875,0.078125,0.0,0.0,0.0,0.0,0.0,0.0,0.0,0.0,0.0,0.0
4,0,0.921875,0.078125,0.0,0.0,0.0,0.0,0.0,0.0,0.0,0.0,0.0,0.0
4,0,0.921875,0.078125,0.0,0.0,0.0,0.0,0.0,0.0,0.0,0.0,0.0,0.0
4,0,0.921875,0.078125,0.0,0.0,0.0,0.0,0.0,0.0,0.0,0.0,0.0,0.0
4,0,0.921875,0.078125,0.0,0.0,0.0,0.0,0.0,0.0,0.0,0.0,0.0,0.0
4,0,0.921875,0.078125,0.0,0.0,0.0,0.0,0.0,0.0,0.0,0.0,0.0,0.0
4,0,0.921875,0.078125,0.0,0.0,0.0,0.0,0.0,0.0,0.0,0.0,0.0,0.0
4,0,0.921875,0.078125,0.0,0.0,0.0,0.0,0.0,0.0,0.0,0.0,0.0,0.0
4,0,0.921875,0.078125,0.0,0.0,0.0,0.0,0.0,0.0,0.0,0.0,0.0,0.0
4,0,0.921875,0.078125,0.0,0.0,0.0,0.0,0.0,0.0,0.0,0.0,0.0,0.0
4,0,0.921875,0.078125,0.0,0.0,0.0,0.0,0.0,0.0,0.0,0.0,0.0,0.0
4,0,0.921875,0.078125,0.0,0.0,0.0,0.0,0.0,0.0,0.0,0.0,0.0,0.0
4,0,0.921875,0.078125,0.0,0.0,0.0,0.0,0.0,0.0,0.0,0.0,0.0,0.0
4,0,0.921875,0.078125,0.0,0.0,0.0,0.0,0.0,0.0,0.0,0.0,0.0,0.0
4,0,0.921875,0.078125,0.0,0.0,0.0,0.0,0.0,0.0,0.0,0.0,0.0,0.0
4,0,0.921875,0.078125,0.0,0.0,0.0,0.0,0.0,0.0,0.0,0.0,0.0,0.0
4,0,0.921875,0.078125,0.0,0.0,0.0,0.0,0.0,0.0,0.0,0.0,0.0,0.0
4,0,0.921875,0.078125,0.0,0.0,0.0,0.0,0.0,0.0,0.0,0.0,0.0,0.0
4,0,0.921875,0.078125,0.0,0.0,0.0,0.0,0.0,0.0,0.0,0.0,0.0,0.0
4,0,0.921875,0.078125,0.0,0.0,0.0,0.0,0.0,0.0,0.0,0.0,0.0,0.0
4,0,0.921875,0.078125,0.0,0.0,0.0,0.0,0.0,0.0,0.0,0.0,0.0,0.0
4,0,0.9375,0.0625,0.0,0.0,0.0,0.0,0.0,0.0,0.0,0.0,0.0,0.0
4,0,0.9375,0.0625,0.0,0.0,0.0,0.0,0.0,0.0,0.0,0.0,0.0,0.0
4,0,0.9375,0.0625,0.0,0.0,0.0,0.0,0.0,0.0,0.0,0.0,0.0,0.0
4,0,0.9375,0.0625,0.0,0.0,0.0,0.0,0.0,0.0,0.0,0.0,0.0,0.0
4,0,0.9375,0.0625,0.0,0.0,0.0,0.0,0.0,0.0,0.0,0.0,0.0,0.0
4,0,0.9375,0.0625,0.0,0.0,0.0,0.0,0.0,0.0,0.0,0.0,0.0,0.0
4,0,0.9375,0.0625,0.0,0.0,0.0,0.0,0.0,0.0,0.0,0.0,0.0,0.0
4,0,0.9375,0.0625,0.0,0.0,0.0,0.0,0.0,0.0,0.0,0.0,0.0,0.0
4,0,0.9375,0.0625,0.0,0.0,0.0,0.0,0.0,0.0,0.0,0.0,0.0,0.0
4,0,0.9375,0.0625,0.0,0.0,0.0,0.0,0.0,0.0,0.0,0.0,0.0,0.0
4,0,0.9375,0.0625,0.0,0.0,0.0,0.0,0.0,0.0,0.0,0.0,0.0,0.0
4,0,0.9375,0.0625,0.0,0.0,0.0,0.0,0.0,0.0,0.0,0.0,0.0,0.0
4,0,0.9375,0.0625,0.0,0.0,0.0,0.0,0.0,0.0,0.0,0.0,0.0,0.0
4,0,0.9375,0.0625,0.0,0.0,0.0,0.0,0.0,0.0,0.0,0.0,0.0,0.0
4,0,0.9375,0.0625,0.0,0.0,0.0,0.0,0.0,0.0,0.0,0.0,0.0,0.0
4,0,0.9375,0.0625,0.0,0.0,0.0,0.0,0.0,0.0,0.0,0.0,0.0,0.0
4,0,0.9375,0.0625,0.0,0.0,0.0,0.0,0.0,0.0,0.0,0.0,0.0,0.0
4,0,0.9375,0.0625,0.0,0.0,0.0,0.0,0.0,0.0,0.0,0.0,0.0,0.0
4,0,0.9375,0.0625,0.0,0.0,0.0,0.0,0.0,0.0,0.0,0.0,0.0,0.0
4,0,0.9375,0.0625,0.0,0.0,0.0,0.0,0.0,0.0,0.0,0.0,0.0,0.0
4,0,0.9375,0.0625,0.0,0.0,0.0,0.0,0.0,0.0,0.0,0.0,0.0,0.0
4,0,0.9375,0.0625,0.0,0.0,0.0,0.0,0.0,0.0,0.0,0.0,0.0,0.0
4,0,0.9375,0.0625,0.0,0.0,0.0,0.0,0.0,0.0,0.0,0.0,0.0,0.0
4,0,0.9375,0.0625,0.0,0.0,0.0,0.0,0.0,0.0,0.0,0.0,0.0,0.0
4,0,0.9375,0.0625,0.0,0.0,0.0,0.0,0.0,0.0,0.0,0.0,0.0,0.0
4,0,0.9375,0.0625,0.0,0.0,0.0,0.0,0.0,0.0,0.0,0.0,0.0,0.0
4,0,0.9375,0.0625,0.0,0.0,0.0,0.0,0.0,0.0,0.0,0.0,0.0,0.0
4,0,0.9375,0.0625,0.0,0.0,0.0,0.0,0.0,0.0,0.0,0.0,0.0,0.0
4,0,0.9375,0.0625,0.0,0.0,0.0,0.0,0.0,0.0,0.0,0.0,0.0,0.0
4,0,0.9375,0.0625,0.0,0.0,0.0,0.0,0.0,0.0,0.0,0.0,0.0,0.0
4,0,0.9375,0.0625,0.0,0.0,0.0,0.0,0.0,0.0,0.0,0.0,0.0,0.0
4,0,0.9375,0.0625,0.0,0.0,0.0,0.0,0.0,0.0,0.0,0.0,0.0,0.0
4,0,0.9375,0.0625,0.0,0.0,0.0,0.0,0.0,0.0,0.0,0.0,0.0,0.0
4,0,0.9375,0.0625,0.0,0.0,0.0,0.0,0.0,0.0,0.0,0.0,0.0,0.0
4,0,0.9375,0.0625,0.0,0.0,0.0,0.0,0.0,0.0,0.0,0.0,0.0,0.0
4,0,0.9375,0.0625,0.0,0.0,0.0,0.0,0.0,0.0,0.0,0.0,0.0,0.0
4,0,0.9375,0.0625,0.0,0.0,0.0,0.0,0.0,0.0,0.0,0.0,0.0,0.0
4,0,0.9375,0.0625,0.0,0.0,0.0,0.0,0.0,0.0,0.0,0.0,0.0,0.0
4,0,0.9375,0.0625,0.0,0.0,0.0,0.0,0.0,0.0,0.0,0.0,0.0,0.0
4,0,0.9375,0.0625,0.0,0.0,0.0,0.0,0.0,0.0,0.0,0.0,0.0,0.0
4,0,0.9375,0.0625,0.0,0.0,0.0,0.0,0.0,0.0,0.0,0.0,0.0,0.0
4,0,0.9375,0.0625,0.0,0.0,0.0,0.0,0.0,0.0,0.0,0.0,0.0,0.0
4,0,0.9375,0.0625,0.0,0.0,0.0,0.0,0.0,0.0,0.0,0.0,0.0,0.0
4,0,0.9375,0.0625,0.0,0.0,0.0,0.0,0.0,0.0,0.0,0.0,0.0,0.0
4,0,0.9375,0.0625,0.0,0.0,0.0,0.0,0.0,0.0,0.0,0.0,0.0,0.0
4,0,0.9375,0.0625,0.0,0.0,0.0,0.0,0.0,0.0,0.0,0.0,0.0,0.0
4,0,0.9375,0.0625,0.0,0.0,0.0,0.0,0.0,0.0,0.0,0.0,0.0,0.0
4,0,0.9375,0.0625,0.0,0.0,0.0,0.0,0.0,0.0,0.0,0.0,0.0,0.0
4,0,0.9375,0.0625,0.0,0.0,0.0,0.0,0.0,0.0,0.0,0.0,0.0,0.0
4,0,0.9375,0.0625,0.0,0.0,0.0,0.0,0.0,0.0,0.0,0.0,0.0,0.0
4,0,0.9375,0.0625,0.0,0.0,0.0,0.0,0.0,0.0,0.0,0.0,0.0,0.0
4,0,0.9375,0.0625,0.0,0.0,0.0,0.0,0.0,0.0,0.0,0.0,0.0,0.0
4,0,0.9375,0.0625,0.0,0.0,0.0,0.0,0.0,0.0,0.0,0.0,0.0,0.0
4,0,0.9375,0.0625,0.0,0.0,0.0,0.0,0.0,0.0,0.0,0.0,0.0,0.0
4,0,0.9375,0.0625,0.0,0.0,0.0,0.0,0.0,0.0,0.0,0.0,0.0,0.0
4,0,0.9375,0.0625,0.0,0.0,0.0,0.0,0.0,0.0,0.0,0.0,0.0,0.0
4,0,0.9375,0.0625,0.0,0.0,0.0,0.0,0.0,0.0,0.0,0.0,0.0,0.0
4,0,0.9375,0.0625,0.0,0.0,0.0,0.0,0.0,0.0,0.0,0.0,0.0,0.0
4,0,0.9375,0.0625,0.0,0.0,0.0,0.0,0.0,0.0,0.0,0.0,0.0,0.0
4,0,0.9375,0.0625,0.0,0.0,0.0,0.0,0.0,0.0,0.0,0.0,0.0,0.0
4,0,0.9375,0.0625,0.0,0.0,0.0,0.0,0.0,0.0,0.0,0.0,0.0,0.0
4,0,0.9375,0.0625,0.0,0.0,0.0,0.0,0.0,0.0,0.0,0.0,0.0,0.0
4,0,0.9375,0.0625,0.0,0.0,0.0,0.0,0.0,0.0,0.0,0.0,0.0,0.0
4,0,0.9375,0.0625,0.0,0.0,0.0,0.0,0.0,0.0,0.0,0.0,0.0,0.0
4,0,0.9375,0.0625,0.0,0.0,0.0,0.0,0.0,0.0,0.0,0.0,0.0,0.0
4,0,0.9375,0.0625,0.0,0.0,0.0,0.0,0.0,0.0,0.0,0.0,0.0,0.0
4,0,0.9375,0.0625,0.0,0.0,0.0,0.0,0.0,0.0,0.0,0.0,0.0,0.0
4,0,0.9375,0.0625,0.0,0.0,0.0,0.0,0.0,0.0,0.0,0.0,0.0,0.0
4,0,0.9375,0.0625,0.0,0.0,0.0,0.0,0.0,0.0,0.0,0.0,0.0,0.0
4,0,0.9375,0.0625,0.0,0.0,0.0,0.0,0.0,0.0,0.0,0.0,0.0,0.0
4,0,0.9375,0.0625,0.0,0.0,0.0,0.0,0.0,0.0,0.0,0.0,0.0,0.0
4,0,0.9375,0.0625,0.0,0.0,0.0,0.0,0.0,0.0,0.0,0.0,0.0,0.0
4,0,0.9375,0.0625,0.0,0.0,0.0,0.0,0.0,0.0,0.0,0.0,0.0,0.0
4,0,0.9375,0.0625,0.0,0.0,0.0,0.0,0.0,0.0,0.0,0.0,0.0,0.0
4,0,0.9375,0.0625,0.0,0.0,0.0,0.0,0.0,0.0,0.0,0.0,0.0,0.0
4,0,0.9375,0.0625,0.0,0.0,0.0,0.0,0.0,0.0,0.0,0.0,0.0,0.0
4,0,0.9375,0.0625,0.0,0.0,0.0,0.0,0.0,0.0,0.0,0.0,0.0,0.0
4,0,0.9375,0.0625,0.0,0.0,0.0,0.0,0.0,0.0,0.0,0.0,0.0,0.0
4,0,0.9375,0.0625,0.0,0.0,0.0,0.0,0.0,0.0,0.0,0.0,0.0,0.0
4,0,0.9375,0.0625,0.0,0.0,0.0,0.0,0.0,0.0,0.0,0.0,0.0,0.0
4,0,0.9375,0.0625,0.0,0.0,0.0,0.0,0.0,0.0,0.0,0.0,0.0,0.0
4,0,0.9375,0.0625,0.0,0.0,0.0,0.0,0.0,0.0,0.0,0.0,0.0,0.0
4,0,0.9375,0.0625,0.0,0.0,0.0,0.0,0.0,0.0,0.0,0.0,0.0,0.0
4,0,0.9375,0.0625,0.0,0.0,0.0,0.0,0.0,0.0,0.0,0.0,0.0,0.0
4,0,0.9375,0.0625,0.0,0.0,0.0,0.0,0.0,0.0,0.0,0.0,0.0,0.0
4,0,0.9375,0.0625,0.0,0.0,0.0,0.0,0.0,0.0,0.0,0.0,0.0,0.0
4,0,0.9375,0.0625,0.0,0.0,0.0,0.0,0.0,0.0,0.0,0.0,0.0,0.0
4,0,0.9375,0.0625,0.0,0.0,0.0,0.0,0.0,0.0,0.0,0.0,0.0,0.0
4,0,0.9375,0.0625,0.0,0.0,0.0,0.0,0.0,0.0,0.0,0.0,0.0,0.0
4,0,0.9375,0.0625,0.0,0.0,0.0,0.0,0.0,0.0,0.0,0.0,0.0,0.0
4,0,0.9375,0.0625,0.0,0.0,0.0,0.0,0.0,0.0,0.0,0.0,0.0,0.0
4,0,0.9375,0.0625,0.0,0.0,0.0,0.0,0.0,0.0,0.0,0.0,0.0,0.0
4,0,0.9375,0.0625,0.0,0.0,0.0,0.0,0.0,0.0,0.0,0.0,0.0,0.0
4,0,0.9375,0.0625,0.0,0.0,0.0,0.0,0.0,0.0,0.0,0.0,0.0,0.0
4,0,0.9375,0.0625,0.0,0.0,0.0,0.0,0.0,0.0,0.0,0.0,0.0,0.0
4,0,0.9375,0.0625,0.0,0.0,0.0,0.0,0.0,0.0,0.0,0.0,0.0,0.0
4,0,0.9375,0.0625,0.0,0.0,0.0,0.0,0.0,0.0,0.0,0.0,0.0,0.0
4,0,0.9375,0.0625,0.0,0.0,0.0,0.0,0.0,0.0,0.0,0.0,0.0,0.0
4,0,0.9375,0.0625,0.0,0.0,0.0,0.0,0.0,0.0,0.0,0.0,0.0,0.0
4,0,0.9375,0.0625,0.0,0.0,0.0,0.0,0.0,0.0,0.0,0.0,0.0,0.0
4,0,0.9375,0.0625,0.0,0.0,0.0,0.0,0.0,0.0,0.0,0.0,0.0,0.0
4,0,0.9375,0.0625,0.0,0.0,0.0,0.0,0.0,0.0,0.0,0.0,0.0,0.0
4,0,0.9375,0.0625,0.0,0.0,0.0,0.0,0.0,0.0,0.0,0.0,0.0,0.0
4,0,0.9375,0.0625,0.0,0.0,0.0,0.0,0.0,0.0,0.0,0.0,0.0,0.0
4,0,0.921875,0.0625,0.0,0.0,0.0,0.0,0.0,0.0,0.0,0.0,0.015625,0.0
4,0,0.921875,0.0625,0.0,0.0,0.0,0.0,0.0,0.0,0.0,0.0,0.015625,0.0
4,0,0.921875,0.0625,0.0,0.0,0.0,0.0,0.0,0.0,0.0,0.0,0.015625,0.0
4,0,0.921875,0.0625,0.0,0.0,0.0,0.0,0.0,0.0,0.0,0.0,0.015625,0.0
4,0,0.921875,0.0625,0.0,0.0,0.0,0.0,0.0,0.0,0.0,0.0,0.015625,0.0
4,0,0.921875,0.0625,0.0,0.0,0.0,0.0,0.0,0.0,0.0,0.0,0.015625,0.0
4,0,0.921875,0.0625,0.0,0.0,0.0,0.0,0.0,0.0,0.0,0.0,0.015625,0.0
4,0,0.921875,0.0625,0.0,0.0,0.0,0.0,0.0,0.0,0.0,0.0,0.015625,0.0
4,0,0.921875,0.0625,0.0,0.0,0.0,0.0,0.0,0.0,0.0,0.0,0.015625,0.0
4,0,0.921875,0.0625,0.0,0.0,0.0,0.0,0.0,0.0,0.0,0.0,0.015625,0.0
4,0,0.921875,0.0625,0.0,0.0,0.0,0.0,0.0,0.0,0.0,0.0,0.015625,0.0
4,0,0.921875,0.0625,0.0,0.0,0.0,0.0,0.0,0.0,0.0,0.0,0.015625,0.0
4,0,0.921875,0.0625,0.0,0.0,0.0,0.0,0.0,0.0,0.0,0.0,0.015625,0.0
4,0,0.921875,0.0625,0.0,0.0,0.0,0.0,0.0,0.0,0.0,0.0,0.015625,0.0
4,0,0.921875,0.0625,0.0,0.0,0.0,0.0,0.0,0.0,0.0,0.0,0.015625,0.0
4,0,0.921875,0.0625,0.0,0.0,0.0,0.0,0.0,0.0,0.0,0.0,0.015625,0.0
4,0,0.921875,0.0625,0.0,0.0,0.0,0.0,0.0,0.0,0.0,0.0,0.015625,0.0
4,0,0.921875,0.0625,0.0,0.0,0.0,0.0,0.0,0.0,0.0,0.0,0.015625,0.0
4,0,0.921875,0.0625,0.0,0.0,0.0,0.0,0.0,0.0,0.0,0.0,0.015625,0.0
4,0,0.921875,0.0625,0.0,0.0,0.0,0.0,0.0,0.0,0.0,0.0,0.015625,0.0
4,0,0.921875,0.0625,0.0,0.0,0.0,0.0,0.0,0.0,0.0,0.0,0.015625,0.0
4,0,0.921875,0.0625,0.0,0.0,0.0,0.0,0.0,0.0,0.0,0.0,0.015625,0.0
4,0,0.921875,0.0625,0.0,0.0,0.0,0.0,0.0,0.0,0.0,0.0,0.015625,0.0
4,0,0.921875,0.0625,0.0,0.0,0.0,0.0,0.0,0.0,0.0,0.0,0.015625,0.0
4,0,0.921875,0.0625,0.0,0.0,0.0,0.0,0.0,0.0,0.0,0.0,0.015625,0.0
4,0,0.921875,0.0625,0.0,0.0,0.0,0.0,0.0,0.0,0.0,0.0,0.015625,0.0
4,0,0.921875,0.0625,0.0,0.0,0.0,0.0,0.0,0.0,0.0,0.0,0.015625,0.0
4,0,0.921875,0.0625,0.0,0.0,0.0,0.0,0.0,0.0,0.0,0.0,0.015625,0.0
4,0,0.921875,0.0625,0.0,0.0,0.0,0.0,0.0,0.0,0.0,0.0,0.015625,0.0
4,0,0.921875,0.0625,0.0,0.0,0.0,0.0,0.0,0.0,0.0,0.0,0.015625,0.0
4,0,0.921875,0.0625,0.0,0.0,0.0,0.0,0.0,0.0,0.0,0.0,0.015625,0.0
4,0,0.921875,0.0625,0.0,0.0,0.0,0.0,0.0,0.0,0.0,0.0,0.015625,0.0
4,0,0.921875,0.0625,0.0,0.0,0.0,0.0,0.0,0.0,0.0,0.0,0.015625,0.0
4,0,0.921875,0.0625,0.0,0.0,0.0,0.0,0.0,0.0,0.0,0.0,0.015625,0.0
4,0,0.921875,0.0625,0.0,0.0,0.0,0.0,0.0,0.0,0.0,0.0,0.015625,0.0
4,0,0.921875,0.0625,0.0,0.0,0.0,0.0,0.0,0.0,0.0,0.0,0.015625,0.0
4,0,0.921875,0.0625,0.0,0.0,0.0,0.0,0.0,0.0,0.0,0.0,0.015625,0.0
4,0,0.921875,0.0625,0.0,0.0,0.0,0.0,0.0,0.0,0.0,0.0,0.015625,0.0
4,0,0.921875,0.0625,0.0,0.0,0.0,0.0,0.0,0.0,0.0,0.0,0.015625,0.0
4,0,0.921875,0.0625,0.0,0.0,0.0,0.0,0.0,0.0,0.0,0.0,0.015625,0.0
4,0,0.921875,0.0625,0.0,0.0,0.0,0.0,0.0,0.0,0.0,0.0,0.015625,0.0
4,0,0.921875,0.0625,0.0,0.0,0.0,0.0,0.0,0.0,0.0,0.0,0.015625,0.0
4,0,0.921875,0.0625,0.0,0.0,0.0,0.0,0.0,0.0,0.0,0.0,0.015625,0.0
4,0,0.921875,0.0625,0.0,0.0,0.0,0.0,0.0,0.0,0.0,0.0,0.015625,0.0
4,0,0.921875,0.0625,0.0,0.0,0.0,0.0,0.0,0.0,0.0,0.0,0.015625,0.0
4,0,0.921875,0.0625,0.0,0.0,0.0,0.0,0.0,0.0,0.0,0.0,0.015625,0.0
4,0,0.921875,0.0625,0.0,0.0,0.0,0.0,0.0,0.0,0.0,0.0,0.015625,0.0
4,0,0.921875,0.0625,0.0,0.0,0.0,0.0,0.0,0.0,0.0,0.0,0.015625,0.0
4,0,0.921875,0.0625,0.0,0.0,0.0,0.0,0.0,0.0,0.0,0.0,0.015625,0.0
4,0,0.921875,0.0625,0.0,0.0,0.0,0.0,0.0,0.0,0.0,0.0,0.015625,0.0
4,0,0.921875,0.0625,0.0,0.0,0.0,0.0,0.0,0.0,0.0,0.0,0.015625,0.0
4,0,0.921875,0.0625,0.0,0.0,0.0,0.0,0.0,0.0,0.0,0.0,0.015625,0.0
4,0,0.921875,0.0625,0.0,0.0,0.0,0.0,0.0,0.0,0.0,0.0,0.015625,0.0
4,0,0.921875,0.0625,0.0,0.0,0.0,0.0,0.0,0.0,0.0,0.0,0.015625,0.0
4,0,0.921875,0.0625,0.0,0.0,0.0,0.0,0.0,0.0,0.0,0.0,0.015625,0.0
4,0,0.921875,0.0625,0.0,0.0,0.0,0.0,0.0,0.0,0.0,0.0,0.015625,0.0
4,0,0.921875,0.0625,0.0,0.0,0.0,0.0,0.0,0.0,0.0,0.0,0.015625,0.0
4,0,0.921875,0.0625,0.0,0.0,0.0,0.0,0.0,0.0,0.0,0.0,0.015625,0.0
4,0,0.921875,0.0625,0.0,0.0,0.0,0.0,0.0,0.0,0.0,0.0,0.015625,0.0
4,0,0.921875,0.0625,0.0,0.0,0.0,0.0,0.0,0.0,0.0,0.0,0.015625,0.0
4,0,0.921875,0.0625,0.0,0.0,0.0,0.0,0.0,0.0,0.0,0.0,0.015625,0.0
4,0,0.921875,0.0625,0.0,0.0,0.0,0.0,0.0,0.0,0.0,0.0,0.015625,0.0
4,0,0.921875,0.0625,0.0,0.0,0.0,0.0,0.0,0.0,0.0,0.0,0.015625,0.0
4,0,0.921875,0.0625,0.0,0.0,0.0,0.0,0.0,0.0,0.0,0.0,0.015625,0.0
4,0,0.921875,0.0625,0.0,0.0,0.0,0.0,0.0,0.0,0.0,0.0,0.015625,0.0
4,0,0.921875,0.0625,0.0,0.0,0.0,0.0,0.0,0.0,0.0,0.0,0.015625,0.0
4,0,0.921875,0.0625,0.0,0.0,0.0,0.0,0.0,0.0,0.0,0.0,0.015625,0.0
4,0,0.921875,0.0625,0.0,0.0,0.0,0.0,0.0,0.0,0.0,0.0,0.015625,0.0
4,0,0.921875,0.0625,0.0,0.0,0.0,0.0,0.0,0.0,0.0,0.0,0.015625,0.0
4,0,0.921875,0.0625,0.0,0.0,0.0,0.0,0.0,0.0,0.0,0.0,0.015625,0.0
4,0,0.921875,0.0625,0.0,0.0,0.0,0.0,0.0,0.0,0.0,0.0,0.015625,0.0
4,0,0.921875,0.0625,0.0,0.0,0.0,0.0,0.0,0.0,0.0,0.0,0.015625,0.0
4,0,0.921875,0.0625,0.0,0.0,0.0,0.0,0.0,0.0,0.0,0.0,0.015625,0.0
4,0,0.921875,0.0625,0.0,0.0,0.0,0.0,0.0,0.0,0.0,0.0,0.015625,0.0
4,0,0.921875,0.0625,0.0,0.0,0.0,0.0,0.0,0.0,0.0,0.0,0.015625,0.0
4,0,0.921875,0.0625,0.0,0.0,0.0,0.0,0.0,0.0,0.0,0.0,0.015625,0.0
4,0,0.921875,0.0625,0.0,0.0,0.0,0.0,0.0,0.0,0.0,0.0,0.015625,0.0
4,0,0.921875,0.0625,0.0,0.0,0.0,0.0,0.0,0.0,0.0,0.0,0.015625,0.0
4,0,0.921875,0.0625,0.0,0.0,0.0,0.0,0.0,0.0,0.0,0.0,0.015625,0.0
4,0,0.921875,0.0625,0.0,0.0,0.0,0.0,0.0,0.0,0.0,0.0,0.015625,0.0
4,0,0.921875,0.0625,0.0,0.0,0.0,0.0,0.0,0.0,0.0,0.0,0.015625,0.0
4,0,0.921875,0.0625,0.0,0.0,0.0,0.0,0.0,0.0,0.0,0.0,0.015625,0.0
4,0,0.921875,0.0625,0.0,0.0,0.0,0.0,0.0,0.0,0.0,0.0,0.015625,0.0
4,0,0.921875,0.0625,0.0,0.0,0.0,0.0,0.0,0.0,0.0,0.0,0.015625,0.0
4,0,0.921875,0.0625,0.0,0.0,0.0,0.0,0.0,0.0,0.0,0.0,0.015625,0.0
4,0,0.921875,0.0625,0.0,0.0,0.0,0.0,0.0,0.0,0.0,0.0,0.015625,0.0
4,0,0.921875,0.0625,0.0,0.0,0.0,0.0,0.0,0.0,0.0,0.0,0.015625,0.0
4,0,0.921875,0.0625,0.0,0.0,0.0,0.0,0.0,0.0,0.0,0.0,0.015625,0.0
4,0,0.921875,0.0625,0.0,0.0,0.0,0.0,0.0,0.0,0.0,0.0,0.015625,0.0
4,0,0.921875,0.0625,0.0,0.0,0.0,0.0,0.0,0.0,0.0,0.0,0.015625,0.0
4,0,0.921875,0.0625,0.0,0.0,0.0,0.0,0.0,0.0,0.0,0.0,0.015625,0.0
4,0,0.921875,0.0625,0.0,0.0,0.0,0.0,0.0,0.0,0.0,0.0,0.015625,0.0
4,0,0.921875,0.0625,0.0,0.0,0.0,0.0,0.0,0.0,0.0,0.0,0.015625,0.0
4,0,0.921875,0.0625,0.0,0.0,0.0,0.0,0.0,0.0,0.0,0.0,0.015625,0.0
4,0,0.921875,0.0625,0.0,0.0,0.0,0.0,0.0,0.0,0.0,0.0,0.015625,0.0
4,0,0.921875,0.0625,0.0,0.0,0.0,0.0,0.0,0.0,0.0,0.0,0.015625,0.0
4,0,0.921875,0.0625,0.0,0.0,0.0,0.0,0.0,0.0,0.0,0.0,0.015625,0.0
4,0,0.921875,0.0625,0.0,0.0,0.0,0.0,0.0,0.0,0.0,0.0,0.015625,0.0
4,0,0.921875,0.0625,0.0,0.0,0.0,0.0,0.0,0.0,0.0,0.0,0.015625,0.0
4,0,0.921875,0.0625,0.0,0.0,0.0,0.0,0.0,0.0,0.0,0.0,0.015625,0.0
4,0,0.921875,0.0625,0.0,0.0,0.0,0.0,0.0,0.0,0.0,0.0,0.015625,0.0
4,0,0.921875,0.0625,0.0,0.0,0.0,0.0,0.0,0.0,0.0,0.0,0.015625,0.0
4,0,0.921875,0.0625,0.0,0.0,0.0,0.0,0.0,0.0,0.0,0.0,0.015625,0.0
4,0,0.921875,0.0625,0.0,0.0,0.0,0.0,0.0,0.0,0.0,0.0,0.015625,0.0
4,0,0.921875,0.0625,0.0,0.0,0.0,0.0,0.0,0.0,0.0,0.0,0.015625,0.0
4,0,0.921875,0.0625,0.0,0.0,0.0,0.0,0.0,0.0,0.0,0.0,0.015625,0.0
4,0,0.921875,0.0625,0.0,0.0,0.0,0.0,0.0,0.0,0.0,0.0,0.015625,0.0
4,0,0.921875,0.0625,0.0,0.0,0.0,0.0,0.0,0.0,0.0,0.0,0.015625,0.0
4,0,0.921875,0.0625,0.0,0.0,0.0,0.0,0.0,0.0,0.0,0.0,0.015625,0.0
4,0,0.921875,0.0625,0.0,0.0,0.0,0.0,0.0,0.0,0.0,0.0,0.015625,0.0
4,0,0.921875,0.0625,0.0,0.0,0.0,0.0,0.0,0.0,0.0,0.0,0.015625,0.0
4,0,0.921875,0.0625,0.0,0.0,0.0,0.0,0.0,0.0,0.0,0.0,0.015625,0.0
4,0,0.921875,0.0625,0.0,0.0,0.0,0.0,0.0,0.0,0.0,0.0,0.015625,0.0
4,0,0.921875,0.0625,0.0,0.0,0.0,0.0,0.0,0.0,0.0,0.0,0.015625,0.0
4,0,0.921875,0.0625,0.0,0.0,0.0,0.0,0.0,0.0,0.0,0.0,0.015625,0.0
4,0,0.921875,0.0625,0.0,0.0,0.0,0.0,0.0,0.0,0.0,0.0,0.015625,0.0
4,0,0.921875,0.0625,0.0,0.0,0.0,0.0,0.0,0.0,0.0,0.0,0.015625,0.0
4,0,0.921875,0.0625,0.0,0.0,0.0,0.0,0.0,0.0,0.0,0.0,0.015625,0.0
4,0,0.921875,0.0625,0.0,0.0,0.0,0.0,0.0,0.0,0.0,0.0,0.015625,0.0
4,0,0.921875,0.0625,0.0,0.0,0.0,0.0,0.0,0.0,0.0,0.0,0.015625,0.0
4,0,0.921875,0.0625,0.0,0.0,0.0,0.0,0.0,0.0,0.0,0.0,0.015625,0.0
4,0,0.921875,0.0625,0.0,0.0,0.0,0.0,0.0,0.0,0.0,0.0,0.015625,0.0
4,0,0.921875,0.0625,0.0,0.0,0.0,0.0,0.0,0.0,0.0,0.0,0.015625,0.0
4,0,0.921875,0.0625,0.0,0.0,0.0,0.0,0.0,0.0,0.0,0.0,0.015625,0.0
4,0,0.921875,0.0625,0.0,0.0,0.0,0.0,0.0,0.0,0.0,0.0,0.015625,0.0
4,0,0.921875,0.0625,0.0,0.0,0.0,0.0,0.0,0.0,0.0,0.0,0.015625,0.0
4,0,0.921875,0.0625,0.0,0.0,0.0,0.0,0.0,0.0,0.0,0.0,0.015625,0.0
4,0,0.921875,0.0625,0.0,0.0,0.0,0.0,0.0,0.0,0.0,0.0,0.015625,0.0
4,0,0.921875,0.0625,0.0,0.0,0.0,0.0,0.0,0.0,0.0,0.0,0.015625,0.0
4,0,0.921875,0.0625,0.0,0.0,0.0,0.0,0.0,0.0,0.0,0.0,0.015625,0.0
4,0,0.921875,0.0625,0.0,0.0,0.0,0.0,0.0,0.0,0.0,0.0,0.015625,0.0
4,0,0.921875,0.0625,0.0,0.0,0.0,0.0,0.0,0.0,0.0,0.0,0.015625,0.0
4,0,0.90625,0.0625,0.0,0.0,0.0,0.0,0.0,0.0,0.015625,0.0,0.015625,0.0
4,0,0.90625,0.0625,0.0,0.0,0.0,0.0,0.0,0.0,0.015625,0.0,0.015625,0.0
4,0,0.90625,0.0625,0.0,0.0,0.0,0.0,0.0,0.0,0.015625,0.0,0.015625,0.0
4,0,0.90625,0.0625,0.0,0.0,0.0,0.0,0.0,0.0,0.015625,0.0,0.015625,0.0
4,0,0.90625,0.0625,0.0,0.0,0.0,0.0,0.0,0.0,0.015625,0.0,0.015625,0.0
4,0,0.90625,0.0625,0.0,0.0,0.0,0.0,0.0,0.0,0.015625,0.0,0.015625,0.0
4,0,0.90625,0.0625,0.0,0.0,0.0,0.0,0.0,0.0,0.015625,0.0,0.015625,0.0
4,0,0.90625,0.0625,0.0,0.0,0.0,0.0,0.0,0.0,0.015625,0.0,0.015625,0.0
4,0,0.90625,0.0625,0.0,0.0,0.0,0.0,0.0,0.0,0.015625,0.0,0.015625,0.0
4,0,0.90625,0.0625,0.0,0.0,0.0,0.0,0.0,0.0,0.015625,0.0,0.015625,0.0
4,0,0.90625,0.0625,0.0,0.0,0.0,0.0,0.0,0.0,0.015625,0.0,0.015625,0.0
4,0,0.90625,0.0625,0.0,0.0,0.0,0.0,0.0,0.0,0.015625,0.0,0.015625,0.0
4,0,0.921875,0.0625,0.0,0.0,0.0,0.0,0.0,0.0,0.0,0.0,0.015625,0.0
4,0,0.921875,0.0625,0.0,0.0,0.0,0.0,0.0,0.0,0.0,0.0,0.015625,0.0
4,0,0.921875,0.0625,0.0,0.0,0.0,0.0,0.0,0.0,0.0,0.0,0.015625,0.0
4,0,0.921875,0.0625,0.0,0.0,0.0,0.0,0.0,0.0,0.0,0.0,0.015625,0.0
4,0,0.921875,0.0625,0.0,0.0,0.0,0.0,0.0,0.0,0.0,0.0,0.015625,0.0
4,0,0.921875,0.0625,0.0,0.0,0.0,0.0,0.0,0.0,0.0,0.0,0.015625,0.0
4,0,0.921875,0.0625,0.0,0.0,0.0,0.0,0.0,0.0,0.0,0.0,0.015625,0.0
4,0,0.921875,0.0625,0.0,0.0,0.0,0.0,0.0,0.0,0.0,0.0,0.015625,0.0
4,0,0.921875,0.0625,0.0,0.0,0.0,0.0,0.0,0.0,0.0,0.0,0.015625,0.0
4,0,0.921875,0.0625,0.0,0.0,0.0,0.0,0.0,0.0,0.0,0.0,0.015625,0.0
4,0,0.921875,0.0625,0.0,0.0,0.0,0.0,0.0,0.0,0.0,0.0,0.015625,0.0
4,0,0.921875,0.0625,0.0,0.0,0.0,0.0,0.0,0.0,0.0,0.0,0.015625,0.0
4,0,0.921875,0.0625,0.0,0.0,0.0,0.0,0.0,0.0,0.0,0.0,0.015625,0.0
4,0,0.921875,0.0625,0.0,0.0,0.0,0.0,0.0,0.0,0.0,0.0,0.015625,0.0
4,0,0.921875,0.0625,0.0,0.0,0.0,0.0,0.0,0.0,0.0,0.0,0.015625,0.0
4,0,0.921875,0.0625,0.0,0.0,0.0,0.0,0.0,0.0,0.0,0.0,0.015625,0.0
4,0,0.921875,0.0625,0.0,0.0,0.0,0.0,0.0,0.0,0.0,0.0,0.015625,0.0
4,0,0.921875,0.0625,0.0,0.0,0.0,0.0,0.0,0.0,0.0,0.0,0.015625,0.0
4,0,0.921875,0.0625,0.0,0.0,0.0,0.0,0.0,0.0,0.0,0.0,0.015625,0.0
4,0,0.921875,0.0625,0.0,0.0,0.0,0.0,0.0,0.0,0.0,0.0,0.015625,0.0
4,0,0.921875,0.0625,0.0,0.0,0.0,0.0,0.0,0.0,0.0,0.0,0.015625,0.0
4,0,0.921875,0.0625,0.0,0.0,0.0,0.0,0.0,0.0,0.0,0.0,0.015625,0.0
4,0,0.921875,0.0625,0.0,0.0,0.0,0.0,0.0,0.0,0.0,0.0,0.015625,0.0
4,0,0.921875,0.0625,0.0,0.0,0.0,0.0,0.0,0.0,0.0,0.0,0.015625,0.0
4,0,0.921875,0.0625,0.0,0.0,0.0,0.0,0.0,0.0,0.0,0.0,0.015625,0.0
4,0,0.921875,0.0625,0.0,0.0,0.0,0.0,0.0,0.0,0.0,0.0,0.015625,0.0
4,0,0.921875,0.0625,0.0,0.0,0.0,0.0,0.0,0.0,0.0,0.0,0.015625,0.0
4,0,0.921875,0.0625,0.0,0.0,0.0,0.0,0.0,0.0,0.0,0.0,0.015625,0.0
4,0,0.921875,0.0625,0.0,0.0,0.0,0.0,0.0,0.0,0.0,0.0,0.015625,0.0
4,0,0.921875,0.0625,0.0,0.0,0.0,0.0,0.0,0.0,0.0,0.0,0.015625,0.0
4,0,0.921875,0.0625,0.0,0.0,0.0,0.0,0.0,0.0,0.0,0.0,0.015625,0.0
4,0,0.921875,0.0625,0.0,0.0,0.0,0.0,0.0,0.0,0.0,0.0,0.015625,0.0
4,0,0.921875,0.0625,0.0,0.0,0.0,0.0,0.0,0.0,0.0,0.0,0.015625,0.0
4,0,0.921875,0.0625,0.0,0.0,0.0,0.0,0.0,0.0,0.0,0.0,0.015625,0.0
4,0,0.921875,0.0625,0.0,0.0,0.0,0.0,0.0,0.0,0.0,0.0,0.015625,0.0
4,0,0.921875,0.0625,0.0,0.0,0.0,0.0,0.0,0.0,0.0,0.0,0.015625,0.0
4,0,0.921875,0.0625,0.0,0.0,0.0,0.0,0.0,0.0,0.0,0.0,0.015625,0.0
4,0,0.921875,0.0625,0.0,0.0,0.0,0.0,0.0,0.0,0.0,0.0,0.015625,0.0
4,0,0.921875,0.0625,0.0,0.0,0.0,0.0,0.0,0.0,0.0,0.0,0.015625,0.0
4,0,0.921875,0.0625,0.0,0.0,0.0,0.0,0.0,0.0,0.0,0.0,0.015625,0.0
4,0,0.921875,0.0625,0.0,0.0,0.0,0.0,0.0,0.0,0.0,0.0,0.015625,0.0
4,0,0.921875,0.0625,0.0,0.0,0.0,0.0,0.0,0.0,0.0,0.0,0.015625,0.0
4,0,0.921875,0.0625,0.0,0.0,0.0,0.0,0.0,0.0,0.0,0.0,0.015625,0.0
4,0,0.921875,0.0625,0.0,0.0,0.0,0.0,0.0,0.0,0.0,0.0,0.015625,0.0
4,0,0.921875,0.0625,0.0,0.0,0.0,0.0,0.0,0.0,0.0,0.0,0.015625,0.0
4,0,0.921875,0.0625,0.0,0.0,0.0,0.0,0.0,0.0,0.0,0.0,0.015625,0.0
4,0,0.921875,0.0625,0.0,0.0,0.0,0.0,0.0,0.0,0.0,0.0,0.015625,0.0
4,0,0.921875,0.0625,0.0,0.0,0.0,0.0,0.0,0.0,0.0,0.0,0.015625,0.0
4,0,0.921875,0.0625,0.0,0.0,0.0,0.0,0.0,0.0,0.0,0.0,0.015625,0.0
4,0,0.921875,0.0625,0.0,0.0,0.0,0.0,0.0,0.0,0.0,0.0,0.015625,0.0
4,0,0.921875,0.0625,0.0,0.0,0.0,0.0,0.0,0.0,0.0,0.0,0.015625,0.0
4,0,0.921875,0.0625,0.0,0.0,0.0,0.0,0.0,0.0,0.0,0.0,0.015625,0.0
4,0,0.921875,0.0625,0.0,0.0,0.0,0.0,0.0,0.0,0.0,0.0,0.015625,0.0
4,0,0.921875,0.0625,0.0,0.0,0.0,0.0,0.0,0.0,0.0,0.0,0.015625,0.0
4,0,0.921875,0.0625,0.0,0.0,0.0,0.0,0.0,0.0,0.0,0.0,0.015625,0.0
4,0,0.921875,0.0625,0.0,0.0,0.0,0.0,0.0,0.0,0.0,0.0,0.015625,0.0
4,0,0.921875,0.0625,0.0,0.0,0.0,0.0,0.0,0.0,0.0,0.0,0.015625,0.0
4,0,0.921875,0.0625,0.0,0.0,0.0,0.0,0.0,0.0,0.0,0.0,0.015625,0.0
4,0,0.921875,0.0625,0.0,0.0,0.0,0.0,0.0,0.0,0.0,0.0,0.015625,0.0
4,0,0.921875,0.0625,0.0,0.0,0.0,0.0,0.0,0.0,0.0,0.0,0.015625,0.0
4,0,0.921875,0.0625,0.0,0.0,0.0,0.0,0.0,0.0,0.0,0.0,0.015625,0.0
4,0,0.921875,0.0625,0.0,0.0,0.0,0.0,0.0,0.0,0.0,0.0,0.015625,0.0
4,0,0.921875,0.0625,0.0,0.0,0.0,0.0,0.0,0.0,0.0,0.0,0.015625,0.0
4,0,0.921875,0.0625,0.0,0.0,0.0,0.0,0.0,0.0,0.0,0.0,0.015625,0.0
4,0,0.921875,0.0625,0.0,0.0,0.0,0.0,0.0,0.0,0.0,0.0,0.015625,0.0
4,0,0.921875,0.0625,0.0,0.0,0.0,0.0,0.0,0.0,0.0,0.0,0.015625,0.0
4,0,0.921875,0.0625,0.0,0.0,0.0,0.0,0.0,0.0,0.0,0.0,0.015625,0.0
4,0,0.921875,0.0625,0.0,0.0,0.0,0.0,0.0,0.0,0.0,0.0,0.015625,0.0
4,0,0.921875,0.0625,0.0,0.0,0.0,0.0,0.0,0.0,0.0,0.0,0.015625,0.0
4,0,0.921875,0.0625,0.0,0.0,0.0,0.0,0.0,0.0,0.0,0.0,0.015625,0.0
4,0,0.921875,0.0625,0.0,0.0,0.0,0.0,0.0,0.0,0.0,0.0,0.015625,0.0
4,0,0.921875,0.0625,0.0,0.0,0.0,0.0,0.0,0.0,0.0,0.0,0.015625,0.0
4,0,0.921875,0.0625,0.0,0.0,0.0,0.0,0.0,0.0,0.0,0.0,0.015625,0.0
4,0,0.921875,0.0625,0.0,0.0,0.0,0.0,0.0,0.0,0.0,0.0,0.015625,0.0
4,0,0.921875,0.0625,0.0,0.0,0.0,0.0,0.0,0.0,0.0,0.0,0.015625,0.0
4,0,0.921875,0.0625,0.0,0.0,0.0,0.0,0.0,0.0,0.0,0.0,0.015625,0.0
4,0,0.921875,0.0625,0.0,0.0,0.0,0.0,0.0,0.0,0.0,0.0,0.015625,0.0
4,0,0.921875,0.0625,0.0,0.0,0.0,0.0,0.0,0.0,0.0,0.0,0.015625,0.0
4,0,0.921875,0.0625,0.0,0.0,0.0,0.0,0.0,0.0,0.0,0.0,0.015625,0.0
4,0,0.921875,0.0625,0.0,0.0,0.0,0.0,0.0,0.0,0.0,0.0,0.015625,0.0
4,0,0.921875,0.0625,0.0,0.0,0.0,0.0,0.0,0.0,0.0,0.0,0.015625,0.0
4,0,0.921875,0.0625,0.0,0.0,0.0,0.0,0.0,0.0,0.0,0.0,0.015625,0.0
4,0,0.921875,0.0625,0.0,0.0,0.0,0.0,0.0,0.0,0.0,0.0,0.015625,0.0
4,0,0.921875,0.0625,0.0,0.0,0.0,0.0,0.0,0.0,0.0,0.0,0.015625,0.0
4,0,0.921875,0.0625,0.0,0.0,0.0,0.0,0.0,0.0,0.0,0.0,0.015625,0.0
4,0,0.921875,0.0625,0.0,0.0,0.0,0.0,0.0,0.0,0.0,0.0,0.015625,0.0
4,0,0.921875,0.0625,0.0,0.0,0.0,0.0,0.0,0.0,0.0,0.0,0.015625,0.0
4,0,0.921875,0.0625,0.0,0.0,0.0,0.0,0.0,0.0,0.0,0.0,0.015625,0.0
4,0,0.921875,0.0625,0.0,0.0,0.0,0.0,0.0,0.0,0.0,0.0,0.015625,0.0
4,0,0.921875,0.0625,0.0,0.0,0.0,0.0,0.0,0.0,0.0,0.0,0.015625,0.0
4,0,0.921875,0.0625,0.0,0.0,0.0,0.0,0.0,0.0,0.0,0.0,0.015625,0.0
4,0,0.921875,0.0625,0.0,0.0,0.0,0.0,0.0,0.0,0.0,0.0,0.015625,0.0
4,0,0.921875,0.0625,0.0,0.0,0.0,0.0,0.0,0.0,0.0,0.0,0.015625,0.0
4,0,0.921875,0.0625,0.0,0.0,0.0,0.0,0.0,0.0,0.0,0.0,0.015625,0.0
4,0,0.921875,0.0625,0.0,0.0,0.0,0.0,0.0,0.0,0.0,0.0,0.015625,0.0
4,0,0.921875,0.0625,0.0,0.0,0.0,0.0,0.0,0.0,0.0,0.0,0.015625,0.0
4,0,0.921875,0.0625,0.0,0.0,0.0,0.0,0.0,0.0,0.0,0.0,0.015625,0.0
4,0,0.921875,0.0625,0.0,0.0,0.0,0.0,0.0,0.0,0.0,0.0,0.015625,0.0
4,0,0.921875,0.0625,0.0,0.0,0.0,0.0,0.0,0.0,0.0,0.0,0.015625,0.0
4,0,0.921875,0.0625,0.0,0.0,0.0,0.0,0.0,0.0,0.0,0.0,0.015625,0.0
4,0,0.921875,0.0625,0.0,0.0,0.0,0.0,0.0,0.0,0.0,0.0,0.015625,0.0
4,0,0.921875,0.0625,0.0,0.0,0.0,0.0,0.0,0.0,0.0,0.0,0.015625,0.0
4,0,0.921875,0.0625,0.0,0.0,0.0,0.0,0.0,0.0,0.0,0.0,0.015625,0.0
4,0,0.921875,0.0625,0.0,0.0,0.0,0.0,0.0,0.0,0.0,0.0,0.015625,0.0
4,0,0.921875,0.0625,0.0,0.0,0.0,0.0,0.0,0.0,0.0,0.0,0.015625,0.0
4,0,0.921875,0.0625,0.0,0.0,0.0,0.0,0.0,0.0,0.0,0.0,0.015625,0.0
4,0,0.921875,0.0625,0.0,0.0,0.0,0.0,0.0,0.0,0.0,0.0,0.015625,0.0
4,0,0.921875,0.0625,0.0,0.0,0.0,0.0,0.0,0.0,0.0,0.0,0.015625,0.0
4,0,0.921875,0.0625,0.0,0.0,0.0,0.0,0.0,0.0,0.0,0.0,0.015625,0.0
4,0,0.921875,0.0625,0.0,0.0,0.0,0.0,0.0,0.0,0.0,0.0,0.015625,0.0
4,0,0.921875,0.0625,0.0,0.0,0.0,0.0,0.0,0.0,0.0,0.0,0.015625,0.0
4,0,0.921875,0.0625,0.0,0.0,0.0,0.0,0.0,0.0,0.0,0.0,0.015625,0.0
4,0,0.921875,0.0625,0.0,0.0,0.0,0.0,0.0,0.0,0.0,0.0,0.015625,0.0
4,0,0.921875,0.0625,0.0,0.0,0.0,0.0,0.0,0.0,0.0,0.0,0.015625,0.0
4,0,0.921875,0.0625,0.0,0.0,0.0,0.0,0.0,0.0,0.0,0.0,0.015625,0.0
4,0,0.921875,0.0625,0.0,0.0,0.0,0.0,0.0,0.0,0.0,0.0,0.015625,0.0
4,0,0.921875,0.0625,0.0,0.0,0.0,0.0,0.0,0.0,0.0,0.0,0.015625,0.0
4,0,0.921875,0.0625,0.0,0.0,0.0,0.0,0.0,0.0,0.0,0.0,0.015625,0.0
4,0,0.921875,0.0625,0.0,0.0,0.0,0.0,0.0,0.0,0.0,0.0,0.015625,0.0
4,0,0.921875,0.0625,0.0,0.0,0.0,0.0,0.0,0.0,0.0,0.0,0.015625,0.0
4,0,0.921875,0.0625,0.0,0.0,0.0,0.0,0.0,0.0,0.0,0.0,0.015625,0.0
4,0,0.921875,0.0625,0.0,0.0,0.0,0.0,0.0,0.0,0.0,0.0,0.015625,0.0
4,0,0.921875,0.0625,0.0,0.0,0.0,0.0,0.0,0.0,0.0,0.0,0.015625,0.0
4,0,0.921875,0.0625,0.0,0.0,0.0,0.0,0.0,0.0,0.0,0.0,0.015625,0.0
4,0,0.921875,0.0625,0.0,0.0,0.0,0.0,0.0,0.0,0.0,0.0,0.015625,0.0
4,0,0.921875,0.0625,0.0,0.0,0.0,0.0,0.0,0.0,0.0,0.0,0.015625,0.0
4,0,0.921875,0.0625,0.0,0.0,0.0,0.0,0.0,0.0,0.0,0.0,0.015625,0.0
4,0,0.921875,0.0625,0.0,0.0,0.0,0.0,0.0,0.0,0.0,0.0,0.015625,0.0
4,0,0.921875,0.0625,0.0,0.0,0.0,0.0,0.0,0.0,0.0,0.0,0.015625,0.0
4,0,0.921875,0.0625,0.0,0.0,0.0,0.0,0.0,0.0,0.0,0.0,0.015625,0.0
4,0,0.921875,0.0625,0.0,0.0,0.0,0.0,0.0,0.0,0.0,0.0,0.015625,0.0
4,0,0.921875,0.0625,0.0,0.0,0.0,0.0,0.0,0.0,0.0,0.0,0.015625,0.0
4,0,0.921875,0.0625,0.0,0.0,0.0,0.0,0.0,0.0,0.0,0.0,0.015625,0.0
4,0,0.921875,0.0625,0.0,0.0,0.0,0.0,0.0,0.0,0.0,0.0,0.015625,0.0
4,0,0.921875,0.0625,0.0,0.0,0.0,0.0,0.0,0.0,0.0,0.0,0.015625,0.0
4,0,0.921875,0.0625,0.0,0.0,0.0,0.0,0.0,0.0,0.0,0.0,0.015625,0.0
4,0,0.921875,0.0625,0.0,0.0,0.0,0.0,0.0,0.0,0.0,0.0,0.015625,0.0
4,0,0.921875,0.0625,0.0,0.0,0.0,0.0,0.0,0.0,0.0,0.0,0.015625,0.0
4,0,0.921875,0.0625,0.0,0.0,0.0,0.0,0.0,0.0,0.0,0.0,0.015625,0.0
4,0,0.921875,0.0625,0.0,0.0,0.0,0.0,0.0,0.0,0.0,0.0,0.015625,0.0
4,0,0.921875,0.0625,0.0,0.0,0.0,0.0,0.0,0.0,0.0,0.0,0.015625,0.0
4,0,0.921875,0.0625,0.0,0.0,0.0,0.0,0.0,0.0,0.0,0.0,0.015625,0.0
4,0,0.921875,0.0625,0.0,0.0,0.0,0.0,0.0,0.0,0.0,0.0,0.015625,0.0
4,0,0.921875,0.0625,0.0,0.0,0.0,0.0,0.0,0.0,0.0,0.0,0.015625,0.0
4,0,0.921875,0.0625,0.0,0.0,0.0,0.0,0.0,0.0,0.0,0.0,0.015625,0.0
4,0,0.921875,0.0625,0.0,0.0,0.0,0.0,0.0,0.0,0.0,0.0,0.015625,0.0
4,0,0.921875,0.0625,0.0,0.0,0.0,0.0,0.0,0.0,0.0,0.0,0.015625,0.0
4,0,0.921875,0.0625,0.0,0.0,0.0,0.0,0.0,0.0,0.0,0.0,0.015625,0.0
4,0,0.921875,0.0625,0.0,0.0,0.0,0.0,0.0,0.0,0.0,0.0,0.015625,0.0
4,0,0.921875,0.0625,0.0,0.0,0.0,0.0,0.0,0.0,0.0,0.0,0.015625,0.0
4,0,0.921875,0.0625,0.0,0.0,0.0,0.0,0.0,0.0,0.0,0.0,0.015625,0.0
4,0,0.921875,0.0625,0.0,0.0,0.0,0.0,0.0,0.0,0.0,0.0,0.015625,0.0
4,0,0.921875,0.0625,0.0,0.0,0.0,0.0,0.0,0.0,0.0,0.0,0.015625,0.0
4,0,0.921875,0.0625,0.0,0.0,0.0,0.0,0.0,0.0,0.0,0.0,0.015625,0.0
4,0,0.921875,0.0625,0.0,0.0,0.0,0.0,0.0,0.0,0.0,0.0,0.015625,0.0
4,0,0.921875,0.0625,0.0,0.0,0.0,0.0,0.0,0.0,0.0,0.0,0.015625,0.0
4,0,0.921875,0.0625,0.0,0.0,0.0,0.0,0.0,0.0,0.0,0.0,0.015625,0.0
4,0,0.921875,0.0625,0.0,0.0,0.0,0.0,0.0,0.0,0.0,0.0,0.015625,0.0
4,0,0.921875,0.0625,0.0,0.0,0.0,0.0,0.0,0.0,0.0,0.0,0.015625,0.0
4,0,0.921875,0.0625,0.0,0.0,0.0,0.0,0.0,0.0,0.0,0.0,0.015625,0.0
4,0,0.921875,0.0625,0.0,0.0,0.0,0.0,0.0,0.0,0.0,0.0,0.015625,0.0
4,0,0.921875,0.0625,0.0,0.0,0.0,0.0,0.0,0.0,0.0,0.0,0.015625,0.0
4,0,0.921875,0.0625,0.0,0.0,0.0,0.0,0.0,0.0,0.0,0.0,0.015625,0.0
4,0,0.921875,0.0625,0.0,0.0,0.0,0.0,0.0,0.0,0.0,0.0,0.015625,0.0
4,0,0.921875,0.0625,0.0,0.0,0.0,0.0,0.0,0.0,0.0,0.0,0.015625,0.0
4,0,0.921875,0.0625,0.0,0.0,0.0,0.0,0.0,0.0,0.0,0.0,0.015625,0.0
4,0,0.921875,0.0625,0.0,0.0,0.0,0.0,0.0,0.0,0.0,0.0,0.015625,0.0
4,0,0.921875,0.0625,0.0,0.0,0.0,0.0,0.0,0.0,0.0,0.0,0.015625,0.0
4,0,0.9375,0.0625,0.0,0.0,0.0,0.0,0.0,0.0,0.0,0.0,0.0,0.0
4,0,0.9375,0.0625,0.0,0.0,0.0,0.0,0.0,0.0,0.0,0.0,0.0,0.0
4,0,0.9375,0.0625,0.0,0.0,0.0,0.0,0.0,0.0,0.0,0.0,0.0,0.0
4,0,0.9375,0.0625,0.0,0.0,0.0,0.0,0.0,0.0,0.0,0.0,0.0,0.0
4,0,0.9375,0.0625,0.0,0.0,0.0,0.0,0.0,0.0,0.0,0.0,0.0,0.0
4,0,0.9375,0.0625,0.0,0.0,0.0,0.0,0.0,0.0,0.0,0.0,0.0,0.0
4,0,0.9375,0.0625,0.0,0.0,0.0,0.0,0.0,0.0,0.0,0.0,0.0,0.0
4,0,0.9375,0.0625,0.0,0.0,0.0,0.0,0.0,0.0,0.0,0.0,0.0,0.0
4,0,0.9375,0.0625,0.0,0.0,0.0,0.0,0.0,0.0,0.0,0.0,0.0,0.0
4,0,0.9375,0.0625,0.0,0.0,0.0,0.0,0.0,0.0,0.0,0.0,0.0,0.0
4,0,0.9375,0.0625,0.0,0.0,0.0,0.0,0.0,0.0,0.0,0.0,0.0,0.0
4,0,0.9375,0.0625,0.0,0.0,0.0,0.0,0.0,0.0,0.0,0.0,0.0,0.0
4,0,0.9375,0.0625,0.0,0.0,0.0,0.0,0.0,0.0,0.0,0.0,0.0,0.0
4,0,0.9375,0.0625,0.0,0.0,0.0,0.0,0.0,0.0,0.0,0.0,0.0,0.0
4,0,0.9375,0.0625,0.0,0.0,0.0,0.0,0.0,0.0,0.0,0.0,0.0,0.0
4,0,0.9375,0.0625,0.0,0.0,0.0,0.0,0.0,0.0,0.0,0.0,0.0,0.0
4,0,0.9375,0.0625,0.0,0.0,0.0,0.0,0.0,0.0,0.0,0.0,0.0,0.0
4,0,0.9375,0.0625,0.0,0.0,0.0,0.0,0.0,0.0,0.0,0.0,0.0,0.0
4,0,0.9375,0.0625,0.0,0.0,0.0,0.0,0.0,0.0,0.0,0.0,0.0,0.0
4,0,0.9375,0.0625,0.0,0.0,0.0,0.0,0.0,0.0,0.0,0.0,0.0,0.0
4,0,0.9375,0.0625,0.0,0.0,0.0,0.0,0.0,0.0,0.0,0.0,0.0,0.0
4,0,0.9375,0.0625,0.0,0.0,0.0,0.0,0.0,0.0,0.0,0.0,0.0,0.0
4,0,0.9375,0.0625,0.0,0.0,0.0,0.0,0.0,0.0,0.0,0.0,0.0,0.0
4,0,0.9375,0.0625,0.0,0.0,0.0,0.0,0.0,0.0,0.0,0.0,0.0,0.0
4,0,0.9375,0.0625,0.0,0.0,0.0,0.0,0.0,0.0,0.0,0.0,0.0,0.0
4,0,0.9375,0.0625,0.0,0.0,0.0,0.0,0.0,0.0,0.0,0.0,0.0,0.0
4,0,0.9375,0.0625,0.0,0.0,0.0,0.0,0.0,0.0,0.0,0.0,0.0,0.0
4,0,0.9375,0.0625,0.0,0.0,0.0,0.0,0.0,0.0,0.0,0.0,0.0,0.0
4,0,0.9375,0.0625,0.0,0.0,0.0,0.0,0.0,0.0,0.0,0.0,0.0,0.0
4,0,0.9375,0.0625,0.0,0.0,0.0,0.0,0.0,0.0,0.0,0.0,0.0,0.0
4,0,0.9375,0.0625,0.0,0.0,0.0,0.0,0.0,0.0,0.0,0.0,0.0,0.0
4,0,0.9375,0.0625,0.0,0.0,0.0,0.0,0.0,0.0,0.0,0.0,0.0,0.0
4,0,0.9375,0.0625,0.0,0.0,0.0,0.0,0.0,0.0,0.0,0.0,0.0,0.0
4,0,0.9375,0.0625,0.0,0.0,0.0,0.0,0.0,0.0,0.0,0.0,0.0,0.0
4,0,0.9375,0.0625,0.0,0.0,0.0,0.0,0.0,0.0,0.0,0.0,0.0,0.0
4,0,0.9375,0.0625,0.0,0.0,0.0,0.0,0.0,0.0,0.0,0.0,0.0,0.0
4,0,0.9375,0.0625,0.0,0.0,0.0,0.0,0.0,0.0,0.0,0.0,0.0,0.0
4,0,0.9375,0.0625,0.0,0.0,0.0,0.0,0.0,0.0,0.0,0.0,0.0,0.0
4,0,0.9375,0.0625,0.0,0.0,0.0,0.0,0.0,0.0,0.0,0.0,0.0,0.0
4,0,0.9375,0.0625,0.0,0.0,0.0,0.0,0.0,0.0,0.0,0.0,0.0,0.0
4,0,0.9375,0.0625,0.0,0.0,0.0,0.0,0.0,0.0,0.0,0.0,0.0,0.0
4,0,0.9375,0.0625,0.0,0.0,0.0,0.0,0.0,0.0,0.0,0.0,0.0,0.0
4,0,0.9375,0.0625,0.0,0.0,0.0,0.0,0.0,0.0,0.0,0.0,0.0,0.0
4,0,0.9375,0.0625,0.0,0.0,0.0,0.0,0.0,0.0,0.0,0.0,0.0,0.0
4,0,0.9375,0.0625,0.0,0.0,0.0,0.0,0.0,0.0,0.0,0.0,0.0,0.0
4,0,0.9375,0.0625,0.0,0.0,0.0,0.0,0.0,0.0,0.0,0.0,0.0,0.0
4,0,0.9375,0.0625,0.0,0.0,0.0,0.0,0.0,0.0,0.0,0.0,0.0,0.0
4,0,0.9375,0.0625,0.0,0.0,0.0,0.0,0.0,0.0,0.0,0.0,0.0,0.0
4,0,0.9375,0.0625,0.0,0.0,0.0,0.0,0.0,0.0,0.0,0.0,0.0,0.0
4,0,0.9375,0.0625,0.0,0.0,0.0,0.0,0.0,0.0,0.0,0.0,0.0,0.0
4,0,0.9375,0.0625,0.0,0.0,0.0,0.0,0.0,0.0,0.0,0.0,0.0,0.0
4,0,0.9375,0.0625,0.0,0.0,0.0,0.0,0.0,0.0,0.0,0.0,0.0,0.0
4,0,0.9375,0.0625,0.0,0.0,0.0,0.0,0.0,0.0,0.0,0.0,0.0,0.0
4,0,0.9375,0.0625,0.0,0.0,0.0,0.0,0.0,0.0,0.0,0.0,0.0,0.0
4,0,0.9375,0.0625,0.0,0.0,0.0,0.0,0.0,0.0,0.0,0.0,0.0,0.0
4,0,0.9375,0.0625,0.0,0.0,0.0,0.0,0.0,0.0,0.0,0.0,0.0,0.0
4,0,0.9375,0.0625,0.0,0.0,0.0,0.0,0.0,0.0,0.0,0.0,0.0,0.0
4,0,0.9375,0.0625,0.0,0.0,0.0,0.0,0.0,0.0,0.0,0.0,0.0,0.0
4,0,0.9375,0.0625,0.0,0.0,0.0,0.0,0.0,0.0,0.0,0.0,0.0,0.0
4,0,0.9375,0.0625,0.0,0.0,0.0,0.0,0.0,0.0,0.0,0.0,0.0,0.0
4,0,0.9375,0.0625,0.0,0.0,0.0,0.0,0.0,0.0,0.0,0.0,0.0,0.0
4,0,0.9375,0.0625,0.0,0.0,0.0,0.0,0.0,0.0,0.0,0.0,0.0,0.0
4,0,0.9375,0.0625,0.0,0.0,0.0,0.0,0.0,0.0,0.0,0.0,0.0,0.0
4,0,0.9375,0.0625,0.0,0.0,0.0,0.0,0.0,0.0,0.0,0.0,0.0,0.0
4,0,0.9375,0.0625,0.0,0.0,0.0,0.0,0.0,0.0,0.0,0.0,0.0,0.0
4,0,0.9375,0.0625,0.0,0.0,0.0,0.0,0.0,0.0,0.0,0.0,0.0,0.0
4,0,0.9375,0.0625,0.0,0.0,0.0,0.0,0.0,0.0,0.0,0.0,0.0,0.0
4,0,0.9375,0.0625,0.0,0.0,0.0,0.0,0.0,0.0,0.0,0.0,0.0,0.0
4,0,0.9375,0.0625,0.0,0.0,0.0,0.0,0.0,0.0,0.0,0.0,0.0,0.0
4,0,0.9375,0.0625,0.0,0.0,0.0,0.0,0.0,0.0,0.0,0.0,0.0,0.0
4,0,0.9375,0.0625,0.0,0.0,0.0,0.0,0.0,0.0,0.0,0.0,0.0,0.0
4,0,0.9375,0.0625,0.0,0.0,0.0,0.0,0.0,0.0,0.0,0.0,0.0,0.0
4,0,0.9375,0.0625,0.0,0.0,0.0,0.0,0.0,0.0,0.0,0.0,0.0,0.0
4,0,0.9375,0.0625,0.0,0.0,0.0,0.0,0.0,0.0,0.0,0.0,0.0,0.0
4,0,0.9375,0.0625,0.0,0.0,0.0,0.0,0.0,0.0,0.0,0.0,0.0,0.0
4,0,0.9375,0.0625,0.0,0.0,0.0,0.0,0.0,0.0,0.0,0.0,0.0,0.0
4,0,0.9375,0.0625,0.0,0.0,0.0,0.0,0.0,0.0,0.0,0.0,0.0,0.0
4,0,0.9375,0.0625,0.0,0.0,0.0,0.0,0.0,0.0,0.0,0.0,0.0,0.0
4,0,0.9375,0.0625,0.0,0.0,0.0,0.0,0.0,0.0,0.0,0.0,0.0,0.0
4,0,0.9375,0.0625,0.0,0.0,0.0,0.0,0.0,0.0,0.0,0.0,0.0,0.0
4,0,0.921875,0.0625,0.015625,0.0,0.0,0.0,0.0,0.0,0.0,0.0,0.0,0.0
4,0,0.921875,0.0625,0.015625,0.0,0.0,0.0,0.0,0.0,0.0,0.0,0.0,0.0
4,0,0.921875,0.0625,0.015625,0.0,0.0,0.0,0.0,0.0,0.0,0.0,0.0,0.0
4,0,0.921875,0.0625,0.015625,0.0,0.0,0.0,0.0,0.0,0.0,0.0,0.0,0.0
4,0,0.921875,0.0625,0.015625,0.0,0.0,0.0,0.0,0.0,0.0,0.0,0.0,0.0
4,0,0.921875,0.0625,0.015625,0.0,0.0,0.0,0.0,0.0,0.0,0.0,0.0,0.0
4,0,0.921875,0.0625,0.015625,0.0,0.0,0.0,0.0,0.0,0.0,0.0,0.0,0.0
4,0,0.921875,0.0625,0.015625,0.0,0.0,0.0,0.0,0.0,0.0,0.0,0.0,0.0
4,0,0.921875,0.0625,0.015625,0.0,0.0,0.0,0.0,0.0,0.0,0.0,0.0,0.0
4,0,0.921875,0.0625,0.015625,0.0,0.0,0.0,0.0,0.0,0.0,0.0,0.0,0.0
4,0,0.921875,0.0625,0.015625,0.0,0.0,0.0,0.0,0.0,0.0,0.0,0.0,0.0
4,0,0.921875,0.0625,0.015625,0.0,0.0,0.0,0.0,0.0,0.0,0.0,0.0,0.0
4,0,0.921875,0.0625,0.015625,0.0,0.0,0.0,0.0,0.0,0.0,0.0,0.0,0.0
4,0,0.921875,0.0625,0.015625,0.0,0.0,0.0,0.0,0.0,0.0,0.0,0.0,0.0
4,0,0.921875,0.0625,0.015625,0.0,0.0,0.0,0.0,0.0,0.0,0.0,0.0,0.0
4,0,0.921875,0.0625,0.015625,0.0,0.0,0.0,0.0,0.0,0.0,0.0,0.0,0.0
4,0,0.921875,0.0625,0.015625,0.0,0.0,0.0,0.0,0.0,0.0,0.0,0.0,0.0
4,0,0.921875,0.0625,0.015625,0.0,0.0,0.0,0.0,0.0,0.0,0.0,0.0,0.0
4,0,0.921875,0.0625,0.015625,0.0,0.0,0.0,0.0,0.0,0.0,0.0,0.0,0.0
4,0,0.921875,0.0625,0.015625,0.0,0.0,0.0,0.0,0.0,0.0,0.0,0.0,0.0
4,0,0.921875,0.0625,0.015625,0.0,0.0,0.0,0.0,0.0,0.0,0.0,0.0,0.0
4,0,0.921875,0.0625,0.015625,0.0,0.0,0.0,0.0,0.0,0.0,0.0,0.0,0.0
4,0,0.921875,0.0625,0.015625,0.0,0.0,0.0,0.0,0.0,0.0,0.0,0.0,0.0
4,0,0.921875,0.0625,0.015625,0.0,0.0,0.0,0.0,0.0,0.0,0.0,0.0,0.0
4,0,0.921875,0.0625,0.015625,0.0,0.0,0.0,0.0,0.0,0.0,0.0,0.0,0.0
4,0,0.921875,0.0625,0.015625,0.0,0.0,0.0,0.0,0.0,0.0,0.0,0.0,0.0
4,0,0.921875,0.0625,0.015625,0.0,0.0,0.0,0.0,0.0,0.0,0.0,0.0,0.0
4,0,0.921875,0.0625,0.015625,0.0,0.0,0.0,0.0,0.0,0.0,0.0,0.0,0.0
4,0,0.921875,0.0625,0.015625,0.0,0.0,0.0,0.0,0.0,0.0,0.0,0.0,0.0
4,0,0.921875,0.0625,0.015625,0.0,0.0,0.0,0.0,0.0,0.0,0.0,0.0,0.0
4,0,0.921875,0.0625,0.015625,0.0,0.0,0.0,0.0,0.0,0.0,0.0,0.0,0.0
4,0,0.921875,0.0625,0.015625,0.0,0.0,0.0,0.0,0.0,0.0,0.0,0.0,0.0
4,0,0.921875,0.0625,0.015625,0.0,0.0,0.0,0.0,0.0,0.0,0.0,0.0,0.0
4,0,0.921875,0.0625,0.015625,0.0,0.0,0.0,0.0,0.0,0.0,0.0,0.0,0.0
4,0,0.921875,0.0625,0.015625,0.0,0.0,0.0,0.0,0.0,0.0,0.0,0.0,0.0
4,0,0.921875,0.0625,0.015625,0.0,0.0,0.0,0.0,0.0,0.0,0.0,0.0,0.0
4,0,0.921875,0.0625,0.015625,0.0,0.0,0.0,0.0,0.0,0.0,0.0,0.0,0.0
4,0,0.921875,0.0625,0.015625,0.0,0.0,0.0,0.0,0.0,0.0,0.0,0.0,0.0
4,0,0.921875,0.0625,0.015625,0.0,0.0,0.0,0.0,0.0,0.0,0.0,0.0,0.0
4,0,0.921875,0.0625,0.015625,0.0,0.0,0.0,0.0,0.0,0.0,0.0,0.0,0.0
4,0,0.921875,0.0625,0.015625,0.0,0.0,0.0,0.0,0.0,0.0,0.0,0.0,0.0
4,0,0.921875,0.0625,0.015625,0.0,0.0,0.0,0.0,0.0,0.0,0.0,0.0,0.0
4,0,0.921875,0.0625,0.015625,0.0,0.0,0.0,0.0,0.0,0.0,0.0,0.0,0.0
4,0,0.921875,0.0625,0.015625,0.0,0.0,0.0,0.0,0.0,0.0,0.0,0.0,0.0
4,0,0.921875,0.0625,0.015625,0.0,0.0,0.0,0.0,0.0,0.0,0.0,0.0,0.0
4,0,0.921875,0.0625,0.015625,0.0,0.0,0.0,0.0,0.0,0.0,0.0,0.0,0.0
4,0,0.921875,0.0625,0.015625,0.0,0.0,0.0,0.0,0.0,0.0,0.0,0.0,0.0
4,0,0.921875,0.0625,0.015625,0.0,0.0,0.0,0.0,0.0,0.0,0.0,0.0,0.0
4,0,0.9375,0.0625,0.0,0.0,0.0,0.0,0.0,0.0,0.0,0.0,0.0,0.0
4,0,0.9375,0.0625,0.0,0.0,0.0,0.0,0.0,0.0,0.0,0.0,0.0,0.0
4,0,0.9375,0.0625,0.0,0.0,0.0,0.0,0.0,0.0,0.0,0.0,0.0,0.0
4,0,0.9375,0.0625,0.0,0.0,0.0,0.0,0.0,0.0,0.0,0.0,0.0,0.0
4,0,0.9375,0.0625,0.0,0.0,0.0,0.0,0.0,0.0,0.0,0.0,0.0,0.0
4,0,0.9375,0.0625,0.0,0.0,0.0,0.0,0.0,0.0,0.0,0.0,0.0,0.0
4,0,0.9375,0.0625,0.0,0.0,0.0,0.0,0.0,0.0,0.0,0.0,0.0,0.0
4,0,0.9375,0.0625,0.0,0.0,0.0,0.0,0.0,0.0,0.0,0.0,0.0,0.0
4,0,0.9375,0.0625,0.0,0.0,0.0,0.0,0.0,0.0,0.0,0.0,0.0,0.0
4,0,0.9375,0.0625,0.0,0.0,0.0,0.0,0.0,0.0,0.0,0.0,0.0,0.0
4,0,0.9375,0.0625,0.0,0.0,0.0,0.0,0.0,0.0,0.0,0.0,0.0,0.0
4,0,0.9375,0.0625,0.0,0.0,0.0,0.0,0.0,0.0,0.0,0.0,0.0,0.0
4,0,0.9375,0.0625,0.0,0.0,0.0,0.0,0.0,0.0,0.0,0.0,0.0,0.0
4,0,0.9375,0.0625,0.0,0.0,0.0,0.0,0.0,0.0,0.0,0.0,0.0,0.0
4,0,0.9375,0.0625,0.0,0.0,0.0,0.0,0.0,0.0,0.0,0.0,0.0,0.0
4,0,0.9375,0.0625,0.0,0.0,0.0,0.0,0.0,0.0,0.0,0.0,0.0,0.0
4,0,0.9375,0.0625,0.0,0.0,0.0,0.0,0.0,0.0,0.0,0.0,0.0,0.0
4,0,0.9375,0.0625,0.0,0.0,0.0,0.0,0.0,0.0,0.0,0.0,0.0,0.0
4,0,0.9375,0.0625,0.0,0.0,0.0,0.0,0.0,0.0,0.0,0.0,0.0,0.0
4,0,0.9375,0.0625,0.0,0.0,0.0,0.0,0.0,0.0,0.0,0.0,0.0,0.0
4,0,0.9375,0.0625,0.0,0.0,0.0,0.0,0.0,0.0,0.0,0.0,0.0,0.0
4,0,0.9375,0.0625,0.0,0.0,0.0,0.0,0.0,0.0,0.0,0.0,0.0,0.0
4,0,0.9375,0.0625,0.0,0.0,0.0,0.0,0.0,0.0,0.0,0.0,0.0,0.0
4,0,0.9375,0.0625,0.0,0.0,0.0,0.0,0.0,0.0,0.0,0.0,0.0,0.0
4,0,0.9375,0.0625,0.0,0.0,0.0,0.0,0.0,0.0,0.0,0.0,0.0,0.0
4,0,0.9375,0.0625,0.0,0.0,0.0,0.0,0.0,0.0,0.0,0.0,0.0,0.0
4,0,0.9375,0.0625,0.0,0.0,0.0,0.0,0.0,0.0,0.0,0.0,0.0,0.0
4,0,0.9375,0.0625,0.0,0.0,0.0,0.0,0.0,0.0,0.0,0.0,0.0,0.0
4,0,0.9375,0.0625,0.0,0.0,0.0,0.0,0.0,0.0,0.0,0.0,0.0,0.0
4,0,0.9375,0.0625,0.0,0.0,0.0,0.0,0.0,0.0,0.0,0.0,0.0,0.0
4,0,0.9375,0.0625,0.0,0.0,0.0,0.0,0.0,0.0,0.0,0.0,0.0,0.0
4,0,0.9375,0.0625,0.0,0.0,0.0,0.0,0.0,0.0,0.0,0.0,0.0,0.0
4,0,0.9375,0.0625,0.0,0.0,0.0,0.0,0.0,0.0,0.0,0.0,0.0,0.0
4,0,0.9375,0.0625,0.0,0.0,0.0,0.0,0.0,0.0,0.0,0.0,0.0,0.0
4,0,0.9375,0.0625,0.0,0.0,0.0,0.0,0.0,0.0,0.0,0.0,0.0,0.0
4,0,0.9375,0.0625,0.0,0.0,0.0,0.0,0.0,0.0,0.0,0.0,0.0,0.0
4,0,0.9375,0.0625,0.0,0.0,0.0,0.0,0.0,0.0,0.0,0.0,0.0,0.0
4,0,0.9375,0.0625,0.0,0.0,0.0,0.0,0.0,0.0,0.0,0.0,0.0,0.0
4,0,0.9375,0.0625,0.0,0.0,0.0,0.0,0.0,0.0,0.0,0.0,0.0,0.0
4,0,0.9375,0.0625,0.0,0.0,0.0,0.0,0.0,0.0,0.0,0.0,0.0,0.0
4,0,0.9375,0.0625,0.0,0.0,0.0,0.0,0.0,0.0,0.0,0.0,0.0,0.0
4,0,0.9375,0.0625,0.0,0.0,0.0,0.0,0.0,0.0,0.0,0.0,0.0,0.0
4,0,0.9375,0.0625,0.0,0.0,0.0,0.0,0.0,0.0,0.0,0.0,0.0,0.0
4,0,0.9375,0.0625,0.0,0.0,0.0,0.0,0.0,0.0,0.0,0.0,0.0,0.0
4,0,0.9375,0.0625,0.0,0.0,0.0,0.0,0.0,0.0,0.0,0.0,0.0,0.0
4,0,0.9375,0.0625,0.0,0.0,0.0,0.0,0.0,0.0,0.0,0.0,0.0,0.0
4,0,0.9375,0.0625,0.0,0.0,0.0,0.0,0.0,0.0,0.0,0.0,0.0,0.0
4,0,0.9375,0.0625,0.0,0.0,0.0,0.0,0.0,0.0,0.0,0.0,0.0,0.0
4,0,0.9375,0.0625,0.0,0.0,0.0,0.0,0.0,0.0,0.0,0.0,0.0,0.0
4,0,0.9375,0.0625,0.0,0.0,0.0,0.0,0.0,0.0,0.0,0.0,0.0,0.0
4,0,0.9375,0.0625,0.0,0.0,0.0,0.0,0.0,0.0,0.0,0.0,0.0,0.0
4,0,0.9375,0.0625,0.0,0.0,0.0,0.0,0.0,0.0,0.0,0.0,0.0,0.0
4,0,0.9375,0.0625,0.0,0.0,0.0,0.0,0.0,0.0,0.0,0.0,0.0,0.0
4,0,0.9375,0.0625,0.0,0.0,0.0,0.0,0.0,0.0,0.0,0.0,0.0,0.0
4,0,0.9375,0.0625,0.0,0.0,0.0,0.0,0.0,0.0,0.0,0.0,0.0,0.0
4,0,0.9375,0.0625,0.0,0.0,0.0,0.0,0.0,0.0,0.0,0.0,0.0,0.0
4,0,0.9375,0.0625,0.0,0.0,0.0,0.0,0.0,0.0,0.0,0.0,0.0,0.0
4,0,0.9375,0.0625,0.0,0.0,0.0,0.0,0.0,0.0,0.0,0.0,0.0,0.0
4,0,0.9375,0.0625,0.0,0.0,0.0,0.0,0.0,0.0,0.0,0.0,0.0,0.0
4,0,0.9375,0.0625,0.0,0.0,0.0,0.0,0.0,0.0,0.0,0.0,0.0,0.0
4,0,0.9375,0.0625,0.0,0.0,0.0,0.0,0.0,0.0,0.0,0.0,0.0,0.0
4,0,0.9375,0.0625,0.0,0.0,0.0,0.0,0.0,0.0,0.0,0.0,0.0,0.0
4,0,0.9375,0.0625,0.0,0.0,0.0,0.0,0.0,0.0,0.0,0.0,0.0,0.0
4,0,0.9375,0.0625,0.0,0.0,0.0,0.0,0.0,0.0,0.0,0.0,0.0,0.0
4,0,0.9375,0.0625,0.0,0.0,0.0,0.0,0.0,0.0,0.0,0.0,0.0,0.0
4,0,0.9375,0.0625,0.0,0.0,0.0,0.0,0.0,0.0,0.0,0.0,0.0,0.0
4,0,0.9375,0.0625,0.0,0.0,0.0,0.0,0.0,0.0,0.0,0.0,0.0,0.0
4,0,0.9375,0.0625,0.0,0.0,0.0,0.0,0.0,0.0,0.0,0.0,0.0,0.0
4,0,0.9375,0.0625,0.0,0.0,0.0,0.0,0.0,0.0,0.0,0.0,0.0,0.0
4,0,0.9375,0.0625,0.0,0.0,0.0,0.0,0.0,0.0,0.0,0.0,0.0,0.0
4,0,0.9375,0.0625,0.0,0.0,0.0,0.0,0.0,0.0,0.0,0.0,0.0,0.0
4,0,0.9375,0.0625,0.0,0.0,0.0,0.0,0.0,0.0,0.0,0.0,0.0,0.0
4,0,0.9375,0.0625,0.0,0.0,0.0,0.0,0.0,0.0,0.0,0.0,0.0,0.0
4,0,0.9375,0.0625,0.0,0.0,0.0,0.0,0.0,0.0,0.0,0.0,0.0,0.0
4,0,0.9375,0.0625,0.0,0.0,0.0,0.0,0.0,0.0,0.0,0.0,0.0,0.0
4,0,0.9375,0.0625,0.0,0.0,0.0,0.0,0.0,0.0,0.0,0.0,0.0,0.0
4,0,0.9375,0.0625,0.0,0.0,0.0,0.0,0.0,0.0,0.0,0.0,0.0,0.0
4,0,0.9375,0.0625,0.0,0.0,0.0,0.0,0.0,0.0,0.0,0.0,0.0,0.0
4,0,0.9375,0.0625,0.0,0.0,0.0,0.0,0.0,0.0,0.0,0.0,0.0,0.0
4,0,0.9375,0.0625,0.0,0.0,0.0,0.0,0.0,0.0,0.0,0.0,0.0,0.0
4,0,0.921875,0.078125,0.0,0.0,0.0,0.0,0.0,0.0,0.0,0.0,0.0,0.0
4,0,0.921875,0.078125,0.0,0.0,0.0,0.0,0.0,0.0,0.0,0.0,0.0,0.0
4,0,0.921875,0.078125,0.0,0.0,0.0,0.0,0.0,0.0,0.0,0.0,0.0,0.0
4,0,0.921875,0.078125,0.0,0.0,0.0,0.0,0.0,0.0,0.0,0.0,0.0,0.0
4,0,0.921875,0.078125,0.0,0.0,0.0,0.0,0.0,0.0,0.0,0.0,0.0,0.0
4,0,0.921875,0.078125,0.0,0.0,0.0,0.0,0.0,0.0,0.0,0.0,0.0,0.0
4,0,0.921875,0.078125,0.0,0.0,0.0,0.0,0.0,0.0,0.0,0.0,0.0,0.0
4,0,0.921875,0.078125,0.0,0.0,0.0,0.0,0.0,0.0,0.0,0.0,0.0,0.0
4,0,0.921875,0.078125,0.0,0.0,0.0,0.0,0.0,0.0,0.0,0.0,0.0,0.0
4,0,0.921875,0.078125,0.0,0.0,0.0,0.0,0.0,0.0,0.0,0.0,0.0,0.0
4,0,0.921875,0.078125,0.0,0.0,0.0,0.0,0.0,0.0,0.0,0.0,0.0,0.0
4,0,0.921875,0.078125,0.0,0.0,0.0,0.0,0.0,0.0,0.0,0.0,0.0,0.0
4,0,0.921875,0.078125,0.0,0.0,0.0,0.0,0.0,0.0,0.0,0.0,0.0,0.0
4,0,0.921875,0.078125,0.0,0.0,0.0,0.0,0.0,0.0,0.0,0.0,0.0,0.0
4,0,0.921875,0.078125,0.0,0.0,0.0,0.0,0.0,0.0,0.0,0.0,0.0,0.0
4,0,0.921875,0.078125,0.0,0.0,0.0,0.0,0.0,0.0,0.0,0.0,0.0,0.0
4,0,0.921875,0.078125,0.0,0.0,0.0,0.0,0.0,0.0,0.0,0.0,0.0,0.0
4,0,0.921875,0.078125,0.0,0.0,0.0,0.0,0.0,0.0,0.0,0.0,0.0,0.0
4,0,0.921875,0.078125,0.0,0.0,0.0,0.0,0.0,0.0,0.0,0.0,0.0,0.0
4,0,0.921875,0.078125,0.0,0.0,0.0,0.0,0.0,0.0,0.0,0.0,0.0,0.0
4,0,0.921875,0.078125,0.0,0.0,0.0,0.0,0.0,0.0,0.0,0.0,0.0,0.0
4,0,0.921875,0.078125,0.0,0.0,0.0,0.0,0.0,0.0,0.0,0.0,0.0,0.0
4,0,0.921875,0.078125,0.0,0.0,0.0,0.0,0.0,0.0,0.0,0.0,0.0,0.0
4,0,0.921875,0.078125,0.0,0.0,0.0,0.0,0.0,0.0,0.0,0.0,0.0,0.0
4,0,0.921875,0.078125,0.0,0.0,0.0,0.0,0.0,0.0,0.0,0.0,0.0,0.0
4,0,0.921875,0.078125,0.0,0.0,0.0,0.0,0.0,0.0,0.0,0.0,0.0,0.0
4,0,0.921875,0.078125,0.0,0.0,0.0,0.0,0.0,0.0,0.0,0.0,0.0,0.0
4,0,0.921875,0.078125,0.0,0.0,0.0,0.0,0.0,0.0,0.0,0.0,0.0,0.0
4,0,0.921875,0.078125,0.0,0.0,0.0,0.0,0.0,0.0,0.0,0.0,0.0,0.0
4,0,0.921875,0.078125,0.0,0.0,0.0,0.0,0.0,0.0,0.0,0.0,0.0,0.0
4,0,0.921875,0.078125,0.0,0.0,0.0,0.0,0.0,0.0,0.0,0.0,0.0,0.0
4,0,0.921875,0.078125,0.0,0.0,0.0,0.0,0.0,0.0,0.0,0.0,0.0,0.0
4,0,0.921875,0.078125,0.0,0.0,0.0,0.0,0.0,0.0,0.0,0.0,0.0,0.0
4,0,0.921875,0.078125,0.0,0.0,0.0,0.0,0.0,0.0,0.0,0.0,0.0,0.0
4,0,0.921875,0.078125,0.0,0.0,0.0,0.0,0.0,0.0,0.0,0.0,0.0,0.0
4,0,0.921875,0.078125,0.0,0.0,0.0,0.0,0.0,0.0,0.0,0.0,0.0,0.0
4,0,0.921875,0.078125,0.0,0.0,0.0,0.0,0.0,0.0,0.0,0.0,0.0,0.0
4,0,0.921875,0.078125,0.0,0.0,0.0,0.0,0.0,0.0,0.0,0.0,0.0,0.0
4,0,0.921875,0.078125,0.0,0.0,0.0,0.0,0.0,0.0,0.0,0.0,0.0,0.0
4,0,0.921875,0.078125,0.0,0.0,0.0,0.0,0.0,0.0,0.0,0.0,0.0,0.0
4,0,0.921875,0.078125,0.0,0.0,0.0,0.0,0.0,0.0,0.0,0.0,0.0,0.0
4,0,0.921875,0.078125,0.0,0.0,0.0,0.0,0.0,0.0,0.0,0.0,0.0,0.0
4,0,0.921875,0.078125,0.0,0.0,0.0,0.0,0.0,0.0,0.0,0.0,0.0,0.0
4,0,0.921875,0.078125,0.0,0.0,0.0,0.0,0.0,0.0,0.0,0.0,0.0,0.0
4,0,0.921875,0.078125,0.0,0.0,0.0,0.0,0.0,0.0,0.0,0.0,0.0,0.0
4,0,0.921875,0.078125,0.0,0.0,0.0,0.0,0.0,0.0,0.0,0.0,0.0,0.0
4,0,0.921875,0.078125,0.0,0.0,0.0,0.0,0.0,0.0,0.0,0.0,0.0,0.0
4,0,0.921875,0.078125,0.0,0.0,0.0,0.0,0.0,0.0,0.0,0.0,0.0,0.0
4,0,0.921875,0.078125,0.0,0.0,0.0,0.0,0.0,0.0,0.0,0.0,0.0,0.0
4,0,0.921875,0.078125,0.0,0.0,0.0,0.0,0.0,0.0,0.0,0.0,0.0,0.0
4,0,0.921875,0.078125,0.0,0.0,0.0,0.0,0.0,0.0,0.0,0.0,0.0,0.0
4,0,0.921875,0.078125,0.0,0.0,0.0,0.0,0.0,0.0,0.0,0.0,0.0,0.0
4,0,0.921875,0.078125,0.0,0.0,0.0,0.0,0.0,0.0,0.0,0.0,0.0,0.0
4,0,0.921875,0.078125,0.0,0.0,0.0,0.0,0.0,0.0,0.0,0.0,0.0,0.0
4,0,0.921875,0.078125,0.0,0.0,0.0,0.0,0.0,0.0,0.0,0.0,0.0,0.0
4,0,0.921875,0.078125,0.0,0.0,0.0,0.0,0.0,0.0,0.0,0.0,0.0,0.0
4,0,0.921875,0.078125,0.0,0.0,0.0,0.0,0.0,0.0,0.0,0.0,0.0,0.0
4,0,0.921875,0.078125,0.0,0.0,0.0,0.0,0.0,0.0,0.0,0.0,0.0,0.0
4,0,0.921875,0.078125,0.0,0.0,0.0,0.0,0.0,0.0,0.0,0.0,0.0,0.0
4,0,0.921875,0.078125,0.0,0.0,0.0,0.0,0.0,0.0,0.0,0.0,0.0,0.0
4,0,0.921875,0.078125,0.0,0.0,0.0,0.0,0.0,0.0,0.0,0.0,0.0,0.0
4,0,0.921875,0.078125,0.0,0.0,0.0,0.0,0.0,0.0,0.0,0.0,0.0,0.0
4,0,0.921875,0.078125,0.0,0.0,0.0,0.0,0.0,0.0,0.0,0.0,0.0,0.0
4,0,0.921875,0.078125,0.0,0.0,0.0,0.0,0.0,0.0,0.0,0.0,0.0,0.0
4,0,0.921875,0.078125,0.0,0.0,0.0,0.0,0.0,0.0,0.0,0.0,0.0,0.0
4,0,0.921875,0.078125,0.0,0.0,0.0,0.0,0.0,0.0,0.0,0.0,0.0,0.0
4,0,0.921875,0.078125,0.0,0.0,0.0,0.0,0.0,0.0,0.0,0.0,0.0,0.0
4,0,0.921875,0.078125,0.0,0.0,0.0,0.0,0.0,0.0,0.0,0.0,0.0,0.0
4,0,0.921875,0.078125,0.0,0.0,0.0,0.0,0.0,0.0,0.0,0.0,0.0,0.0
4,0,0.921875,0.078125,0.0,0.0,0.0,0.0,0.0,0.0,0.0,0.0,0.0,0.0
4,0,0.921875,0.078125,0.0,0.0,0.0,0.0,0.0,0.0,0.0,0.0,0.0,0.0
4,0,0.921875,0.078125,0.0,0.0,0.0,0.0,0.0,0.0,0.0,0.0,0.0,0.0
4,0,0.921875,0.078125,0.0,0.0,0.0,0.0,0.0,0.0,0.0,0.0,0.0,0.0
4,0,0.921875,0.078125,0.0,0.0,0.0,0.0,0.0,0.0,0.0,0.0,0.0,0.0
4,0,0.921875,0.078125,0.0,0.0,0.0,0.0,0.0,0.0,0.0,0.0,0.0,0.0
4,0,0.921875,0.078125,0.0,0.0,0.0,0.0,0.0,0.0,0.0,0.0,0.0,0.0
4,0,0.921875,0.078125,0.0,0.0,0.0,0.0,0.0,0.0,0.0,0.0,0.0,0.0
4,0,0.921875,0.078125,0.0,0.0,0.0,0.0,0.0,0.0,0.0,0.0,0.0,0.0
4,0,0.921875,0.078125,0.0,0.0,0.0,0.0,0.0,0.0,0.0,0.0,0.0,0.0
4,0,0.921875,0.078125,0.0,0.0,0.0,0.0,0.0,0.0,0.0,0.0,0.0,0.0
4,0,0.921875,0.078125,0.0,0.0,0.0,0.0,0.0,0.0,0.0,0.0,0.0,0.0
4,0,0.921875,0.078125,0.0,0.0,0.0,0.0,0.0,0.0,0.0,0.0,0.0,0.0
4,0,0.921875,0.078125,0.0,0.0,0.0,0.0,0.0,0.0,0.0,0.0,0.0,0.0
4,0,0.921875,0.078125,0.0,0.0,0.0,0.0,0.0,0.0,0.0,0.0,0.0,0.0
4,0,0.921875,0.078125,0.0,0.0,0.0,0.0,0.0,0.0,0.0,0.0,0.0,0.0
4,0,0.921875,0.078125,0.0,0.0,0.0,0.0,0.0,0.0,0.0,0.0,0.0,0.0
4,0,0.921875,0.078125,0.0,0.0,0.0,0.0,0.0,0.0,0.0,0.0,0.0,0.0
4,0,0.921875,0.078125,0.0,0.0,0.0,0.0,0.0,0.0,0.0,0.0,0.0,0.0
4,0,0.921875,0.078125,0.0,0.0,0.0,0.0,0.0,0.0,0.0,0.0,0.0,0.0
4,0,0.921875,0.078125,0.0,0.0,0.0,0.0,0.0,0.0,0.0,0.0,0.0,0.0
4,0,0.921875,0.078125,0.0,0.0,0.0,0.0,0.0,0.0,0.0,0.0,0.0,0.0
4,0,0.921875,0.078125,0.0,0.0,0.0,0.0,0.0,0.0,0.0,0.0,0.0,0.0
4,0,0.921875,0.078125,0.0,0.0,0.0,0.0,0.0,0.0,0.0,0.0,0.0,0.0
4,0,0.921875,0.078125,0.0,0.0,0.0,0.0,0.0,0.0,0.0,0.0,0.0,0.0
4,0,0.921875,0.078125,0.0,0.0,0.0,0.0,0.0,0.0,0.0,0.0,0.0,0.0
4,0,0.921875,0.078125,0.0,0.0,0.0,0.0,0.0,0.0,0.0,0.0,0.0,0.0
4,0,0.921875,0.078125,0.0,0.0,0.0,0.0,0.0,0.0,0.0,0.0,0.0,0.0
4,0,0.921875,0.078125,0.0,0.0,0.0,0.0,0.0,0.0,0.0,0.0,0.0,0.0
4,0,0.921875,0.078125,0.0,0.0,0.0,0.0,0.0,0.0,0.0,0.0,0.0,0.0
4,0,0.921875,0.078125,0.0,0.0,0.0,0.0,0.0,0.0,0.0,0.0,0.0,0.0
4,0,0.921875,0.078125,0.0,0.0,0.0,0.0,0.0,0.0,0.0,0.0,0.0,0.0
4,0,0.921875,0.078125,0.0,0.0,0.0,0.0,0.0,0.0,0.0,0.0,0.0,0.0
4,0,0.921875,0.078125,0.0,0.0,0.0,0.0,0.0,0.0,0.0,0.0,0.0,0.0
4,0,0.90625,0.09375,0.0,0.0,0.0,0.0,0.0,0.0,0.0,0.0,0.0,0.0
4,0,0.90625,0.09375,0.0,0.0,0.0,0.0,0.0,0.0,0.0,0.0,0.0,0.0
4,0,0.90625,0.09375,0.0,0.0,0.0,0.0,0.0,0.0,0.0,0.0,0.0,0.0
4,0,0.90625,0.09375,0.0,0.0,0.0,0.0,0.0,0.0,0.0,0.0,0.0,0.0
4,0,0.90625,0.09375,0.0,0.0,0.0,0.0,0.0,0.0,0.0,0.0,0.0,0.0
4,0,0.90625,0.09375,0.0,0.0,0.0,0.0,0.0,0.0,0.0,0.0,0.0,0.0
4,0,0.90625,0.09375,0.0,0.0,0.0,0.0,0.0,0.0,0.0,0.0,0.0,0.0
4,0,0.90625,0.09375,0.0,0.0,0.0,0.0,0.0,0.0,0.0,0.0,0.0,0.0
4,0,0.90625,0.09375,0.0,0.0,0.0,0.0,0.0,0.0,0.0,0.0,0.0,0.0
4,0,0.90625,0.09375,0.0,0.0,0.0,0.0,0.0,0.0,0.0,0.0,0.0,0.0
4,0,0.90625,0.09375,0.0,0.0,0.0,0.0,0.0,0.0,0.0,0.0,0.0,0.0
4,0,0.90625,0.09375,0.0,0.0,0.0,0.0,0.0,0.0,0.0,0.0,0.0,0.0
4,0,0.90625,0.09375,0.0,0.0,0.0,0.0,0.0,0.0,0.0,0.0,0.0,0.0
4,0,0.90625,0.09375,0.0,0.0,0.0,0.0,0.0,0.0,0.0,0.0,0.0,0.0
4,0,0.90625,0.09375,0.0,0.0,0.0,0.0,0.0,0.0,0.0,0.0,0.0,0.0
4,0,0.90625,0.09375,0.0,0.0,0.0,0.0,0.0,0.0,0.0,0.0,0.0,0.0
4,0,0.90625,0.09375,0.0,0.0,0.0,0.0,0.0,0.0,0.0,0.0,0.0,0.0
4,0,0.90625,0.09375,0.0,0.0,0.0,0.0,0.0,0.0,0.0,0.0,0.0,0.0
4,0,0.90625,0.09375,0.0,0.0,0.0,0.0,0.0,0.0,0.0,0.0,0.0,0.0
4,0,0.90625,0.09375,0.0,0.0,0.0,0.0,0.0,0.0,0.0,0.0,0.0,0.0
4,0,0.90625,0.09375,0.0,0.0,0.0,0.0,0.0,0.0,0.0,0.0,0.0,0.0
4,0,0.90625,0.09375,0.0,0.0,0.0,0.0,0.0,0.0,0.0,0.0,0.0,0.0
4,0,0.90625,0.09375,0.0,0.0,0.0,0.0,0.0,0.0,0.0,0.0,0.0,0.0
4,0,0.90625,0.09375,0.0,0.0,0.0,0.0,0.0,0.0,0.0,0.0,0.0,0.0
4,0,0.90625,0.09375,0.0,0.0,0.0,0.0,0.0,0.0,0.0,0.0,0.0,0.0
4,0,0.90625,0.09375,0.0,0.0,0.0,0.0,0.0,0.0,0.0,0.0,0.0,0.0
4,0,0.90625,0.09375,0.0,0.0,0.0,0.0,0.0,0.0,0.0,0.0,0.0,0.0
4,0,0.90625,0.09375,0.0,0.0,0.0,0.0,0.0,0.0,0.0,0.0,0.0,0.0
4,0,0.90625,0.09375,0.0,0.0,0.0,0.0,0.0,0.0,0.0,0.0,0.0,0.0
4,0,0.90625,0.09375,0.0,0.0,0.0,0.0,0.0,0.0,0.0,0.0,0.0,0.0
4,0,0.90625,0.09375,0.0,0.0,0.0,0.0,0.0,0.0,0.0,0.0,0.0,0.0
4,0,0.90625,0.09375,0.0,0.0,0.0,0.0,0.0,0.0,0.0,0.0,0.0,0.0
4,0,0.90625,0.09375,0.0,0.0,0.0,0.0,0.0,0.0,0.0,0.0,0.0,0.0
4,0,0.90625,0.09375,0.0,0.0,0.0,0.0,0.0,0.0,0.0,0.0,0.0,0.0
4,0,0.90625,0.09375,0.0,0.0,0.0,0.0,0.0,0.0,0.0,0.0,0.0,0.0
4,0,0.90625,0.09375,0.0,0.0,0.0,0.0,0.0,0.0,0.0,0.0,0.0,0.0
4,0,0.90625,0.09375,0.0,0.0,0.0,0.0,0.0,0.0,0.0,0.0,0.0,0.0
4,0,0.90625,0.09375,0.0,0.0,0.0,0.0,0.0,0.0,0.0,0.0,0.0,0.0
4,0,0.90625,0.09375,0.0,0.0,0.0,0.0,0.0,0.0,0.0,0.0,0.0,0.0
4,0,0.90625,0.09375,0.0,0.0,0.0,0.0,0.0,0.0,0.0,0.0,0.0,0.0
4,0,0.90625,0.09375,0.0,0.0,0.0,0.0,0.0,0.0,0.0,0.0,0.0,0.0
4,0,0.90625,0.09375,0.0,0.0,0.0,0.0,0.0,0.0,0.0,0.0,0.0,0.0
4,0,0.90625,0.09375,0.0,0.0,0.0,0.0,0.0,0.0,0.0,0.0,0.0,0.0
4,0,0.90625,0.09375,0.0,0.0,0.0,0.0,0.0,0.0,0.0,0.0,0.0,0.0
4,0,0.90625,0.09375,0.0,0.0,0.0,0.0,0.0,0.0,0.0,0.0,0.0,0.0
4,0,0.90625,0.09375,0.0,0.0,0.0,0.0,0.0,0.0,0.0,0.0,0.0,0.0
4,0,0.90625,0.09375,0.0,0.0,0.0,0.0,0.0,0.0,0.0,0.0,0.0,0.0
4,0,0.90625,0.09375,0.0,0.0,0.0,0.0,0.0,0.0,0.0,0.0,0.0,0.0
4,0,0.90625,0.09375,0.0,0.0,0.0,0.0,0.0,0.0,0.0,0.0,0.0,0.0
4,0,0.90625,0.09375,0.0,0.0,0.0,0.0,0.0,0.0,0.0,0.0,0.0,0.0
4,0,0.90625,0.09375,0.0,0.0,0.0,0.0,0.0,0.0,0.0,0.0,0.0,0.0
4,0,0.90625,0.09375,0.0,0.0,0.0,0.0,0.0,0.0,0.0,0.0,0.0,0.0
4,0,0.90625,0.09375,0.0,0.0,0.0,0.0,0.0,0.0,0.0,0.0,0.0,0.0
4,0,0.90625,0.09375,0.0,0.0,0.0,0.0,0.0,0.0,0.0,0.0,0.0,0.0
4,0,0.90625,0.09375,0.0,0.0,0.0,0.0,0.0,0.0,0.0,0.0,0.0,0.0
4,0,0.90625,0.09375,0.0,0.0,0.0,0.0,0.0,0.0,0.0,0.0,0.0,0.0
4,0,0.90625,0.09375,0.0,0.0,0.0,0.0,0.0,0.0,0.0,0.0,0.0,0.0
4,0,0.90625,0.09375,0.0,0.0,0.0,0.0,0.0,0.0,0.0,0.0,0.0,0.0
4,0,0.90625,0.09375,0.0,0.0,0.0,0.0,0.0,0.0,0.0,0.0,0.0,0.0
4,0,0.90625,0.09375,0.0,0.0,0.0,0.0,0.0,0.0,0.0,0.0,0.0,0.0
4,0,0.90625,0.09375,0.0,0.0,0.0,0.0,0.0,0.0,0.0,0.0,0.0,0.0
4,0,0.90625,0.09375,0.0,0.0,0.0,0.0,0.0,0.0,0.0,0.0,0.0,0.0
4,0,0.90625,0.09375,0.0,0.0,0.0,0.0,0.0,0.0,0.0,0.0,0.0,0.0
4,0,0.90625,0.09375,0.0,0.0,0.0,0.0,0.0,0.0,0.0,0.0,0.0,0.0
4,0,0.90625,0.09375,0.0,0.0,0.0,0.0,0.0,0.0,0.0,0.0,0.0,0.0
4,0,0.90625,0.09375,0.0,0.0,0.0,0.0,0.0,0.0,0.0,0.0,0.0,0.0
4,0,0.90625,0.09375,0.0,0.0,0.0,0.0,0.0,0.0,0.0,0.0,0.0,0.0
4,0,0.90625,0.09375,0.0,0.0,0.0,0.0,0.0,0.0,0.0,0.0,0.0,0.0
4,0,0.90625,0.09375,0.0,0.0,0.0,0.0,0.0,0.0,0.0,0.0,0.0,0.0
4,0,0.90625,0.09375,0.0,0.0,0.0,0.0,0.0,0.0,0.0,0.0,0.0,0.0
4,0,0.90625,0.09375,0.0,0.0,0.0,0.0,0.0,0.0,0.0,0.0,0.0,0.0
4,0,0.90625,0.09375,0.0,0.0,0.0,0.0,0.0,0.0,0.0,0.0,0.0,0.0
4,0,0.90625,0.09375,0.0,0.0,0.0,0.0,0.0,0.0,0.0,0.0,0.0,0.0
4,0,0.890625,0.109375,0.0,0.0,0.0,0.0,0.0,0.0,0.0,0.0,0.0,0.0
4,0,0.890625,0.109375,0.0,0.0,0.0,0.0,0.0,0.0,0.0,0.0,0.0,0.0
4,0,0.890625,0.109375,0.0,0.0,0.0,0.0,0.0,0.0,0.0,0.0,0.0,0.0
4,0,0.890625,0.109375,0.0,0.0,0.0,0.0,0.0,0.0,0.0,0.0,0.0,0.0
4,0,0.890625,0.109375,0.0,0.0,0.0,0.0,0.0,0.0,0.0,0.0,0.0,0.0
4,0,0.890625,0.109375,0.0,0.0,0.0,0.0,0.0,0.0,0.0,0.0,0.0,0.0
4,0,0.890625,0.109375,0.0,0.0,0.0,0.0,0.0,0.0,0.0,0.0,0.0,0.0
4,0,0.890625,0.109375,0.0,0.0,0.0,0.0,0.0,0.0,0.0,0.0,0.0,0.0
4,0,0.890625,0.109375,0.0,0.0,0.0,0.0,0.0,0.0,0.0,0.0,0.0,0.0
4,0,0.890625,0.109375,0.0,0.0,0.0,0.0,0.0,0.0,0.0,0.0,0.0,0.0
4,0,0.890625,0.109375,0.0,0.0,0.0,0.0,0.0,0.0,0.0,0.0,0.0,0.0
4,0,0.890625,0.109375,0.0,0.0,0.0,0.0,0.0,0.0,0.0,0.0,0.0,0.0
4,0,0.890625,0.109375,0.0,0.0,0.0,0.0,0.0,0.0,0.0,0.0,0.0,0.0
4,0,0.890625,0.109375,0.0,0.0,0.0,0.0,0.0,0.0,0.0,0.0,0.0,0.0
4,0,0.890625,0.109375,0.0,0.0,0.0,0.0,0.0,0.0,0.0,0.0,0.0,0.0
4,0,0.890625,0.109375,0.0,0.0,0.0,0.0,0.0,0.0,0.0,0.0,0.0,0.0
4,0,0.890625,0.109375,0.0,0.0,0.0,0.0,0.0,0.0,0.0,0.0,0.0,0.0
4,0,0.890625,0.109375,0.0,0.0,0.0,0.0,0.0,0.0,0.0,0.0,0.0,0.0
4,0,0.890625,0.109375,0.0,0.0,0.0,0.0,0.0,0.0,0.0,0.0,0.0,0.0
4,0,0.890625,0.109375,0.0,0.0,0.0,0.0,0.0,0.0,0.0,0.0,0.0,0.0
4,0,0.890625,0.109375,0.0,0.0,0.0,0.0,0.0,0.0,0.0,0.0,0.0,0.0
4,0,0.890625,0.109375,0.0,0.0,0.0,0.0,0.0,0.0,0.0,0.0,0.0,0.0
4,0,0.890625,0.109375,0.0,0.0,0.0,0.0,0.0,0.0,0.0,0.0,0.0,0.0
4,0,0.890625,0.109375,0.0,0.0,0.0,0.0,0.0,0.0,0.0,0.0,0.0,0.0
4,0,0.890625,0.109375,0.0,0.0,0.0,0.0,0.0,0.0,0.0,0.0,0.0,0.0
4,0,0.890625,0.109375,0.0,0.0,0.0,0.0,0.0,0.0,0.0,0.0,0.0,0.0
4,0,0.890625,0.109375,0.0,0.0,0.0,0.0,0.0,0.0,0.0,0.0,0.0,0.0
4,0,0.890625,0.109375,0.0,0.0,0.0,0.0,0.0,0.0,0.0,0.0,0.0,0.0
4,0,0.890625,0.109375,0.0,0.0,0.0,0.0,0.0,0.0,0.0,0.0,0.0,0.0
4,0,0.890625,0.109375,0.0,0.0,0.0,0.0,0.0,0.0,0.0,0.0,0.0,0.0
4,0,0.890625,0.109375,0.0,0.0,0.0,0.0,0.0,0.0,0.0,0.0,0.0,0.0
4,0,0.890625,0.109375,0.0,0.0,0.0,0.0,0.0,0.0,0.0,0.0,0.0,0.0
4,0,0.890625,0.109375,0.0,0.0,0.0,0.0,0.0,0.0,0.0,0.0,0.0,0.0
4,0,0.890625,0.109375,0.0,0.0,0.0,0.0,0.0,0.0,0.0,0.0,0.0,0.0
4,0,0.890625,0.109375,0.0,0.0,0.0,0.0,0.0,0.0,0.0,0.0,0.0,0.0
4,0,0.890625,0.109375,0.0,0.0,0.0,0.0,0.0,0.0,0.0,0.0,0.0,0.0
4,0,0.890625,0.109375,0.0,0.0,0.0,0.0,0.0,0.0,0.0,0.0,0.0,0.0
4,0,0.890625,0.109375,0.0,0.0,0.0,0.0,0.0,0.0,0.0,0.0,0.0,0.0
4,0,0.890625,0.109375,0.0,0.0,0.0,0.0,0.0,0.0,0.0,0.0,0.0,0.0
4,0,0.890625,0.109375,0.0,0.0,0.0,0.0,0.0,0.0,0.0,0.0,0.0,0.0
4,0,0.890625,0.109375,0.0,0.0,0.0,0.0,0.0,0.0,0.0,0.0,0.0,0.0
4,0,0.890625,0.109375,0.0,0.0,0.0,0.0,0.0,0.0,0.0,0.0,0.0,0.0
4,0,0.890625,0.109375,0.0,0.0,0.0,0.0,0.0,0.0,0.0,0.0,0.0,0.0
4,0,0.890625,0.109375,0.0,0.0,0.0,0.0,0.0,0.0,0.0,0.0,0.0,0.0
4,0,0.890625,0.109375,0.0,0.0,0.0,0.0,0.0,0.0,0.0,0.0,0.0,0.0
4,0,0.890625,0.109375,0.0,0.0,0.0,0.0,0.0,0.0,0.0,0.0,0.0,0.0
4,0,0.890625,0.109375,0.0,0.0,0.0,0.0,0.0,0.0,0.0,0.0,0.0,0.0
4,0,0.890625,0.109375,0.0,0.0,0.0,0.0,0.0,0.0,0.0,0.0,0.0,0.0
4,0,0.890625,0.109375,0.0,0.0,0.0,0.0,0.0,0.0,0.0,0.0,0.0,0.0
4,0,0.890625,0.109375,0.0,0.0,0.0,0.0,0.0,0.0,0.0,0.0,0.0,0.0
4,0,0.890625,0.109375,0.0,0.0,0.0,0.0,0.0,0.0,0.0,0.0,0.0,0.0
4,0,0.890625,0.109375,0.0,0.0,0.0,0.0,0.0,0.0,0.0,0.0,0.0,0.0
4,0,0.890625,0.109375,0.0,0.0,0.0,0.0,0.0,0.0,0.0,0.0,0.0,0.0
4,0,0.890625,0.109375,0.0,0.0,0.0,0.0,0.0,0.0,0.0,0.0,0.0,0.0
4,0,0.890625,0.109375,0.0,0.0,0.0,0.0,0.0,0.0,0.0,0.0,0.0,0.0
4,0,0.890625,0.109375,0.0,0.0,0.0,0.0,0.0,0.0,0.0,0.0,0.0,0.0
4,0,0.890625,0.109375,0.0,0.0,0.0,0.0,0.0,0.0,0.0,0.0,0.0,0.0
4,0,0.890625,0.109375,0.0,0.0,0.0,0.0,0.0,0.0,0.0,0.0,0.0,0.0
4,0,0.890625,0.109375,0.0,0.0,0.0,0.0,0.0,0.0,0.0,0.0,0.0,0.0
4,0,0.890625,0.109375,0.0,0.0,0.0,0.0,0.0,0.0,0.0,0.0,0.0,0.0
4,0,0.890625,0.109375,0.0,0.0,0.0,0.0,0.0,0.0,0.0,0.0,0.0,0.0
4,0,0.890625,0.109375,0.0,0.0,0.0,0.0,0.0,0.0,0.0,0.0,0.0,0.0
4,0,0.890625,0.109375,0.0,0.0,0.0,0.0,0.0,0.0,0.0,0.0,0.0,0.0
4,0,0.890625,0.109375,0.0,0.0,0.0,0.0,0.0,0.0,0.0,0.0,0.0,0.0
4,0,0.890625,0.109375,0.0,0.0,0.0,0.0,0.0,0.0,0.0,0.0,0.0,0.0
4,0,0.890625,0.109375,0.0,0.0,0.0,0.0,0.0,0.0,0.0,0.0,0.0,0.0
4,0,0.890625,0.109375,0.0,0.0,0.0,0.0,0.0,0.0,0.0,0.0,0.0,0.0
4,0,0.890625,0.109375,0.0,0.0,0.0,0.0,0.0,0.0,0.0,0.0,0.0,0.0
4,0,0.890625,0.109375,0.0,0.0,0.0,0.0,0.0,0.0,0.0,0.0,0.0,0.0
4,0,0.890625,0.109375,0.0,0.0,0.0,0.0,0.0,0.0,0.0,0.0,0.0,0.0
4,0,0.890625,0.109375,0.0,0.0,0.0,0.0,0.0,0.0,0.0,0.0,0.0,0.0
4,0,0.890625,0.109375,0.0,0.0,0.0,0.0,0.0,0.0,0.0,0.0,0.0,0.0
4,0,0.890625,0.109375,0.0,0.0,0.0,0.0,0.0,0.0,0.0,0.0,0.0,0.0
4,0,0.890625,0.109375,0.0,0.0,0.0,0.0,0.0,0.0,0.0,0.0,0.0,0.0
4,0,0.890625,0.109375,0.0,0.0,0.0,0.0,0.0,0.0,0.0,0.0,0.0,0.0
4,0,0.890625,0.109375,0.0,0.0,0.0,0.0,0.0,0.0,0.0,0.0,0.0,0.0
4,0,0.890625,0.109375,0.0,0.0,0.0,0.0,0.0,0.0,0.0,0.0,0.0,0.0
4,0,0.890625,0.109375,0.0,0.0,0.0,0.0,0.0,0.0,0.0,0.0,0.0,0.0
4,0,0.890625,0.109375,0.0,0.0,0.0,0.0,0.0,0.0,0.0,0.0,0.0,0.0
4,0,0.890625,0.109375,0.0,0.0,0.0,0.0,0.0,0.0,0.0,0.0,0.0,0.0
4,0,0.90625,0.09375,0.0,0.0,0.0,0.0,0.0,0.0,0.0,0.0,0.0,0.0
4,0,0.90625,0.09375,0.0,0.0,0.0,0.0,0.0,0.0,0.0,0.0,0.0,0.0
4,0,0.90625,0.09375,0.0,0.0,0.0,0.0,0.0,0.0,0.0,0.0,0.0,0.0
4,0,0.90625,0.09375,0.0,0.0,0.0,0.0,0.0,0.0,0.0,0.0,0.0,0.0
4,0,0.90625,0.09375,0.0,0.0,0.0,0.0,0.0,0.0,0.0,0.0,0.0,0.0
4,0,0.90625,0.09375,0.0,0.0,0.0,0.0,0.0,0.0,0.0,0.0,0.0,0.0
4,0,0.90625,0.09375,0.0,0.0,0.0,0.0,0.0,0.0,0.0,0.0,0.0,0.0
4,0,0.90625,0.09375,0.0,0.0,0.0,0.0,0.0,0.0,0.0,0.0,0.0,0.0
4,0,0.90625,0.09375,0.0,0.0,0.0,0.0,0.0,0.0,0.0,0.0,0.0,0.0
4,0,0.90625,0.09375,0.0,0.0,0.0,0.0,0.0,0.0,0.0,0.0,0.0,0.0
4,0,0.90625,0.09375,0.0,0.0,0.0,0.0,0.0,0.0,0.0,0.0,0.0,0.0
4,0,0.90625,0.09375,0.0,0.0,0.0,0.0,0.0,0.0,0.0,0.0,0.0,0.0
4,0,0.90625,0.09375,0.0,0.0,0.0,0.0,0.0,0.0,0.0,0.0,0.0,0.0
4,0,0.90625,0.09375,0.0,0.0,0.0,0.0,0.0,0.0,0.0,0.0,0.0,0.0
4,0,0.90625,0.09375,0.0,0.0,0.0,0.0,0.0,0.0,0.0,0.0,0.0,0.0
4,0,0.90625,0.09375,0.0,0.0,0.0,0.0,0.0,0.0,0.0,0.0,0.0,0.0
4,0,0.90625,0.09375,0.0,0.0,0.0,0.0,0.0,0.0,0.0,0.0,0.0,0.0
4,0,0.90625,0.09375,0.0,0.0,0.0,0.0,0.0,0.0,0.0,0.0,0.0,0.0
4,0,0.90625,0.09375,0.0,0.0,0.0,0.0,0.0,0.0,0.0,0.0,0.0,0.0
4,0,0.90625,0.09375,0.0,0.0,0.0,0.0,0.0,0.0,0.0,0.0,0.0,0.0
4,0,0.90625,0.09375,0.0,0.0,0.0,0.0,0.0,0.0,0.0,0.0,0.0,0.0
4,0,0.90625,0.09375,0.0,0.0,0.0,0.0,0.0,0.0,0.0,0.0,0.0,0.0
4,0,0.90625,0.09375,0.0,0.0,0.0,0.0,0.0,0.0,0.0,0.0,0.0,0.0
4,0,0.90625,0.09375,0.0,0.0,0.0,0.0,0.0,0.0,0.0,0.0,0.0,0.0
4,0,0.90625,0.09375,0.0,0.0,0.0,0.0,0.0,0.0,0.0,0.0,0.0,0.0
4,0,0.90625,0.09375,0.0,0.0,0.0,0.0,0.0,0.0,0.0,0.0,0.0,0.0
4,0,0.90625,0.09375,0.0,0.0,0.0,0.0,0.0,0.0,0.0,0.0,0.0,0.0
4,0,0.90625,0.09375,0.0,0.0,0.0,0.0,0.0,0.0,0.0,0.0,0.0,0.0
4,0,0.90625,0.09375,0.0,0.0,0.0,0.0,0.0,0.0,0.0,0.0,0.0,0.0
4,0,0.90625,0.09375,0.0,0.0,0.0,0.0,0.0,0.0,0.0,0.0,0.0,0.0
4,0,0.90625,0.09375,0.0,0.0,0.0,0.0,0.0,0.0,0.0,0.0,0.0,0.0
4,0,0.90625,0.09375,0.0,0.0,0.0,0.0,0.0,0.0,0.0,0.0,0.0,0.0
4,0,0.921875,0.078125,0.0,0.0,0.0,0.0,0.0,0.0,0.0,0.0,0.0,0.0
4,0,0.921875,0.078125,0.0,0.0,0.0,0.0,0.0,0.0,0.0,0.0,0.0,0.0
4,0,0.921875,0.078125,0.0,0.0,0.0,0.0,0.0,0.0,0.0,0.0,0.0,0.0
4,0,0.921875,0.078125,0.0,0.0,0.0,0.0,0.0,0.0,0.0,0.0,0.0,0.0
4,0,0.921875,0.078125,0.0,0.0,0.0,0.0,0.0,0.0,0.0,0.0,0.0,0.0
4,0,0.921875,0.078125,0.0,0.0,0.0,0.0,0.0,0.0,0.0,0.0,0.0,0.0
4,0,0.921875,0.078125,0.0,0.0,0.0,0.0,0.0,0.0,0.0,0.0,0.0,0.0
4,0,0.921875,0.078125,0.0,0.0,0.0,0.0,0.0,0.0,0.0,0.0,0.0,0.0
4,0,0.921875,0.078125,0.0,0.0,0.0,0.0,0.0,0.0,0.0,0.0,0.0,0.0
4,0,0.921875,0.078125,0.0,0.0,0.0,0.0,0.0,0.0,0.0,0.0,0.0,0.0
4,0,0.921875,0.078125,0.0,0.0,0.0,0.0,0.0,0.0,0.0,0.0,0.0,0.0
4,0,0.921875,0.078125,0.0,0.0,0.0,0.0,0.0,0.0,0.0,0.0,0.0,0.0
4,0,0.921875,0.078125,0.0,0.0,0.0,0.0,0.0,0.0,0.0,0.0,0.0,0.0
4,0,0.921875,0.078125,0.0,0.0,0.0,0.0,0.0,0.0,0.0,0.0,0.0,0.0
4,0,0.921875,0.078125,0.0,0.0,0.0,0.0,0.0,0.0,0.0,0.0,0.0,0.0
4,0,0.921875,0.078125,0.0,0.0,0.0,0.0,0.0,0.0,0.0,0.0,0.0,0.0
4,0,0.921875,0.078125,0.0,0.0,0.0,0.0,0.0,0.0,0.0,0.0,0.0,0.0
4,0,0.921875,0.078125,0.0,0.0,0.0,0.0,0.0,0.0,0.0,0.0,0.0,0.0
4,0,0.921875,0.078125,0.0,0.0,0.0,0.0,0.0,0.0,0.0,0.0,0.0,0.0
4,0,0.921875,0.078125,0.0,0.0,0.0,0.0,0.0,0.0,0.0,0.0,0.0,0.0
4,0,0.921875,0.078125,0.0,0.0,0.0,0.0,0.0,0.0,0.0,0.0,0.0,0.0
4,0,0.921875,0.078125,0.0,0.0,0.0,0.0,0.0,0.0,0.0,0.0,0.0,0.0
4,0,0.921875,0.078125,0.0,0.0,0.0,0.0,0.0,0.0,0.0,0.0,0.0,0.0
4,0,0.921875,0.078125,0.0,0.0,0.0,0.0,0.0,0.0,0.0,0.0,0.0,0.0
4,0,0.921875,0.078125,0.0,0.0,0.0,0.0,0.0,0.0,0.0,0.0,0.0,0.0
4,0,0.921875,0.078125,0.0,0.0,0.0,0.0,0.0,0.0,0.0,0.0,0.0,0.0
4,0,0.921875,0.078125,0.0,0.0,0.0,0.0,0.0,0.0,0.0,0.0,0.0,0.0
4,0,0.921875,0.078125,0.0,0.0,0.0,0.0,0.0,0.0,0.0,0.0,0.0,0.0
4,0,0.921875,0.078125,0.0,0.0,0.0,0.0,0.0,0.0,0.0,0.0,0.0,0.0
4,0,0.921875,0.078125,0.0,0.0,0.0,0.0,0.0,0.0,0.0,0.0,0.0,0.0
4,0,0.921875,0.078125,0.0,0.0,0.0,0.0,0.0,0.0,0.0,0.0,0.0,0.0
4,0,0.921875,0.078125,0.0,0.0,0.0,0.0,0.0,0.0,0.0,0.0,0.0,0.0
4,0,0.921875,0.078125,0.0,0.0,0.0,0.0,0.0,0.0,0.0,0.0,0.0,0.0
4,0,0.921875,0.078125,0.0,0.0,0.0,0.0,0.0,0.0,0.0,0.0,0.0,0.0
4,0,0.921875,0.078125,0.0,0.0,0.0,0.0,0.0,0.0,0.0,0.0,0.0,0.0
4,0,0.921875,0.078125,0.0,0.0,0.0,0.0,0.0,0.0,0.0,0.0,0.0,0.0
4,0,0.921875,0.078125,0.0,0.0,0.0,0.0,0.0,0.0,0.0,0.0,0.0,0.0
4,0,0.921875,0.078125,0.0,0.0,0.0,0.0,0.0,0.0,0.0,0.0,0.0,0.0
4,0,0.921875,0.078125,0.0,0.0,0.0,0.0,0.0,0.0,0.0,0.0,0.0,0.0
4,0,0.921875,0.078125,0.0,0.0,0.0,0.0,0.0,0.0,0.0,0.0,0.0,0.0
4,0,0.921875,0.078125,0.0,0.0,0.0,0.0,0.0,0.0,0.0,0.0,0.0,0.0
4,0,0.921875,0.078125,0.0,0.0,0.0,0.0,0.0,0.0,0.0,0.0,0.0,0.0
4,0,0.921875,0.078125,0.0,0.0,0.0,0.0,0.0,0.0,0.0,0.0,0.0,0.0
4,0,0.921875,0.078125,0.0,0.0,0.0,0.0,0.0,0.0,0.0,0.0,0.0,0.0
4,0,0.921875,0.078125,0.0,0.0,0.0,0.0,0.0,0.0,0.0,0.0,0.0,0.0
4,0,0.921875,0.078125,0.0,0.0,0.0,0.0,0.0,0.0,0.0,0.0,0.0,0.0
4,0,0.921875,0.078125,0.0,0.0,0.0,0.0,0.0,0.0,0.0,0.0,0.0,0.0
4,0,0.921875,0.078125,0.0,0.0,0.0,0.0,0.0,0.0,0.0,0.0,0.0,0.0
4,0,0.921875,0.078125,0.0,0.0,0.0,0.0,0.0,0.0,0.0,0.0,0.0,0.0
4,0,0.921875,0.078125,0.0,0.0,0.0,0.0,0.0,0.0,0.0,0.0,0.0,0.0
4,0,0.921875,0.078125,0.0,0.0,0.0,0.0,0.0,0.0,0.0,0.0,0.0,0.0
4,0,0.921875,0.078125,0.0,0.0,0.0,0.0,0.0,0.0,0.0,0.0,0.0,0.0
4,0,0.921875,0.078125,0.0,0.0,0.0,0.0,0.0,0.0,0.0,0.0,0.0,0.0
4,0,0.921875,0.078125,0.0,0.0,0.0,0.0,0.0,0.0,0.0,0.0,0.0,0.0
4,0,0.921875,0.078125,0.0,0.0,0.0,0.0,0.0,0.0,0.0,0.0,0.0,0.0
4,0,0.921875,0.078125,0.0,0.0,0.0,0.0,0.0,0.0,0.0,0.0,0.0,0.0
4,0,0.921875,0.078125,0.0,0.0,0.0,0.0,0.0,0.0,0.0,0.0,0.0,0.0
4,0,0.921875,0.078125,0.0,0.0,0.0,0.0,0.0,0.0,0.0,0.0,0.0,0.0
4,0,0.921875,0.078125,0.0,0.0,0.0,0.0,0.0,0.0,0.0,0.0,0.0,0.0
4,0,0.921875,0.078125,0.0,0.0,0.0,0.0,0.0,0.0,0.0,0.0,0.0,0.0
4,0,0.921875,0.078125,0.0,0.0,0.0,0.0,0.0,0.0,0.0,0.0,0.0,0.0
4,0,0.921875,0.078125,0.0,0.0,0.0,0.0,0.0,0.0,0.0,0.0,0.0,0.0
4,0,0.921875,0.078125,0.0,0.0,0.0,0.0,0.0,0.0,0.0,0.0,0.0,0.0
4,0,0.921875,0.078125,0.0,0.0,0.0,0.0,0.0,0.0,0.0,0.0,0.0,0.0
4,0,0.921875,0.078125,0.0,0.0,0.0,0.0,0.0,0.0,0.0,0.0,0.0,0.0
4,0,0.921875,0.078125,0.0,0.0,0.0,0.0,0.0,0.0,0.0,0.0,0.0,0.0
4,0,0.921875,0.078125,0.0,0.0,0.0,0.0,0.0,0.0,0.0,0.0,0.0,0.0
4,0,0.921875,0.078125,0.0,0.0,0.0,0.0,0.0,0.0,0.0,0.0,0.0,0.0
4,0,0.921875,0.078125,0.0,0.0,0.0,0.0,0.0,0.0,0.0,0.0,0.0,0.0
4,0,0.921875,0.078125,0.0,0.0,0.0,0.0,0.0,0.0,0.0,0.0,0.0,0.0
4,0,0.921875,0.078125,0.0,0.0,0.0,0.0,0.0,0.0,0.0,0.0,0.0,0.0
4,0,0.921875,0.078125,0.0,0.0,0.0,0.0,0.0,0.0,0.0,0.0,0.0,0.0
4,0,0.921875,0.078125,0.0,0.0,0.0,0.0,0.0,0.0,0.0,0.0,0.0,0.0
4,0,0.921875,0.078125,0.0,0.0,0.0,0.0,0.0,0.0,0.0,0.0,0.0,0.0
4,0,0.921875,0.078125,0.0,0.0,0.0,0.0,0.0,0.0,0.0,0.0,0.0,0.0
4,0,0.921875,0.078125,0.0,0.0,0.0,0.0,0.0,0.0,0.0,0.0,0.0,0.0
4,0,0.921875,0.078125,0.0,0.0,0.0,0.0,0.0,0.0,0.0,0.0,0.0,0.0
4,0,0.921875,0.078125,0.0,0.0,0.0,0.0,0.0,0.0,0.0,0.0,0.0,0.0
4,0,0.921875,0.078125,0.0,0.0,0.0,0.0,0.0,0.0,0.0,0.0,0.0,0.0
4,0,0.921875,0.078125,0.0,0.0,0.0,0.0,0.0,0.0,0.0,0.0,0.0,0.0
4,0,0.921875,0.078125,0.0,0.0,0.0,0.0,0.0,0.0,0.0,0.0,0.0,0.0
4,0,0.921875,0.078125,0.0,0.0,0.0,0.0,0.0,0.0,0.0,0.0,0.0,0.0
4,0,0.921875,0.078125,0.0,0.0,0.0,0.0,0.0,0.0,0.0,0.0,0.0,0.0
4,0,0.9375,0.0625,0.0,0.0,0.0,0.0,0.0,0.0,0.0,0.0,0.0,0.0
4,0,0.9375,0.0625,0.0,0.0,0.0,0.0,0.0,0.0,0.0,0.0,0.0,0.0
4,0,0.9375,0.0625,0.0,0.0,0.0,0.0,0.0,0.0,0.0,0.0,0.0,0.0
4,0,0.9375,0.0625,0.0,0.0,0.0,0.0,0.0,0.0,0.0,0.0,0.0,0.0
4,0,0.9375,0.0625,0.0,0.0,0.0,0.0,0.0,0.0,0.0,0.0,0.0,0.0
4,0,0.9375,0.0625,0.0,0.0,0.0,0.0,0.0,0.0,0.0,0.0,0.0,0.0
4,0,0.9375,0.0625,0.0,0.0,0.0,0.0,0.0,0.0,0.0,0.0,0.0,0.0
4,0,0.9375,0.0625,0.0,0.0,0.0,0.0,0.0,0.0,0.0,0.0,0.0,0.0
4,0,0.9375,0.0625,0.0,0.0,0.0,0.0,0.0,0.0,0.0,0.0,0.0,0.0
4,0,0.9375,0.0625,0.0,0.0,0.0,0.0,0.0,0.0,0.0,0.0,0.0,0.0
4,0,0.9375,0.0625,0.0,0.0,0.0,0.0,0.0,0.0,0.0,0.0,0.0,0.0
4,0,0.9375,0.0625,0.0,0.0,0.0,0.0,0.0,0.0,0.0,0.0,0.0,0.0
4,0,0.9375,0.0625,0.0,0.0,0.0,0.0,0.0,0.0,0.0,0.0,0.0,0.0
4,0,0.9375,0.0625,0.0,0.0,0.0,0.0,0.0,0.0,0.0,0.0,0.0,0.0
4,0,0.9375,0.0625,0.0,0.0,0.0,0.0,0.0,0.0,0.0,0.0,0.0,0.0
4,0,0.9375,0.0625,0.0,0.0,0.0,0.0,0.0,0.0,0.0,0.0,0.0,0.0
4,0,0.9375,0.0625,0.0,0.0,0.0,0.0,0.0,0.0,0.0,0.0,0.0,0.0
4,0,0.9375,0.0625,0.0,0.0,0.0,0.0,0.0,0.0,0.0,0.0,0.0,0.0
4,0,0.9375,0.0625,0.0,0.0,0.0,0.0,0.0,0.0,0.0,0.0,0.0,0.0
4,0,0.9375,0.0625,0.0,0.0,0.0,0.0,0.0,0.0,0.0,0.0,0.0,0.0
4,0,0.9375,0.0625,0.0,0.0,0.0,0.0,0.0,0.0,0.0,0.0,0.0,0.0
4,0,0.9375,0.0625,0.0,0.0,0.0,0.0,0.0,0.0,0.0,0.0,0.0,0.0
4,0,0.9375,0.0625,0.0,0.0,0.0,0.0,0.0,0.0,0.0,0.0,0.0,0.0
4,0,0.9375,0.0625,0.0,0.0,0.0,0.0,0.0,0.0,0.0,0.0,0.0,0.0
4,0,0.9375,0.0625,0.0,0.0,0.0,0.0,0.0,0.0,0.0,0.0,0.0,0.0
4,0,0.9375,0.0625,0.0,0.0,0.0,0.0,0.0,0.0,0.0,0.0,0.0,0.0
4,0,0.9375,0.0625,0.0,0.0,0.0,0.0,0.0,0.0,0.0,0.0,0.0,0.0
4,0,0.9375,0.0625,0.0,0.0,0.0,0.0,0.0,0.0,0.0,0.0,0.0,0.0
4,0,0.9375,0.0625,0.0,0.0,0.0,0.0,0.0,0.0,0.0,0.0,0.0,0.0
4,0,0.9375,0.0625,0.0,0.0,0.0,0.0,0.0,0.0,0.0,0.0,0.0,0.0
4,0,0.9375,0.0625,0.0,0.0,0.0,0.0,0.0,0.0,0.0,0.0,0.0,0.0
4,0,0.9375,0.0625,0.0,0.0,0.0,0.0,0.0,0.0,0.0,0.0,0.0,0.0
4,0,0.9375,0.0625,0.0,0.0,0.0,0.0,0.0,0.0,0.0,0.0,0.0,0.0
4,0,0.9375,0.0625,0.0,0.0,0.0,0.0,0.0,0.0,0.0,0.0,0.0,0.0
4,0,0.9375,0.0625,0.0,0.0,0.0,0.0,0.0,0.0,0.0,0.0,0.0,0.0
4,0,0.9375,0.0625,0.0,0.0,0.0,0.0,0.0,0.0,0.0,0.0,0.0,0.0
4,0,0.9375,0.0625,0.0,0.0,0.0,0.0,0.0,0.0,0.0,0.0,0.0,0.0
4,0,0.9375,0.0625,0.0,0.0,0.0,0.0,0.0,0.0,0.0,0.0,0.0,0.0
4,0,0.9375,0.0625,0.0,0.0,0.0,0.0,0.0,0.0,0.0,0.0,0.0,0.0
4,0,0.9375,0.0625,0.0,0.0,0.0,0.0,0.0,0.0,0.0,0.0,0.0,0.0
4,0,0.9375,0.0625,0.0,0.0,0.0,0.0,0.0,0.0,0.0,0.0,0.0,0.0
4,0,0.9375,0.0625,0.0,0.0,0.0,0.0,0.0,0.0,0.0,0.0,0.0,0.0
4,0,0.9375,0.0625,0.0,0.0,0.0,0.0,0.0,0.0,0.0,0.0,0.0,0.0
4,0,0.9375,0.0625,0.0,0.0,0.0,0.0,0.0,0.0,0.0,0.0,0.0,0.0
4,0,0.9375,0.0625,0.0,0.0,0.0,0.0,0.0,0.0,0.0,0.0,0.0,0.0
4,0,0.921875,0.078125,0.0,0.0,0.0,0.0,0.0,0.0,0.0,0.0,0.0,0.0
4,0,0.921875,0.078125,0.0,0.0,0.0,0.0,0.0,0.0,0.0,0.0,0.0,0.0
4,0,0.921875,0.078125,0.0,0.0,0.0,0.0,0.0,0.0,0.0,0.0,0.0,0.0
4,0,0.921875,0.078125,0.0,0.0,0.0,0.0,0.0,0.0,0.0,0.0,0.0,0.0
4,0,0.921875,0.078125,0.0,0.0,0.0,0.0,0.0,0.0,0.0,0.0,0.0,0.0
4,0,0.921875,0.078125,0.0,0.0,0.0,0.0,0.0,0.0,0.0,0.0,0.0,0.0
4,0,0.921875,0.078125,0.0,0.0,0.0,0.0,0.0,0.0,0.0,0.0,0.0,0.0
4,0,0.921875,0.078125,0.0,0.0,0.0,0.0,0.0,0.0,0.0,0.0,0.0,0.0
4,0,0.921875,0.078125,0.0,0.0,0.0,0.0,0.0,0.0,0.0,0.0,0.0,0.0
4,0,0.921875,0.078125,0.0,0.0,0.0,0.0,0.0,0.0,0.0,0.0,0.0,0.0
4,0,0.921875,0.078125,0.0,0.0,0.0,0.0,0.0,0.0,0.0,0.0,0.0,0.0
4,0,0.921875,0.078125,0.0,0.0,0.0,0.0,0.0,0.0,0.0,0.0,0.0,0.0
4,0,0.921875,0.078125,0.0,0.0,0.0,0.0,0.0,0.0,0.0,0.0,0.0,0.0
4,0,0.921875,0.078125,0.0,0.0,0.0,0.0,0.0,0.0,0.0,0.0,0.0,0.0
4,0,0.921875,0.078125,0.0,0.0,0.0,0.0,0.0,0.0,0.0,0.0,0.0,0.0
4,0,0.921875,0.078125,0.0,0.0,0.0,0.0,0.0,0.0,0.0,0.0,0.0,0.0
4,0,0.921875,0.078125,0.0,0.0,0.0,0.0,0.0,0.0,0.0,0.0,0.0,0.0
4,0,0.921875,0.078125,0.0,0.0,0.0,0.0,0.0,0.0,0.0,0.0,0.0,0.0
4,0,0.921875,0.078125,0.0,0.0,0.0,0.0,0.0,0.0,0.0,0.0,0.0,0.0
4,0,0.921875,0.078125,0.0,0.0,0.0,0.0,0.0,0.0,0.0,0.0,0.0,0.0
4,0,0.921875,0.078125,0.0,0.0,0.0,0.0,0.0,0.0,0.0,0.0,0.0,0.0
4,0,0.921875,0.078125,0.0,0.0,0.0,0.0,0.0,0.0,0.0,0.0,0.0,0.0
4,0,0.921875,0.078125,0.0,0.0,0.0,0.0,0.0,0.0,0.0,0.0,0.0,0.0
4,0,0.921875,0.078125,0.0,0.0,0.0,0.0,0.0,0.0,0.0,0.0,0.0,0.0
4,0,0.921875,0.078125,0.0,0.0,0.0,0.0,0.0,0.0,0.0,0.0,0.0,0.0
4,0,0.921875,0.078125,0.0,0.0,0.0,0.0,0.0,0.0,0.0,0.0,0.0,0.0
4,0,0.921875,0.078125,0.0,0.0,0.0,0.0,0.0,0.0,0.0,0.0,0.0,0.0
4,0,0.921875,0.078125,0.0,0.0,0.0,0.0,0.0,0.0,0.0,0.0,0.0,0.0
4,0,0.921875,0.078125,0.0,0.0,0.0,0.0,0.0,0.0,0.0,0.0,0.0,0.0
4,0,0.921875,0.078125,0.0,0.0,0.0,0.0,0.0,0.0,0.0,0.0,0.0,0.0
4,0,0.921875,0.078125,0.0,0.0,0.0,0.0,0.0,0.0,0.0,0.0,0.0,0.0
4,0,0.921875,0.078125,0.0,0.0,0.0,0.0,0.0,0.0,0.0,0.0,0.0,0.0
4,0,0.921875,0.078125,0.0,0.0,0.0,0.0,0.0,0.0,0.0,0.0,0.0,0.0
4,0,0.921875,0.078125,0.0,0.0,0.0,0.0,0.0,0.0,0.0,0.0,0.0,0.0
4,0,0.921875,0.078125,0.0,0.0,0.0,0.0,0.0,0.0,0.0,0.0,0.0,0.0
4,0,0.921875,0.078125,0.0,0.0,0.0,0.0,0.0,0.0,0.0,0.0,0.0,0.0
4,0,0.921875,0.078125,0.0,0.0,0.0,0.0,0.0,0.0,0.0,0.0,0.0,0.0
4,0,0.921875,0.078125,0.0,0.0,0.0,0.0,0.0,0.0,0.0,0.0,0.0,0.0
4,0,0.921875,0.078125,0.0,0.0,0.0,0.0,0.0,0.0,0.0,0.0,0.0,0.0
4,0,0.921875,0.078125,0.0,0.0,0.0,0.0,0.0,0.0,0.0,0.0,0.0,0.0
4,0,0.921875,0.078125,0.0,0.0,0.0,0.0,0.0,0.0,0.0,0.0,0.0,0.0
4,0,0.921875,0.078125,0.0,0.0,0.0,0.0,0.0,0.0,0.0,0.0,0.0,0.0
4,0,0.921875,0.078125,0.0,0.0,0.0,0.0,0.0,0.0,0.0,0.0,0.0,0.0
4,0,0.921875,0.078125,0.0,0.0,0.0,0.0,0.0,0.0,0.0,0.0,0.0,0.0
4,0,0.921875,0.078125,0.0,0.0,0.0,0.0,0.0,0.0,0.0,0.0,0.0,0.0
4,0,0.921875,0.078125,0.0,0.0,0.0,0.0,0.0,0.0,0.0,0.0,0.0,0.0
4,0,0.921875,0.078125,0.0,0.0,0.0,0.0,0.0,0.0,0.0,0.0,0.0,0.0
4,0,0.921875,0.078125,0.0,0.0,0.0,0.0,0.0,0.0,0.0,0.0,0.0,0.0
4,0,0.921875,0.078125,0.0,0.0,0.0,0.0,0.0,0.0,0.0,0.0,0.0,0.0
4,0,0.921875,0.078125,0.0,0.0,0.0,0.0,0.0,0.0,0.0,0.0,0.0,0.0
4,0,0.921875,0.078125,0.0,0.0,0.0,0.0,0.0,0.0,0.0,0.0,0.0,0.0
4,0,0.921875,0.078125,0.0,0.0,0.0,0.0,0.0,0.0,0.0,0.0,0.0,0.0
4,0,0.921875,0.078125,0.0,0.0,0.0,0.0,0.0,0.0,0.0,0.0,0.0,0.0
4,0,0.921875,0.078125,0.0,0.0,0.0,0.0,0.0,0.0,0.0,0.0,0.0,0.0
4,0,0.90625,0.09375,0.0,0.0,0.0,0.0,0.0,0.0,0.0,0.0,0.0,0.0
4,0,0.90625,0.09375,0.0,0.0,0.0,0.0,0.0,0.0,0.0,0.0,0.0,0.0
4,0,0.90625,0.09375,0.0,0.0,0.0,0.0,0.0,0.0,0.0,0.0,0.0,0.0
4,0,0.90625,0.09375,0.0,0.0,0.0,0.0,0.0,0.0,0.0,0.0,0.0,0.0
4,0,0.90625,0.09375,0.0,0.0,0.0,0.0,0.0,0.0,0.0,0.0,0.0,0.0
4,0,0.90625,0.09375,0.0,0.0,0.0,0.0,0.0,0.0,0.0,0.0,0.0,0.0
4,0,0.90625,0.09375,0.0,0.0,0.0,0.0,0.0,0.0,0.0,0.0,0.0,0.0
4,0,0.90625,0.09375,0.0,0.0,0.0,0.0,0.0,0.0,0.0,0.0,0.0,0.0
4,0,0.90625,0.09375,0.0,0.0,0.0,0.0,0.0,0.0,0.0,0.0,0.0,0.0
4,0,0.90625,0.09375,0.0,0.0,0.0,0.0,0.0,0.0,0.0,0.0,0.0,0.0
4,0,0.90625,0.09375,0.0,0.0,0.0,0.0,0.0,0.0,0.0,0.0,0.0,0.0
4,0,0.90625,0.09375,0.0,0.0,0.0,0.0,0.0,0.0,0.0,0.0,0.0,0.0
4,0,0.90625,0.09375,0.0,0.0,0.0,0.0,0.0,0.0,0.0,0.0,0.0,0.0
4,0,0.90625,0.09375,0.0,0.0,0.0,0.0,0.0,0.0,0.0,0.0,0.0,0.0
4,0,0.90625,0.09375,0.0,0.0,0.0,0.0,0.0,0.0,0.0,0.0,0.0,0.0
4,0,0.90625,0.09375,0.0,0.0,0.0,0.0,0.0,0.0,0.0,0.0,0.0,0.0
4,0,0.90625,0.09375,0.0,0.0,0.0,0.0,0.0,0.0,0.0,0.0,0.0,0.0
4,0,0.90625,0.09375,0.0,0.0,0.0,0.0,0.0,0.0,0.0,0.0,0.0,0.0
4,0,0.90625,0.09375,0.0,0.0,0.0,0.0,0.0,0.0,0.0,0.0,0.0,0.0
4,0,0.90625,0.09375,0.0,0.0,0.0,0.0,0.0,0.0,0.0,0.0,0.0,0.0
4,0,0.90625,0.09375,0.0,0.0,0.0,0.0,0.0,0.0,0.0,0.0,0.0,0.0
4,0,0.90625,0.09375,0.0,0.0,0.0,0.0,0.0,0.0,0.0,0.0,0.0,0.0
4,0,0.90625,0.09375,0.0,0.0,0.0,0.0,0.0,0.0,0.0,0.0,0.0,0.0
4,0,0.90625,0.09375,0.0,0.0,0.0,0.0,0.0,0.0,0.0,0.0,0.0,0.0
4,0,0.90625,0.09375,0.0,0.0,0.0,0.0,0.0,0.0,0.0,0.0,0.0,0.0
4,0,0.90625,0.09375,0.0,0.0,0.0,0.0,0.0,0.0,0.0,0.0,0.0,0.0
4,0,0.90625,0.09375,0.0,0.0,0.0,0.0,0.0,0.0,0.0,0.0,0.0,0.0
4,0,0.90625,0.09375,0.0,0.0,0.0,0.0,0.0,0.0,0.0,0.0,0.0,0.0
4,0,0.90625,0.09375,0.0,0.0,0.0,0.0,0.0,0.0,0.0,0.0,0.0,0.0
4,0,0.90625,0.09375,0.0,0.0,0.0,0.0,0.0,0.0,0.0,0.0,0.0,0.0
4,0,0.90625,0.09375,0.0,0.0,0.0,0.0,0.0,0.0,0.0,0.0,0.0,0.0
4,0,0.90625,0.09375,0.0,0.0,0.0,0.0,0.0,0.0,0.0,0.0,0.0,0.0
4,0,0.90625,0.09375,0.0,0.0,0.0,0.0,0.0,0.0,0.0,0.0,0.0,0.0
4,0,0.90625,0.09375,0.0,0.0,0.0,0.0,0.0,0.0,0.0,0.0,0.0,0.0
4,0,0.90625,0.09375,0.0,0.0,0.0,0.0,0.0,0.0,0.0,0.0,0.0,0.0
4,0,0.90625,0.09375,0.0,0.0,0.0,0.0,0.0,0.0,0.0,0.0,0.0,0.0
4,0,0.90625,0.09375,0.0,0.0,0.0,0.0,0.0,0.0,0.0,0.0,0.0,0.0
4,0,0.90625,0.09375,0.0,0.0,0.0,0.0,0.0,0.0,0.0,0.0,0.0,0.0
4,0,0.90625,0.09375,0.0,0.0,0.0,0.0,0.0,0.0,0.0,0.0,0.0,0.0
4,0,0.90625,0.09375,0.0,0.0,0.0,0.0,0.0,0.0,0.0,0.0,0.0,0.0
4,0,0.90625,0.09375,0.0,0.0,0.0,0.0,0.0,0.0,0.0,0.0,0.0,0.0
4,0,0.90625,0.09375,0.0,0.0,0.0,0.0,0.0,0.0,0.0,0.0,0.0,0.0
4,0,0.90625,0.09375,0.0,0.0,0.0,0.0,0.0,0.0,0.0,0.0,0.0,0.0
4,0,0.90625,0.09375,0.0,0.0,0.0,0.0,0.0,0.0,0.0,0.0,0.0,0.0
4,0,0.90625,0.09375,0.0,0.0,0.0,0.0,0.0,0.0,0.0,0.0,0.0,0.0
4,0,0.90625,0.09375,0.0,0.0,0.0,0.0,0.0,0.0,0.0,0.0,0.0,0.0
4,0,0.90625,0.09375,0.0,0.0,0.0,0.0,0.0,0.0,0.0,0.0,0.0,0.0
4,0,0.90625,0.09375,0.0,0.0,0.0,0.0,0.0,0.0,0.0,0.0,0.0,0.0
4,0,0.90625,0.09375,0.0,0.0,0.0,0.0,0.0,0.0,0.0,0.0,0.0,0.0
4,0,0.90625,0.09375,0.0,0.0,0.0,0.0,0.0,0.0,0.0,0.0,0.0,0.0
4,0,0.90625,0.09375,0.0,0.0,0.0,0.0,0.0,0.0,0.0,0.0,0.0,0.0
4,0,0.90625,0.09375,0.0,0.0,0.0,0.0,0.0,0.0,0.0,0.0,0.0,0.0
4,0,0.90625,0.09375,0.0,0.0,0.0,0.0,0.0,0.0,0.0,0.0,0.0,0.0
4,0,0.90625,0.09375,0.0,0.0,0.0,0.0,0.0,0.0,0.0,0.0,0.0,0.0
4,0,0.90625,0.09375,0.0,0.0,0.0,0.0,0.0,0.0,0.0,0.0,0.0,0.0
4,0,0.90625,0.09375,0.0,0.0,0.0,0.0,0.0,0.0,0.0,0.0,0.0,0.0
4,0,0.90625,0.09375,0.0,0.0,0.0,0.0,0.0,0.0,0.0,0.0,0.0,0.0
4,0,0.90625,0.09375,0.0,0.0,0.0,0.0,0.0,0.0,0.0,0.0,0.0,0.0
4,0,0.90625,0.09375,0.0,0.0,0.0,0.0,0.0,0.0,0.0,0.0,0.0,0.0
4,0,0.90625,0.09375,0.0,0.0,0.0,0.0,0.0,0.0,0.0,0.0,0.0,0.0
4,0,0.90625,0.09375,0.0,0.0,0.0,0.0,0.0,0.0,0.0,0.0,0.0,0.0
4,0,0.90625,0.09375,0.0,0.0,0.0,0.0,0.0,0.0,0.0,0.0,0.0,0.0
4,0,0.90625,0.09375,0.0,0.0,0.0,0.0,0.0,0.0,0.0,0.0,0.0,0.0
4,0,0.90625,0.09375,0.0,0.0,0.0,0.0,0.0,0.0,0.0,0.0,0.0,0.0
4,0,0.90625,0.09375,0.0,0.0,0.0,0.0,0.0,0.0,0.0,0.0,0.0,0.0
4,0,0.90625,0.09375,0.0,0.0,0.0,0.0,0.0,0.0,0.0,0.0,0.0,0.0
4,0,0.90625,0.09375,0.0,0.0,0.0,0.0,0.0,0.0,0.0,0.0,0.0,0.0
4,0,0.90625,0.09375,0.0,0.0,0.0,0.0,0.0,0.0,0.0,0.0,0.0,0.0
4,0,0.90625,0.09375,0.0,0.0,0.0,0.0,0.0,0.0,0.0,0.0,0.0,0.0
4,0,0.90625,0.09375,0.0,0.0,0.0,0.0,0.0,0.0,0.0,0.0,0.0,0.0
4,0,0.90625,0.09375,0.0,0.0,0.0,0.0,0.0,0.0,0.0,0.0,0.0,0.0
4,0,0.90625,0.09375,0.0,0.0,0.0,0.0,0.0,0.0,0.0,0.0,0.0,0.0
4,0,0.90625,0.09375,0.0,0.0,0.0,0.0,0.0,0.0,0.0,0.0,0.0,0.0
4,0,0.90625,0.09375,0.0,0.0,0.0,0.0,0.0,0.0,0.0,0.0,0.0,0.0
4,0,0.90625,0.09375,0.0,0.0,0.0,0.0,0.0,0.0,0.0,0.0,0.0,0.0
4,0,0.90625,0.09375,0.0,0.0,0.0,0.0,0.0,0.0,0.0,0.0,0.0,0.0
4,0,0.90625,0.09375,0.0,0.0,0.0,0.0,0.0,0.0,0.0,0.0,0.0,0.0
4,0,0.90625,0.09375,0.0,0.0,0.0,0.0,0.0,0.0,0.0,0.0,0.0,0.0
4,0,0.90625,0.09375,0.0,0.0,0.0,0.0,0.0,0.0,0.0,0.0,0.0,0.0
4,0,0.90625,0.09375,0.0,0.0,0.0,0.0,0.0,0.0,0.0,0.0,0.0,0.0
4,0,0.90625,0.09375,0.0,0.0,0.0,0.0,0.0,0.0,0.0,0.0,0.0,0.0
4,0,0.90625,0.09375,0.0,0.0,0.0,0.0,0.0,0.0,0.0,0.0,0.0,0.0
4,0,0.90625,0.09375,0.0,0.0,0.0,0.0,0.0,0.0,0.0,0.0,0.0,0.0
4,0,0.90625,0.09375,0.0,0.0,0.0,0.0,0.0,0.0,0.0,0.0,0.0,0.0
4,0,0.90625,0.09375,0.0,0.0,0.0,0.0,0.0,0.0,0.0,0.0,0.0,0.0
4,0,0.90625,0.09375,0.0,0.0,0.0,0.0,0.0,0.0,0.0,0.0,0.0,0.0
4,0,0.90625,0.09375,0.0,0.0,0.0,0.0,0.0,0.0,0.0,0.0,0.0,0.0
4,0,0.90625,0.09375,0.0,0.0,0.0,0.0,0.0,0.0,0.0,0.0,0.0,0.0
4,0,0.90625,0.09375,0.0,0.0,0.0,0.0,0.0,0.0,0.0,0.0,0.0,0.0
4,0,0.90625,0.09375,0.0,0.0,0.0,0.0,0.0,0.0,0.0,0.0,0.0,0.0
4,0,0.90625,0.09375,0.0,0.0,0.0,0.0,0.0,0.0,0.0,0.0,0.0,0.0
4,0,0.90625,0.09375,0.0,0.0,0.0,0.0,0.0,0.0,0.0,0.0,0.0,0.0
4,0,0.90625,0.09375,0.0,0.0,0.0,0.0,0.0,0.0,0.0,0.0,0.0,0.0
4,0,0.90625,0.09375,0.0,0.0,0.0,0.0,0.0,0.0,0.0,0.0,0.0,0.0
4,0,0.90625,0.09375,0.0,0.0,0.0,0.0,0.0,0.0,0.0,0.0,0.0,0.0
4,0,0.90625,0.09375,0.0,0.0,0.0,0.0,0.0,0.0,0.0,0.0,0.0,0.0
4,0,0.90625,0.09375,0.0,0.0,0.0,0.0,0.0,0.0,0.0,0.0,0.0,0.0
4,0,0.90625,0.09375,0.0,0.0,0.0,0.0,0.0,0.0,0.0,0.0,0.0,0.0
4,0,0.90625,0.09375,0.0,0.0,0.0,0.0,0.0,0.0,0.0,0.0,0.0,0.0
4,0,0.90625,0.09375,0.0,0.0,0.0,0.0,0.0,0.0,0.0,0.0,0.0,0.0
4,0,0.90625,0.09375,0.0,0.0,0.0,0.0,0.0,0.0,0.0,0.0,0.0,0.0
4,0,0.90625,0.09375,0.0,0.0,0.0,0.0,0.0,0.0,0.0,0.0,0.0,0.0
4,0,0.90625,0.09375,0.0,0.0,0.0,0.0,0.0,0.0,0.0,0.0,0.0,0.0
4,0,0.90625,0.09375,0.0,0.0,0.0,0.0,0.0,0.0,0.0,0.0,0.0,0.0
4,0,0.90625,0.09375,0.0,0.0,0.0,0.0,0.0,0.0,0.0,0.0,0.0,0.0
4,0,0.90625,0.09375,0.0,0.0,0.0,0.0,0.0,0.0,0.0,0.0,0.0,0.0
4,0,0.90625,0.09375,0.0,0.0,0.0,0.0,0.0,0.0,0.0,0.0,0.0,0.0
4,0,0.90625,0.09375,0.0,0.0,0.0,0.0,0.0,0.0,0.0,0.0,0.0,0.0
4,0,0.90625,0.09375,0.0,0.0,0.0,0.0,0.0,0.0,0.0,0.0,0.0,0.0
4,0,0.90625,0.09375,0.0,0.0,0.0,0.0,0.0,0.0,0.0,0.0,0.0,0.0
4,0,0.90625,0.09375,0.0,0.0,0.0,0.0,0.0,0.0,0.0,0.0,0.0,0.0
4,0,0.90625,0.09375,0.0,0.0,0.0,0.0,0.0,0.0,0.0,0.0,0.0,0.0
4,0,0.921875,0.078125,0.0,0.0,0.0,0.0,0.0,0.0,0.0,0.0,0.0,0.0
4,0,0.921875,0.078125,0.0,0.0,0.0,0.0,0.0,0.0,0.0,0.0,0.0,0.0
4,0,0.921875,0.078125,0.0,0.0,0.0,0.0,0.0,0.0,0.0,0.0,0.0,0.0
4,0,0.921875,0.078125,0.0,0.0,0.0,0.0,0.0,0.0,0.0,0.0,0.0,0.0
4,0,0.921875,0.078125,0.0,0.0,0.0,0.0,0.0,0.0,0.0,0.0,0.0,0.0
4,0,0.921875,0.078125,0.0,0.0,0.0,0.0,0.0,0.0,0.0,0.0,0.0,0.0
4,0,0.921875,0.078125,0.0,0.0,0.0,0.0,0.0,0.0,0.0,0.0,0.0,0.0
4,0,0.921875,0.078125,0.0,0.0,0.0,0.0,0.0,0.0,0.0,0.0,0.0,0.0
4,0,0.921875,0.078125,0.0,0.0,0.0,0.0,0.0,0.0,0.0,0.0,0.0,0.0
4,0,0.921875,0.078125,0.0,0.0,0.0,0.0,0.0,0.0,0.0,0.0,0.0,0.0
4,0,0.921875,0.078125,0.0,0.0,0.0,0.0,0.0,0.0,0.0,0.0,0.0,0.0
4,0,0.921875,0.078125,0.0,0.0,0.0,0.0,0.0,0.0,0.0,0.0,0.0,0.0
4,0,0.921875,0.078125,0.0,0.0,0.0,0.0,0.0,0.0,0.0,0.0,0.0,0.0
4,0,0.921875,0.078125,0.0,0.0,0.0,0.0,0.0,0.0,0.0,0.0,0.0,0.0
4,0,0.90625,0.09375,0.0,0.0,0.0,0.0,0.0,0.0,0.0,0.0,0.0,0.0
4,0,0.90625,0.09375,0.0,0.0,0.0,0.0,0.0,0.0,0.0,0.0,0.0,0.0
4,0,0.90625,0.09375,0.0,0.0,0.0,0.0,0.0,0.0,0.0,0.0,0.0,0.0
4,0,0.90625,0.09375,0.0,0.0,0.0,0.0,0.0,0.0,0.0,0.0,0.0,0.0
4,0,0.90625,0.09375,0.0,0.0,0.0,0.0,0.0,0.0,0.0,0.0,0.0,0.0
4,0,0.90625,0.09375,0.0,0.0,0.0,0.0,0.0,0.0,0.0,0.0,0.0,0.0
4,0,0.90625,0.09375,0.0,0.0,0.0,0.0,0.0,0.0,0.0,0.0,0.0,0.0
4,0,0.90625,0.09375,0.0,0.0,0.0,0.0,0.0,0.0,0.0,0.0,0.0,0.0
4,0,0.90625,0.09375,0.0,0.0,0.0,0.0,0.0,0.0,0.0,0.0,0.0,0.0
4,0,0.90625,0.09375,0.0,0.0,0.0,0.0,0.0,0.0,0.0,0.0,0.0,0.0
4,0,0.90625,0.09375,0.0,0.0,0.0,0.0,0.0,0.0,0.0,0.0,0.0,0.0
4,0,0.90625,0.09375,0.0,0.0,0.0,0.0,0.0,0.0,0.0,0.0,0.0,0.0
4,0,0.90625,0.09375,0.0,0.0,0.0,0.0,0.0,0.0,0.0,0.0,0.0,0.0
4,0,0.90625,0.09375,0.0,0.0,0.0,0.0,0.0,0.0,0.0,0.0,0.0,0.0
4,0,0.90625,0.09375,0.0,0.0,0.0,0.0,0.0,0.0,0.0,0.0,0.0,0.0
4,0,0.90625,0.09375,0.0,0.0,0.0,0.0,0.0,0.0,0.0,0.0,0.0,0.0
4,0,0.90625,0.09375,0.0,0.0,0.0,0.0,0.0,0.0,0.0,0.0,0.0,0.0
4,0,0.90625,0.09375,0.0,0.0,0.0,0.0,0.0,0.0,0.0,0.0,0.0,0.0
4,0,0.90625,0.09375,0.0,0.0,0.0,0.0,0.0,0.0,0.0,0.0,0.0,0.0
4,0,0.90625,0.09375,0.0,0.0,0.0,0.0,0.0,0.0,0.0,0.0,0.0,0.0
4,0,0.90625,0.09375,0.0,0.0,0.0,0.0,0.0,0.0,0.0,0.0,0.0,0.0
4,0,0.90625,0.09375,0.0,0.0,0.0,0.0,0.0,0.0,0.0,0.0,0.0,0.0
4,0,0.90625,0.09375,0.0,0.0,0.0,0.0,0.0,0.0,0.0,0.0,0.0,0.0
4,0,0.90625,0.09375,0.0,0.0,0.0,0.0,0.0,0.0,0.0,0.0,0.0,0.0
4,0,0.90625,0.09375,0.0,0.0,0.0,0.0,0.0,0.0,0.0,0.0,0.0,0.0
4,0,0.90625,0.09375,0.0,0.0,0.0,0.0,0.0,0.0,0.0,0.0,0.0,0.0
4,0,0.90625,0.09375,0.0,0.0,0.0,0.0,0.0,0.0,0.0,0.0,0.0,0.0
4,0,0.90625,0.09375,0.0,0.0,0.0,0.0,0.0,0.0,0.0,0.0,0.0,0.0
4,0,0.921875,0.0625,0.0,0.0,0.0,0.0,0.0,0.0,0.0,0.0,0.015625,0.0
4,0,0.921875,0.0625,0.0,0.0,0.0,0.0,0.0,0.0,0.0,0.0,0.015625,0.0
4,0,0.921875,0.0625,0.0,0.0,0.0,0.0,0.0,0.0,0.0,0.0,0.015625,0.0
4,0,0.921875,0.0625,0.0,0.0,0.0,0.0,0.0,0.0,0.0,0.0,0.015625,0.0
4,0,0.921875,0.0625,0.0,0.0,0.0,0.0,0.0,0.0,0.0,0.0,0.015625,0.0
4,0,0.921875,0.0625,0.0,0.0,0.0,0.0,0.0,0.0,0.0,0.0,0.015625,0.0
4,0,0.921875,0.0625,0.0,0.0,0.0,0.0,0.0,0.0,0.0,0.0,0.015625,0.0
4,0,0.921875,0.0625,0.0,0.0,0.0,0.0,0.0,0.0,0.0,0.0,0.015625,0.0
4,0,0.921875,0.0625,0.0,0.0,0.0,0.0,0.0,0.0,0.0,0.0,0.015625,0.0
4,0,0.921875,0.0625,0.0,0.0,0.0,0.0,0.0,0.0,0.0,0.0,0.015625,0.0
4,0,0.921875,0.0625,0.0,0.0,0.0,0.0,0.0,0.0,0.0,0.0,0.015625,0.0
4,0,0.921875,0.0625,0.0,0.0,0.0,0.0,0.0,0.0,0.0,0.0,0.015625,0.0
4,0,0.921875,0.0625,0.0,0.0,0.0,0.0,0.0,0.0,0.0,0.0,0.015625,0.0
4,0,0.921875,0.0625,0.0,0.0,0.0,0.0,0.0,0.0,0.0,0.0,0.015625,0.0
4,0,0.921875,0.0625,0.0,0.0,0.0,0.0,0.0,0.0,0.0,0.0,0.015625,0.0
4,0,0.921875,0.0625,0.0,0.0,0.0,0.0,0.0,0.0,0.0,0.0,0.015625,0.0
4,0,0.921875,0.0625,0.0,0.0,0.0,0.0,0.0,0.0,0.0,0.0,0.015625,0.0
4,0,0.921875,0.0625,0.0,0.0,0.0,0.0,0.0,0.0,0.0,0.0,0.015625,0.0
4,0,0.921875,0.0625,0.0,0.0,0.0,0.0,0.0,0.0,0.0,0.0,0.015625,0.0
4,0,0.921875,0.0625,0.0,0.0,0.0,0.0,0.0,0.0,0.0,0.0,0.015625,0.0
4,0,0.921875,0.0625,0.0,0.0,0.0,0.0,0.0,0.0,0.0,0.0,0.015625,0.0
4,0,0.921875,0.0625,0.0,0.0,0.0,0.0,0.0,0.0,0.0,0.0,0.015625,0.0
4,0,0.921875,0.0625,0.0,0.0,0.0,0.0,0.0,0.0,0.0,0.0,0.015625,0.0
4,0,0.921875,0.0625,0.0,0.0,0.0,0.0,0.0,0.0,0.0,0.0,0.015625,0.0
4,0,0.921875,0.0625,0.0,0.0,0.0,0.0,0.0,0.0,0.0,0.0,0.015625,0.0
4,0,0.921875,0.0625,0.0,0.0,0.0,0.0,0.0,0.0,0.0,0.0,0.015625,0.0
4,0,0.921875,0.0625,0.0,0.0,0.0,0.0,0.0,0.0,0.0,0.0,0.015625,0.0
4,0,0.921875,0.0625,0.0,0.0,0.0,0.0,0.0,0.0,0.0,0.0,0.015625,0.0
4,0,0.921875,0.0625,0.0,0.0,0.0,0.0,0.0,0.0,0.0,0.0,0.015625,0.0
4,0,0.921875,0.0625,0.0,0.0,0.0,0.0,0.0,0.0,0.0,0.0,0.015625,0.0
4,0,0.921875,0.0625,0.0,0.0,0.0,0.0,0.0,0.0,0.0,0.0,0.015625,0.0
4,0,0.921875,0.0625,0.0,0.0,0.0,0.0,0.0,0.0,0.0,0.0,0.015625,0.0
4,0,0.921875,0.0625,0.0,0.0,0.0,0.0,0.0,0.0,0.0,0.0,0.015625,0.0
4,0,0.921875,0.0625,0.0,0.0,0.0,0.0,0.0,0.0,0.0,0.0,0.015625,0.0
4,0,0.921875,0.0625,0.0,0.0,0.0,0.0,0.0,0.0,0.0,0.0,0.015625,0.0
4,0,0.921875,0.0625,0.0,0.0,0.0,0.0,0.0,0.0,0.0,0.0,0.015625,0.0
4,0,0.921875,0.0625,0.0,0.0,0.0,0.0,0.0,0.0,0.0,0.0,0.015625,0.0
4,0,0.921875,0.0625,0.0,0.0,0.0,0.0,0.0,0.0,0.0,0.0,0.015625,0.0
4,0,0.921875,0.0625,0.0,0.0,0.0,0.0,0.0,0.0,0.0,0.0,0.015625,0.0
4,0,0.921875,0.0625,0.0,0.0,0.0,0.0,0.0,0.0,0.0,0.0,0.015625,0.0
4,0,0.921875,0.0625,0.0,0.0,0.0,0.0,0.0,0.0,0.0,0.0,0.015625,0.0
4,0,0.921875,0.0625,0.0,0.0,0.0,0.0,0.0,0.0,0.0,0.0,0.015625,0.0
4,0,0.921875,0.0625,0.0,0.0,0.0,0.0,0.0,0.0,0.0,0.0,0.015625,0.0
4,0,0.921875,0.0625,0.0,0.0,0.0,0.0,0.0,0.0,0.0,0.0,0.015625,0.0
4,0,0.921875,0.0625,0.0,0.0,0.0,0.0,0.0,0.0,0.0,0.0,0.015625,0.0
4,0,0.921875,0.0625,0.0,0.0,0.0,0.0,0.0,0.0,0.0,0.0,0.015625,0.0
4,0,0.921875,0.0625,0.0,0.0,0.0,0.0,0.0,0.0,0.0,0.0,0.015625,0.0
4,0,0.921875,0.0625,0.0,0.0,0.0,0.0,0.0,0.0,0.0,0.0,0.015625,0.0
4,0,0.921875,0.0625,0.0,0.0,0.0,0.0,0.0,0.0,0.0,0.0,0.015625,0.0
4,0,0.921875,0.0625,0.0,0.0,0.0,0.0,0.0,0.0,0.0,0.0,0.015625,0.0
4,0,0.921875,0.0625,0.0,0.0,0.0,0.0,0.0,0.0,0.0,0.0,0.015625,0.0
4,0,0.921875,0.0625,0.0,0.0,0.0,0.0,0.0,0.0,0.0,0.0,0.015625,0.0
4,0,0.921875,0.0625,0.0,0.0,0.0,0.0,0.0,0.0,0.0,0.0,0.015625,0.0
4,0,0.921875,0.0625,0.0,0.0,0.0,0.0,0.0,0.0,0.0,0.0,0.015625,0.0
4,0,0.921875,0.0625,0.0,0.0,0.0,0.0,0.0,0.0,0.0,0.0,0.015625,0.0
4,0,0.921875,0.0625,0.0,0.0,0.0,0.0,0.0,0.0,0.0,0.0,0.015625,0.0
4,0,0.921875,0.0625,0.0,0.0,0.0,0.0,0.0,0.0,0.0,0.0,0.015625,0.0
4,0,0.921875,0.0625,0.0,0.0,0.0,0.0,0.0,0.0,0.0,0.0,0.015625,0.0
4,0,0.921875,0.0625,0.0,0.0,0.0,0.0,0.0,0.0,0.0,0.0,0.015625,0.0
4,0,0.921875,0.0625,0.0,0.0,0.0,0.0,0.0,0.0,0.0,0.0,0.015625,0.0
4,0,0.921875,0.0625,0.0,0.0,0.0,0.0,0.0,0.0,0.0,0.0,0.015625,0.0
4,0,0.921875,0.0625,0.0,0.0,0.0,0.0,0.0,0.0,0.0,0.0,0.015625,0.0
4,0,0.921875,0.0625,0.0,0.0,0.0,0.0,0.0,0.0,0.0,0.0,0.015625,0.0
4,0,0.921875,0.0625,0.0,0.0,0.0,0.0,0.0,0.0,0.0,0.0,0.015625,0.0
4,0,0.921875,0.0625,0.0,0.0,0.0,0.0,0.0,0.0,0.0,0.0,0.015625,0.0
4,0,0.921875,0.0625,0.0,0.0,0.0,0.0,0.0,0.0,0.0,0.0,0.015625,0.0
4,0,0.921875,0.0625,0.0,0.0,0.0,0.0,0.0,0.0,0.0,0.0,0.015625,0.0
4,0,0.921875,0.0625,0.0,0.0,0.0,0.0,0.0,0.0,0.0,0.0,0.015625,0.0
4,0,0.921875,0.0625,0.0,0.0,0.0,0.0,0.0,0.0,0.0,0.0,0.015625,0.0
4,0,0.921875,0.0625,0.0,0.0,0.0,0.0,0.0,0.0,0.0,0.0,0.015625,0.0
4,0,0.921875,0.0625,0.0,0.0,0.0,0.0,0.0,0.0,0.0,0.0,0.015625,0.0
4,0,0.921875,0.0625,0.0,0.0,0.0,0.0,0.0,0.0,0.0,0.0,0.015625,0.0
4,0,0.921875,0.0625,0.0,0.0,0.0,0.0,0.0,0.0,0.0,0.0,0.015625,0.0
4,0,0.921875,0.0625,0.0,0.0,0.0,0.0,0.0,0.0,0.0,0.0,0.015625,0.0
4,0,0.921875,0.0625,0.0,0.0,0.0,0.0,0.0,0.0,0.0,0.0,0.015625,0.0
4,0,0.921875,0.0625,0.0,0.0,0.0,0.0,0.0,0.0,0.0,0.0,0.015625,0.0
4,0,0.921875,0.0625,0.0,0.0,0.0,0.0,0.0,0.0,0.0,0.0,0.015625,0.0
4,0,0.921875,0.0625,0.0,0.0,0.0,0.0,0.0,0.0,0.0,0.0,0.015625,0.0
4,0,0.921875,0.0625,0.0,0.0,0.0,0.0,0.0,0.0,0.0,0.0,0.015625,0.0
4,0,0.921875,0.0625,0.0,0.0,0.0,0.0,0.0,0.0,0.0,0.0,0.015625,0.0
4,0,0.921875,0.0625,0.0,0.0,0.0,0.0,0.0,0.0,0.0,0.0,0.015625,0.0
4,0,0.921875,0.0625,0.0,0.0,0.0,0.0,0.0,0.0,0.0,0.0,0.015625,0.0
4,0,0.921875,0.0625,0.0,0.0,0.0,0.0,0.0,0.0,0.0,0.0,0.015625,0.0
4,0,0.921875,0.0625,0.0,0.0,0.0,0.0,0.0,0.0,0.0,0.0,0.015625,0.0
4,0,0.921875,0.0625,0.0,0.0,0.0,0.0,0.0,0.0,0.0,0.0,0.015625,0.0
4,0,0.921875,0.0625,0.0,0.0,0.0,0.0,0.0,0.0,0.0,0.0,0.015625,0.0
4,0,0.921875,0.0625,0.0,0.0,0.0,0.0,0.0,0.0,0.0,0.0,0.015625,0.0
4,0,0.921875,0.0625,0.0,0.0,0.0,0.0,0.0,0.0,0.0,0.0,0.015625,0.0
4,0,0.921875,0.0625,0.0,0.0,0.0,0.0,0.0,0.0,0.0,0.0,0.015625,0.0
4,0,0.921875,0.0625,0.0,0.0,0.0,0.0,0.0,0.0,0.0,0.0,0.015625,0.0
4,0,0.921875,0.0625,0.0,0.0,0.0,0.0,0.0,0.0,0.0,0.0,0.015625,0.0
4,0,0.921875,0.0625,0.0,0.0,0.0,0.0,0.0,0.0,0.0,0.0,0.015625,0.0
4,0,0.921875,0.0625,0.0,0.0,0.0,0.0,0.0,0.0,0.0,0.0,0.015625,0.0
4,0,0.921875,0.0625,0.0,0.0,0.0,0.0,0.0,0.0,0.0,0.0,0.015625,0.0
4,0,0.921875,0.0625,0.0,0.0,0.0,0.0,0.0,0.0,0.0,0.0,0.015625,0.0
4,0,0.921875,0.0625,0.0,0.0,0.0,0.0,0.0,0.0,0.0,0.0,0.015625,0.0
4,0,0.921875,0.0625,0.0,0.0,0.0,0.0,0.0,0.0,0.0,0.0,0.015625,0.0
4,0,0.921875,0.0625,0.0,0.0,0.0,0.0,0.0,0.0,0.0,0.0,0.015625,0.0
4,0,0.921875,0.0625,0.0,0.0,0.0,0.0,0.0,0.0,0.0,0.0,0.015625,0.0
4,0,0.921875,0.0625,0.0,0.0,0.0,0.0,0.0,0.0,0.0,0.0,0.015625,0.0
4,0,0.921875,0.0625,0.0,0.0,0.0,0.0,0.0,0.0,0.0,0.0,0.015625,0.0
4,0,0.921875,0.0625,0.0,0.0,0.0,0.0,0.0,0.0,0.0,0.0,0.015625,0.0
4,0,0.921875,0.0625,0.0,0.0,0.0,0.0,0.0,0.0,0.0,0.0,0.015625,0.0
4,0,0.921875,0.0625,0.0,0.0,0.0,0.0,0.0,0.0,0.0,0.0,0.015625,0.0
4,0,0.9375,0.0625,0.0,0.0,0.0,0.0,0.0,0.0,0.0,0.0,0.0,0.0
4,0,0.9375,0.0625,0.0,0.0,0.0,0.0,0.0,0.0,0.0,0.0,0.0,0.0
4,0,0.9375,0.0625,0.0,0.0,0.0,0.0,0.0,0.0,0.0,0.0,0.0,0.0
4,0,0.9375,0.0625,0.0,0.0,0.0,0.0,0.0,0.0,0.0,0.0,0.0,0.0
4,0,0.9375,0.0625,0.0,0.0,0.0,0.0,0.0,0.0,0.0,0.0,0.0,0.0
4,0,0.9375,0.0625,0.0,0.0,0.0,0.0,0.0,0.0,0.0,0.0,0.0,0.0
4,0,0.9375,0.0625,0.0,0.0,0.0,0.0,0.0,0.0,0.0,0.0,0.0,0.0
4,0,0.9375,0.0625,0.0,0.0,0.0,0.0,0.0,0.0,0.0,0.0,0.0,0.0
4,0,0.9375,0.0625,0.0,0.0,0.0,0.0,0.0,0.0,0.0,0.0,0.0,0.0
4,0,0.9375,0.0625,0.0,0.0,0.0,0.0,0.0,0.0,0.0,0.0,0.0,0.0
4,0,0.9375,0.0625,0.0,0.0,0.0,0.0,0.0,0.0,0.0,0.0,0.0,0.0
4,0,0.9375,0.0625,0.0,0.0,0.0,0.0,0.0,0.0,0.0,0.0,0.0,0.0
4,0,0.9375,0.0625,0.0,0.0,0.0,0.0,0.0,0.0,0.0,0.0,0.0,0.0
4,0,0.9375,0.0625,0.0,0.0,0.0,0.0,0.0,0.0,0.0,0.0,0.0,0.0
4,0,0.9375,0.0625,0.0,0.0,0.0,0.0,0.0,0.0,0.0,0.0,0.0,0.0
4,0,0.9375,0.0625,0.0,0.0,0.0,0.0,0.0,0.0,0.0,0.0,0.0,0.0
4,0,0.9375,0.0625,0.0,0.0,0.0,0.0,0.0,0.0,0.0,0.0,0.0,0.0
4,0,0.9375,0.0625,0.0,0.0,0.0,0.0,0.0,0.0,0.0,0.0,0.0,0.0
4,0,0.9375,0.0625,0.0,0.0,0.0,0.0,0.0,0.0,0.0,0.0,0.0,0.0
4,0,0.9375,0.0625,0.0,0.0,0.0,0.0,0.0,0.0,0.0,0.0,0.0,0.0
4,0,0.9375,0.0625,0.0,0.0,0.0,0.0,0.0,0.0,0.0,0.0,0.0,0.0
4,0,0.9375,0.0625,0.0,0.0,0.0,0.0,0.0,0.0,0.0,0.0,0.0,0.0
4,0,0.9375,0.0625,0.0,0.0,0.0,0.0,0.0,0.0,0.0,0.0,0.0,0.0
4,0,0.9375,0.0625,0.0,0.0,0.0,0.0,0.0,0.0,0.0,0.0,0.0,0.0
4,0,0.9375,0.0625,0.0,0.0,0.0,0.0,0.0,0.0,0.0,0.0,0.0,0.0
4,0,0.9375,0.0625,0.0,0.0,0.0,0.0,0.0,0.0,0.0,0.0,0.0,0.0
4,0,0.9375,0.0625,0.0,0.0,0.0,0.0,0.0,0.0,0.0,0.0,0.0,0.0
4,0,0.9375,0.0625,0.0,0.0,0.0,0.0,0.0,0.0,0.0,0.0,0.0,0.0
4,0,0.9375,0.0625,0.0,0.0,0.0,0.0,0.0,0.0,0.0,0.0,0.0,0.0
4,0,0.9375,0.0625,0.0,0.0,0.0,0.0,0.0,0.0,0.0,0.0,0.0,0.0
4,0,0.9375,0.0625,0.0,0.0,0.0,0.0,0.0,0.0,0.0,0.0,0.0,0.0
4,0,0.9375,0.0625,0.0,0.0,0.0,0.0,0.0,0.0,0.0,0.0,0.0,0.0
4,0,0.9375,0.0625,0.0,0.0,0.0,0.0,0.0,0.0,0.0,0.0,0.0,0.0
4,0,0.9375,0.0625,0.0,0.0,0.0,0.0,0.0,0.0,0.0,0.0,0.0,0.0
4,0,0.9375,0.0625,0.0,0.0,0.0,0.0,0.0,0.0,0.0,0.0,0.0,0.0
4,0,0.9375,0.0625,0.0,0.0,0.0,0.0,0.0,0.0,0.0,0.0,0.0,0.0
4,0,0.9375,0.0625,0.0,0.0,0.0,0.0,0.0,0.0,0.0,0.0,0.0,0.0
4,0,0.9375,0.0625,0.0,0.0,0.0,0.0,0.0,0.0,0.0,0.0,0.0,0.0
4,0,0.9375,0.0625,0.0,0.0,0.0,0.0,0.0,0.0,0.0,0.0,0.0,0.0
4,0,0.9375,0.0625,0.0,0.0,0.0,0.0,0.0,0.0,0.0,0.0,0.0,0.0
4,0,0.9375,0.0625,0.0,0.0,0.0,0.0,0.0,0.0,0.0,0.0,0.0,0.0
4,0,0.9375,0.0625,0.0,0.0,0.0,0.0,0.0,0.0,0.0,0.0,0.0,0.0
4,0,0.9375,0.0625,0.0,0.0,0.0,0.0,0.0,0.0,0.0,0.0,0.0,0.0
4,0,0.9375,0.0625,0.0,0.0,0.0,0.0,0.0,0.0,0.0,0.0,0.0,0.0
4,0,0.9375,0.0625,0.0,0.0,0.0,0.0,0.0,0.0,0.0,0.0,0.0,0.0
4,0,0.9375,0.0625,0.0,0.0,0.0,0.0,0.0,0.0,0.0,0.0,0.0,0.0
4,0,0.9375,0.0625,0.0,0.0,0.0,0.0,0.0,0.0,0.0,0.0,0.0,0.0
4,0,0.9375,0.0625,0.0,0.0,0.0,0.0,0.0,0.0,0.0,0.0,0.0,0.0
4,0,0.9375,0.0625,0.0,0.0,0.0,0.0,0.0,0.0,0.0,0.0,0.0,0.0
4,0,0.9375,0.0625,0.0,0.0,0.0,0.0,0.0,0.0,0.0,0.0,0.0,0.0
4,0,0.9375,0.0625,0.0,0.0,0.0,0.0,0.0,0.0,0.0,0.0,0.0,0.0
4,0,0.9375,0.0625,0.0,0.0,0.0,0.0,0.0,0.0,0.0,0.0,0.0,0.0
4,0,0.9375,0.0625,0.0,0.0,0.0,0.0,0.0,0.0,0.0,0.0,0.0,0.0
4,0,0.9375,0.0625,0.0,0.0,0.0,0.0,0.0,0.0,0.0,0.0,0.0,0.0
4,0,0.9375,0.0625,0.0,0.0,0.0,0.0,0.0,0.0,0.0,0.0,0.0,0.0
4,0,0.9375,0.0625,0.0,0.0,0.0,0.0,0.0,0.0,0.0,0.0,0.0,0.0
4,0,0.9375,0.0625,0.0,0.0,0.0,0.0,0.0,0.0,0.0,0.0,0.0,0.0
4,0,0.9375,0.0625,0.0,0.0,0.0,0.0,0.0,0.0,0.0,0.0,0.0,0.0
4,0,0.9375,0.0625,0.0,0.0,0.0,0.0,0.0,0.0,0.0,0.0,0.0,0.0
4,0,0.9375,0.0625,0.0,0.0,0.0,0.0,0.0,0.0,0.0,0.0,0.0,0.0
4,0,0.9375,0.0625,0.0,0.0,0.0,0.0,0.0,0.0,0.0,0.0,0.0,0.0
4,0,0.9375,0.0625,0.0,0.0,0.0,0.0,0.0,0.0,0.0,0.0,0.0,0.0
4,0,0.9375,0.0625,0.0,0.0,0.0,0.0,0.0,0.0,0.0,0.0,0.0,0.0
4,0,0.9375,0.0625,0.0,0.0,0.0,0.0,0.0,0.0,0.0,0.0,0.0,0.0
4,0,0.9375,0.0625,0.0,0.0,0.0,0.0,0.0,0.0,0.0,0.0,0.0,0.0
4,0,0.9375,0.0625,0.0,0.0,0.0,0.0,0.0,0.0,0.0,0.0,0.0,0.0
4,0,0.9375,0.0625,0.0,0.0,0.0,0.0,0.0,0.0,0.0,0.0,0.0,0.0
4,0,0.9375,0.0625,0.0,0.0,0.0,0.0,0.0,0.0,0.0,0.0,0.0,0.0
4,0,0.9375,0.0625,0.0,0.0,0.0,0.0,0.0,0.0,0.0,0.0,0.0,0.0
4,0,0.9375,0.0625,0.0,0.0,0.0,0.0,0.0,0.0,0.0,0.0,0.0,0.0
4,0,0.9375,0.0625,0.0,0.0,0.0,0.0,0.0,0.0,0.0,0.0,0.0,0.0
4,0,0.9375,0.0625,0.0,0.0,0.0,0.0,0.0,0.0,0.0,0.0,0.0,0.0
4,0,0.9375,0.0625,0.0,0.0,0.0,0.0,0.0,0.0,0.0,0.0,0.0,0.0
4,0,0.9375,0.0625,0.0,0.0,0.0,0.0,0.0,0.0,0.0,0.0,0.0,0.0
4,0,0.9375,0.0625,0.0,0.0,0.0,0.0,0.0,0.0,0.0,0.0,0.0,0.0
4,0,0.9375,0.0625,0.0,0.0,0.0,0.0,0.0,0.0,0.0,0.0,0.0,0.0
4,0,0.9375,0.0625,0.0,0.0,0.0,0.0,0.0,0.0,0.0,0.0,0.0,0.0
4,0,0.9375,0.0625,0.0,0.0,0.0,0.0,0.0,0.0,0.0,0.0,0.0,0.0
4,0,0.9375,0.0625,0.0,0.0,0.0,0.0,0.0,0.0,0.0,0.0,0.0,0.0
4,0,0.9375,0.0625,0.0,0.0,0.0,0.0,0.0,0.0,0.0,0.0,0.0,0.0
4,0,0.9375,0.0625,0.0,0.0,0.0,0.0,0.0,0.0,0.0,0.0,0.0,0.0
4,0,0.9375,0.0625,0.0,0.0,0.0,0.0,0.0,0.0,0.0,0.0,0.0,0.0
4,0,0.9375,0.0625,0.0,0.0,0.0,0.0,0.0,0.0,0.0,0.0,0.0,0.0
4,0,0.9375,0.0625,0.0,0.0,0.0,0.0,0.0,0.0,0.0,0.0,0.0,0.0
4,0,0.9375,0.0625,0.0,0.0,0.0,0.0,0.0,0.0,0.0,0.0,0.0,0.0
4,0,0.9375,0.0625,0.0,0.0,0.0,0.0,0.0,0.0,0.0,0.0,0.0,0.0
4,0,0.9375,0.0625,0.0,0.0,0.0,0.0,0.0,0.0,0.0,0.0,0.0,0.0
4,0,0.9375,0.0625,0.0,0.0,0.0,0.0,0.0,0.0,0.0,0.0,0.0,0.0
4,0,0.9375,0.0625,0.0,0.0,0.0,0.0,0.0,0.0,0.0,0.0,0.0,0.0
4,0,0.9375,0.0625,0.0,0.0,0.0,0.0,0.0,0.0,0.0,0.0,0.0,0.0
4,0,0.9375,0.0625,0.0,0.0,0.0,0.0,0.0,0.0,0.0,0.0,0.0,0.0
4,0,0.9375,0.0625,0.0,0.0,0.0,0.0,0.0,0.0,0.0,0.0,0.0,0.0
4,0,0.9375,0.0625,0.0,0.0,0.0,0.0,0.0,0.0,0.0,0.0,0.0,0.0
4,0,0.9375,0.0625,0.0,0.0,0.0,0.0,0.0,0.0,0.0,0.0,0.0,0.0
4,0,0.9375,0.0625,0.0,0.0,0.0,0.0,0.0,0.0,0.0,0.0,0.0,0.0
4,0,0.9375,0.0625,0.0,0.0,0.0,0.0,0.0,0.0,0.0,0.0,0.0,0.0
4,0,0.9375,0.0625,0.0,0.0,0.0,0.0,0.0,0.0,0.0,0.0,0.0,0.0
4,0,0.9375,0.0625,0.0,0.0,0.0,0.0,0.0,0.0,0.0,0.0,0.0,0.0
4,0,0.9375,0.0625,0.0,0.0,0.0,0.0,0.0,0.0,0.0,0.0,0.0,0.0
4,0,0.9375,0.0625,0.0,0.0,0.0,0.0,0.0,0.0,0.0,0.0,0.0,0.0
4,0,0.9375,0.0625,0.0,0.0,0.0,0.0,0.0,0.0,0.0,0.0,0.0,0.0
4,0,0.9375,0.0625,0.0,0.0,0.0,0.0,0.0,0.0,0.0,0.0,0.0,0.0
4,0,0.9375,0.0625,0.0,0.0,0.0,0.0,0.0,0.0,0.0,0.0,0.0,0.0
4,0,0.9375,0.0625,0.0,0.0,0.0,0.0,0.0,0.0,0.0,0.0,0.0,0.0
4,0,0.9375,0.0625,0.0,0.0,0.0,0.0,0.0,0.0,0.0,0.0,0.0,0.0
4,0,0.9375,0.0625,0.0,0.0,0.0,0.0,0.0,0.0,0.0,0.0,0.0,0.0
4,0,0.9375,0.0625,0.0,0.0,0.0,0.0,0.0,0.0,0.0,0.0,0.0,0.0
4,0,0.9375,0.0625,0.0,0.0,0.0,0.0,0.0,0.0,0.0,0.0,0.0,0.0
4,0,0.9375,0.0625,0.0,0.0,0.0,0.0,0.0,0.0,0.0,0.0,0.0,0.0
4,0,0.9375,0.0625,0.0,0.0,0.0,0.0,0.0,0.0,0.0,0.0,0.0,0.0
4,0,0.9375,0.0625,0.0,0.0,0.0,0.0,0.0,0.0,0.0,0.0,0.0,0.0
4,0,0.9375,0.0625,0.0,0.0,0.0,0.0,0.0,0.0,0.0,0.0,0.0,0.0
4,0,0.9375,0.0625,0.0,0.0,0.0,0.0,0.0,0.0,0.0,0.0,0.0,0.0
4,0,0.9375,0.0625,0.0,0.0,0.0,0.0,0.0,0.0,0.0,0.0,0.0,0.0
4,0,0.9375,0.0625,0.0,0.0,0.0,0.0,0.0,0.0,0.0,0.0,0.0,0.0
4,0,0.9375,0.0625,0.0,0.0,0.0,0.0,0.0,0.0,0.0,0.0,0.0,0.0
4,0,0.9375,0.0625,0.0,0.0,0.0,0.0,0.0,0.0,0.0,0.0,0.0,0.0
4,0,0.9375,0.0625,0.0,0.0,0.0,0.0,0.0,0.0,0.0,0.0,0.0,0.0
4,0,0.9375,0.0625,0.0,0.0,0.0,0.0,0.0,0.0,0.0,0.0,0.0,0.0
4,0,0.9375,0.0625,0.0,0.0,0.0,0.0,0.0,0.0,0.0,0.0,0.0,0.0
4,0,0.9375,0.0625,0.0,0.0,0.0,0.0,0.0,0.0,0.0,0.0,0.0,0.0
4,0,0.9375,0.0625,0.0,0.0,0.0,0.0,0.0,0.0,0.0,0.0,0.0,0.0
4,0,0.9375,0.0625,0.0,0.0,0.0,0.0,0.0,0.0,0.0,0.0,0.0,0.0
4,0,0.9375,0.0625,0.0,0.0,0.0,0.0,0.0,0.0,0.0,0.0,0.0,0.0
4,0,0.9375,0.0625,0.0,0.0,0.0,0.0,0.0,0.0,0.0,0.0,0.0,0.0
4,0,0.9375,0.0625,0.0,0.0,0.0,0.0,0.0,0.0,0.0,0.0,0.0,0.0
4,0,0.9375,0.0625,0.0,0.0,0.0,0.0,0.0,0.0,0.0,0.0,0.0,0.0
4,0,0.9375,0.0625,0.0,0.0,0.0,0.0,0.0,0.0,0.0,0.0,0.0,0.0
4,0,0.9375,0.0625,0.0,0.0,0.0,0.0,0.0,0.0,0.0,0.0,0.0,0.0
4,0,0.9375,0.0625,0.0,0.0,0.0,0.0,0.0,0.0,0.0,0.0,0.0,0.0
4,0,0.9375,0.0625,0.0,0.0,0.0,0.0,0.0,0.0,0.0,0.0,0.0,0.0
4,0,0.9375,0.0625,0.0,0.0,0.0,0.0,0.0,0.0,0.0,0.0,0.0,0.0
4,0,0.9375,0.0625,0.0,0.0,0.0,0.0,0.0,0.0,0.0,0.0,0.0,0.0
4,0,0.9375,0.0625,0.0,0.0,0.0,0.0,0.0,0.0,0.0,0.0,0.0,0.0
4,0,0.9375,0.0625,0.0,0.0,0.0,0.0,0.0,0.0,0.0,0.0,0.0,0.0
4,0,0.9375,0.0625,0.0,0.0,0.0,0.0,0.0,0.0,0.0,0.0,0.0,0.0
4,0,0.9375,0.0625,0.0,0.0,0.0,0.0,0.0,0.0,0.0,0.0,0.0,0.0
4,0,0.9375,0.0625,0.0,0.0,0.0,0.0,0.0,0.0,0.0,0.0,0.0,0.0
4,0,0.9375,0.0625,0.0,0.0,0.0,0.0,0.0,0.0,0.0,0.0,0.0,0.0
4,0,0.9375,0.0625,0.0,0.0,0.0,0.0,0.0,0.0,0.0,0.0,0.0,0.0
4,0,0.9375,0.0625,0.0,0.0,0.0,0.0,0.0,0.0,0.0,0.0,0.0,0.0
4,0,0.9375,0.0625,0.0,0.0,0.0,0.0,0.0,0.0,0.0,0.0,0.0,0.0
4,0,0.9375,0.0625,0.0,0.0,0.0,0.0,0.0,0.0,0.0,0.0,0.0,0.0
4,0,0.9375,0.0625,0.0,0.0,0.0,0.0,0.0,0.0,0.0,0.0,0.0,0.0
4,0,0.9375,0.0625,0.0,0.0,0.0,0.0,0.0,0.0,0.0,0.0,0.0,0.0
4,0,0.9375,0.0625,0.0,0.0,0.0,0.0,0.0,0.0,0.0,0.0,0.0,0.0
4,0,0.9375,0.0625,0.0,0.0,0.0,0.0,0.0,0.0,0.0,0.0,0.0,0.0
4,0,0.9375,0.0625,0.0,0.0,0.0,0.0,0.0,0.0,0.0,0.0,0.0,0.0
4,0,0.9375,0.0625,0.0,0.0,0.0,0.0,0.0,0.0,0.0,0.0,0.0,0.0
4,0,0.9375,0.0625,0.0,0.0,0.0,0.0,0.0,0.0,0.0,0.0,0.0,0.0
4,0,0.9375,0.0625,0.0,0.0,0.0,0.0,0.0,0.0,0.0,0.0,0.0,0.0
4,0,0.9375,0.0625,0.0,0.0,0.0,0.0,0.0,0.0,0.0,0.0,0.0,0.0
4,0,0.9375,0.0625,0.0,0.0,0.0,0.0,0.0,0.0,0.0,0.0,0.0,0.0
4,0,0.9375,0.0625,0.0,0.0,0.0,0.0,0.0,0.0,0.0,0.0,0.0,0.0
4,0,0.9375,0.0625,0.0,0.0,0.0,0.0,0.0,0.0,0.0,0.0,0.0,0.0
4,0,0.9375,0.0625,0.0,0.0,0.0,0.0,0.0,0.0,0.0,0.0,0.0,0.0
4,0,0.9375,0.0625,0.0,0.0,0.0,0.0,0.0,0.0,0.0,0.0,0.0,0.0
4,0,0.9375,0.0625,0.0,0.0,0.0,0.0,0.0,0.0,0.0,0.0,0.0,0.0
4,0,0.9375,0.0625,0.0,0.0,0.0,0.0,0.0,0.0,0.0,0.0,0.0,0.0
4,0,0.9375,0.0625,0.0,0.0,0.0,0.0,0.0,0.0,0.0,0.0,0.0,0.0
4,0,0.9375,0.0625,0.0,0.0,0.0,0.0,0.0,0.0,0.0,0.0,0.0,0.0
4,0,0.9375,0.0625,0.0,0.0,0.0,0.0,0.0,0.0,0.0,0.0,0.0,0.0
4,0,0.9375,0.0625,0.0,0.0,0.0,0.0,0.0,0.0,0.0,0.0,0.0,0.0
4,0,0.9375,0.0625,0.0,0.0,0.0,0.0,0.0,0.0,0.0,0.0,0.0,0.0
4,0,0.9375,0.0625,0.0,0.0,0.0,0.0,0.0,0.0,0.0,0.0,0.0,0.0
4,0,0.9375,0.0625,0.0,0.0,0.0,0.0,0.0,0.0,0.0,0.0,0.0,0.0
4,0,0.9375,0.0625,0.0,0.0,0.0,0.0,0.0,0.0,0.0,0.0,0.0,0.0
4,0,0.9375,0.0625,0.0,0.0,0.0,0.0,0.0,0.0,0.0,0.0,0.0,0.0
4,0,0.9375,0.0625,0.0,0.0,0.0,0.0,0.0,0.0,0.0,0.0,0.0,0.0
4,0,0.9375,0.0625,0.0,0.0,0.0,0.0,0.0,0.0,0.0,0.0,0.0,0.0
4,0,0.9375,0.0625,0.0,0.0,0.0,0.0,0.0,0.0,0.0,0.0,0.0,0.0
4,0,0.9375,0.0625,0.0,0.0,0.0,0.0,0.0,0.0,0.0,0.0,0.0,0.0
4,0,0.9375,0.0625,0.0,0.0,0.0,0.0,0.0,0.0,0.0,0.0,0.0,0.0
4,0,0.9375,0.0625,0.0,0.0,0.0,0.0,0.0,0.0,0.0,0.0,0.0,0.0
4,0,0.9375,0.0625,0.0,0.0,0.0,0.0,0.0,0.0,0.0,0.0,0.0,0.0
4,0,0.9375,0.0625,0.0,0.0,0.0,0.0,0.0,0.0,0.0,0.0,0.0,0.0
4,0,0.9375,0.0625,0.0,0.0,0.0,0.0,0.0,0.0,0.0,0.0,0.0,0.0
4,0,0.9375,0.0625,0.0,0.0,0.0,0.0,0.0,0.0,0.0,0.0,0.0,0.0
4,0,0.9375,0.0625,0.0,0.0,0.0,0.0,0.0,0.0,0.0,0.0,0.0,0.0
4,0,0.9375,0.0625,0.0,0.0,0.0,0.0,0.0,0.0,0.0,0.0,0.0,0.0
4,0,0.9375,0.0625,0.0,0.0,0.0,0.0,0.0,0.0,0.0,0.0,0.0,0.0
4,0,0.9375,0.0625,0.0,0.0,0.0,0.0,0.0,0.0,0.0,0.0,0.0,0.0
4,0,0.9375,0.0625,0.0,0.0,0.0,0.0,0.0,0.0,0.0,0.0,0.0,0.0
4,0,0.9375,0.0625,0.0,0.0,0.0,0.0,0.0,0.0,0.0,0.0,0.0,0.0
4,0,0.9375,0.0625,0.0,0.0,0.0,0.0,0.0,0.0,0.0,0.0,0.0,0.0
4,0,0.9375,0.0625,0.0,0.0,0.0,0.0,0.0,0.0,0.0,0.0,0.0,0.0
4,0,0.9375,0.0625,0.0,0.0,0.0,0.0,0.0,0.0,0.0,0.0,0.0,0.0
4,0,0.9375,0.0625,0.0,0.0,0.0,0.0,0.0,0.0,0.0,0.0,0.0,0.0
4,0,0.9375,0.0625,0.0,0.0,0.0,0.0,0.0,0.0,0.0,0.0,0.0,0.0
4,0,0.9375,0.0625,0.0,0.0,0.0,0.0,0.0,0.0,0.0,0.0,0.0,0.0
4,0,0.9375,0.0625,0.0,0.0,0.0,0.0,0.0,0.0,0.0,0.0,0.0,0.0
4,0,0.9375,0.0625,0.0,0.0,0.0,0.0,0.0,0.0,0.0,0.0,0.0,0.0
4,0,0.9375,0.0625,0.0,0.0,0.0,0.0,0.0,0.0,0.0,0.0,0.0,0.0
4,0,0.9375,0.0625,0.0,0.0,0.0,0.0,0.0,0.0,0.0,0.0,0.0,0.0
4,0,0.9375,0.0625,0.0,0.0,0.0,0.0,0.0,0.0,0.0,0.0,0.0,0.0
4,0,0.9375,0.0625,0.0,0.0,0.0,0.0,0.0,0.0,0.0,0.0,0.0,0.0
4,0,0.9375,0.0625,0.0,0.0,0.0,0.0,0.0,0.0,0.0,0.0,0.0,0.0
4,0,0.9375,0.0625,0.0,0.0,0.0,0.0,0.0,0.0,0.0,0.0,0.0,0.0
4,0,0.9375,0.0625,0.0,0.0,0.0,0.0,0.0,0.0,0.0,0.0,0.0,0.0
4,0,0.9375,0.0625,0.0,0.0,0.0,0.0,0.0,0.0,0.0,0.0,0.0,0.0
4,0,0.9375,0.0625,0.0,0.0,0.0,0.0,0.0,0.0,0.0,0.0,0.0,0.0
4,0,0.9375,0.0625,0.0,0.0,0.0,0.0,0.0,0.0,0.0,0.0,0.0,0.0
4,0,0.9375,0.0625,0.0,0.0,0.0,0.0,0.0,0.0,0.0,0.0,0.0,0.0
4,0,0.9375,0.0625,0.0,0.0,0.0,0.0,0.0,0.0,0.0,0.0,0.0,0.0
4,0,0.9375,0.0625,0.0,0.0,0.0,0.0,0.0,0.0,0.0,0.0,0.0,0.0
4,0,0.9375,0.0625,0.0,0.0,0.0,0.0,0.0,0.0,0.0,0.0,0.0,0.0
4,0,0.9375,0.0625,0.0,0.0,0.0,0.0,0.0,0.0,0.0,0.0,0.0,0.0
4,0,0.9375,0.0625,0.0,0.0,0.0,0.0,0.0,0.0,0.0,0.0,0.0,0.0
4,0,0.9375,0.0625,0.0,0.0,0.0,0.0,0.0,0.0,0.0,0.0,0.0,0.0
4,0,0.9375,0.0625,0.0,0.0,0.0,0.0,0.0,0.0,0.0,0.0,0.0,0.0
4,0,0.9375,0.0625,0.0,0.0,0.0,0.0,0.0,0.0,0.0,0.0,0.0,0.0
4,0,0.9375,0.0625,0.0,0.0,0.0,0.0,0.0,0.0,0.0,0.0,0.0,0.0
4,0,0.9375,0.0625,0.0,0.0,0.0,0.0,0.0,0.0,0.0,0.0,0.0,0.0
4,0,0.9375,0.0625,0.0,0.0,0.0,0.0,0.0,0.0,0.0,0.0,0.0,0.0
4,0,0.9375,0.0625,0.0,0.0,0.0,0.0,0.0,0.0,0.0,0.0,0.0,0.0
4,0,0.9375,0.0625,0.0,0.0,0.0,0.0,0.0,0.0,0.0,0.0,0.0,0.0
4,0,0.9375,0.0625,0.0,0.0,0.0,0.0,0.0,0.0,0.0,0.0,0.0,0.0
4,0,0.9375,0.0625,0.0,0.0,0.0,0.0,0.0,0.0,0.0,0.0,0.0,0.0
4,0,0.9375,0.0625,0.0,0.0,0.0,0.0,0.0,0.0,0.0,0.0,0.0,0.0
4,0,0.9375,0.0625,0.0,0.0,0.0,0.0,0.0,0.0,0.0,0.0,0.0,0.0
4,0,0.9375,0.0625,0.0,0.0,0.0,0.0,0.0,0.0,0.0,0.0,0.0,0.0
4,0,0.9375,0.0625,0.0,0.0,0.0,0.0,0.0,0.0,0.0,0.0,0.0,0.0
4,0,0.9375,0.0625,0.0,0.0,0.0,0.0,0.0,0.0,0.0,0.0,0.0,0.0
4,0,0.9375,0.0625,0.0,0.0,0.0,0.0,0.0,0.0,0.0,0.0,0.0,0.0
4,0,0.9375,0.0625,0.0,0.0,0.0,0.0,0.0,0.0,0.0,0.0,0.0,0.0
4,0,0.9375,0.0625,0.0,0.0,0.0,0.0,0.0,0.0,0.0,0.0,0.0,0.0
4,0,0.9375,0.0625,0.0,0.0,0.0,0.0,0.0,0.0,0.0,0.0,0.0,0.0
4,0,0.9375,0.0625,0.0,0.0,0.0,0.0,0.0,0.0,0.0,0.0,0.0,0.0
4,0,0.9375,0.0625,0.0,0.0,0.0,0.0,0.0,0.0,0.0,0.0,0.0,0.0
4,0,0.9375,0.0625,0.0,0.0,0.0,0.0,0.0,0.0,0.0,0.0,0.0,0.0
4,0,0.9375,0.0625,0.0,0.0,0.0,0.0,0.0,0.0,0.0,0.0,0.0,0.0
4,0,0.9375,0.0625,0.0,0.0,0.0,0.0,0.0,0.0,0.0,0.0,0.0,0.0
4,0,0.9375,0.0625,0.0,0.0,0.0,0.0,0.0,0.0,0.0,0.0,0.0,0.0
4,0,0.9375,0.0625,0.0,0.0,0.0,0.0,0.0,0.0,0.0,0.0,0.0,0.0
4,0,0.9375,0.0625,0.0,0.0,0.0,0.0,0.0,0.0,0.0,0.0,0.0,0.0
4,0,0.9375,0.0625,0.0,0.0,0.0,0.0,0.0,0.0,0.0,0.0,0.0,0.0
4,0,0.9375,0.0625,0.0,0.0,0.0,0.0,0.0,0.0,0.0,0.0,0.0,0.0
4,0,0.9375,0.0625,0.0,0.0,0.0,0.0,0.0,0.0,0.0,0.0,0.0,0.0
4,0,0.9375,0.0625,0.0,0.0,0.0,0.0,0.0,0.0,0.0,0.0,0.0,0.0
4,0,0.9375,0.0625,0.0,0.0,0.0,0.0,0.0,0.0,0.0,0.0,0.0,0.0
4,0,0.9375,0.0625,0.0,0.0,0.0,0.0,0.0,0.0,0.0,0.0,0.0,0.0
4,0,0.9375,0.0625,0.0,0.0,0.0,0.0,0.0,0.0,0.0,0.0,0.0,0.0
4,0,0.9375,0.0625,0.0,0.0,0.0,0.0,0.0,0.0,0.0,0.0,0.0,0.0
4,0,0.9375,0.0625,0.0,0.0,0.0,0.0,0.0,0.0,0.0,0.0,0.0,0.0
4,0,0.9375,0.0625,0.0,0.0,0.0,0.0,0.0,0.0,0.0,0.0,0.0,0.0
4,0,0.9375,0.0625,0.0,0.0,0.0,0.0,0.0,0.0,0.0,0.0,0.0,0.0
4,0,0.9375,0.0625,0.0,0.0,0.0,0.0,0.0,0.0,0.0,0.0,0.0,0.0
4,0,0.9375,0.0625,0.0,0.0,0.0,0.0,0.0,0.0,0.0,0.0,0.0,0.0
4,0,0.9375,0.0625,0.0,0.0,0.0,0.0,0.0,0.0,0.0,0.0,0.0,0.0
4,0,0.9375,0.0625,0.0,0.0,0.0,0.0,0.0,0.0,0.0,0.0,0.0,0.0
4,0,0.9375,0.0625,0.0,0.0,0.0,0.0,0.0,0.0,0.0,0.0,0.0,0.0
4,0,0.9375,0.0625,0.0,0.0,0.0,0.0,0.0,0.0,0.0,0.0,0.0,0.0
4,0,0.9375,0.0625,0.0,0.0,0.0,0.0,0.0,0.0,0.0,0.0,0.0,0.0
4,0,0.9375,0.0625,0.0,0.0,0.0,0.0,0.0,0.0,0.0,0.0,0.0,0.0
4,0,0.9375,0.0625,0.0,0.0,0.0,0.0,0.0,0.0,0.0,0.0,0.0,0.0
4,0,0.9375,0.0625,0.0,0.0,0.0,0.0,0.0,0.0,0.0,0.0,0.0,0.0
4,0,0.9375,0.0625,0.0,0.0,0.0,0.0,0.0,0.0,0.0,0.0,0.0,0.0
4,0,0.9375,0.0625,0.0,0.0,0.0,0.0,0.0,0.0,0.0,0.0,0.0,0.0
4,0,0.9375,0.0625,0.0,0.0,0.0,0.0,0.0,0.0,0.0,0.0,0.0,0.0
4,0,0.9375,0.0625,0.0,0.0,0.0,0.0,0.0,0.0,0.0,0.0,0.0,0.0
4,0,0.9375,0.0625,0.0,0.0,0.0,0.0,0.0,0.0,0.0,0.0,0.0,0.0
4,0,0.9375,0.0625,0.0,0.0,0.0,0.0,0.0,0.0,0.0,0.0,0.0,0.0
4,0,0.9375,0.0625,0.0,0.0,0.0,0.0,0.0,0.0,0.0,0.0,0.0,0.0
4,0,0.9375,0.0625,0.0,0.0,0.0,0.0,0.0,0.0,0.0,0.0,0.0,0.0
4,0,0.9375,0.0625,0.0,0.0,0.0,0.0,0.0,0.0,0.0,0.0,0.0,0.0
4,0,0.9375,0.0625,0.0,0.0,0.0,0.0,0.0,0.0,0.0,0.0,0.0,0.0
4,0,0.9375,0.0625,0.0,0.0,0.0,0.0,0.0,0.0,0.0,0.0,0.0,0.0
4,0,0.9375,0.0625,0.0,0.0,0.0,0.0,0.0,0.0,0.0,0.0,0.0,0.0
4,0,0.9375,0.0625,0.0,0.0,0.0,0.0,0.0,0.0,0.0,0.0,0.0,0.0
4,0,0.9375,0.0625,0.0,0.0,0.0,0.0,0.0,0.0,0.0,0.0,0.0,0.0
4,0,0.9375,0.0625,0.0,0.0,0.0,0.0,0.0,0.0,0.0,0.0,0.0,0.0
4,0,0.9375,0.0625,0.0,0.0,0.0,0.0,0.0,0.0,0.0,0.0,0.0,0.0
4,0,0.9375,0.0625,0.0,0.0,0.0,0.0,0.0,0.0,0.0,0.0,0.0,0.0
4,0,0.9375,0.0625,0.0,0.0,0.0,0.0,0.0,0.0,0.0,0.0,0.0,0.0
4,0,0.9375,0.0625,0.0,0.0,0.0,0.0,0.0,0.0,0.0,0.0,0.0,0.0
4,0,0.9375,0.0625,0.0,0.0,0.0,0.0,0.0,0.0,0.0,0.0,0.0,0.0
4,0,0.9375,0.0625,0.0,0.0,0.0,0.0,0.0,0.0,0.0,0.0,0.0,0.0
4,0,0.9375,0.0625,0.0,0.0,0.0,0.0,0.0,0.0,0.0,0.0,0.0,0.0
4,0,0.9375,0.0625,0.0,0.0,0.0,0.0,0.0,0.0,0.0,0.0,0.0,0.0
4,0,0.9375,0.0625,0.0,0.0,0.0,0.0,0.0,0.0,0.0,0.0,0.0,0.0
4,0,0.9375,0.0625,0.0,0.0,0.0,0.0,0.0,0.0,0.0,0.0,0.0,0.0
4,0,0.9375,0.0625,0.0,0.0,0.0,0.0,0.0,0.0,0.0,0.0,0.0,0.0
4,0,0.9375,0.0625,0.0,0.0,0.0,0.0,0.0,0.0,0.0,0.0,0.0,0.0
4,0,0.9375,0.0625,0.0,0.0,0.0,0.0,0.0,0.0,0.0,0.0,0.0,0.0
4,0,0.9375,0.0625,0.0,0.0,0.0,0.0,0.0,0.0,0.0,0.0,0.0,0.0
4,0,0.9375,0.0625,0.0,0.0,0.0,0.0,0.0,0.0,0.0,0.0,0.0,0.0
4,0,0.9375,0.0625,0.0,0.0,0.0,0.0,0.0,0.0,0.0,0.0,0.0,0.0
4,0,0.9375,0.0625,0.0,0.0,0.0,0.0,0.0,0.0,0.0,0.0,0.0,0.0
4,0,0.9375,0.0625,0.0,0.0,0.0,0.0,0.0,0.0,0.0,0.0,0.0,0.0
4,0,0.9375,0.0625,0.0,0.0,0.0,0.0,0.0,0.0,0.0,0.0,0.0,0.0
4,0,0.9375,0.0625,0.0,0.0,0.0,0.0,0.0,0.0,0.0,0.0,0.0,0.0
4,0,0.9375,0.0625,0.0,0.0,0.0,0.0,0.0,0.0,0.0,0.0,0.0,0.0
4,0,0.9375,0.0625,0.0,0.0,0.0,0.0,0.0,0.0,0.0,0.0,0.0,0.0
4,0,0.9375,0.0625,0.0,0.0,0.0,0.0,0.0,0.0,0.0,0.0,0.0,0.0
4,0,0.9375,0.0625,0.0,0.0,0.0,0.0,0.0,0.0,0.0,0.0,0.0,0.0
4,0,0.9375,0.0625,0.0,0.0,0.0,0.0,0.0,0.0,0.0,0.0,0.0,0.0
4,0,0.9375,0.0625,0.0,0.0,0.0,0.0,0.0,0.0,0.0,0.0,0.0,0.0
4,0,0.9375,0.0625,0.0,0.0,0.0,0.0,0.0,0.0,0.0,0.0,0.0,0.0
4,0,0.9375,0.0625,0.0,0.0,0.0,0.0,0.0,0.0,0.0,0.0,0.0,0.0
4,0,0.9375,0.0625,0.0,0.0,0.0,0.0,0.0,0.0,0.0,0.0,0.0,0.0
4,0,0.9375,0.0625,0.0,0.0,0.0,0.0,0.0,0.0,0.0,0.0,0.0,0.0
4,0,0.9375,0.0625,0.0,0.0,0.0,0.0,0.0,0.0,0.0,0.0,0.0,0.0
4,0,0.9375,0.0625,0.0,0.0,0.0,0.0,0.0,0.0,0.0,0.0,0.0,0.0
4,0,0.9375,0.0625,0.0,0.0,0.0,0.0,0.0,0.0,0.0,0.0,0.0,0.0
4,0,0.9375,0.0625,0.0,0.0,0.0,0.0,0.0,0.0,0.0,0.0,0.0,0.0
4,0,0.9375,0.0625,0.0,0.0,0.0,0.0,0.0,0.0,0.0,0.0,0.0,0.0
4,0,0.9375,0.0625,0.0,0.0,0.0,0.0,0.0,0.0,0.0,0.0,0.0,0.0
4,0,0.9375,0.0625,0.0,0.0,0.0,0.0,0.0,0.0,0.0,0.0,0.0,0.0
4,0,0.9375,0.0625,0.0,0.0,0.0,0.0,0.0,0.0,0.0,0.0,0.0,0.0
4,0,0.9375,0.0625,0.0,0.0,0.0,0.0,0.0,0.0,0.0,0.0,0.0,0.0
4,0,0.9375,0.0625,0.0,0.0,0.0,0.0,0.0,0.0,0.0,0.0,0.0,0.0
4,0,0.9375,0.0625,0.0,0.0,0.0,0.0,0.0,0.0,0.0,0.0,0.0,0.0
4,0,0.9375,0.0625,0.0,0.0,0.0,0.0,0.0,0.0,0.0,0.0,0.0,0.0
4,0,0.9375,0.0625,0.0,0.0,0.0,0.0,0.0,0.0,0.0,0.0,0.0,0.0
4,0,0.9375,0.0625,0.0,0.0,0.0,0.0,0.0,0.0,0.0,0.0,0.0,0.0
4,0,0.9375,0.0625,0.0,0.0,0.0,0.0,0.0,0.0,0.0,0.0,0.0,0.0
4,0,0.9375,0.0625,0.0,0.0,0.0,0.0,0.0,0.0,0.0,0.0,0.0,0.0
4,0,0.9375,0.0625,0.0,0.0,0.0,0.0,0.0,0.0,0.0,0.0,0.0,0.0
4,0,0.953125,0.046875,0.0,0.0,0.0,0.0,0.0,0.0,0.0,0.0,0.0,0.0
4,0,0.953125,0.046875,0.0,0.0,0.0,0.0,0.0,0.0,0.0,0.0,0.0,0.0
4,0,0.953125,0.046875,0.0,0.0,0.0,0.0,0.0,0.0,0.0,0.0,0.0,0.0
4,0,0.953125,0.046875,0.0,0.0,0.0,0.0,0.0,0.0,0.0,0.0,0.0,0.0
4,0,0.953125,0.046875,0.0,0.0,0.0,0.0,0.0,0.0,0.0,0.0,0.0,0.0
4,0,0.953125,0.046875,0.0,0.0,0.0,0.0,0.0,0.0,0.0,0.0,0.0,0.0
4,0,0.953125,0.046875,0.0,0.0,0.0,0.0,0.0,0.0,0.0,0.0,0.0,0.0
4,0,0.953125,0.046875,0.0,0.0,0.0,0.0,0.0,0.0,0.0,0.0,0.0,0.0
4,0,0.953125,0.046875,0.0,0.0,0.0,0.0,0.0,0.0,0.0,0.0,0.0,0.0
4,0,0.953125,0.046875,0.0,0.0,0.0,0.0,0.0,0.0,0.0,0.0,0.0,0.0
4,0,0.953125,0.046875,0.0,0.0,0.0,0.0,0.0,0.0,0.0,0.0,0.0,0.0
4,0,0.953125,0.046875,0.0,0.0,0.0,0.0,0.0,0.0,0.0,0.0,0.0,0.0
4,0,0.953125,0.046875,0.0,0.0,0.0,0.0,0.0,0.0,0.0,0.0,0.0,0.0
4,0,0.953125,0.046875,0.0,0.0,0.0,0.0,0.0,0.0,0.0,0.0,0.0,0.0
4,0,0.953125,0.046875,0.0,0.0,0.0,0.0,0.0,0.0,0.0,0.0,0.0,0.0
4,0,0.953125,0.046875,0.0,0.0,0.0,0.0,0.0,0.0,0.0,0.0,0.0,0.0
4,0,0.953125,0.046875,0.0,0.0,0.0,0.0,0.0,0.0,0.0,0.0,0.0,0.0
4,0,0.953125,0.046875,0.0,0.0,0.0,0.0,0.0,0.0,0.0,0.0,0.0,0.0
4,0,0.96875,0.03125,0.0,0.0,0.0,0.0,0.0,0.0,0.0,0.0,0.0,0.0
4,0,0.96875,0.03125,0.0,0.0,0.0,0.0,0.0,0.0,0.0,0.0,0.0,0.0
4,0,0.96875,0.03125,0.0,0.0,0.0,0.0,0.0,0.0,0.0,0.0,0.0,0.0
4,0,0.96875,0.03125,0.0,0.0,0.0,0.0,0.0,0.0,0.0,0.0,0.0,0.0
4,0,0.96875,0.03125,0.0,0.0,0.0,0.0,0.0,0.0,0.0,0.0,0.0,0.0
4,0,0.96875,0.03125,0.0,0.0,0.0,0.0,0.0,0.0,0.0,0.0,0.0,0.0
4,0,0.96875,0.03125,0.0,0.0,0.0,0.0,0.0,0.0,0.0,0.0,0.0,0.0
4,0,0.96875,0.03125,0.0,0.0,0.0,0.0,0.0,0.0,0.0,0.0,0.0,0.0
4,0,0.96875,0.03125,0.0,0.0,0.0,0.0,0.0,0.0,0.0,0.0,0.0,0.0
4,0,0.96875,0.03125,0.0,0.0,0.0,0.0,0.0,0.0,0.0,0.0,0.0,0.0
4,0,0.96875,0.03125,0.0,0.0,0.0,0.0,0.0,0.0,0.0,0.0,0.0,0.0
4,0,0.96875,0.03125,0.0,0.0,0.0,0.0,0.0,0.0,0.0,0.0,0.0,0.0
4,0,0.96875,0.03125,0.0,0.0,0.0,0.0,0.0,0.0,0.0,0.0,0.0,0.0
4,0,0.96875,0.03125,0.0,0.0,0.0,0.0,0.0,0.0,0.0,0.0,0.0,0.0
4,0,0.96875,0.03125,0.0,0.0,0.0,0.0,0.0,0.0,0.0,0.0,0.0,0.0
4,0,0.96875,0.03125,0.0,0.0,0.0,0.0,0.0,0.0,0.0,0.0,0.0,0.0
4,0,0.96875,0.03125,0.0,0.0,0.0,0.0,0.0,0.0,0.0,0.0,0.0,0.0
4,0,0.96875,0.03125,0.0,0.0,0.0,0.0,0.0,0.0,0.0,0.0,0.0,0.0
4,0,0.96875,0.03125,0.0,0.0,0.0,0.0,0.0,0.0,0.0,0.0,0.0,0.0
4,0,0.96875,0.03125,0.0,0.0,0.0,0.0,0.0,0.0,0.0,0.0,0.0,0.0
4,0,0.96875,0.03125,0.0,0.0,0.0,0.0,0.0,0.0,0.0,0.0,0.0,0.0
4,0,0.96875,0.03125,0.0,0.0,0.0,0.0,0.0,0.0,0.0,0.0,0.0,0.0
4,0,0.96875,0.03125,0.0,0.0,0.0,0.0,0.0,0.0,0.0,0.0,0.0,0.0
4,0,0.96875,0.03125,0.0,0.0,0.0,0.0,0.0,0.0,0.0,0.0,0.0,0.0
4,0,0.96875,0.03125,0.0,0.0,0.0,0.0,0.0,0.0,0.0,0.0,0.0,0.0
4,0,0.96875,0.03125,0.0,0.0,0.0,0.0,0.0,0.0,0.0,0.0,0.0,0.0
4,0,0.96875,0.03125,0.0,0.0,0.0,0.0,0.0,0.0,0.0,0.0,0.0,0.0
4,0,0.96875,0.03125,0.0,0.0,0.0,0.0,0.0,0.0,0.0,0.0,0.0,0.0
4,0,0.96875,0.03125,0.0,0.0,0.0,0.0,0.0,0.0,0.0,0.0,0.0,0.0
4,0,0.96875,0.03125,0.0,0.0,0.0,0.0,0.0,0.0,0.0,0.0,0.0,0.0
4,0,0.96875,0.03125,0.0,0.0,0.0,0.0,0.0,0.0,0.0,0.0,0.0,0.0
4,0,0.96875,0.03125,0.0,0.0,0.0,0.0,0.0,0.0,0.0,0.0,0.0,0.0
4,0,0.96875,0.03125,0.0,0.0,0.0,0.0,0.0,0.0,0.0,0.0,0.0,0.0
4,0,0.96875,0.03125,0.0,0.0,0.0,0.0,0.0,0.0,0.0,0.0,0.0,0.0
4,0,0.96875,0.03125,0.0,0.0,0.0,0.0,0.0,0.0,0.0,0.0,0.0,0.0
4,0,0.96875,0.03125,0.0,0.0,0.0,0.0,0.0,0.0,0.0,0.0,0.0,0.0
4,0,0.984375,0.015625,0.0,0.0,0.0,0.0,0.0,0.0,0.0,0.0,0.0,0.0
4,0,0.984375,0.015625,0.0,0.0,0.0,0.0,0.0,0.0,0.0,0.0,0.0,0.0
4,0,0.984375,0.015625,0.0,0.0,0.0,0.0,0.0,0.0,0.0,0.0,0.0,0.0
4,0,0.984375,0.015625,0.0,0.0,0.0,0.0,0.0,0.0,0.0,0.0,0.0,0.0
4,0,0.984375,0.015625,0.0,0.0,0.0,0.0,0.0,0.0,0.0,0.0,0.0,0.0
4,0,0.984375,0.015625,0.0,0.0,0.0,0.0,0.0,0.0,0.0,0.0,0.0,0.0
4,0,0.984375,0.015625,0.0,0.0,0.0,0.0,0.0,0.0,0.0,0.0,0.0,0.0
4,0,0.984375,0.015625,0.0,0.0,0.0,0.0,0.0,0.0,0.0,0.0,0.0,0.0
4,0,0.984375,0.015625,0.0,0.0,0.0,0.0,0.0,0.0,0.0,0.0,0.0,0.0
4,0,0.984375,0.015625,0.0,0.0,0.0,0.0,0.0,0.0,0.0,0.0,0.0,0.0
4,0,0.984375,0.015625,0.0,0.0,0.0,0.0,0.0,0.0,0.0,0.0,0.0,0.0
4,0,0.984375,0.015625,0.0,0.0,0.0,0.0,0.0,0.0,0.0,0.0,0.0,0.0
4,0,0.984375,0.015625,0.0,0.0,0.0,0.0,0.0,0.0,0.0,0.0,0.0,0.0
4,0,0.984375,0.015625,0.0,0.0,0.0,0.0,0.0,0.0,0.0,0.0,0.0,0.0
4,0,0.984375,0.015625,0.0,0.0,0.0,0.0,0.0,0.0,0.0,0.0,0.0,0.0
4,0,0.984375,0.015625,0.0,0.0,0.0,0.0,0.0,0.0,0.0,0.0,0.0,0.0
4,0,0.984375,0.015625,0.0,0.0,0.0,0.0,0.0,0.0,0.0,0.0,0.0,0.0
4,0,0.984375,0.015625,0.0,0.0,0.0,0.0,0.0,0.0,0.0,0.0,0.0,0.0
4,0,0.984375,0.015625,0.0,0.0,0.0,0.0,0.0,0.0,0.0,0.0,0.0,0.0
4,0,0.984375,0.015625,0.0,0.0,0.0,0.0,0.0,0.0,0.0,0.0,0.0,0.0
4,0,0.984375,0.015625,0.0,0.0,0.0,0.0,0.0,0.0,0.0,0.0,0.0,0.0
4,0,0.984375,0.015625,0.0,0.0,0.0,0.0,0.0,0.0,0.0,0.0,0.0,0.0
4,0,0.984375,0.015625,0.0,0.0,0.0,0.0,0.0,0.0,0.0,0.0,0.0,0.0
4,0,0.984375,0.015625,0.0,0.0,0.0,0.0,0.0,0.0,0.0,0.0,0.0,0.0
4,0,0.984375,0.015625,0.0,0.0,0.0,0.0,0.0,0.0,0.0,0.0,0.0,0.0
4,0,0.984375,0.015625,0.0,0.0,0.0,0.0,0.0,0.0,0.0,0.0,0.0,0.0
4,0,0.984375,0.015625,0.0,0.0,0.0,0.0,0.0,0.0,0.0,0.0,0.0,0.0
4,0,0.96875,0.015625,0.015625,0.0,0.0,0.0,0.0,0.0,0.0,0.0,0.0,0.0
4,0,0.953125,0.015625,0.03125,0.0,0.0,0.0,0.0,0.0,0.0,0.0,0.0,0.0
4,0,0.953125,0.015625,0.03125,0.0,0.0,0.0,0.0,0.0,0.0,0.0,0.0,0.0
4,0,0.953125,0.015625,0.03125,0.0,0.0,0.0,0.0,0.0,0.0,0.0,0.0,0.0
4,0,0.953125,0.015625,0.03125,0.0,0.0,0.0,0.0,0.0,0.0,0.0,0.0,0.0
4,0,0.953125,0.015625,0.03125,0.0,0.0,0.0,0.0,0.0,0.0,0.0,0.0,0.0
4,0,0.953125,0.015625,0.03125,0.0,0.0,0.0,0.0,0.0,0.0,0.0,0.0,0.0
4,0,0.953125,0.015625,0.03125,0.0,0.0,0.0,0.0,0.0,0.0,0.0,0.0,0.0
4,0,0.953125,0.015625,0.03125,0.0,0.0,0.0,0.0,0.0,0.0,0.0,0.0,0.0
4,0,0.9375,0.015625,0.046875,0.0,0.0,0.0,0.0,0.0,0.0,0.0,0.0,0.0
4,0,0.9375,0.015625,0.046875,0.0,0.0,0.0,0.0,0.0,0.0,0.0,0.0,0.0
4,0,0.9375,0.015625,0.046875,0.0,0.0,0.0,0.0,0.0,0.0,0.0,0.0,0.0
4,0,0.9375,0.015625,0.046875,0.0,0.0,0.0,0.0,0.0,0.0,0.0,0.0,0.0
4,0,0.9375,0.015625,0.046875,0.0,0.0,0.0,0.0,0.0,0.0,0.0,0.0,0.0
4,0,0.9375,0.015625,0.046875,0.0,0.0,0.0,0.0,0.0,0.0,0.0,0.0,0.0
4,0,0.9375,0.015625,0.046875,0.0,0.0,0.0,0.0,0.0,0.0,0.0,0.0,0.0
4,0,0.9375,0.015625,0.046875,0.0,0.0,0.0,0.0,0.0,0.0,0.0,0.0,0.0
4,0,0.9375,0.015625,0.046875,0.0,0.0,0.0,0.0,0.0,0.0,0.0,0.0,0.0
4,0,0.9375,0.015625,0.046875,0.0,0.0,0.0,0.0,0.0,0.0,0.0,0.0,0.0
4,0,0.9375,0.015625,0.046875,0.0,0.0,0.0,0.0,0.0,0.0,0.0,0.0,0.0
4,0,0.921875,0.015625,0.0625,0.0,0.0,0.0,0.0,0.0,0.0,0.0,0.0,0.0
4,0,0.921875,0.015625,0.0625,0.0,0.0,0.0,0.0,0.0,0.0,0.0,0.0,0.0
4,0,0.921875,0.015625,0.0625,0.0,0.0,0.0,0.0,0.0,0.0,0.0,0.0,0.0
4,0,0.921875,0.015625,0.0625,0.0,0.0,0.0,0.0,0.0,0.0,0.0,0.0,0.0
4,0,0.921875,0.015625,0.0625,0.0,0.0,0.0,0.0,0.0,0.0,0.0,0.0,0.0
4,0,0.859375,0.03125,0.109375,0.0,0.0,0.0,0.0,0.0,0.0,0.0,0.0,0.0
4,0,0.859375,0.03125,0.109375,0.0,0.0,0.0,0.0,0.0,0.0,0.0,0.0,0.0
4,0,0.859375,0.03125,0.109375,0.0,0.0,0.0,0.0,0.0,0.0,0.0,0.0,0.0
4,0,0.859375,0.03125,0.109375,0.0,0.0,0.0,0.0,0.0,0.0,0.0,0.0,0.0
4,0,0.84375,0.03125,0.125,0.0,0.0,0.0,0.0,0.0,0.0,0.0,0.0,0.0
4,0,0.84375,0.03125,0.125,0.0,0.0,0.0,0.0,0.0,0.0,0.0,0.0,0.0
4,0,0.84375,0.03125,0.125,0.0,0.0,0.0,0.0,0.0,0.0,0.0,0.0,0.0
4,0,0.84375,0.03125,0.125,0.0,0.0,0.0,0.0,0.0,0.0,0.0,0.0,0.0
4,0,0.84375,0.03125,0.125,0.0,0.0,0.0,0.0,0.0,0.0,0.0,0.0,0.0
4,0,0.84375,0.03125,0.125,0.0,0.0,0.0,0.0,0.0,0.0,0.0,0.0,0.0
4,0,0.84375,0.03125,0.125,0.0,0.0,0.0,0.0,0.0,0.0,0.0,0.0,0.0
4,0,0.84375,0.03125,0.125,0.0,0.0,0.0,0.0,0.0,0.0,0.0,0.0,0.0
4,0,0.84375,0.03125,0.125,0.0,0.0,0.0,0.0,0.0,0.0,0.0,0.0,0.0
4,0,0.84375,0.03125,0.125,0.0,0.0,0.0,0.0,0.0,0.0,0.0,0.0,0.0
4,0,0.84375,0.03125,0.125,0.0,0.0,0.0,0.0,0.0,0.0,0.0,0.0,0.0
4,0,0.84375,0.03125,0.125,0.0,0.0,0.0,0.0,0.0,0.0,0.0,0.0,0.0
4,0,0.84375,0.03125,0.125,0.0,0.0,0.0,0.0,0.0,0.0,0.0,0.0,0.0
4,0,0.84375,0.03125,0.125,0.0,0.0,0.0,0.0,0.0,0.0,0.0,0.0,0.0
4,0,0.84375,0.03125,0.125,0.0,0.0,0.0,0.0,0.0,0.0,0.0,0.0,0.0
4,0,0.84375,0.03125,0.125,0.0,0.0,0.0,0.0,0.0,0.0,0.0,0.0,0.0
4,0,0.84375,0.03125,0.125,0.0,0.0,0.0,0.0,0.0,0.0,0.0,0.0,0.0
4,0,0.84375,0.03125,0.125,0.0,0.0,0.0,0.0,0.0,0.0,0.0,0.0,0.0
4,0,0.84375,0.03125,0.125,0.0,0.0,0.0,0.0,0.0,0.0,0.0,0.0,0.0
4,0,0.84375,0.03125,0.125,0.0,0.0,0.0,0.0,0.0,0.0,0.0,0.0,0.0
4,0,0.84375,0.03125,0.125,0.0,0.0,0.0,0.0,0.0,0.0,0.0,0.0,0.0
4,0,0.84375,0.03125,0.125,0.0,0.0,0.0,0.0,0.0,0.0,0.0,0.0,0.0
4,0,0.84375,0.03125,0.125,0.0,0.0,0.0,0.0,0.0,0.0,0.0,0.0,0.0
4,0,0.84375,0.03125,0.125,0.0,0.0,0.0,0.0,0.0,0.0,0.0,0.0,0.0
4,0,0.84375,0.03125,0.125,0.0,0.0,0.0,0.0,0.0,0.0,0.0,0.0,0.0
4,0,0.828125,0.03125,0.140625,0.0,0.0,0.0,0.0,0.0,0.0,0.0,0.0,0.0
4,0,0.828125,0.03125,0.140625,0.0,0.0,0.0,0.0,0.0,0.0,0.0,0.0,0.0
4,0,0.828125,0.03125,0.140625,0.0,0.0,0.0,0.0,0.0,0.0,0.0,0.0,0.0
4,0,0.71428573,0.031746034,0.25396827,0.0,0.0,0.0,0.0,0.0,0.0,0.0,0.0,0.0
4,0,0.71428573,0.031746034,0.25396827,0.0,0.0,0.0,0.0,0.0,0.0,0.0,0.0,0.0
4,0,0.71428573,0.031746034,0.25396827,0.0,0.0,0.0,0.0,0.0,0.0,0.0,0.0,0.0
4,0,0.71428573,0.031746034,0.25396827,0.0,0.0,0.0,0.0,0.0,0.0,0.0,0.0,0.0
4,0,0.6984127,0.04761905,0.25396827,0.0,0.0,0.0,0.0,0.0,0.0,0.0,0.0,0.0
4,0,0.6984127,0.04761905,0.25396827,0.0,0.0,0.0,0.0,0.0,0.0,0.0,0.0,0.0
4,0,0.6984127,0.031746034,0.26984128,0.0,0.0,0.0,0.0,0.0,0.0,0.0,0.0,0.0
4,0,0.6825397,0.031746034,0.2857143,0.0,0.0,0.0,0.0,0.0,0.0,0.0,0.0,0.0
4,0,0.6825397,0.031746034,0.2857143,0.0,0.0,0.0,0.0,0.0,0.0,0.0,0.0,0.0
4,0,0.6825397,0.031746034,0.2857143,0.0,0.0,0.0,0.0,0.0,0.0,0.0,0.0,0.0
4,0,0.6825397,0.031746034,0.2857143,0.0,0.0,0.0,0.0,0.0,0.0,0.0,0.0,0.0
4,0,0.6666667,0.031746034,0.3015873,0.0,0.0,0.0,0.0,0.0,0.0,0.0,0.0,0.0
5,0,0.61904764,0.031746034,0.34920636,0.0,0.0,0.0,0.0,0.0,0.0,0.0,0.0,0.0
5,0,0.61904764,0.031746034,0.34920636,0.0,0.0,0.0,0.0,0.0,0.0,0.0,0.0,0.0
5,0,0.61904764,0.031746034,0.34920636,0.0,0.0,0.0,0.0,0.0,0.0,0.0,0.0,0.0
5,0,0.61904764,0.031746034,0.34920636,0.0,0.0,0.0,0.0,0.0,0.0,0.0,0.0,0.0
5,0,0.61904764,0.031746034,0.34920636,0.0,0.0,0.0,0.0,0.0,0.0,0.0,0.0,0.0
5,0,0.61904764,0.031746034,0.34920636,0.0,0.0,0.0,0.0,0.0,0.0,0.0,0.0,0.0
5,0,0.61904764,0.031746034,0.34920636,0.0,0.0,0.0,0.0,0.0,0.0,0.0,0.0,0.0
5,0,0.61904764,0.031746034,0.34920636,0.0,0.0,0.0,0.0,0.0,0.0,0.0,0.0,0.0
5,0,0.61904764,0.031746034,0.34920636,0.0,0.0,0.0,0.0,0.0,0.0,0.0,0.0,0.0
5,0,0.61904764,0.031746034,0.34920636,0.0,0.0,0.0,0.0,0.0,0.0,0.0,0.0,0.0
5,0,0.61904764,0.031746034,0.34920636,0.0,0.0,0.0,0.0,0.0,0.0,0.0,0.0,0.0
5,0,0.61904764,0.031746034,0.34920636,0.0,0.0,0.0,0.0,0.0,0.0,0.0,0.0,0.0
5,0,0.5714286,0.04761905,0.3809524,0.0,0.0,0.0,0.0,0.0,0.0,0.0,0.0,0.0
5,0,0.5714286,0.04761905,0.3809524,0.0,0.0,0.0,0.0,0.0,0.0,0.0,0.0,0.0
5,0,0.5714286,0.04761905,0.3809524,0.0,0.0,0.0,0.0,0.0,0.0,0.0,0.0,0.0
5,0,0.5714286,0.04761905,0.3809524,0.0,0.0,0.0,0.0,0.0,0.0,0.0,0.0,0.0
5,0,0.5555556,0.04761905,0.3968254,0.0,0.0,0.0,0.0,0.0,0.0,0.0,0.0,0.0
5,0,0.5555556,0.04761905,0.3968254,0.0,0.0,0.0,0.0,0.0,0.0,0.0,0.0,0.0
5,0,0.5555556,0.04761905,0.3968254,0.0,0.0,0.0,0.0,0.0,0.0,0.0,0.0,0.0
5,0,0.5555556,0.04761905,0.3968254,0.0,0.0,0.0,0.0,0.0,0.0,0.0,0.0,0.0
5,0,0.50793654,0.031746034,0.46031746,0.0,0.0,0.0,0.0,0.0,0.0,0.0,0.0,0.0
5,0,0.50793654,0.015873017,0.47619048,0.0,0.0,0.0,0.0,0.0,0.0,0.0,0.0,0.0
5,0,0.50793654,0.015873017,0.47619048,0.0,0.0,0.0,0.0,0.0,0.0,0.0,0.0,0.0
5,0,0.50793654,0.015873017,0.47619048,0.0,0.0,0.0,0.0,0.0,0.0,0.0,0.0,0.0
5,0,0.50793654,0.015873017,0.47619048,0.0,0.0,0.0,0.0,0.0,0.0,0.0,0.0,0.0
5,0,0.50793654,0.015873017,0.47619048,0.0,0.0,0.0,0.0,0.0,0.0,0.0,0.0,0.0
5,0,0.50793654,0.015873017,0.47619048,0.0,0.0,0.0,0.0,0.0,0.0,0.0,0.0,0.0
5,0,0.50793654,0.015873017,0.47619048,0.0,0.0,0.0,0.0,0.0,0.0,0.0,0.0,0.0
5,0,0.50793654,0.015873017,0.47619048,0.0,0.0,0.0,0.0,0.0,0.0,0.0,0.0,0.0
5,0,0.50793654,0.015873017,0.47619048,0.0,0.0,0.0,0.0,0.0,0.0,0.0,0.0,0.0
5,0,0.4920635,0.015873017,0.4920635,0.0,0.0,0.0,0.0,0.0,0.0,0.0,0.0,0.0
5,0,0.4920635,0.015873017,0.4920635,0.0,0.0,0.0,0.0,0.0,0.0,0.0,0.0,0.0
5,2,0.47619048,0.015873017,0.50793654,0.0,0.0,0.0,0.0,0.0,0.0,0.0,0.0,0.0
5,2,0.47619048,0.015873017,0.50793654,0.0,0.0,0.0,0.0,0.0,0.0,0.0,0.0,0.0
5,2,0.47619048,0.015873017,0.50793654,0.0,0.0,0.0,0.0,0.0,0.0,0.0,0.0,0.0
5,2,0.47619048,0.015873017,0.50793654,0.0,0.0,0.0,0.0,0.0,0.0,0.0,0.0,0.0
5,2,0.41269842,0.031746034,0.5555556,0.0,0.0,0.0,0.0,0.0,0.0,0.0,0.0,0.0
5,2,0.41269842,0.031746034,0.5555556,0.0,0.0,0.0,0.0,0.0,0.0,0.0,0.0,0.0
5,2,0.41269842,0.031746034,0.5555556,0.0,0.0,0.0,0.0,0.0,0.0,0.0,0.0,0.0
5,2,0.41269842,0.031746034,0.5555556,0.0,0.0,0.0,0.0,0.0,0.0,0.0,0.0,0.0
5,2,0.41269842,0.031746034,0.5555556,0.0,0.0,0.0,0.0,0.0,0.0,0.0,0.0,0.0
5,2,0.41269842,0.031746034,0.5555556,0.0,0.0,0.0,0.0,0.0,0.0,0.0,0.0,0.0
5,2,0.41269842,0.031746034,0.5555556,0.0,0.0,0.0,0.0,0.0,0.0,0.0,0.0,0.0
5,2,0.41269842,0.031746034,0.5555556,0.0,0.0,0.0,0.0,0.0,0.0,0.0,0.0,0.0
5,2,0.40625,0.03125,0.5625,0.0,0.0,0.0,0.0,0.0,0.0,0.0,0.0,0.0
5,2,0.40625,0.03125,0.5625,0.0,0.0,0.0,0.0,0.0,0.0,0.0,0.0,0.0
5,2,0.40625,0.03125,0.5625,0.0,0.0,0.0,0.0,0.0,0.0,0.0,0.0,0.0
5,2,0.40625,0.03125,0.5625,0.0,0.0,0.0,0.0,0.0,0.0,0.0,0.0,0.0
5,2,0.375,0.03125,0.578125,0.0,0.0,0.0,0.0,0.0,0.0,0.0,0.015625,0.0
5,2,0.375,0.03125,0.578125,0.0,0.0,0.0,0.0,0.0,0.0,0.0,0.015625,0.0
5,2,0.375,0.03125,0.578125,0.0,0.0,0.0,0.0,0.0,0.0,0.0,0.015625,0.0
5,2,0.359375,0.03125,0.59375,0.0,0.0,0.0,0.0,0.0,0.0,0.0,0.015625,0.0
5,2,0.328125,0.03125,0.625,0.0,0.0,0.0,0.0,0.0,0.0,0.0,0.015625,0.0
5,2,0.328125,0.03125,0.625,0.0,0.0,0.0,0.0,0.0,0.0,0.0,0.015625,0.0
5,2,0.328125,0.03125,0.625,0.0,0.0,0.0,0.0,0.0,0.0,0.0,0.015625,0.0
5,2,0.328125,0.03125,0.625,0.0,0.0,0.0,0.0,0.0,0.0,0.0,0.015625,0.0
5,2,0.328125,0.03125,0.625,0.0,0.0,0.0,0.0,0.0,0.0,0.0,0.015625,0.0
5,2,0.328125,0.03125,0.625,0.0,0.0,0.0,0.0,0.0,0.0,0.0,0.015625,0.0
5,2,0.328125,0.03125,0.625,0.0,0.0,0.0,0.0,0.0,0.0,0.0,0.015625,0.0
5,2,0.328125,0.03125,0.625,0.0,0.0,0.0,0.0,0.0,0.0,0.0,0.015625,0.0
5,2,0.25,0.03125,0.703125,0.0,0.0,0.0,0.0,0.0,0.0,0.0,0.015625,0.0
5,2,0.25,0.03125,0.703125,0.0,0.0,0.0,0.0,0.0,0.0,0.0,0.015625,0.0
5,2,0.25,0.03125,0.703125,0.0,0.0,0.0,0.0,0.0,0.0,0.0,0.015625,0.0
5,2,0.25,0.03125,0.703125,0.0,0.0,0.0,0.0,0.0,0.0,0.0,0.015625,0.0
5,2,0.25,0.03125,0.703125,0.0,0.0,0.0,0.0,0.0,0.0,0.0,0.015625,0.0
5,2,0.25,0.03125,0.703125,0.0,0.0,0.0,0.0,0.0,0.0,0.0,0.015625,0.0
5,2,0.25,0.03125,0.703125,0.0,0.0,0.0,0.0,0.0,0.0,0.0,0.015625,0.0
5,2,0.25,0.03125,0.703125,0.0,0.0,0.0,0.0,0.0,0.0,0.0,0.015625,0.0
5,2,0.23809524,0.031746034,0.71428573,0.0,0.0,0.0,0.0,0.0,0.0,0.0,0.015873017,0.0
5,2,0.23809524,0.031746034,0.71428573,0.0,0.0,0.0,0.0,0.0,0.0,0.0,0.015873017,0.0
5,2,0.23809524,0.031746034,0.71428573,0.0,0.0,0.0,0.0,0.0,0.0,0.0,0.015873017,0.0
5,2,0.23809524,0.031746034,0.71428573,0.0,0.0,0.0,0.0,0.0,0.0,0.0,0.015873017,0.0
5,2,0.23809524,0.031746034,0.71428573,0.0,0.0,0.0,0.0,0.0,0.0,0.0,0.015873017,0.0
5,2,0.23809524,0.031746034,0.71428573,0.0,0.0,0.0,0.0,0.0,0.0,0.0,0.015873017,0.0
5,2,0.23809524,0.031746034,0.71428573,0.0,0.0,0.0,0.0,0.0,0.0,0.0,0.015873017,0.0
5,2,0.23809524,0.031746034,0.71428573,0.0,0.0,0.0,0.0,0.0,0.0,0.0,0.015873017,0.0
5,2,0.23809524,0.031746034,0.71428573,0.0,0.0,0.0,0.0,0.0,0.0,0.0,0.015873017,0.0
5,2,0.23809524,0.031746034,0.71428573,0.0,0.0,0.0,0.0,0.0,0.0,0.0,0.015873017,0.0
5,2,0.23809524,0.031746034,0.71428573,0.0,0.0,0.0,0.0,0.0,0.0,0.0,0.015873017,0.0
5,2,0.23809524,0.031746034,0.71428573,0.0,0.0,0.0,0.0,0.0,0.0,0.0,0.015873017,0.0
5,2,0.23809524,0.031746034,0.71428573,0.0,0.0,0.0,0.0,0.0,0.0,0.0,0.015873017,0.0
5,2,0.23809524,0.031746034,0.71428573,0.0,0.0,0.0,0.0,0.0,0.0,0.0,0.015873017,0.0
5,2,0.23809524,0.031746034,0.71428573,0.0,0.0,0.0,0.0,0.0,0.0,0.0,0.015873017,0.0
5,2,0.23809524,0.031746034,0.71428573,0.0,0.0,0.0,0.0,0.0,0.0,0.0,0.015873017,0.0
5,2,0.12698413,0.04761905,0.7936508,0.0,0.0,0.0,0.0,0.0,0.0,0.0,0.031746034,0.0
5,2,0.12698413,0.04761905,0.7936508,0.0,0.0,0.0,0.0,0.0,0.0,0.0,0.031746034,0.0
5,2,0.12698413,0.04761905,0.7936508,0.0,0.0,0.0,0.0,0.0,0.0,0.0,0.031746034,0.0
5,2,0.12698413,0.04761905,0.7936508,0.0,0.0,0.0,0.0,0.0,0.0,0.0,0.031746034,0.0
5,2,0.12698413,0.04761905,0.7936508,0.0,0.0,0.0,0.0,0.0,0.0,0.0,0.031746034,0.0
5,2,0.12698413,0.04761905,0.7936508,0.0,0.0,0.0,0.0,0.0,0.0,0.0,0.031746034,0.0
5,2,0.12698413,0.04761905,0.7936508,0.0,0.0,0.0,0.0,0.0,0.0,0.0,0.031746034,0.0
5,2,0.12698413,0.04761905,0.7936508,0.0,0.0,0.0,0.0,0.0,0.0,0.0,0.031746034,0.0
5,2,0.12698413,0.04761905,0.7936508,0.0,0.0,0.0,0.0,0.0,0.0,0.0,0.031746034,0.0
5,2,0.12698413,0.04761905,0.7936508,0.0,0.0,0.0,0.0,0.0,0.0,0.0,0.031746034,0.0
5,2,0.12698413,0.04761905,0.7936508,0.0,0.0,0.0,0.0,0.0,0.0,0.0,0.031746034,0.0
5,2,0.12698413,0.04761905,0.7936508,0.0,0.0,0.0,0.0,0.0,0.0,0.0,0.031746034,0.0
5,2,0.12698413,0.04761905,0.7936508,0.0,0.0,0.0,0.0,0.0,0.0,0.0,0.031746034,0.0
5,2,0.12698413,0.04761905,0.7936508,0.0,0.0,0.0,0.0,0.0,0.0,0.0,0.031746034,0.0
5,2,0.12698413,0.04761905,0.7936508,0.0,0.0,0.0,0.0,0.0,0.0,0.0,0.031746034,0.0
5,2,0.12698413,0.04761905,0.7936508,0.0,0.0,0.0,0.0,0.0,0.0,0.0,0.031746034,0.0
5,2,0.04761905,0.04761905,0.85714287,0.0,0.0,0.0,0.0,0.0,0.0,0.0,0.04761905,0.0
5,2,0.04761905,0.04761905,0.85714287,0.0,0.0,0.0,0.0,0.0,0.0,0.0,0.04761905,0.0
5,2,0.04761905,0.04761905,0.85714287,0.0,0.0,0.0,0.0,0.0,0.0,0.0,0.04761905,0.0
5,2,0.04761905,0.04761905,0.85714287,0.0,0.0,0.0,0.0,0.0,0.0,0.0,0.04761905,0.0
5,2,0.04761905,0.04761905,0.85714287,0.0,0.0,0.0,0.0,0.0,0.0,0.0,0.04761905,0.0
5,2,0.04761905,0.04761905,0.85714287,0.0,0.0,0.0,0.0,0.0,0.0,0.0,0.04761905,0.0
5,2,0.04761905,0.04761905,0.85714287,0.0,0.0,0.0,0.0,0.0,0.0,0.0,0.04761905,0.0
5,2,0.04761905,0.04761905,0.85714287,0.0,0.0,0.0,0.0,0.0,0.0,0.0,0.04761905,0.0
5,2,0.04761905,0.04761905,0.85714287,0.0,0.0,0.0,0.0,0.0,0.0,0.0,0.04761905,0.0
5,2,0.04761905,0.04761905,0.85714287,0.0,0.0,0.0,0.0,0.0,0.0,0.0,0.04761905,0.0
5,2,0.04761905,0.04761905,0.85714287,0.0,0.0,0.0,0.0,0.0,0.0,0.0,0.04761905,0.0
5,2,0.04761905,0.04761905,0.85714287,0.0,0.0,0.0,0.0,0.0,0.0,0.0,0.04761905,0.0
5,2,0.04761905,0.04761905,0.85714287,0.0,0.0,0.0,0.0,0.0,0.0,0.0,0.04761905,0.0
5,2,0.04761905,0.04761905,0.85714287,0.0,0.0,0.0,0.0,0.0,0.0,0.0,0.04761905,0.0
5,2,0.04761905,0.04761905,0.85714287,0.0,0.0,0.0,0.0,0.0,0.0,0.0,0.04761905,0.0
5,2,0.04761905,0.04761905,0.85714287,0.0,0.0,0.0,0.0,0.0,0.0,0.0,0.04761905,0.0
5,2,0.04761905,0.04761905,0.85714287,0.0,0.0,0.0,0.0,0.0,0.0,0.0,0.04761905,0.0
5,2,0.04761905,0.04761905,0.85714287,0.0,0.0,0.0,0.0,0.0,0.0,0.0,0.04761905,0.0
5,2,0.04761905,0.04761905,0.85714287,0.0,0.0,0.0,0.0,0.0,0.0,0.0,0.04761905,0.0
5,2,0.04761905,0.04761905,0.85714287,0.0,0.0,0.0,0.0,0.0,0.0,0.0,0.04761905,0.0
5,2,0.04761905,0.031746034,0.8888889,0.0,0.0,0.0,0.0,0.0,0.0,0.0,0.031746034,0.0
5,2,0.04761905,0.031746034,0.8888889,0.0,0.0,0.0,0.0,0.0,0.0,0.0,0.031746034,0.0
5,2,0.04761905,0.031746034,0.8888889,0.0,0.0,0.0,0.0,0.0,0.0,0.0,0.031746034,0.0
5,2,0.04761905,0.031746034,0.8888889,0.0,0.0,0.0,0.0,0.0,0.0,0.0,0.031746034,0.0
5,2,0.04761905,0.015873017,0.9047619,0.0,0.0,0.0,0.0,0.0,0.0,0.0,0.031746034,0.0
5,2,0.04761905,0.015873017,0.9047619,0.0,0.0,0.0,0.0,0.0,0.0,0.0,0.031746034,0.0
5,2,0.04761905,0.015873017,0.9047619,0.0,0.0,0.0,0.0,0.0,0.0,0.0,0.031746034,0.0
5,2,0.04761905,0.015873017,0.9047619,0.0,0.0,0.0,0.0,0.0,0.0,0.0,0.031746034,0.0
5,2,0.04761905,0.015873017,0.9047619,0.0,0.0,0.0,0.0,0.0,0.0,0.0,0.031746034,0.0
5,2,0.04761905,0.015873017,0.9047619,0.0,0.0,0.0,0.0,0.0,0.0,0.0,0.031746034,0.0
5,2,0.04761905,0.015873017,0.9047619,0.0,0.0,0.0,0.0,0.0,0.0,0.0,0.031746034,0.0
5,2,0.04761905,0.015873017,0.9047619,0.0,0.0,0.0,0.0,0.0,0.0,0.0,0.031746034,0.0
5,2,0.0625,0.015625,0.890625,0.0,0.0,0.0,0.0,0.0,0.0,0.0,0.03125,0.0
5,2,0.0625,0.015625,0.890625,0.0,0.0,0.0,0.0,0.0,0.0,0.0,0.03125,0.0
5,2,0.0625,0.015625,0.890625,0.0,0.0,0.0,0.0,0.0,0.0,0.0,0.03125,0.0
5,2,0.0625,0.015625,0.890625,0.0,0.0,0.0,0.0,0.0,0.0,0.0,0.03125,0.0
5,2,0.0625,0.015625,0.890625,0.0,0.0,0.0,0.0,0.0,0.0,0.0,0.03125,0.0
5,2,0.0625,0.015625,0.890625,0.0,0.0,0.0,0.0,0.0,0.0,0.0,0.03125,0.0
5,2,0.0625,0.015625,0.890625,0.0,0.0,0.0,0.0,0.0,0.0,0.0,0.03125,0.0
5,2,0.0625,0.015625,0.890625,0.0,0.0,0.0,0.0,0.0,0.0,0.0,0.03125,0.0
5,2,0.0625,0.015625,0.890625,0.0,0.0,0.0,0.0,0.0,0.0,0.0,0.03125,0.0
5,2,0.0625,0.015625,0.890625,0.0,0.0,0.0,0.0,0.0,0.0,0.0,0.03125,0.0
5,2,0.0625,0.015625,0.890625,0.0,0.0,0.0,0.0,0.0,0.0,0.0,0.03125,0.0
5,2,0.0625,0.015625,0.890625,0.0,0.0,0.0,0.0,0.0,0.0,0.0,0.03125,0.0
5,2,0.0625,0.015625,0.890625,0.0,0.0,0.0,0.0,0.0,0.0,0.0,0.03125,0.0
5,2,0.0625,0.015625,0.890625,0.0,0.0,0.0,0.0,0.0,0.0,0.0,0.03125,0.0
5,2,0.0625,0.015625,0.890625,0.0,0.0,0.0,0.0,0.0,0.0,0.0,0.03125,0.0
5,2,0.0625,0.015625,0.890625,0.0,0.0,0.0,0.0,0.0,0.0,0.0,0.03125,0.0
5,2,0.0625,0.015625,0.90625,0.0,0.0,0.0,0.0,0.0,0.0,0.0,0.015625,0.0
5,2,0.0625,0.015625,0.90625,0.0,0.0,0.0,0.0,0.0,0.0,0.0,0.015625,0.0
5,2,0.0625,0.015625,0.90625,0.0,0.0,0.0,0.0,0.0,0.0,0.0,0.015625,0.0
5,2,0.0625,0.015625,0.90625,0.0,0.0,0.0,0.0,0.0,0.0,0.0,0.015625,0.0
5,2,0.0625,0.015625,0.90625,0.0,0.0,0.0,0.0,0.0,0.0,0.0,0.015625,0.0
5,2,0.0625,0.015625,0.90625,0.0,0.0,0.0,0.0,0.0,0.0,0.0,0.015625,0.0
5,2,0.0625,0.015625,0.90625,0.0,0.0,0.0,0.0,0.0,0.0,0.0,0.015625,0.0
5,2,0.0625,0.015625,0.90625,0.0,0.0,0.0,0.0,0.0,0.0,0.0,0.015625,0.0
5,2,0.0625,0.015625,0.90625,0.0,0.0,0.0,0.0,0.0,0.0,0.0,0.015625,0.0
5,2,0.0625,0.015625,0.90625,0.0,0.0,0.0,0.0,0.0,0.0,0.0,0.015625,0.0
5,2,0.0625,0.015625,0.90625,0.0,0.0,0.0,0.0,0.0,0.0,0.0,0.015625,0.0
5,2,0.0625,0.015625,0.90625,0.0,0.0,0.0,0.0,0.0,0.0,0.0,0.015625,0.0
5,2,0.0625,0.015625,0.90625,0.0,0.0,0.0,0.0,0.0,0.0,0.0,0.015625,0.0
5,2,0.0625,0.015625,0.90625,0.0,0.0,0.0,0.0,0.0,0.0,0.0,0.015625,0.0
5,2,0.0625,0.015625,0.90625,0.0,0.0,0.0,0.0,0.0,0.0,0.0,0.015625,0.0
5,2,0.0625,0.015625,0.90625,0.0,0.0,0.0,0.0,0.0,0.0,0.0,0.015625,0.0
5,2,0.0625,0.015625,0.90625,0.0,0.0,0.0,0.0,0.0,0.0,0.0,0.015625,0.0
5,2,0.0625,0.015625,0.90625,0.0,0.0,0.0,0.0,0.0,0.0,0.0,0.015625,0.0
5,2,0.0625,0.015625,0.90625,0.0,0.0,0.0,0.0,0.0,0.0,0.0,0.015625,0.0
5,2,0.0625,0.015625,0.90625,0.0,0.0,0.0,0.0,0.0,0.0,0.0,0.015625,0.0
5,2,0.0625,0.015625,0.90625,0.0,0.0,0.0,0.0,0.0,0.0,0.0,0.015625,0.0
5,2,0.0625,0.015625,0.90625,0.0,0.0,0.0,0.0,0.0,0.0,0.0,0.015625,0.0
5,2,0.0625,0.015625,0.90625,0.0,0.0,0.0,0.0,0.0,0.0,0.0,0.015625,0.0
5,2,0.0625,0.015625,0.90625,0.0,0.0,0.0,0.0,0.0,0.0,0.0,0.015625,0.0
5,2,0.0625,0.015625,0.90625,0.0,0.0,0.0,0.0,0.0,0.0,0.0,0.015625,0.0
5,2,0.0625,0.015625,0.90625,0.0,0.0,0.0,0.0,0.0,0.0,0.0,0.015625,0.0
5,2,0.0625,0.015625,0.90625,0.0,0.0,0.0,0.0,0.0,0.0,0.0,0.015625,0.0
5,2,0.0625,0.015625,0.90625,0.0,0.0,0.0,0.0,0.0,0.0,0.0,0.015625,0.0
5,2,0.0625,0.015625,0.90625,0.0,0.0,0.0,0.0,0.0,0.0,0.0,0.015625,0.0
5,2,0.0625,0.015625,0.90625,0.0,0.0,0.0,0.0,0.0,0.0,0.0,0.015625,0.0
5,2,0.0625,0.015625,0.90625,0.0,0.0,0.0,0.0,0.0,0.0,0.0,0.015625,0.0
5,2,0.0625,0.015625,0.90625,0.0,0.0,0.0,0.0,0.0,0.0,0.0,0.015625,0.0
5,2,0.0625,0.015625,0.921875,0.0,0.0,0.0,0.0,0.0,0.0,0.0,0.0,0.0
5,2,0.0625,0.015625,0.921875,0.0,0.0,0.0,0.0,0.0,0.0,0.0,0.0,0.0
5,2,0.0625,0.015625,0.921875,0.0,0.0,0.0,0.0,0.0,0.0,0.0,0.0,0.0
5,2,0.0625,0.015625,0.921875,0.0,0.0,0.0,0.0,0.0,0.0,0.0,0.0,0.0
5,2,0.0625,0.015625,0.921875,0.0,0.0,0.0,0.0,0.0,0.0,0.0,0.0,0.0
5,2,0.0625,0.015625,0.921875,0.0,0.0,0.0,0.0,0.0,0.0,0.0,0.0,0.0
5,2,0.0625,0.015625,0.921875,0.0,0.0,0.0,0.0,0.0,0.0,0.0,0.0,0.0
5,2,0.0625,0.015625,0.921875,0.0,0.0,0.0,0.0,0.0,0.0,0.0,0.0,0.0
5,2,0.0625,0.015625,0.921875,0.0,0.0,0.0,0.0,0.0,0.0,0.0,0.0,0.0
5,2,0.0625,0.015625,0.921875,0.0,0.0,0.0,0.0,0.0,0.0,0.0,0.0,0.0
5,2,0.0625,0.015625,0.921875,0.0,0.0,0.0,0.0,0.0,0.0,0.0,0.0,0.0
5,2,0.0625,0.015625,0.921875,0.0,0.0,0.0,0.0,0.0,0.0,0.0,0.0,0.0
5,2,0.0625,0.015625,0.921875,0.0,0.0,0.0,0.0,0.0,0.0,0.0,0.0,0.0
5,2,0.0625,0.015625,0.921875,0.0,0.0,0.0,0.0,0.0,0.0,0.0,0.0,0.0
5,2,0.0625,0.015625,0.921875,0.0,0.0,0.0,0.0,0.0,0.0,0.0,0.0,0.0
5,2,0.0625,0.015625,0.921875,0.0,0.0,0.0,0.0,0.0,0.0,0.0,0.0,0.0
5,2,0.0625,0.015625,0.921875,0.0,0.0,0.0,0.0,0.0,0.0,0.0,0.0,0.0
5,2,0.0625,0.015625,0.921875,0.0,0.0,0.0,0.0,0.0,0.0,0.0,0.0,0.0
5,2,0.0625,0.015625,0.921875,0.0,0.0,0.0,0.0,0.0,0.0,0.0,0.0,0.0
5,2,0.0625,0.015625,0.921875,0.0,0.0,0.0,0.0,0.0,0.0,0.0,0.0,0.0
5,2,0.0625,0.015625,0.921875,0.0,0.0,0.0,0.0,0.0,0.0,0.0,0.0,0.0
5,2,0.0625,0.015625,0.921875,0.0,0.0,0.0,0.0,0.0,0.0,0.0,0.0,0.0
5,2,0.0625,0.015625,0.921875,0.0,0.0,0.0,0.0,0.0,0.0,0.0,0.0,0.0
5,2,0.0625,0.015625,0.921875,0.0,0.0,0.0,0.0,0.0,0.0,0.0,0.0,0.0
5,2,0.046875,0.015625,0.9375,0.0,0.0,0.0,0.0,0.0,0.0,0.0,0.0,0.0
5,2,0.046875,0.015625,0.9375,0.0,0.0,0.0,0.0,0.0,0.0,0.0,0.0,0.0
5,2,0.046875,0.015625,0.9375,0.0,0.0,0.0,0.0,0.0,0.0,0.0,0.0,0.0
5,2,0.046875,0.015625,0.9375,0.0,0.0,0.0,0.0,0.0,0.0,0.0,0.0,0.0
5,2,0.046875,0.015625,0.9375,0.0,0.0,0.0,0.0,0.0,0.0,0.0,0.0,0.0
5,2,0.046875,0.015625,0.9375,0.0,0.0,0.0,0.0,0.0,0.0,0.0,0.0,0.0
5,2,0.046875,0.015625,0.9375,0.0,0.0,0.0,0.0,0.0,0.0,0.0,0.0,0.0
5,2,0.046875,0.015625,0.9375,0.0,0.0,0.0,0.0,0.0,0.0,0.0,0.0,0.0
5,2,0.046875,0.015625,0.9375,0.0,0.0,0.0,0.0,0.0,0.0,0.0,0.0,0.0
5,2,0.046875,0.015625,0.9375,0.0,0.0,0.0,0.0,0.0,0.0,0.0,0.0,0.0
5,2,0.046875,0.015625,0.9375,0.0,0.0,0.0,0.0,0.0,0.0,0.0,0.0,0.0
5,2,0.046875,0.015625,0.9375,0.0,0.0,0.0,0.0,0.0,0.0,0.0,0.0,0.0
5,2,0.046875,0.015625,0.921875,0.0,0.0,0.0,0.0,0.0,0.0,0.0,0.015625,0.0
5,2,0.046875,0.015625,0.921875,0.0,0.0,0.0,0.0,0.0,0.0,0.0,0.015625,0.0
5,2,0.046875,0.015625,0.921875,0.0,0.0,0.0,0.0,0.0,0.0,0.0,0.015625,0.0
5,2,0.046875,0.015625,0.921875,0.0,0.0,0.0,0.0,0.0,0.0,0.0,0.015625,0.0
5,2,0.046875,0.015625,0.921875,0.0,0.0,0.0,0.0,0.0,0.0,0.0,0.015625,0.0
5,2,0.046875,0.015625,0.921875,0.0,0.0,0.0,0.0,0.0,0.0,0.0,0.015625,0.0
5,2,0.046875,0.015625,0.921875,0.0,0.0,0.0,0.0,0.0,0.0,0.0,0.015625,0.0
5,2,0.046875,0.015625,0.921875,0.0,0.0,0.0,0.0,0.0,0.0,0.0,0.015625,0.0
5,2,0.046875,0.015625,0.921875,0.0,0.0,0.0,0.0,0.0,0.0,0.0,0.015625,0.0
5,2,0.046875,0.015625,0.921875,0.0,0.0,0.0,0.0,0.0,0.0,0.0,0.015625,0.0
5,2,0.046875,0.015625,0.921875,0.0,0.0,0.0,0.0,0.0,0.0,0.0,0.015625,0.0
5,2,0.046875,0.015625,0.921875,0.0,0.0,0.0,0.0,0.0,0.0,0.0,0.015625,0.0
5,2,0.046875,0.015625,0.9375,0.0,0.0,0.0,0.0,0.0,0.0,0.0,0.0,0.0
5,2,0.046875,0.015625,0.9375,0.0,0.0,0.0,0.0,0.0,0.0,0.0,0.0,0.0
5,2,0.046875,0.015625,0.9375,0.0,0.0,0.0,0.0,0.0,0.0,0.0,0.0,0.0
5,2,0.046875,0.015625,0.9375,0.0,0.0,0.0,0.0,0.0,0.0,0.0,0.0,0.0
5,2,0.046875,0.015625,0.9375,0.0,0.0,0.0,0.0,0.0,0.0,0.0,0.0,0.0
5,2,0.046875,0.015625,0.9375,0.0,0.0,0.0,0.0,0.0,0.0,0.0,0.0,0.0
5,2,0.046875,0.015625,0.9375,0.0,0.0,0.0,0.0,0.0,0.0,0.0,0.0,0.0
5,2,0.046875,0.015625,0.9375,0.0,0.0,0.0,0.0,0.0,0.0,0.0,0.0,0.0
5,2,0.046875,0.015625,0.9375,0.0,0.0,0.0,0.0,0.0,0.0,0.0,0.0,0.0
5,2,0.046875,0.015625,0.9375,0.0,0.0,0.0,0.0,0.0,0.0,0.0,0.0,0.0
5,2,0.046875,0.015625,0.9375,0.0,0.0,0.0,0.0,0.0,0.0,0.0,0.0,0.0
5,2,0.046875,0.015625,0.9375,0.0,0.0,0.0,0.0,0.0,0.0,0.0,0.0,0.0
5,2,0.046875,0.015625,0.9375,0.0,0.0,0.0,0.0,0.0,0.0,0.0,0.0,0.0
5,2,0.046875,0.015625,0.9375,0.0,0.0,0.0,0.0,0.0,0.0,0.0,0.0,0.0
5,2,0.046875,0.015625,0.9375,0.0,0.0,0.0,0.0,0.0,0.0,0.0,0.0,0.0
5,2,0.046875,0.015625,0.9375,0.0,0.0,0.0,0.0,0.0,0.0,0.0,0.0,0.0
5,2,0.046875,0.015625,0.9375,0.0,0.0,0.0,0.0,0.0,0.0,0.0,0.0,0.0
5,2,0.046875,0.015625,0.9375,0.0,0.0,0.0,0.0,0.0,0.0,0.0,0.0,0.0
5,2,0.046875,0.015625,0.9375,0.0,0.0,0.0,0.0,0.0,0.0,0.0,0.0,0.0
5,2,0.046875,0.015625,0.9375,0.0,0.0,0.0,0.0,0.0,0.0,0.0,0.0,0.0
5,2,0.046875,0.015625,0.9375,0.0,0.0,0.0,0.0,0.0,0.0,0.0,0.0,0.0
5,2,0.046875,0.015625,0.9375,0.0,0.0,0.0,0.0,0.0,0.0,0.0,0.0,0.0
5,2,0.046875,0.015625,0.9375,0.0,0.0,0.0,0.0,0.0,0.0,0.0,0.0,0.0
5,2,0.046875,0.015625,0.9375,0.0,0.0,0.0,0.0,0.0,0.0,0.0,0.0,0.0
5,2,0.046875,0.015625,0.921875,0.0,0.0,0.0,0.0,0.0,0.0,0.0,0.015625,0.0
5,2,0.046875,0.015625,0.921875,0.0,0.0,0.0,0.0,0.0,0.0,0.0,0.015625,0.0
5,2,0.046875,0.015625,0.921875,0.0,0.0,0.0,0.0,0.0,0.0,0.0,0.015625,0.0
5,2,0.046875,0.015625,0.921875,0.0,0.0,0.0,0.0,0.0,0.0,0.0,0.015625,0.0
5,2,0.046875,0.015625,0.921875,0.0,0.0,0.0,0.0,0.0,0.0,0.0,0.015625,0.0
5,2,0.046875,0.015625,0.921875,0.0,0.0,0.0,0.0,0.0,0.0,0.0,0.015625,0.0
5,2,0.046875,0.015625,0.921875,0.0,0.0,0.0,0.0,0.0,0.0,0.0,0.015625,0.0
5,2,0.046875,0.015625,0.921875,0.0,0.0,0.0,0.0,0.0,0.0,0.0,0.015625,0.0
5,2,0.046875,0.015625,0.921875,0.0,0.0,0.0,0.0,0.0,0.0,0.0,0.015625,0.0
5,2,0.046875,0.015625,0.921875,0.0,0.0,0.0,0.0,0.0,0.0,0.0,0.015625,0.0
5,2,0.046875,0.015625,0.921875,0.0,0.0,0.0,0.0,0.0,0.0,0.0,0.015625,0.0
5,2,0.046875,0.015625,0.921875,0.0,0.0,0.0,0.0,0.0,0.0,0.0,0.015625,0.0
5,2,0.046875,0.015625,0.9375,0.0,0.0,0.0,0.0,0.0,0.0,0.0,0.0,0.0
5,2,0.046875,0.015625,0.9375,0.0,0.0,0.0,0.0,0.0,0.0,0.0,0.0,0.0
5,2,0.046875,0.015625,0.9375,0.0,0.0,0.0,0.0,0.0,0.0,0.0,0.0,0.0
5,2,0.046875,0.015625,0.9375,0.0,0.0,0.0,0.0,0.0,0.0,0.0,0.0,0.0
5,2,0.046875,0.015625,0.9375,0.0,0.0,0.0,0.0,0.0,0.0,0.0,0.0,0.0
5,2,0.046875,0.015625,0.9375,0.0,0.0,0.0,0.0,0.0,0.0,0.0,0.0,0.0
5,2,0.046875,0.015625,0.9375,0.0,0.0,0.0,0.0,0.0,0.0,0.0,0.0,0.0
5,2,0.046875,0.015625,0.9375,0.0,0.0,0.0,0.0,0.0,0.0,0.0,0.0,0.0
5,2,0.046875,0.015625,0.9375,0.0,0.0,0.0,0.0,0.0,0.0,0.0,0.0,0.0
5,2,0.046875,0.015625,0.9375,0.0,0.0,0.0,0.0,0.0,0.0,0.0,0.0,0.0
5,2,0.046875,0.015625,0.9375,0.0,0.0,0.0,0.0,0.0,0.0,0.0,0.0,0.0
5,2,0.046875,0.015625,0.9375,0.0,0.0,0.0,0.0,0.0,0.0,0.0,0.0,0.0
5,2,0.0625,0.015625,0.921875,0.0,0.0,0.0,0.0,0.0,0.0,0.0,0.0,0.0
5,2,0.0625,0.015625,0.921875,0.0,0.0,0.0,0.0,0.0,0.0,0.0,0.0,0.0
5,2,0.0625,0.015625,0.921875,0.0,0.0,0.0,0.0,0.0,0.0,0.0,0.0,0.0
5,2,0.0625,0.015625,0.921875,0.0,0.0,0.0,0.0,0.0,0.0,0.0,0.0,0.0
5,2,0.0625,0.015625,0.921875,0.0,0.0,0.0,0.0,0.0,0.0,0.0,0.0,0.0
5,2,0.0625,0.015625,0.921875,0.0,0.0,0.0,0.0,0.0,0.0,0.0,0.0,0.0
5,2,0.0625,0.015625,0.921875,0.0,0.0,0.0,0.0,0.0,0.0,0.0,0.0,0.0
5,2,0.0625,0.015625,0.921875,0.0,0.0,0.0,0.0,0.0,0.0,0.0,0.0,0.0
5,2,0.0625,0.015625,0.921875,0.0,0.0,0.0,0.0,0.0,0.0,0.0,0.0,0.0
5,2,0.0625,0.015625,0.921875,0.0,0.0,0.0,0.0,0.0,0.0,0.0,0.0,0.0
5,2,0.0625,0.015625,0.921875,0.0,0.0,0.0,0.0,0.0,0.0,0.0,0.0,0.0
5,2,0.0625,0.015625,0.921875,0.0,0.0,0.0,0.0,0.0,0.0,0.0,0.0,0.0
5,2,0.0625,0.015625,0.921875,0.0,0.0,0.0,0.0,0.0,0.0,0.0,0.0,0.0
5,2,0.0625,0.015625,0.921875,0.0,0.0,0.0,0.0,0.0,0.0,0.0,0.0,0.0
5,2,0.0625,0.015625,0.921875,0.0,0.0,0.0,0.0,0.0,0.0,0.0,0.0,0.0
5,2,0.0625,0.015625,0.921875,0.0,0.0,0.0,0.0,0.0,0.0,0.0,0.0,0.0
5,2,0.0625,0.015625,0.921875,0.0,0.0,0.0,0.0,0.0,0.0,0.0,0.0,0.0
5,2,0.0625,0.015625,0.921875,0.0,0.0,0.0,0.0,0.0,0.0,0.0,0.0,0.0
5,2,0.0625,0.015625,0.921875,0.0,0.0,0.0,0.0,0.0,0.0,0.0,0.0,0.0
5,2,0.0625,0.015625,0.921875,0.0,0.0,0.0,0.0,0.0,0.0,0.0,0.0,0.0
5,2,0.0625,0.015625,0.921875,0.0,0.0,0.0,0.0,0.0,0.0,0.0,0.0,0.0
5,2,0.0625,0.015625,0.921875,0.0,0.0,0.0,0.0,0.0,0.0,0.0,0.0,0.0
5,2,0.0625,0.015625,0.921875,0.0,0.0,0.0,0.0,0.0,0.0,0.0,0.0,0.0
5,2,0.0625,0.015625,0.921875,0.0,0.0,0.0,0.0,0.0,0.0,0.0,0.0,0.0
5,2,0.0625,0.015625,0.921875,0.0,0.0,0.0,0.0,0.0,0.0,0.0,0.0,0.0
5,2,0.0625,0.015625,0.921875,0.0,0.0,0.0,0.0,0.0,0.0,0.0,0.0,0.0
5,2,0.0625,0.015625,0.921875,0.0,0.0,0.0,0.0,0.0,0.0,0.0,0.0,0.0
5,2,0.0625,0.015625,0.921875,0.0,0.0,0.0,0.0,0.0,0.0,0.0,0.0,0.0
5,2,0.0625,0.015625,0.921875,0.0,0.0,0.0,0.0,0.0,0.0,0.0,0.0,0.0
5,2,0.0625,0.015625,0.921875,0.0,0.0,0.0,0.0,0.0,0.0,0.0,0.0,0.0
5,2,0.0625,0.015625,0.921875,0.0,0.0,0.0,0.0,0.0,0.0,0.0,0.0,0.0
5,2,0.0625,0.015625,0.921875,0.0,0.0,0.0,0.0,0.0,0.0,0.0,0.0,0.0
5,2,0.0625,0.015625,0.921875,0.0,0.0,0.0,0.0,0.0,0.0,0.0,0.0,0.0
5,2,0.0625,0.015625,0.921875,0.0,0.0,0.0,0.0,0.0,0.0,0.0,0.0,0.0
5,2,0.0625,0.015625,0.921875,0.0,0.0,0.0,0.0,0.0,0.0,0.0,0.0,0.0
5,2,0.0625,0.015625,0.921875,0.0,0.0,0.0,0.0,0.0,0.0,0.0,0.0,0.0
5,2,0.0625,0.015625,0.921875,0.0,0.0,0.0,0.0,0.0,0.0,0.0,0.0,0.0
5,2,0.0625,0.015625,0.921875,0.0,0.0,0.0,0.0,0.0,0.0,0.0,0.0,0.0
5,2,0.0625,0.015625,0.921875,0.0,0.0,0.0,0.0,0.0,0.0,0.0,0.0,0.0
5,2,0.0625,0.015625,0.921875,0.0,0.0,0.0,0.0,0.0,0.0,0.0,0.0,0.0
5,2,0.0625,0.015625,0.921875,0.0,0.0,0.0,0.0,0.0,0.0,0.0,0.0,0.0
5,2,0.0625,0.015625,0.921875,0.0,0.0,0.0,0.0,0.0,0.0,0.0,0.0,0.0
5,2,0.0625,0.015625,0.921875,0.0,0.0,0.0,0.0,0.0,0.0,0.0,0.0,0.0
5,2,0.0625,0.015625,0.921875,0.0,0.0,0.0,0.0,0.0,0.0,0.0,0.0,0.0
5,2,0.0625,0.015625,0.921875,0.0,0.0,0.0,0.0,0.0,0.0,0.0,0.0,0.0
5,2,0.0625,0.015625,0.921875,0.0,0.0,0.0,0.0,0.0,0.0,0.0,0.0,0.0
5,2,0.0625,0.015625,0.921875,0.0,0.0,0.0,0.0,0.0,0.0,0.0,0.0,0.0
5,2,0.0625,0.015625,0.921875,0.0,0.0,0.0,0.0,0.0,0.0,0.0,0.0,0.0
5,2,0.0625,0.015625,0.921875,0.0,0.0,0.0,0.0,0.0,0.0,0.0,0.0,0.0
5,2,0.0625,0.015625,0.921875,0.0,0.0,0.0,0.0,0.0,0.0,0.0,0.0,0.0
5,2,0.0625,0.015625,0.921875,0.0,0.0,0.0,0.0,0.0,0.0,0.0,0.0,0.0
5,2,0.0625,0.015625,0.921875,0.0,0.0,0.0,0.0,0.0,0.0,0.0,0.0,0.0
5,2,0.0625,0.015625,0.921875,0.0,0.0,0.0,0.0,0.0,0.0,0.0,0.0,0.0
5,2,0.0625,0.015625,0.921875,0.0,0.0,0.0,0.0,0.0,0.0,0.0,0.0,0.0
5,2,0.0625,0.015625,0.921875,0.0,0.0,0.0,0.0,0.0,0.0,0.0,0.0,0.0
5,2,0.0625,0.015625,0.921875,0.0,0.0,0.0,0.0,0.0,0.0,0.0,0.0,0.0
5,2,0.0625,0.015625,0.921875,0.0,0.0,0.0,0.0,0.0,0.0,0.0,0.0,0.0
5,2,0.0625,0.015625,0.921875,0.0,0.0,0.0,0.0,0.0,0.0,0.0,0.0,0.0
5,2,0.0625,0.015625,0.921875,0.0,0.0,0.0,0.0,0.0,0.0,0.0,0.0,0.0
5,2,0.0625,0.015625,0.921875,0.0,0.0,0.0,0.0,0.0,0.0,0.0,0.0,0.0
5,2,0.0625,0.015625,0.921875,0.0,0.0,0.0,0.0,0.0,0.0,0.0,0.0,0.0
5,2,0.0625,0.015625,0.921875,0.0,0.0,0.0,0.0,0.0,0.0,0.0,0.0,0.0
5,2,0.0625,0.015625,0.921875,0.0,0.0,0.0,0.0,0.0,0.0,0.0,0.0,0.0
5,2,0.0625,0.015625,0.921875,0.0,0.0,0.0,0.0,0.0,0.0,0.0,0.0,0.0
5,2,0.0625,0.015625,0.90625,0.0,0.0,0.0,0.0,0.0,0.0,0.0,0.015625,0.0
5,2,0.0625,0.015625,0.90625,0.0,0.0,0.0,0.0,0.0,0.0,0.0,0.015625,0.0
5,2,0.0625,0.015625,0.90625,0.0,0.0,0.0,0.0,0.0,0.0,0.0,0.015625,0.0
5,2,0.0625,0.015625,0.90625,0.0,0.0,0.0,0.0,0.0,0.0,0.0,0.015625,0.0
5,2,0.0625,0.015625,0.90625,0.0,0.0,0.0,0.0,0.0,0.0,0.0,0.015625,0.0
5,2,0.0625,0.015625,0.90625,0.0,0.0,0.0,0.0,0.0,0.0,0.0,0.015625,0.0
5,2,0.0625,0.015625,0.90625,0.0,0.0,0.0,0.0,0.0,0.0,0.0,0.015625,0.0
5,2,0.0625,0.015625,0.90625,0.0,0.0,0.0,0.0,0.0,0.0,0.0,0.015625,0.0
5,2,0.046875,0.015625,0.921875,0.0,0.0,0.0,0.0,0.0,0.0,0.0,0.015625,0.0
5,2,0.046875,0.015625,0.921875,0.0,0.0,0.0,0.0,0.0,0.0,0.0,0.015625,0.0
5,2,0.046875,0.015625,0.921875,0.0,0.0,0.0,0.0,0.0,0.0,0.0,0.015625,0.0
5,2,0.046875,0.015625,0.921875,0.0,0.0,0.0,0.0,0.0,0.0,0.0,0.015625,0.0
5,2,0.046875,0.015625,0.921875,0.0,0.0,0.0,0.0,0.0,0.0,0.0,0.015625,0.0
5,2,0.046875,0.015625,0.921875,0.0,0.0,0.0,0.0,0.0,0.0,0.0,0.015625,0.0
5,2,0.046875,0.015625,0.921875,0.0,0.0,0.0,0.0,0.0,0.0,0.0,0.015625,0.0
5,2,0.046875,0.015625,0.921875,0.0,0.0,0.0,0.0,0.0,0.0,0.0,0.015625,0.0
5,2,0.046875,0.015625,0.921875,0.0,0.0,0.0,0.0,0.0,0.0,0.0,0.015625,0.0
5,2,0.046875,0.015625,0.921875,0.0,0.0,0.0,0.0,0.0,0.0,0.0,0.015625,0.0
5,2,0.046875,0.015625,0.921875,0.0,0.0,0.0,0.0,0.0,0.0,0.0,0.015625,0.0
5,2,0.046875,0.015625,0.921875,0.0,0.0,0.0,0.0,0.0,0.0,0.0,0.015625,0.0
5,2,0.046875,0.015625,0.90625,0.0,0.0,0.0,0.0,0.0,0.0,0.0,0.03125,0.0
5,2,0.046875,0.015625,0.90625,0.0,0.0,0.0,0.0,0.0,0.0,0.0,0.03125,0.0
5,2,0.046875,0.015625,0.90625,0.0,0.0,0.0,0.0,0.0,0.0,0.0,0.03125,0.0
5,2,0.046875,0.015625,0.90625,0.0,0.0,0.0,0.0,0.0,0.0,0.0,0.03125,0.0
5,2,0.046875,0.015625,0.90625,0.0,0.0,0.0,0.0,0.0,0.0,0.0,0.03125,0.0
5,2,0.046875,0.015625,0.90625,0.0,0.0,0.0,0.0,0.0,0.0,0.0,0.03125,0.0
5,2,0.046875,0.015625,0.90625,0.0,0.0,0.0,0.0,0.0,0.0,0.0,0.03125,0.0
5,2,0.046875,0.015625,0.90625,0.0,0.0,0.0,0.0,0.0,0.0,0.0,0.03125,0.0
5,2,0.046875,0.015625,0.90625,0.0,0.0,0.0,0.0,0.0,0.0,0.0,0.03125,0.0
5,2,0.046875,0.015625,0.90625,0.0,0.0,0.0,0.0,0.0,0.0,0.0,0.03125,0.0
5,2,0.046875,0.015625,0.90625,0.0,0.0,0.0,0.0,0.0,0.0,0.0,0.03125,0.0
5,2,0.046875,0.015625,0.90625,0.0,0.0,0.0,0.0,0.0,0.0,0.0,0.03125,0.0
5,2,0.046875,0.015625,0.90625,0.0,0.0,0.0,0.0,0.0,0.0,0.0,0.03125,0.0
5,2,0.046875,0.015625,0.90625,0.0,0.0,0.0,0.0,0.0,0.0,0.0,0.03125,0.0
5,2,0.046875,0.015625,0.90625,0.0,0.0,0.0,0.0,0.0,0.0,0.0,0.03125,0.0
5,2,0.046875,0.015625,0.90625,0.0,0.0,0.0,0.0,0.0,0.0,0.0,0.03125,0.0
5,2,0.046875,0.015625,0.90625,0.0,0.0,0.0,0.0,0.0,0.0,0.0,0.03125,0.0
5,2,0.046875,0.015625,0.90625,0.0,0.0,0.0,0.0,0.0,0.0,0.0,0.03125,0.0
5,2,0.046875,0.015625,0.90625,0.0,0.0,0.0,0.0,0.0,0.0,0.0,0.03125,0.0
5,2,0.046875,0.015625,0.90625,0.0,0.0,0.0,0.0,0.0,0.0,0.0,0.03125,0.0
5,2,0.046875,0.015625,0.90625,0.0,0.0,0.0,0.0,0.0,0.0,0.0,0.03125,0.0
5,2,0.046875,0.015625,0.90625,0.0,0.0,0.0,0.0,0.0,0.0,0.0,0.03125,0.0
5,2,0.046875,0.015625,0.90625,0.0,0.0,0.0,0.0,0.0,0.0,0.0,0.03125,0.0
5,2,0.046875,0.015625,0.90625,0.0,0.0,0.0,0.0,0.0,0.0,0.0,0.03125,0.0
5,2,0.046875,0.015625,0.90625,0.0,0.0,0.0,0.0,0.0,0.0,0.0,0.03125,0.0
5,2,0.046875,0.015625,0.90625,0.0,0.0,0.0,0.0,0.0,0.0,0.0,0.03125,0.0
5,2,0.046875,0.015625,0.90625,0.0,0.0,0.0,0.0,0.0,0.0,0.0,0.03125,0.0
5,2,0.046875,0.015625,0.90625,0.0,0.0,0.0,0.0,0.0,0.0,0.0,0.03125,0.0
5,2,0.046875,0.015625,0.90625,0.0,0.0,0.0,0.0,0.0,0.0,0.0,0.03125,0.0
5,2,0.046875,0.015625,0.90625,0.0,0.0,0.0,0.0,0.0,0.0,0.0,0.03125,0.0
5,2,0.046875,0.015625,0.90625,0.0,0.0,0.0,0.0,0.0,0.0,0.0,0.03125,0.0
5,2,0.046875,0.015625,0.90625,0.0,0.0,0.0,0.0,0.0,0.0,0.0,0.03125,0.0
5,2,0.046875,0.015625,0.90625,0.0,0.0,0.0,0.0,0.0,0.0,0.0,0.03125,0.0
5,2,0.046875,0.015625,0.90625,0.0,0.0,0.0,0.0,0.0,0.0,0.0,0.03125,0.0
5,2,0.046875,0.015625,0.90625,0.0,0.0,0.0,0.0,0.0,0.0,0.0,0.03125,0.0
5,2,0.046875,0.015625,0.90625,0.0,0.0,0.0,0.0,0.0,0.0,0.0,0.03125,0.0
5,2,0.046875,0.015625,0.90625,0.0,0.0,0.0,0.0,0.0,0.0,0.0,0.03125,0.0
5,2,0.046875,0.015625,0.90625,0.0,0.0,0.0,0.0,0.0,0.0,0.0,0.03125,0.0
5,2,0.046875,0.015625,0.90625,0.0,0.0,0.0,0.0,0.0,0.0,0.0,0.03125,0.0
5,2,0.046875,0.015625,0.90625,0.0,0.0,0.0,0.0,0.0,0.0,0.0,0.03125,0.0
5,2,0.046875,0.015625,0.90625,0.0,0.0,0.0,0.0,0.0,0.0,0.0,0.03125,0.0
5,2,0.046875,0.015625,0.90625,0.0,0.0,0.0,0.0,0.0,0.0,0.0,0.03125,0.0
5,2,0.046875,0.015625,0.90625,0.0,0.0,0.0,0.0,0.0,0.0,0.0,0.03125,0.0
5,2,0.046875,0.015625,0.90625,0.0,0.0,0.0,0.0,0.0,0.0,0.0,0.03125,0.0
5,2,0.046875,0.015625,0.90625,0.0,0.0,0.0,0.0,0.0,0.0,0.0,0.03125,0.0
5,2,0.046875,0.015625,0.90625,0.0,0.0,0.0,0.0,0.0,0.0,0.0,0.03125,0.0
5,2,0.046875,0.015625,0.90625,0.0,0.0,0.0,0.0,0.0,0.0,0.0,0.03125,0.0
5,2,0.046875,0.015625,0.90625,0.0,0.0,0.0,0.0,0.0,0.0,0.0,0.03125,0.0
5,2,0.046875,0.015625,0.90625,0.0,0.0,0.0,0.0,0.0,0.0,0.0,0.03125,0.0
5,2,0.046875,0.015625,0.90625,0.0,0.0,0.0,0.0,0.0,0.0,0.0,0.03125,0.0
5,2,0.046875,0.015625,0.90625,0.0,0.0,0.0,0.0,0.0,0.0,0.0,0.03125,0.0
5,2,0.046875,0.015625,0.90625,0.0,0.0,0.0,0.0,0.0,0.0,0.0,0.03125,0.0
5,2,0.046875,0.015625,0.90625,0.0,0.0,0.0,0.0,0.0,0.0,0.0,0.03125,0.0
5,2,0.046875,0.015625,0.90625,0.0,0.0,0.0,0.0,0.0,0.0,0.0,0.03125,0.0
5,2,0.046875,0.015625,0.90625,0.0,0.0,0.0,0.0,0.0,0.0,0.0,0.03125,0.0
5,2,0.046875,0.015625,0.90625,0.0,0.0,0.0,0.0,0.0,0.0,0.0,0.03125,0.0
5,2,0.046875,0.015625,0.90625,0.0,0.0,0.0,0.0,0.0,0.0,0.0,0.03125,0.0
5,2,0.046875,0.015625,0.90625,0.0,0.0,0.0,0.0,0.0,0.0,0.0,0.03125,0.0
5,2,0.046875,0.015625,0.90625,0.0,0.0,0.0,0.0,0.0,0.0,0.0,0.03125,0.0
5,2,0.046875,0.015625,0.90625,0.0,0.0,0.0,0.0,0.0,0.0,0.0,0.03125,0.0
5,2,0.0625,0.03125,0.890625,0.0,0.0,0.0,0.0,0.0,0.0,0.0,0.015625,0.0
5,2,0.0625,0.03125,0.890625,0.0,0.0,0.0,0.0,0.0,0.0,0.0,0.015625,0.0
5,2,0.0625,0.03125,0.890625,0.0,0.0,0.0,0.0,0.0,0.0,0.0,0.015625,0.0
5,2,0.0625,0.03125,0.890625,0.0,0.0,0.0,0.0,0.0,0.0,0.0,0.015625,0.0
5,2,0.0625,0.03125,0.890625,0.0,0.0,0.0,0.0,0.0,0.0,0.0,0.015625,0.0
5,2,0.0625,0.03125,0.890625,0.0,0.0,0.0,0.0,0.0,0.0,0.0,0.015625,0.0
5,2,0.0625,0.03125,0.890625,0.0,0.0,0.0,0.0,0.0,0.0,0.0,0.015625,0.0
5,2,0.0625,0.03125,0.890625,0.0,0.0,0.0,0.0,0.0,0.0,0.0,0.015625,0.0
5,2,0.0625,0.03125,0.890625,0.0,0.0,0.0,0.0,0.0,0.0,0.0,0.015625,0.0
5,2,0.0625,0.03125,0.890625,0.0,0.0,0.0,0.0,0.0,0.0,0.0,0.015625,0.0
5,2,0.0625,0.03125,0.890625,0.0,0.0,0.0,0.0,0.0,0.0,0.0,0.015625,0.0
5,2,0.0625,0.03125,0.890625,0.0,0.0,0.0,0.0,0.0,0.0,0.0,0.015625,0.0
5,2,0.0625,0.03125,0.890625,0.0,0.0,0.0,0.0,0.0,0.0,0.0,0.015625,0.0
5,2,0.0625,0.03125,0.890625,0.0,0.0,0.0,0.0,0.0,0.0,0.0,0.015625,0.0
5,2,0.0625,0.03125,0.890625,0.0,0.0,0.0,0.0,0.0,0.0,0.0,0.015625,0.0
5,2,0.0625,0.03125,0.890625,0.0,0.0,0.0,0.0,0.0,0.0,0.0,0.015625,0.0
5,2,0.0625,0.03125,0.890625,0.0,0.0,0.0,0.0,0.0,0.0,0.0,0.015625,0.0
5,2,0.0625,0.03125,0.890625,0.0,0.0,0.0,0.0,0.0,0.0,0.0,0.015625,0.0
5,2,0.0625,0.03125,0.890625,0.0,0.0,0.0,0.0,0.0,0.0,0.0,0.015625,0.0
5,2,0.0625,0.03125,0.890625,0.0,0.0,0.0,0.0,0.0,0.0,0.0,0.015625,0.0
5,2,0.0625,0.03125,0.890625,0.0,0.0,0.0,0.0,0.0,0.0,0.0,0.015625,0.0
5,2,0.0625,0.03125,0.890625,0.0,0.0,0.0,0.0,0.0,0.0,0.0,0.015625,0.0
5,2,0.0625,0.03125,0.890625,0.0,0.0,0.0,0.0,0.0,0.0,0.0,0.015625,0.0
5,2,0.0625,0.03125,0.890625,0.0,0.0,0.0,0.0,0.0,0.0,0.0,0.015625,0.0
5,2,0.0625,0.03125,0.90625,0.0,0.0,0.0,0.0,0.0,0.0,0.0,0.0,0.0
5,2,0.0625,0.03125,0.90625,0.0,0.0,0.0,0.0,0.0,0.0,0.0,0.0,0.0
5,2,0.0625,0.03125,0.90625,0.0,0.0,0.0,0.0,0.0,0.0,0.0,0.0,0.0
5,2,0.0625,0.03125,0.90625,0.0,0.0,0.0,0.0,0.0,0.0,0.0,0.0,0.0
5,2,0.0625,0.03125,0.90625,0.0,0.0,0.0,0.0,0.0,0.0,0.0,0.0,0.0
5,2,0.0625,0.03125,0.90625,0.0,0.0,0.0,0.0,0.0,0.0,0.0,0.0,0.0
5,2,0.0625,0.03125,0.90625,0.0,0.0,0.0,0.0,0.0,0.0,0.0,0.0,0.0
5,2,0.0625,0.03125,0.90625,0.0,0.0,0.0,0.0,0.0,0.0,0.0,0.0,0.0
5,2,0.0625,0.03125,0.90625,0.0,0.0,0.0,0.0,0.0,0.0,0.0,0.0,0.0
5,2,0.0625,0.03125,0.90625,0.0,0.0,0.0,0.0,0.0,0.0,0.0,0.0,0.0
5,2,0.0625,0.03125,0.90625,0.0,0.0,0.0,0.0,0.0,0.0,0.0,0.0,0.0
5,2,0.0625,0.03125,0.90625,0.0,0.0,0.0,0.0,0.0,0.0,0.0,0.0,0.0
5,2,0.0625,0.03125,0.90625,0.0,0.0,0.0,0.0,0.0,0.0,0.0,0.0,0.0
5,2,0.0625,0.03125,0.90625,0.0,0.0,0.0,0.0,0.0,0.0,0.0,0.0,0.0
5,2,0.0625,0.03125,0.90625,0.0,0.0,0.0,0.0,0.0,0.0,0.0,0.0,0.0
5,2,0.0625,0.03125,0.90625,0.0,0.0,0.0,0.0,0.0,0.0,0.0,0.0,0.0
5,2,0.0625,0.03125,0.90625,0.0,0.0,0.0,0.0,0.0,0.0,0.0,0.0,0.0
5,2,0.0625,0.03125,0.90625,0.0,0.0,0.0,0.0,0.0,0.0,0.0,0.0,0.0
5,2,0.0625,0.03125,0.90625,0.0,0.0,0.0,0.0,0.0,0.0,0.0,0.0,0.0
5,2,0.0625,0.03125,0.90625,0.0,0.0,0.0,0.0,0.0,0.0,0.0,0.0,0.0
5,2,0.0625,0.03125,0.90625,0.0,0.0,0.0,0.0,0.0,0.0,0.0,0.0,0.0
5,2,0.0625,0.03125,0.90625,0.0,0.0,0.0,0.0,0.0,0.0,0.0,0.0,0.0
5,2,0.0625,0.03125,0.90625,0.0,0.0,0.0,0.0,0.0,0.0,0.0,0.0,0.0
5,2,0.0625,0.03125,0.90625,0.0,0.0,0.0,0.0,0.0,0.0,0.0,0.0,0.0
5,2,0.0625,0.03125,0.90625,0.0,0.0,0.0,0.0,0.0,0.0,0.0,0.0,0.0
5,2,0.0625,0.03125,0.90625,0.0,0.0,0.0,0.0,0.0,0.0,0.0,0.0,0.0
5,2,0.0625,0.03125,0.90625,0.0,0.0,0.0,0.0,0.0,0.0,0.0,0.0,0.0
5,2,0.0625,0.03125,0.90625,0.0,0.0,0.0,0.0,0.0,0.0,0.0,0.0,0.0
5,2,0.0625,0.03125,0.90625,0.0,0.0,0.0,0.0,0.0,0.0,0.0,0.0,0.0
5,2,0.0625,0.03125,0.90625,0.0,0.0,0.0,0.0,0.0,0.0,0.0,0.0,0.0
5,2,0.0625,0.03125,0.90625,0.0,0.0,0.0,0.0,0.0,0.0,0.0,0.0,0.0
5,2,0.0625,0.03125,0.90625,0.0,0.0,0.0,0.0,0.0,0.0,0.0,0.0,0.0
5,2,0.0625,0.03125,0.90625,0.0,0.0,0.0,0.0,0.0,0.0,0.0,0.0,0.0
5,2,0.0625,0.03125,0.90625,0.0,0.0,0.0,0.0,0.0,0.0,0.0,0.0,0.0
5,2,0.0625,0.03125,0.90625,0.0,0.0,0.0,0.0,0.0,0.0,0.0,0.0,0.0
5,2,0.0625,0.03125,0.90625,0.0,0.0,0.0,0.0,0.0,0.0,0.0,0.0,0.0
5,2,0.0625,0.03125,0.90625,0.0,0.0,0.0,0.0,0.0,0.0,0.0,0.0,0.0
5,2,0.0625,0.03125,0.90625,0.0,0.0,0.0,0.0,0.0,0.0,0.0,0.0,0.0
5,2,0.0625,0.03125,0.90625,0.0,0.0,0.0,0.0,0.0,0.0,0.0,0.0,0.0
5,2,0.0625,0.03125,0.90625,0.0,0.0,0.0,0.0,0.0,0.0,0.0,0.0,0.0
5,2,0.0625,0.03125,0.90625,0.0,0.0,0.0,0.0,0.0,0.0,0.0,0.0,0.0
5,2,0.0625,0.03125,0.90625,0.0,0.0,0.0,0.0,0.0,0.0,0.0,0.0,0.0
5,2,0.0625,0.03125,0.90625,0.0,0.0,0.0,0.0,0.0,0.0,0.0,0.0,0.0
5,2,0.0625,0.03125,0.90625,0.0,0.0,0.0,0.0,0.0,0.0,0.0,0.0,0.0
5,2,0.0625,0.03125,0.90625,0.0,0.0,0.0,0.0,0.0,0.0,0.0,0.0,0.0
5,2,0.0625,0.03125,0.90625,0.0,0.0,0.0,0.0,0.0,0.0,0.0,0.0,0.0
5,2,0.0625,0.03125,0.90625,0.0,0.0,0.0,0.0,0.0,0.0,0.0,0.0,0.0
5,2,0.0625,0.03125,0.90625,0.0,0.0,0.0,0.0,0.0,0.0,0.0,0.0,0.0
5,2,0.046875,0.03125,0.921875,0.0,0.0,0.0,0.0,0.0,0.0,0.0,0.0,0.0
5,2,0.046875,0.03125,0.921875,0.0,0.0,0.0,0.0,0.0,0.0,0.0,0.0,0.0
5,2,0.046875,0.03125,0.921875,0.0,0.0,0.0,0.0,0.0,0.0,0.0,0.0,0.0
5,2,0.046875,0.03125,0.921875,0.0,0.0,0.0,0.0,0.0,0.0,0.0,0.0,0.0
5,2,0.046875,0.03125,0.921875,0.0,0.0,0.0,0.0,0.0,0.0,0.0,0.0,0.0
5,2,0.046875,0.03125,0.921875,0.0,0.0,0.0,0.0,0.0,0.0,0.0,0.0,0.0
5,2,0.046875,0.03125,0.921875,0.0,0.0,0.0,0.0,0.0,0.0,0.0,0.0,0.0
5,2,0.046875,0.03125,0.921875,0.0,0.0,0.0,0.0,0.0,0.0,0.0,0.0,0.0
5,2,0.046875,0.03125,0.921875,0.0,0.0,0.0,0.0,0.0,0.0,0.0,0.0,0.0
5,2,0.046875,0.03125,0.921875,0.0,0.0,0.0,0.0,0.0,0.0,0.0,0.0,0.0
5,2,0.046875,0.03125,0.921875,0.0,0.0,0.0,0.0,0.0,0.0,0.0,0.0,0.0
5,2,0.046875,0.03125,0.921875,0.0,0.0,0.0,0.0,0.0,0.0,0.0,0.0,0.0
5,2,0.046875,0.03125,0.90625,0.0,0.0,0.0,0.0,0.0,0.0,0.0,0.015625,0.0
5,2,0.046875,0.03125,0.90625,0.0,0.0,0.0,0.0,0.0,0.0,0.0,0.015625,0.0
5,2,0.046875,0.03125,0.90625,0.0,0.0,0.0,0.0,0.0,0.0,0.0,0.015625,0.0
5,2,0.046875,0.03125,0.90625,0.0,0.0,0.0,0.0,0.0,0.0,0.0,0.015625,0.0
5,2,0.046875,0.03125,0.90625,0.0,0.0,0.0,0.0,0.0,0.0,0.0,0.015625,0.0
5,2,0.046875,0.03125,0.90625,0.0,0.0,0.0,0.0,0.0,0.0,0.0,0.015625,0.0
5,2,0.046875,0.03125,0.90625,0.0,0.0,0.0,0.0,0.0,0.0,0.0,0.015625,0.0
5,2,0.046875,0.03125,0.90625,0.0,0.0,0.0,0.0,0.0,0.0,0.0,0.015625,0.0
5,2,0.046875,0.03125,0.90625,0.0,0.0,0.0,0.0,0.0,0.0,0.0,0.015625,0.0
5,2,0.046875,0.03125,0.90625,0.0,0.0,0.0,0.0,0.0,0.0,0.0,0.015625,0.0
5,2,0.046875,0.03125,0.90625,0.0,0.0,0.0,0.0,0.0,0.0,0.0,0.015625,0.0
5,2,0.046875,0.03125,0.90625,0.0,0.0,0.0,0.0,0.0,0.0,0.0,0.015625,0.0
5,2,0.046875,0.03125,0.921875,0.0,0.0,0.0,0.0,0.0,0.0,0.0,0.0,0.0
5,2,0.046875,0.03125,0.921875,0.0,0.0,0.0,0.0,0.0,0.0,0.0,0.0,0.0
5,2,0.046875,0.03125,0.921875,0.0,0.0,0.0,0.0,0.0,0.0,0.0,0.0,0.0
5,2,0.046875,0.03125,0.921875,0.0,0.0,0.0,0.0,0.0,0.0,0.0,0.0,0.0
5,2,0.046875,0.03125,0.921875,0.0,0.0,0.0,0.0,0.0,0.0,0.0,0.0,0.0
5,2,0.046875,0.03125,0.921875,0.0,0.0,0.0,0.0,0.0,0.0,0.0,0.0,0.0
5,2,0.046875,0.03125,0.921875,0.0,0.0,0.0,0.0,0.0,0.0,0.0,0.0,0.0
5,2,0.046875,0.03125,0.921875,0.0,0.0,0.0,0.0,0.0,0.0,0.0,0.0,0.0
5,2,0.046875,0.03125,0.921875,0.0,0.0,0.0,0.0,0.0,0.0,0.0,0.0,0.0
5,2,0.046875,0.03125,0.921875,0.0,0.0,0.0,0.0,0.0,0.0,0.0,0.0,0.0
5,2,0.046875,0.03125,0.921875,0.0,0.0,0.0,0.0,0.0,0.0,0.0,0.0,0.0
5,2,0.046875,0.03125,0.921875,0.0,0.0,0.0,0.0,0.0,0.0,0.0,0.0,0.0
5,2,0.046875,0.03125,0.921875,0.0,0.0,0.0,0.0,0.0,0.0,0.0,0.0,0.0
5,2,0.046875,0.03125,0.921875,0.0,0.0,0.0,0.0,0.0,0.0,0.0,0.0,0.0
5,2,0.046875,0.03125,0.921875,0.0,0.0,0.0,0.0,0.0,0.0,0.0,0.0,0.0
5,2,0.046875,0.03125,0.921875,0.0,0.0,0.0,0.0,0.0,0.0,0.0,0.0,0.0
5,2,0.046875,0.03125,0.921875,0.0,0.0,0.0,0.0,0.0,0.0,0.0,0.0,0.0
5,2,0.046875,0.03125,0.921875,0.0,0.0,0.0,0.0,0.0,0.0,0.0,0.0,0.0
5,2,0.046875,0.03125,0.921875,0.0,0.0,0.0,0.0,0.0,0.0,0.0,0.0,0.0
5,2,0.046875,0.03125,0.921875,0.0,0.0,0.0,0.0,0.0,0.0,0.0,0.0,0.0
5,2,0.046875,0.03125,0.921875,0.0,0.0,0.0,0.0,0.0,0.0,0.0,0.0,0.0
5,2,0.046875,0.03125,0.921875,0.0,0.0,0.0,0.0,0.0,0.0,0.0,0.0,0.0
5,2,0.046875,0.03125,0.921875,0.0,0.0,0.0,0.0,0.0,0.0,0.0,0.0,0.0
5,2,0.046875,0.03125,0.921875,0.0,0.0,0.0,0.0,0.0,0.0,0.0,0.0,0.0
5,2,0.046875,0.03125,0.90625,0.0,0.0,0.0,0.0,0.0,0.0,0.0,0.015625,0.0
5,2,0.046875,0.03125,0.90625,0.0,0.0,0.0,0.0,0.0,0.0,0.0,0.015625,0.0
5,2,0.046875,0.03125,0.90625,0.0,0.0,0.0,0.0,0.0,0.0,0.0,0.015625,0.0
5,2,0.046875,0.03125,0.90625,0.0,0.0,0.0,0.0,0.0,0.0,0.0,0.015625,0.0
5,2,0.046875,0.03125,0.90625,0.0,0.0,0.0,0.0,0.0,0.0,0.0,0.015625,0.0
5,2,0.046875,0.03125,0.90625,0.0,0.0,0.0,0.0,0.0,0.0,0.0,0.015625,0.0
5,2,0.046875,0.03125,0.90625,0.0,0.0,0.0,0.0,0.0,0.0,0.0,0.015625,0.0
5,2,0.046875,0.03125,0.90625,0.0,0.0,0.0,0.0,0.0,0.0,0.0,0.015625,0.0
5,2,0.046875,0.03125,0.90625,0.0,0.0,0.0,0.0,0.0,0.0,0.0,0.015625,0.0
5,2,0.046875,0.03125,0.90625,0.0,0.0,0.0,0.0,0.0,0.0,0.0,0.015625,0.0
5,2,0.046875,0.03125,0.90625,0.0,0.0,0.0,0.0,0.0,0.0,0.0,0.015625,0.0
5,2,0.046875,0.03125,0.90625,0.0,0.0,0.0,0.0,0.0,0.0,0.0,0.015625,0.0
5,2,0.046875,0.03125,0.921875,0.0,0.0,0.0,0.0,0.0,0.0,0.0,0.0,0.0
5,2,0.046875,0.03125,0.921875,0.0,0.0,0.0,0.0,0.0,0.0,0.0,0.0,0.0
5,2,0.046875,0.03125,0.921875,0.0,0.0,0.0,0.0,0.0,0.0,0.0,0.0,0.0
5,2,0.046875,0.03125,0.921875,0.0,0.0,0.0,0.0,0.0,0.0,0.0,0.0,0.0
5,2,0.046875,0.03125,0.921875,0.0,0.0,0.0,0.0,0.0,0.0,0.0,0.0,0.0
5,2,0.046875,0.03125,0.921875,0.0,0.0,0.0,0.0,0.0,0.0,0.0,0.0,0.0
5,2,0.046875,0.03125,0.921875,0.0,0.0,0.0,0.0,0.0,0.0,0.0,0.0,0.0
5,2,0.046875,0.03125,0.921875,0.0,0.0,0.0,0.0,0.0,0.0,0.0,0.0,0.0
5,2,0.046875,0.03125,0.921875,0.0,0.0,0.0,0.0,0.0,0.0,0.0,0.0,0.0
5,2,0.046875,0.03125,0.921875,0.0,0.0,0.0,0.0,0.0,0.0,0.0,0.0,0.0
5,2,0.046875,0.03125,0.921875,0.0,0.0,0.0,0.0,0.0,0.0,0.0,0.0,0.0
5,2,0.046875,0.03125,0.921875,0.0,0.0,0.0,0.0,0.0,0.0,0.0,0.0,0.0
5,2,0.0625,0.03125,0.90625,0.0,0.0,0.0,0.0,0.0,0.0,0.0,0.0,0.0
5,2,0.0625,0.03125,0.90625,0.0,0.0,0.0,0.0,0.0,0.0,0.0,0.0,0.0
5,2,0.0625,0.03125,0.90625,0.0,0.0,0.0,0.0,0.0,0.0,0.0,0.0,0.0
5,2,0.0625,0.03125,0.90625,0.0,0.0,0.0,0.0,0.0,0.0,0.0,0.0,0.0
5,2,0.0625,0.03125,0.90625,0.0,0.0,0.0,0.0,0.0,0.0,0.0,0.0,0.0
5,2,0.0625,0.03125,0.90625,0.0,0.0,0.0,0.0,0.0,0.0,0.0,0.0,0.0
5,2,0.0625,0.03125,0.90625,0.0,0.0,0.0,0.0,0.0,0.0,0.0,0.0,0.0
5,2,0.0625,0.03125,0.90625,0.0,0.0,0.0,0.0,0.0,0.0,0.0,0.0,0.0
5,2,0.0625,0.03125,0.90625,0.0,0.0,0.0,0.0,0.0,0.0,0.0,0.0,0.0
5,2,0.0625,0.03125,0.90625,0.0,0.0,0.0,0.0,0.0,0.0,0.0,0.0,0.0
5,2,0.0625,0.03125,0.90625,0.0,0.0,0.0,0.0,0.0,0.0,0.0,0.0,0.0
5,2,0.0625,0.03125,0.90625,0.0,0.0,0.0,0.0,0.0,0.0,0.0,0.0,0.0
5,2,0.0625,0.03125,0.90625,0.0,0.0,0.0,0.0,0.0,0.0,0.0,0.0,0.0
5,2,0.0625,0.03125,0.90625,0.0,0.0,0.0,0.0,0.0,0.0,0.0,0.0,0.0
5,2,0.0625,0.03125,0.90625,0.0,0.0,0.0,0.0,0.0,0.0,0.0,0.0,0.0
5,2,0.0625,0.03125,0.90625,0.0,0.0,0.0,0.0,0.0,0.0,0.0,0.0,0.0
5,2,0.0625,0.03125,0.90625,0.0,0.0,0.0,0.0,0.0,0.0,0.0,0.0,0.0
5,2,0.0625,0.03125,0.90625,0.0,0.0,0.0,0.0,0.0,0.0,0.0,0.0,0.0
5,2,0.0625,0.03125,0.90625,0.0,0.0,0.0,0.0,0.0,0.0,0.0,0.0,0.0
5,2,0.0625,0.03125,0.90625,0.0,0.0,0.0,0.0,0.0,0.0,0.0,0.0,0.0
5,2,0.0625,0.03125,0.90625,0.0,0.0,0.0,0.0,0.0,0.0,0.0,0.0,0.0
5,2,0.0625,0.03125,0.90625,0.0,0.0,0.0,0.0,0.0,0.0,0.0,0.0,0.0
5,2,0.0625,0.03125,0.90625,0.0,0.0,0.0,0.0,0.0,0.0,0.0,0.0,0.0
5,2,0.0625,0.03125,0.90625,0.0,0.0,0.0,0.0,0.0,0.0,0.0,0.0,0.0
5,2,0.0625,0.03125,0.90625,0.0,0.0,0.0,0.0,0.0,0.0,0.0,0.0,0.0
5,2,0.0625,0.03125,0.90625,0.0,0.0,0.0,0.0,0.0,0.0,0.0,0.0,0.0
5,2,0.0625,0.03125,0.90625,0.0,0.0,0.0,0.0,0.0,0.0,0.0,0.0,0.0
5,2,0.0625,0.03125,0.90625,0.0,0.0,0.0,0.0,0.0,0.0,0.0,0.0,0.0
5,2,0.0625,0.03125,0.90625,0.0,0.0,0.0,0.0,0.0,0.0,0.0,0.0,0.0
5,2,0.0625,0.03125,0.90625,0.0,0.0,0.0,0.0,0.0,0.0,0.0,0.0,0.0
5,2,0.0625,0.03125,0.90625,0.0,0.0,0.0,0.0,0.0,0.0,0.0,0.0,0.0
5,2,0.0625,0.03125,0.90625,0.0,0.0,0.0,0.0,0.0,0.0,0.0,0.0,0.0
5,2,0.078125,0.015625,0.90625,0.0,0.0,0.0,0.0,0.0,0.0,0.0,0.0,0.0
5,2,0.078125,0.015625,0.90625,0.0,0.0,0.0,0.0,0.0,0.0,0.0,0.0,0.0
5,2,0.078125,0.015625,0.90625,0.0,0.0,0.0,0.0,0.0,0.0,0.0,0.0,0.0
5,2,0.078125,0.015625,0.90625,0.0,0.0,0.0,0.0,0.0,0.0,0.0,0.0,0.0
5,2,0.078125,0.015625,0.90625,0.0,0.0,0.0,0.0,0.0,0.0,0.0,0.0,0.0
5,2,0.078125,0.015625,0.90625,0.0,0.0,0.0,0.0,0.0,0.0,0.0,0.0,0.0
5,2,0.078125,0.015625,0.90625,0.0,0.0,0.0,0.0,0.0,0.0,0.0,0.0,0.0
5,2,0.078125,0.015625,0.90625,0.0,0.0,0.0,0.0,0.0,0.0,0.0,0.0,0.0
5,2,0.078125,0.015625,0.90625,0.0,0.0,0.0,0.0,0.0,0.0,0.0,0.0,0.0
5,2,0.078125,0.015625,0.90625,0.0,0.0,0.0,0.0,0.0,0.0,0.0,0.0,0.0
5,2,0.078125,0.015625,0.90625,0.0,0.0,0.0,0.0,0.0,0.0,0.0,0.0,0.0
5,2,0.078125,0.015625,0.90625,0.0,0.0,0.0,0.0,0.0,0.0,0.0,0.0,0.0
5,2,0.078125,0.015625,0.90625,0.0,0.0,0.0,0.0,0.0,0.0,0.0,0.0,0.0
5,2,0.078125,0.015625,0.90625,0.0,0.0,0.0,0.0,0.0,0.0,0.0,0.0,0.0
5,2,0.078125,0.015625,0.90625,0.0,0.0,0.0,0.0,0.0,0.0,0.0,0.0,0.0
5,2,0.078125,0.015625,0.90625,0.0,0.0,0.0,0.0,0.0,0.0,0.0,0.0,0.0
5,2,0.078125,0.015625,0.890625,0.0,0.0,0.0,0.0,0.0,0.0,0.0,0.015625,0.0
5,2,0.078125,0.015625,0.890625,0.0,0.0,0.0,0.0,0.0,0.0,0.0,0.015625,0.0
5,2,0.078125,0.015625,0.890625,0.0,0.0,0.0,0.0,0.0,0.0,0.0,0.015625,0.0
5,2,0.078125,0.015625,0.890625,0.0,0.0,0.0,0.0,0.0,0.0,0.0,0.015625,0.0
5,2,0.078125,0.015625,0.890625,0.0,0.0,0.0,0.0,0.0,0.0,0.0,0.015625,0.0
5,2,0.078125,0.015625,0.890625,0.0,0.0,0.0,0.0,0.0,0.0,0.0,0.015625,0.0
5,2,0.078125,0.015625,0.890625,0.0,0.0,0.0,0.0,0.0,0.0,0.0,0.015625,0.0
5,2,0.078125,0.015625,0.890625,0.0,0.0,0.0,0.0,0.0,0.0,0.0,0.015625,0.0
5,2,0.078125,0.015625,0.890625,0.0,0.0,0.0,0.0,0.0,0.0,0.0,0.015625,0.0
5,2,0.078125,0.015625,0.890625,0.0,0.0,0.0,0.0,0.0,0.0,0.0,0.015625,0.0
5,2,0.078125,0.015625,0.890625,0.0,0.0,0.0,0.0,0.0,0.0,0.0,0.015625,0.0
5,2,0.078125,0.015625,0.890625,0.0,0.0,0.0,0.0,0.0,0.0,0.0,0.015625,0.0
5,2,0.078125,0.015625,0.890625,0.0,0.0,0.0,0.0,0.0,0.0,0.0,0.015625,0.0
5,2,0.078125,0.015625,0.890625,0.0,0.0,0.0,0.0,0.0,0.0,0.0,0.015625,0.0
5,2,0.078125,0.015625,0.890625,0.0,0.0,0.0,0.0,0.0,0.0,0.0,0.015625,0.0
5,2,0.078125,0.015625,0.890625,0.0,0.0,0.0,0.0,0.0,0.0,0.0,0.015625,0.0
5,2,0.07936508,0.015873017,0.8888889,0.0,0.0,0.0,0.0,0.0,0.0,0.0,0.015873017,0.0
5,2,0.07936508,0.015873017,0.8888889,0.0,0.0,0.0,0.0,0.0,0.0,0.0,0.015873017,0.0
5,2,0.07936508,0.015873017,0.8888889,0.0,0.0,0.0,0.0,0.0,0.0,0.0,0.015873017,0.0
5,2,0.07936508,0.015873017,0.8888889,0.0,0.0,0.0,0.0,0.0,0.0,0.0,0.015873017,0.0
5,2,0.07936508,0.015873017,0.8888889,0.0,0.0,0.0,0.0,0.0,0.0,0.0,0.015873017,0.0
5,2,0.07936508,0.015873017,0.8888889,0.0,0.0,0.0,0.0,0.0,0.0,0.0,0.015873017,0.0
5,2,0.07936508,0.015873017,0.8888889,0.0,0.0,0.0,0.0,0.0,0.0,0.0,0.015873017,0.0
5,2,0.07936508,0.015873017,0.8888889,0.0,0.0,0.0,0.0,0.0,0.0,0.0,0.015873017,0.0
5,2,0.06349207,0.015873017,0.9047619,0.0,0.0,0.0,0.0,0.0,0.0,0.0,0.015873017,0.0
5,2,0.06349207,0.015873017,0.9047619,0.0,0.0,0.0,0.0,0.0,0.0,0.0,0.015873017,0.0
5,2,0.06349207,0.015873017,0.9047619,0.0,0.0,0.0,0.0,0.0,0.0,0.0,0.015873017,0.0
5,2,0.06349207,0.015873017,0.9047619,0.0,0.0,0.0,0.0,0.0,0.0,0.0,0.015873017,0.0
5,2,0.06349207,0.015873017,0.9047619,0.0,0.0,0.0,0.0,0.0,0.0,0.0,0.015873017,0.0
5,2,0.06349207,0.015873017,0.9047619,0.0,0.0,0.0,0.0,0.0,0.0,0.0,0.015873017,0.0
5,2,0.06349207,0.015873017,0.9047619,0.0,0.0,0.0,0.0,0.0,0.0,0.0,0.015873017,0.0
5,2,0.06349207,0.015873017,0.9047619,0.0,0.0,0.0,0.0,0.0,0.0,0.0,0.015873017,0.0
5,2,0.06349207,0.015873017,0.9047619,0.0,0.0,0.0,0.0,0.0,0.0,0.0,0.015873017,0.0
5,2,0.06349207,0.015873017,0.9047619,0.0,0.0,0.0,0.0,0.0,0.0,0.0,0.015873017,0.0
5,2,0.06349207,0.015873017,0.9047619,0.0,0.0,0.0,0.0,0.0,0.0,0.0,0.015873017,0.0
5,2,0.06349207,0.015873017,0.9047619,0.0,0.0,0.0,0.0,0.0,0.0,0.0,0.015873017,0.0
5,2,0.06349207,0.015873017,0.9047619,0.0,0.0,0.0,0.0,0.0,0.0,0.0,0.015873017,0.0
5,2,0.06349207,0.015873017,0.9047619,0.0,0.0,0.0,0.0,0.0,0.0,0.0,0.015873017,0.0
5,2,0.06349207,0.015873017,0.9047619,0.0,0.0,0.0,0.0,0.0,0.0,0.0,0.015873017,0.0
5,2,0.06349207,0.015873017,0.9047619,0.0,0.0,0.0,0.0,0.0,0.0,0.0,0.015873017,0.0
5,2,0.06349207,0.015873017,0.9047619,0.0,0.0,0.0,0.0,0.0,0.0,0.0,0.015873017,0.0
5,2,0.06349207,0.015873017,0.9047619,0.0,0.0,0.0,0.0,0.0,0.0,0.0,0.015873017,0.0
5,2,0.06349207,0.015873017,0.9047619,0.0,0.0,0.0,0.0,0.0,0.0,0.0,0.015873017,0.0
5,2,0.06349207,0.015873017,0.9047619,0.0,0.0,0.0,0.0,0.0,0.0,0.0,0.015873017,0.0
5,2,0.06349207,0.015873017,0.9047619,0.0,0.0,0.0,0.0,0.0,0.0,0.0,0.015873017,0.0
5,2,0.06349207,0.015873017,0.9047619,0.0,0.0,0.0,0.0,0.0,0.0,0.0,0.015873017,0.0
5,2,0.06349207,0.015873017,0.9047619,0.0,0.0,0.0,0.0,0.0,0.0,0.0,0.015873017,0.0
5,2,0.06349207,0.015873017,0.9047619,0.0,0.0,0.0,0.0,0.0,0.0,0.0,0.015873017,0.0
5,2,0.06349207,0.0,0.9206349,0.0,0.0,0.0,0.0,0.0,0.0,0.0,0.015873017,0.0
5,2,0.06349207,0.0,0.9206349,0.0,0.0,0.0,0.0,0.0,0.0,0.0,0.015873017,0.0
5,2,0.06349207,0.0,0.9206349,0.0,0.0,0.0,0.0,0.0,0.0,0.0,0.015873017,0.0
5,2,0.06349207,0.0,0.9206349,0.0,0.0,0.0,0.0,0.0,0.0,0.0,0.015873017,0.0
5,2,0.06349207,0.0,0.9206349,0.0,0.0,0.0,0.0,0.0,0.0,0.0,0.015873017,0.0
5,2,0.06349207,0.0,0.9206349,0.0,0.0,0.0,0.0,0.0,0.0,0.0,0.015873017,0.0
5,2,0.06349207,0.0,0.9206349,0.0,0.0,0.0,0.0,0.0,0.0,0.0,0.015873017,0.0
5,2,0.06349207,0.0,0.9206349,0.0,0.0,0.0,0.0,0.0,0.0,0.0,0.015873017,0.0
5,2,0.06349207,0.0,0.9206349,0.0,0.0,0.0,0.0,0.0,0.0,0.0,0.015873017,0.0
5,2,0.06349207,0.0,0.9206349,0.0,0.0,0.0,0.0,0.0,0.0,0.0,0.015873017,0.0
5,2,0.06349207,0.0,0.9206349,0.0,0.0,0.0,0.0,0.0,0.0,0.0,0.015873017,0.0
5,2,0.06349207,0.0,0.9206349,0.0,0.0,0.0,0.0,0.0,0.0,0.0,0.015873017,0.0
5,2,0.06349207,0.0,0.9206349,0.0,0.0,0.0,0.0,0.0,0.0,0.0,0.015873017,0.0
5,2,0.06349207,0.0,0.9206349,0.0,0.0,0.0,0.0,0.0,0.0,0.0,0.015873017,0.0
5,2,0.06349207,0.0,0.9206349,0.0,0.0,0.0,0.0,0.0,0.0,0.0,0.015873017,0.0
5,2,0.06349207,0.0,0.9206349,0.0,0.0,0.0,0.0,0.0,0.0,0.0,0.015873017,0.0
5,2,0.06349207,0.0,0.9206349,0.0,0.0,0.0,0.0,0.0,0.0,0.0,0.015873017,0.0
5,2,0.06349207,0.0,0.9206349,0.0,0.0,0.0,0.0,0.0,0.0,0.0,0.015873017,0.0
5,2,0.06349207,0.0,0.9206349,0.0,0.0,0.0,0.0,0.0,0.0,0.0,0.015873017,0.0
5,2,0.06349207,0.0,0.9206349,0.0,0.0,0.0,0.0,0.0,0.0,0.0,0.015873017,0.0
5,2,0.06349207,0.0,0.9206349,0.0,0.0,0.0,0.0,0.0,0.0,0.0,0.015873017,0.0
5,2,0.06349207,0.0,0.9206349,0.0,0.0,0.0,0.0,0.0,0.0,0.0,0.015873017,0.0
5,2,0.06349207,0.0,0.9206349,0.0,0.0,0.0,0.0,0.0,0.0,0.0,0.015873017,0.0
5,2,0.06349207,0.0,0.9206349,0.0,0.0,0.0,0.0,0.0,0.0,0.0,0.015873017,0.0
5,2,0.06349207,0.0,0.9206349,0.0,0.0,0.0,0.0,0.0,0.0,0.0,0.015873017,0.0
5,2,0.06349207,0.0,0.9206349,0.0,0.0,0.0,0.0,0.0,0.0,0.0,0.015873017,0.0
5,2,0.06349207,0.0,0.9206349,0.0,0.0,0.0,0.0,0.0,0.0,0.0,0.015873017,0.0
5,2,0.06349207,0.0,0.9206349,0.0,0.0,0.0,0.0,0.0,0.0,0.0,0.015873017,0.0
5,2,0.06349207,0.0,0.9206349,0.0,0.0,0.0,0.0,0.0,0.0,0.0,0.015873017,0.0
5,2,0.06349207,0.0,0.9206349,0.0,0.0,0.0,0.0,0.0,0.0,0.0,0.015873017,0.0
5,2,0.06349207,0.0,0.9206349,0.0,0.0,0.0,0.0,0.0,0.0,0.0,0.015873017,0.0
5,2,0.06349207,0.0,0.9206349,0.0,0.0,0.0,0.0,0.0,0.0,0.0,0.015873017,0.0
5,2,0.0625,0.0,0.921875,0.0,0.0,0.0,0.0,0.0,0.0,0.0,0.015625,0.0
5,2,0.0625,0.0,0.921875,0.0,0.0,0.0,0.0,0.0,0.0,0.0,0.015625,0.0
5,2,0.0625,0.0,0.921875,0.0,0.0,0.0,0.0,0.0,0.0,0.0,0.015625,0.0
5,2,0.0625,0.0,0.921875,0.0,0.0,0.0,0.0,0.0,0.0,0.0,0.015625,0.0
5,2,0.0625,0.0,0.9375,0.0,0.0,0.0,0.0,0.0,0.0,0.0,0.0,0.0
5,2,0.0625,0.0,0.9375,0.0,0.0,0.0,0.0,0.0,0.0,0.0,0.0,0.0
5,2,0.0625,0.0,0.9375,0.0,0.0,0.0,0.0,0.0,0.0,0.0,0.0,0.0
5,2,0.0625,0.0,0.9375,0.0,0.0,0.0,0.0,0.0,0.0,0.0,0.0,0.0
5,2,0.0625,0.0,0.9375,0.0,0.0,0.0,0.0,0.0,0.0,0.0,0.0,0.0
5,2,0.0625,0.0,0.9375,0.0,0.0,0.0,0.0,0.0,0.0,0.0,0.0,0.0
5,2,0.0625,0.0,0.9375,0.0,0.0,0.0,0.0,0.0,0.0,0.0,0.0,0.0
5,2,0.0625,0.0,0.9375,0.0,0.0,0.0,0.0,0.0,0.0,0.0,0.0,0.0
5,2,0.0625,0.0,0.9375,0.0,0.0,0.0,0.0,0.0,0.0,0.0,0.0,0.0
5,2,0.0625,0.0,0.9375,0.0,0.0,0.0,0.0,0.0,0.0,0.0,0.0,0.0
5,2,0.0625,0.0,0.9375,0.0,0.0,0.0,0.0,0.0,0.0,0.0,0.0,0.0
5,2,0.0625,0.0,0.9375,0.0,0.0,0.0,0.0,0.0,0.0,0.0,0.0,0.0
5,2,0.078125,0.0,0.921875,0.0,0.0,0.0,0.0,0.0,0.0,0.0,0.0,0.0
5,2,0.078125,0.0,0.921875,0.0,0.0,0.0,0.0,0.0,0.0,0.0,0.0,0.0
5,2,0.078125,0.0,0.921875,0.0,0.0,0.0,0.0,0.0,0.0,0.0,0.0,0.0
5,2,0.078125,0.0,0.921875,0.0,0.0,0.0,0.0,0.0,0.0,0.0,0.0,0.0
5,2,0.078125,0.0,0.921875,0.0,0.0,0.0,0.0,0.0,0.0,0.0,0.0,0.0
5,2,0.078125,0.0,0.921875,0.0,0.0,0.0,0.0,0.0,0.0,0.0,0.0,0.0
5,2,0.078125,0.0,0.921875,0.0,0.0,0.0,0.0,0.0,0.0,0.0,0.0,0.0
5,2,0.078125,0.0,0.921875,0.0,0.0,0.0,0.0,0.0,0.0,0.0,0.0,0.0
5,2,0.078125,0.0,0.921875,0.0,0.0,0.0,0.0,0.0,0.0,0.0,0.0,0.0
5,2,0.078125,0.0,0.921875,0.0,0.0,0.0,0.0,0.0,0.0,0.0,0.0,0.0
5,2,0.078125,0.0,0.921875,0.0,0.0,0.0,0.0,0.0,0.0,0.0,0.0,0.0
5,2,0.078125,0.0,0.921875,0.0,0.0,0.0,0.0,0.0,0.0,0.0,0.0,0.0
5,2,0.078125,0.0,0.921875,0.0,0.0,0.0,0.0,0.0,0.0,0.0,0.0,0.0
5,2,0.078125,0.0,0.921875,0.0,0.0,0.0,0.0,0.0,0.0,0.0,0.0,0.0
5,2,0.078125,0.0,0.921875,0.0,0.0,0.0,0.0,0.0,0.0,0.0,0.0,0.0
5,2,0.078125,0.0,0.921875,0.0,0.0,0.0,0.0,0.0,0.0,0.0,0.0,0.0
5,2,0.078125,0.0,0.921875,0.0,0.0,0.0,0.0,0.0,0.0,0.0,0.0,0.0
5,2,0.078125,0.0,0.921875,0.0,0.0,0.0,0.0,0.0,0.0,0.0,0.0,0.0
5,2,0.078125,0.0,0.921875,0.0,0.0,0.0,0.0,0.0,0.0,0.0,0.0,0.0
5,2,0.078125,0.0,0.921875,0.0,0.0,0.0,0.0,0.0,0.0,0.0,0.0,0.0
5,2,0.078125,0.0,0.921875,0.0,0.0,0.0,0.0,0.0,0.0,0.0,0.0,0.0
5,2,0.078125,0.0,0.921875,0.0,0.0,0.0,0.0,0.0,0.0,0.0,0.0,0.0
5,2,0.078125,0.0,0.921875,0.0,0.0,0.0,0.0,0.0,0.0,0.0,0.0,0.0
5,2,0.078125,0.0,0.921875,0.0,0.0,0.0,0.0,0.0,0.0,0.0,0.0,0.0
5,2,0.078125,0.0,0.921875,0.0,0.0,0.0,0.0,0.0,0.0,0.0,0.0,0.0
5,2,0.078125,0.0,0.921875,0.0,0.0,0.0,0.0,0.0,0.0,0.0,0.0,0.0
5,2,0.078125,0.0,0.921875,0.0,0.0,0.0,0.0,0.0,0.0,0.0,0.0,0.0
5,2,0.078125,0.0,0.921875,0.0,0.0,0.0,0.0,0.0,0.0,0.0,0.0,0.0
5,2,0.078125,0.0,0.921875,0.0,0.0,0.0,0.0,0.0,0.0,0.0,0.0,0.0
5,2,0.078125,0.0,0.921875,0.0,0.0,0.0,0.0,0.0,0.0,0.0,0.0,0.0
5,2,0.078125,0.0,0.921875,0.0,0.0,0.0,0.0,0.0,0.0,0.0,0.0,0.0
5,2,0.078125,0.0,0.921875,0.0,0.0,0.0,0.0,0.0,0.0,0.0,0.0,0.0
5,2,0.078125,0.0,0.921875,0.0,0.0,0.0,0.0,0.0,0.0,0.0,0.0,0.0
5,2,0.078125,0.0,0.921875,0.0,0.0,0.0,0.0,0.0,0.0,0.0,0.0,0.0
5,2,0.078125,0.0,0.921875,0.0,0.0,0.0,0.0,0.0,0.0,0.0,0.0,0.0
5,2,0.078125,0.0,0.921875,0.0,0.0,0.0,0.0,0.0,0.0,0.0,0.0,0.0
5,2,0.078125,0.0,0.921875,0.0,0.0,0.0,0.0,0.0,0.0,0.0,0.0,0.0
5,2,0.078125,0.0,0.921875,0.0,0.0,0.0,0.0,0.0,0.0,0.0,0.0,0.0
5,2,0.078125,0.0,0.921875,0.0,0.0,0.0,0.0,0.0,0.0,0.0,0.0,0.0
5,2,0.078125,0.0,0.921875,0.0,0.0,0.0,0.0,0.0,0.0,0.0,0.0,0.0
5,2,0.078125,0.0,0.921875,0.0,0.0,0.0,0.0,0.0,0.0,0.0,0.0,0.0
5,2,0.078125,0.0,0.921875,0.0,0.0,0.0,0.0,0.0,0.0,0.0,0.0,0.0
5,2,0.078125,0.0,0.921875,0.0,0.0,0.0,0.0,0.0,0.0,0.0,0.0,0.0
5,2,0.078125,0.0,0.921875,0.0,0.0,0.0,0.0,0.0,0.0,0.0,0.0,0.0
5,2,0.078125,0.0,0.921875,0.0,0.0,0.0,0.0,0.0,0.0,0.0,0.0,0.0
5,2,0.078125,0.0,0.921875,0.0,0.0,0.0,0.0,0.0,0.0,0.0,0.0,0.0
5,2,0.078125,0.0,0.921875,0.0,0.0,0.0,0.0,0.0,0.0,0.0,0.0,0.0
5,2,0.078125,0.0,0.921875,0.0,0.0,0.0,0.0,0.0,0.0,0.0,0.0,0.0
5,2,0.078125,0.0,0.921875,0.0,0.0,0.0,0.0,0.0,0.0,0.0,0.0,0.0
5,2,0.078125,0.0,0.921875,0.0,0.0,0.0,0.0,0.0,0.0,0.0,0.0,0.0
5,2,0.078125,0.0,0.921875,0.0,0.0,0.0,0.0,0.0,0.0,0.0,0.0,0.0
5,2,0.078125,0.0,0.921875,0.0,0.0,0.0,0.0,0.0,0.0,0.0,0.0,0.0
5,2,0.078125,0.0,0.921875,0.0,0.0,0.0,0.0,0.0,0.0,0.0,0.0,0.0
5,2,0.078125,0.0,0.921875,0.0,0.0,0.0,0.0,0.0,0.0,0.0,0.0,0.0
5,2,0.078125,0.0,0.921875,0.0,0.0,0.0,0.0,0.0,0.0,0.0,0.0,0.0
5,2,0.078125,0.0,0.921875,0.0,0.0,0.0,0.0,0.0,0.0,0.0,0.0,0.0
5,2,0.078125,0.0,0.921875,0.0,0.0,0.0,0.0,0.0,0.0,0.0,0.0,0.0
5,2,0.078125,0.0,0.921875,0.0,0.0,0.0,0.0,0.0,0.0,0.0,0.0,0.0
5,2,0.078125,0.0,0.921875,0.0,0.0,0.0,0.0,0.0,0.0,0.0,0.0,0.0
5,2,0.078125,0.0,0.921875,0.0,0.0,0.0,0.0,0.0,0.0,0.0,0.0,0.0
5,2,0.078125,0.0,0.921875,0.0,0.0,0.0,0.0,0.0,0.0,0.0,0.0,0.0
5,2,0.078125,0.0,0.921875,0.0,0.0,0.0,0.0,0.0,0.0,0.0,0.0,0.0
5,2,0.078125,0.0,0.921875,0.0,0.0,0.0,0.0,0.0,0.0,0.0,0.0,0.0
5,2,0.078125,0.0,0.921875,0.0,0.0,0.0,0.0,0.0,0.0,0.0,0.0,0.0
5,2,0.078125,0.0,0.921875,0.0,0.0,0.0,0.0,0.0,0.0,0.0,0.0,0.0
5,2,0.078125,0.0,0.921875,0.0,0.0,0.0,0.0,0.0,0.0,0.0,0.0,0.0
5,2,0.078125,0.0,0.921875,0.0,0.0,0.0,0.0,0.0,0.0,0.0,0.0,0.0
5,2,0.078125,0.0,0.921875,0.0,0.0,0.0,0.0,0.0,0.0,0.0,0.0,0.0
5,2,0.078125,0.0,0.921875,0.0,0.0,0.0,0.0,0.0,0.0,0.0,0.0,0.0
5,2,0.078125,0.0,0.921875,0.0,0.0,0.0,0.0,0.0,0.0,0.0,0.0,0.0
5,2,0.078125,0.0,0.921875,0.0,0.0,0.0,0.0,0.0,0.0,0.0,0.0,0.0
5,2,0.078125,0.0,0.921875,0.0,0.0,0.0,0.0,0.0,0.0,0.0,0.0,0.0
5,2,0.0625,0.0,0.9375,0.0,0.0,0.0,0.0,0.0,0.0,0.0,0.0,0.0
5,2,0.0625,0.0,0.9375,0.0,0.0,0.0,0.0,0.0,0.0,0.0,0.0,0.0
5,2,0.0625,0.0,0.9375,0.0,0.0,0.0,0.0,0.0,0.0,0.0,0.0,0.0
5,2,0.0625,0.0,0.9375,0.0,0.0,0.0,0.0,0.0,0.0,0.0,0.0,0.0
5,2,0.0625,0.0,0.9375,0.0,0.0,0.0,0.0,0.0,0.0,0.0,0.0,0.0
5,2,0.0625,0.0,0.9375,0.0,0.0,0.0,0.0,0.0,0.0,0.0,0.0,0.0
5,2,0.0625,0.0,0.9375,0.0,0.0,0.0,0.0,0.0,0.0,0.0,0.0,0.0
5,2,0.0625,0.0,0.9375,0.0,0.0,0.0,0.0,0.0,0.0,0.0,0.0,0.0
5,2,0.0625,0.0,0.9375,0.0,0.0,0.0,0.0,0.0,0.0,0.0,0.0,0.0
5,2,0.0625,0.0,0.9375,0.0,0.0,0.0,0.0,0.0,0.0,0.0,0.0,0.0
5,2,0.0625,0.0,0.9375,0.0,0.0,0.0,0.0,0.0,0.0,0.0,0.0,0.0
5,2,0.0625,0.0,0.9375,0.0,0.0,0.0,0.0,0.0,0.0,0.0,0.0,0.0
5,2,0.0625,0.0,0.921875,0.0,0.0,0.0,0.0,0.0,0.0,0.0,0.015625,0.0
5,2,0.0625,0.0,0.921875,0.0,0.0,0.0,0.0,0.0,0.0,0.0,0.015625,0.0
5,2,0.0625,0.0,0.921875,0.0,0.0,0.0,0.0,0.0,0.0,0.0,0.015625,0.0
5,2,0.0625,0.0,0.921875,0.0,0.0,0.0,0.0,0.0,0.0,0.0,0.015625,0.0
5,2,0.0625,0.0,0.921875,0.0,0.0,0.0,0.0,0.0,0.0,0.0,0.015625,0.0
5,2,0.0625,0.0,0.921875,0.0,0.0,0.0,0.0,0.0,0.0,0.0,0.015625,0.0
5,2,0.0625,0.0,0.921875,0.0,0.0,0.0,0.0,0.0,0.0,0.0,0.015625,0.0
5,2,0.0625,0.0,0.921875,0.0,0.0,0.0,0.0,0.0,0.0,0.0,0.015625,0.0
5,2,0.0625,0.0,0.921875,0.0,0.0,0.0,0.0,0.0,0.0,0.0,0.015625,0.0
5,2,0.0625,0.0,0.921875,0.0,0.0,0.0,0.0,0.0,0.0,0.0,0.015625,0.0
5,2,0.0625,0.0,0.921875,0.0,0.0,0.0,0.0,0.0,0.0,0.0,0.015625,0.0
5,2,0.0625,0.0,0.921875,0.0,0.0,0.0,0.0,0.0,0.0,0.0,0.015625,0.0
5,2,0.0625,0.0,0.9375,0.0,0.0,0.0,0.0,0.0,0.0,0.0,0.0,0.0
5,2,0.0625,0.0,0.9375,0.0,0.0,0.0,0.0,0.0,0.0,0.0,0.0,0.0
5,2,0.0625,0.0,0.9375,0.0,0.0,0.0,0.0,0.0,0.0,0.0,0.0,0.0
5,2,0.0625,0.0,0.9375,0.0,0.0,0.0,0.0,0.0,0.0,0.0,0.0,0.0
5,2,0.0625,0.0,0.9375,0.0,0.0,0.0,0.0,0.0,0.0,0.0,0.0,0.0
5,2,0.0625,0.0,0.9375,0.0,0.0,0.0,0.0,0.0,0.0,0.0,0.0,0.0
5,2,0.0625,0.0,0.9375,0.0,0.0,0.0,0.0,0.0,0.0,0.0,0.0,0.0
5,2,0.0625,0.0,0.9375,0.0,0.0,0.0,0.0,0.0,0.0,0.0,0.0,0.0
5,2,0.0625,0.0,0.9375,0.0,0.0,0.0,0.0,0.0,0.0,0.0,0.0,0.0
5,2,0.0625,0.0,0.9375,0.0,0.0,0.0,0.0,0.0,0.0,0.0,0.0,0.0
5,2,0.0625,0.0,0.9375,0.0,0.0,0.0,0.0,0.0,0.0,0.0,0.0,0.0
5,2,0.0625,0.0,0.9375,0.0,0.0,0.0,0.0,0.0,0.0,0.0,0.0,0.0
5,2,0.0625,0.0,0.9375,0.0,0.0,0.0,0.0,0.0,0.0,0.0,0.0,0.0
5,2,0.0625,0.0,0.9375,0.0,0.0,0.0,0.0,0.0,0.0,0.0,0.0,0.0
5,2,0.0625,0.0,0.9375,0.0,0.0,0.0,0.0,0.0,0.0,0.0,0.0,0.0
5,2,0.0625,0.0,0.9375,0.0,0.0,0.0,0.0,0.0,0.0,0.0,0.0,0.0
5,2,0.0625,0.0,0.921875,0.0,0.0,0.0,0.0,0.0,0.0,0.0,0.015625,0.0
5,2,0.0625,0.0,0.921875,0.0,0.0,0.0,0.0,0.0,0.0,0.0,0.015625,0.0
5,2,0.0625,0.0,0.921875,0.0,0.0,0.0,0.0,0.0,0.0,0.0,0.015625,0.0
5,2,0.0625,0.0,0.921875,0.0,0.0,0.0,0.0,0.0,0.0,0.0,0.015625,0.0
5,2,0.0625,0.0,0.921875,0.0,0.0,0.0,0.0,0.0,0.0,0.0,0.015625,0.0
5,2,0.0625,0.0,0.921875,0.0,0.0,0.0,0.0,0.0,0.0,0.0,0.015625,0.0
5,2,0.0625,0.0,0.921875,0.0,0.0,0.0,0.0,0.0,0.0,0.0,0.015625,0.0
5,2,0.0625,0.0,0.921875,0.0,0.0,0.0,0.0,0.0,0.0,0.0,0.015625,0.0
5,2,0.0625,0.015625,0.890625,0.0,0.0,0.0,0.0,0.0,0.0,0.0,0.03125,0.0
5,2,0.0625,0.015625,0.890625,0.0,0.0,0.0,0.0,0.0,0.0,0.0,0.03125,0.0
5,2,0.0625,0.015625,0.890625,0.0,0.0,0.0,0.0,0.0,0.0,0.0,0.03125,0.0
5,2,0.0625,0.015625,0.890625,0.0,0.0,0.0,0.0,0.0,0.0,0.0,0.03125,0.0
5,2,0.0625,0.015625,0.890625,0.0,0.0,0.0,0.0,0.0,0.0,0.0,0.03125,0.0
5,2,0.0625,0.015625,0.890625,0.0,0.0,0.0,0.0,0.0,0.0,0.0,0.03125,0.0
5,2,0.0625,0.015625,0.890625,0.0,0.0,0.0,0.0,0.0,0.0,0.0,0.03125,0.0
5,2,0.0625,0.015625,0.890625,0.0,0.0,0.0,0.0,0.0,0.0,0.0,0.03125,0.0
5,2,0.0625,0.015625,0.890625,0.0,0.0,0.0,0.0,0.0,0.0,0.0,0.03125,0.0
5,2,0.0625,0.015625,0.890625,0.0,0.0,0.0,0.0,0.0,0.0,0.0,0.03125,0.0
5,2,0.0625,0.015625,0.890625,0.0,0.0,0.0,0.0,0.0,0.0,0.0,0.03125,0.0
5,2,0.0625,0.015625,0.890625,0.0,0.0,0.0,0.0,0.0,0.0,0.0,0.03125,0.0
5,2,0.0625,0.015625,0.90625,0.0,0.0,0.0,0.0,0.0,0.0,0.0,0.015625,0.0
5,2,0.0625,0.015625,0.90625,0.0,0.0,0.0,0.0,0.0,0.0,0.0,0.015625,0.0
5,2,0.0625,0.015625,0.90625,0.0,0.0,0.0,0.0,0.0,0.0,0.0,0.015625,0.0
5,2,0.0625,0.015625,0.90625,0.0,0.0,0.0,0.0,0.0,0.0,0.0,0.015625,0.0
5,2,0.0625,0.015625,0.90625,0.0,0.0,0.0,0.0,0.0,0.0,0.0,0.015625,0.0
5,2,0.0625,0.015625,0.90625,0.0,0.0,0.0,0.0,0.0,0.0,0.0,0.015625,0.0
5,2,0.0625,0.015625,0.90625,0.0,0.0,0.0,0.0,0.0,0.0,0.0,0.015625,0.0
5,2,0.0625,0.015625,0.90625,0.0,0.0,0.0,0.0,0.0,0.0,0.0,0.015625,0.0
5,2,0.0625,0.015625,0.90625,0.0,0.0,0.0,0.0,0.0,0.0,0.0,0.015625,0.0
5,2,0.0625,0.015625,0.90625,0.0,0.0,0.0,0.0,0.0,0.0,0.0,0.015625,0.0
5,2,0.0625,0.015625,0.90625,0.0,0.0,0.0,0.0,0.0,0.0,0.0,0.015625,0.0
5,2,0.0625,0.015625,0.90625,0.0,0.0,0.0,0.0,0.0,0.0,0.0,0.015625,0.0
5,2,0.046875,0.03125,0.90625,0.0,0.0,0.0,0.0,0.0,0.0,0.0,0.015625,0.0
5,2,0.046875,0.03125,0.90625,0.0,0.0,0.0,0.0,0.0,0.0,0.0,0.015625,0.0
5,2,0.046875,0.03125,0.90625,0.0,0.0,0.0,0.0,0.0,0.0,0.0,0.015625,0.0
5,2,0.046875,0.03125,0.90625,0.0,0.0,0.0,0.0,0.0,0.0,0.0,0.015625,0.0
5,2,0.046875,0.03125,0.90625,0.0,0.0,0.0,0.0,0.0,0.0,0.0,0.015625,0.0
5,2,0.046875,0.03125,0.90625,0.0,0.0,0.0,0.0,0.0,0.0,0.0,0.015625,0.0
5,2,0.046875,0.03125,0.90625,0.0,0.0,0.0,0.0,0.0,0.0,0.0,0.015625,0.0
5,2,0.046875,0.03125,0.90625,0.0,0.0,0.0,0.0,0.0,0.0,0.0,0.015625,0.0
5,2,0.046875,0.03125,0.90625,0.0,0.0,0.0,0.0,0.0,0.0,0.0,0.015625,0.0
5,2,0.046875,0.03125,0.90625,0.0,0.0,0.0,0.0,0.0,0.0,0.0,0.015625,0.0
5,2,0.046875,0.03125,0.90625,0.0,0.0,0.0,0.0,0.0,0.0,0.0,0.015625,0.0
5,2,0.046875,0.03125,0.90625,0.0,0.0,0.0,0.0,0.0,0.0,0.0,0.015625,0.0
5,2,0.046875,0.03125,0.90625,0.0,0.0,0.0,0.0,0.0,0.0,0.0,0.015625,0.0
5,2,0.046875,0.03125,0.90625,0.0,0.0,0.0,0.0,0.0,0.0,0.0,0.015625,0.0
5,2,0.046875,0.03125,0.90625,0.0,0.0,0.0,0.0,0.0,0.0,0.0,0.015625,0.0
5,2,0.046875,0.03125,0.90625,0.0,0.0,0.0,0.0,0.0,0.0,0.0,0.015625,0.0
5,2,0.046875,0.03125,0.90625,0.0,0.0,0.0,0.0,0.0,0.0,0.0,0.015625,0.0
5,2,0.046875,0.03125,0.90625,0.0,0.0,0.0,0.0,0.0,0.0,0.0,0.015625,0.0
5,2,0.046875,0.03125,0.90625,0.0,0.0,0.0,0.0,0.0,0.0,0.0,0.015625,0.0
5,2,0.046875,0.03125,0.90625,0.0,0.0,0.0,0.0,0.0,0.0,0.0,0.015625,0.0
5,2,0.046875,0.03125,0.90625,0.0,0.0,0.0,0.0,0.0,0.0,0.0,0.015625,0.0
5,2,0.046875,0.03125,0.90625,0.0,0.0,0.0,0.0,0.0,0.0,0.0,0.015625,0.0
5,2,0.046875,0.03125,0.90625,0.0,0.0,0.0,0.0,0.0,0.0,0.0,0.015625,0.0
5,2,0.046875,0.03125,0.90625,0.0,0.0,0.0,0.0,0.0,0.0,0.0,0.015625,0.0
5,2,0.046875,0.03125,0.90625,0.0,0.0,0.0,0.0,0.0,0.0,0.0,0.015625,0.0
5,2,0.046875,0.03125,0.90625,0.0,0.0,0.0,0.0,0.0,0.0,0.0,0.015625,0.0
5,2,0.046875,0.03125,0.90625,0.0,0.0,0.0,0.0,0.0,0.0,0.0,0.015625,0.0
5,2,0.046875,0.03125,0.90625,0.0,0.0,0.0,0.0,0.0,0.0,0.0,0.015625,0.0
5,2,0.046875,0.03125,0.90625,0.0,0.0,0.0,0.0,0.0,0.0,0.0,0.015625,0.0
5,2,0.046875,0.03125,0.90625,0.0,0.0,0.0,0.0,0.0,0.0,0.0,0.015625,0.0
5,2,0.046875,0.03125,0.90625,0.0,0.0,0.0,0.0,0.0,0.0,0.0,0.015625,0.0
5,2,0.046875,0.03125,0.90625,0.0,0.0,0.0,0.0,0.0,0.0,0.0,0.015625,0.0
5,2,0.046875,0.03125,0.90625,0.0,0.0,0.0,0.0,0.0,0.0,0.0,0.015625,0.0
5,2,0.046875,0.03125,0.90625,0.0,0.0,0.0,0.0,0.0,0.0,0.0,0.015625,0.0
5,2,0.046875,0.03125,0.90625,0.0,0.0,0.0,0.0,0.0,0.0,0.0,0.015625,0.0
5,2,0.046875,0.03125,0.90625,0.0,0.0,0.0,0.0,0.0,0.0,0.0,0.015625,0.0
5,2,0.046875,0.03125,0.90625,0.0,0.0,0.0,0.0,0.0,0.0,0.0,0.015625,0.0
5,2,0.046875,0.03125,0.90625,0.0,0.0,0.0,0.0,0.0,0.0,0.0,0.015625,0.0
5,2,0.046875,0.03125,0.90625,0.0,0.0,0.0,0.0,0.0,0.0,0.0,0.015625,0.0
5,2,0.046875,0.03125,0.90625,0.0,0.0,0.0,0.0,0.0,0.0,0.0,0.015625,0.0
5,2,0.046875,0.03125,0.90625,0.0,0.0,0.0,0.0,0.0,0.0,0.0,0.015625,0.0
5,2,0.046875,0.03125,0.90625,0.0,0.0,0.0,0.0,0.0,0.0,0.0,0.015625,0.0
5,2,0.046875,0.03125,0.90625,0.0,0.0,0.0,0.0,0.0,0.0,0.0,0.015625,0.0
5,2,0.046875,0.03125,0.90625,0.0,0.0,0.0,0.0,0.0,0.0,0.0,0.015625,0.0
5,2,0.046875,0.03125,0.90625,0.0,0.0,0.0,0.0,0.0,0.0,0.0,0.015625,0.0
5,2,0.046875,0.03125,0.90625,0.0,0.0,0.0,0.0,0.0,0.0,0.0,0.015625,0.0
5,2,0.046875,0.03125,0.90625,0.0,0.0,0.0,0.0,0.0,0.0,0.0,0.015625,0.0
5,2,0.046875,0.03125,0.90625,0.0,0.0,0.0,0.0,0.0,0.0,0.0,0.015625,0.0
5,2,0.046875,0.03125,0.90625,0.0,0.0,0.0,0.0,0.0,0.0,0.0,0.015625,0.0
5,2,0.046875,0.03125,0.90625,0.0,0.0,0.0,0.0,0.0,0.0,0.0,0.015625,0.0
5,2,0.046875,0.03125,0.90625,0.0,0.0,0.0,0.0,0.0,0.0,0.0,0.015625,0.0
5,2,0.046875,0.03125,0.90625,0.0,0.0,0.0,0.0,0.0,0.0,0.0,0.015625,0.0
5,2,0.046875,0.03125,0.90625,0.0,0.0,0.0,0.0,0.0,0.0,0.0,0.015625,0.0
5,2,0.046875,0.03125,0.90625,0.0,0.0,0.0,0.0,0.0,0.0,0.0,0.015625,0.0
5,2,0.046875,0.03125,0.90625,0.0,0.0,0.0,0.0,0.0,0.0,0.0,0.015625,0.0
5,2,0.046875,0.03125,0.90625,0.0,0.0,0.0,0.0,0.0,0.0,0.0,0.015625,0.0
5,2,0.046875,0.03125,0.90625,0.0,0.0,0.0,0.0,0.0,0.0,0.0,0.015625,0.0
5,2,0.046875,0.03125,0.90625,0.0,0.0,0.0,0.0,0.0,0.0,0.0,0.015625,0.0
5,2,0.046875,0.03125,0.90625,0.0,0.0,0.0,0.0,0.0,0.0,0.0,0.015625,0.0
5,2,0.046875,0.03125,0.90625,0.0,0.0,0.0,0.0,0.0,0.0,0.0,0.015625,0.0
5,2,0.046875,0.03125,0.90625,0.0,0.0,0.0,0.0,0.0,0.0,0.0,0.015625,0.0
5,2,0.046875,0.03125,0.90625,0.0,0.0,0.0,0.0,0.0,0.0,0.0,0.015625,0.0
5,2,0.046875,0.03125,0.90625,0.0,0.0,0.0,0.0,0.0,0.0,0.0,0.015625,0.0
5,2,0.046875,0.03125,0.90625,0.0,0.0,0.0,0.0,0.0,0.0,0.0,0.015625,0.0
5,2,0.046875,0.03125,0.90625,0.0,0.0,0.0,0.0,0.0,0.0,0.0,0.015625,0.0
5,2,0.046875,0.03125,0.90625,0.0,0.0,0.0,0.0,0.0,0.0,0.0,0.015625,0.0
5,2,0.046875,0.03125,0.90625,0.0,0.0,0.0,0.0,0.0,0.0,0.0,0.015625,0.0
5,2,0.046875,0.03125,0.90625,0.0,0.0,0.0,0.0,0.0,0.0,0.0,0.015625,0.0
5,2,0.046875,0.03125,0.90625,0.0,0.0,0.0,0.0,0.0,0.0,0.0,0.015625,0.0
5,2,0.046875,0.03125,0.90625,0.0,0.0,0.0,0.0,0.0,0.0,0.0,0.015625,0.0
5,2,0.046875,0.03125,0.90625,0.0,0.0,0.0,0.0,0.0,0.0,0.0,0.015625,0.0
5,2,0.046875,0.03125,0.90625,0.0,0.0,0.0,0.0,0.0,0.0,0.0,0.015625,0.0
5,2,0.046875,0.03125,0.90625,0.0,0.0,0.0,0.0,0.0,0.0,0.0,0.015625,0.0
5,2,0.046875,0.03125,0.90625,0.0,0.0,0.0,0.0,0.0,0.0,0.0,0.015625,0.0
5,2,0.046875,0.03125,0.90625,0.0,0.0,0.0,0.0,0.0,0.0,0.0,0.015625,0.0
5,2,0.046875,0.03125,0.90625,0.0,0.0,0.0,0.0,0.0,0.0,0.0,0.015625,0.0
5,2,0.046875,0.03125,0.90625,0.0,0.0,0.0,0.0,0.0,0.0,0.0,0.015625,0.0
5,2,0.046875,0.03125,0.90625,0.0,0.0,0.0,0.0,0.0,0.0,0.0,0.015625,0.0
5,2,0.046875,0.03125,0.90625,0.0,0.0,0.0,0.0,0.0,0.0,0.0,0.015625,0.0
5,2,0.046875,0.03125,0.90625,0.0,0.0,0.0,0.0,0.0,0.0,0.0,0.015625,0.0
5,2,0.046875,0.03125,0.90625,0.0,0.0,0.0,0.0,0.0,0.0,0.0,0.015625,0.0
5,2,0.046875,0.03125,0.90625,0.0,0.0,0.0,0.0,0.0,0.0,0.0,0.015625,0.0
5,2,0.046875,0.03125,0.90625,0.0,0.0,0.0,0.0,0.0,0.0,0.0,0.015625,0.0
5,2,0.046875,0.03125,0.90625,0.0,0.0,0.0,0.0,0.0,0.0,0.0,0.015625,0.0
5,2,0.046875,0.03125,0.90625,0.0,0.0,0.0,0.0,0.0,0.0,0.0,0.015625,0.0
5,2,0.046875,0.03125,0.90625,0.0,0.0,0.0,0.0,0.0,0.0,0.0,0.015625,0.0
5,2,0.046875,0.03125,0.90625,0.0,0.0,0.0,0.0,0.0,0.0,0.0,0.015625,0.0
5,2,0.046875,0.03125,0.90625,0.0,0.0,0.0,0.0,0.0,0.0,0.0,0.015625,0.0
5,2,0.046875,0.03125,0.90625,0.0,0.0,0.0,0.0,0.0,0.0,0.0,0.015625,0.0
5,2,0.046875,0.03125,0.90625,0.0,0.0,0.0,0.0,0.0,0.0,0.0,0.015625,0.0
5,2,0.046875,0.03125,0.90625,0.0,0.0,0.0,0.0,0.0,0.0,0.0,0.015625,0.0
5,2,0.046875,0.03125,0.90625,0.0,0.0,0.0,0.0,0.0,0.0,0.0,0.015625,0.0
5,2,0.046875,0.03125,0.90625,0.0,0.0,0.0,0.0,0.0,0.0,0.0,0.015625,0.0
5,2,0.046875,0.03125,0.90625,0.0,0.0,0.0,0.0,0.0,0.0,0.0,0.015625,0.0
5,2,0.046875,0.03125,0.90625,0.0,0.0,0.0,0.0,0.0,0.0,0.0,0.015625,0.0
5,2,0.046875,0.03125,0.90625,0.0,0.0,0.0,0.0,0.0,0.0,0.0,0.015625,0.0
5,2,0.046875,0.03125,0.90625,0.0,0.0,0.0,0.0,0.0,0.0,0.0,0.015625,0.0
5,2,0.046875,0.03125,0.90625,0.0,0.0,0.0,0.0,0.0,0.0,0.0,0.015625,0.0
5,2,0.046875,0.03125,0.90625,0.0,0.0,0.0,0.0,0.0,0.0,0.0,0.015625,0.0
5,2,0.046875,0.03125,0.90625,0.0,0.0,0.0,0.0,0.0,0.0,0.0,0.015625,0.0
5,2,0.046875,0.03125,0.90625,0.0,0.0,0.0,0.0,0.0,0.0,0.0,0.015625,0.0
5,2,0.046875,0.03125,0.90625,0.0,0.0,0.0,0.0,0.0,0.0,0.0,0.015625,0.0
5,2,0.046875,0.03125,0.90625,0.0,0.0,0.0,0.0,0.0,0.0,0.0,0.015625,0.0
5,2,0.046875,0.03125,0.90625,0.0,0.0,0.0,0.0,0.0,0.0,0.0,0.015625,0.0
5,2,0.046875,0.03125,0.90625,0.0,0.0,0.0,0.0,0.0,0.0,0.0,0.015625,0.0
5,2,0.046875,0.03125,0.90625,0.0,0.0,0.0,0.0,0.0,0.0,0.0,0.015625,0.0
5,2,0.046875,0.03125,0.90625,0.0,0.0,0.0,0.0,0.0,0.0,0.0,0.015625,0.0
5,2,0.046875,0.03125,0.90625,0.0,0.0,0.0,0.0,0.0,0.0,0.0,0.015625,0.0
5,2,0.046875,0.03125,0.90625,0.0,0.0,0.0,0.0,0.0,0.0,0.0,0.015625,0.0
5,2,0.046875,0.03125,0.90625,0.0,0.0,0.0,0.0,0.0,0.0,0.0,0.015625,0.0
5,2,0.046875,0.03125,0.90625,0.0,0.0,0.0,0.0,0.0,0.0,0.0,0.015625,0.0
5,2,0.046875,0.03125,0.90625,0.0,0.0,0.0,0.0,0.0,0.0,0.0,0.015625,0.0
5,2,0.046875,0.03125,0.90625,0.0,0.0,0.0,0.0,0.0,0.0,0.0,0.015625,0.0
5,2,0.046875,0.03125,0.90625,0.0,0.0,0.0,0.0,0.0,0.0,0.0,0.015625,0.0
5,2,0.046875,0.03125,0.90625,0.0,0.0,0.0,0.0,0.0,0.0,0.0,0.015625,0.0
5,2,0.046875,0.03125,0.90625,0.0,0.0,0.0,0.0,0.0,0.0,0.0,0.015625,0.0
5,2,0.046875,0.03125,0.90625,0.0,0.0,0.0,0.0,0.0,0.0,0.0,0.015625,0.0
5,2,0.046875,0.03125,0.90625,0.0,0.0,0.0,0.0,0.0,0.0,0.0,0.015625,0.0
5,2,0.046875,0.03125,0.90625,0.0,0.0,0.0,0.0,0.0,0.0,0.0,0.015625,0.0
5,2,0.046875,0.03125,0.90625,0.0,0.0,0.0,0.0,0.0,0.0,0.0,0.015625,0.0
5,2,0.0625,0.03125,0.890625,0.0,0.0,0.0,0.0,0.0,0.0,0.0,0.015625,0.0
5,2,0.0625,0.03125,0.890625,0.0,0.0,0.0,0.0,0.0,0.0,0.0,0.015625,0.0
5,2,0.0625,0.03125,0.890625,0.0,0.0,0.0,0.0,0.0,0.0,0.0,0.015625,0.0
5,2,0.0625,0.03125,0.890625,0.0,0.0,0.0,0.0,0.0,0.0,0.0,0.015625,0.0
5,2,0.0625,0.03125,0.890625,0.0,0.0,0.0,0.0,0.0,0.0,0.0,0.015625,0.0
5,2,0.0625,0.03125,0.890625,0.0,0.0,0.0,0.0,0.0,0.0,0.0,0.015625,0.0
5,2,0.0625,0.03125,0.890625,0.0,0.0,0.0,0.0,0.0,0.0,0.0,0.015625,0.0
5,2,0.0625,0.03125,0.890625,0.0,0.0,0.0,0.0,0.0,0.0,0.0,0.015625,0.0
5,2,0.0625,0.03125,0.890625,0.0,0.0,0.0,0.0,0.0,0.0,0.0,0.015625,0.0
5,2,0.0625,0.03125,0.890625,0.0,0.0,0.0,0.0,0.0,0.0,0.0,0.015625,0.0
5,2,0.0625,0.03125,0.890625,0.0,0.0,0.0,0.0,0.0,0.0,0.0,0.015625,0.0
5,2,0.0625,0.03125,0.890625,0.0,0.0,0.0,0.0,0.0,0.0,0.0,0.015625,0.0
5,2,0.0625,0.03125,0.90625,0.0,0.0,0.0,0.0,0.0,0.0,0.0,0.0,0.0
5,2,0.0625,0.03125,0.90625,0.0,0.0,0.0,0.0,0.0,0.0,0.0,0.0,0.0
5,2,0.0625,0.03125,0.90625,0.0,0.0,0.0,0.0,0.0,0.0,0.0,0.0,0.0
5,2,0.0625,0.03125,0.90625,0.0,0.0,0.0,0.0,0.0,0.0,0.0,0.0,0.0
5,2,0.0625,0.03125,0.90625,0.0,0.0,0.0,0.0,0.0,0.0,0.0,0.0,0.0
5,2,0.0625,0.03125,0.90625,0.0,0.0,0.0,0.0,0.0,0.0,0.0,0.0,0.0
5,2,0.0625,0.03125,0.90625,0.0,0.0,0.0,0.0,0.0,0.0,0.0,0.0,0.0
5,2,0.0625,0.03125,0.90625,0.0,0.0,0.0,0.0,0.0,0.0,0.0,0.0,0.0
5,2,0.0625,0.03125,0.90625,0.0,0.0,0.0,0.0,0.0,0.0,0.0,0.0,0.0
5,2,0.0625,0.03125,0.90625,0.0,0.0,0.0,0.0,0.0,0.0,0.0,0.0,0.0
5,2,0.0625,0.03125,0.90625,0.0,0.0,0.0,0.0,0.0,0.0,0.0,0.0,0.0
5,2,0.0625,0.03125,0.90625,0.0,0.0,0.0,0.0,0.0,0.0,0.0,0.0,0.0
5,2,0.0625,0.03125,0.90625,0.0,0.0,0.0,0.0,0.0,0.0,0.0,0.0,0.0
5,2,0.0625,0.03125,0.90625,0.0,0.0,0.0,0.0,0.0,0.0,0.0,0.0,0.0
5,2,0.0625,0.03125,0.90625,0.0,0.0,0.0,0.0,0.0,0.0,0.0,0.0,0.0
5,2,0.0625,0.03125,0.90625,0.0,0.0,0.0,0.0,0.0,0.0,0.0,0.0,0.0
5,2,0.0625,0.03125,0.90625,0.0,0.0,0.0,0.0,0.0,0.0,0.0,0.0,0.0
5,2,0.0625,0.03125,0.90625,0.0,0.0,0.0,0.0,0.0,0.0,0.0,0.0,0.0
5,2,0.0625,0.03125,0.90625,0.0,0.0,0.0,0.0,0.0,0.0,0.0,0.0,0.0
5,2,0.0625,0.03125,0.90625,0.0,0.0,0.0,0.0,0.0,0.0,0.0,0.0,0.0
5,2,0.0625,0.03125,0.90625,0.0,0.0,0.0,0.0,0.0,0.0,0.0,0.0,0.0
5,2,0.0625,0.03125,0.90625,0.0,0.0,0.0,0.0,0.0,0.0,0.0,0.0,0.0
5,2,0.0625,0.03125,0.90625,0.0,0.0,0.0,0.0,0.0,0.0,0.0,0.0,0.0
5,2,0.0625,0.03125,0.90625,0.0,0.0,0.0,0.0,0.0,0.0,0.0,0.0,0.0
5,2,0.0625,0.03125,0.90625,0.0,0.0,0.0,0.0,0.0,0.0,0.0,0.0,0.0
5,2,0.0625,0.03125,0.90625,0.0,0.0,0.0,0.0,0.0,0.0,0.0,0.0,0.0
5,2,0.0625,0.03125,0.90625,0.0,0.0,0.0,0.0,0.0,0.0,0.0,0.0,0.0
5,2,0.0625,0.03125,0.90625,0.0,0.0,0.0,0.0,0.0,0.0,0.0,0.0,0.0
5,2,0.0625,0.03125,0.90625,0.0,0.0,0.0,0.0,0.0,0.0,0.0,0.0,0.0
5,2,0.0625,0.03125,0.90625,0.0,0.0,0.0,0.0,0.0,0.0,0.0,0.0,0.0
5,2,0.0625,0.03125,0.90625,0.0,0.0,0.0,0.0,0.0,0.0,0.0,0.0,0.0
5,2,0.0625,0.03125,0.90625,0.0,0.0,0.0,0.0,0.0,0.0,0.0,0.0,0.0
5,2,0.0625,0.03125,0.90625,0.0,0.0,0.0,0.0,0.0,0.0,0.0,0.0,0.0
5,2,0.0625,0.03125,0.90625,0.0,0.0,0.0,0.0,0.0,0.0,0.0,0.0,0.0
5,2,0.0625,0.03125,0.90625,0.0,0.0,0.0,0.0,0.0,0.0,0.0,0.0,0.0
5,2,0.0625,0.03125,0.90625,0.0,0.0,0.0,0.0,0.0,0.0,0.0,0.0,0.0
5,2,0.0625,0.03125,0.90625,0.0,0.0,0.0,0.0,0.0,0.0,0.0,0.0,0.0
5,2,0.0625,0.03125,0.90625,0.0,0.0,0.0,0.0,0.0,0.0,0.0,0.0,0.0
5,2,0.0625,0.03125,0.90625,0.0,0.0,0.0,0.0,0.0,0.0,0.0,0.0,0.0
5,2,0.0625,0.03125,0.90625,0.0,0.0,0.0,0.0,0.0,0.0,0.0,0.0,0.0
5,2,0.0625,0.03125,0.90625,0.0,0.0,0.0,0.0,0.0,0.0,0.0,0.0,0.0
5,2,0.0625,0.03125,0.90625,0.0,0.0,0.0,0.0,0.0,0.0,0.0,0.0,0.0
5,2,0.0625,0.03125,0.90625,0.0,0.0,0.0,0.0,0.0,0.0,0.0,0.0,0.0
5,2,0.0625,0.03125,0.90625,0.0,0.0,0.0,0.0,0.0,0.0,0.0,0.0,0.0
5,2,0.0625,0.03125,0.90625,0.0,0.0,0.0,0.0,0.0,0.0,0.0,0.0,0.0
5,2,0.0625,0.03125,0.90625,0.0,0.0,0.0,0.0,0.0,0.0,0.0,0.0,0.0
5,2,0.0625,0.03125,0.90625,0.0,0.0,0.0,0.0,0.0,0.0,0.0,0.0,0.0
5,2,0.0625,0.03125,0.90625,0.0,0.0,0.0,0.0,0.0,0.0,0.0,0.0,0.0
5,2,0.0625,0.03125,0.90625,0.0,0.0,0.0,0.0,0.0,0.0,0.0,0.0,0.0
5,2,0.0625,0.03125,0.90625,0.0,0.0,0.0,0.0,0.0,0.0,0.0,0.0,0.0
5,2,0.0625,0.03125,0.90625,0.0,0.0,0.0,0.0,0.0,0.0,0.0,0.0,0.0
5,2,0.0625,0.03125,0.90625,0.0,0.0,0.0,0.0,0.0,0.0,0.0,0.0,0.0
5,2,0.0625,0.03125,0.90625,0.0,0.0,0.0,0.0,0.0,0.0,0.0,0.0,0.0
5,2,0.0625,0.03125,0.90625,0.0,0.0,0.0,0.0,0.0,0.0,0.0,0.0,0.0
5,2,0.0625,0.03125,0.90625,0.0,0.0,0.0,0.0,0.0,0.0,0.0,0.0,0.0
5,2,0.0625,0.03125,0.90625,0.0,0.0,0.0,0.0,0.0,0.0,0.0,0.0,0.0
5,2,0.0625,0.03125,0.90625,0.0,0.0,0.0,0.0,0.0,0.0,0.0,0.0,0.0
5,2,0.0625,0.03125,0.90625,0.0,0.0,0.0,0.0,0.0,0.0,0.0,0.0,0.0
5,2,0.0625,0.03125,0.90625,0.0,0.0,0.0,0.0,0.0,0.0,0.0,0.0,0.0
5,2,0.0625,0.03125,0.90625,0.0,0.0,0.0,0.0,0.0,0.0,0.0,0.0,0.0
5,2,0.046875,0.03125,0.90625,0.0,0.0,0.0,0.0,0.0,0.0,0.0,0.015625,0.0
5,2,0.046875,0.03125,0.90625,0.0,0.0,0.0,0.0,0.0,0.0,0.0,0.015625,0.0
5,2,0.046875,0.03125,0.90625,0.0,0.0,0.0,0.0,0.0,0.0,0.0,0.015625,0.0
5,2,0.046875,0.03125,0.90625,0.0,0.0,0.0,0.0,0.0,0.0,0.0,0.015625,0.0
5,2,0.046875,0.03125,0.90625,0.0,0.0,0.0,0.0,0.0,0.0,0.0,0.015625,0.0
5,2,0.046875,0.03125,0.90625,0.0,0.0,0.0,0.0,0.0,0.0,0.0,0.015625,0.0
5,2,0.046875,0.03125,0.90625,0.0,0.0,0.0,0.0,0.0,0.0,0.0,0.015625,0.0
5,2,0.046875,0.03125,0.90625,0.0,0.0,0.0,0.0,0.0,0.0,0.0,0.015625,0.0
5,2,0.046875,0.03125,0.90625,0.0,0.0,0.0,0.0,0.0,0.0,0.0,0.015625,0.0
5,2,0.046875,0.03125,0.90625,0.0,0.0,0.0,0.0,0.0,0.0,0.0,0.015625,0.0
5,2,0.046875,0.03125,0.90625,0.0,0.0,0.0,0.0,0.0,0.0,0.0,0.015625,0.0
5,2,0.046875,0.03125,0.90625,0.0,0.0,0.0,0.0,0.0,0.0,0.0,0.015625,0.0
5,2,0.046875,0.03125,0.921875,0.0,0.0,0.0,0.0,0.0,0.0,0.0,0.0,0.0
5,2,0.046875,0.03125,0.921875,0.0,0.0,0.0,0.0,0.0,0.0,0.0,0.0,0.0
5,2,0.046875,0.046875,0.90625,0.0,0.0,0.0,0.0,0.0,0.0,0.0,0.0,0.0
5,2,0.046875,0.046875,0.90625,0.0,0.0,0.0,0.0,0.0,0.0,0.0,0.0,0.0
5,2,0.046875,0.046875,0.90625,0.0,0.0,0.0,0.0,0.0,0.0,0.0,0.0,0.0
5,2,0.046875,0.046875,0.90625,0.0,0.0,0.0,0.0,0.0,0.0,0.0,0.0,0.0
5,2,0.046875,0.046875,0.90625,0.0,0.0,0.0,0.0,0.0,0.0,0.0,0.0,0.0
5,2,0.046875,0.046875,0.90625,0.0,0.0,0.0,0.0,0.0,0.0,0.0,0.0,0.0
5,2,0.046875,0.046875,0.90625,0.0,0.0,0.0,0.0,0.0,0.0,0.0,0.0,0.0
5,2,0.046875,0.046875,0.90625,0.0,0.0,0.0,0.0,0.0,0.0,0.0,0.0,0.0
5,2,0.046875,0.046875,0.90625,0.0,0.0,0.0,0.0,0.0,0.0,0.0,0.0,0.0
5,2,0.046875,0.046875,0.90625,0.0,0.0,0.0,0.0,0.0,0.0,0.0,0.0,0.0
5,2,0.046875,0.046875,0.90625,0.0,0.0,0.0,0.0,0.0,0.0,0.0,0.0,0.0
5,2,0.046875,0.046875,0.90625,0.0,0.0,0.0,0.0,0.0,0.0,0.0,0.0,0.0
5,2,0.046875,0.046875,0.90625,0.0,0.0,0.0,0.0,0.0,0.0,0.0,0.0,0.0
5,2,0.046875,0.046875,0.90625,0.0,0.0,0.0,0.0,0.0,0.0,0.0,0.0,0.0
5,2,0.046875,0.046875,0.90625,0.0,0.0,0.0,0.0,0.0,0.0,0.0,0.0,0.0
5,2,0.046875,0.046875,0.90625,0.0,0.0,0.0,0.0,0.0,0.0,0.0,0.0,0.0
5,2,0.046875,0.046875,0.90625,0.0,0.0,0.0,0.0,0.0,0.0,0.0,0.0,0.0
5,2,0.046875,0.046875,0.90625,0.0,0.0,0.0,0.0,0.0,0.0,0.0,0.0,0.0
5,2,0.046875,0.046875,0.90625,0.0,0.0,0.0,0.0,0.0,0.0,0.0,0.0,0.0
5,2,0.046875,0.046875,0.90625,0.0,0.0,0.0,0.0,0.0,0.0,0.0,0.0,0.0
5,2,0.046875,0.046875,0.90625,0.0,0.0,0.0,0.0,0.0,0.0,0.0,0.0,0.0
5,2,0.046875,0.046875,0.90625,0.0,0.0,0.0,0.0,0.0,0.0,0.0,0.0,0.0
5,2,0.046875,0.046875,0.890625,0.0,0.0,0.0,0.0,0.0,0.0,0.0,0.015625,0.0
5,2,0.046875,0.046875,0.890625,0.0,0.0,0.0,0.0,0.0,0.0,0.0,0.015625,0.0
5,2,0.046875,0.046875,0.890625,0.0,0.0,0.0,0.0,0.0,0.0,0.0,0.015625,0.0
5,2,0.046875,0.046875,0.890625,0.0,0.0,0.0,0.0,0.0,0.0,0.0,0.015625,0.0
5,2,0.046875,0.046875,0.890625,0.0,0.0,0.0,0.0,0.0,0.0,0.0,0.015625,0.0
5,2,0.046875,0.046875,0.890625,0.0,0.0,0.0,0.0,0.0,0.0,0.0,0.015625,0.0
5,2,0.046875,0.046875,0.890625,0.0,0.0,0.0,0.0,0.0,0.0,0.0,0.015625,0.0
5,2,0.046875,0.046875,0.890625,0.0,0.0,0.0,0.0,0.0,0.0,0.0,0.015625,0.0
5,2,0.046875,0.046875,0.890625,0.0,0.0,0.0,0.0,0.0,0.0,0.0,0.015625,0.0
5,2,0.046875,0.046875,0.890625,0.0,0.0,0.0,0.0,0.0,0.0,0.0,0.015625,0.0
5,2,0.046875,0.046875,0.890625,0.0,0.0,0.0,0.0,0.0,0.0,0.0,0.015625,0.0
5,2,0.046875,0.046875,0.890625,0.0,0.0,0.0,0.0,0.0,0.0,0.0,0.015625,0.0
5,2,0.046875,0.046875,0.90625,0.0,0.0,0.0,0.0,0.0,0.0,0.0,0.0,0.0
5,2,0.046875,0.046875,0.90625,0.0,0.0,0.0,0.0,0.0,0.0,0.0,0.0,0.0
5,2,0.046875,0.046875,0.90625,0.0,0.0,0.0,0.0,0.0,0.0,0.0,0.0,0.0
5,2,0.046875,0.046875,0.90625,0.0,0.0,0.0,0.0,0.0,0.0,0.0,0.0,0.0
5,2,0.046875,0.046875,0.90625,0.0,0.0,0.0,0.0,0.0,0.0,0.0,0.0,0.0
5,2,0.046875,0.046875,0.90625,0.0,0.0,0.0,0.0,0.0,0.0,0.0,0.0,0.0
5,2,0.046875,0.046875,0.90625,0.0,0.0,0.0,0.0,0.0,0.0,0.0,0.0,0.0
5,2,0.046875,0.046875,0.90625,0.0,0.0,0.0,0.0,0.0,0.0,0.0,0.0,0.0
5,2,0.046875,0.046875,0.90625,0.0,0.0,0.0,0.0,0.0,0.0,0.0,0.0,0.0
5,2,0.046875,0.046875,0.90625,0.0,0.0,0.0,0.0,0.0,0.0,0.0,0.0,0.0
5,2,0.046875,0.046875,0.90625,0.0,0.0,0.0,0.0,0.0,0.0,0.0,0.0,0.0
5,2,0.046875,0.046875,0.90625,0.0,0.0,0.0,0.0,0.0,0.0,0.0,0.0,0.0
5,2,0.046875,0.046875,0.90625,0.0,0.0,0.0,0.0,0.0,0.0,0.0,0.0,0.0
5,2,0.046875,0.046875,0.90625,0.0,0.0,0.0,0.0,0.0,0.0,0.0,0.0,0.0
5,2,0.046875,0.046875,0.90625,0.0,0.0,0.0,0.0,0.0,0.0,0.0,0.0,0.0
5,2,0.046875,0.046875,0.90625,0.0,0.0,0.0,0.0,0.0,0.0,0.0,0.0,0.0
5,2,0.046875,0.046875,0.90625,0.0,0.0,0.0,0.0,0.0,0.0,0.0,0.0,0.0
5,2,0.046875,0.046875,0.90625,0.0,0.0,0.0,0.0,0.0,0.0,0.0,0.0,0.0
5,2,0.046875,0.046875,0.90625,0.0,0.0,0.0,0.0,0.0,0.0,0.0,0.0,0.0
5,2,0.046875,0.046875,0.90625,0.0,0.0,0.0,0.0,0.0,0.0,0.0,0.0,0.0
5,2,0.046875,0.046875,0.90625,0.0,0.0,0.0,0.0,0.0,0.0,0.0,0.0,0.0
5,2,0.046875,0.046875,0.90625,0.0,0.0,0.0,0.0,0.0,0.0,0.0,0.0,0.0
5,2,0.046875,0.046875,0.90625,0.0,0.0,0.0,0.0,0.0,0.0,0.0,0.0,0.0
5,2,0.046875,0.046875,0.90625,0.0,0.0,0.0,0.0,0.0,0.0,0.0,0.0,0.0
5,2,0.0625,0.046875,0.890625,0.0,0.0,0.0,0.0,0.0,0.0,0.0,0.0,0.0
5,2,0.0625,0.046875,0.890625,0.0,0.0,0.0,0.0,0.0,0.0,0.0,0.0,0.0
5,2,0.0625,0.046875,0.890625,0.0,0.0,0.0,0.0,0.0,0.0,0.0,0.0,0.0
5,2,0.0625,0.046875,0.890625,0.0,0.0,0.0,0.0,0.0,0.0,0.0,0.0,0.0
5,2,0.0625,0.046875,0.890625,0.0,0.0,0.0,0.0,0.0,0.0,0.0,0.0,0.0
5,2,0.0625,0.046875,0.890625,0.0,0.0,0.0,0.0,0.0,0.0,0.0,0.0,0.0
5,2,0.0625,0.046875,0.890625,0.0,0.0,0.0,0.0,0.0,0.0,0.0,0.0,0.0
5,2,0.0625,0.046875,0.890625,0.0,0.0,0.0,0.0,0.0,0.0,0.0,0.0,0.0
5,2,0.0625,0.046875,0.890625,0.0,0.0,0.0,0.0,0.0,0.0,0.0,0.0,0.0
5,2,0.0625,0.046875,0.890625,0.0,0.0,0.0,0.0,0.0,0.0,0.0,0.0,0.0
5,2,0.0625,0.046875,0.890625,0.0,0.0,0.0,0.0,0.0,0.0,0.0,0.0,0.0
5,2,0.0625,0.046875,0.890625,0.0,0.0,0.0,0.0,0.0,0.0,0.0,0.0,0.0
5,2,0.0625,0.046875,0.890625,0.0,0.0,0.0,0.0,0.0,0.0,0.0,0.0,0.0
5,2,0.0625,0.046875,0.890625,0.0,0.0,0.0,0.0,0.0,0.0,0.0,0.0,0.0
5,2,0.0625,0.046875,0.890625,0.0,0.0,0.0,0.0,0.0,0.0,0.0,0.0,0.0
5,2,0.0625,0.046875,0.890625,0.0,0.0,0.0,0.0,0.0,0.0,0.0,0.0,0.0
5,2,0.0625,0.046875,0.890625,0.0,0.0,0.0,0.0,0.0,0.0,0.0,0.0,0.0
5,2,0.0625,0.046875,0.890625,0.0,0.0,0.0,0.0,0.0,0.0,0.0,0.0,0.0
5,2,0.0625,0.046875,0.890625,0.0,0.0,0.0,0.0,0.0,0.0,0.0,0.0,0.0
5,2,0.0625,0.046875,0.890625,0.0,0.0,0.0,0.0,0.0,0.0,0.0,0.0,0.0
5,2,0.0625,0.046875,0.890625,0.0,0.0,0.0,0.0,0.0,0.0,0.0,0.0,0.0
5,2,0.0625,0.046875,0.890625,0.0,0.0,0.0,0.0,0.0,0.0,0.0,0.0,0.0
5,2,0.0625,0.046875,0.890625,0.0,0.0,0.0,0.0,0.0,0.0,0.0,0.0,0.0
5,2,0.0625,0.046875,0.890625,0.0,0.0,0.0,0.0,0.0,0.0,0.0,0.0,0.0
5,2,0.0625,0.046875,0.890625,0.0,0.0,0.0,0.0,0.0,0.0,0.0,0.0,0.0
5,2,0.0625,0.046875,0.890625,0.0,0.0,0.0,0.0,0.0,0.0,0.0,0.0,0.0
5,2,0.0625,0.046875,0.890625,0.0,0.0,0.0,0.0,0.0,0.0,0.0,0.0,0.0
5,2,0.0625,0.046875,0.890625,0.0,0.0,0.0,0.0,0.0,0.0,0.0,0.0,0.0
5,2,0.0625,0.046875,0.890625,0.0,0.0,0.0,0.0,0.0,0.0,0.0,0.0,0.0
5,2,0.0625,0.046875,0.890625,0.0,0.0,0.0,0.0,0.0,0.0,0.0,0.0,0.0
5,2,0.0625,0.046875,0.890625,0.0,0.0,0.0,0.0,0.0,0.0,0.0,0.0,0.0
5,2,0.0625,0.046875,0.890625,0.0,0.0,0.0,0.0,0.0,0.0,0.0,0.0,0.0
5,2,0.0625,0.046875,0.890625,0.0,0.0,0.0,0.0,0.0,0.0,0.0,0.0,0.0
5,2,0.0625,0.046875,0.890625,0.0,0.0,0.0,0.0,0.0,0.0,0.0,0.0,0.0
5,2,0.0625,0.046875,0.890625,0.0,0.0,0.0,0.0,0.0,0.0,0.0,0.0,0.0
5,2,0.0625,0.03125,0.90625,0.0,0.0,0.0,0.0,0.0,0.0,0.0,0.0,0.0
5,2,0.0625,0.03125,0.90625,0.0,0.0,0.0,0.0,0.0,0.0,0.0,0.0,0.0
5,2,0.0625,0.03125,0.90625,0.0,0.0,0.0,0.0,0.0,0.0,0.0,0.0,0.0
5,2,0.0625,0.03125,0.90625,0.0,0.0,0.0,0.0,0.0,0.0,0.0,0.0,0.0
5,2,0.0625,0.03125,0.90625,0.0,0.0,0.0,0.0,0.0,0.0,0.0,0.0,0.0
5,2,0.0625,0.03125,0.90625,0.0,0.0,0.0,0.0,0.0,0.0,0.0,0.0,0.0
5,2,0.0625,0.03125,0.90625,0.0,0.0,0.0,0.0,0.0,0.0,0.0,0.0,0.0
5,2,0.0625,0.03125,0.90625,0.0,0.0,0.0,0.0,0.0,0.0,0.0,0.0,0.0
5,2,0.0625,0.03125,0.90625,0.0,0.0,0.0,0.0,0.0,0.0,0.0,0.0,0.0
5,2,0.0625,0.03125,0.90625,0.0,0.0,0.0,0.0,0.0,0.0,0.0,0.0,0.0
5,2,0.0625,0.03125,0.90625,0.0,0.0,0.0,0.0,0.0,0.0,0.0,0.0,0.0
5,2,0.0625,0.03125,0.90625,0.0,0.0,0.0,0.0,0.0,0.0,0.0,0.0,0.0
5,2,0.0625,0.03125,0.90625,0.0,0.0,0.0,0.0,0.0,0.0,0.0,0.0,0.0
5,2,0.0625,0.03125,0.90625,0.0,0.0,0.0,0.0,0.0,0.0,0.0,0.0,0.0
5,2,0.0625,0.03125,0.90625,0.0,0.0,0.0,0.0,0.0,0.0,0.0,0.0,0.0
5,2,0.0625,0.03125,0.90625,0.0,0.0,0.0,0.0,0.0,0.0,0.0,0.0,0.0
5,2,0.0625,0.03125,0.90625,0.0,0.0,0.0,0.0,0.0,0.0,0.0,0.0,0.0
5,2,0.0625,0.03125,0.90625,0.0,0.0,0.0,0.0,0.0,0.0,0.0,0.0,0.0
5,2,0.0625,0.03125,0.90625,0.0,0.0,0.0,0.0,0.0,0.0,0.0,0.0,0.0
5,2,0.0625,0.03125,0.90625,0.0,0.0,0.0,0.0,0.0,0.0,0.0,0.0,0.0
5,2,0.0625,0.03125,0.90625,0.0,0.0,0.0,0.0,0.0,0.0,0.0,0.0,0.0
5,2,0.0625,0.03125,0.90625,0.0,0.0,0.0,0.0,0.0,0.0,0.0,0.0,0.0
5,2,0.0625,0.03125,0.90625,0.0,0.0,0.0,0.0,0.0,0.0,0.0,0.0,0.0
5,2,0.0625,0.03125,0.90625,0.0,0.0,0.0,0.0,0.0,0.0,0.0,0.0,0.0
5,2,0.0625,0.03125,0.90625,0.0,0.0,0.0,0.0,0.0,0.0,0.0,0.0,0.0
5,2,0.0625,0.03125,0.90625,0.0,0.0,0.0,0.0,0.0,0.0,0.0,0.0,0.0
5,2,0.0625,0.03125,0.90625,0.0,0.0,0.0,0.0,0.0,0.0,0.0,0.0,0.0
5,2,0.0625,0.03125,0.90625,0.0,0.0,0.0,0.0,0.0,0.0,0.0,0.0,0.0
5,2,0.0625,0.03125,0.90625,0.0,0.0,0.0,0.0,0.0,0.0,0.0,0.0,0.0
5,2,0.0625,0.03125,0.90625,0.0,0.0,0.0,0.0,0.0,0.0,0.0,0.0,0.0
5,2,0.0625,0.03125,0.90625,0.0,0.0,0.0,0.0,0.0,0.0,0.0,0.0,0.0
5,2,0.0625,0.03125,0.90625,0.0,0.0,0.0,0.0,0.0,0.0,0.0,0.0,0.0
5,2,0.0625,0.03125,0.90625,0.0,0.0,0.0,0.0,0.0,0.0,0.0,0.0,0.0
5,2,0.0625,0.03125,0.90625,0.0,0.0,0.0,0.0,0.0,0.0,0.0,0.0,0.0
5,2,0.0625,0.03125,0.90625,0.0,0.0,0.0,0.0,0.0,0.0,0.0,0.0,0.0
5,2,0.0625,0.03125,0.90625,0.0,0.0,0.0,0.0,0.0,0.0,0.0,0.0,0.0
5,2,0.0625,0.03125,0.90625,0.0,0.0,0.0,0.0,0.0,0.0,0.0,0.0,0.0
5,2,0.046875,0.03125,0.90625,0.0,0.0,0.0,0.0,0.0,0.0,0.0,0.015625,0.0
5,2,0.046875,0.03125,0.90625,0.0,0.0,0.0,0.0,0.0,0.0,0.0,0.015625,0.0
5,2,0.046875,0.03125,0.90625,0.0,0.0,0.0,0.0,0.0,0.0,0.0,0.015625,0.0
5,2,0.046875,0.03125,0.90625,0.0,0.0,0.0,0.0,0.0,0.0,0.0,0.015625,0.0
5,2,0.046875,0.03125,0.90625,0.0,0.0,0.0,0.0,0.0,0.0,0.0,0.015625,0.0
5,2,0.046875,0.03125,0.90625,0.0,0.0,0.0,0.0,0.0,0.0,0.0,0.015625,0.0
5,2,0.046875,0.03125,0.90625,0.0,0.0,0.0,0.0,0.0,0.0,0.0,0.015625,0.0
5,2,0.046875,0.03125,0.90625,0.0,0.0,0.0,0.0,0.0,0.0,0.0,0.015625,0.0
5,2,0.046875,0.03125,0.90625,0.0,0.0,0.0,0.0,0.0,0.0,0.0,0.015625,0.0
5,2,0.046875,0.03125,0.90625,0.0,0.0,0.0,0.0,0.0,0.0,0.0,0.015625,0.0
5,2,0.046875,0.03125,0.90625,0.0,0.0,0.0,0.0,0.0,0.0,0.0,0.015625,0.0
5,2,0.046875,0.03125,0.90625,0.0,0.0,0.0,0.0,0.0,0.0,0.0,0.015625,0.0
5,2,0.046875,0.03125,0.921875,0.0,0.0,0.0,0.0,0.0,0.0,0.0,0.0,0.0
5,2,0.046875,0.03125,0.921875,0.0,0.0,0.0,0.0,0.0,0.0,0.0,0.0,0.0
5,2,0.046875,0.03125,0.921875,0.0,0.0,0.0,0.0,0.0,0.0,0.0,0.0,0.0
5,2,0.046875,0.03125,0.921875,0.0,0.0,0.0,0.0,0.0,0.0,0.0,0.0,0.0
5,2,0.046875,0.03125,0.921875,0.0,0.0,0.0,0.0,0.0,0.0,0.0,0.0,0.0
5,2,0.046875,0.03125,0.921875,0.0,0.0,0.0,0.0,0.0,0.0,0.0,0.0,0.0
5,2,0.046875,0.03125,0.921875,0.0,0.0,0.0,0.0,0.0,0.0,0.0,0.0,0.0
5,2,0.046875,0.03125,0.921875,0.0,0.0,0.0,0.0,0.0,0.0,0.0,0.0,0.0
5,2,0.046875,0.03125,0.921875,0.0,0.0,0.0,0.0,0.0,0.0,0.0,0.0,0.0
5,2,0.046875,0.03125,0.921875,0.0,0.0,0.0,0.0,0.0,0.0,0.0,0.0,0.0
5,2,0.046875,0.03125,0.921875,0.0,0.0,0.0,0.0,0.0,0.0,0.0,0.0,0.0
5,2,0.046875,0.03125,0.921875,0.0,0.0,0.0,0.0,0.0,0.0,0.0,0.0,0.0
5,2,0.046875,0.03125,0.921875,0.0,0.0,0.0,0.0,0.0,0.0,0.0,0.0,0.0
5,2,0.046875,0.03125,0.921875,0.0,0.0,0.0,0.0,0.0,0.0,0.0,0.0,0.0
5,2,0.046875,0.03125,0.921875,0.0,0.0,0.0,0.0,0.0,0.0,0.0,0.0,0.0
5,2,0.046875,0.03125,0.921875,0.0,0.0,0.0,0.0,0.0,0.0,0.0,0.0,0.0
5,2,0.046875,0.03125,0.921875,0.0,0.0,0.0,0.0,0.0,0.0,0.0,0.0,0.0
5,2,0.046875,0.03125,0.921875,0.0,0.0,0.0,0.0,0.0,0.0,0.0,0.0,0.0
5,2,0.046875,0.03125,0.921875,0.0,0.0,0.0,0.0,0.0,0.0,0.0,0.0,0.0
5,2,0.046875,0.03125,0.921875,0.0,0.0,0.0,0.0,0.0,0.0,0.0,0.0,0.0
5,2,0.046875,0.03125,0.90625,0.0,0.0,0.0,0.0,0.0,0.0,0.0,0.015625,0.0
5,2,0.046875,0.03125,0.90625,0.0,0.0,0.0,0.0,0.0,0.0,0.0,0.015625,0.0
5,2,0.046875,0.03125,0.90625,0.0,0.0,0.0,0.0,0.0,0.0,0.0,0.015625,0.0
5,2,0.046875,0.03125,0.90625,0.0,0.0,0.0,0.0,0.0,0.0,0.0,0.015625,0.0
5,2,0.046875,0.03125,0.890625,0.0,0.0,0.0,0.0,0.0,0.0,0.0,0.03125,0.0
5,2,0.046875,0.03125,0.890625,0.0,0.0,0.0,0.0,0.0,0.0,0.0,0.03125,0.0
5,2,0.046875,0.03125,0.890625,0.0,0.0,0.0,0.0,0.0,0.0,0.0,0.03125,0.0
5,2,0.046875,0.03125,0.890625,0.0,0.0,0.0,0.0,0.0,0.0,0.0,0.03125,0.0
5,2,0.046875,0.03125,0.890625,0.0,0.0,0.0,0.0,0.0,0.0,0.0,0.03125,0.0
5,2,0.046875,0.03125,0.890625,0.0,0.0,0.0,0.0,0.0,0.0,0.0,0.03125,0.0
5,2,0.046875,0.03125,0.890625,0.0,0.0,0.0,0.0,0.0,0.0,0.0,0.03125,0.0
5,2,0.046875,0.03125,0.890625,0.0,0.0,0.0,0.0,0.0,0.0,0.0,0.03125,0.0
5,2,0.046875,0.03125,0.890625,0.0,0.0,0.0,0.0,0.0,0.0,0.0,0.03125,0.0
5,2,0.046875,0.03125,0.890625,0.0,0.0,0.0,0.0,0.0,0.0,0.0,0.03125,0.0
5,2,0.046875,0.03125,0.890625,0.0,0.0,0.0,0.0,0.0,0.0,0.0,0.03125,0.0
5,2,0.046875,0.03125,0.890625,0.0,0.0,0.0,0.0,0.0,0.0,0.0,0.03125,0.0
5,2,0.046875,0.03125,0.90625,0.0,0.0,0.0,0.0,0.0,0.0,0.0,0.015625,0.0
5,2,0.046875,0.03125,0.90625,0.0,0.0,0.0,0.0,0.0,0.0,0.0,0.015625,0.0
5,2,0.046875,0.03125,0.90625,0.0,0.0,0.0,0.0,0.0,0.0,0.0,0.015625,0.0
5,2,0.046875,0.03125,0.90625,0.0,0.0,0.0,0.0,0.0,0.0,0.0,0.015625,0.0
5,2,0.046875,0.03125,0.90625,0.0,0.0,0.0,0.0,0.0,0.0,0.0,0.015625,0.0
5,2,0.046875,0.03125,0.90625,0.0,0.0,0.0,0.0,0.0,0.0,0.0,0.015625,0.0
5,2,0.046875,0.03125,0.90625,0.0,0.0,0.0,0.0,0.0,0.0,0.0,0.015625,0.0
5,2,0.046875,0.03125,0.90625,0.0,0.0,0.0,0.0,0.0,0.0,0.0,0.015625,0.0
5,2,0.046875,0.03125,0.90625,0.0,0.0,0.0,0.0,0.0,0.0,0.0,0.015625,0.0
5,2,0.046875,0.03125,0.90625,0.0,0.0,0.0,0.0,0.0,0.0,0.0,0.015625,0.0
5,2,0.046875,0.03125,0.90625,0.0,0.0,0.0,0.0,0.0,0.0,0.0,0.015625,0.0
5,2,0.046875,0.03125,0.90625,0.0,0.0,0.0,0.0,0.0,0.0,0.0,0.015625,0.0
5,2,0.046875,0.03125,0.90625,0.0,0.0,0.0,0.0,0.0,0.0,0.0,0.015625,0.0
5,2,0.046875,0.03125,0.90625,0.0,0.0,0.0,0.0,0.0,0.0,0.0,0.015625,0.0
5,2,0.046875,0.03125,0.90625,0.0,0.0,0.0,0.0,0.0,0.0,0.0,0.015625,0.0
5,2,0.046875,0.03125,0.90625,0.0,0.0,0.0,0.0,0.0,0.0,0.0,0.015625,0.0
5,2,0.046875,0.03125,0.90625,0.0,0.0,0.0,0.0,0.0,0.0,0.0,0.015625,0.0
5,2,0.046875,0.03125,0.90625,0.0,0.0,0.0,0.0,0.0,0.0,0.0,0.015625,0.0
5,2,0.046875,0.03125,0.90625,0.0,0.0,0.0,0.0,0.0,0.0,0.0,0.015625,0.0
5,2,0.046875,0.03125,0.90625,0.0,0.0,0.0,0.0,0.0,0.0,0.0,0.015625,0.0
5,2,0.046875,0.03125,0.90625,0.0,0.0,0.0,0.0,0.0,0.0,0.0,0.015625,0.0
5,2,0.046875,0.03125,0.90625,0.0,0.0,0.0,0.0,0.0,0.0,0.0,0.015625,0.0
5,2,0.046875,0.03125,0.90625,0.0,0.0,0.0,0.0,0.0,0.0,0.0,0.015625,0.0
5,2,0.046875,0.03125,0.90625,0.0,0.0,0.0,0.0,0.0,0.0,0.0,0.015625,0.0
5,2,0.046875,0.03125,0.90625,0.0,0.0,0.0,0.0,0.0,0.0,0.0,0.015625,0.0
5,2,0.046875,0.03125,0.90625,0.0,0.0,0.0,0.0,0.0,0.0,0.0,0.015625,0.0
5,2,0.046875,0.03125,0.90625,0.0,0.0,0.0,0.0,0.0,0.0,0.0,0.015625,0.0
5,2,0.046875,0.03125,0.90625,0.0,0.0,0.0,0.0,0.0,0.0,0.0,0.015625,0.0
5,2,0.046875,0.03125,0.90625,0.0,0.0,0.0,0.0,0.0,0.0,0.0,0.015625,0.0
5,2,0.046875,0.03125,0.90625,0.0,0.0,0.0,0.0,0.0,0.0,0.0,0.015625,0.0
5,2,0.046875,0.03125,0.90625,0.0,0.0,0.0,0.0,0.0,0.0,0.0,0.015625,0.0
5,2,0.046875,0.03125,0.90625,0.0,0.0,0.0,0.0,0.0,0.0,0.0,0.015625,0.0
5,2,0.046875,0.03125,0.90625,0.0,0.0,0.0,0.0,0.0,0.0,0.0,0.015625,0.0
5,2,0.046875,0.03125,0.90625,0.0,0.0,0.0,0.0,0.0,0.0,0.0,0.015625,0.0
5,2,0.046875,0.03125,0.90625,0.0,0.0,0.0,0.0,0.0,0.0,0.0,0.015625,0.0
5,2,0.046875,0.03125,0.90625,0.0,0.0,0.0,0.0,0.0,0.0,0.0,0.015625,0.0
5,2,0.046875,0.03125,0.90625,0.0,0.0,0.0,0.0,0.0,0.0,0.0,0.015625,0.0
5,2,0.046875,0.03125,0.90625,0.0,0.0,0.0,0.0,0.0,0.0,0.0,0.015625,0.0
5,2,0.046875,0.03125,0.90625,0.0,0.0,0.0,0.0,0.0,0.0,0.0,0.015625,0.0
5,2,0.046875,0.03125,0.90625,0.0,0.0,0.0,0.0,0.0,0.0,0.0,0.015625,0.0
5,2,0.046875,0.03125,0.90625,0.0,0.0,0.0,0.0,0.0,0.0,0.0,0.015625,0.0
5,2,0.046875,0.03125,0.90625,0.0,0.0,0.0,0.0,0.0,0.0,0.0,0.015625,0.0
5,2,0.046875,0.03125,0.90625,0.0,0.0,0.0,0.0,0.0,0.0,0.0,0.015625,0.0
5,2,0.046875,0.03125,0.90625,0.0,0.0,0.0,0.0,0.0,0.0,0.0,0.015625,0.0
5,2,0.046875,0.03125,0.90625,0.0,0.0,0.0,0.0,0.0,0.0,0.0,0.015625,0.0
5,2,0.046875,0.03125,0.90625,0.0,0.0,0.0,0.0,0.0,0.0,0.0,0.015625,0.0
5,2,0.046875,0.03125,0.90625,0.0,0.0,0.0,0.0,0.0,0.0,0.0,0.015625,0.0
5,2,0.046875,0.03125,0.90625,0.0,0.0,0.0,0.0,0.0,0.0,0.0,0.015625,0.0
5,2,0.046875,0.03125,0.90625,0.0,0.0,0.0,0.0,0.0,0.0,0.0,0.015625,0.0
5,2,0.046875,0.03125,0.90625,0.0,0.0,0.0,0.0,0.0,0.0,0.0,0.015625,0.0
5,2,0.046875,0.03125,0.90625,0.0,0.0,0.0,0.0,0.0,0.0,0.0,0.015625,0.0
5,2,0.046875,0.03125,0.90625,0.0,0.0,0.0,0.0,0.0,0.0,0.0,0.015625,0.0
5,2,0.046875,0.03125,0.90625,0.0,0.0,0.0,0.0,0.0,0.0,0.0,0.015625,0.0
5,2,0.046875,0.03125,0.90625,0.0,0.0,0.0,0.0,0.0,0.0,0.0,0.015625,0.0
5,2,0.046875,0.03125,0.90625,0.0,0.0,0.0,0.0,0.0,0.0,0.0,0.015625,0.0
5,2,0.046875,0.03125,0.90625,0.0,0.0,0.0,0.0,0.0,0.0,0.0,0.015625,0.0
5,2,0.046875,0.03125,0.90625,0.0,0.0,0.0,0.0,0.0,0.0,0.0,0.015625,0.0
5,2,0.046875,0.03125,0.90625,0.0,0.0,0.0,0.0,0.0,0.0,0.0,0.015625,0.0
5,2,0.046875,0.03125,0.90625,0.0,0.0,0.0,0.0,0.0,0.0,0.0,0.015625,0.0
5,2,0.046875,0.03125,0.90625,0.0,0.0,0.0,0.0,0.0,0.0,0.0,0.015625,0.0
5,2,0.046875,0.03125,0.90625,0.0,0.0,0.0,0.0,0.0,0.0,0.0,0.015625,0.0
5,2,0.046875,0.03125,0.90625,0.0,0.0,0.0,0.0,0.0,0.0,0.0,0.015625,0.0
5,2,0.046875,0.03125,0.90625,0.0,0.0,0.0,0.0,0.0,0.0,0.0,0.015625,0.0
5,2,0.046875,0.03125,0.90625,0.0,0.0,0.0,0.0,0.0,0.0,0.0,0.015625,0.0
5,2,0.046875,0.03125,0.90625,0.0,0.0,0.0,0.0,0.0,0.0,0.0,0.015625,0.0
5,2,0.046875,0.03125,0.90625,0.0,0.0,0.0,0.0,0.0,0.0,0.0,0.015625,0.0
5,2,0.046875,0.03125,0.90625,0.0,0.0,0.0,0.0,0.0,0.0,0.0,0.015625,0.0
5,2,0.046875,0.03125,0.90625,0.0,0.0,0.0,0.0,0.0,0.0,0.0,0.015625,0.0
5,2,0.046875,0.03125,0.90625,0.0,0.0,0.0,0.0,0.0,0.0,0.0,0.015625,0.0
5,2,0.046875,0.03125,0.90625,0.0,0.0,0.0,0.0,0.0,0.0,0.0,0.015625,0.0
5,2,0.046875,0.03125,0.90625,0.0,0.0,0.0,0.0,0.0,0.0,0.0,0.015625,0.0
5,2,0.046875,0.03125,0.90625,0.0,0.0,0.0,0.0,0.0,0.0,0.0,0.015625,0.0
5,2,0.046875,0.03125,0.90625,0.0,0.0,0.0,0.0,0.0,0.0,0.0,0.015625,0.0
5,2,0.046875,0.03125,0.90625,0.0,0.0,0.0,0.0,0.0,0.0,0.0,0.015625,0.0
5,2,0.046875,0.03125,0.90625,0.0,0.0,0.0,0.0,0.0,0.0,0.0,0.015625,0.0
5,2,0.046875,0.03125,0.90625,0.0,0.0,0.0,0.0,0.0,0.0,0.0,0.015625,0.0
5,2,0.046875,0.03125,0.90625,0.0,0.0,0.0,0.0,0.0,0.0,0.0,0.015625,0.0
5,2,0.046875,0.03125,0.90625,0.0,0.0,0.0,0.0,0.0,0.0,0.0,0.015625,0.0
5,2,0.046875,0.03125,0.90625,0.0,0.0,0.0,0.0,0.0,0.0,0.0,0.015625,0.0
5,2,0.046875,0.03125,0.90625,0.0,0.0,0.0,0.0,0.0,0.0,0.0,0.015625,0.0
5,2,0.046875,0.03125,0.90625,0.0,0.0,0.0,0.0,0.0,0.0,0.0,0.015625,0.0
5,2,0.046875,0.03125,0.90625,0.0,0.0,0.0,0.0,0.0,0.0,0.0,0.015625,0.0
5,2,0.046875,0.03125,0.90625,0.0,0.0,0.0,0.0,0.0,0.0,0.0,0.015625,0.0
5,2,0.046875,0.03125,0.90625,0.0,0.0,0.0,0.0,0.0,0.0,0.0,0.015625,0.0
5,2,0.046875,0.03125,0.90625,0.0,0.0,0.0,0.0,0.0,0.0,0.0,0.015625,0.0
5,2,0.046875,0.03125,0.90625,0.0,0.0,0.0,0.0,0.0,0.0,0.0,0.015625,0.0
5,2,0.046875,0.03125,0.90625,0.0,0.0,0.0,0.0,0.0,0.0,0.0,0.015625,0.0
5,2,0.046875,0.03125,0.90625,0.0,0.0,0.0,0.0,0.0,0.0,0.0,0.015625,0.0
5,2,0.046875,0.03125,0.90625,0.0,0.0,0.0,0.0,0.0,0.0,0.0,0.015625,0.0
5,2,0.046875,0.03125,0.90625,0.0,0.0,0.0,0.0,0.0,0.0,0.0,0.015625,0.0
5,2,0.046875,0.03125,0.90625,0.0,0.0,0.0,0.0,0.0,0.0,0.0,0.015625,0.0
5,2,0.046875,0.03125,0.90625,0.0,0.0,0.0,0.0,0.0,0.0,0.0,0.015625,0.0
5,2,0.046875,0.03125,0.90625,0.0,0.0,0.0,0.0,0.0,0.0,0.0,0.015625,0.0
5,2,0.046875,0.03125,0.90625,0.0,0.0,0.0,0.0,0.0,0.0,0.0,0.015625,0.0
5,2,0.046875,0.03125,0.90625,0.0,0.0,0.0,0.0,0.0,0.0,0.0,0.015625,0.0
5,2,0.046875,0.03125,0.90625,0.0,0.0,0.0,0.0,0.0,0.0,0.0,0.015625,0.0
5,2,0.046875,0.03125,0.90625,0.0,0.0,0.0,0.0,0.0,0.0,0.0,0.015625,0.0
5,2,0.046875,0.03125,0.90625,0.0,0.0,0.0,0.0,0.0,0.0,0.0,0.015625,0.0
5,2,0.046875,0.03125,0.90625,0.0,0.0,0.0,0.0,0.0,0.0,0.0,0.015625,0.0
5,2,0.046875,0.03125,0.90625,0.0,0.0,0.0,0.0,0.0,0.0,0.0,0.015625,0.0
5,2,0.046875,0.03125,0.90625,0.0,0.0,0.0,0.0,0.0,0.0,0.0,0.015625,0.0
5,2,0.046875,0.03125,0.90625,0.0,0.0,0.0,0.0,0.0,0.0,0.0,0.015625,0.0
5,2,0.046875,0.03125,0.90625,0.0,0.0,0.0,0.0,0.0,0.0,0.0,0.015625,0.0
5,2,0.046875,0.03125,0.90625,0.0,0.0,0.0,0.0,0.0,0.0,0.0,0.015625,0.0
5,2,0.046875,0.03125,0.90625,0.0,0.0,0.0,0.0,0.0,0.0,0.0,0.015625,0.0
5,2,0.046875,0.03125,0.90625,0.0,0.0,0.0,0.0,0.0,0.0,0.0,0.015625,0.0
5,2,0.046875,0.03125,0.90625,0.0,0.0,0.0,0.0,0.0,0.0,0.0,0.015625,0.0
5,2,0.046875,0.03125,0.90625,0.0,0.0,0.0,0.0,0.0,0.0,0.0,0.015625,0.0
5,2,0.046875,0.03125,0.90625,0.0,0.0,0.0,0.0,0.0,0.0,0.0,0.015625,0.0
5,2,0.046875,0.03125,0.90625,0.0,0.0,0.0,0.0,0.0,0.0,0.0,0.015625,0.0
5,2,0.046875,0.03125,0.90625,0.0,0.0,0.0,0.0,0.0,0.0,0.0,0.015625,0.0
5,2,0.046875,0.03125,0.90625,0.0,0.0,0.0,0.0,0.0,0.0,0.0,0.015625,0.0
5,2,0.046875,0.03125,0.90625,0.0,0.0,0.0,0.0,0.0,0.0,0.0,0.015625,0.0
5,2,0.046875,0.03125,0.90625,0.0,0.0,0.0,0.0,0.0,0.0,0.0,0.015625,0.0
5,2,0.046875,0.03125,0.90625,0.0,0.0,0.0,0.0,0.0,0.0,0.0,0.015625,0.0
5,2,0.046875,0.03125,0.90625,0.0,0.0,0.0,0.0,0.0,0.0,0.0,0.015625,0.0
5,2,0.046875,0.03125,0.90625,0.0,0.0,0.0,0.0,0.0,0.0,0.0,0.015625,0.0
5,2,0.046875,0.03125,0.90625,0.0,0.0,0.0,0.0,0.0,0.0,0.0,0.015625,0.0
5,2,0.046875,0.03125,0.90625,0.0,0.0,0.0,0.0,0.0,0.0,0.0,0.015625,0.0
5,2,0.046875,0.03125,0.90625,0.0,0.0,0.0,0.0,0.0,0.0,0.0,0.015625,0.0
5,2,0.046875,0.03125,0.90625,0.0,0.0,0.0,0.0,0.0,0.0,0.0,0.015625,0.0
5,2,0.046875,0.03125,0.90625,0.0,0.0,0.0,0.0,0.0,0.0,0.0,0.015625,0.0
5,2,0.046875,0.03125,0.90625,0.0,0.0,0.0,0.0,0.0,0.0,0.0,0.015625,0.0
5,2,0.046875,0.03125,0.90625,0.0,0.0,0.0,0.0,0.0,0.0,0.0,0.015625,0.0
5,2,0.046875,0.03125,0.90625,0.0,0.0,0.0,0.0,0.0,0.0,0.0,0.015625,0.0
5,2,0.046875,0.03125,0.90625,0.0,0.0,0.0,0.0,0.0,0.0,0.0,0.015625,0.0
5,2,0.046875,0.03125,0.90625,0.0,0.0,0.0,0.0,0.0,0.0,0.0,0.015625,0.0
5,2,0.046875,0.03125,0.90625,0.0,0.0,0.0,0.0,0.0,0.0,0.0,0.015625,0.0
5,2,0.046875,0.03125,0.90625,0.0,0.0,0.0,0.0,0.0,0.0,0.0,0.015625,0.0
5,2,0.046875,0.03125,0.90625,0.0,0.0,0.0,0.0,0.0,0.0,0.0,0.015625,0.0
5,2,0.046875,0.03125,0.90625,0.0,0.0,0.0,0.0,0.0,0.0,0.0,0.015625,0.0
5,2,0.046875,0.03125,0.90625,0.0,0.0,0.0,0.0,0.0,0.0,0.0,0.015625,0.0
5,2,0.046875,0.03125,0.90625,0.0,0.0,0.0,0.0,0.0,0.0,0.0,0.015625,0.0
5,2,0.046875,0.03125,0.90625,0.0,0.0,0.0,0.0,0.0,0.0,0.0,0.015625,0.0
5,2,0.046875,0.03125,0.90625,0.0,0.0,0.0,0.0,0.0,0.0,0.0,0.015625,0.0
5,2,0.046875,0.03125,0.90625,0.0,0.0,0.0,0.0,0.0,0.0,0.0,0.015625,0.0
5,2,0.046875,0.03125,0.90625,0.0,0.0,0.0,0.0,0.0,0.0,0.0,0.015625,0.0
5,2,0.046875,0.03125,0.90625,0.0,0.0,0.0,0.0,0.0,0.0,0.0,0.015625,0.0
5,2,0.046875,0.03125,0.90625,0.0,0.0,0.0,0.0,0.0,0.0,0.0,0.015625,0.0
5,2,0.046875,0.03125,0.90625,0.0,0.0,0.0,0.0,0.0,0.0,0.0,0.015625,0.0
5,2,0.046875,0.03125,0.90625,0.0,0.0,0.0,0.0,0.0,0.0,0.0,0.015625,0.0
5,2,0.046875,0.03125,0.90625,0.0,0.0,0.0,0.0,0.0,0.0,0.0,0.015625,0.0
5,2,0.046875,0.03125,0.90625,0.0,0.0,0.0,0.0,0.0,0.0,0.0,0.015625,0.0
5,2,0.046875,0.03125,0.90625,0.0,0.0,0.0,0.0,0.0,0.0,0.0,0.015625,0.0
5,2,0.046875,0.03125,0.90625,0.0,0.0,0.0,0.0,0.0,0.0,0.0,0.015625,0.0
5,2,0.046875,0.03125,0.90625,0.0,0.0,0.0,0.0,0.0,0.0,0.0,0.015625,0.0
5,2,0.046875,0.03125,0.90625,0.0,0.0,0.0,0.0,0.0,0.0,0.0,0.015625,0.0
5,2,0.046875,0.03125,0.90625,0.0,0.0,0.0,0.0,0.0,0.0,0.0,0.015625,0.0
5,2,0.046875,0.03125,0.90625,0.0,0.0,0.0,0.0,0.0,0.0,0.0,0.015625,0.0
5,2,0.046875,0.03125,0.90625,0.0,0.0,0.0,0.0,0.0,0.0,0.0,0.015625,0.0
5,2,0.046875,0.03125,0.90625,0.0,0.0,0.0,0.0,0.0,0.0,0.0,0.015625,0.0
5,2,0.046875,0.03125,0.90625,0.0,0.0,0.0,0.0,0.0,0.0,0.0,0.015625,0.0
5,2,0.046875,0.03125,0.90625,0.0,0.0,0.0,0.0,0.0,0.0,0.0,0.015625,0.0
5,2,0.046875,0.03125,0.90625,0.0,0.0,0.0,0.0,0.0,0.0,0.0,0.015625,0.0
5,2,0.046875,0.03125,0.90625,0.0,0.0,0.0,0.0,0.0,0.0,0.0,0.015625,0.0
5,2,0.046875,0.03125,0.90625,0.0,0.0,0.0,0.0,0.0,0.0,0.0,0.015625,0.0
5,2,0.046875,0.03125,0.90625,0.0,0.0,0.0,0.0,0.0,0.0,0.0,0.015625,0.0
5,2,0.046875,0.03125,0.90625,0.0,0.0,0.0,0.0,0.0,0.0,0.0,0.015625,0.0
5,2,0.046875,0.03125,0.90625,0.0,0.0,0.0,0.0,0.0,0.0,0.0,0.015625,0.0
5,2,0.046875,0.03125,0.90625,0.0,0.0,0.0,0.0,0.0,0.0,0.0,0.015625,0.0
5,2,0.046875,0.03125,0.90625,0.0,0.0,0.0,0.0,0.0,0.0,0.0,0.015625,0.0
5,2,0.046875,0.03125,0.90625,0.0,0.0,0.0,0.0,0.0,0.0,0.0,0.015625,0.0
5,2,0.046875,0.03125,0.90625,0.0,0.0,0.0,0.0,0.0,0.0,0.0,0.015625,0.0
5,2,0.046875,0.03125,0.90625,0.0,0.0,0.0,0.0,0.0,0.0,0.0,0.015625,0.0
5,2,0.046875,0.03125,0.90625,0.0,0.0,0.0,0.0,0.0,0.0,0.0,0.015625,0.0
5,2,0.046875,0.03125,0.90625,0.0,0.0,0.0,0.0,0.0,0.0,0.0,0.015625,0.0
5,2,0.046875,0.03125,0.90625,0.0,0.0,0.0,0.0,0.0,0.0,0.0,0.015625,0.0
5,2,0.046875,0.03125,0.90625,0.0,0.0,0.0,0.0,0.0,0.0,0.0,0.015625,0.0
5,2,0.046875,0.03125,0.90625,0.0,0.0,0.0,0.0,0.0,0.0,0.0,0.015625,0.0
5,2,0.046875,0.03125,0.90625,0.0,0.0,0.0,0.0,0.0,0.0,0.0,0.015625,0.0
5,2,0.046875,0.03125,0.90625,0.0,0.0,0.0,0.0,0.0,0.0,0.0,0.015625,0.0
5,2,0.046875,0.03125,0.90625,0.0,0.0,0.0,0.0,0.0,0.0,0.0,0.015625,0.0
5,2,0.046875,0.03125,0.90625,0.0,0.0,0.0,0.0,0.0,0.0,0.0,0.015625,0.0
5,2,0.046875,0.03125,0.90625,0.0,0.0,0.0,0.0,0.0,0.0,0.0,0.015625,0.0
5,2,0.046875,0.03125,0.90625,0.0,0.0,0.0,0.0,0.0,0.0,0.0,0.015625,0.0
5,2,0.046875,0.03125,0.90625,0.0,0.0,0.0,0.0,0.0,0.0,0.0,0.015625,0.0
5,2,0.046875,0.03125,0.90625,0.0,0.0,0.0,0.0,0.0,0.0,0.0,0.015625,0.0
5,2,0.046875,0.03125,0.90625,0.0,0.0,0.0,0.0,0.0,0.0,0.0,0.015625,0.0
5,2,0.046875,0.03125,0.90625,0.0,0.0,0.0,0.0,0.0,0.0,0.0,0.015625,0.0
5,2,0.046875,0.03125,0.90625,0.0,0.0,0.0,0.0,0.0,0.0,0.0,0.015625,0.0
5,2,0.046875,0.03125,0.90625,0.0,0.0,0.0,0.0,0.0,0.0,0.0,0.015625,0.0
5,2,0.046875,0.03125,0.90625,0.0,0.0,0.0,0.0,0.0,0.0,0.0,0.015625,0.0
5,2,0.046875,0.03125,0.90625,0.0,0.0,0.0,0.0,0.0,0.0,0.0,0.015625,0.0
5,2,0.046875,0.03125,0.90625,0.0,0.0,0.0,0.0,0.0,0.0,0.0,0.015625,0.0
5,2,0.046875,0.03125,0.90625,0.0,0.0,0.0,0.0,0.0,0.0,0.0,0.015625,0.0
5,2,0.046875,0.03125,0.90625,0.0,0.0,0.0,0.0,0.0,0.0,0.0,0.015625,0.0
5,2,0.046875,0.03125,0.90625,0.0,0.0,0.0,0.0,0.0,0.0,0.0,0.015625,0.0
5,2,0.046875,0.03125,0.90625,0.0,0.0,0.0,0.0,0.0,0.0,0.0,0.015625,0.0
5,2,0.046875,0.03125,0.90625,0.0,0.0,0.0,0.0,0.0,0.0,0.0,0.015625,0.0
5,2,0.046875,0.03125,0.90625,0.0,0.0,0.0,0.0,0.0,0.0,0.0,0.015625,0.0
5,2,0.046875,0.03125,0.90625,0.0,0.0,0.0,0.0,0.0,0.0,0.0,0.015625,0.0
5,2,0.046875,0.03125,0.90625,0.0,0.0,0.0,0.0,0.0,0.0,0.0,0.015625,0.0
5,2,0.046875,0.03125,0.90625,0.0,0.0,0.0,0.0,0.0,0.0,0.0,0.015625,0.0
5,2,0.046875,0.03125,0.90625,0.0,0.0,0.0,0.0,0.0,0.0,0.0,0.015625,0.0
5,2,0.046875,0.03125,0.90625,0.0,0.0,0.0,0.0,0.0,0.0,0.0,0.015625,0.0
5,2,0.046875,0.03125,0.90625,0.0,0.0,0.0,0.0,0.0,0.0,0.0,0.015625,0.0
5,2,0.046875,0.03125,0.90625,0.0,0.0,0.0,0.0,0.0,0.0,0.0,0.015625,0.0
5,2,0.046875,0.03125,0.90625,0.0,0.0,0.0,0.0,0.0,0.0,0.0,0.015625,0.0
5,2,0.046875,0.03125,0.90625,0.0,0.0,0.0,0.0,0.0,0.0,0.0,0.015625,0.0
5,2,0.046875,0.03125,0.90625,0.0,0.0,0.0,0.0,0.0,0.0,0.0,0.015625,0.0
5,2,0.046875,0.03125,0.90625,0.0,0.0,0.0,0.0,0.0,0.0,0.0,0.015625,0.0
5,2,0.046875,0.03125,0.90625,0.0,0.0,0.0,0.0,0.0,0.0,0.0,0.015625,0.0
5,2,0.046875,0.03125,0.90625,0.0,0.0,0.0,0.0,0.0,0.0,0.0,0.015625,0.0
5,2,0.046875,0.03125,0.90625,0.0,0.0,0.0,0.0,0.0,0.0,0.0,0.015625,0.0
5,2,0.046875,0.03125,0.90625,0.0,0.0,0.0,0.0,0.0,0.0,0.0,0.015625,0.0
5,2,0.046875,0.03125,0.90625,0.0,0.0,0.0,0.0,0.0,0.0,0.0,0.015625,0.0
5,2,0.046875,0.03125,0.90625,0.0,0.0,0.0,0.0,0.0,0.0,0.0,0.015625,0.0
5,2,0.046875,0.03125,0.90625,0.0,0.0,0.0,0.0,0.0,0.0,0.0,0.015625,0.0
5,2,0.046875,0.03125,0.90625,0.0,0.0,0.0,0.0,0.0,0.0,0.0,0.015625,0.0
5,2,0.046875,0.03125,0.90625,0.0,0.0,0.0,0.0,0.0,0.0,0.0,0.015625,0.0
5,2,0.046875,0.03125,0.90625,0.0,0.0,0.0,0.0,0.0,0.0,0.0,0.015625,0.0
5,2,0.046875,0.03125,0.90625,0.0,0.0,0.0,0.0,0.0,0.0,0.0,0.015625,0.0
5,2,0.046875,0.03125,0.90625,0.0,0.0,0.0,0.0,0.0,0.0,0.0,0.015625,0.0
5,2,0.046875,0.03125,0.90625,0.0,0.0,0.0,0.0,0.0,0.0,0.0,0.015625,0.0
5,2,0.046875,0.03125,0.90625,0.0,0.0,0.0,0.0,0.0,0.0,0.0,0.015625,0.0
5,2,0.046875,0.03125,0.90625,0.0,0.0,0.0,0.0,0.0,0.0,0.0,0.015625,0.0
5,2,0.046875,0.03125,0.90625,0.0,0.0,0.0,0.0,0.0,0.0,0.0,0.015625,0.0
5,2,0.046875,0.03125,0.90625,0.0,0.0,0.0,0.0,0.0,0.0,0.0,0.015625,0.0
5,2,0.046875,0.03125,0.90625,0.0,0.0,0.0,0.0,0.0,0.0,0.0,0.015625,0.0
5,2,0.046875,0.03125,0.90625,0.0,0.0,0.0,0.0,0.0,0.0,0.0,0.015625,0.0
5,2,0.046875,0.03125,0.90625,0.0,0.0,0.0,0.0,0.0,0.0,0.0,0.015625,0.0
5,2,0.046875,0.03125,0.90625,0.0,0.0,0.0,0.0,0.0,0.0,0.0,0.015625,0.0
5,2,0.046875,0.03125,0.90625,0.0,0.0,0.0,0.0,0.0,0.0,0.0,0.015625,0.0
5,2,0.046875,0.03125,0.90625,0.0,0.0,0.0,0.0,0.0,0.0,0.0,0.015625,0.0
5,2,0.046875,0.03125,0.90625,0.0,0.0,0.0,0.0,0.0,0.0,0.0,0.015625,0.0
5,2,0.046875,0.03125,0.90625,0.0,0.0,0.0,0.0,0.0,0.0,0.0,0.015625,0.0
5,2,0.046875,0.03125,0.90625,0.0,0.0,0.0,0.0,0.0,0.0,0.0,0.015625,0.0
5,2,0.046875,0.03125,0.90625,0.0,0.0,0.0,0.0,0.0,0.0,0.0,0.015625,0.0
5,2,0.046875,0.03125,0.90625,0.0,0.0,0.0,0.0,0.0,0.0,0.0,0.015625,0.0
5,2,0.046875,0.03125,0.90625,0.0,0.0,0.0,0.0,0.0,0.0,0.0,0.015625,0.0
5,2,0.046875,0.03125,0.90625,0.0,0.0,0.0,0.0,0.0,0.0,0.0,0.015625,0.0
5,2,0.046875,0.03125,0.90625,0.0,0.0,0.0,0.0,0.0,0.0,0.0,0.015625,0.0
5,2,0.046875,0.03125,0.90625,0.0,0.0,0.0,0.0,0.0,0.0,0.0,0.015625,0.0
5,2,0.046875,0.03125,0.90625,0.0,0.0,0.0,0.0,0.0,0.0,0.0,0.015625,0.0
5,2,0.046875,0.03125,0.90625,0.0,0.0,0.0,0.0,0.0,0.0,0.0,0.015625,0.0
5,2,0.046875,0.03125,0.90625,0.0,0.0,0.0,0.0,0.0,0.0,0.0,0.015625,0.0
5,2,0.046875,0.03125,0.90625,0.0,0.0,0.0,0.0,0.0,0.0,0.0,0.015625,0.0
5,2,0.046875,0.03125,0.90625,0.0,0.0,0.0,0.0,0.0,0.0,0.0,0.015625,0.0
5,2,0.046875,0.03125,0.90625,0.0,0.0,0.0,0.0,0.0,0.0,0.0,0.015625,0.0
5,2,0.046875,0.03125,0.90625,0.0,0.0,0.0,0.0,0.0,0.0,0.0,0.015625,0.0
5,2,0.046875,0.03125,0.90625,0.0,0.0,0.0,0.0,0.0,0.0,0.0,0.015625,0.0
5,2,0.046875,0.03125,0.90625,0.0,0.0,0.0,0.0,0.0,0.0,0.0,0.015625,0.0
5,2,0.046875,0.03125,0.90625,0.0,0.0,0.0,0.0,0.0,0.0,0.0,0.015625,0.0
5,2,0.046875,0.03125,0.90625,0.0,0.0,0.0,0.0,0.0,0.0,0.0,0.015625,0.0
5,2,0.046875,0.03125,0.90625,0.0,0.0,0.0,0.0,0.0,0.0,0.0,0.015625,0.0
5,2,0.046875,0.03125,0.90625,0.0,0.0,0.0,0.0,0.0,0.0,0.0,0.015625,0.0
5,2,0.046875,0.03125,0.90625,0.0,0.0,0.0,0.0,0.0,0.0,0.0,0.015625,0.0
5,2,0.046875,0.03125,0.90625,0.0,0.0,0.0,0.0,0.0,0.0,0.0,0.015625,0.0
5,2,0.046875,0.03125,0.90625,0.0,0.0,0.0,0.0,0.0,0.0,0.0,0.015625,0.0
5,2,0.046875,0.03125,0.90625,0.0,0.0,0.0,0.0,0.0,0.0,0.0,0.015625,0.0
5,2,0.046875,0.03125,0.90625,0.0,0.0,0.0,0.0,0.0,0.0,0.0,0.015625,0.0
5,2,0.046875,0.03125,0.90625,0.0,0.0,0.0,0.0,0.0,0.0,0.0,0.015625,0.0
5,2,0.046875,0.03125,0.90625,0.0,0.0,0.0,0.0,0.0,0.0,0.0,0.015625,0.0
5,2,0.046875,0.03125,0.90625,0.0,0.0,0.0,0.0,0.0,0.0,0.0,0.015625,0.0
5,2,0.046875,0.03125,0.90625,0.0,0.0,0.0,0.0,0.0,0.0,0.0,0.015625,0.0
5,2,0.046875,0.03125,0.90625,0.0,0.0,0.0,0.0,0.0,0.0,0.0,0.015625,0.0
5,2,0.046875,0.03125,0.90625,0.0,0.0,0.0,0.0,0.0,0.0,0.0,0.015625,0.0
5,2,0.046875,0.03125,0.90625,0.0,0.0,0.0,0.0,0.0,0.0,0.0,0.015625,0.0
5,2,0.046875,0.03125,0.90625,0.0,0.0,0.0,0.0,0.0,0.0,0.0,0.015625,0.0
5,2,0.046875,0.03125,0.90625,0.0,0.0,0.0,0.0,0.0,0.0,0.0,0.015625,0.0
5,2,0.046875,0.03125,0.90625,0.0,0.0,0.0,0.0,0.0,0.0,0.0,0.015625,0.0
5,2,0.046875,0.03125,0.90625,0.0,0.0,0.0,0.0,0.0,0.0,0.0,0.015625,0.0
5,2,0.046875,0.03125,0.90625,0.0,0.0,0.0,0.0,0.0,0.0,0.0,0.015625,0.0
5,2,0.046875,0.03125,0.90625,0.0,0.0,0.0,0.0,0.0,0.0,0.0,0.015625,0.0
5,2,0.046875,0.03125,0.90625,0.0,0.0,0.0,0.0,0.0,0.0,0.0,0.015625,0.0
5,2,0.046875,0.03125,0.90625,0.0,0.0,0.0,0.0,0.0,0.0,0.0,0.015625,0.0
5,2,0.046875,0.03125,0.90625,0.0,0.0,0.0,0.0,0.0,0.0,0.0,0.015625,0.0
5,2,0.046875,0.03125,0.90625,0.0,0.0,0.0,0.0,0.0,0.0,0.0,0.015625,0.0
5,2,0.046875,0.03125,0.90625,0.0,0.0,0.0,0.0,0.0,0.0,0.0,0.015625,0.0
5,2,0.046875,0.03125,0.90625,0.0,0.0,0.0,0.0,0.0,0.0,0.0,0.015625,0.0
5,2,0.046875,0.03125,0.90625,0.0,0.0,0.0,0.0,0.0,0.0,0.0,0.015625,0.0
5,2,0.046875,0.03125,0.90625,0.0,0.0,0.0,0.0,0.0,0.0,0.0,0.015625,0.0
5,2,0.046875,0.03125,0.90625,0.0,0.0,0.0,0.0,0.0,0.0,0.0,0.015625,0.0
5,2,0.046875,0.03125,0.90625,0.0,0.0,0.0,0.0,0.0,0.0,0.0,0.015625,0.0
5,2,0.046875,0.03125,0.90625,0.0,0.0,0.0,0.0,0.0,0.0,0.0,0.015625,0.0
5,2,0.046875,0.03125,0.90625,0.0,0.0,0.0,0.0,0.0,0.0,0.0,0.015625,0.0
5,2,0.046875,0.03125,0.90625,0.0,0.0,0.0,0.0,0.0,0.0,0.0,0.015625,0.0
5,2,0.046875,0.03125,0.90625,0.0,0.0,0.0,0.0,0.0,0.0,0.0,0.015625,0.0
5,2,0.046875,0.03125,0.90625,0.0,0.0,0.0,0.0,0.0,0.0,0.0,0.015625,0.0
5,2,0.046875,0.03125,0.90625,0.0,0.0,0.0,0.0,0.0,0.0,0.0,0.015625,0.0
5,2,0.046875,0.03125,0.90625,0.0,0.0,0.0,0.0,0.0,0.0,0.0,0.015625,0.0
5,2,0.046875,0.03125,0.90625,0.0,0.0,0.0,0.0,0.0,0.0,0.0,0.015625,0.0
5,2,0.046875,0.03125,0.90625,0.0,0.0,0.0,0.0,0.0,0.0,0.0,0.015625,0.0
5,2,0.046875,0.03125,0.90625,0.0,0.0,0.0,0.0,0.0,0.0,0.0,0.015625,0.0
5,2,0.046875,0.03125,0.90625,0.0,0.0,0.0,0.0,0.0,0.0,0.0,0.015625,0.0
5,2,0.046875,0.03125,0.90625,0.0,0.0,0.0,0.0,0.0,0.0,0.0,0.015625,0.0
5,2,0.046875,0.03125,0.90625,0.0,0.0,0.0,0.0,0.0,0.0,0.0,0.015625,0.0
5,2,0.046875,0.03125,0.90625,0.0,0.0,0.0,0.0,0.0,0.0,0.0,0.015625,0.0
5,2,0.046875,0.03125,0.90625,0.0,0.0,0.0,0.0,0.0,0.0,0.0,0.015625,0.0
5,2,0.046875,0.03125,0.90625,0.0,0.0,0.0,0.0,0.0,0.0,0.0,0.015625,0.0
5,2,0.046875,0.03125,0.90625,0.0,0.0,0.0,0.0,0.0,0.0,0.0,0.015625,0.0
5,2,0.046875,0.03125,0.90625,0.0,0.0,0.0,0.0,0.0,0.0,0.0,0.015625,0.0
5,2,0.046875,0.03125,0.90625,0.0,0.0,0.0,0.0,0.0,0.0,0.0,0.015625,0.0
5,2,0.046875,0.03125,0.90625,0.0,0.0,0.0,0.0,0.0,0.0,0.0,0.015625,0.0
5,2,0.046875,0.03125,0.90625,0.0,0.0,0.0,0.0,0.0,0.0,0.0,0.015625,0.0
5,2,0.046875,0.03125,0.90625,0.0,0.0,0.0,0.0,0.0,0.0,0.0,0.015625,0.0
5,2,0.046875,0.03125,0.90625,0.0,0.0,0.0,0.0,0.0,0.0,0.0,0.015625,0.0
5,2,0.046875,0.03125,0.90625,0.0,0.0,0.0,0.0,0.0,0.0,0.0,0.015625,0.0
5,2,0.046875,0.03125,0.90625,0.0,0.0,0.0,0.0,0.0,0.0,0.0,0.015625,0.0
5,2,0.046875,0.03125,0.90625,0.0,0.0,0.0,0.0,0.0,0.0,0.0,0.015625,0.0
5,2,0.046875,0.03125,0.90625,0.0,0.0,0.0,0.0,0.0,0.0,0.0,0.015625,0.0
5,2,0.046875,0.03125,0.90625,0.0,0.0,0.0,0.0,0.0,0.0,0.0,0.015625,0.0
5,2,0.046875,0.03125,0.90625,0.0,0.0,0.0,0.0,0.0,0.0,0.0,0.015625,0.0
5,2,0.046875,0.03125,0.90625,0.0,0.0,0.0,0.0,0.0,0.0,0.0,0.015625,0.0
5,2,0.046875,0.03125,0.90625,0.0,0.0,0.0,0.0,0.0,0.0,0.0,0.015625,0.0
5,2,0.046875,0.03125,0.90625,0.0,0.0,0.0,0.0,0.0,0.0,0.0,0.015625,0.0
5,2,0.046875,0.03125,0.90625,0.0,0.0,0.0,0.0,0.0,0.0,0.0,0.015625,0.0
5,2,0.046875,0.03125,0.90625,0.0,0.0,0.0,0.0,0.0,0.0,0.0,0.015625,0.0
5,2,0.046875,0.03125,0.90625,0.0,0.0,0.0,0.0,0.0,0.0,0.0,0.015625,0.0
5,2,0.046875,0.03125,0.90625,0.0,0.0,0.0,0.0,0.0,0.0,0.0,0.015625,0.0
5,2,0.046875,0.03125,0.90625,0.0,0.0,0.0,0.0,0.0,0.0,0.0,0.015625,0.0
5,2,0.046875,0.03125,0.90625,0.0,0.0,0.0,0.0,0.0,0.0,0.0,0.015625,0.0
5,2,0.046875,0.03125,0.90625,0.0,0.0,0.0,0.0,0.0,0.0,0.0,0.015625,0.0
5,2,0.046875,0.03125,0.90625,0.0,0.0,0.0,0.0,0.0,0.0,0.0,0.015625,0.0
5,2,0.046875,0.03125,0.90625,0.0,0.0,0.0,0.0,0.0,0.0,0.0,0.015625,0.0
5,2,0.046875,0.03125,0.90625,0.0,0.0,0.0,0.0,0.0,0.0,0.0,0.015625,0.0
5,2,0.046875,0.03125,0.90625,0.0,0.0,0.0,0.0,0.0,0.0,0.0,0.015625,0.0
5,2,0.046875,0.03125,0.90625,0.0,0.0,0.0,0.0,0.0,0.0,0.0,0.015625,0.0
5,2,0.046875,0.03125,0.90625,0.0,0.0,0.0,0.0,0.0,0.0,0.0,0.015625,0.0
5,2,0.046875,0.03125,0.90625,0.0,0.0,0.0,0.0,0.0,0.0,0.0,0.015625,0.0
5,2,0.046875,0.015625,0.921875,0.0,0.0,0.0,0.0,0.0,0.0,0.0,0.015625,0.0
5,2,0.046875,0.015625,0.921875,0.0,0.0,0.0,0.0,0.0,0.0,0.0,0.015625,0.0
5,2,0.046875,0.015625,0.921875,0.0,0.0,0.0,0.0,0.0,0.0,0.0,0.015625,0.0
5,2,0.046875,0.015625,0.921875,0.0,0.0,0.0,0.0,0.0,0.0,0.0,0.015625,0.0
5,2,0.046875,0.015625,0.921875,0.0,0.0,0.0,0.0,0.0,0.0,0.0,0.015625,0.0
5,2,0.046875,0.015625,0.921875,0.0,0.0,0.0,0.0,0.0,0.0,0.0,0.015625,0.0
5,2,0.046875,0.015625,0.921875,0.0,0.0,0.0,0.0,0.0,0.0,0.0,0.015625,0.0
5,2,0.046875,0.015625,0.921875,0.0,0.0,0.0,0.0,0.0,0.0,0.0,0.015625,0.0
5,2,0.046875,0.015625,0.921875,0.0,0.0,0.0,0.0,0.0,0.0,0.0,0.015625,0.0
5,2,0.046875,0.015625,0.921875,0.0,0.0,0.0,0.0,0.0,0.0,0.0,0.015625,0.0
5,2,0.046875,0.015625,0.921875,0.0,0.0,0.0,0.0,0.0,0.0,0.0,0.015625,0.0
5,2,0.046875,0.015625,0.921875,0.0,0.0,0.0,0.0,0.0,0.0,0.0,0.015625,0.0
5,2,0.046875,0.015625,0.921875,0.0,0.0,0.0,0.0,0.0,0.0,0.0,0.015625,0.0
5,2,0.046875,0.015625,0.921875,0.0,0.0,0.0,0.0,0.0,0.0,0.0,0.015625,0.0
5,2,0.046875,0.015625,0.921875,0.0,0.0,0.0,0.0,0.0,0.0,0.0,0.015625,0.0
5,2,0.046875,0.015625,0.921875,0.0,0.0,0.0,0.0,0.0,0.0,0.0,0.015625,0.0
5,2,0.046875,0.015625,0.921875,0.0,0.0,0.0,0.0,0.0,0.0,0.0,0.015625,0.0
5,2,0.046875,0.015625,0.921875,0.0,0.0,0.0,0.0,0.0,0.0,0.0,0.015625,0.0
5,2,0.046875,0.015625,0.921875,0.0,0.0,0.0,0.0,0.0,0.0,0.0,0.015625,0.0
5,2,0.046875,0.015625,0.921875,0.0,0.0,0.0,0.0,0.0,0.0,0.0,0.015625,0.0
5,2,0.046875,0.015625,0.921875,0.0,0.0,0.0,0.0,0.0,0.0,0.0,0.015625,0.0
5,2,0.046875,0.015625,0.921875,0.0,0.0,0.0,0.0,0.0,0.0,0.0,0.015625,0.0
5,2,0.046875,0.015625,0.921875,0.0,0.0,0.0,0.0,0.0,0.0,0.0,0.015625,0.0
5,2,0.046875,0.015625,0.921875,0.0,0.0,0.0,0.0,0.0,0.0,0.0,0.015625,0.0
5,2,0.046875,0.015625,0.921875,0.0,0.0,0.0,0.0,0.0,0.0,0.0,0.015625,0.0
5,2,0.046875,0.015625,0.921875,0.0,0.0,0.0,0.0,0.0,0.0,0.0,0.015625,0.0
5,2,0.046875,0.015625,0.921875,0.0,0.0,0.0,0.0,0.0,0.0,0.0,0.015625,0.0
5,2,0.046875,0.015625,0.921875,0.0,0.0,0.0,0.0,0.0,0.0,0.0,0.015625,0.0
5,2,0.046875,0.015625,0.890625,0.0,0.0,0.0,0.0,0.0,0.015625,0.0,0.03125,0.0
5,2,0.046875,0.015625,0.890625,0.0,0.0,0.0,0.0,0.0,0.015625,0.0,0.03125,0.0
5,2,0.046875,0.015625,0.890625,0.0,0.0,0.0,0.0,0.0,0.015625,0.0,0.03125,0.0
5,2,0.046875,0.015625,0.890625,0.0,0.0,0.0,0.0,0.0,0.015625,0.0,0.03125,0.0
5,2,0.046875,0.015625,0.890625,0.0,0.0,0.0,0.0,0.0,0.015625,0.0,0.03125,0.0
5,2,0.046875,0.015625,0.890625,0.0,0.0,0.0,0.0,0.0,0.015625,0.0,0.03125,0.0
5,2,0.046875,0.015625,0.890625,0.0,0.0,0.0,0.0,0.0,0.015625,0.0,0.03125,0.0
5,2,0.046875,0.015625,0.890625,0.0,0.0,0.0,0.0,0.0,0.015625,0.0,0.03125,0.0
5,2,0.046875,0.015625,0.890625,0.0,0.0,0.0,0.0,0.0,0.015625,0.0,0.03125,0.0
5,2,0.046875,0.015625,0.890625,0.0,0.0,0.0,0.0,0.0,0.015625,0.0,0.03125,0.0
5,2,0.046875,0.015625,0.890625,0.0,0.0,0.0,0.0,0.0,0.015625,0.0,0.03125,0.0
5,2,0.046875,0.015625,0.890625,0.0,0.0,0.0,0.0,0.0,0.015625,0.0,0.03125,0.0
5,2,0.046875,0.015625,0.890625,0.0,0.0,0.0,0.0,0.0,0.015625,0.0,0.03125,0.0
5,2,0.046875,0.015625,0.890625,0.0,0.0,0.0,0.0,0.0,0.015625,0.0,0.03125,0.0
5,2,0.046875,0.015625,0.890625,0.0,0.0,0.0,0.0,0.0,0.015625,0.0,0.03125,0.0
5,2,0.046875,0.015625,0.890625,0.0,0.0,0.0,0.0,0.0,0.015625,0.0,0.03125,0.0
5,2,0.046875,0.015625,0.890625,0.0,0.0,0.0,0.0,0.0,0.015625,0.0,0.03125,0.0
5,2,0.046875,0.015625,0.890625,0.0,0.0,0.0,0.0,0.0,0.015625,0.0,0.03125,0.0
5,2,0.046875,0.015625,0.890625,0.0,0.0,0.0,0.0,0.0,0.015625,0.0,0.03125,0.0
5,2,0.046875,0.015625,0.890625,0.0,0.0,0.0,0.0,0.0,0.015625,0.0,0.03125,0.0
5,2,0.046875,0.015625,0.890625,0.0,0.0,0.0,0.0,0.0,0.015625,0.0,0.03125,0.0
5,2,0.046875,0.015625,0.890625,0.0,0.0,0.0,0.0,0.0,0.015625,0.0,0.03125,0.0
5,2,0.046875,0.015625,0.890625,0.0,0.0,0.0,0.0,0.0,0.015625,0.0,0.03125,0.0
5,2,0.046875,0.015625,0.890625,0.0,0.0,0.0,0.0,0.0,0.015625,0.0,0.03125,0.0
5,2,0.046875,0.015625,0.890625,0.0,0.0,0.0,0.0,0.0,0.015625,0.0,0.03125,0.0
5,2,0.046875,0.015625,0.890625,0.0,0.0,0.0,0.0,0.0,0.015625,0.0,0.03125,0.0
5,2,0.046875,0.015625,0.890625,0.0,0.0,0.0,0.0,0.0,0.015625,0.0,0.03125,0.0
5,2,0.046875,0.015625,0.890625,0.0,0.0,0.0,0.0,0.0,0.015625,0.0,0.03125,0.0
5,2,0.046875,0.015625,0.890625,0.0,0.0,0.0,0.0,0.0,0.015625,0.0,0.03125,0.0
5,2,0.046875,0.015625,0.890625,0.0,0.0,0.0,0.0,0.0,0.015625,0.0,0.03125,0.0
5,2,0.046875,0.015625,0.875,0.0,0.0,0.0,0.0,0.015625,0.015625,0.0,0.03125,0.0
5,2,0.046875,0.015625,0.875,0.0,0.0,0.0,0.0,0.015625,0.015625,0.0,0.03125,0.0
5,2,0.046875,0.015625,0.875,0.0,0.0,0.0,0.0,0.015625,0.015625,0.0,0.03125,0.0
5,2,0.046875,0.015625,0.875,0.0,0.0,0.0,0.0,0.015625,0.015625,0.0,0.03125,0.0
5,2,0.046875,0.015625,0.875,0.0,0.0,0.0,0.0,0.015625,0.015625,0.0,0.03125,0.0
5,2,0.046875,0.015625,0.875,0.0,0.0,0.0,0.0,0.015625,0.015625,0.0,0.03125,0.0
5,2,0.046875,0.015625,0.875,0.0,0.0,0.0,0.0,0.015625,0.015625,0.0,0.03125,0.0
5,2,0.046875,0.015625,0.875,0.0,0.0,0.0,0.0,0.015625,0.015625,0.0,0.03125,0.0
5,2,0.046875,0.015625,0.875,0.0,0.0,0.0,0.0,0.015625,0.015625,0.0,0.03125,0.0
5,2,0.046875,0.015625,0.875,0.0,0.0,0.0,0.0,0.015625,0.015625,0.0,0.03125,0.0
5,2,0.046875,0.015625,0.875,0.0,0.0,0.0,0.0,0.015625,0.015625,0.0,0.03125,0.0
5,2,0.046875,0.015625,0.875,0.0,0.0,0.0,0.0,0.015625,0.015625,0.0,0.03125,0.0
5,2,0.046875,0.015625,0.875,0.0,0.0,0.0,0.0,0.015625,0.015625,0.0,0.03125,0.0
5,2,0.046875,0.015625,0.875,0.0,0.0,0.0,0.0,0.015625,0.015625,0.0,0.03125,0.0
5,2,0.046875,0.015625,0.875,0.0,0.0,0.0,0.0,0.015625,0.015625,0.0,0.03125,0.0
5,2,0.046875,0.015625,0.875,0.0,0.0,0.0,0.0,0.015625,0.015625,0.0,0.03125,0.0
5,2,0.046875,0.015625,0.875,0.0,0.0,0.0,0.0,0.015625,0.015625,0.0,0.03125,0.0
5,2,0.046875,0.015625,0.875,0.0,0.0,0.0,0.0,0.015625,0.015625,0.0,0.03125,0.0
5,2,0.046875,0.015625,0.875,0.0,0.0,0.0,0.0,0.015625,0.015625,0.0,0.03125,0.0
5,2,0.046875,0.015625,0.875,0.0,0.0,0.0,0.0,0.015625,0.015625,0.0,0.03125,0.0
5,2,0.046875,0.015625,0.875,0.0,0.0,0.0,0.0,0.015625,0.015625,0.0,0.03125,0.0
5,2,0.046875,0.015625,0.875,0.0,0.0,0.0,0.0,0.015625,0.015625,0.0,0.03125,0.0
5,2,0.046875,0.015625,0.875,0.0,0.0,0.0,0.0,0.015625,0.015625,0.0,0.03125,0.0
5,2,0.046875,0.015625,0.875,0.0,0.0,0.0,0.0,0.015625,0.015625,0.0,0.03125,0.0
5,2,0.046875,0.015625,0.875,0.0,0.0,0.0,0.0,0.015625,0.015625,0.0,0.03125,0.0
5,2,0.046875,0.015625,0.875,0.0,0.0,0.0,0.0,0.015625,0.015625,0.0,0.03125,0.0
5,2,0.046875,0.015625,0.875,0.0,0.0,0.0,0.0,0.015625,0.015625,0.0,0.03125,0.0
5,2,0.046875,0.015625,0.875,0.0,0.0,0.0,0.0,0.015625,0.015625,0.0,0.03125,0.0
5,2,0.046875,0.015625,0.875,0.0,0.0,0.0,0.0,0.015625,0.015625,0.0,0.03125,0.0
5,2,0.046875,0.015625,0.875,0.0,0.0,0.0,0.0,0.015625,0.015625,0.0,0.03125,0.0
5,2,0.046875,0.015625,0.875,0.0,0.0,0.0,0.0,0.015625,0.015625,0.0,0.03125,0.0
5,2,0.046875,0.015625,0.875,0.0,0.0,0.0,0.0,0.015625,0.015625,0.0,0.03125,0.0
5,2,0.046875,0.015625,0.875,0.0,0.0,0.0,0.0,0.015625,0.015625,0.0,0.03125,0.0
5,2,0.046875,0.015625,0.875,0.0,0.0,0.0,0.0,0.015625,0.015625,0.0,0.03125,0.0
5,2,0.046875,0.015625,0.875,0.0,0.0,0.0,0.0,0.015625,0.015625,0.0,0.03125,0.0
5,2,0.046875,0.015625,0.875,0.0,0.0,0.0,0.0,0.015625,0.015625,0.0,0.03125,0.0
5,2,0.046875,0.015625,0.875,0.0,0.0,0.0,0.0,0.015625,0.015625,0.0,0.03125,0.0
5,2,0.046875,0.015625,0.875,0.0,0.0,0.0,0.0,0.015625,0.015625,0.0,0.03125,0.0
5,2,0.046875,0.015625,0.875,0.0,0.0,0.0,0.0,0.015625,0.015625,0.0,0.03125,0.0
5,2,0.046875,0.015625,0.875,0.0,0.0,0.0,0.0,0.015625,0.015625,0.0,0.03125,0.0
5,2,0.0625,0.015625,0.875,0.0,0.0,0.0,0.0,0.015625,0.0,0.0,0.03125,0.0
5,2,0.0625,0.015625,0.875,0.0,0.0,0.0,0.0,0.015625,0.0,0.0,0.03125,0.0
5,2,0.0625,0.015625,0.875,0.0,0.0,0.0,0.0,0.015625,0.0,0.0,0.03125,0.0
5,2,0.0625,0.015625,0.875,0.0,0.0,0.0,0.0,0.015625,0.0,0.0,0.03125,0.0
5,2,0.0625,0.015625,0.875,0.0,0.0,0.0,0.0,0.015625,0.0,0.0,0.03125,0.0
5,2,0.0625,0.015625,0.875,0.0,0.0,0.0,0.0,0.015625,0.0,0.0,0.03125,0.0
5,2,0.0625,0.015625,0.875,0.0,0.0,0.0,0.0,0.015625,0.0,0.0,0.03125,0.0
5,2,0.0625,0.015625,0.875,0.0,0.0,0.0,0.0,0.015625,0.0,0.0,0.03125,0.0
5,2,0.0625,0.015625,0.875,0.0,0.0,0.0,0.0,0.015625,0.0,0.0,0.03125,0.0
5,2,0.0625,0.015625,0.875,0.0,0.0,0.0,0.0,0.015625,0.0,0.0,0.03125,0.0
5,2,0.0625,0.015625,0.875,0.0,0.0,0.0,0.0,0.015625,0.0,0.0,0.03125,0.0
5,2,0.0625,0.015625,0.875,0.0,0.0,0.0,0.0,0.015625,0.0,0.0,0.03125,0.0
5,2,0.06349207,0.015873017,0.8730159,0.0,0.0,0.0,0.0,0.015873017,0.0,0.0,0.031746034,0.0
5,2,0.06349207,0.015873017,0.8730159,0.0,0.0,0.0,0.0,0.015873017,0.0,0.0,0.031746034,0.0
5,2,0.07936508,0.06349207,0.82539684,0.0,0.0,0.0,0.0,0.015873017,0.0,0.0,0.015873017,0.0
5,2,0.07936508,0.06349207,0.82539684,0.0,0.0,0.0,0.0,0.015873017,0.0,0.0,0.015873017,0.0
5,2,0.07936508,0.06349207,0.82539684,0.0,0.0,0.0,0.0,0.015873017,0.0,0.0,0.015873017,0.0
5,2,0.07936508,0.06349207,0.82539684,0.0,0.0,0.0,0.0,0.015873017,0.0,0.0,0.015873017,0.0
5,2,0.07936508,0.06349207,0.82539684,0.0,0.0,0.0,0.0,0.015873017,0.0,0.0,0.015873017,0.0
5,2,0.07936508,0.06349207,0.82539684,0.0,0.0,0.0,0.0,0.015873017,0.0,0.0,0.015873017,0.0
5,2,0.07936508,0.06349207,0.82539684,0.0,0.0,0.0,0.0,0.015873017,0.0,0.0,0.015873017,0.0
5,2,0.07936508,0.06349207,0.82539684,0.0,0.0,0.0,0.0,0.015873017,0.0,0.0,0.015873017,0.0
5,2,0.07936508,0.06349207,0.82539684,0.0,0.0,0.0,0.0,0.015873017,0.0,0.0,0.015873017,0.0
5,2,0.07936508,0.06349207,0.82539684,0.0,0.0,0.0,0.0,0.015873017,0.0,0.0,0.015873017,0.0
5,2,0.07936508,0.06349207,0.82539684,0.0,0.0,0.0,0.0,0.015873017,0.0,0.0,0.015873017,0.0
5,2,0.07936508,0.06349207,0.82539684,0.0,0.0,0.0,0.0,0.015873017,0.0,0.0,0.015873017,0.0
5,2,0.07936508,0.06349207,0.82539684,0.0,0.0,0.0,0.0,0.015873017,0.0,0.0,0.015873017,0.0
5,2,0.07936508,0.06349207,0.82539684,0.0,0.0,0.0,0.0,0.015873017,0.0,0.0,0.015873017,0.0
5,2,0.07936508,0.06349207,0.82539684,0.0,0.0,0.0,0.0,0.015873017,0.0,0.0,0.015873017,0.0
5,2,0.07936508,0.06349207,0.82539684,0.0,0.0,0.0,0.0,0.015873017,0.0,0.0,0.015873017,0.0
5,2,0.0952381,0.06349207,0.8095238,0.0,0.0,0.0,0.0,0.015873017,0.0,0.0,0.015873017,0.0
5,2,0.0952381,0.06349207,0.8095238,0.0,0.0,0.0,0.0,0.015873017,0.0,0.0,0.015873017,0.0
5,2,0.0952381,0.06349207,0.8095238,0.0,0.0,0.0,0.0,0.015873017,0.0,0.0,0.015873017,0.0
5,2,0.0952381,0.06349207,0.8095238,0.0,0.0,0.0,0.0,0.015873017,0.0,0.0,0.015873017,0.0
5,2,0.0952381,0.06349207,0.8095238,0.0,0.0,0.0,0.0,0.015873017,0.0,0.0,0.015873017,0.0
5,2,0.0952381,0.06349207,0.8095238,0.0,0.0,0.0,0.0,0.015873017,0.0,0.0,0.015873017,0.0
5,2,0.0952381,0.06349207,0.8095238,0.0,0.0,0.0,0.0,0.015873017,0.0,0.0,0.015873017,0.0
5,2,0.0952381,0.06349207,0.8095238,0.0,0.0,0.0,0.0,0.015873017,0.0,0.0,0.015873017,0.0
5,2,0.09677419,0.06451613,0.8064516,0.0,0.0,0.0,0.0,0.016129032,0.0,0.0,0.016129032,0.0
5,2,0.09677419,0.06451613,0.8064516,0.0,0.0,0.0,0.0,0.016129032,0.0,0.0,0.016129032,0.0
5,2,0.09677419,0.06451613,0.8064516,0.0,0.0,0.0,0.0,0.016129032,0.0,0.0,0.016129032,0.0
5,2,0.09677419,0.06451613,0.8064516,0.0,0.0,0.0,0.0,0.016129032,0.0,0.0,0.016129032,0.0
5,2,0.09677419,0.06451613,0.8064516,0.0,0.0,0.0,0.0,0.016129032,0.0,0.0,0.016129032,0.0
5,2,0.09677419,0.06451613,0.8064516,0.0,0.0,0.0,0.0,0.016129032,0.0,0.0,0.016129032,0.0
5,2,0.09677419,0.06451613,0.8064516,0.0,0.0,0.0,0.0,0.016129032,0.0,0.0,0.016129032,0.0
5,2,0.09677419,0.06451613,0.8064516,0.0,0.0,0.0,0.0,0.016129032,0.0,0.0,0.016129032,0.0
5,2,0.09677419,0.06451613,0.8064516,0.0,0.0,0.0,0.0,0.016129032,0.0,0.0,0.016129032,0.0
5,2,0.09677419,0.06451613,0.8064516,0.0,0.0,0.0,0.0,0.016129032,0.0,0.0,0.016129032,0.0
5,2,0.09677419,0.06451613,0.8064516,0.0,0.0,0.0,0.0,0.016129032,0.0,0.0,0.016129032,0.0
5,2,0.09677419,0.06451613,0.8064516,0.0,0.0,0.0,0.0,0.016129032,0.0,0.0,0.016129032,0.0
5,2,0.09677419,0.08064516,0.8064516,0.0,0.0,0.0,0.0,0.0,0.0,0.0,0.016129032,0.0
5,2,0.09677419,0.08064516,0.8064516,0.0,0.0,0.0,0.0,0.0,0.0,0.0,0.016129032,0.0
5,2,0.09677419,0.08064516,0.8064516,0.0,0.0,0.0,0.0,0.0,0.0,0.0,0.016129032,0.0
5,2,0.09677419,0.08064516,0.8064516,0.0,0.0,0.0,0.0,0.0,0.0,0.0,0.016129032,0.0
5,2,0.09677419,0.08064516,0.8064516,0.0,0.0,0.0,0.0,0.0,0.0,0.0,0.016129032,0.0
5,2,0.09677419,0.08064516,0.8064516,0.0,0.0,0.0,0.0,0.0,0.0,0.0,0.016129032,0.0
5,2,0.09677419,0.08064516,0.8064516,0.0,0.0,0.0,0.0,0.0,0.0,0.0,0.016129032,0.0
5,2,0.09677419,0.08064516,0.8064516,0.0,0.0,0.0,0.0,0.0,0.0,0.0,0.016129032,0.0
5,2,0.09677419,0.08064516,0.8064516,0.0,0.0,0.0,0.0,0.0,0.0,0.0,0.016129032,0.0
5,2,0.09677419,0.08064516,0.8064516,0.0,0.0,0.0,0.0,0.0,0.0,0.0,0.016129032,0.0
5,2,0.09677419,0.08064516,0.8064516,0.0,0.0,0.0,0.0,0.0,0.0,0.0,0.016129032,0.0
5,2,0.09677419,0.08064516,0.8064516,0.0,0.0,0.0,0.0,0.0,0.0,0.0,0.016129032,0.0
5,2,0.11290322,0.08064516,0.7903226,0.0,0.0,0.0,0.0,0.0,0.0,0.0,0.016129032,0.0
5,2,0.11290322,0.08064516,0.7903226,0.0,0.0,0.0,0.0,0.0,0.0,0.0,0.016129032,0.0
5,2,0.11290322,0.08064516,0.7903226,0.0,0.0,0.0,0.0,0.0,0.0,0.0,0.016129032,0.0
5,2,0.11290322,0.08064516,0.7903226,0.0,0.0,0.0,0.0,0.0,0.0,0.0,0.016129032,0.0
5,2,0.11290322,0.08064516,0.7903226,0.0,0.0,0.0,0.0,0.0,0.0,0.0,0.016129032,0.0
5,2,0.11290322,0.08064516,0.7903226,0.0,0.0,0.0,0.0,0.0,0.0,0.0,0.016129032,0.0
5,2,0.11290322,0.08064516,0.7903226,0.0,0.0,0.0,0.0,0.0,0.0,0.0,0.016129032,0.0
5,2,0.11290322,0.08064516,0.7903226,0.0,0.0,0.0,0.0,0.0,0.0,0.0,0.016129032,0.0
5,2,0.11290322,0.08064516,0.7903226,0.0,0.0,0.0,0.0,0.0,0.0,0.0,0.016129032,0.0
5,2,0.11290322,0.08064516,0.7903226,0.0,0.0,0.0,0.0,0.0,0.0,0.0,0.016129032,0.0
5,2,0.11290322,0.08064516,0.7903226,0.0,0.0,0.0,0.0,0.0,0.0,0.0,0.016129032,0.0
5,2,0.11290322,0.08064516,0.7903226,0.0,0.0,0.0,0.0,0.0,0.0,0.0,0.016129032,0.0
5,2,0.11290322,0.08064516,0.7741935,0.0,0.0,0.0,0.0,0.0,0.0,0.0,0.032258064,0.0
5,2,0.11290322,0.08064516,0.7741935,0.0,0.0,0.0,0.0,0.0,0.0,0.0,0.032258064,0.0
5,2,0.11290322,0.08064516,0.7741935,0.0,0.0,0.0,0.0,0.0,0.0,0.0,0.032258064,0.0
5,2,0.11290322,0.08064516,0.7741935,0.0,0.0,0.0,0.0,0.0,0.0,0.0,0.032258064,0.0
5,2,0.11290322,0.08064516,0.7741935,0.0,0.0,0.0,0.0,0.0,0.0,0.0,0.032258064,0.0
5,2,0.11290322,0.08064516,0.7741935,0.0,0.0,0.0,0.0,0.0,0.0,0.0,0.032258064,0.0
5,2,0.11290322,0.08064516,0.7741935,0.0,0.0,0.0,0.0,0.0,0.0,0.0,0.032258064,0.0
5,2,0.11290322,0.08064516,0.7741935,0.0,0.0,0.0,0.0,0.0,0.0,0.0,0.032258064,0.0
5,2,0.11290322,0.08064516,0.7741935,0.0,0.0,0.0,0.0,0.0,0.0,0.0,0.032258064,0.0
5,2,0.11290322,0.08064516,0.7741935,0.0,0.0,0.0,0.0,0.0,0.0,0.0,0.032258064,0.0
5,2,0.11290322,0.08064516,0.7741935,0.0,0.0,0.0,0.0,0.0,0.0,0.0,0.032258064,0.0
5,2,0.11290322,0.08064516,0.7741935,0.0,0.0,0.0,0.0,0.0,0.0,0.0,0.032258064,0.0
5,2,0.11290322,0.09677419,0.7580645,0.0,0.0,0.0,0.0,0.016129032,0.0,0.0,0.016129032,0.0
5,2,0.11290322,0.09677419,0.7580645,0.0,0.0,0.0,0.0,0.016129032,0.0,0.0,0.016129032,0.0
5,2,0.11290322,0.09677419,0.7580645,0.0,0.0,0.0,0.0,0.016129032,0.0,0.0,0.016129032,0.0
5,2,0.11290322,0.09677419,0.7580645,0.0,0.0,0.0,0.0,0.016129032,0.0,0.0,0.016129032,0.0
5,2,0.11290322,0.09677419,0.7580645,0.0,0.0,0.0,0.0,0.016129032,0.0,0.0,0.016129032,0.0
5,2,0.11290322,0.09677419,0.7580645,0.0,0.0,0.0,0.0,0.016129032,0.0,0.0,0.016129032,0.0
5,2,0.11290322,0.09677419,0.7580645,0.0,0.0,0.0,0.0,0.016129032,0.0,0.0,0.016129032,0.0
5,2,0.11290322,0.09677419,0.7580645,0.0,0.0,0.0,0.0,0.016129032,0.0,0.0,0.016129032,0.0
5,2,0.11290322,0.09677419,0.7580645,0.0,0.0,0.0,0.0,0.016129032,0.0,0.0,0.016129032,0.0
5,2,0.11290322,0.09677419,0.7580645,0.0,0.0,0.0,0.0,0.016129032,0.0,0.0,0.016129032,0.0
5,2,0.11290322,0.09677419,0.7580645,0.0,0.0,0.0,0.0,0.016129032,0.0,0.0,0.016129032,0.0
5,2,0.11290322,0.09677419,0.7580645,0.0,0.0,0.0,0.0,0.016129032,0.0,0.0,0.016129032,0.0
5,2,0.11290322,0.09677419,0.7580645,0.0,0.0,0.0,0.0,0.016129032,0.0,0.0,0.016129032,0.0
5,2,0.11290322,0.09677419,0.7580645,0.0,0.0,0.0,0.0,0.016129032,0.0,0.0,0.016129032,0.0
5,2,0.11290322,0.09677419,0.7580645,0.0,0.0,0.0,0.0,0.016129032,0.0,0.0,0.016129032,0.0
5,2,0.11290322,0.09677419,0.7580645,0.0,0.0,0.0,0.0,0.016129032,0.0,0.0,0.016129032,0.0
5,2,0.11290322,0.09677419,0.7580645,0.0,0.0,0.0,0.0,0.016129032,0.0,0.0,0.016129032,0.0
5,2,0.11290322,0.09677419,0.7580645,0.0,0.0,0.0,0.0,0.016129032,0.0,0.0,0.016129032,0.0
5,2,0.11290322,0.09677419,0.7580645,0.0,0.0,0.0,0.0,0.016129032,0.0,0.0,0.016129032,0.0
5,2,0.11290322,0.09677419,0.7580645,0.0,0.0,0.0,0.0,0.016129032,0.0,0.0,0.016129032,0.0
5,2,0.11290322,0.09677419,0.7580645,0.0,0.0,0.0,0.0,0.016129032,0.0,0.0,0.016129032,0.0
5,2,0.11111111,0.0952381,0.7619048,0.0,0.0,0.0,0.0,0.015873017,0.0,0.0,0.015873017,0.0
5,2,0.11111111,0.0952381,0.7619048,0.0,0.0,0.0,0.0,0.015873017,0.0,0.0,0.015873017,0.0
5,2,0.11111111,0.0952381,0.7619048,0.0,0.0,0.0,0.0,0.015873017,0.0,0.0,0.015873017,0.0
5,2,0.0952381,0.0952381,0.7619048,0.0,0.0,0.0,0.0,0.015873017,0.0,0.0,0.031746034,0.0
5,2,0.0952381,0.0952381,0.7619048,0.0,0.0,0.0,0.0,0.015873017,0.0,0.0,0.031746034,0.0
5,2,0.0952381,0.0952381,0.7619048,0.0,0.0,0.0,0.0,0.015873017,0.0,0.0,0.031746034,0.0
5,2,0.0952381,0.0952381,0.7619048,0.0,0.0,0.0,0.0,0.015873017,0.0,0.0,0.031746034,0.0
5,2,0.0952381,0.0952381,0.7619048,0.0,0.0,0.0,0.0,0.015873017,0.0,0.0,0.031746034,0.0
5,2,0.0952381,0.0952381,0.7619048,0.0,0.0,0.0,0.0,0.015873017,0.0,0.0,0.031746034,0.0
5,2,0.0952381,0.0952381,0.7619048,0.0,0.0,0.0,0.0,0.015873017,0.0,0.0,0.031746034,0.0
5,2,0.0952381,0.0952381,0.7619048,0.0,0.0,0.0,0.0,0.015873017,0.0,0.0,0.031746034,0.0
5,2,0.0952381,0.0952381,0.7619048,0.0,0.0,0.0,0.0,0.015873017,0.0,0.0,0.031746034,0.0
5,2,0.0952381,0.0952381,0.7619048,0.0,0.0,0.0,0.0,0.015873017,0.0,0.0,0.031746034,0.0
5,2,0.0952381,0.0952381,0.7619048,0.0,0.0,0.0,0.0,0.015873017,0.0,0.0,0.031746034,0.0
5,2,0.0952381,0.0952381,0.7619048,0.0,0.0,0.0,0.0,0.015873017,0.0,0.0,0.031746034,0.0
5,2,0.0952381,0.07936508,0.7936508,0.0,0.0,0.0,0.0,0.015873017,0.0,0.0,0.015873017,0.0
5,2,0.0952381,0.07936508,0.7936508,0.0,0.0,0.0,0.0,0.015873017,0.0,0.0,0.015873017,0.0
5,2,0.0952381,0.07936508,0.7936508,0.0,0.0,0.0,0.0,0.015873017,0.0,0.0,0.015873017,0.0
5,2,0.0952381,0.07936508,0.7936508,0.0,0.0,0.0,0.0,0.015873017,0.0,0.0,0.015873017,0.0
5,2,0.0952381,0.06349207,0.8095238,0.0,0.0,0.0,0.0,0.015873017,0.0,0.0,0.0,0.015873017
5,2,0.0952381,0.06349207,0.8095238,0.0,0.0,0.0,0.0,0.015873017,0.0,0.0,0.0,0.015873017
5,2,0.0952381,0.06349207,0.8095238,0.0,0.0,0.0,0.0,0.015873017,0.0,0.0,0.0,0.015873017
5,2,0.0952381,0.06349207,0.8095238,0.0,0.0,0.0,0.0,0.015873017,0.0,0.0,0.0,0.015873017
5,2,0.0952381,0.06349207,0.8095238,0.0,0.0,0.0,0.0,0.015873017,0.0,0.0,0.0,0.015873017
5,2,0.0952381,0.06349207,0.8095238,0.0,0.0,0.0,0.0,0.015873017,0.0,0.0,0.0,0.015873017
5,2,0.0952381,0.06349207,0.8095238,0.0,0.0,0.0,0.0,0.015873017,0.0,0.0,0.0,0.015873017
5,2,0.0952381,0.06349207,0.8095238,0.0,0.0,0.0,0.0,0.015873017,0.0,0.0,0.0,0.015873017
5,2,0.09375,0.0625,0.8125,0.0,0.0,0.0,0.0,0.015625,0.0,0.0,0.0,0.015625
5,2,0.09375,0.0625,0.8125,0.0,0.0,0.0,0.0,0.015625,0.0,0.0,0.0,0.015625
5,2,0.09375,0.0625,0.8125,0.0,0.0,0.0,0.0,0.015625,0.0,0.0,0.0,0.015625
5,2,0.09375,0.0625,0.8125,0.0,0.0,0.0,0.0,0.015625,0.0,0.0,0.0,0.015625
5,2,0.09375,0.0625,0.8125,0.0,0.0,0.0,0.0,0.015625,0.0,0.0,0.0,0.015625
5,2,0.09375,0.0625,0.8125,0.0,0.0,0.0,0.0,0.015625,0.0,0.0,0.0,0.015625
5,2,0.09375,0.0625,0.8125,0.0,0.0,0.0,0.0,0.015625,0.0,0.0,0.0,0.015625
5,2,0.09375,0.0625,0.8125,0.0,0.0,0.0,0.0,0.015625,0.0,0.0,0.0,0.015625
5,2,0.0952381,0.06349207,0.8095238,0.0,0.0,0.0,0.0,0.015873017,0.0,0.0,0.0,0.015873017
5,2,0.0952381,0.06349207,0.8095238,0.0,0.0,0.0,0.0,0.015873017,0.0,0.0,0.0,0.015873017
5,2,0.0952381,0.06349207,0.8095238,0.0,0.0,0.0,0.0,0.015873017,0.0,0.0,0.0,0.015873017
5,2,0.0952381,0.06349207,0.8095238,0.0,0.0,0.0,0.0,0.015873017,0.0,0.0,0.0,0.015873017
5,2,0.0952381,0.06349207,0.8095238,0.0,0.0,0.0,0.0,0.015873017,0.0,0.0,0.0,0.015873017
5,2,0.0952381,0.06349207,0.8095238,0.0,0.0,0.0,0.0,0.015873017,0.0,0.0,0.0,0.015873017
5,2,0.0952381,0.06349207,0.8095238,0.0,0.0,0.0,0.0,0.015873017,0.0,0.0,0.0,0.015873017
5,2,0.0952381,0.06349207,0.8095238,0.0,0.0,0.0,0.0,0.015873017,0.0,0.0,0.0,0.015873017
5,2,0.0952381,0.06349207,0.8095238,0.0,0.0,0.0,0.0,0.015873017,0.0,0.0,0.0,0.015873017
5,2,0.0952381,0.06349207,0.8095238,0.0,0.0,0.0,0.0,0.015873017,0.0,0.0,0.0,0.015873017
5,2,0.0952381,0.06349207,0.8095238,0.0,0.0,0.0,0.0,0.015873017,0.0,0.0,0.0,0.015873017
5,2,0.0952381,0.06349207,0.8095238,0.0,0.0,0.0,0.0,0.015873017,0.0,0.0,0.0,0.015873017
5,2,0.0952381,0.07936508,0.7936508,0.0,0.0,0.0,0.0,0.015873017,0.0,0.0,0.0,0.015873017
5,2,0.0952381,0.07936508,0.7936508,0.0,0.0,0.0,0.0,0.015873017,0.0,0.0,0.0,0.015873017
5,2,0.0952381,0.07936508,0.7936508,0.0,0.0,0.0,0.0,0.015873017,0.0,0.0,0.0,0.015873017
5,2,0.0952381,0.07936508,0.7936508,0.0,0.0,0.0,0.0,0.015873017,0.0,0.0,0.0,0.015873017
5,2,0.0625,0.0625,0.84375,0.0,0.0,0.0,0.0,0.015625,0.0,0.0,0.0,0.015625
5,2,0.0625,0.0625,0.84375,0.0,0.0,0.0,0.0,0.015625,0.0,0.0,0.0,0.015625
5,2,0.0625,0.0625,0.84375,0.0,0.0,0.0,0.0,0.015625,0.0,0.0,0.0,0.015625
5,2,0.0625,0.0625,0.84375,0.0,0.0,0.0,0.0,0.015625,0.0,0.0,0.0,0.015625
5,2,0.0625,0.0625,0.84375,0.0,0.0,0.0,0.0,0.015625,0.0,0.0,0.0,0.015625
5,2,0.0625,0.0625,0.84375,0.0,0.0,0.0,0.0,0.015625,0.0,0.0,0.0,0.015625
5,2,0.0625,0.0625,0.84375,0.0,0.0,0.0,0.0,0.015625,0.0,0.0,0.0,0.015625
5,2,0.0625,0.0625,0.84375,0.0,0.0,0.0,0.0,0.015625,0.0,0.0,0.0,0.015625
5,2,0.0625,0.0625,0.84375,0.0,0.0,0.0,0.0,0.015625,0.0,0.0,0.0,0.015625
5,2,0.0625,0.0625,0.84375,0.0,0.0,0.0,0.0,0.015625,0.0,0.0,0.0,0.015625
5,2,0.046875,0.0625,0.84375,0.0,0.0,0.0,0.0,0.015625,0.015625,0.0,0.0,0.015625
5,2,0.046875,0.0625,0.84375,0.0,0.0,0.0,0.0,0.015625,0.015625,0.0,0.0,0.015625
5,2,0.046875,0.0625,0.84375,0.0,0.0,0.0,0.0,0.015625,0.015625,0.0,0.0,0.015625
5,2,0.046875,0.0625,0.84375,0.0,0.0,0.0,0.0,0.015625,0.015625,0.0,0.0,0.015625
5,2,0.046875,0.0625,0.84375,0.0,0.0,0.0,0.0,0.015625,0.015625,0.0,0.0,0.015625
5,2,0.046875,0.0625,0.84375,0.0,0.0,0.0,0.0,0.015625,0.015625,0.0,0.0,0.015625
5,2,0.04761905,0.06349207,0.84126985,0.0,0.0,0.0,0.0,0.015873017,0.015873017,0.0,0.0,0.015873017
5,2,0.04761905,0.06349207,0.84126985,0.0,0.0,0.0,0.0,0.015873017,0.015873017,0.0,0.0,0.015873017
5,2,0.04761905,0.06349207,0.84126985,0.0,0.0,0.0,0.0,0.015873017,0.015873017,0.0,0.0,0.015873017
5,2,0.04761905,0.06349207,0.84126985,0.0,0.0,0.0,0.0,0.015873017,0.015873017,0.0,0.0,0.015873017
5,2,0.04761905,0.06349207,0.84126985,0.0,0.0,0.0,0.0,0.015873017,0.015873017,0.0,0.0,0.015873017
5,2,0.04761905,0.06349207,0.84126985,0.0,0.0,0.0,0.0,0.015873017,0.015873017,0.0,0.0,0.015873017
5,2,0.04761905,0.06349207,0.84126985,0.0,0.0,0.0,0.0,0.015873017,0.015873017,0.0,0.0,0.015873017
5,2,0.04761905,0.06349207,0.84126985,0.0,0.0,0.0,0.0,0.015873017,0.015873017,0.0,0.0,0.015873017
5,2,0.04761905,0.04761905,0.85714287,0.0,0.0,0.0,0.0,0.015873017,0.015873017,0.0,0.0,0.015873017
5,2,0.04761905,0.04761905,0.85714287,0.0,0.0,0.0,0.0,0.015873017,0.015873017,0.0,0.0,0.015873017
5,2,0.04761905,0.04761905,0.85714287,0.0,0.0,0.0,0.0,0.015873017,0.015873017,0.0,0.0,0.015873017
5,2,0.04761905,0.04761905,0.85714287,0.0,0.0,0.0,0.0,0.015873017,0.015873017,0.0,0.0,0.015873017
5,2,0.04761905,0.04761905,0.85714287,0.0,0.0,0.0,0.0,0.015873017,0.015873017,0.0,0.0,0.015873017
5,2,0.04761905,0.04761905,0.85714287,0.0,0.0,0.0,0.0,0.015873017,0.015873017,0.0,0.0,0.015873017
5,2,0.04761905,0.04761905,0.85714287,0.0,0.0,0.0,0.0,0.015873017,0.015873017,0.0,0.0,0.015873017
5,2,0.04761905,0.04761905,0.85714287,0.0,0.0,0.0,0.0,0.015873017,0.015873017,0.0,0.0,0.015873017
5,2,0.04761905,0.04761905,0.85714287,0.0,0.0,0.0,0.0,0.015873017,0.015873017,0.0,0.0,0.015873017
5,2,0.04761905,0.04761905,0.85714287,0.0,0.0,0.0,0.0,0.015873017,0.015873017,0.0,0.0,0.015873017
5,2,0.04761905,0.04761905,0.85714287,0.0,0.0,0.0,0.0,0.015873017,0.015873017,0.0,0.0,0.015873017
5,2,0.04761905,0.04761905,0.85714287,0.0,0.0,0.0,0.0,0.015873017,0.015873017,0.0,0.0,0.015873017
5,2,0.04761905,0.04761905,0.85714287,0.0,0.0,0.0,0.0,0.015873017,0.015873017,0.0,0.0,0.015873017
5,2,0.04761905,0.04761905,0.85714287,0.0,0.0,0.0,0.0,0.015873017,0.015873017,0.0,0.0,0.015873017
5,2,0.04761905,0.04761905,0.85714287,0.0,0.0,0.0,0.0,0.015873017,0.015873017,0.0,0.0,0.015873017
5,2,0.04761905,0.04761905,0.85714287,0.0,0.0,0.0,0.0,0.015873017,0.015873017,0.0,0.0,0.015873017
5,2,0.04761905,0.04761905,0.85714287,0.0,0.0,0.0,0.0,0.015873017,0.015873017,0.0,0.0,0.015873017
5,2,0.04761905,0.04761905,0.85714287,0.0,0.0,0.0,0.0,0.015873017,0.015873017,0.0,0.0,0.015873017
5,2,0.04761905,0.04761905,0.85714287,0.0,0.0,0.0,0.0,0.015873017,0.015873017,0.0,0.0,0.015873017
5,2,0.04761905,0.04761905,0.85714287,0.0,0.0,0.0,0.0,0.015873017,0.015873017,0.0,0.0,0.015873017
5,2,0.04761905,0.04761905,0.85714287,0.0,0.0,0.0,0.0,0.015873017,0.015873017,0.0,0.0,0.015873017
5,2,0.04761905,0.04761905,0.85714287,0.0,0.0,0.0,0.0,0.015873017,0.015873017,0.0,0.0,0.015873017
5,2,0.04761905,0.04761905,0.85714287,0.0,0.0,0.0,0.0,0.015873017,0.015873017,0.0,0.0,0.015873017
5,2,0.04761905,0.04761905,0.85714287,0.0,0.0,0.0,0.0,0.015873017,0.015873017,0.0,0.0,0.015873017
5,2,0.046875,0.046875,0.859375,0.0,0.0,0.0,0.0,0.015625,0.015625,0.0,0.015625,0.0
5,2,0.046875,0.046875,0.859375,0.0,0.0,0.0,0.0,0.015625,0.015625,0.0,0.015625,0.0
5,2,0.046875,0.046875,0.859375,0.0,0.0,0.0,0.0,0.015625,0.015625,0.0,0.015625,0.0
5,2,0.046875,0.046875,0.859375,0.0,0.0,0.0,0.0,0.015625,0.015625,0.0,0.015625,0.0
5,2,0.046875,0.046875,0.859375,0.0,0.0,0.0,0.0,0.015625,0.015625,0.0,0.015625,0.0
5,2,0.046875,0.046875,0.859375,0.0,0.0,0.0,0.0,0.015625,0.015625,0.0,0.015625,0.0
5,2,0.046875,0.046875,0.859375,0.0,0.0,0.0,0.0,0.015625,0.015625,0.0,0.015625,0.0
5,2,0.046875,0.046875,0.859375,0.0,0.0,0.0,0.0,0.015625,0.015625,0.0,0.015625,0.0
5,2,0.046875,0.046875,0.859375,0.0,0.0,0.0,0.0,0.015625,0.015625,0.0,0.015625,0.0
5,2,0.046875,0.046875,0.859375,0.0,0.0,0.0,0.0,0.015625,0.015625,0.0,0.015625,0.0
5,2,0.046875,0.046875,0.859375,0.0,0.0,0.0,0.0,0.015625,0.015625,0.0,0.015625,0.0
5,2,0.046875,0.046875,0.859375,0.0,0.0,0.0,0.0,0.015625,0.015625,0.0,0.015625,0.0
5,2,0.046875,0.046875,0.859375,0.0,0.0,0.0,0.0,0.015625,0.015625,0.0,0.015625,0.0
5,2,0.046875,0.046875,0.859375,0.0,0.0,0.0,0.0,0.015625,0.015625,0.0,0.015625,0.0
5,2,0.046875,0.046875,0.859375,0.0,0.0,0.0,0.0,0.015625,0.015625,0.0,0.015625,0.0
5,2,0.046875,0.046875,0.859375,0.0,0.0,0.0,0.0,0.015625,0.015625,0.0,0.015625,0.0
5,2,0.046875,0.046875,0.859375,0.0,0.0,0.0,0.0,0.015625,0.015625,0.0,0.015625,0.0
5,2,0.046875,0.046875,0.859375,0.0,0.0,0.0,0.0,0.015625,0.015625,0.0,0.015625,0.0
5,2,0.046875,0.046875,0.875,0.0,0.0,0.0,0.0,0.015625,0.0,0.0,0.015625,0.0
5,2,0.046875,0.046875,0.875,0.0,0.0,0.0,0.0,0.015625,0.0,0.0,0.015625,0.0
5,2,0.046875,0.046875,0.875,0.0,0.0,0.0,0.0,0.015625,0.0,0.0,0.015625,0.0
5,2,0.046875,0.046875,0.875,0.0,0.0,0.0,0.0,0.015625,0.0,0.0,0.015625,0.0
5,2,0.046875,0.046875,0.875,0.0,0.0,0.0,0.0,0.015625,0.0,0.0,0.015625,0.0
5,2,0.046875,0.046875,0.875,0.0,0.0,0.0,0.0,0.015625,0.0,0.0,0.015625,0.0
5,2,0.046875,0.046875,0.875,0.0,0.0,0.0,0.0,0.015625,0.0,0.0,0.015625,0.0
5,2,0.046875,0.046875,0.875,0.0,0.0,0.0,0.0,0.015625,0.0,0.0,0.015625,0.0
5,2,0.046875,0.046875,0.875,0.0,0.0,0.0,0.0,0.015625,0.0,0.0,0.015625,0.0
5,2,0.046875,0.046875,0.875,0.0,0.0,0.0,0.0,0.015625,0.0,0.0,0.015625,0.0
5,2,0.046875,0.046875,0.875,0.0,0.0,0.0,0.0,0.015625,0.0,0.0,0.015625,0.0
5,2,0.046875,0.046875,0.875,0.0,0.0,0.0,0.0,0.015625,0.0,0.0,0.015625,0.0
5,2,0.046875,0.046875,0.875,0.0,0.0,0.0,0.0,0.015625,0.0,0.0,0.015625,0.0
5,2,0.046875,0.046875,0.875,0.0,0.0,0.0,0.0,0.015625,0.0,0.0,0.015625,0.0
5,2,0.046875,0.046875,0.875,0.0,0.0,0.0,0.0,0.015625,0.0,0.0,0.015625,0.0
5,2,0.046875,0.046875,0.875,0.0,0.0,0.0,0.0,0.015625,0.0,0.0,0.015625,0.0
5,2,0.046875,0.046875,0.875,0.0,0.0,0.0,0.0,0.015625,0.0,0.0,0.015625,0.0
5,2,0.046875,0.046875,0.875,0.0,0.0,0.0,0.0,0.015625,0.0,0.0,0.015625,0.0
5,2,0.046875,0.046875,0.875,0.0,0.0,0.0,0.0,0.015625,0.0,0.0,0.015625,0.0
5,2,0.046875,0.046875,0.875,0.0,0.0,0.0,0.0,0.015625,0.0,0.0,0.015625,0.0
5,2,0.046875,0.046875,0.875,0.0,0.0,0.0,0.0,0.015625,0.0,0.0,0.015625,0.0
5,2,0.046875,0.046875,0.875,0.0,0.0,0.0,0.0,0.015625,0.0,0.0,0.015625,0.0
5,2,0.046875,0.03125,0.890625,0.0,0.0,0.0,0.0,0.015625,0.0,0.0,0.015625,0.0
5,2,0.046875,0.03125,0.890625,0.0,0.0,0.0,0.0,0.015625,0.0,0.0,0.015625,0.0
5,2,0.046875,0.03125,0.890625,0.0,0.0,0.0,0.0,0.015625,0.0,0.0,0.015625,0.0
5,2,0.046875,0.03125,0.890625,0.0,0.0,0.0,0.0,0.015625,0.0,0.0,0.015625,0.0
5,2,0.046875,0.03125,0.890625,0.0,0.0,0.0,0.0,0.015625,0.0,0.0,0.015625,0.0
5,2,0.046875,0.03125,0.890625,0.0,0.0,0.0,0.0,0.015625,0.0,0.0,0.015625,0.0
5,2,0.046875,0.03125,0.890625,0.0,0.0,0.0,0.0,0.015625,0.0,0.0,0.015625,0.0
5,2,0.046875,0.03125,0.890625,0.0,0.0,0.0,0.0,0.015625,0.0,0.0,0.015625,0.0
5,2,0.046875,0.03125,0.890625,0.0,0.0,0.0,0.0,0.015625,0.0,0.0,0.015625,0.0
5,2,0.046875,0.03125,0.890625,0.0,0.0,0.0,0.0,0.015625,0.0,0.0,0.015625,0.0
5,2,0.046875,0.03125,0.890625,0.0,0.0,0.0,0.0,0.015625,0.0,0.0,0.015625,0.0
5,2,0.046875,0.03125,0.890625,0.0,0.0,0.0,0.0,0.015625,0.0,0.0,0.015625,0.0
5,2,0.046875,0.03125,0.890625,0.0,0.0,0.0,0.0,0.015625,0.0,0.0,0.015625,0.0
5,2,0.046875,0.03125,0.890625,0.0,0.0,0.0,0.0,0.015625,0.0,0.0,0.015625,0.0
5,2,0.046875,0.03125,0.890625,0.0,0.0,0.0,0.0,0.015625,0.0,0.0,0.015625,0.0
5,2,0.046875,0.03125,0.890625,0.0,0.0,0.0,0.0,0.015625,0.0,0.0,0.015625,0.0
5,2,0.046875,0.03125,0.890625,0.0,0.0,0.0,0.0,0.015625,0.0,0.0,0.015625,0.0
5,2,0.046875,0.03125,0.890625,0.0,0.0,0.0,0.0,0.015625,0.0,0.0,0.015625,0.0
5,2,0.046875,0.03125,0.890625,0.0,0.0,0.0,0.0,0.015625,0.0,0.0,0.015625,0.0
5,2,0.046875,0.03125,0.890625,0.0,0.0,0.0,0.0,0.015625,0.0,0.0,0.015625,0.0
5,2,0.046875,0.046875,0.875,0.0,0.0,0.0,0.0,0.015625,0.0,0.0,0.015625,0.0
5,2,0.046875,0.046875,0.875,0.0,0.0,0.0,0.0,0.015625,0.0,0.0,0.015625,0.0
5,2,0.046875,0.046875,0.875,0.0,0.0,0.0,0.0,0.015625,0.0,0.0,0.015625,0.0
5,2,0.046875,0.046875,0.875,0.0,0.0,0.0,0.0,0.015625,0.0,0.0,0.015625,0.0
5,2,0.046875,0.046875,0.875,0.0,0.0,0.0,0.0,0.015625,0.0,0.0,0.015625,0.0
5,2,0.046875,0.046875,0.875,0.0,0.0,0.0,0.0,0.015625,0.0,0.0,0.015625,0.0
5,2,0.046875,0.046875,0.875,0.0,0.0,0.0,0.0,0.015625,0.0,0.0,0.015625,0.0
5,2,0.046875,0.046875,0.875,0.0,0.0,0.0,0.0,0.015625,0.0,0.0,0.015625,0.0
5,2,0.046875,0.046875,0.875,0.0,0.0,0.0,0.0,0.015625,0.0,0.0,0.015625,0.0
5,2,0.046875,0.046875,0.875,0.0,0.0,0.0,0.0,0.015625,0.0,0.0,0.015625,0.0
5,2,0.046875,0.046875,0.875,0.0,0.0,0.0,0.0,0.015625,0.0,0.0,0.015625,0.0
5,2,0.046875,0.046875,0.875,0.0,0.0,0.0,0.0,0.015625,0.0,0.0,0.015625,0.0
5,2,0.046875,0.046875,0.875,0.0,0.0,0.0,0.0,0.015625,0.0,0.0,0.015625,0.0
5,2,0.046875,0.046875,0.875,0.0,0.0,0.0,0.0,0.015625,0.0,0.0,0.015625,0.0
5,2,0.046875,0.046875,0.875,0.0,0.0,0.0,0.0,0.015625,0.0,0.0,0.015625,0.0
5,2,0.046875,0.046875,0.875,0.0,0.0,0.0,0.0,0.015625,0.0,0.0,0.015625,0.0
5,2,0.046875,0.046875,0.875,0.0,0.0,0.0,0.0,0.015625,0.0,0.0,0.015625,0.0
5,2,0.046875,0.046875,0.875,0.0,0.0,0.0,0.0,0.015625,0.0,0.0,0.015625,0.0
5,2,0.046875,0.046875,0.875,0.0,0.0,0.0,0.0,0.015625,0.0,0.0,0.015625,0.0
5,2,0.046875,0.046875,0.875,0.0,0.0,0.0,0.0,0.015625,0.0,0.0,0.015625,0.0
5,2,0.046875,0.046875,0.875,0.0,0.0,0.0,0.0,0.015625,0.0,0.0,0.015625,0.0
5,2,0.046875,0.046875,0.875,0.0,0.0,0.0,0.0,0.015625,0.0,0.0,0.015625,0.0
5,2,0.046875,0.046875,0.875,0.0,0.0,0.0,0.0,0.015625,0.0,0.0,0.015625,0.0
5,2,0.046875,0.046875,0.875,0.0,0.0,0.0,0.0,0.015625,0.0,0.0,0.015625,0.0
5,2,0.046875,0.046875,0.875,0.0,0.0,0.0,0.0,0.015625,0.0,0.0,0.015625,0.0
5,2,0.046875,0.046875,0.875,0.0,0.0,0.0,0.0,0.015625,0.0,0.0,0.015625,0.0
5,2,0.046875,0.046875,0.875,0.0,0.0,0.0,0.0,0.015625,0.0,0.0,0.015625,0.0
5,2,0.046875,0.046875,0.875,0.0,0.0,0.0,0.0,0.015625,0.0,0.0,0.015625,0.0
5,2,0.046875,0.046875,0.875,0.0,0.0,0.0,0.0,0.015625,0.0,0.0,0.015625,0.0
5,2,0.046875,0.046875,0.875,0.0,0.0,0.0,0.0,0.015625,0.0,0.0,0.015625,0.0
5,2,0.046875,0.046875,0.875,0.0,0.0,0.0,0.0,0.015625,0.0,0.0,0.015625,0.0
5,2,0.046875,0.046875,0.875,0.0,0.0,0.0,0.0,0.015625,0.0,0.0,0.015625,0.0
5,2,0.046875,0.046875,0.875,0.0,0.0,0.0,0.0,0.015625,0.0,0.0,0.015625,0.0
5,2,0.046875,0.046875,0.875,0.0,0.0,0.0,0.0,0.015625,0.0,0.0,0.015625,0.0
5,2,0.046875,0.046875,0.875,0.0,0.0,0.0,0.0,0.015625,0.0,0.0,0.015625,0.0
5,2,0.046875,0.046875,0.875,0.0,0.0,0.0,0.0,0.015625,0.0,0.0,0.015625,0.0
5,2,0.046875,0.046875,0.859375,0.0,0.0,0.0,0.0,0.03125,0.0,0.0,0.015625,0.0
5,2,0.046875,0.046875,0.859375,0.0,0.0,0.0,0.0,0.03125,0.0,0.0,0.015625,0.0
5,2,0.046875,0.046875,0.859375,0.0,0.0,0.0,0.0,0.03125,0.0,0.0,0.015625,0.0
5,2,0.046875,0.046875,0.859375,0.0,0.0,0.0,0.0,0.03125,0.0,0.0,0.015625,0.0
5,2,0.046875,0.03125,0.875,0.0,0.0,0.0,0.0,0.03125,0.0,0.0,0.015625,0.0
5,2,0.046875,0.03125,0.875,0.0,0.0,0.0,0.0,0.03125,0.0,0.0,0.015625,0.0
5,2,0.046875,0.03125,0.875,0.0,0.0,0.0,0.0,0.03125,0.0,0.0,0.015625,0.0
5,2,0.046875,0.03125,0.875,0.0,0.0,0.0,0.0,0.03125,0.0,0.0,0.015625,0.0
5,2,0.046875,0.03125,0.875,0.0,0.0,0.0,0.0,0.03125,0.0,0.0,0.015625,0.0
5,2,0.046875,0.03125,0.875,0.0,0.0,0.0,0.0,0.03125,0.0,0.0,0.015625,0.0
5,2,0.046875,0.03125,0.875,0.0,0.0,0.0,0.0,0.03125,0.0,0.0,0.015625,0.0
5,2,0.046875,0.03125,0.875,0.0,0.0,0.0,0.0,0.03125,0.0,0.0,0.015625,0.0
5,2,0.046875,0.03125,0.875,0.0,0.0,0.0,0.0,0.03125,0.0,0.0,0.015625,0.0
5,2,0.046875,0.03125,0.875,0.0,0.0,0.0,0.0,0.03125,0.0,0.0,0.015625,0.0
5,2,0.046875,0.03125,0.875,0.0,0.0,0.0,0.0,0.03125,0.0,0.0,0.015625,0.0
5,2,0.046875,0.03125,0.875,0.0,0.0,0.0,0.0,0.03125,0.0,0.0,0.015625,0.0
5,2,0.046875,0.03125,0.875,0.0,0.0,0.0,0.0,0.03125,0.0,0.0,0.015625,0.0
5,2,0.046875,0.03125,0.875,0.0,0.0,0.0,0.0,0.03125,0.0,0.0,0.015625,0.0
5,2,0.046875,0.03125,0.875,0.0,0.0,0.0,0.0,0.03125,0.0,0.0,0.015625,0.0
5,2,0.046875,0.03125,0.875,0.0,0.0,0.0,0.0,0.03125,0.0,0.0,0.015625,0.0
5,2,0.046875,0.03125,0.875,0.0,0.0,0.0,0.0,0.03125,0.0,0.0,0.015625,0.0
5,2,0.046875,0.03125,0.875,0.0,0.0,0.0,0.0,0.03125,0.0,0.0,0.015625,0.0
5,2,0.046875,0.03125,0.875,0.0,0.0,0.0,0.0,0.03125,0.0,0.0,0.015625,0.0
5,2,0.046875,0.03125,0.875,0.0,0.0,0.0,0.0,0.03125,0.0,0.0,0.015625,0.0
5,2,0.046875,0.046875,0.84375,0.0,0.0,0.0,0.0,0.046875,0.0,0.0,0.015625,0.0
5,2,0.046875,0.046875,0.84375,0.0,0.0,0.0,0.0,0.046875,0.0,0.0,0.015625,0.0
5,2,0.046875,0.046875,0.84375,0.0,0.0,0.0,0.0,0.046875,0.0,0.0,0.015625,0.0
5,2,0.046875,0.046875,0.84375,0.0,0.0,0.0,0.0,0.046875,0.0,0.0,0.015625,0.0
5,2,0.046875,0.046875,0.84375,0.0,0.0,0.0,0.0,0.046875,0.0,0.0,0.015625,0.0
5,2,0.046875,0.046875,0.84375,0.0,0.0,0.0,0.0,0.046875,0.0,0.0,0.015625,0.0
5,2,0.046875,0.046875,0.84375,0.0,0.0,0.0,0.0,0.046875,0.0,0.0,0.015625,0.0
5,2,0.046875,0.046875,0.84375,0.0,0.0,0.0,0.0,0.046875,0.0,0.0,0.015625,0.0
5,2,0.046875,0.046875,0.84375,0.0,0.0,0.0,0.0,0.046875,0.0,0.0,0.015625,0.0
5,2,0.046875,0.046875,0.84375,0.0,0.0,0.0,0.0,0.046875,0.0,0.0,0.015625,0.0
5,2,0.046875,0.046875,0.84375,0.0,0.0,0.0,0.0,0.046875,0.0,0.0,0.015625,0.0
5,2,0.046875,0.046875,0.84375,0.0,0.0,0.0,0.0,0.046875,0.0,0.0,0.015625,0.0
5,2,0.046875,0.046875,0.84375,0.0,0.0,0.0,0.0,0.046875,0.0,0.0,0.015625,0.0
5,2,0.046875,0.046875,0.84375,0.0,0.0,0.0,0.0,0.046875,0.0,0.0,0.015625,0.0
5,2,0.046875,0.046875,0.84375,0.0,0.0,0.0,0.0,0.046875,0.0,0.0,0.015625,0.0
5,2,0.046875,0.046875,0.84375,0.0,0.0,0.0,0.0,0.046875,0.0,0.0,0.015625,0.0
5,2,0.046875,0.046875,0.84375,0.0,0.0,0.0,0.0,0.046875,0.0,0.0,0.015625,0.0
5,2,0.046875,0.046875,0.84375,0.0,0.0,0.0,0.0,0.046875,0.0,0.0,0.015625,0.0
5,2,0.046875,0.046875,0.84375,0.0,0.0,0.0,0.0,0.046875,0.0,0.0,0.015625,0.0
5,2,0.046875,0.046875,0.84375,0.0,0.0,0.0,0.0,0.046875,0.0,0.0,0.015625,0.0
5,2,0.046875,0.046875,0.84375,0.0,0.0,0.0,0.0,0.046875,0.0,0.0,0.015625,0.0
5,2,0.046875,0.046875,0.84375,0.0,0.0,0.0,0.0,0.046875,0.0,0.0,0.015625,0.0
5,2,0.046875,0.046875,0.84375,0.0,0.0,0.0,0.0,0.046875,0.0,0.0,0.015625,0.0
5,2,0.046875,0.046875,0.84375,0.0,0.0,0.0,0.0,0.046875,0.0,0.0,0.015625,0.0
5,2,0.046875,0.046875,0.84375,0.0,0.0,0.0,0.0,0.046875,0.0,0.0,0.015625,0.0
5,2,0.046875,0.046875,0.84375,0.0,0.0,0.0,0.0,0.046875,0.0,0.0,0.015625,0.0
5,2,0.046875,0.046875,0.84375,0.0,0.0,0.0,0.0,0.046875,0.0,0.0,0.015625,0.0
5,2,0.046875,0.046875,0.84375,0.0,0.0,0.0,0.0,0.046875,0.0,0.0,0.015625,0.0
5,2,0.046875,0.046875,0.84375,0.0,0.0,0.0,0.0,0.046875,0.0,0.0,0.015625,0.0
5,2,0.046875,0.046875,0.84375,0.0,0.0,0.0,0.0,0.046875,0.0,0.0,0.015625,0.0
5,2,0.046875,0.046875,0.84375,0.0,0.0,0.0,0.0,0.046875,0.0,0.0,0.015625,0.0
5,2,0.046875,0.046875,0.84375,0.0,0.0,0.0,0.0,0.046875,0.0,0.0,0.015625,0.0
5,2,0.046875,0.046875,0.84375,0.0,0.0,0.0,0.0,0.046875,0.0,0.0,0.015625,0.0
5,2,0.046875,0.046875,0.84375,0.0,0.0,0.0,0.0,0.046875,0.0,0.0,0.015625,0.0
5,2,0.046875,0.046875,0.84375,0.0,0.0,0.0,0.0,0.046875,0.0,0.0,0.015625,0.0
5,2,0.046875,0.046875,0.84375,0.0,0.0,0.0,0.0,0.046875,0.0,0.0,0.015625,0.0
5,2,0.046875,0.046875,0.84375,0.0,0.0,0.0,0.0,0.046875,0.0,0.0,0.015625,0.0
5,2,0.046875,0.046875,0.84375,0.0,0.0,0.0,0.0,0.046875,0.0,0.0,0.015625,0.0
5,2,0.046875,0.046875,0.84375,0.0,0.0,0.0,0.0,0.046875,0.0,0.0,0.015625,0.0
5,2,0.046875,0.046875,0.84375,0.0,0.0,0.0,0.0,0.046875,0.0,0.0,0.015625,0.0
5,2,0.046875,0.046875,0.84375,0.0,0.0,0.0,0.0,0.046875,0.0,0.0,0.015625,0.0
5,2,0.046875,0.046875,0.84375,0.0,0.0,0.0,0.0,0.046875,0.0,0.0,0.015625,0.0
5,2,0.046875,0.046875,0.84375,0.0,0.0,0.0,0.0,0.046875,0.0,0.0,0.015625,0.0
5,2,0.046875,0.046875,0.84375,0.0,0.0,0.0,0.0,0.046875,0.0,0.0,0.015625,0.0
5,2,0.046875,0.046875,0.84375,0.0,0.0,0.0,0.0,0.046875,0.0,0.0,0.015625,0.0
5,2,0.046875,0.046875,0.84375,0.0,0.0,0.0,0.0,0.046875,0.0,0.0,0.015625,0.0
5,2,0.046875,0.046875,0.84375,0.0,0.0,0.0,0.0,0.046875,0.0,0.0,0.015625,0.0
5,2,0.046875,0.046875,0.84375,0.0,0.0,0.0,0.0,0.046875,0.0,0.0,0.015625,0.0
5,2,0.046875,0.046875,0.84375,0.0,0.0,0.0,0.0,0.046875,0.0,0.0,0.015625,0.0
5,2,0.046875,0.046875,0.84375,0.0,0.0,0.0,0.0,0.046875,0.0,0.0,0.015625,0.0
5,2,0.046875,0.046875,0.84375,0.0,0.0,0.0,0.0,0.046875,0.0,0.0,0.015625,0.0
5,2,0.046875,0.046875,0.84375,0.0,0.0,0.0,0.0,0.046875,0.0,0.0,0.015625,0.0
5,2,0.046875,0.046875,0.84375,0.0,0.0,0.0,0.0,0.046875,0.0,0.0,0.015625,0.0
5,2,0.046875,0.046875,0.84375,0.0,0.0,0.0,0.0,0.046875,0.0,0.0,0.015625,0.0
5,2,0.046875,0.046875,0.84375,0.0,0.0,0.0,0.0,0.046875,0.0,0.0,0.015625,0.0
5,2,0.046875,0.046875,0.84375,0.0,0.0,0.0,0.0,0.046875,0.0,0.0,0.015625,0.0
5,2,0.046875,0.046875,0.84375,0.0,0.0,0.0,0.0,0.046875,0.0,0.0,0.015625,0.0
5,2,0.046875,0.046875,0.84375,0.0,0.0,0.0,0.0,0.046875,0.0,0.0,0.015625,0.0
5,2,0.046875,0.046875,0.84375,0.0,0.0,0.0,0.0,0.046875,0.0,0.0,0.015625,0.0
5,2,0.046875,0.046875,0.84375,0.0,0.0,0.0,0.0,0.046875,0.0,0.0,0.015625,0.0
5,2,0.046875,0.046875,0.84375,0.0,0.0,0.0,0.0,0.046875,0.0,0.0,0.015625,0.0
5,2,0.046875,0.046875,0.84375,0.0,0.0,0.0,0.0,0.046875,0.0,0.0,0.015625,0.0
5,2,0.046875,0.046875,0.84375,0.0,0.0,0.0,0.0,0.046875,0.0,0.0,0.015625,0.0
5,2,0.046875,0.046875,0.84375,0.0,0.0,0.0,0.0,0.046875,0.0,0.0,0.015625,0.0
5,2,0.046875,0.046875,0.84375,0.0,0.0,0.0,0.0,0.046875,0.0,0.0,0.015625,0.0
5,2,0.046875,0.046875,0.84375,0.0,0.0,0.0,0.0,0.046875,0.0,0.0,0.015625,0.0
5,2,0.046875,0.046875,0.84375,0.0,0.0,0.0,0.0,0.046875,0.0,0.0,0.015625,0.0
5,2,0.046875,0.046875,0.84375,0.0,0.0,0.0,0.0,0.046875,0.0,0.0,0.015625,0.0
5,2,0.046875,0.046875,0.84375,0.0,0.0,0.0,0.0,0.046875,0.0,0.0,0.015625,0.0
5,2,0.046875,0.046875,0.84375,0.0,0.0,0.0,0.0,0.046875,0.0,0.0,0.015625,0.0
5,2,0.046875,0.046875,0.84375,0.0,0.0,0.0,0.0,0.046875,0.0,0.0,0.015625,0.0
5,2,0.046875,0.046875,0.84375,0.0,0.0,0.0,0.0,0.046875,0.0,0.0,0.015625,0.0
5,2,0.046875,0.046875,0.84375,0.0,0.0,0.0,0.0,0.046875,0.0,0.0,0.015625,0.0
5,2,0.046875,0.046875,0.84375,0.0,0.0,0.0,0.0,0.046875,0.0,0.0,0.015625,0.0
5,2,0.046875,0.046875,0.84375,0.0,0.0,0.0,0.0,0.046875,0.0,0.0,0.015625,0.0
5,2,0.046875,0.046875,0.84375,0.0,0.0,0.0,0.0,0.046875,0.0,0.0,0.015625,0.0
5,2,0.046875,0.046875,0.84375,0.0,0.0,0.0,0.0,0.046875,0.0,0.0,0.015625,0.0
5,2,0.046875,0.046875,0.84375,0.0,0.0,0.0,0.0,0.046875,0.0,0.0,0.015625,0.0
5,2,0.046875,0.046875,0.84375,0.0,0.0,0.0,0.0,0.046875,0.0,0.0,0.015625,0.0
5,2,0.046875,0.046875,0.84375,0.0,0.0,0.0,0.0,0.046875,0.0,0.0,0.015625,0.0
5,2,0.046875,0.046875,0.84375,0.0,0.0,0.0,0.0,0.046875,0.0,0.0,0.015625,0.0
5,2,0.046875,0.046875,0.84375,0.0,0.0,0.0,0.0,0.046875,0.0,0.0,0.015625,0.0
5,2,0.046875,0.046875,0.84375,0.0,0.0,0.0,0.0,0.046875,0.0,0.0,0.015625,0.0
5,2,0.046875,0.046875,0.84375,0.0,0.0,0.0,0.0,0.046875,0.0,0.0,0.015625,0.0
5,2,0.046875,0.046875,0.84375,0.0,0.0,0.0,0.0,0.046875,0.0,0.0,0.015625,0.0
5,2,0.046875,0.046875,0.84375,0.0,0.0,0.0,0.0,0.046875,0.0,0.0,0.015625,0.0
5,2,0.046875,0.046875,0.84375,0.0,0.0,0.0,0.0,0.046875,0.0,0.0,0.015625,0.0
5,2,0.046875,0.046875,0.84375,0.0,0.0,0.0,0.0,0.046875,0.0,0.0,0.015625,0.0
5,2,0.046875,0.046875,0.84375,0.0,0.0,0.0,0.0,0.046875,0.0,0.0,0.015625,0.0
5,2,0.046875,0.046875,0.84375,0.0,0.0,0.0,0.0,0.046875,0.0,0.0,0.015625,0.0
5,2,0.046875,0.046875,0.859375,0.0,0.0,0.0,0.0,0.03125,0.0,0.0,0.015625,0.0
5,2,0.046875,0.046875,0.859375,0.0,0.0,0.0,0.0,0.03125,0.0,0.0,0.015625,0.0
5,2,0.046875,0.046875,0.859375,0.0,0.0,0.0,0.0,0.03125,0.0,0.0,0.015625,0.0
5,2,0.046875,0.046875,0.859375,0.0,0.0,0.0,0.0,0.03125,0.0,0.0,0.015625,0.0
5,2,0.046875,0.046875,0.859375,0.0,0.0,0.0,0.0,0.03125,0.0,0.0,0.015625,0.0
5,2,0.046875,0.046875,0.859375,0.0,0.0,0.0,0.0,0.03125,0.0,0.0,0.015625,0.0
5,2,0.046875,0.046875,0.859375,0.0,0.0,0.0,0.0,0.03125,0.0,0.0,0.015625,0.0
5,2,0.046875,0.046875,0.859375,0.0,0.0,0.0,0.0,0.03125,0.0,0.0,0.015625,0.0
5,2,0.046875,0.046875,0.859375,0.0,0.0,0.0,0.0,0.03125,0.0,0.0,0.015625,0.0
5,2,0.046875,0.046875,0.859375,0.0,0.0,0.0,0.0,0.03125,0.0,0.0,0.015625,0.0
5,2,0.046875,0.046875,0.859375,0.0,0.0,0.0,0.0,0.03125,0.0,0.0,0.015625,0.0
5,2,0.046875,0.046875,0.859375,0.0,0.0,0.0,0.0,0.03125,0.0,0.0,0.015625,0.0
5,2,0.046875,0.046875,0.859375,0.0,0.0,0.0,0.0,0.03125,0.0,0.0,0.015625,0.0
5,2,0.046875,0.046875,0.859375,0.0,0.0,0.0,0.0,0.03125,0.0,0.0,0.015625,0.0
5,2,0.046875,0.046875,0.859375,0.0,0.0,0.0,0.0,0.03125,0.0,0.0,0.015625,0.0
5,2,0.046875,0.046875,0.859375,0.0,0.0,0.0,0.0,0.03125,0.0,0.0,0.015625,0.0
5,2,0.046875,0.046875,0.859375,0.0,0.0,0.0,0.0,0.03125,0.0,0.0,0.015625,0.0
5,2,0.046875,0.046875,0.859375,0.0,0.0,0.0,0.0,0.03125,0.0,0.0,0.015625,0.0
5,2,0.046875,0.046875,0.859375,0.0,0.0,0.0,0.0,0.03125,0.0,0.0,0.015625,0.0
5,2,0.046875,0.046875,0.859375,0.0,0.0,0.0,0.0,0.03125,0.0,0.0,0.015625,0.0
5,2,0.046875,0.046875,0.859375,0.0,0.0,0.0,0.0,0.03125,0.0,0.0,0.015625,0.0
5,2,0.046875,0.046875,0.859375,0.0,0.0,0.0,0.0,0.03125,0.0,0.0,0.015625,0.0
5,2,0.046875,0.046875,0.859375,0.0,0.0,0.0,0.0,0.03125,0.0,0.0,0.015625,0.0
5,2,0.046875,0.046875,0.859375,0.0,0.0,0.0,0.0,0.03125,0.0,0.0,0.015625,0.0
5,2,0.046875,0.046875,0.859375,0.0,0.0,0.0,0.0,0.03125,0.0,0.0,0.015625,0.0
5,2,0.046875,0.046875,0.859375,0.0,0.0,0.0,0.0,0.03125,0.0,0.0,0.015625,0.0
5,2,0.046875,0.046875,0.859375,0.0,0.0,0.0,0.0,0.03125,0.0,0.0,0.015625,0.0
5,2,0.046875,0.046875,0.859375,0.0,0.0,0.0,0.0,0.03125,0.0,0.0,0.015625,0.0
5,2,0.046875,0.046875,0.859375,0.0,0.0,0.0,0.0,0.03125,0.0,0.0,0.015625,0.0
5,2,0.046875,0.046875,0.859375,0.0,0.0,0.0,0.0,0.03125,0.0,0.0,0.015625,0.0
5,2,0.046875,0.046875,0.828125,0.015625,0.0,0.0,0.0,0.046875,0.0,0.0,0.015625,0.0
5,2,0.046875,0.046875,0.828125,0.015625,0.0,0.0,0.0,0.046875,0.0,0.0,0.015625,0.0
5,2,0.046875,0.046875,0.828125,0.015625,0.0,0.0,0.0,0.046875,0.0,0.0,0.015625,0.0
5,2,0.046875,0.046875,0.828125,0.015625,0.0,0.0,0.0,0.046875,0.0,0.0,0.015625,0.0
5,2,0.046875,0.046875,0.828125,0.015625,0.0,0.0,0.0,0.046875,0.0,0.0,0.015625,0.0
5,2,0.046875,0.046875,0.828125,0.015625,0.0,0.0,0.0,0.046875,0.0,0.0,0.015625,0.0
5,2,0.046875,0.046875,0.828125,0.015625,0.0,0.0,0.0,0.046875,0.0,0.0,0.015625,0.0
5,2,0.046875,0.046875,0.828125,0.015625,0.0,0.0,0.0,0.046875,0.0,0.0,0.015625,0.0
5,2,0.046875,0.046875,0.828125,0.015625,0.0,0.0,0.0,0.046875,0.0,0.0,0.015625,0.0
5,2,0.046875,0.046875,0.828125,0.015625,0.0,0.0,0.0,0.046875,0.0,0.0,0.015625,0.0
5,2,0.046875,0.046875,0.828125,0.015625,0.0,0.0,0.0,0.046875,0.0,0.0,0.015625,0.0
5,2,0.046875,0.046875,0.828125,0.015625,0.0,0.0,0.0,0.046875,0.0,0.0,0.015625,0.0
5,2,0.046875,0.046875,0.828125,0.015625,0.0,0.0,0.0,0.046875,0.0,0.0,0.015625,0.0
5,2,0.046875,0.046875,0.828125,0.015625,0.0,0.0,0.0,0.046875,0.0,0.0,0.015625,0.0
5,2,0.046875,0.046875,0.828125,0.015625,0.0,0.0,0.0,0.046875,0.0,0.0,0.015625,0.0
5,2,0.046875,0.046875,0.828125,0.015625,0.0,0.0,0.0,0.046875,0.0,0.0,0.015625,0.0
5,2,0.046875,0.046875,0.828125,0.015625,0.0,0.0,0.0,0.046875,0.0,0.0,0.015625,0.0
5,2,0.046875,0.046875,0.828125,0.015625,0.0,0.0,0.0,0.046875,0.0,0.0,0.015625,0.0
5,2,0.046875,0.046875,0.828125,0.015625,0.0,0.0,0.0,0.046875,0.0,0.0,0.015625,0.0
5,2,0.046875,0.046875,0.828125,0.015625,0.0,0.0,0.0,0.046875,0.0,0.0,0.015625,0.0
5,2,0.046875,0.046875,0.828125,0.015625,0.0,0.0,0.0,0.046875,0.0,0.0,0.015625,0.0
5,2,0.046875,0.046875,0.828125,0.015625,0.0,0.0,0.0,0.046875,0.0,0.0,0.015625,0.0
5,2,0.046875,0.046875,0.828125,0.015625,0.0,0.0,0.0,0.046875,0.0,0.0,0.015625,0.0
5,2,0.046875,0.046875,0.828125,0.015625,0.0,0.0,0.0,0.046875,0.0,0.0,0.015625,0.0
5,2,0.046875,0.046875,0.828125,0.015625,0.0,0.0,0.0,0.046875,0.0,0.0,0.015625,0.0
5,2,0.046875,0.046875,0.828125,0.015625,0.0,0.0,0.0,0.046875,0.0,0.0,0.015625,0.0
5,2,0.046875,0.046875,0.828125,0.015625,0.0,0.0,0.0,0.046875,0.0,0.0,0.015625,0.0
5,2,0.046875,0.046875,0.828125,0.015625,0.0,0.0,0.0,0.046875,0.0,0.0,0.015625,0.0
5,2,0.046875,0.046875,0.828125,0.015625,0.0,0.0,0.0,0.046875,0.0,0.0,0.015625,0.0
5,2,0.046875,0.046875,0.828125,0.015625,0.0,0.0,0.0,0.046875,0.0,0.0,0.015625,0.0
5,2,0.046875,0.046875,0.828125,0.015625,0.0,0.0,0.0,0.046875,0.0,0.0,0.015625,0.0
5,2,0.046875,0.046875,0.828125,0.015625,0.0,0.0,0.0,0.046875,0.0,0.0,0.015625,0.0
5,2,0.046875,0.046875,0.828125,0.015625,0.0,0.0,0.0,0.046875,0.0,0.0,0.015625,0.0
5,2,0.046875,0.046875,0.828125,0.015625,0.0,0.0,0.0,0.046875,0.0,0.0,0.015625,0.0
5,2,0.046875,0.046875,0.828125,0.015625,0.0,0.0,0.0,0.046875,0.0,0.0,0.015625,0.0
5,2,0.046875,0.046875,0.828125,0.015625,0.0,0.0,0.0,0.046875,0.0,0.0,0.015625,0.0
5,2,0.046875,0.046875,0.828125,0.015625,0.0,0.0,0.0,0.046875,0.0,0.0,0.015625,0.0
5,2,0.046875,0.046875,0.828125,0.015625,0.0,0.0,0.0,0.046875,0.0,0.0,0.015625,0.0
5,2,0.046875,0.046875,0.828125,0.015625,0.0,0.0,0.0,0.046875,0.0,0.0,0.015625,0.0
5,2,0.046875,0.046875,0.828125,0.015625,0.0,0.0,0.0,0.046875,0.0,0.0,0.015625,0.0
5,2,0.046875,0.03125,0.84375,0.015625,0.0,0.0,0.0,0.046875,0.0,0.0,0.015625,0.0
5,2,0.046875,0.03125,0.84375,0.015625,0.0,0.0,0.0,0.046875,0.0,0.0,0.015625,0.0
5,2,0.046875,0.03125,0.84375,0.015625,0.0,0.0,0.0,0.046875,0.0,0.0,0.015625,0.0
5,2,0.046875,0.03125,0.84375,0.015625,0.0,0.0,0.0,0.046875,0.0,0.0,0.015625,0.0
5,2,0.046875,0.03125,0.84375,0.015625,0.0,0.0,0.0,0.046875,0.0,0.0,0.015625,0.0
5,2,0.046875,0.03125,0.84375,0.015625,0.0,0.0,0.0,0.046875,0.0,0.0,0.015625,0.0
5,2,0.046875,0.03125,0.84375,0.015625,0.0,0.0,0.0,0.046875,0.0,0.0,0.015625,0.0
5,2,0.046875,0.03125,0.84375,0.015625,0.0,0.0,0.0,0.046875,0.0,0.0,0.015625,0.0
5,2,0.046875,0.03125,0.84375,0.015625,0.0,0.0,0.0,0.046875,0.0,0.0,0.015625,0.0
5,2,0.046875,0.03125,0.84375,0.015625,0.0,0.0,0.0,0.046875,0.0,0.0,0.015625,0.0
5,2,0.046875,0.03125,0.84375,0.015625,0.0,0.0,0.0,0.046875,0.0,0.0,0.015625,0.0
5,2,0.046875,0.03125,0.84375,0.015625,0.0,0.0,0.0,0.046875,0.0,0.0,0.015625,0.0
5,2,0.046875,0.03125,0.84375,0.015625,0.0,0.0,0.0,0.046875,0.0,0.0,0.015625,0.0
5,2,0.046875,0.03125,0.84375,0.015625,0.0,0.0,0.0,0.046875,0.0,0.0,0.015625,0.0
5,2,0.046875,0.03125,0.84375,0.015625,0.0,0.0,0.0,0.046875,0.0,0.0,0.015625,0.0
5,2,0.046875,0.03125,0.84375,0.015625,0.0,0.0,0.0,0.046875,0.0,0.0,0.015625,0.0
5,2,0.046875,0.03125,0.84375,0.015625,0.0,0.0,0.0,0.046875,0.0,0.0,0.015625,0.0
5,2,0.046875,0.03125,0.84375,0.015625,0.0,0.0,0.0,0.046875,0.0,0.0,0.015625,0.0
5,2,0.046875,0.03125,0.84375,0.015625,0.0,0.0,0.0,0.046875,0.0,0.0,0.015625,0.0
5,2,0.046875,0.03125,0.84375,0.015625,0.0,0.0,0.0,0.046875,0.0,0.0,0.015625,0.0
5,2,0.046875,0.03125,0.84375,0.015625,0.0,0.0,0.0,0.046875,0.0,0.0,0.015625,0.0
5,2,0.046875,0.03125,0.84375,0.015625,0.0,0.0,0.0,0.046875,0.0,0.0,0.015625,0.0
5,2,0.046875,0.03125,0.84375,0.015625,0.0,0.0,0.0,0.046875,0.0,0.0,0.015625,0.0
5,2,0.046875,0.03125,0.84375,0.015625,0.0,0.0,0.0,0.046875,0.0,0.0,0.015625,0.0
5,2,0.046875,0.03125,0.84375,0.015625,0.0,0.0,0.0,0.046875,0.0,0.0,0.015625,0.0
5,2,0.046875,0.03125,0.84375,0.015625,0.0,0.0,0.0,0.046875,0.0,0.0,0.015625,0.0
5,2,0.046875,0.03125,0.84375,0.015625,0.0,0.0,0.0,0.046875,0.0,0.0,0.015625,0.0
5,2,0.046875,0.03125,0.84375,0.015625,0.0,0.0,0.0,0.046875,0.0,0.0,0.015625,0.0
5,2,0.046875,0.03125,0.84375,0.015625,0.0,0.0,0.0,0.046875,0.0,0.0,0.015625,0.0
5,2,0.046875,0.03125,0.84375,0.015625,0.0,0.0,0.0,0.046875,0.0,0.0,0.015625,0.0
5,2,0.046875,0.03125,0.84375,0.015625,0.0,0.0,0.0,0.046875,0.0,0.0,0.015625,0.0
5,2,0.046875,0.03125,0.84375,0.015625,0.0,0.0,0.0,0.046875,0.0,0.0,0.015625,0.0
5,2,0.0625,0.046875,0.8125,0.015625,0.0,0.0,0.0,0.046875,0.0,0.0,0.015625,0.0
5,2,0.0625,0.046875,0.8125,0.015625,0.0,0.0,0.0,0.046875,0.0,0.0,0.015625,0.0
5,2,0.0625,0.046875,0.8125,0.015625,0.0,0.0,0.0,0.046875,0.0,0.0,0.015625,0.0
5,2,0.0625,0.046875,0.8125,0.015625,0.0,0.0,0.0,0.046875,0.0,0.0,0.015625,0.0
5,2,0.0625,0.046875,0.8125,0.015625,0.0,0.0,0.0,0.046875,0.0,0.0,0.015625,0.0
5,2,0.0625,0.046875,0.8125,0.015625,0.0,0.0,0.0,0.046875,0.0,0.0,0.015625,0.0
5,2,0.0625,0.046875,0.8125,0.015625,0.0,0.0,0.0,0.046875,0.0,0.0,0.015625,0.0
5,2,0.0625,0.046875,0.8125,0.015625,0.0,0.0,0.0,0.046875,0.0,0.0,0.015625,0.0
5,2,0.0625,0.046875,0.828125,0.03125,0.0,0.0,0.0,0.03125,0.0,0.0,0.0,0.0
5,2,0.0625,0.046875,0.828125,0.03125,0.0,0.0,0.0,0.03125,0.0,0.0,0.0,0.0
5,2,0.0625,0.046875,0.828125,0.03125,0.0,0.0,0.0,0.03125,0.0,0.0,0.0,0.0
5,2,0.0625,0.046875,0.828125,0.03125,0.0,0.0,0.0,0.03125,0.0,0.0,0.0,0.0
5,2,0.0625,0.046875,0.828125,0.03125,0.0,0.0,0.0,0.03125,0.0,0.0,0.0,0.0
5,2,0.0625,0.046875,0.828125,0.03125,0.0,0.0,0.0,0.03125,0.0,0.0,0.0,0.0
5,2,0.0625,0.046875,0.828125,0.03125,0.0,0.0,0.0,0.03125,0.0,0.0,0.0,0.0
5,2,0.0625,0.046875,0.828125,0.03125,0.0,0.0,0.0,0.03125,0.0,0.0,0.0,0.0
5,2,0.0625,0.046875,0.828125,0.03125,0.0,0.0,0.0,0.03125,0.0,0.0,0.0,0.0
5,2,0.0625,0.046875,0.828125,0.03125,0.0,0.0,0.0,0.03125,0.0,0.0,0.0,0.0
5,2,0.0625,0.046875,0.84375,0.03125,0.0,0.0,0.0,0.015625,0.0,0.0,0.0,0.0
5,2,0.0625,0.046875,0.84375,0.03125,0.0,0.0,0.0,0.015625,0.0,0.0,0.0,0.0
5,2,0.0625,0.046875,0.84375,0.03125,0.0,0.0,0.0,0.015625,0.0,0.0,0.0,0.0
5,2,0.0625,0.046875,0.84375,0.03125,0.0,0.0,0.0,0.015625,0.0,0.0,0.0,0.0
5,2,0.0625,0.046875,0.84375,0.03125,0.0,0.0,0.0,0.015625,0.0,0.0,0.0,0.0
5,2,0.0625,0.046875,0.84375,0.03125,0.0,0.0,0.0,0.015625,0.0,0.0,0.0,0.0
5,2,0.06451613,0.048387095,0.8064516,0.032258064,0.0,0.0,0.0,0.032258064,0.0,0.0,0.016129032,0.0
5,2,0.06451613,0.048387095,0.8064516,0.032258064,0.0,0.0,0.0,0.032258064,0.0,0.0,0.016129032,0.0
5,2,0.06557377,0.04918033,0.8032787,0.032786883,0.0,0.0,0.0,0.032786883,0.0,0.0,0.016393442,0.0
5,2,0.06557377,0.04918033,0.8032787,0.032786883,0.0,0.0,0.0,0.032786883,0.0,0.0,0.016393442,0.0
5,2,0.06557377,0.04918033,0.8032787,0.032786883,0.0,0.0,0.0,0.032786883,0.0,0.0,0.016393442,0.0
5,2,0.06557377,0.04918033,0.8032787,0.032786883,0.0,0.0,0.0,0.032786883,0.0,0.0,0.016393442,0.0
5,2,0.06557377,0.04918033,0.8032787,0.032786883,0.0,0.0,0.0,0.032786883,0.0,0.0,0.016393442,0.0
5,2,0.06557377,0.04918033,0.8032787,0.032786883,0.0,0.0,0.0,0.032786883,0.0,0.0,0.016393442,0.0
5,2,0.06557377,0.04918033,0.8032787,0.032786883,0.0,0.0,0.0,0.032786883,0.0,0.0,0.016393442,0.0
5,2,0.06557377,0.04918033,0.8032787,0.032786883,0.0,0.0,0.0,0.032786883,0.0,0.0,0.016393442,0.0
5,2,0.06557377,0.04918033,0.8032787,0.032786883,0.0,0.0,0.0,0.032786883,0.0,0.0,0.016393442,0.0
5,2,0.06557377,0.04918033,0.8032787,0.032786883,0.0,0.0,0.0,0.032786883,0.0,0.0,0.016393442,0.0
5,2,0.06557377,0.04918033,0.8032787,0.032786883,0.0,0.0,0.0,0.032786883,0.0,0.0,0.016393442,0.0
5,2,0.06557377,0.04918033,0.8032787,0.032786883,0.0,0.0,0.0,0.032786883,0.0,0.0,0.016393442,0.0
5,2,0.06557377,0.04918033,0.8032787,0.032786883,0.0,0.0,0.0,0.032786883,0.0,0.0,0.016393442,0.0
5,2,0.06557377,0.04918033,0.8032787,0.032786883,0.0,0.0,0.0,0.032786883,0.0,0.0,0.016393442,0.0
5,2,0.06557377,0.04918033,0.8032787,0.032786883,0.0,0.0,0.0,0.032786883,0.0,0.0,0.016393442,0.0
5,2,0.06557377,0.04918033,0.8032787,0.032786883,0.0,0.0,0.0,0.032786883,0.0,0.0,0.016393442,0.0
5,2,0.06557377,0.04918033,0.8032787,0.032786883,0.0,0.0,0.0,0.032786883,0.0,0.0,0.016393442,0.0
5,2,0.06557377,0.04918033,0.8032787,0.032786883,0.0,0.0,0.0,0.032786883,0.0,0.0,0.016393442,0.0
5,2,0.06557377,0.04918033,0.8032787,0.032786883,0.0,0.0,0.0,0.032786883,0.0,0.0,0.016393442,0.0
5,2,0.06557377,0.04918033,0.8032787,0.032786883,0.0,0.0,0.0,0.032786883,0.0,0.0,0.016393442,0.0
5,2,0.06557377,0.04918033,0.8032787,0.032786883,0.0,0.0,0.0,0.032786883,0.0,0.0,0.016393442,0.0
5,2,0.06557377,0.04918033,0.8032787,0.032786883,0.0,0.0,0.0,0.032786883,0.0,0.0,0.016393442,0.0
5,2,0.06557377,0.04918033,0.8032787,0.032786883,0.0,0.0,0.0,0.032786883,0.0,0.0,0.016393442,0.0
5,2,0.06557377,0.04918033,0.8032787,0.032786883,0.0,0.0,0.0,0.032786883,0.0,0.0,0.016393442,0.0
5,2,0.06557377,0.04918033,0.8032787,0.032786883,0.0,0.0,0.0,0.032786883,0.0,0.0,0.016393442,0.0
5,2,0.06557377,0.04918033,0.8032787,0.032786883,0.0,0.0,0.0,0.032786883,0.0,0.0,0.016393442,0.0
5,2,0.06557377,0.04918033,0.8032787,0.032786883,0.0,0.0,0.0,0.032786883,0.0,0.0,0.016393442,0.0
5,2,0.06557377,0.04918033,0.8032787,0.032786883,0.0,0.0,0.0,0.032786883,0.0,0.0,0.016393442,0.0
5,2,0.06557377,0.04918033,0.8032787,0.032786883,0.0,0.0,0.0,0.032786883,0.0,0.0,0.016393442,0.0
5,2,0.06557377,0.04918033,0.8032787,0.032786883,0.0,0.0,0.0,0.032786883,0.0,0.0,0.016393442,0.0
5,2,0.06666667,0.05,0.8,0.033333335,0.0,0.0,0.0,0.033333335,0.0,0.0,0.016666668,0.0
5,2,0.06666667,0.05,0.8,0.033333335,0.0,0.0,0.0,0.033333335,0.0,0.0,0.016666668,0.0
5,2,0.06666667,0.05,0.8,0.033333335,0.0,0.0,0.0,0.033333335,0.0,0.0,0.016666668,0.0
5,2,0.06666667,0.05,0.8,0.033333335,0.0,0.0,0.0,0.033333335,0.0,0.0,0.016666668,0.0
5,2,0.06666667,0.05,0.8,0.033333335,0.0,0.0,0.0,0.033333335,0.0,0.0,0.016666668,0.0
5,2,0.06666667,0.05,0.8,0.033333335,0.0,0.0,0.0,0.033333335,0.0,0.0,0.016666668,0.0
5,2,0.06666667,0.05,0.8,0.033333335,0.0,0.0,0.0,0.033333335,0.0,0.0,0.016666668,0.0
5,2,0.06666667,0.05,0.8,0.033333335,0.0,0.0,0.0,0.033333335,0.0,0.0,0.016666668,0.0
5,2,0.06666667,0.033333335,0.81666666,0.033333335,0.0,0.0,0.0,0.033333335,0.0,0.0,0.016666668,0.0
5,2,0.06666667,0.033333335,0.81666666,0.033333335,0.0,0.0,0.0,0.033333335,0.0,0.0,0.016666668,0.0
5,2,0.06666667,0.033333335,0.81666666,0.033333335,0.0,0.0,0.0,0.033333335,0.0,0.0,0.016666668,0.0
5,2,0.06666667,0.033333335,0.81666666,0.033333335,0.0,0.0,0.0,0.033333335,0.0,0.0,0.016666668,0.0
5,2,0.06666667,0.033333335,0.81666666,0.033333335,0.0,0.0,0.0,0.033333335,0.0,0.0,0.016666668,0.0
5,2,0.06666667,0.033333335,0.81666666,0.033333335,0.0,0.0,0.0,0.033333335,0.0,0.0,0.016666668,0.0
5,2,0.06666667,0.033333335,0.81666666,0.033333335,0.0,0.0,0.0,0.033333335,0.0,0.0,0.016666668,0.0
5,2,0.06666667,0.033333335,0.81666666,0.033333335,0.0,0.0,0.0,0.033333335,0.0,0.0,0.016666668,0.0
5,2,0.06666667,0.083333336,0.75,0.033333335,0.0,0.0,0.0,0.033333335,0.0,0.0,0.033333335,0.0
5,2,0.06666667,0.083333336,0.75,0.033333335,0.0,0.0,0.0,0.033333335,0.0,0.0,0.033333335,0.0
5,2,0.06666667,0.083333336,0.75,0.033333335,0.0,0.0,0.0,0.033333335,0.0,0.0,0.033333335,0.0
5,2,0.06666667,0.083333336,0.75,0.033333335,0.0,0.0,0.0,0.033333335,0.0,0.0,0.033333335,0.0
5,2,0.06666667,0.083333336,0.75,0.033333335,0.0,0.0,0.0,0.033333335,0.0,0.0,0.033333335,0.0
5,2,0.06666667,0.083333336,0.75,0.033333335,0.0,0.0,0.0,0.033333335,0.0,0.0,0.033333335,0.0
5,2,0.06666667,0.1,0.73333335,0.033333335,0.0,0.0,0.0,0.033333335,0.0,0.0,0.033333335,0.0
5,2,0.06666667,0.1,0.73333335,0.033333335,0.0,0.0,0.0,0.033333335,0.0,0.0,0.033333335,0.0
5,2,0.06666667,0.1,0.71666664,0.033333335,0.0,0.0,0.0,0.05,0.0,0.0,0.033333335,0.0
5,2,0.06666667,0.1,0.71666664,0.033333335,0.0,0.0,0.0,0.05,0.0,0.0,0.033333335,0.0
5,2,0.06666667,0.1,0.71666664,0.033333335,0.0,0.0,0.0,0.05,0.0,0.0,0.033333335,0.0
5,2,0.06666667,0.1,0.71666664,0.033333335,0.0,0.0,0.0,0.05,0.0,0.0,0.033333335,0.0
5,2,0.1,0.1,0.6666667,0.05,0.0,0.0,0.0,0.05,0.0,0.0,0.033333335,0.0
5,2,0.1,0.1,0.6666667,0.05,0.0,0.0,0.0,0.05,0.0,0.0,0.033333335,0.0
5,2,0.1,0.1,0.6666667,0.05,0.0,0.0,0.0,0.05,0.0,0.0,0.033333335,0.0
5,2,0.1,0.1,0.6666667,0.05,0.0,0.0,0.0,0.05,0.0,0.0,0.033333335,0.0
5,2,0.13333334,0.1,0.6333333,0.05,0.0,0.0,0.0,0.05,0.0,0.0,0.033333335,0.0
5,2,0.13333334,0.1,0.6333333,0.05,0.0,0.0,0.0,0.05,0.0,0.0,0.033333335,0.0
5,2,0.13333334,0.1,0.6333333,0.05,0.0,0.0,0.0,0.05,0.0,0.0,0.033333335,0.0
5,2,0.13333334,0.1,0.6333333,0.05,0.0,0.0,0.0,0.05,0.0,0.0,0.033333335,0.0
5,2,0.13333334,0.1,0.6333333,0.05,0.0,0.0,0.0,0.05,0.0,0.0,0.033333335,0.0
5,2,0.13333334,0.1,0.6333333,0.05,0.0,0.0,0.0,0.05,0.0,0.0,0.033333335,0.0
5,2,0.13333334,0.1,0.6333333,0.05,0.0,0.0,0.0,0.05,0.0,0.0,0.033333335,0.0
5,2,0.13333334,0.1,0.6333333,0.05,0.0,0.0,0.0,0.05,0.0,0.0,0.033333335,0.0
5,2,0.11666667,0.11666667,0.6166667,0.05,0.0,0.0,0.0,0.05,0.0,0.0,0.05,0.0
5,2,0.11666667,0.11666667,0.6166667,0.05,0.0,0.0,0.0,0.05,0.0,0.0,0.05,0.0
5,2,0.11666667,0.11666667,0.6166667,0.05,0.0,0.0,0.0,0.05,0.0,0.0,0.05,0.0
5,2,0.11666667,0.11666667,0.6166667,0.05,0.0,0.0,0.0,0.05,0.0,0.0,0.05,0.0
5,2,0.114754096,0.114754096,0.60655737,0.04918033,0.0,0.0,0.0,0.04918033,0.016393442,0.0,0.04918033,0.0
5,2,0.114754096,0.114754096,0.60655737,0.04918033,0.0,0.0,0.0,0.04918033,0.016393442,0.0,0.04918033,0.0
5,2,0.114754096,0.114754096,0.59016395,0.06557377,0.0,0.0,0.0,0.04918033,0.016393442,0.0,0.04918033,0.0
5,2,0.114754096,0.114754096,0.59016395,0.06557377,0.0,0.0,0.0,0.04918033,0.016393442,0.0,0.04918033,0.0
5,2,0.13114753,0.114754096,0.57377046,0.06557377,0.0,0.0,0.0,0.04918033,0.016393442,0.0,0.04918033,0.0
5,2,0.13114753,0.114754096,0.57377046,0.06557377,0.0,0.0,0.0,0.04918033,0.016393442,0.0,0.04918033,0.0
5,2,0.13114753,0.114754096,0.57377046,0.06557377,0.0,0.0,0.0,0.04918033,0.016393442,0.0,0.04918033,0.0
5,2,0.13114753,0.114754096,0.57377046,0.06557377,0.0,0.0,0.0,0.04918033,0.016393442,0.0,0.04918033,0.0
5,2,0.13114753,0.114754096,0.55737704,0.08196721,0.0,0.0,0.0,0.04918033,0.016393442,0.0,0.04918033,0.0
5,2,0.13114753,0.114754096,0.55737704,0.08196721,0.0,0.0,0.0,0.04918033,0.016393442,0.0,0.04918033,0.0
5,2,0.13114753,0.114754096,0.5409836,0.09836066,0.0,0.0,0.0,0.04918033,0.016393442,0.0,0.04918033,0.0
5,2,0.13114753,0.114754096,0.5409836,0.09836066,0.0,0.0,0.0,0.04918033,0.016393442,0.0,0.04918033,0.0
5,2,0.13333334,0.1,0.51666665,0.13333334,0.0,0.0,0.0,0.05,0.016666668,0.0,0.05,0.0
5,2,0.13333334,0.1,0.5,0.15,0.0,0.0,0.0,0.05,0.016666668,0.0,0.05,0.0
5,2,0.13333334,0.1,0.5,0.15,0.0,0.0,0.0,0.05,0.016666668,0.0,0.05,0.0
5,2,0.13333334,0.1,0.5,0.15,0.0,0.0,0.0,0.05,0.016666668,0.0,0.05,0.0
5,2,0.13333334,0.1,0.5,0.15,0.0,0.0,0.0,0.05,0.016666668,0.0,0.05,0.0
5,2,0.13333334,0.1,0.5,0.15,0.0,0.0,0.0,0.05,0.016666668,0.0,0.05,0.0
5,2,0.13333334,0.1,0.5,0.15,0.0,0.0,0.0,0.05,0.016666668,0.0,0.05,0.0
5,2,0.13333334,0.1,0.5,0.15,0.0,0.0,0.0,0.05,0.016666668,0.0,0.05,0.0
5,2,0.13333334,0.1,0.48333332,0.18333334,0.0,0.0,0.0,0.033333335,0.016666668,0.0,0.05,0.0
5,2,0.13333334,0.1,0.48333332,0.18333334,0.0,0.0,0.0,0.033333335,0.016666668,0.0,0.05,0.0
5,2,0.13333334,0.1,0.48333332,0.18333334,0.0,0.0,0.0,0.033333335,0.016666668,0.0,0.05,0.0
5,2,0.13333334,0.1,0.48333332,0.18333334,0.0,0.0,0.0,0.033333335,0.016666668,0.0,0.05,0.0
5,2,0.13333334,0.1,0.48333332,0.18333334,0.0,0.0,0.0,0.033333335,0.016666668,0.0,0.05,0.0
5,2,0.13333334,0.1,0.48333332,0.18333334,0.0,0.0,0.0,0.033333335,0.016666668,0.0,0.05,0.0
5,2,0.1,0.1,0.46666667,0.2,0.0,0.0,0.0,0.05,0.016666668,0.0,0.05,0.016666668
5,2,0.1,0.1,0.46666667,0.2,0.0,0.0,0.0,0.05,0.016666668,0.0,0.05,0.016666668
6,2,0.11666667,0.1,0.41666666,0.21666667,0.0,0.0,0.0,0.05,0.033333335,0.0,0.05,0.016666668
6,2,0.11666667,0.1,0.41666666,0.21666667,0.0,0.0,0.0,0.05,0.033333335,0.0,0.05,0.016666668
6,2,0.11666667,0.1,0.41666666,0.21666667,0.0,0.0,0.0,0.05,0.033333335,0.0,0.05,0.016666668
6,2,0.11666667,0.1,0.41666666,0.21666667,0.0,0.0,0.0,0.05,0.033333335,0.0,0.05,0.016666668
6,2,0.11666667,0.1,0.41666666,0.21666667,0.0,0.0,0.0,0.05,0.033333335,0.0,0.05,0.016666668
6,2,0.11666667,0.1,0.4,0.23333333,0.0,0.0,0.0,0.05,0.033333335,0.0,0.05,0.016666668
6,2,0.11666667,0.1,0.4,0.23333333,0.0,0.0,0.0,0.05,0.033333335,0.0,0.05,0.016666668
6,2,0.11666667,0.1,0.4,0.23333333,0.0,0.0,0.0,0.05,0.033333335,0.0,0.05,0.016666668
6,2,0.11666667,0.1,0.4,0.23333333,0.0,0.0,0.0,0.05,0.033333335,0.0,0.05,0.016666668
6,2,0.11666667,0.1,0.4,0.23333333,0.0,0.0,0.0,0.05,0.033333335,0.0,0.05,0.016666668
6,2,0.11666667,0.1,0.4,0.23333333,0.0,0.0,0.0,0.05,0.033333335,0.0,0.05,0.016666668
6,2,0.11666667,0.1,0.4,0.23333333,0.0,0.0,0.0,0.05,0.033333335,0.0,0.05,0.016666668
6,2,0.11666667,0.1,0.38333333,0.25,0.0,0.0,0.0,0.05,0.033333335,0.0,0.05,0.016666668
6,2,0.11666667,0.1,0.38333333,0.25,0.0,0.0,0.0,0.05,0.033333335,0.0,0.05,0.016666668
6,2,0.11666667,0.1,0.38333333,0.25,0.0,0.0,0.0,0.05,0.033333335,0.0,0.05,0.016666668
6,2,0.11666667,0.1,0.38333333,0.25,0.0,0.0,0.0,0.05,0.033333335,0.0,0.05,0.016666668
6,2,0.11666667,0.1,0.33333334,0.28333333,0.016666668,0.0,0.0,0.05,0.033333335,0.0,0.05,0.016666668
6,2,0.11666667,0.1,0.33333334,0.28333333,0.016666668,0.0,0.0,0.05,0.033333335,0.0,0.05,0.016666668
6,2,0.11666667,0.1,0.33333334,0.28333333,0.016666668,0.0,0.0,0.05,0.033333335,0.0,0.05,0.016666668
6,2,0.11666667,0.1,0.33333334,0.28333333,0.016666668,0.0,0.0,0.05,0.033333335,0.0,0.05,0.016666668
6,2,0.11666667,0.1,0.33333334,0.28333333,0.016666668,0.0,0.0,0.05,0.033333335,0.0,0.05,0.016666668
6,2,0.11666667,0.1,0.33333334,0.28333333,0.016666668,0.0,0.0,0.05,0.033333335,0.0,0.05,0.016666668
6,2,0.11666667,0.1,0.33333334,0.28333333,0.016666668,0.0,0.0,0.05,0.033333335,0.0,0.05,0.016666668
6,2,0.11666667,0.1,0.33333334,0.28333333,0.016666668,0.0,0.0,0.05,0.033333335,0.0,0.05,0.016666668
6,2,0.114754096,0.09836066,0.29508197,0.29508197,0.016393442,0.0,0.016393442,0.04918033,0.04918033,0.0,0.04918033,0.016393442
6,2,0.114754096,0.09836066,0.29508197,0.29508197,0.016393442,0.0,0.016393442,0.04918033,0.04918033,0.0,0.04918033,0.016393442
6,3,0.13114753,0.09836066,0.27868852,0.3114754,0.016393442,0.0,0.016393442,0.04918033,0.04918033,0.0,0.04918033,0.0
6,3,0.13114753,0.09836066,0.27868852,0.3114754,0.016393442,0.0,0.016393442,0.04918033,0.04918033,0.0,0.04918033,0.0
6,3,0.114754096,0.09836066,0.26229507,0.3442623,0.016393442,0.0,0.016393442,0.04918033,0.04918033,0.0,0.04918033,0.0
6,3,0.114754096,0.09836066,0.27868852,0.3442623,0.016393442,0.0,0.016393442,0.04918033,0.032786883,0.0,0.04918033,0.0
6,3,0.114754096,0.09836066,0.26229507,0.36065573,0.016393442,0.0,0.016393442,0.04918033,0.032786883,0.0,0.04918033,0.0
6,3,0.114754096,0.09836066,0.26229507,0.36065573,0.016393442,0.0,0.016393442,0.04918033,0.032786883,0.0,0.04918033,0.0
6,3,0.114754096,0.09836066,0.26229507,0.36065573,0.016393442,0.0,0.016393442,0.04918033,0.032786883,0.0,0.04918033,0.0
6,3,0.114754096,0.09836066,0.26229507,0.36065573,0.016393442,0.0,0.016393442,0.04918033,0.032786883,0.0,0.04918033,0.0
6,3,0.114754096,0.09836066,0.26229507,0.36065573,0.016393442,0.0,0.016393442,0.04918033,0.032786883,0.0,0.04918033,0.0
6,3,0.114754096,0.09836066,0.26229507,0.36065573,0.016393442,0.0,0.016393442,0.04918033,0.032786883,0.0,0.04918033,0.0
6,3,0.114754096,0.09836066,0.26229507,0.36065573,0.016393442,0.0,0.016393442,0.04918033,0.032786883,0.0,0.04918033,0.0
6,3,0.114754096,0.09836066,0.26229507,0.36065573,0.016393442,0.0,0.032786883,0.032786883,0.032786883,0.0,0.04918033,0.0
6,3,0.114754096,0.09836066,0.26229507,0.36065573,0.016393442,0.0,0.032786883,0.032786883,0.032786883,0.0,0.04918033,0.0
6,3,0.114754096,0.09836066,0.26229507,0.36065573,0.016393442,0.0,0.032786883,0.032786883,0.032786883,0.0,0.04918033,0.0
6,3,0.08064516,0.08064516,0.12903225,0.516129,0.016129032,0.0,0.048387095,0.048387095,0.032258064,0.0,0.048387095,0.0
6,3,0.08064516,0.08064516,0.12903225,0.516129,0.016129032,0.0,0.048387095,0.048387095,0.032258064,0.0,0.048387095,0.0
6,3,0.08064516,0.08064516,0.12903225,0.516129,0.016129032,0.0,0.048387095,0.048387095,0.032258064,0.0,0.048387095,0.0
6,3,0.08064516,0.08064516,0.12903225,0.516129,0.016129032,0.0,0.048387095,0.048387095,0.032258064,0.0,0.048387095,0.0
6,3,0.08064516,0.08064516,0.12903225,0.516129,0.016129032,0.0,0.048387095,0.048387095,0.032258064,0.0,0.048387095,0.0
6,3,0.08064516,0.08064516,0.12903225,0.516129,0.016129032,0.0,0.048387095,0.048387095,0.032258064,0.0,0.048387095,0.0
6,3,0.08064516,0.08064516,0.12903225,0.5322581,0.016129032,0.0,0.048387095,0.048387095,0.016129032,0.0,0.048387095,0.0
6,3,0.08064516,0.08064516,0.12903225,0.5322581,0.016129032,0.0,0.048387095,0.048387095,0.016129032,0.0,0.048387095,0.0
6,3,0.08064516,0.08064516,0.12903225,0.5322581,0.016129032,0.0,0.048387095,0.048387095,0.016129032,0.0,0.048387095,0.0
6,3,0.08064516,0.08064516,0.12903225,0.5322581,0.016129032,0.0,0.048387095,0.048387095,0.016129032,0.0,0.048387095,0.0
6,3,0.08064516,0.08064516,0.12903225,0.5322581,0.016129032,0.0,0.048387095,0.048387095,0.016129032,0.0,0.048387095,0.0
6,3,0.08064516,0.08064516,0.12903225,0.5322581,0.016129032,0.0,0.048387095,0.048387095,0.016129032,0.0,0.048387095,0.0
6,3,0.08064516,0.08064516,0.12903225,0.5483871,0.016129032,0.0,0.048387095,0.048387095,0.016129032,0.0,0.032258064,0.0
6,3,0.08064516,0.08064516,0.12903225,0.5483871,0.016129032,0.0,0.048387095,0.048387095,0.016129032,0.0,0.032258064,0.0
6,3,0.08064516,0.08064516,0.12903225,0.5483871,0.016129032,0.0,0.048387095,0.048387095,0.016129032,0.0,0.032258064,0.0
6,3,0.08064516,0.08064516,0.12903225,0.5483871,0.016129032,0.0,0.048387095,0.048387095,0.016129032,0.0,0.032258064,0.0
6,3,0.08064516,0.08064516,0.11290322,0.5645161,0.016129032,0.0,0.048387095,0.048387095,0.016129032,0.0,0.032258064,0.0
6,3,0.08064516,0.08064516,0.11290322,0.5645161,0.016129032,0.0,0.048387095,0.048387095,0.016129032,0.0,0.032258064,0.0
6,3,0.08064516,0.08064516,0.11290322,0.5645161,0.016129032,0.0,0.048387095,0.048387095,0.016129032,0.0,0.032258064,0.0
6,3,0.08064516,0.08064516,0.11290322,0.5645161,0.016129032,0.0,0.048387095,0.048387095,0.016129032,0.0,0.032258064,0.0
6,3,0.08064516,0.08064516,0.11290322,0.5645161,0.016129032,0.0,0.048387095,0.048387095,0.016129032,0.0,0.032258064,0.0
6,3,0.08064516,0.08064516,0.11290322,0.5645161,0.016129032,0.0,0.048387095,0.048387095,0.016129032,0.0,0.032258064,0.0
6,3,0.08064516,0.08064516,0.11290322,0.5645161,0.016129032,0.0,0.048387095,0.048387095,0.016129032,0.0,0.032258064,0.0
6,3,0.06451613,0.08064516,0.12903225,0.5645161,0.016129032,0.0,0.048387095,0.048387095,0.016129032,0.0,0.032258064,0.0
6,3,0.06451613,0.08064516,0.12903225,0.58064514,0.016129032,0.0,0.048387095,0.032258064,0.016129032,0.0,0.032258064,0.0
6,3,0.06451613,0.08064516,0.12903225,0.58064514,0.016129032,0.0,0.048387095,0.032258064,0.016129032,0.0,0.032258064,0.0
6,3,0.06451613,0.08064516,0.12903225,0.58064514,0.016129032,0.0,0.048387095,0.032258064,0.016129032,0.0,0.032258064,0.0
6,3,0.06451613,0.08064516,0.12903225,0.58064514,0.016129032,0.0,0.048387095,0.032258064,0.016129032,0.0,0.032258064,0.0
6,3,0.04761905,0.07936508,0.11111111,0.6031746,0.015873017,0.0,0.04761905,0.031746034,0.015873017,0.0,0.031746034,0.015873017
6,3,0.04761905,0.07936508,0.11111111,0.6031746,0.015873017,0.0,0.04761905,0.031746034,0.015873017,0.0,0.031746034,0.015873017
6,3,0.04761905,0.06349207,0.11111111,0.63492066,0.015873017,0.0,0.04761905,0.015873017,0.015873017,0.0,0.031746034,0.015873017
6,3,0.04761905,0.06349207,0.11111111,0.63492066,0.015873017,0.0,0.04761905,0.015873017,0.015873017,0.0,0.031746034,0.015873017
6,3,0.031746034,0.06349207,0.11111111,0.6666667,0.015873017,0.0,0.04761905,0.015873017,0.015873017,0.0,0.015873017,0.015873017
6,3,0.031746034,0.06349207,0.11111111,0.6666667,0.015873017,0.0,0.04761905,0.015873017,0.015873017,0.0,0.015873017,0.015873017
6,3,0.031746034,0.06349207,0.11111111,0.6666667,0.015873017,0.0,0.04761905,0.015873017,0.015873017,0.0,0.015873017,0.015873017
6,3,0.031746034,0.06349207,0.11111111,0.6666667,0.015873017,0.0,0.04761905,0.015873017,0.015873017,0.0,0.015873017,0.015873017
6,3,0.031746034,0.06349207,0.11111111,0.6666667,0.031746034,0.0,0.04761905,0.015873017,0.015873017,0.0,0.0,0.015873017
6,3,0.031746034,0.06349207,0.11111111,0.6666667,0.031746034,0.0,0.04761905,0.015873017,0.015873017,0.0,0.0,0.015873017
6,3,0.031746034,0.06349207,0.11111111,0.6666667,0.031746034,0.0,0.04761905,0.015873017,0.015873017,0.0,0.0,0.015873017
6,3,0.031746034,0.06349207,0.11111111,0.6666667,0.031746034,0.0,0.04761905,0.015873017,0.015873017,0.0,0.0,0.015873017
6,3,0.015873017,0.07936508,0.11111111,0.6666667,0.031746034,0.0,0.04761905,0.015873017,0.015873017,0.0,0.0,0.015873017
6,3,0.015873017,0.07936508,0.11111111,0.6666667,0.031746034,0.0,0.04761905,0.015873017,0.015873017,0.0,0.0,0.015873017
6,3,0.015873017,0.07936508,0.0952381,0.6825397,0.031746034,0.0,0.06349207,0.015873017,0.015873017,0.0,0.0,0.0
6,3,0.015873017,0.07936508,0.0952381,0.6825397,0.031746034,0.0,0.06349207,0.015873017,0.015873017,0.0,0.0,0.0
6,3,0.015873017,0.07936508,0.0952381,0.6825397,0.031746034,0.0,0.06349207,0.015873017,0.015873017,0.0,0.0,0.0
6,3,0.015873017,0.07936508,0.0952381,0.6825397,0.031746034,0.0,0.06349207,0.015873017,0.015873017,0.0,0.0,0.0
6,3,0.015873017,0.07936508,0.0952381,0.6825397,0.031746034,0.0,0.06349207,0.015873017,0.015873017,0.0,0.0,0.0
6,3,0.015873017,0.07936508,0.0952381,0.6825397,0.031746034,0.0,0.06349207,0.015873017,0.015873017,0.0,0.0,0.0
6,3,0.0,0.031746034,0.04761905,0.82539684,0.015873017,0.0,0.06349207,0.0,0.015873017,0.0,0.0,0.0
6,3,0.0,0.031746034,0.04761905,0.82539684,0.015873017,0.0,0.06349207,0.0,0.015873017,0.0,0.0,0.0
6,3,0.0,0.031746034,0.04761905,0.82539684,0.015873017,0.0,0.06349207,0.0,0.015873017,0.0,0.0,0.0
6,3,0.0,0.031746034,0.04761905,0.82539684,0.015873017,0.0,0.06349207,0.0,0.015873017,0.0,0.0,0.0
6,3,0.0,0.031746034,0.04761905,0.82539684,0.015873017,0.0,0.06349207,0.0,0.015873017,0.0,0.0,0.0
6,3,0.0,0.031746034,0.04761905,0.82539684,0.015873017,0.0,0.06349207,0.0,0.015873017,0.0,0.0,0.0
6,3,0.0,0.031746034,0.04761905,0.82539684,0.015873017,0.0,0.06349207,0.0,0.015873017,0.0,0.0,0.0
6,3,0.0,0.031746034,0.04761905,0.82539684,0.015873017,0.0,0.06349207,0.0,0.015873017,0.0,0.0,0.0
6,3,0.0,0.03125,0.03125,0.828125,0.015625,0.0,0.078125,0.0,0.015625,0.0,0.0,0.0
6,3,0.0,0.03125,0.03125,0.828125,0.015625,0.0,0.078125,0.0,0.015625,0.0,0.0,0.0
6,3,0.0,0.03125,0.03125,0.828125,0.015625,0.0,0.078125,0.0,0.015625,0.0,0.0,0.0
6,3,0.0,0.03125,0.03125,0.828125,0.015625,0.0,0.078125,0.0,0.015625,0.0,0.0,0.0
6,3,0.0,0.015625,0.03125,0.84375,0.015625,0.0,0.078125,0.0,0.015625,0.0,0.0,0.0
6,3,0.0,0.015625,0.03125,0.84375,0.015625,0.0,0.078125,0.0,0.015625,0.0,0.0,0.0
6,3,0.0,0.015625,0.03125,0.84375,0.015625,0.0,0.078125,0.0,0.015625,0.0,0.0,0.0
6,3,0.0,0.015625,0.03125,0.84375,0.015625,0.0,0.078125,0.0,0.015625,0.0,0.0,0.0
6,3,0.0,0.015625,0.03125,0.84375,0.015625,0.0,0.078125,0.0,0.015625,0.0,0.0,0.0
6,3,0.0,0.015625,0.03125,0.84375,0.015625,0.0,0.078125,0.0,0.015625,0.0,0.0,0.0
6,3,0.0,0.015625,0.03125,0.84375,0.015625,0.0,0.078125,0.0,0.015625,0.0,0.0,0.0
6,3,0.0,0.015625,0.03125,0.84375,0.015625,0.0,0.078125,0.0,0.015625,0.0,0.0,0.0
6,3,0.0,0.015625,0.03125,0.84375,0.015625,0.0,0.078125,0.0,0.015625,0.0,0.0,0.0
6,3,0.0,0.015625,0.03125,0.84375,0.015625,0.0,0.078125,0.0,0.015625,0.0,0.0,0.0
6,3,0.0,0.015625,0.03125,0.84375,0.015625,0.0,0.078125,0.0,0.015625,0.0,0.0,0.0
6,3,0.0,0.015625,0.03125,0.84375,0.015625,0.0,0.078125,0.0,0.015625,0.0,0.0,0.0
6,3,0.0,0.0,0.015625,0.859375,0.015625,0.0,0.09375,0.0,0.015625,0.0,0.0,0.0
6,3,0.0,0.0,0.015625,0.859375,0.015625,0.0,0.09375,0.0,0.015625,0.0,0.0,0.0
6,3,0.0,0.0,0.015625,0.859375,0.015625,0.0,0.09375,0.0,0.015625,0.0,0.0,0.0
6,3,0.0,0.0,0.015625,0.859375,0.015625,0.0,0.09375,0.0,0.015625,0.0,0.0,0.0
6,3,0.0,0.0,0.015625,0.859375,0.015625,0.0,0.09375,0.0,0.015625,0.0,0.0,0.0
6,3,0.0,0.0,0.015625,0.859375,0.015625,0.0,0.09375,0.0,0.015625,0.0,0.0,0.0
6,3,0.0,0.0,0.015625,0.859375,0.015625,0.0,0.09375,0.0,0.015625,0.0,0.0,0.0
6,3,0.0,0.0,0.015625,0.859375,0.015625,0.0,0.09375,0.0,0.015625,0.0,0.0,0.0
6,3,0.0,0.0,0.015625,0.859375,0.015625,0.0,0.09375,0.0,0.015625,0.0,0.0,0.0
6,3,0.0,0.0,0.015625,0.859375,0.015625,0.0,0.09375,0.0,0.015625,0.0,0.0,0.0
6,3,0.0,0.0,0.015625,0.859375,0.015625,0.0,0.09375,0.0,0.015625,0.0,0.0,0.0
6,3,0.0,0.0,0.015625,0.859375,0.015625,0.0,0.09375,0.0,0.015625,0.0,0.0,0.0
6,3,0.0,0.0,0.015625,0.859375,0.015625,0.0,0.09375,0.0,0.015625,0.0,0.0,0.0
6,3,0.0,0.0,0.015625,0.859375,0.015625,0.0,0.09375,0.0,0.015625,0.0,0.0,0.0
6,3,0.0,0.0,0.015625,0.859375,0.015625,0.0,0.09375,0.0,0.015625,0.0,0.0,0.0
6,3,0.0,0.0,0.015625,0.859375,0.015625,0.0,0.09375,0.0,0.015625,0.0,0.0,0.0
6,3,0.0,0.0,0.015625,0.859375,0.015625,0.0,0.09375,0.0,0.015625,0.0,0.0,0.0
6,3,0.0,0.0,0.015625,0.859375,0.015625,0.0,0.09375,0.0,0.015625,0.0,0.0,0.0
6,3,0.0,0.0,0.015625,0.859375,0.015625,0.0,0.09375,0.0,0.015625,0.0,0.0,0.0
6,3,0.0,0.0,0.015625,0.859375,0.015625,0.0,0.09375,0.0,0.015625,0.0,0.0,0.0
6,3,0.0,0.0,0.015625,0.859375,0.015625,0.0,0.09375,0.0,0.015625,0.0,0.0,0.0
6,3,0.0,0.0,0.015625,0.859375,0.015625,0.0,0.09375,0.0,0.015625,0.0,0.0,0.0
6,3,0.0,0.0,0.015625,0.859375,0.015625,0.0,0.09375,0.0,0.015625,0.0,0.0,0.0
6,3,0.0,0.0,0.015625,0.859375,0.015625,0.0,0.09375,0.0,0.015625,0.0,0.0,0.0
6,3,0.0,0.0,0.0,0.859375,0.015625,0.015625,0.09375,0.0,0.015625,0.0,0.0,0.0
6,3,0.0,0.0,0.0,0.859375,0.015625,0.015625,0.09375,0.0,0.015625,0.0,0.0,0.0
6,3,0.0,0.0,0.0,0.859375,0.015625,0.015625,0.09375,0.0,0.015625,0.0,0.0,0.0
6,3,0.0,0.0,0.0,0.859375,0.015625,0.015625,0.09375,0.0,0.015625,0.0,0.0,0.0
6,3,0.0,0.0,0.0,0.859375,0.015625,0.015625,0.09375,0.0,0.015625,0.0,0.0,0.0
6,3,0.0,0.0,0.0,0.859375,0.015625,0.015625,0.09375,0.0,0.015625,0.0,0.0,0.0
6,3,0.0,0.0,0.0,0.859375,0.015625,0.015625,0.09375,0.0,0.015625,0.0,0.0,0.0
6,3,0.0,0.0,0.0,0.859375,0.015625,0.015625,0.09375,0.0,0.015625,0.0,0.0,0.0
6,3,0.0,0.0,0.0,0.859375,0.015625,0.015625,0.09375,0.0,0.015625,0.0,0.0,0.0
6,3,0.0,0.0,0.0,0.859375,0.015625,0.015625,0.09375,0.0,0.015625,0.0,0.0,0.0
6,3,0.0,0.0,0.0,0.859375,0.015625,0.015625,0.09375,0.0,0.015625,0.0,0.0,0.0
6,3,0.0,0.0,0.0,0.859375,0.015625,0.015625,0.09375,0.0,0.015625,0.0,0.0,0.0
6,3,0.0,0.0,0.0,0.859375,0.015625,0.015625,0.09375,0.0,0.015625,0.0,0.0,0.0
6,3,0.0,0.0,0.0,0.859375,0.015625,0.015625,0.09375,0.0,0.015625,0.0,0.0,0.0
6,3,0.0,0.0,0.0,0.859375,0.015625,0.015625,0.09375,0.0,0.015625,0.0,0.0,0.0
6,3,0.0,0.0,0.0,0.859375,0.015625,0.015625,0.09375,0.0,0.015625,0.0,0.0,0.0
6,3,0.0,0.0,0.0,0.84375,0.03125,0.015625,0.09375,0.0,0.015625,0.0,0.0,0.0
6,3,0.0,0.0,0.0,0.84375,0.03125,0.015625,0.09375,0.0,0.015625,0.0,0.0,0.0
6,3,0.0,0.0,0.0,0.84375,0.03125,0.015625,0.09375,0.0,0.015625,0.0,0.0,0.0
6,3,0.0,0.0,0.0,0.84375,0.03125,0.015625,0.09375,0.0,0.015625,0.0,0.0,0.0
6,3,0.0,0.0,0.0,0.84375,0.03125,0.015625,0.09375,0.0,0.015625,0.0,0.0,0.0
6,3,0.0,0.0,0.0,0.84375,0.03125,0.015625,0.09375,0.0,0.015625,0.0,0.0,0.0
6,3,0.0,0.0,0.0,0.84375,0.03125,0.015625,0.09375,0.0,0.015625,0.0,0.0,0.0
6,3,0.0,0.0,0.0,0.84375,0.03125,0.015625,0.09375,0.0,0.015625,0.0,0.0,0.0
6,3,0.0,0.0,0.0,0.84375,0.03125,0.015625,0.09375,0.0,0.015625,0.0,0.0,0.0
6,3,0.0,0.0,0.0,0.84375,0.03125,0.015625,0.09375,0.0,0.015625,0.0,0.0,0.0
6,3,0.0,0.0,0.0,0.84375,0.03125,0.015625,0.09375,0.0,0.015625,0.0,0.0,0.0
6,3,0.0,0.0,0.0,0.84375,0.03125,0.015625,0.09375,0.0,0.015625,0.0,0.0,0.0
6,3,0.0,0.0,0.0,0.84375,0.03125,0.015625,0.09375,0.0,0.015625,0.0,0.0,0.0
6,3,0.0,0.0,0.0,0.84375,0.03125,0.015625,0.09375,0.0,0.015625,0.0,0.0,0.0
6,3,0.0,0.0,0.0,0.84375,0.03125,0.015625,0.09375,0.0,0.015625,0.0,0.0,0.0
6,3,0.0,0.0,0.0,0.84375,0.03125,0.015625,0.09375,0.0,0.015625,0.0,0.0,0.0
6,3,0.0,0.0,0.0,0.84375,0.03125,0.015625,0.09375,0.0,0.015625,0.0,0.0,0.0
6,3,0.0,0.0,0.0,0.84375,0.03125,0.015625,0.09375,0.0,0.015625,0.0,0.0,0.0
6,3,0.0,0.0,0.0,0.84375,0.03125,0.015625,0.09375,0.0,0.015625,0.0,0.0,0.0
6,3,0.0,0.0,0.0,0.84375,0.03125,0.015625,0.09375,0.0,0.015625,0.0,0.0,0.0
6,3,0.0,0.0,0.0,0.84375,0.03125,0.015625,0.09375,0.0,0.015625,0.0,0.0,0.0
6,3,0.0,0.0,0.0,0.84375,0.03125,0.015625,0.09375,0.0,0.015625,0.0,0.0,0.0
6,3,0.0,0.0,0.0,0.84375,0.03125,0.015625,0.09375,0.0,0.015625,0.0,0.0,0.0
6,3,0.0,0.0,0.0,0.84375,0.03125,0.015625,0.09375,0.0,0.015625,0.0,0.0,0.0
6,3,0.0,0.0,0.0,0.84375,0.03125,0.015625,0.09375,0.0,0.015625,0.0,0.0,0.0
6,3,0.0,0.0,0.0,0.84375,0.03125,0.015625,0.09375,0.0,0.015625,0.0,0.0,0.0
6,3,0.0,0.0,0.0,0.84375,0.03125,0.015625,0.09375,0.0,0.015625,0.0,0.0,0.0
6,3,0.0,0.0,0.0,0.84375,0.03125,0.015625,0.09375,0.0,0.015625,0.0,0.0,0.0
6,3,0.0,0.0,0.0,0.828125,0.046875,0.015625,0.09375,0.0,0.015625,0.0,0.0,0.0
6,3,0.0,0.0,0.0,0.828125,0.046875,0.015625,0.09375,0.0,0.015625,0.0,0.0,0.0
6,3,0.0,0.0,0.0,0.828125,0.046875,0.015625,0.09375,0.0,0.015625,0.0,0.0,0.0
6,3,0.0,0.0,0.0,0.828125,0.046875,0.015625,0.09375,0.0,0.015625,0.0,0.0,0.0
6,3,0.0,0.0,0.0,0.796875,0.0625,0.015625,0.109375,0.0,0.015625,0.0,0.0,0.0
6,3,0.0,0.0,0.0,0.796875,0.0625,0.015625,0.109375,0.0,0.015625,0.0,0.0,0.0
6,3,0.0,0.0,0.0,0.796875,0.0625,0.015625,0.109375,0.0,0.015625,0.0,0.0,0.0
6,3,0.0,0.0,0.0,0.796875,0.0625,0.015625,0.109375,0.0,0.015625,0.0,0.0,0.0
6,3,0.0,0.0,0.0,0.796875,0.0625,0.015625,0.109375,0.0,0.015625,0.0,0.0,0.0
6,3,0.0,0.0,0.0,0.796875,0.0625,0.015625,0.109375,0.0,0.015625,0.0,0.0,0.0
6,3,0.0,0.0,0.0,0.796875,0.0625,0.015625,0.109375,0.0,0.015625,0.0,0.0,0.0
6,3,0.0,0.0,0.0,0.796875,0.0625,0.015625,0.109375,0.0,0.015625,0.0,0.0,0.0
6,3,0.0,0.0,0.0,0.796875,0.0625,0.015625,0.109375,0.0,0.015625,0.0,0.0,0.0
6,3,0.0,0.0,0.0,0.796875,0.0625,0.015625,0.109375,0.0,0.015625,0.0,0.0,0.0
6,3,0.0,0.0,0.0,0.796875,0.0625,0.015625,0.109375,0.0,0.015625,0.0,0.0,0.0
6,3,0.0,0.0,0.0,0.796875,0.0625,0.015625,0.109375,0.0,0.015625,0.0,0.0,0.0
6,3,0.0,0.0,0.0,0.796875,0.0625,0.015625,0.109375,0.0,0.015625,0.0,0.0,0.0
6,3,0.0,0.0,0.0,0.796875,0.0625,0.015625,0.109375,0.0,0.015625,0.0,0.0,0.0
6,3,0.0,0.0,0.0,0.796875,0.0625,0.015625,0.109375,0.0,0.015625,0.0,0.0,0.0
6,3,0.0,0.0,0.0,0.796875,0.0625,0.015625,0.109375,0.0,0.015625,0.0,0.0,0.0
6,3,0.0,0.0,0.0,0.78125,0.078125,0.015625,0.109375,0.0,0.015625,0.0,0.0,0.0
6,3,0.0,0.0,0.0,0.78125,0.078125,0.015625,0.109375,0.0,0.015625,0.0,0.0,0.0
6,3,0.0,0.0,0.0,0.78125,0.078125,0.015625,0.109375,0.0,0.015625,0.0,0.0,0.0
6,3,0.0,0.0,0.0,0.78125,0.078125,0.015625,0.109375,0.0,0.015625,0.0,0.0,0.0
6,3,0.0,0.0,0.0,0.78125,0.078125,0.015625,0.109375,0.0,0.015625,0.0,0.0,0.0
6,3,0.0,0.0,0.0,0.78125,0.078125,0.015625,0.109375,0.0,0.015625,0.0,0.0,0.0
6,3,0.0,0.0,0.0,0.78125,0.078125,0.015625,0.109375,0.0,0.015625,0.0,0.0,0.0
6,3,0.0,0.0,0.0,0.78125,0.078125,0.015625,0.109375,0.0,0.015625,0.0,0.0,0.0
6,3,0.0,0.0,0.0,0.765625,0.109375,0.03125,0.078125,0.0,0.015625,0.0,0.0,0.0
6,3,0.0,0.0,0.0,0.765625,0.109375,0.03125,0.078125,0.0,0.015625,0.0,0.0,0.0
6,3,0.0,0.0,0.0,0.765625,0.109375,0.03125,0.078125,0.0,0.015625,0.0,0.0,0.0
6,3,0.0,0.0,0.0,0.765625,0.109375,0.03125,0.078125,0.0,0.015625,0.0,0.0,0.0
6,3,0.0,0.0,0.0,0.765625,0.109375,0.03125,0.078125,0.0,0.015625,0.0,0.0,0.0
6,3,0.0,0.0,0.0,0.765625,0.109375,0.03125,0.078125,0.0,0.015625,0.0,0.0,0.0
6,3,0.0,0.0,0.0,0.765625,0.109375,0.03125,0.078125,0.0,0.015625,0.0,0.0,0.0
6,3,0.0,0.0,0.0,0.765625,0.109375,0.03125,0.078125,0.0,0.015625,0.0,0.0,0.0
6,3,0.0,0.0,0.0,0.75,0.125,0.03125,0.078125,0.0,0.015625,0.0,0.0,0.0
6,3,0.0,0.0,0.0,0.75,0.125,0.03125,0.078125,0.0,0.015625,0.0,0.0,0.0
6,3,0.0,0.0,0.0,0.75,0.125,0.03125,0.078125,0.0,0.015625,0.0,0.0,0.0
6,3,0.0,0.0,0.0,0.734375,0.140625,0.03125,0.078125,0.0,0.015625,0.0,0.0,0.0
6,3,0.0,0.0,0.0,0.71875,0.15625,0.03125,0.078125,0.0,0.015625,0.0,0.0,0.0
6,3,0.0,0.0,0.0,0.71875,0.15625,0.03125,0.078125,0.0,0.015625,0.0,0.0,0.0
6,3,0.0,0.0,0.0,0.71875,0.15625,0.03125,0.078125,0.0,0.015625,0.0,0.0,0.0
6,3,0.0,0.0,0.0,0.71875,0.15625,0.03125,0.078125,0.0,0.015625,0.0,0.0,0.0
6,3,0.0,0.0,0.0,0.71875,0.15625,0.03125,0.078125,0.0,0.015625,0.0,0.0,0.0
6,3,0.0,0.0,0.0,0.71875,0.15625,0.03125,0.078125,0.0,0.015625,0.0,0.0,0.0
6,3,0.0,0.0,0.0,0.71875,0.15625,0.03125,0.078125,0.0,0.015625,0.0,0.0,0.0
6,3,0.0,0.0,0.0,0.71875,0.15625,0.03125,0.078125,0.0,0.015625,0.0,0.0,0.0
6,3,0.0,0.0,0.0,0.71875,0.15625,0.03125,0.078125,0.0,0.015625,0.0,0.0,0.0
6,3,0.0,0.0,0.0,0.703125,0.171875,0.03125,0.078125,0.0,0.015625,0.0,0.0,0.0
6,3,0.0,0.0,0.0,0.6875,0.1875,0.03125,0.078125,0.0,0.015625,0.0,0.0,0.0
6,3,0.0,0.0,0.0,0.6875,0.1875,0.03125,0.078125,0.0,0.015625,0.0,0.0,0.0
6,3,0.0,0.0,0.0,0.5625,0.296875,0.015625,0.109375,0.0,0.015625,0.0,0.0,0.0
6,3,0.0,0.0,0.0,0.5625,0.296875,0.015625,0.109375,0.0,0.015625,0.0,0.0,0.0
6,3,0.0,0.0,0.0,0.5625,0.296875,0.015625,0.109375,0.0,0.015625,0.0,0.0,0.0
6,3,0.0,0.0,0.0,0.5625,0.296875,0.015625,0.109375,0.0,0.015625,0.0,0.0,0.0
6,3,0.0,0.0,0.0,0.5625,0.296875,0.015625,0.109375,0.0,0.015625,0.0,0.0,0.0
6,3,0.0,0.0,0.0,0.5625,0.296875,0.015625,0.109375,0.0,0.015625,0.0,0.0,0.0
6,3,0.0,0.0,0.0,0.5625,0.296875,0.015625,0.109375,0.0,0.015625,0.0,0.0,0.0
6,3,0.0,0.0,0.0,0.5625,0.296875,0.015625,0.109375,0.0,0.015625,0.0,0.0,0.0
6,3,0.0,0.0,0.0,0.546875,0.328125,0.015625,0.09375,0.0,0.015625,0.0,0.0,0.0
6,3,0.0,0.0,0.0,0.546875,0.328125,0.015625,0.09375,0.0,0.015625,0.0,0.0,0.0
6,3,0.0,0.0,0.0,0.546875,0.328125,0.015625,0.09375,0.0,0.015625,0.0,0.0,0.0
6,3,0.0,0.0,0.0,0.546875,0.328125,0.015625,0.09375,0.0,0.015625,0.0,0.0,0.0
6,3,0.0,0.0,0.0,0.515625,0.359375,0.015625,0.09375,0.0,0.015625,0.0,0.0,0.0
6,3,0.0,0.0,0.0,0.515625,0.359375,0.015625,0.09375,0.0,0.015625,0.0,0.0,0.0
6,3,0.0,0.0,0.0,0.515625,0.359375,0.015625,0.09375,0.0,0.015625,0.0,0.0,0.0
6,3,0.0,0.0,0.0,0.515625,0.359375,0.015625,0.09375,0.0,0.015625,0.0,0.0,0.0
6,3,0.0,0.0,0.0,0.484375,0.390625,0.015625,0.09375,0.0,0.015625,0.0,0.0,0.0
6,3,0.0,0.0,0.0,0.484375,0.390625,0.015625,0.09375,0.0,0.015625,0.0,0.0,0.0
6,3,0.0,0.015625,0.0,0.453125,0.40625,0.015625,0.09375,0.0,0.015625,0.0,0.0,0.0
6,3,0.0,0.015625,0.0,0.453125,0.40625,0.015625,0.09375,0.0,0.015625,0.0,0.0,0.0
6,3,0.0,0.015625,0.0,0.453125,0.40625,0.015625,0.09375,0.0,0.015625,0.0,0.0,0.0
6,3,0.0,0.015625,0.0,0.453125,0.40625,0.015625,0.09375,0.0,0.015625,0.0,0.0,0.0
6,3,0.0,0.015625,0.0,0.4375,0.421875,0.015625,0.09375,0.0,0.015625,0.0,0.0,0.0
6,3,0.0,0.015625,0.0,0.4375,0.421875,0.015625,0.09375,0.0,0.015625,0.0,0.0,0.0
6,4,0.0,0.015625,0.0,0.421875,0.4375,0.015625,0.09375,0.0,0.015625,0.0,0.0,0.0
6,4,0.0,0.015625,0.0,0.421875,0.4375,0.015625,0.09375,0.0,0.015625,0.0,0.0,0.0
6,4,0.0,0.015625,0.0,0.421875,0.4375,0.015625,0.09375,0.0,0.015625,0.0,0.0,0.0
6,4,0.0,0.015625,0.0,0.421875,0.4375,0.015625,0.09375,0.0,0.015625,0.0,0.0,0.0
6,4,0.0,0.015625,0.0,0.40625,0.453125,0.015625,0.09375,0.0,0.015625,0.0,0.0,0.0
6,4,0.0,0.015625,0.0,0.40625,0.453125,0.015625,0.09375,0.0,0.015625,0.0,0.0,0.0
6,4,0.0,0.015625,0.0,0.40625,0.453125,0.015625,0.09375,0.0,0.015625,0.0,0.0,0.0
6,4,0.0,0.015625,0.0,0.40625,0.453125,0.015625,0.09375,0.0,0.015625,0.0,0.0,0.0
6,4,0.0,0.015625,0.0,0.390625,0.484375,0.0,0.09375,0.0,0.015625,0.0,0.0,0.0
6,4,0.0,0.015625,0.0,0.390625,0.484375,0.0,0.09375,0.0,0.015625,0.0,0.0,0.0
6,4,0.0,0.015625,0.0,0.390625,0.484375,0.0,0.09375,0.0,0.015625,0.0,0.0,0.0
6,4,0.0,0.015625,0.0,0.390625,0.484375,0.0,0.09375,0.0,0.015625,0.0,0.0,0.0
6,4,0.0,0.015625,0.0,0.390625,0.484375,0.0,0.09375,0.0,0.015625,0.0,0.0,0.0
6,4,0.0,0.015625,0.0,0.390625,0.484375,0.0,0.09375,0.0,0.015625,0.0,0.0,0.0
6,4,0.0,0.015625,0.0,0.390625,0.484375,0.0,0.09375,0.0,0.015625,0.0,0.0,0.0
6,4,0.0,0.015625,0.0,0.390625,0.484375,0.0,0.09375,0.0,0.015625,0.0,0.0,0.0
6,4,0.0,0.015625,0.0,0.390625,0.484375,0.0,0.09375,0.0,0.015625,0.0,0.0,0.0
6,4,0.0,0.015625,0.0,0.390625,0.484375,0.0,0.09375,0.0,0.015625,0.0,0.0,0.0
6,4,0.0,0.015625,0.0,0.375,0.5,0.0,0.09375,0.0,0.015625,0.0,0.0,0.0
6,4,0.0,0.015625,0.0,0.375,0.5,0.0,0.09375,0.0,0.015625,0.0,0.0,0.0
6,4,0.0,0.015625,0.0,0.375,0.5,0.0,0.09375,0.0,0.015625,0.0,0.0,0.0
6,4,0.0,0.015625,0.0,0.375,0.5,0.0,0.09375,0.0,0.015625,0.0,0.0,0.0
6,4,0.0,0.015625,0.0,0.375,0.5,0.0,0.09375,0.0,0.015625,0.0,0.0,0.0
6,4,0.0,0.015625,0.0,0.375,0.5,0.0,0.09375,0.0,0.015625,0.0,0.0,0.0
6,4,0.0,0.015625,0.0,0.3125,0.609375,0.0,0.0625,0.0,0.0,0.0,0.0,0.0
6,4,0.0,0.015625,0.0,0.3125,0.609375,0.0,0.0625,0.0,0.0,0.0,0.0,0.0
6,4,0.0,0.015625,0.0,0.3125,0.609375,0.0,0.0625,0.0,0.0,0.0,0.0,0.0
6,4,0.0,0.015625,0.0,0.3125,0.609375,0.0,0.0625,0.0,0.0,0.0,0.0,0.0
6,4,0.0,0.015625,0.0,0.3125,0.609375,0.0,0.0625,0.0,0.0,0.0,0.0,0.0
6,4,0.0,0.015625,0.0,0.3125,0.609375,0.0,0.0625,0.0,0.0,0.0,0.0,0.0
6,4,0.0,0.015625,0.0,0.3125,0.609375,0.0,0.0625,0.0,0.0,0.0,0.0,0.0
6,4,0.0,0.015625,0.0,0.3125,0.609375,0.0,0.0625,0.0,0.0,0.0,0.0,0.0
6,4,0.0,0.015625,0.0,0.296875,0.625,0.0,0.0625,0.0,0.0,0.0,0.0,0.0
6,4,0.0,0.015625,0.0,0.296875,0.625,0.0,0.0625,0.0,0.0,0.0,0.0,0.0
6,4,0.0,0.015625,0.0,0.296875,0.625,0.0,0.0625,0.0,0.0,0.0,0.0,0.0
6,4,0.0,0.015625,0.0,0.296875,0.625,0.0,0.0625,0.0,0.0,0.0,0.0,0.0
6,4,0.0,0.015625,0.0,0.296875,0.625,0.0,0.0625,0.0,0.0,0.0,0.0,0.0
6,4,0.0,0.015625,0.0,0.296875,0.625,0.0,0.0625,0.0,0.0,0.0,0.0,0.0
6,4,0.0,0.015625,0.0,0.296875,0.625,0.0,0.0625,0.0,0.0,0.0,0.0,0.0
6,4,0.0,0.015625,0.0,0.28125,0.625,0.015625,0.0625,0.0,0.0,0.0,0.0,0.0
6,4,0.0,0.015625,0.0,0.28125,0.625,0.015625,0.0625,0.0,0.0,0.0,0.0,0.0
6,4,0.0,0.015625,0.0,0.28125,0.625,0.015625,0.0625,0.0,0.0,0.0,0.0,0.0
6,4,0.0,0.015625,0.0,0.28125,0.625,0.015625,0.0625,0.0,0.0,0.0,0.0,0.0
6,4,0.0,0.015625,0.0,0.28125,0.625,0.015625,0.0625,0.0,0.0,0.0,0.0,0.0
6,4,0.0,0.015625,0.0,0.25,0.65625,0.015625,0.0625,0.0,0.0,0.0,0.0,0.0
6,4,0.0,0.015625,0.0,0.25,0.65625,0.015625,0.0625,0.0,0.0,0.0,0.0,0.0
6,4,0.0,0.015625,0.0,0.25,0.65625,0.015625,0.0625,0.0,0.0,0.0,0.0,0.0
6,4,0.0,0.015625,0.0,0.25,0.65625,0.015625,0.0625,0.0,0.0,0.0,0.0,0.0
6,4,0.0,0.015625,0.0,0.234375,0.703125,0.015625,0.03125,0.0,0.0,0.0,0.0,0.0
6,4,0.0,0.015625,0.0,0.234375,0.703125,0.015625,0.03125,0.0,0.0,0.0,0.0,0.0
6,4,0.0,0.015625,0.0,0.234375,0.703125,0.015625,0.03125,0.0,0.0,0.0,0.0,0.0
6,4,0.0,0.015625,0.0,0.234375,0.703125,0.015625,0.03125,0.0,0.0,0.0,0.0,0.0
6,4,0.0,0.015625,0.0,0.234375,0.703125,0.015625,0.03125,0.0,0.0,0.0,0.0,0.0
6,4,0.0,0.015625,0.0,0.234375,0.703125,0.015625,0.03125,0.0,0.0,0.0,0.0,0.0
6,4,0.0,0.015625,0.0,0.234375,0.703125,0.015625,0.03125,0.0,0.0,0.0,0.0,0.0
6,4,0.0,0.015625,0.0,0.234375,0.703125,0.015625,0.03125,0.0,0.0,0.0,0.0,0.0
6,4,0.0,0.015625,0.0,0.234375,0.703125,0.015625,0.03125,0.0,0.0,0.0,0.0,0.0
6,4,0.0,0.015625,0.0,0.234375,0.703125,0.015625,0.03125,0.0,0.0,0.0,0.0,0.0
6,4,0.0,0.015625,0.0,0.234375,0.703125,0.015625,0.03125,0.0,0.0,0.0,0.0,0.0
6,4,0.0,0.015625,0.0,0.234375,0.703125,0.015625,0.03125,0.0,0.0,0.0,0.0,0.0
6,4,0.0,0.015625,0.0,0.203125,0.734375,0.015625,0.03125,0.0,0.0,0.0,0.0,0.0
6,4,0.0,0.015625,0.0,0.203125,0.734375,0.015625,0.03125,0.0,0.0,0.0,0.0,0.0
6,4,0.0,0.015625,0.0,0.203125,0.734375,0.015625,0.03125,0.0,0.0,0.0,0.0,0.0
6,4,0.0,0.015625,0.0,0.203125,0.734375,0.015625,0.03125,0.0,0.0,0.0,0.0,0.0
6,4,0.0,0.015625,0.0,0.203125,0.734375,0.015625,0.03125,0.0,0.0,0.0,0.0,0.0
6,4,0.0,0.015625,0.0,0.203125,0.734375,0.015625,0.03125,0.0,0.0,0.0,0.0,0.0
6,4,0.0,0.015625,0.0,0.203125,0.734375,0.015625,0.03125,0.0,0.0,0.0,0.0,0.0
6,4,0.0,0.015625,0.0,0.203125,0.734375,0.015625,0.03125,0.0,0.0,0.0,0.0,0.0
6,4,0.0,0.015625,0.0,0.203125,0.734375,0.015625,0.03125,0.0,0.0,0.0,0.0,0.0
6,4,0.0,0.015625,0.0,0.203125,0.734375,0.015625,0.03125,0.0,0.0,0.0,0.0,0.0
6,4,0.0,0.015625,0.0,0.203125,0.734375,0.015625,0.03125,0.0,0.0,0.0,0.0,0.0
6,4,0.0,0.015625,0.0,0.203125,0.734375,0.015625,0.03125,0.0,0.0,0.0,0.0,0.0
6,4,0.0,0.015625,0.0,0.1875,0.75,0.015625,0.03125,0.0,0.0,0.0,0.0,0.0
6,4,0.0,0.015625,0.0,0.1875,0.75,0.015625,0.03125,0.0,0.0,0.0,0.0,0.0
6,4,0.0,0.015625,0.0,0.1875,0.75,0.015625,0.03125,0.0,0.0,0.0,0.0,0.0
6,4,0.0,0.015625,0.0,0.1875,0.75,0.015625,0.03125,0.0,0.0,0.0,0.0,0.0
6,4,0.0,0.015625,0.0,0.1875,0.75,0.015625,0.03125,0.0,0.0,0.0,0.0,0.0
6,4,0.0,0.015625,0.0,0.1875,0.75,0.015625,0.03125,0.0,0.0,0.0,0.0,0.0
6,4,0.0,0.015625,0.0,0.1875,0.75,0.015625,0.03125,0.0,0.0,0.0,0.0,0.0
6,4,0.0,0.015625,0.0,0.1875,0.75,0.015625,0.03125,0.0,0.0,0.0,0.0,0.0
6,4,0.0,0.015625,0.0,0.1875,0.75,0.015625,0.03125,0.0,0.0,0.0,0.0,0.0
6,4,0.0,0.015625,0.0,0.1875,0.75,0.015625,0.03125,0.0,0.0,0.0,0.0,0.0
6,4,0.0,0.015625,0.0,0.1875,0.75,0.015625,0.03125,0.0,0.0,0.0,0.0,0.0
6,4,0.0,0.015625,0.0,0.1875,0.75,0.015625,0.03125,0.0,0.0,0.0,0.0,0.0
6,4,0.0,0.015625,0.0,0.1875,0.75,0.015625,0.03125,0.0,0.0,0.0,0.0,0.0
6,4,0.0,0.015625,0.0,0.1875,0.75,0.015625,0.03125,0.0,0.0,0.0,0.0,0.0
6,4,0.0,0.015625,0.0,0.1875,0.75,0.015625,0.03125,0.0,0.0,0.0,0.0,0.0
6,4,0.0,0.015625,0.0,0.1875,0.75,0.015625,0.03125,0.0,0.0,0.0,0.0,0.0
6,4,0.0,0.015625,0.0,0.15625,0.78125,0.015625,0.03125,0.0,0.0,0.0,0.0,0.0
6,4,0.0,0.015625,0.0,0.15625,0.78125,0.015625,0.03125,0.0,0.0,0.0,0.0,0.0
6,4,0.0,0.015625,0.0,0.15625,0.78125,0.015625,0.03125,0.0,0.0,0.0,0.0,0.0
6,4,0.0,0.015625,0.0,0.15625,0.78125,0.015625,0.03125,0.0,0.0,0.0,0.0,0.0
6,4,0.0,0.015625,0.0,0.15625,0.78125,0.015625,0.03125,0.0,0.0,0.0,0.0,0.0
6,4,0.0,0.015625,0.0,0.15625,0.78125,0.015625,0.03125,0.0,0.0,0.0,0.0,0.0
6,4,0.0,0.015625,0.0,0.15625,0.78125,0.015625,0.03125,0.0,0.0,0.0,0.0,0.0
6,4,0.0,0.015625,0.0,0.15625,0.78125,0.015625,0.03125,0.0,0.0,0.0,0.0,0.0
6,4,0.0,0.015625,0.0,0.15625,0.78125,0.015625,0.03125,0.0,0.0,0.0,0.0,0.0
6,4,0.0,0.015625,0.0,0.15625,0.78125,0.015625,0.03125,0.0,0.0,0.0,0.0,0.0
6,4,0.0,0.015625,0.0,0.140625,0.796875,0.015625,0.03125,0.0,0.0,0.0,0.0,0.0
6,4,0.0,0.015625,0.0,0.140625,0.796875,0.015625,0.03125,0.0,0.0,0.0,0.0,0.0
6,4,0.0,0.015625,0.0,0.140625,0.796875,0.015625,0.03125,0.0,0.0,0.0,0.0,0.0
6,4,0.0,0.015625,0.0,0.140625,0.796875,0.015625,0.03125,0.0,0.0,0.0,0.0,0.0
6,4,0.0,0.015625,0.0,0.140625,0.796875,0.015625,0.03125,0.0,0.0,0.0,0.0,0.0
6,4,0.0,0.015625,0.0,0.140625,0.796875,0.015625,0.03125,0.0,0.0,0.0,0.0,0.0
6,4,0.0,0.015625,0.0,0.140625,0.796875,0.015625,0.03125,0.0,0.0,0.0,0.0,0.0
6,4,0.0,0.015625,0.0,0.140625,0.796875,0.015625,0.03125,0.0,0.0,0.0,0.0,0.0
6,4,0.0,0.015625,0.0,0.140625,0.796875,0.015625,0.03125,0.0,0.0,0.0,0.0,0.0
6,4,0.0,0.015625,0.0,0.140625,0.796875,0.015625,0.03125,0.0,0.0,0.0,0.0,0.0
6,4,0.0,0.015625,0.0,0.140625,0.796875,0.015625,0.03125,0.0,0.0,0.0,0.0,0.0
6,4,0.0,0.015625,0.0,0.140625,0.796875,0.015625,0.03125,0.0,0.0,0.0,0.0,0.0
6,4,0.0,0.015625,0.0,0.140625,0.796875,0.015625,0.03125,0.0,0.0,0.0,0.0,0.0
6,4,0.0,0.015625,0.0,0.140625,0.796875,0.015625,0.03125,0.0,0.0,0.0,0.0,0.0
6,4,0.0,0.015625,0.0,0.140625,0.796875,0.015625,0.03125,0.0,0.0,0.0,0.0,0.0
6,4,0.0,0.015625,0.0,0.140625,0.796875,0.015625,0.03125,0.0,0.0,0.0,0.0,0.0
6,4,0.0,0.015625,0.0,0.140625,0.796875,0.015625,0.03125,0.0,0.0,0.0,0.0,0.0
6,4,0.0,0.015625,0.0,0.140625,0.796875,0.015625,0.03125,0.0,0.0,0.0,0.0,0.0
6,4,0.0,0.015625,0.0,0.140625,0.796875,0.015625,0.03125,0.0,0.0,0.0,0.0,0.0
6,4,0.0,0.015625,0.0,0.140625,0.796875,0.015625,0.03125,0.0,0.0,0.0,0.0,0.0
6,4,0.0,0.015625,0.0,0.140625,0.796875,0.015625,0.03125,0.0,0.0,0.0,0.0,0.0
6,4,0.0,0.015625,0.0,0.140625,0.796875,0.015625,0.03125,0.0,0.0,0.0,0.0,0.0
6,4,0.0,0.015625,0.0,0.078125,0.859375,0.015625,0.03125,0.0,0.0,0.0,0.0,0.0
6,4,0.0,0.015625,0.0,0.078125,0.859375,0.015625,0.03125,0.0,0.0,0.0,0.0,0.0
6,4,0.0,0.015625,0.0,0.078125,0.859375,0.015625,0.03125,0.0,0.0,0.0,0.0,0.0
6,4,0.0,0.015625,0.0,0.078125,0.859375,0.015625,0.03125,0.0,0.0,0.0,0.0,0.0
6,4,0.0,0.015625,0.0,0.078125,0.859375,0.015625,0.03125,0.0,0.0,0.0,0.0,0.0
6,4,0.0,0.015625,0.0,0.078125,0.859375,0.015625,0.03125,0.0,0.0,0.0,0.0,0.0
6,4,0.0,0.015625,0.0,0.078125,0.859375,0.015625,0.03125,0.0,0.0,0.0,0.0,0.0
6,4,0.0,0.015625,0.0,0.078125,0.859375,0.015625,0.03125,0.0,0.0,0.0,0.0,0.0
6,4,0.0,0.015625,0.0,0.078125,0.859375,0.015625,0.03125,0.0,0.0,0.0,0.0,0.0
6,4,0.0,0.015625,0.0,0.078125,0.859375,0.015625,0.03125,0.0,0.0,0.0,0.0,0.0
6,4,0.0,0.015625,0.0,0.078125,0.859375,0.015625,0.03125,0.0,0.0,0.0,0.0,0.0
6,4,0.0,0.015625,0.0,0.078125,0.859375,0.015625,0.03125,0.0,0.0,0.0,0.0,0.0
6,4,0.0,0.015625,0.0,0.078125,0.859375,0.015625,0.03125,0.0,0.0,0.0,0.0,0.0
6,4,0.0,0.015625,0.0,0.078125,0.859375,0.015625,0.03125,0.0,0.0,0.0,0.0,0.0
6,4,0.0,0.015625,0.0,0.078125,0.859375,0.015625,0.03125,0.0,0.0,0.0,0.0,0.0
6,4,0.0,0.015625,0.0,0.078125,0.859375,0.015625,0.03125,0.0,0.0,0.0,0.0,0.0
6,4,0.0,0.015625,0.0,0.0625,0.859375,0.015625,0.046875,0.0,0.0,0.0,0.0,0.0
6,4,0.0,0.015625,0.0,0.0625,0.859375,0.015625,0.046875,0.0,0.0,0.0,0.0,0.0
6,4,0.0,0.015625,0.0,0.0625,0.859375,0.015625,0.046875,0.0,0.0,0.0,0.0,0.0
6,4,0.0,0.015625,0.0,0.0625,0.859375,0.015625,0.046875,0.0,0.0,0.0,0.0,0.0
6,4,0.0,0.015625,0.0,0.0625,0.859375,0.015625,0.046875,0.0,0.0,0.0,0.0,0.0
6,4,0.0,0.015625,0.0,0.0625,0.859375,0.015625,0.046875,0.0,0.0,0.0,0.0,0.0
6,4,0.0,0.015625,0.0,0.0625,0.859375,0.015625,0.046875,0.0,0.0,0.0,0.0,0.0
6,4,0.0,0.015625,0.0,0.0625,0.859375,0.015625,0.046875,0.0,0.0,0.0,0.0,0.0
6,4,0.0,0.015625,0.0,0.0625,0.859375,0.015625,0.046875,0.0,0.0,0.0,0.0,0.0
6,4,0.0,0.015625,0.0,0.0625,0.859375,0.015625,0.046875,0.0,0.0,0.0,0.0,0.0
6,4,0.0,0.015625,0.0,0.046875,0.859375,0.015625,0.0625,0.0,0.0,0.0,0.0,0.0
6,4,0.0,0.015625,0.0,0.046875,0.859375,0.015625,0.0625,0.0,0.0,0.0,0.0,0.0
6,4,0.0,0.015625,0.0,0.046875,0.859375,0.015625,0.0625,0.0,0.0,0.0,0.0,0.0
6,4,0.0,0.015625,0.0,0.046875,0.859375,0.015625,0.0625,0.0,0.0,0.0,0.0,0.0
6,4,0.0,0.015625,0.0,0.046875,0.859375,0.015625,0.0625,0.0,0.0,0.0,0.0,0.0
6,4,0.0,0.015625,0.0,0.046875,0.859375,0.015625,0.0625,0.0,0.0,0.0,0.0,0.0
6,4,0.0,0.015625,0.0,0.046875,0.859375,0.015625,0.0625,0.0,0.0,0.0,0.0,0.0
6,4,0.0,0.015625,0.0,0.046875,0.859375,0.015625,0.0625,0.0,0.0,0.0,0.0,0.0
6,4,0.0,0.015625,0.0,0.046875,0.859375,0.015625,0.0625,0.0,0.0,0.0,0.0,0.0
6,4,0.0,0.015625,0.0,0.046875,0.859375,0.015625,0.0625,0.0,0.0,0.0,0.0,0.0
6,4,0.0,0.015625,0.0,0.046875,0.859375,0.015625,0.0625,0.0,0.0,0.0,0.0,0.0
6,4,0.0,0.015625,0.0,0.046875,0.859375,0.015625,0.0625,0.0,0.0,0.0,0.0,0.0
6,4,0.0,0.015625,0.0,0.046875,0.859375,0.015625,0.0625,0.0,0.0,0.0,0.0,0.0
6,4,0.0,0.015625,0.0,0.046875,0.859375,0.015625,0.0625,0.0,0.0,0.0,0.0,0.0
6,4,0.0,0.015625,0.0,0.046875,0.859375,0.015625,0.0625,0.0,0.0,0.0,0.0,0.0
6,4,0.0,0.015625,0.0,0.046875,0.859375,0.015625,0.0625,0.0,0.0,0.0,0.0,0.0
6,4,0.0,0.015625,0.0,0.046875,0.859375,0.015625,0.0625,0.0,0.0,0.0,0.0,0.0
6,4,0.0,0.015625,0.0,0.046875,0.859375,0.015625,0.0625,0.0,0.0,0.0,0.0,0.0
6,4,0.0,0.015625,0.0,0.046875,0.859375,0.015625,0.0625,0.0,0.0,0.0,0.0,0.0
6,4,0.0,0.015625,0.0,0.046875,0.859375,0.015625,0.0625,0.0,0.0,0.0,0.0,0.0
6,4,0.0,0.015625,0.0,0.046875,0.859375,0.015625,0.0625,0.0,0.0,0.0,0.0,0.0
6,4,0.0,0.015625,0.0,0.046875,0.859375,0.015625,0.0625,0.0,0.0,0.0,0.0,0.0
6,4,0.0,0.015625,0.0,0.046875,0.859375,0.015625,0.0625,0.0,0.0,0.0,0.0,0.0
6,4,0.0,0.015625,0.0,0.046875,0.859375,0.015625,0.0625,0.0,0.0,0.0,0.0,0.0
6,4,0.0,0.015625,0.0,0.046875,0.859375,0.015625,0.0625,0.0,0.0,0.0,0.0,0.0
6,4,0.0,0.015625,0.0,0.046875,0.859375,0.015625,0.0625,0.0,0.0,0.0,0.0,0.0
6,4,0.0,0.015625,0.0,0.046875,0.859375,0.015625,0.0625,0.0,0.0,0.0,0.0,0.0
6,4,0.0,0.015625,0.0,0.046875,0.859375,0.015625,0.0625,0.0,0.0,0.0,0.0,0.0
6,4,0.0,0.015625,0.0,0.046875,0.859375,0.015625,0.0625,0.0,0.0,0.0,0.0,0.0
6,4,0.0,0.015625,0.0,0.046875,0.859375,0.015625,0.0625,0.0,0.0,0.0,0.0,0.0
6,4,0.0,0.015625,0.0,0.03125,0.875,0.015625,0.0625,0.0,0.0,0.0,0.0,0.0
6,4,0.0,0.015625,0.0,0.03125,0.875,0.015625,0.0625,0.0,0.0,0.0,0.0,0.0
6,4,0.0,0.015625,0.0,0.03125,0.875,0.015625,0.0625,0.0,0.0,0.0,0.0,0.0
6,4,0.0,0.015625,0.0,0.03125,0.875,0.015625,0.0625,0.0,0.0,0.0,0.0,0.0
6,4,0.0,0.015625,0.0,0.03125,0.875,0.015625,0.0625,0.0,0.0,0.0,0.0,0.0
6,4,0.0,0.015625,0.0,0.03125,0.875,0.015625,0.0625,0.0,0.0,0.0,0.0,0.0
6,4,0.0,0.015625,0.0,0.03125,0.875,0.015625,0.0625,0.0,0.0,0.0,0.0,0.0
6,4,0.0,0.015625,0.0,0.03125,0.875,0.015625,0.0625,0.0,0.0,0.0,0.0,0.0
6,4,0.0,0.015625,0.0,0.015625,0.90625,0.015625,0.046875,0.0,0.0,0.0,0.0,0.0
6,4,0.0,0.015625,0.0,0.015625,0.90625,0.015625,0.046875,0.0,0.0,0.0,0.0,0.0
6,4,0.0,0.015625,0.0,0.015625,0.90625,0.015625,0.046875,0.0,0.0,0.0,0.0,0.0
6,4,0.0,0.015625,0.0,0.015625,0.90625,0.015625,0.046875,0.0,0.0,0.0,0.0,0.0
6,4,0.0,0.015625,0.0,0.015625,0.90625,0.015625,0.046875,0.0,0.0,0.0,0.0,0.0
6,4,0.0,0.015625,0.0,0.015625,0.90625,0.015625,0.046875,0.0,0.0,0.0,0.0,0.0
6,4,0.0,0.015625,0.0,0.015625,0.90625,0.015625,0.046875,0.0,0.0,0.0,0.0,0.0
6,4,0.0,0.015625,0.0,0.015625,0.90625,0.015625,0.046875,0.0,0.0,0.0,0.0,0.0
6,4,0.0,0.015625,0.0,0.015625,0.921875,0.015625,0.03125,0.0,0.0,0.0,0.0,0.0
6,4,0.0,0.015625,0.0,0.015625,0.921875,0.015625,0.03125,0.0,0.0,0.0,0.0,0.0
6,4,0.0,0.015625,0.0,0.015625,0.921875,0.015625,0.03125,0.0,0.0,0.0,0.0,0.0
6,4,0.0,0.015625,0.0,0.015625,0.921875,0.015625,0.03125,0.0,0.0,0.0,0.0,0.0
6,4,0.0,0.015625,0.0,0.015625,0.921875,0.015625,0.03125,0.0,0.0,0.0,0.0,0.0
6,4,0.0,0.015625,0.0,0.015625,0.921875,0.015625,0.03125,0.0,0.0,0.0,0.0,0.0
6,4,0.0,0.015625,0.0,0.015625,0.921875,0.015625,0.03125,0.0,0.0,0.0,0.0,0.0
6,4,0.0,0.015625,0.0,0.015625,0.921875,0.015625,0.03125,0.0,0.0,0.0,0.0,0.0
6,4,0.0,0.015625,0.0,0.015625,0.921875,0.015625,0.03125,0.0,0.0,0.0,0.0,0.0
6,4,0.0,0.015625,0.0,0.015625,0.921875,0.015625,0.03125,0.0,0.0,0.0,0.0,0.0
6,4,0.0,0.015625,0.0,0.015625,0.921875,0.015625,0.03125,0.0,0.0,0.0,0.0,0.0
6,4,0.0,0.015625,0.0,0.015625,0.921875,0.015625,0.03125,0.0,0.0,0.0,0.0,0.0
6,4,0.0,0.015625,0.0,0.0,0.9375,0.015625,0.03125,0.0,0.0,0.0,0.0,0.0
6,4,0.0,0.015625,0.0,0.0,0.9375,0.015625,0.03125,0.0,0.0,0.0,0.0,0.0
6,4,0.0,0.015625,0.0,0.0,0.9375,0.015625,0.03125,0.0,0.0,0.0,0.0,0.0
6,4,0.0,0.015625,0.0,0.0,0.9375,0.015625,0.03125,0.0,0.0,0.0,0.0,0.0
6,4,0.0,0.015625,0.0,0.0,0.9375,0.015625,0.03125,0.0,0.0,0.0,0.0,0.0
6,4,0.0,0.015625,0.0,0.0,0.9375,0.015625,0.03125,0.0,0.0,0.0,0.0,0.0
6,4,0.0,0.015625,0.0,0.0,0.9375,0.015625,0.03125,0.0,0.0,0.0,0.0,0.0
6,4,0.0,0.015625,0.0,0.0,0.9375,0.015625,0.03125,0.0,0.0,0.0,0.0,0.0
6,4,0.0,0.015625,0.0,0.0,0.9375,0.015625,0.03125,0.0,0.0,0.0,0.0,0.0
6,4,0.0,0.015625,0.0,0.0,0.9375,0.015625,0.03125,0.0,0.0,0.0,0.0,0.0
6,4,0.0,0.015625,0.0,0.0,0.9375,0.015625,0.03125,0.0,0.0,0.0,0.0,0.0
6,4,0.0,0.015625,0.0,0.0,0.9375,0.015625,0.03125,0.0,0.0,0.0,0.0,0.0
6,4,0.0,0.015625,0.0,0.0,0.9375,0.015625,0.03125,0.0,0.0,0.0,0.0,0.0
6,4,0.0,0.015625,0.0,0.0,0.9375,0.015625,0.03125,0.0,0.0,0.0,0.0,0.0
6,4,0.0,0.015625,0.0,0.0,0.9375,0.015625,0.03125,0.0,0.0,0.0,0.0,0.0
6,4,0.0,0.015625,0.0,0.0,0.9375,0.015625,0.03125,0.0,0.0,0.0,0.0,0.0
6,4,0.0,0.015625,0.0,0.0,0.9375,0.015625,0.03125,0.0,0.0,0.0,0.0,0.0
6,4,0.0,0.015625,0.0,0.0,0.953125,0.0,0.03125,0.0,0.0,0.0,0.0,0.0
6,4,0.0,0.015625,0.0,0.0,0.953125,0.0,0.03125,0.0,0.0,0.0,0.0,0.0
6,4,0.0,0.015625,0.0,0.0,0.953125,0.0,0.03125,0.0,0.0,0.0,0.0,0.0
6,4,0.0,0.015625,0.0,0.0,0.953125,0.0,0.03125,0.0,0.0,0.0,0.0,0.0
6,4,0.0,0.015625,0.0,0.0,0.953125,0.0,0.03125,0.0,0.0,0.0,0.0,0.0
6,4,0.0,0.015625,0.0,0.0,0.953125,0.0,0.03125,0.0,0.0,0.0,0.0,0.0
6,4,0.0,0.015625,0.0,0.0,0.953125,0.0,0.03125,0.0,0.0,0.0,0.0,0.0
6,4,0.0,0.015625,0.0,0.0,0.953125,0.0,0.03125,0.0,0.0,0.0,0.0,0.0
6,4,0.0,0.015625,0.0,0.0,0.953125,0.0,0.03125,0.0,0.0,0.0,0.0,0.0
6,4,0.0,0.015625,0.0,0.0,0.953125,0.0,0.03125,0.0,0.0,0.0,0.0,0.0
6,4,0.0,0.015625,0.0,0.0,0.953125,0.0,0.03125,0.0,0.0,0.0,0.0,0.0
6,4,0.0,0.015625,0.0,0.0,0.953125,0.0,0.03125,0.0,0.0,0.0,0.0,0.0
6,4,0.0,0.015625,0.0,0.0,0.953125,0.0,0.03125,0.0,0.0,0.0,0.0,0.0
6,4,0.0,0.015625,0.0,0.0,0.953125,0.0,0.03125,0.0,0.0,0.0,0.0,0.0
6,4,0.0,0.015625,0.0,0.0,0.953125,0.0,0.03125,0.0,0.0,0.0,0.0,0.0
6,4,0.0,0.015625,0.0,0.0,0.953125,0.0,0.03125,0.0,0.0,0.0,0.0,0.0
6,4,0.0,0.015625,0.0,0.0,0.953125,0.0,0.03125,0.0,0.0,0.0,0.0,0.0
6,4,0.0,0.015625,0.0,0.0,0.953125,0.0,0.03125,0.0,0.0,0.0,0.0,0.0
6,4,0.0,0.015625,0.0,0.0,0.953125,0.0,0.03125,0.0,0.0,0.0,0.0,0.0
6,4,0.0,0.015625,0.0,0.0,0.953125,0.0,0.03125,0.0,0.0,0.0,0.0,0.0
6,4,0.0,0.015625,0.0,0.0,0.953125,0.0,0.03125,0.0,0.0,0.0,0.0,0.0
6,4,0.0,0.015625,0.0,0.0,0.953125,0.0,0.03125,0.0,0.0,0.0,0.0,0.0
6,4,0.0,0.015625,0.0,0.0,0.953125,0.0,0.03125,0.0,0.0,0.0,0.0,0.0
6,4,0.0,0.015625,0.0,0.0,0.953125,0.0,0.03125,0.0,0.0,0.0,0.0,0.0
6,4,0.0,0.015625,0.0,0.0,0.953125,0.0,0.03125,0.0,0.0,0.0,0.0,0.0
6,4,0.0,0.015625,0.0,0.0,0.953125,0.0,0.03125,0.0,0.0,0.0,0.0,0.0
6,4,0.0,0.015625,0.0,0.0,0.953125,0.0,0.03125,0.0,0.0,0.0,0.0,0.0
6,4,0.0,0.015625,0.0,0.0,0.96875,0.0,0.015625,0.0,0.0,0.0,0.0,0.0
6,4,0.0,0.015625,0.0,0.0,0.96875,0.0,0.015625,0.0,0.0,0.0,0.0,0.0
6,4,0.0,0.015625,0.0,0.0,0.96875,0.0,0.015625,0.0,0.0,0.0,0.0,0.0
6,4,0.0,0.015625,0.0,0.0,0.96875,0.0,0.015625,0.0,0.0,0.0,0.0,0.0
6,4,0.0,0.015625,0.0,0.0,0.96875,0.0,0.015625,0.0,0.0,0.0,0.0,0.0
6,4,0.0,0.015625,0.0,0.0,0.96875,0.0,0.015625,0.0,0.0,0.0,0.0,0.0
6,4,0.0,0.015625,0.0,0.0,0.96875,0.0,0.015625,0.0,0.0,0.0,0.0,0.0
6,4,0.0,0.015625,0.0,0.0,0.96875,0.0,0.015625,0.0,0.0,0.0,0.0,0.0
6,4,0.0,0.015625,0.0,0.0,0.96875,0.0,0.015625,0.0,0.0,0.0,0.0,0.0
6,4,0.0,0.015625,0.0,0.0,0.96875,0.0,0.015625,0.0,0.0,0.0,0.0,0.0
6,4,0.0,0.015625,0.0,0.0,0.96875,0.0,0.015625,0.0,0.0,0.0,0.0,0.0
6,4,0.0,0.015625,0.0,0.0,0.96875,0.0,0.015625,0.0,0.0,0.0,0.0,0.0
6,4,0.0,0.015625,0.0,0.0,0.96875,0.0,0.015625,0.0,0.0,0.0,0.0,0.0
6,4,0.0,0.015625,0.0,0.0,0.96875,0.0,0.015625,0.0,0.0,0.0,0.0,0.0
6,4,0.0,0.015625,0.0,0.0,0.96875,0.0,0.015625,0.0,0.0,0.0,0.0,0.0
6,4,0.0,0.015625,0.0,0.0,0.96875,0.0,0.015625,0.0,0.0,0.0,0.0,0.0
6,4,0.0,0.015625,0.0,0.0,0.96875,0.0,0.015625,0.0,0.0,0.0,0.0,0.0
6,4,0.0,0.015625,0.0,0.0,0.96875,0.0,0.015625,0.0,0.0,0.0,0.0,0.0
6,4,0.0,0.015625,0.0,0.0,0.96875,0.0,0.015625,0.0,0.0,0.0,0.0,0.0
6,4,0.0,0.015625,0.0,0.0,0.96875,0.0,0.015625,0.0,0.0,0.0,0.0,0.0
6,4,0.0,0.015625,0.0,0.0,0.96875,0.0,0.015625,0.0,0.0,0.0,0.0,0.0
6,4,0.0,0.015625,0.0,0.0,0.96875,0.0,0.015625,0.0,0.0,0.0,0.0,0.0
6,4,0.0,0.015625,0.0,0.0,0.96875,0.0,0.015625,0.0,0.0,0.0,0.0,0.0
6,4,0.0,0.015625,0.0,0.0,0.96875,0.0,0.015625,0.0,0.0,0.0,0.0,0.0
6,4,0.0,0.015625,0.0,0.0,0.96875,0.0,0.015625,0.0,0.0,0.0,0.0,0.0
6,4,0.0,0.015625,0.0,0.0,0.96875,0.0,0.015625,0.0,0.0,0.0,0.0,0.0
6,4,0.0,0.0,0.0,0.0,0.984375,0.0,0.015625,0.0,0.0,0.0,0.0,0.0
6,4,0.0,0.0,0.0,0.0,0.984375,0.0,0.015625,0.0,0.0,0.0,0.0,0.0
6,4,0.0,0.0,0.0,0.0,0.984375,0.0,0.015625,0.0,0.0,0.0,0.0,0.0
6,4,0.0,0.0,0.0,0.0,0.984375,0.0,0.015625,0.0,0.0,0.0,0.0,0.0
6,4,0.0,0.0,0.0,0.0,0.984375,0.0,0.015625,0.0,0.0,0.0,0.0,0.0
6,4,0.0,0.0,0.0,0.0,0.984375,0.0,0.015625,0.0,0.0,0.0,0.0,0.0
6,4,0.0,0.0,0.0,0.0,0.96875,0.015625,0.015625,0.0,0.0,0.0,0.0,0.0
6,4,0.0,0.0,0.0,0.0,0.96875,0.015625,0.015625,0.0,0.0,0.0,0.0,0.0
6,4,0.0,0.0,0.0,0.0,0.96875,0.015625,0.015625,0.0,0.0,0.0,0.0,0.0
6,4,0.0,0.0,0.0,0.0,0.96875,0.015625,0.015625,0.0,0.0,0.0,0.0,0.0
6,4,0.0,0.0,0.0,0.0,0.96875,0.015625,0.015625,0.0,0.0,0.0,0.0,0.0
6,4,0.0,0.0,0.0,0.0,0.96875,0.015625,0.015625,0.0,0.0,0.0,0.0,0.0
6,4,0.0,0.0,0.0,0.0,0.96875,0.015625,0.015625,0.0,0.0,0.0,0.0,0.0
6,4,0.0,0.0,0.0,0.0,0.96875,0.015625,0.015625,0.0,0.0,0.0,0.0,0.0
6,4,0.0,0.0,0.0,0.0,0.96875,0.015625,0.015625,0.0,0.0,0.0,0.0,0.0
6,4,0.0,0.0,0.0,0.0,0.96875,0.015625,0.015625,0.0,0.0,0.0,0.0,0.0
6,4,0.0,0.0,0.0,0.0,0.96875,0.015625,0.015625,0.0,0.0,0.0,0.0,0.0
6,4,0.0,0.0,0.0,0.0,0.96875,0.015625,0.015625,0.0,0.0,0.0,0.0,0.0
6,4,0.0,0.0,0.0,0.0,0.96875,0.015625,0.015625,0.0,0.0,0.0,0.0,0.0
6,4,0.0,0.0,0.0,0.0,0.96875,0.015625,0.015625,0.0,0.0,0.0,0.0,0.0
6,4,0.0,0.0,0.0,0.0,0.96875,0.015625,0.015625,0.0,0.0,0.0,0.0,0.0
6,4,0.0,0.0,0.0,0.0,0.96875,0.015625,0.015625,0.0,0.0,0.0,0.0,0.0
6,4,0.0,0.0,0.0,0.0,0.96875,0.015625,0.015625,0.0,0.0,0.0,0.0,0.0
6,4,0.0,0.0,0.0,0.0,0.96875,0.015625,0.015625,0.0,0.0,0.0,0.0,0.0
6,4,0.0,0.0,0.0,0.0,0.96875,0.015625,0.015625,0.0,0.0,0.0,0.0,0.0
6,4,0.0,0.0,0.0,0.0,0.96875,0.015625,0.015625,0.0,0.0,0.0,0.0,0.0
6,4,0.0,0.0,0.0,0.0,0.96875,0.015625,0.015625,0.0,0.0,0.0,0.0,0.0
6,4,0.0,0.0,0.0,0.0,0.96875,0.015625,0.015625,0.0,0.0,0.0,0.0,0.0
6,4,0.0,0.0,0.0,0.0,0.96875,0.015625,0.015625,0.0,0.0,0.0,0.0,0.0
6,4,0.0,0.0,0.0,0.0,0.96875,0.015625,0.015625,0.0,0.0,0.0,0.0,0.0
6,4,0.0,0.0,0.0,0.0,0.96875,0.015625,0.015625,0.0,0.0,0.0,0.0,0.0
6,4,0.0,0.0,0.0,0.0,0.96875,0.015625,0.015625,0.0,0.0,0.0,0.0,0.0
6,4,0.0,0.0,0.0,0.0,0.96875,0.015625,0.015625,0.0,0.0,0.0,0.0,0.0
6,4,0.0,0.0,0.0,0.0,0.96875,0.015625,0.015625,0.0,0.0,0.0,0.0,0.0
6,4,0.0,0.0,0.0,0.0,0.96875,0.015625,0.015625,0.0,0.0,0.0,0.0,0.0
6,4,0.0,0.0,0.0,0.0,0.96875,0.015625,0.015625,0.0,0.0,0.0,0.0,0.0
6,4,0.0,0.0,0.0,0.0,0.96875,0.015625,0.015625,0.0,0.0,0.0,0.0,0.0
6,4,0.0,0.0,0.0,0.0,0.96875,0.015625,0.015625,0.0,0.0,0.0,0.0,0.0
6,4,0.0,0.0,0.0,0.0,0.96875,0.015625,0.015625,0.0,0.0,0.0,0.0,0.0
6,4,0.0,0.0,0.0,0.0,0.96875,0.015625,0.015625,0.0,0.0,0.0,0.0,0.0
6,4,0.0,0.0,0.0,0.0,0.96875,0.015625,0.015625,0.0,0.0,0.0,0.0,0.0
6,4,0.0,0.0,0.0,0.0,0.96875,0.015625,0.015625,0.0,0.0,0.0,0.0,0.0
6,4,0.0,0.0,0.0,0.0,0.96875,0.015625,0.015625,0.0,0.0,0.0,0.0,0.0
6,4,0.0,0.0,0.0,0.0,0.96875,0.015625,0.015625,0.0,0.0,0.0,0.0,0.0
6,4,0.0,0.0,0.0,0.0,0.96875,0.015625,0.015625,0.0,0.0,0.0,0.0,0.0
6,4,0.0,0.0,0.0,0.0,0.96875,0.015625,0.015625,0.0,0.0,0.0,0.0,0.0
6,4,0.0,0.0,0.0,0.0,0.96875,0.015625,0.015625,0.0,0.0,0.0,0.0,0.0
6,4,0.0,0.0,0.0,0.0,0.96875,0.015625,0.015625,0.0,0.0,0.0,0.0,0.0
6,4,0.0,0.0,0.0,0.0,0.96875,0.015625,0.015625,0.0,0.0,0.0,0.0,0.0
6,4,0.0,0.0,0.0,0.0,0.96875,0.015625,0.015625,0.0,0.0,0.0,0.0,0.0
6,4,0.0,0.0,0.0,0.0,0.96875,0.015625,0.015625,0.0,0.0,0.0,0.0,0.0
6,4,0.0,0.0,0.0,0.0,0.96875,0.015625,0.015625,0.0,0.0,0.0,0.0,0.0
6,4,0.0,0.0,0.0,0.0,0.96875,0.015625,0.015625,0.0,0.0,0.0,0.0,0.0
6,4,0.0,0.0,0.0,0.0,0.96875,0.015625,0.015625,0.0,0.0,0.0,0.0,0.0
6,4,0.0,0.0,0.0,0.0,0.96875,0.015625,0.015625,0.0,0.0,0.0,0.0,0.0
6,4,0.0,0.0,0.0,0.0,0.96875,0.015625,0.015625,0.0,0.0,0.0,0.0,0.0
6,4,0.0,0.0,0.0,0.0,0.96875,0.015625,0.015625,0.0,0.0,0.0,0.0,0.0
6,4,0.0,0.0,0.0,0.0,0.96875,0.015625,0.015625,0.0,0.0,0.0,0.0,0.0
6,4,0.0,0.0,0.0,0.0,0.96875,0.015625,0.015625,0.0,0.0,0.0,0.0,0.0
6,4,0.0,0.0,0.0,0.0,0.96875,0.015625,0.015625,0.0,0.0,0.0,0.0,0.0
6,4,0.0,0.0,0.0,0.0,0.96875,0.015625,0.015625,0.0,0.0,0.0,0.0,0.0
6,4,0.0,0.0,0.0,0.0,0.96875,0.015625,0.015625,0.0,0.0,0.0,0.0,0.0
6,4,0.0,0.0,0.0,0.0,0.96875,0.015625,0.015625,0.0,0.0,0.0,0.0,0.0
6,4,0.0,0.0,0.0,0.0,0.96875,0.015625,0.015625,0.0,0.0,0.0,0.0,0.0
6,4,0.0,0.0,0.0,0.0,0.96875,0.015625,0.015625,0.0,0.0,0.0,0.0,0.0
6,4,0.0,0.0,0.0,0.0,0.96875,0.015625,0.015625,0.0,0.0,0.0,0.0,0.0
6,4,0.0,0.0,0.0,0.0,0.96875,0.015625,0.015625,0.0,0.0,0.0,0.0,0.0
6,4,0.0,0.0,0.0,0.0,0.96875,0.015625,0.015625,0.0,0.0,0.0,0.0,0.0
6,4,0.0,0.0,0.0,0.0,0.96875,0.015625,0.015625,0.0,0.0,0.0,0.0,0.0
6,4,0.0,0.0,0.0,0.0,0.96875,0.015625,0.015625,0.0,0.0,0.0,0.0,0.0
6,4,0.0,0.0,0.0,0.0,0.953125,0.015625,0.015625,0.015625,0.0,0.0,0.0,0.0
6,4,0.0,0.0,0.0,0.0,0.953125,0.015625,0.015625,0.015625,0.0,0.0,0.0,0.0
6,4,0.0,0.0,0.0,0.0,0.953125,0.015625,0.015625,0.015625,0.0,0.0,0.0,0.0
6,4,0.0,0.0,0.0,0.0,0.953125,0.015625,0.015625,0.015625,0.0,0.0,0.0,0.0
6,4,0.0,0.0,0.0,0.0,0.953125,0.015625,0.015625,0.015625,0.0,0.0,0.0,0.0
6,4,0.0,0.0,0.0,0.0,0.953125,0.015625,0.015625,0.015625,0.0,0.0,0.0,0.0
6,4,0.0,0.0,0.0,0.0,0.953125,0.015625,0.015625,0.015625,0.0,0.0,0.0,0.0
6,4,0.0,0.0,0.0,0.0,0.953125,0.015625,0.015625,0.015625,0.0,0.0,0.0,0.0
6,4,0.0,0.0,0.0,0.0,0.953125,0.015625,0.015625,0.015625,0.0,0.0,0.0,0.0
6,4,0.0,0.0,0.0,0.0,0.953125,0.015625,0.015625,0.015625,0.0,0.0,0.0,0.0
6,4,0.0,0.0,0.0,0.0,0.953125,0.015625,0.015625,0.015625,0.0,0.0,0.0,0.0
6,4,0.0,0.0,0.0,0.0,0.953125,0.015625,0.015625,0.015625,0.0,0.0,0.0,0.0
6,4,0.0,0.0,0.0,0.0,0.953125,0.015625,0.015625,0.015625,0.0,0.0,0.0,0.0
6,4,0.0,0.0,0.0,0.0,0.953125,0.015625,0.015625,0.015625,0.0,0.0,0.0,0.0
6,4,0.0,0.0,0.0,0.0,0.953125,0.015625,0.015625,0.015625,0.0,0.0,0.0,0.0
6,4,0.0,0.0,0.0,0.0,0.953125,0.015625,0.015625,0.015625,0.0,0.0,0.0,0.0
6,4,0.0,0.0,0.0,0.0,0.953125,0.015625,0.015625,0.015625,0.0,0.0,0.0,0.0
6,4,0.0,0.0,0.0,0.0,0.953125,0.015625,0.015625,0.015625,0.0,0.0,0.0,0.0
6,4,0.0,0.0,0.0,0.0,0.953125,0.015625,0.015625,0.015625,0.0,0.0,0.0,0.0
6,4,0.0,0.0,0.0,0.0,0.953125,0.015625,0.015625,0.015625,0.0,0.0,0.0,0.0
6,4,0.0,0.0,0.0,0.0,0.953125,0.015625,0.015625,0.015625,0.0,0.0,0.0,0.0
6,4,0.0,0.0,0.0,0.0,0.953125,0.015625,0.015625,0.015625,0.0,0.0,0.0,0.0
6,4,0.0,0.0,0.0,0.0,0.953125,0.015625,0.015625,0.015625,0.0,0.0,0.0,0.0
6,4,0.0,0.0,0.0,0.0,0.953125,0.015625,0.015625,0.015625,0.0,0.0,0.0,0.0
6,4,0.0,0.0,0.0,0.0,0.953125,0.015625,0.015625,0.015625,0.0,0.0,0.0,0.0
6,4,0.0,0.0,0.0,0.0,0.953125,0.015625,0.015625,0.015625,0.0,0.0,0.0,0.0
6,4,0.0,0.0,0.0,0.0,0.953125,0.015625,0.015625,0.015625,0.0,0.0,0.0,0.0
6,4,0.0,0.0,0.0,0.0,0.953125,0.015625,0.015625,0.015625,0.0,0.0,0.0,0.0
6,4,0.0,0.0,0.0,0.0,0.953125,0.015625,0.015625,0.015625,0.0,0.0,0.0,0.0
6,4,0.0,0.0,0.0,0.0,0.953125,0.015625,0.015625,0.015625,0.0,0.0,0.0,0.0
6,4,0.0,0.0,0.0,0.0,0.953125,0.015625,0.015625,0.015625,0.0,0.0,0.0,0.0
6,4,0.0,0.0,0.0,0.0,0.953125,0.015625,0.015625,0.015625,0.0,0.0,0.0,0.0
6,4,0.0,0.0,0.0,0.0,0.953125,0.015625,0.015625,0.015625,0.0,0.0,0.0,0.0
6,4,0.0,0.0,0.0,0.0,0.953125,0.015625,0.015625,0.015625,0.0,0.0,0.0,0.0
6,4,0.0,0.0,0.0,0.0,0.953125,0.015625,0.015625,0.015625,0.0,0.0,0.0,0.0
6,4,0.0,0.0,0.0,0.0,0.953125,0.015625,0.015625,0.015625,0.0,0.0,0.0,0.0
6,4,0.0,0.0,0.0,0.0,0.953125,0.015625,0.015625,0.015625,0.0,0.0,0.0,0.0
6,4,0.0,0.0,0.0,0.0,0.953125,0.015625,0.015625,0.015625,0.0,0.0,0.0,0.0
6,4,0.0,0.0,0.0,0.0,0.953125,0.015625,0.015625,0.015625,0.0,0.0,0.0,0.0
6,4,0.0,0.0,0.0,0.0,0.953125,0.015625,0.015625,0.015625,0.0,0.0,0.0,0.0
6,4,0.0,0.0,0.0,0.0,0.953125,0.015625,0.015625,0.015625,0.0,0.0,0.0,0.0
6,4,0.0,0.0,0.0,0.0,0.953125,0.015625,0.015625,0.015625,0.0,0.0,0.0,0.0
6,4,0.0,0.0,0.0,0.0,0.953125,0.015625,0.015625,0.015625,0.0,0.0,0.0,0.0
6,4,0.0,0.0,0.0,0.0,0.953125,0.015625,0.015625,0.015625,0.0,0.0,0.0,0.0
6,4,0.0,0.0,0.0,0.0,0.953125,0.015625,0.015625,0.015625,0.0,0.0,0.0,0.0
6,4,0.0,0.0,0.0,0.0,0.953125,0.015625,0.015625,0.015625,0.0,0.0,0.0,0.0
6,4,0.0,0.0,0.0,0.0,0.953125,0.015625,0.015625,0.015625,0.0,0.0,0.0,0.0
6,4,0.0,0.0,0.0,0.0,0.953125,0.015625,0.015625,0.015625,0.0,0.0,0.0,0.0
6,4,0.0,0.0,0.0,0.0,0.953125,0.015625,0.015625,0.015625,0.0,0.0,0.0,0.0
6,4,0.0,0.0,0.0,0.0,0.953125,0.015625,0.015625,0.015625,0.0,0.0,0.0,0.0
6,4,0.0,0.0,0.0,0.0,0.953125,0.015625,0.015625,0.015625,0.0,0.0,0.0,0.0
6,4,0.0,0.0,0.0,0.0,0.953125,0.015625,0.015625,0.015625,0.0,0.0,0.0,0.0
6,4,0.0,0.0,0.0,0.0,0.953125,0.015625,0.015625,0.015625,0.0,0.0,0.0,0.0
6,4,0.0,0.0,0.0,0.0,0.953125,0.015625,0.015625,0.015625,0.0,0.0,0.0,0.0
6,4,0.0,0.0,0.0,0.0,0.953125,0.015625,0.015625,0.015625,0.0,0.0,0.0,0.0
6,4,0.0,0.0,0.0,0.0,0.953125,0.015625,0.015625,0.015625,0.0,0.0,0.0,0.0
6,4,0.0,0.0,0.0,0.0,0.953125,0.015625,0.015625,0.015625,0.0,0.0,0.0,0.0
6,4,0.0,0.0,0.0,0.0,0.953125,0.015625,0.015625,0.015625,0.0,0.0,0.0,0.0
6,4,0.0,0.0,0.0,0.0,0.953125,0.015625,0.015625,0.015625,0.0,0.0,0.0,0.0
6,4,0.0,0.0,0.0,0.0,0.953125,0.015625,0.015625,0.015625,0.0,0.0,0.0,0.0
6,4,0.0,0.0,0.0,0.0,0.953125,0.015625,0.015625,0.015625,0.0,0.0,0.0,0.0
6,4,0.0,0.0,0.0,0.0,0.953125,0.015625,0.015625,0.015625,0.0,0.0,0.0,0.0
6,4,0.0,0.0,0.0,0.0,0.953125,0.015625,0.015625,0.015625,0.0,0.0,0.0,0.0
6,4,0.0,0.0,0.0,0.0,0.953125,0.015625,0.015625,0.015625,0.0,0.0,0.0,0.0
6,4,0.0,0.0,0.0,0.0,0.96875,0.015625,0.015625,0.0,0.0,0.0,0.0,0.0
6,4,0.0,0.0,0.0,0.0,0.96875,0.015625,0.015625,0.0,0.0,0.0,0.0,0.0
6,4,0.0,0.0,0.0,0.0,0.96875,0.015625,0.015625,0.0,0.0,0.0,0.0,0.0
6,4,0.0,0.0,0.0,0.0,0.96875,0.015625,0.015625,0.0,0.0,0.0,0.0,0.0
6,4,0.0,0.0,0.0,0.0,0.96875,0.015625,0.015625,0.0,0.0,0.0,0.0,0.0
6,4,0.0,0.0,0.0,0.0,0.96875,0.015625,0.015625,0.0,0.0,0.0,0.0,0.0
6,4,0.0,0.0,0.0,0.0,0.96875,0.015625,0.015625,0.0,0.0,0.0,0.0,0.0
6,4,0.0,0.0,0.0,0.0,0.96875,0.015625,0.015625,0.0,0.0,0.0,0.0,0.0
6,4,0.0,0.0,0.0,0.0,0.96875,0.015625,0.015625,0.0,0.0,0.0,0.0,0.0
6,4,0.0,0.0,0.0,0.0,0.96875,0.015625,0.015625,0.0,0.0,0.0,0.0,0.0
6,4,0.0,0.0,0.0,0.0,0.96875,0.015625,0.015625,0.0,0.0,0.0,0.0,0.0
6,4,0.0,0.0,0.0,0.0,0.96875,0.015625,0.015625,0.0,0.0,0.0,0.0,0.0
6,4,0.0,0.0,0.0,0.0,0.96875,0.015625,0.015625,0.0,0.0,0.0,0.0,0.0
6,4,0.0,0.0,0.0,0.0,0.96875,0.015625,0.015625,0.0,0.0,0.0,0.0,0.0
6,4,0.0,0.0,0.0,0.0,0.96875,0.015625,0.015625,0.0,0.0,0.0,0.0,0.0
6,4,0.0,0.0,0.0,0.0,0.96875,0.015625,0.015625,0.0,0.0,0.0,0.0,0.0
6,4,0.0,0.0,0.0,0.0,0.96875,0.015625,0.015625,0.0,0.0,0.0,0.0,0.0
6,4,0.0,0.0,0.0,0.0,0.96875,0.015625,0.015625,0.0,0.0,0.0,0.0,0.0
6,4,0.0,0.0,0.0,0.0,0.96875,0.015625,0.015625,0.0,0.0,0.0,0.0,0.0
6,4,0.0,0.0,0.0,0.0,0.96875,0.015625,0.015625,0.0,0.0,0.0,0.0,0.0
6,4,0.0,0.0,0.0,0.0,0.96875,0.015625,0.015625,0.0,0.0,0.0,0.0,0.0
6,4,0.0,0.0,0.0,0.0,0.96875,0.015625,0.015625,0.0,0.0,0.0,0.0,0.0
6,4,0.0,0.0,0.0,0.0,0.96875,0.015625,0.015625,0.0,0.0,0.0,0.0,0.0
6,4,0.0,0.0,0.0,0.0,0.96875,0.015625,0.015625,0.0,0.0,0.0,0.0,0.0
6,4,0.0,0.0,0.0,0.0,0.96875,0.015625,0.015625,0.0,0.0,0.0,0.0,0.0
6,4,0.0,0.0,0.0,0.0,0.96875,0.015625,0.015625,0.0,0.0,0.0,0.0,0.0
6,4,0.0,0.0,0.0,0.0,0.96875,0.015625,0.015625,0.0,0.0,0.0,0.0,0.0
6,4,0.0,0.0,0.0,0.0,0.96875,0.015625,0.015625,0.0,0.0,0.0,0.0,0.0
6,4,0.0,0.0,0.0,0.0,0.96875,0.015625,0.015625,0.0,0.0,0.0,0.0,0.0
6,4,0.0,0.0,0.0,0.0,0.96875,0.015625,0.015625,0.0,0.0,0.0,0.0,0.0
6,4,0.0,0.0,0.0,0.0,0.96875,0.015625,0.015625,0.0,0.0,0.0,0.0,0.0
6,4,0.0,0.0,0.0,0.0,0.96875,0.015625,0.015625,0.0,0.0,0.0,0.0,0.0
6,4,0.0,0.0,0.0,0.0,0.984375,0.015625,0.0,0.0,0.0,0.0,0.0,0.0
6,4,0.0,0.0,0.0,0.0,0.984375,0.015625,0.0,0.0,0.0,0.0,0.0,0.0
6,4,0.0,0.0,0.0,0.0,0.984375,0.015625,0.0,0.0,0.0,0.0,0.0,0.0
6,4,0.0,0.0,0.0,0.0,0.984375,0.015625,0.0,0.0,0.0,0.0,0.0,0.0
6,4,0.0,0.0,0.0,0.0,0.984375,0.015625,0.0,0.0,0.0,0.0,0.0,0.0
6,4,0.0,0.0,0.0,0.0,0.984375,0.015625,0.0,0.0,0.0,0.0,0.0,0.0
6,4,0.0,0.0,0.0,0.0,0.984375,0.015625,0.0,0.0,0.0,0.0,0.0,0.0
6,4,0.0,0.0,0.0,0.0,0.984375,0.015625,0.0,0.0,0.0,0.0,0.0,0.0
6,4,0.0,0.0,0.0,0.0,0.984375,0.015625,0.0,0.0,0.0,0.0,0.0,0.0
6,4,0.0,0.0,0.0,0.0,0.984375,0.015625,0.0,0.0,0.0,0.0,0.0,0.0
6,4,0.0,0.0,0.0,0.0,0.984375,0.015625,0.0,0.0,0.0,0.0,0.0,0.0
6,4,0.0,0.0,0.0,0.0,0.984375,0.015625,0.0,0.0,0.0,0.0,0.0,0.0
6,4,0.0,0.0,0.0,0.0,0.984375,0.015625,0.0,0.0,0.0,0.0,0.0,0.0
6,4,0.0,0.0,0.0,0.0,0.984375,0.015625,0.0,0.0,0.0,0.0,0.0,0.0
6,4,0.0,0.0,0.0,0.0,0.984375,0.015625,0.0,0.0,0.0,0.0,0.0,0.0
6,4,0.0,0.0,0.0,0.0,0.984375,0.015625,0.0,0.0,0.0,0.0,0.0,0.0
6,4,0.0,0.0,0.0,0.0,0.984375,0.015625,0.0,0.0,0.0,0.0,0.0,0.0
6,4,0.0,0.0,0.0,0.0,0.984375,0.015625,0.0,0.0,0.0,0.0,0.0,0.0
6,4,0.0,0.0,0.0,0.0,0.984375,0.015625,0.0,0.0,0.0,0.0,0.0,0.0
6,4,0.0,0.0,0.0,0.0,0.984375,0.015625,0.0,0.0,0.0,0.0,0.0,0.0
6,4,0.0,0.0,0.0,0.0,0.984375,0.015625,0.0,0.0,0.0,0.0,0.0,0.0
6,4,0.0,0.0,0.0,0.0,0.984375,0.015625,0.0,0.0,0.0,0.0,0.0,0.0
6,4,0.0,0.0,0.0,0.0,0.984375,0.015625,0.0,0.0,0.0,0.0,0.0,0.0
6,4,0.0,0.0,0.0,0.0,0.984375,0.015625,0.0,0.0,0.0,0.0,0.0,0.0
6,4,0.0,0.0,0.0,0.0,0.984375,0.015625,0.0,0.0,0.0,0.0,0.0,0.0
6,4,0.0,0.0,0.0,0.0,0.984375,0.015625,0.0,0.0,0.0,0.0,0.0,0.0
6,4,0.0,0.0,0.0,0.0,0.984375,0.015625,0.0,0.0,0.0,0.0,0.0,0.0
6,4,0.0,0.0,0.0,0.0,0.984375,0.015625,0.0,0.0,0.0,0.0,0.0,0.0
6,4,0.0,0.0,0.0,0.0,0.984375,0.015625,0.0,0.0,0.0,0.0,0.0,0.0
6,4,0.0,0.0,0.0,0.0,0.984375,0.015625,0.0,0.0,0.0,0.0,0.0,0.0
6,4,0.0,0.0,0.0,0.0,0.984375,0.015625,0.0,0.0,0.0,0.0,0.0,0.0
6,4,0.0,0.0,0.0,0.0,0.984375,0.015625,0.0,0.0,0.0,0.0,0.0,0.0
6,4,0.0,0.0,0.0,0.0,0.984375,0.015625,0.0,0.0,0.0,0.0,0.0,0.0
6,4,0.0,0.0,0.0,0.0,0.984375,0.015625,0.0,0.0,0.0,0.0,0.0,0.0
6,4,0.0,0.0,0.0,0.0,0.984375,0.015625,0.0,0.0,0.0,0.0,0.0,0.0
6,4,0.0,0.0,0.0,0.0,0.984375,0.015625,0.0,0.0,0.0,0.0,0.0,0.0
6,4,0.0,0.0,0.0,0.0,0.984375,0.015625,0.0,0.0,0.0,0.0,0.0,0.0
6,4,0.0,0.0,0.0,0.0,0.984375,0.015625,0.0,0.0,0.0,0.0,0.0,0.0
6,4,0.0,0.0,0.0,0.0,0.984375,0.015625,0.0,0.0,0.0,0.0,0.0,0.0
6,4,0.0,0.0,0.0,0.0,0.984375,0.015625,0.0,0.0,0.0,0.0,0.0,0.0
6,4,0.0,0.0,0.0,0.0,0.984375,0.015625,0.0,0.0,0.0,0.0,0.0,0.0
6,4,0.0,0.0,0.0,0.0,0.984375,0.015625,0.0,0.0,0.0,0.0,0.0,0.0
6,4,0.0,0.0,0.0,0.0,0.984375,0.015625,0.0,0.0,0.0,0.0,0.0,0.0
6,4,0.0,0.0,0.0,0.0,0.984375,0.015625,0.0,0.0,0.0,0.0,0.0,0.0
6,4,0.0,0.015625,0.0,0.0,0.96875,0.015625,0.0,0.0,0.0,0.0,0.0,0.0
6,4,0.0,0.015625,0.0,0.0,0.96875,0.015625,0.0,0.0,0.0,0.0,0.0,0.0
6,4,0.0,0.015625,0.0,0.0,0.984375,0.0,0.0,0.0,0.0,0.0,0.0,0.0
6,4,0.0,0.015625,0.0,0.0,0.984375,0.0,0.0,0.0,0.0,0.0,0.0,0.0
6,4,0.0,0.015625,0.0,0.0,0.984375,0.0,0.0,0.0,0.0,0.0,0.0,0.0
6,4,0.0,0.015625,0.0,0.0,0.984375,0.0,0.0,0.0,0.0,0.0,0.0,0.0
6,4,0.0,0.015625,0.0,0.0,0.984375,0.0,0.0,0.0,0.0,0.0,0.0,0.0
6,4,0.0,0.015625,0.0,0.0,0.984375,0.0,0.0,0.0,0.0,0.0,0.0,0.0
6,4,0.0,0.015625,0.0,0.0,0.984375,0.0,0.0,0.0,0.0,0.0,0.0,0.0
6,4,0.0,0.015625,0.0,0.0,0.984375,0.0,0.0,0.0,0.0,0.0,0.0,0.0
6,4,0.0,0.015625,0.0,0.0,0.984375,0.0,0.0,0.0,0.0,0.0,0.0,0.0
6,4,0.0,0.015625,0.0,0.0,0.984375,0.0,0.0,0.0,0.0,0.0,0.0,0.0
6,4,0.0,0.015625,0.0,0.0,0.984375,0.0,0.0,0.0,0.0,0.0,0.0,0.0
6,4,0.0,0.015625,0.0,0.0,0.984375,0.0,0.0,0.0,0.0,0.0,0.0,0.0
6,4,0.0,0.015625,0.0,0.0,0.984375,0.0,0.0,0.0,0.0,0.0,0.0,0.0
6,4,0.0,0.015625,0.0,0.0,0.984375,0.0,0.0,0.0,0.0,0.0,0.0,0.0
6,4,0.0,0.015625,0.0,0.0,0.984375,0.0,0.0,0.0,0.0,0.0,0.0,0.0
6,4,0.0,0.015625,0.0,0.0,0.984375,0.0,0.0,0.0,0.0,0.0,0.0,0.0
6,4,0.0,0.015625,0.0,0.0,0.984375,0.0,0.0,0.0,0.0,0.0,0.0,0.0
6,4,0.0,0.015625,0.0,0.0,0.984375,0.0,0.0,0.0,0.0,0.0,0.0,0.0
6,4,0.0,0.015625,0.0,0.0,0.984375,0.0,0.0,0.0,0.0,0.0,0.0,0.0
6,4,0.0,0.015625,0.0,0.0,0.984375,0.0,0.0,0.0,0.0,0.0,0.0,0.0
6,4,0.0,0.015625,0.0,0.0,0.984375,0.0,0.0,0.0,0.0,0.0,0.0,0.0
6,4,0.0,0.015625,0.0,0.0,0.984375,0.0,0.0,0.0,0.0,0.0,0.0,0.0
6,4,0.0,0.015625,0.0,0.0,0.984375,0.0,0.0,0.0,0.0,0.0,0.0,0.0
6,4,0.0,0.015625,0.0,0.0,0.984375,0.0,0.0,0.0,0.0,0.0,0.0,0.0
6,4,0.0,0.015625,0.0,0.0,0.984375,0.0,0.0,0.0,0.0,0.0,0.0,0.0
6,4,0.0,0.015625,0.0,0.0,0.984375,0.0,0.0,0.0,0.0,0.0,0.0,0.0
6,4,0.0,0.015625,0.0,0.0,0.984375,0.0,0.0,0.0,0.0,0.0,0.0,0.0
6,4,0.0,0.015625,0.0,0.0,0.984375,0.0,0.0,0.0,0.0,0.0,0.0,0.0
6,4,0.0,0.015625,0.0,0.0,0.984375,0.0,0.0,0.0,0.0,0.0,0.0,0.0
6,4,0.0,0.015625,0.0,0.0,0.984375,0.0,0.0,0.0,0.0,0.0,0.0,0.0
6,4,0.0,0.015625,0.0,0.0,0.984375,0.0,0.0,0.0,0.0,0.0,0.0,0.0
6,4,0.0,0.015625,0.0,0.0,0.984375,0.0,0.0,0.0,0.0,0.0,0.0,0.0
6,4,0.0,0.015625,0.0,0.0,0.984375,0.0,0.0,0.0,0.0,0.0,0.0,0.0
6,4,0.0,0.015625,0.0,0.0,0.984375,0.0,0.0,0.0,0.0,0.0,0.0,0.0
6,4,0.0,0.015625,0.0,0.0,0.984375,0.0,0.0,0.0,0.0,0.0,0.0,0.0
6,4,0.0,0.015625,0.0,0.0,0.984375,0.0,0.0,0.0,0.0,0.0,0.0,0.0
6,4,0.0,0.015625,0.0,0.0,0.984375,0.0,0.0,0.0,0.0,0.0,0.0,0.0
6,4,0.0,0.015625,0.0,0.0,0.984375,0.0,0.0,0.0,0.0,0.0,0.0,0.0
6,4,0.0,0.015625,0.0,0.0,0.984375,0.0,0.0,0.0,0.0,0.0,0.0,0.0
6,4,0.0,0.015625,0.0,0.0,0.984375,0.0,0.0,0.0,0.0,0.0,0.0,0.0
6,4,0.0,0.015625,0.0,0.0,0.984375,0.0,0.0,0.0,0.0,0.0,0.0,0.0
6,4,0.0,0.015625,0.0,0.0,0.984375,0.0,0.0,0.0,0.0,0.0,0.0,0.0
6,4,0.0,0.015625,0.0,0.0,0.984375,0.0,0.0,0.0,0.0,0.0,0.0,0.0
6,4,0.0,0.015625,0.0,0.0,0.984375,0.0,0.0,0.0,0.0,0.0,0.0,0.0
6,4,0.0,0.015625,0.0,0.0,0.984375,0.0,0.0,0.0,0.0,0.0,0.0,0.0
6,4,0.0,0.015625,0.0,0.0,0.984375,0.0,0.0,0.0,0.0,0.0,0.0,0.0
6,4,0.0,0.015625,0.0,0.0,0.984375,0.0,0.0,0.0,0.0,0.0,0.0,0.0
6,4,0.0,0.015625,0.0,0.0,0.984375,0.0,0.0,0.0,0.0,0.0,0.0,0.0
6,4,0.0,0.015625,0.0,0.0,0.984375,0.0,0.0,0.0,0.0,0.0,0.0,0.0
6,4,0.0,0.015625,0.0,0.0,0.984375,0.0,0.0,0.0,0.0,0.0,0.0,0.0
6,4,0.0,0.015625,0.0,0.0,0.984375,0.0,0.0,0.0,0.0,0.0,0.0,0.0
6,4,0.0,0.015625,0.0,0.0,0.984375,0.0,0.0,0.0,0.0,0.0,0.0,0.0
6,4,0.0,0.015625,0.0,0.0,0.984375,0.0,0.0,0.0,0.0,0.0,0.0,0.0
6,4,0.0,0.015625,0.0,0.0,0.984375,0.0,0.0,0.0,0.0,0.0,0.0,0.0
6,4,0.0,0.015625,0.0,0.0,0.984375,0.0,0.0,0.0,0.0,0.0,0.0,0.0
6,4,0.0,0.015625,0.0,0.0,0.984375,0.0,0.0,0.0,0.0,0.0,0.0,0.0
6,4,0.0,0.015625,0.0,0.0,0.984375,0.0,0.0,0.0,0.0,0.0,0.0,0.0
6,4,0.0,0.015625,0.0,0.0,0.984375,0.0,0.0,0.0,0.0,0.0,0.0,0.0
6,4,0.0,0.015625,0.0,0.0,0.984375,0.0,0.0,0.0,0.0,0.0,0.0,0.0
6,4,0.0,0.015625,0.0,0.0,0.984375,0.0,0.0,0.0,0.0,0.0,0.0,0.0
6,4,0.0,0.015625,0.0,0.0,0.984375,0.0,0.0,0.0,0.0,0.0,0.0,0.0
6,4,0.0,0.015625,0.0,0.0,0.984375,0.0,0.0,0.0,0.0,0.0,0.0,0.0
6,4,0.0,0.015625,0.0,0.0,0.984375,0.0,0.0,0.0,0.0,0.0,0.0,0.0
6,4,0.0,0.015625,0.0,0.0,0.984375,0.0,0.0,0.0,0.0,0.0,0.0,0.0
6,4,0.0,0.015625,0.0,0.0,0.984375,0.0,0.0,0.0,0.0,0.0,0.0,0.0
6,4,0.0,0.015625,0.0,0.0,0.984375,0.0,0.0,0.0,0.0,0.0,0.0,0.0
6,4,0.0,0.015625,0.0,0.0,0.984375,0.0,0.0,0.0,0.0,0.0,0.0,0.0
6,4,0.0,0.015625,0.0,0.0,0.984375,0.0,0.0,0.0,0.0,0.0,0.0,0.0
6,4,0.0,0.015625,0.0,0.0,0.984375,0.0,0.0,0.0,0.0,0.0,0.0,0.0
6,4,0.0,0.015625,0.0,0.0,0.984375,0.0,0.0,0.0,0.0,0.0,0.0,0.0
6,4,0.0,0.015625,0.0,0.0,0.984375,0.0,0.0,0.0,0.0,0.0,0.0,0.0
6,4,0.0,0.015625,0.0,0.0,0.984375,0.0,0.0,0.0,0.0,0.0,0.0,0.0
6,4,0.0,0.015625,0.0,0.0,0.984375,0.0,0.0,0.0,0.0,0.0,0.0,0.0
6,4,0.0,0.015625,0.0,0.0,0.984375,0.0,0.0,0.0,0.0,0.0,0.0,0.0
6,4,0.0,0.015625,0.0,0.0,0.984375,0.0,0.0,0.0,0.0,0.0,0.0,0.0
6,4,0.0,0.015625,0.0,0.0,0.984375,0.0,0.0,0.0,0.0,0.0,0.0,0.0
6,4,0.0,0.015625,0.0,0.0,0.984375,0.0,0.0,0.0,0.0,0.0,0.0,0.0
6,4,0.0,0.015625,0.0,0.0,0.984375,0.0,0.0,0.0,0.0,0.0,0.0,0.0
6,4,0.0,0.015625,0.0,0.0,0.984375,0.0,0.0,0.0,0.0,0.0,0.0,0.0
6,4,0.0,0.015625,0.0,0.0,0.984375,0.0,0.0,0.0,0.0,0.0,0.0,0.0
6,4,0.0,0.015625,0.0,0.0,0.984375,0.0,0.0,0.0,0.0,0.0,0.0,0.0
6,4,0.0,0.015625,0.0,0.0,0.984375,0.0,0.0,0.0,0.0,0.0,0.0,0.0
6,4,0.0,0.015625,0.0,0.0,0.984375,0.0,0.0,0.0,0.0,0.0,0.0,0.0
6,4,0.0,0.015625,0.0,0.0,0.984375,0.0,0.0,0.0,0.0,0.0,0.0,0.0
6,4,0.0,0.015625,0.0,0.0,0.984375,0.0,0.0,0.0,0.0,0.0,0.0,0.0
6,4,0.0,0.015625,0.0,0.0,0.984375,0.0,0.0,0.0,0.0,0.0,0.0,0.0
6,4,0.0,0.015625,0.0,0.0,0.984375,0.0,0.0,0.0,0.0,0.0,0.0,0.0
6,4,0.0,0.015625,0.0,0.0,0.984375,0.0,0.0,0.0,0.0,0.0,0.0,0.0
6,4,0.0,0.015625,0.0,0.0,0.984375,0.0,0.0,0.0,0.0,0.0,0.0,0.0
6,4,0.0,0.015625,0.0,0.0,0.984375,0.0,0.0,0.0,0.0,0.0,0.0,0.0
6,4,0.0,0.015625,0.0,0.0,0.984375,0.0,0.0,0.0,0.0,0.0,0.0,0.0
6,4,0.0,0.015625,0.0,0.0,0.984375,0.0,0.0,0.0,0.0,0.0,0.0,0.0
6,4,0.0,0.015625,0.0,0.0,0.984375,0.0,0.0,0.0,0.0,0.0,0.0,0.0
6,4,0.0,0.015625,0.0,0.0,0.984375,0.0,0.0,0.0,0.0,0.0,0.0,0.0
6,4,0.0,0.015625,0.0,0.0,0.984375,0.0,0.0,0.0,0.0,0.0,0.0,0.0
6,4,0.0,0.015625,0.0,0.0,0.984375,0.0,0.0,0.0,0.0,0.0,0.0,0.0
6,4,0.0,0.015625,0.0,0.0,0.984375,0.0,0.0,0.0,0.0,0.0,0.0,0.0
6,4,0.0,0.015625,0.0,0.0,0.984375,0.0,0.0,0.0,0.0,0.0,0.0,0.0
6,4,0.0,0.015625,0.0,0.0,0.984375,0.0,0.0,0.0,0.0,0.0,0.0,0.0
6,4,0.0,0.015625,0.0,0.0,0.984375,0.0,0.0,0.0,0.0,0.0,0.0,0.0
6,4,0.0,0.015625,0.0,0.0,0.984375,0.0,0.0,0.0,0.0,0.0,0.0,0.0
6,4,0.0,0.015625,0.0,0.0,0.984375,0.0,0.0,0.0,0.0,0.0,0.0,0.0
6,4,0.0,0.015625,0.0,0.0,0.984375,0.0,0.0,0.0,0.0,0.0,0.0,0.0
6,4,0.0,0.015625,0.0,0.0,0.984375,0.0,0.0,0.0,0.0,0.0,0.0,0.0
6,4,0.0,0.015625,0.0,0.0,0.984375,0.0,0.0,0.0,0.0,0.0,0.0,0.0
6,4,0.0,0.015625,0.0,0.0,0.984375,0.0,0.0,0.0,0.0,0.0,0.0,0.0
6,4,0.0,0.015625,0.0,0.0,0.984375,0.0,0.0,0.0,0.0,0.0,0.0,0.0
6,4,0.0,0.015625,0.0,0.0,0.984375,0.0,0.0,0.0,0.0,0.0,0.0,0.0
6,4,0.0,0.015625,0.0,0.0,0.984375,0.0,0.0,0.0,0.0,0.0,0.0,0.0
6,4,0.0,0.015625,0.0,0.0,0.984375,0.0,0.0,0.0,0.0,0.0,0.0,0.0
6,4,0.0,0.015625,0.0,0.0,0.984375,0.0,0.0,0.0,0.0,0.0,0.0,0.0
6,4,0.0,0.015625,0.0,0.0,0.984375,0.0,0.0,0.0,0.0,0.0,0.0,0.0
6,4,0.0,0.015625,0.0,0.0,0.984375,0.0,0.0,0.0,0.0,0.0,0.0,0.0
6,4,0.0,0.015625,0.0,0.0,0.984375,0.0,0.0,0.0,0.0,0.0,0.0,0.0
6,4,0.0,0.015625,0.0,0.0,0.984375,0.0,0.0,0.0,0.0,0.0,0.0,0.0
6,4,0.0,0.015625,0.0,0.0,0.984375,0.0,0.0,0.0,0.0,0.0,0.0,0.0
6,4,0.0,0.015625,0.0,0.0,0.984375,0.0,0.0,0.0,0.0,0.0,0.0,0.0
6,4,0.0,0.015625,0.0,0.0,0.984375,0.0,0.0,0.0,0.0,0.0,0.0,0.0
6,4,0.0,0.015625,0.0,0.0,0.984375,0.0,0.0,0.0,0.0,0.0,0.0,0.0
6,4,0.0,0.015625,0.0,0.0,0.984375,0.0,0.0,0.0,0.0,0.0,0.0,0.0
6,4,0.0,0.015625,0.0,0.0,0.984375,0.0,0.0,0.0,0.0,0.0,0.0,0.0
6,4,0.0,0.015625,0.0,0.0,0.984375,0.0,0.0,0.0,0.0,0.0,0.0,0.0
6,4,0.0,0.015625,0.0,0.0,0.984375,0.0,0.0,0.0,0.0,0.0,0.0,0.0
6,4,0.0,0.015625,0.0,0.0,0.984375,0.0,0.0,0.0,0.0,0.0,0.0,0.0
6,4,0.0,0.015625,0.0,0.0,0.984375,0.0,0.0,0.0,0.0,0.0,0.0,0.0
6,4,0.0,0.015625,0.0,0.0,0.984375,0.0,0.0,0.0,0.0,0.0,0.0,0.0
6,4,0.0,0.015625,0.0,0.0,0.984375,0.0,0.0,0.0,0.0,0.0,0.0,0.0
6,4,0.0,0.015625,0.0,0.0,0.984375,0.0,0.0,0.0,0.0,0.0,0.0,0.0
6,4,0.0,0.015625,0.0,0.0,0.984375,0.0,0.0,0.0,0.0,0.0,0.0,0.0
6,4,0.0,0.015625,0.0,0.0,0.984375,0.0,0.0,0.0,0.0,0.0,0.0,0.0
6,4,0.0,0.015625,0.0,0.0,0.984375,0.0,0.0,0.0,0.0,0.0,0.0,0.0
6,4,0.0,0.015625,0.0,0.0,0.984375,0.0,0.0,0.0,0.0,0.0,0.0,0.0
6,4,0.0,0.015625,0.0,0.0,0.984375,0.0,0.0,0.0,0.0,0.0,0.0,0.0
6,4,0.0,0.015625,0.0,0.0,0.984375,0.0,0.0,0.0,0.0,0.0,0.0,0.0
6,4,0.0,0.015625,0.0,0.0,0.984375,0.0,0.0,0.0,0.0,0.0,0.0,0.0
6,4,0.0,0.015625,0.0,0.0,0.984375,0.0,0.0,0.0,0.0,0.0,0.0,0.0
6,4,0.0,0.015625,0.0,0.0,0.984375,0.0,0.0,0.0,0.0,0.0,0.0,0.0
6,4,0.0,0.015625,0.0,0.0,0.984375,0.0,0.0,0.0,0.0,0.0,0.0,0.0
6,4,0.0,0.015625,0.0,0.0,0.984375,0.0,0.0,0.0,0.0,0.0,0.0,0.0
6,4,0.0,0.015625,0.0,0.0,0.984375,0.0,0.0,0.0,0.0,0.0,0.0,0.0
6,4,0.0,0.015625,0.0,0.0,0.984375,0.0,0.0,0.0,0.0,0.0,0.0,0.0
6,4,0.0,0.015625,0.0,0.0,0.984375,0.0,0.0,0.0,0.0,0.0,0.0,0.0
6,4,0.0,0.015625,0.0,0.0,0.984375,0.0,0.0,0.0,0.0,0.0,0.0,0.0
6,4,0.0,0.015625,0.0,0.0,0.984375,0.0,0.0,0.0,0.0,0.0,0.0,0.0
6,4,0.0,0.015625,0.0,0.0,0.984375,0.0,0.0,0.0,0.0,0.0,0.0,0.0
6,4,0.0,0.015625,0.0,0.0,0.984375,0.0,0.0,0.0,0.0,0.0,0.0,0.0
6,4,0.0,0.015625,0.0,0.0,0.984375,0.0,0.0,0.0,0.0,0.0,0.0,0.0
6,4,0.0,0.015625,0.0,0.0,0.984375,0.0,0.0,0.0,0.0,0.0,0.0,0.0
6,4,0.0,0.015625,0.0,0.0,0.984375,0.0,0.0,0.0,0.0,0.0,0.0,0.0
6,4,0.0,0.015625,0.0,0.0,0.984375,0.0,0.0,0.0,0.0,0.0,0.0,0.0
6,4,0.0,0.015625,0.0,0.0,0.984375,0.0,0.0,0.0,0.0,0.0,0.0,0.0
6,4,0.0,0.015625,0.0,0.0,0.984375,0.0,0.0,0.0,0.0,0.0,0.0,0.0
6,4,0.0,0.015625,0.0,0.0,0.984375,0.0,0.0,0.0,0.0,0.0,0.0,0.0
6,4,0.0,0.015625,0.0,0.0,0.984375,0.0,0.0,0.0,0.0,0.0,0.0,0.0
6,4,0.0,0.015625,0.0,0.0,0.984375,0.0,0.0,0.0,0.0,0.0,0.0,0.0
6,4,0.0,0.015625,0.0,0.0,0.984375,0.0,0.0,0.0,0.0,0.0,0.0,0.0
6,4,0.0,0.015625,0.0,0.0,0.984375,0.0,0.0,0.0,0.0,0.0,0.0,0.0
6,4,0.0,0.015625,0.0,0.0,0.984375,0.0,0.0,0.0,0.0,0.0,0.0,0.0
6,4,0.0,0.015625,0.0,0.0,0.984375,0.0,0.0,0.0,0.0,0.0,0.0,0.0
6,4,0.0,0.015625,0.0,0.0,0.984375,0.0,0.0,0.0,0.0,0.0,0.0,0.0
6,4,0.0,0.015625,0.0,0.0,0.984375,0.0,0.0,0.0,0.0,0.0,0.0,0.0
6,4,0.0,0.015625,0.0,0.0,0.984375,0.0,0.0,0.0,0.0,0.0,0.0,0.0
6,4,0.0,0.015625,0.0,0.0,0.984375,0.0,0.0,0.0,0.0,0.0,0.0,0.0
6,4,0.0,0.015625,0.0,0.0,0.984375,0.0,0.0,0.0,0.0,0.0,0.0,0.0
6,4,0.0,0.015625,0.0,0.0,0.984375,0.0,0.0,0.0,0.0,0.0,0.0,0.0
6,4,0.0,0.015625,0.0,0.0,0.984375,0.0,0.0,0.0,0.0,0.0,0.0,0.0
6,4,0.0,0.015625,0.0,0.0,0.984375,0.0,0.0,0.0,0.0,0.0,0.0,0.0
6,4,0.0,0.015625,0.0,0.0,0.984375,0.0,0.0,0.0,0.0,0.0,0.0,0.0
6,4,0.0,0.015625,0.0,0.0,0.984375,0.0,0.0,0.0,0.0,0.0,0.0,0.0
6,4,0.0,0.015625,0.0,0.0,0.984375,0.0,0.0,0.0,0.0,0.0,0.0,0.0
6,4,0.0,0.015625,0.0,0.0,0.984375,0.0,0.0,0.0,0.0,0.0,0.0,0.0
6,4,0.0,0.015625,0.0,0.0,0.984375,0.0,0.0,0.0,0.0,0.0,0.0,0.0
6,4,0.0,0.015625,0.0,0.0,0.984375,0.0,0.0,0.0,0.0,0.0,0.0,0.0
6,4,0.0,0.015625,0.0,0.0,0.984375,0.0,0.0,0.0,0.0,0.0,0.0,0.0
6,4,0.0,0.015625,0.0,0.0,0.984375,0.0,0.0,0.0,0.0,0.0,0.0,0.0
6,4,0.0,0.015625,0.0,0.0,0.984375,0.0,0.0,0.0,0.0,0.0,0.0,0.0
6,4,0.0,0.015625,0.0,0.0,0.984375,0.0,0.0,0.0,0.0,0.0,0.0,0.0
6,4,0.0,0.015625,0.0,0.0,0.984375,0.0,0.0,0.0,0.0,0.0,0.0,0.0
6,4,0.0,0.015625,0.0,0.0,0.984375,0.0,0.0,0.0,0.0,0.0,0.0,0.0
6,4,0.0,0.015625,0.0,0.0,0.984375,0.0,0.0,0.0,0.0,0.0,0.0,0.0
6,4,0.0,0.015625,0.0,0.0,0.984375,0.0,0.0,0.0,0.0,0.0,0.0,0.0
6,4,0.0,0.015625,0.0,0.0,0.984375,0.0,0.0,0.0,0.0,0.0,0.0,0.0
6,4,0.0,0.015625,0.0,0.0,0.984375,0.0,0.0,0.0,0.0,0.0,0.0,0.0
6,4,0.0,0.015625,0.0,0.0,0.984375,0.0,0.0,0.0,0.0,0.0,0.0,0.0
6,4,0.0,0.015625,0.0,0.0,0.984375,0.0,0.0,0.0,0.0,0.0,0.0,0.0
6,4,0.0,0.015625,0.0,0.0,0.984375,0.0,0.0,0.0,0.0,0.0,0.0,0.0
6,4,0.0,0.015625,0.0,0.0,0.984375,0.0,0.0,0.0,0.0,0.0,0.0,0.0
6,4,0.0,0.015625,0.0,0.0,0.984375,0.0,0.0,0.0,0.0,0.0,0.0,0.0
6,4,0.0,0.015625,0.0,0.0,0.984375,0.0,0.0,0.0,0.0,0.0,0.0,0.0
6,4,0.0,0.015625,0.0,0.0,0.984375,0.0,0.0,0.0,0.0,0.0,0.0,0.0
6,4,0.0,0.015625,0.0,0.0,0.984375,0.0,0.0,0.0,0.0,0.0,0.0,0.0
6,4,0.0,0.015625,0.0,0.0,0.984375,0.0,0.0,0.0,0.0,0.0,0.0,0.0
6,4,0.0,0.015625,0.0,0.0,0.984375,0.0,0.0,0.0,0.0,0.0,0.0,0.0
6,4,0.0,0.015625,0.0,0.0,0.984375,0.0,0.0,0.0,0.0,0.0,0.0,0.0
6,4,0.0,0.015625,0.0,0.0,0.984375,0.0,0.0,0.0,0.0,0.0,0.0,0.0
6,4,0.0,0.015625,0.0,0.0,0.984375,0.0,0.0,0.0,0.0,0.0,0.0,0.0
6,4,0.0,0.015625,0.0,0.0,0.984375,0.0,0.0,0.0,0.0,0.0,0.0,0.0
6,4,0.0,0.015625,0.0,0.0,0.984375,0.0,0.0,0.0,0.0,0.0,0.0,0.0
6,4,0.0,0.015625,0.0,0.0,0.984375,0.0,0.0,0.0,0.0,0.0,0.0,0.0
6,4,0.0,0.015625,0.0,0.0,0.984375,0.0,0.0,0.0,0.0,0.0,0.0,0.0
6,4,0.0,0.015625,0.0,0.0,0.984375,0.0,0.0,0.0,0.0,0.0,0.0,0.0
6,4,0.0,0.015625,0.0,0.0,0.984375,0.0,0.0,0.0,0.0,0.0,0.0,0.0
6,4,0.0,0.015625,0.0,0.0,0.984375,0.0,0.0,0.0,0.0,0.0,0.0,0.0
6,4,0.0,0.015625,0.0,0.0,0.984375,0.0,0.0,0.0,0.0,0.0,0.0,0.0
6,4,0.0,0.015625,0.0,0.0,0.984375,0.0,0.0,0.0,0.0,0.0,0.0,0.0
6,4,0.0,0.015625,0.0,0.0,0.984375,0.0,0.0,0.0,0.0,0.0,0.0,0.0
6,4,0.0,0.015625,0.0,0.0,0.984375,0.0,0.0,0.0,0.0,0.0,0.0,0.0
6,4,0.0,0.015625,0.0,0.0,0.984375,0.0,0.0,0.0,0.0,0.0,0.0,0.0
6,4,0.0,0.015625,0.0,0.0,0.984375,0.0,0.0,0.0,0.0,0.0,0.0,0.0
6,4,0.0,0.015625,0.0,0.0,0.984375,0.0,0.0,0.0,0.0,0.0,0.0,0.0
6,4,0.0,0.015625,0.0,0.0,0.984375,0.0,0.0,0.0,0.0,0.0,0.0,0.0
6,4,0.0,0.015625,0.0,0.0,0.984375,0.0,0.0,0.0,0.0,0.0,0.0,0.0
6,4,0.0,0.015625,0.0,0.0,0.984375,0.0,0.0,0.0,0.0,0.0,0.0,0.0
6,4,0.0,0.015625,0.0,0.0,0.984375,0.0,0.0,0.0,0.0,0.0,0.0,0.0
6,4,0.0,0.015625,0.0,0.0,0.984375,0.0,0.0,0.0,0.0,0.0,0.0,0.0
6,4,0.0,0.015625,0.0,0.0,0.984375,0.0,0.0,0.0,0.0,0.0,0.0,0.0
6,4,0.0,0.015625,0.0,0.0,0.984375,0.0,0.0,0.0,0.0,0.0,0.0,0.0
6,4,0.0,0.015625,0.0,0.0,0.984375,0.0,0.0,0.0,0.0,0.0,0.0,0.0
6,4,0.0,0.015625,0.0,0.0,0.984375,0.0,0.0,0.0,0.0,0.0,0.0,0.0
6,4,0.0,0.015625,0.0,0.0,0.984375,0.0,0.0,0.0,0.0,0.0,0.0,0.0
6,4,0.0,0.015625,0.0,0.0,0.984375,0.0,0.0,0.0,0.0,0.0,0.0,0.0
6,4,0.0,0.015625,0.0,0.0,0.984375,0.0,0.0,0.0,0.0,0.0,0.0,0.0
6,4,0.0,0.015625,0.0,0.0,0.984375,0.0,0.0,0.0,0.0,0.0,0.0,0.0
6,4,0.0,0.015625,0.0,0.0,0.984375,0.0,0.0,0.0,0.0,0.0,0.0,0.0
6,4,0.0,0.015625,0.0,0.0,0.984375,0.0,0.0,0.0,0.0,0.0,0.0,0.0
6,4,0.0,0.015625,0.0,0.0,0.984375,0.0,0.0,0.0,0.0,0.0,0.0,0.0
6,4,0.0,0.015625,0.0,0.0,0.984375,0.0,0.0,0.0,0.0,0.0,0.0,0.0
6,4,0.0,0.015625,0.0,0.0,0.984375,0.0,0.0,0.0,0.0,0.0,0.0,0.0
6,4,0.0,0.015625,0.0,0.0,0.984375,0.0,0.0,0.0,0.0,0.0,0.0,0.0
6,4,0.0,0.015625,0.0,0.0,0.984375,0.0,0.0,0.0,0.0,0.0,0.0,0.0
6,4,0.0,0.015625,0.0,0.0,0.984375,0.0,0.0,0.0,0.0,0.0,0.0,0.0
6,4,0.0,0.015625,0.0,0.0,0.984375,0.0,0.0,0.0,0.0,0.0,0.0,0.0
6,4,0.0,0.015625,0.0,0.0,0.984375,0.0,0.0,0.0,0.0,0.0,0.0,0.0
6,4,0.0,0.015625,0.0,0.0,0.984375,0.0,0.0,0.0,0.0,0.0,0.0,0.0
6,4,0.0,0.015625,0.0,0.0,0.984375,0.0,0.0,0.0,0.0,0.0,0.0,0.0
6,4,0.0,0.015625,0.0,0.0,0.984375,0.0,0.0,0.0,0.0,0.0,0.0,0.0
6,4,0.0,0.015625,0.0,0.0,0.984375,0.0,0.0,0.0,0.0,0.0,0.0,0.0
6,4,0.0,0.015625,0.0,0.0,0.984375,0.0,0.0,0.0,0.0,0.0,0.0,0.0
6,4,0.0,0.015625,0.0,0.0,0.984375,0.0,0.0,0.0,0.0,0.0,0.0,0.0
6,4,0.0,0.015625,0.0,0.0,0.984375,0.0,0.0,0.0,0.0,0.0,0.0,0.0
6,4,0.0,0.015625,0.0,0.0,0.984375,0.0,0.0,0.0,0.0,0.0,0.0,0.0
6,4,0.0,0.015625,0.0,0.0,0.984375,0.0,0.0,0.0,0.0,0.0,0.0,0.0
6,4,0.0,0.015625,0.0,0.0,0.984375,0.0,0.0,0.0,0.0,0.0,0.0,0.0
6,4,0.0,0.015625,0.0,0.0,0.984375,0.0,0.0,0.0,0.0,0.0,0.0,0.0
6,4,0.0,0.015625,0.0,0.0,0.984375,0.0,0.0,0.0,0.0,0.0,0.0,0.0
6,4,0.0,0.015625,0.0,0.0,0.984375,0.0,0.0,0.0,0.0,0.0,0.0,0.0
6,4,0.0,0.015625,0.0,0.0,0.984375,0.0,0.0,0.0,0.0,0.0,0.0,0.0
6,4,0.0,0.015625,0.0,0.0,0.984375,0.0,0.0,0.0,0.0,0.0,0.0,0.0
6,4,0.0,0.015625,0.0,0.0,0.984375,0.0,0.0,0.0,0.0,0.0,0.0,0.0
6,4,0.0,0.015625,0.0,0.0,0.984375,0.0,0.0,0.0,0.0,0.0,0.0,0.0
6,4,0.0,0.015625,0.0,0.0,0.984375,0.0,0.0,0.0,0.0,0.0,0.0,0.0
6,4,0.0,0.015625,0.0,0.0,0.984375,0.0,0.0,0.0,0.0,0.0,0.0,0.0
6,4,0.0,0.015625,0.0,0.0,0.984375,0.0,0.0,0.0,0.0,0.0,0.0,0.0
6,4,0.0,0.015625,0.0,0.0,0.984375,0.0,0.0,0.0,0.0,0.0,0.0,0.0
6,4,0.0,0.015625,0.0,0.0,0.984375,0.0,0.0,0.0,0.0,0.0,0.0,0.0
6,4,0.0,0.015625,0.0,0.0,0.984375,0.0,0.0,0.0,0.0,0.0,0.0,0.0
6,4,0.0,0.015625,0.0,0.0,0.984375,0.0,0.0,0.0,0.0,0.0,0.0,0.0
6,4,0.0,0.015625,0.0,0.0,0.984375,0.0,0.0,0.0,0.0,0.0,0.0,0.0
6,4,0.0,0.015625,0.0,0.0,0.984375,0.0,0.0,0.0,0.0,0.0,0.0,0.0
6,4,0.0,0.015625,0.0,0.0,0.984375,0.0,0.0,0.0,0.0,0.0,0.0,0.0
6,4,0.0,0.015625,0.0,0.0,0.984375,0.0,0.0,0.0,0.0,0.0,0.0,0.0
6,4,0.0,0.015625,0.0,0.0,0.984375,0.0,0.0,0.0,0.0,0.0,0.0,0.0
6,4,0.0,0.015625,0.0,0.0,0.984375,0.0,0.0,0.0,0.0,0.0,0.0,0.0
6,4,0.0,0.015625,0.0,0.0,0.984375,0.0,0.0,0.0,0.0,0.0,0.0,0.0
6,4,0.0,0.015625,0.0,0.0,0.984375,0.0,0.0,0.0,0.0,0.0,0.0,0.0
6,4,0.0,0.015625,0.0,0.0,0.984375,0.0,0.0,0.0,0.0,0.0,0.0,0.0
6,4,0.0,0.015625,0.0,0.0,0.984375,0.0,0.0,0.0,0.0,0.0,0.0,0.0
6,4,0.0,0.015625,0.0,0.0,0.984375,0.0,0.0,0.0,0.0,0.0,0.0,0.0
6,4,0.0,0.015625,0.0,0.0,0.984375,0.0,0.0,0.0,0.0,0.0,0.0,0.0
6,4,0.0,0.015625,0.0,0.0,0.984375,0.0,0.0,0.0,0.0,0.0,0.0,0.0
6,4,0.0,0.015625,0.0,0.0,0.984375,0.0,0.0,0.0,0.0,0.0,0.0,0.0
6,4,0.0,0.015625,0.0,0.0,0.984375,0.0,0.0,0.0,0.0,0.0,0.0,0.0
6,4,0.0,0.015625,0.0,0.0,0.984375,0.0,0.0,0.0,0.0,0.0,0.0,0.0
6,4,0.0,0.015625,0.0,0.0,0.984375,0.0,0.0,0.0,0.0,0.0,0.0,0.0
6,4,0.0,0.015625,0.0,0.0,0.984375,0.0,0.0,0.0,0.0,0.0,0.0,0.0
6,4,0.0,0.015625,0.0,0.0,0.984375,0.0,0.0,0.0,0.0,0.0,0.0,0.0
6,4,0.0,0.015625,0.0,0.0,0.984375,0.0,0.0,0.0,0.0,0.0,0.0,0.0
6,4,0.0,0.015625,0.0,0.0,0.984375,0.0,0.0,0.0,0.0,0.0,0.0,0.0
6,4,0.0,0.015625,0.0,0.0,0.984375,0.0,0.0,0.0,0.0,0.0,0.0,0.0
6,4,0.0,0.015625,0.0,0.0,0.984375,0.0,0.0,0.0,0.0,0.0,0.0,0.0
6,4,0.0,0.015625,0.0,0.0,0.984375,0.0,0.0,0.0,0.0,0.0,0.0,0.0
6,4,0.0,0.015625,0.0,0.0,0.984375,0.0,0.0,0.0,0.0,0.0,0.0,0.0
6,4,0.0,0.015625,0.0,0.0,0.984375,0.0,0.0,0.0,0.0,0.0,0.0,0.0
6,4,0.0,0.015625,0.0,0.0,0.984375,0.0,0.0,0.0,0.0,0.0,0.0,0.0
6,4,0.0,0.015625,0.0,0.0,0.984375,0.0,0.0,0.0,0.0,0.0,0.0,0.0
6,4,0.0,0.015625,0.0,0.0,0.984375,0.0,0.0,0.0,0.0,0.0,0.0,0.0
6,4,0.0,0.015625,0.0,0.0,0.984375,0.0,0.0,0.0,0.0,0.0,0.0,0.0
6,4,0.0,0.015625,0.0,0.0,0.984375,0.0,0.0,0.0,0.0,0.0,0.0,0.0
6,4,0.0,0.015625,0.0,0.0,0.984375,0.0,0.0,0.0,0.0,0.0,0.0,0.0
6,4,0.0,0.015625,0.0,0.0,0.984375,0.0,0.0,0.0,0.0,0.0,0.0,0.0
6,4,0.0,0.015625,0.0,0.0,0.984375,0.0,0.0,0.0,0.0,0.0,0.0,0.0
6,4,0.0,0.015625,0.0,0.0,0.984375,0.0,0.0,0.0,0.0,0.0,0.0,0.0
6,4,0.0,0.015625,0.0,0.0,0.984375,0.0,0.0,0.0,0.0,0.0,0.0,0.0
6,4,0.0,0.015625,0.0,0.0,0.984375,0.0,0.0,0.0,0.0,0.0,0.0,0.0
6,4,0.0,0.015625,0.0,0.0,0.984375,0.0,0.0,0.0,0.0,0.0,0.0,0.0
6,4,0.0,0.015625,0.0,0.0,0.984375,0.0,0.0,0.0,0.0,0.0,0.0,0.0
6,4,0.0,0.015625,0.0,0.0,0.984375,0.0,0.0,0.0,0.0,0.0,0.0,0.0
6,4,0.0,0.015625,0.0,0.0,0.984375,0.0,0.0,0.0,0.0,0.0,0.0,0.0
6,4,0.0,0.015625,0.0,0.0,0.984375,0.0,0.0,0.0,0.0,0.0,0.0,0.0
6,4,0.0,0.015625,0.0,0.0,0.984375,0.0,0.0,0.0,0.0,0.0,0.0,0.0
6,4,0.0,0.015625,0.0,0.0,0.984375,0.0,0.0,0.0,0.0,0.0,0.0,0.0
6,4,0.0,0.015625,0.0,0.0,0.984375,0.0,0.0,0.0,0.0,0.0,0.0,0.0
6,4,0.0,0.015625,0.0,0.0,0.984375,0.0,0.0,0.0,0.0,0.0,0.0,0.0
6,4,0.0,0.015625,0.0,0.0,0.984375,0.0,0.0,0.0,0.0,0.0,0.0,0.0
6,4,0.0,0.015625,0.0,0.0,0.984375,0.0,0.0,0.0,0.0,0.0,0.0,0.0
6,4,0.0,0.015625,0.0,0.0,0.984375,0.0,0.0,0.0,0.0,0.0,0.0,0.0
6,4,0.0,0.015625,0.0,0.0,0.984375,0.0,0.0,0.0,0.0,0.0,0.0,0.0
6,4,0.0,0.015625,0.0,0.0,0.984375,0.0,0.0,0.0,0.0,0.0,0.0,0.0
6,4,0.0,0.015625,0.0,0.0,0.984375,0.0,0.0,0.0,0.0,0.0,0.0,0.0
6,4,0.0,0.015625,0.0,0.0,0.984375,0.0,0.0,0.0,0.0,0.0,0.0,0.0
6,4,0.0,0.015625,0.0,0.0,0.984375,0.0,0.0,0.0,0.0,0.0,0.0,0.0
6,4,0.0,0.015625,0.0,0.0,0.984375,0.0,0.0,0.0,0.0,0.0,0.0,0.0
6,4,0.0,0.015625,0.0,0.0,0.984375,0.0,0.0,0.0,0.0,0.0,0.0,0.0
6,4,0.0,0.015625,0.0,0.0,0.984375,0.0,0.0,0.0,0.0,0.0,0.0,0.0
6,4,0.0,0.015625,0.0,0.0,0.984375,0.0,0.0,0.0,0.0,0.0,0.0,0.0
6,4,0.0,0.015625,0.0,0.0,0.984375,0.0,0.0,0.0,0.0,0.0,0.0,0.0
6,4,0.0,0.015625,0.0,0.0,0.984375,0.0,0.0,0.0,0.0,0.0,0.0,0.0
6,4,0.0,0.015625,0.0,0.0,0.984375,0.0,0.0,0.0,0.0,0.0,0.0,0.0
6,4,0.0,0.015625,0.0,0.0,0.984375,0.0,0.0,0.0,0.0,0.0,0.0,0.0
6,4,0.0,0.015625,0.0,0.0,0.984375,0.0,0.0,0.0,0.0,0.0,0.0,0.0
6,4,0.0,0.015625,0.0,0.0,0.984375,0.0,0.0,0.0,0.0,0.0,0.0,0.0
6,4,0.0,0.015625,0.0,0.0,0.984375,0.0,0.0,0.0,0.0,0.0,0.0,0.0
6,4,0.0,0.015625,0.0,0.0,0.984375,0.0,0.0,0.0,0.0,0.0,0.0,0.0
6,4,0.0,0.015625,0.0,0.0,0.984375,0.0,0.0,0.0,0.0,0.0,0.0,0.0
6,4,0.0,0.015625,0.0,0.0,0.984375,0.0,0.0,0.0,0.0,0.0,0.0,0.0
6,4,0.0,0.015625,0.0,0.0,0.984375,0.0,0.0,0.0,0.0,0.0,0.0,0.0
6,4,0.0,0.015625,0.0,0.0,0.984375,0.0,0.0,0.0,0.0,0.0,0.0,0.0
6,4,0.0,0.015625,0.0,0.0,0.984375,0.0,0.0,0.0,0.0,0.0,0.0,0.0
6,4,0.0,0.015625,0.0,0.0,0.984375,0.0,0.0,0.0,0.0,0.0,0.0,0.0
6,4,0.0,0.015625,0.0,0.0,0.984375,0.0,0.0,0.0,0.0,0.0,0.0,0.0
6,4,0.0,0.015625,0.0,0.0,0.984375,0.0,0.0,0.0,0.0,0.0,0.0,0.0
6,4,0.0,0.015625,0.0,0.0,0.984375,0.0,0.0,0.0,0.0,0.0,0.0,0.0
6,4,0.0,0.015625,0.0,0.0,0.984375,0.0,0.0,0.0,0.0,0.0,0.0,0.0
6,4,0.0,0.015625,0.0,0.0,0.984375,0.0,0.0,0.0,0.0,0.0,0.0,0.0
6,4,0.0,0.015625,0.0,0.0,0.984375,0.0,0.0,0.0,0.0,0.0,0.0,0.0
6,4,0.0,0.015625,0.0,0.0,0.984375,0.0,0.0,0.0,0.0,0.0,0.0,0.0
6,4,0.0,0.015625,0.0,0.0,0.984375,0.0,0.0,0.0,0.0,0.0,0.0,0.0
6,4,0.0,0.015625,0.0,0.0,0.984375,0.0,0.0,0.0,0.0,0.0,0.0,0.0
6,4,0.0,0.015625,0.0,0.0,0.984375,0.0,0.0,0.0,0.0,0.0,0.0,0.0
6,4,0.0,0.015625,0.0,0.0,0.984375,0.0,0.0,0.0,0.0,0.0,0.0,0.0
6,4,0.0,0.015625,0.0,0.0,0.984375,0.0,0.0,0.0,0.0,0.0,0.0,0.0
6,4,0.0,0.015625,0.0,0.0,0.984375,0.0,0.0,0.0,0.0,0.0,0.0,0.0
6,4,0.0,0.015625,0.0,0.0,0.984375,0.0,0.0,0.0,0.0,0.0,0.0,0.0
6,4,0.0,0.015625,0.0,0.0,0.984375,0.0,0.0,0.0,0.0,0.0,0.0,0.0
6,4,0.0,0.015625,0.0,0.0,0.984375,0.0,0.0,0.0,0.0,0.0,0.0,0.0
6,4,0.0,0.015625,0.0,0.0,0.984375,0.0,0.0,0.0,0.0,0.0,0.0,0.0
6,4,0.0,0.015625,0.0,0.0,0.984375,0.0,0.0,0.0,0.0,0.0,0.0,0.0
6,4,0.0,0.015625,0.0,0.0,0.984375,0.0,0.0,0.0,0.0,0.0,0.0,0.0
6,4,0.0,0.015625,0.0,0.0,0.984375,0.0,0.0,0.0,0.0,0.0,0.0,0.0
6,4,0.0,0.015625,0.0,0.0,0.984375,0.0,0.0,0.0,0.0,0.0,0.0,0.0
6,4,0.0,0.015625,0.0,0.0,0.984375,0.0,0.0,0.0,0.0,0.0,0.0,0.0
6,4,0.0,0.015625,0.0,0.0,0.984375,0.0,0.0,0.0,0.0,0.0,0.0,0.0
6,4,0.0,0.015625,0.0,0.0,0.984375,0.0,0.0,0.0,0.0,0.0,0.0,0.0
6,4,0.0,0.015625,0.0,0.0,0.984375,0.0,0.0,0.0,0.0,0.0,0.0,0.0
6,4,0.0,0.015625,0.0,0.0,0.984375,0.0,0.0,0.0,0.0,0.0,0.0,0.0
6,4,0.0,0.015625,0.0,0.0,0.984375,0.0,0.0,0.0,0.0,0.0,0.0,0.0
6,4,0.0,0.015625,0.0,0.0,0.984375,0.0,0.0,0.0,0.0,0.0,0.0,0.0
6,4,0.0,0.015625,0.0,0.0,0.984375,0.0,0.0,0.0,0.0,0.0,0.0,0.0
6,4,0.0,0.015625,0.0,0.0,0.984375,0.0,0.0,0.0,0.0,0.0,0.0,0.0
6,4,0.0,0.015625,0.0,0.0,0.984375,0.0,0.0,0.0,0.0,0.0,0.0,0.0
6,4,0.0,0.015625,0.0,0.0,0.984375,0.0,0.0,0.0,0.0,0.0,0.0,0.0
6,4,0.0,0.015625,0.0,0.0,0.984375,0.0,0.0,0.0,0.0,0.0,0.0,0.0
6,4,0.0,0.015625,0.0,0.0,0.984375,0.0,0.0,0.0,0.0,0.0,0.0,0.0
6,4,0.0,0.015625,0.0,0.0,0.984375,0.0,0.0,0.0,0.0,0.0,0.0,0.0
6,4,0.0,0.015625,0.0,0.0,0.984375,0.0,0.0,0.0,0.0,0.0,0.0,0.0
6,4,0.0,0.015625,0.0,0.0,0.984375,0.0,0.0,0.0,0.0,0.0,0.0,0.0
6,4,0.0,0.015625,0.0,0.0,0.984375,0.0,0.0,0.0,0.0,0.0,0.0,0.0
6,4,0.0,0.015625,0.0,0.0,0.984375,0.0,0.0,0.0,0.0,0.0,0.0,0.0
6,4,0.0,0.015625,0.0,0.0,0.984375,0.0,0.0,0.0,0.0,0.0,0.0,0.0
6,4,0.0,0.015625,0.0,0.0,0.984375,0.0,0.0,0.0,0.0,0.0,0.0,0.0
6,4,0.0,0.015625,0.0,0.0,0.96875,0.0,0.0,0.015625,0.0,0.0,0.0,0.0
6,4,0.0,0.015625,0.0,0.0,0.96875,0.0,0.0,0.015625,0.0,0.0,0.0,0.0
6,4,0.0,0.015625,0.0,0.0,0.96875,0.0,0.0,0.015625,0.0,0.0,0.0,0.0
6,4,0.0,0.015625,0.0,0.0,0.96875,0.0,0.0,0.015625,0.0,0.0,0.0,0.0
6,4,0.0,0.015625,0.0,0.0,0.96875,0.0,0.0,0.015625,0.0,0.0,0.0,0.0
6,4,0.0,0.015625,0.0,0.0,0.96875,0.0,0.0,0.015625,0.0,0.0,0.0,0.0
6,4,0.0,0.015625,0.0,0.0,0.96875,0.0,0.0,0.015625,0.0,0.0,0.0,0.0
6,4,0.0,0.015625,0.0,0.0,0.96875,0.0,0.0,0.015625,0.0,0.0,0.0,0.0
6,4,0.0,0.015625,0.0,0.0,0.96875,0.0,0.0,0.015625,0.0,0.0,0.0,0.0
6,4,0.0,0.015625,0.0,0.0,0.96875,0.0,0.0,0.015625,0.0,0.0,0.0,0.0
6,4,0.0,0.015625,0.0,0.0,0.96875,0.0,0.0,0.015625,0.0,0.0,0.0,0.0
6,4,0.0,0.015625,0.0,0.0,0.96875,0.0,0.0,0.015625,0.0,0.0,0.0,0.0
6,4,0.0,0.015625,0.0,0.0,0.96875,0.0,0.0,0.015625,0.0,0.0,0.0,0.0
6,4,0.0,0.015625,0.0,0.0,0.96875,0.0,0.0,0.015625,0.0,0.0,0.0,0.0
6,4,0.0,0.015625,0.0,0.0,0.96875,0.0,0.0,0.015625,0.0,0.0,0.0,0.0
6,4,0.0,0.015625,0.0,0.0,0.96875,0.0,0.0,0.015625,0.0,0.0,0.0,0.0
6,4,0.0,0.015625,0.0,0.0,0.96875,0.0,0.0,0.015625,0.0,0.0,0.0,0.0
6,4,0.0,0.015625,0.0,0.0,0.96875,0.0,0.0,0.015625,0.0,0.0,0.0,0.0
6,4,0.0,0.015625,0.0,0.0,0.96875,0.0,0.0,0.015625,0.0,0.0,0.0,0.0
6,4,0.0,0.015625,0.0,0.0,0.96875,0.0,0.0,0.015625,0.0,0.0,0.0,0.0
6,4,0.0,0.015625,0.0,0.0,0.96875,0.0,0.0,0.015625,0.0,0.0,0.0,0.0
6,4,0.0,0.015625,0.0,0.0,0.96875,0.0,0.0,0.015625,0.0,0.0,0.0,0.0
6,4,0.0,0.015625,0.0,0.0,0.96875,0.0,0.0,0.015625,0.0,0.0,0.0,0.0
6,4,0.0,0.015625,0.0,0.0,0.96875,0.0,0.0,0.015625,0.0,0.0,0.0,0.0
6,4,0.0,0.015625,0.0,0.0,0.96875,0.0,0.0,0.015625,0.0,0.0,0.0,0.0
6,4,0.0,0.015625,0.0,0.0,0.96875,0.0,0.0,0.015625,0.0,0.0,0.0,0.0
6,4,0.0,0.015625,0.0,0.0,0.96875,0.0,0.0,0.015625,0.0,0.0,0.0,0.0
6,4,0.0,0.015625,0.0,0.0,0.96875,0.0,0.0,0.015625,0.0,0.0,0.0,0.0
6,4,0.0,0.015625,0.0,0.0,0.96875,0.0,0.0,0.015625,0.0,0.0,0.0,0.0
6,4,0.0,0.015625,0.0,0.0,0.96875,0.0,0.0,0.015625,0.0,0.0,0.0,0.0
6,4,0.0,0.015625,0.0,0.0,0.96875,0.0,0.0,0.015625,0.0,0.0,0.0,0.0
6,4,0.0,0.015625,0.0,0.0,0.96875,0.0,0.0,0.015625,0.0,0.0,0.0,0.0
6,4,0.0,0.015625,0.0,0.0,0.96875,0.0,0.0,0.015625,0.0,0.0,0.0,0.0
6,4,0.0,0.015625,0.0,0.0,0.96875,0.0,0.0,0.015625,0.0,0.0,0.0,0.0
6,4,0.0,0.015625,0.0,0.0,0.96875,0.0,0.0,0.015625,0.0,0.0,0.0,0.0
6,4,0.0,0.015625,0.0,0.0,0.96875,0.0,0.0,0.015625,0.0,0.0,0.0,0.0
6,4,0.0,0.015625,0.0,0.0,0.96875,0.0,0.0,0.015625,0.0,0.0,0.0,0.0
6,4,0.0,0.015625,0.0,0.0,0.96875,0.0,0.0,0.015625,0.0,0.0,0.0,0.0
6,4,0.0,0.015625,0.0,0.0,0.96875,0.0,0.0,0.015625,0.0,0.0,0.0,0.0
6,4,0.0,0.015625,0.0,0.0,0.96875,0.0,0.0,0.015625,0.0,0.0,0.0,0.0
6,4,0.0,0.015625,0.0,0.0,0.96875,0.0,0.0,0.015625,0.0,0.0,0.0,0.0
6,4,0.0,0.015625,0.0,0.0,0.96875,0.0,0.0,0.015625,0.0,0.0,0.0,0.0
6,4,0.0,0.015625,0.0,0.0,0.96875,0.0,0.0,0.015625,0.0,0.0,0.0,0.0
6,4,0.0,0.015625,0.0,0.0,0.96875,0.0,0.0,0.015625,0.0,0.0,0.0,0.0
6,4,0.0,0.015625,0.0,0.0,0.96875,0.0,0.0,0.015625,0.0,0.0,0.0,0.0
6,4,0.0,0.015625,0.0,0.0,0.96875,0.0,0.0,0.015625,0.0,0.0,0.0,0.0
6,4,0.0,0.015625,0.0,0.0,0.96875,0.0,0.0,0.015625,0.0,0.0,0.0,0.0
6,4,0.0,0.015625,0.0,0.0,0.96875,0.0,0.0,0.015625,0.0,0.0,0.0,0.0
6,4,0.0,0.015625,0.0,0.0,0.984375,0.0,0.0,0.0,0.0,0.0,0.0,0.0
6,4,0.0,0.015625,0.0,0.0,0.984375,0.0,0.0,0.0,0.0,0.0,0.0,0.0
6,4,0.0,0.015625,0.0,0.0,0.984375,0.0,0.0,0.0,0.0,0.0,0.0,0.0
6,4,0.0,0.015625,0.0,0.0,0.984375,0.0,0.0,0.0,0.0,0.0,0.0,0.0
6,4,0.0,0.015625,0.0,0.0,0.984375,0.0,0.0,0.0,0.0,0.0,0.0,0.0
6,4,0.0,0.015625,0.0,0.0,0.984375,0.0,0.0,0.0,0.0,0.0,0.0,0.0
6,4,0.0,0.015625,0.0,0.0,0.984375,0.0,0.0,0.0,0.0,0.0,0.0,0.0
6,4,0.0,0.015625,0.0,0.0,0.984375,0.0,0.0,0.0,0.0,0.0,0.0,0.0
6,4,0.0,0.015625,0.0,0.0,0.984375,0.0,0.0,0.0,0.0,0.0,0.0,0.0
6,4,0.0,0.015625,0.0,0.0,0.984375,0.0,0.0,0.0,0.0,0.0,0.0,0.0
6,4,0.0,0.015625,0.0,0.0,0.984375,0.0,0.0,0.0,0.0,0.0,0.0,0.0
6,4,0.0,0.015625,0.0,0.0,0.984375,0.0,0.0,0.0,0.0,0.0,0.0,0.0
6,4,0.0,0.015625,0.0,0.0,0.984375,0.0,0.0,0.0,0.0,0.0,0.0,0.0
6,4,0.0,0.015625,0.0,0.0,0.984375,0.0,0.0,0.0,0.0,0.0,0.0,0.0
6,4,0.0,0.015625,0.0,0.0,0.984375,0.0,0.0,0.0,0.0,0.0,0.0,0.0
6,4,0.0,0.015625,0.0,0.0,0.984375,0.0,0.0,0.0,0.0,0.0,0.0,0.0
6,4,0.0,0.015625,0.0,0.0,0.984375,0.0,0.0,0.0,0.0,0.0,0.0,0.0
6,4,0.0,0.015625,0.0,0.0,0.984375,0.0,0.0,0.0,0.0,0.0,0.0,0.0
6,4,0.0,0.015625,0.0,0.0,0.984375,0.0,0.0,0.0,0.0,0.0,0.0,0.0
6,4,0.0,0.015625,0.0,0.0,0.984375,0.0,0.0,0.0,0.0,0.0,0.0,0.0
6,4,0.0,0.015625,0.0,0.0,0.984375,0.0,0.0,0.0,0.0,0.0,0.0,0.0
6,4,0.0,0.015625,0.0,0.0,0.984375,0.0,0.0,0.0,0.0,0.0,0.0,0.0
6,4,0.0,0.015625,0.0,0.0,0.984375,0.0,0.0,0.0,0.0,0.0,0.0,0.0
6,4,0.0,0.015625,0.0,0.0,0.984375,0.0,0.0,0.0,0.0,0.0,0.0,0.0
6,4,0.0,0.015625,0.0,0.0,0.984375,0.0,0.0,0.0,0.0,0.0,0.0,0.0
6,4,0.0,0.015625,0.0,0.0,0.984375,0.0,0.0,0.0,0.0,0.0,0.0,0.0
6,4,0.0,0.015625,0.0,0.0,0.984375,0.0,0.0,0.0,0.0,0.0,0.0,0.0
6,4,0.0,0.015625,0.0,0.0,0.984375,0.0,0.0,0.0,0.0,0.0,0.0,0.0
6,4,0.0,0.015625,0.0,0.0,0.984375,0.0,0.0,0.0,0.0,0.0,0.0,0.0
6,4,0.0,0.015625,0.0,0.0,0.984375,0.0,0.0,0.0,0.0,0.0,0.0,0.0
6,4,0.0,0.015625,0.0,0.0,0.984375,0.0,0.0,0.0,0.0,0.0,0.0,0.0
6,4,0.0,0.015625,0.0,0.0,0.984375,0.0,0.0,0.0,0.0,0.0,0.0,0.0
6,4,0.0,0.015625,0.0,0.0,0.984375,0.0,0.0,0.0,0.0,0.0,0.0,0.0
6,4,0.0,0.015625,0.0,0.0,0.984375,0.0,0.0,0.0,0.0,0.0,0.0,0.0
6,4,0.0,0.015625,0.0,0.0,0.984375,0.0,0.0,0.0,0.0,0.0,0.0,0.0
6,4,0.0,0.015625,0.0,0.0,0.984375,0.0,0.0,0.0,0.0,0.0,0.0,0.0
6,4,0.0,0.015625,0.0,0.0,0.984375,0.0,0.0,0.0,0.0,0.0,0.0,0.0
6,4,0.0,0.015625,0.0,0.0,0.984375,0.0,0.0,0.0,0.0,0.0,0.0,0.0
6,4,0.0,0.015625,0.0,0.0,0.984375,0.0,0.0,0.0,0.0,0.0,0.0,0.0
6,4,0.0,0.015625,0.0,0.0,0.984375,0.0,0.0,0.0,0.0,0.0,0.0,0.0
6,4,0.0,0.015625,0.0,0.0,0.984375,0.0,0.0,0.0,0.0,0.0,0.0,0.0
6,4,0.0,0.015625,0.0,0.0,0.984375,0.0,0.0,0.0,0.0,0.0,0.0,0.0
6,4,0.0,0.015625,0.0,0.0,0.984375,0.0,0.0,0.0,0.0,0.0,0.0,0.0
6,4,0.0,0.015625,0.0,0.0,0.984375,0.0,0.0,0.0,0.0,0.0,0.0,0.0
6,4,0.0,0.015625,0.0,0.0,0.984375,0.0,0.0,0.0,0.0,0.0,0.0,0.0
6,4,0.0,0.015625,0.0,0.0,0.984375,0.0,0.0,0.0,0.0,0.0,0.0,0.0
6,4,0.0,0.015625,0.0,0.0,0.984375,0.0,0.0,0.0,0.0,0.0,0.0,0.0
6,4,0.0,0.015625,0.0,0.0,0.984375,0.0,0.0,0.0,0.0,0.0,0.0,0.0
6,4,0.0,0.015625,0.0,0.0,0.984375,0.0,0.0,0.0,0.0,0.0,0.0,0.0
6,4,0.0,0.015625,0.0,0.0,0.984375,0.0,0.0,0.0,0.0,0.0,0.0,0.0
6,4,0.0,0.015625,0.0,0.0,0.984375,0.0,0.0,0.0,0.0,0.0,0.0,0.0
6,4,0.0,0.015625,0.0,0.0,0.984375,0.0,0.0,0.0,0.0,0.0,0.0,0.0
6,4,0.0,0.015625,0.0,0.0,0.984375,0.0,0.0,0.0,0.0,0.0,0.0,0.0
6,4,0.0,0.015625,0.0,0.0,0.984375,0.0,0.0,0.0,0.0,0.0,0.0,0.0
6,4,0.0,0.015625,0.0,0.0,0.984375,0.0,0.0,0.0,0.0,0.0,0.0,0.0
6,4,0.0,0.015625,0.0,0.0,0.984375,0.0,0.0,0.0,0.0,0.0,0.0,0.0
6,4,0.0,0.015625,0.0,0.0,0.984375,0.0,0.0,0.0,0.0,0.0,0.0,0.0
6,4,0.0,0.015625,0.0,0.0,0.984375,0.0,0.0,0.0,0.0,0.0,0.0,0.0
6,4,0.0,0.015625,0.0,0.0,0.984375,0.0,0.0,0.0,0.0,0.0,0.0,0.0
6,4,0.0,0.015625,0.0,0.0,0.984375,0.0,0.0,0.0,0.0,0.0,0.0,0.0
6,4,0.0,0.015625,0.0,0.0,0.984375,0.0,0.0,0.0,0.0,0.0,0.0,0.0
6,4,0.0,0.015625,0.0,0.0,0.984375,0.0,0.0,0.0,0.0,0.0,0.0,0.0
6,4,0.0,0.015625,0.0,0.0,0.984375,0.0,0.0,0.0,0.0,0.0,0.0,0.0
6,4,0.0,0.015625,0.0,0.0,0.984375,0.0,0.0,0.0,0.0,0.0,0.0,0.0
6,4,0.0,0.015625,0.0,0.0,0.984375,0.0,0.0,0.0,0.0,0.0,0.0,0.0
6,4,0.0,0.015625,0.0,0.0,0.984375,0.0,0.0,0.0,0.0,0.0,0.0,0.0
6,4,0.0,0.015625,0.0,0.0,0.984375,0.0,0.0,0.0,0.0,0.0,0.0,0.0
6,4,0.0,0.015625,0.0,0.0,0.984375,0.0,0.0,0.0,0.0,0.0,0.0,0.0
6,4,0.0,0.0,0.0,0.0,1.0,0.0,0.0,0.0,0.0,0.0,0.0,0.0
6,4,0.0,0.0,0.0,0.0,1.0,0.0,0.0,0.0,0.0,0.0,0.0,0.0
6,4,0.0,0.0,0.0,0.0,1.0,0.0,0.0,0.0,0.0,0.0,0.0,0.0
6,4,0.0,0.0,0.0,0.0,1.0,0.0,0.0,0.0,0.0,0.0,0.0,0.0
6,4,0.0,0.0,0.0,0.0,1.0,0.0,0.0,0.0,0.0,0.0,0.0,0.0
6,4,0.0,0.0,0.0,0.0,1.0,0.0,0.0,0.0,0.0,0.0,0.0,0.0
6,4,0.0,0.0,0.0,0.0,1.0,0.0,0.0,0.0,0.0,0.0,0.0,0.0
6,4,0.0,0.0,0.0,0.0,1.0,0.0,0.0,0.0,0.0,0.0,0.0,0.0
6,4,0.0,0.0,0.0,0.0,1.0,0.0,0.0,0.0,0.0,0.0,0.0,0.0
6,4,0.0,0.0,0.0,0.0,1.0,0.0,0.0,0.0,0.0,0.0,0.0,0.0
6,4,0.0,0.0,0.0,0.0,1.0,0.0,0.0,0.0,0.0,0.0,0.0,0.0
6,4,0.0,0.0,0.0,0.0,1.0,0.0,0.0,0.0,0.0,0.0,0.0,0.0
6,4,0.0,0.0,0.0,0.0,1.0,0.0,0.0,0.0,0.0,0.0,0.0,0.0
6,4,0.0,0.0,0.0,0.0,1.0,0.0,0.0,0.0,0.0,0.0,0.0,0.0
6,4,0.0,0.0,0.0,0.0,1.0,0.0,0.0,0.0,0.0,0.0,0.0,0.0
6,4,0.0,0.0,0.0,0.0,1.0,0.0,0.0,0.0,0.0,0.0,0.0,0.0
6,4,0.0,0.0,0.0,0.0,1.0,0.0,0.0,0.0,0.0,0.0,0.0,0.0
6,4,0.0,0.0,0.0,0.0,1.0,0.0,0.0,0.0,0.0,0.0,0.0,0.0
6,4,0.0,0.0,0.0,0.0,1.0,0.0,0.0,0.0,0.0,0.0,0.0,0.0
6,4,0.0,0.0,0.0,0.0,1.0,0.0,0.0,0.0,0.0,0.0,0.0,0.0
6,4,0.0,0.0,0.0,0.0,1.0,0.0,0.0,0.0,0.0,0.0,0.0,0.0
6,4,0.0,0.0,0.0,0.0,1.0,0.0,0.0,0.0,0.0,0.0,0.0,0.0
6,4,0.0,0.0,0.0,0.0,1.0,0.0,0.0,0.0,0.0,0.0,0.0,0.0
6,4,0.0,0.0,0.0,0.0,1.0,0.0,0.0,0.0,0.0,0.0,0.0,0.0
6,4,0.0,0.0,0.0,0.0,1.0,0.0,0.0,0.0,0.0,0.0,0.0,0.0
6,4,0.0,0.0,0.0,0.0,1.0,0.0,0.0,0.0,0.0,0.0,0.0,0.0
6,4,0.0,0.0,0.0,0.0,1.0,0.0,0.0,0.0,0.0,0.0,0.0,0.0
6,4,0.0,0.0,0.0,0.0,1.0,0.0,0.0,0.0,0.0,0.0,0.0,0.0
6,4,0.0,0.0,0.0,0.0,1.0,0.0,0.0,0.0,0.0,0.0,0.0,0.0
6,4,0.0,0.0,0.0,0.0,1.0,0.0,0.0,0.0,0.0,0.0,0.0,0.0
6,4,0.0,0.0,0.0,0.0,1.0,0.0,0.0,0.0,0.0,0.0,0.0,0.0
6,4,0.0,0.0,0.0,0.0,1.0,0.0,0.0,0.0,0.0,0.0,0.0,0.0
6,4,0.0,0.0,0.0,0.0,1.0,0.0,0.0,0.0,0.0,0.0,0.0,0.0
6,4,0.0,0.0,0.0,0.0,1.0,0.0,0.0,0.0,0.0,0.0,0.0,0.0
6,4,0.0,0.0,0.0,0.0,1.0,0.0,0.0,0.0,0.0,0.0,0.0,0.0
6,4,0.0,0.0,0.0,0.0,1.0,0.0,0.0,0.0,0.0,0.0,0.0,0.0
6,4,0.0,0.0,0.0,0.0,1.0,0.0,0.0,0.0,0.0,0.0,0.0,0.0
6,4,0.0,0.0,0.0,0.0,1.0,0.0,0.0,0.0,0.0,0.0,0.0,0.0
6,4,0.0,0.0,0.0,0.0,1.0,0.0,0.0,0.0,0.0,0.0,0.0,0.0
6,4,0.0,0.0,0.0,0.0,1.0,0.0,0.0,0.0,0.0,0.0,0.0,0.0
6,4,0.0,0.0,0.0,0.0,1.0,0.0,0.0,0.0,0.0,0.0,0.0,0.0
6,4,0.0,0.0,0.0,0.0,1.0,0.0,0.0,0.0,0.0,0.0,0.0,0.0
6,4,0.0,0.0,0.0,0.0,1.0,0.0,0.0,0.0,0.0,0.0,0.0,0.0
6,4,0.0,0.0,0.0,0.0,1.0,0.0,0.0,0.0,0.0,0.0,0.0,0.0
6,4,0.0,0.0,0.0,0.0,1.0,0.0,0.0,0.0,0.0,0.0,0.0,0.0
6,4,0.0,0.0,0.0,0.0,1.0,0.0,0.0,0.0,0.0,0.0,0.0,0.0
6,4,0.0,0.0,0.0,0.0,1.0,0.0,0.0,0.0,0.0,0.0,0.0,0.0
6,4,0.0,0.0,0.0,0.0,1.0,0.0,0.0,0.0,0.0,0.0,0.0,0.0
6,4,0.0,0.0,0.0,0.0,1.0,0.0,0.0,0.0,0.0,0.0,0.0,0.0
6,4,0.0,0.0,0.0,0.0,1.0,0.0,0.0,0.0,0.0,0.0,0.0,0.0
6,4,0.0,0.0,0.0,0.0,1.0,0.0,0.0,0.0,0.0,0.0,0.0,0.0
6,4,0.0,0.0,0.0,0.0,1.0,0.0,0.0,0.0,0.0,0.0,0.0,0.0
6,4,0.0,0.0,0.0,0.0,1.0,0.0,0.0,0.0,0.0,0.0,0.0,0.0
6,4,0.0,0.0,0.0,0.0,1.0,0.0,0.0,0.0,0.0,0.0,0.0,0.0
6,4,0.0,0.0,0.0,0.0,1.0,0.0,0.0,0.0,0.0,0.0,0.0,0.0
6,4,0.0,0.0,0.0,0.0,1.0,0.0,0.0,0.0,0.0,0.0,0.0,0.0
6,4,0.0,0.0,0.0,0.0,1.0,0.0,0.0,0.0,0.0,0.0,0.0,0.0
6,4,0.0,0.0,0.0,0.0,1.0,0.0,0.0,0.0,0.0,0.0,0.0,0.0
6,4,0.0,0.0,0.0,0.0,1.0,0.0,0.0,0.0,0.0,0.0,0.0,0.0
6,4,0.0,0.0,0.0,0.0,1.0,0.0,0.0,0.0,0.0,0.0,0.0,0.0
6,4,0.0,0.0,0.0,0.0,0.96875,0.015625,0.0,0.015625,0.0,0.0,0.0,0.0
6,4,0.0,0.0,0.0,0.0,0.96875,0.015625,0.0,0.015625,0.0,0.0,0.0,0.0
6,4,0.0,0.0,0.0,0.0,0.96875,0.015625,0.0,0.015625,0.0,0.0,0.0,0.0
6,4,0.0,0.0,0.0,0.0,0.96875,0.015625,0.0,0.015625,0.0,0.0,0.0,0.0
6,4,0.0,0.0,0.0,0.0,0.96875,0.015625,0.0,0.015625,0.0,0.0,0.0,0.0
6,4,0.0,0.0,0.0,0.0,0.96875,0.015625,0.0,0.015625,0.0,0.0,0.0,0.0
6,4,0.0,0.0,0.0,0.0,0.96875,0.015625,0.0,0.015625,0.0,0.0,0.0,0.0
6,4,0.0,0.0,0.0,0.0,0.96875,0.015625,0.0,0.015625,0.0,0.0,0.0,0.0
6,4,0.0,0.0,0.0,0.0,0.96875,0.015625,0.0,0.015625,0.0,0.0,0.0,0.0
6,4,0.0,0.0,0.0,0.0,0.96875,0.015625,0.0,0.015625,0.0,0.0,0.0,0.0
6,4,0.0,0.0,0.0,0.0,0.96875,0.015625,0.0,0.015625,0.0,0.0,0.0,0.0
6,4,0.0,0.0,0.0,0.0,0.96875,0.015625,0.0,0.015625,0.0,0.0,0.0,0.0
6,4,0.0,0.0,0.0,0.0,0.96875,0.015625,0.0,0.015625,0.0,0.0,0.0,0.0
6,4,0.0,0.0,0.0,0.0,0.96875,0.015625,0.0,0.015625,0.0,0.0,0.0,0.0
6,4,0.0,0.0,0.0,0.0,0.96875,0.015625,0.0,0.015625,0.0,0.0,0.0,0.0
6,4,0.0,0.0,0.0,0.0,0.96875,0.015625,0.0,0.015625,0.0,0.0,0.0,0.0
6,4,0.0,0.0,0.0,0.0,0.96875,0.015625,0.0,0.015625,0.0,0.0,0.0,0.0
6,4,0.0,0.0,0.0,0.0,0.96875,0.015625,0.0,0.015625,0.0,0.0,0.0,0.0
6,4,0.0,0.0,0.0,0.0,0.96875,0.015625,0.0,0.015625,0.0,0.0,0.0,0.0
6,4,0.0,0.0,0.0,0.0,0.96875,0.015625,0.0,0.015625,0.0,0.0,0.0,0.0
6,4,0.0,0.0,0.0,0.0,0.96875,0.015625,0.0,0.015625,0.0,0.0,0.0,0.0
6,4,0.0,0.0,0.0,0.0,0.96875,0.015625,0.0,0.015625,0.0,0.0,0.0,0.0
6,4,0.0,0.0,0.0,0.0,0.96875,0.015625,0.0,0.015625,0.0,0.0,0.0,0.0
6,4,0.0,0.0,0.0,0.0,0.96875,0.015625,0.0,0.015625,0.0,0.0,0.0,0.0
6,4,0.0,0.0,0.0,0.0,0.96875,0.015625,0.0,0.015625,0.0,0.0,0.0,0.0
6,4,0.0,0.0,0.0,0.0,0.96875,0.015625,0.0,0.015625,0.0,0.0,0.0,0.0
6,4,0.0,0.0,0.0,0.0,0.96875,0.015625,0.0,0.015625,0.0,0.0,0.0,0.0
6,4,0.0,0.0,0.0,0.0,0.96875,0.015625,0.0,0.015625,0.0,0.0,0.0,0.0
6,4,0.0,0.0,0.0,0.0,0.96875,0.015625,0.0,0.015625,0.0,0.0,0.0,0.0
6,4,0.0,0.0,0.0,0.0,0.96875,0.015625,0.0,0.015625,0.0,0.0,0.0,0.0
6,4,0.0,0.0,0.0,0.0,0.96875,0.015625,0.0,0.015625,0.0,0.0,0.0,0.0
6,4,0.0,0.0,0.0,0.0,0.96875,0.015625,0.0,0.015625,0.0,0.0,0.0,0.0
6,4,0.0,0.0,0.0,0.0,0.96875,0.015625,0.0,0.015625,0.0,0.0,0.0,0.0
6,4,0.0,0.0,0.0,0.0,0.96875,0.015625,0.0,0.015625,0.0,0.0,0.0,0.0
6,4,0.0,0.0,0.0,0.0,0.96875,0.015625,0.0,0.015625,0.0,0.0,0.0,0.0
6,4,0.0,0.0,0.0,0.0,0.96875,0.015625,0.0,0.015625,0.0,0.0,0.0,0.0
6,4,0.0,0.0,0.0,0.0,0.96875,0.015625,0.0,0.015625,0.0,0.0,0.0,0.0
6,4,0.0,0.0,0.0,0.0,0.96875,0.015625,0.0,0.015625,0.0,0.0,0.0,0.0
6,4,0.0,0.0,0.0,0.0,0.96875,0.015625,0.0,0.015625,0.0,0.0,0.0,0.0
6,4,0.0,0.0,0.0,0.0,0.96875,0.015625,0.0,0.015625,0.0,0.0,0.0,0.0
6,4,0.0,0.0,0.0,0.0,0.96875,0.015625,0.0,0.015625,0.0,0.0,0.0,0.0
6,4,0.0,0.0,0.0,0.0,0.96875,0.015625,0.0,0.015625,0.0,0.0,0.0,0.0
6,4,0.0,0.0,0.0,0.0,0.96875,0.015625,0.0,0.015625,0.0,0.0,0.0,0.0
6,4,0.0,0.0,0.0,0.0,0.96875,0.015625,0.0,0.015625,0.0,0.0,0.0,0.0
6,4,0.0,0.0,0.0,0.0,0.96875,0.015625,0.0,0.015625,0.0,0.0,0.0,0.0
6,4,0.0,0.0,0.0,0.0,0.96875,0.015625,0.0,0.015625,0.0,0.0,0.0,0.0
6,4,0.0,0.0,0.0,0.0,0.96875,0.015625,0.0,0.015625,0.0,0.0,0.0,0.0
6,4,0.0,0.0,0.0,0.0,0.96875,0.015625,0.0,0.015625,0.0,0.0,0.0,0.0
6,4,0.0,0.0,0.0,0.0,0.96875,0.015625,0.0,0.015625,0.0,0.0,0.0,0.0
6,4,0.0,0.0,0.0,0.0,0.96875,0.015625,0.0,0.015625,0.0,0.0,0.0,0.0
6,4,0.0,0.0,0.0,0.0,0.96875,0.015625,0.0,0.015625,0.0,0.0,0.0,0.0
6,4,0.0,0.0,0.0,0.0,0.96875,0.015625,0.0,0.015625,0.0,0.0,0.0,0.0
6,4,0.0,0.0,0.0,0.0,0.96875,0.015625,0.0,0.015625,0.0,0.0,0.0,0.0
6,4,0.0,0.0,0.0,0.0,0.96875,0.015625,0.0,0.015625,0.0,0.0,0.0,0.0
6,4,0.0,0.0,0.0,0.0,0.96875,0.015625,0.0,0.015625,0.0,0.0,0.0,0.0
6,4,0.0,0.0,0.0,0.0,0.96875,0.015625,0.0,0.015625,0.0,0.0,0.0,0.0
6,4,0.0,0.0,0.0,0.0,0.96875,0.015625,0.0,0.015625,0.0,0.0,0.0,0.0
6,4,0.0,0.0,0.0,0.0,0.96875,0.015625,0.0,0.015625,0.0,0.0,0.0,0.0
6,4,0.0,0.0,0.0,0.0,0.96875,0.015625,0.0,0.015625,0.0,0.0,0.0,0.0
6,4,0.0,0.0,0.0,0.0,0.96875,0.015625,0.0,0.015625,0.0,0.0,0.0,0.0
6,4,0.0,0.0,0.0,0.0,0.96875,0.015625,0.0,0.015625,0.0,0.0,0.0,0.0
6,4,0.0,0.0,0.0,0.0,0.96875,0.015625,0.0,0.015625,0.0,0.0,0.0,0.0
6,4,0.0,0.0,0.0,0.0,0.96875,0.015625,0.0,0.015625,0.0,0.0,0.0,0.0
6,4,0.0,0.0,0.0,0.0,0.96875,0.015625,0.0,0.015625,0.0,0.0,0.0,0.0
6,4,0.0,0.0,0.0,0.0,0.96875,0.015625,0.0,0.015625,0.0,0.0,0.0,0.0
6,4,0.0,0.0,0.0,0.0,0.96875,0.015625,0.0,0.015625,0.0,0.0,0.0,0.0
6,4,0.0,0.0,0.0,0.0,0.96875,0.015625,0.0,0.015625,0.0,0.0,0.0,0.0
6,4,0.0,0.0,0.0,0.0,0.96875,0.015625,0.0,0.015625,0.0,0.0,0.0,0.0
6,4,0.0,0.0,0.0,0.0,0.96875,0.015625,0.0,0.015625,0.0,0.0,0.0,0.0
6,4,0.0,0.0,0.0,0.0,0.96875,0.015625,0.0,0.015625,0.0,0.0,0.0,0.0
6,4,0.0,0.0,0.0,0.0,0.96875,0.015625,0.0,0.015625,0.0,0.0,0.0,0.0
6,4,0.0,0.0,0.0,0.0,0.96875,0.015625,0.0,0.015625,0.0,0.0,0.0,0.0
6,4,0.0,0.0,0.0,0.0,0.96875,0.015625,0.0,0.015625,0.0,0.0,0.0,0.0
6,4,0.0,0.0,0.0,0.0,0.96875,0.015625,0.0,0.015625,0.0,0.0,0.0,0.0
6,4,0.0,0.0,0.0,0.0,0.96875,0.015625,0.0,0.015625,0.0,0.0,0.0,0.0
6,4,0.0,0.0,0.0,0.0,0.96875,0.015625,0.0,0.015625,0.0,0.0,0.0,0.0
6,4,0.0,0.0,0.0,0.0,0.96875,0.015625,0.0,0.015625,0.0,0.0,0.0,0.0
6,4,0.0,0.0,0.0,0.0,0.96875,0.015625,0.0,0.015625,0.0,0.0,0.0,0.0
6,4,0.0,0.0,0.0,0.0,0.96875,0.015625,0.0,0.015625,0.0,0.0,0.0,0.0
6,4,0.0,0.0,0.0,0.0,0.96875,0.015625,0.0,0.015625,0.0,0.0,0.0,0.0
6,4,0.0,0.0,0.0,0.0,0.96875,0.015625,0.0,0.015625,0.0,0.0,0.0,0.0
6,4,0.0,0.0,0.0,0.0,0.96875,0.015625,0.0,0.015625,0.0,0.0,0.0,0.0
6,4,0.0,0.0,0.0,0.0,0.96875,0.015625,0.0,0.015625,0.0,0.0,0.0,0.0
6,4,0.0,0.0,0.0,0.0,0.96875,0.015625,0.0,0.015625,0.0,0.0,0.0,0.0
6,4,0.0,0.0,0.0,0.0,0.96875,0.015625,0.0,0.015625,0.0,0.0,0.0,0.0
6,4,0.0,0.0,0.0,0.0,0.96875,0.015625,0.0,0.015625,0.0,0.0,0.0,0.0
6,4,0.0,0.0,0.0,0.0,0.96875,0.015625,0.0,0.015625,0.0,0.0,0.0,0.0
6,4,0.0,0.0,0.0,0.0,0.96875,0.015625,0.0,0.015625,0.0,0.0,0.0,0.0
6,4,0.0,0.0,0.0,0.0,0.96875,0.015625,0.0,0.015625,0.0,0.0,0.0,0.0
6,4,0.0,0.0,0.0,0.0,0.96875,0.015625,0.0,0.015625,0.0,0.0,0.0,0.0
6,4,0.0,0.0,0.0,0.0,0.96875,0.015625,0.0,0.015625,0.0,0.0,0.0,0.0
6,4,0.0,0.0,0.0,0.0,0.96875,0.015625,0.0,0.015625,0.0,0.0,0.0,0.0
6,4,0.0,0.0,0.0,0.0,0.96875,0.015625,0.0,0.015625,0.0,0.0,0.0,0.0
6,4,0.0,0.0,0.0,0.0,0.96875,0.015625,0.0,0.015625,0.0,0.0,0.0,0.0
6,4,0.0,0.0,0.0,0.0,0.96875,0.015625,0.0,0.015625,0.0,0.0,0.0,0.0
6,4,0.0,0.0,0.0,0.0,0.96875,0.015625,0.0,0.015625,0.0,0.0,0.0,0.0
6,4,0.0,0.0,0.0,0.0,0.984375,0.0,0.0,0.015625,0.0,0.0,0.0,0.0
6,4,0.0,0.0,0.0,0.0,0.984375,0.0,0.0,0.015625,0.0,0.0,0.0,0.0
6,4,0.0,0.0,0.0,0.0,0.984375,0.0,0.0,0.015625,0.0,0.0,0.0,0.0
6,4,0.0,0.0,0.0,0.0,0.984375,0.0,0.0,0.015625,0.0,0.0,0.0,0.0
6,4,0.0,0.0,0.0,0.0,0.984375,0.0,0.0,0.015625,0.0,0.0,0.0,0.0
6,4,0.0,0.0,0.0,0.0,0.984375,0.0,0.0,0.015625,0.0,0.0,0.0,0.0
6,4,0.0,0.0,0.0,0.0,0.984375,0.0,0.0,0.015625,0.0,0.0,0.0,0.0
6,4,0.0,0.0,0.0,0.0,0.984375,0.0,0.0,0.015625,0.0,0.0,0.0,0.0
6,4,0.0,0.0,0.0,0.0,0.984375,0.0,0.0,0.015625,0.0,0.0,0.0,0.0
6,4,0.0,0.0,0.0,0.0,0.984375,0.0,0.0,0.015625,0.0,0.0,0.0,0.0
6,4,0.0,0.0,0.0,0.0,0.984375,0.0,0.0,0.015625,0.0,0.0,0.0,0.0
6,4,0.0,0.0,0.0,0.0,0.984375,0.0,0.0,0.015625,0.0,0.0,0.0,0.0
6,4,0.0,0.0,0.0,0.0,0.984375,0.0,0.0,0.015625,0.0,0.0,0.0,0.0
6,4,0.0,0.0,0.0,0.0,0.984375,0.0,0.0,0.015625,0.0,0.0,0.0,0.0
6,4,0.0,0.0,0.0,0.0,0.984375,0.0,0.0,0.015625,0.0,0.0,0.0,0.0
6,4,0.0,0.0,0.0,0.0,0.984375,0.0,0.0,0.015625,0.0,0.0,0.0,0.0
6,4,0.0,0.0,0.0,0.0,1.0,0.0,0.0,0.0,0.0,0.0,0.0,0.0
6,4,0.0,0.0,0.0,0.0,1.0,0.0,0.0,0.0,0.0,0.0,0.0,0.0
6,4,0.0,0.0,0.0,0.0,1.0,0.0,0.0,0.0,0.0,0.0,0.0,0.0
6,4,0.0,0.0,0.0,0.0,1.0,0.0,0.0,0.0,0.0,0.0,0.0,0.0
6,4,0.0,0.0,0.0,0.0,1.0,0.0,0.0,0.0,0.0,0.0,0.0,0.0
6,4,0.0,0.0,0.0,0.0,1.0,0.0,0.0,0.0,0.0,0.0,0.0,0.0
6,4,0.0,0.0,0.0,0.0,1.0,0.0,0.0,0.0,0.0,0.0,0.0,0.0
6,4,0.0,0.0,0.0,0.0,1.0,0.0,0.0,0.0,0.0,0.0,0.0,0.0
6,4,0.0,0.0,0.0,0.0,1.0,0.0,0.0,0.0,0.0,0.0,0.0,0.0
6,4,0.0,0.0,0.0,0.0,1.0,0.0,0.0,0.0,0.0,0.0,0.0,0.0
6,4,0.0,0.0,0.0,0.0,1.0,0.0,0.0,0.0,0.0,0.0,0.0,0.0
6,4,0.0,0.0,0.0,0.0,1.0,0.0,0.0,0.0,0.0,0.0,0.0,0.0
6,4,0.0,0.0,0.0,0.0,1.0,0.0,0.0,0.0,0.0,0.0,0.0,0.0
6,4,0.0,0.0,0.0,0.0,1.0,0.0,0.0,0.0,0.0,0.0,0.0,0.0
6,4,0.0,0.0,0.0,0.0,1.0,0.0,0.0,0.0,0.0,0.0,0.0,0.0
6,4,0.0,0.0,0.0,0.0,1.0,0.0,0.0,0.0,0.0,0.0,0.0,0.0
6,4,0.0,0.0,0.0,0.0,1.0,0.0,0.0,0.0,0.0,0.0,0.0,0.0
6,4,0.0,0.0,0.0,0.0,1.0,0.0,0.0,0.0,0.0,0.0,0.0,0.0
6,4,0.0,0.0,0.0,0.0,1.0,0.0,0.0,0.0,0.0,0.0,0.0,0.0
6,4,0.0,0.0,0.0,0.0,1.0,0.0,0.0,0.0,0.0,0.0,0.0,0.0
6,4,0.0,0.0,0.0,0.0,1.0,0.0,0.0,0.0,0.0,0.0,0.0,0.0
6,4,0.0,0.0,0.0,0.0,1.0,0.0,0.0,0.0,0.0,0.0,0.0,0.0
6,4,0.0,0.0,0.0,0.0,1.0,0.0,0.0,0.0,0.0,0.0,0.0,0.0
6,4,0.0,0.0,0.0,0.0,1.0,0.0,0.0,0.0,0.0,0.0,0.0,0.0
6,4,0.0,0.0,0.0,0.0,1.0,0.0,0.0,0.0,0.0,0.0,0.0,0.0
6,4,0.0,0.0,0.0,0.0,1.0,0.0,0.0,0.0,0.0,0.0,0.0,0.0
6,4,0.0,0.0,0.0,0.0,1.0,0.0,0.0,0.0,0.0,0.0,0.0,0.0
6,4,0.0,0.0,0.0,0.0,1.0,0.0,0.0,0.0,0.0,0.0,0.0,0.0
6,4,0.0,0.0,0.0,0.0,1.0,0.0,0.0,0.0,0.0,0.0,0.0,0.0
6,4,0.0,0.0,0.0,0.0,1.0,0.0,0.0,0.0,0.0,0.0,0.0,0.0
6,4,0.0,0.0,0.0,0.0,1.0,0.0,0.0,0.0,0.0,0.0,0.0,0.0
6,4,0.0,0.0,0.0,0.0,1.0,0.0,0.0,0.0,0.0,0.0,0.0,0.0
6,4,0.0,0.0,0.0,0.0,1.0,0.0,0.0,0.0,0.0,0.0,0.0,0.0
6,4,0.0,0.0,0.0,0.0,1.0,0.0,0.0,0.0,0.0,0.0,0.0,0.0
6,4,0.0,0.0,0.0,0.0,1.0,0.0,0.0,0.0,0.0,0.0,0.0,0.0
6,4,0.0,0.0,0.0,0.0,1.0,0.0,0.0,0.0,0.0,0.0,0.0,0.0
6,4,0.0,0.0,0.0,0.0,1.0,0.0,0.0,0.0,0.0,0.0,0.0,0.0
6,4,0.0,0.0,0.0,0.0,1.0,0.0,0.0,0.0,0.0,0.0,0.0,0.0
6,4,0.0,0.0,0.0,0.0,1.0,0.0,0.0,0.0,0.0,0.0,0.0,0.0
6,4,0.0,0.0,0.0,0.0,1.0,0.0,0.0,0.0,0.0,0.0,0.0,0.0
6,4,0.0,0.0,0.0,0.0,1.0,0.0,0.0,0.0,0.0,0.0,0.0,0.0
6,4,0.0,0.0,0.0,0.0,1.0,0.0,0.0,0.0,0.0,0.0,0.0,0.0
6,4,0.0,0.0,0.0,0.0,1.0,0.0,0.0,0.0,0.0,0.0,0.0,0.0
6,4,0.0,0.0,0.0,0.0,1.0,0.0,0.0,0.0,0.0,0.0,0.0,0.0
6,4,0.0,0.0,0.0,0.0,1.0,0.0,0.0,0.0,0.0,0.0,0.0,0.0
6,4,0.0,0.0,0.0,0.0,1.0,0.0,0.0,0.0,0.0,0.0,0.0,0.0
6,4,0.0,0.0,0.0,0.0,1.0,0.0,0.0,0.0,0.0,0.0,0.0,0.0
6,4,0.0,0.0,0.0,0.0,1.0,0.0,0.0,0.0,0.0,0.0,0.0,0.0
6,4,0.0,0.0,0.0,0.0,1.0,0.0,0.0,0.0,0.0,0.0,0.0,0.0
6,4,0.0,0.0,0.0,0.0,1.0,0.0,0.0,0.0,0.0,0.0,0.0,0.0
6,4,0.0,0.0,0.0,0.0,1.0,0.0,0.0,0.0,0.0,0.0,0.0,0.0
6,4,0.0,0.0,0.0,0.0,1.0,0.0,0.0,0.0,0.0,0.0,0.0,0.0
6,4,0.0,0.0,0.0,0.0,1.0,0.0,0.0,0.0,0.0,0.0,0.0,0.0
6,4,0.0,0.0,0.0,0.0,1.0,0.0,0.0,0.0,0.0,0.0,0.0,0.0
6,4,0.0,0.0,0.0,0.0,1.0,0.0,0.0,0.0,0.0,0.0,0.0,0.0
6,4,0.0,0.0,0.0,0.0,1.0,0.0,0.0,0.0,0.0,0.0,0.0,0.0
6,4,0.0,0.0,0.0,0.0,1.0,0.0,0.0,0.0,0.0,0.0,0.0,0.0
6,4,0.0,0.0,0.0,0.0,1.0,0.0,0.0,0.0,0.0,0.0,0.0,0.0
6,4,0.0,0.0,0.0,0.0,1.0,0.0,0.0,0.0,0.0,0.0,0.0,0.0
6,4,0.0,0.0,0.0,0.0,1.0,0.0,0.0,0.0,0.0,0.0,0.0,0.0
6,4,0.0,0.0,0.0,0.0,1.0,0.0,0.0,0.0,0.0,0.0,0.0,0.0
6,4,0.0,0.0,0.0,0.0,1.0,0.0,0.0,0.0,0.0,0.0,0.0,0.0
6,4,0.0,0.0,0.0,0.0,1.0,0.0,0.0,0.0,0.0,0.0,0.0,0.0
6,4,0.0,0.0,0.0,0.0,1.0,0.0,0.0,0.0,0.0,0.0,0.0,0.0
6,4,0.0,0.0,0.0,0.0,1.0,0.0,0.0,0.0,0.0,0.0,0.0,0.0
6,4,0.0,0.0,0.0,0.0,1.0,0.0,0.0,0.0,0.0,0.0,0.0,0.0
6,4,0.0,0.0,0.0,0.0,1.0,0.0,0.0,0.0,0.0,0.0,0.0,0.0
6,4,0.0,0.0,0.0,0.0,1.0,0.0,0.0,0.0,0.0,0.0,0.0,0.0
6,4,0.0,0.0,0.0,0.0,1.0,0.0,0.0,0.0,0.0,0.0,0.0,0.0
6,4,0.0,0.0,0.0,0.0,1.0,0.0,0.0,0.0,0.0,0.0,0.0,0.0
6,4,0.0,0.0,0.0,0.0,1.0,0.0,0.0,0.0,0.0,0.0,0.0,0.0
6,4,0.0,0.0,0.0,0.0,1.0,0.0,0.0,0.0,0.0,0.0,0.0,0.0
6,4,0.0,0.0,0.0,0.0,1.0,0.0,0.0,0.0,0.0,0.0,0.0,0.0
6,4,0.0,0.0,0.0,0.0,1.0,0.0,0.0,0.0,0.0,0.0,0.0,0.0
6,4,0.0,0.0,0.0,0.0,1.0,0.0,0.0,0.0,0.0,0.0,0.0,0.0
6,4,0.0,0.0,0.0,0.0,1.0,0.0,0.0,0.0,0.0,0.0,0.0,0.0
6,4,0.0,0.0,0.0,0.0,1.0,0.0,0.0,0.0,0.0,0.0,0.0,0.0
6,4,0.0,0.0,0.0,0.0,1.0,0.0,0.0,0.0,0.0,0.0,0.0,0.0
6,4,0.0,0.0,0.0,0.0,1.0,0.0,0.0,0.0,0.0,0.0,0.0,0.0
6,4,0.0,0.0,0.0,0.0,1.0,0.0,0.0,0.0,0.0,0.0,0.0,0.0
6,4,0.0,0.0,0.0,0.0,1.0,0.0,0.0,0.0,0.0,0.0,0.0,0.0
6,4,0.0,0.0,0.0,0.0,1.0,0.0,0.0,0.0,0.0,0.0,0.0,0.0
6,4,0.0,0.0,0.0,0.0,1.0,0.0,0.0,0.0,0.0,0.0,0.0,0.0
6,4,0.0,0.0,0.0,0.0,1.0,0.0,0.0,0.0,0.0,0.0,0.0,0.0
6,4,0.0,0.0,0.0,0.0,1.0,0.0,0.0,0.0,0.0,0.0,0.0,0.0
6,4,0.0,0.0,0.0,0.0,1.0,0.0,0.0,0.0,0.0,0.0,0.0,0.0
6,4,0.0,0.0,0.0,0.0,1.0,0.0,0.0,0.0,0.0,0.0,0.0,0.0
6,4,0.0,0.0,0.0,0.0,1.0,0.0,0.0,0.0,0.0,0.0,0.0,0.0
6,4,0.0,0.0,0.0,0.0,1.0,0.0,0.0,0.0,0.0,0.0,0.0,0.0
6,4,0.0,0.0,0.0,0.0,1.0,0.0,0.0,0.0,0.0,0.0,0.0,0.0
6,4,0.0,0.0,0.0,0.0,1.0,0.0,0.0,0.0,0.0,0.0,0.0,0.0
6,4,0.0,0.0,0.0,0.0,1.0,0.0,0.0,0.0,0.0,0.0,0.0,0.0
6,4,0.0,0.0,0.0,0.0,1.0,0.0,0.0,0.0,0.0,0.0,0.0,0.0
6,4,0.0,0.0,0.0,0.0,1.0,0.0,0.0,0.0,0.0,0.0,0.0,0.0
6,4,0.0,0.0,0.0,0.0,1.0,0.0,0.0,0.0,0.0,0.0,0.0,0.0
6,4,0.0,0.0,0.0,0.0,1.0,0.0,0.0,0.0,0.0,0.0,0.0,0.0
6,4,0.0,0.0,0.0,0.0,1.0,0.0,0.0,0.0,0.0,0.0,0.0,0.0
6,4,0.0,0.0,0.0,0.0,1.0,0.0,0.0,0.0,0.0,0.0,0.0,0.0
6,4,0.0,0.0,0.0,0.0,1.0,0.0,0.0,0.0,0.0,0.0,0.0,0.0
6,4,0.0,0.0,0.0,0.0,1.0,0.0,0.0,0.0,0.0,0.0,0.0,0.0
6,4,0.0,0.0,0.0,0.0,1.0,0.0,0.0,0.0,0.0,0.0,0.0,0.0
6,4,0.0,0.0,0.0,0.0,1.0,0.0,0.0,0.0,0.0,0.0,0.0,0.0
6,4,0.0,0.0,0.0,0.0,1.0,0.0,0.0,0.0,0.0,0.0,0.0,0.0
6,4,0.0,0.0,0.0,0.0,1.0,0.0,0.0,0.0,0.0,0.0,0.0,0.0
6,4,0.0,0.0,0.0,0.0,1.0,0.0,0.0,0.0,0.0,0.0,0.0,0.0
6,4,0.0,0.0,0.0,0.0,1.0,0.0,0.0,0.0,0.0,0.0,0.0,0.0
6,4,0.0,0.0,0.0,0.0,1.0,0.0,0.0,0.0,0.0,0.0,0.0,0.0
6,4,0.0,0.0,0.0,0.0,1.0,0.0,0.0,0.0,0.0,0.0,0.0,0.0
6,4,0.0,0.0,0.0,0.0,1.0,0.0,0.0,0.0,0.0,0.0,0.0,0.0
6,4,0.0,0.0,0.0,0.0,1.0,0.0,0.0,0.0,0.0,0.0,0.0,0.0
6,4,0.0,0.0,0.0,0.0,1.0,0.0,0.0,0.0,0.0,0.0,0.0,0.0
6,4,0.0,0.0,0.0,0.0,1.0,0.0,0.0,0.0,0.0,0.0,0.0,0.0
6,4,0.0,0.0,0.0,0.0,1.0,0.0,0.0,0.0,0.0,0.0,0.0,0.0
6,4,0.0,0.0,0.0,0.0,1.0,0.0,0.0,0.0,0.0,0.0,0.0,0.0
6,4,0.0,0.0,0.0,0.0,1.0,0.0,0.0,0.0,0.0,0.0,0.0,0.0
6,4,0.0,0.0,0.0,0.0,1.0,0.0,0.0,0.0,0.0,0.0,0.0,0.0
6,4,0.0,0.0,0.0,0.0,1.0,0.0,0.0,0.0,0.0,0.0,0.0,0.0
6,4,0.0,0.0,0.0,0.0,1.0,0.0,0.0,0.0,0.0,0.0,0.0,0.0
6,4,0.0,0.0,0.0,0.0,1.0,0.0,0.0,0.0,0.0,0.0,0.0,0.0
6,4,0.0,0.0,0.0,0.0,1.0,0.0,0.0,0.0,0.0,0.0,0.0,0.0
6,4,0.0,0.0,0.0,0.0,1.0,0.0,0.0,0.0,0.0,0.0,0.0,0.0
6,4,0.0,0.0,0.0,0.0,1.0,0.0,0.0,0.0,0.0,0.0,0.0,0.0
6,4,0.0,0.0,0.0,0.0,1.0,0.0,0.0,0.0,0.0,0.0,0.0,0.0
6,4,0.0,0.0,0.0,0.0,1.0,0.0,0.0,0.0,0.0,0.0,0.0,0.0
6,4,0.0,0.0,0.0,0.0,1.0,0.0,0.0,0.0,0.0,0.0,0.0,0.0
6,4,0.0,0.0,0.0,0.0,1.0,0.0,0.0,0.0,0.0,0.0,0.0,0.0
6,4,0.0,0.0,0.0,0.0,1.0,0.0,0.0,0.0,0.0,0.0,0.0,0.0
6,4,0.0,0.0,0.0,0.0,1.0,0.0,0.0,0.0,0.0,0.0,0.0,0.0
6,4,0.0,0.0,0.0,0.0,1.0,0.0,0.0,0.0,0.0,0.0,0.0,0.0
6,4,0.0,0.0,0.0,0.0,1.0,0.0,0.0,0.0,0.0,0.0,0.0,0.0
6,4,0.0,0.0,0.0,0.0,1.0,0.0,0.0,0.0,0.0,0.0,0.0,0.0
6,4,0.0,0.0,0.0,0.0,1.0,0.0,0.0,0.0,0.0,0.0,0.0,0.0
6,4,0.0,0.0,0.0,0.0,1.0,0.0,0.0,0.0,0.0,0.0,0.0,0.0
6,4,0.0,0.0,0.0,0.0,1.0,0.0,0.0,0.0,0.0,0.0,0.0,0.0
6,4,0.0,0.0,0.0,0.0,1.0,0.0,0.0,0.0,0.0,0.0,0.0,0.0
6,4,0.0,0.0,0.0,0.0,1.0,0.0,0.0,0.0,0.0,0.0,0.0,0.0
6,4,0.0,0.0,0.0,0.0,1.0,0.0,0.0,0.0,0.0,0.0,0.0,0.0
6,4,0.0,0.0,0.0,0.0,1.0,0.0,0.0,0.0,0.0,0.0,0.0,0.0
6,4,0.0,0.0,0.0,0.0,1.0,0.0,0.0,0.0,0.0,0.0,0.0,0.0
6,4,0.0,0.0,0.0,0.0,1.0,0.0,0.0,0.0,0.0,0.0,0.0,0.0
6,4,0.0,0.0,0.0,0.0,1.0,0.0,0.0,0.0,0.0,0.0,0.0,0.0
6,4,0.0,0.0,0.0,0.0,1.0,0.0,0.0,0.0,0.0,0.0,0.0,0.0
6,4,0.0,0.0,0.0,0.0,1.0,0.0,0.0,0.0,0.0,0.0,0.0,0.0
6,4,0.0,0.0,0.0,0.0,1.0,0.0,0.0,0.0,0.0,0.0,0.0,0.0
6,4,0.0,0.0,0.0,0.0,1.0,0.0,0.0,0.0,0.0,0.0,0.0,0.0
6,4,0.0,0.0,0.0,0.0,1.0,0.0,0.0,0.0,0.0,0.0,0.0,0.0
6,4,0.0,0.0,0.0,0.0,1.0,0.0,0.0,0.0,0.0,0.0,0.0,0.0
6,4,0.0,0.0,0.0,0.0,1.0,0.0,0.0,0.0,0.0,0.0,0.0,0.0
6,4,0.0,0.0,0.0,0.0,1.0,0.0,0.0,0.0,0.0,0.0,0.0,0.0
6,4,0.0,0.0,0.0,0.0,1.0,0.0,0.0,0.0,0.0,0.0,0.0,0.0
6,4,0.0,0.0,0.0,0.0,1.0,0.0,0.0,0.0,0.0,0.0,0.0,0.0
6,4,0.0,0.0,0.0,0.0,1.0,0.0,0.0,0.0,0.0,0.0,0.0,0.0
6,4,0.0,0.0,0.0,0.0,1.0,0.0,0.0,0.0,0.0,0.0,0.0,0.0
6,4,0.0,0.0,0.0,0.0,1.0,0.0,0.0,0.0,0.0,0.0,0.0,0.0
6,4,0.0,0.0,0.0,0.0,1.0,0.0,0.0,0.0,0.0,0.0,0.0,0.0
6,4,0.0,0.0,0.0,0.0,1.0,0.0,0.0,0.0,0.0,0.0,0.0,0.0
6,4,0.0,0.0,0.0,0.0,1.0,0.0,0.0,0.0,0.0,0.0,0.0,0.0
6,4,0.0,0.0,0.0,0.0,1.0,0.0,0.0,0.0,0.0,0.0,0.0,0.0
6,4,0.0,0.0,0.0,0.0,1.0,0.0,0.0,0.0,0.0,0.0,0.0,0.0
6,4,0.0,0.0,0.0,0.0,1.0,0.0,0.0,0.0,0.0,0.0,0.0,0.0
6,4,0.0,0.0,0.0,0.0,1.0,0.0,0.0,0.0,0.0,0.0,0.0,0.0
6,4,0.0,0.0,0.0,0.0,1.0,0.0,0.0,0.0,0.0,0.0,0.0,0.0
6,4,0.0,0.0,0.0,0.0,1.0,0.0,0.0,0.0,0.0,0.0,0.0,0.0
6,4,0.0,0.0,0.0,0.0,1.0,0.0,0.0,0.0,0.0,0.0,0.0,0.0
6,4,0.0,0.0,0.0,0.0,1.0,0.0,0.0,0.0,0.0,0.0,0.0,0.0
6,4,0.0,0.0,0.0,0.0,1.0,0.0,0.0,0.0,0.0,0.0,0.0,0.0
6,4,0.0,0.0,0.0,0.0,1.0,0.0,0.0,0.0,0.0,0.0,0.0,0.0
6,4,0.0,0.0,0.0,0.0,1.0,0.0,0.0,0.0,0.0,0.0,0.0,0.0
6,4,0.0,0.0,0.0,0.0,1.0,0.0,0.0,0.0,0.0,0.0,0.0,0.0
6,4,0.0,0.0,0.0,0.0,1.0,0.0,0.0,0.0,0.0,0.0,0.0,0.0
6,4,0.0,0.0,0.0,0.0,1.0,0.0,0.0,0.0,0.0,0.0,0.0,0.0
6,4,0.0,0.0,0.0,0.0,1.0,0.0,0.0,0.0,0.0,0.0,0.0,0.0
6,4,0.0,0.0,0.0,0.0,1.0,0.0,0.0,0.0,0.0,0.0,0.0,0.0
6,4,0.0,0.0,0.0,0.0,1.0,0.0,0.0,0.0,0.0,0.0,0.0,0.0
6,4,0.0,0.0,0.0,0.0,1.0,0.0,0.0,0.0,0.0,0.0,0.0,0.0
6,4,0.0,0.0,0.0,0.0,1.0,0.0,0.0,0.0,0.0,0.0,0.0,0.0
6,4,0.0,0.0,0.0,0.0,1.0,0.0,0.0,0.0,0.0,0.0,0.0,0.0
6,4,0.0,0.0,0.0,0.0,1.0,0.0,0.0,0.0,0.0,0.0,0.0,0.0
6,4,0.0,0.0,0.0,0.0,1.0,0.0,0.0,0.0,0.0,0.0,0.0,0.0
6,4,0.0,0.0,0.0,0.0,1.0,0.0,0.0,0.0,0.0,0.0,0.0,0.0
6,4,0.0,0.0,0.0,0.0,1.0,0.0,0.0,0.0,0.0,0.0,0.0,0.0
6,4,0.0,0.0,0.0,0.0,1.0,0.0,0.0,0.0,0.0,0.0,0.0,0.0
6,4,0.0,0.0,0.0,0.0,1.0,0.0,0.0,0.0,0.0,0.0,0.0,0.0
6,4,0.0,0.0,0.0,0.0,1.0,0.0,0.0,0.0,0.0,0.0,0.0,0.0
6,4,0.0,0.0,0.0,0.0,1.0,0.0,0.0,0.0,0.0,0.0,0.0,0.0
6,4,0.0,0.0,0.0,0.0,1.0,0.0,0.0,0.0,0.0,0.0,0.0,0.0
6,4,0.0,0.0,0.0,0.0,1.0,0.0,0.0,0.0,0.0,0.0,0.0,0.0
6,4,0.0,0.0,0.0,0.0,1.0,0.0,0.0,0.0,0.0,0.0,0.0,0.0
6,4,0.0,0.0,0.0,0.0,1.0,0.0,0.0,0.0,0.0,0.0,0.0,0.0
6,4,0.0,0.0,0.0,0.0,1.0,0.0,0.0,0.0,0.0,0.0,0.0,0.0
6,4,0.0,0.0,0.0,0.0,1.0,0.0,0.0,0.0,0.0,0.0,0.0,0.0
6,4,0.0,0.0,0.0,0.0,1.0,0.0,0.0,0.0,0.0,0.0,0.0,0.0
6,4,0.0,0.0,0.0,0.0,1.0,0.0,0.0,0.0,0.0,0.0,0.0,0.0
6,4,0.0,0.0,0.0,0.0,1.0,0.0,0.0,0.0,0.0,0.0,0.0,0.0
6,4,0.0,0.0,0.0,0.0,1.0,0.0,0.0,0.0,0.0,0.0,0.0,0.0
6,4,0.0,0.0,0.0,0.0,1.0,0.0,0.0,0.0,0.0,0.0,0.0,0.0
6,4,0.0,0.0,0.0,0.0,1.0,0.0,0.0,0.0,0.0,0.0,0.0,0.0
6,4,0.0,0.0,0.0,0.0,1.0,0.0,0.0,0.0,0.0,0.0,0.0,0.0
6,4,0.0,0.0,0.0,0.0,1.0,0.0,0.0,0.0,0.0,0.0,0.0,0.0
6,4,0.0,0.0,0.0,0.0,1.0,0.0,0.0,0.0,0.0,0.0,0.0,0.0
6,4,0.0,0.0,0.0,0.0,1.0,0.0,0.0,0.0,0.0,0.0,0.0,0.0
6,4,0.0,0.0,0.0,0.0,1.0,0.0,0.0,0.0,0.0,0.0,0.0,0.0
6,4,0.0,0.0,0.0,0.0,1.0,0.0,0.0,0.0,0.0,0.0,0.0,0.0
6,4,0.0,0.0,0.0,0.0,1.0,0.0,0.0,0.0,0.0,0.0,0.0,0.0
6,4,0.0,0.0,0.0,0.0,1.0,0.0,0.0,0.0,0.0,0.0,0.0,0.0
6,4,0.0,0.0,0.0,0.0,1.0,0.0,0.0,0.0,0.0,0.0,0.0,0.0
6,4,0.0,0.0,0.0,0.0,1.0,0.0,0.0,0.0,0.0,0.0,0.0,0.0
6,4,0.0,0.0,0.0,0.0,1.0,0.0,0.0,0.0,0.0,0.0,0.0,0.0
6,4,0.0,0.0,0.0,0.0,1.0,0.0,0.0,0.0,0.0,0.0,0.0,0.0
6,4,0.0,0.0,0.0,0.0,1.0,0.0,0.0,0.0,0.0,0.0,0.0,0.0
6,4,0.0,0.0,0.0,0.0,1.0,0.0,0.0,0.0,0.0,0.0,0.0,0.0
6,4,0.0,0.0,0.0,0.0,1.0,0.0,0.0,0.0,0.0,0.0,0.0,0.0
6,4,0.0,0.0,0.0,0.0,1.0,0.0,0.0,0.0,0.0,0.0,0.0,0.0
6,4,0.0,0.0,0.0,0.0,1.0,0.0,0.0,0.0,0.0,0.0,0.0,0.0
6,4,0.0,0.0,0.0,0.0,1.0,0.0,0.0,0.0,0.0,0.0,0.0,0.0
6,4,0.0,0.0,0.0,0.0,1.0,0.0,0.0,0.0,0.0,0.0,0.0,0.0
6,4,0.0,0.0,0.0,0.0,1.0,0.0,0.0,0.0,0.0,0.0,0.0,0.0
6,4,0.0,0.0,0.0,0.0,1.0,0.0,0.0,0.0,0.0,0.0,0.0,0.0
6,4,0.0,0.0,0.0,0.0,1.0,0.0,0.0,0.0,0.0,0.0,0.0,0.0
6,4,0.0,0.0,0.0,0.0,1.0,0.0,0.0,0.0,0.0,0.0,0.0,0.0
6,4,0.0,0.0,0.0,0.0,1.0,0.0,0.0,0.0,0.0,0.0,0.0,0.0
6,4,0.0,0.0,0.0,0.0,1.0,0.0,0.0,0.0,0.0,0.0,0.0,0.0
6,4,0.0,0.0,0.0,0.0,1.0,0.0,0.0,0.0,0.0,0.0,0.0,0.0
6,4,0.0,0.0,0.0,0.0,1.0,0.0,0.0,0.0,0.0,0.0,0.0,0.0
6,4,0.0,0.0,0.0,0.0,1.0,0.0,0.0,0.0,0.0,0.0,0.0,0.0
6,4,0.0,0.0,0.0,0.0,1.0,0.0,0.0,0.0,0.0,0.0,0.0,0.0
6,4,0.0,0.0,0.0,0.0,1.0,0.0,0.0,0.0,0.0,0.0,0.0,0.0
6,4,0.0,0.0,0.0,0.0,1.0,0.0,0.0,0.0,0.0,0.0,0.0,0.0
6,4,0.0,0.0,0.0,0.0,1.0,0.0,0.0,0.0,0.0,0.0,0.0,0.0
6,4,0.0,0.0,0.0,0.0,1.0,0.0,0.0,0.0,0.0,0.0,0.0,0.0
6,4,0.0,0.0,0.0,0.0,1.0,0.0,0.0,0.0,0.0,0.0,0.0,0.0
6,4,0.0,0.0,0.0,0.0,1.0,0.0,0.0,0.0,0.0,0.0,0.0,0.0
6,4,0.0,0.0,0.0,0.0,1.0,0.0,0.0,0.0,0.0,0.0,0.0,0.0
6,4,0.0,0.0,0.0,0.0,1.0,0.0,0.0,0.0,0.0,0.0,0.0,0.0
6,4,0.0,0.0,0.0,0.0,1.0,0.0,0.0,0.0,0.0,0.0,0.0,0.0
6,4,0.0,0.0,0.0,0.0,1.0,0.0,0.0,0.0,0.0,0.0,0.0,0.0
6,4,0.0,0.0,0.0,0.0,1.0,0.0,0.0,0.0,0.0,0.0,0.0,0.0
6,4,0.0,0.0,0.0,0.0,1.0,0.0,0.0,0.0,0.0,0.0,0.0,0.0
6,4,0.0,0.0,0.0,0.0,1.0,0.0,0.0,0.0,0.0,0.0,0.0,0.0
6,4,0.0,0.0,0.0,0.0,1.0,0.0,0.0,0.0,0.0,0.0,0.0,0.0
6,4,0.0,0.0,0.0,0.0,1.0,0.0,0.0,0.0,0.0,0.0,0.0,0.0
6,4,0.0,0.0,0.0,0.0,1.0,0.0,0.0,0.0,0.0,0.0,0.0,0.0
6,4,0.0,0.0,0.0,0.0,1.0,0.0,0.0,0.0,0.0,0.0,0.0,0.0
6,4,0.0,0.0,0.0,0.0,1.0,0.0,0.0,0.0,0.0,0.0,0.0,0.0
6,4,0.0,0.0,0.0,0.0,1.0,0.0,0.0,0.0,0.0,0.0,0.0,0.0
6,4,0.0,0.0,0.0,0.0,1.0,0.0,0.0,0.0,0.0,0.0,0.0,0.0
6,4,0.0,0.0,0.0,0.0,1.0,0.0,0.0,0.0,0.0,0.0,0.0,0.0
6,4,0.0,0.0,0.0,0.0,1.0,0.0,0.0,0.0,0.0,0.0,0.0,0.0
6,4,0.0,0.0,0.0,0.0,1.0,0.0,0.0,0.0,0.0,0.0,0.0,0.0
6,4,0.0,0.0,0.0,0.0,1.0,0.0,0.0,0.0,0.0,0.0,0.0,0.0
6,4,0.0,0.0,0.0,0.0,1.0,0.0,0.0,0.0,0.0,0.0,0.0,0.0
6,4,0.0,0.0,0.0,0.0,1.0,0.0,0.0,0.0,0.0,0.0,0.0,0.0
6,4,0.0,0.0,0.0,0.0,1.0,0.0,0.0,0.0,0.0,0.0,0.0,0.0
6,4,0.0,0.0,0.0,0.0,1.0,0.0,0.0,0.0,0.0,0.0,0.0,0.0
6,4,0.0,0.0,0.0,0.0,1.0,0.0,0.0,0.0,0.0,0.0,0.0,0.0
6,4,0.0,0.0,0.0,0.0,1.0,0.0,0.0,0.0,0.0,0.0,0.0,0.0
6,4,0.0,0.0,0.0,0.0,1.0,0.0,0.0,0.0,0.0,0.0,0.0,0.0
6,4,0.0,0.0,0.0,0.0,1.0,0.0,0.0,0.0,0.0,0.0,0.0,0.0
6,4,0.0,0.0,0.0,0.0,1.0,0.0,0.0,0.0,0.0,0.0,0.0,0.0
6,4,0.0,0.0,0.0,0.0,1.0,0.0,0.0,0.0,0.0,0.0,0.0,0.0
6,4,0.0,0.0,0.0,0.0,1.0,0.0,0.0,0.0,0.0,0.0,0.0,0.0
6,4,0.0,0.0,0.0,0.0,1.0,0.0,0.0,0.0,0.0,0.0,0.0,0.0
6,4,0.0,0.0,0.0,0.0,1.0,0.0,0.0,0.0,0.0,0.0,0.0,0.0
6,4,0.0,0.0,0.0,0.0,1.0,0.0,0.0,0.0,0.0,0.0,0.0,0.0
6,4,0.0,0.0,0.0,0.0,1.0,0.0,0.0,0.0,0.0,0.0,0.0,0.0
6,4,0.0,0.0,0.0,0.0,1.0,0.0,0.0,0.0,0.0,0.0,0.0,0.0
6,4,0.0,0.0,0.0,0.0,1.0,0.0,0.0,0.0,0.0,0.0,0.0,0.0
6,4,0.0,0.0,0.0,0.0,1.0,0.0,0.0,0.0,0.0,0.0,0.0,0.0
6,4,0.0,0.0,0.0,0.0,1.0,0.0,0.0,0.0,0.0,0.0,0.0,0.0
6,4,0.0,0.0,0.0,0.0,1.0,0.0,0.0,0.0,0.0,0.0,0.0,0.0
6,4,0.0,0.0,0.0,0.0,1.0,0.0,0.0,0.0,0.0,0.0,0.0,0.0
6,4,0.0,0.0,0.0,0.0,1.0,0.0,0.0,0.0,0.0,0.0,0.0,0.0
6,4,0.0,0.0,0.0,0.0,1.0,0.0,0.0,0.0,0.0,0.0,0.0,0.0
6,4,0.0,0.0,0.0,0.0,1.0,0.0,0.0,0.0,0.0,0.0,0.0,0.0
6,4,0.0,0.0,0.0,0.0,1.0,0.0,0.0,0.0,0.0,0.0,0.0,0.0
6,4,0.0,0.0,0.0,0.0,1.0,0.0,0.0,0.0,0.0,0.0,0.0,0.0
6,4,0.0,0.0,0.0,0.0,1.0,0.0,0.0,0.0,0.0,0.0,0.0,0.0
6,4,0.0,0.0,0.0,0.0,1.0,0.0,0.0,0.0,0.0,0.0,0.0,0.0
6,4,0.0,0.0,0.0,0.0,1.0,0.0,0.0,0.0,0.0,0.0,0.0,0.0
6,4,0.0,0.0,0.0,0.0,1.0,0.0,0.0,0.0,0.0,0.0,0.0,0.0
6,4,0.0,0.0,0.0,0.0,1.0,0.0,0.0,0.0,0.0,0.0,0.0,0.0
6,4,0.0,0.0,0.0,0.0,1.0,0.0,0.0,0.0,0.0,0.0,0.0,0.0
6,4,0.0,0.0,0.0,0.0,1.0,0.0,0.0,0.0,0.0,0.0,0.0,0.0
6,4,0.0,0.0,0.0,0.0,1.0,0.0,0.0,0.0,0.0,0.0,0.0,0.0
6,4,0.0,0.0,0.0,0.0,1.0,0.0,0.0,0.0,0.0,0.0,0.0,0.0
6,4,0.0,0.0,0.0,0.0,1.0,0.0,0.0,0.0,0.0,0.0,0.0,0.0
6,4,0.0,0.0,0.0,0.0,1.0,0.0,0.0,0.0,0.0,0.0,0.0,0.0
6,4,0.0,0.0,0.0,0.0,1.0,0.0,0.0,0.0,0.0,0.0,0.0,0.0
6,4,0.0,0.0,0.0,0.0,1.0,0.0,0.0,0.0,0.0,0.0,0.0,0.0
6,4,0.0,0.0,0.0,0.0,1.0,0.0,0.0,0.0,0.0,0.0,0.0,0.0
6,4,0.0,0.0,0.0,0.0,1.0,0.0,0.0,0.0,0.0,0.0,0.0,0.0
6,4,0.0,0.0,0.0,0.0,1.0,0.0,0.0,0.0,0.0,0.0,0.0,0.0
6,4,0.0,0.0,0.0,0.0,1.0,0.0,0.0,0.0,0.0,0.0,0.0,0.0
6,4,0.0,0.0,0.0,0.0,1.0,0.0,0.0,0.0,0.0,0.0,0.0,0.0
6,4,0.0,0.0,0.0,0.0,1.0,0.0,0.0,0.0,0.0,0.0,0.0,0.0
6,4,0.0,0.0,0.0,0.0,1.0,0.0,0.0,0.0,0.0,0.0,0.0,0.0
6,4,0.0,0.0,0.0,0.0,1.0,0.0,0.0,0.0,0.0,0.0,0.0,0.0
6,4,0.0,0.0,0.0,0.0,1.0,0.0,0.0,0.0,0.0,0.0,0.0,0.0
6,4,0.0,0.0,0.0,0.0,1.0,0.0,0.0,0.0,0.0,0.0,0.0,0.0
6,4,0.0,0.0,0.0,0.0,1.0,0.0,0.0,0.0,0.0,0.0,0.0,0.0
6,4,0.0,0.0,0.0,0.0,1.0,0.0,0.0,0.0,0.0,0.0,0.0,0.0
6,4,0.0,0.0,0.0,0.0,1.0,0.0,0.0,0.0,0.0,0.0,0.0,0.0
6,4,0.0,0.0,0.0,0.0,1.0,0.0,0.0,0.0,0.0,0.0,0.0,0.0
6,4,0.0,0.0,0.0,0.0,1.0,0.0,0.0,0.0,0.0,0.0,0.0,0.0
6,4,0.0,0.0,0.0,0.0,1.0,0.0,0.0,0.0,0.0,0.0,0.0,0.0
6,4,0.0,0.0,0.0,0.0,1.0,0.0,0.0,0.0,0.0,0.0,0.0,0.0
6,4,0.0,0.0,0.0,0.0,1.0,0.0,0.0,0.0,0.0,0.0,0.0,0.0
6,4,0.0,0.0,0.0,0.0,1.0,0.0,0.0,0.0,0.0,0.0,0.0,0.0
6,4,0.0,0.0,0.0,0.0,1.0,0.0,0.0,0.0,0.0,0.0,0.0,0.0
6,4,0.0,0.0,0.0,0.0,1.0,0.0,0.0,0.0,0.0,0.0,0.0,0.0
6,4,0.0,0.0,0.0,0.0,1.0,0.0,0.0,0.0,0.0,0.0,0.0,0.0
6,4,0.0,0.0,0.0,0.0,1.0,0.0,0.0,0.0,0.0,0.0,0.0,0.0
6,4,0.0,0.0,0.0,0.0,1.0,0.0,0.0,0.0,0.0,0.0,0.0,0.0
6,4,0.0,0.0,0.0,0.0,1.0,0.0,0.0,0.0,0.0,0.0,0.0,0.0
6,4,0.0,0.0,0.0,0.0,1.0,0.0,0.0,0.0,0.0,0.0,0.0,0.0
6,4,0.0,0.0,0.0,0.0,1.0,0.0,0.0,0.0,0.0,0.0,0.0,0.0
6,4,0.0,0.0,0.0,0.0,1.0,0.0,0.0,0.0,0.0,0.0,0.0,0.0
6,4,0.0,0.0,0.0,0.0,1.0,0.0,0.0,0.0,0.0,0.0,0.0,0.0
6,4,0.0,0.0,0.0,0.0,1.0,0.0,0.0,0.0,0.0,0.0,0.0,0.0
6,4,0.0,0.0,0.0,0.0,1.0,0.0,0.0,0.0,0.0,0.0,0.0,0.0
6,4,0.0,0.0,0.0,0.0,1.0,0.0,0.0,0.0,0.0,0.0,0.0,0.0
6,4,0.0,0.0,0.0,0.0,1.0,0.0,0.0,0.0,0.0,0.0,0.0,0.0
6,4,0.0,0.0,0.0,0.0,1.0,0.0,0.0,0.0,0.0,0.0,0.0,0.0
6,4,0.0,0.0,0.0,0.0,1.0,0.0,0.0,0.0,0.0,0.0,0.0,0.0
6,4,0.0,0.0,0.0,0.0,1.0,0.0,0.0,0.0,0.0,0.0,0.0,0.0
6,4,0.0,0.0,0.0,0.0,1.0,0.0,0.0,0.0,0.0,0.0,0.0,0.0
6,4,0.0,0.0,0.0,0.0,1.0,0.0,0.0,0.0,0.0,0.0,0.0,0.0
6,4,0.0,0.0,0.0,0.0,1.0,0.0,0.0,0.0,0.0,0.0,0.0,0.0
6,4,0.0,0.0,0.0,0.0,1.0,0.0,0.0,0.0,0.0,0.0,0.0,0.0
6,4,0.0,0.0,0.0,0.0,1.0,0.0,0.0,0.0,0.0,0.0,0.0,0.0
6,4,0.0,0.0,0.0,0.0,1.0,0.0,0.0,0.0,0.0,0.0,0.0,0.0
6,4,0.0,0.0,0.0,0.0,1.0,0.0,0.0,0.0,0.0,0.0,0.0,0.0
6,4,0.0,0.0,0.0,0.0,1.0,0.0,0.0,0.0,0.0,0.0,0.0,0.0
6,4,0.0,0.0,0.0,0.0,1.0,0.0,0.0,0.0,0.0,0.0,0.0,0.0
6,4,0.0,0.0,0.0,0.0,1.0,0.0,0.0,0.0,0.0,0.0,0.0,0.0
6,4,0.0,0.0,0.0,0.0,1.0,0.0,0.0,0.0,0.0,0.0,0.0,0.0
6,4,0.0,0.0,0.0,0.0,1.0,0.0,0.0,0.0,0.0,0.0,0.0,0.0
6,4,0.0,0.0,0.0,0.0,1.0,0.0,0.0,0.0,0.0,0.0,0.0,0.0
6,4,0.0,0.0,0.0,0.0,1.0,0.0,0.0,0.0,0.0,0.0,0.0,0.0
6,4,0.0,0.0,0.0,0.0,1.0,0.0,0.0,0.0,0.0,0.0,0.0,0.0
6,4,0.0,0.0,0.0,0.0,1.0,0.0,0.0,0.0,0.0,0.0,0.0,0.0
6,4,0.0,0.0,0.0,0.0,1.0,0.0,0.0,0.0,0.0,0.0,0.0,0.0
6,4,0.0,0.0,0.0,0.0,1.0,0.0,0.0,0.0,0.0,0.0,0.0,0.0
6,4,0.0,0.0,0.0,0.0,1.0,0.0,0.0,0.0,0.0,0.0,0.0,0.0
6,4,0.0,0.0,0.0,0.0,1.0,0.0,0.0,0.0,0.0,0.0,0.0,0.0
6,4,0.0,0.0,0.0,0.0,1.0,0.0,0.0,0.0,0.0,0.0,0.0,0.0
6,4,0.0,0.0,0.0,0.0,1.0,0.0,0.0,0.0,0.0,0.0,0.0,0.0
6,4,0.0,0.0,0.0,0.0,1.0,0.0,0.0,0.0,0.0,0.0,0.0,0.0
6,4,0.0,0.0,0.0,0.0,1.0,0.0,0.0,0.0,0.0,0.0,0.0,0.0
6,4,0.0,0.0,0.0,0.0,1.0,0.0,0.0,0.0,0.0,0.0,0.0,0.0
6,4,0.0,0.0,0.0,0.0,1.0,0.0,0.0,0.0,0.0,0.0,0.0,0.0
6,4,0.0,0.0,0.0,0.0,1.0,0.0,0.0,0.0,0.0,0.0,0.0,0.0
6,4,0.0,0.0,0.0,0.0,1.0,0.0,0.0,0.0,0.0,0.0,0.0,0.0
6,4,0.0,0.0,0.0,0.0,1.0,0.0,0.0,0.0,0.0,0.0,0.0,0.0
6,4,0.0,0.0,0.0,0.0,1.0,0.0,0.0,0.0,0.0,0.0,0.0,0.0
6,4,0.0,0.0,0.0,0.0,1.0,0.0,0.0,0.0,0.0,0.0,0.0,0.0
6,4,0.0,0.0,0.0,0.0,1.0,0.0,0.0,0.0,0.0,0.0,0.0,0.0
6,4,0.0,0.0,0.0,0.0,1.0,0.0,0.0,0.0,0.0,0.0,0.0,0.0
6,4,0.0,0.0,0.0,0.0,1.0,0.0,0.0,0.0,0.0,0.0,0.0,0.0
6,4,0.0,0.0,0.0,0.0,1.0,0.0,0.0,0.0,0.0,0.0,0.0,0.0
6,4,0.0,0.0,0.0,0.0,1.0,0.0,0.0,0.0,0.0,0.0,0.0,0.0
6,4,0.0,0.0,0.0,0.0,1.0,0.0,0.0,0.0,0.0,0.0,0.0,0.0
6,4,0.0,0.0,0.0,0.0,1.0,0.0,0.0,0.0,0.0,0.0,0.0,0.0
6,4,0.0,0.0,0.0,0.0,1.0,0.0,0.0,0.0,0.0,0.0,0.0,0.0
6,4,0.0,0.0,0.0,0.0,1.0,0.0,0.0,0.0,0.0,0.0,0.0,0.0
6,4,0.0,0.0,0.0,0.0,1.0,0.0,0.0,0.0,0.0,0.0,0.0,0.0
6,4,0.0,0.0,0.0,0.0,1.0,0.0,0.0,0.0,0.0,0.0,0.0,0.0
6,4,0.0,0.0,0.0,0.0,1.0,0.0,0.0,0.0,0.0,0.0,0.0,0.0
6,4,0.0,0.0,0.0,0.0,1.0,0.0,0.0,0.0,0.0,0.0,0.0,0.0
6,4,0.0,0.0,0.0,0.0,1.0,0.0,0.0,0.0,0.0,0.0,0.0,0.0
6,4,0.0,0.0,0.0,0.0,1.0,0.0,0.0,0.0,0.0,0.0,0.0,0.0
6,4,0.0,0.0,0.0,0.0,1.0,0.0,0.0,0.0,0.0,0.0,0.0,0.0
6,4,0.0,0.0,0.0,0.0,1.0,0.0,0.0,0.0,0.0,0.0,0.0,0.0
6,4,0.0,0.0,0.0,0.0,1.0,0.0,0.0,0.0,0.0,0.0,0.0,0.0
6,4,0.0,0.0,0.0,0.0,1.0,0.0,0.0,0.0,0.0,0.0,0.0,0.0
6,4,0.0,0.0,0.0,0.0,1.0,0.0,0.0,0.0,0.0,0.0,0.0,0.0
6,4,0.0,0.0,0.0,0.0,1.0,0.0,0.0,0.0,0.0,0.0,0.0,0.0
6,4,0.0,0.0,0.0,0.0,1.0,0.0,0.0,0.0,0.0,0.0,0.0,0.0
6,4,0.0,0.0,0.0,0.0,1.0,0.0,0.0,0.0,0.0,0.0,0.0,0.0
6,4,0.0,0.0,0.0,0.0,1.0,0.0,0.0,0.0,0.0,0.0,0.0,0.0
6,4,0.0,0.0,0.0,0.0,1.0,0.0,0.0,0.0,0.0,0.0,0.0,0.0
6,4,0.0,0.0,0.0,0.0,1.0,0.0,0.0,0.0,0.0,0.0,0.0,0.0
6,4,0.0,0.0,0.0,0.0,1.0,0.0,0.0,0.0,0.0,0.0,0.0,0.0
6,4,0.0,0.0,0.0,0.0,1.0,0.0,0.0,0.0,0.0,0.0,0.0,0.0
6,4,0.0,0.0,0.0,0.0,1.0,0.0,0.0,0.0,0.0,0.0,0.0,0.0
6,4,0.0,0.0,0.0,0.0,1.0,0.0,0.0,0.0,0.0,0.0,0.0,0.0
6,4,0.0,0.0,0.0,0.0,1.0,0.0,0.0,0.0,0.0,0.0,0.0,0.0
6,4,0.0,0.0,0.0,0.0,1.0,0.0,0.0,0.0,0.0,0.0,0.0,0.0
6,4,0.0,0.0,0.0,0.0,1.0,0.0,0.0,0.0,0.0,0.0,0.0,0.0
6,4,0.0,0.0,0.0,0.0,1.0,0.0,0.0,0.0,0.0,0.0,0.0,0.0
6,4,0.0,0.0,0.0,0.0,1.0,0.0,0.0,0.0,0.0,0.0,0.0,0.0
6,4,0.0,0.0,0.0,0.0,1.0,0.0,0.0,0.0,0.0,0.0,0.0,0.0
6,4,0.0,0.0,0.0,0.0,1.0,0.0,0.0,0.0,0.0,0.0,0.0,0.0
6,4,0.0,0.0,0.0,0.0,1.0,0.0,0.0,0.0,0.0,0.0,0.0,0.0
6,4,0.0,0.0,0.0,0.0,1.0,0.0,0.0,0.0,0.0,0.0,0.0,0.0
6,4,0.0,0.0,0.0,0.0,1.0,0.0,0.0,0.0,0.0,0.0,0.0,0.0
6,4,0.0,0.0,0.0,0.0,1.0,0.0,0.0,0.0,0.0,0.0,0.0,0.0
6,4,0.0,0.0,0.0,0.0,1.0,0.0,0.0,0.0,0.0,0.0,0.0,0.0
6,4,0.0,0.0,0.0,0.0,1.0,0.0,0.0,0.0,0.0,0.0,0.0,0.0
6,4,0.0,0.0,0.0,0.0,1.0,0.0,0.0,0.0,0.0,0.0,0.0,0.0
6,4,0.0,0.0,0.0,0.0,1.0,0.0,0.0,0.0,0.0,0.0,0.0,0.0
6,4,0.0,0.0,0.0,0.0,1.0,0.0,0.0,0.0,0.0,0.0,0.0,0.0
6,4,0.0,0.0,0.0,0.0,1.0,0.0,0.0,0.0,0.0,0.0,0.0,0.0
6,4,0.0,0.0,0.0,0.0,1.0,0.0,0.0,0.0,0.0,0.0,0.0,0.0
6,4,0.0,0.0,0.0,0.0,1.0,0.0,0.0,0.0,0.0,0.0,0.0,0.0
6,4,0.0,0.0,0.0,0.0,1.0,0.0,0.0,0.0,0.0,0.0,0.0,0.0
6,4,0.0,0.0,0.0,0.0,1.0,0.0,0.0,0.0,0.0,0.0,0.0,0.0
6,4,0.0,0.0,0.0,0.0,1.0,0.0,0.0,0.0,0.0,0.0,0.0,0.0
6,4,0.0,0.0,0.0,0.0,1.0,0.0,0.0,0.0,0.0,0.0,0.0,0.0
6,4,0.0,0.0,0.0,0.0,1.0,0.0,0.0,0.0,0.0,0.0,0.0,0.0
6,4,0.0,0.0,0.0,0.0,1.0,0.0,0.0,0.0,0.0,0.0,0.0,0.0
6,4,0.0,0.0,0.0,0.0,1.0,0.0,0.0,0.0,0.0,0.0,0.0,0.0
6,4,0.0,0.0,0.0,0.0,1.0,0.0,0.0,0.0,0.0,0.0,0.0,0.0
6,4,0.0,0.0,0.0,0.0,1.0,0.0,0.0,0.0,0.0,0.0,0.0,0.0
6,4,0.0,0.0,0.0,0.0,1.0,0.0,0.0,0.0,0.0,0.0,0.0,0.0
6,4,0.0,0.0,0.0,0.0,1.0,0.0,0.0,0.0,0.0,0.0,0.0,0.0
6,4,0.0,0.0,0.0,0.0,1.0,0.0,0.0,0.0,0.0,0.0,0.0,0.0
6,4,0.0,0.0,0.0,0.0,1.0,0.0,0.0,0.0,0.0,0.0,0.0,0.0
6,4,0.0,0.0,0.0,0.0,1.0,0.0,0.0,0.0,0.0,0.0,0.0,0.0
6,4,0.0,0.0,0.0,0.0,1.0,0.0,0.0,0.0,0.0,0.0,0.0,0.0
6,4,0.0,0.0,0.0,0.0,1.0,0.0,0.0,0.0,0.0,0.0,0.0,0.0
6,4,0.0,0.0,0.0,0.0,1.0,0.0,0.0,0.0,0.0,0.0,0.0,0.0
6,4,0.0,0.0,0.0,0.0,1.0,0.0,0.0,0.0,0.0,0.0,0.0,0.0
6,4,0.0,0.0,0.0,0.0,1.0,0.0,0.0,0.0,0.0,0.0,0.0,0.0
6,4,0.0,0.0,0.0,0.0,1.0,0.0,0.0,0.0,0.0,0.0,0.0,0.0
6,4,0.0,0.0,0.0,0.0,1.0,0.0,0.0,0.0,0.0,0.0,0.0,0.0
6,4,0.0,0.0,0.0,0.0,1.0,0.0,0.0,0.0,0.0,0.0,0.0,0.0
6,4,0.0,0.0,0.0,0.0,1.0,0.0,0.0,0.0,0.0,0.0,0.0,0.0
6,4,0.0,0.0,0.0,0.0,1.0,0.0,0.0,0.0,0.0,0.0,0.0,0.0
6,4,0.0,0.0,0.0,0.0,1.0,0.0,0.0,0.0,0.0,0.0,0.0,0.0
6,4,0.0,0.0,0.0,0.0,1.0,0.0,0.0,0.0,0.0,0.0,0.0,0.0
6,4,0.0,0.0,0.0,0.0,1.0,0.0,0.0,0.0,0.0,0.0,0.0,0.0
6,4,0.0,0.0,0.0,0.0,1.0,0.0,0.0,0.0,0.0,0.0,0.0,0.0
6,4,0.0,0.0,0.0,0.0,1.0,0.0,0.0,0.0,0.0,0.0,0.0,0.0
6,4,0.0,0.0,0.0,0.0,1.0,0.0,0.0,0.0,0.0,0.0,0.0,0.0
6,4,0.0,0.0,0.0,0.0,1.0,0.0,0.0,0.0,0.0,0.0,0.0,0.0
6,4,0.0,0.0,0.0,0.0,1.0,0.0,0.0,0.0,0.0,0.0,0.0,0.0
6,4,0.0,0.0,0.0,0.0,1.0,0.0,0.0,0.0,0.0,0.0,0.0,0.0
6,4,0.0,0.0,0.0,0.0,1.0,0.0,0.0,0.0,0.0,0.0,0.0,0.0
6,4,0.0,0.0,0.0,0.0,1.0,0.0,0.0,0.0,0.0,0.0,0.0,0.0
6,4,0.0,0.0,0.0,0.0,1.0,0.0,0.0,0.0,0.0,0.0,0.0,0.0
6,4,0.0,0.0,0.0,0.0,1.0,0.0,0.0,0.0,0.0,0.0,0.0,0.0
6,4,0.0,0.0,0.0,0.0,1.0,0.0,0.0,0.0,0.0,0.0,0.0,0.0
6,4,0.0,0.0,0.0,0.0,1.0,0.0,0.0,0.0,0.0,0.0,0.0,0.0
6,4,0.0,0.0,0.0,0.0,1.0,0.0,0.0,0.0,0.0,0.0,0.0,0.0
6,4,0.0,0.0,0.0,0.0,1.0,0.0,0.0,0.0,0.0,0.0,0.0,0.0
6,4,0.0,0.0,0.0,0.0,1.0,0.0,0.0,0.0,0.0,0.0,0.0,0.0
6,4,0.0,0.0,0.0,0.0,1.0,0.0,0.0,0.0,0.0,0.0,0.0,0.0
6,4,0.0,0.0,0.0,0.0,1.0,0.0,0.0,0.0,0.0,0.0,0.0,0.0
6,4,0.0,0.0,0.0,0.0,1.0,0.0,0.0,0.0,0.0,0.0,0.0,0.0
6,4,0.0,0.0,0.0,0.0,1.0,0.0,0.0,0.0,0.0,0.0,0.0,0.0
6,4,0.0,0.0,0.0,0.0,1.0,0.0,0.0,0.0,0.0,0.0,0.0,0.0
6,4,0.0,0.0,0.0,0.0,1.0,0.0,0.0,0.0,0.0,0.0,0.0,0.0
6,4,0.0,0.0,0.0,0.0,1.0,0.0,0.0,0.0,0.0,0.0,0.0,0.0
6,4,0.0,0.0,0.0,0.0,1.0,0.0,0.0,0.0,0.0,0.0,0.0,0.0
6,4,0.0,0.0,0.0,0.0,1.0,0.0,0.0,0.0,0.0,0.0,0.0,0.0
6,4,0.0,0.0,0.0,0.0,1.0,0.0,0.0,0.0,0.0,0.0,0.0,0.0
6,4,0.0,0.0,0.0,0.0,1.0,0.0,0.0,0.0,0.0,0.0,0.0,0.0
6,4,0.0,0.0,0.0,0.0,1.0,0.0,0.0,0.0,0.0,0.0,0.0,0.0
6,4,0.0,0.0,0.0,0.0,1.0,0.0,0.0,0.0,0.0,0.0,0.0,0.0
6,4,0.0,0.0,0.0,0.0,1.0,0.0,0.0,0.0,0.0,0.0,0.0,0.0
6,4,0.0,0.0,0.0,0.0,1.0,0.0,0.0,0.0,0.0,0.0,0.0,0.0
6,4,0.0,0.0,0.0,0.0,1.0,0.0,0.0,0.0,0.0,0.0,0.0,0.0
6,4,0.0,0.0,0.0,0.0,1.0,0.0,0.0,0.0,0.0,0.0,0.0,0.0
6,4,0.0,0.0,0.0,0.0,1.0,0.0,0.0,0.0,0.0,0.0,0.0,0.0
6,4,0.0,0.0,0.0,0.0,1.0,0.0,0.0,0.0,0.0,0.0,0.0,0.0
6,4,0.0,0.0,0.0,0.0,1.0,0.0,0.0,0.0,0.0,0.0,0.0,0.0
6,4,0.0,0.0,0.0,0.0,1.0,0.0,0.0,0.0,0.0,0.0,0.0,0.0
6,4,0.0,0.0,0.0,0.0,1.0,0.0,0.0,0.0,0.0,0.0,0.0,0.0
6,4,0.0,0.0,0.0,0.0,1.0,0.0,0.0,0.0,0.0,0.0,0.0,0.0
6,4,0.0,0.0,0.0,0.0,1.0,0.0,0.0,0.0,0.0,0.0,0.0,0.0
6,4,0.0,0.0,0.0,0.0,1.0,0.0,0.0,0.0,0.0,0.0,0.0,0.0
6,4,0.0,0.0,0.0,0.0,1.0,0.0,0.0,0.0,0.0,0.0,0.0,0.0
6,4,0.0,0.0,0.0,0.0,1.0,0.0,0.0,0.0,0.0,0.0,0.0,0.0
6,4,0.0,0.0,0.0,0.0,1.0,0.0,0.0,0.0,0.0,0.0,0.0,0.0
6,4,0.0,0.0,0.0,0.0,1.0,0.0,0.0,0.0,0.0,0.0,0.0,0.0
6,4,0.0,0.0,0.0,0.0,1.0,0.0,0.0,0.0,0.0,0.0,0.0,0.0
6,4,0.0,0.0,0.0,0.0,1.0,0.0,0.0,0.0,0.0,0.0,0.0,0.0
6,4,0.0,0.0,0.0,0.0,1.0,0.0,0.0,0.0,0.0,0.0,0.0,0.0
6,4,0.0,0.0,0.0,0.0,1.0,0.0,0.0,0.0,0.0,0.0,0.0,0.0
6,4,0.0,0.0,0.0,0.0,0.984375,0.015625,0.0,0.0,0.0,0.0,0.0,0.0
6,4,0.0,0.0,0.0,0.0,0.984375,0.015625,0.0,0.0,0.0,0.0,0.0,0.0
6,4,0.0,0.0,0.0,0.0,0.984375,0.015625,0.0,0.0,0.0,0.0,0.0,0.0
6,4,0.0,0.0,0.0,0.0,0.984375,0.015625,0.0,0.0,0.0,0.0,0.0,0.0
6,4,0.0,0.0,0.0,0.0,0.984375,0.015625,0.0,0.0,0.0,0.0,0.0,0.0
6,4,0.0,0.0,0.0,0.0,0.984375,0.015625,0.0,0.0,0.0,0.0,0.0,0.0
6,4,0.0,0.0,0.0,0.0,0.984375,0.015625,0.0,0.0,0.0,0.0,0.0,0.0
6,4,0.0,0.0,0.0,0.0,0.984375,0.015625,0.0,0.0,0.0,0.0,0.0,0.0
6,4,0.0,0.0,0.0,0.03125,0.9375,0.03125,0.0,0.0,0.0,0.0,0.0,0.0
6,4,0.0,0.0,0.0,0.03125,0.9375,0.03125,0.0,0.0,0.0,0.0,0.0,0.0
6,4,0.0,0.0,0.0,0.03125,0.9375,0.03125,0.0,0.0,0.0,0.0,0.0,0.0
6,4,0.0,0.0,0.0,0.03125,0.9375,0.03125,0.0,0.0,0.0,0.0,0.0,0.0
6,4,0.0,0.0,0.0,0.03125,0.9375,0.03125,0.0,0.0,0.0,0.0,0.0,0.0
6,4,0.0,0.0,0.0,0.03125,0.9375,0.03125,0.0,0.0,0.0,0.0,0.0,0.0
6,4,0.0,0.0,0.0,0.03125,0.9375,0.03125,0.0,0.0,0.0,0.0,0.0,0.0
6,4,0.0,0.0,0.0,0.03125,0.9375,0.03125,0.0,0.0,0.0,0.0,0.0,0.0
6,4,0.0,0.0,0.0,0.03125,0.9375,0.03125,0.0,0.0,0.0,0.0,0.0,0.0
6,4,0.0,0.0,0.0,0.03125,0.9375,0.03125,0.0,0.0,0.0,0.0,0.0,0.0
6,4,0.0,0.0,0.0,0.03125,0.9375,0.03125,0.0,0.0,0.0,0.0,0.0,0.0
6,4,0.0,0.0,0.0,0.03125,0.9375,0.03125,0.0,0.0,0.0,0.0,0.0,0.0
6,4,0.0,0.0,0.0,0.03125,0.9375,0.03125,0.0,0.0,0.0,0.0,0.0,0.0
6,4,0.0,0.0,0.0,0.03125,0.9375,0.03125,0.0,0.0,0.0,0.0,0.0,0.0
6,4,0.0,0.0,0.0,0.03125,0.9375,0.03125,0.0,0.0,0.0,0.0,0.0,0.0
6,4,0.0,0.0,0.0,0.03125,0.9375,0.03125,0.0,0.0,0.0,0.0,0.0,0.0
6,4,0.0,0.0,0.0,0.03125,0.9375,0.03125,0.0,0.0,0.0,0.0,0.0,0.0
6,4,0.0,0.0,0.0,0.03125,0.9375,0.03125,0.0,0.0,0.0,0.0,0.0,0.0
6,4,0.0,0.0,0.0,0.03125,0.9375,0.03125,0.0,0.0,0.0,0.0,0.0,0.0
6,4,0.0,0.0,0.0,0.03125,0.9375,0.03125,0.0,0.0,0.0,0.0,0.0,0.0
6,4,0.0,0.0,0.0,0.03125,0.9375,0.03125,0.0,0.0,0.0,0.0,0.0,0.0
6,4,0.0,0.0,0.0,0.03125,0.9375,0.03125,0.0,0.0,0.0,0.0,0.0,0.0
6,4,0.0,0.0,0.0,0.03125,0.9375,0.03125,0.0,0.0,0.0,0.0,0.0,0.0
6,4,0.0,0.0,0.0,0.03125,0.9375,0.03125,0.0,0.0,0.0,0.0,0.0,0.0
6,4,0.0,0.0,0.015625,0.046875,0.875,0.046875,0.0,0.015625,0.0,0.0,0.0,0.0
6,4,0.0,0.0,0.015625,0.046875,0.875,0.046875,0.0,0.015625,0.0,0.0,0.0,0.0
6,4,0.0,0.0,0.015625,0.046875,0.875,0.046875,0.0,0.015625,0.0,0.0,0.0,0.0
6,4,0.0,0.0,0.015625,0.046875,0.875,0.046875,0.0,0.015625,0.0,0.0,0.0,0.0
6,4,0.0,0.0,0.015625,0.046875,0.875,0.046875,0.0,0.015625,0.0,0.0,0.0,0.0
6,4,0.0,0.0,0.015625,0.046875,0.875,0.046875,0.0,0.015625,0.0,0.0,0.0,0.0
6,4,0.0,0.0,0.015625,0.046875,0.875,0.046875,0.0,0.015625,0.0,0.0,0.0,0.0
6,4,0.0,0.0,0.015625,0.046875,0.875,0.046875,0.0,0.015625,0.0,0.0,0.0,0.0
6,4,0.0,0.0,0.015625,0.046875,0.875,0.046875,0.0,0.015625,0.0,0.0,0.0,0.0
6,4,0.0,0.0,0.015625,0.046875,0.875,0.046875,0.0,0.015625,0.0,0.0,0.0,0.0
6,4,0.0,0.0,0.015625,0.046875,0.875,0.046875,0.0,0.015625,0.0,0.0,0.0,0.0
6,4,0.0,0.0,0.015625,0.046875,0.875,0.046875,0.0,0.015625,0.0,0.0,0.0,0.0
6,4,0.0,0.0,0.015625,0.046875,0.875,0.046875,0.0,0.015625,0.0,0.0,0.0,0.0
6,4,0.0,0.0,0.015625,0.046875,0.875,0.046875,0.0,0.015625,0.0,0.0,0.0,0.0
6,4,0.0,0.0,0.015625,0.046875,0.875,0.046875,0.0,0.015625,0.0,0.0,0.0,0.0
6,4,0.0,0.0,0.015625,0.046875,0.875,0.046875,0.0,0.015625,0.0,0.0,0.0,0.0
6,4,0.0,0.015625,0.015625,0.046875,0.859375,0.046875,0.0,0.015625,0.0,0.0,0.0,0.0
6,4,0.0,0.015625,0.015625,0.046875,0.859375,0.046875,0.0,0.015625,0.0,0.0,0.0,0.0
6,4,0.0,0.015625,0.015625,0.046875,0.859375,0.046875,0.0,0.015625,0.0,0.0,0.0,0.0
6,4,0.0,0.015625,0.015625,0.046875,0.859375,0.046875,0.0,0.015625,0.0,0.0,0.0,0.0
6,4,0.0,0.015625,0.015625,0.046875,0.84375,0.046875,0.015625,0.015625,0.0,0.0,0.0,0.0
6,4,0.0,0.015625,0.015625,0.046875,0.84375,0.046875,0.015625,0.015625,0.0,0.0,0.0,0.0
6,4,0.0,0.015625,0.015625,0.046875,0.84375,0.046875,0.015625,0.015625,0.0,0.0,0.0,0.0
6,4,0.0,0.015625,0.015625,0.046875,0.84375,0.046875,0.015625,0.015625,0.0,0.0,0.0,0.0
6,4,0.0,0.015625,0.015625,0.046875,0.84375,0.046875,0.015625,0.015625,0.0,0.0,0.0,0.0
6,4,0.0,0.015625,0.015625,0.046875,0.84375,0.046875,0.015625,0.015625,0.0,0.0,0.0,0.0
6,4,0.0,0.015625,0.015625,0.046875,0.84375,0.046875,0.015625,0.015625,0.0,0.0,0.0,0.0
6,4,0.0,0.015625,0.015625,0.046875,0.84375,0.046875,0.015625,0.015625,0.0,0.0,0.0,0.0
6,4,0.0,0.015625,0.015625,0.046875,0.84375,0.046875,0.015625,0.015625,0.0,0.0,0.0,0.0
6,4,0.0,0.015625,0.015625,0.046875,0.84375,0.046875,0.015625,0.015625,0.0,0.0,0.0,0.0
6,4,0.0,0.015625,0.015625,0.046875,0.84375,0.046875,0.015625,0.015625,0.0,0.0,0.0,0.0
6,4,0.0,0.015625,0.015625,0.046875,0.84375,0.046875,0.015625,0.015625,0.0,0.0,0.0,0.0
6,4,0.0,0.015625,0.015625,0.046875,0.84375,0.046875,0.015625,0.015625,0.0,0.0,0.0,0.0
6,4,0.0,0.015625,0.015625,0.046875,0.84375,0.046875,0.015625,0.015625,0.0,0.0,0.0,0.0
6,4,0.0,0.015625,0.015625,0.046875,0.828125,0.0625,0.015625,0.015625,0.0,0.0,0.0,0.0
6,4,0.0,0.015625,0.015625,0.046875,0.828125,0.0625,0.015625,0.015625,0.0,0.0,0.0,0.0
6,4,0.0,0.015625,0.015625,0.046875,0.828125,0.0625,0.015625,0.015625,0.0,0.0,0.0,0.0
6,4,0.0,0.015625,0.015625,0.046875,0.828125,0.0625,0.015625,0.015625,0.0,0.0,0.0,0.0
6,4,0.0,0.015625,0.015625,0.046875,0.828125,0.0625,0.015625,0.015625,0.0,0.0,0.0,0.0
6,4,0.0,0.015625,0.015625,0.046875,0.828125,0.0625,0.015625,0.015625,0.0,0.0,0.0,0.0
6,4,0.0,0.015625,0.015625,0.046875,0.828125,0.0625,0.015625,0.015625,0.0,0.0,0.0,0.0
6,4,0.0,0.015625,0.015625,0.046875,0.828125,0.0625,0.015625,0.015625,0.0,0.0,0.0,0.0
6,4,0.0,0.015625,0.015625,0.046875,0.828125,0.0625,0.015625,0.015625,0.0,0.0,0.0,0.0
6,4,0.0,0.015625,0.015625,0.046875,0.828125,0.0625,0.015625,0.015625,0.0,0.0,0.0,0.0
6,4,0.0,0.015625,0.015625,0.046875,0.828125,0.0625,0.015625,0.015625,0.0,0.0,0.0,0.0
6,4,0.0,0.015625,0.015625,0.046875,0.828125,0.0625,0.015625,0.015625,0.0,0.0,0.0,0.0
6,4,0.0,0.015625,0.015625,0.046875,0.828125,0.0625,0.015625,0.015625,0.0,0.0,0.0,0.0
6,4,0.0,0.015625,0.015625,0.046875,0.828125,0.0625,0.015625,0.015625,0.0,0.0,0.0,0.0
6,4,0.0,0.015625,0.015625,0.046875,0.78125,0.109375,0.015625,0.015625,0.0,0.0,0.0,0.0
6,4,0.0,0.015625,0.015625,0.046875,0.78125,0.109375,0.015625,0.015625,0.0,0.0,0.0,0.0
6,4,0.0,0.015625,0.015625,0.046875,0.78125,0.109375,0.015625,0.015625,0.0,0.0,0.0,0.0
6,4,0.0,0.015625,0.015625,0.046875,0.78125,0.109375,0.015625,0.015625,0.0,0.0,0.0,0.0
6,4,0.0,0.015625,0.015625,0.046875,0.75,0.140625,0.015625,0.015625,0.0,0.0,0.0,0.0
6,4,0.0,0.0,0.015625,0.046875,0.75,0.15625,0.015625,0.015625,0.0,0.0,0.0,0.0
6,4,0.0,0.0,0.015625,0.046875,0.75,0.15625,0.015625,0.015625,0.0,0.0,0.0,0.0
6,4,0.0,0.0,0.015625,0.046875,0.75,0.15625,0.015625,0.015625,0.0,0.0,0.0,0.0
6,4,0.0,0.0,0.015625,0.046875,0.75,0.15625,0.015625,0.015625,0.0,0.0,0.0,0.0
6,4,0.0,0.0,0.015625,0.046875,0.75,0.15625,0.015625,0.015625,0.0,0.0,0.0,0.0
6,4,0.0,0.0,0.015625,0.046875,0.75,0.15625,0.015625,0.015625,0.0,0.0,0.0,0.0
6,4,0.0,0.0,0.015625,0.046875,0.75,0.15625,0.015625,0.015625,0.0,0.0,0.0,0.0
6,4,0.0,0.0,0.015625,0.0625,0.734375,0.15625,0.015625,0.015625,0.0,0.0,0.0,0.0
6,4,0.0,0.0,0.015625,0.0625,0.734375,0.15625,0.015625,0.015625,0.0,0.0,0.0,0.0
6,4,0.0,0.0,0.015625,0.0625,0.734375,0.15625,0.015625,0.015625,0.0,0.0,0.0,0.0
6,4,0.0,0.0,0.015625,0.0625,0.734375,0.15625,0.015625,0.015625,0.0,0.0,0.0,0.0
6,4,0.0,0.0,0.015625,0.0625,0.734375,0.15625,0.015625,0.015625,0.0,0.0,0.0,0.0
6,4,0.0,0.0,0.015625,0.0625,0.734375,0.15625,0.015625,0.015625,0.0,0.0,0.0,0.0
6,4,0.0,0.0,0.015625,0.0625,0.734375,0.15625,0.015625,0.015625,0.0,0.0,0.0,0.0
6,4,0.0,0.0,0.015625,0.0625,0.734375,0.15625,0.015625,0.015625,0.0,0.0,0.0,0.0
6,4,0.0,0.0,0.015625,0.0625,0.734375,0.15625,0.015625,0.015625,0.0,0.0,0.0,0.0
6,4,0.0,0.0,0.015625,0.0625,0.734375,0.15625,0.015625,0.015625,0.0,0.0,0.0,0.0
6,4,0.0,0.0,0.015625,0.0625,0.734375,0.15625,0.015625,0.015625,0.0,0.0,0.0,0.0
6,4,0.0,0.0,0.015625,0.0625,0.734375,0.15625,0.015625,0.015625,0.0,0.0,0.0,0.0
6,4,0.0,0.0,0.015625,0.0625,0.734375,0.15625,0.015625,0.015625,0.0,0.0,0.0,0.0
6,4,0.0,0.0,0.015625,0.0625,0.734375,0.15625,0.015625,0.015625,0.0,0.0,0.0,0.0
6,4,0.0,0.0,0.015625,0.0625,0.734375,0.15625,0.015625,0.015625,0.0,0.0,0.0,0.0
6,4,0.0,0.0,0.015625,0.0625,0.734375,0.15625,0.015625,0.015625,0.0,0.0,0.0,0.0
6,4,0.0,0.0,0.015625,0.0625,0.71875,0.171875,0.015625,0.015625,0.0,0.0,0.0,0.0
6,4,0.0,0.0,0.015625,0.0625,0.71875,0.171875,0.015625,0.015625,0.0,0.0,0.0,0.0
6,4,0.0,0.0,0.015625,0.0625,0.703125,0.1875,0.015625,0.015625,0.0,0.0,0.0,0.0
6,4,0.0,0.0,0.015625,0.0625,0.703125,0.1875,0.015625,0.015625,0.0,0.0,0.0,0.0
6,4,0.0,0.0,0.015625,0.0625,0.703125,0.1875,0.015625,0.015625,0.0,0.0,0.0,0.0
6,4,0.0,0.0,0.015625,0.0625,0.6875,0.203125,0.015625,0.015625,0.0,0.0,0.0,0.0
6,4,0.0,0.0,0.015625,0.0625,0.6875,0.203125,0.015625,0.015625,0.0,0.0,0.0,0.0
6,4,0.0,0.0,0.015625,0.0625,0.6875,0.203125,0.015625,0.015625,0.0,0.0,0.0,0.0
6,4,0.0,0.0,0.015625,0.0625,0.6875,0.203125,0.015625,0.015625,0.0,0.0,0.0,0.0
6,4,0.0,0.0,0.015625,0.0625,0.6875,0.203125,0.015625,0.015625,0.0,0.0,0.0,0.0
6,4,0.0,0.0,0.015625,0.0625,0.6875,0.203125,0.015625,0.015625,0.0,0.0,0.0,0.0
6,4,0.0,0.0,0.015625,0.0625,0.6875,0.203125,0.015625,0.015625,0.0,0.0,0.0,0.0
6,4,0.0,0.0,0.015625,0.078125,0.625,0.25,0.015625,0.015625,0.0,0.0,0.0,0.0
6,4,0.0,0.0,0.015625,0.078125,0.625,0.25,0.015625,0.015625,0.0,0.0,0.0,0.0
6,4,0.0,0.0,0.015625,0.078125,0.625,0.25,0.015625,0.015625,0.0,0.0,0.0,0.0
6,4,0.0,0.0,0.015625,0.078125,0.625,0.25,0.015625,0.015625,0.0,0.0,0.0,0.0
6,4,0.0,0.0,0.015625,0.078125,0.625,0.25,0.015625,0.015625,0.0,0.0,0.0,0.0
6,4,0.0,0.0,0.015625,0.078125,0.609375,0.265625,0.015625,0.015625,0.0,0.0,0.0,0.0
6,4,0.0,0.0,0.015625,0.078125,0.609375,0.265625,0.015625,0.015625,0.0,0.0,0.0,0.0
6,4,0.0,0.0,0.015625,0.078125,0.609375,0.265625,0.015625,0.015625,0.0,0.0,0.0,0.0
6,4,0.0,0.0,0.015625,0.078125,0.53125,0.34375,0.015625,0.015625,0.0,0.0,0.0,0.0
6,4,0.0,0.0,0.015625,0.078125,0.53125,0.34375,0.015625,0.015625,0.0,0.0,0.0,0.0
6,4,0.0,0.0,0.015625,0.078125,0.53125,0.34375,0.015625,0.015625,0.0,0.0,0.0,0.0
6,4,0.0,0.0,0.015625,0.078125,0.53125,0.34375,0.015625,0.015625,0.0,0.0,0.0,0.0
6,4,0.0,0.0,0.015625,0.078125,0.53125,0.34375,0.015625,0.015625,0.0,0.0,0.0,0.0
6,4,0.0,0.0,0.015625,0.078125,0.53125,0.34375,0.015625,0.015625,0.0,0.0,0.0,0.0
6,4,0.015625,0.0,0.015625,0.078125,0.5,0.359375,0.015625,0.015625,0.0,0.0,0.0,0.0
6,4,0.015625,0.0,0.015625,0.078125,0.5,0.359375,0.015625,0.015625,0.0,0.0,0.0,0.0
6,4,0.015625,0.0,0.015625,0.078125,0.5,0.359375,0.015625,0.015625,0.0,0.0,0.0,0.0
6,4,0.015625,0.0,0.015625,0.078125,0.5,0.359375,0.015625,0.015625,0.0,0.0,0.0,0.0
6,4,0.015625,0.0,0.015625,0.078125,0.5,0.359375,0.015625,0.015625,0.0,0.0,0.0,0.0
6,4,0.015625,0.0,0.015625,0.078125,0.5,0.359375,0.015625,0.015625,0.0,0.0,0.0,0.0
6,4,0.015625,0.0,0.015625,0.09375,0.46875,0.359375,0.015625,0.03125,0.0,0.0,0.0,0.0
6,4,0.015625,0.0,0.015625,0.09375,0.46875,0.359375,0.015625,0.03125,0.0,0.0,0.0,0.0
6,4,0.015625,0.0,0.015625,0.09375,0.46875,0.359375,0.015625,0.03125,0.0,0.0,0.0,0.0
6,4,0.015625,0.0,0.015625,0.09375,0.46875,0.359375,0.015625,0.03125,0.0,0.0,0.0,0.0
6,4,0.015625,0.0,0.015625,0.09375,0.46875,0.359375,0.015625,0.03125,0.0,0.0,0.0,0.0
6,4,0.015625,0.0,0.015625,0.09375,0.46875,0.359375,0.015625,0.03125,0.0,0.0,0.0,0.0
6,4,0.015625,0.0,0.015625,0.09375,0.4375,0.390625,0.015625,0.03125,0.0,0.0,0.0,0.0
6,4,0.015625,0.0,0.015625,0.09375,0.4375,0.390625,0.015625,0.03125,0.0,0.0,0.0,0.0
6,4,0.015625,0.0,0.015625,0.09375,0.4375,0.390625,0.015625,0.03125,0.0,0.0,0.0,0.0
6,4,0.015625,0.0,0.015625,0.09375,0.4375,0.390625,0.015625,0.03125,0.0,0.0,0.0,0.0
6,4,0.015625,0.0,0.015625,0.09375,0.4375,0.390625,0.015625,0.03125,0.0,0.0,0.0,0.0
6,4,0.015625,0.0,0.015625,0.09375,0.4375,0.390625,0.015625,0.03125,0.0,0.0,0.0,0.0
6,5,0.015625,0.0,0.015625,0.09375,0.375,0.453125,0.015625,0.03125,0.0,0.0,0.0,0.0
6,5,0.015625,0.0,0.015625,0.09375,0.375,0.453125,0.015625,0.03125,0.0,0.0,0.0,0.0
6,5,0.015625,0.0,0.015625,0.09375,0.375,0.453125,0.015625,0.03125,0.0,0.0,0.0,0.0
6,5,0.015625,0.0,0.015625,0.09375,0.375,0.453125,0.015625,0.03125,0.0,0.0,0.0,0.0
6,5,0.015625,0.0,0.015625,0.09375,0.375,0.453125,0.015625,0.03125,0.0,0.0,0.0,0.0
6,5,0.015625,0.0,0.015625,0.109375,0.359375,0.453125,0.015625,0.03125,0.0,0.0,0.0,0.0
6,5,0.015625,0.0,0.015625,0.109375,0.34375,0.46875,0.015625,0.03125,0.0,0.0,0.0,0.0
6,5,0.015625,0.0,0.015625,0.109375,0.34375,0.46875,0.015625,0.03125,0.0,0.0,0.0,0.0
6,5,0.015625,0.0,0.015625,0.109375,0.265625,0.53125,0.03125,0.03125,0.0,0.0,0.0,0.0
6,5,0.015625,0.0,0.015625,0.109375,0.265625,0.53125,0.03125,0.03125,0.0,0.0,0.0,0.0
6,5,0.015625,0.0,0.015625,0.109375,0.265625,0.53125,0.03125,0.03125,0.0,0.0,0.0,0.0
6,5,0.015625,0.0,0.015625,0.109375,0.265625,0.53125,0.03125,0.03125,0.0,0.0,0.0,0.0
6,5,0.015625,0.0,0.015625,0.109375,0.265625,0.53125,0.03125,0.03125,0.0,0.0,0.0,0.0
6,5,0.015625,0.0,0.015625,0.109375,0.265625,0.53125,0.03125,0.03125,0.0,0.0,0.0,0.0
6,5,0.015625,0.0,0.015625,0.109375,0.265625,0.53125,0.03125,0.03125,0.0,0.0,0.0,0.0
6,5,0.015625,0.0,0.015625,0.109375,0.265625,0.53125,0.03125,0.03125,0.0,0.0,0.0,0.0
6,5,0.015625,0.0,0.015625,0.109375,0.234375,0.5625,0.03125,0.03125,0.0,0.0,0.0,0.0
6,5,0.015625,0.0,0.015625,0.109375,0.234375,0.5625,0.03125,0.03125,0.0,0.0,0.0,0.0
6,5,0.015625,0.0,0.015625,0.109375,0.21875,0.578125,0.03125,0.03125,0.0,0.0,0.0,0.0
6,5,0.015625,0.0,0.015625,0.109375,0.21875,0.578125,0.03125,0.03125,0.0,0.0,0.0,0.0
6,5,0.015625,0.0,0.015625,0.109375,0.21875,0.578125,0.03125,0.03125,0.0,0.0,0.0,0.0
6,5,0.015625,0.0,0.015625,0.109375,0.21875,0.578125,0.03125,0.03125,0.0,0.0,0.0,0.0
6,5,0.015625,0.0,0.015625,0.109375,0.21875,0.578125,0.03125,0.03125,0.0,0.0,0.0,0.0
6,5,0.015625,0.0,0.015625,0.109375,0.21875,0.578125,0.03125,0.03125,0.0,0.0,0.0,0.0
6,5,0.015625,0.0,0.015625,0.109375,0.1875,0.625,0.015625,0.03125,0.0,0.0,0.0,0.0
6,5,0.015625,0.0,0.015625,0.109375,0.1875,0.625,0.015625,0.03125,0.0,0.0,0.0,0.0
6,5,0.015625,0.0,0.015625,0.109375,0.1875,0.625,0.015625,0.03125,0.0,0.0,0.0,0.0
6,5,0.015625,0.0,0.015625,0.109375,0.1875,0.625,0.015625,0.03125,0.0,0.0,0.0,0.0
6,5,0.015625,0.0,0.015625,0.109375,0.1875,0.625,0.015625,0.03125,0.0,0.0,0.0,0.0
6,5,0.015625,0.0,0.015625,0.109375,0.1875,0.625,0.015625,0.03125,0.0,0.0,0.0,0.0
6,5,0.015625,0.0,0.015625,0.109375,0.1875,0.625,0.015625,0.03125,0.0,0.0,0.0,0.0
6,5,0.015625,0.0,0.015625,0.109375,0.1875,0.625,0.015625,0.03125,0.0,0.0,0.0,0.0
6,5,0.015625,0.0,0.015625,0.109375,0.171875,0.640625,0.015625,0.03125,0.0,0.0,0.0,0.0
6,5,0.015625,0.0,0.015625,0.109375,0.171875,0.640625,0.015625,0.03125,0.0,0.0,0.0,0.0
6,5,0.015625,0.0,0.015625,0.109375,0.171875,0.640625,0.015625,0.03125,0.0,0.0,0.0,0.0
6,5,0.015625,0.0,0.015625,0.109375,0.171875,0.640625,0.015625,0.03125,0.0,0.0,0.0,0.0
6,5,0.015625,0.0,0.015625,0.109375,0.15625,0.65625,0.015625,0.03125,0.0,0.0,0.0,0.0
6,5,0.015625,0.0,0.015625,0.109375,0.15625,0.65625,0.015625,0.03125,0.0,0.0,0.0,0.0
6,5,0.015625,0.0,0.015625,0.109375,0.15625,0.65625,0.015625,0.03125,0.0,0.0,0.0,0.0
6,5,0.015625,0.0,0.015625,0.109375,0.15625,0.65625,0.015625,0.03125,0.0,0.0,0.0,0.0
6,5,0.015625,0.0,0.015625,0.109375,0.15625,0.65625,0.015625,0.03125,0.0,0.0,0.0,0.0
6,5,0.015625,0.0,0.015625,0.109375,0.15625,0.65625,0.015625,0.03125,0.0,0.0,0.0,0.0
6,5,0.015625,0.0,0.015625,0.109375,0.15625,0.65625,0.015625,0.03125,0.0,0.0,0.0,0.0
6,5,0.015625,0.0,0.015625,0.109375,0.15625,0.65625,0.015625,0.03125,0.0,0.0,0.0,0.0
6,5,0.015625,0.0,0.015625,0.109375,0.15625,0.65625,0.015625,0.03125,0.0,0.0,0.0,0.0
6,5,0.015625,0.0,0.015625,0.109375,0.15625,0.65625,0.015625,0.03125,0.0,0.0,0.0,0.0
6,5,0.015625,0.0,0.015625,0.109375,0.15625,0.65625,0.015625,0.03125,0.0,0.0,0.0,0.0
6,5,0.015625,0.0,0.015625,0.109375,0.15625,0.65625,0.015625,0.03125,0.0,0.0,0.0,0.0
6,5,0.015625,0.0,0.015625,0.109375,0.15625,0.65625,0.015625,0.03125,0.0,0.0,0.0,0.0
6,5,0.015625,0.0,0.015625,0.109375,0.15625,0.65625,0.015625,0.03125,0.0,0.0,0.0,0.0
6,5,0.015625,0.0,0.015625,0.109375,0.15625,0.65625,0.015625,0.03125,0.0,0.0,0.0,0.0
6,5,0.015625,0.0,0.015625,0.109375,0.15625,0.65625,0.015625,0.03125,0.0,0.0,0.0,0.0
6,5,0.015625,0.0,0.015625,0.109375,0.15625,0.65625,0.015625,0.03125,0.0,0.0,0.0,0.0
6,5,0.015625,0.0,0.015625,0.109375,0.15625,0.65625,0.015625,0.03125,0.0,0.0,0.0,0.0
6,5,0.015625,0.0,0.015625,0.109375,0.15625,0.65625,0.015625,0.03125,0.0,0.0,0.0,0.0
6,5,0.015625,0.0,0.015625,0.109375,0.15625,0.65625,0.015625,0.03125,0.0,0.0,0.0,0.0
6,5,0.015625,0.0,0.015625,0.109375,0.15625,0.65625,0.015625,0.03125,0.0,0.0,0.0,0.0
6,5,0.015625,0.0,0.015625,0.109375,0.15625,0.65625,0.015625,0.03125,0.0,0.0,0.0,0.0
6,5,0.015625,0.0,0.015625,0.109375,0.15625,0.65625,0.015625,0.03125,0.0,0.0,0.0,0.0
6,5,0.015625,0.0,0.015625,0.109375,0.15625,0.65625,0.015625,0.03125,0.0,0.0,0.0,0.0
6,5,0.015625,0.0,0.015625,0.109375,0.15625,0.65625,0.015625,0.03125,0.0,0.0,0.0,0.0
6,5,0.015625,0.0,0.015625,0.109375,0.15625,0.65625,0.015625,0.03125,0.0,0.0,0.0,0.0
6,5,0.015625,0.0,0.015625,0.109375,0.15625,0.65625,0.015625,0.03125,0.0,0.0,0.0,0.0
6,5,0.015625,0.0,0.015625,0.109375,0.15625,0.65625,0.015625,0.03125,0.0,0.0,0.0,0.0
6,5,0.015625,0.0,0.015625,0.109375,0.15625,0.65625,0.015625,0.03125,0.0,0.0,0.0,0.0
6,5,0.015625,0.0,0.015625,0.109375,0.15625,0.65625,0.015625,0.03125,0.0,0.0,0.0,0.0
6,5,0.015625,0.0,0.015625,0.109375,0.15625,0.65625,0.015625,0.03125,0.0,0.0,0.0,0.0
6,5,0.015625,0.0,0.015625,0.109375,0.15625,0.65625,0.015625,0.03125,0.0,0.0,0.0,0.0
6,5,0.015625,0.0,0.015625,0.109375,0.15625,0.65625,0.015625,0.03125,0.0,0.0,0.0,0.0
6,5,0.015625,0.0,0.015625,0.109375,0.15625,0.65625,0.015625,0.03125,0.0,0.0,0.0,0.0
6,5,0.015625,0.0,0.015625,0.109375,0.15625,0.65625,0.015625,0.03125,0.0,0.0,0.0,0.0
6,5,0.015625,0.0,0.015625,0.109375,0.15625,0.65625,0.015625,0.03125,0.0,0.0,0.0,0.0
6,5,0.015625,0.0,0.015625,0.109375,0.15625,0.671875,0.015625,0.015625,0.0,0.0,0.0,0.0
6,5,0.015625,0.0,0.015625,0.109375,0.15625,0.671875,0.015625,0.015625,0.0,0.0,0.0,0.0
6,5,0.015625,0.0,0.015625,0.109375,0.140625,0.671875,0.03125,0.015625,0.0,0.0,0.0,0.0
6,5,0.015625,0.0,0.015625,0.109375,0.140625,0.671875,0.03125,0.015625,0.0,0.0,0.0,0.0
6,5,0.015625,0.0,0.015625,0.109375,0.140625,0.671875,0.03125,0.015625,0.0,0.0,0.0,0.0
6,5,0.015625,0.0,0.015625,0.109375,0.140625,0.671875,0.03125,0.015625,0.0,0.0,0.0,0.0
6,5,0.015625,0.0,0.015625,0.109375,0.140625,0.671875,0.03125,0.015625,0.0,0.0,0.0,0.0
6,5,0.015625,0.0,0.015625,0.109375,0.140625,0.671875,0.03125,0.015625,0.0,0.0,0.0,0.0
6,5,0.015625,0.0,0.015625,0.09375,0.140625,0.6875,0.03125,0.015625,0.0,0.0,0.0,0.0
6,5,0.015625,0.0,0.015625,0.09375,0.140625,0.6875,0.03125,0.015625,0.0,0.0,0.0,0.0
6,5,0.015625,0.0,0.015625,0.09375,0.140625,0.6875,0.03125,0.015625,0.0,0.0,0.0,0.0
6,5,0.015625,0.0,0.015625,0.09375,0.140625,0.6875,0.03125,0.015625,0.0,0.0,0.0,0.0
6,5,0.015625,0.0,0.015625,0.09375,0.140625,0.6875,0.03125,0.015625,0.0,0.0,0.0,0.0
6,5,0.015625,0.0,0.015625,0.09375,0.140625,0.6875,0.03125,0.015625,0.0,0.0,0.0,0.0
6,5,0.015625,0.0,0.015625,0.09375,0.140625,0.6875,0.03125,0.015625,0.0,0.0,0.0,0.0
6,5,0.015625,0.0,0.015625,0.09375,0.140625,0.6875,0.03125,0.015625,0.0,0.0,0.0,0.0
6,5,0.015625,0.0,0.0,0.09375,0.1875,0.671875,0.03125,0.0,0.0,0.0,0.0,0.0
6,5,0.015625,0.0,0.0,0.09375,0.1875,0.671875,0.03125,0.0,0.0,0.0,0.0,0.0
6,5,0.015625,0.0,0.0,0.09375,0.1875,0.671875,0.03125,0.0,0.0,0.0,0.0,0.0
6,5,0.015625,0.0,0.0,0.09375,0.1875,0.671875,0.03125,0.0,0.0,0.0,0.0,0.0
6,5,0.015625,0.0,0.0,0.09375,0.1875,0.671875,0.03125,0.0,0.0,0.0,0.0,0.0
6,5,0.015625,0.0,0.0,0.09375,0.1875,0.671875,0.03125,0.0,0.0,0.0,0.0,0.0
6,5,0.015625,0.0,0.0,0.09375,0.1875,0.671875,0.03125,0.0,0.0,0.0,0.0,0.0
6,5,0.015625,0.0,0.0,0.09375,0.1875,0.671875,0.03125,0.0,0.0,0.0,0.0,0.0
6,5,0.015625,0.0,0.0,0.09375,0.203125,0.65625,0.03125,0.0,0.0,0.0,0.0,0.0
6,5,0.015625,0.0,0.0,0.09375,0.203125,0.65625,0.03125,0.0,0.0,0.0,0.0,0.0
6,5,0.015625,0.0,0.0,0.09375,0.203125,0.65625,0.03125,0.0,0.0,0.0,0.0,0.0
6,5,0.015625,0.0,0.0,0.09375,0.203125,0.65625,0.03125,0.0,0.0,0.0,0.0,0.0
6,5,0.015625,0.0,0.0,0.09375,0.203125,0.65625,0.03125,0.0,0.0,0.0,0.0,0.0
6,5,0.015625,0.0,0.0,0.09375,0.203125,0.65625,0.03125,0.0,0.0,0.0,0.0,0.0
6,5,0.015625,0.0,0.0,0.09375,0.203125,0.65625,0.03125,0.0,0.0,0.0,0.0,0.0
6,5,0.015625,0.0,0.0,0.09375,0.203125,0.65625,0.03125,0.0,0.0,0.0,0.0,0.0
6,5,0.015625,0.0,0.0,0.109375,0.25,0.59375,0.03125,0.0,0.0,0.0,0.0,0.0
6,5,0.015625,0.0,0.0,0.109375,0.25,0.59375,0.03125,0.0,0.0,0.0,0.0,0.0
6,5,0.015625,0.0,0.0,0.109375,0.25,0.59375,0.03125,0.0,0.0,0.0,0.0,0.0
6,5,0.015625,0.0,0.0,0.109375,0.25,0.59375,0.03125,0.0,0.0,0.0,0.0,0.0
6,5,0.0,0.0,0.0,0.109375,0.265625,0.59375,0.03125,0.0,0.0,0.0,0.0,0.0
6,5,0.0,0.0,0.0,0.109375,0.265625,0.59375,0.03125,0.0,0.0,0.0,0.0,0.0
6,5,0.0,0.0,0.0,0.109375,0.265625,0.59375,0.03125,0.0,0.0,0.0,0.0,0.0
6,5,0.0,0.0,0.0,0.109375,0.265625,0.59375,0.03125,0.0,0.0,0.0,0.0,0.0
6,5,0.0,0.0,0.0,0.109375,0.265625,0.59375,0.03125,0.0,0.0,0.0,0.0,0.0
6,5,0.0,0.0,0.0,0.109375,0.265625,0.59375,0.03125,0.0,0.0,0.0,0.0,0.0
6,5,0.0,0.0,0.0,0.109375,0.28125,0.578125,0.03125,0.0,0.0,0.0,0.0,0.0
6,5,0.0,0.0,0.0,0.109375,0.28125,0.578125,0.03125,0.0,0.0,0.0,0.0,0.0
6,5,0.0,0.0,0.0,0.109375,0.28125,0.578125,0.03125,0.0,0.0,0.0,0.0,0.0
6,5,0.0,0.0,0.0,0.109375,0.28125,0.578125,0.03125,0.0,0.0,0.0,0.0,0.0
6,5,0.0,0.0,0.0,0.109375,0.28125,0.578125,0.03125,0.0,0.0,0.0,0.0,0.0
6,5,0.0,0.0,0.0,0.109375,0.28125,0.578125,0.03125,0.0,0.0,0.0,0.0,0.0
6,5,0.0,0.0,0.0,0.109375,0.328125,0.53125,0.03125,0.0,0.0,0.0,0.0,0.0
6,5,0.0,0.0,0.0,0.109375,0.328125,0.53125,0.03125,0.0,0.0,0.0,0.0,0.0
6,5,0.0,0.0,0.0,0.109375,0.328125,0.53125,0.03125,0.0,0.0,0.0,0.0,0.0
6,5,0.0,0.0,0.0,0.109375,0.328125,0.53125,0.03125,0.0,0.0,0.0,0.0,0.0
6,5,0.0,0.0,0.0,0.109375,0.328125,0.53125,0.03125,0.0,0.0,0.0,0.0,0.0
6,5,0.0,0.0,0.0,0.109375,0.328125,0.53125,0.03125,0.0,0.0,0.0,0.0,0.0
6,5,0.0,0.0,0.0,0.109375,0.34375,0.515625,0.03125,0.0,0.0,0.0,0.0,0.0
6,5,0.0,0.0,0.0,0.109375,0.34375,0.515625,0.03125,0.0,0.0,0.0,0.0,0.0
6,5,0.0,0.0,0.0,0.109375,0.34375,0.515625,0.03125,0.0,0.0,0.0,0.0,0.0
6,5,0.0,0.0,0.0,0.109375,0.34375,0.515625,0.03125,0.0,0.0,0.0,0.0,0.0
6,5,0.0,0.0,0.0,0.109375,0.34375,0.515625,0.03125,0.0,0.0,0.0,0.0,0.0
6,5,0.0,0.0,0.0,0.09375,0.359375,0.515625,0.03125,0.0,0.0,0.0,0.0,0.0
6,5,0.0,0.0,0.0,0.09375,0.359375,0.515625,0.03125,0.0,0.0,0.0,0.0,0.0
6,5,0.0,0.0,0.0,0.09375,0.359375,0.515625,0.03125,0.0,0.0,0.0,0.0,0.0
6,5,0.0,0.0,0.0,0.09375,0.359375,0.515625,0.03125,0.0,0.0,0.0,0.0,0.0
6,5,0.0,0.0,0.0,0.09375,0.359375,0.515625,0.03125,0.0,0.0,0.0,0.0,0.0
6,4,0.0,0.0,0.0,0.09375,0.4375,0.4375,0.03125,0.0,0.0,0.0,0.0,0.0
6,4,0.0,0.0,0.0,0.09375,0.4375,0.4375,0.03125,0.0,0.0,0.0,0.0,0.0
6,4,0.0,0.0,0.0,0.09375,0.4375,0.4375,0.03125,0.0,0.0,0.0,0.0,0.0
6,4,0.0,0.0,0.0,0.09375,0.4375,0.4375,0.03125,0.0,0.0,0.0,0.0,0.0
6,4,0.0,0.0,0.0,0.09375,0.4375,0.4375,0.03125,0.0,0.0,0.0,0.0,0.0
6,4,0.0,0.0,0.0,0.09375,0.4375,0.4375,0.03125,0.0,0.0,0.0,0.0,0.0
6,4,0.0,0.0,0.0,0.09375,0.4375,0.4375,0.03125,0.0,0.0,0.0,0.0,0.0
6,4,0.0,0.0,0.0,0.09375,0.453125,0.421875,0.03125,0.0,0.0,0.0,0.0,0.0
6,4,0.0,0.0,0.0,0.09375,0.5,0.375,0.03125,0.0,0.0,0.0,0.0,0.0
6,4,0.0,0.0,0.0,0.09375,0.5,0.375,0.03125,0.0,0.0,0.0,0.0,0.0
6,4,0.0,0.0,0.0,0.09375,0.5,0.375,0.03125,0.0,0.0,0.0,0.0,0.0
6,4,0.0,0.0,0.0,0.09375,0.5,0.375,0.03125,0.0,0.0,0.0,0.0,0.0
6,4,0.0,0.0,0.0,0.09375,0.515625,0.359375,0.03125,0.0,0.0,0.0,0.0,0.0
6,4,0.0,0.0,0.0,0.09375,0.515625,0.359375,0.03125,0.0,0.0,0.0,0.0,0.0
6,4,0.0,0.0,0.0,0.09375,0.515625,0.359375,0.03125,0.0,0.0,0.0,0.0,0.0
6,4,0.0,0.0,0.0,0.09375,0.515625,0.359375,0.03125,0.0,0.0,0.0,0.0,0.0
6,4,0.0,0.0,0.0,0.09375,0.515625,0.359375,0.03125,0.0,0.0,0.0,0.0,0.0
6,4,0.0,0.0,0.0,0.09375,0.515625,0.359375,0.03125,0.0,0.0,0.0,0.0,0.0
6,4,0.0,0.0,0.0,0.09375,0.515625,0.359375,0.03125,0.0,0.0,0.0,0.0,0.0
6,4,0.0,0.0,0.0,0.09375,0.515625,0.359375,0.03125,0.0,0.0,0.0,0.0,0.0
6,4,0.0,0.0,0.0,0.09375,0.515625,0.359375,0.03125,0.0,0.0,0.0,0.0,0.0
6,4,0.0,0.0,0.0,0.09375,0.515625,0.359375,0.03125,0.0,0.0,0.0,0.0,0.0
6,4,0.0,0.0,0.0,0.09375,0.515625,0.359375,0.03125,0.0,0.0,0.0,0.0,0.0
6,4,0.0,0.0,0.0,0.09375,0.515625,0.359375,0.03125,0.0,0.0,0.0,0.0,0.0
6,4,0.0,0.0,0.0,0.09375,0.515625,0.359375,0.03125,0.0,0.0,0.0,0.0,0.0
6,4,0.0,0.0,0.0,0.09375,0.515625,0.359375,0.03125,0.0,0.0,0.0,0.0,0.0
6,4,0.0,0.0,0.0,0.09375,0.515625,0.359375,0.03125,0.0,0.0,0.0,0.0,0.0
6,4,0.0,0.0,0.0,0.09375,0.515625,0.359375,0.03125,0.0,0.0,0.0,0.0,0.0
6,4,0.0,0.0,0.0,0.078125,0.53125,0.359375,0.03125,0.0,0.0,0.0,0.0,0.0
6,4,0.0,0.0,0.0,0.078125,0.53125,0.359375,0.03125,0.0,0.0,0.0,0.0,0.0
6,4,0.0,0.0,0.0,0.078125,0.53125,0.359375,0.03125,0.0,0.0,0.0,0.0,0.0
6,4,0.0,0.0,0.0,0.078125,0.53125,0.359375,0.03125,0.0,0.0,0.0,0.0,0.0
6,4,0.0,0.0,0.0,0.03125,0.671875,0.265625,0.03125,0.0,0.0,0.0,0.0,0.0
6,4,0.0,0.0,0.0,0.03125,0.671875,0.265625,0.03125,0.0,0.0,0.0,0.0,0.0
6,4,0.0,0.0,0.0,0.03125,0.671875,0.265625,0.03125,0.0,0.0,0.0,0.0,0.0
6,4,0.0,0.0,0.0,0.03125,0.671875,0.265625,0.03125,0.0,0.0,0.0,0.0,0.0
6,4,0.0,0.0,0.0,0.03125,0.6875,0.265625,0.015625,0.0,0.0,0.0,0.0,0.0
6,4,0.0,0.0,0.0,0.03125,0.6875,0.265625,0.015625,0.0,0.0,0.0,0.0,0.0
6,4,0.0,0.0,0.0,0.03125,0.6875,0.265625,0.015625,0.0,0.0,0.0,0.0,0.0
6,4,0.0,0.0,0.0,0.03125,0.6875,0.265625,0.015625,0.0,0.0,0.0,0.0,0.0
6,4,0.0,0.0,0.0,0.03125,0.6875,0.265625,0.015625,0.0,0.0,0.0,0.0,0.0
6,4,0.0,0.0,0.0,0.03125,0.6875,0.265625,0.015625,0.0,0.0,0.0,0.0,0.0
6,4,0.0,0.0,0.0,0.03125,0.6875,0.265625,0.015625,0.0,0.0,0.0,0.0,0.0
6,4,0.0,0.0,0.0,0.046875,0.6875,0.25,0.015625,0.0,0.0,0.0,0.0,0.0
6,4,0.0,0.0,0.0,0.046875,0.703125,0.234375,0.015625,0.0,0.0,0.0,0.0,0.0
6,4,0.0,0.0,0.0,0.046875,0.71875,0.21875,0.015625,0.0,0.0,0.0,0.0,0.0
6,4,0.0,0.0,0.0,0.046875,0.734375,0.203125,0.015625,0.0,0.0,0.0,0.0,0.0
6,4,0.0,0.0,0.0,0.046875,0.734375,0.203125,0.015625,0.0,0.0,0.0,0.0,0.0
6,4,0.0,0.0,0.0,0.046875,0.765625,0.171875,0.015625,0.0,0.0,0.0,0.0,0.0
6,4,0.0,0.0,0.0,0.046875,0.765625,0.171875,0.015625,0.0,0.0,0.0,0.0,0.0
6,4,0.0,0.0,0.0,0.046875,0.765625,0.171875,0.015625,0.0,0.0,0.0,0.0,0.0
6,4,0.0,0.0,0.0,0.046875,0.765625,0.171875,0.015625,0.0,0.0,0.0,0.0,0.0
6,4,0.0,0.0,0.0,0.046875,0.765625,0.171875,0.015625,0.0,0.0,0.0,0.0,0.0
6,4,0.0,0.0,0.0,0.046875,0.78125,0.15625,0.015625,0.0,0.0,0.0,0.0,0.0
6,4,0.0,0.0,0.0,0.046875,0.78125,0.15625,0.015625,0.0,0.0,0.0,0.0,0.0
6,4,0.0,0.0,0.0,0.046875,0.78125,0.15625,0.015625,0.0,0.0,0.0,0.0,0.0
6,4,0.0,0.0,0.0,0.046875,0.828125,0.109375,0.015625,0.0,0.0,0.0,0.0,0.0
6,4,0.0,0.0,0.0,0.046875,0.828125,0.109375,0.015625,0.0,0.0,0.0,0.0,0.0
6,4,0.0,0.0,0.0,0.046875,0.828125,0.109375,0.015625,0.0,0.0,0.0,0.0,0.0
6,4,0.0,0.0,0.0,0.046875,0.828125,0.109375,0.015625,0.0,0.0,0.0,0.0,0.0
6,4,0.0,0.0,0.0,0.046875,0.828125,0.109375,0.015625,0.0,0.0,0.0,0.0,0.0
6,4,0.0,0.0,0.0,0.046875,0.828125,0.109375,0.015625,0.0,0.0,0.0,0.0,0.0
6,4,0.0,0.0,0.0,0.046875,0.84375,0.09375,0.015625,0.0,0.0,0.0,0.0,0.0
6,4,0.0,0.0,0.0,0.046875,0.84375,0.09375,0.015625,0.0,0.0,0.0,0.0,0.0
6,4,0.0,0.0,0.0,0.046875,0.84375,0.09375,0.015625,0.0,0.0,0.0,0.0,0.0
6,4,0.0,0.0,0.0,0.046875,0.84375,0.09375,0.015625,0.0,0.0,0.0,0.0,0.0
6,4,0.0,0.0,0.0,0.046875,0.84375,0.09375,0.015625,0.0,0.0,0.0,0.0,0.0
6,4,0.0,0.0,0.0,0.046875,0.84375,0.09375,0.015625,0.0,0.0,0.0,0.0,0.0
6,4,0.0,0.0,0.0,0.046875,0.84375,0.09375,0.015625,0.0,0.0,0.0,0.0,0.0
6,4,0.0,0.0,0.0,0.046875,0.84375,0.09375,0.015625,0.0,0.0,0.0,0.0,0.0
6,4,0.0,0.0,0.0,0.046875,0.84375,0.09375,0.015625,0.0,0.0,0.0,0.0,0.0
6,4,0.0,0.0,0.0,0.046875,0.84375,0.09375,0.015625,0.0,0.0,0.0,0.0,0.0
6,4,0.0,0.0,0.0,0.046875,0.84375,0.09375,0.015625,0.0,0.0,0.0,0.0,0.0
6,4,0.0,0.0,0.0,0.046875,0.84375,0.09375,0.015625,0.0,0.0,0.0,0.0,0.0
6,4,0.0,0.0,0.0,0.046875,0.84375,0.09375,0.015625,0.0,0.0,0.0,0.0,0.0
6,4,0.0,0.0,0.0,0.046875,0.84375,0.09375,0.015625,0.0,0.0,0.0,0.0,0.0
6,4,0.0,0.0,0.0,0.046875,0.84375,0.09375,0.015625,0.0,0.0,0.0,0.0,0.0
6,4,0.0,0.0,0.0,0.046875,0.84375,0.09375,0.015625,0.0,0.0,0.0,0.0,0.0
6,4,0.0,0.0,0.0,0.046875,0.84375,0.09375,0.015625,0.0,0.0,0.0,0.0,0.0
6,4,0.0,0.0,0.0,0.046875,0.84375,0.09375,0.015625,0.0,0.0,0.0,0.0,0.0
6,4,0.0,0.0,0.0,0.046875,0.890625,0.046875,0.015625,0.0,0.0,0.0,0.0,0.0
6,4,0.0,0.0,0.0,0.046875,0.890625,0.046875,0.015625,0.0,0.0,0.0,0.0,0.0
6,4,0.0,0.0,0.0,0.046875,0.90625,0.046875,0.0,0.0,0.0,0.0,0.0,0.0
6,4,0.0,0.0,0.0,0.046875,0.90625,0.046875,0.0,0.0,0.0,0.0,0.0,0.0
6,4,0.0,0.0,0.0,0.046875,0.90625,0.046875,0.0,0.0,0.0,0.0,0.0,0.0
6,4,0.0,0.0,0.0,0.046875,0.90625,0.046875,0.0,0.0,0.0,0.0,0.0,0.0
6,4,0.0,0.0,0.0,0.03125,0.921875,0.046875,0.0,0.0,0.0,0.0,0.0,0.0
6,4,0.0,0.0,0.0,0.03125,0.921875,0.046875,0.0,0.0,0.0,0.0,0.0,0.0
6,4,0.0,0.0,0.0,0.03125,0.921875,0.046875,0.0,0.0,0.0,0.0,0.0,0.0
6,4,0.0,0.0,0.0,0.03125,0.921875,0.046875,0.0,0.0,0.0,0.0,0.0,0.0
6,4,0.0,0.0,0.0,0.03125,0.921875,0.046875,0.0,0.0,0.0,0.0,0.0,0.0
6,4,0.0,0.0,0.0,0.03125,0.921875,0.046875,0.0,0.0,0.0,0.0,0.0,0.0
6,4,0.0,0.0,0.0,0.03125,0.921875,0.046875,0.0,0.0,0.0,0.0,0.0,0.0
6,4,0.0,0.0,0.0,0.03125,0.921875,0.046875,0.0,0.0,0.0,0.0,0.0,0.0
6,4,0.0,0.0,0.0,0.015625,0.9375,0.046875,0.0,0.0,0.0,0.0,0.0,0.0
6,4,0.0,0.0,0.0,0.015625,0.9375,0.046875,0.0,0.0,0.0,0.0,0.0,0.0
6,4,0.0,0.0,0.0,0.015625,0.953125,0.03125,0.0,0.0,0.0,0.0,0.0,0.0
6,4,0.0,0.0,0.0,0.015625,0.953125,0.03125,0.0,0.0,0.0,0.0,0.0,0.0
6,4,0.0,0.0,0.0,0.015625,0.953125,0.03125,0.0,0.0,0.0,0.0,0.0,0.0
6,4,0.0,0.0,0.0,0.015625,0.953125,0.03125,0.0,0.0,0.0,0.0,0.0,0.0
6,4,0.0,0.0,0.0,0.015625,0.953125,0.03125,0.0,0.0,0.0,0.0,0.0,0.0
6,4,0.0,0.0,0.0,0.015625,0.953125,0.03125,0.0,0.0,0.0,0.0,0.0,0.0
6,4,0.0,0.0,0.0,0.015625,0.953125,0.03125,0.0,0.0,0.0,0.0,0.0,0.0
6,4,0.0,0.0,0.0,0.015625,0.953125,0.03125,0.0,0.0,0.0,0.0,0.0,0.0
6,4,0.0,0.0,0.0,0.015625,0.953125,0.03125,0.0,0.0,0.0,0.0,0.0,0.0
6,4,0.0,0.0,0.0,0.015625,0.953125,0.03125,0.0,0.0,0.0,0.0,0.0,0.0
6,4,0.0,0.0,0.0,0.015625,0.953125,0.03125,0.0,0.0,0.0,0.0,0.0,0.0
6,4,0.0,0.0,0.0,0.015625,0.953125,0.03125,0.0,0.0,0.0,0.0,0.0,0.0
6,4,0.0,0.0,0.0,0.015625,0.953125,0.03125,0.0,0.0,0.0,0.0,0.0,0.0
6,4,0.0,0.0,0.0,0.015625,0.953125,0.03125,0.0,0.0,0.0,0.0,0.0,0.0
6,4,0.0,0.0,0.0,0.015625,0.953125,0.03125,0.0,0.0,0.0,0.0,0.0,0.0
6,4,0.0,0.0,0.0,0.015625,0.953125,0.03125,0.0,0.0,0.0,0.0,0.0,0.0
6,4,0.0,0.0,0.0,0.015625,0.984375,0.0,0.0,0.0,0.0,0.0,0.0,0.0
6,4,0.0,0.0,0.0,0.015625,0.984375,0.0,0.0,0.0,0.0,0.0,0.0,0.0
6,4,0.0,0.0,0.0,0.015625,0.984375,0.0,0.0,0.0,0.0,0.0,0.0,0.0
6,4,0.0,0.0,0.0,0.015625,0.984375,0.0,0.0,0.0,0.0,0.0,0.0,0.0
6,4,0.0,0.0,0.0,0.015625,0.984375,0.0,0.0,0.0,0.0,0.0,0.0,0.0
6,4,0.0,0.0,0.0,0.015625,0.984375,0.0,0.0,0.0,0.0,0.0,0.0,0.0
6,4,0.0,0.0,0.0,0.015625,0.984375,0.0,0.0,0.0,0.0,0.0,0.0,0.0
6,4,0.0,0.0,0.0,0.015625,0.984375,0.0,0.0,0.0,0.0,0.0,0.0,0.0
6,4,0.0,0.0,0.0,0.015625,0.984375,0.0,0.0,0.0,0.0,0.0,0.0,0.0
6,4,0.0,0.0,0.0,0.015625,0.984375,0.0,0.0,0.0,0.0,0.0,0.0,0.0
6,4,0.0,0.0,0.0,0.015625,0.984375,0.0,0.0,0.0,0.0,0.0,0.0,0.0
6,4,0.0,0.0,0.0,0.015625,0.984375,0.0,0.0,0.0,0.0,0.0,0.0,0.0
6,4,0.0,0.0,0.0,0.015625,0.984375,0.0,0.0,0.0,0.0,0.0,0.0,0.0
6,4,0.0,0.0,0.0,0.015625,0.984375,0.0,0.0,0.0,0.0,0.0,0.0,0.0
6,4,0.0,0.0,0.0,0.015625,0.984375,0.0,0.0,0.0,0.0,0.0,0.0,0.0
6,4,0.0,0.0,0.0,0.015625,0.984375,0.0,0.0,0.0,0.0,0.0,0.0,0.0
6,4,0.0,0.0,0.0,0.015625,0.984375,0.0,0.0,0.0,0.0,0.0,0.0,0.0
6,4,0.0,0.0,0.0,0.015625,0.984375,0.0,0.0,0.0,0.0,0.0,0.0,0.0
6,4,0.0,0.0,0.0,0.015625,0.984375,0.0,0.0,0.0,0.0,0.0,0.0,0.0
6,4,0.0,0.0,0.0,0.015625,0.984375,0.0,0.0,0.0,0.0,0.0,0.0,0.0
6,4,0.0,0.0,0.0,0.015625,0.984375,0.0,0.0,0.0,0.0,0.0,0.0,0.0
6,4,0.0,0.0,0.0,0.015625,0.984375,0.0,0.0,0.0,0.0,0.0,0.0,0.0
6,4,0.0,0.0,0.0,0.015625,0.984375,0.0,0.0,0.0,0.0,0.0,0.0,0.0
6,4,0.0,0.0,0.0,0.015625,0.984375,0.0,0.0,0.0,0.0,0.0,0.0,0.0
6,4,0.0,0.0,0.0,0.015625,0.984375,0.0,0.0,0.0,0.0,0.0,0.0,0.0
6,4,0.0,0.0,0.0,0.015625,0.984375,0.0,0.0,0.0,0.0,0.0,0.0,0.0
6,4,0.0,0.0,0.0,0.015625,0.984375,0.0,0.0,0.0,0.0,0.0,0.0,0.0
6,4,0.0,0.0,0.0,0.015625,0.984375,0.0,0.0,0.0,0.0,0.0,0.0,0.0
6,4,0.0,0.0,0.0,0.0,1.0,0.0,0.0,0.0,0.0,0.0,0.0,0.0
6,4,0.0,0.0,0.0,0.0,1.0,0.0,0.0,0.0,0.0,0.0,0.0,0.0
6,4,0.0,0.0,0.0,0.0,1.0,0.0,0.0,0.0,0.0,0.0,0.0,0.0
6,4,0.0,0.0,0.0,0.0,1.0,0.0,0.0,0.0,0.0,0.0,0.0,0.0
6,4,0.0,0.0,0.0,0.0,1.0,0.0,0.0,0.0,0.0,0.0,0.0,0.0
6,4,0.0,0.0,0.0,0.0,1.0,0.0,0.0,0.0,0.0,0.0,0.0,0.0
6,4,0.0,0.0,0.0,0.0,1.0,0.0,0.0,0.0,0.0,0.0,0.0,0.0
6,4,0.0,0.015625,0.0,0.0,0.984375,0.0,0.0,0.0,0.0,0.0,0.0,0.0
6,4,0.0,0.015625,0.0,0.0,0.984375,0.0,0.0,0.0,0.0,0.0,0.0,0.0
6,4,0.0,0.015625,0.0,0.0,0.984375,0.0,0.0,0.0,0.0,0.0,0.0,0.0
6,4,0.0,0.015625,0.0,0.0,0.984375,0.0,0.0,0.0,0.0,0.0,0.0,0.0
6,4,0.0,0.015625,0.0,0.0,0.984375,0.0,0.0,0.0,0.0,0.0,0.0,0.0
6,4,0.0,0.015625,0.0,0.0,0.984375,0.0,0.0,0.0,0.0,0.0,0.0,0.0
6,4,0.0,0.015625,0.0,0.0,0.984375,0.0,0.0,0.0,0.0,0.0,0.0,0.0
6,4,0.0,0.015625,0.0,0.0,0.984375,0.0,0.0,0.0,0.0,0.0,0.0,0.0
6,4,0.0,0.015625,0.0,0.0,0.984375,0.0,0.0,0.0,0.0,0.0,0.0,0.0
6,4,0.0,0.015625,0.0,0.0,0.984375,0.0,0.0,0.0,0.0,0.0,0.0,0.0
6,4,0.0,0.015625,0.0,0.0,0.984375,0.0,0.0,0.0,0.0,0.0,0.0,0.0
6,4,0.0,0.015625,0.0,0.0,0.984375,0.0,0.0,0.0,0.0,0.0,0.0,0.0
6,4,0.0,0.015625,0.0,0.0,0.984375,0.0,0.0,0.0,0.0,0.0,0.0,0.0
6,4,0.0,0.015625,0.0,0.0,0.984375,0.0,0.0,0.0,0.0,0.0,0.0,0.0
6,4,0.0,0.015625,0.0,0.0,0.984375,0.0,0.0,0.0,0.0,0.0,0.0,0.0
6,4,0.0,0.015625,0.0,0.0,0.984375,0.0,0.0,0.0,0.0,0.0,0.0,0.0
6,4,0.0,0.015625,0.0,0.0,0.984375,0.0,0.0,0.0,0.0,0.0,0.0,0.0
6,4,0.0,0.015625,0.0,0.0,0.984375,0.0,0.0,0.0,0.0,0.0,0.0,0.0
6,4,0.0,0.015625,0.0,0.0,0.984375,0.0,0.0,0.0,0.0,0.0,0.0,0.0
6,4,0.0,0.015625,0.0,0.0,0.984375,0.0,0.0,0.0,0.0,0.0,0.0,0.0
6,4,0.0,0.015625,0.0,0.0,0.984375,0.0,0.0,0.0,0.0,0.0,0.0,0.0
6,4,0.0,0.015625,0.0,0.0,0.984375,0.0,0.0,0.0,0.0,0.0,0.0,0.0
6,4,0.0,0.015625,0.0,0.0,0.984375,0.0,0.0,0.0,0.0,0.0,0.0,0.0
6,4,0.0,0.015625,0.0,0.0,0.984375,0.0,0.0,0.0,0.0,0.0,0.0,0.0
6,4,0.0,0.015625,0.0,0.0,0.984375,0.0,0.0,0.0,0.0,0.0,0.0,0.0
6,4,0.0,0.015625,0.0,0.0,0.984375,0.0,0.0,0.0,0.0,0.0,0.0,0.0
6,4,0.0,0.015625,0.0,0.0,0.984375,0.0,0.0,0.0,0.0,0.0,0.0,0.0
6,4,0.0,0.015625,0.0,0.0,0.984375,0.0,0.0,0.0,0.0,0.0,0.0,0.0
6,4,0.0,0.015625,0.0,0.0,0.984375,0.0,0.0,0.0,0.0,0.0,0.0,0.0
6,4,0.0,0.015625,0.0,0.0,0.984375,0.0,0.0,0.0,0.0,0.0,0.0,0.0
6,4,0.0,0.015625,0.0,0.0,0.984375,0.0,0.0,0.0,0.0,0.0,0.0,0.0
6,4,0.0,0.015625,0.0,0.0,0.984375,0.0,0.0,0.0,0.0,0.0,0.0,0.0
6,4,0.0,0.015625,0.0,0.0,0.984375,0.0,0.0,0.0,0.0,0.0,0.0,0.0
6,4,0.0,0.015625,0.0,0.0,0.984375,0.0,0.0,0.0,0.0,0.0,0.0,0.0
6,4,0.0,0.015625,0.0,0.0,0.984375,0.0,0.0,0.0,0.0,0.0,0.0,0.0
6,4,0.0,0.015625,0.0,0.0,0.984375,0.0,0.0,0.0,0.0,0.0,0.0,0.0
6,4,0.0,0.015625,0.0,0.0,0.984375,0.0,0.0,0.0,0.0,0.0,0.0,0.0
6,4,0.0,0.015625,0.0,0.0,0.984375,0.0,0.0,0.0,0.0,0.0,0.0,0.0
6,4,0.0,0.015625,0.0,0.0,0.984375,0.0,0.0,0.0,0.0,0.0,0.0,0.0
6,4,0.0,0.015625,0.0,0.0,0.984375,0.0,0.0,0.0,0.0,0.0,0.0,0.0
6,4,0.0,0.015625,0.0,0.0,0.984375,0.0,0.0,0.0,0.0,0.0,0.0,0.0
6,4,0.0,0.015625,0.0,0.0,0.984375,0.0,0.0,0.0,0.0,0.0,0.0,0.0
6,4,0.0,0.015625,0.0,0.0,0.984375,0.0,0.0,0.0,0.0,0.0,0.0,0.0
6,4,0.0,0.015625,0.0,0.0,0.984375,0.0,0.0,0.0,0.0,0.0,0.0,0.0
6,4,0.0,0.015625,0.0,0.0,0.984375,0.0,0.0,0.0,0.0,0.0,0.0,0.0
6,4,0.0,0.015625,0.0,0.0,0.984375,0.0,0.0,0.0,0.0,0.0,0.0,0.0
6,4,0.0,0.015625,0.0,0.0,0.984375,0.0,0.0,0.0,0.0,0.0,0.0,0.0
6,4,0.0,0.015625,0.0,0.0,0.984375,0.0,0.0,0.0,0.0,0.0,0.0,0.0
6,4,0.0,0.015625,0.0,0.0,0.984375,0.0,0.0,0.0,0.0,0.0,0.0,0.0
6,4,0.0,0.015625,0.0,0.0,0.984375,0.0,0.0,0.0,0.0,0.0,0.0,0.0
6,4,0.0,0.015625,0.0,0.0,0.984375,0.0,0.0,0.0,0.0,0.0,0.0,0.0
6,4,0.0,0.015625,0.0,0.0,0.984375,0.0,0.0,0.0,0.0,0.0,0.0,0.0
6,4,0.0,0.015625,0.0,0.0,0.984375,0.0,0.0,0.0,0.0,0.0,0.0,0.0
6,4,0.0,0.015625,0.0,0.0,0.984375,0.0,0.0,0.0,0.0,0.0,0.0,0.0
6,4,0.0,0.015625,0.0,0.0,0.984375,0.0,0.0,0.0,0.0,0.0,0.0,0.0
6,4,0.0,0.015625,0.0,0.0,0.984375,0.0,0.0,0.0,0.0,0.0,0.0,0.0
6,4,0.0,0.015625,0.0,0.0,0.984375,0.0,0.0,0.0,0.0,0.0,0.0,0.0
6,4,0.0,0.015625,0.0,0.0,0.984375,0.0,0.0,0.0,0.0,0.0,0.0,0.0
6,4,0.0,0.015625,0.0,0.0,0.984375,0.0,0.0,0.0,0.0,0.0,0.0,0.0
6,4,0.0,0.015625,0.0,0.0,0.984375,0.0,0.0,0.0,0.0,0.0,0.0,0.0
6,4,0.0,0.015625,0.0,0.0,0.984375,0.0,0.0,0.0,0.0,0.0,0.0,0.0
6,4,0.0,0.015625,0.0,0.0,0.984375,0.0,0.0,0.0,0.0,0.0,0.0,0.0
6,4,0.0,0.015625,0.0,0.0,0.984375,0.0,0.0,0.0,0.0,0.0,0.0,0.0
6,4,0.0,0.015625,0.0,0.0,0.984375,0.0,0.0,0.0,0.0,0.0,0.0,0.0
6,4,0.0,0.015625,0.0,0.0,0.984375,0.0,0.0,0.0,0.0,0.0,0.0,0.0
6,4,0.0,0.015625,0.0,0.0,0.984375,0.0,0.0,0.0,0.0,0.0,0.0,0.0
6,4,0.0,0.015625,0.0,0.0,0.984375,0.0,0.0,0.0,0.0,0.0,0.0,0.0
6,4,0.0,0.015625,0.0,0.0,0.984375,0.0,0.0,0.0,0.0,0.0,0.0,0.0
6,4,0.0,0.015625,0.0,0.0,0.984375,0.0,0.0,0.0,0.0,0.0,0.0,0.0
6,4,0.0,0.015625,0.0,0.0,0.984375,0.0,0.0,0.0,0.0,0.0,0.0,0.0
6,4,0.0,0.015625,0.0,0.0,0.984375,0.0,0.0,0.0,0.0,0.0,0.0,0.0
6,4,0.0,0.015625,0.0,0.0,0.984375,0.0,0.0,0.0,0.0,0.0,0.0,0.0
6,4,0.0,0.015625,0.0,0.0,0.984375,0.0,0.0,0.0,0.0,0.0,0.0,0.0
6,4,0.0,0.015625,0.0,0.0,0.984375,0.0,0.0,0.0,0.0,0.0,0.0,0.0
6,4,0.0,0.015625,0.0,0.0,0.984375,0.0,0.0,0.0,0.0,0.0,0.0,0.0
6,4,0.0,0.015625,0.0,0.0,0.984375,0.0,0.0,0.0,0.0,0.0,0.0,0.0
6,4,0.0,0.015625,0.0,0.0,0.984375,0.0,0.0,0.0,0.0,0.0,0.0,0.0
6,4,0.0,0.015625,0.0,0.0,0.984375,0.0,0.0,0.0,0.0,0.0,0.0,0.0
6,4,0.0,0.015625,0.0,0.0,0.984375,0.0,0.0,0.0,0.0,0.0,0.0,0.0
6,4,0.0,0.015625,0.0,0.0,0.984375,0.0,0.0,0.0,0.0,0.0,0.0,0.0
6,4,0.0,0.015625,0.0,0.0,0.984375,0.0,0.0,0.0,0.0,0.0,0.0,0.0
6,4,0.0,0.015625,0.0,0.0,0.984375,0.0,0.0,0.0,0.0,0.0,0.0,0.0
6,4,0.0,0.015625,0.0,0.0,0.984375,0.0,0.0,0.0,0.0,0.0,0.0,0.0
6,4,0.0,0.015625,0.0,0.0,0.984375,0.0,0.0,0.0,0.0,0.0,0.0,0.0
6,4,0.0,0.015625,0.0,0.0,0.984375,0.0,0.0,0.0,0.0,0.0,0.0,0.0
6,4,0.0,0.015625,0.0,0.0,0.984375,0.0,0.0,0.0,0.0,0.0,0.0,0.0
6,4,0.0,0.015625,0.0,0.0,0.984375,0.0,0.0,0.0,0.0,0.0,0.0,0.0
6,4,0.0,0.015625,0.0,0.0,0.984375,0.0,0.0,0.0,0.0,0.0,0.0,0.0
6,4,0.0,0.015625,0.0,0.0,0.984375,0.0,0.0,0.0,0.0,0.0,0.0,0.0
6,4,0.0,0.015625,0.0,0.0,0.984375,0.0,0.0,0.0,0.0,0.0,0.0,0.0
6,4,0.0,0.015625,0.0,0.0,0.984375,0.0,0.0,0.0,0.0,0.0,0.0,0.0
6,4,0.0,0.015625,0.0,0.0,0.984375,0.0,0.0,0.0,0.0,0.0,0.0,0.0
6,4,0.0,0.015625,0.0,0.0,0.984375,0.0,0.0,0.0,0.0,0.0,0.0,0.0
6,4,0.0,0.015625,0.0,0.0,0.984375,0.0,0.0,0.0,0.0,0.0,0.0,0.0
6,4,0.0,0.015625,0.0,0.0,0.984375,0.0,0.0,0.0,0.0,0.0,0.0,0.0
6,4,0.0,0.015625,0.0,0.0,0.984375,0.0,0.0,0.0,0.0,0.0,0.0,0.0
6,4,0.0,0.015625,0.0,0.0,0.984375,0.0,0.0,0.0,0.0,0.0,0.0,0.0
6,4,0.0,0.015625,0.0,0.0,0.984375,0.0,0.0,0.0,0.0,0.0,0.0,0.0
6,4,0.0,0.015625,0.0,0.0,0.984375,0.0,0.0,0.0,0.0,0.0,0.0,0.0
6,4,0.0,0.015625,0.0,0.0,0.984375,0.0,0.0,0.0,0.0,0.0,0.0,0.0
6,4,0.0,0.015625,0.0,0.0,0.984375,0.0,0.0,0.0,0.0,0.0,0.0,0.0
6,4,0.0,0.015625,0.0,0.0,0.984375,0.0,0.0,0.0,0.0,0.0,0.0,0.0
6,4,0.0,0.015625,0.0,0.0,0.984375,0.0,0.0,0.0,0.0,0.0,0.0,0.0
6,4,0.0,0.015625,0.0,0.0,0.984375,0.0,0.0,0.0,0.0,0.0,0.0,0.0
6,4,0.0,0.015625,0.0,0.0,0.984375,0.0,0.0,0.0,0.0,0.0,0.0,0.0
6,4,0.0,0.015625,0.0,0.0,0.984375,0.0,0.0,0.0,0.0,0.0,0.0,0.0
6,4,0.0,0.015625,0.0,0.0,0.984375,0.0,0.0,0.0,0.0,0.0,0.0,0.0
6,4,0.0,0.015625,0.0,0.0,0.984375,0.0,0.0,0.0,0.0,0.0,0.0,0.0
6,4,0.0,0.015625,0.0,0.0,0.984375,0.0,0.0,0.0,0.0,0.0,0.0,0.0
6,4,0.0,0.015625,0.0,0.0,0.984375,0.0,0.0,0.0,0.0,0.0,0.0,0.0
6,4,0.0,0.015625,0.0,0.0,0.984375,0.0,0.0,0.0,0.0,0.0,0.0,0.0
6,4,0.0,0.015625,0.0,0.0,0.984375,0.0,0.0,0.0,0.0,0.0,0.0,0.0
6,4,0.0,0.015625,0.0,0.0,0.984375,0.0,0.0,0.0,0.0,0.0,0.0,0.0
6,4,0.0,0.015625,0.0,0.0,0.984375,0.0,0.0,0.0,0.0,0.0,0.0,0.0
6,4,0.0,0.015625,0.0,0.0,0.984375,0.0,0.0,0.0,0.0,0.0,0.0,0.0
6,4,0.0,0.015625,0.0,0.0,0.984375,0.0,0.0,0.0,0.0,0.0,0.0,0.0
6,4,0.0,0.015625,0.0,0.0,0.984375,0.0,0.0,0.0,0.0,0.0,0.0,0.0
6,4,0.0,0.015625,0.0,0.0,0.984375,0.0,0.0,0.0,0.0,0.0,0.0,0.0
6,4,0.0,0.015625,0.0,0.0,0.984375,0.0,0.0,0.0,0.0,0.0,0.0,0.0
6,4,0.0,0.015625,0.0,0.0,0.984375,0.0,0.0,0.0,0.0,0.0,0.0,0.0
6,4,0.0,0.015625,0.0,0.0,0.984375,0.0,0.0,0.0,0.0,0.0,0.0,0.0
6,4,0.0,0.015625,0.0,0.0,0.984375,0.0,0.0,0.0,0.0,0.0,0.0,0.0
6,4,0.0,0.015625,0.0,0.0,0.984375,0.0,0.0,0.0,0.0,0.0,0.0,0.0
6,4,0.0,0.015625,0.0,0.0,0.984375,0.0,0.0,0.0,0.0,0.0,0.0,0.0
6,4,0.0,0.015625,0.0,0.0,0.984375,0.0,0.0,0.0,0.0,0.0,0.0,0.0
6,4,0.0,0.015625,0.0,0.0,0.984375,0.0,0.0,0.0,0.0,0.0,0.0,0.0
6,4,0.0,0.015625,0.0,0.0,0.984375,0.0,0.0,0.0,0.0,0.0,0.0,0.0
6,4,0.0,0.015625,0.0,0.0,0.984375,0.0,0.0,0.0,0.0,0.0,0.0,0.0
6,4,0.0,0.015625,0.0,0.0,0.984375,0.0,0.0,0.0,0.0,0.0,0.0,0.0
6,4,0.0,0.015625,0.0,0.0,0.984375,0.0,0.0,0.0,0.0,0.0,0.0,0.0
6,4,0.0,0.015625,0.0,0.0,0.984375,0.0,0.0,0.0,0.0,0.0,0.0,0.0
6,4,0.0,0.015625,0.0,0.0,0.984375,0.0,0.0,0.0,0.0,0.0,0.0,0.0
6,4,0.0,0.015625,0.0,0.0,0.984375,0.0,0.0,0.0,0.0,0.0,0.0,0.0
6,4,0.0,0.015625,0.0,0.0,0.984375,0.0,0.0,0.0,0.0,0.0,0.0,0.0
6,4,0.0,0.015625,0.0,0.0,0.984375,0.0,0.0,0.0,0.0,0.0,0.0,0.0
6,4,0.0,0.015625,0.0,0.0,0.984375,0.0,0.0,0.0,0.0,0.0,0.0,0.0
6,4,0.0,0.015625,0.0,0.0,0.984375,0.0,0.0,0.0,0.0,0.0,0.0,0.0
6,4,0.0,0.015625,0.0,0.0,0.984375,0.0,0.0,0.0,0.0,0.0,0.0,0.0
6,4,0.0,0.015625,0.0,0.0,0.984375,0.0,0.0,0.0,0.0,0.0,0.0,0.0
6,4,0.0,0.015625,0.0,0.0,0.984375,0.0,0.0,0.0,0.0,0.0,0.0,0.0
6,4,0.0,0.015625,0.0,0.0,0.984375,0.0,0.0,0.0,0.0,0.0,0.0,0.0
6,4,0.0,0.015625,0.0,0.0,0.984375,0.0,0.0,0.0,0.0,0.0,0.0,0.0
6,4,0.0,0.015625,0.0,0.0,0.96875,0.015625,0.0,0.0,0.0,0.0,0.0,0.0
6,4,0.0,0.015625,0.0,0.0,0.96875,0.015625,0.0,0.0,0.0,0.0,0.0,0.0
6,4,0.0,0.015625,0.0,0.0,0.96875,0.015625,0.0,0.0,0.0,0.0,0.0,0.0
6,4,0.0,0.015625,0.0,0.0,0.96875,0.015625,0.0,0.0,0.0,0.0,0.0,0.0
6,4,0.0,0.015625,0.0,0.0,0.96875,0.015625,0.0,0.0,0.0,0.0,0.0,0.0
6,4,0.0,0.015625,0.0,0.0,0.96875,0.015625,0.0,0.0,0.0,0.0,0.0,0.0
6,4,0.0,0.015625,0.0,0.0,0.96875,0.015625,0.0,0.0,0.0,0.0,0.0,0.0
6,4,0.0,0.015625,0.0,0.0,0.96875,0.015625,0.0,0.0,0.0,0.0,0.0,0.0
6,4,0.0,0.015625,0.0,0.0,0.96875,0.015625,0.0,0.0,0.0,0.0,0.0,0.0
6,4,0.0,0.015625,0.0,0.0,0.96875,0.015625,0.0,0.0,0.0,0.0,0.0,0.0
6,4,0.0,0.015625,0.0,0.0,0.96875,0.015625,0.0,0.0,0.0,0.0,0.0,0.0
6,4,0.0,0.015625,0.0,0.0,0.96875,0.015625,0.0,0.0,0.0,0.0,0.0,0.0
6,4,0.0,0.015625,0.0,0.0,0.96875,0.015625,0.0,0.0,0.0,0.0,0.0,0.0
6,4,0.0,0.015625,0.0,0.0,0.96875,0.015625,0.0,0.0,0.0,0.0,0.0,0.0
6,4,0.0,0.015625,0.0,0.0,0.96875,0.015625,0.0,0.0,0.0,0.0,0.0,0.0
6,4,0.0,0.015625,0.0,0.0,0.96875,0.015625,0.0,0.0,0.0,0.0,0.0,0.0
6,4,0.0,0.015625,0.0,0.0,0.96875,0.015625,0.0,0.0,0.0,0.0,0.0,0.0
6,4,0.0,0.015625,0.0,0.0,0.96875,0.015625,0.0,0.0,0.0,0.0,0.0,0.0
6,4,0.0,0.015625,0.0,0.0,0.96875,0.015625,0.0,0.0,0.0,0.0,0.0,0.0
6,4,0.0,0.015625,0.0,0.0,0.96875,0.015625,0.0,0.0,0.0,0.0,0.0,0.0
6,4,0.0,0.015625,0.0,0.0,0.96875,0.015625,0.0,0.0,0.0,0.0,0.0,0.0
6,4,0.0,0.015625,0.0,0.0,0.96875,0.015625,0.0,0.0,0.0,0.0,0.0,0.0
6,4,0.0,0.015625,0.0,0.0,0.96875,0.015625,0.0,0.0,0.0,0.0,0.0,0.0
6,4,0.0,0.015625,0.0,0.0,0.96875,0.015625,0.0,0.0,0.0,0.0,0.0,0.0
6,4,0.0,0.015625,0.0,0.0,0.96875,0.015625,0.0,0.0,0.0,0.0,0.0,0.0
6,4,0.0,0.015625,0.0,0.0,0.96875,0.015625,0.0,0.0,0.0,0.0,0.0,0.0
6,4,0.0,0.015625,0.0,0.0,0.96875,0.015625,0.0,0.0,0.0,0.0,0.0,0.0
6,4,0.0,0.015625,0.0,0.0,0.96875,0.015625,0.0,0.0,0.0,0.0,0.0,0.0
6,4,0.0,0.015625,0.0,0.0,0.96875,0.015625,0.0,0.0,0.0,0.0,0.0,0.0
6,4,0.0,0.015625,0.0,0.0,0.96875,0.015625,0.0,0.0,0.0,0.0,0.0,0.0
6,4,0.0,0.015625,0.0,0.0,0.96875,0.015625,0.0,0.0,0.0,0.0,0.0,0.0
6,4,0.0,0.015625,0.0,0.0,0.96875,0.015625,0.0,0.0,0.0,0.0,0.0,0.0
6,4,0.0,0.015625,0.0,0.0,0.96875,0.015625,0.0,0.0,0.0,0.0,0.0,0.0
6,4,0.0,0.015625,0.0,0.0,0.96875,0.015625,0.0,0.0,0.0,0.0,0.0,0.0
6,4,0.0,0.015625,0.0,0.0,0.96875,0.015625,0.0,0.0,0.0,0.0,0.0,0.0
6,4,0.0,0.015625,0.0,0.0,0.96875,0.015625,0.0,0.0,0.0,0.0,0.0,0.0
6,4,0.0,0.015625,0.0,0.0,0.96875,0.015625,0.0,0.0,0.0,0.0,0.0,0.0
6,4,0.0,0.015625,0.0,0.0,0.96875,0.015625,0.0,0.0,0.0,0.0,0.0,0.0
6,4,0.0,0.015625,0.0,0.0,0.96875,0.015625,0.0,0.0,0.0,0.0,0.0,0.0
6,4,0.0,0.015625,0.0,0.0,0.96875,0.015625,0.0,0.0,0.0,0.0,0.0,0.0
6,4,0.0,0.015625,0.0,0.0,0.96875,0.015625,0.0,0.0,0.0,0.0,0.0,0.0
6,4,0.0,0.015625,0.0,0.0,0.96875,0.015625,0.0,0.0,0.0,0.0,0.0,0.0
6,4,0.0,0.015625,0.0,0.0,0.96875,0.015625,0.0,0.0,0.0,0.0,0.0,0.0
6,4,0.0,0.015625,0.0,0.0,0.96875,0.015625,0.0,0.0,0.0,0.0,0.0,0.0
6,4,0.0,0.015625,0.0,0.0,0.96875,0.015625,0.0,0.0,0.0,0.0,0.0,0.0
6,4,0.0,0.015625,0.0,0.0,0.96875,0.015625,0.0,0.0,0.0,0.0,0.0,0.0
6,4,0.0,0.015625,0.0,0.0,0.96875,0.015625,0.0,0.0,0.0,0.0,0.0,0.0
6,4,0.0,0.015625,0.0,0.0,0.96875,0.015625,0.0,0.0,0.0,0.0,0.0,0.0
6,4,0.0,0.015625,0.0,0.0,0.96875,0.015625,0.0,0.0,0.0,0.0,0.0,0.0
6,4,0.0,0.015625,0.0,0.0,0.96875,0.015625,0.0,0.0,0.0,0.0,0.0,0.0
6,4,0.0,0.015625,0.0,0.0,0.96875,0.015625,0.0,0.0,0.0,0.0,0.0,0.0
6,4,0.0,0.015625,0.0,0.0,0.96875,0.015625,0.0,0.0,0.0,0.0,0.0,0.0
6,4,0.0,0.015625,0.0,0.0,0.96875,0.015625,0.0,0.0,0.0,0.0,0.0,0.0
6,4,0.0,0.015625,0.0,0.0,0.96875,0.015625,0.0,0.0,0.0,0.0,0.0,0.0
6,4,0.0,0.015625,0.0,0.0,0.96875,0.015625,0.0,0.0,0.0,0.0,0.0,0.0
6,4,0.0,0.015625,0.0,0.0,0.96875,0.015625,0.0,0.0,0.0,0.0,0.0,0.0
6,4,0.0,0.015625,0.0,0.0,0.96875,0.015625,0.0,0.0,0.0,0.0,0.0,0.0
6,4,0.0,0.015625,0.0,0.0,0.96875,0.015625,0.0,0.0,0.0,0.0,0.0,0.0
6,4,0.0,0.015625,0.0,0.0,0.96875,0.015625,0.0,0.0,0.0,0.0,0.0,0.0
6,4,0.0,0.015625,0.0,0.0,0.96875,0.015625,0.0,0.0,0.0,0.0,0.0,0.0
6,4,0.0,0.015625,0.0,0.0,0.96875,0.015625,0.0,0.0,0.0,0.0,0.0,0.0
6,4,0.0,0.015625,0.0,0.0,0.96875,0.015625,0.0,0.0,0.0,0.0,0.0,0.0
6,4,0.0,0.015625,0.0,0.0,0.96875,0.015625,0.0,0.0,0.0,0.0,0.0,0.0
6,4,0.0,0.015625,0.0,0.0,0.953125,0.015625,0.0,0.0,0.0,0.0,0.015625,0.0
6,4,0.0,0.015625,0.0,0.0,0.953125,0.015625,0.0,0.0,0.0,0.0,0.015625,0.0
6,4,0.0,0.015625,0.0,0.0,0.953125,0.015625,0.0,0.0,0.0,0.0,0.015625,0.0
6,4,0.0,0.015625,0.0,0.0,0.953125,0.015625,0.0,0.0,0.0,0.0,0.015625,0.0
6,4,0.0,0.015625,0.0,0.0,0.953125,0.015625,0.0,0.0,0.0,0.0,0.015625,0.0
6,4,0.0,0.015625,0.0,0.0,0.953125,0.015625,0.0,0.0,0.0,0.0,0.015625,0.0
6,4,0.0,0.015625,0.0,0.0,0.953125,0.015625,0.0,0.0,0.0,0.0,0.015625,0.0
6,4,0.0,0.015625,0.0,0.0,0.953125,0.015625,0.0,0.0,0.0,0.0,0.015625,0.0
6,4,0.0,0.015625,0.0,0.0,0.953125,0.015625,0.0,0.0,0.0,0.0,0.015625,0.0
6,4,0.0,0.015625,0.0,0.0,0.953125,0.015625,0.0,0.0,0.0,0.0,0.015625,0.0
6,4,0.0,0.015625,0.0,0.0,0.953125,0.015625,0.0,0.0,0.0,0.0,0.015625,0.0
6,4,0.0,0.015625,0.0,0.0,0.953125,0.015625,0.0,0.0,0.0,0.0,0.015625,0.0
6,4,0.0,0.015625,0.0,0.0,0.953125,0.015625,0.0,0.0,0.0,0.0,0.015625,0.0
6,4,0.0,0.015625,0.0,0.0,0.953125,0.015625,0.0,0.0,0.0,0.0,0.015625,0.0
6,4,0.0,0.015625,0.0,0.0,0.953125,0.015625,0.0,0.0,0.0,0.0,0.015625,0.0
6,4,0.0,0.015625,0.0,0.0,0.953125,0.015625,0.0,0.0,0.0,0.0,0.015625,0.0
6,4,0.0,0.015625,0.0,0.0,0.9375,0.03125,0.0,0.0,0.0,0.0,0.015625,0.0
6,4,0.0,0.015625,0.0,0.0,0.9375,0.03125,0.0,0.0,0.0,0.0,0.015625,0.0
6,4,0.0,0.015625,0.0,0.0,0.9375,0.03125,0.0,0.0,0.0,0.0,0.015625,0.0
6,4,0.0,0.015625,0.0,0.0,0.9375,0.03125,0.0,0.0,0.0,0.0,0.015625,0.0
6,4,0.0,0.015625,0.0,0.0,0.9375,0.03125,0.0,0.0,0.0,0.0,0.015625,0.0
6,4,0.0,0.015625,0.0,0.0,0.9375,0.03125,0.0,0.0,0.0,0.0,0.015625,0.0
6,4,0.0,0.015625,0.0,0.0,0.9375,0.03125,0.0,0.0,0.0,0.0,0.015625,0.0
6,4,0.0,0.015625,0.0,0.0,0.9375,0.03125,0.0,0.0,0.0,0.0,0.015625,0.0
6,4,0.0,0.015625,0.0,0.0,0.9375,0.03125,0.0,0.0,0.0,0.0,0.015625,0.0
6,4,0.0,0.015625,0.0,0.0,0.9375,0.03125,0.0,0.0,0.0,0.0,0.015625,0.0
6,4,0.0,0.015625,0.0,0.0,0.9375,0.03125,0.0,0.0,0.0,0.0,0.015625,0.0
6,4,0.0,0.015625,0.0,0.0,0.9375,0.03125,0.0,0.0,0.0,0.0,0.015625,0.0
6,4,0.0,0.015625,0.0,0.0,0.9375,0.03125,0.0,0.0,0.0,0.0,0.015625,0.0
6,4,0.0,0.015625,0.0,0.0,0.9375,0.03125,0.0,0.0,0.0,0.0,0.015625,0.0
6,4,0.0,0.015625,0.0,0.0,0.9375,0.03125,0.0,0.0,0.0,0.0,0.015625,0.0
6,4,0.0,0.015625,0.0,0.0,0.9375,0.03125,0.0,0.0,0.0,0.0,0.015625,0.0
6,4,0.0,0.015625,0.0,0.0,0.9375,0.03125,0.0,0.0,0.0,0.0,0.015625,0.0
6,4,0.0,0.015625,0.0,0.0,0.9375,0.03125,0.0,0.0,0.0,0.0,0.015625,0.0
6,4,0.0,0.015625,0.0,0.0,0.9375,0.03125,0.0,0.0,0.0,0.0,0.015625,0.0
6,4,0.0,0.015625,0.0,0.0,0.9375,0.03125,0.0,0.0,0.0,0.0,0.015625,0.0
6,4,0.0,0.015625,0.0,0.0,0.9375,0.03125,0.0,0.0,0.0,0.0,0.015625,0.0
6,4,0.0,0.015625,0.0,0.0,0.9375,0.03125,0.0,0.0,0.0,0.0,0.015625,0.0
6,4,0.0,0.015625,0.0,0.0,0.9375,0.03125,0.0,0.0,0.0,0.0,0.015625,0.0
6,4,0.0,0.015625,0.0,0.0,0.9375,0.03125,0.0,0.0,0.0,0.0,0.015625,0.0
6,4,0.0,0.015625,0.015625,0.0,0.90625,0.046875,0.0,0.0,0.0,0.0,0.015625,0.0
6,4,0.0,0.015625,0.015625,0.0,0.90625,0.046875,0.0,0.0,0.0,0.0,0.015625,0.0
6,4,0.0,0.015625,0.015625,0.0,0.90625,0.046875,0.0,0.0,0.0,0.0,0.015625,0.0
6,4,0.0,0.015625,0.015625,0.0,0.90625,0.046875,0.0,0.0,0.0,0.0,0.015625,0.0
6,4,0.0,0.015625,0.015625,0.0,0.90625,0.046875,0.0,0.0,0.0,0.0,0.015625,0.0
6,4,0.0,0.015625,0.015625,0.0,0.90625,0.046875,0.0,0.0,0.0,0.0,0.015625,0.0
6,4,0.0,0.015625,0.015625,0.0,0.90625,0.046875,0.0,0.0,0.0,0.0,0.015625,0.0
6,4,0.0,0.015625,0.015625,0.0,0.90625,0.046875,0.0,0.0,0.0,0.0,0.015625,0.0
6,4,0.0,0.015625,0.015625,0.0,0.90625,0.046875,0.0,0.0,0.0,0.0,0.015625,0.0
6,4,0.0,0.015625,0.015625,0.0,0.90625,0.046875,0.0,0.0,0.0,0.0,0.015625,0.0
6,4,0.0,0.015625,0.015625,0.0,0.90625,0.046875,0.0,0.0,0.0,0.0,0.015625,0.0
6,4,0.0,0.015625,0.015625,0.0,0.90625,0.046875,0.0,0.0,0.0,0.0,0.015625,0.0
6,4,0.0,0.015625,0.015625,0.0,0.890625,0.046875,0.015625,0.0,0.0,0.0,0.015625,0.0
6,4,0.0,0.015625,0.015625,0.0,0.890625,0.046875,0.015625,0.0,0.0,0.0,0.015625,0.0
6,4,0.0,0.015625,0.015625,0.0,0.890625,0.046875,0.015625,0.0,0.0,0.0,0.015625,0.0
6,4,0.0,0.015625,0.015625,0.0,0.890625,0.046875,0.015625,0.0,0.0,0.0,0.015625,0.0
6,4,0.0,0.015625,0.015625,0.0,0.890625,0.046875,0.015625,0.0,0.0,0.0,0.015625,0.0
6,4,0.0,0.015625,0.015625,0.0,0.890625,0.046875,0.015625,0.0,0.0,0.0,0.015625,0.0
6,4,0.0,0.015625,0.015625,0.0,0.890625,0.046875,0.015625,0.0,0.0,0.0,0.015625,0.0
6,4,0.0,0.015625,0.015625,0.0,0.890625,0.046875,0.015625,0.0,0.0,0.0,0.015625,0.0
6,4,0.0,0.015625,0.015625,0.0,0.890625,0.046875,0.015625,0.0,0.0,0.0,0.015625,0.0
6,4,0.0,0.015625,0.015625,0.0,0.890625,0.046875,0.015625,0.0,0.0,0.0,0.015625,0.0
6,4,0.0,0.015625,0.015625,0.0,0.890625,0.046875,0.015625,0.0,0.0,0.0,0.015625,0.0
6,4,0.0,0.015625,0.015625,0.0,0.890625,0.046875,0.015625,0.0,0.0,0.0,0.015625,0.0
6,4,0.0,0.015625,0.015625,0.015625,0.828125,0.0625,0.03125,0.015625,0.0,0.0,0.015625,0.0
6,4,0.0,0.015625,0.015625,0.015625,0.828125,0.0625,0.03125,0.015625,0.0,0.0,0.015625,0.0
6,4,0.0,0.015625,0.015625,0.015625,0.828125,0.0625,0.03125,0.015625,0.0,0.0,0.015625,0.0
6,4,0.0,0.015625,0.015625,0.015625,0.828125,0.0625,0.03125,0.015625,0.0,0.0,0.015625,0.0
6,4,0.0,0.015625,0.015625,0.015625,0.828125,0.0625,0.03125,0.015625,0.0,0.0,0.015625,0.0
6,4,0.0,0.015625,0.015625,0.015625,0.828125,0.0625,0.03125,0.015625,0.0,0.0,0.015625,0.0
6,4,0.0,0.015625,0.015625,0.015625,0.84375,0.046875,0.03125,0.015625,0.0,0.0,0.015625,0.0
6,4,0.0,0.015625,0.015625,0.015625,0.84375,0.046875,0.03125,0.015625,0.0,0.0,0.015625,0.0
6,4,0.0,0.015625,0.015625,0.015625,0.84375,0.046875,0.03125,0.015625,0.0,0.0,0.015625,0.0
6,4,0.0,0.0,0.015625,0.015625,0.84375,0.046875,0.046875,0.015625,0.0,0.0,0.015625,0.0
6,4,0.0,0.0,0.015625,0.015625,0.84375,0.046875,0.046875,0.015625,0.0,0.0,0.015625,0.0
6,4,0.0,0.0,0.015625,0.015625,0.84375,0.046875,0.046875,0.015625,0.0,0.0,0.015625,0.0
6,4,0.0,0.0,0.015625,0.015625,0.84375,0.046875,0.046875,0.015625,0.0,0.0,0.015625,0.0
6,4,0.0,0.0,0.015625,0.015625,0.84375,0.046875,0.046875,0.015625,0.0,0.0,0.015625,0.0
6,4,0.0,0.0,0.015625,0.015625,0.84375,0.046875,0.046875,0.015625,0.0,0.0,0.015625,0.0
6,4,0.0,0.0,0.015625,0.015625,0.84375,0.046875,0.046875,0.015625,0.0,0.0,0.015625,0.0
6,4,0.0,0.0,0.015625,0.03125,0.84375,0.046875,0.046875,0.015625,0.0,0.0,0.0,0.0
6,4,0.0,0.0,0.015625,0.03125,0.84375,0.046875,0.046875,0.015625,0.0,0.0,0.0,0.0
6,4,0.0,0.0,0.015625,0.03125,0.84375,0.046875,0.046875,0.015625,0.0,0.0,0.0,0.0
6,4,0.0,0.0,0.015625,0.03125,0.84375,0.046875,0.046875,0.015625,0.0,0.0,0.0,0.0
6,4,0.0,0.0,0.015625,0.03125,0.84375,0.046875,0.046875,0.015625,0.0,0.0,0.0,0.0
6,4,0.0,0.0,0.015625,0.03125,0.84375,0.046875,0.046875,0.015625,0.0,0.0,0.0,0.0
6,4,0.0,0.0,0.015625,0.03125,0.84375,0.046875,0.046875,0.015625,0.0,0.0,0.0,0.0
6,4,0.0,0.0,0.015625,0.03125,0.84375,0.046875,0.046875,0.015625,0.0,0.0,0.0,0.0
6,4,0.0,0.0,0.015625,0.03125,0.828125,0.0625,0.046875,0.015625,0.0,0.0,0.0,0.0
6,4,0.0,0.0,0.015625,0.03125,0.828125,0.0625,0.046875,0.015625,0.0,0.0,0.0,0.0
6,4,0.0,0.0,0.015625,0.03125,0.828125,0.0625,0.046875,0.015625,0.0,0.0,0.0,0.0
6,4,0.0,0.0,0.015625,0.03125,0.828125,0.0625,0.046875,0.015625,0.0,0.0,0.0,0.0
6,4,0.0,0.0,0.015625,0.03125,0.828125,0.0625,0.046875,0.015625,0.0,0.0,0.0,0.0
6,4,0.0,0.0,0.015625,0.03125,0.828125,0.0625,0.046875,0.015625,0.0,0.0,0.0,0.0
6,4,0.0,0.0,0.015625,0.03125,0.828125,0.0625,0.046875,0.015625,0.0,0.0,0.0,0.0
6,4,0.0,0.0,0.015625,0.03125,0.828125,0.0625,0.046875,0.015625,0.0,0.0,0.0,0.0
6,4,0.0,0.0,0.015625,0.03125,0.8125,0.078125,0.046875,0.015625,0.0,0.0,0.0,0.0
6,4,0.0,0.0,0.015625,0.03125,0.8125,0.078125,0.046875,0.015625,0.0,0.0,0.0,0.0
6,4,0.0,0.0,0.015625,0.03125,0.8125,0.078125,0.046875,0.015625,0.0,0.0,0.0,0.0
6,4,0.0,0.0,0.015625,0.03125,0.8125,0.078125,0.046875,0.015625,0.0,0.0,0.0,0.0
6,4,0.0,0.0,0.015625,0.03125,0.8125,0.078125,0.046875,0.015625,0.0,0.0,0.0,0.0
6,4,0.0,0.0,0.015625,0.03125,0.8125,0.078125,0.046875,0.015625,0.0,0.0,0.0,0.0
6,4,0.0,0.0,0.015625,0.03125,0.8125,0.078125,0.046875,0.015625,0.0,0.0,0.0,0.0
6,4,0.0,0.0,0.015625,0.03125,0.8125,0.078125,0.046875,0.015625,0.0,0.0,0.0,0.0
6,4,0.0,0.0,0.015625,0.03125,0.8125,0.078125,0.046875,0.015625,0.0,0.0,0.0,0.0
6,4,0.0,0.0,0.015625,0.03125,0.8125,0.078125,0.046875,0.015625,0.0,0.0,0.0,0.0
6,4,0.0,0.0,0.015625,0.03125,0.8125,0.078125,0.046875,0.015625,0.0,0.0,0.0,0.0
6,4,0.0,0.0,0.015625,0.03125,0.8125,0.078125,0.046875,0.015625,0.0,0.0,0.0,0.0
6,4,0.0,0.0,0.015625,0.03125,0.8125,0.078125,0.046875,0.015625,0.0,0.0,0.0,0.0
6,4,0.0,0.0,0.015625,0.03125,0.8125,0.078125,0.046875,0.015625,0.0,0.0,0.0,0.0
6,4,0.0,0.0,0.015625,0.03125,0.8125,0.078125,0.046875,0.015625,0.0,0.0,0.0,0.0
6,4,0.0,0.0,0.015625,0.03125,0.8125,0.078125,0.046875,0.015625,0.0,0.0,0.0,0.0
6,4,0.0,0.0,0.015625,0.03125,0.8125,0.078125,0.046875,0.015625,0.0,0.0,0.0,0.0
6,4,0.0,0.0,0.015625,0.03125,0.8125,0.078125,0.046875,0.015625,0.0,0.0,0.0,0.0
6,4,0.0,0.0,0.015625,0.03125,0.8125,0.078125,0.046875,0.015625,0.0,0.0,0.0,0.0
6,4,0.0,0.0,0.015625,0.03125,0.8125,0.078125,0.046875,0.015625,0.0,0.0,0.0,0.0
6,4,0.0,0.0,0.015625,0.03125,0.8125,0.078125,0.046875,0.015625,0.0,0.0,0.0,0.0
6,4,0.0,0.0,0.015625,0.03125,0.8125,0.078125,0.046875,0.015625,0.0,0.0,0.0,0.0
6,4,0.0,0.0,0.015625,0.03125,0.8125,0.078125,0.046875,0.015625,0.0,0.0,0.0,0.0
6,4,0.0,0.0,0.015625,0.03125,0.8125,0.078125,0.046875,0.015625,0.0,0.0,0.0,0.0
6,4,0.0,0.0,0.015625,0.03125,0.8125,0.078125,0.046875,0.015625,0.0,0.0,0.0,0.0
6,4,0.0,0.0,0.015625,0.03125,0.8125,0.078125,0.046875,0.015625,0.0,0.0,0.0,0.0
6,4,0.0,0.0,0.015625,0.03125,0.8125,0.078125,0.046875,0.015625,0.0,0.0,0.0,0.0
6,4,0.0,0.0,0.015625,0.03125,0.8125,0.078125,0.046875,0.015625,0.0,0.0,0.0,0.0
6,4,0.0,0.0,0.015625,0.03125,0.8125,0.078125,0.046875,0.015625,0.0,0.0,0.0,0.0
6,4,0.0,0.0,0.015625,0.03125,0.8125,0.078125,0.046875,0.015625,0.0,0.0,0.0,0.0
6,4,0.0,0.0,0.015625,0.03125,0.8125,0.078125,0.046875,0.015625,0.0,0.0,0.0,0.0
6,4,0.0,0.0,0.015625,0.03125,0.8125,0.078125,0.046875,0.015625,0.0,0.0,0.0,0.0
6,4,0.0,0.0,0.015625,0.03125,0.8125,0.078125,0.046875,0.015625,0.0,0.0,0.0,0.0
6,4,0.0,0.0,0.015625,0.03125,0.8125,0.078125,0.046875,0.015625,0.0,0.0,0.0,0.0
6,4,0.0,0.0,0.015625,0.03125,0.8125,0.078125,0.046875,0.015625,0.0,0.0,0.0,0.0
6,4,0.0,0.0,0.015625,0.03125,0.8125,0.078125,0.046875,0.015625,0.0,0.0,0.0,0.0
6,4,0.0,0.0,0.015625,0.03125,0.8125,0.078125,0.046875,0.015625,0.0,0.0,0.0,0.0
6,4,0.0,0.0,0.015625,0.03125,0.8125,0.078125,0.046875,0.015625,0.0,0.0,0.0,0.0
6,4,0.0,0.0,0.015625,0.03125,0.8125,0.078125,0.046875,0.015625,0.0,0.0,0.0,0.0
6,4,0.0,0.0,0.015625,0.03125,0.8125,0.078125,0.046875,0.015625,0.0,0.0,0.0,0.0
6,4,0.0,0.0,0.015625,0.03125,0.8125,0.078125,0.046875,0.015625,0.0,0.0,0.0,0.0
6,4,0.0,0.0,0.015625,0.03125,0.8125,0.078125,0.046875,0.015625,0.0,0.0,0.0,0.0
6,4,0.0,0.0,0.015625,0.03125,0.8125,0.078125,0.046875,0.015625,0.0,0.0,0.0,0.0
6,4,0.0,0.0,0.015625,0.03125,0.8125,0.078125,0.046875,0.015625,0.0,0.0,0.0,0.0
6,4,0.0,0.0,0.015625,0.03125,0.8125,0.078125,0.046875,0.015625,0.0,0.0,0.0,0.0
6,4,0.0,0.0,0.015625,0.03125,0.8125,0.078125,0.046875,0.015625,0.0,0.0,0.0,0.0
6,4,0.0,0.0,0.015625,0.03125,0.8125,0.078125,0.046875,0.015625,0.0,0.0,0.0,0.0
6,4,0.0,0.0,0.015625,0.03125,0.8125,0.078125,0.046875,0.015625,0.0,0.0,0.0,0.0
6,4,0.0,0.0,0.015625,0.03125,0.8125,0.078125,0.046875,0.015625,0.0,0.0,0.0,0.0
6,4,0.0,0.0,0.015625,0.03125,0.8125,0.078125,0.046875,0.015625,0.0,0.0,0.0,0.0
6,4,0.0,0.0,0.015625,0.03125,0.8125,0.078125,0.046875,0.015625,0.0,0.0,0.0,0.0
6,4,0.0,0.0,0.015625,0.03125,0.8125,0.078125,0.046875,0.015625,0.0,0.0,0.0,0.0
6,4,0.0,0.0,0.015625,0.03125,0.8125,0.078125,0.046875,0.015625,0.0,0.0,0.0,0.0
6,4,0.0,0.0,0.015625,0.03125,0.8125,0.078125,0.046875,0.015625,0.0,0.0,0.0,0.0
6,4,0.0,0.0,0.015625,0.03125,0.8125,0.078125,0.046875,0.015625,0.0,0.0,0.0,0.0
6,4,0.0,0.0,0.015625,0.03125,0.8125,0.078125,0.046875,0.015625,0.0,0.0,0.0,0.0
6,4,0.0,0.0,0.015625,0.03125,0.8125,0.078125,0.046875,0.015625,0.0,0.0,0.0,0.0
6,4,0.0,0.0,0.015625,0.03125,0.8125,0.078125,0.046875,0.015625,0.0,0.0,0.0,0.0
6,4,0.0,0.0,0.015625,0.03125,0.8125,0.078125,0.046875,0.015625,0.0,0.0,0.0,0.0
6,4,0.0,0.0,0.015625,0.03125,0.8125,0.078125,0.046875,0.015625,0.0,0.0,0.0,0.0
6,4,0.0,0.0,0.015625,0.03125,0.8125,0.078125,0.046875,0.015625,0.0,0.0,0.0,0.0
6,4,0.0,0.0,0.015625,0.03125,0.8125,0.078125,0.046875,0.015625,0.0,0.0,0.0,0.0
6,4,0.0,0.0,0.015625,0.03125,0.8125,0.078125,0.046875,0.015625,0.0,0.0,0.0,0.0
6,4,0.0,0.0,0.015625,0.03125,0.8125,0.078125,0.046875,0.015625,0.0,0.0,0.0,0.0
6,4,0.0,0.0,0.015625,0.015625,0.875,0.078125,0.015625,0.0,0.0,0.0,0.0,0.0
6,4,0.0,0.0,0.015625,0.015625,0.875,0.078125,0.015625,0.0,0.0,0.0,0.0,0.0
6,4,0.0,0.0,0.015625,0.015625,0.875,0.078125,0.015625,0.0,0.0,0.0,0.0,0.0
6,4,0.0,0.0,0.015625,0.015625,0.875,0.078125,0.015625,0.0,0.0,0.0,0.0,0.0
6,4,0.0,0.0,0.015625,0.015625,0.875,0.078125,0.015625,0.0,0.0,0.0,0.0,0.0
6,4,0.0,0.0,0.015625,0.015625,0.875,0.078125,0.015625,0.0,0.0,0.0,0.0,0.0
6,4,0.0,0.0,0.015625,0.015625,0.875,0.078125,0.015625,0.0,0.0,0.0,0.0,0.0
6,4,0.0,0.0,0.015625,0.015625,0.875,0.078125,0.015625,0.0,0.0,0.0,0.0,0.0
6,4,0.0,0.0,0.015625,0.015625,0.875,0.078125,0.015625,0.0,0.0,0.0,0.0,0.0
6,4,0.0,0.0,0.015625,0.015625,0.875,0.078125,0.015625,0.0,0.0,0.0,0.0,0.0
6,4,0.0,0.0,0.015625,0.015625,0.875,0.078125,0.015625,0.0,0.0,0.0,0.0,0.0
6,4,0.0,0.0,0.015625,0.015625,0.875,0.078125,0.015625,0.0,0.0,0.0,0.0,0.0
6,4,0.0,0.0,0.015625,0.015625,0.875,0.078125,0.015625,0.0,0.0,0.0,0.0,0.0
6,4,0.0,0.0,0.015625,0.015625,0.875,0.078125,0.015625,0.0,0.0,0.0,0.0,0.0
6,4,0.0,0.0,0.015625,0.015625,0.875,0.078125,0.015625,0.0,0.0,0.0,0.0,0.0
6,4,0.0,0.0,0.015625,0.015625,0.875,0.078125,0.015625,0.0,0.0,0.0,0.0,0.0
6,4,0.0,0.0,0.015625,0.015625,0.875,0.078125,0.015625,0.0,0.0,0.0,0.0,0.0
6,4,0.0,0.0,0.015625,0.015625,0.875,0.078125,0.015625,0.0,0.0,0.0,0.0,0.0
6,4,0.0,0.0,0.015625,0.015625,0.875,0.078125,0.015625,0.0,0.0,0.0,0.0,0.0
6,4,0.0,0.0,0.015625,0.015625,0.875,0.078125,0.015625,0.0,0.0,0.0,0.0,0.0
6,4,0.0,0.0,0.015625,0.015625,0.875,0.078125,0.015625,0.0,0.0,0.0,0.0,0.0
6,4,0.0,0.0,0.015625,0.015625,0.875,0.078125,0.015625,0.0,0.0,0.0,0.0,0.0
6,4,0.0,0.0,0.015625,0.015625,0.875,0.078125,0.015625,0.0,0.0,0.0,0.0,0.0
6,4,0.0,0.0,0.015625,0.015625,0.875,0.078125,0.015625,0.0,0.0,0.0,0.0,0.0
6,4,0.0,0.0,0.015625,0.015625,0.875,0.078125,0.015625,0.0,0.0,0.0,0.0,0.0
6,4,0.0,0.0,0.015625,0.015625,0.875,0.078125,0.015625,0.0,0.0,0.0,0.0,0.0
6,4,0.0,0.0,0.015625,0.015625,0.875,0.078125,0.015625,0.0,0.0,0.0,0.0,0.0
6,4,0.0,0.0,0.015625,0.015625,0.875,0.078125,0.015625,0.0,0.0,0.0,0.0,0.0
6,4,0.0,0.0,0.015625,0.015625,0.875,0.078125,0.015625,0.0,0.0,0.0,0.0,0.0
6,4,0.0,0.0,0.015625,0.015625,0.875,0.078125,0.015625,0.0,0.0,0.0,0.0,0.0
6,4,0.0,0.0,0.015625,0.015625,0.875,0.078125,0.015625,0.0,0.0,0.0,0.0,0.0
6,4,0.0,0.0,0.015625,0.015625,0.875,0.078125,0.015625,0.0,0.0,0.0,0.0,0.0
6,4,0.0,0.0,0.015625,0.015625,0.875,0.078125,0.015625,0.0,0.0,0.0,0.0,0.0
6,4,0.0,0.0,0.015625,0.015625,0.875,0.078125,0.015625,0.0,0.0,0.0,0.0,0.0
6,4,0.0,0.0,0.015625,0.015625,0.875,0.078125,0.015625,0.0,0.0,0.0,0.0,0.0
6,4,0.0,0.0,0.015625,0.015625,0.875,0.078125,0.015625,0.0,0.0,0.0,0.0,0.0
6,4,0.0,0.0,0.015625,0.015625,0.875,0.078125,0.015625,0.0,0.0,0.0,0.0,0.0
6,4,0.0,0.0,0.015625,0.015625,0.875,0.078125,0.015625,0.0,0.0,0.0,0.0,0.0
6,4,0.0,0.0,0.015625,0.015625,0.875,0.078125,0.015625,0.0,0.0,0.0,0.0,0.0
6,4,0.0,0.0,0.015625,0.015625,0.875,0.078125,0.015625,0.0,0.0,0.0,0.0,0.0
6,4,0.0,0.0,0.015625,0.015625,0.875,0.078125,0.015625,0.0,0.0,0.0,0.0,0.0
6,4,0.0,0.0,0.015625,0.015625,0.875,0.078125,0.015625,0.0,0.0,0.0,0.0,0.0
6,4,0.0,0.0,0.015625,0.015625,0.875,0.078125,0.015625,0.0,0.0,0.0,0.0,0.0
6,4,0.0,0.0,0.015625,0.015625,0.875,0.078125,0.015625,0.0,0.0,0.0,0.0,0.0
6,4,0.0,0.0,0.015625,0.015625,0.875,0.078125,0.015625,0.0,0.0,0.0,0.0,0.0
6,4,0.0,0.0,0.015625,0.015625,0.875,0.078125,0.015625,0.0,0.0,0.0,0.0,0.0
6,4,0.0,0.0,0.015625,0.015625,0.875,0.078125,0.015625,0.0,0.0,0.0,0.0,0.0
6,4,0.0,0.0,0.015625,0.015625,0.875,0.078125,0.015625,0.0,0.0,0.0,0.0,0.0
6,4,0.0,0.0,0.015625,0.015625,0.9375,0.015625,0.015625,0.0,0.0,0.0,0.0,0.0
6,4,0.0,0.0,0.015625,0.015625,0.9375,0.015625,0.015625,0.0,0.0,0.0,0.0,0.0
6,4,0.0,0.0,0.015625,0.015625,0.9375,0.015625,0.015625,0.0,0.0,0.0,0.0,0.0
6,4,0.0,0.0,0.015625,0.015625,0.9375,0.015625,0.015625,0.0,0.0,0.0,0.0,0.0
6,4,0.0,0.0,0.015625,0.015625,0.9375,0.015625,0.015625,0.0,0.0,0.0,0.0,0.0
6,4,0.0,0.0,0.015625,0.015625,0.9375,0.015625,0.015625,0.0,0.0,0.0,0.0,0.0
6,4,0.0,0.0,0.015625,0.015625,0.9375,0.015625,0.015625,0.0,0.0,0.0,0.0,0.0
6,4,0.0,0.0,0.015625,0.015625,0.953125,0.015625,0.0,0.0,0.0,0.0,0.0,0.0
6,4,0.0,0.0,0.015625,0.015625,0.953125,0.015625,0.0,0.0,0.0,0.0,0.0,0.0
6,4,0.0,0.0,0.015625,0.015625,0.953125,0.015625,0.0,0.0,0.0,0.0,0.0,0.0
6,4,0.0,0.0,0.015625,0.015625,0.953125,0.015625,0.0,0.0,0.0,0.0,0.0,0.0
6,4,0.0,0.0,0.015625,0.015625,0.953125,0.015625,0.0,0.0,0.0,0.0,0.0,0.0
6,4,0.0,0.0,0.015625,0.015625,0.953125,0.015625,0.0,0.0,0.0,0.0,0.0,0.0
6,4,0.0,0.0,0.015625,0.015625,0.953125,0.015625,0.0,0.0,0.0,0.0,0.0,0.0
6,4,0.0,0.0,0.015625,0.015625,0.953125,0.015625,0.0,0.0,0.0,0.0,0.0,0.0
6,4,0.0,0.0,0.015625,0.015625,0.953125,0.015625,0.0,0.0,0.0,0.0,0.0,0.0
6,4,0.0,0.0,0.015625,0.015625,0.953125,0.015625,0.0,0.0,0.0,0.0,0.0,0.0
6,4,0.0,0.0,0.015625,0.015625,0.953125,0.015625,0.0,0.0,0.0,0.0,0.0,0.0
6,4,0.0,0.0,0.015625,0.015625,0.953125,0.015625,0.0,0.0,0.0,0.0,0.0,0.0
6,4,0.0,0.0,0.015625,0.015625,0.953125,0.015625,0.0,0.0,0.0,0.0,0.0,0.0
6,4,0.0,0.0,0.015625,0.015625,0.953125,0.015625,0.0,0.0,0.0,0.0,0.0,0.0
6,4,0.0,0.0,0.015625,0.015625,0.953125,0.015625,0.0,0.0,0.0,0.0,0.0,0.0
6,4,0.0,0.0,0.015625,0.015625,0.953125,0.015625,0.0,0.0,0.0,0.0,0.0,0.0
6,4,0.0,0.0,0.015625,0.015625,0.953125,0.015625,0.0,0.0,0.0,0.0,0.0,0.0
6,4,0.0,0.0,0.015625,0.015625,0.96875,0.0,0.0,0.0,0.0,0.0,0.0,0.0
6,4,0.0,0.0,0.015625,0.015625,0.96875,0.0,0.0,0.0,0.0,0.0,0.0,0.0
6,4,0.0,0.0,0.015625,0.015625,0.96875,0.0,0.0,0.0,0.0,0.0,0.0,0.0
6,4,0.0,0.0,0.015625,0.015625,0.96875,0.0,0.0,0.0,0.0,0.0,0.0,0.0
6,4,0.0,0.0,0.015625,0.015625,0.96875,0.0,0.0,0.0,0.0,0.0,0.0,0.0
6,4,0.0,0.0,0.015625,0.015625,0.96875,0.0,0.0,0.0,0.0,0.0,0.0,0.0
6,4,0.0,0.0,0.015625,0.015625,0.96875,0.0,0.0,0.0,0.0,0.0,0.0,0.0
6,4,0.0,0.0,0.015625,0.015625,0.96875,0.0,0.0,0.0,0.0,0.0,0.0,0.0
6,4,0.0,0.0,0.015625,0.0,0.984375,0.0,0.0,0.0,0.0,0.0,0.0,0.0
6,4,0.0,0.0,0.015625,0.0,0.984375,0.0,0.0,0.0,0.0,0.0,0.0,0.0
6,4,0.0,0.0,0.015625,0.0,0.984375,0.0,0.0,0.0,0.0,0.0,0.0,0.0
6,4,0.0,0.0,0.015625,0.0,0.984375,0.0,0.0,0.0,0.0,0.0,0.0,0.0
6,4,0.0,0.0,0.015625,0.0,0.984375,0.0,0.0,0.0,0.0,0.0,0.0,0.0
6,4,0.0,0.0,0.015625,0.0,0.984375,0.0,0.0,0.0,0.0,0.0,0.0,0.0
6,4,0.0,0.0,0.015625,0.0,0.984375,0.0,0.0,0.0,0.0,0.0,0.0,0.0
6,4,0.0,0.0,0.015625,0.0,0.984375,0.0,0.0,0.0,0.0,0.0,0.0,0.0
6,4,0.0,0.0,0.015625,0.0,0.984375,0.0,0.0,0.0,0.0,0.0,0.0,0.0
6,4,0.0,0.0,0.015625,0.0,0.984375,0.0,0.0,0.0,0.0,0.0,0.0,0.0
6,4,0.0,0.0,0.0,0.0,1.0,0.0,0.0,0.0,0.0,0.0,0.0,0.0
6,4,0.0,0.0,0.0,0.0,1.0,0.0,0.0,0.0,0.0,0.0,0.0,0.0
6,4,0.0,0.0,0.0,0.0,1.0,0.0,0.0,0.0,0.0,0.0,0.0,0.0
6,4,0.0,0.0,0.0,0.0,1.0,0.0,0.0,0.0,0.0,0.0,0.0,0.0
6,4,0.0,0.0,0.0,0.0,1.0,0.0,0.0,0.0,0.0,0.0,0.0,0.0
6,4,0.0,0.0,0.0,0.0,1.0,0.0,0.0,0.0,0.0,0.0,0.0,0.0
6,4,0.0,0.0,0.0,0.0,1.0,0.0,0.0,0.0,0.0,0.0,0.0,0.0
6,4,0.0,0.0,0.0,0.0,1.0,0.0,0.0,0.0,0.0,0.0,0.0,0.0
6,4,0.0,0.0,0.0,0.0,1.0,0.0,0.0,0.0,0.0,0.0,0.0,0.0
6,4,0.0,0.0,0.0,0.0,1.0,0.0,0.0,0.0,0.0,0.0,0.0,0.0
6,4,0.0,0.0,0.0,0.0,1.0,0.0,0.0,0.0,0.0,0.0,0.0,0.0
6,4,0.0,0.0,0.0,0.0,1.0,0.0,0.0,0.0,0.0,0.0,0.0,0.0
6,4,0.0,0.0,0.0,0.0,1.0,0.0,0.0,0.0,0.0,0.0,0.0,0.0
6,4,0.0,0.0,0.0,0.0,1.0,0.0,0.0,0.0,0.0,0.0,0.0,0.0
6,4,0.0,0.0,0.0,0.0,1.0,0.0,0.0,0.0,0.0,0.0,0.0,0.0
6,4,0.0,0.0,0.0,0.0,1.0,0.0,0.0,0.0,0.0,0.0,0.0,0.0
6,4,0.0,0.0,0.0,0.0,1.0,0.0,0.0,0.0,0.0,0.0,0.0,0.0
6,4,0.0,0.0,0.0,0.0,1.0,0.0,0.0,0.0,0.0,0.0,0.0,0.0
6,4,0.0,0.0,0.0,0.0,1.0,0.0,0.0,0.0,0.0,0.0,0.0,0.0
6,4,0.0,0.0,0.0,0.0,1.0,0.0,0.0,0.0,0.0,0.0,0.0,0.0
6,4,0.0,0.0,0.0,0.0,1.0,0.0,0.0,0.0,0.0,0.0,0.0,0.0
6,4,0.0,0.0,0.0,0.0,1.0,0.0,0.0,0.0,0.0,0.0,0.0,0.0
6,4,0.0,0.0,0.0,0.0,1.0,0.0,0.0,0.0,0.0,0.0,0.0,0.0
6,4,0.0,0.0,0.0,0.0,1.0,0.0,0.0,0.0,0.0,0.0,0.0,0.0
6,4,0.0,0.0,0.0,0.0,1.0,0.0,0.0,0.0,0.0,0.0,0.0,0.0
6,4,0.0,0.0,0.0,0.0,1.0,0.0,0.0,0.0,0.0,0.0,0.0,0.0
6,4,0.0,0.0,0.0,0.0,1.0,0.0,0.0,0.0,0.0,0.0,0.0,0.0
6,4,0.0,0.0,0.0,0.0,1.0,0.0,0.0,0.0,0.0,0.0,0.0,0.0
6,4,0.0,0.0,0.0,0.0,1.0,0.0,0.0,0.0,0.0,0.0,0.0,0.0
6,4,0.0,0.0,0.0,0.0,1.0,0.0,0.0,0.0,0.0,0.0,0.0,0.0
6,4,0.0,0.0,0.0,0.0,1.0,0.0,0.0,0.0,0.0,0.0,0.0,0.0
6,4,0.0,0.0,0.0,0.0,1.0,0.0,0.0,0.0,0.0,0.0,0.0,0.0
6,4,0.0,0.0,0.0,0.0,1.0,0.0,0.0,0.0,0.0,0.0,0.0,0.0
6,4,0.0,0.0,0.0,0.0,1.0,0.0,0.0,0.0,0.0,0.0,0.0,0.0
6,4,0.0,0.0,0.0,0.0,1.0,0.0,0.0,0.0,0.0,0.0,0.0,0.0
6,4,0.0,0.0,0.0,0.0,1.0,0.0,0.0,0.0,0.0,0.0,0.0,0.0
6,4,0.0,0.0,0.0,0.0,1.0,0.0,0.0,0.0,0.0,0.0,0.0,0.0
6,4,0.0,0.0,0.0,0.0,1.0,0.0,0.0,0.0,0.0,0.0,0.0,0.0
6,4,0.0,0.0,0.0,0.0,1.0,0.0,0.0,0.0,0.0,0.0,0.0,0.0
6,4,0.0,0.0,0.0,0.0,1.0,0.0,0.0,0.0,0.0,0.0,0.0,0.0
6,4,0.0,0.0,0.0,0.0,1.0,0.0,0.0,0.0,0.0,0.0,0.0,0.0
6,4,0.0,0.0,0.0,0.0,1.0,0.0,0.0,0.0,0.0,0.0,0.0,0.0
6,4,0.0,0.0,0.0,0.0,1.0,0.0,0.0,0.0,0.0,0.0,0.0,0.0
6,4,0.0,0.0,0.0,0.0,1.0,0.0,0.0,0.0,0.0,0.0,0.0,0.0
6,4,0.0,0.0,0.0,0.0,1.0,0.0,0.0,0.0,0.0,0.0,0.0,0.0
6,4,0.0,0.0,0.0,0.0,1.0,0.0,0.0,0.0,0.0,0.0,0.0,0.0
6,4,0.0,0.0,0.0,0.0,1.0,0.0,0.0,0.0,0.0,0.0,0.0,0.0
6,4,0.0,0.0,0.0,0.0,1.0,0.0,0.0,0.0,0.0,0.0,0.0,0.0
6,4,0.0,0.0,0.0,0.0,1.0,0.0,0.0,0.0,0.0,0.0,0.0,0.0
6,4,0.0,0.0,0.0,0.0,1.0,0.0,0.0,0.0,0.0,0.0,0.0,0.0
6,4,0.0,0.0,0.0,0.0,1.0,0.0,0.0,0.0,0.0,0.0,0.0,0.0
6,4,0.0,0.0,0.0,0.0,1.0,0.0,0.0,0.0,0.0,0.0,0.0,0.0
6,4,0.0,0.0,0.0,0.0,1.0,0.0,0.0,0.0,0.0,0.0,0.0,0.0
6,4,0.0,0.0,0.0,0.0,1.0,0.0,0.0,0.0,0.0,0.0,0.0,0.0
6,4,0.0,0.0,0.0,0.0,0.984375,0.0,0.015625,0.0,0.0,0.0,0.0,0.0
6,4,0.0,0.0,0.0,0.0,0.984375,0.0,0.015625,0.0,0.0,0.0,0.0,0.0
6,4,0.0,0.0,0.0,0.0,0.984375,0.0,0.015625,0.0,0.0,0.0,0.0,0.0
6,4,0.0,0.0,0.0,0.0,0.984375,0.0,0.015625,0.0,0.0,0.0,0.0,0.0
6,4,0.0,0.0,0.0,0.0,0.984375,0.0,0.015625,0.0,0.0,0.0,0.0,0.0
6,4,0.0,0.0,0.0,0.0,0.984375,0.0,0.015625,0.0,0.0,0.0,0.0,0.0
6,4,0.0,0.0,0.0,0.0,0.984375,0.0,0.015625,0.0,0.0,0.0,0.0,0.0
6,4,0.0,0.0,0.0,0.0,0.984375,0.0,0.015625,0.0,0.0,0.0,0.0,0.0
6,4,0.0,0.0,0.0,0.0,0.984375,0.0,0.015625,0.0,0.0,0.0,0.0,0.0
6,4,0.0,0.0,0.0,0.0,0.984375,0.0,0.015625,0.0,0.0,0.0,0.0,0.0
6,4,0.0,0.0,0.0,0.0,0.984375,0.0,0.015625,0.0,0.0,0.0,0.0,0.0
6,4,0.0,0.0,0.0,0.0,0.984375,0.0,0.015625,0.0,0.0,0.0,0.0,0.0
6,4,0.0,0.0,0.0,0.0,0.984375,0.0,0.015625,0.0,0.0,0.0,0.0,0.0
6,4,0.0,0.0,0.0,0.0,0.984375,0.0,0.015625,0.0,0.0,0.0,0.0,0.0
6,4,0.0,0.0,0.0,0.0,0.984375,0.0,0.015625,0.0,0.0,0.0,0.0,0.0
6,4,0.0,0.0,0.0,0.0,0.984375,0.0,0.015625,0.0,0.0,0.0,0.0,0.0
6,4,0.0,0.0,0.0,0.0,0.984375,0.0,0.015625,0.0,0.0,0.0,0.0,0.0
6,4,0.0,0.0,0.0,0.0,0.984375,0.0,0.015625,0.0,0.0,0.0,0.0,0.0
6,4,0.0,0.0,0.0,0.0,0.984375,0.0,0.015625,0.0,0.0,0.0,0.0,0.0
6,4,0.0,0.0,0.0,0.0,0.984375,0.0,0.015625,0.0,0.0,0.0,0.0,0.0
6,4,0.0,0.0,0.0,0.0,0.984375,0.0,0.015625,0.0,0.0,0.0,0.0,0.0
6,4,0.0,0.0,0.0,0.0,0.984375,0.0,0.015625,0.0,0.0,0.0,0.0,0.0
6,4,0.0,0.0,0.0,0.0,0.984375,0.0,0.015625,0.0,0.0,0.0,0.0,0.0
6,4,0.0,0.0,0.0,0.0,0.984375,0.0,0.015625,0.0,0.0,0.0,0.0,0.0
6,4,0.0,0.0,0.0,0.0,0.984375,0.0,0.015625,0.0,0.0,0.0,0.0,0.0
6,4,0.0,0.0,0.0,0.0,0.984375,0.0,0.015625,0.0,0.0,0.0,0.0,0.0
6,4,0.0,0.0,0.0,0.0,0.984375,0.0,0.015625,0.0,0.0,0.0,0.0,0.0
6,4,0.0,0.0,0.0,0.0,0.984375,0.0,0.015625,0.0,0.0,0.0,0.0,0.0
6,4,0.0,0.0,0.0,0.0,0.984375,0.0,0.015625,0.0,0.0,0.0,0.0,0.0
6,4,0.0,0.0,0.0,0.0,0.984375,0.0,0.015625,0.0,0.0,0.0,0.0,0.0
6,4,0.0,0.0,0.0,0.0,0.984375,0.0,0.015625,0.0,0.0,0.0,0.0,0.0
6,4,0.0,0.0,0.0,0.0,0.984375,0.0,0.015625,0.0,0.0,0.0,0.0,0.0
6,4,0.0,0.0,0.0,0.0,0.984375,0.0,0.015625,0.0,0.0,0.0,0.0,0.0
6,4,0.0,0.0,0.0,0.0,0.984375,0.0,0.015625,0.0,0.0,0.0,0.0,0.0
6,4,0.0,0.0,0.0,0.0,0.984375,0.0,0.015625,0.0,0.0,0.0,0.0,0.0
6,4,0.0,0.0,0.0,0.0,0.984375,0.0,0.015625,0.0,0.0,0.0,0.0,0.0
6,4,0.0,0.0,0.0,0.0,0.96875,0.0,0.03125,0.0,0.0,0.0,0.0,0.0
6,4,0.0,0.0,0.0,0.0,0.96875,0.0,0.03125,0.0,0.0,0.0,0.0,0.0
6,4,0.0,0.0,0.0,0.0,0.96875,0.0,0.03125,0.0,0.0,0.0,0.0,0.0
6,4,0.0,0.0,0.0,0.0,0.96875,0.0,0.03125,0.0,0.0,0.0,0.0,0.0
6,4,0.0,0.0,0.0,0.0,0.96875,0.0,0.03125,0.0,0.0,0.0,0.0,0.0
6,4,0.0,0.0,0.0,0.0,0.96875,0.0,0.03125,0.0,0.0,0.0,0.0,0.0
6,4,0.0,0.0,0.0,0.0,0.96875,0.0,0.03125,0.0,0.0,0.0,0.0,0.0
6,4,0.0,0.0,0.0,0.0,0.96875,0.0,0.03125,0.0,0.0,0.0,0.0,0.0
6,4,0.0,0.0,0.0,0.0,0.96875,0.0,0.03125,0.0,0.0,0.0,0.0,0.0
6,4,0.0,0.0,0.0,0.0,0.96875,0.0,0.03125,0.0,0.0,0.0,0.0,0.0
6,4,0.0,0.0,0.0,0.0,0.96875,0.0,0.03125,0.0,0.0,0.0,0.0,0.0
6,4,0.0,0.0,0.0,0.0,0.96875,0.0,0.03125,0.0,0.0,0.0,0.0,0.0
6,4,0.0,0.0,0.0,0.0,0.953125,0.0,0.046875,0.0,0.0,0.0,0.0,0.0
6,4,0.0,0.0,0.0,0.0,0.953125,0.0,0.046875,0.0,0.0,0.0,0.0,0.0
6,4,0.0,0.0,0.0,0.0,0.953125,0.0,0.046875,0.0,0.0,0.0,0.0,0.0
6,4,0.0,0.0,0.0,0.0,0.953125,0.0,0.046875,0.0,0.0,0.0,0.0,0.0
6,4,0.0,0.0,0.0,0.0,0.953125,0.0,0.046875,0.0,0.0,0.0,0.0,0.0
6,4,0.0,0.0,0.0,0.0,0.953125,0.0,0.046875,0.0,0.0,0.0,0.0,0.0
6,4,0.0,0.0,0.0,0.0,0.953125,0.0,0.046875,0.0,0.0,0.0,0.0,0.0
6,4,0.0,0.0,0.0,0.0,0.953125,0.0,0.046875,0.0,0.0,0.0,0.0,0.0
6,4,0.0,0.0,0.0,0.0,0.953125,0.0,0.046875,0.0,0.0,0.0,0.0,0.0
6,4,0.0,0.0,0.0,0.0,0.953125,0.0,0.046875,0.0,0.0,0.0,0.0,0.0
6,4,0.0,0.0,0.0,0.0,0.953125,0.0,0.046875,0.0,0.0,0.0,0.0,0.0
6,4,0.0,0.0,0.0,0.0,0.953125,0.0,0.046875,0.0,0.0,0.0,0.0,0.0
6,4,0.0,0.0,0.0,0.0,0.953125,0.0,0.046875,0.0,0.0,0.0,0.0,0.0
6,4,0.0,0.0,0.0,0.0,0.953125,0.0,0.046875,0.0,0.0,0.0,0.0,0.0
6,4,0.0,0.0,0.0,0.0,0.953125,0.0,0.046875,0.0,0.0,0.0,0.0,0.0
6,4,0.0,0.0,0.0,0.0,0.953125,0.0,0.046875,0.0,0.0,0.0,0.0,0.0
6,4,0.0,0.0,0.0,0.0,0.953125,0.0,0.046875,0.0,0.0,0.0,0.0,0.0
6,4,0.0,0.0,0.0,0.0,0.953125,0.0,0.046875,0.0,0.0,0.0,0.0,0.0
6,4,0.0,0.0,0.0,0.0,0.953125,0.0,0.046875,0.0,0.0,0.0,0.0,0.0
6,4,0.0,0.0,0.0,0.0,0.953125,0.0,0.046875,0.0,0.0,0.0,0.0,0.0
6,4,0.0,0.0,0.0,0.0,0.953125,0.0,0.046875,0.0,0.0,0.0,0.0,0.0
6,4,0.0,0.0,0.0,0.0,0.953125,0.0,0.046875,0.0,0.0,0.0,0.0,0.0
6,4,0.0,0.0,0.0,0.0,0.953125,0.0,0.046875,0.0,0.0,0.0,0.0,0.0
6,4,0.0,0.0,0.0,0.0,0.953125,0.0,0.046875,0.0,0.0,0.0,0.0,0.0
6,4,0.0,0.0,0.0,0.0,0.953125,0.0,0.046875,0.0,0.0,0.0,0.0,0.0
6,4,0.0,0.0,0.0,0.0,0.953125,0.0,0.046875,0.0,0.0,0.0,0.0,0.0
6,4,0.0,0.0,0.0,0.0,0.953125,0.0,0.046875,0.0,0.0,0.0,0.0,0.0
6,4,0.0,0.0,0.0,0.0,0.953125,0.0,0.046875,0.0,0.0,0.0,0.0,0.0
6,4,0.0,0.0,0.0,0.0,0.953125,0.0,0.046875,0.0,0.0,0.0,0.0,0.0
6,4,0.0,0.0,0.0,0.0,0.953125,0.0,0.046875,0.0,0.0,0.0,0.0,0.0
6,4,0.0,0.0,0.0,0.0,0.953125,0.0,0.046875,0.0,0.0,0.0,0.0,0.0
6,4,0.0,0.0,0.0,0.0,0.953125,0.0,0.046875,0.0,0.0,0.0,0.0,0.0
6,4,0.0,0.0,0.0,0.0,0.953125,0.0,0.046875,0.0,0.0,0.0,0.0,0.0
6,4,0.0,0.0,0.0,0.0,0.953125,0.0,0.046875,0.0,0.0,0.0,0.0,0.0
6,4,0.0,0.0,0.0,0.0,0.953125,0.0,0.046875,0.0,0.0,0.0,0.0,0.0
6,4,0.0,0.0,0.0,0.0,0.953125,0.0,0.046875,0.0,0.0,0.0,0.0,0.0
6,4,0.0,0.015625,0.0,0.0,0.9375,0.0,0.046875,0.0,0.0,0.0,0.0,0.0
6,4,0.0,0.015625,0.0,0.0,0.9375,0.0,0.046875,0.0,0.0,0.0,0.0,0.0
6,4,0.0,0.015625,0.0,0.0,0.9375,0.0,0.046875,0.0,0.0,0.0,0.0,0.0
6,4,0.0,0.015625,0.0,0.0,0.9375,0.0,0.046875,0.0,0.0,0.0,0.0,0.0
6,4,0.0,0.015625,0.0,0.0,0.9375,0.0,0.046875,0.0,0.0,0.0,0.0,0.0
6,4,0.0,0.015625,0.0,0.0,0.9375,0.0,0.046875,0.0,0.0,0.0,0.0,0.0
6,4,0.0,0.015625,0.0,0.0,0.9375,0.0,0.046875,0.0,0.0,0.0,0.0,0.0
6,4,0.0,0.015625,0.0,0.0,0.9375,0.0,0.046875,0.0,0.0,0.0,0.0,0.0
6,4,0.0,0.015625,0.0,0.0,0.9375,0.0,0.046875,0.0,0.0,0.0,0.0,0.0
6,4,0.0,0.015625,0.0,0.0,0.9375,0.0,0.046875,0.0,0.0,0.0,0.0,0.0
6,4,0.0,0.015625,0.0,0.0,0.9375,0.0,0.046875,0.0,0.0,0.0,0.0,0.0
6,4,0.0,0.015625,0.0,0.0,0.9375,0.0,0.046875,0.0,0.0,0.0,0.0,0.0
6,4,0.0,0.015625,0.0,0.0,0.9375,0.0,0.046875,0.0,0.0,0.0,0.0,0.0
6,4,0.0,0.015625,0.0,0.0,0.9375,0.0,0.046875,0.0,0.0,0.0,0.0,0.0
6,4,0.0,0.015625,0.0,0.0,0.9375,0.0,0.046875,0.0,0.0,0.0,0.0,0.0
6,4,0.0,0.015625,0.0,0.0,0.9375,0.0,0.046875,0.0,0.0,0.0,0.0,0.0
6,4,0.0,0.015625,0.0,0.0,0.9375,0.0,0.046875,0.0,0.0,0.0,0.0,0.0
6,4,0.0,0.015625,0.0,0.0,0.9375,0.0,0.046875,0.0,0.0,0.0,0.0,0.0
6,4,0.0,0.015625,0.0,0.0,0.9375,0.0,0.046875,0.0,0.0,0.0,0.0,0.0
6,4,0.0,0.015625,0.0,0.0,0.9375,0.0,0.046875,0.0,0.0,0.0,0.0,0.0
6,4,0.0,0.015625,0.0,0.0,0.9375,0.0,0.046875,0.0,0.0,0.0,0.0,0.0
6,4,0.0,0.015625,0.0,0.0,0.9375,0.0,0.046875,0.0,0.0,0.0,0.0,0.0
6,4,0.0,0.015625,0.0,0.0,0.9375,0.0,0.046875,0.0,0.0,0.0,0.0,0.0
6,4,0.0,0.015625,0.0,0.0,0.9375,0.0,0.046875,0.0,0.0,0.0,0.0,0.0
6,4,0.0,0.015625,0.0,0.0,0.9375,0.0,0.046875,0.0,0.0,0.0,0.0,0.0
6,4,0.0,0.015625,0.0,0.0,0.9375,0.0,0.046875,0.0,0.0,0.0,0.0,0.0
6,4,0.0,0.015625,0.0,0.0,0.9375,0.0,0.046875,0.0,0.0,0.0,0.0,0.0
6,4,0.0,0.015625,0.0,0.0,0.9375,0.0,0.046875,0.0,0.0,0.0,0.0,0.0
6,4,0.0,0.015625,0.0,0.0,0.9375,0.0,0.046875,0.0,0.0,0.0,0.0,0.0
6,4,0.0,0.015625,0.0,0.0,0.9375,0.0,0.046875,0.0,0.0,0.0,0.0,0.0
6,4,0.0,0.015625,0.0,0.0,0.9375,0.0,0.046875,0.0,0.0,0.0,0.0,0.0
6,4,0.0,0.015625,0.0,0.0,0.9375,0.0,0.046875,0.0,0.0,0.0,0.0,0.0
6,4,0.0,0.015625,0.0,0.0,0.9375,0.0,0.046875,0.0,0.0,0.0,0.0,0.0
6,4,0.0,0.015625,0.0,0.0,0.9375,0.0,0.046875,0.0,0.0,0.0,0.0,0.0
6,4,0.0,0.015625,0.0,0.0,0.9375,0.0,0.046875,0.0,0.0,0.0,0.0,0.0
6,4,0.0,0.015625,0.0,0.0,0.9375,0.0,0.046875,0.0,0.0,0.0,0.0,0.0
6,4,0.0,0.015625,0.0,0.0,0.9375,0.0,0.046875,0.0,0.0,0.0,0.0,0.0
6,4,0.0,0.015625,0.0,0.0,0.9375,0.0,0.046875,0.0,0.0,0.0,0.0,0.0
6,4,0.0,0.015625,0.0,0.0,0.9375,0.0,0.046875,0.0,0.0,0.0,0.0,0.0
6,4,0.0,0.015625,0.0,0.0,0.9375,0.0,0.046875,0.0,0.0,0.0,0.0,0.0
6,4,0.0,0.015625,0.0,0.0,0.9375,0.0,0.046875,0.0,0.0,0.0,0.0,0.0
6,4,0.0,0.015625,0.0,0.0,0.9375,0.0,0.046875,0.0,0.0,0.0,0.0,0.0
6,4,0.0,0.015625,0.0,0.0,0.9375,0.0,0.046875,0.0,0.0,0.0,0.0,0.0
6,4,0.0,0.015625,0.0,0.0,0.9375,0.0,0.046875,0.0,0.0,0.0,0.0,0.0
6,4,0.0,0.015625,0.0,0.0,0.9375,0.0,0.046875,0.0,0.0,0.0,0.0,0.0
6,4,0.0,0.015625,0.0,0.0,0.9375,0.0,0.046875,0.0,0.0,0.0,0.0,0.0
6,4,0.0,0.015625,0.0,0.0,0.9375,0.0,0.046875,0.0,0.0,0.0,0.0,0.0
6,4,0.0,0.015625,0.0,0.0,0.9375,0.0,0.046875,0.0,0.0,0.0,0.0,0.0
6,4,0.0,0.015625,0.0,0.0,0.9375,0.0,0.046875,0.0,0.0,0.0,0.0,0.0
6,4,0.0,0.015625,0.0,0.0,0.9375,0.0,0.046875,0.0,0.0,0.0,0.0,0.0
6,4,0.0,0.015625,0.0,0.0,0.9375,0.0,0.046875,0.0,0.0,0.0,0.0,0.0
6,4,0.0,0.015625,0.0,0.0,0.9375,0.0,0.046875,0.0,0.0,0.0,0.0,0.0
6,4,0.0,0.015625,0.0,0.0,0.9375,0.0,0.046875,0.0,0.0,0.0,0.0,0.0
6,4,0.0,0.015625,0.0,0.0,0.9375,0.0,0.046875,0.0,0.0,0.0,0.0,0.0
6,4,0.0,0.015625,0.0,0.0,0.9375,0.0,0.046875,0.0,0.0,0.0,0.0,0.0
6,4,0.0,0.015625,0.0,0.0,0.9375,0.0,0.046875,0.0,0.0,0.0,0.0,0.0
6,4,0.0,0.015625,0.0,0.0,0.9375,0.0,0.046875,0.0,0.0,0.0,0.0,0.0
6,4,0.0,0.015625,0.0,0.0,0.9375,0.0,0.046875,0.0,0.0,0.0,0.0,0.0
6,4,0.0,0.015625,0.0,0.0,0.9375,0.0,0.046875,0.0,0.0,0.0,0.0,0.0
6,4,0.0,0.015625,0.0,0.0,0.9375,0.0,0.046875,0.0,0.0,0.0,0.0,0.0
6,4,0.0,0.015625,0.0,0.0,0.953125,0.0,0.03125,0.0,0.0,0.0,0.0,0.0
6,4,0.0,0.015625,0.0,0.0,0.953125,0.0,0.03125,0.0,0.0,0.0,0.0,0.0
6,4,0.0,0.015625,0.0,0.0,0.953125,0.0,0.03125,0.0,0.0,0.0,0.0,0.0
6,4,0.0,0.015625,0.0,0.0,0.953125,0.0,0.03125,0.0,0.0,0.0,0.0,0.0
6,4,0.0,0.015625,0.0,0.0,0.953125,0.0,0.03125,0.0,0.0,0.0,0.0,0.0
6,4,0.0,0.015625,0.0,0.0,0.953125,0.0,0.03125,0.0,0.0,0.0,0.0,0.0
6,4,0.0,0.015625,0.0,0.0,0.953125,0.0,0.03125,0.0,0.0,0.0,0.0,0.0
6,4,0.0,0.015625,0.0,0.0,0.953125,0.0,0.03125,0.0,0.0,0.0,0.0,0.0
6,4,0.0,0.015625,0.0,0.0,0.953125,0.0,0.03125,0.0,0.0,0.0,0.0,0.0
6,4,0.0,0.015625,0.0,0.0,0.953125,0.0,0.03125,0.0,0.0,0.0,0.0,0.0
6,4,0.0,0.015625,0.0,0.0,0.953125,0.0,0.03125,0.0,0.0,0.0,0.0,0.0
6,4,0.0,0.015625,0.0,0.0,0.953125,0.0,0.03125,0.0,0.0,0.0,0.0,0.0
6,4,0.0,0.015625,0.0,0.0,0.953125,0.0,0.03125,0.0,0.0,0.0,0.0,0.0
6,4,0.0,0.015625,0.0,0.0,0.953125,0.0,0.03125,0.0,0.0,0.0,0.0,0.0
6,4,0.0,0.015625,0.0,0.0,0.953125,0.0,0.03125,0.0,0.0,0.0,0.0,0.0
6,4,0.0,0.015625,0.0,0.0,0.953125,0.0,0.03125,0.0,0.0,0.0,0.0,0.0
6,4,0.0,0.015625,0.0,0.0,0.953125,0.0,0.03125,0.0,0.0,0.0,0.0,0.0
6,4,0.0,0.015625,0.0,0.0,0.953125,0.0,0.03125,0.0,0.0,0.0,0.0,0.0
6,4,0.0,0.015625,0.0,0.0,0.953125,0.0,0.03125,0.0,0.0,0.0,0.0,0.0
6,4,0.0,0.015625,0.0,0.0,0.953125,0.0,0.03125,0.0,0.0,0.0,0.0,0.0
6,4,0.0,0.015625,0.0,0.0,0.953125,0.0,0.03125,0.0,0.0,0.0,0.0,0.0
6,4,0.0,0.015625,0.0,0.0,0.953125,0.0,0.03125,0.0,0.0,0.0,0.0,0.0
6,4,0.0,0.015625,0.0,0.0,0.953125,0.0,0.03125,0.0,0.0,0.0,0.0,0.0
6,4,0.0,0.015625,0.0,0.0,0.953125,0.0,0.03125,0.0,0.0,0.0,0.0,0.0
6,4,0.0,0.015625,0.0,0.0,0.953125,0.0,0.03125,0.0,0.0,0.0,0.0,0.0
6,4,0.0,0.015625,0.0,0.0,0.953125,0.0,0.03125,0.0,0.0,0.0,0.0,0.0
6,4,0.0,0.015625,0.0,0.0,0.953125,0.0,0.03125,0.0,0.0,0.0,0.0,0.0
6,4,0.0,0.015625,0.0,0.0,0.953125,0.0,0.03125,0.0,0.0,0.0,0.0,0.0
6,4,0.0,0.015625,0.0,0.0,0.953125,0.0,0.03125,0.0,0.0,0.0,0.0,0.0
6,4,0.0,0.015625,0.0,0.0,0.953125,0.0,0.03125,0.0,0.0,0.0,0.0,0.0
6,4,0.0,0.015625,0.0,0.0,0.953125,0.0,0.03125,0.0,0.0,0.0,0.0,0.0
6,4,0.0,0.015625,0.0,0.0,0.953125,0.0,0.03125,0.0,0.0,0.0,0.0,0.0
6,4,0.0,0.015625,0.0,0.0,0.96875,0.0,0.015625,0.0,0.0,0.0,0.0,0.0
6,4,0.0,0.015625,0.0,0.0,0.96875,0.0,0.015625,0.0,0.0,0.0,0.0,0.0
6,4,0.0,0.015625,0.0,0.0,0.96875,0.0,0.015625,0.0,0.0,0.0,0.0,0.0
6,4,0.0,0.015625,0.0,0.0,0.96875,0.0,0.015625,0.0,0.0,0.0,0.0,0.0
6,4,0.0,0.015625,0.0,0.0,0.96875,0.0,0.015625,0.0,0.0,0.0,0.0,0.0
6,4,0.0,0.015625,0.0,0.0,0.96875,0.0,0.015625,0.0,0.0,0.0,0.0,0.0
6,4,0.0,0.015625,0.0,0.0,0.96875,0.0,0.015625,0.0,0.0,0.0,0.0,0.0
6,4,0.0,0.015625,0.0,0.0,0.96875,0.0,0.015625,0.0,0.0,0.0,0.0,0.0
6,4,0.0,0.015625,0.0,0.0,0.96875,0.0,0.015625,0.0,0.0,0.0,0.0,0.0
6,4,0.0,0.015625,0.0,0.0,0.96875,0.0,0.015625,0.0,0.0,0.0,0.0,0.0
6,4,0.0,0.015625,0.0,0.0,0.96875,0.0,0.015625,0.0,0.0,0.0,0.0,0.0
6,4,0.0,0.015625,0.0,0.0,0.96875,0.0,0.015625,0.0,0.0,0.0,0.0,0.0
6,4,0.0,0.015625,0.0,0.0,0.96875,0.0,0.015625,0.0,0.0,0.0,0.0,0.0
6,4,0.0,0.015625,0.0,0.0,0.96875,0.0,0.015625,0.0,0.0,0.0,0.0,0.0
6,4,0.0,0.015625,0.0,0.0,0.96875,0.0,0.015625,0.0,0.0,0.0,0.0,0.0
6,4,0.0,0.015625,0.0,0.0,0.96875,0.0,0.015625,0.0,0.0,0.0,0.0,0.0
6,4,0.0,0.015625,0.0,0.0,0.96875,0.0,0.015625,0.0,0.0,0.0,0.0,0.0
6,4,0.0,0.015625,0.0,0.0,0.96875,0.0,0.015625,0.0,0.0,0.0,0.0,0.0
6,4,0.0,0.015625,0.0,0.0,0.96875,0.0,0.015625,0.0,0.0,0.0,0.0,0.0
6,4,0.0,0.015625,0.0,0.0,0.96875,0.0,0.015625,0.0,0.0,0.0,0.0,0.0
6,4,0.0,0.015625,0.0,0.0,0.96875,0.0,0.015625,0.0,0.0,0.0,0.0,0.0
6,4,0.0,0.015625,0.0,0.0,0.96875,0.0,0.015625,0.0,0.0,0.0,0.0,0.0
6,4,0.0,0.015625,0.0,0.0,0.96875,0.0,0.015625,0.0,0.0,0.0,0.0,0.0
6,4,0.0,0.015625,0.0,0.0,0.96875,0.0,0.015625,0.0,0.0,0.0,0.0,0.0
6,4,0.0,0.015625,0.0,0.0,0.96875,0.0,0.015625,0.0,0.0,0.0,0.0,0.0
6,4,0.0,0.015625,0.0,0.0,0.96875,0.0,0.015625,0.0,0.0,0.0,0.0,0.0
6,4,0.0,0.015625,0.0,0.0,0.96875,0.0,0.015625,0.0,0.0,0.0,0.0,0.0
6,4,0.0,0.015625,0.0,0.0,0.96875,0.0,0.015625,0.0,0.0,0.0,0.0,0.0
6,4,0.0,0.015625,0.0,0.0,0.96875,0.0,0.015625,0.0,0.0,0.0,0.0,0.0
6,4,0.0,0.015625,0.0,0.0,0.96875,0.0,0.015625,0.0,0.0,0.0,0.0,0.0
6,4,0.0,0.015625,0.0,0.0,0.96875,0.0,0.015625,0.0,0.0,0.0,0.0,0.0
6,4,0.0,0.015625,0.0,0.0,0.96875,0.0,0.015625,0.0,0.0,0.0,0.0,0.0
6,4,0.0,0.015625,0.0,0.0,0.96875,0.0,0.015625,0.0,0.0,0.0,0.0,0.0
6,4,0.0,0.015625,0.0,0.0,0.96875,0.0,0.015625,0.0,0.0,0.0,0.0,0.0
6,4,0.0,0.015625,0.0,0.0,0.96875,0.0,0.015625,0.0,0.0,0.0,0.0,0.0
6,4,0.0,0.015625,0.0,0.0,0.96875,0.0,0.015625,0.0,0.0,0.0,0.0,0.0
6,4,0.0,0.015625,0.0,0.0,0.96875,0.0,0.015625,0.0,0.0,0.0,0.0,0.0
6,4,0.0,0.015625,0.0,0.0,0.96875,0.0,0.015625,0.0,0.0,0.0,0.0,0.0
6,4,0.0,0.015625,0.0,0.0,0.96875,0.0,0.015625,0.0,0.0,0.0,0.0,0.0
6,4,0.0,0.015625,0.0,0.0,0.96875,0.0,0.015625,0.0,0.0,0.0,0.0,0.0
6,4,0.0,0.015625,0.0,0.0,0.96875,0.0,0.015625,0.0,0.0,0.0,0.0,0.0
6,4,0.0,0.015625,0.0,0.0,0.96875,0.0,0.015625,0.0,0.0,0.0,0.0,0.0
6,4,0.0,0.015625,0.0,0.0,0.96875,0.0,0.015625,0.0,0.0,0.0,0.0,0.0
6,4,0.0,0.015625,0.0,0.0,0.96875,0.0,0.015625,0.0,0.0,0.0,0.0,0.0
6,4,0.0,0.015625,0.0,0.0,0.96875,0.0,0.015625,0.0,0.0,0.0,0.0,0.0
6,4,0.0,0.015625,0.0,0.0,0.96875,0.0,0.015625,0.0,0.0,0.0,0.0,0.0
6,4,0.0,0.015625,0.0,0.0,0.96875,0.0,0.015625,0.0,0.0,0.0,0.0,0.0
6,4,0.0,0.015625,0.0,0.0,0.96875,0.0,0.015625,0.0,0.0,0.0,0.0,0.0
6,4,0.0,0.015625,0.0,0.0,0.96875,0.0,0.015625,0.0,0.0,0.0,0.0,0.0
6,4,0.0,0.015625,0.0,0.0,0.96875,0.0,0.015625,0.0,0.0,0.0,0.0,0.0
6,4,0.0,0.015625,0.0,0.0,0.96875,0.0,0.015625,0.0,0.0,0.0,0.0,0.0
6,4,0.0,0.015625,0.0,0.0,0.96875,0.0,0.015625,0.0,0.0,0.0,0.0,0.0
6,4,0.0,0.015625,0.0,0.0,0.96875,0.0,0.015625,0.0,0.0,0.0,0.0,0.0
6,4,0.0,0.015625,0.0,0.0,0.96875,0.0,0.015625,0.0,0.0,0.0,0.0,0.0
6,4,0.0,0.015625,0.0,0.0,0.96875,0.0,0.015625,0.0,0.0,0.0,0.0,0.0
6,4,0.0,0.015625,0.0,0.0,0.96875,0.0,0.015625,0.0,0.0,0.0,0.0,0.0
6,4,0.0,0.015625,0.0,0.0,0.96875,0.0,0.015625,0.0,0.0,0.0,0.0,0.0
6,4,0.0,0.015625,0.0,0.0,0.96875,0.0,0.015625,0.0,0.0,0.0,0.0,0.0
6,4,0.0,0.015625,0.0,0.0,0.96875,0.0,0.015625,0.0,0.0,0.0,0.0,0.0
6,4,0.0,0.015625,0.0,0.0,0.96875,0.0,0.015625,0.0,0.0,0.0,0.0,0.0
6,4,0.0,0.015625,0.0,0.0,0.96875,0.0,0.015625,0.0,0.0,0.0,0.0,0.0
6,4,0.0,0.015625,0.0,0.0,0.96875,0.0,0.015625,0.0,0.0,0.0,0.0,0.0
6,4,0.0,0.015625,0.0,0.0,0.96875,0.0,0.015625,0.0,0.0,0.0,0.0,0.0
6,4,0.0,0.015625,0.0,0.0,0.96875,0.0,0.015625,0.0,0.0,0.0,0.0,0.0
6,4,0.0,0.015625,0.0,0.0,0.96875,0.0,0.015625,0.0,0.0,0.0,0.0,0.0
6,4,0.0,0.015625,0.0,0.0,0.96875,0.0,0.015625,0.0,0.0,0.0,0.0,0.0
6,4,0.0,0.015625,0.0,0.0,0.96875,0.0,0.015625,0.0,0.0,0.0,0.0,0.0
6,4,0.0,0.015625,0.0,0.0,0.96875,0.0,0.015625,0.0,0.0,0.0,0.0,0.0
6,4,0.0,0.015625,0.0,0.0,0.96875,0.0,0.015625,0.0,0.0,0.0,0.0,0.0
6,4,0.0,0.015625,0.0,0.0,0.96875,0.0,0.015625,0.0,0.0,0.0,0.0,0.0
6,4,0.0,0.015625,0.0,0.0,0.96875,0.0,0.015625,0.0,0.0,0.0,0.0,0.0
6,4,0.0,0.015625,0.0,0.0,0.96875,0.0,0.015625,0.0,0.0,0.0,0.0,0.0
6,4,0.0,0.015625,0.0,0.0,0.96875,0.0,0.015625,0.0,0.0,0.0,0.0,0.0
6,4,0.0,0.015625,0.0,0.0,0.96875,0.0,0.015625,0.0,0.0,0.0,0.0,0.0
6,4,0.0,0.015625,0.0,0.0,0.96875,0.0,0.015625,0.0,0.0,0.0,0.0,0.0
6,4,0.0,0.015625,0.0,0.0,0.96875,0.0,0.015625,0.0,0.0,0.0,0.0,0.0
6,4,0.0,0.015625,0.0,0.0,0.96875,0.0,0.015625,0.0,0.0,0.0,0.0,0.0
6,4,0.0,0.015625,0.0,0.0,0.96875,0.0,0.015625,0.0,0.0,0.0,0.0,0.0
6,4,0.0,0.015625,0.0,0.0,0.96875,0.0,0.015625,0.0,0.0,0.0,0.0,0.0
6,4,0.0,0.015625,0.0,0.0,0.96875,0.0,0.015625,0.0,0.0,0.0,0.0,0.0
6,4,0.0,0.015625,0.0,0.0,0.96875,0.0,0.015625,0.0,0.0,0.0,0.0,0.0
6,4,0.0,0.015625,0.0,0.0,0.96875,0.0,0.015625,0.0,0.0,0.0,0.0,0.0
6,4,0.0,0.015625,0.0,0.0,0.96875,0.0,0.015625,0.0,0.0,0.0,0.0,0.0
6,4,0.0,0.015625,0.0,0.0,0.96875,0.0,0.015625,0.0,0.0,0.0,0.0,0.0
6,4,0.0,0.015625,0.0,0.0,0.96875,0.0,0.015625,0.0,0.0,0.0,0.0,0.0
6,4,0.0,0.015625,0.0,0.0,0.96875,0.0,0.015625,0.0,0.0,0.0,0.0,0.0
6,4,0.0,0.015625,0.0,0.0,0.96875,0.0,0.015625,0.0,0.0,0.0,0.0,0.0
6,4,0.0,0.015625,0.0,0.0,0.96875,0.0,0.015625,0.0,0.0,0.0,0.0,0.0
6,4,0.0,0.015625,0.0,0.0,0.96875,0.0,0.015625,0.0,0.0,0.0,0.0,0.0
6,4,0.0,0.015625,0.0,0.0,0.96875,0.0,0.015625,0.0,0.0,0.0,0.0,0.0
6,4,0.0,0.015625,0.0,0.0,0.96875,0.0,0.015625,0.0,0.0,0.0,0.0,0.0
6,4,0.0,0.015625,0.0,0.0,0.96875,0.0,0.015625,0.0,0.0,0.0,0.0,0.0
6,4,0.0,0.015625,0.0,0.0,0.96875,0.0,0.015625,0.0,0.0,0.0,0.0,0.0
6,4,0.0,0.015625,0.0,0.0,0.96875,0.0,0.015625,0.0,0.0,0.0,0.0,0.0
6,4,0.0,0.015625,0.0,0.0,0.96875,0.0,0.015625,0.0,0.0,0.0,0.0,0.0
6,4,0.0,0.015625,0.0,0.0,0.96875,0.0,0.015625,0.0,0.0,0.0,0.0,0.0
6,4,0.0,0.015625,0.0,0.0,0.96875,0.0,0.015625,0.0,0.0,0.0,0.0,0.0
6,4,0.0,0.015625,0.0,0.0,0.96875,0.0,0.015625,0.0,0.0,0.0,0.0,0.0
6,4,0.0,0.015625,0.0,0.0,0.96875,0.0,0.015625,0.0,0.0,0.0,0.0,0.0
6,4,0.0,0.015625,0.0,0.0,0.96875,0.0,0.015625,0.0,0.0,0.0,0.0,0.0
6,4,0.0,0.015625,0.0,0.0,0.96875,0.0,0.015625,0.0,0.0,0.0,0.0,0.0
6,4,0.0,0.015625,0.0,0.0,0.96875,0.0,0.015625,0.0,0.0,0.0,0.0,0.0
6,4,0.0,0.015625,0.0,0.0,0.96875,0.0,0.015625,0.0,0.0,0.0,0.0,0.0
6,4,0.0,0.015625,0.0,0.0,0.96875,0.0,0.015625,0.0,0.0,0.0,0.0,0.0
6,4,0.0,0.015625,0.0,0.0,0.96875,0.0,0.015625,0.0,0.0,0.0,0.0,0.0
6,4,0.0,0.015625,0.0,0.0,0.96875,0.0,0.015625,0.0,0.0,0.0,0.0,0.0
6,4,0.0,0.015625,0.0,0.0,0.96875,0.0,0.015625,0.0,0.0,0.0,0.0,0.0
6,4,0.0,0.015625,0.0,0.0,0.96875,0.0,0.015625,0.0,0.0,0.0,0.0,0.0
6,4,0.0,0.015625,0.0,0.0,0.96875,0.0,0.015625,0.0,0.0,0.0,0.0,0.0
6,4,0.0,0.015625,0.0,0.0,0.96875,0.0,0.015625,0.0,0.0,0.0,0.0,0.0
6,4,0.0,0.015625,0.0,0.0,0.96875,0.0,0.015625,0.0,0.0,0.0,0.0,0.0
6,4,0.0,0.015625,0.0,0.0,0.96875,0.0,0.015625,0.0,0.0,0.0,0.0,0.0
6,4,0.0,0.015625,0.0,0.0,0.96875,0.0,0.015625,0.0,0.0,0.0,0.0,0.0
6,4,0.0,0.015625,0.0,0.0,0.96875,0.0,0.015625,0.0,0.0,0.0,0.0,0.0
6,4,0.0,0.015625,0.0,0.0,0.96875,0.0,0.015625,0.0,0.0,0.0,0.0,0.0
6,4,0.0,0.015625,0.0,0.0,0.96875,0.0,0.015625,0.0,0.0,0.0,0.0,0.0
6,4,0.0,0.015625,0.0,0.0,0.96875,0.0,0.015625,0.0,0.0,0.0,0.0,0.0
6,4,0.0,0.015625,0.0,0.0,0.96875,0.0,0.015625,0.0,0.0,0.0,0.0,0.0
6,4,0.0,0.015625,0.0,0.0,0.96875,0.0,0.015625,0.0,0.0,0.0,0.0,0.0
6,4,0.0,0.015625,0.0,0.0,0.96875,0.0,0.015625,0.0,0.0,0.0,0.0,0.0
6,4,0.0,0.015625,0.0,0.0,0.96875,0.0,0.015625,0.0,0.0,0.0,0.0,0.0
6,4,0.0,0.015625,0.0,0.0,0.96875,0.0,0.015625,0.0,0.0,0.0,0.0,0.0
6,4,0.0,0.015625,0.0,0.0,0.96875,0.0,0.015625,0.0,0.0,0.0,0.0,0.0
6,4,0.0,0.015625,0.0,0.0,0.96875,0.0,0.015625,0.0,0.0,0.0,0.0,0.0
6,4,0.0,0.015625,0.0,0.0,0.96875,0.0,0.015625,0.0,0.0,0.0,0.0,0.0
6,4,0.0,0.015625,0.0,0.0,0.96875,0.0,0.015625,0.0,0.0,0.0,0.0,0.0
6,4,0.0,0.015625,0.0,0.0,0.96875,0.0,0.015625,0.0,0.0,0.0,0.0,0.0
6,4,0.0,0.015625,0.0,0.0,0.96875,0.0,0.015625,0.0,0.0,0.0,0.0,0.0
6,4,0.0,0.015625,0.0,0.0,0.984375,0.0,0.0,0.0,0.0,0.0,0.0,0.0
6,4,0.0,0.015625,0.0,0.0,0.984375,0.0,0.0,0.0,0.0,0.0,0.0,0.0
6,4,0.0,0.015625,0.0,0.0,0.984375,0.0,0.0,0.0,0.0,0.0,0.0,0.0
6,4,0.0,0.015625,0.0,0.0,0.984375,0.0,0.0,0.0,0.0,0.0,0.0,0.0
6,4,0.0,0.015625,0.0,0.0,0.984375,0.0,0.0,0.0,0.0,0.0,0.0,0.0
6,4,0.0,0.015625,0.0,0.0,0.984375,0.0,0.0,0.0,0.0,0.0,0.0,0.0
6,4,0.0,0.015625,0.0,0.0,0.984375,0.0,0.0,0.0,0.0,0.0,0.0,0.0
6,4,0.0,0.015625,0.0,0.0,0.984375,0.0,0.0,0.0,0.0,0.0,0.0,0.0
6,4,0.0,0.015625,0.0,0.0,0.984375,0.0,0.0,0.0,0.0,0.0,0.0,0.0
6,4,0.0,0.015625,0.0,0.0,0.984375,0.0,0.0,0.0,0.0,0.0,0.0,0.0
6,4,0.0,0.015625,0.0,0.0,0.984375,0.0,0.0,0.0,0.0,0.0,0.0,0.0
6,4,0.0,0.015625,0.0,0.0,0.984375,0.0,0.0,0.0,0.0,0.0,0.0,0.0
6,4,0.0,0.015625,0.0,0.0,0.984375,0.0,0.0,0.0,0.0,0.0,0.0,0.0
6,4,0.0,0.015625,0.0,0.0,0.984375,0.0,0.0,0.0,0.0,0.0,0.0,0.0
6,4,0.0,0.015625,0.0,0.0,0.984375,0.0,0.0,0.0,0.0,0.0,0.0,0.0
6,4,0.0,0.015625,0.0,0.0,0.984375,0.0,0.0,0.0,0.0,0.0,0.0,0.0
6,4,0.0,0.015625,0.0,0.0,0.984375,0.0,0.0,0.0,0.0,0.0,0.0,0.0
6,4,0.0,0.015625,0.0,0.0,0.984375,0.0,0.0,0.0,0.0,0.0,0.0,0.0
6,4,0.0,0.015625,0.0,0.0,0.984375,0.0,0.0,0.0,0.0,0.0,0.0,0.0
6,4,0.0,0.015625,0.0,0.0,0.984375,0.0,0.0,0.0,0.0,0.0,0.0,0.0
6,4,0.0,0.015625,0.0,0.0,0.984375,0.0,0.0,0.0,0.0,0.0,0.0,0.0
6,4,0.0,0.015625,0.0,0.0,0.984375,0.0,0.0,0.0,0.0,0.0,0.0,0.0
6,4,0.0,0.015625,0.0,0.0,0.984375,0.0,0.0,0.0,0.0,0.0,0.0,0.0
6,4,0.0,0.015625,0.0,0.0,0.984375,0.0,0.0,0.0,0.0,0.0,0.0,0.0
6,4,0.0,0.015625,0.0,0.0,0.984375,0.0,0.0,0.0,0.0,0.0,0.0,0.0
6,4,0.0,0.015625,0.0,0.0,0.984375,0.0,0.0,0.0,0.0,0.0,0.0,0.0
6,4,0.0,0.015625,0.0,0.0,0.984375,0.0,0.0,0.0,0.0,0.0,0.0,0.0
6,4,0.0,0.015625,0.0,0.0,0.984375,0.0,0.0,0.0,0.0,0.0,0.0,0.0
6,4,0.0,0.015625,0.0,0.0,0.984375,0.0,0.0,0.0,0.0,0.0,0.0,0.0
6,4,0.0,0.015625,0.0,0.0,0.984375,0.0,0.0,0.0,0.0,0.0,0.0,0.0
6,4,0.0,0.015625,0.0,0.0,0.984375,0.0,0.0,0.0,0.0,0.0,0.0,0.0
6,4,0.0,0.015625,0.0,0.0,0.984375,0.0,0.0,0.0,0.0,0.0,0.0,0.0
6,4,0.0,0.015625,0.0,0.0,0.984375,0.0,0.0,0.0,0.0,0.0,0.0,0.0
6,4,0.0,0.015625,0.0,0.0,0.984375,0.0,0.0,0.0,0.0,0.0,0.0,0.0
6,4,0.0,0.015625,0.0,0.0,0.984375,0.0,0.0,0.0,0.0,0.0,0.0,0.0
6,4,0.0,0.015625,0.0,0.0,0.984375,0.0,0.0,0.0,0.0,0.0,0.0,0.0
6,4,0.0,0.015625,0.0,0.0,0.984375,0.0,0.0,0.0,0.0,0.0,0.0,0.0
6,4,0.0,0.015625,0.0,0.0,0.984375,0.0,0.0,0.0,0.0,0.0,0.0,0.0
6,4,0.0,0.015625,0.0,0.0,0.984375,0.0,0.0,0.0,0.0,0.0,0.0,0.0
6,4,0.0,0.015625,0.0,0.0,0.984375,0.0,0.0,0.0,0.0,0.0,0.0,0.0
6,4,0.0,0.015625,0.0,0.0,0.984375,0.0,0.0,0.0,0.0,0.0,0.0,0.0
6,4,0.0,0.015625,0.0,0.0,0.984375,0.0,0.0,0.0,0.0,0.0,0.0,0.0
6,4,0.0,0.015625,0.0,0.0,0.984375,0.0,0.0,0.0,0.0,0.0,0.0,0.0
6,4,0.0,0.015625,0.0,0.0,0.984375,0.0,0.0,0.0,0.0,0.0,0.0,0.0
6,4,0.0,0.015625,0.0,0.0,0.984375,0.0,0.0,0.0,0.0,0.0,0.0,0.0
6,4,0.0,0.015625,0.0,0.0,0.984375,0.0,0.0,0.0,0.0,0.0,0.0,0.0
6,4,0.0,0.015625,0.0,0.0,0.984375,0.0,0.0,0.0,0.0,0.0,0.0,0.0
6,4,0.0,0.015625,0.0,0.0,0.984375,0.0,0.0,0.0,0.0,0.0,0.0,0.0
6,4,0.0,0.015625,0.0,0.0,0.984375,0.0,0.0,0.0,0.0,0.0,0.0,0.0
6,4,0.0,0.015625,0.0,0.0,0.984375,0.0,0.0,0.0,0.0,0.0,0.0,0.0
6,4,0.0,0.015625,0.0,0.0,0.984375,0.0,0.0,0.0,0.0,0.0,0.0,0.0
6,4,0.0,0.015625,0.0,0.0,0.984375,0.0,0.0,0.0,0.0,0.0,0.0,0.0
6,4,0.0,0.015625,0.0,0.0,0.984375,0.0,0.0,0.0,0.0,0.0,0.0,0.0
6,4,0.0,0.015625,0.0,0.0,0.984375,0.0,0.0,0.0,0.0,0.0,0.0,0.0
6,4,0.0,0.015625,0.0,0.0,0.984375,0.0,0.0,0.0,0.0,0.0,0.0,0.0
6,4,0.0,0.015625,0.0,0.0,0.984375,0.0,0.0,0.0,0.0,0.0,0.0,0.0
6,4,0.0,0.015625,0.0,0.0,0.984375,0.0,0.0,0.0,0.0,0.0,0.0,0.0
6,4,0.0,0.015625,0.0,0.0,0.984375,0.0,0.0,0.0,0.0,0.0,0.0,0.0
6,4,0.0,0.015625,0.0,0.0,0.984375,0.0,0.0,0.0,0.0,0.0,0.0,0.0
6,4,0.0,0.015625,0.0,0.0,0.984375,0.0,0.0,0.0,0.0,0.0,0.0,0.0
6,4,0.0,0.015625,0.0,0.0,0.984375,0.0,0.0,0.0,0.0,0.0,0.0,0.0
6,4,0.0,0.015625,0.0,0.0,0.984375,0.0,0.0,0.0,0.0,0.0,0.0,0.0
6,4,0.0,0.015625,0.0,0.0,0.984375,0.0,0.0,0.0,0.0,0.0,0.0,0.0
6,4,0.0,0.015625,0.0,0.0,0.984375,0.0,0.0,0.0,0.0,0.0,0.0,0.0
6,4,0.0,0.015625,0.0,0.0,0.984375,0.0,0.0,0.0,0.0,0.0,0.0,0.0
6,4,0.0,0.015625,0.0,0.0,0.984375,0.0,0.0,0.0,0.0,0.0,0.0,0.0
6,4,0.0,0.015625,0.0,0.0,0.984375,0.0,0.0,0.0,0.0,0.0,0.0,0.0
6,4,0.0,0.015625,0.0,0.0,0.984375,0.0,0.0,0.0,0.0,0.0,0.0,0.0
6,4,0.0,0.015625,0.0,0.0,0.984375,0.0,0.0,0.0,0.0,0.0,0.0,0.0
6,4,0.0,0.015625,0.0,0.0,0.984375,0.0,0.0,0.0,0.0,0.0,0.0,0.0
6,4,0.0,0.015625,0.0,0.0,0.984375,0.0,0.0,0.0,0.0,0.0,0.0,0.0
6,4,0.0,0.015625,0.0,0.0,0.984375,0.0,0.0,0.0,0.0,0.0,0.0,0.0
6,4,0.0,0.015625,0.0,0.0,0.984375,0.0,0.0,0.0,0.0,0.0,0.0,0.0
6,4,0.0,0.015625,0.0,0.0,0.984375,0.0,0.0,0.0,0.0,0.0,0.0,0.0
6,4,0.0,0.015625,0.0,0.0,0.984375,0.0,0.0,0.0,0.0,0.0,0.0,0.0
6,4,0.0,0.015625,0.0,0.0,0.984375,0.0,0.0,0.0,0.0,0.0,0.0,0.0
6,4,0.0,0.015625,0.0,0.0,0.984375,0.0,0.0,0.0,0.0,0.0,0.0,0.0
6,4,0.0,0.015625,0.0,0.0,0.984375,0.0,0.0,0.0,0.0,0.0,0.0,0.0
6,4,0.0,0.015625,0.0,0.0,0.984375,0.0,0.0,0.0,0.0,0.0,0.0,0.0
6,4,0.0,0.015625,0.0,0.0,0.984375,0.0,0.0,0.0,0.0,0.0,0.0,0.0
6,4,0.0,0.015625,0.0,0.0,0.984375,0.0,0.0,0.0,0.0,0.0,0.0,0.0
6,4,0.0,0.015625,0.0,0.0,0.984375,0.0,0.0,0.0,0.0,0.0,0.0,0.0
6,4,0.0,0.015625,0.0,0.0,0.984375,0.0,0.0,0.0,0.0,0.0,0.0,0.0
6,4,0.0,0.015625,0.0,0.0,0.984375,0.0,0.0,0.0,0.0,0.0,0.0,0.0
6,4,0.0,0.015625,0.0,0.0,0.984375,0.0,0.0,0.0,0.0,0.0,0.0,0.0
6,4,0.0,0.015625,0.0,0.0,0.984375,0.0,0.0,0.0,0.0,0.0,0.0,0.0
6,4,0.0,0.015625,0.0,0.0,0.984375,0.0,0.0,0.0,0.0,0.0,0.0,0.0
6,4,0.0,0.015625,0.0,0.0,0.984375,0.0,0.0,0.0,0.0,0.0,0.0,0.0
6,4,0.0,0.015625,0.0,0.0,0.984375,0.0,0.0,0.0,0.0,0.0,0.0,0.0
6,4,0.0,0.015625,0.0,0.0,0.984375,0.0,0.0,0.0,0.0,0.0,0.0,0.0
6,4,0.0,0.015625,0.0,0.0,0.984375,0.0,0.0,0.0,0.0,0.0,0.0,0.0
6,4,0.0,0.015625,0.0,0.0,0.984375,0.0,0.0,0.0,0.0,0.0,0.0,0.0
6,4,0.0,0.015625,0.0,0.0,0.984375,0.0,0.0,0.0,0.0,0.0,0.0,0.0
6,4,0.0,0.015625,0.0,0.0,0.984375,0.0,0.0,0.0,0.0,0.0,0.0,0.0
6,4,0.0,0.015625,0.0,0.0,0.984375,0.0,0.0,0.0,0.0,0.0,0.0,0.0
6,4,0.0,0.015625,0.0,0.0,0.984375,0.0,0.0,0.0,0.0,0.0,0.0,0.0
6,4,0.0,0.015625,0.0,0.0,0.984375,0.0,0.0,0.0,0.0,0.0,0.0,0.0
6,4,0.0,0.015625,0.0,0.0,0.984375,0.0,0.0,0.0,0.0,0.0,0.0,0.0
6,4,0.0,0.015625,0.0,0.0,0.984375,0.0,0.0,0.0,0.0,0.0,0.0,0.0
6,4,0.0,0.015625,0.0,0.0,0.984375,0.0,0.0,0.0,0.0,0.0,0.0,0.0
6,4,0.0,0.015625,0.0,0.0,0.984375,0.0,0.0,0.0,0.0,0.0,0.0,0.0
6,4,0.0,0.015625,0.0,0.0,0.984375,0.0,0.0,0.0,0.0,0.0,0.0,0.0
6,4,0.0,0.015625,0.0,0.0,0.984375,0.0,0.0,0.0,0.0,0.0,0.0,0.0
6,4,0.0,0.015625,0.0,0.0,0.984375,0.0,0.0,0.0,0.0,0.0,0.0,0.0
6,4,0.0,0.015625,0.0,0.0,0.984375,0.0,0.0,0.0,0.0,0.0,0.0,0.0
6,4,0.0,0.015625,0.0,0.0,0.984375,0.0,0.0,0.0,0.0,0.0,0.0,0.0
6,4,0.0,0.015625,0.0,0.0,0.984375,0.0,0.0,0.0,0.0,0.0,0.0,0.0
6,4,0.0,0.015625,0.0,0.0,0.984375,0.0,0.0,0.0,0.0,0.0,0.0,0.0
6,4,0.0,0.015625,0.0,0.0,0.984375,0.0,0.0,0.0,0.0,0.0,0.0,0.0
6,4,0.0,0.015625,0.0,0.0,0.984375,0.0,0.0,0.0,0.0,0.0,0.0,0.0
6,4,0.0,0.015625,0.0,0.0,0.984375,0.0,0.0,0.0,0.0,0.0,0.0,0.0
6,4,0.0,0.015625,0.0,0.0,0.984375,0.0,0.0,0.0,0.0,0.0,0.0,0.0
6,4,0.0,0.015625,0.0,0.0,0.984375,0.0,0.0,0.0,0.0,0.0,0.0,0.0
6,4,0.0,0.015625,0.0,0.0,0.984375,0.0,0.0,0.0,0.0,0.0,0.0,0.0
6,4,0.0,0.015625,0.0,0.0,0.984375,0.0,0.0,0.0,0.0,0.0,0.0,0.0
6,4,0.0,0.015625,0.0,0.0,0.984375,0.0,0.0,0.0,0.0,0.0,0.0,0.0
6,4,0.0,0.015625,0.0,0.0,0.984375,0.0,0.0,0.0,0.0,0.0,0.0,0.0
6,4,0.0,0.015625,0.0,0.0,0.984375,0.0,0.0,0.0,0.0,0.0,0.0,0.0
6,4,0.0,0.015625,0.0,0.0,0.984375,0.0,0.0,0.0,0.0,0.0,0.0,0.0
6,4,0.0,0.015625,0.0,0.0,0.984375,0.0,0.0,0.0,0.0,0.0,0.0,0.0
6,4,0.0,0.015625,0.0,0.0,0.984375,0.0,0.0,0.0,0.0,0.0,0.0,0.0
6,4,0.0,0.015625,0.0,0.0,0.984375,0.0,0.0,0.0,0.0,0.0,0.0,0.0
6,4,0.0,0.015625,0.0,0.0,0.984375,0.0,0.0,0.0,0.0,0.0,0.0,0.0
6,4,0.0,0.015625,0.0,0.0,0.984375,0.0,0.0,0.0,0.0,0.0,0.0,0.0
6,4,0.0,0.015625,0.0,0.0,0.984375,0.0,0.0,0.0,0.0,0.0,0.0,0.0
6,4,0.0,0.015625,0.0,0.0,0.984375,0.0,0.0,0.0,0.0,0.0,0.0,0.0
6,4,0.0,0.015625,0.0,0.0,0.984375,0.0,0.0,0.0,0.0,0.0,0.0,0.0
6,4,0.0,0.015625,0.0,0.0,0.984375,0.0,0.0,0.0,0.0,0.0,0.0,0.0
6,4,0.0,0.015625,0.0,0.0,0.984375,0.0,0.0,0.0,0.0,0.0,0.0,0.0
6,4,0.0,0.015625,0.0,0.0,0.984375,0.0,0.0,0.0,0.0,0.0,0.0,0.0
6,4,0.0,0.015625,0.0,0.0,0.984375,0.0,0.0,0.0,0.0,0.0,0.0,0.0
6,4,0.0,0.015625,0.0,0.0,0.984375,0.0,0.0,0.0,0.0,0.0,0.0,0.0
6,4,0.0,0.015625,0.0,0.0,0.984375,0.0,0.0,0.0,0.0,0.0,0.0,0.0
6,4,0.0,0.015625,0.0,0.0,0.984375,0.0,0.0,0.0,0.0,0.0,0.0,0.0
6,4,0.0,0.015625,0.0,0.0,0.984375,0.0,0.0,0.0,0.0,0.0,0.0,0.0
6,4,0.0,0.015625,0.0,0.0,0.984375,0.0,0.0,0.0,0.0,0.0,0.0,0.0
6,4,0.0,0.015625,0.0,0.0,0.984375,0.0,0.0,0.0,0.0,0.0,0.0,0.0
6,4,0.0,0.015625,0.0,0.0,0.984375,0.0,0.0,0.0,0.0,0.0,0.0,0.0
6,4,0.0,0.015625,0.0,0.0,0.984375,0.0,0.0,0.0,0.0,0.0,0.0,0.0
6,4,0.0,0.015625,0.0,0.0,0.984375,0.0,0.0,0.0,0.0,0.0,0.0,0.0
6,4,0.0,0.015625,0.0,0.0,0.984375,0.0,0.0,0.0,0.0,0.0,0.0,0.0
6,4,0.0,0.015625,0.0,0.0,0.984375,0.0,0.0,0.0,0.0,0.0,0.0,0.0
6,4,0.0,0.015625,0.0,0.0,0.984375,0.0,0.0,0.0,0.0,0.0,0.0,0.0
6,4,0.0,0.015625,0.0,0.0,0.984375,0.0,0.0,0.0,0.0,0.0,0.0,0.0
6,4,0.0,0.015625,0.0,0.0,0.984375,0.0,0.0,0.0,0.0,0.0,0.0,0.0
6,4,0.0,0.015625,0.0,0.0,0.984375,0.0,0.0,0.0,0.0,0.0,0.0,0.0
6,4,0.0,0.015625,0.0,0.0,0.984375,0.0,0.0,0.0,0.0,0.0,0.0,0.0
6,4,0.0,0.015625,0.0,0.0,0.984375,0.0,0.0,0.0,0.0,0.0,0.0,0.0
6,4,0.0,0.015625,0.0,0.0,0.984375,0.0,0.0,0.0,0.0,0.0,0.0,0.0
6,4,0.0,0.015625,0.0,0.0,0.984375,0.0,0.0,0.0,0.0,0.0,0.0,0.0
6,4,0.0,0.015625,0.0,0.0,0.984375,0.0,0.0,0.0,0.0,0.0,0.0,0.0
6,4,0.0,0.015625,0.0,0.0,0.984375,0.0,0.0,0.0,0.0,0.0,0.0,0.0
6,4,0.0,0.015625,0.0,0.0,0.984375,0.0,0.0,0.0,0.0,0.0,0.0,0.0
6,4,0.0,0.015625,0.0,0.0,0.984375,0.0,0.0,0.0,0.0,0.0,0.0,0.0
6,4,0.0,0.015625,0.0,0.0,0.984375,0.0,0.0,0.0,0.0,0.0,0.0,0.0
6,4,0.0,0.015625,0.0,0.0,0.984375,0.0,0.0,0.0,0.0,0.0,0.0,0.0
6,4,0.0,0.015625,0.0,0.0,0.984375,0.0,0.0,0.0,0.0,0.0,0.0,0.0
6,4,0.0,0.015625,0.0,0.0,0.984375,0.0,0.0,0.0,0.0,0.0,0.0,0.0
6,4,0.0,0.015625,0.0,0.0,0.984375,0.0,0.0,0.0,0.0,0.0,0.0,0.0
6,4,0.0,0.015625,0.0,0.0,0.984375,0.0,0.0,0.0,0.0,0.0,0.0,0.0
6,4,0.0,0.015625,0.0,0.0,0.984375,0.0,0.0,0.0,0.0,0.0,0.0,0.0
6,4,0.0,0.015625,0.0,0.0,0.984375,0.0,0.0,0.0,0.0,0.0,0.0,0.0
6,4,0.0,0.015625,0.0,0.0,0.984375,0.0,0.0,0.0,0.0,0.0,0.0,0.0
6,4,0.0,0.015625,0.0,0.0,0.984375,0.0,0.0,0.0,0.0,0.0,0.0,0.0
6,4,0.0,0.015625,0.0,0.0,0.984375,0.0,0.0,0.0,0.0,0.0,0.0,0.0
6,4,0.0,0.015625,0.0,0.0,0.984375,0.0,0.0,0.0,0.0,0.0,0.0,0.0
6,4,0.0,0.015625,0.0,0.0,0.984375,0.0,0.0,0.0,0.0,0.0,0.0,0.0
6,4,0.0,0.015625,0.0,0.0,0.984375,0.0,0.0,0.0,0.0,0.0,0.0,0.0
6,4,0.0,0.015625,0.0,0.0,0.984375,0.0,0.0,0.0,0.0,0.0,0.0,0.0
6,4,0.0,0.015625,0.0,0.0,0.984375,0.0,0.0,0.0,0.0,0.0,0.0,0.0
6,4,0.0,0.015625,0.0,0.0,0.984375,0.0,0.0,0.0,0.0,0.0,0.0,0.0
6,4,0.0,0.015625,0.0,0.0,0.984375,0.0,0.0,0.0,0.0,0.0,0.0,0.0
6,4,0.0,0.015625,0.0,0.0,0.984375,0.0,0.0,0.0,0.0,0.0,0.0,0.0
6,4,0.0,0.015625,0.0,0.0,0.984375,0.0,0.0,0.0,0.0,0.0,0.0,0.0
6,4,0.0,0.015625,0.0,0.0,0.984375,0.0,0.0,0.0,0.0,0.0,0.0,0.0
6,4,0.0,0.015625,0.0,0.0,0.984375,0.0,0.0,0.0,0.0,0.0,0.0,0.0
6,4,0.0,0.015625,0.0,0.0,0.984375,0.0,0.0,0.0,0.0,0.0,0.0,0.0
6,4,0.0,0.015625,0.0,0.0,0.984375,0.0,0.0,0.0,0.0,0.0,0.0,0.0
6,4,0.0,0.015625,0.0,0.0,0.984375,0.0,0.0,0.0,0.0,0.0,0.0,0.0
6,4,0.0,0.015625,0.0,0.0,0.984375,0.0,0.0,0.0,0.0,0.0,0.0,0.0
6,4,0.0,0.015625,0.0,0.0,0.984375,0.0,0.0,0.0,0.0,0.0,0.0,0.0
6,4,0.0,0.015625,0.0,0.0,0.984375,0.0,0.0,0.0,0.0,0.0,0.0,0.0
6,4,0.0,0.015625,0.0,0.0,0.984375,0.0,0.0,0.0,0.0,0.0,0.0,0.0
6,4,0.0,0.015625,0.0,0.0,0.984375,0.0,0.0,0.0,0.0,0.0,0.0,0.0
6,4,0.0,0.015625,0.0,0.0,0.984375,0.0,0.0,0.0,0.0,0.0,0.0,0.0
6,4,0.0,0.015625,0.0,0.0,0.984375,0.0,0.0,0.0,0.0,0.0,0.0,0.0
6,4,0.0,0.015625,0.0,0.0,0.984375,0.0,0.0,0.0,0.0,0.0,0.0,0.0
6,4,0.0,0.015625,0.0,0.0,0.984375,0.0,0.0,0.0,0.0,0.0,0.0,0.0
6,4,0.0,0.015625,0.0,0.0,0.984375,0.0,0.0,0.0,0.0,0.0,0.0,0.0
6,4,0.0,0.015625,0.0,0.0,0.984375,0.0,0.0,0.0,0.0,0.0,0.0,0.0
6,4,0.0,0.015625,0.0,0.0,0.984375,0.0,0.0,0.0,0.0,0.0,0.0,0.0
6,4,0.0,0.015625,0.0,0.0,0.984375,0.0,0.0,0.0,0.0,0.0,0.0,0.0
6,4,0.0,0.015625,0.0,0.0,0.984375,0.0,0.0,0.0,0.0,0.0,0.0,0.0
6,4,0.0,0.015625,0.0,0.0,0.984375,0.0,0.0,0.0,0.0,0.0,0.0,0.0
6,4,0.0,0.015625,0.0,0.0,0.984375,0.0,0.0,0.0,0.0,0.0,0.0,0.0
6,4,0.0,0.015625,0.0,0.0,0.984375,0.0,0.0,0.0,0.0,0.0,0.0,0.0
6,4,0.0,0.015625,0.0,0.0,0.984375,0.0,0.0,0.0,0.0,0.0,0.0,0.0
6,4,0.0,0.015625,0.0,0.0,0.984375,0.0,0.0,0.0,0.0,0.0,0.0,0.0
6,4,0.0,0.015625,0.0,0.0,0.984375,0.0,0.0,0.0,0.0,0.0,0.0,0.0
6,4,0.0,0.015625,0.0,0.0,0.984375,0.0,0.0,0.0,0.0,0.0,0.0,0.0
6,4,0.0,0.015625,0.0,0.0,0.984375,0.0,0.0,0.0,0.0,0.0,0.0,0.0
6,4,0.0,0.015625,0.0,0.0,0.984375,0.0,0.0,0.0,0.0,0.0,0.0,0.0
6,4,0.0,0.015625,0.0,0.0,0.984375,0.0,0.0,0.0,0.0,0.0,0.0,0.0
6,4,0.0,0.015625,0.0,0.0,0.984375,0.0,0.0,0.0,0.0,0.0,0.0,0.0
6,4,0.0,0.015625,0.0,0.0,0.984375,0.0,0.0,0.0,0.0,0.0,0.0,0.0
6,4,0.0,0.015625,0.0,0.0,0.984375,0.0,0.0,0.0,0.0,0.0,0.0,0.0
6,4,0.0,0.015625,0.0,0.0,0.984375,0.0,0.0,0.0,0.0,0.0,0.0,0.0
6,4,0.0,0.015625,0.0,0.0,0.984375,0.0,0.0,0.0,0.0,0.0,0.0,0.0
6,4,0.0,0.015625,0.0,0.0,0.984375,0.0,0.0,0.0,0.0,0.0,0.0,0.0
6,4,0.0,0.015625,0.0,0.0,0.984375,0.0,0.0,0.0,0.0,0.0,0.0,0.0
6,4,0.0,0.015625,0.0,0.0,0.984375,0.0,0.0,0.0,0.0,0.0,0.0,0.0
6,4,0.0,0.015625,0.0,0.0,0.984375,0.0,0.0,0.0,0.0,0.0,0.0,0.0
6,4,0.0,0.015625,0.0,0.0,0.984375,0.0,0.0,0.0,0.0,0.0,0.0,0.0
6,4,0.0,0.015625,0.0,0.0,0.984375,0.0,0.0,0.0,0.0,0.0,0.0,0.0
6,4,0.0,0.015625,0.0,0.0,0.984375,0.0,0.0,0.0,0.0,0.0,0.0,0.0
6,4,0.0,0.015625,0.0,0.0,0.984375,0.0,0.0,0.0,0.0,0.0,0.0,0.0
6,4,0.0,0.015625,0.0,0.0,0.96875,0.0,0.0,0.015625,0.0,0.0,0.0,0.0
6,4,0.0,0.015625,0.0,0.0,0.96875,0.0,0.0,0.015625,0.0,0.0,0.0,0.0
6,4,0.0,0.015625,0.0,0.0,0.96875,0.0,0.0,0.015625,0.0,0.0,0.0,0.0
6,4,0.0,0.015625,0.0,0.0,0.96875,0.0,0.0,0.015625,0.0,0.0,0.0,0.0
6,4,0.0,0.015625,0.0,0.0,0.96875,0.0,0.0,0.015625,0.0,0.0,0.0,0.0
6,4,0.0,0.015625,0.0,0.0,0.96875,0.0,0.0,0.015625,0.0,0.0,0.0,0.0
6,4,0.0,0.015625,0.0,0.0,0.96875,0.0,0.0,0.015625,0.0,0.0,0.0,0.0
6,4,0.0,0.015625,0.0,0.0,0.96875,0.0,0.0,0.015625,0.0,0.0,0.0,0.0
6,4,0.0,0.015625,0.0,0.0,0.96875,0.0,0.0,0.015625,0.0,0.0,0.0,0.0
6,4,0.0,0.015625,0.0,0.0,0.96875,0.0,0.0,0.015625,0.0,0.0,0.0,0.0
6,4,0.0,0.015625,0.0,0.0,0.96875,0.0,0.0,0.015625,0.0,0.0,0.0,0.0
6,4,0.0,0.015625,0.0,0.0,0.96875,0.0,0.0,0.015625,0.0,0.0,0.0,0.0
6,4,0.0,0.015625,0.0,0.0,0.96875,0.0,0.0,0.015625,0.0,0.0,0.0,0.0
6,4,0.0,0.015625,0.0,0.0,0.96875,0.0,0.0,0.015625,0.0,0.0,0.0,0.0
6,4,0.0,0.015625,0.0,0.0,0.96875,0.0,0.0,0.015625,0.0,0.0,0.0,0.0
6,4,0.0,0.015625,0.0,0.0,0.96875,0.0,0.0,0.015625,0.0,0.0,0.0,0.0
6,4,0.0,0.015625,0.0,0.0,0.96875,0.0,0.0,0.015625,0.0,0.0,0.0,0.0
6,4,0.0,0.015625,0.0,0.0,0.96875,0.0,0.0,0.015625,0.0,0.0,0.0,0.0
6,4,0.0,0.015625,0.0,0.0,0.96875,0.0,0.0,0.015625,0.0,0.0,0.0,0.0
6,4,0.0,0.015625,0.0,0.0,0.96875,0.0,0.0,0.015625,0.0,0.0,0.0,0.0
6,4,0.0,0.015625,0.0,0.0,0.96875,0.0,0.0,0.015625,0.0,0.0,0.0,0.0
6,4,0.0,0.015625,0.0,0.0,0.96875,0.0,0.0,0.015625,0.0,0.0,0.0,0.0
6,4,0.0,0.015625,0.0,0.0,0.96875,0.0,0.0,0.015625,0.0,0.0,0.0,0.0
6,4,0.0,0.015625,0.0,0.0,0.96875,0.0,0.0,0.015625,0.0,0.0,0.0,0.0
6,4,0.0,0.015625,0.0,0.0,0.96875,0.0,0.0,0.015625,0.0,0.0,0.0,0.0
6,4,0.0,0.015625,0.0,0.0,0.96875,0.0,0.0,0.015625,0.0,0.0,0.0,0.0
6,4,0.0,0.015625,0.0,0.0,0.96875,0.0,0.0,0.015625,0.0,0.0,0.0,0.0
6,4,0.0,0.015625,0.0,0.0,0.96875,0.0,0.0,0.015625,0.0,0.0,0.0,0.0
6,4,0.0,0.015625,0.0,0.0,0.96875,0.0,0.0,0.015625,0.0,0.0,0.0,0.0
6,4,0.0,0.015625,0.0,0.0,0.96875,0.0,0.0,0.015625,0.0,0.0,0.0,0.0
6,4,0.0,0.015625,0.0,0.0,0.96875,0.0,0.0,0.015625,0.0,0.0,0.0,0.0
6,4,0.0,0.015625,0.0,0.0,0.96875,0.0,0.0,0.015625,0.0,0.0,0.0,0.0
6,4,0.0,0.015625,0.0,0.0,0.96875,0.0,0.0,0.015625,0.0,0.0,0.0,0.0
6,4,0.0,0.015625,0.0,0.0,0.96875,0.0,0.0,0.015625,0.0,0.0,0.0,0.0
6,4,0.0,0.015625,0.0,0.0,0.96875,0.0,0.0,0.015625,0.0,0.0,0.0,0.0
6,4,0.0,0.015625,0.0,0.0,0.96875,0.0,0.0,0.015625,0.0,0.0,0.0,0.0
6,4,0.0,0.015625,0.0,0.0,0.96875,0.0,0.0,0.015625,0.0,0.0,0.0,0.0
6,4,0.0,0.015625,0.0,0.0,0.96875,0.0,0.0,0.015625,0.0,0.0,0.0,0.0
6,4,0.0,0.015625,0.0,0.0,0.96875,0.0,0.0,0.015625,0.0,0.0,0.0,0.0
6,4,0.0,0.015625,0.0,0.0,0.96875,0.0,0.0,0.015625,0.0,0.0,0.0,0.0
6,4,0.0,0.015625,0.0,0.0,0.96875,0.0,0.0,0.015625,0.0,0.0,0.0,0.0
6,4,0.0,0.015625,0.0,0.0,0.96875,0.0,0.0,0.015625,0.0,0.0,0.0,0.0
6,4,0.0,0.015625,0.0,0.0,0.96875,0.0,0.0,0.015625,0.0,0.0,0.0,0.0
6,4,0.0,0.015625,0.0,0.0,0.96875,0.0,0.0,0.015625,0.0,0.0,0.0,0.0
6,4,0.0,0.015625,0.0,0.0,0.96875,0.0,0.0,0.015625,0.0,0.0,0.0,0.0
6,4,0.0,0.015625,0.0,0.0,0.96875,0.0,0.0,0.015625,0.0,0.0,0.0,0.0
6,4,0.0,0.015625,0.0,0.0,0.96875,0.0,0.0,0.015625,0.0,0.0,0.0,0.0
6,4,0.0,0.015625,0.0,0.0,0.96875,0.0,0.0,0.015625,0.0,0.0,0.0,0.0
6,4,0.0,0.015625,0.0,0.0,0.96875,0.0,0.0,0.015625,0.0,0.0,0.0,0.0
6,4,0.0,0.015625,0.0,0.0,0.96875,0.0,0.0,0.015625,0.0,0.0,0.0,0.0
6,4,0.0,0.015625,0.0,0.0,0.96875,0.0,0.0,0.015625,0.0,0.0,0.0,0.0
6,4,0.0,0.015625,0.0,0.0,0.96875,0.0,0.0,0.015625,0.0,0.0,0.0,0.0
6,4,0.0,0.015625,0.0,0.0,0.96875,0.0,0.0,0.015625,0.0,0.0,0.0,0.0
6,4,0.0,0.015625,0.0,0.0,0.96875,0.0,0.0,0.015625,0.0,0.0,0.0,0.0
6,4,0.0,0.015625,0.0,0.0,0.96875,0.0,0.0,0.015625,0.0,0.0,0.0,0.0
6,4,0.0,0.015625,0.0,0.0,0.96875,0.0,0.0,0.015625,0.0,0.0,0.0,0.0
6,4,0.0,0.015625,0.0,0.0,0.9375,0.0,0.03125,0.015625,0.0,0.0,0.0,0.0
6,4,0.0,0.015625,0.0,0.0,0.9375,0.0,0.03125,0.015625,0.0,0.0,0.0,0.0
6,4,0.0,0.015625,0.0,0.0,0.9375,0.0,0.03125,0.015625,0.0,0.0,0.0,0.0
6,4,0.0,0.015625,0.0,0.0,0.9375,0.0,0.03125,0.015625,0.0,0.0,0.0,0.0
6,4,0.0,0.015625,0.0,0.0,0.9375,0.0,0.03125,0.015625,0.0,0.0,0.0,0.0
6,4,0.0,0.015625,0.0,0.0,0.9375,0.0,0.03125,0.015625,0.0,0.0,0.0,0.0
6,4,0.0,0.015625,0.0,0.0,0.9375,0.0,0.03125,0.015625,0.0,0.0,0.0,0.0
6,4,0.0,0.015625,0.0,0.0,0.9375,0.0,0.03125,0.015625,0.0,0.0,0.0,0.0
6,4,0.0,0.015625,0.0,0.0,0.9375,0.0,0.03125,0.015625,0.0,0.0,0.0,0.0
6,4,0.0,0.015625,0.0,0.0,0.9375,0.0,0.03125,0.015625,0.0,0.0,0.0,0.0
6,4,0.0,0.015625,0.0,0.0,0.9375,0.0,0.03125,0.015625,0.0,0.0,0.0,0.0
6,4,0.0,0.015625,0.0,0.0,0.9375,0.0,0.03125,0.015625,0.0,0.0,0.0,0.0
6,4,0.0,0.015625,0.0,0.0,0.9375,0.0,0.03125,0.015625,0.0,0.0,0.0,0.0
6,4,0.0,0.015625,0.0,0.0,0.9375,0.0,0.03125,0.015625,0.0,0.0,0.0,0.0
6,4,0.0,0.015625,0.0,0.0,0.9375,0.0,0.03125,0.015625,0.0,0.0,0.0,0.0
6,4,0.0,0.015625,0.0,0.0,0.9375,0.0,0.03125,0.015625,0.0,0.0,0.0,0.0
6,4,0.0,0.015625,0.0,0.0,0.9375,0.0,0.03125,0.015625,0.0,0.0,0.0,0.0
6,4,0.0,0.015625,0.0,0.0,0.9375,0.0,0.03125,0.015625,0.0,0.0,0.0,0.0
6,4,0.0,0.015625,0.0,0.0,0.9375,0.0,0.03125,0.015625,0.0,0.0,0.0,0.0
6,4,0.0,0.015625,0.0,0.0,0.9375,0.0,0.03125,0.015625,0.0,0.0,0.0,0.0
6,4,0.0,0.015625,0.0,0.0,0.9375,0.0,0.03125,0.015625,0.0,0.0,0.0,0.0
6,4,0.0,0.015625,0.0,0.0,0.9375,0.0,0.03125,0.015625,0.0,0.0,0.0,0.0
6,4,0.0,0.015625,0.0,0.0,0.9375,0.0,0.03125,0.015625,0.0,0.0,0.0,0.0
6,4,0.0,0.015625,0.0,0.0,0.9375,0.0,0.03125,0.015625,0.0,0.0,0.0,0.0
6,4,0.0,0.015625,0.0,0.0,0.9375,0.0,0.03125,0.015625,0.0,0.0,0.0,0.0
6,4,0.0,0.015625,0.0,0.0,0.9375,0.0,0.03125,0.015625,0.0,0.0,0.0,0.0
6,4,0.0,0.015625,0.0,0.0,0.9375,0.0,0.03125,0.015625,0.0,0.0,0.0,0.0
6,4,0.0,0.015625,0.0,0.0,0.9375,0.0,0.03125,0.015625,0.0,0.0,0.0,0.0
6,4,0.0,0.015625,0.0,0.0,0.921875,0.0,0.046875,0.015625,0.0,0.0,0.0,0.0
6,4,0.0,0.015625,0.0,0.0,0.921875,0.0,0.046875,0.015625,0.0,0.0,0.0,0.0
6,4,0.0,0.015625,0.0,0.0,0.921875,0.0,0.046875,0.015625,0.0,0.0,0.0,0.0
6,4,0.0,0.015625,0.0,0.0,0.921875,0.0,0.046875,0.015625,0.0,0.0,0.0,0.0
6,4,0.0,0.015625,0.0,0.0,0.921875,0.0,0.046875,0.015625,0.0,0.0,0.0,0.0
6,4,0.0,0.015625,0.0,0.0,0.921875,0.0,0.046875,0.015625,0.0,0.0,0.0,0.0
6,4,0.0,0.015625,0.0,0.0,0.921875,0.0,0.046875,0.015625,0.0,0.0,0.0,0.0
6,4,0.0,0.015625,0.0,0.0,0.921875,0.0,0.046875,0.015625,0.0,0.0,0.0,0.0
6,4,0.0,0.015625,0.0,0.0,0.921875,0.0,0.046875,0.015625,0.0,0.0,0.0,0.0
6,4,0.0,0.015625,0.0,0.0,0.921875,0.0,0.046875,0.015625,0.0,0.0,0.0,0.0
6,4,0.0,0.015625,0.0,0.0,0.921875,0.0,0.046875,0.015625,0.0,0.0,0.0,0.0
6,4,0.0,0.015625,0.0,0.0,0.921875,0.0,0.046875,0.015625,0.0,0.0,0.0,0.0
6,4,0.0,0.015625,0.0,0.0,0.921875,0.0,0.046875,0.015625,0.0,0.0,0.0,0.0
6,4,0.0,0.015625,0.0,0.0,0.921875,0.0,0.046875,0.015625,0.0,0.0,0.0,0.0
6,4,0.0,0.015625,0.0,0.0,0.921875,0.0,0.046875,0.015625,0.0,0.0,0.0,0.0
6,4,0.0,0.015625,0.0,0.0,0.921875,0.0,0.046875,0.015625,0.0,0.0,0.0,0.0
6,4,0.0,0.015625,0.0,0.0,0.921875,0.0,0.046875,0.015625,0.0,0.0,0.0,0.0
6,4,0.0,0.015625,0.0,0.0,0.921875,0.0,0.046875,0.015625,0.0,0.0,0.0,0.0
6,4,0.0,0.015625,0.0,0.0,0.921875,0.0,0.046875,0.015625,0.0,0.0,0.0,0.0
6,4,0.0,0.015625,0.0,0.0,0.921875,0.0,0.046875,0.015625,0.0,0.0,0.0,0.0
6,4,0.0,0.015625,0.0,0.0,0.921875,0.0,0.046875,0.015625,0.0,0.0,0.0,0.0
6,4,0.0,0.015625,0.0,0.0,0.921875,0.0,0.046875,0.015625,0.0,0.0,0.0,0.0
6,4,0.0,0.015625,0.0,0.0,0.921875,0.0,0.046875,0.015625,0.0,0.0,0.0,0.0
6,4,0.0,0.015625,0.0,0.0,0.921875,0.0,0.046875,0.015625,0.0,0.0,0.0,0.0
6,4,0.0,0.015625,0.0,0.0,0.921875,0.0,0.046875,0.015625,0.0,0.0,0.0,0.0
6,4,0.0,0.015625,0.0,0.0,0.921875,0.0,0.046875,0.015625,0.0,0.0,0.0,0.0
6,4,0.0,0.015625,0.0,0.0,0.921875,0.0,0.046875,0.015625,0.0,0.0,0.0,0.0
6,4,0.0,0.015625,0.0,0.0,0.921875,0.0,0.046875,0.015625,0.0,0.0,0.0,0.0
6,4,0.0,0.015625,0.0,0.0,0.921875,0.0,0.046875,0.015625,0.0,0.0,0.0,0.0
6,4,0.0,0.015625,0.0,0.0,0.921875,0.0,0.046875,0.015625,0.0,0.0,0.0,0.0
6,4,0.0,0.015625,0.0,0.0,0.921875,0.0,0.046875,0.015625,0.0,0.0,0.0,0.0
6,4,0.0,0.015625,0.0,0.0,0.921875,0.0,0.046875,0.015625,0.0,0.0,0.0,0.0
6,4,0.0,0.015625,0.0,0.0,0.921875,0.0,0.046875,0.015625,0.0,0.0,0.0,0.0
6,4,0.0,0.015625,0.0,0.0,0.921875,0.0,0.046875,0.015625,0.0,0.0,0.0,0.0
6,4,0.0,0.015625,0.0,0.0,0.921875,0.0,0.046875,0.015625,0.0,0.0,0.0,0.0
6,4,0.0,0.015625,0.0,0.0,0.921875,0.0,0.046875,0.015625,0.0,0.0,0.0,0.0
6,4,0.0,0.015625,0.0,0.0,0.921875,0.0,0.046875,0.015625,0.0,0.0,0.0,0.0
6,4,0.0,0.015625,0.0,0.0,0.921875,0.0,0.046875,0.015625,0.0,0.0,0.0,0.0
6,4,0.0,0.015625,0.0,0.0,0.921875,0.0,0.046875,0.015625,0.0,0.0,0.0,0.0
6,4,0.0,0.015625,0.0,0.0,0.921875,0.0,0.046875,0.015625,0.0,0.0,0.0,0.0
6,4,0.0,0.015625,0.0,0.0,0.921875,0.0,0.046875,0.015625,0.0,0.0,0.0,0.0
6,4,0.0,0.015625,0.0,0.0,0.921875,0.0,0.046875,0.015625,0.0,0.0,0.0,0.0
6,4,0.0,0.015625,0.0,0.0,0.921875,0.0,0.046875,0.015625,0.0,0.0,0.0,0.0
6,4,0.0,0.015625,0.0,0.0,0.921875,0.0,0.046875,0.015625,0.0,0.0,0.0,0.0
6,4,0.0,0.015625,0.0,0.0,0.921875,0.0,0.046875,0.015625,0.0,0.0,0.0,0.0
6,4,0.0,0.015625,0.0,0.0,0.921875,0.0,0.046875,0.015625,0.0,0.0,0.0,0.0
6,4,0.0,0.015625,0.0,0.0,0.921875,0.0,0.046875,0.015625,0.0,0.0,0.0,0.0
6,4,0.0,0.015625,0.0,0.0,0.921875,0.0,0.046875,0.015625,0.0,0.0,0.0,0.0
6,4,0.0,0.015625,0.0,0.0,0.921875,0.0,0.046875,0.015625,0.0,0.0,0.0,0.0
6,4,0.0,0.015625,0.0,0.0,0.921875,0.0,0.046875,0.015625,0.0,0.0,0.0,0.0
6,4,0.0,0.015625,0.0,0.0,0.921875,0.0,0.046875,0.015625,0.0,0.0,0.0,0.0
6,4,0.0,0.015625,0.0,0.0,0.921875,0.0,0.046875,0.015625,0.0,0.0,0.0,0.0
6,4,0.0,0.015625,0.0,0.0,0.921875,0.0,0.046875,0.015625,0.0,0.0,0.0,0.0
6,4,0.0,0.015625,0.0,0.0,0.921875,0.0,0.046875,0.015625,0.0,0.0,0.0,0.0
6,4,0.0,0.015625,0.0,0.0,0.921875,0.0,0.046875,0.015625,0.0,0.0,0.0,0.0
6,4,0.0,0.015625,0.0,0.0,0.921875,0.0,0.046875,0.015625,0.0,0.0,0.0,0.0
6,4,0.0,0.015625,0.0,0.0,0.921875,0.0,0.046875,0.015625,0.0,0.0,0.0,0.0
6,4,0.0,0.015625,0.0,0.0,0.921875,0.0,0.046875,0.015625,0.0,0.0,0.0,0.0
6,4,0.0,0.015625,0.0,0.0,0.921875,0.0,0.046875,0.015625,0.0,0.0,0.0,0.0
6,4,0.0,0.015625,0.0,0.0,0.921875,0.0,0.046875,0.015625,0.0,0.0,0.0,0.0
6,4,0.0,0.015625,0.0,0.0,0.921875,0.0,0.046875,0.015625,0.0,0.0,0.0,0.0
6,4,0.0,0.015625,0.0,0.0,0.921875,0.0,0.046875,0.015625,0.0,0.0,0.0,0.0
6,4,0.0,0.015625,0.0,0.0,0.921875,0.0,0.046875,0.015625,0.0,0.0,0.0,0.0
6,4,0.0,0.015625,0.0,0.0,0.921875,0.0,0.046875,0.015625,0.0,0.0,0.0,0.0
6,4,0.0,0.015625,0.0,0.0,0.921875,0.0,0.046875,0.015625,0.0,0.0,0.0,0.0
6,4,0.0,0.015625,0.0,0.0,0.921875,0.0,0.046875,0.015625,0.0,0.0,0.0,0.0
6,4,0.0,0.015625,0.0,0.0,0.921875,0.0,0.046875,0.015625,0.0,0.0,0.0,0.0
6,4,0.0,0.015625,0.0,0.0,0.921875,0.0,0.046875,0.015625,0.0,0.0,0.0,0.0
6,4,0.0,0.015625,0.0,0.0,0.921875,0.0,0.046875,0.015625,0.0,0.0,0.0,0.0
6,4,0.0,0.015625,0.0,0.0,0.921875,0.0,0.046875,0.015625,0.0,0.0,0.0,0.0
6,4,0.0,0.015625,0.0,0.0,0.921875,0.0,0.046875,0.015625,0.0,0.0,0.0,0.0
6,4,0.0,0.015625,0.0,0.0,0.921875,0.0,0.046875,0.015625,0.0,0.0,0.0,0.0
6,4,0.0,0.015625,0.0,0.0,0.921875,0.0,0.046875,0.015625,0.0,0.0,0.0,0.0
6,4,0.0,0.015625,0.0,0.0,0.921875,0.0,0.046875,0.015625,0.0,0.0,0.0,0.0
6,4,0.0,0.015625,0.0,0.0,0.921875,0.0,0.046875,0.015625,0.0,0.0,0.0,0.0
6,4,0.0,0.015625,0.0,0.0,0.921875,0.0,0.046875,0.015625,0.0,0.0,0.0,0.0
6,4,0.0,0.015625,0.0,0.0,0.921875,0.0,0.046875,0.015625,0.0,0.0,0.0,0.0
6,4,0.0,0.015625,0.0,0.0,0.921875,0.0,0.046875,0.015625,0.0,0.0,0.0,0.0
6,4,0.0,0.015625,0.0,0.0,0.921875,0.0,0.046875,0.015625,0.0,0.0,0.0,0.0
6,4,0.0,0.015625,0.0,0.0,0.921875,0.0,0.046875,0.015625,0.0,0.0,0.0,0.0
6,4,0.0,0.015625,0.0,0.0,0.921875,0.0,0.046875,0.015625,0.0,0.0,0.0,0.0
6,4,0.0,0.015625,0.0,0.0,0.921875,0.0,0.046875,0.015625,0.0,0.0,0.0,0.0
6,4,0.0,0.015625,0.0,0.0,0.921875,0.0,0.046875,0.015625,0.0,0.0,0.0,0.0
6,4,0.0,0.015625,0.0,0.0,0.921875,0.0,0.046875,0.015625,0.0,0.0,0.0,0.0
6,4,0.0,0.015625,0.0,0.0,0.921875,0.0,0.046875,0.015625,0.0,0.0,0.0,0.0
6,4,0.0,0.015625,0.0,0.0,0.921875,0.0,0.046875,0.015625,0.0,0.0,0.0,0.0
6,4,0.0,0.015625,0.0,0.0,0.921875,0.0,0.046875,0.015625,0.0,0.0,0.0,0.0
6,4,0.0,0.015625,0.0,0.0,0.921875,0.0,0.046875,0.015625,0.0,0.0,0.0,0.0
6,4,0.0,0.015625,0.0,0.0,0.921875,0.0,0.046875,0.015625,0.0,0.0,0.0,0.0
6,4,0.0,0.015625,0.0,0.0,0.921875,0.0,0.046875,0.015625,0.0,0.0,0.0,0.0
6,4,0.0,0.015625,0.0,0.0,0.921875,0.0,0.046875,0.015625,0.0,0.0,0.0,0.0
6,4,0.0,0.015625,0.0,0.0,0.921875,0.0,0.046875,0.015625,0.0,0.0,0.0,0.0
6,4,0.0,0.015625,0.0,0.0,0.9375,0.0,0.03125,0.015625,0.0,0.0,0.0,0.0
6,4,0.0,0.015625,0.0,0.0,0.9375,0.0,0.03125,0.015625,0.0,0.0,0.0,0.0
6,4,0.0,0.015625,0.0,0.0,0.9375,0.0,0.03125,0.015625,0.0,0.0,0.0,0.0
6,4,0.0,0.015625,0.0,0.0,0.9375,0.0,0.03125,0.015625,0.0,0.0,0.0,0.0
6,4,0.0,0.015625,0.0,0.0,0.9375,0.0,0.03125,0.015625,0.0,0.0,0.0,0.0
6,4,0.0,0.015625,0.0,0.0,0.9375,0.0,0.03125,0.015625,0.0,0.0,0.0,0.0
6,4,0.0,0.015625,0.0,0.0,0.9375,0.0,0.03125,0.015625,0.0,0.0,0.0,0.0
6,4,0.0,0.015625,0.0,0.0,0.9375,0.0,0.03125,0.015625,0.0,0.0,0.0,0.0
6,4,0.0,0.015625,0.0,0.0,0.9375,0.0,0.03125,0.015625,0.0,0.0,0.0,0.0
6,4,0.0,0.015625,0.0,0.0,0.9375,0.0,0.03125,0.015625,0.0,0.0,0.0,0.0
6,4,0.0,0.015625,0.0,0.0,0.9375,0.0,0.03125,0.015625,0.0,0.0,0.0,0.0
6,4,0.0,0.015625,0.0,0.0,0.9375,0.0,0.03125,0.015625,0.0,0.0,0.0,0.0
6,4,0.0,0.015625,0.0,0.0,0.9375,0.0,0.03125,0.015625,0.0,0.0,0.0,0.0
6,4,0.0,0.015625,0.0,0.0,0.9375,0.0,0.03125,0.015625,0.0,0.0,0.0,0.0
6,4,0.0,0.015625,0.0,0.0,0.9375,0.0,0.03125,0.015625,0.0,0.0,0.0,0.0
6,4,0.0,0.015625,0.0,0.0,0.9375,0.0,0.03125,0.015625,0.0,0.0,0.0,0.0
6,4,0.0,0.015625,0.0,0.0,0.9375,0.0,0.03125,0.015625,0.0,0.0,0.0,0.0
6,4,0.0,0.015625,0.0,0.0,0.9375,0.0,0.03125,0.015625,0.0,0.0,0.0,0.0
6,4,0.0,0.0,0.0,0.0,0.9375,0.0,0.046875,0.015625,0.0,0.0,0.0,0.0
6,4,0.0,0.0,0.0,0.0,0.9375,0.0,0.046875,0.015625,0.0,0.0,0.0,0.0
6,4,0.0,0.0,0.0,0.0,0.953125,0.0,0.03125,0.015625,0.0,0.0,0.0,0.0
6,4,0.0,0.0,0.0,0.0,0.953125,0.0,0.03125,0.015625,0.0,0.0,0.0,0.0
6,4,0.0,0.0,0.0,0.0,0.953125,0.0,0.03125,0.015625,0.0,0.0,0.0,0.0
6,4,0.0,0.0,0.0,0.0,0.953125,0.0,0.03125,0.015625,0.0,0.0,0.0,0.0
6,4,0.0,0.0,0.0,0.0,0.953125,0.0,0.03125,0.015625,0.0,0.0,0.0,0.0
6,4,0.0,0.0,0.0,0.0,0.953125,0.0,0.03125,0.015625,0.0,0.0,0.0,0.0
6,4,0.0,0.0,0.0,0.0,0.953125,0.0,0.03125,0.015625,0.0,0.0,0.0,0.0
6,4,0.0,0.0,0.0,0.0,0.953125,0.0,0.03125,0.015625,0.0,0.0,0.0,0.0
6,4,0.0,0.0,0.0,0.0,0.953125,0.0,0.03125,0.015625,0.0,0.0,0.0,0.0
6,4,0.0,0.0,0.0,0.0,0.953125,0.0,0.03125,0.015625,0.0,0.0,0.0,0.0
6,4,0.0,0.0,0.0,0.0,0.953125,0.0,0.03125,0.015625,0.0,0.0,0.0,0.0
6,4,0.0,0.0,0.0,0.0,0.953125,0.0,0.03125,0.015625,0.0,0.0,0.0,0.0
6,4,0.0,0.0,0.0,0.0,0.953125,0.0,0.03125,0.015625,0.0,0.0,0.0,0.0
6,4,0.0,0.0,0.0,0.0,0.953125,0.0,0.03125,0.015625,0.0,0.0,0.0,0.0
6,4,0.0,0.0,0.0,0.0,0.953125,0.0,0.03125,0.015625,0.0,0.0,0.0,0.0
6,4,0.0,0.0,0.0,0.0,0.953125,0.0,0.03125,0.015625,0.0,0.0,0.0,0.0
6,4,0.0,0.0,0.0,0.0,0.953125,0.0,0.03125,0.015625,0.0,0.0,0.0,0.0
6,4,0.0,0.0,0.0,0.0,0.953125,0.0,0.03125,0.015625,0.0,0.0,0.0,0.0
6,4,0.0,0.0,0.0,0.0,0.953125,0.0,0.03125,0.015625,0.0,0.0,0.0,0.0
6,4,0.0,0.0,0.0,0.0,0.953125,0.0,0.03125,0.015625,0.0,0.0,0.0,0.0
6,4,0.0,0.0,0.0,0.0,0.953125,0.0,0.03125,0.015625,0.0,0.0,0.0,0.0
6,4,0.0,0.0,0.0,0.0,0.953125,0.0,0.03125,0.015625,0.0,0.0,0.0,0.0
6,4,0.0,0.0,0.0,0.0,0.953125,0.0,0.03125,0.015625,0.0,0.0,0.0,0.0
6,4,0.0,0.0,0.0,0.0,0.953125,0.0,0.03125,0.015625,0.0,0.0,0.0,0.0
6,4,0.0,0.0,0.0,0.0,0.953125,0.0,0.03125,0.015625,0.0,0.0,0.0,0.0
6,4,0.0,0.0,0.0,0.0,0.953125,0.0,0.03125,0.015625,0.0,0.0,0.0,0.0
6,4,0.0,0.0,0.0,0.0,0.953125,0.0,0.03125,0.015625,0.0,0.0,0.0,0.0
6,4,0.0,0.0,0.0,0.0,0.953125,0.0,0.03125,0.015625,0.0,0.0,0.0,0.0
6,4,0.0,0.0,0.0,0.0,0.96875,0.0,0.03125,0.0,0.0,0.0,0.0,0.0
6,4,0.0,0.0,0.0,0.0,0.96875,0.0,0.03125,0.0,0.0,0.0,0.0,0.0
6,4,0.0,0.0,0.0,0.0,0.96875,0.0,0.03125,0.0,0.0,0.0,0.0,0.0
6,4,0.0,0.0,0.0,0.0,0.96875,0.0,0.03125,0.0,0.0,0.0,0.0,0.0
6,4,0.0,0.0,0.0,0.0,0.96875,0.0,0.03125,0.0,0.0,0.0,0.0,0.0
6,4,0.0,0.0,0.0,0.0,0.96875,0.0,0.03125,0.0,0.0,0.0,0.0,0.0
6,4,0.0,0.0,0.0,0.0,0.96875,0.0,0.03125,0.0,0.0,0.0,0.0,0.0
6,4,0.0,0.015625,0.0,0.0,0.96875,0.0,0.015625,0.0,0.0,0.0,0.0,0.0
6,4,0.0,0.015625,0.0,0.0,0.96875,0.0,0.015625,0.0,0.0,0.0,0.0,0.0
6,4,0.0,0.015625,0.0,0.0,0.96875,0.0,0.015625,0.0,0.0,0.0,0.0,0.0
6,4,0.0,0.015625,0.0,0.0,0.96875,0.0,0.015625,0.0,0.0,0.0,0.0,0.0
6,4,0.0,0.015625,0.0,0.0,0.96875,0.0,0.015625,0.0,0.0,0.0,0.0,0.0
6,4,0.0,0.015625,0.0,0.0,0.96875,0.0,0.015625,0.0,0.0,0.0,0.0,0.0
6,4,0.0,0.015625,0.0,0.0,0.96875,0.0,0.015625,0.0,0.0,0.0,0.0,0.0
6,4,0.0,0.015625,0.0,0.0,0.96875,0.0,0.015625,0.0,0.0,0.0,0.0,0.0
6,4,0.0,0.015625,0.0,0.0,0.96875,0.0,0.015625,0.0,0.0,0.0,0.0,0.0
6,4,0.0,0.015625,0.0,0.0,0.96875,0.0,0.015625,0.0,0.0,0.0,0.0,0.0
6,4,0.0,0.015625,0.0,0.0,0.96875,0.0,0.015625,0.0,0.0,0.0,0.0,0.0
6,4,0.0,0.015625,0.0,0.0,0.96875,0.0,0.015625,0.0,0.0,0.0,0.0,0.0
6,4,0.0,0.015625,0.0,0.0,0.96875,0.0,0.015625,0.0,0.0,0.0,0.0,0.0
6,4,0.0,0.015625,0.0,0.0,0.96875,0.0,0.015625,0.0,0.0,0.0,0.0,0.0
6,4,0.0,0.015625,0.0,0.0,0.96875,0.0,0.015625,0.0,0.0,0.0,0.0,0.0
6,4,0.0,0.015625,0.0,0.0,0.96875,0.0,0.015625,0.0,0.0,0.0,0.0,0.0
6,4,0.0,0.015625,0.0,0.0,0.96875,0.0,0.015625,0.0,0.0,0.0,0.0,0.0
6,4,0.0,0.015625,0.0,0.0,0.96875,0.0,0.015625,0.0,0.0,0.0,0.0,0.0
6,4,0.0,0.015625,0.0,0.0,0.96875,0.0,0.015625,0.0,0.0,0.0,0.0,0.0
6,4,0.0,0.015625,0.0,0.0,0.96875,0.0,0.015625,0.0,0.0,0.0,0.0,0.0
6,4,0.0,0.015625,0.0,0.0,0.96875,0.0,0.015625,0.0,0.0,0.0,0.0,0.0
6,4,0.0,0.015625,0.0,0.0,0.96875,0.0,0.015625,0.0,0.0,0.0,0.0,0.0
6,4,0.0,0.015625,0.0,0.0,0.96875,0.0,0.015625,0.0,0.0,0.0,0.0,0.0
6,4,0.0,0.015625,0.0,0.0,0.96875,0.0,0.015625,0.0,0.0,0.0,0.0,0.0
6,4,0.0,0.015625,0.0,0.0,0.96875,0.0,0.015625,0.0,0.0,0.0,0.0,0.0
6,4,0.0,0.015625,0.0,0.0,0.96875,0.0,0.015625,0.0,0.0,0.0,0.0,0.0
6,4,0.0,0.015625,0.0,0.0,0.96875,0.0,0.015625,0.0,0.0,0.0,0.0,0.0
6,4,0.0,0.015625,0.0,0.0,0.96875,0.0,0.015625,0.0,0.0,0.0,0.0,0.0
6,4,0.0,0.015625,0.0,0.0,0.96875,0.0,0.015625,0.0,0.0,0.0,0.0,0.0
6,4,0.0,0.015625,0.0,0.0,0.96875,0.0,0.015625,0.0,0.0,0.0,0.0,0.0
6,4,0.0,0.015625,0.0,0.0,0.96875,0.0,0.015625,0.0,0.0,0.0,0.0,0.0
6,4,0.0,0.015625,0.0,0.0,0.96875,0.0,0.015625,0.0,0.0,0.0,0.0,0.0
6,4,0.0,0.015625,0.0,0.0,0.96875,0.0,0.015625,0.0,0.0,0.0,0.0,0.0
6,4,0.0,0.015625,0.0,0.0,0.96875,0.0,0.015625,0.0,0.0,0.0,0.0,0.0
6,4,0.0,0.015625,0.0,0.0,0.96875,0.0,0.015625,0.0,0.0,0.0,0.0,0.0
6,4,0.0,0.015625,0.0,0.0,0.96875,0.0,0.015625,0.0,0.0,0.0,0.0,0.0
6,4,0.0,0.015625,0.0,0.0,0.96875,0.0,0.015625,0.0,0.0,0.0,0.0,0.0
6,4,0.0,0.015625,0.0,0.0,0.96875,0.0,0.015625,0.0,0.0,0.0,0.0,0.0
6,4,0.0,0.015625,0.0,0.0,0.96875,0.0,0.015625,0.0,0.0,0.0,0.0,0.0
6,4,0.0,0.015625,0.0,0.0,0.96875,0.0,0.015625,0.0,0.0,0.0,0.0,0.0
6,4,0.0,0.015625,0.0,0.0,0.96875,0.0,0.015625,0.0,0.0,0.0,0.0,0.0
6,4,0.0,0.015625,0.0,0.0,0.9375,0.015625,0.03125,0.0,0.0,0.0,0.0,0.0
6,4,0.0,0.015625,0.0,0.0,0.9375,0.015625,0.03125,0.0,0.0,0.0,0.0,0.0
6,4,0.0,0.015625,0.0,0.0,0.9375,0.015625,0.03125,0.0,0.0,0.0,0.0,0.0
6,4,0.0,0.015625,0.0,0.0,0.9375,0.015625,0.03125,0.0,0.0,0.0,0.0,0.0
6,4,0.0,0.015625,0.0,0.0,0.9375,0.015625,0.03125,0.0,0.0,0.0,0.0,0.0
6,4,0.0,0.015625,0.0,0.0,0.9375,0.015625,0.03125,0.0,0.0,0.0,0.0,0.0
6,4,0.0,0.015625,0.0,0.0,0.9375,0.015625,0.03125,0.0,0.0,0.0,0.0,0.0
6,4,0.0,0.015625,0.0,0.0,0.9375,0.015625,0.03125,0.0,0.0,0.0,0.0,0.0
6,4,0.0,0.015625,0.0,0.0,0.9375,0.015625,0.03125,0.0,0.0,0.0,0.0,0.0
6,4,0.0,0.015625,0.0,0.0,0.9375,0.015625,0.03125,0.0,0.0,0.0,0.0,0.0
6,4,0.0,0.015625,0.0,0.0,0.9375,0.015625,0.03125,0.0,0.0,0.0,0.0,0.0
6,4,0.0,0.015625,0.0,0.0,0.9375,0.015625,0.03125,0.0,0.0,0.0,0.0,0.0
6,4,0.0,0.015625,0.0,0.0,0.9375,0.015625,0.03125,0.0,0.0,0.0,0.0,0.0
6,4,0.0,0.015625,0.0,0.0,0.9375,0.015625,0.03125,0.0,0.0,0.0,0.0,0.0
6,4,0.0,0.015625,0.0,0.0,0.9375,0.015625,0.03125,0.0,0.0,0.0,0.0,0.0
6,4,0.0,0.015625,0.0,0.0,0.9375,0.015625,0.03125,0.0,0.0,0.0,0.0,0.0
6,4,0.0,0.015625,0.0,0.0,0.9375,0.015625,0.03125,0.0,0.0,0.0,0.0,0.0
6,4,0.0,0.015625,0.0,0.0,0.9375,0.015625,0.03125,0.0,0.0,0.0,0.0,0.0
6,4,0.0,0.015625,0.0,0.0,0.921875,0.015625,0.046875,0.0,0.0,0.0,0.0,0.0
6,4,0.0,0.015625,0.0,0.0,0.921875,0.015625,0.046875,0.0,0.0,0.0,0.0,0.0
6,4,0.0,0.015625,0.0,0.0,0.921875,0.015625,0.046875,0.0,0.0,0.0,0.0,0.0
6,4,0.0,0.015625,0.0,0.0,0.921875,0.015625,0.046875,0.0,0.0,0.0,0.0,0.0
6,4,0.0,0.015625,0.0,0.0,0.921875,0.015625,0.046875,0.0,0.0,0.0,0.0,0.0
6,4,0.0,0.015625,0.0,0.0,0.921875,0.015625,0.046875,0.0,0.0,0.0,0.0,0.0
6,4,0.0,0.015625,0.0,0.0,0.90625,0.015625,0.0625,0.0,0.0,0.0,0.0,0.0
6,4,0.0,0.015625,0.0,0.0,0.90625,0.015625,0.0625,0.0,0.0,0.0,0.0,0.0
6,4,0.0,0.015625,0.0,0.0,0.90625,0.015625,0.0625,0.0,0.0,0.0,0.0,0.0
6,4,0.0,0.015625,0.0,0.0,0.90625,0.015625,0.0625,0.0,0.0,0.0,0.0,0.0
6,4,0.0,0.015625,0.0,0.0,0.90625,0.015625,0.0625,0.0,0.0,0.0,0.0,0.0
6,4,0.0,0.015625,0.0,0.0,0.90625,0.015625,0.0625,0.0,0.0,0.0,0.0,0.0
6,4,0.0,0.015625,0.0,0.0,0.90625,0.015625,0.0625,0.0,0.0,0.0,0.0,0.0
6,4,0.0,0.015625,0.0,0.0,0.90625,0.015625,0.0625,0.0,0.0,0.0,0.0,0.0
6,4,0.0,0.015625,0.0,0.0,0.90625,0.015625,0.0625,0.0,0.0,0.0,0.0,0.0
6,4,0.0,0.015625,0.0,0.0,0.90625,0.015625,0.0625,0.0,0.0,0.0,0.0,0.0
6,4,0.0,0.015625,0.0,0.0,0.90625,0.015625,0.0625,0.0,0.0,0.0,0.0,0.0
6,4,0.0,0.015625,0.0,0.0,0.90625,0.015625,0.0625,0.0,0.0,0.0,0.0,0.0
6,4,0.0,0.015625,0.0,0.0,0.90625,0.015625,0.0625,0.0,0.0,0.0,0.0,0.0
6,4,0.0,0.015625,0.0,0.0,0.90625,0.015625,0.0625,0.0,0.0,0.0,0.0,0.0
6,4,0.0,0.015625,0.0,0.0,0.90625,0.015625,0.0625,0.0,0.0,0.0,0.0,0.0
6,4,0.0,0.015625,0.0,0.0,0.90625,0.015625,0.0625,0.0,0.0,0.0,0.0,0.0
6,4,0.0,0.015625,0.0,0.0,0.90625,0.015625,0.0625,0.0,0.0,0.0,0.0,0.0
6,4,0.0,0.015625,0.0,0.0,0.90625,0.015625,0.0625,0.0,0.0,0.0,0.0,0.0
6,4,0.0,0.015625,0.0,0.0,0.90625,0.015625,0.0625,0.0,0.0,0.0,0.0,0.0
6,4,0.0,0.015625,0.0,0.0,0.90625,0.015625,0.0625,0.0,0.0,0.0,0.0,0.0
6,4,0.0,0.015625,0.0,0.0,0.90625,0.015625,0.0625,0.0,0.0,0.0,0.0,0.0
6,4,0.0,0.015625,0.0,0.0,0.90625,0.015625,0.0625,0.0,0.0,0.0,0.0,0.0
6,4,0.0,0.015625,0.0,0.0,0.90625,0.015625,0.0625,0.0,0.0,0.0,0.0,0.0
6,4,0.0,0.015625,0.0,0.0,0.90625,0.015625,0.0625,0.0,0.0,0.0,0.0,0.0
6,4,0.0,0.015625,0.0,0.0,0.90625,0.015625,0.0625,0.0,0.0,0.0,0.0,0.0
6,4,0.0,0.015625,0.0,0.0,0.90625,0.015625,0.0625,0.0,0.0,0.0,0.0,0.0
6,4,0.0,0.015625,0.0,0.0,0.90625,0.015625,0.0625,0.0,0.0,0.0,0.0,0.0
6,4,0.0,0.015625,0.0,0.0,0.90625,0.015625,0.0625,0.0,0.0,0.0,0.0,0.0
6,4,0.0,0.015625,0.0,0.0,0.90625,0.015625,0.0625,0.0,0.0,0.0,0.0,0.0
6,4,0.0,0.015625,0.0,0.0,0.90625,0.015625,0.0625,0.0,0.0,0.0,0.0,0.0
6,4,0.0,0.015625,0.0,0.0,0.90625,0.015625,0.0625,0.0,0.0,0.0,0.0,0.0
6,4,0.0,0.015625,0.0,0.0,0.90625,0.015625,0.0625,0.0,0.0,0.0,0.0,0.0
6,4,0.0,0.015625,0.0,0.0,0.90625,0.015625,0.0625,0.0,0.0,0.0,0.0,0.0
6,4,0.0,0.015625,0.0,0.0,0.90625,0.015625,0.0625,0.0,0.0,0.0,0.0,0.0
6,4,0.0,0.015625,0.0,0.0,0.90625,0.015625,0.0625,0.0,0.0,0.0,0.0,0.0
6,4,0.0,0.015625,0.0,0.0,0.90625,0.015625,0.0625,0.0,0.0,0.0,0.0,0.0
6,4,0.0,0.015625,0.0,0.0,0.90625,0.015625,0.0625,0.0,0.0,0.0,0.0,0.0
6,4,0.0,0.015625,0.0,0.0,0.90625,0.015625,0.0625,0.0,0.0,0.0,0.0,0.0
6,4,0.0,0.015625,0.0,0.0,0.90625,0.015625,0.0625,0.0,0.0,0.0,0.0,0.0
6,4,0.0,0.015625,0.0,0.0,0.90625,0.015625,0.0625,0.0,0.0,0.0,0.0,0.0
6,4,0.0,0.0,0.0,0.0,0.921875,0.015625,0.0625,0.0,0.0,0.0,0.0,0.0
6,4,0.0,0.0,0.0,0.0,0.921875,0.015625,0.0625,0.0,0.0,0.0,0.0,0.0
6,4,0.0,0.0,0.0,0.0,0.921875,0.015625,0.0625,0.0,0.0,0.0,0.0,0.0
6,4,0.0,0.0,0.0,0.0,0.921875,0.015625,0.0625,0.0,0.0,0.0,0.0,0.0
6,4,0.0,0.0,0.0,0.0,0.921875,0.015625,0.0625,0.0,0.0,0.0,0.0,0.0
6,4,0.0,0.0,0.0,0.0,0.921875,0.015625,0.0625,0.0,0.0,0.0,0.0,0.0
6,4,0.0,0.0,0.0,0.0,0.921875,0.015625,0.0625,0.0,0.0,0.0,0.0,0.0
6,4,0.0,0.0,0.0,0.0,0.921875,0.015625,0.0625,0.0,0.0,0.0,0.0,0.0
6,4,0.0,0.0,0.0,0.0,0.921875,0.015625,0.0625,0.0,0.0,0.0,0.0,0.0
6,4,0.0,0.0,0.0,0.0,0.921875,0.015625,0.0625,0.0,0.0,0.0,0.0,0.0
6,4,0.0,0.0,0.0,0.0,0.921875,0.015625,0.0625,0.0,0.0,0.0,0.0,0.0
6,4,0.0,0.0,0.0,0.0,0.921875,0.015625,0.0625,0.0,0.0,0.0,0.0,0.0
6,4,0.0,0.0,0.0,0.0,0.921875,0.015625,0.0625,0.0,0.0,0.0,0.0,0.0
6,4,0.0,0.0,0.0,0.0,0.921875,0.015625,0.0625,0.0,0.0,0.0,0.0,0.0
6,4,0.0,0.0,0.0,0.0,0.921875,0.015625,0.0625,0.0,0.0,0.0,0.0,0.0
6,4,0.0,0.0,0.0,0.0,0.921875,0.015625,0.0625,0.0,0.0,0.0,0.0,0.0
6,4,0.0,0.0,0.0,0.0,0.921875,0.015625,0.0625,0.0,0.0,0.0,0.0,0.0
6,4,0.0,0.0,0.0,0.0,0.921875,0.015625,0.0625,0.0,0.0,0.0,0.0,0.0
6,4,0.0,0.0,0.0,0.0,0.921875,0.015625,0.0625,0.0,0.0,0.0,0.0,0.0
6,4,0.0,0.0,0.0,0.0,0.921875,0.015625,0.0625,0.0,0.0,0.0,0.0,0.0
6,4,0.0,0.0,0.0,0.0,0.921875,0.015625,0.0625,0.0,0.0,0.0,0.0,0.0
6,4,0.0,0.0,0.0,0.0,0.921875,0.015625,0.0625,0.0,0.0,0.0,0.0,0.0
6,4,0.0,0.0,0.0,0.0,0.921875,0.015625,0.0625,0.0,0.0,0.0,0.0,0.0
6,4,0.0,0.0,0.0,0.0,0.921875,0.015625,0.0625,0.0,0.0,0.0,0.0,0.0
6,4,0.0,0.0,0.0,0.0,0.921875,0.015625,0.0625,0.0,0.0,0.0,0.0,0.0
6,4,0.0,0.0,0.0,0.0,0.921875,0.015625,0.0625,0.0,0.0,0.0,0.0,0.0
6,4,0.0,0.0,0.0,0.0,0.921875,0.015625,0.0625,0.0,0.0,0.0,0.0,0.0
6,4,0.0,0.0,0.0,0.0,0.921875,0.015625,0.0625,0.0,0.0,0.0,0.0,0.0
6,4,0.0,0.0,0.0,0.0,0.921875,0.015625,0.0625,0.0,0.0,0.0,0.0,0.0
6,4,0.0,0.0,0.0,0.0,0.921875,0.015625,0.0625,0.0,0.0,0.0,0.0,0.0
6,4,0.0,0.0,0.0,0.0,0.921875,0.015625,0.0625,0.0,0.0,0.0,0.0,0.0
6,4,0.0,0.0,0.0,0.0,0.921875,0.015625,0.0625,0.0,0.0,0.0,0.0,0.0
6,4,0.0,0.0,0.0,0.0,0.921875,0.015625,0.0625,0.0,0.0,0.0,0.0,0.0
6,4,0.0,0.0,0.0,0.0,0.921875,0.015625,0.0625,0.0,0.0,0.0,0.0,0.0
6,4,0.0,0.0,0.0,0.0,0.921875,0.015625,0.0625,0.0,0.0,0.0,0.0,0.0
6,4,0.0,0.0,0.0,0.0,0.921875,0.015625,0.0625,0.0,0.0,0.0,0.0,0.0
6,4,0.0,0.0,0.0,0.0,0.921875,0.015625,0.0625,0.0,0.0,0.0,0.0,0.0
6,4,0.0,0.0,0.0,0.0,0.921875,0.015625,0.0625,0.0,0.0,0.0,0.0,0.0
6,4,0.0,0.0,0.0,0.0,0.921875,0.015625,0.0625,0.0,0.0,0.0,0.0,0.0
6,4,0.0,0.0,0.0,0.0,0.921875,0.015625,0.0625,0.0,0.0,0.0,0.0,0.0
6,4,0.0,0.0,0.0,0.0,0.9375,0.015625,0.046875,0.0,0.0,0.0,0.0,0.0
6,4,0.0,0.0,0.0,0.0,0.9375,0.015625,0.046875,0.0,0.0,0.0,0.0,0.0
6,4,0.0,0.0,0.0,0.0,0.9375,0.015625,0.046875,0.0,0.0,0.0,0.0,0.0
6,4,0.0,0.0,0.0,0.0,0.9375,0.015625,0.046875,0.0,0.0,0.0,0.0,0.0
6,4,0.0,0.0,0.0,0.0,0.96875,0.015625,0.015625,0.0,0.0,0.0,0.0,0.0
6,4,0.0,0.0,0.0,0.0,0.96875,0.015625,0.015625,0.0,0.0,0.0,0.0,0.0
6,4,0.0,0.0,0.0,0.0,0.96875,0.015625,0.015625,0.0,0.0,0.0,0.0,0.0
6,4,0.0,0.0,0.0,0.0,0.96875,0.015625,0.015625,0.0,0.0,0.0,0.0,0.0
6,4,0.0,0.0,0.0,0.0,0.96875,0.015625,0.015625,0.0,0.0,0.0,0.0,0.0
6,4,0.0,0.0,0.0,0.0,0.96875,0.015625,0.015625,0.0,0.0,0.0,0.0,0.0
6,4,0.0,0.0,0.0,0.0,0.96875,0.015625,0.015625,0.0,0.0,0.0,0.0,0.0
6,4,0.0,0.0,0.0,0.0,0.96875,0.015625,0.015625,0.0,0.0,0.0,0.0,0.0
6,4,0.0,0.0,0.0,0.0,0.96875,0.015625,0.015625,0.0,0.0,0.0,0.0,0.0
6,4,0.0,0.0,0.0,0.0,0.96875,0.015625,0.015625,0.0,0.0,0.0,0.0,0.0
6,4,0.0,0.0,0.0,0.0,0.96875,0.015625,0.015625,0.0,0.0,0.0,0.0,0.0
6,4,0.0,0.0,0.0,0.0,0.96875,0.015625,0.015625,0.0,0.0,0.0,0.0,0.0
6,4,0.0,0.0,0.0,0.0,0.96875,0.015625,0.015625,0.0,0.0,0.0,0.0,0.0
6,4,0.0,0.0,0.0,0.0,0.96875,0.015625,0.015625,0.0,0.0,0.0,0.0,0.0
6,4,0.0,0.0,0.0,0.0,0.96875,0.015625,0.015625,0.0,0.0,0.0,0.0,0.0
6,4,0.0,0.0,0.0,0.0,0.96875,0.015625,0.015625,0.0,0.0,0.0,0.0,0.0
6,4,0.0,0.0,0.0,0.0,0.96875,0.015625,0.015625,0.0,0.0,0.0,0.0,0.0
6,4,0.0,0.0,0.0,0.0,0.96875,0.015625,0.015625,0.0,0.0,0.0,0.0,0.0
6,4,0.0,0.0,0.0,0.0,0.96875,0.015625,0.015625,0.0,0.0,0.0,0.0,0.0
6,4,0.0,0.0,0.0,0.0,0.96875,0.015625,0.015625,0.0,0.0,0.0,0.0,0.0
6,4,0.0,0.0,0.0,0.0,0.96875,0.015625,0.015625,0.0,0.0,0.0,0.0,0.0
6,4,0.0,0.0,0.0,0.0,0.96875,0.015625,0.015625,0.0,0.0,0.0,0.0,0.0
6,4,0.0,0.0,0.0,0.0,0.96875,0.015625,0.015625,0.0,0.0,0.0,0.0,0.0
6,4,0.0,0.0,0.0,0.0,0.96875,0.015625,0.015625,0.0,0.0,0.0,0.0,0.0
6,4,0.0,0.0,0.0,0.0,0.96875,0.015625,0.015625,0.0,0.0,0.0,0.0,0.0
6,4,0.0,0.0,0.0,0.0,0.96875,0.015625,0.015625,0.0,0.0,0.0,0.0,0.0
6,4,0.0,0.0,0.0,0.0,0.96875,0.015625,0.015625,0.0,0.0,0.0,0.0,0.0
6,4,0.0,0.0,0.0,0.0,0.96875,0.015625,0.015625,0.0,0.0,0.0,0.0,0.0
6,4,0.0,0.0,0.0,0.0,0.96875,0.015625,0.015625,0.0,0.0,0.0,0.0,0.0
6,4,0.0,0.0,0.0,0.0,0.96875,0.015625,0.015625,0.0,0.0,0.0,0.0,0.0
6,4,0.0,0.0,0.0,0.0,0.96875,0.015625,0.015625,0.0,0.0,0.0,0.0,0.0
6,4,0.0,0.0,0.0,0.0,0.96875,0.015625,0.015625,0.0,0.0,0.0,0.0,0.0
6,4,0.0,0.0,0.0,0.0,0.96875,0.015625,0.015625,0.0,0.0,0.0,0.0,0.0
6,4,0.0,0.0,0.0,0.0,0.96875,0.015625,0.015625,0.0,0.0,0.0,0.0,0.0
6,4,0.0,0.0,0.0,0.0,0.96875,0.015625,0.015625,0.0,0.0,0.0,0.0,0.0
6,4,0.0,0.0,0.0,0.0,0.96875,0.015625,0.015625,0.0,0.0,0.0,0.0,0.0
6,4,0.0,0.0,0.0,0.0,0.984375,0.0,0.015625,0.0,0.0,0.0,0.0,0.0
6,4,0.0,0.0,0.0,0.0,0.984375,0.0,0.015625,0.0,0.0,0.0,0.0,0.0
6,4,0.0,0.0,0.0,0.0,0.984375,0.0,0.015625,0.0,0.0,0.0,0.0,0.0
6,4,0.0,0.0,0.0,0.0,0.984375,0.0,0.015625,0.0,0.0,0.0,0.0,0.0
6,4,0.0,0.0,0.0,0.0,0.984375,0.0,0.015625,0.0,0.0,0.0,0.0,0.0
6,4,0.0,0.0,0.0,0.0,0.984375,0.0,0.015625,0.0,0.0,0.0,0.0,0.0
6,4,0.0,0.0,0.0,0.0,0.984375,0.0,0.015625,0.0,0.0,0.0,0.0,0.0
6,4,0.0,0.0,0.0,0.0,0.984375,0.0,0.015625,0.0,0.0,0.0,0.0,0.0
6,4,0.0,0.0,0.0,0.0,0.984375,0.0,0.015625,0.0,0.0,0.0,0.0,0.0
6,4,0.0,0.0,0.0,0.0,0.984375,0.0,0.015625,0.0,0.0,0.0,0.0,0.0
6,4,0.0,0.0,0.0,0.0,0.984375,0.0,0.015625,0.0,0.0,0.0,0.0,0.0
6,4,0.0,0.0,0.0,0.0,0.984375,0.0,0.015625,0.0,0.0,0.0,0.0,0.0
6,4,0.0,0.0,0.0,0.0,0.984375,0.0,0.015625,0.0,0.0,0.0,0.0,0.0
6,4,0.0,0.0,0.0,0.0,0.984375,0.0,0.015625,0.0,0.0,0.0,0.0,0.0
6,4,0.0,0.0,0.0,0.0,0.984375,0.0,0.015625,0.0,0.0,0.0,0.0,0.0
6,4,0.0,0.0,0.0,0.0,0.984375,0.0,0.015625,0.0,0.0,0.0,0.0,0.0
6,4,0.0,0.0,0.0,0.0,0.984375,0.0,0.015625,0.0,0.0,0.0,0.0,0.0
6,4,0.0,0.0,0.0,0.0,0.984375,0.0,0.015625,0.0,0.0,0.0,0.0,0.0
6,4,0.0,0.0,0.0,0.0,0.984375,0.0,0.015625,0.0,0.0,0.0,0.0,0.0
6,4,0.0,0.0,0.0,0.0,0.984375,0.0,0.015625,0.0,0.0,0.0,0.0,0.0
6,4,0.0,0.0,0.0,0.0,0.984375,0.0,0.015625,0.0,0.0,0.0,0.0,0.0
6,4,0.0,0.0,0.0,0.0,0.984375,0.0,0.015625,0.0,0.0,0.0,0.0,0.0
6,4,0.0,0.0,0.0,0.0,0.984375,0.0,0.015625,0.0,0.0,0.0,0.0,0.0
6,4,0.0,0.0,0.0,0.0,0.984375,0.0,0.015625,0.0,0.0,0.0,0.0,0.0
6,4,0.0,0.0,0.0,0.0,0.984375,0.0,0.015625,0.0,0.0,0.0,0.0,0.0
6,4,0.0,0.0,0.0,0.0,0.984375,0.0,0.015625,0.0,0.0,0.0,0.0,0.0
6,4,0.0,0.0,0.0,0.0,0.984375,0.0,0.015625,0.0,0.0,0.0,0.0,0.0
6,4,0.0,0.0,0.0,0.0,0.984375,0.0,0.015625,0.0,0.0,0.0,0.0,0.0
6,4,0.0,0.0,0.0,0.0,0.984375,0.0,0.015625,0.0,0.0,0.0,0.0,0.0
6,4,0.0,0.0,0.0,0.0,0.984375,0.0,0.015625,0.0,0.0,0.0,0.0,0.0
6,4,0.0,0.0,0.0,0.0,0.984375,0.0,0.015625,0.0,0.0,0.0,0.0,0.0
6,4,0.0,0.0,0.0,0.0,0.984375,0.0,0.015625,0.0,0.0,0.0,0.0,0.0
6,4,0.0,0.0,0.0,0.0,0.984375,0.0,0.015625,0.0,0.0,0.0,0.0,0.0
6,4,0.0,0.0,0.0,0.0,0.984375,0.0,0.015625,0.0,0.0,0.0,0.0,0.0
6,4,0.0,0.0,0.0,0.0,0.984375,0.0,0.015625,0.0,0.0,0.0,0.0,0.0
6,4,0.0,0.0,0.0,0.0,0.984375,0.0,0.015625,0.0,0.0,0.0,0.0,0.0
6,4,0.0,0.0,0.0,0.0,0.984375,0.0,0.015625,0.0,0.0,0.0,0.0,0.0
6,4,0.0,0.0,0.0,0.0,0.984375,0.0,0.015625,0.0,0.0,0.0,0.0,0.0
6,4,0.0,0.0,0.0,0.0,0.984375,0.0,0.015625,0.0,0.0,0.0,0.0,0.0
6,4,0.0,0.0,0.0,0.0,0.984375,0.0,0.015625,0.0,0.0,0.0,0.0,0.0
6,4,0.0,0.0,0.0,0.0,0.984375,0.0,0.015625,0.0,0.0,0.0,0.0,0.0
6,4,0.0,0.0,0.0,0.0,0.984375,0.0,0.015625,0.0,0.0,0.0,0.0,0.0
6,4,0.0,0.0,0.0,0.0,0.984375,0.0,0.015625,0.0,0.0,0.0,0.0,0.0
6,4,0.0,0.0,0.0,0.0,0.984375,0.0,0.015625,0.0,0.0,0.0,0.0,0.0
6,4,0.0,0.0,0.0,0.0,0.984375,0.0,0.015625,0.0,0.0,0.0,0.0,0.0
6,4,0.0,0.0,0.0,0.0,0.984375,0.0,0.015625,0.0,0.0,0.0,0.0,0.0
6,4,0.0,0.0,0.0,0.0,0.984375,0.0,0.015625,0.0,0.0,0.0,0.0,0.0
6,4,0.0,0.0,0.0,0.0,0.984375,0.0,0.015625,0.0,0.0,0.0,0.0,0.0
6,4,0.0,0.0,0.0,0.0,0.984375,0.0,0.015625,0.0,0.0,0.0,0.0,0.0
6,4,0.0,0.0,0.0,0.0,0.984375,0.0,0.015625,0.0,0.0,0.0,0.0,0.0
6,4,0.0,0.0,0.0,0.0,0.984375,0.0,0.015625,0.0,0.0,0.0,0.0,0.0
6,4,0.0,0.0,0.0,0.0,0.984375,0.0,0.015625,0.0,0.0,0.0,0.0,0.0
6,4,0.0,0.0,0.0,0.0,0.984375,0.0,0.015625,0.0,0.0,0.0,0.0,0.0
6,4,0.0,0.0,0.0,0.0,0.984375,0.0,0.015625,0.0,0.0,0.0,0.0,0.0
6,4,0.0,0.0,0.0,0.0,0.984375,0.0,0.015625,0.0,0.0,0.0,0.0,0.0
6,4,0.0,0.0,0.0,0.0,0.984375,0.0,0.015625,0.0,0.0,0.0,0.0,0.0
6,4,0.0,0.0,0.0,0.0,0.984375,0.0,0.015625,0.0,0.0,0.0,0.0,0.0
6,4,0.0,0.0,0.0,0.0,0.984375,0.0,0.015625,0.0,0.0,0.0,0.0,0.0
6,4,0.0,0.0,0.0,0.0,0.984375,0.0,0.015625,0.0,0.0,0.0,0.0,0.0
6,4,0.0,0.0,0.0,0.0,0.984375,0.0,0.015625,0.0,0.0,0.0,0.0,0.0
6,4,0.0,0.0,0.0,0.0,0.984375,0.0,0.015625,0.0,0.0,0.0,0.0,0.0
6,4,0.0,0.0,0.0,0.0,0.984375,0.0,0.015625,0.0,0.0,0.0,0.0,0.0
6,4,0.0,0.0,0.0,0.0,0.984375,0.0,0.015625,0.0,0.0,0.0,0.0,0.0
6,4,0.0,0.0,0.0,0.0,0.984375,0.0,0.015625,0.0,0.0,0.0,0.0,0.0
6,4,0.0,0.0,0.0,0.0,0.984375,0.0,0.015625,0.0,0.0,0.0,0.0,0.0
6,4,0.0,0.0,0.0,0.0,0.984375,0.0,0.015625,0.0,0.0,0.0,0.0,0.0
6,4,0.0,0.0,0.0,0.0,0.984375,0.0,0.015625,0.0,0.0,0.0,0.0,0.0
6,4,0.0,0.0,0.0,0.0,0.984375,0.0,0.015625,0.0,0.0,0.0,0.0,0.0
6,4,0.0,0.0,0.0,0.0,0.984375,0.0,0.015625,0.0,0.0,0.0,0.0,0.0
6,4,0.0,0.0,0.0,0.0,0.984375,0.0,0.015625,0.0,0.0,0.0,0.0,0.0
6,4,0.0,0.0,0.0,0.0,0.984375,0.0,0.015625,0.0,0.0,0.0,0.0,0.0
6,4,0.0,0.0,0.0,0.0,0.984375,0.0,0.015625,0.0,0.0,0.0,0.0,0.0
6,4,0.0,0.0,0.0,0.015625,0.96875,0.0,0.015625,0.0,0.0,0.0,0.0,0.0
6,4,0.0,0.0,0.0,0.015625,0.96875,0.0,0.015625,0.0,0.0,0.0,0.0,0.0
6,4,0.0,0.0,0.0,0.015625,0.96875,0.0,0.015625,0.0,0.0,0.0,0.0,0.0
6,4,0.0,0.0,0.0,0.015625,0.96875,0.0,0.015625,0.0,0.0,0.0,0.0,0.0
6,4,0.0,0.0,0.0,0.015625,0.96875,0.0,0.015625,0.0,0.0,0.0,0.0,0.0
6,4,0.0,0.0,0.0,0.015625,0.96875,0.0,0.015625,0.0,0.0,0.0,0.0,0.0
6,4,0.0,0.0,0.0,0.015625,0.96875,0.0,0.015625,0.0,0.0,0.0,0.0,0.0
6,4,0.0,0.0,0.0,0.015625,0.96875,0.0,0.015625,0.0,0.0,0.0,0.0,0.0
6,4,0.0,0.0,0.0,0.015625,0.96875,0.0,0.015625,0.0,0.0,0.0,0.0,0.0
6,4,0.0,0.0,0.0,0.015625,0.96875,0.0,0.015625,0.0,0.0,0.0,0.0,0.0
6,4,0.0,0.0,0.0,0.015625,0.96875,0.0,0.015625,0.0,0.0,0.0,0.0,0.0
6,4,0.0,0.0,0.0,0.015625,0.96875,0.0,0.015625,0.0,0.0,0.0,0.0,0.0
6,4,0.0,0.0,0.0,0.015625,0.96875,0.0,0.015625,0.0,0.0,0.0,0.0,0.0
6,4,0.0,0.0,0.0,0.015625,0.96875,0.0,0.015625,0.0,0.0,0.0,0.0,0.0
6,4,0.0,0.0,0.0,0.015625,0.96875,0.0,0.015625,0.0,0.0,0.0,0.0,0.0
6,4,0.0,0.0,0.0,0.015625,0.96875,0.0,0.015625,0.0,0.0,0.0,0.0,0.0
6,4,0.0,0.0,0.0,0.015625,0.96875,0.0,0.015625,0.0,0.0,0.0,0.0,0.0
6,4,0.0,0.0,0.0,0.015625,0.96875,0.0,0.015625,0.0,0.0,0.0,0.0,0.0
6,4,0.0,0.0,0.0,0.015625,0.96875,0.0,0.015625,0.0,0.0,0.0,0.0,0.0
6,4,0.0,0.0,0.0,0.015625,0.96875,0.0,0.015625,0.0,0.0,0.0,0.0,0.0
6,4,0.0,0.0,0.0,0.015625,0.96875,0.0,0.015625,0.0,0.0,0.0,0.0,0.0
6,4,0.0,0.0,0.0,0.015625,0.96875,0.0,0.015625,0.0,0.0,0.0,0.0,0.0
6,4,0.0,0.0,0.0,0.015625,0.96875,0.0,0.015625,0.0,0.0,0.0,0.0,0.0
6,4,0.0,0.0,0.0,0.015625,0.96875,0.0,0.015625,0.0,0.0,0.0,0.0,0.0
6,4,0.0,0.0,0.0,0.015625,0.96875,0.0,0.015625,0.0,0.0,0.0,0.0,0.0
6,4,0.0,0.0,0.0,0.015625,0.96875,0.0,0.015625,0.0,0.0,0.0,0.0,0.0
6,4,0.0,0.0,0.0,0.015625,0.96875,0.0,0.015625,0.0,0.0,0.0,0.0,0.0
6,4,0.0,0.0,0.0,0.015625,0.96875,0.0,0.015625,0.0,0.0,0.0,0.0,0.0
6,4,0.0,0.0,0.0,0.015625,0.96875,0.0,0.015625,0.0,0.0,0.0,0.0,0.0
6,4,0.0,0.0,0.0,0.015625,0.96875,0.0,0.015625,0.0,0.0,0.0,0.0,0.0
6,4,0.0,0.0,0.0,0.015625,0.96875,0.0,0.015625,0.0,0.0,0.0,0.0,0.0
6,4,0.0,0.0,0.0,0.015625,0.96875,0.0,0.015625,0.0,0.0,0.0,0.0,0.0
6,4,0.0,0.0,0.0,0.015625,0.96875,0.0,0.015625,0.0,0.0,0.0,0.0,0.0
6,4,0.0,0.0,0.0,0.015625,0.96875,0.0,0.015625,0.0,0.0,0.0,0.0,0.0
6,4,0.0,0.0,0.0,0.015625,0.96875,0.0,0.015625,0.0,0.0,0.0,0.0,0.0
6,4,0.0,0.0,0.0,0.015625,0.96875,0.0,0.015625,0.0,0.0,0.0,0.0,0.0
6,4,0.0,0.0,0.0,0.015625,0.96875,0.0,0.015625,0.0,0.0,0.0,0.0,0.0
6,4,0.0,0.0,0.0,0.015625,0.96875,0.0,0.015625,0.0,0.0,0.0,0.0,0.0
6,4,0.0,0.0,0.0,0.015625,0.96875,0.0,0.015625,0.0,0.0,0.0,0.0,0.0
6,4,0.0,0.0,0.0,0.015625,0.96875,0.0,0.015625,0.0,0.0,0.0,0.0,0.0
6,4,0.0,0.0,0.0,0.015625,0.96875,0.0,0.015625,0.0,0.0,0.0,0.0,0.0
6,4,0.0,0.0,0.0,0.015625,0.96875,0.0,0.015625,0.0,0.0,0.0,0.0,0.0
6,4,0.0,0.0,0.0,0.015625,0.96875,0.0,0.015625,0.0,0.0,0.0,0.0,0.0
6,4,0.0,0.0,0.0,0.015625,0.96875,0.0,0.015625,0.0,0.0,0.0,0.0,0.0
6,4,0.0,0.0,0.0,0.015625,0.96875,0.0,0.015625,0.0,0.0,0.0,0.0,0.0
6,4,0.0,0.0,0.0,0.015625,0.96875,0.0,0.015625,0.0,0.0,0.0,0.0,0.0
6,4,0.0,0.0,0.0,0.015625,0.96875,0.0,0.015625,0.0,0.0,0.0,0.0,0.0
6,4,0.0,0.0,0.0,0.015625,0.96875,0.0,0.015625,0.0,0.0,0.0,0.0,0.0
6,4,0.0,0.0,0.0,0.015625,0.96875,0.0,0.015625,0.0,0.0,0.0,0.0,0.0
6,4,0.0,0.0,0.0,0.015625,0.96875,0.0,0.015625,0.0,0.0,0.0,0.0,0.0
6,4,0.0,0.0,0.0,0.015625,0.96875,0.0,0.015625,0.0,0.0,0.0,0.0,0.0
6,4,0.0,0.0,0.0,0.015625,0.96875,0.0,0.015625,0.0,0.0,0.0,0.0,0.0
6,4,0.0,0.0,0.0,0.015625,0.96875,0.0,0.015625,0.0,0.0,0.0,0.0,0.0
6,4,0.0,0.0,0.0,0.015625,0.96875,0.0,0.015625,0.0,0.0,0.0,0.0,0.0
6,4,0.0,0.0,0.0,0.015625,0.96875,0.0,0.015625,0.0,0.0,0.0,0.0,0.0
6,4,0.0,0.0,0.0,0.015625,0.96875,0.0,0.015625,0.0,0.0,0.0,0.0,0.0
6,4,0.0,0.015625,0.0,0.015625,0.953125,0.0,0.015625,0.0,0.0,0.0,0.0,0.0
6,4,0.0,0.015625,0.0,0.015625,0.953125,0.0,0.015625,0.0,0.0,0.0,0.0,0.0
6,4,0.0,0.015625,0.0,0.015625,0.953125,0.0,0.015625,0.0,0.0,0.0,0.0,0.0
6,4,0.0,0.015625,0.0,0.015625,0.953125,0.0,0.015625,0.0,0.0,0.0,0.0,0.0
6,4,0.0,0.015625,0.0,0.015625,0.953125,0.0,0.015625,0.0,0.0,0.0,0.0,0.0
6,4,0.0,0.015625,0.0,0.015625,0.953125,0.0,0.015625,0.0,0.0,0.0,0.0,0.0
6,4,0.0,0.015625,0.0,0.015625,0.953125,0.0,0.015625,0.0,0.0,0.0,0.0,0.0
6,4,0.0,0.015625,0.0,0.015625,0.953125,0.0,0.015625,0.0,0.0,0.0,0.0,0.0
6,4,0.0,0.015625,0.0,0.015625,0.953125,0.0,0.015625,0.0,0.0,0.0,0.0,0.0
6,4,0.0,0.015625,0.0,0.015625,0.953125,0.0,0.015625,0.0,0.0,0.0,0.0,0.0
6,4,0.0,0.015625,0.0,0.015625,0.953125,0.0,0.015625,0.0,0.0,0.0,0.0,0.0
6,4,0.0,0.015625,0.0,0.015625,0.953125,0.0,0.015625,0.0,0.0,0.0,0.0,0.0
6,4,0.0,0.015625,0.0,0.015625,0.953125,0.0,0.015625,0.0,0.0,0.0,0.0,0.0
6,4,0.0,0.015625,0.0,0.015625,0.953125,0.0,0.015625,0.0,0.0,0.0,0.0,0.0
6,4,0.0,0.015625,0.0,0.015625,0.953125,0.0,0.015625,0.0,0.0,0.0,0.0,0.0
6,4,0.0,0.015625,0.0,0.015625,0.953125,0.0,0.015625,0.0,0.0,0.0,0.0,0.0
6,4,0.0,0.015625,0.0,0.015625,0.953125,0.0,0.015625,0.0,0.0,0.0,0.0,0.0
6,4,0.0,0.015625,0.0,0.015625,0.953125,0.0,0.015625,0.0,0.0,0.0,0.0,0.0
6,4,0.0,0.015625,0.0,0.015625,0.953125,0.0,0.015625,0.0,0.0,0.0,0.0,0.0
6,4,0.0,0.015625,0.0,0.015625,0.953125,0.0,0.015625,0.0,0.0,0.0,0.0,0.0
6,4,0.0,0.015625,0.0,0.015625,0.953125,0.0,0.015625,0.0,0.0,0.0,0.0,0.0
6,4,0.0,0.015625,0.0,0.015625,0.953125,0.0,0.015625,0.0,0.0,0.0,0.0,0.0
6,4,0.0,0.015625,0.0,0.015625,0.953125,0.0,0.015625,0.0,0.0,0.0,0.0,0.0
6,4,0.0,0.015625,0.0,0.015625,0.953125,0.0,0.015625,0.0,0.0,0.0,0.0,0.0
6,4,0.0,0.015625,0.0,0.015625,0.953125,0.0,0.015625,0.0,0.0,0.0,0.0,0.0
6,4,0.0,0.015625,0.0,0.015625,0.953125,0.0,0.015625,0.0,0.0,0.0,0.0,0.0
6,4,0.0,0.015625,0.0,0.015625,0.953125,0.0,0.015625,0.0,0.0,0.0,0.0,0.0
6,4,0.0,0.015625,0.0,0.015625,0.953125,0.0,0.015625,0.0,0.0,0.0,0.0,0.0
6,4,0.0,0.015625,0.0,0.015625,0.953125,0.0,0.015625,0.0,0.0,0.0,0.0,0.0
6,4,0.0,0.015625,0.0,0.015625,0.953125,0.0,0.015625,0.0,0.0,0.0,0.0,0.0
6,4,0.0,0.015625,0.0,0.015625,0.953125,0.0,0.015625,0.0,0.0,0.0,0.0,0.0
6,4,0.0,0.015625,0.0,0.015625,0.953125,0.0,0.015625,0.0,0.0,0.0,0.0,0.0
6,4,0.0,0.015625,0.0,0.015625,0.953125,0.0,0.015625,0.0,0.0,0.0,0.0,0.0
6,4,0.0,0.015625,0.0,0.015625,0.953125,0.0,0.015625,0.0,0.0,0.0,0.0,0.0
6,4,0.0,0.015625,0.0,0.015625,0.953125,0.0,0.015625,0.0,0.0,0.0,0.0,0.0
6,4,0.0,0.015625,0.0,0.015625,0.953125,0.0,0.015625,0.0,0.0,0.0,0.0,0.0
6,4,0.0,0.015625,0.0,0.015625,0.953125,0.0,0.015625,0.0,0.0,0.0,0.0,0.0
6,4,0.0,0.015625,0.0,0.015625,0.953125,0.0,0.015625,0.0,0.0,0.0,0.0,0.0
6,4,0.0,0.015625,0.0,0.015625,0.953125,0.0,0.015625,0.0,0.0,0.0,0.0,0.0
6,4,0.0,0.015625,0.0,0.015625,0.953125,0.0,0.015625,0.0,0.0,0.0,0.0,0.0
6,4,0.0,0.015625,0.0,0.015625,0.953125,0.0,0.015625,0.0,0.0,0.0,0.0,0.0
6,4,0.0,0.015625,0.0,0.015625,0.953125,0.0,0.015625,0.0,0.0,0.0,0.0,0.0
6,4,0.0,0.015625,0.0,0.015625,0.953125,0.0,0.015625,0.0,0.0,0.0,0.0,0.0
6,4,0.0,0.015625,0.0,0.015625,0.953125,0.0,0.015625,0.0,0.0,0.0,0.0,0.0
6,4,0.0,0.015625,0.0,0.015625,0.953125,0.0,0.015625,0.0,0.0,0.0,0.0,0.0
6,4,0.0,0.015625,0.0,0.015625,0.953125,0.0,0.015625,0.0,0.0,0.0,0.0,0.0
6,4,0.0,0.015625,0.0,0.015625,0.953125,0.0,0.015625,0.0,0.0,0.0,0.0,0.0
6,4,0.0,0.015625,0.0,0.015625,0.953125,0.0,0.015625,0.0,0.0,0.0,0.0,0.0
6,4,0.0,0.015625,0.0,0.015625,0.953125,0.0,0.015625,0.0,0.0,0.0,0.0,0.0
6,4,0.0,0.015625,0.0,0.015625,0.953125,0.0,0.015625,0.0,0.0,0.0,0.0,0.0
6,4,0.0,0.015625,0.0,0.015625,0.953125,0.0,0.015625,0.0,0.0,0.0,0.0,0.0
6,4,0.0,0.015625,0.0,0.015625,0.953125,0.0,0.015625,0.0,0.0,0.0,0.0,0.0
6,4,0.0,0.015625,0.0,0.015625,0.953125,0.0,0.015625,0.0,0.0,0.0,0.0,0.0
6,4,0.0,0.015625,0.0,0.015625,0.953125,0.0,0.015625,0.0,0.0,0.0,0.0,0.0
6,4,0.0,0.015625,0.0,0.015625,0.953125,0.0,0.015625,0.0,0.0,0.0,0.0,0.0
6,4,0.0,0.015625,0.0,0.015625,0.953125,0.0,0.015625,0.0,0.0,0.0,0.0,0.0
6,4,0.0,0.015625,0.0,0.015625,0.953125,0.0,0.015625,0.0,0.0,0.0,0.0,0.0
6,4,0.0,0.015625,0.0,0.015625,0.953125,0.0,0.015625,0.0,0.0,0.0,0.0,0.0
6,4,0.0,0.015625,0.0,0.015625,0.953125,0.0,0.015625,0.0,0.0,0.0,0.0,0.0
6,4,0.0,0.015625,0.0,0.015625,0.953125,0.0,0.015625,0.0,0.0,0.0,0.0,0.0
6,4,0.0,0.015625,0.0,0.015625,0.953125,0.0,0.015625,0.0,0.0,0.0,0.0,0.0
6,4,0.0,0.015625,0.0,0.015625,0.953125,0.0,0.015625,0.0,0.0,0.0,0.0,0.0
6,4,0.0,0.015625,0.0,0.015625,0.953125,0.0,0.015625,0.0,0.0,0.0,0.0,0.0
6,4,0.0,0.015625,0.0,0.015625,0.953125,0.0,0.015625,0.0,0.0,0.0,0.0,0.0
6,4,0.0,0.015625,0.0,0.015625,0.953125,0.0,0.015625,0.0,0.0,0.0,0.0,0.0
6,4,0.0,0.015625,0.0,0.015625,0.953125,0.0,0.015625,0.0,0.0,0.0,0.0,0.0
6,4,0.0,0.015625,0.0,0.015625,0.953125,0.0,0.015625,0.0,0.0,0.0,0.0,0.0
6,4,0.0,0.015625,0.0,0.015625,0.953125,0.0,0.015625,0.0,0.0,0.0,0.0,0.0
6,4,0.0,0.015625,0.0,0.015625,0.953125,0.0,0.015625,0.0,0.0,0.0,0.0,0.0
6,4,0.0,0.015625,0.0,0.015625,0.953125,0.0,0.015625,0.0,0.0,0.0,0.0,0.0
6,4,0.0,0.015625,0.0,0.015625,0.953125,0.0,0.015625,0.0,0.0,0.0,0.0,0.0
6,4,0.0,0.015625,0.0,0.015625,0.953125,0.0,0.015625,0.0,0.0,0.0,0.0,0.0
6,4,0.0,0.015625,0.0,0.015625,0.953125,0.0,0.015625,0.0,0.0,0.0,0.0,0.0
6,4,0.0,0.015625,0.0,0.015625,0.953125,0.0,0.015625,0.0,0.0,0.0,0.0,0.0
6,4,0.0,0.015625,0.0,0.015625,0.953125,0.0,0.015625,0.0,0.0,0.0,0.0,0.0
6,4,0.0,0.015625,0.0,0.015625,0.953125,0.0,0.015625,0.0,0.0,0.0,0.0,0.0
6,4,0.0,0.015625,0.0,0.015625,0.953125,0.0,0.015625,0.0,0.0,0.0,0.0,0.0
6,4,0.0,0.015625,0.0,0.015625,0.953125,0.0,0.015625,0.0,0.0,0.0,0.0,0.0
6,4,0.0,0.015625,0.0,0.015625,0.953125,0.0,0.015625,0.0,0.0,0.0,0.0,0.0
6,4,0.0,0.015625,0.0,0.015625,0.953125,0.0,0.015625,0.0,0.0,0.0,0.0,0.0
6,4,0.0,0.015625,0.0,0.015625,0.953125,0.0,0.015625,0.0,0.0,0.0,0.0,0.0
6,4,0.0,0.015625,0.0,0.015625,0.953125,0.0,0.015625,0.0,0.0,0.0,0.0,0.0
6,4,0.0,0.015625,0.0,0.015625,0.953125,0.0,0.015625,0.0,0.0,0.0,0.0,0.0
6,4,0.0,0.015625,0.0,0.015625,0.953125,0.0,0.015625,0.0,0.0,0.0,0.0,0.0
6,4,0.0,0.015625,0.0,0.015625,0.953125,0.0,0.015625,0.0,0.0,0.0,0.0,0.0
6,4,0.0,0.015625,0.0,0.015625,0.953125,0.0,0.015625,0.0,0.0,0.0,0.0,0.0
6,4,0.0,0.015625,0.0,0.015625,0.953125,0.0,0.015625,0.0,0.0,0.0,0.0,0.0
6,4,0.0,0.015625,0.0,0.015625,0.953125,0.0,0.015625,0.0,0.0,0.0,0.0,0.0
6,4,0.0,0.015625,0.0,0.0,0.96875,0.0,0.015625,0.0,0.0,0.0,0.0,0.0
6,4,0.0,0.015625,0.0,0.0,0.96875,0.0,0.015625,0.0,0.0,0.0,0.0,0.0
6,4,0.0,0.015625,0.0,0.0,0.96875,0.0,0.015625,0.0,0.0,0.0,0.0,0.0
6,4,0.0,0.015625,0.0,0.0,0.96875,0.0,0.015625,0.0,0.0,0.0,0.0,0.0
6,4,0.0,0.015625,0.0,0.0,0.96875,0.0,0.015625,0.0,0.0,0.0,0.0,0.0
6,4,0.0,0.015625,0.0,0.0,0.96875,0.0,0.015625,0.0,0.0,0.0,0.0,0.0
6,4,0.0,0.015625,0.0,0.0,0.96875,0.0,0.015625,0.0,0.0,0.0,0.0,0.0
6,4,0.0,0.015625,0.0,0.0,0.96875,0.0,0.015625,0.0,0.0,0.0,0.0,0.0
6,4,0.0,0.015625,0.0,0.0,0.96875,0.0,0.015625,0.0,0.0,0.0,0.0,0.0
6,4,0.0,0.015625,0.0,0.0,0.96875,0.0,0.015625,0.0,0.0,0.0,0.0,0.0
6,4,0.0,0.015625,0.0,0.0,0.96875,0.0,0.015625,0.0,0.0,0.0,0.0,0.0
6,4,0.0,0.015625,0.0,0.0,0.96875,0.0,0.015625,0.0,0.0,0.0,0.0,0.0
6,4,0.0,0.015625,0.0,0.0,0.96875,0.0,0.015625,0.0,0.0,0.0,0.0,0.0
6,4,0.0,0.015625,0.0,0.0,0.96875,0.0,0.015625,0.0,0.0,0.0,0.0,0.0
6,4,0.0,0.015625,0.0,0.0,0.96875,0.0,0.015625,0.0,0.0,0.0,0.0,0.0
6,4,0.0,0.015625,0.0,0.0,0.96875,0.0,0.015625,0.0,0.0,0.0,0.0,0.0
6,4,0.0,0.015625,0.0,0.0,0.96875,0.0,0.015625,0.0,0.0,0.0,0.0,0.0
6,4,0.0,0.015625,0.0,0.0,0.96875,0.0,0.015625,0.0,0.0,0.0,0.0,0.0
6,4,0.0,0.015625,0.0,0.0,0.96875,0.0,0.015625,0.0,0.0,0.0,0.0,0.0
6,4,0.0,0.015625,0.0,0.0,0.96875,0.0,0.015625,0.0,0.0,0.0,0.0,0.0
6,4,0.0,0.015625,0.0,0.0,0.96875,0.0,0.015625,0.0,0.0,0.0,0.0,0.0
6,4,0.0,0.015625,0.0,0.0,0.96875,0.0,0.015625,0.0,0.0,0.0,0.0,0.0
6,4,0.0,0.015625,0.0,0.0,0.96875,0.0,0.015625,0.0,0.0,0.0,0.0,0.0
6,4,0.0,0.015625,0.0,0.0,0.96875,0.0,0.015625,0.0,0.0,0.0,0.0,0.0
6,4,0.0,0.015625,0.0,0.0,0.96875,0.0,0.015625,0.0,0.0,0.0,0.0,0.0
6,4,0.0,0.015625,0.0,0.0,0.96875,0.0,0.015625,0.0,0.0,0.0,0.0,0.0
6,4,0.0,0.015625,0.0,0.0,0.96875,0.0,0.015625,0.0,0.0,0.0,0.0,0.0
6,4,0.0,0.015625,0.0,0.0,0.96875,0.0,0.015625,0.0,0.0,0.0,0.0,0.0
6,4,0.0,0.015625,0.0,0.0,0.96875,0.0,0.015625,0.0,0.0,0.0,0.0,0.0
6,4,0.0,0.015625,0.0,0.0,0.96875,0.0,0.015625,0.0,0.0,0.0,0.0,0.0
6,4,0.0,0.015625,0.0,0.0,0.96875,0.0,0.015625,0.0,0.0,0.0,0.0,0.0
6,4,0.0,0.015625,0.0,0.0,0.96875,0.0,0.015625,0.0,0.0,0.0,0.0,0.0
6,4,0.0,0.015625,0.0,0.0,0.96875,0.0,0.015625,0.0,0.0,0.0,0.0,0.0
6,4,0.0,0.015625,0.0,0.0,0.96875,0.0,0.015625,0.0,0.0,0.0,0.0,0.0
6,4,0.0,0.015625,0.0,0.0,0.96875,0.0,0.015625,0.0,0.0,0.0,0.0,0.0
6,4,0.0,0.015625,0.0,0.0,0.96875,0.0,0.015625,0.0,0.0,0.0,0.0,0.0
6,4,0.0,0.015625,0.0,0.0,0.96875,0.0,0.015625,0.0,0.0,0.0,0.0,0.0
6,4,0.0,0.015625,0.0,0.0,0.96875,0.0,0.015625,0.0,0.0,0.0,0.0,0.0
6,4,0.0,0.015625,0.0,0.0,0.96875,0.0,0.015625,0.0,0.0,0.0,0.0,0.0
6,4,0.0,0.015625,0.0,0.0,0.96875,0.0,0.015625,0.0,0.0,0.0,0.0,0.0
6,4,0.0,0.015625,0.0,0.0,0.96875,0.0,0.015625,0.0,0.0,0.0,0.0,0.0
6,4,0.0,0.015625,0.0,0.0,0.96875,0.0,0.015625,0.0,0.0,0.0,0.0,0.0
6,4,0.0,0.015625,0.0,0.0,0.96875,0.0,0.015625,0.0,0.0,0.0,0.0,0.0
6,4,0.0,0.015625,0.0,0.0,0.96875,0.0,0.015625,0.0,0.0,0.0,0.0,0.0
6,4,0.0,0.015625,0.0,0.0,0.96875,0.0,0.015625,0.0,0.0,0.0,0.0,0.0
6,4,0.0,0.015625,0.0,0.0,0.96875,0.0,0.015625,0.0,0.0,0.0,0.0,0.0
6,4,0.0,0.015625,0.0,0.0,0.96875,0.0,0.015625,0.0,0.0,0.0,0.0,0.0
6,4,0.0,0.015625,0.0,0.0,0.96875,0.0,0.015625,0.0,0.0,0.0,0.0,0.0
6,4,0.0,0.015625,0.0,0.0,0.96875,0.0,0.015625,0.0,0.0,0.0,0.0,0.0
6,4,0.0,0.015625,0.0,0.0,0.96875,0.0,0.015625,0.0,0.0,0.0,0.0,0.0
6,4,0.0,0.015625,0.0,0.0,0.96875,0.0,0.015625,0.0,0.0,0.0,0.0,0.0
6,4,0.0,0.015625,0.0,0.0,0.96875,0.0,0.015625,0.0,0.0,0.0,0.0,0.0
6,4,0.0,0.015625,0.0,0.0,0.96875,0.0,0.015625,0.0,0.0,0.0,0.0,0.0
6,4,0.0,0.015625,0.0,0.0,0.96875,0.0,0.015625,0.0,0.0,0.0,0.0,0.0
6,4,0.0,0.015625,0.0,0.0,0.96875,0.0,0.015625,0.0,0.0,0.0,0.0,0.0
6,4,0.0,0.015625,0.0,0.0,0.96875,0.0,0.015625,0.0,0.0,0.0,0.0,0.0
6,4,0.0,0.015625,0.0,0.0,0.96875,0.0,0.015625,0.0,0.0,0.0,0.0,0.0
6,4,0.0,0.015625,0.0,0.0,0.96875,0.0,0.015625,0.0,0.0,0.0,0.0,0.0
6,4,0.0,0.015625,0.0,0.0,0.96875,0.0,0.015625,0.0,0.0,0.0,0.0,0.0
6,4,0.0,0.015625,0.0,0.0,0.96875,0.0,0.015625,0.0,0.0,0.0,0.0,0.0
6,4,0.0,0.015625,0.0,0.0,0.96875,0.0,0.015625,0.0,0.0,0.0,0.0,0.0
6,4,0.0,0.015625,0.0,0.0,0.96875,0.0,0.015625,0.0,0.0,0.0,0.0,0.0
6,4,0.0,0.015625,0.0,0.0,0.96875,0.0,0.015625,0.0,0.0,0.0,0.0,0.0
6,4,0.0,0.015625,0.0,0.0,0.96875,0.0,0.015625,0.0,0.0,0.0,0.0,0.0
6,4,0.0,0.015625,0.0,0.0,0.953125,0.0,0.03125,0.0,0.0,0.0,0.0,0.0
6,4,0.0,0.015625,0.0,0.0,0.953125,0.0,0.03125,0.0,0.0,0.0,0.0,0.0
6,4,0.0,0.015625,0.0,0.0,0.953125,0.0,0.03125,0.0,0.0,0.0,0.0,0.0
6,4,0.0,0.015625,0.0,0.0,0.953125,0.0,0.03125,0.0,0.0,0.0,0.0,0.0
6,4,0.0,0.015625,0.0,0.0,0.953125,0.0,0.03125,0.0,0.0,0.0,0.0,0.0
6,4,0.0,0.015625,0.0,0.0,0.953125,0.0,0.03125,0.0,0.0,0.0,0.0,0.0
6,4,0.0,0.015625,0.0,0.0,0.953125,0.0,0.03125,0.0,0.0,0.0,0.0,0.0
6,4,0.0,0.015625,0.0,0.0,0.953125,0.0,0.03125,0.0,0.0,0.0,0.0,0.0
6,4,0.0,0.015625,0.0,0.0,0.953125,0.0,0.03125,0.0,0.0,0.0,0.0,0.0
6,4,0.0,0.015625,0.0,0.0,0.953125,0.0,0.03125,0.0,0.0,0.0,0.0,0.0
6,4,0.0,0.015625,0.0,0.0,0.953125,0.0,0.03125,0.0,0.0,0.0,0.0,0.0
6,4,0.0,0.015625,0.0,0.0,0.953125,0.0,0.03125,0.0,0.0,0.0,0.0,0.0
6,4,0.0,0.015625,0.0,0.0,0.953125,0.0,0.03125,0.0,0.0,0.0,0.0,0.0
6,4,0.0,0.015625,0.0,0.0,0.953125,0.0,0.03125,0.0,0.0,0.0,0.0,0.0
6,4,0.0,0.015625,0.0,0.0,0.953125,0.0,0.03125,0.0,0.0,0.0,0.0,0.0
6,4,0.0,0.015625,0.0,0.0,0.953125,0.0,0.03125,0.0,0.0,0.0,0.0,0.0
6,4,0.0,0.015625,0.0,0.0,0.953125,0.0,0.03125,0.0,0.0,0.0,0.0,0.0
6,4,0.0,0.015625,0.0,0.0,0.953125,0.0,0.03125,0.0,0.0,0.0,0.0,0.0
6,4,0.0,0.015625,0.0,0.0,0.953125,0.0,0.03125,0.0,0.0,0.0,0.0,0.0
6,4,0.0,0.015625,0.0,0.0,0.953125,0.0,0.03125,0.0,0.0,0.0,0.0,0.0
6,4,0.0,0.015625,0.0,0.0,0.953125,0.0,0.03125,0.0,0.0,0.0,0.0,0.0
6,4,0.0,0.015625,0.0,0.0,0.953125,0.0,0.03125,0.0,0.0,0.0,0.0,0.0
6,4,0.0,0.015625,0.0,0.0,0.953125,0.0,0.03125,0.0,0.0,0.0,0.0,0.0
6,4,0.0,0.015625,0.0,0.0,0.953125,0.0,0.03125,0.0,0.0,0.0,0.0,0.0
6,4,0.0,0.015625,0.0,0.0,0.953125,0.0,0.03125,0.0,0.0,0.0,0.0,0.0
6,4,0.0,0.015625,0.0,0.0,0.953125,0.0,0.03125,0.0,0.0,0.0,0.0,0.0
6,4,0.0,0.015625,0.0,0.0,0.953125,0.0,0.03125,0.0,0.0,0.0,0.0,0.0
6,4,0.0,0.015625,0.0,0.0,0.953125,0.0,0.03125,0.0,0.0,0.0,0.0,0.0
6,4,0.0,0.015625,0.0,0.0,0.953125,0.0,0.03125,0.0,0.0,0.0,0.0,0.0
6,4,0.0,0.015625,0.0,0.0,0.953125,0.0,0.03125,0.0,0.0,0.0,0.0,0.0
6,4,0.0,0.015625,0.0,0.0,0.953125,0.0,0.03125,0.0,0.0,0.0,0.0,0.0
6,4,0.0,0.015625,0.0,0.0,0.953125,0.0,0.03125,0.0,0.0,0.0,0.0,0.0
6,4,0.0,0.015625,0.0,0.0,0.953125,0.0,0.03125,0.0,0.0,0.0,0.0,0.0
6,4,0.0,0.015625,0.0,0.0,0.953125,0.0,0.03125,0.0,0.0,0.0,0.0,0.0
6,4,0.0,0.015625,0.0,0.0,0.953125,0.0,0.03125,0.0,0.0,0.0,0.0,0.0
6,4,0.0,0.015625,0.0,0.0,0.953125,0.0,0.03125,0.0,0.0,0.0,0.0,0.0
6,4,0.0,0.015625,0.0,0.0,0.953125,0.0,0.03125,0.0,0.0,0.0,0.0,0.0
6,4,0.0,0.015625,0.0,0.0,0.953125,0.0,0.03125,0.0,0.0,0.0,0.0,0.0
6,4,0.0,0.015625,0.0,0.0,0.953125,0.0,0.03125,0.0,0.0,0.0,0.0,0.0
6,4,0.0,0.015625,0.0,0.0,0.953125,0.0,0.03125,0.0,0.0,0.0,0.0,0.0
6,4,0.0,0.015625,0.0,0.0,0.953125,0.0,0.03125,0.0,0.0,0.0,0.0,0.0
6,4,0.0,0.015625,0.0,0.0,0.953125,0.0,0.03125,0.0,0.0,0.0,0.0,0.0
6,4,0.0,0.015625,0.0,0.0,0.953125,0.0,0.03125,0.0,0.0,0.0,0.0,0.0
6,4,0.0,0.015625,0.0,0.0,0.953125,0.0,0.03125,0.0,0.0,0.0,0.0,0.0
6,4,0.0,0.015625,0.0,0.0,0.953125,0.0,0.03125,0.0,0.0,0.0,0.0,0.0
6,4,0.0,0.015625,0.0,0.0,0.953125,0.0,0.03125,0.0,0.0,0.0,0.0,0.0
6,4,0.0,0.015625,0.0,0.0,0.953125,0.0,0.03125,0.0,0.0,0.0,0.0,0.0
6,4,0.0,0.015625,0.0,0.0,0.953125,0.0,0.03125,0.0,0.0,0.0,0.0,0.0
6,4,0.0,0.015625,0.0,0.0,0.953125,0.0,0.03125,0.0,0.0,0.0,0.0,0.0
6,4,0.0,0.015625,0.0,0.0,0.953125,0.0,0.03125,0.0,0.0,0.0,0.0,0.0
6,4,0.0,0.015625,0.0,0.0,0.953125,0.0,0.03125,0.0,0.0,0.0,0.0,0.0
6,4,0.0,0.015625,0.0,0.0,0.953125,0.0,0.03125,0.0,0.0,0.0,0.0,0.0
6,4,0.0,0.015625,0.0,0.0,0.953125,0.0,0.03125,0.0,0.0,0.0,0.0,0.0
6,4,0.0,0.015625,0.0,0.0,0.953125,0.0,0.03125,0.0,0.0,0.0,0.0,0.0
6,4,0.0,0.015625,0.0,0.0,0.953125,0.0,0.03125,0.0,0.0,0.0,0.0,0.0
6,4,0.0,0.015625,0.0,0.0,0.953125,0.0,0.03125,0.0,0.0,0.0,0.0,0.0
6,4,0.0,0.015625,0.0,0.0,0.953125,0.0,0.03125,0.0,0.0,0.0,0.0,0.0
6,4,0.0,0.015625,0.0,0.0,0.953125,0.0,0.03125,0.0,0.0,0.0,0.0,0.0
6,4,0.0,0.015625,0.0,0.0,0.953125,0.0,0.03125,0.0,0.0,0.0,0.0,0.0
6,4,0.0,0.015625,0.0,0.0,0.953125,0.0,0.03125,0.0,0.0,0.0,0.0,0.0
6,4,0.0,0.015625,0.0,0.0,0.953125,0.0,0.03125,0.0,0.0,0.0,0.0,0.0
6,4,0.0,0.015625,0.0,0.0,0.953125,0.0,0.03125,0.0,0.0,0.0,0.0,0.0
6,4,0.0,0.015625,0.0,0.0,0.953125,0.0,0.03125,0.0,0.0,0.0,0.0,0.0
6,4,0.0,0.015625,0.0,0.0,0.953125,0.0,0.03125,0.0,0.0,0.0,0.0,0.0
6,4,0.0,0.015625,0.0,0.0,0.953125,0.0,0.03125,0.0,0.0,0.0,0.0,0.0
6,4,0.0,0.015625,0.0,0.0,0.953125,0.0,0.03125,0.0,0.0,0.0,0.0,0.0
6,4,0.0,0.015625,0.0,0.0,0.953125,0.0,0.03125,0.0,0.0,0.0,0.0,0.0
6,4,0.0,0.015625,0.0,0.0,0.953125,0.0,0.03125,0.0,0.0,0.0,0.0,0.0
6,4,0.0,0.015625,0.0,0.0,0.953125,0.0,0.03125,0.0,0.0,0.0,0.0,0.0
6,4,0.0,0.015625,0.0,0.0,0.953125,0.0,0.03125,0.0,0.0,0.0,0.0,0.0
6,4,0.0,0.015625,0.0,0.0,0.953125,0.0,0.03125,0.0,0.0,0.0,0.0,0.0
6,4,0.0,0.015625,0.0,0.0,0.953125,0.0,0.03125,0.0,0.0,0.0,0.0,0.0
6,4,0.0,0.015625,0.0,0.0,0.953125,0.0,0.03125,0.0,0.0,0.0,0.0,0.0
6,4,0.0,0.015625,0.0,0.0,0.953125,0.0,0.03125,0.0,0.0,0.0,0.0,0.0
6,4,0.0,0.015625,0.0,0.0,0.953125,0.0,0.03125,0.0,0.0,0.0,0.0,0.0
6,4,0.0,0.015625,0.0,0.0,0.953125,0.0,0.03125,0.0,0.0,0.0,0.0,0.0
6,4,0.0,0.015625,0.0,0.0,0.9375,0.0,0.046875,0.0,0.0,0.0,0.0,0.0
6,4,0.0,0.015625,0.0,0.0,0.921875,0.0,0.0625,0.0,0.0,0.0,0.0,0.0
6,4,0.0,0.015625,0.0,0.0,0.921875,0.0,0.0625,0.0,0.0,0.0,0.0,0.0
6,4,0.0,0.015625,0.0,0.0,0.921875,0.0,0.0625,0.0,0.0,0.0,0.0,0.0
6,4,0.0,0.015625,0.0,0.0,0.890625,0.0,0.09375,0.0,0.0,0.0,0.0,0.0
6,4,0.0,0.015625,0.0,0.0,0.890625,0.0,0.09375,0.0,0.0,0.0,0.0,0.0
6,4,0.0,0.015625,0.0,0.0,0.890625,0.0,0.09375,0.0,0.0,0.0,0.0,0.0
6,4,0.0,0.015625,0.0,0.0,0.890625,0.0,0.09375,0.0,0.0,0.0,0.0,0.0
6,4,0.0,0.015625,0.0,0.0,0.890625,0.0,0.09375,0.0,0.0,0.0,0.0,0.0
6,4,0.0,0.015625,0.0,0.0,0.890625,0.0,0.09375,0.0,0.0,0.0,0.0,0.0
6,4,0.0,0.015625,0.0,0.0,0.890625,0.0,0.09375,0.0,0.0,0.0,0.0,0.0
6,4,0.0,0.015625,0.0,0.0,0.890625,0.0,0.09375,0.0,0.0,0.0,0.0,0.0
6,4,0.0,0.015625,0.0,0.0,0.890625,0.0,0.09375,0.0,0.0,0.0,0.0,0.0
6,4,0.0,0.015625,0.0,0.0,0.890625,0.0,0.09375,0.0,0.0,0.0,0.0,0.0
6,4,0.0,0.015625,0.0,0.0,0.890625,0.0,0.09375,0.0,0.0,0.0,0.0,0.0
6,4,0.0,0.015625,0.0,0.0,0.890625,0.0,0.09375,0.0,0.0,0.0,0.0,0.0
6,4,0.0,0.015625,0.0,0.0,0.890625,0.0,0.09375,0.0,0.0,0.0,0.0,0.0
6,4,0.0,0.015625,0.0,0.0,0.890625,0.0,0.09375,0.0,0.0,0.0,0.0,0.0
6,4,0.0,0.015625,0.0,0.0,0.890625,0.0,0.09375,0.0,0.0,0.0,0.0,0.0
6,4,0.0,0.015625,0.0,0.0,0.890625,0.0,0.09375,0.0,0.0,0.0,0.0,0.0
6,4,0.0,0.015625,0.0,0.0,0.890625,0.0,0.09375,0.0,0.0,0.0,0.0,0.0
6,4,0.0,0.015625,0.0,0.0,0.890625,0.0,0.09375,0.0,0.0,0.0,0.0,0.0
6,4,0.0,0.015625,0.0,0.0,0.890625,0.0,0.09375,0.0,0.0,0.0,0.0,0.0
6,4,0.0,0.015625,0.0,0.0,0.890625,0.0,0.09375,0.0,0.0,0.0,0.0,0.0
6,4,0.0,0.015625,0.0,0.0,0.890625,0.0,0.09375,0.0,0.0,0.0,0.0,0.0
6,4,0.0,0.015625,0.0,0.0,0.890625,0.0,0.09375,0.0,0.0,0.0,0.0,0.0
6,4,0.0,0.015625,0.0,0.0,0.890625,0.0,0.09375,0.0,0.0,0.0,0.0,0.0
6,4,0.0,0.015625,0.0,0.0,0.890625,0.0,0.09375,0.0,0.0,0.0,0.0,0.0
6,4,0.0,0.015625,0.0,0.0,0.890625,0.0,0.09375,0.0,0.0,0.0,0.0,0.0
6,4,0.0,0.015625,0.0,0.0,0.890625,0.0,0.09375,0.0,0.0,0.0,0.0,0.0
6,4,0.0,0.015625,0.0,0.0,0.890625,0.0,0.09375,0.0,0.0,0.0,0.0,0.0
6,4,0.0,0.015625,0.0,0.0,0.890625,0.0,0.09375,0.0,0.0,0.0,0.0,0.0
6,4,0.0,0.015625,0.0,0.0,0.890625,0.0,0.09375,0.0,0.0,0.0,0.0,0.0
6,4,0.0,0.015625,0.0,0.0,0.890625,0.0,0.09375,0.0,0.0,0.0,0.0,0.0
6,4,0.0,0.015625,0.0,0.0,0.890625,0.0,0.09375,0.0,0.0,0.0,0.0,0.0
6,4,0.0,0.015625,0.0,0.0,0.890625,0.0,0.09375,0.0,0.0,0.0,0.0,0.0
6,4,0.0,0.015625,0.0,0.0,0.890625,0.0,0.09375,0.0,0.0,0.0,0.0,0.0
6,4,0.0,0.015625,0.0,0.0,0.890625,0.0,0.09375,0.0,0.0,0.0,0.0,0.0
6,4,0.0,0.015625,0.0,0.0,0.890625,0.0,0.09375,0.0,0.0,0.0,0.0,0.0
6,4,0.0,0.015625,0.0,0.0,0.890625,0.0,0.09375,0.0,0.0,0.0,0.0,0.0
6,4,0.0,0.015625,0.0,0.0,0.875,0.0,0.109375,0.0,0.0,0.0,0.0,0.0
6,4,0.0,0.015625,0.0,0.0,0.875,0.0,0.109375,0.0,0.0,0.0,0.0,0.0
6,4,0.0,0.015625,0.0,0.0,0.875,0.0,0.109375,0.0,0.0,0.0,0.0,0.0
6,4,0.0,0.015625,0.0,0.0,0.875,0.0,0.109375,0.0,0.0,0.0,0.0,0.0
6,4,0.0,0.015625,0.0,0.0,0.875,0.0,0.109375,0.0,0.0,0.0,0.0,0.0
6,4,0.0,0.015625,0.0,0.0,0.875,0.0,0.109375,0.0,0.0,0.0,0.0,0.0
6,4,0.0,0.015625,0.0,0.0,0.875,0.0,0.109375,0.0,0.0,0.0,0.0,0.0
6,4,0.0,0.015625,0.0,0.0,0.875,0.0,0.109375,0.0,0.0,0.0,0.0,0.0
6,4,0.0,0.015625,0.0,0.0,0.875,0.0,0.109375,0.0,0.0,0.0,0.0,0.0
6,4,0.0,0.015625,0.0,0.0,0.875,0.0,0.109375,0.0,0.0,0.0,0.0,0.0
6,4,0.0,0.015625,0.0,0.0,0.875,0.0,0.109375,0.0,0.0,0.0,0.0,0.0
6,4,0.0,0.015625,0.0,0.0,0.875,0.0,0.109375,0.0,0.0,0.0,0.0,0.0
6,4,0.0,0.015625,0.0,0.0,0.875,0.0,0.109375,0.0,0.0,0.0,0.0,0.0
6,4,0.0,0.015625,0.0,0.0,0.875,0.0,0.109375,0.0,0.0,0.0,0.0,0.0
6,4,0.0,0.015625,0.0,0.0,0.875,0.0,0.109375,0.0,0.0,0.0,0.0,0.0
6,4,0.0,0.015625,0.0,0.0,0.875,0.0,0.109375,0.0,0.0,0.0,0.0,0.0
6,4,0.0,0.015625,0.0,0.0,0.875,0.0,0.109375,0.0,0.0,0.0,0.0,0.0
6,4,0.0,0.015625,0.0,0.0,0.875,0.0,0.109375,0.0,0.0,0.0,0.0,0.0
6,4,0.0,0.015625,0.0,0.0,0.875,0.0,0.109375,0.0,0.0,0.0,0.0,0.0
6,4,0.0,0.015625,0.0,0.0,0.875,0.0,0.109375,0.0,0.0,0.0,0.0,0.0
6,4,0.0,0.015625,0.0,0.0,0.859375,0.0,0.125,0.0,0.0,0.0,0.0,0.0
6,4,0.0,0.015625,0.0,0.0,0.859375,0.0,0.125,0.0,0.0,0.0,0.0,0.0
6,4,0.0,0.015625,0.0,0.0,0.859375,0.0,0.125,0.0,0.0,0.0,0.0,0.0
6,4,0.0,0.015625,0.0,0.0,0.859375,0.0,0.125,0.0,0.0,0.0,0.0,0.0
6,4,0.0,0.015625,0.0,0.0,0.859375,0.0,0.125,0.0,0.0,0.0,0.0,0.0
6,4,0.0,0.015625,0.0,0.0,0.859375,0.0,0.125,0.0,0.0,0.0,0.0,0.0
6,4,0.0,0.015625,0.0,0.0,0.859375,0.0,0.125,0.0,0.0,0.0,0.0,0.0
6,4,0.0,0.015625,0.0,0.0,0.859375,0.0,0.125,0.0,0.0,0.0,0.0,0.0
6,4,0.0,0.015625,0.0,0.0,0.859375,0.0,0.125,0.0,0.0,0.0,0.0,0.0
6,4,0.0,0.015625,0.0,0.0,0.859375,0.0,0.125,0.0,0.0,0.0,0.0,0.0
6,4,0.0,0.015625,0.0,0.0,0.859375,0.0,0.125,0.0,0.0,0.0,0.0,0.0
6,4,0.0,0.015625,0.0,0.0,0.859375,0.0,0.125,0.0,0.0,0.0,0.0,0.0
6,4,0.0,0.015625,0.0,0.0,0.859375,0.0,0.125,0.0,0.0,0.0,0.0,0.0
6,4,0.0,0.015625,0.0,0.0,0.859375,0.0,0.125,0.0,0.0,0.0,0.0,0.0
6,4,0.0,0.015625,0.0,0.0,0.859375,0.0,0.125,0.0,0.0,0.0,0.0,0.0
6,4,0.0,0.015625,0.0,0.0,0.859375,0.0,0.125,0.0,0.0,0.0,0.0,0.0
6,4,0.0,0.015625,0.0,0.0,0.8125,0.015625,0.15625,0.0,0.0,0.0,0.0,0.0
6,4,0.0,0.015625,0.0,0.0,0.8125,0.015625,0.15625,0.0,0.0,0.0,0.0,0.0
6,4,0.0,0.015625,0.0,0.0,0.8125,0.015625,0.15625,0.0,0.0,0.0,0.0,0.0
6,4,0.0,0.015625,0.0,0.0,0.8125,0.015625,0.15625,0.0,0.0,0.0,0.0,0.0
6,4,0.0,0.015625,0.0,0.0,0.8125,0.015625,0.15625,0.0,0.0,0.0,0.0,0.0
6,4,0.0,0.015625,0.0,0.0,0.8125,0.015625,0.15625,0.0,0.0,0.0,0.0,0.0
6,4,0.0,0.015625,0.0,0.0,0.8125,0.015625,0.15625,0.0,0.0,0.0,0.0,0.0
6,4,0.0,0.015625,0.0,0.0,0.8125,0.015625,0.15625,0.0,0.0,0.0,0.0,0.0
6,4,0.0,0.015625,0.0,0.0,0.78125,0.015625,0.1875,0.0,0.0,0.0,0.0,0.0
6,4,0.0,0.015625,0.0,0.0,0.78125,0.015625,0.1875,0.0,0.0,0.0,0.0,0.0
6,4,0.0,0.015625,0.0,0.0,0.78125,0.015625,0.1875,0.0,0.0,0.0,0.0,0.0
6,4,0.0,0.015625,0.0,0.0,0.78125,0.015625,0.1875,0.0,0.0,0.0,0.0,0.0
6,4,0.0,0.015625,0.0,0.0,0.78125,0.015625,0.1875,0.0,0.0,0.0,0.0,0.0
6,4,0.0,0.0,0.0,0.0,0.78125,0.015625,0.203125,0.0,0.0,0.0,0.0,0.0
6,4,0.0,0.0,0.0,0.0,0.765625,0.015625,0.21875,0.0,0.0,0.0,0.0,0.0
6,4,0.0,0.0,0.0,0.0,0.765625,0.015625,0.21875,0.0,0.0,0.0,0.0,0.0
6,4,0.0,0.0,0.0,0.0,0.75,0.015625,0.234375,0.0,0.0,0.0,0.0,0.0
6,4,0.0,0.0,0.0,0.0,0.75,0.015625,0.234375,0.0,0.0,0.0,0.0,0.0
6,4,0.0,0.0,0.0,0.0,0.734375,0.015625,0.25,0.0,0.0,0.0,0.0,0.0
6,4,0.0,0.0,0.0,0.0,0.71875,0.015625,0.265625,0.0,0.0,0.0,0.0,0.0
6,4,0.0,0.0,0.0,0.0,0.71875,0.015625,0.265625,0.0,0.0,0.0,0.0,0.0
6,4,0.0,0.0,0.0,0.0,0.71875,0.015625,0.265625,0.0,0.0,0.0,0.0,0.0
6,4,0.0,0.0,0.0,0.0,0.71875,0.015625,0.265625,0.0,0.0,0.0,0.0,0.0
6,4,0.0,0.0,0.0,0.0,0.703125,0.015625,0.28125,0.0,0.0,0.0,0.0,0.0
6,4,0.0,0.0,0.0,0.0,0.6875,0.015625,0.296875,0.0,0.0,0.0,0.0,0.0
6,4,0.0,0.0,0.0,0.0,0.6875,0.015625,0.296875,0.0,0.0,0.0,0.0,0.0
6,4,0.0,0.0,0.0,0.0,0.6875,0.015625,0.296875,0.0,0.0,0.0,0.0,0.0
6,4,0.0,0.0,0.0,0.0,0.6875,0.015625,0.296875,0.0,0.0,0.0,0.0,0.0
6,4,0.0,0.0,0.0,0.0,0.6875,0.015625,0.296875,0.0,0.0,0.0,0.0,0.0
6,4,0.0,0.0,0.0,0.0,0.6875,0.015625,0.296875,0.0,0.0,0.0,0.0,0.0
6,4,0.0,0.0,0.0,0.0,0.6875,0.015625,0.296875,0.0,0.0,0.0,0.0,0.0
6,4,0.0,0.0,0.0,0.0,0.6875,0.015625,0.296875,0.0,0.0,0.0,0.0,0.0
6,4,0.0,0.0,0.0,0.0,0.6875,0.015625,0.296875,0.0,0.0,0.0,0.0,0.0
6,4,0.0,0.0,0.0,0.0,0.6875,0.015625,0.296875,0.0,0.0,0.0,0.0,0.0
6,4,0.0,0.0,0.0,0.0,0.671875,0.015625,0.3125,0.0,0.0,0.0,0.0,0.0
6,4,0.0,0.0,0.0,0.0,0.671875,0.015625,0.3125,0.0,0.0,0.0,0.0,0.0
6,4,0.0,0.0,0.0,0.0,0.65625,0.015625,0.328125,0.0,0.0,0.0,0.0,0.0
6,4,0.0,0.0,0.0,0.0,0.65625,0.015625,0.328125,0.0,0.0,0.0,0.0,0.0
6,4,0.0,0.0,0.0,0.0,0.65625,0.015625,0.328125,0.0,0.0,0.0,0.0,0.0
6,4,0.0,0.0,0.0,0.0,0.65625,0.015625,0.328125,0.0,0.0,0.0,0.0,0.0
6,4,0.0,0.0,0.0,0.0,0.65625,0.015625,0.328125,0.0,0.0,0.0,0.0,0.0
6,4,0.0,0.0,0.0,0.0,0.65625,0.015625,0.328125,0.0,0.0,0.0,0.0,0.0
6,4,0.0,0.0,0.0,0.0,0.65625,0.015625,0.328125,0.0,0.0,0.0,0.0,0.0
6,4,0.0,0.0,0.0,0.0,0.65625,0.015625,0.328125,0.0,0.0,0.0,0.0,0.0
6,4,0.0,0.0,0.0,0.0,0.65625,0.015625,0.328125,0.0,0.0,0.0,0.0,0.0
6,4,0.0,0.0,0.0,0.0,0.65625,0.015625,0.328125,0.0,0.0,0.0,0.0,0.0
6,4,0.0,0.0,0.0,0.0,0.65625,0.015625,0.328125,0.0,0.0,0.0,0.0,0.0
6,4,0.0,0.0,0.0,0.0,0.65625,0.015625,0.328125,0.0,0.0,0.0,0.0,0.0
6,4,0.0,0.0,0.0,0.015625,0.53125,0.015625,0.4375,0.0,0.0,0.0,0.0,0.0
6,4,0.0,0.0,0.0,0.015625,0.53125,0.015625,0.4375,0.0,0.0,0.0,0.0,0.0
6,4,0.0,0.0,0.0,0.015625,0.53125,0.015625,0.4375,0.0,0.0,0.0,0.0,0.0
6,4,0.0,0.0,0.0,0.015625,0.53125,0.015625,0.4375,0.0,0.0,0.0,0.0,0.0
6,4,0.0,0.0,0.0,0.015625,0.515625,0.015625,0.453125,0.0,0.0,0.0,0.0,0.0
6,4,0.0,0.0,0.0,0.015625,0.515625,0.015625,0.453125,0.0,0.0,0.0,0.0,0.0
6,4,0.0,0.0,0.0,0.015625,0.515625,0.015625,0.453125,0.0,0.0,0.0,0.0,0.0
6,4,0.0,0.0,0.0,0.015625,0.515625,0.015625,0.453125,0.0,0.0,0.0,0.0,0.0
6,6,0.0,0.0,0.0,0.015625,0.453125,0.015625,0.515625,0.0,0.0,0.0,0.0,0.0
6,6,0.0,0.0,0.0,0.015625,0.4375,0.03125,0.515625,0.0,0.0,0.0,0.0,0.0
6,6,0.0,0.0,0.0,0.015625,0.4375,0.03125,0.515625,0.0,0.0,0.0,0.0,0.0
6,6,0.0,0.0,0.0,0.015625,0.4375,0.03125,0.515625,0.0,0.0,0.0,0.0,0.0
6,6,0.0,0.0,0.0,0.015625,0.4375,0.03125,0.515625,0.0,0.0,0.0,0.0,0.0
6,6,0.0,0.0,0.0,0.015625,0.421875,0.03125,0.53125,0.0,0.0,0.0,0.0,0.0
6,6,0.0,0.0,0.0,0.015625,0.421875,0.03125,0.53125,0.0,0.0,0.0,0.0,0.0
6,6,0.0,0.0,0.0,0.015625,0.421875,0.03125,0.53125,0.0,0.0,0.0,0.0,0.0
6,6,0.0,0.0,0.0,0.015625,0.421875,0.03125,0.53125,0.0,0.0,0.0,0.0,0.0
6,6,0.0,0.0,0.0,0.015625,0.421875,0.03125,0.53125,0.0,0.0,0.0,0.0,0.0
6,6,0.0,0.0,0.0,0.015625,0.421875,0.03125,0.53125,0.0,0.0,0.0,0.0,0.0
6,6,0.0,0.0,0.0,0.015625,0.421875,0.03125,0.53125,0.0,0.0,0.0,0.0,0.0
6,6,0.0,0.0,0.0,0.015625,0.421875,0.03125,0.53125,0.0,0.0,0.0,0.0,0.0
6,6,0.0,0.0,0.0,0.015625,0.40625,0.03125,0.546875,0.0,0.0,0.0,0.0,0.0
6,6,0.0,0.0,0.0,0.015625,0.40625,0.03125,0.546875,0.0,0.0,0.0,0.0,0.0
6,6,0.0,0.0,0.0,0.015625,0.40625,0.03125,0.546875,0.0,0.0,0.0,0.0,0.0
6,6,0.0,0.0,0.0,0.015625,0.328125,0.046875,0.609375,0.0,0.0,0.0,0.0,0.0
6,6,0.0,0.0,0.0,0.015625,0.328125,0.046875,0.609375,0.0,0.0,0.0,0.0,0.0
6,6,0.0,0.0,0.0,0.015625,0.328125,0.046875,0.609375,0.0,0.0,0.0,0.0,0.0
6,6,0.0,0.0,0.0,0.015625,0.328125,0.046875,0.609375,0.0,0.0,0.0,0.0,0.0
6,6,0.0,0.0,0.0,0.015625,0.3125,0.046875,0.625,0.0,0.0,0.0,0.0,0.0
6,6,0.0,0.0,0.0,0.015625,0.3125,0.046875,0.625,0.0,0.0,0.0,0.0,0.0
6,6,0.0,0.0,0.0,0.015625,0.296875,0.046875,0.640625,0.0,0.0,0.0,0.0,0.0
6,6,0.0,0.0,0.0,0.015625,0.296875,0.046875,0.640625,0.0,0.0,0.0,0.0,0.0
6,6,0.0,0.0,0.0,0.015625,0.296875,0.046875,0.640625,0.0,0.0,0.0,0.0,0.0
6,6,0.0,0.0,0.0,0.015625,0.296875,0.046875,0.640625,0.0,0.0,0.0,0.0,0.0
6,6,0.0,0.0,0.0,0.015625,0.296875,0.046875,0.640625,0.0,0.0,0.0,0.0,0.0
6,6,0.0,0.0,0.0,0.015625,0.296875,0.046875,0.640625,0.0,0.0,0.0,0.0,0.0
6,6,0.0,0.0,0.0,0.015625,0.296875,0.046875,0.640625,0.0,0.0,0.0,0.0,0.0
6,6,0.0,0.0,0.0,0.015625,0.296875,0.046875,0.640625,0.0,0.0,0.0,0.0,0.0
6,6,0.0,0.0,0.0,0.015625,0.296875,0.046875,0.640625,0.0,0.0,0.0,0.0,0.0
6,6,0.0,0.0,0.0,0.015625,0.296875,0.046875,0.640625,0.0,0.0,0.0,0.0,0.0
6,6,0.0,0.0,0.0,0.015625,0.265625,0.0625,0.65625,0.0,0.0,0.0,0.0,0.0
6,6,0.0,0.0,0.0,0.015625,0.265625,0.0625,0.65625,0.0,0.0,0.0,0.0,0.0
6,6,0.0,0.0,0.0,0.015625,0.25,0.0625,0.671875,0.0,0.0,0.0,0.0,0.0
6,6,0.0,0.0,0.0,0.015625,0.25,0.0625,0.671875,0.0,0.0,0.0,0.0,0.0
6,6,0.0,0.0,0.0,0.015625,0.25,0.0625,0.671875,0.0,0.0,0.0,0.0,0.0
6,6,0.0,0.0,0.0,0.015625,0.25,0.0625,0.671875,0.0,0.0,0.0,0.0,0.0
6,6,0.0,0.0,0.0,0.015625,0.25,0.0625,0.671875,0.0,0.0,0.0,0.0,0.0
6,6,0.0,0.0,0.0,0.015625,0.25,0.0625,0.671875,0.0,0.0,0.0,0.0,0.0
6,6,0.0,0.0,0.0,0.015625,0.25,0.0625,0.671875,0.0,0.0,0.0,0.0,0.0
6,6,0.0,0.0,0.0,0.015625,0.25,0.0625,0.671875,0.0,0.0,0.0,0.0,0.0
6,6,0.0,0.0,0.0,0.015625,0.25,0.0625,0.671875,0.0,0.0,0.0,0.0,0.0
6,6,0.0,0.0,0.0,0.015625,0.25,0.0625,0.671875,0.0,0.0,0.0,0.0,0.0
6,6,0.0,0.0,0.0,0.015625,0.25,0.078125,0.65625,0.0,0.0,0.0,0.0,0.0
6,6,0.0,0.0,0.0,0.015625,0.25,0.078125,0.65625,0.0,0.0,0.0,0.0,0.0
6,6,0.0,0.0,0.0,0.015625,0.25,0.078125,0.65625,0.0,0.0,0.0,0.0,0.0
6,6,0.0,0.0,0.0,0.015625,0.25,0.078125,0.65625,0.0,0.0,0.0,0.0,0.0
6,6,0.0,0.0,0.0,0.015625,0.25,0.078125,0.65625,0.0,0.0,0.0,0.0,0.0
6,6,0.0,0.0,0.0,0.015625,0.25,0.078125,0.65625,0.0,0.0,0.0,0.0,0.0
6,6,0.0,0.0,0.0,0.015625,0.25,0.078125,0.65625,0.0,0.0,0.0,0.0,0.0
6,6,0.0,0.0,0.0,0.015625,0.25,0.078125,0.65625,0.0,0.0,0.0,0.0,0.0
6,6,0.0,0.0,0.0,0.015625,0.25,0.078125,0.65625,0.0,0.0,0.0,0.0,0.0
6,6,0.0,0.0,0.0,0.015625,0.25,0.078125,0.65625,0.0,0.0,0.0,0.0,0.0
6,6,0.0,0.0,0.0,0.015625,0.25,0.078125,0.65625,0.0,0.0,0.0,0.0,0.0
6,6,0.0,0.0,0.0,0.015625,0.25,0.078125,0.65625,0.0,0.0,0.0,0.0,0.0
6,6,0.0,0.0,0.0,0.015625,0.234375,0.078125,0.671875,0.0,0.0,0.0,0.0,0.0
6,6,0.0,0.0,0.0,0.015625,0.234375,0.078125,0.671875,0.0,0.0,0.0,0.0,0.0
6,6,0.0,0.0,0.0,0.015625,0.234375,0.078125,0.671875,0.0,0.0,0.0,0.0,0.0
6,6,0.0,0.0,0.0,0.015625,0.234375,0.078125,0.671875,0.0,0.0,0.0,0.0,0.0
6,6,0.0,0.0,0.0,0.015625,0.234375,0.078125,0.671875,0.0,0.0,0.0,0.0,0.0
6,6,0.0,0.0,0.0,0.015625,0.234375,0.078125,0.671875,0.0,0.0,0.0,0.0,0.0
6,6,0.0,0.0,0.0,0.015625,0.234375,0.078125,0.671875,0.0,0.0,0.0,0.0,0.0
6,6,0.0,0.0,0.0,0.015625,0.234375,0.078125,0.671875,0.0,0.0,0.0,0.0,0.0
6,6,0.0,0.0,0.0,0.015625,0.15625,0.09375,0.734375,0.0,0.0,0.0,0.0,0.0
6,6,0.0,0.0,0.0,0.015625,0.15625,0.09375,0.734375,0.0,0.0,0.0,0.0,0.0
6,6,0.0,0.0,0.0,0.015625,0.15625,0.09375,0.734375,0.0,0.0,0.0,0.0,0.0
6,6,0.0,0.0,0.0,0.015625,0.15625,0.09375,0.734375,0.0,0.0,0.0,0.0,0.0
6,6,0.0,0.0,0.0,0.015625,0.15625,0.09375,0.734375,0.0,0.0,0.0,0.0,0.0
6,6,0.0,0.0,0.0,0.015625,0.15625,0.09375,0.734375,0.0,0.0,0.0,0.0,0.0
6,6,0.0,0.0,0.0,0.015625,0.15625,0.09375,0.734375,0.0,0.0,0.0,0.0,0.0
6,6,0.0,0.0,0.0,0.015625,0.15625,0.09375,0.734375,0.0,0.0,0.0,0.0,0.0
6,6,0.0,0.0,0.0,0.015625,0.15625,0.09375,0.734375,0.0,0.0,0.0,0.0,0.0
6,6,0.0,0.0,0.0,0.015625,0.15625,0.09375,0.734375,0.0,0.0,0.0,0.0,0.0
6,6,0.0,0.0,0.0,0.015625,0.15625,0.09375,0.734375,0.0,0.0,0.0,0.0,0.0
6,6,0.0,0.0,0.0,0.015625,0.15625,0.09375,0.734375,0.0,0.0,0.0,0.0,0.0
6,6,0.0,0.0,0.0,0.015625,0.15625,0.09375,0.734375,0.0,0.0,0.0,0.0,0.0
6,6,0.0,0.0,0.0,0.015625,0.15625,0.09375,0.734375,0.0,0.0,0.0,0.0,0.0
6,6,0.0,0.0,0.0,0.015625,0.15625,0.09375,0.734375,0.0,0.0,0.0,0.0,0.0
6,6,0.0,0.0,0.0,0.015625,0.15625,0.09375,0.734375,0.0,0.0,0.0,0.0,0.0
6,6,0.0,0.0,0.0,0.015625,0.15625,0.09375,0.734375,0.0,0.0,0.0,0.0,0.0
6,6,0.0,0.0,0.0,0.015625,0.15625,0.09375,0.734375,0.0,0.0,0.0,0.0,0.0
6,6,0.0,0.0,0.0,0.015625,0.15625,0.09375,0.734375,0.0,0.0,0.0,0.0,0.0
6,6,0.0,0.0,0.0,0.015625,0.15625,0.09375,0.734375,0.0,0.0,0.0,0.0,0.0
6,6,0.0,0.0,0.0,0.015625,0.15625,0.09375,0.734375,0.0,0.0,0.0,0.0,0.0
6,6,0.0,0.0,0.0,0.015625,0.15625,0.09375,0.734375,0.0,0.0,0.0,0.0,0.0
6,6,0.0,0.0,0.0,0.015625,0.15625,0.09375,0.734375,0.0,0.0,0.0,0.0,0.0
6,6,0.0,0.0,0.0,0.015625,0.15625,0.09375,0.734375,0.0,0.0,0.0,0.0,0.0
6,6,0.0,0.0,0.0,0.015625,0.171875,0.09375,0.71875,0.0,0.0,0.0,0.0,0.0
6,6,0.0,0.0,0.0,0.015625,0.171875,0.09375,0.71875,0.0,0.0,0.0,0.0,0.0
6,6,0.0,0.0,0.0,0.015625,0.171875,0.09375,0.71875,0.0,0.0,0.0,0.0,0.0
6,6,0.0,0.0,0.0,0.015625,0.171875,0.09375,0.71875,0.0,0.0,0.0,0.0,0.0
6,6,0.0,0.0,0.0,0.015625,0.171875,0.09375,0.71875,0.0,0.0,0.0,0.0,0.0
6,6,0.0,0.0,0.0,0.015625,0.171875,0.09375,0.71875,0.0,0.0,0.0,0.0,0.0
6,6,0.0,0.0,0.0,0.015625,0.171875,0.09375,0.71875,0.0,0.0,0.0,0.0,0.0
6,6,0.0,0.0,0.0,0.015625,0.171875,0.09375,0.71875,0.0,0.0,0.0,0.0,0.0
6,6,0.0,0.0,0.0,0.015625,0.171875,0.09375,0.71875,0.0,0.0,0.0,0.0,0.0
6,6,0.0,0.0,0.0,0.015625,0.171875,0.09375,0.71875,0.0,0.0,0.0,0.0,0.0
6,6,0.0,0.0,0.0,0.015625,0.171875,0.09375,0.71875,0.0,0.0,0.0,0.0,0.0
6,6,0.0,0.0,0.0,0.015625,0.171875,0.09375,0.71875,0.0,0.0,0.0,0.0,0.0
6,6,0.0,0.0,0.0,0.015625,0.171875,0.09375,0.71875,0.0,0.0,0.0,0.0,0.0
6,6,0.0,0.0,0.0,0.015625,0.171875,0.09375,0.71875,0.0,0.0,0.0,0.0,0.0
6,6,0.0,0.0,0.0,0.015625,0.171875,0.09375,0.71875,0.0,0.0,0.0,0.0,0.0
6,6,0.0,0.0,0.0,0.015625,0.171875,0.09375,0.71875,0.0,0.0,0.0,0.0,0.0
6,6,0.0,0.0,0.0,0.015625,0.203125,0.09375,0.6875,0.0,0.0,0.0,0.0,0.0
6,6,0.0,0.0,0.0,0.015625,0.203125,0.09375,0.6875,0.0,0.0,0.0,0.0,0.0
6,6,0.0,0.0,0.0,0.015625,0.203125,0.09375,0.6875,0.0,0.0,0.0,0.0,0.0
6,6,0.0,0.0,0.0,0.015625,0.203125,0.09375,0.6875,0.0,0.0,0.0,0.0,0.0
6,6,0.0,0.0,0.0,0.015625,0.203125,0.09375,0.6875,0.0,0.0,0.0,0.0,0.0
6,6,0.0,0.0,0.0,0.015625,0.203125,0.09375,0.6875,0.0,0.0,0.0,0.0,0.0
6,6,0.0,0.0,0.0,0.015625,0.203125,0.09375,0.6875,0.0,0.0,0.0,0.0,0.0
6,6,0.0,0.0,0.0,0.015625,0.203125,0.09375,0.6875,0.0,0.0,0.0,0.0,0.0
6,6,0.015625,0.015625,0.0,0.015625,0.203125,0.078125,0.671875,0.0,0.0,0.0,0.0,0.0
6,6,0.015625,0.015625,0.0,0.015625,0.203125,0.078125,0.671875,0.0,0.0,0.0,0.0,0.0
6,6,0.015625,0.015625,0.0,0.015625,0.203125,0.078125,0.671875,0.0,0.0,0.0,0.0,0.0
6,6,0.015625,0.015625,0.0,0.015625,0.203125,0.078125,0.671875,0.0,0.0,0.0,0.0,0.0
6,6,0.015625,0.015625,0.0,0.015625,0.203125,0.078125,0.671875,0.0,0.0,0.0,0.0,0.0
6,6,0.015625,0.015625,0.0,0.015625,0.203125,0.078125,0.671875,0.0,0.0,0.0,0.0,0.0
6,6,0.015625,0.03125,0.0,0.015625,0.1875,0.078125,0.671875,0.0,0.0,0.0,0.0,0.0
6,6,0.015625,0.03125,0.0,0.015625,0.1875,0.078125,0.671875,0.0,0.0,0.0,0.0,0.0
6,6,0.015625,0.03125,0.0,0.015625,0.1875,0.078125,0.671875,0.0,0.0,0.0,0.0,0.0
6,6,0.015625,0.03125,0.0,0.015625,0.1875,0.078125,0.671875,0.0,0.0,0.0,0.0,0.0
6,6,0.015625,0.03125,0.0,0.015625,0.1875,0.078125,0.671875,0.0,0.0,0.0,0.0,0.0
6,6,0.015625,0.03125,0.0,0.015625,0.1875,0.078125,0.671875,0.0,0.0,0.0,0.0,0.0
6,6,0.015625,0.046875,0.015625,0.015625,0.171875,0.078125,0.65625,0.0,0.0,0.0,0.0,0.0
6,6,0.015625,0.046875,0.015625,0.015625,0.171875,0.078125,0.65625,0.0,0.0,0.0,0.0,0.0
6,6,0.015625,0.046875,0.015625,0.015625,0.171875,0.078125,0.65625,0.0,0.0,0.0,0.0,0.0
6,6,0.015625,0.046875,0.015625,0.015625,0.171875,0.078125,0.65625,0.0,0.0,0.0,0.0,0.0
6,6,0.03125,0.046875,0.015625,0.015625,0.171875,0.078125,0.640625,0.0,0.0,0.0,0.0,0.0
6,6,0.03125,0.046875,0.015625,0.015625,0.171875,0.078125,0.640625,0.0,0.0,0.0,0.0,0.0
6,6,0.03125,0.046875,0.015625,0.015625,0.171875,0.078125,0.640625,0.0,0.0,0.0,0.0,0.0
6,6,0.03125,0.046875,0.015625,0.015625,0.171875,0.078125,0.640625,0.0,0.0,0.0,0.0,0.0
6,6,0.03125,0.046875,0.015625,0.0,0.1875,0.078125,0.640625,0.0,0.0,0.0,0.0,0.0
6,6,0.03125,0.046875,0.015625,0.0,0.1875,0.078125,0.640625,0.0,0.0,0.0,0.0,0.0
6,6,0.046875,0.046875,0.015625,0.0,0.1875,0.0625,0.640625,0.0,0.0,0.0,0.0,0.0
6,6,0.046875,0.046875,0.015625,0.0,0.1875,0.0625,0.640625,0.0,0.0,0.0,0.0,0.0
6,6,0.046875,0.046875,0.015625,0.0,0.1875,0.0625,0.640625,0.0,0.0,0.0,0.0,0.0
6,6,0.046875,0.046875,0.015625,0.0,0.1875,0.0625,0.640625,0.0,0.0,0.0,0.0,0.0
6,6,0.046875,0.046875,0.015625,0.0,0.1875,0.0625,0.640625,0.0,0.0,0.0,0.0,0.0
6,6,0.046875,0.046875,0.015625,0.0,0.1875,0.0625,0.640625,0.0,0.0,0.0,0.0,0.0
6,6,0.046875,0.046875,0.015625,0.0,0.1875,0.0625,0.640625,0.0,0.0,0.0,0.0,0.0
6,6,0.046875,0.046875,0.015625,0.0,0.203125,0.0625,0.625,0.0,0.0,0.0,0.0,0.0
6,6,0.0625,0.046875,0.0,0.0,0.203125,0.0625,0.625,0.0,0.0,0.0,0.0,0.0
6,6,0.0625,0.046875,0.0,0.0,0.203125,0.0625,0.625,0.0,0.0,0.0,0.0,0.0
6,6,0.0625,0.046875,0.0,0.0,0.203125,0.0625,0.625,0.0,0.0,0.0,0.0,0.0
6,6,0.0625,0.046875,0.0,0.0,0.203125,0.0625,0.625,0.0,0.0,0.0,0.0,0.0
6,6,0.0625,0.046875,0.0,0.0,0.203125,0.0625,0.625,0.0,0.0,0.0,0.0,0.0
6,6,0.0625,0.046875,0.0,0.0,0.203125,0.0625,0.625,0.0,0.0,0.0,0.0,0.0
6,6,0.0625,0.046875,0.0,0.0,0.203125,0.0625,0.625,0.0,0.0,0.0,0.0,0.0
6,6,0.0625,0.046875,0.0,0.0,0.203125,0.0625,0.625,0.0,0.0,0.0,0.0,0.0
6,6,0.0625,0.046875,0.0,0.0,0.203125,0.0625,0.625,0.0,0.0,0.0,0.0,0.0
6,6,0.0625,0.046875,0.0,0.0,0.203125,0.0625,0.625,0.0,0.0,0.0,0.0,0.0
6,6,0.0625,0.046875,0.0,0.0,0.21875,0.0625,0.609375,0.0,0.0,0.0,0.0,0.0
6,6,0.0625,0.046875,0.0,0.0,0.21875,0.0625,0.609375,0.0,0.0,0.0,0.0,0.0
6,6,0.0625,0.046875,0.0,0.0,0.21875,0.0625,0.609375,0.0,0.0,0.0,0.0,0.0
6,6,0.0625,0.046875,0.0,0.0,0.21875,0.0625,0.609375,0.0,0.0,0.0,0.0,0.0
6,6,0.0625,0.046875,0.0,0.0,0.21875,0.0625,0.609375,0.0,0.0,0.0,0.0,0.0
6,6,0.0625,0.046875,0.0,0.0,0.21875,0.0625,0.609375,0.0,0.0,0.0,0.0,0.0
6,6,0.0625,0.046875,0.0,0.0,0.21875,0.0625,0.609375,0.0,0.0,0.0,0.0,0.0
6,6,0.0625,0.046875,0.0,0.0,0.21875,0.0625,0.609375,0.0,0.0,0.0,0.0,0.0
6,6,0.17460318,0.07936508,0.031746034,0.0,0.1904762,0.031746034,0.47619048,0.0,0.0,0.0,0.0,0.015873017
6,6,0.17460318,0.07936508,0.031746034,0.0,0.1904762,0.031746034,0.47619048,0.0,0.0,0.0,0.0,0.015873017
6,6,0.17460318,0.07936508,0.031746034,0.0,0.1904762,0.031746034,0.47619048,0.0,0.0,0.0,0.0,0.015873017
6,6,0.17460318,0.07936508,0.031746034,0.0,0.1904762,0.031746034,0.47619048,0.0,0.0,0.0,0.0,0.015873017
6,6,0.17460318,0.07936508,0.031746034,0.0,0.1904762,0.031746034,0.47619048,0.0,0.0,0.0,0.0,0.015873017
6,6,0.17460318,0.07936508,0.031746034,0.0,0.1904762,0.031746034,0.47619048,0.0,0.0,0.0,0.0,0.015873017
6,6,0.17460318,0.07936508,0.031746034,0.0,0.1904762,0.031746034,0.47619048,0.0,0.0,0.0,0.0,0.015873017
6,6,0.17460318,0.07936508,0.031746034,0.0,0.1904762,0.031746034,0.47619048,0.0,0.0,0.0,0.0,0.015873017
6,6,0.17460318,0.07936508,0.031746034,0.0,0.1904762,0.031746034,0.47619048,0.0,0.0,0.0,0.0,0.015873017
6,6,0.17460318,0.07936508,0.031746034,0.0,0.1904762,0.031746034,0.47619048,0.0,0.0,0.0,0.0,0.015873017
6,6,0.17460318,0.07936508,0.031746034,0.0,0.1904762,0.031746034,0.47619048,0.0,0.0,0.0,0.0,0.015873017
6,6,0.17460318,0.07936508,0.031746034,0.0,0.1904762,0.031746034,0.47619048,0.0,0.0,0.0,0.0,0.015873017
6,6,0.1904762,0.07936508,0.031746034,0.0,0.17460318,0.031746034,0.47619048,0.0,0.0,0.0,0.0,0.015873017
6,6,0.1904762,0.07936508,0.031746034,0.0,0.17460318,0.031746034,0.47619048,0.0,0.0,0.0,0.0,0.015873017
6,6,0.1904762,0.07936508,0.031746034,0.0,0.17460318,0.031746034,0.47619048,0.0,0.0,0.0,0.0,0.015873017
6,6,0.1904762,0.07936508,0.031746034,0.0,0.17460318,0.031746034,0.47619048,0.0,0.0,0.0,0.0,0.015873017
6,6,0.20634921,0.07936508,0.031746034,0.0,0.17460318,0.015873017,0.47619048,0.0,0.0,0.0,0.0,0.015873017
6,6,0.20634921,0.07936508,0.031746034,0.0,0.17460318,0.015873017,0.47619048,0.0,0.0,0.0,0.0,0.015873017
6,6,0.20634921,0.07936508,0.031746034,0.0,0.17460318,0.015873017,0.47619048,0.0,0.0,0.0,0.0,0.015873017
6,6,0.20634921,0.07936508,0.031746034,0.0,0.17460318,0.015873017,0.47619048,0.0,0.0,0.0,0.0,0.015873017
6,6,0.20634921,0.07936508,0.031746034,0.0,0.17460318,0.015873017,0.47619048,0.0,0.0,0.0,0.0,0.015873017
6,6,0.20634921,0.07936508,0.031746034,0.0,0.17460318,0.015873017,0.47619048,0.0,0.0,0.0,0.0,0.015873017
6,6,0.20634921,0.07936508,0.031746034,0.0,0.17460318,0.015873017,0.47619048,0.0,0.0,0.0,0.0,0.015873017
6,6,0.20634921,0.07936508,0.031746034,0.0,0.17460318,0.015873017,0.47619048,0.0,0.0,0.0,0.0,0.015873017
6,6,0.22222222,0.07936508,0.031746034,0.0,0.17460318,0.015873017,0.46031746,0.0,0.0,0.0,0.0,0.015873017
6,6,0.22222222,0.07936508,0.031746034,0.0,0.17460318,0.015873017,0.46031746,0.0,0.0,0.0,0.0,0.015873017
6,6,0.22222222,0.07936508,0.031746034,0.0,0.17460318,0.015873017,0.46031746,0.0,0.0,0.0,0.0,0.015873017
6,6,0.22222222,0.07936508,0.031746034,0.0,0.17460318,0.015873017,0.46031746,0.0,0.0,0.0,0.0,0.015873017
6,6,0.22222222,0.07936508,0.031746034,0.0,0.15873016,0.031746034,0.46031746,0.0,0.0,0.0,0.0,0.015873017
6,6,0.22222222,0.07936508,0.031746034,0.0,0.15873016,0.031746034,0.46031746,0.0,0.0,0.0,0.0,0.015873017
6,6,0.22222222,0.07936508,0.031746034,0.0,0.15873016,0.031746034,0.46031746,0.0,0.0,0.0,0.0,0.015873017
6,6,0.22222222,0.07936508,0.031746034,0.0,0.15873016,0.031746034,0.46031746,0.0,0.0,0.0,0.0,0.015873017
6,6,0.296875,0.09375,0.03125,0.0,0.125,0.015625,0.421875,0.0,0.0,0.0,0.0,0.015625
6,6,0.296875,0.09375,0.03125,0.0,0.125,0.015625,0.421875,0.0,0.0,0.0,0.0,0.015625
6,6,0.3125,0.09375,0.03125,0.0,0.125,0.015625,0.40625,0.0,0.0,0.0,0.0,0.015625
6,6,0.3125,0.09375,0.03125,0.0,0.125,0.015625,0.40625,0.0,0.0,0.0,0.0,0.015625
6,6,0.3125,0.09375,0.03125,0.0,0.125,0.015625,0.40625,0.0,0.0,0.0,0.0,0.015625
6,6,0.3125,0.09375,0.03125,0.0,0.125,0.015625,0.40625,0.0,0.0,0.0,0.0,0.015625
6,6,0.3125,0.09375,0.03125,0.0,0.125,0.015625,0.40625,0.0,0.0,0.0,0.0,0.015625
6,6,0.3125,0.09375,0.03125,0.0,0.125,0.015625,0.40625,0.0,0.0,0.0,0.0,0.015625
6,6,0.3125,0.09375,0.03125,0.0,0.125,0.015625,0.40625,0.0,0.0,0.0,0.0,0.015625
6,6,0.3125,0.09375,0.03125,0.0,0.125,0.015625,0.40625,0.0,0.0,0.0,0.0,0.015625
6,6,0.34375,0.078125,0.046875,0.0,0.125,0.015625,0.375,0.0,0.0,0.0,0.0,0.015625
6,6,0.34375,0.078125,0.046875,0.0,0.125,0.015625,0.375,0.0,0.0,0.0,0.0,0.015625
6,6,0.34375,0.078125,0.046875,0.0,0.125,0.015625,0.375,0.0,0.0,0.0,0.0,0.015625
6,6,0.34375,0.078125,0.046875,0.0,0.125,0.015625,0.375,0.0,0.0,0.0,0.0,0.015625
6,6,0.34375,0.078125,0.046875,0.0,0.125,0.015625,0.375,0.0,0.0,0.0,0.0,0.015625
6,6,0.34375,0.078125,0.046875,0.0,0.125,0.015625,0.375,0.0,0.0,0.0,0.0,0.015625
6,6,0.359375,0.078125,0.046875,0.0,0.125,0.015625,0.375,0.0,0.0,0.0,0.0,0.0
6,6,0.359375,0.078125,0.046875,0.0,0.125,0.015625,0.375,0.0,0.0,0.0,0.0,0.0
6,6,0.359375,0.078125,0.046875,0.0,0.125,0.015625,0.375,0.0,0.0,0.0,0.0,0.0
6,6,0.359375,0.078125,0.046875,0.0,0.125,0.015625,0.375,0.0,0.0,0.0,0.0,0.0
6,0,0.375,0.078125,0.046875,0.0,0.109375,0.015625,0.375,0.0,0.0,0.0,0.0,0.0
6,0,0.375,0.078125,0.046875,0.0,0.109375,0.015625,0.375,0.0,0.0,0.0,0.0,0.0
6,0,0.375,0.078125,0.046875,0.0,0.109375,0.015625,0.375,0.0,0.0,0.0,0.0,0.0
6,0,0.375,0.078125,0.046875,0.0,0.109375,0.015625,0.375,0.0,0.0,0.0,0.0,0.0
6,0,0.375,0.078125,0.046875,0.0,0.109375,0.015625,0.375,0.0,0.0,0.0,0.0,0.0
6,0,0.375,0.078125,0.046875,0.0,0.109375,0.015625,0.375,0.0,0.0,0.0,0.0,0.0
6,0,0.375,0.078125,0.046875,0.0,0.109375,0.015625,0.375,0.0,0.0,0.0,0.0,0.0
6,0,0.375,0.078125,0.046875,0.0,0.109375,0.015625,0.375,0.0,0.0,0.0,0.0,0.0
6,0,0.40625,0.0625,0.046875,0.0,0.09375,0.015625,0.375,0.0,0.0,0.0,0.0,0.0
6,0,0.40625,0.0625,0.046875,0.0,0.09375,0.015625,0.375,0.0,0.0,0.0,0.0,0.0
6,0,0.40625,0.0625,0.046875,0.0,0.09375,0.015625,0.375,0.0,0.0,0.0,0.0,0.0
6,0,0.40625,0.0625,0.03125,0.0,0.09375,0.015625,0.375,0.0,0.015625,0.0,0.0,0.0
6,0,0.453125,0.03125,0.03125,0.0,0.09375,0.015625,0.34375,0.015625,0.015625,0.0,0.0,0.0
6,0,0.453125,0.03125,0.03125,0.0,0.09375,0.015625,0.34375,0.015625,0.015625,0.0,0.0,0.0
6,0,0.46875,0.03125,0.03125,0.0,0.09375,0.015625,0.328125,0.015625,0.015625,0.0,0.0,0.0
6,0,0.46875,0.03125,0.03125,0.0,0.09375,0.015625,0.328125,0.015625,0.015625,0.0,0.0,0.0
6,0,0.46875,0.03125,0.03125,0.0,0.09375,0.015625,0.328125,0.015625,0.015625,0.0,0.0,0.0
6,0,0.46875,0.03125,0.03125,0.0,0.09375,0.015625,0.328125,0.015625,0.015625,0.0,0.0,0.0
6,0,0.46875,0.03125,0.03125,0.0,0.09375,0.015625,0.328125,0.015625,0.015625,0.0,0.0,0.0
6,0,0.46875,0.03125,0.03125,0.0,0.09375,0.015625,0.328125,0.015625,0.015625,0.0,0.0,0.0
6,0,0.484375,0.03125,0.015625,0.0,0.09375,0.015625,0.296875,0.03125,0.03125,0.0,0.0,0.0
6,0,0.484375,0.03125,0.015625,0.0,0.09375,0.015625,0.296875,0.03125,0.03125,0.0,0.0,0.0
6,0,0.5,0.03125,0.015625,0.0,0.09375,0.015625,0.28125,0.03125,0.03125,0.0,0.0,0.0
6,0,0.5,0.03125,0.015625,0.0,0.09375,0.015625,0.28125,0.03125,0.03125,0.0,0.0,0.0
6,0,0.5,0.03125,0.015625,0.0,0.09375,0.015625,0.28125,0.03125,0.03125,0.0,0.0,0.0
6,0,0.5,0.03125,0.015625,0.0,0.09375,0.015625,0.28125,0.03125,0.03125,0.0,0.0,0.0
6,0,0.5,0.03125,0.015625,0.0,0.09375,0.015625,0.265625,0.03125,0.046875,0.0,0.0,0.0
6,0,0.5,0.03125,0.015625,0.0,0.09375,0.015625,0.265625,0.03125,0.046875,0.0,0.0,0.0
6,0,0.5,0.03125,0.015625,0.0,0.09375,0.015625,0.265625,0.03125,0.046875,0.0,0.0,0.0
6,0,0.5,0.03125,0.015625,0.0,0.09375,0.015625,0.265625,0.03125,0.046875,0.0,0.0,0.0
6,0,0.5,0.046875,0.015625,0.0,0.09375,0.015625,0.25,0.03125,0.046875,0.0,0.0,0.0
6,0,0.5,0.046875,0.015625,0.0,0.09375,0.015625,0.25,0.03125,0.046875,0.0,0.0,0.0
6,0,0.4920635,0.07936508,0.015873017,0.0,0.0952381,0.0,0.23809524,0.031746034,0.04761905,0.0,0.0,0.0
6,0,0.4920635,0.07936508,0.015873017,0.0,0.0952381,0.0,0.23809524,0.031746034,0.04761905,0.0,0.0,0.0
6,0,0.4920635,0.07936508,0.015873017,0.0,0.0952381,0.0,0.23809524,0.031746034,0.04761905,0.0,0.0,0.0
6,0,0.4920635,0.07936508,0.015873017,0.0,0.0952381,0.0,0.23809524,0.031746034,0.04761905,0.0,0.0,0.0
6,0,0.5,0.08064516,0.016129032,0.0,0.09677419,0.0,0.19354838,0.06451613,0.048387095,0.0,0.0,0.0
6,0,0.5,0.08064516,0.016129032,0.0,0.09677419,0.0,0.19354838,0.06451613,0.048387095,0.0,0.0,0.0
6,0,0.516129,0.08064516,0.016129032,0.0,0.09677419,0.0,0.19354838,0.06451613,0.032258064,0.0,0.0,0.0
6,0,0.516129,0.08064516,0.016129032,0.0,0.09677419,0.0,0.19354838,0.06451613,0.032258064,0.0,0.0,0.0
6,0,0.516129,0.08064516,0.016129032,0.0,0.09677419,0.0,0.19354838,0.06451613,0.032258064,0.0,0.0,0.0
6,0,0.516129,0.08064516,0.016129032,0.0,0.09677419,0.0,0.19354838,0.06451613,0.032258064,0.0,0.0,0.0
6,0,0.516129,0.08064516,0.016129032,0.0,0.09677419,0.0,0.19354838,0.06451613,0.032258064,0.0,0.0,0.0
6,0,0.516129,0.08064516,0.016129032,0.0,0.09677419,0.0,0.19354838,0.06451613,0.032258064,0.0,0.0,0.0
6,0,0.516129,0.09677419,0.016129032,0.0,0.08064516,0.0,0.17741935,0.08064516,0.032258064,0.0,0.0,0.0
6,0,0.516129,0.09677419,0.016129032,0.0,0.08064516,0.0,0.17741935,0.08064516,0.032258064,0.0,0.0,0.0
6,0,0.516129,0.09677419,0.016129032,0.0,0.08064516,0.0,0.17741935,0.08064516,0.032258064,0.0,0.0,0.0
6,0,0.516129,0.09677419,0.016129032,0.0,0.08064516,0.0,0.17741935,0.08064516,0.032258064,0.0,0.0,0.0
6,0,0.516129,0.09677419,0.016129032,0.0,0.08064516,0.0,0.17741935,0.08064516,0.032258064,0.0,0.0,0.0
6,0,0.516129,0.09677419,0.016129032,0.0,0.08064516,0.0,0.17741935,0.08064516,0.032258064,0.0,0.0,0.0
6,0,0.516129,0.09677419,0.016129032,0.0,0.08064516,0.0,0.17741935,0.08064516,0.032258064,0.0,0.0,0.0
6,0,0.516129,0.09677419,0.016129032,0.0,0.08064516,0.0,0.17741935,0.08064516,0.032258064,0.0,0.0,0.0
6,0,0.516129,0.11290322,0.016129032,0.0,0.06451613,0.0,0.17741935,0.08064516,0.032258064,0.0,0.0,0.0
6,0,0.516129,0.11290322,0.016129032,0.0,0.06451613,0.0,0.17741935,0.08064516,0.032258064,0.0,0.0,0.0
6,0,0.516129,0.11290322,0.016129032,0.0,0.06451613,0.0,0.17741935,0.08064516,0.032258064,0.0,0.0,0.0
6,0,0.516129,0.11290322,0.016129032,0.0,0.06451613,0.0,0.17741935,0.08064516,0.032258064,0.0,0.0,0.0
6,0,0.5322581,0.11290322,0.016129032,0.016129032,0.06451613,0.0,0.12903225,0.09677419,0.032258064,0.0,0.0,0.0
6,0,0.5322581,0.11290322,0.016129032,0.016129032,0.06451613,0.0,0.12903225,0.09677419,0.032258064,0.0,0.0,0.0
6,0,0.5322581,0.11290322,0.016129032,0.016129032,0.06451613,0.0,0.12903225,0.09677419,0.032258064,0.0,0.0,0.0
6,0,0.5322581,0.11290322,0.016129032,0.016129032,0.06451613,0.0,0.12903225,0.09677419,0.032258064,0.0,0.0,0.0
6,0,0.5483871,0.11290322,0.016129032,0.016129032,0.032258064,0.0,0.11290322,0.09677419,0.06451613,0.0,0.0,0.0
6,0,0.5483871,0.11290322,0.016129032,0.016129032,0.032258064,0.0,0.11290322,0.09677419,0.06451613,0.0,0.0,0.0
6,0,0.5483871,0.11290322,0.016129032,0.016129032,0.032258064,0.0,0.11290322,0.09677419,0.06451613,0.0,0.0,0.0
6,0,0.5483871,0.11290322,0.016129032,0.016129032,0.032258064,0.0,0.11290322,0.09677419,0.06451613,0.0,0.0,0.0
6,0,0.5483871,0.11290322,0.016129032,0.016129032,0.032258064,0.0,0.11290322,0.09677419,0.06451613,0.0,0.0,0.0
6,0,0.5483871,0.11290322,0.016129032,0.016129032,0.032258064,0.0,0.11290322,0.09677419,0.06451613,0.0,0.0,0.0
6,0,0.5483871,0.11290322,0.016129032,0.016129032,0.032258064,0.0,0.11290322,0.09677419,0.06451613,0.0,0.0,0.0
6,0,0.5483871,0.11290322,0.016129032,0.016129032,0.032258064,0.0,0.11290322,0.09677419,0.06451613,0.0,0.0,0.0
6,0,0.5483871,0.11290322,0.016129032,0.016129032,0.032258064,0.0,0.11290322,0.09677419,0.06451613,0.0,0.0,0.0
6,0,0.5483871,0.11290322,0.016129032,0.016129032,0.032258064,0.0,0.11290322,0.09677419,0.06451613,0.0,0.0,0.0
6,0,0.5483871,0.11290322,0.016129032,0.016129032,0.032258064,0.0,0.11290322,0.09677419,0.06451613,0.0,0.0,0.0
6,0,0.5483871,0.11290322,0.016129032,0.016129032,0.032258064,0.0,0.11290322,0.09677419,0.06451613,0.0,0.0,0.0
6,0,0.5483871,0.11290322,0.016129032,0.016129032,0.032258064,0.0,0.11290322,0.09677419,0.06451613,0.0,0.0,0.0
6,0,0.5483871,0.11290322,0.016129032,0.016129032,0.032258064,0.0,0.11290322,0.09677419,0.06451613,0.0,0.0,0.0
6,0,0.5483871,0.11290322,0.016129032,0.016129032,0.032258064,0.0,0.09677419,0.11290322,0.06451613,0.0,0.0,0.0
6,0,0.5483871,0.11290322,0.016129032,0.016129032,0.032258064,0.0,0.09677419,0.11290322,0.06451613,0.0,0.0,0.0
6,0,0.5483871,0.11290322,0.016129032,0.016129032,0.032258064,0.0,0.09677419,0.11290322,0.06451613,0.0,0.0,0.0
6,0,0.5483871,0.11290322,0.016129032,0.016129032,0.032258064,0.0,0.09677419,0.11290322,0.06451613,0.0,0.0,0.0
6,0,0.5483871,0.11290322,0.016129032,0.016129032,0.032258064,0.0,0.09677419,0.11290322,0.06451613,0.0,0.0,0.0
6,0,0.5483871,0.11290322,0.016129032,0.016129032,0.032258064,0.0,0.09677419,0.11290322,0.06451613,0.0,0.0,0.0
6,0,0.5483871,0.11290322,0.016129032,0.016129032,0.032258064,0.0,0.09677419,0.11290322,0.06451613,0.0,0.0,0.0
6,0,0.5483871,0.09677419,0.016129032,0.016129032,0.032258064,0.0,0.09677419,0.12903225,0.06451613,0.0,0.0,0.0
6,0,0.5483871,0.09677419,0.016129032,0.016129032,0.032258064,0.0,0.09677419,0.12903225,0.06451613,0.0,0.0,0.0
6,0,0.5483871,0.09677419,0.016129032,0.016129032,0.032258064,0.0,0.09677419,0.12903225,0.06451613,0.0,0.0,0.0
6,0,0.5483871,0.09677419,0.016129032,0.016129032,0.032258064,0.0,0.09677419,0.12903225,0.06451613,0.0,0.0,0.0
6,0,0.5483871,0.09677419,0.016129032,0.016129032,0.032258064,0.0,0.09677419,0.12903225,0.06451613,0.0,0.0,0.0
6,0,0.5483871,0.09677419,0.016129032,0.016129032,0.032258064,0.0,0.09677419,0.12903225,0.06451613,0.0,0.0,0.0
6,0,0.5483871,0.09677419,0.016129032,0.016129032,0.032258064,0.0,0.09677419,0.12903225,0.06451613,0.0,0.0,0.0
6,0,0.5555556,0.0952381,0.015873017,0.015873017,0.031746034,0.0,0.0952381,0.12698413,0.06349207,0.0,0.0,0.0
6,0,0.5555556,0.0952381,0.015873017,0.015873017,0.031746034,0.0,0.0952381,0.12698413,0.06349207,0.0,0.0,0.0
6,0,0.5555556,0.0952381,0.015873017,0.015873017,0.031746034,0.0,0.0952381,0.12698413,0.06349207,0.0,0.0,0.0
6,0,0.5555556,0.0952381,0.015873017,0.015873017,0.031746034,0.0,0.0952381,0.12698413,0.06349207,0.0,0.0,0.0
6,0,0.5555556,0.0952381,0.015873017,0.015873017,0.015873017,0.0,0.07936508,0.15873016,0.06349207,0.0,0.0,0.0
6,0,0.5555556,0.0952381,0.015873017,0.015873017,0.015873017,0.0,0.07936508,0.15873016,0.06349207,0.0,0.0,0.0
6,0,0.5555556,0.0952381,0.015873017,0.015873017,0.015873017,0.0,0.07936508,0.15873016,0.06349207,0.0,0.0,0.0
6,0,0.5555556,0.0952381,0.015873017,0.015873017,0.015873017,0.0,0.07936508,0.15873016,0.06349207,0.0,0.0,0.0
6,0,0.5555556,0.0952381,0.015873017,0.015873017,0.015873017,0.0,0.06349207,0.17460318,0.06349207,0.0,0.0,0.0
6,0,0.5555556,0.0952381,0.015873017,0.015873017,0.015873017,0.0,0.06349207,0.17460318,0.06349207,0.0,0.0,0.0
6,0,0.5555556,0.0952381,0.015873017,0.015873017,0.015873017,0.0,0.06349207,0.17460318,0.06349207,0.0,0.0,0.0
6,0,0.5555556,0.0952381,0.015873017,0.015873017,0.015873017,0.0,0.06349207,0.17460318,0.06349207,0.0,0.0,0.0
6,0,0.53968257,0.0952381,0.015873017,0.015873017,0.015873017,0.0,0.06349207,0.1904762,0.06349207,0.0,0.0,0.0
6,0,0.53968257,0.0952381,0.015873017,0.015873017,0.015873017,0.0,0.06349207,0.1904762,0.06349207,0.0,0.0,0.0
6,0,0.53968257,0.0952381,0.015873017,0.015873017,0.015873017,0.0,0.06349207,0.1904762,0.06349207,0.0,0.0,0.0
6,0,0.53968257,0.0952381,0.015873017,0.015873017,0.015873017,0.0,0.06349207,0.1904762,0.06349207,0.0,0.0,0.0
6,0,0.52380955,0.0952381,0.015873017,0.015873017,0.015873017,0.0,0.06349207,0.20634921,0.06349207,0.0,0.0,0.0
6,0,0.52380955,0.0952381,0.015873017,0.015873017,0.015873017,0.0,0.06349207,0.20634921,0.06349207,0.0,0.0,0.0
6,0,0.52380955,0.0952381,0.015873017,0.015873017,0.015873017,0.0,0.06349207,0.20634921,0.06349207,0.0,0.0,0.0
6,0,0.52380955,0.0952381,0.015873017,0.015873017,0.015873017,0.0,0.06349207,0.20634921,0.06349207,0.0,0.0,0.0
6,0,0.52380955,0.07936508,0.015873017,0.015873017,0.015873017,0.0,0.06349207,0.22222222,0.06349207,0.0,0.0,0.0
6,0,0.52380955,0.07936508,0.015873017,0.015873017,0.015873017,0.0,0.06349207,0.22222222,0.06349207,0.0,0.0,0.0
6,0,0.52380955,0.06349207,0.015873017,0.015873017,0.0,0.0,0.06349207,0.25396827,0.06349207,0.0,0.0,0.0
6,0,0.52380955,0.06349207,0.015873017,0.015873017,0.0,0.0,0.06349207,0.25396827,0.06349207,0.0,0.0,0.0
6,0,0.52380955,0.06349207,0.015873017,0.015873017,0.0,0.0,0.06349207,0.25396827,0.06349207,0.0,0.0,0.0
6,0,0.52380955,0.06349207,0.015873017,0.015873017,0.0,0.0,0.06349207,0.25396827,0.06349207,0.0,0.0,0.0
6,0,0.52380955,0.06349207,0.015873017,0.015873017,0.0,0.0,0.06349207,0.25396827,0.06349207,0.0,0.0,0.0
6,0,0.52380955,0.06349207,0.015873017,0.015873017,0.0,0.0,0.06349207,0.25396827,0.06349207,0.0,0.0,0.0
6,0,0.53968257,0.031746034,0.031746034,0.015873017,0.0,0.0,0.04761905,0.2857143,0.04761905,0.0,0.0,0.0
6,0,0.53968257,0.031746034,0.031746034,0.015873017,0.0,0.0,0.04761905,0.2857143,0.04761905,0.0,0.0,0.0
6,0,0.53968257,0.031746034,0.031746034,0.015873017,0.0,0.0,0.04761905,0.2857143,0.04761905,0.0,0.0,0.0
6,0,0.53968257,0.031746034,0.031746034,0.015873017,0.0,0.0,0.04761905,0.2857143,0.04761905,0.0,0.0,0.0
6,0,0.53968257,0.031746034,0.031746034,0.015873017,0.0,0.0,0.04761905,0.2857143,0.04761905,0.0,0.0,0.0
6,0,0.52380955,0.031746034,0.031746034,0.015873017,0.0,0.0,0.04761905,0.3015873,0.04761905,0.0,0.0,0.0
6,0,0.52380955,0.031746034,0.031746034,0.015873017,0.0,0.0,0.04761905,0.3015873,0.04761905,0.0,0.0,0.0
6,0,0.52380955,0.031746034,0.031746034,0.015873017,0.0,0.0,0.04761905,0.3015873,0.04761905,0.0,0.0,0.0
6,0,0.53968257,0.031746034,0.031746034,0.0,0.0,0.0,0.031746034,0.33333334,0.031746034,0.0,0.0,0.0
6,0,0.53968257,0.031746034,0.031746034,0.0,0.0,0.0,0.031746034,0.33333334,0.031746034,0.0,0.0,0.0
6,0,0.53968257,0.031746034,0.031746034,0.0,0.0,0.0,0.031746034,0.33333334,0.031746034,0.0,0.0,0.0
6,0,0.53968257,0.031746034,0.031746034,0.0,0.0,0.0,0.031746034,0.33333334,0.031746034,0.0,0.0,0.0
6,0,0.53968257,0.031746034,0.031746034,0.0,0.0,0.0,0.031746034,0.33333334,0.031746034,0.0,0.0,0.0
6,0,0.53968257,0.031746034,0.031746034,0.0,0.0,0.0,0.031746034,0.33333334,0.031746034,0.0,0.0,0.0
6,0,0.53968257,0.031746034,0.031746034,0.0,0.0,0.0,0.031746034,0.33333334,0.031746034,0.0,0.0,0.0
6,0,0.53968257,0.031746034,0.031746034,0.0,0.0,0.0,0.031746034,0.33333334,0.031746034,0.0,0.0,0.0
6,0,0.53968257,0.031746034,0.031746034,0.0,0.0,0.0,0.031746034,0.33333334,0.031746034,0.0,0.0,0.0
6,0,0.53968257,0.031746034,0.031746034,0.0,0.0,0.0,0.031746034,0.33333334,0.031746034,0.0,0.0,0.0
6,0,0.53968257,0.031746034,0.031746034,0.0,0.0,0.0,0.031746034,0.33333334,0.031746034,0.0,0.0,0.0
6,0,0.53968257,0.031746034,0.031746034,0.0,0.0,0.0,0.031746034,0.33333334,0.031746034,0.0,0.0,0.0
6,0,0.53968257,0.031746034,0.031746034,0.0,0.0,0.0,0.031746034,0.33333334,0.031746034,0.0,0.0,0.0
6,0,0.53968257,0.031746034,0.031746034,0.0,0.0,0.0,0.031746034,0.33333334,0.031746034,0.0,0.0,0.0
6,0,0.53968257,0.031746034,0.031746034,0.0,0.0,0.0,0.031746034,0.33333334,0.031746034,0.0,0.0,0.0
6,0,0.53968257,0.031746034,0.031746034,0.0,0.0,0.0,0.031746034,0.33333334,0.031746034,0.0,0.0,0.0
7,0,0.42857143,0.04761905,0.04761905,0.0,0.0,0.0,0.0,0.42857143,0.031746034,0.0,0.0,0.015873017
7,0,0.42857143,0.04761905,0.04761905,0.0,0.0,0.0,0.0,0.42857143,0.031746034,0.0,0.0,0.015873017
7,0,0.42857143,0.04761905,0.04761905,0.0,0.0,0.0,0.0,0.42857143,0.031746034,0.0,0.0,0.015873017
7,0,0.42857143,0.04761905,0.04761905,0.0,0.0,0.0,0.0,0.42857143,0.031746034,0.0,0.0,0.015873017
7,0,0.42857143,0.04761905,0.04761905,0.0,0.0,0.0,0.0,0.42857143,0.031746034,0.0,0.0,0.015873017
7,0,0.42857143,0.04761905,0.04761905,0.0,0.0,0.0,0.0,0.42857143,0.031746034,0.0,0.0,0.015873017
7,0,0.42857143,0.04761905,0.04761905,0.0,0.0,0.0,0.0,0.42857143,0.031746034,0.0,0.0,0.015873017
7,0,0.42857143,0.04761905,0.04761905,0.0,0.0,0.0,0.0,0.42857143,0.031746034,0.0,0.0,0.015873017
7,0,0.42857143,0.04761905,0.04761905,0.0,0.0,0.0,0.0,0.42857143,0.031746034,0.0,0.0,0.015873017
7,0,0.42857143,0.04761905,0.04761905,0.0,0.0,0.0,0.0,0.42857143,0.031746034,0.0,0.0,0.015873017
7,0,0.42857143,0.04761905,0.04761905,0.0,0.0,0.0,0.0,0.42857143,0.031746034,0.0,0.0,0.015873017
7,0,0.42857143,0.04761905,0.04761905,0.0,0.0,0.0,0.0,0.42857143,0.031746034,0.0,0.0,0.015873017
7,0,0.42857143,0.04761905,0.04761905,0.0,0.0,0.0,0.0,0.42857143,0.031746034,0.0,0.0,0.015873017
7,0,0.42857143,0.04761905,0.04761905,0.0,0.0,0.0,0.0,0.42857143,0.031746034,0.0,0.0,0.015873017
7,0,0.42857143,0.04761905,0.04761905,0.0,0.0,0.0,0.0,0.42857143,0.031746034,0.0,0.0,0.015873017
7,0,0.42857143,0.04761905,0.04761905,0.0,0.0,0.0,0.0,0.42857143,0.031746034,0.0,0.0,0.015873017
7,0,0.42857143,0.031746034,0.04761905,0.0,0.0,0.0,0.0,0.42857143,0.031746034,0.0,0.0,0.031746034
7,0,0.42857143,0.031746034,0.04761905,0.0,0.0,0.0,0.0,0.42857143,0.031746034,0.0,0.0,0.031746034
7,7,0.41269842,0.031746034,0.04761905,0.0,0.0,0.0,0.0,0.44444445,0.031746034,0.0,0.0,0.031746034
7,7,0.3968254,0.031746034,0.04761905,0.0,0.0,0.0,0.0,0.46031746,0.031746034,0.0,0.0,0.031746034
7,7,0.3968254,0.031746034,0.04761905,0.0,0.0,0.0,0.0,0.46031746,0.031746034,0.0,0.0,0.031746034
7,7,0.3968254,0.031746034,0.04761905,0.0,0.0,0.0,0.0,0.46031746,0.031746034,0.0,0.0,0.031746034
7,7,0.3968254,0.031746034,0.04761905,0.0,0.0,0.0,0.0,0.46031746,0.031746034,0.0,0.0,0.031746034
7,7,0.3968254,0.031746034,0.04761905,0.0,0.0,0.0,0.0,0.46031746,0.031746034,0.0,0.0,0.031746034
7,7,0.3809524,0.031746034,0.04761905,0.0,0.0,0.0,0.0,0.4920635,0.015873017,0.0,0.0,0.031746034
7,7,0.36507937,0.031746034,0.06349207,0.0,0.0,0.0,0.0,0.4920635,0.015873017,0.0,0.0,0.031746034
7,7,0.36507937,0.031746034,0.06349207,0.0,0.0,0.0,0.0,0.4920635,0.015873017,0.0,0.0,0.031746034
7,7,0.36507937,0.031746034,0.06349207,0.0,0.0,0.0,0.0,0.4920635,0.015873017,0.0,0.0,0.031746034
7,7,0.36507937,0.031746034,0.06349207,0.0,0.0,0.0,0.0,0.4920635,0.015873017,0.0,0.0,0.031746034
7,7,0.36507937,0.031746034,0.06349207,0.0,0.0,0.0,0.0,0.4920635,0.015873017,0.0,0.0,0.031746034
7,7,0.36507937,0.031746034,0.06349207,0.0,0.0,0.0,0.0,0.4920635,0.015873017,0.0,0.0,0.031746034
7,7,0.36507937,0.031746034,0.06349207,0.0,0.0,0.0,0.0,0.4920635,0.015873017,0.0,0.0,0.031746034
7,7,0.3015873,0.06349207,0.06349207,0.0,0.0,0.0,0.0,0.52380955,0.015873017,0.0,0.0,0.031746034
7,7,0.2857143,0.06349207,0.06349207,0.0,0.0,0.0,0.0,0.53968257,0.015873017,0.0,0.0,0.031746034
7,7,0.2857143,0.06349207,0.06349207,0.0,0.0,0.0,0.0,0.53968257,0.015873017,0.0,0.0,0.031746034
7,7,0.2857143,0.06349207,0.06349207,0.0,0.0,0.0,0.0,0.53968257,0.015873017,0.0,0.0,0.031746034
7,7,0.2857143,0.06349207,0.06349207,0.0,0.0,0.0,0.0,0.53968257,0.015873017,0.0,0.0,0.031746034
7,7,0.2857143,0.06349207,0.06349207,0.0,0.0,0.0,0.0,0.53968257,0.015873017,0.0,0.0,0.031746034
7,7,0.2857143,0.06349207,0.06349207,0.0,0.0,0.0,0.0,0.53968257,0.015873017,0.0,0.0,0.031746034
7,7,0.2857143,0.06349207,0.06349207,0.0,0.0,0.0,0.0,0.53968257,0.015873017,0.0,0.0,0.031746034
7,7,0.26984128,0.06349207,0.06349207,0.0,0.0,0.0,0.0,0.5555556,0.015873017,0.0,0.0,0.031746034
7,7,0.25396827,0.06349207,0.06349207,0.0,0.0,0.0,0.0,0.5714286,0.015873017,0.0,0.0,0.031746034
7,7,0.25396827,0.06349207,0.06349207,0.0,0.0,0.0,0.0,0.5873016,0.0,0.0,0.0,0.031746034
7,7,0.25396827,0.06349207,0.06349207,0.0,0.0,0.0,0.0,0.5873016,0.0,0.0,0.0,0.031746034
7,7,0.23809524,0.07936508,0.06349207,0.0,0.0,0.0,0.0,0.5873016,0.0,0.0,0.0,0.031746034
7,7,0.23809524,0.07936508,0.06349207,0.0,0.0,0.0,0.0,0.5873016,0.0,0.0,0.0,0.031746034
7,7,0.23809524,0.07936508,0.06349207,0.0,0.0,0.0,0.0,0.5873016,0.0,0.0,0.0,0.031746034
7,7,0.23809524,0.07936508,0.06349207,0.0,0.0,0.0,0.0,0.5873016,0.0,0.0,0.0,0.031746034
7,7,0.1875,0.078125,0.0625,0.0,0.0,0.0,0.0,0.625,0.0,0.0,0.015625,0.03125
7,7,0.1875,0.078125,0.0625,0.0,0.0,0.0,0.0,0.625,0.0,0.0,0.015625,0.03125
7,7,0.1875,0.078125,0.0625,0.0,0.0,0.0,0.0,0.625,0.0,0.0,0.015625,0.03125
7,7,0.1875,0.078125,0.0625,0.0,0.0,0.0,0.0,0.625,0.0,0.0,0.015625,0.03125
7,7,0.1875,0.078125,0.0625,0.0,0.0,0.0,0.0,0.625,0.0,0.0,0.015625,0.03125
7,7,0.1875,0.078125,0.0625,0.0,0.0,0.0,0.0,0.625,0.0,0.0,0.015625,0.03125
7,7,0.1875,0.078125,0.0625,0.0,0.0,0.0,0.0,0.625,0.0,0.0,0.015625,0.03125
7,7,0.1875,0.078125,0.0625,0.0,0.0,0.0,0.0,0.625,0.0,0.0,0.015625,0.03125
7,7,0.1875,0.078125,0.0625,0.0,0.0,0.0,0.0,0.625,0.0,0.0,0.015625,0.03125
7,7,0.1875,0.078125,0.0625,0.0,0.0,0.0,0.0,0.625,0.0,0.0,0.015625,0.03125
7,7,0.1875,0.078125,0.0625,0.0,0.0,0.0,0.0,0.625,0.0,0.0,0.015625,0.03125
7,7,0.1875,0.078125,0.0625,0.0,0.0,0.0,0.0,0.625,0.0,0.0,0.015625,0.03125
7,7,0.171875,0.078125,0.0625,0.0,0.0,0.0,0.0,0.640625,0.0,0.0,0.015625,0.03125
7,7,0.171875,0.078125,0.0625,0.0,0.0,0.0,0.0,0.640625,0.0,0.0,0.015625,0.03125
7,7,0.171875,0.078125,0.0625,0.0,0.0,0.0,0.0,0.640625,0.0,0.0,0.015625,0.03125
7,7,0.171875,0.078125,0.0625,0.0,0.0,0.0,0.0,0.640625,0.0,0.0,0.015625,0.03125
7,7,0.15625,0.078125,0.0625,0.0,0.015625,0.0,0.0,0.640625,0.0,0.0,0.015625,0.03125
7,7,0.140625,0.078125,0.0625,0.0,0.015625,0.0,0.0,0.65625,0.0,0.0,0.015625,0.03125
7,7,0.140625,0.0625,0.0625,0.0,0.015625,0.0,0.0,0.671875,0.0,0.0,0.015625,0.03125
7,7,0.140625,0.0625,0.0625,0.0,0.015625,0.0,0.0,0.671875,0.0,0.0,0.015625,0.03125
7,7,0.140625,0.0625,0.0625,0.0,0.015625,0.0,0.0,0.671875,0.0,0.0,0.015625,0.03125
7,7,0.140625,0.0625,0.0625,0.0,0.015625,0.0,0.0,0.671875,0.0,0.0,0.015625,0.03125
7,7,0.140625,0.0625,0.0625,0.0,0.015625,0.0,0.0,0.671875,0.0,0.0,0.015625,0.03125
7,7,0.140625,0.0625,0.0625,0.0,0.015625,0.0,0.0,0.671875,0.0,0.0,0.015625,0.03125
7,7,0.125,0.0625,0.0625,0.0,0.015625,0.0,0.0,0.6875,0.0,0.0,0.015625,0.03125
7,7,0.125,0.0625,0.0625,0.0,0.015625,0.0,0.0,0.6875,0.0,0.0,0.015625,0.03125
7,7,0.125,0.0625,0.0625,0.0,0.015625,0.0,0.0,0.6875,0.0,0.0,0.015625,0.03125
7,7,0.125,0.0625,0.0625,0.0,0.015625,0.0,0.0,0.6875,0.0,0.0,0.015625,0.03125
7,7,0.125,0.0625,0.0625,0.0,0.015625,0.0,0.0,0.6875,0.0,0.0,0.015625,0.03125
7,7,0.125,0.0625,0.0625,0.0,0.015625,0.0,0.0,0.6875,0.0,0.0,0.015625,0.03125
7,7,0.125,0.0625,0.0625,0.0,0.015625,0.0,0.0,0.6875,0.0,0.0,0.015625,0.03125
7,7,0.125,0.0625,0.0625,0.0,0.015625,0.0,0.0,0.6875,0.0,0.0,0.015625,0.03125
7,7,0.109375,0.0625,0.0625,0.0,0.015625,0.0,0.0,0.703125,0.0,0.0,0.015625,0.03125
7,7,0.109375,0.0625,0.0625,0.0,0.015625,0.0,0.0,0.703125,0.0,0.0,0.015625,0.03125
7,7,0.109375,0.0625,0.0625,0.0,0.015625,0.0,0.0,0.703125,0.0,0.0,0.015625,0.03125
7,7,0.109375,0.0625,0.0625,0.0,0.015625,0.0,0.0,0.703125,0.0,0.0,0.015625,0.03125
7,7,0.109375,0.0625,0.078125,0.0,0.015625,0.0,0.0,0.703125,0.0,0.0,0.0,0.03125
7,7,0.109375,0.0625,0.078125,0.0,0.015625,0.0,0.0,0.703125,0.0,0.0,0.0,0.03125
7,7,0.109375,0.0625,0.078125,0.0,0.015625,0.0,0.0,0.703125,0.0,0.0,0.0,0.03125
7,7,0.109375,0.0625,0.078125,0.0,0.015625,0.0,0.0,0.703125,0.0,0.0,0.0,0.03125
7,7,0.09375,0.046875,0.078125,0.0,0.03125,0.0,0.0,0.71875,0.0,0.0,0.0,0.03125
7,7,0.09375,0.046875,0.078125,0.0,0.03125,0.0,0.0,0.71875,0.0,0.0,0.0,0.03125
7,7,0.09375,0.046875,0.078125,0.0,0.03125,0.0,0.0,0.71875,0.0,0.0,0.0,0.03125
7,7,0.09375,0.046875,0.078125,0.0,0.03125,0.0,0.0,0.71875,0.0,0.0,0.0,0.03125
7,7,0.09375,0.046875,0.078125,0.0,0.03125,0.0,0.0,0.71875,0.0,0.0,0.0,0.03125
7,7,0.09375,0.046875,0.078125,0.0,0.03125,0.0,0.0,0.71875,0.0,0.0,0.0,0.03125
7,7,0.09375,0.046875,0.078125,0.0,0.03125,0.0,0.0,0.71875,0.0,0.0,0.0,0.03125
7,7,0.09375,0.046875,0.078125,0.0,0.03125,0.0,0.0,0.71875,0.0,0.0,0.0,0.03125
7,7,0.03125,0.015625,0.078125,0.0,0.03125,0.0,0.0,0.8125,0.0,0.0,0.0,0.03125
7,7,0.03125,0.015625,0.078125,0.0,0.03125,0.0,0.0,0.8125,0.0,0.0,0.0,0.03125
7,7,0.03125,0.015625,0.078125,0.0,0.03125,0.0,0.0,0.8125,0.0,0.0,0.0,0.03125
7,7,0.03125,0.015625,0.078125,0.0,0.03125,0.0,0.0,0.8125,0.0,0.0,0.0,0.03125
7,7,0.03125,0.015625,0.078125,0.0,0.03125,0.0,0.0,0.8125,0.0,0.0,0.0,0.03125
7,7,0.03125,0.015625,0.078125,0.0,0.03125,0.0,0.0,0.8125,0.0,0.0,0.0,0.03125
7,7,0.03125,0.015625,0.078125,0.0,0.03125,0.0,0.0,0.8125,0.0,0.0,0.0,0.03125
7,7,0.03125,0.015625,0.078125,0.0,0.03125,0.0,0.0,0.8125,0.0,0.0,0.0,0.03125
7,7,0.03125,0.015625,0.078125,0.0,0.03125,0.0,0.0,0.8125,0.0,0.0,0.0,0.03125
7,7,0.03125,0.015625,0.078125,0.0,0.03125,0.0,0.0,0.8125,0.0,0.0,0.0,0.03125
7,7,0.03125,0.015625,0.078125,0.0,0.03125,0.0,0.0,0.8125,0.0,0.0,0.0,0.03125
7,7,0.03125,0.015625,0.078125,0.0,0.03125,0.0,0.0,0.8125,0.0,0.0,0.0,0.03125
7,7,0.03125,0.015625,0.078125,0.0,0.03125,0.0,0.0,0.8125,0.0,0.0,0.0,0.03125
7,7,0.03125,0.015625,0.078125,0.0,0.03125,0.0,0.0,0.8125,0.0,0.0,0.0,0.03125
7,7,0.03125,0.015625,0.078125,0.0,0.03125,0.0,0.0,0.8125,0.0,0.0,0.0,0.03125
7,7,0.03125,0.015625,0.078125,0.0,0.03125,0.0,0.0,0.8125,0.0,0.0,0.0,0.03125
7,7,0.03125,0.015625,0.078125,0.0,0.03125,0.0,0.0,0.8125,0.0,0.0,0.0,0.03125
7,7,0.03125,0.015625,0.078125,0.0,0.03125,0.0,0.0,0.8125,0.0,0.0,0.0,0.03125
7,7,0.03125,0.015625,0.078125,0.0,0.03125,0.0,0.0,0.8125,0.0,0.0,0.0,0.03125
7,7,0.03125,0.015625,0.078125,0.0,0.03125,0.0,0.0,0.8125,0.0,0.0,0.0,0.03125
7,7,0.03125,0.015625,0.078125,0.0,0.03125,0.0,0.0,0.8125,0.0,0.0,0.0,0.03125
7,7,0.03125,0.015625,0.078125,0.0,0.03125,0.0,0.0,0.8125,0.0,0.0,0.0,0.03125
7,7,0.03125,0.015625,0.078125,0.0,0.03125,0.0,0.0,0.8125,0.0,0.0,0.0,0.03125
7,7,0.03125,0.015625,0.078125,0.0,0.03125,0.0,0.0,0.8125,0.0,0.0,0.0,0.03125
7,7,0.03125,0.015625,0.09375,0.0,0.03125,0.0,0.0,0.828125,0.0,0.0,0.0,0.0
7,7,0.03125,0.015625,0.09375,0.0,0.03125,0.0,0.0,0.828125,0.0,0.0,0.0,0.0
7,7,0.03125,0.015625,0.09375,0.0,0.03125,0.0,0.0,0.828125,0.0,0.0,0.0,0.0
7,7,0.03125,0.015625,0.09375,0.0,0.03125,0.0,0.0,0.828125,0.0,0.0,0.0,0.0
7,7,0.03125,0.015625,0.09375,0.0,0.03125,0.0,0.0,0.828125,0.0,0.0,0.0,0.0
7,7,0.03125,0.015625,0.09375,0.0,0.03125,0.0,0.0,0.828125,0.0,0.0,0.0,0.0
7,7,0.03125,0.015625,0.09375,0.0,0.03125,0.0,0.0,0.828125,0.0,0.0,0.0,0.0
7,7,0.03125,0.015625,0.09375,0.0,0.03125,0.0,0.0,0.828125,0.0,0.0,0.0,0.0
7,7,0.03125,0.015625,0.09375,0.0,0.03125,0.0,0.0,0.828125,0.0,0.0,0.0,0.0
7,7,0.03125,0.015625,0.09375,0.0,0.03125,0.0,0.0,0.828125,0.0,0.0,0.0,0.0
7,7,0.03125,0.015625,0.09375,0.0,0.03125,0.0,0.0,0.828125,0.0,0.0,0.0,0.0
7,7,0.03125,0.015625,0.09375,0.0,0.03125,0.0,0.0,0.828125,0.0,0.0,0.0,0.0
7,7,0.03125,0.015625,0.078125,0.0,0.03125,0.0,0.0,0.84375,0.0,0.0,0.0,0.0
7,7,0.03125,0.015625,0.078125,0.0,0.03125,0.0,0.0,0.84375,0.0,0.0,0.0,0.0
7,7,0.03125,0.015625,0.078125,0.0,0.03125,0.0,0.0,0.84375,0.0,0.0,0.0,0.0
7,7,0.03125,0.015625,0.078125,0.0,0.03125,0.0,0.0,0.84375,0.0,0.0,0.0,0.0
7,7,0.03125,0.015625,0.078125,0.0,0.03125,0.0,0.0,0.84375,0.0,0.0,0.0,0.0
7,7,0.03125,0.015625,0.078125,0.0,0.03125,0.0,0.0,0.84375,0.0,0.0,0.0,0.0
7,7,0.03125,0.015625,0.078125,0.0,0.03125,0.0,0.0,0.84375,0.0,0.0,0.0,0.0
7,7,0.03125,0.015625,0.078125,0.0,0.03125,0.0,0.0,0.84375,0.0,0.0,0.0,0.0
7,7,0.03125,0.015625,0.078125,0.0,0.03125,0.0,0.0,0.84375,0.0,0.0,0.0,0.0
7,7,0.03125,0.015625,0.078125,0.0,0.03125,0.0,0.0,0.84375,0.0,0.0,0.0,0.0
7,7,0.03125,0.015625,0.078125,0.0,0.03125,0.0,0.0,0.84375,0.0,0.0,0.0,0.0
7,7,0.03125,0.015625,0.078125,0.0,0.03125,0.0,0.0,0.84375,0.0,0.0,0.0,0.0
7,7,0.015625,0.015625,0.078125,0.0,0.046875,0.0,0.0,0.84375,0.0,0.0,0.0,0.0
7,7,0.015625,0.015625,0.078125,0.0,0.046875,0.0,0.0,0.84375,0.0,0.0,0.0,0.0
7,7,0.015625,0.015625,0.078125,0.0,0.046875,0.0,0.0,0.84375,0.0,0.0,0.0,0.0
7,7,0.015625,0.015625,0.078125,0.0,0.046875,0.0,0.0,0.84375,0.0,0.0,0.0,0.0
7,7,0.015625,0.015625,0.078125,0.0,0.046875,0.0,0.0,0.84375,0.0,0.0,0.0,0.0
7,7,0.015625,0.015625,0.078125,0.0,0.046875,0.0,0.0,0.84375,0.0,0.0,0.0,0.0
7,7,0.015625,0.015625,0.078125,0.0,0.046875,0.0,0.0,0.84375,0.0,0.0,0.0,0.0
7,7,0.015625,0.015625,0.078125,0.0,0.046875,0.0,0.0,0.84375,0.0,0.0,0.0,0.0
7,7,0.015625,0.015625,0.078125,0.0,0.046875,0.0,0.0,0.84375,0.0,0.0,0.0,0.0
7,7,0.015625,0.015625,0.078125,0.0,0.046875,0.0,0.0,0.84375,0.0,0.0,0.0,0.0
7,7,0.015625,0.015625,0.078125,0.0,0.046875,0.0,0.0,0.84375,0.0,0.0,0.0,0.0
7,7,0.015625,0.015625,0.078125,0.0,0.046875,0.0,0.0,0.84375,0.0,0.0,0.0,0.0
7,7,0.015625,0.015625,0.078125,0.0,0.046875,0.0,0.0,0.84375,0.0,0.0,0.0,0.0
7,7,0.015625,0.015625,0.078125,0.0,0.046875,0.0,0.0,0.84375,0.0,0.0,0.0,0.0
7,7,0.015625,0.015625,0.078125,0.0,0.046875,0.0,0.0,0.84375,0.0,0.0,0.0,0.0
7,7,0.015625,0.015625,0.078125,0.0,0.046875,0.0,0.0,0.84375,0.0,0.0,0.0,0.0
7,7,0.03125,0.015625,0.078125,0.0,0.046875,0.0,0.0,0.828125,0.0,0.0,0.0,0.0
7,7,0.03125,0.015625,0.078125,0.0,0.046875,0.0,0.0,0.828125,0.0,0.0,0.0,0.0
7,7,0.03125,0.015625,0.078125,0.0,0.046875,0.0,0.0,0.828125,0.0,0.0,0.0,0.0
7,7,0.03125,0.015625,0.078125,0.0,0.046875,0.0,0.0,0.828125,0.0,0.0,0.0,0.0
7,7,0.03125,0.015625,0.078125,0.0,0.046875,0.0,0.0,0.828125,0.0,0.0,0.0,0.0
7,7,0.03125,0.015625,0.078125,0.0,0.046875,0.0,0.0,0.828125,0.0,0.0,0.0,0.0
7,7,0.03125,0.015625,0.078125,0.0,0.046875,0.0,0.0,0.828125,0.0,0.0,0.0,0.0
7,7,0.03125,0.015625,0.078125,0.0,0.046875,0.0,0.0,0.828125,0.0,0.0,0.0,0.0
7,7,0.03125,0.015625,0.0625,0.0,0.046875,0.0,0.0,0.84375,0.0,0.0,0.0,0.0
7,7,0.03125,0.015625,0.0625,0.0,0.046875,0.0,0.0,0.84375,0.0,0.0,0.0,0.0
7,7,0.03125,0.015625,0.0625,0.0,0.046875,0.0,0.0,0.84375,0.0,0.0,0.0,0.0
7,7,0.03125,0.015625,0.0625,0.0,0.046875,0.0,0.0,0.84375,0.0,0.0,0.0,0.0
7,7,0.03125,0.015625,0.0625,0.0,0.046875,0.0,0.0,0.84375,0.0,0.0,0.0,0.0
7,7,0.03125,0.015625,0.0625,0.0,0.046875,0.0,0.0,0.84375,0.0,0.0,0.0,0.0
7,7,0.03125,0.015625,0.0625,0.0,0.046875,0.0,0.0,0.84375,0.0,0.0,0.0,0.0
7,7,0.03125,0.015625,0.0625,0.0,0.046875,0.0,0.0,0.84375,0.0,0.0,0.0,0.0
7,7,0.03125,0.03125,0.0625,0.0,0.046875,0.0,0.0,0.828125,0.0,0.0,0.0,0.0
7,7,0.03125,0.03125,0.0625,0.0,0.046875,0.0,0.0,0.828125,0.0,0.0,0.0,0.0
7,7,0.03125,0.03125,0.0625,0.0,0.046875,0.0,0.0,0.828125,0.0,0.0,0.0,0.0
7,7,0.03125,0.03125,0.0625,0.0,0.046875,0.0,0.0,0.828125,0.0,0.0,0.0,0.0
7,7,0.03125,0.03125,0.0625,0.0,0.046875,0.0,0.0,0.828125,0.0,0.0,0.0,0.0
7,7,0.03125,0.03125,0.0625,0.0,0.046875,0.0,0.0,0.828125,0.0,0.0,0.0,0.0
7,7,0.03125,0.03125,0.0625,0.0,0.046875,0.0,0.0,0.828125,0.0,0.0,0.0,0.0
7,7,0.03125,0.03125,0.0625,0.0,0.046875,0.0,0.0,0.828125,0.0,0.0,0.0,0.0
7,7,0.03125,0.03125,0.0625,0.0,0.046875,0.0,0.0,0.828125,0.0,0.0,0.0,0.0
7,7,0.03125,0.03125,0.0625,0.0,0.046875,0.0,0.0,0.828125,0.0,0.0,0.0,0.0
7,7,0.03125,0.03125,0.0625,0.0,0.046875,0.0,0.0,0.828125,0.0,0.0,0.0,0.0
7,7,0.03125,0.03125,0.0625,0.0,0.046875,0.0,0.0,0.828125,0.0,0.0,0.0,0.0
7,7,0.03125,0.03125,0.0625,0.0,0.046875,0.0,0.0,0.828125,0.0,0.0,0.0,0.0
7,7,0.03125,0.03125,0.0625,0.0,0.046875,0.0,0.0,0.828125,0.0,0.0,0.0,0.0
7,7,0.03125,0.03125,0.0625,0.0,0.046875,0.0,0.0,0.828125,0.0,0.0,0.0,0.0
7,7,0.03125,0.03125,0.0625,0.0,0.046875,0.0,0.0,0.828125,0.0,0.0,0.0,0.0
7,7,0.03125,0.03125,0.0625,0.0,0.046875,0.0,0.0,0.828125,0.0,0.0,0.0,0.0
7,7,0.03125,0.03125,0.0625,0.0,0.046875,0.0,0.0,0.828125,0.0,0.0,0.0,0.0
7,7,0.03125,0.03125,0.0625,0.0,0.046875,0.0,0.0,0.828125,0.0,0.0,0.0,0.0
7,7,0.03125,0.03125,0.0625,0.0,0.046875,0.0,0.0,0.828125,0.0,0.0,0.0,0.0
7,7,0.03125,0.03125,0.0625,0.0,0.046875,0.0,0.0,0.828125,0.0,0.0,0.0,0.0
7,7,0.03125,0.03125,0.0625,0.0,0.046875,0.0,0.0,0.828125,0.0,0.0,0.0,0.0
7,7,0.03125,0.03125,0.0625,0.0,0.046875,0.0,0.0,0.828125,0.0,0.0,0.0,0.0
7,7,0.03125,0.03125,0.0625,0.0,0.046875,0.0,0.0,0.828125,0.0,0.0,0.0,0.0
7,7,0.046875,0.03125,0.0625,0.0,0.03125,0.0,0.0,0.828125,0.0,0.0,0.0,0.0
7,7,0.046875,0.03125,0.0625,0.0,0.03125,0.0,0.0,0.828125,0.0,0.0,0.0,0.0
7,7,0.046875,0.03125,0.0625,0.0,0.03125,0.0,0.0,0.828125,0.0,0.0,0.0,0.0
7,7,0.046875,0.03125,0.0625,0.0,0.03125,0.0,0.0,0.828125,0.0,0.0,0.0,0.0
7,7,0.046875,0.03125,0.0625,0.0,0.03125,0.0,0.0,0.828125,0.0,0.0,0.0,0.0
7,7,0.046875,0.03125,0.0625,0.0,0.03125,0.0,0.0,0.828125,0.0,0.0,0.0,0.0
7,7,0.046875,0.03125,0.0625,0.0,0.03125,0.0,0.0,0.828125,0.0,0.0,0.0,0.0
7,7,0.046875,0.03125,0.0625,0.0,0.03125,0.0,0.0,0.828125,0.0,0.0,0.0,0.0
7,7,0.046875,0.03125,0.0625,0.0,0.03125,0.0,0.0,0.828125,0.0,0.0,0.0,0.0
7,7,0.046875,0.03125,0.0625,0.0,0.03125,0.0,0.0,0.828125,0.0,0.0,0.0,0.0
7,7,0.046875,0.03125,0.0625,0.0,0.03125,0.0,0.0,0.828125,0.0,0.0,0.0,0.0
7,7,0.046875,0.03125,0.0625,0.0,0.03125,0.0,0.0,0.828125,0.0,0.0,0.0,0.0
7,7,0.046875,0.03125,0.0625,0.0,0.03125,0.0,0.0,0.828125,0.0,0.0,0.0,0.0
7,7,0.046875,0.03125,0.0625,0.0,0.03125,0.0,0.0,0.828125,0.0,0.0,0.0,0.0
7,7,0.046875,0.03125,0.0625,0.0,0.03125,0.0,0.0,0.828125,0.0,0.0,0.0,0.0
7,7,0.046875,0.03125,0.0625,0.0,0.03125,0.0,0.0,0.828125,0.0,0.0,0.0,0.0
7,7,0.046875,0.03125,0.0625,0.0,0.03125,0.0,0.0,0.828125,0.0,0.0,0.0,0.0
7,7,0.046875,0.03125,0.0625,0.0,0.03125,0.0,0.0,0.828125,0.0,0.0,0.0,0.0
7,7,0.046875,0.03125,0.0625,0.0,0.03125,0.0,0.0,0.828125,0.0,0.0,0.0,0.0
7,7,0.046875,0.03125,0.0625,0.0,0.03125,0.0,0.0,0.828125,0.0,0.0,0.0,0.0
7,7,0.046875,0.03125,0.0625,0.0,0.03125,0.0,0.0,0.828125,0.0,0.0,0.0,0.0
7,7,0.046875,0.03125,0.0625,0.0,0.03125,0.0,0.0,0.828125,0.0,0.0,0.0,0.0
7,7,0.046875,0.03125,0.0625,0.0,0.03125,0.0,0.0,0.828125,0.0,0.0,0.0,0.0
7,7,0.046875,0.03125,0.0625,0.0,0.03125,0.0,0.0,0.828125,0.0,0.0,0.0,0.0
7,7,0.046875,0.03125,0.0625,0.0,0.03125,0.0,0.0,0.828125,0.0,0.0,0.0,0.0
7,7,0.046875,0.03125,0.0625,0.0,0.03125,0.0,0.0,0.828125,0.0,0.0,0.0,0.0
7,7,0.046875,0.03125,0.0625,0.0,0.03125,0.0,0.0,0.828125,0.0,0.0,0.0,0.0
7,7,0.046875,0.03125,0.0625,0.0,0.03125,0.0,0.0,0.828125,0.0,0.0,0.0,0.0
7,7,0.046875,0.03125,0.0625,0.0,0.03125,0.0,0.0,0.828125,0.0,0.0,0.0,0.0
7,7,0.046875,0.03125,0.0625,0.0,0.03125,0.0,0.0,0.828125,0.0,0.0,0.0,0.0
7,7,0.046875,0.03125,0.0625,0.0,0.03125,0.0,0.0,0.828125,0.0,0.0,0.0,0.0
7,7,0.046875,0.03125,0.0625,0.0,0.03125,0.0,0.0,0.828125,0.0,0.0,0.0,0.0
7,7,0.046875,0.03125,0.0625,0.0,0.03125,0.0,0.0,0.828125,0.0,0.0,0.0,0.0
7,7,0.046875,0.03125,0.0625,0.0,0.03125,0.0,0.0,0.828125,0.0,0.0,0.0,0.0
7,7,0.046875,0.03125,0.0625,0.0,0.03125,0.0,0.0,0.828125,0.0,0.0,0.0,0.0
7,7,0.046875,0.03125,0.0625,0.0,0.03125,0.0,0.0,0.828125,0.0,0.0,0.0,0.0
7,7,0.046875,0.03125,0.0625,0.0,0.03125,0.0,0.0,0.828125,0.0,0.0,0.0,0.0
7,7,0.046875,0.03125,0.0625,0.0,0.03125,0.0,0.0,0.828125,0.0,0.0,0.0,0.0
7,7,0.046875,0.03125,0.078125,0.0,0.03125,0.0,0.0,0.8125,0.0,0.0,0.0,0.0
7,7,0.046875,0.03125,0.078125,0.0,0.03125,0.0,0.0,0.8125,0.0,0.0,0.0,0.0
7,7,0.04761905,0.031746034,0.11111111,0.0,0.031746034,0.0,0.0,0.7777778,0.0,0.0,0.0,0.0
7,7,0.04761905,0.031746034,0.11111111,0.0,0.031746034,0.0,0.0,0.7777778,0.0,0.0,0.0,0.0
7,7,0.04761905,0.031746034,0.11111111,0.0,0.04761905,0.0,0.0,0.7619048,0.0,0.0,0.0,0.0
7,7,0.04761905,0.031746034,0.11111111,0.0,0.04761905,0.0,0.0,0.7619048,0.0,0.0,0.0,0.0
7,7,0.04761905,0.031746034,0.11111111,0.0,0.04761905,0.0,0.0,0.7619048,0.0,0.0,0.0,0.0
7,7,0.04761905,0.031746034,0.11111111,0.0,0.04761905,0.0,0.0,0.7619048,0.0,0.0,0.0,0.0
7,7,0.04761905,0.031746034,0.11111111,0.0,0.04761905,0.0,0.0,0.7619048,0.0,0.0,0.0,0.0
7,7,0.04761905,0.031746034,0.11111111,0.0,0.04761905,0.0,0.0,0.7619048,0.0,0.0,0.0,0.0
7,7,0.04761905,0.031746034,0.11111111,0.0,0.04761905,0.0,0.0,0.7619048,0.0,0.0,0.0,0.0
7,7,0.04761905,0.031746034,0.11111111,0.0,0.04761905,0.0,0.0,0.7619048,0.0,0.0,0.0,0.0
7,7,0.04761905,0.031746034,0.11111111,0.0,0.04761905,0.0,0.0,0.7619048,0.0,0.0,0.0,0.0
7,7,0.04761905,0.031746034,0.11111111,0.0,0.04761905,0.0,0.0,0.7619048,0.0,0.0,0.0,0.0
7,7,0.04761905,0.031746034,0.11111111,0.0,0.04761905,0.0,0.0,0.7619048,0.0,0.0,0.0,0.0
7,7,0.04761905,0.031746034,0.11111111,0.0,0.04761905,0.0,0.0,0.7619048,0.0,0.0,0.0,0.0
7,7,0.04761905,0.031746034,0.11111111,0.0,0.04761905,0.0,0.0,0.7619048,0.0,0.0,0.0,0.0
7,7,0.04761905,0.031746034,0.11111111,0.0,0.04761905,0.0,0.0,0.7619048,0.0,0.0,0.0,0.0
7,7,0.06349207,0.031746034,0.11111111,0.0,0.06349207,0.0,0.0,0.73015875,0.0,0.0,0.0,0.0
7,7,0.06349207,0.031746034,0.11111111,0.0,0.06349207,0.0,0.0,0.73015875,0.0,0.0,0.0,0.0
7,7,0.06349207,0.031746034,0.11111111,0.0,0.06349207,0.0,0.0,0.73015875,0.0,0.0,0.0,0.0
7,7,0.06349207,0.031746034,0.11111111,0.0,0.06349207,0.0,0.0,0.73015875,0.0,0.0,0.0,0.0
7,7,0.06349207,0.031746034,0.11111111,0.0,0.06349207,0.0,0.0,0.73015875,0.0,0.0,0.0,0.0
7,7,0.06349207,0.031746034,0.11111111,0.0,0.06349207,0.0,0.0,0.73015875,0.0,0.0,0.0,0.0
7,7,0.06349207,0.031746034,0.11111111,0.0,0.06349207,0.0,0.0,0.73015875,0.0,0.0,0.0,0.0
7,7,0.06349207,0.031746034,0.11111111,0.0,0.06349207,0.0,0.0,0.73015875,0.0,0.0,0.0,0.0
7,7,0.06349207,0.031746034,0.11111111,0.0,0.06349207,0.0,0.0,0.73015875,0.0,0.0,0.0,0.0
7,7,0.06349207,0.031746034,0.11111111,0.0,0.06349207,0.0,0.0,0.73015875,0.0,0.0,0.0,0.0
7,7,0.06349207,0.031746034,0.11111111,0.0,0.06349207,0.0,0.0,0.73015875,0.0,0.0,0.0,0.0
7,7,0.06349207,0.031746034,0.11111111,0.0,0.06349207,0.0,0.0,0.73015875,0.0,0.0,0.0,0.0
7,7,0.06349207,0.031746034,0.11111111,0.0,0.06349207,0.0,0.0,0.73015875,0.0,0.0,0.0,0.0
7,7,0.06349207,0.031746034,0.11111111,0.0,0.06349207,0.0,0.0,0.73015875,0.0,0.0,0.0,0.0
7,7,0.06349207,0.031746034,0.11111111,0.0,0.06349207,0.0,0.015873017,0.71428573,0.0,0.0,0.0,0.0
7,7,0.06349207,0.031746034,0.11111111,0.0,0.06349207,0.0,0.015873017,0.71428573,0.0,0.0,0.0,0.0
7,7,0.06349207,0.031746034,0.11111111,0.0,0.06349207,0.0,0.015873017,0.71428573,0.0,0.0,0.0,0.0
7,7,0.06349207,0.031746034,0.11111111,0.0,0.06349207,0.0,0.015873017,0.71428573,0.0,0.0,0.0,0.0
7,7,0.06349207,0.031746034,0.11111111,0.0,0.06349207,0.0,0.015873017,0.71428573,0.0,0.0,0.0,0.0
7,7,0.06349207,0.031746034,0.11111111,0.0,0.06349207,0.0,0.015873017,0.71428573,0.0,0.0,0.0,0.0
7,7,0.06349207,0.031746034,0.11111111,0.0,0.06349207,0.0,0.015873017,0.71428573,0.0,0.0,0.0,0.0
7,7,0.06349207,0.031746034,0.11111111,0.0,0.06349207,0.0,0.015873017,0.71428573,0.0,0.0,0.0,0.0
7,7,0.06349207,0.031746034,0.11111111,0.0,0.06349207,0.0,0.015873017,0.71428573,0.0,0.0,0.0,0.0
7,7,0.06349207,0.031746034,0.11111111,0.0,0.06349207,0.0,0.015873017,0.71428573,0.0,0.0,0.0,0.0
7,7,0.06349207,0.015873017,0.11111111,0.0,0.07936508,0.0,0.015873017,0.71428573,0.0,0.0,0.0,0.0
7,7,0.06349207,0.015873017,0.11111111,0.0,0.07936508,0.0,0.015873017,0.71428573,0.0,0.0,0.0,0.0
7,7,0.06349207,0.015873017,0.11111111,0.0,0.07936508,0.0,0.015873017,0.71428573,0.0,0.0,0.0,0.0
7,7,0.06349207,0.015873017,0.11111111,0.0,0.07936508,0.0,0.015873017,0.71428573,0.0,0.0,0.0,0.0
7,7,0.06349207,0.031746034,0.0952381,0.0,0.07936508,0.0,0.015873017,0.71428573,0.0,0.0,0.0,0.0
7,7,0.06349207,0.031746034,0.0952381,0.0,0.07936508,0.0,0.015873017,0.71428573,0.0,0.0,0.0,0.0
7,7,0.06349207,0.031746034,0.0952381,0.0,0.07936508,0.0,0.015873017,0.71428573,0.0,0.0,0.0,0.0
7,7,0.06349207,0.031746034,0.0952381,0.0,0.07936508,0.0,0.015873017,0.71428573,0.0,0.0,0.0,0.0
7,7,0.06349207,0.031746034,0.07936508,0.0,0.0952381,0.0,0.015873017,0.71428573,0.0,0.0,0.0,0.0
7,7,0.06349207,0.031746034,0.07936508,0.0,0.0952381,0.0,0.015873017,0.71428573,0.0,0.0,0.0,0.0
7,7,0.06349207,0.031746034,0.07936508,0.0,0.0952381,0.0,0.015873017,0.71428573,0.0,0.0,0.0,0.0
7,7,0.06349207,0.031746034,0.07936508,0.0,0.0952381,0.0,0.015873017,0.71428573,0.0,0.0,0.0,0.0
7,7,0.06349207,0.031746034,0.07936508,0.0,0.0952381,0.0,0.015873017,0.71428573,0.0,0.0,0.0,0.0
7,7,0.06349207,0.031746034,0.07936508,0.0,0.0952381,0.0,0.015873017,0.71428573,0.0,0.0,0.0,0.0
7,7,0.06349207,0.031746034,0.07936508,0.0,0.0952381,0.0,0.015873017,0.71428573,0.0,0.0,0.0,0.0
7,7,0.06349207,0.031746034,0.07936508,0.0,0.0952381,0.0,0.015873017,0.71428573,0.0,0.0,0.0,0.0
7,7,0.06349207,0.031746034,0.07936508,0.0,0.0952381,0.0,0.015873017,0.71428573,0.0,0.0,0.0,0.0
7,7,0.06349207,0.031746034,0.07936508,0.0,0.0952381,0.0,0.015873017,0.71428573,0.0,0.0,0.0,0.0
7,7,0.06349207,0.031746034,0.07936508,0.0,0.0952381,0.0,0.015873017,0.71428573,0.0,0.0,0.0,0.0
7,7,0.06349207,0.031746034,0.07936508,0.0,0.0952381,0.0,0.015873017,0.71428573,0.0,0.0,0.0,0.0
7,7,0.06349207,0.031746034,0.07936508,0.0,0.0952381,0.0,0.015873017,0.71428573,0.0,0.0,0.0,0.0
7,7,0.06349207,0.031746034,0.07936508,0.015873017,0.0952381,0.0,0.015873017,0.6984127,0.0,0.0,0.0,0.0
7,7,0.06349207,0.031746034,0.07936508,0.015873017,0.0952381,0.0,0.015873017,0.6984127,0.0,0.0,0.0,0.0
7,7,0.06349207,0.031746034,0.06349207,0.015873017,0.0952381,0.0,0.031746034,0.6984127,0.0,0.0,0.0,0.0
7,7,0.06349207,0.031746034,0.06349207,0.015873017,0.0952381,0.0,0.031746034,0.6984127,0.0,0.0,0.0,0.0
7,7,0.06349207,0.031746034,0.06349207,0.015873017,0.0952381,0.0,0.031746034,0.6984127,0.0,0.0,0.0,0.0
7,7,0.06349207,0.031746034,0.06349207,0.015873017,0.0952381,0.0,0.031746034,0.6984127,0.0,0.0,0.0,0.0
7,7,0.06349207,0.031746034,0.06349207,0.015873017,0.0952381,0.0,0.031746034,0.6984127,0.0,0.0,0.0,0.0
7,7,0.06349207,0.031746034,0.06349207,0.015873017,0.0952381,0.0,0.031746034,0.6984127,0.0,0.0,0.0,0.0
7,7,0.06349207,0.031746034,0.06349207,0.015873017,0.0952381,0.0,0.031746034,0.6984127,0.0,0.0,0.0,0.0
7,7,0.06349207,0.031746034,0.06349207,0.015873017,0.0952381,0.0,0.031746034,0.6984127,0.0,0.0,0.0,0.0
7,7,0.06349207,0.031746034,0.06349207,0.015873017,0.0952381,0.0,0.031746034,0.6984127,0.0,0.0,0.0,0.0
7,7,0.031746034,0.031746034,0.06349207,0.015873017,0.0952381,0.0,0.031746034,0.73015875,0.0,0.0,0.0,0.0
7,7,0.031746034,0.031746034,0.06349207,0.015873017,0.0952381,0.0,0.031746034,0.73015875,0.0,0.0,0.0,0.0
7,7,0.031746034,0.031746034,0.06349207,0.015873017,0.0952381,0.0,0.031746034,0.73015875,0.0,0.0,0.0,0.0
7,7,0.031746034,0.031746034,0.06349207,0.015873017,0.0952381,0.0,0.031746034,0.73015875,0.0,0.0,0.0,0.0
7,7,0.031746034,0.031746034,0.06349207,0.015873017,0.0952381,0.0,0.031746034,0.73015875,0.0,0.0,0.0,0.0
7,7,0.031746034,0.031746034,0.06349207,0.015873017,0.0952381,0.0,0.031746034,0.73015875,0.0,0.0,0.0,0.0
7,7,0.031746034,0.031746034,0.06349207,0.015873017,0.0952381,0.0,0.031746034,0.73015875,0.0,0.0,0.0,0.0
7,7,0.031746034,0.031746034,0.06349207,0.015873017,0.0952381,0.0,0.031746034,0.73015875,0.0,0.0,0.0,0.0
7,7,0.015873017,0.031746034,0.06349207,0.031746034,0.11111111,0.0,0.031746034,0.71428573,0.0,0.0,0.0,0.0
7,7,0.015873017,0.031746034,0.06349207,0.031746034,0.11111111,0.0,0.031746034,0.71428573,0.0,0.0,0.0,0.0
7,7,0.015873017,0.031746034,0.06349207,0.031746034,0.11111111,0.0,0.031746034,0.71428573,0.0,0.0,0.0,0.0
7,7,0.015873017,0.031746034,0.06349207,0.031746034,0.11111111,0.0,0.031746034,0.71428573,0.0,0.0,0.0,0.0
7,7,0.015873017,0.031746034,0.06349207,0.031746034,0.11111111,0.0,0.031746034,0.71428573,0.0,0.0,0.0,0.0
7,7,0.015873017,0.031746034,0.06349207,0.031746034,0.11111111,0.0,0.031746034,0.71428573,0.0,0.0,0.0,0.0
7,7,0.015873017,0.031746034,0.06349207,0.031746034,0.11111111,0.0,0.031746034,0.71428573,0.0,0.0,0.0,0.0
7,7,0.015873017,0.031746034,0.06349207,0.031746034,0.11111111,0.0,0.031746034,0.71428573,0.0,0.0,0.0,0.0
7,7,0.015873017,0.031746034,0.06349207,0.031746034,0.11111111,0.0,0.031746034,0.71428573,0.0,0.0,0.0,0.0
7,7,0.015873017,0.031746034,0.06349207,0.031746034,0.11111111,0.0,0.031746034,0.71428573,0.0,0.0,0.0,0.0
7,7,0.015873017,0.031746034,0.06349207,0.015873017,0.11111111,0.0,0.031746034,0.73015875,0.0,0.0,0.0,0.0
7,7,0.015873017,0.031746034,0.06349207,0.015873017,0.11111111,0.0,0.031746034,0.73015875,0.0,0.0,0.0,0.0
7,7,0.015873017,0.031746034,0.06349207,0.015873017,0.11111111,0.0,0.031746034,0.73015875,0.0,0.0,0.0,0.0
7,7,0.015873017,0.031746034,0.06349207,0.015873017,0.11111111,0.0,0.031746034,0.73015875,0.0,0.0,0.0,0.0
7,7,0.015873017,0.031746034,0.06349207,0.015873017,0.11111111,0.0,0.031746034,0.73015875,0.0,0.0,0.0,0.0
7,7,0.015873017,0.031746034,0.06349207,0.015873017,0.11111111,0.0,0.031746034,0.73015875,0.0,0.0,0.0,0.0
7,7,0.015873017,0.031746034,0.04761905,0.015873017,0.11111111,0.0,0.031746034,0.74603176,0.0,0.0,0.0,0.0
7,7,0.015873017,0.031746034,0.04761905,0.015873017,0.11111111,0.0,0.031746034,0.74603176,0.0,0.0,0.0,0.0
7,7,0.015873017,0.031746034,0.04761905,0.015873017,0.11111111,0.0,0.031746034,0.74603176,0.0,0.0,0.0,0.0
7,7,0.015873017,0.031746034,0.04761905,0.015873017,0.11111111,0.0,0.031746034,0.74603176,0.0,0.0,0.0,0.0
7,7,0.015873017,0.031746034,0.04761905,0.015873017,0.11111111,0.0,0.031746034,0.74603176,0.0,0.0,0.0,0.0
7,7,0.015873017,0.031746034,0.04761905,0.015873017,0.11111111,0.0,0.031746034,0.74603176,0.0,0.0,0.0,0.0
7,7,0.015873017,0.031746034,0.04761905,0.015873017,0.11111111,0.0,0.031746034,0.74603176,0.0,0.0,0.0,0.0
7,7,0.015873017,0.031746034,0.04761905,0.015873017,0.11111111,0.0,0.031746034,0.74603176,0.0,0.0,0.0,0.0
7,7,0.015873017,0.031746034,0.04761905,0.015873017,0.11111111,0.0,0.031746034,0.74603176,0.0,0.0,0.0,0.0
7,7,0.015873017,0.031746034,0.04761905,0.015873017,0.11111111,0.0,0.031746034,0.74603176,0.0,0.0,0.0,0.0
7,7,0.015873017,0.031746034,0.04761905,0.015873017,0.11111111,0.0,0.031746034,0.74603176,0.0,0.0,0.0,0.0
7,7,0.015873017,0.031746034,0.04761905,0.015873017,0.11111111,0.0,0.031746034,0.74603176,0.0,0.0,0.0,0.0
7,7,0.015873017,0.031746034,0.04761905,0.015873017,0.11111111,0.0,0.031746034,0.74603176,0.0,0.0,0.0,0.0
7,7,0.015873017,0.031746034,0.04761905,0.015873017,0.11111111,0.0,0.031746034,0.74603176,0.0,0.0,0.0,0.0
7,7,0.015873017,0.031746034,0.04761905,0.015873017,0.11111111,0.0,0.031746034,0.74603176,0.0,0.0,0.0,0.0
7,7,0.015873017,0.031746034,0.04761905,0.015873017,0.11111111,0.0,0.031746034,0.74603176,0.0,0.0,0.0,0.0
7,7,0.0,0.031746034,0.06349207,0.015873017,0.11111111,0.0,0.031746034,0.74603176,0.0,0.0,0.0,0.0
7,7,0.0,0.031746034,0.06349207,0.015873017,0.11111111,0.0,0.031746034,0.74603176,0.0,0.0,0.0,0.0
7,7,0.0,0.031746034,0.06349207,0.015873017,0.11111111,0.0,0.031746034,0.74603176,0.0,0.0,0.0,0.0
7,7,0.0,0.031746034,0.06349207,0.015873017,0.11111111,0.0,0.031746034,0.74603176,0.0,0.0,0.0,0.0
7,7,0.0,0.031746034,0.06349207,0.015873017,0.11111111,0.0,0.031746034,0.74603176,0.0,0.0,0.0,0.0
7,7,0.0,0.031746034,0.06349207,0.015873017,0.11111111,0.0,0.031746034,0.74603176,0.0,0.0,0.0,0.0
7,7,0.0,0.031746034,0.06349207,0.015873017,0.11111111,0.0,0.031746034,0.74603176,0.0,0.0,0.0,0.0
7,7,0.0,0.031746034,0.06349207,0.015873017,0.11111111,0.0,0.031746034,0.74603176,0.0,0.0,0.0,0.0
7,7,0.0,0.031746034,0.06349207,0.015873017,0.11111111,0.0,0.031746034,0.74603176,0.0,0.0,0.0,0.0
7,7,0.0,0.031746034,0.06349207,0.015873017,0.11111111,0.0,0.031746034,0.74603176,0.0,0.0,0.0,0.0
7,7,0.0,0.031746034,0.06349207,0.015873017,0.11111111,0.0,0.031746034,0.74603176,0.0,0.0,0.0,0.0
7,7,0.0,0.031746034,0.06349207,0.015873017,0.11111111,0.0,0.031746034,0.74603176,0.0,0.0,0.0,0.0
7,7,0.0,0.031746034,0.06349207,0.015873017,0.11111111,0.0,0.031746034,0.74603176,0.0,0.0,0.0,0.0
7,7,0.0,0.031746034,0.06349207,0.015873017,0.11111111,0.0,0.031746034,0.74603176,0.0,0.0,0.0,0.0
7,7,0.0,0.031746034,0.06349207,0.015873017,0.11111111,0.0,0.031746034,0.74603176,0.0,0.0,0.0,0.0
7,7,0.0,0.031746034,0.06349207,0.015873017,0.11111111,0.0,0.031746034,0.74603176,0.0,0.0,0.0,0.0
7,7,0.0,0.031746034,0.06349207,0.015873017,0.11111111,0.0,0.031746034,0.74603176,0.0,0.0,0.0,0.0
7,7,0.0,0.031746034,0.06349207,0.015873017,0.11111111,0.0,0.031746034,0.74603176,0.0,0.0,0.0,0.0
7,7,0.0,0.031746034,0.06349207,0.015873017,0.11111111,0.0,0.031746034,0.74603176,0.0,0.0,0.0,0.0
7,7,0.0,0.031746034,0.06349207,0.015873017,0.11111111,0.0,0.031746034,0.74603176,0.0,0.0,0.0,0.0
7,7,0.0,0.031746034,0.06349207,0.015873017,0.11111111,0.0,0.031746034,0.74603176,0.0,0.0,0.0,0.0
7,7,0.0,0.031746034,0.06349207,0.015873017,0.11111111,0.0,0.031746034,0.74603176,0.0,0.0,0.0,0.0
7,7,0.0,0.031746034,0.06349207,0.015873017,0.11111111,0.0,0.031746034,0.74603176,0.0,0.0,0.0,0.0
7,7,0.0,0.031746034,0.06349207,0.015873017,0.11111111,0.0,0.031746034,0.74603176,0.0,0.0,0.0,0.0
7,7,0.0,0.031746034,0.06349207,0.015873017,0.11111111,0.0,0.031746034,0.74603176,0.0,0.0,0.0,0.0
7,7,0.0,0.031746034,0.06349207,0.015873017,0.11111111,0.0,0.031746034,0.74603176,0.0,0.0,0.0,0.0
7,7,0.0,0.031746034,0.06349207,0.015873017,0.11111111,0.0,0.031746034,0.74603176,0.0,0.0,0.0,0.0
7,7,0.0,0.031746034,0.06349207,0.015873017,0.11111111,0.0,0.031746034,0.74603176,0.0,0.0,0.0,0.0
7,7,0.0,0.031746034,0.06349207,0.015873017,0.11111111,0.0,0.031746034,0.74603176,0.0,0.0,0.0,0.0
7,7,0.0,0.031746034,0.06349207,0.015873017,0.11111111,0.0,0.031746034,0.74603176,0.0,0.0,0.0,0.0
7,7,0.0,0.031746034,0.06349207,0.015873017,0.11111111,0.0,0.031746034,0.74603176,0.0,0.0,0.0,0.0
7,7,0.0,0.031746034,0.06349207,0.015873017,0.11111111,0.0,0.031746034,0.74603176,0.0,0.0,0.0,0.0
7,7,0.0,0.031746034,0.04761905,0.015873017,0.11111111,0.0,0.031746034,0.7619048,0.0,0.0,0.0,0.0
7,7,0.0,0.031746034,0.04761905,0.015873017,0.11111111,0.0,0.031746034,0.7619048,0.0,0.0,0.0,0.0
7,7,0.0,0.031746034,0.04761905,0.015873017,0.11111111,0.0,0.031746034,0.7619048,0.0,0.0,0.0,0.0
7,7,0.0,0.031746034,0.04761905,0.015873017,0.11111111,0.0,0.031746034,0.7619048,0.0,0.0,0.0,0.0
7,7,0.0,0.031746034,0.04761905,0.015873017,0.11111111,0.0,0.031746034,0.7619048,0.0,0.0,0.0,0.0
7,7,0.0,0.031746034,0.04761905,0.015873017,0.11111111,0.0,0.031746034,0.7619048,0.0,0.0,0.0,0.0
7,7,0.0,0.031746034,0.04761905,0.015873017,0.11111111,0.0,0.031746034,0.7619048,0.0,0.0,0.0,0.0
7,7,0.0,0.031746034,0.04761905,0.015873017,0.11111111,0.0,0.031746034,0.7619048,0.0,0.0,0.0,0.0
7,7,0.0,0.031746034,0.04761905,0.015873017,0.11111111,0.0,0.031746034,0.7619048,0.0,0.0,0.0,0.0
7,7,0.0,0.031746034,0.04761905,0.015873017,0.11111111,0.0,0.031746034,0.7619048,0.0,0.0,0.0,0.0
7,7,0.0,0.031746034,0.04761905,0.015873017,0.11111111,0.0,0.031746034,0.7619048,0.0,0.0,0.0,0.0
7,7,0.0,0.031746034,0.04761905,0.015873017,0.11111111,0.0,0.031746034,0.7619048,0.0,0.0,0.0,0.0
7,7,0.0,0.031746034,0.04761905,0.015873017,0.11111111,0.0,0.031746034,0.7619048,0.0,0.0,0.0,0.0
7,7,0.0,0.031746034,0.04761905,0.015873017,0.11111111,0.0,0.031746034,0.7619048,0.0,0.0,0.0,0.0
7,7,0.0,0.031746034,0.04761905,0.015873017,0.11111111,0.0,0.031746034,0.7619048,0.0,0.0,0.0,0.0
7,7,0.0,0.031746034,0.04761905,0.015873017,0.11111111,0.0,0.031746034,0.7619048,0.0,0.0,0.0,0.0
7,7,0.0,0.031746034,0.04761905,0.015873017,0.0952381,0.0,0.031746034,0.7777778,0.0,0.0,0.0,0.0
7,7,0.0,0.031746034,0.04761905,0.015873017,0.0952381,0.0,0.031746034,0.7777778,0.0,0.0,0.0,0.0
7,7,0.0,0.031746034,0.04761905,0.015873017,0.0952381,0.0,0.031746034,0.7777778,0.0,0.0,0.0,0.0
7,7,0.0,0.031746034,0.04761905,0.015873017,0.0952381,0.0,0.031746034,0.7777778,0.0,0.0,0.0,0.0
7,7,0.0,0.031746034,0.04761905,0.015873017,0.0952381,0.0,0.031746034,0.7777778,0.0,0.0,0.0,0.0
7,7,0.0,0.031746034,0.04761905,0.015873017,0.0952381,0.0,0.031746034,0.7777778,0.0,0.0,0.0,0.0
7,7,0.0,0.031746034,0.04761905,0.015873017,0.0952381,0.0,0.031746034,0.7777778,0.0,0.0,0.0,0.0
7,7,0.0,0.031746034,0.031746034,0.015873017,0.0952381,0.0,0.031746034,0.7936508,0.0,0.0,0.0,0.0
7,7,0.0,0.031746034,0.031746034,0.015873017,0.0952381,0.0,0.031746034,0.7936508,0.0,0.0,0.0,0.0
7,7,0.0,0.031746034,0.031746034,0.015873017,0.0952381,0.0,0.031746034,0.7936508,0.0,0.0,0.0,0.0
7,7,0.0,0.031746034,0.031746034,0.015873017,0.0952381,0.0,0.031746034,0.7936508,0.0,0.0,0.0,0.0
7,7,0.0,0.031746034,0.031746034,0.015873017,0.0952381,0.0,0.031746034,0.7936508,0.0,0.0,0.0,0.0
7,7,0.0,0.031746034,0.031746034,0.015873017,0.0952381,0.0,0.031746034,0.7936508,0.0,0.0,0.0,0.0
7,7,0.0,0.031746034,0.031746034,0.015873017,0.0952381,0.0,0.031746034,0.7936508,0.0,0.0,0.0,0.0
7,7,0.0,0.031746034,0.031746034,0.015873017,0.0952381,0.0,0.031746034,0.7936508,0.0,0.0,0.0,0.0
7,7,0.0,0.031746034,0.031746034,0.015873017,0.0952381,0.0,0.031746034,0.7936508,0.0,0.0,0.0,0.0
7,7,0.0,0.031746034,0.015873017,0.015873017,0.0952381,0.0,0.031746034,0.8095238,0.0,0.0,0.0,0.0
7,7,0.0,0.031746034,0.015873017,0.015873017,0.0952381,0.0,0.031746034,0.8095238,0.0,0.0,0.0,0.0
7,7,0.0,0.031746034,0.015873017,0.015873017,0.0952381,0.0,0.031746034,0.8095238,0.0,0.0,0.0,0.0
7,7,0.0,0.031746034,0.015873017,0.015873017,0.0952381,0.0,0.031746034,0.8095238,0.0,0.0,0.0,0.0
7,7,0.0,0.031746034,0.015873017,0.015873017,0.0952381,0.0,0.031746034,0.8095238,0.0,0.0,0.0,0.0
7,7,0.0,0.031746034,0.015873017,0.015873017,0.0952381,0.0,0.031746034,0.8095238,0.0,0.0,0.0,0.0
7,7,0.0,0.031746034,0.015873017,0.015873017,0.0952381,0.0,0.031746034,0.8095238,0.0,0.0,0.0,0.0
7,7,0.0,0.031746034,0.015873017,0.015873017,0.0952381,0.0,0.031746034,0.8095238,0.0,0.0,0.0,0.0
7,7,0.0,0.015873017,0.015873017,0.015873017,0.11111111,0.0,0.031746034,0.8095238,0.0,0.0,0.0,0.0
7,7,0.0,0.015873017,0.015873017,0.015873017,0.11111111,0.0,0.031746034,0.8095238,0.0,0.0,0.0,0.0
7,7,0.0,0.015873017,0.015873017,0.015873017,0.11111111,0.0,0.031746034,0.8095238,0.0,0.0,0.0,0.0
7,7,0.0,0.015873017,0.015873017,0.015873017,0.11111111,0.0,0.031746034,0.8095238,0.0,0.0,0.0,0.0
7,7,0.0,0.015873017,0.015873017,0.015873017,0.11111111,0.0,0.031746034,0.8095238,0.0,0.0,0.0,0.0
7,7,0.0,0.015873017,0.015873017,0.015873017,0.11111111,0.0,0.031746034,0.8095238,0.0,0.0,0.0,0.0
7,7,0.0,0.015873017,0.015873017,0.015873017,0.11111111,0.0,0.031746034,0.8095238,0.0,0.0,0.0,0.0
7,7,0.0,0.015873017,0.015873017,0.015873017,0.11111111,0.0,0.031746034,0.8095238,0.0,0.0,0.0,0.0
7,7,0.0,0.015873017,0.015873017,0.015873017,0.07936508,0.0,0.031746034,0.84126985,0.0,0.0,0.0,0.0
7,7,0.0,0.015873017,0.015873017,0.015873017,0.07936508,0.0,0.031746034,0.84126985,0.0,0.0,0.0,0.0
7,7,0.0,0.015873017,0.015873017,0.015873017,0.07936508,0.0,0.031746034,0.84126985,0.0,0.0,0.0,0.0
7,7,0.0,0.015873017,0.015873017,0.015873017,0.07936508,0.0,0.031746034,0.84126985,0.0,0.0,0.0,0.0
7,7,0.0,0.015873017,0.015873017,0.015873017,0.07936508,0.0,0.031746034,0.84126985,0.0,0.0,0.0,0.0
7,7,0.0,0.015873017,0.015873017,0.015873017,0.07936508,0.0,0.031746034,0.84126985,0.0,0.0,0.0,0.0
7,7,0.0,0.015873017,0.015873017,0.015873017,0.07936508,0.0,0.031746034,0.84126985,0.0,0.0,0.0,0.0
7,7,0.0,0.015873017,0.015873017,0.015873017,0.07936508,0.0,0.031746034,0.84126985,0.0,0.0,0.0,0.0
7,7,0.0,0.015873017,0.015873017,0.015873017,0.07936508,0.0,0.031746034,0.84126985,0.0,0.0,0.0,0.0
7,7,0.0,0.015873017,0.015873017,0.015873017,0.07936508,0.0,0.031746034,0.84126985,0.0,0.0,0.0,0.0
7,7,0.0,0.015873017,0.015873017,0.015873017,0.07936508,0.0,0.031746034,0.84126985,0.0,0.0,0.0,0.0
7,7,0.0,0.015873017,0.015873017,0.015873017,0.07936508,0.0,0.031746034,0.84126985,0.0,0.0,0.0,0.0
7,7,0.0,0.015873017,0.015873017,0.015873017,0.07936508,0.0,0.031746034,0.84126985,0.0,0.0,0.0,0.0
7,7,0.0,0.015873017,0.015873017,0.015873017,0.07936508,0.0,0.031746034,0.84126985,0.0,0.0,0.0,0.0
7,7,0.0,0.015873017,0.015873017,0.015873017,0.07936508,0.0,0.031746034,0.84126985,0.0,0.0,0.0,0.0
7,7,0.0,0.015873017,0.015873017,0.015873017,0.07936508,0.0,0.031746034,0.84126985,0.0,0.0,0.0,0.0
7,7,0.0,0.015873017,0.015873017,0.015873017,0.07936508,0.0,0.031746034,0.84126985,0.0,0.0,0.0,0.0
7,7,0.0,0.015873017,0.015873017,0.015873017,0.07936508,0.0,0.031746034,0.84126985,0.0,0.0,0.0,0.0
7,7,0.0,0.015873017,0.015873017,0.015873017,0.07936508,0.0,0.031746034,0.84126985,0.0,0.0,0.0,0.0
7,7,0.0,0.015873017,0.015873017,0.015873017,0.07936508,0.0,0.031746034,0.84126985,0.0,0.0,0.0,0.0
7,7,0.0,0.015873017,0.015873017,0.015873017,0.07936508,0.0,0.031746034,0.84126985,0.0,0.0,0.0,0.0
7,7,0.0,0.015873017,0.015873017,0.015873017,0.07936508,0.0,0.031746034,0.84126985,0.0,0.0,0.0,0.0
7,7,0.0,0.015873017,0.015873017,0.015873017,0.07936508,0.0,0.031746034,0.84126985,0.0,0.0,0.0,0.0
7,7,0.0,0.015873017,0.015873017,0.015873017,0.07936508,0.0,0.031746034,0.84126985,0.0,0.0,0.0,0.0
7,7,0.0,0.015873017,0.015873017,0.015873017,0.07936508,0.0,0.031746034,0.84126985,0.0,0.0,0.0,0.0
7,7,0.0,0.015873017,0.015873017,0.015873017,0.07936508,0.0,0.031746034,0.84126985,0.0,0.0,0.0,0.0
7,7,0.0,0.015873017,0.015873017,0.015873017,0.07936508,0.0,0.031746034,0.84126985,0.0,0.0,0.0,0.0
7,7,0.0,0.015873017,0.015873017,0.015873017,0.07936508,0.0,0.031746034,0.84126985,0.0,0.0,0.0,0.0
7,7,0.0,0.015873017,0.015873017,0.015873017,0.07936508,0.0,0.031746034,0.84126985,0.0,0.0,0.0,0.0
7,7,0.0,0.015873017,0.015873017,0.015873017,0.07936508,0.0,0.031746034,0.84126985,0.0,0.0,0.0,0.0
7,7,0.0,0.015873017,0.015873017,0.015873017,0.07936508,0.0,0.031746034,0.84126985,0.0,0.0,0.0,0.0
7,7,0.0,0.015873017,0.015873017,0.015873017,0.07936508,0.0,0.031746034,0.84126985,0.0,0.0,0.0,0.0
7,7,0.0,0.015873017,0.015873017,0.015873017,0.07936508,0.0,0.031746034,0.84126985,0.0,0.0,0.0,0.0
7,7,0.0,0.015873017,0.015873017,0.015873017,0.07936508,0.0,0.031746034,0.84126985,0.0,0.0,0.0,0.0
7,7,0.0,0.015873017,0.015873017,0.015873017,0.07936508,0.0,0.031746034,0.84126985,0.0,0.0,0.0,0.0
7,7,0.0,0.015873017,0.015873017,0.015873017,0.07936508,0.0,0.031746034,0.84126985,0.0,0.0,0.0,0.0
7,7,0.0,0.015873017,0.015873017,0.015873017,0.07936508,0.0,0.031746034,0.84126985,0.0,0.0,0.0,0.0
7,7,0.0,0.015873017,0.015873017,0.015873017,0.07936508,0.0,0.031746034,0.84126985,0.0,0.0,0.0,0.0
7,7,0.0,0.015873017,0.015873017,0.015873017,0.07936508,0.0,0.031746034,0.84126985,0.0,0.0,0.0,0.0
7,7,0.0,0.015873017,0.015873017,0.015873017,0.07936508,0.0,0.031746034,0.84126985,0.0,0.0,0.0,0.0
7,7,0.0,0.015873017,0.015873017,0.015873017,0.07936508,0.0,0.031746034,0.84126985,0.0,0.0,0.0,0.0
7,7,0.0,0.015873017,0.015873017,0.015873017,0.07936508,0.0,0.031746034,0.84126985,0.0,0.0,0.0,0.0
7,7,0.0,0.015873017,0.015873017,0.015873017,0.07936508,0.0,0.031746034,0.84126985,0.0,0.0,0.0,0.0
7,7,0.0,0.015873017,0.015873017,0.015873017,0.07936508,0.0,0.031746034,0.84126985,0.0,0.0,0.0,0.0
7,7,0.0,0.015873017,0.015873017,0.015873017,0.07936508,0.0,0.031746034,0.84126985,0.0,0.0,0.0,0.0
7,7,0.0,0.015873017,0.015873017,0.015873017,0.07936508,0.0,0.031746034,0.84126985,0.0,0.0,0.0,0.0
7,7,0.0,0.015873017,0.015873017,0.015873017,0.07936508,0.0,0.031746034,0.84126985,0.0,0.0,0.0,0.0
7,7,0.0,0.015873017,0.015873017,0.015873017,0.07936508,0.0,0.031746034,0.84126985,0.0,0.0,0.0,0.0
7,7,0.015873017,0.015873017,0.031746034,0.0,0.04761905,0.0,0.015873017,0.8730159,0.0,0.0,0.0,0.0
7,7,0.015873017,0.015873017,0.031746034,0.0,0.04761905,0.0,0.015873017,0.8730159,0.0,0.0,0.0,0.0
7,7,0.015873017,0.015873017,0.031746034,0.0,0.04761905,0.0,0.015873017,0.8730159,0.0,0.0,0.0,0.0
7,7,0.015873017,0.015873017,0.031746034,0.0,0.04761905,0.0,0.015873017,0.8730159,0.0,0.0,0.0,0.0
7,7,0.015873017,0.015873017,0.031746034,0.0,0.04761905,0.0,0.015873017,0.8730159,0.0,0.0,0.0,0.0
7,7,0.015873017,0.015873017,0.031746034,0.0,0.04761905,0.0,0.015873017,0.8730159,0.0,0.0,0.0,0.0
7,7,0.015873017,0.015873017,0.031746034,0.0,0.04761905,0.0,0.015873017,0.8730159,0.0,0.0,0.0,0.0
7,7,0.015873017,0.015873017,0.031746034,0.0,0.04761905,0.0,0.015873017,0.8730159,0.0,0.0,0.0,0.0
7,7,0.015873017,0.015873017,0.031746034,0.0,0.04761905,0.0,0.015873017,0.8730159,0.0,0.0,0.0,0.0
7,7,0.015873017,0.015873017,0.031746034,0.0,0.04761905,0.0,0.015873017,0.8730159,0.0,0.0,0.0,0.0
7,7,0.015873017,0.015873017,0.031746034,0.0,0.04761905,0.0,0.015873017,0.8730159,0.0,0.0,0.0,0.0
7,7,0.015873017,0.015873017,0.031746034,0.0,0.04761905,0.0,0.015873017,0.8730159,0.0,0.0,0.0,0.0
7,7,0.015873017,0.015873017,0.015873017,0.0,0.04761905,0.0,0.015873017,0.8888889,0.0,0.0,0.0,0.0
7,7,0.015873017,0.015873017,0.015873017,0.0,0.04761905,0.0,0.015873017,0.8888889,0.0,0.0,0.0,0.0
7,7,0.015873017,0.015873017,0.015873017,0.0,0.04761905,0.0,0.015873017,0.8888889,0.0,0.0,0.0,0.0
7,7,0.015873017,0.015873017,0.015873017,0.0,0.04761905,0.0,0.015873017,0.8888889,0.0,0.0,0.0,0.0
7,7,0.015873017,0.015873017,0.015873017,0.0,0.04761905,0.0,0.015873017,0.8888889,0.0,0.0,0.0,0.0
7,7,0.015873017,0.015873017,0.015873017,0.0,0.04761905,0.0,0.015873017,0.8888889,0.0,0.0,0.0,0.0
7,7,0.015873017,0.015873017,0.015873017,0.0,0.04761905,0.0,0.015873017,0.8888889,0.0,0.0,0.0,0.0
7,7,0.015873017,0.015873017,0.015873017,0.0,0.04761905,0.0,0.015873017,0.8888889,0.0,0.0,0.0,0.0
7,7,0.015873017,0.015873017,0.015873017,0.0,0.04761905,0.0,0.015873017,0.8888889,0.0,0.0,0.0,0.0
7,7,0.015873017,0.015873017,0.015873017,0.0,0.04761905,0.0,0.015873017,0.8888889,0.0,0.0,0.0,0.0
7,7,0.015873017,0.015873017,0.015873017,0.0,0.04761905,0.0,0.015873017,0.8888889,0.0,0.0,0.0,0.0
7,7,0.015873017,0.015873017,0.015873017,0.0,0.04761905,0.0,0.015873017,0.8888889,0.0,0.0,0.0,0.0
7,7,0.015873017,0.015873017,0.015873017,0.0,0.04761905,0.0,0.015873017,0.8888889,0.0,0.0,0.0,0.0
7,7,0.015873017,0.015873017,0.015873017,0.0,0.04761905,0.0,0.015873017,0.8888889,0.0,0.0,0.0,0.0
7,7,0.015873017,0.015873017,0.015873017,0.0,0.04761905,0.0,0.015873017,0.8888889,0.0,0.0,0.0,0.0
7,7,0.015873017,0.015873017,0.015873017,0.0,0.04761905,0.0,0.015873017,0.8888889,0.0,0.0,0.0,0.0
7,7,0.015873017,0.015873017,0.015873017,0.0,0.04761905,0.0,0.015873017,0.8888889,0.0,0.0,0.0,0.0
7,7,0.015873017,0.015873017,0.015873017,0.0,0.04761905,0.0,0.015873017,0.8888889,0.0,0.0,0.0,0.0
7,7,0.015873017,0.015873017,0.015873017,0.0,0.04761905,0.0,0.015873017,0.8888889,0.0,0.0,0.0,0.0
7,7,0.015873017,0.015873017,0.015873017,0.0,0.04761905,0.0,0.015873017,0.8888889,0.0,0.0,0.0,0.0
7,7,0.015625,0.015625,0.015625,0.0,0.046875,0.0,0.015625,0.890625,0.0,0.0,0.0,0.0
7,7,0.015625,0.015625,0.015625,0.0,0.046875,0.0,0.015625,0.890625,0.0,0.0,0.0,0.0
7,7,0.015625,0.015625,0.015625,0.0,0.046875,0.0,0.015625,0.890625,0.0,0.0,0.0,0.0
7,7,0.015625,0.015625,0.015625,0.0,0.046875,0.0,0.015625,0.890625,0.0,0.0,0.0,0.0
7,7,0.015625,0.015625,0.03125,0.0,0.046875,0.0,0.015625,0.875,0.0,0.0,0.0,0.0
7,7,0.015625,0.015625,0.03125,0.0,0.046875,0.0,0.015625,0.875,0.0,0.0,0.0,0.0
7,7,0.015625,0.015625,0.03125,0.0,0.046875,0.0,0.015625,0.875,0.0,0.0,0.0,0.0
7,7,0.015625,0.015625,0.03125,0.0,0.046875,0.0,0.015625,0.875,0.0,0.0,0.0,0.0
7,7,0.015625,0.015625,0.03125,0.0,0.046875,0.0,0.015625,0.875,0.0,0.0,0.0,0.0
7,7,0.015625,0.015625,0.03125,0.0,0.046875,0.0,0.015625,0.875,0.0,0.0,0.0,0.0
7,7,0.015625,0.015625,0.03125,0.0,0.046875,0.0,0.015625,0.875,0.0,0.0,0.0,0.0
7,7,0.015625,0.015625,0.03125,0.0,0.046875,0.0,0.015625,0.875,0.0,0.0,0.0,0.0
7,7,0.015625,0.015625,0.03125,0.0,0.046875,0.0,0.015625,0.875,0.0,0.0,0.0,0.0
7,7,0.015625,0.015625,0.03125,0.0,0.046875,0.0,0.015625,0.875,0.0,0.0,0.0,0.0
7,7,0.015625,0.015625,0.03125,0.0,0.046875,0.0,0.015625,0.875,0.0,0.0,0.0,0.0
7,7,0.015625,0.015625,0.03125,0.0,0.046875,0.0,0.015625,0.875,0.0,0.0,0.0,0.0
7,7,0.015625,0.015625,0.015625,0.0,0.0625,0.0,0.015625,0.875,0.0,0.0,0.0,0.0
7,7,0.015625,0.015625,0.015625,0.0,0.0625,0.0,0.015625,0.875,0.0,0.0,0.0,0.0
7,7,0.015625,0.015625,0.015625,0.0,0.0625,0.0,0.015625,0.875,0.0,0.0,0.0,0.0
7,7,0.015625,0.015625,0.015625,0.0,0.0625,0.0,0.015625,0.875,0.0,0.0,0.0,0.0
7,7,0.015625,0.015625,0.015625,0.0,0.0625,0.0,0.015625,0.875,0.0,0.0,0.0,0.0
7,7,0.015625,0.015625,0.015625,0.0,0.0625,0.0,0.015625,0.875,0.0,0.0,0.0,0.0
7,7,0.015625,0.015625,0.015625,0.0,0.0625,0.0,0.015625,0.875,0.0,0.0,0.0,0.0
7,7,0.015625,0.015625,0.015625,0.0,0.0625,0.0,0.015625,0.875,0.0,0.0,0.0,0.0
7,7,0.03125,0.015625,0.015625,0.0,0.046875,0.0,0.015625,0.875,0.0,0.0,0.0,0.0
7,7,0.03125,0.015625,0.015625,0.0,0.046875,0.0,0.015625,0.875,0.0,0.0,0.0,0.0
7,7,0.03125,0.015625,0.015625,0.0,0.046875,0.0,0.015625,0.875,0.0,0.0,0.0,0.0
7,7,0.03125,0.015625,0.015625,0.0,0.046875,0.0,0.015625,0.875,0.0,0.0,0.0,0.0
7,7,0.03125,0.015625,0.015625,0.0,0.046875,0.0,0.015625,0.875,0.0,0.0,0.0,0.0
7,7,0.03125,0.015625,0.015625,0.0,0.046875,0.0,0.015625,0.875,0.0,0.0,0.0,0.0
7,7,0.03125,0.015625,0.015625,0.0,0.046875,0.0,0.015625,0.875,0.0,0.0,0.0,0.0
7,7,0.03125,0.015625,0.015625,0.0,0.046875,0.0,0.015625,0.875,0.0,0.0,0.0,0.0
7,7,0.03125,0.015625,0.015625,0.0,0.046875,0.0,0.015625,0.875,0.0,0.0,0.0,0.0
7,7,0.03125,0.015625,0.015625,0.0,0.046875,0.0,0.015625,0.875,0.0,0.0,0.0,0.0
7,7,0.03125,0.015625,0.015625,0.0,0.046875,0.0,0.015625,0.875,0.0,0.0,0.0,0.0
7,7,0.03125,0.015625,0.015625,0.0,0.046875,0.0,0.015625,0.875,0.0,0.0,0.0,0.0
7,7,0.03125,0.015625,0.015625,0.0,0.046875,0.0,0.015625,0.875,0.0,0.0,0.0,0.0
7,7,0.03125,0.015625,0.015625,0.0,0.046875,0.0,0.015625,0.875,0.0,0.0,0.0,0.0
7,7,0.03125,0.015625,0.015625,0.0,0.046875,0.0,0.015625,0.875,0.0,0.0,0.0,0.0
7,7,0.03125,0.015625,0.015625,0.0,0.046875,0.0,0.015625,0.875,0.0,0.0,0.0,0.0
7,7,0.03125,0.015625,0.015625,0.0,0.046875,0.0,0.015625,0.875,0.0,0.0,0.0,0.0
7,7,0.03125,0.015625,0.015625,0.0,0.046875,0.0,0.015625,0.875,0.0,0.0,0.0,0.0
7,7,0.03125,0.015625,0.015625,0.0,0.046875,0.0,0.015625,0.875,0.0,0.0,0.0,0.0
7,7,0.03125,0.015625,0.015625,0.0,0.03125,0.0,0.015625,0.890625,0.0,0.0,0.0,0.0
7,7,0.03125,0.015625,0.015625,0.0,0.03125,0.0,0.015625,0.890625,0.0,0.0,0.0,0.0
7,7,0.03125,0.015625,0.015625,0.0,0.03125,0.0,0.015625,0.890625,0.0,0.0,0.0,0.0
7,7,0.03125,0.015625,0.015625,0.0,0.03125,0.0,0.015625,0.890625,0.0,0.0,0.0,0.0
7,7,0.03125,0.015625,0.015625,0.0,0.03125,0.0,0.015625,0.890625,0.0,0.0,0.0,0.0
7,7,0.03125,0.015625,0.015625,0.0,0.03125,0.0,0.015625,0.890625,0.0,0.0,0.0,0.0
7,7,0.03125,0.015625,0.015625,0.0,0.03125,0.0,0.015625,0.890625,0.0,0.0,0.0,0.0
7,7,0.03125,0.015625,0.015625,0.0,0.03125,0.0,0.015625,0.890625,0.0,0.0,0.0,0.0
7,7,0.03125,0.015625,0.015625,0.0,0.03125,0.0,0.015625,0.890625,0.0,0.0,0.0,0.0
7,7,0.03125,0.015625,0.015625,0.0,0.03125,0.0,0.0,0.90625,0.0,0.0,0.0,0.0
7,7,0.03125,0.015625,0.015625,0.0,0.03125,0.0,0.0,0.90625,0.0,0.0,0.0,0.0
7,7,0.03125,0.015625,0.015625,0.0,0.03125,0.0,0.0,0.90625,0.0,0.0,0.0,0.0
7,7,0.03125,0.015625,0.015625,0.0,0.03125,0.0,0.0,0.90625,0.0,0.0,0.0,0.0
7,7,0.03125,0.015625,0.015625,0.0,0.03125,0.0,0.0,0.90625,0.0,0.0,0.0,0.0
7,7,0.03125,0.015625,0.015625,0.0,0.03125,0.0,0.0,0.90625,0.0,0.0,0.0,0.0
7,7,0.03125,0.015625,0.015625,0.0,0.03125,0.0,0.0,0.90625,0.0,0.0,0.0,0.0
7,7,0.03125,0.015625,0.015625,0.0,0.03125,0.0,0.0,0.90625,0.0,0.0,0.0,0.0
7,7,0.03125,0.015625,0.015625,0.0,0.03125,0.0,0.0,0.90625,0.0,0.0,0.0,0.0
7,7,0.03125,0.015625,0.015625,0.0,0.03125,0.0,0.0,0.90625,0.0,0.0,0.0,0.0
7,7,0.03125,0.015625,0.015625,0.0,0.03125,0.0,0.0,0.90625,0.0,0.0,0.0,0.0
7,7,0.03125,0.015625,0.015625,0.0,0.03125,0.0,0.0,0.90625,0.0,0.0,0.0,0.0
7,7,0.03125,0.015625,0.015625,0.0,0.03125,0.0,0.0,0.90625,0.0,0.0,0.0,0.0
7,7,0.03125,0.015625,0.015625,0.0,0.03125,0.0,0.0,0.90625,0.0,0.0,0.0,0.0
7,7,0.03125,0.015625,0.015625,0.0,0.03125,0.0,0.0,0.90625,0.0,0.0,0.0,0.0
7,7,0.03125,0.015625,0.015625,0.0,0.03125,0.0,0.0,0.90625,0.0,0.0,0.0,0.0
7,7,0.03125,0.015625,0.015625,0.0,0.03125,0.0,0.0,0.90625,0.0,0.0,0.0,0.0
7,7,0.03125,0.015625,0.015625,0.0,0.03125,0.0,0.0,0.90625,0.0,0.0,0.0,0.0
7,7,0.03125,0.015625,0.015625,0.0,0.03125,0.0,0.0,0.90625,0.0,0.0,0.0,0.0
7,7,0.03125,0.015625,0.015625,0.0,0.03125,0.0,0.0,0.90625,0.0,0.0,0.0,0.0
7,7,0.03125,0.015625,0.015625,0.0,0.03125,0.0,0.0,0.90625,0.0,0.0,0.0,0.0
7,7,0.03125,0.015625,0.015625,0.0,0.03125,0.0,0.0,0.90625,0.0,0.0,0.0,0.0
7,7,0.03125,0.015625,0.015625,0.0,0.03125,0.0,0.0,0.90625,0.0,0.0,0.0,0.0
7,7,0.03125,0.015625,0.015625,0.0,0.03125,0.0,0.0,0.90625,0.0,0.0,0.0,0.0
7,7,0.03125,0.015625,0.015625,0.0,0.03125,0.0,0.0,0.90625,0.0,0.0,0.0,0.0
7,7,0.03125,0.015625,0.015625,0.0,0.03125,0.0,0.0,0.90625,0.0,0.0,0.0,0.0
7,7,0.03125,0.015625,0.015625,0.0,0.03125,0.0,0.0,0.90625,0.0,0.0,0.0,0.0
7,7,0.03125,0.015625,0.015625,0.0,0.03125,0.0,0.0,0.90625,0.0,0.0,0.0,0.0
7,7,0.03125,0.015625,0.015625,0.0,0.03125,0.0,0.0,0.90625,0.0,0.0,0.0,0.0
7,7,0.03125,0.015625,0.015625,0.0,0.03125,0.0,0.0,0.90625,0.0,0.0,0.0,0.0
7,7,0.03125,0.015625,0.015625,0.0,0.03125,0.0,0.0,0.90625,0.0,0.0,0.0,0.0
7,7,0.03125,0.015625,0.015625,0.0,0.03125,0.0,0.0,0.90625,0.0,0.0,0.0,0.0
7,7,0.03125,0.015625,0.015625,0.0,0.03125,0.0,0.0,0.90625,0.0,0.0,0.0,0.0
7,7,0.03125,0.015625,0.015625,0.0,0.03125,0.0,0.0,0.90625,0.0,0.0,0.0,0.0
7,7,0.03125,0.015625,0.015625,0.0,0.03125,0.0,0.0,0.90625,0.0,0.0,0.0,0.0
7,7,0.03125,0.015625,0.015625,0.0,0.03125,0.0,0.0,0.90625,0.0,0.0,0.0,0.0
7,7,0.03125,0.015625,0.015625,0.0,0.03125,0.0,0.0,0.90625,0.0,0.0,0.0,0.0
7,7,0.03125,0.015625,0.015625,0.0,0.03125,0.0,0.0,0.90625,0.0,0.0,0.0,0.0
7,7,0.03125,0.015625,0.015625,0.0,0.03125,0.0,0.0,0.90625,0.0,0.0,0.0,0.0
7,7,0.03125,0.015625,0.015625,0.0,0.03125,0.0,0.0,0.90625,0.0,0.0,0.0,0.0
7,7,0.03125,0.015625,0.015625,0.0,0.03125,0.0,0.0,0.90625,0.0,0.0,0.0,0.0
7,7,0.03125,0.015625,0.015625,0.0,0.03125,0.0,0.0,0.90625,0.0,0.0,0.0,0.0
7,7,0.03125,0.015625,0.015625,0.0,0.03125,0.0,0.0,0.90625,0.0,0.0,0.0,0.0
7,7,0.03125,0.015625,0.015625,0.0,0.03125,0.0,0.0,0.90625,0.0,0.0,0.0,0.0
7,7,0.03125,0.015625,0.015625,0.0,0.046875,0.0,0.0,0.890625,0.0,0.0,0.0,0.0
7,7,0.03125,0.015625,0.015625,0.0,0.046875,0.0,0.0,0.890625,0.0,0.0,0.0,0.0
7,7,0.03125,0.015625,0.015625,0.0,0.046875,0.0,0.0,0.890625,0.0,0.0,0.0,0.0
7,7,0.03125,0.015625,0.015625,0.0,0.046875,0.0,0.0,0.890625,0.0,0.0,0.0,0.0
7,7,0.03125,0.015625,0.015625,0.0,0.046875,0.0,0.0,0.890625,0.0,0.0,0.0,0.0
7,7,0.03125,0.015625,0.015625,0.0,0.046875,0.0,0.0,0.890625,0.0,0.0,0.0,0.0
7,7,0.03125,0.015625,0.015625,0.0,0.046875,0.0,0.0,0.890625,0.0,0.0,0.0,0.0
7,7,0.03125,0.015625,0.015625,0.0,0.046875,0.0,0.0,0.890625,0.0,0.0,0.0,0.0
7,7,0.046875,0.0,0.015625,0.0,0.046875,0.0,0.0,0.890625,0.0,0.0,0.0,0.0
7,7,0.046875,0.0,0.015625,0.0,0.046875,0.0,0.0,0.890625,0.0,0.0,0.0,0.0
7,7,0.046875,0.0,0.015625,0.0,0.046875,0.0,0.0,0.890625,0.0,0.0,0.0,0.0
7,7,0.046875,0.0,0.015625,0.0,0.046875,0.0,0.0,0.890625,0.0,0.0,0.0,0.0
7,7,0.046875,0.0,0.015625,0.0,0.046875,0.0,0.0,0.890625,0.0,0.0,0.0,0.0
7,7,0.046875,0.0,0.015625,0.0,0.046875,0.0,0.0,0.890625,0.0,0.0,0.0,0.0
7,7,0.046875,0.0,0.015625,0.0,0.046875,0.0,0.0,0.890625,0.0,0.0,0.0,0.0
7,7,0.046875,0.0,0.015625,0.0,0.046875,0.0,0.0,0.890625,0.0,0.0,0.0,0.0
7,7,0.046875,0.0,0.015625,0.0,0.046875,0.0,0.0,0.890625,0.0,0.0,0.0,0.0
7,7,0.046875,0.0,0.015625,0.0,0.046875,0.0,0.0,0.890625,0.0,0.0,0.0,0.0
7,7,0.046875,0.0,0.015625,0.0,0.046875,0.0,0.0,0.890625,0.0,0.0,0.0,0.0
7,7,0.046875,0.0,0.015625,0.0,0.046875,0.0,0.0,0.890625,0.0,0.0,0.0,0.0
7,7,0.046875,0.0,0.015625,0.0,0.046875,0.0,0.0,0.890625,0.0,0.0,0.0,0.0
7,7,0.046875,0.0,0.015625,0.0,0.046875,0.0,0.0,0.890625,0.0,0.0,0.0,0.0
7,7,0.046875,0.0,0.015625,0.0,0.046875,0.0,0.0,0.890625,0.0,0.0,0.0,0.0
7,7,0.046875,0.0,0.015625,0.0,0.046875,0.0,0.0,0.890625,0.0,0.0,0.0,0.0
7,7,0.046875,0.0,0.015625,0.0,0.046875,0.0,0.0,0.890625,0.0,0.0,0.0,0.0
7,7,0.046875,0.0,0.015625,0.0,0.046875,0.0,0.0,0.890625,0.0,0.0,0.0,0.0
7,7,0.046875,0.0,0.015625,0.0,0.046875,0.0,0.0,0.890625,0.0,0.0,0.0,0.0
7,7,0.046875,0.0,0.015625,0.0,0.046875,0.0,0.0,0.890625,0.0,0.0,0.0,0.0
7,7,0.046875,0.0,0.015625,0.0,0.046875,0.0,0.0,0.890625,0.0,0.0,0.0,0.0
7,7,0.046875,0.0,0.015625,0.0,0.046875,0.0,0.0,0.890625,0.0,0.0,0.0,0.0
7,7,0.046875,0.0,0.015625,0.0,0.046875,0.0,0.0,0.890625,0.0,0.0,0.0,0.0
7,7,0.046875,0.0,0.015625,0.0,0.046875,0.0,0.0,0.890625,0.0,0.0,0.0,0.0
7,7,0.046875,0.0,0.015625,0.0,0.046875,0.0,0.0,0.890625,0.0,0.0,0.0,0.0
7,7,0.046875,0.0,0.015625,0.0,0.046875,0.0,0.0,0.890625,0.0,0.0,0.0,0.0
7,7,0.046875,0.0,0.015625,0.0,0.046875,0.0,0.0,0.890625,0.0,0.0,0.0,0.0
7,7,0.046875,0.0,0.015625,0.0,0.046875,0.0,0.0,0.890625,0.0,0.0,0.0,0.0
7,7,0.046875,0.0,0.015625,0.0,0.046875,0.0,0.0,0.890625,0.0,0.0,0.0,0.0
7,7,0.046875,0.0,0.015625,0.0,0.046875,0.0,0.0,0.890625,0.0,0.0,0.0,0.0
7,7,0.046875,0.0,0.015625,0.0,0.046875,0.0,0.0,0.890625,0.0,0.0,0.0,0.0
7,7,0.046875,0.0,0.015625,0.0,0.046875,0.0,0.0,0.890625,0.0,0.0,0.0,0.0
7,7,0.046875,0.0,0.015625,0.0,0.046875,0.0,0.0,0.890625,0.0,0.0,0.0,0.0
7,7,0.046875,0.0,0.015625,0.0,0.046875,0.0,0.0,0.890625,0.0,0.0,0.0,0.0
7,7,0.046875,0.0,0.015625,0.0,0.046875,0.0,0.0,0.890625,0.0,0.0,0.0,0.0
7,7,0.046875,0.0,0.015625,0.0,0.046875,0.0,0.0,0.890625,0.0,0.0,0.0,0.0
7,7,0.046875,0.0,0.015625,0.0,0.046875,0.0,0.0,0.890625,0.0,0.0,0.0,0.0
7,7,0.046875,0.0,0.015625,0.0,0.046875,0.0,0.0,0.890625,0.0,0.0,0.0,0.0
7,7,0.046875,0.0,0.015625,0.0,0.046875,0.0,0.0,0.890625,0.0,0.0,0.0,0.0
7,7,0.046875,0.0,0.015625,0.0,0.046875,0.0,0.0,0.890625,0.0,0.0,0.0,0.0
7,7,0.046875,0.0,0.015625,0.0,0.0625,0.0,0.0,0.875,0.0,0.0,0.0,0.0
7,7,0.046875,0.0,0.015625,0.0,0.0625,0.0,0.0,0.875,0.0,0.0,0.0,0.0
7,7,0.046875,0.0,0.015625,0.0,0.0625,0.0,0.0,0.875,0.0,0.0,0.0,0.0
7,7,0.046875,0.0,0.015625,0.0,0.0625,0.0,0.0,0.875,0.0,0.0,0.0,0.0
7,7,0.046875,0.0,0.015625,0.0,0.0625,0.0,0.0,0.875,0.0,0.0,0.0,0.0
7,7,0.046875,0.0,0.015625,0.0,0.0625,0.0,0.0,0.875,0.0,0.0,0.0,0.0
7,7,0.046875,0.0,0.015625,0.0,0.0625,0.0,0.0,0.875,0.0,0.0,0.0,0.0
7,7,0.046875,0.0,0.015625,0.0,0.0625,0.0,0.0,0.875,0.0,0.0,0.0,0.0
7,7,0.046875,0.0,0.015625,0.0,0.0625,0.0,0.0,0.875,0.0,0.0,0.0,0.0
7,7,0.046875,0.0,0.015625,0.0,0.0625,0.0,0.0,0.875,0.0,0.0,0.0,0.0
7,7,0.046875,0.0,0.015625,0.0,0.0625,0.0,0.0,0.875,0.0,0.0,0.0,0.0
7,7,0.046875,0.0,0.015625,0.0,0.0625,0.0,0.0,0.875,0.0,0.0,0.0,0.0
7,7,0.046875,0.0,0.015625,0.0,0.0625,0.0,0.0,0.875,0.0,0.0,0.0,0.0
7,7,0.046875,0.0,0.015625,0.0,0.0625,0.0,0.0,0.875,0.0,0.0,0.0,0.0
7,7,0.046875,0.0,0.015625,0.0,0.0625,0.0,0.0,0.875,0.0,0.0,0.0,0.0
7,7,0.046875,0.0,0.015625,0.0,0.0625,0.0,0.0,0.875,0.0,0.0,0.0,0.0
7,7,0.046875,0.0,0.015625,0.0,0.046875,0.0,0.0,0.890625,0.0,0.0,0.0,0.0
7,7,0.046875,0.0,0.015625,0.0,0.046875,0.0,0.0,0.890625,0.0,0.0,0.0,0.0
7,7,0.046875,0.0,0.015625,0.0,0.046875,0.0,0.0,0.890625,0.0,0.0,0.0,0.0
7,7,0.046875,0.0,0.015625,0.0,0.046875,0.0,0.0,0.890625,0.0,0.0,0.0,0.0
7,7,0.046875,0.0,0.015625,0.0,0.046875,0.0,0.0,0.890625,0.0,0.0,0.0,0.0
7,7,0.046875,0.0,0.015625,0.0,0.046875,0.0,0.0,0.890625,0.0,0.0,0.0,0.0
7,7,0.046875,0.0,0.015625,0.0,0.046875,0.0,0.0,0.890625,0.0,0.0,0.0,0.0
7,7,0.046875,0.0,0.015625,0.0,0.046875,0.0,0.0,0.890625,0.0,0.0,0.0,0.0
7,7,0.046875,0.0,0.015625,0.0,0.046875,0.0,0.0,0.890625,0.0,0.0,0.0,0.0
7,7,0.046875,0.0,0.015625,0.0,0.046875,0.0,0.0,0.890625,0.0,0.0,0.0,0.0
7,7,0.046875,0.0,0.015625,0.0,0.046875,0.0,0.0,0.890625,0.0,0.0,0.0,0.0
7,7,0.046875,0.0,0.015625,0.0,0.046875,0.0,0.0,0.890625,0.0,0.0,0.0,0.0
7,7,0.046875,0.0,0.015625,0.0,0.046875,0.0,0.0,0.890625,0.0,0.0,0.0,0.0
7,7,0.046875,0.0,0.015625,0.0,0.046875,0.0,0.0,0.890625,0.0,0.0,0.0,0.0
7,7,0.046875,0.0,0.015625,0.0,0.046875,0.0,0.0,0.890625,0.0,0.0,0.0,0.0
7,7,0.046875,0.0,0.015625,0.0,0.046875,0.0,0.0,0.890625,0.0,0.0,0.0,0.0
7,7,0.046875,0.0,0.015625,0.0,0.046875,0.0,0.0,0.890625,0.0,0.0,0.0,0.0
7,7,0.046875,0.0,0.015625,0.0,0.046875,0.0,0.0,0.890625,0.0,0.0,0.0,0.0
7,7,0.046875,0.0,0.015625,0.0,0.046875,0.0,0.0,0.890625,0.0,0.0,0.0,0.0
7,7,0.046875,0.0,0.015625,0.0,0.046875,0.0,0.0,0.890625,0.0,0.0,0.0,0.0
7,7,0.046875,0.0,0.015625,0.0,0.046875,0.0,0.0,0.890625,0.0,0.0,0.0,0.0
7,7,0.046875,0.0,0.015625,0.0,0.046875,0.0,0.0,0.890625,0.0,0.0,0.0,0.0
7,7,0.046875,0.0,0.015625,0.0,0.046875,0.0,0.0,0.890625,0.0,0.0,0.0,0.0
7,7,0.046875,0.0,0.015625,0.0,0.046875,0.0,0.0,0.890625,0.0,0.0,0.0,0.0
7,7,0.046875,0.0,0.015625,0.0,0.046875,0.0,0.0,0.890625,0.0,0.0,0.0,0.0
7,7,0.046875,0.0,0.015625,0.0,0.046875,0.0,0.0,0.890625,0.0,0.0,0.0,0.0
7,7,0.046875,0.0,0.015625,0.0,0.046875,0.0,0.0,0.890625,0.0,0.0,0.0,0.0
7,7,0.046875,0.0,0.015625,0.0,0.046875,0.0,0.0,0.890625,0.0,0.0,0.0,0.0
7,7,0.046875,0.0,0.015625,0.0,0.046875,0.0,0.0,0.890625,0.0,0.0,0.0,0.0
7,7,0.046875,0.0,0.015625,0.0,0.046875,0.0,0.0,0.890625,0.0,0.0,0.0,0.0
7,7,0.046875,0.0,0.015625,0.0,0.046875,0.0,0.0,0.890625,0.0,0.0,0.0,0.0
7,7,0.046875,0.0,0.015625,0.0,0.046875,0.0,0.0,0.890625,0.0,0.0,0.0,0.0
7,7,0.046875,0.0,0.015625,0.0,0.046875,0.0,0.0,0.890625,0.0,0.0,0.0,0.0
7,7,0.046875,0.0,0.015625,0.0,0.046875,0.0,0.0,0.890625,0.0,0.0,0.0,0.0
7,7,0.046875,0.0,0.015625,0.0,0.046875,0.0,0.0,0.890625,0.0,0.0,0.0,0.0
7,7,0.046875,0.0,0.015625,0.0,0.046875,0.0,0.0,0.890625,0.0,0.0,0.0,0.0
7,7,0.046875,0.0,0.015625,0.0,0.046875,0.0,0.0,0.890625,0.0,0.0,0.0,0.0
7,7,0.046875,0.0,0.015625,0.0,0.046875,0.0,0.0,0.890625,0.0,0.0,0.0,0.0
7,7,0.046875,0.0,0.015625,0.0,0.046875,0.0,0.0,0.890625,0.0,0.0,0.0,0.0
7,7,0.046875,0.0,0.015625,0.0,0.046875,0.0,0.0,0.890625,0.0,0.0,0.0,0.0
7,7,0.046875,0.0,0.015625,0.0,0.046875,0.0,0.0,0.890625,0.0,0.0,0.0,0.0
7,7,0.046875,0.0,0.015625,0.0,0.046875,0.0,0.0,0.890625,0.0,0.0,0.0,0.0
7,7,0.046875,0.0,0.015625,0.0,0.046875,0.0,0.0,0.890625,0.0,0.0,0.0,0.0
7,7,0.046875,0.0,0.015625,0.0,0.046875,0.0,0.0,0.890625,0.0,0.0,0.0,0.0
7,7,0.046875,0.0,0.015625,0.0,0.046875,0.0,0.0,0.890625,0.0,0.0,0.0,0.0
7,7,0.046875,0.0,0.015625,0.0,0.046875,0.0,0.0,0.890625,0.0,0.0,0.0,0.0
7,7,0.046875,0.0,0.015625,0.0,0.046875,0.0,0.0,0.890625,0.0,0.0,0.0,0.0
7,7,0.046875,0.0,0.015625,0.0,0.046875,0.0,0.0,0.890625,0.0,0.0,0.0,0.0
7,7,0.046875,0.0,0.015625,0.0,0.046875,0.0,0.0,0.890625,0.0,0.0,0.0,0.0
7,7,0.046875,0.0,0.015625,0.0,0.046875,0.0,0.0,0.890625,0.0,0.0,0.0,0.0
7,7,0.046875,0.0,0.015625,0.0,0.046875,0.0,0.0,0.890625,0.0,0.0,0.0,0.0
7,7,0.046875,0.0,0.015625,0.0,0.046875,0.0,0.0,0.890625,0.0,0.0,0.0,0.0
7,7,0.046875,0.0,0.015625,0.0,0.046875,0.0,0.0,0.890625,0.0,0.0,0.0,0.0
7,7,0.046875,0.0,0.015625,0.0,0.046875,0.0,0.0,0.890625,0.0,0.0,0.0,0.0
7,7,0.046875,0.0,0.015625,0.0,0.046875,0.0,0.0,0.890625,0.0,0.0,0.0,0.0
7,7,0.046875,0.0,0.015625,0.0,0.046875,0.0,0.0,0.890625,0.0,0.0,0.0,0.0
7,7,0.046875,0.0,0.015625,0.0,0.046875,0.0,0.0,0.890625,0.0,0.0,0.0,0.0
7,7,0.046875,0.0,0.015625,0.0,0.046875,0.0,0.0,0.890625,0.0,0.0,0.0,0.0
7,7,0.046875,0.0,0.015625,0.0,0.046875,0.0,0.0,0.890625,0.0,0.0,0.0,0.0
7,7,0.046875,0.0,0.015625,0.0,0.046875,0.0,0.0,0.890625,0.0,0.0,0.0,0.0
7,7,0.046875,0.0,0.015625,0.0,0.046875,0.0,0.0,0.890625,0.0,0.0,0.0,0.0
7,7,0.046875,0.0,0.015625,0.0,0.046875,0.0,0.0,0.890625,0.0,0.0,0.0,0.0
7,7,0.046875,0.0,0.015625,0.0,0.046875,0.0,0.0,0.890625,0.0,0.0,0.0,0.0
7,7,0.046875,0.0,0.015625,0.0,0.046875,0.0,0.0,0.890625,0.0,0.0,0.0,0.0
7,7,0.046875,0.0,0.015625,0.0,0.015625,0.0,0.0,0.921875,0.0,0.0,0.0,0.0
7,7,0.046875,0.0,0.015625,0.0,0.015625,0.0,0.0,0.921875,0.0,0.0,0.0,0.0
7,7,0.046875,0.0,0.015625,0.0,0.015625,0.0,0.0,0.921875,0.0,0.0,0.0,0.0
7,7,0.046875,0.0,0.015625,0.0,0.015625,0.0,0.0,0.921875,0.0,0.0,0.0,0.0
7,7,0.046875,0.0,0.015625,0.0,0.015625,0.0,0.0,0.921875,0.0,0.0,0.0,0.0
7,7,0.046875,0.0,0.015625,0.0,0.015625,0.0,0.0,0.921875,0.0,0.0,0.0,0.0
7,7,0.046875,0.0,0.015625,0.0,0.015625,0.0,0.0,0.921875,0.0,0.0,0.0,0.0
7,7,0.046875,0.0,0.015625,0.0,0.015625,0.0,0.0,0.921875,0.0,0.0,0.0,0.0
7,7,0.046875,0.0,0.015625,0.0,0.03125,0.0,0.0,0.90625,0.0,0.0,0.0,0.0
7,7,0.046875,0.0,0.015625,0.0,0.03125,0.0,0.0,0.90625,0.0,0.0,0.0,0.0
7,7,0.046875,0.0,0.015625,0.0,0.03125,0.0,0.0,0.90625,0.0,0.0,0.0,0.0
7,7,0.046875,0.0,0.015625,0.0,0.03125,0.0,0.0,0.90625,0.0,0.0,0.0,0.0
7,7,0.046875,0.0,0.015625,0.0,0.03125,0.0,0.0,0.90625,0.0,0.0,0.0,0.0
7,7,0.046875,0.0,0.015625,0.0,0.03125,0.0,0.0,0.90625,0.0,0.0,0.0,0.0
7,7,0.046875,0.0,0.015625,0.0,0.03125,0.0,0.0,0.90625,0.0,0.0,0.0,0.0
7,7,0.046875,0.0,0.015625,0.0,0.03125,0.0,0.0,0.90625,0.0,0.0,0.0,0.0
7,7,0.046875,0.0,0.015625,0.0,0.03125,0.0,0.0,0.90625,0.0,0.0,0.0,0.0
7,7,0.046875,0.0,0.015625,0.0,0.03125,0.0,0.0,0.90625,0.0,0.0,0.0,0.0
7,7,0.046875,0.0,0.015625,0.0,0.03125,0.0,0.0,0.90625,0.0,0.0,0.0,0.0
7,7,0.046875,0.0,0.015625,0.0,0.03125,0.0,0.0,0.90625,0.0,0.0,0.0,0.0
7,7,0.046875,0.0,0.015625,0.0,0.03125,0.0,0.0,0.90625,0.0,0.0,0.0,0.0
7,7,0.046875,0.0,0.015625,0.0,0.03125,0.0,0.0,0.90625,0.0,0.0,0.0,0.0
7,7,0.046875,0.0,0.015625,0.0,0.03125,0.0,0.0,0.90625,0.0,0.0,0.0,0.0
7,7,0.046875,0.0,0.015625,0.0,0.03125,0.0,0.0,0.90625,0.0,0.0,0.0,0.0
7,7,0.046875,0.0,0.015625,0.0,0.03125,0.0,0.0,0.90625,0.0,0.0,0.0,0.0
7,7,0.046875,0.0,0.015625,0.0,0.03125,0.0,0.0,0.90625,0.0,0.0,0.0,0.0
7,7,0.046875,0.0,0.015625,0.0,0.03125,0.0,0.0,0.90625,0.0,0.0,0.0,0.0
7,7,0.046875,0.0,0.015625,0.0,0.03125,0.0,0.0,0.90625,0.0,0.0,0.0,0.0
7,7,0.046875,0.0,0.015625,0.0,0.03125,0.0,0.0,0.90625,0.0,0.0,0.0,0.0
7,7,0.046875,0.0,0.015625,0.0,0.03125,0.0,0.0,0.90625,0.0,0.0,0.0,0.0
7,7,0.046875,0.0,0.015625,0.0,0.03125,0.0,0.0,0.90625,0.0,0.0,0.0,0.0
7,7,0.046875,0.0,0.015625,0.0,0.03125,0.0,0.0,0.90625,0.0,0.0,0.0,0.0
7,7,0.046875,0.0,0.015625,0.0,0.03125,0.0,0.0,0.90625,0.0,0.0,0.0,0.0
7,7,0.046875,0.0,0.015625,0.0,0.03125,0.0,0.0,0.90625,0.0,0.0,0.0,0.0
7,7,0.046875,0.0,0.015625,0.0,0.03125,0.0,0.0,0.90625,0.0,0.0,0.0,0.0
7,7,0.046875,0.0,0.015625,0.0,0.03125,0.0,0.0,0.90625,0.0,0.0,0.0,0.0
7,7,0.046875,0.0,0.015625,0.0,0.03125,0.0,0.0,0.90625,0.0,0.0,0.0,0.0
7,7,0.046875,0.0,0.015625,0.0,0.03125,0.0,0.0,0.90625,0.0,0.0,0.0,0.0
7,7,0.046875,0.0,0.015625,0.0,0.03125,0.0,0.0,0.90625,0.0,0.0,0.0,0.0
7,7,0.046875,0.0,0.015625,0.0,0.03125,0.0,0.0,0.90625,0.0,0.0,0.0,0.0
7,7,0.046875,0.0,0.015625,0.0,0.03125,0.0,0.0,0.90625,0.0,0.0,0.0,0.0
7,7,0.046875,0.0,0.015625,0.0,0.03125,0.0,0.0,0.90625,0.0,0.0,0.0,0.0
7,7,0.046875,0.0,0.015625,0.0,0.03125,0.0,0.0,0.90625,0.0,0.0,0.0,0.0
7,7,0.046875,0.0,0.015625,0.0,0.03125,0.0,0.0,0.90625,0.0,0.0,0.0,0.0
7,7,0.046875,0.0,0.015625,0.0,0.03125,0.0,0.0,0.90625,0.0,0.0,0.0,0.0
7,7,0.046875,0.0,0.015625,0.0,0.03125,0.0,0.0,0.90625,0.0,0.0,0.0,0.0
7,7,0.046875,0.0,0.015625,0.0,0.03125,0.0,0.0,0.90625,0.0,0.0,0.0,0.0
7,7,0.046875,0.0,0.015625,0.0,0.03125,0.0,0.0,0.90625,0.0,0.0,0.0,0.0
7,7,0.046875,0.0,0.015625,0.0,0.03125,0.0,0.0,0.90625,0.0,0.0,0.0,0.0
7,7,0.046875,0.0,0.015625,0.0,0.03125,0.0,0.0,0.90625,0.0,0.0,0.0,0.0
7,7,0.046875,0.0,0.015625,0.0,0.03125,0.0,0.0,0.90625,0.0,0.0,0.0,0.0
7,7,0.046875,0.0,0.015625,0.0,0.03125,0.0,0.0,0.90625,0.0,0.0,0.0,0.0
7,7,0.0625,0.0,0.015625,0.0,0.03125,0.0,0.0,0.890625,0.0,0.0,0.0,0.0
7,7,0.0625,0.0,0.015625,0.0,0.03125,0.0,0.0,0.890625,0.0,0.0,0.0,0.0
7,7,0.0625,0.0,0.015625,0.0,0.03125,0.0,0.0,0.890625,0.0,0.0,0.0,0.0
7,7,0.0625,0.0,0.015625,0.0,0.03125,0.0,0.0,0.890625,0.0,0.0,0.0,0.0
7,7,0.0625,0.0,0.015625,0.0,0.03125,0.0,0.0,0.890625,0.0,0.0,0.0,0.0
7,7,0.0625,0.0,0.015625,0.0,0.03125,0.0,0.015625,0.875,0.0,0.0,0.0,0.0
7,7,0.0625,0.0,0.015625,0.0,0.03125,0.0,0.015625,0.875,0.0,0.0,0.0,0.0
7,7,0.0625,0.0,0.015625,0.0,0.03125,0.0,0.015625,0.875,0.0,0.0,0.0,0.0
7,7,0.0625,0.0,0.015625,0.0,0.03125,0.0,0.015625,0.875,0.0,0.0,0.0,0.0
7,7,0.0625,0.0,0.015625,0.0,0.03125,0.0,0.015625,0.875,0.0,0.0,0.0,0.0
7,7,0.0625,0.0,0.015625,0.0,0.03125,0.0,0.015625,0.875,0.0,0.0,0.0,0.0
7,7,0.0625,0.0,0.015625,0.0,0.03125,0.0,0.015625,0.875,0.0,0.0,0.0,0.0
7,7,0.046875,0.0,0.015625,0.0,0.03125,0.0,0.015625,0.890625,0.0,0.0,0.0,0.0
7,7,0.046875,0.0,0.015625,0.0,0.03125,0.0,0.015625,0.890625,0.0,0.0,0.0,0.0
7,7,0.046875,0.0,0.015625,0.0,0.03125,0.0,0.015625,0.890625,0.0,0.0,0.0,0.0
7,7,0.046875,0.0,0.015625,0.0,0.03125,0.0,0.015625,0.890625,0.0,0.0,0.0,0.0
7,7,0.046875,0.0,0.015625,0.0,0.03125,0.0,0.015625,0.890625,0.0,0.0,0.0,0.0
7,7,0.046875,0.0,0.015625,0.0,0.03125,0.0,0.015625,0.890625,0.0,0.0,0.0,0.0
7,7,0.046875,0.0,0.015625,0.0,0.03125,0.0,0.015625,0.890625,0.0,0.0,0.0,0.0
7,7,0.046875,0.0,0.015625,0.0,0.03125,0.0,0.015625,0.890625,0.0,0.0,0.0,0.0
7,7,0.046875,0.0,0.015625,0.0,0.03125,0.0,0.015625,0.890625,0.0,0.0,0.0,0.0
7,7,0.046875,0.0,0.015625,0.0,0.03125,0.0,0.015625,0.890625,0.0,0.0,0.0,0.0
7,7,0.046875,0.0,0.015625,0.0,0.03125,0.0,0.015625,0.890625,0.0,0.0,0.0,0.0
7,7,0.046875,0.0,0.015625,0.0,0.03125,0.0,0.015625,0.890625,0.0,0.0,0.0,0.0
7,7,0.046875,0.0,0.015625,0.0,0.03125,0.0,0.015625,0.890625,0.0,0.0,0.0,0.0
7,7,0.046875,0.0,0.015625,0.0,0.03125,0.0,0.015625,0.890625,0.0,0.0,0.0,0.0
7,7,0.046875,0.0,0.015625,0.0,0.03125,0.0,0.015625,0.890625,0.0,0.0,0.0,0.0
7,7,0.046875,0.0,0.015625,0.0,0.03125,0.0,0.015625,0.890625,0.0,0.0,0.0,0.0
7,7,0.03125,0.0,0.015625,0.0,0.03125,0.0,0.015625,0.90625,0.0,0.0,0.0,0.0
7,7,0.03125,0.0,0.015625,0.0,0.03125,0.0,0.015625,0.90625,0.0,0.0,0.0,0.0
7,7,0.03125,0.0,0.015625,0.0,0.03125,0.0,0.015625,0.90625,0.0,0.0,0.0,0.0
7,7,0.03125,0.0,0.015625,0.0,0.03125,0.0,0.015625,0.90625,0.0,0.0,0.0,0.0
7,7,0.03125,0.0,0.015625,0.0,0.03125,0.0,0.015625,0.90625,0.0,0.0,0.0,0.0
7,7,0.03125,0.0,0.015625,0.0,0.03125,0.0,0.015625,0.90625,0.0,0.0,0.0,0.0
7,7,0.03125,0.0,0.015625,0.0,0.03125,0.0,0.015625,0.90625,0.0,0.0,0.0,0.0
7,7,0.03125,0.0,0.015625,0.0,0.03125,0.0,0.015625,0.90625,0.0,0.0,0.0,0.0
7,7,0.03125,0.0,0.015625,0.0,0.03125,0.0,0.015625,0.90625,0.0,0.0,0.0,0.0
7,7,0.03125,0.0,0.015625,0.0,0.03125,0.0,0.015625,0.90625,0.0,0.0,0.0,0.0
7,7,0.03125,0.0,0.015625,0.0,0.03125,0.0,0.015625,0.90625,0.0,0.0,0.0,0.0
7,7,0.03125,0.0,0.015625,0.0,0.03125,0.0,0.015625,0.90625,0.0,0.0,0.0,0.0
7,7,0.03125,0.0,0.015625,0.0,0.03125,0.0,0.015625,0.90625,0.0,0.0,0.0,0.0
7,7,0.03125,0.0,0.015625,0.0,0.03125,0.0,0.015625,0.90625,0.0,0.0,0.0,0.0
7,7,0.03125,0.0,0.015625,0.0,0.03125,0.0,0.015625,0.90625,0.0,0.0,0.0,0.0
7,7,0.03125,0.0,0.015625,0.0,0.03125,0.0,0.015625,0.90625,0.0,0.0,0.0,0.0
7,7,0.03125,0.0,0.015625,0.0,0.03125,0.015625,0.015625,0.890625,0.0,0.0,0.0,0.0
7,7,0.03125,0.0,0.015625,0.0,0.03125,0.015625,0.015625,0.890625,0.0,0.0,0.0,0.0
7,7,0.03125,0.0,0.015625,0.0,0.03125,0.015625,0.015625,0.890625,0.0,0.0,0.0,0.0
7,7,0.03125,0.0,0.015625,0.0,0.03125,0.015625,0.015625,0.890625,0.0,0.0,0.0,0.0
7,7,0.03125,0.0,0.015625,0.0,0.03125,0.015625,0.015625,0.890625,0.0,0.0,0.0,0.0
7,7,0.03125,0.0,0.015625,0.0,0.03125,0.015625,0.015625,0.890625,0.0,0.0,0.0,0.0
7,7,0.03125,0.0,0.015625,0.0,0.03125,0.015625,0.015625,0.890625,0.0,0.0,0.0,0.0
7,7,0.03125,0.0,0.015625,0.0,0.03125,0.015625,0.015625,0.890625,0.0,0.0,0.0,0.0
7,7,0.03125,0.0,0.015625,0.0,0.03125,0.015625,0.015625,0.890625,0.0,0.0,0.0,0.0
7,7,0.03125,0.0,0.015625,0.0,0.03125,0.015625,0.015625,0.890625,0.0,0.0,0.0,0.0
7,7,0.03125,0.0,0.015625,0.0,0.03125,0.015625,0.015625,0.890625,0.0,0.0,0.0,0.0
7,7,0.03125,0.0,0.015625,0.0,0.03125,0.015625,0.015625,0.890625,0.0,0.0,0.0,0.0
7,7,0.03125,0.0,0.015625,0.0,0.03125,0.015625,0.015625,0.890625,0.0,0.0,0.0,0.0
7,7,0.03125,0.0,0.015625,0.0,0.03125,0.015625,0.015625,0.890625,0.0,0.0,0.0,0.0
7,7,0.03125,0.0,0.015625,0.0,0.03125,0.015625,0.015625,0.890625,0.0,0.0,0.0,0.0
7,7,0.03125,0.0,0.015625,0.0,0.03125,0.015625,0.015625,0.890625,0.0,0.0,0.0,0.0
7,7,0.03125,0.0,0.015625,0.0,0.03125,0.015625,0.015625,0.890625,0.0,0.0,0.0,0.0
7,7,0.03125,0.0,0.015625,0.0,0.03125,0.015625,0.015625,0.890625,0.0,0.0,0.0,0.0
7,7,0.03125,0.0,0.015625,0.0,0.03125,0.015625,0.015625,0.890625,0.0,0.0,0.0,0.0
7,7,0.03125,0.0,0.015625,0.0,0.03125,0.015625,0.015625,0.890625,0.0,0.0,0.0,0.0
7,7,0.03125,0.0,0.015625,0.0,0.03125,0.015625,0.015625,0.890625,0.0,0.0,0.0,0.0
7,7,0.03125,0.0,0.015625,0.0,0.03125,0.015625,0.015625,0.890625,0.0,0.0,0.0,0.0
7,7,0.03125,0.0,0.015625,0.0,0.03125,0.015625,0.015625,0.890625,0.0,0.0,0.0,0.0
7,7,0.03125,0.0,0.015625,0.0,0.03125,0.015625,0.015625,0.890625,0.0,0.0,0.0,0.0
7,7,0.03125,0.0,0.015625,0.0,0.03125,0.015625,0.015625,0.890625,0.0,0.0,0.0,0.0
7,7,0.03125,0.0,0.015625,0.0,0.03125,0.015625,0.015625,0.890625,0.0,0.0,0.0,0.0
7,7,0.03125,0.0,0.015625,0.0,0.03125,0.015625,0.015625,0.890625,0.0,0.0,0.0,0.0
7,7,0.03125,0.0,0.015625,0.0,0.03125,0.015625,0.015625,0.890625,0.0,0.0,0.0,0.0
7,7,0.03125,0.0,0.015625,0.0,0.03125,0.015625,0.015625,0.890625,0.0,0.0,0.0,0.0
7,7,0.03125,0.0,0.015625,0.0,0.03125,0.015625,0.015625,0.890625,0.0,0.0,0.0,0.0
7,7,0.03125,0.0,0.015625,0.0,0.03125,0.015625,0.015625,0.890625,0.0,0.0,0.0,0.0
7,7,0.03125,0.0,0.015625,0.0,0.03125,0.015625,0.015625,0.890625,0.0,0.0,0.0,0.0
7,7,0.03125,0.0,0.015625,0.0,0.03125,0.015625,0.015625,0.890625,0.0,0.0,0.0,0.0
7,7,0.046875,0.0,0.015625,0.0,0.03125,0.015625,0.0,0.890625,0.0,0.0,0.0,0.0
7,7,0.046875,0.0,0.015625,0.0,0.03125,0.015625,0.0,0.890625,0.0,0.0,0.0,0.0
7,7,0.046875,0.0,0.015625,0.0,0.03125,0.015625,0.0,0.890625,0.0,0.0,0.0,0.0
7,7,0.046875,0.0,0.015625,0.0,0.03125,0.015625,0.0,0.890625,0.0,0.0,0.0,0.0
7,7,0.046875,0.0,0.015625,0.0,0.03125,0.015625,0.0,0.890625,0.0,0.0,0.0,0.0
7,7,0.046875,0.0,0.015625,0.0,0.03125,0.015625,0.0,0.890625,0.0,0.0,0.0,0.0
7,7,0.046875,0.0,0.015625,0.0,0.03125,0.015625,0.0,0.890625,0.0,0.0,0.0,0.0
7,7,0.046875,0.0,0.015625,0.0,0.03125,0.015625,0.0,0.890625,0.0,0.0,0.0,0.0
7,7,0.046875,0.0,0.015625,0.0,0.03125,0.015625,0.0,0.890625,0.0,0.0,0.0,0.0
7,7,0.046875,0.0,0.015625,0.0,0.03125,0.015625,0.0,0.890625,0.0,0.0,0.0,0.0
7,7,0.046875,0.0,0.015625,0.0,0.03125,0.015625,0.0,0.890625,0.0,0.0,0.0,0.0
7,7,0.046875,0.0,0.015625,0.0,0.03125,0.015625,0.0,0.890625,0.0,0.0,0.0,0.0
7,7,0.046875,0.0,0.015625,0.0,0.03125,0.015625,0.0,0.890625,0.0,0.0,0.0,0.0
7,7,0.046875,0.0,0.015625,0.0,0.03125,0.015625,0.0,0.890625,0.0,0.0,0.0,0.0
7,7,0.046875,0.0,0.015625,0.0,0.03125,0.015625,0.0,0.890625,0.0,0.0,0.0,0.0
7,7,0.046875,0.0,0.015625,0.0,0.046875,0.015625,0.0,0.875,0.0,0.0,0.0,0.0
7,7,0.046875,0.0,0.015625,0.0,0.046875,0.015625,0.0,0.875,0.0,0.0,0.0,0.0
7,7,0.046875,0.0,0.015625,0.0,0.046875,0.015625,0.0,0.875,0.0,0.0,0.0,0.0
7,7,0.046875,0.0,0.015625,0.0,0.046875,0.015625,0.0,0.875,0.0,0.0,0.0,0.0
7,7,0.046875,0.0,0.015625,0.0,0.046875,0.015625,0.0,0.875,0.0,0.0,0.0,0.0
7,7,0.046875,0.0,0.015625,0.0,0.046875,0.015625,0.0,0.875,0.0,0.0,0.0,0.0
7,7,0.046875,0.0,0.015625,0.0,0.046875,0.015625,0.0,0.875,0.0,0.0,0.0,0.0
7,7,0.046875,0.0,0.015625,0.0,0.046875,0.015625,0.0,0.875,0.0,0.0,0.0,0.0
7,7,0.046875,0.0,0.015625,0.0,0.03125,0.015625,0.0,0.890625,0.0,0.0,0.0,0.0
7,7,0.046875,0.0,0.015625,0.0,0.03125,0.015625,0.0,0.890625,0.0,0.0,0.0,0.0
7,7,0.046875,0.0,0.015625,0.0,0.03125,0.015625,0.0,0.890625,0.0,0.0,0.0,0.0
7,7,0.046875,0.0,0.015625,0.0,0.03125,0.015625,0.0,0.890625,0.0,0.0,0.0,0.0
7,7,0.046875,0.0,0.015625,0.0,0.03125,0.015625,0.0,0.890625,0.0,0.0,0.0,0.0
7,7,0.046875,0.0,0.015625,0.0,0.03125,0.015625,0.0,0.890625,0.0,0.0,0.0,0.0
7,7,0.046875,0.0,0.015625,0.0,0.03125,0.015625,0.0,0.890625,0.0,0.0,0.0,0.0
7,7,0.046875,0.0,0.015625,0.0,0.03125,0.015625,0.0,0.890625,0.0,0.0,0.0,0.0
7,7,0.046875,0.0,0.015625,0.0,0.03125,0.015625,0.0,0.890625,0.0,0.0,0.0,0.0
7,7,0.046875,0.0,0.015625,0.0,0.03125,0.015625,0.0,0.890625,0.0,0.0,0.0,0.0
7,7,0.046875,0.0,0.015625,0.0,0.03125,0.015625,0.0,0.890625,0.0,0.0,0.0,0.0
7,7,0.046875,0.0,0.015625,0.0,0.03125,0.015625,0.0,0.890625,0.0,0.0,0.0,0.0
7,7,0.046875,0.015625,0.015625,0.0,0.03125,0.015625,0.0,0.875,0.0,0.0,0.0,0.0
7,7,0.046875,0.015625,0.015625,0.0,0.03125,0.015625,0.0,0.875,0.0,0.0,0.0,0.0
7,7,0.046875,0.015625,0.015625,0.0,0.03125,0.015625,0.0,0.875,0.0,0.0,0.0,0.0
7,7,0.046875,0.015625,0.015625,0.0,0.03125,0.015625,0.0,0.875,0.0,0.0,0.0,0.0
7,7,0.046875,0.015625,0.015625,0.0,0.03125,0.015625,0.0,0.875,0.0,0.0,0.0,0.0
7,7,0.046875,0.015625,0.015625,0.0,0.03125,0.015625,0.0,0.875,0.0,0.0,0.0,0.0
7,7,0.046875,0.015625,0.015625,0.0,0.03125,0.015625,0.0,0.875,0.0,0.0,0.0,0.0
7,7,0.046875,0.015625,0.015625,0.0,0.03125,0.015625,0.0,0.875,0.0,0.0,0.0,0.0
7,7,0.046875,0.015625,0.015625,0.0,0.03125,0.015625,0.0,0.875,0.0,0.0,0.0,0.0
7,7,0.046875,0.015625,0.015625,0.0,0.03125,0.015625,0.0,0.875,0.0,0.0,0.0,0.0
7,7,0.046875,0.015625,0.015625,0.0,0.03125,0.015625,0.0,0.875,0.0,0.0,0.0,0.0
7,7,0.046875,0.015625,0.015625,0.0,0.03125,0.015625,0.0,0.875,0.0,0.0,0.0,0.0
7,7,0.046875,0.015625,0.015625,0.0,0.03125,0.015625,0.0,0.875,0.0,0.0,0.0,0.0
7,7,0.046875,0.015625,0.015625,0.0,0.03125,0.015625,0.0,0.875,0.0,0.0,0.0,0.0
7,7,0.046875,0.015625,0.015625,0.0,0.03125,0.015625,0.0,0.875,0.0,0.0,0.0,0.0
7,7,0.046875,0.015625,0.015625,0.0,0.03125,0.015625,0.0,0.875,0.0,0.0,0.0,0.0
7,7,0.046875,0.015625,0.015625,0.0,0.03125,0.015625,0.0,0.875,0.0,0.0,0.0,0.0
7,7,0.046875,0.015625,0.015625,0.0,0.03125,0.015625,0.0,0.875,0.0,0.0,0.0,0.0
7,7,0.046875,0.015625,0.015625,0.0,0.03125,0.015625,0.0,0.875,0.0,0.0,0.0,0.0
7,7,0.046875,0.015625,0.015625,0.0,0.03125,0.015625,0.0,0.875,0.0,0.0,0.0,0.0
7,7,0.046875,0.015625,0.015625,0.0,0.03125,0.015625,0.0,0.875,0.0,0.0,0.0,0.0
7,7,0.046875,0.015625,0.015625,0.0,0.03125,0.015625,0.0,0.875,0.0,0.0,0.0,0.0
7,7,0.046875,0.015625,0.015625,0.0,0.03125,0.015625,0.0,0.875,0.0,0.0,0.0,0.0
7,7,0.046875,0.015625,0.015625,0.0,0.03125,0.015625,0.0,0.875,0.0,0.0,0.0,0.0
7,7,0.046875,0.015625,0.015625,0.0,0.03125,0.015625,0.0,0.875,0.0,0.0,0.0,0.0
7,7,0.046875,0.015625,0.015625,0.0,0.03125,0.015625,0.0,0.875,0.0,0.0,0.0,0.0
7,7,0.046875,0.015625,0.015625,0.0,0.03125,0.015625,0.0,0.875,0.0,0.0,0.0,0.0
7,7,0.046875,0.015625,0.015625,0.0,0.03125,0.015625,0.0,0.875,0.0,0.0,0.0,0.0
7,7,0.046875,0.015625,0.015625,0.0,0.03125,0.015625,0.0,0.875,0.0,0.0,0.0,0.0
7,7,0.046875,0.015625,0.015625,0.0,0.03125,0.015625,0.0,0.875,0.0,0.0,0.0,0.0
7,7,0.046875,0.015625,0.015625,0.0,0.03125,0.015625,0.0,0.875,0.0,0.0,0.0,0.0
7,7,0.046875,0.015625,0.015625,0.0,0.03125,0.015625,0.0,0.875,0.0,0.0,0.0,0.0
7,7,0.046875,0.015625,0.015625,0.0,0.03125,0.015625,0.0,0.875,0.0,0.0,0.0,0.0
7,7,0.046875,0.015625,0.015625,0.0,0.03125,0.015625,0.0,0.875,0.0,0.0,0.0,0.0
7,7,0.046875,0.015625,0.015625,0.0,0.03125,0.015625,0.0,0.875,0.0,0.0,0.0,0.0
7,7,0.046875,0.015625,0.015625,0.0,0.03125,0.015625,0.0,0.875,0.0,0.0,0.0,0.0
7,7,0.046875,0.015625,0.015625,0.0,0.03125,0.015625,0.0,0.875,0.0,0.0,0.0,0.0
7,7,0.046875,0.015625,0.015625,0.0,0.03125,0.015625,0.0,0.875,0.0,0.0,0.0,0.0
7,7,0.046875,0.015625,0.015625,0.0,0.03125,0.015625,0.0,0.875,0.0,0.0,0.0,0.0
7,7,0.046875,0.015625,0.015625,0.0,0.03125,0.015625,0.0,0.875,0.0,0.0,0.0,0.0
7,7,0.046875,0.015625,0.015625,0.0,0.03125,0.015625,0.0,0.875,0.0,0.0,0.0,0.0
7,7,0.046875,0.015625,0.015625,0.0,0.03125,0.015625,0.0,0.875,0.0,0.0,0.0,0.0
7,7,0.046875,0.015625,0.015625,0.0,0.03125,0.015625,0.0,0.875,0.0,0.0,0.0,0.0
7,7,0.046875,0.015625,0.015625,0.0,0.03125,0.015625,0.0,0.875,0.0,0.0,0.0,0.0
7,7,0.046875,0.015625,0.015625,0.0,0.03125,0.015625,0.0,0.875,0.0,0.0,0.0,0.0
7,7,0.046875,0.015625,0.015625,0.0,0.03125,0.015625,0.0,0.875,0.0,0.0,0.0,0.0
7,7,0.046875,0.015625,0.015625,0.0,0.03125,0.015625,0.0,0.875,0.0,0.0,0.0,0.0
7,7,0.046875,0.015625,0.015625,0.0,0.03125,0.015625,0.0,0.875,0.0,0.0,0.0,0.0
7,7,0.046875,0.015625,0.015625,0.0,0.03125,0.015625,0.0,0.875,0.0,0.0,0.0,0.0
7,7,0.046875,0.015625,0.015625,0.0,0.03125,0.015625,0.0,0.875,0.0,0.0,0.0,0.0
7,7,0.046875,0.015625,0.015625,0.0,0.03125,0.015625,0.0,0.875,0.0,0.0,0.0,0.0
7,7,0.046875,0.015625,0.015625,0.0,0.03125,0.015625,0.0,0.875,0.0,0.0,0.0,0.0
7,7,0.046875,0.015625,0.015625,0.0,0.03125,0.015625,0.0,0.875,0.0,0.0,0.0,0.0
7,7,0.046875,0.015625,0.015625,0.0,0.03125,0.015625,0.0,0.875,0.0,0.0,0.0,0.0
7,7,0.046875,0.015625,0.015625,0.0,0.03125,0.015625,0.0,0.875,0.0,0.0,0.0,0.0
7,7,0.046875,0.015625,0.015625,0.0,0.03125,0.015625,0.0,0.875,0.0,0.0,0.0,0.0
7,7,0.046875,0.015625,0.015625,0.0,0.03125,0.015625,0.0,0.875,0.0,0.0,0.0,0.0
7,7,0.046875,0.015625,0.015625,0.0,0.03125,0.015625,0.0,0.875,0.0,0.0,0.0,0.0
7,7,0.046875,0.015625,0.015625,0.0,0.03125,0.015625,0.0,0.875,0.0,0.0,0.0,0.0
7,7,0.046875,0.015625,0.015625,0.0,0.03125,0.015625,0.0,0.875,0.0,0.0,0.0,0.0
7,7,0.0625,0.015625,0.03125,0.0,0.046875,0.015625,0.0,0.828125,0.0,0.0,0.0,0.0
7,7,0.0625,0.015625,0.03125,0.0,0.046875,0.015625,0.0,0.828125,0.0,0.0,0.0,0.0
7,7,0.0625,0.015625,0.03125,0.0,0.046875,0.015625,0.0,0.828125,0.0,0.0,0.0,0.0
7,7,0.0625,0.015625,0.03125,0.0,0.046875,0.015625,0.0,0.828125,0.0,0.0,0.0,0.0
7,7,0.0625,0.015625,0.03125,0.0,0.046875,0.015625,0.0,0.828125,0.0,0.0,0.0,0.0
7,7,0.0625,0.015625,0.03125,0.0,0.046875,0.015625,0.0,0.828125,0.0,0.0,0.0,0.0
7,7,0.0625,0.015625,0.03125,0.0,0.046875,0.015625,0.0,0.828125,0.0,0.0,0.0,0.0
7,7,0.0625,0.015625,0.03125,0.0,0.046875,0.015625,0.0,0.828125,0.0,0.0,0.0,0.0
7,7,0.046875,0.03125,0.03125,0.0,0.046875,0.015625,0.0,0.828125,0.0,0.0,0.0,0.0
7,7,0.046875,0.03125,0.03125,0.0,0.046875,0.015625,0.0,0.828125,0.0,0.0,0.0,0.0
7,7,0.046875,0.03125,0.03125,0.0,0.046875,0.015625,0.0,0.828125,0.0,0.0,0.0,0.0
7,7,0.046875,0.03125,0.03125,0.0,0.046875,0.015625,0.0,0.828125,0.0,0.0,0.0,0.0
7,7,0.046875,0.03125,0.03125,0.0,0.046875,0.015625,0.0,0.828125,0.0,0.0,0.0,0.0
7,7,0.046875,0.03125,0.03125,0.0,0.046875,0.015625,0.0,0.828125,0.0,0.0,0.0,0.0
7,7,0.046875,0.03125,0.03125,0.0,0.046875,0.015625,0.0,0.828125,0.0,0.0,0.0,0.0
7,7,0.046875,0.03125,0.03125,0.0,0.046875,0.015625,0.0,0.828125,0.0,0.0,0.0,0.0
7,7,0.046875,0.03125,0.03125,0.0,0.046875,0.015625,0.0,0.828125,0.0,0.0,0.0,0.0
7,7,0.046875,0.03125,0.03125,0.0,0.046875,0.015625,0.0,0.828125,0.0,0.0,0.0,0.0
7,7,0.046875,0.03125,0.03125,0.0,0.046875,0.015625,0.0,0.828125,0.0,0.0,0.0,0.0
7,7,0.046875,0.03125,0.03125,0.0,0.046875,0.015625,0.0,0.828125,0.0,0.0,0.0,0.0
7,7,0.046875,0.03125,0.03125,0.0,0.046875,0.015625,0.0,0.828125,0.0,0.0,0.0,0.0
7,7,0.046875,0.03125,0.03125,0.0,0.046875,0.015625,0.0,0.828125,0.0,0.0,0.0,0.0
7,7,0.046875,0.03125,0.03125,0.0,0.046875,0.015625,0.0,0.828125,0.0,0.0,0.0,0.0
7,7,0.046875,0.03125,0.03125,0.0,0.046875,0.015625,0.0,0.828125,0.0,0.0,0.0,0.0
7,7,0.046875,0.03125,0.03125,0.0,0.046875,0.015625,0.0,0.828125,0.0,0.0,0.0,0.0
7,7,0.046875,0.03125,0.03125,0.0,0.046875,0.015625,0.0,0.828125,0.0,0.0,0.0,0.0
7,7,0.046875,0.03125,0.03125,0.0,0.046875,0.015625,0.0,0.828125,0.0,0.0,0.0,0.0
7,7,0.046875,0.03125,0.03125,0.0,0.046875,0.015625,0.0,0.828125,0.0,0.0,0.0,0.0
7,7,0.046875,0.03125,0.03125,0.0,0.046875,0.015625,0.0,0.828125,0.0,0.0,0.0,0.0
7,7,0.046875,0.03125,0.03125,0.0,0.046875,0.015625,0.0,0.828125,0.0,0.0,0.0,0.0
7,7,0.046875,0.03125,0.03125,0.0,0.046875,0.015625,0.0,0.828125,0.0,0.0,0.0,0.0
7,7,0.046875,0.03125,0.03125,0.0,0.046875,0.015625,0.0,0.828125,0.0,0.0,0.0,0.0
7,7,0.046875,0.046875,0.03125,0.0,0.046875,0.015625,0.0,0.8125,0.0,0.0,0.0,0.0
7,7,0.046875,0.046875,0.03125,0.0,0.046875,0.015625,0.0,0.8125,0.0,0.0,0.0,0.0
7,7,0.046875,0.046875,0.03125,0.0,0.046875,0.015625,0.0,0.8125,0.0,0.0,0.0,0.0
7,7,0.046875,0.046875,0.03125,0.0,0.046875,0.015625,0.0,0.8125,0.0,0.0,0.0,0.0
7,7,0.046875,0.046875,0.03125,0.0,0.046875,0.015625,0.0,0.8125,0.0,0.0,0.0,0.0
7,7,0.046875,0.046875,0.03125,0.0,0.046875,0.015625,0.0,0.8125,0.0,0.0,0.0,0.0
7,7,0.046875,0.046875,0.03125,0.0,0.046875,0.015625,0.0,0.8125,0.0,0.0,0.0,0.0
7,7,0.046875,0.046875,0.03125,0.0,0.046875,0.015625,0.0,0.8125,0.0,0.0,0.0,0.0
7,7,0.046875,0.046875,0.03125,0.0,0.0625,0.015625,0.0,0.796875,0.0,0.0,0.0,0.0
7,7,0.046875,0.046875,0.03125,0.0,0.0625,0.015625,0.0,0.796875,0.0,0.0,0.0,0.0
7,7,0.046875,0.046875,0.03125,0.0,0.0625,0.015625,0.0,0.796875,0.0,0.0,0.0,0.0
7,7,0.046875,0.046875,0.03125,0.0,0.0625,0.015625,0.0,0.796875,0.0,0.0,0.0,0.0
7,7,0.046875,0.046875,0.03125,0.0,0.0625,0.015625,0.0,0.796875,0.0,0.0,0.0,0.0
7,7,0.046875,0.046875,0.03125,0.0,0.0625,0.015625,0.0,0.796875,0.0,0.0,0.0,0.0
7,7,0.046875,0.046875,0.03125,0.0,0.0625,0.015625,0.0,0.796875,0.0,0.0,0.0,0.0
7,7,0.046875,0.046875,0.03125,0.0,0.0625,0.015625,0.0,0.796875,0.0,0.0,0.0,0.0
7,7,0.046875,0.046875,0.03125,0.0,0.0625,0.015625,0.0,0.796875,0.0,0.0,0.0,0.0
7,7,0.046875,0.046875,0.03125,0.0,0.0625,0.015625,0.0,0.796875,0.0,0.0,0.0,0.0
7,7,0.046875,0.046875,0.03125,0.0,0.0625,0.015625,0.0,0.796875,0.0,0.0,0.0,0.0
7,7,0.046875,0.046875,0.03125,0.0,0.0625,0.015625,0.0,0.796875,0.0,0.0,0.0,0.0
7,7,0.046875,0.046875,0.03125,0.0,0.0625,0.015625,0.0,0.796875,0.0,0.0,0.0,0.0
7,7,0.046875,0.046875,0.03125,0.0,0.0625,0.015625,0.0,0.796875,0.0,0.0,0.0,0.0
7,7,0.046875,0.046875,0.03125,0.0,0.0625,0.015625,0.0,0.796875,0.0,0.0,0.0,0.0
7,7,0.046875,0.046875,0.03125,0.0,0.0625,0.015625,0.0,0.796875,0.0,0.0,0.0,0.0
7,7,0.046875,0.046875,0.03125,0.0,0.0625,0.015625,0.0,0.796875,0.0,0.0,0.0,0.0
7,7,0.046875,0.046875,0.03125,0.0,0.078125,0.0,0.0,0.796875,0.0,0.0,0.0,0.0
7,7,0.046875,0.046875,0.03125,0.0,0.078125,0.0,0.0,0.796875,0.0,0.0,0.0,0.0
7,7,0.046875,0.046875,0.03125,0.0,0.078125,0.0,0.0,0.796875,0.0,0.0,0.0,0.0
7,7,0.046875,0.046875,0.03125,0.0,0.0625,0.0,0.0,0.8125,0.0,0.0,0.0,0.0
7,7,0.046875,0.046875,0.03125,0.0,0.0625,0.0,0.0,0.8125,0.0,0.0,0.0,0.0
7,7,0.046875,0.046875,0.03125,0.0,0.0625,0.0,0.0,0.8125,0.0,0.0,0.0,0.0
7,7,0.046875,0.046875,0.03125,0.0,0.0625,0.0,0.0,0.8125,0.0,0.0,0.0,0.0
7,7,0.046875,0.046875,0.03125,0.0,0.0625,0.0,0.0,0.8125,0.0,0.0,0.0,0.0
7,7,0.046875,0.046875,0.03125,0.0,0.0625,0.0,0.0,0.8125,0.0,0.0,0.0,0.0
7,7,0.046875,0.046875,0.03125,0.0,0.0625,0.0,0.0,0.8125,0.0,0.0,0.0,0.0
7,7,0.046875,0.046875,0.03125,0.0,0.0625,0.0,0.0,0.8125,0.0,0.0,0.0,0.0
7,7,0.046875,0.046875,0.03125,0.0,0.0625,0.0,0.0,0.8125,0.0,0.0,0.0,0.0
7,7,0.046875,0.046875,0.03125,0.0,0.0625,0.0,0.0,0.8125,0.0,0.0,0.0,0.0
7,7,0.046875,0.046875,0.03125,0.0,0.0625,0.0,0.0,0.8125,0.0,0.0,0.0,0.0
7,7,0.046875,0.046875,0.03125,0.0,0.0625,0.0,0.0,0.8125,0.0,0.0,0.0,0.0
7,7,0.046875,0.0625,0.03125,0.0,0.0625,0.0,0.0,0.796875,0.0,0.0,0.0,0.0
7,7,0.046875,0.0625,0.03125,0.0,0.0625,0.0,0.0,0.796875,0.0,0.0,0.0,0.0
7,7,0.046875,0.0625,0.03125,0.0,0.0625,0.0,0.0,0.796875,0.0,0.0,0.0,0.0
7,7,0.046875,0.0625,0.03125,0.0,0.0625,0.0,0.0,0.796875,0.0,0.0,0.0,0.0
7,7,0.046875,0.0625,0.03125,0.0,0.0625,0.0,0.0,0.796875,0.0,0.0,0.0,0.0
7,7,0.046875,0.0625,0.03125,0.0,0.0625,0.0,0.0,0.796875,0.0,0.0,0.0,0.0
7,7,0.046875,0.0625,0.03125,0.0,0.0625,0.0,0.0,0.796875,0.0,0.0,0.0,0.0
7,7,0.046875,0.0625,0.03125,0.0,0.0625,0.0,0.0,0.796875,0.0,0.0,0.0,0.0
7,7,0.0625,0.0625,0.03125,0.0,0.0625,0.0,0.0,0.78125,0.0,0.0,0.0,0.0
7,7,0.0625,0.0625,0.03125,0.0,0.0625,0.0,0.0,0.78125,0.0,0.0,0.0,0.0
7,7,0.0625,0.0625,0.03125,0.0,0.0625,0.0,0.0,0.78125,0.0,0.0,0.0,0.0
7,7,0.0625,0.0625,0.03125,0.0,0.0625,0.0,0.0,0.78125,0.0,0.0,0.0,0.0
7,7,0.0625,0.0625,0.03125,0.0,0.0625,0.0,0.0,0.78125,0.0,0.0,0.0,0.0
7,7,0.0625,0.0625,0.03125,0.0,0.0625,0.0,0.0,0.78125,0.0,0.0,0.0,0.0
7,7,0.0625,0.0625,0.03125,0.0,0.0625,0.0,0.0,0.78125,0.0,0.0,0.0,0.0
7,7,0.0625,0.0625,0.03125,0.0,0.0625,0.0,0.0,0.78125,0.0,0.0,0.0,0.0
7,7,0.0625,0.0625,0.03125,0.0,0.0625,0.0,0.0,0.78125,0.0,0.0,0.0,0.0
7,7,0.0625,0.0625,0.03125,0.0,0.0625,0.0,0.0,0.78125,0.0,0.0,0.0,0.0
7,7,0.0625,0.0625,0.03125,0.0,0.0625,0.0,0.0,0.78125,0.0,0.0,0.0,0.0
7,7,0.0625,0.0625,0.03125,0.0,0.0625,0.0,0.0,0.78125,0.0,0.0,0.0,0.0
7,7,0.0625,0.0625,0.03125,0.0,0.0625,0.0,0.0,0.78125,0.0,0.0,0.0,0.0
7,7,0.0625,0.0625,0.03125,0.0,0.0625,0.0,0.0,0.78125,0.0,0.0,0.0,0.0
7,7,0.0625,0.0625,0.03125,0.0,0.0625,0.0,0.0,0.78125,0.0,0.0,0.0,0.0
7,7,0.0625,0.0625,0.03125,0.0,0.0625,0.0,0.0,0.78125,0.0,0.0,0.0,0.0
7,7,0.0625,0.0625,0.03125,0.0,0.078125,0.0,0.0,0.765625,0.0,0.0,0.0,0.0
7,7,0.0625,0.0625,0.03125,0.0,0.078125,0.0,0.0,0.765625,0.0,0.0,0.0,0.0
7,7,0.0625,0.0625,0.03125,0.0,0.078125,0.0,0.0,0.765625,0.0,0.0,0.0,0.0
7,7,0.0625,0.0625,0.03125,0.0,0.078125,0.0,0.0,0.765625,0.0,0.0,0.0,0.0
7,7,0.0625,0.0625,0.03125,0.0,0.078125,0.0,0.0,0.765625,0.0,0.0,0.0,0.0
7,7,0.0625,0.0625,0.03125,0.0,0.078125,0.0,0.0,0.765625,0.0,0.0,0.0,0.0
7,7,0.0625,0.0625,0.03125,0.0,0.078125,0.0,0.0,0.765625,0.0,0.0,0.0,0.0
7,7,0.0625,0.0625,0.03125,0.0,0.078125,0.0,0.0,0.765625,0.0,0.0,0.0,0.0
7,7,0.0625,0.0625,0.03125,0.0,0.078125,0.0,0.0,0.765625,0.0,0.0,0.0,0.0
7,7,0.0625,0.0625,0.03125,0.0,0.078125,0.0,0.0,0.765625,0.0,0.0,0.0,0.0
7,7,0.0625,0.0625,0.03125,0.0,0.078125,0.0,0.0,0.765625,0.0,0.0,0.0,0.0
7,7,0.0625,0.0625,0.03125,0.0,0.078125,0.0,0.0,0.765625,0.0,0.0,0.0,0.0
7,7,0.0625,0.0625,0.03125,0.0,0.078125,0.0,0.0,0.765625,0.0,0.0,0.0,0.0
7,7,0.0625,0.0625,0.03125,0.0,0.078125,0.0,0.0,0.765625,0.0,0.0,0.0,0.0
7,7,0.0625,0.0625,0.03125,0.0,0.078125,0.0,0.0,0.765625,0.0,0.0,0.0,0.0
7,7,0.0625,0.0625,0.03125,0.0,0.078125,0.0,0.0,0.765625,0.0,0.0,0.0,0.0
7,7,0.0625,0.0625,0.03125,0.0,0.078125,0.0,0.0,0.765625,0.0,0.0,0.0,0.0
7,7,0.0625,0.0625,0.03125,0.0,0.078125,0.0,0.0,0.765625,0.0,0.0,0.0,0.0
7,7,0.0625,0.0625,0.03125,0.0,0.078125,0.0,0.0,0.765625,0.0,0.0,0.0,0.0
7,7,0.0625,0.0625,0.03125,0.0,0.078125,0.0,0.0,0.765625,0.0,0.0,0.0,0.0
7,7,0.0625,0.0625,0.03125,0.0,0.078125,0.0,0.0,0.765625,0.0,0.0,0.0,0.0
7,7,0.0625,0.0625,0.03125,0.0,0.078125,0.0,0.0,0.765625,0.0,0.0,0.0,0.0
7,7,0.0625,0.0625,0.03125,0.0,0.078125,0.0,0.0,0.765625,0.0,0.0,0.0,0.0
7,7,0.0625,0.0625,0.03125,0.0,0.078125,0.0,0.0,0.765625,0.0,0.0,0.0,0.0
7,7,0.0625,0.0625,0.03125,0.0,0.09375,0.0,0.0,0.75,0.0,0.0,0.0,0.0
7,7,0.0625,0.0625,0.03125,0.0,0.09375,0.0,0.0,0.75,0.0,0.0,0.0,0.0
7,7,0.0625,0.0625,0.03125,0.0,0.09375,0.0,0.0,0.75,0.0,0.0,0.0,0.0
7,7,0.0625,0.0625,0.03125,0.0,0.09375,0.0,0.0,0.75,0.0,0.0,0.0,0.0
7,7,0.0625,0.0625,0.03125,0.0,0.09375,0.0,0.0,0.75,0.0,0.0,0.0,0.0
7,7,0.0625,0.0625,0.03125,0.0,0.09375,0.0,0.0,0.75,0.0,0.0,0.0,0.0
7,7,0.0625,0.0625,0.046875,0.0,0.09375,0.0,0.0,0.734375,0.0,0.0,0.0,0.0
7,7,0.0625,0.0625,0.046875,0.0,0.09375,0.0,0.0,0.734375,0.0,0.0,0.0,0.0
7,7,0.0625,0.0625,0.046875,0.0,0.09375,0.0,0.0,0.734375,0.0,0.0,0.0,0.0
7,7,0.0625,0.0625,0.046875,0.0,0.09375,0.0,0.0,0.734375,0.0,0.0,0.0,0.0
7,7,0.0625,0.0625,0.046875,0.0,0.09375,0.0,0.0,0.734375,0.0,0.0,0.0,0.0
7,7,0.0625,0.0625,0.046875,0.0,0.09375,0.0,0.0,0.734375,0.0,0.0,0.0,0.0
7,7,0.0625,0.0625,0.046875,0.0,0.09375,0.0,0.0,0.734375,0.0,0.0,0.0,0.0
7,7,0.0625,0.0625,0.0625,0.0,0.09375,0.0,0.0,0.71875,0.0,0.0,0.0,0.0
7,7,0.0625,0.0625,0.0625,0.0,0.09375,0.0,0.0,0.71875,0.0,0.0,0.0,0.0
7,7,0.0625,0.0625,0.0625,0.0,0.09375,0.0,0.0,0.71875,0.0,0.0,0.0,0.0
7,7,0.0625,0.0625,0.0625,0.0,0.09375,0.0,0.0,0.71875,0.0,0.0,0.0,0.0
7,7,0.0625,0.0625,0.0625,0.0,0.09375,0.0,0.0,0.71875,0.0,0.0,0.0,0.0
7,7,0.0625,0.0625,0.0625,0.0,0.09375,0.0,0.0,0.71875,0.0,0.0,0.0,0.0
7,7,0.0625,0.0625,0.0625,0.0,0.09375,0.0,0.0,0.71875,0.0,0.0,0.0,0.0
7,7,0.0625,0.0625,0.0625,0.0,0.09375,0.0,0.0,0.71875,0.0,0.0,0.0,0.0
7,7,0.0625,0.0625,0.0625,0.0,0.09375,0.0,0.0,0.71875,0.0,0.0,0.0,0.0
7,7,0.0625,0.0625,0.0625,0.0,0.09375,0.0,0.0,0.71875,0.0,0.0,0.0,0.0
7,7,0.0625,0.0625,0.0625,0.0,0.09375,0.0,0.0,0.71875,0.0,0.0,0.0,0.0
7,7,0.0625,0.0625,0.046875,0.0,0.09375,0.0,0.0,0.734375,0.0,0.0,0.0,0.0
7,7,0.0625,0.0625,0.046875,0.0,0.09375,0.0,0.0,0.734375,0.0,0.0,0.0,0.0
7,7,0.0625,0.0625,0.046875,0.0,0.09375,0.0,0.0,0.734375,0.0,0.0,0.0,0.0
7,7,0.0625,0.0625,0.046875,0.0,0.09375,0.0,0.0,0.734375,0.0,0.0,0.0,0.0
7,7,0.0625,0.0625,0.046875,0.0,0.09375,0.0,0.0,0.734375,0.0,0.0,0.0,0.0
7,7,0.0625,0.0625,0.046875,0.0,0.09375,0.0,0.0,0.734375,0.0,0.0,0.0,0.0
7,7,0.0625,0.0625,0.046875,0.0,0.09375,0.0,0.0,0.734375,0.0,0.0,0.0,0.0
7,7,0.0625,0.0625,0.046875,0.0,0.09375,0.0,0.0,0.734375,0.0,0.0,0.0,0.0
7,7,0.0625,0.0625,0.0625,0.0,0.09375,0.0,0.0,0.71875,0.0,0.0,0.0,0.0
7,7,0.0625,0.0625,0.0625,0.0,0.09375,0.0,0.0,0.71875,0.0,0.0,0.0,0.0
7,7,0.0625,0.0625,0.0625,0.0,0.09375,0.0,0.0,0.71875,0.0,0.0,0.0,0.0
7,7,0.0625,0.0625,0.0625,0.0,0.09375,0.0,0.0,0.71875,0.0,0.0,0.0,0.0
7,7,0.0625,0.0625,0.0625,0.0,0.09375,0.0,0.0,0.71875,0.0,0.0,0.0,0.0
7,7,0.0625,0.0625,0.0625,0.0,0.09375,0.0,0.0,0.71875,0.0,0.0,0.0,0.0
7,7,0.0625,0.0625,0.0625,0.0,0.09375,0.0,0.0,0.71875,0.0,0.0,0.0,0.0
7,7,0.0625,0.0625,0.0625,0.0,0.09375,0.0,0.0,0.71875,0.0,0.0,0.0,0.0
7,7,0.0625,0.0625,0.0625,0.0,0.109375,0.0,0.0,0.703125,0.0,0.0,0.0,0.0
7,7,0.0625,0.0625,0.0625,0.0,0.109375,0.0,0.0,0.703125,0.0,0.0,0.0,0.0
7,7,0.0625,0.0625,0.0625,0.0,0.109375,0.0,0.0,0.703125,0.0,0.0,0.0,0.0
7,7,0.0625,0.0625,0.0625,0.0,0.109375,0.0,0.0,0.703125,0.0,0.0,0.0,0.0
7,7,0.0625,0.0625,0.0625,0.0,0.109375,0.0,0.0,0.703125,0.0,0.0,0.0,0.0
7,7,0.0625,0.0625,0.0625,0.0,0.109375,0.0,0.0,0.703125,0.0,0.0,0.0,0.0
7,7,0.0625,0.0625,0.0625,0.0,0.109375,0.0,0.0,0.703125,0.0,0.0,0.0,0.0
7,7,0.0625,0.0625,0.0625,0.0,0.109375,0.0,0.0,0.703125,0.0,0.0,0.0,0.0
7,7,0.0625,0.0625,0.0625,0.0,0.109375,0.0,0.0,0.703125,0.0,0.0,0.0,0.0
7,7,0.0625,0.0625,0.0625,0.0,0.109375,0.0,0.0,0.703125,0.0,0.0,0.0,0.0
7,7,0.0625,0.0625,0.0625,0.0,0.109375,0.0,0.0,0.703125,0.0,0.0,0.0,0.0
7,7,0.0625,0.0625,0.0625,0.0,0.109375,0.0,0.0,0.703125,0.0,0.0,0.0,0.0
7,7,0.0625,0.0625,0.0625,0.0,0.109375,0.0,0.0,0.703125,0.0,0.0,0.0,0.0
7,7,0.0625,0.0625,0.0625,0.0,0.109375,0.0,0.0,0.703125,0.0,0.0,0.0,0.0
7,7,0.0625,0.0625,0.0625,0.0,0.109375,0.0,0.0,0.703125,0.0,0.0,0.0,0.0
7,7,0.0625,0.0625,0.0625,0.0,0.109375,0.0,0.0,0.703125,0.0,0.0,0.0,0.0
7,7,0.0625,0.0625,0.0625,0.0,0.109375,0.0,0.0,0.703125,0.0,0.0,0.0,0.0
7,7,0.0625,0.0625,0.0625,0.0,0.109375,0.0,0.0,0.703125,0.0,0.0,0.0,0.0
7,7,0.0625,0.0625,0.0625,0.0,0.109375,0.0,0.0,0.703125,0.0,0.0,0.0,0.0
7,7,0.0625,0.0625,0.0625,0.0,0.109375,0.0,0.0,0.703125,0.0,0.0,0.0,0.0
7,7,0.0625,0.0625,0.078125,0.0,0.109375,0.0,0.0,0.6875,0.0,0.0,0.0,0.0
7,7,0.0625,0.0625,0.078125,0.0,0.109375,0.0,0.0,0.6875,0.0,0.0,0.0,0.0
7,7,0.0625,0.0625,0.078125,0.0,0.109375,0.0,0.0,0.6875,0.0,0.0,0.0,0.0
7,7,0.0625,0.0625,0.078125,0.0,0.109375,0.0,0.0,0.6875,0.0,0.0,0.0,0.0
7,7,0.0625,0.0625,0.078125,0.0,0.109375,0.0,0.0,0.6875,0.0,0.0,0.0,0.0
7,7,0.0625,0.0625,0.078125,0.0,0.109375,0.0,0.0,0.6875,0.0,0.0,0.0,0.0
7,7,0.0625,0.0625,0.078125,0.0,0.109375,0.0,0.0,0.6875,0.0,0.0,0.0,0.0
7,7,0.0625,0.0625,0.078125,0.0,0.109375,0.0,0.0,0.6875,0.0,0.0,0.0,0.0
7,7,0.0625,0.0625,0.078125,0.0,0.109375,0.0,0.0,0.6875,0.0,0.0,0.0,0.0
7,7,0.0625,0.0625,0.078125,0.0,0.109375,0.0,0.0,0.6875,0.0,0.0,0.0,0.0
7,7,0.0625,0.0625,0.09375,0.0,0.109375,0.0,0.0,0.671875,0.0,0.0,0.0,0.0
7,7,0.0625,0.0625,0.09375,0.0,0.109375,0.0,0.0,0.671875,0.0,0.0,0.0,0.0
7,7,0.0625,0.0625,0.09375,0.0,0.109375,0.0,0.0,0.671875,0.0,0.0,0.0,0.0
7,7,0.0625,0.0625,0.09375,0.0,0.109375,0.0,0.0,0.671875,0.0,0.0,0.0,0.0
7,7,0.0625,0.0625,0.09375,0.0,0.109375,0.0,0.0,0.671875,0.0,0.0,0.0,0.0
7,7,0.0625,0.0625,0.09375,0.0,0.109375,0.0,0.0,0.671875,0.0,0.0,0.0,0.0
7,7,0.0625,0.0625,0.09375,0.0,0.109375,0.0,0.0,0.671875,0.0,0.0,0.0,0.0
7,7,0.0625,0.0625,0.09375,0.0,0.109375,0.0,0.0,0.671875,0.0,0.0,0.0,0.0
7,7,0.0625,0.0625,0.09375,0.0,0.109375,0.0,0.0,0.671875,0.0,0.0,0.0,0.0
7,7,0.0625,0.0625,0.09375,0.0,0.109375,0.0,0.0,0.671875,0.0,0.0,0.0,0.0
7,7,0.0625,0.0625,0.09375,0.0,0.109375,0.0,0.0,0.671875,0.0,0.0,0.0,0.0
7,7,0.0625,0.0625,0.09375,0.0,0.109375,0.0,0.0,0.671875,0.0,0.0,0.0,0.0
7,7,0.0625,0.0625,0.09375,0.0,0.109375,0.0,0.0,0.671875,0.0,0.0,0.0,0.0
7,7,0.0625,0.0625,0.09375,0.0,0.109375,0.0,0.0,0.671875,0.0,0.0,0.0,0.0
7,7,0.0625,0.0625,0.09375,0.0,0.109375,0.0,0.0,0.671875,0.0,0.0,0.0,0.0
7,7,0.0625,0.0625,0.09375,0.0,0.109375,0.0,0.0,0.671875,0.0,0.0,0.0,0.0
7,7,0.0625,0.0625,0.09375,0.0,0.109375,0.0,0.0,0.671875,0.0,0.0,0.0,0.0
7,7,0.0625,0.0625,0.09375,0.0,0.109375,0.0,0.0,0.671875,0.0,0.0,0.0,0.0
7,7,0.0625,0.0625,0.09375,0.0,0.109375,0.0,0.0,0.671875,0.0,0.0,0.0,0.0
7,7,0.0625,0.0625,0.09375,0.0,0.109375,0.0,0.0,0.671875,0.0,0.0,0.0,0.0
7,7,0.0625,0.0625,0.09375,0.0,0.109375,0.0,0.0,0.671875,0.0,0.0,0.0,0.0
7,7,0.0625,0.0625,0.09375,0.0,0.109375,0.0,0.0,0.671875,0.0,0.0,0.0,0.0
7,7,0.0625,0.0625,0.09375,0.0,0.109375,0.0,0.0,0.671875,0.0,0.0,0.0,0.0
7,7,0.0625,0.0625,0.09375,0.0,0.109375,0.0,0.0,0.671875,0.0,0.0,0.0,0.0
7,7,0.0625,0.0625,0.09375,0.0,0.109375,0.0,0.0,0.671875,0.0,0.0,0.0,0.0
7,7,0.0625,0.0625,0.09375,0.0,0.109375,0.0,0.0,0.671875,0.0,0.0,0.0,0.0
7,7,0.0625,0.078125,0.09375,0.0,0.109375,0.0,0.0,0.65625,0.0,0.0,0.0,0.0
7,7,0.0625,0.078125,0.09375,0.0,0.109375,0.0,0.0,0.65625,0.0,0.0,0.0,0.0
7,7,0.0625,0.078125,0.09375,0.0,0.109375,0.0,0.0,0.65625,0.0,0.0,0.0,0.0
7,7,0.0625,0.078125,0.09375,0.0,0.109375,0.0,0.0,0.65625,0.0,0.0,0.0,0.0
7,7,0.0625,0.078125,0.09375,0.0,0.109375,0.0,0.0,0.65625,0.0,0.0,0.0,0.0
7,7,0.0625,0.078125,0.09375,0.0,0.109375,0.0,0.0,0.65625,0.0,0.0,0.0,0.0
7,7,0.0625,0.078125,0.09375,0.0,0.109375,0.0,0.0,0.65625,0.0,0.0,0.0,0.0
7,7,0.0625,0.078125,0.09375,0.0,0.109375,0.0,0.0,0.65625,0.0,0.0,0.0,0.0
7,7,0.0625,0.078125,0.09375,0.0,0.109375,0.0,0.0,0.65625,0.0,0.0,0.0,0.0
7,7,0.0625,0.078125,0.09375,0.0,0.109375,0.0,0.0,0.65625,0.0,0.0,0.0,0.0
7,7,0.0625,0.078125,0.09375,0.0,0.109375,0.0,0.0,0.65625,0.0,0.0,0.0,0.0
7,7,0.0625,0.078125,0.09375,0.0,0.109375,0.0,0.0,0.65625,0.0,0.0,0.0,0.0
7,7,0.0625,0.078125,0.09375,0.0,0.109375,0.0,0.0,0.65625,0.0,0.0,0.0,0.0
7,7,0.0625,0.078125,0.09375,0.0,0.109375,0.0,0.0,0.65625,0.0,0.0,0.0,0.0
7,7,0.0625,0.078125,0.09375,0.0,0.109375,0.0,0.0,0.65625,0.0,0.0,0.0,0.0
7,7,0.0625,0.078125,0.09375,0.0,0.109375,0.0,0.0,0.65625,0.0,0.0,0.0,0.0
7,7,0.0625,0.078125,0.09375,0.0,0.109375,0.0,0.0,0.65625,0.0,0.0,0.0,0.0
7,7,0.0625,0.078125,0.09375,0.0,0.109375,0.0,0.0,0.65625,0.0,0.0,0.0,0.0
7,7,0.0625,0.078125,0.09375,0.0,0.109375,0.0,0.0,0.65625,0.0,0.0,0.0,0.0
7,7,0.0625,0.078125,0.09375,0.0,0.109375,0.0,0.0,0.65625,0.0,0.0,0.0,0.0
7,7,0.0625,0.078125,0.09375,0.0,0.109375,0.0,0.0,0.65625,0.0,0.0,0.0,0.0
7,7,0.0625,0.078125,0.09375,0.0,0.109375,0.0,0.0,0.65625,0.0,0.0,0.0,0.0
7,7,0.0625,0.078125,0.09375,0.0,0.109375,0.0,0.0,0.65625,0.0,0.0,0.0,0.0
7,7,0.0625,0.078125,0.09375,0.0,0.109375,0.0,0.0,0.65625,0.0,0.0,0.0,0.0
7,7,0.0625,0.078125,0.109375,0.0,0.109375,0.0,0.0,0.625,0.0,0.0,0.0,0.015625
7,7,0.0625,0.078125,0.109375,0.0,0.109375,0.0,0.0,0.625,0.0,0.0,0.0,0.015625
7,7,0.0625,0.078125,0.109375,0.0,0.109375,0.0,0.0,0.625,0.0,0.0,0.0,0.015625
7,7,0.0625,0.078125,0.109375,0.0,0.109375,0.0,0.0,0.625,0.0,0.0,0.0,0.015625
7,7,0.0625,0.078125,0.109375,0.0,0.109375,0.0,0.0,0.625,0.0,0.0,0.0,0.015625
7,7,0.0625,0.078125,0.109375,0.0,0.109375,0.0,0.0,0.625,0.0,0.0,0.0,0.015625
7,7,0.0625,0.078125,0.109375,0.0,0.109375,0.0,0.0,0.625,0.0,0.0,0.0,0.015625
7,7,0.0625,0.078125,0.109375,0.0,0.109375,0.0,0.0,0.625,0.0,0.0,0.0,0.015625
7,7,0.0625,0.09375,0.09375,0.0,0.109375,0.0,0.0,0.625,0.0,0.0,0.0,0.015625
7,7,0.0625,0.09375,0.09375,0.0,0.109375,0.0,0.0,0.625,0.0,0.0,0.0,0.015625
7,7,0.0625,0.09375,0.09375,0.0,0.109375,0.0,0.0,0.625,0.0,0.0,0.0,0.015625
7,7,0.0625,0.09375,0.09375,0.0,0.109375,0.0,0.0,0.625,0.0,0.0,0.0,0.015625
7,7,0.0625,0.09375,0.109375,0.0,0.109375,0.0,0.0,0.609375,0.0,0.0,0.0,0.015625
7,7,0.0625,0.09375,0.109375,0.0,0.109375,0.0,0.0,0.609375,0.0,0.0,0.0,0.015625
7,7,0.0625,0.09375,0.109375,0.0,0.109375,0.0,0.0,0.609375,0.0,0.0,0.0,0.015625
7,7,0.0625,0.09375,0.109375,0.0,0.109375,0.0,0.0,0.609375,0.0,0.0,0.0,0.015625
7,7,0.0625,0.09375,0.109375,0.0,0.109375,0.0,0.0,0.609375,0.0,0.0,0.0,0.015625
7,7,0.0625,0.09375,0.109375,0.0,0.109375,0.0,0.0,0.609375,0.0,0.0,0.0,0.015625
7,7,0.0625,0.09375,0.109375,0.0,0.109375,0.0,0.0,0.609375,0.0,0.0,0.0,0.015625
7,7,0.0625,0.09375,0.109375,0.0,0.109375,0.0,0.0,0.609375,0.0,0.0,0.0,0.015625
7,7,0.0625,0.09375,0.109375,0.0,0.109375,0.0,0.0,0.609375,0.0,0.0,0.0,0.015625
7,7,0.0625,0.09375,0.109375,0.0,0.109375,0.0,0.0,0.609375,0.0,0.0,0.0,0.015625
7,7,0.0625,0.09375,0.109375,0.0,0.109375,0.0,0.0,0.609375,0.0,0.0,0.0,0.015625
7,7,0.0625,0.09375,0.109375,0.0,0.109375,0.0,0.0,0.609375,0.0,0.0,0.0,0.015625
7,7,0.0625,0.09375,0.109375,0.0,0.109375,0.0,0.0,0.609375,0.0,0.0,0.0,0.015625
7,7,0.0625,0.09375,0.109375,0.0,0.109375,0.0,0.0,0.609375,0.0,0.0,0.0,0.015625
7,7,0.0625,0.09375,0.109375,0.0,0.109375,0.0,0.0,0.609375,0.0,0.0,0.0,0.015625
7,7,0.0625,0.09375,0.109375,0.0,0.109375,0.0,0.0,0.609375,0.0,0.0,0.0,0.015625
7,7,0.0625,0.09375,0.109375,0.0,0.109375,0.0,0.0,0.609375,0.0,0.0,0.0,0.015625
7,7,0.0625,0.09375,0.109375,0.0,0.109375,0.0,0.0,0.609375,0.0,0.0,0.0,0.015625
7,7,0.0625,0.09375,0.109375,0.0,0.109375,0.0,0.0,0.609375,0.0,0.0,0.0,0.015625
7,7,0.0625,0.09375,0.109375,0.0,0.109375,0.0,0.0,0.609375,0.0,0.0,0.0,0.015625
7,7,0.0625,0.09375,0.109375,0.0,0.109375,0.0,0.0,0.609375,0.0,0.0,0.0,0.015625
7,7,0.0625,0.09375,0.109375,0.0,0.109375,0.0,0.0,0.609375,0.0,0.0,0.0,0.015625
7,7,0.0625,0.09375,0.109375,0.0,0.109375,0.0,0.0,0.609375,0.0,0.0,0.0,0.015625
7,7,0.0625,0.09375,0.109375,0.0,0.109375,0.0,0.0,0.609375,0.0,0.0,0.0,0.015625
7,7,0.0625,0.078125,0.109375,0.0,0.109375,0.0,0.0,0.625,0.0,0.0,0.0,0.015625
7,7,0.0625,0.078125,0.109375,0.0,0.109375,0.0,0.0,0.625,0.0,0.0,0.0,0.015625
7,7,0.0625,0.078125,0.109375,0.0,0.109375,0.0,0.0,0.625,0.0,0.0,0.0,0.015625
7,7,0.0625,0.078125,0.109375,0.0,0.109375,0.0,0.0,0.625,0.0,0.0,0.0,0.015625
7,7,0.0625,0.078125,0.109375,0.0,0.109375,0.0,0.0,0.625,0.0,0.0,0.0,0.015625
7,7,0.0625,0.078125,0.109375,0.0,0.109375,0.0,0.0,0.625,0.0,0.0,0.0,0.015625
7,7,0.0625,0.078125,0.109375,0.0,0.109375,0.0,0.0,0.625,0.0,0.0,0.0,0.015625
7,7,0.0625,0.078125,0.109375,0.0,0.109375,0.0,0.0,0.625,0.0,0.0,0.0,0.015625
7,7,0.0625,0.078125,0.109375,0.0,0.109375,0.0,0.0,0.625,0.0,0.0,0.0,0.015625
7,7,0.0625,0.078125,0.109375,0.0,0.109375,0.0,0.0,0.625,0.0,0.0,0.0,0.015625
7,7,0.0625,0.078125,0.109375,0.0,0.109375,0.0,0.0,0.625,0.0,0.0,0.0,0.015625
7,7,0.0625,0.078125,0.109375,0.0,0.109375,0.0,0.0,0.625,0.0,0.0,0.0,0.015625
7,7,0.0625,0.0625,0.109375,0.0,0.109375,0.0,0.0,0.640625,0.0,0.0,0.0,0.015625
7,7,0.0625,0.0625,0.109375,0.0,0.109375,0.0,0.0,0.640625,0.0,0.0,0.0,0.015625
7,7,0.0625,0.0625,0.109375,0.0,0.109375,0.0,0.0,0.640625,0.0,0.0,0.0,0.015625
7,7,0.0625,0.0625,0.109375,0.0,0.109375,0.0,0.0,0.640625,0.0,0.0,0.0,0.015625
7,7,0.0625,0.0625,0.109375,0.0,0.109375,0.0,0.0,0.640625,0.0,0.0,0.0,0.015625
7,7,0.0625,0.0625,0.109375,0.0,0.109375,0.0,0.0,0.640625,0.0,0.0,0.0,0.015625
7,7,0.0625,0.0625,0.109375,0.0,0.109375,0.0,0.0,0.640625,0.0,0.0,0.0,0.015625
7,7,0.0625,0.0625,0.109375,0.0,0.109375,0.0,0.0,0.640625,0.0,0.0,0.0,0.015625
7,7,0.0625,0.0625,0.109375,0.0,0.109375,0.0,0.0,0.640625,0.0,0.0,0.0,0.015625
7,7,0.0625,0.0625,0.109375,0.0,0.109375,0.0,0.0,0.640625,0.0,0.0,0.0,0.015625
7,7,0.0625,0.0625,0.109375,0.0,0.109375,0.0,0.0,0.640625,0.0,0.0,0.0,0.015625
7,7,0.0625,0.0625,0.109375,0.0,0.109375,0.0,0.0,0.640625,0.0,0.0,0.0,0.015625
7,7,0.0625,0.0625,0.109375,0.0,0.109375,0.0,0.0,0.640625,0.0,0.0,0.0,0.015625
7,7,0.0625,0.0625,0.109375,0.0,0.109375,0.0,0.0,0.640625,0.0,0.0,0.0,0.015625
7,7,0.0625,0.0625,0.109375,0.0,0.109375,0.0,0.0,0.640625,0.0,0.0,0.0,0.015625
7,7,0.0625,0.0625,0.109375,0.0,0.109375,0.0,0.0,0.640625,0.0,0.0,0.0,0.015625
7,7,0.0625,0.0625,0.109375,0.0,0.109375,0.0,0.0,0.640625,0.0,0.0,0.0,0.015625
7,7,0.0625,0.0625,0.109375,0.0,0.109375,0.0,0.0,0.640625,0.0,0.0,0.0,0.015625
7,7,0.0625,0.0625,0.109375,0.0,0.109375,0.0,0.0,0.640625,0.0,0.0,0.0,0.015625
7,7,0.0625,0.0625,0.109375,0.0,0.109375,0.0,0.0,0.640625,0.0,0.0,0.0,0.015625
7,7,0.0625,0.0625,0.109375,0.0,0.109375,0.0,0.0,0.640625,0.0,0.0,0.0,0.015625
7,7,0.0625,0.0625,0.109375,0.0,0.109375,0.0,0.0,0.640625,0.0,0.0,0.0,0.015625
7,7,0.0625,0.0625,0.109375,0.0,0.109375,0.0,0.0,0.640625,0.0,0.0,0.0,0.015625
7,7,0.0625,0.0625,0.109375,0.0,0.109375,0.0,0.0,0.640625,0.0,0.0,0.0,0.015625
7,7,0.0625,0.0625,0.109375,0.0,0.109375,0.0,0.0,0.640625,0.0,0.0,0.0,0.015625
7,7,0.0625,0.0625,0.109375,0.0,0.109375,0.0,0.0,0.640625,0.0,0.0,0.0,0.015625
7,7,0.0625,0.0625,0.109375,0.0,0.109375,0.0,0.0,0.640625,0.0,0.0,0.0,0.015625
7,7,0.0625,0.0625,0.109375,0.0,0.109375,0.0,0.0,0.640625,0.0,0.0,0.0,0.015625
7,7,0.0625,0.0625,0.109375,0.0,0.109375,0.0,0.0,0.640625,0.0,0.0,0.0,0.015625
7,7,0.0625,0.0625,0.109375,0.0,0.109375,0.0,0.0,0.640625,0.0,0.0,0.0,0.015625
7,7,0.078125,0.0625,0.109375,0.0,0.109375,0.0,0.0,0.625,0.0,0.0,0.0,0.015625
7,7,0.078125,0.0625,0.109375,0.0,0.109375,0.0,0.0,0.625,0.0,0.0,0.0,0.015625
7,7,0.078125,0.0625,0.109375,0.0,0.09375,0.0,0.0,0.65625,0.0,0.0,0.0,0.0
7,7,0.078125,0.0625,0.109375,0.0,0.09375,0.0,0.0,0.65625,0.0,0.0,0.0,0.0
7,7,0.078125,0.0625,0.109375,0.0,0.09375,0.0,0.0,0.65625,0.0,0.0,0.0,0.0
7,7,0.078125,0.0625,0.109375,0.0,0.09375,0.0,0.0,0.65625,0.0,0.0,0.0,0.0
7,7,0.078125,0.0625,0.109375,0.0,0.09375,0.0,0.0,0.65625,0.0,0.0,0.0,0.0
7,7,0.078125,0.0625,0.109375,0.0,0.09375,0.0,0.0,0.65625,0.0,0.0,0.0,0.0
7,7,0.078125,0.0625,0.109375,0.0,0.09375,0.0,0.0,0.65625,0.0,0.0,0.0,0.0
7,7,0.078125,0.0625,0.109375,0.0,0.09375,0.0,0.0,0.65625,0.0,0.0,0.0,0.0
7,7,0.078125,0.0625,0.109375,0.0,0.09375,0.0,0.0,0.65625,0.0,0.0,0.0,0.0
7,7,0.078125,0.0625,0.109375,0.0,0.09375,0.0,0.0,0.65625,0.0,0.0,0.0,0.0
7,7,0.078125,0.0625,0.109375,0.0,0.09375,0.0,0.0,0.65625,0.0,0.0,0.0,0.0
7,7,0.078125,0.0625,0.109375,0.0,0.09375,0.0,0.0,0.65625,0.0,0.0,0.0,0.0
7,7,0.078125,0.078125,0.109375,0.0,0.09375,0.0,0.0,0.640625,0.0,0.0,0.0,0.0
7,7,0.078125,0.078125,0.109375,0.0,0.09375,0.0,0.0,0.640625,0.0,0.0,0.0,0.0
7,7,0.078125,0.078125,0.109375,0.0,0.09375,0.0,0.0,0.640625,0.0,0.0,0.0,0.0
7,7,0.078125,0.078125,0.109375,0.0,0.09375,0.0,0.0,0.640625,0.0,0.0,0.0,0.0
7,7,0.078125,0.0625,0.109375,0.0,0.09375,0.0,0.0,0.65625,0.0,0.0,0.0,0.0
7,7,0.078125,0.0625,0.109375,0.0,0.09375,0.0,0.0,0.65625,0.0,0.0,0.0,0.0
7,7,0.078125,0.0625,0.109375,0.0,0.09375,0.0,0.0,0.65625,0.0,0.0,0.0,0.0
7,7,0.078125,0.0625,0.109375,0.0,0.09375,0.0,0.0,0.65625,0.0,0.0,0.0,0.0
7,7,0.078125,0.078125,0.109375,0.0,0.078125,0.0,0.0,0.65625,0.0,0.0,0.0,0.0
7,7,0.078125,0.078125,0.109375,0.0,0.078125,0.0,0.0,0.65625,0.0,0.0,0.0,0.0
7,7,0.078125,0.078125,0.109375,0.0,0.078125,0.0,0.0,0.65625,0.0,0.0,0.0,0.0
7,7,0.078125,0.078125,0.109375,0.0,0.078125,0.0,0.0,0.65625,0.0,0.0,0.0,0.0
7,7,0.078125,0.078125,0.109375,0.0,0.078125,0.0,0.0,0.65625,0.0,0.0,0.0,0.0
7,7,0.078125,0.078125,0.109375,0.0,0.078125,0.0,0.0,0.65625,0.0,0.0,0.0,0.0
7,7,0.078125,0.078125,0.109375,0.0,0.078125,0.0,0.0,0.65625,0.0,0.0,0.0,0.0
7,7,0.078125,0.078125,0.109375,0.0,0.078125,0.0,0.0,0.65625,0.0,0.0,0.0,0.0
7,7,0.078125,0.078125,0.109375,0.0,0.078125,0.0,0.0,0.65625,0.0,0.0,0.0,0.0
7,7,0.078125,0.078125,0.109375,0.0,0.078125,0.0,0.0,0.65625,0.0,0.0,0.0,0.0
7,7,0.078125,0.078125,0.109375,0.0,0.078125,0.0,0.0,0.65625,0.0,0.0,0.0,0.0
7,7,0.078125,0.078125,0.109375,0.0,0.078125,0.0,0.0,0.65625,0.0,0.0,0.0,0.0
7,7,0.078125,0.078125,0.109375,0.0,0.078125,0.0,0.0,0.65625,0.0,0.0,0.0,0.0
7,7,0.078125,0.078125,0.109375,0.0,0.078125,0.0,0.0,0.65625,0.0,0.0,0.0,0.0
7,7,0.078125,0.078125,0.109375,0.0,0.078125,0.0,0.0,0.65625,0.0,0.0,0.0,0.0
7,7,0.078125,0.078125,0.109375,0.0,0.078125,0.0,0.0,0.65625,0.0,0.0,0.0,0.0
7,7,0.078125,0.078125,0.109375,0.0,0.078125,0.0,0.0,0.65625,0.0,0.0,0.0,0.0
7,7,0.078125,0.078125,0.109375,0.0,0.078125,0.0,0.0,0.65625,0.0,0.0,0.0,0.0
7,7,0.078125,0.078125,0.109375,0.0,0.078125,0.0,0.0,0.65625,0.0,0.0,0.0,0.0
7,7,0.078125,0.078125,0.09375,0.0,0.078125,0.0,0.0,0.671875,0.0,0.0,0.0,0.0
7,7,0.078125,0.0625,0.09375,0.0,0.078125,0.0,0.0,0.6875,0.0,0.0,0.0,0.0
7,7,0.078125,0.0625,0.09375,0.0,0.078125,0.0,0.0,0.6875,0.0,0.0,0.0,0.0
7,7,0.078125,0.0625,0.09375,0.0,0.078125,0.0,0.0,0.6875,0.0,0.0,0.0,0.0
7,7,0.078125,0.0625,0.09375,0.0,0.078125,0.0,0.0,0.6875,0.0,0.0,0.0,0.0
7,7,0.078125,0.0625,0.09375,0.0,0.078125,0.0,0.0,0.6875,0.0,0.0,0.0,0.0
7,7,0.078125,0.0625,0.09375,0.0,0.078125,0.0,0.0,0.6875,0.0,0.0,0.0,0.0
7,7,0.078125,0.0625,0.09375,0.0,0.078125,0.0,0.0,0.6875,0.0,0.0,0.0,0.0
7,7,0.078125,0.0625,0.09375,0.0,0.078125,0.0,0.0,0.6875,0.0,0.0,0.0,0.0
7,7,0.078125,0.0625,0.09375,0.0,0.078125,0.0,0.0,0.6875,0.0,0.0,0.0,0.0
7,7,0.078125,0.0625,0.09375,0.0,0.078125,0.0,0.0,0.6875,0.0,0.0,0.0,0.0
7,7,0.078125,0.0625,0.09375,0.0,0.078125,0.0,0.0,0.6875,0.0,0.0,0.0,0.0
7,7,0.078125,0.0625,0.09375,0.0,0.078125,0.0,0.0,0.6875,0.0,0.0,0.0,0.0
7,7,0.078125,0.0625,0.09375,0.0,0.078125,0.0,0.0,0.6875,0.0,0.0,0.0,0.0
7,7,0.078125,0.0625,0.09375,0.0,0.078125,0.0,0.0,0.6875,0.0,0.0,0.0,0.0
7,7,0.078125,0.0625,0.09375,0.0,0.078125,0.0,0.0,0.6875,0.0,0.0,0.0,0.0
7,7,0.078125,0.0625,0.09375,0.0,0.078125,0.0,0.0,0.6875,0.0,0.0,0.0,0.0
7,7,0.078125,0.0625,0.09375,0.0,0.078125,0.0,0.0,0.6875,0.0,0.0,0.0,0.0
7,7,0.078125,0.0625,0.09375,0.0,0.078125,0.0,0.0,0.6875,0.0,0.0,0.0,0.0
7,7,0.078125,0.0625,0.09375,0.0,0.078125,0.0,0.0,0.6875,0.0,0.0,0.0,0.0
7,7,0.078125,0.0625,0.09375,0.0,0.078125,0.0,0.0,0.6875,0.0,0.0,0.0,0.0
7,7,0.078125,0.0625,0.09375,0.0,0.078125,0.0,0.0,0.6875,0.0,0.0,0.0,0.0
7,7,0.078125,0.0625,0.09375,0.0,0.078125,0.0,0.0,0.6875,0.0,0.0,0.0,0.0
7,7,0.078125,0.0625,0.09375,0.0,0.078125,0.0,0.0,0.6875,0.0,0.0,0.0,0.0
7,7,0.078125,0.0625,0.09375,0.0,0.078125,0.0,0.0,0.6875,0.0,0.0,0.0,0.0
7,7,0.078125,0.0625,0.078125,0.0,0.078125,0.0,0.0,0.703125,0.0,0.0,0.0,0.0
7,7,0.078125,0.0625,0.078125,0.0,0.078125,0.0,0.0,0.703125,0.0,0.0,0.0,0.0
7,7,0.078125,0.0625,0.078125,0.0,0.078125,0.0,0.0,0.703125,0.0,0.0,0.0,0.0
7,7,0.078125,0.0625,0.078125,0.0,0.078125,0.0,0.0,0.703125,0.0,0.0,0.0,0.0
7,7,0.078125,0.0625,0.078125,0.0,0.078125,0.0,0.0,0.703125,0.0,0.0,0.0,0.0
7,7,0.078125,0.0625,0.078125,0.0,0.078125,0.0,0.0,0.703125,0.0,0.0,0.0,0.0
7,7,0.078125,0.0625,0.078125,0.0,0.078125,0.0,0.0,0.703125,0.0,0.0,0.0,0.0
7,7,0.078125,0.0625,0.078125,0.0,0.078125,0.0,0.0,0.703125,0.0,0.0,0.0,0.0
7,7,0.078125,0.0625,0.078125,0.0,0.078125,0.0,0.0,0.703125,0.0,0.0,0.0,0.0
7,7,0.078125,0.0625,0.078125,0.0,0.078125,0.0,0.0,0.703125,0.0,0.0,0.0,0.0
7,7,0.078125,0.0625,0.078125,0.0,0.078125,0.0,0.0,0.703125,0.0,0.0,0.0,0.0
7,7,0.078125,0.0625,0.078125,0.0,0.078125,0.0,0.0,0.703125,0.0,0.0,0.0,0.0
7,7,0.078125,0.0625,0.078125,0.0,0.078125,0.0,0.0,0.703125,0.0,0.0,0.0,0.0
7,7,0.078125,0.0625,0.078125,0.0,0.078125,0.0,0.0,0.703125,0.0,0.0,0.0,0.0
7,7,0.078125,0.0625,0.078125,0.0,0.078125,0.0,0.0,0.703125,0.0,0.0,0.0,0.0
7,7,0.078125,0.0625,0.078125,0.0,0.078125,0.0,0.0,0.703125,0.0,0.0,0.0,0.0
7,7,0.078125,0.0625,0.078125,0.0,0.078125,0.0,0.0,0.703125,0.0,0.0,0.0,0.0
7,7,0.078125,0.0625,0.078125,0.0,0.078125,0.0,0.0,0.703125,0.0,0.0,0.0,0.0
7,7,0.078125,0.0625,0.078125,0.0,0.078125,0.0,0.0,0.703125,0.0,0.0,0.0,0.0
7,7,0.078125,0.0625,0.078125,0.0,0.078125,0.0,0.0,0.703125,0.0,0.0,0.0,0.0
7,7,0.078125,0.0625,0.078125,0.0,0.078125,0.0,0.0,0.703125,0.0,0.0,0.0,0.0
7,7,0.078125,0.0625,0.078125,0.0,0.078125,0.0,0.0,0.703125,0.0,0.0,0.0,0.0
7,7,0.078125,0.0625,0.078125,0.0,0.078125,0.0,0.0,0.703125,0.0,0.0,0.0,0.0
7,7,0.078125,0.0625,0.078125,0.0,0.078125,0.0,0.0,0.703125,0.0,0.0,0.0,0.0
7,7,0.078125,0.0625,0.078125,0.0,0.078125,0.0,0.0,0.703125,0.0,0.0,0.0,0.0
7,7,0.078125,0.0625,0.078125,0.0,0.078125,0.0,0.0,0.703125,0.0,0.0,0.0,0.0
7,7,0.078125,0.0625,0.078125,0.0,0.078125,0.0,0.0,0.703125,0.0,0.0,0.0,0.0
7,7,0.078125,0.0625,0.078125,0.0,0.078125,0.0,0.0,0.703125,0.0,0.0,0.0,0.0
7,7,0.078125,0.0625,0.078125,0.0,0.078125,0.0,0.0,0.703125,0.0,0.0,0.0,0.0
7,7,0.078125,0.0625,0.078125,0.0,0.078125,0.0,0.0,0.703125,0.0,0.0,0.0,0.0
7,7,0.078125,0.0625,0.078125,0.0,0.09375,0.0,0.0,0.6875,0.0,0.0,0.0,0.0
7,7,0.078125,0.0625,0.078125,0.0,0.09375,0.0,0.0,0.6875,0.0,0.0,0.0,0.0
7,7,0.078125,0.0625,0.078125,0.0,0.09375,0.0,0.0,0.6875,0.0,0.0,0.0,0.0
7,7,0.078125,0.0625,0.078125,0.0,0.09375,0.0,0.0,0.6875,0.0,0.0,0.0,0.0
7,7,0.078125,0.0625,0.078125,0.0,0.09375,0.0,0.0,0.6875,0.0,0.0,0.0,0.0
7,7,0.078125,0.0625,0.078125,0.0,0.09375,0.0,0.0,0.6875,0.0,0.0,0.0,0.0
7,7,0.078125,0.046875,0.0625,0.0,0.09375,0.0,0.0,0.71875,0.0,0.0,0.0,0.0
7,7,0.078125,0.046875,0.0625,0.0,0.09375,0.0,0.0,0.71875,0.0,0.0,0.0,0.0
7,7,0.078125,0.046875,0.0625,0.0,0.09375,0.0,0.0,0.71875,0.0,0.0,0.0,0.0
7,7,0.078125,0.046875,0.0625,0.0,0.09375,0.0,0.0,0.71875,0.0,0.0,0.0,0.0
7,7,0.078125,0.046875,0.0625,0.0,0.09375,0.0,0.0,0.71875,0.0,0.0,0.0,0.0
7,7,0.078125,0.046875,0.0625,0.0,0.09375,0.0,0.0,0.71875,0.0,0.0,0.0,0.0
7,7,0.078125,0.046875,0.0625,0.0,0.09375,0.0,0.0,0.71875,0.0,0.0,0.0,0.0
7,7,0.078125,0.046875,0.0625,0.0,0.09375,0.0,0.0,0.71875,0.0,0.0,0.0,0.0
7,7,0.078125,0.046875,0.0625,0.0,0.09375,0.0,0.0,0.71875,0.0,0.0,0.0,0.0
7,7,0.078125,0.046875,0.0625,0.0,0.09375,0.0,0.0,0.71875,0.0,0.0,0.0,0.0
7,7,0.078125,0.046875,0.0625,0.0,0.09375,0.0,0.0,0.71875,0.0,0.0,0.0,0.0
7,7,0.078125,0.046875,0.0625,0.0,0.09375,0.0,0.0,0.71875,0.0,0.0,0.0,0.0
7,7,0.078125,0.046875,0.0625,0.0,0.09375,0.0,0.0,0.71875,0.0,0.0,0.0,0.0
7,7,0.078125,0.046875,0.0625,0.0,0.09375,0.0,0.0,0.71875,0.0,0.0,0.0,0.0
7,7,0.078125,0.046875,0.0625,0.0,0.09375,0.0,0.0,0.71875,0.0,0.0,0.0,0.0
7,7,0.078125,0.046875,0.0625,0.0,0.09375,0.0,0.0,0.71875,0.0,0.0,0.0,0.0
7,7,0.078125,0.046875,0.0625,0.0,0.09375,0.0,0.0,0.71875,0.0,0.0,0.0,0.0
7,7,0.078125,0.046875,0.0625,0.0,0.09375,0.0,0.0,0.71875,0.0,0.0,0.0,0.0
7,7,0.078125,0.046875,0.0625,0.0,0.09375,0.0,0.0,0.71875,0.0,0.0,0.0,0.0
7,7,0.078125,0.046875,0.0625,0.0,0.09375,0.0,0.0,0.71875,0.0,0.0,0.0,0.0
7,7,0.078125,0.046875,0.0625,0.0,0.09375,0.0,0.0,0.71875,0.0,0.0,0.0,0.0
7,7,0.078125,0.046875,0.0625,0.0,0.09375,0.0,0.0,0.71875,0.0,0.0,0.0,0.0
7,7,0.078125,0.046875,0.0625,0.0,0.09375,0.0,0.0,0.71875,0.0,0.0,0.0,0.0
7,7,0.078125,0.046875,0.0625,0.0,0.09375,0.0,0.0,0.71875,0.0,0.0,0.0,0.0
7,7,0.078125,0.046875,0.0625,0.0,0.09375,0.0,0.0,0.71875,0.0,0.0,0.0,0.0
7,7,0.078125,0.046875,0.0625,0.0,0.09375,0.0,0.0,0.71875,0.0,0.0,0.0,0.0
7,7,0.078125,0.046875,0.0625,0.0,0.09375,0.0,0.0,0.71875,0.0,0.0,0.0,0.0
7,7,0.078125,0.046875,0.0625,0.0,0.09375,0.0,0.0,0.71875,0.0,0.0,0.0,0.0
7,7,0.078125,0.046875,0.0625,0.0,0.09375,0.0,0.0,0.71875,0.0,0.0,0.0,0.0
7,7,0.078125,0.046875,0.0625,0.0,0.09375,0.0,0.0,0.71875,0.0,0.0,0.0,0.0
7,7,0.078125,0.046875,0.0625,0.0,0.09375,0.0,0.0,0.71875,0.0,0.0,0.0,0.0
7,7,0.078125,0.046875,0.0625,0.0,0.09375,0.0,0.0,0.71875,0.0,0.0,0.0,0.0
7,7,0.078125,0.046875,0.0625,0.0,0.09375,0.0,0.0,0.71875,0.0,0.0,0.0,0.0
7,7,0.078125,0.046875,0.0625,0.0,0.09375,0.0,0.0,0.71875,0.0,0.0,0.0,0.0
7,7,0.078125,0.046875,0.0625,0.0,0.09375,0.0,0.0,0.71875,0.0,0.0,0.0,0.0
7,7,0.078125,0.046875,0.0625,0.0,0.09375,0.0,0.0,0.71875,0.0,0.0,0.0,0.0
7,7,0.078125,0.046875,0.078125,0.0,0.09375,0.0,0.0,0.703125,0.0,0.0,0.0,0.0
7,7,0.078125,0.046875,0.078125,0.0,0.09375,0.0,0.0,0.703125,0.0,0.0,0.0,0.0
7,7,0.078125,0.046875,0.078125,0.0,0.09375,0.0,0.0,0.703125,0.0,0.0,0.0,0.0
7,7,0.078125,0.046875,0.078125,0.0,0.09375,0.0,0.0,0.703125,0.0,0.0,0.0,0.0
7,7,0.078125,0.046875,0.078125,0.0,0.09375,0.0,0.0,0.703125,0.0,0.0,0.0,0.0
7,7,0.078125,0.046875,0.078125,0.0,0.09375,0.0,0.0,0.703125,0.0,0.0,0.0,0.0
7,7,0.078125,0.046875,0.078125,0.0,0.09375,0.0,0.0,0.703125,0.0,0.0,0.0,0.0
7,7,0.078125,0.046875,0.078125,0.0,0.09375,0.0,0.0,0.703125,0.0,0.0,0.0,0.0
7,7,0.078125,0.046875,0.078125,0.0,0.09375,0.0,0.0,0.703125,0.0,0.0,0.0,0.0
7,7,0.078125,0.046875,0.078125,0.0,0.09375,0.0,0.0,0.703125,0.0,0.0,0.0,0.0
7,7,0.078125,0.0625,0.078125,0.0,0.078125,0.0,0.0,0.703125,0.0,0.0,0.0,0.0
7,7,0.078125,0.0625,0.078125,0.0,0.078125,0.0,0.0,0.703125,0.0,0.0,0.0,0.0
7,7,0.078125,0.0625,0.078125,0.0,0.078125,0.0,0.0,0.703125,0.0,0.0,0.0,0.0
7,7,0.078125,0.0625,0.078125,0.0,0.078125,0.0,0.0,0.703125,0.0,0.0,0.0,0.0
7,7,0.078125,0.0625,0.078125,0.0,0.078125,0.0,0.0,0.703125,0.0,0.0,0.0,0.0
7,7,0.078125,0.0625,0.078125,0.0,0.078125,0.0,0.0,0.703125,0.0,0.0,0.0,0.0
7,7,0.078125,0.0625,0.078125,0.0,0.078125,0.0,0.0,0.703125,0.0,0.0,0.0,0.0
7,7,0.078125,0.0625,0.078125,0.0,0.078125,0.0,0.0,0.703125,0.0,0.0,0.0,0.0
7,7,0.078125,0.0625,0.078125,0.0,0.078125,0.0,0.0,0.703125,0.0,0.0,0.0,0.0
7,7,0.078125,0.0625,0.078125,0.0,0.078125,0.0,0.0,0.703125,0.0,0.0,0.0,0.0
7,7,0.078125,0.0625,0.078125,0.0,0.078125,0.0,0.0,0.703125,0.0,0.0,0.0,0.0
7,7,0.078125,0.0625,0.078125,0.0,0.078125,0.0,0.0,0.703125,0.0,0.0,0.0,0.0
7,7,0.078125,0.0625,0.078125,0.0,0.078125,0.0,0.0,0.703125,0.0,0.0,0.0,0.0
7,7,0.078125,0.0625,0.078125,0.0,0.078125,0.0,0.0,0.703125,0.0,0.0,0.0,0.0
7,7,0.078125,0.0625,0.09375,0.0,0.0625,0.0,0.0,0.703125,0.0,0.0,0.0,0.0
7,7,0.078125,0.0625,0.09375,0.0,0.0625,0.0,0.0,0.703125,0.0,0.0,0.0,0.0
7,7,0.078125,0.0625,0.09375,0.0,0.0625,0.0,0.0,0.703125,0.0,0.0,0.0,0.0
7,7,0.078125,0.0625,0.09375,0.0,0.0625,0.0,0.0,0.703125,0.0,0.0,0.0,0.0
7,7,0.078125,0.0625,0.09375,0.0,0.0625,0.0,0.0,0.703125,0.0,0.0,0.0,0.0
7,7,0.078125,0.0625,0.09375,0.0,0.0625,0.0,0.0,0.703125,0.0,0.0,0.0,0.0
7,7,0.078125,0.0625,0.09375,0.0,0.0625,0.0,0.0,0.703125,0.0,0.0,0.0,0.0
7,7,0.078125,0.0625,0.09375,0.0,0.0625,0.0,0.0,0.703125,0.0,0.0,0.0,0.0
7,7,0.078125,0.0625,0.09375,0.0,0.0625,0.0,0.0,0.703125,0.0,0.0,0.0,0.0
7,7,0.078125,0.0625,0.09375,0.0,0.0625,0.0,0.0,0.703125,0.0,0.0,0.0,0.0
7,7,0.078125,0.0625,0.09375,0.0,0.0625,0.0,0.0,0.703125,0.0,0.0,0.0,0.0
7,7,0.078125,0.0625,0.09375,0.0,0.0625,0.0,0.0,0.703125,0.0,0.0,0.0,0.0
7,7,0.078125,0.0625,0.109375,0.0,0.0625,0.0,0.0,0.6875,0.0,0.0,0.0,0.0
7,7,0.078125,0.0625,0.109375,0.0,0.0625,0.0,0.0,0.6875,0.0,0.0,0.0,0.0
7,7,0.078125,0.0625,0.109375,0.0,0.0625,0.0,0.0,0.6875,0.0,0.0,0.0,0.0
7,7,0.078125,0.0625,0.109375,0.0,0.0625,0.0,0.0,0.6875,0.0,0.0,0.0,0.0
7,7,0.078125,0.0625,0.109375,0.0,0.0625,0.0,0.0,0.6875,0.0,0.0,0.0,0.0
7,7,0.078125,0.0625,0.109375,0.0,0.0625,0.0,0.0,0.6875,0.0,0.0,0.0,0.0
7,7,0.078125,0.0625,0.109375,0.0,0.0625,0.0,0.0,0.6875,0.0,0.0,0.0,0.0
7,7,0.078125,0.0625,0.109375,0.0,0.0625,0.0,0.0,0.6875,0.0,0.0,0.0,0.0
7,7,0.078125,0.0625,0.109375,0.0,0.0625,0.0,0.0,0.6875,0.0,0.0,0.0,0.0
7,7,0.078125,0.0625,0.109375,0.0,0.0625,0.0,0.0,0.6875,0.0,0.0,0.0,0.0
7,7,0.078125,0.0625,0.109375,0.0,0.0625,0.0,0.0,0.6875,0.0,0.0,0.0,0.0
7,7,0.078125,0.0625,0.109375,0.0,0.0625,0.0,0.0,0.6875,0.0,0.0,0.0,0.0
7,7,0.078125,0.0625,0.109375,0.0,0.0625,0.0,0.0,0.6875,0.0,0.0,0.0,0.0
7,7,0.078125,0.0625,0.109375,0.0,0.0625,0.0,0.0,0.6875,0.0,0.0,0.0,0.0
7,7,0.078125,0.0625,0.109375,0.0,0.0625,0.0,0.0,0.6875,0.0,0.0,0.0,0.0
7,7,0.078125,0.0625,0.109375,0.0,0.0625,0.0,0.0,0.6875,0.0,0.0,0.0,0.0
7,7,0.078125,0.0625,0.109375,0.0,0.0625,0.0,0.0,0.6875,0.0,0.0,0.0,0.0
7,7,0.078125,0.0625,0.109375,0.0,0.0625,0.0,0.0,0.6875,0.0,0.0,0.0,0.0
7,7,0.078125,0.0625,0.109375,0.0,0.0625,0.0,0.0,0.6875,0.0,0.0,0.0,0.0
7,7,0.078125,0.0625,0.109375,0.0,0.0625,0.0,0.0,0.6875,0.0,0.0,0.0,0.0
7,7,0.078125,0.0625,0.125,0.0,0.0625,0.0,0.0,0.671875,0.0,0.0,0.0,0.0
7,7,0.078125,0.0625,0.125,0.0,0.0625,0.0,0.0,0.671875,0.0,0.0,0.0,0.0
7,7,0.078125,0.0625,0.125,0.0,0.0625,0.0,0.0,0.671875,0.0,0.0,0.0,0.0
7,7,0.078125,0.0625,0.125,0.0,0.0625,0.0,0.0,0.671875,0.0,0.0,0.0,0.0
7,7,0.078125,0.0625,0.125,0.0,0.0625,0.0,0.0,0.671875,0.0,0.0,0.0,0.0
7,7,0.078125,0.0625,0.125,0.0,0.0625,0.0,0.0,0.671875,0.0,0.0,0.0,0.0
7,7,0.078125,0.0625,0.125,0.0,0.0625,0.0,0.0,0.671875,0.0,0.0,0.0,0.0
7,7,0.078125,0.0625,0.125,0.0,0.0625,0.0,0.0,0.671875,0.0,0.0,0.0,0.0
7,7,0.078125,0.0625,0.125,0.0,0.0625,0.0,0.0,0.671875,0.0,0.0,0.0,0.0
7,7,0.078125,0.0625,0.125,0.0,0.0625,0.0,0.0,0.671875,0.0,0.0,0.0,0.0
7,7,0.078125,0.0625,0.125,0.0,0.0625,0.0,0.0,0.671875,0.0,0.0,0.0,0.0
7,7,0.078125,0.0625,0.125,0.0,0.0625,0.0,0.0,0.671875,0.0,0.0,0.0,0.0
7,7,0.078125,0.0625,0.125,0.0,0.0625,0.0,0.0,0.671875,0.0,0.0,0.0,0.0
7,7,0.078125,0.0625,0.125,0.0,0.0625,0.0,0.0,0.671875,0.0,0.0,0.0,0.0
7,7,0.078125,0.0625,0.125,0.0,0.0625,0.0,0.0,0.671875,0.0,0.0,0.0,0.0
7,7,0.078125,0.0625,0.125,0.0,0.0625,0.0,0.0,0.671875,0.0,0.0,0.0,0.0
7,7,0.09375,0.0625,0.125,0.0,0.046875,0.0,0.0,0.671875,0.0,0.0,0.0,0.0
7,7,0.09375,0.0625,0.125,0.0,0.046875,0.0,0.0,0.671875,0.0,0.0,0.0,0.0
7,7,0.09375,0.0625,0.125,0.0,0.046875,0.0,0.0,0.671875,0.0,0.0,0.0,0.0
7,7,0.09375,0.0625,0.125,0.0,0.046875,0.0,0.0,0.671875,0.0,0.0,0.0,0.0
7,7,0.09375,0.0625,0.125,0.0,0.046875,0.0,0.0,0.671875,0.0,0.0,0.0,0.0
7,7,0.078125,0.0625,0.125,0.0,0.046875,0.0,0.0,0.6875,0.0,0.0,0.0,0.0
7,7,0.078125,0.0625,0.125,0.0,0.046875,0.0,0.0,0.6875,0.0,0.0,0.0,0.0
7,7,0.078125,0.0625,0.125,0.0,0.046875,0.0,0.0,0.6875,0.0,0.0,0.0,0.0
7,7,0.078125,0.0625,0.125,0.0,0.046875,0.0,0.0,0.6875,0.0,0.0,0.0,0.0
7,7,0.078125,0.0625,0.125,0.0,0.046875,0.0,0.0,0.6875,0.0,0.0,0.0,0.0
7,7,0.078125,0.0625,0.125,0.0,0.046875,0.0,0.0,0.6875,0.0,0.0,0.0,0.0
7,7,0.078125,0.0625,0.125,0.0,0.046875,0.0,0.0,0.6875,0.0,0.0,0.0,0.0
7,7,0.078125,0.0625,0.125,0.0,0.046875,0.0,0.0,0.6875,0.0,0.0,0.0,0.0
7,7,0.078125,0.0625,0.125,0.0,0.046875,0.0,0.0,0.6875,0.0,0.0,0.0,0.0
7,7,0.078125,0.0625,0.125,0.0,0.046875,0.0,0.0,0.6875,0.0,0.0,0.0,0.0
7,7,0.078125,0.0625,0.125,0.0,0.046875,0.0,0.0,0.6875,0.0,0.0,0.0,0.0
7,7,0.078125,0.046875,0.125,0.0,0.0625,0.0,0.0,0.65625,0.015625,0.0,0.0,0.015625
7,7,0.078125,0.046875,0.125,0.0,0.0625,0.0,0.0,0.65625,0.015625,0.0,0.0,0.015625
7,7,0.078125,0.046875,0.125,0.0,0.0625,0.0,0.0,0.65625,0.015625,0.0,0.0,0.015625
7,7,0.078125,0.046875,0.125,0.0,0.0625,0.0,0.0,0.65625,0.015625,0.0,0.0,0.015625
7,7,0.078125,0.046875,0.125,0.0,0.0625,0.0,0.0,0.65625,0.015625,0.0,0.0,0.015625
7,7,0.078125,0.046875,0.109375,0.0,0.0625,0.0,0.0,0.671875,0.015625,0.0,0.0,0.015625
7,7,0.078125,0.046875,0.109375,0.0,0.0625,0.0,0.0,0.671875,0.015625,0.0,0.0,0.015625
7,7,0.078125,0.046875,0.109375,0.0,0.0625,0.0,0.0,0.671875,0.015625,0.0,0.0,0.015625
7,7,0.078125,0.046875,0.109375,0.0,0.0625,0.0,0.0,0.671875,0.015625,0.0,0.0,0.015625
7,7,0.078125,0.046875,0.109375,0.0,0.0625,0.0,0.0,0.671875,0.015625,0.0,0.0,0.015625
7,7,0.078125,0.046875,0.109375,0.0,0.0625,0.0,0.0,0.671875,0.015625,0.0,0.0,0.015625
7,7,0.078125,0.046875,0.109375,0.0,0.0625,0.0,0.0,0.671875,0.015625,0.0,0.0,0.015625
7,7,0.078125,0.046875,0.109375,0.0,0.0625,0.0,0.0,0.671875,0.015625,0.0,0.0,0.015625
7,7,0.078125,0.046875,0.109375,0.0,0.0625,0.0,0.0,0.671875,0.015625,0.0,0.0,0.015625
7,7,0.078125,0.046875,0.09375,0.0,0.0625,0.0,0.0,0.6875,0.015625,0.0,0.0,0.015625
7,7,0.078125,0.046875,0.09375,0.0,0.0625,0.0,0.0,0.6875,0.015625,0.0,0.0,0.015625
7,7,0.0625,0.046875,0.109375,0.0,0.0625,0.0,0.0,0.6875,0.015625,0.0,0.0,0.015625
7,7,0.0625,0.046875,0.109375,0.0,0.0625,0.0,0.0,0.6875,0.015625,0.0,0.0,0.015625
7,7,0.0625,0.046875,0.109375,0.0,0.0625,0.0,0.0,0.6875,0.015625,0.0,0.0,0.015625
7,7,0.0625,0.046875,0.109375,0.0,0.0625,0.0,0.0,0.6875,0.015625,0.0,0.0,0.015625
7,7,0.0625,0.046875,0.109375,0.0,0.0625,0.0,0.0,0.6875,0.015625,0.0,0.0,0.015625
7,7,0.0625,0.046875,0.109375,0.0,0.0625,0.0,0.0,0.6875,0.015625,0.0,0.0,0.015625
7,7,0.0625,0.046875,0.109375,0.0,0.0625,0.0,0.0,0.6875,0.015625,0.0,0.0,0.015625
7,7,0.0625,0.046875,0.109375,0.0,0.0625,0.0,0.0,0.6875,0.015625,0.0,0.0,0.015625
7,7,0.0625,0.046875,0.109375,0.0,0.0625,0.0,0.0,0.6875,0.015625,0.0,0.0,0.015625
7,7,0.0625,0.046875,0.109375,0.0,0.0625,0.0,0.0,0.6875,0.015625,0.0,0.0,0.015625
7,7,0.0625,0.046875,0.109375,0.0,0.0625,0.0,0.0,0.6875,0.015625,0.0,0.0,0.015625
7,7,0.0625,0.046875,0.109375,0.0,0.0625,0.0,0.0,0.6875,0.015625,0.0,0.0,0.015625
7,7,0.0625,0.046875,0.109375,0.0,0.0625,0.0,0.0,0.6875,0.015625,0.0,0.0,0.015625
7,7,0.0625,0.046875,0.109375,0.0,0.0625,0.0,0.0,0.6875,0.015625,0.0,0.0,0.015625
7,7,0.0625,0.046875,0.109375,0.0,0.0625,0.0,0.0,0.6875,0.015625,0.0,0.0,0.015625
7,7,0.0625,0.046875,0.109375,0.0,0.0625,0.0,0.0,0.6875,0.015625,0.0,0.0,0.015625
7,7,0.046875,0.046875,0.125,0.0,0.0625,0.0,0.0,0.6875,0.015625,0.0,0.0,0.015625
7,7,0.046875,0.046875,0.125,0.0,0.0625,0.0,0.0,0.6875,0.015625,0.0,0.0,0.015625
7,7,0.046875,0.046875,0.125,0.0,0.0625,0.0,0.0,0.6875,0.015625,0.0,0.0,0.015625
7,7,0.046875,0.046875,0.125,0.0,0.0625,0.0,0.0,0.6875,0.015625,0.0,0.0,0.015625
7,7,0.046875,0.046875,0.125,0.0,0.0625,0.0,0.0,0.6875,0.015625,0.0,0.0,0.015625
7,7,0.046875,0.046875,0.125,0.0,0.0625,0.0,0.0,0.6875,0.015625,0.0,0.0,0.015625
7,7,0.046875,0.046875,0.125,0.0,0.0625,0.0,0.0,0.6875,0.015625,0.0,0.0,0.015625
7,7,0.046875,0.046875,0.125,0.0,0.0625,0.0,0.0,0.6875,0.015625,0.0,0.0,0.015625
7,7,0.046875,0.046875,0.125,0.0,0.0625,0.0,0.0,0.6875,0.015625,0.0,0.0,0.015625
7,7,0.046875,0.046875,0.125,0.0,0.0625,0.0,0.0,0.6875,0.015625,0.0,0.0,0.015625
7,7,0.046875,0.046875,0.125,0.0,0.0625,0.0,0.0,0.6875,0.015625,0.0,0.0,0.015625
7,7,0.046875,0.046875,0.125,0.0,0.0625,0.0,0.0,0.6875,0.015625,0.0,0.0,0.015625
7,7,0.046875,0.046875,0.125,0.0,0.0625,0.0,0.0,0.6875,0.015625,0.0,0.0,0.015625
7,7,0.046875,0.046875,0.125,0.0,0.0625,0.0,0.0,0.6875,0.015625,0.0,0.0,0.015625
7,7,0.046875,0.046875,0.125,0.0,0.0625,0.0,0.0,0.6875,0.015625,0.0,0.0,0.015625
7,7,0.046875,0.046875,0.125,0.0,0.0625,0.0,0.0,0.6875,0.015625,0.0,0.0,0.015625
7,7,0.046875,0.046875,0.125,0.0,0.0625,0.0,0.0,0.6875,0.015625,0.0,0.0,0.015625
7,7,0.046875,0.046875,0.125,0.0,0.0625,0.0,0.0,0.6875,0.015625,0.0,0.0,0.015625
7,7,0.046875,0.046875,0.125,0.0,0.0625,0.0,0.0,0.6875,0.015625,0.0,0.0,0.015625
7,7,0.046875,0.046875,0.125,0.0,0.0625,0.0,0.0,0.6875,0.015625,0.0,0.0,0.015625
7,7,0.046875,0.046875,0.125,0.0,0.0625,0.0,0.0,0.6875,0.015625,0.0,0.0,0.015625
7,7,0.046875,0.046875,0.125,0.0,0.0625,0.0,0.0,0.6875,0.015625,0.0,0.0,0.015625
7,7,0.046875,0.046875,0.125,0.0,0.0625,0.0,0.0,0.6875,0.015625,0.0,0.0,0.015625
7,7,0.046875,0.046875,0.125,0.0,0.0625,0.0,0.0,0.6875,0.015625,0.0,0.0,0.015625
7,7,0.046875,0.046875,0.125,0.0,0.046875,0.0,0.0,0.703125,0.015625,0.0,0.0,0.015625
7,7,0.046875,0.046875,0.125,0.0,0.046875,0.0,0.0,0.703125,0.015625,0.0,0.0,0.015625
7,7,0.046875,0.046875,0.125,0.0,0.046875,0.0,0.0,0.703125,0.015625,0.0,0.0,0.015625
7,7,0.046875,0.046875,0.125,0.0,0.046875,0.0,0.0,0.703125,0.015625,0.0,0.0,0.015625
7,7,0.046875,0.046875,0.125,0.0,0.046875,0.0,0.0,0.703125,0.015625,0.0,0.0,0.015625
7,7,0.046875,0.046875,0.125,0.0,0.046875,0.0,0.0,0.703125,0.015625,0.0,0.0,0.015625
7,7,0.046875,0.046875,0.125,0.0,0.046875,0.0,0.0,0.703125,0.015625,0.0,0.0,0.015625
7,7,0.046875,0.046875,0.125,0.0,0.046875,0.0,0.0,0.703125,0.015625,0.0,0.0,0.015625
7,7,0.046875,0.046875,0.140625,0.0,0.046875,0.0,0.0,0.703125,0.0,0.0,0.0,0.015625
7,7,0.046875,0.046875,0.140625,0.0,0.046875,0.0,0.0,0.703125,0.0,0.0,0.0,0.015625
7,7,0.046875,0.046875,0.140625,0.0,0.046875,0.0,0.0,0.703125,0.0,0.0,0.0,0.015625
7,7,0.046875,0.046875,0.140625,0.0,0.046875,0.0,0.0,0.703125,0.0,0.0,0.0,0.015625
7,7,0.0625,0.046875,0.140625,0.0,0.046875,0.0,0.0,0.6875,0.0,0.0,0.0,0.015625
7,7,0.0625,0.046875,0.140625,0.0,0.046875,0.0,0.0,0.6875,0.0,0.0,0.0,0.015625
7,7,0.0625,0.046875,0.140625,0.0,0.046875,0.0,0.0,0.6875,0.0,0.0,0.0,0.015625
7,7,0.0625,0.046875,0.140625,0.0,0.046875,0.0,0.0,0.6875,0.0,0.0,0.0,0.015625
7,7,0.0625,0.046875,0.140625,0.0,0.046875,0.0,0.0,0.6875,0.0,0.0,0.0,0.015625
7,7,0.0625,0.046875,0.140625,0.0,0.046875,0.0,0.0,0.6875,0.0,0.0,0.0,0.015625
7,7,0.0625,0.046875,0.140625,0.0,0.046875,0.0,0.0,0.6875,0.0,0.0,0.0,0.015625
7,7,0.0625,0.046875,0.140625,0.0,0.046875,0.0,0.0,0.6875,0.0,0.0,0.0,0.015625
7,7,0.0625,0.046875,0.140625,0.0,0.046875,0.0,0.0,0.6875,0.0,0.0,0.0,0.015625
7,7,0.0625,0.046875,0.140625,0.0,0.046875,0.0,0.0,0.6875,0.0,0.0,0.0,0.015625
7,7,0.0625,0.046875,0.140625,0.0,0.046875,0.0,0.0,0.6875,0.0,0.0,0.0,0.015625
7,7,0.0625,0.046875,0.140625,0.0,0.046875,0.0,0.0,0.6875,0.0,0.0,0.0,0.015625
7,7,0.0625,0.046875,0.125,0.0,0.03125,0.015625,0.0,0.6875,0.015625,0.0,0.0,0.015625
7,7,0.0625,0.046875,0.125,0.0,0.03125,0.015625,0.0,0.6875,0.015625,0.0,0.0,0.015625
7,7,0.0625,0.046875,0.125,0.0,0.03125,0.015625,0.0,0.6875,0.015625,0.0,0.0,0.015625
7,7,0.0625,0.046875,0.125,0.0,0.03125,0.015625,0.0,0.6875,0.015625,0.0,0.0,0.015625
7,7,0.0625,0.046875,0.125,0.0,0.03125,0.015625,0.0,0.6875,0.015625,0.0,0.0,0.015625
7,7,0.0625,0.046875,0.125,0.0,0.03125,0.015625,0.0,0.6875,0.015625,0.0,0.0,0.015625
7,7,0.0625,0.046875,0.125,0.0,0.03125,0.015625,0.0,0.6875,0.015625,0.0,0.0,0.015625
7,7,0.0625,0.046875,0.125,0.0,0.03125,0.015625,0.0,0.6875,0.015625,0.0,0.0,0.015625
7,7,0.0625,0.046875,0.125,0.0,0.03125,0.015625,0.0,0.6875,0.015625,0.0,0.0,0.015625
7,7,0.0625,0.046875,0.125,0.0,0.03125,0.015625,0.0,0.6875,0.015625,0.0,0.0,0.015625
7,7,0.0625,0.046875,0.125,0.0,0.03125,0.015625,0.0,0.6875,0.015625,0.0,0.0,0.015625
7,7,0.0625,0.046875,0.125,0.0,0.03125,0.015625,0.0,0.6875,0.015625,0.0,0.0,0.015625
7,7,0.0625,0.046875,0.125,0.0,0.03125,0.015625,0.0,0.671875,0.015625,0.0,0.015625,0.015625
7,7,0.0625,0.046875,0.125,0.0,0.03125,0.015625,0.0,0.671875,0.015625,0.0,0.015625,0.015625
7,7,0.0625,0.046875,0.125,0.0,0.03125,0.015625,0.0,0.671875,0.015625,0.0,0.015625,0.015625
7,7,0.0625,0.046875,0.125,0.0,0.03125,0.015625,0.0,0.671875,0.015625,0.0,0.015625,0.015625
7,7,0.0625,0.0625,0.125,0.0,0.046875,0.0,0.0,0.640625,0.03125,0.0,0.015625,0.015625
7,7,0.0625,0.0625,0.125,0.0,0.046875,0.0,0.0,0.640625,0.03125,0.0,0.015625,0.015625
7,7,0.0625,0.0625,0.125,0.0,0.046875,0.0,0.0,0.640625,0.03125,0.0,0.015625,0.015625
7,7,0.0625,0.0625,0.125,0.0,0.046875,0.0,0.0,0.640625,0.03125,0.0,0.015625,0.015625
7,7,0.0625,0.0625,0.125,0.0,0.046875,0.0,0.0,0.640625,0.03125,0.0,0.015625,0.015625
7,7,0.0625,0.0625,0.125,0.0,0.046875,0.0,0.0,0.640625,0.03125,0.0,0.015625,0.015625
7,7,0.0625,0.0625,0.125,0.0,0.046875,0.0,0.0,0.640625,0.03125,0.0,0.015625,0.015625
7,7,0.0625,0.0625,0.125,0.0,0.046875,0.0,0.0,0.640625,0.03125,0.0,0.015625,0.015625
7,7,0.078125,0.078125,0.125,0.0,0.046875,0.0,0.0,0.59375,0.0625,0.0,0.0,0.015625
7,7,0.078125,0.078125,0.125,0.0,0.046875,0.0,0.0,0.59375,0.0625,0.0,0.0,0.015625
7,7,0.078125,0.078125,0.125,0.0,0.046875,0.0,0.0,0.59375,0.0625,0.0,0.0,0.015625
7,7,0.078125,0.078125,0.125,0.0,0.046875,0.0,0.0,0.59375,0.0625,0.0,0.0,0.015625
7,7,0.078125,0.078125,0.125,0.0,0.046875,0.0,0.0,0.59375,0.0625,0.0,0.0,0.015625
7,7,0.078125,0.078125,0.125,0.0,0.046875,0.0,0.0,0.59375,0.0625,0.0,0.0,0.015625
7,7,0.078125,0.078125,0.125,0.0,0.046875,0.0,0.0,0.578125,0.078125,0.0,0.0,0.015625
7,7,0.078125,0.078125,0.125,0.0,0.046875,0.0,0.0,0.578125,0.078125,0.0,0.0,0.015625
7,7,0.09375,0.078125,0.125,0.0,0.046875,0.0,0.0,0.5625,0.078125,0.0,0.0,0.015625
7,7,0.09375,0.078125,0.125,0.0,0.046875,0.0,0.0,0.5625,0.078125,0.0,0.0,0.015625
7,7,0.09375,0.078125,0.125,0.0,0.046875,0.0,0.0,0.5625,0.078125,0.0,0.0,0.015625
7,7,0.09375,0.078125,0.125,0.0,0.046875,0.0,0.0,0.5625,0.078125,0.0,0.0,0.015625
7,7,0.09375,0.078125,0.125,0.0,0.046875,0.0,0.0,0.5625,0.078125,0.0,0.0,0.015625
7,7,0.09375,0.078125,0.125,0.0,0.046875,0.0,0.0,0.5625,0.078125,0.0,0.0,0.015625
7,7,0.09375,0.078125,0.125,0.0,0.046875,0.0,0.0,0.5625,0.078125,0.0,0.0,0.015625
7,7,0.09375,0.078125,0.125,0.0,0.046875,0.0,0.0,0.5625,0.078125,0.0,0.0,0.015625
7,7,0.09375,0.078125,0.125,0.0,0.046875,0.0,0.0,0.5625,0.078125,0.0,0.0,0.015625
7,7,0.09375,0.078125,0.125,0.0,0.046875,0.0,0.0,0.546875,0.09375,0.0,0.0,0.015625
7,7,0.09375,0.078125,0.125,0.0,0.046875,0.0,0.0,0.546875,0.09375,0.0,0.0,0.015625
7,7,0.09375,0.078125,0.125,0.0,0.046875,0.0,0.0,0.546875,0.09375,0.0,0.0,0.015625
7,7,0.109375,0.078125,0.109375,0.0,0.046875,0.0,0.0,0.53125,0.109375,0.0,0.0,0.015625
7,7,0.109375,0.078125,0.109375,0.0,0.046875,0.0,0.0,0.53125,0.109375,0.0,0.0,0.015625
7,7,0.109375,0.078125,0.109375,0.0,0.046875,0.0,0.0,0.53125,0.109375,0.0,0.0,0.015625
7,7,0.109375,0.078125,0.109375,0.0,0.046875,0.0,0.0,0.53125,0.109375,0.0,0.0,0.015625
7,7,0.09375,0.078125,0.109375,0.0,0.046875,0.0,0.0,0.515625,0.15625,0.0,0.0,0.0
7,7,0.09375,0.078125,0.109375,0.0,0.046875,0.0,0.0,0.515625,0.15625,0.0,0.0,0.0
7,7,0.09375,0.078125,0.109375,0.0,0.046875,0.0,0.0,0.515625,0.15625,0.0,0.0,0.0
7,7,0.09375,0.078125,0.109375,0.0,0.046875,0.0,0.0,0.515625,0.15625,0.0,0.0,0.0
7,7,0.09375,0.078125,0.109375,0.0,0.046875,0.0,0.0,0.515625,0.15625,0.0,0.0,0.0
7,7,0.09375,0.078125,0.109375,0.0,0.046875,0.0,0.0,0.515625,0.15625,0.0,0.0,0.0
7,7,0.09375,0.078125,0.109375,0.0,0.046875,0.0,0.0,0.515625,0.15625,0.0,0.0,0.0
7,7,0.09375,0.078125,0.109375,0.0,0.046875,0.0,0.0,0.515625,0.15625,0.0,0.0,0.0
7,7,0.09375,0.078125,0.125,0.0,0.046875,0.0,0.0,0.5,0.15625,0.0,0.0,0.0
7,7,0.09375,0.078125,0.125,0.0,0.046875,0.0,0.0,0.5,0.15625,0.0,0.0,0.0
7,7,0.09375,0.078125,0.125,0.0,0.046875,0.0,0.0,0.5,0.15625,0.0,0.0,0.0
7,7,0.09375,0.078125,0.125,0.0,0.046875,0.0,0.0,0.484375,0.171875,0.0,0.0,0.0
7,7,0.09375,0.0625,0.125,0.0,0.046875,0.0,0.0,0.484375,0.1875,0.0,0.0,0.0
7,7,0.09375,0.0625,0.125,0.0,0.046875,0.0,0.0,0.484375,0.1875,0.0,0.0,0.0
7,7,0.09375,0.0625,0.125,0.0,0.046875,0.0,0.0,0.484375,0.1875,0.0,0.0,0.0
7,7,0.09375,0.0625,0.125,0.0,0.046875,0.0,0.0,0.484375,0.1875,0.0,0.0,0.0
7,7,0.078125,0.0625,0.125,0.0,0.046875,0.0,0.0,0.484375,0.203125,0.0,0.0,0.0
7,7,0.078125,0.0625,0.125,0.0,0.046875,0.0,0.0,0.484375,0.203125,0.0,0.0,0.0
7,7,0.078125,0.078125,0.125,0.0,0.046875,0.0,0.0,0.46875,0.203125,0.0,0.0,0.0
7,7,0.078125,0.09375,0.125,0.0,0.046875,0.0,0.0,0.453125,0.203125,0.0,0.0,0.0
7,7,0.078125,0.09375,0.125,0.0,0.046875,0.0,0.0,0.453125,0.203125,0.0,0.0,0.0
7,7,0.078125,0.09375,0.125,0.0,0.046875,0.0,0.0,0.453125,0.203125,0.0,0.0,0.0
7,7,0.078125,0.09375,0.125,0.0,0.046875,0.0,0.0,0.453125,0.203125,0.0,0.0,0.0
7,7,0.078125,0.09375,0.125,0.0,0.046875,0.0,0.0,0.453125,0.203125,0.0,0.0,0.0
7,7,0.0625,0.09375,0.140625,0.0,0.046875,0.0,0.0,0.390625,0.265625,0.0,0.0,0.0
7,7,0.0625,0.09375,0.140625,0.0,0.046875,0.0,0.0,0.390625,0.265625,0.0,0.0,0.0
7,7,0.0625,0.09375,0.140625,0.0,0.046875,0.0,0.0,0.390625,0.265625,0.0,0.0,0.0
7,7,0.0625,0.09375,0.140625,0.0,0.046875,0.0,0.0,0.390625,0.265625,0.0,0.0,0.0
7,7,0.0625,0.09375,0.140625,0.0,0.046875,0.0,0.0,0.390625,0.265625,0.0,0.0,0.0
7,7,0.0625,0.09375,0.140625,0.0,0.046875,0.0,0.0,0.390625,0.265625,0.0,0.0,0.0
7,7,0.0625,0.09375,0.140625,0.0,0.046875,0.0,0.0,0.375,0.265625,0.0,0.0,0.015625
7,7,0.0625,0.09375,0.140625,0.0,0.046875,0.0,0.0,0.375,0.265625,0.0,0.0,0.015625
7,7,0.0625,0.09375,0.140625,0.0,0.046875,0.0,0.0,0.359375,0.28125,0.0,0.0,0.015625
7,7,0.0625,0.09375,0.140625,0.0,0.046875,0.0,0.0,0.359375,0.28125,0.0,0.0,0.015625
7,7,0.0625,0.09375,0.140625,0.0,0.046875,0.0,0.0,0.359375,0.28125,0.0,0.0,0.015625
7,7,0.0625,0.09375,0.140625,0.0,0.046875,0.0,0.0,0.359375,0.28125,0.0,0.0,0.015625
7,7,0.0625,0.09375,0.140625,0.0,0.046875,0.0,0.0,0.34375,0.296875,0.0,0.0,0.015625
7,7,0.0625,0.09375,0.140625,0.0,0.046875,0.0,0.0,0.34375,0.296875,0.0,0.0,0.015625
7,7,0.0625,0.09375,0.140625,0.0,0.046875,0.0,0.0,0.34375,0.296875,0.0,0.0,0.015625
7,7,0.0625,0.09375,0.140625,0.0,0.046875,0.0,0.0,0.34375,0.296875,0.0,0.0,0.015625
7,7,0.046875,0.078125,0.15625,0.0,0.046875,0.0,0.0,0.34375,0.3125,0.0,0.0,0.015625
7,7,0.046875,0.078125,0.15625,0.0,0.046875,0.0,0.0,0.34375,0.3125,0.0,0.0,0.015625
7,7,0.046875,0.078125,0.15625,0.0,0.046875,0.0,0.0,0.34375,0.3125,0.0,0.0,0.015625
7,7,0.046875,0.078125,0.15625,0.0,0.046875,0.0,0.0,0.34375,0.3125,0.0,0.0,0.015625
7,7,0.046875,0.078125,0.15625,0.0,0.046875,0.0,0.0,0.34375,0.3125,0.0,0.0,0.015625
7,7,0.046875,0.078125,0.15625,0.0,0.046875,0.0,0.0,0.34375,0.3125,0.0,0.0,0.015625
7,7,0.046875,0.078125,0.15625,0.0,0.046875,0.0,0.0,0.34375,0.3125,0.0,0.0,0.015625
7,7,0.046875,0.078125,0.15625,0.0,0.046875,0.0,0.0,0.34375,0.3125,0.0,0.0,0.015625
7,8,0.03125,0.0625,0.109375,0.0,0.03125,0.0,0.0,0.28125,0.484375,0.0,0.0,0.0
7,8,0.03125,0.0625,0.109375,0.0,0.03125,0.0,0.0,0.28125,0.484375,0.0,0.0,0.0
7,8,0.03125,0.0625,0.109375,0.0,0.03125,0.0,0.0,0.28125,0.484375,0.0,0.0,0.0
7,8,0.03125,0.046875,0.109375,0.0,0.03125,0.0,0.0,0.28125,0.5,0.0,0.0,0.0
7,8,0.03125,0.046875,0.109375,0.0,0.03125,0.0,0.0,0.265625,0.515625,0.0,0.0,0.0
7,8,0.03125,0.046875,0.109375,0.0,0.03125,0.0,0.0,0.265625,0.515625,0.0,0.0,0.0
7,8,0.03125,0.046875,0.109375,0.0,0.03125,0.0,0.0,0.265625,0.515625,0.0,0.0,0.0
7,8,0.03125,0.046875,0.109375,0.0,0.03125,0.0,0.0,0.265625,0.515625,0.0,0.0,0.0
7,8,0.03125,0.046875,0.109375,0.0,0.03125,0.0,0.0,0.265625,0.515625,0.0,0.0,0.0
7,8,0.03125,0.046875,0.109375,0.0,0.03125,0.0,0.0,0.265625,0.515625,0.0,0.0,0.0
7,8,0.03125,0.046875,0.109375,0.0,0.03125,0.0,0.0,0.265625,0.515625,0.0,0.0,0.0
7,8,0.03125,0.046875,0.109375,0.0,0.03125,0.0,0.0,0.265625,0.515625,0.0,0.0,0.0
7,8,0.03125,0.046875,0.109375,0.0,0.03125,0.0,0.0,0.265625,0.515625,0.0,0.0,0.0
7,8,0.03125,0.046875,0.109375,0.0,0.03125,0.0,0.0,0.265625,0.515625,0.0,0.0,0.0
7,8,0.03125,0.046875,0.109375,0.0,0.03125,0.0,0.0,0.265625,0.515625,0.0,0.0,0.0
7,8,0.03125,0.046875,0.109375,0.0,0.03125,0.0,0.0,0.265625,0.515625,0.0,0.0,0.0
7,8,0.03125,0.046875,0.09375,0.0,0.03125,0.0,0.0,0.265625,0.53125,0.0,0.0,0.0
7,8,0.03125,0.046875,0.09375,0.0,0.03125,0.0,0.0,0.265625,0.53125,0.0,0.0,0.0
7,8,0.03125,0.046875,0.09375,0.0,0.03125,0.0,0.0,0.265625,0.53125,0.0,0.0,0.0
7,8,0.03125,0.046875,0.09375,0.0,0.03125,0.0,0.0,0.265625,0.53125,0.0,0.0,0.0
8,8,0.03125,0.046875,0.09375,0.0,0.03125,0.0,0.0,0.265625,0.53125,0.0,0.0,0.0
8,8,0.03125,0.046875,0.09375,0.0,0.03125,0.0,0.0,0.265625,0.53125,0.0,0.0,0.0
8,8,0.03125,0.046875,0.09375,0.0,0.03125,0.0,0.0,0.265625,0.53125,0.0,0.0,0.0
8,8,0.03125,0.046875,0.09375,0.0,0.03125,0.0,0.0,0.265625,0.53125,0.0,0.0,0.0
8,8,0.03125,0.046875,0.09375,0.0,0.03125,0.0,0.0,0.265625,0.53125,0.0,0.0,0.0
8,8,0.03125,0.046875,0.09375,0.0,0.03125,0.0,0.0,0.265625,0.53125,0.0,0.0,0.0
8,8,0.03125,0.046875,0.09375,0.0,0.03125,0.0,0.0,0.265625,0.53125,0.0,0.0,0.0
8,8,0.03125,0.046875,0.09375,0.0,0.03125,0.0,0.0,0.265625,0.53125,0.0,0.0,0.0
8,8,0.03125,0.046875,0.09375,0.0,0.03125,0.0,0.0,0.265625,0.53125,0.0,0.0,0.0
8,8,0.03125,0.046875,0.09375,0.0,0.03125,0.0,0.0,0.265625,0.53125,0.0,0.0,0.0
8,8,0.03125,0.046875,0.09375,0.0,0.03125,0.0,0.0,0.265625,0.53125,0.0,0.0,0.0
8,8,0.03125,0.046875,0.09375,0.0,0.03125,0.0,0.0,0.265625,0.53125,0.0,0.0,0.0
8,8,0.03125,0.046875,0.09375,0.0,0.03125,0.0,0.0,0.25,0.546875,0.0,0.0,0.0
8,8,0.03125,0.046875,0.09375,0.0,0.03125,0.0,0.0,0.25,0.546875,0.0,0.0,0.0
8,8,0.03125,0.046875,0.09375,0.0,0.03125,0.0,0.0,0.25,0.546875,0.0,0.0,0.0
8,8,0.03125,0.046875,0.09375,0.0,0.03125,0.0,0.0,0.25,0.546875,0.0,0.0,0.0
8,8,0.03125,0.046875,0.09375,0.0,0.03125,0.0,0.0,0.25,0.546875,0.0,0.0,0.0
8,8,0.03125,0.046875,0.09375,0.0,0.03125,0.0,0.0,0.25,0.546875,0.0,0.0,0.0
8,8,0.03125,0.046875,0.09375,0.0,0.03125,0.0,0.0,0.25,0.546875,0.0,0.0,0.0
8,8,0.03125,0.046875,0.09375,0.0,0.03125,0.0,0.0,0.25,0.546875,0.0,0.0,0.0
8,8,0.046875,0.046875,0.0625,0.0,0.03125,0.0,0.0,0.25,0.546875,0.0,0.0,0.015625
8,8,0.046875,0.046875,0.0625,0.0,0.03125,0.0,0.0,0.25,0.546875,0.0,0.0,0.015625
8,8,0.046875,0.046875,0.0625,0.0,0.03125,0.0,0.0,0.25,0.546875,0.0,0.0,0.015625
8,8,0.046875,0.046875,0.0625,0.0,0.03125,0.0,0.0,0.25,0.546875,0.0,0.0,0.015625
8,8,0.046875,0.046875,0.0625,0.0,0.03125,0.0,0.0,0.25,0.546875,0.0,0.0,0.015625
8,8,0.046875,0.046875,0.0625,0.0,0.03125,0.0,0.0,0.25,0.546875,0.0,0.0,0.015625
8,8,0.046875,0.046875,0.0625,0.0,0.03125,0.0,0.0,0.25,0.546875,0.0,0.0,0.015625
8,8,0.046875,0.046875,0.0625,0.0,0.03125,0.0,0.0,0.25,0.546875,0.0,0.0,0.015625
8,8,0.046875,0.046875,0.0625,0.0,0.03125,0.0,0.0,0.234375,0.5625,0.0,0.0,0.015625
8,8,0.046875,0.046875,0.0625,0.0,0.03125,0.0,0.0,0.234375,0.5625,0.0,0.0,0.015625
8,8,0.046875,0.046875,0.0625,0.0,0.03125,0.0,0.0,0.234375,0.5625,0.0,0.0,0.015625
8,8,0.046875,0.046875,0.0625,0.0,0.03125,0.0,0.0,0.234375,0.5625,0.0,0.0,0.015625
8,8,0.03125,0.03125,0.0625,0.0,0.03125,0.0,0.0,0.234375,0.578125,0.015625,0.0,0.015625
8,8,0.03125,0.03125,0.0625,0.0,0.03125,0.0,0.0,0.234375,0.578125,0.015625,0.0,0.015625
8,8,0.03125,0.03125,0.0625,0.0,0.03125,0.0,0.0,0.234375,0.578125,0.015625,0.0,0.015625
8,8,0.03125,0.03125,0.0625,0.0,0.03125,0.0,0.0,0.234375,0.578125,0.015625,0.0,0.015625
8,8,0.03125,0.03125,0.0625,0.0,0.03125,0.0,0.0,0.234375,0.578125,0.015625,0.0,0.015625
8,8,0.03125,0.03125,0.0625,0.0,0.03125,0.0,0.0,0.234375,0.578125,0.015625,0.0,0.015625
8,8,0.03125,0.03125,0.0625,0.0,0.03125,0.0,0.0,0.234375,0.578125,0.015625,0.0,0.015625
8,8,0.03125,0.03125,0.0625,0.0,0.03125,0.0,0.0,0.234375,0.578125,0.015625,0.0,0.015625
8,8,0.03125,0.03125,0.0625,0.0,0.03125,0.0,0.0,0.21875,0.578125,0.03125,0.0,0.015625
8,8,0.03125,0.03125,0.0625,0.0,0.03125,0.0,0.0,0.21875,0.578125,0.03125,0.0,0.015625
8,8,0.03125,0.03125,0.0625,0.0,0.03125,0.0,0.0,0.21875,0.578125,0.03125,0.0,0.015625
8,8,0.03125,0.03125,0.0625,0.0,0.03125,0.0,0.0,0.21875,0.578125,0.03125,0.0,0.015625
8,8,0.03125,0.03125,0.0625,0.0,0.03125,0.0,0.0,0.21875,0.5625,0.046875,0.0,0.015625
8,8,0.03125,0.03125,0.0625,0.0,0.015625,0.0,0.0,0.21875,0.5625,0.0625,0.0,0.015625
8,8,0.03125,0.03125,0.0625,0.0,0.015625,0.0,0.0,0.21875,0.5625,0.0625,0.0,0.015625
8,8,0.03125,0.03125,0.0625,0.0,0.015625,0.0,0.0,0.21875,0.5625,0.0625,0.0,0.015625
8,8,0.03125,0.03125,0.0625,0.0,0.015625,0.0,0.0,0.21875,0.5625,0.0625,0.0,0.015625
8,8,0.03125,0.03125,0.0625,0.0,0.015625,0.0,0.0,0.21875,0.5625,0.0625,0.0,0.015625
8,8,0.03125,0.03125,0.0625,0.0,0.015625,0.0,0.0,0.203125,0.578125,0.0625,0.0,0.015625
8,8,0.03125,0.03125,0.0625,0.0,0.015625,0.0,0.0,0.203125,0.578125,0.0625,0.0,0.015625
8,8,0.03125,0.03125,0.0625,0.0,0.015625,0.0,0.0,0.171875,0.546875,0.125,0.0,0.015625
8,8,0.03125,0.03125,0.0625,0.0,0.015625,0.0,0.0,0.171875,0.546875,0.125,0.0,0.015625
8,8,0.03125,0.03125,0.0625,0.0,0.015625,0.0,0.0,0.171875,0.546875,0.125,0.0,0.015625
8,8,0.03125,0.03125,0.0625,0.0,0.015625,0.0,0.0,0.171875,0.546875,0.125,0.0,0.015625
8,8,0.03125,0.03125,0.0625,0.0,0.015625,0.0,0.0,0.171875,0.53125,0.140625,0.0,0.015625
8,8,0.03125,0.03125,0.0625,0.0,0.015625,0.0,0.0,0.171875,0.53125,0.140625,0.0,0.015625
8,8,0.03125,0.03125,0.0625,0.0,0.015625,0.0,0.0,0.171875,0.53125,0.140625,0.0,0.015625
8,8,0.03125,0.03125,0.0625,0.0,0.015625,0.0,0.0,0.171875,0.53125,0.140625,0.0,0.015625
8,8,0.03125,0.015625,0.046875,0.0,0.015625,0.0,0.0,0.109375,0.578125,0.1875,0.0,0.015625
8,8,0.03125,0.015625,0.046875,0.0,0.015625,0.0,0.0,0.109375,0.578125,0.1875,0.0,0.015625
8,8,0.03125,0.015625,0.046875,0.0,0.015625,0.0,0.0,0.109375,0.578125,0.1875,0.0,0.015625
8,8,0.03125,0.015625,0.046875,0.0,0.015625,0.0,0.0,0.109375,0.578125,0.1875,0.0,0.015625
8,8,0.03125,0.015625,0.046875,0.0,0.015625,0.0,0.0,0.109375,0.578125,0.1875,0.0,0.015625
8,8,0.03125,0.015625,0.046875,0.0,0.015625,0.0,0.0,0.109375,0.578125,0.1875,0.0,0.015625
8,8,0.03125,0.015625,0.046875,0.0,0.015625,0.0,0.0,0.109375,0.578125,0.1875,0.0,0.015625
8,8,0.03125,0.015625,0.046875,0.0,0.015625,0.0,0.0,0.109375,0.578125,0.1875,0.0,0.015625
8,8,0.03125,0.015625,0.046875,0.0,0.015625,0.0,0.0,0.09375,0.546875,0.234375,0.0,0.015625
8,8,0.03125,0.015625,0.046875,0.0,0.015625,0.0,0.0,0.09375,0.546875,0.234375,0.0,0.015625
8,8,0.03125,0.015625,0.046875,0.0,0.015625,0.0,0.0,0.09375,0.546875,0.234375,0.0,0.015625
8,8,0.03125,0.015625,0.046875,0.0,0.015625,0.0,0.0,0.09375,0.546875,0.234375,0.0,0.015625
8,8,0.03125,0.015625,0.046875,0.0,0.015625,0.0,0.0,0.078125,0.5625,0.234375,0.0,0.015625
8,8,0.03125,0.015625,0.046875,0.0,0.015625,0.0,0.0,0.078125,0.5625,0.234375,0.0,0.015625
8,8,0.03125,0.015625,0.046875,0.0,0.015625,0.0,0.0,0.078125,0.5625,0.234375,0.0,0.015625
8,8,0.03125,0.015625,0.046875,0.0,0.015625,0.0,0.0,0.078125,0.5625,0.234375,0.0,0.015625
8,8,0.03125,0.015625,0.046875,0.0,0.015625,0.0,0.0,0.078125,0.53125,0.265625,0.0,0.015625
8,8,0.03125,0.015625,0.046875,0.0,0.015625,0.0,0.0,0.078125,0.53125,0.265625,0.0,0.015625
8,8,0.03125,0.015625,0.046875,0.0,0.015625,0.0,0.0,0.078125,0.53125,0.265625,0.0,0.015625
8,8,0.03125,0.015625,0.046875,0.0,0.015625,0.0,0.0,0.078125,0.53125,0.265625,0.0,0.015625
8,8,0.03125,0.015625,0.046875,0.0,0.015625,0.0,0.0,0.078125,0.53125,0.265625,0.0,0.015625
8,8,0.03125,0.015625,0.046875,0.0,0.015625,0.0,0.0,0.078125,0.53125,0.265625,0.0,0.015625
8,8,0.015625,0.015625,0.046875,0.0,0.015625,0.0,0.0,0.078125,0.515625,0.296875,0.0,0.015625
8,8,0.015625,0.015625,0.046875,0.0,0.015625,0.0,0.0,0.078125,0.515625,0.296875,0.0,0.015625
8,8,0.015625,0.015625,0.046875,0.0,0.015625,0.0,0.0,0.078125,0.515625,0.296875,0.0,0.015625
8,8,0.015625,0.015625,0.046875,0.0,0.015625,0.0,0.0,0.078125,0.515625,0.296875,0.0,0.015625
8,8,0.015625,0.015625,0.046875,0.0,0.015625,0.0,0.0,0.078125,0.515625,0.296875,0.0,0.015625
8,8,0.015625,0.015625,0.046875,0.0,0.015625,0.0,0.0,0.078125,0.515625,0.296875,0.0,0.015625
8,8,0.015625,0.015625,0.046875,0.0,0.015625,0.0,0.0,0.078125,0.46875,0.34375,0.0,0.015625
8,8,0.015625,0.015625,0.046875,0.0,0.015625,0.0,0.0,0.078125,0.46875,0.34375,0.0,0.015625
8,8,0.015625,0.015625,0.046875,0.0,0.015625,0.0,0.0,0.078125,0.46875,0.34375,0.0,0.015625
8,8,0.015625,0.015625,0.046875,0.0,0.015625,0.0,0.0,0.078125,0.46875,0.34375,0.0,0.015625
8,8,0.015625,0.015625,0.046875,0.0,0.0,0.0,0.0,0.078125,0.484375,0.34375,0.0,0.015625
8,8,0.015625,0.015625,0.046875,0.0,0.0,0.0,0.0,0.078125,0.484375,0.34375,0.0,0.015625
8,8,0.015625,0.015625,0.046875,0.0,0.0,0.0,0.0,0.078125,0.484375,0.34375,0.0,0.015625
8,8,0.015625,0.015625,0.046875,0.0,0.0,0.0,0.0,0.078125,0.484375,0.34375,0.0,0.015625
8,8,0.0,0.015625,0.046875,0.0,0.0,0.0,0.0,0.0625,0.5,0.359375,0.0,0.015625
8,8,0.0,0.015625,0.046875,0.0,0.0,0.0,0.0,0.0625,0.5,0.359375,0.0,0.015625
8,8,0.0,0.015625,0.046875,0.0,0.0,0.0,0.0,0.0625,0.5,0.359375,0.0,0.015625
8,8,0.0,0.015625,0.046875,0.0,0.0,0.0,0.0,0.0625,0.5,0.359375,0.0,0.015625
8,8,0.0,0.015625,0.046875,0.0,0.0,0.0,0.0,0.046875,0.453125,0.421875,0.0,0.015625
8,8,0.0,0.015625,0.046875,0.0,0.0,0.0,0.0,0.046875,0.453125,0.421875,0.0,0.015625
8,8,0.0,0.015625,0.046875,0.0,0.0,0.0,0.0,0.046875,0.453125,0.421875,0.0,0.015625
8,8,0.0,0.015625,0.046875,0.0,0.0,0.0,0.0,0.046875,0.4375,0.4375,0.0,0.015625
8,9,0.0,0.015625,0.046875,0.0,0.0,0.0,0.0,0.046875,0.421875,0.453125,0.0,0.015625
8,9,0.0,0.015625,0.046875,0.0,0.0,0.0,0.0,0.046875,0.421875,0.453125,0.0,0.015625
8,9,0.0,0.015625,0.046875,0.0,0.0,0.0,0.0,0.046875,0.421875,0.453125,0.0,0.015625
8,9,0.0,0.015625,0.046875,0.0,0.0,0.0,0.0,0.046875,0.421875,0.453125,0.0,0.015625
8,9,0.0,0.015625,0.046875,0.0,0.0,0.0,0.0,0.046875,0.40625,0.46875,0.0,0.015625
8,9,0.0,0.015625,0.046875,0.0,0.0,0.0,0.0,0.046875,0.40625,0.46875,0.0,0.015625
8,9,0.0,0.015625,0.046875,0.0,0.0,0.0,0.0,0.046875,0.40625,0.46875,0.0,0.015625
8,9,0.0,0.015625,0.046875,0.0,0.0,0.0,0.0,0.046875,0.40625,0.46875,0.0,0.015625
8,9,0.0,0.015625,0.046875,0.0,0.0,0.0,0.0,0.046875,0.40625,0.46875,0.0,0.015625
8,9,0.0,0.015625,0.046875,0.0,0.0,0.0,0.0,0.046875,0.40625,0.46875,0.0,0.015625
8,9,0.0,0.015625,0.046875,0.0,0.0,0.0,0.0,0.046875,0.40625,0.46875,0.0,0.015625
8,9,0.0,0.015625,0.046875,0.0,0.0,0.0,0.0,0.046875,0.390625,0.484375,0.0,0.015625
8,9,0.0,0.015625,0.046875,0.0,0.0,0.0,0.0,0.046875,0.390625,0.484375,0.0,0.015625
8,9,0.0,0.015625,0.046875,0.0,0.0,0.0,0.0,0.046875,0.390625,0.484375,0.0,0.015625
8,9,0.0,0.015625,0.046875,0.0,0.0,0.0,0.0,0.046875,0.390625,0.484375,0.0,0.015625
8,9,0.0,0.015625,0.046875,0.0,0.0,0.0,0.0,0.046875,0.390625,0.484375,0.0,0.015625
8,9,0.0,0.015625,0.046875,0.0,0.0,0.0,0.0,0.03125,0.40625,0.484375,0.0,0.015625
8,9,0.0,0.015625,0.046875,0.0,0.0,0.0,0.0,0.03125,0.40625,0.484375,0.0,0.015625
8,9,0.0,0.015625,0.046875,0.0,0.0,0.0,0.0,0.03125,0.40625,0.484375,0.0,0.015625
8,9,0.0,0.015625,0.046875,0.0,0.0,0.0,0.0,0.03125,0.40625,0.484375,0.0,0.015625
8,9,0.0,0.015625,0.015625,0.0,0.0,0.0,0.0,0.015625,0.203125,0.734375,0.0,0.015625
8,9,0.0,0.015625,0.015625,0.0,0.0,0.0,0.0,0.015625,0.203125,0.734375,0.0,0.015625
8,9,0.0,0.015625,0.015625,0.0,0.0,0.0,0.0,0.015625,0.203125,0.734375,0.0,0.015625
8,9,0.0,0.015625,0.015625,0.0,0.0,0.0,0.0,0.015625,0.203125,0.734375,0.0,0.015625
8,9,0.0,0.015625,0.015625,0.0,0.0,0.0,0.0,0.015625,0.203125,0.734375,0.0,0.015625
8,9,0.0,0.015625,0.015625,0.0,0.0,0.0,0.0,0.015625,0.203125,0.734375,0.0,0.015625
8,9,0.0,0.0,0.015625,0.0,0.0,0.0,0.0,0.015625,0.21875,0.734375,0.0,0.015625
8,9,0.0,0.0,0.015625,0.0,0.0,0.0,0.0,0.015625,0.203125,0.75,0.0,0.015625
8,9,0.0,0.0,0.015625,0.0,0.0,0.0,0.0,0.015625,0.203125,0.75,0.0,0.015625
8,9,0.0,0.0,0.015625,0.0,0.0,0.0,0.0,0.015625,0.203125,0.75,0.0,0.015625
8,9,0.0,0.0,0.015625,0.0,0.0,0.0,0.0,0.0,0.21875,0.75,0.0,0.015625
8,9,0.0,0.0,0.015625,0.0,0.0,0.0,0.0,0.0,0.21875,0.75,0.0,0.015625
8,9,0.0,0.0,0.015625,0.0,0.0,0.0,0.0,0.0,0.1875,0.78125,0.0,0.015625
8,9,0.0,0.0,0.015625,0.0,0.0,0.0,0.0,0.0,0.1875,0.78125,0.0,0.015625
8,9,0.0,0.0,0.015625,0.0,0.0,0.0,0.0,0.0,0.1875,0.78125,0.0,0.015625
8,9,0.0,0.0,0.015625,0.0,0.0,0.0,0.0,0.0,0.1875,0.78125,0.0,0.015625
8,9,0.0,0.0,0.015625,0.0,0.0,0.0,0.0,0.0,0.15625,0.8125,0.0,0.015625
8,9,0.0,0.0,0.015625,0.0,0.0,0.0,0.0,0.0,0.15625,0.8125,0.0,0.015625
8,9,0.0,0.0,0.015625,0.0,0.0,0.0,0.0,0.0,0.15625,0.8125,0.0,0.015625
8,9,0.0,0.0,0.015625,0.0,0.0,0.0,0.0,0.0,0.15625,0.8125,0.0,0.015625
8,9,0.0,0.0,0.015625,0.0,0.0,0.0,0.0,0.0,0.15625,0.8125,0.0,0.015625
8,9,0.0,0.0,0.015625,0.0,0.0,0.0,0.0,0.0,0.15625,0.8125,0.0,0.015625
8,9,0.0,0.0,0.015625,0.0,0.0,0.0,0.0,0.0,0.15625,0.8125,0.0,0.015625
8,9,0.0,0.0,0.015625,0.0,0.0,0.0,0.0,0.0,0.15625,0.8125,0.0,0.015625
8,9,0.0,0.0,0.015625,0.0,0.0,0.0,0.0,0.0,0.15625,0.8125,0.0,0.015625
8,9,0.0,0.0,0.015625,0.0,0.0,0.0,0.0,0.0,0.15625,0.8125,0.0,0.015625
8,9,0.0,0.0,0.015625,0.0,0.0,0.0,0.0,0.0,0.15625,0.8125,0.0,0.015625
8,9,0.0,0.0,0.015625,0.0,0.0,0.0,0.0,0.0,0.15625,0.8125,0.0,0.015625
8,9,0.0,0.0,0.015625,0.0,0.0,0.0,0.0,0.0,0.15625,0.8125,0.0,0.015625
8,9,0.0,0.0,0.015625,0.0,0.0,0.0,0.0,0.0,0.15625,0.8125,0.0,0.015625
8,9,0.0,0.0,0.015625,0.0,0.0,0.0,0.0,0.0,0.140625,0.828125,0.0,0.015625
8,9,0.0,0.0,0.015625,0.0,0.0,0.0,0.0,0.0,0.140625,0.828125,0.0,0.015625
8,9,0.0,0.0,0.015625,0.0,0.0,0.0,0.0,0.0,0.140625,0.828125,0.0,0.015625
8,9,0.0,0.0,0.015625,0.0,0.0,0.0,0.0,0.0,0.140625,0.828125,0.0,0.015625
8,9,0.0,0.0,0.015625,0.0,0.0,0.0,0.0,0.0,0.140625,0.828125,0.0,0.015625
8,9,0.0,0.0,0.015625,0.0,0.0,0.0,0.0,0.0,0.140625,0.828125,0.0,0.015625
8,9,0.0,0.0,0.015625,0.0,0.0,0.0,0.0,0.0,0.125,0.84375,0.0,0.015625
8,9,0.0,0.0,0.015625,0.0,0.0,0.0,0.0,0.0,0.125,0.84375,0.0,0.015625
8,9,0.0,0.0,0.015625,0.0,0.0,0.0,0.0,0.0,0.125,0.84375,0.0,0.015625
8,9,0.0,0.0,0.015625,0.0,0.0,0.0,0.0,0.0,0.125,0.84375,0.0,0.015625
8,9,0.0,0.0,0.015625,0.0,0.0,0.0,0.0,0.0,0.125,0.84375,0.0,0.015625
8,9,0.0,0.0,0.015625,0.0,0.0,0.0,0.0,0.0,0.125,0.84375,0.0,0.015625
8,9,0.0,0.0,0.015625,0.0,0.0,0.0,0.0,0.0,0.125,0.84375,0.0,0.015625
8,9,0.0,0.0,0.015625,0.0,0.0,0.0,0.0,0.0,0.125,0.84375,0.0,0.015625
8,9,0.0,0.0,0.015625,0.0,0.0,0.0,0.0,0.0,0.125,0.84375,0.0,0.015625
8,9,0.0,0.0,0.015625,0.0,0.0,0.0,0.0,0.0,0.125,0.84375,0.0,0.015625
8,9,0.0,0.0,0.015625,0.0,0.0,0.0,0.0,0.0,0.125,0.84375,0.0,0.015625
8,9,0.0,0.0,0.015625,0.0,0.0,0.0,0.0,0.0,0.125,0.84375,0.0,0.015625
8,9,0.0,0.0,0.015625,0.0,0.0,0.0,0.0,0.0,0.109375,0.875,0.0,0.0
8,9,0.0,0.0,0.015625,0.0,0.0,0.0,0.0,0.0,0.109375,0.875,0.0,0.0
8,9,0.0,0.0,0.015625,0.0,0.0,0.0,0.0,0.0,0.109375,0.875,0.0,0.0
8,9,0.0,0.0,0.015625,0.0,0.0,0.0,0.0,0.0,0.109375,0.875,0.0,0.0
8,9,0.0,0.0,0.015625,0.0,0.0,0.0,0.0,0.0,0.109375,0.875,0.0,0.0
8,9,0.0,0.0,0.015625,0.0,0.0,0.0,0.0,0.0,0.109375,0.875,0.0,0.0
8,9,0.0,0.0,0.015625,0.0,0.0,0.0,0.0,0.0,0.109375,0.875,0.0,0.0
8,9,0.0,0.0,0.015625,0.0,0.0,0.0,0.0,0.0,0.109375,0.875,0.0,0.0
8,9,0.0,0.0,0.0,0.0,0.0,0.0,0.0,0.0,0.109375,0.875,0.015625,0.0
8,9,0.0,0.0,0.0,0.0,0.0,0.0,0.0,0.0,0.109375,0.875,0.015625,0.0
8,9,0.0,0.0,0.0,0.0,0.0,0.0,0.0,0.0,0.109375,0.875,0.015625,0.0
8,9,0.0,0.0,0.0,0.0,0.0,0.0,0.0,0.0,0.109375,0.875,0.015625,0.0
8,9,0.0,0.0,0.0,0.0,0.0,0.0,0.0,0.0,0.109375,0.875,0.015625,0.0
8,9,0.0,0.0,0.0,0.0,0.0,0.0,0.0,0.0,0.109375,0.875,0.015625,0.0
8,9,0.0,0.0,0.0,0.0,0.0,0.0,0.0,0.0,0.109375,0.875,0.015625,0.0
8,9,0.0,0.0,0.0,0.0,0.0,0.0,0.0,0.0,0.109375,0.875,0.015625,0.0
8,9,0.0,0.0,0.0,0.0,0.0,0.0,0.0,0.0,0.0625,0.921875,0.015625,0.0
8,9,0.0,0.0,0.0,0.0,0.0,0.0,0.0,0.0,0.0625,0.921875,0.015625,0.0
8,9,0.0,0.0,0.0,0.0,0.0,0.0,0.0,0.0,0.0625,0.921875,0.015625,0.0
8,9,0.0,0.0,0.0,0.0,0.0,0.0,0.0,0.0,0.0625,0.921875,0.015625,0.0
8,9,0.0,0.0,0.0,0.0,0.0,0.0,0.0,0.0,0.0625,0.921875,0.015625,0.0
8,9,0.0,0.0,0.0,0.0,0.0,0.0,0.0,0.0,0.0625,0.921875,0.015625,0.0
8,9,0.0,0.0,0.0,0.0,0.0,0.0,0.0,0.0,0.0625,0.921875,0.015625,0.0
8,9,0.0,0.0,0.0,0.0,0.0,0.0,0.0,0.0,0.0625,0.921875,0.015625,0.0
8,9,0.0,0.0,0.0,0.0,0.0,0.0,0.0,0.0,0.03125,0.953125,0.015625,0.0
8,9,0.0,0.0,0.0,0.0,0.0,0.0,0.0,0.0,0.03125,0.953125,0.015625,0.0
8,9,0.0,0.0,0.0,0.0,0.0,0.0,0.0,0.0,0.03125,0.953125,0.015625,0.0
8,9,0.0,0.0,0.0,0.0,0.0,0.0,0.0,0.0,0.03125,0.953125,0.015625,0.0
8,9,0.0,0.0,0.0,0.0,0.0,0.0,0.0,0.0,0.03125,0.953125,0.015625,0.0
8,9,0.0,0.0,0.0,0.0,0.0,0.0,0.0,0.0,0.03125,0.953125,0.015625,0.0
8,9,0.0,0.0,0.0,0.0,0.0,0.0,0.0,0.0,0.03125,0.953125,0.015625,0.0
8,9,0.0,0.0,0.0,0.0,0.0,0.0,0.0,0.0,0.03125,0.953125,0.015625,0.0
8,9,0.0,0.0,0.0,0.0,0.0,0.0,0.0,0.0,0.03125,0.953125,0.015625,0.0
8,9,0.0,0.0,0.0,0.0,0.0,0.0,0.0,0.0,0.03125,0.953125,0.015625,0.0
8,9,0.0,0.0,0.0,0.0,0.0,0.0,0.0,0.0,0.03125,0.953125,0.015625,0.0
8,9,0.0,0.0,0.0,0.0,0.0,0.0,0.0,0.0,0.03125,0.953125,0.015625,0.0
8,9,0.0,0.0,0.0,0.0,0.0,0.0,0.0,0.0,0.03125,0.953125,0.015625,0.0
8,9,0.0,0.0,0.0,0.0,0.0,0.0,0.0,0.0,0.03125,0.953125,0.015625,0.0
8,9,0.0,0.0,0.0,0.0,0.0,0.0,0.0,0.0,0.03125,0.953125,0.015625,0.0
8,9,0.0,0.0,0.0,0.0,0.0,0.0,0.0,0.0,0.03125,0.953125,0.015625,0.0
8,9,0.0,0.0,0.0,0.0,0.0,0.0,0.0,0.0,0.03125,0.953125,0.015625,0.0
8,9,0.0,0.0,0.0,0.0,0.0,0.0,0.0,0.0,0.03125,0.953125,0.015625,0.0
8,9,0.0,0.0,0.0,0.0,0.0,0.0,0.0,0.0,0.03125,0.953125,0.015625,0.0
8,9,0.0,0.0,0.0,0.0,0.0,0.0,0.0,0.0,0.03125,0.953125,0.015625,0.0
8,9,0.0,0.0,0.0,0.0,0.0,0.0,0.0,0.0,0.03125,0.953125,0.015625,0.0
8,9,0.0,0.0,0.0,0.0,0.0,0.0,0.0,0.0,0.03125,0.953125,0.015625,0.0
8,9,0.0,0.0,0.0,0.0,0.0,0.0,0.0,0.0,0.03125,0.953125,0.015625,0.0
8,9,0.0,0.0,0.0,0.0,0.0,0.0,0.0,0.0,0.03125,0.953125,0.015625,0.0
8,9,0.0,0.0,0.0,0.0,0.0,0.0,0.0,0.0,0.0,1.0,0.0,0.0
8,9,0.0,0.0,0.0,0.0,0.0,0.0,0.0,0.0,0.0,1.0,0.0,0.0
8,9,0.0,0.0,0.0,0.0,0.0,0.0,0.0,0.0,0.0,1.0,0.0,0.0
8,9,0.0,0.0,0.0,0.0,0.0,0.0,0.0,0.0,0.0,1.0,0.0,0.0
8,9,0.0,0.0,0.0,0.0,0.0,0.0,0.0,0.0,0.0,1.0,0.0,0.0
8,9,0.0,0.0,0.0,0.0,0.0,0.0,0.0,0.0,0.0,1.0,0.0,0.0
8,9,0.0,0.0,0.0,0.0,0.0,0.0,0.0,0.0,0.0,1.0,0.0,0.0
8,9,0.0,0.0,0.0,0.0,0.0,0.0,0.0,0.0,0.0,1.0,0.0,0.0
8,9,0.0,0.0,0.0,0.0,0.0,0.0,0.0,0.0,0.0,1.0,0.0,0.0
8,9,0.0,0.0,0.0,0.0,0.0,0.0,0.0,0.0,0.0,1.0,0.0,0.0
8,9,0.0,0.0,0.0,0.0,0.0,0.0,0.0,0.0,0.0,1.0,0.0,0.0
8,9,0.0,0.0,0.0,0.0,0.0,0.0,0.0,0.0,0.0,1.0,0.0,0.0
8,9,0.0,0.0,0.0,0.0,0.0,0.0,0.0,0.0,0.0,1.0,0.0,0.0
8,9,0.0,0.0,0.0,0.0,0.0,0.0,0.0,0.0,0.0,1.0,0.0,0.0
8,9,0.0,0.0,0.0,0.0,0.0,0.0,0.0,0.0,0.0,1.0,0.0,0.0
8,9,0.0,0.0,0.0,0.0,0.0,0.0,0.0,0.0,0.0,1.0,0.0,0.0
8,9,0.0,0.0,0.0,0.0,0.0,0.0,0.0,0.0,0.0,1.0,0.0,0.0
8,9,0.0,0.0,0.0,0.0,0.0,0.0,0.0,0.0,0.0,1.0,0.0,0.0
8,9,0.0,0.0,0.0,0.0,0.0,0.0,0.0,0.0,0.0,1.0,0.0,0.0
8,9,0.0,0.0,0.0,0.0,0.0,0.0,0.0,0.0,0.0,1.0,0.0,0.0
8,9,0.0,0.0,0.0,0.0,0.0,0.0,0.0,0.0,0.0,1.0,0.0,0.0
8,9,0.0,0.0,0.0,0.0,0.0,0.0,0.0,0.0,0.0,1.0,0.0,0.0
8,9,0.0,0.0,0.0,0.0,0.0,0.0,0.0,0.0,0.0,1.0,0.0,0.0
8,9,0.0,0.0,0.0,0.0,0.0,0.0,0.0,0.0,0.0,1.0,0.0,0.0
8,9,0.0,0.0,0.0,0.0,0.0,0.0,0.0,0.0,0.0,1.0,0.0,0.0
8,9,0.0,0.0,0.0,0.0,0.0,0.0,0.0,0.0,0.0,1.0,0.0,0.0
8,9,0.0,0.0,0.0,0.0,0.0,0.0,0.0,0.0,0.0,1.0,0.0,0.0
8,9,0.0,0.0,0.0,0.0,0.0,0.0,0.0,0.0,0.0,1.0,0.0,0.0
8,9,0.0,0.0,0.0,0.0,0.0,0.0,0.0,0.0,0.0,1.0,0.0,0.0
8,9,0.0,0.0,0.0,0.0,0.0,0.0,0.0,0.0,0.0,1.0,0.0,0.0
8,9,0.0,0.0,0.0,0.0,0.0,0.0,0.0,0.0,0.0,1.0,0.0,0.0
8,9,0.0,0.0,0.0,0.0,0.0,0.0,0.0,0.0,0.0,1.0,0.0,0.0
8,9,0.0,0.0,0.0,0.0,0.0,0.0,0.0,0.0,0.0,1.0,0.0,0.0
8,9,0.0,0.0,0.0,0.0,0.0,0.0,0.0,0.0,0.0,1.0,0.0,0.0
8,9,0.0,0.0,0.0,0.0,0.0,0.0,0.0,0.0,0.0,1.0,0.0,0.0
8,9,0.0,0.0,0.0,0.0,0.0,0.0,0.0,0.0,0.0,1.0,0.0,0.0
8,9,0.0,0.0,0.0,0.0,0.0,0.0,0.0,0.0,0.0,1.0,0.0,0.0
8,9,0.0,0.0,0.0,0.0,0.0,0.0,0.0,0.0,0.0,1.0,0.0,0.0
8,9,0.0,0.0,0.0,0.0,0.0,0.0,0.0,0.0,0.0,1.0,0.0,0.0
8,9,0.0,0.0,0.0,0.0,0.0,0.0,0.0,0.0,0.0,1.0,0.0,0.0
8,9,0.0,0.0,0.0,0.0,0.0,0.0,0.0,0.0,0.0,1.0,0.0,0.0
8,9,0.0,0.0,0.0,0.0,0.0,0.0,0.0,0.0,0.0,1.0,0.0,0.0
8,9,0.0,0.0,0.0,0.0,0.0,0.0,0.0,0.0,0.0,1.0,0.0,0.0
8,9,0.0,0.0,0.0,0.0,0.0,0.0,0.0,0.0,0.0,1.0,0.0,0.0
8,9,0.0,0.0,0.0,0.0,0.0,0.0,0.0,0.0,0.0,1.0,0.0,0.0
8,9,0.0,0.0,0.0,0.0,0.0,0.0,0.0,0.0,0.0,1.0,0.0,0.0
8,9,0.0,0.0,0.0,0.0,0.0,0.0,0.0,0.0,0.0,1.0,0.0,0.0
8,9,0.0,0.0,0.0,0.0,0.0,0.0,0.0,0.0,0.0,1.0,0.0,0.0
8,9,0.0,0.0,0.0,0.0,0.0,0.0,0.0,0.0,0.0,1.0,0.0,0.0
8,9,0.0,0.0,0.0,0.0,0.0,0.0,0.0,0.0,0.0,1.0,0.0,0.0
8,9,0.0,0.0,0.0,0.0,0.0,0.0,0.0,0.0,0.0,1.0,0.0,0.0
8,9,0.0,0.0,0.0,0.0,0.0,0.0,0.0,0.0,0.0,1.0,0.0,0.0
8,9,0.0,0.0,0.0,0.0,0.0,0.0,0.0,0.0,0.0,1.0,0.0,0.0
8,9,0.0,0.0,0.0,0.0,0.0,0.0,0.0,0.0,0.0,1.0,0.0,0.0
8,9,0.0,0.0,0.0,0.0,0.0,0.0,0.0,0.0,0.0,1.0,0.0,0.0
8,9,0.0,0.0,0.0,0.0,0.0,0.0,0.0,0.0,0.0,1.0,0.0,0.0
8,9,0.0,0.0,0.0,0.0,0.0,0.0,0.0,0.0,0.0,1.0,0.0,0.0
8,9,0.0,0.0,0.0,0.0,0.0,0.0,0.0,0.0,0.0,1.0,0.0,0.0
8,9,0.0,0.0,0.0,0.0,0.0,0.0,0.0,0.0,0.0,1.0,0.0,0.0
8,9,0.0,0.0,0.0,0.0,0.0,0.0,0.0,0.0,0.0,1.0,0.0,0.0
8,9,0.0,0.0,0.0,0.0,0.0,0.0,0.0,0.0,0.0,1.0,0.0,0.0
8,9,0.0,0.0,0.0,0.0,0.0,0.0,0.0,0.0,0.0,1.0,0.0,0.0
8,9,0.0,0.0,0.0,0.0,0.0,0.0,0.0,0.0,0.0,1.0,0.0,0.0
8,9,0.0,0.0,0.0,0.0,0.0,0.0,0.0,0.0,0.0,1.0,0.0,0.0
8,9,0.0,0.0,0.0,0.0,0.0,0.0,0.0,0.0,0.0,1.0,0.0,0.0
8,9,0.0,0.0,0.0,0.0,0.0,0.0,0.0,0.0,0.0,1.0,0.0,0.0
8,9,0.0,0.0,0.0,0.0,0.0,0.0,0.0,0.0,0.0,1.0,0.0,0.0
8,9,0.0,0.0,0.0,0.0,0.0,0.0,0.0,0.0,0.0,1.0,0.0,0.0
8,9,0.0,0.0,0.0,0.0,0.0,0.0,0.0,0.0,0.0,1.0,0.0,0.0
8,9,0.0,0.0,0.0,0.0,0.0,0.0,0.0,0.0,0.0,1.0,0.0,0.0
8,9,0.0,0.0,0.0,0.0,0.0,0.0,0.0,0.0,0.0,1.0,0.0,0.0
8,9,0.0,0.0,0.0,0.0,0.0,0.0,0.0,0.0,0.0,1.0,0.0,0.0
8,9,0.0,0.0,0.0,0.0,0.0,0.0,0.0,0.0,0.0,1.0,0.0,0.0
8,9,0.0,0.0,0.0,0.0,0.0,0.0,0.0,0.0,0.0,1.0,0.0,0.0
8,9,0.0,0.0,0.0,0.0,0.0,0.0,0.0,0.0,0.0,1.0,0.0,0.0
8,9,0.0,0.0,0.0,0.0,0.0,0.0,0.0,0.0,0.0,1.0,0.0,0.0
8,9,0.0,0.0,0.0,0.0,0.0,0.0,0.0,0.0,0.0,1.0,0.0,0.0
8,9,0.0,0.0,0.0,0.0,0.0,0.0,0.0,0.0,0.0,1.0,0.0,0.0
8,9,0.0,0.0,0.0,0.0,0.0,0.0,0.0,0.0,0.0,1.0,0.0,0.0
8,9,0.0,0.0,0.0,0.0,0.0,0.0,0.0,0.0,0.0,1.0,0.0,0.0
8,9,0.0,0.0,0.0,0.0,0.0,0.0,0.0,0.0,0.0,1.0,0.0,0.0
8,9,0.0,0.0,0.0,0.0,0.0,0.0,0.0,0.0,0.0,1.0,0.0,0.0
8,9,0.0,0.0,0.0,0.0,0.0,0.0,0.0,0.0,0.0,1.0,0.0,0.0
8,9,0.0,0.0,0.0,0.0,0.0,0.0,0.0,0.0,0.0,1.0,0.0,0.0
8,9,0.0,0.0,0.0,0.0,0.0,0.0,0.0,0.0,0.0,1.0,0.0,0.0
8,9,0.0,0.0,0.0,0.0,0.0,0.0,0.0,0.0,0.0,1.0,0.0,0.0
8,9,0.0,0.0,0.0,0.0,0.0,0.0,0.0,0.0,0.0,1.0,0.0,0.0
8,9,0.0,0.0,0.0,0.0,0.0,0.0,0.0,0.0,0.0,1.0,0.0,0.0
8,9,0.0,0.0,0.0,0.0,0.0,0.0,0.0,0.0,0.0,1.0,0.0,0.0
8,9,0.0,0.0,0.0,0.0,0.0,0.0,0.0,0.0,0.0,1.0,0.0,0.0
8,9,0.0,0.0,0.0,0.0,0.0,0.0,0.0,0.0,0.0,1.0,0.0,0.0
8,9,0.0,0.0,0.0,0.0,0.0,0.0,0.0,0.0,0.0,1.0,0.0,0.0
8,9,0.0,0.0,0.0,0.0,0.0,0.0,0.0,0.0,0.0,1.0,0.0,0.0
8,9,0.0,0.0,0.0,0.0,0.0,0.0,0.0,0.0,0.0,1.0,0.0,0.0
8,9,0.0,0.0,0.0,0.0,0.0,0.0,0.0,0.0,0.0,1.0,0.0,0.0
8,9,0.0,0.0,0.0,0.0,0.0,0.0,0.0,0.0,0.0,1.0,0.0,0.0
8,9,0.0,0.0,0.0,0.0,0.0,0.0,0.0,0.0,0.0,1.0,0.0,0.0
8,9,0.0,0.0,0.0,0.0,0.0,0.0,0.0,0.0,0.0,1.0,0.0,0.0
8,9,0.0,0.0,0.0,0.0,0.0,0.0,0.0,0.0,0.0,1.0,0.0,0.0
8,9,0.0,0.0,0.0,0.0,0.0,0.0,0.0,0.0,0.0,1.0,0.0,0.0
8,9,0.0,0.0,0.0,0.0,0.0,0.0,0.0,0.0,0.0,1.0,0.0,0.0
8,9,0.0,0.0,0.0,0.0,0.0,0.0,0.0,0.0,0.0,1.0,0.0,0.0
8,9,0.0,0.0,0.0,0.0,0.0,0.0,0.0,0.0,0.0,1.0,0.0,0.0
8,9,0.0,0.0,0.0,0.0,0.0,0.0,0.0,0.0,0.0,1.0,0.0,0.0
8,9,0.0,0.0,0.0,0.0,0.0,0.0,0.0,0.0,0.0,1.0,0.0,0.0
8,9,0.0,0.0,0.0,0.0,0.0,0.0,0.0,0.0,0.0,1.0,0.0,0.0
8,9,0.0,0.0,0.0,0.0,0.0,0.0,0.0,0.0,0.0,1.0,0.0,0.0
8,9,0.0,0.0,0.0,0.0,0.0,0.0,0.0,0.0,0.0,1.0,0.0,0.0
8,9,0.0,0.0,0.0,0.0,0.0,0.0,0.0,0.0,0.0,1.0,0.0,0.0
8,9,0.0,0.0,0.0,0.0,0.0,0.0,0.0,0.0,0.0,1.0,0.0,0.0
8,9,0.0,0.0,0.0,0.0,0.0,0.0,0.0,0.0,0.0,1.0,0.0,0.0
8,9,0.0,0.0,0.0,0.0,0.0,0.0,0.0,0.0,0.0,1.0,0.0,0.0
8,9,0.0,0.0,0.0,0.0,0.0,0.0,0.0,0.0,0.0,1.0,0.0,0.0
8,9,0.0,0.0,0.0,0.0,0.0,0.0,0.0,0.0,0.0,1.0,0.0,0.0
8,9,0.0,0.0,0.0,0.0,0.0,0.0,0.0,0.0,0.0,1.0,0.0,0.0
8,9,0.0,0.0,0.0,0.0,0.0,0.0,0.0,0.0,0.0,1.0,0.0,0.0
8,9,0.0,0.0,0.0,0.0,0.0,0.0,0.0,0.0,0.0,1.0,0.0,0.0
8,9,0.0,0.0,0.0,0.0,0.0,0.0,0.0,0.0,0.0,1.0,0.0,0.0
8,9,0.0,0.0,0.0,0.0,0.0,0.0,0.0,0.0,0.0,1.0,0.0,0.0
8,9,0.0,0.0,0.0,0.0,0.0,0.0,0.0,0.0,0.0,1.0,0.0,0.0
8,9,0.0,0.0,0.0,0.0,0.0,0.0,0.0,0.0,0.0,1.0,0.0,0.0
8,9,0.0,0.0,0.0,0.0,0.0,0.0,0.0,0.0,0.0,1.0,0.0,0.0
8,9,0.0,0.0,0.0,0.0,0.0,0.0,0.0,0.0,0.0,1.0,0.0,0.0
8,9,0.0,0.0,0.0,0.0,0.0,0.0,0.0,0.0,0.0,1.0,0.0,0.0
8,9,0.0,0.0,0.0,0.0,0.0,0.0,0.0,0.0,0.0,1.0,0.0,0.0
8,9,0.0,0.0,0.0,0.0,0.0,0.0,0.0,0.0,0.0,1.0,0.0,0.0
8,9,0.0,0.0,0.0,0.0,0.0,0.0,0.0,0.0,0.0,1.0,0.0,0.0
8,9,0.0,0.0,0.0,0.0,0.0,0.0,0.0,0.0,0.0,1.0,0.0,0.0
8,9,0.0,0.0,0.0,0.0,0.0,0.0,0.0,0.0,0.0,1.0,0.0,0.0
8,9,0.0,0.0,0.0,0.0,0.0,0.0,0.0,0.0,0.0,1.0,0.0,0.0
8,9,0.0,0.0,0.0,0.0,0.0,0.0,0.0,0.0,0.0,1.0,0.0,0.0
8,9,0.0,0.0,0.0,0.0,0.0,0.0,0.0,0.0,0.0,1.0,0.0,0.0
8,9,0.0,0.0,0.0,0.0,0.0,0.0,0.0,0.0,0.0,1.0,0.0,0.0
8,9,0.0,0.0,0.0,0.0,0.0,0.0,0.0,0.0,0.0,1.0,0.0,0.0
8,9,0.0,0.0,0.0,0.0,0.0,0.0,0.0,0.0,0.0,1.0,0.0,0.0
8,9,0.0,0.0,0.0,0.0,0.0,0.0,0.0,0.0,0.0,1.0,0.0,0.0
8,9,0.0,0.0,0.0,0.0,0.0,0.0,0.0,0.0,0.0,1.0,0.0,0.0
8,9,0.0,0.0,0.0,0.0,0.0,0.0,0.0,0.0,0.0,1.0,0.0,0.0
8,9,0.0,0.0,0.0,0.0,0.0,0.0,0.0,0.0,0.0,1.0,0.0,0.0
8,9,0.0,0.0,0.0,0.0,0.0,0.0,0.0,0.0,0.0,1.0,0.0,0.0
8,9,0.0,0.0,0.0,0.0,0.0,0.0,0.0,0.0,0.0,1.0,0.0,0.0
8,9,0.0,0.0,0.0,0.0,0.0,0.0,0.0,0.0,0.0,1.0,0.0,0.0
8,9,0.0,0.0,0.0,0.0,0.0,0.0,0.0,0.0,0.0,1.0,0.0,0.0
8,9,0.0,0.0,0.0,0.0,0.0,0.0,0.0,0.0,0.0,1.0,0.0,0.0
8,9,0.0,0.0,0.0,0.0,0.0,0.0,0.0,0.0,0.0,1.0,0.0,0.0
8,9,0.0,0.0,0.0,0.0,0.0,0.0,0.0,0.0,0.0,1.0,0.0,0.0
8,9,0.0,0.0,0.0,0.0,0.0,0.0,0.0,0.0,0.0,1.0,0.0,0.0
8,9,0.0,0.0,0.0,0.0,0.0,0.0,0.0,0.0,0.0,1.0,0.0,0.0
8,9,0.0,0.0,0.0,0.0,0.0,0.0,0.0,0.0,0.0,1.0,0.0,0.0
8,9,0.0,0.0,0.0,0.0,0.0,0.0,0.0,0.0,0.0,1.0,0.0,0.0
8,9,0.0,0.0,0.0,0.0,0.0,0.0,0.0,0.0,0.0,1.0,0.0,0.0
8,9,0.0,0.0,0.0,0.0,0.0,0.0,0.0,0.0,0.0,1.0,0.0,0.0
8,9,0.0,0.0,0.0,0.0,0.0,0.0,0.0,0.0,0.0,1.0,0.0,0.0
8,9,0.0,0.0,0.0,0.0,0.0,0.0,0.0,0.0,0.0,1.0,0.0,0.0
8,9,0.0,0.0,0.0,0.0,0.0,0.0,0.0,0.0,0.0,1.0,0.0,0.0
8,9,0.0,0.0,0.0,0.0,0.0,0.0,0.0,0.0,0.0,1.0,0.0,0.0
8,9,0.0,0.0,0.0,0.0,0.0,0.0,0.0,0.0,0.0,1.0,0.0,0.0
8,9,0.0,0.0,0.0,0.0,0.0,0.0,0.0,0.0,0.0,1.0,0.0,0.0
8,9,0.0,0.0,0.0,0.0,0.0,0.0,0.0,0.0,0.0,1.0,0.0,0.0
8,9,0.0,0.0,0.0,0.0,0.0,0.0,0.0,0.0,0.0,1.0,0.0,0.0
8,9,0.0,0.0,0.0,0.0,0.0,0.0,0.0,0.0,0.0,1.0,0.0,0.0
8,9,0.0,0.0,0.0,0.0,0.0,0.0,0.0,0.0,0.0,1.0,0.0,0.0
8,9,0.0,0.0,0.0,0.0,0.0,0.0,0.0,0.0,0.0,1.0,0.0,0.0
8,9,0.0,0.0,0.0,0.0,0.0,0.0,0.0,0.0,0.0,1.0,0.0,0.0
8,9,0.0,0.0,0.0,0.0,0.0,0.0,0.0,0.0,0.0,1.0,0.0,0.0
8,9,0.0,0.0,0.0,0.0,0.0,0.0,0.0,0.0,0.0,1.0,0.0,0.0
8,9,0.0,0.0,0.0,0.0,0.0,0.0,0.0,0.0,0.0,1.0,0.0,0.0
8,9,0.0,0.0,0.0,0.0,0.0,0.0,0.0,0.0,0.0,1.0,0.0,0.0
8,9,0.0,0.0,0.0,0.0,0.0,0.0,0.0,0.0,0.0,1.0,0.0,0.0
8,9,0.0,0.0,0.0,0.0,0.0,0.0,0.0,0.0,0.0,1.0,0.0,0.0
8,9,0.0,0.0,0.0,0.0,0.0,0.0,0.0,0.0,0.0,1.0,0.0,0.0
8,9,0.0,0.0,0.0,0.0,0.0,0.0,0.0,0.0,0.0,1.0,0.0,0.0
8,9,0.0,0.0,0.0,0.0,0.0,0.0,0.0,0.0,0.0,1.0,0.0,0.0
8,9,0.0,0.0,0.0,0.0,0.0,0.0,0.0,0.0,0.0,1.0,0.0,0.0
8,9,0.0,0.0,0.0,0.0,0.0,0.0,0.0,0.0,0.0,1.0,0.0,0.0
8,9,0.0,0.0,0.0,0.0,0.0,0.0,0.0,0.0,0.0,1.0,0.0,0.0
8,9,0.0,0.0,0.0,0.0,0.0,0.0,0.0,0.0,0.0,1.0,0.0,0.0
8,9,0.0,0.0,0.0,0.0,0.0,0.0,0.0,0.0,0.0,1.0,0.0,0.0
8,9,0.0,0.0,0.0,0.0,0.0,0.0,0.0,0.0,0.0,1.0,0.0,0.0
8,9,0.0,0.0,0.0,0.0,0.0,0.0,0.0,0.0,0.0,1.0,0.0,0.0
8,9,0.0,0.0,0.0,0.0,0.0,0.0,0.0,0.0,0.0,1.0,0.0,0.0
8,9,0.0,0.0,0.0,0.0,0.0,0.0,0.0,0.0,0.0,1.0,0.0,0.0
8,9,0.0,0.0,0.0,0.0,0.0,0.0,0.0,0.0,0.0,1.0,0.0,0.0
8,9,0.0,0.0,0.0,0.0,0.0,0.0,0.0,0.0,0.0,1.0,0.0,0.0
8,9,0.0,0.0,0.0,0.0,0.0,0.0,0.0,0.0,0.0,1.0,0.0,0.0
8,9,0.0,0.0,0.0,0.0,0.0,0.0,0.0,0.0,0.0,1.0,0.0,0.0
8,9,0.0,0.0,0.0,0.0,0.0,0.0,0.0,0.0,0.0,1.0,0.0,0.0
8,9,0.0,0.0,0.0,0.0,0.0,0.0,0.0,0.0,0.0,1.0,0.0,0.0
8,9,0.0,0.0,0.0,0.0,0.0,0.0,0.0,0.0,0.0,1.0,0.0,0.0
8,9,0.0,0.0,0.0,0.0,0.0,0.0,0.0,0.0,0.0,1.0,0.0,0.0
8,9,0.0,0.0,0.0,0.0,0.0,0.0,0.0,0.0,0.0,1.0,0.0,0.0
8,9,0.0,0.0,0.0,0.0,0.0,0.0,0.0,0.0,0.0,1.0,0.0,0.0
8,9,0.0,0.0,0.0,0.0,0.0,0.0,0.0,0.0,0.0,1.0,0.0,0.0
8,9,0.0,0.0,0.0,0.0,0.0,0.0,0.0,0.0,0.0,1.0,0.0,0.0
8,9,0.0,0.0,0.0,0.0,0.0,0.0,0.0,0.0,0.0,1.0,0.0,0.0
8,9,0.0,0.0,0.0,0.0,0.0,0.0,0.0,0.0,0.0,1.0,0.0,0.0
8,9,0.0,0.0,0.0,0.0,0.0,0.0,0.0,0.0,0.0,1.0,0.0,0.0
8,9,0.0,0.0,0.0,0.0,0.0,0.0,0.0,0.0,0.0,1.0,0.0,0.0
8,9,0.0,0.0,0.0,0.0,0.0,0.0,0.0,0.0,0.0,1.0,0.0,0.0
8,9,0.0,0.0,0.0,0.0,0.0,0.0,0.0,0.0,0.0,1.0,0.0,0.0
8,9,0.0,0.0,0.0,0.0,0.0,0.0,0.0,0.0,0.0,1.0,0.0,0.0
8,9,0.0,0.0,0.0,0.0,0.0,0.0,0.0,0.0,0.0,1.0,0.0,0.0
8,9,0.0,0.0,0.0,0.0,0.0,0.0,0.0,0.0,0.0,1.0,0.0,0.0
8,9,0.0,0.0,0.0,0.0,0.0,0.0,0.0,0.0,0.0,1.0,0.0,0.0
8,9,0.0,0.0,0.0,0.0,0.0,0.0,0.0,0.0,0.0,1.0,0.0,0.0
8,9,0.0,0.0,0.0,0.0,0.0,0.0,0.0,0.0,0.0,1.0,0.0,0.0
8,9,0.0,0.0,0.0,0.0,0.0,0.0,0.0,0.0,0.0,1.0,0.0,0.0
8,9,0.0,0.0,0.0,0.0,0.0,0.0,0.0,0.0,0.0,1.0,0.0,0.0
8,9,0.0,0.0,0.0,0.0,0.0,0.0,0.0,0.0,0.0,1.0,0.0,0.0
8,9,0.0,0.0,0.0,0.0,0.0,0.0,0.0,0.0,0.0,1.0,0.0,0.0
8,9,0.0,0.0,0.0,0.0,0.0,0.0,0.0,0.0,0.0,1.0,0.0,0.0
8,9,0.0,0.0,0.0,0.0,0.0,0.0,0.0,0.0,0.0,1.0,0.0,0.0
8,9,0.0,0.0,0.0,0.0,0.0,0.0,0.0,0.0,0.0,1.0,0.0,0.0
8,9,0.0,0.0,0.0,0.0,0.0,0.0,0.0,0.0,0.0,1.0,0.0,0.0
8,9,0.0,0.0,0.0,0.0,0.0,0.0,0.0,0.0,0.0,1.0,0.0,0.0
8,9,0.0,0.0,0.0,0.0,0.0,0.0,0.0,0.0,0.0,1.0,0.0,0.0
8,9,0.0,0.0,0.0,0.0,0.0,0.0,0.0,0.0,0.0,1.0,0.0,0.0
8,9,0.0,0.0,0.0,0.0,0.0,0.0,0.0,0.0,0.0,1.0,0.0,0.0
8,9,0.0,0.0,0.0,0.0,0.0,0.0,0.0,0.0,0.0,1.0,0.0,0.0
8,9,0.0,0.0,0.0,0.0,0.0,0.0,0.0,0.0,0.0,1.0,0.0,0.0
8,9,0.0,0.0,0.0,0.0,0.0,0.0,0.0,0.0,0.0,1.0,0.0,0.0
8,9,0.0,0.0,0.0,0.0,0.0,0.0,0.0,0.0,0.0,1.0,0.0,0.0
8,9,0.0,0.0,0.0,0.0,0.0,0.0,0.0,0.0,0.0,1.0,0.0,0.0
8,9,0.0,0.0,0.0,0.0,0.0,0.0,0.0,0.0,0.0,1.0,0.0,0.0
8,9,0.0,0.0,0.0,0.0,0.0,0.0,0.0,0.0,0.0,1.0,0.0,0.0
8,9,0.0,0.0,0.0,0.0,0.0,0.0,0.0,0.0,0.0,1.0,0.0,0.0
8,9,0.0,0.0,0.0,0.0,0.0,0.0,0.0,0.0,0.0,1.0,0.0,0.0
8,9,0.0,0.0,0.0,0.0,0.0,0.0,0.0,0.0,0.0,1.0,0.0,0.0
8,9,0.0,0.0,0.0,0.0,0.0,0.0,0.0,0.0,0.0,1.0,0.0,0.0
8,9,0.0,0.0,0.0,0.0,0.0,0.0,0.0,0.0,0.0,1.0,0.0,0.0
8,9,0.0,0.0,0.0,0.0,0.0,0.0,0.0,0.0,0.0,1.0,0.0,0.0
8,9,0.0,0.0,0.0,0.0,0.0,0.0,0.0,0.0,0.0,1.0,0.0,0.0
8,9,0.0,0.0,0.0,0.0,0.0,0.0,0.0,0.0,0.0,1.0,0.0,0.0
8,9,0.0,0.0,0.0,0.0,0.0,0.0,0.0,0.0,0.0,1.0,0.0,0.0
8,9,0.0,0.0,0.0,0.0,0.0,0.0,0.0,0.0,0.0,1.0,0.0,0.0
8,9,0.0,0.0,0.0,0.0,0.0,0.0,0.0,0.0,0.0,1.0,0.0,0.0
8,9,0.0,0.0,0.0,0.0,0.0,0.0,0.0,0.0,0.0,1.0,0.0,0.0
8,9,0.0,0.0,0.0,0.0,0.0,0.0,0.0,0.0,0.0,1.0,0.0,0.0
8,9,0.0,0.0,0.0,0.0,0.0,0.0,0.0,0.0,0.0,1.0,0.0,0.0
8,9,0.0,0.0,0.0,0.0,0.0,0.0,0.0,0.0,0.0,1.0,0.0,0.0
8,9,0.0,0.0,0.0,0.0,0.0,0.0,0.0,0.0,0.0,1.0,0.0,0.0
8,9,0.0,0.0,0.0,0.0,0.0,0.0,0.0,0.0,0.0,1.0,0.0,0.0
8,9,0.0,0.0,0.0,0.0,0.0,0.0,0.0,0.0,0.0,1.0,0.0,0.0
8,9,0.0,0.0,0.0,0.0,0.0,0.0,0.0,0.0,0.0,1.0,0.0,0.0
8,9,0.0,0.0,0.0,0.0,0.0,0.0,0.0,0.0,0.0,1.0,0.0,0.0
8,9,0.0,0.0,0.0,0.0,0.0,0.0,0.0,0.0,0.0,1.0,0.0,0.0
8,9,0.0,0.0,0.0,0.0,0.0,0.0,0.0,0.0,0.0,1.0,0.0,0.0
8,9,0.0,0.0,0.0,0.0,0.0,0.0,0.0,0.0,0.0,1.0,0.0,0.0
8,9,0.0,0.0,0.0,0.0,0.0,0.0,0.0,0.0,0.0,1.0,0.0,0.0
8,9,0.0,0.0,0.0,0.0,0.0,0.0,0.0,0.0,0.0,1.0,0.0,0.0
8,9,0.0,0.0,0.0,0.0,0.0,0.0,0.0,0.0,0.0,1.0,0.0,0.0
8,9,0.0,0.0,0.0,0.0,0.0,0.0,0.0,0.0,0.0,1.0,0.0,0.0
8,9,0.0,0.0,0.0,0.0,0.0,0.0,0.0,0.0,0.0,1.0,0.0,0.0
8,9,0.0,0.0,0.0,0.0,0.0,0.0,0.0,0.0,0.0,1.0,0.0,0.0
8,9,0.0,0.0,0.0,0.0,0.0,0.0,0.0,0.0,0.0,1.0,0.0,0.0
8,9,0.0,0.0,0.0,0.0,0.0,0.0,0.0,0.0,0.0,1.0,0.0,0.0
8,9,0.0,0.0,0.0,0.0,0.0,0.0,0.0,0.0,0.0,1.0,0.0,0.0
8,9,0.0,0.0,0.0,0.0,0.0,0.0,0.0,0.0,0.0,1.0,0.0,0.0
8,9,0.0,0.0,0.0,0.0,0.0,0.0,0.0,0.0,0.0,1.0,0.0,0.0
8,9,0.0,0.0,0.0,0.0,0.0,0.0,0.0,0.0,0.0,1.0,0.0,0.0
8,9,0.0,0.0,0.0,0.0,0.0,0.0,0.0,0.0,0.0,1.0,0.0,0.0
8,9,0.0,0.0,0.0,0.0,0.0,0.0,0.0,0.0,0.0,1.0,0.0,0.0
8,9,0.0,0.0,0.0,0.0,0.0,0.0,0.0,0.0,0.0,1.0,0.0,0.0
8,9,0.0,0.0,0.0,0.0,0.0,0.0,0.0,0.0,0.0,1.0,0.0,0.0
8,9,0.0,0.0,0.0,0.0,0.0,0.0,0.0,0.0,0.0,1.0,0.0,0.0
8,9,0.0,0.0,0.0,0.0,0.0,0.0,0.0,0.0,0.0,1.0,0.0,0.0
8,9,0.0,0.0,0.0,0.0,0.0,0.0,0.0,0.0,0.0,1.0,0.0,0.0
8,9,0.0,0.0,0.0,0.0,0.0,0.0,0.0,0.0,0.0,1.0,0.0,0.0
8,9,0.0,0.0,0.0,0.0,0.0,0.0,0.0,0.0,0.0,1.0,0.0,0.0
8,9,0.0,0.0,0.0,0.0,0.0,0.0,0.0,0.0,0.0,1.0,0.0,0.0
8,9,0.0,0.0,0.0,0.0,0.0,0.0,0.0,0.0,0.0,1.0,0.0,0.0
8,9,0.0,0.0,0.0,0.0,0.0,0.0,0.0,0.0,0.0,1.0,0.0,0.0
8,9,0.0,0.0,0.0,0.0,0.0,0.0,0.0,0.0,0.0,1.0,0.0,0.0
8,9,0.0,0.0,0.0,0.0,0.0,0.0,0.0,0.0,0.0,1.0,0.0,0.0
8,9,0.0,0.0,0.0,0.0,0.0,0.0,0.0,0.0,0.0,1.0,0.0,0.0
8,9,0.0,0.0,0.0,0.0,0.0,0.0,0.0,0.0,0.0,1.0,0.0,0.0
8,9,0.0,0.0,0.0,0.0,0.0,0.0,0.0,0.0,0.0,1.0,0.0,0.0
8,9,0.0,0.0,0.0,0.0,0.0,0.0,0.0,0.0,0.0,1.0,0.0,0.0
8,9,0.0,0.0,0.0,0.0,0.0,0.0,0.0,0.0,0.0,1.0,0.0,0.0
8,9,0.0,0.0,0.0,0.0,0.0,0.0,0.0,0.0,0.0,1.0,0.0,0.0
8,9,0.0,0.0,0.0,0.0,0.0,0.0,0.0,0.0,0.0,1.0,0.0,0.0
8,9,0.0,0.0,0.0,0.0,0.0,0.0,0.0,0.0,0.0,1.0,0.0,0.0
8,9,0.0,0.0,0.0,0.0,0.0,0.0,0.0,0.0,0.0,1.0,0.0,0.0
8,9,0.0,0.0,0.0,0.0,0.0,0.0,0.0,0.0,0.0,1.0,0.0,0.0
8,9,0.0,0.0,0.0,0.0,0.0,0.0,0.0,0.0,0.0,1.0,0.0,0.0
8,9,0.0,0.0,0.0,0.0,0.0,0.0,0.0,0.0,0.0,1.0,0.0,0.0
8,9,0.0,0.0,0.0,0.0,0.0,0.0,0.0,0.0,0.0,1.0,0.0,0.0
8,9,0.0,0.0,0.0,0.0,0.0,0.0,0.0,0.0,0.0,1.0,0.0,0.0
8,9,0.0,0.0,0.0,0.0,0.0,0.0,0.0,0.0,0.0,1.0,0.0,0.0
8,9,0.0,0.0,0.0,0.0,0.0,0.0,0.0,0.0,0.0,1.0,0.0,0.0
8,9,0.0,0.0,0.0,0.0,0.0,0.0,0.0,0.0,0.0,1.0,0.0,0.0
8,9,0.0,0.0,0.0,0.0,0.0,0.0,0.0,0.0,0.0,1.0,0.0,0.0
8,9,0.0,0.0,0.0,0.0,0.0,0.0,0.0,0.0,0.0,1.0,0.0,0.0
8,9,0.0,0.0,0.0,0.0,0.0,0.0,0.0,0.0,0.0,1.0,0.0,0.0
8,9,0.0,0.0,0.0,0.0,0.0,0.0,0.0,0.0,0.0,1.0,0.0,0.0
8,9,0.0,0.0,0.0,0.0,0.0,0.0,0.0,0.0,0.0,1.0,0.0,0.0
8,9,0.0,0.0,0.0,0.0,0.0,0.0,0.0,0.0,0.0,1.0,0.0,0.0
8,9,0.0,0.0,0.0,0.0,0.0,0.0,0.0,0.0,0.0,1.0,0.0,0.0
8,9,0.0,0.0,0.0,0.0,0.0,0.0,0.0,0.0,0.0,1.0,0.0,0.0
8,9,0.0,0.0,0.0,0.0,0.0,0.0,0.0,0.0,0.0,1.0,0.0,0.0
8,9,0.0,0.0,0.0,0.0,0.0,0.0,0.0,0.0,0.0,1.0,0.0,0.0
8,9,0.0,0.0,0.0,0.0,0.0,0.0,0.0,0.0,0.0,1.0,0.0,0.0
8,9,0.0,0.0,0.0,0.0,0.0,0.0,0.0,0.0,0.0,1.0,0.0,0.0
8,9,0.0,0.0,0.0,0.0,0.0,0.0,0.0,0.0,0.0,1.0,0.0,0.0
8,9,0.0,0.0,0.0,0.0,0.0,0.0,0.0,0.0,0.0,1.0,0.0,0.0
8,9,0.0,0.0,0.0,0.0,0.0,0.0,0.0,0.0,0.0,1.0,0.0,0.0
8,9,0.0,0.0,0.0,0.0,0.0,0.0,0.0,0.0,0.0,1.0,0.0,0.0
8,9,0.0,0.0,0.0,0.0,0.0,0.0,0.0,0.0,0.0,1.0,0.0,0.0
8,9,0.0,0.0,0.0,0.0,0.0,0.0,0.0,0.0,0.0,1.0,0.0,0.0
8,9,0.0,0.0,0.0,0.0,0.0,0.0,0.0,0.0,0.0,1.0,0.0,0.0
8,9,0.0,0.0,0.0,0.0,0.0,0.0,0.0,0.0,0.0,1.0,0.0,0.0
8,9,0.0,0.0,0.0,0.0,0.0,0.0,0.0,0.0,0.0,1.0,0.0,0.0
8,9,0.0,0.0,0.0,0.0,0.0,0.0,0.0,0.0,0.0,1.0,0.0,0.0
8,9,0.0,0.0,0.0,0.0,0.0,0.0,0.0,0.0,0.0,1.0,0.0,0.0
8,9,0.0,0.0,0.0,0.0,0.0,0.0,0.0,0.0,0.0,1.0,0.0,0.0
8,9,0.0,0.0,0.0,0.0,0.0,0.0,0.0,0.0,0.0,1.0,0.0,0.0
8,9,0.0,0.0,0.0,0.0,0.0,0.0,0.0,0.0,0.0,1.0,0.0,0.0
8,9,0.0,0.0,0.0,0.0,0.0,0.0,0.0,0.0,0.0,1.0,0.0,0.0
8,9,0.0,0.0,0.0,0.0,0.0,0.0,0.0,0.0,0.0,1.0,0.0,0.0
8,9,0.0,0.0,0.0,0.0,0.0,0.0,0.0,0.0,0.0,1.0,0.0,0.0
8,9,0.0,0.0,0.0,0.0,0.0,0.0,0.0,0.0,0.0,1.0,0.0,0.0
8,9,0.0,0.0,0.0,0.0,0.0,0.0,0.0,0.0,0.0,1.0,0.0,0.0
8,9,0.0,0.0,0.0,0.0,0.0,0.0,0.0,0.0,0.0,1.0,0.0,0.0
8,9,0.0,0.0,0.0,0.0,0.0,0.0,0.0,0.0,0.0,1.0,0.0,0.0
8,9,0.0,0.0,0.0,0.0,0.0,0.0,0.0,0.0,0.0,1.0,0.0,0.0
8,9,0.0,0.0,0.0,0.0,0.0,0.0,0.0,0.0,0.0,1.0,0.0,0.0
8,9,0.0,0.0,0.0,0.0,0.0,0.0,0.0,0.0,0.0,1.0,0.0,0.0
8,9,0.0,0.0,0.0,0.0,0.0,0.0,0.0,0.0,0.0,1.0,0.0,0.0
8,9,0.0,0.0,0.0,0.0,0.0,0.0,0.0,0.0,0.0,1.0,0.0,0.0
8,9,0.0,0.0,0.0,0.0,0.0,0.0,0.0,0.0,0.0,1.0,0.0,0.0
8,9,0.0,0.0,0.0,0.0,0.0,0.0,0.0,0.0,0.0,1.0,0.0,0.0
8,9,0.0,0.0,0.0,0.0,0.0,0.0,0.0,0.0,0.0,1.0,0.0,0.0
8,9,0.0,0.0,0.0,0.0,0.0,0.0,0.0,0.0,0.0,1.0,0.0,0.0
8,9,0.0,0.0,0.0,0.0,0.0,0.0,0.0,0.0,0.0,1.0,0.0,0.0
8,9,0.0,0.0,0.0,0.0,0.0,0.0,0.0,0.0,0.0,1.0,0.0,0.0
8,9,0.0,0.0,0.0,0.0,0.0,0.0,0.0,0.0,0.0,1.0,0.0,0.0
8,9,0.0,0.0,0.0,0.0,0.0,0.0,0.0,0.0,0.0,1.0,0.0,0.0
8,9,0.0,0.0,0.0,0.0,0.0,0.0,0.0,0.0,0.0,1.0,0.0,0.0
8,9,0.0,0.0,0.0,0.0,0.0,0.0,0.0,0.0,0.0,1.0,0.0,0.0
8,9,0.0,0.0,0.0,0.0,0.0,0.0,0.0,0.0,0.0,1.0,0.0,0.0
8,9,0.0,0.0,0.0,0.0,0.0,0.0,0.0,0.0,0.0,1.0,0.0,0.0
8,9,0.0,0.0,0.0,0.0,0.0,0.0,0.0,0.0,0.0,1.0,0.0,0.0
8,9,0.0,0.0,0.0,0.0,0.0,0.0,0.0,0.0,0.0,1.0,0.0,0.0
8,9,0.0,0.0,0.0,0.0,0.0,0.0,0.0,0.0,0.0,1.0,0.0,0.0
8,9,0.0,0.0,0.0,0.0,0.0,0.0,0.0,0.0,0.0,1.0,0.0,0.0
8,9,0.0,0.0,0.0,0.0,0.0,0.0,0.0,0.0,0.0,1.0,0.0,0.0
8,9,0.0,0.0,0.0,0.0,0.0,0.0,0.0,0.0,0.0,1.0,0.0,0.0
8,9,0.0,0.0,0.0,0.0,0.0,0.0,0.0,0.0,0.0,1.0,0.0,0.0
8,9,0.0,0.0,0.0,0.0,0.0,0.0,0.0,0.0,0.0,1.0,0.0,0.0
8,9,0.0,0.0,0.0,0.0,0.0,0.0,0.0,0.0,0.0,1.0,0.0,0.0
8,9,0.0,0.0,0.0,0.0,0.0,0.0,0.0,0.0,0.0,1.0,0.0,0.0
8,9,0.0,0.0,0.0,0.0,0.0,0.0,0.0,0.0,0.0,1.0,0.0,0.0
8,9,0.0,0.0,0.0,0.0,0.0,0.0,0.0,0.0,0.0,1.0,0.0,0.0
8,9,0.0,0.0,0.0,0.0,0.0,0.0,0.0,0.0,0.0,1.0,0.0,0.0
8,9,0.0,0.0,0.0,0.0,0.0,0.0,0.0,0.0,0.0,1.0,0.0,0.0
8,9,0.0,0.0,0.0,0.0,0.0,0.0,0.0,0.0,0.0,1.0,0.0,0.0
8,9,0.0,0.0,0.0,0.0,0.0,0.0,0.0,0.0,0.0,1.0,0.0,0.0
8,9,0.0,0.0,0.0,0.0,0.0,0.0,0.0,0.0,0.0,1.0,0.0,0.0
8,9,0.0,0.0,0.0,0.0,0.0,0.0,0.0,0.0,0.0,1.0,0.0,0.0
8,9,0.0,0.0,0.0,0.0,0.0,0.0,0.0,0.0,0.0,1.0,0.0,0.0
8,9,0.0,0.0,0.0,0.0,0.0,0.0,0.0,0.0,0.0,1.0,0.0,0.0
8,9,0.0,0.0,0.0,0.0,0.0,0.0,0.0,0.0,0.0,1.0,0.0,0.0
8,9,0.0,0.0,0.0,0.0,0.0,0.0,0.0,0.0,0.0,1.0,0.0,0.0
8,9,0.0,0.0,0.0,0.0,0.0,0.0,0.0,0.0,0.0,1.0,0.0,0.0
8,9,0.0,0.0,0.0,0.0,0.0,0.0,0.0,0.0,0.0,1.0,0.0,0.0
8,9,0.0,0.0,0.0,0.0,0.0,0.0,0.0,0.0,0.0,1.0,0.0,0.0
8,9,0.0,0.0,0.0,0.0,0.0,0.0,0.0,0.0,0.0,1.0,0.0,0.0
8,9,0.0,0.0,0.0,0.0,0.0,0.0,0.0,0.0,0.0,1.0,0.0,0.0
8,9,0.0,0.0,0.0,0.0,0.0,0.0,0.0,0.0,0.0,1.0,0.0,0.0
8,9,0.0,0.0,0.0,0.0,0.0,0.0,0.0,0.0,0.0,1.0,0.0,0.0
8,9,0.0,0.0,0.0,0.0,0.0,0.0,0.0,0.0,0.0,1.0,0.0,0.0
8,9,0.0,0.0,0.0,0.0,0.0,0.0,0.0,0.0,0.0,1.0,0.0,0.0
8,9,0.0,0.0,0.0,0.0,0.0,0.0,0.0,0.0,0.0,1.0,0.0,0.0
8,9,0.0,0.0,0.0,0.0,0.0,0.0,0.0,0.0,0.0,1.0,0.0,0.0
8,9,0.0,0.0,0.0,0.0,0.0,0.0,0.0,0.0,0.0,1.0,0.0,0.0
8,9,0.0,0.0,0.0,0.0,0.0,0.0,0.0,0.0,0.0,1.0,0.0,0.0
8,9,0.0,0.0,0.0,0.0,0.0,0.0,0.0,0.0,0.0,1.0,0.0,0.0
8,9,0.0,0.0,0.0,0.0,0.0,0.0,0.0,0.0,0.0,1.0,0.0,0.0
8,9,0.0,0.0,0.0,0.0,0.0,0.0,0.0,0.0,0.0,1.0,0.0,0.0
8,9,0.0,0.0,0.0,0.0,0.0,0.0,0.0,0.0,0.0,1.0,0.0,0.0
8,9,0.0,0.0,0.0,0.0,0.0,0.0,0.0,0.0,0.0,1.0,0.0,0.0
8,9,0.0,0.0,0.0,0.0,0.0,0.0,0.0,0.0,0.0,1.0,0.0,0.0
8,9,0.0,0.0,0.0,0.0,0.0,0.0,0.0,0.0,0.0,1.0,0.0,0.0
8,9,0.0,0.0,0.0,0.0,0.0,0.0,0.0,0.0,0.0,1.0,0.0,0.0
8,9,0.0,0.0,0.0,0.0,0.0,0.0,0.0,0.0,0.0,1.0,0.0,0.0
8,9,0.0,0.0,0.0,0.0,0.0,0.0,0.0,0.0,0.0,1.0,0.0,0.0
8,9,0.0,0.0,0.0,0.0,0.0,0.0,0.0,0.0,0.0,1.0,0.0,0.0
8,9,0.0,0.0,0.0,0.0,0.0,0.0,0.0,0.0,0.0,1.0,0.0,0.0
8,9,0.0,0.0,0.0,0.0,0.0,0.0,0.0,0.0,0.0,1.0,0.0,0.0
8,9,0.0,0.0,0.0,0.0,0.0,0.0,0.0,0.0,0.0,1.0,0.0,0.0
8,9,0.0,0.0,0.0,0.0,0.0,0.0,0.0,0.0,0.0,1.0,0.0,0.0
8,9,0.0,0.0,0.0,0.0,0.0,0.0,0.0,0.0,0.0,1.0,0.0,0.0
8,9,0.0,0.0,0.0,0.0,0.0,0.0,0.0,0.0,0.0,1.0,0.0,0.0
8,9,0.0,0.0,0.0,0.0,0.0,0.0,0.0,0.0,0.0,1.0,0.0,0.0
8,9,0.0,0.0,0.0,0.0,0.0,0.0,0.0,0.0,0.0,1.0,0.0,0.0
8,9,0.0,0.0,0.0,0.0,0.0,0.0,0.0,0.0,0.0,1.0,0.0,0.0
8,9,0.0,0.0,0.0,0.0,0.0,0.0,0.0,0.0,0.0,1.0,0.0,0.0
8,9,0.0,0.0,0.0,0.0,0.0,0.0,0.0,0.0,0.0,1.0,0.0,0.0
8,9,0.0,0.0,0.0,0.0,0.0,0.0,0.0,0.0,0.0,1.0,0.0,0.0
8,9,0.0,0.0,0.0,0.0,0.0,0.0,0.0,0.0,0.0,1.0,0.0,0.0
8,9,0.0,0.0,0.0,0.0,0.0,0.0,0.0,0.0,0.0,1.0,0.0,0.0
8,9,0.0,0.0,0.0,0.0,0.0,0.0,0.0,0.0,0.0,1.0,0.0,0.0
8,9,0.0,0.0,0.0,0.0,0.0,0.0,0.0,0.0,0.0,1.0,0.0,0.0
8,9,0.0,0.0,0.0,0.0,0.0,0.0,0.0,0.0,0.0,1.0,0.0,0.0
8,9,0.0,0.0,0.0,0.0,0.0,0.0,0.0,0.0,0.0,1.0,0.0,0.0
8,9,0.0,0.0,0.0,0.0,0.0,0.0,0.0,0.0,0.0,1.0,0.0,0.0
8,9,0.0,0.0,0.0,0.0,0.0,0.0,0.0,0.0,0.0,1.0,0.0,0.0
8,9,0.0,0.0,0.0,0.0,0.0,0.0,0.0,0.0,0.0,1.0,0.0,0.0
8,9,0.0,0.0,0.0,0.0,0.0,0.0,0.0,0.0,0.0,1.0,0.0,0.0
8,9,0.0,0.0,0.0,0.0,0.0,0.0,0.0,0.0,0.0,1.0,0.0,0.0
8,9,0.0,0.0,0.0,0.0,0.0,0.0,0.0,0.0,0.0,1.0,0.0,0.0
8,9,0.0,0.0,0.0,0.0,0.0,0.0,0.0,0.0,0.0,1.0,0.0,0.0
8,9,0.0,0.0,0.0,0.0,0.0,0.0,0.0,0.0,0.0,1.0,0.0,0.0
8,9,0.0,0.0,0.0,0.0,0.0,0.0,0.0,0.0,0.0,1.0,0.0,0.0
8,9,0.0,0.0,0.0,0.0,0.0,0.0,0.0,0.0,0.0,1.0,0.0,0.0
8,9,0.0,0.0,0.0,0.0,0.0,0.0,0.0,0.0,0.0,1.0,0.0,0.0
8,9,0.0,0.0,0.0,0.0,0.0,0.0,0.0,0.0,0.0,1.0,0.0,0.0
8,9,0.0,0.0,0.0,0.0,0.0,0.0,0.0,0.0,0.0,1.0,0.0,0.0
8,9,0.0,0.0,0.0,0.0,0.0,0.0,0.0,0.0,0.0,1.0,0.0,0.0
8,9,0.0,0.0,0.0,0.0,0.0,0.0,0.0,0.0,0.0,1.0,0.0,0.0
8,9,0.0,0.0,0.0,0.0,0.0,0.0,0.0,0.0,0.0,1.0,0.0,0.0
8,9,0.0,0.0,0.0,0.0,0.0,0.0,0.0,0.0,0.0,1.0,0.0,0.0
8,9,0.0,0.0,0.0,0.0,0.0,0.0,0.0,0.0,0.0,1.0,0.0,0.0
8,9,0.0,0.0,0.0,0.0,0.0,0.0,0.0,0.0,0.0,1.0,0.0,0.0
8,9,0.0,0.0,0.0,0.0,0.0,0.0,0.0,0.0,0.0,1.0,0.0,0.0
8,9,0.0,0.0,0.0,0.0,0.0,0.0,0.0,0.0,0.0,1.0,0.0,0.0
8,9,0.0,0.0,0.0,0.0,0.0,0.0,0.0,0.0,0.0,1.0,0.0,0.0
8,9,0.0,0.0,0.0,0.0,0.0,0.0,0.0,0.0,0.0,1.0,0.0,0.0
8,9,0.0,0.0,0.0,0.0,0.0,0.0,0.0,0.0,0.0,1.0,0.0,0.0
8,9,0.0,0.0,0.0,0.0,0.0,0.0,0.0,0.0,0.0,1.0,0.0,0.0
8,9,0.0,0.0,0.0,0.0,0.0,0.0,0.0,0.0,0.0,1.0,0.0,0.0
8,9,0.0,0.0,0.0,0.0,0.0,0.0,0.0,0.0,0.0,1.0,0.0,0.0
8,9,0.0,0.0,0.0,0.0,0.0,0.0,0.0,0.0,0.0,1.0,0.0,0.0
8,9,0.0,0.0,0.0,0.0,0.0,0.0,0.0,0.0,0.0,1.0,0.0,0.0
8,9,0.0,0.0,0.0,0.0,0.0,0.0,0.0,0.0,0.0,1.0,0.0,0.0
8,9,0.0,0.0,0.0,0.0,0.0,0.0,0.0,0.0,0.0,1.0,0.0,0.0
8,9,0.0,0.0,0.0,0.0,0.0,0.0,0.0,0.0,0.0,1.0,0.0,0.0
8,9,0.0,0.0,0.0,0.0,0.0,0.0,0.0,0.0,0.0,1.0,0.0,0.0
8,9,0.0,0.0,0.0,0.0,0.0,0.0,0.0,0.0,0.0,1.0,0.0,0.0
8,9,0.0,0.0,0.0,0.0,0.0,0.0,0.0,0.0,0.0,1.0,0.0,0.0
8,9,0.0,0.0,0.0,0.0,0.0,0.0,0.0,0.0,0.0,1.0,0.0,0.0
8,9,0.0,0.0,0.0,0.0,0.0,0.0,0.0,0.0,0.0,1.0,0.0,0.0
8,9,0.0,0.0,0.0,0.0,0.0,0.0,0.0,0.0,0.0,1.0,0.0,0.0
8,9,0.0,0.0,0.0,0.0,0.0,0.0,0.0,0.0,0.0,1.0,0.0,0.0
8,9,0.0,0.0,0.0,0.0,0.0,0.0,0.0,0.0,0.0,1.0,0.0,0.0
8,9,0.0,0.0,0.0,0.0,0.0,0.0,0.0,0.0,0.0,1.0,0.0,0.0
8,9,0.0,0.0,0.0,0.0,0.0,0.0,0.0,0.0,0.0,1.0,0.0,0.0
8,9,0.0,0.0,0.0,0.0,0.0,0.0,0.0,0.0,0.0,1.0,0.0,0.0
8,9,0.0,0.0,0.0,0.0,0.0,0.0,0.0,0.0,0.0,1.0,0.0,0.0
8,9,0.0,0.0,0.0,0.0,0.0,0.0,0.0,0.0,0.0,1.0,0.0,0.0
8,9,0.0,0.0,0.0,0.0,0.0,0.0,0.0,0.0,0.0,1.0,0.0,0.0
8,9,0.0,0.0,0.0,0.0,0.0,0.0,0.0,0.0,0.0,1.0,0.0,0.0
8,9,0.0,0.0,0.0,0.0,0.0,0.0,0.0,0.0,0.0,1.0,0.0,0.0
8,9,0.0,0.0,0.0,0.0,0.0,0.0,0.0,0.0,0.0,1.0,0.0,0.0
8,9,0.0,0.0,0.0,0.0,0.0,0.0,0.0,0.0,0.0,1.0,0.0,0.0
8,9,0.0,0.0,0.0,0.0,0.0,0.0,0.0,0.0,0.0,1.0,0.0,0.0
8,9,0.0,0.0,0.0,0.0,0.0,0.0,0.0,0.0,0.0,1.0,0.0,0.0
8,9,0.0,0.0,0.0,0.0,0.0,0.0,0.0,0.0,0.0,1.0,0.0,0.0
8,9,0.0,0.0,0.0,0.0,0.0,0.0,0.0,0.0,0.0,1.0,0.0,0.0
8,9,0.0,0.0,0.0,0.0,0.0,0.0,0.0,0.0,0.0,1.0,0.0,0.0
8,9,0.0,0.0,0.0,0.0,0.0,0.0,0.0,0.0,0.0,1.0,0.0,0.0
8,9,0.0,0.0,0.0,0.0,0.0,0.0,0.0,0.0,0.0,1.0,0.0,0.0
8,9,0.0,0.0,0.0,0.0,0.0,0.0,0.0,0.0,0.0,1.0,0.0,0.0
8,9,0.0,0.0,0.0,0.0,0.0,0.0,0.0,0.0,0.0,1.0,0.0,0.0
8,9,0.0,0.0,0.0,0.0,0.0,0.0,0.0,0.0,0.0,1.0,0.0,0.0
8,9,0.0,0.0,0.0,0.0,0.0,0.0,0.0,0.0,0.0,1.0,0.0,0.0
8,9,0.0,0.0,0.0,0.0,0.0,0.0,0.0,0.0,0.0,1.0,0.0,0.0
8,9,0.0,0.0,0.0,0.0,0.0,0.0,0.0,0.0,0.0,1.0,0.0,0.0
8,9,0.0,0.0,0.0,0.0,0.0,0.0,0.0,0.0,0.0,1.0,0.0,0.0
8,9,0.0,0.0,0.0,0.0,0.0,0.0,0.0,0.0,0.0,1.0,0.0,0.0
8,9,0.0,0.0,0.0,0.0,0.0,0.0,0.0,0.0,0.0,1.0,0.0,0.0
8,9,0.0,0.0,0.0,0.0,0.0,0.0,0.0,0.0,0.0,1.0,0.0,0.0
8,9,0.0,0.0,0.0,0.0,0.0,0.0,0.0,0.0,0.0,1.0,0.0,0.0
8,9,0.0,0.0,0.0,0.0,0.0,0.0,0.0,0.0,0.0,1.0,0.0,0.0
8,9,0.0,0.0,0.0,0.0,0.0,0.0,0.0,0.0,0.0,1.0,0.0,0.0
8,9,0.0,0.0,0.0,0.0,0.0,0.0,0.0,0.0,0.0,1.0,0.0,0.0
8,9,0.0,0.0,0.0,0.0,0.0,0.0,0.0,0.0,0.0,1.0,0.0,0.0
8,9,0.0,0.0,0.0,0.0,0.0,0.0,0.0,0.0,0.0,1.0,0.0,0.0
8,9,0.0,0.0,0.0,0.0,0.0,0.0,0.0,0.0,0.0,1.0,0.0,0.0
8,9,0.0,0.0,0.0,0.0,0.0,0.0,0.0,0.0,0.0,1.0,0.0,0.0
8,9,0.0,0.0,0.0,0.0,0.0,0.0,0.0,0.0,0.0,1.0,0.0,0.0
8,9,0.0,0.0,0.0,0.0,0.0,0.0,0.0,0.0,0.0,1.0,0.0,0.0
8,9,0.0,0.0,0.0,0.0,0.0,0.0,0.0,0.0,0.0,1.0,0.0,0.0
8,9,0.0,0.0,0.0,0.0,0.0,0.0,0.0,0.0,0.0,1.0,0.0,0.0
8,9,0.0,0.0,0.0,0.0,0.0,0.0,0.0,0.0,0.0,1.0,0.0,0.0
8,9,0.0,0.0,0.0,0.0,0.0,0.0,0.0,0.0,0.0,1.0,0.0,0.0
8,9,0.0,0.0,0.0,0.0,0.0,0.0,0.0,0.0,0.0,1.0,0.0,0.0
8,9,0.0,0.0,0.0,0.0,0.0,0.0,0.0,0.0,0.0,1.0,0.0,0.0
8,9,0.0,0.0,0.0,0.0,0.0,0.0,0.0,0.0,0.0,1.0,0.0,0.0
8,9,0.0,0.0,0.0,0.0,0.0,0.0,0.0,0.0,0.0,1.0,0.0,0.0
8,9,0.0,0.0,0.0,0.0,0.0,0.0,0.0,0.0,0.0,1.0,0.0,0.0
8,9,0.0,0.0,0.0,0.0,0.0,0.0,0.0,0.0,0.0,1.0,0.0,0.0
8,9,0.0,0.0,0.0,0.0,0.0,0.0,0.0,0.0,0.0,1.0,0.0,0.0
8,9,0.0,0.0,0.0,0.0,0.0,0.0,0.0,0.0,0.0,1.0,0.0,0.0
8,9,0.0,0.0,0.0,0.0,0.0,0.0,0.0,0.0,0.0,1.0,0.0,0.0
8,9,0.0,0.0,0.0,0.0,0.0,0.0,0.0,0.0,0.0,1.0,0.0,0.0
8,9,0.0,0.0,0.0,0.0,0.0,0.0,0.0,0.0,0.0,1.0,0.0,0.0
8,9,0.0,0.0,0.0,0.0,0.0,0.0,0.0,0.0,0.0,1.0,0.0,0.0
8,9,0.0,0.0,0.0,0.0,0.0,0.0,0.0,0.0,0.0,1.0,0.0,0.0
8,9,0.0,0.0,0.0,0.0,0.0,0.0,0.0,0.0,0.0,1.0,0.0,0.0
8,9,0.0,0.0,0.0,0.0,0.0,0.0,0.0,0.0,0.0,1.0,0.0,0.0
8,9,0.0,0.0,0.0,0.0,0.0,0.0,0.0,0.0,0.0,1.0,0.0,0.0
8,9,0.0,0.0,0.0,0.0,0.0,0.0,0.0,0.0,0.0,1.0,0.0,0.0
8,9,0.0,0.0,0.0,0.0,0.0,0.0,0.0,0.0,0.0,1.0,0.0,0.0
8,9,0.0,0.0,0.0,0.0,0.0,0.0,0.0,0.0,0.0,1.0,0.0,0.0
8,9,0.0,0.0,0.0,0.0,0.0,0.0,0.0,0.0,0.0,1.0,0.0,0.0
8,9,0.0,0.0,0.0,0.0,0.0,0.0,0.0,0.0,0.0,1.0,0.0,0.0
8,9,0.0,0.0,0.0,0.0,0.0,0.0,0.0,0.0,0.0,1.0,0.0,0.0
8,9,0.0,0.0,0.0,0.0,0.0,0.0,0.0,0.0,0.0,1.0,0.0,0.0
8,9,0.0,0.0,0.0,0.0,0.0,0.0,0.0,0.0,0.0,1.0,0.0,0.0
8,9,0.0,0.0,0.0,0.0,0.0,0.0,0.0,0.0,0.0,1.0,0.0,0.0
8,9,0.0,0.0,0.0,0.0,0.0,0.0,0.0,0.0,0.0,1.0,0.0,0.0
8,9,0.0,0.0,0.0,0.0,0.0,0.0,0.0,0.0,0.0,1.0,0.0,0.0
8,9,0.0,0.0,0.0,0.0,0.0,0.0,0.0,0.0,0.0,1.0,0.0,0.0
8,9,0.0,0.0,0.0,0.0,0.0,0.0,0.0,0.0,0.0,1.0,0.0,0.0
8,9,0.0,0.0,0.0,0.0,0.0,0.0,0.0,0.0,0.0,1.0,0.0,0.0
8,9,0.0,0.0,0.0,0.0,0.0,0.0,0.0,0.0,0.0,1.0,0.0,0.0
8,9,0.0,0.0,0.0,0.0,0.0,0.0,0.0,0.0,0.0,1.0,0.0,0.0
8,9,0.0,0.0,0.0,0.0,0.0,0.0,0.0,0.0,0.0,1.0,0.0,0.0
8,9,0.0,0.0,0.0,0.0,0.0,0.0,0.0,0.0,0.0,1.0,0.0,0.0
8,9,0.0,0.0,0.0,0.0,0.0,0.0,0.0,0.0,0.0,1.0,0.0,0.0
8,9,0.0,0.0,0.0,0.0,0.0,0.0,0.0,0.0,0.0,1.0,0.0,0.0
8,9,0.0,0.0,0.0,0.0,0.0,0.0,0.0,0.0,0.0,1.0,0.0,0.0
8,9,0.0,0.0,0.0,0.0,0.0,0.0,0.0,0.0,0.0,1.0,0.0,0.0
8,9,0.0,0.0,0.0,0.0,0.0,0.0,0.0,0.0,0.0,1.0,0.0,0.0
8,9,0.0,0.0,0.0,0.0,0.0,0.0,0.0,0.0,0.0,1.0,0.0,0.0
8,9,0.0,0.0,0.0,0.0,0.0,0.0,0.0,0.0,0.0,1.0,0.0,0.0
8,9,0.0,0.0,0.0,0.0,0.0,0.0,0.0,0.0,0.0,1.0,0.0,0.0
8,9,0.0,0.0,0.0,0.0,0.0,0.0,0.0,0.0,0.0,1.0,0.0,0.0
8,9,0.0,0.0,0.0,0.0,0.0,0.0,0.0,0.0,0.0,1.0,0.0,0.0
8,9,0.0,0.0,0.0,0.0,0.0,0.0,0.0,0.0,0.0,1.0,0.0,0.0
8,9,0.0,0.0,0.0,0.0,0.0,0.0,0.0,0.0,0.0,1.0,0.0,0.0
8,9,0.0,0.0,0.0,0.0,0.0,0.0,0.0,0.0,0.0,1.0,0.0,0.0
8,9,0.0,0.0,0.0,0.0,0.0,0.0,0.0,0.0,0.0,1.0,0.0,0.0
8,9,0.0,0.0,0.0,0.0,0.0,0.0,0.0,0.0,0.0,1.0,0.0,0.0
8,9,0.0,0.0,0.0,0.0,0.0,0.0,0.0,0.0,0.0,1.0,0.0,0.0
8,9,0.0,0.0,0.0,0.0,0.0,0.0,0.0,0.0,0.0,1.0,0.0,0.0
8,9,0.0,0.0,0.0,0.0,0.0,0.0,0.0,0.0,0.0,1.0,0.0,0.0
8,9,0.0,0.0,0.0,0.0,0.0,0.0,0.0,0.0,0.0,1.0,0.0,0.0
8,9,0.0,0.0,0.0,0.0,0.0,0.0,0.0,0.0,0.0,1.0,0.0,0.0
8,9,0.0,0.0,0.0,0.0,0.0,0.0,0.0,0.0,0.0,1.0,0.0,0.0
8,9,0.0,0.0,0.0,0.0,0.0,0.0,0.0,0.0,0.0,1.0,0.0,0.0
8,9,0.0,0.0,0.0,0.0,0.0,0.0,0.0,0.0,0.0,1.0,0.0,0.0
8,9,0.0,0.0,0.0,0.0,0.0,0.0,0.0,0.0,0.0,1.0,0.0,0.0
8,9,0.0,0.0,0.0,0.0,0.0,0.0,0.0,0.0,0.03125,0.96875,0.0,0.0
8,9,0.0,0.0,0.0,0.0,0.0,0.0,0.0,0.0,0.03125,0.96875,0.0,0.0
8,9,0.0,0.0,0.0,0.0,0.0,0.0,0.0,0.0,0.03125,0.96875,0.0,0.0
8,9,0.0,0.0,0.0,0.0,0.0,0.0,0.0,0.0,0.03125,0.96875,0.0,0.0
8,9,0.0,0.0,0.0,0.0,0.0,0.0,0.0,0.0,0.03125,0.96875,0.0,0.0
8,9,0.0,0.0,0.0,0.0,0.0,0.0,0.0,0.0,0.03125,0.96875,0.0,0.0
8,9,0.0,0.0,0.0,0.0,0.0,0.0,0.0,0.0,0.03125,0.96875,0.0,0.0
8,9,0.0,0.0,0.0,0.0,0.0,0.0,0.0,0.0,0.03125,0.96875,0.0,0.0
8,9,0.0,0.0,0.0,0.0,0.0,0.0,0.0,0.0,0.0625,0.9375,0.0,0.0
8,9,0.0,0.0,0.0,0.0,0.0,0.0,0.0,0.0,0.0625,0.9375,0.0,0.0
8,9,0.0,0.0,0.0,0.0,0.0,0.0,0.0,0.0,0.0625,0.9375,0.0,0.0
8,9,0.0,0.0,0.0,0.0,0.0,0.0,0.0,0.0,0.0625,0.9375,0.0,0.0
8,9,0.0,0.0,0.0,0.0,0.0,0.0,0.0,0.0,0.0625,0.9375,0.0,0.0
8,9,0.0,0.0,0.0,0.0,0.0,0.0,0.0,0.0,0.0625,0.9375,0.0,0.0
8,9,0.0,0.0,0.0,0.0,0.0,0.0,0.0,0.0,0.0625,0.9375,0.0,0.0
8,9,0.0,0.0,0.0,0.0,0.0,0.0,0.0,0.0,0.0625,0.9375,0.0,0.0
8,9,0.0,0.0,0.0,0.0,0.0,0.0,0.0,0.0,0.0625,0.9375,0.0,0.0
8,9,0.0,0.0,0.0,0.0,0.0,0.0,0.0,0.0,0.0625,0.9375,0.0,0.0
8,9,0.0,0.0,0.0,0.0,0.0,0.0,0.0,0.0,0.0625,0.9375,0.0,0.0
8,9,0.0,0.0,0.0,0.0,0.0,0.0,0.0,0.0,0.0625,0.9375,0.0,0.0
8,9,0.0,0.0,0.0,0.0,0.0,0.0,0.0,0.0,0.0625,0.9375,0.0,0.0
8,9,0.0,0.0,0.0,0.0,0.0,0.0,0.0,0.0,0.0625,0.9375,0.0,0.0
8,9,0.0,0.0,0.0,0.0,0.0,0.0,0.0,0.0,0.0625,0.9375,0.0,0.0
8,9,0.0,0.0,0.0,0.0,0.0,0.0,0.0,0.0,0.0625,0.9375,0.0,0.0
8,9,0.0,0.0,0.0,0.0,0.0,0.0,0.0,0.0,0.0625,0.9375,0.0,0.0
8,9,0.0,0.0,0.0,0.0,0.0,0.0,0.0,0.0,0.0625,0.9375,0.0,0.0
8,9,0.0,0.0,0.0,0.0,0.0,0.0,0.0,0.0,0.0625,0.9375,0.0,0.0
8,9,0.0,0.0,0.0,0.0,0.0,0.0,0.0,0.0,0.0625,0.9375,0.0,0.0
8,9,0.0,0.0,0.0,0.0,0.0,0.0,0.0,0.0,0.0625,0.9375,0.0,0.0
8,9,0.0,0.0,0.0,0.0,0.0,0.0,0.0,0.0,0.0625,0.9375,0.0,0.0
8,9,0.0,0.0,0.0,0.0,0.0,0.0,0.0,0.0,0.0625,0.9375,0.0,0.0
8,9,0.0,0.0,0.0,0.0,0.0,0.0,0.0,0.0,0.0625,0.9375,0.0,0.0
8,9,0.0,0.0,0.0,0.0,0.0,0.0,0.0,0.0,0.109375,0.890625,0.0,0.0
8,9,0.0,0.0,0.0,0.0,0.0,0.0,0.0,0.0,0.109375,0.890625,0.0,0.0
8,9,0.0,0.0,0.0,0.0,0.0,0.0,0.0,0.0,0.125,0.875,0.0,0.0
8,9,0.0,0.0,0.0,0.0,0.0,0.0,0.0,0.0,0.140625,0.859375,0.0,0.0
8,9,0.0,0.0,0.0,0.0,0.0,0.0,0.0,0.0,0.140625,0.859375,0.0,0.0
8,9,0.0,0.0,0.0,0.0,0.0,0.0,0.0,0.0,0.140625,0.859375,0.0,0.0
8,9,0.0,0.0,0.0,0.0,0.0,0.0,0.0,0.0,0.140625,0.859375,0.0,0.0
8,9,0.0,0.0,0.0,0.0,0.0,0.0,0.0,0.0,0.140625,0.859375,0.0,0.0
8,9,0.0,0.0,0.0,0.0,0.0,0.0,0.0,0.0,0.140625,0.859375,0.0,0.0
8,9,0.0,0.0,0.0,0.0,0.0,0.0,0.0,0.0,0.140625,0.859375,0.0,0.0
8,9,0.0,0.0,0.0,0.0,0.0,0.0,0.0,0.0,0.140625,0.859375,0.0,0.0
8,9,0.0,0.0,0.0,0.0,0.0,0.0,0.0,0.0,0.140625,0.859375,0.0,0.0
8,9,0.0,0.0,0.0,0.0,0.0,0.0,0.0,0.0,0.140625,0.859375,0.0,0.0
8,9,0.0,0.0,0.0,0.0,0.0,0.0,0.0,0.0,0.140625,0.859375,0.0,0.0
8,9,0.0,0.0,0.0,0.0,0.0,0.0,0.0,0.0,0.140625,0.859375,0.0,0.0
8,9,0.0,0.0,0.0,0.0,0.0,0.0,0.0,0.0,0.140625,0.859375,0.0,0.0
8,9,0.0,0.0,0.0,0.0,0.0,0.0,0.0,0.0,0.15625,0.84375,0.0,0.0
8,9,0.0,0.0,0.0,0.0,0.0,0.0,0.0,0.0,0.15625,0.84375,0.0,0.0
8,9,0.0,0.0,0.0,0.0,0.0,0.0,0.0,0.0,0.15625,0.84375,0.0,0.0
8,9,0.0,0.0,0.0,0.0,0.0,0.0,0.0,0.0,0.15625,0.84375,0.0,0.0
8,9,0.0,0.0,0.0,0.0,0.0,0.0,0.0,0.0,0.15625,0.84375,0.0,0.0
8,9,0.0,0.0,0.0,0.0,0.0,0.0,0.0,0.0,0.15625,0.84375,0.0,0.0
8,9,0.0,0.0,0.0,0.0,0.0,0.0,0.0,0.0,0.15625,0.84375,0.0,0.0
8,9,0.0,0.0,0.0,0.0,0.0,0.0,0.0,0.0,0.15625,0.84375,0.0,0.0
8,9,0.0,0.0,0.0,0.0,0.0,0.0,0.0,0.0,0.15625,0.84375,0.0,0.0
8,9,0.0,0.0,0.0,0.0,0.0,0.0,0.0,0.0,0.15625,0.84375,0.0,0.0
8,9,0.0,0.0,0.0,0.0,0.0,0.0,0.0,0.0,0.15625,0.84375,0.0,0.0
8,9,0.0,0.0,0.0,0.0,0.0,0.0,0.0,0.0,0.15625,0.84375,0.0,0.0
8,9,0.0,0.0,0.0,0.0,0.0,0.0,0.0,0.0,0.171875,0.828125,0.0,0.0
8,9,0.0,0.0,0.0,0.0,0.0,0.0,0.0,0.0,0.171875,0.828125,0.0,0.0
8,9,0.0,0.0,0.0,0.0,0.0,0.0,0.0,0.0,0.171875,0.828125,0.0,0.0
8,9,0.0,0.0,0.0,0.0,0.0,0.0,0.0,0.0,0.171875,0.828125,0.0,0.0
8,9,0.0,0.0,0.0,0.0,0.0,0.0,0.0,0.0,0.171875,0.828125,0.0,0.0
8,9,0.0,0.0,0.0,0.0,0.0,0.0,0.0,0.0,0.171875,0.828125,0.0,0.0
8,9,0.0,0.0,0.0,0.0,0.0,0.0,0.0,0.0,0.171875,0.828125,0.0,0.0
8,9,0.0,0.0,0.0,0.0,0.0,0.0,0.0,0.0,0.171875,0.828125,0.0,0.0
8,9,0.0,0.0,0.0,0.0,0.0,0.0,0.0,0.0,0.171875,0.828125,0.0,0.0
8,9,0.0,0.0,0.0,0.0,0.0,0.0,0.0,0.0,0.171875,0.828125,0.0,0.0
8,9,0.0,0.0,0.0,0.0,0.0,0.0,0.0,0.0,0.171875,0.828125,0.0,0.0
8,9,0.0,0.0,0.0,0.0,0.0,0.0,0.0,0.0,0.171875,0.828125,0.0,0.0
8,9,0.0,0.0,0.0,0.0,0.0,0.0,0.0,0.0,0.171875,0.828125,0.0,0.0
8,9,0.0,0.0,0.0,0.0,0.0,0.0,0.0,0.0,0.171875,0.828125,0.0,0.0
8,9,0.0,0.0,0.0,0.0,0.0,0.0,0.0,0.0,0.171875,0.828125,0.0,0.0
8,9,0.0,0.0,0.0,0.0,0.0,0.0,0.0,0.0,0.171875,0.828125,0.0,0.0
8,9,0.0,0.0,0.0,0.0,0.0,0.0,0.0,0.0,0.171875,0.828125,0.0,0.0
8,9,0.0,0.0,0.0,0.0,0.0,0.0,0.0,0.0,0.171875,0.828125,0.0,0.0
8,9,0.0,0.0,0.0,0.0,0.0,0.0,0.0,0.0,0.171875,0.828125,0.0,0.0
8,9,0.0,0.0,0.0,0.0,0.0,0.0,0.0,0.0,0.171875,0.828125,0.0,0.0
8,9,0.0,0.0,0.0,0.0,0.0,0.0,0.0,0.0,0.171875,0.828125,0.0,0.0
8,9,0.0,0.0,0.0,0.0,0.0,0.0,0.0,0.0,0.171875,0.828125,0.0,0.0
8,9,0.0,0.0,0.0,0.0,0.0,0.0,0.0,0.0,0.171875,0.828125,0.0,0.0
8,9,0.0,0.0,0.0,0.0,0.0,0.0,0.0,0.0,0.171875,0.828125,0.0,0.0
8,9,0.0,0.0,0.0,0.0,0.0,0.0,0.0,0.0,0.171875,0.828125,0.0,0.0
8,9,0.0,0.0,0.0,0.0,0.0,0.0,0.0,0.0,0.171875,0.828125,0.0,0.0
8,9,0.0,0.0,0.0,0.0,0.0,0.0,0.0,0.0,0.171875,0.828125,0.0,0.0
8,9,0.0,0.0,0.0,0.0,0.0,0.0,0.0,0.0,0.171875,0.828125,0.0,0.0
8,9,0.0,0.0,0.0,0.0,0.0,0.0,0.0,0.0,0.1875,0.8125,0.0,0.0
8,9,0.0,0.0,0.0,0.0,0.0,0.0,0.0,0.0,0.1875,0.8125,0.0,0.0
8,9,0.0,0.0,0.0,0.0,0.0,0.0,0.0,0.0,0.1875,0.8125,0.0,0.0
8,9,0.0,0.0,0.0,0.0,0.0,0.0,0.0,0.0,0.1875,0.8125,0.0,0.0
8,9,0.0,0.0,0.0,0.0,0.0,0.0,0.0,0.0,0.1875,0.8125,0.0,0.0
8,9,0.0,0.0,0.0,0.0,0.0,0.0,0.0,0.0,0.1875,0.8125,0.0,0.0
8,9,0.0,0.0,0.0,0.0,0.0,0.0,0.0,0.0,0.1875,0.8125,0.0,0.0
8,9,0.0,0.0,0.0,0.0,0.0,0.0,0.0,0.0,0.1875,0.8125,0.0,0.0
8,9,0.0,0.0,0.0,0.0,0.0,0.0,0.0,0.0,0.1875,0.8125,0.0,0.0
8,9,0.0,0.0,0.0,0.0,0.0,0.0,0.0,0.0,0.1875,0.8125,0.0,0.0
8,9,0.0,0.0,0.0,0.0,0.0,0.0,0.0,0.0,0.1875,0.8125,0.0,0.0
8,9,0.0,0.0,0.0,0.0,0.0,0.0,0.0,0.0,0.1875,0.8125,0.0,0.0
8,9,0.0,0.0,0.0,0.0,0.0,0.0,0.0,0.0,0.1875,0.8125,0.0,0.0
8,9,0.0,0.0,0.0,0.0,0.0,0.0,0.0,0.0,0.1875,0.8125,0.0,0.0
8,9,0.0,0.0,0.0,0.0,0.0,0.0,0.0,0.0,0.1875,0.8125,0.0,0.0
8,9,0.0,0.0,0.0,0.0,0.0,0.0,0.0,0.0,0.1875,0.8125,0.0,0.0
8,9,0.0,0.0,0.0,0.0,0.0,0.0,0.0,0.0,0.203125,0.796875,0.0,0.0
8,9,0.0,0.0,0.0,0.0,0.0,0.0,0.0,0.0,0.203125,0.796875,0.0,0.0
8,9,0.0,0.0,0.0,0.0,0.0,0.0,0.0,0.0,0.203125,0.796875,0.0,0.0
8,9,0.0,0.0,0.0,0.0,0.0,0.0,0.0,0.0,0.21875,0.78125,0.0,0.0
8,9,0.0,0.0,0.0,0.0,0.0,0.0,0.0,0.0,0.21875,0.78125,0.0,0.0
8,9,0.0,0.0,0.0,0.0,0.0,0.0,0.0,0.0,0.21875,0.78125,0.0,0.0
8,9,0.0,0.0,0.0,0.0,0.0,0.0,0.0,0.0,0.21875,0.78125,0.0,0.0
8,9,0.0,0.0,0.0,0.0,0.0,0.0,0.0,0.0,0.21875,0.78125,0.0,0.0
8,9,0.0,0.0,0.0,0.0,0.0,0.0,0.0,0.0,0.21875,0.78125,0.0,0.0
8,9,0.0,0.0,0.0,0.0,0.0,0.0,0.0,0.0,0.21875,0.78125,0.0,0.0
8,9,0.0,0.0,0.0,0.0,0.0,0.0,0.0,0.0,0.21875,0.78125,0.0,0.0
8,9,0.0,0.0,0.0,0.0,0.0,0.0,0.0,0.0,0.21875,0.78125,0.0,0.0
8,9,0.0,0.0,0.0,0.0,0.0,0.0,0.0,0.0,0.21875,0.78125,0.0,0.0
8,9,0.0,0.0,0.0,0.0,0.0,0.0,0.0,0.0,0.21875,0.78125,0.0,0.0
8,9,0.0,0.0,0.0,0.0,0.0,0.0,0.0,0.0,0.21875,0.78125,0.0,0.0
8,9,0.0,0.0,0.0,0.0,0.0,0.0,0.0,0.0,0.21875,0.78125,0.0,0.0
8,9,0.0,0.0,0.0,0.0,0.0,0.0,0.0,0.0,0.21875,0.78125,0.0,0.0
8,9,0.0,0.0,0.0,0.0,0.0,0.0,0.0,0.0,0.21875,0.78125,0.0,0.0
8,9,0.0,0.0,0.0,0.0,0.0,0.0,0.0,0.0,0.21875,0.78125,0.0,0.0
8,9,0.0,0.0,0.0,0.0,0.0,0.0,0.0,0.0,0.21875,0.78125,0.0,0.0
8,9,0.0,0.0,0.0,0.0,0.0,0.0,0.0,0.0,0.21875,0.78125,0.0,0.0
8,9,0.0,0.0,0.0,0.0,0.0,0.0,0.0,0.0,0.21875,0.78125,0.0,0.0
8,9,0.0,0.0,0.0,0.0,0.0,0.0,0.0,0.0,0.21875,0.78125,0.0,0.0
8,9,0.0,0.0,0.0,0.0,0.0,0.0,0.0,0.0,0.21875,0.78125,0.0,0.0
8,9,0.0,0.0,0.0,0.0,0.0,0.0,0.0,0.0,0.21875,0.78125,0.0,0.0
8,9,0.0,0.0,0.0,0.0,0.0,0.0,0.0,0.0,0.21875,0.78125,0.0,0.0
8,9,0.0,0.0,0.0,0.0,0.0,0.0,0.0,0.0,0.21875,0.78125,0.0,0.0
8,9,0.0,0.0,0.0,0.0,0.0,0.0,0.0,0.0,0.21875,0.78125,0.0,0.0
8,9,0.0,0.0,0.0,0.0,0.0,0.0,0.0,0.0,0.203125,0.796875,0.0,0.0
8,9,0.0,0.0,0.0,0.0,0.0,0.0,0.0,0.0,0.203125,0.796875,0.0,0.0
8,9,0.0,0.0,0.0,0.0,0.0,0.0,0.0,0.0,0.203125,0.796875,0.0,0.0
8,9,0.0,0.0,0.0,0.0,0.0,0.0,0.0,0.0,0.203125,0.796875,0.0,0.0
8,9,0.0,0.0,0.0,0.0,0.0,0.0,0.0,0.0,0.203125,0.796875,0.0,0.0
8,9,0.0,0.0,0.0,0.0,0.0,0.0,0.0,0.0,0.203125,0.796875,0.0,0.0
8,9,0.0,0.0,0.0,0.0,0.0,0.0,0.0,0.0,0.203125,0.796875,0.0,0.0
8,9,0.0,0.0,0.0,0.0,0.0,0.0,0.0,0.0,0.203125,0.796875,0.0,0.0
8,9,0.0,0.0,0.0,0.0,0.0,0.0,0.0,0.0,0.203125,0.796875,0.0,0.0
8,9,0.0,0.0,0.0,0.0,0.0,0.0,0.0,0.0,0.203125,0.796875,0.0,0.0
8,9,0.0,0.0,0.0,0.0,0.0,0.0,0.0,0.0,0.203125,0.796875,0.0,0.0
8,9,0.0,0.0,0.0,0.0,0.0,0.0,0.0,0.0,0.203125,0.796875,0.0,0.0
8,9,0.0,0.0,0.0,0.0,0.0,0.0,0.0,0.0,0.203125,0.796875,0.0,0.0
8,9,0.0,0.0,0.0,0.0,0.0,0.0,0.0,0.0,0.203125,0.796875,0.0,0.0
8,9,0.0,0.0,0.0,0.0,0.0,0.0,0.0,0.0,0.203125,0.796875,0.0,0.0
8,9,0.0,0.0,0.0,0.0,0.0,0.0,0.0,0.0,0.203125,0.796875,0.0,0.0
8,9,0.0,0.0,0.0,0.0,0.0,0.0,0.0,0.0,0.203125,0.796875,0.0,0.0
8,9,0.0,0.0,0.0,0.0,0.0,0.0,0.0,0.0,0.203125,0.796875,0.0,0.0
8,9,0.0,0.0,0.0,0.0,0.0,0.0,0.0,0.0,0.203125,0.796875,0.0,0.0
8,9,0.0,0.0,0.0,0.0,0.0,0.0,0.0,0.0,0.203125,0.796875,0.0,0.0
8,9,0.0,0.0,0.0,0.0,0.0,0.0,0.0,0.0,0.203125,0.796875,0.0,0.0
8,9,0.0,0.0,0.0,0.0,0.0,0.0,0.0,0.0,0.203125,0.796875,0.0,0.0
8,9,0.0,0.0,0.0,0.0,0.0,0.0,0.0,0.0,0.203125,0.796875,0.0,0.0
8,9,0.0,0.0,0.0,0.0,0.0,0.0,0.0,0.0,0.203125,0.796875,0.0,0.0
8,9,0.0,0.0,0.0,0.0,0.0,0.0,0.0,0.0,0.203125,0.796875,0.0,0.0
8,9,0.0,0.0,0.0,0.0,0.0,0.0,0.0,0.0,0.203125,0.796875,0.0,0.0
8,9,0.0,0.0,0.0,0.0,0.0,0.0,0.0,0.0,0.203125,0.796875,0.0,0.0
8,9,0.0,0.0,0.0,0.0,0.0,0.0,0.0,0.0,0.203125,0.796875,0.0,0.0
8,9,0.0,0.0,0.0,0.0,0.0,0.0,0.0,0.0,0.203125,0.796875,0.0,0.0
8,9,0.0,0.0,0.0,0.0,0.0,0.0,0.0,0.0,0.203125,0.796875,0.0,0.0
8,9,0.0,0.0,0.0,0.0,0.0,0.0,0.0,0.0,0.203125,0.796875,0.0,0.0
8,9,0.0,0.0,0.0,0.0,0.0,0.0,0.0,0.0,0.203125,0.796875,0.0,0.0
8,9,0.0,0.0,0.0,0.0,0.0,0.0,0.0,0.0,0.203125,0.796875,0.0,0.0
8,9,0.0,0.0,0.0,0.0,0.0,0.0,0.0,0.0,0.203125,0.796875,0.0,0.0
8,9,0.0,0.0,0.0,0.0,0.0,0.0,0.0,0.0,0.203125,0.796875,0.0,0.0
8,9,0.0,0.0,0.0,0.0,0.0,0.0,0.0,0.0,0.203125,0.796875,0.0,0.0
8,9,0.0,0.0,0.0,0.0,0.0,0.0,0.0,0.0,0.203125,0.796875,0.0,0.0
8,9,0.0,0.0,0.0,0.0,0.0,0.0,0.0,0.0,0.203125,0.796875,0.0,0.0
8,9,0.0,0.0,0.0,0.0,0.0,0.0,0.0,0.0,0.203125,0.796875,0.0,0.0
8,9,0.0,0.0,0.0,0.0,0.0,0.0,0.0,0.0,0.203125,0.796875,0.0,0.0
8,9,0.0,0.0,0.0,0.0,0.0,0.0,0.0,0.0,0.203125,0.796875,0.0,0.0
8,9,0.0,0.0,0.0,0.0,0.0,0.0,0.0,0.0,0.203125,0.796875,0.0,0.0
8,9,0.0,0.0,0.0,0.0,0.0,0.0,0.0,0.0,0.203125,0.796875,0.0,0.0
8,9,0.0,0.0,0.0,0.0,0.0,0.0,0.0,0.0,0.203125,0.796875,0.0,0.0
8,9,0.0,0.0,0.0,0.0,0.0,0.0,0.0,0.0,0.1875,0.8125,0.0,0.0
8,9,0.0,0.0,0.0,0.0,0.0,0.0,0.0,0.0,0.1875,0.8125,0.0,0.0
8,9,0.0,0.0,0.0,0.0,0.0,0.0,0.0,0.0,0.1875,0.8125,0.0,0.0
8,9,0.0,0.0,0.0,0.0,0.0,0.0,0.0,0.0,0.1875,0.8125,0.0,0.0
8,9,0.0,0.0,0.0,0.0,0.0,0.0,0.0,0.0,0.1875,0.8125,0.0,0.0
8,9,0.0,0.0,0.0,0.0,0.0,0.0,0.0,0.0,0.1875,0.8125,0.0,0.0
8,9,0.0,0.0,0.0,0.0,0.0,0.0,0.0,0.0,0.1875,0.8125,0.0,0.0
8,9,0.0,0.0,0.0,0.0,0.0,0.0,0.0,0.0,0.1875,0.8125,0.0,0.0
8,9,0.0,0.0,0.0,0.0,0.0,0.0,0.0,0.0,0.1875,0.8125,0.0,0.0
8,9,0.0,0.0,0.0,0.0,0.0,0.0,0.0,0.0,0.1875,0.8125,0.0,0.0
8,9,0.0,0.0,0.0,0.0,0.0,0.0,0.0,0.0,0.1875,0.8125,0.0,0.0
8,9,0.0,0.0,0.0,0.0,0.0,0.0,0.0,0.0,0.1875,0.8125,0.0,0.0
8,9,0.0,0.0,0.0,0.0,0.0,0.0,0.0,0.0,0.171875,0.828125,0.0,0.0
8,9,0.0,0.0,0.0,0.0,0.0,0.0,0.0,0.0,0.171875,0.828125,0.0,0.0
8,9,0.0,0.0,0.0,0.0,0.0,0.0,0.0,0.0,0.171875,0.828125,0.0,0.0
8,9,0.0,0.0,0.0,0.0,0.0,0.0,0.0,0.0,0.171875,0.828125,0.0,0.0
8,9,0.0,0.0,0.0,0.0,0.0,0.0,0.0,0.0,0.15625,0.84375,0.0,0.0
8,9,0.0,0.0,0.0,0.0,0.0,0.0,0.0,0.0,0.15625,0.84375,0.0,0.0
8,9,0.0,0.0,0.0,0.0,0.0,0.0,0.0,0.0,0.15625,0.84375,0.0,0.0
8,9,0.0,0.0,0.0,0.0,0.0,0.0,0.0,0.0,0.15625,0.84375,0.0,0.0
8,9,0.0,0.0,0.0,0.0,0.0,0.0,0.0,0.0,0.15625,0.84375,0.0,0.0
8,9,0.0,0.0,0.0,0.0,0.0,0.0,0.0,0.0,0.15625,0.84375,0.0,0.0
8,9,0.0,0.0,0.0,0.0,0.0,0.0,0.0,0.0,0.15625,0.84375,0.0,0.0
8,9,0.0,0.0,0.0,0.0,0.0,0.0,0.0,0.0,0.15625,0.84375,0.0,0.0
8,9,0.0,0.0,0.0,0.0,0.0,0.0,0.0,0.0,0.15625,0.84375,0.0,0.0
8,9,0.0,0.0,0.0,0.0,0.0,0.0,0.0,0.0,0.15625,0.84375,0.0,0.0
8,9,0.0,0.0,0.0,0.0,0.0,0.0,0.0,0.0,0.15625,0.84375,0.0,0.0
8,9,0.0,0.0,0.0,0.0,0.0,0.0,0.0,0.0,0.15625,0.84375,0.0,0.0
8,9,0.0,0.0,0.0,0.0,0.0,0.0,0.0,0.0,0.15625,0.84375,0.0,0.0
8,9,0.0,0.0,0.0,0.0,0.0,0.0,0.0,0.0,0.15625,0.84375,0.0,0.0
8,9,0.0,0.0,0.0,0.0,0.0,0.0,0.0,0.0,0.15625,0.84375,0.0,0.0
8,9,0.0,0.0,0.0,0.0,0.0,0.0,0.0,0.0,0.15625,0.84375,0.0,0.0
8,9,0.0,0.0,0.0,0.0,0.0,0.0,0.0,0.0,0.140625,0.859375,0.0,0.0
8,9,0.0,0.0,0.0,0.0,0.0,0.0,0.0,0.0,0.140625,0.859375,0.0,0.0
8,9,0.0,0.0,0.0,0.0,0.0,0.0,0.0,0.0,0.140625,0.859375,0.0,0.0
8,9,0.0,0.0,0.0,0.0,0.0,0.0,0.0,0.0,0.140625,0.859375,0.0,0.0
8,9,0.0,0.0,0.0,0.0,0.0,0.0,0.0,0.0,0.140625,0.859375,0.0,0.0
8,9,0.0,0.0,0.0,0.0,0.0,0.0,0.0,0.0,0.140625,0.859375,0.0,0.0
8,9,0.0,0.0,0.0,0.0,0.0,0.0,0.0,0.0,0.140625,0.859375,0.0,0.0
8,9,0.0,0.0,0.0,0.0,0.0,0.0,0.0,0.0,0.140625,0.859375,0.0,0.0
8,9,0.0,0.0,0.0,0.0,0.0,0.0,0.0,0.0,0.140625,0.859375,0.0,0.0
8,9,0.0,0.0,0.0,0.0,0.0,0.0,0.0,0.0,0.140625,0.859375,0.0,0.0
8,9,0.0,0.0,0.0,0.0,0.0,0.0,0.0,0.0,0.140625,0.859375,0.0,0.0
8,9,0.0,0.0,0.0,0.0,0.0,0.0,0.0,0.0,0.140625,0.859375,0.0,0.0
8,9,0.0,0.0,0.0,0.0,0.0,0.0,0.0,0.0,0.140625,0.859375,0.0,0.0
8,9,0.0,0.0,0.0,0.0,0.0,0.0,0.0,0.0,0.125,0.875,0.0,0.0
8,9,0.0,0.0,0.0,0.0,0.0,0.0,0.0,0.0,0.125,0.875,0.0,0.0
8,9,0.0,0.0,0.0,0.0,0.0,0.0,0.0,0.0,0.109375,0.890625,0.0,0.0
8,9,0.0,0.0,0.0,0.0,0.0,0.0,0.0,0.0,0.046875,0.953125,0.0,0.0
8,9,0.0,0.0,0.0,0.0,0.0,0.0,0.0,0.0,0.046875,0.953125,0.0,0.0
8,9,0.0,0.0,0.0,0.0,0.0,0.0,0.0,0.0,0.046875,0.953125,0.0,0.0
8,9,0.0,0.0,0.0,0.0,0.0,0.0,0.0,0.0,0.046875,0.953125,0.0,0.0
8,9,0.0,0.0,0.0,0.0,0.0,0.0,0.0,0.0,0.03125,0.96875,0.0,0.0
8,9,0.0,0.0,0.0,0.0,0.0,0.0,0.0,0.0,0.03125,0.96875,0.0,0.0
8,9,0.0,0.0,0.0,0.0,0.0,0.0,0.0,0.0,0.03125,0.96875,0.0,0.0
8,9,0.0,0.0,0.0,0.0,0.0,0.0,0.0,0.0,0.03125,0.96875,0.0,0.0
8,9,0.0,0.0,0.0,0.0,0.0,0.0,0.0,0.0,0.03125,0.96875,0.0,0.0
8,9,0.0,0.0,0.0,0.0,0.0,0.0,0.0,0.0,0.03125,0.96875,0.0,0.0
8,9,0.0,0.0,0.0,0.0,0.0,0.0,0.0,0.0,0.03125,0.96875,0.0,0.0
8,9,0.0,0.0,0.0,0.0,0.0,0.0,0.0,0.0,0.03125,0.96875,0.0,0.0
8,9,0.0,0.0,0.0,0.0,0.0,0.0,0.0,0.0,0.03125,0.96875,0.0,0.0
8,9,0.0,0.0,0.0,0.0,0.0,0.0,0.0,0.0,0.03125,0.96875,0.0,0.0
8,9,0.0,0.0,0.0,0.0,0.0,0.0,0.0,0.0,0.03125,0.96875,0.0,0.0
8,9,0.0,0.0,0.0,0.0,0.0,0.0,0.0,0.0,0.03125,0.96875,0.0,0.0
8,9,0.0,0.0,0.0,0.0,0.0,0.0,0.0,0.0,0.03125,0.96875,0.0,0.0
8,9,0.0,0.0,0.0,0.0,0.0,0.0,0.0,0.0,0.03125,0.96875,0.0,0.0
8,9,0.0,0.0,0.0,0.0,0.0,0.0,0.0,0.0,0.03125,0.96875,0.0,0.0
8,9,0.0,0.0,0.0,0.0,0.0,0.0,0.0,0.0,0.03125,0.96875,0.0,0.0
8,9,0.0,0.0,0.0,0.0,0.0,0.0,0.0,0.0,0.03125,0.96875,0.0,0.0
8,9,0.0,0.0,0.0,0.0,0.0,0.0,0.0,0.0,0.03125,0.96875,0.0,0.0
8,9,0.0,0.0,0.0,0.0,0.0,0.0,0.0,0.0,0.03125,0.96875,0.0,0.0
8,9,0.0,0.0,0.0,0.0,0.0,0.0,0.0,0.0,0.03125,0.96875,0.0,0.0
8,9,0.0,0.0,0.0,0.0,0.0,0.0,0.0,0.0,0.03125,0.96875,0.0,0.0
8,9,0.0,0.0,0.0,0.0,0.0,0.0,0.0,0.0,0.03125,0.96875,0.0,0.0
8,9,0.0,0.0,0.0,0.0,0.0,0.0,0.0,0.0,0.03125,0.96875,0.0,0.0
8,9,0.0,0.0,0.0,0.0,0.0,0.0,0.0,0.0,0.03125,0.96875,0.0,0.0
8,9,0.0,0.0,0.0,0.0,0.0,0.0,0.0,0.0,0.03125,0.96875,0.0,0.0
8,9,0.0,0.0,0.0,0.0,0.0,0.0,0.0,0.0,0.03125,0.96875,0.0,0.0
8,9,0.0,0.0,0.0,0.0,0.0,0.0,0.0,0.0,0.03125,0.96875,0.0,0.0
8,9,0.0,0.0,0.0,0.0,0.0,0.0,0.0,0.0,0.03125,0.96875,0.0,0.0
8,9,0.0,0.0,0.0,0.0,0.0,0.0,0.0,0.0,0.0,1.0,0.0,0.0
8,9,0.0,0.0,0.0,0.0,0.0,0.0,0.0,0.0,0.0,1.0,0.0,0.0
8,9,0.0,0.0,0.0,0.0,0.0,0.0,0.0,0.0,0.0,1.0,0.0,0.0
8,9,0.0,0.0,0.0,0.0,0.0,0.0,0.0,0.0,0.0,1.0,0.0,0.0
8,9,0.0,0.0,0.0,0.0,0.0,0.0,0.0,0.0,0.0,1.0,0.0,0.0
8,9,0.0,0.0,0.0,0.0,0.0,0.0,0.0,0.0,0.0,1.0,0.0,0.0
8,9,0.0,0.0,0.0,0.0,0.0,0.0,0.0,0.0,0.0,1.0,0.0,0.0
8,9,0.0,0.0,0.0,0.0,0.0,0.0,0.0,0.0,0.0,1.0,0.0,0.0
8,9,0.0,0.0,0.0,0.0,0.0,0.0,0.0,0.0,0.0,1.0,0.0,0.0
8,9,0.0,0.0,0.0,0.0,0.0,0.0,0.0,0.0,0.0,1.0,0.0,0.0
8,9,0.0,0.0,0.0,0.0,0.0,0.0,0.0,0.0,0.0,1.0,0.0,0.0
8,9,0.0,0.0,0.0,0.0,0.0,0.0,0.0,0.0,0.0,1.0,0.0,0.0
8,9,0.0,0.0,0.0,0.0,0.0,0.0,0.0,0.0,0.0,1.0,0.0,0.0
8,9,0.0,0.0,0.0,0.0,0.0,0.0,0.0,0.0,0.0,1.0,0.0,0.0
8,9,0.0,0.0,0.0,0.0,0.0,0.0,0.0,0.0,0.0,1.0,0.0,0.0
8,9,0.0,0.0,0.0,0.0,0.0,0.0,0.0,0.0,0.0,1.0,0.0,0.0
8,9,0.0,0.0,0.0,0.0,0.0,0.0,0.0,0.0,0.0,1.0,0.0,0.0
8,9,0.0,0.0,0.0,0.0,0.0,0.0,0.0,0.0,0.0,1.0,0.0,0.0
8,9,0.0,0.0,0.0,0.0,0.0,0.0,0.0,0.0,0.0,1.0,0.0,0.0
8,9,0.0,0.0,0.0,0.0,0.0,0.0,0.0,0.0,0.0,1.0,0.0,0.0
8,9,0.0,0.0,0.0,0.0,0.0,0.0,0.0,0.0,0.0,1.0,0.0,0.0
8,9,0.0,0.0,0.0,0.0,0.0,0.0,0.0,0.0,0.0,1.0,0.0,0.0
8,9,0.0,0.0,0.0,0.0,0.0,0.0,0.0,0.0,0.0,1.0,0.0,0.0
8,9,0.0,0.0,0.0,0.0,0.0,0.0,0.0,0.0,0.0,1.0,0.0,0.0
8,9,0.0,0.0,0.0,0.0,0.0,0.0,0.0,0.0,0.0,1.0,0.0,0.0
8,9,0.0,0.0,0.0,0.0,0.0,0.0,0.0,0.0,0.0,1.0,0.0,0.0
8,9,0.0,0.0,0.0,0.0,0.0,0.0,0.0,0.0,0.0,1.0,0.0,0.0
8,9,0.0,0.0,0.0,0.0,0.0,0.0,0.0,0.0,0.0,1.0,0.0,0.0
8,9,0.0,0.0,0.0,0.0,0.0,0.0,0.0,0.0,0.0,1.0,0.0,0.0
8,9,0.0,0.0,0.0,0.0,0.0,0.0,0.0,0.0,0.0,1.0,0.0,0.0
8,9,0.0,0.0,0.0,0.0,0.0,0.0,0.0,0.0,0.0,1.0,0.0,0.0
8,9,0.0,0.0,0.0,0.0,0.0,0.0,0.0,0.0,0.0,1.0,0.0,0.0
8,9,0.0,0.0,0.0,0.0,0.0,0.0,0.0,0.0,0.0,1.0,0.0,0.0
8,9,0.0,0.0,0.0,0.0,0.0,0.0,0.0,0.0,0.0,1.0,0.0,0.0
8,9,0.0,0.0,0.0,0.0,0.0,0.0,0.0,0.0,0.0,1.0,0.0,0.0
8,9,0.0,0.0,0.0,0.0,0.0,0.0,0.0,0.0,0.0,1.0,0.0,0.0
8,9,0.0,0.0,0.0,0.0,0.0,0.0,0.0,0.0,0.0,1.0,0.0,0.0
8,9,0.0,0.0,0.0,0.0,0.0,0.0,0.0,0.0,0.0,1.0,0.0,0.0
8,9,0.0,0.0,0.0,0.0,0.0,0.0,0.0,0.0,0.0,1.0,0.0,0.0
8,9,0.0,0.0,0.0,0.0,0.0,0.0,0.0,0.0,0.0,1.0,0.0,0.0
8,9,0.0,0.0,0.0,0.0,0.0,0.0,0.0,0.0,0.0,1.0,0.0,0.0
8,9,0.0,0.0,0.0,0.0,0.0,0.0,0.0,0.0,0.0,1.0,0.0,0.0
8,9,0.0,0.0,0.0,0.0,0.0,0.0,0.0,0.0,0.0,1.0,0.0,0.0
8,9,0.0,0.0,0.0,0.0,0.0,0.0,0.0,0.0,0.0,1.0,0.0,0.0
8,9,0.0,0.0,0.0,0.0,0.0,0.0,0.0,0.0,0.0,1.0,0.0,0.0
8,9,0.0,0.0,0.0,0.0,0.0,0.0,0.0,0.0,0.0,1.0,0.0,0.0
8,9,0.0,0.0,0.0,0.0,0.0,0.0,0.0,0.0,0.0,1.0,0.0,0.0
8,9,0.0,0.0,0.0,0.0,0.0,0.0,0.0,0.0,0.0,1.0,0.0,0.0
8,9,0.0,0.0,0.0,0.0,0.0,0.0,0.0,0.0,0.0,1.0,0.0,0.0
8,9,0.0,0.0,0.0,0.0,0.0,0.0,0.0,0.0,0.0,1.0,0.0,0.0
8,9,0.0,0.0,0.0,0.0,0.0,0.0,0.0,0.0,0.0,1.0,0.0,0.0
8,9,0.0,0.0,0.0,0.0,0.0,0.0,0.0,0.0,0.0,1.0,0.0,0.0
8,9,0.0,0.0,0.0,0.0,0.0,0.0,0.0,0.0,0.0,1.0,0.0,0.0
8,9,0.0,0.0,0.0,0.0,0.0,0.0,0.0,0.0,0.0,1.0,0.0,0.0
8,9,0.0,0.0,0.0,0.0,0.0,0.0,0.0,0.0,0.0,1.0,0.0,0.0
8,9,0.0,0.0,0.0,0.0,0.0,0.0,0.0,0.0,0.0,1.0,0.0,0.0
8,9,0.0,0.0,0.0,0.0,0.0,0.0,0.0,0.0,0.0,1.0,0.0,0.0
8,9,0.0,0.0,0.0,0.0,0.0,0.0,0.0,0.0,0.0,1.0,0.0,0.0
8,9,0.0,0.0,0.0,0.0,0.0,0.0,0.0,0.0,0.0,1.0,0.0,0.0
8,9,0.0,0.0,0.0,0.0,0.0,0.0,0.0,0.0,0.0,1.0,0.0,0.0
8,9,0.0,0.0,0.0,0.0,0.0,0.0,0.0,0.0,0.0,1.0,0.0,0.0
8,9,0.0,0.0,0.0,0.0,0.0,0.0,0.0,0.0,0.0,1.0,0.0,0.0
8,9,0.0,0.0,0.0,0.0,0.0,0.0,0.0,0.0,0.0,1.0,0.0,0.0
8,9,0.0,0.0,0.0,0.0,0.0,0.0,0.0,0.0,0.0,1.0,0.0,0.0
8,9,0.0,0.0,0.0,0.0,0.0,0.0,0.0,0.0,0.0,1.0,0.0,0.0
8,9,0.0,0.0,0.0,0.0,0.0,0.0,0.0,0.0,0.0,1.0,0.0,0.0
8,9,0.0,0.0,0.0,0.0,0.0,0.0,0.0,0.0,0.0,1.0,0.0,0.0
8,9,0.0,0.0,0.0,0.0,0.0,0.0,0.0,0.0,0.0,1.0,0.0,0.0
8,9,0.0,0.0,0.0,0.0,0.0,0.0,0.0,0.0,0.0,1.0,0.0,0.0
8,9,0.0,0.0,0.0,0.0,0.0,0.0,0.0,0.0,0.0,1.0,0.0,0.0
8,9,0.0,0.0,0.0,0.0,0.0,0.0,0.0,0.0,0.0,1.0,0.0,0.0
8,9,0.0,0.0,0.0,0.0,0.0,0.0,0.0,0.0,0.0,1.0,0.0,0.0
8,9,0.0,0.0,0.0,0.0,0.0,0.0,0.0,0.0,0.0,1.0,0.0,0.0
8,9,0.0,0.0,0.0,0.0,0.0,0.0,0.0,0.0,0.0,1.0,0.0,0.0
8,9,0.0,0.0,0.0,0.0,0.0,0.0,0.0,0.0,0.0,1.0,0.0,0.0
8,9,0.0,0.0,0.0,0.0,0.0,0.0,0.0,0.0,0.0,1.0,0.0,0.0
8,9,0.0,0.0,0.0,0.0,0.0,0.0,0.0,0.0,0.0,1.0,0.0,0.0
8,9,0.0,0.0,0.0,0.0,0.0,0.0,0.0,0.0,0.0,1.0,0.0,0.0
8,9,0.0,0.0,0.0,0.0,0.0,0.0,0.0,0.0,0.0,1.0,0.0,0.0
8,9,0.0,0.0,0.0,0.0,0.0,0.0,0.0,0.0,0.0,1.0,0.0,0.0
8,9,0.0,0.0,0.0,0.0,0.0,0.0,0.0,0.0,0.0,1.0,0.0,0.0
8,9,0.0,0.0,0.0,0.0,0.0,0.0,0.0,0.0,0.0,1.0,0.0,0.0
8,9,0.0,0.0,0.0,0.0,0.0,0.0,0.0,0.0,0.0,1.0,0.0,0.0
8,9,0.0,0.0,0.0,0.0,0.0,0.0,0.0,0.0,0.0,1.0,0.0,0.0
8,9,0.0,0.0,0.0,0.0,0.0,0.0,0.0,0.0,0.0,1.0,0.0,0.0
8,9,0.0,0.0,0.0,0.0,0.0,0.0,0.0,0.0,0.0,1.0,0.0,0.0
8,9,0.0,0.0,0.0,0.0,0.0,0.0,0.0,0.0,0.0,1.0,0.0,0.0
8,9,0.0,0.0,0.0,0.0,0.0,0.0,0.0,0.0,0.0,1.0,0.0,0.0
8,9,0.0,0.0,0.0,0.0,0.0,0.0,0.0,0.0,0.0,1.0,0.0,0.0
8,9,0.0,0.0,0.0,0.0,0.0,0.0,0.0,0.0,0.0,1.0,0.0,0.0
8,9,0.0,0.0,0.0,0.0,0.0,0.0,0.0,0.0,0.0,1.0,0.0,0.0
8,9,0.0,0.0,0.0,0.0,0.0,0.0,0.0,0.0,0.0,1.0,0.0,0.0
8,9,0.0,0.0,0.0,0.0,0.0,0.0,0.0,0.0,0.0,1.0,0.0,0.0
8,9,0.0,0.0,0.0,0.0,0.0,0.0,0.0,0.0,0.0,1.0,0.0,0.0
8,9,0.0,0.0,0.0,0.0,0.0,0.0,0.0,0.0,0.0,1.0,0.0,0.0
8,9,0.0,0.0,0.0,0.0,0.0,0.0,0.0,0.0,0.0,1.0,0.0,0.0
8,9,0.0,0.0,0.0,0.0,0.0,0.0,0.0,0.0,0.0,1.0,0.0,0.0
8,9,0.0,0.0,0.0,0.0,0.0,0.0,0.0,0.0,0.0,1.0,0.0,0.0
8,9,0.0,0.0,0.0,0.0,0.0,0.0,0.0,0.0,0.0,1.0,0.0,0.0
8,9,0.0,0.0,0.0,0.0,0.0,0.0,0.0,0.0,0.0,1.0,0.0,0.0
8,9,0.0,0.0,0.0,0.0,0.0,0.0,0.0,0.0,0.0,1.0,0.0,0.0
8,9,0.0,0.0,0.0,0.0,0.0,0.0,0.0,0.0,0.0,1.0,0.0,0.0
8,9,0.0,0.0,0.0,0.0,0.0,0.0,0.0,0.0,0.0,1.0,0.0,0.0
8,9,0.0,0.0,0.0,0.0,0.0,0.0,0.0,0.0,0.0,1.0,0.0,0.0
8,9,0.0,0.0,0.0,0.0,0.0,0.0,0.0,0.0,0.0,1.0,0.0,0.0
8,9,0.0,0.0,0.0,0.0,0.0,0.0,0.0,0.0,0.0,1.0,0.0,0.0
8,9,0.0,0.0,0.0,0.0,0.0,0.0,0.0,0.0,0.0,1.0,0.0,0.0
8,9,0.0,0.0,0.0,0.0,0.0,0.0,0.0,0.0,0.0,1.0,0.0,0.0
8,9,0.0,0.0,0.0,0.0,0.0,0.0,0.0,0.0,0.0,1.0,0.0,0.0
8,9,0.0,0.0,0.0,0.0,0.0,0.0,0.0,0.0,0.0,1.0,0.0,0.0
8,9,0.0,0.0,0.0,0.0,0.0,0.0,0.0,0.0,0.0,1.0,0.0,0.0
8,9,0.0,0.0,0.0,0.0,0.0,0.0,0.0,0.0,0.0,1.0,0.0,0.0
8,9,0.0,0.0,0.0,0.0,0.0,0.0,0.0,0.0,0.015625,0.984375,0.0,0.0
8,9,0.0,0.0,0.0,0.0,0.0,0.0,0.0,0.0,0.015625,0.984375,0.0,0.0
8,9,0.0,0.0,0.0,0.0,0.0,0.0,0.0,0.0,0.015625,0.984375,0.0,0.0
8,9,0.0,0.0,0.0,0.0,0.0,0.0,0.0,0.0,0.015625,0.984375,0.0,0.0
8,9,0.0,0.0,0.0,0.0,0.0,0.0,0.0,0.0,0.015625,0.984375,0.0,0.0
8,9,0.0,0.0,0.0,0.0,0.0,0.0,0.0,0.0,0.015625,0.984375,0.0,0.0
8,9,0.0,0.0,0.0,0.0,0.0,0.0,0.0,0.0,0.015625,0.984375,0.0,0.0
8,9,0.0,0.0,0.0,0.0,0.0,0.0,0.0,0.0,0.015625,0.984375,0.0,0.0
8,9,0.0,0.0,0.0,0.0,0.0,0.0,0.0,0.0,0.015625,0.984375,0.0,0.0
8,9,0.0,0.0,0.0,0.0,0.0,0.0,0.0,0.0,0.015625,0.984375,0.0,0.0
8,9,0.0,0.0,0.0,0.0,0.0,0.0,0.0,0.0,0.015625,0.984375,0.0,0.0
8,9,0.0,0.0,0.0,0.0,0.0,0.0,0.0,0.0,0.015625,0.984375,0.0,0.0
8,9,0.0,0.0,0.0,0.0,0.0,0.0,0.0,0.0,0.015625,0.984375,0.0,0.0
8,9,0.0,0.0,0.0,0.0,0.0,0.0,0.0,0.0,0.015625,0.984375,0.0,0.0
8,9,0.0,0.0,0.0,0.0,0.0,0.0,0.0,0.0,0.015625,0.984375,0.0,0.0
8,9,0.0,0.0,0.0,0.0,0.0,0.0,0.0,0.0,0.015625,0.984375,0.0,0.0
8,9,0.0,0.0,0.0,0.0,0.0,0.0,0.0,0.0,0.015625,0.984375,0.0,0.0
8,9,0.0,0.0,0.0,0.0,0.0,0.0,0.0,0.0,0.015625,0.984375,0.0,0.0
8,9,0.0,0.0,0.0,0.0,0.0,0.0,0.0,0.0,0.015625,0.984375,0.0,0.0
8,9,0.0,0.0,0.0,0.0,0.0,0.0,0.0,0.0,0.015625,0.984375,0.0,0.0
8,9,0.0,0.0,0.0,0.0,0.0,0.0,0.0,0.0,0.015625,0.984375,0.0,0.0
8,9,0.0,0.0,0.0,0.0,0.0,0.0,0.0,0.0,0.015625,0.984375,0.0,0.0
8,9,0.0,0.0,0.0,0.0,0.0,0.0,0.0,0.0,0.015625,0.984375,0.0,0.0
8,9,0.0,0.0,0.0,0.0,0.0,0.0,0.0,0.0,0.015625,0.984375,0.0,0.0
8,9,0.0,0.0,0.0,0.0,0.0,0.0,0.0,0.0,0.03125,0.96875,0.0,0.0
8,9,0.0,0.0,0.0,0.0,0.0,0.0,0.0,0.0,0.03125,0.96875,0.0,0.0
8,9,0.0,0.0,0.0,0.0,0.0,0.0,0.0,0.0,0.03125,0.96875,0.0,0.0
8,9,0.0,0.0,0.0,0.0,0.0,0.0,0.0,0.0,0.03125,0.96875,0.0,0.0
8,9,0.0,0.0,0.0,0.0,0.0,0.0,0.0,0.0,0.03125,0.96875,0.0,0.0
8,9,0.0,0.0,0.0,0.0,0.0,0.0,0.0,0.0,0.03125,0.96875,0.0,0.0
8,9,0.0,0.0,0.0,0.0,0.0,0.0,0.0,0.0,0.03125,0.96875,0.0,0.0
8,9,0.0,0.0,0.0,0.0,0.0,0.0,0.0,0.0,0.03125,0.96875,0.0,0.0
8,9,0.0,0.0,0.0,0.0,0.0,0.0,0.0,0.0,0.03125,0.96875,0.0,0.0
8,9,0.0,0.0,0.0,0.0,0.0,0.0,0.0,0.0,0.03125,0.96875,0.0,0.0
8,9,0.0,0.0,0.0,0.0,0.0,0.0,0.0,0.0,0.03125,0.96875,0.0,0.0
8,9,0.0,0.0,0.0,0.0,0.0,0.0,0.0,0.0,0.03125,0.96875,0.0,0.0
8,9,0.0,0.0,0.0,0.0,0.0,0.0,0.0,0.0,0.03125,0.96875,0.0,0.0
8,9,0.0,0.0,0.0,0.0,0.0,0.0,0.0,0.0,0.03125,0.96875,0.0,0.0
8,9,0.0,0.0,0.0,0.0,0.0,0.0,0.0,0.0,0.03125,0.96875,0.0,0.0
8,9,0.0,0.0,0.0,0.0,0.0,0.0,0.0,0.0,0.03125,0.96875,0.0,0.0
8,9,0.0,0.0,0.0,0.0,0.0,0.0,0.0,0.0,0.03125,0.96875,0.0,0.0
8,9,0.0,0.0,0.0,0.0,0.0,0.0,0.0,0.0,0.03125,0.96875,0.0,0.0
8,9,0.0,0.0,0.0,0.0,0.0,0.0,0.0,0.0,0.03125,0.96875,0.0,0.0
8,9,0.0,0.0,0.0,0.0,0.0,0.0,0.0,0.0,0.03125,0.96875,0.0,0.0
8,9,0.0,0.0,0.0,0.0,0.0,0.0,0.0,0.0,0.046875,0.953125,0.0,0.0
8,9,0.0,0.0,0.0,0.0,0.0,0.0,0.0,0.0,0.046875,0.953125,0.0,0.0
8,9,0.0,0.0,0.0,0.0,0.0,0.0,0.0,0.0,0.046875,0.953125,0.0,0.0
8,9,0.0,0.0,0.0,0.0,0.0,0.0,0.0,0.0,0.0625,0.9375,0.0,0.0
8,9,0.0,0.0,0.0,0.0,0.0,0.0,0.0,0.0,0.078125,0.921875,0.0,0.0
8,9,0.0,0.0,0.0,0.0,0.0,0.0,0.0,0.0,0.078125,0.921875,0.0,0.0
8,9,0.0,0.0,0.0,0.0,0.0,0.0,0.0,0.0,0.078125,0.921875,0.0,0.0
8,9,0.0,0.0,0.0,0.0,0.0,0.0,0.0,0.0,0.078125,0.921875,0.0,0.0
8,9,0.0,0.0,0.0,0.0,0.0,0.0,0.0,0.0,0.078125,0.921875,0.0,0.0
8,9,0.0,0.0,0.0,0.0,0.0,0.0,0.0,0.0,0.078125,0.921875,0.0,0.0
8,9,0.0,0.0,0.0,0.0,0.0,0.0,0.0,0.0,0.078125,0.921875,0.0,0.0
8,9,0.0,0.0,0.0,0.0,0.0,0.0,0.0,0.0,0.078125,0.921875,0.0,0.0
8,9,0.0,0.0,0.0,0.0,0.0,0.0,0.0,0.0,0.09375,0.90625,0.0,0.0
8,9,0.0,0.0,0.0,0.0,0.0,0.0,0.0,0.0,0.09375,0.90625,0.0,0.0
8,9,0.0,0.0,0.0,0.0,0.0,0.0,0.0,0.0,0.09375,0.90625,0.0,0.0
8,9,0.0,0.0,0.0,0.0,0.0,0.0,0.0,0.0,0.09375,0.90625,0.0,0.0
8,9,0.0,0.0,0.0,0.0,0.0,0.0,0.0,0.0,0.09375,0.90625,0.0,0.0
8,9,0.0,0.0,0.0,0.0,0.0,0.0,0.0,0.0,0.09375,0.90625,0.0,0.0
8,9,0.0,0.0,0.0,0.0,0.0,0.0,0.0,0.0,0.09375,0.90625,0.0,0.0
8,9,0.0,0.0,0.0,0.0,0.0,0.0,0.0,0.0,0.09375,0.90625,0.0,0.0
8,9,0.0,0.0,0.0,0.0,0.0,0.0,0.0,0.0,0.109375,0.890625,0.0,0.0
8,9,0.0,0.0,0.0,0.0,0.0,0.0,0.0,0.0,0.109375,0.890625,0.0,0.0
8,9,0.0,0.0,0.0,0.0,0.0,0.0,0.0,0.0,0.109375,0.890625,0.0,0.0
8,9,0.0,0.0,0.0,0.0,0.0,0.0,0.0,0.0,0.109375,0.890625,0.0,0.0
8,9,0.0,0.0,0.0,0.0,0.0,0.0,0.0,0.0,0.109375,0.890625,0.0,0.0
8,9,0.0,0.0,0.0,0.0,0.0,0.0,0.0,0.0,0.109375,0.890625,0.0,0.0
8,9,0.0,0.0,0.0,0.0,0.0,0.0,0.0,0.0,0.125,0.875,0.0,0.0
8,9,0.0,0.0,0.0,0.0,0.0,0.0,0.0,0.0,0.125,0.875,0.0,0.0
8,9,0.0,0.0,0.0,0.0,0.0,0.0,0.0,0.0,0.140625,0.859375,0.0,0.0
8,9,0.0,0.0,0.0,0.0,0.0,0.0,0.0,0.0,0.140625,0.859375,0.0,0.0
8,9,0.0,0.0,0.0,0.0,0.0,0.0,0.0,0.0,0.140625,0.859375,0.0,0.0
8,9,0.0,0.0,0.0,0.0,0.0,0.0,0.0,0.0,0.140625,0.859375,0.0,0.0
8,9,0.0,0.0,0.0,0.0,0.0,0.0,0.0,0.0,0.140625,0.859375,0.0,0.0
8,9,0.0,0.0,0.0,0.0,0.0,0.0,0.0,0.0,0.140625,0.859375,0.0,0.0
8,9,0.0,0.0,0.0,0.0,0.0,0.0,0.0,0.0,0.140625,0.859375,0.0,0.0
8,9,0.0,0.0,0.0,0.0,0.0,0.0,0.0,0.0,0.140625,0.859375,0.0,0.0
8,9,0.0,0.0,0.0,0.0,0.0,0.0,0.0,0.0,0.15625,0.84375,0.0,0.0
8,9,0.0,0.0,0.0,0.0,0.0,0.0,0.0,0.0,0.15625,0.84375,0.0,0.0
8,9,0.0,0.0,0.0,0.0,0.0,0.0,0.0,0.0,0.15625,0.84375,0.0,0.0
8,9,0.0,0.0,0.0,0.0,0.0,0.0,0.0,0.0,0.15625,0.84375,0.0,0.0
8,9,0.0,0.0,0.0,0.0,0.0,0.0,0.0,0.0,0.15625,0.84375,0.0,0.0
8,9,0.0,0.0,0.0,0.0,0.0,0.0,0.0,0.0,0.15625,0.84375,0.0,0.0
8,9,0.0,0.0,0.0,0.0,0.0,0.0,0.0,0.0,0.15625,0.84375,0.0,0.0
8,9,0.0,0.0,0.0,0.0,0.0,0.0,0.0,0.0,0.15625,0.84375,0.0,0.0
8,9,0.0,0.0,0.0,0.0,0.0,0.0,0.0,0.0,0.15625,0.84375,0.0,0.0
8,9,0.0,0.0,0.0,0.0,0.0,0.0,0.0,0.0,0.15625,0.84375,0.0,0.0
8,9,0.0,0.0,0.0,0.0,0.0,0.0,0.0,0.0,0.15625,0.84375,0.0,0.0
8,9,0.0,0.0,0.0,0.0,0.0,0.0,0.0,0.0,0.15625,0.84375,0.0,0.0
8,9,0.0,0.0,0.0,0.0,0.0,0.0,0.0,0.0,0.15625,0.84375,0.0,0.0
8,9,0.0,0.0,0.0,0.0,0.0,0.0,0.0,0.0,0.15625,0.84375,0.0,0.0
8,9,0.0,0.0,0.0,0.0,0.0,0.0,0.0,0.0,0.15625,0.84375,0.0,0.0
8,9,0.0,0.0,0.0,0.0,0.0,0.0,0.0,0.0,0.15625,0.84375,0.0,0.0
8,9,0.0,0.0,0.0,0.0,0.0,0.0,0.0,0.0,0.171875,0.828125,0.0,0.0
8,9,0.0,0.0,0.0,0.0,0.0,0.0,0.0,0.0,0.171875,0.828125,0.0,0.0
8,9,0.0,0.0,0.0,0.0,0.0,0.0,0.0,0.0,0.171875,0.828125,0.0,0.0
8,9,0.0,0.0,0.0,0.0,0.0,0.0,0.0,0.0,0.171875,0.828125,0.0,0.0
8,9,0.0,0.0,0.0,0.0,0.0,0.0,0.0,0.0,0.171875,0.828125,0.0,0.0
8,9,0.0,0.0,0.0,0.0,0.0,0.0,0.0,0.0,0.171875,0.828125,0.0,0.0
8,9,0.0,0.0,0.0,0.0,0.0,0.0,0.0,0.0,0.171875,0.828125,0.0,0.0
8,9,0.0,0.0,0.0,0.0,0.0,0.0,0.0,0.0,0.171875,0.828125,0.0,0.0
8,9,0.0,0.0,0.0,0.0,0.0,0.0,0.0,0.0,0.171875,0.828125,0.0,0.0
8,9,0.0,0.0,0.0,0.0,0.0,0.0,0.0,0.0,0.171875,0.828125,0.0,0.0
8,9,0.0,0.0,0.0,0.0,0.0,0.0,0.0,0.0,0.171875,0.828125,0.0,0.0
8,9,0.0,0.0,0.0,0.0,0.0,0.0,0.0,0.0,0.171875,0.828125,0.0,0.0
8,9,0.0,0.0,0.0,0.0,0.0,0.0,0.0,0.0,0.171875,0.828125,0.0,0.0
8,9,0.0,0.0,0.0,0.0,0.0,0.0,0.0,0.0,0.171875,0.828125,0.0,0.0
8,9,0.0,0.0,0.0,0.0,0.0,0.0,0.0,0.0,0.171875,0.828125,0.0,0.0
8,9,0.0,0.0,0.0,0.0,0.0,0.0,0.0,0.0,0.171875,0.828125,0.0,0.0
8,9,0.0,0.0,0.0,0.0,0.0,0.0,0.0,0.0,0.171875,0.828125,0.0,0.0
8,9,0.0,0.0,0.0,0.0,0.0,0.0,0.0,0.0,0.171875,0.828125,0.0,0.0
8,9,0.0,0.0,0.0,0.0,0.0,0.0,0.0,0.0,0.171875,0.828125,0.0,0.0
8,9,0.0,0.0,0.0,0.0,0.0,0.0,0.0,0.0,0.171875,0.828125,0.0,0.0
8,9,0.0,0.0,0.0,0.0,0.0,0.0,0.0,0.0,0.171875,0.828125,0.0,0.0
8,9,0.0,0.0,0.0,0.0,0.0,0.0,0.0,0.0,0.171875,0.828125,0.0,0.0
8,9,0.0,0.0,0.0,0.0,0.0,0.0,0.0,0.0,0.171875,0.828125,0.0,0.0
8,9,0.0,0.0,0.0,0.0,0.0,0.0,0.0,0.0,0.171875,0.828125,0.0,0.0
8,9,0.0,0.0,0.0,0.0,0.0,0.0,0.0,0.0,0.171875,0.828125,0.0,0.0
8,9,0.0,0.0,0.0,0.0,0.0,0.0,0.0,0.0,0.171875,0.828125,0.0,0.0
8,9,0.0,0.0,0.0,0.0,0.0,0.0,0.0,0.0,0.171875,0.828125,0.0,0.0
8,9,0.0,0.0,0.0,0.0,0.0,0.0,0.0,0.0,0.171875,0.828125,0.0,0.0
8,9,0.0,0.0,0.0,0.0,0.0,0.0,0.0,0.0,0.171875,0.828125,0.0,0.0
8,9,0.0,0.0,0.0,0.0,0.0,0.0,0.0,0.0,0.171875,0.828125,0.0,0.0
8,9,0.0,0.0,0.0,0.0,0.0,0.0,0.0,0.0,0.171875,0.828125,0.0,0.0
8,9,0.0,0.0,0.0,0.0,0.0,0.0,0.0,0.0,0.171875,0.828125,0.0,0.0
8,9,0.0,0.0,0.0,0.0,0.0,0.0,0.0,0.0,0.171875,0.828125,0.0,0.0
8,9,0.0,0.0,0.0,0.0,0.0,0.0,0.0,0.0,0.171875,0.828125,0.0,0.0
8,9,0.0,0.0,0.0,0.0,0.0,0.0,0.0,0.0,0.171875,0.828125,0.0,0.0
8,9,0.0,0.0,0.0,0.0,0.0,0.0,0.0,0.0,0.171875,0.828125,0.0,0.0
8,9,0.0,0.0,0.0,0.0,0.0,0.0,0.0,0.0,0.171875,0.828125,0.0,0.0
8,9,0.0,0.0,0.0,0.0,0.0,0.0,0.0,0.0,0.171875,0.828125,0.0,0.0
8,9,0.0,0.0,0.0,0.0,0.0,0.0,0.0,0.0,0.171875,0.828125,0.0,0.0
8,9,0.0,0.0,0.0,0.0,0.0,0.0,0.0,0.0,0.171875,0.828125,0.0,0.0
8,9,0.0,0.0,0.0,0.0,0.0,0.0,0.0,0.0,0.171875,0.828125,0.0,0.0
8,9,0.0,0.0,0.0,0.0,0.0,0.0,0.0,0.0,0.171875,0.828125,0.0,0.0
8,9,0.0,0.0,0.0,0.0,0.0,0.0,0.0,0.0,0.171875,0.828125,0.0,0.0
8,9,0.0,0.0,0.0,0.0,0.0,0.0,0.0,0.0,0.171875,0.828125,0.0,0.0
8,9,0.0,0.0,0.0,0.0,0.0,0.0,0.0,0.0,0.171875,0.828125,0.0,0.0
8,9,0.0,0.0,0.0,0.0,0.0,0.0,0.0,0.0,0.171875,0.828125,0.0,0.0
8,9,0.0,0.0,0.0,0.0,0.0,0.0,0.0,0.0,0.171875,0.828125,0.0,0.0
8,9,0.0,0.0,0.0,0.0,0.0,0.0,0.0,0.0,0.171875,0.828125,0.0,0.0
8,9,0.0,0.0,0.0,0.0,0.0,0.0,0.0,0.0,0.171875,0.828125,0.0,0.0
8,9,0.0,0.0,0.0,0.0,0.0,0.0,0.0,0.0,0.171875,0.828125,0.0,0.0
8,9,0.0,0.0,0.0,0.0,0.0,0.0,0.0,0.0,0.171875,0.828125,0.0,0.0
8,9,0.0,0.0,0.0,0.0,0.0,0.0,0.0,0.0,0.171875,0.828125,0.0,0.0
8,9,0.0,0.0,0.0,0.0,0.0,0.0,0.0,0.0,0.171875,0.828125,0.0,0.0
8,9,0.0,0.0,0.0,0.0,0.0,0.0,0.0,0.0,0.171875,0.828125,0.0,0.0
8,9,0.0,0.0,0.0,0.0,0.0,0.0,0.0,0.0,0.171875,0.828125,0.0,0.0
8,9,0.0,0.0,0.0,0.0,0.0,0.0,0.0,0.0,0.171875,0.828125,0.0,0.0
8,9,0.0,0.0,0.0,0.0,0.0,0.0,0.0,0.0,0.171875,0.828125,0.0,0.0
8,9,0.0,0.0,0.0,0.0,0.0,0.0,0.0,0.0,0.171875,0.828125,0.0,0.0
8,9,0.0,0.0,0.0,0.0,0.0,0.0,0.0,0.0,0.171875,0.828125,0.0,0.0
8,9,0.0,0.0,0.0,0.0,0.0,0.0,0.0,0.0,0.171875,0.828125,0.0,0.0
8,9,0.0,0.0,0.0,0.0,0.0,0.0,0.0,0.0,0.171875,0.828125,0.0,0.0
8,9,0.0,0.0,0.0,0.0,0.0,0.0,0.0,0.0,0.171875,0.828125,0.0,0.0
8,9,0.0,0.0,0.0,0.0,0.0,0.0,0.0,0.0,0.171875,0.828125,0.0,0.0
8,9,0.0,0.0,0.0,0.0,0.0,0.0,0.0,0.0,0.171875,0.828125,0.0,0.0
8,9,0.0,0.0,0.0,0.0,0.0,0.0,0.0,0.0,0.15625,0.84375,0.0,0.0
8,9,0.0,0.0,0.0,0.0,0.0,0.0,0.0,0.0,0.15625,0.84375,0.0,0.0
8,9,0.0,0.0,0.0,0.0,0.0,0.0,0.0,0.0,0.15625,0.84375,0.0,0.0
8,9,0.0,0.0,0.0,0.0,0.0,0.0,0.0,0.0,0.15625,0.84375,0.0,0.0
8,9,0.0,0.0,0.0,0.0,0.0,0.0,0.0,0.0,0.15625,0.84375,0.0,0.0
8,9,0.0,0.0,0.0,0.0,0.0,0.0,0.0,0.0,0.15625,0.84375,0.0,0.0
8,9,0.0,0.0,0.0,0.0,0.0,0.0,0.0,0.0,0.15625,0.84375,0.0,0.0
8,9,0.0,0.0,0.0,0.0,0.0,0.0,0.0,0.0,0.15625,0.84375,0.0,0.0
8,9,0.0,0.0,0.0,0.0,0.0,0.0,0.0,0.0,0.15625,0.84375,0.0,0.0
8,9,0.0,0.0,0.0,0.0,0.0,0.0,0.0,0.0,0.15625,0.84375,0.0,0.0
8,9,0.0,0.0,0.0,0.0,0.0,0.0,0.0,0.0,0.15625,0.84375,0.0,0.0
8,9,0.0,0.0,0.0,0.0,0.0,0.0,0.0,0.0,0.15625,0.84375,0.0,0.0
8,9,0.0,0.0,0.0,0.0,0.0,0.0,0.0,0.0,0.15625,0.84375,0.0,0.0
8,9,0.0,0.0,0.0,0.0,0.0,0.0,0.0,0.0,0.15625,0.84375,0.0,0.0
8,9,0.0,0.0,0.0,0.0,0.0,0.0,0.0,0.0,0.15625,0.84375,0.0,0.0
8,9,0.0,0.0,0.0,0.0,0.0,0.0,0.0,0.0,0.15625,0.84375,0.0,0.0
8,9,0.0,0.0,0.0,0.0,0.0,0.0,0.0,0.0,0.15625,0.84375,0.0,0.0
8,9,0.0,0.0,0.0,0.0,0.0,0.0,0.0,0.0,0.15625,0.84375,0.0,0.0
8,9,0.0,0.0,0.0,0.0,0.0,0.0,0.0,0.0,0.15625,0.84375,0.0,0.0
8,9,0.0,0.0,0.0,0.0,0.0,0.0,0.0,0.0,0.15625,0.84375,0.0,0.0
8,9,0.0,0.0,0.0,0.0,0.0,0.0,0.0,0.0,0.15625,0.84375,0.0,0.0
8,9,0.0,0.0,0.0,0.0,0.0,0.0,0.0,0.0,0.15625,0.84375,0.0,0.0
8,9,0.0,0.0,0.0,0.0,0.0,0.0,0.0,0.0,0.15625,0.84375,0.0,0.0
8,9,0.0,0.0,0.0,0.0,0.0,0.0,0.0,0.0,0.15625,0.84375,0.0,0.0
8,9,0.0,0.0,0.0,0.0,0.0,0.0,0.0,0.0,0.15625,0.84375,0.0,0.0
8,9,0.0,0.0,0.0,0.0,0.0,0.0,0.0,0.0,0.15625,0.84375,0.0,0.0
8,9,0.0,0.0,0.0,0.0,0.0,0.0,0.0,0.0,0.15625,0.84375,0.0,0.0
8,9,0.0,0.0,0.0,0.0,0.0,0.0,0.0,0.0,0.15625,0.84375,0.0,0.0
8,9,0.0,0.0,0.0,0.0,0.0,0.0,0.0,0.0,0.15625,0.84375,0.0,0.0
8,9,0.0,0.0,0.0,0.0,0.0,0.0,0.0,0.0,0.15625,0.84375,0.0,0.0
8,9,0.0,0.0,0.0,0.0,0.0,0.0,0.0,0.0,0.15625,0.84375,0.0,0.0
8,9,0.0,0.0,0.0,0.0,0.0,0.0,0.0,0.0,0.15625,0.84375,0.0,0.0
8,9,0.0,0.0,0.0,0.0,0.0,0.0,0.0,0.0,0.15625,0.84375,0.0,0.0
8,9,0.0,0.0,0.0,0.0,0.0,0.0,0.0,0.0,0.15625,0.84375,0.0,0.0
8,9,0.0,0.0,0.0,0.0,0.0,0.0,0.0,0.0,0.15625,0.84375,0.0,0.0
8,9,0.0,0.0,0.0,0.0,0.0,0.0,0.0,0.0,0.15625,0.84375,0.0,0.0
8,9,0.0,0.0,0.0,0.0,0.0,0.0,0.0,0.0,0.15625,0.84375,0.0,0.0
8,9,0.0,0.0,0.0,0.0,0.0,0.0,0.0,0.0,0.15625,0.84375,0.0,0.0
8,9,0.0,0.0,0.0,0.0,0.0,0.0,0.0,0.0,0.15625,0.84375,0.0,0.0
8,9,0.0,0.0,0.0,0.0,0.0,0.0,0.0,0.0,0.15625,0.84375,0.0,0.0
8,9,0.0,0.0,0.0,0.0,0.0,0.0,0.0,0.0,0.15625,0.84375,0.0,0.0
8,9,0.0,0.0,0.0,0.0,0.0,0.0,0.0,0.0,0.15625,0.84375,0.0,0.0
8,9,0.0,0.0,0.0,0.0,0.0,0.0,0.0,0.0,0.15625,0.84375,0.0,0.0
8,9,0.0,0.0,0.0,0.0,0.0,0.0,0.0,0.0,0.15625,0.84375,0.0,0.0
8,9,0.0,0.0,0.0,0.0,0.0,0.0,0.0,0.0,0.15625,0.84375,0.0,0.0
8,9,0.0,0.0,0.0,0.0,0.0,0.0,0.0,0.0,0.15625,0.84375,0.0,0.0
8,9,0.0,0.0,0.0,0.0,0.0,0.0,0.0,0.0,0.15625,0.84375,0.0,0.0
8,9,0.0,0.0,0.0,0.0,0.0,0.0,0.0,0.0,0.15625,0.84375,0.0,0.0
8,9,0.0,0.0,0.0,0.0,0.0,0.0,0.0,0.0,0.15625,0.84375,0.0,0.0
8,9,0.0,0.0,0.0,0.0,0.0,0.0,0.0,0.0,0.15625,0.84375,0.0,0.0
8,9,0.0,0.0,0.0,0.0,0.0,0.0,0.0,0.0,0.140625,0.859375,0.0,0.0
8,9,0.0,0.0,0.0,0.0,0.0,0.0,0.0,0.0,0.140625,0.859375,0.0,0.0
8,9,0.0,0.0,0.0,0.0,0.0,0.0,0.0,0.0,0.140625,0.859375,0.0,0.0
8,9,0.0,0.0,0.0,0.0,0.0,0.0,0.0,0.0,0.140625,0.859375,0.0,0.0
8,9,0.0,0.0,0.0,0.0,0.0,0.0,0.0,0.0,0.140625,0.859375,0.0,0.0
8,9,0.0,0.0,0.0,0.0,0.0,0.0,0.0,0.0,0.140625,0.859375,0.0,0.0
8,9,0.0,0.0,0.0,0.0,0.0,0.0,0.0,0.0,0.09375,0.90625,0.0,0.0
8,9,0.0,0.0,0.0,0.0,0.0,0.0,0.0,0.0,0.09375,0.90625,0.0,0.0
8,9,0.0,0.0,0.0,0.0,0.0,0.0,0.0,0.0,0.09375,0.90625,0.0,0.0
8,9,0.0,0.0,0.0,0.0,0.0,0.0,0.0,0.0,0.09375,0.90625,0.0,0.0
8,9,0.0,0.0,0.0,0.0,0.0,0.0,0.0,0.0,0.09375,0.90625,0.0,0.0
8,9,0.0,0.0,0.0,0.0,0.0,0.0,0.0,0.0,0.09375,0.90625,0.0,0.0
8,9,0.0,0.0,0.0,0.0,0.0,0.0,0.0,0.0,0.09375,0.90625,0.0,0.0
8,9,0.0,0.0,0.0,0.0,0.0,0.0,0.0,0.0,0.09375,0.90625,0.0,0.0
8,9,0.0,0.0,0.0,0.0,0.0,0.0,0.0,0.0,0.078125,0.921875,0.0,0.0
8,9,0.0,0.0,0.0,0.0,0.0,0.0,0.0,0.0,0.078125,0.921875,0.0,0.0
8,9,0.0,0.0,0.0,0.0,0.0,0.0,0.0,0.0,0.078125,0.921875,0.0,0.0
8,9,0.0,0.0,0.0,0.0,0.0,0.0,0.0,0.0,0.078125,0.921875,0.0,0.0
8,9,0.0,0.0,0.0,0.0,0.0,0.0,0.0,0.0,0.078125,0.921875,0.0,0.0
8,9,0.0,0.0,0.0,0.0,0.0,0.0,0.0,0.0,0.078125,0.921875,0.0,0.0
8,9,0.0,0.0,0.0,0.0,0.0,0.0,0.0,0.0,0.078125,0.921875,0.0,0.0
8,9,0.0,0.0,0.0,0.0,0.0,0.0,0.0,0.0,0.0625,0.9375,0.0,0.0
8,9,0.0,0.0,0.0,0.0,0.0,0.0,0.0,0.0,0.0625,0.9375,0.0,0.0
8,9,0.0,0.0,0.0,0.0,0.0,0.0,0.0,0.0,0.0625,0.9375,0.0,0.0
8,9,0.0,0.0,0.0,0.0,0.0,0.0,0.0,0.0,0.0625,0.9375,0.0,0.0
8,9,0.0,0.0,0.0,0.0,0.0,0.0,0.0,0.0,0.0625,0.9375,0.0,0.0
8,9,0.0,0.0,0.0,0.0,0.0,0.0,0.0,0.0,0.0625,0.9375,0.0,0.0
8,9,0.0,0.0,0.0,0.0,0.0,0.0,0.0,0.0,0.0625,0.9375,0.0,0.0
8,9,0.0,0.0,0.0,0.0,0.0,0.0,0.0,0.0,0.0625,0.9375,0.0,0.0
8,9,0.0,0.0,0.0,0.0,0.0,0.0,0.0,0.0,0.0625,0.9375,0.0,0.0
8,9,0.0,0.0,0.0,0.0,0.0,0.0,0.0,0.0,0.0625,0.9375,0.0,0.0
8,9,0.0,0.0,0.0,0.0,0.0,0.0,0.0,0.0,0.0625,0.9375,0.0,0.0
8,9,0.0,0.0,0.0,0.0,0.0,0.0,0.0,0.0,0.0625,0.9375,0.0,0.0
8,9,0.0,0.0,0.0,0.0,0.0,0.0,0.0,0.0,0.0625,0.9375,0.0,0.0
8,9,0.0,0.0,0.0,0.0,0.0,0.0,0.0,0.0,0.0625,0.9375,0.0,0.0
8,9,0.0,0.0,0.0,0.0,0.0,0.0,0.0,0.0,0.0625,0.9375,0.0,0.0
8,9,0.0,0.0,0.0,0.0,0.0,0.0,0.0,0.0,0.0625,0.9375,0.0,0.0
8,9,0.0,0.0,0.0,0.0,0.0,0.0,0.0,0.0,0.0625,0.9375,0.0,0.0
8,9,0.0,0.0,0.0,0.0,0.0,0.0,0.0,0.0,0.0625,0.9375,0.0,0.0
8,9,0.0,0.0,0.0,0.0,0.0,0.0,0.0,0.0,0.0625,0.9375,0.0,0.0
8,9,0.0,0.0,0.0,0.0,0.0,0.0,0.0,0.0,0.0625,0.9375,0.0,0.0
8,9,0.0,0.0,0.0,0.0,0.0,0.0,0.0,0.0,0.0625,0.9375,0.0,0.0
8,9,0.0,0.0,0.0,0.0,0.0,0.0,0.0,0.0,0.0625,0.9375,0.0,0.0
8,9,0.0,0.0,0.0,0.0,0.0,0.0,0.0,0.0,0.0625,0.9375,0.0,0.0
8,9,0.0,0.0,0.0,0.0,0.0,0.0,0.0,0.0,0.0625,0.9375,0.0,0.0
8,9,0.0,0.0,0.0,0.0,0.0,0.0,0.0,0.0,0.0625,0.9375,0.0,0.0
8,9,0.0,0.0,0.0,0.0,0.0,0.0,0.0,0.0,0.0625,0.9375,0.0,0.0
8,9,0.0,0.0,0.0,0.0,0.0,0.0,0.0,0.0,0.0625,0.9375,0.0,0.0
8,9,0.0,0.0,0.0,0.0,0.0,0.0,0.0,0.0,0.0625,0.9375,0.0,0.0
8,9,0.0,0.0,0.0,0.0,0.0,0.0,0.0,0.0,0.0625,0.9375,0.0,0.0
8,9,0.0,0.0,0.0,0.0,0.0,0.0,0.0,0.0,0.0625,0.9375,0.0,0.0
8,9,0.0,0.0,0.0,0.0,0.0,0.0,0.0,0.0,0.0625,0.9375,0.0,0.0
8,9,0.0,0.0,0.0,0.0,0.0,0.0,0.0,0.0,0.0625,0.9375,0.0,0.0
8,9,0.0,0.0,0.0,0.0,0.0,0.0,0.0,0.0,0.0625,0.9375,0.0,0.0
8,9,0.0,0.0,0.0,0.0,0.0,0.0,0.0,0.0,0.046875,0.953125,0.0,0.0
8,9,0.0,0.0,0.0,0.0,0.0,0.0,0.0,0.0,0.046875,0.953125,0.0,0.0
8,9,0.0,0.0,0.0,0.0,0.0,0.0,0.0,0.0,0.046875,0.953125,0.0,0.0
8,9,0.0,0.0,0.0,0.0,0.0,0.0,0.0,0.0,0.046875,0.953125,0.0,0.0
8,9,0.0,0.0,0.0,0.0,0.0,0.0,0.0,0.0,0.046875,0.953125,0.0,0.0
8,9,0.0,0.0,0.0,0.0,0.0,0.0,0.0,0.0,0.046875,0.953125,0.0,0.0
8,9,0.0,0.0,0.0,0.0,0.0,0.0,0.0,0.0,0.046875,0.953125,0.0,0.0
8,9,0.0,0.0,0.0,0.0,0.0,0.0,0.0,0.0,0.046875,0.953125,0.0,0.0
8,9,0.0,0.0,0.0,0.0,0.0,0.0,0.0,0.0,0.03125,0.96875,0.0,0.0
8,9,0.0,0.0,0.0,0.0,0.0,0.0,0.0,0.0,0.03125,0.96875,0.0,0.0
8,9,0.0,0.0,0.0,0.0,0.0,0.0,0.0,0.0,0.03125,0.96875,0.0,0.0
8,9,0.0,0.0,0.0,0.0,0.0,0.0,0.0,0.0,0.03125,0.96875,0.0,0.0
8,9,0.0,0.0,0.0,0.0,0.0,0.0,0.0,0.0,0.03125,0.96875,0.0,0.0
8,9,0.0,0.0,0.0,0.0,0.0,0.0,0.0,0.0,0.03125,0.96875,0.0,0.0
8,9,0.0,0.0,0.0,0.0,0.0,0.0,0.0,0.0,0.03125,0.96875,0.0,0.0
8,9,0.0,0.0,0.0,0.0,0.0,0.0,0.0,0.0,0.03125,0.96875,0.0,0.0
8,9,0.0,0.0,0.0,0.0,0.0,0.0,0.0,0.0,0.03125,0.953125,0.0,0.015625
8,9,0.0,0.0,0.0,0.0,0.0,0.0,0.0,0.0,0.03125,0.953125,0.0,0.015625
8,9,0.0,0.0,0.0,0.0,0.0,0.0,0.0,0.0,0.03125,0.953125,0.0,0.015625
8,9,0.0,0.0,0.0,0.0,0.0,0.0,0.0,0.0,0.03125,0.953125,0.0,0.015625
8,9,0.0,0.0,0.0,0.0,0.0,0.0,0.0,0.0,0.03125,0.953125,0.0,0.015625
8,9,0.0,0.0,0.0,0.0,0.0,0.0,0.0,0.0,0.03125,0.953125,0.0,0.015625
8,9,0.0,0.0,0.0,0.0,0.0,0.0,0.0,0.0,0.03125,0.953125,0.0,0.015625
8,9,0.0,0.0,0.0,0.0,0.0,0.0,0.0,0.0,0.03125,0.953125,0.0,0.015625
8,9,0.0,0.0,0.0,0.0,0.0,0.0,0.0,0.0,0.015625,0.96875,0.0,0.015625
8,9,0.0,0.0,0.0,0.0,0.0,0.0,0.0,0.0,0.015625,0.96875,0.0,0.015625
8,9,0.0,0.0,0.0,0.0,0.0,0.0,0.0,0.0,0.015625,0.96875,0.0,0.015625
8,9,0.0,0.0,0.0,0.0,0.0,0.0,0.0,0.0,0.015625,0.96875,0.0,0.015625
8,9,0.0,0.0,0.0,0.0,0.0,0.0,0.0,0.0,0.015625,0.96875,0.0,0.015625
8,9,0.0,0.0,0.0,0.0,0.0,0.0,0.0,0.0,0.015625,0.96875,0.0,0.015625
8,9,0.0,0.0,0.0,0.0,0.0,0.0,0.0,0.0,0.015625,0.96875,0.0,0.015625
8,9,0.0,0.0,0.0,0.0,0.0,0.0,0.0,0.0,0.015625,0.96875,0.0,0.015625
8,9,0.0,0.0,0.0,0.0,0.0,0.0,0.0,0.0,0.015625,0.96875,0.0,0.015625
8,9,0.0,0.0,0.0,0.0,0.0,0.0,0.0,0.0,0.015625,0.96875,0.0,0.015625
8,9,0.0,0.0,0.0,0.0,0.0,0.0,0.0,0.0,0.015625,0.96875,0.0,0.015625
8,9,0.0,0.0,0.0,0.0,0.0,0.0,0.0,0.0,0.015625,0.96875,0.0,0.015625
8,9,0.0,0.0,0.0,0.0,0.0,0.0,0.0,0.0,0.015625,0.96875,0.0,0.015625
8,9,0.0,0.0,0.0,0.0,0.0,0.0,0.0,0.0,0.015625,0.96875,0.0,0.015625
8,9,0.0,0.0,0.0,0.0,0.0,0.0,0.0,0.0,0.015625,0.96875,0.0,0.015625
8,9,0.0,0.0,0.0,0.0,0.0,0.0,0.0,0.0,0.015625,0.96875,0.0,0.015625
8,9,0.0,0.0,0.0,0.0,0.0,0.0,0.0,0.0,0.015625,0.96875,0.0,0.015625
8,9,0.0,0.0,0.0,0.0,0.0,0.0,0.0,0.0,0.015625,0.96875,0.0,0.015625
8,9,0.0,0.0,0.0,0.0,0.0,0.0,0.0,0.0,0.015625,0.953125,0.0,0.03125
8,9,0.0,0.0,0.0,0.0,0.0,0.0,0.0,0.0,0.015625,0.953125,0.0,0.03125
8,9,0.0,0.0,0.0,0.0,0.0,0.0,0.0,0.0,0.015625,0.953125,0.0,0.03125
8,9,0.0,0.0,0.0,0.0,0.0,0.0,0.0,0.0,0.015625,0.953125,0.0,0.03125
8,9,0.0,0.0,0.0,0.0,0.0,0.0,0.0,0.0,0.015625,0.953125,0.0,0.03125
8,9,0.0,0.0,0.0,0.0,0.0,0.0,0.0,0.0,0.015625,0.953125,0.0,0.03125
8,9,0.0,0.0,0.0,0.0,0.0,0.0,0.0,0.0,0.015625,0.953125,0.0,0.03125
8,9,0.0,0.0,0.0,0.0,0.0,0.0,0.0,0.0,0.03125,0.9375,0.0,0.03125
8,9,0.0,0.0,0.0,0.0,0.0,0.0,0.0,0.0,0.03125,0.9375,0.0,0.03125
8,9,0.0,0.0,0.0,0.0,0.0,0.0,0.0,0.0,0.03125,0.9375,0.0,0.03125
8,9,0.0,0.0,0.0,0.0,0.0,0.0,0.0,0.0,0.03125,0.9375,0.0,0.03125
8,9,0.0,0.0,0.0,0.0,0.0,0.0,0.0,0.0,0.03125,0.9375,0.0,0.03125
8,9,0.0,0.0,0.0,0.0,0.0,0.0,0.0,0.0,0.03125,0.9375,0.0,0.03125
8,9,0.0,0.0,0.0,0.0,0.0,0.0,0.0,0.0,0.03125,0.9375,0.0,0.03125
8,9,0.0,0.0,0.0,0.0,0.0,0.0,0.0,0.0,0.03125,0.9375,0.0,0.03125
8,9,0.0,0.0,0.0,0.0,0.0,0.0,0.0,0.0,0.03125,0.9375,0.0,0.03125
8,9,0.0,0.0,0.0,0.0,0.0,0.0,0.0,0.0,0.046875,0.921875,0.0,0.03125
8,9,0.0,0.0,0.0,0.0,0.0,0.0,0.0,0.0,0.046875,0.921875,0.0,0.03125
8,9,0.0,0.0,0.0,0.0,0.0,0.0,0.0,0.0,0.046875,0.90625,0.0,0.046875
8,9,0.0,0.0,0.0,0.0,0.0,0.0,0.0,0.0,0.046875,0.90625,0.0,0.046875
8,9,0.0,0.0,0.0,0.0,0.0,0.0,0.0,0.0,0.046875,0.90625,0.0,0.046875
8,9,0.0,0.0,0.0,0.0,0.0,0.0,0.0,0.0,0.046875,0.90625,0.0,0.046875
8,9,0.0,0.0,0.0,0.0,0.0,0.0,0.0,0.0,0.046875,0.90625,0.0,0.046875
8,9,0.0,0.0,0.0,0.0,0.0,0.0,0.0,0.0,0.046875,0.90625,0.0,0.046875
8,9,0.0,0.0,0.0,0.0,0.0,0.0,0.0,0.0,0.046875,0.90625,0.0,0.046875
8,9,0.0,0.0,0.0,0.0,0.0,0.0,0.0,0.0,0.046875,0.90625,0.0,0.046875
8,9,0.0,0.0,0.0,0.0,0.0,0.0,0.0,0.0,0.046875,0.90625,0.0,0.046875
8,9,0.0,0.0,0.0,0.0,0.0,0.0,0.0,0.0,0.046875,0.90625,0.0,0.046875
8,9,0.0,0.0,0.0,0.0,0.0,0.0,0.0,0.0,0.046875,0.90625,0.0,0.046875
8,9,0.0,0.0,0.0,0.0,0.0,0.0,0.0,0.0,0.046875,0.90625,0.0,0.046875
8,9,0.0,0.0,0.0,0.0,0.0,0.0,0.0,0.0,0.015625,0.9375,0.0,0.046875
8,9,0.0,0.0,0.0,0.0,0.0,0.0,0.0,0.0,0.015625,0.9375,0.0,0.046875
8,9,0.0,0.0,0.0,0.0,0.0,0.0,0.0,0.0,0.015625,0.9375,0.0,0.046875
8,9,0.0,0.0,0.0,0.0,0.0,0.0,0.0,0.0,0.015625,0.9375,0.0,0.046875
8,9,0.0,0.0,0.0,0.0,0.0,0.0,0.0,0.0,0.015625,0.9375,0.0,0.046875
8,9,0.0,0.0,0.0,0.0,0.0,0.0,0.0,0.0,0.015625,0.9375,0.0,0.046875
8,9,0.0,0.0,0.0,0.0,0.0,0.0,0.0,0.0,0.015625,0.9375,0.0,0.046875
8,9,0.0,0.0,0.0,0.0,0.0,0.0,0.0,0.0,0.015625,0.9375,0.0,0.046875
8,9,0.0,0.0,0.0,0.0,0.0,0.0,0.0,0.0,0.015625,0.9375,0.0,0.046875
8,9,0.0,0.0,0.0,0.0,0.0,0.0,0.0,0.0,0.015625,0.9375,0.0,0.046875
8,9,0.0,0.0,0.0,0.0,0.0,0.0,0.0,0.0,0.015625,0.9375,0.0,0.046875
8,9,0.0,0.0,0.0,0.0,0.0,0.0,0.0,0.0,0.015625,0.9375,0.0,0.046875
8,9,0.0,0.0,0.0,0.0,0.0,0.0,0.0,0.0,0.015625,0.9375,0.0,0.046875
8,9,0.0,0.0,0.0,0.0,0.0,0.0,0.0,0.0,0.015625,0.9375,0.0,0.046875
8,9,0.0,0.0,0.0,0.0,0.0,0.0,0.0,0.0,0.015625,0.9375,0.0,0.046875
8,9,0.0,0.0,0.0,0.0,0.0,0.0,0.0,0.0,0.015625,0.9375,0.0,0.046875
8,9,0.0,0.0,0.0,0.0,0.0,0.0,0.0,0.0,0.03125,0.921875,0.0,0.046875
8,9,0.0,0.0,0.0,0.0,0.0,0.0,0.0,0.0,0.03125,0.921875,0.0,0.046875
8,9,0.0,0.0,0.0,0.0,0.0,0.0,0.0,0.0,0.03125,0.921875,0.0,0.046875
8,9,0.0,0.0,0.0,0.0,0.0,0.0,0.0,0.0,0.03125,0.921875,0.0,0.046875
8,9,0.0,0.0,0.0,0.0,0.0,0.0,0.0,0.0,0.03125,0.921875,0.0,0.046875
8,9,0.0,0.0,0.0,0.0,0.0,0.0,0.0,0.0,0.03125,0.921875,0.0,0.046875
8,9,0.0,0.0,0.0,0.0,0.0,0.0,0.0,0.0,0.03125,0.921875,0.0,0.046875
8,9,0.0,0.0,0.0,0.0,0.0,0.0,0.0,0.0,0.03125,0.921875,0.0,0.046875
8,9,0.0,0.0,0.0,0.0,0.0,0.0,0.0,0.0,0.03125,0.921875,0.0,0.046875
8,9,0.0,0.0,0.0,0.0,0.0,0.0,0.0,0.0,0.03125,0.921875,0.0,0.046875
8,9,0.0,0.0,0.0,0.0,0.0,0.0,0.0,0.0,0.03125,0.921875,0.0,0.046875
8,9,0.0,0.0,0.0,0.0,0.0,0.0,0.0,0.0,0.03125,0.921875,0.0,0.046875
8,9,0.0,0.0,0.0,0.0,0.0,0.0,0.0,0.0,0.046875,0.90625,0.0,0.046875
8,9,0.0,0.0,0.0,0.0,0.0,0.0,0.0,0.0,0.046875,0.90625,0.0,0.046875
8,9,0.0,0.0,0.0,0.0,0.0,0.0,0.0,0.0,0.046875,0.90625,0.0,0.046875
8,9,0.0,0.0,0.0,0.0,0.0,0.0,0.0,0.0,0.046875,0.90625,0.0,0.046875
8,9,0.0,0.0,0.0,0.0,0.0,0.0,0.0,0.0,0.046875,0.90625,0.0,0.046875
8,9,0.0,0.0,0.0,0.0,0.0,0.0,0.0,0.0,0.046875,0.90625,0.0,0.046875
8,9,0.0,0.0,0.0,0.0,0.0,0.0,0.0,0.0,0.046875,0.90625,0.0,0.046875
8,9,0.0,0.0,0.0,0.0,0.0,0.0,0.0,0.0,0.046875,0.90625,0.0,0.046875
8,9,0.0,0.0,0.0,0.0,0.0,0.0,0.0,0.0,0.046875,0.90625,0.0,0.046875
8,9,0.0,0.0,0.0,0.0,0.0,0.0,0.0,0.0,0.046875,0.90625,0.0,0.046875
8,9,0.0,0.0,0.0,0.0,0.0,0.0,0.0,0.0,0.046875,0.90625,0.0,0.046875
8,9,0.0,0.0,0.0,0.0,0.0,0.0,0.0,0.0,0.046875,0.90625,0.0,0.046875
8,9,0.0,0.0,0.0,0.0,0.0,0.0,0.0,0.0,0.046875,0.90625,0.0,0.046875
8,9,0.0,0.0,0.0,0.0,0.0,0.0,0.0,0.0,0.046875,0.90625,0.0,0.046875
8,9,0.0,0.0,0.0,0.0,0.0,0.0,0.0,0.0,0.046875,0.90625,0.0,0.046875
8,9,0.0,0.0,0.0,0.0,0.0,0.0,0.0,0.0,0.046875,0.90625,0.0,0.046875
8,9,0.0,0.0,0.0,0.0,0.0,0.0,0.0,0.0,0.0625,0.890625,0.0,0.046875
8,9,0.0,0.0,0.0,0.0,0.0,0.0,0.0,0.0,0.0625,0.890625,0.0,0.046875
8,9,0.0,0.0,0.0,0.0,0.0,0.0,0.0,0.0,0.0625,0.890625,0.0,0.046875
8,9,0.0,0.0,0.0,0.0,0.0,0.0,0.0,0.0,0.0625,0.890625,0.0,0.046875
8,9,0.0,0.0,0.0,0.0,0.0,0.0,0.0,0.0,0.0625,0.890625,0.0,0.046875
8,9,0.0,0.0,0.0,0.0,0.0,0.0,0.0,0.0,0.0625,0.890625,0.0,0.046875
8,9,0.0,0.0,0.0,0.0,0.0,0.0,0.0,0.0,0.0625,0.890625,0.0,0.046875
8,9,0.0,0.0,0.0,0.0,0.0,0.0,0.0,0.0,0.046875,0.90625,0.0,0.046875
8,9,0.0,0.0,0.0,0.0,0.0,0.0,0.0,0.0,0.046875,0.90625,0.0,0.046875
8,9,0.0,0.0,0.0,0.0,0.0,0.0,0.0,0.0,0.046875,0.90625,0.0,0.046875
8,9,0.0,0.0,0.0,0.0,0.0,0.0,0.0,0.0,0.046875,0.90625,0.0,0.046875
8,9,0.0,0.0,0.0,0.0,0.0,0.0,0.0,0.0,0.046875,0.90625,0.0,0.046875
8,9,0.0,0.0,0.0,0.0,0.0,0.0,0.0,0.0,0.046875,0.90625,0.0,0.046875
8,9,0.0,0.0,0.0,0.0,0.0,0.0,0.0,0.0,0.046875,0.90625,0.0,0.046875
8,9,0.0,0.0,0.0,0.0,0.0,0.0,0.0,0.0,0.046875,0.90625,0.0,0.046875
8,9,0.0,0.0,0.0,0.0,0.0,0.0,0.0,0.0,0.046875,0.90625,0.0,0.046875
8,9,0.0,0.0,0.0,0.0,0.0,0.0,0.0,0.0,0.0625,0.890625,0.0,0.046875
8,9,0.0,0.0,0.0,0.0,0.0,0.0,0.0,0.0,0.0625,0.890625,0.0,0.046875
8,9,0.0,0.0,0.0,0.0,0.0,0.0,0.0,0.0,0.0625,0.890625,0.0,0.046875
8,9,0.0,0.0,0.0,0.0,0.0,0.0,0.0,0.0,0.0625,0.890625,0.0,0.046875
8,9,0.0,0.0,0.0,0.0,0.0,0.0,0.0,0.0,0.0625,0.890625,0.0,0.046875
8,9,0.0,0.0,0.0,0.0,0.0,0.0,0.0,0.0,0.0625,0.890625,0.0,0.046875
8,9,0.0,0.0,0.0,0.0,0.0,0.0,0.0,0.0,0.0625,0.890625,0.0,0.046875
8,9,0.0,0.0,0.0,0.0,0.0,0.0,0.0,0.0,0.0625,0.890625,0.0,0.046875
8,9,0.0,0.0,0.0,0.0,0.0,0.0,0.0,0.0,0.0625,0.890625,0.0,0.046875
8,9,0.0,0.0,0.0,0.0,0.0,0.0,0.0,0.0,0.0625,0.890625,0.0,0.046875
8,9,0.0,0.0,0.0,0.0,0.0,0.0,0.0,0.0,0.046875,0.890625,0.0,0.0625
8,9,0.0,0.0,0.0,0.0,0.0,0.0,0.0,0.0,0.046875,0.890625,0.0,0.0625
8,9,0.0,0.0,0.0,0.0,0.0,0.0,0.0,0.0,0.0625,0.875,0.0,0.0625
8,9,0.0,0.0,0.0,0.0,0.0,0.0,0.0,0.0,0.0625,0.875,0.0,0.0625
8,9,0.0,0.0,0.0,0.0,0.0,0.0,0.0,0.0,0.0625,0.875,0.0,0.0625
8,9,0.0,0.0,0.0,0.0,0.0,0.0,0.0,0.0,0.0625,0.875,0.0,0.0625
8,9,0.0,0.0,0.0,0.0,0.0,0.0,0.0,0.0,0.0625,0.875,0.0,0.0625
8,9,0.0,0.0,0.0,0.0,0.0,0.0,0.0,0.0,0.0625,0.875,0.0,0.0625
8,9,0.0,0.0,0.0,0.0,0.0,0.0,0.0,0.0,0.0625,0.875,0.0,0.0625
8,9,0.0,0.0,0.0,0.0,0.0,0.0,0.0,0.0,0.0625,0.875,0.0,0.0625
8,9,0.0,0.0,0.0,0.0,0.0,0.0,0.0,0.0,0.0625,0.875,0.0,0.0625
8,9,0.0,0.0,0.0,0.0,0.0,0.0,0.0,0.0,0.0625,0.875,0.0,0.0625
8,9,0.0,0.0,0.0,0.0,0.0,0.0,0.0,0.0,0.0625,0.875,0.0,0.0625
8,9,0.0,0.0,0.0,0.0,0.0,0.0,0.0,0.0,0.0625,0.875,0.0,0.0625
8,9,0.0,0.0,0.0,0.0,0.0,0.0,0.0,0.0,0.0625,0.90625,0.0,0.03125
8,9,0.0,0.0,0.0,0.0,0.0,0.0,0.0,0.0,0.0625,0.90625,0.0,0.03125
8,9,0.0,0.0,0.0,0.0,0.0,0.0,0.0,0.0,0.0625,0.90625,0.0,0.03125
8,9,0.0,0.0,0.0,0.0,0.0,0.0,0.0,0.0,0.0625,0.90625,0.0,0.03125
8,9,0.0,0.0,0.0,0.0,0.0,0.0,0.0,0.0,0.0625,0.90625,0.0,0.03125
8,9,0.0,0.0,0.0,0.0,0.0,0.0,0.0,0.0,0.0625,0.90625,0.0,0.03125
8,9,0.0,0.0,0.0,0.0,0.0,0.0,0.0,0.0,0.0625,0.90625,0.0,0.03125
8,9,0.0,0.0,0.0,0.0,0.0,0.0,0.0,0.0,0.0625,0.90625,0.0,0.03125
8,9,0.0,0.0,0.0,0.0,0.0,0.0,0.0,0.0,0.0625,0.90625,0.0,0.03125
8,9,0.0,0.0,0.0,0.0,0.0,0.0,0.0,0.0,0.0625,0.90625,0.0,0.03125
8,9,0.0,0.0,0.0,0.0,0.0,0.0,0.0,0.0,0.0625,0.90625,0.0,0.03125
8,9,0.0,0.0,0.0,0.0,0.0,0.0,0.0,0.0,0.0625,0.90625,0.0,0.03125
8,9,0.0,0.0,0.0,0.0,0.0,0.0,0.0,0.0,0.046875,0.921875,0.0,0.03125
8,9,0.0,0.0,0.0,0.0,0.0,0.0,0.0,0.0,0.046875,0.921875,0.0,0.03125
8,9,0.0,0.0,0.0,0.0,0.0,0.0,0.0,0.0,0.046875,0.921875,0.0,0.03125
8,9,0.0,0.0,0.0,0.0,0.0,0.0,0.0,0.0,0.046875,0.921875,0.0,0.03125
8,9,0.0,0.0,0.0,0.0,0.0,0.0,0.0,0.0,0.046875,0.921875,0.0,0.03125
8,9,0.0,0.0,0.0,0.0,0.0,0.0,0.0,0.0,0.046875,0.921875,0.0,0.03125
8,9,0.0,0.0,0.0,0.0,0.0,0.0,0.0,0.0,0.046875,0.921875,0.0,0.03125
8,9,0.0,0.0,0.0,0.0,0.0,0.0,0.0,0.0,0.046875,0.921875,0.0,0.03125
8,9,0.0,0.0,0.0,0.0,0.0,0.0,0.0,0.0,0.046875,0.921875,0.0,0.03125
8,9,0.0,0.0,0.0,0.0,0.0,0.0,0.0,0.0,0.046875,0.921875,0.0,0.03125
8,9,0.0,0.0,0.0,0.0,0.0,0.0,0.0,0.0,0.046875,0.921875,0.0,0.03125
8,9,0.0,0.0,0.0,0.0,0.0,0.0,0.0,0.0,0.046875,0.921875,0.0,0.03125
8,9,0.0,0.0,0.0,0.0,0.0,0.0,0.0,0.0,0.046875,0.921875,0.0,0.03125
8,9,0.0,0.0,0.0,0.0,0.0,0.0,0.0,0.0,0.046875,0.921875,0.0,0.03125
8,9,0.0,0.0,0.0,0.0,0.0,0.0,0.0,0.0,0.046875,0.921875,0.0,0.03125
8,9,0.0,0.0,0.0,0.0,0.0,0.0,0.0,0.0,0.046875,0.921875,0.0,0.03125
8,9,0.0,0.0,0.0,0.0,0.0,0.0,0.0,0.0,0.046875,0.921875,0.0,0.03125
8,9,0.0,0.0,0.0,0.0,0.0,0.0,0.0,0.0,0.046875,0.921875,0.0,0.03125
8,9,0.0,0.0,0.0,0.0,0.0,0.0,0.0,0.0,0.046875,0.9375,0.0,0.015625
8,9,0.0,0.0,0.0,0.0,0.0,0.0,0.0,0.0,0.046875,0.9375,0.0,0.015625
8,9,0.0,0.0,0.0,0.0,0.0,0.0,0.0,0.0,0.046875,0.9375,0.0,0.015625
8,9,0.0,0.0,0.0,0.0,0.0,0.0,0.0,0.0,0.046875,0.9375,0.0,0.015625
8,9,0.0,0.0,0.0,0.0,0.0,0.0,0.0,0.0,0.046875,0.9375,0.0,0.015625
8,9,0.0,0.0,0.0,0.0,0.0,0.0,0.0,0.0,0.046875,0.9375,0.0,0.015625
8,9,0.0,0.0,0.0,0.0,0.0,0.0,0.0,0.0,0.046875,0.9375,0.0,0.015625
8,9,0.0,0.0,0.0,0.0,0.0,0.0,0.0,0.0,0.046875,0.9375,0.0,0.015625
8,9,0.0,0.0,0.0,0.0,0.0,0.0,0.0,0.0,0.046875,0.9375,0.0,0.015625
8,9,0.0,0.0,0.0,0.0,0.0,0.0,0.0,0.0,0.046875,0.9375,0.0,0.015625
8,9,0.0,0.0,0.0,0.0,0.0,0.0,0.0,0.0,0.046875,0.9375,0.0,0.015625
8,9,0.0,0.0,0.0,0.0,0.0,0.0,0.0,0.0,0.046875,0.9375,0.0,0.015625
8,9,0.0,0.0,0.0,0.0,0.0,0.0,0.0,0.0,0.03125,0.96875,0.0,0.0
8,9,0.0,0.0,0.0,0.0,0.0,0.0,0.0,0.0,0.03125,0.96875,0.0,0.0
8,9,0.0,0.0,0.0,0.0,0.0,0.0,0.0,0.0,0.015625,0.984375,0.0,0.0
8,9,0.0,0.0,0.0,0.0,0.0,0.0,0.0,0.0,0.015625,0.984375,0.0,0.0
8,9,0.0,0.0,0.0,0.0,0.0,0.0,0.0,0.0,0.015625,0.984375,0.0,0.0
8,9,0.0,0.0,0.0,0.0,0.0,0.0,0.0,0.0,0.015625,0.984375,0.0,0.0
8,9,0.0,0.0,0.0,0.0,0.0,0.0,0.0,0.0,0.015625,0.984375,0.0,0.0
8,9,0.0,0.0,0.0,0.0,0.0,0.0,0.0,0.0,0.015625,0.984375,0.0,0.0
8,9,0.0,0.0,0.0,0.0,0.0,0.0,0.0,0.0,0.015625,0.984375,0.0,0.0
8,9,0.0,0.0,0.0,0.0,0.0,0.0,0.0,0.0,0.015625,0.984375,0.0,0.0
8,9,0.0,0.0,0.0,0.0,0.0,0.0,0.0,0.0,0.015625,0.984375,0.0,0.0
8,9,0.0,0.0,0.0,0.0,0.0,0.0,0.0,0.0,0.015625,0.984375,0.0,0.0
8,9,0.0,0.0,0.0,0.0,0.0,0.0,0.0,0.0,0.015625,0.984375,0.0,0.0
8,9,0.0,0.0,0.0,0.0,0.0,0.0,0.0,0.0,0.015625,0.984375,0.0,0.0
8,9,0.0,0.0,0.0,0.0,0.0,0.0,0.0,0.0,0.015625,0.984375,0.0,0.0
8,9,0.0,0.0,0.0,0.0,0.0,0.0,0.0,0.0,0.015625,0.984375,0.0,0.0
8,9,0.0,0.0,0.0,0.0,0.0,0.0,0.0,0.0,0.015625,0.984375,0.0,0.0
8,9,0.0,0.0,0.0,0.0,0.0,0.0,0.0,0.0,0.015625,0.984375,0.0,0.0
8,9,0.0,0.0,0.0,0.0,0.0,0.0,0.0,0.0,0.03125,0.96875,0.0,0.0
8,9,0.0,0.0,0.0,0.0,0.0,0.0,0.0,0.0,0.03125,0.96875,0.0,0.0
8,9,0.0,0.0,0.0,0.0,0.0,0.0,0.0,0.0,0.03125,0.96875,0.0,0.0
8,9,0.0,0.0,0.0,0.0,0.0,0.0,0.0,0.0,0.03125,0.96875,0.0,0.0
8,9,0.0,0.0,0.0,0.0,0.0,0.0,0.0,0.0,0.03125,0.96875,0.0,0.0
8,9,0.0,0.0,0.0,0.0,0.0,0.0,0.0,0.0,0.03125,0.96875,0.0,0.0
8,9,0.0,0.0,0.0,0.0,0.0,0.0,0.0,0.0,0.03125,0.96875,0.0,0.0
8,9,0.0,0.0,0.0,0.0,0.0,0.0,0.0,0.0,0.03125,0.96875,0.0,0.0
8,9,0.0,0.0,0.0,0.0,0.0,0.0,0.0,0.0,0.03125,0.96875,0.0,0.0
8,9,0.0,0.0,0.0,0.0,0.0,0.0,0.0,0.0,0.03125,0.96875,0.0,0.0
8,9,0.0,0.0,0.0,0.0,0.0,0.0,0.0,0.0,0.03125,0.96875,0.0,0.0
8,9,0.0,0.0,0.0,0.0,0.0,0.0,0.0,0.0,0.03125,0.96875,0.0,0.0
8,9,0.0,0.0,0.0,0.0,0.0,0.0,0.0,0.0,0.03125,0.96875,0.0,0.0
8,9,0.0,0.0,0.0,0.0,0.0,0.0,0.0,0.0,0.03125,0.96875,0.0,0.0
8,9,0.0,0.0,0.0,0.0,0.0,0.0,0.0,0.0,0.03125,0.96875,0.0,0.0
8,9,0.0,0.0,0.0,0.0,0.0,0.0,0.0,0.0,0.03125,0.96875,0.0,0.0
8,9,0.0,0.0,0.0,0.0,0.0,0.0,0.0,0.0,0.03125,0.96875,0.0,0.0
8,9,0.0,0.0,0.0,0.0,0.0,0.0,0.0,0.0,0.03125,0.96875,0.0,0.0
8,9,0.0,0.0,0.0,0.0,0.0,0.0,0.0,0.0,0.03125,0.96875,0.0,0.0
8,9,0.0,0.0,0.0,0.0,0.0,0.0,0.0,0.0,0.03125,0.96875,0.0,0.0
8,9,0.0,0.0,0.0,0.0,0.0,0.0,0.0,0.0,0.03125,0.96875,0.0,0.0
8,9,0.0,0.0,0.0,0.0,0.0,0.0,0.0,0.0,0.03125,0.96875,0.0,0.0
8,9,0.0,0.0,0.0,0.0,0.0,0.0,0.0,0.0,0.03125,0.96875,0.0,0.0
8,9,0.0,0.0,0.0,0.0,0.0,0.0,0.0,0.0,0.03125,0.96875,0.0,0.0
8,9,0.0,0.0,0.0,0.0,0.0,0.0,0.0,0.0,0.0,1.0,0.0,0.0
8,9,0.0,0.0,0.0,0.0,0.0,0.0,0.0,0.0,0.0,1.0,0.0,0.0
8,9,0.0,0.0,0.0,0.0,0.0,0.0,0.0,0.0,0.0,1.0,0.0,0.0
8,9,0.0,0.0,0.0,0.0,0.0,0.0,0.0,0.0,0.0,1.0,0.0,0.0
8,9,0.0,0.0,0.0,0.0,0.0,0.0,0.0,0.0,0.0,1.0,0.0,0.0
8,9,0.0,0.0,0.0,0.0,0.0,0.0,0.0,0.0,0.0,1.0,0.0,0.0
8,9,0.0,0.0,0.0,0.0,0.0,0.0,0.0,0.0,0.0,1.0,0.0,0.0
8,9,0.0,0.0,0.0,0.0,0.0,0.0,0.0,0.0,0.0,1.0,0.0,0.0
8,9,0.0,0.0,0.0,0.0,0.0,0.0,0.0,0.0,0.0,1.0,0.0,0.0
8,9,0.0,0.0,0.0,0.0,0.0,0.0,0.0,0.0,0.0,1.0,0.0,0.0
8,9,0.0,0.0,0.0,0.0,0.0,0.0,0.0,0.0,0.0,1.0,0.0,0.0
8,9,0.0,0.0,0.0,0.0,0.0,0.0,0.0,0.0,0.0,1.0,0.0,0.0
8,9,0.0,0.0,0.0,0.0,0.0,0.0,0.0,0.0,0.0,1.0,0.0,0.0
8,9,0.0,0.0,0.0,0.0,0.0,0.0,0.0,0.0,0.0,1.0,0.0,0.0
8,9,0.0,0.0,0.0,0.0,0.0,0.0,0.0,0.0,0.0,1.0,0.0,0.0
8,9,0.0,0.0,0.0,0.0,0.0,0.0,0.0,0.0,0.0,1.0,0.0,0.0
8,9,0.0,0.0,0.0,0.0,0.0,0.0,0.0,0.0,0.0,1.0,0.0,0.0
8,9,0.0,0.0,0.0,0.0,0.0,0.0,0.0,0.0,0.0,1.0,0.0,0.0
8,9,0.0,0.0,0.0,0.0,0.0,0.0,0.0,0.0,0.0,1.0,0.0,0.0
8,9,0.0,0.0,0.0,0.0,0.0,0.0,0.0,0.0,0.0,1.0,0.0,0.0
8,9,0.0,0.0,0.0,0.0,0.0,0.0,0.0,0.0,0.0,1.0,0.0,0.0
8,9,0.0,0.0,0.0,0.0,0.0,0.0,0.0,0.0,0.0,1.0,0.0,0.0
8,9,0.0,0.0,0.0,0.0,0.0,0.0,0.0,0.0,0.0,1.0,0.0,0.0
8,9,0.0,0.0,0.0,0.0,0.0,0.0,0.0,0.0,0.0,1.0,0.0,0.0
8,9,0.0,0.0,0.0,0.0,0.0,0.0,0.0,0.0,0.0,1.0,0.0,0.0
8,9,0.0,0.0,0.0,0.0,0.0,0.0,0.0,0.0,0.0,1.0,0.0,0.0
8,9,0.0,0.0,0.0,0.0,0.0,0.0,0.0,0.0,0.0,1.0,0.0,0.0
8,9,0.0,0.0,0.0,0.0,0.0,0.0,0.0,0.0,0.0,1.0,0.0,0.0
8,9,0.0,0.0,0.0,0.0,0.0,0.0,0.0,0.0,0.0,1.0,0.0,0.0
8,9,0.0,0.0,0.0,0.0,0.0,0.0,0.0,0.0,0.0,1.0,0.0,0.0
8,9,0.0,0.0,0.0,0.0,0.0,0.0,0.0,0.0,0.0,1.0,0.0,0.0
8,9,0.0,0.0,0.0,0.0,0.0,0.0,0.0,0.0,0.0,1.0,0.0,0.0
8,9,0.0,0.0,0.0,0.0,0.0,0.0,0.0,0.0,0.0,1.0,0.0,0.0
8,9,0.0,0.0,0.0,0.0,0.0,0.0,0.0,0.0,0.0,1.0,0.0,0.0
8,9,0.0,0.0,0.0,0.0,0.0,0.0,0.0,0.0,0.0,1.0,0.0,0.0
8,9,0.0,0.0,0.0,0.0,0.0,0.0,0.0,0.0,0.0,1.0,0.0,0.0
8,9,0.0,0.0,0.0,0.0,0.0,0.0,0.0,0.0,0.0,1.0,0.0,0.0
8,9,0.0,0.0,0.0,0.0,0.0,0.0,0.0,0.0,0.0,1.0,0.0,0.0
8,9,0.0,0.0,0.0,0.0,0.0,0.0,0.0,0.0,0.0,1.0,0.0,0.0
8,9,0.0,0.0,0.0,0.0,0.0,0.0,0.0,0.0,0.0,1.0,0.0,0.0
8,9,0.0,0.0,0.0,0.0,0.0,0.0,0.0,0.0,0.0,1.0,0.0,0.0
8,9,0.0,0.0,0.0,0.0,0.0,0.0,0.0,0.0,0.0,1.0,0.0,0.0
8,9,0.0,0.0,0.0,0.0,0.0,0.0,0.0,0.0,0.0,1.0,0.0,0.0
8,9,0.0,0.0,0.0,0.0,0.0,0.0,0.0,0.0,0.0,1.0,0.0,0.0
8,9,0.0,0.0,0.0,0.0,0.0,0.0,0.0,0.0,0.0,1.0,0.0,0.0
8,9,0.0,0.0,0.0,0.0,0.0,0.0,0.0,0.0,0.0,1.0,0.0,0.0
8,9,0.0,0.0,0.0,0.0,0.0,0.0,0.0,0.0,0.0,1.0,0.0,0.0
8,9,0.0,0.0,0.0,0.0,0.0,0.0,0.0,0.0,0.0,1.0,0.0,0.0
8,9,0.0,0.0,0.0,0.0,0.0,0.0,0.0,0.0,0.0,1.0,0.0,0.0
8,9,0.0,0.0,0.0,0.0,0.0,0.0,0.0,0.0,0.0,1.0,0.0,0.0
8,9,0.0,0.0,0.0,0.0,0.0,0.0,0.0,0.0,0.0,1.0,0.0,0.0
8,9,0.0,0.0,0.0,0.0,0.0,0.0,0.0,0.0,0.0,1.0,0.0,0.0
8,9,0.0,0.0,0.0,0.0,0.0,0.0,0.0,0.0,0.0,1.0,0.0,0.0
8,9,0.0,0.0,0.0,0.0,0.0,0.0,0.0,0.0,0.0,1.0,0.0,0.0
8,9,0.0,0.0,0.0,0.0,0.0,0.0,0.0,0.0,0.0,1.0,0.0,0.0
8,9,0.0,0.0,0.0,0.0,0.0,0.0,0.0,0.0,0.0,1.0,0.0,0.0
8,9,0.0,0.0,0.0,0.0,0.0,0.0,0.0,0.0,0.0,1.0,0.0,0.0
8,9,0.0,0.0,0.0,0.0,0.0,0.0,0.0,0.0,0.0,1.0,0.0,0.0
8,9,0.0,0.0,0.0,0.0,0.0,0.0,0.0,0.0,0.0,1.0,0.0,0.0
8,9,0.0,0.0,0.0,0.0,0.0,0.0,0.0,0.0,0.0,1.0,0.0,0.0
8,9,0.0,0.0,0.0,0.0,0.0,0.0,0.0,0.0,0.0,1.0,0.0,0.0
8,9,0.0,0.0,0.0,0.0,0.0,0.0,0.0,0.0,0.0,1.0,0.0,0.0
8,9,0.0,0.0,0.0,0.0,0.0,0.0,0.0,0.0,0.0,1.0,0.0,0.0
8,9,0.0,0.0,0.0,0.0,0.0,0.0,0.0,0.0,0.0,1.0,0.0,0.0
8,9,0.0,0.0,0.0,0.0,0.0,0.0,0.0,0.0,0.0,1.0,0.0,0.0
8,9,0.0,0.0,0.0,0.0,0.0,0.0,0.0,0.0,0.0,1.0,0.0,0.0
8,9,0.0,0.0,0.0,0.0,0.0,0.0,0.0,0.0,0.0,1.0,0.0,0.0
8,9,0.0,0.0,0.0,0.0,0.0,0.0,0.0,0.0,0.0,1.0,0.0,0.0
8,9,0.0,0.0,0.0,0.0,0.0,0.0,0.0,0.0,0.0,1.0,0.0,0.0
8,9,0.0,0.0,0.0,0.0,0.0,0.0,0.0,0.0,0.0,1.0,0.0,0.0
8,9,0.0,0.0,0.0,0.0,0.0,0.0,0.0,0.0,0.0,1.0,0.0,0.0
8,9,0.0,0.0,0.0,0.0,0.0,0.0,0.0,0.0,0.0,1.0,0.0,0.0
8,9,0.0,0.0,0.0,0.0,0.0,0.0,0.0,0.0,0.0,1.0,0.0,0.0
8,9,0.0,0.0,0.0,0.0,0.0,0.0,0.0,0.0,0.0,1.0,0.0,0.0
8,9,0.0,0.0,0.0,0.0,0.0,0.0,0.0,0.0,0.0,1.0,0.0,0.0
8,9,0.0,0.0,0.0,0.0,0.0,0.0,0.0,0.0,0.0,1.0,0.0,0.0
8,9,0.0,0.0,0.0,0.0,0.0,0.0,0.0,0.0,0.0,1.0,0.0,0.0
8,9,0.0,0.0,0.0,0.0,0.0,0.0,0.0,0.0,0.0,1.0,0.0,0.0
8,9,0.0,0.0,0.0,0.0,0.0,0.0,0.0,0.0,0.0,1.0,0.0,0.0
8,9,0.0,0.0,0.0,0.0,0.0,0.0,0.0,0.0,0.0,1.0,0.0,0.0
8,9,0.0,0.0,0.0,0.0,0.0,0.0,0.0,0.0,0.0,1.0,0.0,0.0
8,9,0.0,0.0,0.0,0.0,0.0,0.0,0.0,0.0,0.0,1.0,0.0,0.0
8,9,0.0,0.0,0.0,0.0,0.0,0.0,0.0,0.0,0.0,1.0,0.0,0.0
8,9,0.0,0.0,0.0,0.0,0.0,0.0,0.0,0.0,0.0,1.0,0.0,0.0
8,9,0.0,0.0,0.0,0.0,0.0,0.0,0.0,0.0,0.0,1.0,0.0,0.0
8,9,0.0,0.0,0.0,0.0,0.0,0.0,0.0,0.0,0.0,1.0,0.0,0.0
8,9,0.0,0.0,0.0,0.0,0.0,0.0,0.0,0.0,0.0,1.0,0.0,0.0
8,9,0.0,0.0,0.0,0.0,0.0,0.0,0.0,0.0,0.0,1.0,0.0,0.0
8,9,0.0,0.0,0.0,0.0,0.0,0.0,0.0,0.0,0.0,1.0,0.0,0.0
8,9,0.0,0.0,0.0,0.0,0.0,0.0,0.0,0.0,0.0,1.0,0.0,0.0
8,9,0.0,0.0,0.0,0.0,0.0,0.0,0.0,0.0,0.0,1.0,0.0,0.0
8,9,0.0,0.0,0.0,0.0,0.0,0.0,0.0,0.0,0.0,1.0,0.0,0.0
8,9,0.0,0.0,0.0,0.0,0.0,0.0,0.0,0.0,0.0,1.0,0.0,0.0
8,9,0.0,0.0,0.0,0.0,0.0,0.0,0.0,0.0,0.0,1.0,0.0,0.0
8,9,0.0,0.0,0.0,0.0,0.0,0.0,0.0,0.0,0.0,1.0,0.0,0.0
8,9,0.0,0.0,0.0,0.0,0.0,0.0,0.0,0.0,0.0,1.0,0.0,0.0
8,9,0.0,0.0,0.0,0.0,0.0,0.0,0.0,0.0,0.0,1.0,0.0,0.0
8,9,0.0,0.0,0.0,0.0,0.0,0.0,0.0,0.0,0.0,1.0,0.0,0.0
8,9,0.0,0.0,0.0,0.0,0.0,0.0,0.0,0.0,0.0,1.0,0.0,0.0
8,9,0.0,0.0,0.0,0.0,0.0,0.0,0.0,0.0,0.0,1.0,0.0,0.0
8,9,0.0,0.0,0.0,0.0,0.0,0.0,0.0,0.0,0.0,1.0,0.0,0.0
8,9,0.0,0.0,0.0,0.0,0.0,0.0,0.0,0.0,0.0,1.0,0.0,0.0
8,9,0.0,0.0,0.0,0.0,0.0,0.0,0.0,0.0,0.0,1.0,0.0,0.0
8,9,0.0,0.0,0.0,0.0,0.0,0.0,0.0,0.0,0.0,1.0,0.0,0.0
8,9,0.0,0.0,0.0,0.0,0.0,0.0,0.0,0.0,0.0,1.0,0.0,0.0
8,9,0.0,0.0,0.0,0.0,0.0,0.0,0.0,0.0,0.0,1.0,0.0,0.0
8,9,0.0,0.0,0.0,0.0,0.0,0.0,0.0,0.0,0.0,1.0,0.0,0.0
8,9,0.0,0.0,0.0,0.0,0.0,0.0,0.0,0.0,0.0,1.0,0.0,0.0
8,9,0.0,0.0,0.0,0.0,0.0,0.0,0.0,0.0,0.0,1.0,0.0,0.0
8,9,0.0,0.0,0.0,0.0,0.0,0.0,0.0,0.0,0.0,1.0,0.0,0.0
8,9,0.0,0.0,0.0,0.0,0.0,0.0,0.0,0.0,0.0,1.0,0.0,0.0
8,9,0.0,0.0,0.0,0.0,0.0,0.0,0.0,0.0,0.0,1.0,0.0,0.0
8,9,0.0,0.0,0.0,0.0,0.0,0.0,0.0,0.0,0.0,1.0,0.0,0.0
8,9,0.0,0.0,0.0,0.0,0.0,0.0,0.0,0.0,0.0,1.0,0.0,0.0
8,9,0.0,0.0,0.0,0.0,0.0,0.0,0.0,0.0,0.0,1.0,0.0,0.0
8,9,0.0,0.0,0.0,0.0,0.0,0.0,0.0,0.0,0.0,1.0,0.0,0.0
8,9,0.0,0.0,0.0,0.0,0.0,0.0,0.0,0.0,0.0,1.0,0.0,0.0
8,9,0.0,0.0,0.0,0.0,0.0,0.0,0.0,0.0,0.0,1.0,0.0,0.0
8,9,0.0,0.0,0.0,0.0,0.0,0.0,0.0,0.0,0.0,1.0,0.0,0.0
8,9,0.0,0.0,0.0,0.0,0.0,0.0,0.0,0.0,0.0,1.0,0.0,0.0
8,9,0.0,0.0,0.0,0.0,0.0,0.0,0.0,0.0,0.0,1.0,0.0,0.0
8,9,0.0,0.0,0.0,0.0,0.0,0.0,0.0,0.0,0.0,1.0,0.0,0.0
8,9,0.0,0.0,0.0,0.0,0.0,0.0,0.0,0.0,0.0,1.0,0.0,0.0
8,9,0.0,0.0,0.0,0.0,0.0,0.0,0.0,0.0,0.0,1.0,0.0,0.0
8,9,0.0,0.0,0.0,0.0,0.0,0.0,0.0,0.0,0.0,1.0,0.0,0.0
8,9,0.0,0.0,0.0,0.0,0.0,0.0,0.0,0.0,0.0,1.0,0.0,0.0
8,9,0.0,0.0,0.0,0.0,0.0,0.0,0.0,0.0,0.0,1.0,0.0,0.0
8,9,0.0,0.0,0.0,0.0,0.0,0.0,0.0,0.0,0.0,1.0,0.0,0.0
8,9,0.0,0.0,0.0,0.0,0.0,0.0,0.0,0.0,0.0,1.0,0.0,0.0
8,9,0.0,0.0,0.0,0.0,0.0,0.0,0.0,0.0,0.0,1.0,0.0,0.0
8,9,0.0,0.0,0.0,0.0,0.0,0.0,0.0,0.0,0.0,1.0,0.0,0.0
8,9,0.0,0.0,0.0,0.0,0.0,0.0,0.0,0.0,0.0,1.0,0.0,0.0
8,9,0.0,0.0,0.0,0.0,0.0,0.0,0.0,0.0,0.0,1.0,0.0,0.0
8,9,0.0,0.0,0.0,0.0,0.0,0.0,0.0,0.0,0.0,1.0,0.0,0.0
8,9,0.0,0.0,0.0,0.0,0.0,0.0,0.0,0.0,0.0,1.0,0.0,0.0
8,9,0.0,0.0,0.0,0.0,0.0,0.0,0.0,0.0,0.0,1.0,0.0,0.0
8,9,0.0,0.0,0.0,0.0,0.0,0.0,0.0,0.0,0.0,1.0,0.0,0.0
8,9,0.0,0.0,0.0,0.0,0.0,0.0,0.0,0.0,0.0,1.0,0.0,0.0
8,9,0.0,0.0,0.0,0.0,0.0,0.0,0.0,0.0,0.0,1.0,0.0,0.0
8,9,0.0,0.0,0.0,0.0,0.0,0.0,0.0,0.0,0.0,1.0,0.0,0.0
8,9,0.0,0.0,0.0,0.0,0.0,0.0,0.0,0.0,0.0,1.0,0.0,0.0
8,9,0.0,0.0,0.0,0.0,0.0,0.0,0.0,0.0,0.0,1.0,0.0,0.0
8,9,0.0,0.0,0.0,0.0,0.0,0.0,0.0,0.0,0.0,1.0,0.0,0.0
8,9,0.0,0.0,0.0,0.0,0.0,0.0,0.0,0.0,0.0,1.0,0.0,0.0
8,9,0.0,0.0,0.0,0.0,0.0,0.0,0.0,0.0,0.0,1.0,0.0,0.0
8,9,0.0,0.0,0.0,0.0,0.0,0.0,0.0,0.0,0.0,1.0,0.0,0.0
8,9,0.0,0.0,0.0,0.0,0.0,0.0,0.0,0.0,0.0,1.0,0.0,0.0
8,9,0.0,0.0,0.0,0.0,0.0,0.0,0.0,0.0,0.0,1.0,0.0,0.0
8,9,0.0,0.0,0.0,0.0,0.0,0.0,0.0,0.0,0.0,1.0,0.0,0.0
8,9,0.0,0.0,0.0,0.0,0.0,0.0,0.0,0.0,0.0,1.0,0.0,0.0
8,9,0.0,0.0,0.0,0.0,0.0,0.0,0.0,0.0,0.0,1.0,0.0,0.0
8,9,0.0,0.0,0.0,0.0,0.0,0.0,0.0,0.0,0.0,1.0,0.0,0.0
8,9,0.0,0.0,0.0,0.0,0.0,0.0,0.0,0.0,0.0,1.0,0.0,0.0
8,9,0.0,0.0,0.0,0.0,0.0,0.0,0.0,0.0,0.0,1.0,0.0,0.0
8,9,0.0,0.0,0.0,0.0,0.0,0.0,0.0,0.0,0.0,1.0,0.0,0.0
8,9,0.0,0.0,0.0,0.0,0.0,0.0,0.0,0.0,0.0,1.0,0.0,0.0
8,9,0.0,0.0,0.0,0.0,0.0,0.0,0.0,0.0,0.0,1.0,0.0,0.0
8,9,0.0,0.0,0.0,0.0,0.0,0.0,0.0,0.0,0.0,1.0,0.0,0.0
8,9,0.0,0.0,0.0,0.0,0.0,0.0,0.0,0.0,0.0,1.0,0.0,0.0
8,9,0.0,0.0,0.0,0.0,0.0,0.0,0.0,0.0,0.0,1.0,0.0,0.0
8,9,0.0,0.0,0.0,0.0,0.0,0.0,0.0,0.0,0.0,1.0,0.0,0.0
8,9,0.0,0.0,0.0,0.0,0.0,0.0,0.0,0.0,0.0,1.0,0.0,0.0
8,9,0.0,0.0,0.0,0.0,0.0,0.0,0.0,0.0,0.0,1.0,0.0,0.0
8,9,0.0,0.0,0.0,0.0,0.0,0.0,0.0,0.0,0.0,1.0,0.0,0.0
8,9,0.0,0.0,0.0,0.0,0.0,0.0,0.0,0.0,0.0,1.0,0.0,0.0
8,9,0.0,0.0,0.0,0.0,0.0,0.0,0.0,0.0,0.0,1.0,0.0,0.0
8,9,0.0,0.0,0.0,0.0,0.0,0.0,0.0,0.0,0.0,1.0,0.0,0.0
8,9,0.0,0.0,0.0,0.0,0.0,0.0,0.0,0.0,0.0,1.0,0.0,0.0
8,9,0.0,0.0,0.0,0.0,0.0,0.0,0.0,0.0,0.0,1.0,0.0,0.0
8,9,0.0,0.0,0.0,0.0,0.0,0.0,0.0,0.0,0.0,1.0,0.0,0.0
8,9,0.0,0.0,0.0,0.0,0.0,0.0,0.0,0.0,0.0,1.0,0.0,0.0
8,9,0.0,0.0,0.0,0.0,0.0,0.0,0.0,0.0,0.0,1.0,0.0,0.0
8,9,0.0,0.0,0.0,0.0,0.0,0.0,0.0,0.0,0.0,1.0,0.0,0.0
8,9,0.0,0.0,0.0,0.0,0.0,0.0,0.0,0.0,0.0,1.0,0.0,0.0
8,9,0.0,0.0,0.0,0.0,0.0,0.0,0.0,0.0,0.0,1.0,0.0,0.0
8,9,0.0,0.0,0.0,0.0,0.0,0.0,0.0,0.0,0.0,1.0,0.0,0.0
8,9,0.0,0.0,0.0,0.0,0.0,0.0,0.0,0.0,0.0,1.0,0.0,0.0
8,9,0.0,0.0,0.0,0.0,0.0,0.0,0.0,0.0,0.0,1.0,0.0,0.0
8,9,0.0,0.0,0.0,0.0,0.0,0.0,0.0,0.0,0.0,1.0,0.0,0.0
8,9,0.0,0.0,0.0,0.0,0.0,0.0,0.0,0.0,0.0,1.0,0.0,0.0
8,9,0.0,0.0,0.0,0.0,0.0,0.0,0.0,0.0,0.0,1.0,0.0,0.0
8,9,0.0,0.0,0.0,0.0,0.0,0.0,0.0,0.0,0.0,1.0,0.0,0.0
8,9,0.0,0.0,0.0,0.0,0.0,0.0,0.0,0.0,0.0,1.0,0.0,0.0
8,9,0.0,0.0,0.0,0.0,0.0,0.0,0.0,0.0,0.0,1.0,0.0,0.0
8,9,0.0,0.0,0.0,0.0,0.0,0.0,0.0,0.0,0.0,1.0,0.0,0.0
8,9,0.0,0.0,0.0,0.0,0.0,0.0,0.0,0.0,0.0,1.0,0.0,0.0
8,9,0.0,0.0,0.0,0.0,0.0,0.0,0.0,0.0,0.0,1.0,0.0,0.0
8,9,0.0,0.0,0.0,0.0,0.0,0.0,0.0,0.0,0.0,1.0,0.0,0.0
8,9,0.0,0.0,0.0,0.0,0.0,0.0,0.0,0.0,0.0,1.0,0.0,0.0
8,9,0.0,0.0,0.0,0.0,0.0,0.0,0.0,0.0,0.0,1.0,0.0,0.0
8,9,0.0,0.0,0.0,0.0,0.0,0.0,0.0,0.0,0.0,1.0,0.0,0.0
8,9,0.0,0.0,0.0,0.0,0.0,0.0,0.0,0.0,0.0,1.0,0.0,0.0
8,9,0.0,0.0,0.0,0.0,0.0,0.0,0.0,0.0,0.0,1.0,0.0,0.0
8,9,0.0,0.0,0.0,0.0,0.0,0.0,0.0,0.0,0.0,1.0,0.0,0.0
8,9,0.0,0.0,0.0,0.0,0.0,0.0,0.0,0.0,0.0,1.0,0.0,0.0
8,9,0.0,0.0,0.0,0.0,0.0,0.0,0.0,0.0,0.0,1.0,0.0,0.0
8,9,0.0,0.0,0.0,0.0,0.0,0.0,0.0,0.0,0.0,1.0,0.0,0.0
8,9,0.0,0.0,0.0,0.0,0.0,0.0,0.0,0.0,0.0,1.0,0.0,0.0
8,9,0.0,0.0,0.0,0.0,0.0,0.0,0.0,0.0,0.0,1.0,0.0,0.0
8,9,0.0,0.0,0.0,0.0,0.0,0.0,0.0,0.0,0.0,1.0,0.0,0.0
8,9,0.0,0.0,0.0,0.0,0.0,0.0,0.0,0.0,0.0,1.0,0.0,0.0
8,9,0.0,0.0,0.0,0.0,0.0,0.0,0.0,0.0,0.0,1.0,0.0,0.0
8,9,0.0,0.0,0.0,0.0,0.0,0.0,0.0,0.0,0.0,1.0,0.0,0.0
8,9,0.0,0.0,0.0,0.0,0.0,0.0,0.0,0.0,0.0,1.0,0.0,0.0
8,9,0.0,0.0,0.0,0.0,0.0,0.0,0.0,0.0,0.0,1.0,0.0,0.0
8,9,0.0,0.0,0.0,0.0,0.0,0.0,0.0,0.0,0.0,1.0,0.0,0.0
8,9,0.0,0.0,0.0,0.0,0.0,0.0,0.0,0.0,0.0,1.0,0.0,0.0
8,9,0.0,0.0,0.0,0.0,0.0,0.0,0.0,0.0,0.0,1.0,0.0,0.0
8,9,0.0,0.0,0.0,0.0,0.0,0.0,0.0,0.0,0.0,1.0,0.0,0.0
8,9,0.0,0.0,0.0,0.0,0.0,0.0,0.0,0.0,0.0,1.0,0.0,0.0
8,9,0.0,0.0,0.0,0.0,0.0,0.0,0.0,0.0,0.0,1.0,0.0,0.0
8,9,0.0,0.0,0.0,0.0,0.0,0.0,0.0,0.0,0.0,1.0,0.0,0.0
8,9,0.0,0.0,0.0,0.0,0.0,0.0,0.0,0.0,0.0,1.0,0.0,0.0
8,9,0.0,0.0,0.0,0.0,0.0,0.0,0.0,0.0,0.0,1.0,0.0,0.0
8,9,0.0,0.0,0.0,0.0,0.0,0.0,0.0,0.0,0.0,1.0,0.0,0.0
8,9,0.0,0.0,0.0,0.0,0.0,0.0,0.0,0.0,0.0,1.0,0.0,0.0
8,9,0.0,0.0,0.0,0.0,0.0,0.0,0.0,0.0,0.0,1.0,0.0,0.0
8,9,0.0,0.0,0.0,0.0,0.0,0.0,0.0,0.0,0.0,1.0,0.0,0.0
8,9,0.0,0.0,0.0,0.0,0.0,0.0,0.0,0.0,0.0,1.0,0.0,0.0
8,9,0.0,0.0,0.0,0.0,0.0,0.0,0.0,0.0,0.0,1.0,0.0,0.0
8,9,0.0,0.0,0.0,0.0,0.0,0.0,0.0,0.0,0.0,1.0,0.0,0.0
8,9,0.0,0.0,0.0,0.0,0.0,0.0,0.0,0.0,0.0,1.0,0.0,0.0
8,9,0.0,0.0,0.0,0.0,0.0,0.0,0.0,0.0,0.0,1.0,0.0,0.0
8,9,0.0,0.0,0.0,0.0,0.0,0.0,0.0,0.0,0.0,1.0,0.0,0.0
8,9,0.0,0.0,0.0,0.0,0.0,0.0,0.0,0.0,0.0,1.0,0.0,0.0
8,9,0.0,0.0,0.0,0.0,0.0,0.0,0.0,0.0,0.0,1.0,0.0,0.0
8,9,0.0,0.0,0.0,0.0,0.0,0.0,0.0,0.0,0.0,1.0,0.0,0.0
8,9,0.0,0.0,0.0,0.0,0.0,0.0,0.0,0.0,0.0,1.0,0.0,0.0
8,9,0.0,0.0,0.0,0.0,0.0,0.0,0.0,0.0,0.0,1.0,0.0,0.0
8,9,0.0,0.0,0.0,0.0,0.0,0.0,0.0,0.0,0.0,1.0,0.0,0.0
8,9,0.0,0.0,0.0,0.0,0.0,0.0,0.0,0.0,0.0,1.0,0.0,0.0
8,9,0.0,0.0,0.0,0.0,0.0,0.0,0.0,0.0,0.0,1.0,0.0,0.0
8,9,0.0,0.0,0.0,0.0,0.0,0.0,0.0,0.0,0.0,1.0,0.0,0.0
8,9,0.0,0.0,0.0,0.0,0.0,0.0,0.0,0.0,0.0,1.0,0.0,0.0
8,9,0.0,0.0,0.0,0.0,0.0,0.0,0.0,0.0,0.0,1.0,0.0,0.0
8,9,0.0,0.0,0.0,0.0,0.0,0.0,0.0,0.0,0.0,1.0,0.0,0.0
8,9,0.0,0.0,0.0,0.0,0.0,0.0,0.0,0.0,0.0,1.0,0.0,0.0
8,9,0.0,0.0,0.0,0.0,0.0,0.0,0.0,0.0,0.0,1.0,0.0,0.0
8,9,0.0,0.0,0.0,0.0,0.0,0.0,0.0,0.0,0.0,1.0,0.0,0.0
8,9,0.0,0.0,0.0,0.0,0.0,0.0,0.0,0.0,0.0,1.0,0.0,0.0
8,9,0.0,0.0,0.0,0.0,0.0,0.0,0.0,0.0,0.0,1.0,0.0,0.0
8,9,0.0,0.0,0.0,0.0,0.0,0.0,0.0,0.0,0.0,1.0,0.0,0.0
8,9,0.0,0.0,0.0,0.0,0.0,0.0,0.0,0.0,0.0,1.0,0.0,0.0
8,9,0.0,0.0,0.0,0.0,0.0,0.0,0.0,0.0,0.0,1.0,0.0,0.0
8,9,0.0,0.0,0.0,0.0,0.0,0.0,0.0,0.0,0.0,1.0,0.0,0.0
8,9,0.0,0.0,0.0,0.0,0.0,0.0,0.0,0.0,0.0,1.0,0.0,0.0
8,9,0.0,0.0,0.0,0.0,0.0,0.0,0.0,0.0,0.0,1.0,0.0,0.0
8,9,0.0,0.0,0.0,0.0,0.0,0.0,0.0,0.0,0.0,1.0,0.0,0.0
8,9,0.0,0.0,0.0,0.0,0.0,0.0,0.0,0.0,0.0,1.0,0.0,0.0
8,9,0.0,0.0,0.0,0.0,0.0,0.0,0.0,0.0,0.0,1.0,0.0,0.0
8,9,0.0,0.0,0.0,0.0,0.0,0.0,0.0,0.0,0.0,1.0,0.0,0.0
8,9,0.0,0.0,0.0,0.0,0.0,0.0,0.0,0.0,0.0,1.0,0.0,0.0
8,9,0.0,0.0,0.0,0.0,0.0,0.0,0.0,0.0,0.0,1.0,0.0,0.0
8,9,0.0,0.0,0.0,0.0,0.0,0.0,0.0,0.0,0.0,1.0,0.0,0.0
8,9,0.0,0.0,0.0,0.0,0.0,0.0,0.0,0.0,0.0,1.0,0.0,0.0
8,9,0.0,0.0,0.0,0.0,0.0,0.0,0.0,0.0,0.0,1.0,0.0,0.0
8,9,0.0,0.0,0.0,0.0,0.0,0.0,0.0,0.0,0.0,1.0,0.0,0.0
8,9,0.0,0.0,0.0,0.0,0.0,0.0,0.0,0.0,0.0,1.0,0.0,0.0
8,9,0.0,0.0,0.0,0.0,0.0,0.0,0.0,0.0,0.0,1.0,0.0,0.0
8,9,0.0,0.0,0.0,0.0,0.0,0.0,0.0,0.0,0.0,1.0,0.0,0.0
8,9,0.0,0.0,0.0,0.0,0.0,0.0,0.0,0.0,0.0,1.0,0.0,0.0
8,9,0.0,0.0,0.0,0.0,0.0,0.0,0.0,0.0,0.0,1.0,0.0,0.0
8,9,0.0,0.0,0.0,0.0,0.0,0.0,0.0,0.0,0.0,1.0,0.0,0.0
8,9,0.0,0.0,0.0,0.0,0.0,0.0,0.0,0.0,0.0,1.0,0.0,0.0
8,9,0.0,0.0,0.0,0.0,0.0,0.0,0.0,0.0,0.0,1.0,0.0,0.0
8,9,0.0,0.0,0.0,0.0,0.0,0.0,0.0,0.0,0.0,1.0,0.0,0.0
8,9,0.0,0.0,0.0,0.0,0.0,0.0,0.0,0.0,0.0,1.0,0.0,0.0
8,9,0.0,0.0,0.0,0.0,0.0,0.0,0.0,0.0,0.0,1.0,0.0,0.0
8,9,0.0,0.0,0.0,0.0,0.0,0.0,0.0,0.0,0.0,1.0,0.0,0.0
8,9,0.0,0.0,0.0,0.0,0.0,0.0,0.0,0.0,0.0,1.0,0.0,0.0
8,9,0.0,0.0,0.0,0.0,0.0,0.0,0.0,0.0,0.0,1.0,0.0,0.0
8,9,0.0,0.0,0.0,0.0,0.0,0.0,0.0,0.0,0.0,1.0,0.0,0.0
8,9,0.0,0.0,0.0,0.0,0.0,0.0,0.0,0.0,0.0,1.0,0.0,0.0
8,9,0.0,0.0,0.0,0.0,0.0,0.0,0.0,0.0,0.0,1.0,0.0,0.0
8,9,0.0,0.0,0.0,0.0,0.0,0.0,0.0,0.0,0.0,1.0,0.0,0.0
8,9,0.0,0.0,0.0,0.0,0.0,0.0,0.0,0.0,0.0,1.0,0.0,0.0
8,9,0.0,0.0,0.0,0.0,0.0,0.0,0.0,0.0,0.0,1.0,0.0,0.0
8,9,0.0,0.0,0.0,0.0,0.0,0.0,0.0,0.0,0.0,1.0,0.0,0.0
8,9,0.0,0.0,0.0,0.0,0.0,0.0,0.0,0.0,0.0,1.0,0.0,0.0
8,9,0.0,0.0,0.0,0.0,0.0,0.0,0.0,0.0,0.0,1.0,0.0,0.0
8,9,0.0,0.0,0.0,0.0,0.0,0.0,0.0,0.0,0.0,1.0,0.0,0.0
8,9,0.0,0.0,0.0,0.0,0.0,0.0,0.0,0.0,0.0,1.0,0.0,0.0
8,9,0.0,0.0,0.0,0.0,0.0,0.0,0.0,0.0,0.0,1.0,0.0,0.0
8,9,0.0,0.0,0.0,0.0,0.0,0.0,0.0,0.0,0.0,1.0,0.0,0.0
8,9,0.0,0.0,0.0,0.0,0.0,0.0,0.0,0.0,0.0,1.0,0.0,0.0
8,9,0.0,0.0,0.0,0.0,0.0,0.0,0.0,0.0,0.0,1.0,0.0,0.0
8,9,0.0,0.0,0.0,0.0,0.0,0.0,0.0,0.0,0.0,1.0,0.0,0.0
8,9,0.0,0.0,0.0,0.0,0.0,0.0,0.0,0.0,0.0,1.0,0.0,0.0
8,9,0.0,0.0,0.0,0.0,0.0,0.0,0.0,0.0,0.0,1.0,0.0,0.0
8,9,0.0,0.0,0.0,0.0,0.0,0.0,0.0,0.0,0.0,1.0,0.0,0.0
8,9,0.0,0.0,0.0,0.0,0.0,0.0,0.0,0.0,0.0,1.0,0.0,0.0
8,9,0.0,0.0,0.0,0.0,0.0,0.0,0.0,0.0,0.0,1.0,0.0,0.0
8,9,0.0,0.0,0.0,0.0,0.0,0.0,0.0,0.0,0.0,1.0,0.0,0.0
8,9,0.0,0.0,0.0,0.0,0.0,0.0,0.0,0.0,0.0,1.0,0.0,0.0
8,9,0.0,0.0,0.0,0.0,0.0,0.0,0.0,0.0,0.0,1.0,0.0,0.0
8,9,0.0,0.0,0.0,0.0,0.0,0.0,0.0,0.0,0.0,1.0,0.0,0.0
8,9,0.0,0.0,0.0,0.0,0.0,0.0,0.0,0.0,0.0,1.0,0.0,0.0
8,9,0.0,0.0,0.0,0.0,0.0,0.0,0.0,0.0,0.0,1.0,0.0,0.0
8,9,0.0,0.0,0.0,0.0,0.0,0.0,0.0,0.0,0.0,1.0,0.0,0.0
8,9,0.0,0.0,0.0,0.0,0.0,0.0,0.0,0.0,0.0,1.0,0.0,0.0
8,9,0.0,0.0,0.0,0.0,0.0,0.0,0.0,0.0,0.0,1.0,0.0,0.0
8,9,0.0,0.0,0.0,0.0,0.0,0.0,0.0,0.0,0.0,1.0,0.0,0.0
8,9,0.0,0.0,0.0,0.0,0.0,0.0,0.0,0.0,0.0,1.0,0.0,0.0
8,9,0.0,0.0,0.0,0.0,0.0,0.0,0.0,0.0,0.0,1.0,0.0,0.0
8,9,0.0,0.0,0.0,0.0,0.0,0.0,0.0,0.0,0.0,1.0,0.0,0.0
8,9,0.0,0.0,0.0,0.0,0.0,0.0,0.0,0.0,0.0,1.0,0.0,0.0
8,9,0.0,0.0,0.0,0.0,0.0,0.0,0.0,0.0,0.0,1.0,0.0,0.0
8,9,0.0,0.0,0.0,0.0,0.0,0.0,0.0,0.0,0.0,1.0,0.0,0.0
8,9,0.0,0.0,0.0,0.0,0.0,0.0,0.0,0.0,0.0,1.0,0.0,0.0
8,9,0.0,0.0,0.0,0.0,0.0,0.0,0.0,0.0,0.0,1.0,0.0,0.0
8,9,0.0,0.0,0.0,0.0,0.0,0.0,0.0,0.0,0.0,1.0,0.0,0.0
8,9,0.0,0.0,0.0,0.0,0.0,0.0,0.0,0.0,0.0,1.0,0.0,0.0
8,9,0.0,0.0,0.0,0.0,0.0,0.0,0.0,0.0,0.0,1.0,0.0,0.0
8,9,0.0,0.0,0.0,0.0,0.0,0.0,0.0,0.0,0.0,1.0,0.0,0.0
8,9,0.0,0.0,0.0,0.0,0.0,0.0,0.0,0.0,0.0,1.0,0.0,0.0
8,9,0.0,0.0,0.0,0.0,0.0,0.0,0.0,0.0,0.0,1.0,0.0,0.0
8,9,0.0,0.0,0.0,0.0,0.0,0.0,0.0,0.0,0.0,1.0,0.0,0.0
8,9,0.0,0.0,0.0,0.0,0.0,0.0,0.0,0.0,0.0,1.0,0.0,0.0
8,9,0.0,0.0,0.0,0.0,0.0,0.0,0.0,0.0,0.0,1.0,0.0,0.0
8,9,0.0,0.0,0.0,0.0,0.0,0.0,0.0,0.0,0.0,1.0,0.0,0.0
8,9,0.0,0.0,0.0,0.0,0.0,0.0,0.0,0.0,0.0,1.0,0.0,0.0
8,9,0.0,0.0,0.0,0.0,0.0,0.0,0.0,0.0,0.0,1.0,0.0,0.0
8,9,0.0,0.0,0.0,0.0,0.0,0.0,0.0,0.0,0.0,1.0,0.0,0.0
8,9,0.0,0.0,0.0,0.0,0.0,0.0,0.0,0.0,0.0,1.0,0.0,0.0
8,9,0.0,0.0,0.0,0.0,0.0,0.0,0.0,0.0,0.0,1.0,0.0,0.0
8,9,0.0,0.0,0.0,0.0,0.0,0.0,0.0,0.0,0.0,1.0,0.0,0.0
8,9,0.0,0.0,0.0,0.0,0.0,0.0,0.0,0.0,0.0,1.0,0.0,0.0
8,9,0.0,0.0,0.0,0.0,0.0,0.0,0.0,0.0,0.0,1.0,0.0,0.0
8,9,0.0,0.0,0.0,0.0,0.0,0.0,0.0,0.0,0.0,1.0,0.0,0.0
8,9,0.0,0.0,0.0,0.0,0.0,0.0,0.0,0.0,0.0,1.0,0.0,0.0
8,9,0.0,0.0,0.0,0.0,0.0,0.0,0.0,0.0,0.0,1.0,0.0,0.0
8,9,0.0,0.0,0.0,0.0,0.0,0.0,0.0,0.0,0.0,1.0,0.0,0.0
8,9,0.0,0.0,0.0,0.0,0.0,0.0,0.0,0.0,0.0,1.0,0.0,0.0
8,9,0.0,0.0,0.0,0.0,0.0,0.0,0.0,0.0,0.0,1.0,0.0,0.0
8,9,0.0,0.0,0.0,0.0,0.0,0.0,0.0,0.0,0.0,1.0,0.0,0.0
8,9,0.0,0.0,0.0,0.0,0.0,0.0,0.0,0.0,0.0,1.0,0.0,0.0
8,9,0.0,0.0,0.0,0.0,0.0,0.0,0.0,0.0,0.0,1.0,0.0,0.0
8,9,0.0,0.0,0.0,0.0,0.0,0.0,0.0,0.0,0.0,1.0,0.0,0.0
8,9,0.0,0.0,0.0,0.0,0.0,0.0,0.0,0.0,0.0,1.0,0.0,0.0
8,9,0.0,0.0,0.0,0.0,0.0,0.0,0.0,0.0,0.0,1.0,0.0,0.0
8,9,0.0,0.0,0.0,0.0,0.0,0.0,0.0,0.0,0.0,1.0,0.0,0.0
8,9,0.0,0.0,0.0,0.0,0.0,0.0,0.0,0.0,0.0,1.0,0.0,0.0
8,9,0.0,0.0,0.0,0.0,0.0,0.0,0.0,0.0,0.0,1.0,0.0,0.0
8,9,0.0,0.0,0.0,0.0,0.0,0.0,0.0,0.0,0.0,1.0,0.0,0.0
8,9,0.0,0.0,0.0,0.0,0.0,0.0,0.0,0.0,0.0,1.0,0.0,0.0
8,9,0.0,0.0,0.0,0.0,0.0,0.0,0.0,0.0,0.0,1.0,0.0,0.0
8,9,0.0,0.0,0.0,0.0,0.0,0.0,0.0,0.0,0.0,1.0,0.0,0.0
8,9,0.0,0.0,0.0,0.0,0.0,0.0,0.0,0.0,0.0,1.0,0.0,0.0
8,9,0.0,0.0,0.0,0.0,0.0,0.0,0.0,0.0,0.0,1.0,0.0,0.0
8,9,0.0,0.0,0.0,0.0,0.0,0.0,0.0,0.0,0.0,1.0,0.0,0.0
8,9,0.0,0.0,0.0,0.0,0.0,0.0,0.0,0.0,0.0,1.0,0.0,0.0
8,9,0.0,0.0,0.0,0.0,0.0,0.0,0.0,0.0,0.0,1.0,0.0,0.0
8,9,0.0,0.0,0.0,0.0,0.0,0.0,0.0,0.0,0.0,1.0,0.0,0.0
8,9,0.0,0.0,0.0,0.0,0.0,0.0,0.0,0.0,0.0,1.0,0.0,0.0
8,9,0.0,0.0,0.0,0.0,0.0,0.0,0.0,0.0,0.0,1.0,0.0,0.0
8,9,0.0,0.0,0.0,0.0,0.0,0.0,0.0,0.0,0.0,1.0,0.0,0.0
8,9,0.0,0.0,0.0,0.0,0.0,0.0,0.0,0.0,0.0,1.0,0.0,0.0
8,9,0.0,0.0,0.0,0.0,0.0,0.0,0.0,0.0,0.0,1.0,0.0,0.0
8,9,0.0,0.0,0.0,0.0,0.0,0.0,0.0,0.0,0.0,1.0,0.0,0.0
8,9,0.0,0.0,0.0,0.0,0.0,0.0,0.0,0.0,0.0,1.0,0.0,0.0
8,9,0.0,0.0,0.0,0.0,0.0,0.0,0.0,0.0,0.0,1.0,0.0,0.0
8,9,0.0,0.0,0.0,0.0,0.0,0.0,0.0,0.0,0.0,1.0,0.0,0.0
8,9,0.0,0.0,0.0,0.0,0.0,0.0,0.0,0.0,0.0,1.0,0.0,0.0
8,9,0.0,0.0,0.0,0.0,0.0,0.0,0.0,0.0,0.0,1.0,0.0,0.0
8,9,0.0,0.0,0.0,0.0,0.0,0.0,0.0,0.0,0.0,1.0,0.0,0.0
8,9,0.0,0.0,0.0,0.0,0.0,0.0,0.0,0.0,0.0,1.0,0.0,0.0
8,9,0.0,0.0,0.0,0.0,0.0,0.0,0.0,0.0,0.0,1.0,0.0,0.0
8,9,0.0,0.0,0.0,0.0,0.0,0.0,0.0,0.0,0.0,1.0,0.0,0.0
8,9,0.0,0.0,0.0,0.0,0.0,0.0,0.0,0.0,0.0,1.0,0.0,0.0
8,9,0.0,0.0,0.0,0.0,0.0,0.0,0.0,0.0,0.0,1.0,0.0,0.0
8,9,0.0,0.0,0.0,0.0,0.0,0.0,0.0,0.0,0.0,1.0,0.0,0.0
8,9,0.0,0.0,0.0,0.0,0.0,0.0,0.0,0.0,0.0,1.0,0.0,0.0
8,9,0.0,0.0,0.0,0.0,0.0,0.0,0.0,0.0,0.0,1.0,0.0,0.0
8,9,0.0,0.0,0.0,0.0,0.0,0.0,0.0,0.0,0.0,1.0,0.0,0.0
8,9,0.0,0.0,0.0,0.0,0.0,0.0,0.0,0.0,0.0,1.0,0.0,0.0
8,9,0.0,0.0,0.0,0.0,0.0,0.0,0.0,0.0,0.0,1.0,0.0,0.0
8,9,0.0,0.0,0.0,0.0,0.0,0.0,0.0,0.0,0.0,1.0,0.0,0.0
8,9,0.0,0.0,0.0,0.0,0.0,0.0,0.0,0.0,0.0,1.0,0.0,0.0
8,9,0.0,0.0,0.0,0.0,0.0,0.0,0.0,0.0,0.0,1.0,0.0,0.0
8,9,0.0,0.0,0.0,0.0,0.0,0.0,0.0,0.0,0.0,1.0,0.0,0.0
8,9,0.0,0.0,0.0,0.0,0.0,0.0,0.0,0.0,0.0,1.0,0.0,0.0
8,9,0.0,0.0,0.0,0.0,0.0,0.0,0.0,0.0,0.0,1.0,0.0,0.0
8,9,0.0,0.0,0.0,0.0,0.0,0.0,0.0,0.0,0.0,1.0,0.0,0.0
8,9,0.0,0.0,0.0,0.0,0.0,0.0,0.0,0.0,0.0,1.0,0.0,0.0
8,9,0.0,0.0,0.0,0.0,0.0,0.0,0.0,0.0,0.0,1.0,0.0,0.0
8,9,0.0,0.0,0.0,0.0,0.0,0.0,0.0,0.0,0.0,1.0,0.0,0.0
8,9,0.0,0.0,0.0,0.0,0.0,0.0,0.0,0.0,0.0,1.0,0.0,0.0
8,9,0.0,0.0,0.0,0.0,0.0,0.0,0.0,0.0,0.0,1.0,0.0,0.0
8,9,0.0,0.0,0.0,0.0,0.0,0.0,0.0,0.0,0.0,1.0,0.0,0.0
8,9,0.0,0.0,0.0,0.0,0.0,0.0,0.0,0.0,0.0,1.0,0.0,0.0
8,9,0.0,0.0,0.0,0.0,0.0,0.0,0.0,0.0,0.0,1.0,0.0,0.0
8,9,0.0,0.0,0.0,0.0,0.0,0.0,0.0,0.0,0.0,1.0,0.0,0.0
8,9,0.0,0.0,0.0,0.0,0.0,0.0,0.0,0.0,0.0,1.0,0.0,0.0
8,9,0.0,0.0,0.0,0.0,0.0,0.0,0.0,0.0,0.0,1.0,0.0,0.0
8,9,0.0,0.0,0.0,0.0,0.0,0.0,0.0,0.0,0.0,1.0,0.0,0.0
8,9,0.0,0.0,0.0,0.0,0.0,0.0,0.0,0.0,0.0,1.0,0.0,0.0
8,9,0.0,0.0,0.0,0.0,0.0,0.0,0.0,0.0,0.0,1.0,0.0,0.0
8,9,0.0,0.0,0.0,0.0,0.0,0.0,0.0,0.0,0.0,1.0,0.0,0.0
8,9,0.0,0.0,0.0,0.0,0.0,0.0,0.0,0.0,0.0,1.0,0.0,0.0
8,9,0.0,0.0,0.0,0.0,0.0,0.0,0.0,0.0,0.0,1.0,0.0,0.0
8,9,0.0,0.0,0.0,0.0,0.0,0.0,0.0,0.0,0.0,1.0,0.0,0.0
8,9,0.0,0.0,0.0,0.0,0.0,0.0,0.0,0.0,0.0,1.0,0.0,0.0
8,9,0.0,0.0,0.0,0.0,0.0,0.0,0.0,0.0,0.0,1.0,0.0,0.0
8,9,0.0,0.0,0.0,0.0,0.0,0.0,0.0,0.0,0.0,1.0,0.0,0.0
8,9,0.0,0.0,0.0,0.0,0.0,0.0,0.0,0.0,0.0,1.0,0.0,0.0
8,9,0.0,0.0,0.0,0.0,0.0,0.0,0.0,0.0,0.0,1.0,0.0,0.0
8,9,0.0,0.0,0.0,0.0,0.0,0.0,0.0,0.0,0.0,1.0,0.0,0.0
8,9,0.0,0.0,0.0,0.0,0.0,0.0,0.0,0.0,0.0,1.0,0.0,0.0
8,9,0.0,0.0,0.0,0.0,0.0,0.0,0.0,0.0,0.0,1.0,0.0,0.0
8,9,0.0,0.0,0.0,0.0,0.0,0.0,0.0,0.0,0.0,1.0,0.0,0.0
8,9,0.0,0.0,0.0,0.0,0.0,0.0,0.0,0.0,0.0,1.0,0.0,0.0
8,9,0.0,0.0,0.0,0.0,0.0,0.0,0.0,0.0,0.0,1.0,0.0,0.0
8,9,0.0,0.0,0.0,0.0,0.0,0.0,0.0,0.0,0.0,1.0,0.0,0.0
8,9,0.0,0.0,0.0,0.0,0.0,0.0,0.0,0.0,0.0,1.0,0.0,0.0
8,9,0.0,0.0,0.0,0.0,0.0,0.0,0.0,0.0,0.0,1.0,0.0,0.0
8,9,0.0,0.0,0.0,0.0,0.0,0.0,0.0,0.0,0.0,1.0,0.0,0.0
8,9,0.0,0.0,0.0,0.0,0.0,0.0,0.0,0.0,0.0,1.0,0.0,0.0
8,9,0.0,0.0,0.0,0.0,0.0,0.0,0.0,0.0,0.0,1.0,0.0,0.0
8,9,0.0,0.0,0.0,0.0,0.0,0.0,0.0,0.0,0.0,1.0,0.0,0.0
8,9,0.0,0.0,0.0,0.0,0.0,0.0,0.0,0.0,0.0,1.0,0.0,0.0
8,9,0.0,0.0,0.0,0.0,0.0,0.0,0.0,0.0,0.0,1.0,0.0,0.0
8,9,0.0,0.0,0.0,0.0,0.0,0.0,0.0,0.0,0.0,1.0,0.0,0.0
8,9,0.0,0.0,0.0,0.0,0.0,0.0,0.0,0.0,0.0,1.0,0.0,0.0
8,9,0.0,0.0,0.0,0.0,0.0,0.0,0.0,0.0,0.0,1.0,0.0,0.0
8,9,0.0,0.0,0.0,0.0,0.0,0.0,0.0,0.0,0.0,1.0,0.0,0.0
8,9,0.0,0.0,0.0,0.0,0.0,0.0,0.0,0.0,0.0,1.0,0.0,0.0
8,9,0.0,0.0,0.0,0.0,0.0,0.0,0.0,0.0,0.0,1.0,0.0,0.0
8,9,0.0,0.0,0.0,0.0,0.0,0.0,0.0,0.0,0.0,1.0,0.0,0.0
8,9,0.0,0.0,0.0,0.0,0.0,0.0,0.0,0.0,0.0,1.0,0.0,0.0
8,9,0.0,0.0,0.0,0.0,0.0,0.0,0.0,0.0,0.0,1.0,0.0,0.0
8,9,0.0,0.0,0.0,0.0,0.0,0.0,0.0,0.0,0.0,1.0,0.0,0.0
8,9,0.0,0.0,0.0,0.0,0.0,0.0,0.0,0.0,0.0,1.0,0.0,0.0
8,9,0.0,0.0,0.0,0.0,0.0,0.0,0.0,0.0,0.0,1.0,0.0,0.0
8,9,0.0,0.0,0.0,0.0,0.0,0.0,0.0,0.0,0.0,1.0,0.0,0.0
8,9,0.0,0.0,0.0,0.0,0.0,0.0,0.0,0.0,0.0,1.0,0.0,0.0
8,9,0.0,0.0,0.0,0.0,0.0,0.0,0.0,0.0,0.0,1.0,0.0,0.0
8,9,0.0,0.0,0.0,0.0,0.0,0.0,0.0,0.0,0.0,1.0,0.0,0.0
8,9,0.0,0.0,0.0,0.0,0.0,0.0,0.0,0.0,0.0,1.0,0.0,0.0
8,9,0.0,0.0,0.0,0.0,0.0,0.0,0.0,0.0,0.0,1.0,0.0,0.0
8,9,0.0,0.0,0.0,0.0,0.0,0.0,0.0,0.0,0.0,1.0,0.0,0.0
8,9,0.0,0.0,0.0,0.0,0.0,0.0,0.0,0.0,0.0,1.0,0.0,0.0
8,9,0.0,0.0,0.0,0.0,0.0,0.0,0.0,0.0,0.0,1.0,0.0,0.0
8,9,0.0,0.0,0.0,0.0,0.0,0.0,0.0,0.0,0.0,1.0,0.0,0.0
8,9,0.0,0.0,0.0,0.0,0.0,0.0,0.0,0.0,0.0,1.0,0.0,0.0
8,9,0.0,0.0,0.0,0.0,0.0,0.0,0.0,0.0,0.0,1.0,0.0,0.0
8,9,0.0,0.0,0.0,0.0,0.0,0.0,0.0,0.0,0.0,1.0,0.0,0.0
8,9,0.0,0.0,0.0,0.0,0.0,0.0,0.0,0.0,0.0,1.0,0.0,0.0
8,9,0.0,0.0,0.0,0.0,0.0,0.0,0.0,0.0,0.0,1.0,0.0,0.0
8,9,0.0,0.0,0.0,0.0,0.0,0.0,0.0,0.0,0.0,1.0,0.0,0.0
8,9,0.0,0.0,0.0,0.0,0.0,0.0,0.0,0.0,0.0,1.0,0.0,0.0
8,9,0.0,0.0,0.0,0.0,0.0,0.0,0.0,0.0,0.0,1.0,0.0,0.0
8,9,0.0,0.0,0.0,0.0,0.0,0.0,0.0,0.0,0.0,1.0,0.0,0.0
8,9,0.0,0.0,0.0,0.0,0.0,0.0,0.0,0.0,0.0,1.0,0.0,0.0
8,9,0.0,0.0,0.0,0.0,0.0,0.0,0.0,0.0,0.0,1.0,0.0,0.0
8,9,0.0,0.0,0.0,0.0,0.0,0.0,0.0,0.0,0.0,1.0,0.0,0.0
8,9,0.0,0.0,0.0,0.0,0.0,0.0,0.0,0.0,0.0,1.0,0.0,0.0
8,9,0.0,0.0,0.0,0.0,0.0,0.0,0.0,0.0,0.0,1.0,0.0,0.0
8,9,0.0,0.0,0.0,0.0,0.0,0.0,0.0,0.0,0.0,1.0,0.0,0.0
8,9,0.0,0.0,0.0,0.0,0.0,0.0,0.0,0.0,0.0,1.0,0.0,0.0
8,9,0.0,0.0,0.0,0.0,0.0,0.0,0.0,0.0,0.0,1.0,0.0,0.0
8,9,0.0,0.0,0.0,0.0,0.0,0.0,0.0,0.0,0.0,1.0,0.0,0.0
8,9,0.0,0.0,0.0,0.0,0.0,0.0,0.0,0.0,0.0,1.0,0.0,0.0
8,9,0.0,0.0,0.0,0.0,0.0,0.0,0.0,0.0,0.0,1.0,0.0,0.0
8,9,0.0,0.0,0.0,0.0,0.0,0.0,0.0,0.0,0.0,1.0,0.0,0.0
8,9,0.0,0.0,0.0,0.0,0.0,0.0,0.0,0.0,0.0,1.0,0.0,0.0
8,9,0.0,0.0,0.0,0.0,0.0,0.0,0.0,0.0,0.0,1.0,0.0,0.0
8,9,0.0,0.0,0.0,0.0,0.0,0.0,0.0,0.0,0.0,1.0,0.0,0.0
8,9,0.0,0.0,0.0,0.0,0.0,0.0,0.0,0.0,0.0,1.0,0.0,0.0
8,9,0.0,0.0,0.0,0.0,0.0,0.0,0.0,0.0,0.0,1.0,0.0,0.0
8,9,0.0,0.0,0.0,0.0,0.0,0.0,0.0,0.0,0.0,1.0,0.0,0.0
8,9,0.0,0.0,0.0,0.0,0.0,0.0,0.0,0.0,0.0,1.0,0.0,0.0
8,9,0.0,0.0,0.0,0.0,0.0,0.0,0.0,0.0,0.0,1.0,0.0,0.0
8,9,0.0,0.0,0.0,0.0,0.0,0.0,0.0,0.0,0.0,1.0,0.0,0.0
8,9,0.0,0.0,0.0,0.0,0.0,0.0,0.0,0.0,0.0,1.0,0.0,0.0
8,9,0.0,0.0,0.0,0.0,0.0,0.0,0.0,0.0,0.0,1.0,0.0,0.0
8,9,0.0,0.0,0.0,0.0,0.0,0.0,0.0,0.0,0.0,1.0,0.0,0.0
8,9,0.0,0.0,0.0,0.0,0.0,0.0,0.0,0.0,0.0,1.0,0.0,0.0
8,9,0.0,0.0,0.0,0.0,0.0,0.0,0.0,0.0,0.0,1.0,0.0,0.0
8,9,0.0,0.0,0.0,0.0,0.0,0.0,0.0,0.0,0.0,1.0,0.0,0.0
8,9,0.0,0.0,0.0,0.0,0.0,0.0,0.0,0.0,0.0,1.0,0.0,0.0
8,9,0.0,0.0,0.0,0.0,0.0,0.0,0.0,0.0,0.0,1.0,0.0,0.0
8,9,0.0,0.0,0.0,0.0,0.0,0.0,0.0,0.0,0.0,1.0,0.0,0.0
8,9,0.0,0.0,0.0,0.0,0.0,0.0,0.0,0.0,0.0,1.0,0.0,0.0
8,9,0.0,0.0,0.0,0.0,0.0,0.0,0.0,0.0,0.0,1.0,0.0,0.0
8,9,0.0,0.0,0.0,0.0,0.0,0.0,0.0,0.0,0.0,1.0,0.0,0.0
8,9,0.0,0.0,0.0,0.0,0.0,0.0,0.0,0.0,0.0,1.0,0.0,0.0
8,9,0.0,0.0,0.0,0.0,0.0,0.0,0.0,0.0,0.0,1.0,0.0,0.0
8,9,0.0,0.0,0.0,0.0,0.0,0.0,0.0,0.0,0.0,1.0,0.0,0.0
8,9,0.0,0.0,0.0,0.0,0.0,0.0,0.0,0.0,0.0,1.0,0.0,0.0
8,9,0.0,0.0,0.0,0.0,0.0,0.0,0.0,0.0,0.0,1.0,0.0,0.0
8,9,0.0,0.0,0.0,0.0,0.0,0.0,0.0,0.0,0.0,1.0,0.0,0.0
8,9,0.0,0.0,0.0,0.0,0.0,0.0,0.0,0.0,0.0,1.0,0.0,0.0
8,9,0.0,0.0,0.0,0.0,0.0,0.0,0.0,0.0,0.0,1.0,0.0,0.0
8,9,0.0,0.0,0.0,0.0,0.0,0.0,0.0,0.0,0.0,1.0,0.0,0.0
8,9,0.0,0.0,0.0,0.0,0.0,0.0,0.0,0.0,0.0,1.0,0.0,0.0
8,9,0.0,0.0,0.0,0.0,0.0,0.0,0.0,0.0,0.0,1.0,0.0,0.0
8,9,0.0,0.0,0.0,0.0,0.0,0.0,0.0,0.0,0.0,1.0,0.0,0.0
8,9,0.0,0.0,0.0,0.0,0.0,0.0,0.0,0.0,0.0,1.0,0.0,0.0
8,9,0.0,0.0,0.0,0.0,0.0,0.0,0.0,0.0,0.0,1.0,0.0,0.0
8,9,0.0,0.0,0.0,0.0,0.0,0.0,0.0,0.0,0.0,1.0,0.0,0.0
8,9,0.0,0.0,0.0,0.0,0.0,0.0,0.0,0.0,0.0,1.0,0.0,0.0
8,9,0.0,0.0,0.0,0.0,0.0,0.0,0.0,0.0,0.0,1.0,0.0,0.0
8,9,0.0,0.0,0.0,0.0,0.0,0.0,0.0,0.0,0.0,1.0,0.0,0.0
8,9,0.0,0.0,0.0,0.0,0.0,0.0,0.0,0.0,0.0,1.0,0.0,0.0
8,9,0.0,0.0,0.0,0.0,0.0,0.0,0.0,0.0,0.0,1.0,0.0,0.0
8,9,0.0,0.0,0.0,0.0,0.0,0.0,0.0,0.0,0.0,1.0,0.0,0.0
8,9,0.0,0.0,0.0,0.0,0.0,0.0,0.0,0.0,0.0,1.0,0.0,0.0
8,9,0.0,0.0,0.0,0.0,0.0,0.0,0.0,0.0,0.0,1.0,0.0,0.0
8,9,0.0,0.0,0.0,0.0,0.0,0.0,0.0,0.0,0.0,1.0,0.0,0.0
8,9,0.0,0.0,0.0,0.0,0.0,0.0,0.0,0.0,0.0,1.0,0.0,0.0
8,9,0.0,0.0,0.0,0.0,0.0,0.0,0.0,0.0,0.0,1.0,0.0,0.0
8,9,0.0,0.0,0.0,0.0,0.0,0.0,0.0,0.0,0.0,1.0,0.0,0.0
8,9,0.0,0.0,0.0,0.0,0.0,0.0,0.0,0.0,0.0,1.0,0.0,0.0
8,9,0.0,0.0,0.0,0.0,0.0,0.0,0.0,0.0,0.0,1.0,0.0,0.0
8,9,0.0,0.0,0.0,0.0,0.0,0.0,0.0,0.0,0.0,1.0,0.0,0.0
8,9,0.0,0.0,0.0,0.0,0.0,0.0,0.0,0.0,0.0,1.0,0.0,0.0
8,9,0.0,0.0,0.0,0.0,0.0,0.0,0.0,0.0,0.0,1.0,0.0,0.0
8,9,0.0,0.0,0.0,0.0,0.0,0.0,0.0,0.0,0.0,1.0,0.0,0.0
8,9,0.0,0.0,0.0,0.0,0.0,0.0,0.0,0.0,0.0,1.0,0.0,0.0
8,9,0.0,0.0,0.0,0.0,0.0,0.0,0.0,0.0,0.0,1.0,0.0,0.0
8,9,0.0,0.0,0.0,0.0,0.0,0.0,0.0,0.0,0.0,1.0,0.0,0.0
8,9,0.0,0.0,0.0,0.0,0.0,0.0,0.0,0.0,0.0,1.0,0.0,0.0
8,9,0.0,0.0,0.0,0.0,0.0,0.0,0.0,0.0,0.0,1.0,0.0,0.0
8,9,0.0,0.0,0.0,0.0,0.0,0.0,0.0,0.0,0.0,1.0,0.0,0.0
8,9,0.0,0.0,0.0,0.0,0.0,0.0,0.0,0.0,0.0,1.0,0.0,0.0
8,9,0.0,0.0,0.0,0.0,0.0,0.0,0.0,0.0,0.0,1.0,0.0,0.0
8,9,0.0,0.0,0.0,0.0,0.0,0.0,0.0,0.0,0.0,1.0,0.0,0.0
8,9,0.0,0.0,0.0,0.0,0.0,0.0,0.0,0.0,0.0,1.0,0.0,0.0
8,9,0.0,0.0,0.0,0.0,0.0,0.0,0.0,0.0,0.0,1.0,0.0,0.0
8,9,0.0,0.0,0.0,0.0,0.0,0.0,0.0,0.0,0.0,1.0,0.0,0.0
8,9,0.0,0.0,0.0,0.0,0.0,0.0,0.0,0.0,0.0,1.0,0.0,0.0
8,9,0.0,0.0,0.0,0.0,0.0,0.0,0.0,0.0,0.0,1.0,0.0,0.0
8,9,0.0,0.0,0.0,0.0,0.0,0.0,0.0,0.0,0.0,1.0,0.0,0.0
8,9,0.0,0.0,0.0,0.0,0.0,0.0,0.0,0.0,0.0,1.0,0.0,0.0
8,9,0.0,0.0,0.0,0.0,0.0,0.0,0.0,0.0,0.0,1.0,0.0,0.0
8,9,0.0,0.0,0.0,0.0,0.0,0.0,0.0,0.0,0.0,1.0,0.0,0.0
8,9,0.0,0.0,0.0,0.0,0.0,0.0,0.0,0.0,0.0,1.0,0.0,0.0
8,9,0.0,0.0,0.0,0.0,0.0,0.0,0.0,0.0,0.0,1.0,0.0,0.0
8,9,0.0,0.0,0.0,0.0,0.0,0.0,0.0,0.0,0.0,1.0,0.0,0.0
8,9,0.0,0.0,0.0,0.0,0.0,0.0,0.0,0.0,0.0,1.0,0.0,0.0
8,9,0.0,0.0,0.0,0.0,0.0,0.0,0.0,0.0,0.0,1.0,0.0,0.0
8,9,0.0,0.0,0.0,0.0,0.0,0.0,0.0,0.0,0.0,1.0,0.0,0.0
8,9,0.0,0.0,0.0,0.0,0.0,0.0,0.0,0.0,0.0,1.0,0.0,0.0
8,9,0.0,0.0,0.0,0.0,0.0,0.0,0.0,0.0,0.0,1.0,0.0,0.0
8,9,0.0,0.0,0.0,0.0,0.0,0.0,0.0,0.0,0.0,1.0,0.0,0.0
8,9,0.0,0.0,0.0,0.0,0.0,0.0,0.0,0.0,0.0,1.0,0.0,0.0
8,9,0.0,0.0,0.0,0.0,0.0,0.0,0.0,0.0,0.0,1.0,0.0,0.0
8,9,0.0,0.0,0.0,0.0,0.0,0.0,0.0,0.0,0.0,1.0,0.0,0.0
8,9,0.0,0.0,0.0,0.0,0.0,0.0,0.0,0.0,0.0,1.0,0.0,0.0
8,9,0.0,0.0,0.0,0.0,0.0,0.0,0.0,0.0,0.0,1.0,0.0,0.0
8,9,0.0,0.0,0.0,0.0,0.0,0.0,0.0,0.0,0.0,1.0,0.0,0.0
8,9,0.0,0.0,0.0,0.0,0.0,0.0,0.0,0.0,0.0,1.0,0.0,0.0
8,9,0.0,0.0,0.0,0.0,0.0,0.0,0.0,0.0,0.0,1.0,0.0,0.0
8,9,0.0,0.0,0.0,0.0,0.0,0.0,0.0,0.0,0.0,1.0,0.0,0.0
8,9,0.0,0.0,0.0,0.0,0.0,0.0,0.0,0.0,0.0,1.0,0.0,0.0
8,9,0.0,0.0,0.0,0.0,0.0,0.0,0.0,0.0,0.0,1.0,0.0,0.0
8,9,0.0,0.0,0.0,0.0,0.0,0.0,0.0,0.0,0.0,1.0,0.0,0.0
8,9,0.0,0.0,0.0,0.0,0.0,0.0,0.0,0.0,0.0,1.0,0.0,0.0
8,9,0.0,0.0,0.0,0.0,0.0,0.0,0.0,0.0,0.0,1.0,0.0,0.0
8,9,0.0,0.0,0.0,0.0,0.0,0.0,0.0,0.0,0.0,1.0,0.0,0.0
8,9,0.0,0.0,0.0,0.0,0.0,0.0,0.0,0.0,0.0,1.0,0.0,0.0
8,9,0.0,0.0,0.0,0.0,0.0,0.0,0.0,0.0,0.0,1.0,0.0,0.0
8,9,0.0,0.0,0.0,0.0,0.0,0.0,0.0,0.0,0.0,1.0,0.0,0.0
8,9,0.0,0.0,0.0,0.0,0.0,0.0,0.0,0.0,0.0,1.0,0.0,0.0
8,9,0.0,0.0,0.0,0.0,0.0,0.0,0.0,0.0,0.0,1.0,0.0,0.0
8,9,0.0,0.0,0.0,0.0,0.0,0.0,0.0,0.0,0.0,1.0,0.0,0.0
8,9,0.0,0.0,0.0,0.0,0.0,0.0,0.0,0.0,0.0,1.0,0.0,0.0
8,9,0.0,0.0,0.0,0.0,0.0,0.0,0.0,0.0,0.0,1.0,0.0,0.0
8,9,0.0,0.0,0.0,0.0,0.0,0.0,0.0,0.0,0.0,1.0,0.0,0.0
8,9,0.0,0.0,0.0,0.0,0.0,0.0,0.0,0.0,0.0,1.0,0.0,0.0
8,9,0.0,0.0,0.0,0.0,0.0,0.0,0.0,0.0,0.0,1.0,0.0,0.0
8,9,0.0,0.0,0.0,0.0,0.0,0.0,0.0,0.0,0.0,1.0,0.0,0.0
8,9,0.0,0.0,0.0,0.0,0.0,0.0,0.0,0.0,0.0,1.0,0.0,0.0
8,9,0.0,0.0,0.0,0.0,0.0,0.0,0.0,0.0,0.0,1.0,0.0,0.0
8,9,0.0,0.0,0.0,0.0,0.0,0.0,0.0,0.0,0.0,1.0,0.0,0.0
8,9,0.0,0.0,0.0,0.0,0.0,0.0,0.0,0.0,0.0,1.0,0.0,0.0
8,9,0.0,0.0,0.0,0.0,0.0,0.0,0.0,0.0,0.0,1.0,0.0,0.0
8,9,0.0,0.0,0.0,0.0,0.0,0.0,0.0,0.0,0.0,1.0,0.0,0.0
8,9,0.0,0.0,0.0,0.0,0.0,0.0,0.0,0.0,0.0,1.0,0.0,0.0
8,9,0.0,0.0,0.0,0.0,0.0,0.0,0.0,0.0,0.0,1.0,0.0,0.0
8,9,0.0,0.0,0.0,0.0,0.0,0.0,0.0,0.0,0.0,1.0,0.0,0.0
8,9,0.0,0.0,0.0,0.0,0.0,0.0,0.0,0.0,0.0,1.0,0.0,0.0
8,9,0.0,0.0,0.0,0.0,0.0,0.0,0.0,0.0,0.0,1.0,0.0,0.0
8,9,0.0,0.0,0.0,0.0,0.0,0.0,0.0,0.0,0.0,1.0,0.0,0.0
8,9,0.0,0.0,0.0,0.0,0.0,0.0,0.0,0.0,0.0,1.0,0.0,0.0
8,9,0.0,0.0,0.0,0.0,0.0,0.0,0.0,0.0,0.0,1.0,0.0,0.0
8,9,0.0,0.0,0.0,0.0,0.0,0.0,0.0,0.0,0.0,1.0,0.0,0.0
8,9,0.0,0.0,0.0,0.0,0.0,0.0,0.0,0.0,0.0,1.0,0.0,0.0
8,9,0.0,0.0,0.0,0.0,0.0,0.0,0.0,0.0,0.0,1.0,0.0,0.0
8,9,0.0,0.0,0.0,0.0,0.0,0.0,0.0,0.0,0.0,1.0,0.0,0.0
8,9,0.0,0.0,0.0,0.0,0.0,0.0,0.0,0.0,0.0,1.0,0.0,0.0
8,9,0.0,0.0,0.0,0.0,0.0,0.0,0.0,0.0,0.0,1.0,0.0,0.0
8,9,0.0,0.0,0.0,0.0,0.0,0.0,0.0,0.0,0.0,1.0,0.0,0.0
8,9,0.0,0.0,0.0,0.0,0.0,0.0,0.0,0.0,0.0,1.0,0.0,0.0
8,9,0.0,0.0,0.0,0.0,0.0,0.0,0.0,0.0,0.0,1.0,0.0,0.0
8,9,0.0,0.0,0.0,0.0,0.0,0.0,0.0,0.0,0.0,1.0,0.0,0.0
8,9,0.0,0.0,0.0,0.0,0.0,0.0,0.0,0.0,0.0,1.0,0.0,0.0
8,9,0.0,0.0,0.0,0.0,0.0,0.0,0.0,0.0,0.0,1.0,0.0,0.0
8,9,0.0,0.0,0.0,0.0,0.0,0.0,0.0,0.0,0.0,1.0,0.0,0.0
8,9,0.0,0.0,0.0,0.0,0.0,0.0,0.0,0.0,0.0,1.0,0.0,0.0
8,9,0.0,0.0,0.0,0.0,0.0,0.0,0.0,0.0,0.0,1.0,0.0,0.0
8,9,0.0,0.0,0.0,0.0,0.0,0.0,0.0,0.0,0.0,1.0,0.0,0.0
8,9,0.0,0.0,0.0,0.0,0.0,0.0,0.0,0.0,0.0,1.0,0.0,0.0
8,9,0.0,0.0,0.0,0.0,0.0,0.0,0.0,0.0,0.0,1.0,0.0,0.0
8,9,0.0,0.0,0.0,0.0,0.0,0.0,0.0,0.0,0.0,1.0,0.0,0.0
8,9,0.0,0.0,0.0,0.0,0.0,0.0,0.0,0.0,0.0,1.0,0.0,0.0
8,9,0.0,0.0,0.0,0.0,0.0,0.0,0.0,0.0,0.0,1.0,0.0,0.0
8,9,0.0,0.0,0.0,0.0,0.0,0.0,0.0,0.0,0.0,1.0,0.0,0.0
8,9,0.0,0.0,0.0,0.0,0.0,0.0,0.0,0.0,0.0,1.0,0.0,0.0
8,9,0.0,0.0,0.0,0.0,0.0,0.0,0.0,0.0,0.0,1.0,0.0,0.0
8,9,0.0,0.0,0.0,0.0,0.0,0.0,0.0,0.0,0.0,1.0,0.0,0.0
8,9,0.0,0.0,0.0,0.0,0.0,0.0,0.0,0.0,0.0,1.0,0.0,0.0
8,9,0.0,0.0,0.0,0.0,0.0,0.0,0.0,0.0,0.0,1.0,0.0,0.0
8,9,0.0,0.0,0.0,0.0,0.0,0.0,0.0,0.0,0.0,1.0,0.0,0.0
8,9,0.0,0.0,0.0,0.0,0.0,0.0,0.0,0.0,0.0,1.0,0.0,0.0
8,9,0.0,0.0,0.0,0.0,0.0,0.0,0.0,0.0,0.0,1.0,0.0,0.0
8,9,0.0,0.0,0.0,0.0,0.0,0.0,0.0,0.0,0.0,1.0,0.0,0.0
8,9,0.0,0.0,0.0,0.0,0.0,0.0,0.0,0.0,0.0,1.0,0.0,0.0
8,9,0.0,0.0,0.0,0.0,0.0,0.0,0.0,0.0,0.0,1.0,0.0,0.0
8,9,0.0,0.0,0.0,0.0,0.0,0.0,0.0,0.0,0.0,1.0,0.0,0.0
8,9,0.0,0.0,0.0,0.0,0.0,0.0,0.0,0.0,0.0,1.0,0.0,0.0
8,9,0.0,0.0,0.0,0.0,0.0,0.0,0.0,0.0,0.0,1.0,0.0,0.0
8,9,0.0,0.0,0.0,0.0,0.0,0.0,0.0,0.0,0.0,1.0,0.0,0.0
8,9,0.0,0.0,0.0,0.0,0.0,0.0,0.0,0.0,0.0,1.0,0.0,0.0
8,9,0.0,0.0,0.0,0.0,0.0,0.0,0.0,0.0,0.0,1.0,0.0,0.0
8,9,0.0,0.0,0.0,0.0,0.0,0.0,0.0,0.0,0.0,1.0,0.0,0.0
8,9,0.0,0.0,0.0,0.0,0.0,0.0,0.0,0.0,0.0,1.0,0.0,0.0
8,9,0.0,0.0,0.0,0.0,0.0,0.0,0.0,0.0,0.0,1.0,0.0,0.0
8,9,0.0,0.0,0.0,0.0,0.0,0.0,0.0,0.0,0.0,1.0,0.0,0.0
8,9,0.0,0.0,0.0,0.0,0.0,0.0,0.0,0.0,0.0,1.0,0.0,0.0
8,9,0.0,0.0,0.0,0.0,0.0,0.0,0.0,0.0,0.0,1.0,0.0,0.0
8,9,0.0,0.0,0.0,0.0,0.0,0.0,0.0,0.0,0.0,1.0,0.0,0.0
8,9,0.0,0.0,0.0,0.0,0.0,0.0,0.0,0.0,0.0,1.0,0.0,0.0
8,9,0.0,0.0,0.0,0.0,0.0,0.0,0.0,0.0,0.0,1.0,0.0,0.0
8,9,0.0,0.0,0.0,0.0,0.0,0.0,0.0,0.0,0.0,1.0,0.0,0.0
8,9,0.0,0.0,0.0,0.0,0.0,0.0,0.0,0.0,0.0,1.0,0.0,0.0
8,9,0.0,0.0,0.0,0.0,0.0,0.0,0.0,0.0,0.0,1.0,0.0,0.0
8,9,0.0,0.0,0.0,0.0,0.0,0.0,0.0,0.0,0.0,1.0,0.0,0.0
8,9,0.0,0.0,0.0,0.0,0.0,0.0,0.0,0.0,0.0,1.0,0.0,0.0
8,9,0.0,0.0,0.0,0.0,0.0,0.0,0.0,0.0,0.0,1.0,0.0,0.0
8,9,0.0,0.0,0.0,0.0,0.0,0.0,0.0,0.0,0.0,1.0,0.0,0.0
8,9,0.0,0.0,0.0,0.0,0.0,0.0,0.0,0.0,0.0,1.0,0.0,0.0
8,9,0.0,0.0,0.0,0.0,0.0,0.0,0.0,0.0,0.0,1.0,0.0,0.0
8,9,0.0,0.0,0.0,0.0,0.0,0.0,0.0,0.0,0.0,1.0,0.0,0.0
8,9,0.0,0.0,0.0,0.0,0.0,0.0,0.0,0.0,0.0,1.0,0.0,0.0
8,9,0.0,0.0,0.0,0.0,0.0,0.0,0.0,0.0,0.0,1.0,0.0,0.0
8,9,0.0,0.0,0.0,0.0,0.0,0.0,0.0,0.0,0.0,1.0,0.0,0.0
8,9,0.0,0.0,0.0,0.0,0.0,0.0,0.0,0.0,0.0,1.0,0.0,0.0
8,9,0.0,0.0,0.0,0.0,0.0,0.0,0.0,0.0,0.0,1.0,0.0,0.0
8,9,0.0,0.0,0.0,0.0,0.0,0.0,0.0,0.0,0.0,1.0,0.0,0.0
8,9,0.0,0.0,0.0,0.0,0.0,0.0,0.0,0.0,0.0,1.0,0.0,0.0
8,9,0.0,0.0,0.0,0.0,0.0,0.0,0.0,0.0,0.0,1.0,0.0,0.0
8,9,0.0,0.0,0.0,0.0,0.0,0.0,0.0,0.0,0.0,1.0,0.0,0.0
8,9,0.0,0.0,0.0,0.0,0.0,0.0,0.0,0.0,0.0,1.0,0.0,0.0
8,9,0.0,0.0,0.0,0.0,0.0,0.0,0.0,0.0,0.0,1.0,0.0,0.0
8,9,0.0,0.0,0.0,0.0,0.0,0.0,0.0,0.0,0.0,1.0,0.0,0.0
8,9,0.0,0.0,0.0,0.0,0.0,0.0,0.0,0.0,0.0,1.0,0.0,0.0
8,9,0.0,0.0,0.0,0.0,0.0,0.0,0.0,0.0,0.0,1.0,0.0,0.0
8,9,0.0,0.0,0.0,0.0,0.0,0.0,0.0,0.0,0.0,1.0,0.0,0.0
8,9,0.0,0.0,0.0,0.0,0.0,0.0,0.0,0.0,0.0,1.0,0.0,0.0
8,9,0.0,0.0,0.0,0.0,0.0,0.0,0.0,0.0,0.0,1.0,0.0,0.0
8,9,0.0,0.0,0.0,0.0,0.0,0.0,0.0,0.0,0.0,1.0,0.0,0.0
8,9,0.0,0.0,0.0,0.0,0.0,0.0,0.0,0.0,0.0,1.0,0.0,0.0
8,9,0.0,0.0,0.0,0.0,0.0,0.0,0.0,0.0,0.0,1.0,0.0,0.0
8,9,0.0,0.0,0.0,0.0,0.0,0.0,0.0,0.0,0.0,1.0,0.0,0.0
8,9,0.0,0.0,0.0,0.0,0.0,0.0,0.0,0.0,0.0,1.0,0.0,0.0
8,9,0.0,0.0,0.0,0.0,0.0,0.0,0.0,0.0,0.0,1.0,0.0,0.0
8,9,0.0,0.0,0.0,0.0,0.0,0.0,0.0,0.0,0.0,1.0,0.0,0.0
8,9,0.0,0.0,0.0,0.0,0.0,0.0,0.0,0.0,0.0,1.0,0.0,0.0
8,9,0.0,0.0,0.0,0.0,0.0,0.0,0.0,0.0,0.0,1.0,0.0,0.0
8,9,0.0,0.0,0.0,0.0,0.0,0.0,0.0,0.0,0.0,1.0,0.0,0.0
8,9,0.0,0.0,0.0,0.0,0.0,0.0,0.0,0.0,0.0,1.0,0.0,0.0
8,9,0.0,0.0,0.0,0.0,0.0,0.0,0.0,0.0,0.0,1.0,0.0,0.0
8,9,0.0,0.0,0.0,0.0,0.0,0.0,0.0,0.0,0.0,1.0,0.0,0.0
8,9,0.0,0.0,0.0,0.0,0.0,0.0,0.0,0.0,0.0,1.0,0.0,0.0
8,9,0.0,0.0,0.0,0.0,0.0,0.0,0.0,0.0,0.0,1.0,0.0,0.0
8,9,0.0,0.0,0.0,0.0,0.0,0.0,0.0,0.0,0.0,1.0,0.0,0.0
8,9,0.0,0.0,0.0,0.0,0.0,0.0,0.0,0.0,0.0,1.0,0.0,0.0
8,9,0.0,0.0,0.0,0.0,0.0,0.0,0.0,0.0,0.0,1.0,0.0,0.0
8,9,0.0,0.0,0.0,0.0,0.0,0.0,0.0,0.0,0.0,1.0,0.0,0.0
8,9,0.0,0.0,0.0,0.0,0.0,0.0,0.0,0.0,0.0,1.0,0.0,0.0
8,9,0.0,0.0,0.0,0.0,0.0,0.0,0.0,0.0,0.0,1.0,0.0,0.0
8,9,0.0,0.0,0.0,0.0,0.0,0.0,0.0,0.0,0.0,1.0,0.0,0.0
8,9,0.0,0.0,0.0,0.0,0.0,0.0,0.0,0.0,0.0,1.0,0.0,0.0
8,9,0.0,0.0,0.0,0.0,0.0,0.0,0.0,0.0,0.0,1.0,0.0,0.0
8,9,0.0,0.0,0.0,0.0,0.0,0.0,0.0,0.0,0.0,1.0,0.0,0.0
8,9,0.0,0.0,0.0,0.0,0.0,0.0,0.0,0.0,0.0,1.0,0.0,0.0
8,9,0.0,0.0,0.0,0.0,0.0,0.0,0.0,0.0,0.0,1.0,0.0,0.0
8,9,0.0,0.0,0.0,0.0,0.0,0.0,0.0,0.0,0.0,1.0,0.0,0.0
8,9,0.0,0.0,0.0,0.0,0.0,0.0,0.0,0.0,0.0,1.0,0.0,0.0
8,9,0.0,0.0,0.0,0.0,0.0,0.0,0.0,0.0,0.0,1.0,0.0,0.0
8,9,0.0,0.0,0.0,0.0,0.0,0.0,0.0,0.0,0.0,1.0,0.0,0.0
8,9,0.0,0.0,0.0,0.0,0.0,0.0,0.0,0.0,0.0,1.0,0.0,0.0
8,9,0.0,0.0,0.0,0.0,0.0,0.0,0.0,0.0,0.0,1.0,0.0,0.0
8,9,0.0,0.0,0.0,0.0,0.0,0.0,0.0,0.0,0.0,1.0,0.0,0.0
8,9,0.0,0.0,0.0,0.0,0.0,0.0,0.0,0.0,0.0,1.0,0.0,0.0
8,9,0.0,0.0,0.0,0.0,0.0,0.0,0.0,0.0,0.0,1.0,0.0,0.0
8,9,0.0,0.0,0.0,0.0,0.0,0.0,0.0,0.0,0.0,1.0,0.0,0.0
8,9,0.0,0.0,0.0,0.0,0.0,0.0,0.0,0.0,0.0,1.0,0.0,0.0
8,9,0.0,0.0,0.0,0.0,0.0,0.0,0.0,0.0,0.0,1.0,0.0,0.0
8,9,0.0,0.0,0.0,0.0,0.0,0.0,0.0,0.0,0.0,1.0,0.0,0.0
8,9,0.0,0.0,0.0,0.0,0.0,0.0,0.0,0.0,0.0,1.0,0.0,0.0
8,9,0.0,0.0,0.0,0.0,0.0,0.0,0.0,0.0,0.0,1.0,0.0,0.0
8,9,0.0,0.0,0.0,0.0,0.0,0.0,0.0,0.0,0.0,1.0,0.0,0.0
8,9,0.0,0.0,0.0,0.0,0.0,0.0,0.0,0.0,0.0,1.0,0.0,0.0
8,9,0.0,0.0,0.0,0.0,0.0,0.0,0.0,0.0,0.0,1.0,0.0,0.0
8,9,0.0,0.0,0.0,0.0,0.0,0.0,0.0,0.0,0.0,1.0,0.0,0.0
8,9,0.0,0.0,0.0,0.0,0.0,0.0,0.0,0.0,0.0,1.0,0.0,0.0
8,9,0.0,0.0,0.0,0.0,0.0,0.0,0.0,0.0,0.0,1.0,0.0,0.0
8,9,0.0,0.0,0.0,0.0,0.0,0.0,0.0,0.0,0.0,1.0,0.0,0.0
8,9,0.0,0.0,0.0,0.0,0.0,0.0,0.0,0.0,0.0,1.0,0.0,0.0
8,9,0.0,0.0,0.0,0.0,0.0,0.0,0.0,0.0,0.0,1.0,0.0,0.0
8,9,0.0,0.0,0.0,0.0,0.0,0.0,0.0,0.0,0.0,1.0,0.0,0.0
8,9,0.0,0.0,0.0,0.0,0.0,0.0,0.0,0.0,0.0,1.0,0.0,0.0
8,9,0.0,0.0,0.0,0.0,0.0,0.0,0.0,0.0,0.0,1.0,0.0,0.0
8,9,0.0,0.0,0.0,0.0,0.0,0.0,0.0,0.0,0.0,1.0,0.0,0.0
8,9,0.0,0.0,0.0,0.0,0.0,0.0,0.0,0.0,0.0,1.0,0.0,0.0
8,9,0.0,0.0,0.0,0.0,0.0,0.0,0.0,0.0,0.0,1.0,0.0,0.0
8,9,0.0,0.0,0.0,0.0,0.0,0.0,0.0,0.0,0.0,1.0,0.0,0.0
8,9,0.0,0.0,0.0,0.0,0.0,0.0,0.0,0.0,0.0,1.0,0.0,0.0
8,9,0.0,0.0,0.0,0.0,0.0,0.0,0.0,0.0,0.0,1.0,0.0,0.0
8,9,0.0,0.0,0.0,0.0,0.0,0.0,0.0,0.0,0.0,1.0,0.0,0.0
8,9,0.0,0.0,0.0,0.0,0.0,0.0,0.0,0.0,0.0,1.0,0.0,0.0
8,9,0.0,0.0,0.0,0.0,0.0,0.0,0.0,0.0,0.0,1.0,0.0,0.0
8,9,0.0,0.0,0.0,0.0,0.0,0.0,0.0,0.0,0.0,1.0,0.0,0.0
8,9,0.0,0.0,0.0,0.0,0.0,0.0,0.0,0.0,0.0,1.0,0.0,0.0
8,9,0.0,0.0,0.0,0.0,0.0,0.0,0.0,0.0,0.0,1.0,0.0,0.0
8,9,0.0,0.0,0.0,0.0,0.0,0.0,0.0,0.0,0.0,1.0,0.0,0.0
8,9,0.0,0.0,0.0,0.0,0.0,0.0,0.0,0.0,0.0,1.0,0.0,0.0
8,9,0.0,0.0,0.0,0.0,0.0,0.0,0.0,0.0,0.0,1.0,0.0,0.0
8,9,0.0,0.0,0.0,0.0,0.0,0.0,0.0,0.0,0.0,1.0,0.0,0.0
8,9,0.0,0.0,0.0,0.0,0.0,0.0,0.0,0.0,0.0,1.0,0.0,0.0
8,9,0.0,0.0,0.0,0.0,0.0,0.0,0.0,0.0,0.0,1.0,0.0,0.0
8,9,0.0,0.0,0.0,0.0,0.0,0.0,0.0,0.0,0.0,1.0,0.0,0.0
8,9,0.0,0.0,0.0,0.0,0.0,0.0,0.0,0.0,0.0,1.0,0.0,0.0
8,9,0.0,0.0,0.0,0.0,0.0,0.0,0.0,0.0,0.0,1.0,0.0,0.0
8,9,0.0,0.0,0.0,0.0,0.0,0.0,0.0,0.0,0.0,1.0,0.0,0.0
8,9,0.0,0.0,0.0,0.0,0.0,0.0,0.0,0.0,0.0,1.0,0.0,0.0
8,9,0.0,0.0,0.0,0.0,0.0,0.0,0.0,0.0,0.0,1.0,0.0,0.0
8,9,0.0,0.0,0.0,0.0,0.0,0.0,0.0,0.0,0.0,1.0,0.0,0.0
8,9,0.0,0.0,0.0,0.0,0.0,0.0,0.0,0.0,0.0,1.0,0.0,0.0
8,9,0.0,0.0,0.0,0.0,0.0,0.0,0.0,0.0,0.0,1.0,0.0,0.0
8,9,0.0,0.0,0.0,0.0,0.0,0.0,0.0,0.0,0.0,1.0,0.0,0.0
8,9,0.0,0.0,0.0,0.0,0.0,0.0,0.0,0.0,0.0,1.0,0.0,0.0
8,9,0.0,0.0,0.0,0.0,0.0,0.0,0.0,0.0,0.0,1.0,0.0,0.0
8,9,0.0,0.0,0.0,0.0,0.0,0.0,0.0,0.0,0.0,1.0,0.0,0.0
8,9,0.0,0.0,0.0,0.0,0.0,0.0,0.0,0.0,0.0,1.0,0.0,0.0
8,9,0.0,0.0,0.0,0.0,0.0,0.0,0.0,0.0,0.0,1.0,0.0,0.0
8,9,0.0,0.0,0.0,0.0,0.0,0.0,0.0,0.0,0.0,1.0,0.0,0.0
8,9,0.0,0.0,0.0,0.0,0.0,0.0,0.0,0.0,0.0,1.0,0.0,0.0
8,9,0.0,0.0,0.0,0.0,0.0,0.0,0.0,0.0,0.0,1.0,0.0,0.0
8,9,0.0,0.0,0.0,0.0,0.0,0.0,0.0,0.0,0.0,1.0,0.0,0.0
8,9,0.0,0.0,0.0,0.0,0.0,0.0,0.0,0.0,0.0,1.0,0.0,0.0
8,9,0.0,0.0,0.0,0.0,0.0,0.0,0.0,0.0,0.0,1.0,0.0,0.0
8,9,0.0,0.0,0.0,0.0,0.0,0.0,0.0,0.0,0.0,1.0,0.0,0.0
8,9,0.0,0.0,0.0,0.0,0.0,0.0,0.0,0.0,0.0,1.0,0.0,0.0
8,9,0.0,0.0,0.0,0.0,0.0,0.0,0.0,0.0,0.0,1.0,0.0,0.0
8,9,0.0,0.0,0.0,0.0,0.0,0.0,0.0,0.0,0.0,1.0,0.0,0.0
8,9,0.0,0.0,0.0,0.0,0.0,0.0,0.0,0.0,0.0,1.0,0.0,0.0
8,9,0.0,0.0,0.0,0.0,0.0,0.0,0.0,0.0,0.0,1.0,0.0,0.0
8,9,0.0,0.0,0.0,0.0,0.0,0.0,0.0,0.0,0.0,1.0,0.0,0.0
8,9,0.0,0.0,0.0,0.0,0.0,0.0,0.0,0.0,0.0,1.0,0.0,0.0
8,9,0.0,0.0,0.0,0.0,0.0,0.0,0.0,0.0,0.0,1.0,0.0,0.0
8,9,0.0,0.0,0.0,0.0,0.0,0.0,0.0,0.0,0.0,1.0,0.0,0.0
8,9,0.0,0.0,0.0,0.0,0.0,0.0,0.0,0.0,0.0,1.0,0.0,0.0
8,9,0.0,0.0,0.0,0.0,0.0,0.0,0.0,0.0,0.0,1.0,0.0,0.0
8,9,0.0,0.0,0.0,0.0,0.0,0.0,0.0,0.0,0.0,1.0,0.0,0.0
8,9,0.0,0.0,0.0,0.0,0.0,0.0,0.0,0.0,0.0,1.0,0.0,0.0
8,9,0.0,0.0,0.0,0.0,0.0,0.0,0.0,0.0,0.0,1.0,0.0,0.0
8,9,0.0,0.0,0.0,0.0,0.0,0.0,0.0,0.0,0.0,1.0,0.0,0.0
8,9,0.0,0.0,0.0,0.0,0.0,0.0,0.0,0.0,0.0,1.0,0.0,0.0
8,9,0.0,0.0,0.0,0.0,0.0,0.0,0.0,0.0,0.0,1.0,0.0,0.0
8,9,0.0,0.0,0.0,0.0,0.0,0.0,0.0,0.0,0.0,1.0,0.0,0.0
8,9,0.0,0.0,0.0,0.0,0.0,0.0,0.0,0.0,0.0,1.0,0.0,0.0
8,9,0.0,0.0,0.0,0.0,0.0,0.0,0.0,0.0,0.0,1.0,0.0,0.0
8,9,0.0,0.0,0.0,0.0,0.0,0.0,0.0,0.0,0.0,1.0,0.0,0.0
8,9,0.0,0.0,0.0,0.0,0.0,0.0,0.0,0.0,0.0,1.0,0.0,0.0
8,9,0.0,0.0,0.0,0.0,0.0,0.0,0.0,0.0,0.0,1.0,0.0,0.0
8,9,0.0,0.0,0.0,0.0,0.0,0.0,0.0,0.0,0.0,1.0,0.0,0.0
8,9,0.0,0.0,0.0,0.0,0.0,0.0,0.0,0.0,0.0,1.0,0.0,0.0
8,9,0.0,0.0,0.0,0.0,0.0,0.0,0.0,0.0,0.0,1.0,0.0,0.0
8,9,0.0,0.0,0.0,0.0,0.0,0.0,0.0,0.0,0.0,1.0,0.0,0.0
8,9,0.0,0.0,0.0,0.0,0.0,0.0,0.0,0.0,0.0,1.0,0.0,0.0
8,9,0.0,0.0,0.0,0.0,0.0,0.0,0.0,0.0,0.0,1.0,0.0,0.0
8,9,0.0,0.0,0.0,0.0,0.0,0.0,0.0,0.0,0.0,1.0,0.0,0.0
8,9,0.0,0.0,0.0,0.0,0.0,0.0,0.0,0.0,0.0,1.0,0.0,0.0
8,9,0.0,0.0,0.0,0.0,0.0,0.0,0.0,0.0,0.0,1.0,0.0,0.0
8,9,0.0,0.0,0.0,0.0,0.0,0.0,0.0,0.0,0.0,1.0,0.0,0.0
8,9,0.0,0.0,0.0,0.0,0.0,0.0,0.0,0.0,0.0,1.0,0.0,0.0
8,9,0.0,0.0,0.0,0.0,0.0,0.0,0.0,0.0,0.0,1.0,0.0,0.0
8,9,0.0,0.0,0.0,0.0,0.0,0.0,0.0,0.0,0.0,1.0,0.0,0.0
8,9,0.0,0.0,0.0,0.0,0.0,0.0,0.0,0.0,0.0,1.0,0.0,0.0
8,9,0.0,0.0,0.0,0.0,0.0,0.0,0.0,0.0,0.0,1.0,0.0,0.0
8,9,0.0,0.0,0.0,0.0,0.0,0.0,0.0,0.0,0.0,1.0,0.0,0.0
8,9,0.0,0.0,0.0,0.0,0.0,0.0,0.0,0.0,0.0,1.0,0.0,0.0
8,9,0.0,0.0,0.0,0.0,0.0,0.0,0.0,0.0,0.0,1.0,0.0,0.0
8,9,0.0,0.0,0.0,0.0,0.0,0.0,0.0,0.0,0.0,1.0,0.0,0.0
8,9,0.0,0.0,0.0,0.0,0.0,0.0,0.0,0.0,0.0,1.0,0.0,0.0
8,9,0.0,0.0,0.0,0.0,0.0,0.0,0.0,0.0,0.0,1.0,0.0,0.0
8,9,0.0,0.0,0.0,0.0,0.0,0.0,0.0,0.0,0.0,1.0,0.0,0.0
8,9,0.0,0.0,0.0,0.0,0.0,0.0,0.0,0.0,0.0,1.0,0.0,0.0
8,9,0.0,0.0,0.0,0.0,0.0,0.0,0.0,0.0,0.0,1.0,0.0,0.0
8,9,0.0,0.0,0.0,0.0,0.0,0.0,0.0,0.0,0.0,1.0,0.0,0.0
8,9,0.0,0.0,0.0,0.0,0.0,0.0,0.0,0.0,0.0,1.0,0.0,0.0
8,9,0.0,0.0,0.0,0.0,0.0,0.0,0.0,0.0,0.0,1.0,0.0,0.0
8,9,0.0,0.0,0.0,0.0,0.0,0.0,0.0,0.0,0.0,1.0,0.0,0.0
8,9,0.0,0.0,0.0,0.0,0.0,0.0,0.0,0.0,0.0,1.0,0.0,0.0
8,9,0.0,0.0,0.0,0.0,0.0,0.0,0.0,0.0,0.0,1.0,0.0,0.0
8,9,0.0,0.0,0.0,0.0,0.0,0.0,0.0,0.0,0.0,1.0,0.0,0.0
8,9,0.0,0.0,0.0,0.0,0.0,0.0,0.0,0.0,0.0,1.0,0.0,0.0
8,9,0.0,0.0,0.0,0.0,0.0,0.0,0.0,0.0,0.0,1.0,0.0,0.0
8,9,0.0,0.0,0.0,0.0,0.0,0.0,0.0,0.0,0.0,1.0,0.0,0.0
8,9,0.0,0.0,0.0,0.0,0.0,0.0,0.0,0.0,0.0,1.0,0.0,0.0
8,9,0.0,0.0,0.0,0.0,0.0,0.0,0.0,0.0,0.0,1.0,0.0,0.0
8,9,0.0,0.0,0.0,0.0,0.0,0.0,0.0,0.0,0.0,1.0,0.0,0.0
8,9,0.0,0.0,0.0,0.0,0.0,0.0,0.0,0.0,0.0,1.0,0.0,0.0
8,9,0.0,0.0,0.0,0.0,0.0,0.0,0.0,0.0,0.0,1.0,0.0,0.0
8,9,0.0,0.0,0.0,0.0,0.0,0.0,0.0,0.0,0.0,1.0,0.0,0.0
8,9,0.0,0.0,0.0,0.0,0.0,0.0,0.0,0.0,0.0,1.0,0.0,0.0
8,9,0.0,0.0,0.0,0.0,0.0,0.0,0.0,0.0,0.0,1.0,0.0,0.0
8,9,0.0,0.0,0.0,0.0,0.0,0.0,0.0,0.0,0.0,1.0,0.0,0.0
8,9,0.0,0.0,0.0,0.0,0.0,0.0,0.0,0.0,0.0,1.0,0.0,0.0
8,9,0.0,0.0,0.0,0.0,0.0,0.0,0.0,0.0,0.0,1.0,0.0,0.0
8,9,0.0,0.0,0.0,0.0,0.0,0.0,0.0,0.0,0.0,1.0,0.0,0.0
8,9,0.0,0.0,0.0,0.0,0.0,0.0,0.0,0.0,0.0,1.0,0.0,0.0
8,9,0.0,0.0,0.0,0.0,0.0,0.0,0.0,0.0,0.0,1.0,0.0,0.0
8,9,0.0,0.0,0.0,0.0,0.0,0.0,0.0,0.0,0.0,1.0,0.0,0.0
8,9,0.0,0.0,0.0,0.0,0.0,0.0,0.0,0.0,0.0,1.0,0.0,0.0
8,9,0.0,0.0,0.0,0.0,0.0,0.0,0.0,0.0,0.0,1.0,0.0,0.0
8,9,0.0,0.0,0.0,0.0,0.0,0.0,0.0,0.0,0.0,1.0,0.0,0.0
8,9,0.0,0.0,0.0,0.0,0.0,0.0,0.0,0.0,0.0,1.0,0.0,0.0
8,9,0.0,0.0,0.0,0.0,0.0,0.0,0.0,0.0,0.0,1.0,0.0,0.0
8,9,0.0,0.0,0.0,0.0,0.0,0.0,0.0,0.0,0.0,1.0,0.0,0.0
8,9,0.0,0.0,0.0,0.0,0.0,0.0,0.0,0.0,0.0,1.0,0.0,0.0
8,9,0.0,0.0,0.0,0.0,0.0,0.0,0.0,0.0,0.0,1.0,0.0,0.0
8,9,0.0,0.0,0.0,0.0,0.0,0.0,0.0,0.0,0.0,1.0,0.0,0.0
8,9,0.0,0.0,0.0,0.0,0.0,0.0,0.0,0.0,0.0,1.0,0.0,0.0
8,9,0.0,0.0,0.0,0.0,0.0,0.0,0.0,0.0,0.0,1.0,0.0,0.0
8,9,0.0,0.0,0.0,0.0,0.0,0.0,0.0,0.0,0.0,1.0,0.0,0.0
8,9,0.0,0.0,0.0,0.0,0.0,0.0,0.0,0.0,0.0,1.0,0.0,0.0
8,9,0.0,0.0,0.0,0.0,0.0,0.0,0.0,0.0,0.0,1.0,0.0,0.0
8,9,0.0,0.0,0.0,0.0,0.0,0.0,0.0,0.0,0.0,1.0,0.0,0.0
8,9,0.0,0.0,0.0,0.0,0.0,0.0,0.0,0.0,0.0,1.0,0.0,0.0
8,9,0.0,0.0,0.0,0.0,0.0,0.0,0.0,0.0,0.0,1.0,0.0,0.0
8,9,0.0,0.0,0.0,0.0,0.0,0.0,0.0,0.0,0.0,1.0,0.0,0.0
8,9,0.0,0.0,0.0,0.0,0.0,0.0,0.0,0.0,0.0,1.0,0.0,0.0
8,9,0.0,0.0,0.0,0.0,0.0,0.0,0.0,0.0,0.0,1.0,0.0,0.0
8,9,0.0,0.0,0.0,0.0,0.0,0.0,0.0,0.0,0.0,1.0,0.0,0.0
8,9,0.0,0.0,0.0,0.0,0.0,0.0,0.0,0.0,0.0,1.0,0.0,0.0
8,9,0.0,0.0,0.0,0.0,0.0,0.0,0.0,0.0,0.0,1.0,0.0,0.0
8,9,0.0,0.0,0.0,0.0,0.0,0.0,0.0,0.0,0.0,1.0,0.0,0.0
8,9,0.0,0.0,0.0,0.0,0.0,0.0,0.0,0.0,0.0,1.0,0.0,0.0
8,9,0.0,0.0,0.0,0.0,0.0,0.0,0.0,0.0,0.0,1.0,0.0,0.0
8,9,0.0,0.0,0.0,0.0,0.0,0.0,0.0,0.0,0.0,1.0,0.0,0.0
8,9,0.0,0.0,0.0,0.0,0.0,0.0,0.0,0.0,0.0,1.0,0.0,0.0
8,9,0.0,0.0,0.0,0.0,0.0,0.0,0.0,0.0,0.0,1.0,0.0,0.0
8,9,0.0,0.0,0.0,0.0,0.0,0.0,0.0,0.0,0.0,1.0,0.0,0.0
8,9,0.0,0.0,0.0,0.0,0.0,0.0,0.0,0.0,0.0,1.0,0.0,0.0
8,9,0.0,0.0,0.0,0.0,0.0,0.0,0.0,0.0,0.0,1.0,0.0,0.0
8,9,0.0,0.0,0.0,0.0,0.0,0.0,0.0,0.0,0.0,1.0,0.0,0.0
8,9,0.0,0.0,0.0,0.0,0.0,0.0,0.0,0.0,0.0,1.0,0.0,0.0
8,9,0.0,0.0,0.0,0.0,0.0,0.0,0.0,0.0,0.0,1.0,0.0,0.0
8,9,0.0,0.0,0.0,0.0,0.0,0.0,0.0,0.0,0.0,1.0,0.0,0.0
8,9,0.0,0.0,0.0,0.0,0.0,0.0,0.0,0.0,0.0,1.0,0.0,0.0
8,9,0.0,0.0,0.0,0.0,0.0,0.0,0.0,0.0,0.0,1.0,0.0,0.0
8,9,0.0,0.0,0.0,0.0,0.0,0.0,0.0,0.0,0.0,1.0,0.0,0.0
8,9,0.0,0.0,0.0,0.0,0.0,0.0,0.0,0.0,0.0,1.0,0.0,0.0
8,9,0.0,0.0,0.0,0.0,0.0,0.0,0.0,0.0,0.0,1.0,0.0,0.0
8,9,0.0,0.0,0.0,0.0,0.0,0.0,0.0,0.0,0.0,1.0,0.0,0.0
8,9,0.0,0.0,0.0,0.0,0.0,0.0,0.0,0.0,0.0,1.0,0.0,0.0
8,9,0.0,0.0,0.0,0.0,0.0,0.0,0.0,0.0,0.0,1.0,0.0,0.0
8,9,0.0,0.0,0.0,0.0,0.0,0.0,0.0,0.0,0.0,1.0,0.0,0.0
8,9,0.0,0.0,0.0,0.0,0.0,0.0,0.0,0.0,0.0,1.0,0.0,0.0
8,9,0.0,0.0,0.0,0.0,0.0,0.0,0.0,0.0,0.0,1.0,0.0,0.0
8,9,0.0,0.0,0.0,0.0,0.0,0.0,0.0,0.0,0.0,1.0,0.0,0.0
8,9,0.0,0.0,0.0,0.0,0.0,0.0,0.0,0.0,0.0,1.0,0.0,0.0
8,9,0.0,0.0,0.0,0.0,0.0,0.0,0.0,0.0,0.0,1.0,0.0,0.0
8,9,0.0,0.0,0.0,0.0,0.0,0.0,0.0,0.0,0.0,1.0,0.0,0.0
8,9,0.0,0.0,0.0,0.0,0.0,0.0,0.0,0.0,0.0,1.0,0.0,0.0
8,9,0.0,0.0,0.0,0.0,0.0,0.0,0.0,0.0,0.0,1.0,0.0,0.0
8,9,0.0,0.0,0.0,0.0,0.0,0.0,0.0,0.0,0.0,1.0,0.0,0.0
8,9,0.0,0.0,0.0,0.0,0.0,0.0,0.0,0.0,0.0,1.0,0.0,0.0
8,9,0.0,0.0,0.0,0.0,0.0,0.0,0.0,0.0,0.0,1.0,0.0,0.0
8,9,0.0,0.0,0.0,0.0,0.0,0.0,0.0,0.0,0.0,1.0,0.0,0.0
8,9,0.0,0.0,0.0,0.0,0.0,0.0,0.0,0.0,0.0,1.0,0.0,0.0
8,9,0.0,0.0,0.0,0.0,0.0,0.0,0.0,0.0,0.0,1.0,0.0,0.0
8,9,0.0,0.0,0.0,0.0,0.0,0.0,0.0,0.0,0.0,1.0,0.0,0.0
8,9,0.0,0.0,0.0,0.0,0.0,0.0,0.0,0.0,0.0,1.0,0.0,0.0
8,9,0.0,0.0,0.0,0.0,0.0,0.0,0.0,0.0,0.0,1.0,0.0,0.0
8,9,0.0,0.0,0.0,0.0,0.0,0.0,0.0,0.0,0.0,1.0,0.0,0.0
8,9,0.0,0.0,0.0,0.0,0.0,0.0,0.0,0.0,0.0,1.0,0.0,0.0
8,9,0.0,0.0,0.0,0.0,0.0,0.0,0.0,0.0,0.0,1.0,0.0,0.0
8,9,0.0,0.0,0.0,0.0,0.0,0.0,0.0,0.0,0.0,1.0,0.0,0.0
8,9,0.0,0.0,0.0,0.0,0.0,0.0,0.0,0.0,0.0,1.0,0.0,0.0
8,9,0.0,0.0,0.0,0.0,0.0,0.0,0.0,0.0,0.0,1.0,0.0,0.0
8,9,0.0,0.0,0.0,0.0,0.0,0.0,0.0,0.0,0.0,1.0,0.0,0.0
8,9,0.0,0.0,0.0,0.0,0.0,0.0,0.0,0.0,0.0,1.0,0.0,0.0
8,9,0.0,0.0,0.0,0.0,0.0,0.0,0.0,0.0,0.0,1.0,0.0,0.0
8,9,0.0,0.0,0.0,0.0,0.0,0.0,0.0,0.0,0.0,1.0,0.0,0.0
8,9,0.0,0.0,0.0,0.0,0.0,0.0,0.0,0.0,0.0,1.0,0.0,0.0
8,9,0.0,0.0,0.0,0.0,0.0,0.0,0.0,0.0,0.0,1.0,0.0,0.0
8,9,0.0,0.0,0.0,0.0,0.0,0.0,0.0,0.0,0.0,1.0,0.0,0.0
8,9,0.0,0.0,0.0,0.0,0.0,0.0,0.0,0.0,0.0,1.0,0.0,0.0
8,9,0.0,0.0,0.0,0.0,0.0,0.0,0.0,0.0,0.0,1.0,0.0,0.0
8,9,0.0,0.0,0.0,0.0,0.0,0.0,0.0,0.0,0.0,1.0,0.0,0.0
8,9,0.0,0.0,0.0,0.0,0.0,0.0,0.0,0.0,0.0,1.0,0.0,0.0
8,9,0.0,0.0,0.0,0.0,0.0,0.0,0.0,0.0,0.0,1.0,0.0,0.0
8,9,0.0,0.0,0.0,0.0,0.0,0.0,0.0,0.0,0.0,1.0,0.0,0.0
8,9,0.0,0.0,0.0,0.0,0.0,0.0,0.0,0.0,0.0,1.0,0.0,0.0
8,9,0.0,0.0,0.0,0.0,0.0,0.0,0.0,0.0,0.0,1.0,0.0,0.0
8,9,0.0,0.0,0.0,0.0,0.0,0.0,0.0,0.0,0.0,1.0,0.0,0.0
8,9,0.0,0.0,0.0,0.0,0.0,0.0,0.0,0.0,0.0,1.0,0.0,0.0
8,9,0.0,0.0,0.0,0.0,0.0,0.0,0.0,0.0,0.0,1.0,0.0,0.0
8,9,0.0,0.0,0.0,0.0,0.0,0.0,0.0,0.0,0.0,1.0,0.0,0.0
8,9,0.0,0.0,0.0,0.0,0.0,0.0,0.0,0.0,0.0,1.0,0.0,0.0
8,9,0.0,0.0,0.0,0.0,0.0,0.0,0.0,0.0,0.0,1.0,0.0,0.0
8,9,0.0,0.0,0.0,0.0,0.0,0.0,0.0,0.0,0.0,1.0,0.0,0.0
8,9,0.0,0.0,0.0,0.0,0.0,0.0,0.0,0.0,0.0,1.0,0.0,0.0
8,9,0.0,0.0,0.0,0.0,0.0,0.0,0.0,0.0,0.0,1.0,0.0,0.0
8,9,0.0,0.0,0.0,0.0,0.0,0.0,0.0,0.0,0.0,1.0,0.0,0.0
8,9,0.0,0.0,0.0,0.0,0.0,0.0,0.0,0.0,0.0,1.0,0.0,0.0
8,9,0.0,0.0,0.0,0.0,0.0,0.0,0.0,0.0,0.0,1.0,0.0,0.0
8,9,0.0,0.0,0.0,0.0,0.0,0.0,0.0,0.0,0.0,1.0,0.0,0.0
8,9,0.0,0.0,0.0,0.0,0.0,0.0,0.0,0.0,0.0,1.0,0.0,0.0
8,9,0.0,0.0,0.0,0.0,0.0,0.0,0.0,0.0,0.0,1.0,0.0,0.0
8,9,0.0,0.0,0.0,0.0,0.0,0.0,0.0,0.0,0.0,1.0,0.0,0.0
8,9,0.0,0.0,0.0,0.0,0.0,0.0,0.0,0.0,0.0,1.0,0.0,0.0
8,9,0.0,0.0,0.0,0.0,0.0,0.0,0.0,0.0,0.0,1.0,0.0,0.0
8,9,0.0,0.0,0.0,0.0,0.0,0.0,0.0,0.0,0.0,1.0,0.0,0.0
8,9,0.0,0.0,0.0,0.0,0.0,0.0,0.0,0.0,0.0,1.0,0.0,0.0
8,9,0.0,0.0,0.0,0.0,0.0,0.0,0.0,0.0,0.0,1.0,0.0,0.0
8,9,0.0,0.0,0.0,0.0,0.0,0.0,0.0,0.0,0.0,1.0,0.0,0.0
8,9,0.0,0.0,0.0,0.0,0.0,0.0,0.0,0.0,0.0,1.0,0.0,0.0
8,9,0.0,0.0,0.0,0.0,0.0,0.0,0.0,0.0,0.0,1.0,0.0,0.0
8,9,0.0,0.0,0.0,0.0,0.0,0.0,0.0,0.0,0.0,1.0,0.0,0.0
8,9,0.0,0.0,0.0,0.0,0.0,0.0,0.0,0.0,0.0,1.0,0.0,0.0
8,9,0.0,0.0,0.0,0.0,0.0,0.0,0.0,0.0,0.0,1.0,0.0,0.0
8,9,0.0,0.0,0.0,0.0,0.0,0.0,0.0,0.0,0.0,1.0,0.0,0.0
8,9,0.0,0.0,0.0,0.0,0.0,0.0,0.0,0.0,0.0,1.0,0.0,0.0
8,9,0.0,0.0,0.0,0.0,0.0,0.0,0.0,0.0,0.0,1.0,0.0,0.0
8,9,0.0,0.0,0.0,0.0,0.0,0.0,0.0,0.0,0.0,1.0,0.0,0.0
8,9,0.0,0.0,0.0,0.0,0.0,0.0,0.0,0.0,0.0,1.0,0.0,0.0
8,9,0.0,0.0,0.0,0.0,0.0,0.0,0.0,0.0,0.0,1.0,0.0,0.0
8,9,0.0,0.0,0.0,0.0,0.0,0.0,0.0,0.0,0.0,1.0,0.0,0.0
8,9,0.0,0.0,0.0,0.0,0.0,0.0,0.0,0.0,0.0,1.0,0.0,0.0
8,9,0.0,0.0,0.0,0.0,0.0,0.0,0.0,0.0,0.0,1.0,0.0,0.0
8,9,0.0,0.0,0.0,0.0,0.0,0.0,0.0,0.0,0.0,1.0,0.0,0.0
8,9,0.0,0.0,0.0,0.0,0.0,0.0,0.0,0.0,0.0,1.0,0.0,0.0
8,9,0.0,0.0,0.0,0.0,0.0,0.0,0.0,0.0,0.0,1.0,0.0,0.0
8,9,0.0,0.0,0.0,0.0,0.0,0.0,0.0,0.0,0.0,1.0,0.0,0.0
8,9,0.0,0.0,0.0,0.0,0.0,0.0,0.0,0.0,0.0,1.0,0.0,0.0
8,9,0.0,0.0,0.0,0.0,0.0,0.0,0.0,0.0,0.0,1.0,0.0,0.0
8,9,0.0,0.0,0.0,0.0,0.0,0.0,0.0,0.0,0.0,1.0,0.0,0.0
8,9,0.0,0.0,0.0,0.0,0.0,0.0,0.0,0.0,0.0,1.0,0.0,0.0
8,9,0.0,0.0,0.0,0.0,0.0,0.0,0.0,0.0,0.0,1.0,0.0,0.0
8,9,0.0,0.0,0.0,0.0,0.0,0.0,0.0,0.0,0.0,1.0,0.0,0.0
8,9,0.0,0.0,0.0,0.0,0.0,0.0,0.0,0.0,0.0,1.0,0.0,0.0
8,9,0.0,0.0,0.0,0.0,0.0,0.0,0.0,0.0,0.0,1.0,0.0,0.0
8,9,0.0,0.0,0.0,0.0,0.0,0.0,0.0,0.0,0.0,1.0,0.0,0.0
8,9,0.0,0.0,0.0,0.0,0.0,0.0,0.0,0.0,0.0,1.0,0.0,0.0
8,9,0.0,0.0,0.0,0.0,0.0,0.0,0.0,0.0,0.0,1.0,0.0,0.0
8,9,0.0,0.0,0.0,0.0,0.0,0.0,0.0,0.0,0.0,1.0,0.0,0.0
8,9,0.0,0.0,0.0,0.0,0.0,0.0,0.0,0.0,0.0,1.0,0.0,0.0
8,9,0.0,0.0,0.0,0.0,0.0,0.0,0.0,0.0,0.0,1.0,0.0,0.0
8,9,0.0,0.0,0.0,0.0,0.0,0.0,0.0,0.0,0.0,1.0,0.0,0.0
8,9,0.0,0.0,0.0,0.0,0.0,0.0,0.0,0.0,0.0,1.0,0.0,0.0
8,9,0.0,0.0,0.0,0.0,0.0,0.0,0.0,0.0,0.0,1.0,0.0,0.0
8,9,0.0,0.0,0.0,0.0,0.0,0.0,0.0,0.0,0.0,1.0,0.0,0.0
8,9,0.0,0.0,0.0,0.0,0.0,0.0,0.0,0.0,0.0,1.0,0.0,0.0
8,9,0.0,0.0,0.0,0.0,0.0,0.0,0.0,0.0,0.0,1.0,0.0,0.0
8,9,0.0,0.0,0.0,0.0,0.0,0.0,0.0,0.0,0.0,1.0,0.0,0.0
8,9,0.0,0.0,0.0,0.0,0.0,0.0,0.0,0.0,0.0,1.0,0.0,0.0
8,9,0.0,0.0,0.0,0.0,0.0,0.0,0.0,0.0,0.0,1.0,0.0,0.0
8,9,0.0,0.0,0.0,0.0,0.0,0.0,0.0,0.0,0.0,1.0,0.0,0.0
8,9,0.0,0.0,0.0,0.0,0.0,0.0,0.0,0.0,0.0,1.0,0.0,0.0
8,9,0.0,0.0,0.0,0.0,0.0,0.0,0.0,0.0,0.0,1.0,0.0,0.0
8,9,0.0,0.0,0.0,0.0,0.0,0.0,0.0,0.0,0.0,1.0,0.0,0.0
8,9,0.0,0.0,0.0,0.0,0.0,0.0,0.0,0.0,0.0,1.0,0.0,0.0
8,9,0.0,0.0,0.0,0.0,0.0,0.0,0.0,0.0,0.0,1.0,0.0,0.0
8,9,0.0,0.0,0.0,0.0,0.0,0.0,0.0,0.0,0.0,1.0,0.0,0.0
8,9,0.0,0.0,0.0,0.0,0.0,0.0,0.0,0.0,0.0,1.0,0.0,0.0
8,9,0.0,0.0,0.0,0.0,0.0,0.0,0.0,0.0,0.0,1.0,0.0,0.0
8,9,0.0,0.0,0.0,0.0,0.0,0.0,0.0,0.0,0.0,1.0,0.0,0.0
8,9,0.0,0.0,0.0,0.0,0.0,0.0,0.0,0.0,0.0,1.0,0.0,0.0
8,9,0.0,0.0,0.0,0.0,0.0,0.0,0.0,0.0,0.0,1.0,0.0,0.0
8,9,0.0,0.0,0.0,0.0,0.0,0.0,0.0,0.0,0.0,1.0,0.0,0.0
8,9,0.0,0.0,0.0,0.0,0.0,0.0,0.0,0.0,0.0,1.0,0.0,0.0
8,9,0.0,0.0,0.0,0.0,0.0,0.0,0.0,0.0,0.0,1.0,0.0,0.0
8,9,0.0,0.0,0.0,0.0,0.0,0.0,0.0,0.0,0.0,1.0,0.0,0.0
8,9,0.0,0.0,0.0,0.0,0.0,0.0,0.0,0.0,0.0,1.0,0.0,0.0
8,9,0.0,0.0,0.0,0.0,0.0,0.0,0.0,0.0,0.0,1.0,0.0,0.0
8,9,0.0,0.0,0.0,0.0,0.0,0.0,0.0,0.0,0.0,1.0,0.0,0.0
8,9,0.0,0.0,0.0,0.0,0.0,0.0,0.0,0.0,0.0,1.0,0.0,0.0
8,9,0.0,0.0,0.0,0.0,0.0,0.0,0.0,0.0,0.0,1.0,0.0,0.0
8,9,0.0,0.0,0.0,0.0,0.0,0.0,0.0,0.0,0.0,1.0,0.0,0.0
8,9,0.0,0.0,0.0,0.0,0.0,0.0,0.0,0.0,0.0,1.0,0.0,0.0
8,9,0.0,0.0,0.0,0.0,0.0,0.0,0.0,0.0,0.0,1.0,0.0,0.0
8,9,0.0,0.0,0.0,0.0,0.0,0.0,0.0,0.0,0.0,1.0,0.0,0.0
8,9,0.0,0.0,0.0,0.0,0.0,0.0,0.0,0.0,0.0,1.0,0.0,0.0
8,9,0.0,0.0,0.0,0.0,0.0,0.0,0.0,0.0,0.0,1.0,0.0,0.0
8,9,0.0,0.0,0.0,0.0,0.0,0.0,0.0,0.0,0.0,1.0,0.0,0.0
8,9,0.0,0.0,0.0,0.0,0.0,0.0,0.0,0.0,0.0,1.0,0.0,0.0
8,9,0.0,0.0,0.0,0.0,0.0,0.0,0.0,0.0,0.0,1.0,0.0,0.0
8,9,0.0,0.0,0.0,0.0,0.0,0.0,0.0,0.0,0.0,1.0,0.0,0.0
8,9,0.0,0.0,0.0,0.0,0.0,0.0,0.0,0.0,0.0,1.0,0.0,0.0
8,9,0.0,0.0,0.0,0.0,0.0,0.0,0.0,0.0,0.0,1.0,0.0,0.0
8,9,0.0,0.0,0.0,0.0,0.0,0.0,0.0,0.0,0.0,1.0,0.0,0.0
8,9,0.0,0.0,0.0,0.0,0.0,0.0,0.0,0.0,0.0,1.0,0.0,0.0
8,9,0.0,0.0,0.0,0.0,0.0,0.0,0.0,0.0,0.0,1.0,0.0,0.0
8,9,0.0,0.0,0.0,0.0,0.0,0.0,0.0,0.0,0.0,1.0,0.0,0.0
8,9,0.0,0.0,0.0,0.0,0.0,0.0,0.0,0.0,0.0,1.0,0.0,0.0
8,9,0.0,0.0,0.0,0.0,0.0,0.0,0.0,0.0,0.0,1.0,0.0,0.0
8,9,0.0,0.0,0.0,0.0,0.0,0.0,0.0,0.0,0.0,1.0,0.0,0.0
8,9,0.0,0.0,0.0,0.0,0.0,0.0,0.0,0.0,0.0,1.0,0.0,0.0
8,9,0.0,0.0,0.0,0.0,0.0,0.0,0.0,0.0,0.0,1.0,0.0,0.0
8,9,0.0,0.0,0.0,0.0,0.0,0.0,0.0,0.0,0.0,1.0,0.0,0.0
8,9,0.0,0.0,0.0,0.0,0.0,0.0,0.0,0.0,0.0,1.0,0.0,0.0
8,9,0.0,0.0,0.0,0.0,0.0,0.0,0.0,0.0,0.0,1.0,0.0,0.0
8,9,0.0,0.0,0.0,0.0,0.0,0.0,0.0,0.0,0.0,1.0,0.0,0.0
8,9,0.0,0.0,0.0,0.0,0.0,0.0,0.0,0.0,0.0,1.0,0.0,0.0
8,9,0.0,0.0,0.0,0.0,0.0,0.0,0.0,0.0,0.0,1.0,0.0,0.0
8,9,0.0,0.0,0.0,0.0,0.0,0.0,0.0,0.0,0.0,1.0,0.0,0.0
8,9,0.0,0.0,0.0,0.0,0.0,0.0,0.0,0.0,0.0,1.0,0.0,0.0
8,9,0.0,0.0,0.0,0.0,0.0,0.0,0.0,0.0,0.0,1.0,0.0,0.0
8,9,0.0,0.0,0.0,0.0,0.0,0.0,0.0,0.0,0.0,1.0,0.0,0.0
8,9,0.0,0.0,0.0,0.0,0.0,0.0,0.0,0.0,0.0,1.0,0.0,0.0
8,9,0.0,0.0,0.0,0.0,0.0,0.0,0.0,0.0,0.0,1.0,0.0,0.0
8,9,0.0,0.0,0.0,0.0,0.0,0.0,0.0,0.0,0.0,1.0,0.0,0.0
8,9,0.0,0.0,0.0,0.0,0.0,0.0,0.0,0.0,0.0,1.0,0.0,0.0
8,9,0.0,0.0,0.0,0.0,0.0,0.0,0.0,0.0,0.0,1.0,0.0,0.0
8,9,0.0,0.0,0.0,0.0,0.0,0.0,0.0,0.0,0.0,1.0,0.0,0.0
8,9,0.0,0.0,0.0,0.0,0.0,0.0,0.0,0.0,0.0,1.0,0.0,0.0
8,9,0.0,0.0,0.0,0.0,0.0,0.0,0.0,0.0,0.0,1.0,0.0,0.0
8,9,0.0,0.0,0.0,0.0,0.0,0.0,0.0,0.0,0.0,1.0,0.0,0.0
8,9,0.0,0.0,0.0,0.0,0.0,0.0,0.0,0.0,0.0,1.0,0.0,0.0
8,9,0.0,0.0,0.0,0.0,0.0,0.0,0.0,0.0,0.0,1.0,0.0,0.0
8,9,0.0,0.0,0.0,0.0,0.0,0.0,0.0,0.0,0.0,1.0,0.0,0.0
8,9,0.0,0.0,0.0,0.0,0.0,0.0,0.0,0.0,0.0,1.0,0.0,0.0
8,9,0.0,0.0,0.0,0.0,0.0,0.0,0.0,0.0,0.0,1.0,0.0,0.0
8,9,0.0,0.0,0.0,0.0,0.0,0.0,0.0,0.0,0.0,1.0,0.0,0.0
8,9,0.0,0.0,0.0,0.0,0.0,0.0,0.0,0.0,0.0,1.0,0.0,0.0
8,9,0.0,0.0,0.0,0.0,0.0,0.0,0.0,0.0,0.0,1.0,0.0,0.0
8,9,0.0,0.0,0.0,0.0,0.0,0.0,0.0,0.0,0.0,1.0,0.0,0.0
8,9,0.0,0.0,0.0,0.0,0.0,0.0,0.0,0.0,0.0,1.0,0.0,0.0
8,9,0.0,0.0,0.0,0.0,0.0,0.0,0.0,0.0,0.0,1.0,0.0,0.0
8,9,0.0,0.0,0.0,0.0,0.0,0.0,0.0,0.0,0.0,1.0,0.0,0.0
8,9,0.0,0.0,0.0,0.0,0.0,0.0,0.0,0.0,0.0,1.0,0.0,0.0
8,9,0.0,0.0,0.0,0.0,0.0,0.0,0.0,0.0,0.0,1.0,0.0,0.0
8,9,0.0,0.0,0.0,0.0,0.0,0.0,0.0,0.0,0.0,1.0,0.0,0.0
8,9,0.0,0.0,0.0,0.0,0.0,0.0,0.0,0.0,0.0,1.0,0.0,0.0
8,9,0.0,0.0,0.0,0.0,0.0,0.0,0.0,0.0,0.0,1.0,0.0,0.0
8,9,0.0,0.0,0.0,0.0,0.0,0.0,0.0,0.0,0.0,1.0,0.0,0.0
8,9,0.0,0.0,0.0,0.0,0.0,0.0,0.0,0.0,0.0,1.0,0.0,0.0
8,9,0.0,0.0,0.0,0.0,0.0,0.0,0.0,0.0,0.0,1.0,0.0,0.0
8,9,0.0,0.0,0.0,0.0,0.0,0.0,0.0,0.0,0.0,1.0,0.0,0.0
8,9,0.0,0.0,0.0,0.0,0.0,0.0,0.0,0.0,0.0,1.0,0.0,0.0
8,9,0.0,0.0,0.0,0.0,0.0,0.0,0.0,0.0,0.0,1.0,0.0,0.0
8,9,0.0,0.0,0.0,0.0,0.0,0.0,0.0,0.0,0.0,1.0,0.0,0.0
8,9,0.0,0.0,0.0,0.0,0.0,0.0,0.0,0.0,0.0,1.0,0.0,0.0
8,9,0.0,0.0,0.0,0.0,0.0,0.0,0.0,0.0,0.0,1.0,0.0,0.0
8,9,0.0,0.0,0.0,0.0,0.0,0.0,0.0,0.0,0.0,1.0,0.0,0.0
8,9,0.0,0.0,0.0,0.0,0.0,0.0,0.0,0.0,0.0,1.0,0.0,0.0
8,9,0.0,0.0,0.0,0.0,0.0,0.0,0.0,0.0,0.0,1.0,0.0,0.0
8,9,0.0,0.0,0.0,0.0,0.0,0.0,0.0,0.0,0.0,1.0,0.0,0.0
8,9,0.0,0.0,0.0,0.0,0.0,0.0,0.0,0.0,0.0,1.0,0.0,0.0
8,9,0.0,0.0,0.0,0.0,0.0,0.0,0.0,0.0,0.0,1.0,0.0,0.0
8,9,0.0,0.0,0.0,0.0,0.0,0.0,0.0,0.0,0.0,1.0,0.0,0.0
8,9,0.0,0.0,0.0,0.0,0.0,0.0,0.0,0.0,0.0,1.0,0.0,0.0
8,9,0.0,0.0,0.0,0.0,0.0,0.0,0.0,0.0,0.0,1.0,0.0,0.0
8,9,0.0,0.0,0.0,0.0,0.0,0.0,0.0,0.0,0.0,1.0,0.0,0.0
8,9,0.0,0.0,0.0,0.0,0.0,0.0,0.0,0.0,0.0,1.0,0.0,0.0
8,9,0.0,0.0,0.0,0.0,0.0,0.0,0.0,0.0,0.0,1.0,0.0,0.0
8,9,0.0,0.0,0.0,0.0,0.0,0.0,0.0,0.0,0.0,1.0,0.0,0.0
8,9,0.0,0.0,0.0,0.0,0.0,0.0,0.0,0.0,0.0,1.0,0.0,0.0
8,9,0.0,0.0,0.0,0.0,0.0,0.0,0.0,0.0,0.0,1.0,0.0,0.0
8,9,0.0,0.0,0.0,0.0,0.0,0.0,0.0,0.0,0.0,1.0,0.0,0.0
8,9,0.0,0.0,0.0,0.0,0.0,0.0,0.0,0.0,0.0,1.0,0.0,0.0
8,9,0.0,0.0,0.0,0.0,0.0,0.0,0.0,0.0,0.0,1.0,0.0,0.0
8,9,0.0,0.0,0.0,0.0,0.0,0.0,0.0,0.0,0.0,1.0,0.0,0.0
8,9,0.0,0.0,0.0,0.0,0.0,0.0,0.0,0.0,0.0,1.0,0.0,0.0
8,9,0.0,0.0,0.0,0.0,0.0,0.0,0.0,0.0,0.0,1.0,0.0,0.0
8,9,0.0,0.0,0.0,0.0,0.0,0.0,0.0,0.0,0.0,1.0,0.0,0.0
8,9,0.0,0.0,0.0,0.0,0.0,0.0,0.0,0.0,0.0,1.0,0.0,0.0
8,9,0.0,0.0,0.0,0.0,0.0,0.0,0.0,0.0,0.0,1.0,0.0,0.0
8,9,0.0,0.0,0.0,0.0,0.0,0.0,0.0,0.0,0.0,1.0,0.0,0.0
8,9,0.0,0.0,0.0,0.0,0.0,0.0,0.0,0.0,0.0,1.0,0.0,0.0
8,9,0.0,0.0,0.0,0.0,0.0,0.0,0.0,0.0,0.0,1.0,0.0,0.0
8,9,0.0,0.0,0.0,0.0,0.0,0.0,0.0,0.0,0.0,1.0,0.0,0.0
8,9,0.0,0.0,0.0,0.0,0.0,0.0,0.0,0.0,0.0,1.0,0.0,0.0
8,9,0.0,0.0,0.0,0.0,0.0,0.0,0.0,0.0,0.0,1.0,0.0,0.0
8,9,0.0,0.0,0.0,0.0,0.0,0.0,0.0,0.0,0.0,1.0,0.0,0.0
8,9,0.0,0.0,0.0,0.0,0.0,0.0,0.0,0.0,0.0,1.0,0.0,0.0
8,9,0.0,0.0,0.0,0.0,0.0,0.0,0.0,0.0,0.0,1.0,0.0,0.0
8,9,0.0,0.0,0.0,0.0,0.0,0.0,0.0,0.0,0.0,1.0,0.0,0.0
8,9,0.0,0.0,0.0,0.0,0.0,0.0,0.0,0.0,0.0,1.0,0.0,0.0
8,9,0.0,0.0,0.0,0.0,0.0,0.0,0.0,0.0,0.0,1.0,0.0,0.0
8,9,0.0,0.0,0.0,0.0,0.0,0.0,0.0,0.0,0.0,1.0,0.0,0.0
8,9,0.0,0.0,0.0,0.0,0.0,0.0,0.0,0.0,0.0,1.0,0.0,0.0
8,9,0.0,0.0,0.0,0.0,0.0,0.0,0.0,0.0,0.0,1.0,0.0,0.0
8,9,0.0,0.0,0.0,0.0,0.0,0.0,0.0,0.0,0.0,1.0,0.0,0.0
8,9,0.0,0.0,0.0,0.0,0.0,0.0,0.0,0.0,0.0,1.0,0.0,0.0
8,9,0.0,0.0,0.0,0.0,0.0,0.0,0.0,0.0,0.0,1.0,0.0,0.0
8,9,0.0,0.0,0.0,0.0,0.0,0.0,0.0,0.0,0.0,1.0,0.0,0.0
8,9,0.0,0.0,0.0,0.0,0.0,0.0,0.0,0.0,0.0,1.0,0.0,0.0
8,9,0.0,0.0,0.0,0.0,0.0,0.0,0.0,0.0,0.0,1.0,0.0,0.0
8,9,0.0,0.0,0.0,0.0,0.0,0.0,0.0,0.0,0.0,1.0,0.0,0.0
8,9,0.0,0.0,0.0,0.0,0.0,0.0,0.0,0.0,0.0,1.0,0.0,0.0
8,9,0.0,0.0,0.0,0.0,0.0,0.0,0.0,0.0,0.0,1.0,0.0,0.0
8,9,0.0,0.0,0.0,0.0,0.0,0.0,0.0,0.0,0.0,1.0,0.0,0.0
8,9,0.0,0.0,0.0,0.0,0.0,0.0,0.0,0.0,0.0,1.0,0.0,0.0
8,9,0.0,0.0,0.0,0.0,0.0,0.0,0.0,0.0,0.0,1.0,0.0,0.0
8,9,0.0,0.0,0.0,0.0,0.0,0.0,0.0,0.0,0.0,1.0,0.0,0.0
8,9,0.0,0.0,0.0,0.0,0.0,0.0,0.0,0.0,0.0,1.0,0.0,0.0
8,9,0.0,0.0,0.0,0.0,0.0,0.0,0.0,0.0,0.0,1.0,0.0,0.0
8,9,0.0,0.0,0.0,0.0,0.0,0.0,0.0,0.0,0.0,1.0,0.0,0.0
8,9,0.0,0.0,0.0,0.0,0.0,0.0,0.0,0.0,0.0,1.0,0.0,0.0
8,9,0.0,0.0,0.0,0.0,0.0,0.0,0.0,0.0,0.0,1.0,0.0,0.0
8,9,0.0,0.0,0.0,0.0,0.0,0.0,0.0,0.0,0.0,1.0,0.0,0.0
8,9,0.0,0.0,0.0,0.0,0.0,0.0,0.0,0.0,0.0,1.0,0.0,0.0
8,9,0.0,0.0,0.0,0.0,0.0,0.0,0.0,0.0,0.0,1.0,0.0,0.0
8,9,0.0,0.0,0.0,0.0,0.0,0.0,0.0,0.0,0.0,1.0,0.0,0.0
8,9,0.0,0.0,0.0,0.0,0.0,0.0,0.0,0.0,0.0,1.0,0.0,0.0
8,9,0.0,0.0,0.0,0.0,0.0,0.0,0.0,0.0,0.0,1.0,0.0,0.0
8,9,0.0,0.0,0.0,0.0,0.0,0.0,0.0,0.0,0.0,1.0,0.0,0.0
8,9,0.0,0.0,0.0,0.0,0.0,0.0,0.0,0.0,0.0,1.0,0.0,0.0
8,9,0.0,0.0,0.0,0.0,0.0,0.0,0.0,0.0,0.0,1.0,0.0,0.0
8,9,0.0,0.0,0.0,0.0,0.0,0.0,0.0,0.0,0.0,1.0,0.0,0.0
8,9,0.0,0.0,0.0,0.0,0.0,0.0,0.0,0.0,0.0,1.0,0.0,0.0
8,9,0.0,0.0,0.0,0.0,0.0,0.0,0.0,0.0,0.0,1.0,0.0,0.0
8,9,0.0,0.0,0.0,0.0,0.0,0.0,0.0,0.0,0.0,1.0,0.0,0.0
8,9,0.0,0.0,0.0,0.0,0.0,0.0,0.0,0.0,0.0,1.0,0.0,0.0
8,9,0.0,0.0,0.0,0.0,0.0,0.0,0.0,0.0,0.0,1.0,0.0,0.0
8,9,0.0,0.0,0.0,0.0,0.0,0.0,0.0,0.0,0.0,1.0,0.0,0.0
8,9,0.0,0.0,0.0,0.0,0.0,0.0,0.0,0.0,0.0,1.0,0.0,0.0
8,9,0.0,0.0,0.0,0.0,0.0,0.0,0.0,0.0,0.0,1.0,0.0,0.0
8,9,0.0,0.0,0.0,0.0,0.0,0.0,0.0,0.0,0.0,1.0,0.0,0.0
8,9,0.0,0.0,0.0,0.0,0.0,0.0,0.0,0.0,0.0,1.0,0.0,0.0
8,9,0.0,0.0,0.0,0.0,0.0,0.0,0.0,0.0,0.0,1.0,0.0,0.0
8,9,0.0,0.0,0.0,0.0,0.0,0.0,0.0,0.0,0.0,1.0,0.0,0.0
8,9,0.0,0.0,0.0,0.0,0.0,0.0,0.0,0.0,0.0,1.0,0.0,0.0
8,9,0.0,0.0,0.0,0.0,0.0,0.0,0.0,0.0,0.0,1.0,0.0,0.0
8,9,0.0,0.0,0.0,0.0,0.0,0.0,0.0,0.0,0.0,1.0,0.0,0.0
8,9,0.0,0.0,0.0,0.0,0.0,0.0,0.0,0.0,0.0,1.0,0.0,0.0
8,9,0.0,0.0,0.0,0.0,0.0,0.0,0.0,0.0,0.0,1.0,0.0,0.0
8,9,0.0,0.0,0.0,0.0,0.0,0.0,0.0,0.0,0.0,1.0,0.0,0.0
8,9,0.0,0.0,0.0,0.0,0.0,0.0,0.0,0.0,0.0,1.0,0.0,0.0
8,9,0.0,0.0,0.0,0.0,0.0,0.0,0.0,0.0,0.0,1.0,0.0,0.0
8,9,0.0,0.0,0.0,0.0,0.0,0.0,0.0,0.0,0.0,1.0,0.0,0.0
8,9,0.0,0.0,0.0,0.0,0.0,0.0,0.0,0.0,0.0,1.0,0.0,0.0
8,9,0.0,0.0,0.0,0.0,0.0,0.0,0.0,0.0,0.0,1.0,0.0,0.0
8,9,0.0,0.0,0.0,0.0,0.0,0.0,0.0,0.0,0.0,1.0,0.0,0.0
8,9,0.0,0.0,0.0,0.0,0.0,0.0,0.0,0.0,0.0,1.0,0.0,0.0
8,9,0.0,0.0,0.0,0.0,0.0,0.0,0.0,0.0,0.0,1.0,0.0,0.0
8,9,0.0,0.0,0.0,0.0,0.0,0.0,0.0,0.0,0.0,1.0,0.0,0.0
8,9,0.0,0.0,0.0,0.0,0.0,0.0,0.0,0.0,0.0,1.0,0.0,0.0
8,9,0.0,0.0,0.0,0.0,0.0,0.0,0.0,0.0,0.0,1.0,0.0,0.0
8,9,0.0,0.0,0.0,0.0,0.0,0.0,0.0,0.0,0.0,1.0,0.0,0.0
8,9,0.0,0.0,0.0,0.0,0.0,0.0,0.0,0.0,0.0,1.0,0.0,0.0
8,9,0.0,0.0,0.0,0.0,0.0,0.0,0.0,0.0,0.0,1.0,0.0,0.0
8,9,0.0,0.0,0.0,0.0,0.0,0.0,0.0,0.0,0.0,1.0,0.0,0.0
8,9,0.0,0.0,0.0,0.0,0.0,0.0,0.0,0.0,0.0,1.0,0.0,0.0
8,9,0.0,0.0,0.0,0.0,0.0,0.0,0.0,0.0,0.0,1.0,0.0,0.0
8,9,0.0,0.0,0.0,0.0,0.0,0.0,0.0,0.0,0.0,1.0,0.0,0.0
8,9,0.0,0.0,0.0,0.0,0.0,0.0,0.0,0.0,0.0,1.0,0.0,0.0
8,9,0.0,0.0,0.0,0.0,0.0,0.0,0.0,0.0,0.0,1.0,0.0,0.0
8,9,0.0,0.0,0.0,0.0,0.0,0.0,0.0,0.0,0.0,1.0,0.0,0.0
8,9,0.0,0.0,0.0,0.0,0.0,0.0,0.0,0.0,0.0,1.0,0.0,0.0
8,9,0.0,0.0,0.0,0.0,0.0,0.0,0.0,0.0,0.0,1.0,0.0,0.0
8,9,0.0,0.0,0.0,0.0,0.0,0.0,0.0,0.0,0.0,1.0,0.0,0.0
8,9,0.0,0.0,0.0,0.0,0.0,0.0,0.0,0.0,0.0,1.0,0.0,0.0
8,9,0.0,0.0,0.0,0.0,0.0,0.0,0.0,0.0,0.0,1.0,0.0,0.0
8,9,0.0,0.0,0.0,0.0,0.0,0.0,0.0,0.0,0.0,1.0,0.0,0.0
8,9,0.0,0.0,0.0,0.0,0.0,0.0,0.0,0.0,0.0,1.0,0.0,0.0
8,9,0.0,0.0,0.0,0.0,0.0,0.0,0.0,0.0,0.0,1.0,0.0,0.0
8,9,0.0,0.0,0.0,0.0,0.0,0.0,0.0,0.0,0.0,1.0,0.0,0.0
8,9,0.0,0.0,0.0,0.0,0.0,0.0,0.0,0.0,0.0,1.0,0.0,0.0
8,9,0.0,0.0,0.0,0.0,0.0,0.0,0.0,0.0,0.0,1.0,0.0,0.0
8,9,0.0,0.0,0.0,0.0,0.0,0.0,0.0,0.0,0.0,1.0,0.0,0.0
8,9,0.0,0.0,0.0,0.0,0.0,0.0,0.0,0.0,0.0,1.0,0.0,0.0
8,9,0.0,0.0,0.0,0.0,0.0,0.0,0.0,0.0,0.0,1.0,0.0,0.0
8,9,0.0,0.0,0.0,0.0,0.0,0.0,0.0,0.0,0.0,1.0,0.0,0.0
8,9,0.0,0.0,0.0,0.0,0.0,0.0,0.0,0.0,0.0,1.0,0.0,0.0
8,9,0.0,0.0,0.0,0.0,0.0,0.0,0.0,0.0,0.0,1.0,0.0,0.0
8,9,0.0,0.0,0.0,0.0,0.0,0.0,0.0,0.0,0.0,1.0,0.0,0.0
8,9,0.0,0.0,0.0,0.0,0.0,0.0,0.0,0.0,0.0,1.0,0.0,0.0
8,9,0.0,0.0,0.0,0.0,0.0,0.0,0.0,0.0,0.0,1.0,0.0,0.0
8,9,0.0,0.0,0.0,0.0,0.0,0.0,0.0,0.0,0.0,1.0,0.0,0.0
8,9,0.0,0.0,0.0,0.0,0.0,0.0,0.0,0.0,0.0,1.0,0.0,0.0
8,9,0.0,0.0,0.0,0.0,0.0,0.0,0.0,0.0,0.0,1.0,0.0,0.0
8,9,0.0,0.0,0.0,0.0,0.0,0.0,0.0,0.0,0.0,1.0,0.0,0.0
8,9,0.0,0.0,0.0,0.0,0.0,0.0,0.0,0.0,0.0,1.0,0.0,0.0
8,9,0.0,0.0,0.0,0.0,0.0,0.0,0.0,0.0,0.0,1.0,0.0,0.0
8,9,0.0,0.0,0.0,0.0,0.0,0.0,0.0,0.0,0.0,1.0,0.0,0.0
8,9,0.0,0.0,0.0,0.0,0.0,0.0,0.0,0.0,0.0,1.0,0.0,0.0
8,9,0.0,0.0,0.0,0.0,0.0,0.0,0.0,0.0,0.0,1.0,0.0,0.0
8,9,0.0,0.0,0.0,0.0,0.0,0.0,0.0,0.0,0.0,1.0,0.0,0.0
8,9,0.0,0.0,0.0,0.0,0.0,0.0,0.0,0.0,0.0,1.0,0.0,0.0
8,9,0.0,0.0,0.0,0.0,0.0,0.0,0.0,0.0,0.0,1.0,0.0,0.0
8,9,0.0,0.0,0.0,0.0,0.0,0.0,0.0,0.0,0.0,1.0,0.0,0.0
8,9,0.0,0.0,0.0,0.0,0.0,0.0,0.0,0.0,0.0,1.0,0.0,0.0
8,9,0.0,0.0,0.0,0.0,0.0,0.0,0.0,0.0,0.0,1.0,0.0,0.0
8,9,0.0,0.0,0.0,0.0,0.0,0.0,0.0,0.0,0.0,1.0,0.0,0.0
8,9,0.0,0.0,0.0,0.0,0.0,0.0,0.0,0.0,0.0,1.0,0.0,0.0
8,9,0.0,0.0,0.0,0.0,0.0,0.0,0.0,0.0,0.0,1.0,0.0,0.0
8,9,0.0,0.0,0.0,0.0,0.0,0.0,0.0,0.0,0.0,1.0,0.0,0.0
8,9,0.0,0.0,0.0,0.0,0.0,0.0,0.0,0.0,0.0,1.0,0.0,0.0
8,9,0.0,0.0,0.0,0.0,0.0,0.0,0.0,0.0,0.0,1.0,0.0,0.0
8,9,0.0,0.0,0.0,0.0,0.0,0.0,0.0,0.0,0.0,1.0,0.0,0.0
8,9,0.0,0.0,0.0,0.0,0.0,0.0,0.0,0.0,0.0,1.0,0.0,0.0
8,9,0.0,0.0,0.0,0.0,0.0,0.0,0.0,0.0,0.0,1.0,0.0,0.0
8,9,0.0,0.0,0.0,0.0,0.0,0.0,0.0,0.0,0.0,1.0,0.0,0.0
8,9,0.0,0.0,0.0,0.0,0.0,0.0,0.0,0.0,0.0,1.0,0.0,0.0
8,9,0.0,0.0,0.0,0.0,0.0,0.0,0.0,0.0,0.0,1.0,0.0,0.0
8,9,0.0,0.0,0.0,0.0,0.0,0.0,0.0,0.0,0.0,1.0,0.0,0.0
8,9,0.0,0.0,0.0,0.0,0.0,0.0,0.0,0.0,0.0,1.0,0.0,0.0
8,9,0.0,0.0,0.0,0.0,0.0,0.0,0.0,0.0,0.0,1.0,0.0,0.0
8,9,0.0,0.0,0.0,0.0,0.0,0.0,0.0,0.0,0.0,1.0,0.0,0.0
8,9,0.0,0.0,0.0,0.0,0.0,0.0,0.0,0.0,0.0,1.0,0.0,0.0
8,9,0.0,0.0,0.0,0.0,0.0,0.0,0.0,0.0,0.0,1.0,0.0,0.0
8,9,0.0,0.0,0.0,0.0,0.0,0.0,0.0,0.0,0.0,1.0,0.0,0.0
8,9,0.0,0.0,0.0,0.0,0.0,0.0,0.0,0.0,0.0,1.0,0.0,0.0
8,9,0.0,0.0,0.0,0.0,0.0,0.0,0.0,0.0,0.0,1.0,0.0,0.0
8,9,0.0,0.0,0.0,0.0,0.0,0.0,0.0,0.0,0.0,1.0,0.0,0.0
8,9,0.0,0.0,0.0,0.0,0.0,0.0,0.0,0.0,0.0,1.0,0.0,0.0
8,9,0.0,0.0,0.0,0.0,0.0,0.0,0.0,0.0,0.0,1.0,0.0,0.0
8,9,0.0,0.0,0.0,0.0,0.0,0.0,0.0,0.0,0.0,1.0,0.0,0.0
8,9,0.0,0.0,0.0,0.0,0.0,0.0,0.0,0.0,0.0,1.0,0.0,0.0
8,9,0.0,0.0,0.0,0.0,0.0,0.0,0.0,0.0,0.0,1.0,0.0,0.0
8,9,0.0,0.0,0.0,0.0,0.0,0.0,0.0,0.0,0.0,1.0,0.0,0.0
8,9,0.0,0.0,0.0,0.0,0.0,0.0,0.0,0.0,0.0,1.0,0.0,0.0
8,9,0.0,0.0,0.0,0.0,0.0,0.0,0.0,0.0,0.0,1.0,0.0,0.0
8,9,0.0,0.0,0.0,0.0,0.0,0.0,0.0,0.0,0.0,1.0,0.0,0.0
8,9,0.0,0.0,0.0,0.0,0.0,0.0,0.0,0.0,0.0,1.0,0.0,0.0
8,9,0.0,0.0,0.0,0.0,0.0,0.0,0.0,0.0,0.0,1.0,0.0,0.0
8,9,0.0,0.0,0.0,0.0,0.0,0.0,0.0,0.0,0.0,1.0,0.0,0.0
8,9,0.0,0.0,0.0,0.0,0.0,0.0,0.0,0.0,0.0,1.0,0.0,0.0
8,9,0.0,0.0,0.0,0.0,0.0,0.0,0.0,0.0,0.0,1.0,0.0,0.0
8,9,0.0,0.0,0.0,0.0,0.0,0.0,0.0,0.0,0.0,1.0,0.0,0.0
8,9,0.0,0.0,0.0,0.0,0.0,0.0,0.0,0.0,0.0,1.0,0.0,0.0
8,9,0.0,0.0,0.0,0.0,0.0,0.0,0.0,0.0,0.0,1.0,0.0,0.0
8,9,0.0,0.0,0.0,0.0,0.0,0.0,0.0,0.0,0.0,1.0,0.0,0.0
8,9,0.0,0.0,0.0,0.0,0.0,0.0,0.0,0.0,0.0,1.0,0.0,0.0
8,9,0.0,0.0,0.0,0.0,0.0,0.0,0.0,0.0,0.0,1.0,0.0,0.0
8,9,0.0,0.0,0.0,0.0,0.0,0.0,0.0,0.0,0.0,1.0,0.0,0.0
8,9,0.0,0.0,0.0,0.0,0.0,0.0,0.0,0.0,0.0,1.0,0.0,0.0
8,9,0.0,0.0,0.0,0.0,0.0,0.0,0.0,0.0,0.0,1.0,0.0,0.0
8,9,0.0,0.0,0.0,0.0,0.0,0.0,0.0,0.0,0.0,1.0,0.0,0.0
8,9,0.0,0.0,0.0,0.0,0.0,0.0,0.0,0.0,0.0,1.0,0.0,0.0
8,9,0.0,0.0,0.0,0.0,0.0,0.0,0.0,0.0,0.0,1.0,0.0,0.0
8,9,0.0,0.0,0.0,0.0,0.0,0.0,0.0,0.0,0.0,1.0,0.0,0.0
8,9,0.0,0.0,0.0,0.0,0.0,0.0,0.0,0.0,0.0,1.0,0.0,0.0
8,9,0.0,0.0,0.0,0.0,0.0,0.0,0.0,0.0,0.0,1.0,0.0,0.0
8,9,0.0,0.0,0.0,0.0,0.0,0.0,0.0,0.0,0.0,1.0,0.0,0.0
8,9,0.0,0.0,0.0,0.0,0.0,0.0,0.0,0.0,0.0,1.0,0.0,0.0
8,9,0.0,0.0,0.0,0.0,0.0,0.0,0.0,0.0,0.0,1.0,0.0,0.0
8,9,0.0,0.0,0.0,0.0,0.0,0.0,0.0,0.0,0.0,1.0,0.0,0.0
8,9,0.0,0.0,0.0,0.0,0.0,0.0,0.0,0.0,0.0,1.0,0.0,0.0
8,9,0.0,0.0,0.0,0.0,0.0,0.0,0.0,0.0,0.0,1.0,0.0,0.0
8,9,0.0,0.0,0.0,0.0,0.0,0.0,0.0,0.0,0.0,1.0,0.0,0.0
8,9,0.0,0.0,0.0,0.0,0.0,0.0,0.0,0.0,0.0,1.0,0.0,0.0
8,9,0.0,0.0,0.0,0.0,0.0,0.0,0.0,0.0,0.0,1.0,0.0,0.0
8,9,0.0,0.0,0.0,0.0,0.0,0.0,0.0,0.0,0.0,1.0,0.0,0.0
8,9,0.0,0.0,0.0,0.0,0.0,0.0,0.0,0.0,0.0,1.0,0.0,0.0
8,9,0.0,0.0,0.0,0.0,0.0,0.0,0.0,0.0,0.0,1.0,0.0,0.0
8,9,0.0,0.0,0.0,0.0,0.0,0.0,0.0,0.0,0.0,1.0,0.0,0.0
8,9,0.0,0.0,0.0,0.0,0.0,0.0,0.0,0.0,0.0,1.0,0.0,0.0
8,9,0.0,0.0,0.0,0.0,0.0,0.0,0.0,0.0,0.0,1.0,0.0,0.0
8,9,0.0,0.0,0.0,0.0,0.0,0.0,0.0,0.0,0.0,1.0,0.0,0.0
8,9,0.0,0.0,0.0,0.0,0.0,0.0,0.0,0.0,0.0,1.0,0.0,0.0
8,9,0.0,0.0,0.0,0.0,0.0,0.0,0.0,0.0,0.0,1.0,0.0,0.0
8,9,0.0,0.0,0.0,0.0,0.0,0.0,0.0,0.0,0.0,1.0,0.0,0.0
8,9,0.0,0.0,0.0,0.0,0.0,0.0,0.0,0.0,0.0,1.0,0.0,0.0
8,9,0.0,0.0,0.0,0.0,0.0,0.0,0.0,0.0,0.0,1.0,0.0,0.0
8,9,0.0,0.0,0.0,0.0,0.0,0.0,0.0,0.0,0.0,1.0,0.0,0.0
8,9,0.0,0.0,0.0,0.0,0.0,0.0,0.0,0.0,0.0,1.0,0.0,0.0
8,9,0.0,0.0,0.0,0.0,0.0,0.0,0.0,0.0,0.0,1.0,0.0,0.0
8,9,0.0,0.0,0.0,0.0,0.0,0.0,0.0,0.0,0.0,1.0,0.0,0.0
8,9,0.0,0.0,0.0,0.0,0.0,0.0,0.0,0.0,0.0,1.0,0.0,0.0
8,9,0.0,0.0,0.0,0.0,0.0,0.0,0.0,0.0,0.0,1.0,0.0,0.0
8,9,0.0,0.0,0.0,0.0,0.0,0.0,0.0,0.0,0.0,1.0,0.0,0.0
8,9,0.0,0.0,0.0,0.0,0.0,0.0,0.0,0.0,0.0,1.0,0.0,0.0
8,9,0.0,0.0,0.0,0.0,0.0,0.0,0.0,0.0,0.0,1.0,0.0,0.0
8,9,0.0,0.0,0.0,0.0,0.0,0.0,0.0,0.0,0.0,1.0,0.0,0.0
8,9,0.0,0.0,0.0,0.0,0.0,0.0,0.0,0.0,0.0,1.0,0.0,0.0
8,9,0.0,0.0,0.0,0.0,0.0,0.0,0.0,0.0,0.0,1.0,0.0,0.0
8,9,0.0,0.0,0.0,0.0,0.0,0.0,0.0,0.0,0.0,1.0,0.0,0.0
8,9,0.0,0.0,0.0,0.0,0.0,0.0,0.0,0.0,0.0,1.0,0.0,0.0
8,9,0.0,0.0,0.0,0.0,0.0,0.0,0.0,0.0,0.0,1.0,0.0,0.0
8,9,0.0,0.0,0.0,0.0,0.0,0.0,0.0,0.0,0.0,1.0,0.0,0.0
8,9,0.0,0.0,0.0,0.0,0.0,0.0,0.0,0.0,0.0,1.0,0.0,0.0
8,9,0.0,0.0,0.0,0.0,0.0,0.0,0.0,0.0,0.0,1.0,0.0,0.0
8,9,0.0,0.0,0.0,0.0,0.0,0.0,0.0,0.0,0.0,1.0,0.0,0.0
8,9,0.0,0.0,0.0,0.0,0.0,0.0,0.0,0.0,0.0,1.0,0.0,0.0
8,9,0.0,0.0,0.0,0.0,0.0,0.0,0.0,0.0,0.0,1.0,0.0,0.0
8,9,0.0,0.0,0.0,0.0,0.0,0.0,0.0,0.0,0.0,1.0,0.0,0.0
8,9,0.0,0.0,0.0,0.0,0.0,0.0,0.0,0.0,0.0,1.0,0.0,0.0
8,9,0.0,0.0,0.0,0.0,0.0,0.0,0.0,0.0,0.0,1.0,0.0,0.0
8,9,0.0,0.0,0.0,0.0,0.0,0.0,0.0,0.0,0.0,1.0,0.0,0.0
8,9,0.0,0.0,0.0,0.0,0.0,0.0,0.0,0.0,0.0,1.0,0.0,0.0
8,9,0.0,0.0,0.0,0.0,0.0,0.0,0.0,0.0,0.0,1.0,0.0,0.0
8,9,0.0,0.0,0.0,0.0,0.0,0.0,0.0,0.0,0.0,1.0,0.0,0.0
8,9,0.0,0.0,0.0,0.0,0.0,0.0,0.0,0.0,0.0,1.0,0.0,0.0
8,9,0.0,0.0,0.0,0.0,0.0,0.0,0.0,0.0,0.0,1.0,0.0,0.0
8,9,0.0,0.0,0.0,0.0,0.0,0.0,0.0,0.0,0.0,1.0,0.0,0.0
8,9,0.0,0.0,0.0,0.0,0.0,0.0,0.0,0.0,0.0,1.0,0.0,0.0
8,9,0.0,0.0,0.0,0.0,0.0,0.0,0.0,0.0,0.0,1.0,0.0,0.0
8,9,0.0,0.0,0.0,0.0,0.0,0.0,0.0,0.0,0.0,1.0,0.0,0.0
8,9,0.0,0.0,0.0,0.0,0.0,0.0,0.0,0.0,0.0,1.0,0.0,0.0
8,9,0.0,0.0,0.0,0.0,0.0,0.0,0.0,0.0,0.0,1.0,0.0,0.0
8,9,0.0,0.0,0.0,0.0,0.0,0.0,0.0,0.0,0.0,1.0,0.0,0.0
8,9,0.0,0.0,0.0,0.0,0.0,0.0,0.0,0.0,0.0,1.0,0.0,0.0
8,9,0.0,0.0,0.0,0.0,0.0,0.0,0.0,0.0,0.0,1.0,0.0,0.0
8,9,0.0,0.0,0.0,0.0,0.0,0.0,0.0,0.0,0.0,1.0,0.0,0.0
8,9,0.0,0.0,0.0,0.0,0.0,0.0,0.0,0.0,0.0,1.0,0.0,0.0
8,9,0.0,0.0,0.0,0.0,0.0,0.0,0.0,0.0,0.0,1.0,0.0,0.0
8,9,0.0,0.0,0.0,0.0,0.0,0.0,0.0,0.0,0.0,1.0,0.0,0.0
8,9,0.0,0.0,0.0,0.0,0.0,0.0,0.0,0.0,0.0,1.0,0.0,0.0
8,9,0.0,0.0,0.0,0.0,0.0,0.0,0.0,0.0,0.0,1.0,0.0,0.0
8,9,0.0,0.0,0.0,0.0,0.0,0.0,0.0,0.0,0.0,1.0,0.0,0.0
8,9,0.0,0.0,0.0,0.0,0.0,0.0,0.0,0.0,0.0,1.0,0.0,0.0
8,9,0.0,0.0,0.0,0.0,0.0,0.0,0.0,0.0,0.0,1.0,0.0,0.0
8,9,0.0,0.0,0.0,0.0,0.0,0.0,0.0,0.0,0.0,1.0,0.0,0.0
8,9,0.0,0.0,0.0,0.0,0.0,0.0,0.0,0.0,0.0,1.0,0.0,0.0
8,9,0.0,0.0,0.0,0.0,0.0,0.0,0.0,0.0,0.0,1.0,0.0,0.0
8,9,0.0,0.0,0.0,0.0,0.0,0.0,0.0,0.0,0.0,1.0,0.0,0.0
8,9,0.0,0.0,0.0,0.0,0.0,0.0,0.0,0.0,0.0,1.0,0.0,0.0
8,9,0.0,0.0,0.0,0.0,0.0,0.0,0.0,0.0,0.0,1.0,0.0,0.0
8,9,0.0,0.0,0.0,0.0,0.0,0.0,0.0,0.0,0.0,1.0,0.0,0.0
8,9,0.0,0.0,0.0,0.0,0.0,0.0,0.0,0.0,0.0,1.0,0.0,0.0
8,9,0.0,0.0,0.0,0.0,0.0,0.0,0.0,0.0,0.0,1.0,0.0,0.0
8,9,0.0,0.0,0.0,0.0,0.0,0.0,0.0,0.0,0.0,1.0,0.0,0.0
8,9,0.0,0.0,0.0,0.0,0.0,0.0,0.0,0.0,0.0,1.0,0.0,0.0
8,9,0.0,0.0,0.0,0.0,0.0,0.0,0.0,0.0,0.0,1.0,0.0,0.0
8,9,0.0,0.0,0.0,0.0,0.0,0.0,0.0,0.0,0.0,1.0,0.0,0.0
8,9,0.0,0.0,0.0,0.0,0.0,0.0,0.0,0.0,0.0,1.0,0.0,0.0
8,9,0.0,0.0,0.0,0.0,0.0,0.0,0.0,0.0,0.0,1.0,0.0,0.0
8,9,0.0,0.0,0.0,0.0,0.0,0.0,0.0,0.0,0.0,1.0,0.0,0.0
8,9,0.0,0.0,0.0,0.0,0.0,0.0,0.0,0.0,0.0,1.0,0.0,0.0
8,9,0.0,0.0,0.0,0.0,0.0,0.0,0.0,0.0,0.0,1.0,0.0,0.0
8,9,0.0,0.0,0.0,0.0,0.0,0.0,0.0,0.0,0.0,1.0,0.0,0.0
8,9,0.0,0.0,0.0,0.0,0.0,0.0,0.0,0.0,0.0,1.0,0.0,0.0
8,9,0.0,0.0,0.0,0.0,0.0,0.0,0.0,0.0,0.0,1.0,0.0,0.0
8,9,0.0,0.0,0.0,0.0,0.0,0.0,0.0,0.0,0.0,1.0,0.0,0.0
8,9,0.0,0.0,0.0,0.0,0.0,0.0,0.0,0.0,0.0,1.0,0.0,0.0
8,9,0.0,0.0,0.0,0.0,0.0,0.0,0.0,0.0,0.0,1.0,0.0,0.0
8,9,0.0,0.0,0.0,0.0,0.0,0.0,0.0,0.0,0.0,1.0,0.0,0.0
8,9,0.0,0.0,0.0,0.0,0.0,0.0,0.0,0.0,0.0,1.0,0.0,0.0
8,9,0.0,0.0,0.0,0.0,0.0,0.0,0.0,0.0,0.0,1.0,0.0,0.0
8,9,0.0,0.0,0.0,0.0,0.0,0.0,0.0,0.0,0.0,1.0,0.0,0.0
8,9,0.0,0.0,0.0,0.0,0.0,0.0,0.0,0.0,0.0,1.0,0.0,0.0
8,9,0.0,0.0,0.0,0.0,0.0,0.0,0.0,0.0,0.0,1.0,0.0,0.0
8,9,0.0,0.0,0.0,0.0,0.0,0.0,0.0,0.0,0.0,1.0,0.0,0.0
8,9,0.0,0.0,0.0,0.0,0.0,0.0,0.0,0.0,0.0,1.0,0.0,0.0
8,9,0.0,0.0,0.0,0.0,0.0,0.0,0.0,0.0,0.0,1.0,0.0,0.0
8,9,0.0,0.0,0.0,0.0,0.0,0.0,0.0,0.0,0.0,1.0,0.0,0.0
8,9,0.0,0.0,0.0,0.0,0.0,0.0,0.0,0.0,0.0,1.0,0.0,0.0
8,9,0.0,0.0,0.0,0.0,0.0,0.0,0.0,0.0,0.0,1.0,0.0,0.0
8,9,0.0,0.0,0.0,0.0,0.0,0.0,0.0,0.0,0.0,1.0,0.0,0.0
8,9,0.0,0.0,0.0,0.0,0.0,0.0,0.0,0.0,0.0,1.0,0.0,0.0
8,9,0.0,0.0,0.0,0.0,0.0,0.0,0.0,0.0,0.0,1.0,0.0,0.0
8,9,0.0,0.0,0.0,0.0,0.0,0.0,0.0,0.0,0.0,1.0,0.0,0.0
8,9,0.0,0.0,0.0,0.0,0.0,0.0,0.0,0.0,0.0,1.0,0.0,0.0
8,9,0.0,0.0,0.0,0.0,0.0,0.0,0.0,0.0,0.0,1.0,0.0,0.0
8,9,0.0,0.0,0.0,0.0,0.0,0.0,0.0,0.0,0.0,1.0,0.0,0.0
8,9,0.0,0.0,0.0,0.0,0.0,0.0,0.0,0.0,0.0,1.0,0.0,0.0
8,9,0.0,0.0,0.0,0.0,0.0,0.0,0.0,0.0,0.0,1.0,0.0,0.0
8,9,0.0,0.0,0.0,0.0,0.0,0.0,0.0,0.0,0.0,1.0,0.0,0.0
8,9,0.0,0.0,0.0,0.0,0.0,0.0,0.0,0.0,0.0,1.0,0.0,0.0
8,9,0.0,0.0,0.0,0.0,0.0,0.0,0.0,0.0,0.0,1.0,0.0,0.0
8,9,0.0,0.0,0.0,0.0,0.0,0.0,0.0,0.0,0.0,1.0,0.0,0.0
8,9,0.0,0.0,0.0,0.0,0.0,0.0,0.0,0.0,0.0,1.0,0.0,0.0
8,9,0.0,0.0,0.0,0.0,0.0,0.0,0.0,0.0,0.0,1.0,0.0,0.0
8,9,0.0,0.0,0.0,0.0,0.0,0.0,0.0,0.0,0.0,1.0,0.0,0.0
8,9,0.0,0.0,0.0,0.0,0.0,0.0,0.0,0.0,0.0,1.0,0.0,0.0
8,9,0.0,0.0,0.0,0.0,0.0,0.0,0.0,0.0,0.0,1.0,0.0,0.0
8,9,0.0,0.0,0.0,0.0,0.0,0.0,0.0,0.0,0.0,1.0,0.0,0.0
8,9,0.0,0.0,0.0,0.0,0.0,0.0,0.0,0.0,0.0,1.0,0.0,0.0
8,9,0.0,0.0,0.0,0.0,0.0,0.0,0.0,0.0,0.0,1.0,0.0,0.0
8,9,0.0,0.0,0.0,0.0,0.0,0.0,0.0,0.0,0.0,1.0,0.0,0.0
8,9,0.0,0.0,0.0,0.0,0.0,0.0,0.0,0.0,0.0,1.0,0.0,0.0
8,9,0.0,0.0,0.0,0.0,0.0,0.0,0.0,0.0,0.0,1.0,0.0,0.0
8,9,0.0,0.0,0.0,0.0,0.0,0.0,0.0,0.0,0.0,1.0,0.0,0.0
8,9,0.0,0.0,0.0,0.0,0.0,0.0,0.0,0.0,0.0,1.0,0.0,0.0
8,9,0.0,0.0,0.0,0.0,0.0,0.0,0.0,0.0,0.0,1.0,0.0,0.0
8,9,0.0,0.0,0.0,0.0,0.0,0.0,0.0,0.0,0.0,1.0,0.0,0.0
8,9,0.0,0.0,0.0,0.0,0.0,0.0,0.0,0.0,0.0,1.0,0.0,0.0
8,9,0.0,0.0,0.0,0.0,0.0,0.0,0.0,0.0,0.0,1.0,0.0,0.0
8,9,0.0,0.0,0.0,0.0,0.0,0.0,0.0,0.0,0.0,1.0,0.0,0.0
8,9,0.0,0.0,0.0,0.0,0.0,0.0,0.0,0.0,0.0,1.0,0.0,0.0
8,9,0.0,0.0,0.0,0.0,0.0,0.0,0.0,0.0,0.0,1.0,0.0,0.0
8,9,0.0,0.0,0.0,0.0,0.0,0.0,0.0,0.0,0.0,1.0,0.0,0.0
8,9,0.0,0.0,0.0,0.0,0.0,0.0,0.0,0.0,0.0,1.0,0.0,0.0
8,9,0.0,0.0,0.0,0.0,0.0,0.0,0.0,0.0,0.0,1.0,0.0,0.0
8,9,0.0,0.0,0.0,0.0,0.0,0.0,0.0,0.0,0.0,1.0,0.0,0.0
8,9,0.0,0.0,0.0,0.0,0.0,0.0,0.0,0.0,0.0,1.0,0.0,0.0
8,9,0.0,0.0,0.0,0.0,0.0,0.0,0.0,0.0,0.0,1.0,0.0,0.0
8,9,0.0,0.0,0.0,0.0,0.0,0.0,0.0,0.0,0.0,1.0,0.0,0.0
8,9,0.0,0.0,0.0,0.0,0.0,0.0,0.0,0.0,0.0,1.0,0.0,0.0
8,9,0.0,0.0,0.0,0.0,0.0,0.0,0.0,0.0,0.0,1.0,0.0,0.0
8,9,0.0,0.0,0.0,0.0,0.0,0.0,0.0,0.0,0.0,1.0,0.0,0.0
8,9,0.0,0.0,0.0,0.0,0.0,0.0,0.0,0.0,0.0,1.0,0.0,0.0
8,9,0.0,0.0,0.0,0.0,0.0,0.0,0.0,0.0,0.0,1.0,0.0,0.0
8,9,0.0,0.0,0.0,0.0,0.0,0.0,0.0,0.0,0.0,1.0,0.0,0.0
8,9,0.0,0.0,0.0,0.0,0.0,0.0,0.0,0.0,0.0,1.0,0.0,0.0
8,9,0.0,0.0,0.0,0.0,0.0,0.0,0.0,0.0,0.0,1.0,0.0,0.0
8,9,0.0,0.0,0.0,0.0,0.0,0.0,0.0,0.0,0.0,1.0,0.0,0.0
8,9,0.0,0.0,0.0,0.0,0.0,0.0,0.0,0.0,0.0,1.0,0.0,0.0
8,9,0.0,0.0,0.0,0.0,0.0,0.0,0.0,0.0,0.0,1.0,0.0,0.0
8,9,0.0,0.0,0.0,0.0,0.0,0.0,0.0,0.0,0.0,1.0,0.0,0.0
8,9,0.0,0.0,0.0,0.0,0.0,0.0,0.0,0.0,0.0,1.0,0.0,0.0
8,9,0.0,0.0,0.0,0.0,0.0,0.0,0.0,0.0,0.0,1.0,0.0,0.0
8,9,0.0,0.0,0.0,0.0,0.0,0.0,0.0,0.0,0.0,1.0,0.0,0.0
8,9,0.0,0.0,0.0,0.0,0.0,0.0,0.0,0.0,0.0,1.0,0.0,0.0
8,9,0.0,0.0,0.0,0.0,0.0,0.0,0.0,0.0,0.0,1.0,0.0,0.0
8,9,0.0,0.0,0.0,0.0,0.0,0.0,0.0,0.0,0.0,1.0,0.0,0.0
8,9,0.0,0.0,0.0,0.0,0.0,0.0,0.0,0.0,0.0,1.0,0.0,0.0
8,9,0.0,0.0,0.0,0.0,0.0,0.0,0.0,0.0,0.0,1.0,0.0,0.0
8,9,0.0,0.0,0.0,0.0,0.0,0.0,0.0,0.0,0.0,1.0,0.0,0.0
8,9,0.0,0.0,0.0,0.0,0.0,0.0,0.0,0.0,0.0,1.0,0.0,0.0
8,9,0.0,0.0,0.0,0.0,0.0,0.0,0.0,0.0,0.0,1.0,0.0,0.0
8,9,0.0,0.0,0.0,0.0,0.0,0.0,0.0,0.0,0.0,1.0,0.0,0.0
8,9,0.0,0.0,0.0,0.0,0.0,0.0,0.0,0.0,0.0,1.0,0.0,0.0
8,9,0.0,0.0,0.0,0.0,0.0,0.0,0.0,0.0,0.0,1.0,0.0,0.0
8,9,0.0,0.0,0.0,0.0,0.0,0.0,0.0,0.0,0.0,1.0,0.0,0.0
8,9,0.0,0.0,0.0,0.0,0.0,0.0,0.0,0.0,0.0,1.0,0.0,0.0
8,9,0.0,0.0,0.0,0.0,0.0,0.0,0.0,0.0,0.0,1.0,0.0,0.0
8,9,0.0,0.0,0.0,0.0,0.0,0.0,0.0,0.0,0.0,1.0,0.0,0.0
8,9,0.0,0.0,0.0,0.0,0.0,0.0,0.0,0.0,0.0,1.0,0.0,0.0
8,9,0.0,0.0,0.0,0.0,0.0,0.0,0.0,0.0,0.0,1.0,0.0,0.0
8,9,0.0,0.0,0.0,0.0,0.0,0.0,0.0,0.0,0.0,1.0,0.0,0.0
8,9,0.0,0.0,0.0,0.0,0.0,0.0,0.0,0.0,0.0,1.0,0.0,0.0
8,9,0.0,0.0,0.0,0.0,0.0,0.0,0.0,0.0,0.0,1.0,0.0,0.0
8,9,0.0,0.0,0.0,0.0,0.0,0.0,0.0,0.0,0.0,1.0,0.0,0.0
8,9,0.0,0.0,0.0,0.0,0.0,0.0,0.0,0.0,0.0,1.0,0.0,0.0
8,9,0.0,0.0,0.0,0.0,0.0,0.0,0.0,0.0,0.0,1.0,0.0,0.0
8,9,0.0,0.0,0.0,0.0,0.0,0.0,0.0,0.0,0.0,1.0,0.0,0.0
8,9,0.0,0.0,0.0,0.0,0.0,0.0,0.0,0.0,0.0,1.0,0.0,0.0
8,9,0.0,0.0,0.0,0.0,0.0,0.0,0.0,0.0,0.0,1.0,0.0,0.0
8,9,0.0,0.0,0.0,0.0,0.0,0.0,0.0,0.0,0.0,1.0,0.0,0.0
8,9,0.0,0.0,0.0,0.0,0.0,0.0,0.0,0.0,0.0,1.0,0.0,0.0
8,9,0.0,0.0,0.0,0.0,0.0,0.0,0.0,0.0,0.0,1.0,0.0,0.0
8,9,0.0,0.0,0.0,0.0,0.0,0.0,0.0,0.0,0.0,1.0,0.0,0.0
8,9,0.0,0.0,0.0,0.0,0.0,0.0,0.0,0.0,0.0,1.0,0.0,0.0
8,9,0.0,0.0,0.0,0.0,0.0,0.0,0.0,0.0,0.0,1.0,0.0,0.0
8,9,0.0,0.0,0.0,0.0,0.0,0.0,0.0,0.0,0.0,1.0,0.0,0.0
8,9,0.0,0.0,0.0,0.0,0.0,0.0,0.0,0.0,0.0,1.0,0.0,0.0
8,9,0.0,0.0,0.0,0.0,0.0,0.0,0.0,0.0,0.0,1.0,0.0,0.0
8,9,0.0,0.0,0.0,0.0,0.0,0.0,0.0,0.0,0.0,1.0,0.0,0.0
8,9,0.0,0.0,0.0,0.0,0.0,0.0,0.0,0.0,0.0,1.0,0.0,0.0
8,9,0.0,0.0,0.0,0.0,0.0,0.0,0.0,0.0,0.0,1.0,0.0,0.0
8,9,0.0,0.0,0.0,0.0,0.0,0.0,0.0,0.0,0.0,1.0,0.0,0.0
8,9,0.0,0.0,0.0,0.0,0.0,0.0,0.0,0.0,0.0,1.0,0.0,0.0
8,9,0.0,0.0,0.0,0.0,0.0,0.0,0.0,0.0,0.0,1.0,0.0,0.0
8,9,0.0,0.0,0.0,0.0,0.0,0.0,0.0,0.0,0.0,1.0,0.0,0.0
8,9,0.0,0.0,0.0,0.0,0.0,0.0,0.0,0.0,0.0,1.0,0.0,0.0
8,9,0.0,0.0,0.0,0.0,0.0,0.0,0.0,0.0,0.0,1.0,0.0,0.0
8,9,0.0,0.0,0.0,0.0,0.0,0.0,0.0,0.0,0.0,1.0,0.0,0.0
8,9,0.0,0.0,0.0,0.0,0.0,0.0,0.0,0.0,0.0,1.0,0.0,0.0
8,9,0.0,0.0,0.0,0.0,0.0,0.0,0.0,0.0,0.0,1.0,0.0,0.0
8,9,0.0,0.0,0.0,0.0,0.0,0.0,0.0,0.0,0.0,1.0,0.0,0.0
8,9,0.0,0.0,0.0,0.0,0.0,0.0,0.0,0.0,0.0,1.0,0.0,0.0
8,9,0.0,0.0,0.0,0.0,0.0,0.0,0.0,0.0,0.0,1.0,0.0,0.0
8,9,0.0,0.0,0.0,0.0,0.0,0.0,0.0,0.0,0.0,1.0,0.0,0.0
8,9,0.0,0.0,0.0,0.0,0.0,0.0,0.0,0.0,0.0,1.0,0.0,0.0
8,9,0.0,0.0,0.0,0.0,0.0,0.0,0.0,0.0,0.0,1.0,0.0,0.0
8,9,0.0,0.0,0.0,0.0,0.0,0.0,0.0,0.0,0.0,1.0,0.0,0.0
8,9,0.0,0.0,0.0,0.0,0.0,0.0,0.0,0.0,0.0,1.0,0.0,0.0
8,9,0.0,0.0,0.0,0.0,0.0,0.0,0.0,0.0,0.0,1.0,0.0,0.0
8,9,0.0,0.0,0.0,0.0,0.0,0.0,0.0,0.0,0.0,1.0,0.0,0.0
8,9,0.0,0.0,0.0,0.0,0.0,0.0,0.0,0.0,0.0,1.0,0.0,0.0
8,9,0.0,0.0,0.0,0.0,0.0,0.0,0.0,0.0,0.0,1.0,0.0,0.0
8,9,0.0,0.0,0.0,0.0,0.0,0.0,0.0,0.0,0.0,1.0,0.0,0.0
8,9,0.0,0.0,0.0,0.0,0.0,0.0,0.0,0.0,0.0,1.0,0.0,0.0
8,9,0.0,0.0,0.0,0.0,0.0,0.0,0.0,0.0,0.0,1.0,0.0,0.0
8,9,0.0,0.0,0.0,0.0,0.0,0.0,0.0,0.0,0.0,1.0,0.0,0.0
8,9,0.0,0.0,0.0,0.0,0.0,0.0,0.0,0.0,0.0,1.0,0.0,0.0
8,9,0.0,0.0,0.0,0.0,0.0,0.0,0.0,0.0,0.0,1.0,0.0,0.0
8,9,0.0,0.0,0.0,0.0,0.0,0.0,0.0,0.0,0.0,1.0,0.0,0.0
8,9,0.0,0.0,0.0,0.0,0.0,0.0,0.0,0.0,0.0,1.0,0.0,0.0
8,9,0.0,0.0,0.0,0.0,0.0,0.0,0.0,0.0,0.0,1.0,0.0,0.0
8,9,0.0,0.0,0.0,0.0,0.0,0.0,0.0,0.0,0.0,1.0,0.0,0.0
8,9,0.0,0.0,0.0,0.0,0.0,0.0,0.0,0.0,0.0,1.0,0.0,0.0
8,9,0.0,0.0,0.0,0.0,0.0,0.0,0.0,0.0,0.0,1.0,0.0,0.0
8,9,0.0,0.0,0.0,0.0,0.0,0.0,0.0,0.0,0.0,1.0,0.0,0.0
8,9,0.0,0.0,0.0,0.0,0.0,0.0,0.0,0.0,0.0,1.0,0.0,0.0
8,9,0.0,0.0,0.0,0.0,0.0,0.0,0.0,0.0,0.0,1.0,0.0,0.0
8,9,0.0,0.0,0.0,0.0,0.0,0.0,0.0,0.0,0.0,1.0,0.0,0.0
8,9,0.0,0.0,0.0,0.0,0.0,0.0,0.0,0.0,0.0,1.0,0.0,0.0
8,9,0.0,0.0,0.0,0.0,0.0,0.0,0.0,0.0,0.0,1.0,0.0,0.0
8,9,0.0,0.0,0.0,0.0,0.0,0.0,0.0,0.0,0.0,1.0,0.0,0.0
8,9,0.0,0.0,0.0,0.0,0.0,0.0,0.0,0.0,0.0,1.0,0.0,0.0
8,9,0.0,0.0,0.0,0.0,0.0,0.0,0.0,0.0,0.0,1.0,0.0,0.0
8,9,0.0,0.0,0.0,0.0,0.0,0.0,0.0,0.0,0.0,1.0,0.0,0.0
8,9,0.0,0.0,0.0,0.0,0.0,0.0,0.0,0.0,0.0,1.0,0.0,0.0
8,9,0.0,0.0,0.0,0.0,0.0,0.0,0.0,0.0,0.0,1.0,0.0,0.0
8,9,0.0,0.0,0.0,0.0,0.0,0.0,0.0,0.0,0.0,1.0,0.0,0.0
8,9,0.0,0.0,0.0,0.0,0.0,0.0,0.0,0.0,0.0,1.0,0.0,0.0
8,9,0.0,0.0,0.0,0.0,0.0,0.0,0.0,0.0,0.0,1.0,0.0,0.0
8,9,0.0,0.0,0.0,0.0,0.0,0.0,0.0,0.0,0.0,1.0,0.0,0.0
8,9,0.0,0.0,0.0,0.0,0.0,0.0,0.0,0.0,0.0,1.0,0.0,0.0
8,9,0.0,0.0,0.0,0.0,0.0,0.0,0.0,0.0,0.0,1.0,0.0,0.0
8,9,0.0,0.0,0.0,0.0,0.0,0.0,0.0,0.0,0.0,1.0,0.0,0.0
8,9,0.0,0.0,0.0,0.0,0.0,0.0,0.0,0.0,0.0,1.0,0.0,0.0
8,9,0.0,0.0,0.0,0.0,0.0,0.0,0.0,0.0,0.0,1.0,0.0,0.0
8,9,0.0,0.0,0.0,0.0,0.0,0.0,0.0,0.0,0.0,1.0,0.0,0.0
8,9,0.0,0.0,0.0,0.0,0.0,0.0,0.0,0.0,0.0,1.0,0.0,0.0
8,9,0.0,0.0,0.0,0.0,0.0,0.0,0.0,0.0,0.0,1.0,0.0,0.0
8,9,0.0,0.0,0.0,0.0,0.0,0.0,0.0,0.0,0.0,1.0,0.0,0.0
8,9,0.0,0.0,0.0,0.0,0.0,0.0,0.0,0.0,0.0,1.0,0.0,0.0
8,9,0.0,0.0,0.0,0.0,0.0,0.0,0.0,0.0,0.0,1.0,0.0,0.0
8,9,0.0,0.0,0.0,0.0,0.0,0.0,0.0,0.0,0.0,1.0,0.0,0.0
8,9,0.0,0.0,0.0,0.0,0.0,0.0,0.0,0.0,0.0,1.0,0.0,0.0
8,9,0.0,0.0,0.0,0.0,0.0,0.0,0.0,0.0,0.0,1.0,0.0,0.0
8,9,0.0,0.0,0.0,0.0,0.0,0.0,0.0,0.0,0.0,1.0,0.0,0.0
8,9,0.0,0.0,0.0,0.0,0.0,0.0,0.0,0.0,0.0,1.0,0.0,0.0
8,9,0.0,0.0,0.0,0.0,0.0,0.0,0.0,0.0,0.0,1.0,0.0,0.0
8,9,0.0,0.0,0.0,0.0,0.0,0.0,0.0,0.0,0.0,1.0,0.0,0.0
8,9,0.0,0.0,0.0,0.0,0.0,0.0,0.0,0.0,0.0,1.0,0.0,0.0
8,9,0.0,0.0,0.0,0.0,0.0,0.0,0.0,0.0,0.0,1.0,0.0,0.0
8,9,0.0,0.0,0.0,0.0,0.0,0.0,0.0,0.0,0.0,1.0,0.0,0.0
8,9,0.0,0.0,0.0,0.0,0.0,0.0,0.0,0.0,0.0,1.0,0.0,0.0
8,9,0.0,0.0,0.0,0.0,0.0,0.0,0.0,0.0,0.0,1.0,0.0,0.0
8,9,0.0,0.0,0.0,0.0,0.0,0.0,0.0,0.0,0.0,1.0,0.0,0.0
8,9,0.0,0.0,0.0,0.0,0.0,0.0,0.0,0.0,0.0,1.0,0.0,0.0
8,9,0.0,0.0,0.0,0.0,0.0,0.0,0.0,0.0,0.0,1.0,0.0,0.0
8,9,0.0,0.0,0.0,0.0,0.0,0.0,0.0,0.0,0.0,1.0,0.0,0.0
8,9,0.0,0.0,0.0,0.0,0.0,0.0,0.0,0.0,0.0,1.0,0.0,0.0
8,9,0.0,0.0,0.0,0.0,0.0,0.0,0.0,0.0,0.0,1.0,0.0,0.0
8,9,0.0,0.0,0.0,0.0,0.0,0.0,0.0,0.0,0.0,1.0,0.0,0.0
8,9,0.0,0.0,0.0,0.0,0.0,0.0,0.0,0.0,0.0,1.0,0.0,0.0
8,9,0.0,0.0,0.0,0.0,0.0,0.0,0.0,0.0,0.0,1.0,0.0,0.0
8,9,0.0,0.0,0.0,0.0,0.0,0.0,0.0,0.0,0.0,1.0,0.0,0.0
8,9,0.0,0.0,0.0,0.0,0.0,0.0,0.0,0.0,0.0,1.0,0.0,0.0
8,9,0.0,0.0,0.0,0.0,0.0,0.0,0.0,0.0,0.0,1.0,0.0,0.0
8,9,0.0,0.0,0.0,0.0,0.0,0.0,0.0,0.0,0.0,1.0,0.0,0.0
8,9,0.0,0.0,0.0,0.0,0.0,0.0,0.0,0.0,0.0,1.0,0.0,0.0
8,9,0.0,0.0,0.0,0.0,0.0,0.0,0.0,0.0,0.0,1.0,0.0,0.0
8,9,0.0,0.0,0.0,0.0,0.0,0.0,0.0,0.0,0.0,1.0,0.0,0.0
8,9,0.0,0.0,0.0,0.0,0.0,0.0,0.0,0.0,0.0,1.0,0.0,0.0
8,9,0.0,0.0,0.0,0.0,0.0,0.0,0.0,0.0,0.0,1.0,0.0,0.0
8,9,0.0,0.0,0.0,0.0,0.0,0.0,0.0,0.0,0.0,1.0,0.0,0.0
8,9,0.0,0.0,0.0,0.0,0.0,0.0,0.0,0.0,0.0,1.0,0.0,0.0
8,9,0.0,0.0,0.0,0.0,0.0,0.0,0.0,0.0,0.0,1.0,0.0,0.0
8,9,0.0,0.0,0.0,0.0,0.0,0.0,0.0,0.0,0.0,1.0,0.0,0.0
8,9,0.0,0.0,0.0,0.0,0.0,0.0,0.0,0.0,0.0,1.0,0.0,0.0
8,9,0.0,0.0,0.0,0.0,0.0,0.0,0.0,0.0,0.0,1.0,0.0,0.0
8,9,0.0,0.0,0.0,0.0,0.0,0.0,0.0,0.0,0.0,1.0,0.0,0.0
8,9,0.0,0.0,0.0,0.0,0.0,0.0,0.0,0.0,0.0,1.0,0.0,0.0
8,9,0.0,0.0,0.0,0.0,0.0,0.0,0.0,0.0,0.0,1.0,0.0,0.0
8,9,0.0,0.0,0.0,0.0,0.0,0.0,0.0,0.0,0.0,1.0,0.0,0.0
8,9,0.0,0.0,0.0,0.0,0.0,0.0,0.0,0.0,0.0,1.0,0.0,0.0
8,9,0.0,0.0,0.0,0.0,0.0,0.0,0.0,0.0,0.0,1.0,0.0,0.0
8,9,0.0,0.0,0.0,0.0,0.0,0.0,0.0,0.0,0.0,1.0,0.0,0.0
8,9,0.0,0.0,0.0,0.0,0.0,0.0,0.0,0.0,0.0,1.0,0.0,0.0
8,9,0.0,0.0,0.0,0.0,0.0,0.0,0.0,0.0,0.0,1.0,0.0,0.0
8,9,0.0,0.0,0.0,0.0,0.0,0.0,0.0,0.0,0.0,1.0,0.0,0.0
8,9,0.0,0.0,0.0,0.0,0.0,0.0,0.0,0.0,0.0,1.0,0.0,0.0
8,9,0.0,0.0,0.0,0.0,0.0,0.0,0.0,0.0,0.0,1.0,0.0,0.0
8,9,0.0,0.0,0.0,0.0,0.0,0.0,0.0,0.0,0.0,1.0,0.0,0.0
8,9,0.0,0.0,0.0,0.0,0.0,0.0,0.0,0.0,0.0,1.0,0.0,0.0
8,9,0.0,0.0,0.0,0.0,0.0,0.0,0.0,0.0,0.0,1.0,0.0,0.0
8,9,0.0,0.0,0.0,0.0,0.0,0.0,0.0,0.0,0.0,1.0,0.0,0.0
8,9,0.0,0.0,0.0,0.0,0.0,0.0,0.0,0.0,0.0,1.0,0.0,0.0
8,9,0.0,0.0,0.0,0.0,0.0,0.0,0.0,0.0,0.0,1.0,0.0,0.0
8,9,0.0,0.0,0.0,0.0,0.0,0.0,0.0,0.0,0.0,1.0,0.0,0.0
8,9,0.0,0.0,0.0,0.0,0.0,0.0,0.0,0.0,0.0,1.0,0.0,0.0
8,9,0.0,0.0,0.0,0.0,0.0,0.0,0.0,0.0,0.0,1.0,0.0,0.0
8,9,0.0,0.0,0.0,0.0,0.0,0.0,0.0,0.0,0.0,1.0,0.0,0.0
8,9,0.0,0.0,0.0,0.0,0.0,0.0,0.0,0.0,0.0,1.0,0.0,0.0
8,9,0.0,0.0,0.0,0.0,0.0,0.0,0.0,0.0,0.0,1.0,0.0,0.0
8,9,0.0,0.0,0.0,0.0,0.0,0.0,0.0,0.0,0.0,1.0,0.0,0.0
8,9,0.0,0.0,0.0,0.0,0.0,0.0,0.0,0.0,0.0,1.0,0.0,0.0
8,9,0.0,0.0,0.0,0.0,0.0,0.0,0.0,0.0,0.0,1.0,0.0,0.0
8,9,0.0,0.0,0.0,0.0,0.0,0.0,0.0,0.0,0.0,1.0,0.0,0.0
8,9,0.0,0.0,0.0,0.0,0.0,0.0,0.0,0.0,0.0,1.0,0.0,0.0
8,9,0.0,0.0,0.0,0.0,0.0,0.0,0.0,0.0,0.0,1.0,0.0,0.0
8,9,0.0,0.0,0.0,0.0,0.0,0.0,0.0,0.0,0.0,1.0,0.0,0.0
8,9,0.0,0.0,0.0,0.0,0.0,0.0,0.0,0.0,0.0,1.0,0.0,0.0
8,9,0.0,0.0,0.0,0.0,0.0,0.0,0.0,0.0,0.0,1.0,0.0,0.0
8,9,0.0,0.0,0.0,0.0,0.0,0.0,0.0,0.0,0.0,1.0,0.0,0.0
8,9,0.0,0.0,0.0,0.0,0.0,0.0,0.0,0.0,0.0,1.0,0.0,0.0
8,9,0.0,0.0,0.0,0.0,0.0,0.0,0.0,0.0,0.0,1.0,0.0,0.0
8,9,0.0,0.0,0.0,0.0,0.0,0.0,0.0,0.0,0.0,1.0,0.0,0.0
8,9,0.0,0.0,0.0,0.0,0.0,0.0,0.0,0.0,0.0,1.0,0.0,0.0
8,9,0.0,0.0,0.0,0.0,0.0,0.0,0.0,0.0,0.0,1.0,0.0,0.0
8,9,0.0,0.0,0.0,0.0,0.0,0.0,0.0,0.0,0.0,1.0,0.0,0.0
8,9,0.0,0.0,0.0,0.0,0.0,0.0,0.0,0.0,0.0,1.0,0.0,0.0
8,9,0.0,0.0,0.0,0.0,0.0,0.0,0.0,0.0,0.0,1.0,0.0,0.0
8,9,0.0,0.0,0.0,0.0,0.0,0.0,0.0,0.0,0.0,1.0,0.0,0.0
8,9,0.0,0.0,0.0,0.0,0.0,0.0,0.0,0.0,0.0,1.0,0.0,0.0
8,9,0.0,0.0,0.0,0.0,0.0,0.0,0.0,0.0,0.0,1.0,0.0,0.0
8,9,0.0,0.0,0.0,0.0,0.0,0.0,0.0,0.0,0.0,1.0,0.0,0.0
8,9,0.0,0.0,0.0,0.0,0.0,0.0,0.0,0.0,0.0,1.0,0.0,0.0
8,9,0.0,0.0,0.0,0.0,0.0,0.0,0.0,0.0,0.0,1.0,0.0,0.0
8,9,0.0,0.0,0.0,0.0,0.0,0.0,0.0,0.0,0.0,1.0,0.0,0.0
8,9,0.0,0.0,0.0,0.0,0.0,0.0,0.0,0.0,0.0,1.0,0.0,0.0
8,9,0.0,0.0,0.0,0.0,0.0,0.0,0.0,0.0,0.0,1.0,0.0,0.0
8,9,0.0,0.0,0.0,0.0,0.0,0.0,0.0,0.0,0.0,1.0,0.0,0.0
8,9,0.0,0.0,0.0,0.0,0.0,0.0,0.0,0.0,0.0,1.0,0.0,0.0
8,9,0.0,0.0,0.0,0.0,0.0,0.0,0.0,0.0,0.0,1.0,0.0,0.0
8,9,0.0,0.0,0.0,0.0,0.0,0.0,0.0,0.0,0.0,1.0,0.0,0.0
8,9,0.0,0.0,0.0,0.0,0.0,0.0,0.0,0.0,0.0,1.0,0.0,0.0
8,9,0.0,0.0,0.0,0.0,0.0,0.0,0.0,0.0,0.0,1.0,0.0,0.0
8,9,0.0,0.0,0.0,0.0,0.0,0.0,0.0,0.0,0.0,1.0,0.0,0.0
8,9,0.0,0.0,0.0,0.0,0.0,0.0,0.0,0.0,0.0,1.0,0.0,0.0
8,9,0.0,0.0,0.0,0.0,0.0,0.0,0.0,0.0,0.0,1.0,0.0,0.0
8,9,0.0,0.0,0.0,0.0,0.0,0.0,0.0,0.0,0.0,1.0,0.0,0.0
8,9,0.0,0.0,0.0,0.0,0.0,0.0,0.0,0.0,0.0,1.0,0.0,0.0
8,9,0.0,0.0,0.0,0.0,0.0,0.0,0.0,0.0,0.0,1.0,0.0,0.0
8,9,0.0,0.0,0.0,0.0,0.0,0.0,0.0,0.0,0.0,1.0,0.0,0.0
8,9,0.0,0.0,0.0,0.0,0.0,0.0,0.0,0.0,0.0,1.0,0.0,0.0
8,9,0.0,0.0,0.0,0.0,0.0,0.0,0.0,0.0,0.0,1.0,0.0,0.0
8,9,0.0,0.0,0.0,0.0,0.0,0.0,0.0,0.0,0.0,1.0,0.0,0.0
8,9,0.0,0.0,0.0,0.0,0.0,0.0,0.0,0.0,0.0,1.0,0.0,0.0
8,9,0.0,0.0,0.0,0.0,0.0,0.0,0.0,0.0,0.0,1.0,0.0,0.0
8,9,0.0,0.0,0.0,0.0,0.0,0.0,0.0,0.0,0.0,1.0,0.0,0.0
8,9,0.0,0.0,0.0,0.0,0.0,0.0,0.0,0.0,0.0,1.0,0.0,0.0
8,9,0.0,0.0,0.0,0.0,0.0,0.0,0.0,0.0,0.0,1.0,0.0,0.0
8,9,0.0,0.0,0.0,0.0,0.0,0.0,0.0,0.0,0.0,1.0,0.0,0.0
8,9,0.0,0.0,0.0,0.0,0.0,0.0,0.0,0.0,0.0,1.0,0.0,0.0
8,9,0.0,0.0,0.0,0.0,0.0,0.0,0.0,0.0,0.0,1.0,0.0,0.0
8,9,0.0,0.0,0.0,0.0,0.0,0.0,0.0,0.0,0.0,1.0,0.0,0.0
8,9,0.0,0.0,0.0,0.0,0.0,0.0,0.0,0.0,0.0,1.0,0.0,0.0
8,9,0.0,0.0,0.0,0.0,0.0,0.0,0.0,0.0,0.0,1.0,0.0,0.0
8,9,0.0,0.0,0.0,0.0,0.0,0.0,0.0,0.0,0.0,1.0,0.0,0.0
8,9,0.0,0.0,0.0,0.0,0.0,0.0,0.0,0.0,0.0,1.0,0.0,0.0
8,9,0.0,0.0,0.0,0.0,0.0,0.0,0.0,0.0,0.0,1.0,0.0,0.0
8,9,0.0,0.0,0.0,0.0,0.0,0.0,0.0,0.0,0.0,1.0,0.0,0.0
8,9,0.0,0.0,0.0,0.0,0.0,0.0,0.0,0.0,0.0,1.0,0.0,0.0
8,9,0.0,0.0,0.0,0.0,0.0,0.0,0.0,0.0,0.0,1.0,0.0,0.0
8,9,0.0,0.0,0.0,0.0,0.0,0.0,0.0,0.0,0.0,1.0,0.0,0.0
8,9,0.0,0.0,0.0,0.0,0.0,0.0,0.0,0.0,0.0,1.0,0.0,0.0
8,9,0.0,0.0,0.0,0.0,0.0,0.0,0.0,0.0,0.0,1.0,0.0,0.0
8,9,0.0,0.0,0.0,0.0,0.0,0.0,0.0,0.0,0.0,1.0,0.0,0.0
8,9,0.0,0.0,0.0,0.0,0.0,0.0,0.0,0.0,0.0,1.0,0.0,0.0
8,9,0.0,0.0,0.0,0.0,0.0,0.0,0.0,0.0,0.0,1.0,0.0,0.0
8,9,0.0,0.0,0.0,0.0,0.0,0.0,0.0,0.0,0.0,1.0,0.0,0.0
8,9,0.0,0.0,0.0,0.0,0.0,0.0,0.0,0.0,0.0,1.0,0.0,0.0
8,9,0.0,0.0,0.0,0.0,0.0,0.0,0.0,0.0,0.0,1.0,0.0,0.0
8,9,0.0,0.0,0.0,0.0,0.0,0.0,0.0,0.0,0.0,1.0,0.0,0.0
8,9,0.0,0.0,0.0,0.0,0.0,0.0,0.0,0.0,0.0,1.0,0.0,0.0
8,9,0.0,0.0,0.0,0.0,0.0,0.0,0.0,0.0,0.0,1.0,0.0,0.0
8,9,0.0,0.0,0.0,0.0,0.0,0.0,0.0,0.0,0.0,1.0,0.0,0.0
8,9,0.0,0.0,0.0,0.0,0.0,0.0,0.0,0.0,0.0,1.0,0.0,0.0
8,9,0.0,0.0,0.0,0.0,0.0,0.0,0.0,0.0,0.0,1.0,0.0,0.0
8,9,0.0,0.0,0.0,0.0,0.0,0.0,0.0,0.0,0.0,1.0,0.0,0.0
8,9,0.0,0.0,0.0,0.0,0.0,0.0,0.0,0.0,0.0,1.0,0.0,0.0
8,9,0.0,0.0,0.0,0.0,0.0,0.0,0.0,0.0,0.0,1.0,0.0,0.0
8,9,0.0,0.0,0.0,0.0,0.0,0.0,0.0,0.0,0.0,1.0,0.0,0.0
8,9,0.0,0.0,0.0,0.0,0.0,0.0,0.0,0.0,0.0,1.0,0.0,0.0
8,9,0.0,0.0,0.0,0.0,0.0,0.0,0.0,0.0,0.0,1.0,0.0,0.0
8,9,0.0,0.0,0.0,0.0,0.0,0.0,0.0,0.0,0.0,1.0,0.0,0.0
8,9,0.0,0.0,0.0,0.0,0.0,0.0,0.0,0.0,0.0,1.0,0.0,0.0
8,9,0.0,0.0,0.0,0.0,0.0,0.0,0.0,0.0,0.0,1.0,0.0,0.0
8,9,0.0,0.0,0.0,0.0,0.0,0.0,0.0,0.0,0.0,1.0,0.0,0.0
8,9,0.0,0.0,0.0,0.0,0.0,0.0,0.0,0.0,0.0,1.0,0.0,0.0
8,9,0.0,0.0,0.0,0.0,0.0,0.0,0.0,0.0,0.0,1.0,0.0,0.0
8,9,0.0,0.0,0.0,0.0,0.0,0.0,0.0,0.0,0.0,1.0,0.0,0.0
8,9,0.0,0.0,0.0,0.0,0.0,0.0,0.0,0.0,0.0,1.0,0.0,0.0
8,9,0.0,0.0,0.0,0.0,0.0,0.0,0.0,0.0,0.0,1.0,0.0,0.0
8,9,0.0,0.0,0.0,0.0,0.0,0.0,0.0,0.0,0.0,1.0,0.0,0.0
8,9,0.0,0.0,0.0,0.0,0.0,0.0,0.0,0.0,0.0,1.0,0.0,0.0
8,9,0.0,0.0,0.0,0.0,0.0,0.0,0.0,0.0,0.0,1.0,0.0,0.0
8,9,0.0,0.0,0.0,0.0,0.0,0.0,0.0,0.0,0.0,1.0,0.0,0.0
8,9,0.0,0.0,0.0,0.0,0.0,0.0,0.0,0.0,0.0,1.0,0.0,0.0
8,9,0.0,0.0,0.0,0.0,0.0,0.0,0.0,0.0,0.0,1.0,0.0,0.0
8,9,0.0,0.0,0.0,0.0,0.0,0.0,0.0,0.0,0.0,1.0,0.0,0.0
8,9,0.0,0.0,0.0,0.0,0.0,0.0,0.0,0.0,0.0,1.0,0.0,0.0
8,9,0.0,0.0,0.0,0.0,0.0,0.0,0.0,0.0,0.0,1.0,0.0,0.0
8,9,0.0,0.0,0.0,0.0,0.0,0.0,0.0,0.0,0.0,1.0,0.0,0.0
8,9,0.0,0.0,0.0,0.0,0.0,0.0,0.0,0.0,0.0,1.0,0.0,0.0
8,9,0.0,0.0,0.0,0.0,0.0,0.0,0.0,0.0,0.0,1.0,0.0,0.0
8,9,0.0,0.0,0.0,0.0,0.0,0.0,0.0,0.0,0.0,1.0,0.0,0.0
8,9,0.0,0.0,0.0,0.0,0.0,0.0,0.0,0.0,0.0,1.0,0.0,0.0
8,9,0.0,0.0,0.0,0.0,0.0,0.0,0.0,0.0,0.0,1.0,0.0,0.0
8,9,0.0,0.0,0.0,0.0,0.0,0.0,0.0,0.0,0.0,1.0,0.0,0.0
8,9,0.0,0.0,0.0,0.0,0.0,0.0,0.0,0.0,0.0,1.0,0.0,0.0
8,9,0.0,0.0,0.0,0.0,0.0,0.0,0.0,0.0,0.0,1.0,0.0,0.0
8,9,0.0,0.0,0.0,0.0,0.0,0.0,0.0,0.0,0.0,1.0,0.0,0.0
8,9,0.0,0.0,0.0,0.0,0.0,0.0,0.0,0.0,0.0,1.0,0.0,0.0
8,9,0.0,0.0,0.0,0.0,0.0,0.0,0.0,0.0,0.0,1.0,0.0,0.0
8,9,0.0,0.0,0.0,0.0,0.0,0.0,0.0,0.0,0.0,1.0,0.0,0.0
8,9,0.0,0.0,0.0,0.0,0.0,0.0,0.0,0.0,0.0,1.0,0.0,0.0
8,9,0.0,0.0,0.0,0.0,0.0,0.0,0.0,0.0,0.0,1.0,0.0,0.0
8,9,0.0,0.0,0.0,0.0,0.0,0.0,0.0,0.0,0.0,1.0,0.0,0.0
8,9,0.0,0.0,0.0,0.0,0.0,0.0,0.0,0.0,0.0,1.0,0.0,0.0
8,9,0.0,0.0,0.0,0.0,0.0,0.0,0.0,0.0,0.0,1.0,0.0,0.0
8,9,0.0,0.0,0.0,0.0,0.0,0.0,0.0,0.0,0.0,1.0,0.0,0.0
8,9,0.0,0.0,0.0,0.0,0.0,0.0,0.0,0.0,0.0,1.0,0.0,0.0
8,9,0.0,0.0,0.0,0.0,0.0,0.0,0.0,0.0,0.0,1.0,0.0,0.0
8,9,0.0,0.0,0.0,0.0,0.0,0.0,0.0,0.0,0.0,1.0,0.0,0.0
8,9,0.0,0.0,0.0,0.0,0.0,0.0,0.0,0.0,0.0,1.0,0.0,0.0
8,9,0.0,0.0,0.0,0.0,0.0,0.0,0.0,0.0,0.0,1.0,0.0,0.0
8,9,0.0,0.0,0.0,0.0,0.0,0.0,0.0,0.0,0.0,1.0,0.0,0.0
8,9,0.0,0.0,0.0,0.0,0.0,0.0,0.0,0.0,0.0,1.0,0.0,0.0
8,9,0.0,0.0,0.0,0.0,0.0,0.0,0.0,0.0,0.0,1.0,0.0,0.0
8,9,0.0,0.0,0.0,0.0,0.0,0.0,0.0,0.0,0.0,1.0,0.0,0.0
8,9,0.0,0.0,0.0,0.0,0.0,0.0,0.0,0.0,0.0,1.0,0.0,0.0
8,9,0.0,0.0,0.0,0.0,0.0,0.0,0.0,0.0,0.0,1.0,0.0,0.0
8,9,0.0,0.0,0.0,0.0,0.0,0.0,0.0,0.0,0.0,1.0,0.0,0.0
8,9,0.0,0.0,0.0,0.0,0.0,0.0,0.0,0.0,0.0,1.0,0.0,0.0
8,9,0.0,0.0,0.0,0.0,0.0,0.0,0.0,0.0,0.0,1.0,0.0,0.0
8,9,0.0,0.0,0.0,0.0,0.0,0.0,0.0,0.0,0.0,1.0,0.0,0.0
8,9,0.0,0.0,0.0,0.0,0.0,0.0,0.0,0.0,0.0,1.0,0.0,0.0
8,9,0.0,0.0,0.0,0.0,0.0,0.0,0.0,0.0,0.0,1.0,0.0,0.0
8,9,0.0,0.0,0.0,0.0,0.0,0.0,0.0,0.0,0.0,1.0,0.0,0.0
8,9,0.0,0.0,0.0,0.0,0.0,0.0,0.0,0.0,0.0,1.0,0.0,0.0
8,9,0.0,0.0,0.0,0.0,0.0,0.0,0.0,0.0,0.0,1.0,0.0,0.0
8,9,0.0,0.0,0.0,0.0,0.0,0.0,0.0,0.0,0.0,1.0,0.0,0.0
8,9,0.0,0.0,0.0,0.0,0.0,0.0,0.0,0.0,0.0,1.0,0.0,0.0
8,9,0.0,0.0,0.0,0.0,0.0,0.0,0.0,0.0,0.0,1.0,0.0,0.0
8,9,0.0,0.0,0.0,0.0,0.0,0.0,0.0,0.0,0.0,1.0,0.0,0.0
8,9,0.0,0.0,0.0,0.0,0.0,0.0,0.0,0.0,0.0,1.0,0.0,0.0
8,9,0.0,0.0,0.0,0.0,0.0,0.0,0.0,0.0,0.0,1.0,0.0,0.0
8,9,0.0,0.0,0.0,0.0,0.0,0.0,0.0,0.0,0.0,1.0,0.0,0.0
8,9,0.0,0.0,0.0,0.0,0.0,0.0,0.0,0.0,0.0,1.0,0.0,0.0
8,9,0.0,0.0,0.0,0.0,0.0,0.0,0.0,0.0,0.0,1.0,0.0,0.0
8,9,0.0,0.0,0.0,0.0,0.0,0.0,0.0,0.0,0.0,1.0,0.0,0.0
8,9,0.0,0.0,0.0,0.0,0.0,0.0,0.0,0.0,0.0,1.0,0.0,0.0
8,9,0.0,0.0,0.0,0.0,0.0,0.0,0.0,0.0,0.0,1.0,0.0,0.0
8,9,0.0,0.0,0.0,0.0,0.0,0.0,0.0,0.0,0.0,1.0,0.0,0.0
8,9,0.0,0.0,0.0,0.0,0.0,0.0,0.0,0.0,0.0,1.0,0.0,0.0
8,9,0.0,0.0,0.0,0.0,0.0,0.0,0.0,0.0,0.0,1.0,0.0,0.0
8,9,0.0,0.0,0.0,0.0,0.0,0.0,0.0,0.0,0.0,1.0,0.0,0.0
8,9,0.0,0.0,0.0,0.0,0.0,0.0,0.0,0.0,0.0,1.0,0.0,0.0
8,9,0.0,0.0,0.0,0.0,0.0,0.0,0.0,0.0,0.0,1.0,0.0,0.0
8,9,0.0,0.0,0.0,0.0,0.0,0.0,0.0,0.0,0.0,1.0,0.0,0.0
8,9,0.0,0.0,0.0,0.0,0.0,0.0,0.0,0.0,0.0,1.0,0.0,0.0
8,9,0.0,0.0,0.0,0.0,0.0,0.0,0.0,0.0,0.0,1.0,0.0,0.0
8,9,0.0,0.0,0.0,0.0,0.0,0.0,0.0,0.0,0.0,1.0,0.0,0.0
8,9,0.0,0.0,0.0,0.0,0.0,0.0,0.0,0.0,0.0,1.0,0.0,0.0
8,9,0.0,0.0,0.0,0.0,0.0,0.0,0.0,0.0,0.0,1.0,0.0,0.0
8,9,0.0,0.0,0.0,0.0,0.0,0.0,0.0,0.0,0.0,1.0,0.0,0.0
8,9,0.0,0.0,0.0,0.0,0.0,0.0,0.0,0.0,0.0,1.0,0.0,0.0
8,9,0.0,0.0,0.0,0.0,0.0,0.0,0.0,0.0,0.0,1.0,0.0,0.0
8,9,0.0,0.0,0.0,0.0,0.0,0.0,0.0,0.0,0.0,1.0,0.0,0.0
8,9,0.0,0.0,0.0,0.0,0.0,0.0,0.0,0.0,0.0,1.0,0.0,0.0
8,9,0.0,0.0,0.0,0.0,0.0,0.0,0.0,0.0,0.0,1.0,0.0,0.0
8,9,0.0,0.0,0.0,0.0,0.0,0.0,0.0,0.0,0.0,1.0,0.0,0.0
8,9,0.0,0.0,0.0,0.0,0.0,0.0,0.0,0.0,0.0,1.0,0.0,0.0
8,9,0.0,0.0,0.0,0.0,0.0,0.0,0.0,0.0,0.0,1.0,0.0,0.0
8,9,0.0,0.0,0.0,0.0,0.0,0.0,0.0,0.0,0.0,1.0,0.0,0.0
8,9,0.0,0.0,0.0,0.0,0.0,0.0,0.0,0.0,0.0,1.0,0.0,0.0
8,9,0.0,0.0,0.0,0.0,0.0,0.0,0.0,0.0,0.0,1.0,0.0,0.0
8,9,0.0,0.0,0.0,0.0,0.0,0.0,0.0,0.0,0.0,1.0,0.0,0.0
8,9,0.0,0.0,0.0,0.0,0.0,0.0,0.0,0.0,0.0,1.0,0.0,0.0
8,9,0.0,0.0,0.0,0.0,0.0,0.0,0.0,0.0,0.0,1.0,0.0,0.0
8,9,0.0,0.0,0.0,0.0,0.0,0.0,0.0,0.0,0.0,1.0,0.0,0.0
8,9,0.0,0.0,0.0,0.0,0.0,0.0,0.0,0.0,0.0,1.0,0.0,0.0
8,9,0.0,0.0,0.0,0.0,0.0,0.0,0.0,0.0,0.0,1.0,0.0,0.0
8,9,0.0,0.0,0.0,0.0,0.0,0.0,0.0,0.0,0.0,1.0,0.0,0.0
8,9,0.0,0.0,0.0,0.0,0.0,0.0,0.0,0.0,0.0,1.0,0.0,0.0
8,9,0.0,0.0,0.0,0.0,0.0,0.0,0.0,0.0,0.0,1.0,0.0,0.0
8,9,0.0,0.0,0.0,0.0,0.0,0.0,0.0,0.0,0.0,1.0,0.0,0.0
8,9,0.0,0.0,0.0,0.0,0.0,0.0,0.0,0.0,0.0,1.0,0.0,0.0
8,9,0.0,0.0,0.0,0.0,0.0,0.0,0.0,0.0,0.0,1.0,0.0,0.0
8,9,0.0,0.0,0.0,0.0,0.0,0.0,0.0,0.0,0.0,1.0,0.0,0.0
8,9,0.0,0.0,0.0,0.0,0.0,0.0,0.0,0.0,0.0,1.0,0.0,0.0
8,9,0.0,0.0,0.0,0.0,0.0,0.0,0.0,0.0,0.0,1.0,0.0,0.0
8,9,0.0,0.0,0.0,0.0,0.0,0.0,0.0,0.0,0.0,1.0,0.0,0.0
8,9,0.0,0.0,0.0,0.0,0.0,0.0,0.0,0.0,0.0,1.0,0.0,0.0
8,9,0.0,0.0,0.0,0.0,0.0,0.0,0.0,0.0,0.0,1.0,0.0,0.0
8,9,0.0,0.0,0.0,0.0,0.0,0.0,0.0,0.0,0.0,1.0,0.0,0.0
8,9,0.0,0.0,0.0,0.0,0.0,0.0,0.0,0.0,0.0,1.0,0.0,0.0
8,9,0.0,0.0,0.0,0.0,0.0,0.0,0.0,0.0,0.0,1.0,0.0,0.0
8,9,0.0,0.0,0.0,0.0,0.0,0.0,0.0,0.0,0.0,1.0,0.0,0.0
8,9,0.0,0.0,0.0,0.0,0.0,0.0,0.0,0.0,0.0,1.0,0.0,0.0
8,9,0.0,0.0,0.0,0.0,0.0,0.0,0.0,0.0,0.0,1.0,0.0,0.0
8,9,0.0,0.0,0.0,0.0,0.0,0.0,0.0,0.0,0.0,1.0,0.0,0.0
8,9,0.0,0.0,0.0,0.0,0.0,0.0,0.0,0.0,0.0,1.0,0.0,0.0
8,9,0.0,0.0,0.0,0.0,0.0,0.0,0.0,0.0,0.0,1.0,0.0,0.0
8,9,0.0,0.0,0.0,0.0,0.0,0.0,0.0,0.0,0.0,1.0,0.0,0.0
8,9,0.0,0.0,0.0,0.0,0.0,0.0,0.0,0.0,0.0,1.0,0.0,0.0
8,9,0.0,0.0,0.0,0.0,0.0,0.0,0.0,0.0,0.0,1.0,0.0,0.0
8,9,0.0,0.0,0.0,0.0,0.0,0.0,0.0,0.0,0.0,1.0,0.0,0.0
8,9,0.0,0.0,0.0,0.0,0.0,0.0,0.0,0.0,0.0,1.0,0.0,0.0
8,9,0.0,0.0,0.0,0.0,0.0,0.0,0.0,0.0,0.0,1.0,0.0,0.0
8,9,0.0,0.0,0.0,0.0,0.0,0.0,0.0,0.0,0.0,1.0,0.0,0.0
8,9,0.0,0.0,0.0,0.0,0.0,0.0,0.0,0.0,0.0,1.0,0.0,0.0
8,9,0.0,0.0,0.0,0.0,0.0,0.0,0.0,0.0,0.0,1.0,0.0,0.0
8,9,0.0,0.0,0.0,0.0,0.0,0.0,0.0,0.0,0.0,1.0,0.0,0.0
8,9,0.0,0.0,0.0,0.0,0.0,0.0,0.0,0.0,0.0,1.0,0.0,0.0
8,9,0.0,0.0,0.0,0.0,0.0,0.0,0.0,0.0,0.0,1.0,0.0,0.0
8,9,0.0,0.0,0.0,0.0,0.0,0.0,0.0,0.0,0.0,1.0,0.0,0.0
8,9,0.0,0.0,0.0,0.0,0.0,0.0,0.0,0.0,0.0,1.0,0.0,0.0
8,9,0.0,0.0,0.0,0.0,0.0,0.0,0.0,0.0,0.0,1.0,0.0,0.0
8,9,0.0,0.0,0.0,0.0,0.0,0.0,0.0,0.0,0.0,1.0,0.0,0.0
8,9,0.0,0.0,0.0,0.0,0.0,0.0,0.0,0.0,0.0,1.0,0.0,0.0
8,9,0.0,0.0,0.0,0.0,0.0,0.0,0.0,0.0,0.0,1.0,0.0,0.0
8,9,0.0,0.0,0.0,0.0,0.0,0.0,0.0,0.0,0.0,1.0,0.0,0.0
8,9,0.0,0.0,0.0,0.0,0.0,0.0,0.0,0.0,0.0,1.0,0.0,0.0
8,9,0.0,0.0,0.0,0.0,0.0,0.0,0.0,0.0,0.0,1.0,0.0,0.0
8,9,0.0,0.0,0.0,0.0,0.0,0.0,0.0,0.0,0.0,1.0,0.0,0.0
8,9,0.0,0.0,0.0,0.0,0.0,0.0,0.0,0.0,0.0,1.0,0.0,0.0
8,9,0.0,0.0,0.0,0.0,0.0,0.0,0.0,0.0,0.0,1.0,0.0,0.0
8,9,0.0,0.0,0.0,0.0,0.0,0.0,0.0,0.0,0.0,1.0,0.0,0.0
8,9,0.0,0.0,0.0,0.0,0.0,0.0,0.0,0.0,0.0,1.0,0.0,0.0
8,9,0.0,0.0,0.0,0.0,0.0,0.0,0.0,0.0,0.0,1.0,0.0,0.0
8,9,0.0,0.0,0.0,0.0,0.0,0.0,0.0,0.0,0.0,1.0,0.0,0.0
8,9,0.0,0.0,0.0,0.0,0.0,0.0,0.0,0.0,0.0,1.0,0.0,0.0
8,9,0.0,0.0,0.0,0.0,0.0,0.0,0.0,0.0,0.0,1.0,0.0,0.0
8,9,0.0,0.0,0.0,0.0,0.0,0.0,0.0,0.0,0.0,1.0,0.0,0.0
8,9,0.0,0.0,0.0,0.0,0.0,0.0,0.0,0.0,0.0,1.0,0.0,0.0
8,9,0.0,0.0,0.0,0.0,0.0,0.0,0.0,0.0,0.0,1.0,0.0,0.0
8,9,0.0,0.0,0.0,0.0,0.0,0.0,0.0,0.0,0.0,1.0,0.0,0.0
8,9,0.0,0.0,0.0,0.0,0.0,0.0,0.0,0.0,0.0,1.0,0.0,0.0
8,9,0.0,0.0,0.0,0.0,0.0,0.0,0.0,0.0,0.0,1.0,0.0,0.0
8,9,0.0,0.0,0.0,0.0,0.0,0.0,0.0,0.0,0.0,1.0,0.0,0.0
8,9,0.0,0.0,0.0,0.0,0.0,0.0,0.0,0.0,0.0,1.0,0.0,0.0
8,9,0.0,0.0,0.0,0.0,0.0,0.0,0.0,0.0,0.0,1.0,0.0,0.0
8,9,0.0,0.0,0.0,0.0,0.0,0.0,0.0,0.0,0.0,1.0,0.0,0.0
8,9,0.0,0.0,0.0,0.0,0.0,0.0,0.0,0.0,0.0,1.0,0.0,0.0
8,9,0.0,0.0,0.0,0.0,0.0,0.0,0.0,0.0,0.0,1.0,0.0,0.0
8,9,0.0,0.0,0.0,0.0,0.0,0.0,0.0,0.0,0.0,1.0,0.0,0.0
8,9,0.0,0.0,0.0,0.0,0.0,0.0,0.0,0.0,0.0,1.0,0.0,0.0
8,9,0.0,0.0,0.0,0.0,0.0,0.0,0.0,0.0,0.0,1.0,0.0,0.0
8,9,0.0,0.0,0.0,0.0,0.0,0.0,0.0,0.0,0.0,1.0,0.0,0.0
8,9,0.0,0.0,0.0,0.0,0.0,0.0,0.0,0.0,0.0,1.0,0.0,0.0
8,9,0.0,0.0,0.0,0.0,0.0,0.0,0.0,0.0,0.0,1.0,0.0,0.0
8,9,0.0,0.0,0.0,0.0,0.0,0.0,0.0,0.0,0.0,1.0,0.0,0.0
8,9,0.0,0.0,0.0,0.0,0.0,0.0,0.0,0.0,0.0,1.0,0.0,0.0
8,9,0.0,0.0,0.0,0.0,0.0,0.0,0.0,0.0,0.0,1.0,0.0,0.0
8,9,0.0,0.0,0.0,0.0,0.0,0.0,0.0,0.0,0.0,1.0,0.0,0.0
8,9,0.0,0.0,0.0,0.0,0.0,0.0,0.0,0.0,0.0,1.0,0.0,0.0
8,9,0.0,0.0,0.0,0.0,0.0,0.0,0.0,0.0,0.0,1.0,0.0,0.0
8,9,0.0,0.0,0.0,0.0,0.0,0.0,0.0,0.0,0.0,1.0,0.0,0.0
8,9,0.0,0.0,0.0,0.0,0.0,0.0,0.0,0.0,0.0,1.0,0.0,0.0
8,9,0.0,0.0,0.0,0.0,0.0,0.0,0.0,0.0,0.0,1.0,0.0,0.0
8,9,0.0,0.0,0.0,0.0,0.0,0.0,0.0,0.0,0.0,1.0,0.0,0.0
8,9,0.0,0.0,0.0,0.0,0.0,0.0,0.0,0.0,0.0,1.0,0.0,0.0
8,9,0.0,0.0,0.0,0.0,0.0,0.0,0.0,0.0,0.0,1.0,0.0,0.0
8,9,0.0,0.0,0.0,0.0,0.0,0.0,0.0,0.0,0.0,1.0,0.0,0.0
8,9,0.0,0.0,0.0,0.0,0.0,0.0,0.0,0.0,0.0,1.0,0.0,0.0
8,9,0.0,0.0,0.0,0.0,0.0,0.0,0.0,0.0,0.0,1.0,0.0,0.0
8,9,0.0,0.0,0.0,0.0,0.0,0.0,0.0,0.0,0.0,1.0,0.0,0.0
8,9,0.0,0.0,0.0,0.0,0.0,0.0,0.0,0.0,0.0,1.0,0.0,0.0
8,9,0.0,0.0,0.0,0.0,0.0,0.0,0.0,0.0,0.0,1.0,0.0,0.0
8,9,0.0,0.0,0.0,0.0,0.0,0.0,0.0,0.0,0.0,1.0,0.0,0.0
8,9,0.0,0.0,0.0,0.0,0.0,0.0,0.0,0.0,0.0,1.0,0.0,0.0
8,9,0.0,0.0,0.0,0.0,0.0,0.0,0.0,0.0,0.0,1.0,0.0,0.0
8,9,0.0,0.0,0.0,0.0,0.0,0.0,0.0,0.0,0.0,1.0,0.0,0.0
8,9,0.0,0.0,0.0,0.0,0.0,0.0,0.0,0.0,0.0,1.0,0.0,0.0
8,9,0.0,0.0,0.0,0.0,0.0,0.0,0.0,0.0,0.0,1.0,0.0,0.0
8,9,0.0,0.0,0.0,0.0,0.0,0.0,0.0,0.0,0.0,1.0,0.0,0.0
8,9,0.0,0.0,0.0,0.0,0.0,0.0,0.0,0.0,0.0,1.0,0.0,0.0
8,9,0.0,0.0,0.0,0.0,0.0,0.0,0.0,0.0,0.0,1.0,0.0,0.0
8,9,0.0,0.0,0.0,0.0,0.0,0.0,0.0,0.0,0.0,1.0,0.0,0.0
8,9,0.0,0.0,0.0,0.0,0.0,0.0,0.0,0.0,0.0,1.0,0.0,0.0
8,9,0.0,0.0,0.0,0.0,0.0,0.0,0.0,0.0,0.0,1.0,0.0,0.0
8,9,0.0,0.0,0.0,0.0,0.0,0.0,0.0,0.0,0.0,1.0,0.0,0.0
8,9,0.0,0.0,0.0,0.0,0.0,0.0,0.0,0.0,0.0,1.0,0.0,0.0
8,9,0.0,0.0,0.0,0.0,0.0,0.0,0.0,0.0,0.0,1.0,0.0,0.0
8,9,0.0,0.0,0.0,0.0,0.0,0.0,0.0,0.0,0.0,1.0,0.0,0.0
8,9,0.0,0.0,0.0,0.0,0.0,0.0,0.0,0.0,0.0,1.0,0.0,0.0
8,9,0.0,0.0,0.0,0.0,0.0,0.0,0.0,0.0,0.0,1.0,0.0,0.0
8,9,0.0,0.0,0.0,0.0,0.0,0.0,0.0,0.0,0.0,1.0,0.0,0.0
8,9,0.0,0.0,0.0,0.0,0.0,0.0,0.0,0.0,0.0,1.0,0.0,0.0
8,9,0.0,0.0,0.0,0.0,0.0,0.0,0.0,0.0,0.0,1.0,0.0,0.0
8,9,0.0,0.0,0.0,0.0,0.0,0.0,0.0,0.0,0.0,1.0,0.0,0.0
8,9,0.0,0.0,0.0,0.0,0.0,0.0,0.0,0.0,0.0,1.0,0.0,0.0
8,9,0.0,0.0,0.0,0.0,0.0,0.0,0.0,0.0,0.0,1.0,0.0,0.0
8,9,0.0,0.0,0.0,0.0,0.0,0.0,0.0,0.0,0.0,1.0,0.0,0.0
8,9,0.0,0.0,0.0,0.0,0.0,0.0,0.0,0.0,0.0,1.0,0.0,0.0
8,9,0.0,0.0,0.0,0.0,0.0,0.0,0.0,0.0,0.0,1.0,0.0,0.0
8,9,0.0,0.0,0.0,0.0,0.0,0.0,0.0,0.0,0.0,1.0,0.0,0.0
8,9,0.0,0.0,0.0,0.0,0.0,0.0,0.0,0.0,0.0,1.0,0.0,0.0
8,9,0.0,0.0,0.0,0.0,0.0,0.0,0.0,0.0,0.0,1.0,0.0,0.0
8,9,0.0,0.0,0.0,0.0,0.0,0.0,0.0,0.0,0.0,1.0,0.0,0.0
8,9,0.0,0.0,0.0,0.0,0.0,0.0,0.0,0.0,0.0,1.0,0.0,0.0
8,9,0.0,0.0,0.0,0.0,0.0,0.0,0.0,0.0,0.0,1.0,0.0,0.0
8,9,0.0,0.0,0.0,0.0,0.0,0.0,0.0,0.0,0.0,1.0,0.0,0.0
8,9,0.0,0.0,0.0,0.0,0.0,0.0,0.0,0.0,0.0,1.0,0.0,0.0
8,9,0.0,0.0,0.0,0.0,0.0,0.0,0.0,0.0,0.0,1.0,0.0,0.0
8,9,0.0,0.0,0.0,0.0,0.0,0.0,0.0,0.0,0.0,1.0,0.0,0.0
8,9,0.0,0.0,0.0,0.0,0.0,0.0,0.0,0.0,0.0,1.0,0.0,0.0
8,9,0.0,0.0,0.0,0.0,0.0,0.0,0.0,0.0,0.0,1.0,0.0,0.0
8,9,0.0,0.0,0.0,0.0,0.0,0.0,0.0,0.0,0.0,1.0,0.0,0.0
8,9,0.0,0.0,0.0,0.0,0.0,0.0,0.0,0.0,0.0,1.0,0.0,0.0
8,9,0.0,0.0,0.0,0.0,0.0,0.0,0.0,0.0,0.0,1.0,0.0,0.0
8,9,0.0,0.0,0.0,0.0,0.0,0.0,0.0,0.0,0.0,1.0,0.0,0.0
8,9,0.0,0.0,0.0,0.0,0.0,0.0,0.0,0.0,0.0,1.0,0.0,0.0
8,9,0.0,0.0,0.0,0.0,0.0,0.0,0.0,0.0,0.0,1.0,0.0,0.0
8,9,0.0,0.0,0.0,0.0,0.0,0.0,0.0,0.0,0.0,1.0,0.0,0.0
8,9,0.0,0.0,0.0,0.0,0.0,0.0,0.0,0.0,0.0,1.0,0.0,0.0
8,9,0.0,0.0,0.0,0.0,0.0,0.0,0.0,0.0,0.0,1.0,0.0,0.0
8,9,0.0,0.0,0.0,0.0,0.0,0.0,0.0,0.0,0.0,1.0,0.0,0.0
8,9,0.0,0.0,0.0,0.0,0.0,0.0,0.0,0.0,0.0,1.0,0.0,0.0
8,9,0.0,0.0,0.0,0.0,0.0,0.0,0.0,0.0,0.0,1.0,0.0,0.0
8,9,0.0,0.0,0.0,0.0,0.0,0.0,0.0,0.0,0.0,1.0,0.0,0.0
8,9,0.0,0.0,0.0,0.0,0.0,0.0,0.0,0.0,0.0,1.0,0.0,0.0
8,9,0.0,0.0,0.0,0.0,0.0,0.0,0.0,0.0,0.0,1.0,0.0,0.0
8,9,0.0,0.0,0.0,0.0,0.0,0.0,0.0,0.0,0.0,1.0,0.0,0.0
8,9,0.0,0.0,0.0,0.0,0.0,0.0,0.0,0.0,0.0,1.0,0.0,0.0
8,9,0.0,0.0,0.0,0.0,0.0,0.0,0.0,0.0,0.0,1.0,0.0,0.0
8,9,0.0,0.0,0.0,0.0,0.0,0.0,0.0,0.0,0.0,1.0,0.0,0.0
8,9,0.0,0.0,0.0,0.0,0.0,0.0,0.0,0.0,0.0,1.0,0.0,0.0
8,9,0.0,0.0,0.0,0.0,0.0,0.0,0.0,0.0,0.0,1.0,0.0,0.0
8,9,0.0,0.0,0.0,0.0,0.0,0.0,0.0,0.0,0.0,1.0,0.0,0.0
8,9,0.0,0.0,0.0,0.0,0.0,0.0,0.0,0.0,0.0,1.0,0.0,0.0
8,9,0.0,0.0,0.0,0.0,0.0,0.0,0.0,0.0,0.0,1.0,0.0,0.0
8,9,0.0,0.0,0.0,0.0,0.0,0.0,0.0,0.0,0.0,1.0,0.0,0.0
8,9,0.0,0.0,0.0,0.0,0.0,0.0,0.0,0.0,0.0,1.0,0.0,0.0
8,9,0.0,0.0,0.0,0.0,0.0,0.0,0.0,0.0,0.0,1.0,0.0,0.0
8,9,0.0,0.0,0.0,0.0,0.0,0.0,0.0,0.0,0.0,1.0,0.0,0.0
8,9,0.0,0.0,0.0,0.0,0.0,0.0,0.0,0.0,0.0,1.0,0.0,0.0
8,9,0.0,0.0,0.0,0.0,0.0,0.0,0.0,0.0,0.0,1.0,0.0,0.0
8,9,0.0,0.0,0.0,0.0,0.0,0.0,0.0,0.0,0.0,1.0,0.0,0.0
8,9,0.0,0.0,0.0,0.0,0.0,0.0,0.0,0.0,0.0,1.0,0.0,0.0
8,9,0.0,0.0,0.0,0.0,0.0,0.0,0.0,0.0,0.0,1.0,0.0,0.0
8,9,0.0,0.0,0.0,0.0,0.0,0.0,0.0,0.0,0.0,1.0,0.0,0.0
8,9,0.0,0.0,0.0,0.0,0.0,0.0,0.0,0.0,0.0,1.0,0.0,0.0
8,9,0.0,0.0,0.0,0.0,0.0,0.0,0.0,0.0,0.0,1.0,0.0,0.0
8,9,0.0,0.0,0.0,0.0,0.0,0.0,0.0,0.0,0.0,1.0,0.0,0.0
8,9,0.0,0.0,0.0,0.0,0.0,0.0,0.0,0.0,0.0,1.0,0.0,0.0
8,9,0.0,0.0,0.0,0.0,0.0,0.0,0.0,0.0,0.0,1.0,0.0,0.0
8,9,0.0,0.0,0.0,0.0,0.0,0.0,0.0,0.0,0.0,1.0,0.0,0.0
8,9,0.0,0.0,0.0,0.0,0.0,0.0,0.0,0.0,0.0,1.0,0.0,0.0
8,9,0.0,0.0,0.0,0.0,0.0,0.0,0.0,0.0,0.0,1.0,0.0,0.0
8,9,0.0,0.0,0.0,0.0,0.0,0.0,0.0,0.0,0.0,1.0,0.0,0.0
8,9,0.0,0.0,0.0,0.0,0.0,0.0,0.0,0.0,0.0,1.0,0.0,0.0
8,9,0.0,0.0,0.0,0.0,0.0,0.0,0.0,0.0,0.0,1.0,0.0,0.0
8,9,0.0,0.0,0.0,0.0,0.0,0.0,0.0,0.0,0.0,1.0,0.0,0.0
8,9,0.0,0.0,0.0,0.0,0.0,0.0,0.0,0.0,0.0,1.0,0.0,0.0
8,9,0.0,0.0,0.0,0.0,0.0,0.0,0.0,0.0,0.0,1.0,0.0,0.0
8,9,0.0,0.0,0.0,0.0,0.0,0.0,0.0,0.0,0.0,1.0,0.0,0.0
8,9,0.0,0.0,0.0,0.0,0.0,0.0,0.0,0.0,0.0,1.0,0.0,0.0
8,9,0.0,0.0,0.0,0.0,0.0,0.0,0.0,0.0,0.0,1.0,0.0,0.0
8,9,0.0,0.0,0.0,0.0,0.0,0.0,0.0,0.0,0.0,1.0,0.0,0.0
8,9,0.0,0.0,0.0,0.0,0.0,0.0,0.0,0.0,0.0,1.0,0.0,0.0
8,9,0.0,0.0,0.0,0.0,0.0,0.0,0.0,0.0,0.0,1.0,0.0,0.0
8,9,0.0,0.0,0.0,0.0,0.0,0.0,0.0,0.0,0.0,1.0,0.0,0.0
8,9,0.0,0.0,0.0,0.0,0.0,0.0,0.0,0.0,0.0,1.0,0.0,0.0
8,9,0.0,0.0,0.0,0.0,0.0,0.0,0.0,0.0,0.0,1.0,0.0,0.0
8,9,0.0,0.0,0.0,0.0,0.0,0.0,0.0,0.0,0.0,1.0,0.0,0.0
8,9,0.0,0.0,0.0,0.0,0.0,0.0,0.0,0.0,0.0,1.0,0.0,0.0
8,9,0.0,0.0,0.0,0.0,0.0,0.0,0.0,0.0,0.0,1.0,0.0,0.0
8,9,0.0,0.0,0.0,0.0,0.0,0.0,0.0,0.0,0.0,1.0,0.0,0.0
8,9,0.0,0.0,0.0,0.0,0.0,0.0,0.0,0.0,0.0,1.0,0.0,0.0
8,9,0.0,0.0,0.0,0.0,0.0,0.0,0.0,0.0,0.0,1.0,0.0,0.0
8,9,0.0,0.0,0.0,0.0,0.0,0.0,0.0,0.0,0.0,1.0,0.0,0.0
8,9,0.0,0.0,0.0,0.0,0.0,0.0,0.0,0.0,0.0,1.0,0.0,0.0
8,9,0.0,0.0,0.0,0.0,0.0,0.0,0.0,0.0,0.0,1.0,0.0,0.0
8,9,0.0,0.0,0.0,0.0,0.0,0.0,0.0,0.0,0.0,1.0,0.0,0.0
8,9,0.0,0.0,0.0,0.0,0.0,0.0,0.0,0.0,0.0,1.0,0.0,0.0
8,9,0.0,0.0,0.0,0.0,0.0,0.0,0.0,0.0,0.0,1.0,0.0,0.0
8,9,0.0,0.0,0.0,0.0,0.0,0.0,0.0,0.0,0.0,1.0,0.0,0.0
8,9,0.0,0.0,0.0,0.0,0.0,0.0,0.0,0.0,0.0,1.0,0.0,0.0
8,9,0.0,0.0,0.0,0.0,0.0,0.0,0.0,0.0,0.0,1.0,0.0,0.0
8,9,0.0,0.0,0.0,0.0,0.0,0.0,0.0,0.0,0.0,1.0,0.0,0.0
8,9,0.0,0.0,0.0,0.0,0.0,0.0,0.0,0.0,0.0,1.0,0.0,0.0
8,9,0.0,0.0,0.0,0.0,0.0,0.0,0.0,0.0,0.0,1.0,0.0,0.0
8,9,0.0,0.0,0.0,0.0,0.0,0.0,0.0,0.0,0.0,1.0,0.0,0.0
8,9,0.0,0.0,0.0,0.0,0.0,0.0,0.0,0.0,0.0,1.0,0.0,0.0
8,9,0.0,0.0,0.0,0.0,0.0,0.0,0.0,0.0,0.0,1.0,0.0,0.0
8,9,0.0,0.0,0.0,0.0,0.0,0.0,0.0,0.0,0.0,1.0,0.0,0.0
8,9,0.0,0.0,0.0,0.0,0.0,0.0,0.0,0.0,0.0,1.0,0.0,0.0
8,9,0.0,0.0,0.0,0.0,0.0,0.0,0.0,0.0,0.0,1.0,0.0,0.0
8,9,0.0,0.0,0.0,0.0,0.0,0.0,0.0,0.0,0.0,1.0,0.0,0.0
8,9,0.0,0.0,0.0,0.0,0.0,0.0,0.0,0.0,0.0,1.0,0.0,0.0
8,9,0.0,0.0,0.0,0.0,0.0,0.0,0.0,0.0,0.0,1.0,0.0,0.0
8,9,0.0,0.0,0.0,0.0,0.0,0.0,0.0,0.0,0.0,1.0,0.0,0.0
8,9,0.0,0.0,0.0,0.0,0.0,0.0,0.0,0.0,0.0,1.0,0.0,0.0
8,9,0.0,0.0,0.0,0.0,0.0,0.0,0.0,0.0,0.0,1.0,0.0,0.0
8,9,0.0,0.0,0.0,0.0,0.0,0.0,0.0,0.0,0.0,1.0,0.0,0.0
8,9,0.0,0.0,0.0,0.0,0.0,0.0,0.0,0.0,0.0,1.0,0.0,0.0
8,9,0.0,0.0,0.0,0.0,0.0,0.0,0.0,0.0,0.0,1.0,0.0,0.0
8,9,0.0,0.0,0.0,0.0,0.0,0.0,0.0,0.0,0.0,1.0,0.0,0.0
8,9,0.0,0.0,0.0,0.0,0.0,0.0,0.0,0.0,0.0,1.0,0.0,0.0
8,9,0.0,0.0,0.0,0.0,0.0,0.0,0.0,0.0,0.0,1.0,0.0,0.0
8,9,0.0,0.0,0.0,0.0,0.0,0.0,0.0,0.0,0.0,1.0,0.0,0.0
8,9,0.0,0.0,0.0,0.0,0.0,0.0,0.0,0.0,0.0,1.0,0.0,0.0
8,9,0.0,0.0,0.0,0.0,0.0,0.0,0.0,0.0,0.0,1.0,0.0,0.0
8,9,0.0,0.0,0.0,0.0,0.0,0.0,0.0,0.0,0.0,1.0,0.0,0.0
8,9,0.0,0.0,0.0,0.0,0.0,0.0,0.0,0.0,0.0,1.0,0.0,0.0
8,9,0.0,0.0,0.0,0.0,0.0,0.0,0.0,0.0,0.0,1.0,0.0,0.0
8,9,0.0,0.0,0.0,0.0,0.0,0.0,0.0,0.0,0.0,1.0,0.0,0.0
8,9,0.0,0.0,0.0,0.0,0.0,0.0,0.0,0.0,0.0,1.0,0.0,0.0
8,9,0.0,0.0,0.0,0.0,0.0,0.0,0.0,0.0,0.0,1.0,0.0,0.0
8,9,0.0,0.0,0.0,0.0,0.0,0.0,0.0,0.0,0.0,1.0,0.0,0.0
8,9,0.0,0.0,0.0,0.0,0.0,0.0,0.0,0.0,0.0,1.0,0.0,0.0
8,9,0.0,0.0,0.0,0.0,0.0,0.0,0.0,0.0,0.0,1.0,0.0,0.0
8,9,0.0,0.0,0.0,0.0,0.0,0.0,0.0,0.0,0.0,1.0,0.0,0.0
8,9,0.0,0.0,0.0,0.0,0.0,0.0,0.0,0.0,0.0,1.0,0.0,0.0
8,9,0.0,0.0,0.0,0.0,0.0,0.0,0.0,0.0,0.0,1.0,0.0,0.0
8,9,0.0,0.0,0.0,0.0,0.0,0.0,0.0,0.0,0.0,1.0,0.0,0.0
8,9,0.0,0.0,0.0,0.0,0.0,0.0,0.0,0.0,0.0,1.0,0.0,0.0
8,9,0.0,0.0,0.0,0.0,0.0,0.0,0.0,0.0,0.0,1.0,0.0,0.0
8,9,0.0,0.0,0.0,0.0,0.0,0.0,0.0,0.0,0.0,1.0,0.0,0.0
8,9,0.0,0.0,0.0,0.0,0.0,0.0,0.0,0.0,0.0,1.0,0.0,0.0
8,9,0.0,0.0,0.0,0.0,0.0,0.0,0.0,0.0,0.0,1.0,0.0,0.0
8,9,0.0,0.0,0.0,0.0,0.0,0.0,0.0,0.0,0.0,1.0,0.0,0.0
8,9,0.0,0.0,0.0,0.0,0.0,0.0,0.0,0.0,0.0,1.0,0.0,0.0
8,9,0.0,0.0,0.0,0.0,0.0,0.0,0.0,0.0,0.0,1.0,0.0,0.0
8,9,0.0,0.0,0.0,0.0,0.0,0.0,0.0,0.0,0.0,1.0,0.0,0.0
8,9,0.0,0.0,0.0,0.0,0.0,0.0,0.0,0.0,0.0,1.0,0.0,0.0
8,9,0.0,0.0,0.0,0.0,0.0,0.0,0.0,0.0,0.0,1.0,0.0,0.0
8,9,0.0,0.0,0.0,0.0,0.0,0.0,0.0,0.0,0.0,1.0,0.0,0.0
8,9,0.0,0.0,0.0,0.0,0.0,0.0,0.0,0.0,0.0,1.0,0.0,0.0
8,9,0.0,0.0,0.0,0.0,0.0,0.0,0.0,0.0,0.0,1.0,0.0,0.0
8,9,0.0,0.0,0.0,0.0,0.0,0.0,0.0,0.0,0.0,1.0,0.0,0.0
8,9,0.0,0.0,0.0,0.0,0.0,0.0,0.0,0.0,0.0,1.0,0.0,0.0
8,9,0.0,0.0,0.0,0.0,0.0,0.0,0.0,0.0,0.0,1.0,0.0,0.0
8,9,0.0,0.0,0.0,0.0,0.0,0.0,0.0,0.0,0.0,1.0,0.0,0.0
8,9,0.0,0.0,0.0,0.0,0.0,0.0,0.0,0.0,0.0,1.0,0.0,0.0
8,9,0.0,0.0,0.0,0.0,0.0,0.0,0.0,0.0,0.0,1.0,0.0,0.0
8,9,0.0,0.0,0.0,0.0,0.0,0.0,0.0,0.0,0.0,1.0,0.0,0.0
8,9,0.0,0.0,0.0,0.0,0.0,0.0,0.0,0.0,0.0,1.0,0.0,0.0
8,9,0.0,0.0,0.0,0.0,0.0,0.0,0.0,0.0,0.0,1.0,0.0,0.0
8,9,0.0,0.0,0.0,0.0,0.0,0.0,0.0,0.0,0.0,1.0,0.0,0.0
8,9,0.0,0.0,0.0,0.0,0.0,0.0,0.0,0.0,0.0,1.0,0.0,0.0
8,9,0.0,0.0,0.0,0.0,0.0,0.0,0.0,0.0,0.0,1.0,0.0,0.0
8,9,0.0,0.0,0.0,0.0,0.0,0.0,0.0,0.0,0.0,1.0,0.0,0.0
8,9,0.0,0.0,0.0,0.0,0.0,0.0,0.0,0.0,0.0,1.0,0.0,0.0
8,9,0.0,0.0,0.0,0.0,0.0,0.0,0.0,0.0,0.0,1.0,0.0,0.0
8,9,0.0,0.0,0.0,0.0,0.0,0.0,0.0,0.0,0.0,1.0,0.0,0.0
8,9,0.0,0.0,0.0,0.0,0.0,0.0,0.0,0.0,0.0,1.0,0.0,0.0
8,9,0.0,0.0,0.0,0.0,0.0,0.0,0.0,0.0,0.0,1.0,0.0,0.0
8,9,0.0,0.0,0.0,0.0,0.0,0.0,0.0,0.0,0.0,1.0,0.0,0.0
8,9,0.0,0.0,0.0,0.0,0.0,0.0,0.0,0.0,0.0,1.0,0.0,0.0
8,9,0.0,0.0,0.0,0.0,0.0,0.0,0.0,0.0,0.0,1.0,0.0,0.0
8,9,0.0,0.0,0.0,0.0,0.0,0.0,0.0,0.0,0.0,1.0,0.0,0.0
8,9,0.0,0.0,0.0,0.0,0.0,0.0,0.0,0.0,0.0,1.0,0.0,0.0
8,9,0.0,0.0,0.0,0.0,0.0,0.0,0.0,0.0,0.0,1.0,0.0,0.0
8,9,0.0,0.0,0.0,0.0,0.0,0.0,0.0,0.0,0.0,1.0,0.0,0.0
8,9,0.0,0.0,0.0,0.0,0.0,0.0,0.0,0.0,0.0,1.0,0.0,0.0
8,9,0.0,0.0,0.0,0.0,0.0,0.0,0.0,0.0,0.0,1.0,0.0,0.0
8,9,0.0,0.0,0.0,0.0,0.0,0.0,0.0,0.0,0.0,1.0,0.0,0.0
8,9,0.0,0.0,0.0,0.0,0.0,0.0,0.0,0.0,0.0,1.0,0.0,0.0
8,9,0.0,0.0,0.0,0.0,0.0,0.0,0.0,0.0,0.0,1.0,0.0,0.0
8,9,0.0,0.0,0.0,0.0,0.0,0.0,0.0,0.0,0.0,1.0,0.0,0.0
8,9,0.0,0.0,0.0,0.0,0.0,0.0,0.0,0.0,0.0,1.0,0.0,0.0
8,9,0.0,0.0,0.0,0.0,0.0,0.0,0.0,0.0,0.0,1.0,0.0,0.0
8,9,0.0,0.0,0.0,0.0,0.0,0.0,0.0,0.0,0.0,1.0,0.0,0.0
8,9,0.0,0.0,0.0,0.0,0.0,0.0,0.0,0.0,0.0,1.0,0.0,0.0
8,9,0.0,0.0,0.0,0.0,0.0,0.0,0.0,0.0,0.0,1.0,0.0,0.0
8,9,0.0,0.0,0.0,0.0,0.0,0.0,0.0,0.0,0.0,1.0,0.0,0.0
8,9,0.0,0.0,0.0,0.0,0.0,0.0,0.0,0.0,0.0,1.0,0.0,0.0
8,9,0.0,0.0,0.0,0.0,0.0,0.0,0.0,0.0,0.0,1.0,0.0,0.0
8,9,0.0,0.0,0.0,0.0,0.0,0.0,0.0,0.0,0.0,1.0,0.0,0.0
8,9,0.0,0.0,0.0,0.0,0.0,0.0,0.0,0.0,0.0,1.0,0.0,0.0
8,9,0.0,0.0,0.0,0.0,0.0,0.0,0.0,0.0,0.0,1.0,0.0,0.0
8,9,0.0,0.0,0.0,0.0,0.0,0.0,0.0,0.0,0.0,1.0,0.0,0.0
8,9,0.0,0.0,0.0,0.0,0.0,0.0,0.0,0.0,0.0,1.0,0.0,0.0
8,9,0.0,0.0,0.0,0.0,0.0,0.0,0.0,0.0,0.0,1.0,0.0,0.0
8,9,0.0,0.0,0.0,0.0,0.0,0.0,0.0,0.0,0.0,1.0,0.0,0.0
8,9,0.0,0.0,0.0,0.0,0.0,0.0,0.0,0.0,0.0,1.0,0.0,0.0
8,9,0.0,0.0,0.0,0.0,0.0,0.0,0.0,0.0,0.0,1.0,0.0,0.0
8,9,0.0,0.0,0.0,0.0,0.0,0.0,0.0,0.0,0.0,1.0,0.0,0.0
8,9,0.0,0.0,0.0,0.0,0.0,0.0,0.0,0.0,0.0,1.0,0.0,0.0
8,9,0.0,0.0,0.0,0.0,0.0,0.0,0.0,0.0,0.0,1.0,0.0,0.0
8,9,0.0,0.0,0.0,0.0,0.0,0.0,0.0,0.0,0.0,1.0,0.0,0.0
8,9,0.0,0.0,0.0,0.0,0.0,0.0,0.0,0.0,0.0,1.0,0.0,0.0
8,9,0.0,0.0,0.0,0.0,0.0,0.0,0.0,0.0,0.0,1.0,0.0,0.0
8,9,0.0,0.0,0.0,0.0,0.0,0.0,0.0,0.0,0.0,1.0,0.0,0.0
8,9,0.0,0.0,0.0,0.0,0.0,0.0,0.0,0.0,0.0,1.0,0.0,0.0
8,9,0.0,0.0,0.0,0.0,0.0,0.0,0.0,0.0,0.0,1.0,0.0,0.0
8,9,0.0,0.0,0.0,0.0,0.0,0.0,0.0,0.0,0.0,1.0,0.0,0.0
8,9,0.0,0.0,0.0,0.0,0.0,0.0,0.0,0.0,0.0,1.0,0.0,0.0
8,9,0.0,0.0,0.0,0.0,0.0,0.0,0.0,0.0,0.0,1.0,0.0,0.0
8,9,0.0,0.0,0.0,0.0,0.0,0.0,0.0,0.0,0.0,1.0,0.0,0.0
8,9,0.0,0.0,0.0,0.0,0.0,0.0,0.0,0.0,0.0,1.0,0.0,0.0
8,9,0.0,0.0,0.0,0.0,0.0,0.0,0.0,0.0,0.0,1.0,0.0,0.0
8,9,0.0,0.0,0.0,0.0,0.0,0.0,0.0,0.0,0.0,1.0,0.0,0.0
8,9,0.0,0.0,0.0,0.0,0.0,0.0,0.0,0.0,0.0,1.0,0.0,0.0
8,9,0.0,0.0,0.0,0.0,0.0,0.0,0.0,0.0,0.0,1.0,0.0,0.0
8,9,0.0,0.0,0.0,0.0,0.0,0.0,0.0,0.0,0.0,1.0,0.0,0.0
8,9,0.0,0.0,0.0,0.0,0.0,0.0,0.0,0.0,0.0,1.0,0.0,0.0
8,9,0.0,0.0,0.0,0.0,0.0,0.0,0.0,0.0,0.0,1.0,0.0,0.0
8,9,0.0,0.0,0.0,0.0,0.0,0.0,0.0,0.0,0.0,1.0,0.0,0.0
8,9,0.0,0.0,0.0,0.0,0.0,0.0,0.0,0.0,0.0,1.0,0.0,0.0
8,9,0.0,0.0,0.0,0.0,0.0,0.0,0.0,0.0,0.0,1.0,0.0,0.0
8,9,0.0,0.0,0.0,0.0,0.0,0.0,0.0,0.0,0.0,1.0,0.0,0.0
8,9,0.0,0.0,0.0,0.0,0.0,0.0,0.0,0.0,0.0,1.0,0.0,0.0
8,9,0.0,0.0,0.0,0.0,0.0,0.0,0.0,0.0,0.0,1.0,0.0,0.0
8,9,0.0,0.0,0.0,0.0,0.0,0.0,0.0,0.0,0.0,1.0,0.0,0.0
8,9,0.0,0.0,0.0,0.0,0.0,0.0,0.0,0.0,0.0,1.0,0.0,0.0
8,9,0.0,0.0,0.0,0.0,0.0,0.0,0.0,0.0,0.0,1.0,0.0,0.0
8,9,0.0,0.0,0.0,0.0,0.0,0.0,0.0,0.0,0.0,1.0,0.0,0.0
8,9,0.0,0.0,0.0,0.0,0.0,0.0,0.0,0.0,0.0,1.0,0.0,0.0
8,9,0.0,0.0,0.0,0.0,0.0,0.0,0.0,0.0,0.0,1.0,0.0,0.0
8,9,0.0,0.0,0.0,0.0,0.0,0.0,0.0,0.0,0.0,1.0,0.0,0.0
8,9,0.0,0.0,0.0,0.0,0.0,0.0,0.0,0.0,0.0,1.0,0.0,0.0
8,9,0.0,0.0,0.0,0.0,0.0,0.0,0.0,0.0,0.0,1.0,0.0,0.0
8,9,0.0,0.0,0.0,0.0,0.0,0.0,0.0,0.0,0.0,1.0,0.0,0.0
8,9,0.0,0.0,0.0,0.0,0.0,0.0,0.0,0.0,0.0,1.0,0.0,0.0
8,9,0.0,0.0,0.0,0.0,0.0,0.0,0.0,0.0,0.0,1.0,0.0,0.0
8,9,0.0,0.0,0.0,0.0,0.0,0.0,0.0,0.0,0.0,1.0,0.0,0.0
8,9,0.0,0.0,0.0,0.0,0.0,0.0,0.0,0.0,0.0,1.0,0.0,0.0
8,9,0.0,0.0,0.0,0.0,0.0,0.0,0.0,0.0,0.0,1.0,0.0,0.0
8,9,0.0,0.0,0.0,0.0,0.0,0.0,0.0,0.0,0.0,1.0,0.0,0.0
8,9,0.0,0.0,0.0,0.0,0.0,0.0,0.0,0.0,0.0,1.0,0.0,0.0
8,9,0.0,0.0,0.0,0.0,0.0,0.0,0.0,0.0,0.0,1.0,0.0,0.0
8,9,0.0,0.0,0.0,0.0,0.0,0.0,0.0,0.0,0.0,1.0,0.0,0.0
8,9,0.0,0.0,0.0,0.0,0.0,0.0,0.0,0.0,0.0,1.0,0.0,0.0
8,9,0.0,0.0,0.0,0.0,0.0,0.0,0.0,0.0,0.0,1.0,0.0,0.0
8,9,0.0,0.0,0.0,0.0,0.0,0.0,0.0,0.0,0.0,1.0,0.0,0.0
8,9,0.0,0.0,0.0,0.0,0.0,0.0,0.0,0.0,0.0,1.0,0.0,0.0
8,9,0.0,0.0,0.0,0.0,0.0,0.0,0.0,0.0,0.0,1.0,0.0,0.0
8,9,0.0,0.0,0.0,0.0,0.0,0.0,0.0,0.0,0.0,1.0,0.0,0.0
8,9,0.0,0.0,0.0,0.0,0.0,0.0,0.0,0.0,0.0,1.0,0.0,0.0
8,9,0.0,0.0,0.0,0.0,0.0,0.0,0.0,0.0,0.0,1.0,0.0,0.0
8,9,0.0,0.0,0.0,0.0,0.0,0.0,0.0,0.0,0.0,1.0,0.0,0.0
8,9,0.0,0.0,0.0,0.0,0.0,0.0,0.0,0.0,0.0,1.0,0.0,0.0
8,9,0.0,0.0,0.0,0.0,0.0,0.0,0.0,0.0,0.0,1.0,0.0,0.0
8,9,0.0,0.0,0.0,0.0,0.0,0.0,0.0,0.0,0.0,1.0,0.0,0.0
8,9,0.0,0.0,0.0,0.0,0.0,0.0,0.0,0.0,0.0,1.0,0.0,0.0
8,9,0.0,0.0,0.0,0.0,0.0,0.0,0.0,0.0,0.0,1.0,0.0,0.0
8,9,0.0,0.0,0.0,0.0,0.0,0.0,0.0,0.0,0.0,1.0,0.0,0.0
8,9,0.0,0.0,0.0,0.0,0.0,0.0,0.0,0.0,0.0,1.0,0.0,0.0
8,9,0.0,0.0,0.0,0.0,0.0,0.0,0.0,0.0,0.0,1.0,0.0,0.0
8,9,0.0,0.0,0.0,0.0,0.0,0.0,0.0,0.0,0.0,1.0,0.0,0.0
8,9,0.0,0.0,0.0,0.0,0.0,0.0,0.0,0.0,0.0,1.0,0.0,0.0
8,9,0.0,0.0,0.0,0.0,0.0,0.0,0.0,0.0,0.0,1.0,0.0,0.0
8,9,0.0,0.0,0.0,0.0,0.0,0.0,0.0,0.0,0.0,1.0,0.0,0.0
8,9,0.0,0.0,0.0,0.0,0.0,0.0,0.0,0.0,0.0,1.0,0.0,0.0
8,9,0.0,0.0,0.0,0.0,0.0,0.0,0.0,0.0,0.0,1.0,0.0,0.0
8,9,0.0,0.0,0.0,0.0,0.0,0.0,0.0,0.0,0.0,1.0,0.0,0.0
8,9,0.0,0.0,0.0,0.0,0.0,0.0,0.0,0.0,0.0,1.0,0.0,0.0
8,9,0.0,0.0,0.0,0.0,0.0,0.0,0.0,0.0,0.0,1.0,0.0,0.0
8,9,0.0,0.0,0.0,0.0,0.0,0.0,0.0,0.0,0.0,1.0,0.0,0.0
8,9,0.0,0.0,0.0,0.0,0.0,0.0,0.0,0.0,0.0,1.0,0.0,0.0
8,9,0.0,0.0,0.0,0.0,0.0,0.0,0.0,0.0,0.0,1.0,0.0,0.0
8,9,0.0,0.0,0.0,0.0,0.0,0.0,0.0,0.0,0.0,1.0,0.0,0.0
8,9,0.0,0.0,0.0,0.0,0.0,0.0,0.0,0.0,0.0,1.0,0.0,0.0
8,9,0.0,0.0,0.0,0.0,0.0,0.0,0.0,0.0,0.0,1.0,0.0,0.0
8,9,0.0,0.0,0.0,0.0,0.0,0.0,0.0,0.0,0.0,1.0,0.0,0.0
8,9,0.0,0.0,0.0,0.0,0.0,0.0,0.0,0.0,0.0,1.0,0.0,0.0
8,9,0.0,0.0,0.0,0.0,0.0,0.0,0.0,0.0,0.0,1.0,0.0,0.0
8,9,0.0,0.0,0.0,0.0,0.0,0.0,0.0,0.0,0.0,1.0,0.0,0.0
8,9,0.0,0.0,0.0,0.0,0.0,0.0,0.0,0.0,0.0,1.0,0.0,0.0
8,9,0.0,0.0,0.0,0.0,0.0,0.0,0.0,0.0,0.0,1.0,0.0,0.0
8,9,0.0,0.0,0.0,0.0,0.0,0.0,0.0,0.0,0.0,1.0,0.0,0.0
8,9,0.0,0.0,0.0,0.0,0.0,0.0,0.0,0.0,0.0,1.0,0.0,0.0
8,9,0.0,0.0,0.0,0.0,0.0,0.0,0.0,0.0,0.0,1.0,0.0,0.0
8,9,0.0,0.0,0.0,0.0,0.0,0.0,0.0,0.0,0.0,1.0,0.0,0.0
8,9,0.0,0.0,0.0,0.0,0.0,0.0,0.0,0.0,0.0,1.0,0.0,0.0
8,9,0.0,0.0,0.0,0.0,0.0,0.0,0.0,0.0,0.0,1.0,0.0,0.0
8,9,0.0,0.0,0.0,0.0,0.0,0.0,0.0,0.0,0.0,1.0,0.0,0.0
8,9,0.0,0.0,0.0,0.0,0.0,0.0,0.0,0.0,0.0,1.0,0.0,0.0
8,9,0.0,0.0,0.0,0.0,0.0,0.0,0.0,0.0,0.0,1.0,0.0,0.0
8,9,0.0,0.0,0.0,0.0,0.0,0.0,0.0,0.0,0.0,1.0,0.0,0.0
8,9,0.0,0.0,0.0,0.0,0.0,0.0,0.0,0.0,0.0,1.0,0.0,0.0
8,9,0.0,0.0,0.0,0.0,0.0,0.0,0.0,0.0,0.0,1.0,0.0,0.0
8,9,0.0,0.0,0.0,0.0,0.0,0.0,0.0,0.0,0.0,1.0,0.0,0.0
8,9,0.0,0.0,0.0,0.0,0.0,0.0,0.0,0.0,0.0,1.0,0.0,0.0
8,9,0.0,0.0,0.0,0.0,0.0,0.0,0.0,0.0,0.0,1.0,0.0,0.0
8,9,0.0,0.0,0.0,0.0,0.0,0.0,0.0,0.0,0.0,1.0,0.0,0.0
8,9,0.0,0.0,0.0,0.0,0.0,0.0,0.0,0.0,0.0,1.0,0.0,0.0
8,9,0.0,0.0,0.0,0.0,0.0,0.0,0.0,0.0,0.0,1.0,0.0,0.0
8,9,0.0,0.0,0.0,0.0,0.0,0.0,0.0,0.0,0.0,1.0,0.0,0.0
8,9,0.0,0.0,0.0,0.0,0.0,0.0,0.0,0.0,0.0,1.0,0.0,0.0
8,9,0.0,0.0,0.0,0.0,0.0,0.0,0.0,0.0,0.0,1.0,0.0,0.0
8,9,0.0,0.0,0.0,0.0,0.0,0.0,0.0,0.0,0.0,1.0,0.0,0.0
8,9,0.0,0.0,0.0,0.0,0.0,0.0,0.0,0.0,0.0,1.0,0.0,0.0
8,9,0.0,0.0,0.0,0.0,0.0,0.0,0.0,0.0,0.0,1.0,0.0,0.0
8,9,0.0,0.0,0.0,0.0,0.0,0.0,0.0,0.0,0.0,1.0,0.0,0.0
8,9,0.0,0.0,0.0,0.0,0.0,0.0,0.0,0.0,0.0,1.0,0.0,0.0
8,9,0.0,0.0,0.0,0.0,0.0,0.0,0.0,0.0,0.0,1.0,0.0,0.0
8,9,0.0,0.0,0.0,0.0,0.0,0.0,0.0,0.0,0.0,1.0,0.0,0.0
8,9,0.0,0.0,0.0,0.0,0.0,0.0,0.0,0.0,0.0,1.0,0.0,0.0
8,9,0.0,0.0,0.0,0.0,0.0,0.0,0.0,0.0,0.0,1.0,0.0,0.0
8,9,0.0,0.0,0.0,0.0,0.0,0.0,0.0,0.0,0.0,1.0,0.0,0.0
8,9,0.0,0.0,0.0,0.0,0.0,0.0,0.0,0.0,0.0,1.0,0.0,0.0
8,9,0.0,0.0,0.0,0.0,0.0,0.0,0.0,0.0,0.0,1.0,0.0,0.0
8,9,0.0,0.0,0.0,0.0,0.0,0.0,0.0,0.0,0.0,1.0,0.0,0.0
8,9,0.0,0.0,0.0,0.0,0.0,0.0,0.0,0.0,0.0,1.0,0.0,0.0
8,9,0.0,0.0,0.0,0.0,0.0,0.0,0.0,0.0,0.0,1.0,0.0,0.0
8,9,0.0,0.0,0.0,0.0,0.0,0.0,0.0,0.0,0.0,1.0,0.0,0.0
8,9,0.0,0.0,0.0,0.0,0.0,0.0,0.0,0.0,0.0,1.0,0.0,0.0
8,9,0.0,0.0,0.0,0.0,0.0,0.0,0.0,0.0,0.0,1.0,0.0,0.0
8,9,0.0,0.0,0.0,0.0,0.0,0.0,0.0,0.0,0.0,1.0,0.0,0.0
8,9,0.0,0.0,0.0,0.0,0.0,0.0,0.0,0.0,0.0,1.0,0.0,0.0
8,9,0.0,0.0,0.0,0.0,0.0,0.0,0.0,0.0,0.0,1.0,0.0,0.0
8,9,0.0,0.0,0.0,0.0,0.0,0.0,0.0,0.0,0.0,1.0,0.0,0.0
8,9,0.0,0.0,0.0,0.0,0.0,0.0,0.0,0.0,0.0,1.0,0.0,0.0
8,9,0.0,0.0,0.0,0.0,0.0,0.0,0.0,0.0,0.0,1.0,0.0,0.0
8,9,0.0,0.0,0.0,0.0,0.0,0.0,0.0,0.0,0.0,1.0,0.0,0.0
8,9,0.0,0.0,0.0,0.0,0.0,0.0,0.0,0.0,0.0,1.0,0.0,0.0
8,9,0.0,0.0,0.0,0.0,0.0,0.0,0.0,0.0,0.0,1.0,0.0,0.0
8,9,0.0,0.0,0.0,0.0,0.0,0.0,0.0,0.0,0.0,1.0,0.0,0.0
8,9,0.0,0.0,0.0,0.0,0.0,0.0,0.0,0.0,0.0,1.0,0.0,0.0
8,9,0.0,0.0,0.0,0.0,0.0,0.0,0.0,0.0,0.0,1.0,0.0,0.0
8,9,0.0,0.0,0.0,0.0,0.0,0.0,0.0,0.0,0.0,1.0,0.0,0.0
8,9,0.0,0.0,0.0,0.0,0.0,0.0,0.0,0.0,0.0,1.0,0.0,0.0
8,9,0.0,0.0,0.0,0.0,0.0,0.0,0.0,0.0,0.0,1.0,0.0,0.0
8,9,0.0,0.0,0.0,0.0,0.0,0.0,0.0,0.0,0.0,1.0,0.0,0.0
8,9,0.0,0.0,0.0,0.0,0.0,0.0,0.0,0.0,0.0,1.0,0.0,0.0
8,9,0.0,0.0,0.0,0.0,0.0,0.0,0.0,0.0,0.0,1.0,0.0,0.0
8,9,0.0,0.0,0.0,0.0,0.0,0.0,0.0,0.0,0.0,1.0,0.0,0.0
8,9,0.0,0.0,0.0,0.0,0.0,0.0,0.0,0.0,0.0,1.0,0.0,0.0
8,9,0.0,0.0,0.0,0.0,0.0,0.0,0.0,0.0,0.0,1.0,0.0,0.0
8,9,0.0,0.0,0.0,0.0,0.0,0.0,0.0,0.0,0.0,1.0,0.0,0.0
8,9,0.0,0.0,0.0,0.0,0.0,0.0,0.0,0.0,0.0,1.0,0.0,0.0
8,9,0.0,0.0,0.0,0.0,0.0,0.0,0.0,0.0,0.0,1.0,0.0,0.0
8,9,0.0,0.0,0.0,0.0,0.0,0.0,0.0,0.0,0.0,1.0,0.0,0.0
8,9,0.0,0.0,0.0,0.0,0.0,0.0,0.0,0.0,0.0,1.0,0.0,0.0
8,9,0.0,0.0,0.0,0.0,0.0,0.0,0.0,0.0,0.0,1.0,0.0,0.0
8,9,0.0,0.0,0.0,0.0,0.0,0.0,0.0,0.0,0.0,1.0,0.0,0.0
8,9,0.0,0.0,0.0,0.0,0.0,0.0,0.0,0.0,0.0,1.0,0.0,0.0
8,9,0.0,0.0,0.0,0.0,0.0,0.0,0.0,0.0,0.0,1.0,0.0,0.0
8,9,0.0,0.0,0.0,0.0,0.0,0.0,0.0,0.0,0.0,1.0,0.0,0.0
8,9,0.0,0.0,0.0,0.0,0.0,0.0,0.0,0.0,0.0,1.0,0.0,0.0
8,9,0.0,0.0,0.0,0.0,0.0,0.0,0.0,0.0,0.0,1.0,0.0,0.0
8,9,0.0,0.0,0.0,0.0,0.0,0.0,0.0,0.0,0.0,1.0,0.0,0.0
8,9,0.0,0.0,0.0,0.0,0.0,0.0,0.0,0.0,0.0,1.0,0.0,0.0
8,9,0.0,0.0,0.0,0.0,0.0,0.0,0.0,0.0,0.0,1.0,0.0,0.0
8,9,0.0,0.0,0.0,0.0,0.0,0.0,0.0,0.0,0.0,1.0,0.0,0.0
8,9,0.0,0.0,0.0,0.0,0.0,0.0,0.0,0.0,0.0,1.0,0.0,0.0
8,9,0.0,0.0,0.0,0.0,0.0,0.0,0.0,0.0,0.0,1.0,0.0,0.0
8,9,0.0,0.0,0.0,0.0,0.0,0.0,0.0,0.0,0.0,1.0,0.0,0.0
8,9,0.0,0.0,0.0,0.0,0.0,0.0,0.0,0.0,0.0,1.0,0.0,0.0
8,9,0.0,0.0,0.0,0.0,0.0,0.0,0.0,0.0,0.0,1.0,0.0,0.0
8,9,0.0,0.0,0.0,0.0,0.0,0.0,0.0,0.0,0.0,1.0,0.0,0.0
8,9,0.0,0.0,0.0,0.0,0.0,0.0,0.0,0.0,0.0,1.0,0.0,0.0
8,9,0.0,0.0,0.0,0.0,0.0,0.0,0.0,0.0,0.0,1.0,0.0,0.0
8,9,0.0,0.0,0.0,0.0,0.0,0.0,0.0,0.0,0.0,1.0,0.0,0.0
8,9,0.0,0.0,0.0,0.0,0.0,0.0,0.0,0.0,0.0,1.0,0.0,0.0
8,9,0.0,0.0,0.0,0.0,0.0,0.0,0.0,0.0,0.0,1.0,0.0,0.0
8,9,0.0,0.0,0.0,0.0,0.0,0.0,0.0,0.0,0.0,1.0,0.0,0.0
8,9,0.0,0.0,0.0,0.0,0.0,0.0,0.0,0.0,0.0,1.0,0.0,0.0
8,9,0.0,0.0,0.0,0.0,0.0,0.0,0.0,0.0,0.0,1.0,0.0,0.0
8,9,0.0,0.0,0.0,0.0,0.0,0.0,0.0,0.0,0.0,1.0,0.0,0.0
8,9,0.0,0.0,0.0,0.0,0.0,0.0,0.0,0.0,0.0,1.0,0.0,0.0
8,9,0.0,0.0,0.0,0.0,0.0,0.0,0.0,0.0,0.0,1.0,0.0,0.0
8,9,0.0,0.0,0.0,0.0,0.0,0.0,0.0,0.0,0.0,1.0,0.0,0.0
8,9,0.0,0.0,0.0,0.0,0.0,0.0,0.0,0.0,0.0,1.0,0.0,0.0
8,9,0.0,0.0,0.0,0.0,0.0,0.0,0.0,0.0,0.0,1.0,0.0,0.0
8,9,0.0,0.0,0.0,0.0,0.0,0.0,0.0,0.0,0.0,1.0,0.0,0.0
8,9,0.0,0.0,0.0,0.0,0.0,0.0,0.0,0.0,0.0,1.0,0.0,0.0
8,9,0.0,0.0,0.0,0.0,0.0,0.0,0.0,0.0,0.0,1.0,0.0,0.0
8,9,0.0,0.0,0.0,0.0,0.0,0.0,0.0,0.0,0.0,1.0,0.0,0.0
8,9,0.0,0.0,0.0,0.0,0.0,0.0,0.0,0.0,0.0,1.0,0.0,0.0
8,9,0.0,0.0,0.0,0.0,0.0,0.0,0.0,0.0,0.0,1.0,0.0,0.0
8,9,0.0,0.0,0.0,0.0,0.0,0.0,0.0,0.0,0.0,1.0,0.0,0.0
8,9,0.0,0.0,0.0,0.0,0.0,0.0,0.0,0.0,0.0,1.0,0.0,0.0
8,9,0.0,0.0,0.0,0.0,0.0,0.0,0.0,0.0,0.0,1.0,0.0,0.0
8,9,0.0,0.0,0.0,0.0,0.0,0.0,0.0,0.0,0.0,1.0,0.0,0.0
8,9,0.0,0.0,0.0,0.0,0.0,0.0,0.0,0.0,0.0,1.0,0.0,0.0
8,9,0.0,0.0,0.0,0.0,0.0,0.0,0.0,0.0,0.0,1.0,0.0,0.0
8,9,0.0,0.0,0.0,0.0,0.0,0.0,0.0,0.0,0.0,1.0,0.0,0.0
8,9,0.0,0.0,0.0,0.0,0.0,0.0,0.0,0.0,0.0,1.0,0.0,0.0
8,9,0.0,0.0,0.0,0.0,0.0,0.0,0.0,0.0,0.0,1.0,0.0,0.0
8,9,0.0,0.0,0.0,0.0,0.0,0.0,0.0,0.0,0.0,1.0,0.0,0.0
8,9,0.0,0.0,0.0,0.0,0.0,0.0,0.0,0.0,0.0,1.0,0.0,0.0
8,9,0.0,0.0,0.0,0.0,0.0,0.0,0.0,0.0,0.0,1.0,0.0,0.0
8,9,0.0,0.0,0.0,0.0,0.0,0.0,0.0,0.0,0.0,1.0,0.0,0.0
8,9,0.0,0.0,0.0,0.0,0.0,0.0,0.0,0.0,0.0,1.0,0.0,0.0
8,9,0.0,0.0,0.0,0.0,0.0,0.0,0.0,0.0,0.0,1.0,0.0,0.0
8,9,0.0,0.0,0.0,0.0,0.0,0.0,0.0,0.0,0.0,1.0,0.0,0.0
8,9,0.0,0.0,0.0,0.0,0.0,0.0,0.0,0.0,0.0,1.0,0.0,0.0
8,9,0.0,0.0,0.0,0.0,0.0,0.0,0.0,0.0,0.0,1.0,0.0,0.0
8,9,0.0,0.0,0.0,0.0,0.0,0.0,0.0,0.0,0.0,1.0,0.0,0.0
8,9,0.0,0.0,0.0,0.0,0.0,0.0,0.0,0.0,0.0,1.0,0.0,0.0
8,9,0.0,0.0,0.0,0.0,0.0,0.0,0.0,0.0,0.0,1.0,0.0,0.0
8,9,0.0,0.0,0.0,0.0,0.0,0.0,0.0,0.0,0.0,1.0,0.0,0.0
8,9,0.0,0.0,0.0,0.0,0.0,0.0,0.0,0.0,0.0,1.0,0.0,0.0
8,9,0.0,0.0,0.0,0.0,0.0,0.0,0.0,0.0,0.0,1.0,0.0,0.0
8,9,0.0,0.0,0.0,0.0,0.0,0.0,0.0,0.0,0.0,1.0,0.0,0.0
8,9,0.0,0.0,0.0,0.0,0.0,0.0,0.0,0.0,0.0,1.0,0.0,0.0
8,9,0.0,0.0,0.0,0.0,0.0,0.0,0.0,0.0,0.0,1.0,0.0,0.0
8,9,0.0,0.0,0.0,0.0,0.0,0.0,0.0,0.0,0.0,1.0,0.0,0.0
8,9,0.0,0.0,0.0,0.0,0.0,0.0,0.0,0.0,0.0,1.0,0.0,0.0
8,9,0.0,0.0,0.0,0.0,0.0,0.0,0.0,0.0,0.0,1.0,0.0,0.0
8,9,0.0,0.0,0.0,0.0,0.0,0.0,0.0,0.0,0.0,1.0,0.0,0.0
8,9,0.0,0.0,0.0,0.0,0.0,0.0,0.0,0.0,0.0,1.0,0.0,0.0
8,9,0.0,0.0,0.0,0.0,0.0,0.0,0.0,0.0,0.0,1.0,0.0,0.0
8,9,0.0,0.0,0.0,0.0,0.0,0.0,0.0,0.0,0.0,1.0,0.0,0.0
8,9,0.0,0.0,0.0,0.0,0.0,0.0,0.0,0.0,0.0,1.0,0.0,0.0
8,9,0.0,0.0,0.0,0.0,0.0,0.0,0.0,0.0,0.0,1.0,0.0,0.0
8,9,0.0,0.0,0.0,0.0,0.0,0.0,0.0,0.0,0.0,1.0,0.0,0.0
8,9,0.0,0.0,0.0,0.0,0.0,0.0,0.0,0.0,0.0,1.0,0.0,0.0
8,9,0.0,0.0,0.0,0.0,0.0,0.0,0.0,0.0,0.0,1.0,0.0,0.0
8,9,0.0,0.0,0.0,0.0,0.0,0.0,0.0,0.0,0.0,1.0,0.0,0.0
8,9,0.0,0.0,0.0,0.0,0.0,0.0,0.0,0.0,0.0,1.0,0.0,0.0
8,9,0.0,0.0,0.0,0.0,0.0,0.0,0.0,0.0,0.0,1.0,0.0,0.0
8,9,0.0,0.0,0.0,0.0,0.0,0.0,0.0,0.0,0.0,1.0,0.0,0.0
8,9,0.0,0.0,0.0,0.0,0.0,0.0,0.0,0.0,0.0,1.0,0.0,0.0
8,9,0.0,0.0,0.0,0.0,0.0,0.0,0.0,0.0,0.0,1.0,0.0,0.0
8,9,0.0,0.0,0.0,0.0,0.0,0.0,0.0,0.0,0.0,1.0,0.0,0.0
8,9,0.0,0.0,0.0,0.0,0.0,0.0,0.0,0.0,0.0,1.0,0.0,0.0
8,9,0.0,0.0,0.0,0.0,0.0,0.0,0.0,0.0,0.03125,0.96875,0.0,0.0
8,9,0.0,0.0,0.0,0.0,0.0,0.0,0.0,0.0,0.03125,0.96875,0.0,0.0
8,9,0.0,0.0,0.0,0.0,0.0,0.0,0.0,0.0,0.03125,0.96875,0.0,0.0
8,9,0.0,0.0,0.0,0.0,0.0,0.0,0.0,0.0,0.03125,0.96875,0.0,0.0
8,9,0.0,0.0,0.0,0.0,0.0,0.0,0.0,0.0,0.03125,0.96875,0.0,0.0
8,9,0.0,0.0,0.0,0.0,0.0,0.0,0.0,0.0,0.03125,0.96875,0.0,0.0
8,9,0.0,0.0,0.0,0.0,0.0,0.0,0.0,0.0,0.03125,0.96875,0.0,0.0
8,9,0.0,0.0,0.0,0.0,0.0,0.0,0.0,0.0,0.03125,0.96875,0.0,0.0
8,9,0.0,0.0,0.0,0.0,0.0,0.0,0.0,0.0,0.03125,0.96875,0.0,0.0
8,9,0.0,0.0,0.0,0.0,0.0,0.0,0.0,0.0,0.03125,0.96875,0.0,0.0
8,9,0.0,0.0,0.0,0.0,0.0,0.0,0.0,0.0,0.03125,0.96875,0.0,0.0
8,9,0.0,0.0,0.0,0.0,0.0,0.0,0.0,0.0,0.03125,0.96875,0.0,0.0
8,9,0.0,0.0,0.0,0.0,0.0,0.0,0.0,0.0,0.03125,0.96875,0.0,0.0
8,9,0.0,0.0,0.0,0.0,0.0,0.0,0.0,0.0,0.03125,0.96875,0.0,0.0
8,9,0.0,0.0,0.0,0.0,0.0,0.0,0.0,0.0,0.03125,0.96875,0.0,0.0
8,9,0.0,0.0,0.0,0.0,0.0,0.0,0.0,0.0,0.03125,0.96875,0.0,0.0
8,9,0.0,0.0,0.0,0.0,0.0,0.0,0.0,0.0,0.03125,0.96875,0.0,0.0
8,9,0.0,0.0,0.0,0.0,0.0,0.0,0.0,0.0,0.03125,0.96875,0.0,0.0
8,9,0.0,0.0,0.0,0.0,0.0,0.0,0.0,0.0,0.03125,0.96875,0.0,0.0
8,9,0.0,0.0,0.0,0.0,0.0,0.0,0.0,0.0,0.03125,0.96875,0.0,0.0
8,9,0.0,0.0,0.0,0.0,0.0,0.0,0.0,0.0,0.03125,0.96875,0.0,0.0
8,9,0.0,0.0,0.0,0.0,0.0,0.0,0.0,0.0,0.03125,0.96875,0.0,0.0
8,9,0.0,0.0,0.0,0.0,0.0,0.0,0.0,0.0,0.03125,0.96875,0.0,0.0
8,9,0.0,0.0,0.0,0.0,0.0,0.0,0.0,0.0,0.03125,0.96875,0.0,0.0
8,9,0.0,0.0,0.0,0.0,0.0,0.0,0.0,0.0,0.03125,0.96875,0.0,0.0
8,9,0.0,0.0,0.0,0.0,0.0,0.0,0.0,0.0,0.03125,0.96875,0.0,0.0
8,9,0.0,0.0,0.0,0.0,0.0,0.0,0.0,0.0,0.03125,0.96875,0.0,0.0
8,9,0.0,0.0,0.0,0.0,0.0,0.0,0.0,0.0,0.03125,0.96875,0.0,0.0
8,9,0.0,0.0,0.0,0.0,0.0,0.0,0.0,0.0,0.03125,0.96875,0.0,0.0
8,9,0.0,0.0,0.0,0.0,0.0,0.0,0.0,0.0,0.03125,0.96875,0.0,0.0
8,9,0.0,0.0,0.0,0.0,0.0,0.0,0.0,0.0,0.03125,0.96875,0.0,0.0
8,9,0.0,0.0,0.0,0.0,0.0,0.0,0.0,0.0,0.03125,0.96875,0.0,0.0
8,9,0.0,0.0,0.0,0.0,0.0,0.0,0.0,0.0,0.03125,0.96875,0.0,0.0
8,9,0.0,0.0,0.0,0.0,0.0,0.0,0.0,0.0,0.03125,0.96875,0.0,0.0
8,9,0.0,0.0,0.0,0.0,0.0,0.0,0.0,0.0,0.03125,0.96875,0.0,0.0
8,9,0.0,0.0,0.0,0.0,0.0,0.0,0.0,0.0,0.03125,0.96875,0.0,0.0
8,9,0.0,0.0,0.0,0.0,0.0,0.0,0.0,0.0,0.03125,0.96875,0.0,0.0
8,9,0.0,0.0,0.0,0.0,0.0,0.0,0.0,0.0,0.03125,0.96875,0.0,0.0
8,9,0.0,0.0,0.0,0.0,0.0,0.0,0.0,0.0,0.03125,0.96875,0.0,0.0
8,9,0.0,0.0,0.0,0.0,0.0,0.0,0.0,0.0,0.03125,0.96875,0.0,0.0
8,9,0.0,0.0,0.0,0.0,0.0,0.0,0.0,0.0,0.03125,0.96875,0.0,0.0
8,9,0.0,0.0,0.0,0.0,0.0,0.0,0.0,0.0,0.03125,0.96875,0.0,0.0
8,9,0.0,0.0,0.0,0.0,0.0,0.0,0.0,0.0,0.03125,0.96875,0.0,0.0
8,9,0.0,0.0,0.0,0.0,0.0,0.0,0.0,0.0,0.03125,0.96875,0.0,0.0
8,9,0.0,0.0,0.0,0.0,0.0,0.0,0.0,0.0,0.03125,0.96875,0.0,0.0
8,9,0.0,0.0,0.0,0.0,0.0,0.0,0.0,0.0,0.03125,0.96875,0.0,0.0
8,9,0.0,0.0,0.0,0.0,0.0,0.0,0.0,0.0,0.03125,0.96875,0.0,0.0
8,9,0.0,0.0,0.0,0.0,0.0,0.0,0.0,0.0,0.03125,0.96875,0.0,0.0
8,9,0.0,0.0,0.0,0.0,0.0,0.0,0.0,0.0,0.03125,0.96875,0.0,0.0
8,9,0.0,0.0,0.0,0.0,0.0,0.0,0.0,0.0,0.03125,0.96875,0.0,0.0
8,9,0.0,0.0,0.0,0.0,0.0,0.0,0.0,0.0,0.03125,0.96875,0.0,0.0
8,9,0.0,0.0,0.0,0.0,0.0,0.0,0.0,0.0,0.03125,0.96875,0.0,0.0
8,9,0.0,0.0,0.0,0.0,0.0,0.0,0.0,0.0,0.03125,0.96875,0.0,0.0
8,9,0.0,0.0,0.0,0.0,0.0,0.0,0.0,0.0,0.03125,0.96875,0.0,0.0
8,9,0.0,0.0,0.0,0.0,0.0,0.0,0.0,0.0,0.03125,0.96875,0.0,0.0
8,9,0.0,0.0,0.0,0.0,0.0,0.0,0.0,0.0,0.03125,0.96875,0.0,0.0
8,9,0.0,0.0,0.0,0.0,0.0,0.0,0.0,0.0,0.03125,0.96875,0.0,0.0
8,9,0.0,0.0,0.0,0.0,0.0,0.0,0.0,0.0,0.03125,0.96875,0.0,0.0
8,9,0.0,0.0,0.0,0.0,0.0,0.0,0.0,0.0,0.03125,0.96875,0.0,0.0
8,9,0.0,0.0,0.0,0.0,0.0,0.0,0.0,0.0,0.03125,0.96875,0.0,0.0
8,9,0.0,0.0,0.0,0.0,0.0,0.0,0.0,0.0,0.03125,0.96875,0.0,0.0
8,9,0.0,0.0,0.0,0.0,0.0,0.0,0.0,0.0,0.03125,0.96875,0.0,0.0
8,9,0.0,0.0,0.0,0.0,0.0,0.0,0.0,0.0,0.03125,0.96875,0.0,0.0
8,9,0.0,0.0,0.0,0.0,0.0,0.0,0.0,0.0,0.03125,0.96875,0.0,0.0
8,9,0.0,0.0,0.0,0.0,0.0,0.0,0.0,0.0,0.03125,0.96875,0.0,0.0
8,9,0.0,0.0,0.0,0.0,0.0,0.0,0.0,0.0,0.03125,0.96875,0.0,0.0
8,9,0.0,0.0,0.0,0.0,0.0,0.0,0.0,0.0,0.03125,0.96875,0.0,0.0
8,9,0.0,0.0,0.0,0.0,0.0,0.0,0.0,0.0,0.03125,0.96875,0.0,0.0
8,9,0.0,0.0,0.0,0.0,0.0,0.0,0.0,0.0,0.03125,0.96875,0.0,0.0
8,9,0.0,0.0,0.0,0.0,0.0,0.0,0.0,0.0,0.03125,0.96875,0.0,0.0
8,9,0.0,0.0,0.0,0.0,0.0,0.0,0.0,0.0,0.03125,0.96875,0.0,0.0
8,9,0.0,0.0,0.0,0.0,0.0,0.0,0.0,0.0,0.03125,0.96875,0.0,0.0
8,9,0.0,0.0,0.0,0.0,0.0,0.0,0.0,0.0,0.03125,0.96875,0.0,0.0
8,9,0.0,0.0,0.0,0.0,0.0,0.0,0.0,0.0,0.03125,0.96875,0.0,0.0
8,9,0.0,0.0,0.0,0.0,0.0,0.0,0.0,0.0,0.03125,0.96875,0.0,0.0
8,9,0.0,0.0,0.0,0.0,0.0,0.0,0.0,0.0,0.03125,0.96875,0.0,0.0
8,9,0.0,0.0,0.0,0.0,0.0,0.0,0.0,0.0,0.03125,0.96875,0.0,0.0
8,9,0.0,0.0,0.0,0.0,0.0,0.0,0.0,0.0,0.03125,0.96875,0.0,0.0
8,9,0.0,0.0,0.0,0.0,0.0,0.0,0.0,0.0,0.03125,0.96875,0.0,0.0
8,9,0.0,0.0,0.0,0.0,0.0,0.0,0.0,0.0,0.03125,0.96875,0.0,0.0
8,9,0.0,0.0,0.0,0.0,0.0,0.0,0.0,0.0,0.03125,0.96875,0.0,0.0
8,9,0.0,0.0,0.0,0.0,0.0,0.0,0.0,0.0,0.03125,0.96875,0.0,0.0
8,9,0.0,0.0,0.0,0.0,0.0,0.0,0.0,0.0,0.03125,0.96875,0.0,0.0
8,9,0.0,0.0,0.0,0.0,0.0,0.0,0.0,0.0,0.03125,0.96875,0.0,0.0
8,9,0.0,0.0,0.0,0.0,0.0,0.0,0.0,0.0,0.03125,0.96875,0.0,0.0
8,9,0.0,0.0,0.0,0.0,0.0,0.0,0.0,0.0,0.03125,0.96875,0.0,0.0
8,9,0.0,0.0,0.0,0.0,0.0,0.0,0.0,0.0,0.03125,0.96875,0.0,0.0
8,9,0.0,0.0,0.0,0.0,0.0,0.0,0.0,0.0,0.03125,0.96875,0.0,0.0
8,9,0.0,0.0,0.0,0.0,0.0,0.0,0.0,0.0,0.03125,0.96875,0.0,0.0
8,9,0.0,0.0,0.0,0.0,0.0,0.0,0.0,0.0,0.03125,0.96875,0.0,0.0
8,9,0.0,0.0,0.0,0.0,0.0,0.0,0.0,0.0,0.03125,0.96875,0.0,0.0
8,9,0.0,0.0,0.0,0.0,0.0,0.0,0.0,0.0,0.03125,0.96875,0.0,0.0
8,9,0.0,0.0,0.0,0.0,0.0,0.0,0.0,0.0,0.03125,0.96875,0.0,0.0
8,9,0.0,0.0,0.0,0.0,0.0,0.0,0.0,0.0,0.03125,0.96875,0.0,0.0
8,9,0.0,0.0,0.0,0.0,0.0,0.0,0.0,0.0,0.03125,0.96875,0.0,0.0
8,9,0.0,0.0,0.0,0.0,0.0,0.0,0.0,0.0,0.03125,0.96875,0.0,0.0
8,9,0.0,0.0,0.0,0.0,0.0,0.0,0.0,0.0,0.03125,0.96875,0.0,0.0
8,9,0.0,0.0,0.0,0.0,0.0,0.0,0.0,0.0,0.03125,0.96875,0.0,0.0
8,9,0.0,0.0,0.0,0.0,0.0,0.0,0.0,0.0,0.03125,0.96875,0.0,0.0
8,9,0.0,0.0,0.0,0.0,0.0,0.0,0.0,0.0,0.03125,0.96875,0.0,0.0
8,9,0.0,0.0,0.0,0.0,0.0,0.0,0.0,0.0,0.03125,0.96875,0.0,0.0
8,9,0.0,0.0,0.0,0.0,0.0,0.0,0.0,0.0,0.03125,0.96875,0.0,0.0
8,9,0.0,0.0,0.0,0.0,0.0,0.0,0.0,0.0,0.03125,0.96875,0.0,0.0
8,9,0.0,0.0,0.0,0.0,0.0,0.0,0.0,0.0,0.03125,0.96875,0.0,0.0
8,9,0.0,0.0,0.0,0.0,0.0,0.0,0.0,0.0,0.03125,0.96875,0.0,0.0
8,9,0.0,0.0,0.0,0.0,0.0,0.0,0.0,0.0,0.03125,0.96875,0.0,0.0
8,9,0.0,0.0,0.0,0.0,0.0,0.0,0.0,0.0,0.03125,0.96875,0.0,0.0
8,9,0.0,0.0,0.0,0.0,0.0,0.0,0.0,0.0,0.03125,0.96875,0.0,0.0
8,9,0.0,0.0,0.0,0.0,0.0,0.0,0.0,0.0,0.03125,0.96875,0.0,0.0
8,9,0.0,0.0,0.0,0.0,0.0,0.0,0.0,0.0,0.03125,0.96875,0.0,0.0
8,9,0.0,0.0,0.0,0.0,0.0,0.0,0.0,0.0,0.03125,0.96875,0.0,0.0
8,9,0.0,0.0,0.0,0.0,0.0,0.0,0.0,0.0,0.03125,0.96875,0.0,0.0
8,9,0.0,0.0,0.0,0.0,0.0,0.0,0.0,0.0,0.03125,0.96875,0.0,0.0
8,9,0.0,0.0,0.0,0.0,0.0,0.0,0.0,0.0,0.03125,0.96875,0.0,0.0
8,9,0.0,0.0,0.0,0.0,0.0,0.0,0.0,0.0,0.03125,0.96875,0.0,0.0
8,9,0.0,0.0,0.0,0.0,0.0,0.0,0.0,0.0,0.03125,0.96875,0.0,0.0
8,9,0.0,0.0,0.0,0.0,0.0,0.0,0.0,0.0,0.03125,0.96875,0.0,0.0
8,9,0.0,0.0,0.0,0.0,0.0,0.0,0.0,0.0,0.03125,0.96875,0.0,0.0
8,9,0.0,0.0,0.0,0.0,0.0,0.0,0.0,0.0,0.03125,0.96875,0.0,0.0
8,9,0.0,0.0,0.0,0.0,0.0,0.0,0.0,0.0,0.03125,0.96875,0.0,0.0
8,9,0.0,0.0,0.0,0.0,0.0,0.0,0.0,0.0,0.046875,0.953125,0.0,0.0
8,9,0.0,0.0,0.0,0.0,0.0,0.0,0.0,0.0,0.046875,0.953125,0.0,0.0
8,9,0.0,0.0,0.0,0.0,0.0,0.0,0.0,0.0,0.046875,0.953125,0.0,0.0
8,9,0.0,0.0,0.0,0.0,0.0,0.0,0.0,0.0,0.046875,0.953125,0.0,0.0
8,9,0.0,0.0,0.0,0.0,0.0,0.0,0.0,0.0,0.046875,0.953125,0.0,0.0
8,9,0.0,0.0,0.0,0.0,0.0,0.0,0.0,0.0,0.046875,0.953125,0.0,0.0
8,9,0.0,0.0,0.0,0.0,0.0,0.0,0.0,0.0,0.046875,0.953125,0.0,0.0
8,9,0.0,0.0,0.0,0.0,0.0,0.0,0.0,0.0,0.046875,0.953125,0.0,0.0
8,9,0.0,0.0,0.0,0.0,0.0,0.0,0.0,0.0,0.046875,0.953125,0.0,0.0
8,9,0.0,0.0,0.0,0.0,0.0,0.0,0.0,0.0,0.046875,0.953125,0.0,0.0
8,9,0.0,0.0,0.0,0.0,0.0,0.0,0.0,0.0,0.046875,0.953125,0.0,0.0
8,9,0.0,0.0,0.0,0.0,0.0,0.0,0.0,0.0,0.046875,0.953125,0.0,0.0
8,9,0.0,0.0,0.0,0.0,0.0,0.0,0.0,0.0,0.03125,0.96875,0.0,0.0
8,9,0.0,0.0,0.0,0.0,0.0,0.0,0.0,0.0,0.03125,0.96875,0.0,0.0
8,9,0.0,0.0,0.0,0.0,0.0,0.0,0.0,0.0,0.03125,0.96875,0.0,0.0
8,9,0.0,0.0,0.0,0.0,0.0,0.0,0.0,0.0,0.03125,0.96875,0.0,0.0
8,9,0.0,0.0,0.0,0.0,0.0,0.0,0.0,0.0,0.03125,0.96875,0.0,0.0
8,9,0.0,0.0,0.0,0.0,0.0,0.0,0.0,0.0,0.03125,0.96875,0.0,0.0
8,9,0.0,0.0,0.0,0.0,0.0,0.0,0.0,0.0,0.03125,0.96875,0.0,0.0
8,9,0.0,0.0,0.0,0.0,0.0,0.0,0.0,0.0,0.03125,0.96875,0.0,0.0
8,9,0.0,0.0,0.0,0.0,0.0,0.0,0.0,0.0,0.03125,0.96875,0.0,0.0
8,9,0.0,0.0,0.0,0.0,0.0,0.0,0.0,0.0,0.03125,0.96875,0.0,0.0
8,9,0.0,0.0,0.0,0.0,0.0,0.0,0.0,0.0,0.03125,0.96875,0.0,0.0
8,9,0.0,0.0,0.0,0.0,0.0,0.0,0.0,0.0,0.03125,0.96875,0.0,0.0
8,9,0.0,0.0,0.0,0.0,0.0,0.0,0.0,0.0,0.03125,0.96875,0.0,0.0
8,9,0.0,0.0,0.0,0.0,0.0,0.0,0.0,0.0,0.03125,0.96875,0.0,0.0
8,9,0.0,0.0,0.0,0.0,0.0,0.0,0.0,0.0,0.03125,0.96875,0.0,0.0
8,9,0.0,0.0,0.0,0.0,0.0,0.0,0.0,0.0,0.03125,0.96875,0.0,0.0
8,9,0.0,0.0,0.0,0.0,0.0,0.0,0.0,0.0,0.03125,0.96875,0.0,0.0
8,9,0.0,0.0,0.0,0.0,0.0,0.0,0.0,0.0,0.03125,0.96875,0.0,0.0
8,9,0.0,0.0,0.0,0.0,0.0,0.0,0.0,0.0,0.03125,0.96875,0.0,0.0
8,9,0.0,0.0,0.0,0.0,0.0,0.0,0.0,0.0,0.03125,0.96875,0.0,0.0
8,9,0.0,0.0,0.0,0.0,0.0,0.0,0.0,0.0,0.03125,0.96875,0.0,0.0
8,9,0.0,0.0,0.0,0.0,0.0,0.0,0.0,0.0,0.03125,0.96875,0.0,0.0
8,9,0.0,0.0,0.0,0.0,0.0,0.0,0.0,0.0,0.03125,0.96875,0.0,0.0
8,9,0.0,0.0,0.0,0.0,0.0,0.0,0.0,0.0,0.03125,0.96875,0.0,0.0
8,9,0.0,0.0,0.0,0.0,0.0,0.0,0.0,0.0,0.046875,0.953125,0.0,0.0
8,9,0.0,0.0,0.0,0.0,0.0,0.0,0.0,0.0,0.046875,0.953125,0.0,0.0
8,9,0.0,0.0,0.0,0.0,0.0,0.0,0.0,0.0,0.046875,0.953125,0.0,0.0
8,9,0.0,0.0,0.0,0.0,0.0,0.0,0.0,0.0,0.046875,0.953125,0.0,0.0
8,9,0.0,0.0,0.0,0.0,0.0,0.0,0.0,0.0,0.046875,0.953125,0.0,0.0
8,9,0.0,0.0,0.0,0.0,0.0,0.0,0.0,0.0,0.046875,0.953125,0.0,0.0
8,9,0.0,0.0,0.0,0.0,0.0,0.0,0.0,0.0,0.046875,0.953125,0.0,0.0
8,9,0.0,0.0,0.0,0.0,0.0,0.0,0.0,0.0,0.046875,0.953125,0.0,0.0
8,9,0.0,0.0,0.0,0.0,0.0,0.0,0.0,0.0,0.046875,0.953125,0.0,0.0
8,9,0.0,0.0,0.0,0.0,0.0,0.0,0.0,0.0,0.046875,0.953125,0.0,0.0
8,9,0.0,0.0,0.0,0.0,0.0,0.0,0.0,0.0,0.046875,0.953125,0.0,0.0
8,9,0.0,0.0,0.0,0.0,0.0,0.0,0.0,0.0,0.046875,0.953125,0.0,0.0
8,9,0.0,0.0,0.0,0.0,0.0,0.0,0.0,0.0,0.03125,0.96875,0.0,0.0
8,9,0.0,0.0,0.0,0.0,0.0,0.0,0.0,0.0,0.03125,0.96875,0.0,0.0
8,9,0.0,0.0,0.0,0.0,0.0,0.0,0.0,0.0,0.03125,0.96875,0.0,0.0
8,9,0.0,0.0,0.0,0.0,0.0,0.0,0.0,0.0,0.03125,0.96875,0.0,0.0
8,9,0.0,0.0,0.0,0.0,0.0,0.0,0.0,0.0,0.03125,0.96875,0.0,0.0
8,9,0.0,0.0,0.0,0.0,0.0,0.0,0.0,0.0,0.03125,0.96875,0.0,0.0
8,9,0.0,0.0,0.0,0.0,0.0,0.0,0.0,0.0,0.03125,0.96875,0.0,0.0
8,9,0.0,0.0,0.0,0.0,0.0,0.0,0.0,0.0,0.03125,0.96875,0.0,0.0
8,9,0.0,0.0,0.0,0.0,0.0,0.0,0.0,0.0,0.03125,0.96875,0.0,0.0
8,9,0.0,0.0,0.0,0.0,0.0,0.0,0.0,0.0,0.03125,0.96875,0.0,0.0
8,9,0.0,0.0,0.0,0.0,0.0,0.0,0.0,0.0,0.03125,0.96875,0.0,0.0
8,9,0.0,0.0,0.0,0.0,0.0,0.0,0.0,0.0,0.03125,0.96875,0.0,0.0
8,9,0.0,0.0,0.0,0.0,0.0,0.0,0.0,0.0,0.03125,0.96875,0.0,0.0
8,9,0.0,0.0,0.0,0.0,0.0,0.0,0.0,0.0,0.03125,0.96875,0.0,0.0
8,9,0.0,0.0,0.0,0.0,0.0,0.0,0.0,0.0,0.03125,0.96875,0.0,0.0
8,9,0.0,0.0,0.0,0.0,0.0,0.0,0.0,0.0,0.03125,0.96875,0.0,0.0
8,9,0.0,0.0,0.0,0.0,0.0,0.0,0.0,0.0,0.03125,0.96875,0.0,0.0
8,9,0.0,0.0,0.0,0.0,0.0,0.0,0.0,0.0,0.03125,0.96875,0.0,0.0
8,9,0.0,0.0,0.0,0.0,0.0,0.0,0.0,0.0,0.03125,0.96875,0.0,0.0
8,9,0.0,0.0,0.0,0.0,0.0,0.0,0.0,0.0,0.03125,0.96875,0.0,0.0
8,9,0.0,0.0,0.0,0.0,0.0,0.0,0.0,0.0,0.03125,0.96875,0.0,0.0
8,9,0.0,0.0,0.0,0.0,0.0,0.0,0.0,0.0,0.03125,0.96875,0.0,0.0
8,9,0.0,0.0,0.0,0.0,0.0,0.0,0.0,0.0,0.03125,0.96875,0.0,0.0
8,9,0.0,0.0,0.0,0.0,0.0,0.0,0.0,0.0,0.03125,0.96875,0.0,0.0
8,9,0.0,0.0,0.0,0.0,0.0,0.0,0.0,0.0,0.0,1.0,0.0,0.0
8,9,0.0,0.0,0.0,0.0,0.0,0.0,0.0,0.0,0.0,1.0,0.0,0.0
8,9,0.0,0.0,0.0,0.0,0.0,0.0,0.0,0.0,0.0,1.0,0.0,0.0
8,9,0.0,0.0,0.0,0.0,0.0,0.0,0.0,0.0,0.0,1.0,0.0,0.0
8,9,0.0,0.0,0.0,0.0,0.0,0.0,0.0,0.0,0.0,1.0,0.0,0.0
8,9,0.0,0.0,0.0,0.0,0.0,0.0,0.0,0.0,0.0,1.0,0.0,0.0
8,9,0.0,0.0,0.0,0.0,0.0,0.0,0.0,0.0,0.0,1.0,0.0,0.0
8,9,0.0,0.0,0.0,0.0,0.0,0.0,0.0,0.0,0.0,1.0,0.0,0.0
8,9,0.0,0.0,0.0,0.0,0.0,0.0,0.0,0.0,0.0,1.0,0.0,0.0
8,9,0.0,0.0,0.0,0.0,0.0,0.0,0.0,0.0,0.0,1.0,0.0,0.0
8,9,0.0,0.0,0.0,0.0,0.0,0.0,0.0,0.0,0.0,1.0,0.0,0.0
8,9,0.0,0.0,0.0,0.0,0.0,0.0,0.0,0.0,0.0,1.0,0.0,0.0
8,9,0.0,0.0,0.0,0.0,0.0,0.0,0.0,0.0,0.0,1.0,0.0,0.0
8,9,0.0,0.0,0.0,0.0,0.0,0.0,0.0,0.0,0.0,1.0,0.0,0.0
8,9,0.0,0.0,0.0,0.0,0.0,0.0,0.0,0.0,0.0,1.0,0.0,0.0
8,9,0.0,0.0,0.0,0.0,0.0,0.0,0.0,0.0,0.0,1.0,0.0,0.0
8,9,0.0,0.0,0.0,0.0,0.0,0.0,0.0,0.0,0.0,1.0,0.0,0.0
8,9,0.0,0.0,0.0,0.0,0.0,0.0,0.0,0.0,0.0,1.0,0.0,0.0
8,9,0.0,0.0,0.0,0.0,0.0,0.0,0.0,0.0,0.0,1.0,0.0,0.0
8,9,0.0,0.0,0.0,0.0,0.0,0.0,0.0,0.0,0.0,1.0,0.0,0.0
8,9,0.0,0.0,0.0,0.0,0.0,0.0,0.0,0.0,0.0,1.0,0.0,0.0
8,9,0.0,0.0,0.0,0.0,0.0,0.0,0.0,0.0,0.0,1.0,0.0,0.0
8,9,0.0,0.0,0.0,0.0,0.0,0.0,0.0,0.0,0.0,1.0,0.0,0.0
8,9,0.0,0.0,0.0,0.0,0.0,0.0,0.0,0.0,0.0,1.0,0.0,0.0
8,9,0.0,0.0,0.0,0.0,0.0,0.0,0.0,0.0,0.0,1.0,0.0,0.0
8,9,0.0,0.0,0.0,0.0,0.0,0.0,0.0,0.0,0.0,1.0,0.0,0.0
8,9,0.0,0.0,0.0,0.0,0.0,0.0,0.0,0.0,0.0,1.0,0.0,0.0
8,9,0.0,0.0,0.0,0.0,0.0,0.0,0.0,0.0,0.0,1.0,0.0,0.0
8,9,0.0,0.0,0.0,0.0,0.0,0.0,0.0,0.0,0.0,1.0,0.0,0.0
8,9,0.0,0.0,0.0,0.0,0.0,0.0,0.0,0.0,0.0,1.0,0.0,0.0
8,9,0.0,0.0,0.0,0.0,0.0,0.0,0.0,0.0,0.0,1.0,0.0,0.0
8,9,0.0,0.0,0.0,0.0,0.0,0.0,0.0,0.0,0.0,1.0,0.0,0.0
8,9,0.0,0.0,0.0,0.0,0.0,0.0,0.0,0.0,0.0,1.0,0.0,0.0
8,9,0.0,0.0,0.0,0.0,0.0,0.0,0.0,0.0,0.0,1.0,0.0,0.0
8,9,0.0,0.0,0.0,0.0,0.0,0.0,0.0,0.0,0.0,1.0,0.0,0.0
8,9,0.0,0.0,0.0,0.0,0.0,0.0,0.0,0.0,0.0,1.0,0.0,0.0
8,9,0.0,0.0,0.0,0.0,0.0,0.0,0.0,0.0,0.0,1.0,0.0,0.0
8,9,0.0,0.0,0.0,0.0,0.0,0.0,0.0,0.0,0.0,1.0,0.0,0.0
8,9,0.0,0.0,0.0,0.0,0.0,0.0,0.0,0.0,0.0,1.0,0.0,0.0
8,9,0.0,0.0,0.0,0.0,0.0,0.0,0.0,0.0,0.0,1.0,0.0,0.0
8,9,0.0,0.0,0.0,0.0,0.0,0.0,0.0,0.0,0.0,1.0,0.0,0.0
8,9,0.0,0.0,0.0,0.0,0.0,0.0,0.0,0.0,0.0,1.0,0.0,0.0
8,9,0.0,0.0,0.0,0.0,0.0,0.0,0.0,0.0,0.0,1.0,0.0,0.0
8,9,0.0,0.0,0.0,0.0,0.0,0.0,0.0,0.0,0.0,1.0,0.0,0.0
8,9,0.0,0.0,0.0,0.0,0.0,0.0,0.0,0.0,0.0,1.0,0.0,0.0
8,9,0.0,0.0,0.0,0.0,0.0,0.0,0.0,0.0,0.0,1.0,0.0,0.0
8,9,0.0,0.0,0.0,0.0,0.0,0.0,0.0,0.0,0.0,1.0,0.0,0.0
8,9,0.0,0.0,0.0,0.0,0.0,0.0,0.0,0.0,0.0,1.0,0.0,0.0
8,9,0.0,0.0,0.0,0.0,0.0,0.0,0.0,0.0,0.0,1.0,0.0,0.0
8,9,0.0,0.0,0.0,0.0,0.0,0.0,0.0,0.0,0.0,1.0,0.0,0.0
8,9,0.0,0.0,0.0,0.0,0.0,0.0,0.0,0.0,0.0,1.0,0.0,0.0
8,9,0.0,0.0,0.0,0.0,0.0,0.0,0.0,0.0,0.0,1.0,0.0,0.0
8,9,0.0,0.0,0.0,0.0,0.0,0.0,0.0,0.0,0.0,1.0,0.0,0.0
8,9,0.0,0.0,0.0,0.0,0.0,0.0,0.0,0.0,0.0,1.0,0.0,0.0
8,9,0.0,0.0,0.0,0.0,0.0,0.0,0.0,0.0,0.0,1.0,0.0,0.0
8,9,0.0,0.0,0.0,0.0,0.0,0.0,0.0,0.0,0.0,1.0,0.0,0.0
8,9,0.0,0.0,0.0,0.0,0.0,0.0,0.0,0.0,0.0,1.0,0.0,0.0
8,9,0.0,0.0,0.0,0.0,0.0,0.0,0.0,0.0,0.0,1.0,0.0,0.0
8,9,0.0,0.0,0.0,0.0,0.0,0.0,0.0,0.0,0.0,1.0,0.0,0.0
8,9,0.0,0.0,0.0,0.0,0.0,0.0,0.0,0.0,0.0,1.0,0.0,0.0
8,9,0.0,0.0,0.0,0.0,0.0,0.0,0.0,0.0,0.0,1.0,0.0,0.0
8,9,0.0,0.0,0.0,0.0,0.0,0.0,0.0,0.0,0.0,1.0,0.0,0.0
8,9,0.0,0.0,0.0,0.0,0.0,0.0,0.0,0.0,0.0,1.0,0.0,0.0
8,9,0.0,0.0,0.0,0.0,0.0,0.0,0.0,0.0,0.0,1.0,0.0,0.0
8,9,0.0,0.0,0.0,0.0,0.0,0.0,0.0,0.0,0.0,1.0,0.0,0.0
8,9,0.0,0.0,0.0,0.0,0.0,0.0,0.0,0.0,0.0,1.0,0.0,0.0
8,9,0.0,0.0,0.0,0.0,0.0,0.0,0.0,0.0,0.0,1.0,0.0,0.0
8,9,0.0,0.0,0.0,0.0,0.0,0.0,0.0,0.0,0.0,1.0,0.0,0.0
8,9,0.0,0.0,0.0,0.0,0.0,0.0,0.0,0.0,0.0,1.0,0.0,0.0
8,9,0.0,0.0,0.0,0.0,0.0,0.0,0.0,0.0,0.0,1.0,0.0,0.0
8,9,0.0,0.0,0.0,0.0,0.0,0.0,0.0,0.0,0.0,1.0,0.0,0.0
8,9,0.0,0.0,0.0,0.0,0.0,0.0,0.0,0.0,0.0,1.0,0.0,0.0
8,9,0.0,0.0,0.0,0.0,0.0,0.0,0.0,0.0,0.0,1.0,0.0,0.0
8,9,0.0,0.0,0.0,0.0,0.0,0.0,0.0,0.0,0.0,1.0,0.0,0.0
8,9,0.0,0.0,0.0,0.0,0.0,0.0,0.0,0.0,0.0,1.0,0.0,0.0
8,9,0.0,0.0,0.0,0.0,0.0,0.0,0.0,0.0,0.0,1.0,0.0,0.0
8,9,0.0,0.0,0.0,0.0,0.0,0.0,0.0,0.0,0.0,1.0,0.0,0.0
8,9,0.0,0.0,0.0,0.0,0.0,0.0,0.0,0.0,0.0,1.0,0.0,0.0
8,9,0.0,0.0,0.0,0.0,0.0,0.0,0.0,0.0,0.0,1.0,0.0,0.0
8,9,0.0,0.0,0.0,0.0,0.0,0.0,0.0,0.0,0.0,1.0,0.0,0.0
8,9,0.0,0.0,0.0,0.0,0.0,0.0,0.0,0.0,0.0,1.0,0.0,0.0
8,9,0.0,0.0,0.0,0.0,0.0,0.0,0.0,0.0,0.0,1.0,0.0,0.0
8,9,0.0,0.0,0.0,0.0,0.0,0.0,0.0,0.0,0.0,1.0,0.0,0.0
8,9,0.0,0.0,0.0,0.0,0.0,0.0,0.0,0.0,0.0,1.0,0.0,0.0
8,9,0.0,0.0,0.0,0.0,0.0,0.0,0.0,0.0,0.0,1.0,0.0,0.0
8,9,0.0,0.0,0.0,0.0,0.0,0.0,0.0,0.0,0.0,1.0,0.0,0.0
8,9,0.0,0.0,0.0,0.0,0.0,0.0,0.0,0.0,0.0,1.0,0.0,0.0
8,9,0.0,0.0,0.0,0.0,0.0,0.0,0.0,0.0,0.0,1.0,0.0,0.0
8,9,0.0,0.0,0.0,0.0,0.0,0.0,0.0,0.0,0.0,1.0,0.0,0.0
8,9,0.0,0.0,0.0,0.0,0.0,0.0,0.0,0.0,0.0,1.0,0.0,0.0
8,9,0.0,0.0,0.0,0.0,0.0,0.0,0.0,0.0,0.0,1.0,0.0,0.0
8,9,0.0,0.0,0.0,0.0,0.0,0.0,0.0,0.0,0.0,1.0,0.0,0.0
8,9,0.0,0.0,0.0,0.0,0.0,0.0,0.0,0.0,0.0,1.0,0.0,0.0
8,9,0.0,0.0,0.0,0.0,0.0,0.0,0.0,0.0,0.0,1.0,0.0,0.0
8,9,0.0,0.0,0.0,0.0,0.0,0.0,0.0,0.0,0.0,1.0,0.0,0.0
8,9,0.0,0.0,0.0,0.0,0.0,0.0,0.0,0.0,0.0,1.0,0.0,0.0
8,9,0.0,0.0,0.0,0.0,0.0,0.0,0.0,0.0,0.0,1.0,0.0,0.0
8,9,0.0,0.0,0.0,0.0,0.0,0.0,0.0,0.0,0.0,1.0,0.0,0.0
8,9,0.0,0.0,0.0,0.0,0.0,0.0,0.0,0.0,0.0,1.0,0.0,0.0
8,9,0.0,0.0,0.0,0.0,0.0,0.0,0.0,0.0,0.0,1.0,0.0,0.0
8,9,0.0,0.0,0.0,0.0,0.0,0.0,0.0,0.0,0.0,1.0,0.0,0.0
8,9,0.0,0.0,0.0,0.0,0.0,0.0,0.0,0.0,0.0,1.0,0.0,0.0
8,9,0.0,0.0,0.0,0.0,0.0,0.0,0.0,0.0,0.0,1.0,0.0,0.0
8,9,0.0,0.0,0.0,0.0,0.0,0.0,0.0,0.0,0.0,1.0,0.0,0.0
8,9,0.0,0.0,0.0,0.0,0.0,0.0,0.0,0.0,0.0,1.0,0.0,0.0
8,9,0.0,0.0,0.0,0.0,0.0,0.0,0.0,0.0,0.0,1.0,0.0,0.0
8,9,0.0,0.0,0.0,0.0,0.0,0.0,0.0,0.0,0.0,1.0,0.0,0.0
8,9,0.0,0.0,0.0,0.0,0.0,0.0,0.0,0.0,0.0,1.0,0.0,0.0
8,9,0.0,0.0,0.0,0.0,0.0,0.0,0.0,0.0,0.0,1.0,0.0,0.0
8,9,0.0,0.0,0.0,0.0,0.0,0.0,0.0,0.0,0.0,1.0,0.0,0.0
8,9,0.0,0.0,0.0,0.0,0.0,0.0,0.0,0.0,0.0,1.0,0.0,0.0
8,9,0.0,0.0,0.0,0.0,0.0,0.0,0.0,0.0,0.0,1.0,0.0,0.0
8,9,0.0,0.0,0.0,0.0,0.0,0.0,0.0,0.0,0.0,1.0,0.0,0.0
8,9,0.0,0.0,0.0,0.0,0.0,0.0,0.0,0.0,0.0,1.0,0.0,0.0
8,9,0.0,0.0,0.0,0.0,0.0,0.0,0.0,0.0,0.0,1.0,0.0,0.0
8,9,0.0,0.0,0.0,0.0,0.0,0.0,0.0,0.0,0.0,1.0,0.0,0.0
8,9,0.0,0.0,0.0,0.0,0.0,0.0,0.0,0.0,0.0,1.0,0.0,0.0
8,9,0.0,0.0,0.0,0.0,0.0,0.0,0.0,0.0,0.0,1.0,0.0,0.0
8,9,0.0,0.0,0.0,0.0,0.0,0.0,0.0,0.0,0.0,1.0,0.0,0.0
8,9,0.0,0.0,0.0,0.0,0.0,0.0,0.0,0.0,0.0,1.0,0.0,0.0
8,9,0.0,0.0,0.0,0.0,0.0,0.0,0.0,0.0,0.015625,0.984375,0.0,0.0
8,9,0.0,0.0,0.0,0.0,0.0,0.0,0.0,0.0,0.015625,0.984375,0.0,0.0
8,9,0.0,0.0,0.0,0.0,0.0,0.0,0.0,0.0,0.015625,0.984375,0.0,0.0
8,9,0.0,0.0,0.0,0.0,0.0,0.0,0.0,0.0,0.015625,0.984375,0.0,0.0
8,9,0.0,0.0,0.0,0.0,0.0,0.0,0.0,0.0,0.015625,0.984375,0.0,0.0
8,9,0.0,0.0,0.0,0.0,0.0,0.0,0.0,0.0,0.015625,0.984375,0.0,0.0
8,9,0.0,0.0,0.0,0.0,0.0,0.0,0.0,0.0,0.015625,0.984375,0.0,0.0
8,9,0.0,0.0,0.0,0.0,0.0,0.0,0.0,0.0,0.015625,0.984375,0.0,0.0
8,9,0.0,0.0,0.0,0.0,0.0,0.0,0.0,0.0,0.015625,0.984375,0.0,0.0
8,9,0.0,0.0,0.0,0.0,0.0,0.0,0.0,0.0,0.015625,0.984375,0.0,0.0
8,9,0.0,0.0,0.0,0.0,0.0,0.0,0.0,0.0,0.015625,0.984375,0.0,0.0
8,9,0.0,0.0,0.0,0.0,0.0,0.0,0.0,0.0,0.015625,0.984375,0.0,0.0
8,9,0.0,0.0,0.0,0.0,0.0,0.0,0.0,0.0,0.015625,0.984375,0.0,0.0
8,9,0.0,0.0,0.0,0.0,0.0,0.0,0.0,0.0,0.015625,0.984375,0.0,0.0
8,9,0.0,0.0,0.0,0.0,0.0,0.0,0.0,0.0,0.015625,0.984375,0.0,0.0
8,9,0.0,0.0,0.0,0.0,0.0,0.0,0.0,0.0,0.015625,0.984375,0.0,0.0
8,9,0.0,0.0,0.0,0.0,0.0,0.0,0.0,0.0,0.015625,0.984375,0.0,0.0
8,9,0.0,0.0,0.0,0.0,0.0,0.0,0.0,0.0,0.015625,0.984375,0.0,0.0
8,9,0.0,0.0,0.0,0.0,0.0,0.0,0.0,0.0,0.015625,0.984375,0.0,0.0
8,9,0.0,0.0,0.0,0.0,0.0,0.0,0.0,0.0,0.015625,0.984375,0.0,0.0
8,9,0.0,0.0,0.0,0.0,0.0,0.0,0.0,0.0,0.015625,0.984375,0.0,0.0
8,9,0.0,0.0,0.0,0.0,0.0,0.0,0.0,0.0,0.015625,0.984375,0.0,0.0
8,9,0.0,0.0,0.0,0.0,0.0,0.0,0.0,0.0,0.015625,0.984375,0.0,0.0
8,9,0.0,0.0,0.0,0.0,0.0,0.0,0.0,0.0,0.015625,0.984375,0.0,0.0
8,9,0.0,0.0,0.0,0.0,0.0,0.0,0.0,0.0,0.015625,0.984375,0.0,0.0
8,9,0.0,0.0,0.0,0.0,0.0,0.0,0.0,0.0,0.015625,0.984375,0.0,0.0
8,9,0.0,0.0,0.0,0.0,0.0,0.0,0.0,0.0,0.015625,0.984375,0.0,0.0
8,9,0.0,0.0,0.0,0.0,0.0,0.0,0.0,0.0,0.015625,0.984375,0.0,0.0
8,9,0.0,0.0,0.0,0.0,0.0,0.0,0.0,0.0,0.015625,0.984375,0.0,0.0
8,9,0.0,0.0,0.0,0.0,0.0,0.0,0.0,0.0,0.015625,0.984375,0.0,0.0
8,9,0.0,0.0,0.0,0.0,0.0,0.0,0.0,0.0,0.015625,0.984375,0.0,0.0
8,9,0.0,0.0,0.0,0.0,0.0,0.0,0.0,0.0,0.015625,0.984375,0.0,0.0
8,9,0.0,0.0,0.0,0.0,0.0,0.0,0.0,0.0,0.015625,0.984375,0.0,0.0
8,9,0.0,0.0,0.0,0.0,0.0,0.0,0.0,0.0,0.015625,0.984375,0.0,0.0
8,9,0.0,0.0,0.0,0.0,0.0,0.0,0.0,0.0,0.015625,0.984375,0.0,0.0
8,9,0.0,0.0,0.0,0.0,0.0,0.0,0.0,0.0,0.015625,0.984375,0.0,0.0
8,9,0.0,0.0,0.0,0.0,0.0,0.0,0.0,0.0,0.015625,0.984375,0.0,0.0
8,9,0.0,0.0,0.0,0.0,0.0,0.0,0.0,0.0,0.015625,0.984375,0.0,0.0
8,9,0.0,0.0,0.0,0.0,0.0,0.0,0.0,0.0,0.015625,0.984375,0.0,0.0
8,9,0.0,0.0,0.0,0.0,0.0,0.0,0.0,0.0,0.015625,0.984375,0.0,0.0
8,9,0.0,0.0,0.0,0.0,0.0,0.0,0.0,0.0,0.015625,0.984375,0.0,0.0
8,9,0.0,0.0,0.0,0.0,0.0,0.0,0.0,0.0,0.015625,0.984375,0.0,0.0
8,9,0.0,0.0,0.0,0.0,0.0,0.0,0.0,0.0,0.015625,0.984375,0.0,0.0
8,9,0.0,0.0,0.0,0.0,0.0,0.0,0.0,0.0,0.015625,0.984375,0.0,0.0
8,9,0.0,0.0,0.0,0.0,0.0,0.0,0.0,0.0,0.015625,0.984375,0.0,0.0
8,9,0.0,0.0,0.0,0.0,0.0,0.0,0.0,0.0,0.015625,0.984375,0.0,0.0
8,9,0.0,0.0,0.0,0.0,0.0,0.0,0.0,0.0,0.015625,0.984375,0.0,0.0
8,9,0.0,0.0,0.0,0.0,0.0,0.0,0.0,0.0,0.015625,0.984375,0.0,0.0
8,9,0.0,0.0,0.0,0.0,0.0,0.0,0.0,0.0,0.03125,0.96875,0.0,0.0
8,9,0.0,0.0,0.0,0.0,0.0,0.0,0.0,0.0,0.03125,0.96875,0.0,0.0
8,9,0.0,0.0,0.0,0.0,0.0,0.0,0.0,0.0,0.03125,0.96875,0.0,0.0
8,9,0.0,0.0,0.0,0.0,0.0,0.0,0.0,0.0,0.03125,0.96875,0.0,0.0
8,9,0.0,0.0,0.0,0.0,0.0,0.0,0.0,0.0,0.03125,0.96875,0.0,0.0
8,9,0.0,0.0,0.0,0.0,0.0,0.0,0.0,0.0,0.03125,0.96875,0.0,0.0
8,9,0.0,0.0,0.0,0.0,0.0,0.0,0.0,0.0,0.03125,0.96875,0.0,0.0
8,9,0.0,0.0,0.0,0.0,0.0,0.0,0.0,0.0,0.03125,0.96875,0.0,0.0
8,9,0.0,0.0,0.0,0.0,0.0,0.0,0.0,0.0,0.046875,0.953125,0.0,0.0
8,9,0.0,0.0,0.0,0.0,0.0,0.0,0.0,0.0,0.046875,0.953125,0.0,0.0
8,9,0.0,0.0,0.0,0.0,0.0,0.0,0.0,0.0,0.046875,0.953125,0.0,0.0
8,9,0.0,0.0,0.0,0.0,0.0,0.0,0.0,0.0,0.046875,0.953125,0.0,0.0
8,9,0.0,0.0,0.0,0.0,0.0,0.0,0.0,0.0,0.046875,0.953125,0.0,0.0
8,9,0.0,0.0,0.0,0.0,0.0,0.0,0.0,0.0,0.046875,0.953125,0.0,0.0
8,9,0.0,0.0,0.0,0.0,0.0,0.0,0.0,0.0,0.046875,0.953125,0.0,0.0
8,9,0.0,0.0,0.0,0.0,0.0,0.0,0.0,0.0,0.046875,0.953125,0.0,0.0
8,9,0.0,0.0,0.0,0.0,0.0,0.0,0.0,0.0,0.046875,0.953125,0.0,0.0
8,9,0.0,0.0,0.0,0.0,0.0,0.0,0.0,0.0,0.046875,0.953125,0.0,0.0
8,9,0.0,0.0,0.0,0.0,0.0,0.0,0.0,0.0,0.046875,0.953125,0.0,0.0
8,9,0.0,0.0,0.0,0.0,0.0,0.0,0.0,0.0,0.046875,0.953125,0.0,0.0
8,9,0.0,0.0,0.0,0.0,0.0,0.0,0.0,0.0,0.046875,0.953125,0.0,0.0
8,9,0.0,0.0,0.0,0.0,0.0,0.0,0.0,0.0,0.046875,0.953125,0.0,0.0
8,9,0.0,0.0,0.0,0.0,0.0,0.0,0.0,0.0,0.046875,0.953125,0.0,0.0
8,9,0.0,0.0,0.0,0.0,0.0,0.0,0.0,0.0,0.046875,0.953125,0.0,0.0
8,9,0.0,0.0,0.0,0.0,0.0,0.0,0.0,0.0,0.0625,0.9375,0.0,0.0
8,9,0.0,0.0,0.0,0.0,0.0,0.0,0.0,0.0,0.0625,0.9375,0.0,0.0
8,9,0.0,0.0,0.0,0.0,0.0,0.0,0.0,0.0,0.0625,0.9375,0.0,0.0
8,9,0.0,0.0,0.0,0.0,0.0,0.0,0.0,0.0,0.0625,0.9375,0.0,0.0
8,9,0.0,0.0,0.0,0.0,0.0,0.0,0.0,0.0,0.0625,0.9375,0.0,0.0
8,9,0.0,0.0,0.0,0.0,0.0,0.0,0.0,0.0,0.0625,0.9375,0.0,0.0
8,9,0.0,0.0,0.0,0.0,0.0,0.0,0.0,0.0,0.0625,0.9375,0.0,0.0
8,9,0.0,0.0,0.0,0.0,0.0,0.0,0.0,0.0,0.0625,0.9375,0.0,0.0
8,9,0.0,0.0,0.0,0.0,0.0,0.0,0.0,0.0,0.0625,0.9375,0.0,0.0
8,9,0.0,0.0,0.0,0.0,0.0,0.0,0.0,0.0,0.0625,0.9375,0.0,0.0
8,9,0.0,0.0,0.0,0.0,0.0,0.0,0.0,0.0,0.078125,0.921875,0.0,0.0
8,9,0.0,0.0,0.0,0.0,0.0,0.0,0.0,0.0,0.078125,0.921875,0.0,0.0
8,9,0.0,0.0,0.0,0.0,0.0,0.0,0.0,0.0,0.078125,0.921875,0.0,0.0
8,9,0.0,0.0,0.0,0.0,0.0,0.0,0.0,0.0,0.078125,0.921875,0.0,0.0
8,9,0.0,0.0,0.0,0.0,0.0,0.0,0.0,0.0,0.078125,0.921875,0.0,0.0
8,9,0.0,0.0,0.0,0.0,0.0,0.0,0.0,0.0,0.078125,0.921875,0.0,0.0
8,9,0.0,0.0,0.0,0.0,0.0,0.0,0.0,0.0,0.078125,0.921875,0.0,0.0
8,9,0.0,0.0,0.0,0.0,0.0,0.0,0.0,0.0,0.078125,0.921875,0.0,0.0
8,9,0.0,0.0,0.0,0.0,0.0,0.0,0.0,0.0,0.078125,0.921875,0.0,0.0
8,9,0.0,0.0,0.0,0.0,0.0,0.0,0.0,0.0,0.078125,0.921875,0.0,0.0
8,9,0.0,0.0,0.0,0.0,0.0,0.0,0.0,0.0,0.078125,0.921875,0.0,0.0
8,9,0.0,0.0,0.0,0.0,0.0,0.0,0.0,0.0,0.078125,0.921875,0.0,0.0
8,9,0.0,0.0,0.0,0.0,0.0,0.0,0.0,0.0,0.078125,0.921875,0.0,0.0
8,9,0.0,0.0,0.0,0.0,0.0,0.0,0.0,0.0,0.078125,0.921875,0.0,0.0
8,9,0.0,0.0,0.0,0.0,0.0,0.0,0.0,0.0,0.06349207,0.93650794,0.0,0.0
8,9,0.0,0.0,0.0,0.0,0.0,0.0,0.0,0.0,0.06349207,0.93650794,0.0,0.0
8,9,0.0,0.0,0.0,0.0,0.0,0.0,0.0,0.0,0.06349207,0.93650794,0.0,0.0
8,9,0.0,0.0,0.0,0.0,0.0,0.0,0.0,0.0,0.06349207,0.93650794,0.0,0.0
8,9,0.0,0.0,0.0,0.0,0.0,0.0,0.0,0.0,0.06349207,0.93650794,0.0,0.0
8,9,0.0,0.0,0.0,0.0,0.0,0.0,0.0,0.0,0.06349207,0.93650794,0.0,0.0
8,9,0.0,0.0,0.0,0.0,0.0,0.0,0.0,0.0,0.06349207,0.93650794,0.0,0.0
8,9,0.0,0.0,0.0,0.0,0.0,0.0,0.0,0.0,0.06349207,0.93650794,0.0,0.0
8,9,0.0,0.0,0.0,0.0,0.0,0.0,0.0,0.0,0.06349207,0.93650794,0.0,0.0
8,9,0.0,0.0,0.0,0.0,0.0,0.0,0.0,0.0,0.06349207,0.93650794,0.0,0.0
8,9,0.0,0.0,0.0,0.0,0.0,0.0,0.0,0.0,0.06349207,0.93650794,0.0,0.0
8,9,0.0,0.0,0.0,0.0,0.0,0.0,0.0,0.0,0.06349207,0.93650794,0.0,0.0
8,9,0.0,0.0,0.0,0.0,0.0,0.0,0.0,0.0,0.06349207,0.93650794,0.0,0.0
8,9,0.0,0.0,0.0,0.0,0.0,0.0,0.0,0.0,0.06349207,0.93650794,0.0,0.0
8,9,0.0,0.0,0.0,0.0,0.0,0.0,0.0,0.0,0.06349207,0.93650794,0.0,0.0
8,9,0.0,0.0,0.0,0.0,0.0,0.0,0.0,0.0,0.06349207,0.93650794,0.0,0.0
8,9,0.0,0.0,0.0,0.0,0.0,0.0,0.0,0.0,0.06349207,0.93650794,0.0,0.0
8,9,0.0,0.0,0.0,0.0,0.0,0.0,0.0,0.0,0.06349207,0.93650794,0.0,0.0
8,9,0.0,0.0,0.0,0.0,0.0,0.0,0.0,0.0,0.06349207,0.93650794,0.0,0.0
8,9,0.0,0.0,0.0,0.0,0.0,0.0,0.0,0.0,0.06349207,0.93650794,0.0,0.0
8,9,0.0,0.0,0.0,0.0,0.0,0.0,0.0,0.0,0.06349207,0.93650794,0.0,0.0
8,9,0.0,0.0,0.0,0.0,0.0,0.0,0.0,0.0,0.06349207,0.93650794,0.0,0.0
8,9,0.0,0.0,0.0,0.0,0.0,0.0,0.0,0.0,0.06349207,0.93650794,0.0,0.0
8,9,0.0,0.0,0.0,0.0,0.0,0.0,0.0,0.0,0.06349207,0.93650794,0.0,0.0
8,9,0.0,0.0,0.0,0.0,0.0,0.0,0.0,0.0,0.06349207,0.93650794,0.0,0.0
8,9,0.0,0.0,0.0,0.0,0.0,0.0,0.0,0.0,0.06349207,0.93650794,0.0,0.0
8,9,0.0,0.0,0.0,0.0,0.0,0.0,0.0,0.0,0.06349207,0.93650794,0.0,0.0
8,9,0.0,0.0,0.0,0.0,0.0,0.0,0.0,0.0,0.06349207,0.93650794,0.0,0.0
8,9,0.0,0.0,0.0,0.0,0.0,0.0,0.0,0.0,0.07936508,0.9206349,0.0,0.0
8,9,0.0,0.0,0.0,0.0,0.0,0.0,0.0,0.0,0.07936508,0.9206349,0.0,0.0
8,9,0.0,0.0,0.0,0.0,0.0,0.0,0.0,0.0,0.07936508,0.9206349,0.0,0.0
8,9,0.0,0.0,0.0,0.0,0.0,0.0,0.0,0.0,0.07936508,0.9206349,0.0,0.0
8,9,0.0,0.0,0.0,0.0,0.0,0.0,0.0,0.0,0.07936508,0.9206349,0.0,0.0
8,9,0.0,0.0,0.0,0.0,0.0,0.0,0.0,0.0,0.07936508,0.9206349,0.0,0.0
8,9,0.0,0.0,0.0,0.0,0.0,0.0,0.0,0.0,0.07936508,0.9206349,0.0,0.0
8,9,0.0,0.0,0.0,0.0,0.0,0.0,0.0,0.0,0.07936508,0.9206349,0.0,0.0
8,9,0.0,0.0,0.0,0.0,0.0,0.0,0.0,0.0,0.07936508,0.9206349,0.0,0.0
8,9,0.0,0.0,0.0,0.0,0.0,0.0,0.0,0.0,0.07936508,0.9206349,0.0,0.0
8,9,0.0,0.0,0.0,0.0,0.0,0.0,0.0,0.0,0.07936508,0.9206349,0.0,0.0
8,9,0.0,0.0,0.0,0.0,0.0,0.0,0.0,0.0,0.07936508,0.9206349,0.0,0.0
8,9,0.0,0.0,0.0,0.0,0.0,0.0,0.0,0.0,0.07936508,0.9206349,0.0,0.0
8,9,0.0,0.0,0.0,0.0,0.0,0.0,0.0,0.0,0.07936508,0.9206349,0.0,0.0
8,9,0.0,0.0,0.0,0.0,0.0,0.0,0.0,0.0,0.06349207,0.93650794,0.0,0.0
8,9,0.0,0.0,0.0,0.0,0.0,0.0,0.0,0.0,0.06349207,0.93650794,0.0,0.0
8,9,0.0,0.0,0.0,0.0,0.0,0.0,0.0,0.0,0.06349207,0.93650794,0.0,0.0
8,9,0.0,0.0,0.0,0.0,0.0,0.0,0.0,0.0,0.06349207,0.93650794,0.0,0.0
8,9,0.0,0.0,0.0,0.0,0.0,0.0,0.0,0.0,0.06349207,0.93650794,0.0,0.0
8,9,0.0,0.0,0.0,0.0,0.0,0.0,0.0,0.0,0.06349207,0.93650794,0.0,0.0
8,9,0.0,0.0,0.0,0.0,0.0,0.0,0.0,0.0,0.04761905,0.95238096,0.0,0.0
8,9,0.0,0.0,0.0,0.0,0.0,0.0,0.0,0.0,0.04761905,0.95238096,0.0,0.0
8,9,0.0,0.0,0.0,0.0,0.0,0.0,0.0,0.0,0.04761905,0.95238096,0.0,0.0
8,9,0.0,0.0,0.0,0.0,0.0,0.0,0.0,0.0,0.04761905,0.95238096,0.0,0.0
8,9,0.0,0.0,0.0,0.0,0.0,0.0,0.0,0.0,0.04761905,0.95238096,0.0,0.0
8,9,0.0,0.0,0.0,0.0,0.0,0.0,0.0,0.0,0.04761905,0.95238096,0.0,0.0
8,9,0.0,0.0,0.0,0.0,0.0,0.0,0.0,0.0,0.04761905,0.95238096,0.0,0.0
8,9,0.0,0.0,0.0,0.0,0.0,0.0,0.0,0.0,0.04761905,0.95238096,0.0,0.0
8,9,0.0,0.0,0.0,0.0,0.0,0.0,0.0,0.0,0.04761905,0.95238096,0.0,0.0
8,9,0.0,0.0,0.0,0.0,0.0,0.0,0.0,0.0,0.04761905,0.95238096,0.0,0.0
8,9,0.0,0.0,0.0,0.0,0.0,0.0,0.0,0.0,0.04761905,0.95238096,0.0,0.0
8,9,0.0,0.0,0.0,0.0,0.0,0.0,0.0,0.0,0.04761905,0.95238096,0.0,0.0
8,9,0.0,0.0,0.0,0.0,0.0,0.0,0.0,0.0,0.04761905,0.95238096,0.0,0.0
8,9,0.0,0.0,0.0,0.0,0.0,0.0,0.0,0.0,0.04761905,0.95238096,0.0,0.0
8,9,0.0,0.0,0.0,0.0,0.0,0.0,0.0,0.0,0.04761905,0.95238096,0.0,0.0
8,9,0.0,0.0,0.0,0.0,0.0,0.0,0.0,0.0,0.04761905,0.95238096,0.0,0.0
8,9,0.0,0.0,0.0,0.0,0.0,0.0,0.0,0.0,0.04761905,0.95238096,0.0,0.0
8,9,0.0,0.0,0.0,0.0,0.0,0.0,0.0,0.0,0.04761905,0.95238096,0.0,0.0
8,9,0.0,0.0,0.0,0.0,0.0,0.0,0.0,0.0,0.04761905,0.95238096,0.0,0.0
8,9,0.0,0.0,0.0,0.0,0.0,0.0,0.0,0.0,0.04761905,0.95238096,0.0,0.0
8,9,0.0,0.0,0.0,0.0,0.0,0.0,0.0,0.0,0.04761905,0.95238096,0.0,0.0
8,9,0.0,0.0,0.0,0.0,0.0,0.0,0.0,0.0,0.04761905,0.95238096,0.0,0.0
8,9,0.0,0.0,0.0,0.0,0.0,0.0,0.0,0.0,0.031746034,0.96825397,0.0,0.0
8,9,0.0,0.0,0.0,0.0,0.0,0.0,0.0,0.0,0.031746034,0.96825397,0.0,0.0
8,9,0.0,0.0,0.0,0.0,0.0,0.0,0.0,0.0,0.04761905,0.95238096,0.0,0.0
8,9,0.0,0.0,0.0,0.0,0.0,0.0,0.0,0.0,0.04761905,0.95238096,0.0,0.0
8,9,0.0,0.0,0.0,0.0,0.0,0.0,0.0,0.0,0.04761905,0.95238096,0.0,0.0
8,9,0.0,0.0,0.0,0.0,0.0,0.0,0.0,0.0,0.04761905,0.95238096,0.0,0.0
8,9,0.0,0.0,0.0,0.0,0.0,0.0,0.0,0.0,0.04761905,0.95238096,0.0,0.0
8,9,0.0,0.0,0.0,0.0,0.0,0.0,0.0,0.0,0.04761905,0.95238096,0.0,0.0
8,9,0.0,0.0,0.0,0.0,0.0,0.0,0.0,0.0,0.04761905,0.95238096,0.0,0.0
8,9,0.0,0.0,0.0,0.0,0.0,0.0,0.0,0.0,0.04761905,0.95238096,0.0,0.0
8,9,0.0,0.0,0.0,0.0,0.0,0.0,0.0,0.0,0.04761905,0.95238096,0.0,0.0
8,9,0.0,0.0,0.0,0.0,0.0,0.0,0.0,0.0,0.04761905,0.95238096,0.0,0.0
8,9,0.0,0.0,0.0,0.0,0.0,0.0,0.0,0.0,0.04761905,0.95238096,0.0,0.0
8,9,0.0,0.0,0.0,0.0,0.0,0.0,0.0,0.0,0.04761905,0.95238096,0.0,0.0
8,9,0.0,0.0,0.0,0.0,0.0,0.0,0.0,0.0,0.04761905,0.95238096,0.0,0.0
8,9,0.0,0.0,0.0,0.0,0.0,0.0,0.0,0.0,0.04761905,0.95238096,0.0,0.0
8,9,0.0,0.0,0.0,0.0,0.0,0.0,0.0,0.0,0.04761905,0.95238096,0.0,0.0
8,9,0.0,0.0,0.0,0.0,0.0,0.0,0.0,0.0,0.04761905,0.95238096,0.0,0.0
8,9,0.0,0.0,0.0,0.0,0.0,0.0,0.0,0.0,0.04761905,0.95238096,0.0,0.0
8,9,0.0,0.0,0.0,0.0,0.0,0.0,0.0,0.0,0.04761905,0.95238096,0.0,0.0
8,9,0.0,0.0,0.0,0.0,0.0,0.0,0.0,0.0,0.04761905,0.95238096,0.0,0.0
8,9,0.0,0.0,0.0,0.0,0.0,0.0,0.0,0.0,0.04761905,0.95238096,0.0,0.0
8,9,0.0,0.0,0.0,0.0,0.0,0.0,0.0,0.0,0.06349207,0.93650794,0.0,0.0
8,9,0.0,0.0,0.0,0.0,0.0,0.0,0.0,0.0,0.06349207,0.93650794,0.0,0.0
8,9,0.0,0.0,0.0,0.0,0.0,0.0,0.0,0.0,0.06349207,0.93650794,0.0,0.0
8,9,0.0,0.0,0.0,0.0,0.0,0.0,0.0,0.0,0.06349207,0.93650794,0.0,0.0
8,9,0.0,0.0,0.0,0.0,0.0,0.0,0.0,0.0,0.06349207,0.93650794,0.0,0.0
8,9,0.0,0.0,0.0,0.0,0.0,0.0,0.0,0.0,0.06349207,0.93650794,0.0,0.0
8,9,0.0,0.0,0.0,0.0,0.0,0.0,0.0,0.0,0.06349207,0.93650794,0.0,0.0
8,9,0.0,0.0,0.0,0.0,0.0,0.0,0.0,0.0,0.06349207,0.93650794,0.0,0.0
8,9,0.0,0.0,0.0,0.0,0.0,0.0,0.0,0.0,0.06349207,0.93650794,0.0,0.0
8,9,0.0,0.0,0.0,0.0,0.0,0.0,0.0,0.0,0.06349207,0.93650794,0.0,0.0
8,9,0.0,0.0,0.0,0.0,0.0,0.0,0.0,0.0,0.06349207,0.93650794,0.0,0.0
8,9,0.0,0.0,0.0,0.0,0.0,0.0,0.0,0.0,0.06349207,0.93650794,0.0,0.0
8,9,0.0,0.0,0.0,0.0,0.0,0.0,0.0,0.0,0.06349207,0.93650794,0.0,0.0
8,9,0.0,0.0,0.0,0.0,0.0,0.0,0.0,0.0,0.06349207,0.93650794,0.0,0.0
8,9,0.0,0.0,0.0,0.0,0.0,0.0,0.0,0.0,0.06349207,0.93650794,0.0,0.0
8,9,0.0,0.0,0.0,0.0,0.0,0.0,0.0,0.0,0.06349207,0.93650794,0.0,0.0
8,9,0.0,0.0,0.0,0.0,0.0,0.0,0.0,0.0,0.07936508,0.9206349,0.0,0.0
8,9,0.0,0.0,0.0,0.0,0.0,0.0,0.0,0.0,0.07936508,0.9206349,0.0,0.0
8,9,0.0,0.0,0.0,0.0,0.0,0.0,0.0,0.0,0.07936508,0.9206349,0.0,0.0
8,9,0.0,0.0,0.0,0.0,0.0,0.0,0.0,0.0,0.07936508,0.9206349,0.0,0.0
8,9,0.0,0.0,0.0,0.0,0.0,0.0,0.0,0.0,0.07936508,0.9206349,0.0,0.0
8,9,0.0,0.0,0.0,0.0,0.0,0.0,0.0,0.0,0.07936508,0.9206349,0.0,0.0
8,9,0.0,0.0,0.0,0.0,0.0,0.0,0.0,0.0,0.06349207,0.93650794,0.0,0.0
8,9,0.0,0.0,0.0,0.0,0.0,0.0,0.0,0.0,0.06349207,0.93650794,0.0,0.0
8,9,0.0,0.0,0.0,0.0,0.0,0.0,0.0,0.0,0.06349207,0.93650794,0.0,0.0
8,9,0.0,0.0,0.0,0.0,0.0,0.0,0.0,0.0,0.06349207,0.93650794,0.0,0.0
8,9,0.0,0.0,0.0,0.0,0.0,0.0,0.0,0.0,0.06349207,0.93650794,0.0,0.0
8,9,0.0,0.0,0.0,0.0,0.0,0.0,0.0,0.0,0.06349207,0.93650794,0.0,0.0
8,9,0.0,0.0,0.0,0.0,0.0,0.0,0.0,0.0,0.06349207,0.93650794,0.0,0.0
8,9,0.0,0.0,0.0,0.0,0.0,0.0,0.0,0.0,0.06349207,0.93650794,0.0,0.0
8,9,0.0,0.0,0.0,0.0,0.0,0.0,0.0,0.0,0.06349207,0.93650794,0.0,0.0
8,9,0.0,0.0,0.0,0.0,0.0,0.0,0.0,0.0,0.06349207,0.93650794,0.0,0.0
8,9,0.0,0.0,0.0,0.0,0.0,0.0,0.0,0.0,0.06349207,0.93650794,0.0,0.0
8,9,0.0,0.0,0.0,0.0,0.0,0.0,0.0,0.0,0.06349207,0.93650794,0.0,0.0
8,9,0.0,0.0,0.0,0.0,0.0,0.0,0.0,0.0,0.06349207,0.93650794,0.0,0.0
8,9,0.0,0.0,0.0,0.0,0.0,0.0,0.0,0.0,0.06349207,0.93650794,0.0,0.0
8,9,0.0,0.0,0.0,0.0,0.0,0.0,0.0,0.0,0.06349207,0.93650794,0.0,0.0
8,9,0.0,0.0,0.0,0.0,0.0,0.0,0.0,0.0,0.06349207,0.93650794,0.0,0.0
8,9,0.0,0.0,0.0,0.0,0.0,0.0,0.0,0.0,0.06349207,0.93650794,0.0,0.0
8,9,0.0,0.0,0.0,0.0,0.0,0.0,0.0,0.0,0.06349207,0.93650794,0.0,0.0
8,9,0.0,0.0,0.0,0.0,0.0,0.0,0.0,0.0,0.06349207,0.93650794,0.0,0.0
8,9,0.0,0.0,0.0,0.0,0.0,0.0,0.0,0.0,0.06349207,0.93650794,0.0,0.0
8,9,0.0,0.0,0.0,0.0,0.0,0.0,0.0,0.0,0.06349207,0.93650794,0.0,0.0
8,9,0.0,0.0,0.0,0.0,0.0,0.0,0.0,0.0,0.06349207,0.93650794,0.0,0.0
8,9,0.0,0.0,0.0,0.0,0.0,0.0,0.0,0.0,0.06349207,0.93650794,0.0,0.0
8,9,0.0,0.0,0.0,0.0,0.0,0.0,0.0,0.0,0.06349207,0.93650794,0.0,0.0
8,9,0.0,0.0,0.0,0.0,0.0,0.0,0.0,0.0,0.07936508,0.9047619,0.0,0.015873017
8,9,0.0,0.0,0.0,0.0,0.0,0.0,0.0,0.0,0.07936508,0.9047619,0.0,0.015873017
8,9,0.0,0.0,0.0,0.0,0.0,0.0,0.0,0.0,0.07936508,0.9047619,0.0,0.015873017
8,9,0.0,0.0,0.0,0.0,0.0,0.0,0.0,0.0,0.07936508,0.9047619,0.0,0.015873017
8,9,0.0,0.0,0.0,0.0,0.0,0.0,0.0,0.0,0.07936508,0.9047619,0.0,0.015873017
8,9,0.0,0.0,0.0,0.0,0.0,0.0,0.0,0.0,0.07936508,0.9047619,0.0,0.015873017
8,9,0.0,0.0,0.0,0.0,0.0,0.0,0.0,0.0,0.07936508,0.9047619,0.0,0.015873017
8,9,0.0,0.0,0.0,0.0,0.0,0.0,0.0,0.0,0.07936508,0.9047619,0.0,0.015873017
8,9,0.0,0.0,0.0,0.0,0.0,0.0,0.0,0.0,0.07936508,0.9047619,0.0,0.015873017
8,9,0.0,0.0,0.0,0.0,0.0,0.0,0.0,0.0,0.07936508,0.9047619,0.0,0.015873017
8,9,0.0,0.0,0.0,0.0,0.0,0.0,0.0,0.0,0.07936508,0.9047619,0.0,0.015873017
8,9,0.0,0.0,0.0,0.0,0.0,0.0,0.0,0.0,0.07936508,0.9047619,0.0,0.015873017
8,9,0.0,0.0,0.0,0.0,0.0,0.0,0.0,0.0,0.07936508,0.9047619,0.0,0.015873017
8,9,0.0,0.0,0.0,0.0,0.0,0.0,0.0,0.0,0.07936508,0.9047619,0.0,0.015873017
8,9,0.0,0.0,0.0,0.0,0.0,0.0,0.0,0.0,0.07936508,0.9047619,0.0,0.015873017
8,9,0.0,0.0,0.0,0.0,0.0,0.0,0.0,0.0,0.07936508,0.9047619,0.0,0.015873017
8,9,0.0,0.0,0.0,0.0,0.0,0.0,0.0,0.0,0.07936508,0.9047619,0.0,0.015873017
8,9,0.0,0.0,0.0,0.0,0.0,0.0,0.0,0.0,0.07936508,0.9047619,0.0,0.015873017
8,9,0.0,0.0,0.0,0.0,0.0,0.0,0.0,0.0,0.06349207,0.9206349,0.0,0.015873017
8,9,0.0,0.0,0.0,0.0,0.0,0.0,0.0,0.0,0.06349207,0.9206349,0.0,0.015873017
8,9,0.0,0.0,0.0,0.0,0.0,0.0,0.0,0.0,0.07936508,0.9047619,0.0,0.015873017
8,9,0.0,0.0,0.0,0.0,0.0,0.0,0.0,0.0,0.07936508,0.9047619,0.0,0.015873017
8,9,0.0,0.0,0.0,0.0,0.0,0.0,0.0,0.0,0.07936508,0.9047619,0.0,0.015873017
8,9,0.0,0.0,0.0,0.0,0.0,0.0,0.0,0.0,0.07936508,0.9047619,0.0,0.015873017
8,9,0.0,0.0,0.0,0.0,0.0,0.0,0.0,0.0,0.07936508,0.9047619,0.0,0.015873017
8,9,0.0,0.0,0.0,0.0,0.0,0.0,0.0,0.0,0.07936508,0.9047619,0.0,0.015873017
8,9,0.0,0.0,0.0,0.0,0.0,0.0,0.0,0.0,0.07936508,0.9047619,0.0,0.015873017
8,9,0.0,0.0,0.0,0.0,0.0,0.0,0.0,0.0,0.07936508,0.9047619,0.0,0.015873017
8,9,0.0,0.0,0.0,0.0,0.0,0.0,0.0,0.0,0.07936508,0.9047619,0.0,0.015873017
8,9,0.0,0.0,0.0,0.0,0.0,0.0,0.0,0.0,0.07936508,0.9047619,0.0,0.015873017
8,9,0.0,0.0,0.0,0.0,0.0,0.0,0.0,0.0,0.07936508,0.9047619,0.0,0.015873017
8,9,0.0,0.0,0.0,0.0,0.0,0.0,0.0,0.0,0.07936508,0.9047619,0.0,0.015873017
8,9,0.0,0.0,0.0,0.0,0.0,0.0,0.0,0.0,0.0952381,0.8888889,0.0,0.015873017
8,9,0.0,0.0,0.0,0.0,0.0,0.0,0.0,0.0,0.0952381,0.8888889,0.0,0.015873017
8,9,0.0,0.0,0.0,0.0,0.0,0.0,0.0,0.0,0.0952381,0.8888889,0.0,0.015873017
8,9,0.0,0.0,0.0,0.0,0.0,0.0,0.0,0.0,0.0952381,0.8888889,0.0,0.015873017
8,9,0.0,0.0,0.0,0.0,0.0,0.0,0.0,0.0,0.0952381,0.8888889,0.0,0.015873017
8,9,0.0,0.0,0.0,0.0,0.0,0.0,0.0,0.0,0.0952381,0.8888889,0.0,0.015873017
8,9,0.0,0.0,0.0,0.0,0.0,0.0,0.0,0.0,0.0952381,0.8888889,0.0,0.015873017
8,9,0.0,0.0,0.0,0.0,0.0,0.0,0.0,0.0,0.0952381,0.8888889,0.0,0.015873017
8,9,0.0,0.0,0.0,0.0,0.0,0.0,0.0,0.0,0.0952381,0.8888889,0.0,0.015873017
8,9,0.0,0.0,0.0,0.0,0.0,0.0,0.0,0.0,0.0952381,0.8888889,0.0,0.015873017
8,9,0.0,0.0,0.0,0.0,0.0,0.0,0.0,0.0,0.0952381,0.8888889,0.0,0.015873017
8,9,0.0,0.0,0.0,0.0,0.0,0.0,0.0,0.0,0.0952381,0.8888889,0.0,0.015873017
8,9,0.0,0.0,0.0,0.0,0.0,0.0,0.0,0.0,0.0952381,0.8888889,0.0,0.015873017
8,9,0.0,0.0,0.0,0.0,0.0,0.0,0.0,0.0,0.0952381,0.8888889,0.0,0.015873017
8,9,0.0,0.0,0.0,0.0,0.0,0.0,0.0,0.0,0.0952381,0.8888889,0.0,0.015873017
8,9,0.0,0.0,0.0,0.0,0.0,0.0,0.0,0.0,0.0952381,0.8888889,0.0,0.015873017
8,9,0.0,0.0,0.0,0.0,0.0,0.0,0.0,0.0,0.0952381,0.8888889,0.0,0.015873017
8,9,0.0,0.0,0.0,0.0,0.0,0.0,0.0,0.0,0.0952381,0.8888889,0.0,0.015873017
8,9,0.0,0.0,0.0,0.0,0.0,0.0,0.0,0.0,0.0952381,0.8888889,0.0,0.015873017
8,9,0.0,0.0,0.0,0.0,0.0,0.0,0.0,0.0,0.0952381,0.8888889,0.0,0.015873017
8,9,0.0,0.0,0.0,0.0,0.0,0.0,0.0,0.0,0.0952381,0.8888889,0.0,0.015873017
8,9,0.0,0.0,0.0,0.0,0.0,0.0,0.0,0.0,0.0952381,0.8888889,0.0,0.015873017
8,9,0.0,0.0,0.0,0.0,0.0,0.0,0.0,0.0,0.07936508,0.9047619,0.0,0.015873017
8,9,0.0,0.0,0.0,0.0,0.0,0.0,0.0,0.0,0.07936508,0.9047619,0.0,0.015873017
8,9,0.0,0.0,0.0,0.0,0.0,0.0,0.0,0.0,0.07936508,0.9047619,0.0,0.015873017
8,9,0.0,0.0,0.0,0.0,0.0,0.0,0.0,0.0,0.07936508,0.9047619,0.0,0.015873017
8,9,0.0,0.0,0.0,0.0,0.0,0.0,0.0,0.0,0.07936508,0.9047619,0.0,0.015873017
8,9,0.0,0.0,0.0,0.0,0.0,0.0,0.0,0.0,0.07936508,0.9047619,0.0,0.015873017
8,9,0.0,0.0,0.0,0.0,0.0,0.0,0.0,0.0,0.07936508,0.9047619,0.0,0.015873017
8,9,0.0,0.0,0.0,0.0,0.0,0.0,0.0,0.0,0.07936508,0.9047619,0.0,0.015873017
8,9,0.0,0.0,0.0,0.0,0.0,0.0,0.0,0.0,0.07936508,0.9047619,0.0,0.015873017
8,9,0.0,0.0,0.0,0.0,0.0,0.0,0.0,0.0,0.07936508,0.9047619,0.0,0.015873017
8,9,0.0,0.0,0.0,0.0,0.0,0.0,0.0,0.0,0.07936508,0.9047619,0.0,0.015873017
8,9,0.0,0.0,0.0,0.0,0.0,0.0,0.0,0.0,0.07936508,0.9047619,0.0,0.015873017
8,9,0.0,0.0,0.0,0.0,0.0,0.0,0.0,0.0,0.07936508,0.9047619,0.0,0.015873017
8,9,0.0,0.0,0.0,0.0,0.0,0.0,0.0,0.0,0.07936508,0.9047619,0.0,0.015873017
8,9,0.0,0.0,0.0,0.0,0.0,0.0,0.0,0.0,0.07936508,0.9047619,0.0,0.015873017
8,9,0.0,0.0,0.0,0.0,0.0,0.0,0.0,0.0,0.07936508,0.9047619,0.0,0.015873017
8,9,0.0,0.0,0.0,0.0,0.0,0.0,0.0,0.0,0.07936508,0.9047619,0.0,0.015873017
8,9,0.0,0.0,0.0,0.0,0.0,0.0,0.0,0.0,0.07936508,0.9047619,0.0,0.015873017
8,9,0.0,0.0,0.0,0.0,0.0,0.0,0.0,0.0,0.07936508,0.9047619,0.0,0.015873017
8,9,0.0,0.0,0.0,0.0,0.0,0.0,0.0,0.0,0.07936508,0.9047619,0.0,0.015873017
8,9,0.0,0.0,0.0,0.0,0.0,0.0,0.0,0.0,0.07936508,0.9047619,0.0,0.015873017
8,9,0.0,0.0,0.0,0.0,0.0,0.0,0.0,0.0,0.07936508,0.9047619,0.0,0.015873017
8,9,0.0,0.0,0.0,0.0,0.0,0.0,0.0,0.0,0.07936508,0.9047619,0.0,0.015873017
8,9,0.0,0.0,0.0,0.0,0.0,0.0,0.0,0.0,0.07936508,0.9047619,0.0,0.015873017
8,9,0.0,0.0,0.0,0.0,0.0,0.0,0.0,0.0,0.07936508,0.9047619,0.0,0.015873017
8,9,0.0,0.0,0.0,0.0,0.0,0.0,0.0,0.0,0.07936508,0.9047619,0.0,0.015873017
8,9,0.0,0.0,0.0,0.0,0.0,0.0,0.0,0.0,0.07936508,0.9047619,0.0,0.015873017
8,9,0.0,0.0,0.0,0.0,0.0,0.0,0.0,0.0,0.07936508,0.9047619,0.0,0.015873017
8,9,0.0,0.0,0.0,0.0,0.0,0.0,0.0,0.0,0.07936508,0.9047619,0.0,0.015873017
8,9,0.0,0.0,0.0,0.0,0.0,0.0,0.0,0.0,0.07936508,0.9047619,0.0,0.015873017
8,9,0.0,0.0,0.0,0.0,0.0,0.0,0.0,0.0,0.07936508,0.9047619,0.0,0.015873017
8,9,0.0,0.0,0.0,0.0,0.0,0.0,0.0,0.0,0.07936508,0.9047619,0.0,0.015873017
8,9,0.0,0.0,0.0,0.0,0.0,0.0,0.0,0.0,0.078125,0.90625,0.0,0.015625
8,9,0.0,0.0,0.0,0.0,0.0,0.0,0.0,0.0,0.078125,0.90625,0.0,0.015625
8,9,0.0,0.0,0.0,0.0,0.0,0.0,0.0,0.0,0.078125,0.90625,0.0,0.015625
8,9,0.0,0.0,0.0,0.0,0.0,0.0,0.0,0.0,0.078125,0.90625,0.0,0.015625
8,9,0.0,0.0,0.0,0.0,0.0,0.0,0.0,0.0,0.078125,0.921875,0.0,0.0
8,9,0.0,0.0,0.0,0.0,0.0,0.0,0.0,0.0,0.078125,0.921875,0.0,0.0
8,9,0.0,0.0,0.0,0.0,0.0,0.0,0.0,0.0,0.078125,0.921875,0.0,0.0
8,9,0.0,0.0,0.0,0.0,0.0,0.0,0.0,0.0,0.078125,0.921875,0.0,0.0
8,9,0.0,0.0,0.0,0.0,0.0,0.0,0.0,0.0,0.0625,0.9375,0.0,0.0
8,9,0.0,0.0,0.0,0.0,0.0,0.0,0.0,0.0,0.0625,0.9375,0.0,0.0
8,9,0.0,0.0,0.0,0.0,0.0,0.0,0.0,0.0,0.0625,0.9375,0.0,0.0
8,9,0.0,0.0,0.0,0.0,0.0,0.0,0.0,0.0,0.0625,0.9375,0.0,0.0
8,9,0.0,0.0,0.0,0.0,0.0,0.0,0.0,0.0,0.0625,0.9375,0.0,0.0
8,9,0.0,0.0,0.0,0.0,0.0,0.0,0.0,0.0,0.0625,0.9375,0.0,0.0
8,9,0.0,0.0,0.0,0.0,0.0,0.0,0.0,0.0,0.0625,0.9375,0.0,0.0
8,9,0.0,0.0,0.0,0.0,0.0,0.0,0.0,0.0,0.0625,0.9375,0.0,0.0
8,9,0.0,0.0,0.0,0.0,0.0,0.0,0.0,0.0,0.0625,0.9375,0.0,0.0
8,9,0.0,0.0,0.0,0.0,0.0,0.0,0.0,0.0,0.0625,0.9375,0.0,0.0
8,9,0.0,0.0,0.0,0.0,0.0,0.0,0.0,0.0,0.0625,0.9375,0.0,0.0
8,9,0.0,0.0,0.0,0.0,0.0,0.0,0.0,0.0,0.0625,0.9375,0.0,0.0
8,9,0.0,0.0,0.0,0.0,0.0,0.0,0.0,0.0,0.046875,0.953125,0.0,0.0
8,9,0.0,0.0,0.0,0.0,0.0,0.0,0.0,0.0,0.046875,0.953125,0.0,0.0
8,9,0.0,0.0,0.0,0.0,0.0,0.0,0.0,0.0,0.046875,0.953125,0.0,0.0
8,9,0.0,0.0,0.0,0.0,0.0,0.0,0.0,0.0,0.046875,0.953125,0.0,0.0
8,9,0.0,0.0,0.0,0.0,0.0,0.0,0.0,0.0,0.046875,0.953125,0.0,0.0
8,9,0.0,0.0,0.0,0.0,0.0,0.0,0.0,0.0,0.046875,0.953125,0.0,0.0
8,9,0.0,0.0,0.0,0.0,0.0,0.0,0.0,0.0,0.046875,0.953125,0.0,0.0
8,9,0.0,0.0,0.0,0.0,0.0,0.0,0.0,0.0,0.046875,0.953125,0.0,0.0
8,9,0.0,0.0,0.0,0.0,0.0,0.0,0.0,0.0,0.046875,0.953125,0.0,0.0
8,9,0.0,0.0,0.0,0.0,0.0,0.0,0.0,0.0,0.046875,0.953125,0.0,0.0
8,9,0.0,0.0,0.0,0.0,0.0,0.0,0.0,0.0,0.046875,0.953125,0.0,0.0
8,9,0.0,0.0,0.0,0.0,0.0,0.0,0.0,0.0,0.046875,0.953125,0.0,0.0
8,9,0.0,0.0,0.0,0.0,0.0,0.0,0.0,0.0,0.046875,0.953125,0.0,0.0
8,9,0.0,0.0,0.0,0.0,0.0,0.0,0.0,0.0,0.046875,0.953125,0.0,0.0
8,9,0.0,0.0,0.0,0.0,0.0,0.0,0.0,0.0,0.046875,0.953125,0.0,0.0
8,9,0.0,0.0,0.0,0.0,0.0,0.0,0.0,0.0,0.046875,0.953125,0.0,0.0
8,9,0.0,0.0,0.0,0.0,0.0,0.0,0.0,0.0,0.046875,0.953125,0.0,0.0
8,9,0.0,0.0,0.0,0.0,0.0,0.0,0.0,0.0,0.046875,0.953125,0.0,0.0
8,9,0.0,0.0,0.0,0.0,0.0,0.0,0.0,0.0,0.046875,0.953125,0.0,0.0
8,9,0.0,0.0,0.0,0.0,0.0,0.0,0.0,0.0,0.046875,0.953125,0.0,0.0
8,9,0.0,0.0,0.0,0.0,0.0,0.0,0.0,0.0,0.046875,0.953125,0.0,0.0
8,9,0.0,0.0,0.0,0.0,0.0,0.0,0.0,0.0,0.046875,0.953125,0.0,0.0
8,9,0.0,0.0,0.0,0.0,0.0,0.0,0.0,0.0,0.046875,0.953125,0.0,0.0
8,9,0.0,0.0,0.0,0.0,0.0,0.0,0.0,0.0,0.046875,0.953125,0.0,0.0
8,9,0.0,0.0,0.0,0.0,0.0,0.0,0.0,0.0,0.046875,0.953125,0.0,0.0
8,9,0.0,0.0,0.0,0.0,0.0,0.0,0.0,0.0,0.046875,0.953125,0.0,0.0
8,9,0.0,0.0,0.0,0.0,0.0,0.0,0.0,0.0,0.046875,0.953125,0.0,0.0
8,9,0.0,0.0,0.0,0.0,0.0,0.0,0.0,0.0,0.046875,0.953125,0.0,0.0
8,9,0.0,0.0,0.0,0.0,0.0,0.0,0.0,0.0,0.046875,0.953125,0.0,0.0
8,9,0.0,0.0,0.0,0.0,0.0,0.0,0.0,0.0,0.046875,0.953125,0.0,0.0
8,9,0.0,0.0,0.0,0.0,0.0,0.0,0.0,0.0,0.046875,0.953125,0.0,0.0
8,9,0.0,0.0,0.0,0.0,0.0,0.0,0.0,0.0,0.046875,0.953125,0.0,0.0
8,9,0.0,0.0,0.0,0.0,0.0,0.0,0.0,0.0,0.046875,0.953125,0.0,0.0
8,9,0.0,0.0,0.0,0.0,0.0,0.0,0.0,0.0,0.046875,0.953125,0.0,0.0
8,9,0.0,0.0,0.0,0.0,0.0,0.0,0.0,0.0,0.046875,0.953125,0.0,0.0
8,9,0.0,0.0,0.0,0.0,0.0,0.0,0.0,0.0,0.046875,0.953125,0.0,0.0
8,9,0.0,0.0,0.0,0.0,0.0,0.0,0.0,0.0,0.046875,0.953125,0.0,0.0
8,9,0.0,0.0,0.0,0.0,0.0,0.0,0.0,0.0,0.046875,0.953125,0.0,0.0
8,9,0.0,0.0,0.0,0.0,0.0,0.0,0.0,0.0,0.046875,0.953125,0.0,0.0
8,9,0.0,0.0,0.0,0.0,0.0,0.0,0.0,0.0,0.046875,0.953125,0.0,0.0
8,9,0.0,0.0,0.0,0.0,0.0,0.0,0.0,0.0,0.046875,0.953125,0.0,0.0
8,9,0.0,0.0,0.0,0.0,0.0,0.0,0.0,0.0,0.046875,0.953125,0.0,0.0
8,9,0.0,0.0,0.0,0.0,0.0,0.0,0.0,0.0,0.046875,0.953125,0.0,0.0
8,9,0.0,0.0,0.0,0.0,0.0,0.0,0.0,0.0,0.046875,0.953125,0.0,0.0
8,9,0.0,0.0,0.0,0.0,0.0,0.0,0.0,0.0,0.046875,0.953125,0.0,0.0
8,9,0.0,0.0,0.0,0.0,0.0,0.0,0.0,0.0,0.046875,0.953125,0.0,0.0
8,9,0.0,0.0,0.0,0.0,0.0,0.0,0.0,0.0,0.0625,0.9375,0.0,0.0
8,9,0.0,0.0,0.0,0.0,0.0,0.0,0.0,0.0,0.0625,0.9375,0.0,0.0
8,9,0.0,0.0,0.0,0.0,0.0,0.0,0.0,0.0,0.0625,0.9375,0.0,0.0
8,9,0.0,0.0,0.0,0.0,0.0,0.0,0.0,0.0,0.0625,0.9375,0.0,0.0
8,9,0.0,0.0,0.0,0.0,0.0,0.0,0.0,0.0,0.0625,0.9375,0.0,0.0
8,9,0.0,0.0,0.0,0.0,0.0,0.0,0.0,0.0,0.0625,0.9375,0.0,0.0
8,9,0.0,0.0,0.0,0.0,0.0,0.0,0.0,0.0,0.0625,0.9375,0.0,0.0
8,9,0.0,0.0,0.0,0.0,0.0,0.0,0.0,0.0,0.0625,0.9375,0.0,0.0
8,9,0.0,0.0,0.0,0.0,0.0,0.0,0.0,0.0,0.0625,0.9375,0.0,0.0
8,9,0.0,0.0,0.0,0.0,0.0,0.0,0.0,0.0,0.0625,0.9375,0.0,0.0
8,9,0.0,0.0,0.0,0.0,0.0,0.0,0.0,0.0,0.0625,0.9375,0.0,0.0
8,9,0.0,0.0,0.0,0.0,0.0,0.0,0.0,0.0,0.0625,0.9375,0.0,0.0
8,9,0.0,0.0,0.0,0.0,0.0,0.0,0.0,0.0,0.0625,0.9375,0.0,0.0
8,9,0.0,0.0,0.0,0.0,0.0,0.0,0.0,0.0,0.0625,0.9375,0.0,0.0
8,9,0.0,0.0,0.0,0.0,0.0,0.0,0.0,0.0,0.0625,0.9375,0.0,0.0
8,9,0.0,0.0,0.0,0.0,0.0,0.0,0.0,0.0,0.0625,0.9375,0.0,0.0
8,9,0.0,0.0,0.0,0.0,0.0,0.0,0.0,0.0,0.0625,0.9375,0.0,0.0
8,9,0.0,0.0,0.0,0.0,0.0,0.0,0.0,0.0,0.0625,0.9375,0.0,0.0
8,9,0.0,0.0,0.0,0.0,0.0,0.0,0.0,0.0,0.0625,0.9375,0.0,0.0
8,9,0.0,0.0,0.0,0.0,0.0,0.0,0.0,0.0,0.0625,0.9375,0.0,0.0
8,9,0.0,0.0,0.0,0.0,0.0,0.0,0.0,0.0,0.0625,0.9375,0.0,0.0
8,9,0.0,0.0,0.0,0.0,0.0,0.0,0.0,0.0,0.0625,0.9375,0.0,0.0
8,9,0.0,0.0,0.0,0.0,0.0,0.0,0.0,0.0,0.03125,0.96875,0.0,0.0
8,9,0.0,0.0,0.0,0.0,0.0,0.0,0.0,0.0,0.03125,0.96875,0.0,0.0
8,9,0.0,0.0,0.0,0.0,0.0,0.0,0.0,0.0,0.03125,0.96875,0.0,0.0
8,9,0.0,0.0,0.0,0.0,0.0,0.0,0.0,0.0,0.015625,0.984375,0.0,0.0
8,9,0.0,0.0,0.0,0.0,0.0,0.0,0.0,0.0,0.015625,0.984375,0.0,0.0
8,9,0.0,0.0,0.0,0.0,0.0,0.0,0.0,0.0,0.015625,0.984375,0.0,0.0
8,9,0.0,0.0,0.0,0.0,0.0,0.0,0.0,0.0,0.015625,0.984375,0.0,0.0
8,9,0.0,0.0,0.0,0.0,0.0,0.0,0.0,0.0,0.015625,0.984375,0.0,0.0
8,9,0.0,0.0,0.0,0.0,0.0,0.0,0.0,0.0,0.015625,0.984375,0.0,0.0
8,9,0.0,0.0,0.0,0.0,0.0,0.0,0.0,0.0,0.015625,0.984375,0.0,0.0
8,9,0.0,0.0,0.0,0.0,0.0,0.0,0.0,0.0,0.015625,0.984375,0.0,0.0
8,9,0.0,0.0,0.0,0.0,0.0,0.0,0.0,0.0,0.015625,0.984375,0.0,0.0
8,9,0.0,0.0,0.0,0.0,0.0,0.0,0.0,0.0,0.015625,0.984375,0.0,0.0
8,9,0.0,0.0,0.0,0.0,0.0,0.0,0.0,0.0,0.015625,0.984375,0.0,0.0
8,9,0.0,0.0,0.0,0.0,0.0,0.0,0.0,0.0,0.015625,0.984375,0.0,0.0
8,9,0.0,0.0,0.0,0.0,0.0,0.0,0.0,0.0,0.015625,0.984375,0.0,0.0
8,9,0.0,0.0,0.0,0.0,0.0,0.0,0.0,0.0,0.015625,0.984375,0.0,0.0
8,9,0.0,0.0,0.0,0.0,0.0,0.0,0.0,0.0,0.015625,0.984375,0.0,0.0
8,9,0.0,0.0,0.0,0.0,0.0,0.0,0.0,0.0,0.015625,0.984375,0.0,0.0
8,9,0.0,0.0,0.0,0.0,0.0,0.0,0.0,0.0,0.015625,0.984375,0.0,0.0
8,9,0.0,0.0,0.0,0.0,0.0,0.0,0.0,0.0,0.015625,0.984375,0.0,0.0
8,9,0.0,0.0,0.0,0.0,0.0,0.0,0.0,0.0,0.015625,0.984375,0.0,0.0
8,9,0.0,0.0,0.0,0.0,0.0,0.0,0.0,0.0,0.015625,0.984375,0.0,0.0
8,9,0.0,0.0,0.0,0.0,0.0,0.0,0.0,0.0,0.015625,0.984375,0.0,0.0
8,9,0.0,0.0,0.0,0.0,0.0,0.0,0.0,0.0,0.03125,0.96875,0.0,0.0
8,9,0.0,0.0,0.0,0.0,0.0,0.0,0.0,0.0,0.03125,0.96875,0.0,0.0
8,9,0.0,0.0,0.0,0.0,0.0,0.0,0.0,0.0,0.03125,0.96875,0.0,0.0
8,9,0.0,0.0,0.0,0.0,0.0,0.0,0.0,0.0,0.03125,0.96875,0.0,0.0
8,9,0.0,0.0,0.0,0.0,0.0,0.0,0.0,0.0,0.03125,0.96875,0.0,0.0
8,9,0.0,0.0,0.0,0.0,0.0,0.0,0.0,0.0,0.03125,0.96875,0.0,0.0
8,9,0.0,0.0,0.0,0.0,0.0,0.0,0.0,0.0,0.03125,0.96875,0.0,0.0
8,9,0.0,0.0,0.0,0.0,0.0,0.0,0.0,0.0,0.03125,0.96875,0.0,0.0
8,9,0.0,0.0,0.0,0.0,0.0,0.0,0.0,0.0,0.03125,0.96875,0.0,0.0
8,9,0.0,0.0,0.0,0.0,0.0,0.0,0.0,0.0,0.03125,0.96875,0.0,0.0
8,9,0.0,0.0,0.0,0.0,0.0,0.0,0.0,0.0,0.03125,0.96875,0.0,0.0
8,9,0.0,0.0,0.0,0.0,0.0,0.0,0.0,0.0,0.03125,0.96875,0.0,0.0
8,9,0.0,0.0,0.0,0.0,0.0,0.0,0.0,0.0,0.03125,0.96875,0.0,0.0
8,9,0.0,0.0,0.0,0.0,0.0,0.0,0.0,0.0,0.03125,0.96875,0.0,0.0
8,9,0.0,0.0,0.0,0.0,0.0,0.0,0.0,0.0,0.03125,0.96875,0.0,0.0
8,9,0.0,0.0,0.0,0.0,0.0,0.0,0.0,0.0,0.03125,0.96875,0.0,0.0
8,9,0.0,0.0,0.0,0.0,0.0,0.0,0.0,0.0,0.03125,0.96875,0.0,0.0
8,9,0.0,0.0,0.0,0.0,0.0,0.0,0.0,0.0,0.03125,0.96875,0.0,0.0
8,9,0.0,0.0,0.0,0.0,0.0,0.0,0.0,0.0,0.015625,0.984375,0.0,0.0
8,9,0.0,0.0,0.0,0.0,0.0,0.0,0.0,0.0,0.015625,0.984375,0.0,0.0
8,9,0.0,0.0,0.0,0.0,0.0,0.0,0.0,0.0,0.03125,0.96875,0.0,0.0
8,9,0.0,0.0,0.0,0.0,0.0,0.0,0.0,0.0,0.03125,0.96875,0.0,0.0
8,9,0.0,0.0,0.0,0.0,0.0,0.0,0.0,0.0,0.03125,0.96875,0.0,0.0
8,9,0.0,0.0,0.0,0.0,0.0,0.0,0.0,0.0,0.03125,0.96875,0.0,0.0
8,9,0.0,0.0,0.0,0.0,0.0,0.0,0.0,0.0,0.046875,0.953125,0.0,0.0
8,9,0.0,0.0,0.0,0.0,0.0,0.0,0.0,0.0,0.046875,0.953125,0.0,0.0
8,9,0.0,0.0,0.0,0.0,0.0,0.0,0.0,0.0,0.046875,0.953125,0.0,0.0
8,9,0.0,0.0,0.0,0.0,0.0,0.0,0.0,0.0,0.046875,0.953125,0.0,0.0
8,9,0.0,0.0,0.0,0.0,0.0,0.0,0.0,0.0,0.046875,0.953125,0.0,0.0
8,9,0.0,0.0,0.0,0.0,0.0,0.0,0.0,0.0,0.046875,0.953125,0.0,0.0
8,9,0.0,0.0,0.0,0.0,0.0,0.0,0.0,0.0,0.046875,0.953125,0.0,0.0
8,9,0.0,0.0,0.0,0.0,0.0,0.0,0.0,0.0,0.046875,0.953125,0.0,0.0
8,9,0.0,0.0,0.0,0.0,0.0,0.0,0.0,0.0,0.046875,0.953125,0.0,0.0
8,9,0.0,0.0,0.0,0.0,0.0,0.0,0.0,0.0,0.046875,0.953125,0.0,0.0
8,9,0.0,0.0,0.0,0.0,0.0,0.0,0.0,0.0,0.046875,0.953125,0.0,0.0
8,9,0.0,0.0,0.0,0.0,0.0,0.0,0.0,0.0,0.046875,0.953125,0.0,0.0
8,9,0.0,0.0,0.0,0.0,0.0,0.0,0.0,0.0,0.046875,0.953125,0.0,0.0
8,9,0.0,0.0,0.0,0.0,0.0,0.0,0.0,0.0,0.046875,0.953125,0.0,0.0
8,9,0.0,0.0,0.0,0.0,0.0,0.0,0.0,0.0,0.046875,0.953125,0.0,0.0
8,9,0.0,0.0,0.0,0.0,0.0,0.0,0.0,0.0,0.046875,0.953125,0.0,0.0
8,9,0.0,0.0,0.0,0.0,0.0,0.0,0.0,0.0,0.046875,0.953125,0.0,0.0
8,9,0.0,0.0,0.0,0.0,0.0,0.0,0.0,0.0,0.046875,0.953125,0.0,0.0
8,9,0.0,0.0,0.0,0.0,0.0,0.0,0.0,0.0,0.03125,0.96875,0.0,0.0
8,9,0.0,0.0,0.0,0.0,0.0,0.0,0.0,0.0,0.03125,0.96875,0.0,0.0
8,9,0.0,0.0,0.0,0.0,0.0,0.0,0.0,0.0,0.03125,0.96875,0.0,0.0
8,9,0.0,0.0,0.0,0.0,0.0,0.0,0.0,0.0,0.03125,0.96875,0.0,0.0
8,9,0.0,0.0,0.0,0.0,0.0,0.0,0.0,0.0,0.03125,0.96875,0.0,0.0
8,9,0.0,0.0,0.0,0.0,0.0,0.0,0.0,0.0,0.03125,0.96875,0.0,0.0
8,9,0.0,0.0,0.0,0.0,0.0,0.0,0.0,0.0,0.03125,0.96875,0.0,0.0
8,9,0.0,0.0,0.0,0.0,0.0,0.0,0.0,0.0,0.03125,0.96875,0.0,0.0
8,9,0.0,0.0,0.0,0.0,0.0,0.0,0.0,0.0,0.03125,0.96875,0.0,0.0
8,9,0.0,0.0,0.0,0.0,0.0,0.0,0.0,0.0,0.03125,0.96875,0.0,0.0
8,9,0.0,0.0,0.0,0.0,0.0,0.0,0.0,0.0,0.03125,0.96875,0.0,0.0
8,9,0.0,0.0,0.0,0.0,0.0,0.0,0.0,0.0,0.03125,0.96875,0.0,0.0
8,9,0.0,0.0,0.0,0.0,0.0,0.0,0.0,0.0,0.046875,0.953125,0.0,0.0
8,9,0.0,0.0,0.0,0.0,0.0,0.0,0.0,0.0,0.046875,0.953125,0.0,0.0
8,9,0.0,0.0,0.0,0.0,0.0,0.0,0.0,0.0,0.046875,0.953125,0.0,0.0
8,9,0.0,0.0,0.0,0.0,0.0,0.0,0.0,0.0,0.046875,0.953125,0.0,0.0
8,9,0.0,0.0,0.0,0.0,0.0,0.0,0.0,0.0,0.046875,0.953125,0.0,0.0
8,9,0.0,0.0,0.0,0.0,0.0,0.0,0.0,0.0,0.046875,0.953125,0.0,0.0
8,9,0.0,0.0,0.0,0.0,0.0,0.0,0.0,0.0,0.046875,0.953125,0.0,0.0
8,9,0.0,0.0,0.0,0.0,0.0,0.0,0.0,0.0,0.046875,0.953125,0.0,0.0
8,9,0.0,0.0,0.0,0.0,0.0,0.0,0.0,0.0,0.046875,0.953125,0.0,0.0
8,9,0.0,0.0,0.0,0.0,0.0,0.0,0.0,0.0,0.046875,0.953125,0.0,0.0
8,9,0.0,0.0,0.0,0.0,0.0,0.0,0.0,0.0,0.046875,0.953125,0.0,0.0
8,9,0.0,0.0,0.0,0.0,0.0,0.0,0.0,0.0,0.046875,0.953125,0.0,0.0
8,9,0.0,0.0,0.0,0.0,0.0,0.0,0.0,0.0,0.046875,0.953125,0.0,0.0
8,9,0.0,0.0,0.0,0.0,0.0,0.0,0.0,0.0,0.046875,0.953125,0.0,0.0
8,9,0.0,0.0,0.0,0.0,0.0,0.0,0.0,0.0,0.046875,0.953125,0.0,0.0
8,9,0.0,0.0,0.0,0.0,0.0,0.0,0.0,0.0,0.046875,0.953125,0.0,0.0
8,9,0.0,0.0,0.0,0.0,0.0,0.0,0.0,0.0,0.046875,0.953125,0.0,0.0
8,9,0.0,0.0,0.0,0.0,0.0,0.0,0.0,0.0,0.046875,0.953125,0.0,0.0
8,9,0.0,0.0,0.0,0.0,0.0,0.0,0.0,0.0,0.03125,0.96875,0.0,0.0
8,9,0.0,0.0,0.0,0.0,0.0,0.0,0.0,0.0,0.03125,0.96875,0.0,0.0
8,9,0.0,0.0,0.0,0.0,0.0,0.0,0.0,0.0,0.03125,0.96875,0.0,0.0
8,9,0.0,0.0,0.0,0.0,0.0,0.0,0.0,0.0,0.03125,0.96875,0.0,0.0
8,9,0.0,0.0,0.0,0.0,0.0,0.0,0.0,0.0,0.03125,0.96875,0.0,0.0
8,9,0.0,0.0,0.0,0.0,0.0,0.0,0.0,0.0,0.03125,0.96875,0.0,0.0
8,9,0.0,0.0,0.0,0.0,0.0,0.0,0.0,0.0,0.03125,0.96875,0.0,0.0
8,9,0.0,0.0,0.0,0.0,0.0,0.0,0.0,0.0,0.03125,0.96875,0.0,0.0
8,9,0.0,0.0,0.0,0.0,0.0,0.0,0.0,0.0,0.03125,0.96875,0.0,0.0
8,9,0.0,0.0,0.0,0.0,0.0,0.0,0.0,0.0,0.03125,0.96875,0.0,0.0
8,9,0.0,0.0,0.0,0.0,0.0,0.0,0.0,0.0,0.03125,0.96875,0.0,0.0
8,9,0.0,0.0,0.0,0.0,0.0,0.0,0.0,0.0,0.03125,0.96875,0.0,0.0
8,9,0.0,0.0,0.0,0.0,0.0,0.0,0.0,0.0,0.03125,0.96875,0.0,0.0
8,9,0.0,0.0,0.0,0.0,0.0,0.0,0.0,0.0,0.03125,0.96875,0.0,0.0
8,9,0.0,0.0,0.0,0.0,0.0,0.0,0.0,0.0,0.03125,0.96875,0.0,0.0
8,9,0.0,0.0,0.0,0.0,0.0,0.0,0.0,0.0,0.03125,0.96875,0.0,0.0
8,9,0.0,0.0,0.0,0.0,0.0,0.0,0.0,0.0,0.03125,0.96875,0.0,0.0
8,9,0.0,0.0,0.0,0.0,0.0,0.0,0.0,0.0,0.03125,0.96875,0.0,0.0
8,9,0.0,0.0,0.0,0.0,0.0,0.0,0.0,0.0,0.03125,0.96875,0.0,0.0
8,9,0.0,0.0,0.0,0.0,0.0,0.0,0.0,0.0,0.03125,0.96875,0.0,0.0
8,9,0.0,0.0,0.0,0.0,0.0,0.0,0.0,0.0,0.03125,0.96875,0.0,0.0
8,9,0.0,0.0,0.0,0.0,0.0,0.0,0.0,0.0,0.03125,0.96875,0.0,0.0
8,9,0.0,0.0,0.0,0.0,0.0,0.0,0.0,0.0,0.03125,0.96875,0.0,0.0
8,9,0.0,0.0,0.0,0.0,0.0,0.0,0.0,0.0,0.03125,0.96875,0.0,0.0
8,9,0.0,0.0,0.0,0.0,0.0,0.0,0.0,0.0,0.03125,0.96875,0.0,0.0
8,9,0.0,0.0,0.0,0.0,0.0,0.0,0.0,0.0,0.03125,0.96875,0.0,0.0
8,9,0.0,0.0,0.0,0.0,0.0,0.0,0.0,0.0,0.03125,0.96875,0.0,0.0
8,9,0.0,0.0,0.0,0.0,0.0,0.0,0.0,0.0,0.03125,0.96875,0.0,0.0
8,9,0.0,0.0,0.0,0.0,0.0,0.0,0.0,0.0,0.03125,0.96875,0.0,0.0
8,9,0.0,0.0,0.0,0.0,0.0,0.0,0.0,0.0,0.03125,0.96875,0.0,0.0
8,9,0.0,0.0,0.0,0.0,0.0,0.0,0.0,0.0,0.03125,0.96875,0.0,0.0
8,9,0.0,0.0,0.0,0.0,0.0,0.0,0.0,0.0,0.03125,0.96875,0.0,0.0
8,9,0.0,0.0,0.0,0.0,0.0,0.0,0.0,0.0,0.03125,0.96875,0.0,0.0
8,9,0.0,0.0,0.0,0.0,0.0,0.0,0.0,0.0,0.03125,0.96875,0.0,0.0
8,9,0.0,0.0,0.0,0.0,0.0,0.0,0.0,0.0,0.03125,0.96875,0.0,0.0
8,9,0.0,0.0,0.0,0.0,0.0,0.0,0.0,0.0,0.03125,0.96875,0.0,0.0
8,9,0.0,0.0,0.0,0.0,0.0,0.0,0.0,0.0,0.03125,0.96875,0.0,0.0
8,9,0.0,0.0,0.0,0.0,0.0,0.0,0.0,0.0,0.03125,0.96875,0.0,0.0
8,9,0.0,0.0,0.0,0.0,0.0,0.0,0.0,0.0,0.03125,0.96875,0.0,0.0
8,9,0.0,0.0,0.0,0.0,0.0,0.0,0.0,0.0,0.03125,0.96875,0.0,0.0
8,9,0.0,0.0,0.0,0.0,0.0,0.0,0.0,0.0,0.03125,0.96875,0.0,0.0
8,9,0.0,0.0,0.0,0.0,0.0,0.0,0.0,0.0,0.03125,0.96875,0.0,0.0
8,9,0.0,0.0,0.0,0.0,0.0,0.0,0.0,0.0,0.03125,0.96875,0.0,0.0
8,9,0.0,0.0,0.0,0.0,0.0,0.0,0.0,0.0,0.03125,0.96875,0.0,0.0
8,9,0.0,0.0,0.0,0.0,0.0,0.0,0.0,0.0,0.03125,0.96875,0.0,0.0
8,9,0.0,0.0,0.0,0.0,0.0,0.0,0.0,0.0,0.03125,0.96875,0.0,0.0
8,9,0.0,0.0,0.0,0.0,0.0,0.0,0.0,0.0,0.03125,0.96875,0.0,0.0
8,9,0.0,0.0,0.0,0.0,0.0,0.0,0.0,0.0,0.03125,0.96875,0.0,0.0
8,9,0.0,0.0,0.0,0.0,0.0,0.0,0.0,0.0,0.0,1.0,0.0,0.0
8,9,0.0,0.0,0.0,0.0,0.0,0.0,0.0,0.0,0.0,1.0,0.0,0.0
8,9,0.0,0.0,0.0,0.0,0.0,0.0,0.0,0.0,0.0,1.0,0.0,0.0
8,9,0.0,0.0,0.0,0.0,0.0,0.0,0.0,0.0,0.0,1.0,0.0,0.0
8,9,0.0,0.0,0.0,0.0,0.0,0.0,0.0,0.0,0.0,1.0,0.0,0.0
8,9,0.0,0.0,0.0,0.0,0.0,0.0,0.0,0.0,0.0,1.0,0.0,0.0
8,9,0.0,0.0,0.0,0.0,0.0,0.0,0.0,0.0,0.0,1.0,0.0,0.0
8,9,0.0,0.0,0.0,0.0,0.0,0.0,0.0,0.0,0.0,1.0,0.0,0.0
8,9,0.0,0.0,0.0,0.0,0.0,0.0,0.0,0.0,0.0,1.0,0.0,0.0
8,9,0.0,0.0,0.0,0.0,0.0,0.0,0.0,0.0,0.0,1.0,0.0,0.0
8,9,0.0,0.0,0.0,0.0,0.0,0.0,0.0,0.0,0.0,1.0,0.0,0.0
8,9,0.0,0.0,0.0,0.0,0.0,0.0,0.0,0.0,0.0,1.0,0.0,0.0
8,9,0.0,0.0,0.0,0.0,0.0,0.0,0.0,0.0,0.0,1.0,0.0,0.0
8,9,0.0,0.0,0.0,0.0,0.0,0.0,0.0,0.0,0.0,1.0,0.0,0.0
8,9,0.0,0.0,0.0,0.0,0.0,0.0,0.0,0.0,0.0,1.0,0.0,0.0
8,9,0.0,0.0,0.0,0.0,0.0,0.0,0.0,0.0,0.0,1.0,0.0,0.0
8,9,0.0,0.0,0.0,0.0,0.0,0.0,0.0,0.0,0.0,1.0,0.0,0.0
8,9,0.0,0.0,0.0,0.0,0.0,0.0,0.0,0.0,0.0,1.0,0.0,0.0
8,9,0.0,0.0,0.0,0.0,0.0,0.0,0.0,0.0,0.0,1.0,0.0,0.0
8,9,0.0,0.0,0.0,0.0,0.0,0.0,0.0,0.0,0.0,1.0,0.0,0.0
8,9,0.0,0.0,0.0,0.0,0.0,0.0,0.0,0.0,0.0,1.0,0.0,0.0
8,9,0.0,0.0,0.0,0.0,0.0,0.0,0.0,0.0,0.0,1.0,0.0,0.0
8,9,0.0,0.0,0.0,0.0,0.0,0.0,0.0,0.0,0.0,1.0,0.0,0.0
8,9,0.0,0.0,0.0,0.0,0.0,0.0,0.0,0.0,0.0,1.0,0.0,0.0
8,9,0.0,0.0,0.0,0.0,0.0,0.0,0.0,0.0,0.0,1.0,0.0,0.0
8,9,0.0,0.0,0.0,0.0,0.0,0.0,0.0,0.0,0.0,1.0,0.0,0.0
8,9,0.0,0.0,0.0,0.0,0.0,0.0,0.0,0.0,0.0,1.0,0.0,0.0
8,9,0.0,0.0,0.0,0.0,0.0,0.0,0.0,0.0,0.0,1.0,0.0,0.0
8,9,0.0,0.0,0.0,0.0,0.0,0.0,0.0,0.0,0.03125,0.96875,0.0,0.0
8,9,0.0,0.0,0.0,0.0,0.0,0.0,0.0,0.0,0.03125,0.96875,0.0,0.0
8,9,0.0,0.0,0.0,0.0,0.0,0.0,0.0,0.0,0.03125,0.96875,0.0,0.0
8,9,0.0,0.0,0.0,0.0,0.0,0.0,0.0,0.0,0.03125,0.96875,0.0,0.0
8,9,0.0,0.0,0.0,0.0,0.0,0.0,0.0,0.0,0.03125,0.96875,0.0,0.0
8,9,0.0,0.0,0.0,0.0,0.0,0.0,0.0,0.0,0.03125,0.96875,0.0,0.0
8,9,0.0,0.0,0.0,0.0,0.0,0.0,0.0,0.0,0.03125,0.96875,0.0,0.0
8,9,0.0,0.0,0.0,0.0,0.0,0.0,0.0,0.0,0.03125,0.96875,0.0,0.0
8,9,0.0,0.0,0.0,0.0,0.0,0.0,0.0,0.0,0.03125,0.96875,0.0,0.0
8,9,0.0,0.0,0.0,0.0,0.0,0.0,0.0,0.0,0.03125,0.96875,0.0,0.0
8,9,0.0,0.0,0.0,0.0,0.0,0.0,0.0,0.0,0.03125,0.96875,0.0,0.0
8,9,0.0,0.0,0.0,0.0,0.0,0.0,0.0,0.0,0.03125,0.96875,0.0,0.0
8,9,0.0,0.0,0.0,0.0,0.0,0.0,0.0,0.0,0.03125,0.96875,0.0,0.0
8,9,0.0,0.0,0.0,0.0,0.0,0.0,0.0,0.0,0.03125,0.96875,0.0,0.0
8,9,0.0,0.0,0.0,0.0,0.0,0.0,0.0,0.0,0.03125,0.96875,0.0,0.0
8,9,0.0,0.0,0.0,0.0,0.0,0.0,0.0,0.0,0.03125,0.96875,0.0,0.0
8,9,0.0,0.0,0.0,0.0,0.0,0.0,0.0,0.0,0.03125,0.96875,0.0,0.0
8,9,0.0,0.0,0.0,0.0,0.0,0.0,0.0,0.0,0.03125,0.96875,0.0,0.0
8,9,0.0,0.0,0.0,0.0,0.0,0.0,0.0,0.0,0.03125,0.96875,0.0,0.0
8,9,0.0,0.0,0.0,0.0,0.0,0.0,0.0,0.0,0.03125,0.96875,0.0,0.0
8,9,0.0,0.0,0.0,0.0,0.0,0.0,0.0,0.0,0.046875,0.953125,0.0,0.0
8,9,0.0,0.0,0.0,0.0,0.0,0.0,0.0,0.0,0.046875,0.953125,0.0,0.0
8,9,0.0,0.0,0.0,0.0,0.0,0.0,0.0,0.0,0.046875,0.953125,0.0,0.0
8,9,0.0,0.0,0.0,0.0,0.0,0.0,0.0,0.0,0.046875,0.953125,0.0,0.0
8,9,0.0,0.0,0.0,0.0,0.0,0.0,0.0,0.0,0.046875,0.953125,0.0,0.0
8,9,0.0,0.0,0.0,0.0,0.0,0.0,0.0,0.0,0.046875,0.953125,0.0,0.0
8,9,0.0,0.0,0.0,0.0,0.0,0.0,0.0,0.0,0.046875,0.953125,0.0,0.0
8,9,0.0,0.0,0.0,0.0,0.0,0.0,0.0,0.0,0.046875,0.953125,0.0,0.0
8,9,0.0,0.0,0.0,0.0,0.0,0.0,0.0,0.0,0.046875,0.953125,0.0,0.0
8,9,0.0,0.0,0.0,0.0,0.0,0.0,0.0,0.0,0.046875,0.953125,0.0,0.0
8,9,0.0,0.0,0.0,0.0,0.0,0.0,0.0,0.0,0.046875,0.953125,0.0,0.0
8,9,0.0,0.0,0.0,0.0,0.0,0.0,0.0,0.0,0.046875,0.953125,0.0,0.0
8,9,0.0,0.0,0.0,0.0,0.0,0.0,0.0,0.0,0.046875,0.953125,0.0,0.0
8,9,0.0,0.0,0.0,0.0,0.0,0.0,0.0,0.0,0.046875,0.953125,0.0,0.0
8,9,0.0,0.0,0.0,0.0,0.0,0.0,0.0,0.0,0.046875,0.953125,0.0,0.0
8,9,0.0,0.0,0.0,0.0,0.0,0.0,0.0,0.0,0.046875,0.953125,0.0,0.0
8,9,0.0,0.0,0.0,0.0,0.0,0.0,0.0,0.0,0.046875,0.953125,0.0,0.0
8,9,0.0,0.0,0.0,0.0,0.0,0.0,0.0,0.0,0.046875,0.953125,0.0,0.0
8,9,0.0,0.0,0.0,0.0,0.0,0.0,0.0,0.0,0.046875,0.953125,0.0,0.0
8,9,0.0,0.0,0.0,0.0,0.0,0.0,0.0,0.0,0.046875,0.953125,0.0,0.0
8,9,0.0,0.0,0.0,0.0,0.0,0.0,0.0,0.0,0.046875,0.953125,0.0,0.0
8,9,0.0,0.0,0.0,0.0,0.0,0.0,0.0,0.0,0.046875,0.953125,0.0,0.0
8,9,0.0,0.0,0.0,0.0,0.0,0.0,0.0,0.0,0.046875,0.953125,0.0,0.0
8,9,0.0,0.0,0.0,0.0,0.0,0.0,0.0,0.0,0.046875,0.953125,0.0,0.0
8,9,0.0,0.0,0.0,0.0,0.0,0.0,0.0,0.0,0.046875,0.953125,0.0,0.0
8,9,0.0,0.0,0.0,0.0,0.0,0.0,0.0,0.0,0.046875,0.953125,0.0,0.0
8,9,0.0,0.0,0.0,0.0,0.0,0.0,0.0,0.0,0.046875,0.953125,0.0,0.0
8,9,0.0,0.0,0.0,0.0,0.0,0.0,0.0,0.0,0.046875,0.953125,0.0,0.0
8,9,0.0,0.0,0.0,0.0,0.0,0.0,0.0,0.0,0.046875,0.953125,0.0,0.0
8,9,0.0,0.0,0.0,0.0,0.0,0.0,0.0,0.0,0.046875,0.953125,0.0,0.0
8,9,0.0,0.0,0.0,0.0,0.0,0.0,0.0,0.0,0.046875,0.953125,0.0,0.0
8,9,0.0,0.0,0.0,0.0,0.0,0.0,0.0,0.0,0.046875,0.953125,0.0,0.0
8,9,0.0,0.0,0.0,0.0,0.0,0.0,0.0,0.0,0.0625,0.9375,0.0,0.0
8,9,0.0,0.0,0.0,0.0,0.0,0.0,0.0,0.0,0.0625,0.9375,0.0,0.0
8,9,0.0,0.0,0.0,0.0,0.0,0.0,0.0,0.0,0.0625,0.9375,0.0,0.0
8,9,0.0,0.0,0.0,0.0,0.0,0.0,0.0,0.0,0.0625,0.9375,0.0,0.0
8,9,0.0,0.0,0.0,0.0,0.0,0.0,0.0,0.0,0.0625,0.9375,0.0,0.0
8,9,0.0,0.0,0.0,0.0,0.0,0.0,0.0,0.0,0.0625,0.9375,0.0,0.0
8,9,0.0,0.0,0.0,0.0,0.0,0.0,0.0,0.0,0.0625,0.9375,0.0,0.0
8,9,0.0,0.0,0.0,0.0,0.0,0.0,0.0,0.0,0.0625,0.9375,0.0,0.0
8,9,0.0,0.0,0.0,0.0,0.0,0.0,0.0,0.0,0.0625,0.9375,0.0,0.0
8,9,0.0,0.0,0.0,0.0,0.0,0.0,0.0,0.0,0.0625,0.9375,0.0,0.0
8,9,0.0,0.0,0.0,0.0,0.0,0.0,0.0,0.0,0.078125,0.921875,0.0,0.0
8,9,0.0,0.0,0.0,0.0,0.0,0.0,0.0,0.0,0.078125,0.921875,0.0,0.0
8,9,0.0,0.0,0.0,0.0,0.0,0.0,0.0,0.0,0.078125,0.921875,0.0,0.0
8,9,0.0,0.0,0.0,0.0,0.0,0.0,0.0,0.0,0.078125,0.921875,0.0,0.0
8,9,0.0,0.0,0.0,0.0,0.0,0.0,0.0,0.0,0.078125,0.921875,0.0,0.0
8,9,0.0,0.0,0.0,0.0,0.0,0.0,0.0,0.0,0.078125,0.921875,0.0,0.0
8,9,0.0,0.0,0.0,0.0,0.0,0.0,0.0,0.0,0.078125,0.921875,0.0,0.0
8,9,0.0,0.0,0.0,0.0,0.0,0.0,0.0,0.0,0.078125,0.921875,0.0,0.0
8,9,0.0,0.0,0.0,0.0,0.0,0.0,0.0,0.0,0.078125,0.921875,0.0,0.0
8,9,0.0,0.0,0.0,0.0,0.0,0.0,0.0,0.0,0.078125,0.921875,0.0,0.0
8,9,0.0,0.0,0.0,0.0,0.0,0.0,0.0,0.0,0.078125,0.921875,0.0,0.0
8,9,0.0,0.0,0.0,0.0,0.0,0.0,0.0,0.0,0.078125,0.921875,0.0,0.0
8,9,0.0,0.0,0.0,0.0,0.0,0.0,0.0,0.0,0.078125,0.921875,0.0,0.0
8,9,0.0,0.0,0.0,0.0,0.0,0.0,0.0,0.0,0.078125,0.921875,0.0,0.0
8,9,0.0,0.0,0.0,0.0,0.0,0.0,0.0,0.0,0.09375,0.90625,0.0,0.0
8,9,0.0,0.0,0.0,0.0,0.0,0.0,0.0,0.0,0.09375,0.90625,0.0,0.0
8,9,0.0,0.0,0.0,0.0,0.0,0.0,0.0,0.0,0.09375,0.90625,0.0,0.0
8,9,0.0,0.0,0.0,0.0,0.0,0.0,0.0,0.0,0.109375,0.890625,0.0,0.0
8,9,0.0,0.0,0.0,0.0,0.0,0.0,0.0,0.0,0.109375,0.890625,0.0,0.0
8,9,0.0,0.0,0.0,0.0,0.0,0.0,0.0,0.0,0.109375,0.890625,0.0,0.0
8,9,0.0,0.0,0.0,0.0,0.0,0.0,0.0,0.0,0.109375,0.890625,0.0,0.0
8,9,0.0,0.0,0.0,0.0,0.0,0.0,0.0,0.0,0.109375,0.890625,0.0,0.0
8,9,0.0,0.0,0.0,0.0,0.0,0.0,0.0,0.0,0.109375,0.890625,0.0,0.0
8,9,0.0,0.0,0.0,0.0,0.0,0.0,0.0,0.0,0.109375,0.890625,0.0,0.0
8,9,0.0,0.0,0.0,0.0,0.0,0.0,0.0,0.0,0.109375,0.890625,0.0,0.0
8,9,0.0,0.0,0.0,0.0,0.0,0.0,0.0,0.0,0.109375,0.890625,0.0,0.0
8,9,0.0,0.0,0.0,0.0,0.0,0.0,0.0,0.0,0.109375,0.890625,0.0,0.0
8,9,0.0,0.0,0.0,0.0,0.0,0.0,0.0,0.0,0.125,0.875,0.0,0.0
8,9,0.0,0.0,0.0,0.0,0.0,0.0,0.0,0.0,0.125,0.875,0.0,0.0
8,9,0.0,0.0,0.0,0.0,0.0,0.0,0.0,0.0,0.125,0.875,0.0,0.0
8,9,0.0,0.0,0.0,0.0,0.0,0.0,0.0,0.0,0.203125,0.796875,0.0,0.0
8,9,0.0,0.0,0.0,0.0,0.0,0.0,0.0,0.0,0.203125,0.796875,0.0,0.0
8,9,0.0,0.0,0.0,0.0,0.0,0.0,0.0,0.0,0.203125,0.796875,0.0,0.0
8,9,0.0,0.0,0.0,0.0,0.0,0.0,0.0,0.0,0.203125,0.796875,0.0,0.0
8,9,0.0,0.0,0.0,0.0,0.0,0.0,0.0,0.0,0.203125,0.796875,0.0,0.0
8,9,0.0,0.0,0.0,0.0,0.0,0.0,0.0,0.0,0.203125,0.796875,0.0,0.0
8,9,0.0,0.0,0.0,0.0,0.0,0.0,0.0,0.0,0.203125,0.796875,0.0,0.0
8,9,0.0,0.0,0.0,0.0,0.0,0.0,0.0,0.0,0.203125,0.796875,0.0,0.0
8,9,0.0,0.0,0.0,0.0,0.0,0.0,0.0,0.0,0.203125,0.796875,0.0,0.0
8,9,0.0,0.0,0.0,0.0,0.0,0.0,0.0,0.0,0.203125,0.796875,0.0,0.0
8,9,0.0,0.0,0.0,0.0,0.0,0.0,0.0,0.0,0.203125,0.796875,0.0,0.0
8,9,0.0,0.0,0.0,0.0,0.0,0.0,0.0,0.0,0.203125,0.796875,0.0,0.0
8,9,0.0,0.0,0.0,0.0,0.0,0.0,0.0,0.0,0.21875,0.78125,0.0,0.0
8,9,0.0,0.0,0.0,0.0,0.0,0.0,0.0,0.0,0.21875,0.78125,0.0,0.0
8,9,0.0,0.0,0.0,0.0,0.0,0.0,0.0,0.0,0.234375,0.765625,0.0,0.0
8,9,0.0,0.0,0.0,0.0,0.0,0.0,0.0,0.0,0.234375,0.765625,0.0,0.0
8,9,0.0,0.0,0.0,0.0,0.0,0.0,0.0,0.0,0.234375,0.765625,0.0,0.0
8,9,0.0,0.0,0.0,0.0,0.0,0.0,0.0,0.0,0.234375,0.765625,0.0,0.0
8,9,0.0,0.0,0.0,0.0,0.0,0.0,0.0,0.0,0.234375,0.765625,0.0,0.0
8,9,0.0,0.0,0.0,0.0,0.0,0.0,0.0,0.0,0.234375,0.765625,0.0,0.0
8,9,0.0,0.0,0.0,0.0,0.0,0.0,0.0,0.0,0.234375,0.765625,0.0,0.0
8,9,0.0,0.0,0.0,0.0,0.0,0.0,0.0,0.0,0.25,0.75,0.0,0.0
8,9,0.0,0.0,0.0,0.0,0.0,0.0,0.0,0.0,0.25,0.75,0.0,0.0
8,9,0.0,0.0,0.0,0.0,0.0,0.0,0.0,0.0,0.25,0.75,0.0,0.0
8,9,0.0,0.0,0.0,0.0,0.0,0.0,0.0,0.0,0.25,0.75,0.0,0.0
8,9,0.0,0.0,0.0,0.0,0.0,0.0,0.0,0.0,0.25,0.75,0.0,0.0
8,9,0.0,0.0,0.0,0.0,0.0,0.0,0.0,0.0,0.25,0.75,0.0,0.0
8,9,0.0,0.0,0.0,0.0,0.0,0.0,0.0,0.0,0.25,0.75,0.0,0.0
8,9,0.0,0.0,0.0,0.0,0.0,0.0,0.0,0.0,0.25,0.75,0.0,0.0
8,9,0.0,0.0,0.0,0.0,0.0,0.0,0.0,0.0,0.25,0.75,0.0,0.0
8,9,0.0,0.0,0.0,0.0,0.0,0.0,0.0,0.0,0.25,0.75,0.0,0.0
8,9,0.0,0.0,0.0,0.0,0.0,0.0,0.0,0.0,0.25,0.75,0.0,0.0
8,9,0.0,0.0,0.0,0.0,0.0,0.0,0.0,0.0,0.25,0.75,0.0,0.0
8,9,0.0,0.0,0.0,0.0,0.0,0.0,0.0,0.0,0.265625,0.734375,0.0,0.0
8,9,0.0,0.0,0.0,0.0,0.0,0.0,0.0,0.0,0.265625,0.734375,0.0,0.0
8,9,0.0,0.0,0.0,0.0,0.0,0.0,0.0,0.0,0.265625,0.734375,0.0,0.0
8,9,0.0,0.0,0.0,0.0,0.0,0.0,0.0,0.0,0.265625,0.734375,0.0,0.0
8,9,0.0,0.0,0.0,0.0,0.0,0.0,0.0,0.0,0.265625,0.734375,0.0,0.0
8,9,0.0,0.0,0.0,0.0,0.0,0.0,0.0,0.0,0.265625,0.734375,0.0,0.0
8,9,0.0,0.0,0.0,0.0,0.0,0.0,0.0,0.0,0.265625,0.734375,0.0,0.0
8,9,0.0,0.0,0.0,0.0,0.0,0.0,0.0,0.0,0.296875,0.703125,0.0,0.0
8,9,0.0,0.0,0.0,0.0,0.0,0.0,0.0,0.0,0.296875,0.703125,0.0,0.0
8,9,0.0,0.0,0.0,0.0,0.0,0.0,0.0,0.0,0.296875,0.703125,0.0,0.0
8,9,0.0,0.0,0.0,0.0,0.0,0.0,0.0,0.0,0.3125,0.6875,0.0,0.0
8,9,0.0,0.0,0.0,0.0,0.0,0.0,0.0,0.0,0.328125,0.671875,0.0,0.0
8,9,0.0,0.0,0.0,0.0,0.0,0.0,0.0,0.0,0.328125,0.671875,0.0,0.0
8,9,0.0,0.0,0.0,0.0,0.0,0.0,0.0,0.0,0.34375,0.65625,0.0,0.0
8,9,0.0,0.0,0.0,0.0,0.0,0.0,0.0,0.0,0.34375,0.65625,0.0,0.0
8,9,0.0,0.0,0.0,0.0,0.0,0.0,0.0,0.0,0.359375,0.640625,0.0,0.0
8,9,0.0,0.0,0.0,0.0,0.0,0.0,0.0,0.0,0.359375,0.640625,0.0,0.0
8,9,0.0,0.0,0.0,0.0,0.0,0.0,0.0,0.0,0.359375,0.640625,0.0,0.0
8,9,0.0,0.0,0.0,0.0,0.0,0.0,0.0,0.0,0.359375,0.640625,0.0,0.0
8,9,0.0,0.0,0.0,0.0,0.0,0.0,0.0,0.0,0.359375,0.640625,0.0,0.0
8,9,0.0,0.0,0.0,0.0,0.0,0.0,0.0,0.0,0.359375,0.640625,0.0,0.0
8,9,0.0,0.0,0.0,0.0,0.0,0.0,0.0,0.0,0.359375,0.640625,0.0,0.0
8,9,0.0,0.0,0.0,0.0,0.0,0.0,0.0,0.0,0.359375,0.640625,0.0,0.0
8,9,0.0,0.0,0.0,0.0,0.0,0.0,0.0,0.0,0.390625,0.609375,0.0,0.0
8,9,0.0,0.0,0.0,0.0,0.0,0.0,0.0,0.0,0.390625,0.609375,0.0,0.0
8,9,0.0,0.0,0.0,0.0,0.0,0.0,0.0,0.0,0.390625,0.609375,0.0,0.0
8,9,0.0,0.0,0.0,0.0,0.0,0.0,0.0,0.0,0.390625,0.609375,0.0,0.0
8,9,0.0,0.0,0.0,0.0,0.0,0.0,0.0,0.0,0.40625,0.59375,0.0,0.0
8,9,0.0,0.0,0.0,0.0,0.0,0.0,0.0,0.0,0.40625,0.59375,0.0,0.0
8,9,0.0,0.0,0.0,0.0,0.0,0.0,0.0,0.0,0.40625,0.59375,0.0,0.0
8,9,0.0,0.0,0.0,0.0,0.0,0.0,0.0,0.0,0.40625,0.59375,0.0,0.0
8,9,0.0,0.0,0.0,0.0,0.0,0.0,0.0,0.0,0.40625,0.59375,0.0,0.0
8,9,0.0,0.0,0.0,0.0,0.0,0.0,0.0,0.0,0.40625,0.59375,0.0,0.0
8,9,0.0,0.0,0.0,0.0,0.0,0.0,0.0,0.0,0.40625,0.59375,0.0,0.0
8,9,0.0,0.0,0.0,0.0,0.0,0.0,0.0,0.0,0.40625,0.59375,0.0,0.0
8,9,0.0,0.0,0.0,0.0,0.0,0.0,0.0,0.0,0.421875,0.578125,0.0,0.0
8,9,0.0,0.0,0.0,0.0,0.0,0.0,0.0,0.0,0.421875,0.578125,0.0,0.0
8,9,0.0,0.0,0.0,0.0,0.0,0.0,0.0,0.0,0.421875,0.578125,0.0,0.0
8,9,0.0,0.0,0.0,0.0,0.0,0.0,0.0,0.0,0.421875,0.578125,0.0,0.0
8,9,0.0,0.0,0.0,0.0,0.0,0.0,0.0,0.0,0.46875,0.53125,0.0,0.0
8,9,0.0,0.0,0.0,0.0,0.0,0.0,0.0,0.0,0.46875,0.53125,0.0,0.0
8,9,0.0,0.0,0.0,0.0,0.0,0.0,0.0,0.0,0.46875,0.53125,0.0,0.0
8,8,0.0,0.0,0.0,0.0,0.0,0.0,0.0,0.0,0.5,0.5,0.0,0.0
8,8,0.0,0.0,0.0,0.0,0.0,0.0,0.0,0.0,0.5,0.5,0.0,0.0
8,8,0.0,0.0,0.0,0.0,0.0,0.0,0.0,0.0,0.5,0.5,0.0,0.0
8,8,0.0,0.0,0.0,0.0,0.0,0.0,0.0,0.0,0.5,0.5,0.0,0.0
8,8,0.0,0.0,0.0,0.0,0.0,0.0,0.0,0.0,0.515625,0.484375,0.0,0.0
8,8,0.0,0.0,0.0,0.0,0.0,0.0,0.0,0.0,0.515625,0.484375,0.0,0.0
8,8,0.0,0.0,0.0,0.0,0.0,0.0,0.0,0.0,0.515625,0.484375,0.0,0.0
8,8,0.0,0.0,0.0,0.0,0.0,0.0,0.0,0.0,0.53125,0.46875,0.0,0.0
8,8,0.0,0.0,0.0,0.0,0.0,0.0,0.0,0.0,0.53125,0.46875,0.0,0.0
8,8,0.0,0.0,0.0,0.0,0.0,0.0,0.0,0.0,0.546875,0.453125,0.0,0.0
8,8,0.0,0.0,0.0,0.0,0.0,0.0,0.0,0.0,0.546875,0.453125,0.0,0.0
8,8,0.0,0.0,0.0,0.0,0.0,0.0,0.0,0.0,0.546875,0.453125,0.0,0.0
8,8,0.0,0.0,0.0,0.0,0.0,0.0,0.0,0.0,0.546875,0.453125,0.0,0.0
8,8,0.0,0.0,0.0,0.0,0.0,0.0,0.0,0.0,0.609375,0.390625,0.0,0.0
8,8,0.0,0.0,0.0,0.0,0.0,0.0,0.0,0.0,0.609375,0.390625,0.0,0.0
8,8,0.0,0.0,0.0,0.0,0.0,0.0,0.0,0.0,0.609375,0.390625,0.0,0.0
8,8,0.0,0.0,0.0,0.0,0.0,0.0,0.0,0.0,0.609375,0.390625,0.0,0.0
8,8,0.0,0.0,0.0,0.0,0.0,0.0,0.0,0.0,0.609375,0.390625,0.0,0.0
8,8,0.0,0.0,0.0,0.0,0.0,0.0,0.0,0.0,0.609375,0.390625,0.0,0.0
8,8,0.0,0.0,0.0,0.0,0.0,0.0,0.0,0.0,0.609375,0.390625,0.0,0.0
8,8,0.0,0.0,0.0,0.0,0.0,0.0,0.0,0.0,0.609375,0.390625,0.0,0.0
8,8,0.0,0.0,0.0,0.0,0.0,0.0,0.0,0.0,0.609375,0.390625,0.0,0.0
8,8,0.0,0.0,0.0,0.0,0.0,0.0,0.0,0.0,0.609375,0.390625,0.0,0.0
8,8,0.0,0.0,0.0,0.0,0.0,0.0,0.0,0.0,0.609375,0.390625,0.0,0.0
8,8,0.0,0.0,0.0,0.0,0.0,0.0,0.0,0.0,0.609375,0.390625,0.0,0.0
9,8,0.0,0.0,0.0,0.0,0.0,0.0,0.0,0.0,0.625,0.375,0.0,0.0
9,8,0.0,0.0,0.0,0.0,0.0,0.0,0.0,0.0,0.625,0.375,0.0,0.0
9,8,0.0,0.0,0.0,0.0,0.0,0.0,0.0,0.0,0.625,0.375,0.0,0.0
9,8,0.0,0.0,0.0,0.0,0.0,0.0,0.0,0.0,0.625,0.375,0.0,0.0
9,8,0.0,0.0,0.0,0.0,0.0,0.0,0.0,0.0,0.640625,0.359375,0.0,0.0
9,8,0.0,0.0,0.0,0.0,0.0,0.0,0.0,0.0,0.640625,0.359375,0.0,0.0
9,8,0.0,0.0,0.0,0.0,0.0,0.0,0.0,0.0,0.640625,0.359375,0.0,0.0
9,8,0.0,0.0,0.0,0.0,0.0,0.0,0.0,0.0,0.640625,0.359375,0.0,0.0
9,8,0.0,0.0,0.0,0.0,0.0,0.0,0.0,0.0,0.640625,0.359375,0.0,0.0
9,8,0.0,0.0,0.0,0.0,0.0,0.0,0.0,0.0,0.640625,0.359375,0.0,0.0
9,8,0.0,0.0,0.0,0.0,0.0,0.0,0.0,0.0,0.640625,0.359375,0.0,0.0
9,8,0.0,0.0,0.0,0.0,0.0,0.0,0.0,0.0,0.640625,0.359375,0.0,0.0
9,8,0.0,0.0,0.0,0.0,0.0,0.0,0.0,0.0,0.640625,0.359375,0.0,0.0
9,8,0.0,0.0,0.0,0.0,0.0,0.0,0.0,0.0,0.640625,0.359375,0.0,0.0
9,8,0.0,0.0,0.0,0.0,0.0,0.0,0.0,0.0,0.640625,0.359375,0.0,0.0
9,8,0.0,0.0,0.0,0.0,0.0,0.0,0.0,0.0,0.640625,0.359375,0.0,0.0
9,8,0.0,0.0,0.0,0.0,0.0,0.0,0.0,0.0,0.65625,0.34375,0.0,0.0
9,8,0.0,0.0,0.0,0.0,0.0,0.0,0.0,0.0,0.65625,0.34375,0.0,0.0
9,8,0.0,0.0,0.0,0.0,0.0,0.0,0.0,0.0,0.65625,0.34375,0.0,0.0
9,8,0.0,0.0,0.0,0.0,0.0,0.0,0.0,0.0,0.65625,0.34375,0.0,0.0
9,8,0.0,0.0,0.0,0.0,0.0,0.0,0.0,0.0,0.75,0.25,0.0,0.0
9,8,0.0,0.0,0.0,0.0,0.0,0.0,0.0,0.0,0.75,0.25,0.0,0.0
9,8,0.0,0.0,0.0,0.0,0.0,0.0,0.0,0.0,0.75,0.25,0.0,0.0
9,8,0.0,0.0,0.0,0.0,0.0,0.0,0.0,0.0,0.75,0.25,0.0,0.0
9,8,0.0,0.0,0.0,0.0,0.0,0.0,0.0,0.0,0.765625,0.234375,0.0,0.0
9,8,0.0,0.0,0.0,0.0,0.0,0.0,0.0,0.0,0.765625,0.234375,0.0,0.0
9,8,0.0,0.0,0.0,0.0,0.0,0.0,0.0,0.0,0.765625,0.234375,0.0,0.0
9,8,0.0,0.0,0.0,0.0,0.0,0.0,0.0,0.0,0.765625,0.234375,0.0,0.0
9,8,0.0,0.0,0.0,0.0,0.0,0.0,0.0,0.0,0.765625,0.234375,0.0,0.0
9,8,0.0,0.0,0.0,0.0,0.0,0.0,0.0,0.0,0.765625,0.234375,0.0,0.0
9,8,0.0,0.0,0.0,0.0,0.0,0.0,0.0,0.0,0.765625,0.234375,0.0,0.0
9,8,0.0,0.0,0.0,0.0,0.0,0.0,0.0,0.0,0.765625,0.234375,0.0,0.0
9,8,0.0,0.0,0.0,0.0,0.0,0.0,0.0,0.0,0.765625,0.234375,0.0,0.0
9,8,0.0,0.0,0.0,0.0,0.0,0.0,0.0,0.0,0.765625,0.234375,0.0,0.0
9,8,0.0,0.0,0.0,0.0,0.0,0.0,0.0,0.0,0.765625,0.234375,0.0,0.0
9,8,0.0,0.0,0.0,0.0,0.0,0.0,0.0,0.0,0.765625,0.234375,0.0,0.0
9,8,0.0,0.0,0.0,0.0,0.0,0.0,0.0,0.0,0.78125,0.21875,0.0,0.0
9,8,0.0,0.0,0.0,0.0,0.0,0.0,0.0,0.0,0.78125,0.21875,0.0,0.0
9,8,0.0,0.0,0.0,0.0,0.0,0.0,0.0,0.0,0.78125,0.21875,0.0,0.0
9,8,0.0,0.0,0.0,0.0,0.0,0.0,0.0,0.0,0.78125,0.21875,0.0,0.0
9,8,0.0,0.0,0.0,0.0,0.0,0.0,0.0,0.0,0.78125,0.21875,0.0,0.0
9,8,0.0,0.0,0.0,0.0,0.0,0.0,0.0,0.0,0.78125,0.21875,0.0,0.0
9,8,0.0,0.0,0.0,0.0,0.0,0.0,0.0,0.0,0.78125,0.21875,0.0,0.0
9,8,0.0,0.0,0.0,0.0,0.0,0.0,0.0,0.0,0.78125,0.21875,0.0,0.0
9,8,0.0,0.0,0.0,0.0,0.0,0.0,0.0,0.0,0.78125,0.21875,0.0,0.0
9,8,0.0,0.0,0.0,0.0,0.0,0.0,0.0,0.0,0.78125,0.21875,0.0,0.0
9,8,0.0,0.0,0.0,0.0,0.0,0.0,0.0,0.0,0.78125,0.21875,0.0,0.0
9,8,0.0,0.0,0.0,0.0,0.0,0.0,0.0,0.0,0.78125,0.21875,0.0,0.0
9,8,0.0,0.0,0.0,0.0,0.0,0.0,0.0,0.0,0.78125,0.21875,0.0,0.0
9,8,0.0,0.0,0.0,0.0,0.0,0.0,0.0,0.0,0.78125,0.21875,0.0,0.0
9,8,0.0,0.0,0.0,0.0,0.0,0.0,0.0,0.0,0.78125,0.21875,0.0,0.0
9,8,0.0,0.0,0.0,0.0,0.0,0.0,0.0,0.0,0.78125,0.21875,0.0,0.0
9,8,0.0,0.0,0.0,0.0,0.0,0.0,0.0,0.0,0.796875,0.203125,0.0,0.0
9,8,0.0,0.0,0.0,0.0,0.0,0.0,0.0,0.0,0.796875,0.203125,0.0,0.0
9,8,0.0,0.0,0.0,0.0,0.0,0.0,0.0,0.0,0.796875,0.203125,0.0,0.0
9,8,0.0,0.0,0.0,0.0,0.0,0.0,0.0,0.0,0.796875,0.203125,0.0,0.0
9,8,0.0,0.0,0.0,0.0,0.0,0.0,0.0,0.0,0.8125,0.1875,0.0,0.0
9,8,0.0,0.0,0.0,0.0,0.0,0.0,0.0,0.0,0.8125,0.1875,0.0,0.0
9,8,0.0,0.0,0.0,0.0,0.0,0.0,0.0,0.0,0.8125,0.1875,0.0,0.0
9,8,0.0,0.0,0.0,0.0,0.0,0.0,0.0,0.0,0.8125,0.1875,0.0,0.0
9,8,0.0,0.0,0.0,0.0,0.0,0.0,0.0,0.0,0.828125,0.171875,0.0,0.0
9,8,0.0,0.0,0.0,0.0,0.0,0.0,0.0,0.0,0.828125,0.171875,0.0,0.0
9,8,0.0,0.0,0.0,0.0,0.0,0.0,0.0,0.0,0.828125,0.171875,0.0,0.0
9,8,0.0,0.0,0.0,0.0,0.0,0.0,0.0,0.0,0.828125,0.171875,0.0,0.0
9,8,0.0,0.0,0.0,0.0,0.0,0.0,0.0,0.0,0.828125,0.171875,0.0,0.0
9,8,0.0,0.0,0.0,0.0,0.0,0.0,0.0,0.0,0.828125,0.171875,0.0,0.0
9,8,0.0,0.0,0.0,0.0,0.0,0.0,0.0,0.0,0.828125,0.171875,0.0,0.0
9,8,0.0,0.0,0.0,0.0,0.0,0.0,0.0,0.0,0.828125,0.171875,0.0,0.0
9,8,0.0,0.0,0.0,0.0,0.0,0.0,0.0,0.0,0.84375,0.15625,0.0,0.0
9,8,0.0,0.0,0.0,0.0,0.0,0.0,0.0,0.0,0.84375,0.15625,0.0,0.0
9,8,0.0,0.0,0.0,0.0,0.0,0.0,0.0,0.0,0.84375,0.15625,0.0,0.0
9,8,0.0,0.0,0.0,0.0,0.0,0.0,0.0,0.0,0.84375,0.15625,0.0,0.0
9,8,0.0,0.0,0.0,0.0,0.0,0.0,0.0,0.0,0.84375,0.15625,0.0,0.0
9,8,0.0,0.0,0.0,0.0,0.0,0.0,0.0,0.0,0.84375,0.15625,0.0,0.0
9,8,0.0,0.0,0.0,0.0,0.0,0.0,0.0,0.0,0.84375,0.15625,0.0,0.0
9,8,0.0,0.0,0.0,0.0,0.0,0.0,0.0,0.0,0.84375,0.15625,0.0,0.0
9,8,0.0,0.0,0.0,0.0,0.0,0.0,0.0,0.0,0.84375,0.15625,0.0,0.0
9,8,0.0,0.0,0.0,0.0,0.0,0.0,0.0,0.0,0.84375,0.15625,0.0,0.0
9,8,0.0,0.0,0.0,0.0,0.0,0.0,0.0,0.0,0.84375,0.15625,0.0,0.0
9,8,0.0,0.0,0.0,0.0,0.0,0.0,0.0,0.0,0.84375,0.15625,0.0,0.0
9,8,0.0,0.0,0.0,0.0,0.0,0.0,0.0,0.0,0.84375,0.15625,0.0,0.0
9,8,0.0,0.0,0.0,0.0,0.0,0.0,0.0,0.0,0.84375,0.15625,0.0,0.0
9,8,0.0,0.0,0.0,0.0,0.0,0.0,0.0,0.0,0.84375,0.15625,0.0,0.0
9,8,0.0,0.0,0.0,0.0,0.0,0.0,0.0,0.0,0.84375,0.15625,0.0,0.0
9,8,0.0,0.0,0.0,0.0,0.0,0.0,0.0,0.0,0.84375,0.15625,0.0,0.0
9,8,0.0,0.0,0.0,0.0,0.0,0.0,0.0,0.0,0.84375,0.15625,0.0,0.0
9,8,0.0,0.0,0.0,0.0,0.0,0.0,0.0,0.0,0.84375,0.15625,0.0,0.0
9,8,0.0,0.0,0.0,0.0,0.0,0.0,0.0,0.0,0.84375,0.15625,0.0,0.0
9,8,0.0,0.0,0.0,0.0,0.0,0.0,0.0,0.0,0.84375,0.15625,0.0,0.0
9,8,0.0,0.0,0.0,0.0,0.0,0.0,0.0,0.0,0.84375,0.15625,0.0,0.0
9,8,0.0,0.0,0.0,0.0,0.0,0.0,0.0,0.0,0.84375,0.15625,0.0,0.0
9,8,0.0,0.0,0.0,0.0,0.0,0.0,0.0,0.0,0.84375,0.15625,0.0,0.0
9,8,0.0,0.0,0.0,0.0,0.0,0.0,0.0,0.0,0.859375,0.140625,0.0,0.0
9,8,0.0,0.0,0.0,0.0,0.0,0.0,0.0,0.0,0.859375,0.140625,0.0,0.0
9,8,0.0,0.0,0.0,0.0,0.0,0.0,0.0,0.0,0.859375,0.140625,0.0,0.0
9,8,0.0,0.0,0.0,0.0,0.0,0.0,0.0,0.0,0.859375,0.140625,0.0,0.0
9,8,0.0,0.0,0.0,0.0,0.0,0.0,0.0,0.0,0.859375,0.140625,0.0,0.0
9,8,0.0,0.0,0.0,0.0,0.0,0.0,0.0,0.0,0.859375,0.140625,0.0,0.0
9,8,0.0,0.0,0.0,0.0,0.0,0.0,0.0,0.0,0.859375,0.140625,0.0,0.0
9,8,0.0,0.0,0.0,0.0,0.0,0.0,0.0,0.0,0.859375,0.140625,0.0,0.0
9,8,0.0,0.0,0.0,0.0,0.0,0.0,0.0,0.0,0.859375,0.140625,0.0,0.0
9,8,0.0,0.0,0.0,0.0,0.0,0.0,0.0,0.0,0.859375,0.140625,0.0,0.0
9,8,0.0,0.0,0.0,0.0,0.0,0.0,0.0,0.0,0.859375,0.140625,0.0,0.0
9,8,0.0,0.0,0.0,0.0,0.0,0.0,0.0,0.0,0.859375,0.140625,0.0,0.0
9,8,0.0,0.0,0.0,0.0,0.0,0.0,0.0,0.0,0.859375,0.140625,0.0,0.0
9,8,0.0,0.0,0.0,0.0,0.0,0.0,0.0,0.0,0.859375,0.140625,0.0,0.0
9,8,0.0,0.0,0.0,0.0,0.0,0.0,0.0,0.0,0.859375,0.140625,0.0,0.0
9,8,0.0,0.0,0.0,0.0,0.0,0.0,0.0,0.0,0.859375,0.140625,0.0,0.0
9,8,0.0,0.0,0.0,0.0,0.0,0.0,0.0,0.0,0.875,0.125,0.0,0.0
9,8,0.0,0.0,0.0,0.0,0.0,0.0,0.0,0.0,0.875,0.125,0.0,0.0
9,8,0.0,0.0,0.0,0.0,0.0,0.0,0.0,0.0,0.875,0.125,0.0,0.0
9,8,0.0,0.0,0.0,0.0,0.0,0.0,0.0,0.0,0.875,0.125,0.0,0.0
9,8,0.0,0.0,0.0,0.0,0.0,0.0,0.0,0.0,0.875,0.125,0.0,0.0
9,8,0.0,0.0,0.0,0.0,0.0,0.0,0.0,0.0,0.875,0.125,0.0,0.0
9,8,0.0,0.0,0.0,0.0,0.0,0.0,0.0,0.0,0.875,0.125,0.0,0.0
9,8,0.0,0.0,0.0,0.0,0.0,0.0,0.0,0.0,0.875,0.125,0.0,0.0
9,8,0.0,0.0,0.0,0.0,0.0,0.0,0.0,0.0,0.890625,0.109375,0.0,0.0
9,8,0.0,0.0,0.0,0.0,0.0,0.0,0.0,0.0,0.890625,0.109375,0.0,0.0
9,8,0.0,0.0,0.0,0.0,0.0,0.0,0.0,0.0,0.890625,0.109375,0.0,0.0
9,8,0.0,0.0,0.0,0.0,0.0,0.0,0.0,0.0,0.890625,0.109375,0.0,0.0
9,8,0.0,0.0,0.0,0.0,0.0,0.0,0.0,0.0,0.890625,0.109375,0.0,0.0
9,8,0.0,0.0,0.0,0.0,0.0,0.0,0.0,0.0,0.890625,0.109375,0.0,0.0
9,8,0.0,0.0,0.0,0.0,0.0,0.0,0.0,0.0,0.890625,0.109375,0.0,0.0
9,8,0.0,0.0,0.0,0.0,0.0,0.0,0.0,0.0,0.890625,0.109375,0.0,0.0
9,8,0.0,0.0,0.0,0.0,0.0,0.0,0.0,0.0,0.890625,0.109375,0.0,0.0
9,8,0.0,0.0,0.0,0.0,0.0,0.0,0.0,0.0,0.890625,0.109375,0.0,0.0
9,8,0.0,0.0,0.0,0.0,0.0,0.0,0.0,0.0,0.890625,0.109375,0.0,0.0
9,8,0.0,0.0,0.0,0.0,0.0,0.0,0.0,0.0,0.890625,0.109375,0.0,0.0
9,8,0.0,0.0,0.0,0.0,0.0,0.0,0.0,0.0,0.890625,0.109375,0.0,0.0
9,8,0.0,0.0,0.0,0.0,0.0,0.0,0.0,0.0,0.890625,0.109375,0.0,0.0
9,8,0.0,0.0,0.0,0.0,0.0,0.0,0.0,0.0,0.890625,0.109375,0.0,0.0
9,8,0.0,0.0,0.0,0.0,0.0,0.0,0.0,0.0,0.890625,0.109375,0.0,0.0
9,8,0.0,0.0,0.0,0.0,0.0,0.0,0.0,0.0,0.890625,0.109375,0.0,0.0
9,8,0.0,0.0,0.0,0.0,0.0,0.0,0.0,0.0,0.890625,0.109375,0.0,0.0
9,8,0.0,0.0,0.0,0.0,0.0,0.0,0.0,0.0,0.890625,0.109375,0.0,0.0
9,8,0.0,0.0,0.0,0.0,0.0,0.0,0.0,0.0,0.890625,0.109375,0.0,0.0
9,8,0.0,0.0,0.0,0.0,0.0,0.0,0.0,0.0,0.890625,0.109375,0.0,0.0
9,8,0.0,0.0,0.0,0.0,0.0,0.0,0.0,0.0,0.890625,0.109375,0.0,0.0
9,8,0.0,0.0,0.0,0.0,0.0,0.0,0.0,0.0,0.890625,0.109375,0.0,0.0
9,8,0.0,0.0,0.0,0.0,0.0,0.0,0.0,0.0,0.890625,0.109375,0.0,0.0
9,8,0.015625,0.0,0.0,0.0,0.0,0.0,0.0,0.0,0.890625,0.09375,0.0,0.0
9,8,0.015625,0.0,0.0,0.0,0.0,0.0,0.0,0.0,0.890625,0.09375,0.0,0.0
9,8,0.015625,0.0,0.0,0.0,0.0,0.0,0.0,0.0,0.890625,0.09375,0.0,0.0
9,8,0.015625,0.0,0.0,0.0,0.0,0.0,0.0,0.0,0.890625,0.09375,0.0,0.0
9,8,0.015625,0.0,0.0,0.0,0.0,0.0,0.0,0.0,0.890625,0.09375,0.0,0.0
9,8,0.015625,0.0,0.0,0.0,0.0,0.0,0.0,0.0,0.890625,0.09375,0.0,0.0
9,8,0.015625,0.0,0.0,0.0,0.0,0.0,0.0,0.0,0.890625,0.09375,0.0,0.0
9,8,0.015625,0.0,0.0,0.0,0.0,0.0,0.0,0.0,0.890625,0.09375,0.0,0.0
9,8,0.015625,0.0,0.0,0.0,0.0,0.0,0.0,0.0,0.890625,0.09375,0.0,0.0
9,8,0.015625,0.0,0.0,0.0,0.0,0.0,0.0,0.0,0.890625,0.09375,0.0,0.0
9,8,0.015625,0.0,0.0,0.0,0.0,0.0,0.0,0.0,0.890625,0.09375,0.0,0.0
9,8,0.015625,0.0,0.0,0.0,0.0,0.0,0.0,0.0,0.890625,0.09375,0.0,0.0
9,8,0.015625,0.0,0.0,0.0,0.0,0.0,0.0,0.0,0.890625,0.09375,0.0,0.0
9,8,0.015625,0.0,0.0,0.0,0.0,0.0,0.0,0.0,0.890625,0.09375,0.0,0.0
9,8,0.015625,0.0,0.0,0.0,0.0,0.0,0.0,0.0,0.890625,0.09375,0.0,0.0
9,8,0.015625,0.0,0.0,0.0,0.0,0.0,0.0,0.0,0.890625,0.09375,0.0,0.0
9,8,0.015625,0.0,0.0,0.0,0.0,0.0,0.0,0.0,0.890625,0.09375,0.0,0.0
9,8,0.015625,0.0,0.0,0.0,0.0,0.0,0.0,0.0,0.890625,0.09375,0.0,0.0
9,8,0.015625,0.0,0.0,0.0,0.0,0.0,0.0,0.0,0.890625,0.09375,0.0,0.0
9,8,0.015625,0.0,0.0,0.0,0.0,0.0,0.0,0.0,0.890625,0.09375,0.0,0.0
9,8,0.015625,0.0,0.0,0.0,0.0,0.0,0.0,0.0,0.890625,0.09375,0.0,0.0
9,8,0.015625,0.0,0.0,0.0,0.0,0.0,0.0,0.0,0.890625,0.09375,0.0,0.0
9,8,0.015625,0.0,0.0,0.0,0.0,0.0,0.0,0.0,0.890625,0.09375,0.0,0.0
9,8,0.015625,0.0,0.0,0.0,0.0,0.0,0.0,0.0,0.890625,0.09375,0.0,0.0
9,8,0.015625,0.0,0.0,0.0,0.0,0.0,0.0,0.0,0.90625,0.078125,0.0,0.0
9,8,0.015625,0.0,0.0,0.0,0.0,0.0,0.0,0.0,0.90625,0.078125,0.0,0.0
9,8,0.015625,0.0,0.0,0.0,0.0,0.0,0.0,0.0,0.90625,0.078125,0.0,0.0
9,8,0.015625,0.0,0.0,0.0,0.0,0.0,0.0,0.0,0.90625,0.078125,0.0,0.0
9,8,0.015625,0.0,0.0,0.0,0.0,0.0,0.0,0.0,0.90625,0.078125,0.0,0.0
9,8,0.015625,0.0,0.0,0.0,0.0,0.0,0.0,0.0,0.90625,0.078125,0.0,0.0
9,8,0.015625,0.0,0.0,0.0,0.0,0.0,0.0,0.0,0.90625,0.078125,0.0,0.0
9,8,0.015625,0.0,0.0,0.0,0.0,0.0,0.0,0.0,0.90625,0.078125,0.0,0.0
9,8,0.015625,0.0,0.0,0.0,0.0,0.0,0.0,0.0,0.90625,0.078125,0.0,0.0
9,8,0.015625,0.0,0.0,0.0,0.0,0.0,0.0,0.0,0.90625,0.078125,0.0,0.0
9,8,0.015625,0.0,0.0,0.0,0.0,0.0,0.0,0.0,0.90625,0.078125,0.0,0.0
9,8,0.015625,0.0,0.0,0.0,0.0,0.0,0.0,0.0,0.90625,0.078125,0.0,0.0
9,8,0.015625,0.0,0.0,0.0,0.0,0.0,0.0,0.0,0.90625,0.078125,0.0,0.0
9,8,0.015625,0.0,0.0,0.0,0.0,0.0,0.0,0.0,0.90625,0.078125,0.0,0.0
9,8,0.015625,0.0,0.0,0.0,0.0,0.0,0.0,0.0,0.90625,0.078125,0.0,0.0
9,8,0.015625,0.0,0.0,0.0,0.0,0.0,0.0,0.0,0.90625,0.078125,0.0,0.0
9,8,0.015625,0.0,0.0,0.0,0.0,0.0,0.0,0.0,0.921875,0.0625,0.0,0.0
9,8,0.015625,0.0,0.0,0.0,0.0,0.0,0.0,0.0,0.921875,0.0625,0.0,0.0
9,8,0.015625,0.0,0.0,0.0,0.0,0.0,0.0,0.0,0.921875,0.0625,0.0,0.0
9,8,0.015625,0.0,0.0,0.0,0.0,0.0,0.0,0.0,0.921875,0.0625,0.0,0.0
9,8,0.015625,0.0,0.0,0.0,0.0,0.0,0.0,0.0,0.921875,0.0625,0.0,0.0
9,8,0.015625,0.0,0.0,0.0,0.0,0.0,0.0,0.0,0.921875,0.0625,0.0,0.0
9,8,0.015625,0.0,0.0,0.0,0.0,0.0,0.0,0.0,0.921875,0.0625,0.0,0.0
9,8,0.015625,0.0,0.0,0.0,0.0,0.0,0.0,0.0,0.921875,0.0625,0.0,0.0
9,8,0.015625,0.0,0.0,0.0,0.0,0.0,0.0,0.0,0.921875,0.0625,0.0,0.0
9,8,0.015625,0.0,0.0,0.0,0.0,0.0,0.0,0.0,0.921875,0.0625,0.0,0.0
9,8,0.015625,0.0,0.0,0.0,0.0,0.0,0.0,0.0,0.921875,0.0625,0.0,0.0
9,8,0.015625,0.0,0.0,0.0,0.0,0.0,0.0,0.0,0.921875,0.0625,0.0,0.0
9,8,0.015625,0.0,0.0,0.0,0.0,0.0,0.0,0.0,0.921875,0.0625,0.0,0.0
9,8,0.015625,0.0,0.0,0.0,0.0,0.0,0.0,0.0,0.921875,0.0625,0.0,0.0
9,8,0.015625,0.0,0.0,0.0,0.0,0.0,0.0,0.0,0.921875,0.0625,0.0,0.0
9,8,0.015625,0.0,0.0,0.0,0.0,0.0,0.0,0.0,0.921875,0.0625,0.0,0.0
9,8,0.015625,0.0,0.0,0.0,0.0,0.0,0.0,0.0,0.921875,0.0625,0.0,0.0
9,8,0.015625,0.0,0.0,0.0,0.0,0.0,0.0,0.0,0.921875,0.0625,0.0,0.0
9,8,0.015625,0.0,0.0,0.0,0.0,0.0,0.0,0.0,0.921875,0.0625,0.0,0.0
9,8,0.015625,0.0,0.0,0.0,0.0,0.0,0.0,0.0,0.921875,0.0625,0.0,0.0
9,8,0.015625,0.0,0.0,0.0,0.0,0.0,0.0,0.0,0.921875,0.0625,0.0,0.0
9,8,0.015625,0.0,0.0,0.0,0.0,0.0,0.0,0.0,0.921875,0.0625,0.0,0.0
9,8,0.015625,0.0,0.0,0.0,0.0,0.0,0.0,0.0,0.921875,0.0625,0.0,0.0
9,8,0.015625,0.0,0.0,0.0,0.0,0.0,0.0,0.0,0.921875,0.0625,0.0,0.0
9,8,0.015625,0.0,0.0,0.0,0.0,0.0,0.0,0.0,0.921875,0.0625,0.0,0.0
9,8,0.015625,0.0,0.0,0.0,0.0,0.0,0.0,0.0,0.921875,0.0625,0.0,0.0
9,8,0.015625,0.0,0.0,0.0,0.0,0.0,0.0,0.0,0.921875,0.0625,0.0,0.0
9,8,0.015625,0.0,0.0,0.0,0.0,0.0,0.0,0.0,0.921875,0.0625,0.0,0.0
9,8,0.015625,0.0,0.0,0.0,0.0,0.0,0.0,0.0,0.921875,0.0625,0.0,0.0
9,8,0.015625,0.0,0.0,0.0,0.0,0.0,0.0,0.0,0.921875,0.0625,0.0,0.0
9,8,0.015625,0.0,0.0,0.0,0.0,0.0,0.0,0.0,0.921875,0.0625,0.0,0.0
9,8,0.015625,0.0,0.0,0.0,0.0,0.0,0.0,0.0,0.921875,0.0625,0.0,0.0
9,8,0.015625,0.0,0.0,0.0,0.0,0.0,0.0,0.0,0.921875,0.0625,0.0,0.0
9,8,0.015625,0.0,0.0,0.0,0.0,0.0,0.0,0.0,0.921875,0.0625,0.0,0.0
9,8,0.015625,0.0,0.0,0.0,0.0,0.0,0.0,0.0,0.921875,0.0625,0.0,0.0
9,8,0.015625,0.0,0.0,0.0,0.0,0.0,0.0,0.0,0.921875,0.0625,0.0,0.0
9,8,0.015625,0.0,0.0,0.0,0.0,0.0,0.0,0.0,0.921875,0.0625,0.0,0.0
9,8,0.015625,0.0,0.0,0.0,0.0,0.0,0.0,0.0,0.921875,0.0625,0.0,0.0
9,8,0.015625,0.0,0.0,0.0,0.0,0.0,0.0,0.0,0.921875,0.0625,0.0,0.0
9,8,0.015625,0.0,0.0,0.0,0.0,0.0,0.0,0.0,0.921875,0.0625,0.0,0.0
9,8,0.015625,0.0,0.0,0.0,0.0,0.0,0.0,0.0,0.921875,0.0625,0.0,0.0
9,8,0.015625,0.0,0.0,0.0,0.0,0.0,0.0,0.0,0.921875,0.0625,0.0,0.0
9,8,0.015625,0.0,0.0,0.0,0.0,0.0,0.0,0.0,0.921875,0.0625,0.0,0.0
9,8,0.015625,0.0,0.0,0.0,0.0,0.0,0.0,0.0,0.921875,0.0625,0.0,0.0
9,8,0.015625,0.0,0.0,0.0,0.0,0.0,0.0,0.0,0.921875,0.0625,0.0,0.0
9,8,0.015625,0.0,0.0,0.0,0.0,0.0,0.0,0.0,0.921875,0.0625,0.0,0.0
9,8,0.015625,0.0,0.0,0.0,0.0,0.0,0.0,0.0,0.921875,0.0625,0.0,0.0
9,8,0.015625,0.0,0.0,0.0,0.0,0.0,0.0,0.0,0.921875,0.0625,0.0,0.0
9,8,0.015625,0.0,0.0,0.0,0.0,0.0,0.0,0.0,0.921875,0.0625,0.0,0.0
9,8,0.015625,0.0,0.0,0.0,0.0,0.0,0.0,0.0,0.921875,0.0625,0.0,0.0
9,8,0.015625,0.0,0.0,0.0,0.0,0.0,0.0,0.0,0.921875,0.0625,0.0,0.0
9,8,0.015625,0.0,0.0,0.0,0.0,0.0,0.0,0.0,0.921875,0.0625,0.0,0.0
9,8,0.015625,0.0,0.0,0.0,0.0,0.0,0.0,0.0,0.921875,0.0625,0.0,0.0
9,8,0.015625,0.0,0.0,0.0,0.0,0.0,0.0,0.0,0.921875,0.0625,0.0,0.0
9,8,0.015625,0.0,0.0,0.0,0.0,0.0,0.0,0.0,0.921875,0.0625,0.0,0.0
9,8,0.015625,0.0,0.0,0.0,0.0,0.0,0.0,0.0,0.921875,0.0625,0.0,0.0
9,8,0.015625,0.0,0.0,0.0,0.0,0.0,0.0,0.0,0.921875,0.0625,0.0,0.0
9,8,0.015625,0.0,0.0,0.0,0.0,0.0,0.0,0.0,0.921875,0.0625,0.0,0.0
9,8,0.015625,0.0,0.0,0.0,0.0,0.0,0.0,0.0,0.921875,0.0625,0.0,0.0
9,8,0.015625,0.0,0.0,0.0,0.0,0.0,0.0,0.0,0.921875,0.0625,0.0,0.0
9,8,0.015625,0.0,0.0,0.0,0.0,0.0,0.0,0.0,0.921875,0.0625,0.0,0.0
9,8,0.015625,0.0,0.0,0.0,0.0,0.0,0.0,0.0,0.921875,0.0625,0.0,0.0
9,8,0.015625,0.0,0.0,0.0,0.0,0.0,0.0,0.0,0.921875,0.0625,0.0,0.0
9,8,0.015625,0.0,0.0,0.0,0.0,0.0,0.0,0.0,0.921875,0.0625,0.0,0.0
9,8,0.015625,0.0,0.0,0.0,0.0,0.0,0.0,0.0,0.921875,0.0625,0.0,0.0
9,8,0.015625,0.0,0.0,0.0,0.0,0.0,0.0,0.0,0.921875,0.0625,0.0,0.0
9,8,0.015625,0.0,0.0,0.0,0.0,0.0,0.0,0.0,0.921875,0.0625,0.0,0.0
9,8,0.015625,0.0,0.0,0.0,0.0,0.0,0.0,0.0,0.921875,0.0625,0.0,0.0
9,8,0.015625,0.0,0.0,0.0,0.0,0.0,0.0,0.0,0.921875,0.0625,0.0,0.0
9,8,0.015625,0.0,0.0,0.0,0.0,0.0,0.0,0.0,0.921875,0.0625,0.0,0.0
9,8,0.015625,0.0,0.0,0.0,0.0,0.0,0.0,0.0,0.921875,0.0625,0.0,0.0
9,8,0.015625,0.0,0.0,0.0,0.0,0.0,0.0,0.0,0.921875,0.0625,0.0,0.0
9,8,0.015625,0.0,0.0,0.0,0.0,0.0,0.0,0.0,0.921875,0.0625,0.0,0.0
9,8,0.015625,0.0,0.0,0.0,0.0,0.0,0.0,0.0,0.921875,0.0625,0.0,0.0
9,8,0.015625,0.0,0.0,0.0,0.0,0.0,0.0,0.0,0.921875,0.0625,0.0,0.0
9,8,0.015625,0.0,0.0,0.0,0.0,0.0,0.0,0.0,0.921875,0.0625,0.0,0.0
9,8,0.015625,0.0,0.0,0.0,0.0,0.0,0.0,0.0,0.921875,0.0625,0.0,0.0
9,8,0.015625,0.0,0.0,0.0,0.0,0.0,0.0,0.0,0.921875,0.0625,0.0,0.0
9,8,0.015625,0.0,0.0,0.0,0.0,0.0,0.0,0.0,0.921875,0.0625,0.0,0.0
9,8,0.015625,0.0,0.0,0.0,0.0,0.0,0.0,0.0,0.921875,0.0625,0.0,0.0
9,8,0.015625,0.0,0.0,0.0,0.0,0.0,0.0,0.0,0.921875,0.0625,0.0,0.0
9,8,0.015625,0.0,0.0,0.0,0.0,0.0,0.0,0.0,0.921875,0.0625,0.0,0.0
9,8,0.015625,0.0,0.0,0.0,0.0,0.0,0.0,0.0,0.921875,0.0625,0.0,0.0
9,8,0.015625,0.0,0.0,0.0,0.0,0.0,0.0,0.0,0.921875,0.0625,0.0,0.0
9,8,0.015625,0.0,0.0,0.0,0.0,0.0,0.0,0.0,0.921875,0.0625,0.0,0.0
9,8,0.015625,0.0,0.0,0.0,0.0,0.0,0.0,0.0,0.921875,0.0625,0.0,0.0
9,8,0.015625,0.0,0.0,0.0,0.0,0.0,0.0,0.0,0.921875,0.0625,0.0,0.0
9,8,0.015625,0.0,0.0,0.0,0.0,0.0,0.0,0.0,0.921875,0.0625,0.0,0.0
9,8,0.015625,0.0,0.0,0.0,0.0,0.0,0.0,0.0,0.921875,0.0625,0.0,0.0
9,8,0.015625,0.0,0.0,0.0,0.0,0.0,0.0,0.0,0.921875,0.0625,0.0,0.0
9,8,0.015625,0.0,0.0,0.0,0.0,0.0,0.0,0.0,0.921875,0.0625,0.0,0.0
9,8,0.015625,0.0,0.0,0.0,0.0,0.0,0.0,0.0,0.921875,0.0625,0.0,0.0
9,8,0.015625,0.0,0.0,0.0,0.0,0.0,0.0,0.0,0.921875,0.0625,0.0,0.0
9,8,0.015625,0.0,0.0,0.0,0.0,0.0,0.0,0.0,0.921875,0.0625,0.0,0.0
9,8,0.015625,0.0,0.0,0.0,0.0,0.0,0.0,0.0,0.921875,0.0625,0.0,0.0
9,8,0.015625,0.0,0.0,0.0,0.0,0.0,0.0,0.0,0.921875,0.0625,0.0,0.0
9,8,0.015625,0.0,0.0,0.0,0.0,0.0,0.0,0.0,0.921875,0.0625,0.0,0.0
9,8,0.015625,0.0,0.0,0.0,0.0,0.0,0.0,0.0,0.921875,0.0625,0.0,0.0
9,8,0.015625,0.0,0.0,0.0,0.0,0.0,0.0,0.0,0.921875,0.0625,0.0,0.0
9,8,0.015625,0.0,0.0,0.0,0.0,0.0,0.0,0.0,0.921875,0.0625,0.0,0.0
9,8,0.015625,0.0,0.0,0.0,0.0,0.0,0.0,0.0,0.921875,0.0625,0.0,0.0
9,8,0.015625,0.0,0.0,0.0,0.0,0.0,0.0,0.0,0.921875,0.0625,0.0,0.0
9,8,0.015625,0.0,0.0,0.0,0.0,0.0,0.0,0.0,0.921875,0.0625,0.0,0.0
9,8,0.015625,0.0,0.0,0.0,0.0,0.0,0.0,0.0,0.921875,0.0625,0.0,0.0
9,8,0.015625,0.0,0.0,0.0,0.0,0.0,0.0,0.0,0.921875,0.0625,0.0,0.0
9,8,0.015625,0.0,0.0,0.0,0.0,0.0,0.0,0.0,0.921875,0.0625,0.0,0.0
9,8,0.015625,0.0,0.0,0.0,0.0,0.0,0.0,0.0,0.921875,0.0625,0.0,0.0
9,8,0.015625,0.0,0.0,0.0,0.0,0.0,0.0,0.0,0.921875,0.0625,0.0,0.0
9,8,0.015625,0.0,0.0,0.0,0.0,0.0,0.0,0.0,0.921875,0.0625,0.0,0.0
9,8,0.015625,0.0,0.0,0.0,0.0,0.0,0.0,0.0,0.921875,0.0625,0.0,0.0
9,8,0.015625,0.0,0.0,0.0,0.0,0.0,0.0,0.0,0.921875,0.0625,0.0,0.0
9,8,0.015625,0.0,0.0,0.0,0.0,0.0,0.0,0.0,0.921875,0.0625,0.0,0.0
9,8,0.015625,0.0,0.0,0.0,0.0,0.0,0.0,0.0,0.921875,0.0625,0.0,0.0
9,8,0.015625,0.0,0.0,0.0,0.0,0.0,0.0,0.0,0.921875,0.0625,0.0,0.0
9,8,0.015625,0.0,0.0,0.0,0.0,0.0,0.0,0.0,0.921875,0.0625,0.0,0.0
9,8,0.015625,0.0,0.0,0.0,0.0,0.0,0.0,0.0,0.921875,0.0625,0.0,0.0
9,8,0.015625,0.0,0.0,0.0,0.0,0.0,0.0,0.0,0.921875,0.0625,0.0,0.0
9,8,0.015625,0.0,0.0,0.0,0.0,0.0,0.0,0.0,0.921875,0.0625,0.0,0.0
9,8,0.015625,0.0,0.0,0.0,0.0,0.0,0.0,0.0,0.921875,0.0625,0.0,0.0
9,8,0.015625,0.0,0.0,0.0,0.0,0.0,0.0,0.0,0.921875,0.0625,0.0,0.0
9,8,0.015625,0.0,0.0,0.0,0.0,0.0,0.0,0.0,0.921875,0.0625,0.0,0.0
9,8,0.015625,0.0,0.0,0.0,0.0,0.0,0.0,0.0,0.921875,0.0625,0.0,0.0
9,8,0.015625,0.0,0.0,0.0,0.0,0.0,0.0,0.0,0.921875,0.0625,0.0,0.0
9,8,0.015625,0.0,0.0,0.0,0.0,0.0,0.0,0.0,0.921875,0.0625,0.0,0.0
9,8,0.015625,0.0,0.0,0.0,0.0,0.0,0.0,0.0,0.921875,0.0625,0.0,0.0
9,8,0.015625,0.0,0.0,0.0,0.0,0.0,0.0,0.0,0.921875,0.0625,0.0,0.0
9,8,0.015625,0.0,0.0,0.0,0.0,0.0,0.0,0.0,0.921875,0.0625,0.0,0.0
9,8,0.015625,0.0,0.0,0.0,0.0,0.0,0.0,0.0,0.921875,0.0625,0.0,0.0
9,8,0.015625,0.0,0.0,0.0,0.0,0.0,0.0,0.0,0.921875,0.0625,0.0,0.0
9,8,0.015625,0.0,0.0,0.0,0.0,0.0,0.0,0.0,0.921875,0.0625,0.0,0.0
9,8,0.015625,0.0,0.0,0.0,0.0,0.0,0.0,0.0,0.921875,0.0625,0.0,0.0
9,8,0.015625,0.0,0.0,0.0,0.0,0.0,0.0,0.0,0.921875,0.0625,0.0,0.0
9,8,0.015625,0.0,0.0,0.0,0.0,0.0,0.0,0.0,0.921875,0.0625,0.0,0.0
9,8,0.015625,0.0,0.0,0.0,0.0,0.0,0.0,0.0,0.921875,0.0625,0.0,0.0
9,8,0.015625,0.0,0.0,0.0,0.0,0.0,0.0,0.0,0.921875,0.0625,0.0,0.0
9,8,0.015625,0.0,0.0,0.0,0.0,0.0,0.0,0.0,0.921875,0.0625,0.0,0.0
9,8,0.015625,0.0,0.0,0.0,0.0,0.0,0.0,0.0,0.921875,0.0625,0.0,0.0
9,8,0.015625,0.0,0.0,0.0,0.0,0.0,0.0,0.0,0.921875,0.0625,0.0,0.0
9,8,0.015625,0.0,0.0,0.0,0.0,0.0,0.0,0.0,0.921875,0.0625,0.0,0.0
9,8,0.015625,0.0,0.0,0.0,0.0,0.0,0.0,0.0,0.921875,0.0625,0.0,0.0
9,8,0.015625,0.0,0.0,0.0,0.0,0.0,0.0,0.0,0.921875,0.0625,0.0,0.0
9,8,0.015625,0.0,0.0,0.0,0.0,0.0,0.0,0.0,0.921875,0.0625,0.0,0.0
9,8,0.015625,0.0,0.0,0.0,0.0,0.0,0.0,0.0,0.921875,0.0625,0.0,0.0
9,8,0.015625,0.0,0.0,0.0,0.0,0.0,0.0,0.0,0.921875,0.0625,0.0,0.0
9,8,0.015625,0.0,0.0,0.0,0.0,0.0,0.0,0.0,0.921875,0.0625,0.0,0.0
9,8,0.015625,0.0,0.0,0.0,0.0,0.0,0.0,0.0,0.921875,0.0625,0.0,0.0
9,8,0.015625,0.0,0.0,0.0,0.0,0.0,0.0,0.0,0.921875,0.0625,0.0,0.0
9,8,0.015625,0.0,0.0,0.0,0.0,0.0,0.0,0.0,0.921875,0.0625,0.0,0.0
9,8,0.015625,0.0,0.0,0.0,0.0,0.0,0.0,0.0,0.921875,0.0625,0.0,0.0
9,8,0.015625,0.0,0.0,0.0,0.0,0.0,0.0,0.0,0.921875,0.0625,0.0,0.0
9,8,0.015625,0.0,0.0,0.0,0.0,0.0,0.0,0.0,0.921875,0.0625,0.0,0.0
9,8,0.015625,0.0,0.0,0.0,0.0,0.0,0.0,0.0,0.921875,0.0625,0.0,0.0
9,8,0.015625,0.0,0.0,0.0,0.0,0.0,0.0,0.0,0.921875,0.0625,0.0,0.0
9,8,0.015625,0.0,0.0,0.0,0.0,0.0,0.0,0.0,0.921875,0.0625,0.0,0.0
9,8,0.015625,0.0,0.0,0.0,0.0,0.0,0.0,0.0,0.921875,0.0625,0.0,0.0
9,8,0.015625,0.0,0.0,0.0,0.0,0.0,0.0,0.0,0.921875,0.0625,0.0,0.0
9,8,0.015625,0.0,0.0,0.0,0.0,0.0,0.0,0.0,0.921875,0.0625,0.0,0.0
9,8,0.015625,0.0,0.0,0.0,0.0,0.0,0.0,0.0,0.921875,0.0625,0.0,0.0
9,8,0.015625,0.0,0.0,0.0,0.0,0.0,0.0,0.0,0.921875,0.0625,0.0,0.0
9,8,0.015625,0.0,0.0,0.0,0.0,0.0,0.0,0.0,0.921875,0.0625,0.0,0.0
9,8,0.015625,0.0,0.0,0.0,0.0,0.0,0.0,0.0,0.921875,0.0625,0.0,0.0
9,8,0.015625,0.0,0.0,0.0,0.0,0.0,0.0,0.0,0.921875,0.0625,0.0,0.0
9,8,0.015625,0.0,0.0,0.0,0.0,0.0,0.0,0.0,0.921875,0.0625,0.0,0.0
9,8,0.015625,0.0,0.0,0.0,0.0,0.0,0.0,0.0,0.921875,0.0625,0.0,0.0
9,8,0.015625,0.0,0.0,0.0,0.0,0.0,0.0,0.0,0.921875,0.0625,0.0,0.0
9,8,0.015625,0.0,0.0,0.0,0.0,0.0,0.0,0.0,0.921875,0.0625,0.0,0.0
9,8,0.015625,0.0,0.0,0.0,0.0,0.0,0.0,0.0,0.921875,0.0625,0.0,0.0
9,8,0.015625,0.0,0.0,0.0,0.0,0.0,0.0,0.0,0.921875,0.0625,0.0,0.0
9,8,0.015625,0.0,0.0,0.0,0.0,0.0,0.0,0.0,0.921875,0.0625,0.0,0.0
9,8,0.015625,0.0,0.0,0.0,0.0,0.0,0.0,0.0,0.921875,0.0625,0.0,0.0
9,8,0.015625,0.0,0.0,0.0,0.0,0.0,0.0,0.0,0.921875,0.0625,0.0,0.0
9,8,0.015625,0.0,0.0,0.0,0.0,0.0,0.0,0.0,0.921875,0.0625,0.0,0.0
9,8,0.015625,0.0,0.0,0.0,0.0,0.0,0.0,0.0,0.921875,0.0625,0.0,0.0
9,8,0.015625,0.0,0.0,0.0,0.0,0.0,0.0,0.0,0.921875,0.0625,0.0,0.0
9,8,0.015625,0.0,0.0,0.0,0.0,0.0,0.0,0.0,0.921875,0.0625,0.0,0.0
9,8,0.015625,0.0,0.0,0.0,0.0,0.0,0.0,0.0,0.921875,0.0625,0.0,0.0
9,8,0.015625,0.0,0.0,0.0,0.0,0.0,0.0,0.0,0.921875,0.0625,0.0,0.0
9,8,0.015625,0.0,0.0,0.0,0.0,0.0,0.0,0.0,0.921875,0.0625,0.0,0.0
9,8,0.015625,0.0,0.0,0.0,0.0,0.0,0.0,0.0,0.921875,0.0625,0.0,0.0
9,8,0.015625,0.0,0.0,0.0,0.0,0.0,0.0,0.0,0.921875,0.0625,0.0,0.0
9,8,0.015625,0.0,0.0,0.0,0.0,0.0,0.0,0.0,0.921875,0.0625,0.0,0.0
9,8,0.015625,0.0,0.0,0.0,0.0,0.0,0.0,0.0,0.921875,0.0625,0.0,0.0
9,8,0.015625,0.0,0.0,0.0,0.0,0.0,0.0,0.0,0.921875,0.0625,0.0,0.0
9,8,0.015625,0.0,0.0,0.0,0.0,0.0,0.0,0.0,0.921875,0.0625,0.0,0.0
9,8,0.015625,0.0,0.0,0.0,0.0,0.0,0.0,0.0,0.921875,0.0625,0.0,0.0
9,8,0.015625,0.0,0.0,0.0,0.0,0.0,0.0,0.0,0.921875,0.0625,0.0,0.0
9,8,0.015625,0.0,0.0,0.0,0.0,0.0,0.0,0.0,0.921875,0.0625,0.0,0.0
9,8,0.015625,0.0,0.0,0.0,0.0,0.0,0.0,0.0,0.921875,0.0625,0.0,0.0
9,8,0.015625,0.0,0.0,0.0,0.0,0.0,0.0,0.0,0.921875,0.0625,0.0,0.0
9,8,0.015625,0.0,0.0,0.0,0.0,0.0,0.0,0.0,0.921875,0.0625,0.0,0.0
9,8,0.015625,0.0,0.0,0.0,0.0,0.0,0.0,0.0,0.921875,0.0625,0.0,0.0
9,8,0.015625,0.0,0.0,0.0,0.0,0.0,0.0,0.0,0.921875,0.0625,0.0,0.0
9,8,0.015625,0.0,0.0,0.0,0.0,0.0,0.0,0.0,0.921875,0.0625,0.0,0.0
9,8,0.015625,0.0,0.0,0.0,0.0,0.0,0.0,0.0,0.921875,0.0625,0.0,0.0
9,8,0.015625,0.0,0.0,0.0,0.0,0.0,0.0,0.0,0.921875,0.0625,0.0,0.0
9,8,0.015625,0.0,0.0,0.0,0.0,0.0,0.0,0.0,0.921875,0.0625,0.0,0.0
9,8,0.015625,0.0,0.0,0.0,0.0,0.0,0.0,0.0,0.921875,0.0625,0.0,0.0
9,8,0.015625,0.0,0.0,0.0,0.0,0.0,0.0,0.0,0.921875,0.0625,0.0,0.0
9,8,0.015625,0.0,0.0,0.0,0.0,0.0,0.0,0.0,0.921875,0.0625,0.0,0.0
9,8,0.015625,0.0,0.0,0.0,0.0,0.0,0.0,0.0,0.921875,0.0625,0.0,0.0
9,8,0.015625,0.0,0.0,0.0,0.0,0.0,0.0,0.0,0.921875,0.0625,0.0,0.0
9,8,0.015625,0.0,0.0,0.0,0.0,0.0,0.0,0.0,0.921875,0.0625,0.0,0.0
9,8,0.015625,0.0,0.0,0.0,0.0,0.0,0.0,0.0,0.921875,0.0625,0.0,0.0
9,8,0.015625,0.0,0.0,0.0,0.0,0.0,0.0,0.0,0.921875,0.0625,0.0,0.0
9,8,0.015625,0.0,0.0,0.0,0.0,0.0,0.0,0.0,0.921875,0.0625,0.0,0.0
9,8,0.015625,0.0,0.0,0.0,0.0,0.0,0.0,0.0,0.921875,0.0625,0.0,0.0
9,8,0.015625,0.0,0.0,0.0,0.0,0.0,0.0,0.0,0.921875,0.0625,0.0,0.0
9,8,0.015625,0.0,0.0,0.0,0.0,0.0,0.0,0.0,0.921875,0.0625,0.0,0.0
9,8,0.015625,0.0,0.0,0.0,0.0,0.0,0.0,0.0,0.921875,0.0625,0.0,0.0
9,8,0.015625,0.0,0.0,0.0,0.0,0.0,0.0,0.0,0.921875,0.0625,0.0,0.0
9,8,0.015625,0.0,0.0,0.0,0.0,0.0,0.0,0.0,0.921875,0.0625,0.0,0.0
9,8,0.015625,0.0,0.0,0.0,0.0,0.0,0.0,0.0,0.921875,0.0625,0.0,0.0
9,8,0.015625,0.0,0.0,0.0,0.0,0.0,0.0,0.0,0.921875,0.0625,0.0,0.0
9,8,0.015625,0.0,0.0,0.0,0.0,0.0,0.0,0.0,0.921875,0.0625,0.0,0.0
9,8,0.015625,0.0,0.0,0.0,0.0,0.0,0.0,0.0,0.921875,0.0625,0.0,0.0
9,8,0.015625,0.0,0.0,0.0,0.0,0.0,0.0,0.0,0.921875,0.0625,0.0,0.0
9,8,0.015625,0.0,0.0,0.0,0.0,0.0,0.0,0.0,0.921875,0.0625,0.0,0.0
9,8,0.015625,0.0,0.0,0.0,0.0,0.0,0.0,0.0,0.921875,0.0625,0.0,0.0
9,8,0.015625,0.0,0.0,0.0,0.0,0.0,0.0,0.0,0.921875,0.0625,0.0,0.0
9,8,0.015625,0.0,0.0,0.0,0.0,0.0,0.0,0.0,0.921875,0.0625,0.0,0.0
9,8,0.015625,0.0,0.0,0.0,0.0,0.0,0.0,0.0,0.921875,0.0625,0.0,0.0
9,8,0.015625,0.0,0.0,0.0,0.0,0.0,0.0,0.0,0.921875,0.0625,0.0,0.0
9,8,0.015625,0.0,0.0,0.0,0.0,0.0,0.0,0.0,0.921875,0.0625,0.0,0.0
9,8,0.015625,0.0,0.0,0.0,0.0,0.0,0.0,0.0,0.921875,0.0625,0.0,0.0
9,8,0.015625,0.0,0.0,0.0,0.0,0.0,0.0,0.0,0.921875,0.0625,0.0,0.0
9,8,0.015625,0.0,0.0,0.0,0.0,0.0,0.0,0.0,0.921875,0.0625,0.0,0.0
9,8,0.015625,0.0,0.0,0.0,0.0,0.0,0.0,0.0,0.921875,0.0625,0.0,0.0
9,8,0.015625,0.0,0.0,0.0,0.0,0.0,0.0,0.0,0.921875,0.0625,0.0,0.0
9,8,0.015625,0.0,0.0,0.0,0.0,0.0,0.0,0.0,0.921875,0.0625,0.0,0.0
9,8,0.015625,0.0,0.0,0.0,0.0,0.0,0.0,0.0,0.921875,0.0625,0.0,0.0
9,8,0.015625,0.0,0.0,0.0,0.0,0.0,0.0,0.0,0.921875,0.0625,0.0,0.0
9,8,0.015625,0.0,0.0,0.0,0.0,0.0,0.0,0.0,0.921875,0.0625,0.0,0.0
9,8,0.015625,0.0,0.0,0.0,0.0,0.0,0.0,0.0,0.921875,0.0625,0.0,0.0
9,8,0.015625,0.0,0.0,0.0,0.0,0.0,0.0,0.0,0.921875,0.0625,0.0,0.0
9,8,0.015625,0.0,0.0,0.0,0.0,0.0,0.0,0.0,0.921875,0.0625,0.0,0.0
9,8,0.015625,0.0,0.0,0.0,0.0,0.0,0.0,0.0,0.921875,0.0625,0.0,0.0
9,8,0.015625,0.0,0.0,0.0,0.0,0.0,0.0,0.0,0.921875,0.0625,0.0,0.0
9,8,0.015625,0.0,0.0,0.0,0.0,0.0,0.0,0.0,0.921875,0.0625,0.0,0.0
9,8,0.015625,0.0,0.0,0.0,0.0,0.0,0.0,0.0,0.921875,0.0625,0.0,0.0
9,8,0.015625,0.0,0.0,0.0,0.0,0.0,0.0,0.0,0.921875,0.0625,0.0,0.0
9,8,0.015625,0.0,0.0,0.0,0.0,0.0,0.0,0.0,0.921875,0.0625,0.0,0.0
9,8,0.015625,0.0,0.0,0.0,0.0,0.0,0.0,0.0,0.921875,0.0625,0.0,0.0
9,8,0.015625,0.0,0.0,0.0,0.0,0.0,0.0,0.0,0.921875,0.0625,0.0,0.0
9,8,0.015625,0.0,0.0,0.0,0.0,0.0,0.0,0.0,0.921875,0.0625,0.0,0.0
9,8,0.015625,0.0,0.0,0.0,0.0,0.0,0.0,0.0,0.921875,0.0625,0.0,0.0
9,8,0.015625,0.0,0.0,0.0,0.0,0.0,0.0,0.0,0.921875,0.0625,0.0,0.0
9,8,0.015625,0.0,0.0,0.0,0.0,0.0,0.0,0.0,0.921875,0.0625,0.0,0.0
9,8,0.015625,0.0,0.0,0.0,0.0,0.0,0.0,0.0,0.921875,0.0625,0.0,0.0
9,8,0.015625,0.0,0.0,0.0,0.0,0.0,0.0,0.0,0.921875,0.0625,0.0,0.0
9,8,0.015625,0.0,0.0,0.0,0.0,0.0,0.0,0.0,0.921875,0.0625,0.0,0.0
9,8,0.015625,0.0,0.0,0.0,0.0,0.0,0.0,0.0,0.921875,0.0625,0.0,0.0
9,8,0.015625,0.0,0.0,0.0,0.0,0.0,0.0,0.0,0.921875,0.0625,0.0,0.0
9,8,0.015625,0.0,0.0,0.0,0.0,0.0,0.0,0.0,0.921875,0.0625,0.0,0.0
9,8,0.015625,0.0,0.0,0.0,0.0,0.0,0.0,0.0,0.921875,0.0625,0.0,0.0
9,8,0.015625,0.0,0.0,0.0,0.0,0.0,0.0,0.0,0.921875,0.0625,0.0,0.0
9,8,0.015625,0.0,0.0,0.0,0.0,0.0,0.0,0.0,0.921875,0.0625,0.0,0.0
9,8,0.015625,0.0,0.0,0.0,0.0,0.0,0.0,0.0,0.921875,0.0625,0.0,0.0
9,8,0.015625,0.0,0.0,0.0,0.0,0.0,0.0,0.0,0.921875,0.0625,0.0,0.0
9,8,0.015625,0.0,0.0,0.0,0.0,0.0,0.0,0.0,0.921875,0.0625,0.0,0.0
9,8,0.015625,0.0,0.0,0.0,0.0,0.0,0.0,0.0,0.921875,0.0625,0.0,0.0
9,8,0.015625,0.0,0.0,0.0,0.0,0.0,0.0,0.0,0.921875,0.0625,0.0,0.0
9,8,0.015625,0.0,0.0,0.0,0.0,0.0,0.0,0.0,0.921875,0.0625,0.0,0.0
9,8,0.015625,0.0,0.0,0.0,0.0,0.0,0.0,0.0,0.921875,0.0625,0.0,0.0
9,8,0.015625,0.0,0.0,0.0,0.0,0.0,0.0,0.0,0.921875,0.0625,0.0,0.0
9,8,0.015625,0.0,0.0,0.0,0.0,0.0,0.0,0.0,0.921875,0.0625,0.0,0.0
9,8,0.015625,0.0,0.0,0.0,0.0,0.0,0.0,0.0,0.921875,0.0625,0.0,0.0
9,8,0.015625,0.0,0.0,0.0,0.0,0.0,0.0,0.0,0.921875,0.0625,0.0,0.0
9,8,0.015625,0.0,0.0,0.0,0.0,0.0,0.0,0.0,0.921875,0.0625,0.0,0.0
9,8,0.015625,0.0,0.0,0.0,0.0,0.0,0.0,0.0,0.921875,0.0625,0.0,0.0
9,8,0.015625,0.0,0.0,0.0,0.0,0.0,0.0,0.0,0.921875,0.0625,0.0,0.0
9,8,0.015625,0.0,0.0,0.0,0.0,0.0,0.0,0.0,0.921875,0.0625,0.0,0.0
9,8,0.015625,0.0,0.0,0.0,0.0,0.0,0.0,0.0,0.921875,0.0625,0.0,0.0
9,8,0.015625,0.0,0.0,0.0,0.0,0.0,0.0,0.0,0.921875,0.0625,0.0,0.0
9,8,0.015625,0.0,0.0,0.0,0.0,0.0,0.0,0.0,0.921875,0.0625,0.0,0.0
9,8,0.015625,0.0,0.0,0.0,0.0,0.0,0.0,0.0,0.921875,0.0625,0.0,0.0
9,8,0.015625,0.0,0.0,0.0,0.0,0.0,0.0,0.0,0.921875,0.0625,0.0,0.0
9,8,0.015625,0.0,0.0,0.0,0.0,0.0,0.0,0.0,0.921875,0.0625,0.0,0.0
9,8,0.015625,0.0,0.0,0.0,0.0,0.0,0.0,0.0,0.921875,0.0625,0.0,0.0
9,8,0.015625,0.0,0.0,0.0,0.0,0.0,0.0,0.0,0.921875,0.0625,0.0,0.0
9,8,0.015625,0.0,0.0,0.0,0.0,0.0,0.0,0.0,0.921875,0.0625,0.0,0.0
9,8,0.015625,0.0,0.0,0.0,0.0,0.0,0.0,0.0,0.921875,0.0625,0.0,0.0
9,8,0.015625,0.0,0.0,0.0,0.0,0.0,0.0,0.0,0.921875,0.0625,0.0,0.0
9,8,0.015625,0.0,0.0,0.0,0.0,0.0,0.0,0.0,0.921875,0.0625,0.0,0.0
9,8,0.015625,0.0,0.0,0.0,0.0,0.0,0.0,0.0,0.921875,0.0625,0.0,0.0
9,8,0.015625,0.0,0.0,0.0,0.0,0.0,0.0,0.0,0.921875,0.0625,0.0,0.0
9,8,0.015625,0.0,0.0,0.0,0.0,0.0,0.0,0.0,0.921875,0.0625,0.0,0.0
9,8,0.015625,0.0,0.0,0.0,0.0,0.0,0.0,0.0,0.921875,0.0625,0.0,0.0
9,8,0.015625,0.0,0.0,0.0,0.0,0.0,0.0,0.0,0.921875,0.0625,0.0,0.0
9,8,0.015625,0.0,0.0,0.0,0.0,0.0,0.0,0.0,0.921875,0.0625,0.0,0.0
9,8,0.015625,0.0,0.0,0.0,0.0,0.0,0.0,0.0,0.921875,0.0625,0.0,0.0
9,8,0.015625,0.0,0.0,0.0,0.0,0.0,0.0,0.0,0.921875,0.0625,0.0,0.0
9,8,0.015625,0.0,0.0,0.0,0.0,0.0,0.0,0.0,0.921875,0.0625,0.0,0.0
9,8,0.015625,0.0,0.0,0.0,0.0,0.0,0.0,0.0,0.921875,0.0625,0.0,0.0
9,8,0.015625,0.0,0.0,0.0,0.0,0.0,0.0,0.0,0.921875,0.0625,0.0,0.0
9,8,0.015625,0.0,0.0,0.0,0.0,0.0,0.0,0.0,0.921875,0.0625,0.0,0.0
9,8,0.015625,0.0,0.0,0.0,0.0,0.0,0.0,0.0,0.921875,0.0625,0.0,0.0
9,8,0.015625,0.0,0.0,0.0,0.0,0.0,0.0,0.0,0.921875,0.0625,0.0,0.0
9,8,0.015625,0.0,0.0,0.0,0.0,0.0,0.0,0.0,0.921875,0.0625,0.0,0.0
9,8,0.015625,0.0,0.0,0.0,0.0,0.0,0.0,0.0,0.921875,0.0625,0.0,0.0
9,8,0.015625,0.0,0.0,0.0,0.0,0.0,0.0,0.0,0.921875,0.0625,0.0,0.0
9,8,0.015625,0.0,0.0,0.0,0.0,0.0,0.0,0.0,0.921875,0.0625,0.0,0.0
9,8,0.015625,0.0,0.0,0.0,0.0,0.0,0.0,0.0,0.921875,0.0625,0.0,0.0
9,8,0.015625,0.0,0.0,0.0,0.0,0.0,0.0,0.0,0.921875,0.0625,0.0,0.0
9,8,0.015625,0.0,0.0,0.0,0.0,0.0,0.0,0.0,0.921875,0.0625,0.0,0.0
9,8,0.015625,0.0,0.0,0.0,0.0,0.0,0.0,0.0,0.921875,0.0625,0.0,0.0
9,8,0.015625,0.0,0.0,0.0,0.0,0.0,0.0,0.0,0.921875,0.0625,0.0,0.0
9,8,0.015625,0.0,0.0,0.0,0.0,0.0,0.0,0.0,0.921875,0.0625,0.0,0.0
9,8,0.015625,0.0,0.0,0.0,0.0,0.0,0.0,0.0,0.921875,0.0625,0.0,0.0
9,8,0.015625,0.0,0.0,0.0,0.0,0.0,0.0,0.0,0.921875,0.0625,0.0,0.0
9,8,0.015625,0.0,0.0,0.0,0.0,0.0,0.0,0.0,0.921875,0.0625,0.0,0.0
9,8,0.015625,0.0,0.0,0.0,0.0,0.0,0.0,0.0,0.921875,0.0625,0.0,0.0
9,8,0.015625,0.0,0.0,0.0,0.0,0.0,0.0,0.0,0.921875,0.0625,0.0,0.0
9,8,0.015625,0.0,0.0,0.0,0.0,0.0,0.0,0.0,0.921875,0.0625,0.0,0.0
9,8,0.015625,0.0,0.0,0.0,0.0,0.0,0.0,0.0,0.921875,0.0625,0.0,0.0
9,8,0.015625,0.0,0.0,0.0,0.0,0.0,0.0,0.0,0.921875,0.0625,0.0,0.0
9,8,0.015625,0.0,0.0,0.0,0.0,0.0,0.0,0.0,0.921875,0.0625,0.0,0.0
9,8,0.015625,0.0,0.0,0.0,0.0,0.0,0.0,0.0,0.921875,0.0625,0.0,0.0
9,8,0.015625,0.0,0.0,0.0,0.0,0.0,0.0,0.0,0.921875,0.0625,0.0,0.0
9,8,0.015625,0.0,0.0,0.0,0.0,0.0,0.0,0.0,0.921875,0.0625,0.0,0.0
9,8,0.015625,0.0,0.0,0.0,0.0,0.0,0.0,0.0,0.921875,0.0625,0.0,0.0
9,8,0.015625,0.0,0.0,0.0,0.0,0.0,0.0,0.0,0.921875,0.0625,0.0,0.0
9,8,0.015625,0.0,0.0,0.0,0.0,0.0,0.0,0.0,0.921875,0.0625,0.0,0.0
9,8,0.015625,0.0,0.0,0.0,0.0,0.0,0.0,0.0,0.921875,0.0625,0.0,0.0
9,8,0.015625,0.0,0.0,0.0,0.0,0.0,0.0,0.0,0.921875,0.0625,0.0,0.0
9,8,0.015625,0.0,0.0,0.0,0.0,0.0,0.0,0.0,0.921875,0.0625,0.0,0.0
9,8,0.015625,0.0,0.0,0.0,0.0,0.0,0.0,0.0,0.921875,0.0625,0.0,0.0
9,8,0.015625,0.0,0.0,0.0,0.0,0.0,0.0,0.0,0.921875,0.0625,0.0,0.0
9,8,0.015625,0.0,0.0,0.0,0.0,0.0,0.0,0.0,0.921875,0.0625,0.0,0.0
9,8,0.015625,0.0,0.0,0.0,0.0,0.0,0.0,0.0,0.921875,0.0625,0.0,0.0
9,8,0.015625,0.0,0.0,0.0,0.0,0.0,0.0,0.0,0.921875,0.0625,0.0,0.0
9,8,0.015625,0.0,0.0,0.0,0.0,0.0,0.0,0.0,0.921875,0.0625,0.0,0.0
9,8,0.015625,0.0,0.0,0.0,0.0,0.0,0.0,0.0,0.921875,0.0625,0.0,0.0
9,8,0.015625,0.0,0.0,0.0,0.0,0.0,0.0,0.0,0.921875,0.0625,0.0,0.0
9,8,0.015625,0.0,0.0,0.0,0.0,0.0,0.0,0.0,0.921875,0.0625,0.0,0.0
9,8,0.015625,0.0,0.0,0.0,0.0,0.0,0.0,0.0,0.921875,0.0625,0.0,0.0
9,8,0.015625,0.0,0.0,0.0,0.0,0.0,0.0,0.0,0.921875,0.0625,0.0,0.0
9,8,0.015625,0.0,0.0,0.0,0.0,0.0,0.0,0.0,0.921875,0.0625,0.0,0.0
9,8,0.015625,0.0,0.0,0.0,0.0,0.0,0.0,0.0,0.921875,0.0625,0.0,0.0
9,8,0.015625,0.0,0.0,0.0,0.0,0.0,0.0,0.0,0.921875,0.0625,0.0,0.0
9,8,0.015625,0.0,0.0,0.0,0.0,0.0,0.0,0.0,0.921875,0.0625,0.0,0.0
9,8,0.015625,0.0,0.0,0.0,0.0,0.0,0.0,0.0,0.921875,0.0625,0.0,0.0
9,8,0.015625,0.0,0.0,0.0,0.0,0.0,0.0,0.0,0.921875,0.0625,0.0,0.0
9,8,0.015625,0.0,0.0,0.0,0.0,0.0,0.0,0.0,0.921875,0.0625,0.0,0.0
9,8,0.015625,0.0,0.0,0.0,0.0,0.0,0.0,0.0,0.921875,0.0625,0.0,0.0
9,8,0.015625,0.0,0.0,0.0,0.0,0.0,0.0,0.0,0.921875,0.0625,0.0,0.0
9,8,0.015625,0.0,0.0,0.0,0.0,0.0,0.0,0.0,0.921875,0.0625,0.0,0.0
9,8,0.015625,0.0,0.0,0.0,0.0,0.0,0.0,0.0,0.921875,0.0625,0.0,0.0
9,8,0.015625,0.0,0.0,0.0,0.0,0.0,0.0,0.0,0.921875,0.0625,0.0,0.0
9,8,0.015625,0.0,0.0,0.0,0.0,0.0,0.0,0.0,0.921875,0.0625,0.0,0.0
9,8,0.015625,0.0,0.0,0.0,0.0,0.0,0.0,0.0,0.921875,0.0625,0.0,0.0
9,8,0.015625,0.0,0.0,0.0,0.0,0.0,0.0,0.0,0.921875,0.0625,0.0,0.0
9,8,0.015625,0.0,0.0,0.0,0.0,0.0,0.0,0.0,0.921875,0.0625,0.0,0.0
9,8,0.015625,0.0,0.0,0.0,0.0,0.0,0.0,0.0,0.921875,0.0625,0.0,0.0
9,8,0.015625,0.0,0.0,0.0,0.0,0.0,0.0,0.0,0.921875,0.0625,0.0,0.0
9,8,0.015625,0.0,0.0,0.0,0.0,0.0,0.0,0.0,0.921875,0.0625,0.0,0.0
9,8,0.015625,0.0,0.0,0.0,0.0,0.0,0.0,0.0,0.921875,0.0625,0.0,0.0
9,8,0.015625,0.0,0.0,0.0,0.0,0.0,0.0,0.0,0.921875,0.0625,0.0,0.0
9,8,0.015625,0.0,0.0,0.0,0.0,0.0,0.0,0.0,0.921875,0.0625,0.0,0.0
9,8,0.015625,0.0,0.0,0.0,0.0,0.0,0.0,0.0,0.921875,0.0625,0.0,0.0
9,8,0.015625,0.0,0.0,0.0,0.0,0.0,0.0,0.0,0.921875,0.0625,0.0,0.0
9,8,0.015625,0.0,0.0,0.0,0.0,0.0,0.0,0.0,0.921875,0.0625,0.0,0.0
9,8,0.015625,0.0,0.0,0.0,0.0,0.0,0.0,0.0,0.921875,0.0625,0.0,0.0
9,8,0.015625,0.0,0.015625,0.0,0.0,0.0,0.0,0.0,0.90625,0.0625,0.0,0.0
9,8,0.015625,0.0,0.015625,0.0,0.0,0.0,0.0,0.0,0.90625,0.0625,0.0,0.0
9,8,0.015625,0.0,0.015625,0.0,0.0,0.0,0.0,0.0,0.90625,0.0625,0.0,0.0
9,8,0.015625,0.0,0.015625,0.0,0.0,0.0,0.0,0.0,0.90625,0.0625,0.0,0.0
9,8,0.015625,0.0,0.015625,0.0,0.0,0.0,0.0,0.0,0.90625,0.0625,0.0,0.0
9,8,0.015625,0.0,0.015625,0.0,0.0,0.0,0.0,0.0,0.90625,0.0625,0.0,0.0
9,8,0.015625,0.0,0.015625,0.0,0.0,0.0,0.0,0.0,0.90625,0.0625,0.0,0.0
9,8,0.015625,0.0,0.015625,0.0,0.0,0.0,0.0,0.0,0.90625,0.0625,0.0,0.0
9,8,0.015625,0.0,0.015625,0.0,0.0,0.0,0.0,0.0,0.90625,0.0625,0.0,0.0
9,8,0.015625,0.0,0.015625,0.0,0.0,0.0,0.0,0.0,0.90625,0.0625,0.0,0.0
9,8,0.015625,0.0,0.015625,0.0,0.0,0.0,0.0,0.0,0.90625,0.0625,0.0,0.0
9,8,0.015625,0.0,0.015625,0.0,0.0,0.0,0.0,0.0,0.90625,0.0625,0.0,0.0
9,8,0.015625,0.0,0.015625,0.0,0.0,0.0,0.0,0.0,0.90625,0.0625,0.0,0.0
9,8,0.015625,0.0,0.015625,0.0,0.0,0.0,0.0,0.0,0.90625,0.0625,0.0,0.0
9,8,0.015625,0.0,0.015625,0.0,0.0,0.0,0.0,0.0,0.90625,0.0625,0.0,0.0
9,8,0.015625,0.0,0.015625,0.0,0.0,0.0,0.0,0.0,0.90625,0.0625,0.0,0.0
9,8,0.015625,0.0,0.015625,0.0,0.0,0.0,0.0,0.0,0.90625,0.0625,0.0,0.0
9,8,0.015625,0.0,0.015625,0.0,0.0,0.0,0.0,0.0,0.90625,0.0625,0.0,0.0
9,8,0.015625,0.0,0.015625,0.0,0.0,0.0,0.0,0.0,0.90625,0.0625,0.0,0.0
9,8,0.015625,0.0,0.015625,0.0,0.0,0.0,0.0,0.0,0.90625,0.0625,0.0,0.0
9,8,0.015625,0.0,0.015625,0.0,0.0,0.0,0.0,0.0,0.90625,0.0625,0.0,0.0
9,8,0.015625,0.0,0.015625,0.0,0.0,0.0,0.0,0.0,0.90625,0.0625,0.0,0.0
9,8,0.015625,0.0,0.015625,0.0,0.0,0.0,0.0,0.0,0.90625,0.0625,0.0,0.0
9,8,0.015625,0.0,0.015625,0.0,0.0,0.0,0.0,0.0,0.90625,0.0625,0.0,0.0
9,8,0.015625,0.0,0.015625,0.0,0.0,0.0,0.0,0.0,0.90625,0.0625,0.0,0.0
9,8,0.015625,0.0,0.015625,0.0,0.0,0.0,0.0,0.0,0.90625,0.0625,0.0,0.0
9,8,0.015625,0.0,0.015625,0.0,0.0,0.0,0.0,0.0,0.90625,0.0625,0.0,0.0
9,8,0.015625,0.0,0.015625,0.0,0.0,0.0,0.0,0.0,0.90625,0.0625,0.0,0.0
9,8,0.015625,0.0,0.015625,0.0,0.0,0.0,0.0,0.0,0.90625,0.0625,0.0,0.0
9,8,0.015625,0.0,0.015625,0.0,0.0,0.0,0.0,0.0,0.90625,0.0625,0.0,0.0
9,8,0.015625,0.0,0.015625,0.0,0.0,0.0,0.0,0.0,0.90625,0.0625,0.0,0.0
9,8,0.015625,0.0,0.015625,0.0,0.0,0.0,0.0,0.0,0.90625,0.0625,0.0,0.0
9,8,0.015625,0.0,0.015625,0.0,0.0,0.0,0.0,0.0,0.90625,0.0625,0.0,0.0
9,8,0.015625,0.0,0.015625,0.0,0.0,0.0,0.0,0.0,0.90625,0.0625,0.0,0.0
9,8,0.015625,0.0,0.015625,0.0,0.0,0.0,0.0,0.0,0.90625,0.0625,0.0,0.0
9,8,0.015625,0.0,0.015625,0.0,0.0,0.0,0.0,0.0,0.90625,0.0625,0.0,0.0
9,8,0.015625,0.0,0.015625,0.0,0.0,0.0,0.0,0.0,0.90625,0.0625,0.0,0.0
9,8,0.015625,0.0,0.015625,0.0,0.0,0.0,0.0,0.0,0.90625,0.0625,0.0,0.0
9,8,0.015625,0.0,0.015625,0.0,0.0,0.0,0.0,0.0,0.90625,0.0625,0.0,0.0
9,8,0.015625,0.0,0.015625,0.0,0.0,0.0,0.0,0.0,0.90625,0.0625,0.0,0.0
9,8,0.015625,0.0,0.015625,0.0,0.0,0.0,0.0,0.0,0.90625,0.0625,0.0,0.0
9,8,0.015625,0.0,0.015625,0.0,0.0,0.0,0.0,0.0,0.90625,0.0625,0.0,0.0
9,8,0.015625,0.0,0.015625,0.0,0.0,0.0,0.0,0.0,0.90625,0.0625,0.0,0.0
9,8,0.015625,0.0,0.015625,0.0,0.0,0.0,0.0,0.0,0.90625,0.0625,0.0,0.0
9,8,0.015625,0.0,0.015625,0.0,0.0,0.0,0.0,0.0,0.90625,0.0625,0.0,0.0
9,8,0.015625,0.0,0.015625,0.0,0.0,0.0,0.0,0.0,0.90625,0.0625,0.0,0.0
9,8,0.015625,0.0,0.015625,0.0,0.0,0.0,0.0,0.0,0.90625,0.0625,0.0,0.0
9,8,0.015625,0.0,0.015625,0.0,0.0,0.0,0.0,0.0,0.90625,0.0625,0.0,0.0
9,8,0.015625,0.0,0.015625,0.0,0.0,0.0,0.0,0.0,0.90625,0.0625,0.0,0.0
9,8,0.015625,0.0,0.015625,0.0,0.0,0.0,0.0,0.0,0.90625,0.0625,0.0,0.0
9,8,0.015625,0.0,0.015625,0.0,0.0,0.0,0.0,0.0,0.90625,0.0625,0.0,0.0
9,8,0.015625,0.0,0.015625,0.0,0.0,0.0,0.0,0.0,0.90625,0.0625,0.0,0.0
9,8,0.015625,0.0,0.015625,0.0,0.0,0.0,0.0,0.0,0.90625,0.0625,0.0,0.0
9,8,0.015625,0.0,0.015625,0.0,0.0,0.0,0.0,0.0,0.90625,0.0625,0.0,0.0
9,8,0.015625,0.0,0.015625,0.0,0.0,0.0,0.0,0.0,0.90625,0.0625,0.0,0.0
9,8,0.015625,0.0,0.015625,0.0,0.0,0.0,0.0,0.0,0.90625,0.0625,0.0,0.0
9,8,0.015625,0.0,0.015625,0.0,0.0,0.0,0.0,0.0,0.90625,0.0625,0.0,0.0
9,8,0.015625,0.0,0.015625,0.0,0.0,0.0,0.0,0.0,0.90625,0.0625,0.0,0.0
9,8,0.015625,0.0,0.015625,0.0,0.0,0.0,0.0,0.0,0.90625,0.0625,0.0,0.0
9,8,0.015625,0.0,0.015625,0.0,0.0,0.0,0.0,0.0,0.90625,0.0625,0.0,0.0
9,8,0.015625,0.0,0.015625,0.0,0.0,0.0,0.0,0.0,0.90625,0.0625,0.0,0.0
9,8,0.015625,0.0,0.015625,0.0,0.0,0.0,0.0,0.0,0.90625,0.0625,0.0,0.0
9,8,0.015625,0.0,0.015625,0.0,0.0,0.0,0.0,0.0,0.90625,0.0625,0.0,0.0
9,8,0.015625,0.0,0.015625,0.0,0.0,0.0,0.0,0.0,0.90625,0.0625,0.0,0.0
9,8,0.015625,0.0,0.015625,0.0,0.0,0.0,0.0,0.0,0.90625,0.0625,0.0,0.0
9,8,0.015625,0.0,0.015625,0.0,0.0,0.0,0.0,0.0,0.90625,0.0625,0.0,0.0
9,8,0.015625,0.0,0.015625,0.0,0.0,0.0,0.0,0.0,0.90625,0.0625,0.0,0.0
9,8,0.015625,0.0,0.015625,0.0,0.0,0.0,0.0,0.0,0.90625,0.0625,0.0,0.0
9,8,0.015625,0.0,0.015625,0.0,0.0,0.0,0.0,0.0,0.90625,0.0625,0.0,0.0
9,8,0.015625,0.0,0.015625,0.0,0.0,0.0,0.0,0.0,0.90625,0.0625,0.0,0.0
9,8,0.015625,0.0,0.015625,0.0,0.0,0.0,0.0,0.0,0.90625,0.0625,0.0,0.0
9,8,0.015625,0.0,0.015625,0.0,0.0,0.0,0.0,0.0,0.90625,0.0625,0.0,0.0
9,8,0.015625,0.0,0.015625,0.0,0.0,0.0,0.0,0.0,0.90625,0.0625,0.0,0.0
9,8,0.015625,0.0,0.015625,0.0,0.0,0.0,0.0,0.0,0.90625,0.0625,0.0,0.0
9,8,0.015625,0.0,0.015625,0.0,0.0,0.0,0.0,0.0,0.90625,0.0625,0.0,0.0
9,8,0.015625,0.0,0.015625,0.0,0.0,0.0,0.0,0.0,0.90625,0.0625,0.0,0.0
9,8,0.015625,0.0,0.015625,0.0,0.0,0.0,0.0,0.0,0.90625,0.0625,0.0,0.0
9,8,0.015625,0.0,0.015625,0.0,0.0,0.0,0.0,0.0,0.90625,0.0625,0.0,0.0
9,8,0.015625,0.0,0.015625,0.0,0.0,0.0,0.0,0.0,0.90625,0.0625,0.0,0.0
9,8,0.015625,0.0,0.015625,0.0,0.0,0.0,0.0,0.0,0.90625,0.0625,0.0,0.0
9,8,0.015625,0.0,0.015625,0.0,0.0,0.0,0.0,0.0,0.90625,0.0625,0.0,0.0
9,8,0.015625,0.0,0.015625,0.0,0.0,0.0,0.0,0.0,0.90625,0.0625,0.0,0.0
9,8,0.015625,0.0,0.015625,0.0,0.0,0.0,0.0,0.0,0.90625,0.0625,0.0,0.0
9,8,0.015625,0.0,0.015625,0.0,0.0,0.0,0.0,0.0,0.90625,0.0625,0.0,0.0
9,8,0.015625,0.0,0.0,0.0,0.0,0.0,0.0,0.0,0.921875,0.0625,0.0,0.0
9,8,0.015625,0.0,0.0,0.0,0.0,0.0,0.0,0.0,0.921875,0.0625,0.0,0.0
9,8,0.015625,0.0,0.0,0.0,0.0,0.0,0.0,0.0,0.921875,0.0625,0.0,0.0
9,8,0.015625,0.0,0.0,0.0,0.0,0.0,0.0,0.0,0.921875,0.0625,0.0,0.0
9,8,0.015625,0.0,0.0,0.0,0.0,0.0,0.0,0.0,0.921875,0.0625,0.0,0.0
9,8,0.015625,0.0,0.0,0.0,0.0,0.0,0.0,0.0,0.921875,0.0625,0.0,0.0
9,8,0.015625,0.0,0.0,0.0,0.0,0.0,0.0,0.0,0.921875,0.0625,0.0,0.0
9,8,0.015625,0.0,0.0,0.0,0.0,0.0,0.0,0.0,0.921875,0.0625,0.0,0.0
9,8,0.015625,0.0,0.0,0.0,0.0,0.0,0.0,0.0,0.921875,0.0625,0.0,0.0
9,8,0.015625,0.0,0.0,0.0,0.0,0.0,0.0,0.0,0.921875,0.0625,0.0,0.0
9,8,0.015625,0.0,0.0,0.0,0.0,0.0,0.0,0.0,0.921875,0.0625,0.0,0.0
9,8,0.015625,0.0,0.0,0.0,0.0,0.0,0.0,0.0,0.921875,0.0625,0.0,0.0
9,8,0.015625,0.0,0.0,0.0,0.0,0.0,0.0,0.0,0.921875,0.0625,0.0,0.0
9,8,0.015625,0.0,0.0,0.0,0.0,0.0,0.0,0.0,0.921875,0.0625,0.0,0.0
9,8,0.015625,0.0,0.0,0.0,0.0,0.0,0.0,0.0,0.921875,0.0625,0.0,0.0
9,8,0.015625,0.0,0.0,0.0,0.0,0.0,0.0,0.0,0.921875,0.0625,0.0,0.0
9,8,0.015625,0.0,0.0,0.0,0.0,0.0,0.0,0.0,0.921875,0.0625,0.0,0.0
9,8,0.015625,0.0,0.0,0.0,0.0,0.0,0.0,0.0,0.921875,0.0625,0.0,0.0
9,8,0.015625,0.0,0.0,0.0,0.0,0.0,0.0,0.0,0.921875,0.0625,0.0,0.0
9,8,0.015625,0.0,0.0,0.0,0.0,0.0,0.0,0.0,0.921875,0.0625,0.0,0.0
9,8,0.015625,0.0,0.0,0.0,0.0,0.0,0.0,0.0,0.921875,0.0625,0.0,0.0
9,8,0.015625,0.0,0.0,0.0,0.0,0.0,0.0,0.0,0.921875,0.0625,0.0,0.0
9,8,0.015625,0.0,0.0,0.0,0.0,0.0,0.0,0.0,0.921875,0.0625,0.0,0.0
9,8,0.015625,0.0,0.0,0.0,0.0,0.0,0.0,0.0,0.921875,0.0625,0.0,0.0
9,8,0.015625,0.0,0.0,0.0,0.0,0.0,0.0,0.0,0.921875,0.0625,0.0,0.0
9,8,0.015625,0.0,0.0,0.0,0.0,0.0,0.0,0.0,0.921875,0.0625,0.0,0.0
9,8,0.015625,0.0,0.0,0.0,0.0,0.0,0.0,0.0,0.921875,0.0625,0.0,0.0
9,8,0.015625,0.0,0.0,0.0,0.0,0.0,0.0,0.0,0.921875,0.0625,0.0,0.0
9,8,0.015625,0.0,0.0,0.0,0.0,0.0,0.0,0.0,0.921875,0.0625,0.0,0.0
9,8,0.015625,0.0,0.0,0.0,0.0,0.0,0.0,0.0,0.921875,0.0625,0.0,0.0
9,8,0.015625,0.0,0.0,0.0,0.0,0.0,0.0,0.0,0.921875,0.0625,0.0,0.0
9,8,0.015625,0.0,0.0,0.0,0.0,0.0,0.0,0.0,0.921875,0.0625,0.0,0.0
9,8,0.015625,0.0,0.0,0.0,0.0,0.0,0.0,0.0,0.921875,0.0625,0.0,0.0
9,8,0.015625,0.0,0.0,0.0,0.0,0.0,0.0,0.0,0.921875,0.0625,0.0,0.0
9,8,0.015625,0.0,0.0,0.0,0.0,0.0,0.0,0.0,0.90625,0.078125,0.0,0.0
9,8,0.015625,0.0,0.0,0.0,0.0,0.0,0.0,0.0,0.90625,0.078125,0.0,0.0
9,8,0.015625,0.0,0.0,0.0,0.0,0.0,0.0,0.0,0.90625,0.078125,0.0,0.0
9,8,0.015625,0.0,0.0,0.0,0.0,0.0,0.0,0.0,0.90625,0.078125,0.0,0.0
9,8,0.015625,0.0,0.0,0.0,0.0,0.0,0.0,0.0,0.90625,0.078125,0.0,0.0
9,8,0.015625,0.0,0.0,0.0,0.0,0.0,0.0,0.0,0.90625,0.078125,0.0,0.0
9,8,0.015625,0.0,0.0,0.0,0.0,0.0,0.0,0.0,0.90625,0.078125,0.0,0.0
9,8,0.015625,0.0,0.0,0.0,0.0,0.0,0.0,0.0,0.90625,0.078125,0.0,0.0
9,8,0.015625,0.0,0.0,0.0,0.0,0.0,0.0,0.0,0.90625,0.078125,0.0,0.0
9,8,0.015625,0.0,0.0,0.0,0.0,0.0,0.0,0.0,0.90625,0.078125,0.0,0.0
9,8,0.015625,0.0,0.0,0.0,0.0,0.0,0.0,0.0,0.90625,0.078125,0.0,0.0
9,8,0.015625,0.0,0.0,0.0,0.0,0.0,0.0,0.0,0.90625,0.078125,0.0,0.0
9,8,0.015625,0.0,0.0,0.0,0.0,0.0,0.0,0.0,0.90625,0.078125,0.0,0.0
9,8,0.015625,0.0,0.0,0.0,0.0,0.0,0.0,0.0,0.90625,0.078125,0.0,0.0
9,8,0.015625,0.0,0.0,0.0,0.0,0.0,0.0,0.0,0.90625,0.078125,0.0,0.0
9,8,0.015625,0.0,0.0,0.0,0.0,0.0,0.0,0.0,0.90625,0.078125,0.0,0.0
9,8,0.015625,0.0,0.0,0.0,0.0,0.0,0.0,0.0,0.90625,0.078125,0.0,0.0
9,8,0.015625,0.0,0.0,0.0,0.0,0.0,0.0,0.0,0.90625,0.078125,0.0,0.0
9,8,0.015625,0.0,0.0,0.0,0.0,0.0,0.0,0.0,0.90625,0.078125,0.0,0.0
9,8,0.015625,0.0,0.0,0.0,0.0,0.0,0.0,0.0,0.90625,0.078125,0.0,0.0
9,8,0.015625,0.0,0.0,0.0,0.0,0.0,0.0,0.0,0.90625,0.078125,0.0,0.0
9,8,0.015625,0.0,0.0,0.0,0.0,0.0,0.0,0.0,0.90625,0.078125,0.0,0.0
9,8,0.015625,0.0,0.0,0.0,0.0,0.0,0.0,0.0,0.90625,0.078125,0.0,0.0
9,8,0.015625,0.0,0.0,0.0,0.0,0.0,0.0,0.0,0.90625,0.078125,0.0,0.0
9,8,0.015625,0.0,0.0,0.0,0.0,0.0,0.0,0.0,0.90625,0.078125,0.0,0.0
9,8,0.015625,0.0,0.0,0.0,0.0,0.0,0.0,0.0,0.90625,0.078125,0.0,0.0
9,8,0.015625,0.0,0.0,0.0,0.0,0.0,0.0,0.0,0.90625,0.078125,0.0,0.0
9,8,0.015625,0.0,0.0,0.0,0.0,0.0,0.0,0.0,0.90625,0.078125,0.0,0.0
9,8,0.015625,0.0,0.0,0.0,0.0,0.0,0.0,0.0,0.90625,0.078125,0.0,0.0
9,8,0.015625,0.0,0.0,0.0,0.0,0.0,0.0,0.0,0.90625,0.078125,0.0,0.0
9,8,0.015625,0.0,0.0,0.0,0.0,0.0,0.0,0.0,0.90625,0.078125,0.0,0.0
9,8,0.015625,0.0,0.0,0.0,0.0,0.0,0.0,0.0,0.90625,0.078125,0.0,0.0
9,8,0.015625,0.0,0.0,0.0,0.0,0.0,0.0,0.0,0.890625,0.09375,0.0,0.0
9,8,0.015625,0.0,0.0,0.0,0.0,0.0,0.0,0.0,0.890625,0.09375,0.0,0.0
9,8,0.015625,0.0,0.0,0.0,0.0,0.0,0.0,0.0,0.890625,0.09375,0.0,0.0
9,8,0.015625,0.0,0.0,0.0,0.0,0.0,0.0,0.0,0.890625,0.09375,0.0,0.0
9,8,0.015625,0.0,0.0,0.0,0.0,0.0,0.0,0.0,0.890625,0.09375,0.0,0.0
9,8,0.015625,0.0,0.0,0.0,0.0,0.0,0.0,0.0,0.890625,0.09375,0.0,0.0
9,8,0.015625,0.0,0.0,0.0,0.0,0.0,0.0,0.0,0.890625,0.09375,0.0,0.0
9,8,0.015625,0.0,0.0,0.0,0.0,0.0,0.0,0.0,0.890625,0.09375,0.0,0.0
9,8,0.015625,0.0,0.0,0.0,0.0,0.0,0.0,0.0,0.890625,0.09375,0.0,0.0
9,8,0.015625,0.0,0.0,0.0,0.0,0.0,0.0,0.0,0.890625,0.09375,0.0,0.0
9,8,0.015625,0.0,0.0,0.0,0.0,0.0,0.0,0.0,0.890625,0.09375,0.0,0.0
9,8,0.015625,0.0,0.0,0.0,0.0,0.0,0.0,0.0,0.890625,0.09375,0.0,0.0
9,8,0.015625,0.0,0.0,0.0,0.0,0.0,0.0,0.0,0.890625,0.09375,0.0,0.0
9,8,0.015625,0.0,0.0,0.0,0.0,0.0,0.0,0.0,0.890625,0.09375,0.0,0.0
9,8,0.015625,0.0,0.0,0.0,0.0,0.0,0.0,0.0,0.890625,0.09375,0.0,0.0
9,8,0.015625,0.0,0.0,0.0,0.0,0.0,0.0,0.0,0.890625,0.09375,0.0,0.0
9,8,0.015625,0.0,0.0,0.0,0.0,0.0,0.0,0.0,0.890625,0.09375,0.0,0.0
9,8,0.015625,0.0,0.0,0.0,0.0,0.0,0.0,0.0,0.890625,0.09375,0.0,0.0
9,8,0.015625,0.0,0.0,0.0,0.0,0.0,0.0,0.0,0.890625,0.09375,0.0,0.0
9,8,0.015625,0.0,0.0,0.0,0.0,0.0,0.0,0.0,0.890625,0.09375,0.0,0.0
9,8,0.015625,0.0,0.0,0.0,0.0,0.0,0.0,0.0,0.890625,0.09375,0.0,0.0
9,8,0.015625,0.0,0.0,0.0,0.0,0.0,0.0,0.0,0.890625,0.09375,0.0,0.0
9,8,0.015625,0.0,0.0,0.0,0.0,0.0,0.0,0.0,0.890625,0.09375,0.0,0.0
9,8,0.015625,0.0,0.0,0.0,0.0,0.0,0.0,0.0,0.890625,0.09375,0.0,0.0
9,8,0.015625,0.0,0.0,0.0,0.0,0.0,0.0,0.0,0.890625,0.09375,0.0,0.0
9,8,0.015625,0.0,0.0,0.0,0.0,0.0,0.0,0.0,0.890625,0.09375,0.0,0.0
9,8,0.015625,0.0,0.0,0.0,0.0,0.0,0.0,0.0,0.890625,0.09375,0.0,0.0
9,8,0.015625,0.0,0.0,0.0,0.0,0.0,0.0,0.0,0.890625,0.09375,0.0,0.0
9,8,0.015625,0.0,0.0,0.0,0.0,0.0,0.0,0.0,0.890625,0.09375,0.0,0.0
9,8,0.015625,0.0,0.0,0.0,0.0,0.0,0.0,0.0,0.890625,0.09375,0.0,0.0
9,8,0.015625,0.0,0.0,0.0,0.0,0.0,0.0,0.0,0.890625,0.09375,0.0,0.0
9,8,0.015625,0.0,0.0,0.0,0.0,0.0,0.0,0.0,0.890625,0.09375,0.0,0.0
9,8,0.015625,0.0,0.0,0.0,0.0,0.0,0.0,0.0,0.890625,0.09375,0.0,0.0
9,8,0.015625,0.0,0.0,0.0,0.0,0.0,0.0,0.0,0.890625,0.09375,0.0,0.0
9,8,0.015625,0.0,0.0,0.0,0.0,0.0,0.0,0.0,0.890625,0.09375,0.0,0.0
9,8,0.015625,0.0,0.0,0.0,0.0,0.0,0.0,0.0,0.890625,0.09375,0.0,0.0
9,8,0.015625,0.0,0.0,0.0,0.0,0.0,0.0,0.0,0.890625,0.09375,0.0,0.0
9,8,0.015625,0.0,0.0,0.0,0.0,0.0,0.0,0.0,0.890625,0.09375,0.0,0.0
9,8,0.015625,0.0,0.0,0.0,0.0,0.0,0.0,0.0,0.890625,0.09375,0.0,0.0
9,8,0.015625,0.0,0.0,0.0,0.0,0.0,0.0,0.0,0.890625,0.09375,0.0,0.0
9,8,0.015625,0.0,0.0,0.0,0.0,0.0,0.0,0.0,0.890625,0.09375,0.0,0.0
9,8,0.015625,0.0,0.0,0.0,0.0,0.0,0.0,0.0,0.890625,0.09375,0.0,0.0
9,8,0.015625,0.0,0.0,0.0,0.0,0.0,0.0,0.0,0.890625,0.09375,0.0,0.0
9,8,0.015625,0.0,0.0,0.0,0.0,0.0,0.0,0.0,0.890625,0.09375,0.0,0.0
9,8,0.015625,0.0,0.0,0.0,0.0,0.0,0.0,0.0,0.890625,0.09375,0.0,0.0
9,8,0.015625,0.0,0.0,0.0,0.0,0.0,0.0,0.0,0.890625,0.09375,0.0,0.0
9,8,0.015625,0.0,0.0,0.0,0.0,0.0,0.0,0.0,0.890625,0.09375,0.0,0.0
9,8,0.015625,0.0,0.0,0.0,0.0,0.0,0.0,0.0,0.890625,0.09375,0.0,0.0
9,8,0.015625,0.0,0.0,0.0,0.0,0.0,0.0,0.0,0.921875,0.0625,0.0,0.0
9,8,0.015625,0.0,0.0,0.0,0.0,0.0,0.0,0.0,0.921875,0.0625,0.0,0.0
9,8,0.015625,0.0,0.0,0.0,0.0,0.0,0.0,0.0,0.921875,0.0625,0.0,0.0
9,8,0.015625,0.0,0.0,0.0,0.0,0.0,0.0,0.0,0.921875,0.0625,0.0,0.0
9,8,0.015625,0.0,0.0,0.0,0.0,0.0,0.0,0.0,0.921875,0.0625,0.0,0.0
9,8,0.015625,0.0,0.0,0.0,0.0,0.0,0.0,0.0,0.921875,0.0625,0.0,0.0
9,8,0.015625,0.0,0.0,0.0,0.0,0.0,0.0,0.0,0.921875,0.0625,0.0,0.0
9,8,0.015625,0.0,0.0,0.0,0.0,0.0,0.0,0.0,0.921875,0.0625,0.0,0.0
9,8,0.015625,0.0,0.0,0.0,0.0,0.0,0.0,0.0,0.921875,0.0625,0.0,0.0
9,8,0.015625,0.0,0.0,0.0,0.0,0.0,0.0,0.0,0.921875,0.0625,0.0,0.0
9,8,0.015625,0.0,0.0,0.0,0.0,0.0,0.0,0.0,0.921875,0.0625,0.0,0.0
9,8,0.015625,0.0,0.0,0.0,0.0,0.0,0.0,0.0,0.921875,0.0625,0.0,0.0
9,8,0.015625,0.0,0.0,0.0,0.0,0.0,0.0,0.0,0.921875,0.0625,0.0,0.0
9,8,0.015625,0.0,0.0,0.0,0.0,0.0,0.0,0.0,0.921875,0.0625,0.0,0.0
9,8,0.015625,0.0,0.0,0.0,0.0,0.0,0.0,0.0,0.921875,0.0625,0.0,0.0
9,8,0.015625,0.0,0.0,0.0,0.0,0.0,0.0,0.0,0.921875,0.0625,0.0,0.0
9,8,0.015625,0.0,0.0,0.0,0.0,0.0,0.0,0.0,0.921875,0.0625,0.0,0.0
9,8,0.015625,0.0,0.0,0.0,0.0,0.0,0.0,0.0,0.921875,0.0625,0.0,0.0
9,8,0.015625,0.0,0.0,0.0,0.0,0.0,0.0,0.0,0.921875,0.0625,0.0,0.0
9,8,0.015625,0.0,0.0,0.0,0.0,0.0,0.0,0.0,0.921875,0.0625,0.0,0.0
9,8,0.015625,0.0,0.0,0.0,0.0,0.0,0.0,0.0,0.921875,0.0625,0.0,0.0
9,8,0.015625,0.0,0.0,0.0,0.0,0.0,0.0,0.0,0.921875,0.0625,0.0,0.0
9,8,0.015625,0.0,0.0,0.0,0.0,0.0,0.0,0.0,0.921875,0.0625,0.0,0.0
9,8,0.015625,0.0,0.0,0.0,0.0,0.0,0.0,0.0,0.921875,0.0625,0.0,0.0
9,8,0.015625,0.0,0.0,0.0,0.0,0.0,0.0,0.0,0.921875,0.0625,0.0,0.0
9,8,0.015625,0.0,0.0,0.0,0.0,0.0,0.0,0.0,0.921875,0.0625,0.0,0.0
9,8,0.015625,0.0,0.0,0.0,0.0,0.0,0.0,0.0,0.921875,0.0625,0.0,0.0
9,8,0.015625,0.0,0.0,0.0,0.0,0.0,0.0,0.0,0.921875,0.0625,0.0,0.0
9,8,0.015625,0.0,0.0,0.0,0.0,0.0,0.0,0.0,0.921875,0.0625,0.0,0.0
9,8,0.015625,0.0,0.0,0.0,0.0,0.0,0.0,0.0,0.921875,0.0625,0.0,0.0
9,8,0.015625,0.0,0.0,0.0,0.0,0.0,0.0,0.0,0.921875,0.0625,0.0,0.0
9,8,0.015625,0.0,0.0,0.0,0.0,0.0,0.0,0.0,0.921875,0.0625,0.0,0.0
9,8,0.015625,0.0,0.0,0.0,0.0,0.0,0.0,0.0,0.921875,0.0625,0.0,0.0
9,8,0.015625,0.0,0.0,0.0,0.0,0.0,0.0,0.0,0.921875,0.0625,0.0,0.0
9,8,0.015625,0.0,0.0,0.0,0.0,0.0,0.0,0.0,0.921875,0.0625,0.0,0.0
9,8,0.015625,0.0,0.0,0.0,0.0,0.0,0.0,0.0,0.921875,0.0625,0.0,0.0
9,8,0.015625,0.0,0.0,0.0,0.0,0.0,0.0,0.0,0.921875,0.0625,0.0,0.0
9,8,0.015625,0.0,0.0,0.0,0.0,0.0,0.0,0.0,0.921875,0.0625,0.0,0.0
9,8,0.015625,0.0,0.0,0.0,0.0,0.0,0.0,0.0,0.921875,0.0625,0.0,0.0
9,8,0.015625,0.0,0.0,0.0,0.0,0.0,0.0,0.0,0.921875,0.0625,0.0,0.0
9,8,0.015625,0.0,0.0,0.0,0.0,0.0,0.0,0.0,0.921875,0.0625,0.0,0.0
9,8,0.015625,0.0,0.0,0.0,0.0,0.0,0.0,0.0,0.921875,0.0625,0.0,0.0
9,8,0.015625,0.0,0.0,0.0,0.0,0.0,0.0,0.0,0.921875,0.0625,0.0,0.0
9,8,0.015625,0.0,0.0,0.0,0.0,0.0,0.0,0.0,0.921875,0.0625,0.0,0.0
9,8,0.015625,0.0,0.0,0.0,0.0,0.0,0.0,0.0,0.921875,0.0625,0.0,0.0
9,8,0.015625,0.0,0.0,0.0,0.0,0.0,0.0,0.0,0.921875,0.0625,0.0,0.0
9,8,0.015625,0.0,0.0,0.0,0.0,0.0,0.0,0.0,0.921875,0.0625,0.0,0.0
9,8,0.015625,0.0,0.0,0.0,0.0,0.0,0.0,0.0,0.921875,0.0625,0.0,0.0
9,8,0.015625,0.0,0.0,0.0,0.0,0.0,0.0,0.0,0.921875,0.0625,0.0,0.0
9,8,0.015625,0.0,0.0,0.0,0.0,0.0,0.0,0.0,0.921875,0.0625,0.0,0.0
9,8,0.015625,0.0,0.0,0.0,0.0,0.0,0.0,0.0,0.921875,0.0625,0.0,0.0
9,8,0.015625,0.0,0.0,0.0,0.0,0.0,0.0,0.0,0.921875,0.0625,0.0,0.0
9,8,0.015625,0.0,0.0,0.0,0.0,0.0,0.0,0.0,0.921875,0.0625,0.0,0.0
9,8,0.015625,0.0,0.0,0.0,0.0,0.0,0.0,0.0,0.921875,0.0625,0.0,0.0
9,8,0.015625,0.0,0.0,0.0,0.0,0.0,0.0,0.0,0.921875,0.0625,0.0,0.0
9,8,0.015625,0.0,0.0,0.0,0.0,0.0,0.0,0.0,0.921875,0.0625,0.0,0.0
9,8,0.015625,0.0,0.0,0.0,0.0,0.0,0.0,0.0,0.921875,0.0625,0.0,0.0
9,8,0.015625,0.0,0.0,0.0,0.0,0.0,0.0,0.0,0.921875,0.0625,0.0,0.0
9,8,0.015625,0.0,0.0,0.0,0.0,0.0,0.0,0.0,0.921875,0.0625,0.0,0.0
9,8,0.015625,0.0,0.0,0.0,0.0,0.0,0.0,0.0,0.921875,0.0625,0.0,0.0
9,8,0.015625,0.0,0.0,0.0,0.0,0.0,0.0,0.0,0.921875,0.0625,0.0,0.0
9,8,0.015625,0.0,0.0,0.0,0.0,0.0,0.0,0.0,0.921875,0.0625,0.0,0.0
9,8,0.015625,0.0,0.0,0.0,0.0,0.0,0.0,0.0,0.921875,0.0625,0.0,0.0
9,8,0.015625,0.0,0.0,0.0,0.0,0.0,0.0,0.0,0.921875,0.0625,0.0,0.0
9,8,0.015625,0.0,0.0,0.0,0.0,0.0,0.0,0.0,0.921875,0.0625,0.0,0.0
9,8,0.015625,0.0,0.0,0.0,0.0,0.0,0.0,0.0,0.921875,0.0625,0.0,0.0
9,8,0.015625,0.0,0.0,0.0,0.0,0.0,0.0,0.0,0.921875,0.0625,0.0,0.0
9,8,0.015625,0.0,0.0,0.0,0.0,0.0,0.0,0.0,0.921875,0.0625,0.0,0.0
9,8,0.015625,0.0,0.0,0.0,0.0,0.0,0.0,0.0,0.921875,0.0625,0.0,0.0
9,8,0.015625,0.0,0.0,0.0,0.0,0.0,0.0,0.0,0.921875,0.0625,0.0,0.0
9,8,0.015625,0.0,0.0,0.0,0.0,0.0,0.0,0.0,0.921875,0.0625,0.0,0.0
9,8,0.015625,0.0,0.0,0.0,0.0,0.0,0.0,0.0,0.921875,0.0625,0.0,0.0
9,8,0.015625,0.0,0.0,0.0,0.0,0.0,0.0,0.0,0.921875,0.0625,0.0,0.0
9,8,0.015625,0.0,0.0,0.0,0.0,0.0,0.0,0.0,0.921875,0.0625,0.0,0.0
9,8,0.015625,0.0,0.0,0.0,0.0,0.0,0.0,0.0,0.921875,0.0625,0.0,0.0
9,8,0.015625,0.0,0.0,0.0,0.0,0.0,0.0,0.0,0.921875,0.0625,0.0,0.0
9,8,0.015625,0.0,0.0,0.0,0.0,0.0,0.0,0.0,0.921875,0.0625,0.0,0.0
9,8,0.015625,0.0,0.0,0.0,0.0,0.0,0.0,0.0,0.921875,0.0625,0.0,0.0
9,8,0.015625,0.0,0.0,0.0,0.0,0.0,0.0,0.0,0.921875,0.0625,0.0,0.0
9,8,0.015625,0.0,0.0,0.0,0.0,0.0,0.0,0.0,0.921875,0.0625,0.0,0.0
9,8,0.015625,0.0,0.0,0.0,0.0,0.0,0.0,0.0,0.921875,0.0625,0.0,0.0
9,8,0.015625,0.0,0.0,0.0,0.0,0.0,0.0,0.0,0.921875,0.0625,0.0,0.0
9,8,0.015625,0.0,0.0,0.0,0.0,0.0,0.0,0.0,0.921875,0.0625,0.0,0.0
9,8,0.015625,0.0,0.0,0.0,0.0,0.0,0.0,0.0,0.921875,0.0625,0.0,0.0
9,8,0.015625,0.0,0.0,0.0,0.0,0.0,0.0,0.0,0.921875,0.0625,0.0,0.0
9,8,0.015625,0.0,0.0,0.0,0.0,0.0,0.0,0.0,0.921875,0.0625,0.0,0.0
9,8,0.015625,0.0,0.0,0.0,0.0,0.0,0.0,0.0,0.921875,0.0625,0.0,0.0
9,8,0.015625,0.0,0.0,0.0,0.0,0.0,0.0,0.0,0.921875,0.0625,0.0,0.0
9,8,0.015625,0.0,0.0,0.0,0.0,0.0,0.0,0.0,0.921875,0.0625,0.0,0.0
9,8,0.015625,0.0,0.0,0.0,0.0,0.0,0.0,0.0,0.921875,0.0625,0.0,0.0
9,8,0.015625,0.0,0.0,0.0,0.0,0.0,0.0,0.0,0.921875,0.0625,0.0,0.0
9,8,0.015625,0.0,0.0,0.0,0.0,0.0,0.0,0.0,0.921875,0.0625,0.0,0.0
9,8,0.015625,0.0,0.0,0.0,0.0,0.0,0.0,0.0,0.921875,0.0625,0.0,0.0
9,8,0.015625,0.0,0.0,0.0,0.0,0.0,0.0,0.0,0.921875,0.0625,0.0,0.0
9,8,0.015625,0.0,0.0,0.0,0.0,0.0,0.0,0.0,0.921875,0.0625,0.0,0.0
9,8,0.015625,0.0,0.0,0.0,0.0,0.0,0.0,0.0,0.921875,0.0625,0.0,0.0
9,8,0.015625,0.0,0.0,0.0,0.0,0.0,0.0,0.0,0.921875,0.0625,0.0,0.0
9,8,0.015625,0.0,0.0,0.0,0.0,0.0,0.0,0.0,0.921875,0.0625,0.0,0.0
9,8,0.015625,0.0,0.0,0.0,0.0,0.0,0.0,0.0,0.921875,0.0625,0.0,0.0
9,8,0.015625,0.0,0.0,0.0,0.0,0.0,0.0,0.0,0.921875,0.0625,0.0,0.0
9,8,0.015625,0.0,0.0,0.0,0.0,0.0,0.0,0.0,0.921875,0.0625,0.0,0.0
9,8,0.015625,0.0,0.0,0.0,0.0,0.0,0.0,0.0,0.921875,0.0625,0.0,0.0
9,8,0.015625,0.0,0.0,0.0,0.0,0.0,0.0,0.0,0.921875,0.0625,0.0,0.0
9,8,0.015625,0.0,0.0,0.0,0.0,0.0,0.0,0.0,0.921875,0.0625,0.0,0.0
9,8,0.015625,0.0,0.0,0.0,0.0,0.0,0.0,0.0,0.921875,0.0625,0.0,0.0
9,8,0.015625,0.0,0.0,0.0,0.0,0.0,0.0,0.0,0.921875,0.0625,0.0,0.0
9,8,0.015625,0.0,0.0,0.0,0.0,0.0,0.0,0.0,0.921875,0.0625,0.0,0.0
9,8,0.015625,0.0,0.0,0.0,0.0,0.0,0.0,0.0,0.921875,0.0625,0.0,0.0
9,8,0.015625,0.0,0.0,0.0,0.0,0.0,0.0,0.0,0.921875,0.0625,0.0,0.0
9,8,0.015625,0.0,0.0,0.0,0.0,0.0,0.0,0.0,0.921875,0.0625,0.0,0.0
9,8,0.015625,0.0,0.0,0.0,0.0,0.0,0.0,0.0,0.921875,0.0625,0.0,0.0
9,8,0.015625,0.0,0.0,0.0,0.0,0.0,0.0,0.0,0.921875,0.0625,0.0,0.0
9,8,0.015625,0.0,0.0,0.0,0.0,0.0,0.0,0.0,0.921875,0.0625,0.0,0.0
9,8,0.015625,0.0,0.0,0.0,0.0,0.0,0.0,0.0,0.921875,0.0625,0.0,0.0
9,8,0.015625,0.0,0.0,0.0,0.0,0.0,0.0,0.0,0.921875,0.0625,0.0,0.0
9,8,0.015625,0.0,0.0,0.0,0.0,0.0,0.0,0.0,0.921875,0.0625,0.0,0.0
9,8,0.015625,0.0,0.0,0.0,0.0,0.0,0.0,0.0,0.921875,0.0625,0.0,0.0
9,8,0.015625,0.0,0.0,0.0,0.0,0.0,0.0,0.0,0.921875,0.0625,0.0,0.0
9,8,0.015625,0.0,0.0,0.0,0.0,0.0,0.0,0.0,0.921875,0.0625,0.0,0.0
9,8,0.015625,0.0,0.0,0.0,0.0,0.0,0.0,0.0,0.921875,0.0625,0.0,0.0
9,8,0.0,0.0,0.0,0.0,0.0,0.0,0.0,0.0,0.921875,0.078125,0.0,0.0
9,8,0.0,0.0,0.0,0.0,0.0,0.0,0.0,0.0,0.921875,0.078125,0.0,0.0
9,8,0.0,0.0,0.0,0.0,0.0,0.0,0.0,0.0,0.921875,0.078125,0.0,0.0
9,8,0.0,0.0,0.0,0.0,0.0,0.0,0.0,0.0,0.921875,0.078125,0.0,0.0
9,8,0.0,0.0,0.0,0.0,0.0,0.0,0.0,0.0,0.921875,0.078125,0.0,0.0
9,8,0.0,0.0,0.0,0.0,0.0,0.0,0.0,0.0,0.921875,0.078125,0.0,0.0
9,8,0.0,0.0,0.0,0.0,0.0,0.0,0.0,0.0,0.921875,0.078125,0.0,0.0
9,8,0.0,0.0,0.0,0.0,0.0,0.0,0.0,0.0,0.921875,0.078125,0.0,0.0
9,8,0.0,0.0,0.0,0.0,0.0,0.0,0.0,0.0,0.921875,0.078125,0.0,0.0
9,8,0.0,0.0,0.0,0.0,0.0,0.0,0.0,0.0,0.921875,0.078125,0.0,0.0
9,8,0.0,0.0,0.0,0.0,0.0,0.0,0.0,0.0,0.921875,0.078125,0.0,0.0
9,8,0.0,0.0,0.0,0.0,0.0,0.0,0.0,0.0,0.921875,0.078125,0.0,0.0
9,8,0.0,0.0,0.0,0.0,0.0,0.0,0.0,0.0,0.921875,0.078125,0.0,0.0
9,8,0.0,0.0,0.0,0.0,0.0,0.0,0.0,0.0,0.921875,0.078125,0.0,0.0
9,8,0.0,0.0,0.0,0.0,0.0,0.0,0.0,0.0,0.921875,0.078125,0.0,0.0
9,8,0.0,0.0,0.0,0.0,0.0,0.0,0.0,0.0,0.921875,0.078125,0.0,0.0
9,8,0.0,0.0,0.0,0.0,0.0,0.0,0.0,0.0,0.921875,0.078125,0.0,0.0
9,8,0.0,0.0,0.0,0.0,0.0,0.0,0.0,0.0,0.921875,0.078125,0.0,0.0
9,8,0.0,0.0,0.0,0.0,0.0,0.0,0.0,0.0,0.921875,0.078125,0.0,0.0
9,8,0.0,0.0,0.0,0.0,0.0,0.0,0.0,0.0,0.921875,0.078125,0.0,0.0
9,8,0.0,0.0,0.0,0.0,0.0,0.0,0.0,0.0,0.921875,0.078125,0.0,0.0
9,8,0.0,0.0,0.0,0.0,0.0,0.0,0.0,0.0,0.921875,0.078125,0.0,0.0
9,8,0.0,0.0,0.0,0.0,0.0,0.0,0.0,0.0,0.921875,0.078125,0.0,0.0
9,8,0.0,0.0,0.0,0.0,0.0,0.0,0.0,0.0,0.921875,0.078125,0.0,0.0
9,8,0.0,0.0,0.0,0.0,0.0,0.0,0.0,0.0,0.921875,0.078125,0.0,0.0
9,8,0.0,0.0,0.0,0.0,0.0,0.0,0.0,0.0,0.921875,0.078125,0.0,0.0
9,8,0.0,0.0,0.0,0.0,0.0,0.0,0.0,0.0,0.921875,0.078125,0.0,0.0
9,8,0.0,0.0,0.0,0.0,0.0,0.0,0.0,0.0,0.921875,0.078125,0.0,0.0
9,8,0.0,0.0,0.0,0.0,0.0,0.0,0.0,0.0,0.921875,0.078125,0.0,0.0
9,8,0.0,0.0,0.0,0.0,0.0,0.0,0.0,0.0,0.921875,0.078125,0.0,0.0
9,8,0.0,0.0,0.0,0.0,0.0,0.0,0.0,0.0,0.921875,0.078125,0.0,0.0
9,8,0.0,0.0,0.0,0.0,0.0,0.0,0.0,0.0,0.921875,0.078125,0.0,0.0
9,8,0.0,0.0,0.0,0.0,0.0,0.0,0.0,0.0,0.921875,0.078125,0.0,0.0
9,8,0.0,0.0,0.0,0.0,0.0,0.0,0.0,0.0,0.921875,0.078125,0.0,0.0
9,8,0.0,0.0,0.0,0.0,0.0,0.0,0.0,0.0,0.921875,0.078125,0.0,0.0
9,8,0.0,0.0,0.0,0.0,0.0,0.0,0.0,0.0,0.921875,0.078125,0.0,0.0
9,8,0.0,0.0,0.0,0.0,0.0,0.0,0.0,0.0,0.921875,0.078125,0.0,0.0
9,8,0.0,0.0,0.0,0.0,0.0,0.0,0.0,0.0,0.921875,0.078125,0.0,0.0
9,8,0.0,0.0,0.0,0.0,0.0,0.0,0.0,0.0,0.921875,0.078125,0.0,0.0
9,8,0.0,0.0,0.0,0.0,0.0,0.0,0.0,0.0,0.921875,0.078125,0.0,0.0
9,8,0.0,0.0,0.0,0.0,0.0,0.0,0.0,0.0,0.921875,0.078125,0.0,0.0
9,8,0.0,0.0,0.0,0.0,0.0,0.0,0.0,0.0,0.921875,0.078125,0.0,0.0
9,8,0.0,0.0,0.0,0.0,0.0,0.0,0.0,0.0,0.921875,0.078125,0.0,0.0
9,8,0.0,0.0,0.0,0.0,0.0,0.0,0.0,0.0,0.921875,0.078125,0.0,0.0
9,8,0.0,0.0,0.0,0.0,0.0,0.0,0.0,0.0,0.921875,0.078125,0.0,0.0
9,8,0.0,0.0,0.0,0.0,0.0,0.0,0.0,0.0,0.921875,0.078125,0.0,0.0
9,8,0.0,0.0,0.0,0.0,0.0,0.0,0.0,0.0,0.921875,0.078125,0.0,0.0
9,8,0.0,0.0,0.0,0.0,0.0,0.0,0.0,0.0,0.921875,0.078125,0.0,0.0
9,8,0.0,0.0,0.0,0.0,0.0,0.0,0.0,0.0,0.921875,0.078125,0.0,0.0
9,8,0.0,0.0,0.0,0.0,0.0,0.0,0.0,0.0,0.921875,0.078125,0.0,0.0
9,8,0.0,0.0,0.0,0.0,0.0,0.0,0.0,0.0,0.921875,0.078125,0.0,0.0
9,8,0.0,0.0,0.0,0.0,0.0,0.0,0.0,0.0,0.921875,0.078125,0.0,0.0
9,8,0.0,0.0,0.0,0.0,0.0,0.0,0.0,0.0,0.921875,0.078125,0.0,0.0
9,8,0.0,0.0,0.0,0.0,0.0,0.0,0.0,0.0,0.921875,0.078125,0.0,0.0
9,8,0.0,0.0,0.0,0.0,0.0,0.0,0.0,0.0,0.921875,0.078125,0.0,0.0
9,8,0.0,0.0,0.0,0.0,0.0,0.0,0.0,0.0,0.921875,0.078125,0.0,0.0
9,8,0.0,0.0,0.0,0.0,0.0,0.0,0.0,0.0,0.921875,0.078125,0.0,0.0
9,8,0.0,0.0,0.0,0.0,0.0,0.0,0.0,0.0,0.921875,0.078125,0.0,0.0
9,8,0.0,0.0,0.0,0.0,0.0,0.0,0.0,0.0,0.921875,0.078125,0.0,0.0
9,8,0.0,0.0,0.0,0.0,0.0,0.0,0.0,0.0,0.921875,0.078125,0.0,0.0
9,8,0.0,0.0,0.0,0.0,0.0,0.0,0.0,0.0,0.921875,0.078125,0.0,0.0
9,8,0.0,0.0,0.0,0.0,0.0,0.0,0.0,0.0,0.921875,0.078125,0.0,0.0
9,8,0.0,0.0,0.0,0.0,0.0,0.0,0.0,0.0,0.921875,0.078125,0.0,0.0
9,8,0.0,0.0,0.0,0.0,0.0,0.0,0.0,0.0,0.921875,0.078125,0.0,0.0
9,8,0.0,0.0,0.0,0.0,0.0,0.0,0.0,0.0,0.921875,0.078125,0.0,0.0
9,8,0.0,0.0,0.0,0.0,0.0,0.0,0.0,0.0,0.921875,0.078125,0.0,0.0
9,8,0.0,0.0,0.0,0.0,0.0,0.0,0.0,0.0,0.921875,0.078125,0.0,0.0
9,8,0.0,0.0,0.0,0.0,0.0,0.0,0.0,0.0,0.921875,0.078125,0.0,0.0
9,8,0.0,0.0,0.0,0.0,0.0,0.0,0.0,0.0,0.921875,0.078125,0.0,0.0
9,8,0.0,0.0,0.0,0.0,0.0,0.0,0.0,0.0,0.921875,0.078125,0.0,0.0
9,8,0.0,0.0,0.0,0.0,0.0,0.0,0.0,0.0,0.921875,0.078125,0.0,0.0
9,8,0.0,0.0,0.0,0.0,0.0,0.0,0.0,0.0,0.921875,0.078125,0.0,0.0
9,8,0.0,0.0,0.0,0.0,0.0,0.0,0.0,0.0,0.921875,0.078125,0.0,0.0
9,8,0.0,0.0,0.0,0.0,0.0,0.0,0.0,0.0,0.921875,0.078125,0.0,0.0
9,8,0.0,0.0,0.0,0.0,0.0,0.0,0.0,0.0,0.921875,0.078125,0.0,0.0
9,8,0.0,0.0,0.0,0.0,0.0,0.0,0.0,0.0,0.921875,0.078125,0.0,0.0
9,8,0.0,0.0,0.0,0.0,0.0,0.0,0.0,0.0,0.921875,0.078125,0.0,0.0
9,8,0.0,0.0,0.0,0.0,0.0,0.0,0.0,0.0,0.921875,0.078125,0.0,0.0
9,8,0.0,0.0,0.0,0.0,0.0,0.0,0.0,0.0,0.921875,0.078125,0.0,0.0
9,8,0.0,0.0,0.0,0.0,0.0,0.0,0.0,0.0,0.921875,0.078125,0.0,0.0
9,8,0.015625,0.0,0.0,0.0,0.0,0.0,0.0,0.0,0.921875,0.0625,0.0,0.0
9,8,0.015625,0.0,0.0,0.0,0.0,0.0,0.0,0.0,0.921875,0.0625,0.0,0.0
9,8,0.015625,0.0,0.0,0.0,0.0,0.0,0.0,0.0,0.921875,0.0625,0.0,0.0
9,8,0.015625,0.0,0.0,0.0,0.0,0.0,0.0,0.0,0.921875,0.0625,0.0,0.0
9,8,0.015625,0.0,0.0,0.0,0.0,0.0,0.0,0.0,0.921875,0.0625,0.0,0.0
9,8,0.015625,0.0,0.0,0.0,0.0,0.0,0.0,0.0,0.921875,0.0625,0.0,0.0
9,8,0.015625,0.0,0.0,0.0,0.0,0.0,0.0,0.0,0.921875,0.0625,0.0,0.0
9,8,0.015625,0.0,0.0,0.0,0.0,0.0,0.0,0.0,0.921875,0.0625,0.0,0.0
9,8,0.015625,0.0,0.0,0.0,0.0,0.0,0.0,0.0,0.921875,0.0625,0.0,0.0
9,8,0.015625,0.0,0.0,0.0,0.0,0.0,0.0,0.0,0.921875,0.0625,0.0,0.0
9,8,0.015625,0.0,0.0,0.0,0.0,0.0,0.0,0.0,0.921875,0.0625,0.0,0.0
9,8,0.015625,0.0,0.0,0.0,0.0,0.0,0.0,0.0,0.921875,0.0625,0.0,0.0
9,8,0.015625,0.0,0.0,0.0,0.0,0.0,0.0,0.0,0.921875,0.0625,0.0,0.0
9,8,0.015625,0.0,0.0,0.0,0.0,0.0,0.0,0.0,0.921875,0.0625,0.0,0.0
9,8,0.015625,0.0,0.0,0.0,0.0,0.0,0.0,0.0,0.921875,0.0625,0.0,0.0
9,8,0.015625,0.0,0.0,0.0,0.0,0.0,0.0,0.0,0.921875,0.0625,0.0,0.0
9,8,0.015625,0.0,0.0,0.0,0.0,0.0,0.0,0.0,0.921875,0.0625,0.0,0.0
9,8,0.015625,0.0,0.0,0.0,0.0,0.0,0.0,0.0,0.921875,0.0625,0.0,0.0
9,8,0.015625,0.0,0.0,0.0,0.0,0.0,0.0,0.0,0.921875,0.0625,0.0,0.0
9,8,0.015625,0.0,0.0,0.0,0.0,0.0,0.0,0.0,0.921875,0.0625,0.0,0.0
9,8,0.015625,0.0,0.0,0.0,0.0,0.0,0.0,0.0,0.921875,0.0625,0.0,0.0
9,8,0.015625,0.0,0.0,0.0,0.0,0.0,0.0,0.0,0.921875,0.0625,0.0,0.0
9,8,0.015625,0.0,0.0,0.0,0.0,0.0,0.0,0.0,0.921875,0.0625,0.0,0.0
9,8,0.015625,0.0,0.0,0.0,0.0,0.0,0.0,0.0,0.921875,0.0625,0.0,0.0
9,8,0.015625,0.0,0.0,0.0,0.0,0.0,0.0,0.0,0.921875,0.0625,0.0,0.0
9,8,0.015625,0.0,0.0,0.0,0.0,0.0,0.0,0.0,0.921875,0.0625,0.0,0.0
9,8,0.015625,0.0,0.0,0.0,0.0,0.0,0.0,0.0,0.921875,0.0625,0.0,0.0
9,8,0.015625,0.0,0.0,0.0,0.0,0.0,0.0,0.0,0.921875,0.0625,0.0,0.0
9,8,0.015625,0.0,0.0,0.0,0.0,0.0,0.0,0.0,0.921875,0.0625,0.0,0.0
9,8,0.015625,0.0,0.0,0.0,0.0,0.0,0.0,0.0,0.921875,0.0625,0.0,0.0
9,8,0.015625,0.0,0.0,0.0,0.0,0.0,0.0,0.0,0.921875,0.0625,0.0,0.0
9,8,0.015625,0.0,0.0,0.0,0.0,0.0,0.0,0.0,0.921875,0.0625,0.0,0.0
9,8,0.015625,0.0,0.0,0.0,0.0,0.0,0.0,0.0,0.921875,0.0625,0.0,0.0
9,8,0.015625,0.0,0.0,0.0,0.0,0.0,0.0,0.0,0.921875,0.0625,0.0,0.0
9,8,0.015625,0.0,0.0,0.0,0.0,0.0,0.0,0.0,0.921875,0.0625,0.0,0.0
9,8,0.015625,0.0,0.0,0.0,0.0,0.0,0.0,0.0,0.921875,0.0625,0.0,0.0
9,8,0.015625,0.0,0.0,0.0,0.0,0.0,0.0,0.0,0.921875,0.0625,0.0,0.0
9,8,0.015625,0.0,0.0,0.0,0.0,0.0,0.0,0.0,0.921875,0.0625,0.0,0.0
9,8,0.015625,0.0,0.0,0.0,0.0,0.0,0.0,0.0,0.921875,0.0625,0.0,0.0
9,8,0.015625,0.0,0.0,0.0,0.0,0.0,0.0,0.0,0.921875,0.0625,0.0,0.0
9,8,0.0,0.0,0.0,0.0,0.0,0.0,0.0,0.0,0.90625,0.09375,0.0,0.0
9,8,0.0,0.0,0.0,0.0,0.0,0.0,0.0,0.0,0.90625,0.09375,0.0,0.0
9,8,0.0,0.0,0.0,0.0,0.0,0.0,0.0,0.0,0.90625,0.09375,0.0,0.0
9,8,0.0,0.0,0.0,0.0,0.0,0.0,0.0,0.0,0.90625,0.09375,0.0,0.0
9,8,0.0,0.0,0.0,0.0,0.0,0.0,0.0,0.0,0.90625,0.09375,0.0,0.0
9,8,0.0,0.0,0.0,0.0,0.0,0.0,0.0,0.0,0.90625,0.09375,0.0,0.0
9,8,0.0,0.0,0.0,0.0,0.0,0.0,0.0,0.0,0.90625,0.09375,0.0,0.0
9,8,0.0,0.0,0.0,0.0,0.0,0.0,0.0,0.0,0.90625,0.09375,0.0,0.0
9,8,0.0,0.0,0.0,0.0,0.0,0.0,0.0,0.0,0.90625,0.09375,0.0,0.0
9,8,0.0,0.0,0.0,0.0,0.0,0.0,0.0,0.0,0.90625,0.09375,0.0,0.0
9,8,0.0,0.0,0.0,0.0,0.0,0.0,0.0,0.0,0.90625,0.09375,0.0,0.0
9,8,0.0,0.0,0.0,0.0,0.0,0.0,0.0,0.0,0.90625,0.09375,0.0,0.0
9,8,0.0,0.0,0.0,0.0,0.0,0.0,0.0,0.0,0.90625,0.09375,0.0,0.0
9,8,0.0,0.0,0.0,0.0,0.0,0.0,0.0,0.0,0.90625,0.09375,0.0,0.0
9,8,0.0,0.0,0.0,0.0,0.0,0.0,0.0,0.0,0.90625,0.09375,0.0,0.0
9,8,0.0,0.0,0.0,0.0,0.0,0.0,0.0,0.0,0.90625,0.09375,0.0,0.0
9,8,0.0,0.0,0.0,0.0,0.0,0.0,0.0,0.0,0.90625,0.09375,0.0,0.0
9,8,0.0,0.0,0.0,0.0,0.0,0.0,0.0,0.0,0.90625,0.09375,0.0,0.0
9,8,0.0,0.0,0.0,0.0,0.0,0.0,0.0,0.0,0.90625,0.09375,0.0,0.0
9,8,0.0,0.0,0.0,0.0,0.0,0.0,0.0,0.0,0.90625,0.09375,0.0,0.0
9,8,0.0,0.0,0.0,0.0,0.0,0.0,0.0,0.0,0.90625,0.09375,0.0,0.0
9,8,0.0,0.0,0.0,0.0,0.0,0.0,0.0,0.0,0.90625,0.09375,0.0,0.0
9,8,0.0,0.0,0.0,0.0,0.0,0.0,0.0,0.0,0.90625,0.09375,0.0,0.0
9,8,0.0,0.0,0.0,0.0,0.0,0.0,0.0,0.0,0.90625,0.09375,0.0,0.0
9,8,0.0,0.0,0.0,0.0,0.0,0.0,0.0,0.0,0.90625,0.09375,0.0,0.0
9,8,0.0,0.0,0.0,0.0,0.0,0.0,0.0,0.0,0.90625,0.09375,0.0,0.0
9,8,0.0,0.0,0.0,0.0,0.0,0.0,0.0,0.0,0.90625,0.09375,0.0,0.0
9,8,0.0,0.0,0.0,0.0,0.0,0.0,0.0,0.0,0.90625,0.09375,0.0,0.0
9,8,0.0,0.0,0.0,0.0,0.0,0.0,0.0,0.0,0.90625,0.09375,0.0,0.0
9,8,0.0,0.0,0.0,0.0,0.0,0.0,0.0,0.0,0.90625,0.09375,0.0,0.0
9,8,0.0,0.0,0.0,0.0,0.0,0.0,0.0,0.0,0.90625,0.09375,0.0,0.0
9,8,0.0,0.0,0.0,0.0,0.0,0.0,0.0,0.0,0.90625,0.09375,0.0,0.0
9,8,0.0,0.0,0.0,0.0,0.0,0.0,0.0,0.0,0.90625,0.09375,0.0,0.0
9,8,0.0,0.0,0.0,0.0,0.0,0.0,0.0,0.0,0.90625,0.09375,0.0,0.0
9,8,0.0,0.0,0.0,0.0,0.0,0.0,0.0,0.0,0.90625,0.09375,0.0,0.0
9,8,0.0,0.0,0.0,0.0,0.0,0.0,0.0,0.0,0.90625,0.09375,0.0,0.0
9,8,0.0,0.0,0.0,0.0,0.0,0.0,0.0,0.0,0.90625,0.09375,0.0,0.0
9,8,0.0,0.0,0.0,0.0,0.0,0.0,0.0,0.0,0.90625,0.09375,0.0,0.0
9,8,0.0,0.0,0.0,0.0,0.0,0.0,0.0,0.0,0.90625,0.09375,0.0,0.0
9,8,0.0,0.0,0.0,0.0,0.0,0.0,0.0,0.0,0.90625,0.09375,0.0,0.0
9,8,0.0,0.0,0.0,0.0,0.0,0.0,0.0,0.0,0.90625,0.09375,0.0,0.0
9,8,0.0,0.0,0.0,0.0,0.0,0.0,0.0,0.0,0.90625,0.09375,0.0,0.0
9,8,0.0,0.0,0.0,0.0,0.0,0.0,0.0,0.0,0.90625,0.09375,0.0,0.0
9,8,0.0,0.0,0.0,0.0,0.0,0.0,0.0,0.0,0.90625,0.09375,0.0,0.0
9,8,0.0,0.0,0.0,0.0,0.0,0.0,0.0,0.0,0.90625,0.09375,0.0,0.0
9,8,0.0,0.0,0.0,0.0,0.0,0.0,0.0,0.0,0.90625,0.09375,0.0,0.0
9,8,0.0,0.0,0.0,0.0,0.0,0.0,0.0,0.0,0.90625,0.09375,0.0,0.0
9,8,0.0,0.0,0.0,0.0,0.0,0.0,0.0,0.0,0.90625,0.09375,0.0,0.0
9,8,0.0,0.0,0.0,0.0,0.0,0.0,0.0,0.0,0.90625,0.09375,0.0,0.0
9,8,0.0,0.0,0.0,0.0,0.0,0.0,0.0,0.0,0.90625,0.09375,0.0,0.0
9,8,0.0,0.0,0.0,0.0,0.0,0.0,0.0,0.0,0.90625,0.09375,0.0,0.0
9,8,0.0,0.0,0.0,0.0,0.0,0.0,0.0,0.0,0.90625,0.09375,0.0,0.0
9,8,0.0,0.0,0.0,0.0,0.0,0.0,0.0,0.0,0.90625,0.09375,0.0,0.0
9,8,0.0,0.0,0.0,0.0,0.0,0.0,0.0,0.0,0.90625,0.09375,0.0,0.0
9,8,0.0,0.0,0.0,0.0,0.0,0.0,0.0,0.0,0.90625,0.09375,0.0,0.0
9,8,0.0,0.0,0.0,0.0,0.0,0.0,0.0,0.0,0.90625,0.09375,0.0,0.0
9,8,0.0,0.0,0.0,0.0,0.0,0.0,0.0,0.0,0.90625,0.09375,0.0,0.0
9,8,0.0,0.0,0.0,0.0,0.0,0.0,0.0,0.0,0.90625,0.09375,0.0,0.0
9,8,0.0,0.0,0.0,0.0,0.0,0.0,0.0,0.0,0.90625,0.09375,0.0,0.0
9,8,0.0,0.0,0.0,0.0,0.0,0.0,0.0,0.0,0.90625,0.09375,0.0,0.0
9,8,0.0,0.0,0.0,0.0,0.0,0.0,0.0,0.0,0.90625,0.09375,0.0,0.0
9,8,0.0,0.0,0.0,0.0,0.0,0.0,0.0,0.0,0.90625,0.09375,0.0,0.0
9,8,0.0,0.0,0.0,0.0,0.0,0.0,0.0,0.0,0.90625,0.09375,0.0,0.0
9,8,0.0,0.0,0.0,0.0,0.0,0.0,0.0,0.0,0.90625,0.09375,0.0,0.0
9,8,0.0,0.0,0.0,0.0,0.0,0.0,0.0,0.0,0.90625,0.09375,0.0,0.0
9,8,0.0,0.0,0.0,0.0,0.0,0.0,0.0,0.0,0.90625,0.09375,0.0,0.0
9,8,0.0,0.0,0.0,0.0,0.0,0.0,0.0,0.0,0.90625,0.09375,0.0,0.0
9,8,0.0,0.0,0.0,0.0,0.0,0.0,0.0,0.0,0.90625,0.09375,0.0,0.0
9,8,0.0,0.0,0.0,0.0,0.0,0.0,0.0,0.0,0.90625,0.09375,0.0,0.0
9,8,0.0,0.0,0.0,0.0,0.0,0.0,0.0,0.0,0.90625,0.09375,0.0,0.0
9,8,0.0,0.0,0.0,0.0,0.0,0.0,0.0,0.0,0.90625,0.09375,0.0,0.0
9,8,0.0,0.0,0.0,0.0,0.0,0.0,0.0,0.0,0.90625,0.09375,0.0,0.0
9,8,0.0,0.0,0.0,0.0,0.0,0.0,0.0,0.0,0.90625,0.09375,0.0,0.0
9,8,0.0,0.0,0.0,0.0,0.0,0.0,0.0,0.0,0.90625,0.09375,0.0,0.0
9,8,0.0,0.0,0.0,0.0,0.0,0.0,0.0,0.0,0.90625,0.09375,0.0,0.0
9,8,0.0,0.0,0.0,0.0,0.0,0.0,0.0,0.0,0.90625,0.09375,0.0,0.0
9,8,0.0,0.0,0.0,0.0,0.0,0.0,0.0,0.0,0.90625,0.09375,0.0,0.0
9,8,0.0,0.0,0.0,0.0,0.0,0.0,0.0,0.0,0.90625,0.09375,0.0,0.0
9,8,0.0,0.0,0.0,0.0,0.0,0.0,0.0,0.0,0.90625,0.09375,0.0,0.0
9,8,0.0,0.0,0.0,0.0,0.0,0.0,0.0,0.0,0.90625,0.09375,0.0,0.0
9,8,0.0,0.0,0.0,0.0,0.0,0.0,0.0,0.0,0.90625,0.09375,0.0,0.0
9,8,0.0,0.0,0.0,0.0,0.0,0.0,0.0,0.0,0.90625,0.09375,0.0,0.0
9,8,0.0,0.0,0.0,0.0,0.0,0.0,0.0,0.0,0.90625,0.09375,0.0,0.0
9,8,0.0,0.0,0.0,0.0,0.0,0.0,0.0,0.0,0.90625,0.09375,0.0,0.0
9,8,0.0,0.0,0.0,0.0,0.0,0.0,0.0,0.0,0.90625,0.09375,0.0,0.0
9,8,0.0,0.0,0.0,0.0,0.0,0.0,0.0,0.0,0.90625,0.09375,0.0,0.0
9,8,0.0,0.0,0.0,0.0,0.0,0.0,0.0,0.0,0.90625,0.09375,0.0,0.0
9,8,0.0,0.0,0.0,0.0,0.0,0.0,0.0,0.0,0.90625,0.09375,0.0,0.0
9,8,0.0,0.0,0.0,0.0,0.0,0.0,0.0,0.0,0.90625,0.09375,0.0,0.0
9,8,0.0,0.0,0.0,0.0,0.0,0.0,0.0,0.0,0.90625,0.09375,0.0,0.0
9,8,0.0,0.0,0.0,0.0,0.0,0.0,0.0,0.0,0.90625,0.09375,0.0,0.0
9,8,0.0,0.0,0.0,0.0,0.0,0.0,0.0,0.0,0.90625,0.09375,0.0,0.0
9,8,0.0,0.0,0.0,0.0,0.0,0.0,0.0,0.0,0.90625,0.09375,0.0,0.0
9,8,0.0,0.0,0.0,0.0,0.0,0.0,0.0,0.0,0.90625,0.09375,0.0,0.0
9,8,0.0,0.0,0.0,0.0,0.0,0.0,0.0,0.0,0.90625,0.09375,0.0,0.0
9,8,0.0,0.0,0.0,0.0,0.0,0.0,0.0,0.0,0.90625,0.09375,0.0,0.0
9,8,0.0,0.0,0.0,0.0,0.0,0.0,0.0,0.0,0.90625,0.09375,0.0,0.0
9,8,0.0,0.0,0.0,0.0,0.0,0.0,0.0,0.0,0.90625,0.09375,0.0,0.0
9,8,0.0,0.0,0.0,0.0,0.0,0.0,0.0,0.0,0.90625,0.09375,0.0,0.0
9,8,0.0,0.0,0.0,0.0,0.0,0.0,0.0,0.0,0.90625,0.09375,0.0,0.0
9,8,0.0,0.0,0.0,0.0,0.0,0.0,0.0,0.0,0.90625,0.09375,0.0,0.0
9,8,0.0,0.0,0.0,0.0,0.0,0.0,0.0,0.0,0.90625,0.09375,0.0,0.0
9,8,0.0,0.0,0.0,0.0,0.0,0.0,0.0,0.0,0.90625,0.09375,0.0,0.0
9,8,0.0,0.0,0.0,0.0,0.0,0.0,0.0,0.0,0.90625,0.09375,0.0,0.0
9,8,0.0,0.0,0.0,0.0,0.0,0.0,0.0,0.0,0.90625,0.09375,0.0,0.0
9,8,0.0,0.0,0.0,0.0,0.0,0.0,0.0,0.0,0.90625,0.09375,0.0,0.0
9,8,0.0,0.0,0.0,0.0,0.0,0.0,0.0,0.0,0.90625,0.09375,0.0,0.0
9,8,0.0,0.0,0.0,0.0,0.0,0.0,0.0,0.0,0.90625,0.09375,0.0,0.0
9,8,0.0,0.0,0.0,0.0,0.0,0.0,0.0,0.0,0.890625,0.09375,0.015625,0.0
9,8,0.0,0.0,0.0,0.0,0.0,0.0,0.0,0.0,0.890625,0.09375,0.015625,0.0
9,8,0.0,0.0,0.0,0.0,0.0,0.0,0.0,0.0,0.890625,0.09375,0.015625,0.0
9,8,0.0,0.0,0.0,0.0,0.0,0.0,0.0,0.0,0.890625,0.09375,0.015625,0.0
9,8,0.0,0.0,0.0,0.0,0.0,0.0,0.0,0.0,0.890625,0.09375,0.015625,0.0
9,8,0.0,0.0,0.0,0.0,0.0,0.0,0.0,0.0,0.890625,0.09375,0.015625,0.0
9,8,0.0,0.0,0.0,0.0,0.0,0.0,0.0,0.0,0.890625,0.09375,0.015625,0.0
9,8,0.0,0.0,0.0,0.0,0.0,0.0,0.0,0.0,0.890625,0.09375,0.015625,0.0
9,8,0.0,0.0,0.0,0.0,0.0,0.0,0.0,0.0,0.890625,0.09375,0.015625,0.0
9,8,0.0,0.0,0.0,0.0,0.0,0.0,0.0,0.0,0.890625,0.09375,0.015625,0.0
9,8,0.0,0.0,0.0,0.0,0.0,0.0,0.0,0.0,0.890625,0.09375,0.015625,0.0
9,8,0.0,0.0,0.0,0.0,0.0,0.0,0.0,0.0,0.890625,0.09375,0.015625,0.0
9,8,0.0,0.0,0.0,0.0,0.0,0.0,0.0,0.0,0.890625,0.09375,0.015625,0.0
9,8,0.0,0.0,0.0,0.0,0.0,0.0,0.0,0.0,0.890625,0.09375,0.015625,0.0
9,8,0.0,0.0,0.0,0.0,0.0,0.0,0.0,0.0,0.890625,0.09375,0.015625,0.0
9,8,0.0,0.0,0.0,0.0,0.0,0.0,0.0,0.0,0.890625,0.09375,0.015625,0.0
9,8,0.0,0.0,0.0,0.0,0.0,0.0,0.0,0.0,0.890625,0.09375,0.015625,0.0
9,8,0.0,0.0,0.0,0.0,0.0,0.0,0.0,0.0,0.890625,0.09375,0.015625,0.0
9,8,0.0,0.0,0.0,0.0,0.0,0.0,0.0,0.0,0.890625,0.09375,0.015625,0.0
9,8,0.0,0.0,0.0,0.0,0.0,0.0,0.0,0.0,0.890625,0.09375,0.015625,0.0
9,8,0.0,0.0,0.0,0.0,0.0,0.0,0.0,0.0,0.890625,0.09375,0.015625,0.0
9,8,0.0,0.0,0.0,0.0,0.0,0.0,0.0,0.0,0.890625,0.09375,0.015625,0.0
9,8,0.0,0.0,0.0,0.0,0.0,0.0,0.0,0.0,0.890625,0.09375,0.015625,0.0
9,8,0.0,0.0,0.0,0.0,0.0,0.0,0.0,0.0,0.890625,0.09375,0.015625,0.0
9,8,0.0,0.0,0.0,0.0,0.0,0.0,0.0,0.0,0.890625,0.09375,0.015625,0.0
9,8,0.0,0.0,0.0,0.0,0.0,0.0,0.0,0.0,0.890625,0.09375,0.015625,0.0
9,8,0.0,0.0,0.0,0.0,0.0,0.0,0.0,0.0,0.890625,0.09375,0.015625,0.0
9,8,0.0,0.0,0.0,0.0,0.0,0.0,0.0,0.0,0.890625,0.09375,0.015625,0.0
9,8,0.0,0.0,0.0,0.0,0.0,0.0,0.0,0.0,0.890625,0.09375,0.015625,0.0
9,8,0.0,0.0,0.0,0.0,0.0,0.0,0.0,0.0,0.890625,0.09375,0.015625,0.0
9,8,0.0,0.0,0.0,0.0,0.0,0.0,0.0,0.0,0.890625,0.09375,0.015625,0.0
9,8,0.0,0.0,0.0,0.0,0.0,0.0,0.0,0.0,0.890625,0.09375,0.015625,0.0
9,8,0.0,0.0,0.0,0.0,0.0,0.0,0.0,0.0,0.890625,0.09375,0.015625,0.0
9,8,0.0,0.0,0.0,0.0,0.0,0.0,0.0,0.0,0.890625,0.09375,0.015625,0.0
9,8,0.0,0.0,0.0,0.0,0.0,0.0,0.0,0.0,0.890625,0.09375,0.015625,0.0
9,8,0.0,0.0,0.0,0.0,0.0,0.0,0.0,0.0,0.890625,0.09375,0.015625,0.0
9,8,0.0,0.0,0.0,0.0,0.0,0.0,0.0,0.0,0.890625,0.09375,0.015625,0.0
9,8,0.0,0.0,0.0,0.0,0.0,0.0,0.0,0.0,0.890625,0.09375,0.015625,0.0
9,8,0.0,0.0,0.0,0.0,0.0,0.0,0.0,0.0,0.890625,0.09375,0.015625,0.0
9,8,0.0,0.0,0.0,0.0,0.0,0.0,0.0,0.0,0.890625,0.09375,0.015625,0.0
9,8,0.0,0.0,0.0,0.0,0.0,0.0,0.0,0.0,0.890625,0.09375,0.015625,0.0
9,8,0.0,0.0,0.0,0.0,0.0,0.0,0.0,0.0,0.890625,0.09375,0.015625,0.0
9,8,0.0,0.0,0.0,0.0,0.0,0.0,0.0,0.0,0.890625,0.09375,0.015625,0.0
9,8,0.0,0.0,0.0,0.0,0.0,0.0,0.0,0.0,0.890625,0.09375,0.015625,0.0
9,8,0.0,0.0,0.0,0.0,0.0,0.0,0.0,0.0,0.890625,0.09375,0.015625,0.0
9,8,0.0,0.0,0.0,0.0,0.0,0.0,0.0,0.0,0.890625,0.09375,0.015625,0.0
9,8,0.0,0.0,0.0,0.0,0.0,0.0,0.0,0.0,0.890625,0.09375,0.015625,0.0
9,8,0.0,0.0,0.0,0.0,0.0,0.0,0.0,0.0,0.890625,0.09375,0.015625,0.0
9,8,0.0,0.0,0.0,0.0,0.0,0.0,0.0,0.0,0.890625,0.09375,0.015625,0.0
9,8,0.0,0.0,0.0,0.0,0.0,0.0,0.0,0.0,0.890625,0.09375,0.015625,0.0
9,8,0.0,0.0,0.0,0.0,0.0,0.0,0.0,0.0,0.890625,0.09375,0.015625,0.0
9,8,0.0,0.0,0.0,0.0,0.0,0.0,0.0,0.0,0.890625,0.09375,0.015625,0.0
9,8,0.0,0.0,0.0,0.0,0.0,0.0,0.0,0.0,0.890625,0.09375,0.015625,0.0
9,8,0.0,0.0,0.0,0.0,0.0,0.0,0.0,0.0,0.890625,0.09375,0.015625,0.0
9,8,0.0,0.0,0.0,0.0,0.0,0.0,0.0,0.0,0.890625,0.09375,0.015625,0.0
9,8,0.0,0.0,0.0,0.0,0.0,0.0,0.0,0.0,0.890625,0.09375,0.015625,0.0
9,8,0.0,0.0,0.0,0.0,0.0,0.0,0.0,0.0,0.890625,0.09375,0.015625,0.0
9,8,0.0,0.0,0.0,0.0,0.0,0.0,0.0,0.0,0.890625,0.09375,0.015625,0.0
9,8,0.0,0.0,0.0,0.0,0.0,0.0,0.0,0.0,0.890625,0.09375,0.015625,0.0
9,8,0.0,0.0,0.0,0.0,0.0,0.0,0.0,0.0,0.890625,0.09375,0.015625,0.0
9,8,0.0,0.0,0.0,0.0,0.0,0.0,0.0,0.0,0.890625,0.09375,0.015625,0.0
9,8,0.0,0.0,0.0,0.0,0.0,0.0,0.0,0.0,0.890625,0.09375,0.015625,0.0
9,8,0.0,0.0,0.0,0.0,0.0,0.0,0.0,0.0,0.890625,0.09375,0.015625,0.0
9,8,0.0,0.0,0.0,0.0,0.0,0.0,0.0,0.0,0.890625,0.09375,0.015625,0.0
9,8,0.0,0.0,0.0,0.0,0.0,0.0,0.0,0.0,0.890625,0.09375,0.015625,0.0
9,8,0.0,0.0,0.0,0.0,0.0,0.0,0.0,0.0,0.890625,0.09375,0.015625,0.0
9,8,0.0,0.0,0.0,0.0,0.0,0.0,0.0,0.0,0.890625,0.09375,0.015625,0.0
9,8,0.0,0.0,0.0,0.0,0.0,0.0,0.0,0.0,0.890625,0.09375,0.015625,0.0
9,8,0.0,0.0,0.0,0.0,0.0,0.0,0.0,0.0,0.890625,0.09375,0.015625,0.0
9,8,0.0,0.0,0.0,0.0,0.0,0.0,0.0,0.0,0.890625,0.09375,0.015625,0.0
9,8,0.0,0.0,0.0,0.0,0.0,0.0,0.0,0.0,0.890625,0.09375,0.015625,0.0
9,8,0.0,0.0,0.0,0.0,0.0,0.0,0.0,0.0,0.890625,0.09375,0.015625,0.0
9,8,0.0,0.0,0.0,0.0,0.0,0.0,0.0,0.0,0.890625,0.09375,0.015625,0.0
9,8,0.0,0.0,0.0,0.0,0.0,0.0,0.0,0.0,0.890625,0.09375,0.015625,0.0
9,8,0.0,0.0,0.0,0.0,0.0,0.0,0.0,0.0,0.890625,0.09375,0.015625,0.0
9,8,0.0,0.0,0.0,0.0,0.0,0.0,0.0,0.0,0.890625,0.09375,0.015625,0.0
9,8,0.0,0.0,0.0,0.0,0.0,0.0,0.0,0.0,0.890625,0.09375,0.015625,0.0
9,8,0.0,0.0,0.0,0.0,0.0,0.0,0.0,0.0,0.890625,0.09375,0.015625,0.0
9,8,0.0,0.0,0.0,0.0,0.0,0.0,0.0,0.0,0.890625,0.09375,0.015625,0.0
9,8,0.0,0.0,0.0,0.0,0.0,0.0,0.0,0.0,0.890625,0.09375,0.015625,0.0
9,8,0.0,0.0,0.0,0.0,0.0,0.0,0.0,0.0,0.890625,0.09375,0.015625,0.0
9,8,0.0,0.0,0.0,0.0,0.0,0.0,0.0,0.0,0.890625,0.09375,0.015625,0.0
9,8,0.0,0.0,0.0,0.0,0.0,0.0,0.0,0.0,0.890625,0.09375,0.015625,0.0
9,8,0.0,0.0,0.0,0.0,0.0,0.0,0.0,0.0,0.890625,0.09375,0.015625,0.0
9,8,0.0,0.0,0.0,0.0,0.0,0.0,0.0,0.0,0.890625,0.09375,0.015625,0.0
9,8,0.0,0.0,0.0,0.0,0.0,0.0,0.0,0.0,0.890625,0.09375,0.015625,0.0
9,8,0.0,0.0,0.0,0.0,0.0,0.0,0.0,0.0,0.890625,0.09375,0.015625,0.0
9,8,0.0,0.0,0.0,0.0,0.0,0.0,0.0,0.0,0.890625,0.09375,0.015625,0.0
9,8,0.0,0.0,0.0,0.0,0.0,0.0,0.0,0.0,0.890625,0.09375,0.015625,0.0
9,8,0.0,0.0,0.0,0.0,0.0,0.0,0.0,0.0,0.890625,0.09375,0.015625,0.0
9,8,0.0,0.0,0.0,0.0,0.0,0.0,0.0,0.0,0.890625,0.09375,0.015625,0.0
9,8,0.0,0.0,0.0,0.0,0.0,0.0,0.0,0.0,0.890625,0.09375,0.015625,0.0
9,8,0.0,0.0,0.0,0.0,0.0,0.0,0.0,0.0,0.890625,0.09375,0.015625,0.0
9,8,0.0,0.0,0.0,0.0,0.0,0.0,0.0,0.0,0.890625,0.09375,0.015625,0.0
9,8,0.0,0.0,0.0,0.0,0.0,0.0,0.0,0.0,0.890625,0.09375,0.015625,0.0
9,8,0.0,0.0,0.0,0.0,0.0,0.0,0.0,0.0,0.890625,0.09375,0.015625,0.0
9,8,0.0,0.0,0.0,0.0,0.0,0.0,0.0,0.0,0.890625,0.09375,0.015625,0.0
9,8,0.0,0.0,0.0,0.0,0.0,0.0,0.0,0.0,0.890625,0.09375,0.015625,0.0
9,8,0.0,0.0,0.0,0.0,0.0,0.0,0.0,0.0,0.890625,0.09375,0.015625,0.0
9,8,0.0,0.0,0.0,0.0,0.0,0.0,0.0,0.0,0.890625,0.09375,0.015625,0.0
9,8,0.0,0.0,0.0,0.0,0.0,0.0,0.0,0.0,0.890625,0.09375,0.015625,0.0
9,8,0.0,0.0,0.0,0.0,0.0,0.0,0.0,0.0,0.890625,0.09375,0.015625,0.0
9,8,0.0,0.0,0.0,0.0,0.0,0.0,0.0,0.0,0.890625,0.09375,0.015625,0.0
9,8,0.0,0.0,0.0,0.0,0.0,0.0,0.0,0.0,0.890625,0.09375,0.015625,0.0
9,8,0.0,0.0,0.0,0.0,0.0,0.0,0.0,0.0,0.890625,0.09375,0.015625,0.0
9,8,0.0,0.0,0.0,0.0,0.0,0.0,0.0,0.0,0.890625,0.09375,0.015625,0.0
9,8,0.0,0.0,0.0,0.0,0.0,0.0,0.0,0.0,0.890625,0.09375,0.015625,0.0
9,8,0.0,0.0,0.0,0.0,0.0,0.0,0.0,0.0,0.890625,0.09375,0.015625,0.0
9,8,0.0,0.0,0.0,0.0,0.0,0.0,0.0,0.0,0.890625,0.09375,0.015625,0.0
9,8,0.0,0.0,0.0,0.0,0.0,0.0,0.0,0.0,0.890625,0.09375,0.015625,0.0
9,8,0.0,0.0,0.0,0.0,0.0,0.0,0.0,0.0,0.890625,0.09375,0.015625,0.0
9,8,0.0,0.0,0.0,0.0,0.0,0.0,0.0,0.0,0.890625,0.09375,0.015625,0.0
9,8,0.0,0.0,0.0,0.0,0.0,0.0,0.0,0.0,0.890625,0.09375,0.015625,0.0
9,8,0.0,0.0,0.0,0.0,0.0,0.0,0.0,0.0,0.890625,0.09375,0.015625,0.0
9,8,0.0,0.0,0.0,0.0,0.0,0.0,0.0,0.0,0.890625,0.09375,0.015625,0.0
9,8,0.0,0.0,0.0,0.0,0.0,0.0,0.0,0.0,0.890625,0.09375,0.015625,0.0
9,8,0.0,0.0,0.0,0.0,0.0,0.0,0.0,0.0,0.890625,0.09375,0.015625,0.0
9,8,0.0,0.0,0.0,0.0,0.0,0.0,0.0,0.0,0.890625,0.09375,0.015625,0.0
9,8,0.0,0.0,0.0,0.0,0.0,0.0,0.0,0.0,0.890625,0.09375,0.015625,0.0
9,8,0.0,0.0,0.0,0.0,0.0,0.0,0.0,0.0,0.890625,0.09375,0.015625,0.0
9,8,0.0,0.0,0.0,0.0,0.0,0.0,0.0,0.0,0.890625,0.09375,0.015625,0.0
9,8,0.0,0.0,0.0,0.0,0.0,0.0,0.0,0.0,0.890625,0.09375,0.015625,0.0
9,8,0.0,0.0,0.0,0.0,0.0,0.0,0.0,0.0,0.890625,0.09375,0.015625,0.0
9,8,0.0,0.0,0.0,0.0,0.0,0.0,0.0,0.0,0.890625,0.09375,0.015625,0.0
9,8,0.0,0.0,0.0,0.0,0.0,0.0,0.0,0.0,0.890625,0.09375,0.015625,0.0
9,8,0.0,0.0,0.0,0.0,0.0,0.0,0.0,0.0,0.890625,0.09375,0.015625,0.0
9,8,0.0,0.0,0.0,0.0,0.0,0.0,0.0,0.0,0.890625,0.09375,0.015625,0.0
9,8,0.0,0.0,0.0,0.0,0.0,0.0,0.0,0.0,0.890625,0.09375,0.015625,0.0
9,8,0.0,0.0,0.0,0.0,0.0,0.0,0.0,0.0,0.890625,0.09375,0.015625,0.0
9,8,0.0,0.0,0.0,0.0,0.0,0.0,0.0,0.0,0.890625,0.09375,0.015625,0.0
9,8,0.0,0.0,0.0,0.0,0.0,0.0,0.0,0.0,0.890625,0.09375,0.015625,0.0
9,8,0.0,0.0,0.0,0.0,0.0,0.0,0.0,0.0,0.890625,0.09375,0.015625,0.0
9,8,0.0,0.0,0.0,0.0,0.0,0.0,0.0,0.0,0.890625,0.09375,0.015625,0.0
9,8,0.0,0.0,0.0,0.0,0.0,0.0,0.0,0.0,0.890625,0.09375,0.015625,0.0
9,8,0.0,0.0,0.0,0.0,0.0,0.0,0.0,0.0,0.890625,0.09375,0.015625,0.0
9,8,0.0,0.0,0.0,0.0,0.0,0.0,0.0,0.0,0.890625,0.09375,0.015625,0.0
9,8,0.0,0.0,0.0,0.0,0.0,0.0,0.0,0.0,0.890625,0.09375,0.015625,0.0
9,8,0.0,0.0,0.0,0.0,0.0,0.0,0.0,0.0,0.890625,0.09375,0.015625,0.0
9,8,0.0,0.0,0.0,0.0,0.0,0.0,0.0,0.0,0.890625,0.09375,0.015625,0.0
9,8,0.0,0.0,0.0,0.0,0.0,0.0,0.0,0.0,0.890625,0.09375,0.015625,0.0
9,8,0.0,0.0,0.0,0.0,0.0,0.0,0.0,0.0,0.890625,0.09375,0.015625,0.0
9,8,0.0,0.0,0.0,0.0,0.0,0.0,0.0,0.0,0.890625,0.09375,0.015625,0.0
9,8,0.0,0.0,0.0,0.0,0.0,0.0,0.0,0.0,0.890625,0.09375,0.015625,0.0
9,8,0.0,0.0,0.0,0.0,0.0,0.0,0.0,0.0,0.890625,0.09375,0.015625,0.0
9,8,0.0,0.0,0.0,0.0,0.0,0.0,0.0,0.0,0.890625,0.09375,0.015625,0.0
9,8,0.0,0.0,0.0,0.0,0.0,0.0,0.0,0.0,0.890625,0.09375,0.015625,0.0
9,8,0.0,0.0,0.0,0.0,0.0,0.0,0.0,0.0,0.890625,0.09375,0.015625,0.0
9,8,0.0,0.0,0.0,0.0,0.0,0.0,0.0,0.0,0.890625,0.09375,0.015625,0.0
9,8,0.0,0.0,0.0,0.0,0.0,0.0,0.0,0.0,0.890625,0.09375,0.015625,0.0
9,8,0.0,0.0,0.0,0.0,0.0,0.0,0.0,0.0,0.890625,0.09375,0.015625,0.0
9,8,0.0,0.0,0.0,0.0,0.0,0.0,0.0,0.0,0.890625,0.09375,0.015625,0.0
9,8,0.0,0.0,0.0,0.0,0.0,0.0,0.0,0.0,0.890625,0.09375,0.015625,0.0
9,8,0.0,0.0,0.0,0.0,0.0,0.0,0.0,0.0,0.890625,0.09375,0.015625,0.0
9,8,0.0,0.0,0.0,0.0,0.0,0.0,0.0,0.0,0.890625,0.09375,0.015625,0.0
9,8,0.0,0.0,0.0,0.0,0.0,0.0,0.0,0.0,0.890625,0.09375,0.015625,0.0
9,8,0.0,0.0,0.0,0.0,0.0,0.0,0.0,0.0,0.890625,0.09375,0.015625,0.0
9,8,0.0,0.0,0.0,0.0,0.0,0.0,0.0,0.0,0.890625,0.09375,0.015625,0.0
9,8,0.0,0.0,0.0,0.0,0.0,0.0,0.0,0.0,0.890625,0.09375,0.015625,0.0
9,8,0.0,0.0,0.0,0.0,0.0,0.0,0.0,0.0,0.890625,0.09375,0.015625,0.0
9,8,0.0,0.0,0.0,0.0,0.0,0.0,0.0,0.0,0.890625,0.09375,0.015625,0.0
9,8,0.0,0.0,0.0,0.0,0.0,0.0,0.0,0.0,0.890625,0.09375,0.015625,0.0
9,8,0.0,0.0,0.0,0.0,0.0,0.0,0.0,0.0,0.890625,0.09375,0.015625,0.0
9,8,0.0,0.0,0.0,0.0,0.0,0.0,0.0,0.0,0.890625,0.09375,0.015625,0.0
9,8,0.0,0.0,0.0,0.0,0.0,0.0,0.0,0.0,0.890625,0.09375,0.015625,0.0
9,8,0.0,0.0,0.0,0.0,0.0,0.0,0.0,0.0,0.890625,0.09375,0.015625,0.0
9,8,0.0,0.0,0.0,0.0,0.0,0.0,0.0,0.0,0.890625,0.09375,0.015625,0.0
9,8,0.0,0.0,0.0,0.0,0.0,0.0,0.0,0.0,0.890625,0.09375,0.015625,0.0
9,8,0.0,0.0,0.0,0.0,0.0,0.0,0.0,0.0,0.890625,0.09375,0.015625,0.0
9,8,0.0,0.0,0.0,0.0,0.0,0.0,0.0,0.0,0.890625,0.09375,0.015625,0.0
9,8,0.0,0.0,0.0,0.0,0.0,0.0,0.0,0.0,0.890625,0.09375,0.015625,0.0
9,8,0.0,0.0,0.0,0.0,0.0,0.0,0.0,0.0,0.890625,0.09375,0.015625,0.0
9,8,0.0,0.0,0.0,0.0,0.0,0.0,0.0,0.0,0.890625,0.09375,0.015625,0.0
9,8,0.0,0.0,0.0,0.0,0.0,0.0,0.0,0.0,0.890625,0.09375,0.015625,0.0
9,8,0.0,0.0,0.0,0.0,0.0,0.0,0.0,0.0,0.890625,0.09375,0.015625,0.0
9,8,0.0,0.0,0.0,0.0,0.0,0.0,0.0,0.0,0.890625,0.09375,0.015625,0.0
9,8,0.0,0.0,0.0,0.0,0.0,0.0,0.0,0.0,0.890625,0.09375,0.015625,0.0
9,8,0.0,0.0,0.0,0.0,0.0,0.0,0.0,0.0,0.890625,0.09375,0.015625,0.0
9,8,0.0,0.0,0.0,0.0,0.0,0.0,0.0,0.0,0.890625,0.09375,0.015625,0.0
9,8,0.0,0.0,0.0,0.0,0.0,0.0,0.0,0.0,0.890625,0.09375,0.015625,0.0
9,8,0.0,0.0,0.0,0.0,0.0,0.0,0.0,0.0,0.890625,0.09375,0.015625,0.0
9,8,0.0,0.0,0.0,0.0,0.0,0.0,0.0,0.0,0.890625,0.09375,0.015625,0.0
9,8,0.0,0.0,0.0,0.0,0.0,0.0,0.0,0.0,0.890625,0.09375,0.015625,0.0
9,8,0.0,0.0,0.0,0.0,0.0,0.0,0.0,0.0,0.890625,0.09375,0.015625,0.0
9,8,0.0,0.0,0.0,0.0,0.0,0.0,0.0,0.0,0.890625,0.09375,0.015625,0.0
9,8,0.0,0.0,0.0,0.0,0.0,0.0,0.0,0.0,0.890625,0.09375,0.015625,0.0
9,8,0.0,0.0,0.0,0.0,0.0,0.0,0.0,0.0,0.890625,0.09375,0.015625,0.0
9,8,0.0,0.0,0.0,0.0,0.0,0.0,0.0,0.0,0.890625,0.09375,0.015625,0.0
9,8,0.0,0.0,0.0,0.0,0.0,0.0,0.0,0.0,0.890625,0.09375,0.015625,0.0
9,8,0.0,0.0,0.0,0.0,0.0,0.0,0.0,0.0,0.890625,0.09375,0.015625,0.0
9,8,0.0,0.0,0.0,0.0,0.0,0.0,0.0,0.0,0.890625,0.09375,0.015625,0.0
9,8,0.0,0.0,0.0,0.0,0.0,0.0,0.0,0.0,0.890625,0.09375,0.015625,0.0
9,8,0.0,0.0,0.0,0.0,0.0,0.0,0.0,0.0,0.890625,0.09375,0.015625,0.0
9,8,0.0,0.0,0.0,0.0,0.0,0.0,0.0,0.0,0.890625,0.09375,0.015625,0.0
9,8,0.0,0.0,0.0,0.0,0.0,0.0,0.0,0.0,0.890625,0.09375,0.015625,0.0
9,8,0.0,0.0,0.0,0.0,0.0,0.0,0.0,0.0,0.890625,0.09375,0.015625,0.0
9,8,0.0,0.0,0.0,0.0,0.0,0.0,0.0,0.0,0.890625,0.09375,0.015625,0.0
9,8,0.0,0.0,0.0,0.0,0.0,0.0,0.0,0.0,0.890625,0.09375,0.015625,0.0
9,8,0.0,0.0,0.0,0.0,0.0,0.0,0.0,0.0,0.890625,0.09375,0.015625,0.0
9,8,0.0,0.0,0.0,0.0,0.0,0.0,0.0,0.0,0.890625,0.09375,0.015625,0.0
9,8,0.0,0.0,0.0,0.0,0.0,0.0,0.0,0.0,0.890625,0.09375,0.015625,0.0
9,8,0.0,0.0,0.0,0.0,0.0,0.0,0.0,0.0,0.890625,0.09375,0.015625,0.0
9,8,0.0,0.0,0.0,0.0,0.0,0.0,0.0,0.0,0.890625,0.09375,0.015625,0.0
9,8,0.0,0.0,0.0,0.0,0.0,0.0,0.0,0.0,0.890625,0.09375,0.015625,0.0
9,8,0.0,0.0,0.0,0.0,0.0,0.0,0.0,0.0,0.890625,0.09375,0.015625,0.0
9,8,0.0,0.0,0.0,0.0,0.0,0.0,0.0,0.0,0.890625,0.09375,0.015625,0.0
9,8,0.0,0.0,0.0,0.0,0.0,0.0,0.0,0.0,0.890625,0.09375,0.015625,0.0
9,8,0.0,0.0,0.0,0.0,0.0,0.0,0.0,0.0,0.875,0.109375,0.015625,0.0
9,8,0.0,0.0,0.0,0.0,0.0,0.0,0.0,0.0,0.875,0.109375,0.015625,0.0
9,8,0.0,0.0,0.0,0.0,0.0,0.0,0.0,0.0,0.875,0.109375,0.015625,0.0
9,8,0.0,0.0,0.0,0.0,0.0,0.0,0.0,0.0,0.875,0.109375,0.015625,0.0
9,8,0.0,0.0,0.0,0.0,0.0,0.0,0.0,0.0,0.875,0.109375,0.015625,0.0
9,8,0.0,0.0,0.0,0.0,0.0,0.0,0.0,0.0,0.875,0.109375,0.015625,0.0
9,8,0.0,0.0,0.0,0.0,0.0,0.0,0.0,0.0,0.859375,0.125,0.015625,0.0
9,8,0.0,0.0,0.0,0.0,0.0,0.0,0.0,0.0,0.859375,0.125,0.015625,0.0
9,8,0.0,0.0,0.0,0.0,0.0,0.0,0.0,0.0,0.859375,0.125,0.015625,0.0
9,8,0.0,0.0,0.0,0.0,0.0,0.0,0.0,0.0,0.859375,0.125,0.015625,0.0
9,8,0.0,0.0,0.0,0.0,0.0,0.0,0.0,0.0,0.859375,0.125,0.015625,0.0
9,8,0.0,0.0,0.0,0.0,0.0,0.0,0.0,0.0,0.859375,0.125,0.015625,0.0
9,8,0.0,0.0,0.0,0.0,0.0,0.0,0.0,0.0,0.859375,0.125,0.015625,0.0
9,8,0.0,0.0,0.0,0.0,0.0,0.0,0.0,0.0,0.859375,0.125,0.015625,0.0
9,8,0.0,0.0,0.0,0.0,0.0,0.0,0.0,0.0,0.859375,0.125,0.015625,0.0
9,8,0.0,0.0,0.0,0.0,0.0,0.0,0.0,0.0,0.859375,0.125,0.015625,0.0
9,8,0.0,0.0,0.0,0.0,0.0,0.0,0.0,0.0,0.859375,0.125,0.015625,0.0
9,8,0.0,0.0,0.0,0.0,0.0,0.0,0.0,0.0,0.859375,0.125,0.015625,0.0
9,8,0.0,0.0,0.0,0.0,0.0,0.0,0.0,0.0,0.859375,0.125,0.015625,0.0
9,8,0.0,0.0,0.0,0.0,0.0,0.0,0.0,0.0,0.859375,0.125,0.015625,0.0
9,8,0.0,0.0,0.0,0.0,0.0,0.0,0.0,0.0,0.859375,0.125,0.015625,0.0
9,8,0.0,0.0,0.0,0.0,0.0,0.0,0.0,0.0,0.859375,0.125,0.015625,0.0
9,8,0.0,0.0,0.0,0.0,0.0,0.0,0.0,0.0,0.859375,0.125,0.015625,0.0
9,8,0.0,0.0,0.0,0.0,0.0,0.0,0.0,0.0,0.859375,0.125,0.015625,0.0
9,8,0.0,0.0,0.0,0.0,0.0,0.0,0.0,0.0,0.859375,0.125,0.015625,0.0
9,8,0.0,0.0,0.0,0.0,0.0,0.0,0.0,0.0,0.859375,0.125,0.015625,0.0
9,8,0.0,0.0,0.0,0.0,0.0,0.0,0.0,0.0,0.859375,0.125,0.015625,0.0
9,8,0.0,0.0,0.0,0.0,0.0,0.0,0.0,0.0,0.859375,0.125,0.015625,0.0
9,8,0.0,0.0,0.0,0.0,0.0,0.0,0.0,0.0,0.859375,0.125,0.015625,0.0
9,8,0.0,0.0,0.0,0.0,0.0,0.0,0.0,0.0,0.859375,0.125,0.015625,0.0
9,8,0.0,0.0,0.0,0.0,0.0,0.0,0.0,0.0,0.859375,0.125,0.015625,0.0
9,8,0.0,0.0,0.0,0.0,0.0,0.0,0.0,0.0,0.859375,0.125,0.015625,0.0
9,8,0.0,0.0,0.0,0.0,0.0,0.0,0.0,0.0,0.859375,0.125,0.015625,0.0
9,8,0.0,0.0,0.0,0.0,0.0,0.0,0.0,0.0,0.859375,0.125,0.015625,0.0
9,8,0.0,0.0,0.0,0.0,0.0,0.0,0.0,0.0,0.859375,0.125,0.015625,0.0
9,8,0.0,0.0,0.0,0.0,0.0,0.0,0.0,0.0,0.859375,0.125,0.015625,0.0
9,8,0.0,0.0,0.0,0.0,0.0,0.0,0.0,0.0,0.859375,0.125,0.015625,0.0
9,8,0.0,0.0,0.0,0.0,0.0,0.0,0.0,0.0,0.859375,0.125,0.015625,0.0
9,8,0.0,0.0,0.0,0.0,0.0,0.0,0.0,0.0,0.859375,0.125,0.015625,0.0
9,8,0.0,0.0,0.0,0.0,0.0,0.0,0.0,0.0,0.859375,0.125,0.015625,0.0
9,8,0.0,0.0,0.0,0.0,0.0,0.0,0.0,0.0,0.859375,0.125,0.015625,0.0
9,8,0.0,0.0,0.0,0.0,0.0,0.0,0.0,0.0,0.859375,0.125,0.015625,0.0
9,8,0.0,0.0,0.0,0.0,0.0,0.0,0.0,0.0,0.859375,0.125,0.015625,0.0
9,8,0.0,0.0,0.0,0.0,0.0,0.0,0.0,0.0,0.859375,0.125,0.015625,0.0
9,8,0.0,0.0,0.0,0.0,0.0,0.0,0.0,0.0,0.859375,0.125,0.015625,0.0
9,8,0.0,0.0,0.0,0.0,0.0,0.0,0.0,0.0,0.859375,0.125,0.015625,0.0
9,8,0.0,0.0,0.0,0.0,0.0,0.0,0.0,0.0,0.828125,0.15625,0.015625,0.0
9,8,0.0,0.0,0.0,0.0,0.0,0.0,0.0,0.0,0.828125,0.15625,0.015625,0.0
9,8,0.0,0.0,0.0,0.0,0.0,0.0,0.0,0.0,0.828125,0.15625,0.015625,0.0
9,8,0.0,0.0,0.0,0.0,0.0,0.0,0.0,0.0,0.828125,0.15625,0.015625,0.0
9,8,0.0,0.0,0.0,0.0,0.0,0.0,0.0,0.0,0.828125,0.15625,0.015625,0.0
9,8,0.0,0.0,0.0,0.0,0.0,0.0,0.0,0.0,0.828125,0.15625,0.015625,0.0
9,8,0.0,0.0,0.0,0.0,0.0,0.0,0.0,0.0,0.828125,0.15625,0.015625,0.0
9,8,0.0,0.0,0.0,0.0,0.0,0.0,0.0,0.0,0.828125,0.15625,0.015625,0.0
9,8,0.0,0.0,0.0,0.0,0.0,0.0,0.0,0.0,0.828125,0.15625,0.015625,0.0
9,8,0.0,0.0,0.0,0.0,0.0,0.0,0.0,0.0,0.828125,0.15625,0.015625,0.0
9,8,0.0,0.0,0.0,0.0,0.0,0.0,0.0,0.0,0.828125,0.15625,0.015625,0.0
9,8,0.0,0.0,0.0,0.0,0.0,0.0,0.0,0.0,0.828125,0.15625,0.015625,0.0
9,8,0.0,0.0,0.0,0.0,0.0,0.0,0.0,0.0,0.828125,0.15625,0.015625,0.0
9,8,0.0,0.0,0.0,0.0,0.0,0.0,0.0,0.0,0.828125,0.15625,0.015625,0.0
9,8,0.0,0.0,0.0,0.0,0.0,0.0,0.0,0.0,0.828125,0.15625,0.015625,0.0
9,8,0.0,0.0,0.0,0.0,0.0,0.0,0.0,0.0,0.828125,0.15625,0.015625,0.0
9,8,0.0,0.0,0.0,0.0,0.0,0.0,0.0,0.0,0.828125,0.15625,0.015625,0.0
9,8,0.0,0.0,0.0,0.0,0.0,0.0,0.0,0.0,0.828125,0.15625,0.015625,0.0
9,8,0.0,0.0,0.0,0.0,0.0,0.0,0.0,0.0,0.828125,0.15625,0.015625,0.0
9,8,0.0,0.0,0.0,0.0,0.0,0.0,0.0,0.0,0.828125,0.15625,0.015625,0.0
9,8,0.0,0.0,0.0,0.0,0.0,0.0,0.0,0.0,0.828125,0.15625,0.015625,0.0
9,8,0.0,0.0,0.0,0.0,0.0,0.0,0.0,0.0,0.828125,0.15625,0.015625,0.0
9,8,0.0,0.0,0.0,0.0,0.0,0.0,0.0,0.0,0.828125,0.15625,0.015625,0.0
9,8,0.0,0.0,0.0,0.0,0.0,0.0,0.0,0.0,0.828125,0.15625,0.015625,0.0
9,8,0.0,0.0,0.0,0.0,0.0,0.0,0.0,0.0,0.828125,0.15625,0.015625,0.0
9,8,0.0,0.0,0.0,0.0,0.0,0.0,0.0,0.0,0.828125,0.15625,0.015625,0.0
9,8,0.0,0.0,0.0,0.0,0.0,0.0,0.0,0.0,0.828125,0.15625,0.015625,0.0
9,8,0.0,0.0,0.0,0.0,0.0,0.0,0.0,0.0,0.828125,0.15625,0.015625,0.0
9,8,0.0,0.0,0.0,0.0,0.0,0.0,0.0,0.0,0.828125,0.15625,0.015625,0.0
9,8,0.0,0.0,0.0,0.0,0.0,0.0,0.0,0.0,0.828125,0.15625,0.015625,0.0
9,8,0.0,0.0,0.0,0.0,0.0,0.0,0.0,0.0,0.828125,0.15625,0.015625,0.0
9,8,0.0,0.0,0.0,0.0,0.0,0.0,0.0,0.0,0.828125,0.15625,0.015625,0.0
9,8,0.0,0.0,0.0,0.0,0.0,0.0,0.0,0.0,0.828125,0.15625,0.015625,0.0
9,8,0.0,0.0,0.0,0.0,0.0,0.0,0.0,0.0,0.828125,0.15625,0.015625,0.0
9,8,0.0,0.0,0.0,0.0,0.0,0.0,0.0,0.0,0.828125,0.15625,0.015625,0.0
9,8,0.0,0.0,0.0,0.0,0.0,0.0,0.0,0.0,0.828125,0.15625,0.015625,0.0
9,8,0.0,0.0,0.0,0.0,0.0,0.0,0.0,0.0,0.828125,0.15625,0.015625,0.0
9,8,0.0,0.0,0.0,0.0,0.0,0.0,0.0,0.0,0.828125,0.15625,0.015625,0.0
9,8,0.0,0.0,0.0,0.0,0.0,0.0,0.0,0.0,0.828125,0.15625,0.015625,0.0
9,8,0.0,0.0,0.0,0.0,0.0,0.0,0.0,0.0,0.828125,0.15625,0.015625,0.0
9,8,0.0,0.0,0.0,0.0,0.0,0.0,0.0,0.0,0.828125,0.15625,0.015625,0.0
9,8,0.0,0.0,0.0,0.0,0.0,0.0,0.0,0.0,0.828125,0.15625,0.015625,0.0
9,8,0.0,0.0,0.0,0.0,0.0,0.0,0.0,0.0,0.8125,0.171875,0.015625,0.0
9,8,0.0,0.0,0.0,0.0,0.0,0.0,0.0,0.0,0.8125,0.171875,0.015625,0.0
9,8,0.0,0.0,0.0,0.0,0.0,0.0,0.0,0.0,0.8125,0.171875,0.015625,0.0
9,8,0.0,0.0,0.0,0.0,0.0,0.0,0.0,0.0,0.8125,0.171875,0.015625,0.0
9,8,0.0,0.0,0.0,0.0,0.0,0.0,0.0,0.0,0.8125,0.171875,0.015625,0.0
9,8,0.0,0.0,0.0,0.0,0.0,0.0,0.0,0.0,0.8125,0.171875,0.015625,0.0
9,8,0.0,0.0,0.0,0.0,0.0,0.0,0.0,0.0,0.8125,0.171875,0.015625,0.0
9,8,0.0,0.0,0.0,0.0,0.0,0.0,0.0,0.0,0.8125,0.171875,0.015625,0.0
9,8,0.0,0.0,0.0,0.0,0.0,0.0,0.0,0.0,0.8125,0.171875,0.015625,0.0
9,8,0.0,0.0,0.0,0.0,0.0,0.0,0.0,0.0,0.8125,0.171875,0.015625,0.0
9,8,0.0,0.0,0.0,0.0,0.0,0.0,0.0,0.0,0.8125,0.171875,0.015625,0.0
9,8,0.0,0.0,0.0,0.0,0.0,0.0,0.0,0.0,0.8125,0.171875,0.015625,0.0
9,8,0.0,0.0,0.0,0.0,0.0,0.0,0.0,0.0,0.8125,0.171875,0.015625,0.0
9,8,0.0,0.0,0.0,0.0,0.0,0.0,0.0,0.0,0.8125,0.171875,0.015625,0.0
9,8,0.0,0.0,0.0,0.0,0.0,0.0,0.0,0.0,0.8125,0.171875,0.015625,0.0
9,8,0.0,0.0,0.0,0.0,0.0,0.0,0.0,0.0,0.8125,0.171875,0.015625,0.0
9,8,0.0,0.0,0.0,0.0,0.0,0.0,0.0,0.0,0.8125,0.171875,0.015625,0.0
9,8,0.0,0.0,0.0,0.0,0.0,0.0,0.0,0.0,0.8125,0.171875,0.015625,0.0
9,8,0.0,0.0,0.0,0.0,0.0,0.0,0.0,0.0,0.8125,0.171875,0.015625,0.0
9,8,0.0,0.0,0.0,0.0,0.0,0.0,0.0,0.0,0.8125,0.171875,0.015625,0.0
9,8,0.0,0.0,0.0,0.0,0.0,0.0,0.0,0.0,0.8125,0.171875,0.015625,0.0
9,8,0.0,0.0,0.0,0.0,0.0,0.0,0.0,0.0,0.8125,0.171875,0.015625,0.0
9,8,0.0,0.0,0.0,0.0,0.0,0.0,0.0,0.0,0.8125,0.171875,0.015625,0.0
9,8,0.0,0.0,0.0,0.0,0.0,0.0,0.0,0.0,0.8125,0.171875,0.015625,0.0
9,8,0.0,0.0,0.0,0.0,0.0,0.0,0.0,0.0,0.8125,0.171875,0.015625,0.0
9,8,0.0,0.0,0.0,0.0,0.0,0.0,0.0,0.0,0.8125,0.171875,0.015625,0.0
9,8,0.0,0.0,0.0,0.0,0.0,0.0,0.0,0.0,0.8125,0.171875,0.015625,0.0
9,8,0.0,0.0,0.0,0.0,0.0,0.0,0.0,0.0,0.8125,0.171875,0.015625,0.0
9,8,0.0,0.0,0.0,0.0,0.0,0.0,0.0,0.0,0.8125,0.171875,0.015625,0.0
9,8,0.0,0.0,0.0,0.0,0.0,0.0,0.0,0.0,0.8125,0.171875,0.015625,0.0
9,8,0.0,0.0,0.0,0.0,0.0,0.0,0.0,0.0,0.78125,0.203125,0.015625,0.0
9,8,0.0,0.0,0.0,0.0,0.0,0.0,0.0,0.0,0.78125,0.203125,0.015625,0.0
9,8,0.0,0.0,0.0,0.0,0.0,0.0,0.0,0.0,0.78125,0.203125,0.015625,0.0
9,8,0.0,0.0,0.0,0.0,0.0,0.0,0.0,0.0,0.78125,0.203125,0.015625,0.0
9,8,0.0,0.0,0.0,0.0,0.0,0.0,0.0,0.0,0.78125,0.203125,0.015625,0.0
9,8,0.0,0.0,0.0,0.0,0.0,0.0,0.0,0.0,0.78125,0.203125,0.015625,0.0
9,8,0.0,0.0,0.0,0.0,0.0,0.0,0.0,0.0,0.78125,0.203125,0.015625,0.0
9,8,0.0,0.0,0.0,0.0,0.0,0.0,0.0,0.0,0.78125,0.203125,0.015625,0.0
9,8,0.0,0.0,0.0,0.0,0.0,0.0,0.0,0.0,0.78125,0.203125,0.015625,0.0
9,8,0.0,0.0,0.0,0.0,0.0,0.0,0.0,0.0,0.78125,0.203125,0.015625,0.0
9,8,0.0,0.0,0.0,0.0,0.0,0.0,0.0,0.0,0.78125,0.203125,0.015625,0.0
9,8,0.0,0.0,0.0,0.0,0.0,0.0,0.0,0.0,0.78125,0.203125,0.015625,0.0
9,8,0.0,0.0,0.0,0.0,0.0,0.0,0.0,0.0,0.796875,0.203125,0.0,0.0
9,8,0.0,0.0,0.0,0.0,0.0,0.0,0.0,0.0,0.796875,0.203125,0.0,0.0
9,8,0.0,0.0,0.0,0.0,0.0,0.0,0.0,0.0,0.796875,0.203125,0.0,0.0
9,8,0.0,0.0,0.0,0.0,0.0,0.0,0.0,0.0,0.796875,0.203125,0.0,0.0
9,8,0.0,0.0,0.0,0.0,0.0,0.0,0.0,0.0,0.78125,0.21875,0.0,0.0
9,8,0.0,0.0,0.0,0.0,0.0,0.0,0.0,0.0,0.78125,0.21875,0.0,0.0
9,8,0.0,0.0,0.0,0.0,0.0,0.0,0.0,0.0,0.78125,0.21875,0.0,0.0
9,8,0.0,0.0,0.0,0.0,0.0,0.0,0.0,0.0,0.78125,0.21875,0.0,0.0
9,8,0.0,0.0,0.0,0.0,0.0,0.0,0.0,0.0,0.78125,0.21875,0.0,0.0
9,8,0.0,0.0,0.0,0.0,0.0,0.0,0.0,0.0,0.78125,0.21875,0.0,0.0
9,8,0.0,0.0,0.0,0.0,0.0,0.0,0.0,0.0,0.78125,0.21875,0.0,0.0
9,8,0.0,0.0,0.0,0.0,0.0,0.0,0.0,0.0,0.78125,0.21875,0.0,0.0
9,8,0.0,0.0,0.0,0.0,0.0,0.0,0.0,0.0,0.78125,0.21875,0.0,0.0
9,8,0.0,0.0,0.0,0.0,0.0,0.0,0.0,0.0,0.78125,0.21875,0.0,0.0
9,8,0.0,0.0,0.0,0.0,0.0,0.0,0.0,0.0,0.78125,0.21875,0.0,0.0
9,8,0.0,0.0,0.0,0.0,0.0,0.0,0.0,0.0,0.78125,0.21875,0.0,0.0
9,8,0.0,0.0,0.0,0.0,0.0,0.0,0.0,0.0,0.78125,0.21875,0.0,0.0
9,8,0.0,0.0,0.0,0.0,0.0,0.0,0.0,0.0,0.78125,0.21875,0.0,0.0
9,8,0.0,0.0,0.0,0.0,0.0,0.0,0.0,0.0,0.78125,0.21875,0.0,0.0
9,8,0.0,0.0,0.0,0.0,0.0,0.0,0.0,0.0,0.78125,0.21875,0.0,0.0
9,8,0.0,0.0,0.0,0.0,0.0,0.0,0.0,0.0,0.78125,0.21875,0.0,0.0
9,8,0.0,0.0,0.0,0.0,0.0,0.0,0.0,0.0,0.78125,0.21875,0.0,0.0
9,8,0.0,0.0,0.0,0.0,0.0,0.0,0.0,0.0,0.78125,0.21875,0.0,0.0
9,8,0.0,0.0,0.0,0.0,0.0,0.0,0.0,0.0,0.78125,0.21875,0.0,0.0
9,8,0.0,0.0,0.0,0.0,0.0,0.0,0.0,0.0,0.78125,0.21875,0.0,0.0
9,8,0.0,0.0,0.0,0.0,0.0,0.0,0.0,0.0,0.78125,0.21875,0.0,0.0
9,8,0.0,0.0,0.0,0.0,0.0,0.0,0.0,0.0,0.78125,0.21875,0.0,0.0
9,8,0.0,0.0,0.0,0.0,0.0,0.0,0.0,0.0,0.78125,0.21875,0.0,0.0
9,8,0.0,0.0,0.0,0.0,0.0,0.0,0.0,0.0,0.78125,0.21875,0.0,0.0
9,8,0.0,0.0,0.0,0.0,0.0,0.0,0.0,0.0,0.78125,0.21875,0.0,0.0
9,8,0.0,0.0,0.0,0.0,0.0,0.0,0.0,0.0,0.78125,0.21875,0.0,0.0
9,8,0.0,0.0,0.0,0.0,0.0,0.0,0.0,0.0,0.78125,0.21875,0.0,0.0
9,8,0.0,0.0,0.0,0.0,0.0,0.0,0.0,0.0,0.78125,0.21875,0.0,0.0
9,8,0.0,0.0,0.0,0.0,0.0,0.0,0.0,0.0,0.78125,0.21875,0.0,0.0
9,8,0.0,0.0,0.0,0.0,0.0,0.0,0.0,0.0,0.78125,0.21875,0.0,0.0
9,8,0.0,0.0,0.0,0.0,0.0,0.0,0.0,0.0,0.765625,0.234375,0.0,0.0
9,8,0.0,0.0,0.0,0.0,0.0,0.0,0.0,0.0,0.78125,0.21875,0.0,0.0
9,8,0.0,0.0,0.0,0.0,0.0,0.0,0.0,0.0,0.78125,0.21875,0.0,0.0
9,8,0.0,0.0,0.0,0.0,0.0,0.0,0.0,0.0,0.78125,0.21875,0.0,0.0
9,8,0.0,0.0,0.0,0.0,0.0,0.0,0.0,0.0,0.78125,0.21875,0.0,0.0
9,8,0.0,0.0,0.0,0.0,0.0,0.0,0.0,0.0,0.78125,0.21875,0.0,0.0
9,8,0.0,0.0,0.0,0.0,0.0,0.0,0.0,0.0,0.78125,0.21875,0.0,0.0
9,8,0.0,0.0,0.0,0.0,0.0,0.0,0.0,0.0,0.78125,0.21875,0.0,0.0
9,8,0.0,0.0,0.0,0.0,0.0,0.0,0.0,0.0,0.78125,0.21875,0.0,0.0
9,8,0.0,0.0,0.0,0.0,0.0,0.0,0.0,0.0,0.78125,0.21875,0.0,0.0
9,8,0.0,0.0,0.0,0.0,0.0,0.0,0.0,0.0,0.78125,0.21875,0.0,0.0
9,8,0.0,0.0,0.0,0.0,0.0,0.0,0.0,0.0,0.78125,0.21875,0.0,0.0
9,8,0.0,0.0,0.0,0.0,0.0,0.0,0.0,0.0,0.78125,0.21875,0.0,0.0
9,8,0.0,0.0,0.0,0.0,0.0,0.0,0.0,0.0,0.78125,0.21875,0.0,0.0
9,8,0.0,0.0,0.0,0.0,0.0,0.0,0.0,0.0,0.78125,0.21875,0.0,0.0
9,8,0.0,0.0,0.0,0.0,0.0,0.0,0.0,0.0,0.78125,0.21875,0.0,0.0
9,8,0.0,0.0,0.0,0.0,0.0,0.0,0.0,0.0,0.78125,0.21875,0.0,0.0
9,8,0.0,0.0,0.0,0.0,0.0,0.0,0.0,0.0,0.796875,0.203125,0.0,0.0
9,8,0.0,0.0,0.0,0.0,0.0,0.0,0.0,0.0,0.796875,0.203125,0.0,0.0
9,8,0.0,0.0,0.0,0.0,0.0,0.0,0.0,0.0,0.796875,0.203125,0.0,0.0
9,8,0.0,0.0,0.0,0.0,0.0,0.0,0.0,0.0,0.796875,0.203125,0.0,0.0
9,8,0.0,0.0,0.0,0.0,0.0,0.0,0.0,0.0,0.8125,0.1875,0.0,0.0
9,8,0.0,0.0,0.0,0.0,0.0,0.0,0.0,0.0,0.8125,0.1875,0.0,0.0
9,8,0.0,0.0,0.0,0.0,0.0,0.0,0.0,0.0,0.8125,0.1875,0.0,0.0
9,8,0.0,0.0,0.0,0.0,0.0,0.0,0.0,0.0,0.8125,0.1875,0.0,0.0
9,8,0.0,0.0,0.0,0.0,0.0,0.0,0.0,0.0,0.8125,0.1875,0.0,0.0
9,8,0.0,0.0,0.0,0.0,0.0,0.0,0.0,0.0,0.8125,0.1875,0.0,0.0
9,8,0.0,0.0,0.0,0.0,0.0,0.0,0.0,0.0,0.8125,0.1875,0.0,0.0
9,8,0.0,0.0,0.0,0.0,0.0,0.0,0.0,0.0,0.8125,0.1875,0.0,0.0
9,8,0.0,0.0,0.0,0.0,0.0,0.0,0.0,0.0,0.8125,0.1875,0.0,0.0
9,8,0.0,0.0,0.0,0.0,0.0,0.0,0.0,0.0,0.8125,0.1875,0.0,0.0
9,8,0.0,0.0,0.0,0.0,0.0,0.0,0.0,0.0,0.8125,0.1875,0.0,0.0
9,8,0.0,0.0,0.0,0.0,0.0,0.0,0.0,0.0,0.8125,0.1875,0.0,0.0
9,8,0.0,0.0,0.0,0.0,0.0,0.0,0.0,0.0,0.8125,0.1875,0.0,0.0
9,8,0.0,0.0,0.0,0.0,0.0,0.0,0.0,0.0,0.8125,0.1875,0.0,0.0
9,8,0.0,0.0,0.0,0.0,0.0,0.0,0.0,0.0,0.8125,0.1875,0.0,0.0
9,8,0.0,0.0,0.0,0.0,0.0,0.0,0.0,0.0,0.8125,0.1875,0.0,0.0
9,8,0.0,0.0,0.0,0.0,0.0,0.0,0.0,0.0,0.8125,0.1875,0.0,0.0
9,8,0.0,0.0,0.0,0.0,0.0,0.0,0.0,0.0,0.8125,0.1875,0.0,0.0
9,8,0.0,0.0,0.0,0.0,0.0,0.0,0.0,0.0,0.8125,0.1875,0.0,0.0
9,8,0.0,0.0,0.0,0.0,0.0,0.0,0.0,0.0,0.828125,0.171875,0.0,0.0
9,8,0.0,0.0,0.0,0.0,0.0,0.0,0.0,0.0,0.828125,0.171875,0.0,0.0
9,8,0.0,0.0,0.0,0.0,0.0,0.0,0.0,0.0,0.828125,0.171875,0.0,0.0
9,8,0.0,0.0,0.0,0.0,0.0,0.0,0.0,0.0,0.828125,0.171875,0.0,0.0
9,8,0.0,0.0,0.0,0.0,0.0,0.0,0.0,0.0,0.828125,0.171875,0.0,0.0
9,8,0.0,0.0,0.0,0.0,0.0,0.0,0.0,0.0,0.828125,0.171875,0.0,0.0
9,8,0.0,0.0,0.0,0.0,0.0,0.0,0.0,0.0,0.828125,0.171875,0.0,0.0
9,8,0.0,0.0,0.0,0.0,0.0,0.0,0.0,0.0,0.828125,0.171875,0.0,0.0
9,8,0.0,0.0,0.0,0.0,0.0,0.0,0.0,0.0,0.828125,0.171875,0.0,0.0
9,8,0.0,0.0,0.0,0.0,0.0,0.0,0.0,0.0,0.84375,0.15625,0.0,0.0
9,8,0.0,0.0,0.0,0.0,0.0,0.0,0.0,0.0,0.84375,0.15625,0.0,0.0
9,8,0.0,0.0,0.0,0.0,0.0,0.0,0.0,0.0,0.84375,0.15625,0.0,0.0
9,8,0.0,0.0,0.0,0.0,0.0,0.0,0.0,0.0,0.84375,0.15625,0.0,0.0
9,8,0.0,0.0,0.0,0.0,0.0,0.0,0.0,0.0,0.84375,0.15625,0.0,0.0
9,8,0.0,0.0,0.0,0.0,0.0,0.0,0.0,0.0,0.84375,0.15625,0.0,0.0
9,8,0.0,0.0,0.0,0.0,0.0,0.0,0.0,0.0,0.84375,0.15625,0.0,0.0
9,8,0.0,0.0,0.0,0.0,0.0,0.0,0.0,0.0,0.84375,0.15625,0.0,0.0
9,8,0.0,0.0,0.0,0.0,0.0,0.0,0.0,0.0,0.84375,0.15625,0.0,0.0
9,8,0.0,0.0,0.0,0.0,0.0,0.0,0.0,0.0,0.84375,0.15625,0.0,0.0
9,8,0.0,0.0,0.0,0.0,0.0,0.0,0.0,0.0,0.84375,0.15625,0.0,0.0
9,8,0.0,0.0,0.0,0.0,0.0,0.0,0.0,0.0,0.84375,0.15625,0.0,0.0
9,8,0.0,0.0,0.0,0.0,0.0,0.0,0.0,0.0,0.84375,0.15625,0.0,0.0
9,8,0.0,0.0,0.0,0.0,0.0,0.0,0.0,0.0,0.84375,0.15625,0.0,0.0
9,8,0.0,0.0,0.0,0.0,0.0,0.0,0.0,0.0,0.84375,0.15625,0.0,0.0
9,8,0.0,0.0,0.0,0.0,0.0,0.0,0.0,0.0,0.84375,0.15625,0.0,0.0
9,8,0.0,0.0,0.0,0.0,0.0,0.0,0.0,0.0,0.84375,0.15625,0.0,0.0
9,8,0.0,0.0,0.0,0.0,0.0,0.0,0.0,0.0,0.84375,0.15625,0.0,0.0
9,8,0.0,0.0,0.0,0.0,0.0,0.0,0.0,0.0,0.84375,0.15625,0.0,0.0
9,8,0.0,0.0,0.0,0.0,0.0,0.0,0.0,0.0,0.84375,0.15625,0.0,0.0
9,8,0.0,0.0,0.0,0.0,0.0,0.0,0.0,0.0,0.84375,0.15625,0.0,0.0
9,8,0.0,0.0,0.0,0.0,0.0,0.0,0.0,0.0,0.84375,0.15625,0.0,0.0
9,8,0.0,0.0,0.0,0.0,0.0,0.0,0.0,0.0,0.84375,0.15625,0.0,0.0
9,8,0.0,0.0,0.0,0.0,0.0,0.0,0.0,0.0,0.859375,0.140625,0.0,0.0
9,8,0.0,0.0,0.0,0.0,0.0,0.0,0.0,0.0,0.84375,0.15625,0.0,0.0
9,8,0.0,0.0,0.0,0.0,0.0,0.0,0.0,0.0,0.84375,0.15625,0.0,0.0
9,8,0.0,0.0,0.0,0.0,0.0,0.0,0.0,0.0,0.84375,0.15625,0.0,0.0
9,8,0.0,0.0,0.0,0.0,0.0,0.0,0.0,0.0,0.859375,0.140625,0.0,0.0
9,8,0.0,0.0,0.0,0.0,0.0,0.0,0.0,0.0,0.859375,0.140625,0.0,0.0
9,8,0.0,0.0,0.0,0.0,0.0,0.0,0.0,0.0,0.859375,0.140625,0.0,0.0
9,8,0.0,0.0,0.0,0.0,0.0,0.0,0.0,0.0,0.859375,0.140625,0.0,0.0
9,8,0.0,0.0,0.0,0.0,0.0,0.0,0.0,0.0,0.859375,0.140625,0.0,0.0
9,8,0.0,0.0,0.0,0.0,0.0,0.0,0.0,0.0,0.890625,0.109375,0.0,0.0
9,8,0.0,0.0,0.0,0.0,0.0,0.0,0.0,0.0,0.890625,0.109375,0.0,0.0
9,8,0.0,0.0,0.0,0.0,0.0,0.0,0.0,0.0,0.890625,0.109375,0.0,0.0
9,8,0.0,0.0,0.0,0.0,0.0,0.0,0.0,0.0,0.890625,0.109375,0.0,0.0
9,8,0.0,0.0,0.0,0.0,0.0,0.0,0.0,0.0,0.890625,0.109375,0.0,0.0
9,8,0.0,0.0,0.0,0.0,0.0,0.0,0.0,0.0,0.890625,0.109375,0.0,0.0
9,8,0.0,0.0,0.0,0.0,0.0,0.0,0.0,0.0,0.890625,0.109375,0.0,0.0
9,8,0.0,0.0,0.0,0.0,0.0,0.0,0.0,0.0,0.890625,0.109375,0.0,0.0
9,8,0.0,0.0,0.0,0.0,0.0,0.0,0.0,0.0,0.890625,0.109375,0.0,0.0
9,8,0.0,0.0,0.0,0.0,0.0,0.0,0.0,0.0,0.890625,0.109375,0.0,0.0
9,8,0.0,0.0,0.0,0.0,0.0,0.0,0.0,0.0,0.890625,0.109375,0.0,0.0
9,8,0.0,0.0,0.0,0.0,0.0,0.0,0.0,0.0,0.890625,0.109375,0.0,0.0
9,8,0.0,0.0,0.0,0.0,0.0,0.0,0.0,0.0,0.890625,0.109375,0.0,0.0
9,8,0.0,0.0,0.0,0.0,0.0,0.0,0.0,0.0,0.890625,0.109375,0.0,0.0
9,8,0.0,0.0,0.0,0.0,0.0,0.0,0.0,0.0,0.890625,0.109375,0.0,0.0
9,8,0.0,0.0,0.0,0.0,0.0,0.0,0.0,0.0,0.890625,0.109375,0.0,0.0
9,8,0.0,0.0,0.0,0.0,0.0,0.0,0.0,0.0,0.90625,0.09375,0.0,0.0
9,8,0.0,0.0,0.0,0.0,0.0,0.0,0.0,0.0,0.90625,0.09375,0.0,0.0
9,8,0.0,0.0,0.0,0.0,0.0,0.0,0.0,0.0,0.90625,0.09375,0.0,0.0
9,8,0.0,0.0,0.0,0.0,0.0,0.0,0.0,0.0,0.90625,0.09375,0.0,0.0
9,8,0.0,0.0,0.0,0.0,0.0,0.0,0.0,0.0,0.90625,0.09375,0.0,0.0
9,8,0.0,0.0,0.0,0.0,0.0,0.0,0.0,0.0,0.90625,0.09375,0.0,0.0
9,8,0.0,0.0,0.0,0.0,0.0,0.0,0.0,0.0,0.90625,0.09375,0.0,0.0
9,8,0.0,0.0,0.0,0.0,0.0,0.0,0.0,0.0,0.90625,0.09375,0.0,0.0
9,8,0.0,0.0,0.0,0.0,0.0,0.0,0.0,0.0,0.90625,0.09375,0.0,0.0
9,8,0.0,0.0,0.0,0.0,0.0,0.0,0.0,0.0,0.90625,0.09375,0.0,0.0
9,8,0.0,0.0,0.0,0.0,0.0,0.0,0.0,0.0,0.90625,0.09375,0.0,0.0
9,8,0.0,0.0,0.0,0.0,0.0,0.0,0.0,0.0,0.90625,0.09375,0.0,0.0
9,8,0.0,0.0,0.0,0.0,0.0,0.0,0.0,0.0,0.90625,0.09375,0.0,0.0
9,8,0.0,0.0,0.0,0.0,0.0,0.0,0.0,0.0,0.90625,0.09375,0.0,0.0
9,8,0.0,0.0,0.0,0.0,0.0,0.0,0.0,0.0,0.90625,0.09375,0.0,0.0
9,8,0.0,0.0,0.0,0.0,0.0,0.0,0.0,0.0,0.90625,0.09375,0.0,0.0
9,8,0.0,0.0,0.0,0.0,0.0,0.0,0.0,0.0,0.90625,0.09375,0.0,0.0
9,8,0.0,0.0,0.0,0.0,0.0,0.0,0.0,0.0,0.90625,0.09375,0.0,0.0
9,8,0.0,0.0,0.0,0.0,0.0,0.0,0.0,0.0,0.90625,0.09375,0.0,0.0
9,8,0.0,0.0,0.0,0.0,0.0,0.0,0.0,0.0,0.90625,0.09375,0.0,0.0
9,8,0.0,0.0,0.0,0.0,0.0,0.0,0.0,0.0,0.90625,0.09375,0.0,0.0
9,8,0.0,0.0,0.0,0.0,0.0,0.0,0.0,0.0,0.90625,0.09375,0.0,0.0
9,8,0.0,0.0,0.0,0.0,0.0,0.0,0.0,0.0,0.90625,0.09375,0.0,0.0
9,8,0.0,0.0,0.0,0.0,0.0,0.0,0.0,0.0,0.90625,0.09375,0.0,0.0
9,8,0.015625,0.0,0.0,0.0,0.0,0.0,0.0,0.0,0.90625,0.078125,0.0,0.0
9,8,0.015625,0.0,0.0,0.0,0.0,0.0,0.0,0.0,0.90625,0.078125,0.0,0.0
9,8,0.015625,0.0,0.0,0.0,0.0,0.0,0.0,0.0,0.90625,0.078125,0.0,0.0
9,8,0.015625,0.0,0.0,0.0,0.0,0.0,0.0,0.0,0.90625,0.078125,0.0,0.0
9,8,0.015625,0.0,0.0,0.0,0.0,0.0,0.0,0.0,0.90625,0.078125,0.0,0.0
9,8,0.015625,0.0,0.0,0.0,0.0,0.0,0.0,0.0,0.90625,0.078125,0.0,0.0
9,8,0.015625,0.0,0.0,0.0,0.0,0.0,0.0,0.0,0.90625,0.078125,0.0,0.0
9,8,0.015625,0.0,0.0,0.0,0.0,0.0,0.0,0.0,0.90625,0.078125,0.0,0.0
9,8,0.015625,0.0,0.0,0.0,0.0,0.0,0.0,0.0,0.90625,0.078125,0.0,0.0
9,8,0.015625,0.0,0.0,0.0,0.0,0.0,0.0,0.0,0.90625,0.078125,0.0,0.0
9,8,0.015625,0.0,0.0,0.0,0.0,0.0,0.0,0.0,0.90625,0.078125,0.0,0.0
9,8,0.015625,0.0,0.0,0.0,0.0,0.0,0.0,0.0,0.90625,0.078125,0.0,0.0
9,8,0.015625,0.0,0.0,0.0,0.0,0.0,0.0,0.0,0.90625,0.078125,0.0,0.0
9,8,0.015625,0.0,0.0,0.0,0.0,0.0,0.0,0.0,0.90625,0.078125,0.0,0.0
9,8,0.015625,0.0,0.0,0.0,0.0,0.0,0.0,0.0,0.90625,0.078125,0.0,0.0
9,8,0.015625,0.0,0.0,0.0,0.0,0.0,0.0,0.0,0.90625,0.078125,0.0,0.0
9,8,0.015625,0.0,0.0,0.0,0.0,0.0,0.0,0.0,0.90625,0.078125,0.0,0.0
9,8,0.015625,0.0,0.0,0.0,0.0,0.0,0.0,0.0,0.90625,0.078125,0.0,0.0
9,8,0.015625,0.0,0.0,0.0,0.0,0.0,0.0,0.0,0.90625,0.078125,0.0,0.0
9,8,0.015625,0.0,0.0,0.0,0.0,0.0,0.0,0.0,0.90625,0.078125,0.0,0.0
9,8,0.015625,0.0,0.0,0.0,0.0,0.0,0.0,0.0,0.90625,0.078125,0.0,0.0
9,8,0.015625,0.0,0.0,0.0,0.0,0.0,0.0,0.0,0.90625,0.078125,0.0,0.0
9,8,0.015625,0.0,0.0,0.0,0.0,0.0,0.0,0.0,0.90625,0.078125,0.0,0.0
9,8,0.015625,0.0,0.0,0.0,0.0,0.0,0.0,0.0,0.90625,0.078125,0.0,0.0
9,8,0.015625,0.0,0.0,0.0,0.0,0.0,0.0,0.0,0.90625,0.078125,0.0,0.0
9,8,0.015625,0.0,0.0,0.0,0.0,0.0,0.0,0.0,0.90625,0.078125,0.0,0.0
9,8,0.015625,0.0,0.0,0.0,0.0,0.0,0.0,0.0,0.90625,0.078125,0.0,0.0
9,8,0.015625,0.0,0.0,0.0,0.0,0.0,0.0,0.0,0.90625,0.078125,0.0,0.0
9,8,0.015625,0.0,0.0,0.0,0.0,0.0,0.0,0.0,0.90625,0.078125,0.0,0.0
9,8,0.015625,0.0,0.0,0.0,0.0,0.0,0.0,0.0,0.90625,0.078125,0.0,0.0
9,8,0.015625,0.0,0.0,0.0,0.0,0.0,0.0,0.0,0.90625,0.078125,0.0,0.0
9,8,0.015625,0.0,0.0,0.0,0.0,0.0,0.0,0.0,0.90625,0.078125,0.0,0.0
9,8,0.015625,0.0,0.0,0.0,0.0,0.0,0.0,0.0,0.90625,0.078125,0.0,0.0
9,8,0.015625,0.0,0.0,0.0,0.0,0.0,0.0,0.0,0.90625,0.078125,0.0,0.0
9,8,0.015625,0.0,0.0,0.0,0.0,0.0,0.0,0.0,0.90625,0.078125,0.0,0.0
9,8,0.015625,0.0,0.0,0.0,0.0,0.0,0.0,0.0,0.90625,0.078125,0.0,0.0
9,8,0.015625,0.0,0.0,0.0,0.0,0.0,0.0,0.0,0.90625,0.078125,0.0,0.0
9,8,0.015625,0.0,0.0,0.0,0.0,0.0,0.0,0.0,0.90625,0.078125,0.0,0.0
9,8,0.015625,0.0,0.0,0.0,0.0,0.0,0.0,0.0,0.90625,0.078125,0.0,0.0
9,8,0.015625,0.0,0.0,0.0,0.0,0.0,0.0,0.0,0.90625,0.078125,0.0,0.0
9,8,0.015625,0.0,0.0,0.0,0.0,0.0,0.0,0.0,0.90625,0.078125,0.0,0.0
9,8,0.015625,0.0,0.0,0.0,0.0,0.0,0.0,0.0,0.90625,0.078125,0.0,0.0
9,8,0.015625,0.0,0.0,0.0,0.0,0.0,0.0,0.0,0.90625,0.078125,0.0,0.0
9,8,0.015625,0.0,0.0,0.0,0.0,0.0,0.0,0.0,0.90625,0.078125,0.0,0.0
9,8,0.015625,0.0,0.0,0.0,0.0,0.0,0.0,0.0,0.90625,0.078125,0.0,0.0
9,8,0.015625,0.0,0.0,0.0,0.0,0.0,0.0,0.0,0.90625,0.078125,0.0,0.0
9,8,0.015625,0.0,0.0,0.0,0.0,0.0,0.0,0.0,0.90625,0.078125,0.0,0.0
9,8,0.015625,0.0,0.0,0.0,0.0,0.0,0.0,0.0,0.90625,0.078125,0.0,0.0
9,8,0.015625,0.0,0.0,0.0,0.0,0.0,0.0,0.0,0.90625,0.078125,0.0,0.0
9,8,0.015625,0.0,0.0,0.0,0.0,0.0,0.0,0.0,0.90625,0.078125,0.0,0.0
9,8,0.015625,0.0,0.0,0.0,0.0,0.0,0.0,0.0,0.90625,0.078125,0.0,0.0
9,8,0.015625,0.0,0.0,0.0,0.0,0.0,0.0,0.0,0.90625,0.078125,0.0,0.0
9,8,0.015625,0.0,0.0,0.0,0.0,0.0,0.0,0.0,0.90625,0.078125,0.0,0.0
9,8,0.015625,0.0,0.0,0.0,0.0,0.0,0.0,0.0,0.90625,0.078125,0.0,0.0
9,8,0.015625,0.0,0.0,0.0,0.0,0.0,0.0,0.0,0.90625,0.078125,0.0,0.0
9,8,0.015625,0.0,0.0,0.0,0.0,0.0,0.0,0.0,0.90625,0.078125,0.0,0.0
9,8,0.015625,0.0,0.0,0.0,0.0,0.0,0.0,0.0,0.921875,0.0625,0.0,0.0
9,8,0.015625,0.0,0.0,0.0,0.0,0.0,0.0,0.0,0.921875,0.0625,0.0,0.0
9,8,0.015625,0.0,0.0,0.0,0.0,0.0,0.0,0.0,0.921875,0.0625,0.0,0.0
9,8,0.015625,0.0,0.0,0.0,0.0,0.0,0.0,0.0,0.921875,0.0625,0.0,0.0
9,8,0.015625,0.0,0.0,0.0,0.0,0.0,0.0,0.0,0.921875,0.0625,0.0,0.0
9,8,0.015625,0.0,0.0,0.0,0.0,0.0,0.0,0.0,0.921875,0.0625,0.0,0.0
9,8,0.015625,0.0,0.0,0.0,0.0,0.0,0.0,0.0,0.921875,0.0625,0.0,0.0
9,8,0.015625,0.0,0.0,0.0,0.0,0.0,0.0,0.0,0.921875,0.0625,0.0,0.0
9,8,0.015625,0.0,0.0,0.0,0.0,0.0,0.0,0.0,0.921875,0.0625,0.0,0.0
9,8,0.015625,0.0,0.0,0.0,0.0,0.0,0.0,0.0,0.921875,0.0625,0.0,0.0
9,8,0.015625,0.0,0.0,0.0,0.0,0.0,0.0,0.0,0.921875,0.0625,0.0,0.0
9,8,0.015625,0.0,0.0,0.0,0.0,0.0,0.0,0.0,0.921875,0.0625,0.0,0.0
9,8,0.015625,0.0,0.0,0.0,0.0,0.0,0.0,0.0,0.921875,0.0625,0.0,0.0
9,8,0.015625,0.0,0.0,0.0,0.0,0.0,0.0,0.0,0.921875,0.0625,0.0,0.0
9,8,0.015625,0.0,0.0,0.0,0.0,0.0,0.0,0.0,0.921875,0.0625,0.0,0.0
9,8,0.015625,0.0,0.0,0.0,0.0,0.0,0.0,0.0,0.921875,0.0625,0.0,0.0
9,8,0.015625,0.0,0.0,0.0,0.0,0.0,0.0,0.0,0.921875,0.0625,0.0,0.0
9,8,0.015625,0.0,0.0,0.0,0.0,0.0,0.0,0.0,0.921875,0.0625,0.0,0.0
9,8,0.015625,0.0,0.0,0.0,0.0,0.0,0.0,0.0,0.921875,0.0625,0.0,0.0
9,8,0.015625,0.0,0.0,0.0,0.0,0.0,0.0,0.0,0.921875,0.0625,0.0,0.0
9,8,0.015625,0.0,0.0,0.0,0.0,0.0,0.0,0.0,0.921875,0.0625,0.0,0.0
9,8,0.015625,0.0,0.0,0.0,0.0,0.0,0.0,0.0,0.921875,0.0625,0.0,0.0
9,8,0.015625,0.0,0.0,0.0,0.0,0.0,0.0,0.0,0.921875,0.0625,0.0,0.0
9,8,0.015625,0.0,0.0,0.0,0.0,0.0,0.0,0.0,0.921875,0.0625,0.0,0.0
9,8,0.015625,0.0,0.0,0.0,0.0,0.0,0.0,0.0,0.921875,0.0625,0.0,0.0
9,8,0.015625,0.0,0.0,0.0,0.0,0.0,0.0,0.0,0.921875,0.0625,0.0,0.0
9,8,0.015625,0.0,0.0,0.0,0.0,0.0,0.0,0.0,0.921875,0.0625,0.0,0.0
9,8,0.015625,0.0,0.0,0.0,0.0,0.0,0.0,0.0,0.921875,0.0625,0.0,0.0
9,8,0.015625,0.0,0.0,0.0,0.0,0.0,0.0,0.0,0.921875,0.0625,0.0,0.0
9,8,0.015625,0.0,0.0,0.0,0.0,0.0,0.0,0.0,0.921875,0.0625,0.0,0.0
9,8,0.015625,0.0,0.0,0.0,0.0,0.0,0.0,0.0,0.921875,0.0625,0.0,0.0
9,8,0.015625,0.0,0.0,0.0,0.0,0.0,0.0,0.0,0.921875,0.0625,0.0,0.0
9,8,0.015625,0.0,0.0,0.0,0.0,0.0,0.0,0.0,0.921875,0.0625,0.0,0.0
9,8,0.015625,0.0,0.0,0.0,0.0,0.0,0.0,0.0,0.921875,0.0625,0.0,0.0
9,8,0.015625,0.0,0.0,0.0,0.0,0.0,0.0,0.0,0.921875,0.0625,0.0,0.0
9,8,0.015625,0.0,0.0,0.0,0.0,0.0,0.0,0.0,0.921875,0.0625,0.0,0.0
9,8,0.015625,0.0,0.0,0.0,0.0,0.0,0.0,0.0,0.921875,0.0625,0.0,0.0
9,8,0.015625,0.0,0.0,0.0,0.0,0.0,0.0,0.0,0.921875,0.0625,0.0,0.0
9,8,0.015625,0.0,0.0,0.0,0.0,0.0,0.0,0.0,0.921875,0.0625,0.0,0.0
9,8,0.015625,0.0,0.0,0.0,0.0,0.0,0.0,0.0,0.921875,0.0625,0.0,0.0
9,8,0.015625,0.0,0.0,0.0,0.0,0.0,0.0,0.0,0.921875,0.0625,0.0,0.0
9,8,0.015625,0.0,0.0,0.0,0.0,0.0,0.0,0.0,0.921875,0.0625,0.0,0.0
9,8,0.015625,0.0,0.0,0.0,0.0,0.0,0.0,0.0,0.921875,0.0625,0.0,0.0
9,8,0.015625,0.0,0.0,0.0,0.0,0.0,0.0,0.0,0.921875,0.0625,0.0,0.0
9,8,0.015625,0.0,0.0,0.0,0.0,0.0,0.0,0.0,0.921875,0.0625,0.0,0.0
9,8,0.015625,0.0,0.0,0.0,0.0,0.0,0.0,0.0,0.921875,0.0625,0.0,0.0
9,8,0.015625,0.0,0.0,0.0,0.0,0.0,0.0,0.0,0.921875,0.0625,0.0,0.0
9,8,0.015625,0.0,0.0,0.0,0.0,0.0,0.0,0.0,0.921875,0.0625,0.0,0.0
9,8,0.015625,0.0,0.0,0.0,0.0,0.0,0.0,0.0,0.921875,0.0625,0.0,0.0
9,8,0.015625,0.0,0.0,0.0,0.0,0.0,0.0,0.0,0.921875,0.0625,0.0,0.0
9,8,0.015625,0.0,0.0,0.0,0.0,0.0,0.0,0.0,0.921875,0.0625,0.0,0.0
9,8,0.015625,0.0,0.0,0.0,0.0,0.0,0.0,0.0,0.921875,0.0625,0.0,0.0
9,8,0.015625,0.0,0.0,0.0,0.0,0.0,0.0,0.0,0.921875,0.0625,0.0,0.0
9,8,0.015625,0.0,0.0,0.0,0.0,0.0,0.0,0.0,0.921875,0.0625,0.0,0.0
9,8,0.015625,0.0,0.0,0.0,0.0,0.0,0.0,0.0,0.921875,0.0625,0.0,0.0
9,8,0.015625,0.0,0.0,0.0,0.0,0.0,0.0,0.0,0.921875,0.0625,0.0,0.0
9,8,0.015625,0.0,0.0,0.0,0.0,0.0,0.0,0.0,0.921875,0.0625,0.0,0.0
9,8,0.015625,0.0,0.0,0.0,0.0,0.0,0.0,0.0,0.921875,0.0625,0.0,0.0
9,8,0.015625,0.0,0.0,0.0,0.0,0.0,0.0,0.0,0.921875,0.0625,0.0,0.0
9,8,0.015625,0.0,0.0,0.0,0.0,0.0,0.0,0.0,0.921875,0.0625,0.0,0.0
9,8,0.015625,0.0,0.0,0.0,0.0,0.0,0.0,0.0,0.921875,0.0625,0.0,0.0
9,8,0.015625,0.0,0.0,0.0,0.0,0.0,0.0,0.0,0.921875,0.0625,0.0,0.0
9,8,0.015625,0.0,0.0,0.0,0.0,0.0,0.0,0.0,0.921875,0.0625,0.0,0.0
9,8,0.015625,0.0,0.0,0.0,0.0,0.0,0.0,0.0,0.921875,0.0625,0.0,0.0
9,8,0.015625,0.0,0.0,0.0,0.0,0.0,0.0,0.0,0.921875,0.0625,0.0,0.0
9,8,0.015625,0.0,0.0,0.0,0.0,0.0,0.0,0.0,0.921875,0.0625,0.0,0.0
9,8,0.015625,0.0,0.0,0.0,0.0,0.0,0.0,0.0,0.921875,0.0625,0.0,0.0
9,8,0.015625,0.0,0.0,0.0,0.0,0.0,0.0,0.0,0.921875,0.0625,0.0,0.0
9,8,0.015625,0.0,0.0,0.0,0.0,0.0,0.0,0.0,0.921875,0.0625,0.0,0.0
9,8,0.015625,0.0,0.0,0.0,0.0,0.0,0.0,0.0,0.921875,0.0625,0.0,0.0
9,8,0.015625,0.0,0.0,0.0,0.0,0.0,0.0,0.0,0.921875,0.0625,0.0,0.0
9,8,0.015625,0.0,0.0,0.0,0.0,0.0,0.0,0.0,0.921875,0.0625,0.0,0.0
9,8,0.015625,0.0,0.0,0.0,0.0,0.0,0.0,0.0,0.921875,0.0625,0.0,0.0
9,8,0.015625,0.0,0.0,0.0,0.0,0.0,0.0,0.0,0.921875,0.0625,0.0,0.0
9,8,0.015625,0.0,0.0,0.0,0.0,0.0,0.0,0.0,0.921875,0.0625,0.0,0.0
9,8,0.015625,0.0,0.0,0.0,0.0,0.0,0.0,0.0,0.921875,0.0625,0.0,0.0
9,8,0.015625,0.0,0.0,0.0,0.0,0.0,0.0,0.0,0.921875,0.0625,0.0,0.0
9,8,0.015625,0.0,0.0,0.0,0.0,0.0,0.0,0.0,0.921875,0.0625,0.0,0.0
9,8,0.015625,0.0,0.0,0.0,0.0,0.0,0.0,0.0,0.921875,0.0625,0.0,0.0
9,8,0.015625,0.0,0.0,0.0,0.0,0.0,0.0,0.0,0.921875,0.0625,0.0,0.0
9,8,0.015625,0.0,0.0,0.0,0.0,0.0,0.0,0.0,0.921875,0.0625,0.0,0.0
9,8,0.015625,0.0,0.0,0.0,0.0,0.0,0.0,0.0,0.921875,0.0625,0.0,0.0
9,8,0.015625,0.0,0.0,0.0,0.0,0.0,0.0,0.0,0.921875,0.0625,0.0,0.0
9,8,0.015625,0.0,0.0,0.0,0.0,0.0,0.0,0.0,0.921875,0.0625,0.0,0.0
9,8,0.015625,0.0,0.0,0.0,0.0,0.0,0.0,0.0,0.921875,0.0625,0.0,0.0
9,8,0.015625,0.0,0.0,0.0,0.0,0.0,0.0,0.0,0.921875,0.0625,0.0,0.0
9,8,0.015625,0.0,0.0,0.0,0.0,0.0,0.0,0.0,0.921875,0.0625,0.0,0.0
9,8,0.015625,0.0,0.0,0.0,0.0,0.0,0.0,0.0,0.921875,0.0625,0.0,0.0
9,8,0.015625,0.0,0.0,0.0,0.0,0.0,0.0,0.0,0.921875,0.0625,0.0,0.0
9,8,0.015625,0.0,0.0,0.0,0.0,0.0,0.0,0.0,0.921875,0.0625,0.0,0.0
9,8,0.015625,0.0,0.0,0.0,0.0,0.0,0.0,0.0,0.921875,0.0625,0.0,0.0
9,8,0.015625,0.0,0.0,0.0,0.0,0.0,0.0,0.0,0.921875,0.0625,0.0,0.0
9,8,0.015625,0.0,0.0,0.0,0.0,0.0,0.0,0.0,0.921875,0.0625,0.0,0.0
9,8,0.015625,0.0,0.0,0.0,0.0,0.0,0.0,0.0,0.921875,0.0625,0.0,0.0
9,8,0.015625,0.0,0.0,0.0,0.0,0.0,0.0,0.0,0.921875,0.0625,0.0,0.0
9,8,0.015625,0.0,0.0,0.0,0.0,0.0,0.0,0.0,0.921875,0.0625,0.0,0.0
9,8,0.015625,0.0,0.0,0.0,0.0,0.0,0.0,0.0,0.921875,0.0625,0.0,0.0
9,8,0.015625,0.0,0.0,0.0,0.0,0.0,0.0,0.0,0.921875,0.0625,0.0,0.0
9,8,0.015625,0.0,0.0,0.0,0.0,0.0,0.0,0.0,0.921875,0.0625,0.0,0.0
9,8,0.015625,0.0,0.0,0.0,0.0,0.0,0.0,0.0,0.921875,0.0625,0.0,0.0
9,8,0.015625,0.0,0.0,0.0,0.0,0.0,0.0,0.0,0.921875,0.0625,0.0,0.0
9,8,0.015625,0.0,0.0,0.0,0.0,0.0,0.0,0.0,0.921875,0.0625,0.0,0.0
9,8,0.015625,0.0,0.0,0.0,0.0,0.0,0.0,0.0,0.921875,0.0625,0.0,0.0
9,8,0.015625,0.0,0.0,0.0,0.0,0.0,0.0,0.0,0.921875,0.0625,0.0,0.0
9,8,0.015625,0.0,0.0,0.0,0.0,0.0,0.0,0.0,0.921875,0.0625,0.0,0.0
9,8,0.015625,0.0,0.0,0.0,0.0,0.0,0.0,0.0,0.921875,0.0625,0.0,0.0
9,8,0.015625,0.0,0.0,0.0,0.0,0.0,0.0,0.0,0.921875,0.0625,0.0,0.0
9,8,0.015625,0.0,0.0,0.0,0.0,0.0,0.0,0.0,0.921875,0.0625,0.0,0.0
9,8,0.015625,0.0,0.0,0.0,0.0,0.0,0.0,0.0,0.921875,0.0625,0.0,0.0
9,8,0.015625,0.0,0.0,0.0,0.0,0.0,0.0,0.0,0.921875,0.0625,0.0,0.0
9,8,0.015625,0.0,0.0,0.0,0.0,0.0,0.0,0.0,0.921875,0.0625,0.0,0.0
9,8,0.015625,0.0,0.0,0.0,0.0,0.0,0.0,0.0,0.921875,0.0625,0.0,0.0
9,8,0.015625,0.0,0.0,0.0,0.0,0.0,0.0,0.0,0.921875,0.0625,0.0,0.0
9,8,0.015625,0.0,0.0,0.0,0.0,0.0,0.0,0.0,0.921875,0.0625,0.0,0.0
9,8,0.015625,0.0,0.0,0.0,0.0,0.0,0.0,0.0,0.921875,0.0625,0.0,0.0
9,8,0.015625,0.0,0.0,0.0,0.0,0.0,0.0,0.0,0.921875,0.0625,0.0,0.0
9,8,0.015625,0.0,0.0,0.0,0.0,0.0,0.0,0.0,0.921875,0.0625,0.0,0.0
9,8,0.015625,0.0,0.0,0.0,0.0,0.0,0.0,0.0,0.921875,0.0625,0.0,0.0
9,8,0.015625,0.0,0.0,0.0,0.0,0.0,0.0,0.0,0.921875,0.0625,0.0,0.0
9,8,0.015625,0.0,0.0,0.0,0.0,0.0,0.0,0.0,0.921875,0.0625,0.0,0.0
9,8,0.015625,0.0,0.0,0.0,0.0,0.0,0.0,0.0,0.921875,0.0625,0.0,0.0
9,8,0.015625,0.0,0.0,0.0,0.0,0.0,0.0,0.0,0.921875,0.0625,0.0,0.0
9,8,0.015625,0.0,0.0,0.0,0.0,0.0,0.0,0.0,0.921875,0.0625,0.0,0.0
9,8,0.015625,0.0,0.0,0.0,0.0,0.0,0.0,0.0,0.921875,0.0625,0.0,0.0
9,8,0.015625,0.0,0.0,0.0,0.0,0.0,0.0,0.0,0.90625,0.0625,0.015625,0.0
9,8,0.015625,0.0,0.0,0.0,0.0,0.0,0.0,0.0,0.90625,0.0625,0.015625,0.0
9,8,0.015625,0.0,0.0,0.0,0.0,0.0,0.0,0.0,0.90625,0.0625,0.015625,0.0
9,8,0.015625,0.0,0.0,0.0,0.0,0.0,0.0,0.0,0.90625,0.0625,0.015625,0.0
9,8,0.015625,0.0,0.0,0.0,0.0,0.0,0.0,0.0,0.90625,0.0625,0.015625,0.0
9,8,0.015625,0.0,0.0,0.0,0.0,0.0,0.0,0.0,0.90625,0.0625,0.015625,0.0
9,8,0.015625,0.0,0.0,0.0,0.0,0.0,0.0,0.0,0.90625,0.0625,0.015625,0.0
9,8,0.015625,0.0,0.0,0.0,0.0,0.0,0.0,0.0,0.90625,0.0625,0.015625,0.0
9,8,0.015625,0.0,0.0,0.0,0.0,0.0,0.0,0.0,0.90625,0.0625,0.015625,0.0
9,8,0.015625,0.0,0.0,0.0,0.0,0.0,0.0,0.0,0.90625,0.0625,0.015625,0.0
9,8,0.015625,0.0,0.0,0.0,0.0,0.0,0.0,0.0,0.90625,0.0625,0.015625,0.0
9,8,0.015625,0.0,0.0,0.0,0.0,0.0,0.0,0.0,0.90625,0.0625,0.015625,0.0
9,8,0.015625,0.0,0.0,0.0,0.0,0.0,0.0,0.0,0.90625,0.0625,0.015625,0.0
9,8,0.015625,0.0,0.0,0.0,0.0,0.0,0.0,0.0,0.90625,0.0625,0.015625,0.0
9,8,0.015625,0.0,0.0,0.0,0.0,0.0,0.0,0.0,0.90625,0.0625,0.015625,0.0
9,8,0.015625,0.0,0.0,0.0,0.0,0.0,0.0,0.0,0.90625,0.0625,0.015625,0.0
9,8,0.015625,0.0,0.0,0.0,0.0,0.0,0.0,0.0,0.90625,0.0625,0.015625,0.0
9,8,0.015625,0.0,0.0,0.0,0.0,0.0,0.0,0.0,0.90625,0.0625,0.015625,0.0
9,8,0.015625,0.0,0.0,0.0,0.0,0.0,0.0,0.0,0.90625,0.0625,0.015625,0.0
9,8,0.015625,0.0,0.0,0.0,0.0,0.0,0.0,0.0,0.90625,0.0625,0.015625,0.0
9,8,0.015625,0.0,0.0,0.0,0.0,0.0,0.0,0.0,0.90625,0.0625,0.015625,0.0
9,8,0.015625,0.0,0.0,0.0,0.0,0.0,0.0,0.0,0.90625,0.0625,0.015625,0.0
9,8,0.015625,0.0,0.0,0.0,0.0,0.0,0.0,0.0,0.90625,0.0625,0.015625,0.0
9,8,0.015625,0.0,0.0,0.0,0.0,0.0,0.0,0.0,0.90625,0.0625,0.015625,0.0
9,8,0.015625,0.0,0.0,0.0,0.0,0.0,0.0,0.0,0.90625,0.0625,0.015625,0.0
9,8,0.015625,0.0,0.0,0.0,0.0,0.0,0.0,0.0,0.90625,0.0625,0.015625,0.0
9,8,0.015625,0.0,0.0,0.0,0.0,0.0,0.0,0.0,0.90625,0.0625,0.015625,0.0
9,8,0.015625,0.0,0.0,0.0,0.0,0.0,0.0,0.0,0.90625,0.0625,0.015625,0.0
9,8,0.015625,0.0,0.015625,0.0,0.0,0.0,0.0,0.0,0.890625,0.0625,0.015625,0.0
9,8,0.015625,0.0,0.015625,0.0,0.0,0.0,0.0,0.0,0.890625,0.0625,0.015625,0.0
9,8,0.015625,0.0,0.015625,0.0,0.0,0.0,0.0,0.0,0.890625,0.0625,0.015625,0.0
9,8,0.015625,0.0,0.015625,0.0,0.0,0.0,0.0,0.0,0.890625,0.0625,0.015625,0.0
9,8,0.015625,0.0,0.015625,0.0,0.0,0.0,0.0,0.0,0.890625,0.0625,0.015625,0.0
9,8,0.015625,0.0,0.015625,0.0,0.0,0.0,0.0,0.0,0.890625,0.0625,0.015625,0.0
9,8,0.015625,0.0,0.015625,0.0,0.0,0.0,0.0,0.0,0.890625,0.0625,0.015625,0.0
9,8,0.015625,0.0,0.015625,0.0,0.0,0.0,0.0,0.0,0.890625,0.0625,0.015625,0.0
9,8,0.015625,0.0,0.015625,0.0,0.0,0.0,0.0,0.0,0.890625,0.0625,0.015625,0.0
9,8,0.015625,0.0,0.015625,0.0,0.0,0.0,0.0,0.0,0.890625,0.0625,0.015625,0.0
9,8,0.015625,0.0,0.015625,0.0,0.0,0.0,0.0,0.0,0.890625,0.0625,0.015625,0.0
9,8,0.015625,0.0,0.015625,0.0,0.0,0.0,0.0,0.0,0.890625,0.0625,0.015625,0.0
9,8,0.015625,0.0,0.015625,0.0,0.0,0.0,0.0,0.0,0.890625,0.0625,0.015625,0.0
9,8,0.015625,0.0,0.015625,0.0,0.0,0.0,0.0,0.0,0.890625,0.0625,0.015625,0.0
9,8,0.015625,0.0,0.0,0.0,0.0,0.0,0.0,0.0,0.90625,0.0625,0.015625,0.0
9,8,0.015625,0.0,0.0,0.0,0.0,0.0,0.0,0.0,0.90625,0.0625,0.015625,0.0
9,8,0.015625,0.0,0.0,0.0,0.0,0.0,0.0,0.0,0.90625,0.0625,0.015625,0.0
9,8,0.015625,0.0,0.0,0.0,0.0,0.0,0.0,0.0,0.90625,0.0625,0.015625,0.0
9,8,0.015625,0.0,0.0,0.0,0.0,0.0,0.0,0.0,0.90625,0.0625,0.015625,0.0
9,8,0.015625,0.0,0.0,0.0,0.0,0.0,0.0,0.0,0.90625,0.0625,0.015625,0.0
9,8,0.015625,0.0,0.0,0.0,0.0,0.0,0.0,0.0,0.90625,0.0625,0.015625,0.0
9,8,0.015625,0.0,0.0,0.0,0.0,0.0,0.0,0.0,0.90625,0.0625,0.015625,0.0
9,8,0.015625,0.0,0.0,0.0,0.0,0.0,0.0,0.0,0.90625,0.0625,0.015625,0.0
9,8,0.015625,0.0,0.0,0.0,0.0,0.0,0.0,0.0,0.90625,0.0625,0.015625,0.0
9,8,0.015625,0.0,0.0,0.0,0.0,0.0,0.0,0.0,0.90625,0.0625,0.015625,0.0
9,8,0.015625,0.0,0.0,0.0,0.0,0.0,0.0,0.0,0.90625,0.0625,0.015625,0.0
9,8,0.015625,0.0,0.0,0.0,0.0,0.0,0.0,0.0,0.90625,0.0625,0.015625,0.0
9,8,0.015625,0.0,0.0,0.0,0.0,0.0,0.0,0.0,0.90625,0.0625,0.015625,0.0
9,8,0.015873017,0.0,0.0,0.0,0.0,0.0,0.0,0.0,0.9047619,0.06349207,0.015873017,0.0
9,8,0.015873017,0.0,0.0,0.0,0.0,0.0,0.0,0.0,0.9047619,0.06349207,0.015873017,0.0
9,8,0.015873017,0.0,0.0,0.0,0.0,0.0,0.0,0.0,0.9047619,0.06349207,0.015873017,0.0
9,8,0.015873017,0.0,0.0,0.0,0.0,0.0,0.0,0.0,0.9047619,0.06349207,0.015873017,0.0
9,8,0.015873017,0.0,0.0,0.0,0.0,0.0,0.0,0.0,0.9047619,0.06349207,0.015873017,0.0
9,8,0.015873017,0.0,0.0,0.0,0.0,0.0,0.0,0.0,0.9047619,0.06349207,0.015873017,0.0
9,8,0.015873017,0.0,0.0,0.0,0.0,0.0,0.0,0.0,0.9047619,0.06349207,0.015873017,0.0
9,8,0.015873017,0.0,0.0,0.0,0.0,0.0,0.0,0.0,0.9047619,0.06349207,0.015873017,0.0
9,8,0.015873017,0.0,0.0,0.0,0.0,0.0,0.0,0.0,0.9047619,0.06349207,0.015873017,0.0
9,8,0.015873017,0.0,0.0,0.0,0.0,0.0,0.0,0.0,0.9047619,0.06349207,0.015873017,0.0
9,8,0.015873017,0.0,0.0,0.0,0.0,0.0,0.0,0.0,0.9047619,0.06349207,0.015873017,0.0
9,8,0.015873017,0.0,0.0,0.0,0.0,0.0,0.0,0.0,0.9047619,0.06349207,0.015873017,0.0
9,8,0.015873017,0.0,0.0,0.0,0.0,0.0,0.0,0.0,0.9047619,0.06349207,0.015873017,0.0
9,8,0.015873017,0.0,0.0,0.0,0.0,0.0,0.0,0.0,0.9047619,0.06349207,0.015873017,0.0
9,8,0.015873017,0.0,0.015873017,0.0,0.0,0.0,0.0,0.0,0.8888889,0.06349207,0.015873017,0.0
9,8,0.015873017,0.0,0.015873017,0.0,0.0,0.0,0.0,0.0,0.8888889,0.06349207,0.015873017,0.0
9,8,0.015873017,0.0,0.015873017,0.0,0.0,0.0,0.0,0.0,0.8888889,0.06349207,0.015873017,0.0
9,8,0.015873017,0.0,0.015873017,0.0,0.0,0.0,0.0,0.0,0.8888889,0.06349207,0.015873017,0.0
9,8,0.015873017,0.0,0.015873017,0.0,0.0,0.0,0.0,0.0,0.8888889,0.06349207,0.015873017,0.0
9,8,0.015873017,0.0,0.015873017,0.0,0.0,0.0,0.0,0.0,0.8888889,0.06349207,0.015873017,0.0
9,8,0.015873017,0.0,0.015873017,0.0,0.0,0.0,0.0,0.0,0.8888889,0.06349207,0.015873017,0.0
9,8,0.015873017,0.0,0.015873017,0.0,0.0,0.0,0.0,0.0,0.8888889,0.06349207,0.015873017,0.0
9,8,0.015873017,0.0,0.015873017,0.0,0.0,0.0,0.0,0.0,0.8888889,0.06349207,0.015873017,0.0
9,8,0.015873017,0.0,0.015873017,0.0,0.0,0.0,0.0,0.0,0.8888889,0.06349207,0.015873017,0.0
9,8,0.015873017,0.0,0.015873017,0.0,0.0,0.0,0.0,0.0,0.8888889,0.06349207,0.015873017,0.0
9,8,0.015873017,0.0,0.015873017,0.0,0.0,0.0,0.0,0.0,0.8888889,0.06349207,0.015873017,0.0
9,8,0.015873017,0.0,0.015873017,0.0,0.0,0.0,0.0,0.0,0.8888889,0.06349207,0.015873017,0.0
9,8,0.015873017,0.0,0.015873017,0.0,0.0,0.0,0.0,0.0,0.8888889,0.06349207,0.015873017,0.0
9,8,0.015873017,0.0,0.015873017,0.0,0.0,0.0,0.0,0.0,0.9047619,0.06349207,0.0,0.0
9,8,0.015873017,0.0,0.015873017,0.0,0.0,0.0,0.0,0.0,0.9047619,0.06349207,0.0,0.0
9,8,0.015873017,0.0,0.015873017,0.0,0.0,0.0,0.0,0.0,0.9047619,0.06349207,0.0,0.0
9,8,0.015873017,0.0,0.015873017,0.0,0.0,0.0,0.0,0.0,0.9047619,0.06349207,0.0,0.0
9,8,0.015873017,0.0,0.015873017,0.0,0.0,0.0,0.0,0.0,0.9047619,0.06349207,0.0,0.0
9,8,0.015873017,0.0,0.015873017,0.0,0.0,0.0,0.0,0.0,0.9047619,0.06349207,0.0,0.0
9,8,0.015873017,0.0,0.015873017,0.0,0.0,0.0,0.0,0.0,0.9047619,0.06349207,0.0,0.0
9,8,0.015873017,0.0,0.015873017,0.0,0.0,0.0,0.0,0.0,0.9047619,0.06349207,0.0,0.0
9,8,0.015873017,0.0,0.015873017,0.0,0.0,0.0,0.0,0.0,0.9047619,0.06349207,0.0,0.0
9,8,0.015873017,0.0,0.015873017,0.0,0.0,0.0,0.0,0.0,0.9047619,0.06349207,0.0,0.0
9,8,0.015873017,0.0,0.015873017,0.0,0.0,0.0,0.0,0.0,0.9047619,0.06349207,0.0,0.0
9,8,0.015873017,0.0,0.015873017,0.0,0.0,0.0,0.0,0.0,0.9047619,0.06349207,0.0,0.0
9,8,0.015873017,0.0,0.015873017,0.0,0.0,0.0,0.0,0.0,0.9047619,0.06349207,0.0,0.0
9,8,0.015873017,0.0,0.015873017,0.0,0.0,0.0,0.0,0.0,0.9047619,0.06349207,0.0,0.0
9,8,0.015873017,0.0,0.015873017,0.0,0.0,0.0,0.0,0.0,0.9047619,0.06349207,0.0,0.0
9,8,0.015873017,0.0,0.015873017,0.0,0.0,0.0,0.0,0.0,0.9047619,0.06349207,0.0,0.0
9,8,0.015873017,0.0,0.015873017,0.0,0.0,0.0,0.0,0.0,0.9047619,0.06349207,0.0,0.0
9,8,0.015873017,0.0,0.015873017,0.0,0.0,0.0,0.0,0.0,0.9047619,0.06349207,0.0,0.0
9,8,0.015873017,0.0,0.015873017,0.0,0.0,0.0,0.0,0.0,0.9047619,0.06349207,0.0,0.0
9,8,0.015873017,0.0,0.015873017,0.0,0.0,0.0,0.0,0.0,0.9047619,0.06349207,0.0,0.0
9,8,0.015873017,0.0,0.015873017,0.0,0.0,0.0,0.0,0.0,0.9047619,0.06349207,0.0,0.0
9,8,0.015873017,0.0,0.015873017,0.0,0.0,0.0,0.0,0.0,0.9047619,0.06349207,0.0,0.0
9,8,0.015873017,0.0,0.015873017,0.0,0.0,0.0,0.0,0.0,0.9047619,0.06349207,0.0,0.0
9,8,0.015873017,0.0,0.015873017,0.0,0.0,0.0,0.0,0.0,0.9047619,0.06349207,0.0,0.0
9,8,0.031746034,0.0,0.015873017,0.0,0.0,0.0,0.0,0.0,0.8888889,0.06349207,0.0,0.0
9,8,0.031746034,0.0,0.015873017,0.0,0.0,0.0,0.0,0.0,0.8888889,0.06349207,0.0,0.0
9,8,0.031746034,0.0,0.015873017,0.0,0.0,0.0,0.0,0.0,0.8888889,0.06349207,0.0,0.0
9,8,0.031746034,0.0,0.015873017,0.0,0.0,0.0,0.0,0.0,0.8888889,0.06349207,0.0,0.0
9,8,0.031746034,0.0,0.015873017,0.0,0.0,0.0,0.0,0.0,0.8888889,0.06349207,0.0,0.0
9,8,0.031746034,0.0,0.015873017,0.0,0.0,0.0,0.0,0.0,0.8888889,0.06349207,0.0,0.0
9,8,0.031746034,0.0,0.015873017,0.0,0.0,0.0,0.0,0.0,0.8888889,0.06349207,0.0,0.0
9,8,0.031746034,0.0,0.015873017,0.0,0.0,0.0,0.0,0.0,0.8888889,0.06349207,0.0,0.0
9,8,0.031746034,0.0,0.015873017,0.0,0.0,0.0,0.0,0.0,0.8888889,0.06349207,0.0,0.0
9,8,0.031746034,0.0,0.015873017,0.0,0.0,0.0,0.0,0.0,0.8888889,0.06349207,0.0,0.0
9,8,0.031746034,0.0,0.015873017,0.0,0.0,0.0,0.0,0.0,0.8888889,0.06349207,0.0,0.0
9,8,0.031746034,0.0,0.015873017,0.0,0.0,0.0,0.0,0.0,0.8888889,0.06349207,0.0,0.0
9,8,0.031746034,0.0,0.015873017,0.0,0.0,0.0,0.0,0.0,0.8888889,0.06349207,0.0,0.0
9,8,0.031746034,0.0,0.015873017,0.0,0.0,0.0,0.0,0.0,0.8888889,0.06349207,0.0,0.0
9,8,0.031746034,0.0,0.015873017,0.0,0.0,0.0,0.0,0.0,0.8888889,0.06349207,0.0,0.0
9,8,0.031746034,0.0,0.015873017,0.0,0.0,0.0,0.0,0.0,0.8888889,0.06349207,0.0,0.0
9,8,0.031746034,0.0,0.015873017,0.0,0.0,0.0,0.0,0.0,0.8888889,0.06349207,0.0,0.0
9,8,0.031746034,0.0,0.015873017,0.0,0.0,0.0,0.0,0.0,0.8888889,0.06349207,0.0,0.0
9,8,0.031746034,0.0,0.015873017,0.0,0.0,0.0,0.0,0.0,0.8888889,0.06349207,0.0,0.0
9,8,0.031746034,0.0,0.015873017,0.0,0.0,0.0,0.0,0.0,0.8888889,0.06349207,0.0,0.0
9,8,0.031746034,0.0,0.015873017,0.0,0.0,0.0,0.0,0.0,0.8888889,0.06349207,0.0,0.0
9,8,0.031746034,0.0,0.015873017,0.0,0.0,0.0,0.0,0.0,0.8888889,0.06349207,0.0,0.0
9,8,0.031746034,0.0,0.015873017,0.0,0.0,0.0,0.0,0.0,0.8888889,0.06349207,0.0,0.0
9,8,0.031746034,0.0,0.015873017,0.0,0.0,0.0,0.0,0.0,0.8888889,0.06349207,0.0,0.0
9,8,0.031746034,0.0,0.015873017,0.0,0.0,0.0,0.0,0.0,0.8730159,0.06349207,0.0,0.015873017
9,8,0.031746034,0.0,0.015873017,0.0,0.0,0.0,0.0,0.0,0.8730159,0.06349207,0.0,0.015873017
9,8,0.031746034,0.0,0.015873017,0.0,0.0,0.0,0.0,0.0,0.8730159,0.06349207,0.0,0.015873017
9,8,0.031746034,0.0,0.015873017,0.0,0.0,0.0,0.0,0.0,0.8730159,0.06349207,0.0,0.015873017
9,8,0.031746034,0.0,0.015873017,0.0,0.0,0.0,0.0,0.0,0.8730159,0.06349207,0.0,0.015873017
9,8,0.031746034,0.0,0.015873017,0.0,0.0,0.0,0.0,0.0,0.8730159,0.06349207,0.0,0.015873017
9,8,0.031746034,0.0,0.015873017,0.0,0.0,0.0,0.0,0.0,0.8730159,0.06349207,0.0,0.015873017
9,8,0.031746034,0.0,0.015873017,0.0,0.0,0.0,0.0,0.0,0.8730159,0.06349207,0.0,0.015873017
9,8,0.031746034,0.0,0.015873017,0.0,0.0,0.0,0.0,0.0,0.8730159,0.06349207,0.0,0.015873017
9,8,0.031746034,0.0,0.015873017,0.0,0.0,0.0,0.0,0.0,0.8730159,0.06349207,0.0,0.015873017
9,8,0.031746034,0.0,0.015873017,0.0,0.0,0.0,0.0,0.0,0.8730159,0.06349207,0.0,0.015873017
9,8,0.031746034,0.0,0.015873017,0.0,0.0,0.0,0.0,0.0,0.8730159,0.06349207,0.0,0.015873017
9,8,0.031746034,0.0,0.015873017,0.0,0.0,0.0,0.0,0.0,0.8730159,0.06349207,0.0,0.015873017
9,8,0.031746034,0.0,0.015873017,0.0,0.0,0.0,0.0,0.0,0.8730159,0.06349207,0.0,0.015873017
9,8,0.031746034,0.0,0.015873017,0.0,0.0,0.0,0.0,0.0,0.8730159,0.06349207,0.0,0.015873017
9,8,0.031746034,0.0,0.015873017,0.0,0.0,0.0,0.0,0.0,0.8730159,0.06349207,0.0,0.015873017
9,8,0.031746034,0.0,0.015873017,0.0,0.0,0.0,0.0,0.0,0.8730159,0.06349207,0.0,0.015873017
9,8,0.031746034,0.0,0.015873017,0.0,0.0,0.0,0.0,0.0,0.8730159,0.06349207,0.0,0.015873017
9,8,0.031746034,0.0,0.015873017,0.0,0.0,0.0,0.0,0.0,0.8730159,0.06349207,0.0,0.015873017
9,8,0.031746034,0.0,0.015873017,0.0,0.0,0.0,0.0,0.0,0.8730159,0.06349207,0.0,0.015873017
9,8,0.031746034,0.0,0.015873017,0.0,0.0,0.0,0.0,0.0,0.8730159,0.06349207,0.0,0.015873017
9,8,0.031746034,0.0,0.015873017,0.0,0.0,0.0,0.0,0.0,0.8730159,0.06349207,0.0,0.015873017
9,8,0.031746034,0.0,0.015873017,0.0,0.0,0.0,0.0,0.0,0.8730159,0.06349207,0.0,0.015873017
9,8,0.031746034,0.0,0.015873017,0.0,0.0,0.0,0.0,0.0,0.8730159,0.06349207,0.0,0.015873017
9,8,0.031746034,0.0,0.015873017,0.0,0.0,0.0,0.0,0.0,0.8888889,0.06349207,0.0,0.0
9,8,0.031746034,0.0,0.015873017,0.0,0.0,0.0,0.0,0.0,0.8888889,0.06349207,0.0,0.0
9,8,0.031746034,0.0,0.015873017,0.0,0.0,0.0,0.0,0.0,0.8888889,0.06349207,0.0,0.0
9,8,0.031746034,0.0,0.015873017,0.0,0.0,0.0,0.0,0.0,0.8888889,0.06349207,0.0,0.0
9,8,0.031746034,0.0,0.015873017,0.0,0.0,0.0,0.0,0.0,0.8888889,0.06349207,0.0,0.0
9,8,0.031746034,0.0,0.015873017,0.0,0.0,0.0,0.0,0.0,0.8888889,0.06349207,0.0,0.0
9,8,0.031746034,0.0,0.015873017,0.0,0.0,0.0,0.0,0.0,0.8888889,0.06349207,0.0,0.0
9,8,0.031746034,0.0,0.015873017,0.0,0.0,0.0,0.0,0.0,0.8888889,0.06349207,0.0,0.0
9,8,0.031746034,0.0,0.015873017,0.0,0.0,0.0,0.0,0.0,0.8888889,0.06349207,0.0,0.0
9,8,0.031746034,0.0,0.015873017,0.0,0.0,0.0,0.0,0.0,0.8888889,0.06349207,0.0,0.0
9,8,0.031746034,0.0,0.015873017,0.0,0.0,0.0,0.0,0.0,0.8888889,0.06349207,0.0,0.0
9,8,0.031746034,0.0,0.015873017,0.0,0.0,0.0,0.0,0.0,0.8888889,0.06349207,0.0,0.0
9,8,0.031746034,0.0,0.0,0.0,0.0,0.0,0.0,0.0,0.8888889,0.06349207,0.015873017,0.0
9,8,0.031746034,0.0,0.0,0.0,0.0,0.0,0.0,0.0,0.8888889,0.06349207,0.015873017,0.0
9,8,0.031746034,0.0,0.0,0.0,0.0,0.0,0.0,0.0,0.8888889,0.06349207,0.015873017,0.0
9,8,0.031746034,0.0,0.0,0.0,0.0,0.0,0.0,0.0,0.8888889,0.06349207,0.015873017,0.0
9,8,0.031746034,0.0,0.0,0.0,0.0,0.0,0.0,0.0,0.8888889,0.06349207,0.015873017,0.0
9,8,0.031746034,0.0,0.0,0.0,0.0,0.0,0.0,0.0,0.8888889,0.06349207,0.015873017,0.0
9,8,0.031746034,0.0,0.0,0.0,0.0,0.0,0.0,0.0,0.8888889,0.06349207,0.015873017,0.0
9,8,0.031746034,0.0,0.0,0.0,0.0,0.0,0.0,0.0,0.8888889,0.06349207,0.015873017,0.0
9,8,0.031746034,0.0,0.0,0.0,0.0,0.0,0.0,0.0,0.8888889,0.06349207,0.015873017,0.0
9,8,0.031746034,0.0,0.0,0.0,0.0,0.0,0.0,0.0,0.8888889,0.06349207,0.015873017,0.0
9,8,0.031746034,0.0,0.0,0.0,0.0,0.0,0.0,0.0,0.8888889,0.06349207,0.015873017,0.0
9,8,0.031746034,0.0,0.0,0.0,0.0,0.0,0.0,0.0,0.8888889,0.06349207,0.015873017,0.0
9,8,0.015873017,0.0,0.0,0.0,0.0,0.0,0.0,0.0,0.8730159,0.0952381,0.015873017,0.0
9,8,0.015873017,0.0,0.0,0.0,0.0,0.0,0.0,0.0,0.8730159,0.0952381,0.015873017,0.0
9,8,0.015873017,0.0,0.0,0.0,0.0,0.0,0.0,0.0,0.8730159,0.0952381,0.015873017,0.0
9,8,0.015873017,0.0,0.0,0.0,0.0,0.0,0.0,0.0,0.8730159,0.0952381,0.015873017,0.0
9,8,0.015873017,0.0,0.0,0.0,0.0,0.0,0.0,0.0,0.8730159,0.0952381,0.015873017,0.0
9,8,0.015873017,0.0,0.0,0.0,0.0,0.0,0.0,0.0,0.8730159,0.0952381,0.015873017,0.0
9,8,0.015873017,0.0,0.0,0.0,0.0,0.0,0.0,0.0,0.8730159,0.0952381,0.015873017,0.0
9,8,0.015873017,0.0,0.0,0.0,0.0,0.0,0.0,0.0,0.8730159,0.0952381,0.015873017,0.0
9,8,0.015873017,0.0,0.0,0.0,0.0,0.0,0.0,0.0,0.8730159,0.0952381,0.015873017,0.0
9,8,0.015873017,0.0,0.0,0.0,0.0,0.0,0.0,0.0,0.8730159,0.0952381,0.015873017,0.0
9,8,0.015873017,0.0,0.0,0.0,0.0,0.0,0.0,0.0,0.8730159,0.0952381,0.015873017,0.0
9,8,0.015873017,0.0,0.0,0.0,0.0,0.0,0.0,0.0,0.8730159,0.0952381,0.015873017,0.0
9,8,0.015873017,0.0,0.0,0.0,0.0,0.0,0.0,0.0,0.8730159,0.0952381,0.015873017,0.0
9,8,0.015873017,0.0,0.0,0.0,0.0,0.0,0.0,0.0,0.8730159,0.0952381,0.015873017,0.0
9,8,0.015873017,0.0,0.0,0.0,0.0,0.0,0.0,0.0,0.8730159,0.0952381,0.015873017,0.0
9,8,0.015873017,0.0,0.0,0.0,0.0,0.0,0.0,0.0,0.8730159,0.0952381,0.015873017,0.0
9,8,0.015625,0.0,0.0,0.0,0.0,0.0,0.0,0.0,0.875,0.09375,0.015625,0.0
9,8,0.015625,0.0,0.0,0.0,0.0,0.0,0.0,0.0,0.875,0.09375,0.015625,0.0
9,8,0.015625,0.0,0.0,0.0,0.0,0.0,0.0,0.0,0.875,0.09375,0.015625,0.0
9,8,0.015625,0.0,0.0,0.0,0.0,0.0,0.0,0.0,0.875,0.09375,0.015625,0.0
9,8,0.015625,0.0,0.0,0.0,0.0,0.0,0.0,0.0,0.875,0.09375,0.015625,0.0
9,8,0.015625,0.0,0.0,0.0,0.0,0.0,0.0,0.0,0.875,0.09375,0.015625,0.0
9,8,0.015625,0.0,0.0,0.0,0.0,0.0,0.0,0.0,0.875,0.09375,0.015625,0.0
9,8,0.015625,0.0,0.0,0.0,0.0,0.0,0.0,0.0,0.875,0.09375,0.015625,0.0
9,8,0.015625,0.0,0.0,0.0,0.0,0.0,0.0,0.0,0.875,0.09375,0.015625,0.0
9,8,0.015625,0.0,0.0,0.0,0.0,0.0,0.0,0.0,0.875,0.09375,0.015625,0.0
9,8,0.015625,0.0,0.0,0.0,0.0,0.0,0.0,0.0,0.875,0.09375,0.015625,0.0
9,8,0.015625,0.0,0.0,0.0,0.0,0.0,0.0,0.0,0.875,0.09375,0.015625,0.0
9,8,0.015625,0.0,0.0,0.0,0.0,0.0,0.0,0.0,0.875,0.09375,0.015625,0.0
9,8,0.015625,0.0,0.0,0.0,0.0,0.0,0.0,0.0,0.875,0.09375,0.015625,0.0
9,8,0.015625,0.0,0.0,0.0,0.0,0.0,0.0,0.0,0.875,0.09375,0.015625,0.0
9,8,0.015625,0.0,0.0,0.0,0.0,0.0,0.0,0.0,0.875,0.09375,0.015625,0.0
9,8,0.015625,0.0,0.0,0.0,0.0,0.0,0.0,0.0,0.875,0.09375,0.015625,0.0
9,8,0.015625,0.0,0.0,0.0,0.0,0.0,0.0,0.0,0.875,0.09375,0.015625,0.0
9,8,0.015625,0.0,0.0,0.0,0.0,0.0,0.0,0.0,0.875,0.09375,0.015625,0.0
9,8,0.015625,0.0,0.0,0.0,0.0,0.0,0.0,0.0,0.875,0.09375,0.015625,0.0
9,8,0.015625,0.0,0.0,0.0,0.0,0.0,0.0,0.0,0.875,0.09375,0.015625,0.0
9,8,0.015625,0.0,0.0,0.0,0.0,0.0,0.0,0.0,0.875,0.09375,0.015625,0.0
9,8,0.015625,0.0,0.0,0.0,0.0,0.0,0.0,0.0,0.875,0.09375,0.015625,0.0
9,8,0.015625,0.0,0.0,0.0,0.0,0.0,0.0,0.0,0.875,0.09375,0.015625,0.0
9,8,0.015625,0.0,0.0,0.0,0.0,0.0,0.0,0.0,0.875,0.09375,0.015625,0.0
9,8,0.015625,0.0,0.0,0.0,0.0,0.0,0.0,0.0,0.875,0.09375,0.015625,0.0
9,8,0.015625,0.0,0.0,0.0,0.0,0.0,0.0,0.0,0.875,0.09375,0.015625,0.0
9,8,0.015625,0.0,0.0,0.0,0.0,0.0,0.0,0.0,0.875,0.09375,0.015625,0.0
9,8,0.015625,0.0,0.0,0.0,0.0,0.0,0.0,0.0,0.875,0.09375,0.015625,0.0
9,8,0.015625,0.0,0.0,0.0,0.0,0.0,0.0,0.0,0.875,0.09375,0.015625,0.0
9,8,0.015625,0.0,0.0,0.0,0.0,0.0,0.0,0.0,0.875,0.09375,0.015625,0.0
9,8,0.015625,0.0,0.0,0.0,0.0,0.0,0.0,0.0,0.875,0.09375,0.015625,0.0
9,8,0.015625,0.0,0.0,0.0,0.0,0.0,0.0,0.0,0.875,0.09375,0.015625,0.0
9,8,0.015625,0.0,0.0,0.0,0.0,0.0,0.0,0.0,0.875,0.09375,0.015625,0.0
9,8,0.015625,0.0,0.0,0.0,0.0,0.0,0.0,0.0,0.875,0.09375,0.015625,0.0
9,8,0.015625,0.0,0.0,0.0,0.0,0.0,0.0,0.0,0.875,0.09375,0.015625,0.0
9,8,0.015625,0.0,0.0,0.0,0.0,0.0,0.0,0.0,0.875,0.09375,0.015625,0.0
9,8,0.015625,0.0,0.0,0.0,0.0,0.0,0.0,0.0,0.875,0.09375,0.015625,0.0
9,8,0.015625,0.0,0.0,0.0,0.0,0.0,0.0,0.0,0.875,0.09375,0.015625,0.0
9,8,0.015625,0.0,0.0,0.0,0.0,0.0,0.0,0.0,0.875,0.09375,0.015625,0.0
9,8,0.015625,0.0,0.0,0.0,0.0,0.0,0.0,0.0,0.875,0.09375,0.015625,0.0
9,8,0.015625,0.0,0.0,0.0,0.0,0.0,0.0,0.0,0.875,0.09375,0.015625,0.0
9,8,0.015625,0.0,0.0,0.0,0.0,0.0,0.0,0.0,0.875,0.09375,0.015625,0.0
9,8,0.015625,0.0,0.0,0.0,0.0,0.0,0.0,0.0,0.875,0.09375,0.015625,0.0
9,8,0.015625,0.0,0.0,0.0,0.0,0.0,0.0,0.0,0.875,0.09375,0.015625,0.0
9,8,0.015625,0.0,0.0,0.0,0.0,0.0,0.0,0.0,0.875,0.09375,0.015625,0.0
9,8,0.015625,0.0,0.0,0.0,0.0,0.0,0.0,0.0,0.875,0.09375,0.015625,0.0
9,8,0.015625,0.0,0.0,0.0,0.0,0.0,0.0,0.0,0.875,0.09375,0.015625,0.0
9,8,0.015625,0.0,0.0,0.0,0.0,0.0,0.0,0.0,0.890625,0.078125,0.015625,0.0
9,8,0.015625,0.0,0.0,0.0,0.0,0.0,0.0,0.0,0.890625,0.078125,0.015625,0.0
9,8,0.015625,0.0,0.0,0.0,0.0,0.0,0.0,0.0,0.890625,0.078125,0.015625,0.0
9,8,0.015625,0.0,0.0,0.0,0.0,0.0,0.0,0.0,0.890625,0.078125,0.015625,0.0
9,8,0.015625,0.0,0.0,0.0,0.0,0.0,0.0,0.0,0.890625,0.078125,0.015625,0.0
9,8,0.015625,0.0,0.0,0.0,0.0,0.0,0.0,0.0,0.890625,0.078125,0.015625,0.0
9,8,0.015625,0.0,0.0,0.0,0.0,0.0,0.0,0.0,0.890625,0.078125,0.015625,0.0
9,8,0.015625,0.0,0.0,0.0,0.0,0.0,0.0,0.0,0.890625,0.078125,0.015625,0.0
9,8,0.015625,0.0,0.0,0.0,0.0,0.0,0.0,0.0,0.90625,0.078125,0.0,0.0
9,8,0.015625,0.0,0.0,0.0,0.0,0.0,0.0,0.0,0.90625,0.078125,0.0,0.0
9,8,0.015625,0.0,0.0,0.0,0.0,0.0,0.0,0.0,0.90625,0.078125,0.0,0.0
9,8,0.015625,0.0,0.0,0.0,0.0,0.0,0.0,0.0,0.90625,0.078125,0.0,0.0
9,8,0.015625,0.0,0.0,0.0,0.0,0.0,0.0,0.0,0.90625,0.078125,0.0,0.0
9,8,0.015625,0.0,0.0,0.0,0.0,0.0,0.0,0.0,0.90625,0.078125,0.0,0.0
9,8,0.015625,0.0,0.0,0.0,0.0,0.0,0.0,0.0,0.90625,0.078125,0.0,0.0
9,8,0.015625,0.0,0.0,0.0,0.0,0.0,0.0,0.0,0.90625,0.078125,0.0,0.0
9,8,0.015625,0.0,0.0,0.0,0.0,0.0,0.0,0.0,0.90625,0.078125,0.0,0.0
9,8,0.015625,0.0,0.0,0.0,0.0,0.0,0.0,0.0,0.90625,0.078125,0.0,0.0
9,8,0.015625,0.0,0.0,0.0,0.0,0.0,0.0,0.0,0.90625,0.078125,0.0,0.0
9,8,0.015625,0.0,0.0,0.0,0.0,0.0,0.0,0.0,0.90625,0.078125,0.0,0.0
9,8,0.015625,0.0,0.0,0.0,0.0,0.0,0.0,0.0,0.90625,0.078125,0.0,0.0
9,8,0.015625,0.0,0.0,0.0,0.0,0.0,0.0,0.0,0.90625,0.078125,0.0,0.0
9,8,0.015625,0.0,0.0,0.0,0.0,0.0,0.0,0.0,0.90625,0.078125,0.0,0.0
9,8,0.015625,0.0,0.0,0.0,0.0,0.0,0.0,0.0,0.90625,0.078125,0.0,0.0
9,8,0.015625,0.0,0.0,0.0,0.0,0.0,0.0,0.0,0.90625,0.078125,0.0,0.0
9,8,0.015625,0.0,0.0,0.0,0.0,0.0,0.0,0.0,0.90625,0.078125,0.0,0.0
9,8,0.015625,0.0,0.0,0.0,0.0,0.0,0.0,0.0,0.90625,0.078125,0.0,0.0
9,8,0.015625,0.0,0.0,0.0,0.0,0.0,0.0,0.0,0.90625,0.078125,0.0,0.0
9,8,0.015625,0.0,0.0,0.0,0.0,0.0,0.0,0.0,0.90625,0.078125,0.0,0.0
9,8,0.015625,0.0,0.0,0.0,0.0,0.0,0.0,0.0,0.90625,0.078125,0.0,0.0
9,8,0.015625,0.0,0.0,0.0,0.0,0.0,0.0,0.0,0.90625,0.078125,0.0,0.0
9,8,0.015625,0.0,0.0,0.0,0.0,0.0,0.0,0.0,0.90625,0.078125,0.0,0.0
9,8,0.03125,0.0,0.0,0.0,0.0,0.0,0.0,0.0,0.921875,0.046875,0.0,0.0
9,8,0.03125,0.0,0.0,0.0,0.0,0.0,0.0,0.0,0.921875,0.046875,0.0,0.0
9,8,0.03125,0.0,0.0,0.0,0.0,0.0,0.0,0.0,0.921875,0.046875,0.0,0.0
9,8,0.03125,0.0,0.0,0.0,0.0,0.0,0.0,0.0,0.921875,0.046875,0.0,0.0
9,8,0.03125,0.0,0.0,0.0,0.0,0.0,0.0,0.0,0.921875,0.046875,0.0,0.0
9,8,0.03125,0.0,0.0,0.0,0.0,0.0,0.0,0.0,0.921875,0.046875,0.0,0.0
9,8,0.03125,0.0,0.0,0.0,0.0,0.0,0.0,0.0,0.921875,0.046875,0.0,0.0
9,8,0.03125,0.0,0.0,0.0,0.0,0.0,0.0,0.0,0.921875,0.046875,0.0,0.0
9,8,0.03125,0.0,0.0,0.0,0.0,0.0,0.0,0.0,0.921875,0.046875,0.0,0.0
9,8,0.03125,0.0,0.0,0.0,0.0,0.0,0.0,0.0,0.921875,0.046875,0.0,0.0
9,8,0.03125,0.0,0.0,0.0,0.0,0.0,0.0,0.0,0.921875,0.046875,0.0,0.0
9,8,0.03125,0.0,0.0,0.0,0.0,0.0,0.0,0.0,0.921875,0.046875,0.0,0.0
9,8,0.03125,0.0,0.0,0.0,0.0,0.0,0.0,0.0,0.921875,0.046875,0.0,0.0
9,8,0.03125,0.0,0.0,0.0,0.0,0.0,0.0,0.0,0.921875,0.046875,0.0,0.0
9,8,0.03125,0.0,0.0,0.0,0.0,0.0,0.0,0.0,0.921875,0.046875,0.0,0.0
9,8,0.03125,0.0,0.0,0.0,0.0,0.0,0.0,0.0,0.921875,0.046875,0.0,0.0
9,8,0.03125,0.0,0.0,0.0,0.0,0.0,0.0,0.0,0.921875,0.046875,0.0,0.0
9,8,0.03125,0.0,0.0,0.0,0.0,0.0,0.0,0.0,0.921875,0.046875,0.0,0.0
9,8,0.03125,0.0,0.0,0.0,0.0,0.0,0.0,0.0,0.921875,0.046875,0.0,0.0
9,8,0.03125,0.0,0.0,0.0,0.0,0.0,0.0,0.0,0.921875,0.046875,0.0,0.0
9,8,0.03125,0.0,0.0,0.0,0.0,0.0,0.0,0.0,0.921875,0.046875,0.0,0.0
9,8,0.03125,0.0,0.0,0.0,0.0,0.0,0.0,0.0,0.921875,0.046875,0.0,0.0
9,8,0.03125,0.0,0.0,0.0,0.0,0.0,0.0,0.0,0.921875,0.046875,0.0,0.0
9,8,0.03125,0.0,0.0,0.0,0.0,0.0,0.0,0.0,0.921875,0.046875,0.0,0.0
9,8,0.03125,0.0,0.0,0.0,0.0,0.0,0.0,0.0,0.921875,0.046875,0.0,0.0
9,8,0.03125,0.0,0.0,0.0,0.0,0.0,0.0,0.0,0.921875,0.046875,0.0,0.0
9,8,0.03125,0.0,0.0,0.0,0.0,0.0,0.0,0.0,0.921875,0.046875,0.0,0.0
9,8,0.03125,0.0,0.0,0.0,0.0,0.0,0.0,0.0,0.921875,0.046875,0.0,0.0
9,8,0.03125,0.0,0.0,0.0,0.0,0.0,0.0,0.0,0.921875,0.046875,0.0,0.0
9,8,0.03125,0.0,0.0,0.0,0.0,0.0,0.0,0.0,0.921875,0.046875,0.0,0.0
9,8,0.03125,0.0,0.0,0.0,0.0,0.0,0.0,0.0,0.921875,0.046875,0.0,0.0
9,8,0.03125,0.0,0.0,0.0,0.0,0.0,0.0,0.0,0.921875,0.046875,0.0,0.0
9,8,0.03125,0.0,0.0,0.0,0.0,0.0,0.0,0.0,0.921875,0.046875,0.0,0.0
9,8,0.03125,0.0,0.0,0.0,0.0,0.0,0.0,0.0,0.921875,0.046875,0.0,0.0
9,8,0.03125,0.0,0.0,0.0,0.0,0.0,0.0,0.0,0.921875,0.046875,0.0,0.0
9,8,0.03125,0.0,0.0,0.0,0.0,0.0,0.0,0.0,0.921875,0.046875,0.0,0.0
9,8,0.03125,0.0,0.0,0.0,0.0,0.0,0.0,0.0,0.921875,0.046875,0.0,0.0
9,8,0.03125,0.0,0.0,0.0,0.0,0.0,0.0,0.0,0.921875,0.046875,0.0,0.0
9,8,0.03125,0.0,0.0,0.0,0.0,0.0,0.0,0.0,0.921875,0.046875,0.0,0.0
9,8,0.03125,0.0,0.0,0.0,0.0,0.0,0.0,0.0,0.921875,0.046875,0.0,0.0
9,8,0.03125,0.0,0.0,0.0,0.0,0.0,0.0,0.0,0.921875,0.046875,0.0,0.0
9,8,0.03125,0.0,0.0,0.0,0.0,0.0,0.0,0.0,0.921875,0.046875,0.0,0.0
9,8,0.03125,0.0,0.0,0.0,0.0,0.0,0.0,0.0,0.921875,0.046875,0.0,0.0
9,8,0.03125,0.0,0.0,0.0,0.0,0.0,0.0,0.0,0.921875,0.046875,0.0,0.0
9,8,0.03125,0.0,0.0,0.0,0.0,0.0,0.0,0.0,0.921875,0.046875,0.0,0.0
9,8,0.03125,0.0,0.0,0.0,0.0,0.0,0.0,0.0,0.921875,0.046875,0.0,0.0
9,8,0.03125,0.0,0.0,0.0,0.0,0.0,0.0,0.0,0.921875,0.046875,0.0,0.0
9,8,0.03125,0.0,0.0,0.0,0.0,0.0,0.0,0.0,0.921875,0.046875,0.0,0.0
9,8,0.03125,0.0,0.0,0.0,0.0,0.0,0.0,0.0,0.921875,0.046875,0.0,0.0
9,8,0.03125,0.0,0.0,0.0,0.0,0.0,0.0,0.0,0.921875,0.046875,0.0,0.0
9,8,0.03125,0.0,0.0,0.0,0.0,0.0,0.0,0.0,0.921875,0.046875,0.0,0.0
9,8,0.03125,0.0,0.0,0.0,0.0,0.0,0.0,0.0,0.921875,0.046875,0.0,0.0
9,8,0.03125,0.0,0.0,0.0,0.0,0.0,0.0,0.0,0.921875,0.046875,0.0,0.0
9,8,0.03125,0.0,0.0,0.0,0.0,0.0,0.0,0.0,0.921875,0.046875,0.0,0.0
9,8,0.03125,0.0,0.0,0.0,0.0,0.0,0.0,0.0,0.921875,0.046875,0.0,0.0
9,8,0.03125,0.0,0.0,0.0,0.0,0.0,0.0,0.0,0.921875,0.046875,0.0,0.0
9,8,0.03125,0.0,0.0,0.0,0.0,0.0,0.0,0.0,0.921875,0.046875,0.0,0.0
9,8,0.03125,0.0,0.0,0.0,0.0,0.0,0.0,0.0,0.921875,0.046875,0.0,0.0
9,8,0.03125,0.0,0.0,0.0,0.0,0.0,0.0,0.0,0.921875,0.046875,0.0,0.0
9,8,0.03125,0.0,0.0,0.0,0.0,0.0,0.0,0.0,0.921875,0.046875,0.0,0.0
9,8,0.03125,0.0,0.0,0.0,0.0,0.0,0.0,0.0,0.921875,0.046875,0.0,0.0
9,8,0.03125,0.0,0.0,0.0,0.0,0.0,0.0,0.0,0.921875,0.046875,0.0,0.0
9,8,0.03125,0.0,0.0,0.0,0.0,0.0,0.0,0.0,0.921875,0.046875,0.0,0.0
9,8,0.03125,0.0,0.0,0.0,0.0,0.0,0.0,0.0,0.921875,0.046875,0.0,0.0
9,8,0.03125,0.0,0.0,0.0,0.0,0.0,0.0,0.0,0.921875,0.046875,0.0,0.0
9,8,0.03125,0.0,0.0,0.0,0.0,0.0,0.0,0.0,0.921875,0.046875,0.0,0.0
9,8,0.03125,0.0,0.0,0.0,0.0,0.0,0.0,0.0,0.921875,0.046875,0.0,0.0
9,8,0.03125,0.0,0.0,0.0,0.0,0.0,0.0,0.0,0.921875,0.046875,0.0,0.0
9,8,0.03125,0.0,0.0,0.0,0.0,0.0,0.0,0.0,0.921875,0.046875,0.0,0.0
9,8,0.03125,0.0,0.0,0.0,0.0,0.0,0.0,0.0,0.921875,0.046875,0.0,0.0
9,8,0.03125,0.0,0.0,0.0,0.0,0.0,0.0,0.0,0.921875,0.046875,0.0,0.0
9,8,0.03125,0.0,0.0,0.0,0.0,0.0,0.0,0.0,0.921875,0.046875,0.0,0.0
9,8,0.03125,0.0,0.0,0.0,0.0,0.0,0.0,0.0,0.921875,0.046875,0.0,0.0
9,8,0.03125,0.0,0.0,0.0,0.0,0.0,0.0,0.0,0.921875,0.046875,0.0,0.0
9,8,0.03125,0.0,0.0,0.0,0.0,0.0,0.0,0.0,0.921875,0.046875,0.0,0.0
9,8,0.03125,0.0,0.0,0.0,0.0,0.0,0.0,0.0,0.921875,0.046875,0.0,0.0
9,8,0.03125,0.0,0.0,0.0,0.0,0.0,0.0,0.0,0.921875,0.046875,0.0,0.0
9,8,0.03125,0.0,0.0,0.0,0.0,0.0,0.0,0.0,0.921875,0.046875,0.0,0.0
9,8,0.03125,0.0,0.0,0.0,0.0,0.0,0.0,0.0,0.921875,0.046875,0.0,0.0
9,8,0.03125,0.0,0.0,0.0,0.0,0.0,0.0,0.0,0.921875,0.046875,0.0,0.0
9,8,0.03125,0.0,0.0,0.0,0.0,0.0,0.0,0.0,0.921875,0.046875,0.0,0.0
9,8,0.03125,0.0,0.0,0.0,0.0,0.0,0.0,0.0,0.921875,0.046875,0.0,0.0
9,8,0.03125,0.0,0.0,0.0,0.0,0.0,0.0,0.0,0.921875,0.046875,0.0,0.0
9,8,0.03125,0.0,0.0,0.0,0.0,0.0,0.0,0.0,0.921875,0.046875,0.0,0.0
9,8,0.03125,0.0,0.0,0.0,0.0,0.0,0.0,0.0,0.921875,0.046875,0.0,0.0
9,8,0.03125,0.0,0.0,0.0,0.0,0.0,0.0,0.0,0.921875,0.046875,0.0,0.0
9,8,0.03125,0.0,0.0,0.0,0.0,0.0,0.0,0.0,0.921875,0.046875,0.0,0.0
9,8,0.03125,0.0,0.0,0.0,0.0,0.0,0.0,0.0,0.921875,0.046875,0.0,0.0
9,8,0.03125,0.0,0.0,0.0,0.0,0.0,0.0,0.0,0.921875,0.046875,0.0,0.0
9,8,0.03125,0.0,0.0,0.0,0.0,0.0,0.0,0.0,0.921875,0.046875,0.0,0.0
9,8,0.03125,0.0,0.0,0.0,0.0,0.0,0.0,0.0,0.921875,0.046875,0.0,0.0
9,8,0.03125,0.0,0.0,0.0,0.0,0.0,0.0,0.0,0.921875,0.046875,0.0,0.0
9,8,0.03125,0.0,0.0,0.0,0.0,0.0,0.0,0.0,0.921875,0.046875,0.0,0.0
9,8,0.03125,0.0,0.0,0.0,0.0,0.0,0.0,0.0,0.921875,0.046875,0.0,0.0
9,8,0.03125,0.0,0.0,0.0,0.0,0.0,0.0,0.0,0.921875,0.046875,0.0,0.0
9,8,0.03125,0.0,0.0,0.0,0.0,0.0,0.0,0.0,0.921875,0.046875,0.0,0.0
9,8,0.03125,0.0,0.0,0.0,0.0,0.0,0.0,0.0,0.90625,0.0625,0.0,0.0
9,8,0.03125,0.0,0.0,0.0,0.0,0.0,0.0,0.0,0.90625,0.0625,0.0,0.0
9,8,0.03125,0.0,0.0,0.0,0.0,0.0,0.0,0.0,0.90625,0.0625,0.0,0.0
9,8,0.03125,0.0,0.0,0.0,0.0,0.0,0.0,0.0,0.90625,0.0625,0.0,0.0
9,8,0.03125,0.0,0.0,0.0,0.0,0.0,0.0,0.0,0.90625,0.0625,0.0,0.0
9,8,0.03125,0.0,0.0,0.0,0.0,0.0,0.0,0.0,0.90625,0.0625,0.0,0.0
9,8,0.03125,0.0,0.0,0.0,0.0,0.0,0.0,0.0,0.90625,0.0625,0.0,0.0
9,8,0.03125,0.0,0.0,0.0,0.0,0.0,0.0,0.0,0.90625,0.0625,0.0,0.0
9,8,0.03125,0.0,0.0,0.0,0.0,0.0,0.0,0.0,0.90625,0.0625,0.0,0.0
9,8,0.03125,0.0,0.0,0.0,0.0,0.0,0.0,0.0,0.90625,0.0625,0.0,0.0
9,8,0.03125,0.0,0.0,0.0,0.0,0.0,0.0,0.0,0.90625,0.0625,0.0,0.0
9,8,0.03125,0.0,0.0,0.0,0.0,0.0,0.0,0.0,0.90625,0.0625,0.0,0.0
9,8,0.03125,0.0,0.0,0.0,0.0,0.0,0.0,0.0,0.90625,0.0625,0.0,0.0
9,8,0.03125,0.0,0.0,0.0,0.0,0.0,0.0,0.0,0.90625,0.0625,0.0,0.0
9,8,0.03125,0.0,0.0,0.0,0.0,0.0,0.0,0.0,0.90625,0.0625,0.0,0.0
9,8,0.03125,0.0,0.0,0.0,0.0,0.0,0.0,0.0,0.90625,0.0625,0.0,0.0
9,8,0.03125,0.0,0.0,0.0,0.0,0.0,0.0,0.0,0.90625,0.0625,0.0,0.0
9,8,0.03125,0.0,0.0,0.0,0.0,0.0,0.0,0.0,0.90625,0.0625,0.0,0.0
9,8,0.03125,0.0,0.0,0.0,0.0,0.0,0.0,0.0,0.90625,0.0625,0.0,0.0
9,8,0.03125,0.0,0.0,0.0,0.0,0.0,0.0,0.0,0.90625,0.0625,0.0,0.0
9,8,0.03125,0.0,0.0,0.0,0.0,0.0,0.0,0.0,0.90625,0.0625,0.0,0.0
9,8,0.03125,0.0,0.0,0.0,0.0,0.0,0.0,0.0,0.90625,0.0625,0.0,0.0
9,8,0.03125,0.0,0.0,0.0,0.0,0.0,0.0,0.0,0.90625,0.0625,0.0,0.0
9,8,0.03125,0.0,0.0,0.0,0.0,0.0,0.0,0.0,0.90625,0.0625,0.0,0.0
9,8,0.03125,0.0,0.0,0.0,0.0,0.0,0.0,0.0,0.890625,0.0625,0.0,0.015625
9,8,0.03125,0.0,0.0,0.0,0.0,0.0,0.0,0.0,0.890625,0.0625,0.0,0.015625
9,8,0.03125,0.0,0.0,0.0,0.0,0.0,0.0,0.0,0.890625,0.0625,0.0,0.015625
9,8,0.03125,0.0,0.0,0.0,0.0,0.0,0.0,0.0,0.890625,0.0625,0.0,0.015625
9,8,0.03125,0.0,0.0,0.0,0.0,0.0,0.0,0.0,0.890625,0.0625,0.0,0.015625
9,8,0.03125,0.0,0.0,0.0,0.0,0.0,0.0,0.0,0.890625,0.0625,0.0,0.015625
9,8,0.03125,0.0,0.0,0.0,0.0,0.0,0.0,0.0,0.890625,0.0625,0.0,0.015625
9,8,0.03125,0.0,0.0,0.0,0.0,0.0,0.0,0.0,0.890625,0.0625,0.0,0.015625
9,8,0.03125,0.0,0.0,0.0,0.0,0.0,0.0,0.0,0.90625,0.046875,0.0,0.015625
9,8,0.03125,0.0,0.0,0.0,0.0,0.0,0.0,0.0,0.90625,0.046875,0.0,0.015625
9,8,0.03125,0.0,0.0,0.0,0.0,0.0,0.0,0.0,0.90625,0.046875,0.0,0.015625
9,8,0.03125,0.0,0.0,0.0,0.0,0.0,0.0,0.0,0.90625,0.046875,0.0,0.015625
9,8,0.03125,0.0,0.0,0.0,0.0,0.0,0.0,0.0,0.90625,0.046875,0.0,0.015625
9,8,0.03125,0.0,0.0,0.0,0.0,0.0,0.0,0.0,0.90625,0.046875,0.0,0.015625
9,8,0.03125,0.0,0.0,0.0,0.0,0.0,0.0,0.0,0.90625,0.046875,0.0,0.015625
9,8,0.03125,0.0,0.0,0.0,0.0,0.0,0.0,0.0,0.90625,0.046875,0.0,0.015625
9,8,0.03125,0.0,0.0,0.0,0.0,0.0,0.0,0.0,0.90625,0.046875,0.0,0.015625
9,8,0.03125,0.0,0.0,0.0,0.0,0.0,0.0,0.0,0.90625,0.046875,0.0,0.015625
9,8,0.03125,0.0,0.0,0.0,0.0,0.0,0.0,0.0,0.90625,0.046875,0.0,0.015625
9,8,0.03125,0.0,0.0,0.0,0.0,0.0,0.0,0.0,0.90625,0.046875,0.0,0.015625
9,8,0.03125,0.0,0.0,0.0,0.0,0.0,0.0,0.0,0.90625,0.046875,0.0,0.015625
9,8,0.03125,0.0,0.0,0.0,0.0,0.0,0.0,0.0,0.90625,0.046875,0.0,0.015625
9,8,0.03125,0.0,0.0,0.0,0.0,0.0,0.0,0.0,0.90625,0.046875,0.0,0.015625
9,8,0.03125,0.0,0.0,0.0,0.0,0.0,0.0,0.0,0.90625,0.046875,0.0,0.015625
9,8,0.03125,0.0,0.0,0.0,0.0,0.0,0.0,0.0,0.90625,0.046875,0.0,0.015625
9,8,0.03125,0.0,0.0,0.0,0.0,0.0,0.0,0.0,0.90625,0.046875,0.0,0.015625
9,8,0.03125,0.0,0.0,0.0,0.0,0.0,0.0,0.0,0.90625,0.046875,0.0,0.015625
9,8,0.03125,0.0,0.0,0.0,0.0,0.0,0.0,0.0,0.90625,0.046875,0.0,0.015625
9,8,0.03125,0.0,0.0,0.0,0.0,0.0,0.0,0.0,0.90625,0.046875,0.0,0.015625
9,8,0.03125,0.0,0.0,0.0,0.0,0.0,0.0,0.0,0.90625,0.046875,0.0,0.015625
9,8,0.03125,0.0,0.0,0.0,0.0,0.0,0.0,0.0,0.90625,0.046875,0.0,0.015625
9,8,0.03125,0.0,0.0,0.0,0.0,0.0,0.0,0.0,0.90625,0.046875,0.0,0.015625
9,8,0.03125,0.0,0.0,0.0,0.0,0.0,0.0,0.0,0.90625,0.046875,0.0,0.015625
9,8,0.03125,0.0,0.0,0.0,0.0,0.0,0.0,0.0,0.90625,0.046875,0.0,0.015625
9,8,0.03125,0.0,0.0,0.0,0.0,0.0,0.0,0.0,0.90625,0.046875,0.0,0.015625
9,8,0.03125,0.0,0.0,0.0,0.0,0.0,0.0,0.0,0.90625,0.046875,0.0,0.015625
9,8,0.03125,0.0,0.0,0.0,0.0,0.0,0.0,0.0,0.90625,0.046875,0.0,0.015625
9,8,0.03125,0.0,0.0,0.0,0.0,0.0,0.0,0.0,0.90625,0.046875,0.0,0.015625
9,8,0.03125,0.0,0.0,0.0,0.0,0.0,0.0,0.0,0.90625,0.046875,0.0,0.015625
9,8,0.03125,0.0,0.0,0.0,0.0,0.0,0.0,0.0,0.90625,0.046875,0.0,0.015625
9,8,0.03125,0.0,0.0,0.0,0.0,0.0,0.0,0.0,0.90625,0.046875,0.0,0.015625
9,8,0.03125,0.0,0.0,0.0,0.0,0.0,0.0,0.0,0.90625,0.046875,0.0,0.015625
9,8,0.03125,0.0,0.0,0.0,0.0,0.0,0.0,0.0,0.90625,0.046875,0.0,0.015625
9,8,0.03125,0.0,0.0,0.0,0.0,0.0,0.0,0.0,0.90625,0.046875,0.0,0.015625
9,8,0.03125,0.0,0.0,0.0,0.0,0.0,0.0,0.0,0.90625,0.046875,0.0,0.015625
9,8,0.03125,0.0,0.0,0.0,0.0,0.0,0.0,0.0,0.90625,0.046875,0.0,0.015625
9,8,0.03125,0.0,0.0,0.0,0.0,0.0,0.0,0.0,0.90625,0.046875,0.0,0.015625
9,8,0.03125,0.0,0.0,0.0,0.0,0.0,0.0,0.0,0.90625,0.046875,0.0,0.015625
9,8,0.03125,0.0,0.0,0.0,0.0,0.0,0.0,0.0,0.90625,0.046875,0.0,0.015625
9,8,0.03125,0.0,0.0,0.0,0.0,0.0,0.0,0.0,0.90625,0.046875,0.0,0.015625
9,8,0.03125,0.0,0.0,0.0,0.0,0.0,0.0,0.0,0.90625,0.046875,0.0,0.015625
9,8,0.03125,0.0,0.0,0.0,0.0,0.0,0.0,0.0,0.90625,0.046875,0.0,0.015625
9,8,0.03125,0.0,0.0,0.0,0.0,0.0,0.0,0.0,0.90625,0.046875,0.0,0.015625
9,8,0.03125,0.0,0.0,0.0,0.0,0.0,0.0,0.0,0.90625,0.046875,0.0,0.015625
9,8,0.03125,0.0,0.0,0.0,0.0,0.0,0.0,0.0,0.90625,0.046875,0.0,0.015625
9,8,0.03125,0.0,0.0,0.0,0.0,0.0,0.0,0.0,0.90625,0.046875,0.0,0.015625
9,8,0.03125,0.0,0.0,0.0,0.0,0.0,0.0,0.0,0.90625,0.046875,0.0,0.015625
9,8,0.03125,0.0,0.0,0.0,0.0,0.0,0.0,0.0,0.90625,0.046875,0.0,0.015625
9,8,0.03125,0.0,0.0,0.0,0.0,0.0,0.0,0.0,0.90625,0.046875,0.0,0.015625
9,8,0.03125,0.0,0.0,0.0,0.0,0.0,0.0,0.0,0.90625,0.046875,0.0,0.015625
9,8,0.03125,0.0,0.0,0.0,0.0,0.0,0.0,0.0,0.90625,0.046875,0.0,0.015625
9,8,0.03125,0.0,0.0,0.0,0.0,0.0,0.0,0.0,0.90625,0.046875,0.0,0.015625
9,8,0.03125,0.0,0.0,0.0,0.0,0.0,0.0,0.0,0.90625,0.046875,0.0,0.015625
9,8,0.03125,0.0,0.0,0.0,0.0,0.0,0.0,0.0,0.90625,0.046875,0.0,0.015625
9,8,0.03125,0.0,0.0,0.0,0.0,0.0,0.0,0.0,0.90625,0.046875,0.0,0.015625
9,8,0.03125,0.0,0.0,0.0,0.0,0.0,0.0,0.0,0.90625,0.046875,0.0,0.015625
9,8,0.03125,0.0,0.0,0.0,0.0,0.0,0.0,0.0,0.90625,0.046875,0.0,0.015625
9,8,0.03125,0.0,0.0,0.0,0.0,0.0,0.0,0.0,0.90625,0.046875,0.0,0.015625
9,8,0.03125,0.0,0.0,0.0,0.0,0.0,0.0,0.0,0.90625,0.046875,0.0,0.015625
9,8,0.03125,0.0,0.0,0.0,0.0,0.0,0.0,0.0,0.90625,0.046875,0.0,0.015625
9,8,0.03125,0.0,0.0,0.0,0.0,0.0,0.0,0.0,0.90625,0.046875,0.0,0.015625
9,8,0.03125,0.0,0.0,0.0,0.0,0.0,0.0,0.0,0.90625,0.046875,0.0,0.015625
9,8,0.03125,0.0,0.0,0.0,0.0,0.0,0.0,0.0,0.90625,0.046875,0.0,0.015625
9,8,0.03125,0.0,0.0,0.0,0.0,0.0,0.0,0.0,0.90625,0.046875,0.0,0.015625
9,8,0.03125,0.0,0.0,0.0,0.0,0.0,0.0,0.0,0.90625,0.046875,0.0,0.015625
9,8,0.03125,0.0,0.0,0.0,0.0,0.0,0.0,0.0,0.90625,0.046875,0.0,0.015625
9,8,0.03125,0.0,0.0,0.0,0.0,0.0,0.0,0.0,0.90625,0.046875,0.0,0.015625
9,8,0.03125,0.0,0.0,0.0,0.0,0.0,0.0,0.0,0.90625,0.046875,0.0,0.015625
9,8,0.03125,0.0,0.0,0.0,0.0,0.0,0.0,0.0,0.90625,0.046875,0.0,0.015625
9,8,0.03125,0.0,0.0,0.0,0.0,0.0,0.0,0.0,0.90625,0.046875,0.0,0.015625
9,8,0.03125,0.0,0.0,0.0,0.0,0.0,0.0,0.0,0.90625,0.046875,0.0,0.015625
9,8,0.03125,0.0,0.0,0.0,0.0,0.0,0.0,0.0,0.90625,0.046875,0.0,0.015625
9,8,0.03125,0.0,0.0,0.0,0.0,0.0,0.0,0.0,0.90625,0.046875,0.0,0.015625
9,8,0.03125,0.0,0.0,0.0,0.0,0.0,0.0,0.0,0.90625,0.046875,0.0,0.015625
9,8,0.03125,0.0,0.0,0.0,0.0,0.0,0.0,0.0,0.90625,0.046875,0.0,0.015625
9,8,0.03125,0.0,0.0,0.0,0.0,0.0,0.0,0.0,0.90625,0.046875,0.0,0.015625
9,8,0.03125,0.0,0.0,0.0,0.0,0.0,0.0,0.0,0.90625,0.046875,0.0,0.015625
9,8,0.03125,0.0,0.0,0.0,0.0,0.0,0.0,0.0,0.90625,0.046875,0.0,0.015625
9,8,0.03125,0.0,0.0,0.0,0.0,0.0,0.0,0.0,0.90625,0.046875,0.0,0.015625
9,8,0.03125,0.0,0.0,0.0,0.0,0.0,0.0,0.0,0.90625,0.046875,0.0,0.015625
9,8,0.03125,0.0,0.0,0.0,0.0,0.0,0.0,0.0,0.90625,0.046875,0.0,0.015625
9,8,0.03125,0.0,0.0,0.0,0.0,0.0,0.0,0.0,0.90625,0.046875,0.0,0.015625
9,8,0.03125,0.0,0.0,0.0,0.0,0.0,0.0,0.0,0.90625,0.046875,0.0,0.015625
9,8,0.03125,0.0,0.0,0.0,0.0,0.0,0.0,0.0,0.90625,0.046875,0.0,0.015625
9,8,0.03125,0.0,0.0,0.0,0.0,0.0,0.0,0.0,0.90625,0.046875,0.0,0.015625
9,8,0.03125,0.0,0.0,0.0,0.0,0.0,0.0,0.0,0.90625,0.046875,0.0,0.015625
9,8,0.03125,0.0,0.0,0.0,0.0,0.0,0.0,0.0,0.90625,0.046875,0.0,0.015625
9,8,0.03125,0.0,0.0,0.0,0.0,0.0,0.0,0.0,0.90625,0.046875,0.0,0.015625
9,8,0.03125,0.0,0.0,0.0,0.0,0.0,0.0,0.0,0.90625,0.046875,0.0,0.015625
9,8,0.03125,0.0,0.0,0.0,0.0,0.0,0.0,0.0,0.90625,0.046875,0.0,0.015625
9,8,0.03125,0.0,0.0,0.0,0.0,0.0,0.0,0.0,0.90625,0.046875,0.0,0.015625
9,8,0.03125,0.0,0.0,0.0,0.0,0.0,0.0,0.0,0.90625,0.046875,0.0,0.015625
9,8,0.03125,0.0,0.0,0.0,0.0,0.0,0.0,0.0,0.90625,0.046875,0.0,0.015625
9,8,0.03125,0.0,0.0,0.0,0.0,0.0,0.0,0.0,0.90625,0.046875,0.0,0.015625
9,8,0.03125,0.0,0.0,0.0,0.0,0.0,0.0,0.0,0.90625,0.046875,0.0,0.015625
9,8,0.03125,0.0,0.0,0.0,0.0,0.0,0.0,0.0,0.90625,0.046875,0.0,0.015625
9,8,0.03125,0.0,0.0,0.0,0.0,0.0,0.0,0.0,0.90625,0.046875,0.0,0.015625
9,8,0.03125,0.0,0.0,0.0,0.0,0.0,0.0,0.0,0.90625,0.046875,0.0,0.015625
9,8,0.03125,0.0,0.0,0.0,0.0,0.0,0.0,0.0,0.90625,0.046875,0.0,0.015625
9,8,0.03125,0.0,0.0,0.0,0.0,0.0,0.0,0.0,0.90625,0.046875,0.0,0.015625
9,8,0.03125,0.0,0.0,0.0,0.0,0.0,0.0,0.0,0.90625,0.046875,0.0,0.015625
9,8,0.03125,0.0,0.0,0.0,0.0,0.0,0.0,0.0,0.90625,0.046875,0.0,0.015625
9,8,0.03125,0.0,0.0,0.0,0.0,0.0,0.0,0.0,0.90625,0.046875,0.0,0.015625
9,8,0.03125,0.0,0.0,0.0,0.0,0.0,0.0,0.0,0.90625,0.046875,0.0,0.015625
9,8,0.03125,0.0,0.0,0.0,0.0,0.0,0.0,0.0,0.90625,0.046875,0.0,0.015625
9,8,0.03125,0.0,0.0,0.0,0.0,0.0,0.0,0.0,0.90625,0.046875,0.0,0.015625
9,8,0.03125,0.0,0.0,0.0,0.0,0.0,0.0,0.0,0.90625,0.046875,0.0,0.015625
9,8,0.03125,0.0,0.0,0.0,0.0,0.0,0.0,0.0,0.90625,0.046875,0.0,0.015625
9,8,0.03125,0.0,0.0,0.0,0.0,0.0,0.0,0.0,0.90625,0.046875,0.0,0.015625
9,8,0.03125,0.0,0.0,0.0,0.0,0.0,0.0,0.0,0.90625,0.046875,0.0,0.015625
9,8,0.03125,0.0,0.0,0.0,0.0,0.0,0.0,0.0,0.90625,0.046875,0.0,0.015625
9,8,0.03125,0.0,0.0,0.0,0.0,0.0,0.0,0.0,0.90625,0.046875,0.0,0.015625
9,8,0.03125,0.0,0.0,0.0,0.0,0.0,0.0,0.0,0.90625,0.046875,0.0,0.015625
9,8,0.03125,0.0,0.0,0.0,0.0,0.0,0.0,0.0,0.90625,0.046875,0.0,0.015625
9,8,0.03125,0.0,0.0,0.0,0.0,0.0,0.0,0.0,0.90625,0.046875,0.0,0.015625
9,8,0.03125,0.0,0.0,0.0,0.0,0.0,0.0,0.0,0.90625,0.046875,0.0,0.015625
9,8,0.03125,0.0,0.0,0.0,0.0,0.0,0.0,0.0,0.90625,0.046875,0.0,0.015625
9,8,0.03125,0.0,0.0,0.0,0.0,0.0,0.0,0.0,0.90625,0.046875,0.0,0.015625
9,8,0.03125,0.0,0.0,0.0,0.0,0.0,0.0,0.0,0.90625,0.046875,0.0,0.015625
9,8,0.03125,0.0,0.0,0.0,0.0,0.0,0.0,0.0,0.90625,0.046875,0.0,0.015625
9,8,0.03125,0.0,0.0,0.0,0.0,0.0,0.0,0.0,0.90625,0.046875,0.0,0.015625
9,8,0.03125,0.0,0.0,0.0,0.0,0.0,0.0,0.0,0.90625,0.046875,0.0,0.015625
9,8,0.03125,0.0,0.0,0.0,0.0,0.0,0.0,0.0,0.90625,0.046875,0.0,0.015625
9,8,0.03125,0.0,0.0,0.0,0.0,0.0,0.0,0.0,0.90625,0.046875,0.0,0.015625
9,8,0.03125,0.0,0.0,0.0,0.0,0.0,0.0,0.0,0.90625,0.046875,0.0,0.015625
9,8,0.03125,0.0,0.0,0.0,0.0,0.0,0.0,0.0,0.90625,0.046875,0.0,0.015625
9,8,0.03125,0.0,0.0,0.0,0.0,0.0,0.0,0.0,0.90625,0.046875,0.0,0.015625
9,8,0.03125,0.0,0.0,0.0,0.0,0.0,0.0,0.0,0.90625,0.046875,0.0,0.015625
9,8,0.03125,0.0,0.0,0.0,0.0,0.0,0.0,0.0,0.90625,0.046875,0.0,0.015625
9,8,0.03125,0.0,0.0,0.0,0.0,0.0,0.0,0.0,0.90625,0.046875,0.0,0.015625
9,8,0.03125,0.0,0.0,0.0,0.0,0.0,0.0,0.0,0.90625,0.046875,0.0,0.015625
9,8,0.03125,0.0,0.0,0.0,0.0,0.0,0.0,0.0,0.90625,0.046875,0.0,0.015625
9,8,0.03125,0.0,0.0,0.0,0.0,0.0,0.0,0.0,0.90625,0.046875,0.0,0.015625
9,8,0.03125,0.0,0.0,0.0,0.0,0.0,0.0,0.0,0.90625,0.046875,0.0,0.015625
9,8,0.03125,0.0,0.0,0.0,0.0,0.0,0.0,0.0,0.90625,0.046875,0.0,0.015625
9,8,0.03125,0.0,0.0,0.0,0.0,0.0,0.0,0.0,0.90625,0.046875,0.0,0.015625
9,8,0.03125,0.0,0.0,0.0,0.0,0.0,0.0,0.0,0.90625,0.046875,0.0,0.015625
9,8,0.03125,0.0,0.0,0.0,0.0,0.0,0.0,0.0,0.90625,0.046875,0.0,0.015625
9,8,0.03125,0.0,0.0,0.0,0.0,0.0,0.0,0.0,0.90625,0.046875,0.0,0.015625
9,8,0.03125,0.0,0.0,0.0,0.0,0.0,0.0,0.0,0.90625,0.046875,0.0,0.015625
9,8,0.03125,0.0,0.0,0.0,0.0,0.0,0.0,0.0,0.90625,0.046875,0.0,0.015625
9,8,0.03125,0.0,0.0,0.0,0.0,0.0,0.0,0.0,0.90625,0.046875,0.0,0.015625
9,8,0.03125,0.0,0.0,0.0,0.0,0.0,0.0,0.0,0.90625,0.046875,0.0,0.015625
9,8,0.03125,0.0,0.0,0.0,0.0,0.0,0.0,0.0,0.90625,0.046875,0.0,0.015625
9,8,0.03125,0.0,0.0,0.0,0.0,0.0,0.0,0.0,0.90625,0.046875,0.0,0.015625
9,8,0.03125,0.0,0.0,0.0,0.0,0.0,0.0,0.0,0.90625,0.046875,0.0,0.015625
9,8,0.03125,0.0,0.0,0.0,0.0,0.0,0.0,0.0,0.90625,0.046875,0.0,0.015625
9,8,0.03125,0.0,0.0,0.0,0.0,0.0,0.0,0.0,0.90625,0.046875,0.0,0.015625
9,8,0.03125,0.0,0.0,0.0,0.0,0.0,0.0,0.0,0.90625,0.046875,0.0,0.015625
9,8,0.03125,0.0,0.0,0.0,0.0,0.0,0.0,0.0,0.90625,0.046875,0.0,0.015625
9,8,0.03125,0.0,0.0,0.0,0.0,0.0,0.0,0.0,0.90625,0.046875,0.0,0.015625
9,8,0.03125,0.0,0.0,0.0,0.0,0.0,0.0,0.0,0.90625,0.046875,0.0,0.015625
9,8,0.03125,0.0,0.0,0.0,0.0,0.0,0.0,0.0,0.90625,0.046875,0.0,0.015625
9,8,0.03125,0.0,0.0,0.0,0.0,0.0,0.0,0.0,0.90625,0.046875,0.0,0.015625
9,8,0.03125,0.0,0.0,0.0,0.0,0.0,0.0,0.0,0.90625,0.046875,0.0,0.015625
9,8,0.03125,0.0,0.0,0.0,0.0,0.0,0.0,0.0,0.90625,0.046875,0.0,0.015625
9,8,0.03125,0.0,0.0,0.0,0.0,0.0,0.0,0.0,0.90625,0.046875,0.0,0.015625
9,8,0.03125,0.0,0.0,0.0,0.0,0.0,0.0,0.0,0.90625,0.046875,0.0,0.015625
9,8,0.03125,0.0,0.0,0.0,0.0,0.0,0.0,0.0,0.90625,0.046875,0.0,0.015625
9,8,0.03125,0.0,0.0,0.0,0.0,0.0,0.0,0.0,0.90625,0.046875,0.0,0.015625
9,8,0.03125,0.0,0.0,0.0,0.0,0.0,0.0,0.0,0.90625,0.046875,0.0,0.015625
9,8,0.03125,0.0,0.0,0.0,0.0,0.0,0.0,0.0,0.90625,0.046875,0.0,0.015625
9,8,0.03125,0.0,0.0,0.0,0.0,0.0,0.0,0.0,0.90625,0.046875,0.0,0.015625
9,8,0.03125,0.0,0.0,0.0,0.0,0.0,0.0,0.0,0.90625,0.046875,0.0,0.015625
9,8,0.03125,0.0,0.0,0.0,0.0,0.0,0.0,0.0,0.90625,0.046875,0.0,0.015625
9,8,0.03125,0.0,0.0,0.0,0.0,0.0,0.0,0.0,0.90625,0.046875,0.0,0.015625
9,8,0.03125,0.0,0.0,0.0,0.0,0.0,0.0,0.0,0.90625,0.046875,0.0,0.015625
9,8,0.03125,0.0,0.0,0.0,0.0,0.0,0.0,0.0,0.90625,0.046875,0.0,0.015625
9,8,0.03125,0.0,0.015625,0.0,0.0,0.0,0.0,0.0,0.890625,0.046875,0.0,0.015625
9,8,0.03125,0.0,0.015625,0.0,0.0,0.0,0.0,0.0,0.890625,0.046875,0.0,0.015625
9,8,0.03125,0.0,0.015625,0.0,0.0,0.0,0.0,0.0,0.890625,0.046875,0.0,0.015625
9,8,0.03125,0.0,0.015625,0.0,0.0,0.0,0.0,0.0,0.890625,0.046875,0.0,0.015625
9,8,0.03125,0.0,0.015625,0.0,0.0,0.0,0.0,0.0,0.890625,0.046875,0.0,0.015625
9,8,0.03125,0.0,0.015625,0.0,0.0,0.0,0.0,0.0,0.890625,0.046875,0.0,0.015625
9,8,0.03125,0.0,0.015625,0.0,0.0,0.0,0.0,0.0,0.890625,0.046875,0.0,0.015625
9,8,0.03125,0.0,0.015625,0.0,0.0,0.0,0.0,0.0,0.890625,0.046875,0.0,0.015625
9,8,0.03125,0.0,0.015625,0.0,0.0,0.0,0.0,0.0,0.890625,0.046875,0.0,0.015625
9,8,0.03125,0.0,0.015625,0.0,0.0,0.0,0.0,0.0,0.890625,0.046875,0.0,0.015625
9,8,0.03125,0.0,0.015625,0.0,0.0,0.0,0.0,0.0,0.890625,0.046875,0.0,0.015625
9,8,0.03125,0.0,0.015625,0.0,0.0,0.0,0.0,0.0,0.890625,0.046875,0.0,0.015625
9,8,0.03125,0.0,0.015625,0.0,0.0,0.0,0.0,0.0,0.890625,0.046875,0.0,0.015625
9,8,0.03125,0.0,0.015625,0.0,0.0,0.0,0.0,0.0,0.890625,0.046875,0.0,0.015625
9,8,0.03125,0.0,0.015625,0.0,0.0,0.0,0.0,0.0,0.890625,0.046875,0.0,0.015625
9,8,0.03125,0.0,0.015625,0.0,0.0,0.0,0.0,0.0,0.890625,0.046875,0.0,0.015625
9,8,0.03125,0.0,0.015625,0.0,0.0,0.0,0.0,0.0,0.890625,0.046875,0.0,0.015625
9,8,0.03125,0.0,0.015625,0.0,0.0,0.0,0.0,0.0,0.890625,0.046875,0.0,0.015625
9,8,0.03125,0.0,0.015625,0.0,0.0,0.0,0.0,0.0,0.890625,0.046875,0.0,0.015625
9,8,0.03125,0.0,0.015625,0.0,0.0,0.0,0.0,0.0,0.890625,0.046875,0.0,0.015625
9,8,0.03125,0.0,0.015625,0.0,0.0,0.0,0.0,0.0,0.890625,0.046875,0.0,0.015625
9,8,0.03125,0.0,0.015625,0.0,0.0,0.0,0.0,0.0,0.890625,0.046875,0.0,0.015625
9,8,0.03125,0.0,0.015625,0.0,0.0,0.0,0.0,0.0,0.90625,0.03125,0.0,0.015625
9,8,0.03125,0.0,0.015625,0.0,0.0,0.0,0.0,0.0,0.90625,0.03125,0.0,0.015625
9,8,0.03125,0.0,0.015625,0.0,0.0,0.0,0.0,0.0,0.90625,0.03125,0.0,0.015625
9,8,0.03125,0.0,0.015625,0.0,0.0,0.0,0.0,0.0,0.90625,0.03125,0.0,0.015625
9,8,0.03125,0.0,0.015625,0.0,0.0,0.0,0.0,0.0,0.90625,0.03125,0.0,0.015625
9,8,0.03125,0.0,0.015625,0.0,0.0,0.0,0.0,0.0,0.90625,0.03125,0.0,0.015625
9,8,0.03125,0.0,0.015625,0.0,0.0,0.0,0.0,0.0,0.90625,0.03125,0.0,0.015625
9,8,0.03125,0.0,0.015625,0.0,0.0,0.0,0.0,0.0,0.90625,0.03125,0.0,0.015625
9,8,0.03125,0.0,0.015625,0.0,0.0,0.0,0.0,0.0,0.921875,0.03125,0.0,0.0
9,8,0.03125,0.0,0.015625,0.0,0.0,0.0,0.0,0.0,0.921875,0.03125,0.0,0.0
9,8,0.03125,0.0,0.015625,0.0,0.0,0.0,0.0,0.0,0.921875,0.03125,0.0,0.0
9,8,0.03125,0.0,0.015625,0.0,0.0,0.0,0.0,0.0,0.921875,0.03125,0.0,0.0
9,8,0.03125,0.0,0.015625,0.0,0.0,0.0,0.0,0.0,0.921875,0.03125,0.0,0.0
9,8,0.03125,0.0,0.015625,0.0,0.0,0.0,0.0,0.0,0.921875,0.03125,0.0,0.0
9,8,0.03125,0.0,0.015625,0.0,0.0,0.0,0.0,0.0,0.921875,0.03125,0.0,0.0
9,8,0.03125,0.0,0.015625,0.0,0.0,0.0,0.0,0.0,0.921875,0.03125,0.0,0.0
9,8,0.03125,0.0,0.015625,0.0,0.0,0.0,0.0,0.0,0.921875,0.03125,0.0,0.0
9,8,0.03125,0.0,0.015625,0.0,0.0,0.0,0.0,0.0,0.921875,0.03125,0.0,0.0
9,8,0.03125,0.0,0.015625,0.0,0.0,0.0,0.0,0.0,0.921875,0.03125,0.0,0.0
9,8,0.03125,0.0,0.015625,0.0,0.0,0.0,0.0,0.0,0.921875,0.03125,0.0,0.0
9,8,0.03125,0.0,0.015625,0.0,0.0,0.0,0.0,0.0,0.921875,0.03125,0.0,0.0
9,8,0.03125,0.0,0.015625,0.0,0.0,0.0,0.0,0.0,0.921875,0.03125,0.0,0.0
9,8,0.03125,0.0,0.015625,0.0,0.0,0.0,0.0,0.0,0.921875,0.03125,0.0,0.0
9,8,0.03125,0.0,0.015625,0.0,0.0,0.0,0.0,0.0,0.921875,0.03125,0.0,0.0
9,8,0.03125,0.0,0.015625,0.0,0.0,0.0,0.0,0.0,0.921875,0.03125,0.0,0.0
9,8,0.03125,0.0,0.015625,0.0,0.0,0.0,0.0,0.0,0.921875,0.03125,0.0,0.0
9,8,0.03125,0.0,0.015625,0.0,0.0,0.0,0.0,0.0,0.921875,0.03125,0.0,0.0
9,8,0.03125,0.0,0.015625,0.0,0.0,0.0,0.0,0.0,0.921875,0.03125,0.0,0.0
9,8,0.03125,0.0,0.015625,0.0,0.0,0.0,0.0,0.0,0.921875,0.03125,0.0,0.0
9,8,0.03125,0.0,0.015625,0.0,0.0,0.0,0.0,0.0,0.921875,0.03125,0.0,0.0
9,8,0.03125,0.0,0.015625,0.0,0.0,0.0,0.0,0.0,0.921875,0.03125,0.0,0.0
9,8,0.03125,0.0,0.015625,0.0,0.0,0.0,0.0,0.0,0.921875,0.03125,0.0,0.0
9,8,0.03125,0.0,0.015625,0.0,0.0,0.0,0.0,0.0,0.921875,0.03125,0.0,0.0
9,8,0.03125,0.0,0.015625,0.0,0.0,0.0,0.0,0.0,0.921875,0.03125,0.0,0.0
9,8,0.03125,0.0,0.015625,0.0,0.0,0.0,0.0,0.0,0.921875,0.03125,0.0,0.0
9,8,0.03125,0.0,0.015625,0.0,0.0,0.0,0.0,0.0,0.921875,0.03125,0.0,0.0
9,8,0.03125,0.0,0.015625,0.0,0.0,0.0,0.0,0.0,0.921875,0.03125,0.0,0.0
9,8,0.03125,0.0,0.015625,0.0,0.0,0.0,0.0,0.0,0.921875,0.03125,0.0,0.0
9,8,0.03125,0.0,0.015625,0.0,0.0,0.0,0.0,0.0,0.921875,0.03125,0.0,0.0
9,8,0.03125,0.0,0.015625,0.0,0.0,0.0,0.0,0.0,0.921875,0.03125,0.0,0.0
9,8,0.03125,0.0,0.015625,0.0,0.0,0.0,0.0,0.0,0.921875,0.03125,0.0,0.0
9,8,0.03125,0.0,0.015625,0.0,0.0,0.0,0.0,0.0,0.921875,0.03125,0.0,0.0
9,8,0.03125,0.0,0.015625,0.0,0.0,0.0,0.0,0.0,0.921875,0.03125,0.0,0.0
9,8,0.03125,0.0,0.015625,0.0,0.0,0.0,0.0,0.0,0.921875,0.03125,0.0,0.0
9,8,0.03125,0.0,0.015625,0.0,0.0,0.0,0.0,0.0,0.921875,0.03125,0.0,0.0
9,8,0.03125,0.0,0.015625,0.0,0.0,0.0,0.0,0.0,0.921875,0.03125,0.0,0.0
9,8,0.03125,0.0,0.015625,0.0,0.0,0.0,0.0,0.0,0.921875,0.03125,0.0,0.0
9,8,0.03125,0.0,0.015625,0.0,0.0,0.0,0.0,0.0,0.921875,0.03125,0.0,0.0
9,8,0.03125,0.0,0.015625,0.0,0.0,0.0,0.0,0.0,0.921875,0.03125,0.0,0.0
9,8,0.03125,0.0,0.015625,0.0,0.0,0.0,0.0,0.0,0.921875,0.03125,0.0,0.0
9,8,0.03125,0.0,0.015625,0.0,0.0,0.0,0.0,0.0,0.921875,0.03125,0.0,0.0
9,8,0.03125,0.0,0.015625,0.0,0.0,0.0,0.0,0.0,0.921875,0.03125,0.0,0.0
9,8,0.03125,0.0,0.015625,0.0,0.0,0.0,0.0,0.0,0.921875,0.03125,0.0,0.0
9,8,0.03125,0.0,0.015625,0.0,0.0,0.0,0.0,0.0,0.921875,0.03125,0.0,0.0
9,8,0.03125,0.0,0.015625,0.0,0.0,0.0,0.0,0.0,0.921875,0.03125,0.0,0.0
9,8,0.03125,0.0,0.015625,0.0,0.0,0.0,0.0,0.0,0.921875,0.03125,0.0,0.0
9,8,0.03125,0.0,0.015625,0.0,0.0,0.0,0.0,0.0,0.921875,0.03125,0.0,0.0
9,8,0.03125,0.0,0.015625,0.0,0.0,0.0,0.0,0.0,0.921875,0.03125,0.0,0.0
9,8,0.03125,0.0,0.015625,0.0,0.0,0.0,0.0,0.0,0.921875,0.03125,0.0,0.0
9,8,0.03125,0.0,0.015625,0.0,0.0,0.0,0.0,0.0,0.921875,0.03125,0.0,0.0
9,8,0.03125,0.0,0.015625,0.0,0.0,0.0,0.0,0.0,0.921875,0.03125,0.0,0.0
9,8,0.03125,0.0,0.015625,0.0,0.0,0.0,0.0,0.0,0.921875,0.03125,0.0,0.0
9,8,0.03125,0.0,0.015625,0.0,0.0,0.0,0.0,0.0,0.921875,0.03125,0.0,0.0
9,8,0.03125,0.0,0.015625,0.0,0.0,0.0,0.0,0.0,0.921875,0.03125,0.0,0.0
9,8,0.03125,0.0,0.015625,0.0,0.0,0.0,0.0,0.0,0.921875,0.03125,0.0,0.0
9,8,0.03125,0.0,0.015625,0.0,0.0,0.0,0.0,0.0,0.921875,0.03125,0.0,0.0
9,8,0.03125,0.0,0.015625,0.0,0.0,0.0,0.0,0.0,0.921875,0.03125,0.0,0.0
9,8,0.03125,0.0,0.015625,0.0,0.0,0.0,0.0,0.0,0.921875,0.03125,0.0,0.0
9,8,0.03125,0.0,0.015625,0.0,0.0,0.0,0.0,0.0,0.921875,0.03125,0.0,0.0
9,8,0.03125,0.0,0.015625,0.0,0.0,0.0,0.0,0.0,0.921875,0.03125,0.0,0.0
9,8,0.03125,0.0,0.015625,0.0,0.0,0.0,0.0,0.0,0.921875,0.03125,0.0,0.0
9,8,0.03125,0.0,0.015625,0.0,0.0,0.0,0.0,0.0,0.921875,0.03125,0.0,0.0
9,8,0.03125,0.0,0.015625,0.0,0.0,0.0,0.0,0.0,0.921875,0.03125,0.0,0.0
9,8,0.03125,0.0,0.015625,0.0,0.0,0.0,0.0,0.0,0.921875,0.03125,0.0,0.0
9,8,0.03125,0.0,0.015625,0.0,0.0,0.0,0.0,0.0,0.921875,0.03125,0.0,0.0
9,8,0.03125,0.0,0.015625,0.0,0.0,0.0,0.0,0.0,0.921875,0.03125,0.0,0.0
9,8,0.03125,0.0,0.0,0.0,0.0,0.0,0.0,0.0,0.9375,0.03125,0.0,0.0
9,8,0.03125,0.0,0.0,0.0,0.0,0.0,0.0,0.0,0.9375,0.03125,0.0,0.0
9,8,0.03125,0.0,0.0,0.0,0.0,0.0,0.0,0.0,0.9375,0.03125,0.0,0.0
9,8,0.03125,0.0,0.0,0.0,0.0,0.0,0.0,0.0,0.9375,0.03125,0.0,0.0
9,8,0.03125,0.0,0.0,0.0,0.0,0.0,0.0,0.0,0.9375,0.03125,0.0,0.0
9,8,0.03125,0.0,0.0,0.0,0.0,0.0,0.0,0.0,0.9375,0.03125,0.0,0.0
9,8,0.03125,0.0,0.0,0.0,0.0,0.0,0.0,0.0,0.9375,0.03125,0.0,0.0
9,8,0.03125,0.0,0.0,0.0,0.0,0.0,0.0,0.0,0.9375,0.03125,0.0,0.0
9,8,0.03125,0.0,0.0,0.0,0.0,0.0,0.0,0.0,0.9375,0.03125,0.0,0.0
9,8,0.03125,0.0,0.0,0.0,0.0,0.0,0.0,0.0,0.9375,0.03125,0.0,0.0
9,8,0.03125,0.0,0.0,0.0,0.0,0.0,0.0,0.0,0.9375,0.03125,0.0,0.0
9,8,0.03125,0.0,0.0,0.0,0.0,0.0,0.0,0.0,0.9375,0.03125,0.0,0.0
9,8,0.03125,0.0,0.0,0.0,0.0,0.0,0.0,0.0,0.9375,0.03125,0.0,0.0
9,8,0.03125,0.0,0.0,0.0,0.0,0.0,0.0,0.0,0.9375,0.03125,0.0,0.0
9,8,0.03125,0.0,0.0,0.0,0.0,0.0,0.0,0.0,0.9375,0.03125,0.0,0.0
9,8,0.03125,0.0,0.0,0.0,0.0,0.0,0.0,0.0,0.9375,0.03125,0.0,0.0
9,8,0.03125,0.0,0.0,0.0,0.0,0.0,0.0,0.0,0.9375,0.03125,0.0,0.0
9,8,0.03125,0.0,0.0,0.0,0.0,0.0,0.0,0.0,0.9375,0.03125,0.0,0.0
9,8,0.03125,0.0,0.0,0.0,0.0,0.0,0.0,0.0,0.9375,0.03125,0.0,0.0
9,8,0.03125,0.0,0.0,0.0,0.0,0.0,0.0,0.0,0.9375,0.03125,0.0,0.0
9,8,0.03125,0.0,0.0,0.0,0.0,0.0,0.0,0.0,0.9375,0.03125,0.0,0.0
9,8,0.03125,0.0,0.0,0.0,0.0,0.0,0.0,0.0,0.9375,0.03125,0.0,0.0
9,8,0.03125,0.0,0.0,0.0,0.0,0.0,0.0,0.0,0.9375,0.03125,0.0,0.0
9,8,0.03125,0.0,0.0,0.0,0.0,0.0,0.0,0.0,0.9375,0.03125,0.0,0.0
9,8,0.03125,0.0,0.0,0.0,0.0,0.0,0.0,0.0,0.9375,0.03125,0.0,0.0
9,8,0.03125,0.0,0.0,0.0,0.0,0.0,0.0,0.0,0.9375,0.03125,0.0,0.0
9,8,0.03125,0.0,0.0,0.0,0.0,0.0,0.0,0.0,0.9375,0.03125,0.0,0.0
9,8,0.03125,0.0,0.0,0.0,0.0,0.0,0.0,0.0,0.9375,0.03125,0.0,0.0
9,8,0.03125,0.0,0.0,0.0,0.0,0.0,0.0,0.0,0.9375,0.03125,0.0,0.0
9,8,0.03125,0.0,0.0,0.0,0.0,0.0,0.0,0.0,0.9375,0.03125,0.0,0.0
9,8,0.03125,0.0,0.0,0.0,0.0,0.0,0.0,0.0,0.9375,0.03125,0.0,0.0
9,8,0.03125,0.0,0.0,0.0,0.0,0.0,0.0,0.0,0.9375,0.03125,0.0,0.0
9,8,0.03125,0.0,0.0,0.0,0.0,0.0,0.0,0.0,0.9375,0.03125,0.0,0.0
9,8,0.03125,0.0,0.0,0.0,0.0,0.0,0.0,0.0,0.9375,0.03125,0.0,0.0
9,8,0.03125,0.0,0.0,0.0,0.0,0.0,0.0,0.0,0.9375,0.03125,0.0,0.0
9,8,0.03125,0.0,0.0,0.0,0.0,0.0,0.0,0.0,0.9375,0.03125,0.0,0.0
9,8,0.015625,0.0,0.0,0.0,0.0,0.0,0.0,0.0,0.9375,0.046875,0.0,0.0
9,8,0.015625,0.0,0.0,0.0,0.0,0.0,0.0,0.0,0.9375,0.046875,0.0,0.0
9,8,0.015625,0.0,0.0,0.0,0.0,0.0,0.0,0.0,0.9375,0.046875,0.0,0.0
9,8,0.015625,0.0,0.0,0.0,0.0,0.0,0.0,0.0,0.9375,0.046875,0.0,0.0
9,8,0.015625,0.0,0.0,0.0,0.0,0.0,0.0,0.0,0.9375,0.046875,0.0,0.0
9,8,0.015625,0.0,0.0,0.0,0.0,0.0,0.0,0.0,0.9375,0.046875,0.0,0.0
9,8,0.015625,0.0,0.0,0.0,0.0,0.0,0.0,0.0,0.9375,0.046875,0.0,0.0
9,8,0.015625,0.0,0.0,0.0,0.0,0.0,0.0,0.0,0.9375,0.046875,0.0,0.0
9,8,0.015625,0.0,0.0,0.0,0.0,0.0,0.0,0.0,0.9375,0.046875,0.0,0.0
9,8,0.015625,0.0,0.0,0.0,0.0,0.0,0.0,0.0,0.9375,0.046875,0.0,0.0
9,8,0.015625,0.0,0.0,0.0,0.0,0.0,0.0,0.0,0.9375,0.046875,0.0,0.0
9,8,0.015625,0.0,0.0,0.0,0.0,0.0,0.0,0.0,0.9375,0.046875,0.0,0.0
9,8,0.015625,0.0,0.0,0.0,0.0,0.0,0.0,0.0,0.9375,0.046875,0.0,0.0
9,8,0.015625,0.0,0.0,0.0,0.0,0.0,0.0,0.0,0.9375,0.046875,0.0,0.0
9,8,0.015625,0.0,0.0,0.0,0.0,0.0,0.0,0.0,0.9375,0.046875,0.0,0.0
9,8,0.015625,0.0,0.0,0.0,0.0,0.0,0.0,0.0,0.9375,0.046875,0.0,0.0
9,8,0.015625,0.0,0.0,0.0,0.0,0.0,0.0,0.0,0.9375,0.046875,0.0,0.0
9,8,0.015625,0.0,0.0,0.0,0.0,0.0,0.0,0.0,0.9375,0.046875,0.0,0.0
9,8,0.015625,0.0,0.0,0.0,0.0,0.0,0.0,0.0,0.9375,0.046875,0.0,0.0
9,8,0.015625,0.0,0.0,0.0,0.0,0.0,0.0,0.0,0.9375,0.046875,0.0,0.0
9,8,0.015625,0.0,0.0,0.0,0.0,0.0,0.0,0.0,0.9375,0.046875,0.0,0.0
9,8,0.015625,0.0,0.0,0.0,0.0,0.0,0.0,0.0,0.9375,0.046875,0.0,0.0
9,8,0.015625,0.0,0.0,0.0,0.0,0.0,0.0,0.0,0.9375,0.046875,0.0,0.0
9,8,0.015625,0.0,0.0,0.0,0.0,0.0,0.0,0.0,0.9375,0.046875,0.0,0.0
9,8,0.015625,0.0,0.0,0.0,0.0,0.0,0.0,0.0,0.9375,0.046875,0.0,0.0
9,8,0.015625,0.0,0.0,0.0,0.0,0.0,0.0,0.0,0.9375,0.046875,0.0,0.0
9,8,0.015625,0.0,0.0,0.0,0.0,0.0,0.0,0.0,0.9375,0.046875,0.0,0.0
9,8,0.015625,0.0,0.0,0.0,0.0,0.0,0.0,0.0,0.9375,0.046875,0.0,0.0
9,8,0.015625,0.0,0.0,0.0,0.0,0.0,0.0,0.0,0.9375,0.046875,0.0,0.0
9,8,0.015625,0.0,0.0,0.0,0.0,0.0,0.0,0.0,0.9375,0.046875,0.0,0.0
9,8,0.015625,0.0,0.0,0.0,0.0,0.0,0.0,0.0,0.9375,0.046875,0.0,0.0
9,8,0.015625,0.0,0.0,0.0,0.0,0.0,0.0,0.0,0.9375,0.046875,0.0,0.0
9,8,0.015625,0.0,0.0,0.0,0.0,0.0,0.0,0.0,0.9375,0.046875,0.0,0.0
9,8,0.015625,0.0,0.0,0.0,0.0,0.0,0.0,0.0,0.9375,0.046875,0.0,0.0
9,8,0.015625,0.0,0.0,0.0,0.0,0.0,0.0,0.0,0.9375,0.046875,0.0,0.0
9,8,0.015625,0.0,0.0,0.0,0.0,0.0,0.0,0.0,0.9375,0.046875,0.0,0.0
9,8,0.015625,0.0,0.0,0.0,0.0,0.0,0.0,0.0,0.9375,0.046875,0.0,0.0
9,8,0.015625,0.0,0.0,0.0,0.0,0.0,0.0,0.0,0.9375,0.046875,0.0,0.0
9,8,0.015625,0.0,0.0,0.0,0.0,0.0,0.0,0.0,0.9375,0.046875,0.0,0.0
9,8,0.015625,0.0,0.0,0.0,0.0,0.0,0.0,0.0,0.9375,0.046875,0.0,0.0
9,8,0.015625,0.0,0.0,0.0,0.0,0.0,0.0,0.0,0.9375,0.046875,0.0,0.0
9,8,0.015625,0.0,0.0,0.0,0.0,0.0,0.0,0.0,0.9375,0.046875,0.0,0.0
9,8,0.015625,0.0,0.0,0.0,0.0,0.0,0.0,0.0,0.9375,0.046875,0.0,0.0
9,8,0.015625,0.0,0.0,0.0,0.0,0.0,0.0,0.0,0.9375,0.046875,0.0,0.0
9,8,0.015625,0.0,0.0,0.0,0.0,0.0,0.0,0.0,0.9375,0.046875,0.0,0.0
9,8,0.015625,0.0,0.0,0.0,0.0,0.0,0.0,0.0,0.9375,0.046875,0.0,0.0
9,8,0.015625,0.0,0.0,0.0,0.0,0.0,0.0,0.0,0.9375,0.046875,0.0,0.0
9,8,0.015625,0.0,0.0,0.0,0.0,0.0,0.0,0.0,0.9375,0.046875,0.0,0.0
9,8,0.015625,0.0,0.0,0.0,0.0,0.0,0.0,0.0,0.9375,0.046875,0.0,0.0
9,8,0.015625,0.0,0.0,0.0,0.0,0.0,0.0,0.0,0.9375,0.046875,0.0,0.0
9,8,0.015625,0.0,0.0,0.0,0.0,0.0,0.0,0.0,0.9375,0.046875,0.0,0.0
9,8,0.015625,0.0,0.0,0.0,0.0,0.0,0.0,0.0,0.9375,0.046875,0.0,0.0
9,8,0.015625,0.0,0.0,0.0,0.0,0.0,0.0,0.0,0.9375,0.046875,0.0,0.0
9,8,0.015625,0.0,0.0,0.0,0.0,0.0,0.0,0.0,0.9375,0.046875,0.0,0.0
9,8,0.015625,0.0,0.0,0.0,0.0,0.0,0.0,0.0,0.9375,0.046875,0.0,0.0
9,8,0.015625,0.0,0.0,0.0,0.0,0.0,0.0,0.0,0.9375,0.046875,0.0,0.0
9,8,0.015625,0.0,0.0,0.0,0.0,0.0,0.0,0.0,0.9375,0.046875,0.0,0.0
9,8,0.015625,0.0,0.0,0.0,0.0,0.0,0.0,0.0,0.9375,0.046875,0.0,0.0
9,8,0.015625,0.0,0.0,0.0,0.0,0.0,0.0,0.0,0.9375,0.046875,0.0,0.0
9,8,0.015625,0.0,0.0,0.0,0.0,0.0,0.0,0.0,0.9375,0.046875,0.0,0.0
9,8,0.015625,0.0,0.0,0.0,0.0,0.0,0.0,0.0,0.9375,0.046875,0.0,0.0
9,8,0.015625,0.0,0.0,0.0,0.0,0.0,0.0,0.0,0.9375,0.046875,0.0,0.0
9,8,0.015625,0.0,0.0,0.0,0.0,0.0,0.0,0.0,0.9375,0.046875,0.0,0.0
9,8,0.015625,0.0,0.0,0.0,0.0,0.0,0.0,0.0,0.9375,0.046875,0.0,0.0
9,8,0.015625,0.0,0.0,0.0,0.0,0.0,0.0,0.0,0.9375,0.046875,0.0,0.0
9,8,0.015625,0.0,0.0,0.0,0.0,0.0,0.0,0.0,0.9375,0.046875,0.0,0.0
9,8,0.015625,0.0,0.0,0.0,0.0,0.0,0.0,0.0,0.9375,0.046875,0.0,0.0
9,8,0.015625,0.0,0.0,0.0,0.0,0.0,0.0,0.0,0.9375,0.046875,0.0,0.0
9,8,0.015625,0.0,0.0,0.0,0.0,0.0,0.0,0.0,0.9375,0.046875,0.0,0.0
9,8,0.015625,0.0,0.0,0.0,0.0,0.0,0.0,0.0,0.9375,0.046875,0.0,0.0
9,8,0.015625,0.0,0.0,0.0,0.0,0.0,0.0,0.0,0.9375,0.046875,0.0,0.0
9,8,0.015625,0.0,0.0,0.0,0.0,0.0,0.0,0.0,0.9375,0.046875,0.0,0.0
9,8,0.015625,0.0,0.0,0.0,0.0,0.0,0.0,0.0,0.9375,0.046875,0.0,0.0
9,8,0.015625,0.0,0.0,0.0,0.0,0.0,0.0,0.0,0.9375,0.046875,0.0,0.0
9,8,0.015625,0.0,0.0,0.0,0.0,0.0,0.0,0.0,0.9375,0.046875,0.0,0.0
9,8,0.015625,0.0,0.0,0.0,0.0,0.0,0.0,0.0,0.9375,0.046875,0.0,0.0
9,8,0.015873017,0.0,0.0,0.0,0.0,0.0,0.0,0.0,0.93650794,0.04761905,0.0,0.0
9,8,0.015873017,0.0,0.0,0.0,0.0,0.0,0.0,0.0,0.93650794,0.04761905,0.0,0.0
9,8,0.015873017,0.0,0.0,0.0,0.0,0.0,0.0,0.0,0.93650794,0.04761905,0.0,0.0
9,8,0.015873017,0.0,0.0,0.0,0.0,0.0,0.0,0.0,0.93650794,0.04761905,0.0,0.0
9,8,0.031746034,0.0,0.015873017,0.0,0.0,0.0,0.0,0.0,0.9047619,0.04761905,0.0,0.0
9,8,0.031746034,0.0,0.015873017,0.0,0.0,0.0,0.0,0.0,0.9047619,0.04761905,0.0,0.0
9,8,0.031746034,0.0,0.015873017,0.0,0.0,0.0,0.0,0.0,0.9047619,0.04761905,0.0,0.0
9,8,0.031746034,0.0,0.015873017,0.0,0.0,0.0,0.0,0.0,0.9047619,0.04761905,0.0,0.0
9,8,0.031746034,0.0,0.015873017,0.0,0.0,0.0,0.0,0.0,0.9047619,0.04761905,0.0,0.0
9,8,0.031746034,0.0,0.015873017,0.0,0.0,0.0,0.0,0.0,0.9047619,0.04761905,0.0,0.0
9,8,0.031746034,0.0,0.015873017,0.0,0.0,0.0,0.0,0.0,0.9047619,0.04761905,0.0,0.0
9,8,0.031746034,0.0,0.015873017,0.0,0.0,0.0,0.0,0.0,0.9047619,0.04761905,0.0,0.0
9,8,0.031746034,0.0,0.015873017,0.0,0.0,0.0,0.0,0.0,0.9047619,0.04761905,0.0,0.0
9,8,0.031746034,0.0,0.015873017,0.0,0.0,0.0,0.0,0.0,0.9047619,0.04761905,0.0,0.0
9,8,0.031746034,0.0,0.015873017,0.0,0.0,0.0,0.0,0.0,0.9047619,0.04761905,0.0,0.0
9,8,0.031746034,0.0,0.015873017,0.0,0.0,0.0,0.0,0.0,0.9047619,0.04761905,0.0,0.0
9,8,0.031746034,0.0,0.015873017,0.0,0.0,0.0,0.0,0.0,0.9047619,0.04761905,0.0,0.0
9,8,0.031746034,0.0,0.015873017,0.0,0.0,0.0,0.0,0.0,0.9047619,0.04761905,0.0,0.0
9,8,0.031746034,0.0,0.015873017,0.0,0.0,0.0,0.0,0.0,0.9047619,0.04761905,0.0,0.0
9,8,0.031746034,0.0,0.015873017,0.0,0.0,0.0,0.0,0.0,0.9047619,0.04761905,0.0,0.0
9,8,0.031746034,0.0,0.015873017,0.0,0.0,0.0,0.0,0.0,0.9047619,0.04761905,0.0,0.0
9,8,0.031746034,0.0,0.015873017,0.0,0.0,0.0,0.0,0.0,0.9047619,0.04761905,0.0,0.0
9,8,0.031746034,0.0,0.015873017,0.0,0.0,0.0,0.0,0.0,0.9047619,0.04761905,0.0,0.0
9,8,0.031746034,0.0,0.015873017,0.0,0.0,0.0,0.0,0.0,0.9047619,0.04761905,0.0,0.0
9,8,0.031746034,0.0,0.015873017,0.0,0.0,0.0,0.0,0.0,0.9047619,0.04761905,0.0,0.0
9,8,0.031746034,0.0,0.015873017,0.0,0.0,0.0,0.0,0.0,0.9047619,0.04761905,0.0,0.0
9,8,0.031746034,0.0,0.015873017,0.0,0.0,0.0,0.0,0.0,0.9047619,0.04761905,0.0,0.0
9,8,0.031746034,0.0,0.015873017,0.0,0.0,0.0,0.0,0.0,0.9047619,0.04761905,0.0,0.0
9,8,0.031746034,0.0,0.015873017,0.0,0.0,0.0,0.0,0.0,0.9047619,0.04761905,0.0,0.0
9,8,0.031746034,0.0,0.015873017,0.0,0.0,0.0,0.0,0.0,0.9047619,0.04761905,0.0,0.0
9,8,0.031746034,0.0,0.015873017,0.0,0.0,0.0,0.0,0.0,0.9047619,0.04761905,0.0,0.0
9,8,0.031746034,0.0,0.015873017,0.0,0.0,0.0,0.0,0.0,0.9047619,0.04761905,0.0,0.0
9,8,0.04761905,0.0,0.015873017,0.0,0.0,0.0,0.0,0.0,0.8888889,0.04761905,0.0,0.0
9,8,0.04761905,0.0,0.015873017,0.0,0.0,0.0,0.0,0.0,0.8888889,0.04761905,0.0,0.0
9,8,0.04761905,0.0,0.015873017,0.0,0.0,0.0,0.0,0.0,0.8888889,0.04761905,0.0,0.0
9,8,0.04761905,0.0,0.015873017,0.0,0.0,0.0,0.0,0.0,0.8888889,0.04761905,0.0,0.0
9,8,0.04761905,0.0,0.015873017,0.0,0.0,0.0,0.0,0.0,0.8888889,0.04761905,0.0,0.0
9,8,0.04761905,0.0,0.015873017,0.0,0.0,0.0,0.0,0.0,0.8888889,0.04761905,0.0,0.0
9,8,0.04761905,0.0,0.015873017,0.0,0.0,0.0,0.0,0.0,0.8888889,0.04761905,0.0,0.0
9,8,0.04761905,0.0,0.015873017,0.0,0.0,0.0,0.0,0.0,0.8888889,0.04761905,0.0,0.0
9,8,0.04761905,0.0,0.015873017,0.0,0.0,0.0,0.0,0.0,0.8888889,0.04761905,0.0,0.0
9,8,0.04761905,0.0,0.015873017,0.0,0.0,0.0,0.0,0.0,0.8888889,0.04761905,0.0,0.0
9,8,0.04761905,0.0,0.015873017,0.0,0.0,0.0,0.0,0.0,0.8888889,0.04761905,0.0,0.0
9,8,0.04761905,0.0,0.015873017,0.0,0.0,0.0,0.0,0.0,0.8888889,0.04761905,0.0,0.0
9,8,0.04761905,0.0,0.015873017,0.0,0.0,0.0,0.0,0.0,0.8888889,0.04761905,0.0,0.0
9,8,0.04761905,0.0,0.015873017,0.0,0.0,0.0,0.0,0.0,0.8888889,0.04761905,0.0,0.0
9,8,0.04761905,0.0,0.015873017,0.0,0.0,0.0,0.0,0.0,0.8888889,0.04761905,0.0,0.0
9,8,0.04761905,0.0,0.015873017,0.0,0.0,0.0,0.0,0.0,0.8888889,0.04761905,0.0,0.0
9,8,0.04761905,0.0,0.015873017,0.0,0.0,0.0,0.0,0.0,0.8888889,0.04761905,0.0,0.0
9,8,0.04761905,0.0,0.015873017,0.0,0.0,0.0,0.0,0.0,0.8888889,0.04761905,0.0,0.0
9,8,0.031746034,0.0,0.015873017,0.0,0.0,0.0,0.0,0.0,0.9047619,0.04761905,0.0,0.0
9,8,0.031746034,0.0,0.015873017,0.0,0.0,0.0,0.0,0.0,0.9047619,0.04761905,0.0,0.0
9,8,0.031746034,0.0,0.015873017,0.0,0.0,0.0,0.0,0.0,0.9047619,0.04761905,0.0,0.0
9,8,0.031746034,0.0,0.015873017,0.0,0.0,0.0,0.0,0.0,0.9047619,0.04761905,0.0,0.0
9,8,0.031746034,0.0,0.015873017,0.0,0.0,0.0,0.0,0.0,0.9047619,0.04761905,0.0,0.0
9,8,0.031746034,0.0,0.015873017,0.0,0.0,0.0,0.0,0.0,0.9047619,0.04761905,0.0,0.0
9,8,0.031746034,0.0,0.015873017,0.0,0.0,0.0,0.0,0.0,0.9047619,0.04761905,0.0,0.0
9,8,0.031746034,0.0,0.015873017,0.0,0.0,0.0,0.0,0.0,0.9047619,0.04761905,0.0,0.0
9,8,0.031746034,0.0,0.015873017,0.0,0.0,0.0,0.0,0.0,0.9047619,0.04761905,0.0,0.0
9,8,0.031746034,0.0,0.015873017,0.0,0.0,0.0,0.0,0.0,0.9047619,0.04761905,0.0,0.0
9,8,0.031746034,0.0,0.015873017,0.0,0.0,0.0,0.0,0.0,0.9047619,0.04761905,0.0,0.0
9,8,0.031746034,0.0,0.015873017,0.0,0.0,0.0,0.0,0.0,0.9047619,0.04761905,0.0,0.0
9,8,0.031746034,0.0,0.015873017,0.0,0.0,0.0,0.0,0.0,0.9047619,0.04761905,0.0,0.0
9,8,0.031746034,0.0,0.015873017,0.0,0.0,0.0,0.0,0.0,0.9047619,0.04761905,0.0,0.0
9,8,0.031746034,0.0,0.015873017,0.0,0.0,0.0,0.0,0.0,0.9047619,0.04761905,0.0,0.0
9,8,0.031746034,0.0,0.015873017,0.0,0.0,0.0,0.0,0.0,0.9047619,0.04761905,0.0,0.0
9,8,0.031746034,0.0,0.015873017,0.0,0.0,0.0,0.0,0.0,0.9047619,0.04761905,0.0,0.0
9,8,0.031746034,0.0,0.015873017,0.0,0.0,0.0,0.0,0.0,0.9047619,0.04761905,0.0,0.0
9,8,0.031746034,0.0,0.015873017,0.0,0.0,0.0,0.0,0.0,0.9047619,0.04761905,0.0,0.0
9,8,0.031746034,0.0,0.015873017,0.0,0.0,0.0,0.0,0.0,0.9047619,0.04761905,0.0,0.0
9,8,0.031746034,0.0,0.015873017,0.0,0.0,0.0,0.0,0.0,0.9047619,0.04761905,0.0,0.0
9,8,0.031746034,0.0,0.015873017,0.0,0.0,0.0,0.0,0.0,0.9047619,0.04761905,0.0,0.0
9,8,0.031746034,0.0,0.015873017,0.0,0.0,0.0,0.0,0.0,0.9047619,0.04761905,0.0,0.0
9,8,0.031746034,0.0,0.015873017,0.0,0.0,0.0,0.0,0.0,0.9047619,0.04761905,0.0,0.0
9,8,0.031746034,0.0,0.015873017,0.0,0.0,0.0,0.0,0.0,0.9047619,0.04761905,0.0,0.0
9,8,0.031746034,0.0,0.015873017,0.0,0.0,0.0,0.0,0.0,0.9047619,0.04761905,0.0,0.0
9,8,0.031746034,0.0,0.015873017,0.0,0.0,0.0,0.0,0.0,0.9047619,0.04761905,0.0,0.0
9,8,0.031746034,0.0,0.015873017,0.0,0.0,0.0,0.0,0.0,0.9047619,0.04761905,0.0,0.0
9,8,0.031746034,0.0,0.015873017,0.0,0.0,0.0,0.0,0.0,0.9047619,0.04761905,0.0,0.0
9,8,0.031746034,0.0,0.015873017,0.0,0.0,0.0,0.0,0.0,0.9047619,0.04761905,0.0,0.0
9,8,0.031746034,0.0,0.015873017,0.0,0.0,0.0,0.0,0.0,0.9047619,0.04761905,0.0,0.0
9,8,0.031746034,0.0,0.015873017,0.0,0.0,0.0,0.0,0.0,0.9047619,0.04761905,0.0,0.0
9,8,0.031746034,0.0,0.015873017,0.0,0.0,0.0,0.0,0.0,0.9047619,0.04761905,0.0,0.0
9,8,0.031746034,0.0,0.015873017,0.0,0.0,0.0,0.0,0.0,0.9047619,0.04761905,0.0,0.0
9,8,0.015625,0.0,0.015625,0.0,0.0,0.0,0.0,0.0,0.921875,0.046875,0.0,0.0
9,8,0.015625,0.0,0.015625,0.0,0.0,0.0,0.0,0.0,0.921875,0.046875,0.0,0.0
9,8,0.03125,0.0,0.015625,0.0,0.0,0.0,0.0,0.0,0.90625,0.046875,0.0,0.0
9,8,0.03125,0.0,0.015625,0.0,0.0,0.0,0.0,0.0,0.90625,0.046875,0.0,0.0
9,8,0.03125,0.0,0.015625,0.0,0.0,0.0,0.0,0.0,0.90625,0.046875,0.0,0.0
9,8,0.03125,0.0,0.015625,0.0,0.0,0.0,0.0,0.0,0.90625,0.046875,0.0,0.0
9,8,0.03125,0.0,0.015625,0.0,0.0,0.0,0.0,0.0,0.90625,0.046875,0.0,0.0
9,8,0.03125,0.0,0.015625,0.0,0.0,0.0,0.0,0.0,0.90625,0.046875,0.0,0.0
9,8,0.03125,0.0,0.015625,0.0,0.0,0.0,0.0,0.0,0.90625,0.046875,0.0,0.0
9,8,0.03125,0.0,0.015625,0.0,0.0,0.0,0.0,0.0,0.90625,0.046875,0.0,0.0
9,8,0.03125,0.0,0.015625,0.0,0.0,0.0,0.0,0.0,0.90625,0.046875,0.0,0.0
9,8,0.03125,0.0,0.015625,0.0,0.0,0.0,0.0,0.0,0.90625,0.046875,0.0,0.0
9,8,0.03125,0.0,0.015625,0.0,0.0,0.0,0.0,0.0,0.90625,0.046875,0.0,0.0
9,8,0.03125,0.0,0.015625,0.0,0.0,0.0,0.0,0.0,0.90625,0.046875,0.0,0.0
9,8,0.03125,0.0,0.015625,0.0,0.0,0.0,0.0,0.0,0.90625,0.046875,0.0,0.0
9,8,0.03125,0.0,0.015625,0.0,0.0,0.0,0.0,0.0,0.90625,0.046875,0.0,0.0
9,8,0.03125,0.0,0.0,0.0,0.0,0.0,0.0,0.0,0.921875,0.046875,0.0,0.0
9,8,0.03125,0.0,0.0,0.0,0.0,0.0,0.0,0.0,0.921875,0.046875,0.0,0.0
9,8,0.03125,0.0,0.0,0.0,0.0,0.0,0.0,0.0,0.921875,0.046875,0.0,0.0
9,8,0.03125,0.0,0.0,0.0,0.0,0.0,0.0,0.0,0.921875,0.046875,0.0,0.0
9,8,0.015625,0.0,0.0,0.0,0.0,0.0,0.0,0.0,0.9375,0.046875,0.0,0.0
9,8,0.015625,0.0,0.0,0.0,0.0,0.0,0.0,0.0,0.9375,0.046875,0.0,0.0
9,8,0.015625,0.0,0.0,0.0,0.0,0.0,0.0,0.0,0.9375,0.046875,0.0,0.0
9,8,0.015625,0.0,0.0,0.0,0.0,0.0,0.0,0.0,0.9375,0.046875,0.0,0.0
9,8,0.015625,0.0,0.0,0.0,0.0,0.0,0.0,0.0,0.9375,0.046875,0.0,0.0
9,8,0.015625,0.0,0.0,0.0,0.0,0.0,0.0,0.0,0.9375,0.046875,0.0,0.0
9,8,0.015625,0.0,0.0,0.0,0.0,0.0,0.0,0.0,0.9375,0.046875,0.0,0.0
9,8,0.015625,0.0,0.0,0.0,0.0,0.0,0.0,0.0,0.9375,0.046875,0.0,0.0
9,8,0.015625,0.0,0.0,0.0,0.0,0.0,0.0,0.0,0.9375,0.046875,0.0,0.0
9,8,0.015625,0.0,0.0,0.0,0.0,0.0,0.0,0.0,0.9375,0.046875,0.0,0.0
9,8,0.015625,0.0,0.0,0.0,0.0,0.0,0.0,0.0,0.9375,0.046875,0.0,0.0
9,8,0.015625,0.0,0.0,0.0,0.0,0.0,0.0,0.0,0.9375,0.046875,0.0,0.0
9,8,0.015625,0.0,0.0,0.0,0.0,0.0,0.0,0.0,0.9375,0.046875,0.0,0.0
9,8,0.015625,0.0,0.0,0.0,0.0,0.0,0.0,0.0,0.9375,0.046875,0.0,0.0
9,8,0.015625,0.0,0.0,0.0,0.0,0.0,0.0,0.0,0.9375,0.046875,0.0,0.0
9,8,0.015625,0.0,0.0,0.0,0.0,0.0,0.0,0.0,0.9375,0.046875,0.0,0.0
9,8,0.015625,0.0,0.0,0.0,0.0,0.0,0.0,0.0,0.9375,0.046875,0.0,0.0
9,8,0.015625,0.0,0.0,0.0,0.0,0.0,0.0,0.0,0.9375,0.046875,0.0,0.0
9,8,0.015625,0.0,0.0,0.0,0.0,0.0,0.0,0.0,0.9375,0.046875,0.0,0.0
9,8,0.015625,0.0,0.0,0.0,0.0,0.0,0.0,0.0,0.9375,0.046875,0.0,0.0
9,8,0.015625,0.0,0.0,0.0,0.0,0.0,0.0,0.0,0.9375,0.046875,0.0,0.0
9,8,0.015625,0.0,0.0,0.0,0.0,0.0,0.0,0.0,0.9375,0.046875,0.0,0.0
9,8,0.015625,0.0,0.0,0.0,0.0,0.0,0.0,0.0,0.9375,0.046875,0.0,0.0
9,8,0.015625,0.0,0.0,0.0,0.0,0.0,0.0,0.0,0.9375,0.046875,0.0,0.0
9,8,0.015625,0.0,0.0,0.0,0.0,0.0,0.0,0.0,0.9375,0.046875,0.0,0.0
9,8,0.015625,0.0,0.0,0.0,0.0,0.0,0.0,0.0,0.9375,0.046875,0.0,0.0
9,8,0.015625,0.0,0.0,0.0,0.0,0.0,0.0,0.0,0.9375,0.046875,0.0,0.0
9,8,0.015625,0.0,0.0,0.0,0.0,0.0,0.0,0.0,0.9375,0.046875,0.0,0.0
9,8,0.015625,0.0,0.0,0.0,0.0,0.0,0.0,0.0,0.9375,0.046875,0.0,0.0
9,8,0.015625,0.0,0.0,0.0,0.0,0.0,0.0,0.0,0.9375,0.046875,0.0,0.0
9,8,0.015625,0.0,0.0,0.0,0.0,0.0,0.0,0.0,0.9375,0.046875,0.0,0.0
9,8,0.015625,0.0,0.0,0.0,0.0,0.0,0.0,0.0,0.9375,0.046875,0.0,0.0
9,8,0.015625,0.0,0.0,0.0,0.0,0.0,0.0,0.0,0.9375,0.046875,0.0,0.0
9,8,0.015625,0.0,0.0,0.0,0.0,0.0,0.0,0.0,0.9375,0.046875,0.0,0.0
9,8,0.015625,0.0,0.0,0.0,0.0,0.0,0.0,0.0,0.9375,0.046875,0.0,0.0
9,8,0.015625,0.0,0.0,0.0,0.0,0.0,0.0,0.0,0.9375,0.046875,0.0,0.0
9,8,0.015625,0.0,0.0,0.0,0.0,0.0,0.0,0.0,0.9375,0.046875,0.0,0.0
9,8,0.015625,0.0,0.0,0.0,0.0,0.0,0.0,0.0,0.9375,0.046875,0.0,0.0
9,8,0.015625,0.0,0.0,0.0,0.0,0.0,0.0,0.0,0.9375,0.046875,0.0,0.0
9,8,0.015625,0.0,0.0,0.0,0.0,0.0,0.0,0.0,0.9375,0.046875,0.0,0.0
9,8,0.015625,0.0,0.0,0.0,0.0,0.0,0.0,0.0,0.9375,0.046875,0.0,0.0
9,8,0.015625,0.0,0.0,0.0,0.0,0.0,0.0,0.0,0.9375,0.046875,0.0,0.0
9,8,0.015625,0.0,0.0,0.0,0.0,0.0,0.0,0.0,0.9375,0.046875,0.0,0.0
9,8,0.015625,0.0,0.0,0.0,0.0,0.0,0.0,0.0,0.9375,0.046875,0.0,0.0
9,8,0.015625,0.0,0.0,0.0,0.0,0.0,0.0,0.0,0.9375,0.046875,0.0,0.0
9,8,0.015625,0.0,0.0,0.0,0.0,0.0,0.0,0.0,0.9375,0.046875,0.0,0.0
9,8,0.015625,0.0,0.0,0.0,0.0,0.0,0.0,0.0,0.9375,0.046875,0.0,0.0
9,8,0.015625,0.0,0.0,0.0,0.0,0.0,0.0,0.0,0.9375,0.046875,0.0,0.0
9,8,0.015625,0.0,0.0,0.0,0.0,0.0,0.0,0.0,0.9375,0.046875,0.0,0.0
9,8,0.015625,0.0,0.0,0.0,0.0,0.0,0.0,0.0,0.9375,0.046875,0.0,0.0
9,8,0.015625,0.0,0.0,0.0,0.0,0.0,0.0,0.0,0.9375,0.046875,0.0,0.0
9,8,0.015625,0.0,0.0,0.0,0.0,0.0,0.0,0.0,0.9375,0.046875,0.0,0.0
9,8,0.015625,0.0,0.0,0.0,0.0,0.0,0.0,0.0,0.9375,0.046875,0.0,0.0
9,8,0.015625,0.0,0.0,0.0,0.0,0.0,0.0,0.0,0.9375,0.046875,0.0,0.0
9,8,0.015625,0.0,0.0,0.0,0.0,0.0,0.0,0.0,0.9375,0.046875,0.0,0.0
9,8,0.015625,0.0,0.0,0.0,0.0,0.0,0.0,0.0,0.9375,0.046875,0.0,0.0
9,8,0.015625,0.0,0.0,0.0,0.0,0.0,0.0,0.0,0.9375,0.046875,0.0,0.0
9,8,0.015625,0.0,0.0,0.0,0.0,0.0,0.0,0.0,0.9375,0.046875,0.0,0.0
9,8,0.015625,0.0,0.0,0.0,0.0,0.0,0.0,0.0,0.9375,0.046875,0.0,0.0
9,8,0.015625,0.0,0.0,0.0,0.0,0.0,0.0,0.0,0.9375,0.046875,0.0,0.0
9,8,0.015625,0.0,0.0,0.0,0.0,0.0,0.0,0.0,0.9375,0.046875,0.0,0.0
9,8,0.015625,0.0,0.0,0.0,0.0,0.0,0.0,0.0,0.9375,0.046875,0.0,0.0
9,8,0.015625,0.0,0.0,0.0,0.0,0.0,0.0,0.0,0.9375,0.046875,0.0,0.0
9,8,0.015625,0.0,0.0,0.0,0.0,0.0,0.0,0.0,0.9375,0.046875,0.0,0.0
9,8,0.015625,0.0,0.0,0.0,0.0,0.0,0.0,0.0,0.9375,0.046875,0.0,0.0
9,8,0.015625,0.0,0.0,0.0,0.0,0.0,0.0,0.0,0.9375,0.046875,0.0,0.0
9,8,0.015625,0.0,0.0,0.0,0.0,0.0,0.0,0.0,0.9375,0.046875,0.0,0.0
9,8,0.015625,0.0,0.0,0.0,0.0,0.0,0.0,0.0,0.9375,0.046875,0.0,0.0
9,8,0.015625,0.0,0.0,0.0,0.0,0.0,0.0,0.0,0.9375,0.046875,0.0,0.0
9,8,0.015625,0.0,0.0,0.0,0.0,0.0,0.0,0.0,0.9375,0.046875,0.0,0.0
9,8,0.015625,0.0,0.0,0.0,0.0,0.0,0.0,0.0,0.9375,0.046875,0.0,0.0
9,8,0.015625,0.0,0.0,0.0,0.0,0.0,0.0,0.0,0.9375,0.046875,0.0,0.0
9,8,0.015625,0.0,0.0,0.0,0.0,0.0,0.0,0.0,0.9375,0.046875,0.0,0.0
9,8,0.015625,0.0,0.0,0.0,0.0,0.0,0.0,0.0,0.9375,0.046875,0.0,0.0
9,8,0.015625,0.0,0.0,0.0,0.0,0.0,0.0,0.0,0.9375,0.046875,0.0,0.0
9,8,0.015625,0.0,0.0,0.0,0.0,0.0,0.0,0.0,0.9375,0.046875,0.0,0.0
9,8,0.015625,0.0,0.0,0.0,0.0,0.0,0.0,0.0,0.9375,0.046875,0.0,0.0
9,8,0.015625,0.0,0.0,0.0,0.0,0.0,0.0,0.0,0.9375,0.046875,0.0,0.0
9,8,0.015625,0.0,0.0,0.0,0.0,0.0,0.0,0.0,0.9375,0.046875,0.0,0.0
9,8,0.015625,0.0,0.0,0.0,0.0,0.0,0.0,0.0,0.9375,0.046875,0.0,0.0
9,8,0.015625,0.0,0.0,0.0,0.0,0.0,0.0,0.0,0.9375,0.046875,0.0,0.0
9,8,0.015625,0.0,0.0,0.0,0.0,0.0,0.0,0.0,0.9375,0.046875,0.0,0.0
9,8,0.015625,0.0,0.0,0.0,0.0,0.0,0.0,0.0,0.9375,0.046875,0.0,0.0
9,8,0.015625,0.0,0.0,0.0,0.0,0.0,0.0,0.0,0.9375,0.046875,0.0,0.0
9,8,0.015625,0.0,0.0,0.0,0.0,0.0,0.0,0.0,0.9375,0.046875,0.0,0.0
9,8,0.015625,0.0,0.0,0.0,0.0,0.0,0.0,0.0,0.9375,0.046875,0.0,0.0
9,8,0.015625,0.0,0.0,0.0,0.0,0.0,0.0,0.0,0.9375,0.046875,0.0,0.0
9,8,0.015625,0.0,0.0,0.0,0.0,0.0,0.0,0.0,0.9375,0.046875,0.0,0.0
9,8,0.015625,0.0,0.0,0.0,0.0,0.0,0.0,0.0,0.9375,0.046875,0.0,0.0
9,8,0.015625,0.0,0.0,0.0,0.0,0.0,0.0,0.0,0.9375,0.046875,0.0,0.0
9,8,0.015625,0.0,0.0,0.0,0.0,0.0,0.0,0.0,0.9375,0.046875,0.0,0.0
9,8,0.015625,0.0,0.0,0.0,0.0,0.0,0.0,0.0,0.9375,0.046875,0.0,0.0
9,8,0.015625,0.0,0.0,0.0,0.0,0.0,0.0,0.0,0.9375,0.046875,0.0,0.0
9,8,0.015625,0.0,0.0,0.0,0.0,0.0,0.0,0.0,0.9375,0.046875,0.0,0.0
9,8,0.015625,0.0,0.0,0.0,0.0,0.0,0.0,0.0,0.9375,0.046875,0.0,0.0
9,8,0.015625,0.0,0.0,0.0,0.0,0.0,0.0,0.0,0.9375,0.046875,0.0,0.0
9,8,0.015625,0.0,0.0,0.0,0.0,0.0,0.0,0.0,0.9375,0.046875,0.0,0.0
9,8,0.015625,0.0,0.0,0.0,0.0,0.0,0.0,0.0,0.9375,0.046875,0.0,0.0
9,8,0.015625,0.0,0.0,0.0,0.0,0.0,0.0,0.0,0.9375,0.046875,0.0,0.0
9,8,0.015625,0.0,0.0,0.0,0.0,0.0,0.0,0.0,0.9375,0.046875,0.0,0.0
9,8,0.015625,0.0,0.0,0.0,0.0,0.0,0.0,0.0,0.9375,0.046875,0.0,0.0
9,8,0.015625,0.0,0.0,0.0,0.0,0.0,0.0,0.0,0.9375,0.046875,0.0,0.0
9,8,0.015625,0.0,0.0,0.0,0.0,0.0,0.0,0.0,0.9375,0.046875,0.0,0.0
9,8,0.015625,0.0,0.0,0.0,0.0,0.0,0.0,0.0,0.9375,0.046875,0.0,0.0
9,8,0.015625,0.0,0.0,0.0,0.0,0.0,0.0,0.0,0.9375,0.046875,0.0,0.0
9,8,0.015625,0.0,0.0,0.0,0.0,0.0,0.0,0.0,0.9375,0.046875,0.0,0.0
9,8,0.015625,0.0,0.0,0.0,0.0,0.0,0.0,0.0,0.9375,0.046875,0.0,0.0
9,8,0.015625,0.0,0.0,0.0,0.0,0.0,0.0,0.0,0.9375,0.046875,0.0,0.0
9,8,0.015625,0.0,0.0,0.0,0.0,0.0,0.0,0.0,0.953125,0.03125,0.0,0.0
9,8,0.015625,0.0,0.0,0.0,0.0,0.0,0.0,0.0,0.953125,0.03125,0.0,0.0
9,8,0.015625,0.0,0.0,0.0,0.0,0.0,0.0,0.0,0.953125,0.03125,0.0,0.0
9,8,0.015625,0.0,0.0,0.0,0.0,0.0,0.0,0.0,0.953125,0.03125,0.0,0.0
9,8,0.015625,0.0,0.0,0.0,0.0,0.0,0.0,0.0,0.953125,0.03125,0.0,0.0
9,8,0.015625,0.0,0.0,0.0,0.0,0.0,0.0,0.0,0.953125,0.03125,0.0,0.0
9,8,0.015625,0.0,0.0,0.0,0.0,0.0,0.0,0.0,0.953125,0.03125,0.0,0.0
9,8,0.015625,0.0,0.0,0.0,0.0,0.0,0.0,0.0,0.953125,0.03125,0.0,0.0
9,8,0.015625,0.0,0.0,0.0,0.0,0.0,0.0,0.0,0.953125,0.03125,0.0,0.0
9,8,0.015625,0.0,0.0,0.0,0.0,0.0,0.0,0.0,0.953125,0.03125,0.0,0.0
9,8,0.015625,0.0,0.0,0.0,0.0,0.0,0.0,0.0,0.953125,0.03125,0.0,0.0
9,8,0.015625,0.0,0.0,0.0,0.0,0.0,0.0,0.0,0.953125,0.03125,0.0,0.0
9,8,0.015625,0.0,0.015625,0.0,0.0,0.0,0.0,0.0,0.9375,0.03125,0.0,0.0
9,8,0.015625,0.0,0.015625,0.0,0.0,0.0,0.0,0.0,0.9375,0.03125,0.0,0.0
9,8,0.015625,0.0,0.015625,0.0,0.0,0.0,0.0,0.0,0.9375,0.03125,0.0,0.0
9,8,0.015625,0.0,0.015625,0.0,0.0,0.0,0.0,0.0,0.9375,0.03125,0.0,0.0
9,8,0.015625,0.0,0.015625,0.0,0.0,0.0,0.0,0.0,0.9375,0.03125,0.0,0.0
9,8,0.015625,0.0,0.015625,0.0,0.0,0.0,0.0,0.0,0.9375,0.03125,0.0,0.0
9,8,0.015625,0.0,0.015625,0.0,0.0,0.0,0.0,0.0,0.9375,0.03125,0.0,0.0
9,8,0.015625,0.0,0.015625,0.0,0.0,0.0,0.0,0.0,0.9375,0.03125,0.0,0.0
9,8,0.015625,0.0,0.015625,0.0,0.0,0.0,0.0,0.0,0.9375,0.03125,0.0,0.0
9,8,0.015625,0.0,0.015625,0.0,0.0,0.0,0.0,0.0,0.9375,0.03125,0.0,0.0
9,8,0.015625,0.0,0.015625,0.0,0.0,0.0,0.0,0.0,0.9375,0.03125,0.0,0.0
9,8,0.015625,0.0,0.015625,0.0,0.0,0.0,0.0,0.0,0.9375,0.03125,0.0,0.0
9,8,0.015625,0.0,0.015625,0.0,0.0,0.0,0.0,0.0,0.9375,0.03125,0.0,0.0
9,8,0.015625,0.0,0.015625,0.0,0.0,0.0,0.0,0.0,0.9375,0.03125,0.0,0.0
9,8,0.015625,0.0,0.015625,0.0,0.0,0.0,0.0,0.0,0.9375,0.03125,0.0,0.0
9,8,0.015625,0.0,0.015625,0.0,0.0,0.0,0.0,0.0,0.9375,0.03125,0.0,0.0
9,8,0.015625,0.0,0.015625,0.0,0.0,0.0,0.0,0.0,0.9375,0.03125,0.0,0.0
9,8,0.015625,0.0,0.015625,0.0,0.0,0.0,0.0,0.0,0.9375,0.03125,0.0,0.0
9,8,0.015625,0.0,0.015625,0.0,0.0,0.0,0.0,0.0,0.9375,0.03125,0.0,0.0
9,8,0.015625,0.0,0.015625,0.0,0.0,0.0,0.0,0.0,0.9375,0.03125,0.0,0.0
9,8,0.015625,0.0,0.015625,0.0,0.0,0.0,0.0,0.0,0.9375,0.03125,0.0,0.0
9,8,0.015625,0.0,0.015625,0.0,0.0,0.0,0.0,0.0,0.9375,0.03125,0.0,0.0
9,8,0.015625,0.0,0.015625,0.0,0.0,0.0,0.0,0.0,0.9375,0.03125,0.0,0.0
9,8,0.015625,0.0,0.015625,0.0,0.0,0.0,0.0,0.0,0.9375,0.03125,0.0,0.0
9,8,0.015625,0.0,0.015625,0.0,0.0,0.0,0.0,0.0,0.9375,0.03125,0.0,0.0
9,8,0.015625,0.0,0.015625,0.0,0.0,0.0,0.0,0.0,0.9375,0.03125,0.0,0.0
9,8,0.015625,0.0,0.015625,0.0,0.0,0.0,0.0,0.0,0.9375,0.03125,0.0,0.0
9,8,0.015625,0.0,0.015625,0.0,0.0,0.0,0.0,0.0,0.9375,0.03125,0.0,0.0
9,8,0.015625,0.0,0.015625,0.0,0.0,0.0,0.0,0.0,0.9375,0.03125,0.0,0.0
9,8,0.015625,0.0,0.015625,0.0,0.0,0.0,0.0,0.0,0.9375,0.03125,0.0,0.0
9,8,0.015625,0.0,0.015625,0.0,0.0,0.0,0.0,0.0,0.9375,0.03125,0.0,0.0
9,8,0.015625,0.0,0.015625,0.0,0.0,0.0,0.0,0.0,0.9375,0.03125,0.0,0.0
9,8,0.015625,0.0,0.015625,0.0,0.0,0.0,0.0,0.0,0.9375,0.03125,0.0,0.0
9,8,0.015625,0.0,0.015625,0.0,0.0,0.0,0.0,0.0,0.9375,0.03125,0.0,0.0
9,8,0.015625,0.0,0.015625,0.0,0.0,0.0,0.0,0.0,0.9375,0.03125,0.0,0.0
9,8,0.015625,0.0,0.015625,0.0,0.0,0.0,0.0,0.0,0.9375,0.03125,0.0,0.0
9,8,0.015625,0.0,0.015625,0.0,0.0,0.0,0.0,0.0,0.9375,0.03125,0.0,0.0
9,8,0.015625,0.0,0.015625,0.0,0.0,0.0,0.0,0.0,0.9375,0.03125,0.0,0.0
9,8,0.015625,0.0,0.015625,0.0,0.0,0.0,0.0,0.0,0.9375,0.03125,0.0,0.0
9,8,0.015625,0.0,0.015625,0.0,0.0,0.0,0.0,0.0,0.9375,0.03125,0.0,0.0
9,8,0.015625,0.0,0.015625,0.0,0.0,0.0,0.0,0.0,0.9375,0.03125,0.0,0.0
9,8,0.015625,0.0,0.015625,0.0,0.0,0.0,0.0,0.0,0.9375,0.03125,0.0,0.0
9,8,0.015625,0.0,0.015625,0.0,0.0,0.0,0.0,0.0,0.9375,0.03125,0.0,0.0
9,8,0.015625,0.0,0.015625,0.0,0.0,0.0,0.0,0.0,0.9375,0.03125,0.0,0.0
9,8,0.015625,0.0,0.015625,0.0,0.0,0.0,0.0,0.0,0.9375,0.03125,0.0,0.0
9,8,0.015625,0.0,0.015625,0.0,0.0,0.0,0.0,0.0,0.9375,0.03125,0.0,0.0
9,8,0.015625,0.0,0.015625,0.0,0.0,0.0,0.0,0.0,0.9375,0.03125,0.0,0.0
9,8,0.015625,0.0,0.015625,0.0,0.0,0.0,0.0,0.0,0.9375,0.03125,0.0,0.0
9,8,0.015625,0.0,0.015625,0.0,0.0,0.0,0.0,0.0,0.9375,0.03125,0.0,0.0
9,8,0.015625,0.0,0.015625,0.0,0.0,0.0,0.0,0.0,0.9375,0.03125,0.0,0.0
9,8,0.015625,0.0,0.015625,0.0,0.0,0.0,0.0,0.0,0.9375,0.03125,0.0,0.0
9,8,0.015625,0.0,0.015625,0.0,0.0,0.0,0.0,0.0,0.9375,0.03125,0.0,0.0
9,8,0.015625,0.0,0.015625,0.0,0.0,0.0,0.0,0.0,0.9375,0.03125,0.0,0.0
9,8,0.015625,0.0,0.015625,0.0,0.0,0.0,0.0,0.0,0.9375,0.03125,0.0,0.0
9,8,0.015625,0.0,0.015625,0.0,0.0,0.0,0.0,0.0,0.9375,0.03125,0.0,0.0
9,8,0.015625,0.0,0.015625,0.0,0.0,0.0,0.0,0.0,0.9375,0.03125,0.0,0.0
9,8,0.015625,0.0,0.015625,0.0,0.0,0.0,0.0,0.0,0.9375,0.03125,0.0,0.0
9,8,0.015625,0.0,0.015625,0.0,0.0,0.0,0.0,0.0,0.9375,0.03125,0.0,0.0
9,8,0.015625,0.0,0.015625,0.0,0.0,0.0,0.0,0.0,0.9375,0.03125,0.0,0.0
9,8,0.015625,0.0,0.015625,0.0,0.0,0.0,0.0,0.0,0.9375,0.03125,0.0,0.0
9,8,0.015625,0.0,0.015625,0.0,0.0,0.0,0.0,0.0,0.9375,0.03125,0.0,0.0
9,8,0.015625,0.0,0.015625,0.0,0.0,0.0,0.0,0.0,0.9375,0.03125,0.0,0.0
9,8,0.015625,0.0,0.015625,0.0,0.0,0.0,0.0,0.0,0.9375,0.03125,0.0,0.0
9,8,0.015625,0.0,0.015625,0.0,0.0,0.0,0.0,0.0,0.9375,0.03125,0.0,0.0
9,8,0.015625,0.0,0.015625,0.0,0.0,0.0,0.0,0.0,0.9375,0.03125,0.0,0.0
9,8,0.015625,0.0,0.015625,0.0,0.0,0.0,0.0,0.0,0.9375,0.03125,0.0,0.0
9,8,0.015625,0.0,0.015625,0.0,0.0,0.0,0.0,0.0,0.9375,0.03125,0.0,0.0
9,8,0.015625,0.0,0.015625,0.0,0.0,0.0,0.0,0.0,0.9375,0.03125,0.0,0.0
9,8,0.015625,0.0,0.015625,0.0,0.0,0.0,0.0,0.0,0.9375,0.03125,0.0,0.0
9,8,0.015625,0.0,0.015625,0.0,0.0,0.0,0.0,0.0,0.9375,0.03125,0.0,0.0
9,8,0.015625,0.0,0.015625,0.0,0.0,0.0,0.0,0.0,0.9375,0.03125,0.0,0.0
9,8,0.015625,0.0,0.015625,0.0,0.0,0.0,0.0,0.0,0.9375,0.03125,0.0,0.0
9,8,0.015625,0.0,0.015625,0.0,0.0,0.0,0.0,0.0,0.9375,0.03125,0.0,0.0
9,8,0.015625,0.0,0.015625,0.0,0.0,0.0,0.0,0.0,0.9375,0.03125,0.0,0.0
9,8,0.015625,0.0,0.015625,0.0,0.0,0.0,0.0,0.0,0.9375,0.03125,0.0,0.0
9,8,0.015625,0.0,0.015625,0.0,0.0,0.0,0.0,0.0,0.9375,0.03125,0.0,0.0
9,8,0.015625,0.0,0.015625,0.0,0.0,0.0,0.0,0.0,0.9375,0.03125,0.0,0.0
9,8,0.015625,0.0,0.015625,0.0,0.0,0.0,0.0,0.0,0.9375,0.03125,0.0,0.0
9,8,0.015625,0.0,0.015625,0.0,0.0,0.0,0.0,0.0,0.9375,0.03125,0.0,0.0
9,8,0.015625,0.0,0.015625,0.0,0.0,0.0,0.0,0.0,0.9375,0.03125,0.0,0.0
9,8,0.015625,0.0,0.015625,0.0,0.0,0.0,0.0,0.0,0.9375,0.03125,0.0,0.0
9,8,0.015625,0.0,0.015625,0.0,0.0,0.0,0.0,0.0,0.9375,0.03125,0.0,0.0
9,8,0.015625,0.0,0.015625,0.0,0.0,0.0,0.0,0.0,0.9375,0.03125,0.0,0.0
9,8,0.015625,0.0,0.015625,0.0,0.0,0.0,0.0,0.0,0.9375,0.03125,0.0,0.0
9,8,0.015625,0.0,0.015625,0.0,0.0,0.0,0.0,0.0,0.953125,0.015625,0.0,0.0
9,8,0.015625,0.0,0.015625,0.0,0.0,0.0,0.0,0.0,0.953125,0.015625,0.0,0.0
9,8,0.015625,0.0,0.015625,0.0,0.0,0.0,0.0,0.0,0.953125,0.015625,0.0,0.0
9,8,0.015625,0.0,0.015625,0.0,0.0,0.0,0.0,0.0,0.953125,0.015625,0.0,0.0
9,8,0.015625,0.0,0.015625,0.0,0.0,0.0,0.0,0.0,0.953125,0.015625,0.0,0.0
9,8,0.015625,0.0,0.015625,0.0,0.0,0.0,0.0,0.0,0.953125,0.015625,0.0,0.0
9,8,0.015625,0.0,0.015625,0.0,0.0,0.0,0.0,0.0,0.953125,0.015625,0.0,0.0
9,8,0.015625,0.0,0.015625,0.0,0.0,0.0,0.0,0.0,0.953125,0.015625,0.0,0.0
9,8,0.015625,0.0,0.015625,0.0,0.0,0.0,0.0,0.0,0.953125,0.015625,0.0,0.0
9,8,0.015625,0.0,0.015625,0.0,0.0,0.0,0.0,0.0,0.953125,0.015625,0.0,0.0
9,8,0.015625,0.0,0.015625,0.0,0.0,0.0,0.0,0.0,0.953125,0.015625,0.0,0.0
9,8,0.015625,0.0,0.015625,0.0,0.0,0.0,0.0,0.0,0.953125,0.015625,0.0,0.0
9,8,0.015625,0.0,0.015625,0.0,0.0,0.0,0.0,0.0,0.953125,0.015625,0.0,0.0
9,8,0.015625,0.0,0.015625,0.0,0.0,0.0,0.0,0.0,0.953125,0.015625,0.0,0.0
9,8,0.015625,0.0,0.015625,0.0,0.0,0.0,0.0,0.0,0.953125,0.015625,0.0,0.0
9,8,0.015625,0.0,0.015625,0.0,0.0,0.0,0.0,0.0,0.953125,0.015625,0.0,0.0
9,8,0.015625,0.0,0.015625,0.0,0.0,0.0,0.0,0.0,0.9375,0.03125,0.0,0.0
9,8,0.015625,0.0,0.015625,0.0,0.0,0.0,0.0,0.0,0.9375,0.03125,0.0,0.0
9,8,0.015625,0.0,0.015625,0.0,0.0,0.0,0.0,0.0,0.9375,0.03125,0.0,0.0
9,8,0.015625,0.0,0.015625,0.0,0.0,0.0,0.0,0.0,0.9375,0.03125,0.0,0.0
9,8,0.015625,0.0,0.015625,0.0,0.0,0.0,0.0,0.0,0.9375,0.03125,0.0,0.0
9,8,0.015625,0.0,0.015625,0.0,0.0,0.0,0.0,0.0,0.9375,0.03125,0.0,0.0
9,8,0.015625,0.0,0.015625,0.0,0.0,0.0,0.0,0.0,0.9375,0.03125,0.0,0.0
9,8,0.015625,0.0,0.015625,0.0,0.0,0.0,0.0,0.0,0.9375,0.03125,0.0,0.0
9,8,0.015625,0.0,0.015625,0.0,0.0,0.0,0.0,0.0,0.921875,0.03125,0.0,0.015625
9,8,0.015625,0.0,0.015625,0.0,0.0,0.0,0.0,0.0,0.921875,0.03125,0.0,0.015625
9,8,0.015625,0.0,0.015625,0.0,0.0,0.0,0.0,0.0,0.921875,0.03125,0.0,0.015625
9,8,0.015625,0.0,0.015625,0.0,0.0,0.0,0.0,0.0,0.921875,0.03125,0.0,0.015625
9,8,0.015625,0.0,0.015625,0.0,0.0,0.0,0.0,0.0,0.921875,0.03125,0.0,0.015625
9,8,0.015625,0.0,0.015625,0.0,0.0,0.0,0.0,0.0,0.921875,0.03125,0.0,0.015625
9,8,0.015625,0.0,0.015625,0.0,0.0,0.0,0.0,0.0,0.921875,0.03125,0.0,0.015625
9,8,0.015625,0.0,0.015625,0.0,0.0,0.0,0.0,0.0,0.921875,0.03125,0.0,0.015625
9,8,0.015625,0.0,0.015625,0.0,0.0,0.0,0.0,0.0,0.921875,0.03125,0.0,0.015625
9,8,0.015625,0.0,0.015625,0.0,0.0,0.0,0.0,0.0,0.921875,0.03125,0.0,0.015625
9,8,0.015625,0.0,0.015625,0.0,0.0,0.0,0.0,0.0,0.921875,0.03125,0.0,0.015625
9,8,0.015625,0.0,0.015625,0.0,0.0,0.0,0.0,0.0,0.921875,0.03125,0.0,0.015625
9,8,0.015625,0.0,0.015625,0.0,0.0,0.0,0.0,0.0,0.921875,0.03125,0.0,0.015625
9,8,0.015625,0.0,0.015625,0.0,0.0,0.0,0.0,0.0,0.921875,0.03125,0.0,0.015625
9,8,0.015625,0.0,0.015625,0.0,0.0,0.0,0.0,0.0,0.921875,0.03125,0.0,0.015625
9,8,0.015625,0.0,0.015625,0.0,0.0,0.0,0.0,0.0,0.921875,0.03125,0.0,0.015625
9,8,0.015625,0.0,0.015625,0.0,0.0,0.0,0.0,0.0,0.921875,0.03125,0.0,0.015625
9,8,0.015625,0.0,0.015625,0.0,0.0,0.0,0.0,0.0,0.921875,0.03125,0.0,0.015625
9,8,0.015625,0.0,0.015625,0.0,0.0,0.0,0.0,0.0,0.921875,0.03125,0.0,0.015625
9,8,0.015625,0.0,0.015625,0.0,0.0,0.0,0.0,0.0,0.921875,0.03125,0.0,0.015625
9,8,0.015625,0.0,0.015625,0.0,0.0,0.0,0.0,0.0,0.921875,0.03125,0.0,0.015625
9,8,0.015625,0.0,0.015625,0.0,0.0,0.0,0.0,0.0,0.921875,0.03125,0.0,0.015625
9,8,0.015625,0.0,0.015625,0.0,0.0,0.0,0.0,0.0,0.921875,0.03125,0.0,0.015625
9,8,0.015625,0.0,0.015625,0.0,0.0,0.0,0.0,0.0,0.921875,0.03125,0.0,0.015625
9,8,0.015625,0.0,0.015625,0.0,0.0,0.0,0.0,0.0,0.90625,0.046875,0.0,0.015625
9,8,0.015625,0.0,0.015625,0.0,0.0,0.0,0.0,0.0,0.890625,0.046875,0.0,0.03125
9,8,0.015625,0.0,0.015625,0.0,0.0,0.0,0.0,0.0,0.890625,0.046875,0.0,0.03125
9,8,0.015625,0.0,0.015625,0.0,0.0,0.0,0.0,0.0,0.890625,0.046875,0.0,0.03125
9,8,0.015625,0.0,0.015625,0.0,0.0,0.0,0.0,0.0,0.890625,0.046875,0.0,0.03125
9,8,0.015625,0.0,0.015625,0.0,0.0,0.0,0.0,0.0,0.890625,0.046875,0.0,0.03125
9,8,0.015625,0.0,0.015625,0.0,0.0,0.0,0.0,0.0,0.890625,0.046875,0.0,0.03125
9,8,0.015625,0.0,0.015625,0.0,0.0,0.0,0.0,0.0,0.890625,0.046875,0.0,0.03125
9,8,0.015625,0.0,0.015625,0.0,0.0,0.0,0.0,0.0,0.890625,0.046875,0.0,0.03125
9,8,0.015625,0.0,0.015625,0.0,0.0,0.0,0.0,0.0,0.890625,0.046875,0.0,0.03125
9,8,0.015625,0.0,0.015625,0.0,0.0,0.0,0.0,0.0,0.890625,0.046875,0.0,0.03125
9,8,0.015625,0.0,0.015625,0.0,0.0,0.0,0.0,0.0,0.890625,0.046875,0.0,0.03125
9,8,0.015625,0.0,0.015625,0.0,0.0,0.0,0.0,0.0,0.890625,0.046875,0.0,0.03125
9,8,0.015625,0.0,0.015625,0.0,0.0,0.0,0.0,0.0,0.890625,0.046875,0.0,0.03125
9,8,0.015625,0.0,0.015625,0.0,0.0,0.0,0.0,0.0,0.890625,0.046875,0.0,0.03125
9,8,0.015625,0.0,0.015625,0.0,0.0,0.0,0.0,0.0,0.890625,0.046875,0.0,0.03125
9,8,0.015625,0.0,0.015625,0.0,0.0,0.0,0.0,0.0,0.890625,0.046875,0.0,0.03125
9,8,0.015625,0.0,0.015625,0.0,0.0,0.0,0.0,0.0,0.890625,0.046875,0.0,0.03125
9,8,0.015625,0.0,0.015625,0.0,0.0,0.0,0.0,0.0,0.890625,0.046875,0.0,0.03125
9,8,0.015625,0.0,0.015625,0.0,0.0,0.0,0.0,0.0,0.890625,0.046875,0.0,0.03125
9,8,0.03125,0.0,0.015625,0.0,0.0,0.0,0.0,0.0,0.875,0.046875,0.0,0.03125
9,8,0.03125,0.0,0.015625,0.0,0.0,0.0,0.0,0.0,0.875,0.046875,0.0,0.03125
9,8,0.03125,0.0,0.015625,0.0,0.0,0.0,0.0,0.0,0.875,0.046875,0.0,0.03125
9,8,0.03125,0.0,0.015625,0.0,0.0,0.0,0.0,0.0,0.875,0.046875,0.0,0.03125
9,8,0.03125,0.0,0.015625,0.0,0.0,0.0,0.0,0.0,0.859375,0.0625,0.0,0.03125
9,8,0.03125,0.0,0.015625,0.0,0.0,0.0,0.0,0.0,0.859375,0.0625,0.0,0.03125
9,8,0.03125,0.0,0.015625,0.0,0.0,0.0,0.0,0.0,0.859375,0.0625,0.0,0.03125
9,8,0.03125,0.0,0.015625,0.0,0.0,0.0,0.0,0.0,0.859375,0.0625,0.0,0.03125
9,8,0.03125,0.0,0.015625,0.0,0.0,0.0,0.0,0.0,0.859375,0.0625,0.0,0.03125
9,8,0.03125,0.0,0.015625,0.0,0.0,0.0,0.0,0.0,0.859375,0.0625,0.0,0.03125
9,8,0.03125,0.0,0.015625,0.0,0.0,0.0,0.0,0.0,0.859375,0.0625,0.0,0.03125
9,8,0.03125,0.0,0.015625,0.0,0.0,0.0,0.0,0.0,0.859375,0.0625,0.0,0.03125
9,8,0.031746034,0.0,0.015873017,0.0,0.0,0.0,0.0,0.0,0.85714287,0.06349207,0.0,0.031746034
9,8,0.031746034,0.0,0.015873017,0.0,0.0,0.0,0.0,0.0,0.85714287,0.06349207,0.0,0.031746034
9,8,0.031746034,0.0,0.015873017,0.0,0.0,0.0,0.0,0.0,0.85714287,0.06349207,0.0,0.031746034
9,8,0.031746034,0.0,0.015873017,0.0,0.0,0.0,0.0,0.0,0.85714287,0.06349207,0.0,0.031746034
9,8,0.032258064,0.0,0.016129032,0.0,0.0,0.0,0.0,0.0,0.83870965,0.06451613,0.016129032,0.032258064
9,8,0.032258064,0.0,0.016129032,0.0,0.0,0.0,0.0,0.0,0.83870965,0.06451613,0.016129032,0.032258064
9,8,0.032258064,0.0,0.016129032,0.0,0.0,0.0,0.0,0.0,0.83870965,0.06451613,0.016129032,0.032258064
9,8,0.032258064,0.0,0.016129032,0.0,0.0,0.0,0.0,0.0,0.83870965,0.06451613,0.016129032,0.032258064
9,8,0.032258064,0.0,0.016129032,0.0,0.0,0.0,0.0,0.0,0.83870965,0.06451613,0.016129032,0.032258064
9,8,0.032258064,0.0,0.016129032,0.0,0.0,0.0,0.0,0.0,0.83870965,0.06451613,0.016129032,0.032258064
9,8,0.032258064,0.0,0.016129032,0.0,0.0,0.0,0.0,0.0,0.83870965,0.06451613,0.016129032,0.032258064
9,8,0.032258064,0.0,0.016129032,0.0,0.0,0.0,0.0,0.0,0.83870965,0.06451613,0.016129032,0.032258064
9,8,0.032258064,0.0,0.016129032,0.0,0.0,0.0,0.0,0.0,0.83870965,0.06451613,0.016129032,0.032258064
9,8,0.032258064,0.0,0.016129032,0.0,0.0,0.0,0.0,0.0,0.83870965,0.06451613,0.016129032,0.032258064
9,8,0.032258064,0.0,0.016129032,0.0,0.0,0.0,0.0,0.0,0.83870965,0.06451613,0.016129032,0.032258064
9,8,0.032258064,0.0,0.016129032,0.0,0.0,0.0,0.0,0.0,0.83870965,0.06451613,0.016129032,0.032258064
9,8,0.032258064,0.0,0.016129032,0.0,0.0,0.0,0.0,0.0,0.83870965,0.06451613,0.032258064,0.016129032
9,8,0.032258064,0.0,0.016129032,0.0,0.0,0.0,0.0,0.0,0.83870965,0.06451613,0.032258064,0.016129032
9,8,0.032258064,0.0,0.016129032,0.0,0.0,0.0,0.0,0.0,0.83870965,0.06451613,0.032258064,0.016129032
9,8,0.032258064,0.0,0.016129032,0.0,0.0,0.0,0.0,0.0,0.83870965,0.06451613,0.032258064,0.016129032
9,8,0.032258064,0.0,0.016129032,0.0,0.0,0.0,0.0,0.0,0.83870965,0.06451613,0.032258064,0.016129032
9,8,0.032258064,0.0,0.016129032,0.0,0.0,0.0,0.0,0.0,0.83870965,0.06451613,0.032258064,0.016129032
9,8,0.032258064,0.0,0.016129032,0.0,0.0,0.0,0.0,0.0,0.83870965,0.06451613,0.032258064,0.016129032
9,8,0.032258064,0.0,0.016129032,0.0,0.0,0.0,0.0,0.0,0.83870965,0.06451613,0.032258064,0.016129032
9,8,0.032258064,0.0,0.016129032,0.0,0.0,0.0,0.0,0.0,0.83870965,0.06451613,0.032258064,0.016129032
9,8,0.032258064,0.0,0.016129032,0.0,0.0,0.0,0.0,0.0,0.83870965,0.06451613,0.032258064,0.016129032
9,8,0.032258064,0.0,0.016129032,0.0,0.0,0.0,0.0,0.0,0.83870965,0.06451613,0.032258064,0.016129032
9,8,0.032258064,0.0,0.016129032,0.0,0.0,0.0,0.0,0.0,0.83870965,0.06451613,0.032258064,0.016129032
9,8,0.032258064,0.0,0.016129032,0.0,0.0,0.0,0.0,0.0,0.83870965,0.06451613,0.032258064,0.016129032
9,8,0.032258064,0.0,0.016129032,0.0,0.0,0.0,0.0,0.0,0.83870965,0.06451613,0.032258064,0.016129032
9,8,0.032258064,0.0,0.016129032,0.0,0.0,0.0,0.0,0.0,0.83870965,0.06451613,0.032258064,0.016129032
9,8,0.032258064,0.0,0.016129032,0.0,0.0,0.0,0.0,0.0,0.83870965,0.06451613,0.032258064,0.016129032
9,8,0.032258064,0.0,0.016129032,0.0,0.0,0.0,0.0,0.0,0.83870965,0.06451613,0.032258064,0.016129032
9,8,0.032258064,0.0,0.016129032,0.0,0.0,0.0,0.0,0.0,0.83870965,0.06451613,0.032258064,0.016129032
9,8,0.032258064,0.0,0.016129032,0.0,0.0,0.0,0.0,0.0,0.83870965,0.06451613,0.032258064,0.016129032
9,8,0.032258064,0.0,0.016129032,0.0,0.0,0.0,0.0,0.0,0.83870965,0.06451613,0.032258064,0.016129032
9,8,0.032258064,0.0,0.016129032,0.0,0.0,0.0,0.0,0.0,0.83870965,0.06451613,0.032258064,0.016129032
9,8,0.032258064,0.0,0.016129032,0.0,0.0,0.0,0.0,0.0,0.83870965,0.06451613,0.032258064,0.016129032
9,8,0.032258064,0.0,0.016129032,0.0,0.0,0.0,0.0,0.0,0.83870965,0.06451613,0.032258064,0.016129032
9,8,0.032258064,0.0,0.016129032,0.0,0.0,0.0,0.0,0.0,0.83870965,0.06451613,0.032258064,0.016129032
9,8,0.032786883,0.0,0.016393442,0.0,0.0,0.0,0.0,0.0,0.8360656,0.06557377,0.032786883,0.016393442
9,8,0.032786883,0.0,0.016393442,0.0,0.0,0.0,0.0,0.0,0.8360656,0.06557377,0.032786883,0.016393442
9,8,0.032786883,0.0,0.016393442,0.0,0.0,0.0,0.0,0.0,0.8360656,0.06557377,0.032786883,0.016393442
9,8,0.032786883,0.0,0.016393442,0.0,0.0,0.0,0.0,0.0,0.8360656,0.06557377,0.032786883,0.016393442
9,8,0.032786883,0.0,0.016393442,0.0,0.0,0.0,0.0,0.0,0.8360656,0.06557377,0.032786883,0.016393442
9,8,0.032786883,0.0,0.016393442,0.0,0.0,0.0,0.0,0.0,0.8360656,0.06557377,0.032786883,0.016393442
9,8,0.032786883,0.0,0.016393442,0.0,0.0,0.0,0.0,0.0,0.8360656,0.06557377,0.032786883,0.016393442
9,8,0.032786883,0.0,0.016393442,0.0,0.0,0.0,0.0,0.0,0.8360656,0.06557377,0.032786883,0.016393442
9,8,0.032786883,0.0,0.016393442,0.0,0.0,0.0,0.0,0.0,0.8360656,0.06557377,0.032786883,0.016393442
9,8,0.032786883,0.0,0.016393442,0.0,0.0,0.0,0.0,0.0,0.8360656,0.06557377,0.032786883,0.016393442
9,8,0.032786883,0.0,0.016393442,0.0,0.0,0.0,0.0,0.0,0.8360656,0.06557377,0.032786883,0.016393442
9,8,0.032786883,0.0,0.016393442,0.0,0.0,0.0,0.0,0.0,0.8360656,0.06557377,0.032786883,0.016393442
9,8,0.032786883,0.0,0.016393442,0.0,0.0,0.0,0.0,0.0,0.8360656,0.06557377,0.032786883,0.016393442
9,8,0.032786883,0.0,0.016393442,0.0,0.0,0.0,0.0,0.0,0.8360656,0.06557377,0.032786883,0.016393442
9,8,0.032786883,0.0,0.016393442,0.0,0.0,0.0,0.0,0.0,0.8360656,0.06557377,0.032786883,0.016393442
9,8,0.032786883,0.0,0.016393442,0.0,0.0,0.0,0.0,0.0,0.8360656,0.06557377,0.032786883,0.016393442
9,8,0.032786883,0.0,0.016393442,0.0,0.0,0.0,0.0,0.0,0.8360656,0.06557377,0.032786883,0.016393442
9,8,0.032786883,0.0,0.016393442,0.0,0.0,0.0,0.0,0.0,0.8360656,0.06557377,0.032786883,0.016393442
9,8,0.032786883,0.0,0.016393442,0.0,0.0,0.0,0.0,0.0,0.8360656,0.06557377,0.032786883,0.016393442
9,8,0.032786883,0.0,0.016393442,0.0,0.0,0.0,0.0,0.0,0.8360656,0.06557377,0.032786883,0.016393442
9,8,0.032786883,0.0,0.016393442,0.0,0.0,0.0,0.0,0.0,0.8360656,0.06557377,0.032786883,0.016393442
9,8,0.032786883,0.0,0.016393442,0.0,0.0,0.0,0.0,0.0,0.8360656,0.06557377,0.032786883,0.016393442
9,8,0.032786883,0.0,0.016393442,0.0,0.0,0.0,0.0,0.0,0.8360656,0.06557377,0.032786883,0.016393442
9,8,0.032786883,0.0,0.016393442,0.0,0.0,0.0,0.0,0.0,0.8360656,0.06557377,0.032786883,0.016393442
9,8,0.032786883,0.0,0.016393442,0.0,0.0,0.0,0.0,0.0,0.8360656,0.04918033,0.032786883,0.032786883
9,8,0.032786883,0.0,0.016393442,0.0,0.0,0.0,0.0,0.0,0.8360656,0.04918033,0.032786883,0.032786883
9,8,0.032786883,0.0,0.016393442,0.0,0.0,0.0,0.0,0.0,0.8360656,0.04918033,0.032786883,0.032786883
9,8,0.032786883,0.0,0.016393442,0.0,0.0,0.0,0.0,0.0,0.8360656,0.04918033,0.032786883,0.032786883
9,8,0.032786883,0.0,0.016393442,0.0,0.0,0.0,0.0,0.0,0.8360656,0.04918033,0.032786883,0.032786883
9,8,0.032786883,0.0,0.016393442,0.0,0.0,0.0,0.0,0.0,0.8360656,0.04918033,0.032786883,0.032786883
9,8,0.032786883,0.0,0.016393442,0.0,0.0,0.0,0.0,0.0,0.8360656,0.04918033,0.032786883,0.032786883
9,8,0.032786883,0.0,0.016393442,0.0,0.0,0.0,0.0,0.0,0.8360656,0.04918033,0.032786883,0.032786883
9,8,0.032786883,0.0,0.016393442,0.0,0.0,0.0,0.0,0.0,0.8360656,0.04918033,0.032786883,0.032786883
9,8,0.032786883,0.0,0.016393442,0.0,0.0,0.0,0.0,0.0,0.8360656,0.04918033,0.032786883,0.032786883
9,8,0.032786883,0.0,0.016393442,0.0,0.0,0.0,0.0,0.0,0.8360656,0.04918033,0.032786883,0.032786883
9,8,0.032786883,0.0,0.016393442,0.0,0.0,0.0,0.0,0.0,0.8360656,0.04918033,0.032786883,0.032786883
9,8,0.032786883,0.0,0.016393442,0.0,0.0,0.0,0.0,0.0,0.8360656,0.04918033,0.032786883,0.032786883
9,8,0.032786883,0.0,0.016393442,0.0,0.0,0.0,0.0,0.0,0.8360656,0.04918033,0.032786883,0.032786883
9,8,0.032786883,0.0,0.016393442,0.0,0.0,0.0,0.0,0.0,0.8360656,0.04918033,0.032786883,0.032786883
9,8,0.032786883,0.0,0.016393442,0.0,0.0,0.0,0.0,0.0,0.8360656,0.04918033,0.032786883,0.032786883
9,8,0.032786883,0.0,0.016393442,0.0,0.0,0.0,0.0,0.0,0.8360656,0.04918033,0.032786883,0.032786883
9,8,0.032786883,0.0,0.016393442,0.0,0.0,0.0,0.0,0.0,0.8360656,0.04918033,0.032786883,0.032786883
9,8,0.032786883,0.0,0.016393442,0.0,0.0,0.0,0.0,0.0,0.8360656,0.04918033,0.032786883,0.032786883
9,8,0.032786883,0.0,0.016393442,0.0,0.0,0.0,0.0,0.0,0.8360656,0.04918033,0.032786883,0.032786883
9,8,0.032786883,0.0,0.016393442,0.0,0.0,0.0,0.0,0.0,0.8360656,0.04918033,0.032786883,0.032786883
9,8,0.032786883,0.0,0.016393442,0.0,0.0,0.0,0.0,0.0,0.8360656,0.04918033,0.032786883,0.032786883
9,8,0.032786883,0.0,0.016393442,0.0,0.0,0.0,0.0,0.0,0.8360656,0.04918033,0.032786883,0.032786883
9,8,0.032786883,0.0,0.016393442,0.0,0.0,0.0,0.0,0.0,0.8360656,0.04918033,0.032786883,0.032786883
9,8,0.032786883,0.0,0.016393442,0.0,0.0,0.0,0.0,0.0,0.8360656,0.04918033,0.032786883,0.032786883
9,8,0.032786883,0.0,0.016393442,0.0,0.0,0.0,0.0,0.0,0.8360656,0.04918033,0.032786883,0.032786883
9,8,0.032786883,0.0,0.016393442,0.0,0.0,0.0,0.0,0.0,0.8360656,0.04918033,0.032786883,0.032786883
9,8,0.032786883,0.0,0.016393442,0.0,0.0,0.0,0.0,0.0,0.8360656,0.04918033,0.032786883,0.032786883
9,8,0.032786883,0.0,0.016393442,0.0,0.0,0.0,0.0,0.0,0.8360656,0.04918033,0.032786883,0.032786883
9,8,0.032786883,0.0,0.016393442,0.0,0.0,0.0,0.0,0.0,0.8360656,0.04918033,0.032786883,0.032786883
9,8,0.032786883,0.0,0.016393442,0.0,0.0,0.0,0.0,0.0,0.8360656,0.04918033,0.032786883,0.032786883
9,8,0.032786883,0.0,0.016393442,0.0,0.0,0.0,0.0,0.0,0.8360656,0.04918033,0.032786883,0.032786883
9,8,0.032786883,0.0,0.016393442,0.0,0.0,0.0,0.0,0.0,0.8360656,0.04918033,0.032786883,0.032786883
9,8,0.032786883,0.0,0.016393442,0.0,0.0,0.0,0.0,0.0,0.8360656,0.04918033,0.032786883,0.032786883
9,8,0.032786883,0.0,0.016393442,0.0,0.0,0.0,0.0,0.0,0.8360656,0.04918033,0.032786883,0.032786883
9,8,0.032786883,0.0,0.016393442,0.0,0.0,0.0,0.0,0.0,0.8360656,0.04918033,0.032786883,0.032786883
9,8,0.032786883,0.0,0.016393442,0.0,0.0,0.0,0.0,0.0,0.8360656,0.04918033,0.032786883,0.032786883
9,8,0.032786883,0.0,0.016393442,0.0,0.0,0.0,0.0,0.0,0.8360656,0.04918033,0.032786883,0.032786883
9,8,0.032786883,0.0,0.016393442,0.0,0.0,0.0,0.0,0.0,0.8360656,0.04918033,0.032786883,0.032786883
9,8,0.032786883,0.0,0.016393442,0.0,0.0,0.0,0.0,0.0,0.8360656,0.04918033,0.032786883,0.032786883
9,8,0.032786883,0.0,0.016393442,0.0,0.0,0.0,0.0,0.0,0.8360656,0.04918033,0.032786883,0.032786883
9,8,0.032786883,0.0,0.016393442,0.0,0.0,0.0,0.0,0.0,0.8360656,0.04918033,0.032786883,0.032786883
9,8,0.032786883,0.0,0.016393442,0.0,0.0,0.0,0.0,0.0,0.8360656,0.04918033,0.032786883,0.032786883
9,8,0.032786883,0.0,0.016393442,0.0,0.0,0.0,0.0,0.0,0.8360656,0.04918033,0.032786883,0.032786883
9,8,0.032786883,0.0,0.016393442,0.0,0.0,0.0,0.0,0.0,0.8360656,0.04918033,0.032786883,0.032786883
9,8,0.032786883,0.0,0.016393442,0.0,0.0,0.0,0.0,0.0,0.8360656,0.04918033,0.032786883,0.032786883
9,8,0.032786883,0.0,0.016393442,0.0,0.0,0.0,0.0,0.0,0.8360656,0.04918033,0.032786883,0.032786883
9,8,0.032786883,0.0,0.016393442,0.0,0.0,0.0,0.0,0.0,0.8360656,0.04918033,0.032786883,0.032786883
9,8,0.032258064,0.0,0.016129032,0.0,0.0,0.0,0.0,0.0,0.83870965,0.048387095,0.032258064,0.032258064
9,8,0.032258064,0.0,0.016129032,0.0,0.0,0.0,0.0,0.0,0.83870965,0.048387095,0.032258064,0.032258064
9,8,0.032258064,0.0,0.016129032,0.0,0.0,0.0,0.0,0.0,0.83870965,0.048387095,0.032258064,0.032258064
9,8,0.032258064,0.0,0.016129032,0.0,0.0,0.0,0.0,0.0,0.83870965,0.048387095,0.032258064,0.032258064
9,8,0.032258064,0.0,0.016129032,0.0,0.0,0.0,0.0,0.0,0.83870965,0.048387095,0.032258064,0.032258064
9,8,0.032258064,0.0,0.016129032,0.0,0.0,0.0,0.0,0.0,0.83870965,0.048387095,0.032258064,0.032258064
9,8,0.032258064,0.0,0.016129032,0.0,0.0,0.0,0.0,0.0,0.83870965,0.048387095,0.032258064,0.032258064
9,8,0.032258064,0.0,0.016129032,0.0,0.0,0.0,0.0,0.0,0.83870965,0.048387095,0.032258064,0.032258064
9,8,0.032258064,0.0,0.016129032,0.0,0.0,0.0,0.0,0.0,0.83870965,0.048387095,0.032258064,0.032258064
9,8,0.032258064,0.0,0.016129032,0.0,0.0,0.0,0.0,0.0,0.83870965,0.048387095,0.032258064,0.032258064
9,8,0.032258064,0.0,0.016129032,0.0,0.0,0.0,0.0,0.0,0.83870965,0.048387095,0.032258064,0.032258064
9,8,0.032258064,0.0,0.016129032,0.0,0.0,0.0,0.0,0.0,0.83870965,0.048387095,0.032258064,0.032258064
9,8,0.032258064,0.0,0.016129032,0.0,0.0,0.0,0.0,0.0,0.83870965,0.048387095,0.032258064,0.032258064
9,8,0.032258064,0.0,0.016129032,0.0,0.0,0.0,0.0,0.0,0.83870965,0.048387095,0.032258064,0.032258064
9,8,0.032258064,0.0,0.016129032,0.0,0.0,0.0,0.0,0.0,0.83870965,0.048387095,0.032258064,0.032258064
9,8,0.032258064,0.0,0.016129032,0.0,0.0,0.0,0.0,0.0,0.83870965,0.048387095,0.032258064,0.032258064
9,8,0.032258064,0.0,0.016129032,0.0,0.0,0.0,0.0,0.0,0.83870965,0.048387095,0.032258064,0.032258064
9,8,0.032258064,0.0,0.016129032,0.0,0.0,0.0,0.0,0.0,0.83870965,0.048387095,0.032258064,0.032258064
9,8,0.032258064,0.0,0.016129032,0.0,0.0,0.0,0.0,0.0,0.83870965,0.048387095,0.032258064,0.032258064
9,8,0.032258064,0.0,0.016129032,0.0,0.0,0.0,0.0,0.0,0.83870965,0.048387095,0.032258064,0.032258064
9,8,0.032258064,0.0,0.016129032,0.0,0.0,0.0,0.0,0.0,0.83870965,0.048387095,0.032258064,0.032258064
9,8,0.032258064,0.0,0.016129032,0.0,0.0,0.0,0.0,0.0,0.83870965,0.048387095,0.032258064,0.032258064
9,8,0.032258064,0.0,0.016129032,0.0,0.0,0.0,0.0,0.0,0.83870965,0.048387095,0.032258064,0.032258064
9,8,0.032258064,0.0,0.016129032,0.0,0.0,0.0,0.0,0.0,0.83870965,0.048387095,0.032258064,0.032258064
9,8,0.032258064,0.0,0.016129032,0.0,0.0,0.0,0.0,0.0,0.83870965,0.048387095,0.032258064,0.032258064
9,8,0.032258064,0.0,0.016129032,0.0,0.0,0.0,0.0,0.0,0.83870965,0.048387095,0.032258064,0.032258064
9,8,0.032258064,0.0,0.016129032,0.0,0.0,0.0,0.0,0.0,0.83870965,0.048387095,0.032258064,0.032258064
9,8,0.032258064,0.0,0.016129032,0.0,0.0,0.0,0.0,0.0,0.83870965,0.048387095,0.032258064,0.032258064
9,8,0.032258064,0.0,0.016129032,0.0,0.0,0.0,0.0,0.0,0.83870965,0.048387095,0.032258064,0.032258064
9,8,0.032258064,0.0,0.016129032,0.0,0.0,0.0,0.0,0.0,0.83870965,0.048387095,0.032258064,0.032258064
9,8,0.032258064,0.0,0.016129032,0.0,0.0,0.0,0.0,0.0,0.83870965,0.048387095,0.032258064,0.032258064
9,8,0.032258064,0.0,0.016129032,0.0,0.0,0.0,0.0,0.0,0.83870965,0.048387095,0.032258064,0.032258064
9,8,0.031746034,0.0,0.015873017,0.0,0.0,0.0,0.0,0.0,0.84126985,0.04761905,0.031746034,0.031746034
9,8,0.031746034,0.0,0.015873017,0.0,0.0,0.0,0.0,0.0,0.84126985,0.04761905,0.031746034,0.031746034
9,8,0.031746034,0.0,0.015873017,0.0,0.0,0.0,0.0,0.0,0.84126985,0.04761905,0.031746034,0.031746034
9,8,0.031746034,0.0,0.015873017,0.0,0.0,0.0,0.0,0.0,0.84126985,0.04761905,0.031746034,0.031746034
9,8,0.031746034,0.0,0.015873017,0.0,0.0,0.0,0.0,0.0,0.84126985,0.04761905,0.031746034,0.031746034
9,8,0.031746034,0.0,0.015873017,0.0,0.0,0.0,0.0,0.0,0.84126985,0.04761905,0.031746034,0.031746034
9,8,0.031746034,0.0,0.015873017,0.0,0.0,0.0,0.0,0.0,0.84126985,0.04761905,0.031746034,0.031746034
9,8,0.031746034,0.0,0.015873017,0.0,0.0,0.0,0.0,0.0,0.84126985,0.04761905,0.031746034,0.031746034
9,8,0.031746034,0.0,0.015873017,0.0,0.0,0.0,0.0,0.0,0.84126985,0.04761905,0.031746034,0.031746034
9,8,0.031746034,0.0,0.015873017,0.0,0.0,0.0,0.0,0.0,0.84126985,0.04761905,0.031746034,0.031746034
9,8,0.031746034,0.0,0.015873017,0.0,0.0,0.0,0.0,0.0,0.84126985,0.04761905,0.031746034,0.031746034
9,8,0.031746034,0.0,0.015873017,0.0,0.0,0.0,0.0,0.0,0.84126985,0.04761905,0.031746034,0.031746034
9,8,0.031746034,0.0,0.015873017,0.0,0.0,0.0,0.0,0.0,0.84126985,0.04761905,0.031746034,0.031746034
9,8,0.031746034,0.0,0.015873017,0.0,0.0,0.0,0.0,0.0,0.84126985,0.04761905,0.031746034,0.031746034
9,8,0.031746034,0.0,0.015873017,0.0,0.0,0.0,0.0,0.0,0.84126985,0.04761905,0.031746034,0.031746034
9,8,0.031746034,0.0,0.015873017,0.0,0.0,0.0,0.0,0.0,0.84126985,0.04761905,0.031746034,0.031746034
9,8,0.031746034,0.0,0.015873017,0.0,0.0,0.0,0.0,0.0,0.84126985,0.04761905,0.031746034,0.031746034
9,8,0.031746034,0.0,0.015873017,0.0,0.0,0.0,0.0,0.0,0.84126985,0.04761905,0.031746034,0.031746034
9,8,0.031746034,0.0,0.015873017,0.0,0.0,0.0,0.0,0.0,0.84126985,0.04761905,0.031746034,0.031746034
9,8,0.031746034,0.0,0.015873017,0.0,0.0,0.0,0.0,0.0,0.84126985,0.04761905,0.031746034,0.031746034
9,8,0.031746034,0.0,0.015873017,0.0,0.0,0.0,0.0,0.0,0.84126985,0.04761905,0.031746034,0.031746034
9,8,0.031746034,0.0,0.015873017,0.0,0.0,0.0,0.0,0.0,0.84126985,0.04761905,0.031746034,0.031746034
9,8,0.031746034,0.0,0.015873017,0.0,0.0,0.0,0.0,0.0,0.84126985,0.04761905,0.031746034,0.031746034
9,8,0.031746034,0.0,0.015873017,0.0,0.0,0.0,0.0,0.0,0.84126985,0.04761905,0.031746034,0.031746034
9,8,0.031746034,0.0,0.015873017,0.0,0.0,0.0,0.0,0.0,0.84126985,0.04761905,0.031746034,0.031746034
9,8,0.031746034,0.0,0.015873017,0.0,0.0,0.0,0.0,0.0,0.84126985,0.04761905,0.031746034,0.031746034
9,8,0.031746034,0.0,0.015873017,0.0,0.0,0.0,0.0,0.0,0.84126985,0.04761905,0.031746034,0.031746034
9,8,0.031746034,0.0,0.015873017,0.0,0.0,0.0,0.0,0.0,0.84126985,0.04761905,0.031746034,0.031746034
9,8,0.031746034,0.0,0.015873017,0.0,0.0,0.0,0.0,0.0,0.84126985,0.04761905,0.031746034,0.031746034
9,8,0.031746034,0.0,0.015873017,0.0,0.0,0.0,0.0,0.0,0.84126985,0.04761905,0.031746034,0.031746034
9,8,0.031746034,0.0,0.015873017,0.0,0.0,0.0,0.0,0.0,0.84126985,0.04761905,0.031746034,0.031746034
9,8,0.031746034,0.0,0.015873017,0.0,0.0,0.0,0.0,0.0,0.84126985,0.04761905,0.031746034,0.031746034
9,8,0.031746034,0.0,0.015873017,0.0,0.0,0.0,0.0,0.0,0.84126985,0.04761905,0.031746034,0.031746034
9,8,0.031746034,0.0,0.015873017,0.0,0.0,0.0,0.0,0.0,0.84126985,0.04761905,0.031746034,0.031746034
9,8,0.031746034,0.0,0.015873017,0.0,0.0,0.0,0.0,0.0,0.84126985,0.04761905,0.031746034,0.031746034
9,8,0.031746034,0.0,0.015873017,0.0,0.0,0.0,0.0,0.0,0.84126985,0.04761905,0.031746034,0.031746034
9,8,0.031746034,0.0,0.015873017,0.0,0.0,0.0,0.0,0.0,0.84126985,0.04761905,0.031746034,0.031746034
9,8,0.031746034,0.0,0.015873017,0.0,0.0,0.0,0.0,0.0,0.84126985,0.04761905,0.031746034,0.031746034
9,8,0.031746034,0.0,0.015873017,0.0,0.0,0.0,0.0,0.0,0.84126985,0.04761905,0.031746034,0.031746034
9,8,0.031746034,0.0,0.015873017,0.0,0.0,0.0,0.0,0.0,0.84126985,0.04761905,0.031746034,0.031746034
9,8,0.031746034,0.0,0.015873017,0.0,0.0,0.0,0.0,0.0,0.8730159,0.04761905,0.0,0.031746034
9,8,0.031746034,0.0,0.015873017,0.0,0.0,0.0,0.0,0.0,0.8730159,0.04761905,0.0,0.031746034
9,8,0.031746034,0.0,0.015873017,0.0,0.0,0.0,0.0,0.0,0.8730159,0.04761905,0.0,0.031746034
9,8,0.031746034,0.0,0.015873017,0.0,0.0,0.0,0.0,0.0,0.8730159,0.04761905,0.0,0.031746034
9,8,0.031746034,0.0,0.015873017,0.0,0.0,0.0,0.0,0.0,0.8730159,0.04761905,0.0,0.031746034
9,8,0.015873017,0.0,0.015873017,0.0,0.0,0.0,0.0,0.0,0.8888889,0.04761905,0.0,0.031746034
9,8,0.015873017,0.0,0.015873017,0.0,0.0,0.0,0.0,0.0,0.8888889,0.04761905,0.0,0.031746034
9,8,0.015873017,0.0,0.015873017,0.0,0.0,0.0,0.0,0.0,0.8888889,0.04761905,0.0,0.031746034
9,8,0.015625,0.0,0.015625,0.0,0.0,0.0,0.0,0.0,0.890625,0.0625,0.0,0.015625
9,8,0.015625,0.0,0.015625,0.0,0.0,0.0,0.0,0.0,0.90625,0.0625,0.0,0.0
9,8,0.015625,0.0,0.015625,0.0,0.0,0.0,0.0,0.0,0.90625,0.0625,0.0,0.0
9,8,0.015625,0.0,0.015625,0.0,0.0,0.0,0.0,0.0,0.90625,0.0625,0.0,0.0
9,8,0.015625,0.0,0.015625,0.0,0.0,0.0,0.0,0.0,0.90625,0.0625,0.0,0.0
9,8,0.015625,0.0,0.015625,0.0,0.0,0.0,0.0,0.0,0.90625,0.0625,0.0,0.0
9,8,0.015625,0.0,0.015625,0.0,0.0,0.0,0.0,0.0,0.90625,0.0625,0.0,0.0
9,8,0.015625,0.0,0.015625,0.0,0.0,0.0,0.0,0.0,0.90625,0.0625,0.0,0.0
9,8,0.015625,0.0,0.015625,0.0,0.0,0.0,0.0,0.0,0.90625,0.0625,0.0,0.0
9,8,0.015625,0.0,0.015625,0.0,0.0,0.0,0.0,0.0,0.90625,0.0625,0.0,0.0
9,8,0.015625,0.0,0.015625,0.0,0.0,0.0,0.0,0.0,0.90625,0.0625,0.0,0.0
9,8,0.015625,0.0,0.015625,0.0,0.0,0.0,0.0,0.0,0.90625,0.0625,0.0,0.0
9,8,0.015625,0.0,0.015625,0.0,0.0,0.0,0.0,0.0,0.90625,0.0625,0.0,0.0
9,8,0.015625,0.0,0.015625,0.0,0.0,0.0,0.0,0.0,0.90625,0.0625,0.0,0.0
9,8,0.015625,0.0,0.015625,0.0,0.0,0.0,0.0,0.0,0.90625,0.0625,0.0,0.0
9,8,0.015625,0.0,0.015625,0.0,0.0,0.0,0.0,0.0,0.90625,0.0625,0.0,0.0
9,8,0.015625,0.0,0.015625,0.0,0.0,0.0,0.0,0.0,0.90625,0.0625,0.0,0.0
9,8,0.015625,0.0,0.015625,0.0,0.0,0.0,0.0,0.0,0.90625,0.0625,0.0,0.0
9,8,0.015625,0.0,0.015625,0.0,0.0,0.0,0.0,0.0,0.90625,0.0625,0.0,0.0
9,8,0.015625,0.0,0.015625,0.0,0.0,0.0,0.0,0.0,0.90625,0.0625,0.0,0.0
9,8,0.015625,0.0,0.015625,0.0,0.0,0.0,0.0,0.0,0.90625,0.0625,0.0,0.0
9,8,0.015625,0.0,0.015625,0.0,0.0,0.0,0.0,0.0,0.90625,0.0625,0.0,0.0
9,8,0.015625,0.0,0.015625,0.0,0.0,0.0,0.0,0.0,0.90625,0.0625,0.0,0.0
9,8,0.015625,0.0,0.015625,0.0,0.0,0.0,0.0,0.0,0.90625,0.0625,0.0,0.0
9,8,0.015625,0.0,0.015625,0.0,0.0,0.0,0.0,0.0,0.90625,0.0625,0.0,0.0
9,8,0.015625,0.0,0.015625,0.0,0.0,0.0,0.0,0.0,0.90625,0.0625,0.0,0.0
9,8,0.015625,0.0,0.015625,0.0,0.0,0.0,0.0,0.0,0.90625,0.0625,0.0,0.0
9,8,0.015625,0.0,0.015625,0.0,0.0,0.0,0.0,0.0,0.90625,0.0625,0.0,0.0
9,8,0.015625,0.0,0.015625,0.0,0.0,0.0,0.0,0.0,0.90625,0.0625,0.0,0.0
9,8,0.015625,0.0,0.015625,0.0,0.0,0.0,0.0,0.0,0.90625,0.0625,0.0,0.0
9,8,0.015625,0.0,0.015625,0.0,0.0,0.0,0.0,0.0,0.90625,0.0625,0.0,0.0
9,8,0.015625,0.0,0.015625,0.0,0.0,0.0,0.0,0.0,0.90625,0.0625,0.0,0.0
9,8,0.015625,0.0,0.015625,0.0,0.0,0.0,0.0,0.0,0.90625,0.0625,0.0,0.0
9,8,0.015625,0.0,0.015625,0.0,0.0,0.0,0.0,0.0,0.90625,0.0625,0.0,0.0
9,8,0.015625,0.0,0.015625,0.0,0.0,0.0,0.0,0.0,0.90625,0.0625,0.0,0.0
9,8,0.015625,0.0,0.015625,0.0,0.0,0.0,0.0,0.0,0.90625,0.0625,0.0,0.0
9,8,0.015625,0.0,0.015625,0.0,0.0,0.0,0.0,0.0,0.90625,0.0625,0.0,0.0
9,8,0.015625,0.0,0.015625,0.0,0.0,0.0,0.0,0.0,0.90625,0.0625,0.0,0.0
9,8,0.015625,0.0,0.015625,0.0,0.0,0.0,0.0,0.0,0.90625,0.0625,0.0,0.0
9,8,0.015625,0.0,0.015625,0.0,0.0,0.0,0.0,0.0,0.90625,0.0625,0.0,0.0
9,8,0.015625,0.0,0.015625,0.0,0.0,0.0,0.0,0.0,0.90625,0.0625,0.0,0.0
9,8,0.015625,0.0,0.015625,0.0,0.0,0.0,0.0,0.0,0.90625,0.0625,0.0,0.0
9,8,0.015625,0.0,0.015625,0.0,0.0,0.0,0.0,0.0,0.90625,0.0625,0.0,0.0
9,8,0.015625,0.0,0.015625,0.0,0.0,0.0,0.0,0.0,0.90625,0.0625,0.0,0.0
9,8,0.015625,0.0,0.015625,0.0,0.0,0.0,0.0,0.0,0.90625,0.0625,0.0,0.0
9,8,0.015625,0.0,0.015625,0.0,0.0,0.0,0.0,0.0,0.90625,0.0625,0.0,0.0
9,8,0.015625,0.0,0.015625,0.0,0.0,0.0,0.0,0.0,0.90625,0.0625,0.0,0.0
9,8,0.015625,0.0,0.015625,0.0,0.0,0.0,0.0,0.0,0.90625,0.0625,0.0,0.0
9,8,0.015625,0.0,0.015625,0.0,0.0,0.0,0.0,0.0,0.90625,0.0625,0.0,0.0
9,8,0.015625,0.0,0.015625,0.0,0.0,0.0,0.0,0.0,0.90625,0.0625,0.0,0.0
9,8,0.015625,0.0,0.015625,0.0,0.0,0.0,0.0,0.0,0.90625,0.0625,0.0,0.0
9,8,0.015625,0.0,0.015625,0.0,0.0,0.0,0.0,0.0,0.90625,0.0625,0.0,0.0
9,8,0.015625,0.0,0.015625,0.0,0.0,0.0,0.0,0.0,0.90625,0.0625,0.0,0.0
9,8,0.015625,0.0,0.015625,0.0,0.0,0.0,0.0,0.0,0.90625,0.0625,0.0,0.0
9,8,0.015625,0.0,0.015625,0.0,0.0,0.0,0.0,0.0,0.90625,0.0625,0.0,0.0
9,8,0.015625,0.0,0.015625,0.0,0.0,0.0,0.0,0.0,0.90625,0.0625,0.0,0.0
9,8,0.015625,0.0,0.015625,0.0,0.0,0.0,0.0,0.0,0.90625,0.0625,0.0,0.0
9,8,0.015625,0.0,0.015625,0.0,0.0,0.0,0.0,0.0,0.90625,0.0625,0.0,0.0
9,8,0.015625,0.0,0.015625,0.0,0.0,0.0,0.0,0.0,0.90625,0.0625,0.0,0.0
9,8,0.015625,0.0,0.015625,0.0,0.0,0.0,0.0,0.0,0.90625,0.0625,0.0,0.0
9,8,0.015625,0.0,0.015625,0.0,0.0,0.0,0.0,0.0,0.90625,0.0625,0.0,0.0
9,8,0.015625,0.0,0.015625,0.0,0.0,0.0,0.0,0.0,0.90625,0.0625,0.0,0.0
9,8,0.015625,0.0,0.015625,0.0,0.0,0.0,0.0,0.0,0.90625,0.0625,0.0,0.0
9,8,0.015625,0.0,0.015625,0.0,0.0,0.0,0.0,0.0,0.90625,0.0625,0.0,0.0
9,8,0.015625,0.0,0.015625,0.0,0.0,0.0,0.0,0.0,0.84375,0.125,0.0,0.0
9,8,0.015625,0.0,0.015625,0.0,0.0,0.0,0.0,0.0,0.84375,0.125,0.0,0.0
9,8,0.015625,0.0,0.015625,0.0,0.0,0.0,0.0,0.0,0.84375,0.125,0.0,0.0
9,8,0.015625,0.0,0.015625,0.0,0.0,0.0,0.0,0.0,0.84375,0.125,0.0,0.0
9,8,0.015625,0.0,0.015625,0.0,0.0,0.0,0.0,0.0,0.84375,0.125,0.0,0.0
9,8,0.015625,0.0,0.015625,0.0,0.0,0.0,0.0,0.0,0.84375,0.125,0.0,0.0
9,8,0.015625,0.0,0.015625,0.0,0.0,0.0,0.0,0.0,0.84375,0.125,0.0,0.0
9,8,0.015625,0.0,0.015625,0.0,0.0,0.0,0.0,0.0,0.84375,0.125,0.0,0.0
9,8,0.015625,0.0,0.015625,0.0,0.0,0.0,0.0,0.0,0.84375,0.125,0.0,0.0
9,8,0.015625,0.0,0.015625,0.0,0.0,0.0,0.0,0.0,0.84375,0.125,0.0,0.0
9,8,0.015625,0.0,0.015625,0.0,0.0,0.0,0.0,0.0,0.84375,0.125,0.0,0.0
9,8,0.015625,0.0,0.015625,0.0,0.0,0.0,0.0,0.0,0.84375,0.125,0.0,0.0
9,8,0.015625,0.0,0.015625,0.0,0.0,0.0,0.0,0.0,0.84375,0.125,0.0,0.0
9,8,0.015625,0.0,0.015625,0.0,0.0,0.0,0.0,0.0,0.84375,0.125,0.0,0.0
9,8,0.015625,0.0,0.015625,0.0,0.0,0.0,0.0,0.0,0.84375,0.125,0.0,0.0
9,8,0.015625,0.0,0.015625,0.0,0.0,0.0,0.0,0.0,0.84375,0.125,0.0,0.0
9,8,0.015625,0.0,0.015625,0.0,0.0,0.0,0.0,0.0,0.84375,0.125,0.0,0.0
9,8,0.015625,0.0,0.015625,0.0,0.0,0.0,0.0,0.0,0.84375,0.125,0.0,0.0
9,8,0.015625,0.0,0.015625,0.0,0.0,0.0,0.0,0.0,0.84375,0.125,0.0,0.0
9,8,0.015625,0.0,0.015625,0.0,0.0,0.0,0.0,0.0,0.84375,0.125,0.0,0.0
9,8,0.015625,0.0,0.015625,0.0,0.0,0.0,0.0,0.0,0.84375,0.125,0.0,0.0
9,8,0.015625,0.0,0.015625,0.0,0.0,0.0,0.0,0.0,0.84375,0.125,0.0,0.0
9,8,0.015625,0.0,0.015625,0.0,0.0,0.0,0.0,0.0,0.84375,0.125,0.0,0.0
9,8,0.015625,0.0,0.015625,0.0,0.0,0.0,0.0,0.0,0.84375,0.125,0.0,0.0
9,8,0.015625,0.0,0.015625,0.0,0.0,0.0,0.0,0.0,0.84375,0.125,0.0,0.0
9,8,0.015625,0.0,0.015625,0.0,0.0,0.0,0.0,0.0,0.84375,0.125,0.0,0.0
9,8,0.015625,0.0,0.015625,0.0,0.0,0.0,0.0,0.0,0.84375,0.125,0.0,0.0
9,8,0.015625,0.0,0.015625,0.0,0.0,0.0,0.0,0.0,0.84375,0.125,0.0,0.0
9,8,0.015625,0.0,0.015625,0.0,0.0,0.0,0.0,0.0,0.84375,0.125,0.0,0.0
9,8,0.015625,0.0,0.015625,0.0,0.0,0.0,0.0,0.0,0.84375,0.125,0.0,0.0
9,8,0.015625,0.0,0.015625,0.0,0.0,0.0,0.0,0.0,0.84375,0.125,0.0,0.0
9,8,0.015625,0.0,0.015625,0.0,0.0,0.0,0.0,0.0,0.84375,0.125,0.0,0.0
9,8,0.015625,0.0,0.015625,0.0,0.0,0.0,0.0,0.0,0.828125,0.140625,0.0,0.0
9,8,0.015625,0.0,0.015625,0.0,0.0,0.0,0.0,0.0,0.828125,0.140625,0.0,0.0
9,8,0.015625,0.0,0.015625,0.0,0.0,0.0,0.0,0.0,0.828125,0.140625,0.0,0.0
9,8,0.015625,0.0,0.015625,0.0,0.0,0.0,0.0,0.0,0.828125,0.140625,0.0,0.0
9,8,0.015625,0.0,0.015625,0.0,0.0,0.0,0.0,0.0,0.828125,0.140625,0.0,0.0
9,8,0.015625,0.0,0.015625,0.0,0.0,0.0,0.0,0.0,0.828125,0.140625,0.0,0.0
9,8,0.015625,0.0,0.015625,0.0,0.0,0.0,0.0,0.0,0.828125,0.140625,0.0,0.0
9,8,0.015625,0.0,0.015625,0.0,0.0,0.0,0.0,0.0,0.828125,0.140625,0.0,0.0
9,8,0.015625,0.0,0.015625,0.0,0.0,0.0,0.0,0.0,0.84375,0.125,0.0,0.0
9,8,0.015625,0.0,0.015625,0.0,0.0,0.0,0.0,0.0,0.84375,0.125,0.0,0.0
9,8,0.015625,0.0,0.015625,0.0,0.0,0.0,0.0,0.0,0.84375,0.125,0.0,0.0
9,8,0.015625,0.0,0.015625,0.0,0.0,0.0,0.0,0.0,0.84375,0.125,0.0,0.0
9,8,0.015625,0.0,0.015625,0.0,0.0,0.0,0.0,0.0,0.84375,0.125,0.0,0.0
9,8,0.015625,0.0,0.015625,0.0,0.0,0.0,0.0,0.0,0.84375,0.125,0.0,0.0
9,8,0.015625,0.0,0.015625,0.0,0.0,0.0,0.0,0.0,0.84375,0.125,0.0,0.0
9,8,0.015625,0.0,0.015625,0.0,0.0,0.0,0.0,0.0,0.84375,0.125,0.0,0.0
9,8,0.015625,0.0,0.015625,0.0,0.0,0.0,0.0,0.0,0.859375,0.109375,0.0,0.0
9,8,0.015625,0.0,0.015625,0.0,0.0,0.0,0.0,0.0,0.859375,0.109375,0.0,0.0
9,8,0.015625,0.0,0.015625,0.0,0.0,0.0,0.0,0.0,0.859375,0.109375,0.0,0.0
9,8,0.015625,0.0,0.015625,0.0,0.0,0.0,0.0,0.0,0.859375,0.109375,0.0,0.0
9,8,0.015625,0.0,0.015625,0.0,0.0,0.0,0.0,0.0,0.859375,0.109375,0.0,0.0
9,8,0.015625,0.0,0.015625,0.0,0.0,0.0,0.0,0.0,0.859375,0.109375,0.0,0.0
9,8,0.015625,0.0,0.015625,0.0,0.0,0.0,0.0,0.0,0.859375,0.109375,0.0,0.0
9,8,0.015625,0.0,0.015625,0.0,0.0,0.0,0.0,0.0,0.859375,0.109375,0.0,0.0
9,8,0.015625,0.0,0.015625,0.0,0.0,0.0,0.0,0.0,0.859375,0.109375,0.0,0.0
9,8,0.015625,0.0,0.015625,0.0,0.0,0.0,0.0,0.0,0.859375,0.109375,0.0,0.0
9,8,0.015625,0.0,0.015625,0.0,0.0,0.0,0.0,0.0,0.859375,0.109375,0.0,0.0
9,8,0.015625,0.0,0.015625,0.0,0.0,0.0,0.0,0.0,0.859375,0.109375,0.0,0.0
9,8,0.015625,0.0,0.015625,0.0,0.0,0.0,0.0,0.0,0.859375,0.109375,0.0,0.0
9,8,0.015625,0.0,0.015625,0.0,0.0,0.0,0.0,0.0,0.859375,0.109375,0.0,0.0
9,8,0.015625,0.0,0.015625,0.0,0.0,0.0,0.0,0.0,0.859375,0.109375,0.0,0.0
9,8,0.015625,0.0,0.015625,0.0,0.0,0.0,0.0,0.0,0.859375,0.109375,0.0,0.0
9,8,0.015625,0.0,0.015625,0.0,0.0,0.0,0.0,0.0,0.875,0.09375,0.0,0.0
9,8,0.015625,0.0,0.015625,0.0,0.0,0.0,0.0,0.0,0.875,0.09375,0.0,0.0
9,8,0.015625,0.0,0.015625,0.0,0.0,0.0,0.0,0.0,0.875,0.09375,0.0,0.0
9,8,0.015625,0.0,0.015625,0.0,0.0,0.0,0.0,0.0,0.875,0.09375,0.0,0.0
9,8,0.015625,0.0,0.015625,0.0,0.0,0.0,0.0,0.0,0.875,0.09375,0.0,0.0
9,8,0.015625,0.0,0.015625,0.0,0.0,0.0,0.0,0.0,0.875,0.09375,0.0,0.0
9,8,0.015625,0.0,0.015625,0.0,0.0,0.0,0.0,0.0,0.875,0.09375,0.0,0.0
9,8,0.015625,0.0,0.015625,0.0,0.0,0.0,0.0,0.0,0.875,0.09375,0.0,0.0
9,8,0.015625,0.0,0.015625,0.0,0.0,0.0,0.0,0.0,0.859375,0.109375,0.0,0.0
9,8,0.015625,0.0,0.015625,0.0,0.0,0.0,0.0,0.0,0.859375,0.109375,0.0,0.0
9,8,0.015625,0.0,0.015625,0.0,0.0,0.0,0.0,0.0,0.859375,0.109375,0.0,0.0
9,8,0.015625,0.0,0.015625,0.0,0.0,0.0,0.0,0.0,0.859375,0.109375,0.0,0.0
9,8,0.015625,0.0,0.015625,0.0,0.0,0.0,0.0,0.0,0.859375,0.109375,0.0,0.0
9,8,0.015625,0.0,0.015625,0.0,0.0,0.0,0.0,0.0,0.859375,0.109375,0.0,0.0
9,8,0.015625,0.0,0.015625,0.0,0.0,0.0,0.0,0.0,0.859375,0.109375,0.0,0.0
9,8,0.015625,0.0,0.015625,0.0,0.0,0.0,0.0,0.0,0.859375,0.109375,0.0,0.0
9,8,0.015625,0.0,0.015625,0.0,0.0,0.0,0.0,0.0,0.859375,0.109375,0.0,0.0
9,8,0.015625,0.0,0.015625,0.0,0.0,0.0,0.0,0.0,0.859375,0.109375,0.0,0.0
9,8,0.015625,0.0,0.015625,0.0,0.0,0.0,0.0,0.0,0.859375,0.109375,0.0,0.0
9,8,0.015625,0.0,0.015625,0.0,0.0,0.0,0.0,0.0,0.859375,0.109375,0.0,0.0
9,8,0.015625,0.0,0.0,0.0,0.0,0.0,0.0,0.0,0.875,0.109375,0.0,0.0
9,8,0.015625,0.0,0.0,0.0,0.0,0.0,0.0,0.0,0.875,0.109375,0.0,0.0
9,8,0.015625,0.0,0.0,0.0,0.0,0.0,0.0,0.0,0.875,0.109375,0.0,0.0
9,8,0.015625,0.0,0.0,0.0,0.0,0.0,0.0,0.0,0.875,0.109375,0.0,0.0
9,8,0.015625,0.0,0.0,0.0,0.0,0.0,0.0,0.0,0.875,0.109375,0.0,0.0
9,8,0.015625,0.0,0.0,0.0,0.0,0.0,0.0,0.0,0.875,0.109375,0.0,0.0
9,8,0.015625,0.0,0.0,0.0,0.0,0.0,0.0,0.0,0.875,0.109375,0.0,0.0
9,8,0.015625,0.0,0.0,0.0,0.0,0.0,0.0,0.0,0.875,0.109375,0.0,0.0
9,8,0.015625,0.0,0.0,0.0,0.0,0.0,0.0,0.0,0.875,0.109375,0.0,0.0
9,8,0.015625,0.0,0.0,0.0,0.0,0.0,0.0,0.0,0.875,0.109375,0.0,0.0
9,8,0.015625,0.0,0.0,0.0,0.0,0.0,0.0,0.0,0.875,0.109375,0.0,0.0
9,8,0.015625,0.0,0.0,0.0,0.0,0.0,0.0,0.0,0.875,0.109375,0.0,0.0
9,8,0.015625,0.0,0.0,0.0,0.0,0.0,0.0,0.0,0.890625,0.09375,0.0,0.0
9,8,0.015625,0.0,0.0,0.0,0.0,0.0,0.0,0.0,0.890625,0.09375,0.0,0.0
9,8,0.015625,0.0,0.0,0.0,0.0,0.0,0.0,0.0,0.890625,0.09375,0.0,0.0
9,8,0.015625,0.0,0.0,0.0,0.0,0.0,0.0,0.0,0.890625,0.09375,0.0,0.0
9,8,0.015625,0.0,0.0,0.0,0.0,0.0,0.0,0.0,0.890625,0.09375,0.0,0.0
9,8,0.015625,0.0,0.0,0.0,0.0,0.0,0.0,0.0,0.890625,0.09375,0.0,0.0
9,8,0.015625,0.0,0.0,0.0,0.0,0.0,0.0,0.0,0.890625,0.09375,0.0,0.0
9,8,0.015625,0.0,0.0,0.0,0.0,0.0,0.0,0.0,0.890625,0.09375,0.0,0.0
9,8,0.015625,0.0,0.0,0.0,0.0,0.0,0.0,0.0,0.890625,0.09375,0.0,0.0
9,8,0.015625,0.0,0.0,0.0,0.0,0.0,0.0,0.0,0.890625,0.09375,0.0,0.0
9,8,0.015625,0.0,0.0,0.0,0.0,0.0,0.0,0.0,0.890625,0.09375,0.0,0.0
9,8,0.015625,0.0,0.0,0.0,0.0,0.0,0.0,0.0,0.890625,0.09375,0.0,0.0
9,8,0.015625,0.0,0.0,0.0,0.0,0.0,0.0,0.0,0.890625,0.09375,0.0,0.0
9,8,0.015625,0.0,0.0,0.0,0.0,0.0,0.0,0.0,0.890625,0.09375,0.0,0.0
9,8,0.015625,0.0,0.0,0.0,0.0,0.0,0.0,0.0,0.890625,0.09375,0.0,0.0
9,8,0.015625,0.0,0.0,0.0,0.0,0.0,0.0,0.0,0.890625,0.09375,0.0,0.0
9,8,0.015625,0.0,0.0,0.0,0.0,0.0,0.0,0.0,0.90625,0.078125,0.0,0.0
9,8,0.015625,0.0,0.0,0.0,0.0,0.0,0.0,0.0,0.90625,0.078125,0.0,0.0
9,8,0.015625,0.0,0.0,0.0,0.0,0.0,0.0,0.0,0.90625,0.078125,0.0,0.0
9,8,0.015625,0.0,0.0,0.0,0.0,0.0,0.0,0.0,0.90625,0.078125,0.0,0.0
9,8,0.015625,0.0,0.0,0.0,0.0,0.0,0.0,0.0,0.90625,0.078125,0.0,0.0
9,8,0.015625,0.0,0.0,0.0,0.0,0.0,0.0,0.0,0.90625,0.078125,0.0,0.0
9,8,0.015625,0.0,0.0,0.0,0.0,0.0,0.0,0.0,0.90625,0.078125,0.0,0.0
9,8,0.015625,0.0,0.0,0.0,0.0,0.0,0.0,0.0,0.90625,0.078125,0.0,0.0
9,8,0.015625,0.0,0.0,0.0,0.0,0.0,0.0,0.0,0.90625,0.078125,0.0,0.0
9,8,0.015625,0.0,0.0,0.0,0.0,0.0,0.0,0.0,0.90625,0.078125,0.0,0.0
9,8,0.015625,0.0,0.0,0.0,0.0,0.0,0.0,0.0,0.90625,0.078125,0.0,0.0
9,8,0.015625,0.0,0.0,0.0,0.0,0.0,0.0,0.0,0.890625,0.09375,0.0,0.0
9,8,0.015625,0.0,0.0,0.0,0.0,0.0,0.0,0.0,0.890625,0.09375,0.0,0.0
9,8,0.015625,0.0,0.0,0.0,0.0,0.0,0.0,0.0,0.890625,0.09375,0.0,0.0
9,8,0.015625,0.0,0.0,0.0,0.0,0.0,0.0,0.0,0.890625,0.09375,0.0,0.0
9,8,0.015625,0.0,0.0,0.0,0.0,0.0,0.0,0.0,0.890625,0.09375,0.0,0.0
9,8,0.015625,0.0,0.0,0.0,0.0,0.0,0.0,0.0,0.875,0.109375,0.0,0.0
9,8,0.015625,0.0,0.0,0.0,0.0,0.0,0.0,0.0,0.875,0.109375,0.0,0.0
9,8,0.015625,0.0,0.0,0.0,0.0,0.0,0.0,0.0,0.875,0.109375,0.0,0.0
9,8,0.015625,0.0,0.0,0.0,0.0,0.0,0.0,0.0,0.875,0.109375,0.0,0.0
9,8,0.015625,0.0,0.0,0.0,0.0,0.0,0.0,0.0,0.875,0.109375,0.0,0.0
9,8,0.015625,0.0,0.0,0.0,0.0,0.0,0.0,0.0,0.875,0.109375,0.0,0.0
9,8,0.015625,0.0,0.0,0.0,0.0,0.0,0.0,0.0,0.875,0.109375,0.0,0.0
9,8,0.015625,0.0,0.0,0.0,0.0,0.0,0.0,0.0,0.875,0.109375,0.0,0.0
9,8,0.015625,0.0,0.0,0.0,0.0,0.0,0.0,0.0,0.875,0.109375,0.0,0.0
9,8,0.015625,0.0,0.0,0.0,0.0,0.0,0.0,0.0,0.875,0.109375,0.0,0.0
9,8,0.015625,0.0,0.0,0.0,0.0,0.0,0.0,0.0,0.875,0.109375,0.0,0.0
9,8,0.015625,0.0,0.0,0.0,0.0,0.0,0.0,0.0,0.875,0.109375,0.0,0.0
9,8,0.015625,0.0,0.0,0.0,0.0,0.0,0.0,0.0,0.890625,0.09375,0.0,0.0
9,8,0.015625,0.0,0.0,0.0,0.0,0.0,0.0,0.0,0.890625,0.09375,0.0,0.0
9,8,0.015625,0.0,0.0,0.0,0.0,0.0,0.0,0.0,0.890625,0.09375,0.0,0.0
9,8,0.015625,0.0,0.0,0.0,0.0,0.0,0.0,0.0,0.890625,0.09375,0.0,0.0
9,8,0.015625,0.0,0.0,0.0,0.0,0.0,0.0,0.0,0.890625,0.09375,0.0,0.0
9,8,0.015625,0.0,0.0,0.0,0.0,0.0,0.0,0.0,0.890625,0.09375,0.0,0.0
9,8,0.015625,0.0,0.0,0.0,0.0,0.0,0.0,0.0,0.890625,0.09375,0.0,0.0
9,8,0.015625,0.0,0.0,0.0,0.0,0.0,0.0,0.0,0.890625,0.09375,0.0,0.0
9,8,0.015625,0.0,0.0,0.0,0.0,0.0,0.0,0.0,0.890625,0.09375,0.0,0.0
9,8,0.015625,0.0,0.0,0.0,0.0,0.0,0.0,0.0,0.890625,0.09375,0.0,0.0
9,8,0.015625,0.0,0.0,0.0,0.0,0.0,0.0,0.0,0.890625,0.09375,0.0,0.0
9,8,0.015625,0.0,0.0,0.0,0.0,0.0,0.0,0.0,0.890625,0.09375,0.0,0.0
9,8,0.015625,0.0,0.0,0.0,0.0,0.0,0.0,0.0,0.890625,0.09375,0.0,0.0
9,8,0.015625,0.0,0.0,0.0,0.0,0.0,0.0,0.0,0.890625,0.09375,0.0,0.0
9,8,0.015625,0.0,0.0,0.0,0.0,0.0,0.0,0.0,0.890625,0.09375,0.0,0.0
9,8,0.015625,0.0,0.0,0.0,0.0,0.0,0.0,0.0,0.890625,0.09375,0.0,0.0
9,8,0.015625,0.0,0.0,0.0,0.0,0.0,0.0,0.0,0.890625,0.09375,0.0,0.0
9,8,0.015625,0.0,0.0,0.0,0.0,0.0,0.0,0.0,0.890625,0.09375,0.0,0.0
9,8,0.015625,0.0,0.0,0.0,0.0,0.0,0.0,0.0,0.890625,0.09375,0.0,0.0
9,8,0.015625,0.0,0.0,0.0,0.0,0.0,0.0,0.0,0.890625,0.09375,0.0,0.0
9,8,0.015625,0.0,0.0,0.0,0.0,0.0,0.0,0.0,0.890625,0.09375,0.0,0.0
9,8,0.015625,0.0,0.0,0.0,0.0,0.0,0.0,0.0,0.890625,0.09375,0.0,0.0
9,8,0.015625,0.0,0.0,0.0,0.0,0.0,0.0,0.0,0.890625,0.09375,0.0,0.0
9,8,0.015625,0.0,0.0,0.0,0.0,0.0,0.0,0.0,0.890625,0.09375,0.0,0.0
9,8,0.015625,0.0,0.0,0.0,0.0,0.0,0.0,0.0,0.890625,0.09375,0.0,0.0
9,8,0.015625,0.0,0.0,0.0,0.0,0.0,0.0,0.0,0.890625,0.09375,0.0,0.0
9,8,0.015625,0.0,0.0,0.0,0.0,0.0,0.0,0.0,0.890625,0.09375,0.0,0.0
9,8,0.015625,0.0,0.0,0.0,0.0,0.0,0.0,0.0,0.890625,0.09375,0.0,0.0
9,8,0.015625,0.0,0.0,0.0,0.0,0.0,0.0,0.0,0.890625,0.09375,0.0,0.0
9,8,0.015625,0.0,0.0,0.0,0.0,0.0,0.0,0.0,0.890625,0.09375,0.0,0.0
9,8,0.015625,0.0,0.0,0.0,0.0,0.0,0.0,0.0,0.890625,0.09375,0.0,0.0
9,8,0.015625,0.0,0.0,0.0,0.0,0.0,0.0,0.0,0.890625,0.09375,0.0,0.0
9,8,0.015625,0.0,0.0,0.0,0.0,0.0,0.0,0.0,0.890625,0.09375,0.0,0.0
9,8,0.015625,0.0,0.0,0.0,0.0,0.0,0.0,0.0,0.890625,0.09375,0.0,0.0
9,8,0.015625,0.0,0.0,0.0,0.0,0.0,0.0,0.0,0.890625,0.09375,0.0,0.0
9,8,0.015625,0.0,0.0,0.0,0.0,0.0,0.0,0.0,0.890625,0.09375,0.0,0.0
9,8,0.015625,0.0,0.0,0.0,0.0,0.0,0.0,0.0,0.890625,0.09375,0.0,0.0
9,8,0.015625,0.0,0.0,0.0,0.0,0.0,0.0,0.0,0.890625,0.09375,0.0,0.0
9,8,0.015625,0.0,0.0,0.0,0.0,0.0,0.0,0.0,0.890625,0.09375,0.0,0.0
9,8,0.015625,0.0,0.0,0.0,0.0,0.0,0.0,0.0,0.890625,0.09375,0.0,0.0
9,8,0.015625,0.0,0.0,0.0,0.0,0.0,0.0,0.0,0.890625,0.09375,0.0,0.0
9,8,0.015625,0.0,0.0,0.0,0.0,0.0,0.0,0.0,0.890625,0.09375,0.0,0.0
9,8,0.015625,0.0,0.0,0.0,0.0,0.0,0.0,0.0,0.890625,0.09375,0.0,0.0
9,8,0.015625,0.0,0.0,0.0,0.0,0.0,0.0,0.0,0.890625,0.09375,0.0,0.0
9,8,0.015625,0.0,0.0,0.0,0.0,0.0,0.0,0.0,0.890625,0.09375,0.0,0.0
9,8,0.015625,0.0,0.0,0.0,0.0,0.0,0.0,0.0,0.890625,0.09375,0.0,0.0
9,8,0.015625,0.0,0.0,0.0,0.0,0.0,0.0,0.0,0.890625,0.09375,0.0,0.0
9,8,0.015625,0.0,0.0,0.0,0.0,0.0,0.0,0.0,0.890625,0.09375,0.0,0.0
9,8,0.015625,0.0,0.0,0.0,0.0,0.0,0.0,0.0,0.890625,0.09375,0.0,0.0
9,8,0.015625,0.0,0.0,0.0,0.0,0.0,0.0,0.0,0.890625,0.09375,0.0,0.0
9,8,0.015625,0.0,0.0,0.0,0.0,0.0,0.0,0.0,0.890625,0.09375,0.0,0.0
9,8,0.015625,0.0,0.0,0.0,0.0,0.0,0.0,0.0,0.890625,0.09375,0.0,0.0
9,8,0.015625,0.0,0.0,0.0,0.0,0.0,0.0,0.0,0.90625,0.078125,0.0,0.0
9,8,0.015625,0.0,0.0,0.0,0.0,0.0,0.0,0.0,0.90625,0.078125,0.0,0.0
9,8,0.015625,0.0,0.0,0.0,0.0,0.0,0.0,0.0,0.90625,0.078125,0.0,0.0
9,8,0.015625,0.0,0.0,0.0,0.0,0.0,0.0,0.0,0.90625,0.078125,0.0,0.0
9,8,0.015625,0.0,0.0,0.0,0.0,0.0,0.0,0.0,0.90625,0.078125,0.0,0.0
9,8,0.015625,0.0,0.0,0.0,0.0,0.0,0.0,0.0,0.90625,0.078125,0.0,0.0
9,8,0.015625,0.0,0.0,0.0,0.0,0.0,0.0,0.0,0.90625,0.078125,0.0,0.0
9,8,0.015625,0.0,0.0,0.0,0.0,0.0,0.0,0.0,0.90625,0.078125,0.0,0.0
9,8,0.015625,0.0,0.0,0.0,0.0,0.0,0.0,0.0,0.90625,0.078125,0.0,0.0
9,8,0.015625,0.0,0.0,0.0,0.0,0.0,0.0,0.0,0.90625,0.078125,0.0,0.0
9,8,0.015625,0.0,0.0,0.0,0.0,0.0,0.0,0.0,0.90625,0.078125,0.0,0.0
9,8,0.015625,0.0,0.0,0.0,0.0,0.0,0.0,0.0,0.90625,0.078125,0.0,0.0
9,8,0.015625,0.0,0.0,0.0,0.0,0.0,0.0,0.0,0.90625,0.078125,0.0,0.0
9,8,0.015625,0.0,0.0,0.0,0.0,0.0,0.0,0.0,0.90625,0.078125,0.0,0.0
9,8,0.015625,0.0,0.0,0.0,0.0,0.0,0.0,0.0,0.90625,0.078125,0.0,0.0
9,8,0.015625,0.0,0.0,0.0,0.0,0.0,0.0,0.0,0.90625,0.078125,0.0,0.0
9,8,0.015625,0.0,0.0,0.0,0.0,0.0,0.0,0.0,0.90625,0.078125,0.0,0.0
9,8,0.015625,0.0,0.0,0.0,0.0,0.0,0.0,0.0,0.90625,0.078125,0.0,0.0
9,8,0.015625,0.0,0.0,0.0,0.0,0.0,0.0,0.0,0.90625,0.078125,0.0,0.0
9,8,0.015625,0.0,0.0,0.0,0.0,0.0,0.0,0.0,0.90625,0.078125,0.0,0.0
9,8,0.015625,0.0,0.0,0.0,0.0,0.0,0.0,0.0,0.90625,0.078125,0.0,0.0
9,8,0.015625,0.0,0.0,0.0,0.0,0.0,0.0,0.0,0.90625,0.078125,0.0,0.0
9,8,0.015625,0.0,0.0,0.0,0.0,0.0,0.0,0.0,0.90625,0.078125,0.0,0.0
9,8,0.015625,0.0,0.0,0.0,0.0,0.0,0.0,0.0,0.90625,0.078125,0.0,0.0
9,8,0.015625,0.0,0.0,0.0,0.0,0.0,0.0,0.0,0.90625,0.078125,0.0,0.0
9,8,0.015625,0.0,0.0,0.0,0.0,0.0,0.0,0.0,0.90625,0.078125,0.0,0.0
9,8,0.015625,0.0,0.0,0.0,0.0,0.0,0.0,0.0,0.90625,0.078125,0.0,0.0
9,8,0.015625,0.0,0.0,0.0,0.0,0.0,0.0,0.0,0.90625,0.078125,0.0,0.0
9,8,0.015625,0.0,0.0,0.0,0.0,0.0,0.0,0.0,0.90625,0.078125,0.0,0.0
9,8,0.015625,0.0,0.0,0.0,0.0,0.0,0.0,0.0,0.90625,0.078125,0.0,0.0
9,8,0.015625,0.0,0.0,0.0,0.0,0.0,0.0,0.0,0.90625,0.078125,0.0,0.0
9,8,0.015625,0.0,0.0,0.0,0.0,0.0,0.0,0.0,0.90625,0.078125,0.0,0.0
9,8,0.015625,0.0,0.0,0.0,0.0,0.0,0.0,0.0,0.90625,0.078125,0.0,0.0
9,8,0.015625,0.0,0.0,0.0,0.0,0.0,0.0,0.0,0.90625,0.078125,0.0,0.0
9,8,0.015625,0.0,0.0,0.0,0.0,0.0,0.0,0.0,0.90625,0.078125,0.0,0.0
9,8,0.015625,0.0,0.0,0.0,0.0,0.0,0.0,0.0,0.90625,0.078125,0.0,0.0
9,8,0.015625,0.0,0.0,0.0,0.0,0.0,0.0,0.0,0.90625,0.078125,0.0,0.0
9,8,0.015625,0.0,0.0,0.0,0.0,0.0,0.0,0.0,0.90625,0.078125,0.0,0.0
9,8,0.015625,0.0,0.0,0.0,0.0,0.0,0.0,0.0,0.90625,0.078125,0.0,0.0
9,8,0.015625,0.0,0.0,0.0,0.0,0.0,0.0,0.0,0.90625,0.078125,0.0,0.0
9,8,0.015625,0.0,0.0,0.0,0.0,0.0,0.0,0.0,0.90625,0.078125,0.0,0.0
9,8,0.015625,0.0,0.0,0.0,0.0,0.0,0.0,0.0,0.90625,0.078125,0.0,0.0
9,8,0.015625,0.0,0.0,0.0,0.0,0.0,0.0,0.0,0.90625,0.078125,0.0,0.0
9,8,0.015625,0.0,0.0,0.0,0.0,0.0,0.0,0.0,0.90625,0.078125,0.0,0.0
9,8,0.015625,0.0,0.0,0.0,0.0,0.0,0.0,0.0,0.90625,0.078125,0.0,0.0
9,8,0.015625,0.0,0.0,0.0,0.0,0.0,0.0,0.0,0.90625,0.078125,0.0,0.0
9,8,0.015625,0.0,0.0,0.0,0.0,0.0,0.0,0.0,0.90625,0.078125,0.0,0.0
9,8,0.015625,0.0,0.0,0.0,0.0,0.0,0.0,0.0,0.90625,0.078125,0.0,0.0
9,8,0.015625,0.0,0.0,0.0,0.0,0.0,0.0,0.0,0.90625,0.078125,0.0,0.0
9,8,0.015625,0.0,0.0,0.0,0.0,0.0,0.0,0.0,0.90625,0.078125,0.0,0.0
9,8,0.015625,0.0,0.0,0.0,0.0,0.0,0.0,0.0,0.90625,0.078125,0.0,0.0
9,8,0.015625,0.0,0.0,0.0,0.0,0.0,0.0,0.0,0.90625,0.078125,0.0,0.0
9,8,0.015625,0.0,0.0,0.0,0.0,0.0,0.0,0.0,0.90625,0.078125,0.0,0.0
9,8,0.015625,0.0,0.0,0.0,0.0,0.0,0.0,0.0,0.90625,0.078125,0.0,0.0
9,8,0.015625,0.0,0.0,0.0,0.0,0.0,0.0,0.0,0.90625,0.078125,0.0,0.0
9,8,0.015625,0.0,0.0,0.0,0.0,0.0,0.0,0.0,0.90625,0.078125,0.0,0.0
9,8,0.015625,0.0,0.0,0.0,0.0,0.0,0.0,0.0,0.90625,0.078125,0.0,0.0
9,8,0.015625,0.0,0.0,0.0,0.0,0.0,0.0,0.0,0.90625,0.078125,0.0,0.0
9,8,0.015625,0.0,0.0,0.0,0.0,0.0,0.0,0.0,0.90625,0.078125,0.0,0.0
9,8,0.015625,0.0,0.0,0.0,0.0,0.0,0.0,0.0,0.90625,0.078125,0.0,0.0
9,8,0.015625,0.0,0.0,0.0,0.0,0.0,0.0,0.0,0.90625,0.078125,0.0,0.0
9,8,0.015625,0.0,0.0,0.0,0.0,0.0,0.0,0.0,0.90625,0.078125,0.0,0.0
9,8,0.015625,0.0,0.0,0.0,0.0,0.0,0.0,0.0,0.90625,0.078125,0.0,0.0
9,8,0.015625,0.0,0.0,0.0,0.0,0.0,0.0,0.0,0.90625,0.078125,0.0,0.0
9,8,0.015625,0.0,0.0,0.0,0.0,0.0,0.0,0.0,0.90625,0.078125,0.0,0.0
9,8,0.015625,0.0,0.0,0.0,0.0,0.0,0.0,0.0,0.90625,0.078125,0.0,0.0
9,8,0.015625,0.0,0.0,0.0,0.0,0.0,0.0,0.0,0.90625,0.078125,0.0,0.0
9,8,0.015625,0.0,0.0,0.0,0.0,0.0,0.0,0.0,0.90625,0.078125,0.0,0.0
9,8,0.015625,0.0,0.0,0.0,0.0,0.0,0.0,0.0,0.90625,0.078125,0.0,0.0
9,8,0.015625,0.0,0.0,0.0,0.0,0.0,0.0,0.0,0.90625,0.078125,0.0,0.0
9,8,0.015625,0.0,0.0,0.0,0.0,0.0,0.0,0.0,0.90625,0.078125,0.0,0.0
9,8,0.015625,0.0,0.0,0.0,0.0,0.0,0.0,0.0,0.90625,0.078125,0.0,0.0
9,8,0.015625,0.0,0.0,0.0,0.0,0.0,0.0,0.0,0.90625,0.078125,0.0,0.0
9,8,0.015625,0.0,0.0,0.0,0.0,0.0,0.0,0.0,0.90625,0.078125,0.0,0.0
9,8,0.015625,0.0,0.0,0.0,0.0,0.0,0.0,0.0,0.90625,0.078125,0.0,0.0
9,8,0.015625,0.0,0.0,0.0,0.0,0.0,0.0,0.0,0.90625,0.078125,0.0,0.0
9,8,0.015625,0.0,0.0,0.0,0.0,0.0,0.0,0.0,0.90625,0.078125,0.0,0.0
9,8,0.015625,0.0,0.0,0.0,0.0,0.0,0.0,0.0,0.90625,0.078125,0.0,0.0
9,8,0.015625,0.0,0.0,0.0,0.0,0.0,0.0,0.0,0.90625,0.078125,0.0,0.0
9,8,0.015625,0.0,0.0,0.0,0.0,0.0,0.0,0.0,0.90625,0.078125,0.0,0.0
9,8,0.015625,0.0,0.0,0.0,0.0,0.0,0.0,0.0,0.90625,0.078125,0.0,0.0
9,8,0.015625,0.0,0.0,0.0,0.0,0.0,0.0,0.0,0.90625,0.078125,0.0,0.0
9,8,0.015625,0.0,0.0,0.0,0.0,0.0,0.0,0.0,0.90625,0.078125,0.0,0.0
9,8,0.015625,0.0,0.0,0.0,0.0,0.0,0.0,0.0,0.90625,0.078125,0.0,0.0
9,8,0.015625,0.0,0.0,0.0,0.0,0.0,0.0,0.0,0.90625,0.078125,0.0,0.0
9,8,0.015625,0.0,0.0,0.0,0.0,0.0,0.0,0.0,0.90625,0.078125,0.0,0.0
9,8,0.015625,0.0,0.0,0.0,0.0,0.0,0.0,0.0,0.90625,0.078125,0.0,0.0
9,8,0.015625,0.0,0.0,0.0,0.0,0.0,0.0,0.0,0.90625,0.078125,0.0,0.0
9,8,0.015625,0.0,0.0,0.0,0.0,0.0,0.0,0.0,0.90625,0.078125,0.0,0.0
9,8,0.015625,0.0,0.0,0.0,0.0,0.0,0.0,0.0,0.90625,0.078125,0.0,0.0
9,8,0.015625,0.0,0.0,0.0,0.0,0.0,0.0,0.0,0.90625,0.078125,0.0,0.0
9,8,0.015625,0.0,0.0,0.0,0.0,0.0,0.0,0.0,0.90625,0.078125,0.0,0.0
9,8,0.015625,0.0,0.0,0.0,0.0,0.0,0.0,0.0,0.90625,0.078125,0.0,0.0
9,8,0.015625,0.0,0.0,0.0,0.0,0.0,0.0,0.0,0.90625,0.078125,0.0,0.0
9,8,0.015625,0.0,0.0,0.0,0.0,0.0,0.0,0.0,0.90625,0.078125,0.0,0.0
9,8,0.015625,0.0,0.0,0.0,0.0,0.0,0.0,0.0,0.90625,0.078125,0.0,0.0
9,8,0.015625,0.0,0.0,0.0,0.0,0.0,0.0,0.0,0.90625,0.078125,0.0,0.0
9,8,0.015625,0.0,0.0,0.0,0.0,0.0,0.0,0.0,0.90625,0.078125,0.0,0.0
9,8,0.015625,0.0,0.0,0.0,0.0,0.0,0.0,0.0,0.90625,0.078125,0.0,0.0
9,8,0.015625,0.0,0.0,0.0,0.0,0.0,0.0,0.0,0.90625,0.078125,0.0,0.0
9,8,0.015625,0.0,0.0,0.0,0.0,0.0,0.0,0.0,0.90625,0.078125,0.0,0.0
9,8,0.015625,0.0,0.0,0.0,0.0,0.0,0.0,0.0,0.90625,0.078125,0.0,0.0
9,8,0.015625,0.0,0.0,0.0,0.0,0.0,0.0,0.0,0.90625,0.078125,0.0,0.0
9,8,0.015625,0.0,0.0,0.0,0.0,0.0,0.0,0.0,0.90625,0.078125,0.0,0.0
9,8,0.015625,0.0,0.0,0.0,0.0,0.0,0.0,0.0,0.90625,0.078125,0.0,0.0
9,8,0.015625,0.0,0.0,0.0,0.0,0.0,0.0,0.0,0.90625,0.078125,0.0,0.0
9,8,0.015625,0.0,0.0,0.0,0.0,0.0,0.0,0.0,0.90625,0.078125,0.0,0.0
9,8,0.015625,0.0,0.0,0.0,0.0,0.0,0.0,0.0,0.90625,0.078125,0.0,0.0
9,8,0.015625,0.0,0.0,0.0,0.0,0.0,0.0,0.0,0.90625,0.078125,0.0,0.0
9,8,0.015625,0.0,0.0,0.0,0.0,0.0,0.0,0.0,0.90625,0.078125,0.0,0.0
9,8,0.015625,0.0,0.0,0.0,0.0,0.0,0.0,0.0,0.90625,0.078125,0.0,0.0
9,8,0.015625,0.0,0.0,0.0,0.0,0.0,0.0,0.0,0.90625,0.078125,0.0,0.0
9,8,0.015625,0.0,0.0,0.0,0.0,0.0,0.0,0.0,0.90625,0.078125,0.0,0.0
9,8,0.015625,0.0,0.0,0.0,0.0,0.0,0.0,0.0,0.90625,0.078125,0.0,0.0
9,8,0.015625,0.0,0.0,0.0,0.0,0.0,0.0,0.0,0.90625,0.078125,0.0,0.0
9,8,0.015625,0.0,0.0,0.0,0.0,0.0,0.0,0.0,0.90625,0.078125,0.0,0.0
9,8,0.015625,0.0,0.0,0.0,0.0,0.0,0.0,0.0,0.90625,0.078125,0.0,0.0
9,8,0.015625,0.0,0.0,0.0,0.0,0.0,0.0,0.0,0.90625,0.078125,0.0,0.0
9,8,0.015625,0.0,0.0,0.0,0.0,0.0,0.0,0.0,0.90625,0.078125,0.0,0.0
9,8,0.015625,0.0,0.0,0.0,0.0,0.0,0.0,0.0,0.90625,0.078125,0.0,0.0
9,8,0.015625,0.0,0.0,0.0,0.0,0.0,0.0,0.0,0.890625,0.078125,0.015625,0.0
9,8,0.015625,0.0,0.0,0.0,0.0,0.0,0.0,0.0,0.890625,0.078125,0.015625,0.0
9,8,0.015625,0.0,0.0,0.0,0.0,0.0,0.0,0.0,0.890625,0.078125,0.015625,0.0
9,8,0.015625,0.0,0.0,0.0,0.0,0.0,0.0,0.0,0.890625,0.078125,0.015625,0.0
9,8,0.015625,0.0,0.0,0.0,0.0,0.0,0.0,0.0,0.890625,0.078125,0.015625,0.0
9,8,0.015625,0.0,0.0,0.0,0.0,0.0,0.0,0.0,0.890625,0.078125,0.015625,0.0
9,8,0.015625,0.0,0.0,0.0,0.0,0.0,0.0,0.0,0.890625,0.078125,0.015625,0.0
9,8,0.015625,0.0,0.0,0.0,0.0,0.0,0.0,0.0,0.890625,0.078125,0.015625,0.0
9,8,0.015625,0.0,0.0,0.0,0.0,0.0,0.0,0.0,0.890625,0.078125,0.015625,0.0
9,8,0.015625,0.0,0.0,0.0,0.0,0.0,0.0,0.0,0.890625,0.078125,0.015625,0.0
9,8,0.015625,0.0,0.0,0.0,0.0,0.0,0.0,0.0,0.890625,0.078125,0.015625,0.0
9,8,0.015625,0.0,0.0,0.0,0.0,0.0,0.0,0.0,0.890625,0.078125,0.015625,0.0
9,8,0.015625,0.0,0.0,0.0,0.0,0.0,0.0,0.0,0.890625,0.078125,0.015625,0.0
9,8,0.015625,0.0,0.0,0.0,0.0,0.0,0.0,0.0,0.890625,0.078125,0.015625,0.0
9,8,0.015625,0.0,0.0,0.0,0.0,0.0,0.0,0.0,0.890625,0.078125,0.015625,0.0
9,8,0.015625,0.0,0.0,0.0,0.0,0.0,0.0,0.0,0.890625,0.078125,0.015625,0.0
9,8,0.015625,0.0,0.0,0.0,0.0,0.0,0.0,0.0,0.890625,0.078125,0.015625,0.0
9,8,0.015625,0.0,0.0,0.0,0.0,0.0,0.0,0.0,0.890625,0.078125,0.015625,0.0
9,8,0.015625,0.0,0.0,0.0,0.0,0.0,0.0,0.0,0.890625,0.078125,0.015625,0.0
9,8,0.015625,0.0,0.0,0.0,0.0,0.0,0.0,0.0,0.890625,0.078125,0.015625,0.0
9,8,0.015625,0.0,0.0,0.0,0.0,0.0,0.0,0.0,0.890625,0.078125,0.015625,0.0
9,8,0.015625,0.0,0.0,0.0,0.0,0.0,0.0,0.0,0.890625,0.078125,0.015625,0.0
9,8,0.015625,0.0,0.0,0.0,0.0,0.0,0.0,0.0,0.890625,0.078125,0.015625,0.0
9,8,0.015625,0.0,0.0,0.0,0.0,0.0,0.0,0.0,0.890625,0.078125,0.015625,0.0
9,8,0.015625,0.0,0.0,0.0,0.0,0.0,0.0,0.0,0.890625,0.078125,0.015625,0.0
9,8,0.015625,0.0,0.0,0.0,0.0,0.0,0.0,0.0,0.890625,0.078125,0.015625,0.0
9,8,0.015625,0.0,0.0,0.0,0.0,0.0,0.0,0.0,0.890625,0.078125,0.015625,0.0
9,8,0.015625,0.0,0.0,0.0,0.0,0.0,0.0,0.0,0.890625,0.078125,0.015625,0.0
9,8,0.015625,0.0,0.0,0.0,0.0,0.0,0.0,0.0,0.890625,0.078125,0.015625,0.0
9,8,0.015625,0.0,0.0,0.0,0.0,0.0,0.0,0.0,0.890625,0.078125,0.015625,0.0
9,8,0.015625,0.0,0.0,0.0,0.0,0.0,0.0,0.0,0.890625,0.078125,0.015625,0.0
9,8,0.015625,0.0,0.0,0.0,0.0,0.0,0.0,0.0,0.890625,0.078125,0.015625,0.0
9,8,0.015625,0.0,0.0,0.0,0.0,0.0,0.0,0.0,0.890625,0.078125,0.015625,0.0
9,8,0.015625,0.0,0.0,0.0,0.0,0.0,0.0,0.0,0.890625,0.078125,0.015625,0.0
9,8,0.015625,0.0,0.0,0.0,0.0,0.0,0.0,0.0,0.890625,0.078125,0.015625,0.0
9,8,0.015625,0.0,0.0,0.0,0.0,0.0,0.0,0.0,0.890625,0.078125,0.015625,0.0
9,8,0.015625,0.0,0.0,0.0,0.0,0.0,0.0,0.0,0.890625,0.078125,0.015625,0.0
9,8,0.015625,0.0,0.0,0.0,0.0,0.0,0.0,0.0,0.890625,0.078125,0.015625,0.0
9,8,0.015625,0.0,0.0,0.0,0.0,0.0,0.0,0.0,0.890625,0.078125,0.015625,0.0
9,8,0.015625,0.0,0.0,0.0,0.0,0.0,0.0,0.0,0.890625,0.078125,0.015625,0.0
9,8,0.015625,0.0,0.0,0.0,0.0,0.0,0.0,0.0,0.890625,0.078125,0.015625,0.0
9,8,0.015625,0.0,0.0,0.0,0.0,0.0,0.0,0.0,0.890625,0.078125,0.015625,0.0
9,8,0.015625,0.0,0.0,0.0,0.0,0.0,0.0,0.0,0.890625,0.078125,0.015625,0.0
9,8,0.015625,0.0,0.0,0.0,0.0,0.0,0.0,0.0,0.890625,0.078125,0.015625,0.0
9,8,0.015625,0.0,0.0,0.0,0.0,0.0,0.0,0.0,0.890625,0.078125,0.015625,0.0
9,8,0.015625,0.0,0.0,0.0,0.0,0.0,0.0,0.0,0.890625,0.078125,0.015625,0.0
9,8,0.015625,0.0,0.0,0.0,0.0,0.0,0.0,0.0,0.890625,0.078125,0.015625,0.0
9,8,0.015625,0.0,0.0,0.0,0.0,0.0,0.0,0.0,0.890625,0.078125,0.015625,0.0
9,8,0.015625,0.0,0.0,0.0,0.0,0.0,0.0,0.0,0.890625,0.078125,0.015625,0.0
9,8,0.015625,0.0,0.0,0.0,0.0,0.0,0.0,0.0,0.890625,0.078125,0.015625,0.0
9,8,0.015625,0.0,0.0,0.0,0.0,0.0,0.0,0.0,0.890625,0.078125,0.015625,0.0
9,8,0.015625,0.0,0.0,0.0,0.0,0.0,0.0,0.0,0.890625,0.078125,0.015625,0.0
9,8,0.015625,0.0,0.0,0.0,0.0,0.0,0.0,0.0,0.890625,0.078125,0.015625,0.0
9,8,0.015625,0.0,0.0,0.0,0.0,0.0,0.0,0.0,0.890625,0.078125,0.015625,0.0
9,8,0.015625,0.0,0.0,0.0,0.0,0.0,0.0,0.0,0.890625,0.078125,0.015625,0.0
9,8,0.015625,0.0,0.0,0.0,0.0,0.0,0.0,0.0,0.890625,0.078125,0.015625,0.0
9,8,0.015625,0.0,0.0,0.0,0.0,0.0,0.0,0.0,0.890625,0.078125,0.015625,0.0
9,8,0.015625,0.0,0.0,0.0,0.0,0.0,0.0,0.0,0.890625,0.078125,0.015625,0.0
9,8,0.015625,0.0,0.0,0.0,0.0,0.0,0.0,0.0,0.890625,0.078125,0.015625,0.0
9,8,0.015625,0.0,0.0,0.0,0.0,0.0,0.0,0.0,0.890625,0.078125,0.015625,0.0
9,8,0.015625,0.0,0.0,0.0,0.0,0.0,0.0,0.0,0.890625,0.078125,0.015625,0.0
9,8,0.015625,0.0,0.0,0.0,0.0,0.0,0.0,0.0,0.890625,0.078125,0.015625,0.0
9,8,0.015625,0.0,0.0,0.0,0.0,0.0,0.0,0.0,0.890625,0.078125,0.015625,0.0
9,8,0.015625,0.0,0.0,0.0,0.0,0.0,0.0,0.0,0.890625,0.078125,0.015625,0.0
9,8,0.015625,0.0,0.0,0.0,0.0,0.0,0.0,0.0,0.890625,0.078125,0.015625,0.0
9,8,0.015625,0.0,0.0,0.0,0.0,0.0,0.0,0.0,0.890625,0.078125,0.015625,0.0
9,8,0.015625,0.0,0.0,0.0,0.0,0.0,0.0,0.0,0.890625,0.078125,0.015625,0.0
9,8,0.015625,0.0,0.0,0.0,0.0,0.0,0.0,0.0,0.890625,0.078125,0.015625,0.0
9,8,0.015625,0.0,0.0,0.0,0.0,0.0,0.0,0.0,0.890625,0.078125,0.015625,0.0
9,8,0.015625,0.0,0.0,0.0,0.0,0.0,0.0,0.0,0.890625,0.078125,0.015625,0.0
9,8,0.015625,0.0,0.0,0.0,0.0,0.0,0.0,0.0,0.890625,0.078125,0.015625,0.0
9,8,0.015625,0.0,0.0,0.0,0.0,0.0,0.0,0.0,0.890625,0.078125,0.015625,0.0
9,8,0.015625,0.0,0.0,0.0,0.0,0.0,0.0,0.0,0.890625,0.078125,0.015625,0.0
9,8,0.015625,0.0,0.0,0.0,0.0,0.0,0.0,0.0,0.890625,0.078125,0.015625,0.0
9,8,0.015625,0.0,0.0,0.0,0.0,0.0,0.0,0.0,0.890625,0.078125,0.015625,0.0
9,8,0.015625,0.0,0.0,0.0,0.0,0.0,0.0,0.0,0.890625,0.078125,0.015625,0.0
9,8,0.015625,0.0,0.0,0.0,0.0,0.0,0.0,0.0,0.890625,0.078125,0.015625,0.0
9,8,0.015625,0.0,0.0,0.0,0.0,0.0,0.0,0.0,0.890625,0.078125,0.015625,0.0
9,8,0.015625,0.0,0.0,0.0,0.0,0.0,0.0,0.0,0.890625,0.078125,0.015625,0.0
9,8,0.015625,0.0,0.0,0.0,0.0,0.0,0.0,0.0,0.890625,0.078125,0.015625,0.0
9,8,0.015625,0.0,0.0,0.0,0.0,0.0,0.0,0.0,0.890625,0.078125,0.015625,0.0
9,8,0.015625,0.0,0.0,0.0,0.0,0.0,0.0,0.0,0.890625,0.078125,0.015625,0.0
9,8,0.015625,0.0,0.0,0.0,0.0,0.0,0.0,0.0,0.890625,0.078125,0.015625,0.0
9,8,0.015625,0.0,0.0,0.0,0.0,0.0,0.0,0.0,0.890625,0.078125,0.015625,0.0
9,8,0.015625,0.0,0.0,0.0,0.0,0.0,0.0,0.0,0.890625,0.078125,0.015625,0.0
9,8,0.015625,0.0,0.0,0.0,0.0,0.0,0.0,0.0,0.890625,0.078125,0.015625,0.0
9,8,0.015625,0.0,0.0,0.0,0.0,0.0,0.0,0.0,0.890625,0.078125,0.015625,0.0
9,8,0.015625,0.0,0.0,0.0,0.0,0.0,0.0,0.0,0.890625,0.078125,0.015625,0.0
9,8,0.015625,0.0,0.0,0.0,0.0,0.0,0.0,0.0,0.890625,0.078125,0.015625,0.0
9,8,0.015625,0.0,0.0,0.0,0.0,0.0,0.0,0.0,0.890625,0.078125,0.015625,0.0
9,8,0.015625,0.0,0.0,0.0,0.0,0.0,0.0,0.0,0.890625,0.078125,0.015625,0.0
9,8,0.015625,0.0,0.0,0.0,0.0,0.0,0.0,0.0,0.890625,0.078125,0.015625,0.0
9,8,0.015625,0.0,0.0,0.0,0.0,0.0,0.0,0.0,0.890625,0.078125,0.015625,0.0
9,8,0.015625,0.0,0.0,0.0,0.0,0.0,0.0,0.0,0.890625,0.078125,0.015625,0.0
9,8,0.015625,0.0,0.0,0.0,0.0,0.0,0.0,0.0,0.890625,0.078125,0.015625,0.0
9,8,0.015625,0.0,0.0,0.0,0.0,0.0,0.0,0.0,0.890625,0.078125,0.015625,0.0
9,8,0.015625,0.0,0.0,0.0,0.0,0.0,0.0,0.0,0.890625,0.078125,0.015625,0.0
9,8,0.015625,0.0,0.0,0.0,0.0,0.0,0.0,0.0,0.890625,0.078125,0.015625,0.0
9,8,0.015625,0.0,0.0,0.0,0.0,0.0,0.0,0.0,0.890625,0.078125,0.015625,0.0
9,8,0.015625,0.0,0.0,0.0,0.0,0.0,0.0,0.0,0.890625,0.078125,0.015625,0.0
9,8,0.015625,0.0,0.0,0.0,0.0,0.0,0.0,0.0,0.890625,0.078125,0.015625,0.0
9,8,0.015625,0.0,0.0,0.0,0.0,0.0,0.0,0.0,0.890625,0.078125,0.015625,0.0
9,8,0.015625,0.0,0.0,0.0,0.0,0.0,0.0,0.0,0.890625,0.078125,0.015625,0.0
9,8,0.015625,0.0,0.0,0.0,0.0,0.0,0.0,0.0,0.890625,0.078125,0.015625,0.0
9,8,0.015625,0.0,0.0,0.0,0.0,0.0,0.0,0.0,0.890625,0.078125,0.015625,0.0
9,8,0.015625,0.0,0.0,0.0,0.0,0.0,0.0,0.0,0.890625,0.078125,0.015625,0.0
9,8,0.015625,0.0,0.0,0.0,0.0,0.0,0.0,0.0,0.890625,0.078125,0.015625,0.0
9,8,0.015625,0.0,0.0,0.0,0.0,0.0,0.0,0.0,0.890625,0.078125,0.015625,0.0
9,8,0.015625,0.0,0.0,0.0,0.0,0.0,0.0,0.0,0.890625,0.078125,0.015625,0.0
9,8,0.015625,0.0,0.0,0.0,0.0,0.0,0.0,0.0,0.890625,0.078125,0.015625,0.0
9,8,0.015625,0.0,0.0,0.0,0.0,0.0,0.0,0.0,0.890625,0.078125,0.015625,0.0
9,8,0.015625,0.0,0.0,0.0,0.0,0.0,0.0,0.0,0.890625,0.078125,0.015625,0.0
9,8,0.015625,0.0,0.0,0.0,0.0,0.0,0.0,0.0,0.890625,0.078125,0.015625,0.0
9,8,0.015625,0.0,0.0,0.0,0.0,0.0,0.0,0.0,0.890625,0.078125,0.015625,0.0
9,8,0.015625,0.0,0.0,0.0,0.0,0.0,0.0,0.0,0.890625,0.078125,0.015625,0.0
9,8,0.015625,0.0,0.0,0.0,0.0,0.0,0.0,0.0,0.890625,0.078125,0.015625,0.0
9,8,0.015625,0.0,0.0,0.0,0.0,0.0,0.0,0.0,0.890625,0.078125,0.015625,0.0
9,8,0.015625,0.0,0.0,0.0,0.0,0.0,0.0,0.0,0.890625,0.078125,0.015625,0.0
9,8,0.015625,0.0,0.0,0.0,0.0,0.0,0.0,0.0,0.890625,0.078125,0.015625,0.0
9,8,0.015625,0.0,0.0,0.0,0.0,0.0,0.0,0.0,0.890625,0.078125,0.015625,0.0
9,8,0.015625,0.0,0.0,0.0,0.0,0.0,0.0,0.0,0.890625,0.078125,0.015625,0.0
9,8,0.015625,0.0,0.0,0.0,0.0,0.0,0.0,0.0,0.890625,0.078125,0.015625,0.0
9,8,0.015625,0.0,0.0,0.0,0.0,0.0,0.0,0.0,0.890625,0.078125,0.015625,0.0
9,8,0.015625,0.0,0.0,0.0,0.0,0.0,0.0,0.0,0.890625,0.078125,0.015625,0.0
9,8,0.015625,0.0,0.0,0.0,0.0,0.0,0.0,0.0,0.890625,0.078125,0.015625,0.0
9,8,0.015625,0.0,0.0,0.0,0.0,0.0,0.0,0.0,0.890625,0.078125,0.015625,0.0
9,8,0.015625,0.0,0.0,0.0,0.0,0.0,0.0,0.0,0.890625,0.078125,0.015625,0.0
9,8,0.015625,0.0,0.0,0.0,0.0,0.0,0.0,0.0,0.890625,0.078125,0.015625,0.0
9,8,0.015625,0.0,0.0,0.0,0.0,0.0,0.0,0.0,0.890625,0.078125,0.015625,0.0
9,8,0.015625,0.0,0.0,0.0,0.0,0.0,0.0,0.0,0.890625,0.078125,0.015625,0.0
9,8,0.015625,0.0,0.0,0.0,0.0,0.0,0.0,0.0,0.890625,0.078125,0.015625,0.0
9,8,0.015625,0.0,0.0,0.0,0.0,0.0,0.0,0.0,0.90625,0.0625,0.015625,0.0
9,8,0.015625,0.0,0.0,0.0,0.0,0.0,0.0,0.0,0.90625,0.0625,0.015625,0.0
9,8,0.015625,0.0,0.0,0.0,0.0,0.0,0.0,0.0,0.90625,0.0625,0.015625,0.0
9,8,0.015625,0.0,0.0,0.0,0.0,0.0,0.0,0.0,0.90625,0.0625,0.015625,0.0
9,8,0.015625,0.0,0.0,0.0,0.0,0.0,0.0,0.0,0.90625,0.0625,0.015625,0.0
9,8,0.015625,0.0,0.0,0.0,0.0,0.0,0.0,0.0,0.90625,0.0625,0.015625,0.0
9,8,0.015625,0.0,0.0,0.0,0.0,0.0,0.0,0.0,0.90625,0.0625,0.015625,0.0
9,8,0.015625,0.0,0.0,0.0,0.0,0.0,0.0,0.0,0.90625,0.0625,0.015625,0.0
9,8,0.015625,0.0,0.0,0.0,0.0,0.0,0.0,0.0,0.90625,0.0625,0.015625,0.0
9,8,0.015625,0.0,0.0,0.0,0.0,0.0,0.0,0.0,0.90625,0.0625,0.015625,0.0
9,8,0.015625,0.0,0.0,0.0,0.0,0.0,0.0,0.0,0.90625,0.0625,0.015625,0.0
9,8,0.015625,0.0,0.0,0.0,0.0,0.0,0.0,0.0,0.90625,0.0625,0.015625,0.0
9,8,0.015625,0.0,0.0,0.0,0.0,0.0,0.0,0.0,0.90625,0.0625,0.015625,0.0
9,8,0.015625,0.0,0.0,0.0,0.0,0.0,0.0,0.0,0.90625,0.0625,0.015625,0.0
9,8,0.015625,0.0,0.0,0.0,0.0,0.0,0.0,0.0,0.90625,0.0625,0.015625,0.0
9,8,0.015625,0.0,0.0,0.0,0.0,0.0,0.0,0.0,0.90625,0.0625,0.015625,0.0
9,8,0.015625,0.0,0.0,0.0,0.0,0.0,0.0,0.0,0.90625,0.0625,0.015625,0.0
9,8,0.015625,0.0,0.0,0.0,0.0,0.0,0.0,0.0,0.90625,0.0625,0.015625,0.0
9,8,0.015625,0.0,0.0,0.0,0.0,0.0,0.0,0.0,0.90625,0.0625,0.015625,0.0
9,8,0.015625,0.0,0.0,0.0,0.0,0.0,0.0,0.0,0.90625,0.0625,0.015625,0.0
9,8,0.015625,0.0,0.0,0.0,0.0,0.0,0.0,0.0,0.90625,0.0625,0.015625,0.0
9,8,0.015625,0.0,0.0,0.0,0.0,0.0,0.0,0.0,0.90625,0.0625,0.015625,0.0
9,8,0.015625,0.0,0.0,0.0,0.0,0.0,0.0,0.0,0.90625,0.0625,0.015625,0.0
9,8,0.015625,0.0,0.0,0.0,0.0,0.0,0.0,0.0,0.90625,0.0625,0.015625,0.0
9,8,0.015625,0.0,0.0,0.0,0.0,0.0,0.0,0.0,0.90625,0.0625,0.015625,0.0
9,8,0.015625,0.0,0.0,0.0,0.0,0.0,0.0,0.0,0.90625,0.0625,0.015625,0.0
9,8,0.015625,0.0,0.0,0.0,0.0,0.0,0.0,0.0,0.90625,0.0625,0.015625,0.0
9,8,0.015625,0.0,0.0,0.0,0.0,0.0,0.0,0.0,0.90625,0.0625,0.015625,0.0
9,8,0.015625,0.0,0.0,0.0,0.0,0.0,0.0,0.0,0.90625,0.0625,0.015625,0.0
9,8,0.015625,0.0,0.0,0.0,0.0,0.0,0.0,0.0,0.90625,0.0625,0.015625,0.0
9,8,0.015625,0.0,0.0,0.0,0.0,0.0,0.0,0.0,0.90625,0.0625,0.015625,0.0
9,8,0.015625,0.0,0.0,0.0,0.0,0.0,0.0,0.0,0.90625,0.0625,0.015625,0.0
9,8,0.015625,0.0,0.0,0.0,0.0,0.0,0.0,0.0,0.90625,0.0625,0.015625,0.0
9,8,0.015625,0.0,0.0,0.0,0.0,0.0,0.0,0.0,0.90625,0.0625,0.015625,0.0
9,8,0.015625,0.0,0.0,0.0,0.0,0.0,0.0,0.0,0.90625,0.0625,0.015625,0.0
9,8,0.015625,0.0,0.0,0.0,0.0,0.0,0.0,0.0,0.90625,0.0625,0.015625,0.0
9,8,0.015625,0.0,0.0,0.0,0.0,0.0,0.0,0.0,0.90625,0.0625,0.015625,0.0
9,8,0.015625,0.0,0.0,0.0,0.0,0.0,0.0,0.0,0.90625,0.0625,0.015625,0.0
9,8,0.015625,0.0,0.0,0.0,0.0,0.0,0.0,0.0,0.90625,0.0625,0.015625,0.0
9,8,0.015625,0.0,0.0,0.0,0.0,0.0,0.0,0.0,0.90625,0.0625,0.015625,0.0
9,8,0.015625,0.0,0.0,0.0,0.0,0.0,0.0,0.0,0.90625,0.0625,0.015625,0.0
9,8,0.015625,0.0,0.0,0.0,0.0,0.0,0.0,0.0,0.90625,0.0625,0.015625,0.0
9,8,0.015625,0.0,0.0,0.0,0.0,0.0,0.0,0.0,0.90625,0.0625,0.015625,0.0
9,8,0.015625,0.0,0.0,0.0,0.0,0.0,0.0,0.0,0.90625,0.0625,0.015625,0.0
9,8,0.015625,0.0,0.0,0.0,0.0,0.0,0.0,0.0,0.90625,0.0625,0.015625,0.0
9,8,0.015625,0.0,0.0,0.0,0.0,0.0,0.0,0.0,0.90625,0.0625,0.015625,0.0
9,8,0.015625,0.0,0.0,0.0,0.0,0.0,0.0,0.0,0.90625,0.0625,0.015625,0.0
9,8,0.015625,0.0,0.0,0.0,0.0,0.0,0.0,0.0,0.90625,0.0625,0.015625,0.0
9,8,0.015625,0.0,0.0,0.0,0.0,0.0,0.0,0.0,0.90625,0.0625,0.015625,0.0
9,8,0.015625,0.0,0.0,0.0,0.0,0.0,0.0,0.0,0.90625,0.0625,0.015625,0.0
9,8,0.015625,0.0,0.0,0.0,0.0,0.0,0.0,0.0,0.90625,0.0625,0.015625,0.0
9,8,0.015625,0.0,0.0,0.0,0.0,0.0,0.0,0.0,0.90625,0.0625,0.015625,0.0
9,8,0.015625,0.0,0.0,0.0,0.0,0.0,0.0,0.0,0.90625,0.0625,0.015625,0.0
9,8,0.015625,0.0,0.0,0.0,0.0,0.0,0.0,0.0,0.90625,0.0625,0.015625,0.0
9,8,0.015625,0.0,0.0,0.0,0.0,0.0,0.0,0.0,0.90625,0.0625,0.015625,0.0
9,8,0.015625,0.0,0.0,0.0,0.0,0.0,0.0,0.0,0.90625,0.0625,0.015625,0.0
9,8,0.015625,0.0,0.0,0.0,0.0,0.0,0.0,0.0,0.90625,0.0625,0.015625,0.0
9,8,0.015625,0.0,0.0,0.0,0.0,0.0,0.0,0.0,0.90625,0.0625,0.015625,0.0
9,8,0.015625,0.0,0.0,0.0,0.0,0.0,0.0,0.0,0.90625,0.0625,0.015625,0.0
9,8,0.015625,0.0,0.0,0.0,0.0,0.0,0.0,0.0,0.90625,0.0625,0.015625,0.0
9,8,0.015625,0.0,0.0,0.0,0.0,0.0,0.0,0.0,0.90625,0.0625,0.015625,0.0
9,8,0.015625,0.0,0.0,0.0,0.0,0.0,0.0,0.0,0.90625,0.0625,0.015625,0.0
9,8,0.015625,0.0,0.0,0.0,0.0,0.0,0.0,0.0,0.90625,0.0625,0.015625,0.0
9,8,0.015625,0.0,0.0,0.0,0.0,0.0,0.0,0.0,0.90625,0.0625,0.015625,0.0
9,8,0.015625,0.0,0.0,0.0,0.0,0.0,0.0,0.0,0.90625,0.0625,0.015625,0.0
9,8,0.015625,0.0,0.0,0.0,0.0,0.0,0.0,0.0,0.90625,0.0625,0.015625,0.0
9,8,0.015625,0.0,0.0,0.0,0.0,0.0,0.0,0.0,0.90625,0.0625,0.015625,0.0
9,8,0.015625,0.0,0.0,0.0,0.0,0.0,0.0,0.0,0.90625,0.0625,0.015625,0.0
9,8,0.015625,0.0,0.0,0.0,0.0,0.0,0.0,0.0,0.90625,0.0625,0.015625,0.0
9,8,0.015625,0.0,0.0,0.0,0.0,0.0,0.0,0.0,0.90625,0.0625,0.015625,0.0
9,8,0.015625,0.0,0.0,0.0,0.0,0.0,0.0,0.0,0.90625,0.0625,0.015625,0.0
9,8,0.015625,0.0,0.0,0.0,0.0,0.0,0.0,0.0,0.90625,0.0625,0.015625,0.0
9,8,0.015625,0.0,0.0,0.0,0.0,0.0,0.0,0.0,0.90625,0.0625,0.015625,0.0
9,8,0.015625,0.0,0.0,0.0,0.0,0.0,0.0,0.0,0.90625,0.0625,0.015625,0.0
9,8,0.015625,0.0,0.0,0.0,0.0,0.0,0.0,0.0,0.90625,0.0625,0.015625,0.0
9,8,0.015625,0.0,0.0,0.0,0.0,0.0,0.0,0.0,0.90625,0.0625,0.015625,0.0
9,8,0.015625,0.0,0.0,0.0,0.0,0.0,0.0,0.0,0.90625,0.0625,0.015625,0.0
9,8,0.015625,0.0,0.0,0.0,0.0,0.0,0.0,0.0,0.90625,0.0625,0.015625,0.0
9,8,0.015625,0.0,0.0,0.0,0.0,0.0,0.0,0.0,0.90625,0.0625,0.015625,0.0
9,8,0.015625,0.0,0.0,0.0,0.0,0.0,0.0,0.0,0.90625,0.0625,0.015625,0.0
9,8,0.015625,0.0,0.0,0.0,0.0,0.0,0.0,0.0,0.90625,0.0625,0.015625,0.0
9,8,0.015625,0.0,0.0,0.0,0.0,0.0,0.0,0.0,0.90625,0.0625,0.015625,0.0
9,8,0.015625,0.0,0.0,0.0,0.0,0.0,0.0,0.0,0.90625,0.0625,0.015625,0.0
9,8,0.015625,0.0,0.0,0.0,0.0,0.0,0.0,0.0,0.90625,0.0625,0.015625,0.0
9,8,0.015625,0.0,0.0,0.0,0.0,0.0,0.0,0.0,0.90625,0.0625,0.015625,0.0
9,8,0.015625,0.0,0.0,0.0,0.0,0.0,0.0,0.0,0.90625,0.0625,0.015625,0.0
9,8,0.015625,0.0,0.0,0.0,0.0,0.0,0.0,0.0,0.90625,0.0625,0.015625,0.0
9,8,0.015625,0.0,0.0,0.0,0.0,0.0,0.0,0.0,0.90625,0.0625,0.015625,0.0
9,8,0.015625,0.0,0.0,0.0,0.0,0.0,0.0,0.0,0.90625,0.0625,0.015625,0.0
9,8,0.015625,0.0,0.0,0.0,0.0,0.0,0.0,0.0,0.90625,0.0625,0.015625,0.0
9,8,0.015625,0.0,0.0,0.0,0.0,0.0,0.0,0.0,0.90625,0.0625,0.015625,0.0
9,8,0.015625,0.0,0.0,0.0,0.0,0.0,0.0,0.0,0.90625,0.0625,0.015625,0.0
9,8,0.015625,0.0,0.0,0.0,0.0,0.0,0.0,0.0,0.90625,0.0625,0.015625,0.0
9,8,0.015625,0.0,0.0,0.0,0.0,0.0,0.0,0.0,0.90625,0.0625,0.015625,0.0
9,8,0.015625,0.0,0.0,0.0,0.0,0.0,0.0,0.0,0.90625,0.0625,0.015625,0.0
9,8,0.015625,0.0,0.0,0.0,0.0,0.0,0.0,0.0,0.90625,0.0625,0.015625,0.0
9,8,0.015625,0.0,0.0,0.0,0.0,0.0,0.0,0.0,0.90625,0.0625,0.015625,0.0
9,8,0.015625,0.0,0.0,0.0,0.0,0.0,0.0,0.0,0.90625,0.0625,0.015625,0.0
9,8,0.015625,0.0,0.0,0.0,0.0,0.0,0.0,0.0,0.90625,0.0625,0.015625,0.0
9,8,0.015625,0.0,0.0,0.0,0.0,0.0,0.0,0.0,0.90625,0.0625,0.015625,0.0
9,8,0.015625,0.0,0.0,0.0,0.0,0.0,0.0,0.0,0.90625,0.0625,0.015625,0.0
9,8,0.015625,0.0,0.0,0.0,0.0,0.0,0.0,0.0,0.90625,0.0625,0.015625,0.0
9,8,0.015625,0.0,0.0,0.0,0.0,0.0,0.0,0.0,0.90625,0.0625,0.015625,0.0
9,8,0.015625,0.0,0.0,0.0,0.0,0.0,0.0,0.0,0.90625,0.0625,0.015625,0.0
9,8,0.015625,0.0,0.0,0.0,0.0,0.0,0.0,0.0,0.90625,0.0625,0.015625,0.0
9,8,0.015625,0.0,0.0,0.0,0.0,0.0,0.0,0.0,0.90625,0.0625,0.015625,0.0
9,8,0.015625,0.0,0.0,0.0,0.0,0.0,0.0,0.0,0.90625,0.0625,0.015625,0.0
9,8,0.015625,0.0,0.0,0.0,0.0,0.0,0.0,0.0,0.90625,0.0625,0.015625,0.0
9,8,0.015625,0.0,0.0,0.0,0.0,0.0,0.0,0.0,0.90625,0.0625,0.015625,0.0
9,8,0.015625,0.0,0.0,0.0,0.0,0.0,0.0,0.0,0.90625,0.0625,0.015625,0.0
9,8,0.015625,0.0,0.0,0.0,0.0,0.0,0.0,0.0,0.90625,0.0625,0.015625,0.0
9,8,0.015625,0.0,0.0,0.0,0.0,0.0,0.0,0.0,0.90625,0.0625,0.015625,0.0
9,8,0.015625,0.0,0.0,0.0,0.0,0.0,0.0,0.0,0.90625,0.0625,0.015625,0.0
9,8,0.015625,0.0,0.0,0.0,0.0,0.0,0.0,0.0,0.90625,0.0625,0.015625,0.0
9,8,0.015625,0.0,0.0,0.0,0.0,0.0,0.0,0.0,0.90625,0.0625,0.015625,0.0
9,8,0.015625,0.0,0.0,0.0,0.0,0.0,0.0,0.0,0.90625,0.0625,0.015625,0.0
9,8,0.015625,0.0,0.0,0.0,0.0,0.0,0.0,0.0,0.90625,0.0625,0.015625,0.0
9,8,0.015625,0.0,0.0,0.0,0.0,0.0,0.0,0.0,0.90625,0.0625,0.015625,0.0
9,8,0.015625,0.0,0.0,0.0,0.0,0.0,0.0,0.0,0.90625,0.0625,0.015625,0.0
9,8,0.015625,0.0,0.0,0.0,0.0,0.0,0.0,0.0,0.90625,0.0625,0.015625,0.0
9,8,0.015625,0.0,0.0,0.0,0.0,0.0,0.0,0.0,0.90625,0.0625,0.015625,0.0
9,8,0.015625,0.0,0.0,0.0,0.0,0.0,0.0,0.0,0.90625,0.0625,0.015625,0.0
9,8,0.015625,0.0,0.0,0.0,0.0,0.0,0.0,0.0,0.90625,0.0625,0.015625,0.0
9,8,0.015625,0.0,0.0,0.0,0.0,0.0,0.0,0.0,0.90625,0.0625,0.015625,0.0
9,8,0.015625,0.0,0.0,0.0,0.0,0.0,0.0,0.0,0.90625,0.0625,0.015625,0.0
9,8,0.015625,0.0,0.0,0.0,0.0,0.0,0.0,0.0,0.90625,0.0625,0.015625,0.0
9,8,0.015625,0.0,0.0,0.0,0.0,0.0,0.0,0.0,0.90625,0.0625,0.015625,0.0
9,8,0.015625,0.0,0.0,0.0,0.0,0.0,0.0,0.0,0.90625,0.0625,0.015625,0.0
9,8,0.015625,0.0,0.0,0.0,0.0,0.0,0.0,0.0,0.90625,0.0625,0.015625,0.0
9,8,0.015625,0.0,0.0,0.0,0.0,0.0,0.0,0.0,0.90625,0.0625,0.015625,0.0
9,8,0.015625,0.0,0.0,0.0,0.0,0.0,0.0,0.0,0.90625,0.0625,0.015625,0.0
9,8,0.015625,0.0,0.0,0.0,0.0,0.0,0.0,0.0,0.90625,0.0625,0.015625,0.0
9,8,0.015625,0.0,0.0,0.0,0.0,0.0,0.0,0.0,0.90625,0.0625,0.015625,0.0
9,8,0.015625,0.0,0.0,0.0,0.0,0.0,0.0,0.0,0.921875,0.046875,0.015625,0.0
9,8,0.015625,0.0,0.0,0.0,0.0,0.0,0.0,0.0,0.921875,0.046875,0.015625,0.0
9,8,0.015625,0.0,0.0,0.0,0.0,0.0,0.0,0.0,0.921875,0.046875,0.015625,0.0
9,8,0.015625,0.0,0.0,0.0,0.0,0.0,0.0,0.0,0.921875,0.046875,0.015625,0.0
9,8,0.015625,0.0,0.0,0.0,0.0,0.0,0.0,0.0,0.921875,0.046875,0.015625,0.0
9,8,0.015625,0.0,0.0,0.0,0.0,0.0,0.0,0.0,0.921875,0.046875,0.015625,0.0
9,8,0.015625,0.0,0.0,0.0,0.0,0.0,0.0,0.0,0.921875,0.046875,0.015625,0.0
9,8,0.015625,0.0,0.0,0.0,0.0,0.0,0.0,0.0,0.921875,0.046875,0.015625,0.0
9,8,0.015625,0.0,0.0,0.0,0.0,0.0,0.0,0.0,0.921875,0.046875,0.015625,0.0
9,8,0.015625,0.0,0.0,0.0,0.0,0.0,0.0,0.0,0.921875,0.046875,0.015625,0.0
9,8,0.015625,0.0,0.0,0.0,0.0,0.0,0.0,0.0,0.921875,0.046875,0.015625,0.0
9,8,0.015625,0.0,0.0,0.0,0.0,0.0,0.0,0.0,0.921875,0.046875,0.015625,0.0
9,8,0.015625,0.0,0.0,0.0,0.0,0.0,0.0,0.0,0.921875,0.046875,0.015625,0.0
9,8,0.015625,0.0,0.0,0.0,0.0,0.0,0.0,0.0,0.921875,0.046875,0.015625,0.0
9,8,0.015625,0.0,0.0,0.0,0.0,0.0,0.0,0.0,0.921875,0.046875,0.015625,0.0
9,8,0.015625,0.0,0.0,0.0,0.0,0.0,0.0,0.0,0.921875,0.046875,0.015625,0.0
9,8,0.015625,0.0,0.0,0.0,0.0,0.0,0.0,0.0,0.921875,0.046875,0.015625,0.0
9,8,0.015625,0.0,0.0,0.0,0.0,0.0,0.0,0.0,0.921875,0.046875,0.015625,0.0
9,8,0.015625,0.0,0.0,0.0,0.0,0.0,0.0,0.0,0.921875,0.046875,0.015625,0.0
9,8,0.015625,0.0,0.0,0.0,0.0,0.0,0.0,0.0,0.921875,0.046875,0.015625,0.0
9,8,0.015625,0.0,0.0,0.0,0.0,0.0,0.0,0.0,0.921875,0.046875,0.015625,0.0
9,8,0.015625,0.0,0.0,0.0,0.0,0.0,0.0,0.0,0.921875,0.046875,0.015625,0.0
9,8,0.015625,0.0,0.0,0.0,0.0,0.0,0.0,0.0,0.921875,0.046875,0.015625,0.0
9,8,0.015625,0.0,0.0,0.0,0.0,0.0,0.0,0.0,0.921875,0.046875,0.015625,0.0
9,8,0.015625,0.0,0.0,0.0,0.0,0.0,0.0,0.0,0.921875,0.046875,0.015625,0.0
9,8,0.015625,0.0,0.0,0.0,0.0,0.0,0.0,0.0,0.921875,0.046875,0.015625,0.0
9,8,0.015625,0.0,0.0,0.0,0.0,0.0,0.0,0.0,0.921875,0.046875,0.015625,0.0
9,8,0.015625,0.0,0.0,0.0,0.0,0.0,0.0,0.0,0.921875,0.046875,0.015625,0.0
9,8,0.015625,0.0,0.0,0.0,0.0,0.0,0.0,0.0,0.921875,0.046875,0.015625,0.0
9,8,0.015625,0.0,0.0,0.0,0.0,0.0,0.0,0.0,0.921875,0.046875,0.015625,0.0
9,8,0.015625,0.0,0.0,0.0,0.0,0.0,0.0,0.0,0.921875,0.046875,0.015625,0.0
9,8,0.015625,0.0,0.0,0.0,0.0,0.0,0.0,0.0,0.921875,0.046875,0.015625,0.0
9,8,0.015625,0.0,0.0,0.0,0.0,0.0,0.0,0.0,0.921875,0.046875,0.015625,0.0
9,8,0.015625,0.0,0.0,0.0,0.0,0.0,0.0,0.0,0.921875,0.046875,0.015625,0.0
9,8,0.015625,0.0,0.0,0.0,0.0,0.0,0.0,0.0,0.921875,0.046875,0.015625,0.0
9,8,0.015625,0.0,0.0,0.0,0.0,0.0,0.0,0.0,0.921875,0.046875,0.015625,0.0
9,8,0.015625,0.0,0.0,0.0,0.0,0.0,0.0,0.0,0.9375,0.046875,0.0,0.0
9,8,0.015625,0.0,0.0,0.0,0.0,0.0,0.0,0.0,0.9375,0.046875,0.0,0.0
9,8,0.015625,0.0,0.0,0.0,0.0,0.0,0.0,0.0,0.9375,0.046875,0.0,0.0
9,8,0.015625,0.0,0.0,0.0,0.0,0.0,0.0,0.0,0.9375,0.046875,0.0,0.0
9,8,0.015625,0.0,0.0,0.0,0.0,0.0,0.0,0.0,0.9375,0.046875,0.0,0.0
9,8,0.015625,0.0,0.0,0.0,0.0,0.0,0.0,0.0,0.9375,0.046875,0.0,0.0
9,8,0.015625,0.0,0.0,0.0,0.0,0.0,0.0,0.0,0.9375,0.046875,0.0,0.0
9,8,0.015625,0.0,0.0,0.0,0.0,0.0,0.0,0.0,0.9375,0.046875,0.0,0.0
9,8,0.015625,0.0,0.0,0.0,0.0,0.0,0.0,0.0,0.9375,0.046875,0.0,0.0
9,8,0.015625,0.0,0.0,0.0,0.0,0.0,0.0,0.0,0.9375,0.046875,0.0,0.0
9,8,0.015625,0.0,0.0,0.0,0.0,0.0,0.0,0.0,0.9375,0.046875,0.0,0.0
9,8,0.015625,0.0,0.0,0.0,0.0,0.0,0.0,0.0,0.9375,0.046875,0.0,0.0
9,8,0.015625,0.0,0.0,0.0,0.0,0.0,0.0,0.0,0.9375,0.046875,0.0,0.0
9,8,0.015625,0.0,0.0,0.0,0.0,0.0,0.0,0.0,0.9375,0.046875,0.0,0.0
9,8,0.015625,0.0,0.0,0.0,0.0,0.0,0.0,0.0,0.9375,0.046875,0.0,0.0
9,8,0.015625,0.0,0.0,0.0,0.0,0.0,0.0,0.0,0.9375,0.046875,0.0,0.0
9,8,0.015625,0.0,0.0,0.0,0.0,0.0,0.0,0.0,0.9375,0.046875,0.0,0.0
9,8,0.015625,0.0,0.0,0.0,0.0,0.0,0.0,0.0,0.9375,0.046875,0.0,0.0
9,8,0.015625,0.0,0.0,0.0,0.0,0.0,0.0,0.0,0.9375,0.046875,0.0,0.0
9,8,0.015625,0.0,0.0,0.0,0.0,0.0,0.0,0.0,0.9375,0.046875,0.0,0.0
9,8,0.015625,0.0,0.0,0.0,0.0,0.0,0.0,0.0,0.9375,0.046875,0.0,0.0
9,8,0.015625,0.0,0.0,0.0,0.0,0.0,0.0,0.0,0.9375,0.046875,0.0,0.0
9,8,0.015625,0.0,0.0,0.0,0.0,0.0,0.0,0.0,0.9375,0.046875,0.0,0.0
9,8,0.015625,0.0,0.0,0.0,0.0,0.0,0.0,0.0,0.9375,0.046875,0.0,0.0
9,8,0.015625,0.0,0.0,0.0,0.0,0.0,0.0,0.0,0.9375,0.046875,0.0,0.0
9,8,0.015625,0.0,0.0,0.0,0.0,0.0,0.0,0.0,0.9375,0.046875,0.0,0.0
9,8,0.015625,0.0,0.0,0.0,0.0,0.0,0.0,0.0,0.9375,0.046875,0.0,0.0
9,8,0.015625,0.0,0.0,0.0,0.0,0.0,0.0,0.0,0.9375,0.046875,0.0,0.0
9,8,0.015625,0.0,0.0,0.0,0.0,0.0,0.0,0.0,0.9375,0.046875,0.0,0.0
9,8,0.015625,0.0,0.0,0.0,0.0,0.0,0.0,0.0,0.9375,0.046875,0.0,0.0
9,8,0.015625,0.0,0.0,0.0,0.0,0.0,0.0,0.0,0.9375,0.046875,0.0,0.0
9,8,0.015625,0.0,0.0,0.0,0.0,0.0,0.0,0.0,0.9375,0.046875,0.0,0.0
9,8,0.015625,0.0,0.0,0.0,0.0,0.0,0.0,0.0,0.9375,0.046875,0.0,0.0
9,8,0.015625,0.0,0.0,0.0,0.0,0.0,0.0,0.0,0.9375,0.046875,0.0,0.0
9,8,0.015625,0.0,0.0,0.0,0.0,0.0,0.0,0.0,0.9375,0.046875,0.0,0.0
9,8,0.015625,0.0,0.0,0.0,0.0,0.0,0.0,0.0,0.9375,0.046875,0.0,0.0
9,8,0.015625,0.0,0.0,0.0,0.0,0.0,0.0,0.0,0.9375,0.046875,0.0,0.0
9,8,0.015625,0.0,0.0,0.0,0.0,0.0,0.0,0.0,0.9375,0.046875,0.0,0.0
9,8,0.015625,0.0,0.0,0.0,0.0,0.0,0.0,0.0,0.9375,0.046875,0.0,0.0
9,8,0.015625,0.0,0.0,0.0,0.0,0.0,0.0,0.0,0.9375,0.046875,0.0,0.0
9,8,0.015625,0.0,0.0,0.0,0.0,0.0,0.0,0.0,0.9375,0.046875,0.0,0.0
9,8,0.015625,0.0,0.0,0.0,0.0,0.0,0.0,0.0,0.9375,0.046875,0.0,0.0
9,8,0.015625,0.0,0.0,0.0,0.0,0.0,0.0,0.0,0.9375,0.046875,0.0,0.0
9,8,0.015625,0.0,0.0,0.0,0.0,0.0,0.0,0.0,0.9375,0.046875,0.0,0.0
9,8,0.015625,0.0,0.0,0.0,0.0,0.0,0.0,0.0,0.9375,0.046875,0.0,0.0
9,8,0.015625,0.0,0.0,0.0,0.0,0.0,0.0,0.0,0.9375,0.046875,0.0,0.0
9,8,0.015625,0.0,0.0,0.0,0.0,0.0,0.0,0.0,0.9375,0.046875,0.0,0.0
9,8,0.015625,0.0,0.0,0.0,0.0,0.0,0.0,0.0,0.9375,0.046875,0.0,0.0
9,8,0.015625,0.0,0.0,0.0,0.0,0.0,0.0,0.0,0.9375,0.046875,0.0,0.0
9,8,0.015625,0.0,0.0,0.0,0.0,0.0,0.0,0.0,0.9375,0.046875,0.0,0.0
9,8,0.015625,0.0,0.0,0.0,0.0,0.0,0.0,0.0,0.9375,0.046875,0.0,0.0
9,8,0.015625,0.0,0.0,0.0,0.0,0.0,0.0,0.0,0.9375,0.046875,0.0,0.0
9,8,0.015625,0.0,0.0,0.0,0.0,0.0,0.0,0.0,0.9375,0.046875,0.0,0.0
9,8,0.015625,0.0,0.0,0.0,0.0,0.0,0.0,0.0,0.9375,0.046875,0.0,0.0
9,8,0.015625,0.0,0.0,0.0,0.0,0.0,0.0,0.0,0.9375,0.046875,0.0,0.0
9,8,0.015625,0.0,0.0,0.0,0.0,0.0,0.0,0.0,0.9375,0.046875,0.0,0.0
9,8,0.015625,0.0,0.0,0.0,0.0,0.0,0.0,0.0,0.9375,0.046875,0.0,0.0
9,8,0.015625,0.0,0.0,0.0,0.0,0.0,0.0,0.0,0.9375,0.046875,0.0,0.0
9,8,0.015625,0.0,0.0,0.0,0.0,0.0,0.0,0.0,0.9375,0.046875,0.0,0.0
9,8,0.015625,0.0,0.0,0.0,0.0,0.0,0.0,0.0,0.9375,0.046875,0.0,0.0
9,8,0.015625,0.0,0.0,0.0,0.0,0.0,0.0,0.0,0.9375,0.046875,0.0,0.0
9,8,0.015625,0.0,0.0,0.0,0.0,0.0,0.0,0.0,0.9375,0.046875,0.0,0.0
9,8,0.015625,0.0,0.0,0.0,0.0,0.0,0.0,0.0,0.9375,0.046875,0.0,0.0
9,8,0.015625,0.0,0.0,0.0,0.0,0.0,0.0,0.0,0.9375,0.046875,0.0,0.0
9,8,0.015625,0.0,0.0,0.0,0.0,0.0,0.0,0.0,0.9375,0.046875,0.0,0.0
9,8,0.015625,0.0,0.0,0.0,0.0,0.0,0.0,0.0,0.9375,0.046875,0.0,0.0
9,8,0.015625,0.0,0.0,0.0,0.0,0.0,0.0,0.0,0.9375,0.046875,0.0,0.0
9,8,0.015625,0.0,0.0,0.0,0.0,0.0,0.0,0.0,0.9375,0.046875,0.0,0.0
9,8,0.015625,0.0,0.0,0.0,0.0,0.0,0.0,0.0,0.9375,0.046875,0.0,0.0
9,8,0.015625,0.0,0.0,0.0,0.0,0.0,0.0,0.0,0.9375,0.046875,0.0,0.0
9,8,0.015625,0.0,0.0,0.0,0.0,0.0,0.0,0.0,0.9375,0.046875,0.0,0.0
9,8,0.015625,0.0,0.0,0.0,0.0,0.0,0.0,0.0,0.9375,0.046875,0.0,0.0
9,8,0.015625,0.0,0.0,0.0,0.0,0.0,0.0,0.0,0.9375,0.046875,0.0,0.0
9,8,0.015625,0.0,0.0,0.0,0.0,0.0,0.0,0.0,0.9375,0.046875,0.0,0.0
9,8,0.015625,0.0,0.0,0.0,0.0,0.0,0.0,0.0,0.9375,0.046875,0.0,0.0
9,8,0.015625,0.0,0.0,0.0,0.0,0.0,0.0,0.0,0.9375,0.046875,0.0,0.0
9,8,0.015625,0.0,0.0,0.0,0.0,0.0,0.0,0.0,0.9375,0.046875,0.0,0.0
9,8,0.015625,0.0,0.0,0.0,0.0,0.0,0.0,0.0,0.9375,0.046875,0.0,0.0
9,8,0.015625,0.0,0.0,0.0,0.0,0.0,0.0,0.0,0.9375,0.046875,0.0,0.0
9,8,0.015625,0.0,0.0,0.0,0.0,0.0,0.0,0.0,0.9375,0.046875,0.0,0.0
9,8,0.015625,0.0,0.0,0.0,0.0,0.0,0.0,0.0,0.9375,0.046875,0.0,0.0
9,8,0.015625,0.0,0.0,0.0,0.0,0.0,0.0,0.0,0.9375,0.046875,0.0,0.0
9,8,0.015625,0.0,0.0,0.0,0.0,0.0,0.0,0.0,0.9375,0.046875,0.0,0.0
9,8,0.015625,0.0,0.0,0.0,0.0,0.0,0.0,0.0,0.9375,0.046875,0.0,0.0
9,8,0.015625,0.0,0.0,0.0,0.0,0.0,0.0,0.0,0.9375,0.046875,0.0,0.0
9,8,0.015625,0.0,0.0,0.0,0.0,0.0,0.0,0.0,0.9375,0.046875,0.0,0.0
9,8,0.015625,0.0,0.0,0.0,0.0,0.0,0.0,0.0,0.9375,0.046875,0.0,0.0
9,8,0.015625,0.0,0.0,0.0,0.0,0.0,0.0,0.0,0.9375,0.046875,0.0,0.0
9,8,0.015625,0.0,0.0,0.0,0.0,0.0,0.0,0.0,0.9375,0.046875,0.0,0.0
9,8,0.015625,0.0,0.0,0.0,0.0,0.0,0.0,0.0,0.9375,0.046875,0.0,0.0
9,8,0.015625,0.0,0.0,0.0,0.0,0.0,0.0,0.0,0.9375,0.046875,0.0,0.0
9,8,0.015625,0.0,0.0,0.0,0.0,0.0,0.0,0.0,0.9375,0.046875,0.0,0.0
9,8,0.015625,0.0,0.0,0.0,0.0,0.0,0.0,0.0,0.921875,0.0625,0.0,0.0
9,8,0.015625,0.0,0.0,0.0,0.0,0.0,0.0,0.0,0.921875,0.0625,0.0,0.0
9,8,0.015625,0.0,0.0,0.0,0.0,0.0,0.0,0.0,0.921875,0.0625,0.0,0.0
9,8,0.015625,0.0,0.0,0.0,0.0,0.0,0.0,0.0,0.921875,0.0625,0.0,0.0
9,8,0.015625,0.0,0.0,0.0,0.0,0.0,0.0,0.0,0.921875,0.0625,0.0,0.0
9,8,0.015625,0.0,0.0,0.0,0.0,0.0,0.0,0.0,0.921875,0.0625,0.0,0.0
9,8,0.015625,0.0,0.0,0.0,0.0,0.0,0.0,0.0,0.921875,0.0625,0.0,0.0
9,8,0.015625,0.0,0.0,0.0,0.0,0.0,0.0,0.0,0.921875,0.0625,0.0,0.0
9,8,0.015625,0.0,0.0,0.0,0.0,0.0,0.0,0.0,0.921875,0.0625,0.0,0.0
9,8,0.015625,0.0,0.0,0.0,0.0,0.0,0.0,0.0,0.921875,0.0625,0.0,0.0
9,8,0.015625,0.0,0.0,0.0,0.0,0.0,0.0,0.0,0.921875,0.0625,0.0,0.0
9,8,0.015625,0.0,0.0,0.0,0.0,0.0,0.0,0.0,0.921875,0.0625,0.0,0.0
9,8,0.015625,0.0,0.0,0.0,0.0,0.0,0.0,0.0,0.921875,0.0625,0.0,0.0
9,8,0.015625,0.0,0.0,0.0,0.0,0.0,0.0,0.0,0.921875,0.0625,0.0,0.0
9,8,0.015625,0.0,0.0,0.0,0.0,0.0,0.0,0.0,0.921875,0.0625,0.0,0.0
9,8,0.015625,0.0,0.0,0.0,0.0,0.0,0.0,0.0,0.921875,0.0625,0.0,0.0
9,8,0.015625,0.0,0.0,0.0,0.0,0.0,0.0,0.0,0.921875,0.0625,0.0,0.0
9,8,0.015625,0.0,0.0,0.0,0.0,0.0,0.0,0.0,0.921875,0.0625,0.0,0.0
9,8,0.015625,0.0,0.0,0.0,0.0,0.0,0.0,0.0,0.921875,0.0625,0.0,0.0
9,8,0.015625,0.0,0.0,0.0,0.0,0.0,0.0,0.0,0.921875,0.0625,0.0,0.0
9,8,0.015625,0.0,0.0,0.0,0.0,0.0,0.0,0.0,0.921875,0.0625,0.0,0.0
9,8,0.015625,0.0,0.0,0.0,0.0,0.0,0.0,0.0,0.921875,0.0625,0.0,0.0
9,8,0.015625,0.0,0.0,0.0,0.0,0.0,0.0,0.0,0.921875,0.0625,0.0,0.0
9,8,0.015625,0.0,0.0,0.0,0.0,0.0,0.0,0.0,0.921875,0.0625,0.0,0.0
9,8,0.015625,0.0,0.0,0.0,0.0,0.0,0.0,0.0,0.921875,0.0625,0.0,0.0
9,8,0.015625,0.0,0.0,0.0,0.0,0.0,0.0,0.0,0.921875,0.0625,0.0,0.0
9,8,0.015625,0.0,0.0,0.0,0.0,0.0,0.0,0.0,0.921875,0.0625,0.0,0.0
9,8,0.015625,0.0,0.0,0.0,0.0,0.0,0.0,0.0,0.921875,0.0625,0.0,0.0
9,8,0.015625,0.0,0.0,0.0,0.0,0.0,0.0,0.0,0.921875,0.0625,0.0,0.0
9,8,0.015625,0.0,0.0,0.0,0.0,0.0,0.0,0.0,0.921875,0.0625,0.0,0.0
9,8,0.015625,0.0,0.0,0.0,0.0,0.0,0.0,0.0,0.921875,0.0625,0.0,0.0
9,8,0.015625,0.0,0.0,0.0,0.0,0.0,0.0,0.0,0.921875,0.0625,0.0,0.0
9,8,0.015625,0.0,0.0,0.0,0.0,0.0,0.0,0.0,0.921875,0.0625,0.0,0.0
9,8,0.015625,0.0,0.0,0.0,0.0,0.0,0.0,0.0,0.921875,0.0625,0.0,0.0
9,8,0.015625,0.0,0.0,0.0,0.0,0.0,0.0,0.0,0.921875,0.0625,0.0,0.0
9,8,0.015625,0.0,0.0,0.0,0.0,0.0,0.0,0.0,0.921875,0.0625,0.0,0.0
9,8,0.015625,0.0,0.0,0.0,0.0,0.0,0.0,0.0,0.921875,0.0625,0.0,0.0
9,8,0.015625,0.0,0.0,0.0,0.0,0.0,0.0,0.0,0.921875,0.0625,0.0,0.0
9,8,0.015625,0.0,0.0,0.0,0.0,0.0,0.0,0.0,0.921875,0.0625,0.0,0.0
9,8,0.015625,0.0,0.0,0.0,0.0,0.0,0.0,0.0,0.921875,0.0625,0.0,0.0
9,8,0.015625,0.0,0.0,0.0,0.0,0.0,0.0,0.0,0.921875,0.0625,0.0,0.0
9,8,0.015625,0.0,0.0,0.0,0.0,0.0,0.0,0.0,0.921875,0.0625,0.0,0.0
9,8,0.015625,0.0,0.0,0.0,0.0,0.0,0.0,0.0,0.921875,0.0625,0.0,0.0
9,8,0.015625,0.0,0.0,0.0,0.0,0.0,0.0,0.0,0.921875,0.0625,0.0,0.0
9,8,0.015625,0.0,0.0,0.0,0.0,0.0,0.0,0.0,0.921875,0.0625,0.0,0.0
9,8,0.015625,0.0,0.0,0.0,0.0,0.0,0.0,0.0,0.921875,0.0625,0.0,0.0
9,8,0.015625,0.0,0.0,0.0,0.0,0.0,0.0,0.0,0.921875,0.0625,0.0,0.0
9,8,0.015625,0.0,0.0,0.0,0.0,0.0,0.0,0.0,0.921875,0.0625,0.0,0.0
9,8,0.015625,0.0,0.0,0.0,0.0,0.0,0.0,0.0,0.921875,0.0625,0.0,0.0
9,8,0.015625,0.0,0.0,0.0,0.0,0.0,0.0,0.0,0.921875,0.0625,0.0,0.0
9,8,0.015625,0.0,0.0,0.0,0.0,0.0,0.0,0.0,0.921875,0.0625,0.0,0.0
9,8,0.015625,0.0,0.0,0.0,0.0,0.0,0.0,0.0,0.921875,0.0625,0.0,0.0
9,8,0.015625,0.0,0.0,0.0,0.0,0.0,0.0,0.0,0.921875,0.0625,0.0,0.0
9,8,0.015625,0.0,0.0,0.0,0.0,0.0,0.0,0.0,0.921875,0.0625,0.0,0.0
9,8,0.015625,0.0,0.0,0.0,0.0,0.0,0.0,0.0,0.921875,0.0625,0.0,0.0
9,8,0.015625,0.0,0.0,0.0,0.0,0.0,0.0,0.0,0.921875,0.0625,0.0,0.0
9,8,0.015625,0.0,0.0,0.0,0.0,0.0,0.0,0.0,0.921875,0.0625,0.0,0.0
9,8,0.015625,0.0,0.0,0.0,0.0,0.0,0.0,0.0,0.921875,0.0625,0.0,0.0
9,8,0.015625,0.0,0.0,0.0,0.0,0.0,0.0,0.0,0.921875,0.0625,0.0,0.0
9,8,0.015625,0.0,0.0,0.0,0.0,0.0,0.0,0.0,0.921875,0.0625,0.0,0.0
9,8,0.015625,0.0,0.0,0.0,0.0,0.0,0.0,0.0,0.921875,0.0625,0.0,0.0
9,8,0.015625,0.0,0.0,0.0,0.0,0.0,0.0,0.0,0.921875,0.0625,0.0,0.0
9,8,0.015625,0.0,0.0,0.0,0.0,0.0,0.0,0.0,0.921875,0.0625,0.0,0.0
9,8,0.015625,0.0,0.0,0.0,0.0,0.0,0.0,0.0,0.921875,0.0625,0.0,0.0
9,8,0.015625,0.0,0.0,0.0,0.0,0.0,0.0,0.0,0.90625,0.078125,0.0,0.0
9,8,0.015625,0.0,0.0,0.0,0.0,0.0,0.0,0.0,0.90625,0.078125,0.0,0.0
9,8,0.015625,0.0,0.0,0.0,0.0,0.0,0.0,0.0,0.90625,0.078125,0.0,0.0
9,8,0.015625,0.0,0.0,0.0,0.0,0.0,0.0,0.0,0.90625,0.078125,0.0,0.0
9,8,0.015625,0.0,0.0,0.0,0.0,0.0,0.0,0.0,0.90625,0.078125,0.0,0.0
9,8,0.015625,0.0,0.0,0.0,0.0,0.0,0.0,0.0,0.90625,0.078125,0.0,0.0
9,8,0.015625,0.0,0.0,0.0,0.0,0.0,0.0,0.0,0.90625,0.078125,0.0,0.0
9,8,0.015625,0.0,0.0,0.0,0.0,0.0,0.0,0.0,0.90625,0.078125,0.0,0.0
9,8,0.015625,0.0,0.0,0.0,0.0,0.0,0.0,0.0,0.90625,0.078125,0.0,0.0
9,8,0.015625,0.0,0.0,0.0,0.0,0.0,0.0,0.0,0.90625,0.078125,0.0,0.0
9,8,0.015625,0.0,0.0,0.0,0.0,0.0,0.0,0.0,0.90625,0.078125,0.0,0.0
9,8,0.015625,0.0,0.0,0.0,0.0,0.0,0.0,0.0,0.90625,0.078125,0.0,0.0
9,8,0.015625,0.0,0.0,0.0,0.0,0.0,0.0,0.0,0.90625,0.078125,0.0,0.0
9,8,0.015625,0.0,0.0,0.0,0.0,0.0,0.0,0.0,0.90625,0.078125,0.0,0.0
9,8,0.015625,0.0,0.0,0.0,0.0,0.0,0.0,0.0,0.90625,0.078125,0.0,0.0
9,8,0.015625,0.0,0.0,0.0,0.0,0.0,0.0,0.0,0.90625,0.078125,0.0,0.0
9,8,0.015625,0.0,0.0,0.0,0.0,0.0,0.0,0.0,0.90625,0.078125,0.0,0.0
9,8,0.015625,0.0,0.0,0.0,0.0,0.0,0.0,0.0,0.90625,0.078125,0.0,0.0
9,8,0.015625,0.0,0.0,0.0,0.0,0.0,0.0,0.0,0.90625,0.078125,0.0,0.0
9,8,0.015625,0.0,0.0,0.0,0.0,0.0,0.0,0.0,0.90625,0.078125,0.0,0.0
9,8,0.015625,0.0,0.0,0.0,0.0,0.0,0.0,0.0,0.90625,0.078125,0.0,0.0
9,8,0.015625,0.0,0.0,0.0,0.0,0.0,0.0,0.0,0.90625,0.078125,0.0,0.0
9,8,0.015625,0.0,0.0,0.0,0.0,0.0,0.0,0.0,0.90625,0.078125,0.0,0.0
9,8,0.015625,0.0,0.0,0.0,0.0,0.0,0.0,0.0,0.90625,0.078125,0.0,0.0
9,8,0.015625,0.0,0.0,0.0,0.0,0.0,0.0,0.0,0.90625,0.078125,0.0,0.0
9,8,0.015625,0.0,0.0,0.0,0.0,0.0,0.0,0.0,0.90625,0.078125,0.0,0.0
9,8,0.015625,0.0,0.0,0.0,0.0,0.0,0.0,0.0,0.90625,0.078125,0.0,0.0
9,8,0.015625,0.0,0.0,0.0,0.0,0.0,0.0,0.0,0.90625,0.078125,0.0,0.0
9,8,0.015625,0.0,0.0,0.0,0.0,0.0,0.0,0.0,0.90625,0.078125,0.0,0.0
9,8,0.015625,0.0,0.0,0.0,0.0,0.0,0.0,0.0,0.90625,0.078125,0.0,0.0
9,8,0.015625,0.0,0.0,0.0,0.0,0.0,0.0,0.0,0.90625,0.078125,0.0,0.0
9,8,0.015625,0.0,0.0,0.0,0.0,0.0,0.0,0.0,0.90625,0.078125,0.0,0.0
9,8,0.015625,0.0,0.0,0.0,0.0,0.0,0.0,0.0,0.90625,0.078125,0.0,0.0
9,8,0.015625,0.0,0.0,0.0,0.0,0.0,0.0,0.0,0.90625,0.078125,0.0,0.0
9,8,0.015625,0.0,0.0,0.0,0.0,0.0,0.0,0.0,0.90625,0.078125,0.0,0.0
9,8,0.015625,0.0,0.0,0.0,0.0,0.0,0.0,0.0,0.90625,0.078125,0.0,0.0
9,8,0.015625,0.0,0.0,0.0,0.0,0.0,0.0,0.0,0.90625,0.078125,0.0,0.0
9,8,0.015625,0.0,0.0,0.0,0.0,0.0,0.0,0.0,0.90625,0.078125,0.0,0.0
9,8,0.015625,0.0,0.0,0.0,0.0,0.0,0.0,0.0,0.90625,0.078125,0.0,0.0
9,8,0.015625,0.0,0.0,0.0,0.0,0.0,0.0,0.0,0.90625,0.078125,0.0,0.0
9,8,0.015625,0.0,0.0,0.0,0.0,0.0,0.0,0.0,0.90625,0.078125,0.0,0.0
9,8,0.015625,0.0,0.0,0.0,0.0,0.0,0.0,0.0,0.90625,0.078125,0.0,0.0
9,8,0.015625,0.0,0.0,0.0,0.0,0.0,0.0,0.0,0.90625,0.078125,0.0,0.0
9,8,0.015625,0.0,0.0,0.0,0.0,0.0,0.0,0.0,0.90625,0.078125,0.0,0.0
9,8,0.015625,0.0,0.0,0.0,0.0,0.0,0.0,0.0,0.90625,0.078125,0.0,0.0
9,8,0.015625,0.0,0.0,0.0,0.0,0.0,0.0,0.0,0.90625,0.078125,0.0,0.0
9,8,0.015625,0.0,0.0,0.0,0.0,0.0,0.0,0.0,0.90625,0.078125,0.0,0.0
9,8,0.015625,0.0,0.0,0.0,0.0,0.0,0.0,0.0,0.90625,0.078125,0.0,0.0
9,8,0.015625,0.0,0.0,0.0,0.0,0.0,0.0,0.0,0.90625,0.078125,0.0,0.0
9,8,0.015625,0.0,0.0,0.0,0.0,0.0,0.0,0.0,0.90625,0.078125,0.0,0.0
9,8,0.015625,0.0,0.0,0.0,0.0,0.0,0.0,0.0,0.90625,0.078125,0.0,0.0
9,8,0.015625,0.0,0.0,0.0,0.0,0.0,0.0,0.0,0.90625,0.078125,0.0,0.0
9,8,0.015625,0.0,0.0,0.0,0.0,0.0,0.0,0.0,0.90625,0.078125,0.0,0.0
9,8,0.015625,0.0,0.0,0.0,0.0,0.0,0.0,0.0,0.90625,0.078125,0.0,0.0
9,8,0.015625,0.0,0.0,0.0,0.0,0.0,0.0,0.0,0.90625,0.078125,0.0,0.0
9,8,0.015625,0.0,0.0,0.0,0.0,0.0,0.0,0.0,0.90625,0.078125,0.0,0.0
9,8,0.015625,0.0,0.0,0.0,0.0,0.0,0.0,0.0,0.90625,0.078125,0.0,0.0
9,8,0.015625,0.0,0.0,0.0,0.0,0.0,0.0,0.0,0.90625,0.078125,0.0,0.0
9,8,0.015625,0.0,0.0,0.0,0.0,0.0,0.0,0.0,0.90625,0.078125,0.0,0.0
9,8,0.015625,0.0,0.0,0.0,0.0,0.0,0.0,0.0,0.90625,0.078125,0.0,0.0
9,8,0.015625,0.0,0.0,0.0,0.0,0.0,0.0,0.0,0.90625,0.078125,0.0,0.0
9,8,0.015625,0.0,0.0,0.0,0.0,0.0,0.0,0.0,0.90625,0.078125,0.0,0.0
9,8,0.015625,0.0,0.0,0.0,0.0,0.0,0.0,0.0,0.90625,0.078125,0.0,0.0
9,8,0.015625,0.0,0.0,0.0,0.0,0.0,0.0,0.0,0.90625,0.078125,0.0,0.0
9,8,0.015625,0.0,0.0,0.0,0.0,0.0,0.0,0.0,0.90625,0.078125,0.0,0.0
9,8,0.015625,0.0,0.0,0.0,0.0,0.0,0.0,0.0,0.90625,0.078125,0.0,0.0
9,8,0.015625,0.0,0.0,0.0,0.0,0.0,0.0,0.0,0.90625,0.078125,0.0,0.0
9,8,0.015625,0.0,0.0,0.0,0.0,0.0,0.0,0.0,0.90625,0.078125,0.0,0.0
9,8,0.015625,0.0,0.0,0.0,0.0,0.0,0.0,0.0,0.90625,0.078125,0.0,0.0
9,8,0.015625,0.0,0.0,0.0,0.0,0.0,0.0,0.0,0.90625,0.078125,0.0,0.0
9,8,0.015625,0.0,0.0,0.0,0.0,0.0,0.0,0.0,0.90625,0.078125,0.0,0.0
9,8,0.015625,0.0,0.0,0.0,0.0,0.0,0.0,0.0,0.90625,0.078125,0.0,0.0
9,8,0.015625,0.0,0.0,0.0,0.0,0.0,0.0,0.0,0.890625,0.078125,0.015625,0.0
9,8,0.015625,0.0,0.0,0.0,0.0,0.0,0.0,0.0,0.890625,0.078125,0.015625,0.0
9,8,0.015625,0.0,0.0,0.0,0.0,0.0,0.0,0.0,0.890625,0.078125,0.015625,0.0
9,8,0.015625,0.0,0.0,0.0,0.0,0.0,0.0,0.0,0.890625,0.078125,0.015625,0.0
9,8,0.015625,0.0,0.0,0.0,0.0,0.0,0.0,0.0,0.890625,0.078125,0.015625,0.0
9,8,0.015625,0.0,0.0,0.0,0.0,0.0,0.0,0.0,0.890625,0.078125,0.015625,0.0
9,8,0.015625,0.0,0.0,0.0,0.0,0.0,0.0,0.0,0.890625,0.078125,0.015625,0.0
9,8,0.015625,0.0,0.0,0.0,0.0,0.0,0.0,0.0,0.890625,0.078125,0.015625,0.0
9,8,0.015625,0.0,0.0,0.0,0.0,0.0,0.0,0.0,0.890625,0.078125,0.015625,0.0
9,8,0.015625,0.0,0.0,0.0,0.0,0.0,0.0,0.0,0.890625,0.078125,0.015625,0.0
9,8,0.015625,0.0,0.0,0.0,0.0,0.0,0.0,0.0,0.890625,0.078125,0.015625,0.0
9,8,0.015625,0.0,0.0,0.0,0.0,0.0,0.0,0.0,0.890625,0.078125,0.015625,0.0
9,8,0.015625,0.0,0.0,0.0,0.0,0.0,0.0,0.0,0.890625,0.078125,0.015625,0.0
9,8,0.015625,0.0,0.0,0.0,0.0,0.0,0.0,0.0,0.890625,0.078125,0.015625,0.0
9,8,0.015625,0.0,0.0,0.0,0.0,0.0,0.0,0.0,0.890625,0.078125,0.015625,0.0
9,8,0.015625,0.0,0.0,0.0,0.0,0.0,0.0,0.0,0.890625,0.078125,0.015625,0.0
9,8,0.015625,0.0,0.0,0.0,0.0,0.0,0.0,0.0,0.890625,0.078125,0.015625,0.0
9,8,0.015625,0.0,0.0,0.0,0.0,0.0,0.0,0.0,0.890625,0.078125,0.015625,0.0
9,8,0.015625,0.0,0.0,0.0,0.0,0.0,0.0,0.0,0.890625,0.078125,0.015625,0.0
9,8,0.015625,0.0,0.0,0.0,0.0,0.0,0.0,0.0,0.890625,0.078125,0.015625,0.0
9,8,0.015625,0.0,0.0,0.0,0.0,0.0,0.0,0.0,0.890625,0.078125,0.015625,0.0
9,8,0.015625,0.0,0.0,0.0,0.0,0.0,0.0,0.0,0.890625,0.078125,0.015625,0.0
9,8,0.015625,0.0,0.0,0.0,0.0,0.0,0.0,0.0,0.890625,0.078125,0.015625,0.0
9,8,0.015625,0.0,0.0,0.0,0.0,0.0,0.0,0.0,0.890625,0.078125,0.015625,0.0
9,8,0.015625,0.0,0.0,0.0,0.0,0.0,0.0,0.0,0.890625,0.078125,0.015625,0.0
9,8,0.015625,0.0,0.0,0.0,0.0,0.0,0.0,0.0,0.890625,0.078125,0.015625,0.0
9,8,0.015625,0.0,0.0,0.0,0.0,0.0,0.0,0.0,0.890625,0.078125,0.015625,0.0
9,8,0.015625,0.0,0.0,0.0,0.0,0.0,0.0,0.0,0.890625,0.078125,0.015625,0.0
9,8,0.015625,0.0,0.0,0.0,0.0,0.0,0.0,0.0,0.890625,0.078125,0.015625,0.0
9,8,0.015625,0.0,0.0,0.0,0.0,0.0,0.0,0.0,0.890625,0.078125,0.015625,0.0
9,8,0.015625,0.0,0.0,0.0,0.0,0.0,0.0,0.0,0.890625,0.078125,0.015625,0.0
9,8,0.015625,0.0,0.0,0.0,0.0,0.0,0.0,0.0,0.890625,0.078125,0.015625,0.0
9,8,0.015625,0.0,0.0,0.0,0.0,0.0,0.0,0.0,0.890625,0.078125,0.015625,0.0
9,8,0.015625,0.0,0.0,0.0,0.0,0.0,0.0,0.0,0.890625,0.078125,0.015625,0.0
9,8,0.015625,0.0,0.0,0.0,0.0,0.0,0.0,0.0,0.890625,0.078125,0.015625,0.0
9,8,0.015625,0.0,0.0,0.0,0.0,0.0,0.0,0.0,0.890625,0.078125,0.015625,0.0
9,8,0.015625,0.0,0.0,0.0,0.0,0.0,0.0,0.0,0.890625,0.078125,0.015625,0.0
9,8,0.015625,0.0,0.0,0.0,0.0,0.0,0.0,0.0,0.890625,0.078125,0.015625,0.0
9,8,0.015625,0.0,0.0,0.0,0.0,0.0,0.0,0.0,0.890625,0.078125,0.015625,0.0
9,8,0.015625,0.0,0.0,0.0,0.0,0.0,0.0,0.0,0.890625,0.078125,0.015625,0.0
9,8,0.015625,0.0,0.0,0.0,0.0,0.0,0.0,0.0,0.890625,0.078125,0.015625,0.0
9,8,0.015625,0.0,0.0,0.0,0.0,0.0,0.0,0.0,0.890625,0.078125,0.015625,0.0
9,8,0.015625,0.0,0.0,0.0,0.0,0.0,0.0,0.0,0.890625,0.078125,0.015625,0.0
9,8,0.015625,0.0,0.0,0.0,0.0,0.0,0.0,0.0,0.890625,0.078125,0.015625,0.0
9,8,0.015625,0.0,0.0,0.0,0.0,0.0,0.0,0.0,0.890625,0.078125,0.015625,0.0
9,8,0.015625,0.0,0.0,0.0,0.0,0.0,0.0,0.0,0.890625,0.078125,0.015625,0.0
9,8,0.015625,0.0,0.0,0.0,0.0,0.0,0.0,0.0,0.890625,0.078125,0.015625,0.0
9,8,0.015625,0.0,0.0,0.0,0.0,0.0,0.0,0.0,0.890625,0.078125,0.015625,0.0
9,8,0.015625,0.0,0.0,0.0,0.0,0.0,0.0,0.0,0.890625,0.078125,0.015625,0.0
9,8,0.015625,0.0,0.0,0.0,0.0,0.0,0.0,0.0,0.890625,0.078125,0.015625,0.0
9,8,0.015625,0.0,0.0,0.0,0.0,0.0,0.0,0.0,0.890625,0.078125,0.015625,0.0
9,8,0.015625,0.0,0.0,0.0,0.0,0.0,0.0,0.0,0.890625,0.078125,0.015625,0.0
9,8,0.015625,0.0,0.0,0.0,0.0,0.0,0.0,0.0,0.890625,0.078125,0.015625,0.0
9,8,0.015625,0.0,0.0,0.0,0.0,0.0,0.0,0.0,0.890625,0.078125,0.015625,0.0
9,8,0.015625,0.0,0.0,0.0,0.0,0.0,0.0,0.0,0.890625,0.078125,0.015625,0.0
9,8,0.015625,0.0,0.0,0.0,0.0,0.0,0.0,0.0,0.890625,0.078125,0.015625,0.0
9,8,0.015625,0.0,0.0,0.0,0.0,0.0,0.0,0.0,0.890625,0.078125,0.015625,0.0
9,8,0.015625,0.0,0.0,0.0,0.0,0.0,0.0,0.0,0.890625,0.078125,0.015625,0.0
9,8,0.015625,0.0,0.0,0.0,0.0,0.0,0.0,0.0,0.890625,0.078125,0.015625,0.0
9,8,0.015625,0.0,0.0,0.0,0.0,0.0,0.0,0.0,0.890625,0.078125,0.015625,0.0
9,8,0.015625,0.0,0.0,0.0,0.0,0.0,0.0,0.0,0.890625,0.078125,0.015625,0.0
9,8,0.015625,0.0,0.0,0.0,0.0,0.0,0.0,0.0,0.890625,0.078125,0.015625,0.0
9,8,0.015625,0.0,0.0,0.0,0.0,0.0,0.0,0.0,0.890625,0.078125,0.015625,0.0
9,8,0.015625,0.0,0.0,0.0,0.0,0.0,0.0,0.0,0.890625,0.078125,0.015625,0.0
9,8,0.015625,0.0,0.0,0.0,0.0,0.0,0.0,0.0,0.890625,0.078125,0.015625,0.0
9,8,0.015625,0.0,0.0,0.0,0.0,0.0,0.0,0.0,0.890625,0.078125,0.015625,0.0
9,8,0.015625,0.0,0.0,0.0,0.0,0.0,0.0,0.0,0.890625,0.078125,0.015625,0.0
9,8,0.015625,0.0,0.0,0.0,0.0,0.0,0.0,0.0,0.890625,0.078125,0.015625,0.0
9,8,0.015625,0.0,0.0,0.0,0.0,0.0,0.0,0.0,0.890625,0.078125,0.015625,0.0
9,8,0.015625,0.0,0.0,0.0,0.0,0.0,0.0,0.0,0.890625,0.078125,0.015625,0.0
9,8,0.015625,0.0,0.0,0.0,0.0,0.0,0.0,0.0,0.890625,0.078125,0.015625,0.0
9,8,0.015625,0.0,0.0,0.0,0.0,0.0,0.0,0.0,0.890625,0.078125,0.015625,0.0
9,8,0.0,0.0,0.0,0.0,0.0,0.0,0.0,0.0,0.890625,0.09375,0.015625,0.0
9,8,0.0,0.0,0.0,0.0,0.0,0.0,0.0,0.0,0.890625,0.09375,0.015625,0.0
9,8,0.0,0.0,0.0,0.0,0.0,0.0,0.0,0.0,0.890625,0.09375,0.015625,0.0
9,8,0.0,0.0,0.0,0.0,0.0,0.0,0.0,0.0,0.890625,0.09375,0.015625,0.0
9,8,0.0,0.0,0.0,0.0,0.0,0.0,0.0,0.0,0.890625,0.09375,0.015625,0.0
9,8,0.0,0.0,0.0,0.0,0.0,0.0,0.0,0.0,0.890625,0.09375,0.015625,0.0
9,8,0.0,0.0,0.0,0.0,0.0,0.0,0.0,0.0,0.890625,0.09375,0.015625,0.0
9,8,0.0,0.0,0.0,0.0,0.0,0.0,0.0,0.0,0.890625,0.09375,0.015625,0.0
9,8,0.0,0.0,0.0,0.0,0.0,0.0,0.0,0.0,0.890625,0.09375,0.015625,0.0
9,8,0.0,0.0,0.0,0.0,0.0,0.0,0.0,0.0,0.890625,0.09375,0.015625,0.0
9,8,0.0,0.0,0.0,0.0,0.0,0.0,0.0,0.0,0.890625,0.09375,0.015625,0.0
9,8,0.0,0.0,0.0,0.0,0.0,0.0,0.0,0.0,0.890625,0.09375,0.015625,0.0
9,8,0.0,0.0,0.0,0.0,0.0,0.0,0.0,0.0,0.890625,0.09375,0.015625,0.0
9,8,0.0,0.0,0.0,0.0,0.0,0.0,0.0,0.0,0.890625,0.09375,0.015625,0.0
9,8,0.0,0.0,0.0,0.0,0.0,0.0,0.0,0.0,0.890625,0.09375,0.015625,0.0
9,8,0.0,0.0,0.0,0.0,0.0,0.0,0.0,0.0,0.890625,0.09375,0.015625,0.0
9,8,0.0,0.0,0.0,0.0,0.0,0.0,0.0,0.0,0.890625,0.09375,0.015625,0.0
9,8,0.0,0.0,0.0,0.0,0.0,0.0,0.0,0.0,0.890625,0.09375,0.015625,0.0
9,8,0.0,0.0,0.0,0.0,0.0,0.0,0.0,0.0,0.890625,0.09375,0.015625,0.0
9,8,0.0,0.0,0.0,0.0,0.0,0.0,0.0,0.0,0.890625,0.09375,0.015625,0.0
9,8,0.0,0.0,0.0,0.0,0.0,0.0,0.0,0.0,0.890625,0.09375,0.015625,0.0
9,8,0.0,0.0,0.0,0.0,0.0,0.0,0.0,0.0,0.890625,0.09375,0.015625,0.0
9,8,0.0,0.0,0.0,0.0,0.0,0.0,0.0,0.0,0.890625,0.09375,0.015625,0.0
9,8,0.0,0.0,0.0,0.0,0.0,0.0,0.0,0.0,0.890625,0.09375,0.015625,0.0
9,8,0.0,0.0,0.0,0.0,0.0,0.0,0.0,0.0,0.890625,0.09375,0.015625,0.0
9,8,0.0,0.0,0.0,0.0,0.0,0.0,0.0,0.0,0.890625,0.09375,0.015625,0.0
9,8,0.0,0.0,0.0,0.0,0.0,0.0,0.0,0.0,0.890625,0.09375,0.015625,0.0
9,8,0.0,0.0,0.0,0.0,0.0,0.0,0.0,0.0,0.890625,0.09375,0.015625,0.0
9,8,0.0,0.0,0.0,0.0,0.0,0.0,0.0,0.0,0.890625,0.09375,0.015625,0.0
9,8,0.0,0.0,0.0,0.0,0.0,0.0,0.0,0.0,0.890625,0.09375,0.015625,0.0
9,8,0.0,0.0,0.0,0.0,0.0,0.0,0.0,0.0,0.890625,0.09375,0.015625,0.0
9,8,0.0,0.0,0.0,0.0,0.0,0.0,0.0,0.0,0.890625,0.09375,0.015625,0.0
9,8,0.0,0.0,0.0,0.0,0.0,0.0,0.0,0.0,0.890625,0.09375,0.015625,0.0
9,8,0.0,0.0,0.0,0.0,0.0,0.0,0.0,0.0,0.890625,0.09375,0.015625,0.0
9,8,0.0,0.0,0.0,0.0,0.0,0.0,0.0,0.0,0.890625,0.09375,0.015625,0.0
9,8,0.0,0.0,0.0,0.0,0.0,0.0,0.0,0.0,0.890625,0.09375,0.015625,0.0
9,8,0.0,0.0,0.0,0.0,0.0,0.0,0.0,0.0,0.890625,0.09375,0.015625,0.0
9,8,0.0,0.0,0.0,0.0,0.0,0.0,0.0,0.0,0.890625,0.09375,0.015625,0.0
9,8,0.0,0.0,0.0,0.0,0.0,0.0,0.0,0.0,0.890625,0.09375,0.015625,0.0
9,8,0.0,0.0,0.0,0.0,0.0,0.0,0.0,0.0,0.890625,0.09375,0.015625,0.0
9,8,0.0,0.0,0.0,0.0,0.0,0.0,0.0,0.0,0.890625,0.09375,0.015625,0.0
9,8,0.0,0.0,0.0,0.0,0.0,0.0,0.0,0.0,0.890625,0.09375,0.015625,0.0
9,8,0.0,0.0,0.0,0.0,0.0,0.0,0.0,0.0,0.890625,0.09375,0.015625,0.0
9,8,0.0,0.0,0.0,0.0,0.0,0.0,0.0,0.0,0.890625,0.09375,0.015625,0.0
9,8,0.0,0.0,0.0,0.0,0.0,0.0,0.0,0.0,0.890625,0.09375,0.015625,0.0
9,8,0.0,0.0,0.0,0.0,0.0,0.0,0.0,0.0,0.890625,0.09375,0.015625,0.0
9,8,0.0,0.0,0.0,0.0,0.0,0.0,0.0,0.0,0.890625,0.09375,0.015625,0.0
9,8,0.0,0.0,0.0,0.0,0.0,0.0,0.0,0.0,0.890625,0.09375,0.015625,0.0
9,8,0.0,0.0,0.0,0.0,0.0,0.0,0.0,0.0,0.890625,0.09375,0.015625,0.0
9,8,0.0,0.0,0.0,0.0,0.0,0.0,0.0,0.0,0.890625,0.09375,0.015625,0.0
9,8,0.0,0.0,0.0,0.0,0.0,0.0,0.0,0.0,0.890625,0.09375,0.015625,0.0
9,8,0.0,0.0,0.0,0.0,0.0,0.0,0.0,0.0,0.890625,0.09375,0.015625,0.0
9,8,0.0,0.0,0.0,0.0,0.0,0.0,0.0,0.0,0.890625,0.09375,0.015625,0.0
9,8,0.0,0.0,0.0,0.0,0.0,0.0,0.0,0.0,0.890625,0.09375,0.015625,0.0
9,8,0.0,0.0,0.0,0.0,0.0,0.0,0.0,0.0,0.890625,0.09375,0.015625,0.0
9,8,0.0,0.0,0.0,0.0,0.0,0.0,0.0,0.0,0.890625,0.09375,0.015625,0.0
9,8,0.0,0.0,0.0,0.0,0.0,0.0,0.0,0.0,0.890625,0.09375,0.015625,0.0
9,8,0.0,0.0,0.0,0.0,0.0,0.0,0.0,0.0,0.890625,0.09375,0.015625,0.0
9,8,0.0,0.0,0.0,0.0,0.0,0.0,0.0,0.0,0.890625,0.09375,0.015625,0.0
9,8,0.0,0.0,0.0,0.0,0.0,0.0,0.0,0.0,0.890625,0.09375,0.015625,0.0
9,8,0.0,0.0,0.0,0.0,0.0,0.0,0.0,0.0,0.890625,0.09375,0.015625,0.0
9,8,0.0,0.0,0.0,0.0,0.0,0.0,0.0,0.0,0.890625,0.09375,0.015625,0.0
9,8,0.0,0.0,0.0,0.0,0.0,0.0,0.0,0.0,0.890625,0.09375,0.015625,0.0
9,8,0.0,0.0,0.0,0.0,0.0,0.0,0.0,0.0,0.890625,0.09375,0.015625,0.0
9,8,0.0,0.0,0.0,0.0,0.0,0.0,0.0,0.0,0.890625,0.09375,0.015625,0.0
9,8,0.0,0.0,0.0,0.0,0.0,0.0,0.0,0.0,0.890625,0.09375,0.015625,0.0
9,8,0.0,0.0,0.0,0.0,0.0,0.0,0.0,0.0,0.890625,0.09375,0.015625,0.0
9,8,0.0,0.0,0.0,0.0,0.0,0.0,0.0,0.0,0.890625,0.09375,0.015625,0.0
9,8,0.0,0.0,0.0,0.0,0.0,0.0,0.0,0.0,0.890625,0.09375,0.015625,0.0
9,8,0.0,0.0,0.0,0.0,0.0,0.0,0.0,0.0,0.890625,0.09375,0.015625,0.0
9,8,0.0,0.0,0.0,0.0,0.0,0.0,0.0,0.0,0.890625,0.09375,0.015625,0.0
9,8,0.0,0.0,0.0,0.0,0.0,0.0,0.0,0.0,0.890625,0.09375,0.015625,0.0
9,8,0.0,0.0,0.0,0.0,0.0,0.0,0.0,0.0,0.890625,0.09375,0.015625,0.0
9,8,0.0,0.0,0.0,0.0,0.0,0.0,0.0,0.0,0.890625,0.09375,0.015625,0.0
9,8,0.0,0.0,0.0,0.0,0.0,0.0,0.0,0.0,0.890625,0.09375,0.015625,0.0
9,8,0.0,0.0,0.0,0.0,0.0,0.0,0.0,0.0,0.890625,0.09375,0.015625,0.0
9,8,0.0,0.0,0.0,0.0,0.0,0.0,0.0,0.0,0.890625,0.09375,0.015625,0.0
9,8,0.0,0.0,0.0,0.0,0.0,0.0,0.0,0.0,0.890625,0.09375,0.015625,0.0
9,8,0.0,0.0,0.0,0.0,0.0,0.0,0.0,0.0,0.890625,0.09375,0.015625,0.0
9,8,0.0,0.0,0.0,0.0,0.0,0.0,0.0,0.0,0.890625,0.09375,0.015625,0.0
9,8,0.0,0.0,0.0,0.0,0.0,0.0,0.0,0.0,0.890625,0.09375,0.015625,0.0
9,8,0.0,0.0,0.0,0.0,0.0,0.0,0.0,0.0,0.890625,0.09375,0.015625,0.0
9,8,0.0,0.0,0.0,0.0,0.0,0.0,0.0,0.0,0.890625,0.09375,0.015625,0.0
9,8,0.0,0.0,0.0,0.0,0.0,0.0,0.0,0.0,0.890625,0.09375,0.015625,0.0
9,8,0.0,0.0,0.0,0.0,0.0,0.0,0.0,0.0,0.890625,0.09375,0.015625,0.0
9,8,0.0,0.0,0.0,0.0,0.0,0.0,0.0,0.0,0.890625,0.09375,0.015625,0.0
9,8,0.0,0.0,0.0,0.0,0.0,0.0,0.0,0.0,0.890625,0.09375,0.015625,0.0
9,8,0.0,0.0,0.0,0.0,0.0,0.0,0.0,0.0,0.890625,0.09375,0.015625,0.0
9,8,0.0,0.0,0.0,0.0,0.0,0.0,0.0,0.0,0.890625,0.09375,0.015625,0.0
9,8,0.0,0.0,0.0,0.0,0.0,0.0,0.0,0.0,0.890625,0.09375,0.015625,0.0
9,8,0.0,0.0,0.0,0.0,0.0,0.0,0.0,0.0,0.890625,0.09375,0.015625,0.0
9,8,0.0,0.0,0.0,0.0,0.0,0.0,0.0,0.0,0.890625,0.09375,0.015625,0.0
9,8,0.0,0.0,0.0,0.0,0.0,0.0,0.0,0.0,0.890625,0.09375,0.015625,0.0
9,8,0.0,0.0,0.0,0.0,0.0,0.0,0.0,0.0,0.890625,0.09375,0.015625,0.0
9,8,0.0,0.0,0.0,0.0,0.0,0.0,0.0,0.0,0.890625,0.09375,0.015625,0.0
9,8,0.0,0.0,0.0,0.0,0.0,0.0,0.0,0.0,0.890625,0.09375,0.015625,0.0
9,8,0.0,0.0,0.0,0.0,0.0,0.0,0.0,0.0,0.890625,0.09375,0.015625,0.0
9,8,0.0,0.0,0.0,0.0,0.0,0.0,0.0,0.0,0.890625,0.09375,0.015625,0.0
9,8,0.0,0.0,0.0,0.0,0.0,0.0,0.0,0.0,0.890625,0.09375,0.015625,0.0
9,8,0.0,0.0,0.0,0.0,0.0,0.0,0.0,0.0,0.890625,0.09375,0.015625,0.0
9,8,0.0,0.0,0.0,0.0,0.0,0.0,0.0,0.0,0.890625,0.09375,0.015625,0.0
9,8,0.0,0.0,0.0,0.0,0.0,0.0,0.0,0.0,0.890625,0.09375,0.015625,0.0
9,8,0.0,0.0,0.0,0.0,0.0,0.0,0.0,0.0,0.890625,0.09375,0.015625,0.0
9,8,0.0,0.0,0.0,0.0,0.0,0.0,0.0,0.0,0.890625,0.09375,0.015625,0.0
9,8,0.0,0.0,0.0,0.0,0.0,0.0,0.0,0.0,0.890625,0.09375,0.015625,0.0
9,8,0.0,0.0,0.0,0.0,0.0,0.0,0.0,0.0,0.890625,0.09375,0.015625,0.0
9,8,0.0,0.0,0.0,0.0,0.0,0.0,0.0,0.0,0.890625,0.09375,0.015625,0.0
9,8,0.0,0.0,0.0,0.0,0.0,0.0,0.0,0.0,0.890625,0.09375,0.015625,0.0
9,8,0.0,0.0,0.0,0.0,0.0,0.0,0.0,0.0,0.890625,0.09375,0.015625,0.0
9,8,0.0,0.0,0.0,0.0,0.0,0.0,0.0,0.0,0.890625,0.09375,0.015625,0.0
9,8,0.0,0.0,0.0,0.0,0.0,0.0,0.0,0.0,0.890625,0.09375,0.015625,0.0
9,8,0.0,0.0,0.0,0.0,0.0,0.0,0.0,0.0,0.890625,0.09375,0.015625,0.0
9,8,0.0,0.0,0.0,0.0,0.0,0.0,0.0,0.0,0.890625,0.09375,0.015625,0.0
9,8,0.0,0.0,0.0,0.0,0.0,0.0,0.0,0.0,0.890625,0.09375,0.015625,0.0
9,8,0.0,0.0,0.0,0.0,0.0,0.0,0.0,0.0,0.890625,0.09375,0.015625,0.0
9,8,0.0,0.0,0.0,0.0,0.0,0.0,0.0,0.0,0.890625,0.09375,0.015625,0.0
9,8,0.0,0.0,0.0,0.0,0.0,0.0,0.0,0.0,0.890625,0.09375,0.015625,0.0
9,8,0.0,0.0,0.0,0.0,0.0,0.0,0.0,0.0,0.890625,0.09375,0.015625,0.0
9,8,0.0,0.0,0.0,0.0,0.0,0.0,0.0,0.0,0.890625,0.09375,0.015625,0.0
9,8,0.0,0.0,0.0,0.0,0.0,0.0,0.0,0.0,0.890625,0.09375,0.015625,0.0
9,8,0.0,0.0,0.0,0.0,0.0,0.0,0.0,0.0,0.890625,0.09375,0.015625,0.0
9,8,0.0,0.0,0.0,0.0,0.0,0.0,0.0,0.0,0.890625,0.09375,0.015625,0.0
9,8,0.0,0.0,0.0,0.0,0.0,0.0,0.0,0.0,0.890625,0.09375,0.015625,0.0
9,8,0.0,0.0,0.0,0.0,0.0,0.0,0.0,0.0,0.890625,0.09375,0.015625,0.0
9,8,0.0,0.0,0.0,0.0,0.0,0.0,0.0,0.0,0.890625,0.09375,0.015625,0.0
9,8,0.0,0.0,0.0,0.0,0.0,0.0,0.0,0.0,0.890625,0.09375,0.015625,0.0
9,8,0.0,0.0,0.0,0.0,0.0,0.0,0.0,0.0,0.890625,0.09375,0.015625,0.0
9,8,0.0,0.0,0.0,0.0,0.0,0.0,0.0,0.0,0.890625,0.09375,0.015625,0.0
9,8,0.0,0.0,0.0,0.0,0.0,0.0,0.0,0.0,0.890625,0.09375,0.015625,0.0
9,8,0.0,0.0,0.0,0.0,0.0,0.0,0.0,0.0,0.890625,0.09375,0.015625,0.0
9,8,0.0,0.0,0.0,0.0,0.0,0.0,0.0,0.0,0.890625,0.09375,0.015625,0.0
9,8,0.0,0.0,0.0,0.0,0.0,0.0,0.0,0.0,0.890625,0.09375,0.015625,0.0
9,8,0.0,0.0,0.0,0.0,0.0,0.0,0.0,0.0,0.890625,0.09375,0.015625,0.0
9,8,0.0,0.0,0.0,0.0,0.0,0.0,0.0,0.0,0.890625,0.09375,0.015625,0.0
9,8,0.0,0.0,0.0,0.0,0.0,0.0,0.0,0.0,0.890625,0.09375,0.015625,0.0
9,8,0.0,0.0,0.0,0.0,0.0,0.0,0.0,0.0,0.890625,0.09375,0.015625,0.0
9,8,0.0,0.0,0.0,0.0,0.0,0.0,0.0,0.0,0.890625,0.09375,0.015625,0.0
9,8,0.0,0.0,0.0,0.0,0.0,0.0,0.0,0.0,0.890625,0.09375,0.015625,0.0
9,8,0.0,0.0,0.0,0.0,0.0,0.0,0.0,0.0,0.890625,0.09375,0.015625,0.0
9,8,0.0,0.0,0.0,0.0,0.0,0.0,0.0,0.0,0.890625,0.09375,0.015625,0.0
9,8,0.0,0.0,0.0,0.0,0.0,0.0,0.0,0.0,0.890625,0.09375,0.015625,0.0
9,8,0.0,0.0,0.0,0.0,0.0,0.0,0.0,0.0,0.890625,0.09375,0.015625,0.0
9,8,0.0,0.0,0.0,0.0,0.0,0.0,0.0,0.0,0.890625,0.09375,0.015625,0.0
9,8,0.0,0.0,0.0,0.0,0.0,0.0,0.0,0.0,0.890625,0.09375,0.015625,0.0
9,8,0.0,0.0,0.0,0.0,0.0,0.0,0.0,0.0,0.90625,0.078125,0.015625,0.0
9,8,0.0,0.0,0.0,0.0,0.0,0.0,0.0,0.0,0.90625,0.078125,0.015625,0.0
9,8,0.0,0.0,0.0,0.0,0.0,0.0,0.0,0.0,0.90625,0.078125,0.015625,0.0
9,8,0.0,0.0,0.0,0.0,0.0,0.0,0.0,0.0,0.90625,0.078125,0.015625,0.0
9,8,0.0,0.0,0.0,0.0,0.0,0.0,0.0,0.0,0.90625,0.078125,0.015625,0.0
9,8,0.0,0.0,0.0,0.0,0.0,0.0,0.0,0.0,0.90625,0.078125,0.015625,0.0
9,8,0.0,0.0,0.0,0.0,0.0,0.0,0.0,0.0,0.90625,0.078125,0.015625,0.0
9,8,0.0,0.0,0.0,0.0,0.0,0.0,0.0,0.0,0.90625,0.078125,0.015625,0.0
9,8,0.0,0.0,0.0,0.0,0.0,0.0,0.0,0.0,0.90625,0.078125,0.015625,0.0
9,8,0.0,0.0,0.0,0.0,0.0,0.0,0.0,0.0,0.90625,0.078125,0.015625,0.0
9,8,0.0,0.0,0.0,0.0,0.0,0.0,0.0,0.0,0.90625,0.078125,0.015625,0.0
9,8,0.0,0.0,0.0,0.0,0.0,0.0,0.0,0.0,0.90625,0.078125,0.015625,0.0
9,8,0.0,0.0,0.0,0.0,0.0,0.0,0.0,0.0,0.90625,0.078125,0.015625,0.0
9,8,0.0,0.0,0.0,0.0,0.0,0.0,0.0,0.0,0.90625,0.078125,0.015625,0.0
9,8,0.0,0.0,0.0,0.0,0.0,0.0,0.0,0.0,0.90625,0.078125,0.015625,0.0
9,8,0.0,0.0,0.0,0.0,0.0,0.0,0.0,0.0,0.90625,0.078125,0.015625,0.0
9,8,0.0,0.0,0.0,0.0,0.0,0.0,0.0,0.0,0.90625,0.078125,0.015625,0.0
9,8,0.0,0.0,0.0,0.0,0.0,0.0,0.0,0.0,0.90625,0.078125,0.015625,0.0
9,8,0.0,0.0,0.0,0.0,0.0,0.0,0.0,0.0,0.90625,0.078125,0.015625,0.0
9,8,0.0,0.0,0.0,0.0,0.0,0.0,0.0,0.0,0.90625,0.078125,0.015625,0.0
9,8,0.0,0.0,0.0,0.0,0.0,0.0,0.0,0.0,0.90625,0.078125,0.015625,0.0
9,8,0.0,0.0,0.0,0.0,0.0,0.0,0.0,0.0,0.90625,0.078125,0.015625,0.0
9,8,0.0,0.0,0.0,0.0,0.0,0.0,0.0,0.0,0.90625,0.078125,0.015625,0.0
9,8,0.0,0.0,0.0,0.0,0.0,0.0,0.0,0.0,0.90625,0.078125,0.015625,0.0
9,8,0.0,0.0,0.0,0.0,0.0,0.0,0.0,0.0,0.90625,0.078125,0.015625,0.0
9,8,0.0,0.0,0.0,0.0,0.0,0.0,0.0,0.0,0.90625,0.078125,0.015625,0.0
9,8,0.0,0.0,0.0,0.0,0.0,0.0,0.0,0.0,0.90625,0.078125,0.015625,0.0
9,8,0.0,0.0,0.0,0.0,0.0,0.0,0.0,0.0,0.90625,0.078125,0.015625,0.0
9,8,0.0,0.0,0.0,0.0,0.0,0.0,0.0,0.0,0.90625,0.078125,0.015625,0.0
9,8,0.0,0.0,0.0,0.0,0.0,0.0,0.0,0.0,0.90625,0.078125,0.015625,0.0
9,8,0.0,0.0,0.0,0.0,0.0,0.0,0.0,0.0,0.90625,0.078125,0.015625,0.0
9,8,0.0,0.0,0.0,0.0,0.0,0.0,0.0,0.0,0.90625,0.078125,0.015625,0.0
9,8,0.0,0.0,0.0,0.0,0.0,0.0,0.0,0.0,0.90625,0.078125,0.015625,0.0
9,8,0.0,0.0,0.0,0.0,0.0,0.0,0.0,0.0,0.90625,0.078125,0.015625,0.0
9,8,0.0,0.0,0.0,0.0,0.0,0.0,0.0,0.0,0.90625,0.078125,0.015625,0.0
9,8,0.0,0.0,0.0,0.0,0.0,0.0,0.0,0.0,0.90625,0.078125,0.015625,0.0
9,8,0.0,0.0,0.0,0.0,0.0,0.0,0.0,0.0,0.90625,0.078125,0.015625,0.0
9,8,0.0,0.0,0.0,0.0,0.0,0.0,0.0,0.0,0.90625,0.078125,0.015625,0.0
9,8,0.0,0.0,0.0,0.0,0.0,0.0,0.0,0.0,0.90625,0.078125,0.015625,0.0
9,8,0.0,0.0,0.0,0.0,0.0,0.0,0.0,0.0,0.90625,0.078125,0.015625,0.0
9,8,0.0,0.0,0.0,0.0,0.0,0.0,0.0,0.0,0.90625,0.078125,0.015625,0.0
9,8,0.0,0.0,0.0,0.0,0.0,0.0,0.0,0.0,0.90625,0.078125,0.015625,0.0
9,8,0.0,0.0,0.0,0.0,0.0,0.0,0.0,0.0,0.90625,0.078125,0.015625,0.0
9,8,0.0,0.0,0.0,0.0,0.0,0.0,0.0,0.0,0.90625,0.078125,0.015625,0.0
9,8,0.0,0.0,0.0,0.0,0.0,0.0,0.0,0.0,0.90625,0.078125,0.015625,0.0
9,8,0.0,0.0,0.0,0.0,0.0,0.0,0.0,0.0,0.90625,0.078125,0.015625,0.0
9,8,0.0,0.0,0.0,0.0,0.0,0.0,0.0,0.0,0.90625,0.078125,0.015625,0.0
9,8,0.0,0.0,0.0,0.0,0.0,0.0,0.0,0.0,0.90625,0.078125,0.015625,0.0
9,8,0.0,0.0,0.0,0.0,0.0,0.0,0.0,0.0,0.90625,0.078125,0.015625,0.0
9,8,0.0,0.0,0.0,0.0,0.0,0.0,0.0,0.0,0.90625,0.078125,0.015625,0.0
9,8,0.0,0.0,0.0,0.0,0.0,0.0,0.0,0.0,0.90625,0.078125,0.015625,0.0
9,8,0.0,0.0,0.0,0.0,0.0,0.0,0.0,0.0,0.90625,0.078125,0.015625,0.0
9,8,0.0,0.0,0.0,0.0,0.0,0.0,0.0,0.0,0.90625,0.078125,0.015625,0.0
9,8,0.0,0.0,0.0,0.0,0.0,0.0,0.0,0.0,0.90625,0.078125,0.015625,0.0
9,8,0.0,0.0,0.0,0.0,0.0,0.0,0.0,0.0,0.90625,0.078125,0.015625,0.0
9,8,0.0,0.0,0.0,0.0,0.0,0.0,0.0,0.0,0.90625,0.078125,0.015625,0.0
9,8,0.0,0.0,0.0,0.0,0.0,0.0,0.0,0.0,0.90625,0.078125,0.015625,0.0
9,8,0.0,0.0,0.0,0.0,0.0,0.0,0.0,0.0,0.90625,0.078125,0.015625,0.0
9,8,0.0,0.0,0.0,0.0,0.0,0.0,0.0,0.0,0.90625,0.078125,0.015625,0.0
9,8,0.0,0.0,0.0,0.0,0.0,0.0,0.0,0.0,0.90625,0.078125,0.015625,0.0
9,8,0.0,0.0,0.0,0.0,0.0,0.0,0.0,0.0,0.90625,0.078125,0.015625,0.0
9,8,0.0,0.0,0.0,0.0,0.0,0.0,0.0,0.0,0.90625,0.078125,0.015625,0.0
9,8,0.0,0.0,0.0,0.0,0.0,0.0,0.0,0.0,0.90625,0.078125,0.015625,0.0
9,8,0.0,0.0,0.0,0.0,0.0,0.0,0.0,0.0,0.90625,0.078125,0.015625,0.0
9,8,0.0,0.0,0.0,0.0,0.0,0.0,0.0,0.0,0.90625,0.078125,0.015625,0.0
9,8,0.0,0.0,0.0,0.0,0.0,0.0,0.0,0.0,0.90625,0.078125,0.015625,0.0
9,8,0.0,0.0,0.0,0.0,0.0,0.0,0.0,0.0,0.90625,0.078125,0.015625,0.0
9,8,0.0,0.0,0.0,0.0,0.0,0.0,0.0,0.0,0.90625,0.078125,0.015625,0.0
9,8,0.0,0.0,0.0,0.0,0.0,0.0,0.0,0.0,0.90625,0.078125,0.015625,0.0
9,8,0.0,0.0,0.0,0.0,0.0,0.0,0.0,0.0,0.90625,0.078125,0.015625,0.0
9,8,0.0,0.0,0.0,0.0,0.0,0.0,0.0,0.0,0.90625,0.078125,0.015625,0.0
9,8,0.0,0.0,0.0,0.0,0.0,0.0,0.0,0.0,0.90625,0.078125,0.015625,0.0
9,8,0.0,0.0,0.0,0.0,0.0,0.0,0.0,0.0,0.90625,0.078125,0.015625,0.0
9,8,0.0,0.0,0.0,0.0,0.0,0.0,0.0,0.0,0.90625,0.078125,0.015625,0.0
9,8,0.0,0.0,0.0,0.0,0.0,0.0,0.0,0.0,0.90625,0.078125,0.015625,0.0
9,8,0.0,0.0,0.0,0.0,0.0,0.0,0.0,0.0,0.90625,0.078125,0.015625,0.0
9,8,0.0,0.0,0.0,0.0,0.0,0.0,0.0,0.0,0.90625,0.078125,0.015625,0.0
9,8,0.0,0.0,0.0,0.0,0.0,0.0,0.0,0.0,0.90625,0.078125,0.015625,0.0
9,8,0.0,0.0,0.0,0.0,0.0,0.0,0.0,0.0,0.90625,0.078125,0.015625,0.0
9,8,0.0,0.0,0.0,0.0,0.0,0.0,0.0,0.0,0.90625,0.078125,0.015625,0.0
9,8,0.0,0.0,0.0,0.0,0.0,0.0,0.0,0.0,0.90625,0.078125,0.015625,0.0
9,8,0.0,0.0,0.0,0.0,0.0,0.0,0.0,0.0,0.90625,0.078125,0.015625,0.0
9,8,0.0,0.0,0.0,0.0,0.0,0.0,0.0,0.0,0.90625,0.078125,0.015625,0.0
9,8,0.0,0.0,0.0,0.0,0.0,0.0,0.0,0.0,0.90625,0.078125,0.015625,0.0
9,8,0.0,0.0,0.0,0.0,0.0,0.0,0.0,0.0,0.90625,0.078125,0.015625,0.0
9,8,0.0,0.0,0.0,0.0,0.0,0.0,0.0,0.0,0.90625,0.078125,0.015625,0.0
9,8,0.0,0.0,0.0,0.0,0.0,0.0,0.0,0.0,0.90625,0.078125,0.015625,0.0
9,8,0.0,0.0,0.0,0.0,0.0,0.0,0.0,0.0,0.90625,0.078125,0.015625,0.0
9,8,0.0,0.0,0.0,0.0,0.0,0.0,0.0,0.0,0.90625,0.078125,0.015625,0.0
9,8,0.0,0.0,0.0,0.0,0.0,0.0,0.0,0.0,0.90625,0.078125,0.015625,0.0
9,8,0.0,0.0,0.0,0.0,0.0,0.0,0.0,0.0,0.90625,0.078125,0.015625,0.0
9,8,0.0,0.0,0.0,0.0,0.0,0.0,0.0,0.0,0.90625,0.078125,0.015625,0.0
9,8,0.0,0.0,0.0,0.0,0.0,0.0,0.0,0.0,0.90625,0.078125,0.015625,0.0
9,8,0.0,0.0,0.0,0.0,0.0,0.0,0.0,0.0,0.90625,0.078125,0.015625,0.0
9,8,0.0,0.0,0.0,0.0,0.0,0.0,0.0,0.0,0.90625,0.078125,0.015625,0.0
9,8,0.0,0.0,0.0,0.0,0.0,0.0,0.0,0.0,0.90625,0.078125,0.015625,0.0
9,8,0.0,0.0,0.0,0.0,0.0,0.0,0.0,0.0,0.90625,0.078125,0.015625,0.0
9,8,0.0,0.0,0.0,0.0,0.0,0.0,0.0,0.0,0.90625,0.078125,0.015625,0.0
9,8,0.0,0.0,0.0,0.0,0.0,0.0,0.0,0.0,0.90625,0.078125,0.015625,0.0
9,8,0.0,0.0,0.0,0.0,0.0,0.0,0.0,0.0,0.90625,0.078125,0.015625,0.0
9,8,0.0,0.0,0.0,0.0,0.0,0.0,0.0,0.0,0.90625,0.078125,0.015625,0.0
9,8,0.0,0.0,0.0,0.0,0.0,0.0,0.0,0.0,0.90625,0.078125,0.015625,0.0
9,8,0.0,0.0,0.0,0.0,0.0,0.0,0.0,0.0,0.90625,0.078125,0.015625,0.0
9,8,0.0,0.0,0.0,0.0,0.0,0.0,0.0,0.0,0.90625,0.078125,0.015625,0.0
9,8,0.0,0.0,0.0,0.0,0.0,0.0,0.0,0.0,0.90625,0.078125,0.015625,0.0
9,8,0.0,0.0,0.0,0.0,0.0,0.0,0.0,0.0,0.90625,0.078125,0.015625,0.0
9,8,0.0,0.0,0.0,0.0,0.0,0.0,0.0,0.0,0.90625,0.078125,0.015625,0.0
9,8,0.0,0.0,0.0,0.0,0.0,0.0,0.0,0.0,0.90625,0.078125,0.015625,0.0
9,8,0.0,0.0,0.0,0.0,0.0,0.0,0.0,0.0,0.90625,0.078125,0.015625,0.0
9,8,0.0,0.0,0.0,0.0,0.0,0.0,0.0,0.0,0.90625,0.078125,0.015625,0.0
9,8,0.0,0.0,0.0,0.0,0.0,0.0,0.0,0.0,0.90625,0.078125,0.015625,0.0
9,8,0.0,0.0,0.0,0.0,0.0,0.0,0.0,0.0,0.90625,0.078125,0.015625,0.0
9,8,0.0,0.0,0.0,0.0,0.0,0.0,0.0,0.0,0.90625,0.078125,0.015625,0.0
9,8,0.0,0.0,0.0,0.0,0.0,0.0,0.0,0.0,0.90625,0.078125,0.015625,0.0
9,8,0.0,0.0,0.0,0.0,0.0,0.0,0.0,0.0,0.90625,0.078125,0.015625,0.0
9,8,0.0,0.0,0.0,0.0,0.0,0.0,0.0,0.0,0.90625,0.078125,0.015625,0.0
9,8,0.0,0.0,0.0,0.0,0.0,0.0,0.0,0.0,0.90625,0.078125,0.015625,0.0
9,8,0.0,0.0,0.0,0.0,0.0,0.0,0.0,0.0,0.90625,0.078125,0.015625,0.0
9,8,0.0,0.0,0.0,0.0,0.0,0.0,0.0,0.0,0.90625,0.078125,0.015625,0.0
9,8,0.0,0.0,0.0,0.0,0.0,0.0,0.0,0.0,0.90625,0.078125,0.015625,0.0
9,8,0.0,0.0,0.0,0.0,0.0,0.0,0.0,0.0,0.90625,0.078125,0.015625,0.0
9,8,0.0,0.0,0.0,0.0,0.0,0.0,0.0,0.0,0.90625,0.078125,0.015625,0.0
9,8,0.0,0.0,0.0,0.0,0.0,0.0,0.0,0.0,0.90625,0.078125,0.015625,0.0
9,8,0.0,0.0,0.0,0.0,0.0,0.0,0.0,0.0,0.90625,0.078125,0.015625,0.0
9,8,0.0,0.0,0.0,0.0,0.0,0.0,0.0,0.0,0.90625,0.078125,0.015625,0.0
9,8,0.0,0.0,0.0,0.0,0.0,0.0,0.0,0.0,0.90625,0.078125,0.015625,0.0
9,8,0.0,0.0,0.0,0.0,0.0,0.0,0.0,0.0,0.90625,0.078125,0.015625,0.0
9,8,0.0,0.0,0.0,0.0,0.0,0.0,0.0,0.0,0.90625,0.078125,0.015625,0.0
9,8,0.0,0.0,0.0,0.0,0.0,0.0,0.0,0.0,0.90625,0.078125,0.015625,0.0
9,8,0.0,0.0,0.0,0.0,0.0,0.0,0.0,0.0,0.90625,0.078125,0.015625,0.0
9,8,0.0,0.0,0.0,0.0,0.0,0.0,0.0,0.0,0.90625,0.078125,0.015625,0.0
9,8,0.0,0.0,0.0,0.0,0.0,0.0,0.0,0.0,0.90625,0.078125,0.015625,0.0
9,8,0.0,0.0,0.0,0.0,0.0,0.0,0.0,0.0,0.90625,0.078125,0.015625,0.0
9,8,0.0,0.0,0.0,0.0,0.0,0.0,0.0,0.0,0.90625,0.078125,0.015625,0.0
9,8,0.0,0.0,0.0,0.0,0.0,0.0,0.0,0.0,0.90625,0.078125,0.015625,0.0
9,8,0.0,0.0,0.0,0.0,0.0,0.0,0.0,0.0,0.90625,0.078125,0.015625,0.0
9,8,0.0,0.0,0.0,0.0,0.0,0.0,0.0,0.0,0.90625,0.078125,0.015625,0.0
9,8,0.0,0.0,0.0,0.0,0.0,0.0,0.0,0.0,0.90625,0.078125,0.015625,0.0
9,8,0.0,0.0,0.0,0.0,0.0,0.0,0.0,0.0,0.90625,0.078125,0.015625,0.0
9,8,0.0,0.0,0.0,0.0,0.0,0.0,0.0,0.0,0.90625,0.078125,0.015625,0.0
9,8,0.0,0.0,0.0,0.0,0.0,0.0,0.0,0.0,0.90625,0.078125,0.015625,0.0
9,8,0.0,0.0,0.0,0.0,0.0,0.0,0.0,0.0,0.90625,0.078125,0.015625,0.0
9,8,0.0,0.0,0.0,0.0,0.0,0.0,0.0,0.0,0.90625,0.078125,0.015625,0.0
9,8,0.0,0.0,0.0,0.0,0.0,0.0,0.0,0.0,0.90625,0.078125,0.015625,0.0
9,8,0.0,0.0,0.0,0.0,0.0,0.0,0.0,0.0,0.90625,0.078125,0.015625,0.0
9,8,0.0,0.0,0.0,0.0,0.0,0.0,0.0,0.0,0.90625,0.078125,0.015625,0.0
9,8,0.0,0.0,0.0,0.0,0.0,0.0,0.0,0.0,0.90625,0.078125,0.015625,0.0
9,8,0.0,0.0,0.0,0.0,0.0,0.0,0.0,0.0,0.90625,0.078125,0.015625,0.0
9,8,0.0,0.0,0.0,0.0,0.0,0.0,0.0,0.0,0.90625,0.078125,0.015625,0.0
9,8,0.0,0.0,0.0,0.0,0.0,0.0,0.0,0.0,0.90625,0.078125,0.015625,0.0
9,8,0.0,0.0,0.0,0.0,0.0,0.0,0.0,0.0,0.90625,0.078125,0.015625,0.0
9,8,0.0,0.0,0.0,0.0,0.0,0.0,0.0,0.0,0.90625,0.078125,0.015625,0.0
9,8,0.0,0.0,0.0,0.0,0.0,0.0,0.0,0.0,0.90625,0.078125,0.015625,0.0
9,8,0.0,0.0,0.0,0.0,0.0,0.0,0.0,0.0,0.90625,0.078125,0.015625,0.0
9,8,0.0,0.0,0.0,0.0,0.0,0.0,0.0,0.0,0.90625,0.078125,0.015625,0.0
9,8,0.0,0.0,0.0,0.0,0.0,0.0,0.0,0.0,0.90625,0.078125,0.015625,0.0
9,8,0.0,0.0,0.0,0.0,0.0,0.0,0.0,0.0,0.90625,0.078125,0.015625,0.0
9,8,0.0,0.0,0.0,0.0,0.0,0.0,0.0,0.0,0.90625,0.078125,0.015625,0.0
9,8,0.0,0.0,0.0,0.0,0.0,0.0,0.0,0.0,0.90625,0.078125,0.015625,0.0
9,8,0.0,0.0,0.0,0.0,0.0,0.0,0.0,0.0,0.90625,0.078125,0.015625,0.0
9,8,0.0,0.0,0.0,0.0,0.0,0.0,0.0,0.0,0.90625,0.078125,0.015625,0.0
9,8,0.0,0.0,0.0,0.0,0.0,0.0,0.0,0.0,0.90625,0.078125,0.015625,0.0
9,8,0.0,0.0,0.0,0.0,0.0,0.0,0.0,0.0,0.90625,0.078125,0.015625,0.0
9,8,0.0,0.0,0.0,0.0,0.0,0.0,0.0,0.0,0.90625,0.078125,0.015625,0.0
9,8,0.0,0.0,0.0,0.0,0.0,0.0,0.0,0.0,0.90625,0.078125,0.015625,0.0
9,8,0.0,0.0,0.0,0.0,0.0,0.0,0.0,0.0,0.90625,0.078125,0.015625,0.0
9,8,0.0,0.0,0.0,0.0,0.0,0.0,0.0,0.0,0.90625,0.078125,0.015625,0.0
9,8,0.0,0.0,0.0,0.0,0.0,0.0,0.0,0.0,0.90625,0.078125,0.015625,0.0
9,8,0.0,0.0,0.0,0.0,0.0,0.0,0.0,0.0,0.90625,0.078125,0.015625,0.0
9,8,0.0,0.0,0.0,0.0,0.0,0.0,0.0,0.0,0.90625,0.078125,0.015625,0.0
9,8,0.0,0.0,0.0,0.0,0.0,0.0,0.0,0.0,0.90625,0.078125,0.015625,0.0
9,8,0.0,0.0,0.0,0.0,0.0,0.0,0.0,0.0,0.90625,0.078125,0.015625,0.0
9,8,0.0,0.0,0.0,0.0,0.0,0.0,0.0,0.0,0.90625,0.078125,0.015625,0.0
9,8,0.0,0.0,0.0,0.0,0.0,0.0,0.0,0.0,0.90625,0.078125,0.015625,0.0
9,8,0.0,0.0,0.0,0.0,0.0,0.0,0.0,0.0,0.90625,0.078125,0.015625,0.0
9,8,0.0,0.0,0.0,0.0,0.0,0.0,0.0,0.0,0.90625,0.078125,0.015625,0.0
9,8,0.0,0.0,0.0,0.0,0.0,0.0,0.0,0.0,0.890625,0.09375,0.015625,0.0
9,8,0.0,0.0,0.0,0.0,0.0,0.0,0.0,0.0,0.890625,0.09375,0.015625,0.0
9,8,0.0,0.0,0.0,0.0,0.0,0.0,0.0,0.0,0.890625,0.09375,0.015625,0.0
9,8,0.0,0.0,0.0,0.0,0.0,0.0,0.0,0.0,0.890625,0.09375,0.015625,0.0
9,8,0.0,0.0,0.0,0.0,0.0,0.0,0.0,0.0,0.890625,0.09375,0.015625,0.0
9,8,0.0,0.0,0.0,0.0,0.0,0.0,0.0,0.0,0.890625,0.09375,0.015625,0.0
9,8,0.0,0.0,0.0,0.0,0.0,0.0,0.0,0.0,0.890625,0.09375,0.015625,0.0
9,8,0.0,0.0,0.0,0.0,0.0,0.0,0.0,0.0,0.890625,0.09375,0.015625,0.0
9,8,0.0,0.0,0.0,0.0,0.0,0.0,0.0,0.0,0.890625,0.09375,0.015625,0.0
9,8,0.0,0.0,0.0,0.0,0.0,0.0,0.0,0.0,0.890625,0.09375,0.015625,0.0
9,8,0.0,0.0,0.0,0.0,0.0,0.0,0.0,0.0,0.890625,0.09375,0.015625,0.0
9,8,0.0,0.0,0.0,0.0,0.0,0.0,0.0,0.0,0.890625,0.09375,0.015625,0.0
9,8,0.0,0.0,0.0,0.0,0.0,0.0,0.0,0.0,0.890625,0.09375,0.015625,0.0
9,8,0.0,0.0,0.0,0.0,0.0,0.0,0.0,0.0,0.890625,0.09375,0.015625,0.0
9,8,0.0,0.0,0.0,0.0,0.0,0.0,0.0,0.0,0.890625,0.09375,0.015625,0.0
9,8,0.0,0.0,0.0,0.0,0.0,0.0,0.0,0.0,0.890625,0.09375,0.015625,0.0
9,8,0.0,0.0,0.0,0.0,0.0,0.0,0.0,0.0,0.875,0.109375,0.015625,0.0
9,8,0.0,0.0,0.0,0.0,0.0,0.0,0.0,0.0,0.875,0.109375,0.015625,0.0
9,8,0.0,0.0,0.0,0.0,0.0,0.0,0.0,0.0,0.875,0.109375,0.015625,0.0
9,8,0.0,0.0,0.0,0.0,0.0,0.0,0.0,0.0,0.875,0.109375,0.015625,0.0
9,8,0.0,0.0,0.0,0.0,0.0,0.0,0.0,0.0,0.875,0.109375,0.015625,0.0
9,8,0.0,0.0,0.0,0.0,0.0,0.0,0.0,0.0,0.875,0.109375,0.015625,0.0
9,8,0.0,0.0,0.0,0.0,0.0,0.0,0.0,0.0,0.875,0.109375,0.015625,0.0
9,8,0.0,0.0,0.0,0.0,0.0,0.0,0.0,0.0,0.875,0.109375,0.015625,0.0
9,8,0.0,0.0,0.0,0.0,0.0,0.0,0.0,0.0,0.859375,0.125,0.015625,0.0
9,8,0.0,0.0,0.0,0.0,0.0,0.0,0.0,0.0,0.859375,0.125,0.015625,0.0
9,8,0.0,0.0,0.0,0.0,0.0,0.0,0.0,0.0,0.859375,0.125,0.015625,0.0
9,8,0.0,0.0,0.0,0.0,0.0,0.0,0.0,0.0,0.859375,0.125,0.015625,0.0
9,8,0.0,0.0,0.0,0.0,0.0,0.0,0.0,0.0,0.859375,0.125,0.015625,0.0
9,8,0.0,0.0,0.0,0.0,0.0,0.0,0.0,0.0,0.859375,0.125,0.015625,0.0
9,8,0.0,0.0,0.0,0.0,0.0,0.0,0.0,0.0,0.859375,0.125,0.015625,0.0
9,8,0.0,0.0,0.0,0.0,0.0,0.0,0.0,0.0,0.859375,0.125,0.015625,0.0
9,8,0.0,0.0,0.0,0.0,0.0,0.0,0.0,0.0,0.859375,0.125,0.015625,0.0
9,8,0.0,0.0,0.0,0.0,0.0,0.0,0.0,0.0,0.859375,0.125,0.015625,0.0
9,8,0.0,0.0,0.0,0.0,0.0,0.0,0.0,0.0,0.859375,0.125,0.015625,0.0
9,8,0.0,0.0,0.0,0.0,0.0,0.0,0.0,0.0,0.859375,0.125,0.015625,0.0
9,8,0.0,0.0,0.0,0.0,0.0,0.0,0.0,0.0,0.859375,0.125,0.015625,0.0
9,8,0.0,0.0,0.0,0.0,0.0,0.0,0.0,0.0,0.859375,0.125,0.015625,0.0
9,8,0.0,0.0,0.0,0.0,0.0,0.0,0.0,0.0,0.859375,0.125,0.015625,0.0
9,8,0.0,0.0,0.0,0.0,0.0,0.0,0.0,0.0,0.859375,0.125,0.015625,0.0
9,8,0.0,0.0,0.0,0.0,0.0,0.0,0.0,0.0,0.859375,0.125,0.015625,0.0
9,8,0.0,0.0,0.0,0.0,0.0,0.0,0.0,0.0,0.859375,0.125,0.015625,0.0
9,8,0.0,0.0,0.0,0.0,0.0,0.0,0.0,0.0,0.859375,0.125,0.015625,0.0
9,8,0.0,0.0,0.0,0.0,0.0,0.0,0.0,0.0,0.859375,0.125,0.015625,0.0
9,8,0.0,0.0,0.0,0.0,0.0,0.0,0.0,0.0,0.859375,0.125,0.015625,0.0
9,8,0.0,0.0,0.0,0.0,0.0,0.0,0.0,0.0,0.859375,0.125,0.015625,0.0
9,8,0.0,0.0,0.0,0.0,0.0,0.0,0.0,0.0,0.859375,0.125,0.015625,0.0
9,8,0.0,0.0,0.0,0.0,0.0,0.0,0.0,0.0,0.859375,0.125,0.015625,0.0
9,8,0.0,0.0,0.0,0.0,0.0,0.0,0.0,0.0,0.859375,0.125,0.015625,0.0
9,8,0.0,0.0,0.0,0.0,0.0,0.0,0.0,0.0,0.859375,0.125,0.015625,0.0
9,8,0.0,0.0,0.0,0.0,0.0,0.0,0.0,0.0,0.859375,0.125,0.015625,0.0
9,8,0.0,0.0,0.0,0.0,0.0,0.0,0.0,0.0,0.859375,0.125,0.015625,0.0
9,8,0.0,0.0,0.0,0.0,0.0,0.0,0.0,0.0,0.859375,0.125,0.015625,0.0
9,8,0.0,0.0,0.0,0.0,0.0,0.0,0.0,0.0,0.859375,0.125,0.015625,0.0
9,8,0.0,0.0,0.0,0.0,0.0,0.0,0.0,0.0,0.859375,0.125,0.015625,0.0
9,8,0.0,0.0,0.0,0.0,0.0,0.0,0.0,0.0,0.859375,0.125,0.015625,0.0
9,8,0.0,0.0,0.0,0.0,0.0,0.0,0.0,0.0,0.859375,0.125,0.015625,0.0
9,8,0.0,0.0,0.0,0.0,0.0,0.0,0.0,0.0,0.859375,0.125,0.015625,0.0
9,8,0.0,0.0,0.0,0.0,0.0,0.0,0.0,0.0,0.859375,0.125,0.015625,0.0
9,8,0.0,0.0,0.0,0.0,0.0,0.0,0.0,0.0,0.859375,0.125,0.015625,0.0
9,8,0.0,0.0,0.0,0.0,0.0,0.0,0.0,0.0,0.859375,0.125,0.015625,0.0
9,8,0.0,0.0,0.0,0.0,0.0,0.0,0.0,0.0,0.859375,0.125,0.015625,0.0
9,8,0.0,0.0,0.0,0.0,0.0,0.0,0.0,0.0,0.859375,0.125,0.015625,0.0
9,8,0.0,0.0,0.0,0.0,0.0,0.0,0.0,0.0,0.859375,0.125,0.015625,0.0
9,8,0.0,0.0,0.0,0.0,0.0,0.0,0.0,0.0,0.859375,0.125,0.015625,0.0
9,8,0.0,0.0,0.0,0.0,0.0,0.0,0.0,0.0,0.859375,0.125,0.015625,0.0
9,8,0.0,0.0,0.0,0.0,0.0,0.0,0.0,0.0,0.859375,0.125,0.015625,0.0
9,8,0.0,0.0,0.0,0.0,0.0,0.0,0.0,0.0,0.859375,0.125,0.015625,0.0
9,8,0.0,0.0,0.0,0.0,0.0,0.0,0.0,0.0,0.859375,0.125,0.015625,0.0
9,8,0.0,0.0,0.0,0.0,0.0,0.0,0.0,0.0,0.859375,0.125,0.015625,0.0
9,8,0.0,0.0,0.0,0.0,0.0,0.0,0.0,0.0,0.859375,0.125,0.015625,0.0
9,8,0.0,0.0,0.0,0.0,0.0,0.0,0.0,0.0,0.859375,0.125,0.015625,0.0
9,8,0.0,0.0,0.0,0.0,0.0,0.0,0.0,0.0,0.859375,0.125,0.015625,0.0
9,8,0.0,0.0,0.0,0.0,0.0,0.0,0.0,0.0,0.859375,0.125,0.015625,0.0
9,8,0.0,0.0,0.0,0.0,0.0,0.0,0.0,0.0,0.859375,0.125,0.015625,0.0
9,8,0.0,0.0,0.0,0.0,0.0,0.0,0.0,0.0,0.859375,0.125,0.015625,0.0
9,8,0.0,0.0,0.0,0.0,0.0,0.0,0.0,0.0,0.859375,0.125,0.015625,0.0
9,8,0.0,0.0,0.0,0.0,0.0,0.0,0.0,0.0,0.859375,0.125,0.015625,0.0
9,8,0.0,0.0,0.0,0.0,0.0,0.0,0.0,0.0,0.859375,0.125,0.015625,0.0
9,8,0.0,0.0,0.0,0.0,0.0,0.0,0.0,0.0,0.859375,0.125,0.015625,0.0
9,8,0.0,0.0,0.0,0.0,0.0,0.0,0.0,0.0,0.875,0.109375,0.015625,0.0
9,8,0.0,0.0,0.0,0.0,0.0,0.0,0.0,0.0,0.875,0.109375,0.015625,0.0
9,8,0.0,0.0,0.0,0.0,0.0,0.0,0.0,0.0,0.875,0.109375,0.015625,0.0
9,8,0.0,0.0,0.0,0.0,0.0,0.0,0.0,0.0,0.875,0.109375,0.015625,0.0
9,8,0.0,0.0,0.0,0.0,0.0,0.0,0.0,0.0,0.875,0.109375,0.015625,0.0
9,8,0.0,0.0,0.0,0.0,0.0,0.0,0.0,0.0,0.875,0.109375,0.015625,0.0
9,8,0.0,0.0,0.0,0.0,0.0,0.0,0.0,0.0,0.875,0.109375,0.015625,0.0
9,8,0.0,0.0,0.0,0.0,0.0,0.0,0.0,0.0,0.875,0.109375,0.015625,0.0
9,8,0.0,0.0,0.0,0.0,0.0,0.0,0.0,0.0,0.875,0.109375,0.015625,0.0
9,8,0.0,0.0,0.0,0.0,0.0,0.0,0.0,0.0,0.875,0.109375,0.015625,0.0
9,8,0.0,0.0,0.0,0.0,0.0,0.0,0.0,0.0,0.875,0.109375,0.015625,0.0
9,8,0.0,0.0,0.0,0.0,0.0,0.0,0.0,0.0,0.875,0.109375,0.015625,0.0
9,8,0.0,0.0,0.0,0.0,0.0,0.0,0.0,0.0,0.875,0.109375,0.015625,0.0
9,8,0.0,0.0,0.0,0.0,0.0,0.0,0.0,0.0,0.875,0.109375,0.015625,0.0
9,8,0.0,0.0,0.0,0.0,0.0,0.0,0.0,0.0,0.875,0.109375,0.015625,0.0
9,8,0.0,0.0,0.0,0.0,0.0,0.0,0.0,0.0,0.875,0.109375,0.015625,0.0
9,8,0.0,0.0,0.0,0.0,0.0,0.0,0.0,0.0,0.875,0.109375,0.015625,0.0
9,8,0.0,0.0,0.0,0.0,0.0,0.0,0.0,0.0,0.875,0.109375,0.015625,0.0
9,8,0.0,0.0,0.0,0.0,0.0,0.0,0.0,0.0,0.875,0.109375,0.015625,0.0
9,8,0.0,0.0,0.0,0.0,0.0,0.0,0.0,0.0,0.875,0.109375,0.015625,0.0
9,8,0.0,0.0,0.0,0.0,0.0,0.0,0.0,0.0,0.875,0.109375,0.015625,0.0
9,8,0.0,0.0,0.0,0.0,0.0,0.0,0.0,0.0,0.875,0.109375,0.015625,0.0
9,8,0.0,0.0,0.0,0.0,0.0,0.0,0.0,0.0,0.875,0.109375,0.015625,0.0
9,8,0.0,0.0,0.0,0.0,0.0,0.0,0.0,0.0,0.875,0.109375,0.015625,0.0
9,8,0.0,0.0,0.0,0.0,0.0,0.0,0.0,0.0,0.875,0.109375,0.015625,0.0
9,8,0.0,0.0,0.0,0.0,0.0,0.0,0.0,0.0,0.875,0.109375,0.015625,0.0
9,8,0.0,0.0,0.0,0.0,0.0,0.0,0.0,0.0,0.875,0.109375,0.015625,0.0
9,8,0.0,0.0,0.0,0.0,0.0,0.0,0.0,0.0,0.875,0.109375,0.015625,0.0
9,8,0.0,0.0,0.0,0.0,0.0,0.0,0.0,0.0,0.875,0.109375,0.015625,0.0
9,8,0.0,0.0,0.0,0.0,0.0,0.0,0.0,0.0,0.875,0.109375,0.015625,0.0
9,8,0.0,0.0,0.0,0.0,0.0,0.0,0.0,0.0,0.875,0.109375,0.015625,0.0
9,8,0.0,0.0,0.0,0.0,0.0,0.0,0.0,0.0,0.875,0.109375,0.015625,0.0
9,8,0.0,0.0,0.0,0.0,0.0,0.0,0.0,0.0,0.875,0.109375,0.015625,0.0
9,8,0.0,0.0,0.0,0.0,0.0,0.0,0.0,0.0,0.875,0.109375,0.015625,0.0
9,8,0.0,0.0,0.0,0.0,0.0,0.0,0.0,0.0,0.875,0.109375,0.015625,0.0
9,8,0.0,0.0,0.0,0.0,0.0,0.0,0.0,0.0,0.875,0.109375,0.015625,0.0
9,8,0.0,0.0,0.0,0.0,0.0,0.0,0.0,0.0,0.875,0.109375,0.015625,0.0
9,8,0.0,0.0,0.0,0.0,0.0,0.0,0.0,0.0,0.875,0.109375,0.015625,0.0
9,8,0.0,0.0,0.0,0.0,0.0,0.0,0.0,0.0,0.875,0.109375,0.015625,0.0
9,8,0.0,0.0,0.0,0.0,0.0,0.0,0.0,0.0,0.875,0.109375,0.015625,0.0
9,8,0.0,0.0,0.0,0.0,0.0,0.0,0.0,0.0,0.875,0.109375,0.015625,0.0
9,8,0.0,0.0,0.0,0.0,0.0,0.0,0.0,0.0,0.875,0.109375,0.015625,0.0
9,8,0.0,0.0,0.0,0.0,0.0,0.0,0.0,0.0,0.875,0.109375,0.015625,0.0
9,8,0.0,0.0,0.0,0.0,0.0,0.0,0.0,0.0,0.875,0.109375,0.015625,0.0
9,8,0.0,0.0,0.0,0.0,0.0,0.0,0.0,0.0,0.875,0.109375,0.015625,0.0
9,8,0.0,0.0,0.0,0.0,0.0,0.0,0.0,0.0,0.875,0.109375,0.015625,0.0
9,8,0.0,0.0,0.0,0.0,0.0,0.0,0.0,0.0,0.875,0.109375,0.015625,0.0
9,8,0.0,0.0,0.0,0.0,0.0,0.0,0.0,0.0,0.875,0.109375,0.015625,0.0
9,8,0.0,0.0,0.0,0.0,0.0,0.0,0.0,0.0,0.875,0.109375,0.015625,0.0
9,8,0.0,0.0,0.0,0.0,0.0,0.0,0.0,0.0,0.875,0.109375,0.015625,0.0
9,8,0.0,0.0,0.0,0.0,0.0,0.0,0.0,0.0,0.875,0.109375,0.015625,0.0
9,8,0.0,0.0,0.0,0.0,0.0,0.0,0.0,0.0,0.875,0.109375,0.015625,0.0
9,8,0.0,0.0,0.0,0.0,0.0,0.0,0.0,0.0,0.875,0.109375,0.015625,0.0
9,8,0.0,0.0,0.0,0.0,0.0,0.0,0.0,0.0,0.875,0.109375,0.015625,0.0
9,8,0.0,0.0,0.0,0.0,0.0,0.0,0.0,0.0,0.875,0.109375,0.015625,0.0
9,8,0.0,0.0,0.0,0.0,0.0,0.0,0.0,0.0,0.875,0.109375,0.015625,0.0
9,8,0.0,0.0,0.0,0.0,0.0,0.0,0.0,0.0,0.875,0.109375,0.015625,0.0
9,8,0.0,0.0,0.0,0.0,0.0,0.0,0.0,0.0,0.875,0.109375,0.015625,0.0
9,8,0.0,0.0,0.0,0.0,0.0,0.0,0.0,0.0,0.875,0.109375,0.015625,0.0
9,8,0.0,0.0,0.0,0.0,0.0,0.0,0.0,0.0,0.875,0.109375,0.015625,0.0
9,8,0.0,0.0,0.0,0.0,0.0,0.0,0.0,0.0,0.875,0.109375,0.015625,0.0
9,8,0.0,0.0,0.0,0.0,0.0,0.0,0.0,0.0,0.875,0.109375,0.015625,0.0
9,8,0.0,0.0,0.0,0.0,0.0,0.0,0.0,0.0,0.875,0.109375,0.015625,0.0
9,8,0.0,0.0,0.0,0.0,0.0,0.0,0.0,0.0,0.875,0.109375,0.015625,0.0
9,8,0.0,0.0,0.0,0.0,0.0,0.0,0.0,0.0,0.875,0.109375,0.015625,0.0
9,8,0.0,0.0,0.0,0.0,0.0,0.0,0.0,0.0,0.875,0.109375,0.015625,0.0
9,8,0.0,0.0,0.0,0.0,0.0,0.0,0.0,0.0,0.875,0.109375,0.015625,0.0
9,8,0.0,0.0,0.0,0.0,0.0,0.0,0.0,0.0,0.875,0.109375,0.015625,0.0
9,8,0.0,0.0,0.0,0.0,0.0,0.0,0.0,0.0,0.875,0.109375,0.015625,0.0
9,8,0.0,0.0,0.0,0.0,0.0,0.0,0.0,0.0,0.875,0.109375,0.015625,0.0
9,8,0.0,0.0,0.0,0.0,0.0,0.0,0.0,0.0,0.875,0.109375,0.015625,0.0
9,8,0.0,0.0,0.0,0.0,0.0,0.0,0.0,0.0,0.875,0.109375,0.015625,0.0
9,8,0.0,0.0,0.0,0.0,0.0,0.0,0.0,0.0,0.875,0.109375,0.015625,0.0
9,8,0.0,0.0,0.0,0.0,0.0,0.0,0.0,0.0,0.875,0.109375,0.015625,0.0
9,8,0.0,0.0,0.0,0.0,0.0,0.0,0.0,0.0,0.875,0.109375,0.015625,0.0
9,8,0.0,0.0,0.0,0.0,0.0,0.0,0.0,0.0,0.875,0.109375,0.015625,0.0
9,8,0.0,0.0,0.0,0.0,0.0,0.0,0.0,0.0,0.875,0.109375,0.015625,0.0
9,8,0.0,0.0,0.0,0.0,0.0,0.0,0.0,0.0,0.875,0.109375,0.015625,0.0
9,8,0.0,0.0,0.0,0.0,0.0,0.0,0.0,0.0,0.875,0.109375,0.015625,0.0
9,8,0.0,0.0,0.0,0.0,0.0,0.0,0.0,0.0,0.875,0.109375,0.015625,0.0
9,8,0.0,0.0,0.0,0.0,0.0,0.0,0.0,0.0,0.875,0.109375,0.015625,0.0
9,8,0.0,0.0,0.0,0.0,0.0,0.0,0.0,0.0,0.875,0.109375,0.015625,0.0
9,8,0.0,0.0,0.0,0.0,0.0,0.0,0.0,0.0,0.875,0.109375,0.015625,0.0
9,8,0.0,0.0,0.0,0.0,0.0,0.0,0.0,0.0,0.875,0.109375,0.015625,0.0
9,8,0.0,0.0,0.0,0.0,0.0,0.0,0.0,0.0,0.875,0.109375,0.015625,0.0
9,8,0.0,0.0,0.0,0.0,0.0,0.0,0.0,0.0,0.875,0.109375,0.015625,0.0
9,8,0.0,0.0,0.0,0.0,0.0,0.0,0.0,0.0,0.875,0.109375,0.015625,0.0
9,8,0.0,0.0,0.0,0.0,0.0,0.0,0.0,0.0,0.875,0.109375,0.015625,0.0
9,8,0.0,0.0,0.0,0.0,0.0,0.0,0.0,0.0,0.875,0.109375,0.015625,0.0
9,8,0.0,0.0,0.0,0.0,0.0,0.0,0.0,0.0,0.875,0.109375,0.015625,0.0
9,8,0.0,0.0,0.0,0.0,0.0,0.0,0.0,0.0,0.875,0.109375,0.015625,0.0
9,8,0.0,0.0,0.0,0.0,0.0,0.0,0.0,0.0,0.875,0.109375,0.015625,0.0
9,8,0.0,0.0,0.0,0.0,0.0,0.0,0.0,0.0,0.875,0.109375,0.015625,0.0
9,8,0.0,0.0,0.0,0.0,0.0,0.0,0.0,0.0,0.875,0.109375,0.015625,0.0
9,8,0.0,0.0,0.0,0.0,0.0,0.0,0.0,0.0,0.875,0.109375,0.015625,0.0
9,8,0.0,0.0,0.0,0.0,0.0,0.0,0.0,0.0,0.875,0.109375,0.015625,0.0
9,8,0.0,0.0,0.0,0.0,0.0,0.0,0.0,0.0,0.875,0.109375,0.015625,0.0
9,8,0.0,0.0,0.0,0.0,0.0,0.0,0.0,0.0,0.875,0.109375,0.015625,0.0
9,8,0.0,0.0,0.0,0.0,0.0,0.0,0.0,0.0,0.875,0.109375,0.015625,0.0
9,8,0.0,0.0,0.0,0.0,0.0,0.0,0.0,0.0,0.875,0.109375,0.015625,0.0
9,8,0.0,0.0,0.0,0.0,0.0,0.0,0.0,0.0,0.890625,0.09375,0.015625,0.0
9,8,0.0,0.0,0.0,0.0,0.0,0.0,0.0,0.0,0.890625,0.09375,0.015625,0.0
9,8,0.0,0.0,0.0,0.0,0.0,0.0,0.0,0.0,0.890625,0.09375,0.015625,0.0
9,8,0.0,0.0,0.0,0.0,0.0,0.0,0.0,0.0,0.890625,0.09375,0.015625,0.0
9,8,0.0,0.0,0.0,0.0,0.0,0.0,0.0,0.0,0.890625,0.09375,0.015625,0.0
9,8,0.0,0.0,0.0,0.0,0.0,0.0,0.0,0.0,0.890625,0.09375,0.015625,0.0
9,8,0.0,0.0,0.0,0.0,0.0,0.0,0.0,0.0,0.890625,0.09375,0.015625,0.0
9,8,0.0,0.0,0.0,0.0,0.0,0.0,0.0,0.0,0.890625,0.09375,0.015625,0.0
9,8,0.0,0.0,0.0,0.0,0.0,0.0,0.0,0.0,0.890625,0.09375,0.015625,0.0
9,8,0.0,0.0,0.0,0.0,0.0,0.0,0.0,0.0,0.890625,0.09375,0.015625,0.0
9,8,0.0,0.0,0.0,0.0,0.0,0.0,0.0,0.0,0.890625,0.09375,0.015625,0.0
9,8,0.0,0.0,0.0,0.0,0.0,0.0,0.0,0.0,0.890625,0.09375,0.015625,0.0
9,8,0.0,0.0,0.0,0.0,0.0,0.0,0.0,0.0,0.890625,0.09375,0.015625,0.0
9,8,0.0,0.0,0.0,0.0,0.0,0.0,0.0,0.0,0.890625,0.09375,0.015625,0.0
9,8,0.0,0.0,0.0,0.0,0.0,0.0,0.0,0.0,0.890625,0.09375,0.015625,0.0
9,8,0.0,0.0,0.0,0.0,0.0,0.0,0.0,0.0,0.890625,0.09375,0.015625,0.0
9,8,0.0,0.0,0.0,0.0,0.0,0.0,0.0,0.0,0.890625,0.09375,0.015625,0.0
9,8,0.0,0.0,0.0,0.0,0.0,0.0,0.0,0.0,0.890625,0.09375,0.015625,0.0
9,8,0.0,0.0,0.0,0.0,0.0,0.0,0.0,0.0,0.890625,0.09375,0.015625,0.0
9,8,0.0,0.0,0.0,0.0,0.0,0.0,0.0,0.0,0.890625,0.09375,0.015625,0.0
9,8,0.0,0.0,0.0,0.0,0.0,0.0,0.0,0.0,0.890625,0.09375,0.015625,0.0
9,8,0.0,0.0,0.0,0.0,0.0,0.0,0.0,0.0,0.890625,0.09375,0.015625,0.0
9,8,0.0,0.0,0.0,0.0,0.0,0.0,0.0,0.0,0.890625,0.09375,0.015625,0.0
9,8,0.0,0.0,0.0,0.0,0.0,0.0,0.0,0.0,0.890625,0.09375,0.015625,0.0
9,8,0.0,0.0,0.0,0.0,0.0,0.0,0.0,0.0,0.890625,0.09375,0.015625,0.0
9,8,0.0,0.0,0.0,0.0,0.0,0.0,0.0,0.0,0.890625,0.09375,0.015625,0.0
9,8,0.0,0.0,0.0,0.0,0.0,0.0,0.0,0.0,0.890625,0.09375,0.015625,0.0
9,8,0.0,0.0,0.0,0.0,0.0,0.0,0.0,0.0,0.890625,0.09375,0.015625,0.0
9,8,0.0,0.0,0.0,0.0,0.0,0.0,0.0,0.0,0.890625,0.09375,0.015625,0.0
9,8,0.0,0.0,0.0,0.0,0.0,0.0,0.0,0.0,0.890625,0.09375,0.015625,0.0
9,8,0.0,0.0,0.0,0.0,0.0,0.0,0.0,0.0,0.890625,0.09375,0.015625,0.0
9,8,0.0,0.0,0.0,0.0,0.0,0.0,0.0,0.0,0.890625,0.09375,0.015625,0.0
9,8,0.0,0.0,0.0,0.0,0.0,0.0,0.0,0.0,0.890625,0.09375,0.015625,0.0
9,8,0.0,0.0,0.0,0.0,0.0,0.0,0.0,0.0,0.890625,0.09375,0.015625,0.0
9,8,0.0,0.0,0.0,0.0,0.0,0.0,0.0,0.0,0.890625,0.09375,0.015625,0.0
9,8,0.0,0.0,0.0,0.0,0.0,0.0,0.0,0.0,0.890625,0.09375,0.015625,0.0
9,8,0.0,0.0,0.0,0.0,0.0,0.0,0.0,0.0,0.890625,0.09375,0.015625,0.0
9,8,0.0,0.0,0.0,0.0,0.0,0.0,0.0,0.0,0.890625,0.09375,0.015625,0.0
9,8,0.0,0.0,0.0,0.0,0.0,0.0,0.0,0.0,0.890625,0.09375,0.015625,0.0
9,8,0.0,0.0,0.0,0.0,0.0,0.0,0.0,0.0,0.890625,0.09375,0.015625,0.0
9,8,0.0,0.0,0.0,0.0,0.0,0.0,0.0,0.0,0.890625,0.09375,0.015625,0.0
9,8,0.0,0.0,0.0,0.0,0.0,0.0,0.0,0.0,0.890625,0.09375,0.015625,0.0
9,8,0.0,0.0,0.0,0.0,0.0,0.0,0.0,0.0,0.890625,0.09375,0.015625,0.0
9,8,0.0,0.0,0.0,0.0,0.0,0.0,0.0,0.0,0.890625,0.09375,0.015625,0.0
9,8,0.0,0.0,0.0,0.0,0.0,0.0,0.0,0.0,0.890625,0.09375,0.015625,0.0
9,8,0.0,0.0,0.0,0.0,0.0,0.0,0.0,0.0,0.890625,0.09375,0.015625,0.0
9,8,0.0,0.0,0.0,0.0,0.0,0.0,0.0,0.0,0.890625,0.09375,0.015625,0.0
9,8,0.0,0.0,0.0,0.0,0.0,0.0,0.0,0.0,0.890625,0.09375,0.015625,0.0
9,8,0.0,0.0,0.0,0.0,0.0,0.0,0.0,0.0,0.890625,0.09375,0.015625,0.0
9,8,0.0,0.0,0.0,0.0,0.0,0.0,0.0,0.0,0.890625,0.09375,0.015625,0.0
9,8,0.0,0.0,0.0,0.0,0.0,0.0,0.0,0.0,0.890625,0.09375,0.015625,0.0
9,8,0.0,0.0,0.0,0.0,0.0,0.0,0.0,0.0,0.890625,0.09375,0.015625,0.0
9,8,0.0,0.0,0.0,0.0,0.0,0.0,0.0,0.0,0.890625,0.09375,0.015625,0.0
9,8,0.0,0.0,0.0,0.0,0.0,0.0,0.0,0.0,0.890625,0.09375,0.015625,0.0
9,8,0.0,0.0,0.0,0.0,0.0,0.0,0.0,0.0,0.890625,0.09375,0.015625,0.0
9,8,0.0,0.0,0.0,0.0,0.0,0.0,0.0,0.0,0.890625,0.09375,0.015625,0.0
9,8,0.0,0.0,0.0,0.0,0.0,0.0,0.0,0.0,0.890625,0.09375,0.015625,0.0
9,8,0.0,0.0,0.0,0.0,0.0,0.0,0.0,0.0,0.890625,0.09375,0.015625,0.0
9,8,0.0,0.0,0.0,0.0,0.0,0.0,0.0,0.0,0.890625,0.09375,0.015625,0.0
9,8,0.0,0.0,0.0,0.0,0.0,0.0,0.0,0.0,0.890625,0.09375,0.015625,0.0
9,8,0.0,0.0,0.0,0.0,0.0,0.0,0.0,0.0,0.890625,0.09375,0.015625,0.0
9,8,0.0,0.0,0.0,0.0,0.0,0.0,0.0,0.0,0.890625,0.09375,0.015625,0.0
9,8,0.0,0.0,0.0,0.0,0.0,0.0,0.0,0.0,0.890625,0.09375,0.015625,0.0
9,8,0.0,0.0,0.0,0.0,0.0,0.0,0.0,0.0,0.890625,0.09375,0.015625,0.0
9,8,0.0,0.0,0.0,0.0,0.0,0.0,0.0,0.0,0.890625,0.09375,0.015625,0.0
9,8,0.0,0.0,0.0,0.0,0.0,0.0,0.0,0.0,0.890625,0.09375,0.015625,0.0
9,8,0.0,0.0,0.0,0.0,0.0,0.0,0.0,0.0,0.890625,0.09375,0.015625,0.0
9,8,0.0,0.0,0.0,0.0,0.0,0.0,0.0,0.0,0.890625,0.09375,0.015625,0.0
9,8,0.0,0.0,0.0,0.0,0.0,0.0,0.0,0.0,0.890625,0.09375,0.015625,0.0
9,8,0.0,0.0,0.0,0.0,0.0,0.0,0.0,0.0,0.890625,0.09375,0.015625,0.0
9,8,0.0,0.0,0.0,0.0,0.0,0.0,0.0,0.0,0.890625,0.09375,0.015625,0.0
9,8,0.0,0.0,0.0,0.0,0.0,0.0,0.0,0.0,0.890625,0.09375,0.015625,0.0
9,8,0.0,0.0,0.0,0.0,0.0,0.0,0.0,0.0,0.890625,0.09375,0.015625,0.0
9,8,0.0,0.0,0.0,0.0,0.0,0.0,0.0,0.0,0.890625,0.09375,0.015625,0.0
9,8,0.0,0.0,0.0,0.0,0.0,0.0,0.0,0.0,0.890625,0.09375,0.015625,0.0
9,8,0.0,0.0,0.0,0.0,0.0,0.0,0.0,0.0,0.890625,0.09375,0.015625,0.0
9,8,0.0,0.0,0.0,0.0,0.0,0.0,0.0,0.0,0.890625,0.09375,0.015625,0.0
9,8,0.0,0.0,0.0,0.0,0.0,0.0,0.0,0.0,0.890625,0.09375,0.015625,0.0
9,8,0.0,0.0,0.0,0.0,0.0,0.0,0.0,0.0,0.890625,0.09375,0.015625,0.0
9,8,0.0,0.0,0.0,0.0,0.0,0.0,0.0,0.0,0.890625,0.09375,0.015625,0.0
9,8,0.0,0.0,0.0,0.0,0.0,0.0,0.0,0.0,0.890625,0.09375,0.015625,0.0
9,8,0.0,0.0,0.0,0.0,0.0,0.0,0.0,0.0,0.890625,0.09375,0.015625,0.0
9,8,0.0,0.0,0.0,0.0,0.0,0.0,0.0,0.0,0.890625,0.09375,0.015625,0.0
9,8,0.0,0.0,0.0,0.0,0.0,0.0,0.0,0.0,0.890625,0.09375,0.015625,0.0
9,8,0.0,0.0,0.0,0.0,0.0,0.0,0.0,0.0,0.890625,0.09375,0.015625,0.0
9,8,0.0,0.0,0.0,0.0,0.0,0.0,0.0,0.0,0.890625,0.09375,0.015625,0.0
9,8,0.0,0.0,0.0,0.0,0.0,0.0,0.0,0.0,0.890625,0.09375,0.015625,0.0
9,8,0.0,0.0,0.0,0.0,0.0,0.0,0.0,0.0,0.890625,0.09375,0.015625,0.0
9,8,0.0,0.0,0.0,0.0,0.0,0.0,0.0,0.0,0.890625,0.09375,0.015625,0.0
9,8,0.0,0.0,0.0,0.0,0.0,0.0,0.0,0.0,0.890625,0.09375,0.015625,0.0
9,8,0.0,0.0,0.0,0.0,0.0,0.0,0.0,0.0,0.890625,0.09375,0.015625,0.0
9,8,0.0,0.0,0.0,0.0,0.0,0.0,0.0,0.0,0.890625,0.09375,0.015625,0.0
9,8,0.0,0.0,0.0,0.0,0.0,0.0,0.0,0.0,0.890625,0.09375,0.015625,0.0
9,8,0.0,0.0,0.0,0.0,0.0,0.0,0.0,0.0,0.890625,0.09375,0.015625,0.0
9,8,0.0,0.0,0.0,0.0,0.0,0.0,0.0,0.0,0.890625,0.09375,0.015625,0.0
9,8,0.0,0.0,0.0,0.0,0.0,0.0,0.0,0.0,0.890625,0.09375,0.015625,0.0
9,8,0.0,0.0,0.0,0.0,0.0,0.0,0.0,0.0,0.890625,0.09375,0.015625,0.0
9,8,0.0,0.0,0.0,0.0,0.0,0.0,0.0,0.0,0.890625,0.09375,0.015625,0.0
9,8,0.0,0.0,0.0,0.0,0.0,0.0,0.0,0.0,0.890625,0.09375,0.015625,0.0
9,8,0.0,0.0,0.0,0.0,0.0,0.0,0.0,0.0,0.890625,0.09375,0.015625,0.0
9,8,0.015625,0.0,0.0,0.0,0.0,0.0,0.0,0.0,0.890625,0.078125,0.015625,0.0
9,8,0.015625,0.0,0.0,0.0,0.0,0.0,0.0,0.0,0.890625,0.078125,0.015625,0.0
9,8,0.015625,0.0,0.0,0.0,0.0,0.0,0.0,0.0,0.890625,0.078125,0.015625,0.0
9,8,0.015625,0.0,0.0,0.0,0.0,0.0,0.0,0.0,0.890625,0.078125,0.015625,0.0
9,8,0.015625,0.0,0.0,0.0,0.0,0.0,0.0,0.0,0.890625,0.078125,0.015625,0.0
9,8,0.015625,0.0,0.0,0.0,0.0,0.0,0.0,0.0,0.890625,0.078125,0.015625,0.0
9,8,0.015625,0.0,0.0,0.0,0.0,0.0,0.0,0.0,0.890625,0.078125,0.015625,0.0
9,8,0.015625,0.0,0.0,0.0,0.0,0.0,0.0,0.0,0.890625,0.078125,0.015625,0.0
9,8,0.015625,0.0,0.0,0.0,0.0,0.0,0.0,0.0,0.890625,0.078125,0.015625,0.0
9,8,0.015625,0.0,0.0,0.0,0.0,0.0,0.0,0.0,0.890625,0.078125,0.015625,0.0
9,8,0.015625,0.0,0.0,0.0,0.0,0.0,0.0,0.0,0.890625,0.078125,0.015625,0.0
9,8,0.015625,0.0,0.0,0.0,0.0,0.0,0.0,0.0,0.890625,0.078125,0.015625,0.0
9,8,0.015625,0.0,0.0,0.0,0.0,0.0,0.0,0.0,0.890625,0.078125,0.015625,0.0
9,8,0.015625,0.0,0.0,0.0,0.0,0.0,0.0,0.0,0.890625,0.078125,0.015625,0.0
9,8,0.015625,0.0,0.0,0.0,0.0,0.0,0.0,0.0,0.890625,0.078125,0.015625,0.0
9,8,0.015625,0.0,0.0,0.0,0.0,0.0,0.0,0.0,0.890625,0.078125,0.015625,0.0
9,8,0.015625,0.0,0.0,0.0,0.0,0.0,0.0,0.0,0.890625,0.078125,0.015625,0.0
9,8,0.015625,0.0,0.0,0.0,0.0,0.0,0.0,0.0,0.890625,0.078125,0.015625,0.0
9,8,0.015625,0.0,0.0,0.0,0.0,0.0,0.0,0.0,0.890625,0.078125,0.015625,0.0
9,8,0.015625,0.0,0.0,0.0,0.0,0.0,0.0,0.0,0.890625,0.078125,0.015625,0.0
9,8,0.015625,0.0,0.0,0.0,0.0,0.0,0.0,0.0,0.890625,0.078125,0.015625,0.0
9,8,0.015625,0.0,0.0,0.0,0.0,0.0,0.0,0.0,0.890625,0.078125,0.015625,0.0
9,8,0.015625,0.0,0.0,0.0,0.0,0.0,0.0,0.0,0.890625,0.078125,0.015625,0.0
9,8,0.015625,0.0,0.0,0.0,0.0,0.0,0.0,0.0,0.890625,0.078125,0.015625,0.0
9,8,0.015625,0.0,0.0,0.0,0.0,0.0,0.0,0.0,0.890625,0.078125,0.015625,0.0
9,8,0.015625,0.0,0.0,0.0,0.0,0.0,0.0,0.0,0.890625,0.078125,0.015625,0.0
9,8,0.015625,0.0,0.0,0.0,0.0,0.0,0.0,0.0,0.890625,0.078125,0.015625,0.0
9,8,0.015625,0.0,0.0,0.0,0.0,0.0,0.0,0.0,0.890625,0.078125,0.015625,0.0
9,8,0.015625,0.0,0.0,0.0,0.0,0.0,0.0,0.0,0.890625,0.078125,0.015625,0.0
9,8,0.015625,0.0,0.0,0.0,0.0,0.0,0.0,0.0,0.890625,0.078125,0.015625,0.0
9,8,0.015625,0.0,0.0,0.0,0.0,0.0,0.0,0.0,0.890625,0.078125,0.015625,0.0
9,8,0.015625,0.0,0.0,0.0,0.0,0.0,0.0,0.0,0.890625,0.078125,0.015625,0.0
9,8,0.015625,0.0,0.0,0.0,0.0,0.0,0.0,0.0,0.890625,0.078125,0.015625,0.0
9,8,0.015625,0.0,0.0,0.0,0.0,0.0,0.0,0.0,0.890625,0.078125,0.015625,0.0
9,8,0.015625,0.0,0.0,0.0,0.0,0.0,0.0,0.0,0.890625,0.078125,0.015625,0.0
9,8,0.015625,0.0,0.0,0.0,0.0,0.0,0.0,0.0,0.890625,0.078125,0.015625,0.0
9,8,0.015625,0.0,0.0,0.0,0.0,0.0,0.0,0.0,0.890625,0.078125,0.015625,0.0
9,8,0.015625,0.0,0.0,0.0,0.0,0.0,0.0,0.0,0.890625,0.078125,0.015625,0.0
9,8,0.015625,0.0,0.0,0.0,0.0,0.0,0.0,0.0,0.890625,0.078125,0.015625,0.0
9,8,0.015625,0.0,0.0,0.0,0.0,0.0,0.0,0.0,0.890625,0.078125,0.015625,0.0
9,8,0.015625,0.0,0.0,0.0,0.0,0.0,0.0,0.0,0.890625,0.078125,0.015625,0.0
9,8,0.015625,0.0,0.0,0.0,0.0,0.0,0.0,0.0,0.890625,0.078125,0.015625,0.0
9,8,0.015625,0.0,0.0,0.0,0.0,0.0,0.0,0.0,0.890625,0.078125,0.015625,0.0
9,8,0.015625,0.0,0.0,0.0,0.0,0.0,0.0,0.0,0.890625,0.078125,0.015625,0.0
9,8,0.015625,0.0,0.0,0.0,0.0,0.0,0.0,0.0,0.890625,0.078125,0.015625,0.0
9,8,0.015625,0.0,0.0,0.0,0.0,0.0,0.0,0.0,0.890625,0.078125,0.015625,0.0
9,8,0.015625,0.0,0.0,0.0,0.0,0.0,0.0,0.0,0.890625,0.078125,0.015625,0.0
9,8,0.015625,0.0,0.0,0.0,0.0,0.0,0.0,0.0,0.890625,0.078125,0.015625,0.0
9,8,0.015625,0.0,0.0,0.0,0.0,0.0,0.0,0.0,0.890625,0.078125,0.015625,0.0
9,8,0.015625,0.0,0.0,0.0,0.0,0.0,0.0,0.0,0.890625,0.078125,0.015625,0.0
9,8,0.015625,0.0,0.0,0.0,0.0,0.0,0.0,0.0,0.890625,0.078125,0.015625,0.0
9,8,0.015625,0.0,0.0,0.0,0.0,0.0,0.0,0.0,0.890625,0.078125,0.015625,0.0
9,8,0.015625,0.0,0.0,0.0,0.0,0.0,0.0,0.0,0.890625,0.078125,0.015625,0.0
9,8,0.015625,0.0,0.0,0.0,0.0,0.0,0.0,0.0,0.890625,0.078125,0.015625,0.0
9,8,0.015625,0.0,0.0,0.0,0.0,0.0,0.0,0.0,0.890625,0.078125,0.015625,0.0
9,8,0.015625,0.0,0.0,0.0,0.0,0.0,0.0,0.0,0.890625,0.078125,0.015625,0.0
9,8,0.015625,0.0,0.0,0.0,0.0,0.0,0.0,0.0,0.890625,0.078125,0.015625,0.0
9,8,0.015625,0.0,0.0,0.0,0.0,0.0,0.0,0.0,0.890625,0.078125,0.015625,0.0
9,8,0.015625,0.0,0.0,0.0,0.0,0.0,0.0,0.0,0.890625,0.078125,0.015625,0.0
9,8,0.015625,0.0,0.0,0.0,0.0,0.0,0.0,0.0,0.890625,0.078125,0.015625,0.0
9,8,0.015625,0.0,0.0,0.0,0.0,0.0,0.0,0.0,0.890625,0.078125,0.015625,0.0
9,8,0.015625,0.0,0.0,0.0,0.0,0.0,0.0,0.0,0.890625,0.078125,0.015625,0.0
9,8,0.015625,0.0,0.0,0.0,0.0,0.0,0.0,0.0,0.890625,0.078125,0.015625,0.0
9,8,0.015625,0.0,0.0,0.0,0.0,0.0,0.0,0.0,0.890625,0.078125,0.015625,0.0
9,8,0.015625,0.0,0.0,0.0,0.0,0.0,0.0,0.0,0.890625,0.078125,0.015625,0.0
9,8,0.015625,0.0,0.0,0.0,0.0,0.0,0.0,0.0,0.890625,0.078125,0.015625,0.0
9,8,0.015625,0.0,0.0,0.0,0.0,0.0,0.0,0.0,0.890625,0.078125,0.015625,0.0
9,8,0.015625,0.0,0.0,0.0,0.0,0.0,0.0,0.0,0.890625,0.078125,0.015625,0.0
9,8,0.015625,0.0,0.0,0.0,0.0,0.0,0.0,0.0,0.890625,0.078125,0.015625,0.0
9,8,0.015625,0.0,0.0,0.0,0.0,0.0,0.0,0.0,0.890625,0.078125,0.015625,0.0
9,8,0.015625,0.0,0.0,0.0,0.0,0.0,0.0,0.0,0.890625,0.078125,0.015625,0.0
9,8,0.015625,0.0,0.0,0.0,0.0,0.0,0.0,0.0,0.890625,0.078125,0.015625,0.0
9,8,0.015625,0.0,0.015625,0.0,0.0,0.0,0.0,0.0,0.890625,0.0625,0.015625,0.0
9,8,0.015625,0.0,0.015625,0.0,0.0,0.0,0.0,0.0,0.890625,0.0625,0.015625,0.0
9,8,0.015625,0.0,0.015625,0.0,0.0,0.0,0.0,0.0,0.890625,0.0625,0.015625,0.0
9,8,0.015625,0.0,0.015625,0.0,0.0,0.0,0.0,0.0,0.890625,0.0625,0.015625,0.0
9,8,0.015625,0.0,0.015625,0.0,0.0,0.0,0.0,0.0,0.890625,0.0625,0.015625,0.0
9,8,0.015625,0.0,0.015625,0.0,0.0,0.0,0.0,0.0,0.890625,0.0625,0.015625,0.0
9,8,0.015625,0.0,0.015625,0.0,0.0,0.0,0.0,0.0,0.890625,0.0625,0.015625,0.0
9,8,0.015625,0.0,0.015625,0.0,0.0,0.0,0.0,0.0,0.890625,0.0625,0.015625,0.0
9,8,0.015625,0.0,0.015625,0.0,0.0,0.0,0.0,0.0,0.890625,0.0625,0.015625,0.0
9,8,0.015625,0.0,0.015625,0.0,0.0,0.0,0.0,0.0,0.890625,0.0625,0.015625,0.0
9,8,0.015625,0.0,0.015625,0.0,0.0,0.0,0.0,0.0,0.890625,0.0625,0.015625,0.0
9,8,0.015625,0.0,0.015625,0.0,0.0,0.0,0.0,0.0,0.890625,0.0625,0.015625,0.0
9,8,0.015625,0.0,0.03125,0.0,0.0,0.0,0.0,0.0,0.890625,0.0625,0.0,0.0
9,8,0.015625,0.0,0.03125,0.0,0.0,0.0,0.0,0.0,0.890625,0.0625,0.0,0.0
9,8,0.015625,0.0,0.03125,0.0,0.0,0.0,0.0,0.0,0.890625,0.0625,0.0,0.0
9,8,0.015625,0.0,0.03125,0.0,0.0,0.0,0.0,0.0,0.890625,0.0625,0.0,0.0
9,8,0.015625,0.0,0.03125,0.0,0.0,0.0,0.0,0.0,0.890625,0.0625,0.0,0.0
9,8,0.015625,0.0,0.03125,0.0,0.0,0.0,0.0,0.0,0.890625,0.0625,0.0,0.0
9,8,0.015625,0.0,0.03125,0.0,0.0,0.0,0.0,0.0,0.890625,0.0625,0.0,0.0
9,8,0.015625,0.0,0.03125,0.0,0.0,0.0,0.0,0.0,0.890625,0.0625,0.0,0.0
9,8,0.015625,0.0,0.03125,0.0,0.0,0.0,0.0,0.0,0.890625,0.0625,0.0,0.0
9,8,0.015625,0.0,0.03125,0.0,0.0,0.0,0.0,0.0,0.890625,0.0625,0.0,0.0
9,8,0.015625,0.0,0.03125,0.0,0.0,0.0,0.0,0.0,0.890625,0.0625,0.0,0.0
9,8,0.015625,0.0,0.03125,0.0,0.0,0.0,0.0,0.0,0.890625,0.0625,0.0,0.0
9,8,0.015625,0.0,0.03125,0.0,0.0,0.0,0.0,0.0,0.890625,0.0625,0.0,0.0
9,8,0.015625,0.0,0.046875,0.0,0.0,0.0,0.0,0.0,0.875,0.0625,0.0,0.0
9,8,0.015625,0.0,0.046875,0.0,0.0,0.0,0.0,0.0,0.875,0.0625,0.0,0.0
9,8,0.015625,0.0,0.046875,0.0,0.0,0.0,0.0,0.0,0.875,0.0625,0.0,0.0
9,8,0.015625,0.0,0.046875,0.0,0.0,0.0,0.0,0.0,0.875,0.0625,0.0,0.0
9,8,0.015625,0.0,0.046875,0.0,0.0,0.0,0.0,0.0,0.875,0.0625,0.0,0.0
9,8,0.015625,0.0,0.046875,0.0,0.0,0.0,0.0,0.0,0.875,0.0625,0.0,0.0
9,8,0.015625,0.0,0.046875,0.0,0.0,0.0,0.0,0.0,0.875,0.0625,0.0,0.0
9,8,0.015625,0.0,0.046875,0.0,0.0,0.0,0.0,0.0,0.875,0.0625,0.0,0.0
9,8,0.015625,0.0,0.046875,0.0,0.0,0.0,0.0,0.0,0.875,0.0625,0.0,0.0
9,8,0.015625,0.0,0.046875,0.0,0.0,0.0,0.0,0.0,0.875,0.0625,0.0,0.0
9,8,0.015625,0.0,0.046875,0.0,0.0,0.0,0.0,0.0,0.875,0.0625,0.0,0.0
9,8,0.015625,0.0,0.046875,0.0,0.0,0.0,0.0,0.0,0.875,0.0625,0.0,0.0
9,8,0.015625,0.0,0.046875,0.0,0.0,0.0,0.0,0.0,0.875,0.0625,0.0,0.0
9,8,0.015625,0.0,0.046875,0.0,0.0,0.0,0.0,0.0,0.875,0.0625,0.0,0.0
9,8,0.015625,0.0,0.046875,0.0,0.0,0.0,0.0,0.0,0.875,0.0625,0.0,0.0
9,8,0.015625,0.0,0.046875,0.0,0.0,0.0,0.0,0.0,0.875,0.0625,0.0,0.0
9,8,0.015625,0.0,0.046875,0.0,0.0,0.0,0.0,0.0,0.875,0.0625,0.0,0.0
9,8,0.015625,0.0,0.046875,0.0,0.0,0.0,0.0,0.0,0.875,0.0625,0.0,0.0
9,8,0.015625,0.0,0.046875,0.0,0.0,0.0,0.0,0.0,0.875,0.0625,0.0,0.0
9,8,0.015625,0.0,0.046875,0.0,0.0,0.0,0.0,0.0,0.875,0.0625,0.0,0.0
9,8,0.015625,0.0,0.046875,0.0,0.0,0.0,0.0,0.0,0.875,0.0625,0.0,0.0
9,8,0.015625,0.0,0.046875,0.0,0.0,0.0,0.0,0.0,0.875,0.0625,0.0,0.0
9,8,0.015625,0.0,0.046875,0.0,0.0,0.0,0.0,0.0,0.875,0.0625,0.0,0.0
9,8,0.015625,0.015625,0.0625,0.0,0.0,0.0,0.0,0.0,0.859375,0.046875,0.0,0.0
9,8,0.015625,0.015625,0.0625,0.0,0.0,0.0,0.0,0.0,0.859375,0.046875,0.0,0.0
9,8,0.015625,0.015625,0.0625,0.0,0.0,0.0,0.0,0.0,0.859375,0.046875,0.0,0.0
9,8,0.015625,0.015625,0.0625,0.0,0.0,0.0,0.0,0.0,0.859375,0.046875,0.0,0.0
9,8,0.015625,0.015625,0.0625,0.0,0.0,0.0,0.0,0.0,0.859375,0.046875,0.0,0.0
9,8,0.015625,0.015625,0.0625,0.0,0.0,0.0,0.0,0.0,0.859375,0.046875,0.0,0.0
9,8,0.015625,0.015625,0.0625,0.0,0.0,0.0,0.0,0.0,0.859375,0.046875,0.0,0.0
9,8,0.015625,0.015625,0.0625,0.0,0.0,0.0,0.0,0.0,0.859375,0.046875,0.0,0.0
9,8,0.015625,0.03125,0.0625,0.0,0.0,0.0,0.0,0.0,0.84375,0.046875,0.0,0.0
9,8,0.015625,0.03125,0.0625,0.0,0.0,0.0,0.0,0.0,0.84375,0.046875,0.0,0.0
9,8,0.015625,0.03125,0.0625,0.0,0.0,0.0,0.0,0.0,0.84375,0.046875,0.0,0.0
9,8,0.015625,0.03125,0.0625,0.0,0.0,0.0,0.0,0.0,0.84375,0.046875,0.0,0.0
9,8,0.015625,0.03125,0.0625,0.0,0.0,0.0,0.0,0.0,0.84375,0.046875,0.0,0.0
9,8,0.015625,0.03125,0.0625,0.0,0.0,0.0,0.0,0.0,0.84375,0.046875,0.0,0.0
9,8,0.015625,0.03125,0.0625,0.0,0.0,0.0,0.0,0.0,0.84375,0.046875,0.0,0.0
9,8,0.015625,0.03125,0.0625,0.0,0.0,0.0,0.0,0.0,0.84375,0.046875,0.0,0.0
9,8,0.015625,0.03125,0.0625,0.0,0.0,0.0,0.0,0.0,0.84375,0.046875,0.0,0.0
9,8,0.015625,0.03125,0.0625,0.0,0.0,0.0,0.0,0.0,0.84375,0.046875,0.0,0.0
9,8,0.015625,0.03125,0.0625,0.0,0.0,0.0,0.0,0.0,0.84375,0.046875,0.0,0.0
9,8,0.015625,0.03125,0.0625,0.0,0.0,0.0,0.0,0.0,0.84375,0.046875,0.0,0.0
9,8,0.015625,0.03125,0.0625,0.0,0.0,0.0,0.0,0.0,0.84375,0.046875,0.0,0.0
9,8,0.015625,0.03125,0.0625,0.0,0.0,0.0,0.0,0.0,0.84375,0.046875,0.0,0.0
9,8,0.015625,0.03125,0.0625,0.0,0.0,0.0,0.0,0.0,0.84375,0.046875,0.0,0.0
9,8,0.015625,0.03125,0.0625,0.0,0.0,0.0,0.0,0.0,0.84375,0.046875,0.0,0.0
9,8,0.015625,0.046875,0.0625,0.0,0.0,0.0,0.0,0.0,0.828125,0.03125,0.0,0.015625
9,8,0.015625,0.046875,0.0625,0.0,0.0,0.0,0.0,0.0,0.828125,0.03125,0.0,0.015625
9,8,0.015625,0.046875,0.0625,0.0,0.0,0.0,0.0,0.0,0.828125,0.03125,0.0,0.015625
9,8,0.015625,0.046875,0.0625,0.0,0.0,0.0,0.0,0.0,0.828125,0.03125,0.0,0.015625
9,8,0.015625,0.046875,0.0625,0.0,0.0,0.0,0.0,0.0,0.828125,0.03125,0.0,0.015625
9,8,0.015625,0.046875,0.0625,0.0,0.0,0.0,0.0,0.0,0.828125,0.03125,0.0,0.015625
9,8,0.015625,0.046875,0.0625,0.0,0.0,0.0,0.0,0.0,0.828125,0.03125,0.0,0.015625
9,8,0.015625,0.046875,0.0625,0.0,0.0,0.0,0.0,0.0,0.828125,0.03125,0.0,0.015625
9,8,0.03125,0.046875,0.078125,0.0,0.0,0.0,0.0,0.0,0.796875,0.03125,0.0,0.015625
9,8,0.03125,0.046875,0.078125,0.0,0.0,0.0,0.0,0.0,0.796875,0.03125,0.0,0.015625
9,8,0.03125,0.046875,0.078125,0.0,0.0,0.0,0.0,0.0,0.796875,0.03125,0.0,0.015625
9,8,0.03125,0.046875,0.078125,0.0,0.0,0.0,0.0,0.0,0.796875,0.03125,0.0,0.015625
9,8,0.03125,0.046875,0.078125,0.0,0.0,0.0,0.0,0.0,0.796875,0.03125,0.0,0.015625
9,8,0.03125,0.046875,0.078125,0.0,0.0,0.0,0.0,0.0,0.796875,0.03125,0.0,0.015625
9,8,0.03125,0.046875,0.078125,0.0,0.0,0.0,0.0,0.0,0.796875,0.03125,0.0,0.015625
9,8,0.03125,0.046875,0.078125,0.0,0.0,0.0,0.0,0.0,0.796875,0.03125,0.0,0.015625
9,8,0.046875,0.046875,0.078125,0.0,0.0,0.0,0.0,0.0,0.78125,0.03125,0.0,0.015625
9,8,0.046875,0.046875,0.078125,0.0,0.0,0.0,0.0,0.0,0.78125,0.03125,0.0,0.015625
9,8,0.046875,0.046875,0.078125,0.0,0.0,0.0,0.0,0.0,0.765625,0.046875,0.0,0.015625
9,8,0.046875,0.046875,0.078125,0.0,0.0,0.0,0.0,0.0,0.765625,0.046875,0.0,0.015625
9,8,0.046875,0.046875,0.078125,0.0,0.0,0.0,0.0,0.0,0.765625,0.046875,0.0,0.015625
9,8,0.046875,0.046875,0.078125,0.0,0.0,0.0,0.0,0.0,0.765625,0.046875,0.0,0.015625
9,8,0.046875,0.046875,0.078125,0.0,0.0,0.0,0.0,0.0,0.765625,0.046875,0.0,0.015625
9,8,0.046875,0.046875,0.078125,0.0,0.0,0.0,0.0,0.0,0.765625,0.046875,0.0,0.015625
9,8,0.046875,0.046875,0.09375,0.0,0.0,0.0,0.0,0.0,0.703125,0.046875,0.03125,0.03125
9,8,0.046875,0.046875,0.09375,0.0,0.0,0.0,0.0,0.0,0.703125,0.046875,0.03125,0.03125
9,8,0.046875,0.046875,0.09375,0.0,0.0,0.0,0.0,0.0,0.703125,0.046875,0.03125,0.03125
9,8,0.046875,0.046875,0.09375,0.0,0.0,0.0,0.0,0.0,0.703125,0.046875,0.03125,0.03125
9,8,0.046875,0.046875,0.09375,0.0,0.0,0.0,0.0,0.0,0.703125,0.046875,0.03125,0.03125
9,8,0.046875,0.046875,0.09375,0.0,0.0,0.0,0.0,0.0,0.703125,0.046875,0.03125,0.03125
9,8,0.046875,0.046875,0.09375,0.0,0.0,0.0,0.0,0.0,0.703125,0.046875,0.03125,0.03125
9,8,0.046875,0.046875,0.09375,0.0,0.0,0.0,0.0,0.0,0.703125,0.046875,0.03125,0.03125
9,8,0.046875,0.046875,0.09375,0.0,0.0,0.0,0.0,0.0,0.703125,0.046875,0.03125,0.03125
9,8,0.046875,0.046875,0.09375,0.0,0.0,0.0,0.0,0.0,0.703125,0.046875,0.03125,0.03125
9,8,0.046875,0.046875,0.09375,0.0,0.0,0.0,0.0,0.0,0.703125,0.046875,0.03125,0.03125
9,8,0.046875,0.046875,0.09375,0.0,0.0,0.0,0.0,0.0,0.703125,0.046875,0.03125,0.03125
9,8,0.0625,0.046875,0.09375,0.0,0.0,0.0,0.0,0.0,0.6875,0.046875,0.03125,0.03125
9,8,0.0625,0.046875,0.09375,0.0,0.0,0.0,0.0,0.0,0.6875,0.046875,0.03125,0.03125
9,8,0.0625,0.046875,0.09375,0.0,0.0,0.0,0.0,0.0,0.6875,0.046875,0.03125,0.03125
9,8,0.0625,0.046875,0.09375,0.0,0.0,0.0,0.0,0.0,0.6875,0.046875,0.03125,0.03125
9,8,0.0625,0.046875,0.09375,0.0,0.0,0.0,0.0,0.0,0.6875,0.046875,0.03125,0.03125
9,8,0.0625,0.046875,0.09375,0.0,0.0,0.0,0.0,0.0,0.6875,0.046875,0.03125,0.03125
9,8,0.0625,0.046875,0.09375,0.0,0.0,0.0,0.0,0.0,0.6875,0.046875,0.03125,0.03125
9,8,0.0625,0.046875,0.09375,0.0,0.0,0.0,0.0,0.0,0.6875,0.046875,0.03125,0.03125
9,8,0.0625,0.046875,0.09375,0.0,0.0,0.0,0.0,0.0,0.6875,0.046875,0.03125,0.03125
9,8,0.0625,0.046875,0.09375,0.0,0.0,0.0,0.0,0.0,0.6875,0.046875,0.03125,0.03125
9,8,0.0625,0.046875,0.09375,0.0,0.0,0.0,0.0,0.0,0.6875,0.046875,0.03125,0.03125
9,8,0.0625,0.046875,0.09375,0.0,0.0,0.0,0.0,0.0,0.6875,0.046875,0.03125,0.03125
9,8,0.078125,0.046875,0.09375,0.0,0.0,0.0,0.0,0.0,0.671875,0.046875,0.03125,0.03125
9,8,0.078125,0.046875,0.09375,0.0,0.0,0.0,0.0,0.0,0.671875,0.046875,0.03125,0.03125
9,8,0.078125,0.046875,0.09375,0.0,0.0,0.0,0.0,0.0,0.671875,0.046875,0.03125,0.03125
9,8,0.078125,0.046875,0.09375,0.0,0.0,0.0,0.0,0.0,0.671875,0.046875,0.03125,0.03125
9,8,0.078125,0.046875,0.09375,0.0,0.0,0.0,0.0,0.0,0.671875,0.046875,0.03125,0.03125
9,8,0.078125,0.046875,0.09375,0.0,0.0,0.0,0.0,0.0,0.671875,0.046875,0.03125,0.03125
9,8,0.078125,0.046875,0.09375,0.0,0.0,0.0,0.0,0.0,0.65625,0.046875,0.03125,0.046875
9,8,0.078125,0.046875,0.09375,0.0,0.0,0.0,0.0,0.0,0.65625,0.046875,0.03125,0.046875
9,8,0.078125,0.046875,0.09375,0.0,0.0,0.0,0.0,0.0,0.625,0.046875,0.0625,0.046875
9,8,0.078125,0.046875,0.09375,0.0,0.0,0.0,0.0,0.0,0.625,0.046875,0.0625,0.046875
9,8,0.078125,0.046875,0.09375,0.0,0.0,0.0,0.0,0.0,0.625,0.046875,0.0625,0.046875
9,8,0.078125,0.046875,0.09375,0.0,0.0,0.0,0.0,0.0,0.625,0.046875,0.0625,0.046875
9,8,0.078125,0.046875,0.09375,0.0,0.0,0.0,0.0,0.0,0.625,0.046875,0.0625,0.046875
9,8,0.078125,0.046875,0.09375,0.0,0.0,0.0,0.0,0.0,0.625,0.046875,0.0625,0.046875
9,8,0.078125,0.046875,0.09375,0.0,0.0,0.0,0.0,0.0,0.625,0.046875,0.0625,0.046875
9,8,0.078125,0.046875,0.09375,0.0,0.0,0.0,0.0,0.0,0.625,0.046875,0.0625,0.046875
9,8,0.078125,0.046875,0.09375,0.0,0.0,0.0,0.0,0.0,0.609375,0.046875,0.078125,0.046875
9,8,0.078125,0.046875,0.09375,0.0,0.0,0.0,0.0,0.0,0.609375,0.046875,0.078125,0.046875
9,8,0.078125,0.046875,0.09375,0.0,0.0,0.0,0.0,0.0,0.609375,0.046875,0.078125,0.046875
9,8,0.078125,0.046875,0.09375,0.0,0.0,0.0,0.0,0.0,0.609375,0.046875,0.078125,0.046875
9,8,0.078125,0.046875,0.09375,0.0,0.0,0.0,0.0,0.0,0.59375,0.046875,0.09375,0.046875
9,8,0.078125,0.046875,0.09375,0.0,0.0,0.0,0.0,0.0,0.59375,0.046875,0.09375,0.046875
9,8,0.078125,0.046875,0.09375,0.0,0.0,0.0,0.0,0.0,0.59375,0.046875,0.09375,0.046875
9,8,0.078125,0.046875,0.09375,0.0,0.0,0.0,0.0,0.0,0.59375,0.046875,0.09375,0.046875
9,8,0.078125,0.046875,0.09375,0.0,0.0,0.0,0.0,0.0,0.5625,0.03125,0.125,0.0625
9,8,0.078125,0.046875,0.09375,0.0,0.0,0.0,0.0,0.0,0.5625,0.03125,0.125,0.0625
9,8,0.078125,0.046875,0.09375,0.0,0.0,0.0,0.0,0.0,0.5625,0.03125,0.125,0.0625
9,8,0.078125,0.046875,0.09375,0.0,0.0,0.0,0.0,0.0,0.5625,0.03125,0.125,0.0625
9,8,0.078125,0.046875,0.09375,0.0,0.0,0.0,0.0,0.0,0.5625,0.03125,0.125,0.0625
9,8,0.078125,0.046875,0.09375,0.0,0.0,0.0,0.0,0.0,0.5625,0.03125,0.125,0.0625
9,8,0.078125,0.046875,0.09375,0.0,0.0,0.0,0.0,0.0,0.5625,0.03125,0.125,0.0625
9,8,0.078125,0.046875,0.09375,0.0,0.0,0.0,0.0,0.0,0.5625,0.03125,0.125,0.0625
9,8,0.078125,0.046875,0.109375,0.0,0.0,0.0,0.0,0.0,0.546875,0.03125,0.125,0.0625
9,8,0.078125,0.046875,0.109375,0.0,0.0,0.0,0.0,0.0,0.546875,0.03125,0.125,0.0625
9,8,0.078125,0.046875,0.109375,0.0,0.0,0.0,0.0,0.0,0.546875,0.03125,0.125,0.0625
9,8,0.078125,0.046875,0.109375,0.0,0.0,0.0,0.0,0.0,0.546875,0.03125,0.125,0.0625
9,8,0.078125,0.046875,0.109375,0.0,0.0,0.0,0.0,0.0,0.546875,0.03125,0.125,0.0625
9,8,0.078125,0.046875,0.109375,0.0,0.0,0.0,0.0,0.0,0.546875,0.03125,0.125,0.0625
9,8,0.078125,0.046875,0.109375,0.0,0.0,0.0,0.0,0.0,0.546875,0.03125,0.125,0.0625
9,8,0.078125,0.046875,0.109375,0.0,0.0,0.0,0.0,0.0,0.546875,0.03125,0.125,0.0625
9,8,0.078125,0.046875,0.109375,0.0,0.0,0.0,0.0,0.0,0.546875,0.03125,0.125,0.0625
9,8,0.078125,0.046875,0.109375,0.0,0.0,0.0,0.0,0.0,0.546875,0.03125,0.125,0.0625
9,8,0.078125,0.046875,0.109375,0.0,0.0,0.0,0.0,0.0,0.546875,0.03125,0.125,0.0625
9,8,0.078125,0.046875,0.109375,0.0,0.0,0.0,0.0,0.0,0.546875,0.03125,0.125,0.0625
9,8,0.078125,0.046875,0.109375,0.0,0.0,0.0,0.0,0.0,0.546875,0.03125,0.125,0.0625
9,8,0.078125,0.046875,0.109375,0.0,0.0,0.0,0.0,0.0,0.546875,0.03125,0.125,0.0625
9,8,0.078125,0.046875,0.109375,0.0,0.0,0.0,0.0,0.0,0.546875,0.03125,0.125,0.0625
9,8,0.078125,0.046875,0.109375,0.0,0.0,0.0,0.0,0.0,0.546875,0.03125,0.125,0.0625
9,8,0.078125,0.0625,0.125,0.0,0.0,0.0,0.0,0.0,0.484375,0.03125,0.15625,0.0625
9,8,0.078125,0.0625,0.125,0.0,0.0,0.0,0.0,0.0,0.46875,0.03125,0.171875,0.0625
9,8,0.078125,0.0625,0.125,0.0,0.0,0.0,0.0,0.0,0.46875,0.03125,0.171875,0.0625
9,8,0.078125,0.0625,0.125,0.0,0.0,0.0,0.0,0.0,0.46875,0.03125,0.171875,0.0625
9,8,0.078125,0.0625,0.125,0.0,0.0,0.0,0.0,0.0,0.46875,0.03125,0.171875,0.0625
9,8,0.078125,0.0625,0.125,0.0,0.0,0.0,0.0,0.0,0.46875,0.03125,0.171875,0.0625
9,8,0.078125,0.0625,0.125,0.0,0.0,0.0,0.0,0.0,0.46875,0.03125,0.171875,0.0625
9,8,0.078125,0.0625,0.125,0.0,0.0,0.0,0.0,0.0,0.46875,0.03125,0.171875,0.0625
9,8,0.078125,0.0625,0.125,0.0,0.0,0.015625,0.0,0.0,0.4375,0.03125,0.1875,0.0625
9,8,0.078125,0.0625,0.125,0.0,0.0,0.015625,0.0,0.0,0.4375,0.03125,0.1875,0.0625
9,8,0.078125,0.0625,0.125,0.0,0.0,0.015625,0.0,0.0,0.4375,0.03125,0.1875,0.0625
9,8,0.078125,0.0625,0.125,0.0,0.0,0.015625,0.0,0.0,0.4375,0.03125,0.1875,0.0625
9,8,0.078125,0.0625,0.125,0.0,0.0,0.015625,0.0,0.0,0.421875,0.03125,0.1875,0.078125
9,8,0.078125,0.0625,0.125,0.0,0.0,0.015625,0.0,0.0,0.421875,0.03125,0.1875,0.078125
9,8,0.078125,0.0625,0.125,0.0,0.0,0.015625,0.0,0.0,0.421875,0.03125,0.1875,0.078125
9,8,0.078125,0.0625,0.125,0.0,0.0,0.015625,0.0,0.0,0.421875,0.03125,0.1875,0.078125
9,8,0.078125,0.0625,0.125,0.0,0.0,0.015625,0.0,0.0,0.421875,0.03125,0.1875,0.078125
9,8,0.078125,0.0625,0.125,0.0,0.0,0.015625,0.0,0.0,0.421875,0.03125,0.1875,0.078125
9,8,0.078125,0.0625,0.125,0.0,0.0,0.015625,0.0,0.0,0.421875,0.03125,0.1875,0.078125
9,8,0.078125,0.0625,0.125,0.0,0.0,0.015625,0.0,0.0,0.421875,0.03125,0.1875,0.078125
9,8,0.078125,0.0625,0.125,0.0,0.0,0.015625,0.0,0.0,0.421875,0.03125,0.1875,0.078125
9,8,0.078125,0.0625,0.125,0.0,0.0,0.015625,0.0,0.0,0.421875,0.03125,0.1875,0.078125
9,8,0.078125,0.0625,0.125,0.0,0.0,0.015625,0.0,0.0,0.421875,0.03125,0.1875,0.078125
9,8,0.078125,0.0625,0.125,0.0,0.0,0.015625,0.0,0.0,0.421875,0.03125,0.1875,0.078125
9,8,0.078125,0.0625,0.125,0.0,0.0,0.015625,0.0,0.0,0.421875,0.03125,0.1875,0.078125
9,8,0.078125,0.0625,0.125,0.0,0.0,0.015625,0.0,0.0,0.421875,0.03125,0.1875,0.078125
9,8,0.078125,0.0625,0.125,0.0,0.0,0.015625,0.0,0.0,0.421875,0.03125,0.1875,0.078125
9,8,0.078125,0.0625,0.125,0.0,0.0,0.015625,0.0,0.0,0.421875,0.03125,0.1875,0.078125
9,8,0.078125,0.0625,0.125,0.0,0.0,0.015625,0.0,0.0,0.421875,0.03125,0.1875,0.078125
9,8,0.078125,0.0625,0.125,0.0,0.0,0.015625,0.0,0.0,0.421875,0.03125,0.1875,0.078125
9,8,0.078125,0.0625,0.125,0.0,0.0,0.015625,0.0,0.0,0.421875,0.03125,0.1875,0.078125
9,8,0.078125,0.0625,0.125,0.0,0.0,0.015625,0.0,0.0,0.421875,0.03125,0.1875,0.078125
9,8,0.078125,0.0625,0.125,0.0,0.0,0.015625,0.0,0.0,0.421875,0.03125,0.1875,0.078125
9,8,0.078125,0.0625,0.125,0.0,0.0,0.015625,0.0,0.0,0.421875,0.03125,0.1875,0.078125
9,8,0.078125,0.0625,0.125,0.0,0.0,0.015625,0.0,0.0,0.421875,0.03125,0.1875,0.078125
9,8,0.078125,0.0625,0.125,0.0,0.0,0.015625,0.0,0.0,0.421875,0.03125,0.1875,0.078125
9,8,0.078125,0.0625,0.125,0.0,0.0,0.015625,0.0,0.0,0.421875,0.03125,0.1875,0.078125
9,8,0.078125,0.0625,0.125,0.0,0.0,0.015625,0.0,0.0,0.421875,0.03125,0.1875,0.078125
9,8,0.078125,0.0625,0.125,0.0,0.0,0.015625,0.0,0.0,0.421875,0.03125,0.1875,0.078125
9,8,0.078125,0.0625,0.125,0.0,0.0,0.015625,0.0,0.0,0.421875,0.03125,0.1875,0.078125
9,8,0.078125,0.0625,0.140625,0.0,0.0,0.015625,0.0,0.0,0.40625,0.03125,0.1875,0.078125
9,8,0.078125,0.0625,0.140625,0.0,0.0,0.015625,0.0,0.0,0.40625,0.03125,0.1875,0.078125
9,8,0.078125,0.0625,0.140625,0.0,0.0,0.015625,0.0,0.0,0.40625,0.03125,0.1875,0.078125
9,8,0.078125,0.0625,0.140625,0.0,0.0,0.015625,0.0,0.0,0.40625,0.03125,0.1875,0.078125
9,8,0.078125,0.0625,0.140625,0.0,0.0,0.015625,0.0,0.0,0.40625,0.03125,0.1875,0.078125
9,8,0.078125,0.0625,0.140625,0.0,0.0,0.015625,0.0,0.0,0.40625,0.03125,0.1875,0.078125
9,8,0.078125,0.0625,0.140625,0.0,0.0,0.015625,0.0,0.0,0.40625,0.03125,0.1875,0.078125
9,8,0.078125,0.0625,0.140625,0.0,0.0,0.015625,0.0,0.0,0.40625,0.03125,0.1875,0.078125
9,8,0.078125,0.0625,0.140625,0.0,0.0,0.015625,0.0,0.0,0.40625,0.03125,0.1875,0.078125
9,8,0.078125,0.0625,0.140625,0.0,0.0,0.015625,0.0,0.0,0.40625,0.03125,0.1875,0.078125
9,8,0.078125,0.0625,0.140625,0.0,0.0,0.015625,0.0,0.0,0.40625,0.03125,0.1875,0.078125
9,8,0.078125,0.0625,0.140625,0.0,0.0,0.015625,0.0,0.0,0.40625,0.03125,0.1875,0.078125
9,8,0.078125,0.0625,0.140625,0.0,0.0,0.015625,0.0,0.0,0.40625,0.03125,0.1875,0.078125
9,8,0.078125,0.0625,0.140625,0.0,0.0,0.015625,0.0,0.0,0.40625,0.03125,0.1875,0.078125
9,8,0.078125,0.0625,0.140625,0.0,0.0,0.015625,0.0,0.0,0.40625,0.03125,0.1875,0.078125
9,8,0.078125,0.0625,0.140625,0.0,0.0,0.015625,0.0,0.0,0.40625,0.03125,0.1875,0.078125
9,8,0.078125,0.0625,0.140625,0.0,0.0,0.015625,0.0,0.0,0.40625,0.03125,0.1875,0.078125
9,8,0.078125,0.0625,0.140625,0.0,0.0,0.015625,0.0,0.0,0.40625,0.03125,0.1875,0.078125
9,8,0.078125,0.0625,0.140625,0.0,0.0,0.015625,0.0,0.0,0.40625,0.03125,0.1875,0.078125
9,8,0.078125,0.0625,0.140625,0.0,0.0,0.015625,0.0,0.0,0.40625,0.03125,0.1875,0.078125
10,8,0.078125,0.0625,0.140625,0.0,0.0,0.015625,0.0,0.0,0.40625,0.03125,0.1875,0.078125
10,8,0.078125,0.0625,0.140625,0.0,0.0,0.015625,0.0,0.0,0.40625,0.03125,0.1875,0.078125
10,8,0.078125,0.0625,0.140625,0.0,0.0,0.015625,0.0,0.0,0.40625,0.03125,0.1875,0.078125
10,8,0.078125,0.0625,0.140625,0.0,0.0,0.015625,0.0,0.0,0.40625,0.03125,0.1875,0.078125
10,8,0.078125,0.0625,0.140625,0.0,0.0,0.015625,0.0,0.0,0.40625,0.03125,0.1875,0.078125
10,8,0.078125,0.0625,0.140625,0.0,0.0,0.015625,0.0,0.0,0.40625,0.03125,0.1875,0.078125
10,8,0.078125,0.0625,0.140625,0.0,0.0,0.015625,0.0,0.0,0.40625,0.03125,0.1875,0.078125
10,8,0.078125,0.0625,0.140625,0.0,0.0,0.015625,0.0,0.0,0.40625,0.03125,0.1875,0.078125
10,8,0.078125,0.0625,0.140625,0.0,0.0,0.015625,0.0,0.0,0.40625,0.03125,0.1875,0.078125
10,8,0.078125,0.0625,0.140625,0.0,0.0,0.015625,0.0,0.0,0.40625,0.03125,0.1875,0.078125
10,8,0.078125,0.0625,0.140625,0.0,0.0,0.015625,0.0,0.0,0.40625,0.03125,0.1875,0.078125
10,8,0.078125,0.0625,0.140625,0.0,0.0,0.015625,0.0,0.0,0.40625,0.03125,0.1875,0.078125
10,8,0.078125,0.0625,0.125,0.0,0.0,0.015625,0.0,0.0,0.421875,0.03125,0.1875,0.078125
10,8,0.078125,0.0625,0.125,0.0,0.0,0.015625,0.0,0.0,0.421875,0.03125,0.1875,0.078125
10,8,0.078125,0.0625,0.125,0.0,0.0,0.015625,0.0,0.0,0.421875,0.03125,0.1875,0.078125
10,8,0.078125,0.0625,0.125,0.0,0.0,0.015625,0.0,0.0,0.421875,0.03125,0.1875,0.078125
10,8,0.078125,0.0625,0.125,0.0,0.0,0.015625,0.0,0.0,0.421875,0.03125,0.1875,0.078125
10,8,0.078125,0.0625,0.125,0.0,0.0,0.015625,0.0,0.0,0.421875,0.03125,0.1875,0.078125
10,8,0.078125,0.0625,0.125,0.0,0.0,0.015625,0.0,0.0,0.421875,0.03125,0.1875,0.078125
10,8,0.078125,0.0625,0.125,0.0,0.0,0.015625,0.0,0.0,0.421875,0.03125,0.1875,0.078125
10,8,0.078125,0.0625,0.125,0.0,0.0,0.015625,0.0,0.0,0.421875,0.03125,0.1875,0.078125
10,8,0.078125,0.0625,0.125,0.0,0.0,0.015625,0.0,0.0,0.421875,0.03125,0.1875,0.078125
10,8,0.078125,0.0625,0.125,0.0,0.0,0.015625,0.0,0.0,0.421875,0.03125,0.1875,0.078125
10,8,0.078125,0.0625,0.125,0.0,0.0,0.015625,0.0,0.0,0.421875,0.03125,0.1875,0.078125
10,8,0.078125,0.0625,0.125,0.0,0.0,0.015625,0.0,0.0,0.421875,0.03125,0.1875,0.078125
10,8,0.078125,0.0625,0.125,0.0,0.0,0.015625,0.0,0.0,0.421875,0.03125,0.1875,0.078125
10,8,0.078125,0.0625,0.125,0.0,0.0,0.015625,0.0,0.0,0.421875,0.03125,0.1875,0.078125
10,8,0.078125,0.0625,0.125,0.0,0.0,0.015625,0.0,0.0,0.421875,0.03125,0.1875,0.078125
10,8,0.078125,0.0625,0.125,0.0,0.0,0.015625,0.0,0.0,0.421875,0.03125,0.1875,0.078125
10,8,0.078125,0.0625,0.125,0.0,0.0,0.015625,0.0,0.0,0.421875,0.03125,0.1875,0.078125
10,8,0.078125,0.0625,0.125,0.0,0.0,0.015625,0.0,0.0,0.421875,0.03125,0.1875,0.078125
10,8,0.078125,0.0625,0.125,0.0,0.0,0.015625,0.0,0.0,0.421875,0.03125,0.1875,0.078125
10,8,0.078125,0.0625,0.125,0.0,0.0,0.015625,0.0,0.0,0.421875,0.03125,0.1875,0.078125
10,8,0.078125,0.0625,0.125,0.0,0.0,0.015625,0.0,0.0,0.421875,0.03125,0.1875,0.078125
10,8,0.078125,0.0625,0.125,0.0,0.0,0.015625,0.0,0.0,0.421875,0.03125,0.1875,0.078125
10,8,0.078125,0.0625,0.125,0.0,0.0,0.015625,0.0,0.0,0.421875,0.03125,0.1875,0.078125
10,8,0.078125,0.0625,0.125,0.0,0.0,0.015625,0.0,0.0,0.421875,0.03125,0.1875,0.078125
10,8,0.078125,0.0625,0.125,0.0,0.0,0.015625,0.0,0.0,0.421875,0.03125,0.1875,0.078125
10,8,0.078125,0.0625,0.125,0.0,0.0,0.015625,0.0,0.0,0.421875,0.03125,0.1875,0.078125
10,8,0.078125,0.0625,0.125,0.0,0.0,0.015625,0.0,0.0,0.421875,0.03125,0.1875,0.078125
10,8,0.078125,0.0625,0.125,0.0,0.0,0.015625,0.0,0.0,0.421875,0.03125,0.1875,0.078125
10,8,0.078125,0.0625,0.125,0.0,0.0,0.015625,0.0,0.0,0.421875,0.03125,0.1875,0.078125
10,8,0.078125,0.0625,0.125,0.0,0.0,0.015625,0.0,0.0,0.421875,0.03125,0.1875,0.078125
10,8,0.078125,0.0625,0.125,0.0,0.0,0.015625,0.0,0.0,0.421875,0.03125,0.1875,0.078125
10,8,0.078125,0.0625,0.109375,0.0,0.0,0.015625,0.0,0.0,0.421875,0.03125,0.203125,0.078125
10,8,0.078125,0.0625,0.109375,0.0,0.0,0.015625,0.0,0.0,0.421875,0.03125,0.203125,0.078125
10,8,0.078125,0.0625,0.109375,0.0,0.0,0.015625,0.0,0.0,0.421875,0.03125,0.203125,0.078125
10,8,0.078125,0.0625,0.109375,0.0,0.0,0.015625,0.0,0.0,0.421875,0.03125,0.203125,0.078125
10,8,0.078125,0.0625,0.109375,0.0,0.0,0.015625,0.0,0.0,0.421875,0.03125,0.203125,0.078125
10,8,0.078125,0.0625,0.109375,0.0,0.0,0.015625,0.0,0.0,0.421875,0.03125,0.203125,0.078125
10,8,0.078125,0.0625,0.109375,0.0,0.0,0.015625,0.0,0.0,0.421875,0.03125,0.203125,0.078125
10,8,0.078125,0.0625,0.109375,0.0,0.0,0.015625,0.0,0.0,0.421875,0.03125,0.203125,0.078125
10,8,0.078125,0.0625,0.109375,0.0,0.0,0.015625,0.0,0.0,0.421875,0.03125,0.203125,0.078125
10,8,0.078125,0.0625,0.109375,0.0,0.0,0.015625,0.0,0.0,0.421875,0.03125,0.203125,0.078125
10,8,0.078125,0.0625,0.109375,0.0,0.0,0.015625,0.0,0.0,0.421875,0.03125,0.203125,0.078125
10,8,0.078125,0.0625,0.109375,0.0,0.0,0.015625,0.0,0.0,0.421875,0.03125,0.203125,0.078125
10,8,0.078125,0.0625,0.109375,0.0,0.0,0.015625,0.0,0.0,0.421875,0.03125,0.203125,0.078125
10,8,0.078125,0.0625,0.109375,0.0,0.0,0.015625,0.0,0.0,0.421875,0.03125,0.203125,0.078125
10,8,0.078125,0.0625,0.109375,0.0,0.0,0.015625,0.0,0.0,0.421875,0.03125,0.203125,0.078125
10,8,0.078125,0.0625,0.109375,0.0,0.0,0.015625,0.0,0.0,0.40625,0.03125,0.21875,0.078125
10,8,0.078125,0.046875,0.109375,0.0,0.0,0.0,0.0,0.0,0.359375,0.03125,0.3125,0.0625
10,8,0.078125,0.046875,0.109375,0.0,0.0,0.0,0.0,0.0,0.359375,0.03125,0.3125,0.0625
10,8,0.078125,0.046875,0.109375,0.0,0.0,0.0,0.0,0.0,0.359375,0.03125,0.3125,0.0625
10,8,0.078125,0.046875,0.109375,0.0,0.0,0.0,0.0,0.0,0.359375,0.03125,0.3125,0.0625
10,8,0.078125,0.046875,0.109375,0.0,0.0,0.0,0.0,0.0,0.359375,0.03125,0.328125,0.046875
10,8,0.078125,0.046875,0.109375,0.0,0.0,0.0,0.0,0.0,0.359375,0.03125,0.328125,0.046875
10,8,0.078125,0.046875,0.109375,0.0,0.0,0.0,0.0,0.0,0.359375,0.03125,0.328125,0.046875
10,8,0.078125,0.046875,0.109375,0.0,0.0,0.0,0.0,0.0,0.359375,0.03125,0.328125,0.046875
10,8,0.0625,0.046875,0.109375,0.0,0.0,0.0,0.0,0.0,0.359375,0.03125,0.34375,0.046875
10,10,0.0625,0.046875,0.109375,0.0,0.0,0.0,0.0,0.0,0.34375,0.03125,0.359375,0.046875
10,10,0.0625,0.046875,0.109375,0.0,0.0,0.0,0.0,0.0,0.34375,0.03125,0.359375,0.046875
10,10,0.0625,0.046875,0.109375,0.0,0.0,0.0,0.0,0.0,0.34375,0.03125,0.359375,0.046875
10,10,0.0625,0.046875,0.109375,0.0,0.0,0.0,0.0,0.0,0.34375,0.03125,0.359375,0.046875
10,10,0.0625,0.046875,0.109375,0.0,0.0,0.0,0.0,0.0,0.34375,0.03125,0.359375,0.046875
10,10,0.0625,0.046875,0.109375,0.0,0.0,0.0,0.0,0.0,0.34375,0.03125,0.359375,0.046875
10,10,0.0625,0.046875,0.109375,0.0,0.0,0.0,0.0,0.0,0.34375,0.03125,0.359375,0.046875
10,10,0.0625,0.046875,0.09375,0.0,0.0,0.0,0.0,0.0,0.34375,0.03125,0.375,0.046875
10,10,0.0625,0.046875,0.09375,0.0,0.0,0.0,0.0,0.0,0.34375,0.03125,0.375,0.046875
10,10,0.0625,0.046875,0.09375,0.0,0.0,0.0,0.0,0.0,0.3125,0.03125,0.40625,0.046875
10,10,0.0625,0.046875,0.09375,0.0,0.0,0.0,0.0,0.0,0.3125,0.03125,0.40625,0.046875
10,10,0.0625,0.046875,0.09375,0.0,0.0,0.0,0.0,0.0,0.3125,0.03125,0.40625,0.046875
10,10,0.0625,0.046875,0.09375,0.0,0.0,0.0,0.0,0.0,0.3125,0.03125,0.40625,0.046875
10,10,0.0625,0.046875,0.09375,0.0,0.0,0.0,0.0,0.0,0.3125,0.03125,0.40625,0.046875
10,10,0.0625,0.046875,0.09375,0.0,0.0,0.0,0.0,0.0,0.3125,0.03125,0.40625,0.046875
10,10,0.0625,0.046875,0.09375,0.0,0.0,0.0,0.0,0.0,0.3125,0.03125,0.40625,0.046875
10,10,0.0625,0.046875,0.09375,0.0,0.0,0.0,0.0,0.0,0.3125,0.03125,0.40625,0.046875
10,10,0.0625,0.046875,0.09375,0.0,0.0,0.0,0.0,0.0,0.3125,0.03125,0.40625,0.046875
10,10,0.0625,0.046875,0.09375,0.0,0.0,0.0,0.0,0.0,0.3125,0.03125,0.40625,0.046875
10,10,0.0625,0.046875,0.09375,0.0,0.0,0.0,0.0,0.0,0.3125,0.03125,0.40625,0.046875
10,10,0.0625,0.046875,0.09375,0.0,0.0,0.0,0.0,0.0,0.3125,0.03125,0.40625,0.046875
10,10,0.0625,0.046875,0.09375,0.0,0.0,0.0,0.0,0.0,0.3125,0.03125,0.40625,0.046875
10,10,0.0625,0.046875,0.09375,0.0,0.0,0.0,0.0,0.0,0.3125,0.03125,0.40625,0.046875
10,10,0.0625,0.03125,0.078125,0.0,0.0,0.0,0.0,0.0,0.265625,0.046875,0.46875,0.046875
10,10,0.0625,0.03125,0.078125,0.0,0.0,0.0,0.0,0.0,0.25,0.046875,0.484375,0.046875
10,10,0.0625,0.03125,0.078125,0.0,0.0,0.0,0.0,0.0,0.25,0.046875,0.484375,0.046875
10,10,0.0625,0.03125,0.078125,0.0,0.0,0.0,0.0,0.0,0.25,0.046875,0.484375,0.046875
10,10,0.0625,0.03125,0.078125,0.0,0.0,0.0,0.0,0.0,0.25,0.046875,0.484375,0.046875
10,10,0.0625,0.03125,0.078125,0.0,0.0,0.0,0.0,0.0,0.25,0.046875,0.484375,0.046875
10,10,0.0625,0.03125,0.078125,0.0,0.0,0.0,0.0,0.0,0.25,0.046875,0.484375,0.046875
10,10,0.0625,0.03125,0.078125,0.0,0.0,0.0,0.0,0.0,0.25,0.046875,0.484375,0.046875
10,10,0.0625,0.03125,0.078125,0.0,0.0,0.0,0.0,0.0,0.25,0.046875,0.484375,0.046875
10,10,0.0625,0.03125,0.078125,0.0,0.0,0.0,0.0,0.0,0.25,0.046875,0.484375,0.046875
10,10,0.0625,0.03125,0.078125,0.0,0.0,0.0,0.0,0.0,0.25,0.046875,0.484375,0.046875
10,10,0.0625,0.03125,0.078125,0.0,0.0,0.0,0.0,0.0,0.25,0.046875,0.484375,0.046875
10,10,0.0625,0.03125,0.078125,0.0,0.0,0.0,0.0,0.0,0.25,0.046875,0.484375,0.046875
10,10,0.0625,0.03125,0.078125,0.0,0.0,0.0,0.0,0.0,0.25,0.046875,0.484375,0.046875
10,10,0.0625,0.03125,0.078125,0.0,0.0,0.0,0.0,0.0,0.234375,0.046875,0.5,0.046875
10,10,0.0625,0.03125,0.078125,0.0,0.0,0.0,0.0,0.0,0.234375,0.046875,0.5,0.046875
10,10,0.0625,0.03125,0.078125,0.0,0.0,0.0,0.0,0.0,0.171875,0.046875,0.5625,0.046875
10,10,0.0625,0.03125,0.078125,0.0,0.0,0.0,0.0,0.0,0.171875,0.046875,0.5625,0.046875
10,10,0.0625,0.03125,0.078125,0.0,0.0,0.0,0.0,0.0,0.171875,0.046875,0.5625,0.046875
10,10,0.0625,0.03125,0.078125,0.0,0.0,0.0,0.0,0.0,0.171875,0.046875,0.5625,0.046875
10,10,0.0625,0.03125,0.078125,0.0,0.0,0.0,0.0,0.0,0.171875,0.046875,0.5625,0.046875
10,10,0.0625,0.03125,0.078125,0.0,0.0,0.0,0.0,0.0,0.171875,0.046875,0.5625,0.046875
10,10,0.0625,0.03125,0.078125,0.0,0.0,0.0,0.0,0.0,0.15625,0.0625,0.5625,0.046875
10,10,0.0625,0.03125,0.078125,0.0,0.0,0.0,0.0,0.0,0.15625,0.0625,0.5625,0.046875
10,10,0.0625,0.03125,0.078125,0.0,0.0,0.0,0.0,0.0,0.15625,0.0625,0.5625,0.046875
10,10,0.0625,0.03125,0.078125,0.0,0.0,0.0,0.0,0.0,0.15625,0.0625,0.5625,0.046875
10,10,0.0625,0.03125,0.078125,0.0,0.0,0.0,0.0,0.0,0.15625,0.0625,0.5625,0.046875
10,10,0.0625,0.03125,0.078125,0.0,0.0,0.0,0.0,0.0,0.15625,0.0625,0.5625,0.046875
10,10,0.046875,0.03125,0.078125,0.0,0.0,0.0,0.0,0.0,0.140625,0.078125,0.578125,0.046875
10,10,0.046875,0.03125,0.078125,0.0,0.0,0.0,0.0,0.0,0.125,0.078125,0.59375,0.046875
10,10,0.046875,0.03125,0.078125,0.0,0.0,0.0,0.0,0.0,0.125,0.078125,0.59375,0.046875
10,10,0.046875,0.03125,0.078125,0.0,0.0,0.0,0.0,0.0,0.125,0.078125,0.59375,0.046875
10,10,0.046875,0.03125,0.078125,0.0,0.0,0.0,0.0,0.0,0.125,0.078125,0.59375,0.046875
10,10,0.046875,0.03125,0.078125,0.0,0.0,0.0,0.0,0.0,0.125,0.078125,0.59375,0.046875
10,10,0.046875,0.03125,0.078125,0.0,0.0,0.0,0.0,0.0,0.125,0.078125,0.59375,0.046875
10,10,0.046875,0.03125,0.078125,0.0,0.0,0.0,0.0,0.0,0.125,0.078125,0.59375,0.046875
10,10,0.046875,0.03125,0.078125,0.0,0.0,0.0,0.0,0.0,0.125,0.078125,0.59375,0.046875
10,10,0.046875,0.03125,0.078125,0.0,0.0,0.0,0.0,0.0,0.125,0.078125,0.59375,0.046875
10,10,0.046875,0.03125,0.078125,0.0,0.0,0.0,0.0,0.0,0.125,0.078125,0.59375,0.046875
10,10,0.046875,0.03125,0.078125,0.0,0.0,0.0,0.0,0.0,0.125,0.078125,0.59375,0.046875
10,10,0.03125,0.03125,0.078125,0.0,0.0,0.0,0.0,0.0,0.109375,0.078125,0.640625,0.03125
10,10,0.03125,0.03125,0.078125,0.0,0.0,0.0,0.0,0.0,0.109375,0.078125,0.640625,0.03125
10,10,0.03125,0.03125,0.078125,0.0,0.0,0.0,0.0,0.0,0.109375,0.078125,0.640625,0.03125
10,10,0.03125,0.03125,0.078125,0.0,0.0,0.0,0.0,0.0,0.109375,0.078125,0.640625,0.03125
10,10,0.03125,0.03125,0.078125,0.0,0.0,0.0,0.0,0.0,0.109375,0.078125,0.640625,0.03125
10,10,0.03125,0.03125,0.078125,0.0,0.0,0.0,0.0,0.0,0.109375,0.078125,0.640625,0.03125
10,10,0.03125,0.03125,0.078125,0.0,0.0,0.0,0.0,0.0,0.109375,0.078125,0.640625,0.03125
10,10,0.03125,0.03125,0.078125,0.0,0.0,0.0,0.0,0.0,0.109375,0.078125,0.640625,0.03125
10,10,0.03125,0.015625,0.0625,0.0,0.0,0.0,0.0,0.0,0.09375,0.0625,0.703125,0.03125
10,10,0.03125,0.015625,0.0625,0.0,0.0,0.0,0.0,0.0,0.09375,0.0625,0.703125,0.03125
10,10,0.03125,0.015625,0.0625,0.0,0.0,0.0,0.0,0.0,0.09375,0.0625,0.703125,0.03125
10,10,0.03125,0.015625,0.0625,0.0,0.0,0.0,0.0,0.0,0.09375,0.0625,0.703125,0.03125
10,10,0.03125,0.015625,0.0625,0.0,0.0,0.0,0.0,0.0,0.09375,0.0625,0.703125,0.03125
10,10,0.03125,0.015625,0.0625,0.0,0.0,0.0,0.0,0.0,0.09375,0.0625,0.703125,0.03125
10,10,0.03125,0.015625,0.0625,0.0,0.0,0.0,0.0,0.0,0.09375,0.0625,0.703125,0.03125
10,10,0.03125,0.015625,0.0625,0.0,0.0,0.0,0.0,0.0,0.09375,0.0625,0.703125,0.03125
10,10,0.03125,0.015625,0.0625,0.0,0.0,0.0,0.0,0.0,0.09375,0.0625,0.703125,0.03125
10,10,0.03125,0.015625,0.0625,0.0,0.0,0.0,0.0,0.0,0.09375,0.0625,0.703125,0.03125
10,10,0.03125,0.015625,0.0625,0.0,0.0,0.0,0.0,0.0,0.078125,0.0625,0.734375,0.015625
10,10,0.03125,0.015625,0.0625,0.0,0.0,0.0,0.0,0.0,0.078125,0.0625,0.734375,0.015625
10,10,0.03125,0.015625,0.0625,0.0,0.0,0.0,0.0,0.0,0.078125,0.0625,0.734375,0.015625
10,10,0.03125,0.015625,0.0625,0.0,0.0,0.0,0.0,0.0,0.078125,0.0625,0.734375,0.015625
10,10,0.03125,0.015625,0.0625,0.0,0.0,0.0,0.0,0.0,0.078125,0.0625,0.734375,0.015625
10,10,0.03125,0.015625,0.0625,0.0,0.0,0.0,0.0,0.0,0.078125,0.0625,0.734375,0.015625
10,10,0.03125,0.015625,0.0625,0.0,0.0,0.0,0.0,0.0,0.078125,0.0625,0.75,0.0
10,10,0.03125,0.015625,0.0625,0.0,0.0,0.0,0.0,0.0,0.078125,0.0625,0.75,0.0
10,10,0.03125,0.015625,0.0625,0.0,0.0,0.0,0.0,0.0,0.078125,0.0625,0.75,0.0
10,10,0.03125,0.015625,0.0625,0.0,0.0,0.0,0.0,0.0,0.078125,0.0625,0.75,0.0
10,10,0.03125,0.015625,0.0625,0.0,0.0,0.0,0.0,0.0,0.078125,0.0625,0.75,0.0
10,10,0.03125,0.015625,0.0625,0.0,0.0,0.0,0.0,0.0,0.078125,0.0625,0.75,0.0
10,10,0.03125,0.015625,0.0625,0.0,0.0,0.0,0.0,0.0,0.078125,0.0625,0.75,0.0
10,10,0.03125,0.015625,0.0625,0.0,0.0,0.0,0.0,0.0,0.078125,0.0625,0.75,0.0
10,10,0.03125,0.015625,0.0625,0.0,0.0,0.0,0.0,0.0,0.078125,0.0625,0.75,0.0
10,10,0.03125,0.015625,0.0625,0.0,0.0,0.0,0.0,0.0,0.078125,0.0625,0.75,0.0
10,10,0.03125,0.015625,0.046875,0.0,0.0,0.0,0.0,0.0,0.078125,0.0625,0.765625,0.0
10,10,0.03125,0.015625,0.046875,0.0,0.0,0.0,0.0,0.0,0.078125,0.0625,0.765625,0.0
10,10,0.03125,0.015625,0.046875,0.0,0.0,0.0,0.0,0.0,0.078125,0.0625,0.765625,0.0
10,10,0.03125,0.015625,0.046875,0.0,0.0,0.0,0.0,0.0,0.078125,0.0625,0.765625,0.0
10,10,0.03125,0.015625,0.046875,0.0,0.0,0.0,0.0,0.0,0.078125,0.0625,0.765625,0.0
10,10,0.03125,0.015625,0.046875,0.0,0.0,0.0,0.0,0.0,0.078125,0.0625,0.765625,0.0
10,10,0.015625,0.015625,0.046875,0.0,0.0,0.0,0.0,0.0,0.078125,0.0625,0.78125,0.0
10,10,0.015625,0.015625,0.046875,0.0,0.0,0.0,0.0,0.0,0.078125,0.0625,0.78125,0.0
10,10,0.015625,0.015625,0.046875,0.0,0.0,0.0,0.0,0.0,0.078125,0.0625,0.78125,0.0
10,10,0.015625,0.015625,0.046875,0.0,0.0,0.0,0.0,0.0,0.078125,0.0625,0.78125,0.0
10,10,0.015625,0.015625,0.046875,0.0,0.0,0.0,0.0,0.0,0.078125,0.0625,0.78125,0.0
10,10,0.015625,0.015625,0.046875,0.0,0.0,0.0,0.0,0.0,0.078125,0.0625,0.78125,0.0
10,10,0.015625,0.015625,0.046875,0.0,0.0,0.0,0.0,0.0,0.078125,0.0625,0.78125,0.0
10,10,0.015625,0.015625,0.046875,0.0,0.0,0.0,0.0,0.0,0.078125,0.0625,0.78125,0.0
10,10,0.015625,0.015625,0.03125,0.0,0.0,0.0,0.0,0.0,0.078125,0.0625,0.796875,0.0
10,10,0.015625,0.015625,0.03125,0.0,0.0,0.0,0.0,0.0,0.078125,0.0625,0.796875,0.0
10,10,0.015625,0.015625,0.03125,0.0,0.0,0.0,0.0,0.0,0.078125,0.0625,0.796875,0.0
10,10,0.015625,0.015625,0.03125,0.0,0.0,0.0,0.0,0.0,0.078125,0.0625,0.796875,0.0
10,10,0.015625,0.015625,0.03125,0.0,0.0,0.0,0.0,0.0,0.0625,0.0625,0.8125,0.0
10,10,0.015625,0.015625,0.03125,0.0,0.0,0.0,0.0,0.0,0.0625,0.0625,0.8125,0.0
10,10,0.015625,0.015625,0.03125,0.0,0.0,0.0,0.0,0.0,0.0625,0.0625,0.8125,0.0
10,10,0.015625,0.015625,0.03125,0.0,0.0,0.0,0.0,0.0,0.0625,0.0625,0.8125,0.0
10,10,0.015625,0.015625,0.03125,0.0,0.0,0.0,0.0,0.0,0.0625,0.0625,0.8125,0.0
10,10,0.015625,0.015625,0.03125,0.0,0.0,0.0,0.0,0.0,0.0625,0.0625,0.8125,0.0
10,10,0.015625,0.015625,0.03125,0.0,0.0,0.0,0.0,0.0,0.0625,0.0625,0.8125,0.0
10,10,0.015625,0.015625,0.03125,0.0,0.0,0.0,0.0,0.0,0.0625,0.0625,0.8125,0.0
10,10,0.015625,0.015625,0.03125,0.0,0.0,0.0,0.0,0.0,0.0625,0.0625,0.8125,0.0
10,10,0.015625,0.015625,0.03125,0.0,0.0,0.0,0.0,0.0,0.0625,0.0625,0.8125,0.0
10,10,0.015625,0.015625,0.03125,0.0,0.0,0.0,0.0,0.0,0.0625,0.0625,0.8125,0.0
10,10,0.015625,0.015625,0.03125,0.0,0.0,0.0,0.0,0.0,0.0625,0.0625,0.8125,0.0
10,10,0.015625,0.015625,0.03125,0.0,0.0,0.0,0.0,0.0,0.0625,0.0625,0.8125,0.0
10,10,0.015625,0.015625,0.03125,0.0,0.0,0.0,0.0,0.0,0.0625,0.0625,0.8125,0.0
10,10,0.015625,0.015625,0.03125,0.0,0.0,0.0,0.0,0.0,0.0625,0.0625,0.8125,0.0
10,10,0.015625,0.015625,0.03125,0.0,0.0,0.0,0.0,0.0,0.046875,0.0625,0.828125,0.0
10,10,0.015625,0.015625,0.03125,0.0,0.0,0.0,0.0,0.0,0.046875,0.0625,0.828125,0.0
10,10,0.015625,0.015625,0.03125,0.0,0.0,0.0,0.0,0.0,0.046875,0.0625,0.828125,0.0
10,10,0.015625,0.015625,0.03125,0.0,0.0,0.0,0.0,0.0,0.046875,0.0625,0.828125,0.0
10,10,0.015625,0.015625,0.03125,0.0,0.0,0.0,0.0,0.0,0.046875,0.0625,0.828125,0.0
10,10,0.0,0.015625,0.0,0.0,0.0,0.0,0.0,0.0,0.0,0.03125,0.953125,0.0
10,10,0.0,0.015625,0.0,0.0,0.0,0.0,0.0,0.0,0.0,0.03125,0.953125,0.0
10,10,0.0,0.015625,0.0,0.0,0.0,0.0,0.0,0.0,0.0,0.03125,0.953125,0.0
10,10,0.0,0.015625,0.0,0.0,0.0,0.0,0.0,0.0,0.0,0.03125,0.953125,0.0
10,10,0.0,0.015625,0.0,0.0,0.0,0.0,0.0,0.0,0.0,0.03125,0.953125,0.0
10,10,0.0,0.015625,0.0,0.0,0.0,0.0,0.0,0.0,0.0,0.03125,0.953125,0.0
10,10,0.0,0.015625,0.0,0.0,0.0,0.0,0.0,0.0,0.0,0.03125,0.953125,0.0
10,10,0.0,0.015625,0.0,0.0,0.0,0.0,0.0,0.0,0.0,0.03125,0.953125,0.0
10,10,0.0,0.015625,0.0,0.0,0.0,0.0,0.0,0.0,0.0,0.03125,0.953125,0.0
10,10,0.0,0.015625,0.0,0.0,0.0,0.0,0.0,0.0,0.0,0.03125,0.953125,0.0
10,10,0.0,0.015625,0.0,0.0,0.0,0.0,0.0,0.0,0.0,0.03125,0.953125,0.0
10,10,0.0,0.015625,0.0,0.0,0.0,0.0,0.0,0.0,0.0,0.03125,0.953125,0.0
10,10,0.0,0.015625,0.0,0.0,0.0,0.0,0.0,0.0,0.0,0.03125,0.953125,0.0
10,10,0.0,0.015625,0.0,0.0,0.0,0.0,0.0,0.0,0.0,0.03125,0.953125,0.0
10,10,0.0,0.015625,0.0,0.0,0.0,0.0,0.0,0.0,0.0,0.03125,0.953125,0.0
10,10,0.0,0.015625,0.0,0.0,0.0,0.0,0.0,0.0,0.0,0.03125,0.953125,0.0
10,10,0.0,0.015625,0.0,0.0,0.0,0.0,0.0,0.0,0.0,0.03125,0.953125,0.0
10,10,0.0,0.015625,0.0,0.0,0.0,0.0,0.0,0.0,0.0,0.03125,0.953125,0.0
10,10,0.0,0.015625,0.0,0.0,0.0,0.0,0.0,0.0,0.0,0.03125,0.953125,0.0
10,10,0.0,0.015625,0.0,0.0,0.0,0.0,0.0,0.0,0.0,0.03125,0.953125,0.0
10,10,0.0,0.015625,0.0,0.0,0.0,0.0,0.0,0.0,0.0,0.03125,0.953125,0.0
10,10,0.0,0.015625,0.0,0.0,0.0,0.0,0.0,0.0,0.0,0.03125,0.953125,0.0
10,10,0.0,0.015625,0.0,0.0,0.0,0.0,0.0,0.0,0.0,0.03125,0.953125,0.0
10,10,0.0,0.015625,0.0,0.0,0.0,0.0,0.0,0.0,0.0,0.03125,0.953125,0.0
10,10,0.0,0.015625,0.0,0.0,0.0,0.0,0.0,0.0,0.0,0.03125,0.953125,0.0
10,10,0.0,0.015625,0.0,0.0,0.0,0.0,0.0,0.0,0.0,0.03125,0.953125,0.0
10,10,0.0,0.015625,0.0,0.0,0.0,0.0,0.0,0.0,0.0,0.03125,0.953125,0.0
10,10,0.0,0.015625,0.0,0.0,0.0,0.0,0.0,0.0,0.0,0.03125,0.953125,0.0
10,10,0.0,0.015625,0.0,0.0,0.0,0.0,0.0,0.0,0.0,0.03125,0.953125,0.0
10,10,0.0,0.015625,0.0,0.0,0.0,0.0,0.0,0.0,0.0,0.03125,0.953125,0.0
10,10,0.0,0.015625,0.0,0.0,0.0,0.0,0.0,0.0,0.0,0.03125,0.953125,0.0
10,10,0.0,0.015625,0.0,0.0,0.0,0.0,0.0,0.0,0.0,0.03125,0.953125,0.0
10,10,0.0,0.015625,0.0,0.0,0.0,0.0,0.0,0.0,0.0,0.03125,0.953125,0.0
10,10,0.0,0.015625,0.0,0.0,0.0,0.0,0.0,0.0,0.0,0.03125,0.953125,0.0
10,10,0.0,0.015625,0.0,0.0,0.0,0.0,0.0,0.0,0.0,0.03125,0.953125,0.0
10,10,0.0,0.015625,0.0,0.0,0.0,0.0,0.0,0.0,0.0,0.03125,0.953125,0.0
10,10,0.0,0.015625,0.0,0.0,0.0,0.0,0.0,0.0,0.0,0.03125,0.953125,0.0
10,10,0.0,0.015625,0.0,0.0,0.0,0.0,0.0,0.0,0.0,0.03125,0.953125,0.0
10,10,0.0,0.015625,0.0,0.0,0.0,0.0,0.0,0.0,0.0,0.03125,0.953125,0.0
10,10,0.0,0.015625,0.0,0.0,0.0,0.0,0.0,0.0,0.0,0.03125,0.953125,0.0
10,10,0.0,0.015625,0.0,0.0,0.0,0.0,0.0,0.0,0.0,0.03125,0.953125,0.0
10,10,0.0,0.015625,0.0,0.0,0.0,0.0,0.0,0.0,0.0,0.03125,0.953125,0.0
10,10,0.0,0.015625,0.0,0.0,0.0,0.0,0.0,0.0,0.0,0.03125,0.953125,0.0
10,10,0.0,0.015625,0.0,0.0,0.0,0.0,0.0,0.0,0.0,0.03125,0.953125,0.0
10,10,0.0,0.015625,0.0,0.0,0.0,0.0,0.0,0.0,0.0,0.03125,0.953125,0.0
10,10,0.0,0.015625,0.0,0.0,0.0,0.0,0.0,0.0,0.0,0.03125,0.953125,0.0
10,10,0.0,0.015625,0.0,0.0,0.0,0.0,0.0,0.0,0.0,0.03125,0.953125,0.0
10,10,0.0,0.015625,0.0,0.0,0.0,0.0,0.0,0.0,0.0,0.03125,0.953125,0.0
10,10,0.0,0.0,0.0,0.0,0.0,0.0,0.0,0.0,0.0,0.03125,0.96875,0.0
10,10,0.0,0.0,0.0,0.0,0.0,0.0,0.0,0.0,0.0,0.03125,0.96875,0.0
10,10,0.0,0.0,0.0,0.0,0.0,0.0,0.0,0.0,0.0,0.03125,0.96875,0.0
10,10,0.0,0.0,0.0,0.0,0.0,0.0,0.0,0.0,0.0,0.03125,0.96875,0.0
10,10,0.0,0.0,0.0,0.0,0.0,0.0,0.0,0.0,0.0,0.03125,0.96875,0.0
10,10,0.0,0.0,0.0,0.0,0.0,0.0,0.0,0.0,0.0,0.03125,0.96875,0.0
10,10,0.0,0.0,0.0,0.0,0.0,0.0,0.0,0.0,0.0,0.03125,0.96875,0.0
10,10,0.0,0.0,0.0,0.0,0.0,0.0,0.0,0.0,0.0,0.03125,0.96875,0.0
10,10,0.0,0.0,0.0,0.0,0.0,0.0,0.0,0.0,0.0,0.03125,0.96875,0.0
10,10,0.0,0.0,0.0,0.0,0.0,0.0,0.0,0.0,0.0,0.03125,0.96875,0.0
10,10,0.0,0.0,0.0,0.0,0.0,0.0,0.0,0.0,0.0,0.03125,0.96875,0.0
10,10,0.0,0.0,0.0,0.0,0.0,0.0,0.0,0.0,0.0,0.03125,0.96875,0.0
10,10,0.0,0.0,0.0,0.0,0.0,0.0,0.0,0.0,0.0,0.03125,0.96875,0.0
10,10,0.0,0.0,0.0,0.0,0.0,0.0,0.0,0.0,0.0,0.03125,0.96875,0.0
10,10,0.0,0.0,0.0,0.0,0.0,0.0,0.0,0.0,0.0,0.03125,0.96875,0.0
10,10,0.0,0.0,0.0,0.0,0.0,0.0,0.0,0.0,0.0,0.03125,0.96875,0.0
10,10,0.0,0.0,0.0,0.0,0.0,0.0,0.0,0.0,0.0,0.03125,0.96875,0.0
10,10,0.0,0.0,0.0,0.0,0.0,0.0,0.0,0.0,0.0,0.03125,0.96875,0.0
10,10,0.0,0.0,0.0,0.0,0.0,0.0,0.0,0.0,0.0,0.03125,0.96875,0.0
10,10,0.0,0.0,0.0,0.0,0.0,0.0,0.0,0.0,0.0,0.03125,0.96875,0.0
10,10,0.0,0.0,0.0,0.0,0.0,0.0,0.0,0.0,0.0,0.03125,0.96875,0.0
10,10,0.0,0.0,0.0,0.0,0.0,0.0,0.0,0.0,0.0,0.03125,0.96875,0.0
10,10,0.0,0.0,0.0,0.0,0.0,0.0,0.0,0.0,0.0,0.03125,0.96875,0.0
10,10,0.0,0.0,0.0,0.0,0.0,0.0,0.0,0.0,0.0,0.03125,0.96875,0.0
10,10,0.0,0.0,0.0,0.0,0.0,0.0,0.0,0.0,0.0,0.03125,0.96875,0.0
10,10,0.0,0.0,0.0,0.0,0.0,0.0,0.0,0.0,0.0,0.03125,0.96875,0.0
10,10,0.0,0.0,0.0,0.0,0.0,0.0,0.0,0.0,0.0,0.03125,0.96875,0.0
10,10,0.0,0.0,0.0,0.0,0.0,0.0,0.0,0.0,0.0,0.03125,0.96875,0.0
10,10,0.0,0.0,0.0,0.0,0.0,0.0,0.0,0.0,0.0,0.03125,0.96875,0.0
10,10,0.0,0.0,0.0,0.0,0.0,0.0,0.0,0.0,0.0,0.03125,0.96875,0.0
10,10,0.0,0.0,0.0,0.0,0.0,0.0,0.0,0.0,0.0,0.03125,0.96875,0.0
10,10,0.0,0.0,0.0,0.0,0.0,0.0,0.0,0.0,0.0,0.03125,0.96875,0.0
10,10,0.0,0.0,0.0,0.0,0.0,0.0,0.0,0.0,0.0,0.03125,0.96875,0.0
10,10,0.0,0.0,0.0,0.0,0.0,0.0,0.0,0.0,0.0,0.03125,0.96875,0.0
10,10,0.0,0.0,0.0,0.0,0.0,0.0,0.0,0.0,0.0,0.03125,0.96875,0.0
10,10,0.0,0.0,0.0,0.0,0.0,0.0,0.0,0.0,0.0,0.03125,0.96875,0.0
10,10,0.0,0.0,0.0,0.0,0.0,0.0,0.0,0.0,0.0,0.03125,0.96875,0.0
10,10,0.0,0.0,0.0,0.0,0.0,0.0,0.0,0.0,0.0,0.03125,0.96875,0.0
10,10,0.0,0.0,0.0,0.0,0.0,0.0,0.0,0.0,0.0,0.03125,0.96875,0.0
10,10,0.0,0.0,0.0,0.0,0.0,0.0,0.0,0.0,0.0,0.03125,0.96875,0.0
10,10,0.0,0.0,0.0,0.0,0.0,0.0,0.0,0.0,0.0,0.03125,0.96875,0.0
10,10,0.0,0.0,0.0,0.0,0.0,0.0,0.0,0.0,0.0,0.03125,0.96875,0.0
10,10,0.0,0.0,0.0,0.0,0.0,0.0,0.0,0.0,0.0,0.03125,0.96875,0.0
10,10,0.0,0.0,0.0,0.0,0.0,0.0,0.0,0.0,0.0,0.03125,0.96875,0.0
10,10,0.0,0.0,0.0,0.0,0.0,0.0,0.0,0.0,0.0,0.03125,0.96875,0.0
10,10,0.0,0.0,0.0,0.0,0.0,0.0,0.0,0.0,0.0,0.03125,0.96875,0.0
10,10,0.0,0.0,0.0,0.0,0.0,0.0,0.0,0.0,0.0,0.03125,0.96875,0.0
10,10,0.0,0.0,0.0,0.0,0.0,0.0,0.0,0.0,0.0,0.03125,0.96875,0.0
10,10,0.0,0.0,0.0,0.0,0.0,0.0,0.0,0.0,0.0,0.03125,0.96875,0.0
10,10,0.0,0.0,0.0,0.0,0.0,0.0,0.0,0.0,0.0,0.03125,0.96875,0.0
10,10,0.0,0.0,0.0,0.0,0.0,0.0,0.0,0.0,0.0,0.03125,0.96875,0.0
10,10,0.0,0.0,0.0,0.0,0.0,0.0,0.0,0.0,0.0,0.03125,0.96875,0.0
10,10,0.0,0.0,0.0,0.0,0.0,0.0,0.0,0.0,0.0,0.03125,0.96875,0.0
10,10,0.0,0.0,0.0,0.0,0.0,0.0,0.0,0.0,0.0,0.03125,0.96875,0.0
10,10,0.0,0.0,0.0,0.0,0.0,0.0,0.0,0.0,0.0,0.03125,0.96875,0.0
10,10,0.0,0.0,0.0,0.0,0.0,0.0,0.0,0.0,0.0,0.03125,0.96875,0.0
10,10,0.0,0.0,0.0,0.0,0.0,0.0,0.0,0.0,0.0,0.03125,0.96875,0.0
10,10,0.0,0.0,0.0,0.0,0.0,0.0,0.0,0.0,0.0,0.03125,0.96875,0.0
10,10,0.0,0.0,0.0,0.0,0.0,0.0,0.0,0.0,0.0,0.03125,0.96875,0.0
10,10,0.0,0.0,0.0,0.0,0.0,0.0,0.0,0.0,0.0,0.03125,0.96875,0.0
10,10,0.0,0.0,0.0,0.0,0.0,0.0,0.0,0.0,0.0,0.03125,0.96875,0.0
10,10,0.0,0.0,0.0,0.0,0.0,0.0,0.0,0.0,0.0,0.03125,0.96875,0.0
10,10,0.0,0.0,0.0,0.0,0.0,0.0,0.0,0.0,0.0,0.03125,0.96875,0.0
10,10,0.0,0.0,0.0,0.0,0.0,0.0,0.0,0.0,0.0,0.03125,0.96875,0.0
10,10,0.0,0.0,0.0,0.0,0.0,0.0,0.0,0.0,0.0,0.03125,0.96875,0.0
10,10,0.0,0.0,0.0,0.0,0.0,0.0,0.0,0.0,0.0,0.03125,0.96875,0.0
10,10,0.0,0.0,0.0,0.0,0.0,0.0,0.0,0.0,0.0,0.03125,0.96875,0.0
10,10,0.0,0.0,0.0,0.0,0.0,0.0,0.0,0.0,0.0,0.03125,0.96875,0.0
10,10,0.0,0.0,0.0,0.0,0.0,0.0,0.0,0.0,0.0,0.03125,0.96875,0.0
10,10,0.0,0.0,0.0,0.0,0.0,0.0,0.0,0.0,0.0,0.03125,0.96875,0.0
10,10,0.0,0.0,0.0,0.0,0.0,0.0,0.0,0.0,0.0,0.03125,0.96875,0.0
10,10,0.0,0.0,0.0,0.0,0.0,0.0,0.0,0.0,0.0,0.03125,0.96875,0.0
10,10,0.0,0.0,0.0,0.0,0.0,0.0,0.0,0.0,0.0,0.03125,0.96875,0.0
10,10,0.0,0.0,0.0,0.0,0.0,0.0,0.0,0.0,0.0,0.03125,0.96875,0.0
10,10,0.0,0.0,0.0,0.0,0.0,0.0,0.0,0.0,0.0,0.03125,0.96875,0.0
10,10,0.0,0.0,0.0,0.0,0.0,0.0,0.0,0.0,0.0,0.03125,0.96875,0.0
10,10,0.0,0.0,0.0,0.0,0.0,0.0,0.0,0.0,0.0,0.03125,0.96875,0.0
10,10,0.0,0.0,0.0,0.0,0.0,0.0,0.0,0.0,0.0,0.03125,0.96875,0.0
10,10,0.0,0.0,0.0,0.0,0.0,0.0,0.0,0.0,0.0,0.03125,0.96875,0.0
10,10,0.0,0.0,0.0,0.0,0.0,0.0,0.0,0.0,0.0,0.03125,0.96875,0.0
10,10,0.0,0.0,0.0,0.0,0.0,0.0,0.0,0.0,0.0,0.03125,0.96875,0.0
10,10,0.0,0.0,0.0,0.0,0.0,0.0,0.0,0.0,0.0,0.03125,0.96875,0.0
10,10,0.0,0.0,0.0,0.0,0.0,0.0,0.0,0.0,0.0,0.03125,0.96875,0.0
10,10,0.0,0.0,0.0,0.0,0.0,0.0,0.0,0.0,0.0,0.03125,0.96875,0.0
10,10,0.0,0.0,0.0,0.0,0.0,0.0,0.0,0.0,0.0,0.03125,0.96875,0.0
10,10,0.0,0.0,0.0,0.0,0.0,0.0,0.0,0.0,0.0,0.03125,0.96875,0.0
10,10,0.0,0.0,0.0,0.0,0.0,0.0,0.0,0.0,0.0,0.03125,0.96875,0.0
10,10,0.0,0.0,0.0,0.0,0.0,0.0,0.0,0.0,0.0,0.03125,0.96875,0.0
10,10,0.0,0.0,0.0,0.0,0.0,0.0,0.0,0.0,0.0,0.03125,0.96875,0.0
10,10,0.0,0.0,0.0,0.0,0.0,0.0,0.0,0.0,0.0,0.03125,0.96875,0.0
10,10,0.0,0.0,0.0,0.0,0.0,0.0,0.0,0.0,0.0,0.03125,0.96875,0.0
10,10,0.0,0.0,0.0,0.0,0.0,0.0,0.0,0.0,0.0,0.03125,0.96875,0.0
10,10,0.0,0.0,0.0,0.0,0.0,0.0,0.0,0.0,0.0,0.03125,0.96875,0.0
10,10,0.0,0.0,0.0,0.0,0.0,0.0,0.0,0.0,0.0,0.03125,0.96875,0.0
10,10,0.0,0.0,0.0,0.0,0.0,0.0,0.0,0.0,0.0,0.03125,0.96875,0.0
10,10,0.0,0.0,0.0,0.0,0.0,0.0,0.0,0.0,0.0,0.03125,0.96875,0.0
10,10,0.0,0.0,0.0,0.0,0.0,0.0,0.0,0.0,0.0,0.03125,0.96875,0.0
10,10,0.0,0.0,0.0,0.0,0.0,0.0,0.0,0.0,0.0,0.03125,0.96875,0.0
10,10,0.0,0.0,0.0,0.0,0.0,0.0,0.0,0.0,0.0,0.03125,0.96875,0.0
10,10,0.0,0.0,0.0,0.0,0.0,0.0,0.0,0.0,0.0,0.03125,0.96875,0.0
10,10,0.0,0.0,0.0,0.0,0.0,0.0,0.0,0.0,0.0,0.03125,0.96875,0.0
10,10,0.0,0.0,0.0,0.0,0.0,0.0,0.0,0.0,0.0,0.03125,0.96875,0.0
10,10,0.0,0.0,0.0,0.0,0.0,0.0,0.0,0.0,0.0,0.03125,0.96875,0.0
10,10,0.0,0.0,0.0,0.0,0.0,0.0,0.0,0.0,0.0,0.03125,0.96875,0.0
10,10,0.0,0.0,0.0,0.0,0.0,0.0,0.0,0.0,0.0,0.03125,0.96875,0.0
10,10,0.0,0.0,0.0,0.0,0.0,0.0,0.0,0.0,0.0,0.03125,0.96875,0.0
10,10,0.0,0.0,0.0,0.0,0.0,0.0,0.0,0.0,0.0,0.03125,0.96875,0.0
10,10,0.0,0.0,0.0,0.0,0.0,0.0,0.0,0.0,0.0,0.03125,0.96875,0.0
10,10,0.0,0.0,0.0,0.0,0.0,0.0,0.0,0.0,0.0,0.03125,0.96875,0.0
10,10,0.0,0.0,0.0,0.0,0.0,0.0,0.0,0.0,0.0,0.03125,0.96875,0.0
10,10,0.0,0.0,0.0,0.0,0.0,0.0,0.0,0.0,0.0,0.03125,0.96875,0.0
10,10,0.0,0.0,0.0,0.0,0.0,0.0,0.0,0.0,0.0,0.03125,0.96875,0.0
10,10,0.0,0.0,0.0,0.0,0.0,0.0,0.0,0.0,0.0,0.03125,0.96875,0.0
10,10,0.0,0.0,0.0,0.0,0.0,0.0,0.0,0.0,0.0,0.03125,0.96875,0.0
10,10,0.0,0.0,0.0,0.0,0.0,0.0,0.0,0.0,0.0,0.03125,0.96875,0.0
10,10,0.0,0.0,0.0,0.0,0.0,0.0,0.0,0.0,0.0,0.03125,0.96875,0.0
10,10,0.0,0.0,0.0,0.0,0.0,0.0,0.0,0.0,0.0,0.03125,0.96875,0.0
10,10,0.0,0.0,0.0,0.0,0.0,0.0,0.0,0.0,0.0,0.03125,0.96875,0.0
10,10,0.0,0.0,0.0,0.0,0.0,0.0,0.0,0.0,0.0,0.03125,0.96875,0.0
10,10,0.0,0.0,0.0,0.0,0.0,0.0,0.0,0.0,0.0,0.03125,0.96875,0.0
10,10,0.0,0.0,0.0,0.0,0.0,0.0,0.0,0.0,0.0,0.03125,0.96875,0.0
10,10,0.0,0.0,0.0,0.0,0.0,0.0,0.0,0.0,0.0,0.03125,0.96875,0.0
10,10,0.0,0.0,0.0,0.0,0.0,0.0,0.0,0.0,0.0,0.03125,0.96875,0.0
10,10,0.0,0.0,0.0,0.0,0.0,0.0,0.0,0.0,0.0,0.03125,0.96875,0.0
10,10,0.0,0.0,0.0,0.0,0.0,0.0,0.0,0.0,0.0,0.03125,0.96875,0.0
10,10,0.0,0.0,0.0,0.0,0.0,0.0,0.0,0.0,0.0,0.03125,0.96875,0.0
10,10,0.0,0.0,0.0,0.0,0.0,0.0,0.0,0.0,0.0,0.03125,0.96875,0.0
10,10,0.0,0.0,0.0,0.0,0.0,0.0,0.0,0.0,0.0,0.03125,0.96875,0.0
10,10,0.0,0.0,0.0,0.0,0.0,0.0,0.0,0.0,0.0,0.03125,0.96875,0.0
10,10,0.0,0.0,0.0,0.0,0.0,0.0,0.0,0.0,0.0,0.03125,0.96875,0.0
10,10,0.0,0.0,0.0,0.0,0.0,0.0,0.0,0.0,0.0,0.03125,0.96875,0.0
10,10,0.0,0.0,0.0,0.0,0.0,0.0,0.0,0.0,0.0,0.03125,0.96875,0.0
10,10,0.0,0.0,0.0,0.0,0.0,0.0,0.0,0.0,0.0,0.03125,0.96875,0.0
10,10,0.0,0.0,0.0,0.0,0.0,0.0,0.0,0.0,0.0,0.03125,0.96875,0.0
10,10,0.0,0.0,0.0,0.0,0.0,0.0,0.0,0.0,0.0,0.03125,0.96875,0.0
10,10,0.0,0.0,0.0,0.0,0.0,0.0,0.0,0.0,0.0,0.03125,0.96875,0.0
10,10,0.0,0.0,0.0,0.0,0.0,0.0,0.0,0.0,0.0,0.03125,0.96875,0.0
10,10,0.0,0.0,0.0,0.0,0.0,0.0,0.0,0.0,0.0,0.03125,0.96875,0.0
10,10,0.0,0.0,0.0,0.0,0.0,0.0,0.0,0.0,0.0,0.03125,0.96875,0.0
10,10,0.0,0.0,0.0,0.0,0.0,0.0,0.0,0.0,0.0,0.03125,0.96875,0.0
10,10,0.0,0.0,0.0,0.0,0.0,0.0,0.0,0.0,0.0,0.03125,0.96875,0.0
10,10,0.0,0.0,0.0,0.0,0.0,0.0,0.0,0.0,0.0,0.03125,0.96875,0.0
10,10,0.0,0.0,0.0,0.0,0.0,0.0,0.0,0.0,0.0,0.03125,0.96875,0.0
10,10,0.0,0.0,0.0,0.0,0.0,0.0,0.0,0.0,0.0,0.03125,0.96875,0.0
10,10,0.0,0.0,0.0,0.0,0.0,0.0,0.0,0.0,0.0,0.03125,0.96875,0.0
10,10,0.0,0.0,0.0,0.0,0.0,0.0,0.0,0.0,0.0,0.03125,0.96875,0.0
10,10,0.0,0.0,0.0,0.0,0.0,0.0,0.0,0.0,0.0,0.03125,0.96875,0.0
10,10,0.0,0.0,0.0,0.0,0.0,0.0,0.0,0.0,0.0,0.03125,0.96875,0.0
10,10,0.0,0.0,0.0,0.0,0.0,0.0,0.0,0.0,0.0,0.03125,0.96875,0.0
10,10,0.0,0.0,0.0,0.0,0.0,0.0,0.0,0.0,0.0,0.03125,0.96875,0.0
10,10,0.0,0.0,0.0,0.0,0.0,0.0,0.0,0.0,0.0,0.03125,0.96875,0.0
10,10,0.0,0.0,0.0,0.0,0.0,0.0,0.0,0.0,0.0,0.03125,0.96875,0.0
10,10,0.0,0.0,0.0,0.0,0.0,0.0,0.0,0.0,0.0,0.03125,0.96875,0.0
10,10,0.0,0.0,0.0,0.0,0.0,0.0,0.0,0.0,0.0,0.03125,0.96875,0.0
10,10,0.0,0.0,0.0,0.0,0.0,0.0,0.0,0.0,0.0,0.03125,0.96875,0.0
10,10,0.0,0.0,0.0,0.0,0.0,0.0,0.0,0.0,0.0,0.03125,0.96875,0.0
10,10,0.0,0.0,0.0,0.0,0.0,0.0,0.0,0.0,0.0,0.03125,0.96875,0.0
10,10,0.0,0.0,0.0,0.0,0.0,0.0,0.0,0.0,0.0,0.03125,0.96875,0.0
10,10,0.0,0.0,0.0,0.0,0.0,0.0,0.0,0.0,0.0,0.03125,0.96875,0.0
10,10,0.0,0.0,0.0,0.0,0.0,0.0,0.0,0.0,0.0,0.03125,0.96875,0.0
10,10,0.0,0.0,0.0,0.0,0.0,0.0,0.0,0.0,0.0,0.03125,0.96875,0.0
10,10,0.0,0.0,0.0,0.0,0.0,0.0,0.0,0.0,0.0,0.03125,0.96875,0.0
10,10,0.0,0.0,0.0,0.0,0.0,0.0,0.0,0.0,0.0,0.03125,0.96875,0.0
10,10,0.0,0.0,0.0,0.0,0.0,0.0,0.0,0.0,0.0,0.03125,0.96875,0.0
10,10,0.0,0.0,0.0,0.0,0.0,0.0,0.0,0.0,0.0,0.03125,0.96875,0.0
10,10,0.0,0.0,0.0,0.0,0.0,0.0,0.0,0.0,0.0,0.03125,0.96875,0.0
10,10,0.0,0.0,0.0,0.0,0.0,0.0,0.0,0.0,0.0,0.03125,0.96875,0.0
10,10,0.0,0.0,0.0,0.0,0.0,0.0,0.0,0.0,0.0,0.03125,0.96875,0.0
10,10,0.0,0.0,0.0,0.0,0.0,0.0,0.0,0.0,0.0,0.03125,0.96875,0.0
10,10,0.0,0.0,0.0,0.0,0.0,0.0,0.0,0.0,0.0,0.03125,0.96875,0.0
10,10,0.0,0.0,0.0,0.0,0.0,0.0,0.0,0.0,0.0,0.03125,0.96875,0.0
10,10,0.0,0.0,0.0,0.0,0.0,0.0,0.0,0.0,0.0,0.03125,0.96875,0.0
10,10,0.0,0.0,0.0,0.0,0.0,0.0,0.0,0.0,0.0,0.03125,0.96875,0.0
10,10,0.0,0.0,0.0,0.0,0.0,0.0,0.0,0.0,0.0,0.03125,0.96875,0.0
10,10,0.0,0.0,0.0,0.0,0.0,0.0,0.0,0.0,0.0,0.03125,0.96875,0.0
10,10,0.0,0.0,0.0,0.0,0.0,0.0,0.0,0.0,0.0,0.03125,0.96875,0.0
10,10,0.0,0.0,0.0,0.0,0.0,0.0,0.0,0.0,0.0,0.03125,0.96875,0.0
10,10,0.0,0.0,0.0,0.0,0.0,0.0,0.0,0.0,0.0,0.03125,0.96875,0.0
10,10,0.0,0.0,0.0,0.0,0.0,0.0,0.0,0.0,0.0,0.03125,0.96875,0.0
10,10,0.0,0.0,0.0,0.0,0.0,0.0,0.0,0.0,0.0,0.03125,0.96875,0.0
10,10,0.0,0.0,0.0,0.0,0.0,0.0,0.0,0.0,0.0,0.03125,0.96875,0.0
10,10,0.0,0.0,0.0,0.0,0.0,0.0,0.0,0.0,0.0,0.03125,0.96875,0.0
10,10,0.0,0.0,0.0,0.0,0.0,0.0,0.0,0.0,0.0,0.03125,0.96875,0.0
10,10,0.0,0.0,0.0,0.0,0.0,0.0,0.0,0.0,0.0,0.03125,0.96875,0.0
10,10,0.0,0.0,0.0,0.0,0.0,0.0,0.0,0.0,0.0,0.03125,0.96875,0.0
10,10,0.0,0.0,0.0,0.0,0.0,0.0,0.0,0.0,0.0,0.03125,0.96875,0.0
10,10,0.0,0.0,0.0,0.0,0.0,0.0,0.0,0.0,0.0,0.03125,0.96875,0.0
10,10,0.0,0.0,0.0,0.0,0.0,0.0,0.0,0.0,0.0,0.03125,0.96875,0.0
10,10,0.0,0.0,0.0,0.0,0.0,0.0,0.0,0.0,0.0,0.03125,0.96875,0.0
10,10,0.0,0.0,0.0,0.0,0.0,0.0,0.0,0.0,0.0,0.03125,0.96875,0.0
10,10,0.0,0.0,0.0,0.0,0.0,0.0,0.0,0.0,0.0,0.03125,0.96875,0.0
10,10,0.0,0.0,0.0,0.0,0.0,0.0,0.0,0.0,0.0,0.03125,0.96875,0.0
10,10,0.0,0.0,0.0,0.0,0.0,0.0,0.0,0.0,0.0,0.03125,0.96875,0.0
10,10,0.0,0.0,0.0,0.0,0.0,0.0,0.0,0.0,0.0,0.03125,0.96875,0.0
10,10,0.0,0.0,0.0,0.0,0.0,0.0,0.0,0.0,0.0,0.03125,0.96875,0.0
10,10,0.0,0.0,0.0,0.0,0.0,0.0,0.0,0.0,0.0,0.03125,0.96875,0.0
10,10,0.0,0.0,0.0,0.0,0.0,0.0,0.0,0.0,0.0,0.03125,0.96875,0.0
10,10,0.0,0.0,0.0,0.0,0.0,0.0,0.0,0.0,0.0,0.03125,0.96875,0.0
10,10,0.0,0.0,0.0,0.0,0.0,0.0,0.0,0.0,0.0,0.03125,0.96875,0.0
10,10,0.0,0.0,0.0,0.0,0.0,0.0,0.0,0.0,0.0,0.03125,0.96875,0.0
10,10,0.0,0.0,0.0,0.0,0.0,0.0,0.0,0.0,0.0,0.03125,0.96875,0.0
10,10,0.0,0.0,0.0,0.0,0.0,0.0,0.0,0.0,0.0,0.03125,0.96875,0.0
10,10,0.0,0.0,0.0,0.0,0.0,0.0,0.0,0.0,0.0,0.03125,0.96875,0.0
10,10,0.0,0.0,0.0,0.0,0.0,0.0,0.0,0.0,0.0,0.03125,0.96875,0.0
10,10,0.0,0.0,0.0,0.0,0.0,0.0,0.0,0.0,0.0,0.03125,0.96875,0.0
10,10,0.0,0.0,0.0,0.0,0.0,0.0,0.0,0.0,0.0,0.03125,0.96875,0.0
10,10,0.0,0.0,0.0,0.0,0.0,0.0,0.0,0.0,0.0,0.03125,0.96875,0.0
10,10,0.0,0.0,0.0,0.0,0.0,0.0,0.0,0.0,0.0,0.03125,0.96875,0.0
10,10,0.0,0.0,0.0,0.0,0.0,0.0,0.0,0.0,0.0,0.03125,0.96875,0.0
10,10,0.0,0.0,0.0,0.0,0.0,0.0,0.0,0.0,0.0,0.03125,0.96875,0.0
10,10,0.0,0.0,0.0,0.0,0.0,0.0,0.0,0.0,0.0,0.03125,0.96875,0.0
10,10,0.0,0.0,0.0,0.0,0.0,0.0,0.0,0.0,0.0,0.03125,0.96875,0.0
10,10,0.0,0.0,0.0,0.0,0.0,0.0,0.0,0.0,0.0,0.03125,0.96875,0.0
10,10,0.0,0.0,0.0,0.0,0.0,0.0,0.0,0.0,0.0,0.03125,0.96875,0.0
10,10,0.0,0.0,0.0,0.0,0.0,0.0,0.0,0.0,0.0,0.03125,0.96875,0.0
10,10,0.0,0.0,0.0,0.0,0.0,0.0,0.0,0.0,0.0,0.03125,0.96875,0.0
10,10,0.0,0.0,0.015625,0.0,0.0,0.0,0.0,0.0,0.0,0.03125,0.953125,0.0
10,10,0.0,0.0,0.015625,0.0,0.0,0.0,0.0,0.0,0.0,0.03125,0.953125,0.0
10,10,0.0,0.0,0.015625,0.0,0.0,0.0,0.0,0.0,0.0,0.03125,0.953125,0.0
10,10,0.0,0.0,0.015625,0.0,0.0,0.0,0.0,0.0,0.0,0.03125,0.953125,0.0
10,10,0.0,0.0,0.015625,0.0,0.0,0.0,0.0,0.0,0.0,0.03125,0.953125,0.0
10,10,0.0,0.0,0.015625,0.0,0.0,0.0,0.0,0.0,0.0,0.03125,0.953125,0.0
10,10,0.0,0.0,0.015625,0.0,0.0,0.0,0.0,0.0,0.0,0.03125,0.953125,0.0
10,10,0.0,0.0,0.015625,0.0,0.0,0.0,0.0,0.0,0.0,0.03125,0.953125,0.0
10,10,0.0,0.0,0.015625,0.0,0.0,0.0,0.0,0.0,0.0,0.03125,0.953125,0.0
10,10,0.0,0.0,0.015625,0.0,0.0,0.0,0.0,0.0,0.0,0.03125,0.953125,0.0
10,10,0.0,0.0,0.015625,0.0,0.0,0.0,0.0,0.0,0.0,0.03125,0.953125,0.0
10,10,0.0,0.0,0.015625,0.0,0.0,0.0,0.0,0.0,0.0,0.03125,0.953125,0.0
10,10,0.0,0.0,0.015625,0.0,0.0,0.0,0.0,0.0,0.0,0.03125,0.953125,0.0
10,10,0.0,0.0,0.015625,0.0,0.0,0.0,0.0,0.0,0.0,0.03125,0.953125,0.0
10,10,0.0,0.0,0.015625,0.0,0.0,0.0,0.0,0.0,0.0,0.03125,0.953125,0.0
10,10,0.0,0.0,0.015625,0.0,0.0,0.0,0.0,0.0,0.0,0.03125,0.953125,0.0
10,10,0.0,0.0,0.015625,0.0,0.0,0.0,0.0,0.0,0.0,0.03125,0.953125,0.0
10,10,0.0,0.0,0.015625,0.0,0.0,0.0,0.0,0.0,0.0,0.03125,0.953125,0.0
10,10,0.0,0.0,0.015625,0.0,0.0,0.0,0.0,0.0,0.0,0.03125,0.953125,0.0
10,10,0.0,0.0,0.015625,0.0,0.0,0.0,0.0,0.0,0.0,0.03125,0.953125,0.0
10,10,0.0,0.0,0.015625,0.0,0.0,0.0,0.0,0.0,0.0,0.03125,0.953125,0.0
10,10,0.0,0.0,0.015625,0.0,0.0,0.0,0.0,0.0,0.0,0.03125,0.953125,0.0
10,10,0.0,0.0,0.015625,0.0,0.0,0.0,0.0,0.0,0.0,0.03125,0.953125,0.0
10,10,0.0,0.0,0.015625,0.0,0.0,0.0,0.0,0.0,0.0,0.03125,0.953125,0.0
10,10,0.0,0.0,0.015625,0.0,0.0,0.0,0.0,0.0,0.0,0.03125,0.953125,0.0
10,10,0.0,0.0,0.015625,0.0,0.0,0.0,0.0,0.0,0.0,0.03125,0.953125,0.0
10,10,0.0,0.0,0.015625,0.0,0.0,0.0,0.0,0.0,0.0,0.03125,0.953125,0.0
10,10,0.0,0.0,0.015625,0.0,0.0,0.0,0.0,0.0,0.0,0.03125,0.953125,0.0
10,10,0.0,0.0,0.015625,0.0,0.0,0.0,0.0,0.0,0.0,0.03125,0.953125,0.0
10,10,0.0,0.0,0.015625,0.0,0.0,0.0,0.0,0.0,0.0,0.03125,0.953125,0.0
10,10,0.0,0.0,0.015625,0.0,0.0,0.0,0.0,0.0,0.0,0.03125,0.953125,0.0
10,10,0.0,0.0,0.015625,0.0,0.0,0.0,0.0,0.0,0.0,0.03125,0.953125,0.0
10,10,0.0,0.0,0.015625,0.0,0.0,0.0,0.0,0.0,0.0,0.03125,0.953125,0.0
10,10,0.0,0.0,0.015625,0.0,0.0,0.0,0.0,0.0,0.0,0.03125,0.953125,0.0
10,10,0.0,0.0,0.015625,0.0,0.0,0.0,0.0,0.0,0.0,0.03125,0.953125,0.0
10,10,0.0,0.0,0.015625,0.0,0.0,0.0,0.0,0.0,0.0,0.03125,0.953125,0.0
10,10,0.0,0.0,0.015625,0.0,0.0,0.0,0.0,0.0,0.0,0.03125,0.953125,0.0
10,10,0.0,0.0,0.015625,0.0,0.0,0.0,0.0,0.0,0.0,0.03125,0.953125,0.0
10,10,0.0,0.0,0.015625,0.0,0.0,0.0,0.0,0.0,0.0,0.03125,0.953125,0.0
10,10,0.0,0.0,0.015625,0.0,0.0,0.0,0.0,0.0,0.0,0.03125,0.953125,0.0
10,10,0.0,0.0,0.015625,0.0,0.0,0.0,0.0,0.0,0.0,0.03125,0.953125,0.0
10,10,0.0,0.0,0.015625,0.0,0.0,0.0,0.0,0.0,0.0,0.03125,0.953125,0.0
10,10,0.0,0.0,0.015625,0.0,0.0,0.0,0.0,0.0,0.0,0.03125,0.953125,0.0
10,10,0.0,0.0,0.015625,0.0,0.0,0.0,0.0,0.0,0.0,0.03125,0.953125,0.0
10,10,0.0,0.0,0.015625,0.0,0.0,0.0,0.0,0.0,0.0,0.03125,0.9375,0.015625
10,10,0.0,0.0,0.015625,0.0,0.0,0.0,0.0,0.0,0.0,0.03125,0.9375,0.015625
10,10,0.0,0.0,0.015625,0.0,0.0,0.0,0.0,0.0,0.0,0.03125,0.9375,0.015625
10,10,0.0,0.0,0.015625,0.0,0.0,0.0,0.0,0.0,0.0,0.03125,0.9375,0.015625
10,10,0.0,0.0,0.015625,0.0,0.0,0.0,0.0,0.0,0.0,0.03125,0.9375,0.015625
10,10,0.0,0.0,0.015625,0.0,0.0,0.0,0.0,0.0,0.0,0.03125,0.9375,0.015625
10,10,0.0,0.0,0.015625,0.0,0.0,0.0,0.0,0.0,0.0,0.03125,0.9375,0.015625
10,10,0.0,0.0,0.015625,0.0,0.0,0.0,0.0,0.0,0.0,0.03125,0.9375,0.015625
10,10,0.0,0.0,0.015625,0.0,0.0,0.0,0.0,0.0,0.0,0.03125,0.9375,0.015625
10,10,0.0,0.0,0.015625,0.0,0.0,0.0,0.0,0.0,0.0,0.03125,0.9375,0.015625
10,10,0.0,0.0,0.015625,0.0,0.0,0.0,0.0,0.0,0.0,0.03125,0.9375,0.015625
10,10,0.0,0.0,0.015625,0.0,0.0,0.0,0.0,0.0,0.0,0.03125,0.9375,0.015625
10,10,0.0,0.0,0.015625,0.0,0.0,0.0,0.0,0.0,0.0,0.03125,0.921875,0.03125
10,10,0.0,0.0,0.015625,0.0,0.0,0.0,0.0,0.0,0.0,0.03125,0.921875,0.03125
10,10,0.0,0.0,0.015625,0.0,0.0,0.0,0.0,0.0,0.0,0.03125,0.921875,0.03125
10,10,0.0,0.0,0.015625,0.0,0.0,0.0,0.0,0.0,0.0,0.03125,0.921875,0.03125
10,10,0.0,0.0,0.015625,0.0,0.0,0.0,0.0,0.0,0.0,0.03125,0.921875,0.03125
10,10,0.0,0.0,0.015625,0.0,0.0,0.0,0.0,0.0,0.0,0.03125,0.921875,0.03125
10,10,0.0,0.0,0.015625,0.0,0.0,0.0,0.0,0.0,0.0,0.03125,0.921875,0.03125
10,10,0.0,0.0,0.015625,0.0,0.0,0.0,0.0,0.0,0.0,0.03125,0.921875,0.03125
10,10,0.0,0.0,0.015625,0.0,0.0,0.0,0.0,0.0,0.0,0.03125,0.921875,0.03125
10,10,0.0,0.0,0.015625,0.0,0.0,0.0,0.0,0.0,0.0,0.03125,0.921875,0.03125
10,10,0.0,0.0,0.015625,0.0,0.0,0.0,0.0,0.0,0.0,0.03125,0.921875,0.03125
10,10,0.0,0.0,0.015625,0.0,0.0,0.0,0.0,0.0,0.0,0.03125,0.921875,0.03125
10,10,0.0,0.0,0.015625,0.0,0.0,0.0,0.0,0.0,0.0,0.03125,0.921875,0.03125
10,10,0.0,0.0,0.015625,0.0,0.0,0.0,0.0,0.0,0.0,0.03125,0.921875,0.03125
10,10,0.0,0.0,0.015625,0.0,0.0,0.0,0.0,0.0,0.0,0.03125,0.921875,0.03125
10,10,0.0,0.0,0.015625,0.0,0.0,0.0,0.0,0.0,0.0,0.03125,0.921875,0.03125
10,10,0.0,0.0,0.015625,0.0,0.0,0.0,0.0,0.0,0.0,0.03125,0.921875,0.03125
10,10,0.0,0.0,0.015625,0.0,0.0,0.0,0.0,0.0,0.0,0.03125,0.921875,0.03125
10,10,0.0,0.0,0.015625,0.0,0.0,0.0,0.0,0.0,0.0,0.03125,0.921875,0.03125
10,10,0.0,0.0,0.015625,0.0,0.0,0.0,0.0,0.0,0.0,0.03125,0.921875,0.03125
10,10,0.0,0.0,0.015625,0.0,0.0,0.0,0.0,0.0,0.0,0.03125,0.921875,0.03125
10,10,0.0,0.0,0.015625,0.0,0.0,0.0,0.0,0.0,0.0,0.03125,0.921875,0.03125
10,10,0.0,0.0,0.015625,0.0,0.0,0.0,0.0,0.0,0.0,0.03125,0.921875,0.03125
10,10,0.0,0.0,0.015625,0.0,0.0,0.0,0.0,0.0,0.0,0.03125,0.921875,0.03125
10,10,0.0,0.0,0.015625,0.0,0.0,0.0,0.0,0.0,0.0,0.03125,0.921875,0.03125
10,10,0.0,0.0,0.015625,0.0,0.0,0.0,0.0,0.0,0.0,0.03125,0.921875,0.03125
10,10,0.0,0.0,0.015625,0.0,0.0,0.0,0.0,0.0,0.0,0.03125,0.921875,0.03125
10,10,0.0,0.0,0.015625,0.0,0.0,0.0,0.0,0.0,0.0,0.03125,0.921875,0.03125
10,10,0.0,0.0,0.015625,0.0,0.0,0.0,0.0,0.0,0.0,0.03125,0.921875,0.03125
10,10,0.0,0.0,0.015625,0.0,0.0,0.0,0.0,0.0,0.0,0.03125,0.921875,0.03125
10,10,0.0,0.0,0.015625,0.0,0.0,0.0,0.0,0.0,0.015625,0.015625,0.921875,0.03125
10,10,0.0,0.0,0.015625,0.0,0.0,0.0,0.0,0.0,0.015625,0.015625,0.921875,0.03125
10,10,0.0,0.0,0.015625,0.0,0.0,0.0,0.0,0.0,0.015625,0.015625,0.921875,0.03125
10,10,0.0,0.0,0.015625,0.0,0.0,0.0,0.0,0.0,0.015625,0.015625,0.921875,0.03125
10,10,0.0,0.0,0.015625,0.0,0.0,0.0,0.0,0.0,0.015625,0.015625,0.921875,0.03125
10,10,0.0,0.0,0.015625,0.0,0.0,0.0,0.0,0.0,0.015625,0.015625,0.921875,0.03125
10,10,0.0,0.0,0.015625,0.0,0.0,0.0,0.0,0.0,0.015625,0.015625,0.921875,0.03125
10,10,0.0,0.0,0.015625,0.0,0.0,0.0,0.0,0.0,0.015625,0.015625,0.921875,0.03125
10,10,0.0,0.0,0.015625,0.0,0.0,0.0,0.0,0.0,0.015625,0.015625,0.921875,0.03125
10,10,0.0,0.0,0.015625,0.0,0.0,0.0,0.0,0.0,0.015625,0.015625,0.90625,0.046875
10,10,0.0,0.0,0.015625,0.0,0.0,0.0,0.0,0.0,0.015625,0.015625,0.90625,0.046875
10,10,0.0,0.0,0.015625,0.0,0.0,0.0,0.0,0.0,0.015625,0.015625,0.90625,0.046875
10,10,0.0,0.0,0.015625,0.0,0.0,0.0,0.0,0.0,0.015625,0.015625,0.90625,0.046875
10,10,0.0,0.0,0.015625,0.0,0.0,0.0,0.0,0.0,0.015625,0.015625,0.90625,0.046875
10,10,0.0,0.0,0.015625,0.0,0.0,0.0,0.0,0.0,0.015625,0.015625,0.90625,0.046875
10,10,0.0,0.0,0.015625,0.0,0.0,0.0,0.0,0.0,0.015625,0.015625,0.90625,0.046875
10,10,0.0,0.0,0.015625,0.0,0.0,0.0,0.0,0.0,0.015625,0.015625,0.90625,0.046875
10,10,0.0,0.0,0.015625,0.0,0.0,0.0,0.0,0.0,0.015625,0.015625,0.90625,0.046875
10,10,0.0,0.0,0.015625,0.0,0.0,0.0,0.0,0.0,0.015625,0.015625,0.90625,0.046875
10,10,0.0,0.0,0.015625,0.0,0.0,0.0,0.0,0.0,0.015625,0.015625,0.90625,0.046875
10,10,0.0,0.0,0.015625,0.0,0.0,0.0,0.0,0.0,0.015625,0.015625,0.90625,0.046875
10,10,0.0,0.0,0.015625,0.0,0.0,0.0,0.0,0.0,0.015625,0.015625,0.90625,0.046875
10,10,0.0,0.0,0.015625,0.0,0.0,0.0,0.0,0.0,0.0,0.03125,0.90625,0.046875
10,10,0.0,0.0,0.015625,0.0,0.0,0.0,0.0,0.0,0.0,0.03125,0.90625,0.046875
10,10,0.0,0.0,0.015625,0.0,0.0,0.0,0.0,0.0,0.0,0.03125,0.90625,0.046875
10,10,0.0,0.0,0.015625,0.0,0.0,0.0,0.0,0.0,0.0,0.03125,0.90625,0.046875
10,10,0.0,0.0,0.015625,0.0,0.0,0.0,0.0,0.0,0.0,0.03125,0.90625,0.046875
10,10,0.0,0.0,0.015625,0.0,0.0,0.0,0.0,0.0,0.0,0.03125,0.90625,0.046875
10,10,0.0,0.0,0.015625,0.0,0.0,0.0,0.0,0.0,0.0,0.03125,0.90625,0.046875
10,10,0.0,0.0,0.015625,0.0,0.0,0.0,0.0,0.0,0.0,0.03125,0.90625,0.046875
10,10,0.0,0.0,0.015625,0.0,0.0,0.0,0.0,0.0,0.0,0.03125,0.90625,0.046875
10,10,0.0,0.0,0.015625,0.0,0.0,0.0,0.0,0.0,0.0,0.03125,0.90625,0.046875
10,10,0.0,0.0,0.015625,0.0,0.0,0.0,0.0,0.0,0.0,0.03125,0.90625,0.046875
10,10,0.0,0.0,0.015625,0.0,0.0,0.0,0.0,0.0,0.0,0.03125,0.90625,0.046875
10,10,0.0,0.0,0.015625,0.0,0.0,0.0,0.0,0.0,0.0,0.03125,0.90625,0.046875
10,10,0.0,0.0,0.015625,0.0,0.0,0.0,0.0,0.0,0.0,0.03125,0.90625,0.046875
10,10,0.0,0.0,0.015625,0.0,0.0,0.0,0.0,0.0,0.0,0.03125,0.90625,0.046875
10,10,0.0,0.0,0.015625,0.0,0.0,0.0,0.0,0.0,0.0,0.03125,0.90625,0.046875
10,10,0.0,0.0,0.015625,0.0,0.0,0.0,0.0,0.0,0.0,0.03125,0.90625,0.046875
10,10,0.0,0.0,0.015625,0.0,0.0,0.0,0.0,0.0,0.0,0.03125,0.90625,0.046875
10,10,0.0,0.0,0.015625,0.0,0.0,0.0,0.0,0.0,0.0,0.03125,0.90625,0.046875
10,10,0.0,0.0,0.015625,0.0,0.0,0.0,0.0,0.0,0.0,0.03125,0.90625,0.046875
10,10,0.0,0.0,0.015625,0.0,0.0,0.0,0.0,0.0,0.0,0.03125,0.90625,0.046875
10,10,0.0,0.0,0.015625,0.0,0.0,0.0,0.0,0.0,0.0,0.03125,0.90625,0.046875
10,10,0.0,0.0,0.015625,0.0,0.0,0.0,0.0,0.0,0.0,0.03125,0.90625,0.046875
10,10,0.0,0.0,0.015625,0.0,0.0,0.0,0.0,0.0,0.0,0.03125,0.90625,0.046875
10,10,0.0,0.0,0.015625,0.0,0.0,0.0,0.0,0.0,0.0,0.03125,0.90625,0.046875
10,10,0.0,0.0,0.015625,0.0,0.0,0.0,0.0,0.0,0.0,0.03125,0.90625,0.046875
10,10,0.0,0.0,0.015625,0.0,0.0,0.0,0.0,0.0,0.0,0.03125,0.90625,0.046875
10,10,0.0,0.0,0.015625,0.0,0.0,0.0,0.0,0.0,0.0,0.03125,0.90625,0.046875
10,10,0.0,0.0,0.015625,0.0,0.0,0.0,0.0,0.0,0.0,0.03125,0.90625,0.046875
10,10,0.0,0.0,0.015625,0.0,0.0,0.0,0.0,0.0,0.0,0.03125,0.90625,0.046875
10,10,0.0,0.0,0.015625,0.0,0.0,0.0,0.0,0.0,0.0,0.03125,0.90625,0.046875
10,10,0.0,0.0,0.015625,0.0,0.0,0.0,0.0,0.0,0.0,0.03125,0.90625,0.046875
10,10,0.0,0.0,0.015625,0.0,0.0,0.0,0.0,0.0,0.0,0.03125,0.90625,0.046875
10,10,0.0,0.0,0.015625,0.0,0.0,0.0,0.0,0.0,0.0,0.03125,0.90625,0.046875
10,10,0.0,0.0,0.015625,0.0,0.0,0.0,0.0,0.0,0.0,0.03125,0.90625,0.046875
10,10,0.0,0.0,0.015625,0.0,0.0,0.0,0.0,0.0,0.0,0.03125,0.90625,0.046875
10,10,0.0,0.0,0.015625,0.0,0.0,0.0,0.0,0.0,0.0,0.03125,0.90625,0.046875
10,10,0.0,0.0,0.015625,0.0,0.0,0.0,0.0,0.0,0.0,0.03125,0.90625,0.046875
10,10,0.0,0.0,0.015625,0.0,0.0,0.0,0.0,0.0,0.0,0.03125,0.90625,0.046875
10,10,0.0,0.0,0.015625,0.0,0.0,0.0,0.0,0.0,0.0,0.03125,0.90625,0.046875
10,10,0.0,0.0,0.015625,0.0,0.0,0.0,0.0,0.0,0.0,0.03125,0.90625,0.046875
10,10,0.0,0.0,0.015625,0.0,0.0,0.0,0.0,0.0,0.0,0.03125,0.90625,0.046875
10,10,0.0,0.0,0.015625,0.0,0.0,0.0,0.0,0.0,0.0,0.03125,0.90625,0.046875
10,10,0.0,0.0,0.015625,0.0,0.0,0.0,0.0,0.0,0.0,0.03125,0.90625,0.046875
10,10,0.0,0.0,0.015625,0.0,0.0,0.0,0.0,0.0,0.015625,0.015625,0.90625,0.046875
10,10,0.0,0.0,0.015625,0.0,0.0,0.0,0.0,0.0,0.015625,0.015625,0.90625,0.046875
10,10,0.0,0.0,0.015625,0.0,0.0,0.0,0.0,0.0,0.015625,0.015625,0.90625,0.046875
10,10,0.0,0.0,0.015625,0.0,0.0,0.0,0.0,0.0,0.015625,0.015625,0.90625,0.046875
10,10,0.0,0.0,0.015625,0.0,0.0,0.0,0.0,0.0,0.015625,0.015625,0.90625,0.046875
10,10,0.0,0.0,0.015625,0.0,0.0,0.0,0.0,0.0,0.015625,0.015625,0.90625,0.046875
10,10,0.0,0.0,0.015625,0.0,0.0,0.0,0.0,0.0,0.015625,0.015625,0.90625,0.046875
10,10,0.0,0.0,0.015625,0.0,0.0,0.0,0.0,0.0,0.015625,0.015625,0.90625,0.046875
10,10,0.0,0.0,0.015625,0.0,0.0,0.0,0.0,0.0,0.015625,0.015625,0.90625,0.046875
10,10,0.0,0.0,0.015625,0.0,0.0,0.0,0.0,0.0,0.015625,0.015625,0.90625,0.046875
10,10,0.0,0.0,0.015625,0.0,0.0,0.0,0.0,0.0,0.015625,0.015625,0.90625,0.046875
10,10,0.0,0.0,0.015625,0.0,0.0,0.0,0.0,0.0,0.015625,0.015625,0.90625,0.046875
10,10,0.0,0.0,0.015625,0.0,0.0,0.0,0.0,0.0,0.015625,0.015625,0.90625,0.046875
10,10,0.0,0.0,0.015625,0.0,0.0,0.0,0.0,0.0,0.015625,0.015625,0.90625,0.046875
10,10,0.0,0.0,0.015625,0.0,0.0,0.0,0.0,0.0,0.015625,0.015625,0.90625,0.046875
10,10,0.0,0.0,0.015625,0.0,0.0,0.0,0.0,0.0,0.015625,0.015625,0.90625,0.046875
10,10,0.0,0.0,0.015625,0.0,0.0,0.0,0.0,0.0,0.015625,0.015625,0.90625,0.046875
10,10,0.0,0.0,0.015625,0.0,0.0,0.0,0.0,0.0,0.015625,0.015625,0.90625,0.046875
10,10,0.0,0.0,0.015625,0.0,0.0,0.0,0.0,0.0,0.015625,0.015625,0.90625,0.046875
10,10,0.0,0.0,0.015625,0.0,0.0,0.0,0.0,0.0,0.015625,0.015625,0.90625,0.046875
10,10,0.0,0.0,0.015625,0.0,0.0,0.0,0.0,0.0,0.015625,0.015625,0.90625,0.046875
10,10,0.0,0.0,0.015625,0.0,0.0,0.0,0.0,0.0,0.015625,0.015625,0.90625,0.046875
10,10,0.0,0.0,0.015625,0.0,0.0,0.0,0.0,0.0,0.0,0.03125,0.90625,0.046875
10,10,0.0,0.0,0.015625,0.0,0.0,0.0,0.0,0.0,0.0,0.03125,0.90625,0.046875
10,10,0.0,0.0,0.015625,0.0,0.0,0.0,0.0,0.0,0.0,0.03125,0.90625,0.046875
10,10,0.0,0.0,0.015625,0.0,0.0,0.0,0.0,0.0,0.0,0.03125,0.90625,0.046875
10,10,0.0,0.0,0.015625,0.0,0.0,0.0,0.0,0.0,0.0,0.03125,0.90625,0.046875
10,10,0.0,0.0,0.015625,0.0,0.0,0.0,0.0,0.0,0.0,0.03125,0.90625,0.046875
10,10,0.0,0.0,0.015625,0.0,0.0,0.0,0.0,0.0,0.0,0.03125,0.90625,0.046875
10,10,0.0,0.0,0.015625,0.0,0.0,0.0,0.0,0.0,0.0,0.03125,0.90625,0.046875
10,10,0.0,0.0,0.015625,0.0,0.0,0.0,0.0,0.0,0.0,0.03125,0.90625,0.046875
10,10,0.0,0.0,0.015625,0.0,0.0,0.0,0.0,0.0,0.0,0.03125,0.90625,0.046875
10,10,0.0,0.0,0.015625,0.0,0.0,0.0,0.0,0.0,0.0,0.03125,0.890625,0.0625
10,10,0.0,0.0,0.015625,0.0,0.0,0.0,0.0,0.0,0.0,0.03125,0.890625,0.0625
10,10,0.0,0.0,0.015625,0.0,0.0,0.0,0.0,0.0,0.0,0.03125,0.890625,0.0625
10,10,0.0,0.0,0.015625,0.0,0.0,0.0,0.0,0.0,0.0,0.03125,0.890625,0.0625
10,10,0.0,0.0,0.015625,0.0,0.0,0.0,0.0,0.0,0.0,0.03125,0.890625,0.0625
10,10,0.0,0.0,0.015625,0.0,0.0,0.0,0.0,0.0,0.0,0.03125,0.890625,0.0625
10,10,0.0,0.0,0.015625,0.0,0.0,0.0,0.0,0.0,0.0,0.03125,0.890625,0.0625
10,10,0.0,0.0,0.015625,0.0,0.0,0.0,0.0,0.0,0.0,0.03125,0.890625,0.0625
10,10,0.0,0.0,0.015625,0.0,0.0,0.0,0.0,0.0,0.0,0.03125,0.890625,0.0625
10,10,0.0,0.0,0.015625,0.0,0.0,0.0,0.0,0.0,0.0,0.03125,0.890625,0.0625
10,10,0.0,0.0,0.015625,0.0,0.0,0.0,0.0,0.0,0.0,0.03125,0.890625,0.0625
10,10,0.0,0.0,0.015625,0.0,0.0,0.0,0.0,0.0,0.0,0.03125,0.890625,0.0625
10,10,0.0,0.0,0.015625,0.0,0.0,0.0,0.0,0.0,0.0,0.03125,0.890625,0.0625
10,10,0.0,0.0,0.015625,0.0,0.0,0.0,0.0,0.0,0.0,0.03125,0.890625,0.0625
10,10,0.0,0.0,0.015625,0.0,0.0,0.0,0.0,0.0,0.0,0.03125,0.90625,0.046875
10,10,0.0,0.0,0.015625,0.0,0.0,0.0,0.0,0.0,0.0,0.03125,0.90625,0.046875
10,10,0.0,0.0,0.015625,0.0,0.0,0.0,0.0,0.0,0.0,0.03125,0.90625,0.046875
10,10,0.0,0.0,0.015625,0.0,0.0,0.0,0.0,0.0,0.0,0.03125,0.90625,0.046875
10,10,0.0,0.0,0.015625,0.0,0.0,0.0,0.0,0.0,0.0,0.03125,0.90625,0.046875
10,10,0.0,0.0,0.015625,0.0,0.0,0.0,0.0,0.0,0.0,0.03125,0.90625,0.046875
10,10,0.0,0.0,0.015625,0.0,0.0,0.0,0.0,0.0,0.0,0.03125,0.90625,0.046875
10,10,0.0,0.0,0.015625,0.0,0.0,0.0,0.0,0.0,0.0,0.03125,0.90625,0.046875
10,10,0.0,0.0,0.015625,0.0,0.0,0.0,0.0,0.0,0.0,0.03125,0.90625,0.046875
10,10,0.0,0.0,0.015625,0.0,0.0,0.0,0.0,0.0,0.0,0.03125,0.90625,0.046875
10,10,0.0,0.0,0.015625,0.0,0.0,0.0,0.0,0.0,0.0,0.03125,0.90625,0.046875
10,10,0.0,0.0,0.015625,0.0,0.0,0.0,0.0,0.0,0.0,0.03125,0.90625,0.046875
10,10,0.0,0.0,0.015625,0.0,0.0,0.0,0.0,0.0,0.0,0.03125,0.90625,0.046875
10,10,0.0,0.0,0.015625,0.0,0.0,0.0,0.0,0.0,0.0,0.03125,0.90625,0.046875
10,10,0.0,0.0,0.015625,0.0,0.0,0.0,0.0,0.0,0.0,0.03125,0.90625,0.046875
10,10,0.0,0.0,0.015625,0.0,0.0,0.0,0.0,0.0,0.0,0.03125,0.90625,0.046875
10,10,0.0,0.0,0.015625,0.0,0.0,0.0,0.0,0.0,0.0,0.03125,0.90625,0.046875
10,10,0.0,0.0,0.015625,0.0,0.0,0.0,0.0,0.0,0.0,0.03125,0.90625,0.046875
10,10,0.0,0.0,0.015625,0.0,0.0,0.0,0.0,0.0,0.0,0.03125,0.90625,0.046875
10,10,0.0,0.0,0.015625,0.0,0.0,0.0,0.0,0.0,0.0,0.03125,0.90625,0.046875
10,10,0.0,0.0,0.015625,0.0,0.0,0.0,0.0,0.0,0.0,0.03125,0.90625,0.046875
10,10,0.0,0.0,0.015625,0.0,0.0,0.0,0.0,0.0,0.0,0.03125,0.921875,0.03125
10,10,0.0,0.0,0.015625,0.0,0.0,0.0,0.0,0.0,0.0,0.03125,0.921875,0.03125
10,10,0.0,0.0,0.015625,0.0,0.0,0.0,0.0,0.0,0.0,0.03125,0.921875,0.03125
10,10,0.0,0.0,0.015625,0.0,0.0,0.0,0.0,0.0,0.0,0.03125,0.921875,0.03125
10,10,0.0,0.0,0.015625,0.0,0.0,0.0,0.0,0.0,0.0,0.03125,0.921875,0.03125
10,10,0.0,0.0,0.015625,0.0,0.0,0.0,0.0,0.0,0.0,0.03125,0.921875,0.03125
10,10,0.0,0.0,0.015625,0.0,0.0,0.0,0.0,0.0,0.0,0.03125,0.921875,0.03125
10,10,0.0,0.0,0.015625,0.0,0.0,0.0,0.0,0.0,0.0,0.03125,0.90625,0.046875
10,10,0.0,0.0,0.015625,0.0,0.0,0.0,0.0,0.0,0.0,0.03125,0.90625,0.046875
10,10,0.0,0.0,0.015625,0.0,0.0,0.0,0.0,0.0,0.0,0.03125,0.90625,0.046875
10,10,0.0,0.0,0.015625,0.0,0.0,0.0,0.0,0.0,0.0,0.03125,0.90625,0.046875
10,10,0.0,0.0,0.015625,0.0,0.0,0.0,0.0,0.0,0.0,0.03125,0.90625,0.046875
10,10,0.0,0.0,0.015625,0.0,0.0,0.0,0.0,0.0,0.0,0.03125,0.90625,0.046875
10,10,0.0,0.0,0.015625,0.0,0.0,0.0,0.0,0.0,0.0,0.03125,0.90625,0.046875
10,10,0.0,0.0,0.015625,0.0,0.0,0.0,0.0,0.0,0.0,0.03125,0.90625,0.046875
10,10,0.0,0.0,0.015625,0.0,0.0,0.0,0.0,0.0,0.0,0.03125,0.90625,0.046875
10,10,0.0,0.0,0.015625,0.0,0.0,0.0,0.0,0.0,0.0,0.03125,0.90625,0.046875
10,10,0.0,0.0,0.015625,0.0,0.0,0.0,0.0,0.0,0.0,0.03125,0.90625,0.046875
10,10,0.0,0.0,0.015625,0.0,0.0,0.0,0.0,0.0,0.0,0.03125,0.90625,0.046875
10,10,0.0,0.0,0.015625,0.0,0.0,0.0,0.0,0.0,0.0,0.03125,0.90625,0.046875
10,10,0.0,0.0,0.015625,0.0,0.0,0.0,0.0,0.0,0.0,0.03125,0.90625,0.046875
10,10,0.0,0.0,0.015625,0.0,0.0,0.0,0.0,0.0,0.0,0.03125,0.921875,0.03125
10,10,0.0,0.0,0.015625,0.0,0.0,0.0,0.0,0.0,0.0,0.03125,0.921875,0.03125
10,10,0.0,0.0,0.015625,0.0,0.0,0.0,0.0,0.0,0.0,0.03125,0.921875,0.03125
10,10,0.0,0.0,0.015625,0.0,0.0,0.0,0.0,0.0,0.0,0.03125,0.921875,0.03125
10,10,0.0,0.0,0.015625,0.0,0.0,0.0,0.0,0.0,0.0,0.03125,0.921875,0.03125
10,10,0.0,0.0,0.015625,0.0,0.0,0.0,0.0,0.0,0.0,0.03125,0.921875,0.03125
10,10,0.0,0.0,0.015625,0.0,0.0,0.0,0.0,0.0,0.0,0.03125,0.921875,0.03125
10,10,0.0,0.0,0.015625,0.0,0.0,0.0,0.0,0.0,0.0,0.03125,0.921875,0.03125
10,10,0.0,0.0,0.015625,0.0,0.0,0.0,0.0,0.0,0.0,0.03125,0.921875,0.03125
10,10,0.0,0.0,0.015625,0.0,0.0,0.0,0.0,0.0,0.0,0.03125,0.921875,0.03125
10,10,0.0,0.0,0.015625,0.0,0.0,0.0,0.0,0.0,0.0,0.03125,0.921875,0.03125
10,10,0.0,0.0,0.015625,0.0,0.0,0.0,0.0,0.0,0.0,0.03125,0.921875,0.03125
10,10,0.0,0.0,0.015625,0.0,0.0,0.0,0.0,0.0,0.0,0.03125,0.921875,0.03125
10,10,0.0,0.0,0.015625,0.0,0.0,0.0,0.0,0.0,0.0,0.03125,0.921875,0.03125
10,10,0.0,0.0,0.015625,0.0,0.0,0.0,0.0,0.0,0.0,0.03125,0.921875,0.03125
10,10,0.0,0.0,0.015625,0.0,0.0,0.0,0.0,0.0,0.0,0.03125,0.921875,0.03125
10,10,0.0,0.0,0.015625,0.0,0.0,0.0,0.0,0.0,0.0,0.03125,0.921875,0.03125
10,10,0.0,0.0,0.015625,0.0,0.0,0.0,0.0,0.0,0.0,0.03125,0.921875,0.03125
10,10,0.0,0.0,0.015625,0.0,0.0,0.0,0.0,0.0,0.0,0.03125,0.921875,0.03125
10,10,0.0,0.0,0.015625,0.0,0.0,0.0,0.0,0.0,0.0,0.03125,0.921875,0.03125
10,10,0.0,0.0,0.015625,0.0,0.0,0.0,0.0,0.0,0.0,0.03125,0.921875,0.03125
10,10,0.0,0.0,0.015625,0.0,0.0,0.0,0.0,0.0,0.0,0.03125,0.921875,0.03125
10,10,0.0,0.0,0.015625,0.0,0.0,0.0,0.0,0.0,0.0,0.03125,0.921875,0.03125
10,10,0.0,0.0,0.015625,0.0,0.0,0.0,0.0,0.0,0.0,0.03125,0.921875,0.03125
10,10,0.0,0.0,0.015625,0.0,0.0,0.0,0.0,0.0,0.0,0.03125,0.921875,0.03125
10,10,0.0,0.0,0.015625,0.0,0.0,0.0,0.0,0.0,0.0,0.03125,0.921875,0.03125
10,10,0.0,0.0,0.015625,0.0,0.0,0.0,0.0,0.0,0.0,0.03125,0.921875,0.03125
10,10,0.0,0.0,0.015625,0.0,0.0,0.0,0.0,0.0,0.0,0.03125,0.921875,0.03125
10,10,0.0,0.0,0.015625,0.0,0.0,0.0,0.0,0.0,0.0,0.03125,0.921875,0.03125
10,10,0.0,0.0,0.015625,0.0,0.0,0.0,0.0,0.0,0.0,0.03125,0.921875,0.03125
10,10,0.0,0.0,0.015625,0.0,0.0,0.0,0.0,0.0,0.0,0.03125,0.921875,0.03125
10,10,0.0,0.0,0.015625,0.0,0.0,0.0,0.0,0.0,0.0,0.03125,0.921875,0.03125
10,10,0.0,0.0,0.015625,0.0,0.0,0.0,0.0,0.0,0.0,0.03125,0.921875,0.03125
10,10,0.0,0.0,0.015625,0.0,0.0,0.0,0.0,0.0,0.0,0.03125,0.921875,0.03125
10,10,0.0,0.0,0.015625,0.0,0.0,0.0,0.0,0.0,0.0,0.03125,0.921875,0.03125
10,10,0.0,0.0,0.015625,0.0,0.0,0.0,0.0,0.0,0.0,0.03125,0.921875,0.03125
10,10,0.0,0.0,0.015625,0.0,0.0,0.0,0.0,0.0,0.0,0.03125,0.921875,0.03125
10,10,0.0,0.0,0.015625,0.0,0.0,0.0,0.0,0.0,0.0,0.03125,0.921875,0.03125
10,10,0.0,0.0,0.015625,0.0,0.0,0.0,0.0,0.0,0.0,0.03125,0.921875,0.03125
10,10,0.0,0.0,0.015625,0.0,0.0,0.0,0.0,0.0,0.0,0.03125,0.921875,0.03125
10,10,0.0,0.0,0.015625,0.0,0.0,0.0,0.0,0.0,0.0,0.03125,0.921875,0.03125
10,10,0.0,0.0,0.015625,0.0,0.0,0.0,0.0,0.0,0.0,0.03125,0.921875,0.03125
10,10,0.0,0.0,0.015625,0.0,0.0,0.0,0.0,0.0,0.0,0.03125,0.921875,0.03125
10,10,0.0,0.0,0.015625,0.0,0.0,0.0,0.0,0.0,0.0,0.03125,0.921875,0.03125
10,10,0.0,0.0,0.015625,0.0,0.0,0.0,0.0,0.0,0.0,0.03125,0.921875,0.03125
10,10,0.0,0.0,0.015625,0.0,0.0,0.0,0.0,0.0,0.0,0.03125,0.921875,0.03125
10,10,0.0,0.0,0.015625,0.0,0.0,0.0,0.0,0.0,0.0,0.03125,0.921875,0.03125
10,10,0.0,0.0,0.015625,0.0,0.0,0.0,0.0,0.0,0.0,0.03125,0.921875,0.03125
10,10,0.0,0.0,0.015625,0.0,0.0,0.0,0.0,0.0,0.0,0.03125,0.921875,0.03125
10,10,0.0,0.0,0.015625,0.0,0.0,0.0,0.0,0.0,0.0,0.03125,0.921875,0.03125
10,10,0.0,0.0,0.015625,0.0,0.0,0.0,0.0,0.0,0.0,0.03125,0.921875,0.03125
10,10,0.0,0.0,0.015625,0.0,0.0,0.0,0.0,0.0,0.0,0.03125,0.921875,0.03125
10,10,0.0,0.0,0.015625,0.0,0.0,0.0,0.0,0.0,0.0,0.03125,0.921875,0.03125
10,10,0.0,0.0,0.015625,0.0,0.0,0.0,0.0,0.0,0.0,0.03125,0.921875,0.03125
10,10,0.0,0.0,0.015625,0.0,0.0,0.0,0.0,0.0,0.0,0.03125,0.921875,0.03125
10,10,0.0,0.0,0.015625,0.0,0.0,0.0,0.0,0.0,0.0,0.03125,0.921875,0.03125
10,10,0.0,0.0,0.015625,0.0,0.0,0.0,0.0,0.0,0.0,0.03125,0.921875,0.03125
10,10,0.0,0.0,0.015625,0.0,0.0,0.0,0.0,0.0,0.0,0.03125,0.921875,0.03125
10,10,0.0,0.0,0.015625,0.0,0.0,0.0,0.0,0.0,0.0,0.03125,0.921875,0.03125
10,10,0.0,0.0,0.015625,0.0,0.0,0.0,0.0,0.0,0.0,0.03125,0.921875,0.03125
10,10,0.0,0.0,0.015625,0.0,0.0,0.0,0.0,0.0,0.0,0.03125,0.921875,0.03125
10,10,0.0,0.0,0.015625,0.0,0.0,0.0,0.0,0.0,0.0,0.03125,0.921875,0.03125
10,10,0.0,0.0,0.015625,0.0,0.0,0.0,0.0,0.0,0.0,0.03125,0.921875,0.03125
10,10,0.0,0.0,0.015625,0.0,0.0,0.0,0.0,0.0,0.0,0.03125,0.921875,0.03125
10,10,0.0,0.0,0.015625,0.0,0.0,0.0,0.0,0.0,0.0,0.03125,0.921875,0.03125
10,10,0.0,0.0,0.015625,0.0,0.0,0.0,0.0,0.0,0.0,0.03125,0.921875,0.03125
10,10,0.0,0.0,0.015625,0.0,0.0,0.0,0.0,0.0,0.0,0.03125,0.921875,0.03125
10,10,0.0,0.0,0.015625,0.0,0.0,0.0,0.0,0.0,0.0,0.03125,0.921875,0.03125
10,10,0.0,0.0,0.015625,0.0,0.0,0.0,0.0,0.0,0.0,0.03125,0.921875,0.03125
10,10,0.0,0.0,0.015625,0.0,0.0,0.0,0.0,0.0,0.0,0.03125,0.921875,0.03125
10,10,0.0,0.0,0.015625,0.0,0.0,0.0,0.0,0.0,0.0,0.03125,0.921875,0.03125
10,10,0.0,0.0,0.015625,0.0,0.0,0.0,0.0,0.0,0.0,0.03125,0.921875,0.03125
10,10,0.0,0.0,0.0,0.0,0.0,0.0,0.0,0.0,0.0,0.03125,0.9375,0.03125
10,10,0.0,0.0,0.0,0.0,0.0,0.0,0.0,0.0,0.0,0.03125,0.9375,0.03125
10,10,0.0,0.0,0.0,0.0,0.0,0.0,0.0,0.0,0.0,0.03125,0.9375,0.03125
10,10,0.0,0.0,0.0,0.0,0.0,0.0,0.0,0.0,0.0,0.03125,0.9375,0.03125
10,10,0.0,0.0,0.0,0.0,0.0,0.0,0.0,0.0,0.0,0.03125,0.9375,0.03125
10,10,0.0,0.0,0.0,0.0,0.0,0.0,0.0,0.0,0.0,0.03125,0.9375,0.03125
10,10,0.0,0.0,0.0,0.0,0.0,0.0,0.0,0.0,0.0,0.03125,0.9375,0.03125
10,10,0.0,0.0,0.0,0.0,0.0,0.0,0.0,0.0,0.0,0.03125,0.9375,0.03125
10,10,0.0,0.0,0.0,0.0,0.0,0.0,0.0,0.0,0.0,0.03125,0.9375,0.03125
10,10,0.0,0.0,0.0,0.0,0.0,0.0,0.0,0.0,0.0,0.03125,0.9375,0.03125
10,10,0.0,0.0,0.0,0.0,0.0,0.0,0.0,0.0,0.0,0.03125,0.9375,0.03125
10,10,0.0,0.0,0.0,0.0,0.0,0.0,0.0,0.0,0.0,0.03125,0.9375,0.03125
10,10,0.0,0.0,0.0,0.0,0.0,0.0,0.0,0.0,0.0,0.03125,0.9375,0.03125
10,10,0.0,0.0,0.0,0.0,0.0,0.0,0.0,0.0,0.0,0.03125,0.9375,0.03125
10,10,0.0,0.0,0.0,0.0,0.0,0.0,0.0,0.0,0.0,0.03125,0.9375,0.03125
10,10,0.0,0.0,0.0,0.0,0.0,0.0,0.0,0.0,0.0,0.03125,0.9375,0.03125
10,10,0.0,0.0,0.0,0.0,0.0,0.0,0.0,0.0,0.0,0.03125,0.9375,0.03125
10,10,0.0,0.0,0.0,0.0,0.0,0.0,0.0,0.0,0.0,0.03125,0.9375,0.03125
10,10,0.0,0.0,0.0,0.0,0.0,0.0,0.0,0.0,0.0,0.03125,0.9375,0.03125
10,10,0.0,0.0,0.0,0.0,0.0,0.0,0.0,0.0,0.0,0.03125,0.9375,0.03125
10,10,0.0,0.0,0.0,0.0,0.0,0.0,0.0,0.0,0.0,0.03125,0.9375,0.03125
10,10,0.0,0.0,0.0,0.0,0.0,0.0,0.0,0.0,0.0,0.03125,0.9375,0.03125
10,10,0.0,0.0,0.0,0.0,0.0,0.0,0.0,0.0,0.0,0.03125,0.9375,0.03125
10,10,0.0,0.0,0.0,0.0,0.0,0.0,0.0,0.0,0.0,0.03125,0.9375,0.03125
10,10,0.0,0.0,0.0,0.0,0.0,0.0,0.0,0.0,0.0,0.03125,0.9375,0.03125
10,10,0.0,0.0,0.0,0.0,0.0,0.0,0.0,0.0,0.0,0.03125,0.9375,0.03125
10,10,0.0,0.0,0.0,0.0,0.0,0.0,0.0,0.0,0.0,0.03125,0.9375,0.03125
10,10,0.0,0.0,0.0,0.0,0.0,0.0,0.0,0.0,0.0,0.03125,0.9375,0.03125
10,10,0.0,0.0,0.0,0.0,0.0,0.0,0.0,0.0,0.0,0.03125,0.9375,0.03125
10,10,0.0,0.0,0.0,0.0,0.0,0.0,0.0,0.0,0.0,0.03125,0.9375,0.03125
10,10,0.0,0.0,0.0,0.0,0.0,0.0,0.0,0.0,0.0,0.03125,0.9375,0.03125
10,10,0.0,0.0,0.0,0.0,0.0,0.0,0.0,0.0,0.0,0.03125,0.9375,0.03125
10,10,0.0,0.0,0.0,0.0,0.0,0.0,0.0,0.0,0.0,0.03125,0.953125,0.015625
10,10,0.0,0.0,0.0,0.0,0.0,0.0,0.0,0.0,0.0,0.03125,0.953125,0.015625
10,10,0.0,0.0,0.0,0.0,0.0,0.0,0.0,0.0,0.0,0.03125,0.953125,0.015625
10,10,0.0,0.0,0.0,0.0,0.0,0.0,0.0,0.0,0.0,0.03125,0.953125,0.015625
10,10,0.0,0.0,0.0,0.0,0.0,0.0,0.0,0.0,0.0,0.03125,0.953125,0.015625
10,10,0.0,0.0,0.0,0.0,0.0,0.0,0.0,0.0,0.0,0.03125,0.953125,0.015625
10,10,0.0,0.0,0.0,0.0,0.0,0.0,0.0,0.0,0.0,0.03125,0.953125,0.015625
10,10,0.0,0.0,0.0,0.0,0.0,0.0,0.0,0.0,0.0,0.03125,0.953125,0.015625
10,10,0.0,0.0,0.0,0.0,0.0,0.0,0.0,0.0,0.0,0.03125,0.953125,0.015625
10,10,0.0,0.0,0.0,0.0,0.0,0.0,0.0,0.0,0.0,0.03125,0.953125,0.015625
10,10,0.0,0.0,0.0,0.0,0.0,0.0,0.0,0.0,0.0,0.03125,0.953125,0.015625
10,10,0.0,0.0,0.0,0.0,0.0,0.0,0.0,0.0,0.0,0.03125,0.953125,0.015625
10,10,0.0,0.0,0.0,0.0,0.0,0.0,0.0,0.0,0.0,0.03125,0.953125,0.015625
10,10,0.0,0.0,0.0,0.0,0.0,0.0,0.0,0.0,0.0,0.03125,0.953125,0.015625
10,10,0.0,0.0,0.0,0.0,0.0,0.0,0.0,0.0,0.0,0.03125,0.953125,0.015625
10,10,0.0,0.0,0.0,0.0,0.0,0.0,0.0,0.0,0.0,0.03125,0.953125,0.015625
10,10,0.0,0.0,0.0,0.0,0.0,0.0,0.0,0.0,0.0,0.03125,0.953125,0.015625
10,10,0.0,0.0,0.0,0.0,0.0,0.0,0.0,0.0,0.0,0.03125,0.953125,0.015625
10,10,0.0,0.0,0.0,0.0,0.0,0.0,0.0,0.0,0.0,0.03125,0.953125,0.015625
10,10,0.0,0.0,0.0,0.0,0.0,0.0,0.0,0.0,0.0,0.03125,0.953125,0.015625
10,10,0.0,0.0,0.0,0.0,0.0,0.0,0.0,0.0,0.0,0.03125,0.953125,0.015625
10,10,0.0,0.0,0.0,0.0,0.0,0.0,0.0,0.0,0.0,0.03125,0.953125,0.015625
10,10,0.0,0.0,0.0,0.0,0.0,0.0,0.0,0.0,0.0,0.03125,0.953125,0.015625
10,10,0.0,0.0,0.0,0.0,0.0,0.0,0.0,0.0,0.0,0.03125,0.953125,0.015625
10,10,0.0,0.0,0.0,0.0,0.0,0.0,0.0,0.0,0.0,0.03125,0.953125,0.015625
10,10,0.0,0.0,0.0,0.0,0.0,0.0,0.0,0.0,0.0,0.03125,0.953125,0.015625
10,10,0.0,0.0,0.0,0.0,0.0,0.0,0.0,0.0,0.0,0.03125,0.953125,0.015625
10,10,0.0,0.0,0.0,0.0,0.0,0.0,0.0,0.0,0.0,0.03125,0.953125,0.015625
10,10,0.0,0.0,0.0,0.0,0.0,0.0,0.0,0.0,0.0,0.03125,0.953125,0.015625
10,10,0.0,0.0,0.0,0.0,0.0,0.0,0.0,0.0,0.0,0.03125,0.953125,0.015625
10,10,0.0,0.0,0.0,0.0,0.0,0.0,0.0,0.0,0.0,0.03125,0.953125,0.015625
10,10,0.0,0.0,0.0,0.0,0.0,0.0,0.0,0.0,0.0,0.03125,0.953125,0.015625
10,10,0.0,0.0,0.0,0.0,0.0,0.0,0.0,0.0,0.0,0.03125,0.953125,0.015625
10,10,0.0,0.0,0.0,0.0,0.0,0.0,0.0,0.0,0.0,0.03125,0.953125,0.015625
10,10,0.0,0.0,0.0,0.0,0.0,0.0,0.0,0.0,0.0,0.03125,0.953125,0.015625
10,10,0.0,0.0,0.0,0.0,0.0,0.0,0.0,0.0,0.0,0.03125,0.953125,0.015625
10,10,0.0,0.0,0.0,0.0,0.0,0.0,0.0,0.0,0.0,0.03125,0.96875,0.0
10,10,0.0,0.0,0.0,0.0,0.0,0.0,0.0,0.0,0.0,0.03125,0.96875,0.0
10,10,0.0,0.0,0.0,0.0,0.0,0.0,0.0,0.0,0.0,0.03125,0.96875,0.0
10,10,0.0,0.0,0.0,0.0,0.0,0.0,0.0,0.0,0.0,0.03125,0.96875,0.0
10,10,0.0,0.0,0.0,0.0,0.0,0.0,0.0,0.0,0.0,0.03125,0.96875,0.0
10,10,0.0,0.0,0.0,0.0,0.0,0.0,0.0,0.0,0.0,0.03125,0.96875,0.0
10,10,0.0,0.0,0.0,0.0,0.0,0.0,0.0,0.0,0.0,0.03125,0.96875,0.0
10,10,0.0,0.0,0.0,0.0,0.0,0.0,0.0,0.0,0.0,0.03125,0.96875,0.0
10,10,0.0,0.0,0.0,0.0,0.0,0.0,0.0,0.0,0.0,0.03125,0.96875,0.0
10,10,0.0,0.0,0.0,0.0,0.0,0.0,0.0,0.0,0.0,0.03125,0.96875,0.0
10,10,0.0,0.0,0.0,0.0,0.0,0.0,0.0,0.0,0.0,0.03125,0.96875,0.0
10,10,0.0,0.0,0.0,0.0,0.0,0.0,0.0,0.0,0.0,0.03125,0.96875,0.0
10,10,0.0,0.0,0.0,0.0,0.0,0.0,0.0,0.0,0.0,0.03125,0.96875,0.0
10,10,0.0,0.0,0.0,0.0,0.0,0.0,0.0,0.0,0.0,0.03125,0.96875,0.0
10,10,0.0,0.0,0.0,0.0,0.0,0.0,0.0,0.0,0.0,0.03125,0.96875,0.0
10,10,0.0,0.0,0.0,0.0,0.0,0.0,0.0,0.0,0.0,0.03125,0.96875,0.0
10,10,0.0,0.0,0.0,0.0,0.0,0.0,0.0,0.0,0.0,0.03125,0.96875,0.0
10,10,0.0,0.0,0.0,0.0,0.0,0.0,0.0,0.0,0.0,0.03125,0.96875,0.0
10,10,0.0,0.0,0.0,0.0,0.0,0.0,0.0,0.0,0.0,0.03125,0.96875,0.0
10,10,0.0,0.0,0.0,0.0,0.0,0.0,0.0,0.0,0.0,0.03125,0.96875,0.0
10,10,0.0,0.0,0.0,0.0,0.0,0.0,0.0,0.0,0.0,0.03125,0.96875,0.0
10,10,0.0,0.0,0.0,0.0,0.0,0.0,0.0,0.0,0.0,0.03125,0.96875,0.0
10,10,0.0,0.0,0.0,0.0,0.0,0.0,0.0,0.0,0.0,0.03125,0.96875,0.0
10,10,0.0,0.0,0.0,0.0,0.0,0.0,0.0,0.0,0.0,0.03125,0.96875,0.0
10,10,0.0,0.0,0.0,0.0,0.0,0.0,0.0,0.0,0.0,0.03125,0.96875,0.0
10,10,0.0,0.0,0.0,0.0,0.0,0.0,0.0,0.0,0.0,0.03125,0.96875,0.0
10,10,0.0,0.0,0.0,0.0,0.0,0.0,0.0,0.0,0.0,0.03125,0.96875,0.0
10,10,0.0,0.0,0.0,0.0,0.0,0.0,0.0,0.0,0.0,0.03125,0.96875,0.0
10,10,0.0,0.0,0.0,0.0,0.0,0.0,0.0,0.0,0.0,0.03125,0.96875,0.0
10,10,0.0,0.0,0.0,0.0,0.0,0.0,0.0,0.0,0.0,0.03125,0.96875,0.0
10,10,0.0,0.0,0.0,0.0,0.0,0.0,0.0,0.0,0.0,0.03125,0.96875,0.0
10,10,0.0,0.0,0.0,0.0,0.0,0.0,0.0,0.0,0.0,0.03125,0.96875,0.0
10,10,0.0,0.0,0.0,0.0,0.0,0.0,0.0,0.0,0.0,0.03125,0.96875,0.0
10,10,0.0,0.0,0.0,0.0,0.0,0.0,0.0,0.0,0.0,0.03125,0.96875,0.0
10,10,0.0,0.0,0.0,0.0,0.0,0.0,0.0,0.0,0.0,0.03125,0.96875,0.0
10,10,0.0,0.0,0.0,0.0,0.0,0.0,0.0,0.0,0.0,0.03125,0.96875,0.0
10,10,0.0,0.0,0.0,0.0,0.0,0.0,0.0,0.0,0.0,0.03125,0.96875,0.0
10,10,0.0,0.0,0.0,0.0,0.0,0.0,0.0,0.0,0.0,0.03125,0.96875,0.0
10,10,0.0,0.0,0.0,0.0,0.0,0.0,0.0,0.0,0.0,0.03125,0.96875,0.0
10,10,0.0,0.0,0.0,0.0,0.0,0.0,0.0,0.0,0.0,0.03125,0.96875,0.0
10,10,0.0,0.0,0.0,0.0,0.0,0.0,0.0,0.0,0.0,0.03125,0.96875,0.0
10,10,0.0,0.0,0.0,0.0,0.0,0.0,0.0,0.0,0.0,0.03125,0.96875,0.0
10,10,0.0,0.0,0.0,0.0,0.0,0.0,0.0,0.0,0.0,0.03125,0.96875,0.0
10,10,0.0,0.0,0.0,0.0,0.0,0.0,0.0,0.0,0.0,0.03125,0.96875,0.0
10,10,0.0,0.0,0.0,0.0,0.0,0.0,0.0,0.0,0.0,0.03125,0.96875,0.0
10,10,0.0,0.0,0.0,0.0,0.0,0.0,0.0,0.0,0.0,0.03125,0.96875,0.0
10,10,0.0,0.0,0.0,0.0,0.0,0.0,0.0,0.0,0.0,0.03125,0.96875,0.0
10,10,0.0,0.0,0.0,0.0,0.0,0.0,0.0,0.0,0.0,0.03125,0.96875,0.0
10,10,0.0,0.0,0.0,0.0,0.0,0.0,0.0,0.0,0.0,0.03125,0.96875,0.0
10,10,0.0,0.0,0.0,0.0,0.0,0.0,0.0,0.0,0.0,0.03125,0.96875,0.0
10,10,0.0,0.0,0.0,0.0,0.0,0.0,0.0,0.0,0.0,0.03125,0.96875,0.0
10,10,0.0,0.0,0.0,0.0,0.0,0.0,0.0,0.0,0.0,0.03125,0.96875,0.0
10,10,0.0,0.0,0.0,0.0,0.0,0.0,0.0,0.0,0.0,0.03125,0.96875,0.0
10,10,0.0,0.0,0.0,0.0,0.0,0.0,0.0,0.0,0.0,0.03125,0.96875,0.0
10,10,0.0,0.0,0.0,0.0,0.0,0.0,0.0,0.0,0.0,0.03125,0.96875,0.0
10,10,0.0,0.0,0.0,0.0,0.0,0.0,0.0,0.0,0.0,0.03125,0.96875,0.0
10,10,0.0,0.0,0.0,0.0,0.0,0.0,0.0,0.0,0.0,0.03125,0.96875,0.0
10,10,0.0,0.0,0.0,0.0,0.0,0.0,0.0,0.0,0.0,0.03125,0.96875,0.0
10,10,0.0,0.0,0.0,0.0,0.0,0.0,0.0,0.0,0.0,0.03125,0.96875,0.0
10,10,0.0,0.0,0.0,0.0,0.0,0.0,0.0,0.0,0.0,0.03125,0.96875,0.0
10,10,0.0,0.0,0.0,0.0,0.0,0.0,0.0,0.0,0.0,0.03125,0.96875,0.0
10,10,0.0,0.0,0.0,0.0,0.0,0.0,0.0,0.0,0.0,0.03125,0.96875,0.0
10,10,0.0,0.0,0.0,0.0,0.0,0.0,0.0,0.0,0.0,0.03125,0.96875,0.0
10,10,0.0,0.0,0.0,0.0,0.0,0.0,0.0,0.0,0.0,0.03125,0.96875,0.0
10,10,0.0,0.0,0.0,0.0,0.0,0.0,0.0,0.0,0.0,0.03125,0.96875,0.0
10,10,0.0,0.0,0.0,0.0,0.0,0.0,0.0,0.0,0.0,0.03125,0.96875,0.0
10,10,0.0,0.0,0.0,0.0,0.0,0.0,0.0,0.0,0.0,0.03125,0.96875,0.0
10,10,0.0,0.0,0.0,0.0,0.0,0.0,0.0,0.0,0.0,0.03125,0.96875,0.0
10,10,0.0,0.0,0.0,0.0,0.0,0.0,0.0,0.0,0.0,0.03125,0.96875,0.0
10,10,0.0,0.0,0.0,0.0,0.0,0.0,0.0,0.0,0.0,0.03125,0.96875,0.0
10,10,0.0,0.0,0.0,0.0,0.0,0.0,0.0,0.0,0.0,0.03125,0.96875,0.0
10,10,0.0,0.0,0.0,0.0,0.0,0.0,0.0,0.0,0.0,0.03125,0.96875,0.0
10,10,0.0,0.0,0.0,0.0,0.0,0.0,0.0,0.0,0.0,0.03125,0.96875,0.0
10,10,0.0,0.0,0.0,0.0,0.0,0.0,0.0,0.0,0.0,0.03125,0.96875,0.0
10,10,0.0,0.0,0.0,0.0,0.0,0.0,0.0,0.0,0.0,0.03125,0.96875,0.0
10,10,0.0,0.0,0.0,0.0,0.0,0.0,0.0,0.0,0.0,0.03125,0.96875,0.0
10,10,0.0,0.0,0.0,0.0,0.0,0.0,0.0,0.0,0.0,0.03125,0.96875,0.0
10,10,0.0,0.0,0.0,0.0,0.0,0.0,0.0,0.0,0.0,0.03125,0.96875,0.0
10,10,0.0,0.0,0.0,0.0,0.0,0.0,0.0,0.0,0.0,0.03125,0.96875,0.0
10,10,0.0,0.0,0.0,0.0,0.0,0.0,0.0,0.0,0.0,0.03125,0.96875,0.0
10,10,0.0,0.0,0.0,0.0,0.0,0.0,0.0,0.0,0.0,0.03125,0.96875,0.0
10,10,0.0,0.0,0.0,0.0,0.0,0.0,0.0,0.0,0.0,0.03125,0.96875,0.0
10,10,0.0,0.0,0.0,0.0,0.0,0.0,0.0,0.0,0.0,0.03125,0.96875,0.0
10,10,0.0,0.0,0.0,0.0,0.0,0.0,0.0,0.0,0.0,0.03125,0.96875,0.0
10,10,0.0,0.0,0.0,0.0,0.0,0.0,0.0,0.0,0.0,0.03125,0.96875,0.0
10,10,0.0,0.0,0.0,0.0,0.0,0.0,0.0,0.0,0.0,0.03125,0.96875,0.0
10,10,0.0,0.0,0.0,0.0,0.0,0.0,0.0,0.0,0.0,0.03125,0.96875,0.0
10,10,0.0,0.0,0.0,0.0,0.0,0.0,0.0,0.0,0.0,0.03125,0.96875,0.0
10,10,0.0,0.0,0.0,0.0,0.0,0.0,0.0,0.0,0.0,0.03125,0.96875,0.0
10,10,0.0,0.0,0.0,0.0,0.0,0.0,0.0,0.0,0.0,0.03125,0.96875,0.0
10,10,0.0,0.0,0.0,0.0,0.0,0.0,0.0,0.0,0.0,0.03125,0.96875,0.0
10,10,0.0,0.0,0.0,0.0,0.0,0.0,0.0,0.0,0.0,0.03125,0.96875,0.0
10,10,0.0,0.0,0.0,0.0,0.0,0.0,0.0,0.0,0.0,0.03125,0.96875,0.0
10,10,0.0,0.0,0.0,0.0,0.0,0.0,0.0,0.0,0.0,0.03125,0.96875,0.0
10,10,0.0,0.0,0.0,0.0,0.0,0.0,0.0,0.0,0.0,0.03125,0.96875,0.0
10,10,0.0,0.0,0.0,0.0,0.0,0.0,0.0,0.0,0.0,0.03125,0.96875,0.0
10,10,0.0,0.0,0.0,0.0,0.0,0.0,0.0,0.0,0.0,0.03125,0.96875,0.0
10,10,0.0,0.0,0.0,0.0,0.0,0.0,0.0,0.0,0.0,0.03125,0.96875,0.0
10,10,0.0,0.0,0.0,0.0,0.0,0.0,0.0,0.0,0.0,0.03125,0.96875,0.0
10,10,0.0,0.0,0.0,0.0,0.0,0.0,0.0,0.0,0.0,0.03125,0.96875,0.0
10,10,0.0,0.0,0.0,0.0,0.0,0.0,0.0,0.0,0.0,0.03125,0.96875,0.0
10,10,0.0,0.0,0.0,0.0,0.0,0.0,0.0,0.0,0.0,0.03125,0.96875,0.0
10,10,0.0,0.0,0.0,0.0,0.0,0.0,0.0,0.0,0.0,0.03125,0.96875,0.0
10,10,0.0,0.0,0.0,0.0,0.0,0.0,0.0,0.0,0.0,0.03125,0.96875,0.0
10,10,0.0,0.0,0.0,0.0,0.0,0.0,0.0,0.0,0.0,0.03125,0.96875,0.0
10,10,0.0,0.0,0.0,0.0,0.0,0.0,0.0,0.0,0.0,0.03125,0.96875,0.0
10,10,0.0,0.0,0.0,0.0,0.0,0.0,0.0,0.0,0.0,0.03125,0.96875,0.0
10,10,0.0,0.0,0.0,0.0,0.0,0.0,0.0,0.0,0.0,0.03125,0.96875,0.0
10,10,0.0,0.0,0.0,0.0,0.0,0.0,0.0,0.0,0.0,0.03125,0.96875,0.0
10,10,0.0,0.0,0.0,0.0,0.0,0.0,0.0,0.0,0.0,0.03125,0.96875,0.0
10,10,0.0,0.0,0.0,0.0,0.0,0.0,0.0,0.0,0.0,0.03125,0.96875,0.0
10,10,0.0,0.0,0.0,0.0,0.0,0.0,0.0,0.0,0.0,0.03125,0.96875,0.0
10,10,0.0,0.0,0.0,0.0,0.0,0.0,0.0,0.0,0.0,0.03125,0.96875,0.0
10,10,0.0,0.0,0.0,0.0,0.0,0.0,0.0,0.0,0.0,0.03125,0.96875,0.0
10,10,0.0,0.0,0.0,0.0,0.0,0.0,0.0,0.0,0.0,0.03125,0.96875,0.0
10,10,0.0,0.0,0.0,0.0,0.0,0.0,0.0,0.0,0.0,0.03125,0.96875,0.0
10,10,0.0,0.0,0.0,0.0,0.0,0.0,0.0,0.0,0.0,0.03125,0.96875,0.0
10,10,0.0,0.0,0.0,0.0,0.0,0.0,0.0,0.0,0.0,0.03125,0.96875,0.0
10,10,0.0,0.0,0.0,0.0,0.0,0.0,0.0,0.0,0.0,0.03125,0.96875,0.0
10,10,0.0,0.0,0.0,0.0,0.0,0.0,0.0,0.0,0.0,0.03125,0.96875,0.0
10,10,0.0,0.0,0.0,0.0,0.0,0.0,0.0,0.0,0.0,0.03125,0.96875,0.0
10,10,0.0,0.0,0.0,0.0,0.0,0.0,0.0,0.0,0.0,0.03125,0.96875,0.0
10,10,0.0,0.0,0.0,0.0,0.0,0.0,0.0,0.0,0.0,0.03125,0.96875,0.0
10,10,0.0,0.0,0.0,0.0,0.0,0.0,0.0,0.0,0.0,0.03125,0.96875,0.0
10,10,0.0,0.0,0.0,0.0,0.0,0.0,0.0,0.0,0.0,0.03125,0.96875,0.0
10,10,0.0,0.0,0.0,0.0,0.0,0.0,0.0,0.0,0.0,0.03125,0.96875,0.0
10,10,0.0,0.0,0.0,0.0,0.0,0.0,0.0,0.0,0.0,0.03125,0.96875,0.0
10,10,0.0,0.0,0.0,0.0,0.0,0.0,0.0,0.0,0.0,0.03125,0.96875,0.0
10,10,0.0,0.0,0.0,0.0,0.0,0.0,0.0,0.0,0.0,0.03125,0.96875,0.0
10,10,0.0,0.0,0.0,0.0,0.0,0.0,0.0,0.0,0.0,0.03125,0.96875,0.0
10,10,0.0,0.0,0.0,0.0,0.0,0.0,0.0,0.0,0.0,0.03125,0.96875,0.0
10,10,0.0,0.0,0.0,0.0,0.0,0.0,0.0,0.0,0.0,0.03125,0.96875,0.0
10,10,0.0,0.0,0.0,0.0,0.0,0.0,0.0,0.0,0.0,0.03125,0.96875,0.0
10,10,0.0,0.0,0.0,0.0,0.0,0.0,0.0,0.0,0.0,0.03125,0.96875,0.0
10,10,0.0,0.0,0.0,0.0,0.0,0.0,0.0,0.0,0.0,0.03125,0.96875,0.0
10,10,0.0,0.0,0.0,0.0,0.0,0.0,0.0,0.0,0.0,0.03125,0.96875,0.0
10,10,0.0,0.0,0.0,0.0,0.0,0.0,0.0,0.0,0.0,0.03125,0.96875,0.0
10,10,0.0,0.0,0.0,0.0,0.0,0.0,0.0,0.0,0.0,0.03125,0.96875,0.0
10,10,0.0,0.0,0.0,0.0,0.0,0.0,0.0,0.0,0.0,0.03125,0.96875,0.0
10,10,0.0,0.0,0.0,0.0,0.0,0.0,0.0,0.0,0.0,0.03125,0.96875,0.0
10,10,0.0,0.0,0.0,0.0,0.0,0.0,0.0,0.0,0.0,0.03125,0.96875,0.0
10,10,0.0,0.0,0.0,0.0,0.0,0.0,0.0,0.0,0.0,0.03125,0.96875,0.0
10,10,0.0,0.0,0.0,0.0,0.0,0.0,0.0,0.0,0.0,0.03125,0.96875,0.0
10,10,0.0,0.0,0.0,0.0,0.0,0.0,0.0,0.0,0.0,0.03125,0.96875,0.0
10,10,0.0,0.0,0.0,0.0,0.0,0.0,0.0,0.0,0.0,0.03125,0.96875,0.0
10,10,0.0,0.0,0.0,0.0,0.0,0.0,0.0,0.0,0.0,0.03125,0.96875,0.0
10,10,0.0,0.0,0.0,0.0,0.0,0.0,0.0,0.0,0.0,0.03125,0.96875,0.0
10,10,0.0,0.0,0.0,0.0,0.0,0.0,0.0,0.0,0.0,0.03125,0.96875,0.0
10,10,0.0,0.0,0.0,0.0,0.0,0.0,0.0,0.0,0.0,0.03125,0.96875,0.0
10,10,0.0,0.0,0.0,0.0,0.0,0.0,0.0,0.0,0.0,0.03125,0.96875,0.0
10,10,0.0,0.0,0.0,0.0,0.0,0.0,0.0,0.0,0.0,0.03125,0.96875,0.0
10,10,0.0,0.0,0.0,0.0,0.0,0.0,0.0,0.0,0.0,0.03125,0.96875,0.0
10,10,0.0,0.0,0.0,0.0,0.0,0.0,0.0,0.0,0.0,0.03125,0.96875,0.0
10,10,0.0,0.0,0.0,0.0,0.0,0.0,0.0,0.0,0.0,0.03125,0.96875,0.0
10,10,0.0,0.0,0.0,0.0,0.0,0.0,0.0,0.0,0.0,0.03125,0.96875,0.0
10,10,0.0,0.0,0.0,0.0,0.0,0.0,0.0,0.0,0.0,0.03125,0.96875,0.0
10,10,0.0,0.0,0.0,0.0,0.0,0.0,0.0,0.0,0.0,0.03125,0.96875,0.0
10,10,0.0,0.0,0.0,0.0,0.0,0.0,0.0,0.0,0.0,0.03125,0.96875,0.0
10,10,0.0,0.0,0.0,0.0,0.0,0.0,0.0,0.0,0.0,0.03125,0.96875,0.0
10,10,0.0,0.0,0.0,0.0,0.0,0.0,0.0,0.0,0.0,0.03125,0.96875,0.0
10,10,0.0,0.0,0.0,0.0,0.0,0.0,0.0,0.0,0.0,0.03125,0.96875,0.0
10,10,0.0,0.0,0.0,0.0,0.0,0.0,0.0,0.0,0.0,0.03125,0.96875,0.0
10,10,0.0,0.0,0.0,0.0,0.0,0.0,0.0,0.0,0.0,0.03125,0.96875,0.0
10,10,0.0,0.0,0.0,0.0,0.0,0.0,0.0,0.0,0.0,0.03125,0.96875,0.0
10,10,0.0,0.0,0.0,0.0,0.0,0.0,0.0,0.0,0.0,0.03125,0.96875,0.0
10,10,0.0,0.0,0.0,0.0,0.0,0.0,0.0,0.0,0.0,0.03125,0.96875,0.0
10,10,0.0,0.0,0.0,0.0,0.0,0.0,0.0,0.0,0.0,0.03125,0.96875,0.0
10,10,0.0,0.0,0.0,0.0,0.0,0.0,0.0,0.0,0.0,0.03125,0.96875,0.0
10,10,0.0,0.0,0.0,0.0,0.0,0.0,0.0,0.0,0.0,0.03125,0.96875,0.0
10,10,0.0,0.0,0.0,0.0,0.0,0.0,0.0,0.0,0.0,0.03125,0.96875,0.0
10,10,0.0,0.0,0.0,0.0,0.0,0.0,0.0,0.0,0.0,0.03125,0.96875,0.0
10,10,0.0,0.0,0.0,0.0,0.0,0.0,0.0,0.0,0.0,0.03125,0.96875,0.0
10,10,0.0,0.0,0.0,0.0,0.0,0.0,0.0,0.0,0.0,0.03125,0.96875,0.0
10,10,0.0,0.0,0.0,0.0,0.0,0.0,0.0,0.0,0.0,0.03125,0.96875,0.0
10,10,0.0,0.0,0.0,0.0,0.0,0.0,0.0,0.0,0.0,0.03125,0.96875,0.0
10,10,0.0,0.0,0.0,0.0,0.0,0.0,0.0,0.0,0.0,0.03125,0.96875,0.0
10,10,0.0,0.0,0.0,0.0,0.0,0.0,0.0,0.0,0.0,0.03125,0.96875,0.0
10,10,0.0,0.0,0.0,0.0,0.0,0.0,0.0,0.0,0.0,0.03125,0.96875,0.0
10,10,0.0,0.0,0.0,0.0,0.0,0.0,0.0,0.0,0.0,0.03125,0.96875,0.0
10,10,0.0,0.0,0.0,0.0,0.0,0.0,0.0,0.0,0.0,0.03125,0.96875,0.0
10,10,0.0,0.0,0.0,0.0,0.0,0.0,0.0,0.0,0.0,0.03125,0.96875,0.0
10,10,0.0,0.0,0.0,0.0,0.0,0.0,0.0,0.0,0.0,0.03125,0.96875,0.0
10,10,0.0,0.0,0.0,0.0,0.0,0.0,0.0,0.0,0.0,0.03125,0.96875,0.0
10,10,0.0,0.0,0.0,0.0,0.0,0.0,0.0,0.0,0.0,0.03125,0.96875,0.0
10,10,0.0,0.0,0.0,0.0,0.0,0.0,0.0,0.0,0.0,0.03125,0.96875,0.0
10,10,0.0,0.0,0.0,0.0,0.0,0.0,0.0,0.0,0.0,0.03125,0.96875,0.0
10,10,0.0,0.0,0.0,0.0,0.0,0.0,0.0,0.0,0.0,0.03125,0.96875,0.0
10,10,0.0,0.0,0.0,0.0,0.0,0.0,0.0,0.0,0.0,0.03125,0.96875,0.0
10,10,0.0,0.0,0.0,0.0,0.0,0.0,0.0,0.0,0.0,0.03125,0.96875,0.0
10,10,0.0,0.0,0.0,0.0,0.0,0.0,0.0,0.0,0.0,0.03125,0.96875,0.0
10,10,0.0,0.0,0.0,0.0,0.0,0.0,0.0,0.0,0.0,0.03125,0.96875,0.0
10,10,0.0,0.0,0.0,0.0,0.0,0.0,0.0,0.0,0.0,0.03125,0.96875,0.0
10,10,0.0,0.0,0.0,0.0,0.0,0.0,0.0,0.0,0.0,0.03125,0.96875,0.0
10,10,0.0,0.0,0.0,0.0,0.0,0.0,0.0,0.0,0.0,0.03125,0.96875,0.0
10,10,0.0,0.0,0.0,0.0,0.0,0.0,0.0,0.0,0.0,0.03125,0.96875,0.0
10,10,0.0,0.0,0.0,0.0,0.0,0.0,0.0,0.0,0.0,0.03125,0.96875,0.0
10,10,0.0,0.0,0.0,0.0,0.0,0.0,0.0,0.0,0.0,0.03125,0.96875,0.0
10,10,0.0,0.0,0.0,0.0,0.0,0.0,0.0,0.0,0.0,0.03125,0.96875,0.0
10,10,0.0,0.0,0.0,0.0,0.0,0.0,0.0,0.0,0.0,0.03125,0.96875,0.0
10,10,0.0,0.0,0.0,0.0,0.0,0.0,0.0,0.0,0.0,0.03125,0.96875,0.0
10,10,0.0,0.0,0.0,0.0,0.0,0.0,0.0,0.0,0.0,0.03125,0.96875,0.0
10,10,0.0,0.0,0.0,0.0,0.0,0.0,0.0,0.0,0.0,0.03125,0.96875,0.0
10,10,0.0,0.0,0.0,0.0,0.0,0.0,0.0,0.0,0.0,0.03125,0.96875,0.0
10,10,0.0,0.0,0.0,0.0,0.0,0.0,0.0,0.0,0.0,0.03125,0.96875,0.0
10,10,0.0,0.0,0.0,0.0,0.0,0.0,0.0,0.0,0.0,0.03125,0.96875,0.0
10,10,0.0,0.0,0.0,0.0,0.0,0.0,0.0,0.0,0.0,0.03125,0.96875,0.0
10,10,0.0,0.0,0.0,0.0,0.0,0.0,0.0,0.0,0.0,0.03125,0.96875,0.0
10,10,0.0,0.0,0.0,0.0,0.0,0.0,0.0,0.0,0.0,0.03125,0.96875,0.0
10,10,0.0,0.0,0.0,0.0,0.0,0.0,0.0,0.0,0.0,0.03125,0.96875,0.0
10,10,0.0,0.0,0.0,0.0,0.0,0.0,0.0,0.0,0.0,0.03125,0.96875,0.0
10,10,0.0,0.0,0.0,0.0,0.0,0.0,0.0,0.0,0.0,0.03125,0.96875,0.0
10,10,0.0,0.0,0.0,0.0,0.0,0.0,0.0,0.0,0.0,0.03125,0.96875,0.0
10,10,0.0,0.0,0.0,0.0,0.0,0.0,0.0,0.0,0.0,0.03125,0.96875,0.0
10,10,0.0,0.0,0.0,0.0,0.0,0.0,0.0,0.0,0.0,0.03125,0.96875,0.0
10,10,0.0,0.0,0.0,0.0,0.0,0.0,0.0,0.0,0.0,0.03125,0.96875,0.0
10,10,0.0,0.0,0.0,0.0,0.0,0.0,0.0,0.0,0.0,0.03125,0.96875,0.0
10,10,0.0,0.0,0.0,0.0,0.0,0.0,0.0,0.0,0.0,0.03125,0.96875,0.0
10,10,0.0,0.0,0.0,0.0,0.0,0.0,0.0,0.0,0.0,0.03125,0.96875,0.0
10,10,0.0,0.0,0.0,0.0,0.0,0.0,0.0,0.0,0.0,0.03125,0.96875,0.0
10,10,0.0,0.0,0.0,0.0,0.0,0.0,0.0,0.0,0.0,0.03125,0.96875,0.0
10,10,0.0,0.0,0.0,0.0,0.0,0.0,0.0,0.0,0.0,0.03125,0.96875,0.0
10,10,0.0,0.0,0.0,0.0,0.0,0.0,0.0,0.0,0.0,0.03125,0.96875,0.0
10,10,0.0,0.0,0.0,0.0,0.0,0.0,0.0,0.0,0.0,0.03125,0.96875,0.0
10,10,0.0,0.0,0.0,0.0,0.0,0.0,0.0,0.0,0.0,0.03125,0.96875,0.0
10,10,0.0,0.0,0.0,0.0,0.0,0.0,0.0,0.0,0.0,0.03125,0.96875,0.0
10,10,0.0,0.0,0.0,0.0,0.0,0.0,0.0,0.0,0.0,0.03125,0.96875,0.0
10,10,0.0,0.0,0.0,0.0,0.0,0.0,0.0,0.0,0.0,0.03125,0.96875,0.0
10,10,0.0,0.0,0.0,0.0,0.0,0.0,0.0,0.0,0.0,0.03125,0.96875,0.0
10,10,0.0,0.0,0.0,0.0,0.0,0.0,0.0,0.0,0.0,0.03125,0.96875,0.0
10,10,0.0,0.0,0.0,0.0,0.0,0.0,0.0,0.0,0.0,0.03125,0.96875,0.0
10,10,0.0,0.0,0.0,0.0,0.0,0.0,0.0,0.0,0.0,0.03125,0.96875,0.0
10,10,0.0,0.0,0.0,0.0,0.0,0.0,0.0,0.0,0.0,0.03125,0.96875,0.0
10,10,0.0,0.0,0.0,0.0,0.0,0.0,0.0,0.0,0.0,0.03125,0.96875,0.0
10,10,0.0,0.0,0.0,0.0,0.0,0.0,0.0,0.0,0.0,0.03125,0.96875,0.0
10,10,0.0,0.0,0.0,0.0,0.0,0.0,0.0,0.0,0.0,0.03125,0.96875,0.0
10,10,0.0,0.0,0.0,0.0,0.0,0.0,0.0,0.0,0.0,0.03125,0.96875,0.0
10,10,0.0,0.0,0.0,0.0,0.0,0.0,0.0,0.0,0.0,0.03125,0.96875,0.0
10,10,0.0,0.0,0.0,0.0,0.0,0.0,0.0,0.0,0.0,0.03125,0.96875,0.0
10,10,0.0,0.0,0.0,0.0,0.0,0.0,0.0,0.0,0.0,0.03125,0.96875,0.0
10,10,0.0,0.0,0.0,0.0,0.0,0.0,0.0,0.0,0.0,0.03125,0.96875,0.0
10,10,0.0,0.0,0.0,0.0,0.0,0.0,0.0,0.0,0.0,0.03125,0.96875,0.0
10,10,0.0,0.0,0.0,0.0,0.0,0.0,0.0,0.0,0.0,0.03125,0.96875,0.0
10,10,0.0,0.0,0.0,0.0,0.0,0.0,0.0,0.0,0.0,0.03125,0.96875,0.0
10,10,0.0,0.0,0.0,0.0,0.0,0.0,0.0,0.0,0.0,0.03125,0.96875,0.0
10,10,0.0,0.0,0.0,0.0,0.0,0.0,0.0,0.0,0.0,0.03125,0.96875,0.0
10,10,0.0,0.0,0.0,0.0,0.0,0.0,0.0,0.0,0.0,0.03125,0.96875,0.0
10,10,0.0,0.0,0.0,0.0,0.0,0.0,0.0,0.0,0.0,0.03125,0.96875,0.0
10,10,0.0,0.0,0.0,0.0,0.0,0.0,0.0,0.0,0.0,0.03125,0.96875,0.0
10,10,0.0,0.0,0.0,0.0,0.0,0.0,0.0,0.0,0.0,0.03125,0.96875,0.0
10,10,0.0,0.0,0.0,0.0,0.0,0.0,0.0,0.0,0.0,0.03125,0.96875,0.0
10,10,0.0,0.0,0.0,0.0,0.0,0.0,0.0,0.0,0.0,0.03125,0.96875,0.0
10,10,0.0,0.0,0.0,0.0,0.0,0.0,0.0,0.0,0.0,0.03125,0.96875,0.0
10,10,0.0,0.0,0.0,0.0,0.0,0.0,0.0,0.0,0.0,0.03125,0.96875,0.0
10,10,0.0,0.0,0.0,0.0,0.0,0.0,0.0,0.0,0.0,0.03125,0.96875,0.0
10,10,0.0,0.0,0.0,0.0,0.0,0.0,0.0,0.0,0.0,0.03125,0.96875,0.0
10,10,0.0,0.0,0.0,0.0,0.0,0.0,0.0,0.0,0.0,0.03125,0.96875,0.0
10,10,0.0,0.0,0.0,0.0,0.0,0.0,0.0,0.0,0.0,0.03125,0.96875,0.0
10,10,0.0,0.0,0.0,0.0,0.0,0.0,0.0,0.0,0.0,0.03125,0.96875,0.0
10,10,0.0,0.0,0.0,0.0,0.0,0.0,0.0,0.0,0.0,0.03125,0.96875,0.0
10,10,0.0,0.0,0.0,0.0,0.0,0.0,0.0,0.0,0.0,0.03125,0.96875,0.0
10,10,0.0,0.0,0.0,0.0,0.0,0.0,0.0,0.0,0.0,0.03125,0.96875,0.0
10,10,0.0,0.0,0.0,0.0,0.0,0.0,0.0,0.0,0.0,0.03125,0.96875,0.0
10,10,0.0,0.0,0.0,0.0,0.0,0.0,0.0,0.0,0.0,0.03125,0.96875,0.0
10,10,0.0,0.0,0.0,0.0,0.0,0.0,0.0,0.0,0.0,0.03125,0.96875,0.0
10,10,0.0,0.0,0.0,0.0,0.0,0.0,0.0,0.0,0.0,0.03125,0.96875,0.0
10,10,0.0,0.0,0.0,0.0,0.0,0.0,0.0,0.0,0.0,0.03125,0.96875,0.0
10,10,0.0,0.0,0.0,0.0,0.0,0.0,0.0,0.0,0.0,0.03125,0.96875,0.0
10,10,0.0,0.0,0.0,0.0,0.0,0.0,0.0,0.0,0.0,0.03125,0.96875,0.0
10,10,0.0,0.0,0.0,0.0,0.0,0.0,0.0,0.0,0.0,0.03125,0.96875,0.0
10,10,0.0,0.0,0.0,0.0,0.0,0.0,0.0,0.0,0.0,0.03125,0.96875,0.0
10,10,0.0,0.0,0.0,0.0,0.0,0.0,0.0,0.0,0.0,0.03125,0.96875,0.0
10,10,0.0,0.0,0.0,0.0,0.0,0.0,0.0,0.0,0.0,0.03125,0.96875,0.0
10,10,0.0,0.0,0.0,0.0,0.0,0.0,0.0,0.0,0.0,0.03125,0.96875,0.0
10,10,0.0,0.0,0.0,0.0,0.0,0.0,0.0,0.0,0.0,0.03125,0.96875,0.0
10,10,0.0,0.0,0.0,0.0,0.0,0.0,0.0,0.0,0.0,0.03125,0.96875,0.0
10,10,0.0,0.0,0.0,0.0,0.0,0.0,0.0,0.0,0.0,0.03125,0.96875,0.0
10,10,0.0,0.0,0.0,0.0,0.0,0.0,0.0,0.0,0.0,0.03125,0.96875,0.0
10,10,0.0,0.0,0.0,0.0,0.0,0.0,0.0,0.0,0.0,0.03125,0.96875,0.0
10,10,0.0,0.0,0.0,0.0,0.0,0.0,0.0,0.0,0.0,0.03125,0.96875,0.0
10,10,0.0,0.0,0.0,0.0,0.0,0.0,0.0,0.0,0.0,0.03125,0.96875,0.0
10,10,0.0,0.0,0.0,0.0,0.0,0.0,0.0,0.0,0.0,0.03125,0.96875,0.0
10,10,0.0,0.0,0.0,0.0,0.0,0.0,0.0,0.0,0.0,0.03125,0.96875,0.0
10,10,0.0,0.0,0.0,0.0,0.0,0.0,0.0,0.0,0.0,0.03125,0.96875,0.0
10,10,0.0,0.0,0.0,0.0,0.0,0.0,0.0,0.0,0.0,0.03125,0.96875,0.0
10,10,0.0,0.0,0.0,0.0,0.0,0.0,0.0,0.0,0.0,0.03125,0.96875,0.0
10,10,0.0,0.0,0.0,0.0,0.0,0.0,0.0,0.0,0.0,0.03125,0.96875,0.0
10,10,0.0,0.0,0.0,0.0,0.0,0.0,0.0,0.0,0.0,0.03125,0.96875,0.0
10,10,0.0,0.0,0.0,0.0,0.0,0.0,0.0,0.0,0.0,0.03125,0.96875,0.0
10,10,0.0,0.0,0.0,0.0,0.0,0.0,0.0,0.0,0.0,0.03125,0.96875,0.0
10,10,0.0,0.0,0.0,0.0,0.0,0.0,0.0,0.0,0.0,0.03125,0.96875,0.0
10,10,0.0,0.0,0.0,0.0,0.0,0.0,0.0,0.0,0.0,0.03125,0.96875,0.0
10,10,0.0,0.0,0.0,0.0,0.0,0.0,0.0,0.0,0.0,0.03125,0.96875,0.0
10,10,0.0,0.0,0.0,0.0,0.0,0.0,0.0,0.0,0.0,0.03125,0.96875,0.0
10,10,0.0,0.0,0.0,0.0,0.0,0.0,0.0,0.0,0.0,0.03125,0.96875,0.0
10,10,0.0,0.0,0.0,0.0,0.0,0.0,0.0,0.0,0.0,0.03125,0.96875,0.0
10,10,0.0,0.0,0.0,0.0,0.0,0.0,0.0,0.0,0.0,0.03125,0.96875,0.0
10,10,0.0,0.0,0.0,0.0,0.0,0.0,0.0,0.0,0.0,0.03125,0.96875,0.0
10,10,0.0,0.0,0.0,0.0,0.0,0.0,0.0,0.0,0.0,0.03125,0.96875,0.0
10,10,0.0,0.0,0.0,0.0,0.0,0.0,0.0,0.0,0.0,0.03125,0.96875,0.0
10,10,0.0,0.0,0.0,0.0,0.0,0.0,0.0,0.0,0.0,0.03125,0.96875,0.0
10,10,0.0,0.0,0.0,0.0,0.0,0.0,0.0,0.0,0.0,0.03125,0.96875,0.0
10,10,0.0,0.0,0.0,0.0,0.0,0.0,0.0,0.0,0.0,0.03125,0.96875,0.0
10,10,0.0,0.0,0.0,0.0,0.0,0.0,0.0,0.0,0.0,0.03125,0.96875,0.0
10,10,0.0,0.0,0.0,0.0,0.0,0.0,0.0,0.0,0.0,0.03125,0.96875,0.0
10,10,0.0,0.0,0.0,0.0,0.0,0.0,0.0,0.0,0.0,0.03125,0.96875,0.0
10,10,0.0,0.0,0.0,0.0,0.0,0.0,0.0,0.0,0.0,0.03125,0.96875,0.0
10,10,0.0,0.0,0.0,0.0,0.0,0.0,0.0,0.0,0.0,0.03125,0.96875,0.0
10,10,0.0,0.0,0.0,0.0,0.0,0.0,0.0,0.0,0.0,0.03125,0.96875,0.0
10,10,0.0,0.0,0.0,0.0,0.0,0.0,0.0,0.0,0.0,0.03125,0.96875,0.0
10,10,0.0,0.0,0.0,0.0,0.0,0.0,0.0,0.0,0.0,0.03125,0.96875,0.0
10,10,0.0,0.0,0.0,0.0,0.0,0.0,0.0,0.0,0.0,0.03125,0.96875,0.0
10,10,0.0,0.0,0.0,0.0,0.0,0.0,0.0,0.0,0.0,0.03125,0.96875,0.0
10,10,0.0,0.0,0.0,0.0,0.0,0.0,0.0,0.0,0.0,0.03125,0.96875,0.0
10,10,0.0,0.0,0.0,0.0,0.0,0.0,0.0,0.0,0.0,0.03125,0.96875,0.0
10,10,0.0,0.0,0.0,0.0,0.0,0.0,0.0,0.0,0.0,0.03125,0.96875,0.0
10,10,0.0,0.0,0.0,0.0,0.0,0.0,0.0,0.0,0.0,0.03125,0.96875,0.0
10,10,0.0,0.0,0.0,0.0,0.0,0.0,0.0,0.0,0.0,0.03125,0.96875,0.0
10,10,0.0,0.0,0.0,0.0,0.0,0.0,0.0,0.0,0.0,0.03125,0.96875,0.0
10,10,0.0,0.0,0.0,0.0,0.0,0.0,0.0,0.0,0.0,0.03125,0.96875,0.0
10,10,0.0,0.0,0.0,0.0,0.0,0.0,0.0,0.0,0.0,0.03125,0.96875,0.0
10,10,0.0,0.0,0.0,0.0,0.0,0.0,0.0,0.0,0.0,0.03125,0.96875,0.0
10,10,0.0,0.0,0.0,0.0,0.0,0.0,0.0,0.0,0.0,0.03125,0.96875,0.0
10,10,0.0,0.0,0.0,0.0,0.0,0.0,0.0,0.0,0.0,0.03125,0.96875,0.0
10,10,0.0,0.0,0.0,0.0,0.0,0.0,0.0,0.0,0.0,0.03125,0.96875,0.0
10,10,0.0,0.0,0.0,0.0,0.0,0.0,0.0,0.0,0.0,0.03125,0.96875,0.0
10,10,0.0,0.0,0.0,0.0,0.0,0.0,0.0,0.0,0.0,0.03125,0.96875,0.0
10,10,0.0,0.0,0.0,0.0,0.0,0.0,0.0,0.0,0.0,0.03125,0.96875,0.0
10,10,0.0,0.0,0.0,0.0,0.0,0.0,0.0,0.0,0.0,0.03125,0.96875,0.0
10,10,0.0,0.0,0.0,0.0,0.0,0.0,0.0,0.0,0.0,0.03125,0.96875,0.0
10,10,0.0,0.0,0.0,0.0,0.0,0.0,0.0,0.0,0.0,0.03125,0.96875,0.0
10,10,0.0,0.0,0.0,0.0,0.0,0.0,0.0,0.0,0.0,0.03125,0.96875,0.0
10,10,0.0,0.0,0.0,0.0,0.0,0.0,0.0,0.0,0.0,0.03125,0.96875,0.0
10,10,0.0,0.0,0.0,0.0,0.0,0.0,0.0,0.0,0.0,0.03125,0.96875,0.0
10,10,0.0,0.0,0.0,0.0,0.0,0.0,0.0,0.0,0.0,0.03125,0.96875,0.0
10,10,0.0,0.0,0.0,0.0,0.0,0.0,0.0,0.0,0.0,0.03125,0.96875,0.0
10,10,0.0,0.0,0.0,0.0,0.0,0.0,0.0,0.0,0.0,0.03125,0.96875,0.0
10,10,0.0,0.0,0.0,0.0,0.0,0.0,0.0,0.0,0.0,0.03125,0.96875,0.0
10,10,0.0,0.0,0.0,0.0,0.0,0.0,0.0,0.0,0.0,0.03125,0.96875,0.0
10,10,0.0,0.0,0.0,0.0,0.0,0.0,0.0,0.0,0.0,0.03125,0.96875,0.0
10,10,0.0,0.0,0.0,0.0,0.0,0.0,0.0,0.0,0.0,0.03125,0.96875,0.0
10,10,0.0,0.0,0.0,0.0,0.0,0.0,0.0,0.0,0.0,0.03125,0.96875,0.0
10,10,0.0,0.0,0.0,0.0,0.0,0.0,0.0,0.0,0.0,0.03125,0.96875,0.0
10,10,0.0,0.0,0.0,0.0,0.0,0.0,0.0,0.0,0.0,0.03125,0.96875,0.0
10,10,0.0,0.0,0.0,0.0,0.0,0.0,0.0,0.0,0.0,0.03125,0.96875,0.0
10,10,0.0,0.0,0.0,0.0,0.0,0.0,0.0,0.0,0.0,0.03125,0.96875,0.0
10,10,0.0,0.0,0.0,0.0,0.0,0.0,0.0,0.0,0.0,0.03125,0.96875,0.0
10,10,0.0,0.0,0.0,0.0,0.0,0.0,0.0,0.0,0.0,0.03125,0.96875,0.0
10,10,0.0,0.0,0.0,0.0,0.0,0.0,0.0,0.0,0.0,0.03125,0.96875,0.0
10,10,0.0,0.0,0.0,0.0,0.0,0.0,0.0,0.0,0.0,0.03125,0.96875,0.0
10,10,0.0,0.0,0.0,0.0,0.0,0.0,0.0,0.0,0.0,0.03125,0.96875,0.0
10,10,0.0,0.0,0.0,0.0,0.0,0.0,0.0,0.0,0.0,0.03125,0.96875,0.0
10,10,0.0,0.0,0.0,0.0,0.0,0.0,0.0,0.0,0.0,0.03125,0.96875,0.0
10,10,0.0,0.0,0.0,0.0,0.0,0.0,0.0,0.0,0.0,0.03125,0.96875,0.0
10,10,0.0,0.0,0.0,0.0,0.0,0.0,0.0,0.0,0.0,0.03125,0.96875,0.0
10,10,0.0,0.0,0.0,0.0,0.0,0.0,0.0,0.0,0.0,0.03125,0.96875,0.0
10,10,0.0,0.0,0.0,0.0,0.0,0.0,0.0,0.0,0.0,0.03125,0.96875,0.0
10,10,0.0,0.0,0.0,0.0,0.0,0.0,0.0,0.0,0.0,0.03125,0.96875,0.0
10,10,0.0,0.0,0.0,0.0,0.0,0.0,0.0,0.0,0.0,0.03125,0.96875,0.0
10,10,0.0,0.0,0.0,0.0,0.0,0.0,0.0,0.0,0.0,0.03125,0.96875,0.0
10,10,0.0,0.0,0.0,0.0,0.0,0.0,0.0,0.0,0.0,0.03125,0.96875,0.0
10,10,0.0,0.0,0.0,0.0,0.0,0.0,0.0,0.0,0.0,0.03125,0.96875,0.0
10,10,0.0,0.0,0.0,0.0,0.0,0.0,0.0,0.0,0.0,0.03125,0.96875,0.0
10,10,0.0,0.0,0.0,0.0,0.0,0.0,0.0,0.0,0.0,0.03125,0.96875,0.0
10,10,0.0,0.0,0.0,0.0,0.0,0.0,0.0,0.0,0.0,0.03125,0.96875,0.0
10,10,0.0,0.0,0.0,0.0,0.0,0.0,0.0,0.0,0.0,0.03125,0.96875,0.0
10,10,0.0,0.0,0.0,0.0,0.0,0.0,0.0,0.0,0.0,0.03125,0.96875,0.0
10,10,0.0,0.0,0.0,0.0,0.0,0.0,0.0,0.0,0.0,0.03125,0.96875,0.0
10,10,0.0,0.0,0.0,0.0,0.0,0.0,0.0,0.0,0.0,0.03125,0.96875,0.0
10,10,0.0,0.0,0.0,0.0,0.0,0.0,0.0,0.0,0.0,0.03125,0.96875,0.0
10,10,0.0,0.0,0.0,0.0,0.0,0.0,0.0,0.0,0.0,0.03125,0.96875,0.0
10,10,0.0,0.0,0.0,0.0,0.0,0.0,0.0,0.0,0.0,0.03125,0.96875,0.0
10,10,0.0,0.0,0.0,0.0,0.0,0.0,0.0,0.0,0.0,0.03125,0.96875,0.0
10,10,0.0,0.0,0.0,0.0,0.0,0.0,0.0,0.0,0.0,0.03125,0.96875,0.0
10,10,0.0,0.0,0.0,0.0,0.0,0.0,0.0,0.0,0.0,0.03125,0.96875,0.0
10,10,0.0,0.0,0.0,0.0,0.0,0.0,0.0,0.0,0.0,0.03125,0.96875,0.0
10,10,0.0,0.0,0.0,0.0,0.0,0.0,0.0,0.0,0.0,0.03125,0.96875,0.0
10,10,0.0,0.0,0.0,0.0,0.0,0.0,0.0,0.0,0.0,0.03125,0.96875,0.0
10,10,0.0,0.0,0.0,0.0,0.0,0.0,0.0,0.0,0.0,0.03125,0.96875,0.0
10,10,0.0,0.0,0.0,0.0,0.0,0.0,0.0,0.0,0.0,0.03125,0.96875,0.0
10,10,0.0,0.0,0.0,0.0,0.0,0.0,0.0,0.0,0.0,0.03125,0.96875,0.0
10,10,0.0,0.0,0.0,0.0,0.0,0.0,0.0,0.0,0.0,0.03125,0.96875,0.0
10,10,0.0,0.0,0.0,0.0,0.0,0.0,0.0,0.0,0.0,0.03125,0.96875,0.0
10,10,0.0,0.0,0.0,0.0,0.0,0.0,0.0,0.0,0.0,0.03125,0.96875,0.0
10,10,0.0,0.0,0.0,0.0,0.0,0.0,0.0,0.0,0.0,0.03125,0.96875,0.0
10,10,0.0,0.0,0.0,0.0,0.0,0.0,0.0,0.0,0.0,0.03125,0.96875,0.0
10,10,0.0,0.0,0.0,0.0,0.0,0.0,0.0,0.0,0.0,0.03125,0.96875,0.0
10,10,0.0,0.0,0.0,0.0,0.0,0.0,0.0,0.0,0.0,0.03125,0.96875,0.0
10,10,0.0,0.0,0.0,0.0,0.0,0.0,0.0,0.0,0.0,0.03125,0.96875,0.0
10,10,0.0,0.0,0.0,0.0,0.0,0.0,0.0,0.0,0.0,0.03125,0.96875,0.0
10,10,0.0,0.0,0.0,0.0,0.0,0.0,0.0,0.0,0.0,0.03125,0.96875,0.0
10,10,0.0,0.0,0.0,0.0,0.0,0.0,0.0,0.0,0.0,0.03125,0.96875,0.0
10,10,0.0,0.0,0.0,0.0,0.0,0.0,0.0,0.0,0.0,0.03125,0.96875,0.0
10,10,0.0,0.0,0.0,0.0,0.0,0.0,0.0,0.0,0.0,0.03125,0.96875,0.0
10,10,0.0,0.0,0.0,0.0,0.0,0.0,0.0,0.0,0.0,0.03125,0.96875,0.0
10,10,0.0,0.0,0.0,0.0,0.0,0.0,0.0,0.0,0.0,0.03125,0.96875,0.0
10,10,0.0,0.0,0.0,0.0,0.0,0.0,0.0,0.0,0.0,0.03125,0.96875,0.0
10,10,0.0,0.0,0.0,0.0,0.0,0.0,0.0,0.0,0.0,0.03125,0.96875,0.0
10,10,0.0,0.0,0.0,0.0,0.0,0.0,0.0,0.0,0.0,0.03125,0.96875,0.0
10,10,0.0,0.0,0.0,0.0,0.0,0.0,0.0,0.0,0.0,0.03125,0.96875,0.0
10,10,0.0,0.0,0.0,0.0,0.0,0.0,0.0,0.0,0.0,0.03125,0.96875,0.0
10,10,0.0,0.0,0.0,0.0,0.0,0.0,0.0,0.0,0.0,0.03125,0.96875,0.0
10,10,0.0,0.0,0.0,0.0,0.0,0.0,0.0,0.0,0.0,0.03125,0.96875,0.0
10,10,0.0,0.0,0.0,0.0,0.0,0.0,0.0,0.0,0.0,0.03125,0.96875,0.0
10,10,0.0,0.0,0.0,0.0,0.0,0.0,0.0,0.0,0.0,0.03125,0.96875,0.0
10,10,0.0,0.0,0.0,0.0,0.0,0.0,0.0,0.0,0.0,0.03125,0.96875,0.0
10,10,0.0,0.0,0.0,0.0,0.0,0.0,0.0,0.0,0.0,0.03125,0.96875,0.0
10,10,0.0,0.0,0.0,0.0,0.0,0.0,0.0,0.0,0.0,0.03125,0.96875,0.0
10,10,0.0,0.0,0.0,0.0,0.0,0.0,0.0,0.0,0.0,0.03125,0.96875,0.0
10,10,0.0,0.0,0.0,0.0,0.0,0.0,0.0,0.0,0.0,0.03125,0.96875,0.0
10,10,0.0,0.0,0.0,0.0,0.0,0.0,0.0,0.0,0.0,0.03125,0.96875,0.0
10,10,0.0,0.0,0.0,0.0,0.0,0.0,0.0,0.0,0.0,0.03125,0.96875,0.0
10,10,0.0,0.0,0.0,0.0,0.0,0.0,0.0,0.0,0.0,0.03125,0.96875,0.0
10,10,0.0,0.0,0.0,0.0,0.0,0.0,0.0,0.0,0.0,0.03125,0.96875,0.0
10,10,0.0,0.0,0.0,0.0,0.0,0.0,0.0,0.0,0.0,0.03125,0.96875,0.0
10,10,0.0,0.0,0.0,0.0,0.0,0.0,0.0,0.0,0.0,0.03125,0.96875,0.0
10,10,0.0,0.0,0.0,0.0,0.0,0.0,0.0,0.0,0.0,0.03125,0.96875,0.0
10,10,0.0,0.0,0.0,0.0,0.0,0.0,0.0,0.0,0.0,0.03125,0.96875,0.0
10,10,0.0,0.0,0.0,0.0,0.0,0.0,0.0,0.0,0.0,0.03125,0.96875,0.0
10,10,0.0,0.0,0.0,0.0,0.0,0.0,0.0,0.0,0.0,0.03125,0.96875,0.0
10,10,0.0,0.0,0.0,0.0,0.0,0.0,0.0,0.0,0.0,0.03125,0.96875,0.0
10,10,0.0,0.0,0.0,0.0,0.0,0.0,0.0,0.0,0.0,0.03125,0.96875,0.0
10,10,0.0,0.0,0.0,0.0,0.0,0.0,0.0,0.0,0.0,0.03125,0.96875,0.0
10,10,0.0,0.0,0.0,0.0,0.0,0.0,0.0,0.0,0.0,0.03125,0.96875,0.0
10,10,0.0,0.0,0.0,0.0,0.0,0.0,0.0,0.0,0.0,0.03125,0.96875,0.0
10,10,0.0,0.0,0.0,0.0,0.0,0.0,0.0,0.0,0.0,0.03125,0.96875,0.0
10,10,0.0,0.0,0.0,0.0,0.0,0.0,0.0,0.0,0.0,0.03125,0.96875,0.0
10,10,0.0,0.0,0.0,0.0,0.0,0.0,0.0,0.0,0.0,0.03125,0.96875,0.0
10,10,0.0,0.0,0.0,0.0,0.0,0.0,0.0,0.0,0.0,0.03125,0.96875,0.0
10,10,0.0,0.0,0.0,0.0,0.0,0.0,0.0,0.0,0.0,0.03125,0.96875,0.0
10,10,0.0,0.0,0.0,0.0,0.0,0.0,0.0,0.0,0.0,0.03125,0.96875,0.0
10,10,0.0,0.0,0.0,0.0,0.0,0.0,0.0,0.0,0.0,0.03125,0.96875,0.0
10,10,0.0,0.0,0.0,0.0,0.0,0.0,0.0,0.0,0.0,0.03125,0.96875,0.0
10,10,0.0,0.0,0.0,0.0,0.0,0.0,0.0,0.0,0.0,0.03125,0.96875,0.0
10,10,0.0,0.0,0.0,0.0,0.0,0.0,0.0,0.0,0.0,0.03125,0.96875,0.0
10,10,0.0,0.0,0.0,0.0,0.0,0.0,0.0,0.0,0.0,0.03125,0.96875,0.0
10,10,0.0,0.0,0.0,0.0,0.0,0.0,0.0,0.0,0.0,0.03125,0.96875,0.0
10,10,0.0,0.0,0.0,0.0,0.0,0.0,0.0,0.0,0.0,0.03125,0.96875,0.0
10,10,0.0,0.0,0.0,0.0,0.0,0.0,0.0,0.0,0.0,0.03125,0.96875,0.0
10,10,0.0,0.0,0.0,0.0,0.0,0.0,0.0,0.0,0.0,0.03125,0.96875,0.0
10,10,0.0,0.0,0.0,0.0,0.0,0.0,0.0,0.0,0.0,0.03125,0.96875,0.0
10,10,0.0,0.0,0.0,0.0,0.0,0.0,0.0,0.0,0.0,0.03125,0.96875,0.0
10,10,0.0,0.0,0.0,0.0,0.0,0.0,0.0,0.0,0.0,0.03125,0.96875,0.0
10,10,0.0,0.0,0.0,0.0,0.0,0.0,0.0,0.0,0.0,0.03125,0.96875,0.0
10,10,0.0,0.0,0.0,0.0,0.0,0.0,0.0,0.0,0.0,0.03125,0.96875,0.0
10,10,0.0,0.0,0.0,0.0,0.0,0.0,0.0,0.0,0.0,0.03125,0.96875,0.0
10,10,0.0,0.0,0.0,0.0,0.0,0.0,0.0,0.0,0.0,0.03125,0.96875,0.0
10,10,0.0,0.0,0.0,0.0,0.0,0.0,0.0,0.0,0.0,0.03125,0.96875,0.0
10,10,0.0,0.0,0.0,0.0,0.0,0.0,0.0,0.0,0.0,0.03125,0.96875,0.0
10,10,0.0,0.0,0.0,0.0,0.0,0.0,0.0,0.0,0.0,0.03125,0.96875,0.0
10,10,0.0,0.0,0.0,0.0,0.0,0.0,0.0,0.0,0.0,0.03125,0.96875,0.0
10,10,0.0,0.0,0.0,0.0,0.0,0.0,0.0,0.0,0.0,0.03125,0.96875,0.0
10,10,0.0,0.0,0.0,0.0,0.0,0.0,0.0,0.0,0.0,0.03125,0.96875,0.0
10,10,0.0,0.0,0.0,0.0,0.0,0.0,0.0,0.0,0.0,0.03125,0.96875,0.0
10,10,0.0,0.0,0.0,0.0,0.0,0.0,0.0,0.0,0.0,0.03125,0.96875,0.0
10,10,0.0,0.0,0.0,0.0,0.0,0.0,0.0,0.0,0.0,0.03125,0.96875,0.0
10,10,0.0,0.0,0.0,0.0,0.0,0.0,0.0,0.0,0.0,0.03125,0.96875,0.0
10,10,0.0,0.0,0.0,0.0,0.0,0.0,0.0,0.0,0.0,0.03125,0.96875,0.0
10,10,0.0,0.0,0.0,0.0,0.0,0.0,0.0,0.0,0.0,0.03125,0.96875,0.0
10,10,0.0,0.0,0.0,0.0,0.0,0.0,0.0,0.0,0.0,0.03125,0.96875,0.0
10,10,0.0,0.0,0.0,0.0,0.0,0.0,0.0,0.0,0.0,0.03125,0.96875,0.0
10,10,0.0,0.0,0.0,0.0,0.0,0.0,0.0,0.0,0.0,0.03125,0.96875,0.0
10,10,0.0,0.0,0.0,0.0,0.0,0.0,0.0,0.0,0.0,0.03125,0.96875,0.0
10,10,0.0,0.0,0.0,0.0,0.0,0.0,0.0,0.0,0.0,0.03125,0.96875,0.0
10,10,0.0,0.0,0.0,0.0,0.0,0.0,0.0,0.0,0.0,0.03125,0.96875,0.0
10,10,0.0,0.0,0.0,0.0,0.0,0.0,0.0,0.0,0.0,0.03125,0.96875,0.0
10,10,0.0,0.0,0.0,0.0,0.0,0.0,0.0,0.0,0.0,0.03125,0.96875,0.0
10,10,0.0,0.0,0.0,0.0,0.0,0.0,0.0,0.0,0.0,0.03125,0.96875,0.0
10,10,0.0,0.0,0.0,0.0,0.0,0.0,0.0,0.0,0.0,0.03125,0.96875,0.0
10,10,0.0,0.0,0.0,0.0,0.0,0.0,0.0,0.0,0.0,0.03125,0.96875,0.0
10,10,0.0,0.0,0.0,0.0,0.0,0.0,0.0,0.0,0.0,0.03125,0.96875,0.0
10,10,0.0,0.0,0.0,0.0,0.0,0.0,0.0,0.0,0.0,0.03125,0.96875,0.0
10,10,0.0,0.0,0.0,0.0,0.0,0.0,0.0,0.0,0.0,0.03125,0.96875,0.0
10,10,0.0,0.0,0.0,0.0,0.0,0.0,0.0,0.0,0.0,0.03125,0.96875,0.0
10,10,0.0,0.0,0.0,0.0,0.0,0.0,0.0,0.0,0.0,0.03125,0.96875,0.0
10,10,0.0,0.0,0.0,0.0,0.0,0.0,0.0,0.0,0.0,0.03125,0.96875,0.0
10,10,0.0,0.0,0.0,0.0,0.0,0.0,0.0,0.0,0.0,0.03125,0.96875,0.0
10,10,0.0,0.0,0.0,0.0,0.0,0.0,0.0,0.0,0.0,0.03125,0.96875,0.0
10,10,0.0,0.0,0.0,0.0,0.0,0.0,0.0,0.0,0.0,0.03125,0.96875,0.0
10,10,0.0,0.0,0.0,0.0,0.0,0.0,0.0,0.0,0.0,0.03125,0.96875,0.0
10,10,0.0,0.0,0.0,0.0,0.0,0.0,0.0,0.0,0.0,0.03125,0.96875,0.0
10,10,0.0,0.0,0.0,0.0,0.0,0.0,0.0,0.0,0.0,0.03125,0.96875,0.0
10,10,0.0,0.0,0.0,0.0,0.0,0.0,0.0,0.0,0.0,0.03125,0.96875,0.0
10,10,0.0,0.0,0.0,0.0,0.0,0.0,0.0,0.0,0.0,0.03125,0.96875,0.0
10,10,0.0,0.0,0.0,0.0,0.0,0.0,0.0,0.0,0.0,0.03125,0.96875,0.0
10,10,0.0,0.0,0.0,0.0,0.0,0.0,0.0,0.0,0.0,0.03125,0.96875,0.0
10,10,0.0,0.0,0.0,0.0,0.0,0.0,0.0,0.0,0.0,0.03125,0.96875,0.0
10,10,0.0,0.0,0.0,0.0,0.0,0.0,0.0,0.0,0.0,0.03125,0.96875,0.0
10,10,0.0,0.0,0.0,0.0,0.0,0.0,0.0,0.0,0.0,0.03125,0.96875,0.0
10,10,0.0,0.0,0.0,0.0,0.0,0.0,0.0,0.0,0.0,0.03125,0.96875,0.0
10,10,0.0,0.0,0.0,0.0,0.0,0.0,0.0,0.0,0.0,0.03125,0.96875,0.0
10,10,0.0,0.0,0.0,0.0,0.0,0.0,0.0,0.0,0.0,0.03125,0.96875,0.0
10,10,0.0,0.0,0.0,0.0,0.0,0.0,0.0,0.0,0.0,0.03125,0.96875,0.0
10,10,0.0,0.0,0.0,0.0,0.0,0.0,0.0,0.0,0.0,0.03125,0.96875,0.0
10,10,0.0,0.0,0.0,0.0,0.0,0.0,0.0,0.0,0.0,0.03125,0.96875,0.0
10,10,0.0,0.0,0.0,0.0,0.0,0.0,0.0,0.0,0.0,0.03125,0.96875,0.0
10,10,0.0,0.0,0.0,0.0,0.0,0.0,0.0,0.0,0.0,0.03125,0.96875,0.0
10,10,0.0,0.0,0.0,0.0,0.0,0.0,0.0,0.0,0.0,0.03125,0.96875,0.0
10,10,0.0,0.0,0.0,0.0,0.0,0.0,0.0,0.0,0.0,0.03125,0.96875,0.0
10,10,0.0,0.0,0.0,0.0,0.0,0.0,0.0,0.0,0.0,0.03125,0.96875,0.0
10,10,0.0,0.0,0.0,0.0,0.0,0.0,0.0,0.0,0.0,0.03125,0.96875,0.0
10,10,0.0,0.0,0.0,0.0,0.0,0.0,0.0,0.0,0.0,0.03125,0.96875,0.0
10,10,0.0,0.0,0.0,0.0,0.0,0.0,0.0,0.0,0.0,0.03125,0.96875,0.0
10,10,0.0,0.0,0.0,0.0,0.0,0.0,0.0,0.0,0.0,0.03125,0.96875,0.0
10,10,0.0,0.0,0.0,0.0,0.0,0.0,0.0,0.0,0.0,0.03125,0.96875,0.0
10,10,0.0,0.0,0.0,0.0,0.0,0.0,0.0,0.0,0.0,0.03125,0.96875,0.0
10,10,0.0,0.0,0.0,0.0,0.0,0.0,0.0,0.0,0.0,0.03125,0.96875,0.0
10,10,0.0,0.0,0.0,0.0,0.0,0.0,0.0,0.0,0.0,0.03125,0.96875,0.0
10,10,0.0,0.0,0.0,0.0,0.0,0.0,0.0,0.0,0.0,0.03125,0.96875,0.0
10,10,0.0,0.0,0.0,0.0,0.0,0.0,0.0,0.0,0.0,0.03125,0.96875,0.0
10,10,0.0,0.0,0.0,0.0,0.0,0.0,0.0,0.0,0.0,0.03125,0.96875,0.0
10,10,0.0,0.0,0.0,0.0,0.0,0.0,0.0,0.0,0.0,0.03125,0.96875,0.0
10,10,0.0,0.0,0.0,0.0,0.0,0.0,0.0,0.0,0.0,0.03125,0.96875,0.0
10,10,0.0,0.0,0.0,0.0,0.0,0.0,0.0,0.0,0.0,0.03125,0.96875,0.0
10,10,0.0,0.0,0.0,0.0,0.0,0.0,0.0,0.0,0.0,0.03125,0.96875,0.0
10,10,0.0,0.0,0.0,0.0,0.0,0.0,0.0,0.0,0.0,0.03125,0.96875,0.0
10,10,0.0,0.0,0.0,0.0,0.0,0.0,0.0,0.0,0.0,0.03125,0.96875,0.0
10,10,0.0,0.0,0.0,0.0,0.0,0.0,0.0,0.0,0.0,0.03125,0.96875,0.0
10,10,0.0,0.0,0.0,0.0,0.0,0.0,0.0,0.0,0.0,0.03125,0.96875,0.0
10,10,0.0,0.0,0.0,0.0,0.0,0.0,0.0,0.0,0.0,0.03125,0.96875,0.0
10,10,0.0,0.0,0.0,0.0,0.0,0.0,0.0,0.0,0.0,0.03125,0.96875,0.0
10,10,0.0,0.0,0.0,0.0,0.0,0.0,0.0,0.0,0.0,0.03125,0.96875,0.0
10,10,0.0,0.0,0.0,0.0,0.0,0.0,0.0,0.0,0.0,0.03125,0.96875,0.0
10,10,0.0,0.0,0.0,0.0,0.0,0.0,0.0,0.0,0.0,0.03125,0.96875,0.0
10,10,0.0,0.0,0.0,0.0,0.0,0.0,0.0,0.0,0.0,0.03125,0.96875,0.0
10,10,0.0,0.0,0.0,0.0,0.0,0.0,0.0,0.0,0.0,0.03125,0.96875,0.0
10,10,0.0,0.0,0.0,0.0,0.0,0.0,0.0,0.0,0.0,0.03125,0.96875,0.0
10,10,0.0,0.0,0.0,0.0,0.0,0.0,0.0,0.0,0.0,0.03125,0.96875,0.0
10,10,0.0,0.0,0.0,0.0,0.0,0.0,0.0,0.0,0.0,0.03125,0.96875,0.0
10,10,0.0,0.0,0.0,0.0,0.0,0.0,0.0,0.0,0.0,0.03125,0.96875,0.0
10,10,0.0,0.0,0.0,0.0,0.0,0.0,0.0,0.0,0.0,0.03125,0.96875,0.0
10,10,0.0,0.0,0.0,0.0,0.0,0.0,0.0,0.0,0.0,0.03125,0.96875,0.0
10,10,0.0,0.0,0.0,0.0,0.0,0.0,0.0,0.0,0.0,0.03125,0.96875,0.0
10,10,0.0,0.0,0.0,0.0,0.0,0.0,0.0,0.0,0.0,0.03125,0.96875,0.0
10,10,0.0,0.0,0.0,0.0,0.0,0.0,0.0,0.0,0.0,0.03125,0.96875,0.0
10,10,0.0,0.0,0.0,0.0,0.0,0.0,0.0,0.0,0.0,0.03125,0.96875,0.0
10,10,0.0,0.0,0.0,0.0,0.0,0.0,0.0,0.0,0.0,0.03125,0.96875,0.0
10,10,0.0,0.0,0.0,0.0,0.0,0.0,0.0,0.0,0.0,0.03125,0.96875,0.0
10,10,0.0,0.0,0.0,0.0,0.0,0.0,0.0,0.0,0.0,0.03125,0.96875,0.0
10,10,0.0,0.0,0.0,0.0,0.0,0.0,0.0,0.0,0.0,0.03125,0.96875,0.0
10,10,0.0,0.0,0.0,0.0,0.0,0.0,0.0,0.0,0.0,0.03125,0.96875,0.0
10,10,0.0,0.0,0.0,0.0,0.0,0.0,0.0,0.0,0.0,0.03125,0.96875,0.0
10,10,0.0,0.0,0.0,0.0,0.0,0.0,0.0,0.0,0.0,0.03125,0.96875,0.0
10,10,0.0,0.0,0.0,0.0,0.0,0.0,0.0,0.0,0.0,0.03125,0.96875,0.0
10,10,0.0,0.0,0.0,0.0,0.0,0.0,0.0,0.0,0.0,0.03125,0.96875,0.0
10,10,0.0,0.0,0.0,0.0,0.0,0.0,0.0,0.0,0.0,0.03125,0.96875,0.0
10,10,0.0,0.0,0.0,0.0,0.0,0.0,0.0,0.0,0.0,0.03125,0.96875,0.0
10,10,0.0,0.0,0.0,0.0,0.0,0.0,0.0,0.0,0.0,0.03125,0.96875,0.0
10,10,0.0,0.0,0.0,0.0,0.0,0.0,0.0,0.0,0.0,0.03125,0.96875,0.0
10,10,0.0,0.0,0.0,0.0,0.0,0.0,0.0,0.0,0.0,0.03125,0.96875,0.0
10,10,0.0,0.0,0.0,0.0,0.0,0.0,0.0,0.0,0.0,0.03125,0.96875,0.0
10,10,0.0,0.0,0.0,0.0,0.0,0.0,0.0,0.0,0.0,0.03125,0.96875,0.0
10,10,0.0,0.0,0.0,0.0,0.0,0.0,0.0,0.0,0.0,0.03125,0.96875,0.0
10,10,0.0,0.0,0.0,0.0,0.0,0.0,0.0,0.0,0.0,0.03125,0.96875,0.0
10,10,0.0,0.0,0.0,0.0,0.0,0.0,0.0,0.0,0.0,0.03125,0.96875,0.0
10,10,0.0,0.0,0.0,0.0,0.0,0.0,0.0,0.0,0.0,0.03125,0.96875,0.0
10,10,0.0,0.0,0.0,0.0,0.0,0.0,0.0,0.0,0.0,0.03125,0.96875,0.0
10,10,0.0,0.0,0.0,0.0,0.0,0.0,0.0,0.0,0.0,0.03125,0.96875,0.0
10,10,0.0,0.0,0.0,0.0,0.0,0.0,0.0,0.0,0.0,0.03125,0.96875,0.0
10,10,0.0,0.0,0.0,0.0,0.0,0.0,0.0,0.0,0.0,0.03125,0.96875,0.0
10,10,0.0,0.0,0.0,0.0,0.0,0.0,0.0,0.0,0.0,0.03125,0.96875,0.0
10,10,0.0,0.0,0.0,0.0,0.0,0.0,0.0,0.0,0.0,0.03125,0.96875,0.0
10,10,0.0,0.0,0.0,0.0,0.0,0.0,0.0,0.0,0.0,0.03125,0.96875,0.0
10,10,0.0,0.0,0.0,0.0,0.0,0.0,0.0,0.0,0.0,0.03125,0.96875,0.0
10,10,0.0,0.0,0.0,0.0,0.0,0.0,0.0,0.0,0.0,0.03125,0.96875,0.0
10,10,0.0,0.0,0.0,0.0,0.0,0.0,0.0,0.0,0.0,0.03125,0.96875,0.0
10,10,0.0,0.0,0.0,0.0,0.0,0.0,0.0,0.0,0.0,0.03125,0.96875,0.0
10,10,0.0,0.0,0.0,0.0,0.0,0.0,0.0,0.0,0.0,0.03125,0.96875,0.0
10,10,0.0,0.0,0.0,0.0,0.0,0.0,0.0,0.0,0.0,0.03125,0.96875,0.0
10,10,0.0,0.0,0.0,0.0,0.0,0.0,0.0,0.0,0.0,0.03125,0.96875,0.0
10,10,0.0,0.0,0.0,0.0,0.0,0.0,0.0,0.0,0.0,0.03125,0.96875,0.0
10,10,0.0,0.0,0.0,0.0,0.0,0.0,0.0,0.0,0.0,0.03125,0.96875,0.0
10,10,0.0,0.0,0.0,0.0,0.0,0.0,0.0,0.0,0.0,0.03125,0.96875,0.0
10,10,0.0,0.0,0.0,0.0,0.0,0.0,0.0,0.0,0.0,0.03125,0.96875,0.0
10,10,0.0,0.0,0.0,0.0,0.0,0.0,0.0,0.0,0.0,0.03125,0.96875,0.0
10,10,0.0,0.0,0.0,0.0,0.0,0.0,0.0,0.0,0.0,0.03125,0.96875,0.0
10,10,0.0,0.0,0.0,0.0,0.0,0.0,0.0,0.0,0.0,0.03125,0.96875,0.0
10,10,0.0,0.0,0.0,0.0,0.0,0.0,0.0,0.0,0.0,0.03125,0.96875,0.0
10,10,0.0,0.0,0.0,0.0,0.0,0.0,0.0,0.0,0.0,0.03125,0.96875,0.0
10,10,0.0,0.0,0.0,0.0,0.0,0.0,0.0,0.0,0.0,0.03125,0.96875,0.0
10,10,0.0,0.0,0.0,0.0,0.0,0.0,0.0,0.0,0.0,0.03125,0.96875,0.0
10,10,0.0,0.0,0.0,0.0,0.0,0.0,0.0,0.0,0.0,0.03125,0.96875,0.0
10,10,0.0,0.0,0.0,0.0,0.0,0.0,0.0,0.0,0.0,0.03125,0.96875,0.0
10,10,0.0,0.0,0.0,0.0,0.0,0.0,0.0,0.0,0.0,0.03125,0.96875,0.0
10,10,0.0,0.0,0.0,0.0,0.0,0.0,0.0,0.0,0.0,0.03125,0.96875,0.0
10,10,0.0,0.0,0.0,0.0,0.0,0.0,0.0,0.0,0.0,0.03125,0.96875,0.0
10,10,0.0,0.0,0.0,0.0,0.0,0.0,0.0,0.0,0.0,0.03125,0.96875,0.0
10,10,0.0,0.0,0.0,0.0,0.0,0.0,0.0,0.0,0.0,0.03125,0.96875,0.0
10,10,0.0,0.0,0.0,0.0,0.0,0.0,0.0,0.0,0.0,0.03125,0.96875,0.0
10,10,0.0,0.0,0.0,0.0,0.0,0.0,0.0,0.0,0.0,0.03125,0.96875,0.0
10,10,0.0,0.0,0.0,0.0,0.0,0.0,0.0,0.0,0.0,0.03125,0.96875,0.0
10,10,0.0,0.0,0.0,0.0,0.0,0.0,0.0,0.0,0.0,0.03125,0.96875,0.0
10,10,0.0,0.0,0.0,0.0,0.0,0.0,0.0,0.0,0.0,0.03125,0.96875,0.0
10,10,0.0,0.0,0.0,0.0,0.0,0.0,0.0,0.0,0.0,0.03125,0.96875,0.0
10,10,0.0,0.0,0.0,0.0,0.0,0.0,0.0,0.0,0.0,0.03125,0.96875,0.0
10,10,0.0,0.0,0.0,0.0,0.0,0.0,0.0,0.0,0.0,0.03125,0.96875,0.0
10,10,0.0,0.0,0.0,0.0,0.0,0.0,0.0,0.0,0.0,0.03125,0.96875,0.0
10,10,0.0,0.0,0.0,0.0,0.0,0.0,0.0,0.0,0.0,0.03125,0.96875,0.0
10,10,0.0,0.0,0.0,0.0,0.0,0.0,0.0,0.0,0.0,0.03125,0.96875,0.0
10,10,0.0,0.0,0.0,0.0,0.0,0.0,0.0,0.0,0.0,0.03125,0.96875,0.0
10,10,0.0,0.0,0.0,0.0,0.0,0.0,0.0,0.0,0.0,0.03125,0.96875,0.0
10,10,0.0,0.0,0.0,0.0,0.0,0.0,0.0,0.0,0.0,0.03125,0.96875,0.0
10,10,0.0,0.0,0.0,0.0,0.0,0.0,0.0,0.0,0.0,0.03125,0.96875,0.0
10,10,0.0,0.0,0.0,0.0,0.0,0.0,0.0,0.0,0.0,0.03125,0.96875,0.0
10,10,0.0,0.0,0.0,0.0,0.0,0.0,0.0,0.0,0.0,0.03125,0.96875,0.0
10,10,0.0,0.0,0.0,0.0,0.0,0.0,0.0,0.0,0.0,0.03125,0.96875,0.0
10,10,0.0,0.0,0.0,0.0,0.0,0.0,0.0,0.0,0.0,0.03125,0.96875,0.0
10,10,0.0,0.0,0.0,0.0,0.0,0.0,0.0,0.0,0.0,0.03125,0.96875,0.0
10,10,0.0,0.0,0.0,0.0,0.0,0.0,0.0,0.0,0.0,0.03125,0.96875,0.0
10,10,0.0,0.0,0.0,0.0,0.0,0.0,0.0,0.0,0.0,0.03125,0.96875,0.0
10,10,0.0,0.0,0.0,0.0,0.0,0.0,0.0,0.0,0.0,0.03125,0.96875,0.0
10,10,0.0,0.0,0.0,0.0,0.0,0.0,0.0,0.0,0.0,0.03125,0.96875,0.0
10,10,0.0,0.0,0.0,0.0,0.0,0.0,0.0,0.0,0.0,0.03125,0.96875,0.0
10,10,0.0,0.0,0.0,0.0,0.0,0.0,0.0,0.0,0.0,0.03125,0.96875,0.0
10,10,0.0,0.0,0.0,0.0,0.0,0.0,0.0,0.0,0.0,0.03125,0.96875,0.0
10,10,0.0,0.0,0.0,0.0,0.0,0.0,0.0,0.0,0.0,0.03125,0.96875,0.0
10,10,0.0,0.0,0.0,0.0,0.0,0.0,0.0,0.0,0.0,0.03125,0.96875,0.0
10,10,0.0,0.0,0.0,0.0,0.0,0.0,0.0,0.0,0.0,0.03125,0.96875,0.0
10,10,0.0,0.0,0.0,0.0,0.0,0.0,0.0,0.0,0.0,0.03125,0.96875,0.0
10,10,0.0,0.0,0.0,0.0,0.0,0.0,0.0,0.0,0.0,0.03125,0.96875,0.0
10,10,0.0,0.0,0.0,0.0,0.0,0.0,0.0,0.0,0.0,0.03125,0.96875,0.0
10,10,0.0,0.0,0.0,0.0,0.0,0.0,0.0,0.0,0.0,0.03125,0.96875,0.0
10,10,0.0,0.0,0.0,0.0,0.0,0.0,0.0,0.0,0.0,0.03125,0.96875,0.0
10,10,0.0,0.0,0.0,0.0,0.0,0.0,0.0,0.0,0.0,0.03125,0.96875,0.0
10,10,0.0,0.0,0.0,0.0,0.0,0.0,0.0,0.0,0.0,0.03125,0.96875,0.0
10,10,0.0,0.0,0.0,0.0,0.0,0.0,0.0,0.0,0.0,0.03125,0.96875,0.0
10,10,0.0,0.0,0.0,0.0,0.0,0.0,0.0,0.0,0.0,0.03125,0.96875,0.0
10,10,0.0,0.0,0.0,0.0,0.0,0.0,0.0,0.0,0.0,0.03125,0.96875,0.0
10,10,0.0,0.0,0.0,0.0,0.0,0.0,0.0,0.0,0.0,0.03125,0.96875,0.0
10,10,0.0,0.0,0.0,0.0,0.0,0.0,0.0,0.0,0.0,0.03125,0.96875,0.0
10,10,0.0,0.0,0.0,0.0,0.0,0.0,0.0,0.0,0.0,0.03125,0.96875,0.0
10,10,0.0,0.0,0.0,0.0,0.0,0.0,0.0,0.0,0.0,0.03125,0.96875,0.0
10,10,0.0,0.0,0.0,0.0,0.0,0.0,0.0,0.0,0.0,0.03125,0.96875,0.0
10,10,0.0,0.0,0.0,0.0,0.0,0.0,0.0,0.0,0.0,0.03125,0.96875,0.0
10,10,0.0,0.0,0.0,0.0,0.0,0.0,0.0,0.0,0.0,0.03125,0.96875,0.0
10,10,0.0,0.0,0.0,0.0,0.0,0.0,0.0,0.0,0.0,0.03125,0.96875,0.0
10,10,0.0,0.0,0.0,0.0,0.0,0.0,0.0,0.0,0.0,0.03125,0.96875,0.0
10,10,0.0,0.0,0.0,0.0,0.0,0.0,0.0,0.0,0.0,0.03125,0.96875,0.0
10,10,0.0,0.0,0.0,0.0,0.0,0.0,0.0,0.0,0.0,0.03125,0.96875,0.0
10,10,0.0,0.0,0.0,0.0,0.0,0.0,0.0,0.0,0.0,0.03125,0.96875,0.0
10,10,0.0,0.0,0.0,0.0,0.0,0.0,0.0,0.0,0.0,0.03125,0.96875,0.0
10,10,0.0,0.0,0.0,0.0,0.0,0.0,0.0,0.0,0.0,0.03125,0.96875,0.0
10,10,0.0,0.0,0.0,0.0,0.0,0.0,0.0,0.0,0.0,0.03125,0.96875,0.0
10,10,0.0,0.0,0.0,0.0,0.0,0.0,0.0,0.0,0.0,0.03125,0.96875,0.0
10,10,0.0,0.0,0.0,0.0,0.0,0.0,0.0,0.0,0.0,0.03125,0.96875,0.0
10,10,0.0,0.0,0.0,0.0,0.0,0.0,0.0,0.0,0.0,0.03125,0.96875,0.0
10,10,0.0,0.0,0.0,0.0,0.0,0.0,0.0,0.0,0.0,0.03125,0.96875,0.0
10,10,0.0,0.0,0.0,0.0,0.0,0.0,0.0,0.0,0.0,0.03125,0.96875,0.0
10,10,0.0,0.0,0.0,0.0,0.0,0.0,0.0,0.0,0.0,0.03125,0.96875,0.0
10,10,0.0,0.0,0.0,0.0,0.0,0.0,0.0,0.0,0.0,0.03125,0.96875,0.0
10,10,0.0,0.0,0.0,0.0,0.0,0.0,0.0,0.0,0.0,0.03125,0.96875,0.0
10,10,0.0,0.0,0.0,0.0,0.0,0.0,0.0,0.0,0.0,0.03125,0.96875,0.0
10,10,0.0,0.0,0.0,0.0,0.0,0.0,0.0,0.0,0.0,0.03125,0.96875,0.0
10,10,0.0,0.0,0.0,0.0,0.0,0.0,0.0,0.0,0.0,0.03125,0.96875,0.0
10,10,0.0,0.0,0.0,0.0,0.0,0.0,0.0,0.0,0.0,0.03125,0.96875,0.0
10,10,0.0,0.0,0.0,0.0,0.0,0.0,0.0,0.0,0.0,0.03125,0.96875,0.0
10,10,0.0,0.0,0.0,0.0,0.0,0.0,0.0,0.0,0.0,0.03125,0.96875,0.0
10,10,0.0,0.0,0.0,0.0,0.0,0.0,0.0,0.0,0.0,0.03125,0.96875,0.0
10,10,0.0,0.0,0.0,0.0,0.0,0.0,0.0,0.0,0.0,0.03125,0.96875,0.0
10,10,0.0,0.0,0.0,0.0,0.0,0.0,0.0,0.0,0.0,0.03125,0.96875,0.0
10,10,0.0,0.0,0.0,0.0,0.0,0.0,0.0,0.0,0.0,0.03125,0.96875,0.0
10,10,0.0,0.0,0.0,0.0,0.0,0.0,0.0,0.0,0.0,0.03125,0.96875,0.0
10,10,0.0,0.0,0.0,0.0,0.0,0.0,0.0,0.0,0.0,0.03125,0.96875,0.0
10,10,0.0,0.0,0.0,0.0,0.0,0.0,0.0,0.0,0.0,0.03125,0.96875,0.0
10,10,0.0,0.0,0.0,0.0,0.0,0.0,0.0,0.0,0.0,0.03125,0.96875,0.0
10,10,0.0,0.0,0.0,0.0,0.0,0.0,0.0,0.0,0.0,0.03125,0.96875,0.0
10,10,0.0,0.0,0.0,0.0,0.0,0.0,0.0,0.0,0.0,0.03125,0.96875,0.0
10,10,0.0,0.0,0.0,0.0,0.0,0.0,0.0,0.0,0.0,0.03125,0.96875,0.0
10,10,0.0,0.0,0.0,0.0,0.0,0.0,0.0,0.0,0.0,0.03125,0.96875,0.0
10,10,0.0,0.0,0.0,0.0,0.0,0.0,0.0,0.0,0.0,0.03125,0.96875,0.0
10,10,0.0,0.0,0.0,0.0,0.0,0.0,0.0,0.0,0.0,0.03125,0.96875,0.0
10,10,0.0,0.0,0.0,0.0,0.0,0.0,0.0,0.0,0.0,0.03125,0.96875,0.0
10,10,0.0,0.0,0.0,0.0,0.0,0.0,0.0,0.0,0.0,0.03125,0.96875,0.0
10,10,0.0,0.0,0.0,0.0,0.0,0.0,0.0,0.0,0.0,0.03125,0.96875,0.0
10,10,0.0,0.0,0.0,0.0,0.0,0.0,0.0,0.0,0.0,0.03125,0.96875,0.0
10,10,0.0,0.0,0.0,0.0,0.0,0.0,0.0,0.0,0.0,0.03125,0.96875,0.0
10,10,0.0,0.0,0.0,0.0,0.0,0.0,0.0,0.0,0.0,0.03125,0.96875,0.0
10,10,0.0,0.0,0.0,0.0,0.0,0.0,0.0,0.0,0.0,0.03125,0.96875,0.0
10,10,0.0,0.0,0.0,0.0,0.0,0.0,0.0,0.0,0.0,0.03125,0.96875,0.0
10,10,0.0,0.0,0.0,0.0,0.0,0.0,0.0,0.0,0.0,0.03125,0.96875,0.0
10,10,0.0,0.0,0.0,0.0,0.0,0.0,0.0,0.0,0.0,0.03125,0.96875,0.0
10,10,0.0,0.0,0.0,0.0,0.0,0.0,0.0,0.0,0.0,0.03125,0.96875,0.0
10,10,0.0,0.0,0.0,0.0,0.0,0.0,0.0,0.0,0.0,0.03125,0.96875,0.0
10,10,0.0,0.0,0.0,0.0,0.0,0.0,0.0,0.0,0.0,0.03125,0.96875,0.0
10,10,0.0,0.0,0.0,0.0,0.0,0.0,0.0,0.0,0.0,0.03125,0.96875,0.0
10,10,0.0,0.0,0.0,0.0,0.0,0.0,0.0,0.0,0.0,0.03125,0.96875,0.0
10,10,0.0,0.0,0.0,0.0,0.0,0.0,0.0,0.0,0.0,0.03125,0.96875,0.0
10,10,0.0,0.0,0.0,0.0,0.0,0.0,0.0,0.0,0.0,0.03125,0.96875,0.0
10,10,0.0,0.0,0.0,0.0,0.0,0.0,0.0,0.0,0.0,0.03125,0.96875,0.0
10,10,0.0,0.0,0.0,0.0,0.0,0.0,0.0,0.0,0.0,0.03125,0.96875,0.0
10,10,0.0,0.0,0.0,0.0,0.0,0.0,0.0,0.0,0.0,0.03125,0.96875,0.0
10,10,0.0,0.0,0.0,0.0,0.0,0.0,0.0,0.0,0.0,0.03125,0.96875,0.0
10,10,0.0,0.0,0.0,0.0,0.0,0.0,0.0,0.0,0.0,0.03125,0.96875,0.0
10,10,0.0,0.0,0.0,0.0,0.0,0.0,0.0,0.0,0.0,0.03125,0.96875,0.0
10,10,0.0,0.0,0.0,0.0,0.0,0.0,0.0,0.0,0.0,0.03125,0.96875,0.0
10,10,0.0,0.0,0.0,0.0,0.0,0.0,0.0,0.0,0.0,0.03125,0.96875,0.0
10,10,0.0,0.0,0.0,0.0,0.0,0.0,0.0,0.0,0.0,0.03125,0.96875,0.0
10,10,0.0,0.0,0.0,0.0,0.0,0.0,0.0,0.0,0.0,0.03125,0.96875,0.0
10,10,0.0,0.0,0.0,0.0,0.0,0.0,0.0,0.0,0.0,0.03125,0.96875,0.0
10,10,0.0,0.0,0.0,0.0,0.0,0.0,0.0,0.0,0.0,0.03125,0.96875,0.0
10,10,0.0,0.0,0.0,0.0,0.0,0.0,0.0,0.0,0.0,0.03125,0.96875,0.0
10,10,0.0,0.0,0.0,0.0,0.0,0.0,0.0,0.0,0.0,0.03125,0.96875,0.0
10,10,0.0,0.0,0.0,0.0,0.0,0.0,0.0,0.0,0.0,0.03125,0.96875,0.0
10,10,0.0,0.0,0.0,0.0,0.0,0.0,0.0,0.0,0.0,0.03125,0.96875,0.0
10,10,0.0,0.0,0.0,0.0,0.0,0.0,0.0,0.0,0.0,0.03125,0.96875,0.0
10,10,0.0,0.0,0.0,0.0,0.0,0.0,0.0,0.0,0.0,0.03125,0.96875,0.0
10,10,0.0,0.0,0.0,0.0,0.0,0.0,0.0,0.0,0.0,0.03125,0.96875,0.0
10,10,0.0,0.0,0.0,0.0,0.0,0.0,0.0,0.0,0.0,0.03125,0.96875,0.0
10,10,0.0,0.0,0.0,0.0,0.0,0.0,0.0,0.0,0.0,0.03125,0.96875,0.0
10,10,0.0,0.0,0.0,0.0,0.0,0.0,0.0,0.0,0.0,0.03125,0.96875,0.0
10,10,0.0,0.0,0.0,0.0,0.0,0.0,0.0,0.0,0.0,0.03125,0.96875,0.0
10,10,0.0,0.0,0.0,0.0,0.0,0.0,0.0,0.0,0.0,0.03125,0.96875,0.0
10,10,0.0,0.0,0.0,0.0,0.0,0.0,0.0,0.0,0.0,0.03125,0.96875,0.0
10,10,0.0,0.0,0.0,0.0,0.0,0.0,0.0,0.0,0.0,0.03125,0.96875,0.0
10,10,0.0,0.0,0.0,0.0,0.0,0.0,0.0,0.0,0.0,0.03125,0.96875,0.0
10,10,0.0,0.0,0.0,0.0,0.0,0.0,0.0,0.0,0.0,0.03125,0.96875,0.0
10,10,0.0,0.0,0.0,0.0,0.0,0.0,0.0,0.0,0.0,0.03125,0.96875,0.0
10,10,0.0,0.0,0.0,0.0,0.0,0.0,0.0,0.0,0.0,0.03125,0.96875,0.0
10,10,0.0,0.0,0.0,0.0,0.0,0.0,0.0,0.0,0.0,0.03125,0.96875,0.0
10,10,0.0,0.0,0.0,0.0,0.0,0.0,0.0,0.0,0.0,0.03125,0.96875,0.0
10,10,0.0,0.0,0.0,0.0,0.0,0.0,0.0,0.0,0.0,0.03125,0.96875,0.0
10,10,0.0,0.0,0.0,0.0,0.0,0.0,0.0,0.0,0.0,0.03125,0.96875,0.0
10,10,0.0,0.0,0.0,0.0,0.0,0.0,0.0,0.0,0.0,0.03125,0.96875,0.0
10,10,0.0,0.0,0.0,0.0,0.0,0.0,0.0,0.0,0.0,0.03125,0.96875,0.0
10,10,0.0,0.0,0.0,0.0,0.0,0.0,0.0,0.0,0.0,0.03125,0.96875,0.0
10,10,0.0,0.0,0.0,0.0,0.0,0.0,0.0,0.0,0.0,0.03125,0.96875,0.0
10,10,0.0,0.0,0.0,0.0,0.0,0.0,0.0,0.0,0.0,0.03125,0.96875,0.0
10,10,0.0,0.0,0.0,0.0,0.0,0.0,0.0,0.0,0.0,0.03125,0.96875,0.0
10,10,0.0,0.0,0.0,0.0,0.0,0.0,0.0,0.0,0.0,0.03125,0.96875,0.0
10,10,0.0,0.0,0.0,0.0,0.0,0.0,0.0,0.0,0.0,0.03125,0.96875,0.0
10,10,0.0,0.0,0.0,0.0,0.0,0.0,0.0,0.0,0.0,0.03125,0.96875,0.0
10,10,0.0,0.0,0.0,0.0,0.0,0.0,0.0,0.0,0.0,0.03125,0.96875,0.0
10,10,0.0,0.0,0.0,0.0,0.0,0.0,0.0,0.0,0.0,0.03125,0.96875,0.0
10,10,0.0,0.0,0.0,0.0,0.0,0.0,0.0,0.0,0.0,0.03125,0.96875,0.0
10,10,0.0,0.0,0.0,0.0,0.0,0.0,0.0,0.0,0.0,0.03125,0.96875,0.0
10,10,0.0,0.0,0.0,0.0,0.0,0.0,0.0,0.0,0.0,0.03125,0.96875,0.0
10,10,0.0,0.0,0.0,0.0,0.0,0.0,0.0,0.0,0.0,0.03125,0.96875,0.0
10,10,0.0,0.0,0.0,0.0,0.0,0.0,0.0,0.0,0.0,0.03125,0.96875,0.0
10,10,0.0,0.0,0.0,0.0,0.0,0.0,0.0,0.0,0.0,0.03125,0.96875,0.0
10,10,0.0,0.0,0.0,0.0,0.0,0.0,0.0,0.0,0.0,0.03125,0.96875,0.0
10,10,0.0,0.0,0.0,0.0,0.0,0.0,0.0,0.0,0.0,0.03125,0.96875,0.0
10,10,0.0,0.0,0.0,0.0,0.0,0.0,0.0,0.0,0.0,0.03125,0.96875,0.0
10,10,0.0,0.0,0.0,0.0,0.0,0.0,0.0,0.0,0.0,0.03125,0.96875,0.0
10,10,0.0,0.0,0.0,0.0,0.0,0.0,0.0,0.0,0.0,0.03125,0.96875,0.0
10,10,0.0,0.0,0.0,0.0,0.0,0.0,0.0,0.0,0.0,0.03125,0.96875,0.0
10,10,0.0,0.0,0.0,0.0,0.0,0.0,0.0,0.0,0.0,0.03125,0.96875,0.0
10,10,0.0,0.0,0.0,0.0,0.0,0.0,0.0,0.0,0.0,0.03125,0.96875,0.0
10,10,0.0,0.0,0.0,0.0,0.0,0.0,0.0,0.0,0.0,0.03125,0.96875,0.0
10,10,0.0,0.0,0.0,0.0,0.0,0.0,0.0,0.0,0.0,0.03125,0.96875,0.0
10,10,0.0,0.0,0.0,0.0,0.0,0.0,0.0,0.0,0.0,0.03125,0.96875,0.0
10,10,0.0,0.0,0.0,0.0,0.0,0.0,0.0,0.0,0.0,0.03125,0.96875,0.0
10,10,0.0,0.0,0.0,0.0,0.0,0.0,0.0,0.0,0.0,0.03125,0.96875,0.0
10,10,0.0,0.0,0.0,0.0,0.0,0.0,0.0,0.0,0.0,0.03125,0.96875,0.0
10,10,0.0,0.0,0.0,0.0,0.0,0.0,0.0,0.0,0.0,0.03125,0.96875,0.0
10,10,0.0,0.0,0.0,0.0,0.0,0.0,0.0,0.0,0.0,0.03125,0.96875,0.0
10,10,0.0,0.0,0.0,0.0,0.0,0.0,0.0,0.0,0.0,0.03125,0.96875,0.0
10,10,0.0,0.0,0.0,0.0,0.0,0.0,0.0,0.0,0.0,0.03125,0.96875,0.0
10,10,0.0,0.0,0.0,0.0,0.0,0.0,0.0,0.0,0.0,0.03125,0.96875,0.0
10,10,0.0,0.0,0.0,0.0,0.0,0.0,0.0,0.0,0.0,0.03125,0.96875,0.0
10,10,0.0,0.0,0.0,0.0,0.0,0.0,0.0,0.0,0.0,0.03125,0.96875,0.0
10,10,0.0,0.0,0.0,0.0,0.0,0.0,0.0,0.0,0.0,0.03125,0.96875,0.0
10,10,0.0,0.0,0.0,0.0,0.0,0.0,0.0,0.0,0.0,0.03125,0.96875,0.0
10,10,0.0,0.0,0.0,0.0,0.0,0.0,0.0,0.0,0.0,0.03125,0.96875,0.0
10,10,0.0,0.0,0.0,0.0,0.0,0.0,0.0,0.0,0.0,0.03125,0.96875,0.0
10,10,0.0,0.0,0.0,0.0,0.0,0.0,0.0,0.0,0.0,0.03125,0.96875,0.0
10,10,0.0,0.0,0.0,0.0,0.0,0.0,0.0,0.0,0.0,0.03125,0.96875,0.0
10,10,0.0,0.0,0.0,0.0,0.0,0.0,0.0,0.0,0.0,0.03125,0.96875,0.0
10,10,0.0,0.0,0.0,0.0,0.0,0.0,0.0,0.0,0.0,0.03125,0.96875,0.0
10,10,0.0,0.0,0.0,0.0,0.0,0.0,0.0,0.0,0.0,0.03125,0.96875,0.0
10,10,0.0,0.0,0.0,0.0,0.0,0.0,0.0,0.0,0.0,0.03125,0.96875,0.0
10,10,0.0,0.0,0.0,0.0,0.0,0.0,0.0,0.0,0.0,0.03125,0.96875,0.0
10,10,0.0,0.0,0.0,0.0,0.0,0.0,0.0,0.0,0.0,0.03125,0.96875,0.0
10,10,0.0,0.0,0.0,0.0,0.0,0.0,0.0,0.0,0.0,0.03125,0.96875,0.0
10,10,0.0,0.0,0.0,0.0,0.0,0.0,0.0,0.0,0.0,0.03125,0.96875,0.0
10,10,0.0,0.0,0.0,0.0,0.0,0.0,0.0,0.0,0.0,0.03125,0.96875,0.0
10,10,0.0,0.0,0.0,0.0,0.0,0.0,0.0,0.0,0.0,0.03125,0.96875,0.0
10,10,0.0,0.0,0.0,0.0,0.0,0.0,0.0,0.0,0.0,0.03125,0.96875,0.0
10,10,0.0,0.0,0.0,0.0,0.0,0.0,0.0,0.0,0.0,0.03125,0.96875,0.0
10,10,0.0,0.0,0.0,0.0,0.0,0.0,0.0,0.0,0.0,0.03125,0.96875,0.0
10,10,0.0,0.0,0.0,0.0,0.0,0.0,0.0,0.0,0.0,0.03125,0.96875,0.0
10,10,0.0,0.0,0.0,0.0,0.0,0.0,0.0,0.0,0.0,0.03125,0.96875,0.0
10,10,0.0,0.0,0.0,0.0,0.0,0.0,0.0,0.0,0.0,0.03125,0.96875,0.0
10,10,0.0,0.0,0.0,0.0,0.0,0.0,0.0,0.0,0.0,0.03125,0.96875,0.0
10,10,0.0,0.0,0.0,0.0,0.0,0.0,0.0,0.0,0.0,0.03125,0.96875,0.0
10,10,0.0,0.0,0.0,0.0,0.0,0.0,0.0,0.0,0.0,0.03125,0.96875,0.0
10,10,0.0,0.0,0.0,0.0,0.0,0.0,0.0,0.0,0.0,0.03125,0.96875,0.0
10,10,0.0,0.0,0.0,0.0,0.0,0.0,0.0,0.0,0.0,0.03125,0.96875,0.0
10,10,0.0,0.0,0.0,0.0,0.0,0.0,0.0,0.0,0.0,0.03125,0.96875,0.0
10,10,0.0,0.0,0.0,0.0,0.0,0.0,0.0,0.0,0.0,0.03125,0.96875,0.0
10,10,0.0,0.0,0.0,0.0,0.0,0.0,0.0,0.0,0.0,0.03125,0.96875,0.0
10,10,0.0,0.0,0.0,0.0,0.0,0.0,0.0,0.0,0.0,0.03125,0.96875,0.0
10,10,0.0,0.0,0.0,0.0,0.0,0.0,0.0,0.0,0.0,0.03125,0.96875,0.0
10,10,0.0,0.0,0.0,0.0,0.0,0.0,0.0,0.0,0.0,0.03125,0.96875,0.0
10,10,0.0,0.0,0.0,0.0,0.0,0.0,0.0,0.0,0.0,0.03125,0.96875,0.0
10,10,0.0,0.0,0.0,0.0,0.0,0.0,0.0,0.0,0.0,0.03125,0.96875,0.0
10,10,0.0,0.0,0.0,0.0,0.0,0.0,0.0,0.0,0.0,0.03125,0.96875,0.0
10,10,0.0,0.0,0.0,0.0,0.0,0.0,0.0,0.0,0.0,0.03125,0.96875,0.0
10,10,0.0,0.0,0.0,0.0,0.0,0.0,0.0,0.0,0.0,0.03125,0.96875,0.0
10,10,0.0,0.0,0.0,0.0,0.0,0.0,0.0,0.0,0.0,0.03125,0.96875,0.0
10,10,0.0,0.0,0.0,0.0,0.0,0.0,0.0,0.0,0.0,0.03125,0.96875,0.0
10,10,0.0,0.0,0.0,0.0,0.0,0.0,0.0,0.0,0.0,0.03125,0.96875,0.0
10,10,0.0,0.0,0.0,0.0,0.0,0.0,0.0,0.0,0.0,0.03125,0.96875,0.0
10,10,0.0,0.0,0.0,0.0,0.0,0.0,0.0,0.0,0.0,0.03125,0.96875,0.0
10,10,0.0,0.0,0.0,0.0,0.0,0.0,0.0,0.0,0.0,0.03125,0.96875,0.0
10,10,0.0,0.0,0.0,0.0,0.0,0.0,0.0,0.0,0.0,0.03125,0.96875,0.0
10,10,0.0,0.0,0.0,0.0,0.0,0.0,0.0,0.0,0.0,0.03125,0.96875,0.0
10,10,0.0,0.0,0.0,0.0,0.0,0.0,0.0,0.0,0.0,0.03125,0.96875,0.0
10,10,0.0,0.0,0.0,0.0,0.0,0.0,0.0,0.0,0.0,0.03125,0.96875,0.0
10,10,0.0,0.0,0.0,0.0,0.0,0.0,0.0,0.0,0.0,0.03125,0.96875,0.0
10,10,0.0,0.0,0.0,0.0,0.0,0.0,0.0,0.0,0.0,0.03125,0.96875,0.0
10,10,0.0,0.0,0.0,0.0,0.0,0.0,0.0,0.0,0.0,0.03125,0.96875,0.0
10,10,0.0,0.0,0.0,0.0,0.0,0.0,0.0,0.0,0.0,0.03125,0.96875,0.0
10,10,0.0,0.0,0.0,0.0,0.0,0.0,0.0,0.0,0.0,0.03125,0.96875,0.0
10,10,0.0,0.0,0.0,0.0,0.0,0.0,0.0,0.0,0.0,0.03125,0.96875,0.0
10,10,0.0,0.0,0.0,0.0,0.0,0.0,0.0,0.0,0.0,0.03125,0.96875,0.0
10,10,0.0,0.0,0.0,0.0,0.0,0.0,0.0,0.0,0.0,0.03125,0.96875,0.0
10,10,0.0,0.0,0.0,0.0,0.0,0.0,0.0,0.0,0.0,0.03125,0.96875,0.0
10,10,0.0,0.0,0.0,0.0,0.0,0.0,0.0,0.0,0.0,0.03125,0.96875,0.0
10,10,0.0,0.0,0.0,0.0,0.0,0.0,0.0,0.0,0.0,0.03125,0.96875,0.0
10,10,0.0,0.0,0.0,0.0,0.0,0.0,0.0,0.0,0.0,0.03125,0.96875,0.0
10,10,0.0,0.0,0.0,0.0,0.0,0.0,0.0,0.0,0.0,0.03125,0.96875,0.0
10,10,0.0,0.0,0.0,0.0,0.0,0.0,0.0,0.0,0.0,0.03125,0.96875,0.0
10,10,0.0,0.0,0.0,0.0,0.0,0.0,0.0,0.0,0.0,0.03125,0.96875,0.0
10,10,0.0,0.0,0.0,0.0,0.0,0.0,0.0,0.0,0.0,0.03125,0.96875,0.0
10,10,0.0,0.0,0.0,0.0,0.0,0.0,0.0,0.0,0.0,0.03125,0.96875,0.0
10,10,0.0,0.0,0.0,0.0,0.0,0.0,0.0,0.0,0.0,0.03125,0.96875,0.0
10,10,0.0,0.0,0.0,0.0,0.0,0.0,0.0,0.0,0.0,0.03125,0.96875,0.0
10,10,0.0,0.0,0.0,0.0,0.0,0.0,0.0,0.0,0.0,0.03125,0.96875,0.0
10,10,0.0,0.0,0.0,0.0,0.0,0.0,0.0,0.0,0.0,0.03125,0.96875,0.0
10,10,0.0,0.0,0.0,0.0,0.0,0.0,0.0,0.0,0.0,0.03125,0.96875,0.0
10,10,0.0,0.0,0.0,0.0,0.0,0.0,0.0,0.0,0.0,0.03125,0.96875,0.0
10,10,0.0,0.0,0.0,0.0,0.0,0.0,0.0,0.0,0.0,0.03125,0.96875,0.0
10,10,0.0,0.0,0.0,0.0,0.0,0.0,0.0,0.0,0.0,0.03125,0.96875,0.0
10,10,0.0,0.0,0.0,0.0,0.0,0.0,0.0,0.0,0.0,0.03125,0.96875,0.0
10,10,0.0,0.0,0.0,0.0,0.0,0.0,0.0,0.0,0.0,0.03125,0.96875,0.0
10,10,0.0,0.0,0.0,0.0,0.0,0.0,0.0,0.0,0.0,0.03125,0.96875,0.0
10,10,0.0,0.0,0.0,0.0,0.0,0.0,0.0,0.0,0.0,0.03125,0.96875,0.0
10,10,0.0,0.0,0.0,0.0,0.0,0.0,0.0,0.0,0.0,0.03125,0.96875,0.0
10,10,0.0,0.0,0.0,0.0,0.0,0.0,0.0,0.0,0.0,0.03125,0.96875,0.0
10,10,0.0,0.0,0.0,0.0,0.0,0.0,0.0,0.0,0.0,0.03125,0.96875,0.0
10,10,0.0,0.0,0.0,0.0,0.0,0.0,0.0,0.0,0.0,0.03125,0.96875,0.0
10,10,0.0,0.0,0.0,0.0,0.0,0.0,0.0,0.0,0.0,0.03125,0.96875,0.0
10,10,0.0,0.0,0.0,0.0,0.0,0.0,0.0,0.0,0.0,0.03125,0.96875,0.0
10,10,0.0,0.0,0.0,0.0,0.0,0.0,0.0,0.0,0.0,0.03125,0.96875,0.0
10,10,0.0,0.0,0.0,0.0,0.0,0.0,0.0,0.0,0.0,0.03125,0.96875,0.0
10,10,0.0,0.0,0.0,0.0,0.0,0.0,0.0,0.0,0.0,0.03125,0.96875,0.0
10,10,0.0,0.0,0.0,0.0,0.0,0.0,0.0,0.0,0.0,0.03125,0.96875,0.0
10,10,0.0,0.0,0.0,0.0,0.0,0.0,0.0,0.0,0.0,0.03125,0.96875,0.0
10,10,0.0,0.0,0.0,0.0,0.0,0.0,0.0,0.0,0.0,0.03125,0.96875,0.0
10,10,0.0,0.0,0.0,0.0,0.0,0.0,0.0,0.0,0.0,0.03125,0.96875,0.0
10,10,0.0,0.0,0.0,0.0,0.0,0.0,0.0,0.0,0.0,0.03125,0.96875,0.0
10,10,0.0,0.0,0.0,0.0,0.0,0.0,0.0,0.0,0.0,0.03125,0.96875,0.0
10,10,0.0,0.0,0.0,0.0,0.0,0.0,0.0,0.0,0.0,0.03125,0.96875,0.0
10,10,0.0,0.0,0.0,0.0,0.0,0.0,0.0,0.0,0.0,0.03125,0.96875,0.0
10,10,0.0,0.0,0.0,0.0,0.0,0.0,0.0,0.0,0.0,0.03125,0.96875,0.0
10,10,0.0,0.0,0.0,0.0,0.0,0.0,0.0,0.0,0.0,0.03125,0.96875,0.0
10,10,0.0,0.0,0.0,0.0,0.0,0.0,0.0,0.0,0.0,0.03125,0.96875,0.0
10,10,0.0,0.0,0.0,0.0,0.0,0.0,0.0,0.0,0.0,0.03125,0.96875,0.0
10,10,0.0,0.0,0.0,0.0,0.0,0.0,0.0,0.0,0.0,0.03125,0.96875,0.0
10,10,0.0,0.0,0.0,0.0,0.0,0.0,0.0,0.0,0.0,0.03125,0.96875,0.0
10,10,0.0,0.0,0.0,0.0,0.0,0.0,0.0,0.0,0.0,0.03125,0.96875,0.0
10,10,0.0,0.0,0.0,0.0,0.0,0.0,0.0,0.0,0.0,0.03125,0.96875,0.0
10,10,0.0,0.0,0.0,0.0,0.0,0.0,0.0,0.0,0.0,0.03125,0.96875,0.0
10,10,0.0,0.0,0.0,0.0,0.0,0.0,0.0,0.0,0.0,0.03125,0.96875,0.0
10,10,0.0,0.0,0.0,0.0,0.0,0.0,0.0,0.0,0.0,0.03125,0.96875,0.0
10,10,0.0,0.0,0.0,0.0,0.0,0.0,0.0,0.0,0.0,0.03125,0.96875,0.0
10,10,0.0,0.0,0.0,0.0,0.0,0.0,0.0,0.0,0.0,0.03125,0.96875,0.0
10,10,0.0,0.0,0.0,0.0,0.0,0.0,0.0,0.0,0.0,0.03125,0.96875,0.0
10,10,0.0,0.0,0.0,0.0,0.0,0.0,0.0,0.0,0.0,0.03125,0.96875,0.0
10,10,0.0,0.0,0.0,0.0,0.0,0.0,0.0,0.0,0.0,0.03125,0.96875,0.0
10,10,0.0,0.0,0.0,0.0,0.0,0.0,0.0,0.0,0.0,0.03125,0.96875,0.0
10,10,0.0,0.0,0.0,0.0,0.0,0.0,0.0,0.0,0.0,0.03125,0.96875,0.0
10,10,0.0,0.0,0.0,0.0,0.0,0.0,0.0,0.0,0.0,0.03125,0.96875,0.0
10,10,0.0,0.0,0.0,0.0,0.0,0.0,0.0,0.0,0.0,0.03125,0.96875,0.0
10,10,0.0,0.0,0.0,0.0,0.0,0.0,0.0,0.0,0.0,0.03125,0.96875,0.0
10,10,0.0,0.0,0.0,0.0,0.0,0.0,0.0,0.0,0.0,0.03125,0.96875,0.0
10,10,0.0,0.0,0.0,0.0,0.0,0.0,0.0,0.0,0.0,0.03125,0.96875,0.0
10,10,0.0,0.0,0.0,0.0,0.0,0.0,0.0,0.0,0.0,0.03125,0.96875,0.0
10,10,0.0,0.0,0.0,0.0,0.0,0.0,0.0,0.0,0.0,0.03125,0.96875,0.0
10,10,0.0,0.0,0.0,0.0,0.0,0.0,0.0,0.0,0.0,0.03125,0.96875,0.0
10,10,0.0,0.0,0.0,0.0,0.0,0.0,0.0,0.0,0.0,0.03125,0.96875,0.0
10,10,0.0,0.0,0.0,0.0,0.0,0.0,0.0,0.0,0.0,0.03125,0.96875,0.0
10,10,0.0,0.0,0.0,0.0,0.0,0.0,0.0,0.0,0.0,0.03125,0.96875,0.0
10,10,0.0,0.0,0.0,0.0,0.0,0.0,0.0,0.0,0.0,0.03125,0.96875,0.0
10,10,0.0,0.0,0.0,0.0,0.0,0.0,0.0,0.0,0.0,0.03125,0.96875,0.0
10,10,0.0,0.0,0.0,0.0,0.0,0.0,0.0,0.0,0.0,0.03125,0.96875,0.0
10,10,0.0,0.0,0.0,0.0,0.0,0.0,0.0,0.0,0.0,0.03125,0.96875,0.0
10,10,0.0,0.0,0.0,0.0,0.0,0.0,0.0,0.0,0.0,0.03125,0.96875,0.0
10,10,0.0,0.0,0.0,0.0,0.0,0.0,0.0,0.0,0.0,0.03125,0.96875,0.0
10,10,0.0,0.0,0.0,0.0,0.0,0.0,0.0,0.0,0.0,0.03125,0.96875,0.0
10,10,0.0,0.0,0.0,0.0,0.0,0.0,0.0,0.0,0.0,0.03125,0.96875,0.0
10,10,0.0,0.0,0.0,0.0,0.0,0.0,0.0,0.0,0.0,0.03125,0.96875,0.0
10,10,0.0,0.0,0.0,0.0,0.0,0.0,0.0,0.0,0.0,0.03125,0.96875,0.0
10,10,0.0,0.0,0.0,0.0,0.0,0.0,0.0,0.0,0.0,0.03125,0.96875,0.0
10,10,0.0,0.0,0.0,0.0,0.0,0.0,0.0,0.0,0.0,0.03125,0.96875,0.0
10,10,0.0,0.0,0.0,0.0,0.0,0.0,0.0,0.0,0.0,0.03125,0.96875,0.0
10,10,0.0,0.0,0.0,0.0,0.0,0.0,0.0,0.0,0.0,0.03125,0.96875,0.0
10,10,0.0,0.0,0.0,0.0,0.0,0.0,0.0,0.0,0.0,0.03125,0.96875,0.0
10,10,0.0,0.0,0.0,0.0,0.0,0.0,0.0,0.0,0.0,0.03125,0.96875,0.0
10,10,0.0,0.0,0.0,0.0,0.0,0.0,0.0,0.0,0.0,0.03125,0.96875,0.0
10,10,0.0,0.0,0.0,0.0,0.0,0.0,0.0,0.0,0.0,0.03125,0.96875,0.0
10,10,0.0,0.0,0.0,0.0,0.0,0.0,0.0,0.0,0.0,0.03125,0.96875,0.0
10,10,0.0,0.0,0.0,0.0,0.0,0.0,0.0,0.0,0.0,0.03125,0.96875,0.0
10,10,0.0,0.0,0.0,0.0,0.0,0.0,0.0,0.0,0.0,0.03125,0.96875,0.0
10,10,0.0,0.0,0.0,0.0,0.0,0.0,0.0,0.0,0.0,0.03125,0.96875,0.0
10,10,0.0,0.0,0.0,0.0,0.0,0.0,0.0,0.0,0.0,0.03125,0.96875,0.0
10,10,0.0,0.0,0.0,0.0,0.0,0.0,0.0,0.0,0.0,0.03125,0.96875,0.0
10,10,0.0,0.0,0.0,0.0,0.0,0.0,0.0,0.0,0.0,0.03125,0.96875,0.0
10,10,0.0,0.0,0.0,0.0,0.0,0.0,0.0,0.0,0.0,0.03125,0.96875,0.0
10,10,0.0,0.0,0.0,0.0,0.0,0.0,0.0,0.0,0.0,0.03125,0.96875,0.0
10,10,0.0,0.0,0.0,0.0,0.0,0.0,0.0,0.0,0.0,0.03125,0.96875,0.0
10,10,0.0,0.0,0.0,0.0,0.0,0.0,0.0,0.0,0.0,0.03125,0.96875,0.0
10,10,0.0,0.0,0.0,0.0,0.0,0.0,0.0,0.0,0.0,0.03125,0.96875,0.0
10,10,0.0,0.0,0.0,0.0,0.0,0.0,0.0,0.0,0.0,0.03125,0.96875,0.0
10,10,0.0,0.0,0.0,0.0,0.0,0.0,0.0,0.0,0.0,0.03125,0.96875,0.0
10,10,0.0,0.0,0.0,0.0,0.0,0.0,0.0,0.0,0.0,0.03125,0.96875,0.0
10,10,0.0,0.0,0.0,0.0,0.0,0.0,0.0,0.0,0.0,0.03125,0.96875,0.0
10,10,0.0,0.0,0.0,0.0,0.0,0.0,0.0,0.0,0.0,0.03125,0.96875,0.0
10,10,0.0,0.0,0.0,0.0,0.0,0.0,0.0,0.0,0.0,0.03125,0.96875,0.0
10,10,0.0,0.0,0.0,0.0,0.0,0.0,0.0,0.0,0.0,0.03125,0.96875,0.0
10,10,0.0,0.0,0.0,0.0,0.0,0.0,0.0,0.0,0.0,0.03125,0.96875,0.0
10,10,0.0,0.0,0.0,0.0,0.0,0.0,0.0,0.0,0.0,0.03125,0.96875,0.0
10,10,0.0,0.0,0.0,0.0,0.0,0.0,0.0,0.0,0.0,0.03125,0.96875,0.0
10,10,0.0,0.0,0.0,0.0,0.0,0.0,0.0,0.0,0.0,0.03125,0.96875,0.0
10,10,0.0,0.0,0.0,0.0,0.0,0.0,0.0,0.0,0.0,0.03125,0.96875,0.0
10,10,0.0,0.0,0.0,0.0,0.0,0.0,0.0,0.0,0.0,0.03125,0.96875,0.0
10,10,0.0,0.0,0.0,0.0,0.0,0.0,0.0,0.0,0.0,0.03125,0.96875,0.0
10,10,0.0,0.0,0.0,0.0,0.0,0.0,0.0,0.0,0.0,0.03125,0.96875,0.0
10,10,0.0,0.0,0.0,0.0,0.0,0.0,0.0,0.0,0.0,0.03125,0.96875,0.0
10,10,0.0,0.0,0.0,0.0,0.0,0.0,0.0,0.0,0.0,0.03125,0.96875,0.0
10,10,0.0,0.0,0.0,0.0,0.0,0.0,0.0,0.0,0.0,0.03125,0.96875,0.0
10,10,0.0,0.0,0.0,0.0,0.0,0.0,0.0,0.0,0.0,0.03125,0.96875,0.0
10,10,0.0,0.0,0.0,0.0,0.0,0.0,0.0,0.0,0.0,0.03125,0.96875,0.0
10,10,0.0,0.0,0.0,0.0,0.0,0.0,0.0,0.0,0.0,0.03125,0.96875,0.0
10,10,0.0,0.0,0.0,0.0,0.0,0.0,0.0,0.0,0.0,0.03125,0.96875,0.0
10,10,0.0,0.0,0.0,0.0,0.0,0.0,0.0,0.0,0.0,0.03125,0.96875,0.0
10,10,0.0,0.0,0.0,0.0,0.0,0.0,0.0,0.0,0.0,0.03125,0.96875,0.0
10,10,0.0,0.0,0.0,0.0,0.0,0.0,0.0,0.0,0.0,0.03125,0.96875,0.0
10,10,0.0,0.0,0.0,0.0,0.0,0.0,0.0,0.0,0.0,0.03125,0.96875,0.0
10,10,0.0,0.0,0.0,0.0,0.0,0.0,0.0,0.0,0.0,0.03125,0.96875,0.0
10,10,0.0,0.0,0.0,0.0,0.0,0.0,0.0,0.0,0.0,0.03125,0.96875,0.0
10,10,0.0,0.0,0.0,0.0,0.0,0.0,0.0,0.0,0.0,0.03125,0.96875,0.0
10,10,0.0,0.0,0.0,0.0,0.0,0.0,0.0,0.0,0.0,0.03125,0.96875,0.0
10,10,0.0,0.0,0.0,0.0,0.0,0.0,0.0,0.0,0.0,0.03125,0.96875,0.0
10,10,0.0,0.0,0.0,0.0,0.0,0.0,0.0,0.0,0.0,0.03125,0.96875,0.0
10,10,0.0,0.0,0.0,0.0,0.0,0.0,0.0,0.0,0.0,0.03125,0.96875,0.0
10,10,0.0,0.0,0.0,0.0,0.0,0.0,0.0,0.0,0.0,0.03125,0.96875,0.0
10,10,0.0,0.0,0.0,0.0,0.0,0.0,0.0,0.0,0.0,0.03125,0.96875,0.0
10,10,0.0,0.0,0.0,0.0,0.0,0.0,0.0,0.0,0.0,0.03125,0.96875,0.0
10,10,0.0,0.0,0.0,0.0,0.0,0.0,0.0,0.0,0.0,0.03125,0.96875,0.0
10,10,0.0,0.0,0.0,0.0,0.0,0.0,0.0,0.0,0.0,0.03125,0.96875,0.0
10,10,0.0,0.0,0.0,0.0,0.0,0.0,0.0,0.0,0.0,0.03125,0.96875,0.0
10,10,0.0,0.0,0.0,0.0,0.0,0.0,0.0,0.0,0.0,0.03125,0.96875,0.0
10,10,0.0,0.0,0.0,0.0,0.0,0.0,0.0,0.0,0.0,0.03125,0.96875,0.0
10,10,0.0,0.0,0.0,0.0,0.0,0.0,0.0,0.0,0.0,0.03125,0.96875,0.0
10,10,0.0,0.0,0.0,0.0,0.0,0.0,0.0,0.0,0.0,0.03125,0.96875,0.0
10,10,0.0,0.0,0.0,0.0,0.0,0.0,0.0,0.0,0.0,0.03125,0.96875,0.0
10,10,0.0,0.0,0.0,0.0,0.0,0.0,0.0,0.0,0.0,0.03125,0.96875,0.0
10,10,0.0,0.0,0.0,0.0,0.0,0.0,0.0,0.0,0.0,0.03125,0.96875,0.0
10,10,0.0,0.0,0.0,0.0,0.0,0.0,0.0,0.0,0.0,0.03125,0.96875,0.0
10,10,0.0,0.0,0.0,0.0,0.0,0.0,0.0,0.0,0.0,0.03125,0.96875,0.0
10,10,0.0,0.0,0.0,0.0,0.0,0.0,0.0,0.0,0.0,0.03125,0.96875,0.0
10,10,0.0,0.0,0.0,0.0,0.0,0.0,0.0,0.0,0.0,0.03125,0.96875,0.0
10,10,0.0,0.0,0.0,0.0,0.0,0.0,0.0,0.0,0.0,0.03125,0.96875,0.0
10,10,0.0,0.0,0.0,0.0,0.0,0.0,0.0,0.0,0.0,0.03125,0.96875,0.0
10,10,0.0,0.0,0.0,0.0,0.0,0.0,0.0,0.0,0.0,0.03125,0.96875,0.0
10,10,0.0,0.0,0.0,0.0,0.0,0.0,0.0,0.0,0.0,0.03125,0.96875,0.0
10,10,0.0,0.0,0.0,0.0,0.0,0.0,0.0,0.0,0.0,0.03125,0.96875,0.0
10,10,0.0,0.0,0.0,0.0,0.0,0.0,0.0,0.0,0.0,0.03125,0.96875,0.0
10,10,0.0,0.0,0.0,0.0,0.0,0.0,0.0,0.0,0.0,0.03125,0.96875,0.0
10,10,0.0,0.0,0.0,0.0,0.0,0.0,0.0,0.0,0.0,0.03125,0.96875,0.0
10,10,0.0,0.0,0.0,0.0,0.0,0.0,0.0,0.0,0.0,0.03125,0.96875,0.0
10,10,0.0,0.0,0.0,0.0,0.0,0.0,0.0,0.0,0.0,0.03125,0.96875,0.0
10,10,0.0,0.0,0.0,0.0,0.0,0.0,0.0,0.0,0.0,0.03125,0.96875,0.0
10,10,0.0,0.0,0.0,0.0,0.0,0.0,0.0,0.0,0.0,0.03125,0.96875,0.0
10,10,0.0,0.0,0.0,0.0,0.0,0.0,0.0,0.0,0.0,0.03125,0.96875,0.0
10,10,0.0,0.0,0.0,0.0,0.0,0.0,0.0,0.0,0.0,0.03125,0.96875,0.0
10,10,0.0,0.0,0.0,0.0,0.0,0.0,0.0,0.0,0.0,0.03125,0.96875,0.0
10,10,0.0,0.0,0.0,0.0,0.0,0.0,0.0,0.0,0.0,0.03125,0.96875,0.0
10,10,0.0,0.0,0.0,0.0,0.0,0.0,0.0,0.0,0.0,0.03125,0.96875,0.0
10,10,0.0,0.0,0.0,0.0,0.0,0.0,0.0,0.0,0.0,0.03125,0.96875,0.0
10,10,0.0,0.0,0.0,0.0,0.0,0.0,0.0,0.0,0.0,0.03125,0.96875,0.0
10,10,0.0,0.0,0.0,0.0,0.0,0.0,0.0,0.0,0.0,0.03125,0.96875,0.0
10,10,0.0,0.0,0.0,0.0,0.0,0.0,0.0,0.0,0.0,0.03125,0.96875,0.0
10,10,0.0,0.0,0.0,0.0,0.0,0.0,0.0,0.0,0.0,0.03125,0.96875,0.0
10,10,0.0,0.0,0.0,0.0,0.0,0.0,0.0,0.0,0.0,0.03125,0.96875,0.0
10,10,0.0,0.0,0.0,0.0,0.0,0.0,0.0,0.0,0.0,0.03125,0.96875,0.0
10,10,0.0,0.0,0.0,0.0,0.0,0.0,0.0,0.0,0.0,0.03125,0.96875,0.0
10,10,0.0,0.0,0.0,0.0,0.0,0.0,0.0,0.0,0.0,0.03125,0.96875,0.0
10,10,0.0,0.0,0.0,0.0,0.0,0.0,0.0,0.0,0.0,0.03125,0.96875,0.0
10,10,0.0,0.0,0.0,0.0,0.0,0.0,0.0,0.0,0.0,0.03125,0.96875,0.0
10,10,0.0,0.0,0.0,0.0,0.0,0.0,0.0,0.0,0.0,0.03125,0.96875,0.0
10,10,0.0,0.0,0.0,0.0,0.0,0.0,0.0,0.0,0.0,0.03125,0.96875,0.0
10,10,0.0,0.0,0.0,0.0,0.0,0.0,0.0,0.0,0.0,0.03125,0.96875,0.0
10,10,0.0,0.0,0.0,0.0,0.0,0.0,0.0,0.0,0.0,0.03125,0.96875,0.0
10,10,0.0,0.0,0.0,0.0,0.0,0.0,0.0,0.0,0.0,0.03125,0.96875,0.0
10,10,0.0,0.0,0.0,0.0,0.0,0.0,0.0,0.0,0.0,0.03125,0.96875,0.0
10,10,0.0,0.0,0.0,0.0,0.0,0.0,0.0,0.0,0.0,0.03125,0.96875,0.0
10,10,0.0,0.0,0.0,0.0,0.0,0.0,0.0,0.0,0.0,0.03125,0.96875,0.0
10,10,0.0,0.0,0.0,0.0,0.0,0.0,0.0,0.0,0.0,0.03125,0.96875,0.0
10,10,0.0,0.0,0.0,0.0,0.0,0.0,0.0,0.0,0.0,0.03125,0.96875,0.0
10,10,0.0,0.0,0.0,0.0,0.0,0.0,0.0,0.0,0.0,0.03125,0.96875,0.0
10,10,0.0,0.0,0.0,0.0,0.0,0.0,0.0,0.0,0.0,0.03125,0.96875,0.0
10,10,0.0,0.0,0.0,0.0,0.0,0.0,0.0,0.0,0.0,0.03125,0.96875,0.0
10,10,0.0,0.0,0.0,0.0,0.0,0.0,0.0,0.0,0.0,0.03125,0.96875,0.0
10,10,0.0,0.0,0.0,0.0,0.0,0.0,0.0,0.0,0.0,0.03125,0.96875,0.0
10,10,0.0,0.0,0.0,0.0,0.0,0.0,0.0,0.0,0.0,0.03125,0.96875,0.0
10,10,0.0,0.0,0.0,0.0,0.0,0.0,0.0,0.0,0.0,0.03125,0.96875,0.0
10,10,0.0,0.0,0.0,0.0,0.0,0.0,0.0,0.0,0.0,0.03125,0.96875,0.0
10,10,0.0,0.0,0.0,0.0,0.0,0.0,0.0,0.0,0.0,0.03125,0.96875,0.0
10,10,0.0,0.0,0.0,0.0,0.0,0.0,0.0,0.0,0.0,0.03125,0.96875,0.0
10,10,0.0,0.0,0.0,0.0,0.0,0.0,0.0,0.0,0.0,0.03125,0.96875,0.0
10,10,0.0,0.0,0.0,0.0,0.0,0.0,0.0,0.0,0.0,0.03125,0.96875,0.0
10,10,0.0,0.0,0.0,0.0,0.0,0.0,0.0,0.0,0.0,0.03125,0.96875,0.0
10,10,0.0,0.0,0.0,0.0,0.0,0.0,0.0,0.0,0.0,0.03125,0.96875,0.0
10,10,0.0,0.0,0.0,0.0,0.0,0.0,0.0,0.0,0.0,0.03125,0.96875,0.0
10,10,0.0,0.0,0.0,0.0,0.0,0.0,0.0,0.0,0.0,0.03125,0.96875,0.0
10,10,0.0,0.0,0.0,0.0,0.0,0.0,0.0,0.0,0.0,0.03125,0.96875,0.0
10,10,0.0,0.0,0.0,0.0,0.0,0.0,0.0,0.0,0.0,0.03125,0.96875,0.0
10,10,0.0,0.0,0.0,0.0,0.0,0.0,0.0,0.0,0.0,0.03125,0.96875,0.0
10,10,0.0,0.0,0.0,0.0,0.0,0.0,0.0,0.0,0.0,0.03125,0.96875,0.0
10,10,0.0,0.0,0.0,0.0,0.0,0.0,0.0,0.0,0.0,0.03125,0.96875,0.0
10,10,0.0,0.0,0.0,0.0,0.0,0.0,0.0,0.0,0.0,0.03125,0.96875,0.0
10,10,0.0,0.0,0.0,0.0,0.0,0.0,0.0,0.0,0.0,0.03125,0.96875,0.0
10,10,0.0,0.0,0.0,0.0,0.0,0.0,0.0,0.0,0.0,0.03125,0.96875,0.0
10,10,0.0,0.0,0.0,0.0,0.0,0.0,0.0,0.0,0.0,0.03125,0.96875,0.0
10,10,0.0,0.0,0.0,0.0,0.0,0.0,0.0,0.0,0.0,0.03125,0.96875,0.0
10,10,0.0,0.0,0.0,0.0,0.0,0.0,0.0,0.0,0.0,0.03125,0.96875,0.0
10,10,0.0,0.0,0.0,0.0,0.0,0.0,0.0,0.0,0.0,0.03125,0.96875,0.0
10,10,0.0,0.0,0.0,0.0,0.0,0.0,0.0,0.0,0.0,0.03125,0.96875,0.0
10,10,0.0,0.0,0.0,0.0,0.0,0.0,0.0,0.0,0.0,0.03125,0.96875,0.0
10,10,0.0,0.0,0.0,0.0,0.0,0.0,0.0,0.0,0.0,0.03125,0.96875,0.0
10,10,0.0,0.0,0.0,0.0,0.0,0.0,0.0,0.0,0.0,0.03125,0.96875,0.0
10,10,0.0,0.0,0.0,0.0,0.0,0.0,0.0,0.0,0.0,0.03125,0.96875,0.0
10,10,0.0,0.0,0.0,0.0,0.0,0.0,0.0,0.0,0.0,0.03125,0.96875,0.0
10,10,0.0,0.0,0.0,0.0,0.0,0.0,0.0,0.0,0.0,0.03125,0.96875,0.0
10,10,0.0,0.0,0.0,0.0,0.0,0.0,0.0,0.0,0.0,0.03125,0.96875,0.0
10,10,0.0,0.0,0.0,0.0,0.0,0.0,0.0,0.0,0.0,0.03125,0.96875,0.0
10,10,0.0,0.0,0.0,0.0,0.0,0.0,0.0,0.0,0.0,0.03125,0.96875,0.0
10,10,0.0,0.0,0.0,0.0,0.0,0.0,0.0,0.0,0.0,0.03125,0.96875,0.0
10,10,0.0,0.0,0.0,0.0,0.0,0.0,0.0,0.0,0.0,0.03125,0.96875,0.0
10,10,0.0,0.0,0.0,0.0,0.0,0.0,0.0,0.0,0.0,0.03125,0.96875,0.0
10,10,0.0,0.0,0.0,0.0,0.0,0.0,0.0,0.0,0.0,0.03125,0.96875,0.0
10,10,0.0,0.0,0.0,0.0,0.0,0.0,0.0,0.0,0.0,0.03125,0.96875,0.0
10,10,0.0,0.0,0.0,0.0,0.0,0.0,0.0,0.0,0.0,0.03125,0.96875,0.0
10,10,0.0,0.0,0.0,0.0,0.0,0.0,0.0,0.0,0.0,0.03125,0.96875,0.0
10,10,0.0,0.0,0.0,0.0,0.0,0.0,0.0,0.0,0.0,0.03125,0.96875,0.0
10,10,0.0,0.0,0.0,0.0,0.0,0.0,0.0,0.0,0.0,0.03125,0.96875,0.0
10,10,0.0,0.0,0.0,0.0,0.0,0.0,0.0,0.0,0.0,0.03125,0.96875,0.0
10,10,0.0,0.0,0.0,0.0,0.0,0.0,0.0,0.0,0.0,0.03125,0.96875,0.0
10,10,0.0,0.0,0.0,0.0,0.0,0.0,0.0,0.0,0.0,0.03125,0.96875,0.0
10,10,0.0,0.0,0.0,0.0,0.0,0.0,0.0,0.0,0.0,0.03125,0.96875,0.0
10,10,0.0,0.0,0.0,0.0,0.0,0.0,0.0,0.0,0.0,0.03125,0.96875,0.0
10,10,0.0,0.0,0.0,0.0,0.0,0.0,0.0,0.0,0.0,0.03125,0.96875,0.0
10,10,0.0,0.0,0.0,0.0,0.0,0.0,0.0,0.0,0.0,0.03125,0.96875,0.0
10,10,0.0,0.0,0.0,0.0,0.0,0.0,0.0,0.0,0.0,0.03125,0.96875,0.0
10,10,0.0,0.0,0.0,0.0,0.0,0.0,0.0,0.0,0.0,0.03125,0.96875,0.0
10,10,0.0,0.0,0.0,0.0,0.0,0.0,0.0,0.0,0.0,0.03125,0.96875,0.0
10,10,0.0,0.0,0.0,0.0,0.0,0.0,0.0,0.0,0.0,0.03125,0.96875,0.0
10,10,0.0,0.0,0.0,0.0,0.0,0.0,0.0,0.0,0.0,0.03125,0.96875,0.0
10,10,0.0,0.0,0.0,0.0,0.0,0.0,0.0,0.0,0.0,0.03125,0.96875,0.0
10,10,0.0,0.0,0.0,0.0,0.0,0.0,0.0,0.0,0.0,0.03125,0.96875,0.0
10,10,0.0,0.0,0.0,0.0,0.0,0.0,0.0,0.0,0.0,0.03125,0.96875,0.0
10,10,0.0,0.0,0.0,0.0,0.0,0.0,0.0,0.0,0.0,0.03125,0.96875,0.0
10,10,0.0,0.0,0.0,0.0,0.0,0.0,0.0,0.0,0.0,0.03125,0.96875,0.0
10,10,0.0,0.0,0.0,0.0,0.0,0.0,0.0,0.0,0.0,0.03125,0.96875,0.0
10,10,0.0,0.0,0.0,0.0,0.0,0.0,0.0,0.0,0.0,0.03125,0.96875,0.0
10,10,0.0,0.0,0.0,0.0,0.0,0.0,0.0,0.0,0.0,0.03125,0.96875,0.0
10,10,0.0,0.0,0.0,0.0,0.0,0.0,0.0,0.0,0.0,0.03125,0.96875,0.0
10,10,0.0,0.0,0.0,0.0,0.0,0.0,0.0,0.0,0.0,0.03125,0.96875,0.0
10,10,0.0,0.0,0.0,0.0,0.0,0.0,0.0,0.0,0.0,0.03125,0.96875,0.0
10,10,0.0,0.0,0.0,0.0,0.0,0.0,0.0,0.0,0.0,0.03125,0.96875,0.0
10,10,0.0,0.0,0.0,0.0,0.0,0.0,0.0,0.0,0.0,0.03125,0.96875,0.0
10,10,0.0,0.0,0.0,0.0,0.0,0.0,0.0,0.0,0.0,0.03125,0.96875,0.0
10,10,0.0,0.0,0.0,0.0,0.0,0.0,0.0,0.0,0.0,0.03125,0.96875,0.0
10,10,0.0,0.0,0.0,0.0,0.0,0.0,0.0,0.0,0.0,0.03125,0.96875,0.0
10,10,0.0,0.0,0.0,0.0,0.0,0.0,0.0,0.0,0.0,0.03125,0.96875,0.0
10,10,0.0,0.0,0.0,0.0,0.0,0.0,0.0,0.0,0.0,0.03125,0.96875,0.0
10,10,0.0,0.0,0.0,0.0,0.0,0.0,0.0,0.0,0.0,0.03125,0.96875,0.0
10,10,0.0,0.0,0.0,0.0,0.0,0.0,0.0,0.0,0.0,0.03125,0.96875,0.0
10,10,0.0,0.0,0.0,0.0,0.0,0.0,0.0,0.0,0.0,0.03125,0.96875,0.0
10,10,0.0,0.0,0.0,0.0,0.0,0.0,0.0,0.0,0.0,0.03125,0.96875,0.0
10,10,0.0,0.0,0.0,0.0,0.0,0.0,0.0,0.0,0.0,0.03125,0.96875,0.0
10,10,0.0,0.0,0.0,0.0,0.0,0.0,0.0,0.0,0.0,0.03125,0.96875,0.0
10,10,0.0,0.0,0.0,0.0,0.0,0.0,0.0,0.0,0.0,0.03125,0.96875,0.0
10,10,0.0,0.0,0.0,0.0,0.0,0.0,0.0,0.0,0.0,0.03125,0.96875,0.0
10,10,0.0,0.0,0.0,0.0,0.0,0.0,0.0,0.0,0.0,0.03125,0.96875,0.0
10,10,0.0,0.0,0.0,0.0,0.0,0.0,0.0,0.0,0.0,0.03125,0.96875,0.0
10,10,0.0,0.0,0.0,0.0,0.0,0.0,0.0,0.0,0.0,0.03125,0.96875,0.0
10,10,0.0,0.0,0.0,0.0,0.0,0.0,0.0,0.0,0.0,0.03125,0.96875,0.0
10,10,0.0,0.0,0.0,0.0,0.0,0.0,0.0,0.0,0.0,0.03125,0.96875,0.0
10,10,0.0,0.0,0.0,0.0,0.0,0.0,0.0,0.0,0.0,0.03125,0.96875,0.0
10,10,0.0,0.0,0.0,0.0,0.0,0.0,0.0,0.0,0.0,0.03125,0.96875,0.0
10,10,0.0,0.0,0.0,0.0,0.0,0.0,0.0,0.0,0.0,0.03125,0.96875,0.0
10,10,0.0,0.0,0.0,0.0,0.0,0.0,0.0,0.0,0.0,0.03125,0.96875,0.0
10,10,0.0,0.0,0.0,0.0,0.0,0.0,0.0,0.0,0.0,0.03125,0.96875,0.0
10,10,0.0,0.0,0.0,0.0,0.0,0.0,0.0,0.0,0.0,0.03125,0.96875,0.0
10,10,0.0,0.0,0.0,0.0,0.0,0.0,0.0,0.0,0.0,0.03125,0.96875,0.0
10,10,0.0,0.0,0.0,0.0,0.0,0.0,0.0,0.0,0.0,0.03125,0.96875,0.0
10,10,0.0,0.0,0.0,0.0,0.0,0.0,0.0,0.0,0.0,0.03125,0.96875,0.0
10,10,0.0,0.0,0.0,0.0,0.0,0.0,0.0,0.0,0.0,0.03125,0.96875,0.0
10,10,0.0,0.0,0.0,0.0,0.0,0.0,0.0,0.0,0.0,0.03125,0.96875,0.0
10,10,0.0,0.0,0.0,0.0,0.0,0.0,0.0,0.0,0.0,0.03125,0.96875,0.0
10,10,0.0,0.0,0.0,0.0,0.0,0.0,0.0,0.0,0.0,0.03125,0.96875,0.0
10,10,0.0,0.0,0.0,0.0,0.0,0.0,0.0,0.0,0.0,0.03125,0.96875,0.0
10,10,0.0,0.0,0.0,0.0,0.0,0.0,0.0,0.0,0.0,0.03125,0.96875,0.0
10,10,0.0,0.0,0.0,0.0,0.0,0.0,0.0,0.0,0.0,0.03125,0.96875,0.0
10,10,0.0,0.0,0.0,0.0,0.0,0.0,0.0,0.0,0.0,0.03125,0.96875,0.0
10,10,0.0,0.0,0.0,0.0,0.0,0.0,0.0,0.0,0.0,0.03125,0.96875,0.0
10,10,0.0,0.0,0.0,0.0,0.0,0.0,0.0,0.0,0.0,0.03125,0.96875,0.0
10,10,0.0,0.0,0.0,0.0,0.0,0.0,0.0,0.0,0.0,0.03125,0.96875,0.0
10,10,0.0,0.0,0.0,0.0,0.0,0.0,0.0,0.0,0.0,0.03125,0.96875,0.0
10,10,0.0,0.0,0.0,0.0,0.0,0.0,0.0,0.0,0.0,0.03125,0.96875,0.0
10,10,0.0,0.0,0.0,0.0,0.0,0.0,0.0,0.0,0.0,0.03125,0.96875,0.0
10,10,0.0,0.0,0.0,0.0,0.0,0.0,0.0,0.0,0.0,0.03125,0.96875,0.0
10,10,0.0,0.0,0.0,0.0,0.0,0.0,0.0,0.0,0.0,0.03125,0.96875,0.0
10,10,0.0,0.0,0.0,0.0,0.0,0.0,0.0,0.0,0.0,0.03125,0.96875,0.0
10,10,0.0,0.0,0.0,0.0,0.0,0.0,0.0,0.0,0.0,0.03125,0.96875,0.0
10,10,0.0,0.0,0.0,0.0,0.0,0.0,0.0,0.0,0.0,0.03125,0.96875,0.0
10,10,0.0,0.0,0.0,0.0,0.0,0.0,0.0,0.0,0.0,0.03125,0.96875,0.0
10,10,0.0,0.0,0.0,0.0,0.0,0.0,0.0,0.0,0.0,0.03125,0.96875,0.0
10,10,0.0,0.0,0.0,0.0,0.0,0.0,0.0,0.0,0.0,0.03125,0.96875,0.0
10,10,0.0,0.0,0.0,0.0,0.0,0.0,0.0,0.0,0.0,0.03125,0.96875,0.0
10,10,0.0,0.0,0.0,0.0,0.0,0.0,0.0,0.0,0.0,0.03125,0.96875,0.0
10,10,0.0,0.0,0.0,0.0,0.0,0.0,0.0,0.0,0.0,0.03125,0.96875,0.0
10,10,0.0,0.0,0.0,0.0,0.0,0.0,0.0,0.0,0.0,0.03125,0.96875,0.0
10,10,0.0,0.0,0.0,0.0,0.0,0.0,0.0,0.0,0.0,0.03125,0.96875,0.0
10,10,0.0,0.0,0.0,0.0,0.0,0.0,0.0,0.0,0.0,0.03125,0.96875,0.0
10,10,0.0,0.0,0.0,0.0,0.0,0.0,0.0,0.0,0.0,0.03125,0.96875,0.0
10,10,0.0,0.0,0.0,0.0,0.0,0.0,0.0,0.0,0.0,0.03125,0.96875,0.0
10,10,0.0,0.0,0.0,0.0,0.0,0.0,0.0,0.0,0.0,0.03125,0.96875,0.0
10,10,0.0,0.0,0.0,0.0,0.0,0.0,0.0,0.0,0.0,0.03125,0.96875,0.0
10,10,0.0,0.0,0.0,0.0,0.0,0.0,0.0,0.0,0.0,0.03125,0.96875,0.0
10,10,0.0,0.0,0.0,0.0,0.0,0.0,0.0,0.0,0.0,0.03125,0.96875,0.0
10,10,0.0,0.0,0.0,0.0,0.0,0.0,0.0,0.0,0.0,0.03125,0.96875,0.0
10,10,0.0,0.0,0.0,0.0,0.0,0.0,0.0,0.0,0.0,0.03125,0.96875,0.0
10,10,0.0,0.0,0.0,0.0,0.0,0.0,0.0,0.0,0.0,0.03125,0.96875,0.0
10,10,0.0,0.0,0.0,0.0,0.0,0.0,0.0,0.0,0.0,0.03125,0.96875,0.0
10,10,0.0,0.0,0.0,0.0,0.0,0.0,0.0,0.0,0.0,0.03125,0.96875,0.0
10,10,0.0,0.0,0.0,0.0,0.0,0.0,0.0,0.0,0.0,0.03125,0.96875,0.0
10,10,0.0,0.0,0.0,0.0,0.0,0.0,0.0,0.0,0.0,0.03125,0.96875,0.0
10,10,0.0,0.0,0.0,0.0,0.0,0.0,0.0,0.0,0.0,0.03125,0.96875,0.0
10,10,0.0,0.0,0.0,0.0,0.0,0.0,0.0,0.0,0.0,0.03125,0.96875,0.0
10,10,0.0,0.0,0.0,0.0,0.0,0.0,0.0,0.0,0.0,0.03125,0.96875,0.0
10,10,0.0,0.0,0.0,0.0,0.0,0.0,0.0,0.0,0.0,0.03125,0.96875,0.0
10,10,0.0,0.0,0.0,0.0,0.0,0.0,0.0,0.0,0.0,0.03125,0.96875,0.0
10,10,0.0,0.0,0.0,0.0,0.0,0.0,0.0,0.0,0.0,0.03125,0.96875,0.0
10,10,0.0,0.0,0.0,0.0,0.0,0.0,0.0,0.0,0.0,0.03125,0.96875,0.0
10,10,0.0,0.0,0.0,0.0,0.0,0.0,0.0,0.0,0.0,0.03125,0.96875,0.0
10,10,0.0,0.0,0.0,0.0,0.0,0.0,0.0,0.0,0.0,0.03125,0.96875,0.0
10,10,0.0,0.0,0.0,0.0,0.0,0.0,0.0,0.0,0.0,0.03125,0.96875,0.0
10,10,0.0,0.0,0.0,0.0,0.0,0.0,0.0,0.0,0.0,0.03125,0.96875,0.0
10,10,0.0,0.0,0.0,0.0,0.0,0.0,0.0,0.0,0.0,0.03125,0.96875,0.0
10,10,0.0,0.0,0.0,0.0,0.0,0.0,0.0,0.0,0.0,0.03125,0.96875,0.0
10,10,0.0,0.0,0.0,0.0,0.0,0.0,0.0,0.0,0.0,0.03125,0.96875,0.0
10,10,0.0,0.0,0.0,0.0,0.0,0.0,0.0,0.0,0.0,0.03125,0.96875,0.0
10,10,0.0,0.0,0.0,0.0,0.0,0.0,0.0,0.0,0.0,0.03125,0.96875,0.0
10,10,0.0,0.0,0.0,0.0,0.0,0.0,0.0,0.0,0.0,0.03125,0.96875,0.0
10,10,0.0,0.0,0.0,0.0,0.0,0.0,0.0,0.0,0.0,0.03125,0.96875,0.0
10,10,0.0,0.0,0.0,0.0,0.0,0.0,0.0,0.0,0.0,0.03125,0.96875,0.0
10,10,0.0,0.0,0.0,0.0,0.0,0.0,0.0,0.0,0.0,0.03125,0.96875,0.0
10,10,0.0,0.0,0.0,0.0,0.0,0.0,0.0,0.0,0.0,0.03125,0.96875,0.0
10,10,0.0,0.0,0.0,0.0,0.0,0.0,0.0,0.0,0.0,0.03125,0.96875,0.0
10,10,0.0,0.0,0.0,0.0,0.0,0.0,0.0,0.0,0.0,0.03125,0.96875,0.0
10,10,0.0,0.0,0.0,0.0,0.0,0.0,0.0,0.0,0.0,0.03125,0.96875,0.0
10,10,0.0,0.0,0.0,0.0,0.0,0.0,0.0,0.0,0.0,0.03125,0.96875,0.0
10,10,0.0,0.0,0.0,0.0,0.0,0.0,0.0,0.0,0.0,0.03125,0.96875,0.0
10,10,0.0,0.0,0.0,0.0,0.0,0.0,0.0,0.0,0.0,0.03125,0.96875,0.0
10,10,0.0,0.0,0.0,0.0,0.0,0.0,0.0,0.0,0.0,0.03125,0.96875,0.0
10,10,0.0,0.0,0.0,0.0,0.0,0.0,0.0,0.0,0.0,0.03125,0.96875,0.0
10,10,0.0,0.0,0.0,0.0,0.0,0.0,0.0,0.0,0.0,0.03125,0.96875,0.0
10,10,0.0,0.0,0.0,0.0,0.0,0.0,0.0,0.0,0.0,0.03125,0.96875,0.0
10,10,0.0,0.0,0.0,0.0,0.0,0.0,0.0,0.0,0.0,0.03125,0.96875,0.0
10,10,0.0,0.0,0.0,0.0,0.0,0.0,0.0,0.0,0.0,0.03125,0.96875,0.0
10,10,0.0,0.0,0.0,0.0,0.0,0.0,0.0,0.0,0.0,0.03125,0.96875,0.0
10,10,0.0,0.0,0.0,0.0,0.0,0.0,0.0,0.0,0.0,0.03125,0.96875,0.0
10,10,0.0,0.0,0.0,0.0,0.0,0.0,0.0,0.0,0.0,0.03125,0.96875,0.0
10,10,0.0,0.0,0.0,0.0,0.0,0.0,0.0,0.0,0.0,0.03125,0.96875,0.0
10,10,0.0,0.0,0.0,0.0,0.0,0.0,0.0,0.0,0.0,0.03125,0.96875,0.0
10,10,0.0,0.0,0.0,0.0,0.0,0.0,0.0,0.0,0.0,0.03125,0.96875,0.0
10,10,0.0,0.0,0.0,0.0,0.0,0.0,0.0,0.0,0.0,0.03125,0.96875,0.0
10,10,0.0,0.0,0.0,0.0,0.0,0.0,0.0,0.0,0.0,0.03125,0.96875,0.0
10,10,0.0,0.0,0.0,0.0,0.0,0.0,0.0,0.0,0.0,0.03125,0.96875,0.0
10,10,0.0,0.0,0.0,0.0,0.0,0.0,0.0,0.0,0.0,0.03125,0.96875,0.0
10,10,0.0,0.0,0.0,0.0,0.0,0.0,0.0,0.0,0.0,0.03125,0.96875,0.0
10,10,0.0,0.0,0.0,0.0,0.0,0.0,0.0,0.0,0.0,0.03125,0.96875,0.0
10,10,0.0,0.0,0.0,0.0,0.0,0.0,0.0,0.0,0.0,0.03125,0.96875,0.0
10,10,0.0,0.0,0.0,0.0,0.0,0.0,0.0,0.0,0.0,0.03125,0.96875,0.0
10,10,0.0,0.0,0.0,0.0,0.0,0.0,0.0,0.0,0.0,0.03125,0.96875,0.0
10,10,0.0,0.0,0.0,0.0,0.0,0.0,0.0,0.0,0.0,0.03125,0.96875,0.0
10,10,0.0,0.0,0.0,0.0,0.0,0.0,0.0,0.0,0.0,0.03125,0.96875,0.0
10,10,0.0,0.0,0.0,0.0,0.0,0.0,0.0,0.0,0.0,0.03125,0.96875,0.0
10,10,0.0,0.0,0.0,0.0,0.0,0.0,0.0,0.0,0.0,0.03125,0.96875,0.0
10,10,0.0,0.0,0.0,0.0,0.0,0.0,0.0,0.0,0.0,0.03125,0.96875,0.0
10,10,0.0,0.0,0.0,0.0,0.0,0.0,0.0,0.0,0.0,0.03125,0.96875,0.0
10,10,0.0,0.0,0.0,0.0,0.0,0.0,0.0,0.0,0.0,0.03125,0.96875,0.0
10,10,0.0,0.0,0.0,0.0,0.0,0.0,0.0,0.0,0.0,0.03125,0.96875,0.0
10,10,0.0,0.0,0.0,0.0,0.0,0.0,0.0,0.0,0.0,0.03125,0.96875,0.0
10,10,0.0,0.0,0.0,0.0,0.0,0.0,0.0,0.0,0.0,0.03125,0.96875,0.0
10,10,0.0,0.0,0.0,0.0,0.0,0.0,0.0,0.0,0.0,0.03125,0.96875,0.0
10,10,0.0,0.0,0.0,0.0,0.0,0.0,0.0,0.0,0.0,0.03125,0.96875,0.0
10,10,0.0,0.0,0.0,0.0,0.0,0.0,0.0,0.0,0.0,0.03125,0.96875,0.0
10,10,0.0,0.0,0.0,0.0,0.0,0.0,0.0,0.0,0.0,0.03125,0.96875,0.0
10,10,0.0,0.0,0.0,0.0,0.0,0.0,0.0,0.0,0.0,0.03125,0.96875,0.0
10,10,0.0,0.0,0.0,0.0,0.0,0.0,0.0,0.0,0.0,0.03125,0.96875,0.0
10,10,0.0,0.0,0.0,0.0,0.0,0.0,0.0,0.0,0.0,0.03125,0.96875,0.0
10,10,0.0,0.0,0.0,0.0,0.0,0.0,0.0,0.0,0.0,0.03125,0.96875,0.0
10,10,0.0,0.0,0.0,0.0,0.0,0.0,0.0,0.0,0.0,0.03125,0.96875,0.0
10,10,0.0,0.0,0.0,0.0,0.0,0.0,0.0,0.0,0.0,0.03125,0.96875,0.0
10,10,0.0,0.0,0.0,0.0,0.0,0.0,0.0,0.0,0.0,0.03125,0.96875,0.0
10,10,0.0,0.0,0.0,0.0,0.0,0.0,0.0,0.0,0.0,0.03125,0.96875,0.0
10,10,0.0,0.0,0.0,0.0,0.0,0.0,0.0,0.0,0.0,0.03125,0.96875,0.0
10,10,0.0,0.0,0.0,0.0,0.0,0.0,0.0,0.0,0.0,0.03125,0.96875,0.0
10,10,0.0,0.0,0.0,0.0,0.0,0.0,0.0,0.0,0.0,0.03125,0.96875,0.0
10,10,0.0,0.0,0.0,0.0,0.0,0.0,0.0,0.0,0.0,0.03125,0.96875,0.0
10,10,0.0,0.0,0.0,0.0,0.0,0.0,0.0,0.0,0.0,0.03125,0.96875,0.0
10,10,0.0,0.0,0.0,0.0,0.0,0.0,0.0,0.0,0.0,0.03125,0.96875,0.0
10,10,0.0,0.0,0.0,0.0,0.0,0.0,0.0,0.0,0.0,0.03125,0.96875,0.0
10,10,0.0,0.0,0.0,0.0,0.0,0.0,0.0,0.0,0.0,0.03125,0.96875,0.0
10,10,0.0,0.0,0.0,0.0,0.0,0.0,0.0,0.0,0.0,0.03125,0.96875,0.0
10,10,0.0,0.0,0.0,0.0,0.0,0.0,0.0,0.0,0.0,0.03125,0.96875,0.0
10,10,0.0,0.0,0.0,0.0,0.0,0.0,0.0,0.0,0.0,0.03125,0.96875,0.0
10,10,0.0,0.0,0.0,0.0,0.0,0.0,0.0,0.0,0.0,0.03125,0.96875,0.0
10,10,0.0,0.0,0.0,0.0,0.0,0.0,0.0,0.0,0.0,0.03125,0.96875,0.0
10,10,0.0,0.0,0.0,0.0,0.0,0.0,0.0,0.0,0.0,0.03125,0.96875,0.0
10,10,0.0,0.0,0.0,0.0,0.0,0.0,0.0,0.0,0.0,0.03125,0.96875,0.0
10,10,0.0,0.0,0.0,0.0,0.0,0.0,0.0,0.0,0.0,0.03125,0.96875,0.0
10,10,0.0,0.0,0.0,0.0,0.0,0.0,0.0,0.0,0.0,0.03125,0.96875,0.0
10,10,0.0,0.0,0.0,0.0,0.0,0.0,0.0,0.0,0.0,0.03125,0.96875,0.0
10,10,0.0,0.0,0.0,0.0,0.0,0.0,0.0,0.0,0.0,0.03125,0.96875,0.0
10,10,0.0,0.0,0.0,0.0,0.0,0.0,0.0,0.0,0.0,0.03125,0.96875,0.0
10,10,0.0,0.0,0.0,0.0,0.0,0.0,0.0,0.0,0.0,0.03125,0.96875,0.0
10,10,0.0,0.0,0.0,0.0,0.0,0.0,0.0,0.0,0.0,0.03125,0.96875,0.0
10,10,0.0,0.0,0.0,0.0,0.0,0.0,0.0,0.0,0.0,0.03125,0.96875,0.0
10,10,0.0,0.0,0.0,0.0,0.0,0.0,0.0,0.0,0.0,0.03125,0.96875,0.0
10,10,0.0,0.0,0.0,0.0,0.0,0.0,0.0,0.0,0.0,0.03125,0.96875,0.0
10,10,0.0,0.0,0.0,0.0,0.0,0.0,0.0,0.0,0.0,0.03125,0.96875,0.0
10,10,0.0,0.0,0.0,0.0,0.0,0.0,0.0,0.0,0.0,0.03125,0.96875,0.0
10,10,0.0,0.0,0.0,0.0,0.0,0.0,0.0,0.0,0.0,0.03125,0.96875,0.0
10,10,0.0,0.0,0.0,0.0,0.0,0.0,0.0,0.0,0.0,0.03125,0.96875,0.0
10,10,0.0,0.0,0.0,0.0,0.0,0.0,0.0,0.0,0.0,0.03125,0.96875,0.0
10,10,0.0,0.0,0.0,0.0,0.0,0.0,0.0,0.0,0.0,0.03125,0.96875,0.0
10,10,0.0,0.0,0.0,0.0,0.0,0.0,0.0,0.0,0.0,0.03125,0.96875,0.0
10,10,0.0,0.0,0.0,0.0,0.0,0.0,0.0,0.0,0.0,0.03125,0.96875,0.0
10,10,0.0,0.0,0.0,0.0,0.0,0.0,0.0,0.0,0.0,0.03125,0.96875,0.0
10,10,0.0,0.0,0.0,0.0,0.0,0.0,0.0,0.0,0.0,0.03125,0.96875,0.0
10,10,0.0,0.0,0.0,0.0,0.0,0.0,0.0,0.0,0.0,0.03125,0.96875,0.0
10,10,0.0,0.0,0.0,0.0,0.0,0.0,0.0,0.0,0.0,0.03125,0.96875,0.0
10,10,0.0,0.0,0.0,0.0,0.0,0.0,0.0,0.0,0.0,0.03125,0.96875,0.0
10,10,0.0,0.0,0.0,0.0,0.0,0.0,0.0,0.0,0.0,0.03125,0.96875,0.0
10,10,0.0,0.0,0.0,0.0,0.0,0.0,0.0,0.0,0.0,0.03125,0.96875,0.0
10,10,0.0,0.0,0.0,0.0,0.0,0.0,0.0,0.0,0.0,0.03125,0.96875,0.0
10,10,0.0,0.0,0.0,0.0,0.0,0.0,0.0,0.0,0.0,0.03125,0.96875,0.0
10,10,0.0,0.0,0.0,0.0,0.0,0.0,0.0,0.0,0.0,0.03125,0.96875,0.0
10,10,0.0,0.0,0.0,0.0,0.0,0.0,0.0,0.0,0.0,0.03125,0.96875,0.0
10,10,0.0,0.0,0.0,0.0,0.0,0.0,0.0,0.0,0.0,0.03125,0.96875,0.0
10,10,0.0,0.0,0.0,0.0,0.0,0.0,0.0,0.0,0.0,0.03125,0.96875,0.0
10,10,0.0,0.0,0.0,0.0,0.0,0.0,0.0,0.0,0.0,0.03125,0.96875,0.0
10,10,0.0,0.0,0.0,0.0,0.0,0.0,0.0,0.0,0.0,0.03125,0.96875,0.0
10,10,0.0,0.0,0.0,0.0,0.0,0.0,0.0,0.0,0.0,0.03125,0.96875,0.0
10,10,0.0,0.0,0.0,0.0,0.0,0.0,0.0,0.0,0.0,0.03125,0.96875,0.0
10,10,0.0,0.0,0.0,0.0,0.0,0.0,0.0,0.0,0.0,0.03125,0.96875,0.0
10,10,0.0,0.0,0.0,0.0,0.0,0.0,0.0,0.0,0.0,0.03125,0.96875,0.0
10,10,0.0,0.0,0.0,0.0,0.0,0.0,0.0,0.0,0.0,0.03125,0.96875,0.0
10,10,0.0,0.0,0.0,0.0,0.0,0.0,0.0,0.0,0.0,0.03125,0.96875,0.0
10,10,0.0,0.0,0.0,0.0,0.0,0.0,0.0,0.0,0.0,0.03125,0.96875,0.0
10,10,0.0,0.0,0.0,0.0,0.0,0.0,0.0,0.0,0.0,0.03125,0.96875,0.0
10,10,0.0,0.0,0.0,0.0,0.0,0.0,0.0,0.0,0.0,0.03125,0.96875,0.0
10,10,0.0,0.0,0.0,0.0,0.0,0.0,0.0,0.0,0.0,0.03125,0.96875,0.0
10,10,0.0,0.0,0.0,0.0,0.0,0.0,0.0,0.0,0.0,0.03125,0.96875,0.0
10,10,0.0,0.0,0.0,0.0,0.0,0.0,0.0,0.0,0.0,0.03125,0.96875,0.0
10,10,0.0,0.0,0.0,0.0,0.0,0.0,0.0,0.0,0.0,0.03125,0.96875,0.0
10,10,0.0,0.0,0.0,0.0,0.0,0.0,0.0,0.0,0.0,0.03125,0.96875,0.0
10,10,0.0,0.0,0.0,0.0,0.0,0.0,0.0,0.0,0.0,0.03125,0.96875,0.0
10,10,0.0,0.0,0.0,0.0,0.0,0.0,0.0,0.0,0.0,0.03125,0.96875,0.0
10,10,0.0,0.0,0.0,0.0,0.0,0.0,0.0,0.0,0.0,0.03125,0.96875,0.0
10,10,0.0,0.0,0.0,0.0,0.0,0.0,0.0,0.0,0.0,0.03125,0.96875,0.0
10,10,0.0,0.0,0.0,0.0,0.0,0.0,0.0,0.0,0.0,0.03125,0.96875,0.0
10,10,0.0,0.0,0.0,0.0,0.0,0.0,0.0,0.0,0.0,0.03125,0.96875,0.0
10,10,0.0,0.0,0.0,0.0,0.0,0.0,0.0,0.0,0.0,0.03125,0.96875,0.0
10,10,0.0,0.0,0.0,0.0,0.0,0.0,0.0,0.0,0.0,0.03125,0.96875,0.0
10,10,0.0,0.0,0.0,0.0,0.0,0.0,0.0,0.0,0.0,0.03125,0.96875,0.0
10,10,0.0,0.0,0.0,0.0,0.0,0.0,0.0,0.0,0.0,0.03125,0.96875,0.0
10,10,0.0,0.0,0.0,0.0,0.0,0.0,0.0,0.0,0.0,0.03125,0.96875,0.0
10,10,0.0,0.0,0.0,0.0,0.0,0.0,0.0,0.0,0.0,0.03125,0.96875,0.0
10,10,0.0,0.0,0.0,0.0,0.0,0.0,0.0,0.0,0.0,0.03125,0.96875,0.0
10,10,0.0,0.0,0.0,0.0,0.0,0.0,0.0,0.0,0.0,0.03125,0.96875,0.0
10,10,0.0,0.0,0.0,0.0,0.0,0.0,0.0,0.0,0.0,0.03125,0.96875,0.0
10,10,0.0,0.0,0.0,0.0,0.0,0.0,0.0,0.0,0.0,0.03125,0.96875,0.0
10,10,0.0,0.0,0.0,0.0,0.0,0.0,0.0,0.0,0.0,0.03125,0.96875,0.0
10,10,0.0,0.0,0.0,0.0,0.0,0.0,0.0,0.0,0.0,0.03125,0.96875,0.0
10,10,0.0,0.0,0.0,0.0,0.0,0.0,0.0,0.0,0.0,0.03125,0.96875,0.0
10,10,0.0,0.0,0.0,0.0,0.0,0.0,0.0,0.0,0.0,0.03125,0.96875,0.0
10,10,0.0,0.0,0.0,0.0,0.0,0.0,0.0,0.0,0.0,0.03125,0.96875,0.0
10,10,0.0,0.0,0.0,0.0,0.0,0.0,0.0,0.0,0.0,0.03125,0.96875,0.0
10,10,0.0,0.0,0.0,0.0,0.0,0.0,0.0,0.0,0.0,0.03125,0.96875,0.0
10,10,0.0,0.0,0.0,0.0,0.0,0.0,0.0,0.0,0.0,0.03125,0.96875,0.0
10,10,0.0,0.0,0.0,0.0,0.0,0.0,0.0,0.0,0.0,0.03125,0.96875,0.0
10,10,0.0,0.0,0.0,0.0,0.0,0.0,0.0,0.0,0.0,0.03125,0.96875,0.0
10,10,0.0,0.0,0.0,0.0,0.0,0.0,0.0,0.0,0.0,0.03125,0.96875,0.0
10,10,0.0,0.0,0.0,0.0,0.0,0.0,0.0,0.0,0.0,0.03125,0.96875,0.0
10,10,0.0,0.0,0.0,0.0,0.0,0.0,0.0,0.0,0.0,0.03125,0.96875,0.0
10,10,0.0,0.0,0.0,0.0,0.0,0.0,0.0,0.0,0.0,0.03125,0.96875,0.0
10,10,0.0,0.0,0.0,0.0,0.0,0.0,0.0,0.0,0.0,0.03125,0.96875,0.0
10,10,0.0,0.0,0.0,0.0,0.0,0.0,0.0,0.0,0.0,0.03125,0.96875,0.0
10,10,0.0,0.0,0.0,0.0,0.0,0.0,0.0,0.0,0.0,0.03125,0.96875,0.0
10,10,0.0,0.0,0.0,0.0,0.0,0.0,0.0,0.0,0.0,0.03125,0.96875,0.0
10,10,0.0,0.0,0.0,0.0,0.0,0.0,0.0,0.0,0.0,0.03125,0.96875,0.0
10,10,0.0,0.0,0.0,0.0,0.0,0.0,0.0,0.0,0.0,0.03125,0.96875,0.0
10,10,0.0,0.0,0.0,0.0,0.0,0.0,0.0,0.0,0.0,0.03125,0.96875,0.0
10,10,0.0,0.0,0.0,0.0,0.0,0.0,0.0,0.0,0.0,0.03125,0.96875,0.0
10,10,0.0,0.0,0.0,0.0,0.0,0.0,0.0,0.0,0.0,0.03125,0.96875,0.0
10,10,0.0,0.0,0.0,0.0,0.0,0.0,0.0,0.0,0.0,0.03125,0.96875,0.0
10,10,0.0,0.0,0.0,0.0,0.0,0.0,0.0,0.0,0.0,0.03125,0.96875,0.0
10,10,0.0,0.0,0.0,0.0,0.0,0.0,0.0,0.0,0.0,0.03125,0.96875,0.0
10,10,0.0,0.0,0.0,0.0,0.0,0.0,0.0,0.0,0.0,0.03125,0.96875,0.0
10,10,0.0,0.0,0.0,0.0,0.0,0.0,0.0,0.0,0.0,0.03125,0.96875,0.0
10,10,0.0,0.0,0.0,0.0,0.0,0.0,0.0,0.0,0.0,0.03125,0.96875,0.0
10,10,0.0,0.0,0.0,0.0,0.0,0.0,0.0,0.0,0.0,0.03125,0.96875,0.0
10,10,0.0,0.0,0.0,0.0,0.0,0.0,0.0,0.0,0.0,0.03125,0.96875,0.0
10,10,0.0,0.0,0.0,0.0,0.0,0.0,0.0,0.0,0.0,0.03125,0.96875,0.0
10,10,0.0,0.0,0.0,0.0,0.0,0.0,0.0,0.0,0.0,0.03125,0.96875,0.0
10,10,0.0,0.0,0.0,0.0,0.0,0.0,0.0,0.0,0.0,0.03125,0.96875,0.0
10,10,0.0,0.0,0.0,0.0,0.0,0.0,0.0,0.0,0.0,0.03125,0.96875,0.0
10,10,0.0,0.0,0.0,0.0,0.0,0.0,0.0,0.0,0.0,0.03125,0.96875,0.0
10,10,0.0,0.0,0.0,0.0,0.0,0.0,0.0,0.0,0.0,0.03125,0.96875,0.0
10,10,0.0,0.0,0.0,0.0,0.0,0.0,0.0,0.0,0.0,0.03125,0.96875,0.0
10,10,0.0,0.0,0.0,0.0,0.0,0.0,0.0,0.0,0.0,0.03125,0.96875,0.0
10,10,0.0,0.0,0.0,0.0,0.0,0.0,0.0,0.0,0.0,0.03125,0.96875,0.0
10,10,0.0,0.0,0.0,0.0,0.0,0.0,0.0,0.0,0.0,0.03125,0.96875,0.0
10,10,0.0,0.0,0.0,0.0,0.0,0.0,0.0,0.0,0.0,0.03125,0.96875,0.0
10,10,0.0,0.0,0.0,0.0,0.0,0.0,0.0,0.0,0.0,0.03125,0.96875,0.0
10,10,0.0,0.0,0.0,0.0,0.0,0.0,0.0,0.0,0.0,0.03125,0.96875,0.0
10,10,0.0,0.0,0.0,0.0,0.0,0.0,0.0,0.0,0.0,0.03125,0.96875,0.0
10,10,0.0,0.0,0.0,0.0,0.0,0.0,0.0,0.0,0.0,0.03125,0.96875,0.0
10,10,0.0,0.0,0.0,0.0,0.0,0.0,0.0,0.0,0.0,0.03125,0.96875,0.0
10,10,0.0,0.0,0.0,0.0,0.0,0.0,0.0,0.0,0.0,0.03125,0.96875,0.0
10,10,0.0,0.0,0.0,0.0,0.0,0.0,0.0,0.0,0.0,0.03125,0.96875,0.0
10,10,0.0,0.0,0.0,0.0,0.0,0.0,0.0,0.0,0.0,0.03125,0.96875,0.0
10,10,0.0,0.0,0.0,0.0,0.0,0.0,0.0,0.0,0.0,0.03125,0.96875,0.0
10,10,0.0,0.0,0.0,0.0,0.0,0.0,0.0,0.0,0.0,0.03125,0.96875,0.0
10,10,0.0,0.0,0.0,0.0,0.0,0.0,0.0,0.0,0.0,0.03125,0.96875,0.0
10,10,0.0,0.0,0.0,0.0,0.0,0.0,0.0,0.0,0.0,0.03125,0.96875,0.0
10,10,0.0,0.0,0.0,0.0,0.0,0.0,0.0,0.0,0.0,0.03125,0.96875,0.0
10,10,0.0,0.0,0.0,0.0,0.0,0.0,0.0,0.0,0.0,0.03125,0.96875,0.0
10,10,0.0,0.0,0.0,0.0,0.0,0.0,0.0,0.0,0.0,0.03125,0.96875,0.0
10,10,0.0,0.0,0.0,0.0,0.0,0.0,0.0,0.0,0.0,0.03125,0.96875,0.0
10,10,0.0,0.0,0.0,0.0,0.0,0.0,0.0,0.0,0.0,0.03125,0.96875,0.0
10,10,0.0,0.0,0.0,0.0,0.0,0.0,0.0,0.0,0.0,0.03125,0.96875,0.0
10,10,0.0,0.0,0.0,0.0,0.0,0.0,0.0,0.0,0.0,0.03125,0.96875,0.0
10,10,0.0,0.0,0.0,0.0,0.0,0.0,0.0,0.0,0.0,0.03125,0.96875,0.0
10,10,0.0,0.0,0.0,0.0,0.0,0.0,0.0,0.0,0.0,0.03125,0.96875,0.0
10,10,0.0,0.0,0.0,0.0,0.0,0.0,0.0,0.0,0.0,0.03125,0.96875,0.0
10,10,0.0,0.0,0.0,0.0,0.0,0.0,0.0,0.0,0.0,0.03125,0.96875,0.0
10,10,0.0,0.0,0.0,0.0,0.0,0.0,0.0,0.0,0.0,0.03125,0.96875,0.0
10,10,0.0,0.0,0.0,0.0,0.0,0.0,0.0,0.0,0.0,0.03125,0.96875,0.0
10,10,0.0,0.0,0.0,0.0,0.0,0.0,0.0,0.0,0.0,0.03125,0.96875,0.0
10,10,0.0,0.0,0.0,0.0,0.0,0.0,0.0,0.0,0.0,0.03125,0.96875,0.0
10,10,0.0,0.0,0.0,0.0,0.0,0.0,0.0,0.0,0.0,0.03125,0.96875,0.0
10,10,0.0,0.0,0.0,0.0,0.0,0.0,0.0,0.0,0.0,0.03125,0.96875,0.0
10,10,0.0,0.0,0.0,0.0,0.0,0.0,0.0,0.0,0.0,0.03125,0.96875,0.0
10,10,0.0,0.0,0.0,0.0,0.0,0.0,0.0,0.0,0.0,0.03125,0.96875,0.0
10,10,0.0,0.0,0.0,0.0,0.0,0.0,0.0,0.0,0.0,0.03125,0.96875,0.0
10,10,0.0,0.0,0.0,0.0,0.0,0.0,0.0,0.0,0.0,0.03125,0.96875,0.0
10,10,0.0,0.0,0.0,0.0,0.0,0.0,0.0,0.0,0.0,0.03125,0.96875,0.0
10,10,0.0,0.0,0.0,0.0,0.0,0.0,0.0,0.0,0.0,0.03125,0.96875,0.0
10,10,0.0,0.0,0.0,0.0,0.0,0.0,0.0,0.0,0.0,0.03125,0.96875,0.0
10,10,0.0,0.0,0.0,0.0,0.0,0.0,0.0,0.0,0.0,0.03125,0.96875,0.0
10,10,0.0,0.0,0.0,0.0,0.0,0.0,0.0,0.0,0.0,0.03125,0.96875,0.0
10,10,0.0,0.0,0.0,0.0,0.0,0.0,0.0,0.0,0.0,0.03125,0.96875,0.0
10,10,0.0,0.0,0.0,0.0,0.0,0.0,0.0,0.0,0.0,0.03125,0.96875,0.0
10,10,0.0,0.0,0.0,0.0,0.0,0.0,0.0,0.0,0.0,0.03125,0.96875,0.0
10,10,0.0,0.0,0.0,0.0,0.0,0.0,0.0,0.0,0.0,0.03125,0.96875,0.0
10,10,0.0,0.0,0.0,0.0,0.0,0.0,0.0,0.0,0.0,0.03125,0.953125,0.015625
10,10,0.0,0.0,0.0,0.0,0.0,0.0,0.0,0.0,0.0,0.03125,0.953125,0.015625
10,10,0.0,0.0,0.0,0.0,0.0,0.0,0.0,0.0,0.0,0.03125,0.953125,0.015625
10,10,0.0,0.0,0.0,0.0,0.0,0.0,0.0,0.0,0.0,0.03125,0.953125,0.015625
10,10,0.0,0.0,0.0,0.0,0.0,0.0,0.0,0.0,0.0,0.03125,0.953125,0.015625
10,10,0.0,0.0,0.0,0.0,0.0,0.0,0.0,0.0,0.0,0.03125,0.953125,0.015625
10,10,0.0,0.0,0.0,0.0,0.0,0.0,0.0,0.0,0.0,0.03125,0.953125,0.015625
10,10,0.0,0.0,0.0,0.0,0.0,0.0,0.0,0.0,0.0,0.03125,0.953125,0.015625
10,10,0.0,0.0,0.0,0.0,0.0,0.0,0.0,0.0,0.0,0.03125,0.953125,0.015625
10,10,0.0,0.0,0.0,0.0,0.0,0.0,0.0,0.0,0.0,0.03125,0.953125,0.015625
10,10,0.0,0.0,0.0,0.0,0.0,0.0,0.0,0.0,0.0,0.03125,0.953125,0.015625
10,10,0.0,0.0,0.0,0.0,0.0,0.0,0.0,0.0,0.0,0.03125,0.953125,0.015625
10,10,0.0,0.0,0.0,0.0,0.0,0.0,0.0,0.0,0.0,0.03125,0.953125,0.015625
10,10,0.0,0.0,0.0,0.0,0.0,0.0,0.0,0.0,0.0,0.03125,0.953125,0.015625
10,10,0.0,0.0,0.0,0.0,0.0,0.0,0.0,0.0,0.0,0.03125,0.953125,0.015625
10,10,0.0,0.0,0.0,0.0,0.0,0.0,0.0,0.0,0.0,0.03125,0.953125,0.015625
10,10,0.0,0.0,0.0,0.0,0.0,0.0,0.0,0.0,0.0,0.03125,0.953125,0.015625
10,10,0.0,0.0,0.0,0.0,0.0,0.0,0.0,0.0,0.0,0.03125,0.953125,0.015625
10,10,0.0,0.0,0.0,0.0,0.0,0.0,0.0,0.0,0.0,0.03125,0.953125,0.015625
10,10,0.0,0.0,0.0,0.0,0.0,0.0,0.0,0.0,0.0,0.03125,0.953125,0.015625
10,10,0.0,0.0,0.0,0.0,0.0,0.0,0.0,0.0,0.0,0.03125,0.953125,0.015625
10,10,0.0,0.0,0.0,0.0,0.0,0.0,0.0,0.0,0.0,0.03125,0.953125,0.015625
10,10,0.0,0.0,0.0,0.0,0.0,0.0,0.0,0.0,0.0,0.03125,0.953125,0.015625
10,10,0.0,0.0,0.0,0.0,0.0,0.0,0.0,0.0,0.0,0.03125,0.953125,0.015625
10,10,0.0,0.0,0.0,0.0,0.0,0.0,0.0,0.0,0.0,0.03125,0.953125,0.015625
10,10,0.0,0.0,0.0,0.0,0.0,0.0,0.0,0.0,0.0,0.03125,0.953125,0.015625
10,10,0.0,0.0,0.0,0.0,0.0,0.0,0.0,0.0,0.0,0.03125,0.953125,0.015625
10,10,0.0,0.0,0.0,0.0,0.0,0.0,0.0,0.0,0.0,0.03125,0.953125,0.015625
10,10,0.0,0.0,0.0,0.0,0.0,0.0,0.0,0.0,0.0,0.03125,0.953125,0.015625
10,10,0.0,0.0,0.0,0.0,0.0,0.0,0.0,0.0,0.0,0.03125,0.953125,0.015625
10,10,0.0,0.0,0.0,0.0,0.0,0.0,0.0,0.0,0.0,0.03125,0.953125,0.015625
10,10,0.0,0.0,0.0,0.0,0.0,0.0,0.0,0.0,0.0,0.03125,0.953125,0.015625
10,10,0.0,0.0,0.0,0.0,0.0,0.0,0.0,0.0,0.0,0.03125,0.953125,0.015625
10,10,0.0,0.0,0.0,0.0,0.0,0.0,0.0,0.0,0.0,0.03125,0.953125,0.015625
10,10,0.0,0.0,0.0,0.0,0.0,0.0,0.0,0.0,0.0,0.03125,0.953125,0.015625
10,10,0.0,0.0,0.0,0.0,0.0,0.0,0.0,0.0,0.0,0.03125,0.953125,0.015625
10,10,0.0,0.0,0.0,0.0,0.0,0.0,0.0,0.0,0.0,0.03125,0.953125,0.015625
10,10,0.0,0.0,0.0,0.0,0.0,0.0,0.0,0.0,0.0,0.03125,0.953125,0.015625
10,10,0.0,0.0,0.0,0.0,0.0,0.0,0.0,0.0,0.0,0.03125,0.953125,0.015625
10,10,0.0,0.0,0.0,0.0,0.0,0.0,0.0,0.0,0.0,0.03125,0.953125,0.015625
10,10,0.0,0.0,0.0,0.0,0.0,0.0,0.0,0.0,0.0,0.03125,0.953125,0.015625
10,10,0.0,0.0,0.0,0.0,0.0,0.0,0.0,0.0,0.0,0.03125,0.953125,0.015625
10,10,0.0,0.0,0.0,0.0,0.0,0.0,0.0,0.0,0.0,0.03125,0.953125,0.015625
10,10,0.0,0.0,0.0,0.0,0.0,0.0,0.0,0.0,0.0,0.03125,0.953125,0.015625
10,10,0.0,0.0,0.0,0.0,0.0,0.0,0.0,0.0,0.0,0.03125,0.953125,0.015625
10,10,0.0,0.0,0.0,0.0,0.0,0.0,0.0,0.0,0.0,0.03125,0.953125,0.015625
10,10,0.0,0.0,0.0,0.0,0.0,0.0,0.0,0.0,0.0,0.03125,0.953125,0.015625
10,10,0.0,0.0,0.0,0.0,0.0,0.0,0.0,0.0,0.0,0.03125,0.953125,0.015625
10,10,0.0,0.0,0.0,0.0,0.0,0.0,0.0,0.0,0.0,0.03125,0.9375,0.03125
10,10,0.0,0.0,0.0,0.0,0.0,0.0,0.0,0.0,0.0,0.03125,0.9375,0.03125
10,10,0.0,0.0,0.0,0.0,0.0,0.0,0.0,0.0,0.0,0.03125,0.9375,0.03125
10,10,0.0,0.0,0.0,0.0,0.0,0.0,0.0,0.0,0.0,0.03125,0.9375,0.03125
10,10,0.0,0.0,0.0,0.0,0.0,0.0,0.0,0.0,0.0,0.03125,0.9375,0.03125
10,10,0.0,0.0,0.0,0.0,0.0,0.0,0.0,0.0,0.0,0.03125,0.9375,0.03125
10,10,0.0,0.0,0.0,0.0,0.0,0.0,0.0,0.0,0.0,0.03125,0.9375,0.03125
10,10,0.0,0.0,0.0,0.0,0.0,0.0,0.0,0.0,0.0,0.03125,0.9375,0.03125
10,10,0.0,0.0,0.0,0.0,0.0,0.0,0.0,0.0,0.0,0.03125,0.9375,0.03125
10,10,0.0,0.0,0.0,0.0,0.0,0.0,0.0,0.0,0.0,0.03125,0.9375,0.03125
10,10,0.0,0.0,0.0,0.0,0.0,0.0,0.0,0.0,0.0,0.03125,0.9375,0.03125
10,10,0.0,0.0,0.0,0.0,0.0,0.0,0.0,0.0,0.0,0.03125,0.9375,0.03125
10,10,0.0,0.0,0.0,0.0,0.0,0.0,0.0,0.0,0.0,0.03125,0.9375,0.03125
10,10,0.0,0.0,0.0,0.0,0.0,0.0,0.0,0.0,0.0,0.03125,0.9375,0.03125
10,10,0.0,0.0,0.0,0.0,0.0,0.0,0.0,0.0,0.0,0.03125,0.9375,0.03125
10,10,0.0,0.0,0.0,0.0,0.0,0.0,0.0,0.0,0.0,0.03125,0.9375,0.03125
10,10,0.0,0.0,0.0,0.0,0.0,0.0,0.0,0.0,0.0,0.03125,0.9375,0.03125
10,10,0.0,0.0,0.0,0.0,0.0,0.0,0.0,0.0,0.0,0.03125,0.9375,0.03125
10,10,0.0,0.0,0.0,0.0,0.0,0.0,0.0,0.0,0.0,0.03125,0.9375,0.03125
10,10,0.0,0.0,0.0,0.0,0.0,0.0,0.0,0.0,0.0,0.03125,0.9375,0.03125
10,10,0.0,0.0,0.0,0.0,0.0,0.0,0.0,0.0,0.0,0.03125,0.9375,0.03125
10,10,0.0,0.0,0.0,0.0,0.0,0.0,0.0,0.0,0.0,0.03125,0.9375,0.03125
10,10,0.0,0.0,0.0,0.0,0.0,0.0,0.0,0.0,0.0,0.03125,0.921875,0.046875
10,10,0.0,0.0,0.0,0.0,0.0,0.0,0.0,0.0,0.0,0.03125,0.921875,0.046875
10,10,0.0,0.0,0.0,0.0,0.0,0.0,0.0,0.0,0.0,0.03125,0.921875,0.046875
10,10,0.0,0.0,0.0,0.0,0.0,0.0,0.0,0.0,0.0,0.03125,0.921875,0.046875
10,10,0.0,0.0,0.0,0.0,0.0,0.0,0.0,0.0,0.0,0.03125,0.921875,0.046875
10,10,0.0,0.0,0.0,0.0,0.0,0.0,0.0,0.0,0.0,0.03125,0.921875,0.046875
10,10,0.0,0.0,0.0,0.0,0.0,0.0,0.0,0.0,0.0,0.03125,0.921875,0.046875
10,10,0.0,0.0,0.0,0.0,0.0,0.0,0.0,0.0,0.0,0.03125,0.921875,0.046875
10,10,0.0,0.0,0.0,0.0,0.0,0.0,0.0,0.0,0.0,0.03125,0.921875,0.046875
10,10,0.0,0.0,0.0,0.0,0.0,0.0,0.0,0.0,0.0,0.03125,0.921875,0.046875
10,10,0.0,0.0,0.0,0.0,0.0,0.0,0.0,0.0,0.0,0.03125,0.921875,0.046875
10,10,0.0,0.0,0.0,0.0,0.0,0.0,0.0,0.0,0.0,0.03125,0.921875,0.046875
10,10,0.0,0.0,0.0,0.0,0.0,0.0,0.0,0.0,0.0,0.03125,0.921875,0.046875
10,10,0.0,0.0,0.0,0.0,0.0,0.0,0.0,0.0,0.0,0.03125,0.921875,0.046875
10,10,0.0,0.0,0.0,0.0,0.0,0.0,0.0,0.0,0.0,0.03125,0.9375,0.03125
10,10,0.0,0.0,0.0,0.0,0.0,0.0,0.0,0.0,0.0,0.03125,0.9375,0.03125
10,10,0.0,0.0,0.0,0.0,0.0,0.0,0.0,0.0,0.0,0.03125,0.9375,0.03125
10,10,0.0,0.0,0.0,0.0,0.0,0.0,0.0,0.0,0.0,0.03125,0.9375,0.03125
10,10,0.0,0.0,0.0,0.0,0.0,0.0,0.0,0.0,0.0,0.03125,0.9375,0.03125
10,10,0.0,0.0,0.0,0.0,0.0,0.0,0.0,0.0,0.0,0.03125,0.9375,0.03125
10,10,0.0,0.0,0.0,0.0,0.0,0.0,0.0,0.0,0.0,0.03125,0.9375,0.03125
10,10,0.0,0.0,0.0,0.0,0.0,0.0,0.0,0.0,0.0,0.03125,0.9375,0.03125
10,10,0.0,0.0,0.0,0.0,0.0,0.0,0.0,0.0,0.0,0.03125,0.9375,0.03125
10,10,0.0,0.0,0.0,0.0,0.0,0.0,0.0,0.0,0.0,0.03125,0.9375,0.03125
10,10,0.0,0.0,0.0,0.0,0.0,0.0,0.0,0.0,0.0,0.03125,0.9375,0.03125
10,10,0.0,0.0,0.0,0.0,0.0,0.0,0.0,0.0,0.0,0.03125,0.9375,0.03125
10,10,0.0,0.0,0.0,0.0,0.0,0.0,0.0,0.0,0.0,0.03125,0.953125,0.015625
10,10,0.0,0.0,0.0,0.0,0.0,0.0,0.0,0.0,0.0,0.03125,0.953125,0.015625
10,10,0.0,0.0,0.0,0.0,0.0,0.0,0.0,0.0,0.0,0.03125,0.953125,0.015625
10,10,0.0,0.0,0.0,0.0,0.0,0.0,0.0,0.0,0.0,0.03125,0.953125,0.015625
10,10,0.0,0.0,0.0,0.0,0.0,0.0,0.0,0.0,0.0,0.03125,0.953125,0.015625
10,10,0.0,0.0,0.0,0.0,0.0,0.0,0.0,0.0,0.0,0.03125,0.953125,0.015625
10,10,0.0,0.0,0.0,0.0,0.0,0.0,0.0,0.0,0.0,0.03125,0.953125,0.015625
10,10,0.0,0.0,0.0,0.0,0.0,0.0,0.0,0.0,0.0,0.03125,0.953125,0.015625
10,10,0.0,0.0,0.0,0.0,0.0,0.0,0.0,0.0,0.0,0.03125,0.953125,0.015625
10,10,0.0,0.0,0.0,0.0,0.0,0.0,0.0,0.0,0.0,0.03125,0.953125,0.015625
10,10,0.0,0.0,0.0,0.0,0.0,0.0,0.0,0.0,0.0,0.03125,0.953125,0.015625
10,10,0.0,0.0,0.0,0.0,0.0,0.0,0.0,0.0,0.0,0.03125,0.953125,0.015625
10,10,0.0,0.0,0.0,0.0,0.0,0.0,0.0,0.0,0.0,0.03125,0.953125,0.015625
10,10,0.0,0.0,0.0,0.0,0.0,0.0,0.0,0.0,0.0,0.03125,0.953125,0.015625
10,10,0.0,0.0,0.0,0.0,0.0,0.0,0.0,0.0,0.0,0.03125,0.953125,0.015625
10,10,0.0,0.0,0.0,0.0,0.0,0.0,0.0,0.0,0.0,0.03125,0.953125,0.015625
10,10,0.0,0.0,0.0,0.0,0.0,0.0,0.0,0.0,0.0,0.03125,0.953125,0.015625
10,10,0.0,0.0,0.0,0.0,0.0,0.0,0.0,0.0,0.0,0.03125,0.953125,0.015625
10,10,0.0,0.0,0.0,0.0,0.0,0.0,0.0,0.0,0.0,0.03125,0.953125,0.015625
10,10,0.0,0.0,0.0,0.0,0.0,0.0,0.0,0.0,0.0,0.03125,0.953125,0.015625
10,10,0.0,0.0,0.0,0.0,0.0,0.0,0.0,0.0,0.0,0.03125,0.953125,0.015625
10,10,0.0,0.0,0.0,0.0,0.0,0.0,0.0,0.0,0.0,0.03125,0.953125,0.015625
10,10,0.0,0.0,0.0,0.0,0.0,0.0,0.0,0.0,0.0,0.03125,0.953125,0.015625
10,10,0.0,0.0,0.0,0.0,0.0,0.0,0.0,0.0,0.0,0.03125,0.953125,0.015625
10,10,0.0,0.0,0.0,0.0,0.0,0.0,0.0,0.0,0.0,0.03125,0.953125,0.015625
10,10,0.0,0.0,0.0,0.0,0.0,0.0,0.0,0.0,0.0,0.03125,0.953125,0.015625
10,10,0.0,0.0,0.0,0.0,0.0,0.0,0.0,0.0,0.0,0.03125,0.953125,0.015625
10,10,0.0,0.0,0.0,0.0,0.0,0.0,0.0,0.0,0.0,0.03125,0.953125,0.015625
10,10,0.0,0.0,0.0,0.0,0.0,0.0,0.0,0.0,0.0,0.03125,0.953125,0.015625
10,10,0.0,0.0,0.0,0.0,0.0,0.0,0.0,0.0,0.0,0.03125,0.953125,0.015625
10,10,0.0,0.0,0.0,0.0,0.0,0.0,0.0,0.0,0.0,0.03125,0.96875,0.0
10,10,0.0,0.0,0.0,0.0,0.0,0.0,0.0,0.0,0.0,0.03125,0.96875,0.0
10,10,0.0,0.0,0.0,0.0,0.0,0.0,0.0,0.0,0.0,0.03125,0.96875,0.0
10,10,0.0,0.0,0.0,0.0,0.0,0.0,0.0,0.0,0.0,0.03125,0.96875,0.0
10,10,0.0,0.0,0.0,0.0,0.0,0.0,0.0,0.0,0.0,0.03125,0.96875,0.0
10,10,0.0,0.0,0.0,0.0,0.0,0.0,0.0,0.0,0.0,0.03125,0.96875,0.0
10,10,0.0,0.0,0.0,0.0,0.0,0.0,0.0,0.0,0.0,0.03125,0.96875,0.0
10,10,0.0,0.0,0.0,0.0,0.0,0.0,0.0,0.0,0.0,0.03125,0.96875,0.0
10,10,0.0,0.0,0.0,0.0,0.0,0.0,0.0,0.0,0.0,0.03125,0.96875,0.0
10,10,0.0,0.0,0.0,0.0,0.0,0.0,0.0,0.0,0.0,0.03125,0.96875,0.0
10,10,0.0,0.0,0.0,0.0,0.0,0.0,0.0,0.0,0.0,0.03125,0.96875,0.0
10,10,0.0,0.0,0.0,0.0,0.0,0.0,0.0,0.0,0.0,0.03125,0.96875,0.0
10,10,0.0,0.0,0.0,0.0,0.0,0.0,0.0,0.0,0.0,0.03125,0.96875,0.0
10,10,0.0,0.0,0.0,0.0,0.0,0.0,0.0,0.0,0.0,0.03125,0.96875,0.0
10,10,0.0,0.0,0.0,0.0,0.0,0.0,0.0,0.0,0.0,0.03125,0.96875,0.0
10,10,0.0,0.0,0.0,0.0,0.0,0.0,0.0,0.0,0.0,0.03125,0.96875,0.0
10,10,0.0,0.0,0.0,0.0,0.0,0.0,0.0,0.0,0.0,0.03125,0.96875,0.0
10,10,0.0,0.0,0.0,0.0,0.0,0.0,0.0,0.0,0.0,0.03125,0.96875,0.0
10,10,0.0,0.0,0.0,0.0,0.0,0.0,0.0,0.0,0.0,0.03125,0.96875,0.0
10,10,0.0,0.0,0.0,0.0,0.0,0.0,0.0,0.0,0.0,0.03125,0.96875,0.0
10,10,0.0,0.0,0.0,0.0,0.0,0.0,0.0,0.0,0.0,0.03125,0.96875,0.0
10,10,0.0,0.0,0.0,0.0,0.0,0.0,0.0,0.0,0.0,0.03125,0.96875,0.0
10,10,0.0,0.0,0.0,0.0,0.0,0.0,0.0,0.0,0.0,0.03125,0.96875,0.0
10,10,0.0,0.0,0.0,0.0,0.0,0.0,0.0,0.0,0.0,0.03125,0.96875,0.0
10,10,0.0,0.0,0.0,0.0,0.0,0.0,0.0,0.0,0.0,0.03125,0.96875,0.0
10,10,0.0,0.0,0.0,0.0,0.0,0.0,0.0,0.0,0.0,0.03125,0.96875,0.0
10,10,0.0,0.0,0.0,0.0,0.0,0.0,0.0,0.0,0.0,0.03125,0.96875,0.0
10,10,0.0,0.0,0.0,0.0,0.0,0.0,0.0,0.0,0.0,0.03125,0.96875,0.0
10,10,0.0,0.0,0.0,0.0,0.0,0.0,0.0,0.0,0.0,0.03125,0.96875,0.0
10,10,0.0,0.0,0.0,0.0,0.0,0.0,0.0,0.0,0.0,0.03125,0.96875,0.0
10,10,0.0,0.0,0.0,0.0,0.0,0.0,0.0,0.0,0.0,0.03125,0.96875,0.0
10,10,0.0,0.0,0.0,0.0,0.0,0.0,0.0,0.0,0.0,0.03125,0.96875,0.0
10,10,0.0,0.0,0.0,0.0,0.0,0.0,0.0,0.0,0.0,0.03125,0.96875,0.0
10,10,0.0,0.0,0.0,0.0,0.0,0.0,0.0,0.0,0.0,0.03125,0.96875,0.0
10,10,0.0,0.0,0.0,0.0,0.0,0.0,0.0,0.0,0.0,0.03125,0.96875,0.0
10,10,0.0,0.0,0.0,0.0,0.0,0.0,0.0,0.0,0.0,0.03125,0.96875,0.0
10,10,0.0,0.0,0.0,0.0,0.0,0.0,0.0,0.0,0.0,0.03125,0.96875,0.0
10,10,0.0,0.0,0.0,0.0,0.0,0.0,0.0,0.0,0.0,0.03125,0.96875,0.0
10,10,0.0,0.0,0.0,0.0,0.0,0.0,0.0,0.0,0.0,0.03125,0.96875,0.0
10,10,0.0,0.0,0.0,0.0,0.0,0.0,0.0,0.0,0.0,0.03125,0.96875,0.0
10,10,0.0,0.0,0.0,0.0,0.0,0.0,0.0,0.0,0.0,0.03125,0.96875,0.0
10,10,0.0,0.0,0.0,0.0,0.0,0.0,0.0,0.0,0.0,0.03125,0.96875,0.0
10,10,0.0,0.0,0.0,0.0,0.0,0.0,0.0,0.0,0.0,0.03125,0.96875,0.0
10,10,0.0,0.0,0.0,0.0,0.0,0.0,0.0,0.0,0.0,0.03125,0.96875,0.0
10,10,0.0,0.0,0.0,0.0,0.0,0.0,0.0,0.0,0.0,0.03125,0.96875,0.0
10,10,0.0,0.0,0.0,0.0,0.0,0.0,0.0,0.0,0.0,0.03125,0.96875,0.0
10,10,0.0,0.0,0.0,0.0,0.0,0.0,0.0,0.0,0.0,0.03125,0.96875,0.0
10,10,0.0,0.0,0.0,0.0,0.0,0.0,0.0,0.0,0.0,0.03125,0.96875,0.0
10,10,0.0,0.0,0.0,0.0,0.0,0.0,0.0,0.0,0.0,0.03125,0.96875,0.0
10,10,0.0,0.0,0.0,0.0,0.0,0.0,0.0,0.0,0.0,0.03125,0.96875,0.0
10,10,0.0,0.0,0.0,0.0,0.0,0.0,0.0,0.0,0.0,0.03125,0.96875,0.0
10,10,0.0,0.0,0.0,0.0,0.0,0.0,0.0,0.0,0.0,0.03125,0.96875,0.0
10,10,0.0,0.0,0.0,0.0,0.0,0.0,0.0,0.0,0.0,0.03125,0.96875,0.0
10,10,0.0,0.0,0.0,0.0,0.0,0.0,0.0,0.0,0.0,0.03125,0.96875,0.0
10,10,0.0,0.0,0.0,0.0,0.0,0.0,0.0,0.0,0.0,0.03125,0.96875,0.0
10,10,0.0,0.0,0.0,0.0,0.0,0.0,0.0,0.0,0.0,0.03125,0.96875,0.0
10,10,0.0,0.0,0.0,0.0,0.0,0.0,0.0,0.0,0.0,0.03125,0.96875,0.0
10,10,0.0,0.0,0.0,0.0,0.0,0.0,0.0,0.0,0.0,0.03125,0.96875,0.0
10,10,0.0,0.0,0.0,0.0,0.0,0.0,0.0,0.0,0.0,0.03125,0.96875,0.0
10,10,0.0,0.0,0.0,0.0,0.0,0.0,0.0,0.0,0.0,0.03125,0.96875,0.0
10,10,0.0,0.0,0.0,0.0,0.0,0.0,0.0,0.0,0.0,0.03125,0.96875,0.0
10,10,0.0,0.0,0.0,0.0,0.0,0.0,0.0,0.0,0.0,0.03125,0.96875,0.0
10,10,0.0,0.0,0.0,0.0,0.0,0.0,0.0,0.0,0.0,0.03125,0.96875,0.0
10,10,0.0,0.0,0.0,0.0,0.0,0.0,0.0,0.0,0.0,0.03125,0.96875,0.0
10,10,0.0,0.0,0.0,0.0,0.0,0.0,0.0,0.0,0.0,0.03125,0.96875,0.0
10,10,0.0,0.0,0.0,0.0,0.0,0.0,0.0,0.0,0.0,0.03125,0.96875,0.0
10,10,0.0,0.0,0.0,0.0,0.0,0.0,0.0,0.0,0.0,0.03125,0.96875,0.0
10,10,0.0,0.0,0.0,0.0,0.0,0.0,0.0,0.0,0.0,0.03125,0.96875,0.0
10,10,0.0,0.0,0.0,0.0,0.0,0.0,0.0,0.0,0.0,0.03125,0.96875,0.0
10,10,0.0,0.0,0.0,0.0,0.0,0.0,0.0,0.0,0.0,0.03125,0.96875,0.0
10,10,0.0,0.0,0.0,0.0,0.0,0.0,0.0,0.0,0.0,0.03125,0.96875,0.0
10,10,0.0,0.0,0.0,0.0,0.0,0.0,0.0,0.0,0.0,0.03125,0.96875,0.0
10,10,0.0,0.0,0.0,0.0,0.0,0.0,0.0,0.0,0.0,0.03125,0.96875,0.0
10,10,0.0,0.0,0.0,0.0,0.0,0.0,0.0,0.0,0.0,0.03125,0.96875,0.0
10,10,0.0,0.0,0.0,0.0,0.0,0.0,0.0,0.0,0.0,0.03125,0.96875,0.0
10,10,0.0,0.0,0.0,0.0,0.0,0.0,0.0,0.0,0.0,0.03125,0.96875,0.0
10,10,0.0,0.0,0.0,0.0,0.0,0.0,0.0,0.0,0.0,0.03125,0.96875,0.0
10,10,0.0,0.0,0.0,0.0,0.0,0.0,0.0,0.0,0.0,0.03125,0.96875,0.0
10,10,0.0,0.0,0.0,0.0,0.0,0.0,0.0,0.0,0.0,0.03125,0.96875,0.0
10,10,0.0,0.0,0.0,0.0,0.0,0.0,0.0,0.0,0.0,0.03125,0.96875,0.0
10,10,0.0,0.0,0.0,0.0,0.0,0.0,0.0,0.0,0.0,0.03125,0.96875,0.0
10,10,0.0,0.0,0.0,0.0,0.0,0.0,0.0,0.0,0.0,0.03125,0.96875,0.0
10,10,0.0,0.0,0.0,0.0,0.0,0.0,0.0,0.0,0.0,0.03125,0.96875,0.0
10,10,0.0,0.0,0.0,0.0,0.0,0.0,0.0,0.0,0.0,0.03125,0.96875,0.0
10,10,0.0,0.0,0.0,0.0,0.0,0.0,0.0,0.0,0.0,0.03125,0.96875,0.0
10,10,0.0,0.0,0.0,0.0,0.0,0.0,0.0,0.0,0.0,0.03125,0.96875,0.0
10,10,0.0,0.0,0.0,0.0,0.0,0.0,0.0,0.0,0.0,0.03125,0.96875,0.0
10,10,0.0,0.0,0.0,0.0,0.0,0.0,0.0,0.0,0.0,0.03125,0.96875,0.0
10,10,0.0,0.0,0.0,0.0,0.0,0.0,0.0,0.0,0.0,0.03125,0.96875,0.0
10,10,0.0,0.0,0.0,0.0,0.0,0.0,0.0,0.0,0.0,0.03125,0.96875,0.0
10,10,0.0,0.0,0.0,0.0,0.0,0.0,0.0,0.0,0.0,0.03125,0.96875,0.0
10,10,0.0,0.0,0.0,0.0,0.0,0.0,0.0,0.0,0.0,0.03125,0.96875,0.0
10,10,0.0,0.0,0.0,0.0,0.0,0.0,0.0,0.0,0.0,0.03125,0.96875,0.0
10,10,0.0,0.0,0.0,0.0,0.0,0.0,0.0,0.0,0.0,0.03125,0.96875,0.0
10,10,0.0,0.0,0.0,0.0,0.0,0.0,0.0,0.0,0.0,0.03125,0.96875,0.0
10,10,0.0,0.0,0.0,0.0,0.0,0.0,0.0,0.0,0.0,0.03125,0.96875,0.0
10,10,0.0,0.0,0.0,0.0,0.0,0.0,0.0,0.0,0.0,0.03125,0.96875,0.0
10,10,0.0,0.0,0.0,0.0,0.0,0.0,0.0,0.0,0.0,0.03125,0.96875,0.0
10,10,0.0,0.0,0.0,0.0,0.0,0.0,0.0,0.0,0.0,0.03125,0.96875,0.0
10,10,0.0,0.0,0.0,0.0,0.0,0.0,0.0,0.0,0.0,0.03125,0.96875,0.0
10,10,0.0,0.0,0.0,0.0,0.0,0.0,0.0,0.0,0.0,0.03125,0.96875,0.0
10,10,0.0,0.0,0.0,0.0,0.0,0.0,0.0,0.0,0.0,0.03125,0.96875,0.0
10,10,0.0,0.0,0.0,0.0,0.0,0.0,0.0,0.0,0.0,0.03125,0.96875,0.0
10,10,0.0,0.0,0.0,0.0,0.0,0.0,0.0,0.0,0.0,0.03125,0.96875,0.0
10,10,0.0,0.0,0.0,0.0,0.0,0.0,0.0,0.0,0.0,0.03125,0.96875,0.0
10,10,0.0,0.0,0.0,0.0,0.0,0.0,0.0,0.0,0.0,0.03125,0.96875,0.0
10,10,0.0,0.0,0.0,0.0,0.0,0.0,0.0,0.0,0.0,0.03125,0.96875,0.0
10,10,0.0,0.0,0.0,0.0,0.0,0.0,0.0,0.0,0.0,0.03125,0.96875,0.0
10,10,0.0,0.0,0.0,0.0,0.0,0.0,0.0,0.0,0.0,0.03125,0.96875,0.0
10,10,0.0,0.0,0.0,0.0,0.0,0.0,0.0,0.0,0.0,0.03125,0.96875,0.0
10,10,0.0,0.0,0.0,0.0,0.0,0.0,0.0,0.0,0.0,0.03125,0.96875,0.0
10,10,0.0,0.0,0.0,0.0,0.0,0.0,0.0,0.0,0.0,0.03125,0.96875,0.0
10,10,0.0,0.0,0.0,0.0,0.0,0.0,0.0,0.0,0.0,0.03125,0.96875,0.0
10,10,0.0,0.0,0.0,0.0,0.0,0.0,0.0,0.0,0.0,0.03125,0.96875,0.0
10,10,0.0,0.0,0.0,0.0,0.0,0.0,0.0,0.0,0.0,0.03125,0.96875,0.0
10,10,0.0,0.0,0.0,0.0,0.0,0.0,0.0,0.0,0.0,0.03125,0.96875,0.0
10,10,0.0,0.0,0.0,0.0,0.0,0.0,0.0,0.0,0.0,0.03125,0.96875,0.0
10,10,0.0,0.0,0.0,0.0,0.0,0.0,0.0,0.0,0.0,0.03125,0.96875,0.0
10,10,0.0,0.0,0.0,0.0,0.0,0.0,0.0,0.0,0.0,0.03125,0.96875,0.0
10,10,0.0,0.0,0.0,0.0,0.0,0.0,0.0,0.0,0.0,0.03125,0.96875,0.0
10,10,0.0,0.0,0.0,0.0,0.0,0.0,0.0,0.0,0.0,0.03125,0.96875,0.0
10,10,0.0,0.0,0.0,0.0,0.0,0.0,0.0,0.0,0.0,0.03125,0.96875,0.0
10,10,0.0,0.0,0.0,0.0,0.0,0.0,0.0,0.0,0.0,0.03125,0.96875,0.0
10,10,0.0,0.0,0.0,0.0,0.0,0.0,0.0,0.0,0.0,0.03125,0.96875,0.0
10,10,0.0,0.0,0.0,0.0,0.0,0.0,0.0,0.0,0.0,0.03125,0.96875,0.0
10,10,0.0,0.0,0.0,0.0,0.0,0.0,0.0,0.0,0.0,0.03125,0.96875,0.0
10,10,0.0,0.0,0.0,0.0,0.0,0.0,0.0,0.0,0.0,0.03125,0.96875,0.0
10,10,0.0,0.0,0.0,0.0,0.0,0.0,0.0,0.0,0.0,0.03125,0.96875,0.0
10,10,0.0,0.0,0.0,0.0,0.0,0.0,0.0,0.0,0.0,0.03125,0.96875,0.0
10,10,0.0,0.0,0.0,0.0,0.0,0.0,0.0,0.0,0.0,0.03125,0.96875,0.0
10,10,0.0,0.0,0.0,0.0,0.0,0.0,0.0,0.0,0.0,0.03125,0.96875,0.0
10,10,0.0,0.0,0.0,0.0,0.0,0.0,0.0,0.0,0.0,0.03125,0.96875,0.0
10,10,0.0,0.0,0.0,0.0,0.0,0.0,0.0,0.0,0.0,0.03125,0.96875,0.0
10,10,0.0,0.0,0.0,0.0,0.0,0.0,0.0,0.0,0.0,0.03125,0.96875,0.0
10,10,0.0,0.0,0.0,0.0,0.0,0.0,0.0,0.0,0.0,0.03125,0.96875,0.0
10,10,0.0,0.0,0.0,0.0,0.0,0.0,0.0,0.0,0.0,0.03125,0.96875,0.0
10,10,0.0,0.0,0.0,0.0,0.0,0.0,0.0,0.0,0.0,0.03125,0.96875,0.0
10,10,0.0,0.0,0.0,0.0,0.0,0.0,0.0,0.0,0.0,0.03125,0.96875,0.0
10,10,0.0,0.0,0.0,0.0,0.0,0.0,0.0,0.0,0.0,0.03125,0.96875,0.0
10,10,0.0,0.0,0.0,0.0,0.0,0.0,0.0,0.0,0.0,0.03125,0.96875,0.0
10,10,0.0,0.0,0.0,0.0,0.0,0.0,0.0,0.0,0.0,0.03125,0.96875,0.0
10,10,0.0,0.0,0.0,0.0,0.0,0.0,0.0,0.0,0.0,0.03125,0.96875,0.0
10,10,0.0,0.0,0.0,0.0,0.0,0.0,0.0,0.0,0.0,0.03125,0.96875,0.0
10,10,0.0,0.0,0.0,0.0,0.0,0.0,0.0,0.0,0.0,0.03125,0.96875,0.0
10,10,0.0,0.0,0.0,0.0,0.0,0.0,0.0,0.0,0.0,0.03125,0.96875,0.0
10,10,0.0,0.0,0.0,0.0,0.0,0.0,0.0,0.0,0.0,0.03125,0.96875,0.0
10,10,0.0,0.0,0.0,0.0,0.0,0.0,0.0,0.0,0.0,0.03125,0.96875,0.0
10,10,0.0,0.0,0.0,0.0,0.0,0.0,0.0,0.0,0.0,0.03125,0.96875,0.0
10,10,0.0,0.0,0.0,0.0,0.0,0.0,0.0,0.0,0.0,0.03125,0.96875,0.0
10,10,0.0,0.0,0.0,0.0,0.0,0.0,0.0,0.0,0.0,0.03125,0.96875,0.0
10,10,0.0,0.0,0.0,0.0,0.0,0.0,0.0,0.0,0.0,0.03125,0.96875,0.0
10,10,0.0,0.0,0.0,0.0,0.0,0.0,0.0,0.0,0.0,0.03125,0.96875,0.0
10,10,0.0,0.0,0.0,0.0,0.0,0.0,0.0,0.0,0.0,0.03125,0.96875,0.0
10,10,0.0,0.0,0.0,0.0,0.0,0.0,0.0,0.0,0.0,0.03125,0.96875,0.0
10,10,0.0,0.0,0.0,0.0,0.0,0.0,0.0,0.0,0.0,0.03125,0.96875,0.0
10,10,0.0,0.0,0.0,0.0,0.0,0.0,0.0,0.0,0.0,0.03125,0.96875,0.0
10,10,0.0,0.0,0.0,0.0,0.0,0.0,0.0,0.0,0.0,0.03125,0.96875,0.0
10,10,0.0,0.0,0.0,0.0,0.0,0.0,0.0,0.0,0.0,0.03125,0.96875,0.0
10,10,0.0,0.0,0.0,0.0,0.0,0.0,0.0,0.0,0.0,0.03125,0.96875,0.0
10,10,0.0,0.0,0.0,0.0,0.0,0.0,0.0,0.0,0.0,0.03125,0.96875,0.0
10,10,0.0,0.0,0.0,0.0,0.0,0.0,0.0,0.0,0.0,0.03125,0.96875,0.0
10,10,0.0,0.0,0.0,0.0,0.0,0.0,0.0,0.0,0.0,0.03125,0.96875,0.0
10,10,0.0,0.0,0.0,0.0,0.0,0.0,0.0,0.0,0.0,0.03125,0.96875,0.0
10,10,0.0,0.0,0.0,0.0,0.0,0.0,0.0,0.0,0.0,0.03125,0.96875,0.0
10,10,0.0,0.0,0.0,0.0,0.0,0.0,0.0,0.0,0.0,0.03125,0.96875,0.0
10,10,0.0,0.0,0.0,0.0,0.0,0.0,0.0,0.0,0.0,0.03125,0.96875,0.0
10,10,0.0,0.0,0.0,0.0,0.0,0.0,0.0,0.0,0.0,0.03125,0.96875,0.0
10,10,0.0,0.0,0.0,0.0,0.0,0.0,0.0,0.0,0.0,0.03125,0.96875,0.0
10,10,0.0,0.0,0.0,0.0,0.0,0.0,0.0,0.0,0.0,0.03125,0.96875,0.0
10,10,0.0,0.0,0.0,0.0,0.0,0.0,0.0,0.0,0.0,0.03125,0.96875,0.0
10,10,0.0,0.0,0.0,0.0,0.0,0.0,0.0,0.0,0.0,0.03125,0.96875,0.0
10,10,0.0,0.0,0.0,0.0,0.0,0.0,0.0,0.0,0.0,0.03125,0.96875,0.0
10,10,0.0,0.0,0.0,0.0,0.0,0.0,0.0,0.0,0.0,0.03125,0.96875,0.0
10,10,0.0,0.0,0.0,0.0,0.0,0.0,0.0,0.0,0.0,0.03125,0.96875,0.0
10,10,0.0,0.0,0.0,0.0,0.0,0.0,0.0,0.0,0.0,0.03125,0.96875,0.0
10,10,0.0,0.0,0.0,0.0,0.0,0.0,0.0,0.0,0.0,0.03125,0.96875,0.0
10,10,0.0,0.0,0.0,0.0,0.0,0.0,0.0,0.0,0.0,0.03125,0.96875,0.0
10,10,0.0,0.0,0.0,0.0,0.0,0.0,0.0,0.0,0.0,0.03125,0.96875,0.0
10,10,0.0,0.0,0.0,0.0,0.0,0.0,0.0,0.0,0.0,0.03125,0.96875,0.0
10,10,0.0,0.0,0.0,0.0,0.0,0.0,0.0,0.0,0.0,0.03125,0.96875,0.0
10,10,0.0,0.0,0.0,0.0,0.0,0.0,0.0,0.0,0.0,0.03125,0.96875,0.0
10,10,0.0,0.0,0.0,0.0,0.0,0.0,0.0,0.0,0.0,0.03125,0.96875,0.0
10,10,0.0,0.0,0.0,0.0,0.0,0.0,0.0,0.0,0.0,0.03125,0.96875,0.0
10,10,0.0,0.0,0.0,0.0,0.0,0.0,0.0,0.0,0.0,0.03125,0.96875,0.0
10,10,0.0,0.0,0.0,0.0,0.0,0.0,0.0,0.0,0.0,0.03125,0.96875,0.0
10,10,0.0,0.0,0.0,0.0,0.0,0.0,0.0,0.0,0.0,0.03125,0.96875,0.0
10,10,0.0,0.0,0.0,0.0,0.0,0.0,0.0,0.0,0.0,0.03125,0.96875,0.0
10,10,0.0,0.0,0.0,0.0,0.0,0.0,0.0,0.0,0.0,0.03125,0.96875,0.0
10,10,0.0,0.0,0.0,0.0,0.0,0.0,0.0,0.0,0.0,0.03125,0.96875,0.0
10,10,0.0,0.0,0.0,0.0,0.0,0.0,0.0,0.0,0.0,0.03125,0.96875,0.0
10,10,0.0,0.0,0.0,0.0,0.0,0.0,0.0,0.0,0.0,0.03125,0.96875,0.0
10,10,0.0,0.0,0.0,0.0,0.0,0.0,0.0,0.0,0.0,0.03125,0.96875,0.0
10,10,0.0,0.0,0.0,0.0,0.0,0.0,0.0,0.0,0.0,0.03125,0.96875,0.0
10,10,0.0,0.0,0.0,0.0,0.0,0.0,0.0,0.0,0.0,0.03125,0.96875,0.0
10,10,0.0,0.0,0.0,0.0,0.0,0.0,0.0,0.0,0.0,0.03125,0.96875,0.0
10,10,0.0,0.0,0.0,0.0,0.0,0.0,0.0,0.0,0.0,0.03125,0.96875,0.0
10,10,0.0,0.0,0.0,0.0,0.0,0.0,0.0,0.0,0.0,0.03125,0.96875,0.0
10,10,0.0,0.0,0.0,0.0,0.0,0.0,0.0,0.0,0.0,0.03125,0.96875,0.0
10,10,0.0,0.0,0.0,0.0,0.0,0.0,0.0,0.0,0.0,0.03125,0.96875,0.0
10,10,0.0,0.0,0.0,0.0,0.0,0.0,0.0,0.0,0.0,0.03125,0.96875,0.0
10,10,0.0,0.0,0.0,0.0,0.0,0.0,0.0,0.0,0.0,0.03125,0.96875,0.0
10,10,0.0,0.0,0.0,0.0,0.0,0.0,0.0,0.0,0.0,0.03125,0.96875,0.0
10,10,0.0,0.0,0.0,0.0,0.0,0.0,0.0,0.0,0.0,0.03125,0.96875,0.0
10,10,0.0,0.0,0.0,0.0,0.0,0.0,0.0,0.0,0.0,0.03125,0.96875,0.0
10,10,0.0,0.0,0.0,0.0,0.0,0.0,0.0,0.0,0.0,0.03125,0.96875,0.0
10,10,0.0,0.0,0.0,0.0,0.0,0.0,0.0,0.0,0.0,0.03125,0.96875,0.0
10,10,0.0,0.0,0.0,0.0,0.0,0.0,0.0,0.0,0.0,0.03125,0.96875,0.0
10,10,0.0,0.0,0.0,0.0,0.0,0.0,0.0,0.0,0.0,0.03125,0.96875,0.0
10,10,0.0,0.0,0.0,0.0,0.0,0.0,0.0,0.0,0.0,0.03125,0.96875,0.0
10,10,0.0,0.0,0.0,0.0,0.0,0.0,0.0,0.0,0.0,0.03125,0.96875,0.0
10,10,0.0,0.0,0.0,0.0,0.0,0.0,0.0,0.0,0.0,0.03125,0.96875,0.0
10,10,0.0,0.0,0.0,0.0,0.0,0.0,0.0,0.0,0.0,0.03125,0.96875,0.0
10,10,0.0,0.0,0.0,0.0,0.0,0.0,0.0,0.0,0.0,0.03125,0.96875,0.0
10,10,0.0,0.0,0.0,0.0,0.0,0.0,0.0,0.0,0.0,0.03125,0.96875,0.0
10,10,0.0,0.0,0.0,0.0,0.0,0.0,0.0,0.0,0.0,0.03125,0.96875,0.0
10,10,0.0,0.0,0.0,0.0,0.0,0.0,0.0,0.0,0.0,0.03125,0.96875,0.0
10,10,0.0,0.0,0.0,0.0,0.0,0.0,0.0,0.0,0.0,0.03125,0.96875,0.0
10,10,0.0,0.0,0.0,0.0,0.0,0.0,0.0,0.0,0.0,0.03125,0.96875,0.0
10,10,0.0,0.0,0.0,0.0,0.0,0.0,0.0,0.0,0.0,0.03125,0.96875,0.0
10,10,0.0,0.0,0.0,0.0,0.0,0.0,0.0,0.0,0.0,0.03125,0.96875,0.0
10,10,0.0,0.0,0.0,0.0,0.0,0.0,0.0,0.0,0.0,0.03125,0.96875,0.0
10,10,0.0,0.0,0.0,0.0,0.0,0.0,0.0,0.0,0.0,0.03125,0.96875,0.0
10,10,0.0,0.0,0.0,0.0,0.0,0.0,0.0,0.0,0.0,0.03125,0.96875,0.0
10,10,0.0,0.0,0.0,0.0,0.0,0.0,0.0,0.0,0.0,0.03125,0.96875,0.0
10,10,0.0,0.0,0.0,0.0,0.0,0.0,0.0,0.0,0.0,0.03125,0.96875,0.0
10,10,0.0,0.0,0.0,0.0,0.0,0.0,0.0,0.0,0.0,0.03125,0.96875,0.0
10,10,0.0,0.0,0.0,0.0,0.0,0.0,0.0,0.0,0.0,0.03125,0.96875,0.0
10,10,0.0,0.0,0.0,0.0,0.0,0.0,0.0,0.0,0.0,0.03125,0.96875,0.0
10,10,0.0,0.0,0.0,0.0,0.0,0.0,0.0,0.0,0.0,0.03125,0.96875,0.0
10,10,0.0,0.0,0.0,0.0,0.0,0.0,0.0,0.0,0.0,0.03125,0.96875,0.0
10,10,0.0,0.0,0.0,0.0,0.0,0.0,0.0,0.0,0.0,0.03125,0.96875,0.0
10,10,0.0,0.0,0.0,0.0,0.0,0.0,0.0,0.0,0.0,0.03125,0.96875,0.0
10,10,0.0,0.0,0.0,0.0,0.0,0.0,0.0,0.0,0.0,0.03125,0.96875,0.0
10,10,0.0,0.0,0.0,0.0,0.0,0.0,0.0,0.0,0.0,0.03125,0.96875,0.0
10,10,0.0,0.0,0.0,0.0,0.0,0.0,0.0,0.0,0.0,0.03125,0.96875,0.0
10,10,0.0,0.0,0.0,0.0,0.0,0.0,0.0,0.0,0.0,0.03125,0.96875,0.0
10,10,0.0,0.0,0.0,0.0,0.0,0.0,0.0,0.0,0.0,0.03125,0.96875,0.0
10,10,0.0,0.0,0.0,0.0,0.0,0.0,0.0,0.0,0.0,0.03125,0.96875,0.0
10,10,0.0,0.0,0.0,0.0,0.0,0.0,0.0,0.0,0.0,0.03125,0.96875,0.0
10,10,0.0,0.0,0.0,0.0,0.0,0.0,0.0,0.0,0.0,0.03125,0.96875,0.0
10,10,0.0,0.0,0.0,0.0,0.0,0.0,0.0,0.0,0.0,0.03125,0.96875,0.0
10,10,0.0,0.0,0.0,0.0,0.0,0.0,0.0,0.0,0.0,0.03125,0.96875,0.0
10,10,0.0,0.0,0.0,0.0,0.0,0.0,0.0,0.0,0.0,0.03125,0.96875,0.0
10,10,0.0,0.0,0.0,0.0,0.0,0.0,0.0,0.0,0.0,0.03125,0.96875,0.0
10,10,0.0,0.0,0.0,0.0,0.0,0.0,0.0,0.0,0.0,0.03125,0.96875,0.0
10,10,0.0,0.0,0.0,0.0,0.0,0.0,0.0,0.0,0.0,0.03125,0.96875,0.0
10,10,0.0,0.0,0.0,0.0,0.0,0.0,0.0,0.0,0.0,0.03125,0.96875,0.0
10,10,0.0,0.0,0.0,0.0,0.0,0.0,0.0,0.0,0.0,0.03125,0.96875,0.0
10,10,0.0,0.0,0.0,0.0,0.0,0.0,0.0,0.0,0.0,0.03125,0.96875,0.0
10,10,0.0,0.0,0.0,0.0,0.0,0.0,0.0,0.0,0.0,0.03125,0.96875,0.0
10,10,0.0,0.0,0.0,0.0,0.0,0.0,0.0,0.0,0.0,0.03125,0.96875,0.0
10,10,0.0,0.0,0.0,0.0,0.0,0.0,0.0,0.0,0.0,0.03125,0.96875,0.0
10,10,0.0,0.0,0.0,0.0,0.0,0.0,0.0,0.0,0.0,0.03125,0.96875,0.0
10,10,0.0,0.0,0.0,0.0,0.0,0.0,0.0,0.0,0.0,0.03125,0.96875,0.0
10,10,0.0,0.0,0.0,0.0,0.0,0.0,0.0,0.0,0.0,0.03125,0.96875,0.0
10,10,0.0,0.0,0.0,0.0,0.0,0.0,0.0,0.0,0.0,0.03125,0.96875,0.0
10,10,0.0,0.0,0.0,0.0,0.0,0.0,0.0,0.0,0.0,0.03125,0.96875,0.0
10,10,0.0,0.0,0.0,0.0,0.0,0.0,0.0,0.0,0.0,0.03125,0.96875,0.0
10,10,0.0,0.0,0.0,0.0,0.0,0.0,0.0,0.0,0.0,0.03125,0.96875,0.0
10,10,0.0,0.0,0.0,0.0,0.0,0.0,0.0,0.0,0.0,0.03125,0.96875,0.0
10,10,0.0,0.0,0.0,0.0,0.0,0.0,0.0,0.0,0.0,0.03125,0.96875,0.0
10,10,0.0,0.0,0.0,0.0,0.0,0.0,0.0,0.0,0.0,0.03125,0.96875,0.0
10,10,0.0,0.0,0.0,0.0,0.0,0.0,0.0,0.0,0.0,0.03125,0.96875,0.0
10,10,0.0,0.0,0.0,0.0,0.0,0.0,0.0,0.0,0.0,0.03125,0.96875,0.0
10,10,0.0,0.0,0.0,0.0,0.0,0.0,0.0,0.0,0.0,0.03125,0.96875,0.0
10,10,0.0,0.0,0.0,0.0,0.0,0.0,0.0,0.0,0.0,0.03125,0.96875,0.0
10,10,0.0,0.0,0.0,0.0,0.0,0.0,0.0,0.0,0.0,0.03125,0.96875,0.0
10,10,0.0,0.0,0.0,0.0,0.0,0.0,0.0,0.0,0.0,0.03125,0.96875,0.0
10,10,0.0,0.0,0.0,0.0,0.0,0.0,0.0,0.0,0.0,0.03125,0.96875,0.0
10,10,0.0,0.0,0.0,0.0,0.0,0.0,0.0,0.0,0.0,0.03125,0.96875,0.0
10,10,0.0,0.0,0.0,0.0,0.0,0.0,0.0,0.0,0.0,0.03125,0.96875,0.0
10,10,0.0,0.0,0.0,0.0,0.0,0.0,0.0,0.0,0.0,0.03125,0.96875,0.0
10,10,0.0,0.0,0.0,0.0,0.0,0.0,0.0,0.0,0.0,0.03125,0.96875,0.0
10,10,0.0,0.0,0.0,0.0,0.0,0.0,0.0,0.0,0.0,0.03125,0.96875,0.0
10,10,0.0,0.0,0.0,0.0,0.0,0.0,0.0,0.0,0.0,0.03125,0.96875,0.0
10,10,0.0,0.0,0.0,0.0,0.0,0.0,0.0,0.0,0.0,0.03125,0.96875,0.0
10,10,0.0,0.0,0.0,0.0,0.0,0.0,0.0,0.0,0.0,0.03125,0.96875,0.0
10,10,0.0,0.0,0.0,0.0,0.0,0.0,0.0,0.0,0.0,0.03125,0.96875,0.0
10,10,0.0,0.0,0.0,0.0,0.0,0.0,0.0,0.0,0.0,0.03125,0.96875,0.0
10,10,0.0,0.0,0.0,0.0,0.0,0.0,0.0,0.0,0.0,0.03125,0.96875,0.0
10,10,0.0,0.0,0.0,0.0,0.0,0.0,0.0,0.0,0.0,0.03125,0.96875,0.0
10,10,0.0,0.0,0.0,0.0,0.0,0.0,0.0,0.0,0.0,0.03125,0.96875,0.0
10,10,0.0,0.0,0.0,0.0,0.0,0.0,0.0,0.0,0.0,0.03125,0.96875,0.0
10,10,0.0,0.0,0.0,0.0,0.0,0.0,0.0,0.0,0.0,0.03125,0.96875,0.0
10,10,0.0,0.0,0.0,0.0,0.0,0.0,0.0,0.0,0.0,0.03125,0.96875,0.0
10,10,0.0,0.0,0.0,0.0,0.0,0.0,0.0,0.0,0.0,0.03125,0.96875,0.0
10,10,0.0,0.0,0.0,0.0,0.0,0.0,0.0,0.0,0.0,0.03125,0.96875,0.0
10,10,0.0,0.0,0.0,0.0,0.0,0.0,0.0,0.0,0.0,0.03125,0.96875,0.0
10,10,0.0,0.0,0.0,0.0,0.0,0.0,0.0,0.0,0.0,0.03125,0.96875,0.0
10,10,0.0,0.0,0.0,0.0,0.0,0.0,0.0,0.0,0.0,0.03125,0.96875,0.0
10,10,0.0,0.0,0.0,0.0,0.0,0.0,0.0,0.0,0.0,0.03125,0.96875,0.0
10,10,0.0,0.0,0.0,0.0,0.0,0.0,0.0,0.0,0.0,0.03125,0.96875,0.0
10,10,0.0,0.0,0.0,0.0,0.0,0.0,0.0,0.0,0.0,0.03125,0.96875,0.0
10,10,0.0,0.0,0.0,0.0,0.0,0.0,0.0,0.0,0.0,0.03125,0.96875,0.0
10,10,0.0,0.0,0.0,0.0,0.0,0.0,0.0,0.0,0.0,0.03125,0.96875,0.0
10,10,0.0,0.0,0.0,0.0,0.0,0.0,0.0,0.0,0.0,0.03125,0.96875,0.0
10,10,0.0,0.0,0.0,0.0,0.0,0.0,0.0,0.0,0.0,0.03125,0.96875,0.0
10,10,0.0,0.0,0.0,0.0,0.0,0.0,0.0,0.0,0.0,0.03125,0.96875,0.0
10,10,0.0,0.0,0.0,0.0,0.0,0.0,0.0,0.0,0.0,0.03125,0.96875,0.0
10,10,0.0,0.0,0.0,0.0,0.0,0.0,0.0,0.0,0.0,0.03125,0.96875,0.0
10,10,0.0,0.0,0.0,0.0,0.0,0.0,0.0,0.0,0.0,0.03125,0.96875,0.0
10,10,0.0,0.0,0.0,0.0,0.0,0.0,0.0,0.0,0.0,0.03125,0.96875,0.0
10,10,0.0,0.0,0.0,0.0,0.0,0.0,0.0,0.0,0.0,0.03125,0.96875,0.0
10,10,0.0,0.0,0.0,0.0,0.0,0.0,0.0,0.0,0.0,0.03125,0.96875,0.0
10,10,0.0,0.0,0.0,0.0,0.0,0.0,0.0,0.0,0.0,0.03125,0.96875,0.0
10,10,0.0,0.0,0.0,0.0,0.0,0.0,0.0,0.0,0.0,0.03125,0.96875,0.0
10,10,0.0,0.0,0.0,0.0,0.0,0.0,0.0,0.0,0.0,0.03125,0.96875,0.0
10,10,0.0,0.0,0.0,0.0,0.0,0.0,0.0,0.0,0.0,0.03125,0.96875,0.0
10,10,0.0,0.0,0.0,0.0,0.0,0.0,0.0,0.0,0.0,0.03125,0.96875,0.0
10,10,0.0,0.0,0.0,0.0,0.0,0.0,0.0,0.0,0.0,0.03125,0.96875,0.0
10,10,0.0,0.0,0.0,0.0,0.0,0.0,0.0,0.0,0.0,0.03125,0.96875,0.0
10,10,0.0,0.0,0.0,0.0,0.0,0.0,0.0,0.0,0.0,0.03125,0.96875,0.0
10,10,0.0,0.0,0.0,0.0,0.0,0.0,0.0,0.0,0.0,0.03125,0.96875,0.0
10,10,0.0,0.0,0.0,0.0,0.0,0.0,0.0,0.0,0.0,0.03125,0.96875,0.0
10,10,0.0,0.0,0.0,0.0,0.0,0.0,0.0,0.0,0.0,0.03125,0.96875,0.0
10,10,0.0,0.0,0.0,0.0,0.0,0.0,0.0,0.0,0.0,0.03125,0.96875,0.0
10,10,0.0,0.0,0.0,0.0,0.0,0.0,0.0,0.0,0.0,0.03125,0.96875,0.0
10,10,0.0,0.0,0.0,0.0,0.0,0.0,0.0,0.0,0.0,0.03125,0.96875,0.0
10,10,0.0,0.0,0.0,0.0,0.0,0.0,0.0,0.0,0.0,0.03125,0.96875,0.0
10,10,0.0,0.0,0.0,0.0,0.0,0.0,0.0,0.0,0.0,0.03125,0.96875,0.0
10,10,0.0,0.0,0.0,0.0,0.0,0.0,0.0,0.0,0.0,0.03125,0.96875,0.0
10,10,0.0,0.0,0.0,0.0,0.0,0.0,0.0,0.0,0.0,0.03125,0.96875,0.0
10,10,0.0,0.0,0.0,0.0,0.0,0.0,0.0,0.0,0.0,0.03125,0.96875,0.0
10,10,0.0,0.0,0.0,0.0,0.0,0.0,0.0,0.0,0.0,0.03125,0.96875,0.0
10,10,0.0,0.0,0.0,0.0,0.0,0.0,0.0,0.0,0.0,0.03125,0.96875,0.0
10,10,0.0,0.0,0.0,0.0,0.0,0.0,0.0,0.0,0.0,0.03125,0.96875,0.0
10,10,0.0,0.0,0.0,0.0,0.0,0.0,0.0,0.0,0.0,0.03125,0.96875,0.0
10,10,0.0,0.0,0.0,0.0,0.0,0.0,0.0,0.0,0.0,0.03125,0.96875,0.0
10,10,0.0,0.0,0.0,0.0,0.0,0.0,0.0,0.0,0.0,0.03125,0.96875,0.0
10,10,0.0,0.0,0.0,0.0,0.0,0.0,0.0,0.0,0.0,0.03125,0.96875,0.0
10,10,0.0,0.0,0.0,0.0,0.0,0.0,0.0,0.0,0.0,0.03125,0.96875,0.0
10,10,0.0,0.0,0.0,0.0,0.0,0.0,0.0,0.0,0.0,0.03125,0.96875,0.0
10,10,0.0,0.0,0.0,0.0,0.0,0.0,0.0,0.0,0.0,0.03125,0.96875,0.0
10,10,0.0,0.0,0.0,0.0,0.0,0.0,0.0,0.0,0.0,0.03125,0.96875,0.0
10,10,0.0,0.0,0.0,0.0,0.0,0.0,0.0,0.0,0.0,0.03125,0.96875,0.0
10,10,0.0,0.0,0.0,0.0,0.0,0.0,0.0,0.0,0.0,0.03125,0.96875,0.0
10,10,0.0,0.0,0.0,0.0,0.0,0.0,0.0,0.0,0.0,0.03125,0.96875,0.0
10,10,0.0,0.0,0.0,0.0,0.0,0.0,0.0,0.0,0.0,0.03125,0.96875,0.0
10,10,0.0,0.0,0.0,0.0,0.0,0.0,0.0,0.0,0.0,0.03125,0.96875,0.0
10,10,0.0,0.0,0.0,0.0,0.0,0.0,0.0,0.0,0.0,0.03125,0.96875,0.0
10,10,0.0,0.0,0.0,0.0,0.0,0.0,0.0,0.0,0.0,0.03125,0.96875,0.0
10,10,0.0,0.0,0.0,0.0,0.0,0.0,0.0,0.0,0.0,0.03125,0.96875,0.0
10,10,0.0,0.0,0.0,0.0,0.0,0.0,0.0,0.0,0.0,0.03125,0.96875,0.0
10,10,0.0,0.0,0.0,0.0,0.0,0.0,0.0,0.0,0.0,0.03125,0.96875,0.0
10,10,0.0,0.0,0.0,0.0,0.0,0.0,0.0,0.0,0.0,0.03125,0.96875,0.0
10,10,0.0,0.0,0.0,0.0,0.0,0.0,0.0,0.0,0.0,0.03125,0.96875,0.0
10,10,0.0,0.0,0.0,0.0,0.0,0.0,0.0,0.0,0.0,0.03125,0.96875,0.0
10,10,0.0,0.0,0.0,0.0,0.0,0.0,0.0,0.0,0.0,0.03125,0.96875,0.0
10,10,0.0,0.0,0.0,0.0,0.0,0.0,0.0,0.0,0.0,0.03125,0.96875,0.0
10,10,0.0,0.0,0.0,0.0,0.0,0.0,0.0,0.0,0.0,0.03125,0.96875,0.0
10,10,0.0,0.0,0.0,0.0,0.0,0.0,0.0,0.0,0.0,0.03125,0.96875,0.0
10,10,0.0,0.0,0.0,0.0,0.0,0.0,0.0,0.0,0.0,0.03125,0.96875,0.0
10,10,0.0,0.0,0.0,0.0,0.0,0.0,0.0,0.0,0.0,0.03125,0.96875,0.0
10,10,0.0,0.0,0.0,0.0,0.0,0.0,0.0,0.0,0.0,0.03125,0.96875,0.0
10,10,0.0,0.0,0.0,0.0,0.0,0.0,0.0,0.0,0.0,0.03125,0.96875,0.0
10,10,0.0,0.0,0.0,0.0,0.0,0.0,0.0,0.0,0.0,0.03125,0.96875,0.0
10,10,0.0,0.0,0.0,0.0,0.0,0.0,0.0,0.0,0.0,0.03125,0.96875,0.0
10,10,0.0,0.0,0.0,0.0,0.0,0.0,0.0,0.0,0.0,0.03125,0.96875,0.0
10,10,0.0,0.0,0.0,0.0,0.0,0.0,0.0,0.0,0.0,0.03125,0.96875,0.0
10,10,0.0,0.0,0.0,0.0,0.0,0.0,0.0,0.0,0.0,0.03125,0.96875,0.0
10,10,0.0,0.0,0.0,0.0,0.0,0.0,0.0,0.0,0.0,0.03125,0.96875,0.0
10,10,0.0,0.0,0.0,0.0,0.0,0.0,0.0,0.0,0.0,0.03125,0.96875,0.0
10,10,0.0,0.0,0.0,0.0,0.0,0.0,0.0,0.0,0.0,0.03125,0.96875,0.0
10,10,0.0,0.0,0.0,0.0,0.0,0.0,0.0,0.0,0.0,0.03125,0.96875,0.0
10,10,0.0,0.0,0.0,0.0,0.0,0.0,0.0,0.0,0.0,0.03125,0.96875,0.0
10,10,0.0,0.0,0.0,0.0,0.0,0.0,0.0,0.0,0.0,0.03125,0.96875,0.0
10,10,0.0,0.0,0.0,0.0,0.0,0.0,0.0,0.0,0.0,0.03125,0.96875,0.0
10,10,0.0,0.0,0.0,0.0,0.0,0.0,0.0,0.0,0.0,0.03125,0.96875,0.0
10,10,0.0,0.0,0.0,0.0,0.0,0.0,0.0,0.0,0.0,0.03125,0.96875,0.0
10,10,0.0,0.0,0.0,0.0,0.0,0.0,0.0,0.0,0.0,0.03125,0.96875,0.0
10,10,0.0,0.0,0.0,0.0,0.0,0.0,0.0,0.0,0.0,0.03125,0.96875,0.0
10,10,0.0,0.0,0.0,0.0,0.0,0.0,0.0,0.0,0.0,0.03125,0.96875,0.0
10,10,0.0,0.0,0.0,0.0,0.0,0.0,0.0,0.0,0.0,0.03125,0.96875,0.0
10,10,0.0,0.0,0.0,0.0,0.0,0.0,0.0,0.0,0.0,0.03125,0.96875,0.0
10,10,0.0,0.0,0.0,0.0,0.0,0.0,0.0,0.0,0.0,0.03125,0.96875,0.0
10,10,0.0,0.0,0.0,0.0,0.0,0.0,0.0,0.0,0.0,0.03125,0.96875,0.0
10,10,0.0,0.0,0.0,0.0,0.0,0.0,0.0,0.0,0.0,0.03125,0.96875,0.0
10,10,0.0,0.0,0.0,0.0,0.0,0.0,0.0,0.0,0.0,0.03125,0.96875,0.0
10,10,0.0,0.0,0.0,0.0,0.0,0.0,0.0,0.0,0.0,0.03125,0.96875,0.0
10,10,0.0,0.0,0.0,0.0,0.0,0.0,0.0,0.0,0.0,0.03125,0.96875,0.0
10,10,0.0,0.0,0.0,0.0,0.0,0.0,0.0,0.0,0.0,0.03125,0.96875,0.0
10,10,0.0,0.0,0.0,0.0,0.0,0.0,0.0,0.0,0.0,0.03125,0.96875,0.0
10,10,0.0,0.0,0.0,0.0,0.0,0.0,0.0,0.0,0.0,0.03125,0.96875,0.0
10,10,0.0,0.0,0.0,0.0,0.0,0.0,0.0,0.0,0.0,0.03125,0.96875,0.0
10,10,0.0,0.0,0.0,0.0,0.0,0.0,0.0,0.0,0.0,0.03125,0.96875,0.0
10,10,0.0,0.0,0.0,0.0,0.0,0.0,0.0,0.0,0.0,0.03125,0.96875,0.0
10,10,0.0,0.0,0.0,0.0,0.0,0.0,0.0,0.0,0.0,0.03125,0.96875,0.0
10,10,0.0,0.0,0.0,0.0,0.0,0.0,0.0,0.0,0.0,0.03125,0.96875,0.0
10,10,0.0,0.0,0.0,0.0,0.0,0.0,0.0,0.0,0.0,0.03125,0.96875,0.0
10,10,0.0,0.0,0.0,0.0,0.0,0.0,0.0,0.0,0.0,0.03125,0.96875,0.0
10,10,0.0,0.0,0.0,0.0,0.0,0.0,0.0,0.0,0.0,0.03125,0.96875,0.0
10,10,0.0,0.0,0.0,0.0,0.0,0.0,0.0,0.0,0.0,0.03125,0.96875,0.0
10,10,0.0,0.0,0.0,0.0,0.0,0.0,0.0,0.0,0.0,0.03125,0.96875,0.0
10,10,0.0,0.0,0.0,0.0,0.0,0.0,0.0,0.0,0.0,0.03125,0.96875,0.0
10,10,0.0,0.0,0.0,0.0,0.0,0.0,0.0,0.0,0.0,0.03125,0.96875,0.0
10,10,0.0,0.0,0.0,0.0,0.0,0.0,0.0,0.0,0.0,0.03125,0.96875,0.0
10,10,0.0,0.0,0.0,0.0,0.0,0.0,0.0,0.0,0.0,0.03125,0.96875,0.0
10,10,0.0,0.0,0.0,0.0,0.0,0.0,0.0,0.0,0.0,0.03125,0.96875,0.0
10,10,0.0,0.0,0.0,0.0,0.0,0.0,0.0,0.0,0.0,0.03125,0.96875,0.0
10,10,0.0,0.0,0.0,0.0,0.0,0.0,0.0,0.0,0.0,0.03125,0.96875,0.0
10,10,0.0,0.0,0.0,0.0,0.0,0.0,0.0,0.0,0.0,0.03125,0.96875,0.0
10,10,0.0,0.0,0.0,0.0,0.0,0.0,0.0,0.0,0.0,0.03125,0.96875,0.0
10,10,0.0,0.0,0.0,0.0,0.0,0.0,0.0,0.0,0.0,0.03125,0.96875,0.0
10,10,0.0,0.0,0.0,0.0,0.0,0.0,0.0,0.0,0.0,0.03125,0.96875,0.0
10,10,0.0,0.0,0.0,0.0,0.0,0.0,0.0,0.0,0.0,0.03125,0.96875,0.0
10,10,0.0,0.0,0.0,0.0,0.0,0.0,0.0,0.0,0.0,0.03125,0.96875,0.0
10,10,0.0,0.0,0.0,0.0,0.0,0.0,0.0,0.0,0.0,0.03125,0.96875,0.0
10,10,0.0,0.0,0.0,0.0,0.0,0.0,0.0,0.0,0.0,0.03125,0.96875,0.0
10,10,0.0,0.0,0.0,0.0,0.0,0.0,0.0,0.0,0.0,0.03125,0.96875,0.0
10,10,0.0,0.0,0.0,0.0,0.0,0.0,0.0,0.0,0.0,0.03125,0.96875,0.0
10,10,0.0,0.0,0.0,0.0,0.0,0.0,0.0,0.0,0.0,0.03125,0.96875,0.0
10,10,0.0,0.0,0.0,0.0,0.0,0.0,0.0,0.0,0.0,0.03125,0.96875,0.0
10,10,0.0,0.0,0.0,0.0,0.0,0.0,0.0,0.0,0.0,0.03125,0.96875,0.0
10,10,0.0,0.0,0.0,0.0,0.0,0.0,0.0,0.0,0.0,0.03125,0.96875,0.0
10,10,0.0,0.0,0.0,0.0,0.0,0.0,0.0,0.0,0.0,0.03125,0.96875,0.0
10,10,0.0,0.0,0.0,0.0,0.0,0.0,0.0,0.0,0.0,0.03125,0.96875,0.0
10,10,0.0,0.0,0.0,0.0,0.0,0.0,0.0,0.0,0.0,0.03125,0.96875,0.0
10,10,0.0,0.0,0.0,0.0,0.0,0.0,0.0,0.0,0.0,0.03125,0.96875,0.0
10,10,0.0,0.0,0.0,0.0,0.0,0.0,0.0,0.0,0.0,0.03125,0.96875,0.0
10,10,0.0,0.0,0.0,0.0,0.0,0.0,0.0,0.0,0.0,0.03125,0.96875,0.0
10,10,0.0,0.0,0.0,0.0,0.0,0.0,0.0,0.0,0.0,0.03125,0.96875,0.0
10,10,0.0,0.0,0.0,0.0,0.0,0.0,0.0,0.0,0.0,0.03125,0.96875,0.0
10,10,0.0,0.0,0.0,0.0,0.0,0.0,0.0,0.0,0.0,0.03125,0.96875,0.0
10,10,0.0,0.0,0.0,0.0,0.0,0.0,0.0,0.0,0.0,0.03125,0.96875,0.0
10,10,0.0,0.0,0.0,0.0,0.0,0.0,0.0,0.0,0.0,0.03125,0.96875,0.0
10,10,0.0,0.0,0.0,0.0,0.0,0.0,0.0,0.0,0.0,0.03125,0.96875,0.0
10,10,0.0,0.0,0.0,0.0,0.0,0.0,0.0,0.0,0.0,0.03125,0.96875,0.0
10,10,0.0,0.0,0.0,0.0,0.0,0.0,0.0,0.0,0.0,0.03125,0.96875,0.0
10,10,0.0,0.0,0.0,0.0,0.0,0.0,0.0,0.0,0.0,0.03125,0.96875,0.0
10,10,0.0,0.0,0.0,0.0,0.0,0.0,0.0,0.0,0.0,0.03125,0.96875,0.0
10,10,0.0,0.0,0.0,0.0,0.0,0.0,0.0,0.0,0.0,0.03125,0.96875,0.0
10,10,0.0,0.0,0.0,0.0,0.0,0.0,0.0,0.0,0.0,0.03125,0.96875,0.0
10,10,0.0,0.0,0.0,0.0,0.0,0.0,0.0,0.0,0.0,0.03125,0.96875,0.0
10,10,0.0,0.0,0.0,0.0,0.0,0.0,0.0,0.0,0.0,0.03125,0.96875,0.0
10,10,0.0,0.0,0.0,0.0,0.0,0.0,0.0,0.0,0.0,0.03125,0.96875,0.0
10,10,0.0,0.0,0.0,0.0,0.0,0.0,0.0,0.0,0.0,0.03125,0.96875,0.0
10,10,0.0,0.0,0.0,0.0,0.0,0.0,0.0,0.0,0.0,0.03125,0.96875,0.0
10,10,0.0,0.0,0.0,0.0,0.0,0.0,0.0,0.0,0.0,0.03125,0.96875,0.0
10,10,0.0,0.0,0.0,0.0,0.0,0.0,0.0,0.0,0.0,0.03125,0.96875,0.0
10,10,0.0,0.0,0.0,0.0,0.0,0.0,0.0,0.0,0.0,0.03125,0.96875,0.0
10,10,0.0,0.0,0.0,0.0,0.0,0.0,0.0,0.0,0.0,0.03125,0.96875,0.0
10,10,0.0,0.0,0.0,0.0,0.0,0.0,0.0,0.0,0.0,0.03125,0.96875,0.0
10,10,0.0,0.0,0.0,0.0,0.0,0.0,0.0,0.0,0.0,0.03125,0.96875,0.0
10,10,0.0,0.0,0.0,0.0,0.0,0.0,0.0,0.0,0.0,0.03125,0.96875,0.0
10,10,0.0,0.0,0.0,0.0,0.0,0.0,0.0,0.0,0.0,0.03125,0.96875,0.0
10,10,0.0,0.0,0.0,0.0,0.0,0.0,0.0,0.0,0.0,0.03125,0.96875,0.0
10,10,0.0,0.0,0.0,0.0,0.0,0.0,0.0,0.0,0.0,0.03125,0.96875,0.0
10,10,0.0,0.0,0.0,0.0,0.0,0.0,0.0,0.0,0.0,0.03125,0.96875,0.0
10,10,0.0,0.0,0.0,0.0,0.0,0.0,0.0,0.0,0.0,0.03125,0.96875,0.0
10,10,0.0,0.0,0.0,0.0,0.0,0.0,0.0,0.0,0.0,0.03125,0.96875,0.0
10,10,0.0,0.0,0.0,0.0,0.0,0.0,0.0,0.0,0.0,0.03125,0.953125,0.015625
10,10,0.0,0.0,0.0,0.0,0.0,0.0,0.0,0.0,0.0,0.03125,0.953125,0.015625
10,10,0.0,0.0,0.0,0.0,0.0,0.0,0.0,0.0,0.0,0.03125,0.953125,0.015625
10,10,0.0,0.0,0.0,0.0,0.0,0.0,0.0,0.0,0.0,0.03125,0.953125,0.015625
10,10,0.0,0.0,0.0,0.0,0.0,0.0,0.0,0.0,0.0,0.03125,0.953125,0.015625
10,10,0.0,0.0,0.0,0.0,0.0,0.0,0.0,0.0,0.0,0.03125,0.953125,0.015625
10,10,0.0,0.0,0.0,0.0,0.0,0.0,0.0,0.0,0.0,0.03125,0.953125,0.015625
10,10,0.0,0.0,0.0,0.0,0.0,0.0,0.0,0.0,0.0,0.03125,0.953125,0.015625
10,10,0.0,0.0,0.0,0.0,0.0,0.0,0.0,0.0,0.0,0.03125,0.953125,0.015625
10,10,0.0,0.0,0.0,0.0,0.0,0.0,0.0,0.0,0.0,0.03125,0.953125,0.015625
10,10,0.0,0.0,0.0,0.0,0.0,0.0,0.0,0.0,0.0,0.03125,0.953125,0.015625
10,10,0.0,0.0,0.0,0.0,0.0,0.0,0.0,0.0,0.0,0.03125,0.953125,0.015625
10,10,0.0,0.0,0.0,0.0,0.0,0.0,0.0,0.0,0.0,0.03125,0.953125,0.015625
10,10,0.0,0.0,0.0,0.0,0.0,0.0,0.0,0.0,0.0,0.03125,0.953125,0.015625
10,10,0.0,0.0,0.0,0.0,0.0,0.0,0.0,0.0,0.0,0.03125,0.953125,0.015625
10,10,0.0,0.0,0.0,0.0,0.0,0.0,0.0,0.0,0.0,0.03125,0.953125,0.015625
10,10,0.0,0.0,0.0,0.0,0.0,0.0,0.0,0.0,0.0,0.03125,0.953125,0.015625
10,10,0.0,0.0,0.0,0.0,0.0,0.0,0.0,0.0,0.0,0.03125,0.953125,0.015625
10,10,0.0,0.0,0.0,0.0,0.0,0.0,0.0,0.0,0.0,0.03125,0.953125,0.015625
10,10,0.0,0.0,0.0,0.0,0.0,0.0,0.0,0.0,0.0,0.03125,0.953125,0.015625
10,10,0.0,0.0,0.0,0.0,0.0,0.0,0.0,0.0,0.0,0.03125,0.953125,0.015625
10,10,0.0,0.0,0.0,0.0,0.0,0.0,0.0,0.0,0.0,0.03125,0.953125,0.015625
10,10,0.0,0.0,0.0,0.0,0.0,0.0,0.0,0.0,0.0,0.03125,0.953125,0.015625
10,10,0.0,0.0,0.0,0.0,0.0,0.0,0.0,0.0,0.0,0.03125,0.953125,0.015625
10,10,0.0,0.0,0.0,0.0,0.0,0.0,0.0,0.0,0.0,0.03125,0.953125,0.015625
10,10,0.0,0.0,0.0,0.0,0.0,0.0,0.0,0.0,0.0,0.03125,0.953125,0.015625
10,10,0.0,0.0,0.0,0.0,0.0,0.0,0.0,0.0,0.0,0.03125,0.953125,0.015625
10,10,0.0,0.0,0.0,0.0,0.0,0.0,0.0,0.0,0.0,0.03125,0.953125,0.015625
10,10,0.0,0.0,0.0,0.0,0.0,0.0,0.0,0.0,0.0,0.03125,0.953125,0.015625
10,10,0.0,0.0,0.0,0.0,0.0,0.0,0.0,0.0,0.0,0.03125,0.953125,0.015625
10,10,0.0,0.0,0.0,0.0,0.0,0.0,0.0,0.0,0.0,0.03125,0.953125,0.015625
10,10,0.0,0.0,0.0,0.0,0.0,0.0,0.0,0.0,0.0,0.03125,0.953125,0.015625
10,10,0.0,0.0,0.0,0.0,0.0,0.0,0.0,0.0,0.0,0.03125,0.953125,0.015625
10,10,0.0,0.0,0.0,0.0,0.0,0.0,0.0,0.0,0.0,0.03125,0.953125,0.015625
10,10,0.0,0.0,0.0,0.0,0.0,0.0,0.0,0.0,0.0,0.03125,0.953125,0.015625
10,10,0.0,0.0,0.0,0.0,0.0,0.0,0.0,0.0,0.0,0.03125,0.953125,0.015625
10,10,0.0,0.0,0.0,0.0,0.0,0.0,0.0,0.0,0.0,0.03125,0.953125,0.015625
10,10,0.0,0.0,0.0,0.0,0.0,0.0,0.0,0.0,0.0,0.03125,0.953125,0.015625
10,10,0.0,0.0,0.0,0.0,0.0,0.0,0.0,0.0,0.0,0.03125,0.953125,0.015625
10,10,0.0,0.0,0.0,0.0,0.0,0.0,0.0,0.0,0.0,0.03125,0.953125,0.015625
10,10,0.0,0.0,0.0,0.0,0.0,0.0,0.0,0.0,0.0,0.03125,0.953125,0.015625
10,10,0.0,0.0,0.0,0.0,0.0,0.0,0.0,0.0,0.0,0.03125,0.953125,0.015625
10,10,0.0,0.0,0.0,0.0,0.0,0.0,0.0,0.0,0.0,0.03125,0.953125,0.015625
10,10,0.0,0.0,0.0,0.0,0.0,0.0,0.0,0.0,0.0,0.03125,0.953125,0.015625
10,10,0.0,0.0,0.0,0.0,0.0,0.0,0.0,0.0,0.0,0.03125,0.953125,0.015625
10,10,0.0,0.0,0.0,0.0,0.0,0.0,0.0,0.0,0.0,0.03125,0.953125,0.015625
10,10,0.0,0.0,0.0,0.0,0.0,0.0,0.0,0.0,0.0,0.03125,0.953125,0.015625
10,10,0.0,0.0,0.0,0.0,0.0,0.0,0.0,0.0,0.0,0.03125,0.953125,0.015625
10,10,0.0,0.0,0.015625,0.0,0.0,0.0,0.0,0.0,0.0,0.03125,0.9375,0.015625
10,10,0.0,0.0,0.015625,0.0,0.0,0.0,0.0,0.0,0.0,0.03125,0.9375,0.015625
10,10,0.0,0.0,0.015625,0.0,0.0,0.0,0.0,0.0,0.0,0.03125,0.9375,0.015625
10,10,0.0,0.0,0.015625,0.0,0.0,0.0,0.0,0.0,0.0,0.03125,0.9375,0.015625
10,10,0.0,0.0,0.015625,0.0,0.0,0.0,0.0,0.0,0.0,0.03125,0.9375,0.015625
10,10,0.0,0.0,0.015625,0.0,0.0,0.0,0.0,0.0,0.0,0.03125,0.9375,0.015625
10,10,0.0,0.0,0.015625,0.0,0.0,0.0,0.0,0.0,0.0,0.03125,0.9375,0.015625
10,10,0.0,0.0,0.015625,0.0,0.0,0.0,0.0,0.0,0.0,0.03125,0.9375,0.015625
10,10,0.0,0.0,0.015625,0.0,0.0,0.0,0.0,0.0,0.0,0.03125,0.9375,0.015625
10,10,0.0,0.0,0.015625,0.0,0.0,0.0,0.0,0.0,0.0,0.03125,0.9375,0.015625
10,10,0.0,0.0,0.015625,0.0,0.0,0.0,0.0,0.0,0.0,0.03125,0.9375,0.015625
10,10,0.0,0.0,0.015625,0.0,0.0,0.0,0.0,0.0,0.0,0.03125,0.9375,0.015625
10,10,0.0,0.0,0.015625,0.0,0.0,0.0,0.0,0.0,0.0,0.03125,0.9375,0.015625
10,10,0.0,0.0,0.015625,0.0,0.0,0.0,0.0,0.0,0.0,0.03125,0.9375,0.015625
10,10,0.0,0.0,0.015625,0.0,0.0,0.0,0.0,0.0,0.0,0.03125,0.9375,0.015625
10,10,0.0,0.0,0.015625,0.0,0.0,0.0,0.0,0.0,0.0,0.03125,0.9375,0.015625
10,10,0.0,0.0,0.015625,0.0,0.0,0.0,0.0,0.0,0.0,0.03125,0.9375,0.015625
10,10,0.0,0.0,0.015625,0.0,0.0,0.0,0.0,0.0,0.0,0.03125,0.921875,0.03125
10,10,0.0,0.0,0.015625,0.0,0.0,0.0,0.0,0.0,0.0,0.03125,0.921875,0.03125
10,10,0.0,0.0,0.015625,0.0,0.0,0.0,0.0,0.0,0.0,0.03125,0.921875,0.03125
10,10,0.0,0.0,0.015625,0.0,0.0,0.0,0.0,0.0,0.0,0.03125,0.921875,0.03125
10,10,0.0,0.0,0.015625,0.0,0.0,0.0,0.0,0.0,0.0,0.03125,0.921875,0.03125
10,10,0.0,0.0,0.015625,0.0,0.0,0.0,0.0,0.0,0.0,0.03125,0.921875,0.03125
10,10,0.0,0.0,0.015625,0.0,0.0,0.0,0.0,0.0,0.0,0.03125,0.921875,0.03125
10,10,0.0,0.0,0.0,0.0,0.0,0.0,0.0,0.0,0.0,0.03125,0.9375,0.03125
10,10,0.0,0.0,0.0,0.0,0.0,0.0,0.0,0.0,0.0,0.03125,0.9375,0.03125
10,10,0.0,0.0,0.0,0.0,0.0,0.0,0.0,0.0,0.0,0.03125,0.9375,0.03125
10,10,0.0,0.0,0.0,0.0,0.0,0.0,0.0,0.0,0.0,0.03125,0.9375,0.03125
10,10,0.0,0.0,0.0,0.0,0.0,0.0,0.0,0.0,0.0,0.03125,0.9375,0.03125
10,10,0.0,0.0,0.0,0.0,0.0,0.0,0.0,0.0,0.0,0.03125,0.9375,0.03125
10,10,0.0,0.0,0.0,0.0,0.0,0.0,0.0,0.0,0.0,0.03125,0.9375,0.03125
10,10,0.0,0.0,0.0,0.0,0.0,0.0,0.0,0.0,0.0,0.03125,0.9375,0.03125
10,10,0.0,0.0,0.0,0.0,0.0,0.0,0.0,0.0,0.0,0.03125,0.9375,0.03125
10,10,0.0,0.0,0.0,0.0,0.0,0.0,0.0,0.0,0.0,0.03125,0.921875,0.046875
10,10,0.0,0.0,0.0,0.0,0.0,0.0,0.0,0.0,0.0,0.03125,0.921875,0.046875
10,10,0.0,0.0,0.0,0.0,0.0,0.0,0.0,0.0,0.0,0.03125,0.921875,0.046875
10,10,0.0,0.0,0.0,0.0,0.0,0.0,0.0,0.0,0.0,0.03125,0.921875,0.046875
10,10,0.0,0.0,0.0,0.0,0.0,0.0,0.0,0.0,0.0,0.03125,0.921875,0.046875
10,10,0.0,0.0,0.0,0.0,0.0,0.0,0.0,0.0,0.0,0.03125,0.921875,0.046875
10,10,0.0,0.0,0.0,0.0,0.0,0.0,0.0,0.0,0.0,0.03125,0.921875,0.046875
10,10,0.0,0.0,0.0,0.0,0.0,0.0,0.0,0.0,0.0,0.03125,0.921875,0.046875
10,10,0.0,0.0,0.0,0.0,0.0,0.0,0.0,0.0,0.0,0.03125,0.921875,0.046875
10,10,0.0,0.0,0.0,0.0,0.0,0.0,0.0,0.0,0.0,0.03125,0.921875,0.046875
10,10,0.0,0.0,0.0,0.0,0.0,0.0,0.0,0.0,0.0,0.03125,0.921875,0.046875
10,10,0.0,0.0,0.0,0.0,0.0,0.0,0.0,0.0,0.0,0.03125,0.921875,0.046875
10,10,0.0,0.0,0.0,0.0,0.0,0.0,0.0,0.0,0.0,0.03125,0.921875,0.046875
10,10,0.0,0.0,0.0,0.0,0.0,0.0,0.0,0.0,0.0,0.03125,0.921875,0.046875
10,10,0.0,0.0,0.0,0.0,0.0,0.0,0.0,0.0,0.0,0.03125,0.921875,0.046875
10,10,0.0,0.0,0.0,0.0,0.0,0.0,0.0,0.0,0.015625,0.03125,0.890625,0.0625
10,10,0.0,0.0,0.0,0.0,0.0,0.0,0.0,0.0,0.015625,0.03125,0.890625,0.0625
10,10,0.0,0.0,0.0,0.0,0.0,0.0,0.0,0.0,0.015625,0.03125,0.875,0.078125
10,10,0.0,0.0,0.0,0.0,0.0,0.0,0.0,0.0,0.015625,0.03125,0.875,0.078125
10,10,0.0,0.0,0.0,0.0,0.0,0.0,0.0,0.0,0.015625,0.03125,0.875,0.078125
10,10,0.0,0.0,0.0,0.0,0.0,0.0,0.0,0.0,0.015625,0.03125,0.875,0.078125
10,10,0.0,0.0,0.0,0.0,0.0,0.0,0.0,0.0,0.015625,0.03125,0.875,0.078125
10,10,0.0,0.0,0.0,0.0,0.0,0.0,0.0,0.0,0.015625,0.03125,0.875,0.078125
10,10,0.0,0.0,0.0,0.0,0.0,0.0,0.0,0.0,0.015625,0.03125,0.875,0.078125
10,10,0.0,0.0,0.0,0.0,0.0,0.0,0.0,0.0,0.015625,0.03125,0.875,0.078125
10,10,0.0,0.0,0.0,0.0,0.0,0.0,0.0,0.0,0.03125,0.03125,0.859375,0.078125
10,10,0.0,0.0,0.0,0.0,0.0,0.0,0.0,0.0,0.03125,0.03125,0.859375,0.078125
10,10,0.0,0.0,0.0,0.0,0.0,0.0,0.0,0.0,0.03125,0.03125,0.859375,0.078125
10,10,0.0,0.0,0.0,0.0,0.0,0.0,0.0,0.0,0.03125,0.03125,0.859375,0.078125
10,10,0.0,0.0,0.0,0.0,0.0,0.0,0.0,0.0,0.03125,0.03125,0.859375,0.078125
10,10,0.0,0.0,0.0,0.0,0.0,0.0,0.0,0.0,0.03125,0.03125,0.859375,0.078125
10,10,0.0,0.0,0.0,0.0,0.0,0.0,0.0,0.0,0.03125,0.03125,0.859375,0.078125
10,10,0.0,0.0,0.0,0.0,0.0,0.0,0.0,0.0,0.03125,0.03125,0.859375,0.078125
10,10,0.0,0.0,0.0,0.0,0.0,0.0,0.0,0.0,0.03125,0.03125,0.859375,0.078125
10,10,0.0,0.0,0.0,0.0,0.0,0.0,0.0,0.0,0.03125,0.03125,0.859375,0.078125
10,10,0.0,0.0,0.0,0.0,0.0,0.0,0.0,0.0,0.03125,0.03125,0.859375,0.078125
10,10,0.0,0.0,0.0,0.0,0.0,0.0,0.0,0.0,0.03125,0.03125,0.859375,0.078125
10,10,0.0,0.0,0.0,0.0,0.0,0.0,0.0,0.0,0.03125,0.03125,0.859375,0.078125
10,10,0.0,0.0,0.0,0.0,0.0,0.0,0.0,0.0,0.03125,0.03125,0.859375,0.078125
10,10,0.0,0.0,0.015625,0.0,0.0,0.0,0.0,0.0,0.03125,0.03125,0.84375,0.078125
10,10,0.0,0.0,0.015625,0.0,0.0,0.0,0.0,0.0,0.03125,0.03125,0.84375,0.078125
10,10,0.0,0.0,0.015625,0.0,0.0,0.0,0.0,0.0,0.03125,0.03125,0.84375,0.078125
10,10,0.0,0.0,0.015625,0.0,0.0,0.0,0.0,0.0,0.03125,0.03125,0.84375,0.078125
10,10,0.0,0.0,0.015625,0.0,0.0,0.0,0.0,0.0,0.03125,0.03125,0.828125,0.09375
10,10,0.0,0.0,0.015625,0.0,0.0,0.0,0.0,0.0,0.03125,0.03125,0.828125,0.09375
10,10,0.0,0.0,0.015625,0.0,0.0,0.0,0.0,0.0,0.03125,0.03125,0.828125,0.09375
10,10,0.0,0.0,0.015625,0.0,0.0,0.0,0.0,0.0,0.03125,0.03125,0.828125,0.09375
10,10,0.0,0.0,0.015625,0.0,0.0,0.0,0.0,0.0,0.03125,0.03125,0.8125,0.109375
10,10,0.0,0.0,0.015625,0.0,0.0,0.0,0.0,0.0,0.03125,0.03125,0.8125,0.109375
10,10,0.0,0.0,0.015625,0.0,0.0,0.0,0.0,0.0,0.03125,0.03125,0.8125,0.109375
10,10,0.0,0.0,0.015625,0.0,0.0,0.0,0.0,0.0,0.03125,0.03125,0.8125,0.109375
10,10,0.0,0.0,0.015625,0.0,0.0,0.0,0.0,0.0,0.03125,0.03125,0.8125,0.109375
10,10,0.0,0.0,0.015625,0.0,0.0,0.0,0.0,0.0,0.03125,0.03125,0.8125,0.109375
10,10,0.0,0.0,0.015625,0.0,0.0,0.0,0.0,0.0,0.03125,0.03125,0.8125,0.109375
10,10,0.0,0.0,0.015625,0.0,0.0,0.0,0.0,0.0,0.03125,0.03125,0.8125,0.109375
10,10,0.0,0.0,0.015625,0.0,0.0,0.0,0.0,0.0,0.03125,0.03125,0.8125,0.109375
10,10,0.0,0.0,0.015625,0.0,0.0,0.0,0.0,0.0,0.03125,0.03125,0.8125,0.109375
10,10,0.0,0.0,0.015625,0.0,0.0,0.0,0.0,0.0,0.03125,0.03125,0.8125,0.109375
10,10,0.0,0.0,0.015625,0.0,0.0,0.0,0.0,0.0,0.03125,0.03125,0.8125,0.109375
10,10,0.0,0.0,0.015625,0.0,0.0,0.0,0.0,0.0,0.03125,0.03125,0.8125,0.109375
10,10,0.0,0.0,0.015625,0.0,0.0,0.0,0.0,0.0,0.03125,0.03125,0.8125,0.109375
10,10,0.0,0.0,0.015625,0.0,0.0,0.0,0.0,0.0,0.03125,0.03125,0.8125,0.109375
10,10,0.0,0.0,0.015625,0.0,0.0,0.0,0.0,0.0,0.03125,0.03125,0.8125,0.109375
10,10,0.0,0.0,0.0,0.0,0.0,0.0,0.0,0.0,0.03125,0.03125,0.828125,0.109375
10,10,0.0,0.0,0.0,0.0,0.0,0.0,0.0,0.0,0.03125,0.03125,0.828125,0.109375
10,10,0.0,0.0,0.0,0.0,0.0,0.0,0.0,0.0,0.03125,0.03125,0.828125,0.109375
10,10,0.0,0.0,0.0,0.0,0.0,0.0,0.0,0.0,0.03125,0.03125,0.828125,0.109375
10,10,0.0,0.0,0.0,0.0,0.0,0.0,0.0,0.0,0.03125,0.03125,0.828125,0.109375
10,10,0.0,0.0,0.0,0.0,0.0,0.0,0.0,0.0,0.03125,0.03125,0.828125,0.109375
10,10,0.0,0.0,0.0,0.0,0.0,0.0,0.0,0.0,0.03125,0.03125,0.828125,0.109375
10,10,0.0,0.0,0.0,0.0,0.0,0.0,0.0,0.0,0.03125,0.03125,0.828125,0.109375
10,10,0.0,0.0,0.0,0.0,0.0,0.0,0.0,0.0,0.03125,0.03125,0.828125,0.109375
10,10,0.0,0.0,0.0,0.0,0.0,0.0,0.0,0.0,0.03125,0.03125,0.828125,0.109375
10,10,0.0,0.0,0.0,0.0,0.0,0.0,0.0,0.0,0.03125,0.03125,0.828125,0.109375
10,10,0.0,0.0,0.0,0.0,0.0,0.0,0.0,0.0,0.03125,0.03125,0.828125,0.109375
10,10,0.0,0.0,0.0,0.0,0.0,0.0,0.0,0.0,0.03125,0.03125,0.828125,0.109375
10,10,0.0,0.0,0.0,0.0,0.0,0.0,0.0,0.0,0.03125,0.03125,0.828125,0.109375
10,10,0.0,0.0,0.0,0.0,0.0,0.0,0.0,0.0,0.03125,0.03125,0.828125,0.109375
10,10,0.0,0.0,0.0,0.0,0.0,0.0,0.0,0.0,0.03125,0.03125,0.828125,0.109375
10,10,0.0,0.0,0.0,0.0,0.0,0.0,0.0,0.0,0.03125,0.03125,0.828125,0.109375
10,10,0.0,0.0,0.0,0.0,0.0,0.0,0.0,0.0,0.03125,0.03125,0.828125,0.109375
10,10,0.0,0.0,0.0,0.0,0.0,0.0,0.0,0.0,0.03125,0.03125,0.828125,0.109375
10,10,0.0,0.0,0.0,0.0,0.0,0.0,0.0,0.0,0.03125,0.03125,0.828125,0.109375
10,10,0.0,0.0,0.0,0.0,0.0,0.0,0.0,0.0,0.03125,0.03125,0.828125,0.109375
10,10,0.0,0.0,0.0,0.0,0.0,0.0,0.0,0.0,0.03125,0.03125,0.828125,0.109375
10,10,0.0,0.0,0.0,0.0,0.0,0.0,0.0,0.0,0.03125,0.03125,0.828125,0.109375
10,10,0.0,0.0,0.0,0.0,0.0,0.0,0.0,0.0,0.03125,0.03125,0.828125,0.109375
10,10,0.0,0.0,0.0,0.0,0.0,0.0,0.0,0.0,0.03125,0.03125,0.828125,0.109375
10,10,0.0,0.0,0.0,0.0,0.0,0.0,0.0,0.0,0.03125,0.03125,0.828125,0.109375
10,10,0.0,0.0,0.0,0.0,0.0,0.0,0.0,0.0,0.03125,0.03125,0.828125,0.109375
10,10,0.0,0.0,0.0,0.0,0.0,0.0,0.0,0.0,0.03125,0.03125,0.828125,0.109375
10,10,0.0,0.0,0.0,0.0,0.0,0.0,0.0,0.0,0.03125,0.03125,0.828125,0.109375
10,10,0.0,0.0,0.0,0.0,0.0,0.0,0.0,0.0,0.03125,0.03125,0.828125,0.109375
10,10,0.0,0.0,0.0,0.0,0.0,0.0,0.0,0.0,0.03125,0.03125,0.828125,0.109375
10,10,0.0,0.0,0.0,0.0,0.0,0.0,0.0,0.0,0.03125,0.03125,0.828125,0.109375
10,10,0.0,0.0,0.0,0.0,0.0,0.0,0.0,0.0,0.03125,0.03125,0.828125,0.109375
10,10,0.0,0.0,0.0,0.0,0.0,0.0,0.0,0.0,0.03125,0.03125,0.828125,0.109375
10,10,0.0,0.0,0.0,0.0,0.0,0.0,0.0,0.0,0.03125,0.03125,0.828125,0.109375
10,10,0.0,0.0,0.0,0.0,0.0,0.0,0.0,0.0,0.03125,0.03125,0.828125,0.109375
10,10,0.0,0.0,0.0,0.0,0.0,0.0,0.0,0.0,0.03125,0.03125,0.828125,0.109375
10,10,0.0,0.0,0.0,0.0,0.0,0.0,0.0,0.0,0.03125,0.03125,0.828125,0.109375
10,10,0.0,0.0,0.0,0.0,0.0,0.0,0.0,0.0,0.03125,0.03125,0.828125,0.109375
10,10,0.0,0.0,0.0,0.0,0.0,0.0,0.0,0.0,0.03125,0.03125,0.828125,0.109375
10,10,0.0,0.0,0.0,0.0,0.0,0.0,0.0,0.0,0.03125,0.03125,0.828125,0.109375
10,10,0.0,0.0,0.0,0.0,0.0,0.0,0.0,0.0,0.03125,0.03125,0.828125,0.109375
10,10,0.0,0.0,0.0,0.0,0.0,0.0,0.0,0.0,0.03125,0.03125,0.828125,0.109375
10,10,0.0,0.0,0.0,0.0,0.0,0.0,0.0,0.0,0.03125,0.03125,0.828125,0.109375
10,10,0.0,0.0,0.0,0.0,0.0,0.0,0.0,0.0,0.03125,0.03125,0.828125,0.109375
10,10,0.0,0.0,0.0,0.0,0.0,0.0,0.0,0.0,0.03125,0.03125,0.828125,0.109375
10,10,0.0,0.0,0.0,0.0,0.0,0.0,0.0,0.0,0.03125,0.03125,0.828125,0.109375
10,10,0.0,0.0,0.0,0.0,0.0,0.0,0.0,0.0,0.03125,0.03125,0.828125,0.109375
10,10,0.0,0.0,0.0,0.0,0.0,0.0,0.0,0.0,0.015625,0.03125,0.84375,0.109375
10,10,0.0,0.0,0.0,0.0,0.0,0.0,0.0,0.0,0.015625,0.03125,0.84375,0.109375
10,10,0.0,0.0,0.0,0.0,0.0,0.0,0.0,0.0,0.015625,0.03125,0.84375,0.109375
10,10,0.0,0.0,0.0,0.0,0.0,0.0,0.0,0.0,0.015625,0.03125,0.84375,0.109375
10,10,0.0,0.0,0.0,0.0,0.0,0.0,0.0,0.0,0.015625,0.03125,0.84375,0.109375
10,10,0.0,0.0,0.0,0.0,0.0,0.0,0.0,0.0,0.015625,0.03125,0.84375,0.109375
10,10,0.0,0.0,0.0,0.0,0.0,0.0,0.0,0.0,0.015625,0.03125,0.84375,0.109375
10,10,0.0,0.0,0.0,0.0,0.0,0.0,0.0,0.0,0.015625,0.03125,0.859375,0.09375
10,10,0.0,0.0,0.0,0.0,0.0,0.0,0.0,0.0,0.015625,0.03125,0.859375,0.09375
10,10,0.0,0.0,0.0,0.0,0.0,0.0,0.0,0.0,0.015625,0.03125,0.859375,0.09375
10,10,0.0,0.0,0.0,0.0,0.0,0.0,0.0,0.0,0.015625,0.03125,0.859375,0.09375
10,10,0.0,0.0,0.0,0.0,0.0,0.0,0.0,0.0,0.015625,0.03125,0.859375,0.09375
10,10,0.0,0.0,0.0,0.0,0.0,0.0,0.0,0.0,0.015625,0.03125,0.859375,0.09375
10,10,0.0,0.0,0.0,0.0,0.0,0.0,0.0,0.0,0.015625,0.03125,0.859375,0.09375
10,10,0.0,0.0,0.0,0.0,0.0,0.0,0.0,0.0,0.015625,0.03125,0.859375,0.09375
10,10,0.0,0.0,0.0,0.0,0.0,0.0,0.0,0.0,0.015625,0.03125,0.859375,0.09375
10,10,0.0,0.0,0.0,0.0,0.0,0.0,0.0,0.0,0.015625,0.03125,0.859375,0.09375
10,10,0.0,0.0,0.0,0.0,0.0,0.0,0.0,0.0,0.015625,0.03125,0.859375,0.09375
10,10,0.0,0.0,0.0,0.0,0.0,0.0,0.0,0.0,0.015625,0.03125,0.859375,0.09375
10,10,0.0,0.0,0.0,0.0,0.0,0.0,0.0,0.0,0.015625,0.03125,0.859375,0.09375
10,10,0.0,0.0,0.0,0.0,0.0,0.0,0.0,0.0,0.015625,0.03125,0.859375,0.09375
10,10,0.0,0.0,0.0,0.0,0.0,0.0,0.0,0.0,0.015625,0.03125,0.859375,0.09375
10,10,0.0,0.0,0.0,0.0,0.0,0.0,0.0,0.0,0.015625,0.03125,0.859375,0.09375
10,10,0.0,0.0,0.0,0.0,0.0,0.0,0.0,0.0,0.015625,0.03125,0.859375,0.09375
10,10,0.0,0.0,0.0,0.0,0.0,0.0,0.0,0.0,0.015625,0.03125,0.859375,0.09375
10,10,0.0,0.0,0.0,0.0,0.0,0.0,0.0,0.0,0.015625,0.03125,0.859375,0.09375
10,10,0.0,0.0,0.0,0.0,0.0,0.0,0.0,0.0,0.015625,0.03125,0.859375,0.09375
10,10,0.0,0.0,0.0,0.0,0.0,0.0,0.0,0.0,0.015625,0.03125,0.859375,0.09375
10,10,0.0,0.0,0.0,0.0,0.0,0.0,0.0,0.0,0.015625,0.03125,0.859375,0.09375
10,10,0.0,0.0,0.0,0.0,0.0,0.0,0.0,0.0,0.015625,0.03125,0.859375,0.09375
10,10,0.0,0.0,0.0,0.0,0.0,0.0,0.0,0.0,0.015625,0.03125,0.875,0.078125
10,10,0.0,0.0,0.0,0.0,0.0,0.0,0.0,0.0,0.015625,0.03125,0.875,0.078125
10,10,0.0,0.0,0.0,0.0,0.0,0.0,0.0,0.0,0.015625,0.03125,0.875,0.078125
10,10,0.0,0.0,0.0,0.0,0.0,0.0,0.0,0.0,0.015625,0.03125,0.875,0.078125
10,10,0.0,0.0,0.0,0.0,0.0,0.0,0.0,0.0,0.015625,0.03125,0.875,0.078125
10,10,0.0,0.0,0.0,0.0,0.0,0.0,0.0,0.0,0.015625,0.03125,0.875,0.078125
10,10,0.0,0.0,0.0,0.0,0.0,0.0,0.0,0.0,0.015625,0.03125,0.875,0.078125
10,10,0.0,0.0,0.0,0.0,0.0,0.0,0.0,0.0,0.015625,0.03125,0.875,0.078125
10,10,0.0,0.0,0.0,0.0,0.0,0.0,0.0,0.0,0.015625,0.03125,0.875,0.078125
10,10,0.0,0.0,0.0,0.0,0.0,0.0,0.0,0.0,0.015625,0.03125,0.875,0.078125
10,10,0.0,0.0,0.0,0.0,0.0,0.0,0.0,0.0,0.015625,0.03125,0.875,0.078125
10,10,0.0,0.0,0.0,0.0,0.0,0.0,0.0,0.0,0.015625,0.03125,0.875,0.078125
10,10,0.0,0.0,0.0,0.0,0.0,0.0,0.0,0.0,0.015625,0.03125,0.875,0.078125
10,10,0.0,0.0,0.0,0.0,0.0,0.0,0.0,0.0,0.015625,0.03125,0.875,0.078125
10,10,0.0,0.0,0.0,0.0,0.0,0.0,0.0,0.0,0.015625,0.03125,0.890625,0.0625
10,10,0.0,0.0,0.0,0.0,0.0,0.0,0.0,0.0,0.0,0.03125,0.90625,0.0625
10,10,0.0,0.0,0.0,0.0,0.0,0.0,0.0,0.0,0.0,0.03125,0.90625,0.0625
10,10,0.0,0.0,0.0,0.0,0.0,0.0,0.0,0.0,0.0,0.03125,0.90625,0.0625
10,10,0.0,0.0,0.0,0.0,0.0,0.0,0.0,0.0,0.0,0.03125,0.90625,0.0625
10,10,0.0,0.0,0.0,0.0,0.0,0.0,0.0,0.0,0.0,0.03125,0.90625,0.0625
10,10,0.0,0.0,0.0,0.0,0.0,0.0,0.0,0.0,0.0,0.03125,0.90625,0.0625
10,10,0.0,0.0,0.0,0.0,0.0,0.0,0.0,0.0,0.0,0.03125,0.921875,0.046875
10,10,0.0,0.0,0.0,0.0,0.0,0.0,0.0,0.0,0.0,0.03125,0.921875,0.046875
10,10,0.0,0.0,0.0,0.0,0.0,0.0,0.0,0.0,0.0,0.03125,0.921875,0.046875
10,10,0.0,0.0,0.0,0.0,0.0,0.0,0.0,0.0,0.0,0.03125,0.921875,0.046875
10,10,0.0,0.0,0.0,0.0,0.0,0.0,0.0,0.0,0.0,0.03125,0.921875,0.046875
10,10,0.0,0.0,0.0,0.0,0.0,0.0,0.0,0.0,0.0,0.03125,0.921875,0.046875
10,10,0.0,0.0,0.0,0.0,0.0,0.0,0.0,0.0,0.0,0.03125,0.921875,0.046875
10,10,0.0,0.0,0.0,0.0,0.0,0.0,0.0,0.0,0.0,0.03125,0.921875,0.046875
10,10,0.0,0.0,0.0,0.0,0.0,0.0,0.0,0.0,0.0,0.03125,0.921875,0.046875
10,10,0.0,0.0,0.0,0.0,0.0,0.0,0.0,0.0,0.0,0.03125,0.921875,0.046875
10,10,0.0,0.0,0.0,0.0,0.0,0.0,0.0,0.0,0.0,0.03125,0.921875,0.046875
10,10,0.0,0.0,0.0,0.0,0.0,0.0,0.0,0.0,0.0,0.03125,0.921875,0.046875
10,10,0.0,0.0,0.0,0.0,0.0,0.0,0.0,0.0,0.0,0.03125,0.921875,0.046875
10,10,0.0,0.0,0.0,0.0,0.0,0.0,0.0,0.0,0.0,0.03125,0.9375,0.03125
10,10,0.0,0.0,0.0,0.0,0.0,0.0,0.0,0.0,0.0,0.03125,0.9375,0.03125
10,10,0.0,0.0,0.0,0.0,0.0,0.0,0.0,0.0,0.0,0.03125,0.9375,0.03125
10,10,0.0,0.0,0.0,0.0,0.0,0.0,0.0,0.0,0.0,0.03125,0.9375,0.03125
10,10,0.0,0.0,0.0,0.0,0.0,0.0,0.0,0.0,0.0,0.03125,0.9375,0.03125
10,10,0.0,0.0,0.0,0.0,0.0,0.0,0.0,0.0,0.0,0.03125,0.9375,0.03125
10,10,0.0,0.0,0.0,0.0,0.0,0.0,0.0,0.0,0.0,0.03125,0.9375,0.03125
10,10,0.0,0.0,0.0,0.0,0.0,0.0,0.0,0.0,0.0,0.03125,0.9375,0.03125
10,10,0.0,0.0,0.0,0.0,0.0,0.0,0.0,0.0,0.0,0.03125,0.9375,0.03125
10,10,0.0,0.0,0.0,0.0,0.0,0.0,0.0,0.0,0.0,0.03125,0.9375,0.03125
10,10,0.0,0.0,0.0,0.0,0.0,0.0,0.0,0.0,0.0,0.03125,0.9375,0.03125
10,10,0.0,0.0,0.0,0.0,0.0,0.0,0.0,0.0,0.0,0.03125,0.9375,0.03125
10,10,0.0,0.0,0.0,0.0,0.0,0.0,0.0,0.0,0.0,0.03125,0.9375,0.03125
10,10,0.0,0.0,0.0,0.0,0.0,0.0,0.0,0.0,0.0,0.03125,0.9375,0.03125
10,10,0.0,0.0,0.0,0.0,0.0,0.0,0.0,0.0,0.0,0.03125,0.9375,0.03125
10,10,0.0,0.0,0.0,0.0,0.0,0.0,0.0,0.0,0.0,0.03125,0.9375,0.03125
10,10,0.0,0.0,0.0,0.0,0.0,0.0,0.0,0.0,0.0,0.03125,0.9375,0.03125
10,10,0.0,0.0,0.0,0.0,0.0,0.0,0.0,0.0,0.0,0.03125,0.9375,0.03125
10,10,0.0,0.0,0.0,0.0,0.0,0.0,0.0,0.0,0.0,0.03125,0.9375,0.03125
10,10,0.0,0.0,0.0,0.0,0.0,0.0,0.0,0.0,0.0,0.03125,0.9375,0.03125
10,10,0.0,0.0,0.0,0.0,0.0,0.0,0.0,0.0,0.0,0.03125,0.9375,0.03125
10,10,0.0,0.0,0.0,0.0,0.0,0.0,0.0,0.0,0.0,0.03125,0.9375,0.03125
10,10,0.0,0.0,0.0,0.0,0.0,0.0,0.0,0.0,0.0,0.03125,0.9375,0.03125
10,10,0.0,0.0,0.0,0.0,0.0,0.0,0.0,0.0,0.0,0.03125,0.9375,0.03125
10,10,0.0,0.0,0.0,0.0,0.0,0.0,0.0,0.0,0.0,0.03125,0.9375,0.03125
10,10,0.0,0.0,0.0,0.0,0.0,0.0,0.0,0.0,0.0,0.03125,0.9375,0.03125
10,10,0.0,0.0,0.0,0.0,0.0,0.0,0.0,0.0,0.0,0.03125,0.9375,0.03125
10,10,0.0,0.0,0.0,0.0,0.0,0.0,0.0,0.0,0.0,0.03125,0.9375,0.03125
10,10,0.0,0.0,0.0,0.0,0.0,0.0,0.0,0.0,0.0,0.03125,0.9375,0.03125
10,10,0.0,0.0,0.0,0.0,0.0,0.0,0.0,0.0,0.0,0.03125,0.953125,0.015625
10,10,0.0,0.0,0.0,0.0,0.0,0.0,0.0,0.0,0.0,0.03125,0.953125,0.015625
10,10,0.0,0.0,0.0,0.0,0.0,0.0,0.0,0.0,0.0,0.03125,0.953125,0.015625
10,10,0.0,0.0,0.0,0.0,0.0,0.0,0.0,0.0,0.0,0.03125,0.953125,0.015625
10,10,0.0,0.0,0.0,0.0,0.0,0.0,0.0,0.0,0.0,0.03125,0.953125,0.015625
10,10,0.0,0.0,0.0,0.0,0.0,0.0,0.0,0.0,0.0,0.03125,0.953125,0.015625
10,10,0.0,0.0,0.0,0.0,0.0,0.0,0.0,0.0,0.0,0.03125,0.953125,0.015625
10,10,0.0,0.0,0.0,0.0,0.0,0.0,0.0,0.0,0.0,0.03125,0.953125,0.015625
10,10,0.0,0.0,0.0,0.0,0.0,0.0,0.0,0.0,0.0,0.03125,0.953125,0.015625
10,10,0.0,0.0,0.0,0.0,0.0,0.0,0.0,0.0,0.0,0.03125,0.953125,0.015625
10,10,0.0,0.0,0.0,0.0,0.0,0.0,0.0,0.0,0.0,0.03125,0.953125,0.015625
10,10,0.0,0.0,0.0,0.0,0.0,0.0,0.0,0.0,0.0,0.03125,0.953125,0.015625
10,10,0.0,0.0,0.0,0.0,0.0,0.0,0.0,0.0,0.0,0.03125,0.953125,0.015625
10,10,0.0,0.0,0.0,0.0,0.0,0.0,0.0,0.0,0.0,0.03125,0.953125,0.015625
10,10,0.0,0.0,0.0,0.0,0.0,0.0,0.0,0.0,0.0,0.03125,0.953125,0.015625
10,10,0.0,0.0,0.0,0.0,0.0,0.0,0.0,0.0,0.0,0.03125,0.953125,0.015625
10,10,0.0,0.0,0.0,0.0,0.0,0.0,0.0,0.0,0.0,0.03125,0.953125,0.015625
10,10,0.0,0.0,0.0,0.0,0.0,0.0,0.0,0.0,0.0,0.03125,0.953125,0.015625
10,10,0.0,0.0,0.0,0.0,0.0,0.0,0.0,0.0,0.0,0.03125,0.953125,0.015625
10,10,0.0,0.0,0.0,0.0,0.0,0.0,0.0,0.0,0.0,0.03125,0.953125,0.015625
10,10,0.0,0.0,0.0,0.0,0.0,0.0,0.0,0.0,0.0,0.03125,0.953125,0.015625
10,10,0.0,0.0,0.0,0.0,0.0,0.0,0.0,0.0,0.0,0.03125,0.953125,0.015625
10,10,0.0,0.0,0.0,0.0,0.0,0.0,0.0,0.0,0.0,0.03125,0.953125,0.015625
10,10,0.0,0.0,0.0,0.0,0.0,0.0,0.0,0.0,0.0,0.03125,0.953125,0.015625
10,10,0.0,0.0,0.0,0.0,0.0,0.0,0.0,0.0,0.0,0.03125,0.953125,0.015625
10,10,0.0,0.0,0.0,0.0,0.0,0.0,0.0,0.0,0.0,0.03125,0.953125,0.015625
10,10,0.0,0.0,0.0,0.0,0.0,0.0,0.0,0.0,0.0,0.03125,0.953125,0.015625
10,10,0.0,0.0,0.0,0.0,0.0,0.0,0.0,0.0,0.0,0.03125,0.953125,0.015625
10,10,0.0,0.0,0.0,0.0,0.0,0.0,0.0,0.0,0.0,0.03125,0.953125,0.015625
10,10,0.0,0.0,0.0,0.0,0.0,0.0,0.0,0.0,0.0,0.03125,0.953125,0.015625
10,10,0.0,0.0,0.0,0.0,0.0,0.0,0.0,0.0,0.0,0.03125,0.953125,0.015625
10,10,0.0,0.0,0.0,0.0,0.0,0.0,0.0,0.0,0.0,0.03125,0.953125,0.015625
10,10,0.0,0.0,0.0,0.0,0.0,0.0,0.0,0.0,0.0,0.03125,0.953125,0.015625
10,10,0.0,0.0,0.0,0.0,0.0,0.0,0.0,0.0,0.0,0.03125,0.953125,0.015625
10,10,0.0,0.0,0.0,0.0,0.0,0.0,0.0,0.0,0.0,0.03125,0.953125,0.015625
10,10,0.0,0.0,0.0,0.0,0.0,0.0,0.0,0.0,0.0,0.03125,0.96875,0.0
10,10,0.0,0.0,0.0,0.0,0.0,0.0,0.0,0.0,0.0,0.03125,0.96875,0.0
10,10,0.0,0.0,0.0,0.0,0.0,0.0,0.0,0.0,0.0,0.03125,0.96875,0.0
10,10,0.0,0.0,0.0,0.0,0.0,0.0,0.0,0.0,0.0,0.03125,0.96875,0.0
10,10,0.0,0.0,0.0,0.0,0.0,0.0,0.0,0.0,0.0,0.03125,0.96875,0.0
10,10,0.0,0.0,0.0,0.0,0.0,0.0,0.0,0.0,0.0,0.03125,0.96875,0.0
10,10,0.0,0.0,0.0,0.0,0.0,0.0,0.0,0.0,0.0,0.03125,0.96875,0.0
10,10,0.0,0.0,0.0,0.0,0.0,0.0,0.0,0.0,0.0,0.03125,0.96875,0.0
10,10,0.0,0.0,0.0,0.0,0.0,0.0,0.0,0.0,0.0,0.03125,0.96875,0.0
10,10,0.0,0.0,0.0,0.0,0.0,0.0,0.0,0.0,0.0,0.03125,0.96875,0.0
10,10,0.0,0.0,0.0,0.0,0.0,0.0,0.0,0.0,0.0,0.03125,0.96875,0.0
10,10,0.0,0.0,0.0,0.0,0.0,0.0,0.0,0.0,0.0,0.03125,0.96875,0.0
10,10,0.0,0.0,0.0,0.0,0.0,0.0,0.0,0.0,0.0,0.03125,0.96875,0.0
10,10,0.0,0.0,0.0,0.0,0.0,0.0,0.0,0.0,0.0,0.03125,0.96875,0.0
10,10,0.0,0.0,0.0,0.0,0.0,0.0,0.0,0.0,0.0,0.03125,0.96875,0.0
10,10,0.0,0.0,0.0,0.0,0.0,0.0,0.0,0.0,0.0,0.03125,0.96875,0.0
10,10,0.0,0.0,0.0,0.0,0.0,0.0,0.0,0.0,0.0,0.03125,0.96875,0.0
10,10,0.0,0.0,0.0,0.0,0.0,0.0,0.0,0.0,0.0,0.03125,0.96875,0.0
10,10,0.0,0.0,0.0,0.0,0.0,0.0,0.0,0.0,0.0,0.03125,0.96875,0.0
10,10,0.0,0.0,0.0,0.0,0.0,0.0,0.0,0.0,0.0,0.03125,0.96875,0.0
10,10,0.0,0.0,0.0,0.0,0.0,0.0,0.0,0.0,0.0,0.03125,0.96875,0.0
10,10,0.0,0.0,0.0,0.0,0.0,0.0,0.0,0.0,0.0,0.03125,0.96875,0.0
10,10,0.0,0.0,0.0,0.0,0.0,0.0,0.0,0.0,0.0,0.03125,0.96875,0.0
10,10,0.0,0.0,0.0,0.0,0.0,0.0,0.0,0.0,0.0,0.03125,0.96875,0.0
10,10,0.0,0.0,0.0,0.0,0.0,0.0,0.0,0.0,0.0,0.03125,0.96875,0.0
10,10,0.0,0.0,0.0,0.0,0.0,0.0,0.0,0.0,0.0,0.03125,0.96875,0.0
10,10,0.0,0.0,0.0,0.0,0.0,0.0,0.0,0.0,0.0,0.03125,0.96875,0.0
10,10,0.0,0.0,0.0,0.0,0.0,0.0,0.0,0.0,0.0,0.03125,0.96875,0.0
10,10,0.0,0.0,0.0,0.0,0.0,0.0,0.0,0.0,0.0,0.03125,0.96875,0.0
10,10,0.0,0.0,0.0,0.0,0.0,0.0,0.0,0.0,0.0,0.03125,0.96875,0.0
10,10,0.0,0.0,0.0,0.0,0.0,0.0,0.0,0.0,0.0,0.03125,0.96875,0.0
10,10,0.0,0.0,0.0,0.0,0.0,0.0,0.0,0.0,0.0,0.03125,0.96875,0.0
10,10,0.0,0.0,0.0,0.0,0.0,0.0,0.0,0.0,0.0,0.03125,0.96875,0.0
10,10,0.0,0.0,0.0,0.0,0.0,0.0,0.0,0.0,0.0,0.03125,0.96875,0.0
10,10,0.0,0.0,0.0,0.0,0.0,0.0,0.0,0.0,0.0,0.03125,0.96875,0.0
10,10,0.0,0.0,0.0,0.0,0.0,0.0,0.0,0.0,0.0,0.03125,0.96875,0.0
10,10,0.0,0.0,0.0,0.0,0.0,0.0,0.0,0.0,0.0,0.03125,0.96875,0.0
10,10,0.0,0.0,0.0,0.0,0.0,0.0,0.0,0.0,0.0,0.03125,0.96875,0.0
10,10,0.0,0.0,0.0,0.0,0.0,0.0,0.0,0.0,0.0,0.03125,0.96875,0.0
10,10,0.0,0.0,0.0,0.0,0.0,0.0,0.0,0.0,0.0,0.03125,0.96875,0.0
10,10,0.0,0.0,0.0,0.0,0.0,0.0,0.0,0.0,0.0,0.03125,0.96875,0.0
10,10,0.0,0.0,0.0,0.0,0.0,0.0,0.0,0.0,0.0,0.03125,0.96875,0.0
10,10,0.0,0.0,0.0,0.0,0.0,0.0,0.0,0.0,0.0,0.03125,0.96875,0.0
10,10,0.0,0.0,0.0,0.0,0.0,0.0,0.0,0.0,0.0,0.03125,0.96875,0.0
10,10,0.0,0.0,0.0,0.0,0.0,0.0,0.0,0.0,0.0,0.03125,0.96875,0.0
10,10,0.0,0.0,0.0,0.0,0.0,0.0,0.0,0.0,0.0,0.03125,0.96875,0.0
10,10,0.0,0.0,0.0,0.0,0.0,0.0,0.0,0.0,0.0,0.03125,0.96875,0.0
10,10,0.0,0.0,0.0,0.0,0.0,0.0,0.0,0.0,0.0,0.03125,0.96875,0.0
10,10,0.0,0.0,0.0,0.0,0.0,0.0,0.0,0.0,0.0,0.03125,0.96875,0.0
10,10,0.0,0.0,0.0,0.0,0.0,0.0,0.0,0.0,0.0,0.03125,0.96875,0.0
10,10,0.0,0.0,0.0,0.0,0.0,0.0,0.0,0.0,0.0,0.03125,0.96875,0.0
10,10,0.0,0.0,0.0,0.0,0.0,0.0,0.0,0.0,0.0,0.03125,0.96875,0.0
10,10,0.0,0.0,0.0,0.0,0.0,0.0,0.0,0.0,0.0,0.03125,0.96875,0.0
10,10,0.0,0.0,0.0,0.0,0.0,0.0,0.0,0.0,0.0,0.03125,0.96875,0.0
10,10,0.0,0.0,0.0,0.0,0.0,0.0,0.0,0.0,0.0,0.03125,0.96875,0.0
10,10,0.0,0.0,0.0,0.0,0.0,0.0,0.0,0.0,0.0,0.03125,0.96875,0.0
10,10,0.0,0.0,0.0,0.0,0.0,0.0,0.0,0.0,0.0,0.03125,0.96875,0.0
10,10,0.0,0.0,0.0,0.0,0.0,0.0,0.0,0.0,0.0,0.03125,0.96875,0.0
10,10,0.0,0.0,0.0,0.0,0.0,0.0,0.0,0.0,0.0,0.03125,0.96875,0.0
10,10,0.0,0.0,0.0,0.0,0.0,0.0,0.0,0.0,0.0,0.03125,0.96875,0.0
10,10,0.0,0.0,0.0,0.0,0.0,0.0,0.0,0.0,0.0,0.03125,0.96875,0.0
10,10,0.0,0.0,0.0,0.0,0.0,0.0,0.0,0.0,0.0,0.03125,0.96875,0.0
10,10,0.0,0.0,0.0,0.0,0.0,0.0,0.0,0.0,0.0,0.03125,0.96875,0.0
10,10,0.0,0.0,0.0,0.0,0.0,0.0,0.0,0.0,0.0,0.03125,0.96875,0.0
10,10,0.0,0.0,0.0,0.0,0.0,0.0,0.0,0.0,0.0,0.03125,0.96875,0.0
10,10,0.0,0.0,0.0,0.0,0.0,0.0,0.0,0.0,0.0,0.03125,0.96875,0.0
10,10,0.0,0.0,0.0,0.0,0.0,0.0,0.0,0.0,0.0,0.03125,0.96875,0.0
10,10,0.0,0.0,0.0,0.0,0.0,0.0,0.0,0.0,0.0,0.03125,0.96875,0.0
10,10,0.0,0.0,0.0,0.0,0.0,0.0,0.0,0.0,0.0,0.03125,0.96875,0.0
10,10,0.0,0.0,0.0,0.0,0.0,0.0,0.0,0.0,0.0,0.03125,0.96875,0.0
10,10,0.0,0.0,0.0,0.0,0.0,0.0,0.0,0.0,0.0,0.03125,0.96875,0.0
10,10,0.0,0.0,0.0,0.0,0.0,0.0,0.0,0.0,0.0,0.03125,0.96875,0.0
10,10,0.0,0.0,0.0,0.0,0.0,0.0,0.0,0.0,0.0,0.03125,0.96875,0.0
10,10,0.0,0.0,0.0,0.0,0.0,0.0,0.0,0.0,0.0,0.03125,0.96875,0.0
10,10,0.0,0.0,0.0,0.0,0.0,0.0,0.0,0.0,0.0,0.03125,0.96875,0.0
10,10,0.0,0.0,0.0,0.0,0.0,0.0,0.0,0.0,0.0,0.03125,0.96875,0.0
10,10,0.0,0.0,0.0,0.0,0.0,0.0,0.0,0.0,0.0,0.03125,0.96875,0.0
10,10,0.0,0.0,0.0,0.0,0.0,0.0,0.0,0.0,0.0,0.03125,0.96875,0.0
10,10,0.0,0.0,0.0,0.0,0.0,0.0,0.0,0.0,0.0,0.03125,0.96875,0.0
10,10,0.0,0.0,0.0,0.0,0.0,0.0,0.0,0.0,0.0,0.03125,0.96875,0.0
10,10,0.0,0.0,0.0,0.0,0.0,0.0,0.0,0.0,0.0,0.03125,0.96875,0.0
10,10,0.0,0.0,0.0,0.0,0.0,0.0,0.0,0.0,0.0,0.03125,0.96875,0.0
10,10,0.0,0.0,0.0,0.0,0.0,0.0,0.0,0.0,0.0,0.03125,0.96875,0.0
10,10,0.0,0.0,0.0,0.0,0.0,0.0,0.0,0.0,0.0,0.03125,0.96875,0.0
10,10,0.0,0.0,0.0,0.0,0.0,0.0,0.0,0.0,0.0,0.03125,0.96875,0.0
10,10,0.0,0.0,0.0,0.0,0.0,0.0,0.0,0.0,0.0,0.03125,0.96875,0.0
10,10,0.0,0.0,0.0,0.0,0.0,0.0,0.0,0.0,0.0,0.03125,0.96875,0.0
10,10,0.0,0.0,0.0,0.0,0.0,0.0,0.0,0.0,0.0,0.03125,0.96875,0.0
10,10,0.0,0.0,0.0,0.0,0.0,0.0,0.0,0.0,0.0,0.03125,0.96875,0.0
10,10,0.0,0.0,0.0,0.0,0.0,0.0,0.0,0.0,0.0,0.03125,0.96875,0.0
10,10,0.0,0.0,0.0,0.0,0.0,0.0,0.0,0.0,0.0,0.03125,0.96875,0.0
10,10,0.0,0.0,0.0,0.0,0.0,0.0,0.0,0.0,0.0,0.03125,0.96875,0.0
10,10,0.0,0.0,0.0,0.0,0.0,0.0,0.0,0.0,0.0,0.03125,0.96875,0.0
10,10,0.0,0.0,0.0,0.0,0.0,0.0,0.0,0.0,0.0,0.03125,0.96875,0.0
10,10,0.0,0.0,0.0,0.0,0.0,0.0,0.0,0.0,0.0,0.03125,0.96875,0.0
10,10,0.0,0.0,0.0,0.0,0.0,0.0,0.0,0.0,0.0,0.03125,0.96875,0.0
10,10,0.0,0.0,0.0,0.0,0.0,0.0,0.0,0.0,0.0,0.03125,0.96875,0.0
10,10,0.0,0.0,0.0,0.0,0.0,0.0,0.0,0.0,0.0,0.03125,0.96875,0.0
10,10,0.0,0.0,0.0,0.0,0.0,0.0,0.0,0.0,0.0,0.03125,0.96875,0.0
10,10,0.0,0.0,0.0,0.0,0.0,0.0,0.0,0.0,0.0,0.03125,0.96875,0.0
10,10,0.0,0.0,0.0,0.0,0.0,0.0,0.0,0.0,0.0,0.03125,0.96875,0.0
10,10,0.0,0.0,0.0,0.0,0.0,0.0,0.0,0.0,0.0,0.03125,0.96875,0.0
10,10,0.0,0.0,0.0,0.0,0.0,0.0,0.0,0.0,0.0,0.03125,0.96875,0.0
10,10,0.0,0.0,0.0,0.0,0.0,0.0,0.0,0.0,0.0,0.03125,0.96875,0.0
10,10,0.0,0.0,0.0,0.0,0.0,0.0,0.0,0.0,0.0,0.03125,0.96875,0.0
10,10,0.0,0.0,0.0,0.0,0.0,0.0,0.0,0.0,0.0,0.03125,0.96875,0.0
10,10,0.0,0.0,0.0,0.0,0.0,0.0,0.0,0.0,0.0,0.03125,0.96875,0.0
10,10,0.0,0.0,0.0,0.0,0.0,0.0,0.0,0.0,0.0,0.03125,0.96875,0.0
10,10,0.0,0.0,0.0,0.0,0.0,0.0,0.0,0.0,0.0,0.03125,0.96875,0.0
10,10,0.0,0.0,0.0,0.0,0.0,0.0,0.0,0.0,0.0,0.03125,0.96875,0.0
10,10,0.0,0.0,0.0,0.0,0.0,0.0,0.0,0.0,0.0,0.03125,0.96875,0.0
10,10,0.0,0.0,0.0,0.0,0.0,0.0,0.0,0.0,0.0,0.03125,0.96875,0.0
10,10,0.0,0.0,0.0,0.0,0.0,0.0,0.0,0.0,0.0,0.03125,0.96875,0.0
10,10,0.0,0.0,0.0,0.0,0.0,0.0,0.0,0.0,0.0,0.03125,0.96875,0.0
10,10,0.0,0.0,0.0,0.0,0.0,0.0,0.0,0.0,0.0,0.03125,0.96875,0.0
10,10,0.0,0.0,0.0,0.0,0.0,0.0,0.0,0.0,0.0,0.03125,0.96875,0.0
10,10,0.0,0.0,0.0,0.0,0.0,0.0,0.0,0.0,0.0,0.03125,0.96875,0.0
10,10,0.0,0.0,0.0,0.0,0.0,0.0,0.0,0.0,0.0,0.03125,0.96875,0.0
10,10,0.0,0.0,0.0,0.0,0.0,0.0,0.0,0.0,0.0,0.03125,0.96875,0.0
10,10,0.0,0.0,0.0,0.0,0.0,0.0,0.0,0.0,0.0,0.03125,0.96875,0.0
10,10,0.0,0.0,0.0,0.0,0.0,0.0,0.0,0.0,0.0,0.03125,0.96875,0.0
10,10,0.0,0.0,0.0,0.0,0.0,0.0,0.0,0.0,0.0,0.03125,0.96875,0.0
10,10,0.0,0.0,0.0,0.0,0.0,0.0,0.0,0.0,0.0,0.03125,0.96875,0.0
10,10,0.0,0.0,0.0,0.0,0.0,0.0,0.0,0.0,0.0,0.03125,0.96875,0.0
10,10,0.0,0.0,0.0,0.0,0.0,0.0,0.0,0.0,0.0,0.03125,0.96875,0.0
10,10,0.0,0.0,0.0,0.0,0.0,0.0,0.0,0.0,0.0,0.03125,0.96875,0.0
10,10,0.0,0.0,0.0,0.0,0.0,0.0,0.0,0.0,0.0,0.03125,0.96875,0.0
10,10,0.0,0.0,0.0,0.0,0.0,0.0,0.0,0.0,0.0,0.03125,0.96875,0.0
10,10,0.0,0.0,0.0,0.0,0.0,0.0,0.0,0.0,0.0,0.03125,0.96875,0.0
10,10,0.0,0.0,0.0,0.0,0.0,0.0,0.0,0.0,0.0,0.03125,0.96875,0.0
10,10,0.0,0.0,0.0,0.0,0.0,0.0,0.0,0.0,0.0,0.03125,0.96875,0.0
10,10,0.0,0.0,0.0,0.0,0.0,0.0,0.0,0.0,0.0,0.03125,0.96875,0.0
10,10,0.0,0.0,0.0,0.0,0.0,0.0,0.0,0.0,0.0,0.03125,0.96875,0.0
10,10,0.0,0.0,0.0,0.0,0.0,0.0,0.0,0.0,0.0,0.03125,0.96875,0.0
10,10,0.0,0.0,0.0,0.0,0.0,0.0,0.0,0.0,0.0,0.03125,0.96875,0.0
10,10,0.0,0.0,0.0,0.0,0.0,0.0,0.0,0.0,0.0,0.03125,0.96875,0.0
10,10,0.0,0.0,0.0,0.0,0.0,0.0,0.0,0.0,0.0,0.03125,0.96875,0.0
10,10,0.0,0.0,0.0,0.0,0.0,0.0,0.0,0.0,0.0,0.03125,0.96875,0.0
10,10,0.0,0.0,0.0,0.0,0.0,0.0,0.0,0.0,0.0,0.03125,0.96875,0.0
10,10,0.0,0.0,0.0,0.0,0.0,0.0,0.0,0.0,0.0,0.03125,0.96875,0.0
10,10,0.0,0.0,0.0,0.0,0.0,0.0,0.0,0.0,0.0,0.03125,0.96875,0.0
10,10,0.0,0.0,0.0,0.0,0.0,0.0,0.0,0.0,0.0,0.03125,0.96875,0.0
10,10,0.0,0.0,0.0,0.0,0.0,0.0,0.0,0.0,0.0,0.03125,0.96875,0.0
10,10,0.0,0.0,0.0,0.0,0.0,0.0,0.0,0.0,0.0,0.03125,0.96875,0.0
10,10,0.0,0.0,0.0,0.0,0.0,0.0,0.0,0.0,0.0,0.03125,0.96875,0.0
10,10,0.0,0.0,0.0,0.0,0.0,0.0,0.0,0.0,0.0,0.03125,0.96875,0.0
10,10,0.0,0.0,0.0,0.0,0.0,0.0,0.0,0.0,0.0,0.03125,0.96875,0.0
10,10,0.0,0.0,0.0,0.0,0.0,0.0,0.0,0.0,0.0,0.03125,0.96875,0.0
10,10,0.0,0.0,0.0,0.0,0.0,0.0,0.0,0.0,0.0,0.03125,0.96875,0.0
10,10,0.0,0.0,0.0,0.0,0.0,0.0,0.0,0.0,0.0,0.03125,0.96875,0.0
10,10,0.0,0.0,0.0,0.0,0.0,0.0,0.0,0.0,0.0,0.03125,0.96875,0.0
10,10,0.0,0.0,0.0,0.0,0.0,0.0,0.0,0.0,0.0,0.03125,0.96875,0.0
10,10,0.0,0.0,0.0,0.0,0.0,0.0,0.0,0.0,0.0,0.03125,0.96875,0.0
10,10,0.0,0.0,0.0,0.0,0.0,0.0,0.0,0.0,0.0,0.03125,0.96875,0.0
10,10,0.0,0.0,0.0,0.0,0.0,0.0,0.0,0.0,0.0,0.03125,0.96875,0.0
10,10,0.0,0.0,0.0,0.0,0.0,0.0,0.0,0.0,0.0,0.03125,0.96875,0.0
10,10,0.0,0.0,0.0,0.0,0.0,0.0,0.0,0.0,0.0,0.03125,0.96875,0.0
10,10,0.0,0.0,0.0,0.0,0.0,0.0,0.0,0.0,0.0,0.03125,0.96875,0.0
10,10,0.0,0.0,0.0,0.0,0.0,0.0,0.0,0.0,0.0,0.03125,0.96875,0.0
10,10,0.0,0.0,0.0,0.0,0.0,0.0,0.0,0.0,0.0,0.03125,0.96875,0.0
10,10,0.0,0.0,0.0,0.0,0.0,0.0,0.0,0.0,0.0,0.03125,0.96875,0.0
10,10,0.0,0.0,0.0,0.0,0.0,0.0,0.0,0.0,0.0,0.03125,0.96875,0.0
10,10,0.0,0.0,0.0,0.0,0.0,0.0,0.0,0.0,0.0,0.03125,0.96875,0.0
10,10,0.0,0.0,0.0,0.0,0.0,0.0,0.0,0.0,0.0,0.03125,0.96875,0.0
10,10,0.0,0.0,0.0,0.0,0.0,0.0,0.0,0.0,0.0,0.03125,0.96875,0.0
10,10,0.0,0.0,0.0,0.0,0.0,0.0,0.0,0.0,0.0,0.03125,0.96875,0.0
10,10,0.0,0.0,0.0,0.0,0.0,0.0,0.0,0.0,0.0,0.03125,0.96875,0.0
10,10,0.0,0.0,0.0,0.0,0.0,0.0,0.0,0.0,0.0,0.03125,0.96875,0.0
10,10,0.0,0.0,0.0,0.0,0.0,0.0,0.0,0.0,0.0,0.03125,0.96875,0.0
10,10,0.0,0.0,0.0,0.0,0.0,0.0,0.0,0.0,0.0,0.03125,0.96875,0.0
10,10,0.0,0.0,0.0,0.0,0.0,0.0,0.0,0.0,0.0,0.03125,0.96875,0.0
10,10,0.0,0.0,0.0,0.0,0.0,0.0,0.0,0.0,0.0,0.03125,0.96875,0.0
10,10,0.0,0.0,0.0,0.0,0.0,0.0,0.0,0.0,0.0,0.03125,0.96875,0.0
10,10,0.0,0.0,0.0,0.0,0.0,0.0,0.0,0.0,0.0,0.03125,0.96875,0.0
10,10,0.0,0.0,0.0,0.0,0.0,0.0,0.0,0.0,0.0,0.03125,0.96875,0.0
10,10,0.0,0.0,0.0,0.0,0.0,0.0,0.0,0.0,0.0,0.03125,0.96875,0.0
10,10,0.0,0.0,0.0,0.0,0.0,0.0,0.0,0.0,0.0,0.03125,0.96875,0.0
10,10,0.0,0.0,0.0,0.0,0.0,0.0,0.0,0.0,0.0,0.03125,0.96875,0.0
10,10,0.0,0.0,0.0,0.0,0.0,0.0,0.0,0.0,0.0,0.03125,0.96875,0.0
10,10,0.0,0.0,0.0,0.0,0.0,0.0,0.0,0.0,0.0,0.03125,0.96875,0.0
10,10,0.0,0.0,0.0,0.0,0.0,0.0,0.0,0.0,0.0,0.03125,0.96875,0.0
10,10,0.0,0.0,0.0,0.0,0.0,0.0,0.0,0.0,0.0,0.03125,0.96875,0.0
10,10,0.0,0.0,0.0,0.0,0.0,0.0,0.0,0.0,0.0,0.03125,0.96875,0.0
10,10,0.0,0.0,0.0,0.0,0.0,0.0,0.0,0.0,0.0,0.03125,0.96875,0.0
10,10,0.0,0.0,0.0,0.0,0.0,0.0,0.0,0.0,0.0,0.03125,0.96875,0.0
10,10,0.0,0.0,0.0,0.0,0.0,0.0,0.0,0.0,0.0,0.03125,0.96875,0.0
10,10,0.0,0.0,0.0,0.0,0.0,0.0,0.0,0.0,0.0,0.03125,0.96875,0.0
10,10,0.0,0.0,0.0,0.0,0.0,0.0,0.0,0.0,0.0,0.03125,0.96875,0.0
10,10,0.0,0.0,0.0,0.0,0.0,0.0,0.0,0.0,0.0,0.03125,0.96875,0.0
10,10,0.0,0.0,0.0,0.0,0.0,0.0,0.0,0.0,0.0,0.03125,0.96875,0.0
10,10,0.0,0.0,0.0,0.0,0.0,0.0,0.0,0.0,0.0,0.03125,0.96875,0.0
10,10,0.0,0.0,0.0,0.0,0.0,0.0,0.0,0.0,0.0,0.03125,0.96875,0.0
10,10,0.0,0.0,0.0,0.0,0.0,0.0,0.0,0.0,0.0,0.03125,0.96875,0.0
10,10,0.0,0.0,0.0,0.0,0.0,0.0,0.0,0.0,0.0,0.03125,0.96875,0.0
10,10,0.0,0.0,0.0,0.0,0.0,0.0,0.0,0.0,0.0,0.03125,0.96875,0.0
10,10,0.0,0.0,0.0,0.0,0.0,0.0,0.0,0.0,0.0,0.03125,0.96875,0.0
10,10,0.0,0.0,0.0,0.0,0.0,0.0,0.0,0.0,0.0,0.03125,0.96875,0.0
10,10,0.0,0.0,0.0,0.0,0.0,0.0,0.0,0.0,0.0,0.03125,0.96875,0.0
10,10,0.0,0.0,0.0,0.0,0.0,0.0,0.0,0.0,0.0,0.03125,0.96875,0.0
10,10,0.0,0.0,0.0,0.0,0.0,0.0,0.0,0.0,0.0,0.03125,0.96875,0.0
10,10,0.0,0.0,0.0,0.0,0.0,0.0,0.0,0.0,0.0,0.03125,0.96875,0.0
10,10,0.0,0.0,0.0,0.0,0.0,0.0,0.0,0.0,0.0,0.03125,0.96875,0.0
10,10,0.0,0.0,0.0,0.0,0.0,0.0,0.0,0.0,0.0,0.03125,0.96875,0.0
10,10,0.0,0.0,0.0,0.0,0.0,0.0,0.0,0.0,0.0,0.03125,0.96875,0.0
10,10,0.0,0.0,0.0,0.0,0.0,0.0,0.0,0.0,0.0,0.03125,0.96875,0.0
10,10,0.0,0.0,0.0,0.0,0.0,0.0,0.0,0.0,0.0,0.03125,0.96875,0.0
10,10,0.0,0.0,0.0,0.0,0.0,0.0,0.0,0.0,0.0,0.03125,0.96875,0.0
10,10,0.0,0.0,0.0,0.0,0.0,0.0,0.0,0.0,0.0,0.03125,0.96875,0.0
10,10,0.0,0.0,0.0,0.0,0.0,0.0,0.0,0.0,0.0,0.03125,0.96875,0.0
10,10,0.0,0.0,0.0,0.0,0.0,0.0,0.0,0.0,0.0,0.03125,0.96875,0.0
10,10,0.0,0.0,0.0,0.0,0.0,0.0,0.0,0.0,0.0,0.03125,0.96875,0.0
10,10,0.0,0.0,0.0,0.0,0.0,0.0,0.0,0.0,0.0,0.03125,0.96875,0.0
10,10,0.0,0.0,0.0,0.0,0.0,0.0,0.0,0.0,0.0,0.03125,0.96875,0.0
10,10,0.0,0.0,0.0,0.0,0.0,0.0,0.0,0.0,0.0,0.03125,0.96875,0.0
10,10,0.0,0.0,0.0,0.0,0.0,0.0,0.0,0.0,0.0,0.03125,0.96875,0.0
10,10,0.0,0.0,0.0,0.0,0.0,0.0,0.0,0.0,0.0,0.03125,0.96875,0.0
10,10,0.0,0.0,0.0,0.0,0.0,0.0,0.0,0.0,0.0,0.03125,0.96875,0.0
10,10,0.0,0.0,0.0,0.0,0.0,0.0,0.0,0.0,0.0,0.03125,0.96875,0.0
10,10,0.0,0.0,0.0,0.0,0.0,0.0,0.0,0.0,0.0,0.03125,0.96875,0.0
10,10,0.0,0.0,0.0,0.0,0.0,0.0,0.0,0.0,0.0,0.03125,0.96875,0.0
10,10,0.0,0.0,0.0,0.0,0.0,0.0,0.0,0.0,0.0,0.03125,0.96875,0.0
10,10,0.0,0.0,0.0,0.0,0.0,0.0,0.0,0.0,0.0,0.03125,0.96875,0.0
10,10,0.0,0.0,0.0,0.0,0.0,0.0,0.0,0.0,0.0,0.03125,0.96875,0.0
10,10,0.0,0.0,0.0,0.0,0.0,0.0,0.0,0.0,0.0,0.03125,0.96875,0.0
10,10,0.0,0.0,0.0,0.0,0.0,0.0,0.0,0.0,0.0,0.03125,0.96875,0.0
10,10,0.0,0.0,0.0,0.0,0.0,0.0,0.0,0.0,0.0,0.03125,0.96875,0.0
10,10,0.0,0.0,0.0,0.0,0.0,0.0,0.0,0.0,0.0,0.03125,0.96875,0.0
10,10,0.0,0.0,0.0,0.0,0.0,0.0,0.0,0.0,0.0,0.03125,0.96875,0.0
10,10,0.0,0.0,0.0,0.0,0.0,0.0,0.0,0.0,0.0,0.03125,0.96875,0.0
10,10,0.0,0.0,0.0,0.0,0.0,0.0,0.0,0.0,0.0,0.03125,0.96875,0.0
10,10,0.0,0.0,0.0,0.0,0.0,0.0,0.0,0.0,0.0,0.03125,0.96875,0.0
10,10,0.0,0.0,0.0,0.0,0.0,0.0,0.0,0.0,0.0,0.03125,0.96875,0.0
10,10,0.0,0.0,0.0,0.0,0.0,0.0,0.0,0.0,0.0,0.03125,0.96875,0.0
10,10,0.0,0.0,0.0,0.0,0.0,0.0,0.0,0.0,0.0,0.03125,0.96875,0.0
10,10,0.0,0.0,0.0,0.0,0.0,0.0,0.0,0.0,0.0,0.03125,0.96875,0.0
10,10,0.0,0.0,0.0,0.0,0.0,0.0,0.0,0.0,0.0,0.03125,0.96875,0.0
10,10,0.0,0.0,0.0,0.0,0.0,0.0,0.0,0.0,0.0,0.03125,0.96875,0.0
10,10,0.0,0.0,0.0,0.0,0.0,0.0,0.0,0.0,0.0,0.03125,0.96875,0.0
10,10,0.0,0.0,0.0,0.0,0.0,0.0,0.0,0.0,0.0,0.03125,0.96875,0.0
10,10,0.0,0.0,0.0,0.0,0.0,0.0,0.0,0.0,0.0,0.03125,0.96875,0.0
10,10,0.0,0.0,0.0,0.0,0.0,0.0,0.0,0.0,0.0,0.03125,0.96875,0.0
10,10,0.0,0.0,0.0,0.0,0.0,0.0,0.0,0.0,0.0,0.03125,0.96875,0.0
10,10,0.0,0.0,0.0,0.0,0.0,0.0,0.0,0.0,0.0,0.03125,0.96875,0.0
10,10,0.0,0.0,0.0,0.0,0.0,0.0,0.0,0.0,0.0,0.03125,0.96875,0.0
10,10,0.0,0.0,0.0,0.0,0.0,0.0,0.0,0.0,0.0,0.03125,0.96875,0.0
10,10,0.0,0.0,0.0,0.0,0.0,0.0,0.0,0.0,0.0,0.03125,0.96875,0.0
10,10,0.0,0.0,0.0,0.0,0.0,0.0,0.0,0.0,0.0,0.03125,0.96875,0.0
10,10,0.0,0.0,0.0,0.0,0.0,0.0,0.0,0.0,0.0,0.03125,0.96875,0.0
10,10,0.0,0.0,0.0,0.0,0.0,0.0,0.0,0.0,0.0,0.03125,0.96875,0.0
10,10,0.0,0.0,0.0,0.0,0.0,0.0,0.0,0.0,0.0,0.03125,0.96875,0.0
10,10,0.0,0.0,0.0,0.0,0.0,0.0,0.0,0.0,0.0,0.03125,0.96875,0.0
10,10,0.0,0.0,0.0,0.0,0.0,0.0,0.0,0.0,0.0,0.03125,0.96875,0.0
10,10,0.0,0.0,0.0,0.0,0.0,0.0,0.0,0.0,0.0,0.03125,0.96875,0.0
10,10,0.0,0.0,0.0,0.0,0.0,0.0,0.0,0.0,0.0,0.03125,0.96875,0.0
10,10,0.0,0.0,0.0,0.0,0.0,0.0,0.0,0.0,0.0,0.03125,0.96875,0.0
10,10,0.0,0.0,0.0,0.0,0.0,0.0,0.0,0.0,0.0,0.03125,0.96875,0.0
10,10,0.0,0.0,0.0,0.0,0.0,0.0,0.0,0.0,0.0,0.03125,0.96875,0.0
10,10,0.0,0.0,0.0,0.0,0.0,0.0,0.0,0.0,0.0,0.03125,0.96875,0.0
10,10,0.0,0.0,0.0,0.0,0.0,0.0,0.0,0.0,0.0,0.03125,0.96875,0.0
10,10,0.0,0.0,0.0,0.0,0.0,0.0,0.0,0.0,0.0,0.03125,0.96875,0.0
10,10,0.0,0.0,0.0,0.0,0.0,0.0,0.0,0.0,0.0,0.03125,0.96875,0.0
10,10,0.0,0.0,0.0,0.0,0.0,0.0,0.0,0.0,0.0,0.03125,0.96875,0.0
10,10,0.0,0.0,0.0,0.0,0.0,0.0,0.0,0.0,0.0,0.03125,0.96875,0.0
10,10,0.0,0.0,0.0,0.0,0.0,0.0,0.0,0.0,0.0,0.03125,0.96875,0.0
10,10,0.0,0.0,0.0,0.0,0.0,0.0,0.0,0.0,0.0,0.03125,0.96875,0.0
10,10,0.0,0.0,0.0,0.0,0.0,0.0,0.0,0.0,0.0,0.03125,0.96875,0.0
10,10,0.0,0.0,0.0,0.0,0.0,0.0,0.0,0.0,0.0,0.03125,0.96875,0.0
10,10,0.0,0.0,0.0,0.0,0.0,0.0,0.0,0.0,0.0,0.03125,0.96875,0.0
10,10,0.0,0.0,0.0,0.0,0.0,0.0,0.0,0.0,0.0,0.03125,0.96875,0.0
10,10,0.0,0.0,0.0,0.0,0.0,0.0,0.0,0.0,0.0,0.03125,0.96875,0.0
10,10,0.0,0.0,0.0,0.0,0.0,0.0,0.0,0.0,0.0,0.03125,0.96875,0.0
10,10,0.0,0.0,0.0,0.0,0.0,0.0,0.0,0.0,0.0,0.03125,0.96875,0.0
10,10,0.0,0.0,0.0,0.0,0.0,0.0,0.0,0.0,0.0,0.03125,0.96875,0.0
10,10,0.0,0.0,0.0,0.0,0.0,0.0,0.0,0.0,0.0,0.03125,0.96875,0.0
10,10,0.0,0.0,0.0,0.0,0.0,0.0,0.0,0.0,0.0,0.03125,0.96875,0.0
10,10,0.0,0.0,0.0,0.0,0.0,0.0,0.0,0.0,0.0,0.03125,0.96875,0.0
10,10,0.0,0.0,0.0,0.0,0.0,0.0,0.0,0.0,0.0,0.03125,0.96875,0.0
10,10,0.0,0.0,0.0,0.0,0.0,0.0,0.0,0.0,0.0,0.03125,0.96875,0.0
10,10,0.0,0.0,0.0,0.0,0.0,0.0,0.0,0.0,0.0,0.03125,0.96875,0.0
10,10,0.0,0.0,0.0,0.0,0.0,0.0,0.0,0.0,0.0,0.03125,0.96875,0.0
10,10,0.0,0.0,0.0,0.0,0.0,0.0,0.0,0.0,0.0,0.03125,0.96875,0.0
10,10,0.0,0.0,0.0,0.0,0.0,0.0,0.0,0.0,0.0,0.03125,0.96875,0.0
10,10,0.0,0.0,0.0,0.0,0.0,0.0,0.0,0.0,0.0,0.03125,0.96875,0.0
10,10,0.0,0.0,0.0,0.0,0.0,0.0,0.0,0.0,0.0,0.03125,0.96875,0.0
10,10,0.0,0.0,0.0,0.0,0.0,0.0,0.0,0.0,0.0,0.03125,0.96875,0.0
10,10,0.0,0.0,0.0,0.0,0.0,0.0,0.0,0.0,0.0,0.03125,0.96875,0.0
10,10,0.0,0.0,0.0,0.0,0.0,0.0,0.0,0.0,0.0,0.03125,0.96875,0.0
10,10,0.0,0.0,0.0,0.0,0.0,0.0,0.0,0.0,0.0,0.03125,0.96875,0.0
10,10,0.0,0.0,0.0,0.0,0.0,0.0,0.0,0.0,0.0,0.03125,0.96875,0.0
10,10,0.0,0.0,0.0,0.0,0.0,0.0,0.0,0.0,0.0,0.03125,0.96875,0.0
10,10,0.0,0.0,0.0,0.0,0.0,0.0,0.0,0.0,0.0,0.03125,0.96875,0.0
10,10,0.0,0.0,0.0,0.0,0.0,0.0,0.0,0.0,0.0,0.03125,0.96875,0.0
10,10,0.0,0.0,0.0,0.0,0.0,0.0,0.0,0.0,0.0,0.03125,0.96875,0.0
10,10,0.0,0.0,0.0,0.0,0.0,0.0,0.0,0.0,0.0,0.03125,0.96875,0.0
10,10,0.0,0.0,0.0,0.0,0.0,0.0,0.0,0.0,0.0,0.03125,0.96875,0.0
10,10,0.0,0.0,0.0,0.0,0.0,0.0,0.0,0.0,0.0,0.03125,0.96875,0.0
10,10,0.0,0.0,0.0,0.0,0.0,0.0,0.0,0.0,0.0,0.03125,0.96875,0.0
10,10,0.0,0.0,0.0,0.0,0.0,0.0,0.0,0.0,0.0,0.03125,0.96875,0.0
10,10,0.0,0.0,0.0,0.0,0.0,0.0,0.0,0.0,0.0,0.03125,0.96875,0.0
10,10,0.0,0.0,0.0,0.0,0.0,0.0,0.0,0.0,0.0,0.03125,0.96875,0.0
10,10,0.0,0.0,0.0,0.0,0.0,0.0,0.0,0.0,0.0,0.03125,0.96875,0.0
10,10,0.0,0.0,0.0,0.0,0.0,0.0,0.0,0.0,0.0,0.03125,0.96875,0.0
10,10,0.0,0.0,0.0,0.0,0.0,0.0,0.0,0.0,0.0,0.03125,0.96875,0.0
10,10,0.0,0.0,0.0,0.0,0.0,0.0,0.0,0.0,0.0,0.03125,0.953125,0.015625
10,10,0.0,0.0,0.0,0.0,0.0,0.0,0.0,0.0,0.0,0.03125,0.953125,0.015625
10,10,0.0,0.0,0.0,0.0,0.0,0.0,0.0,0.0,0.0,0.03125,0.953125,0.015625
10,10,0.0,0.0,0.0,0.0,0.0,0.0,0.0,0.0,0.0,0.03125,0.953125,0.015625
10,10,0.0,0.0,0.0,0.0,0.0,0.0,0.0,0.0,0.0,0.03125,0.953125,0.015625
10,10,0.0,0.0,0.0,0.0,0.0,0.0,0.0,0.0,0.0,0.03125,0.953125,0.015625
10,10,0.0,0.0,0.0,0.0,0.0,0.0,0.0,0.0,0.0,0.03125,0.953125,0.015625
10,10,0.0,0.0,0.0,0.0,0.0,0.0,0.0,0.0,0.0,0.03125,0.953125,0.015625
10,10,0.0,0.0,0.0,0.0,0.0,0.0,0.0,0.0,0.0,0.03125,0.953125,0.015625
10,10,0.0,0.0,0.0,0.0,0.0,0.0,0.0,0.0,0.0,0.03125,0.953125,0.015625
10,10,0.0,0.0,0.0,0.0,0.0,0.0,0.0,0.0,0.0,0.03125,0.953125,0.015625
10,10,0.0,0.0,0.0,0.0,0.0,0.0,0.0,0.0,0.0,0.03125,0.953125,0.015625
10,10,0.0,0.0,0.0,0.0,0.0,0.0,0.0,0.0,0.0,0.03125,0.953125,0.015625
10,10,0.0,0.0,0.0,0.0,0.0,0.0,0.0,0.0,0.0,0.03125,0.953125,0.015625
10,10,0.0,0.0,0.0,0.0,0.0,0.0,0.0,0.0,0.0,0.03125,0.953125,0.015625
10,10,0.0,0.0,0.0,0.0,0.0,0.0,0.0,0.0,0.0,0.03125,0.953125,0.015625
10,10,0.0,0.0,0.0,0.0,0.0,0.0,0.0,0.0,0.0,0.03125,0.953125,0.015625
10,10,0.0,0.0,0.0,0.0,0.0,0.0,0.0,0.0,0.0,0.03125,0.953125,0.015625
10,10,0.0,0.0,0.0,0.0,0.0,0.0,0.0,0.0,0.0,0.03125,0.953125,0.015625
10,10,0.0,0.0,0.0,0.0,0.0,0.0,0.0,0.0,0.0,0.03125,0.953125,0.015625
10,10,0.0,0.0,0.0,0.0,0.0,0.0,0.0,0.0,0.0,0.03125,0.953125,0.015625
10,10,0.0,0.0,0.0,0.0,0.0,0.0,0.0,0.0,0.0,0.03125,0.953125,0.015625
10,10,0.0,0.0,0.0,0.0,0.0,0.0,0.0,0.0,0.0,0.03125,0.953125,0.015625
10,10,0.0,0.0,0.0,0.0,0.0,0.0,0.0,0.0,0.0,0.03125,0.953125,0.015625
10,10,0.0,0.0,0.0,0.0,0.0,0.0,0.0,0.0,0.0,0.03125,0.953125,0.015625
10,10,0.0,0.0,0.0,0.0,0.0,0.0,0.0,0.0,0.0,0.03125,0.953125,0.015625
10,10,0.0,0.0,0.0,0.0,0.0,0.0,0.0,0.0,0.0,0.03125,0.953125,0.015625
10,10,0.0,0.0,0.0,0.0,0.0,0.0,0.0,0.0,0.0,0.03125,0.953125,0.015625
10,10,0.0,0.0,0.0,0.0,0.0,0.0,0.0,0.0,0.0,0.03125,0.953125,0.015625
10,10,0.0,0.0,0.0,0.0,0.0,0.0,0.0,0.0,0.0,0.03125,0.953125,0.015625
10,10,0.0,0.0,0.0,0.0,0.0,0.0,0.0,0.0,0.0,0.03125,0.953125,0.015625
10,10,0.0,0.0,0.0,0.0,0.0,0.0,0.0,0.0,0.0,0.03125,0.953125,0.015625
10,10,0.0,0.0,0.0,0.0,0.0,0.0,0.0,0.0,0.0,0.03125,0.953125,0.015625
10,10,0.0,0.0,0.0,0.0,0.0,0.0,0.0,0.0,0.0,0.03125,0.953125,0.015625
10,10,0.0,0.0,0.0,0.0,0.0,0.0,0.0,0.0,0.0,0.03125,0.953125,0.015625
10,10,0.0,0.0,0.0,0.0,0.0,0.0,0.0,0.0,0.0,0.03125,0.953125,0.015625
10,10,0.0,0.0,0.0,0.0,0.0,0.0,0.0,0.0,0.0,0.03125,0.953125,0.015625
10,10,0.0,0.0,0.0,0.0,0.0,0.0,0.0,0.0,0.0,0.03125,0.953125,0.015625
10,10,0.0,0.0,0.0,0.0,0.0,0.0,0.0,0.0,0.0,0.03125,0.953125,0.015625
10,10,0.0,0.0,0.0,0.0,0.0,0.0,0.0,0.0,0.0,0.03125,0.953125,0.015625
10,10,0.0,0.0,0.0,0.0,0.0,0.0,0.0,0.0,0.0,0.03125,0.953125,0.015625
10,10,0.0,0.0,0.0,0.0,0.0,0.0,0.0,0.0,0.0,0.03125,0.953125,0.015625
10,10,0.0,0.0,0.0,0.0,0.0,0.0,0.0,0.0,0.0,0.03125,0.953125,0.015625
10,10,0.0,0.0,0.0,0.0,0.0,0.0,0.0,0.0,0.0,0.03125,0.953125,0.015625
10,10,0.0,0.0,0.0,0.0,0.0,0.0,0.0,0.0,0.0,0.03125,0.953125,0.015625
10,10,0.0,0.0,0.0,0.0,0.0,0.0,0.0,0.0,0.0,0.03125,0.953125,0.015625
10,10,0.0,0.0,0.0,0.0,0.0,0.0,0.0,0.0,0.0,0.03125,0.953125,0.015625
10,10,0.0,0.0,0.0,0.0,0.0,0.0,0.0,0.0,0.0,0.03125,0.953125,0.015625
10,10,0.0,0.0,0.0,0.0,0.0,0.0,0.0,0.0,0.0,0.03125,0.953125,0.015625
10,10,0.0,0.0,0.0,0.0,0.0,0.0,0.0,0.0,0.0,0.03125,0.9375,0.03125
10,10,0.0,0.0,0.0,0.0,0.0,0.0,0.0,0.0,0.0,0.03125,0.9375,0.03125
10,10,0.0,0.0,0.0,0.0,0.0,0.0,0.0,0.0,0.0,0.03125,0.9375,0.03125
10,10,0.0,0.0,0.0,0.0,0.0,0.0,0.0,0.0,0.0,0.03125,0.9375,0.03125
10,10,0.0,0.0,0.0,0.0,0.0,0.0,0.0,0.0,0.0,0.03125,0.9375,0.03125
10,10,0.0,0.0,0.0,0.0,0.0,0.0,0.0,0.0,0.0,0.03125,0.9375,0.03125
10,10,0.0,0.0,0.0,0.0,0.0,0.0,0.0,0.0,0.0,0.03125,0.9375,0.03125
10,10,0.0,0.0,0.0,0.0,0.0,0.0,0.0,0.0,0.0,0.03125,0.9375,0.03125
10,10,0.0,0.0,0.0,0.0,0.0,0.0,0.0,0.0,0.0,0.03125,0.9375,0.03125
10,10,0.0,0.0,0.0,0.0,0.0,0.0,0.0,0.0,0.0,0.03125,0.9375,0.03125
10,10,0.0,0.0,0.0,0.0,0.0,0.0,0.0,0.0,0.0,0.03125,0.9375,0.03125
10,10,0.0,0.0,0.0,0.0,0.0,0.0,0.0,0.0,0.0,0.03125,0.9375,0.03125
10,10,0.0,0.0,0.0,0.0,0.0,0.0,0.0,0.0,0.0,0.03125,0.953125,0.015625
10,10,0.0,0.0,0.0,0.0,0.0,0.0,0.0,0.0,0.0,0.03125,0.953125,0.015625
10,10,0.0,0.0,0.0,0.0,0.0,0.0,0.0,0.0,0.0,0.03125,0.953125,0.015625
10,10,0.0,0.0,0.0,0.0,0.0,0.0,0.0,0.0,0.0,0.03125,0.953125,0.015625
10,10,0.0,0.0,0.0,0.0,0.0,0.0,0.0,0.0,0.0,0.03125,0.953125,0.015625
10,10,0.0,0.0,0.0,0.0,0.0,0.0,0.0,0.0,0.0,0.03125,0.953125,0.015625
10,10,0.0,0.0,0.0,0.0,0.0,0.0,0.0,0.0,0.0,0.03125,0.953125,0.015625
10,10,0.0,0.0,0.0,0.0,0.0,0.0,0.0,0.0,0.0,0.03125,0.953125,0.015625
10,10,0.0,0.0,0.0,0.0,0.0,0.0,0.0,0.0,0.0,0.03125,0.953125,0.015625
10,10,0.0,0.0,0.0,0.0,0.0,0.0,0.0,0.0,0.0,0.03125,0.953125,0.015625
10,10,0.0,0.0,0.0,0.0,0.0,0.0,0.0,0.0,0.0,0.03125,0.953125,0.015625
10,10,0.0,0.0,0.0,0.0,0.0,0.0,0.0,0.0,0.0,0.03125,0.953125,0.015625
10,10,0.0,0.0,0.0,0.0,0.0,0.0,0.0,0.0,0.0,0.03125,0.953125,0.015625
10,10,0.0,0.0,0.0,0.0,0.0,0.0,0.0,0.0,0.0,0.03125,0.953125,0.015625
10,10,0.0,0.0,0.0,0.0,0.0,0.0,0.0,0.0,0.0,0.03125,0.953125,0.015625
10,10,0.0,0.0,0.0,0.0,0.0,0.0,0.0,0.0,0.0,0.03125,0.953125,0.015625
10,10,0.0,0.0,0.0,0.0,0.0,0.0,0.0,0.0,0.0,0.03125,0.953125,0.015625
10,10,0.0,0.0,0.0,0.0,0.0,0.0,0.0,0.0,0.0,0.03125,0.953125,0.015625
10,10,0.0,0.0,0.0,0.0,0.0,0.0,0.0,0.0,0.0,0.03125,0.953125,0.015625
10,10,0.0,0.0,0.0,0.0,0.0,0.0,0.0,0.0,0.0,0.03125,0.953125,0.015625
10,10,0.0,0.0,0.0,0.0,0.0,0.0,0.0,0.0,0.0,0.03125,0.953125,0.015625
10,10,0.0,0.0,0.0,0.0,0.0,0.0,0.0,0.0,0.0,0.03125,0.953125,0.015625
10,10,0.0,0.0,0.0,0.0,0.0,0.0,0.0,0.0,0.0,0.03125,0.953125,0.015625
10,10,0.0,0.0,0.0,0.0,0.0,0.0,0.0,0.0,0.0,0.03125,0.953125,0.015625
10,10,0.0,0.0,0.0,0.0,0.0,0.0,0.0,0.0,0.0,0.03125,0.953125,0.015625
10,10,0.0,0.0,0.0,0.0,0.0,0.0,0.0,0.0,0.0,0.03125,0.953125,0.015625
10,10,0.0,0.0,0.0,0.0,0.0,0.0,0.0,0.0,0.0,0.03125,0.953125,0.015625
10,10,0.0,0.0,0.0,0.0,0.0,0.0,0.0,0.0,0.0,0.03125,0.953125,0.015625
10,10,0.0,0.0,0.0,0.0,0.0,0.0,0.0,0.0,0.0,0.03125,0.953125,0.015625
10,10,0.0,0.0,0.0,0.0,0.0,0.0,0.0,0.0,0.0,0.03125,0.953125,0.015625
10,10,0.0,0.0,0.0,0.0,0.0,0.0,0.0,0.0,0.0,0.03125,0.953125,0.015625
10,10,0.0,0.0,0.0,0.0,0.0,0.0,0.0,0.0,0.0,0.03125,0.953125,0.015625
10,10,0.0,0.0,0.0,0.0,0.0,0.0,0.0,0.0,0.0,0.03125,0.953125,0.015625
10,10,0.0,0.0,0.0,0.0,0.0,0.0,0.0,0.0,0.0,0.03125,0.953125,0.015625
10,10,0.0,0.0,0.0,0.0,0.0,0.0,0.0,0.0,0.0,0.03125,0.953125,0.015625
10,10,0.0,0.0,0.0,0.0,0.0,0.0,0.0,0.0,0.0,0.03125,0.953125,0.015625
10,10,0.0,0.0,0.0,0.0,0.0,0.0,0.0,0.0,0.0,0.03125,0.96875,0.0
10,10,0.0,0.0,0.0,0.0,0.0,0.0,0.0,0.0,0.0,0.03125,0.96875,0.0
10,10,0.0,0.0,0.0,0.0,0.0,0.0,0.0,0.0,0.0,0.03125,0.96875,0.0
10,10,0.0,0.0,0.0,0.0,0.0,0.0,0.0,0.0,0.0,0.03125,0.96875,0.0
10,10,0.0,0.0,0.0,0.0,0.0,0.0,0.0,0.0,0.0,0.03125,0.96875,0.0
10,10,0.0,0.0,0.0,0.0,0.0,0.0,0.0,0.0,0.0,0.03125,0.96875,0.0
10,10,0.0,0.0,0.0,0.0,0.0,0.0,0.0,0.0,0.0,0.03125,0.96875,0.0
10,10,0.0,0.0,0.0,0.0,0.0,0.0,0.0,0.0,0.0,0.03125,0.96875,0.0
10,10,0.0,0.0,0.0,0.0,0.0,0.0,0.0,0.0,0.0,0.03125,0.96875,0.0
10,10,0.0,0.0,0.0,0.0,0.0,0.0,0.0,0.0,0.0,0.03125,0.96875,0.0
10,10,0.0,0.0,0.0,0.0,0.0,0.0,0.0,0.0,0.0,0.03125,0.96875,0.0
10,10,0.0,0.0,0.0,0.0,0.0,0.0,0.0,0.0,0.0,0.03125,0.96875,0.0
10,10,0.0,0.0,0.0,0.0,0.0,0.0,0.0,0.0,0.0,0.03125,0.96875,0.0
10,10,0.0,0.0,0.0,0.0,0.0,0.0,0.0,0.0,0.0,0.03125,0.96875,0.0
10,10,0.0,0.0,0.0,0.0,0.0,0.0,0.0,0.0,0.0,0.03125,0.96875,0.0
10,10,0.0,0.0,0.0,0.0,0.0,0.0,0.0,0.0,0.0,0.03125,0.96875,0.0
10,10,0.0,0.0,0.0,0.0,0.0,0.0,0.0,0.0,0.0,0.03125,0.96875,0.0
10,10,0.0,0.0,0.0,0.0,0.0,0.0,0.0,0.0,0.0,0.03125,0.96875,0.0
10,10,0.0,0.0,0.0,0.0,0.0,0.0,0.0,0.0,0.0,0.03125,0.96875,0.0
10,10,0.0,0.0,0.0,0.0,0.0,0.0,0.0,0.0,0.0,0.03125,0.96875,0.0
10,10,0.0,0.0,0.0,0.0,0.0,0.0,0.0,0.0,0.0,0.03125,0.96875,0.0
10,10,0.0,0.0,0.0,0.0,0.0,0.0,0.0,0.0,0.0,0.03125,0.96875,0.0
10,10,0.0,0.0,0.0,0.0,0.0,0.0,0.0,0.0,0.0,0.03125,0.96875,0.0
10,10,0.0,0.0,0.0,0.0,0.0,0.0,0.0,0.0,0.0,0.03125,0.96875,0.0
10,10,0.0,0.0,0.0,0.0,0.0,0.0,0.0,0.0,0.0,0.03125,0.96875,0.0
10,10,0.0,0.0,0.0,0.0,0.0,0.0,0.0,0.0,0.0,0.03125,0.96875,0.0
10,10,0.0,0.0,0.0,0.0,0.0,0.0,0.0,0.0,0.0,0.03125,0.96875,0.0
10,10,0.0,0.0,0.0,0.0,0.0,0.0,0.0,0.0,0.0,0.03125,0.96875,0.0
10,10,0.0,0.0,0.0,0.0,0.0,0.0,0.0,0.0,0.0,0.03125,0.96875,0.0
10,10,0.0,0.0,0.0,0.0,0.0,0.0,0.0,0.0,0.0,0.03125,0.96875,0.0
10,10,0.0,0.0,0.0,0.0,0.0,0.0,0.0,0.0,0.0,0.03125,0.96875,0.0
10,10,0.0,0.0,0.0,0.0,0.0,0.0,0.0,0.0,0.0,0.03125,0.96875,0.0
10,10,0.0,0.0,0.0,0.0,0.0,0.0,0.0,0.0,0.0,0.03125,0.96875,0.0
10,10,0.0,0.0,0.0,0.0,0.0,0.0,0.0,0.0,0.0,0.03125,0.96875,0.0
10,10,0.0,0.0,0.0,0.0,0.0,0.0,0.0,0.0,0.0,0.03125,0.953125,0.015625
10,10,0.0,0.0,0.0,0.0,0.0,0.0,0.0,0.0,0.0,0.03125,0.953125,0.015625
10,10,0.0,0.0,0.0,0.0,0.0,0.0,0.0,0.0,0.0,0.03125,0.953125,0.015625
10,10,0.0,0.0,0.0,0.0,0.0,0.0,0.0,0.0,0.0,0.03125,0.953125,0.015625
10,10,0.0,0.0,0.0,0.0,0.0,0.0,0.0,0.0,0.0,0.03125,0.953125,0.015625
10,10,0.0,0.0,0.0,0.0,0.0,0.0,0.0,0.0,0.0,0.03125,0.953125,0.015625
10,10,0.0,0.0,0.0,0.0,0.0,0.0,0.0,0.0,0.0,0.03125,0.953125,0.015625
10,10,0.0,0.0,0.0,0.0,0.0,0.0,0.0,0.0,0.0,0.03125,0.953125,0.015625
10,10,0.0,0.0,0.0,0.0,0.0,0.0,0.0,0.0,0.0,0.03125,0.953125,0.015625
10,10,0.0,0.0,0.0,0.0,0.0,0.0,0.0,0.0,0.0,0.03125,0.953125,0.015625
10,10,0.0,0.0,0.0,0.0,0.0,0.0,0.0,0.0,0.0,0.03125,0.953125,0.015625
10,10,0.0,0.0,0.0,0.0,0.0,0.0,0.0,0.0,0.0,0.03125,0.953125,0.015625
10,10,0.0,0.0,0.0,0.0,0.0,0.0,0.0,0.0,0.0,0.03125,0.953125,0.015625
10,10,0.0,0.0,0.0,0.0,0.0,0.0,0.0,0.0,0.0,0.03125,0.953125,0.015625
10,10,0.0,0.0,0.0,0.0,0.0,0.0,0.0,0.0,0.0,0.03125,0.953125,0.015625
10,10,0.0,0.0,0.0,0.0,0.0,0.0,0.0,0.0,0.0,0.03125,0.953125,0.015625
10,10,0.0,0.0,0.0,0.0,0.0,0.0,0.0,0.0,0.0,0.03125,0.953125,0.015625
10,10,0.0,0.0,0.0,0.0,0.0,0.0,0.0,0.0,0.0,0.03125,0.953125,0.015625
10,10,0.0,0.0,0.0,0.0,0.0,0.0,0.0,0.0,0.0,0.03125,0.953125,0.015625
10,10,0.0,0.0,0.0,0.0,0.0,0.0,0.0,0.0,0.0,0.03125,0.953125,0.015625
10,10,0.0,0.0,0.0,0.0,0.0,0.0,0.0,0.0,0.0,0.03125,0.953125,0.015625
10,10,0.0,0.0,0.0,0.0,0.0,0.0,0.0,0.0,0.0,0.03125,0.953125,0.015625
10,10,0.0,0.0,0.0,0.0,0.0,0.0,0.0,0.0,0.0,0.03125,0.953125,0.015625
10,10,0.0,0.0,0.0,0.0,0.0,0.0,0.0,0.0,0.0,0.03125,0.953125,0.015625
10,10,0.0,0.0,0.0,0.0,0.0,0.0,0.0,0.0,0.0,0.03125,0.953125,0.015625
10,10,0.0,0.0,0.0,0.0,0.0,0.0,0.0,0.0,0.0,0.03125,0.953125,0.015625
10,10,0.0,0.0,0.0,0.0,0.0,0.0,0.0,0.0,0.0,0.03125,0.953125,0.015625
10,10,0.0,0.0,0.0,0.0,0.0,0.0,0.0,0.0,0.0,0.03125,0.953125,0.015625
10,10,0.0,0.0,0.0,0.0,0.0,0.0,0.0,0.0,0.0,0.03125,0.953125,0.015625
10,10,0.0,0.0,0.0,0.0,0.0,0.0,0.0,0.0,0.0,0.03125,0.953125,0.015625
10,10,0.0,0.0,0.0,0.0,0.0,0.0,0.0,0.0,0.0,0.03125,0.953125,0.015625
10,10,0.0,0.0,0.0,0.0,0.0,0.0,0.0,0.0,0.0,0.03125,0.953125,0.015625
10,10,0.0,0.0,0.0,0.0,0.0,0.0,0.0,0.0,0.0,0.03125,0.953125,0.015625
10,10,0.0,0.0,0.0,0.0,0.0,0.0,0.0,0.0,0.0,0.03125,0.953125,0.015625
10,10,0.0,0.0,0.0,0.0,0.0,0.0,0.0,0.0,0.0,0.03125,0.953125,0.015625
10,10,0.0,0.0,0.0,0.0,0.0,0.0,0.0,0.0,0.0,0.03125,0.953125,0.015625
10,10,0.0,0.0,0.0,0.0,0.0,0.0,0.0,0.0,0.0,0.03125,0.953125,0.015625
10,10,0.0,0.0,0.0,0.0,0.0,0.0,0.0,0.0,0.0,0.03125,0.953125,0.015625
10,10,0.0,0.0,0.0,0.0,0.0,0.0,0.0,0.0,0.0,0.03125,0.953125,0.015625
10,10,0.0,0.0,0.0,0.0,0.0,0.0,0.0,0.0,0.0,0.03125,0.953125,0.015625
10,10,0.0,0.0,0.0,0.0,0.0,0.0,0.0,0.0,0.0,0.03125,0.953125,0.015625
10,10,0.0,0.0,0.0,0.0,0.0,0.0,0.0,0.0,0.0,0.03125,0.953125,0.015625
10,10,0.0,0.0,0.0,0.0,0.0,0.0,0.0,0.0,0.0,0.03125,0.953125,0.015625
10,10,0.0,0.0,0.0,0.0,0.0,0.0,0.0,0.0,0.0,0.03125,0.953125,0.015625
10,10,0.0,0.0,0.0,0.0,0.0,0.0,0.0,0.0,0.0,0.03125,0.953125,0.015625
10,10,0.0,0.0,0.0,0.0,0.0,0.0,0.0,0.0,0.0,0.03125,0.953125,0.015625
10,10,0.0,0.0,0.0,0.0,0.0,0.0,0.0,0.0,0.0,0.03125,0.953125,0.015625
10,10,0.0,0.0,0.0,0.0,0.0,0.0,0.0,0.0,0.0,0.03125,0.953125,0.015625
10,10,0.0,0.0,0.0,0.0,0.0,0.0,0.0,0.0,0.0,0.03125,0.953125,0.015625
10,10,0.0,0.0,0.0,0.0,0.0,0.0,0.0,0.0,0.0,0.03125,0.953125,0.015625
10,10,0.0,0.0,0.0,0.0,0.0,0.0,0.0,0.0,0.0,0.03125,0.953125,0.015625
10,10,0.0,0.0,0.0,0.0,0.0,0.0,0.0,0.0,0.0,0.03125,0.953125,0.015625
10,10,0.0,0.0,0.0,0.0,0.0,0.0,0.0,0.0,0.0,0.03125,0.953125,0.015625
10,10,0.0,0.0,0.0,0.0,0.0,0.0,0.0,0.0,0.0,0.03125,0.953125,0.015625
10,10,0.0,0.0,0.0,0.0,0.0,0.0,0.0,0.0,0.0,0.03125,0.953125,0.015625
10,10,0.0,0.0,0.0,0.0,0.0,0.0,0.0,0.0,0.0,0.03125,0.953125,0.015625
10,10,0.0,0.0,0.0,0.0,0.0,0.0,0.0,0.0,0.0,0.03125,0.953125,0.015625
10,10,0.0,0.0,0.0,0.0,0.0,0.0,0.0,0.0,0.0,0.03125,0.953125,0.015625
10,10,0.0,0.0,0.0,0.0,0.0,0.0,0.0,0.0,0.0,0.03125,0.953125,0.015625
10,10,0.0,0.0,0.0,0.0,0.0,0.0,0.0,0.0,0.0,0.03125,0.953125,0.015625
10,10,0.0,0.0,0.0,0.0,0.0,0.0,0.0,0.0,0.0,0.03125,0.953125,0.015625
10,10,0.0,0.0,0.0,0.0,0.0,0.0,0.0,0.0,0.0,0.03125,0.953125,0.015625
10,10,0.0,0.0,0.0,0.0,0.0,0.0,0.0,0.0,0.0,0.03125,0.953125,0.015625
10,10,0.0,0.0,0.0,0.0,0.0,0.0,0.0,0.0,0.0,0.03125,0.953125,0.015625
10,10,0.0,0.0,0.0,0.0,0.0,0.0,0.0,0.0,0.0,0.03125,0.953125,0.015625
10,10,0.0,0.0,0.0,0.0,0.0,0.0,0.0,0.0,0.0,0.03125,0.953125,0.015625
10,10,0.0,0.0,0.0,0.0,0.0,0.0,0.0,0.0,0.0,0.03125,0.953125,0.015625
10,10,0.0,0.0,0.0,0.0,0.0,0.0,0.0,0.0,0.0,0.03125,0.953125,0.015625
10,10,0.0,0.0,0.0,0.0,0.0,0.0,0.0,0.0,0.0,0.03125,0.953125,0.015625
10,10,0.0,0.0,0.0,0.0,0.0,0.0,0.0,0.0,0.0,0.03125,0.953125,0.015625
10,10,0.0,0.0,0.0,0.0,0.0,0.0,0.0,0.0,0.0,0.03125,0.953125,0.015625
10,10,0.0,0.0,0.0,0.0,0.0,0.0,0.0,0.0,0.0,0.03125,0.953125,0.015625
10,10,0.0,0.0,0.0,0.0,0.0,0.0,0.0,0.0,0.0,0.03125,0.953125,0.015625
10,10,0.0,0.0,0.0,0.0,0.0,0.0,0.0,0.0,0.0,0.03125,0.953125,0.015625
10,10,0.0,0.0,0.0,0.0,0.0,0.0,0.0,0.0,0.0,0.03125,0.953125,0.015625
10,10,0.0,0.0,0.0,0.0,0.0,0.0,0.0,0.0,0.0,0.03125,0.953125,0.015625
10,10,0.0,0.0,0.0,0.0,0.0,0.0,0.0,0.0,0.0,0.03125,0.953125,0.015625
10,10,0.0,0.0,0.0,0.0,0.0,0.0,0.0,0.0,0.0,0.03125,0.953125,0.015625
10,10,0.0,0.0,0.0,0.0,0.0,0.0,0.0,0.0,0.0,0.03125,0.953125,0.015625
10,10,0.0,0.0,0.0,0.0,0.0,0.0,0.0,0.0,0.0,0.03125,0.953125,0.015625
10,10,0.0,0.0,0.0,0.0,0.0,0.0,0.0,0.0,0.0,0.03125,0.953125,0.015625
10,10,0.0,0.0,0.0,0.0,0.0,0.0,0.0,0.0,0.0,0.03125,0.953125,0.015625
10,10,0.0,0.0,0.0,0.0,0.0,0.0,0.0,0.0,0.0,0.03125,0.953125,0.015625
10,10,0.0,0.0,0.0,0.0,0.0,0.0,0.0,0.0,0.0,0.03125,0.953125,0.015625
10,10,0.0,0.0,0.0,0.0,0.0,0.0,0.0,0.0,0.0,0.03125,0.953125,0.015625
10,10,0.0,0.0,0.0,0.0,0.0,0.0,0.0,0.0,0.0,0.03125,0.953125,0.015625
10,10,0.0,0.0,0.0,0.0,0.0,0.0,0.0,0.0,0.0,0.03125,0.953125,0.015625
10,10,0.0,0.0,0.0,0.0,0.0,0.0,0.0,0.0,0.0,0.03125,0.953125,0.015625
10,10,0.0,0.0,0.0,0.0,0.0,0.0,0.0,0.0,0.0,0.03125,0.953125,0.015625
10,10,0.0,0.0,0.0,0.0,0.0,0.0,0.0,0.0,0.0,0.03125,0.953125,0.015625
10,10,0.0,0.0,0.0,0.0,0.0,0.0,0.0,0.0,0.0,0.03125,0.953125,0.015625
10,10,0.0,0.0,0.0,0.0,0.0,0.0,0.0,0.0,0.0,0.03125,0.953125,0.015625
10,10,0.0,0.0,0.0,0.0,0.0,0.0,0.0,0.0,0.0,0.03125,0.953125,0.015625
10,10,0.0,0.0,0.0,0.0,0.0,0.0,0.0,0.0,0.0,0.03125,0.953125,0.015625
10,10,0.0,0.0,0.0,0.0,0.0,0.0,0.0,0.0,0.0,0.03125,0.953125,0.015625
10,10,0.0,0.0,0.0,0.0,0.0,0.0,0.0,0.0,0.0,0.03125,0.953125,0.015625
10,10,0.0,0.0,0.0,0.0,0.0,0.0,0.0,0.0,0.0,0.03125,0.953125,0.015625
10,10,0.0,0.0,0.0,0.0,0.0,0.0,0.0,0.0,0.0,0.03125,0.953125,0.015625
10,10,0.0,0.0,0.0,0.0,0.0,0.0,0.0,0.0,0.0,0.03125,0.96875,0.0
10,10,0.0,0.0,0.0,0.0,0.0,0.0,0.0,0.0,0.0,0.03125,0.96875,0.0
10,10,0.0,0.0,0.0,0.0,0.0,0.0,0.0,0.0,0.0,0.03125,0.96875,0.0
10,10,0.0,0.0,0.0,0.0,0.0,0.0,0.0,0.0,0.0,0.03125,0.96875,0.0
10,10,0.0,0.0,0.0,0.0,0.0,0.0,0.0,0.0,0.0,0.03125,0.96875,0.0
10,10,0.0,0.0,0.0,0.0,0.0,0.0,0.0,0.0,0.0,0.03125,0.96875,0.0
10,10,0.0,0.0,0.0,0.0,0.0,0.0,0.0,0.0,0.0,0.03125,0.96875,0.0
10,10,0.0,0.0,0.0,0.0,0.0,0.0,0.0,0.0,0.0,0.03125,0.96875,0.0
10,10,0.0,0.0,0.0,0.0,0.0,0.0,0.0,0.0,0.0,0.03125,0.96875,0.0
10,10,0.0,0.0,0.0,0.0,0.0,0.0,0.0,0.0,0.0,0.03125,0.96875,0.0
10,10,0.0,0.0,0.0,0.0,0.0,0.0,0.0,0.0,0.0,0.03125,0.96875,0.0
10,10,0.0,0.0,0.0,0.0,0.0,0.0,0.0,0.0,0.0,0.03125,0.96875,0.0
10,10,0.0,0.0,0.0,0.0,0.0,0.0,0.0,0.0,0.0,0.03125,0.96875,0.0
10,10,0.0,0.0,0.0,0.0,0.0,0.0,0.0,0.0,0.0,0.03125,0.96875,0.0
10,10,0.0,0.0,0.0,0.0,0.0,0.0,0.0,0.0,0.0,0.03125,0.96875,0.0
10,10,0.0,0.0,0.0,0.0,0.0,0.0,0.0,0.0,0.0,0.03125,0.96875,0.0
10,10,0.0,0.0,0.0,0.0,0.0,0.0,0.0,0.0,0.0,0.03125,0.96875,0.0
10,10,0.0,0.0,0.0,0.0,0.0,0.0,0.0,0.0,0.0,0.03125,0.96875,0.0
10,10,0.0,0.0,0.0,0.0,0.0,0.0,0.0,0.0,0.0,0.03125,0.96875,0.0
10,10,0.0,0.0,0.0,0.0,0.0,0.0,0.0,0.0,0.0,0.03125,0.96875,0.0
10,10,0.0,0.0,0.0,0.0,0.0,0.0,0.0,0.0,0.0,0.03125,0.96875,0.0
10,10,0.0,0.0,0.0,0.0,0.0,0.0,0.0,0.0,0.0,0.03125,0.96875,0.0
10,10,0.0,0.0,0.0,0.0,0.0,0.0,0.0,0.0,0.0,0.03125,0.96875,0.0
10,10,0.0,0.0,0.0,0.0,0.0,0.0,0.0,0.0,0.0,0.03125,0.96875,0.0
10,10,0.0,0.0,0.0,0.0,0.0,0.0,0.0,0.0,0.0,0.03125,0.96875,0.0
10,10,0.0,0.0,0.0,0.0,0.0,0.0,0.0,0.0,0.0,0.03125,0.96875,0.0
10,10,0.0,0.0,0.0,0.0,0.0,0.0,0.0,0.0,0.0,0.03125,0.96875,0.0
10,10,0.0,0.0,0.0,0.0,0.0,0.0,0.0,0.0,0.0,0.03125,0.96875,0.0
10,10,0.0,0.0,0.0,0.0,0.0,0.0,0.0,0.0,0.0,0.03125,0.96875,0.0
10,10,0.0,0.0,0.0,0.0,0.0,0.0,0.0,0.0,0.0,0.03125,0.96875,0.0
10,10,0.0,0.0,0.0,0.0,0.0,0.0,0.0,0.0,0.0,0.03125,0.96875,0.0
10,10,0.0,0.0,0.0,0.0,0.0,0.0,0.0,0.0,0.0,0.03125,0.96875,0.0
10,10,0.0,0.0,0.0,0.0,0.0,0.0,0.0,0.0,0.0,0.03125,0.96875,0.0
10,10,0.0,0.0,0.0,0.0,0.0,0.0,0.0,0.0,0.0,0.03125,0.96875,0.0
10,10,0.0,0.0,0.0,0.0,0.0,0.0,0.0,0.0,0.0,0.03125,0.96875,0.0
10,10,0.0,0.0,0.0,0.0,0.0,0.0,0.0,0.0,0.0,0.03125,0.96875,0.0
10,10,0.0,0.0,0.0,0.0,0.0,0.0,0.0,0.0,0.0,0.03125,0.96875,0.0
10,10,0.0,0.0,0.0,0.0,0.0,0.0,0.0,0.0,0.0,0.03125,0.96875,0.0
10,10,0.0,0.0,0.0,0.0,0.0,0.0,0.0,0.0,0.0,0.03125,0.96875,0.0
10,10,0.0,0.0,0.0,0.0,0.0,0.0,0.0,0.0,0.0,0.03125,0.96875,0.0
10,10,0.0,0.0,0.0,0.0,0.0,0.0,0.0,0.0,0.0,0.03125,0.96875,0.0
10,10,0.0,0.0,0.0,0.0,0.0,0.0,0.0,0.0,0.0,0.03125,0.96875,0.0
10,10,0.0,0.0,0.0,0.0,0.0,0.0,0.0,0.0,0.0,0.03125,0.96875,0.0
10,10,0.0,0.0,0.0,0.0,0.0,0.0,0.0,0.0,0.0,0.03125,0.96875,0.0
10,10,0.0,0.0,0.0,0.0,0.0,0.0,0.0,0.0,0.0,0.03125,0.96875,0.0
10,10,0.0,0.0,0.0,0.0,0.0,0.0,0.0,0.0,0.0,0.03125,0.96875,0.0
10,10,0.0,0.0,0.0,0.0,0.0,0.0,0.0,0.0,0.0,0.03125,0.96875,0.0
10,10,0.0,0.0,0.0,0.0,0.0,0.0,0.0,0.0,0.0,0.03125,0.96875,0.0
10,10,0.0,0.0,0.0,0.0,0.0,0.0,0.0,0.0,0.0,0.03125,0.96875,0.0
10,10,0.0,0.0,0.0,0.0,0.0,0.0,0.0,0.0,0.0,0.03125,0.96875,0.0
10,10,0.0,0.0,0.0,0.0,0.0,0.0,0.0,0.0,0.0,0.03125,0.96875,0.0
10,10,0.0,0.0,0.0,0.0,0.0,0.0,0.0,0.0,0.0,0.03125,0.96875,0.0
10,10,0.0,0.0,0.0,0.0,0.0,0.0,0.0,0.0,0.0,0.03125,0.96875,0.0
10,10,0.0,0.0,0.0,0.0,0.0,0.0,0.0,0.0,0.0,0.03125,0.96875,0.0
10,10,0.0,0.0,0.0,0.0,0.0,0.0,0.0,0.0,0.0,0.03125,0.96875,0.0
10,10,0.0,0.0,0.0,0.0,0.0,0.0,0.0,0.0,0.0,0.03125,0.96875,0.0
10,10,0.0,0.0,0.0,0.0,0.0,0.0,0.0,0.0,0.0,0.03125,0.96875,0.0
10,10,0.0,0.0,0.0,0.0,0.0,0.0,0.0,0.0,0.0,0.03125,0.96875,0.0
10,10,0.0,0.0,0.0,0.0,0.0,0.0,0.0,0.0,0.0,0.03125,0.96875,0.0
10,10,0.0,0.0,0.0,0.0,0.0,0.0,0.0,0.0,0.0,0.03125,0.96875,0.0
10,10,0.0,0.0,0.0,0.0,0.0,0.0,0.0,0.0,0.0,0.03125,0.96875,0.0
10,10,0.0,0.0,0.0,0.0,0.0,0.0,0.0,0.0,0.0,0.03125,0.96875,0.0
10,10,0.0,0.0,0.0,0.0,0.0,0.0,0.0,0.0,0.0,0.03125,0.96875,0.0
10,10,0.0,0.0,0.0,0.0,0.0,0.0,0.0,0.0,0.0,0.03125,0.96875,0.0
10,10,0.0,0.0,0.0,0.0,0.0,0.0,0.0,0.0,0.0,0.03125,0.96875,0.0
10,10,0.0,0.0,0.0,0.0,0.0,0.0,0.0,0.0,0.0,0.03125,0.96875,0.0
10,10,0.0,0.0,0.0,0.0,0.0,0.0,0.0,0.0,0.0,0.03125,0.96875,0.0
10,10,0.0,0.0,0.0,0.0,0.0,0.0,0.0,0.0,0.0,0.03125,0.96875,0.0
10,10,0.0,0.0,0.0,0.0,0.0,0.0,0.0,0.0,0.0,0.03125,0.96875,0.0
10,10,0.0,0.0,0.0,0.0,0.0,0.0,0.0,0.0,0.0,0.03125,0.96875,0.0
10,10,0.0,0.0,0.0,0.0,0.0,0.0,0.0,0.0,0.0,0.03125,0.96875,0.0
10,10,0.0,0.0,0.0,0.0,0.0,0.0,0.0,0.0,0.0,0.03125,0.96875,0.0
10,10,0.0,0.0,0.0,0.0,0.0,0.0,0.0,0.0,0.0,0.03125,0.96875,0.0
10,10,0.0,0.0,0.0,0.0,0.0,0.0,0.0,0.0,0.0,0.03125,0.96875,0.0
10,10,0.0,0.0,0.0,0.0,0.0,0.0,0.0,0.0,0.0,0.03125,0.96875,0.0
10,10,0.0,0.0,0.0,0.0,0.0,0.0,0.0,0.0,0.0,0.03125,0.96875,0.0
10,10,0.0,0.0,0.0,0.0,0.0,0.0,0.0,0.0,0.0,0.03125,0.96875,0.0
10,10,0.0,0.0,0.0,0.0,0.0,0.0,0.0,0.0,0.0,0.03125,0.96875,0.0
10,10,0.0,0.0,0.0,0.0,0.0,0.0,0.0,0.0,0.0,0.03125,0.96875,0.0
10,10,0.0,0.0,0.0,0.0,0.0,0.0,0.0,0.0,0.0,0.03125,0.96875,0.0
10,10,0.0,0.0,0.0,0.0,0.0,0.0,0.0,0.0,0.0,0.03125,0.96875,0.0
10,10,0.0,0.0,0.0,0.0,0.0,0.0,0.0,0.0,0.0,0.03125,0.96875,0.0
10,10,0.0,0.0,0.0,0.0,0.0,0.0,0.0,0.0,0.0,0.03125,0.96875,0.0
10,10,0.0,0.0,0.0,0.0,0.0,0.0,0.0,0.0,0.0,0.03125,0.96875,0.0
10,10,0.0,0.0,0.0,0.0,0.0,0.0,0.0,0.0,0.0,0.03125,0.96875,0.0
10,10,0.0,0.0,0.0,0.0,0.0,0.0,0.0,0.0,0.0,0.03125,0.96875,0.0
10,10,0.0,0.0,0.0,0.0,0.0,0.0,0.0,0.0,0.0,0.03125,0.96875,0.0
10,10,0.0,0.0,0.0,0.0,0.0,0.0,0.0,0.0,0.0,0.03125,0.96875,0.0
10,10,0.0,0.0,0.0,0.0,0.0,0.0,0.0,0.0,0.0,0.03125,0.96875,0.0
10,10,0.0,0.0,0.0,0.0,0.0,0.0,0.0,0.0,0.0,0.03125,0.96875,0.0
10,10,0.0,0.0,0.0,0.0,0.0,0.0,0.0,0.0,0.0,0.03125,0.96875,0.0
10,10,0.0,0.0,0.0,0.0,0.0,0.0,0.0,0.0,0.0,0.03125,0.96875,0.0
10,10,0.0,0.0,0.0,0.0,0.0,0.0,0.0,0.0,0.0,0.03125,0.96875,0.0
10,10,0.0,0.0,0.0,0.0,0.0,0.0,0.0,0.0,0.0,0.03125,0.96875,0.0
10,10,0.0,0.0,0.0,0.0,0.0,0.0,0.0,0.0,0.0,0.03125,0.96875,0.0
10,10,0.0,0.0,0.0,0.0,0.0,0.0,0.0,0.0,0.0,0.03125,0.96875,0.0
10,10,0.0,0.0,0.0,0.0,0.0,0.0,0.0,0.0,0.0,0.03125,0.96875,0.0
10,10,0.0,0.0,0.0,0.0,0.0,0.0,0.0,0.0,0.0,0.03125,0.96875,0.0
10,10,0.0,0.0,0.0,0.0,0.0,0.0,0.0,0.0,0.0,0.03125,0.96875,0.0
10,10,0.0,0.0,0.0,0.0,0.0,0.0,0.0,0.0,0.0,0.03125,0.96875,0.0
10,10,0.0,0.0,0.0,0.0,0.0,0.0,0.0,0.0,0.0,0.03125,0.96875,0.0
10,10,0.0,0.0,0.0,0.0,0.0,0.0,0.0,0.0,0.0,0.03125,0.96875,0.0
10,10,0.0,0.0,0.0,0.0,0.0,0.0,0.0,0.0,0.0,0.03125,0.96875,0.0
10,10,0.0,0.0,0.0,0.0,0.0,0.0,0.0,0.0,0.0,0.03125,0.96875,0.0
10,10,0.0,0.0,0.0,0.0,0.0,0.0,0.0,0.0,0.0,0.03125,0.96875,0.0
10,10,0.0,0.0,0.0,0.0,0.0,0.0,0.0,0.0,0.0,0.03125,0.96875,0.0
10,10,0.0,0.0,0.0,0.0,0.0,0.0,0.0,0.0,0.0,0.03125,0.96875,0.0
10,10,0.0,0.0,0.0,0.0,0.0,0.0,0.0,0.0,0.0,0.03125,0.96875,0.0
10,10,0.0,0.0,0.0,0.0,0.0,0.0,0.0,0.0,0.0,0.03125,0.96875,0.0
10,10,0.0,0.0,0.0,0.0,0.0,0.0,0.0,0.0,0.0,0.03125,0.96875,0.0
10,10,0.0,0.0,0.0,0.0,0.0,0.0,0.0,0.0,0.0,0.03125,0.96875,0.0
10,10,0.0,0.0,0.0,0.0,0.0,0.0,0.0,0.0,0.0,0.03125,0.96875,0.0
10,10,0.0,0.0,0.0,0.0,0.0,0.0,0.0,0.0,0.0,0.03125,0.96875,0.0
10,10,0.0,0.0,0.0,0.0,0.0,0.0,0.0,0.0,0.0,0.03125,0.96875,0.0
10,10,0.0,0.0,0.0,0.0,0.0,0.0,0.0,0.0,0.0,0.03125,0.96875,0.0
10,10,0.0,0.0,0.0,0.0,0.0,0.0,0.0,0.0,0.0,0.03125,0.96875,0.0
10,10,0.0,0.0,0.0,0.0,0.0,0.0,0.0,0.0,0.0,0.03125,0.96875,0.0
10,10,0.0,0.0,0.0,0.0,0.0,0.0,0.0,0.0,0.0,0.03125,0.96875,0.0
10,10,0.0,0.0,0.0,0.0,0.0,0.0,0.0,0.0,0.0,0.03125,0.96875,0.0
10,10,0.0,0.0,0.0,0.0,0.0,0.0,0.0,0.0,0.0,0.03125,0.96875,0.0
10,10,0.0,0.0,0.0,0.0,0.0,0.0,0.0,0.0,0.0,0.03125,0.96875,0.0
10,10,0.0,0.0,0.0,0.0,0.0,0.0,0.0,0.0,0.0,0.03125,0.96875,0.0
10,10,0.0,0.0,0.0,0.0,0.0,0.0,0.0,0.0,0.0,0.03125,0.96875,0.0
10,10,0.0,0.0,0.0,0.0,0.0,0.0,0.0,0.0,0.0,0.03125,0.96875,0.0
10,10,0.0,0.0,0.0,0.0,0.0,0.0,0.0,0.0,0.0,0.03125,0.96875,0.0
10,10,0.0,0.0,0.0,0.0,0.0,0.0,0.0,0.0,0.0,0.03125,0.96875,0.0
10,10,0.0,0.0,0.0,0.0,0.0,0.0,0.0,0.0,0.0,0.03125,0.96875,0.0
10,10,0.0,0.0,0.0,0.0,0.0,0.0,0.0,0.0,0.0,0.03125,0.96875,0.0
10,10,0.0,0.0,0.0,0.0,0.0,0.0,0.0,0.0,0.0,0.03125,0.96875,0.0
10,10,0.0,0.0,0.0,0.0,0.0,0.0,0.0,0.0,0.0,0.03125,0.96875,0.0
10,10,0.0,0.0,0.0,0.0,0.0,0.0,0.0,0.0,0.0,0.03125,0.96875,0.0
10,10,0.0,0.0,0.0,0.0,0.0,0.0,0.0,0.0,0.0,0.03125,0.96875,0.0
10,10,0.0,0.0,0.0,0.0,0.0,0.0,0.0,0.0,0.0,0.03125,0.96875,0.0
10,10,0.0,0.0,0.0,0.0,0.0,0.0,0.0,0.0,0.0,0.03125,0.96875,0.0
10,10,0.0,0.0,0.0,0.0,0.0,0.0,0.0,0.0,0.0,0.03125,0.96875,0.0
10,10,0.0,0.0,0.0,0.0,0.0,0.0,0.0,0.0,0.0,0.03125,0.96875,0.0
10,10,0.0,0.0,0.0,0.0,0.0,0.0,0.0,0.0,0.0,0.03125,0.96875,0.0
10,10,0.0,0.0,0.0,0.0,0.0,0.0,0.0,0.0,0.0,0.03125,0.96875,0.0
10,10,0.0,0.0,0.0,0.0,0.0,0.0,0.0,0.0,0.0,0.03125,0.96875,0.0
10,10,0.0,0.0,0.0,0.0,0.0,0.0,0.0,0.0,0.0,0.03125,0.96875,0.0
10,10,0.0,0.0,0.0,0.0,0.0,0.0,0.0,0.0,0.0,0.03125,0.96875,0.0
10,10,0.0,0.0,0.0,0.0,0.0,0.0,0.0,0.0,0.0,0.03125,0.96875,0.0
10,10,0.0,0.0,0.0,0.0,0.0,0.0,0.0,0.0,0.0,0.03125,0.96875,0.0
10,10,0.0,0.0,0.0,0.0,0.0,0.0,0.0,0.0,0.0,0.03125,0.96875,0.0
10,10,0.0,0.0,0.0,0.0,0.0,0.0,0.0,0.0,0.0,0.03125,0.96875,0.0
10,10,0.0,0.0,0.0,0.0,0.0,0.0,0.0,0.0,0.0,0.03125,0.96875,0.0
10,10,0.0,0.0,0.0,0.0,0.0,0.0,0.0,0.0,0.0,0.03125,0.96875,0.0
10,10,0.0,0.0,0.0,0.0,0.0,0.0,0.0,0.0,0.0,0.03125,0.96875,0.0
10,10,0.0,0.0,0.0,0.0,0.0,0.0,0.0,0.0,0.0,0.03125,0.96875,0.0
10,10,0.0,0.0,0.0,0.0,0.0,0.0,0.0,0.0,0.0,0.03125,0.96875,0.0
10,10,0.0,0.0,0.0,0.0,0.0,0.0,0.0,0.0,0.0,0.03125,0.96875,0.0
10,10,0.0,0.0,0.0,0.0,0.0,0.0,0.0,0.0,0.0,0.03125,0.96875,0.0
10,10,0.0,0.0,0.0,0.0,0.0,0.0,0.0,0.0,0.0,0.03125,0.96875,0.0
10,10,0.0,0.0,0.0,0.0,0.0,0.0,0.0,0.0,0.0,0.03125,0.96875,0.0
10,10,0.0,0.0,0.0,0.0,0.0,0.0,0.0,0.0,0.0,0.03125,0.96875,0.0
10,10,0.0,0.0,0.0,0.0,0.0,0.0,0.0,0.0,0.0,0.03125,0.96875,0.0
10,10,0.0,0.0,0.0,0.0,0.0,0.0,0.0,0.0,0.0,0.03125,0.96875,0.0
10,10,0.0,0.0,0.0,0.0,0.0,0.0,0.0,0.0,0.0,0.03125,0.96875,0.0
10,10,0.0,0.0,0.0,0.0,0.0,0.0,0.0,0.0,0.0,0.03125,0.96875,0.0
10,10,0.0,0.0,0.0,0.0,0.0,0.0,0.0,0.0,0.0,0.03125,0.96875,0.0
10,10,0.0,0.0,0.0,0.0,0.0,0.0,0.0,0.0,0.0,0.03125,0.96875,0.0
10,10,0.0,0.0,0.0,0.0,0.0,0.0,0.0,0.0,0.0,0.03125,0.96875,0.0
10,10,0.0,0.0,0.0,0.0,0.0,0.0,0.0,0.0,0.0,0.03125,0.96875,0.0
10,10,0.0,0.0,0.0,0.0,0.0,0.0,0.0,0.0,0.0,0.03125,0.96875,0.0
10,10,0.0,0.0,0.0,0.0,0.0,0.0,0.0,0.0,0.0,0.03125,0.96875,0.0
10,10,0.0,0.0,0.0,0.0,0.0,0.0,0.0,0.0,0.0,0.03125,0.96875,0.0
10,10,0.0,0.0,0.0,0.0,0.0,0.0,0.0,0.0,0.0,0.03125,0.96875,0.0
10,10,0.0,0.0,0.0,0.0,0.0,0.0,0.0,0.0,0.0,0.03125,0.96875,0.0
10,10,0.0,0.0,0.0,0.0,0.0,0.0,0.0,0.0,0.0,0.03125,0.96875,0.0
10,10,0.0,0.0,0.0,0.0,0.0,0.0,0.0,0.0,0.0,0.03125,0.96875,0.0
10,10,0.0,0.0,0.0,0.0,0.0,0.0,0.0,0.0,0.0,0.03125,0.96875,0.0
10,10,0.0,0.0,0.0,0.0,0.0,0.0,0.0,0.0,0.0,0.03125,0.96875,0.0
10,10,0.0,0.0,0.0,0.0,0.0,0.0,0.0,0.0,0.0,0.03125,0.96875,0.0
10,10,0.0,0.0,0.0,0.0,0.0,0.0,0.0,0.0,0.0,0.03125,0.96875,0.0
10,10,0.0,0.0,0.0,0.0,0.0,0.0,0.0,0.0,0.0,0.03125,0.96875,0.0
10,10,0.0,0.0,0.0,0.0,0.0,0.0,0.0,0.0,0.0,0.03125,0.96875,0.0
10,10,0.0,0.0,0.0,0.0,0.0,0.0,0.0,0.0,0.0,0.03125,0.96875,0.0
10,10,0.0,0.0,0.0,0.0,0.0,0.0,0.0,0.0,0.0,0.03125,0.96875,0.0
10,10,0.0,0.0,0.0,0.0,0.0,0.0,0.0,0.0,0.0,0.03125,0.96875,0.0
10,10,0.0,0.0,0.0,0.0,0.0,0.0,0.0,0.0,0.0,0.03125,0.96875,0.0
10,10,0.0,0.0,0.0,0.0,0.0,0.0,0.0,0.0,0.0,0.03125,0.96875,0.0
10,10,0.0,0.0,0.0,0.0,0.0,0.0,0.0,0.0,0.0,0.03125,0.96875,0.0
10,10,0.0,0.0,0.0,0.0,0.0,0.0,0.0,0.0,0.0,0.03125,0.96875,0.0
10,10,0.0,0.0,0.0,0.0,0.0,0.0,0.0,0.0,0.0,0.03125,0.96875,0.0
10,10,0.0,0.0,0.0,0.0,0.0,0.0,0.0,0.0,0.0,0.03125,0.96875,0.0
10,10,0.0,0.0,0.0,0.0,0.0,0.0,0.0,0.0,0.0,0.03125,0.96875,0.0
10,10,0.0,0.0,0.0,0.0,0.0,0.0,0.0,0.0,0.0,0.03125,0.96875,0.0
10,10,0.0,0.0,0.0,0.0,0.0,0.0,0.0,0.0,0.0,0.03125,0.96875,0.0
10,10,0.0,0.0,0.0,0.0,0.0,0.0,0.0,0.0,0.0,0.03125,0.96875,0.0
10,10,0.0,0.0,0.0,0.0,0.0,0.0,0.0,0.0,0.0,0.03125,0.96875,0.0
10,10,0.0,0.0,0.0,0.0,0.0,0.0,0.0,0.0,0.0,0.03125,0.96875,0.0
10,10,0.0,0.0,0.0,0.0,0.0,0.0,0.0,0.0,0.0,0.03125,0.96875,0.0
10,10,0.0,0.0,0.0,0.0,0.0,0.0,0.0,0.0,0.0,0.03125,0.96875,0.0
10,10,0.0,0.0,0.0,0.0,0.0,0.0,0.0,0.0,0.0,0.03125,0.96875,0.0
10,10,0.0,0.0,0.0,0.0,0.0,0.0,0.0,0.0,0.0,0.03125,0.96875,0.0
10,10,0.0,0.0,0.0,0.0,0.0,0.0,0.0,0.0,0.0,0.03125,0.96875,0.0
10,10,0.0,0.0,0.0,0.0,0.0,0.0,0.0,0.0,0.0,0.03125,0.96875,0.0
10,10,0.0,0.0,0.0,0.0,0.0,0.0,0.0,0.0,0.0,0.03125,0.96875,0.0
10,10,0.0,0.0,0.0,0.0,0.0,0.0,0.0,0.0,0.0,0.03125,0.96875,0.0
10,10,0.0,0.0,0.0,0.0,0.0,0.0,0.0,0.0,0.0,0.03125,0.96875,0.0
10,10,0.0,0.0,0.0,0.0,0.0,0.0,0.0,0.0,0.0,0.03125,0.96875,0.0
10,10,0.0,0.0,0.0,0.0,0.0,0.0,0.0,0.0,0.0,0.03125,0.96875,0.0
10,10,0.0,0.0,0.0,0.0,0.0,0.0,0.0,0.0,0.0,0.03125,0.96875,0.0
10,10,0.0,0.0,0.0,0.0,0.0,0.0,0.0,0.0,0.0,0.03125,0.96875,0.0
10,10,0.0,0.0,0.0,0.0,0.0,0.0,0.0,0.0,0.0,0.03125,0.96875,0.0
10,10,0.0,0.0,0.0,0.0,0.0,0.0,0.0,0.0,0.0,0.03125,0.96875,0.0
10,10,0.0,0.0,0.0,0.0,0.0,0.0,0.0,0.0,0.0,0.03125,0.96875,0.0
10,10,0.0,0.0,0.0,0.0,0.0,0.0,0.0,0.0,0.0,0.03125,0.96875,0.0
10,10,0.0,0.0,0.0,0.0,0.0,0.0,0.0,0.0,0.0,0.03125,0.96875,0.0
10,10,0.0,0.0,0.0,0.0,0.0,0.0,0.0,0.0,0.0,0.03125,0.96875,0.0
10,10,0.0,0.0,0.0,0.0,0.0,0.0,0.0,0.0,0.0,0.03125,0.96875,0.0
10,10,0.0,0.0,0.0,0.0,0.0,0.0,0.0,0.0,0.0,0.03125,0.96875,0.0
10,10,0.0,0.0,0.0,0.0,0.0,0.0,0.0,0.0,0.0,0.03125,0.96875,0.0
10,10,0.0,0.0,0.0,0.0,0.0,0.0,0.0,0.0,0.0,0.03125,0.96875,0.0
10,10,0.0,0.0,0.0,0.0,0.0,0.0,0.0,0.0,0.0,0.03125,0.96875,0.0
10,10,0.0,0.0,0.0,0.0,0.0,0.0,0.0,0.0,0.0,0.03125,0.96875,0.0
10,10,0.0,0.0,0.0,0.0,0.0,0.0,0.0,0.0,0.0,0.03125,0.96875,0.0
10,10,0.0,0.0,0.0,0.0,0.0,0.0,0.0,0.0,0.0,0.03125,0.96875,0.0
10,10,0.0,0.0,0.0,0.0,0.0,0.0,0.0,0.0,0.0,0.03125,0.96875,0.0
10,10,0.0,0.0,0.0,0.0,0.0,0.0,0.0,0.0,0.0,0.03125,0.96875,0.0
10,10,0.0,0.0,0.0,0.0,0.0,0.0,0.0,0.0,0.0,0.03125,0.96875,0.0
10,10,0.0,0.0,0.0,0.0,0.0,0.0,0.0,0.0,0.0,0.03125,0.96875,0.0
10,10,0.0,0.0,0.0,0.0,0.0,0.0,0.0,0.0,0.0,0.03125,0.96875,0.0
10,10,0.0,0.0,0.0,0.0,0.0,0.0,0.0,0.0,0.0,0.03125,0.96875,0.0
10,10,0.0,0.0,0.0,0.0,0.0,0.0,0.0,0.0,0.0,0.03125,0.96875,0.0
10,10,0.0,0.0,0.0,0.0,0.0,0.0,0.0,0.0,0.0,0.03125,0.96875,0.0
10,10,0.0,0.0,0.0,0.0,0.0,0.0,0.0,0.0,0.0,0.03125,0.96875,0.0
10,10,0.0,0.0,0.0,0.0,0.0,0.0,0.0,0.0,0.0,0.03125,0.96875,0.0
10,10,0.0,0.0,0.0,0.0,0.0,0.0,0.0,0.0,0.0,0.03125,0.96875,0.0
10,10,0.0,0.0,0.0,0.0,0.0,0.0,0.0,0.0,0.0,0.03125,0.96875,0.0
10,10,0.0,0.0,0.0,0.0,0.0,0.0,0.0,0.0,0.0,0.03125,0.96875,0.0
10,10,0.0,0.0,0.0,0.0,0.0,0.0,0.0,0.0,0.0,0.03125,0.96875,0.0
10,10,0.0,0.0,0.0,0.0,0.0,0.0,0.0,0.0,0.0,0.03125,0.96875,0.0
10,10,0.0,0.0,0.0,0.0,0.0,0.0,0.0,0.0,0.0,0.03125,0.96875,0.0
10,10,0.0,0.0,0.0,0.0,0.0,0.0,0.0,0.0,0.0,0.03125,0.96875,0.0
10,10,0.0,0.0,0.0,0.0,0.0,0.0,0.0,0.0,0.0,0.03125,0.96875,0.0
10,10,0.0,0.0,0.0,0.0,0.0,0.0,0.0,0.0,0.0,0.03125,0.96875,0.0
10,10,0.0,0.0,0.0,0.0,0.0,0.0,0.0,0.0,0.0,0.03125,0.96875,0.0
10,10,0.0,0.0,0.0,0.0,0.0,0.0,0.0,0.0,0.0,0.03125,0.96875,0.0
10,10,0.0,0.0,0.0,0.0,0.0,0.0,0.0,0.0,0.0,0.03125,0.96875,0.0
10,10,0.0,0.0,0.0,0.0,0.0,0.0,0.0,0.0,0.0,0.03125,0.96875,0.0
10,10,0.0,0.0,0.0,0.0,0.0,0.0,0.0,0.0,0.0,0.03125,0.96875,0.0
10,10,0.0,0.0,0.0,0.0,0.0,0.0,0.0,0.0,0.0,0.03125,0.96875,0.0
10,10,0.0,0.0,0.0,0.0,0.0,0.0,0.0,0.0,0.0,0.03125,0.96875,0.0
10,10,0.0,0.0,0.0,0.0,0.0,0.0,0.0,0.0,0.0,0.03125,0.96875,0.0
10,10,0.0,0.0,0.0,0.0,0.0,0.0,0.0,0.0,0.0,0.03125,0.96875,0.0
10,10,0.0,0.0,0.0,0.0,0.0,0.0,0.0,0.0,0.0,0.03125,0.96875,0.0
10,10,0.0,0.0,0.0,0.0,0.0,0.0,0.0,0.0,0.0,0.03125,0.96875,0.0
10,10,0.0,0.0,0.0,0.0,0.0,0.0,0.0,0.0,0.0,0.03125,0.96875,0.0
10,10,0.0,0.0,0.0,0.0,0.0,0.0,0.0,0.0,0.0,0.03125,0.96875,0.0
10,10,0.0,0.0,0.0,0.0,0.0,0.0,0.0,0.0,0.0,0.03125,0.96875,0.0
10,10,0.0,0.0,0.0,0.0,0.0,0.0,0.0,0.0,0.0,0.03125,0.96875,0.0
10,10,0.0,0.0,0.0,0.0,0.0,0.0,0.0,0.0,0.0,0.03125,0.96875,0.0
10,10,0.0,0.0,0.0,0.0,0.0,0.0,0.0,0.0,0.0,0.03125,0.96875,0.0
10,10,0.0,0.0,0.0,0.0,0.0,0.0,0.0,0.0,0.0,0.03125,0.96875,0.0
10,10,0.0,0.0,0.0,0.0,0.0,0.0,0.0,0.0,0.0,0.03125,0.96875,0.0
10,10,0.0,0.0,0.0,0.0,0.0,0.0,0.0,0.0,0.0,0.03125,0.96875,0.0
10,10,0.0,0.0,0.0,0.0,0.0,0.0,0.0,0.0,0.0,0.03125,0.96875,0.0
10,10,0.0,0.0,0.0,0.0,0.0,0.0,0.0,0.0,0.0,0.03125,0.96875,0.0
10,10,0.0,0.0,0.0,0.0,0.0,0.0,0.0,0.0,0.0,0.03125,0.96875,0.0
10,10,0.0,0.0,0.0,0.0,0.0,0.0,0.0,0.0,0.0,0.03125,0.96875,0.0
10,10,0.0,0.0,0.0,0.0,0.0,0.0,0.0,0.0,0.0,0.03125,0.96875,0.0
10,10,0.0,0.0,0.0,0.0,0.0,0.0,0.0,0.0,0.0,0.03125,0.96875,0.0
10,10,0.0,0.0,0.0,0.0,0.0,0.0,0.0,0.0,0.0,0.03125,0.96875,0.0
10,10,0.0,0.0,0.0,0.0,0.0,0.0,0.0,0.0,0.0,0.03125,0.96875,0.0
10,10,0.0,0.0,0.0,0.0,0.0,0.0,0.0,0.0,0.0,0.03125,0.96875,0.0
10,10,0.0,0.0,0.0,0.0,0.0,0.0,0.0,0.0,0.0,0.03125,0.96875,0.0
10,10,0.0,0.0,0.0,0.0,0.0,0.0,0.0,0.0,0.0,0.03125,0.96875,0.0
10,10,0.0,0.0,0.0,0.0,0.0,0.0,0.0,0.0,0.0,0.03125,0.96875,0.0
10,10,0.0,0.0,0.0,0.0,0.0,0.0,0.0,0.0,0.0,0.03125,0.96875,0.0
10,10,0.0,0.0,0.0,0.0,0.0,0.0,0.0,0.0,0.0,0.03125,0.96875,0.0
10,10,0.0,0.0,0.0,0.0,0.0,0.0,0.0,0.0,0.0,0.03125,0.96875,0.0
10,10,0.0,0.0,0.0,0.0,0.0,0.0,0.0,0.0,0.0,0.03125,0.96875,0.0
10,10,0.0,0.0,0.0,0.0,0.0,0.0,0.0,0.0,0.0,0.03125,0.96875,0.0
10,10,0.0,0.0,0.0,0.0,0.0,0.0,0.0,0.0,0.0,0.03125,0.96875,0.0
10,10,0.0,0.0,0.0,0.0,0.0,0.0,0.0,0.0,0.0,0.03125,0.96875,0.0
10,10,0.0,0.0,0.0,0.0,0.0,0.0,0.0,0.0,0.0,0.03125,0.96875,0.0
10,10,0.0,0.0,0.0,0.0,0.0,0.0,0.0,0.0,0.0,0.03125,0.96875,0.0
10,10,0.0,0.0,0.0,0.0,0.0,0.0,0.0,0.0,0.0,0.03125,0.96875,0.0
10,10,0.0,0.0,0.0,0.0,0.0,0.0,0.0,0.0,0.0,0.03125,0.96875,0.0
10,10,0.0,0.0,0.0,0.0,0.0,0.0,0.0,0.0,0.0,0.03125,0.96875,0.0
10,10,0.0,0.0,0.0,0.0,0.0,0.0,0.0,0.0,0.0,0.03125,0.96875,0.0
10,10,0.0,0.0,0.0,0.0,0.0,0.0,0.0,0.0,0.0,0.03125,0.96875,0.0
10,10,0.0,0.0,0.0,0.0,0.0,0.0,0.0,0.0,0.0,0.03125,0.96875,0.0
10,10,0.0,0.0,0.0,0.0,0.0,0.0,0.0,0.0,0.0,0.03125,0.96875,0.0
10,10,0.0,0.0,0.0,0.0,0.0,0.0,0.0,0.0,0.0,0.03125,0.96875,0.0
10,10,0.0,0.0,0.0,0.0,0.0,0.0,0.0,0.0,0.0,0.03125,0.96875,0.0
10,10,0.0,0.0,0.0,0.0,0.0,0.0,0.0,0.0,0.0,0.03125,0.96875,0.0
10,10,0.0,0.0,0.0,0.0,0.0,0.0,0.0,0.0,0.0,0.03125,0.96875,0.0
10,10,0.0,0.0,0.0,0.0,0.0,0.0,0.0,0.0,0.0,0.03125,0.96875,0.0
10,10,0.0,0.0,0.0,0.0,0.0,0.0,0.0,0.0,0.0,0.03125,0.96875,0.0
10,10,0.0,0.0,0.0,0.0,0.0,0.0,0.0,0.0,0.0,0.03125,0.96875,0.0
10,10,0.0,0.0,0.0,0.0,0.0,0.0,0.0,0.0,0.0,0.03125,0.96875,0.0
10,10,0.0,0.0,0.0,0.0,0.0,0.0,0.0,0.0,0.0,0.03125,0.96875,0.0
10,10,0.0,0.0,0.0,0.0,0.0,0.0,0.0,0.0,0.0,0.03125,0.96875,0.0
10,10,0.0,0.0,0.0,0.0,0.0,0.0,0.0,0.0,0.0,0.03125,0.96875,0.0
10,10,0.0,0.0,0.0,0.0,0.0,0.0,0.0,0.0,0.0,0.03125,0.96875,0.0
10,10,0.0,0.0,0.0,0.0,0.0,0.0,0.0,0.0,0.0,0.03125,0.96875,0.0
10,10,0.0,0.0,0.0,0.0,0.0,0.0,0.0,0.0,0.0,0.03125,0.96875,0.0
10,10,0.0,0.0,0.0,0.0,0.0,0.0,0.0,0.0,0.0,0.03125,0.96875,0.0
10,10,0.0,0.0,0.0,0.0,0.0,0.0,0.0,0.0,0.0,0.03125,0.96875,0.0
10,10,0.0,0.0,0.0,0.0,0.0,0.0,0.0,0.0,0.0,0.03125,0.96875,0.0
10,10,0.0,0.0,0.0,0.0,0.0,0.0,0.0,0.0,0.0,0.03125,0.96875,0.0
10,10,0.0,0.0,0.0,0.0,0.0,0.0,0.0,0.0,0.0,0.03125,0.96875,0.0
10,10,0.0,0.0,0.0,0.0,0.0,0.0,0.0,0.0,0.0,0.03125,0.96875,0.0
10,10,0.0,0.0,0.0,0.0,0.0,0.0,0.0,0.0,0.0,0.03125,0.96875,0.0
10,10,0.0,0.0,0.0,0.0,0.0,0.0,0.0,0.0,0.0,0.03125,0.96875,0.0
10,10,0.0,0.0,0.0,0.0,0.0,0.0,0.0,0.0,0.0,0.03125,0.96875,0.0
10,10,0.0,0.0,0.0,0.0,0.0,0.0,0.0,0.0,0.0,0.03125,0.96875,0.0
10,10,0.0,0.0,0.0,0.0,0.0,0.0,0.0,0.0,0.0,0.03125,0.96875,0.0
10,10,0.0,0.0,0.0,0.0,0.0,0.0,0.0,0.0,0.0,0.03125,0.96875,0.0
10,10,0.0,0.0,0.0,0.0,0.0,0.0,0.0,0.0,0.0,0.03125,0.96875,0.0
10,10,0.0,0.0,0.0,0.0,0.0,0.0,0.0,0.0,0.0,0.03125,0.96875,0.0
10,10,0.0,0.0,0.0,0.0,0.0,0.0,0.0,0.0,0.0,0.03125,0.96875,0.0
10,10,0.0,0.0,0.0,0.0,0.0,0.0,0.0,0.0,0.0,0.03125,0.96875,0.0
10,10,0.0,0.0,0.0,0.0,0.0,0.0,0.0,0.0,0.0,0.03125,0.96875,0.0
10,10,0.0,0.0,0.0,0.0,0.0,0.0,0.0,0.0,0.0,0.03125,0.96875,0.0
10,10,0.0,0.0,0.0,0.0,0.0,0.0,0.0,0.0,0.0,0.03125,0.96875,0.0
10,10,0.0,0.0,0.0,0.0,0.0,0.0,0.0,0.0,0.0,0.03125,0.96875,0.0
10,10,0.0,0.0,0.0,0.0,0.0,0.0,0.0,0.0,0.0,0.03125,0.96875,0.0
10,10,0.0,0.0,0.0,0.0,0.0,0.0,0.0,0.0,0.0,0.03125,0.96875,0.0
10,10,0.0,0.0,0.0,0.0,0.0,0.0,0.0,0.0,0.0,0.03125,0.96875,0.0
10,10,0.0,0.0,0.0,0.0,0.0,0.0,0.0,0.0,0.0,0.03125,0.96875,0.0
10,10,0.0,0.0,0.0,0.0,0.0,0.0,0.0,0.0,0.0,0.03125,0.96875,0.0
10,10,0.0,0.0,0.0,0.0,0.0,0.0,0.0,0.0,0.0,0.03125,0.96875,0.0
10,10,0.0,0.0,0.0,0.0,0.0,0.0,0.0,0.0,0.0,0.03125,0.96875,0.0
10,10,0.0,0.0,0.0,0.0,0.0,0.0,0.0,0.0,0.0,0.03125,0.96875,0.0
10,10,0.0,0.0,0.0,0.0,0.0,0.0,0.0,0.0,0.0,0.03125,0.96875,0.0
10,10,0.0,0.0,0.0,0.0,0.0,0.0,0.0,0.0,0.0,0.03125,0.96875,0.0
10,10,0.0,0.0,0.0,0.0,0.0,0.0,0.0,0.0,0.0,0.03125,0.96875,0.0
10,10,0.0,0.0,0.0,0.0,0.0,0.0,0.0,0.0,0.0,0.03125,0.96875,0.0
10,10,0.0,0.0,0.0,0.0,0.0,0.0,0.0,0.0,0.0,0.03125,0.96875,0.0
10,10,0.0,0.0,0.0,0.0,0.0,0.0,0.0,0.0,0.0,0.03125,0.96875,0.0
10,10,0.0,0.0,0.0,0.0,0.0,0.0,0.0,0.0,0.0,0.03125,0.96875,0.0
10,10,0.0,0.0,0.0,0.0,0.0,0.0,0.0,0.0,0.0,0.03125,0.96875,0.0
10,10,0.0,0.0,0.0,0.0,0.0,0.0,0.0,0.0,0.0,0.03125,0.96875,0.0
10,10,0.0,0.0,0.0,0.0,0.0,0.0,0.0,0.0,0.0,0.03125,0.96875,0.0
10,10,0.0,0.0,0.0,0.0,0.0,0.0,0.0,0.0,0.0,0.03125,0.96875,0.0
10,10,0.0,0.0,0.0,0.0,0.0,0.0,0.0,0.0,0.0,0.03125,0.96875,0.0
10,10,0.0,0.0,0.0,0.0,0.0,0.0,0.0,0.0,0.0,0.03125,0.96875,0.0
10,10,0.0,0.0,0.0,0.0,0.0,0.0,0.0,0.0,0.0,0.03125,0.96875,0.0
10,10,0.0,0.0,0.0,0.0,0.0,0.0,0.0,0.0,0.0,0.03125,0.96875,0.0
10,10,0.0,0.0,0.0,0.0,0.0,0.0,0.0,0.0,0.0,0.03125,0.96875,0.0
10,10,0.0,0.0,0.0,0.0,0.0,0.0,0.0,0.0,0.0,0.03125,0.96875,0.0
10,10,0.0,0.0,0.0,0.0,0.0,0.0,0.0,0.0,0.0,0.03125,0.96875,0.0
10,10,0.0,0.0,0.0,0.0,0.0,0.0,0.0,0.0,0.0,0.03125,0.96875,0.0
10,10,0.0,0.0,0.0,0.0,0.0,0.0,0.0,0.0,0.0,0.03125,0.96875,0.0
10,10,0.0,0.0,0.0,0.0,0.0,0.0,0.0,0.0,0.0,0.03125,0.96875,0.0
10,10,0.0,0.0,0.0,0.0,0.0,0.0,0.0,0.0,0.0,0.03125,0.96875,0.0
10,10,0.0,0.0,0.0,0.0,0.0,0.0,0.0,0.0,0.0,0.03125,0.96875,0.0
10,10,0.0,0.0,0.0,0.0,0.0,0.0,0.0,0.0,0.0,0.03125,0.96875,0.0
10,10,0.0,0.0,0.0,0.0,0.0,0.0,0.0,0.0,0.0,0.03125,0.96875,0.0
10,10,0.0,0.0,0.0,0.0,0.0,0.0,0.0,0.0,0.0,0.03125,0.96875,0.0
10,10,0.0,0.0,0.0,0.0,0.0,0.0,0.0,0.0,0.0,0.03125,0.96875,0.0
10,10,0.0,0.0,0.0,0.0,0.0,0.0,0.0,0.0,0.0,0.03125,0.96875,0.0
10,10,0.0,0.0,0.0,0.0,0.0,0.0,0.0,0.0,0.0,0.03125,0.96875,0.0
10,10,0.0,0.0,0.0,0.0,0.0,0.0,0.0,0.0,0.0,0.03125,0.96875,0.0
10,10,0.0,0.0,0.0,0.0,0.0,0.0,0.0,0.0,0.0,0.03125,0.96875,0.0
10,10,0.0,0.0,0.0,0.0,0.0,0.0,0.0,0.0,0.0,0.03125,0.96875,0.0
10,10,0.0,0.0,0.0,0.0,0.0,0.0,0.0,0.0,0.0,0.03125,0.96875,0.0
10,10,0.0,0.0,0.0,0.0,0.0,0.0,0.0,0.0,0.0,0.03125,0.96875,0.0
10,10,0.0,0.0,0.0,0.0,0.0,0.0,0.0,0.0,0.0,0.03125,0.96875,0.0
10,10,0.0,0.0,0.0,0.0,0.0,0.0,0.0,0.0,0.0,0.03125,0.96875,0.0
10,10,0.0,0.0,0.0,0.0,0.0,0.0,0.0,0.0,0.0,0.03125,0.96875,0.0
10,10,0.0,0.0,0.0,0.0,0.0,0.0,0.0,0.0,0.0,0.03125,0.96875,0.0
10,10,0.0,0.0,0.0,0.0,0.0,0.0,0.0,0.0,0.0,0.03125,0.96875,0.0
10,10,0.0,0.0,0.0,0.0,0.0,0.0,0.0,0.0,0.0,0.03125,0.96875,0.0
10,10,0.0,0.0,0.0,0.0,0.0,0.0,0.0,0.0,0.0,0.03125,0.96875,0.0
10,10,0.0,0.0,0.0,0.0,0.0,0.0,0.0,0.0,0.0,0.03125,0.96875,0.0
10,10,0.0,0.0,0.0,0.0,0.0,0.0,0.0,0.0,0.0,0.03125,0.96875,0.0
10,10,0.0,0.0,0.0,0.0,0.0,0.0,0.0,0.0,0.0,0.03125,0.96875,0.0
10,10,0.0,0.0,0.0,0.0,0.0,0.0,0.0,0.0,0.0,0.03125,0.96875,0.0
10,10,0.0,0.0,0.0,0.0,0.0,0.0,0.0,0.0,0.0,0.03125,0.96875,0.0
10,10,0.0,0.0,0.0,0.0,0.0,0.0,0.0,0.0,0.0,0.03125,0.96875,0.0
10,10,0.0,0.0,0.0,0.0,0.0,0.0,0.0,0.0,0.0,0.03125,0.96875,0.0
10,10,0.0,0.0,0.0,0.0,0.0,0.0,0.0,0.0,0.0,0.03125,0.96875,0.0
10,10,0.0,0.0,0.0,0.0,0.0,0.0,0.0,0.0,0.0,0.03125,0.96875,0.0
10,10,0.0,0.0,0.0,0.0,0.0,0.0,0.0,0.0,0.0,0.03125,0.96875,0.0
10,10,0.0,0.0,0.0,0.0,0.0,0.0,0.0,0.0,0.0,0.03125,0.96875,0.0
10,10,0.0,0.0,0.0,0.0,0.0,0.0,0.0,0.0,0.0,0.03125,0.96875,0.0
10,10,0.0,0.0,0.0,0.0,0.0,0.0,0.0,0.0,0.0,0.03125,0.96875,0.0
10,10,0.0,0.0,0.0,0.0,0.0,0.0,0.0,0.0,0.0,0.03125,0.96875,0.0
10,10,0.0,0.0,0.0,0.0,0.0,0.0,0.0,0.0,0.0,0.03125,0.96875,0.0
10,10,0.0,0.0,0.0,0.0,0.0,0.0,0.0,0.0,0.0,0.03125,0.96875,0.0
10,10,0.0,0.0,0.0,0.0,0.0,0.0,0.0,0.0,0.0,0.03125,0.96875,0.0
10,10,0.0,0.0,0.0,0.0,0.0,0.0,0.0,0.0,0.0,0.03125,0.96875,0.0
10,10,0.0,0.0,0.0,0.0,0.0,0.0,0.0,0.0,0.0,0.03125,0.96875,0.0
10,10,0.0,0.0,0.0,0.0,0.0,0.0,0.0,0.0,0.0,0.03125,0.96875,0.0
10,10,0.0,0.0,0.0,0.0,0.0,0.0,0.0,0.0,0.0,0.03125,0.96875,0.0
10,10,0.0,0.0,0.0,0.0,0.0,0.0,0.0,0.0,0.0,0.03125,0.96875,0.0
10,10,0.0,0.0,0.0,0.0,0.0,0.0,0.0,0.0,0.0,0.03125,0.96875,0.0
10,10,0.0,0.0,0.0,0.0,0.0,0.0,0.0,0.0,0.0,0.03125,0.96875,0.0
10,10,0.0,0.0,0.0,0.0,0.0,0.0,0.0,0.0,0.0,0.03125,0.96875,0.0
10,10,0.0,0.0,0.0,0.0,0.0,0.0,0.0,0.0,0.0,0.03125,0.96875,0.0
10,10,0.0,0.0,0.0,0.0,0.0,0.0,0.0,0.0,0.0,0.03125,0.96875,0.0
10,10,0.0,0.0,0.0,0.0,0.0,0.0,0.0,0.0,0.0,0.03125,0.96875,0.0
10,10,0.0,0.0,0.0,0.0,0.0,0.0,0.0,0.0,0.0,0.03125,0.96875,0.0
10,10,0.0,0.0,0.0,0.0,0.0,0.0,0.0,0.0,0.0,0.03125,0.96875,0.0
10,10,0.0,0.0,0.0,0.0,0.0,0.0,0.0,0.0,0.0,0.03125,0.96875,0.0
10,10,0.0,0.0,0.0,0.0,0.0,0.0,0.0,0.0,0.0,0.03125,0.96875,0.0
10,10,0.0,0.0,0.0,0.0,0.0,0.0,0.0,0.0,0.0,0.03125,0.96875,0.0
10,10,0.0,0.0,0.0,0.0,0.0,0.0,0.0,0.0,0.0,0.03125,0.96875,0.0
10,10,0.0,0.0,0.0,0.0,0.0,0.0,0.0,0.0,0.0,0.03125,0.96875,0.0
10,10,0.0,0.0,0.0,0.0,0.0,0.0,0.0,0.0,0.0,0.03125,0.96875,0.0
10,10,0.0,0.0,0.0,0.0,0.0,0.0,0.0,0.0,0.0,0.03125,0.96875,0.0
10,10,0.0,0.0,0.0,0.0,0.0,0.0,0.0,0.0,0.0,0.03125,0.96875,0.0
10,10,0.0,0.0,0.0,0.0,0.0,0.0,0.0,0.0,0.0,0.03125,0.96875,0.0
10,10,0.0,0.0,0.0,0.0,0.0,0.0,0.0,0.0,0.0,0.03125,0.96875,0.0
10,10,0.0,0.0,0.0,0.0,0.0,0.0,0.0,0.0,0.0,0.03125,0.96875,0.0
10,10,0.0,0.0,0.0,0.0,0.0,0.0,0.0,0.0,0.0,0.03125,0.96875,0.0
10,10,0.0,0.0,0.0,0.0,0.0,0.0,0.0,0.0,0.0,0.03125,0.96875,0.0
10,10,0.0,0.0,0.0,0.0,0.0,0.0,0.0,0.0,0.0,0.03125,0.96875,0.0
10,10,0.0,0.0,0.0,0.0,0.0,0.0,0.0,0.0,0.0,0.03125,0.96875,0.0
10,10,0.0,0.0,0.0,0.0,0.0,0.0,0.0,0.0,0.0,0.03125,0.96875,0.0
10,10,0.0,0.0,0.0,0.0,0.0,0.0,0.0,0.0,0.0,0.03125,0.96875,0.0
10,10,0.0,0.0,0.0,0.0,0.0,0.0,0.0,0.0,0.0,0.03125,0.96875,0.0
10,10,0.0,0.0,0.0,0.0,0.0,0.0,0.0,0.0,0.0,0.03125,0.96875,0.0
10,10,0.0,0.0,0.0,0.0,0.0,0.0,0.0,0.0,0.0,0.03125,0.96875,0.0
10,10,0.0,0.0,0.0,0.0,0.0,0.0,0.0,0.0,0.0,0.03125,0.96875,0.0
10,10,0.0,0.0,0.0,0.0,0.0,0.0,0.0,0.0,0.0,0.03125,0.96875,0.0
10,10,0.0,0.0,0.0,0.0,0.0,0.0,0.0,0.0,0.0,0.03125,0.96875,0.0
10,10,0.0,0.0,0.0,0.0,0.0,0.0,0.0,0.0,0.0,0.03125,0.96875,0.0
10,10,0.0,0.0,0.0,0.0,0.0,0.0,0.0,0.0,0.0,0.03125,0.96875,0.0
10,10,0.0,0.0,0.0,0.0,0.0,0.0,0.0,0.0,0.0,0.03125,0.96875,0.0
10,10,0.0,0.0,0.0,0.0,0.0,0.0,0.0,0.0,0.0,0.03125,0.96875,0.0
10,10,0.0,0.0,0.0,0.0,0.0,0.0,0.0,0.0,0.0,0.03125,0.96875,0.0
10,10,0.0,0.0,0.0,0.0,0.0,0.0,0.0,0.0,0.0,0.03125,0.96875,0.0
10,10,0.0,0.0,0.0,0.0,0.0,0.0,0.0,0.0,0.0,0.03125,0.96875,0.0
10,10,0.0,0.0,0.0,0.0,0.0,0.0,0.0,0.0,0.0,0.03125,0.96875,0.0
10,10,0.0,0.0,0.0,0.0,0.0,0.0,0.0,0.0,0.0,0.03125,0.96875,0.0
10,10,0.0,0.0,0.0,0.0,0.0,0.0,0.0,0.0,0.0,0.03125,0.96875,0.0
10,10,0.0,0.0,0.0,0.0,0.0,0.0,0.0,0.0,0.0,0.03125,0.96875,0.0
10,10,0.0,0.0,0.0,0.0,0.0,0.0,0.0,0.0,0.0,0.03125,0.96875,0.0
10,10,0.0,0.0,0.0,0.0,0.0,0.0,0.0,0.0,0.0,0.03125,0.96875,0.0
10,10,0.0,0.0,0.0,0.0,0.0,0.0,0.0,0.0,0.0,0.03125,0.96875,0.0
10,10,0.0,0.0,0.0,0.0,0.0,0.0,0.0,0.0,0.0,0.03125,0.96875,0.0
10,10,0.0,0.0,0.0,0.0,0.0,0.0,0.0,0.0,0.0,0.03125,0.96875,0.0
10,10,0.0,0.0,0.0,0.0,0.0,0.0,0.0,0.0,0.0,0.03125,0.96875,0.0
10,10,0.0,0.0,0.0,0.0,0.0,0.0,0.0,0.0,0.0,0.03125,0.96875,0.0
10,10,0.0,0.0,0.0,0.0,0.0,0.0,0.0,0.0,0.0,0.03125,0.96875,0.0
10,10,0.0,0.0,0.0,0.0,0.0,0.0,0.0,0.0,0.0,0.03125,0.96875,0.0
10,10,0.0,0.0,0.0,0.0,0.0,0.0,0.0,0.0,0.0,0.03125,0.96875,0.0
10,10,0.0,0.0,0.0,0.0,0.0,0.0,0.0,0.0,0.0,0.03125,0.96875,0.0
10,10,0.0,0.0,0.0,0.0,0.0,0.0,0.0,0.0,0.0,0.03125,0.96875,0.0
10,10,0.0,0.0,0.0,0.0,0.0,0.0,0.0,0.0,0.0,0.03125,0.96875,0.0
10,10,0.0,0.0,0.0,0.0,0.0,0.0,0.0,0.0,0.0,0.03125,0.96875,0.0
10,10,0.0,0.0,0.0,0.0,0.0,0.0,0.0,0.0,0.0,0.03125,0.96875,0.0
10,10,0.0,0.0,0.0,0.0,0.0,0.0,0.0,0.0,0.0,0.03125,0.96875,0.0
10,10,0.0,0.0,0.0,0.0,0.0,0.0,0.0,0.0,0.0,0.03125,0.96875,0.0
10,10,0.0,0.0,0.0,0.0,0.0,0.0,0.0,0.0,0.0,0.03125,0.96875,0.0
10,10,0.0,0.0,0.0,0.0,0.0,0.0,0.0,0.0,0.0,0.03125,0.96875,0.0
10,10,0.0,0.0,0.0,0.0,0.0,0.0,0.0,0.0,0.0,0.03125,0.96875,0.0
10,10,0.0,0.0,0.0,0.0,0.0,0.0,0.0,0.0,0.0,0.03125,0.96875,0.0
10,10,0.0,0.0,0.0,0.0,0.0,0.0,0.0,0.0,0.0,0.03125,0.96875,0.0
10,10,0.0,0.0,0.0,0.0,0.0,0.0,0.0,0.0,0.0,0.03125,0.96875,0.0
10,10,0.0,0.0,0.0,0.0,0.0,0.0,0.0,0.0,0.0,0.03125,0.96875,0.0
10,10,0.0,0.0,0.0,0.0,0.0,0.0,0.0,0.0,0.0,0.03125,0.96875,0.0
10,10,0.0,0.0,0.0,0.0,0.0,0.0,0.0,0.0,0.0,0.03125,0.96875,0.0
10,10,0.0,0.0,0.0,0.0,0.0,0.0,0.0,0.0,0.0,0.03125,0.96875,0.0
10,10,0.0,0.0,0.0,0.0,0.0,0.0,0.0,0.0,0.0,0.03125,0.96875,0.0
10,10,0.0,0.0,0.0,0.0,0.0,0.0,0.0,0.0,0.0,0.03125,0.96875,0.0
10,10,0.0,0.0,0.0,0.0,0.0,0.0,0.0,0.0,0.0,0.03125,0.96875,0.0
10,10,0.0,0.0,0.0,0.0,0.0,0.0,0.0,0.0,0.0,0.03125,0.96875,0.0
10,10,0.0,0.0,0.0,0.0,0.0,0.0,0.0,0.0,0.0,0.03125,0.96875,0.0
10,10,0.0,0.0,0.0,0.0,0.0,0.0,0.0,0.0,0.0,0.03125,0.96875,0.0
10,10,0.0,0.0,0.0,0.0,0.0,0.0,0.0,0.0,0.0,0.03125,0.96875,0.0
10,10,0.0,0.0,0.0,0.0,0.0,0.0,0.0,0.0,0.0,0.03125,0.96875,0.0
10,10,0.0,0.0,0.0,0.0,0.0,0.0,0.0,0.0,0.0,0.03125,0.96875,0.0
10,10,0.0,0.0,0.0,0.0,0.0,0.0,0.0,0.0,0.0,0.03125,0.96875,0.0
10,10,0.0,0.0,0.0,0.0,0.0,0.0,0.0,0.0,0.0,0.03125,0.96875,0.0
10,10,0.0,0.0,0.0,0.0,0.0,0.0,0.0,0.0,0.0,0.03125,0.96875,0.0
10,10,0.0,0.0,0.0,0.0,0.0,0.0,0.0,0.0,0.0,0.03125,0.96875,0.0
10,10,0.0,0.0,0.0,0.0,0.0,0.0,0.0,0.0,0.0,0.03125,0.96875,0.0
10,10,0.0,0.0,0.0,0.0,0.0,0.0,0.0,0.0,0.0,0.03125,0.96875,0.0
10,10,0.0,0.0,0.0,0.0,0.0,0.0,0.0,0.0,0.0,0.03125,0.96875,0.0
10,10,0.0,0.0,0.0,0.0,0.0,0.0,0.0,0.0,0.0,0.03125,0.96875,0.0
10,10,0.0,0.0,0.0,0.0,0.0,0.0,0.0,0.0,0.0,0.03125,0.96875,0.0
10,10,0.0,0.0,0.0,0.0,0.0,0.0,0.0,0.0,0.0,0.03125,0.96875,0.0
10,10,0.0,0.0,0.0,0.0,0.0,0.0,0.0,0.0,0.0,0.03125,0.96875,0.0
10,10,0.0,0.0,0.0,0.0,0.0,0.0,0.0,0.0,0.0,0.03125,0.96875,0.0
10,10,0.0,0.0,0.0,0.0,0.0,0.0,0.0,0.0,0.0,0.03125,0.96875,0.0
10,10,0.0,0.0,0.0,0.0,0.0,0.0,0.0,0.0,0.0,0.03125,0.96875,0.0
10,10,0.0,0.0,0.0,0.0,0.0,0.0,0.0,0.0,0.0,0.03125,0.96875,0.0
10,10,0.0,0.0,0.0,0.0,0.0,0.0,0.0,0.0,0.0,0.03125,0.96875,0.0
10,10,0.0,0.0,0.0,0.0,0.0,0.0,0.0,0.0,0.0,0.03125,0.96875,0.0
10,10,0.0,0.0,0.0,0.0,0.0,0.0,0.0,0.0,0.0,0.03125,0.96875,0.0
10,10,0.0,0.0,0.0,0.0,0.0,0.0,0.0,0.0,0.0,0.03125,0.96875,0.0
10,10,0.0,0.0,0.0,0.0,0.0,0.0,0.0,0.0,0.0,0.03125,0.96875,0.0
10,10,0.0,0.0,0.0,0.0,0.0,0.0,0.0,0.0,0.0,0.03125,0.96875,0.0
10,10,0.0,0.0,0.0,0.0,0.0,0.0,0.0,0.0,0.0,0.03125,0.96875,0.0
10,10,0.0,0.0,0.0,0.0,0.0,0.0,0.0,0.0,0.0,0.03125,0.96875,0.0
10,10,0.0,0.0,0.0,0.0,0.0,0.0,0.0,0.0,0.0,0.03125,0.96875,0.0
10,10,0.0,0.0,0.0,0.0,0.0,0.0,0.0,0.0,0.0,0.03125,0.96875,0.0
10,10,0.0,0.0,0.0,0.0,0.0,0.0,0.0,0.0,0.0,0.03125,0.96875,0.0
10,10,0.0,0.0,0.0,0.0,0.0,0.0,0.0,0.0,0.0,0.03125,0.96875,0.0
10,10,0.0,0.0,0.0,0.0,0.0,0.0,0.0,0.0,0.0,0.03125,0.96875,0.0
10,10,0.0,0.0,0.0,0.0,0.0,0.0,0.0,0.0,0.0,0.03125,0.96875,0.0
10,10,0.0,0.0,0.0,0.0,0.0,0.0,0.0,0.0,0.0,0.03125,0.96875,0.0
10,10,0.0,0.0,0.0,0.0,0.0,0.0,0.0,0.0,0.0,0.03125,0.96875,0.0
10,10,0.0,0.0,0.0,0.0,0.0,0.0,0.0,0.0,0.0,0.03125,0.96875,0.0
10,10,0.0,0.0,0.0,0.0,0.0,0.0,0.0,0.0,0.0,0.03125,0.96875,0.0
10,10,0.0,0.0,0.0,0.0,0.0,0.0,0.0,0.0,0.0,0.03125,0.96875,0.0
10,10,0.0,0.0,0.0,0.0,0.0,0.0,0.0,0.0,0.0,0.03125,0.96875,0.0
10,10,0.0,0.0,0.0,0.0,0.0,0.0,0.0,0.0,0.0,0.03125,0.96875,0.0
10,10,0.0,0.0,0.0,0.0,0.0,0.0,0.0,0.0,0.0,0.03125,0.96875,0.0
10,10,0.0,0.0,0.0,0.0,0.0,0.0,0.0,0.0,0.0,0.03125,0.96875,0.0
10,10,0.0,0.0,0.0,0.0,0.0,0.0,0.0,0.0,0.0,0.03125,0.96875,0.0
10,10,0.0,0.0,0.0,0.0,0.0,0.0,0.0,0.0,0.0,0.03125,0.96875,0.0
10,10,0.0,0.0,0.0,0.0,0.0,0.0,0.0,0.0,0.0,0.03125,0.96875,0.0
10,10,0.0,0.0,0.0,0.0,0.0,0.0,0.0,0.0,0.0,0.03125,0.96875,0.0
10,10,0.0,0.0,0.0,0.0,0.0,0.0,0.0,0.0,0.0,0.03125,0.96875,0.0
10,10,0.0,0.0,0.0,0.0,0.0,0.0,0.0,0.0,0.0,0.03125,0.96875,0.0
10,10,0.0,0.0,0.0,0.0,0.0,0.0,0.0,0.0,0.0,0.03125,0.96875,0.0
10,10,0.0,0.0,0.0,0.0,0.0,0.0,0.0,0.0,0.0,0.03125,0.96875,0.0
10,10,0.0,0.0,0.0,0.0,0.0,0.0,0.0,0.0,0.0,0.03125,0.96875,0.0
10,10,0.0,0.0,0.0,0.0,0.0,0.0,0.0,0.0,0.0,0.03125,0.96875,0.0
10,10,0.0,0.0,0.0,0.0,0.0,0.0,0.0,0.0,0.0,0.03125,0.96875,0.0
10,10,0.0,0.0,0.0,0.0,0.0,0.0,0.0,0.0,0.0,0.03125,0.96875,0.0
10,10,0.0,0.0,0.0,0.0,0.0,0.0,0.0,0.0,0.0,0.03125,0.96875,0.0
10,10,0.0,0.0,0.0,0.0,0.0,0.0,0.0,0.0,0.0,0.03125,0.96875,0.0
10,10,0.0,0.0,0.0,0.0,0.0,0.0,0.0,0.0,0.0,0.03125,0.96875,0.0
10,10,0.0,0.0,0.0,0.0,0.0,0.0,0.0,0.0,0.0,0.03125,0.96875,0.0
10,10,0.0,0.0,0.0,0.0,0.0,0.0,0.0,0.0,0.0,0.03125,0.96875,0.0
10,10,0.0,0.0,0.0,0.0,0.0,0.0,0.0,0.0,0.0,0.03125,0.96875,0.0
10,10,0.0,0.0,0.0,0.0,0.0,0.0,0.0,0.0,0.0,0.03125,0.96875,0.0
10,10,0.0,0.0,0.0,0.0,0.0,0.0,0.0,0.0,0.0,0.03125,0.96875,0.0
10,10,0.0,0.0,0.0,0.0,0.0,0.0,0.0,0.0,0.0,0.03125,0.96875,0.0
10,10,0.0,0.0,0.0,0.0,0.0,0.0,0.0,0.0,0.0,0.03125,0.96875,0.0
10,10,0.0,0.0,0.0,0.0,0.0,0.0,0.0,0.0,0.0,0.03125,0.96875,0.0
10,10,0.0,0.0,0.0,0.0,0.0,0.0,0.0,0.0,0.0,0.03125,0.96875,0.0
10,10,0.0,0.0,0.0,0.0,0.0,0.0,0.0,0.0,0.0,0.03125,0.96875,0.0
10,10,0.0,0.0,0.0,0.0,0.0,0.0,0.0,0.0,0.0,0.03125,0.96875,0.0
10,10,0.0,0.0,0.0,0.0,0.0,0.0,0.0,0.0,0.0,0.03125,0.96875,0.0
10,10,0.0,0.0,0.0,0.0,0.0,0.0,0.0,0.0,0.0,0.03125,0.96875,0.0
10,10,0.0,0.0,0.0,0.0,0.0,0.0,0.0,0.0,0.0,0.03125,0.96875,0.0
10,10,0.0,0.0,0.0,0.0,0.0,0.0,0.0,0.0,0.0,0.03125,0.96875,0.0
10,10,0.0,0.0,0.0,0.0,0.0,0.0,0.0,0.0,0.0,0.03125,0.96875,0.0
10,10,0.0,0.0,0.0,0.0,0.0,0.0,0.0,0.0,0.0,0.03125,0.96875,0.0
10,10,0.0,0.0,0.0,0.0,0.0,0.0,0.0,0.0,0.0,0.03125,0.96875,0.0
10,10,0.0,0.0,0.0,0.0,0.0,0.0,0.0,0.0,0.0,0.03125,0.96875,0.0
10,10,0.0,0.0,0.0,0.0,0.0,0.0,0.0,0.0,0.0,0.03125,0.96875,0.0
10,10,0.0,0.0,0.0,0.0,0.0,0.0,0.0,0.0,0.0,0.03125,0.96875,0.0
10,10,0.0,0.0,0.0,0.0,0.0,0.0,0.0,0.0,0.0,0.03125,0.96875,0.0
10,10,0.0,0.0,0.0,0.0,0.0,0.0,0.0,0.0,0.0,0.03125,0.96875,0.0
10,10,0.0,0.0,0.0,0.0,0.0,0.0,0.0,0.0,0.0,0.03125,0.96875,0.0
10,10,0.0,0.0,0.0,0.0,0.0,0.0,0.0,0.0,0.0,0.03125,0.96875,0.0
10,10,0.0,0.0,0.0,0.0,0.0,0.0,0.0,0.0,0.0,0.03125,0.96875,0.0
10,10,0.0,0.0,0.0,0.0,0.0,0.0,0.0,0.0,0.0,0.03125,0.96875,0.0
10,10,0.0,0.0,0.0,0.0,0.0,0.0,0.0,0.0,0.0,0.03125,0.96875,0.0
10,10,0.0,0.0,0.0,0.0,0.0,0.0,0.0,0.0,0.0,0.03125,0.96875,0.0
10,10,0.0,0.0,0.0,0.0,0.0,0.0,0.0,0.0,0.0,0.03125,0.96875,0.0
10,10,0.0,0.0,0.0,0.0,0.0,0.0,0.0,0.0,0.0,0.03125,0.96875,0.0
10,10,0.0,0.0,0.0,0.0,0.0,0.0,0.0,0.0,0.0,0.03125,0.96875,0.0
10,10,0.0,0.0,0.0,0.0,0.0,0.0,0.0,0.0,0.0,0.03125,0.96875,0.0
10,10,0.0,0.0,0.0,0.0,0.0,0.0,0.0,0.0,0.0,0.03125,0.96875,0.0
10,10,0.0,0.0,0.0,0.0,0.0,0.0,0.0,0.0,0.0,0.03125,0.96875,0.0
10,10,0.0,0.0,0.0,0.0,0.0,0.0,0.0,0.0,0.0,0.03125,0.96875,0.0
10,10,0.0,0.0,0.0,0.0,0.0,0.0,0.0,0.0,0.0,0.03125,0.96875,0.0
10,10,0.0,0.0,0.0,0.0,0.0,0.0,0.0,0.0,0.0,0.03125,0.96875,0.0
10,10,0.0,0.0,0.0,0.0,0.0,0.0,0.0,0.0,0.0,0.03125,0.96875,0.0
10,10,0.0,0.0,0.0,0.0,0.0,0.0,0.0,0.0,0.0,0.03125,0.96875,0.0
10,10,0.0,0.0,0.0,0.0,0.0,0.0,0.0,0.0,0.0,0.03125,0.96875,0.0
10,10,0.0,0.0,0.0,0.0,0.0,0.0,0.0,0.0,0.0,0.03125,0.96875,0.0
10,10,0.0,0.0,0.0,0.0,0.0,0.0,0.0,0.0,0.0,0.03125,0.96875,0.0
10,10,0.0,0.0,0.0,0.0,0.0,0.0,0.0,0.0,0.0,0.03125,0.96875,0.0
10,10,0.0,0.0,0.0,0.0,0.0,0.0,0.0,0.0,0.0,0.03125,0.96875,0.0
10,10,0.0,0.0,0.0,0.0,0.0,0.0,0.0,0.0,0.0,0.03125,0.96875,0.0
10,10,0.0,0.0,0.0,0.0,0.0,0.0,0.0,0.0,0.0,0.03125,0.96875,0.0
10,10,0.0,0.0,0.0,0.0,0.0,0.0,0.0,0.0,0.0,0.03125,0.96875,0.0
10,10,0.0,0.0,0.0,0.0,0.0,0.0,0.0,0.0,0.0,0.03125,0.96875,0.0
10,10,0.0,0.0,0.0,0.0,0.0,0.0,0.0,0.0,0.0,0.03125,0.96875,0.0
10,10,0.0,0.0,0.0,0.0,0.0,0.0,0.0,0.0,0.0,0.03125,0.96875,0.0
10,10,0.0,0.0,0.0,0.0,0.0,0.0,0.0,0.0,0.0,0.03125,0.96875,0.0
10,10,0.0,0.0,0.0,0.0,0.0,0.0,0.0,0.0,0.0,0.03125,0.96875,0.0
10,10,0.0,0.0,0.0,0.0,0.0,0.0,0.0,0.0,0.0,0.03125,0.96875,0.0
10,10,0.0,0.0,0.0,0.0,0.0,0.0,0.0,0.0,0.0,0.03125,0.96875,0.0
10,10,0.0,0.0,0.0,0.0,0.0,0.0,0.0,0.0,0.0,0.03125,0.96875,0.0
10,10,0.0,0.0,0.0,0.0,0.0,0.0,0.0,0.0,0.0,0.03125,0.96875,0.0
10,10,0.0,0.0,0.0,0.0,0.0,0.0,0.0,0.0,0.0,0.03125,0.96875,0.0
10,10,0.0,0.0,0.0,0.0,0.0,0.0,0.0,0.0,0.0,0.03125,0.96875,0.0
10,10,0.0,0.0,0.0,0.0,0.0,0.0,0.0,0.0,0.0,0.03125,0.96875,0.0
10,10,0.0,0.0,0.0,0.0,0.0,0.0,0.0,0.0,0.0,0.03125,0.96875,0.0
10,10,0.0,0.0,0.0,0.0,0.0,0.0,0.0,0.0,0.0,0.03125,0.96875,0.0
10,10,0.0,0.0,0.0,0.0,0.0,0.0,0.0,0.0,0.0,0.03125,0.96875,0.0
10,10,0.0,0.0,0.0,0.0,0.0,0.0,0.0,0.0,0.0,0.03125,0.96875,0.0
10,10,0.0,0.0,0.0,0.0,0.0,0.0,0.0,0.0,0.0,0.03125,0.96875,0.0
10,10,0.0,0.0,0.0,0.0,0.0,0.0,0.0,0.0,0.0,0.03125,0.96875,0.0
10,10,0.0,0.0,0.0,0.0,0.0,0.0,0.0,0.0,0.0,0.03125,0.96875,0.0
10,10,0.0,0.0,0.0,0.0,0.0,0.0,0.0,0.0,0.0,0.03125,0.96875,0.0
10,10,0.0,0.0,0.0,0.0,0.0,0.0,0.0,0.0,0.0,0.03125,0.96875,0.0
10,10,0.0,0.0,0.0,0.0,0.0,0.0,0.0,0.0,0.0,0.03125,0.96875,0.0
10,10,0.0,0.0,0.0,0.0,0.0,0.0,0.0,0.0,0.0,0.03125,0.96875,0.0
10,10,0.0,0.0,0.0,0.0,0.0,0.0,0.0,0.0,0.0,0.03125,0.96875,0.0
10,10,0.0,0.0,0.0,0.0,0.0,0.0,0.0,0.0,0.0,0.03125,0.96875,0.0
10,10,0.0,0.0,0.0,0.0,0.0,0.0,0.0,0.0,0.0,0.03125,0.96875,0.0
10,10,0.0,0.0,0.0,0.0,0.0,0.0,0.0,0.0,0.0,0.03125,0.96875,0.0
10,10,0.0,0.0,0.0,0.0,0.0,0.0,0.0,0.0,0.0,0.03125,0.96875,0.0
10,10,0.0,0.0,0.0,0.0,0.0,0.0,0.0,0.0,0.0,0.03125,0.96875,0.0
10,10,0.0,0.0,0.0,0.0,0.0,0.0,0.0,0.0,0.0,0.03125,0.96875,0.0
10,10,0.0,0.0,0.0,0.0,0.0,0.0,0.0,0.0,0.0,0.03125,0.96875,0.0
10,10,0.0,0.0,0.0,0.0,0.0,0.0,0.0,0.0,0.0,0.03125,0.96875,0.0
10,10,0.0,0.0,0.0,0.0,0.0,0.0,0.0,0.0,0.0,0.03125,0.96875,0.0
10,10,0.0,0.0,0.0,0.0,0.0,0.0,0.0,0.0,0.0,0.03125,0.96875,0.0
10,10,0.0,0.0,0.0,0.0,0.0,0.0,0.0,0.0,0.0,0.03125,0.96875,0.0
10,10,0.0,0.0,0.0,0.0,0.0,0.0,0.0,0.0,0.0,0.03125,0.96875,0.0
10,10,0.0,0.0,0.0,0.0,0.0,0.0,0.0,0.0,0.0,0.03125,0.96875,0.0
10,10,0.0,0.0,0.0,0.0,0.0,0.0,0.0,0.0,0.0,0.03125,0.96875,0.0
10,10,0.0,0.0,0.0,0.0,0.0,0.0,0.0,0.0,0.0,0.03125,0.96875,0.0
10,10,0.0,0.0,0.0,0.0,0.0,0.0,0.0,0.0,0.0,0.03125,0.96875,0.0
10,10,0.0,0.0,0.0,0.0,0.0,0.0,0.0,0.0,0.0,0.03125,0.96875,0.0
10,10,0.0,0.0,0.0,0.0,0.0,0.0,0.0,0.0,0.0,0.03125,0.96875,0.0
10,10,0.0,0.0,0.0,0.0,0.0,0.0,0.0,0.0,0.0,0.03125,0.96875,0.0
10,10,0.0,0.0,0.0,0.0,0.0,0.0,0.0,0.0,0.0,0.03125,0.96875,0.0
10,10,0.0,0.0,0.0,0.0,0.0,0.0,0.0,0.0,0.0,0.03125,0.96875,0.0
10,10,0.0,0.0,0.0,0.0,0.0,0.0,0.0,0.0,0.0,0.03125,0.96875,0.0
10,10,0.0,0.0,0.0,0.0,0.0,0.0,0.0,0.0,0.0,0.03125,0.96875,0.0
10,10,0.0,0.0,0.0,0.0,0.0,0.0,0.0,0.0,0.0,0.03125,0.96875,0.0
10,10,0.0,0.0,0.0,0.0,0.0,0.0,0.0,0.0,0.0,0.03125,0.96875,0.0
10,10,0.0,0.0,0.0,0.0,0.0,0.0,0.0,0.0,0.0,0.03125,0.96875,0.0
10,10,0.0,0.0,0.0,0.0,0.0,0.0,0.0,0.0,0.0,0.03125,0.96875,0.0
10,10,0.0,0.0,0.0,0.0,0.0,0.0,0.0,0.0,0.0,0.03125,0.96875,0.0
10,10,0.0,0.0,0.0,0.0,0.0,0.0,0.0,0.0,0.0,0.03125,0.96875,0.0
10,10,0.0,0.0,0.0,0.0,0.0,0.0,0.0,0.0,0.0,0.03125,0.96875,0.0
10,10,0.0,0.0,0.0,0.0,0.0,0.0,0.0,0.0,0.0,0.03125,0.96875,0.0
10,10,0.0,0.0,0.0,0.0,0.0,0.0,0.0,0.0,0.0,0.03125,0.96875,0.0
10,10,0.0,0.0,0.0,0.0,0.0,0.0,0.0,0.0,0.0,0.03125,0.96875,0.0
10,10,0.0,0.0,0.0,0.0,0.0,0.0,0.0,0.0,0.0,0.03125,0.96875,0.0
10,10,0.0,0.0,0.0,0.0,0.0,0.0,0.0,0.0,0.0,0.03125,0.96875,0.0
10,10,0.0,0.0,0.0,0.0,0.0,0.0,0.0,0.0,0.0,0.03125,0.96875,0.0
10,10,0.0,0.0,0.0,0.0,0.0,0.0,0.0,0.0,0.0,0.03125,0.96875,0.0
10,10,0.0,0.0,0.0,0.0,0.0,0.0,0.0,0.0,0.0,0.03125,0.96875,0.0
10,10,0.0,0.0,0.0,0.0,0.0,0.0,0.0,0.0,0.0,0.03125,0.96875,0.0
10,10,0.0,0.0,0.0,0.0,0.0,0.0,0.0,0.0,0.0,0.03125,0.96875,0.0
10,10,0.0,0.0,0.0,0.0,0.0,0.0,0.0,0.0,0.0,0.03125,0.96875,0.0
10,10,0.0,0.0,0.0,0.0,0.0,0.0,0.0,0.0,0.0,0.03125,0.96875,0.0
10,10,0.0,0.0,0.0,0.0,0.0,0.0,0.0,0.0,0.0,0.03125,0.96875,0.0
10,10,0.0,0.0,0.0,0.0,0.0,0.0,0.0,0.0,0.0,0.03125,0.96875,0.0
10,10,0.0,0.0,0.0,0.0,0.0,0.0,0.0,0.0,0.0,0.03125,0.96875,0.0
10,10,0.0,0.0,0.0,0.0,0.0,0.0,0.0,0.0,0.0,0.03125,0.96875,0.0
10,10,0.0,0.0,0.0,0.0,0.0,0.0,0.0,0.0,0.0,0.03125,0.96875,0.0
10,10,0.0,0.0,0.0,0.0,0.0,0.0,0.0,0.0,0.0,0.03125,0.96875,0.0
10,10,0.0,0.0,0.0,0.0,0.0,0.0,0.0,0.0,0.0,0.03125,0.96875,0.0
10,10,0.0,0.0,0.0,0.0,0.0,0.0,0.0,0.0,0.0,0.03125,0.96875,0.0
10,10,0.0,0.0,0.0,0.0,0.0,0.0,0.0,0.0,0.0,0.03125,0.96875,0.0
10,10,0.0,0.0,0.0,0.0,0.0,0.0,0.0,0.0,0.0,0.03125,0.96875,0.0
10,10,0.0,0.0,0.0,0.0,0.0,0.0,0.0,0.0,0.0,0.03125,0.96875,0.0
10,10,0.0,0.0,0.0,0.0,0.0,0.0,0.0,0.0,0.0,0.03125,0.96875,0.0
10,10,0.0,0.0,0.0,0.0,0.0,0.0,0.0,0.0,0.0,0.03125,0.96875,0.0
10,10,0.0,0.0,0.0,0.0,0.0,0.0,0.0,0.0,0.0,0.03125,0.96875,0.0
10,10,0.0,0.0,0.0,0.0,0.0,0.0,0.0,0.0,0.0,0.03125,0.96875,0.0
10,10,0.0,0.0,0.0,0.0,0.0,0.0,0.0,0.0,0.0,0.03125,0.96875,0.0
10,10,0.0,0.0,0.0,0.0,0.0,0.0,0.0,0.0,0.0,0.03125,0.96875,0.0
10,10,0.0,0.0,0.0,0.0,0.0,0.0,0.0,0.0,0.0,0.03125,0.96875,0.0
10,10,0.0,0.0,0.0,0.0,0.0,0.0,0.0,0.0,0.0,0.03125,0.96875,0.0
10,10,0.0,0.0,0.0,0.0,0.0,0.0,0.0,0.0,0.0,0.03125,0.96875,0.0
10,10,0.0,0.0,0.0,0.0,0.0,0.0,0.0,0.0,0.0,0.03125,0.96875,0.0
10,10,0.0,0.0,0.0,0.0,0.0,0.0,0.0,0.0,0.0,0.03125,0.96875,0.0
10,10,0.0,0.0,0.0,0.0,0.0,0.0,0.0,0.0,0.0,0.03125,0.96875,0.0
10,10,0.0,0.0,0.0,0.0,0.0,0.0,0.0,0.0,0.0,0.03125,0.96875,0.0
10,10,0.0,0.0,0.0,0.0,0.0,0.0,0.0,0.0,0.0,0.03125,0.96875,0.0
10,10,0.0,0.0,0.0,0.0,0.0,0.0,0.0,0.0,0.0,0.03125,0.96875,0.0
10,10,0.0,0.0,0.0,0.0,0.0,0.0,0.0,0.0,0.0,0.03125,0.96875,0.0
10,10,0.0,0.0,0.0,0.0,0.0,0.0,0.0,0.0,0.0,0.03125,0.96875,0.0
10,10,0.0,0.0,0.0,0.0,0.0,0.0,0.0,0.0,0.0,0.03125,0.96875,0.0
10,10,0.0,0.0,0.0,0.0,0.0,0.0,0.0,0.0,0.0,0.03125,0.96875,0.0
10,10,0.0,0.0,0.0,0.0,0.0,0.0,0.0,0.0,0.0,0.03125,0.96875,0.0
10,10,0.0,0.0,0.0,0.0,0.0,0.0,0.0,0.0,0.0,0.03125,0.96875,0.0
10,10,0.0,0.0,0.0,0.0,0.0,0.0,0.0,0.0,0.0,0.03125,0.96875,0.0
10,10,0.0,0.0,0.0,0.0,0.0,0.0,0.0,0.0,0.0,0.03125,0.96875,0.0
10,10,0.0,0.0,0.0,0.0,0.0,0.0,0.0,0.0,0.0,0.03125,0.96875,0.0
10,10,0.0,0.0,0.0,0.0,0.0,0.0,0.0,0.0,0.0,0.03125,0.96875,0.0
10,10,0.0,0.0,0.0,0.0,0.0,0.0,0.0,0.0,0.0,0.03125,0.96875,0.0
10,10,0.0,0.0,0.0,0.0,0.0,0.0,0.0,0.0,0.0,0.03125,0.96875,0.0
10,10,0.0,0.0,0.0,0.0,0.0,0.0,0.0,0.0,0.0,0.03125,0.96875,0.0
10,10,0.0,0.0,0.0,0.0,0.0,0.0,0.0,0.0,0.0,0.03125,0.96875,0.0
10,10,0.0,0.0,0.0,0.0,0.0,0.0,0.0,0.0,0.0,0.03125,0.96875,0.0
10,10,0.0,0.0,0.0,0.0,0.0,0.0,0.0,0.0,0.0,0.03125,0.96875,0.0
10,10,0.0,0.0,0.0,0.0,0.0,0.0,0.0,0.0,0.0,0.03125,0.96875,0.0
10,10,0.0,0.0,0.0,0.0,0.0,0.0,0.0,0.0,0.0,0.03125,0.96875,0.0
10,10,0.0,0.0,0.0,0.0,0.0,0.0,0.0,0.0,0.0,0.03125,0.96875,0.0
10,10,0.0,0.0,0.0,0.0,0.0,0.0,0.0,0.0,0.0,0.03125,0.96875,0.0
10,10,0.0,0.0,0.0,0.0,0.0,0.0,0.0,0.0,0.0,0.03125,0.96875,0.0
10,10,0.0,0.0,0.0,0.0,0.0,0.0,0.0,0.0,0.0,0.03125,0.96875,0.0
10,10,0.0,0.0,0.0,0.0,0.0,0.0,0.0,0.0,0.0,0.03125,0.96875,0.0
10,10,0.0,0.0,0.0,0.0,0.0,0.0,0.0,0.0,0.0,0.03125,0.96875,0.0
10,10,0.0,0.0,0.0,0.0,0.0,0.0,0.0,0.0,0.0,0.03125,0.96875,0.0
10,10,0.0,0.0,0.0,0.0,0.0,0.0,0.0,0.0,0.0,0.03125,0.96875,0.0
10,10,0.0,0.0,0.0,0.0,0.0,0.0,0.0,0.0,0.0,0.03125,0.96875,0.0
10,10,0.0,0.0,0.0,0.0,0.0,0.0,0.0,0.0,0.0,0.03125,0.96875,0.0
10,10,0.0,0.0,0.0,0.0,0.0,0.0,0.0,0.0,0.0,0.03125,0.96875,0.0
10,10,0.0,0.0,0.0,0.0,0.0,0.0,0.0,0.0,0.0,0.03125,0.96875,0.0
10,10,0.0,0.0,0.0,0.0,0.0,0.0,0.0,0.0,0.0,0.03125,0.96875,0.0
10,10,0.0,0.0,0.0,0.0,0.0,0.0,0.0,0.0,0.0,0.03125,0.96875,0.0
10,10,0.0,0.0,0.0,0.0,0.0,0.0,0.0,0.0,0.0,0.03125,0.96875,0.0
10,10,0.0,0.0,0.0,0.0,0.0,0.0,0.0,0.0,0.0,0.03125,0.96875,0.0
10,10,0.0,0.0,0.0,0.0,0.0,0.0,0.0,0.0,0.0,0.03125,0.96875,0.0
10,10,0.0,0.0,0.0,0.0,0.0,0.0,0.0,0.0,0.0,0.03125,0.96875,0.0
10,10,0.0,0.0,0.0,0.0,0.0,0.0,0.0,0.0,0.0,0.03125,0.96875,0.0
10,10,0.0,0.0,0.0,0.0,0.0,0.0,0.0,0.0,0.0,0.03125,0.96875,0.0
10,10,0.0,0.0,0.0,0.0,0.0,0.0,0.0,0.0,0.0,0.03125,0.96875,0.0
10,10,0.0,0.0,0.0,0.0,0.0,0.0,0.0,0.0,0.0,0.03125,0.96875,0.0
10,10,0.0,0.0,0.0,0.0,0.0,0.0,0.0,0.0,0.0,0.03125,0.96875,0.0
10,10,0.0,0.0,0.0,0.0,0.0,0.0,0.0,0.0,0.0,0.03125,0.96875,0.0
10,10,0.0,0.0,0.0,0.0,0.0,0.0,0.0,0.0,0.0,0.03125,0.96875,0.0
10,10,0.0,0.0,0.0,0.0,0.0,0.0,0.0,0.0,0.0,0.03125,0.96875,0.0
10,10,0.0,0.0,0.0,0.0,0.0,0.0,0.0,0.0,0.0,0.03125,0.96875,0.0
10,10,0.0,0.0,0.0,0.0,0.0,0.0,0.0,0.0,0.0,0.03125,0.96875,0.0
10,10,0.0,0.0,0.0,0.0,0.0,0.0,0.0,0.0,0.0,0.03125,0.96875,0.0
10,10,0.0,0.0,0.0,0.0,0.0,0.0,0.0,0.0,0.0,0.03125,0.96875,0.0
10,10,0.0,0.0,0.0,0.0,0.0,0.0,0.0,0.0,0.0,0.03125,0.96875,0.0
10,10,0.0,0.0,0.0,0.0,0.0,0.0,0.0,0.0,0.0,0.03125,0.96875,0.0
10,10,0.0,0.0,0.0,0.0,0.0,0.0,0.0,0.0,0.0,0.03125,0.96875,0.0
10,10,0.0,0.0,0.0,0.0,0.0,0.0,0.0,0.0,0.0,0.03125,0.96875,0.0
10,10,0.0,0.0,0.0,0.0,0.0,0.0,0.0,0.0,0.0,0.03125,0.96875,0.0
10,10,0.0,0.0,0.0,0.0,0.0,0.0,0.0,0.0,0.0,0.03125,0.96875,0.0
10,10,0.0,0.0,0.0,0.0,0.0,0.0,0.0,0.0,0.0,0.03125,0.96875,0.0
10,10,0.0,0.0,0.0,0.0,0.0,0.0,0.0,0.0,0.0,0.03125,0.96875,0.0
10,10,0.0,0.0,0.0,0.0,0.0,0.0,0.0,0.0,0.0,0.03125,0.96875,0.0
10,10,0.0,0.0,0.0,0.0,0.0,0.0,0.0,0.0,0.0,0.03125,0.96875,0.0
10,10,0.0,0.0,0.0,0.0,0.0,0.0,0.0,0.0,0.0,0.03125,0.96875,0.0
10,10,0.0,0.0,0.0,0.0,0.0,0.0,0.0,0.0,0.0,0.03125,0.96875,0.0
10,10,0.0,0.0,0.0,0.0,0.0,0.0,0.0,0.0,0.0,0.03125,0.96875,0.0
10,10,0.0,0.0,0.0,0.0,0.0,0.0,0.0,0.0,0.0,0.03125,0.96875,0.0
10,10,0.0,0.0,0.0,0.0,0.0,0.0,0.0,0.0,0.0,0.03125,0.96875,0.0
10,10,0.0,0.0,0.0,0.0,0.0,0.0,0.0,0.0,0.0,0.03125,0.96875,0.0
10,10,0.0,0.0,0.0,0.0,0.0,0.0,0.0,0.0,0.0,0.03125,0.96875,0.0
10,10,0.0,0.0,0.0,0.0,0.0,0.0,0.0,0.0,0.0,0.03125,0.96875,0.0
10,10,0.0,0.0,0.0,0.0,0.0,0.0,0.0,0.0,0.0,0.03125,0.96875,0.0
10,10,0.0,0.0,0.0,0.0,0.0,0.0,0.0,0.0,0.0,0.03125,0.96875,0.0
10,10,0.0,0.0,0.0,0.0,0.0,0.0,0.0,0.0,0.0,0.03125,0.96875,0.0
10,10,0.0,0.0,0.0,0.0,0.0,0.0,0.0,0.0,0.0,0.03125,0.96875,0.0
10,10,0.0,0.0,0.0,0.0,0.0,0.0,0.0,0.0,0.0,0.03125,0.96875,0.0
10,10,0.0,0.0,0.0,0.0,0.0,0.0,0.0,0.0,0.0,0.03125,0.96875,0.0
10,10,0.0,0.0,0.0,0.0,0.0,0.0,0.0,0.0,0.0,0.03125,0.96875,0.0
10,10,0.0,0.0,0.0,0.0,0.0,0.0,0.0,0.0,0.0,0.03125,0.96875,0.0
10,10,0.0,0.0,0.0,0.0,0.0,0.0,0.0,0.0,0.0,0.03125,0.96875,0.0
10,10,0.0,0.0,0.0,0.0,0.0,0.0,0.0,0.0,0.0,0.03125,0.96875,0.0
10,10,0.0,0.0,0.0,0.0,0.0,0.0,0.0,0.0,0.0,0.03125,0.96875,0.0
10,10,0.0,0.0,0.0,0.0,0.0,0.0,0.0,0.0,0.0,0.03125,0.96875,0.0
10,10,0.0,0.0,0.0,0.0,0.0,0.0,0.0,0.0,0.0,0.03125,0.96875,0.0
10,10,0.0,0.0,0.0,0.0,0.0,0.0,0.0,0.0,0.0,0.03125,0.96875,0.0
10,10,0.0,0.0,0.0,0.0,0.0,0.0,0.0,0.0,0.0,0.03125,0.96875,0.0
10,10,0.0,0.0,0.0,0.0,0.0,0.0,0.0,0.0,0.0,0.03125,0.96875,0.0
10,10,0.0,0.0,0.0,0.0,0.0,0.0,0.0,0.0,0.0,0.03125,0.96875,0.0
10,10,0.0,0.0,0.0,0.0,0.0,0.0,0.0,0.0,0.0,0.03125,0.96875,0.0
10,10,0.0,0.0,0.0,0.0,0.0,0.0,0.0,0.0,0.0,0.03125,0.96875,0.0
10,10,0.0,0.0,0.0,0.0,0.0,0.0,0.0,0.0,0.0,0.03125,0.96875,0.0
10,10,0.0,0.0,0.0,0.0,0.0,0.0,0.0,0.0,0.0,0.03125,0.96875,0.0
10,10,0.0,0.0,0.0,0.0,0.0,0.0,0.0,0.0,0.0,0.03125,0.96875,0.0
10,10,0.0,0.0,0.0,0.0,0.0,0.0,0.0,0.0,0.0,0.03125,0.96875,0.0
10,10,0.0,0.0,0.0,0.0,0.0,0.0,0.0,0.0,0.0,0.03125,0.96875,0.0
10,10,0.0,0.0,0.0,0.0,0.0,0.0,0.0,0.0,0.0,0.03125,0.96875,0.0
10,10,0.0,0.0,0.0,0.0,0.0,0.0,0.0,0.0,0.0,0.03125,0.96875,0.0
10,10,0.0,0.0,0.0,0.0,0.0,0.0,0.0,0.0,0.0,0.03125,0.96875,0.0
10,10,0.0,0.0,0.0,0.0,0.0,0.0,0.0,0.0,0.0,0.03125,0.96875,0.0
10,10,0.0,0.0,0.0,0.0,0.0,0.0,0.0,0.0,0.0,0.03125,0.96875,0.0
10,10,0.0,0.0,0.0,0.0,0.0,0.0,0.0,0.0,0.0,0.03125,0.96875,0.0
10,10,0.0,0.0,0.0,0.0,0.0,0.0,0.0,0.0,0.0,0.03125,0.96875,0.0
10,10,0.0,0.0,0.0,0.0,0.0,0.0,0.0,0.0,0.0,0.03125,0.96875,0.0
10,10,0.0,0.0,0.0,0.0,0.0,0.0,0.0,0.0,0.0,0.03125,0.96875,0.0
10,10,0.0,0.0,0.0,0.0,0.0,0.0,0.0,0.0,0.0,0.03125,0.96875,0.0
10,10,0.0,0.0,0.0,0.0,0.0,0.0,0.0,0.0,0.0,0.03125,0.96875,0.0
10,10,0.0,0.0,0.0,0.0,0.0,0.0,0.0,0.0,0.0,0.03125,0.96875,0.0
10,10,0.0,0.0,0.0,0.0,0.0,0.0,0.0,0.0,0.0,0.03125,0.96875,0.0
10,10,0.0,0.0,0.0,0.0,0.0,0.0,0.0,0.0,0.0,0.03125,0.96875,0.0
10,10,0.0,0.0,0.0,0.0,0.0,0.0,0.0,0.0,0.0,0.03125,0.96875,0.0
10,10,0.0,0.0,0.0,0.0,0.0,0.0,0.0,0.0,0.0,0.03125,0.96875,0.0
10,10,0.0,0.0,0.0,0.0,0.0,0.0,0.0,0.0,0.0,0.03125,0.96875,0.0
10,10,0.0,0.0,0.0,0.0,0.0,0.0,0.0,0.0,0.0,0.03125,0.96875,0.0
10,10,0.0,0.0,0.0,0.0,0.0,0.0,0.0,0.0,0.0,0.03125,0.96875,0.0
10,10,0.0,0.0,0.0,0.0,0.0,0.0,0.0,0.0,0.0,0.03125,0.96875,0.0
10,10,0.0,0.0,0.0,0.0,0.0,0.0,0.0,0.0,0.0,0.03125,0.96875,0.0
10,10,0.0,0.0,0.0,0.0,0.0,0.0,0.0,0.0,0.0,0.03125,0.96875,0.0
10,10,0.0,0.0,0.0,0.0,0.0,0.0,0.0,0.0,0.0,0.03125,0.96875,0.0
10,10,0.0,0.0,0.0,0.0,0.0,0.0,0.0,0.0,0.0,0.03125,0.96875,0.0
10,10,0.0,0.0,0.0,0.0,0.0,0.0,0.0,0.0,0.0,0.03125,0.96875,0.0
10,10,0.0,0.0,0.0,0.0,0.0,0.0,0.0,0.0,0.0,0.03125,0.96875,0.0
10,10,0.0,0.0,0.0,0.0,0.0,0.0,0.0,0.0,0.0,0.03125,0.96875,0.0
10,10,0.0,0.0,0.0,0.0,0.0,0.0,0.0,0.0,0.0,0.03125,0.96875,0.0
10,10,0.0,0.0,0.0,0.0,0.0,0.0,0.0,0.0,0.0,0.03125,0.96875,0.0
10,10,0.0,0.0,0.0,0.0,0.0,0.0,0.0,0.0,0.0,0.03125,0.96875,0.0
10,10,0.0,0.0,0.0,0.0,0.0,0.0,0.0,0.0,0.0,0.03125,0.96875,0.0
10,10,0.0,0.0,0.0,0.0,0.0,0.0,0.0,0.0,0.0,0.03125,0.96875,0.0
10,10,0.0,0.0,0.0,0.0,0.0,0.0,0.0,0.0,0.0,0.03125,0.96875,0.0
10,10,0.0,0.0,0.0,0.0,0.0,0.0,0.0,0.0,0.0,0.03125,0.96875,0.0
10,10,0.0,0.0,0.0,0.0,0.0,0.0,0.0,0.0,0.0,0.03125,0.96875,0.0
10,10,0.0,0.0,0.0,0.0,0.0,0.0,0.0,0.0,0.0,0.03125,0.96875,0.0
10,10,0.0,0.0,0.0,0.0,0.0,0.0,0.0,0.0,0.0,0.03125,0.96875,0.0
10,10,0.0,0.0,0.0,0.0,0.0,0.0,0.0,0.0,0.0,0.03125,0.96875,0.0
10,10,0.0,0.0,0.0,0.0,0.0,0.0,0.0,0.0,0.0,0.03125,0.96875,0.0
10,10,0.0,0.0,0.0,0.0,0.0,0.0,0.0,0.0,0.0,0.03125,0.96875,0.0
10,10,0.0,0.0,0.0,0.0,0.0,0.0,0.0,0.0,0.0,0.03125,0.96875,0.0
10,10,0.0,0.0,0.0,0.0,0.0,0.0,0.0,0.0,0.0,0.03125,0.96875,0.0
10,10,0.0,0.0,0.0,0.0,0.0,0.0,0.0,0.0,0.0,0.03125,0.96875,0.0
10,10,0.0,0.0,0.0,0.0,0.0,0.0,0.0,0.0,0.0,0.03125,0.96875,0.0
10,10,0.0,0.0,0.0,0.0,0.0,0.0,0.0,0.0,0.0,0.03125,0.96875,0.0
10,10,0.0,0.0,0.0,0.0,0.0,0.0,0.0,0.0,0.0,0.03125,0.96875,0.0
10,10,0.0,0.0,0.0,0.0,0.0,0.0,0.0,0.0,0.0,0.03125,0.96875,0.0
10,10,0.0,0.0,0.0,0.0,0.0,0.0,0.0,0.0,0.0,0.03125,0.96875,0.0
10,10,0.0,0.0,0.0,0.0,0.0,0.0,0.0,0.0,0.0,0.03125,0.96875,0.0
10,10,0.0,0.0,0.0,0.0,0.0,0.0,0.0,0.0,0.0,0.03125,0.96875,0.0
10,10,0.0,0.0,0.0,0.0,0.0,0.0,0.0,0.0,0.0,0.03125,0.96875,0.0
10,10,0.0,0.0,0.0,0.0,0.0,0.0,0.0,0.0,0.0,0.03125,0.96875,0.0
10,10,0.0,0.0,0.0,0.0,0.0,0.0,0.0,0.0,0.0,0.03125,0.96875,0.0
10,10,0.0,0.0,0.0,0.0,0.0,0.0,0.0,0.0,0.0,0.03125,0.96875,0.0
10,10,0.0,0.0,0.0,0.0,0.0,0.0,0.0,0.0,0.0,0.03125,0.96875,0.0
10,10,0.0,0.0,0.0,0.0,0.0,0.0,0.0,0.0,0.0,0.03125,0.96875,0.0
10,10,0.0,0.0,0.0,0.0,0.0,0.0,0.0,0.0,0.0,0.03125,0.96875,0.0
10,10,0.0,0.0,0.0,0.0,0.0,0.0,0.0,0.0,0.0,0.03125,0.96875,0.0
10,10,0.0,0.0,0.0,0.0,0.0,0.0,0.0,0.0,0.0,0.03125,0.96875,0.0
10,10,0.0,0.0,0.0,0.0,0.0,0.0,0.0,0.0,0.0,0.03125,0.96875,0.0
10,10,0.0,0.0,0.0,0.0,0.0,0.0,0.0,0.0,0.0,0.03125,0.96875,0.0
10,10,0.0,0.0,0.0,0.0,0.0,0.0,0.0,0.0,0.0,0.03125,0.96875,0.0
10,10,0.0,0.0,0.0,0.0,0.0,0.0,0.0,0.0,0.0,0.03125,0.96875,0.0
10,10,0.0,0.0,0.0,0.0,0.0,0.0,0.0,0.0,0.0,0.03125,0.96875,0.0
10,10,0.0,0.0,0.0,0.0,0.0,0.0,0.0,0.0,0.0,0.03125,0.96875,0.0
10,10,0.0,0.0,0.0,0.0,0.0,0.0,0.0,0.0,0.0,0.03125,0.96875,0.0
10,10,0.0,0.0,0.0,0.0,0.0,0.0,0.0,0.0,0.0,0.03125,0.96875,0.0
10,10,0.0,0.0,0.0,0.0,0.0,0.0,0.0,0.0,0.0,0.03125,0.96875,0.0
10,10,0.0,0.0,0.0,0.0,0.0,0.0,0.0,0.0,0.0,0.03125,0.96875,0.0
10,10,0.0,0.0,0.0,0.0,0.0,0.0,0.0,0.0,0.0,0.03125,0.96875,0.0
10,10,0.0,0.0,0.0,0.0,0.0,0.0,0.0,0.0,0.0,0.03125,0.96875,0.0
10,10,0.0,0.0,0.0,0.0,0.0,0.0,0.0,0.0,0.0,0.03125,0.96875,0.0
10,10,0.0,0.0,0.0,0.0,0.0,0.0,0.0,0.0,0.0,0.03125,0.96875,0.0
10,10,0.0,0.0,0.0,0.0,0.0,0.0,0.0,0.0,0.0,0.03125,0.96875,0.0
10,10,0.0,0.0,0.0,0.0,0.0,0.0,0.0,0.0,0.0,0.03125,0.96875,0.0
10,10,0.0,0.0,0.0,0.0,0.0,0.0,0.0,0.0,0.0,0.03125,0.96875,0.0
10,10,0.0,0.0,0.0,0.0,0.0,0.0,0.0,0.0,0.0,0.03125,0.96875,0.0
10,10,0.0,0.0,0.0,0.0,0.0,0.0,0.0,0.0,0.0,0.03125,0.96875,0.0
10,10,0.0,0.0,0.0,0.0,0.0,0.0,0.0,0.0,0.0,0.03125,0.96875,0.0
10,10,0.0,0.0,0.0,0.0,0.0,0.0,0.0,0.0,0.0,0.03125,0.96875,0.0
10,10,0.0,0.0,0.0,0.0,0.0,0.0,0.0,0.0,0.0,0.03125,0.96875,0.0
10,10,0.0,0.0,0.0,0.0,0.0,0.0,0.0,0.0,0.0,0.03125,0.96875,0.0
10,10,0.0,0.0,0.0,0.0,0.0,0.0,0.0,0.0,0.0,0.03125,0.96875,0.0
10,10,0.0,0.0,0.0,0.0,0.0,0.0,0.0,0.0,0.0,0.03125,0.96875,0.0
10,10,0.0,0.0,0.0,0.0,0.0,0.0,0.0,0.0,0.0,0.03125,0.96875,0.0
10,10,0.0,0.0,0.0,0.0,0.0,0.0,0.0,0.0,0.0,0.03125,0.96875,0.0
10,10,0.0,0.0,0.0,0.0,0.0,0.0,0.0,0.0,0.0,0.03125,0.96875,0.0
10,10,0.0,0.0,0.0,0.0,0.0,0.0,0.0,0.0,0.0,0.03125,0.96875,0.0
10,10,0.0,0.0,0.0,0.0,0.0,0.0,0.0,0.0,0.0,0.03125,0.96875,0.0
10,10,0.0,0.0,0.0,0.0,0.0,0.0,0.0,0.0,0.0,0.03125,0.96875,0.0
10,10,0.0,0.0,0.0,0.0,0.0,0.0,0.0,0.0,0.0,0.03125,0.96875,0.0
10,10,0.0,0.0,0.0,0.0,0.0,0.0,0.0,0.0,0.0,0.03125,0.96875,0.0
10,10,0.0,0.0,0.0,0.0,0.0,0.0,0.0,0.0,0.0,0.03125,0.96875,0.0
10,10,0.0,0.0,0.0,0.0,0.0,0.0,0.0,0.0,0.0,0.03125,0.96875,0.0
10,10,0.0,0.0,0.0,0.0,0.0,0.0,0.0,0.0,0.0,0.03125,0.96875,0.0
10,10,0.0,0.0,0.0,0.0,0.0,0.0,0.0,0.0,0.0,0.03125,0.96875,0.0
10,10,0.0,0.0,0.0,0.0,0.0,0.0,0.0,0.0,0.0,0.03125,0.96875,0.0
10,10,0.0,0.0,0.0,0.0,0.0,0.0,0.0,0.0,0.0,0.03125,0.96875,0.0
10,10,0.0,0.0,0.0,0.0,0.0,0.0,0.0,0.0,0.0,0.03125,0.96875,0.0
10,10,0.0,0.0,0.0,0.0,0.0,0.0,0.0,0.0,0.0,0.03125,0.96875,0.0
10,10,0.0,0.0,0.0,0.0,0.0,0.0,0.0,0.0,0.0,0.03125,0.96875,0.0
10,10,0.0,0.0,0.0,0.0,0.0,0.0,0.0,0.0,0.0,0.03125,0.96875,0.0
10,10,0.0,0.0,0.0,0.0,0.0,0.0,0.0,0.0,0.0,0.03125,0.96875,0.0
10,10,0.0,0.0,0.0,0.0,0.0,0.0,0.0,0.0,0.0,0.03125,0.96875,0.0
10,10,0.0,0.0,0.0,0.0,0.0,0.0,0.0,0.0,0.0,0.03125,0.96875,0.0
10,10,0.0,0.0,0.0,0.0,0.0,0.0,0.0,0.0,0.0,0.03125,0.96875,0.0
10,10,0.0,0.0,0.0,0.0,0.0,0.0,0.0,0.0,0.0,0.03125,0.96875,0.0
10,10,0.0,0.0,0.0,0.0,0.0,0.0,0.0,0.0,0.0,0.03125,0.96875,0.0
10,10,0.0,0.0,0.0,0.0,0.0,0.0,0.0,0.0,0.0,0.03125,0.96875,0.0
10,10,0.0,0.0,0.0,0.0,0.0,0.0,0.0,0.0,0.0,0.03125,0.96875,0.0
10,10,0.0,0.0,0.0,0.0,0.0,0.0,0.0,0.0,0.0,0.03125,0.96875,0.0
10,10,0.0,0.0,0.0,0.0,0.0,0.0,0.0,0.0,0.0,0.03125,0.96875,0.0
10,10,0.0,0.0,0.0,0.0,0.0,0.0,0.0,0.0,0.0,0.03125,0.96875,0.0
10,10,0.0,0.0,0.0,0.0,0.0,0.0,0.0,0.0,0.0,0.03125,0.96875,0.0
10,10,0.0,0.0,0.0,0.0,0.0,0.0,0.0,0.0,0.0,0.03125,0.96875,0.0
10,10,0.0,0.0,0.0,0.0,0.0,0.0,0.0,0.0,0.0,0.03125,0.96875,0.0
10,10,0.0,0.0,0.0,0.0,0.0,0.0,0.0,0.0,0.0,0.03125,0.96875,0.0
10,10,0.0,0.0,0.0,0.0,0.0,0.0,0.0,0.0,0.0,0.03125,0.96875,0.0
10,10,0.0,0.0,0.0,0.0,0.0,0.0,0.0,0.0,0.0,0.03125,0.96875,0.0
10,10,0.0,0.0,0.0,0.0,0.0,0.0,0.0,0.0,0.0,0.03125,0.96875,0.0
10,10,0.0,0.0,0.0,0.0,0.0,0.0,0.0,0.0,0.0,0.03125,0.96875,0.0
10,10,0.0,0.0,0.0,0.0,0.0,0.0,0.0,0.0,0.0,0.03125,0.96875,0.0
10,10,0.0,0.0,0.0,0.0,0.0,0.0,0.0,0.0,0.0,0.03125,0.96875,0.0
10,10,0.0,0.0,0.0,0.0,0.0,0.0,0.0,0.0,0.0,0.03125,0.96875,0.0
10,10,0.0,0.0,0.0,0.0,0.0,0.0,0.0,0.0,0.0,0.03125,0.96875,0.0
10,10,0.0,0.0,0.0,0.0,0.0,0.0,0.0,0.0,0.0,0.03125,0.96875,0.0
10,10,0.0,0.0,0.0,0.0,0.0,0.0,0.0,0.0,0.0,0.03125,0.96875,0.0
10,10,0.0,0.0,0.0,0.0,0.0,0.0,0.0,0.0,0.0,0.03125,0.96875,0.0
10,10,0.0,0.0,0.0,0.0,0.0,0.0,0.0,0.0,0.0,0.03125,0.96875,0.0
10,10,0.0,0.0,0.0,0.0,0.0,0.0,0.0,0.0,0.0,0.03125,0.96875,0.0
10,10,0.0,0.0,0.0,0.0,0.0,0.0,0.0,0.0,0.0,0.03125,0.96875,0.0
10,10,0.0,0.0,0.0,0.0,0.0,0.0,0.0,0.0,0.0,0.03125,0.96875,0.0
10,10,0.0,0.0,0.0,0.0,0.0,0.0,0.0,0.0,0.0,0.03125,0.96875,0.0
10,10,0.0,0.0,0.0,0.0,0.0,0.0,0.0,0.0,0.0,0.03125,0.96875,0.0
10,10,0.0,0.0,0.0,0.0,0.0,0.0,0.0,0.0,0.0,0.03125,0.96875,0.0
10,10,0.0,0.0,0.0,0.0,0.0,0.0,0.0,0.0,0.0,0.03125,0.96875,0.0
10,10,0.0,0.0,0.0,0.0,0.0,0.0,0.0,0.0,0.0,0.03125,0.96875,0.0
10,10,0.0,0.0,0.0,0.0,0.0,0.0,0.0,0.0,0.0,0.03125,0.96875,0.0
10,10,0.0,0.0,0.0,0.0,0.0,0.0,0.0,0.0,0.0,0.03125,0.96875,0.0
10,10,0.0,0.0,0.0,0.0,0.0,0.0,0.0,0.0,0.0,0.03125,0.96875,0.0
10,10,0.0,0.0,0.0,0.0,0.0,0.0,0.0,0.0,0.0,0.03125,0.96875,0.0
10,10,0.0,0.0,0.0,0.0,0.0,0.0,0.0,0.0,0.0,0.03125,0.96875,0.0
10,10,0.0,0.0,0.0,0.0,0.0,0.0,0.0,0.0,0.0,0.03125,0.96875,0.0
10,10,0.0,0.0,0.0,0.0,0.0,0.0,0.0,0.0,0.0,0.03125,0.96875,0.0
10,10,0.0,0.0,0.0,0.0,0.0,0.0,0.0,0.0,0.0,0.03125,0.96875,0.0
10,10,0.0,0.0,0.0,0.0,0.0,0.0,0.0,0.0,0.0,0.03125,0.96875,0.0
10,10,0.0,0.0,0.0,0.0,0.0,0.0,0.0,0.0,0.0,0.03125,0.96875,0.0
10,10,0.0,0.0,0.0,0.0,0.0,0.0,0.0,0.0,0.0,0.03125,0.96875,0.0
10,10,0.0,0.0,0.0,0.0,0.0,0.0,0.0,0.0,0.0,0.03125,0.96875,0.0
10,10,0.0,0.0,0.0,0.0,0.0,0.0,0.0,0.0,0.0,0.03125,0.96875,0.0
10,10,0.0,0.0,0.0,0.0,0.0,0.0,0.0,0.0,0.0,0.03125,0.96875,0.0
10,10,0.0,0.0,0.0,0.0,0.0,0.0,0.0,0.0,0.0,0.03125,0.96875,0.0
10,10,0.0,0.0,0.0,0.0,0.0,0.0,0.0,0.0,0.0,0.03125,0.96875,0.0
10,10,0.0,0.0,0.0,0.0,0.0,0.0,0.0,0.0,0.0,0.03125,0.96875,0.0
10,10,0.0,0.0,0.0,0.0,0.0,0.0,0.0,0.0,0.0,0.03125,0.96875,0.0
10,10,0.0,0.0,0.0,0.0,0.0,0.0,0.0,0.0,0.0,0.03125,0.96875,0.0
10,10,0.0,0.0,0.0,0.0,0.0,0.0,0.0,0.0,0.0,0.03125,0.96875,0.0
10,10,0.0,0.0,0.0,0.0,0.0,0.0,0.0,0.0,0.0,0.03125,0.96875,0.0
10,10,0.0,0.0,0.0,0.0,0.0,0.0,0.0,0.0,0.0,0.03125,0.96875,0.0
10,10,0.0,0.0,0.0,0.0,0.0,0.0,0.0,0.0,0.0,0.03125,0.96875,0.0
10,10,0.0,0.0,0.0,0.0,0.0,0.0,0.0,0.0,0.0,0.03125,0.96875,0.0
10,10,0.0,0.0,0.0,0.0,0.0,0.0,0.0,0.0,0.0,0.03125,0.96875,0.0
10,10,0.0,0.0,0.0,0.0,0.0,0.0,0.0,0.0,0.0,0.03125,0.96875,0.0
10,10,0.0,0.0,0.0,0.0,0.0,0.0,0.0,0.0,0.0,0.03125,0.96875,0.0
10,10,0.0,0.0,0.0,0.0,0.0,0.0,0.0,0.0,0.0,0.03125,0.96875,0.0
10,10,0.0,0.0,0.0,0.0,0.0,0.0,0.0,0.0,0.0,0.03125,0.96875,0.0
10,10,0.0,0.0,0.0,0.0,0.0,0.0,0.0,0.0,0.0,0.03125,0.96875,0.0
10,10,0.0,0.0,0.0,0.0,0.0,0.0,0.0,0.0,0.0,0.03125,0.96875,0.0
10,10,0.0,0.0,0.0,0.0,0.0,0.0,0.0,0.0,0.0,0.03125,0.96875,0.0
10,10,0.0,0.0,0.0,0.0,0.0,0.0,0.0,0.0,0.0,0.03125,0.96875,0.0
10,10,0.0,0.0,0.0,0.0,0.0,0.0,0.0,0.0,0.0,0.03125,0.96875,0.0
10,10,0.0,0.0,0.0,0.0,0.0,0.0,0.0,0.0,0.0,0.03125,0.96875,0.0
10,10,0.0,0.0,0.0,0.0,0.0,0.0,0.0,0.0,0.0,0.03125,0.96875,0.0
10,10,0.0,0.0,0.0,0.0,0.0,0.0,0.0,0.0,0.0,0.03125,0.96875,0.0
10,10,0.0,0.0,0.0,0.0,0.0,0.0,0.0,0.0,0.0,0.03125,0.96875,0.0
10,10,0.0,0.0,0.0,0.0,0.0,0.0,0.0,0.0,0.0,0.03125,0.96875,0.0
10,10,0.0,0.0,0.0,0.0,0.0,0.0,0.0,0.0,0.0,0.03125,0.96875,0.0
10,10,0.0,0.0,0.0,0.0,0.0,0.0,0.0,0.0,0.0,0.03125,0.96875,0.0
10,10,0.0,0.0,0.0,0.0,0.0,0.0,0.0,0.0,0.0,0.03125,0.96875,0.0
10,10,0.0,0.0,0.0,0.0,0.0,0.0,0.0,0.0,0.0,0.03125,0.96875,0.0
10,10,0.0,0.0,0.0,0.0,0.0,0.0,0.0,0.0,0.0,0.03125,0.96875,0.0
10,10,0.0,0.0,0.0,0.0,0.0,0.0,0.0,0.0,0.0,0.03125,0.96875,0.0
10,10,0.0,0.0,0.0,0.0,0.0,0.0,0.0,0.0,0.0,0.03125,0.96875,0.0
10,10,0.0,0.0,0.0,0.0,0.0,0.0,0.0,0.0,0.0,0.03125,0.96875,0.0
10,10,0.0,0.0,0.0,0.0,0.0,0.0,0.0,0.0,0.0,0.03125,0.96875,0.0
10,10,0.0,0.0,0.0,0.0,0.0,0.0,0.0,0.0,0.0,0.03125,0.96875,0.0
10,10,0.0,0.0,0.0,0.0,0.0,0.0,0.0,0.0,0.0,0.03125,0.96875,0.0
10,10,0.0,0.0,0.0,0.0,0.0,0.0,0.0,0.0,0.0,0.03125,0.96875,0.0
10,10,0.0,0.0,0.0,0.0,0.0,0.0,0.0,0.0,0.0,0.03125,0.96875,0.0
10,10,0.0,0.0,0.0,0.0,0.0,0.0,0.0,0.0,0.0,0.03125,0.96875,0.0
10,10,0.0,0.0,0.0,0.0,0.0,0.0,0.0,0.0,0.0,0.03125,0.96875,0.0
10,10,0.0,0.0,0.0,0.0,0.0,0.0,0.0,0.0,0.0,0.03125,0.96875,0.0
10,10,0.0,0.0,0.0,0.0,0.0,0.0,0.0,0.0,0.0,0.03125,0.96875,0.0
10,10,0.0,0.0,0.0,0.0,0.0,0.0,0.0,0.0,0.0,0.03125,0.96875,0.0
10,10,0.0,0.0,0.0,0.0,0.0,0.0,0.0,0.0,0.0,0.03125,0.96875,0.0
10,10,0.0,0.0,0.0,0.0,0.0,0.0,0.0,0.0,0.0,0.03125,0.96875,0.0
10,10,0.0,0.0,0.0,0.0,0.0,0.0,0.0,0.0,0.0,0.03125,0.96875,0.0
10,10,0.0,0.0,0.0,0.0,0.0,0.0,0.0,0.0,0.0,0.03125,0.96875,0.0
10,10,0.0,0.0,0.0,0.0,0.0,0.0,0.0,0.0,0.0,0.03125,0.96875,0.0
10,10,0.0,0.0,0.0,0.0,0.0,0.0,0.0,0.0,0.0,0.03125,0.96875,0.0
10,10,0.0,0.0,0.0,0.0,0.0,0.0,0.0,0.0,0.0,0.03125,0.96875,0.0
10,10,0.0,0.0,0.0,0.0,0.0,0.0,0.0,0.0,0.0,0.03125,0.96875,0.0
10,10,0.0,0.0,0.0,0.0,0.0,0.0,0.0,0.0,0.0,0.03125,0.96875,0.0
10,10,0.0,0.0,0.0,0.0,0.0,0.0,0.0,0.0,0.0,0.03125,0.96875,0.0
10,10,0.0,0.0,0.0,0.0,0.0,0.0,0.0,0.0,0.0,0.03125,0.96875,0.0
10,10,0.0,0.0,0.0,0.0,0.0,0.0,0.0,0.0,0.0,0.03125,0.96875,0.0
10,10,0.0,0.0,0.0,0.0,0.0,0.0,0.0,0.0,0.0,0.03125,0.96875,0.0
10,10,0.0,0.0,0.0,0.0,0.0,0.0,0.0,0.0,0.0,0.03125,0.96875,0.0
10,10,0.0,0.0,0.0,0.0,0.0,0.0,0.0,0.0,0.0,0.03125,0.96875,0.0
10,10,0.0,0.0,0.0,0.0,0.0,0.0,0.0,0.0,0.0,0.03125,0.96875,0.0
10,10,0.0,0.0,0.0,0.0,0.0,0.0,0.0,0.0,0.0,0.03125,0.96875,0.0
10,10,0.0,0.0,0.0,0.0,0.0,0.0,0.0,0.0,0.0,0.03125,0.96875,0.0
10,10,0.0,0.0,0.0,0.0,0.0,0.0,0.0,0.0,0.0,0.03125,0.96875,0.0
10,10,0.0,0.0,0.0,0.0,0.0,0.0,0.0,0.0,0.0,0.03125,0.96875,0.0
10,10,0.0,0.0,0.0,0.0,0.0,0.0,0.0,0.0,0.0,0.03125,0.96875,0.0
10,10,0.0,0.0,0.0,0.0,0.0,0.0,0.0,0.0,0.0,0.03125,0.96875,0.0
10,10,0.0,0.0,0.0,0.0,0.0,0.0,0.0,0.0,0.0,0.03125,0.96875,0.0
10,10,0.0,0.0,0.0,0.0,0.0,0.0,0.0,0.0,0.0,0.03125,0.96875,0.0
10,10,0.0,0.0,0.0,0.0,0.0,0.0,0.0,0.0,0.0,0.03125,0.96875,0.0
10,10,0.0,0.0,0.0,0.0,0.0,0.0,0.0,0.0,0.0,0.03125,0.96875,0.0
10,10,0.0,0.0,0.0,0.0,0.0,0.0,0.0,0.0,0.0,0.03125,0.96875,0.0
10,10,0.0,0.0,0.0,0.0,0.0,0.0,0.0,0.0,0.0,0.03125,0.96875,0.0
10,10,0.0,0.0,0.0,0.0,0.0,0.0,0.0,0.0,0.0,0.03125,0.96875,0.0
10,10,0.0,0.0,0.0,0.0,0.0,0.0,0.0,0.0,0.0,0.03125,0.96875,0.0
10,10,0.0,0.0,0.0,0.0,0.0,0.0,0.0,0.0,0.0,0.03125,0.96875,0.0
10,10,0.0,0.0,0.0,0.0,0.0,0.0,0.0,0.0,0.0,0.03125,0.96875,0.0
10,10,0.0,0.0,0.0,0.0,0.0,0.0,0.0,0.0,0.0,0.03125,0.96875,0.0
10,10,0.0,0.0,0.0,0.0,0.0,0.0,0.0,0.0,0.0,0.03125,0.96875,0.0
10,10,0.0,0.0,0.0,0.0,0.0,0.0,0.0,0.0,0.0,0.03125,0.96875,0.0
10,10,0.0,0.0,0.0,0.0,0.0,0.0,0.0,0.0,0.0,0.03125,0.953125,0.015625
10,10,0.0,0.0,0.0,0.0,0.0,0.0,0.0,0.0,0.0,0.03125,0.953125,0.015625
10,10,0.0,0.0,0.0,0.0,0.0,0.0,0.0,0.0,0.0,0.03125,0.953125,0.015625
10,10,0.0,0.0,0.0,0.0,0.0,0.0,0.0,0.0,0.0,0.03125,0.953125,0.015625
10,10,0.0,0.0,0.0,0.0,0.0,0.0,0.0,0.0,0.0,0.03125,0.953125,0.015625
10,10,0.0,0.0,0.0,0.0,0.0,0.0,0.0,0.0,0.0,0.03125,0.953125,0.015625
10,10,0.0,0.0,0.0,0.0,0.0,0.0,0.0,0.0,0.0,0.03125,0.953125,0.015625
10,10,0.0,0.0,0.0,0.0,0.0,0.0,0.0,0.0,0.0,0.03125,0.953125,0.015625
10,10,0.0,0.0,0.0,0.0,0.0,0.0,0.0,0.0,0.0,0.03125,0.953125,0.015625
10,10,0.0,0.0,0.0,0.0,0.0,0.0,0.0,0.0,0.0,0.03125,0.9375,0.03125
10,10,0.0,0.0,0.0,0.0,0.0,0.0,0.0,0.0,0.0,0.03125,0.9375,0.03125
10,10,0.0,0.0,0.0,0.0,0.0,0.0,0.0,0.0,0.0,0.03125,0.9375,0.03125
10,10,0.0,0.0,0.0,0.0,0.0,0.0,0.0,0.0,0.0,0.03125,0.9375,0.03125
10,10,0.0,0.0,0.0,0.0,0.0,0.0,0.0,0.0,0.0,0.03125,0.9375,0.03125
10,10,0.0,0.0,0.0,0.0,0.0,0.0,0.0,0.0,0.0,0.03125,0.9375,0.03125
10,10,0.0,0.0,0.0,0.0,0.0,0.0,0.0,0.0,0.0,0.03125,0.9375,0.03125
10,10,0.0,0.0,0.0,0.0,0.0,0.0,0.0,0.0,0.0,0.03125,0.921875,0.046875
10,10,0.0,0.0,0.0,0.0,0.0,0.0,0.0,0.0,0.0,0.03125,0.921875,0.046875
10,10,0.0,0.0,0.0,0.0,0.0,0.0,0.0,0.0,0.0,0.03125,0.90625,0.0625
10,10,0.0,0.0,0.0,0.0,0.0,0.0,0.0,0.0,0.0,0.03125,0.90625,0.0625
10,10,0.0,0.0,0.0,0.0,0.0,0.0,0.0,0.0,0.0,0.03125,0.90625,0.0625
10,10,0.0,0.0,0.0,0.0,0.0,0.0,0.0,0.0,0.0,0.03125,0.90625,0.0625
10,10,0.0,0.0,0.0,0.0,0.0,0.0,0.0,0.0,0.0,0.03125,0.90625,0.0625
10,10,0.0,0.0,0.0,0.0,0.0,0.0,0.0,0.0,0.0,0.03125,0.90625,0.0625
10,10,0.0,0.0,0.0,0.0,0.0,0.0,0.0,0.0,0.0,0.03125,0.90625,0.0625
10,10,0.0,0.0,0.0,0.0,0.0,0.0,0.0,0.0,0.0,0.03125,0.90625,0.0625
10,10,0.0,0.0,0.0,0.0,0.0,0.0,0.0,0.0,0.0,0.03125,0.90625,0.0625
10,10,0.0,0.0,0.0,0.0,0.0,0.0,0.0,0.0,0.0,0.03125,0.90625,0.0625
10,10,0.0,0.0,0.0,0.0,0.0,0.0,0.0,0.0,0.0,0.03125,0.90625,0.0625
10,10,0.0,0.0,0.0,0.0,0.0,0.0,0.0,0.0,0.0,0.03125,0.90625,0.0625
10,10,0.0,0.0,0.0,0.0,0.0,0.0,0.0,0.0,0.0,0.03125,0.90625,0.0625
10,10,0.0,0.0,0.0,0.0,0.0,0.0,0.0,0.0,0.0,0.03125,0.90625,0.0625
10,10,0.0,0.0,0.0,0.0,0.0,0.0,0.0,0.0,0.0,0.03125,0.90625,0.0625
10,10,0.0,0.0,0.0,0.0,0.0,0.0,0.0,0.0,0.0,0.03125,0.90625,0.0625
10,10,0.0,0.0,0.0,0.0,0.0,0.0,0.0,0.0,0.0,0.03125,0.90625,0.0625
10,10,0.0,0.0,0.0,0.0,0.0,0.0,0.0,0.0,0.0,0.03125,0.90625,0.0625
10,10,0.0,0.0,0.0,0.0,0.0,0.0,0.0,0.0,0.0,0.03125,0.90625,0.0625
10,10,0.0,0.0,0.0,0.0,0.0,0.0,0.0,0.0,0.0,0.03125,0.90625,0.0625
10,10,0.0,0.0,0.0,0.0,0.0,0.0,0.0,0.0,0.0,0.03125,0.90625,0.0625
10,10,0.0,0.0,0.0,0.0,0.0,0.0,0.0,0.0,0.0,0.03125,0.90625,0.0625
10,10,0.0,0.0,0.0,0.0,0.0,0.0,0.0,0.0,0.0,0.03125,0.890625,0.078125
10,10,0.0,0.0,0.0,0.0,0.0,0.0,0.0,0.0,0.0,0.03125,0.890625,0.078125
10,10,0.0,0.0,0.0,0.0,0.0,0.0,0.0,0.0,0.0,0.03125,0.890625,0.078125
10,10,0.0,0.0,0.0,0.0,0.0,0.0,0.0,0.0,0.0,0.03125,0.890625,0.078125
10,10,0.0,0.0,0.0,0.0,0.0,0.0,0.0,0.0,0.0,0.03125,0.890625,0.078125
10,10,0.0,0.0,0.0,0.0,0.0,0.0,0.0,0.0,0.0,0.03125,0.890625,0.078125
10,10,0.0,0.0,0.0,0.0,0.0,0.0,0.0,0.0,0.0,0.03125,0.890625,0.078125
10,10,0.0,0.0,0.0,0.0,0.0,0.0,0.0,0.0,0.0,0.03125,0.890625,0.078125
10,10,0.0,0.0,0.0,0.0,0.0,0.0,0.0,0.0,0.0,0.03125,0.890625,0.078125
10,10,0.0,0.0,0.0,0.0,0.0,0.0,0.0,0.0,0.0,0.03125,0.890625,0.078125
10,10,0.0,0.0,0.0,0.0,0.0,0.0,0.0,0.0,0.0,0.03125,0.890625,0.078125
10,10,0.0,0.0,0.0,0.0,0.0,0.0,0.0,0.0,0.0,0.03125,0.890625,0.078125
10,10,0.0,0.0,0.0,0.0,0.0,0.0,0.0,0.0,0.0,0.03125,0.890625,0.078125
10,10,0.0,0.0,0.0,0.0,0.0,0.0,0.0,0.0,0.0,0.03125,0.890625,0.078125
10,10,0.0,0.0,0.0,0.0,0.0,0.0,0.0,0.0,0.0,0.03125,0.890625,0.078125
10,10,0.0,0.0,0.0,0.0,0.0,0.0,0.0,0.0,0.0,0.03125,0.890625,0.078125
10,10,0.0,0.0,0.0,0.0,0.0,0.0,0.0,0.0,0.0,0.03125,0.890625,0.078125
10,10,0.0,0.0,0.0,0.0,0.0,0.0,0.0,0.0,0.0,0.03125,0.890625,0.078125
10,10,0.0,0.0,0.0,0.0,0.0,0.0,0.0,0.0,0.0,0.03125,0.890625,0.078125
10,10,0.0,0.0,0.0,0.0,0.0,0.0,0.0,0.0,0.0,0.03125,0.890625,0.078125
10,10,0.0,0.0,0.0,0.0,0.0,0.0,0.0,0.0,0.0,0.03125,0.890625,0.078125
10,10,0.0,0.0,0.0,0.0,0.0,0.0,0.0,0.0,0.0,0.03125,0.890625,0.078125
10,10,0.0,0.0,0.0,0.0,0.0,0.0,0.0,0.0,0.0,0.03125,0.890625,0.078125
10,10,0.0,0.0,0.0,0.0,0.0,0.0,0.0,0.0,0.0,0.03125,0.890625,0.078125
10,10,0.0,0.0,0.0,0.0,0.0,0.0,0.0,0.0,0.0,0.03125,0.890625,0.078125
10,10,0.0,0.0,0.0,0.0,0.0,0.0,0.0,0.0,0.0,0.03125,0.890625,0.078125
10,10,0.0,0.0,0.0,0.0,0.0,0.0,0.0,0.0,0.0,0.03125,0.890625,0.078125
10,10,0.0,0.0,0.0,0.0,0.0,0.0,0.0,0.0,0.0,0.03125,0.890625,0.078125
10,10,0.0,0.0,0.0,0.0,0.0,0.0,0.0,0.0,0.0,0.03125,0.890625,0.078125
10,10,0.0,0.0,0.0,0.0,0.0,0.0,0.0,0.0,0.0,0.03125,0.890625,0.078125
10,10,0.0,0.0,0.0,0.0,0.0,0.0,0.0,0.0,0.0,0.03125,0.890625,0.078125
10,10,0.0,0.0,0.0,0.0,0.0,0.0,0.0,0.0,0.0,0.03125,0.890625,0.078125
10,10,0.0,0.0,0.0,0.0,0.0,0.0,0.0,0.0,0.0,0.03125,0.890625,0.078125
10,10,0.0,0.0,0.0,0.0,0.0,0.0,0.0,0.0,0.0,0.03125,0.890625,0.078125
10,10,0.0,0.0,0.0,0.0,0.0,0.0,0.0,0.0,0.0,0.03125,0.890625,0.078125
10,10,0.0,0.0,0.0,0.0,0.0,0.0,0.0,0.0,0.0,0.03125,0.890625,0.078125
10,10,0.0,0.0,0.0,0.0,0.0,0.0,0.0,0.0,0.0,0.03125,0.890625,0.078125
10,10,0.0,0.0,0.0,0.0,0.0,0.0,0.0,0.0,0.0,0.03125,0.890625,0.078125
10,10,0.0,0.0,0.0,0.0,0.0,0.0,0.0,0.0,0.0,0.03125,0.890625,0.078125
10,10,0.0,0.0,0.0,0.0,0.0,0.0,0.0,0.0,0.0,0.03125,0.890625,0.078125
10,10,0.0,0.0,0.0,0.0,0.0,0.0,0.0,0.0,0.0,0.03125,0.890625,0.078125
10,10,0.0,0.0,0.0,0.0,0.0,0.0,0.0,0.0,0.0,0.03125,0.890625,0.078125
10,10,0.0,0.0,0.0,0.0,0.0,0.0,0.0,0.0,0.0,0.03125,0.890625,0.078125
10,10,0.0,0.0,0.0,0.0,0.0,0.0,0.0,0.0,0.0,0.03125,0.890625,0.078125
10,10,0.0,0.0,0.0,0.0,0.0,0.0,0.0,0.0,0.0,0.03125,0.90625,0.0625
10,10,0.0,0.0,0.0,0.0,0.0,0.0,0.0,0.0,0.0,0.03125,0.90625,0.0625
10,10,0.0,0.0,0.0,0.0,0.0,0.0,0.0,0.0,0.0,0.03125,0.90625,0.0625
10,10,0.0,0.0,0.0,0.0,0.0,0.0,0.0,0.0,0.0,0.03125,0.90625,0.0625
10,10,0.0,0.0,0.0,0.0,0.0,0.0,0.0,0.0,0.0,0.03125,0.921875,0.046875
10,10,0.0,0.0,0.0,0.0,0.0,0.0,0.0,0.0,0.0,0.03125,0.921875,0.046875
10,10,0.0,0.0,0.0,0.0,0.0,0.0,0.0,0.0,0.0,0.03125,0.921875,0.046875
10,10,0.0,0.0,0.0,0.0,0.0,0.0,0.0,0.0,0.0,0.03125,0.921875,0.046875
10,10,0.0,0.0,0.0,0.0,0.0,0.0,0.0,0.0,0.0,0.03125,0.921875,0.046875
10,10,0.0,0.0,0.0,0.0,0.0,0.0,0.0,0.0,0.0,0.03125,0.921875,0.046875
10,10,0.0,0.0,0.0,0.0,0.0,0.0,0.0,0.0,0.0,0.03125,0.921875,0.046875
10,10,0.0,0.0,0.0,0.0,0.0,0.0,0.0,0.0,0.0,0.03125,0.921875,0.046875
10,10,0.0,0.0,0.0,0.0,0.0,0.0,0.0,0.0,0.0,0.03125,0.921875,0.046875
10,10,0.0,0.0,0.0,0.0,0.0,0.0,0.0,0.0,0.0,0.03125,0.921875,0.046875
10,10,0.0,0.0,0.0,0.0,0.0,0.0,0.0,0.0,0.0,0.03125,0.921875,0.046875
10,10,0.0,0.0,0.0,0.0,0.0,0.0,0.0,0.0,0.0,0.03125,0.921875,0.046875
10,10,0.0,0.0,0.0,0.0,0.0,0.0,0.0,0.0,0.0,0.03125,0.921875,0.046875
10,10,0.0,0.0,0.0,0.0,0.0,0.0,0.0,0.0,0.0,0.03125,0.921875,0.046875
10,10,0.0,0.0,0.0,0.0,0.0,0.0,0.0,0.0,0.0,0.03125,0.921875,0.046875
10,10,0.0,0.0,0.0,0.0,0.0,0.0,0.0,0.0,0.0,0.03125,0.921875,0.046875
10,10,0.0,0.0,0.0,0.0,0.0,0.0,0.0,0.0,0.0,0.03125,0.921875,0.046875
10,10,0.0,0.0,0.0,0.0,0.0,0.0,0.0,0.0,0.0,0.03125,0.921875,0.046875
10,10,0.0,0.0,0.0,0.0,0.0,0.0,0.0,0.0,0.0,0.03125,0.921875,0.046875
10,10,0.0,0.0,0.0,0.0,0.0,0.0,0.0,0.0,0.0,0.03125,0.921875,0.046875
10,10,0.0,0.0,0.0,0.0,0.0,0.0,0.0,0.0,0.0,0.03125,0.921875,0.046875
10,10,0.0,0.0,0.0,0.0,0.0,0.0,0.0,0.0,0.0,0.03125,0.921875,0.046875
10,10,0.0,0.0,0.0,0.0,0.0,0.0,0.0,0.0,0.0,0.03125,0.921875,0.046875
10,10,0.0,0.0,0.0,0.0,0.0,0.0,0.0,0.0,0.0,0.03125,0.921875,0.046875
10,10,0.0,0.0,0.0,0.0,0.0,0.0,0.0,0.0,0.0,0.03125,0.921875,0.046875
10,10,0.0,0.0,0.0,0.0,0.0,0.0,0.0,0.0,0.0,0.03125,0.921875,0.046875
10,10,0.0,0.0,0.0,0.0,0.0,0.0,0.0,0.0,0.0,0.03125,0.921875,0.046875
10,10,0.0,0.0,0.0,0.0,0.0,0.0,0.0,0.0,0.0,0.03125,0.921875,0.046875
10,10,0.0,0.0,0.0,0.0,0.0,0.0,0.0,0.0,0.0,0.03125,0.921875,0.046875
10,10,0.0,0.0,0.0,0.0,0.0,0.0,0.0,0.0,0.0,0.03125,0.921875,0.046875
10,10,0.0,0.0,0.0,0.0,0.0,0.0,0.0,0.0,0.0,0.03125,0.921875,0.046875
10,10,0.0,0.0,0.0,0.0,0.0,0.0,0.0,0.0,0.0,0.03125,0.921875,0.046875
10,10,0.0,0.0,0.0,0.0,0.0,0.0,0.0,0.0,0.0,0.03125,0.9375,0.03125
10,10,0.0,0.0,0.0,0.0,0.0,0.0,0.0,0.0,0.0,0.03125,0.9375,0.03125
10,10,0.0,0.0,0.0,0.0,0.0,0.0,0.0,0.0,0.0,0.03125,0.9375,0.03125
10,10,0.0,0.0,0.0,0.0,0.0,0.0,0.0,0.0,0.0,0.03125,0.9375,0.03125
10,10,0.0,0.0,0.0,0.0,0.0,0.0,0.0,0.0,0.0,0.03125,0.9375,0.03125
10,10,0.0,0.0,0.0,0.0,0.0,0.0,0.0,0.0,0.0,0.03125,0.9375,0.03125
10,10,0.0,0.0,0.0,0.0,0.0,0.0,0.0,0.0,0.0,0.03125,0.9375,0.03125
10,10,0.0,0.0,0.0,0.0,0.0,0.0,0.0,0.0,0.0,0.03125,0.9375,0.03125
10,10,0.0,0.0,0.0,0.0,0.0,0.0,0.0,0.0,0.0,0.03125,0.9375,0.03125
10,10,0.0,0.0,0.0,0.0,0.0,0.0,0.0,0.0,0.0,0.03125,0.9375,0.03125
10,10,0.0,0.0,0.0,0.0,0.0,0.0,0.0,0.0,0.0,0.03125,0.9375,0.03125
10,10,0.0,0.0,0.0,0.0,0.0,0.0,0.0,0.0,0.0,0.03125,0.9375,0.03125
10,10,0.0,0.0,0.0,0.0,0.0,0.0,0.0,0.0,0.0,0.03125,0.9375,0.03125
10,10,0.0,0.0,0.0,0.0,0.0,0.0,0.0,0.0,0.0,0.03125,0.9375,0.03125
10,10,0.0,0.0,0.0,0.0,0.0,0.0,0.0,0.0,0.0,0.03125,0.9375,0.03125
10,10,0.0,0.0,0.0,0.0,0.0,0.0,0.0,0.0,0.0,0.03125,0.9375,0.03125
10,10,0.0,0.0,0.0,0.0,0.0,0.0,0.0,0.0,0.0,0.03125,0.9375,0.03125
10,10,0.0,0.0,0.0,0.0,0.0,0.0,0.0,0.0,0.0,0.03125,0.9375,0.03125
10,10,0.0,0.0,0.0,0.0,0.0,0.0,0.0,0.0,0.0,0.03125,0.9375,0.03125
10,10,0.0,0.0,0.0,0.0,0.0,0.0,0.0,0.0,0.0,0.03125,0.9375,0.03125
10,10,0.0,0.0,0.0,0.0,0.0,0.0,0.0,0.0,0.0,0.03125,0.9375,0.03125
10,10,0.0,0.0,0.0,0.0,0.0,0.0,0.0,0.0,0.0,0.03125,0.9375,0.03125
10,10,0.0,0.0,0.0,0.0,0.0,0.0,0.0,0.0,0.0,0.03125,0.9375,0.03125
10,10,0.0,0.0,0.0,0.0,0.0,0.0,0.0,0.0,0.0,0.03125,0.9375,0.03125
10,10,0.0,0.0,0.0,0.0,0.0,0.0,0.0,0.0,0.0,0.03125,0.9375,0.03125
10,10,0.0,0.0,0.0,0.0,0.0,0.0,0.0,0.0,0.0,0.03125,0.9375,0.03125
10,10,0.0,0.0,0.0,0.0,0.0,0.0,0.0,0.0,0.0,0.03125,0.9375,0.03125
10,10,0.0,0.0,0.0,0.0,0.0,0.0,0.0,0.0,0.0,0.03125,0.9375,0.03125
10,10,0.0,0.0,0.0,0.0,0.0,0.0,0.0,0.0,0.0,0.03125,0.9375,0.03125
10,10,0.0,0.0,0.0,0.0,0.0,0.0,0.0,0.0,0.0,0.03125,0.9375,0.03125
10,10,0.0,0.0,0.0,0.0,0.0,0.0,0.0,0.0,0.0,0.03125,0.9375,0.03125
10,10,0.0,0.0,0.0,0.0,0.0,0.0,0.0,0.0,0.0,0.03125,0.9375,0.03125
10,10,0.0,0.0,0.0,0.0,0.0,0.0,0.0,0.0,0.0,0.03125,0.9375,0.03125
10,10,0.0,0.0,0.0,0.0,0.0,0.0,0.0,0.0,0.0,0.03125,0.9375,0.03125
10,10,0.0,0.0,0.0,0.0,0.0,0.0,0.0,0.0,0.0,0.03125,0.953125,0.015625
10,10,0.0,0.0,0.0,0.0,0.0,0.0,0.0,0.0,0.0,0.03125,0.953125,0.015625
10,10,0.0,0.0,0.0,0.0,0.0,0.0,0.0,0.0,0.0,0.03125,0.953125,0.015625
10,10,0.0,0.0,0.0,0.0,0.0,0.0,0.0,0.0,0.0,0.03125,0.953125,0.015625
10,10,0.0,0.0,0.0,0.0,0.0,0.0,0.0,0.0,0.0,0.03125,0.953125,0.015625
10,10,0.0,0.0,0.0,0.0,0.0,0.0,0.0,0.0,0.0,0.03125,0.953125,0.015625
10,10,0.0,0.0,0.0,0.0,0.0,0.0,0.0,0.0,0.0,0.03125,0.953125,0.015625
10,10,0.0,0.0,0.0,0.0,0.0,0.0,0.0,0.0,0.0,0.03125,0.953125,0.015625
10,10,0.0,0.0,0.0,0.0,0.0,0.0,0.0,0.0,0.0,0.03125,0.953125,0.015625
10,10,0.0,0.0,0.0,0.0,0.0,0.0,0.0,0.0,0.0,0.03125,0.953125,0.015625
10,10,0.0,0.0,0.0,0.0,0.0,0.0,0.0,0.0,0.0,0.03125,0.953125,0.015625
10,10,0.0,0.0,0.0,0.0,0.0,0.0,0.0,0.0,0.0,0.03125,0.96875,0.0
10,10,0.0,0.0,0.0,0.0,0.0,0.0,0.0,0.0,0.0,0.03125,0.96875,0.0
10,10,0.0,0.0,0.0,0.0,0.0,0.0,0.0,0.0,0.0,0.03125,0.96875,0.0
10,10,0.0,0.0,0.0,0.0,0.0,0.0,0.0,0.0,0.0,0.03125,0.96875,0.0
10,10,0.0,0.0,0.0,0.0,0.0,0.0,0.0,0.0,0.0,0.03125,0.96875,0.0
10,10,0.0,0.0,0.0,0.0,0.0,0.0,0.0,0.0,0.0,0.03125,0.96875,0.0
10,10,0.0,0.0,0.0,0.0,0.0,0.0,0.0,0.0,0.0,0.03125,0.96875,0.0
10,10,0.0,0.0,0.0,0.0,0.0,0.0,0.0,0.0,0.0,0.03125,0.96875,0.0
10,10,0.0,0.0,0.0,0.0,0.0,0.0,0.0,0.0,0.0,0.03125,0.96875,0.0
10,10,0.0,0.0,0.0,0.0,0.0,0.0,0.0,0.0,0.0,0.03125,0.96875,0.0
10,10,0.0,0.0,0.0,0.0,0.0,0.0,0.0,0.0,0.0,0.03125,0.96875,0.0
10,10,0.0,0.0,0.0,0.0,0.0,0.0,0.0,0.0,0.0,0.03125,0.96875,0.0
10,10,0.0,0.0,0.0,0.0,0.0,0.0,0.0,0.0,0.0,0.03125,0.96875,0.0
10,10,0.0,0.0,0.0,0.0,0.0,0.0,0.0,0.0,0.0,0.03125,0.96875,0.0
10,10,0.0,0.0,0.0,0.0,0.0,0.0,0.0,0.0,0.0,0.03125,0.96875,0.0
10,10,0.0,0.0,0.0,0.0,0.0,0.0,0.0,0.0,0.0,0.03125,0.96875,0.0
10,10,0.0,0.0,0.0,0.0,0.0,0.0,0.0,0.0,0.0,0.03125,0.96875,0.0
10,10,0.0,0.0,0.0,0.0,0.0,0.0,0.0,0.0,0.0,0.03125,0.96875,0.0
10,10,0.0,0.0,0.0,0.0,0.0,0.0,0.0,0.0,0.0,0.03125,0.96875,0.0
10,10,0.0,0.0,0.0,0.0,0.0,0.0,0.0,0.0,0.0,0.03125,0.96875,0.0
10,10,0.0,0.0,0.0,0.0,0.0,0.0,0.0,0.0,0.0,0.03125,0.96875,0.0
10,10,0.0,0.0,0.0,0.0,0.0,0.0,0.0,0.0,0.0,0.03125,0.96875,0.0
10,10,0.0,0.0,0.0,0.0,0.0,0.0,0.0,0.0,0.0,0.03125,0.96875,0.0
10,10,0.0,0.0,0.0,0.0,0.0,0.0,0.0,0.0,0.0,0.03125,0.96875,0.0
10,10,0.0,0.0,0.0,0.0,0.0,0.0,0.0,0.0,0.0,0.03125,0.96875,0.0
10,10,0.0,0.0,0.0,0.0,0.0,0.0,0.0,0.0,0.0,0.03125,0.96875,0.0
10,10,0.0,0.0,0.0,0.0,0.0,0.0,0.0,0.0,0.0,0.03125,0.96875,0.0
10,10,0.0,0.0,0.0,0.0,0.0,0.0,0.0,0.0,0.0,0.03125,0.96875,0.0
10,10,0.0,0.0,0.0,0.0,0.0,0.0,0.0,0.0,0.0,0.03125,0.96875,0.0
10,10,0.0,0.0,0.0,0.0,0.0,0.0,0.0,0.0,0.0,0.03125,0.96875,0.0
10,10,0.0,0.0,0.0,0.0,0.0,0.0,0.0,0.0,0.0,0.03125,0.96875,0.0
10,10,0.0,0.0,0.0,0.0,0.0,0.0,0.0,0.0,0.0,0.03125,0.96875,0.0
10,10,0.0,0.0,0.0,0.0,0.0,0.0,0.0,0.0,0.0,0.03125,0.96875,0.0
10,10,0.0,0.0,0.0,0.0,0.0,0.0,0.0,0.0,0.0,0.03125,0.96875,0.0
10,10,0.0,0.0,0.0,0.0,0.0,0.0,0.0,0.0,0.0,0.03125,0.96875,0.0
10,10,0.0,0.0,0.0,0.0,0.0,0.0,0.0,0.0,0.0,0.03125,0.96875,0.0
10,10,0.0,0.0,0.0,0.0,0.0,0.0,0.0,0.0,0.0,0.03125,0.96875,0.0
10,10,0.0,0.0,0.0,0.0,0.0,0.0,0.0,0.0,0.0,0.03125,0.96875,0.0
10,10,0.0,0.0,0.0,0.0,0.0,0.0,0.0,0.0,0.0,0.03125,0.96875,0.0
10,10,0.0,0.0,0.0,0.0,0.0,0.0,0.0,0.0,0.0,0.03125,0.96875,0.0
10,10,0.0,0.0,0.0,0.0,0.0,0.0,0.0,0.0,0.0,0.03125,0.96875,0.0
10,10,0.0,0.0,0.0,0.0,0.0,0.0,0.0,0.0,0.0,0.03125,0.96875,0.0
10,10,0.0,0.0,0.0,0.0,0.0,0.0,0.0,0.0,0.0,0.03125,0.96875,0.0
10,10,0.0,0.0,0.0,0.0,0.0,0.0,0.0,0.0,0.0,0.03125,0.96875,0.0
10,10,0.0,0.0,0.0,0.0,0.0,0.0,0.0,0.0,0.0,0.03125,0.96875,0.0
10,10,0.0,0.0,0.0,0.0,0.0,0.0,0.0,0.0,0.0,0.03125,0.96875,0.0
10,10,0.0,0.0,0.0,0.0,0.0,0.0,0.0,0.0,0.0,0.03125,0.96875,0.0
10,10,0.0,0.0,0.0,0.0,0.0,0.0,0.0,0.0,0.0,0.03125,0.96875,0.0
10,10,0.0,0.0,0.0,0.0,0.0,0.0,0.0,0.0,0.0,0.03125,0.96875,0.0
10,10,0.0,0.0,0.0,0.0,0.0,0.0,0.0,0.0,0.0,0.03125,0.96875,0.0
10,10,0.0,0.0,0.0,0.0,0.0,0.0,0.0,0.0,0.0,0.03125,0.96875,0.0
10,10,0.0,0.0,0.0,0.0,0.0,0.0,0.0,0.0,0.0,0.03125,0.96875,0.0
10,10,0.0,0.0,0.0,0.0,0.0,0.0,0.0,0.0,0.0,0.03125,0.96875,0.0
10,10,0.0,0.0,0.0,0.0,0.0,0.0,0.0,0.0,0.0,0.03125,0.96875,0.0
10,10,0.0,0.0,0.0,0.0,0.0,0.0,0.0,0.0,0.0,0.03125,0.96875,0.0
10,10,0.0,0.0,0.0,0.0,0.0,0.0,0.0,0.0,0.0,0.03125,0.96875,0.0
10,10,0.0,0.0,0.0,0.0,0.0,0.0,0.0,0.0,0.0,0.03125,0.96875,0.0
10,10,0.0,0.0,0.0,0.0,0.0,0.0,0.0,0.0,0.0,0.03125,0.96875,0.0
10,10,0.0,0.0,0.0,0.0,0.0,0.0,0.0,0.0,0.0,0.03125,0.96875,0.0
10,10,0.0,0.0,0.0,0.0,0.0,0.0,0.0,0.0,0.0,0.03125,0.96875,0.0
10,10,0.0,0.0,0.0,0.0,0.0,0.0,0.0,0.0,0.0,0.03125,0.96875,0.0
10,10,0.0,0.0,0.0,0.0,0.0,0.0,0.0,0.0,0.0,0.03125,0.96875,0.0
10,10,0.0,0.0,0.0,0.0,0.0,0.0,0.0,0.0,0.0,0.03125,0.96875,0.0
10,10,0.0,0.0,0.0,0.0,0.0,0.0,0.0,0.0,0.0,0.03125,0.96875,0.0
10,10,0.0,0.0,0.0,0.0,0.0,0.0,0.0,0.0,0.0,0.03125,0.96875,0.0
10,10,0.0,0.0,0.0,0.0,0.0,0.0,0.0,0.0,0.0,0.03125,0.96875,0.0
10,10,0.0,0.0,0.0,0.0,0.0,0.0,0.0,0.0,0.0,0.03125,0.96875,0.0
10,10,0.0,0.0,0.0,0.0,0.0,0.0,0.0,0.0,0.0,0.03125,0.96875,0.0
10,10,0.0,0.0,0.0,0.0,0.0,0.0,0.0,0.0,0.0,0.03125,0.96875,0.0
10,10,0.0,0.0,0.0,0.0,0.0,0.0,0.0,0.0,0.0,0.03125,0.96875,0.0
10,10,0.0,0.0,0.0,0.0,0.0,0.0,0.0,0.0,0.0,0.03125,0.96875,0.0
10,10,0.0,0.0,0.0,0.0,0.0,0.0,0.0,0.0,0.0,0.03125,0.96875,0.0
10,10,0.0,0.0,0.0,0.0,0.0,0.0,0.0,0.0,0.0,0.03125,0.96875,0.0
10,10,0.0,0.0,0.0,0.0,0.0,0.0,0.0,0.0,0.0,0.03125,0.96875,0.0
10,10,0.0,0.0,0.0,0.0,0.0,0.0,0.0,0.0,0.0,0.03125,0.96875,0.0
10,10,0.0,0.0,0.0,0.0,0.0,0.0,0.0,0.0,0.0,0.03125,0.96875,0.0
10,10,0.0,0.0,0.0,0.0,0.0,0.0,0.0,0.0,0.0,0.03125,0.96875,0.0
10,10,0.0,0.0,0.0,0.0,0.0,0.0,0.0,0.0,0.0,0.03125,0.96875,0.0
10,10,0.0,0.0,0.0,0.0,0.0,0.0,0.0,0.0,0.0,0.03125,0.96875,0.0
10,10,0.0,0.0,0.0,0.0,0.0,0.0,0.0,0.0,0.0,0.03125,0.96875,0.0
10,10,0.0,0.0,0.0,0.0,0.0,0.0,0.0,0.0,0.0,0.03125,0.96875,0.0
10,10,0.0,0.0,0.0,0.0,0.0,0.0,0.0,0.0,0.0,0.03125,0.96875,0.0
10,10,0.0,0.0,0.0,0.0,0.0,0.0,0.0,0.0,0.0,0.03125,0.96875,0.0
10,10,0.0,0.0,0.0,0.0,0.0,0.0,0.0,0.0,0.0,0.03125,0.96875,0.0
10,10,0.0,0.0,0.0,0.0,0.0,0.0,0.0,0.0,0.0,0.03125,0.96875,0.0
10,10,0.0,0.0,0.0,0.0,0.0,0.0,0.0,0.0,0.0,0.03125,0.96875,0.0
10,10,0.0,0.0,0.0,0.0,0.0,0.0,0.0,0.0,0.0,0.03125,0.96875,0.0
10,10,0.0,0.0,0.0,0.0,0.0,0.0,0.0,0.0,0.0,0.03125,0.96875,0.0
10,10,0.0,0.0,0.0,0.0,0.0,0.0,0.0,0.0,0.0,0.03125,0.96875,0.0
10,10,0.0,0.0,0.0,0.0,0.0,0.0,0.0,0.0,0.0,0.03125,0.96875,0.0
10,10,0.0,0.0,0.0,0.0,0.0,0.0,0.0,0.0,0.0,0.03125,0.96875,0.0
10,10,0.0,0.0,0.0,0.0,0.0,0.0,0.0,0.0,0.0,0.03125,0.96875,0.0
10,10,0.0,0.0,0.0,0.0,0.0,0.0,0.0,0.0,0.0,0.03125,0.96875,0.0
10,10,0.0,0.0,0.0,0.0,0.0,0.0,0.0,0.0,0.0,0.03125,0.96875,0.0
10,10,0.0,0.0,0.0,0.0,0.0,0.0,0.0,0.0,0.0,0.03125,0.96875,0.0
10,10,0.0,0.0,0.0,0.0,0.0,0.0,0.0,0.0,0.0,0.03125,0.96875,0.0
10,10,0.0,0.0,0.0,0.0,0.0,0.0,0.0,0.0,0.0,0.03125,0.96875,0.0
10,10,0.0,0.0,0.0,0.0,0.0,0.0,0.0,0.0,0.0,0.03125,0.96875,0.0
10,10,0.0,0.0,0.0,0.0,0.0,0.0,0.0,0.0,0.0,0.03125,0.96875,0.0
10,10,0.0,0.0,0.0,0.0,0.0,0.0,0.0,0.0,0.0,0.03125,0.96875,0.0
10,10,0.0,0.0,0.0,0.0,0.0,0.0,0.0,0.0,0.0,0.03125,0.96875,0.0
10,10,0.0,0.0,0.0,0.0,0.0,0.0,0.0,0.0,0.0,0.03125,0.96875,0.0
10,10,0.0,0.0,0.0,0.0,0.0,0.0,0.0,0.0,0.0,0.03125,0.96875,0.0
10,10,0.0,0.0,0.0,0.0,0.0,0.0,0.0,0.0,0.0,0.03125,0.96875,0.0
10,10,0.0,0.0,0.0,0.0,0.0,0.0,0.0,0.0,0.0,0.03125,0.96875,0.0
10,10,0.0,0.0,0.0,0.0,0.0,0.0,0.0,0.0,0.0,0.03125,0.96875,0.0
10,10,0.0,0.0,0.0,0.0,0.0,0.0,0.0,0.0,0.0,0.03125,0.96875,0.0
10,10,0.0,0.0,0.0,0.0,0.0,0.0,0.0,0.0,0.0,0.03125,0.96875,0.0
10,10,0.0,0.0,0.0,0.0,0.0,0.0,0.0,0.0,0.0,0.03125,0.96875,0.0
10,10,0.0,0.0,0.0,0.0,0.0,0.0,0.0,0.0,0.0,0.03125,0.96875,0.0
10,10,0.0,0.0,0.0,0.0,0.0,0.0,0.0,0.0,0.0,0.03125,0.96875,0.0
10,10,0.0,0.0,0.0,0.0,0.0,0.0,0.0,0.0,0.0,0.03125,0.96875,0.0
10,10,0.0,0.0,0.0,0.0,0.0,0.0,0.0,0.0,0.0,0.03125,0.96875,0.0
10,10,0.0,0.0,0.0,0.0,0.0,0.0,0.0,0.0,0.0,0.03125,0.96875,0.0
10,10,0.0,0.0,0.0,0.0,0.0,0.0,0.0,0.0,0.0,0.03125,0.96875,0.0
10,10,0.0,0.0,0.0,0.0,0.0,0.0,0.0,0.0,0.0,0.03125,0.96875,0.0
10,10,0.0,0.0,0.0,0.0,0.0,0.0,0.0,0.0,0.0,0.03125,0.96875,0.0
10,10,0.0,0.0,0.0,0.0,0.0,0.0,0.0,0.0,0.0,0.03125,0.96875,0.0
10,10,0.0,0.0,0.0,0.0,0.0,0.0,0.0,0.0,0.0,0.03125,0.96875,0.0
10,10,0.0,0.0,0.0,0.0,0.0,0.0,0.0,0.0,0.0,0.03125,0.96875,0.0
10,10,0.0,0.0,0.0,0.0,0.0,0.0,0.0,0.0,0.0,0.03125,0.96875,0.0
10,10,0.0,0.0,0.0,0.0,0.0,0.0,0.0,0.0,0.0,0.03125,0.96875,0.0
10,10,0.0,0.0,0.0,0.0,0.0,0.0,0.0,0.0,0.0,0.03125,0.96875,0.0
10,10,0.0,0.0,0.0,0.0,0.0,0.0,0.0,0.0,0.0,0.03125,0.96875,0.0
10,10,0.0,0.0,0.0,0.0,0.0,0.0,0.0,0.0,0.0,0.03125,0.96875,0.0
10,10,0.0,0.0,0.0,0.0,0.0,0.0,0.0,0.0,0.0,0.03125,0.96875,0.0
10,10,0.0,0.0,0.0,0.0,0.0,0.0,0.0,0.0,0.0,0.03125,0.96875,0.0
10,10,0.0,0.0,0.0,0.0,0.0,0.0,0.0,0.0,0.0,0.03125,0.96875,0.0
10,10,0.0,0.0,0.0,0.0,0.0,0.0,0.0,0.0,0.0,0.03125,0.96875,0.0
10,10,0.0,0.0,0.0,0.0,0.0,0.0,0.0,0.0,0.0,0.03125,0.96875,0.0
10,10,0.0,0.0,0.0,0.0,0.0,0.0,0.0,0.0,0.0,0.03125,0.96875,0.0
10,10,0.0,0.0,0.0,0.0,0.0,0.0,0.0,0.0,0.0,0.03125,0.96875,0.0
10,10,0.0,0.0,0.0,0.0,0.0,0.0,0.0,0.0,0.0,0.03125,0.96875,0.0
10,10,0.0,0.0,0.0,0.0,0.0,0.0,0.0,0.0,0.0,0.03125,0.96875,0.0
10,10,0.0,0.0,0.0,0.0,0.0,0.0,0.0,0.0,0.0,0.03125,0.96875,0.0
10,10,0.0,0.0,0.0,0.0,0.0,0.0,0.0,0.0,0.0,0.03125,0.96875,0.0
10,10,0.0,0.0,0.0,0.0,0.0,0.0,0.0,0.0,0.0,0.03125,0.96875,0.0
10,10,0.0,0.0,0.0,0.0,0.0,0.0,0.0,0.0,0.0,0.03125,0.96875,0.0
10,10,0.0,0.0,0.0,0.0,0.0,0.0,0.0,0.0,0.0,0.03125,0.96875,0.0
10,10,0.0,0.0,0.0,0.0,0.0,0.0,0.0,0.0,0.0,0.03125,0.96875,0.0
10,10,0.0,0.0,0.0,0.0,0.0,0.0,0.0,0.0,0.0,0.03125,0.96875,0.0
10,10,0.0,0.0,0.0,0.0,0.0,0.0,0.0,0.0,0.0,0.03125,0.96875,0.0
10,10,0.0,0.0,0.0,0.0,0.0,0.0,0.0,0.0,0.0,0.03125,0.96875,0.0
10,10,0.0,0.0,0.0,0.0,0.0,0.0,0.0,0.0,0.0,0.03125,0.96875,0.0
10,10,0.0,0.0,0.0,0.0,0.0,0.0,0.0,0.0,0.0,0.03125,0.96875,0.0
10,10,0.0,0.0,0.0,0.0,0.0,0.0,0.0,0.0,0.0,0.03125,0.96875,0.0
10,10,0.0,0.0,0.0,0.0,0.0,0.0,0.0,0.0,0.0,0.03125,0.96875,0.0
10,10,0.0,0.0,0.0,0.0,0.0,0.0,0.0,0.0,0.0,0.03125,0.96875,0.0
10,10,0.0,0.0,0.0,0.0,0.0,0.0,0.0,0.0,0.0,0.03125,0.96875,0.0
10,10,0.0,0.0,0.0,0.0,0.0,0.0,0.0,0.0,0.0,0.03125,0.96875,0.0
10,10,0.0,0.0,0.0,0.0,0.0,0.0,0.0,0.0,0.0,0.03125,0.96875,0.0
10,10,0.0,0.0,0.0,0.0,0.0,0.0,0.0,0.0,0.0,0.03125,0.96875,0.0
10,10,0.0,0.0,0.0,0.0,0.0,0.0,0.0,0.0,0.0,0.03125,0.96875,0.0
10,10,0.0,0.0,0.0,0.0,0.0,0.0,0.0,0.0,0.0,0.03125,0.96875,0.0
10,10,0.0,0.0,0.0,0.0,0.0,0.0,0.0,0.0,0.0,0.03125,0.96875,0.0
10,10,0.0,0.0,0.0,0.0,0.0,0.0,0.0,0.0,0.0,0.03125,0.96875,0.0
10,10,0.0,0.0,0.0,0.0,0.0,0.0,0.0,0.0,0.0,0.03125,0.96875,0.0
10,10,0.0,0.0,0.0,0.0,0.0,0.0,0.0,0.0,0.0,0.03125,0.96875,0.0
10,10,0.0,0.0,0.0,0.0,0.0,0.0,0.0,0.0,0.0,0.03125,0.96875,0.0
10,10,0.0,0.0,0.0,0.0,0.0,0.0,0.0,0.0,0.0,0.03125,0.96875,0.0
10,10,0.0,0.0,0.0,0.0,0.0,0.0,0.0,0.0,0.0,0.03125,0.96875,0.0
10,10,0.0,0.0,0.0,0.0,0.0,0.0,0.0,0.0,0.0,0.03125,0.96875,0.0
10,10,0.0,0.0,0.0,0.0,0.0,0.0,0.0,0.0,0.0,0.03125,0.96875,0.0
10,10,0.0,0.0,0.0,0.0,0.0,0.0,0.0,0.0,0.0,0.03125,0.96875,0.0
10,10,0.0,0.0,0.0,0.0,0.0,0.0,0.0,0.0,0.0,0.03125,0.96875,0.0
10,10,0.0,0.0,0.0,0.0,0.0,0.0,0.0,0.0,0.0,0.03125,0.96875,0.0
10,10,0.0,0.0,0.0,0.0,0.0,0.0,0.0,0.0,0.0,0.03125,0.96875,0.0
10,10,0.0,0.0,0.0,0.0,0.0,0.0,0.0,0.0,0.0,0.03125,0.96875,0.0
10,10,0.0,0.0,0.0,0.0,0.0,0.0,0.0,0.0,0.0,0.03125,0.96875,0.0
10,10,0.0,0.0,0.0,0.0,0.0,0.0,0.0,0.0,0.0,0.03125,0.96875,0.0
10,10,0.0,0.0,0.0,0.0,0.0,0.0,0.0,0.0,0.0,0.03125,0.96875,0.0
10,10,0.0,0.0,0.0,0.0,0.0,0.0,0.0,0.0,0.0,0.03125,0.96875,0.0
10,10,0.0,0.0,0.0,0.0,0.0,0.0,0.0,0.0,0.0,0.03125,0.96875,0.0
10,10,0.0,0.0,0.0,0.0,0.0,0.0,0.0,0.0,0.0,0.03125,0.96875,0.0
10,10,0.0,0.0,0.0,0.0,0.0,0.0,0.0,0.0,0.0,0.03125,0.96875,0.0
10,10,0.0,0.0,0.0,0.0,0.0,0.0,0.0,0.0,0.0,0.03125,0.96875,0.0
10,10,0.0,0.0,0.0,0.0,0.0,0.0,0.0,0.0,0.0,0.03125,0.96875,0.0
10,10,0.0,0.0,0.0,0.0,0.0,0.0,0.0,0.0,0.0,0.03125,0.96875,0.0
10,10,0.0,0.0,0.0,0.0,0.0,0.0,0.0,0.0,0.0,0.03125,0.96875,0.0
10,10,0.0,0.0,0.0,0.0,0.0,0.0,0.0,0.0,0.0,0.03125,0.96875,0.0
10,10,0.0,0.0,0.0,0.0,0.0,0.0,0.0,0.0,0.0,0.03125,0.96875,0.0
10,10,0.0,0.0,0.0,0.0,0.0,0.0,0.0,0.0,0.0,0.03125,0.96875,0.0
10,10,0.0,0.0,0.0,0.0,0.0,0.0,0.0,0.0,0.0,0.03125,0.96875,0.0
10,10,0.0,0.0,0.0,0.0,0.0,0.0,0.0,0.0,0.0,0.03125,0.96875,0.0
10,10,0.0,0.0,0.0,0.0,0.0,0.0,0.0,0.0,0.0,0.03125,0.96875,0.0
10,10,0.0,0.0,0.0,0.0,0.0,0.0,0.0,0.0,0.0,0.03125,0.96875,0.0
10,10,0.0,0.0,0.0,0.0,0.0,0.0,0.0,0.0,0.0,0.03125,0.96875,0.0
10,10,0.0,0.0,0.0,0.0,0.0,0.0,0.0,0.0,0.0,0.03125,0.96875,0.0
10,10,0.0,0.0,0.0,0.0,0.0,0.0,0.0,0.0,0.0,0.03125,0.96875,0.0
10,10,0.0,0.0,0.0,0.0,0.0,0.0,0.0,0.0,0.0,0.03125,0.96875,0.0
10,10,0.0,0.0,0.0,0.0,0.0,0.0,0.0,0.0,0.0,0.03125,0.96875,0.0
10,10,0.0,0.0,0.0,0.0,0.0,0.0,0.0,0.0,0.0,0.03125,0.96875,0.0
10,10,0.0,0.0,0.0,0.0,0.0,0.0,0.0,0.0,0.0,0.03125,0.96875,0.0
10,10,0.0,0.0,0.0,0.0,0.0,0.0,0.0,0.0,0.0,0.03125,0.96875,0.0
10,10,0.0,0.0,0.0,0.0,0.0,0.0,0.0,0.0,0.0,0.03125,0.96875,0.0
10,10,0.0,0.0,0.0,0.0,0.0,0.0,0.0,0.0,0.0,0.03125,0.96875,0.0
10,10,0.0,0.0,0.0,0.0,0.0,0.0,0.0,0.0,0.0,0.03125,0.96875,0.0
10,10,0.0,0.0,0.0,0.0,0.0,0.0,0.0,0.0,0.0,0.03125,0.96875,0.0
10,10,0.0,0.0,0.0,0.0,0.0,0.0,0.0,0.0,0.0,0.03125,0.96875,0.0
10,10,0.0,0.0,0.0,0.0,0.0,0.0,0.0,0.0,0.0,0.03125,0.96875,0.0
10,10,0.0,0.0,0.0,0.0,0.0,0.0,0.0,0.0,0.0,0.03125,0.96875,0.0
10,10,0.0,0.0,0.0,0.0,0.0,0.0,0.0,0.0,0.0,0.03125,0.96875,0.0
10,10,0.0,0.0,0.0,0.0,0.0,0.0,0.0,0.0,0.0,0.03125,0.96875,0.0
10,10,0.0,0.0,0.0,0.0,0.0,0.0,0.0,0.0,0.0,0.03125,0.96875,0.0
10,10,0.0,0.0,0.0,0.0,0.0,0.0,0.0,0.0,0.0,0.03125,0.96875,0.0
10,10,0.0,0.0,0.0,0.0,0.0,0.0,0.0,0.0,0.0,0.03125,0.96875,0.0
10,10,0.0,0.0,0.0,0.0,0.0,0.0,0.0,0.0,0.0,0.03125,0.96875,0.0
10,10,0.0,0.0,0.0,0.0,0.0,0.0,0.0,0.0,0.0,0.03125,0.96875,0.0
10,10,0.0,0.0,0.0,0.0,0.0,0.0,0.0,0.0,0.0,0.03125,0.96875,0.0
10,10,0.0,0.0,0.0,0.0,0.0,0.0,0.0,0.0,0.0,0.03125,0.96875,0.0
10,10,0.0,0.0,0.0,0.0,0.0,0.0,0.0,0.0,0.0,0.03125,0.96875,0.0
10,10,0.0,0.0,0.0,0.0,0.0,0.0,0.0,0.0,0.0,0.03125,0.96875,0.0
10,10,0.0,0.0,0.0,0.0,0.0,0.0,0.0,0.0,0.0,0.03125,0.96875,0.0
10,10,0.0,0.0,0.0,0.0,0.0,0.0,0.0,0.0,0.0,0.03125,0.96875,0.0
10,10,0.0,0.0,0.0,0.0,0.0,0.0,0.0,0.0,0.0,0.03125,0.96875,0.0
10,10,0.0,0.0,0.0,0.0,0.0,0.0,0.0,0.0,0.0,0.03125,0.96875,0.0
10,10,0.0,0.0,0.0,0.0,0.0,0.0,0.0,0.0,0.0,0.03125,0.96875,0.0
10,10,0.0,0.0,0.0,0.0,0.0,0.0,0.0,0.0,0.0,0.03125,0.96875,0.0
10,10,0.0,0.0,0.0,0.0,0.0,0.0,0.0,0.0,0.0,0.03125,0.96875,0.0
10,10,0.0,0.0,0.0,0.0,0.0,0.0,0.0,0.0,0.0,0.03125,0.96875,0.0
10,10,0.0,0.0,0.0,0.0,0.0,0.0,0.0,0.0,0.0,0.03125,0.96875,0.0
10,10,0.0,0.0,0.0,0.0,0.0,0.0,0.0,0.0,0.0,0.03125,0.96875,0.0
10,10,0.0,0.0,0.0,0.0,0.0,0.0,0.0,0.0,0.0,0.03125,0.96875,0.0
10,10,0.0,0.0,0.0,0.0,0.0,0.0,0.0,0.0,0.0,0.03125,0.96875,0.0
10,10,0.0,0.0,0.0,0.0,0.0,0.0,0.0,0.0,0.0,0.03125,0.96875,0.0
10,10,0.0,0.0,0.0,0.0,0.0,0.0,0.0,0.0,0.0,0.03125,0.96875,0.0
10,10,0.0,0.0,0.0,0.0,0.0,0.0,0.0,0.0,0.0,0.03125,0.96875,0.0
10,10,0.0,0.0,0.0,0.0,0.0,0.0,0.0,0.0,0.0,0.03125,0.96875,0.0
10,10,0.0,0.0,0.0,0.0,0.0,0.0,0.0,0.0,0.0,0.03125,0.96875,0.0
10,10,0.0,0.0,0.0,0.0,0.0,0.0,0.0,0.0,0.0,0.03125,0.96875,0.0
10,10,0.0,0.0,0.0,0.0,0.0,0.0,0.0,0.0,0.0,0.03125,0.96875,0.0
10,10,0.0,0.0,0.0,0.0,0.0,0.0,0.0,0.0,0.0,0.03125,0.96875,0.0
10,10,0.0,0.0,0.0,0.0,0.0,0.0,0.0,0.0,0.0,0.03125,0.96875,0.0
10,10,0.0,0.0,0.0,0.0,0.0,0.0,0.0,0.0,0.0,0.03125,0.96875,0.0
10,10,0.0,0.0,0.0,0.0,0.0,0.0,0.0,0.0,0.0,0.03125,0.96875,0.0
10,10,0.0,0.0,0.0,0.0,0.0,0.0,0.0,0.0,0.0,0.03125,0.96875,0.0
10,10,0.0,0.0,0.0,0.0,0.0,0.0,0.0,0.0,0.0,0.03125,0.96875,0.0
10,10,0.0,0.0,0.0,0.0,0.0,0.0,0.0,0.0,0.0,0.03125,0.96875,0.0
10,10,0.0,0.0,0.0,0.0,0.0,0.0,0.0,0.0,0.0,0.03125,0.96875,0.0
10,10,0.0,0.0,0.0,0.0,0.0,0.0,0.0,0.0,0.0,0.03125,0.96875,0.0
10,10,0.0,0.0,0.0,0.0,0.0,0.0,0.0,0.0,0.0,0.03125,0.96875,0.0
10,10,0.0,0.0,0.0,0.0,0.0,0.0,0.0,0.0,0.0,0.03125,0.96875,0.0
10,10,0.0,0.0,0.0,0.0,0.0,0.0,0.0,0.0,0.0,0.03125,0.96875,0.0
10,10,0.0,0.0,0.0,0.0,0.0,0.0,0.0,0.0,0.0,0.03125,0.96875,0.0
10,10,0.0,0.0,0.0,0.0,0.0,0.0,0.0,0.0,0.0,0.03125,0.96875,0.0
10,10,0.0,0.0,0.0,0.0,0.0,0.0,0.0,0.0,0.0,0.03125,0.96875,0.0
10,10,0.0,0.0,0.0,0.0,0.0,0.0,0.0,0.0,0.0,0.03125,0.96875,0.0
10,10,0.0,0.0,0.0,0.0,0.0,0.0,0.0,0.0,0.0,0.03125,0.96875,0.0
10,10,0.0,0.0,0.0,0.0,0.0,0.0,0.0,0.0,0.0,0.03125,0.96875,0.0
10,10,0.0,0.0,0.0,0.0,0.0,0.0,0.0,0.0,0.0,0.03125,0.96875,0.0
10,10,0.0,0.0,0.0,0.0,0.0,0.0,0.0,0.0,0.0,0.03125,0.96875,0.0
10,10,0.0,0.0,0.0,0.0,0.0,0.0,0.0,0.0,0.0,0.03125,0.96875,0.0
10,10,0.0,0.0,0.0,0.0,0.0,0.0,0.0,0.0,0.0,0.03125,0.96875,0.0
10,10,0.0,0.0,0.0,0.0,0.0,0.0,0.0,0.0,0.0,0.03125,0.96875,0.0
10,10,0.0,0.0,0.0,0.0,0.0,0.0,0.0,0.0,0.0,0.03125,0.96875,0.0
10,10,0.0,0.0,0.0,0.0,0.0,0.0,0.0,0.0,0.0,0.03125,0.96875,0.0
10,10,0.0,0.0,0.0,0.0,0.0,0.0,0.0,0.0,0.0,0.03125,0.96875,0.0
10,10,0.0,0.0,0.0,0.0,0.0,0.0,0.0,0.0,0.0,0.03125,0.96875,0.0
10,10,0.0,0.0,0.0,0.0,0.0,0.0,0.0,0.0,0.0,0.03125,0.96875,0.0
10,10,0.0,0.0,0.0,0.0,0.0,0.0,0.0,0.0,0.0,0.03125,0.96875,0.0
10,10,0.0,0.0,0.0,0.0,0.0,0.0,0.0,0.0,0.0,0.03125,0.96875,0.0
10,10,0.0,0.0,0.0,0.0,0.0,0.0,0.0,0.0,0.0,0.03125,0.96875,0.0
10,10,0.0,0.0,0.0,0.0,0.0,0.0,0.0,0.0,0.0,0.03125,0.96875,0.0
10,10,0.0,0.0,0.0,0.0,0.0,0.0,0.0,0.0,0.0,0.03125,0.96875,0.0
10,10,0.0,0.0,0.0,0.0,0.0,0.0,0.0,0.0,0.0,0.03125,0.96875,0.0
10,10,0.0,0.0,0.0,0.0,0.0,0.0,0.0,0.0,0.0,0.03125,0.96875,0.0
10,10,0.0,0.0,0.0,0.0,0.0,0.0,0.0,0.0,0.0,0.03125,0.96875,0.0
10,10,0.0,0.0,0.0,0.0,0.0,0.0,0.0,0.0,0.0,0.03125,0.96875,0.0
10,10,0.0,0.0,0.0,0.0,0.0,0.0,0.0,0.0,0.0,0.03125,0.96875,0.0
10,10,0.0,0.0,0.0,0.0,0.0,0.0,0.0,0.0,0.0,0.03125,0.96875,0.0
10,10,0.0,0.0,0.0,0.0,0.0,0.0,0.0,0.0,0.0,0.03125,0.96875,0.0
10,10,0.0,0.0,0.0,0.0,0.0,0.0,0.0,0.0,0.0,0.03125,0.96875,0.0
10,10,0.0,0.0,0.0,0.0,0.0,0.0,0.0,0.0,0.0,0.03125,0.96875,0.0
10,10,0.0,0.0,0.0,0.0,0.0,0.0,0.0,0.0,0.0,0.03125,0.96875,0.0
10,10,0.0,0.0,0.0,0.0,0.0,0.0,0.0,0.0,0.0,0.03125,0.96875,0.0
10,10,0.0,0.0,0.0,0.0,0.0,0.0,0.0,0.0,0.0,0.03125,0.96875,0.0
10,10,0.0,0.0,0.0,0.0,0.0,0.0,0.0,0.0,0.0,0.03125,0.96875,0.0
10,10,0.0,0.0,0.0,0.0,0.0,0.0,0.0,0.0,0.0,0.03125,0.96875,0.0
10,10,0.0,0.0,0.0,0.0,0.0,0.0,0.0,0.0,0.0,0.03125,0.96875,0.0
10,10,0.0,0.0,0.0,0.0,0.0,0.0,0.0,0.0,0.0,0.03125,0.96875,0.0
10,10,0.0,0.0,0.0,0.0,0.0,0.0,0.0,0.0,0.0,0.03125,0.96875,0.0
10,10,0.0,0.0,0.0,0.0,0.0,0.0,0.0,0.0,0.0,0.03125,0.96875,0.0
10,10,0.0,0.0,0.0,0.0,0.0,0.0,0.0,0.0,0.0,0.03125,0.96875,0.0
10,10,0.0,0.0,0.0,0.0,0.0,0.0,0.0,0.0,0.0,0.03125,0.96875,0.0
10,10,0.0,0.0,0.0,0.0,0.0,0.0,0.0,0.0,0.0,0.03125,0.96875,0.0
10,10,0.0,0.0,0.0,0.0,0.0,0.0,0.0,0.0,0.0,0.03125,0.96875,0.0
10,10,0.0,0.0,0.0,0.0,0.0,0.0,0.0,0.0,0.0,0.03125,0.96875,0.0
10,10,0.0,0.0,0.0,0.0,0.0,0.0,0.0,0.0,0.0,0.03125,0.96875,0.0
10,10,0.0,0.0,0.0,0.0,0.0,0.0,0.0,0.0,0.0,0.03125,0.96875,0.0
10,10,0.0,0.0,0.0,0.0,0.0,0.0,0.0,0.0,0.0,0.03125,0.96875,0.0
10,10,0.0,0.0,0.0,0.0,0.0,0.0,0.0,0.0,0.0,0.03125,0.96875,0.0
10,10,0.0,0.0,0.0,0.0,0.0,0.0,0.0,0.0,0.0,0.03125,0.96875,0.0
10,10,0.0,0.0,0.0,0.0,0.0,0.0,0.0,0.0,0.0,0.03125,0.96875,0.0
10,10,0.0,0.0,0.0,0.0,0.0,0.0,0.0,0.0,0.0,0.03125,0.96875,0.0
10,10,0.0,0.0,0.0,0.0,0.0,0.0,0.0,0.0,0.0,0.03125,0.96875,0.0
10,10,0.0,0.0,0.0,0.0,0.0,0.0,0.0,0.0,0.0,0.03125,0.96875,0.0
10,10,0.0,0.0,0.0,0.0,0.0,0.0,0.0,0.0,0.0,0.03125,0.96875,0.0
10,10,0.0,0.0,0.0,0.0,0.0,0.0,0.0,0.0,0.0,0.03125,0.96875,0.0
10,10,0.0,0.0,0.0,0.0,0.0,0.0,0.0,0.0,0.0,0.03125,0.96875,0.0
10,10,0.0,0.0,0.0,0.0,0.0,0.0,0.0,0.0,0.0,0.03125,0.96875,0.0
10,10,0.0,0.0,0.0,0.0,0.0,0.0,0.0,0.0,0.0,0.03125,0.96875,0.0
10,10,0.0,0.0,0.0,0.0,0.0,0.0,0.0,0.0,0.0,0.03125,0.96875,0.0
10,10,0.0,0.0,0.0,0.0,0.0,0.0,0.0,0.0,0.0,0.03125,0.96875,0.0
10,10,0.0,0.0,0.0,0.0,0.0,0.0,0.0,0.0,0.0,0.03125,0.96875,0.0
10,10,0.0,0.0,0.0,0.0,0.0,0.0,0.0,0.0,0.0,0.03125,0.96875,0.0
10,10,0.0,0.0,0.0,0.0,0.0,0.0,0.0,0.0,0.0,0.03125,0.96875,0.0
10,10,0.0,0.0,0.0,0.0,0.0,0.0,0.0,0.0,0.0,0.03125,0.96875,0.0
10,10,0.0,0.0,0.0,0.0,0.0,0.0,0.0,0.0,0.0,0.03125,0.96875,0.0
10,10,0.0,0.0,0.0,0.0,0.0,0.0,0.0,0.0,0.0,0.03125,0.96875,0.0
10,10,0.0,0.0,0.0,0.0,0.0,0.0,0.0,0.0,0.0,0.03125,0.96875,0.0
10,10,0.0,0.0,0.0,0.0,0.0,0.0,0.0,0.0,0.0,0.03125,0.96875,0.0
10,10,0.0,0.0,0.0,0.0,0.0,0.0,0.0,0.0,0.0,0.03125,0.96875,0.0
10,10,0.0,0.0,0.0,0.0,0.0,0.0,0.0,0.0,0.0,0.03125,0.96875,0.0
10,10,0.0,0.0,0.0,0.0,0.0,0.0,0.0,0.0,0.0,0.03125,0.96875,0.0
10,10,0.0,0.0,0.0,0.0,0.0,0.0,0.0,0.0,0.0,0.03125,0.96875,0.0
10,10,0.0,0.0,0.0,0.0,0.0,0.0,0.0,0.0,0.0,0.03125,0.96875,0.0
10,10,0.0,0.0,0.0,0.0,0.0,0.0,0.0,0.0,0.0,0.03125,0.96875,0.0
10,10,0.0,0.0,0.0,0.0,0.0,0.0,0.0,0.0,0.0,0.03125,0.96875,0.0
10,10,0.0,0.0,0.0,0.0,0.0,0.0,0.0,0.0,0.0,0.03125,0.96875,0.0
10,10,0.0,0.0,0.0,0.0,0.0,0.0,0.0,0.0,0.0,0.03125,0.96875,0.0
10,10,0.0,0.0,0.0,0.0,0.0,0.0,0.0,0.0,0.0,0.03125,0.96875,0.0
10,10,0.0,0.0,0.0,0.0,0.0,0.0,0.0,0.0,0.0,0.03125,0.96875,0.0
10,10,0.0,0.0,0.0,0.0,0.0,0.0,0.0,0.0,0.0,0.03125,0.96875,0.0
10,10,0.0,0.0,0.0,0.0,0.0,0.0,0.0,0.0,0.0,0.03125,0.96875,0.0
10,10,0.0,0.0,0.0,0.0,0.0,0.0,0.0,0.0,0.0,0.03125,0.96875,0.0
10,10,0.0,0.0,0.0,0.0,0.0,0.0,0.0,0.0,0.0,0.03125,0.96875,0.0
10,10,0.0,0.0,0.0,0.0,0.0,0.0,0.0,0.0,0.0,0.03125,0.96875,0.0
10,10,0.0,0.0,0.0,0.0,0.0,0.0,0.0,0.0,0.0,0.03125,0.96875,0.0
10,10,0.0,0.0,0.0,0.0,0.0,0.0,0.0,0.0,0.0,0.03125,0.96875,0.0
10,10,0.0,0.0,0.0,0.0,0.0,0.0,0.0,0.0,0.0,0.03125,0.96875,0.0
10,10,0.0,0.0,0.0,0.0,0.0,0.0,0.0,0.0,0.0,0.03125,0.96875,0.0
10,10,0.0,0.0,0.0,0.0,0.0,0.0,0.0,0.0,0.0,0.03125,0.96875,0.0
10,10,0.0,0.0,0.0,0.0,0.0,0.0,0.0,0.0,0.0,0.03125,0.96875,0.0
10,10,0.0,0.0,0.0,0.0,0.0,0.0,0.0,0.0,0.0,0.03125,0.96875,0.0
10,10,0.0,0.0,0.0,0.0,0.0,0.0,0.0,0.0,0.0,0.03125,0.96875,0.0
10,10,0.0,0.0,0.0,0.0,0.0,0.0,0.0,0.0,0.0,0.03125,0.96875,0.0
10,10,0.0,0.0,0.0,0.0,0.0,0.0,0.0,0.0,0.0,0.03125,0.96875,0.0
10,10,0.0,0.0,0.0,0.0,0.0,0.0,0.0,0.0,0.0,0.03125,0.96875,0.0
10,10,0.0,0.0,0.0,0.0,0.0,0.0,0.0,0.0,0.0,0.03125,0.96875,0.0
10,10,0.0,0.0,0.0,0.0,0.0,0.0,0.0,0.0,0.0,0.03125,0.96875,0.0
10,10,0.0,0.0,0.0,0.0,0.0,0.0,0.0,0.0,0.0,0.03125,0.96875,0.0
10,10,0.0,0.0,0.0,0.0,0.0,0.0,0.0,0.0,0.0,0.03125,0.96875,0.0
10,10,0.0,0.0,0.0,0.0,0.0,0.0,0.0,0.0,0.0,0.03125,0.96875,0.0
10,10,0.0,0.0,0.0,0.0,0.0,0.0,0.0,0.0,0.0,0.03125,0.96875,0.0
10,10,0.0,0.0,0.0,0.0,0.0,0.0,0.0,0.0,0.0,0.03125,0.96875,0.0
10,10,0.0,0.0,0.0,0.0,0.0,0.0,0.0,0.0,0.0,0.03125,0.96875,0.0
10,10,0.0,0.0,0.0,0.0,0.0,0.0,0.0,0.0,0.0,0.03125,0.96875,0.0
10,10,0.0,0.0,0.0,0.0,0.0,0.0,0.0,0.0,0.0,0.03125,0.96875,0.0
10,10,0.0,0.0,0.0,0.0,0.0,0.0,0.0,0.0,0.0,0.03125,0.96875,0.0
10,10,0.0,0.0,0.0,0.0,0.0,0.0,0.0,0.0,0.0,0.03125,0.96875,0.0
10,10,0.0,0.0,0.0,0.0,0.0,0.0,0.0,0.0,0.0,0.03125,0.96875,0.0
10,10,0.0,0.0,0.0,0.0,0.0,0.0,0.0,0.0,0.0,0.03125,0.96875,0.0
10,10,0.0,0.0,0.0,0.0,0.0,0.0,0.0,0.0,0.0,0.03125,0.96875,0.0
10,10,0.0,0.0,0.0,0.0,0.0,0.0,0.0,0.0,0.0,0.03125,0.96875,0.0
10,10,0.0,0.0,0.0,0.0,0.0,0.0,0.0,0.0,0.0,0.03125,0.96875,0.0
10,10,0.0,0.0,0.0,0.0,0.0,0.0,0.0,0.0,0.0,0.03125,0.96875,0.0
10,10,0.0,0.0,0.0,0.0,0.0,0.0,0.0,0.0,0.0,0.03125,0.96875,0.0
10,10,0.0,0.0,0.0,0.0,0.0,0.0,0.0,0.0,0.0,0.03125,0.96875,0.0
10,10,0.0,0.0,0.0,0.0,0.0,0.0,0.0,0.0,0.0,0.03125,0.96875,0.0
10,10,0.0,0.0,0.0,0.0,0.0,0.0,0.0,0.0,0.0,0.03125,0.96875,0.0
10,10,0.0,0.0,0.0,0.0,0.0,0.0,0.0,0.0,0.0,0.03125,0.96875,0.0
10,10,0.0,0.0,0.0,0.0,0.0,0.0,0.0,0.0,0.0,0.03125,0.96875,0.0
10,10,0.0,0.0,0.0,0.0,0.0,0.0,0.0,0.0,0.0,0.03125,0.96875,0.0
10,10,0.0,0.0,0.0,0.0,0.0,0.0,0.0,0.0,0.0,0.03125,0.96875,0.0
10,10,0.0,0.0,0.0,0.0,0.0,0.0,0.0,0.0,0.0,0.03125,0.96875,0.0
10,10,0.0,0.0,0.0,0.0,0.0,0.0,0.0,0.0,0.0,0.03125,0.96875,0.0
10,10,0.0,0.0,0.0,0.0,0.0,0.0,0.0,0.0,0.0,0.03125,0.96875,0.0
10,10,0.0,0.0,0.0,0.0,0.0,0.0,0.0,0.0,0.0,0.03125,0.96875,0.0
10,10,0.0,0.0,0.0,0.0,0.0,0.0,0.0,0.0,0.0,0.03125,0.96875,0.0
10,10,0.0,0.0,0.0,0.0,0.0,0.0,0.0,0.0,0.0,0.03125,0.96875,0.0
10,10,0.0,0.0,0.0,0.0,0.0,0.0,0.0,0.0,0.0,0.03125,0.96875,0.0
10,10,0.0,0.0,0.0,0.0,0.0,0.0,0.0,0.0,0.0,0.03125,0.96875,0.0
10,10,0.0,0.0,0.0,0.0,0.0,0.0,0.0,0.0,0.0,0.03125,0.96875,0.0
10,10,0.0,0.0,0.0,0.0,0.0,0.0,0.0,0.0,0.0,0.03125,0.96875,0.0
10,10,0.0,0.0,0.0,0.0,0.0,0.0,0.0,0.0,0.0,0.03125,0.96875,0.0
10,10,0.0,0.0,0.0,0.0,0.0,0.0,0.0,0.0,0.0,0.03125,0.96875,0.0
10,10,0.0,0.0,0.0,0.0,0.0,0.0,0.0,0.0,0.0,0.03125,0.96875,0.0
10,10,0.0,0.0,0.0,0.0,0.0,0.0,0.0,0.0,0.0,0.03125,0.96875,0.0
10,10,0.0,0.0,0.0,0.0,0.0,0.0,0.0,0.0,0.0,0.03125,0.96875,0.0
10,10,0.0,0.0,0.0,0.0,0.0,0.0,0.0,0.0,0.0,0.03125,0.96875,0.0
10,10,0.0,0.0,0.0,0.0,0.0,0.0,0.0,0.0,0.0,0.03125,0.96875,0.0
10,10,0.0,0.0,0.0,0.0,0.0,0.0,0.0,0.0,0.0,0.03125,0.96875,0.0
10,10,0.0,0.0,0.0,0.0,0.0,0.0,0.0,0.0,0.0,0.03125,0.96875,0.0
10,10,0.0,0.0,0.0,0.0,0.0,0.0,0.0,0.0,0.0,0.03125,0.96875,0.0
10,10,0.0,0.0,0.0,0.0,0.0,0.0,0.0,0.0,0.0,0.03125,0.96875,0.0
10,10,0.0,0.0,0.0,0.0,0.0,0.0,0.0,0.0,0.0,0.03125,0.96875,0.0
10,10,0.0,0.0,0.0,0.0,0.0,0.0,0.0,0.0,0.0,0.03125,0.96875,0.0
10,10,0.0,0.0,0.0,0.0,0.0,0.0,0.0,0.0,0.0,0.03125,0.96875,0.0
10,10,0.0,0.0,0.0,0.0,0.0,0.0,0.0,0.0,0.0,0.03125,0.96875,0.0
10,10,0.0,0.0,0.0,0.0,0.0,0.0,0.0,0.0,0.0,0.03125,0.96875,0.0
10,10,0.0,0.0,0.0,0.0,0.0,0.0,0.0,0.0,0.0,0.03125,0.96875,0.0
10,10,0.0,0.0,0.0,0.0,0.0,0.0,0.0,0.0,0.0,0.03125,0.96875,0.0
10,10,0.0,0.0,0.0,0.0,0.0,0.0,0.0,0.0,0.0,0.03125,0.96875,0.0
10,10,0.0,0.0,0.0,0.0,0.0,0.0,0.0,0.0,0.0,0.03125,0.96875,0.0
10,10,0.0,0.0,0.0,0.0,0.0,0.0,0.0,0.0,0.0,0.03125,0.96875,0.0
10,10,0.0,0.0,0.0,0.0,0.0,0.0,0.0,0.0,0.0,0.03125,0.96875,0.0
10,10,0.0,0.0,0.0,0.0,0.0,0.0,0.0,0.0,0.0,0.03125,0.96875,0.0
10,10,0.0,0.0,0.0,0.0,0.0,0.0,0.0,0.0,0.0,0.03125,0.96875,0.0
10,10,0.0,0.0,0.0,0.0,0.0,0.0,0.0,0.0,0.0,0.03125,0.96875,0.0
10,10,0.0,0.0,0.0,0.0,0.0,0.0,0.0,0.0,0.0,0.03125,0.96875,0.0
10,10,0.0,0.0,0.0,0.0,0.0,0.0,0.0,0.0,0.0,0.03125,0.96875,0.0
10,10,0.0,0.0,0.0,0.0,0.0,0.0,0.0,0.0,0.0,0.03125,0.96875,0.0
10,10,0.0,0.0,0.0,0.0,0.0,0.0,0.0,0.0,0.0,0.03125,0.96875,0.0
10,10,0.0,0.0,0.0,0.0,0.0,0.0,0.0,0.0,0.0,0.03125,0.96875,0.0
10,10,0.0,0.0,0.0,0.0,0.0,0.0,0.0,0.0,0.0,0.03125,0.96875,0.0
10,10,0.0,0.0,0.0,0.0,0.0,0.0,0.0,0.0,0.0,0.03125,0.96875,0.0
10,10,0.0,0.0,0.0,0.0,0.0,0.0,0.0,0.0,0.0,0.03125,0.96875,0.0
10,10,0.0,0.0,0.0,0.0,0.0,0.0,0.0,0.0,0.0,0.03125,0.96875,0.0
10,10,0.0,0.0,0.0,0.0,0.0,0.0,0.0,0.0,0.0,0.03125,0.96875,0.0
10,10,0.0,0.0,0.0,0.0,0.0,0.0,0.0,0.0,0.0,0.03125,0.96875,0.0
10,10,0.0,0.0,0.0,0.0,0.0,0.0,0.0,0.0,0.0,0.03125,0.96875,0.0
10,10,0.0,0.0,0.0,0.0,0.0,0.0,0.0,0.0,0.0,0.03125,0.96875,0.0
10,10,0.0,0.0,0.0,0.0,0.0,0.0,0.0,0.0,0.0,0.03125,0.96875,0.0
10,10,0.0,0.0,0.0,0.0,0.0,0.0,0.0,0.0,0.0,0.03125,0.96875,0.0
10,10,0.0,0.0,0.0,0.0,0.0,0.0,0.0,0.0,0.0,0.03125,0.96875,0.0
10,10,0.0,0.0,0.0,0.0,0.0,0.0,0.0,0.0,0.0,0.03125,0.96875,0.0
10,10,0.0,0.0,0.0,0.0,0.0,0.0,0.0,0.0,0.0,0.03125,0.96875,0.0
10,10,0.0,0.0,0.0,0.0,0.0,0.0,0.0,0.0,0.0,0.03125,0.96875,0.0
10,10,0.0,0.0,0.0,0.0,0.0,0.0,0.0,0.0,0.0,0.03125,0.96875,0.0
10,10,0.0,0.0,0.0,0.0,0.0,0.0,0.0,0.0,0.0,0.03125,0.96875,0.0
10,10,0.0,0.0,0.0,0.0,0.0,0.0,0.0,0.0,0.0,0.03125,0.96875,0.0
10,10,0.0,0.0,0.0,0.0,0.0,0.0,0.0,0.0,0.0,0.03125,0.96875,0.0
10,10,0.0,0.0,0.0,0.0,0.0,0.0,0.0,0.0,0.0,0.03125,0.96875,0.0
10,10,0.0,0.0,0.0,0.0,0.0,0.0,0.0,0.0,0.0,0.03125,0.96875,0.0
10,10,0.0,0.0,0.0,0.0,0.0,0.0,0.0,0.0,0.0,0.03125,0.96875,0.0
10,10,0.0,0.0,0.0,0.0,0.0,0.0,0.0,0.0,0.0,0.03125,0.96875,0.0
10,10,0.0,0.0,0.0,0.0,0.0,0.0,0.0,0.0,0.0,0.03125,0.96875,0.0
10,10,0.0,0.0,0.0,0.0,0.0,0.0,0.0,0.0,0.0,0.03125,0.96875,0.0
10,10,0.0,0.0,0.0,0.0,0.0,0.0,0.0,0.0,0.0,0.03125,0.96875,0.0
10,10,0.0,0.0,0.0,0.0,0.0,0.0,0.0,0.0,0.0,0.03125,0.96875,0.0
10,10,0.0,0.0,0.0,0.0,0.0,0.0,0.0,0.0,0.0,0.03125,0.96875,0.0
10,10,0.0,0.0,0.0,0.0,0.0,0.0,0.0,0.0,0.0,0.03125,0.96875,0.0
10,10,0.0,0.0,0.0,0.0,0.0,0.0,0.0,0.0,0.0,0.03125,0.96875,0.0
10,10,0.0,0.0,0.0,0.0,0.0,0.0,0.0,0.0,0.0,0.03125,0.96875,0.0
10,10,0.0,0.0,0.0,0.0,0.0,0.0,0.0,0.0,0.0,0.03125,0.96875,0.0
10,10,0.0,0.0,0.0,0.0,0.0,0.0,0.0,0.0,0.0,0.03125,0.96875,0.0
10,10,0.0,0.0,0.0,0.0,0.0,0.0,0.0,0.0,0.0,0.03125,0.96875,0.0
10,10,0.0,0.0,0.0,0.0,0.0,0.0,0.0,0.0,0.0,0.03125,0.96875,0.0
10,10,0.0,0.0,0.0,0.0,0.0,0.0,0.0,0.0,0.0,0.03125,0.96875,0.0
10,10,0.0,0.0,0.0,0.0,0.0,0.0,0.0,0.0,0.0,0.03125,0.96875,0.0
10,10,0.0,0.0,0.0,0.0,0.0,0.0,0.0,0.0,0.0,0.03125,0.96875,0.0
10,10,0.0,0.0,0.0,0.0,0.0,0.0,0.0,0.0,0.0,0.03125,0.96875,0.0
10,10,0.0,0.0,0.0,0.0,0.0,0.0,0.0,0.0,0.0,0.03125,0.96875,0.0
10,10,0.0,0.0,0.0,0.0,0.0,0.0,0.0,0.0,0.0,0.03125,0.96875,0.0
10,10,0.0,0.0,0.0,0.0,0.0,0.0,0.0,0.0,0.0,0.03125,0.96875,0.0
10,10,0.0,0.0,0.0,0.0,0.0,0.0,0.0,0.0,0.0,0.03125,0.96875,0.0
10,10,0.0,0.0,0.0,0.0,0.0,0.0,0.0,0.0,0.0,0.03125,0.96875,0.0
10,10,0.0,0.0,0.0,0.0,0.0,0.0,0.0,0.0,0.0,0.03125,0.96875,0.0
10,10,0.0,0.0,0.0,0.0,0.0,0.0,0.0,0.0,0.0,0.03125,0.96875,0.0
10,10,0.0,0.0,0.0,0.0,0.0,0.0,0.0,0.0,0.0,0.03125,0.96875,0.0
10,10,0.0,0.0,0.0,0.0,0.0,0.0,0.0,0.0,0.0,0.03125,0.96875,0.0
10,10,0.0,0.0,0.0,0.0,0.0,0.0,0.0,0.0,0.0,0.03125,0.96875,0.0
10,10,0.0,0.0,0.0,0.0,0.0,0.0,0.0,0.0,0.0,0.03125,0.96875,0.0
10,10,0.0,0.0,0.0,0.0,0.0,0.0,0.0,0.0,0.0,0.03125,0.96875,0.0
10,10,0.0,0.0,0.0,0.0,0.0,0.0,0.0,0.0,0.0,0.03125,0.96875,0.0
10,10,0.0,0.0,0.0,0.0,0.0,0.0,0.0,0.0,0.0,0.03125,0.96875,0.0
10,10,0.0,0.0,0.0,0.0,0.0,0.0,0.0,0.0,0.0,0.03125,0.96875,0.0
10,10,0.0,0.0,0.0,0.0,0.0,0.0,0.0,0.0,0.0,0.03125,0.96875,0.0
10,10,0.0,0.0,0.0,0.0,0.0,0.0,0.0,0.0,0.0,0.03125,0.96875,0.0
10,10,0.0,0.0,0.0,0.0,0.0,0.0,0.0,0.0,0.0,0.03125,0.96875,0.0
10,10,0.0,0.0,0.0,0.0,0.0,0.0,0.0,0.0,0.0,0.03125,0.96875,0.0
10,10,0.0,0.0,0.0,0.0,0.0,0.0,0.0,0.0,0.0,0.03125,0.96875,0.0
10,10,0.0,0.0,0.0,0.0,0.0,0.0,0.0,0.0,0.0,0.03125,0.96875,0.0
10,10,0.0,0.0,0.0,0.0,0.0,0.0,0.0,0.0,0.0,0.03125,0.96875,0.0
10,10,0.0,0.0,0.0,0.0,0.0,0.0,0.0,0.0,0.0,0.03125,0.96875,0.0
10,10,0.0,0.0,0.0,0.0,0.0,0.0,0.0,0.0,0.0,0.03125,0.96875,0.0
10,10,0.0,0.0,0.0,0.0,0.0,0.0,0.0,0.0,0.0,0.03125,0.96875,0.0
10,10,0.0,0.0,0.0,0.0,0.0,0.0,0.0,0.0,0.0,0.03125,0.96875,0.0
10,10,0.0,0.0,0.0,0.0,0.0,0.0,0.0,0.0,0.0,0.03125,0.96875,0.0
10,10,0.0,0.0,0.0,0.0,0.0,0.0,0.0,0.0,0.0,0.03125,0.96875,0.0
10,10,0.0,0.0,0.0,0.0,0.0,0.0,0.0,0.0,0.0,0.03125,0.96875,0.0
10,10,0.0,0.0,0.0,0.0,0.0,0.0,0.0,0.0,0.0,0.03125,0.96875,0.0
10,10,0.0,0.0,0.0,0.0,0.0,0.0,0.0,0.0,0.0,0.03125,0.96875,0.0
10,10,0.0,0.0,0.0,0.0,0.0,0.0,0.0,0.0,0.0,0.03125,0.96875,0.0
10,10,0.0,0.0,0.0,0.0,0.0,0.0,0.0,0.0,0.0,0.03125,0.96875,0.0
10,10,0.0,0.0,0.0,0.0,0.0,0.0,0.0,0.0,0.0,0.03125,0.96875,0.0
10,10,0.0,0.0,0.0,0.0,0.0,0.0,0.0,0.0,0.0,0.03125,0.96875,0.0
10,10,0.0,0.0,0.0,0.0,0.0,0.0,0.0,0.0,0.0,0.03125,0.96875,0.0
10,10,0.0,0.0,0.0,0.0,0.0,0.0,0.0,0.0,0.0,0.03125,0.96875,0.0
10,10,0.0,0.0,0.0,0.0,0.0,0.0,0.0,0.0,0.0,0.03125,0.96875,0.0
10,10,0.0,0.0,0.0,0.0,0.0,0.0,0.0,0.0,0.0,0.03125,0.96875,0.0
10,10,0.0,0.0,0.0,0.0,0.0,0.0,0.0,0.0,0.0,0.03125,0.96875,0.0
10,10,0.0,0.0,0.0,0.0,0.0,0.0,0.0,0.0,0.0,0.03125,0.96875,0.0
10,10,0.0,0.0,0.0,0.0,0.0,0.0,0.0,0.0,0.0,0.03125,0.96875,0.0
10,10,0.0,0.0,0.0,0.0,0.0,0.0,0.0,0.0,0.0,0.03125,0.96875,0.0
10,10,0.0,0.0,0.0,0.0,0.0,0.0,0.0,0.0,0.0,0.03125,0.96875,0.0
10,10,0.0,0.0,0.0,0.0,0.0,0.0,0.0,0.0,0.0,0.03125,0.96875,0.0
10,10,0.0,0.0,0.0,0.0,0.0,0.0,0.0,0.0,0.0,0.03125,0.96875,0.0
10,10,0.0,0.0,0.0,0.0,0.0,0.0,0.0,0.0,0.0,0.03125,0.96875,0.0
10,10,0.0,0.0,0.0,0.0,0.0,0.0,0.0,0.0,0.0,0.03125,0.96875,0.0
10,10,0.0,0.0,0.0,0.0,0.0,0.0,0.0,0.0,0.0,0.03125,0.96875,0.0
10,10,0.0,0.0,0.0,0.0,0.0,0.0,0.0,0.0,0.0,0.03125,0.96875,0.0
10,10,0.0,0.0,0.0,0.0,0.0,0.0,0.0,0.0,0.0,0.03125,0.96875,0.0
10,10,0.0,0.0,0.0,0.0,0.0,0.0,0.0,0.0,0.0,0.03125,0.96875,0.0
10,10,0.0,0.0,0.0,0.0,0.0,0.0,0.0,0.0,0.0,0.03125,0.96875,0.0
10,10,0.0,0.0,0.0,0.0,0.0,0.0,0.0,0.0,0.0,0.03125,0.96875,0.0
10,10,0.0,0.0,0.0,0.0,0.0,0.0,0.0,0.0,0.0,0.03125,0.96875,0.0
10,10,0.0,0.0,0.0,0.0,0.0,0.0,0.0,0.0,0.0,0.03125,0.96875,0.0
10,10,0.0,0.0,0.0,0.0,0.0,0.0,0.0,0.0,0.0,0.03125,0.96875,0.0
10,10,0.0,0.0,0.0,0.0,0.0,0.0,0.0,0.0,0.0,0.03125,0.96875,0.0
10,10,0.0,0.0,0.0,0.0,0.0,0.0,0.0,0.0,0.0,0.03125,0.96875,0.0
10,10,0.0,0.0,0.0,0.0,0.0,0.0,0.0,0.0,0.0,0.03125,0.96875,0.0
10,10,0.0,0.0,0.0,0.0,0.0,0.0,0.0,0.0,0.0,0.03125,0.96875,0.0
10,10,0.0,0.0,0.0,0.0,0.0,0.0,0.0,0.0,0.0,0.03125,0.96875,0.0
10,10,0.0,0.0,0.0,0.0,0.0,0.0,0.0,0.0,0.0,0.03125,0.96875,0.0
10,10,0.0,0.0,0.0,0.0,0.0,0.0,0.0,0.0,0.0,0.03125,0.96875,0.0
10,10,0.0,0.0,0.0,0.0,0.0,0.0,0.0,0.0,0.0,0.03125,0.96875,0.0
10,10,0.0,0.0,0.0,0.0,0.0,0.0,0.0,0.0,0.0,0.03125,0.96875,0.0
10,10,0.0,0.0,0.0,0.0,0.0,0.0,0.0,0.0,0.0,0.03125,0.96875,0.0
10,10,0.0,0.0,0.0,0.0,0.0,0.0,0.0,0.0,0.0,0.03125,0.96875,0.0
10,10,0.0,0.0,0.0,0.0,0.0,0.0,0.0,0.0,0.0,0.03125,0.96875,0.0
10,10,0.0,0.0,0.0,0.0,0.0,0.0,0.0,0.0,0.0,0.03125,0.96875,0.0
10,10,0.0,0.0,0.0,0.0,0.0,0.0,0.0,0.0,0.0,0.03125,0.96875,0.0
10,10,0.0,0.0,0.0,0.0,0.0,0.0,0.0,0.0,0.0,0.03125,0.96875,0.0
10,10,0.0,0.0,0.0,0.0,0.0,0.0,0.0,0.0,0.0,0.03125,0.96875,0.0
10,10,0.0,0.0,0.0,0.0,0.0,0.0,0.0,0.0,0.0,0.03125,0.96875,0.0
10,10,0.0,0.0,0.0,0.0,0.0,0.0,0.0,0.0,0.0,0.03125,0.96875,0.0
10,10,0.0,0.0,0.0,0.0,0.0,0.0,0.0,0.0,0.0,0.03125,0.96875,0.0
10,10,0.0,0.0,0.0,0.0,0.0,0.0,0.0,0.0,0.0,0.03125,0.96875,0.0
10,10,0.0,0.0,0.0,0.0,0.0,0.0,0.0,0.0,0.0,0.03125,0.96875,0.0
10,10,0.0,0.0,0.0,0.0,0.0,0.0,0.0,0.0,0.0,0.03125,0.96875,0.0
10,10,0.0,0.0,0.0,0.0,0.0,0.0,0.0,0.0,0.0,0.03125,0.96875,0.0
10,10,0.0,0.0,0.0,0.0,0.0,0.0,0.0,0.0,0.0,0.03125,0.96875,0.0
10,10,0.0,0.0,0.0,0.0,0.0,0.0,0.0,0.0,0.0,0.03125,0.96875,0.0
10,10,0.0,0.0,0.0,0.0,0.0,0.0,0.0,0.0,0.0,0.03125,0.96875,0.0
10,10,0.0,0.0,0.0,0.0,0.0,0.0,0.0,0.0,0.0,0.03125,0.96875,0.0
10,10,0.0,0.0,0.0,0.0,0.0,0.0,0.0,0.0,0.0,0.03125,0.96875,0.0
10,10,0.0,0.0,0.0,0.0,0.0,0.0,0.0,0.0,0.0,0.03125,0.96875,0.0
10,10,0.0,0.0,0.0,0.0,0.0,0.0,0.0,0.0,0.0,0.03125,0.96875,0.0
10,10,0.0,0.0,0.0,0.0,0.0,0.0,0.0,0.0,0.0,0.03125,0.96875,0.0
10,10,0.0,0.0,0.0,0.0,0.0,0.0,0.0,0.0,0.0,0.03125,0.96875,0.0
10,10,0.0,0.0,0.0,0.0,0.0,0.0,0.0,0.0,0.0,0.03125,0.96875,0.0
10,10,0.0,0.0,0.0,0.0,0.0,0.0,0.0,0.0,0.0,0.03125,0.96875,0.0
10,10,0.0,0.0,0.0,0.0,0.0,0.0,0.0,0.0,0.0,0.03125,0.96875,0.0
10,10,0.0,0.0,0.0,0.0,0.0,0.0,0.0,0.0,0.0,0.03125,0.96875,0.0
10,10,0.0,0.0,0.0,0.0,0.0,0.0,0.0,0.0,0.0,0.03125,0.96875,0.0
10,10,0.0,0.0,0.0,0.0,0.0,0.0,0.0,0.0,0.0,0.03125,0.96875,0.0
10,10,0.0,0.0,0.0,0.0,0.0,0.0,0.0,0.0,0.0,0.03125,0.96875,0.0
10,10,0.0,0.0,0.0,0.0,0.0,0.0,0.0,0.0,0.0,0.03125,0.96875,0.0
10,10,0.0,0.0,0.0,0.0,0.0,0.0,0.0,0.0,0.0,0.03125,0.96875,0.0
10,10,0.0,0.0,0.0,0.0,0.0,0.0,0.0,0.0,0.0,0.03125,0.96875,0.0
10,10,0.0,0.0,0.0,0.0,0.0,0.0,0.0,0.0,0.0,0.03125,0.96875,0.0
10,10,0.0,0.0,0.0,0.0,0.0,0.0,0.0,0.0,0.0,0.03125,0.96875,0.0
10,10,0.0,0.0,0.0,0.0,0.0,0.0,0.0,0.0,0.0,0.03125,0.96875,0.0
10,10,0.0,0.0,0.0,0.0,0.0,0.0,0.0,0.0,0.0,0.03125,0.96875,0.0
10,10,0.0,0.0,0.0,0.0,0.0,0.0,0.0,0.0,0.0,0.03125,0.96875,0.0
10,10,0.0,0.0,0.0,0.0,0.0,0.0,0.0,0.0,0.0,0.03125,0.96875,0.0
10,10,0.0,0.0,0.0,0.0,0.0,0.0,0.0,0.0,0.0,0.03125,0.96875,0.0
10,10,0.0,0.0,0.0,0.0,0.0,0.0,0.0,0.0,0.0,0.03125,0.96875,0.0
10,10,0.0,0.0,0.0,0.0,0.0,0.0,0.0,0.0,0.0,0.03125,0.96875,0.0
10,10,0.0,0.0,0.0,0.0,0.0,0.0,0.0,0.0,0.0,0.03125,0.96875,0.0
10,10,0.0,0.0,0.0,0.0,0.0,0.0,0.0,0.0,0.0,0.03125,0.96875,0.0
10,10,0.0,0.0,0.0,0.0,0.0,0.0,0.0,0.0,0.0,0.03125,0.96875,0.0
10,10,0.0,0.0,0.0,0.0,0.0,0.0,0.0,0.0,0.0,0.03125,0.96875,0.0
10,10,0.0,0.0,0.0,0.0,0.0,0.0,0.0,0.0,0.0,0.03125,0.96875,0.0
10,10,0.0,0.0,0.0,0.0,0.0,0.0,0.0,0.0,0.0,0.03125,0.96875,0.0
10,10,0.0,0.0,0.0,0.0,0.0,0.0,0.0,0.0,0.0,0.03125,0.96875,0.0
10,10,0.0,0.0,0.0,0.0,0.0,0.0,0.0,0.0,0.0,0.03125,0.96875,0.0
10,10,0.0,0.0,0.0,0.0,0.0,0.0,0.0,0.0,0.0,0.03125,0.96875,0.0
10,10,0.0,0.0,0.0,0.0,0.0,0.0,0.0,0.0,0.0,0.03125,0.96875,0.0
10,10,0.0,0.0,0.0,0.0,0.0,0.0,0.0,0.0,0.0,0.03125,0.96875,0.0
10,10,0.0,0.0,0.0,0.0,0.0,0.0,0.0,0.0,0.0,0.03125,0.96875,0.0
10,10,0.0,0.0,0.0,0.0,0.0,0.0,0.0,0.0,0.0,0.03125,0.96875,0.0
10,10,0.0,0.0,0.0,0.0,0.0,0.0,0.0,0.0,0.0,0.03125,0.96875,0.0
10,10,0.0,0.0,0.0,0.0,0.0,0.0,0.0,0.0,0.0,0.03125,0.96875,0.0
10,10,0.0,0.0,0.0,0.0,0.0,0.0,0.0,0.0,0.0,0.03125,0.96875,0.0
10,10,0.0,0.0,0.0,0.0,0.0,0.0,0.0,0.0,0.0,0.03125,0.96875,0.0
10,10,0.0,0.0,0.0,0.0,0.0,0.0,0.0,0.0,0.0,0.03125,0.96875,0.0
10,10,0.0,0.0,0.0,0.0,0.0,0.0,0.0,0.0,0.0,0.03125,0.96875,0.0
10,10,0.0,0.0,0.0,0.0,0.0,0.0,0.0,0.0,0.0,0.03125,0.96875,0.0
10,10,0.0,0.0,0.0,0.0,0.0,0.0,0.0,0.0,0.0,0.03125,0.96875,0.0
10,10,0.0,0.0,0.0,0.0,0.0,0.0,0.0,0.0,0.0,0.03125,0.96875,0.0
10,10,0.0,0.0,0.0,0.0,0.0,0.0,0.0,0.0,0.0,0.03125,0.96875,0.0
10,10,0.0,0.0,0.0,0.0,0.0,0.0,0.0,0.0,0.0,0.03125,0.96875,0.0
10,10,0.0,0.0,0.0,0.0,0.0,0.0,0.0,0.0,0.0,0.03125,0.96875,0.0
10,10,0.0,0.0,0.0,0.0,0.0,0.0,0.0,0.0,0.0,0.03125,0.96875,0.0
10,10,0.0,0.0,0.0,0.0,0.0,0.0,0.0,0.0,0.0,0.03125,0.96875,0.0
10,10,0.0,0.0,0.0,0.0,0.0,0.0,0.0,0.0,0.0,0.03125,0.96875,0.0
10,10,0.0,0.0,0.0,0.0,0.0,0.0,0.0,0.0,0.0,0.03125,0.96875,0.0
10,10,0.0,0.0,0.0,0.0,0.0,0.0,0.0,0.0,0.0,0.03125,0.96875,0.0
10,10,0.0,0.0,0.0,0.0,0.0,0.0,0.0,0.0,0.0,0.03125,0.96875,0.0
10,10,0.0,0.0,0.0,0.0,0.0,0.0,0.0,0.0,0.0,0.03125,0.96875,0.0
10,10,0.0,0.0,0.0,0.0,0.0,0.0,0.0,0.0,0.0,0.03125,0.96875,0.0
10,10,0.0,0.0,0.0,0.0,0.0,0.0,0.0,0.0,0.0,0.03125,0.96875,0.0
10,10,0.0,0.0,0.0,0.0,0.0,0.0,0.0,0.0,0.0,0.03125,0.96875,0.0
10,10,0.0,0.0,0.0,0.0,0.0,0.0,0.0,0.0,0.0,0.03125,0.96875,0.0
10,10,0.0,0.0,0.0,0.0,0.0,0.0,0.0,0.0,0.0,0.03125,0.96875,0.0
10,10,0.0,0.0,0.0,0.0,0.0,0.0,0.0,0.0,0.0,0.03125,0.96875,0.0
10,10,0.0,0.0,0.0,0.0,0.0,0.0,0.0,0.0,0.0,0.03125,0.96875,0.0
10,10,0.0,0.0,0.0,0.0,0.0,0.0,0.0,0.0,0.0,0.03125,0.96875,0.0
10,10,0.0,0.0,0.0,0.0,0.0,0.0,0.0,0.0,0.0,0.03125,0.96875,0.0
10,10,0.0,0.0,0.0,0.0,0.0,0.0,0.0,0.0,0.0,0.03125,0.96875,0.0
10,10,0.0,0.0,0.0,0.0,0.0,0.0,0.0,0.0,0.0,0.03125,0.96875,0.0
10,10,0.0,0.0,0.0,0.0,0.0,0.0,0.0,0.0,0.0,0.03125,0.96875,0.0
10,10,0.0,0.0,0.0,0.0,0.0,0.0,0.0,0.0,0.0,0.03125,0.96875,0.0
10,10,0.0,0.0,0.0,0.0,0.0,0.0,0.0,0.0,0.0,0.03125,0.96875,0.0
10,10,0.0,0.0,0.0,0.0,0.0,0.0,0.0,0.0,0.0,0.03125,0.96875,0.0
10,10,0.0,0.0,0.0,0.0,0.0,0.0,0.0,0.0,0.0,0.03125,0.96875,0.0
10,10,0.0,0.0,0.0,0.0,0.0,0.0,0.0,0.0,0.0,0.03125,0.96875,0.0
10,10,0.0,0.0,0.0,0.0,0.0,0.0,0.0,0.0,0.0,0.03125,0.96875,0.0
10,10,0.0,0.0,0.0,0.0,0.0,0.0,0.0,0.0,0.0,0.03125,0.96875,0.0
10,10,0.0,0.0,0.0,0.0,0.0,0.0,0.0,0.0,0.0,0.03125,0.96875,0.0
10,10,0.0,0.0,0.0,0.0,0.0,0.0,0.0,0.0,0.0,0.03125,0.96875,0.0
10,10,0.0,0.0,0.0,0.0,0.0,0.0,0.0,0.0,0.0,0.03125,0.96875,0.0
10,10,0.0,0.0,0.0,0.0,0.0,0.0,0.0,0.0,0.0,0.03125,0.96875,0.0
10,10,0.0,0.0,0.0,0.0,0.0,0.0,0.0,0.0,0.0,0.03125,0.96875,0.0
10,10,0.0,0.0,0.0,0.0,0.0,0.0,0.0,0.0,0.0,0.03125,0.96875,0.0
10,10,0.0,0.0,0.0,0.0,0.0,0.0,0.0,0.0,0.0,0.03125,0.96875,0.0
10,10,0.0,0.0,0.0,0.0,0.0,0.0,0.0,0.0,0.0,0.03125,0.96875,0.0
10,10,0.0,0.0,0.0,0.0,0.0,0.0,0.0,0.0,0.0,0.03125,0.96875,0.0
10,10,0.0,0.0,0.0,0.0,0.0,0.0,0.0,0.0,0.0,0.03125,0.96875,0.0
10,10,0.0,0.0,0.0,0.0,0.0,0.0,0.0,0.0,0.0,0.03125,0.96875,0.0
10,10,0.0,0.0,0.0,0.0,0.0,0.0,0.0,0.0,0.0,0.03125,0.96875,0.0
10,10,0.0,0.0,0.0,0.0,0.0,0.0,0.0,0.0,0.0,0.03125,0.96875,0.0
10,10,0.0,0.0,0.0,0.0,0.0,0.0,0.0,0.0,0.0,0.03125,0.96875,0.0
10,10,0.0,0.0,0.0,0.0,0.0,0.0,0.0,0.0,0.0,0.03125,0.96875,0.0
10,10,0.0,0.0,0.0,0.0,0.0,0.0,0.0,0.0,0.0,0.03125,0.96875,0.0
10,10,0.0,0.0,0.0,0.0,0.0,0.0,0.0,0.0,0.0,0.03125,0.96875,0.0
10,10,0.0,0.0,0.0,0.0,0.0,0.0,0.0,0.0,0.0,0.03125,0.96875,0.0
10,10,0.0,0.0,0.0,0.0,0.0,0.0,0.0,0.0,0.0,0.03125,0.96875,0.0
10,10,0.0,0.0,0.0,0.0,0.0,0.0,0.0,0.0,0.0,0.03125,0.96875,0.0
10,10,0.0,0.0,0.0,0.0,0.0,0.0,0.0,0.0,0.0,0.03125,0.96875,0.0
10,10,0.0,0.0,0.0,0.0,0.0,0.0,0.0,0.0,0.0,0.03125,0.96875,0.0
10,10,0.0,0.0,0.0,0.0,0.0,0.0,0.0,0.0,0.0,0.03125,0.96875,0.0
10,10,0.0,0.0,0.0,0.0,0.0,0.0,0.0,0.0,0.0,0.03125,0.96875,0.0
10,10,0.0,0.0,0.0,0.0,0.0,0.0,0.0,0.0,0.0,0.03125,0.96875,0.0
10,10,0.0,0.0,0.0,0.0,0.0,0.0,0.0,0.0,0.0,0.03125,0.96875,0.0
10,10,0.0,0.0,0.0,0.0,0.0,0.0,0.0,0.0,0.0,0.03125,0.96875,0.0
10,10,0.0,0.0,0.0,0.0,0.0,0.0,0.0,0.0,0.0,0.03125,0.96875,0.0
10,10,0.0,0.0,0.0,0.0,0.0,0.0,0.0,0.0,0.0,0.03125,0.96875,0.0
10,10,0.0,0.0,0.0,0.0,0.0,0.0,0.0,0.0,0.0,0.03125,0.96875,0.0
10,10,0.0,0.0,0.0,0.0,0.0,0.0,0.0,0.0,0.0,0.03125,0.96875,0.0
10,10,0.0,0.0,0.0,0.0,0.0,0.0,0.0,0.0,0.0,0.03125,0.96875,0.0
10,10,0.0,0.0,0.0,0.0,0.0,0.0,0.0,0.0,0.0,0.03125,0.96875,0.0
10,10,0.0,0.0,0.0,0.0,0.0,0.0,0.0,0.0,0.0,0.03125,0.96875,0.0
10,10,0.0,0.0,0.0,0.0,0.0,0.0,0.0,0.0,0.0,0.03125,0.96875,0.0
10,10,0.0,0.0,0.0,0.0,0.0,0.0,0.0,0.0,0.0,0.03125,0.96875,0.0
10,10,0.0,0.0,0.0,0.0,0.0,0.0,0.0,0.0,0.0,0.03125,0.96875,0.0
10,10,0.0,0.0,0.0,0.0,0.0,0.0,0.0,0.0,0.0,0.03125,0.96875,0.0
10,10,0.0,0.0,0.0,0.0,0.0,0.0,0.0,0.0,0.0,0.03125,0.96875,0.0
10,10,0.0,0.0,0.0,0.0,0.0,0.0,0.0,0.0,0.0,0.03125,0.96875,0.0
10,10,0.0,0.0,0.0,0.0,0.0,0.0,0.0,0.0,0.0,0.03125,0.96875,0.0
10,10,0.0,0.0,0.0,0.0,0.0,0.0,0.0,0.0,0.0,0.03125,0.96875,0.0
10,10,0.0,0.0,0.0,0.0,0.0,0.0,0.0,0.0,0.0,0.03125,0.96875,0.0
10,10,0.0,0.0,0.0,0.0,0.0,0.0,0.0,0.0,0.0,0.03125,0.96875,0.0
10,10,0.0,0.0,0.0,0.0,0.0,0.0,0.0,0.0,0.0,0.03125,0.96875,0.0
10,10,0.0,0.0,0.0,0.0,0.0,0.0,0.0,0.0,0.0,0.03125,0.96875,0.0
10,10,0.0,0.0,0.0,0.0,0.0,0.0,0.0,0.0,0.0,0.03125,0.96875,0.0
10,10,0.0,0.0,0.0,0.0,0.0,0.0,0.0,0.0,0.0,0.03125,0.96875,0.0
10,10,0.0,0.0,0.0,0.0,0.0,0.0,0.0,0.0,0.0,0.03125,0.96875,0.0
10,10,0.0,0.0,0.0,0.0,0.0,0.0,0.0,0.0,0.0,0.03125,0.96875,0.0
10,10,0.0,0.0,0.0,0.0,0.0,0.0,0.0,0.0,0.0,0.03125,0.96875,0.0
10,10,0.0,0.0,0.0,0.0,0.0,0.0,0.0,0.0,0.0,0.03125,0.96875,0.0
10,10,0.0,0.0,0.0,0.0,0.0,0.0,0.0,0.0,0.0,0.03125,0.96875,0.0
10,10,0.0,0.0,0.0,0.0,0.0,0.0,0.0,0.0,0.0,0.03125,0.96875,0.0
10,10,0.0,0.0,0.0,0.0,0.0,0.0,0.0,0.0,0.0,0.03125,0.96875,0.0
10,10,0.0,0.0,0.0,0.0,0.0,0.0,0.0,0.0,0.0,0.03125,0.96875,0.0
10,10,0.0,0.0,0.0,0.0,0.0,0.0,0.0,0.0,0.0,0.03125,0.96875,0.0
10,10,0.0,0.0,0.0,0.0,0.0,0.0,0.0,0.0,0.0,0.03125,0.96875,0.0
10,10,0.0,0.0,0.0,0.0,0.0,0.0,0.0,0.0,0.0,0.046875,0.953125,0.0
10,10,0.0,0.0,0.0,0.0,0.0,0.0,0.0,0.0,0.0,0.046875,0.953125,0.0
10,10,0.0,0.0,0.0,0.0,0.0,0.0,0.0,0.0,0.0,0.046875,0.953125,0.0
10,10,0.0,0.0,0.0,0.0,0.0,0.0,0.0,0.0,0.0,0.046875,0.953125,0.0
10,10,0.0,0.0,0.0,0.0,0.0,0.0,0.0,0.0,0.0,0.046875,0.953125,0.0
10,10,0.0,0.0,0.0,0.0,0.0,0.0,0.0,0.0,0.0,0.046875,0.953125,0.0
10,10,0.0,0.0,0.0,0.0,0.0,0.0,0.0,0.0,0.0,0.046875,0.953125,0.0
10,10,0.0,0.0,0.0,0.0,0.0,0.0,0.0,0.0,0.0,0.046875,0.953125,0.0
10,10,0.0,0.0,0.015625,0.0,0.0,0.0,0.0,0.0,0.0,0.046875,0.9375,0.0
10,10,0.0,0.0,0.015625,0.0,0.0,0.0,0.0,0.0,0.0,0.046875,0.9375,0.0
10,10,0.0,0.0,0.015625,0.0,0.0,0.0,0.0,0.0,0.0,0.046875,0.9375,0.0
10,10,0.0,0.0,0.015625,0.0,0.0,0.0,0.0,0.0,0.0,0.046875,0.9375,0.0
10,10,0.0,0.0,0.015625,0.0,0.0,0.0,0.0,0.0,0.0,0.046875,0.9375,0.0
10,10,0.0,0.0,0.015625,0.0,0.0,0.0,0.0,0.0,0.0,0.046875,0.9375,0.0
10,10,0.0,0.0,0.015625,0.0,0.0,0.0,0.0,0.0,0.0,0.046875,0.9375,0.0
10,10,0.0,0.0,0.015625,0.0,0.0,0.0,0.0,0.0,0.0,0.046875,0.9375,0.0
10,10,0.0,0.0,0.015625,0.0,0.0,0.0,0.0,0.0,0.0,0.046875,0.9375,0.0
10,10,0.0,0.0,0.015625,0.0,0.0,0.0,0.0,0.0,0.0,0.046875,0.9375,0.0
10,10,0.0,0.0,0.015625,0.0,0.0,0.0,0.0,0.0,0.0,0.046875,0.9375,0.0
10,10,0.0,0.0,0.015625,0.0,0.0,0.0,0.0,0.0,0.0,0.046875,0.9375,0.0
10,10,0.0,0.0,0.015625,0.0,0.0,0.0,0.0,0.0,0.0,0.046875,0.9375,0.0
10,10,0.0,0.0,0.015625,0.0,0.0,0.0,0.0,0.0,0.0,0.046875,0.9375,0.0
10,10,0.0,0.0,0.015625,0.0,0.0,0.0,0.0,0.0,0.0,0.046875,0.9375,0.0
10,10,0.0,0.0,0.015625,0.0,0.0,0.0,0.0,0.0,0.0,0.046875,0.9375,0.0
10,10,0.0,0.0,0.015625,0.0,0.0,0.0,0.0,0.0,0.0,0.046875,0.9375,0.0
10,10,0.0,0.0,0.015625,0.0,0.0,0.0,0.0,0.0,0.0,0.046875,0.9375,0.0
10,10,0.0,0.0,0.015625,0.0,0.0,0.0,0.0,0.0,0.0,0.046875,0.9375,0.0
10,10,0.0,0.0,0.015625,0.0,0.0,0.0,0.0,0.0,0.0,0.046875,0.9375,0.0
10,10,0.0,0.0,0.015625,0.0,0.0,0.0,0.0,0.0,0.0,0.046875,0.9375,0.0
10,10,0.0,0.0,0.015625,0.0,0.0,0.0,0.0,0.0,0.0,0.046875,0.9375,0.0
10,10,0.0,0.0,0.015625,0.0,0.0,0.0,0.0,0.0,0.0,0.046875,0.9375,0.0
10,10,0.0,0.0,0.015625,0.0,0.0,0.0,0.0,0.0,0.0,0.046875,0.9375,0.0
10,10,0.0,0.0,0.015625,0.0,0.0,0.0,0.0,0.0,0.0,0.046875,0.921875,0.015625
10,10,0.0,0.0,0.015625,0.0,0.0,0.0,0.0,0.0,0.0,0.046875,0.921875,0.015625
10,10,0.0,0.0,0.015625,0.0,0.0,0.0,0.0,0.0,0.0,0.046875,0.921875,0.015625
10,10,0.0,0.0,0.015625,0.0,0.0,0.0,0.0,0.0,0.0,0.046875,0.921875,0.015625
10,10,0.0,0.0,0.015625,0.0,0.0,0.0,0.0,0.0,0.0,0.046875,0.921875,0.015625
10,10,0.0,0.0,0.015625,0.0,0.0,0.0,0.0,0.0,0.0,0.046875,0.921875,0.015625
10,10,0.0,0.0,0.015625,0.0,0.0,0.0,0.0,0.0,0.0,0.046875,0.921875,0.015625
10,10,0.0,0.0,0.015625,0.0,0.0,0.0,0.0,0.0,0.0,0.046875,0.921875,0.015625
10,10,0.0,0.0,0.015625,0.0,0.0,0.0,0.0,0.0,0.0,0.046875,0.921875,0.015625
10,10,0.0,0.0,0.015625,0.0,0.0,0.0,0.0,0.0,0.0,0.046875,0.921875,0.015625
10,10,0.0,0.0,0.015625,0.0,0.0,0.0,0.0,0.0,0.0,0.046875,0.921875,0.015625
10,10,0.0,0.0,0.015625,0.0,0.0,0.0,0.0,0.0,0.0,0.046875,0.921875,0.015625
10,10,0.0,0.0,0.015625,0.0,0.0,0.0,0.0,0.0,0.0,0.046875,0.90625,0.03125
10,10,0.0,0.0,0.015625,0.0,0.0,0.0,0.0,0.0,0.0,0.046875,0.90625,0.03125
10,10,0.0,0.0,0.015625,0.0,0.0,0.0,0.0,0.0,0.0,0.046875,0.890625,0.046875
10,10,0.0,0.0,0.015625,0.0,0.0,0.0,0.0,0.0,0.0,0.046875,0.890625,0.046875
10,10,0.0,0.0,0.015625,0.0,0.0,0.0,0.0,0.0,0.0,0.046875,0.890625,0.046875
10,10,0.0,0.0,0.015625,0.0,0.0,0.0,0.0,0.0,0.0,0.046875,0.890625,0.046875
10,10,0.0,0.0,0.015625,0.0,0.0,0.0,0.0,0.0,0.0,0.046875,0.890625,0.046875
10,10,0.0,0.0,0.015625,0.0,0.0,0.0,0.0,0.0,0.0,0.046875,0.890625,0.046875
10,10,0.0,0.0,0.015625,0.0,0.0,0.0,0.0,0.0,0.015625,0.03125,0.890625,0.046875
10,10,0.0,0.0,0.015625,0.0,0.0,0.0,0.0,0.0,0.03125,0.03125,0.859375,0.0625
10,10,0.0,0.0,0.015625,0.0,0.0,0.0,0.0,0.0,0.03125,0.03125,0.859375,0.0625
10,10,0.0,0.0,0.015625,0.0,0.0,0.0,0.0,0.0,0.03125,0.03125,0.859375,0.0625
10,10,0.0,0.0,0.03125,0.0,0.0,0.0,0.0,0.0,0.03125,0.03125,0.84375,0.0625
10,10,0.0,0.0,0.03125,0.0,0.0,0.0,0.0,0.0,0.03125,0.03125,0.84375,0.0625
10,10,0.0,0.0,0.03125,0.0,0.0,0.0,0.0,0.0,0.03125,0.03125,0.84375,0.0625
10,10,0.0,0.0,0.03125,0.0,0.0,0.0,0.0,0.0,0.03125,0.03125,0.84375,0.0625
10,10,0.0,0.0,0.03125,0.0,0.0,0.0,0.0,0.0,0.03125,0.03125,0.84375,0.0625
10,10,0.0,0.0,0.03125,0.0,0.0,0.0,0.0,0.0,0.03125,0.03125,0.84375,0.0625
10,10,0.0,0.0,0.03125,0.0,0.0,0.0,0.0,0.0,0.03125,0.03125,0.84375,0.0625
10,10,0.0,0.0,0.03125,0.0,0.0,0.0,0.0,0.0,0.03125,0.03125,0.84375,0.0625
10,10,0.0,0.0,0.03125,0.0,0.0,0.0,0.0,0.0,0.03125,0.03125,0.84375,0.0625
10,10,0.0,0.0,0.03125,0.0,0.0,0.0,0.0,0.0,0.03125,0.03125,0.84375,0.0625
10,10,0.0,0.0,0.03125,0.0,0.0,0.0,0.0,0.0,0.03125,0.03125,0.84375,0.0625
10,10,0.0,0.0,0.03125,0.0,0.0,0.0,0.0,0.0,0.03125,0.03125,0.84375,0.0625
10,10,0.0,0.0,0.046875,0.0,0.0,0.0,0.0,0.0,0.03125,0.03125,0.828125,0.0625
10,10,0.0,0.0,0.046875,0.0,0.0,0.0,0.0,0.0,0.03125,0.03125,0.828125,0.0625
10,10,0.0,0.0,0.046875,0.0,0.0,0.0,0.0,0.0,0.03125,0.03125,0.828125,0.0625
10,10,0.0,0.0,0.046875,0.0,0.0,0.0,0.0,0.0,0.03125,0.03125,0.828125,0.0625
10,10,0.0,0.0,0.046875,0.0,0.0,0.0,0.0,0.0,0.03125,0.03125,0.8125,0.078125
10,10,0.0,0.0,0.046875,0.0,0.0,0.0,0.0,0.0,0.03125,0.03125,0.796875,0.09375
10,10,0.0,0.0,0.046875,0.0,0.0,0.0,0.0,0.0,0.03125,0.03125,0.796875,0.09375
10,10,0.0,0.0,0.046875,0.0,0.0,0.0,0.0,0.0,0.03125,0.03125,0.796875,0.09375
10,10,0.0,0.0,0.046875,0.0,0.0,0.0,0.0,0.0,0.03125,0.03125,0.796875,0.09375
10,10,0.0,0.0,0.046875,0.0,0.0,0.0,0.0,0.0,0.03125,0.03125,0.796875,0.09375
10,10,0.0,0.0,0.046875,0.0,0.0,0.0,0.0,0.0,0.03125,0.03125,0.796875,0.09375
10,10,0.0,0.0,0.046875,0.0,0.0,0.0,0.0,0.0,0.03125,0.03125,0.796875,0.09375
10,10,0.0,0.0,0.046875,0.0,0.0,0.0,0.0,0.0,0.03125,0.03125,0.78125,0.109375
10,10,0.0,0.0,0.046875,0.0,0.0,0.0,0.0,0.0,0.03125,0.03125,0.78125,0.109375
10,10,0.0,0.0,0.046875,0.0,0.0,0.0,0.0,0.0,0.03125,0.03125,0.78125,0.109375
10,10,0.0,0.0,0.046875,0.0,0.0,0.0,0.0,0.0,0.03125,0.03125,0.78125,0.109375
10,10,0.0,0.0,0.046875,0.0,0.0,0.0,0.0,0.0,0.03125,0.03125,0.78125,0.109375
10,10,0.0,0.0,0.046875,0.0,0.0,0.0,0.0,0.0,0.03125,0.03125,0.78125,0.109375
10,10,0.0,0.0,0.046875,0.0,0.0,0.0,0.0,0.0,0.03125,0.03125,0.78125,0.109375
10,10,0.0,0.0,0.046875,0.0,0.0,0.0,0.0,0.0,0.03125,0.03125,0.78125,0.109375
10,10,0.0,0.0,0.046875,0.0,0.0,0.0,0.0,0.0,0.03125,0.03125,0.765625,0.125
10,10,0.0,0.0,0.046875,0.0,0.0,0.0,0.0,0.0,0.03125,0.03125,0.765625,0.125
10,10,0.0,0.0,0.046875,0.0,0.0,0.0,0.0,0.0,0.03125,0.03125,0.765625,0.125
10,10,0.0,0.0,0.046875,0.0,0.0,0.0,0.0,0.0,0.03125,0.03125,0.765625,0.125
10,10,0.0,0.0,0.046875,0.0,0.0,0.0,0.0,0.0,0.03125,0.03125,0.765625,0.125
10,10,0.0,0.0,0.046875,0.0,0.0,0.0,0.0,0.0,0.03125,0.03125,0.765625,0.125
10,10,0.0,0.0,0.046875,0.0,0.0,0.0,0.0,0.0,0.03125,0.03125,0.765625,0.125
10,10,0.0,0.0,0.046875,0.0,0.0,0.0,0.0,0.0,0.03125,0.03125,0.765625,0.125
10,10,0.0,0.0,0.046875,0.0,0.0,0.0,0.0,0.0,0.03125,0.03125,0.75,0.140625
10,10,0.0,0.0,0.046875,0.0,0.0,0.0,0.0,0.0,0.03125,0.03125,0.75,0.140625
10,10,0.0,0.0,0.046875,0.0,0.0,0.0,0.0,0.0,0.03125,0.03125,0.75,0.140625
10,10,0.0,0.0,0.046875,0.0,0.0,0.0,0.0,0.0,0.03125,0.03125,0.75,0.140625
10,10,0.0,0.0,0.046875,0.0,0.0,0.0,0.0,0.0,0.03125,0.03125,0.75,0.140625
10,10,0.0,0.0,0.046875,0.0,0.0,0.0,0.0,0.0,0.03125,0.03125,0.75,0.140625
10,10,0.0,0.0,0.046875,0.0,0.0,0.0,0.0,0.0,0.046875,0.015625,0.75,0.140625
10,10,0.0,0.0,0.046875,0.0,0.0,0.0,0.0,0.0,0.046875,0.015625,0.75,0.140625
10,10,0.0,0.0,0.046875,0.0,0.0,0.0,0.0,0.0,0.046875,0.015625,0.734375,0.15625
10,10,0.0,0.0,0.046875,0.0,0.0,0.0,0.0,0.0,0.046875,0.015625,0.734375,0.15625
10,10,0.0,0.0,0.046875,0.0,0.0,0.0,0.0,0.0,0.046875,0.015625,0.734375,0.15625
10,10,0.0,0.0,0.046875,0.0,0.0,0.0,0.0,0.0,0.046875,0.015625,0.734375,0.15625
10,10,0.0,0.0,0.046875,0.0,0.0,0.0,0.0,0.0,0.046875,0.015625,0.734375,0.15625
10,10,0.0,0.0,0.046875,0.0,0.0,0.0,0.0,0.0,0.046875,0.015625,0.734375,0.15625
10,10,0.0,0.0,0.046875,0.0,0.0,0.0,0.0,0.0,0.046875,0.015625,0.734375,0.15625
10,10,0.0,0.0,0.046875,0.0,0.0,0.0,0.0,0.0,0.046875,0.015625,0.734375,0.15625
10,10,0.0,0.0,0.046875,0.0,0.0,0.0,0.0,0.0,0.046875,0.015625,0.734375,0.15625
10,10,0.0,0.0,0.046875,0.0,0.0,0.0,0.0,0.0,0.046875,0.015625,0.734375,0.15625
10,10,0.0,0.0,0.046875,0.0,0.0,0.0,0.0,0.0,0.046875,0.015625,0.734375,0.15625
10,10,0.0,0.0,0.046875,0.0,0.0,0.0,0.0,0.0,0.046875,0.015625,0.734375,0.15625
10,10,0.0,0.0,0.046875,0.0,0.0,0.0,0.0,0.0,0.046875,0.015625,0.71875,0.171875
10,10,0.0,0.0,0.046875,0.0,0.0,0.0,0.0,0.0,0.046875,0.015625,0.71875,0.171875
10,10,0.0,0.0,0.046875,0.0,0.0,0.0,0.0,0.0,0.046875,0.015625,0.71875,0.171875
10,10,0.0,0.0,0.046875,0.0,0.0,0.0,0.0,0.0,0.046875,0.015625,0.71875,0.171875
10,10,0.0,0.0,0.046875,0.0,0.0,0.0,0.0,0.0,0.046875,0.015625,0.71875,0.171875
10,10,0.0,0.0,0.046875,0.0,0.0,0.0,0.0,0.0,0.046875,0.015625,0.71875,0.171875
10,10,0.0,0.0,0.046875,0.0,0.0,0.0,0.0,0.0,0.046875,0.015625,0.703125,0.1875
10,10,0.0,0.0,0.046875,0.0,0.0,0.0,0.0,0.0,0.046875,0.015625,0.703125,0.1875
10,10,0.0,0.0,0.046875,0.0,0.0,0.0,0.0,0.0,0.046875,0.015625,0.703125,0.1875
10,10,0.0,0.0,0.046875,0.0,0.0,0.0,0.0,0.0,0.046875,0.015625,0.703125,0.1875
10,10,0.0,0.0,0.046875,0.0,0.0,0.0,0.0,0.0,0.046875,0.015625,0.703125,0.1875
10,10,0.0,0.0,0.046875,0.0,0.0,0.0,0.0,0.0,0.03125,0.015625,0.703125,0.203125
10,10,0.0,0.015625,0.046875,0.0,0.0,0.0,0.0,0.0,0.03125,0.015625,0.671875,0.21875
10,10,0.0,0.015625,0.046875,0.0,0.0,0.0,0.0,0.0,0.03125,0.015625,0.671875,0.21875
10,10,0.0,0.015625,0.046875,0.0,0.0,0.0,0.0,0.0,0.03125,0.015625,0.671875,0.21875
10,10,0.0,0.015625,0.046875,0.0,0.0,0.0,0.0,0.0,0.03125,0.015625,0.671875,0.21875
10,10,0.0,0.015625,0.046875,0.0,0.0,0.0,0.0,0.0,0.03125,0.015625,0.671875,0.21875
10,10,0.0,0.015625,0.046875,0.0,0.0,0.0,0.0,0.0,0.03125,0.015625,0.671875,0.21875
10,10,0.0,0.015625,0.046875,0.0,0.0,0.0,0.0,0.0,0.03125,0.015625,0.671875,0.21875
10,10,0.0,0.015625,0.046875,0.0,0.0,0.0,0.0,0.0,0.03125,0.015625,0.671875,0.21875
10,10,0.0,0.015625,0.046875,0.0,0.0,0.0,0.0,0.0,0.03125,0.015625,0.671875,0.21875
10,10,0.0,0.015625,0.046875,0.0,0.0,0.0,0.0,0.0,0.03125,0.015625,0.671875,0.21875
10,10,0.0,0.015625,0.046875,0.0,0.0,0.0,0.0,0.0,0.03125,0.015625,0.671875,0.21875
10,10,0.0,0.015625,0.046875,0.0,0.0,0.0,0.0,0.0,0.03125,0.015625,0.671875,0.21875
10,10,0.0,0.015625,0.046875,0.0,0.0,0.0,0.0,0.0,0.03125,0.015625,0.671875,0.21875
10,10,0.0,0.015625,0.046875,0.0,0.0,0.0,0.0,0.0,0.03125,0.015625,0.671875,0.21875
10,10,0.0,0.015625,0.046875,0.0,0.0,0.0,0.0,0.0,0.03125,0.015625,0.671875,0.21875
10,10,0.0,0.015625,0.046875,0.0,0.0,0.0,0.0,0.0,0.03125,0.015625,0.671875,0.21875
10,10,0.0,0.015625,0.046875,0.0,0.0,0.0,0.0,0.0,0.03125,0.015625,0.671875,0.21875
10,10,0.0,0.015625,0.046875,0.0,0.0,0.0,0.0,0.0,0.03125,0.015625,0.671875,0.21875
10,10,0.0,0.015625,0.046875,0.0,0.0,0.0,0.0,0.0,0.03125,0.015625,0.671875,0.21875
10,10,0.0,0.015625,0.046875,0.0,0.0,0.0,0.0,0.0,0.03125,0.015625,0.671875,0.21875
10,10,0.0,0.015625,0.046875,0.0,0.0,0.0,0.0,0.0,0.03125,0.015625,0.671875,0.21875
10,10,0.0,0.015625,0.046875,0.0,0.0,0.0,0.0,0.0,0.03125,0.015625,0.671875,0.21875
10,10,0.0,0.015625,0.046875,0.0,0.0,0.0,0.0,0.0,0.03125,0.015625,0.671875,0.21875
10,10,0.0,0.015625,0.046875,0.0,0.0,0.0,0.0,0.0,0.03125,0.015625,0.671875,0.21875
10,10,0.0,0.015625,0.046875,0.0,0.0,0.0,0.0,0.0,0.03125,0.015625,0.65625,0.234375
10,10,0.0,0.015625,0.046875,0.0,0.0,0.0,0.0,0.0,0.03125,0.015625,0.65625,0.234375
10,10,0.0,0.015625,0.046875,0.0,0.0,0.0,0.0,0.0,0.03125,0.015625,0.65625,0.234375
10,10,0.0,0.015625,0.046875,0.0,0.0,0.0,0.0,0.0,0.03125,0.015625,0.65625,0.234375
10,10,0.0,0.015625,0.046875,0.0,0.0,0.0,0.0,0.0,0.03125,0.015625,0.65625,0.234375
10,10,0.0,0.015625,0.046875,0.0,0.0,0.0,0.0,0.0,0.03125,0.015625,0.65625,0.234375
10,10,0.0,0.015625,0.046875,0.0,0.0,0.0,0.0,0.0,0.03125,0.015625,0.65625,0.234375
10,10,0.0,0.015625,0.046875,0.0,0.0,0.0,0.0,0.0,0.03125,0.015625,0.65625,0.234375
10,10,0.0,0.015625,0.0625,0.0,0.0,0.0,0.0,0.0,0.03125,0.015625,0.640625,0.234375
10,10,0.0,0.015625,0.0625,0.0,0.0,0.0,0.0,0.0,0.03125,0.015625,0.640625,0.234375
10,10,0.0,0.015625,0.0625,0.0,0.0,0.0,0.0,0.0,0.03125,0.015625,0.640625,0.234375
10,10,0.0,0.015625,0.0625,0.0,0.0,0.0,0.0,0.0,0.03125,0.015625,0.640625,0.234375
10,10,0.0,0.015625,0.0625,0.0,0.0,0.0,0.0,0.0,0.03125,0.015625,0.640625,0.234375
10,10,0.0,0.015625,0.0625,0.0,0.0,0.0,0.0,0.0,0.03125,0.015625,0.640625,0.234375
10,10,0.0,0.015625,0.0625,0.0,0.0,0.0,0.0,0.0,0.03125,0.015625,0.640625,0.234375
10,10,0.0,0.015625,0.0625,0.0,0.0,0.0,0.0,0.0,0.03125,0.015625,0.640625,0.234375
10,10,0.0,0.015625,0.0625,0.0,0.0,0.0,0.0,0.0,0.03125,0.015625,0.640625,0.234375
10,10,0.0,0.015625,0.0625,0.0,0.0,0.0,0.0,0.0,0.03125,0.015625,0.640625,0.234375
10,10,0.0,0.015625,0.0625,0.0,0.0,0.0,0.0,0.0,0.03125,0.015625,0.640625,0.234375
10,10,0.0,0.015625,0.0625,0.0,0.0,0.0,0.0,0.0,0.03125,0.015625,0.640625,0.234375
10,10,0.0,0.015625,0.0625,0.0,0.0,0.0,0.0,0.0,0.03125,0.015625,0.640625,0.234375
10,10,0.0,0.015625,0.0625,0.0,0.0,0.0,0.0,0.0,0.03125,0.015625,0.640625,0.234375
10,10,0.0,0.015625,0.0625,0.0,0.0,0.0,0.0,0.0,0.03125,0.015625,0.640625,0.234375
10,10,0.0,0.015625,0.0625,0.0,0.0,0.0,0.0,0.0,0.03125,0.015625,0.640625,0.234375
10,10,0.0,0.015625,0.0625,0.0,0.0,0.0,0.0,0.0,0.03125,0.015625,0.640625,0.234375
10,10,0.0,0.015625,0.0625,0.0,0.0,0.0,0.0,0.0,0.03125,0.015625,0.640625,0.234375
10,10,0.0,0.015625,0.0625,0.0,0.0,0.0,0.0,0.0,0.03125,0.015625,0.640625,0.234375
10,10,0.0,0.015625,0.0625,0.0,0.0,0.0,0.0,0.0,0.03125,0.015625,0.640625,0.234375
10,10,0.0,0.015625,0.0625,0.0,0.0,0.0,0.0,0.0,0.03125,0.015625,0.640625,0.234375
10,10,0.0,0.015625,0.0625,0.0,0.0,0.0,0.0,0.0,0.03125,0.015625,0.640625,0.234375
10,10,0.0,0.015625,0.0625,0.0,0.0,0.0,0.0,0.0,0.03125,0.015625,0.640625,0.234375
10,10,0.0,0.015625,0.0625,0.0,0.0,0.0,0.0,0.0,0.03125,0.015625,0.640625,0.234375
10,10,0.0,0.015625,0.0625,0.0,0.0,0.0,0.0,0.0,0.03125,0.015625,0.640625,0.234375
10,10,0.0,0.015625,0.0625,0.0,0.0,0.0,0.0,0.0,0.03125,0.015625,0.640625,0.234375
10,10,0.0,0.015625,0.0625,0.0,0.0,0.0,0.0,0.0,0.03125,0.015625,0.640625,0.234375
10,10,0.0,0.015625,0.0625,0.0,0.0,0.0,0.0,0.0,0.03125,0.015625,0.640625,0.234375
10,10,0.0,0.015625,0.0625,0.0,0.0,0.0,0.0,0.0,0.03125,0.015625,0.640625,0.234375
10,10,0.0,0.015625,0.0625,0.0,0.0,0.0,0.0,0.0,0.03125,0.015625,0.640625,0.234375
10,10,0.0,0.015625,0.0625,0.0,0.0,0.0,0.0,0.0,0.03125,0.015625,0.640625,0.234375
10,10,0.0,0.015625,0.0625,0.0,0.0,0.0,0.0,0.0,0.03125,0.015625,0.640625,0.234375
10,10,0.0,0.015625,0.0625,0.0,0.0,0.0,0.0,0.0,0.03125,0.015625,0.640625,0.234375
10,10,0.0,0.015625,0.0625,0.0,0.0,0.0,0.0,0.0,0.03125,0.015625,0.640625,0.234375
10,10,0.0,0.015625,0.0625,0.0,0.0,0.0,0.0,0.0,0.03125,0.015625,0.640625,0.234375
10,10,0.0,0.015625,0.0625,0.0,0.0,0.0,0.0,0.0,0.03125,0.015625,0.640625,0.234375
10,10,0.0,0.015625,0.0625,0.0,0.0,0.0,0.0,0.0,0.03125,0.015625,0.640625,0.234375
10,10,0.0,0.015625,0.0625,0.0,0.0,0.0,0.0,0.0,0.03125,0.015625,0.640625,0.234375
10,10,0.0,0.015625,0.0625,0.0,0.0,0.0,0.0,0.0,0.03125,0.015625,0.640625,0.234375
10,10,0.0,0.015625,0.0625,0.0,0.0,0.0,0.0,0.0,0.03125,0.015625,0.640625,0.234375
10,10,0.0,0.015625,0.0625,0.0,0.0,0.0,0.0,0.0,0.03125,0.015625,0.640625,0.234375
10,10,0.0,0.015625,0.0625,0.0,0.0,0.0,0.0,0.0,0.03125,0.015625,0.640625,0.234375
10,10,0.0,0.015625,0.0625,0.0,0.0,0.0,0.0,0.0,0.03125,0.015625,0.640625,0.234375
10,10,0.0,0.015625,0.0625,0.0,0.0,0.0,0.0,0.0,0.03125,0.015625,0.640625,0.234375
10,10,0.0,0.015625,0.0625,0.0,0.0,0.0,0.0,0.0,0.03125,0.015625,0.640625,0.234375
10,10,0.0,0.015625,0.0625,0.0,0.0,0.0,0.0,0.0,0.03125,0.015625,0.640625,0.234375
10,10,0.0,0.015625,0.0625,0.0,0.0,0.0,0.0,0.0,0.03125,0.015625,0.640625,0.234375
10,10,0.0,0.015625,0.0625,0.0,0.0,0.0,0.0,0.0,0.03125,0.015625,0.640625,0.234375
10,10,0.0,0.015625,0.0625,0.0,0.0,0.0,0.0,0.0,0.03125,0.015625,0.640625,0.234375
10,10,0.0,0.015625,0.0625,0.0,0.0,0.0,0.0,0.0,0.03125,0.015625,0.640625,0.234375
10,10,0.0,0.015625,0.0625,0.0,0.0,0.0,0.0,0.0,0.03125,0.015625,0.640625,0.234375
10,10,0.0,0.015625,0.0625,0.0,0.0,0.0,0.0,0.0,0.03125,0.015625,0.640625,0.234375
10,10,0.0,0.015625,0.0625,0.0,0.0,0.0,0.0,0.0,0.03125,0.015625,0.625,0.25
10,10,0.0,0.015625,0.0625,0.0,0.0,0.0,0.0,0.0,0.03125,0.015625,0.625,0.25
10,10,0.0,0.015625,0.0625,0.0,0.0,0.0,0.0,0.0,0.03125,0.015625,0.625,0.25
10,10,0.0,0.015625,0.0625,0.0,0.0,0.0,0.0,0.0,0.03125,0.015625,0.625,0.25
10,10,0.0,0.015625,0.0625,0.0,0.0,0.0,0.0,0.0,0.03125,0.015625,0.625,0.25
10,10,0.0,0.015625,0.0625,0.0,0.0,0.0,0.0,0.0,0.03125,0.015625,0.625,0.25
10,10,0.0,0.015625,0.0625,0.0,0.0,0.0,0.0,0.0,0.03125,0.015625,0.625,0.25
10,10,0.0,0.015625,0.0625,0.0,0.0,0.0,0.0,0.0,0.03125,0.015625,0.625,0.25
10,10,0.0,0.015625,0.0625,0.0,0.0,0.0,0.0,0.0,0.03125,0.015625,0.625,0.25
10,10,0.0,0.015625,0.0625,0.0,0.0,0.0,0.0,0.0,0.03125,0.015625,0.625,0.25
10,10,0.0,0.015625,0.0625,0.0,0.0,0.0,0.0,0.0,0.03125,0.015625,0.625,0.25
10,10,0.0,0.015625,0.0625,0.0,0.0,0.0,0.0,0.0,0.03125,0.015625,0.625,0.25
10,10,0.0,0.015625,0.046875,0.0,0.0,0.0,0.0,0.0,0.03125,0.015625,0.625,0.265625
10,10,0.0,0.015625,0.046875,0.0,0.0,0.0,0.0,0.0,0.03125,0.015625,0.625,0.265625
10,10,0.0,0.015625,0.046875,0.0,0.0,0.0,0.0,0.0,0.03125,0.015625,0.609375,0.28125
10,10,0.0,0.015625,0.046875,0.0,0.0,0.0,0.0,0.0,0.03125,0.015625,0.609375,0.28125
10,10,0.0,0.015625,0.046875,0.0,0.0,0.0,0.0,0.0,0.03125,0.015625,0.609375,0.28125
10,10,0.0,0.015625,0.046875,0.0,0.0,0.0,0.0,0.0,0.03125,0.015625,0.609375,0.28125
10,10,0.0,0.015625,0.046875,0.0,0.0,0.0,0.0,0.0,0.03125,0.015625,0.609375,0.28125
10,10,0.0,0.015625,0.046875,0.0,0.0,0.0,0.0,0.0,0.03125,0.015625,0.609375,0.28125
10,10,0.0,0.015625,0.046875,0.0,0.0,0.0,0.0,0.0,0.03125,0.015625,0.609375,0.28125
10,10,0.0,0.015625,0.046875,0.0,0.0,0.0,0.0,0.0,0.03125,0.015625,0.609375,0.28125
10,10,0.0,0.015625,0.046875,0.0,0.0,0.0,0.0,0.0,0.03125,0.015625,0.609375,0.28125
10,10,0.0,0.015625,0.046875,0.0,0.0,0.0,0.0,0.0,0.03125,0.015625,0.609375,0.28125
10,10,0.0,0.015625,0.046875,0.0,0.0,0.0,0.0,0.0,0.03125,0.015625,0.609375,0.28125
10,10,0.0,0.015625,0.046875,0.0,0.0,0.0,0.0,0.0,0.03125,0.015625,0.609375,0.28125
10,10,0.0,0.015625,0.046875,0.0,0.0,0.0,0.0,0.0,0.03125,0.015625,0.609375,0.28125
10,10,0.0,0.015625,0.046875,0.0,0.0,0.0,0.0,0.0,0.03125,0.015625,0.609375,0.28125
10,10,0.0,0.015625,0.046875,0.0,0.0,0.0,0.0,0.0,0.03125,0.015625,0.609375,0.28125
10,10,0.0,0.015625,0.046875,0.0,0.0,0.0,0.0,0.0,0.046875,0.015625,0.609375,0.265625
10,10,0.0,0.015625,0.046875,0.0,0.0,0.0,0.0,0.0,0.046875,0.015625,0.609375,0.265625
10,10,0.0,0.015625,0.046875,0.0,0.0,0.0,0.0,0.0,0.046875,0.015625,0.609375,0.265625
10,10,0.0,0.015625,0.046875,0.0,0.0,0.0,0.0,0.0,0.046875,0.015625,0.609375,0.265625
10,10,0.0,0.015625,0.046875,0.0,0.0,0.0,0.0,0.0,0.046875,0.015625,0.609375,0.265625
10,10,0.0,0.015625,0.046875,0.0,0.0,0.0,0.0,0.0,0.046875,0.015625,0.609375,0.265625
10,10,0.0,0.015625,0.046875,0.0,0.0,0.0,0.0,0.0,0.046875,0.015625,0.609375,0.265625
10,10,0.0,0.015625,0.046875,0.0,0.0,0.0,0.0,0.0,0.046875,0.015625,0.609375,0.265625
10,10,0.0,0.015625,0.046875,0.0,0.0,0.0,0.0,0.0,0.046875,0.015625,0.609375,0.265625
10,10,0.0,0.015625,0.046875,0.0,0.0,0.0,0.0,0.0,0.046875,0.015625,0.609375,0.265625
10,10,0.0,0.015625,0.046875,0.0,0.0,0.0,0.0,0.0,0.046875,0.015625,0.609375,0.265625
10,10,0.0,0.015625,0.046875,0.0,0.0,0.0,0.0,0.0,0.046875,0.015625,0.609375,0.265625
10,10,0.0,0.015625,0.046875,0.0,0.0,0.0,0.0,0.0,0.046875,0.015625,0.609375,0.265625
10,10,0.0,0.015625,0.046875,0.0,0.0,0.0,0.0,0.0,0.046875,0.015625,0.609375,0.265625
10,10,0.0,0.015625,0.046875,0.0,0.0,0.0,0.0,0.0,0.046875,0.015625,0.609375,0.265625
10,10,0.0,0.015625,0.046875,0.0,0.0,0.0,0.0,0.0,0.046875,0.015625,0.609375,0.265625
10,10,0.0,0.015625,0.046875,0.0,0.0,0.0,0.0,0.0,0.046875,0.015625,0.609375,0.265625
10,10,0.0,0.015625,0.046875,0.0,0.0,0.0,0.0,0.0,0.046875,0.015625,0.609375,0.265625
10,10,0.0,0.015625,0.046875,0.0,0.0,0.0,0.0,0.0,0.046875,0.015625,0.609375,0.265625
10,10,0.0,0.015625,0.046875,0.0,0.0,0.0,0.0,0.0,0.046875,0.015625,0.609375,0.265625
10,10,0.0,0.015625,0.046875,0.0,0.0,0.0,0.0,0.0,0.046875,0.015625,0.609375,0.265625
10,10,0.0,0.015625,0.046875,0.0,0.0,0.0,0.0,0.0,0.046875,0.015625,0.609375,0.265625
10,10,0.0,0.015625,0.046875,0.0,0.0,0.0,0.0,0.0,0.046875,0.015625,0.609375,0.265625
10,10,0.0,0.015625,0.046875,0.0,0.0,0.0,0.0,0.0,0.046875,0.015625,0.609375,0.265625
10,10,0.0,0.015625,0.046875,0.0,0.0,0.0,0.0,0.0,0.046875,0.015625,0.609375,0.265625
10,10,0.0,0.015625,0.046875,0.0,0.0,0.0,0.0,0.0,0.046875,0.015625,0.609375,0.265625
10,10,0.0,0.015625,0.046875,0.0,0.0,0.0,0.0,0.0,0.046875,0.015625,0.609375,0.265625
10,10,0.0,0.015625,0.046875,0.0,0.0,0.0,0.0,0.0,0.046875,0.015625,0.609375,0.265625
10,10,0.0,0.015625,0.046875,0.0,0.0,0.0,0.0,0.0,0.046875,0.015625,0.609375,0.265625
10,10,0.0,0.015625,0.046875,0.0,0.0,0.0,0.0,0.0,0.046875,0.015625,0.609375,0.265625
10,10,0.0,0.015625,0.046875,0.0,0.0,0.0,0.0,0.0,0.046875,0.015625,0.609375,0.265625
10,10,0.0,0.0,0.046875,0.0,0.0,0.0,0.0,0.0,0.046875,0.015625,0.609375,0.28125
10,10,0.0,0.0,0.046875,0.0,0.0,0.0,0.0,0.0,0.046875,0.015625,0.609375,0.28125
10,10,0.0,0.0,0.046875,0.0,0.0,0.0,0.0,0.0,0.046875,0.015625,0.59375,0.296875
10,10,0.0,0.0,0.046875,0.0,0.0,0.0,0.0,0.0,0.046875,0.015625,0.59375,0.296875
10,10,0.0,0.0,0.046875,0.0,0.0,0.0,0.0,0.0,0.046875,0.015625,0.59375,0.296875
10,10,0.0,0.0,0.046875,0.0,0.0,0.0,0.0,0.0,0.046875,0.015625,0.59375,0.296875
10,10,0.0,0.0,0.046875,0.0,0.0,0.0,0.0,0.0,0.046875,0.015625,0.59375,0.296875
10,10,0.0,0.0,0.046875,0.0,0.0,0.0,0.0,0.0,0.046875,0.015625,0.59375,0.296875
10,10,0.0,0.0,0.046875,0.0,0.0,0.0,0.0,0.0,0.046875,0.015625,0.59375,0.296875
10,10,0.0,0.0,0.046875,0.0,0.0,0.0,0.0,0.0,0.046875,0.015625,0.59375,0.296875
10,10,0.0,0.0,0.046875,0.0,0.0,0.0,0.0,0.0,0.046875,0.015625,0.59375,0.296875
10,10,0.0,0.0,0.046875,0.0,0.0,0.0,0.0,0.0,0.046875,0.015625,0.59375,0.296875
10,10,0.0,0.0,0.046875,0.0,0.0,0.0,0.0,0.0,0.03125,0.015625,0.609375,0.296875
10,10,0.0,0.0,0.046875,0.0,0.0,0.0,0.0,0.0,0.03125,0.015625,0.609375,0.296875
10,10,0.0,0.0,0.046875,0.0,0.0,0.0,0.0,0.0,0.03125,0.015625,0.609375,0.296875
10,10,0.0,0.0,0.046875,0.0,0.0,0.0,0.0,0.0,0.03125,0.015625,0.609375,0.296875
10,10,0.0,0.0,0.046875,0.0,0.0,0.0,0.0,0.0,0.03125,0.015625,0.59375,0.3125
10,10,0.0,0.0,0.046875,0.0,0.0,0.0,0.0,0.0,0.03125,0.015625,0.59375,0.3125
10,10,0.0,0.0,0.046875,0.0,0.0,0.0,0.0,0.0,0.03125,0.015625,0.59375,0.3125
10,10,0.0,0.0,0.046875,0.0,0.0,0.0,0.0,0.0,0.03125,0.015625,0.59375,0.3125
10,10,0.0,0.0,0.046875,0.0,0.0,0.0,0.0,0.0,0.03125,0.015625,0.59375,0.3125
10,10,0.0,0.0,0.046875,0.0,0.0,0.0,0.0,0.0,0.03125,0.015625,0.59375,0.3125
10,10,0.0,0.0,0.046875,0.0,0.0,0.0,0.0,0.0,0.03125,0.015625,0.59375,0.3125
10,10,0.0,0.0,0.046875,0.0,0.0,0.0,0.0,0.0,0.03125,0.015625,0.59375,0.3125
10,10,0.015625,0.0,0.046875,0.0,0.0,0.0,0.0,0.0,0.03125,0.015625,0.609375,0.28125
10,10,0.015625,0.0,0.046875,0.0,0.0,0.0,0.0,0.0,0.03125,0.015625,0.609375,0.28125
10,10,0.015625,0.0,0.046875,0.0,0.0,0.0,0.0,0.0,0.03125,0.015625,0.609375,0.28125
10,10,0.015625,0.0,0.046875,0.0,0.0,0.0,0.0,0.0,0.03125,0.015625,0.609375,0.28125
10,10,0.015625,0.0,0.046875,0.0,0.0,0.0,0.0,0.0,0.03125,0.015625,0.609375,0.28125
10,10,0.015625,0.0,0.046875,0.0,0.0,0.0,0.0,0.0,0.03125,0.015625,0.609375,0.28125
10,10,0.015625,0.0,0.046875,0.0,0.0,0.0,0.0,0.0,0.03125,0.015625,0.609375,0.28125
10,10,0.015625,0.0,0.046875,0.0,0.0,0.0,0.0,0.0,0.03125,0.015625,0.609375,0.28125
10,10,0.015625,0.0,0.046875,0.0,0.0,0.0,0.0,0.0,0.03125,0.015625,0.609375,0.28125
10,10,0.015625,0.0,0.046875,0.0,0.0,0.0,0.0,0.0,0.03125,0.015625,0.609375,0.28125
10,10,0.015625,0.0,0.046875,0.0,0.0,0.0,0.0,0.0,0.03125,0.015625,0.609375,0.28125
10,10,0.015625,0.0,0.046875,0.0,0.0,0.0,0.0,0.0,0.03125,0.015625,0.609375,0.28125
10,10,0.015625,0.0,0.046875,0.0,0.0,0.0,0.0,0.0,0.03125,0.015625,0.609375,0.28125
10,10,0.015625,0.0,0.046875,0.0,0.0,0.0,0.0,0.0,0.03125,0.015625,0.609375,0.28125
10,10,0.015625,0.0,0.046875,0.0,0.0,0.0,0.0,0.0,0.03125,0.015625,0.609375,0.28125
10,10,0.015625,0.0,0.046875,0.0,0.0,0.0,0.0,0.0,0.03125,0.015625,0.609375,0.28125
10,10,0.015625,0.0,0.046875,0.0,0.0,0.0,0.0,0.0,0.03125,0.015625,0.609375,0.28125
10,10,0.015625,0.0,0.046875,0.0,0.0,0.0,0.0,0.0,0.03125,0.015625,0.609375,0.28125
10,10,0.015625,0.0,0.046875,0.0,0.0,0.0,0.0,0.0,0.03125,0.015625,0.609375,0.28125
10,10,0.015625,0.0,0.046875,0.0,0.0,0.0,0.0,0.0,0.03125,0.015625,0.609375,0.28125
10,10,0.015625,0.0,0.046875,0.0,0.0,0.0,0.0,0.0,0.03125,0.015625,0.609375,0.28125
10,10,0.015625,0.0,0.046875,0.0,0.0,0.0,0.0,0.0,0.03125,0.015625,0.609375,0.28125
10,10,0.015625,0.0,0.046875,0.0,0.0,0.0,0.0,0.0,0.03125,0.015625,0.609375,0.28125
10,10,0.015625,0.0,0.046875,0.0,0.0,0.0,0.0,0.0,0.03125,0.015625,0.609375,0.28125
10,10,0.015625,0.0,0.046875,0.0,0.0,0.0,0.0,0.0,0.03125,0.015625,0.609375,0.28125
10,10,0.015625,0.0,0.046875,0.0,0.0,0.0,0.0,0.0,0.03125,0.015625,0.609375,0.28125
10,10,0.015625,0.0,0.046875,0.0,0.0,0.0,0.0,0.0,0.03125,0.015625,0.609375,0.28125
10,10,0.015625,0.0,0.046875,0.0,0.0,0.0,0.0,0.0,0.03125,0.015625,0.609375,0.28125
10,10,0.015625,0.0,0.046875,0.0,0.0,0.0,0.0,0.0,0.03125,0.015625,0.609375,0.28125
10,10,0.015625,0.0,0.046875,0.0,0.0,0.0,0.0,0.0,0.03125,0.015625,0.609375,0.28125
10,10,0.015625,0.0,0.046875,0.0,0.0,0.0,0.0,0.0,0.03125,0.015625,0.609375,0.28125
10,10,0.015625,0.0,0.046875,0.0,0.0,0.0,0.0,0.0,0.03125,0.015625,0.609375,0.28125
10,10,0.015625,0.0,0.046875,0.0,0.0,0.0,0.0,0.0,0.03125,0.015625,0.609375,0.28125
10,10,0.015625,0.0,0.046875,0.0,0.0,0.0,0.0,0.0,0.03125,0.015625,0.609375,0.28125
10,10,0.015625,0.0,0.046875,0.0,0.0,0.0,0.0,0.0,0.03125,0.015625,0.609375,0.28125
10,10,0.015625,0.0,0.046875,0.0,0.0,0.0,0.0,0.0,0.03125,0.015625,0.609375,0.28125
10,10,0.015625,0.0,0.046875,0.0,0.0,0.0,0.0,0.0,0.03125,0.015625,0.609375,0.28125
10,10,0.015625,0.0,0.046875,0.0,0.0,0.0,0.0,0.0,0.03125,0.015625,0.609375,0.28125
10,10,0.015625,0.0,0.046875,0.0,0.0,0.0,0.0,0.0,0.03125,0.015625,0.609375,0.28125
10,10,0.015625,0.0,0.046875,0.0,0.0,0.0,0.0,0.0,0.03125,0.015625,0.609375,0.28125
10,10,0.03125,0.0,0.046875,0.0,0.0,0.0,0.0,0.0,0.03125,0.015625,0.59375,0.28125
10,10,0.03125,0.0,0.046875,0.0,0.0,0.0,0.0,0.0,0.03125,0.015625,0.59375,0.28125
10,10,0.03125,0.0,0.03125,0.0,0.0,0.0,0.0,0.0,0.046875,0.015625,0.59375,0.28125
10,10,0.03125,0.0,0.03125,0.0,0.0,0.0,0.0,0.0,0.046875,0.015625,0.59375,0.28125
10,10,0.03125,0.0,0.03125,0.0,0.0,0.0,0.0,0.0,0.046875,0.015625,0.59375,0.28125
10,10,0.03125,0.0,0.03125,0.0,0.0,0.0,0.0,0.0,0.046875,0.015625,0.59375,0.28125
10,10,0.03125,0.0,0.03125,0.0,0.0,0.0,0.0,0.0,0.046875,0.015625,0.59375,0.28125
10,10,0.03125,0.0,0.03125,0.0,0.0,0.0,0.0,0.0,0.046875,0.015625,0.59375,0.28125
10,10,0.03125,0.0,0.03125,0.0,0.0,0.0,0.0,0.0,0.046875,0.015625,0.59375,0.28125
10,10,0.03125,0.0,0.03125,0.0,0.0,0.0,0.0,0.0,0.046875,0.015625,0.59375,0.28125
10,10,0.03125,0.0,0.03125,0.0,0.0,0.0,0.0,0.0,0.046875,0.015625,0.59375,0.28125
10,10,0.03125,0.0,0.03125,0.0,0.0,0.0,0.0,0.0,0.046875,0.015625,0.59375,0.28125
10,10,0.03125,0.0,0.03125,0.0,0.0,0.0,0.0,0.0,0.046875,0.015625,0.59375,0.28125
10,10,0.03125,0.0,0.03125,0.0,0.0,0.0,0.0,0.0,0.046875,0.015625,0.59375,0.28125
10,10,0.03125,0.0,0.03125,0.0,0.0,0.0,0.0,0.0,0.046875,0.015625,0.59375,0.28125
10,10,0.03125,0.0,0.03125,0.0,0.0,0.0,0.0,0.0,0.046875,0.015625,0.59375,0.28125
10,10,0.03125,0.0,0.03125,0.0,0.0,0.0,0.0,0.0,0.046875,0.015625,0.578125,0.296875
10,10,0.03125,0.0,0.03125,0.0,0.0,0.0,0.0,0.0,0.046875,0.015625,0.578125,0.296875
10,10,0.03125,0.0,0.03125,0.0,0.0,0.0,0.0,0.0,0.046875,0.015625,0.578125,0.296875
10,10,0.03125,0.0,0.03125,0.0,0.0,0.0,0.0,0.0,0.046875,0.015625,0.578125,0.296875
10,10,0.03125,0.0,0.03125,0.0,0.0,0.0,0.0,0.0,0.046875,0.015625,0.578125,0.296875
10,10,0.03125,0.0,0.03125,0.0,0.0,0.0,0.0,0.0,0.046875,0.015625,0.578125,0.296875
10,10,0.03125,0.0,0.03125,0.0,0.0,0.0,0.0,0.0,0.046875,0.015625,0.578125,0.296875
10,10,0.03125,0.0,0.03125,0.0,0.0,0.0,0.0,0.0,0.046875,0.015625,0.578125,0.296875
10,10,0.03125,0.0,0.03125,0.0,0.0,0.0,0.0,0.0,0.046875,0.015625,0.578125,0.296875
10,10,0.03125,0.0,0.03125,0.0,0.0,0.0,0.0,0.0,0.046875,0.015625,0.578125,0.296875
10,10,0.03125,0.0,0.03125,0.0,0.0,0.0,0.0,0.0,0.046875,0.015625,0.578125,0.296875
10,10,0.03125,0.0,0.03125,0.0,0.0,0.0,0.0,0.0,0.046875,0.015625,0.578125,0.296875
10,10,0.03125,0.0,0.03125,0.0,0.0,0.0,0.0,0.0,0.046875,0.015625,0.578125,0.296875
10,10,0.03125,0.0,0.03125,0.0,0.0,0.0,0.0,0.0,0.046875,0.015625,0.578125,0.296875
10,10,0.03125,0.0,0.03125,0.0,0.0,0.0,0.0,0.0,0.046875,0.015625,0.578125,0.296875
10,10,0.03125,0.0,0.03125,0.0,0.0,0.0,0.0,0.0,0.046875,0.015625,0.578125,0.296875
10,10,0.03125,0.0,0.015625,0.0,0.0,0.0,0.0,0.0,0.046875,0.015625,0.53125,0.359375
10,10,0.03125,0.0,0.015625,0.0,0.0,0.0,0.0,0.0,0.046875,0.015625,0.53125,0.359375
10,10,0.03125,0.0,0.015625,0.0,0.0,0.0,0.0,0.0,0.046875,0.015625,0.53125,0.359375
10,10,0.03125,0.0,0.015625,0.0,0.0,0.0,0.0,0.0,0.046875,0.015625,0.53125,0.359375
10,10,0.03125,0.0,0.015625,0.0,0.0,0.0,0.0,0.0,0.046875,0.015625,0.53125,0.359375
10,10,0.03125,0.0,0.015625,0.0,0.0,0.0,0.0,0.0,0.046875,0.015625,0.53125,0.359375
10,10,0.03125,0.0,0.015625,0.0,0.0,0.0,0.0,0.0,0.046875,0.015625,0.53125,0.359375
10,10,0.03125,0.0,0.015625,0.0,0.0,0.0,0.0,0.0,0.046875,0.015625,0.53125,0.359375
10,10,0.03125,0.0,0.015625,0.0,0.0,0.0,0.0,0.0,0.046875,0.015625,0.515625,0.375
10,10,0.03125,0.0,0.015625,0.0,0.0,0.0,0.0,0.0,0.046875,0.015625,0.515625,0.375
10,10,0.03125,0.0,0.015625,0.0,0.0,0.0,0.0,0.0,0.046875,0.015625,0.515625,0.375
10,10,0.03125,0.0,0.015625,0.0,0.0,0.0,0.0,0.0,0.046875,0.015625,0.515625,0.375
10,10,0.03125,0.0,0.015625,0.0,0.0,0.0,0.0,0.0,0.046875,0.015625,0.515625,0.375
10,10,0.03125,0.0,0.015625,0.0,0.0,0.0,0.0,0.0,0.046875,0.015625,0.515625,0.375
10,10,0.03125,0.0,0.015625,0.0,0.0,0.0,0.0,0.0,0.046875,0.015625,0.515625,0.375
10,10,0.03125,0.0,0.015625,0.0,0.0,0.0,0.0,0.0,0.046875,0.015625,0.515625,0.375
10,10,0.03125,0.0,0.015625,0.0,0.0,0.0,0.0,0.0,0.046875,0.0,0.53125,0.375
10,10,0.03125,0.0,0.015625,0.0,0.0,0.0,0.0,0.0,0.046875,0.0,0.53125,0.375
10,10,0.03125,0.0,0.015625,0.0,0.0,0.0,0.0,0.0,0.046875,0.0,0.53125,0.375
10,10,0.03125,0.0,0.015625,0.0,0.0,0.0,0.0,0.0,0.046875,0.0,0.53125,0.375
10,10,0.03125,0.0,0.015625,0.0,0.0,0.0,0.0,0.0,0.046875,0.0,0.53125,0.375
10,10,0.03125,0.0,0.015625,0.0,0.0,0.0,0.0,0.0,0.046875,0.0,0.53125,0.375
10,10,0.03125,0.0,0.015625,0.0,0.0,0.0,0.0,0.0,0.046875,0.0,0.53125,0.375
10,10,0.03125,0.0,0.015625,0.0,0.0,0.0,0.0,0.0,0.046875,0.0,0.53125,0.375
10,10,0.03125,0.0,0.015625,0.0,0.0,0.0,0.0,0.0,0.046875,0.0,0.53125,0.375
10,10,0.03125,0.0,0.015625,0.0,0.0,0.0,0.0,0.0,0.046875,0.0,0.53125,0.375
10,10,0.03125,0.0,0.015625,0.0,0.0,0.0,0.0,0.0,0.046875,0.0,0.53125,0.375
10,10,0.03125,0.0,0.015625,0.0,0.0,0.0,0.0,0.0,0.046875,0.0,0.53125,0.375
10,10,0.03125,0.0,0.015625,0.0,0.0,0.0,0.0,0.0,0.046875,0.0,0.53125,0.375
10,10,0.03125,0.0,0.015625,0.0,0.0,0.0,0.0,0.0,0.046875,0.0,0.53125,0.375
10,10,0.03125,0.0,0.015625,0.0,0.0,0.0,0.0,0.0,0.046875,0.0,0.53125,0.375
10,10,0.03125,0.0,0.015625,0.0,0.0,0.0,0.0,0.0,0.046875,0.0,0.53125,0.375
10,10,0.03125,0.0,0.015625,0.0,0.0,0.0,0.0,0.0,0.046875,0.0,0.53125,0.375
10,10,0.03125,0.0,0.015625,0.0,0.0,0.0,0.0,0.0,0.046875,0.0,0.53125,0.375
10,10,0.03125,0.0,0.015625,0.0,0.0,0.0,0.0,0.0,0.046875,0.0,0.53125,0.375
10,10,0.03125,0.0,0.015625,0.0,0.0,0.0,0.0,0.0,0.046875,0.0,0.53125,0.375
10,10,0.03125,0.0,0.015625,0.0,0.0,0.0,0.0,0.0,0.046875,0.0,0.53125,0.375
10,10,0.03125,0.0,0.015625,0.0,0.0,0.0,0.0,0.0,0.046875,0.0,0.53125,0.375
10,10,0.03125,0.0,0.015625,0.0,0.0,0.0,0.0,0.0,0.046875,0.0,0.53125,0.375
10,10,0.03125,0.0,0.015625,0.0,0.0,0.0,0.0,0.0,0.046875,0.0,0.53125,0.375
10,10,0.03125,0.0,0.015625,0.0,0.0,0.0,0.0,0.0,0.046875,0.0,0.53125,0.375
10,10,0.03125,0.0,0.015625,0.0,0.0,0.0,0.0,0.0,0.046875,0.0,0.53125,0.375
10,10,0.03125,0.0,0.015625,0.0,0.0,0.0,0.0,0.0,0.046875,0.0,0.53125,0.375
10,10,0.03125,0.0,0.015625,0.0,0.0,0.0,0.0,0.0,0.046875,0.0,0.53125,0.375
10,10,0.03125,0.0,0.015625,0.0,0.0,0.0,0.0,0.0,0.046875,0.0,0.53125,0.375
10,10,0.03125,0.0,0.015625,0.0,0.0,0.0,0.0,0.0,0.046875,0.0,0.53125,0.375
10,10,0.03125,0.0,0.015625,0.0,0.0,0.0,0.0,0.0,0.046875,0.0,0.53125,0.375
10,10,0.03125,0.0,0.015625,0.0,0.0,0.0,0.0,0.0,0.046875,0.0,0.53125,0.375
10,10,0.03125,0.0,0.015625,0.0,0.0,0.0,0.0,0.0,0.046875,0.0,0.515625,0.390625
10,10,0.03125,0.0,0.015625,0.0,0.0,0.0,0.0,0.0,0.046875,0.0,0.515625,0.390625
10,10,0.03125,0.0,0.015625,0.0,0.0,0.0,0.0,0.0,0.046875,0.0,0.515625,0.390625
10,10,0.03125,0.0,0.015625,0.0,0.0,0.0,0.0,0.0,0.046875,0.0,0.515625,0.390625
10,10,0.03125,0.0,0.015625,0.0,0.0,0.0,0.0,0.0,0.046875,0.0,0.515625,0.390625
10,10,0.03125,0.0,0.015625,0.0,0.0,0.0,0.0,0.0,0.046875,0.0,0.515625,0.390625
10,10,0.03125,0.0,0.015625,0.0,0.0,0.0,0.0,0.0,0.046875,0.0,0.515625,0.390625
10,10,0.03125,0.0,0.015625,0.0,0.0,0.0,0.0,0.0,0.046875,0.0,0.515625,0.390625
10,10,0.03125,0.0,0.015625,0.0,0.0,0.0,0.0,0.0,0.046875,0.0,0.515625,0.390625
10,10,0.03125,0.0,0.015625,0.0,0.0,0.0,0.0,0.0,0.046875,0.0,0.515625,0.390625
10,10,0.03125,0.0,0.015625,0.0,0.0,0.0,0.0,0.0,0.046875,0.0,0.515625,0.390625
10,10,0.03125,0.0,0.015625,0.0,0.0,0.0,0.0,0.0,0.046875,0.0,0.515625,0.390625
10,10,0.03125,0.0,0.015625,0.0,0.0,0.0,0.0,0.0,0.046875,0.0,0.515625,0.390625
10,10,0.03125,0.0,0.015625,0.0,0.0,0.0,0.0,0.0,0.046875,0.0,0.515625,0.390625
10,10,0.03125,0.0,0.015625,0.0,0.0,0.0,0.0,0.0,0.046875,0.0,0.515625,0.390625
10,10,0.03125,0.0,0.015625,0.0,0.0,0.0,0.0,0.0,0.046875,0.0,0.515625,0.390625
10,10,0.03125,0.0,0.015625,0.0,0.0,0.0,0.0,0.0,0.046875,0.0,0.515625,0.390625
10,10,0.03125,0.0,0.015625,0.0,0.0,0.0,0.0,0.0,0.046875,0.0,0.515625,0.390625
10,10,0.03125,0.0,0.015625,0.0,0.0,0.0,0.0,0.0,0.046875,0.0,0.515625,0.390625
10,10,0.03125,0.0,0.015625,0.0,0.0,0.0,0.0,0.0,0.046875,0.0,0.515625,0.390625
10,10,0.03125,0.0,0.015625,0.0,0.0,0.0,0.0,0.0,0.046875,0.0,0.515625,0.390625
10,10,0.03125,0.0,0.015625,0.0,0.0,0.0,0.0,0.0,0.046875,0.0,0.515625,0.390625
10,10,0.03125,0.0,0.015625,0.0,0.0,0.0,0.0,0.0,0.046875,0.0,0.515625,0.390625
10,10,0.03125,0.0,0.015625,0.0,0.0,0.0,0.0,0.0,0.046875,0.0,0.515625,0.390625
10,10,0.015625,0.0,0.015625,0.0,0.0,0.0,0.0,0.0,0.046875,0.0,0.515625,0.40625
10,10,0.015625,0.0,0.015625,0.0,0.0,0.0,0.0,0.0,0.046875,0.0,0.515625,0.40625
10,10,0.015625,0.0,0.015625,0.0,0.0,0.0,0.0,0.0,0.046875,0.0,0.515625,0.40625
10,10,0.015625,0.0,0.015625,0.0,0.0,0.0,0.0,0.0,0.046875,0.0,0.515625,0.40625
10,10,0.015625,0.0,0.015625,0.0,0.0,0.0,0.0,0.0,0.046875,0.0,0.515625,0.40625
10,10,0.015625,0.0,0.015625,0.0,0.0,0.0,0.0,0.0,0.046875,0.0,0.515625,0.40625
10,10,0.015625,0.0,0.015625,0.0,0.0,0.0,0.0,0.0,0.046875,0.0,0.515625,0.40625
10,10,0.015625,0.0,0.015625,0.0,0.0,0.0,0.0,0.0,0.046875,0.0,0.515625,0.40625
10,10,0.015625,0.0,0.015625,0.0,0.0,0.0,0.0,0.0,0.046875,0.0,0.515625,0.40625
10,10,0.015625,0.0,0.015625,0.0,0.0,0.0,0.0,0.0,0.046875,0.0,0.515625,0.40625
10,10,0.015625,0.0,0.015625,0.0,0.0,0.0,0.0,0.0,0.046875,0.0,0.515625,0.40625
10,10,0.015625,0.0,0.015625,0.0,0.0,0.0,0.0,0.0,0.046875,0.0,0.515625,0.40625
10,10,0.015625,0.0,0.015625,0.0,0.0,0.0,0.0,0.0,0.046875,0.0,0.515625,0.40625
10,10,0.015625,0.0,0.015625,0.0,0.0,0.0,0.0,0.0,0.046875,0.0,0.515625,0.40625
10,10,0.015625,0.0,0.015625,0.0,0.0,0.0,0.0,0.0,0.046875,0.0,0.515625,0.40625
10,10,0.015625,0.0,0.015625,0.0,0.0,0.0,0.0,0.0,0.046875,0.0,0.515625,0.40625
10,10,0.015625,0.0,0.015625,0.0,0.0,0.0,0.0,0.0,0.046875,0.0,0.515625,0.40625
10,10,0.015625,0.0,0.015625,0.0,0.0,0.0,0.0,0.0,0.046875,0.0,0.515625,0.40625
10,10,0.015625,0.0,0.015625,0.0,0.0,0.0,0.0,0.0,0.046875,0.0,0.515625,0.40625
10,10,0.015625,0.0,0.015625,0.0,0.0,0.0,0.0,0.0,0.046875,0.0,0.515625,0.40625
10,10,0.015625,0.0,0.015625,0.0,0.0,0.0,0.0,0.0,0.046875,0.0,0.515625,0.40625
10,10,0.015625,0.0,0.015625,0.0,0.0,0.0,0.0,0.0,0.046875,0.0,0.515625,0.40625
10,10,0.015625,0.0,0.015625,0.0,0.0,0.0,0.0,0.0,0.046875,0.0,0.515625,0.40625
10,10,0.015625,0.0,0.015625,0.0,0.0,0.0,0.0,0.0,0.046875,0.0,0.515625,0.40625
10,10,0.015625,0.0,0.015625,0.0,0.0,0.0,0.0,0.0,0.046875,0.0,0.515625,0.40625
10,10,0.015625,0.0,0.015625,0.0,0.0,0.0,0.0,0.0,0.046875,0.0,0.515625,0.40625
10,10,0.015625,0.0,0.015625,0.0,0.0,0.0,0.0,0.0,0.046875,0.0,0.515625,0.40625
10,10,0.015625,0.0,0.015625,0.0,0.0,0.0,0.0,0.0,0.046875,0.0,0.515625,0.40625
10,10,0.015625,0.0,0.015625,0.0,0.0,0.0,0.0,0.0,0.046875,0.0,0.515625,0.40625
10,10,0.015625,0.0,0.015625,0.0,0.0,0.0,0.0,0.0,0.046875,0.0,0.515625,0.40625
10,10,0.015625,0.0,0.015625,0.0,0.0,0.0,0.0,0.0,0.046875,0.0,0.515625,0.40625
10,10,0.015625,0.0,0.015625,0.0,0.0,0.0,0.0,0.0,0.046875,0.0,0.515625,0.40625
10,10,0.015625,0.0,0.015625,0.0,0.0,0.0,0.0,0.0,0.046875,0.0,0.515625,0.40625
10,10,0.015625,0.0,0.015625,0.0,0.0,0.0,0.0,0.0,0.046875,0.0,0.515625,0.40625
10,10,0.015625,0.0,0.015625,0.0,0.0,0.0,0.0,0.0,0.046875,0.0,0.515625,0.40625
10,10,0.015625,0.0,0.015625,0.0,0.0,0.0,0.0,0.0,0.046875,0.0,0.515625,0.40625
10,10,0.015625,0.0,0.015625,0.0,0.0,0.0,0.0,0.0,0.046875,0.0,0.515625,0.40625
10,10,0.015625,0.0,0.015625,0.0,0.0,0.0,0.0,0.0,0.046875,0.0,0.515625,0.40625
10,10,0.015625,0.0,0.015625,0.0,0.0,0.0,0.0,0.0,0.046875,0.0,0.515625,0.40625
10,10,0.015625,0.0,0.015625,0.0,0.0,0.0,0.0,0.0,0.046875,0.0,0.515625,0.40625
10,10,0.015625,0.0,0.015625,0.0,0.0,0.0,0.0,0.0,0.046875,0.0,0.515625,0.40625
10,10,0.015625,0.0,0.015625,0.0,0.0,0.0,0.0,0.0,0.046875,0.0,0.515625,0.40625
10,10,0.015625,0.0,0.015625,0.0,0.0,0.0,0.0,0.0,0.046875,0.0,0.515625,0.40625
10,10,0.015625,0.0,0.015625,0.0,0.0,0.0,0.0,0.0,0.046875,0.0,0.515625,0.40625
10,10,0.015625,0.0,0.015625,0.0,0.0,0.0,0.0,0.0,0.046875,0.0,0.515625,0.40625
10,10,0.015625,0.0,0.015625,0.0,0.0,0.0,0.0,0.0,0.046875,0.0,0.515625,0.40625
10,10,0.015625,0.0,0.015625,0.0,0.0,0.0,0.0,0.0,0.046875,0.0,0.515625,0.40625
10,10,0.015625,0.0,0.015625,0.0,0.0,0.0,0.0,0.0,0.046875,0.0,0.515625,0.40625
10,10,0.015625,0.0,0.015625,0.0,0.0,0.0,0.0,0.0,0.046875,0.0,0.515625,0.40625
10,10,0.015625,0.0,0.015625,0.0,0.0,0.0,0.0,0.0,0.046875,0.0,0.515625,0.40625
10,10,0.015625,0.0,0.015625,0.0,0.0,0.0,0.0,0.0,0.046875,0.0,0.515625,0.40625
10,10,0.015625,0.0,0.015625,0.0,0.0,0.0,0.0,0.0,0.046875,0.0,0.515625,0.40625
10,10,0.015625,0.0,0.015625,0.0,0.0,0.0,0.0,0.0,0.046875,0.0,0.515625,0.40625
10,10,0.015625,0.0,0.015625,0.0,0.0,0.0,0.0,0.0,0.046875,0.0,0.515625,0.40625
10,10,0.015625,0.0,0.015625,0.0,0.0,0.0,0.0,0.0,0.046875,0.0,0.5,0.421875
10,10,0.015625,0.0,0.015625,0.0,0.0,0.0,0.0,0.0,0.046875,0.0,0.5,0.421875
10,10,0.015625,0.0,0.015625,0.0,0.0,0.0,0.0,0.0,0.046875,0.0,0.515625,0.40625
10,10,0.015625,0.0,0.015625,0.0,0.0,0.0,0.0,0.0,0.046875,0.0,0.515625,0.40625
10,10,0.015625,0.0,0.015625,0.0,0.0,0.0,0.0,0.0,0.046875,0.0,0.515625,0.40625
10,10,0.015625,0.0,0.015625,0.0,0.0,0.0,0.0,0.0,0.046875,0.0,0.515625,0.40625
10,10,0.015625,0.0,0.015625,0.0,0.0,0.0,0.0,0.0,0.046875,0.0,0.515625,0.40625
10,10,0.015625,0.0,0.015625,0.0,0.0,0.0,0.0,0.0,0.046875,0.0,0.515625,0.40625
10,10,0.015625,0.0,0.015625,0.0,0.0,0.0,0.0,0.0,0.046875,0.0,0.515625,0.40625
10,10,0.015625,0.0,0.015625,0.0,0.0,0.0,0.0,0.0,0.046875,0.0,0.515625,0.40625
10,10,0.015625,0.0,0.015625,0.0,0.0,0.0,0.0,0.0,0.046875,0.0,0.515625,0.40625
10,10,0.015625,0.0,0.015625,0.0,0.0,0.0,0.0,0.0,0.046875,0.0,0.515625,0.40625
10,10,0.015625,0.0,0.015625,0.0,0.0,0.0,0.0,0.0,0.046875,0.0,0.53125,0.390625
10,10,0.015625,0.0,0.015625,0.0,0.0,0.0,0.0,0.0,0.046875,0.0,0.53125,0.390625
10,10,0.015625,0.0,0.015625,0.0,0.0,0.0,0.0,0.0,0.046875,0.0,0.53125,0.390625
10,10,0.015625,0.0,0.015625,0.0,0.0,0.0,0.0,0.0,0.046875,0.0,0.53125,0.390625
10,10,0.015625,0.0,0.015625,0.0,0.0,0.0,0.0,0.0,0.046875,0.0,0.53125,0.390625
10,10,0.015625,0.0,0.015625,0.0,0.0,0.0,0.0,0.0,0.046875,0.0,0.53125,0.390625
10,10,0.015625,0.0,0.015625,0.0,0.0,0.0,0.0,0.0,0.046875,0.0,0.515625,0.40625
10,10,0.015625,0.0,0.015625,0.0,0.0,0.0,0.0,0.0,0.046875,0.0,0.515625,0.40625
10,10,0.015625,0.0,0.015625,0.0,0.0,0.0,0.0,0.0,0.046875,0.0,0.515625,0.40625
10,10,0.015625,0.0,0.015625,0.0,0.0,0.0,0.0,0.0,0.046875,0.0,0.515625,0.40625
10,10,0.015625,0.0,0.015625,0.0,0.0,0.0,0.0,0.0,0.046875,0.0,0.515625,0.40625
10,10,0.015625,0.0,0.015625,0.0,0.0,0.0,0.0,0.0,0.046875,0.0,0.515625,0.40625
10,10,0.015625,0.0,0.015625,0.0,0.0,0.0,0.0,0.0,0.046875,0.0,0.515625,0.40625
10,10,0.015625,0.0,0.015625,0.0,0.0,0.0,0.0,0.0,0.046875,0.0,0.515625,0.40625
10,10,0.015625,0.0,0.015625,0.0,0.0,0.0,0.0,0.0,0.046875,0.0,0.515625,0.40625
10,10,0.015625,0.0,0.015625,0.0,0.0,0.0,0.0,0.0,0.046875,0.0,0.515625,0.40625
10,10,0.015625,0.0,0.015625,0.0,0.0,0.0,0.0,0.0,0.046875,0.0,0.515625,0.40625
10,10,0.015625,0.0,0.015625,0.0,0.0,0.0,0.0,0.0,0.046875,0.0,0.515625,0.40625
10,10,0.015625,0.0,0.015625,0.0,0.0,0.0,0.0,0.0,0.046875,0.0,0.515625,0.40625
10,10,0.015625,0.0,0.015625,0.0,0.0,0.0,0.0,0.0,0.046875,0.0,0.515625,0.40625
10,10,0.015625,0.0,0.015625,0.0,0.0,0.0,0.0,0.0,0.046875,0.0,0.515625,0.40625
10,10,0.015625,0.0,0.015625,0.0,0.0,0.0,0.0,0.0,0.046875,0.0,0.515625,0.40625
10,10,0.015625,0.0,0.015625,0.0,0.0,0.0,0.0,0.0,0.046875,0.0,0.515625,0.40625
10,10,0.015625,0.0,0.015625,0.0,0.0,0.0,0.0,0.0,0.046875,0.0,0.515625,0.40625
10,10,0.015625,0.0,0.015625,0.0,0.0,0.0,0.0,0.0,0.046875,0.0,0.515625,0.40625
10,10,0.015625,0.0,0.015625,0.0,0.0,0.0,0.0,0.0,0.046875,0.0,0.515625,0.40625
10,10,0.015625,0.0,0.015625,0.0,0.0,0.0,0.0,0.0,0.046875,0.0,0.515625,0.40625
10,10,0.015625,0.0,0.015625,0.0,0.0,0.0,0.0,0.0,0.046875,0.0,0.515625,0.40625
10,10,0.015625,0.0,0.015625,0.0,0.0,0.0,0.0,0.0,0.046875,0.0,0.515625,0.40625
10,10,0.015625,0.0,0.015625,0.0,0.0,0.0,0.0,0.0,0.046875,0.0,0.515625,0.40625
10,10,0.015625,0.0,0.015625,0.0,0.0,0.0,0.0,0.0,0.046875,0.0,0.515625,0.40625
10,10,0.015625,0.0,0.015625,0.0,0.0,0.0,0.0,0.0,0.046875,0.0,0.515625,0.40625
10,10,0.015625,0.0,0.015625,0.0,0.0,0.0,0.0,0.0,0.046875,0.0,0.515625,0.40625
10,10,0.015625,0.0,0.015625,0.0,0.0,0.0,0.0,0.0,0.046875,0.0,0.515625,0.40625
10,10,0.015625,0.0,0.015625,0.0,0.0,0.0,0.0,0.0,0.046875,0.0,0.515625,0.40625
10,10,0.015625,0.0,0.015625,0.0,0.0,0.0,0.0,0.0,0.046875,0.0,0.515625,0.40625
10,10,0.015625,0.0,0.015625,0.0,0.0,0.0,0.0,0.0,0.046875,0.0,0.515625,0.40625
10,10,0.015625,0.0,0.015625,0.0,0.0,0.0,0.0,0.0,0.046875,0.0,0.515625,0.40625
10,10,0.015625,0.0,0.015625,0.0,0.0,0.0,0.0,0.0,0.046875,0.0,0.53125,0.390625
10,10,0.015625,0.0,0.015625,0.0,0.0,0.0,0.0,0.0,0.046875,0.0,0.53125,0.390625
10,10,0.015625,0.0,0.015625,0.0,0.0,0.0,0.0,0.0,0.046875,0.0,0.53125,0.390625
10,10,0.015625,0.0,0.015625,0.0,0.0,0.0,0.0,0.0,0.046875,0.0,0.53125,0.390625
10,10,0.015625,0.0,0.015625,0.0,0.0,0.0,0.0,0.0,0.046875,0.0,0.515625,0.40625
10,10,0.015625,0.0,0.015625,0.0,0.0,0.0,0.0,0.0,0.046875,0.0,0.515625,0.40625
10,10,0.015625,0.0,0.015625,0.0,0.0,0.0,0.0,0.0,0.046875,0.0,0.515625,0.40625
10,10,0.015625,0.0,0.015625,0.0,0.0,0.0,0.0,0.0,0.046875,0.0,0.515625,0.40625
10,10,0.015625,0.0,0.015625,0.0,0.0,0.0,0.0,0.0,0.046875,0.0,0.515625,0.40625
10,10,0.015625,0.0,0.015625,0.0,0.0,0.0,0.0,0.0,0.046875,0.0,0.515625,0.40625
10,10,0.015625,0.0,0.015625,0.0,0.0,0.0,0.0,0.0,0.046875,0.0,0.515625,0.40625
10,10,0.015625,0.0,0.015625,0.0,0.0,0.0,0.0,0.0,0.046875,0.0,0.515625,0.40625
10,10,0.015625,0.0,0.015625,0.0,0.0,0.0,0.0,0.0,0.046875,0.0,0.515625,0.40625
10,10,0.015625,0.0,0.015625,0.0,0.0,0.0,0.0,0.0,0.046875,0.0,0.515625,0.40625
10,10,0.015625,0.0,0.015625,0.0,0.0,0.0,0.0,0.0,0.046875,0.0,0.515625,0.40625
10,10,0.015625,0.0,0.015625,0.0,0.0,0.0,0.0,0.0,0.046875,0.0,0.515625,0.40625
10,10,0.015625,0.0,0.015625,0.0,0.0,0.0,0.0,0.0,0.046875,0.0,0.5,0.421875
10,10,0.015625,0.0,0.015625,0.0,0.0,0.0,0.0,0.0,0.046875,0.0,0.5,0.421875
10,10,0.015625,0.0,0.015625,0.0,0.0,0.0,0.0,0.0,0.046875,0.0,0.5,0.421875
10,10,0.015625,0.0,0.015625,0.0,0.0,0.0,0.0,0.0,0.046875,0.0,0.5,0.421875
10,10,0.015625,0.0,0.015625,0.0,0.0,0.0,0.0,0.0,0.046875,0.0,0.5,0.421875
10,10,0.015625,0.0,0.015625,0.0,0.0,0.0,0.0,0.0,0.046875,0.0,0.5,0.421875
10,10,0.015625,0.0,0.015625,0.0,0.0,0.0,0.0,0.0,0.046875,0.0,0.515625,0.40625
10,10,0.015625,0.0,0.015625,0.0,0.0,0.0,0.0,0.0,0.046875,0.0,0.515625,0.40625
10,10,0.015625,0.0,0.015625,0.0,0.0,0.0,0.0,0.0,0.046875,0.0,0.5,0.421875
10,10,0.015625,0.0,0.015625,0.0,0.0,0.0,0.0,0.0,0.046875,0.0,0.5,0.421875
10,10,0.015625,0.0,0.015625,0.0,0.0,0.0,0.0,0.0,0.046875,0.0,0.5,0.421875
10,10,0.015625,0.0,0.015625,0.0,0.0,0.0,0.0,0.0,0.046875,0.0,0.5,0.421875
10,10,0.015625,0.0,0.015625,0.0,0.0,0.0,0.0,0.0,0.046875,0.0,0.5,0.421875
10,10,0.015625,0.0,0.015625,0.0,0.0,0.0,0.0,0.0,0.046875,0.0,0.5,0.421875
10,10,0.015625,0.0,0.015625,0.0,0.0,0.0,0.0,0.0,0.046875,0.0,0.5,0.421875
10,10,0.015625,0.0,0.015625,0.0,0.0,0.0,0.0,0.0,0.046875,0.0,0.5,0.421875
10,10,0.015625,0.0,0.015625,0.0,0.0,0.0,0.0,0.0,0.046875,0.015625,0.484375,0.421875
10,10,0.015625,0.0,0.015625,0.0,0.0,0.0,0.0,0.0,0.046875,0.015625,0.484375,0.421875
10,10,0.015625,0.0,0.015625,0.0,0.0,0.0,0.0,0.0,0.046875,0.015625,0.484375,0.421875
10,10,0.015625,0.0,0.015625,0.0,0.0,0.0,0.0,0.0,0.046875,0.015625,0.484375,0.421875
10,10,0.015625,0.0,0.015625,0.0,0.0,0.0,0.0,0.0,0.046875,0.015625,0.484375,0.421875
10,10,0.015625,0.0,0.015625,0.0,0.0,0.0,0.0,0.0,0.046875,0.015625,0.484375,0.421875
10,10,0.015625,0.0,0.015625,0.0,0.0,0.0,0.0,0.0,0.046875,0.015625,0.484375,0.421875
10,10,0.015625,0.0,0.015625,0.0,0.0,0.0,0.0,0.0,0.046875,0.015625,0.484375,0.421875
10,10,0.015625,0.0,0.0,0.0,0.0,0.0,0.0,0.0,0.046875,0.015625,0.5,0.421875
10,10,0.015625,0.0,0.0,0.0,0.0,0.0,0.0,0.0,0.046875,0.015625,0.5,0.421875
10,10,0.015625,0.0,0.0,0.0,0.0,0.0,0.0,0.0,0.046875,0.015625,0.5,0.421875
10,10,0.015625,0.0,0.0,0.0,0.0,0.0,0.0,0.0,0.046875,0.015625,0.5,0.421875
10,10,0.015625,0.0,0.0,0.0,0.0,0.0,0.0,0.0,0.046875,0.015625,0.5,0.421875
10,10,0.015625,0.0,0.0,0.0,0.0,0.0,0.0,0.0,0.046875,0.015625,0.5,0.421875
10,10,0.015625,0.0,0.0,0.0,0.0,0.0,0.0,0.0,0.046875,0.0,0.515625,0.421875
10,10,0.015625,0.0,0.0,0.0,0.0,0.0,0.0,0.0,0.046875,0.0,0.515625,0.421875
10,10,0.015625,0.0,0.0,0.0,0.0,0.0,0.0,0.0,0.046875,0.0,0.515625,0.421875
10,10,0.015625,0.0,0.0,0.0,0.0,0.0,0.0,0.0,0.046875,0.0,0.515625,0.421875
10,10,0.015625,0.0,0.0,0.0,0.0,0.0,0.0,0.0,0.046875,0.0,0.515625,0.421875
10,10,0.015625,0.0,0.0,0.0,0.0,0.0,0.0,0.0,0.046875,0.0,0.515625,0.421875
10,10,0.015625,0.0,0.0,0.0,0.0,0.0,0.0,0.0,0.046875,0.0,0.515625,0.421875
10,10,0.015625,0.0,0.0,0.0,0.0,0.0,0.0,0.0,0.046875,0.0,0.515625,0.421875
10,10,0.015625,0.0,0.0,0.0,0.0,0.0,0.0,0.0,0.046875,0.0,0.515625,0.421875
10,10,0.015625,0.0,0.0,0.0,0.0,0.0,0.0,0.0,0.046875,0.0,0.53125,0.40625
10,10,0.015625,0.0,0.0,0.0,0.0,0.0,0.0,0.0,0.046875,0.0,0.53125,0.40625
10,10,0.015625,0.0,0.0,0.0,0.0,0.0,0.0,0.0,0.046875,0.0,0.53125,0.40625
10,10,0.015625,0.0,0.0,0.0,0.0,0.0,0.0,0.0,0.046875,0.0,0.53125,0.40625
10,10,0.015625,0.0,0.0,0.0,0.0,0.0,0.0,0.0,0.046875,0.0,0.53125,0.40625
10,10,0.015625,0.0,0.0,0.0,0.0,0.0,0.0,0.0,0.046875,0.0,0.53125,0.40625
10,10,0.015625,0.0,0.0,0.0,0.0,0.0,0.0,0.0,0.046875,0.0,0.53125,0.40625
10,10,0.015625,0.0,0.0,0.0,0.0,0.0,0.0,0.0,0.046875,0.0,0.53125,0.40625
10,10,0.015625,0.0,0.0,0.0,0.0,0.0,0.0,0.0,0.046875,0.0,0.53125,0.40625
10,10,0.015625,0.0,0.015625,0.0,0.0,0.0,0.0,0.0,0.03125,0.0,0.546875,0.390625
10,10,0.015625,0.0,0.015625,0.0,0.0,0.0,0.0,0.0,0.03125,0.0,0.546875,0.390625
10,10,0.015625,0.0,0.015625,0.0,0.0,0.0,0.0,0.0,0.03125,0.0,0.546875,0.390625
10,10,0.015625,0.0,0.015625,0.0,0.0,0.0,0.0,0.0,0.03125,0.0,0.546875,0.390625
10,10,0.015625,0.0,0.015625,0.0,0.0,0.0,0.0,0.0,0.03125,0.0,0.546875,0.390625
10,10,0.015625,0.0,0.015625,0.0,0.0,0.0,0.0,0.0,0.03125,0.0,0.546875,0.390625
10,10,0.015625,0.0,0.015625,0.0,0.0,0.0,0.0,0.0,0.03125,0.0,0.5625,0.375
10,10,0.015625,0.0,0.015625,0.0,0.0,0.0,0.0,0.0,0.03125,0.0,0.5625,0.375
10,10,0.015625,0.0,0.015625,0.0,0.0,0.0,0.0,0.0,0.03125,0.0,0.5625,0.375
10,10,0.015625,0.0,0.015625,0.0,0.0,0.0,0.0,0.0,0.03125,0.0,0.5625,0.375
10,10,0.015625,0.0,0.015625,0.0,0.0,0.0,0.0,0.0,0.03125,0.015625,0.546875,0.375
10,10,0.015625,0.0,0.015625,0.0,0.0,0.0,0.0,0.0,0.03125,0.015625,0.546875,0.375
10,10,0.015625,0.0,0.015625,0.0,0.0,0.0,0.0,0.0,0.03125,0.015625,0.5625,0.359375
10,10,0.015625,0.0,0.015625,0.0,0.0,0.0,0.0,0.0,0.03125,0.015625,0.5625,0.359375
10,10,0.015625,0.0,0.015625,0.0,0.0,0.0,0.0,0.0,0.03125,0.015625,0.5625,0.359375
10,10,0.015625,0.0,0.015625,0.0,0.0,0.0,0.0,0.0,0.03125,0.015625,0.5625,0.359375
10,10,0.015625,0.0,0.015625,0.0,0.0,0.0,0.0,0.0,0.03125,0.015625,0.5625,0.359375
10,10,0.015625,0.0,0.015625,0.0,0.0,0.0,0.0,0.0,0.03125,0.015625,0.5625,0.359375
10,10,0.015625,0.0,0.015625,0.0,0.0,0.0,0.0,0.0,0.03125,0.015625,0.5625,0.359375
10,10,0.015625,0.0,0.015625,0.0,0.0,0.0,0.0,0.0,0.03125,0.015625,0.5625,0.359375
10,10,0.015625,0.0,0.015625,0.0,0.0,0.0,0.0,0.0,0.03125,0.015625,0.5625,0.359375
10,10,0.015625,0.0,0.015625,0.0,0.0,0.0,0.0,0.0,0.03125,0.015625,0.5625,0.359375
10,10,0.015625,0.0,0.015625,0.0,0.0,0.0,0.0,0.0,0.03125,0.015625,0.5625,0.359375
10,10,0.015625,0.0,0.015625,0.0,0.0,0.0,0.0,0.0,0.03125,0.015625,0.5625,0.359375
10,10,0.0,0.0,0.015625,0.0,0.0,0.0,0.0,0.0,0.03125,0.0,0.578125,0.375
10,10,0.0,0.0,0.015625,0.0,0.0,0.0,0.0,0.0,0.03125,0.0,0.578125,0.375
10,10,0.0,0.0,0.015625,0.0,0.0,0.0,0.0,0.0,0.03125,0.0,0.578125,0.375
10,10,0.0,0.0,0.015625,0.0,0.0,0.0,0.0,0.0,0.03125,0.0,0.578125,0.375
10,10,0.0,0.0,0.015625,0.0,0.0,0.0,0.0,0.0,0.03125,0.0,0.578125,0.375
10,10,0.0,0.0,0.015625,0.0,0.0,0.0,0.0,0.0,0.03125,0.0,0.578125,0.375
10,10,0.0,0.0,0.015625,0.0,0.0,0.0,0.0,0.0,0.03125,0.0,0.59375,0.359375
10,10,0.0,0.0,0.015625,0.0,0.0,0.0,0.0,0.0,0.03125,0.0,0.59375,0.359375
10,10,0.0,0.0,0.015625,0.0,0.0,0.0,0.0,0.0,0.03125,0.0,0.59375,0.359375
10,10,0.0,0.0,0.015625,0.0,0.0,0.0,0.0,0.0,0.03125,0.0,0.59375,0.359375
10,10,0.0,0.0,0.015625,0.0,0.0,0.0,0.0,0.0,0.03125,0.0,0.59375,0.359375
10,10,0.0,0.0,0.015625,0.0,0.0,0.0,0.0,0.0,0.03125,0.0,0.59375,0.359375
10,10,0.0,0.0,0.015625,0.0,0.0,0.0,0.0,0.0,0.03125,0.0,0.59375,0.359375
10,10,0.0,0.0,0.015625,0.0,0.0,0.0,0.0,0.0,0.03125,0.0,0.59375,0.359375
10,10,0.0,0.0,0.015625,0.0,0.0,0.0,0.0,0.0,0.03125,0.0,0.59375,0.359375
10,10,0.0,0.0,0.015625,0.0,0.0,0.0,0.0,0.0,0.03125,0.0,0.59375,0.359375
10,10,0.0,0.0,0.015625,0.0,0.0,0.0,0.0,0.0,0.046875,0.0,0.578125,0.359375
10,10,0.0,0.0,0.015625,0.0,0.0,0.0,0.0,0.0,0.046875,0.0,0.578125,0.359375
10,10,0.0,0.0,0.015625,0.0,0.0,0.0,0.0,0.0,0.046875,0.0,0.578125,0.359375
10,10,0.0,0.0,0.015625,0.0,0.0,0.0,0.0,0.0,0.046875,0.0,0.578125,0.359375
10,10,0.0,0.0,0.015625,0.0,0.0,0.0,0.0,0.0,0.046875,0.0,0.578125,0.359375
10,10,0.0,0.0,0.015625,0.0,0.0,0.0,0.0,0.0,0.046875,0.0,0.578125,0.359375
10,10,0.0,0.0,0.015625,0.0,0.0,0.0,0.0,0.0,0.046875,0.0,0.578125,0.359375
10,10,0.0,0.0,0.015625,0.0,0.0,0.0,0.0,0.0,0.046875,0.0,0.578125,0.359375
10,10,0.0,0.0,0.015625,0.0,0.0,0.0,0.0,0.0,0.046875,0.0,0.5625,0.375
10,10,0.0,0.0,0.015625,0.0,0.0,0.0,0.0,0.0,0.046875,0.0,0.5625,0.375
10,10,0.0,0.0,0.015625,0.0,0.0,0.0,0.0,0.0,0.046875,0.0,0.5625,0.375
10,10,0.0,0.0,0.015625,0.0,0.0,0.0,0.0,0.0,0.046875,0.0,0.5625,0.375
10,10,0.0,0.0,0.015625,0.0,0.0,0.0,0.0,0.0,0.046875,0.0,0.5625,0.375
10,10,0.0,0.0,0.015625,0.0,0.0,0.0,0.0,0.0,0.046875,0.0,0.5625,0.375
10,10,0.0,0.0,0.015625,0.0,0.0,0.0,0.0,0.0,0.046875,0.0,0.5625,0.375
10,10,0.0,0.0,0.015625,0.0,0.0,0.0,0.0,0.0,0.046875,0.0,0.5625,0.375
10,10,0.0,0.0,0.015625,0.0,0.0,0.0,0.0,0.0,0.046875,0.0,0.5625,0.375
10,10,0.0,0.0,0.015625,0.0,0.0,0.0,0.0,0.0,0.046875,0.0,0.5625,0.375
10,10,0.0,0.0,0.015625,0.0,0.0,0.0,0.0,0.0,0.046875,0.0,0.5625,0.375
10,10,0.0,0.0,0.015625,0.0,0.0,0.0,0.0,0.0,0.046875,0.0,0.5625,0.375
10,10,0.0,0.0,0.015625,0.0,0.0,0.0,0.0,0.0,0.046875,0.0,0.5625,0.375
10,10,0.0,0.0,0.015625,0.0,0.0,0.0,0.0,0.0,0.046875,0.0,0.5625,0.375
10,10,0.0,0.0,0.015625,0.0,0.0,0.0,0.0,0.0,0.046875,0.0,0.5625,0.375
10,10,0.0,0.0,0.015625,0.0,0.0,0.0,0.0,0.0,0.046875,0.0,0.5625,0.375
10,10,0.0,0.0,0.015625,0.0,0.0,0.0,0.0,0.0,0.046875,0.0,0.59375,0.34375
10,10,0.0,0.0,0.015625,0.0,0.0,0.0,0.0,0.0,0.046875,0.0,0.59375,0.34375
10,10,0.0,0.0,0.015625,0.0,0.0,0.0,0.0,0.0,0.046875,0.0,0.59375,0.34375
10,10,0.0,0.0,0.015625,0.0,0.0,0.0,0.0,0.0,0.046875,0.0,0.59375,0.34375
10,10,0.0,0.0,0.015625,0.0,0.0,0.0,0.0,0.0,0.046875,0.0,0.59375,0.34375
10,10,0.0,0.0,0.015625,0.0,0.0,0.0,0.0,0.0,0.046875,0.0,0.59375,0.34375
10,10,0.0,0.0,0.015625,0.0,0.0,0.0,0.0,0.0,0.046875,0.0,0.59375,0.34375
10,10,0.0,0.0,0.015625,0.0,0.0,0.0,0.0,0.0,0.046875,0.0,0.59375,0.34375
10,10,0.0,0.0,0.015625,0.0,0.0,0.0,0.0,0.0,0.046875,0.0,0.609375,0.328125
10,10,0.0,0.0,0.015625,0.0,0.0,0.0,0.0,0.0,0.046875,0.0,0.609375,0.328125
10,10,0.0,0.0,0.015625,0.0,0.0,0.0,0.0,0.0,0.046875,0.0,0.609375,0.328125
10,10,0.0,0.0,0.015625,0.0,0.0,0.0,0.0,0.0,0.046875,0.0,0.609375,0.328125
10,10,0.0,0.0,0.015625,0.0,0.0,0.0,0.0,0.0,0.046875,0.0,0.609375,0.328125
10,10,0.0,0.0,0.015625,0.0,0.0,0.0,0.0,0.0,0.046875,0.0,0.609375,0.328125
10,10,0.0,0.0,0.015625,0.0,0.0,0.0,0.0,0.0,0.046875,0.0,0.609375,0.328125
10,10,0.0,0.0,0.015625,0.0,0.0,0.0,0.0,0.0,0.046875,0.0,0.609375,0.328125
10,10,0.0,0.0,0.015625,0.0,0.0,0.0,0.0,0.0,0.046875,0.0,0.625,0.3125
10,10,0.0,0.0,0.015625,0.0,0.0,0.0,0.0,0.0,0.046875,0.0,0.625,0.3125
10,10,0.0,0.0,0.015625,0.0,0.0,0.0,0.0,0.0,0.046875,0.0,0.625,0.3125
10,10,0.0,0.0,0.015625,0.0,0.0,0.0,0.0,0.0,0.046875,0.0,0.625,0.3125
10,10,0.0,0.0,0.015625,0.0,0.0,0.0,0.0,0.0,0.046875,0.0,0.625,0.3125
10,10,0.0,0.0,0.015625,0.0,0.0,0.0,0.0,0.0,0.046875,0.0,0.625,0.3125
10,10,0.0,0.0,0.015625,0.0,0.0,0.0,0.0,0.0,0.046875,0.0,0.625,0.3125
10,10,0.0,0.0,0.015625,0.0,0.0,0.0,0.0,0.0,0.046875,0.0,0.625,0.3125
10,10,0.0,0.0,0.015625,0.0,0.0,0.0,0.0,0.0,0.046875,0.0,0.625,0.3125
10,10,0.0,0.0,0.015625,0.0,0.0,0.0,0.0,0.0,0.03125,0.015625,0.625,0.3125
10,10,0.0,0.0,0.015625,0.0,0.0,0.0,0.0,0.0,0.03125,0.015625,0.625,0.3125
10,10,0.0,0.0,0.015625,0.0,0.0,0.0,0.0,0.0,0.03125,0.015625,0.625,0.3125
10,10,0.0,0.0,0.015625,0.0,0.0,0.0,0.0,0.0,0.03125,0.015625,0.625,0.3125
10,10,0.0,0.0,0.015625,0.0,0.0,0.0,0.0,0.0,0.03125,0.015625,0.625,0.3125
10,10,0.0,0.0,0.015625,0.0,0.0,0.0,0.0,0.0,0.046875,0.015625,0.609375,0.3125
10,10,0.0,0.0,0.015625,0.0,0.0,0.0,0.0,0.0,0.046875,0.015625,0.609375,0.3125
10,10,0.0,0.0,0.03125,0.0,0.0,0.0,0.0,0.0,0.046875,0.015625,0.59375,0.3125
10,10,0.0,0.0,0.03125,0.0,0.0,0.0,0.0,0.0,0.046875,0.015625,0.59375,0.3125
10,10,0.0,0.0,0.03125,0.0,0.0,0.0,0.0,0.0,0.046875,0.015625,0.59375,0.3125
10,10,0.0,0.0,0.03125,0.0,0.0,0.0,0.0,0.0,0.046875,0.015625,0.59375,0.3125
10,10,0.0,0.0,0.03125,0.0,0.0,0.0,0.0,0.0,0.046875,0.015625,0.59375,0.3125
10,10,0.0,0.0,0.03125,0.0,0.0,0.0,0.0,0.0,0.046875,0.015625,0.59375,0.3125
10,10,0.0,0.0,0.03125,0.0,0.0,0.0,0.0,0.0,0.046875,0.015625,0.578125,0.328125
10,10,0.0,0.0,0.03125,0.0,0.0,0.0,0.0,0.0,0.046875,0.015625,0.578125,0.328125
10,10,0.0,0.0,0.03125,0.0,0.0,0.0,0.0,0.0,0.046875,0.015625,0.578125,0.328125
10,10,0.0,0.0,0.03125,0.0,0.0,0.0,0.0,0.0,0.046875,0.015625,0.578125,0.328125
10,10,0.0,0.0,0.03125,0.0,0.0,0.0,0.0,0.0,0.046875,0.015625,0.578125,0.328125
10,10,0.0,0.0,0.03125,0.0,0.0,0.0,0.0,0.0,0.046875,0.015625,0.578125,0.328125
10,10,0.0,0.0,0.03125,0.0,0.0,0.0,0.0,0.0,0.03125,0.015625,0.59375,0.328125
10,10,0.0,0.0,0.03125,0.0,0.0,0.0,0.0,0.0,0.03125,0.015625,0.59375,0.328125
10,10,0.0,0.0,0.03125,0.0,0.0,0.0,0.0,0.0,0.03125,0.015625,0.59375,0.328125
10,10,0.0,0.0,0.03125,0.0,0.0,0.0,0.0,0.0,0.03125,0.015625,0.59375,0.328125
10,10,0.0,0.0,0.03125,0.0,0.0,0.0,0.0,0.0,0.03125,0.015625,0.59375,0.328125
10,10,0.0,0.0,0.03125,0.0,0.0,0.0,0.0,0.0,0.03125,0.015625,0.59375,0.328125
10,10,0.0,0.0,0.03125,0.0,0.0,0.0,0.0,0.0,0.03125,0.015625,0.59375,0.328125
10,10,0.0,0.0,0.03125,0.0,0.0,0.0,0.0,0.0,0.03125,0.015625,0.59375,0.328125
10,10,0.0,0.0,0.03125,0.0,0.0,0.0,0.0,0.0,0.03125,0.015625,0.59375,0.328125
10,10,0.0,0.0,0.03125,0.0,0.0,0.0,0.0,0.0,0.03125,0.015625,0.59375,0.328125
10,10,0.0,0.0,0.03125,0.0,0.0,0.0,0.0,0.0,0.03125,0.015625,0.59375,0.328125
10,10,0.0,0.0,0.03125,0.0,0.0,0.0,0.0,0.0,0.03125,0.015625,0.59375,0.328125
10,10,0.0,0.0,0.03125,0.0,0.0,0.0,0.0,0.0,0.03125,0.015625,0.59375,0.328125
10,10,0.0,0.0,0.03125,0.0,0.0,0.0,0.0,0.0,0.03125,0.015625,0.59375,0.328125
10,10,0.0,0.0,0.03125,0.0,0.0,0.0,0.0,0.0,0.03125,0.015625,0.59375,0.328125
10,10,0.0,0.0,0.03125,0.0,0.0,0.0,0.0,0.0,0.03125,0.015625,0.59375,0.328125
10,10,0.0,0.0,0.03125,0.0,0.0,0.0,0.0,0.0,0.03125,0.015625,0.59375,0.328125
10,10,0.0,0.0,0.03125,0.0,0.0,0.0,0.0,0.0,0.03125,0.015625,0.59375,0.328125
10,10,0.0,0.0,0.03125,0.0,0.0,0.0,0.0,0.0,0.03125,0.015625,0.59375,0.328125
10,10,0.0,0.0,0.03125,0.0,0.0,0.0,0.0,0.0,0.03125,0.015625,0.59375,0.328125
10,10,0.0,0.0,0.03125,0.0,0.0,0.0,0.0,0.0,0.03125,0.015625,0.59375,0.328125
10,10,0.0,0.0,0.03125,0.0,0.0,0.0,0.0,0.0,0.03125,0.0,0.59375,0.34375
10,10,0.0,0.0,0.03125,0.0,0.0,0.0,0.0,0.0,0.03125,0.0,0.59375,0.34375
10,10,0.0,0.0,0.03125,0.0,0.0,0.0,0.0,0.0,0.03125,0.0,0.59375,0.34375
10,10,0.0,0.0,0.03125,0.0,0.0,0.0,0.0,0.0,0.03125,0.0,0.59375,0.34375
10,10,0.0,0.0,0.03125,0.0,0.0,0.0,0.0,0.0,0.03125,0.0,0.59375,0.34375
10,10,0.0,0.0,0.03125,0.0,0.0,0.0,0.0,0.0,0.03125,0.0,0.59375,0.34375
10,10,0.0,0.0,0.03125,0.0,0.0,0.0,0.0,0.0,0.03125,0.0,0.59375,0.34375
10,10,0.0,0.0,0.03125,0.0,0.0,0.0,0.0,0.0,0.046875,0.0,0.578125,0.34375
10,10,0.0,0.0,0.03125,0.0,0.0,0.0,0.0,0.0,0.046875,0.0,0.578125,0.34375
10,10,0.0,0.0,0.03125,0.0,0.0,0.0,0.0,0.0,0.046875,0.0,0.578125,0.34375
10,10,0.0,0.0,0.03125,0.0,0.0,0.0,0.0,0.0,0.046875,0.0,0.578125,0.34375
10,10,0.0,0.0,0.03125,0.0,0.0,0.0,0.0,0.0,0.046875,0.0,0.578125,0.34375
10,10,0.0,0.0,0.03125,0.0,0.0,0.0,0.0,0.0,0.046875,0.0,0.578125,0.34375
10,10,0.0,0.0,0.03125,0.0,0.0,0.0,0.0,0.0,0.046875,0.0,0.578125,0.34375
10,10,0.0,0.0,0.03125,0.0,0.0,0.0,0.0,0.0,0.046875,0.0,0.578125,0.34375
10,10,0.0,0.0,0.03125,0.0,0.0,0.0,0.0,0.0,0.03125,0.015625,0.578125,0.34375
10,10,0.0,0.0,0.03125,0.0,0.0,0.0,0.0,0.0,0.03125,0.015625,0.578125,0.34375
10,10,0.0,0.0,0.03125,0.0,0.0,0.0,0.0,0.0,0.03125,0.015625,0.578125,0.34375
10,10,0.0,0.0,0.03125,0.0,0.0,0.0,0.0,0.0,0.03125,0.015625,0.578125,0.34375
10,10,0.0,0.0,0.03125,0.0,0.0,0.0,0.0,0.0,0.03125,0.015625,0.59375,0.328125
10,10,0.0,0.0,0.03125,0.0,0.0,0.0,0.0,0.0,0.03125,0.015625,0.59375,0.328125
10,10,0.0,0.0,0.03125,0.0,0.0,0.0,0.0,0.0,0.015625,0.015625,0.609375,0.328125
10,10,0.0,0.0,0.03125,0.0,0.0,0.0,0.0,0.0,0.015625,0.015625,0.609375,0.328125
10,10,0.0,0.0,0.03125,0.0,0.0,0.0,0.0,0.0,0.015625,0.015625,0.609375,0.328125
10,10,0.0,0.0,0.03125,0.0,0.0,0.0,0.0,0.0,0.015625,0.015625,0.609375,0.328125
10,10,0.0,0.0,0.03125,0.0,0.0,0.0,0.0,0.0,0.015625,0.015625,0.609375,0.328125
10,10,0.0,0.0,0.03125,0.0,0.0,0.0,0.0,0.0,0.015625,0.015625,0.609375,0.328125
10,10,0.0,0.0,0.03125,0.0,0.0,0.0,0.0,0.0,0.015625,0.015625,0.609375,0.328125
10,10,0.0,0.0,0.03125,0.0,0.0,0.0,0.0,0.0,0.015625,0.015625,0.609375,0.328125
10,10,0.0,0.0,0.03125,0.0,0.0,0.0,0.0,0.0,0.015625,0.015625,0.609375,0.328125
10,10,0.0,0.0,0.03125,0.0,0.0,0.0,0.0,0.0,0.015625,0.015625,0.609375,0.328125
10,10,0.0,0.0,0.03125,0.0,0.0,0.0,0.0,0.0,0.015625,0.015625,0.609375,0.328125
10,10,0.0,0.0,0.03125,0.0,0.0,0.0,0.0,0.0,0.015625,0.015625,0.609375,0.328125
10,10,0.0,0.0,0.03125,0.0,0.0,0.0,0.0,0.0,0.015625,0.015625,0.609375,0.328125
10,10,0.0,0.0,0.03125,0.0,0.0,0.0,0.0,0.0,0.015625,0.015625,0.609375,0.328125
10,10,0.0,0.0,0.03125,0.0,0.0,0.0,0.0,0.0,0.015625,0.015625,0.609375,0.328125
10,10,0.0,0.0,0.03125,0.0,0.0,0.0,0.0,0.0,0.015625,0.015625,0.609375,0.328125
10,10,0.0,0.0,0.03125,0.0,0.0,0.0,0.0,0.0,0.015625,0.015625,0.609375,0.328125
10,10,0.0,0.0,0.03125,0.0,0.0,0.0,0.0,0.0,0.015625,0.015625,0.609375,0.328125
10,10,0.0,0.0,0.03125,0.0,0.0,0.0,0.0,0.0,0.015625,0.015625,0.609375,0.328125
10,10,0.0,0.0,0.03125,0.0,0.0,0.0,0.0,0.0,0.015625,0.015625,0.609375,0.328125
10,10,0.0,0.0,0.03125,0.0,0.0,0.0,0.0,0.0,0.015625,0.015625,0.609375,0.328125
10,10,0.0,0.0,0.03125,0.0,0.0,0.0,0.0,0.0,0.015625,0.015625,0.609375,0.328125
10,10,0.0,0.0,0.03125,0.0,0.0,0.0,0.0,0.0,0.015625,0.015625,0.609375,0.328125
10,10,0.0,0.0,0.03125,0.0,0.0,0.0,0.0,0.0,0.015625,0.015625,0.609375,0.328125
10,10,0.0,0.0,0.03125,0.0,0.0,0.0,0.0,0.0,0.015625,0.015625,0.609375,0.328125
10,10,0.0,0.0,0.03125,0.0,0.0,0.0,0.0,0.0,0.015625,0.015625,0.609375,0.328125
10,10,0.0,0.0,0.03125,0.0,0.0,0.0,0.0,0.0,0.015625,0.015625,0.625,0.3125
10,10,0.0,0.0,0.03125,0.0,0.0,0.0,0.0,0.0,0.015625,0.015625,0.625,0.3125
10,10,0.0,0.0,0.03125,0.0,0.0,0.0,0.0,0.0,0.015625,0.015625,0.625,0.3125
10,10,0.0,0.0,0.03125,0.0,0.0,0.0,0.0,0.0,0.015625,0.015625,0.625,0.3125
10,10,0.0,0.0,0.03125,0.0,0.0,0.0,0.0,0.0,0.015625,0.015625,0.625,0.3125
10,10,0.0,0.0,0.03125,0.0,0.0,0.0,0.0,0.0,0.015625,0.015625,0.625,0.3125
10,10,0.0,0.0,0.03125,0.0,0.0,0.0,0.0,0.0,0.015625,0.015625,0.625,0.3125
10,10,0.0,0.0,0.03125,0.0,0.0,0.0,0.0,0.0,0.015625,0.015625,0.625,0.3125
10,10,0.0,0.0,0.03125,0.0,0.0,0.0,0.0,0.0,0.015625,0.015625,0.625,0.3125
10,10,0.0,0.0,0.03125,0.0,0.0,0.0,0.0,0.0,0.015625,0.015625,0.625,0.3125
10,10,0.0,0.0,0.03125,0.0,0.0,0.0,0.0,0.0,0.015625,0.015625,0.625,0.3125
10,10,0.0,0.0,0.03125,0.0,0.0,0.0,0.0,0.0,0.015625,0.015625,0.625,0.3125
10,10,0.0,0.0,0.03125,0.0,0.0,0.0,0.0,0.0,0.015625,0.015625,0.625,0.3125
10,10,0.0,0.0,0.03125,0.0,0.0,0.0,0.0,0.0,0.015625,0.015625,0.625,0.3125
10,10,0.0,0.0,0.03125,0.0,0.0,0.0,0.0,0.0,0.015625,0.015625,0.625,0.3125
10,10,0.0,0.0,0.03125,0.0,0.0,0.0,0.0,0.0,0.015625,0.015625,0.625,0.3125
10,10,0.0,0.015625,0.03125,0.0,0.0,0.0,0.015625,0.0,0.015625,0.015625,0.671875,0.234375
10,10,0.0,0.015625,0.03125,0.0,0.0,0.0,0.015625,0.0,0.015625,0.015625,0.671875,0.234375
10,10,0.0,0.015625,0.03125,0.0,0.0,0.0,0.015625,0.0,0.015625,0.015625,0.671875,0.234375
10,10,0.0,0.015625,0.03125,0.0,0.0,0.0,0.015625,0.0,0.015625,0.015625,0.671875,0.234375
10,10,0.0,0.015625,0.03125,0.0,0.0,0.0,0.015625,0.0,0.015625,0.015625,0.671875,0.234375
10,10,0.0,0.015625,0.03125,0.0,0.0,0.0,0.015625,0.0,0.015625,0.015625,0.671875,0.234375
10,10,0.0,0.015625,0.03125,0.0,0.0,0.0,0.015625,0.0,0.015625,0.015625,0.671875,0.234375
10,10,0.0,0.015625,0.03125,0.0,0.0,0.0,0.015625,0.0,0.015625,0.015625,0.671875,0.234375
10,10,0.0,0.015625,0.03125,0.0,0.0,0.0,0.015625,0.0,0.015625,0.015625,0.671875,0.234375
10,10,0.0,0.015625,0.03125,0.0,0.0,0.0,0.015625,0.0,0.015625,0.015625,0.671875,0.234375
10,10,0.0,0.015625,0.03125,0.0,0.0,0.0,0.015625,0.0,0.015625,0.015625,0.671875,0.234375
10,10,0.0,0.015625,0.03125,0.0,0.0,0.0,0.015625,0.0,0.015625,0.015625,0.671875,0.234375
10,10,0.0,0.015625,0.03125,0.0,0.0,0.0,0.015625,0.0,0.015625,0.015625,0.671875,0.234375
10,10,0.0,0.015625,0.03125,0.0,0.0,0.0,0.015625,0.0,0.015625,0.015625,0.671875,0.234375
10,10,0.0,0.015625,0.03125,0.0,0.0,0.0,0.015625,0.0,0.015625,0.015625,0.671875,0.234375
10,10,0.0,0.015625,0.03125,0.0,0.0,0.0,0.015625,0.0,0.015625,0.015625,0.671875,0.234375
10,10,0.0,0.015625,0.03125,0.0,0.0,0.0,0.015625,0.0,0.015625,0.015625,0.671875,0.234375
10,10,0.0,0.015625,0.03125,0.0,0.0,0.0,0.015625,0.0,0.015625,0.015625,0.671875,0.234375
10,10,0.0,0.015625,0.03125,0.0,0.0,0.0,0.015625,0.0,0.015625,0.015625,0.671875,0.234375
10,10,0.0,0.015625,0.03125,0.0,0.0,0.0,0.015625,0.0,0.015625,0.015625,0.671875,0.234375
10,10,0.0,0.015625,0.03125,0.0,0.0,0.0,0.015625,0.0,0.015625,0.015625,0.671875,0.234375
10,10,0.0,0.015625,0.03125,0.0,0.0,0.0,0.015625,0.0,0.015625,0.015625,0.671875,0.234375
10,10,0.0,0.015625,0.03125,0.0,0.0,0.0,0.015625,0.0,0.015625,0.015625,0.671875,0.234375
10,10,0.0,0.015625,0.03125,0.0,0.0,0.0,0.015625,0.0,0.015625,0.015625,0.671875,0.234375
10,10,0.0,0.015625,0.03125,0.0,0.0,0.0,0.015625,0.0,0.015625,0.015625,0.671875,0.234375
10,10,0.0,0.015625,0.03125,0.0,0.0,0.0,0.015625,0.0,0.015625,0.015625,0.671875,0.234375
10,10,0.0,0.015625,0.03125,0.0,0.0,0.0,0.015625,0.0,0.015625,0.015625,0.671875,0.234375
10,10,0.0,0.015625,0.03125,0.0,0.0,0.0,0.015625,0.0,0.015625,0.015625,0.671875,0.234375
10,10,0.0,0.015625,0.03125,0.0,0.0,0.0,0.015625,0.0,0.015625,0.015625,0.65625,0.25
10,10,0.0,0.015625,0.03125,0.0,0.0,0.0,0.015625,0.0,0.015625,0.015625,0.65625,0.25
10,10,0.0,0.015625,0.03125,0.0,0.0,0.0,0.015625,0.0,0.015625,0.015625,0.65625,0.25
10,10,0.0,0.015625,0.03125,0.0,0.0,0.0,0.015625,0.0,0.015625,0.015625,0.65625,0.25
10,10,0.0,0.015625,0.03125,0.0,0.0,0.0,0.015625,0.0,0.015625,0.015625,0.65625,0.25
10,10,0.0,0.015625,0.03125,0.0,0.0,0.0,0.015625,0.0,0.015625,0.015625,0.65625,0.25
10,10,0.0,0.015625,0.03125,0.0,0.0,0.0,0.015625,0.0,0.015625,0.015625,0.65625,0.25
10,10,0.0,0.015625,0.03125,0.0,0.0,0.0,0.015625,0.0,0.015625,0.015625,0.65625,0.25
10,10,0.0,0.015625,0.03125,0.0,0.0,0.0,0.015625,0.0,0.015625,0.015625,0.671875,0.234375
10,10,0.0,0.015625,0.03125,0.0,0.0,0.0,0.015625,0.0,0.015625,0.015625,0.671875,0.234375
10,10,0.0,0.015625,0.03125,0.0,0.0,0.0,0.015625,0.0,0.015625,0.015625,0.671875,0.234375
10,10,0.0,0.015625,0.03125,0.0,0.0,0.0,0.015625,0.0,0.015625,0.015625,0.671875,0.234375
10,10,0.0,0.015625,0.03125,0.0,0.0,0.0,0.015625,0.0,0.015625,0.015625,0.671875,0.234375
10,10,0.0,0.015625,0.03125,0.0,0.0,0.0,0.015625,0.0,0.015625,0.015625,0.671875,0.234375
10,10,0.0,0.015625,0.03125,0.0,0.0,0.0,0.015625,0.0,0.015625,0.015625,0.6875,0.21875
10,10,0.0,0.015625,0.03125,0.0,0.0,0.0,0.015625,0.0,0.015625,0.015625,0.6875,0.21875
10,10,0.0,0.015625,0.03125,0.0,0.0,0.0,0.015625,0.0,0.015625,0.015625,0.6875,0.21875
10,10,0.0,0.015625,0.03125,0.0,0.0,0.0,0.015625,0.0,0.015625,0.015625,0.6875,0.21875
10,10,0.0,0.015625,0.03125,0.0,0.0,0.0,0.015625,0.0,0.015625,0.015625,0.6875,0.21875
10,10,0.0,0.015625,0.03125,0.0,0.0,0.0,0.015625,0.0,0.015625,0.015625,0.6875,0.21875
10,10,0.0,0.015625,0.03125,0.0,0.0,0.0,0.015625,0.0,0.015625,0.015625,0.703125,0.203125
10,10,0.0,0.015625,0.03125,0.0,0.0,0.0,0.015625,0.0,0.03125,0.015625,0.71875,0.171875
10,10,0.0,0.015625,0.03125,0.0,0.0,0.0,0.015625,0.0,0.03125,0.015625,0.71875,0.171875
10,10,0.0,0.015625,0.03125,0.0,0.0,0.0,0.015625,0.0,0.03125,0.015625,0.71875,0.171875
10,10,0.0,0.015625,0.03125,0.0,0.0,0.0,0.015625,0.0,0.03125,0.015625,0.71875,0.171875
10,10,0.0,0.015625,0.03125,0.0,0.0,0.0,0.015625,0.0,0.03125,0.015625,0.71875,0.171875
10,10,0.0,0.015625,0.03125,0.0,0.0,0.0,0.015625,0.0,0.03125,0.015625,0.71875,0.171875
10,10,0.0,0.015625,0.03125,0.0,0.0,0.0,0.015625,0.0,0.03125,0.015625,0.71875,0.171875
10,10,0.0,0.015625,0.03125,0.0,0.0,0.0,0.015625,0.0,0.03125,0.015625,0.734375,0.15625
10,10,0.0,0.015625,0.03125,0.0,0.0,0.0,0.015625,0.0,0.03125,0.015625,0.734375,0.15625
10,10,0.0,0.015625,0.03125,0.0,0.0,0.0,0.015625,0.0,0.03125,0.015625,0.734375,0.15625
10,10,0.0,0.015625,0.03125,0.0,0.0,0.0,0.015625,0.0,0.03125,0.015625,0.734375,0.15625
10,10,0.0,0.015625,0.03125,0.0,0.0,0.0,0.015625,0.0,0.03125,0.015625,0.734375,0.15625
10,10,0.0,0.015625,0.03125,0.0,0.0,0.0,0.015625,0.0,0.03125,0.015625,0.734375,0.15625
10,10,0.0,0.015625,0.03125,0.0,0.0,0.0,0.015625,0.0,0.03125,0.015625,0.734375,0.15625
10,10,0.0,0.015625,0.03125,0.0,0.0,0.0,0.015625,0.0,0.03125,0.015625,0.734375,0.15625
10,10,0.0,0.015625,0.03125,0.0,0.0,0.0,0.015625,0.0,0.03125,0.015625,0.734375,0.15625
10,10,0.0,0.015625,0.03125,0.0,0.0,0.0,0.015625,0.0,0.03125,0.015625,0.734375,0.15625
10,10,0.0,0.015625,0.03125,0.0,0.0,0.0,0.015625,0.0,0.015625,0.03125,0.734375,0.15625
10,10,0.0,0.015625,0.03125,0.0,0.0,0.0,0.015625,0.0,0.015625,0.03125,0.734375,0.15625
10,10,0.0,0.015625,0.03125,0.0,0.0,0.0,0.015625,0.0,0.015625,0.03125,0.734375,0.15625
10,10,0.0,0.015625,0.03125,0.0,0.0,0.0,0.015625,0.0,0.015625,0.03125,0.734375,0.15625
10,10,0.0,0.015625,0.03125,0.0,0.0,0.0,0.015625,0.0,0.0,0.03125,0.734375,0.171875
10,10,0.0,0.015625,0.03125,0.0,0.0,0.0,0.015625,0.0,0.0,0.03125,0.734375,0.171875
10,10,0.0,0.015625,0.015625,0.0,0.0,0.0,0.015625,0.0,0.0,0.03125,0.765625,0.15625
10,10,0.0,0.015625,0.015625,0.0,0.0,0.0,0.015625,0.0,0.0,0.03125,0.765625,0.15625
10,10,0.0,0.015625,0.015625,0.0,0.0,0.0,0.015625,0.0,0.0,0.03125,0.765625,0.15625
10,10,0.0,0.015625,0.015625,0.0,0.0,0.0,0.015625,0.0,0.0,0.03125,0.765625,0.15625
10,10,0.0,0.015625,0.015625,0.0,0.0,0.0,0.015625,0.0,0.0,0.03125,0.765625,0.15625
10,10,0.0,0.015625,0.015625,0.0,0.0,0.0,0.015625,0.0,0.0,0.03125,0.765625,0.15625
10,10,0.0,0.015625,0.015625,0.0,0.0,0.0,0.015625,0.0,0.0,0.03125,0.765625,0.15625
10,10,0.0,0.015625,0.015625,0.0,0.0,0.0,0.015625,0.0,0.0,0.03125,0.765625,0.15625
10,10,0.0,0.015625,0.015625,0.0,0.0,0.0,0.015625,0.0,0.0,0.03125,0.765625,0.15625
10,10,0.0,0.015625,0.015625,0.0,0.0,0.0,0.015625,0.0,0.0,0.03125,0.765625,0.15625
10,10,0.0,0.015625,0.015625,0.0,0.0,0.0,0.015625,0.0,0.0,0.03125,0.765625,0.15625
10,10,0.0,0.015625,0.015625,0.0,0.0,0.0,0.015625,0.0,0.0,0.03125,0.765625,0.15625
10,10,0.0,0.015625,0.015625,0.0,0.0,0.0,0.015625,0.0,0.0,0.03125,0.8125,0.109375
10,10,0.0,0.015625,0.015625,0.0,0.0,0.0,0.015625,0.0,0.0,0.03125,0.8125,0.109375
10,10,0.0,0.015625,0.015625,0.0,0.0,0.0,0.015625,0.0,0.0,0.03125,0.8125,0.109375
10,10,0.0,0.015625,0.015625,0.0,0.0,0.0,0.015625,0.0,0.0,0.03125,0.8125,0.109375
10,10,0.0,0.015625,0.015625,0.0,0.0,0.0,0.015625,0.0,0.0,0.03125,0.828125,0.09375
10,10,0.0,0.015625,0.015625,0.0,0.0,0.0,0.015625,0.0,0.0,0.03125,0.828125,0.09375
10,10,0.0,0.015625,0.015625,0.0,0.0,0.0,0.015625,0.0,0.0,0.03125,0.828125,0.09375
10,10,0.0,0.015625,0.015625,0.0,0.0,0.0,0.015625,0.0,0.0,0.03125,0.828125,0.09375
10,10,0.0,0.015625,0.015625,0.0,0.0,0.0,0.015625,0.0,0.0,0.03125,0.828125,0.09375
10,10,0.0,0.015625,0.015625,0.0,0.0,0.0,0.015625,0.0,0.0,0.03125,0.828125,0.09375
10,10,0.0,0.015625,0.015625,0.0,0.0,0.0,0.015625,0.0,0.0,0.03125,0.828125,0.09375
10,10,0.0,0.015625,0.015625,0.0,0.0,0.0,0.015625,0.0,0.0,0.03125,0.828125,0.09375
10,10,0.0,0.0,0.015625,0.0,0.0,0.0,0.015625,0.0,0.0,0.03125,0.890625,0.046875
10,10,0.0,0.0,0.015625,0.0,0.0,0.0,0.015625,0.0,0.0,0.03125,0.890625,0.046875
10,10,0.0,0.0,0.015625,0.0,0.0,0.0,0.015625,0.0,0.0,0.03125,0.890625,0.046875
10,10,0.0,0.0,0.015625,0.0,0.0,0.0,0.015625,0.0,0.0,0.03125,0.890625,0.046875
10,10,0.0,0.0,0.015625,0.0,0.0,0.0,0.015625,0.0,0.0,0.03125,0.890625,0.046875
10,10,0.0,0.0,0.015625,0.0,0.0,0.0,0.015625,0.0,0.0,0.03125,0.890625,0.046875
10,10,0.0,0.0,0.015625,0.0,0.0,0.0,0.015625,0.0,0.0,0.03125,0.890625,0.046875
10,10,0.0,0.0,0.015625,0.0,0.0,0.0,0.015625,0.0,0.0,0.03125,0.890625,0.046875
10,10,0.0,0.0,0.015625,0.0,0.0,0.0,0.015625,0.0,0.0,0.03125,0.890625,0.046875
10,10,0.0,0.0,0.015625,0.0,0.0,0.0,0.015625,0.0,0.0,0.03125,0.890625,0.046875
10,10,0.0,0.0,0.015625,0.0,0.0,0.0,0.015625,0.0,0.0,0.03125,0.890625,0.046875
10,10,0.0,0.0,0.015625,0.0,0.0,0.0,0.015625,0.0,0.0,0.03125,0.890625,0.046875
10,10,0.0,0.0,0.0,0.0,0.0,0.0,0.015625,0.0,0.0,0.03125,0.90625,0.046875
10,10,0.0,0.0,0.0,0.0,0.0,0.0,0.015625,0.0,0.0,0.03125,0.90625,0.046875
10,10,0.0,0.0,0.0,0.0,0.0,0.0,0.015625,0.0,0.0,0.03125,0.90625,0.046875
10,10,0.0,0.0,0.0,0.0,0.0,0.0,0.015625,0.0,0.0,0.03125,0.90625,0.046875
10,10,0.0,0.0,0.0,0.0,0.0,0.0,0.015625,0.0,0.0,0.03125,0.90625,0.046875
10,10,0.0,0.0,0.0,0.0,0.0,0.0,0.015625,0.0,0.0,0.03125,0.90625,0.046875
10,10,0.0,0.0,0.0,0.0,0.0,0.0,0.015625,0.0,0.0,0.03125,0.90625,0.046875
10,10,0.0,0.0,0.0,0.0,0.0,0.0,0.015625,0.0,0.0,0.03125,0.90625,0.046875
10,10,0.0,0.0,0.0,0.0,0.0,0.0,0.015625,0.0,0.0,0.03125,0.90625,0.046875
10,10,0.0,0.0,0.0,0.0,0.0,0.0,0.015625,0.0,0.0,0.03125,0.90625,0.046875
10,10,0.0,0.0,0.0,0.0,0.0,0.0,0.015625,0.0,0.0,0.03125,0.90625,0.046875
10,10,0.0,0.0,0.0,0.0,0.0,0.0,0.015625,0.0,0.0,0.03125,0.90625,0.046875
10,10,0.0,0.0,0.0,0.0,0.0,0.0,0.015625,0.0,0.0,0.03125,0.90625,0.046875
10,10,0.0,0.0,0.0,0.0,0.0,0.0,0.015625,0.0,0.0,0.03125,0.90625,0.046875
10,10,0.0,0.0,0.0,0.0,0.0,0.0,0.015625,0.0,0.0,0.03125,0.921875,0.03125
10,10,0.0,0.0,0.0,0.0,0.0,0.0,0.015625,0.0,0.0,0.03125,0.921875,0.03125
10,10,0.0,0.0,0.0,0.0,0.0,0.0,0.015625,0.0,0.0,0.03125,0.921875,0.03125
10,10,0.0,0.0,0.0,0.0,0.0,0.0,0.015625,0.0,0.0,0.03125,0.921875,0.03125
10,10,0.0,0.0,0.0,0.0,0.0,0.0,0.015625,0.0,0.0,0.03125,0.921875,0.03125
10,10,0.0,0.0,0.0,0.0,0.0,0.0,0.015625,0.0,0.0,0.03125,0.921875,0.03125
10,10,0.0,0.0,0.0,0.0,0.0,0.0,0.015625,0.0,0.0,0.03125,0.9375,0.015625
10,10,0.0,0.0,0.0,0.0,0.0,0.0,0.015625,0.0,0.0,0.03125,0.9375,0.015625
10,10,0.0,0.0,0.0,0.0,0.0,0.0,0.015625,0.0,0.0,0.03125,0.9375,0.015625
10,10,0.0,0.0,0.0,0.0,0.0,0.0,0.015625,0.0,0.0,0.03125,0.9375,0.015625
10,10,0.0,0.0,0.0,0.0,0.0,0.0,0.0,0.0,0.0,0.03125,0.953125,0.015625
10,10,0.0,0.0,0.0,0.0,0.0,0.0,0.0,0.0,0.0,0.03125,0.953125,0.015625
10,10,0.0,0.0,0.0,0.0,0.0,0.0,0.0,0.0,0.0,0.03125,0.953125,0.015625
10,10,0.0,0.0,0.0,0.0,0.0,0.0,0.0,0.0,0.0,0.03125,0.953125,0.015625
10,10,0.0,0.0,0.0,0.0,0.0,0.0,0.0,0.0,0.0,0.03125,0.953125,0.015625
10,10,0.0,0.0,0.0,0.0,0.0,0.0,0.0,0.0,0.0,0.03125,0.953125,0.015625
10,10,0.0,0.0,0.0,0.0,0.0,0.0,0.0,0.0,0.0,0.03125,0.953125,0.015625
10,10,0.0,0.0,0.0,0.0,0.0,0.0,0.0,0.0,0.0,0.03125,0.953125,0.015625
10,10,0.0,0.0,0.0,0.0,0.0,0.0,0.0,0.0,0.0,0.03125,0.953125,0.015625
10,10,0.0,0.0,0.0,0.0,0.0,0.0,0.0,0.0,0.0,0.03125,0.953125,0.015625
10,10,0.0,0.0,0.0,0.0,0.0,0.0,0.0,0.0,0.0,0.03125,0.953125,0.015625
10,10,0.0,0.0,0.0,0.0,0.0,0.0,0.0,0.0,0.0,0.03125,0.953125,0.015625
10,10,0.0,0.0,0.0,0.0,0.0,0.0,0.0,0.0,0.0,0.03125,0.953125,0.015625
10,10,0.0,0.0,0.0,0.0,0.0,0.0,0.0,0.0,0.0,0.03125,0.953125,0.015625
10,10,0.0,0.0,0.0,0.0,0.0,0.0,0.0,0.0,0.0,0.03125,0.953125,0.015625
10,10,0.0,0.0,0.0,0.0,0.0,0.0,0.0,0.0,0.0,0.03125,0.953125,0.015625
10,10,0.0,0.0,0.0,0.0,0.0,0.0,0.0,0.0,0.0,0.03125,0.953125,0.015625
10,10,0.0,0.0,0.0,0.0,0.0,0.0,0.0,0.0,0.0,0.03125,0.953125,0.015625
10,10,0.0,0.0,0.0,0.0,0.0,0.0,0.0,0.0,0.0,0.03125,0.953125,0.015625
10,10,0.0,0.0,0.0,0.0,0.0,0.0,0.0,0.0,0.0,0.03125,0.953125,0.015625
10,10,0.0,0.0,0.0,0.0,0.0,0.0,0.0,0.0,0.0,0.03125,0.953125,0.015625
10,10,0.0,0.0,0.0,0.0,0.0,0.0,0.0,0.0,0.0,0.03125,0.953125,0.015625
10,10,0.0,0.0,0.0,0.0,0.0,0.0,0.0,0.0,0.0,0.03125,0.953125,0.015625
10,10,0.0,0.0,0.0,0.0,0.0,0.0,0.0,0.0,0.0,0.03125,0.953125,0.015625
10,10,0.0,0.0,0.0,0.0,0.0,0.0,0.0,0.0,0.0,0.03125,0.953125,0.015625
10,10,0.0,0.0,0.0,0.0,0.0,0.0,0.0,0.0,0.0,0.03125,0.953125,0.015625
10,10,0.0,0.0,0.0,0.0,0.0,0.0,0.0,0.0,0.0,0.03125,0.953125,0.015625
10,10,0.0,0.0,0.0,0.0,0.0,0.0,0.0,0.0,0.0,0.03125,0.953125,0.015625
10,10,0.0,0.0,0.0,0.0,0.0,0.0,0.0,0.0,0.0,0.03125,0.953125,0.015625
10,10,0.0,0.0,0.0,0.0,0.0,0.0,0.0,0.0,0.0,0.03125,0.953125,0.015625
10,10,0.0,0.0,0.0,0.0,0.0,0.0,0.0,0.0,0.0,0.03125,0.953125,0.015625
10,10,0.0,0.0,0.0,0.0,0.0,0.0,0.0,0.0,0.0,0.03125,0.953125,0.015625
10,10,0.0,0.0,0.0,0.0,0.0,0.0,0.0,0.0,0.0,0.03125,0.953125,0.015625
10,10,0.0,0.0,0.0,0.0,0.0,0.0,0.0,0.0,0.0,0.03125,0.953125,0.015625
10,10,0.0,0.0,0.0,0.0,0.0,0.0,0.0,0.0,0.0,0.03125,0.953125,0.015625
10,10,0.0,0.0,0.0,0.0,0.0,0.0,0.0,0.0,0.0,0.03125,0.953125,0.015625
10,10,0.0,0.0,0.0,0.0,0.0,0.0,0.0,0.0,0.0,0.03125,0.953125,0.015625
10,10,0.0,0.0,0.0,0.0,0.0,0.0,0.0,0.0,0.0,0.03125,0.953125,0.015625
10,10,0.0,0.0,0.0,0.0,0.0,0.0,0.0,0.0,0.0,0.03125,0.953125,0.015625
10,10,0.0,0.0,0.0,0.0,0.0,0.0,0.0,0.0,0.0,0.03125,0.953125,0.015625
10,10,0.0,0.0,0.0,0.0,0.0,0.0,0.0,0.0,0.0,0.03125,0.953125,0.015625
10,10,0.0,0.0,0.0,0.0,0.0,0.0,0.0,0.0,0.0,0.03125,0.953125,0.015625
10,10,0.0,0.0,0.0,0.0,0.0,0.0,0.0,0.0,0.0,0.03125,0.953125,0.015625
10,10,0.0,0.0,0.0,0.0,0.0,0.0,0.0,0.0,0.0,0.03125,0.953125,0.015625
10,10,0.0,0.0,0.0,0.0,0.0,0.0,0.0,0.0,0.0,0.03125,0.953125,0.015625
10,10,0.0,0.0,0.0,0.0,0.0,0.0,0.0,0.0,0.0,0.03125,0.953125,0.015625
10,10,0.0,0.0,0.0,0.0,0.0,0.0,0.0,0.0,0.0,0.03125,0.953125,0.015625
10,10,0.0,0.0,0.0,0.0,0.0,0.0,0.0,0.0,0.0,0.03125,0.953125,0.015625
10,10,0.0,0.0,0.0,0.0,0.0,0.0,0.0,0.0,0.0,0.03125,0.953125,0.015625
10,10,0.0,0.0,0.0,0.0,0.0,0.0,0.0,0.0,0.0,0.03125,0.953125,0.015625
10,10,0.0,0.0,0.0,0.0,0.0,0.0,0.0,0.0,0.0,0.03125,0.953125,0.015625
10,10,0.0,0.0,0.0,0.0,0.0,0.0,0.0,0.0,0.0,0.03125,0.953125,0.015625
10,10,0.0,0.0,0.0,0.0,0.0,0.0,0.0,0.0,0.0,0.03125,0.953125,0.015625
10,10,0.0,0.0,0.0,0.0,0.0,0.0,0.0,0.0,0.0,0.03125,0.953125,0.015625
10,10,0.0,0.0,0.0,0.0,0.0,0.0,0.0,0.0,0.0,0.03125,0.953125,0.015625
10,10,0.0,0.0,0.0,0.0,0.0,0.0,0.0,0.0,0.0,0.03125,0.953125,0.015625
10,10,0.0,0.0,0.0,0.0,0.0,0.0,0.0,0.0,0.0,0.03125,0.953125,0.015625
10,10,0.0,0.0,0.0,0.0,0.0,0.0,0.0,0.0,0.0,0.03125,0.953125,0.015625
10,10,0.0,0.0,0.0,0.0,0.0,0.0,0.0,0.0,0.0,0.03125,0.953125,0.015625
10,10,0.0,0.0,0.0,0.0,0.0,0.0,0.0,0.0,0.0,0.03125,0.953125,0.015625
10,10,0.0,0.0,0.0,0.0,0.0,0.0,0.0,0.0,0.0,0.03125,0.96875,0.0
10,10,0.0,0.0,0.0,0.0,0.0,0.0,0.0,0.0,0.0,0.03125,0.96875,0.0
10,10,0.0,0.0,0.0,0.0,0.0,0.0,0.0,0.0,0.0,0.03125,0.96875,0.0
10,10,0.0,0.0,0.0,0.0,0.0,0.0,0.0,0.0,0.0,0.03125,0.96875,0.0
10,10,0.0,0.0,0.0,0.0,0.0,0.0,0.0,0.0,0.0,0.03125,0.96875,0.0
10,10,0.0,0.0,0.0,0.0,0.0,0.0,0.0,0.0,0.0,0.03125,0.96875,0.0
10,10,0.0,0.0,0.0,0.0,0.0,0.0,0.0,0.0,0.0,0.03125,0.96875,0.0
10,10,0.0,0.0,0.0,0.0,0.0,0.0,0.0,0.0,0.0,0.03125,0.96875,0.0
10,10,0.0,0.0,0.0,0.0,0.0,0.0,0.0,0.0,0.0,0.03125,0.96875,0.0
10,10,0.0,0.0,0.0,0.0,0.0,0.0,0.0,0.0,0.0,0.03125,0.96875,0.0
10,10,0.0,0.0,0.0,0.0,0.0,0.0,0.0,0.0,0.0,0.03125,0.96875,0.0
10,10,0.0,0.0,0.0,0.0,0.0,0.0,0.0,0.0,0.0,0.03125,0.96875,0.0
10,10,0.0,0.0,0.0,0.0,0.0,0.0,0.0,0.0,0.0,0.03125,0.96875,0.0
10,10,0.0,0.0,0.0,0.0,0.0,0.0,0.0,0.0,0.0,0.03125,0.96875,0.0
10,10,0.0,0.0,0.0,0.0,0.0,0.0,0.0,0.0,0.0,0.03125,0.96875,0.0
10,10,0.0,0.0,0.0,0.0,0.0,0.0,0.0,0.0,0.0,0.03125,0.96875,0.0
10,10,0.0,0.0,0.0,0.0,0.0,0.0,0.0,0.0,0.0,0.03125,0.96875,0.0
10,10,0.0,0.0,0.0,0.0,0.0,0.0,0.0,0.0,0.0,0.03125,0.96875,0.0
10,10,0.0,0.0,0.0,0.0,0.0,0.0,0.0,0.0,0.0,0.03125,0.96875,0.0
10,10,0.0,0.0,0.0,0.0,0.0,0.0,0.0,0.0,0.0,0.03125,0.96875,0.0
10,10,0.0,0.0,0.0,0.0,0.0,0.0,0.0,0.0,0.0,0.03125,0.96875,0.0
10,10,0.0,0.0,0.0,0.0,0.0,0.0,0.0,0.0,0.0,0.03125,0.96875,0.0
10,10,0.0,0.0,0.0,0.0,0.0,0.0,0.0,0.0,0.0,0.03125,0.96875,0.0
10,10,0.0,0.0,0.0,0.0,0.0,0.0,0.0,0.0,0.0,0.03125,0.96875,0.0
10,10,0.0,0.0,0.0,0.0,0.0,0.0,0.0,0.0,0.0,0.03125,0.96875,0.0
10,10,0.0,0.0,0.0,0.0,0.0,0.0,0.0,0.0,0.0,0.03125,0.96875,0.0
10,10,0.0,0.0,0.0,0.0,0.0,0.0,0.0,0.0,0.0,0.03125,0.96875,0.0
10,10,0.0,0.0,0.0,0.0,0.0,0.0,0.0,0.0,0.0,0.03125,0.96875,0.0
10,10,0.0,0.0,0.0,0.0,0.0,0.0,0.0,0.0,0.0,0.03125,0.96875,0.0
10,10,0.0,0.0,0.0,0.0,0.0,0.0,0.0,0.0,0.0,0.03125,0.96875,0.0
10,10,0.0,0.0,0.0,0.0,0.0,0.0,0.0,0.0,0.0,0.03125,0.96875,0.0
10,10,0.0,0.0,0.0,0.0,0.0,0.0,0.0,0.0,0.0,0.03125,0.96875,0.0
10,10,0.0,0.0,0.0,0.0,0.0,0.0,0.0,0.0,0.0,0.03125,0.96875,0.0
10,10,0.0,0.0,0.0,0.0,0.0,0.0,0.0,0.0,0.0,0.03125,0.96875,0.0
10,10,0.0,0.0,0.0,0.0,0.0,0.0,0.0,0.0,0.0,0.03125,0.96875,0.0
10,10,0.0,0.0,0.0,0.0,0.0,0.0,0.0,0.0,0.0,0.03125,0.96875,0.0
10,10,0.0,0.0,0.0,0.0,0.0,0.0,0.0,0.0,0.0,0.03125,0.96875,0.0
10,10,0.0,0.0,0.0,0.0,0.0,0.0,0.0,0.0,0.0,0.03125,0.96875,0.0
10,10,0.0,0.0,0.0,0.0,0.0,0.0,0.0,0.0,0.0,0.03125,0.96875,0.0
10,10,0.0,0.0,0.0,0.0,0.0,0.0,0.0,0.0,0.0,0.03125,0.96875,0.0
10,10,0.0,0.0,0.0,0.0,0.0,0.0,0.0,0.0,0.0,0.03125,0.96875,0.0
10,10,0.0,0.0,0.0,0.0,0.0,0.0,0.0,0.0,0.0,0.03125,0.96875,0.0
10,10,0.0,0.0,0.0,0.0,0.0,0.0,0.0,0.0,0.0,0.03125,0.96875,0.0
10,10,0.0,0.0,0.0,0.0,0.0,0.0,0.0,0.0,0.0,0.03125,0.96875,0.0
10,10,0.0,0.0,0.0,0.0,0.0,0.0,0.0,0.0,0.0,0.03125,0.96875,0.0
10,10,0.0,0.0,0.0,0.0,0.0,0.0,0.0,0.0,0.0,0.03125,0.96875,0.0
10,10,0.0,0.0,0.0,0.0,0.0,0.0,0.0,0.0,0.0,0.03125,0.96875,0.0
10,10,0.0,0.0,0.0,0.0,0.0,0.0,0.0,0.0,0.0,0.03125,0.96875,0.0
10,10,0.0,0.0,0.0,0.0,0.0,0.0,0.0,0.0,0.0,0.03125,0.96875,0.0
10,10,0.0,0.0,0.0,0.0,0.0,0.0,0.0,0.0,0.0,0.03125,0.96875,0.0
10,10,0.0,0.0,0.0,0.0,0.0,0.0,0.0,0.0,0.0,0.03125,0.96875,0.0
10,10,0.0,0.0,0.0,0.0,0.0,0.0,0.0,0.0,0.0,0.03125,0.96875,0.0
10,10,0.0,0.0,0.0,0.0,0.0,0.0,0.0,0.0,0.0,0.03125,0.96875,0.0
10,10,0.0,0.0,0.0,0.0,0.0,0.0,0.0,0.0,0.0,0.03125,0.96875,0.0
10,10,0.0,0.0,0.0,0.0,0.0,0.0,0.0,0.0,0.0,0.03125,0.96875,0.0
10,10,0.0,0.0,0.0,0.0,0.0,0.0,0.0,0.0,0.0,0.03125,0.96875,0.0
10,10,0.0,0.0,0.0,0.0,0.0,0.0,0.0,0.0,0.0,0.03125,0.96875,0.0
10,10,0.0,0.0,0.0,0.0,0.0,0.0,0.0,0.0,0.0,0.03125,0.96875,0.0
10,10,0.0,0.0,0.0,0.0,0.0,0.0,0.0,0.0,0.0,0.03125,0.96875,0.0
10,10,0.0,0.0,0.0,0.0,0.0,0.0,0.0,0.0,0.0,0.03125,0.96875,0.0
10,10,0.0,0.0,0.0,0.0,0.0,0.0,0.0,0.0,0.0,0.03125,0.96875,0.0
10,10,0.0,0.0,0.0,0.0,0.0,0.0,0.0,0.0,0.0,0.03125,0.96875,0.0
10,10,0.0,0.0,0.0,0.0,0.0,0.0,0.0,0.0,0.0,0.03125,0.96875,0.0
10,10,0.0,0.0,0.0,0.0,0.0,0.0,0.0,0.0,0.0,0.03125,0.96875,0.0
10,10,0.0,0.0,0.0,0.0,0.0,0.0,0.0,0.0,0.0,0.03125,0.96875,0.0
10,10,0.0,0.0,0.0,0.0,0.0,0.0,0.0,0.0,0.0,0.03125,0.96875,0.0
10,10,0.0,0.0,0.0,0.0,0.0,0.0,0.0,0.0,0.0,0.03125,0.96875,0.0
10,10,0.0,0.0,0.0,0.0,0.0,0.0,0.0,0.0,0.0,0.03125,0.96875,0.0
10,10,0.0,0.0,0.0,0.0,0.0,0.0,0.0,0.0,0.0,0.03125,0.96875,0.0
10,10,0.0,0.0,0.0,0.0,0.0,0.0,0.0,0.0,0.0,0.03125,0.96875,0.0
10,10,0.0,0.0,0.0,0.0,0.0,0.0,0.0,0.0,0.0,0.03125,0.96875,0.0
10,10,0.0,0.0,0.0,0.0,0.0,0.0,0.0,0.0,0.0,0.03125,0.96875,0.0
10,10,0.0,0.0,0.0,0.0,0.0,0.0,0.0,0.0,0.0,0.03125,0.96875,0.0
10,10,0.0,0.0,0.0,0.0,0.0,0.0,0.0,0.0,0.0,0.03125,0.96875,0.0
10,10,0.0,0.0,0.0,0.0,0.0,0.0,0.0,0.0,0.0,0.03125,0.96875,0.0
10,10,0.0,0.0,0.0,0.0,0.0,0.0,0.0,0.0,0.0,0.03125,0.96875,0.0
10,10,0.0,0.0,0.0,0.0,0.0,0.0,0.0,0.0,0.0,0.03125,0.96875,0.0
10,10,0.0,0.0,0.0,0.0,0.0,0.0,0.0,0.0,0.0,0.03125,0.96875,0.0
10,10,0.0,0.0,0.0,0.0,0.0,0.0,0.0,0.0,0.0,0.03125,0.96875,0.0
10,10,0.0,0.0,0.0,0.0,0.0,0.0,0.0,0.0,0.0,0.03125,0.96875,0.0
10,10,0.0,0.0,0.0,0.0,0.0,0.0,0.0,0.0,0.0,0.03125,0.96875,0.0
10,10,0.0,0.0,0.0,0.0,0.0,0.0,0.0,0.0,0.0,0.03125,0.96875,0.0
10,10,0.0,0.0,0.0,0.0,0.0,0.0,0.0,0.0,0.0,0.03125,0.96875,0.0
10,10,0.0,0.0,0.0,0.0,0.0,0.0,0.0,0.0,0.0,0.03125,0.96875,0.0
10,10,0.0,0.0,0.0,0.0,0.0,0.0,0.0,0.0,0.0,0.03125,0.96875,0.0
10,10,0.0,0.0,0.0,0.0,0.0,0.0,0.0,0.0,0.0,0.03125,0.96875,0.0
10,10,0.0,0.0,0.0,0.0,0.0,0.0,0.0,0.0,0.0,0.03125,0.96875,0.0
10,10,0.0,0.0,0.0,0.0,0.0,0.0,0.0,0.0,0.0,0.03125,0.96875,0.0
10,10,0.0,0.0,0.0,0.0,0.0,0.0,0.0,0.0,0.0,0.03125,0.96875,0.0
10,10,0.0,0.0,0.0,0.0,0.0,0.0,0.0,0.0,0.0,0.03125,0.96875,0.0
10,10,0.0,0.0,0.0,0.0,0.0,0.0,0.0,0.0,0.0,0.03125,0.96875,0.0
10,10,0.0,0.0,0.0,0.0,0.0,0.0,0.0,0.0,0.0,0.03125,0.96875,0.0
10,10,0.0,0.0,0.0,0.0,0.0,0.0,0.0,0.0,0.0,0.03125,0.96875,0.0
10,10,0.0,0.0,0.0,0.0,0.0,0.0,0.0,0.0,0.0,0.03125,0.96875,0.0
10,10,0.0,0.0,0.0,0.0,0.0,0.0,0.0,0.0,0.0,0.03125,0.96875,0.0
10,10,0.0,0.0,0.0,0.0,0.0,0.0,0.0,0.0,0.0,0.03125,0.96875,0.0
10,10,0.0,0.0,0.0,0.0,0.0,0.0,0.0,0.0,0.0,0.03125,0.96875,0.0
10,10,0.0,0.0,0.0,0.0,0.0,0.0,0.0,0.0,0.0,0.03125,0.96875,0.0
10,10,0.0,0.0,0.0,0.0,0.0,0.0,0.0,0.0,0.0,0.03125,0.96875,0.0
10,10,0.0,0.0,0.0,0.0,0.0,0.0,0.0,0.0,0.0,0.03125,0.96875,0.0
10,10,0.0,0.0,0.0,0.0,0.0,0.0,0.0,0.0,0.0,0.03125,0.96875,0.0
10,10,0.0,0.0,0.0,0.0,0.0,0.0,0.0,0.0,0.0,0.03125,0.96875,0.0
10,10,0.0,0.0,0.0,0.0,0.0,0.0,0.0,0.0,0.0,0.03125,0.96875,0.0
10,10,0.0,0.0,0.0,0.0,0.0,0.0,0.0,0.0,0.0,0.03125,0.96875,0.0
10,10,0.0,0.0,0.0,0.0,0.0,0.0,0.0,0.0,0.0,0.03125,0.96875,0.0
10,10,0.0,0.0,0.0,0.0,0.0,0.0,0.0,0.0,0.0,0.03125,0.96875,0.0
10,10,0.0,0.0,0.0,0.0,0.0,0.0,0.0,0.0,0.0,0.03125,0.96875,0.0
10,10,0.0,0.0,0.0,0.0,0.0,0.0,0.0,0.0,0.0,0.03125,0.96875,0.0
10,10,0.0,0.0,0.0,0.0,0.0,0.0,0.0,0.0,0.0,0.03125,0.96875,0.0
10,10,0.0,0.0,0.0,0.0,0.0,0.0,0.0,0.0,0.0,0.03125,0.96875,0.0
10,10,0.0,0.0,0.0,0.0,0.0,0.0,0.0,0.0,0.0,0.03125,0.96875,0.0
10,10,0.0,0.0,0.0,0.0,0.0,0.0,0.0,0.0,0.0,0.03125,0.96875,0.0
10,10,0.0,0.0,0.0,0.0,0.0,0.0,0.0,0.0,0.0,0.03125,0.96875,0.0
10,10,0.0,0.0,0.0,0.0,0.0,0.0,0.0,0.0,0.0,0.03125,0.96875,0.0
10,10,0.0,0.0,0.0,0.0,0.0,0.0,0.0,0.0,0.0,0.03125,0.96875,0.0
10,10,0.0,0.0,0.0,0.0,0.0,0.0,0.0,0.0,0.0,0.03125,0.96875,0.0
10,10,0.0,0.0,0.0,0.0,0.0,0.0,0.0,0.0,0.0,0.03125,0.953125,0.015625
10,10,0.0,0.0,0.0,0.0,0.0,0.0,0.0,0.0,0.0,0.03125,0.953125,0.015625
10,10,0.0,0.0,0.0,0.0,0.0,0.0,0.0,0.0,0.0,0.03125,0.953125,0.015625
10,10,0.0,0.0,0.0,0.0,0.0,0.0,0.0,0.0,0.0,0.03125,0.953125,0.015625
10,10,0.0,0.0,0.0,0.0,0.0,0.0,0.0,0.0,0.0,0.03125,0.953125,0.015625
10,10,0.0,0.0,0.0,0.0,0.0,0.0,0.0,0.0,0.0,0.03125,0.953125,0.015625
10,10,0.0,0.0,0.0,0.0,0.0,0.0,0.0,0.0,0.0,0.03125,0.953125,0.015625
10,10,0.0,0.0,0.0,0.0,0.0,0.0,0.0,0.0,0.0,0.03125,0.953125,0.015625
10,10,0.0,0.0,0.0,0.0,0.0,0.0,0.0,0.0,0.0,0.03125,0.953125,0.015625
10,10,0.0,0.0,0.0,0.0,0.0,0.0,0.0,0.0,0.0,0.03125,0.953125,0.015625
10,10,0.0,0.0,0.0,0.0,0.0,0.0,0.0,0.0,0.0,0.03125,0.953125,0.015625
10,10,0.0,0.0,0.0,0.0,0.0,0.0,0.0,0.0,0.0,0.03125,0.953125,0.015625
10,10,0.0,0.0,0.0,0.0,0.0,0.0,0.0,0.0,0.0,0.03125,0.953125,0.015625
10,10,0.0,0.0,0.0,0.0,0.0,0.0,0.0,0.0,0.0,0.03125,0.953125,0.015625
10,10,0.0,0.0,0.0,0.0,0.0,0.0,0.0,0.0,0.0,0.03125,0.953125,0.015625
10,10,0.0,0.0,0.0,0.0,0.0,0.0,0.0,0.0,0.0,0.03125,0.953125,0.015625
10,10,0.0,0.0,0.0,0.0,0.0,0.0,0.0,0.0,0.0,0.03125,0.953125,0.015625
10,10,0.0,0.0,0.0,0.0,0.0,0.0,0.0,0.0,0.0,0.03125,0.953125,0.015625
10,10,0.0,0.0,0.0,0.0,0.0,0.0,0.0,0.0,0.0,0.03125,0.953125,0.015625
10,10,0.0,0.0,0.0,0.0,0.0,0.0,0.0,0.0,0.0,0.03125,0.953125,0.015625
10,10,0.0,0.0,0.0,0.0,0.0,0.0,0.0,0.0,0.0,0.03125,0.953125,0.015625
10,10,0.0,0.0,0.0,0.0,0.0,0.0,0.0,0.0,0.0,0.03125,0.953125,0.015625
10,10,0.0,0.0,0.0,0.0,0.0,0.0,0.0,0.0,0.0,0.03125,0.953125,0.015625
10,10,0.0,0.0,0.0,0.0,0.0,0.0,0.0,0.0,0.0,0.03125,0.953125,0.015625
10,10,0.0,0.0,0.0,0.0,0.0,0.0,0.0,0.0,0.0,0.03125,0.953125,0.015625
10,10,0.0,0.0,0.0,0.0,0.0,0.0,0.0,0.0,0.0,0.03125,0.953125,0.015625
10,10,0.0,0.0,0.0,0.0,0.0,0.0,0.0,0.0,0.0,0.03125,0.953125,0.015625
10,10,0.0,0.0,0.0,0.0,0.0,0.0,0.0,0.0,0.0,0.03125,0.953125,0.015625
10,10,0.0,0.0,0.0,0.0,0.0,0.0,0.0,0.0,0.0,0.03125,0.953125,0.015625
10,10,0.0,0.0,0.0,0.0,0.0,0.0,0.0,0.0,0.0,0.03125,0.953125,0.015625
10,10,0.0,0.0,0.0,0.0,0.0,0.0,0.0,0.0,0.0,0.03125,0.953125,0.015625
10,10,0.0,0.0,0.0,0.0,0.0,0.0,0.0,0.0,0.0,0.03125,0.953125,0.015625
10,10,0.0,0.0,0.0,0.0,0.0,0.0,0.0,0.0,0.0,0.03125,0.953125,0.015625
10,10,0.0,0.0,0.0,0.0,0.0,0.0,0.0,0.0,0.0,0.03125,0.953125,0.015625
10,10,0.0,0.0,0.0,0.0,0.0,0.0,0.0,0.0,0.0,0.03125,0.953125,0.015625
10,10,0.0,0.0,0.0,0.0,0.0,0.0,0.0,0.0,0.0,0.03125,0.953125,0.015625
10,10,0.0,0.0,0.0,0.0,0.0,0.0,0.0,0.0,0.0,0.03125,0.953125,0.015625
10,10,0.0,0.0,0.0,0.0,0.0,0.0,0.0,0.0,0.0,0.03125,0.953125,0.015625
10,10,0.0,0.0,0.0,0.0,0.0,0.0,0.0,0.0,0.0,0.03125,0.953125,0.015625
10,10,0.0,0.0,0.0,0.0,0.0,0.0,0.0,0.0,0.0,0.03125,0.953125,0.015625
10,10,0.0,0.0,0.0,0.0,0.0,0.0,0.0,0.0,0.0,0.03125,0.953125,0.015625
10,10,0.0,0.0,0.0,0.0,0.0,0.0,0.0,0.0,0.0,0.03125,0.953125,0.015625
10,10,0.0,0.0,0.0,0.0,0.0,0.0,0.0,0.0,0.0,0.03125,0.953125,0.015625
10,10,0.0,0.0,0.0,0.0,0.0,0.0,0.0,0.0,0.0,0.03125,0.953125,0.015625
10,10,0.0,0.0,0.0,0.0,0.0,0.0,0.0,0.0,0.0,0.03125,0.953125,0.015625
10,10,0.0,0.0,0.0,0.0,0.0,0.0,0.0,0.0,0.0,0.03125,0.953125,0.015625
10,10,0.0,0.0,0.0,0.0,0.0,0.0,0.0,0.0,0.0,0.03125,0.953125,0.015625
10,10,0.0,0.0,0.0,0.0,0.0,0.0,0.0,0.0,0.0,0.03125,0.953125,0.015625
10,10,0.0,0.0,0.0,0.0,0.0,0.0,0.0,0.0,0.0,0.03125,0.953125,0.015625
10,10,0.0,0.0,0.0,0.0,0.0,0.0,0.0,0.0,0.0,0.03125,0.953125,0.015625
10,10,0.0,0.0,0.0,0.0,0.0,0.0,0.0,0.0,0.0,0.03125,0.953125,0.015625
10,10,0.0,0.0,0.0,0.0,0.0,0.0,0.0,0.0,0.0,0.03125,0.953125,0.015625
10,10,0.0,0.0,0.0,0.0,0.0,0.0,0.0,0.0,0.0,0.03125,0.953125,0.015625
10,10,0.0,0.0,0.0,0.0,0.0,0.0,0.0,0.0,0.0,0.03125,0.953125,0.015625
10,10,0.0,0.0,0.0,0.0,0.0,0.0,0.0,0.0,0.0,0.03125,0.953125,0.015625
10,10,0.0,0.0,0.0,0.0,0.0,0.0,0.0,0.0,0.0,0.03125,0.953125,0.015625
10,10,0.0,0.0,0.0,0.0,0.0,0.0,0.0,0.0,0.0,0.03125,0.953125,0.015625
10,10,0.0,0.0,0.0,0.0,0.0,0.0,0.0,0.0,0.0,0.03125,0.953125,0.015625
10,10,0.0,0.0,0.0,0.0,0.0,0.0,0.0,0.0,0.0,0.03125,0.953125,0.015625
10,10,0.0,0.0,0.0,0.0,0.0,0.0,0.0,0.0,0.0,0.03125,0.953125,0.015625
10,10,0.0,0.0,0.0,0.0,0.0,0.0,0.0,0.0,0.0,0.03125,0.953125,0.015625
10,10,0.0,0.0,0.0,0.0,0.0,0.0,0.0,0.0,0.0,0.03125,0.953125,0.015625
10,10,0.0,0.0,0.0,0.0,0.0,0.0,0.0,0.0,0.0,0.03125,0.953125,0.015625
10,10,0.0,0.0,0.0,0.0,0.0,0.0,0.0,0.0,0.0,0.03125,0.953125,0.015625
10,10,0.0,0.0,0.0,0.0,0.0,0.0,0.0,0.0,0.0,0.03125,0.953125,0.015625
10,10,0.0,0.0,0.0,0.0,0.0,0.0,0.0,0.0,0.0,0.03125,0.953125,0.015625
10,10,0.0,0.0,0.0,0.0,0.0,0.0,0.0,0.0,0.0,0.03125,0.953125,0.015625
10,10,0.0,0.0,0.0,0.0,0.0,0.0,0.0,0.0,0.0,0.03125,0.953125,0.015625
10,10,0.0,0.0,0.0,0.0,0.0,0.0,0.0,0.0,0.0,0.03125,0.953125,0.015625
10,10,0.0,0.0,0.0,0.0,0.0,0.0,0.0,0.0,0.0,0.03125,0.953125,0.015625
10,10,0.0,0.0,0.0,0.0,0.0,0.0,0.0,0.0,0.0,0.03125,0.953125,0.015625
10,10,0.0,0.0,0.0,0.0,0.0,0.0,0.0,0.0,0.0,0.03125,0.953125,0.015625
10,10,0.0,0.0,0.0,0.0,0.0,0.0,0.0,0.0,0.0,0.03125,0.953125,0.015625
10,10,0.0,0.0,0.0,0.0,0.0,0.0,0.0,0.0,0.0,0.03125,0.953125,0.015625
10,10,0.0,0.0,0.0,0.0,0.0,0.0,0.0,0.0,0.0,0.03125,0.953125,0.015625
10,10,0.0,0.0,0.0,0.0,0.0,0.0,0.0,0.0,0.0,0.03125,0.953125,0.015625
10,10,0.0,0.0,0.0,0.0,0.0,0.0,0.0,0.0,0.0,0.03125,0.953125,0.015625
10,10,0.0,0.0,0.0,0.0,0.0,0.0,0.0,0.0,0.0,0.03125,0.953125,0.015625
10,10,0.0,0.0,0.0,0.0,0.0,0.0,0.0,0.0,0.0,0.03125,0.953125,0.015625
10,10,0.0,0.0,0.0,0.0,0.0,0.0,0.0,0.0,0.0,0.03125,0.953125,0.015625
10,10,0.0,0.0,0.0,0.0,0.0,0.0,0.0,0.0,0.0,0.03125,0.953125,0.015625
10,10,0.0,0.0,0.0,0.0,0.0,0.0,0.0,0.0,0.0,0.03125,0.953125,0.015625
10,10,0.0,0.0,0.0,0.0,0.0,0.0,0.0,0.0,0.0,0.03125,0.953125,0.015625
10,10,0.0,0.0,0.0,0.0,0.0,0.0,0.0,0.0,0.0,0.03125,0.953125,0.015625
10,10,0.0,0.0,0.0,0.0,0.0,0.0,0.0,0.0,0.0,0.03125,0.96875,0.0
10,10,0.0,0.0,0.0,0.0,0.0,0.0,0.0,0.0,0.0,0.03125,0.96875,0.0
10,10,0.0,0.0,0.0,0.0,0.0,0.0,0.0,0.0,0.0,0.03125,0.96875,0.0
10,10,0.0,0.0,0.0,0.0,0.0,0.0,0.0,0.0,0.0,0.03125,0.96875,0.0
10,10,0.0,0.0,0.0,0.0,0.0,0.0,0.0,0.0,0.0,0.03125,0.96875,0.0
10,10,0.0,0.0,0.0,0.0,0.0,0.0,0.0,0.0,0.0,0.03125,0.96875,0.0
10,10,0.0,0.0,0.0,0.0,0.0,0.0,0.0,0.0,0.0,0.03125,0.96875,0.0
10,10,0.0,0.0,0.0,0.0,0.0,0.0,0.0,0.0,0.0,0.03125,0.96875,0.0
10,10,0.0,0.0,0.0,0.0,0.0,0.0,0.0,0.0,0.0,0.03125,0.96875,0.0
10,10,0.0,0.0,0.0,0.0,0.0,0.0,0.0,0.0,0.0,0.03125,0.96875,0.0
10,10,0.0,0.0,0.0,0.0,0.0,0.0,0.0,0.0,0.0,0.03125,0.96875,0.0
10,10,0.0,0.0,0.0,0.0,0.0,0.0,0.0,0.0,0.0,0.03125,0.96875,0.0
10,10,0.0,0.0,0.0,0.0,0.0,0.0,0.0,0.0,0.0,0.03125,0.96875,0.0
10,10,0.0,0.0,0.0,0.0,0.0,0.0,0.0,0.0,0.0,0.03125,0.96875,0.0
10,10,0.0,0.0,0.0,0.0,0.0,0.0,0.0,0.0,0.0,0.03125,0.96875,0.0
10,10,0.0,0.0,0.0,0.0,0.0,0.0,0.0,0.0,0.0,0.03125,0.96875,0.0
10,10,0.0,0.0,0.0,0.0,0.0,0.0,0.0,0.0,0.0,0.03125,0.96875,0.0
10,10,0.0,0.0,0.0,0.0,0.0,0.0,0.0,0.0,0.0,0.03125,0.96875,0.0
10,10,0.0,0.0,0.0,0.0,0.0,0.0,0.0,0.0,0.0,0.03125,0.96875,0.0
10,10,0.0,0.0,0.0,0.0,0.0,0.0,0.0,0.0,0.0,0.03125,0.96875,0.0
10,10,0.0,0.0,0.0,0.0,0.0,0.0,0.0,0.0,0.0,0.03125,0.96875,0.0
10,10,0.0,0.0,0.0,0.0,0.0,0.0,0.0,0.0,0.0,0.03125,0.96875,0.0
10,10,0.0,0.0,0.0,0.0,0.0,0.0,0.0,0.0,0.0,0.03125,0.96875,0.0
10,10,0.0,0.0,0.0,0.0,0.0,0.0,0.0,0.0,0.0,0.03125,0.96875,0.0
10,10,0.0,0.0,0.0,0.0,0.0,0.0,0.0,0.0,0.0,0.03125,0.96875,0.0
10,10,0.0,0.0,0.0,0.0,0.0,0.0,0.0,0.0,0.0,0.03125,0.96875,0.0
10,10,0.0,0.0,0.0,0.0,0.0,0.0,0.0,0.0,0.0,0.03125,0.96875,0.0
10,10,0.0,0.0,0.0,0.0,0.0,0.0,0.0,0.0,0.0,0.03125,0.96875,0.0
10,10,0.0,0.0,0.0,0.0,0.0,0.0,0.0,0.0,0.0,0.03125,0.96875,0.0
10,10,0.0,0.0,0.0,0.0,0.0,0.0,0.0,0.0,0.0,0.03125,0.96875,0.0
10,10,0.0,0.0,0.0,0.0,0.0,0.0,0.0,0.0,0.0,0.03125,0.96875,0.0
10,10,0.0,0.0,0.0,0.0,0.0,0.0,0.0,0.0,0.0,0.03125,0.96875,0.0
10,10,0.0,0.0,0.0,0.0,0.0,0.0,0.0,0.0,0.0,0.03125,0.96875,0.0
10,10,0.0,0.0,0.0,0.0,0.0,0.0,0.0,0.0,0.0,0.03125,0.96875,0.0
10,10,0.0,0.0,0.0,0.0,0.0,0.0,0.0,0.0,0.0,0.03125,0.96875,0.0
10,10,0.0,0.0,0.0,0.0,0.0,0.0,0.0,0.0,0.0,0.03125,0.96875,0.0
10,10,0.0,0.0,0.0,0.0,0.0,0.0,0.0,0.0,0.0,0.03125,0.96875,0.0
10,10,0.0,0.0,0.0,0.0,0.0,0.0,0.0,0.0,0.0,0.03125,0.96875,0.0
10,10,0.0,0.0,0.0,0.0,0.0,0.0,0.0,0.0,0.0,0.03125,0.96875,0.0
10,10,0.0,0.0,0.0,0.0,0.0,0.0,0.0,0.0,0.0,0.03125,0.96875,0.0
10,10,0.0,0.0,0.0,0.0,0.0,0.0,0.0,0.0,0.0,0.03125,0.96875,0.0
10,10,0.0,0.0,0.0,0.0,0.0,0.0,0.0,0.0,0.0,0.03125,0.96875,0.0
10,10,0.0,0.0,0.0,0.0,0.0,0.0,0.0,0.0,0.0,0.03125,0.96875,0.0
10,10,0.0,0.0,0.0,0.0,0.0,0.0,0.0,0.0,0.0,0.03125,0.96875,0.0
10,10,0.0,0.0,0.0,0.0,0.0,0.0,0.0,0.0,0.0,0.03125,0.96875,0.0
10,10,0.0,0.0,0.0,0.0,0.0,0.0,0.0,0.0,0.0,0.03125,0.96875,0.0
10,10,0.0,0.0,0.0,0.0,0.0,0.0,0.0,0.0,0.0,0.03125,0.96875,0.0
10,10,0.0,0.0,0.0,0.0,0.0,0.0,0.0,0.0,0.0,0.03125,0.96875,0.0
10,10,0.0,0.0,0.0,0.0,0.0,0.0,0.0,0.0,0.0,0.03125,0.96875,0.0
10,10,0.0,0.0,0.0,0.0,0.0,0.0,0.0,0.0,0.0,0.03125,0.96875,0.0
10,10,0.0,0.0,0.0,0.0,0.0,0.0,0.0,0.0,0.0,0.03125,0.96875,0.0
10,10,0.0,0.0,0.0,0.0,0.0,0.0,0.0,0.0,0.0,0.03125,0.96875,0.0
10,10,0.0,0.0,0.0,0.0,0.0,0.0,0.0,0.0,0.0,0.03125,0.96875,0.0
10,10,0.0,0.0,0.0,0.0,0.0,0.0,0.0,0.0,0.0,0.03125,0.96875,0.0
10,10,0.0,0.0,0.0,0.0,0.0,0.0,0.0,0.0,0.0,0.03125,0.96875,0.0
10,10,0.0,0.0,0.0,0.0,0.0,0.0,0.0,0.0,0.0,0.03125,0.96875,0.0
10,10,0.0,0.0,0.0,0.0,0.0,0.0,0.0,0.0,0.0,0.03125,0.953125,0.015625
10,10,0.0,0.0,0.0,0.0,0.0,0.0,0.0,0.0,0.0,0.03125,0.953125,0.015625
10,10,0.0,0.0,0.0,0.0,0.0,0.0,0.0,0.0,0.0,0.03125,0.953125,0.015625
10,10,0.0,0.0,0.0,0.0,0.0,0.0,0.0,0.0,0.0,0.03125,0.953125,0.015625
10,10,0.0,0.0,0.0,0.0,0.0,0.0,0.0,0.0,0.0,0.03125,0.953125,0.015625
10,10,0.0,0.0,0.0,0.0,0.0,0.0,0.0,0.0,0.0,0.03125,0.953125,0.015625
10,10,0.0,0.0,0.0,0.0,0.0,0.0,0.0,0.0,0.0,0.03125,0.953125,0.015625
10,10,0.0,0.0,0.0,0.0,0.0,0.0,0.0,0.0,0.0,0.03125,0.953125,0.015625
10,10,0.0,0.0,0.0,0.0,0.0,0.0,0.0,0.0,0.0,0.03125,0.953125,0.015625
10,10,0.0,0.0,0.0,0.0,0.0,0.0,0.0,0.0,0.0,0.03125,0.953125,0.015625
10,10,0.0,0.0,0.0,0.0,0.0,0.0,0.0,0.0,0.0,0.03125,0.953125,0.015625
10,10,0.0,0.0,0.0,0.0,0.0,0.0,0.0,0.0,0.0,0.03125,0.953125,0.015625
10,10,0.0,0.0,0.0,0.0,0.0,0.0,0.0,0.0,0.0,0.03125,0.953125,0.015625
10,10,0.0,0.0,0.0,0.0,0.0,0.0,0.0,0.0,0.0,0.03125,0.953125,0.015625
10,10,0.0,0.0,0.0,0.0,0.0,0.0,0.0,0.0,0.0,0.03125,0.953125,0.015625
10,10,0.0,0.0,0.0,0.0,0.0,0.0,0.0,0.0,0.0,0.03125,0.953125,0.015625
10,10,0.0,0.0,0.0,0.0,0.0,0.0,0.0,0.0,0.0,0.03125,0.953125,0.015625
10,10,0.0,0.0,0.0,0.0,0.0,0.0,0.0,0.0,0.0,0.03125,0.953125,0.015625
10,10,0.0,0.0,0.0,0.0,0.0,0.0,0.0,0.0,0.0,0.03125,0.953125,0.015625
10,10,0.0,0.0,0.0,0.0,0.0,0.0,0.0,0.0,0.0,0.03125,0.953125,0.015625
10,10,0.0,0.0,0.0,0.0,0.0,0.0,0.0,0.0,0.0,0.03125,0.953125,0.015625
10,10,0.0,0.0,0.0,0.0,0.0,0.0,0.0,0.0,0.0,0.03125,0.953125,0.015625
10,10,0.0,0.0,0.0,0.0,0.0,0.0,0.0,0.0,0.0,0.03125,0.953125,0.015625
10,10,0.0,0.0,0.0,0.0,0.0,0.0,0.0,0.0,0.0,0.03125,0.953125,0.015625
10,10,0.0,0.0,0.0,0.0,0.0,0.0,0.0,0.0,0.0,0.03125,0.953125,0.015625
10,10,0.0,0.0,0.0,0.0,0.0,0.0,0.0,0.0,0.0,0.03125,0.953125,0.015625
10,10,0.0,0.0,0.0,0.0,0.0,0.0,0.0,0.0,0.0,0.03125,0.953125,0.015625
10,10,0.0,0.0,0.0,0.0,0.0,0.0,0.0,0.0,0.0,0.03125,0.953125,0.015625
10,10,0.0,0.0,0.0,0.0,0.0,0.0,0.0,0.0,0.0,0.03125,0.953125,0.015625
10,10,0.0,0.0,0.0,0.0,0.0,0.0,0.0,0.0,0.0,0.03125,0.953125,0.015625
10,10,0.0,0.0,0.0,0.0,0.0,0.0,0.0,0.0,0.0,0.03125,0.953125,0.015625
10,10,0.0,0.0,0.0,0.0,0.0,0.0,0.0,0.0,0.0,0.03125,0.953125,0.015625
10,10,0.0,0.0,0.0,0.0,0.0,0.0,0.0,0.0,0.0,0.03125,0.953125,0.015625
10,10,0.0,0.0,0.0,0.0,0.0,0.0,0.0,0.0,0.0,0.03125,0.953125,0.015625
10,10,0.0,0.0,0.0,0.0,0.0,0.0,0.0,0.0,0.0,0.03125,0.953125,0.015625
10,10,0.0,0.0,0.0,0.0,0.0,0.0,0.0,0.0,0.0,0.03125,0.953125,0.015625
10,10,0.0,0.0,0.0,0.0,0.0,0.0,0.0,0.0,0.0,0.03125,0.9375,0.03125
10,10,0.0,0.0,0.0,0.0,0.0,0.0,0.0,0.0,0.0,0.03125,0.9375,0.03125
10,10,0.0,0.0,0.0,0.0,0.0,0.0,0.0,0.0,0.0,0.03125,0.921875,0.046875
10,10,0.0,0.0,0.0,0.0,0.0,0.0,0.0,0.0,0.0,0.03125,0.921875,0.046875
10,10,0.0,0.0,0.0,0.0,0.0,0.0,0.0,0.0,0.0,0.03125,0.890625,0.078125
10,10,0.0,0.0,0.0,0.0,0.0,0.0,0.0,0.0,0.0,0.03125,0.890625,0.078125
10,10,0.0,0.0,0.0,0.0,0.0,0.0,0.0,0.0,0.0,0.03125,0.890625,0.078125
10,10,0.0,0.0,0.0,0.0,0.0,0.0,0.0,0.0,0.0,0.03125,0.890625,0.078125
10,10,0.0,0.0,0.0,0.0,0.0,0.0,0.0,0.0,0.0,0.03125,0.890625,0.078125
10,10,0.0,0.0,0.0,0.0,0.0,0.0,0.0,0.0,0.0,0.03125,0.890625,0.078125
10,10,0.0,0.0,0.0,0.0,0.0,0.0,0.0,0.0,0.0,0.03125,0.875,0.09375
10,10,0.0,0.0,0.0,0.0,0.0,0.0,0.0,0.0,0.0,0.03125,0.875,0.09375
10,10,0.0,0.0,0.0,0.0,0.0,0.0,0.0,0.0,0.0,0.03125,0.875,0.09375
10,10,0.0,0.0,0.0,0.0,0.0,0.0,0.0,0.0,0.0,0.03125,0.875,0.09375
10,10,0.0,0.0,0.0,0.0,0.0,0.0,0.0,0.0,0.0,0.03125,0.875,0.09375
10,10,0.0,0.0,0.0,0.0,0.0,0.0,0.0,0.0,0.0,0.03125,0.875,0.09375
10,10,0.0,0.0,0.0,0.0,0.0,0.0,0.0,0.0,0.0,0.03125,0.875,0.09375
10,10,0.0,0.0,0.0,0.0,0.0,0.0,0.0,0.0,0.0,0.03125,0.875,0.09375
10,10,0.0,0.0,0.0,0.0,0.0,0.0,0.0,0.0,0.0,0.03125,0.875,0.09375
10,10,0.0,0.0,0.0,0.0,0.0,0.0,0.0,0.0,0.0,0.03125,0.875,0.09375
10,10,0.0,0.0,0.0,0.0,0.0,0.0,0.0,0.0,0.0,0.03125,0.84375,0.125
10,10,0.0,0.0,0.0,0.0,0.0,0.0,0.0,0.0,0.0,0.03125,0.84375,0.125
10,10,0.0,0.0,0.0,0.0,0.0,0.0,0.0,0.0,0.015625,0.015625,0.84375,0.125
10,10,0.0,0.0,0.0,0.0,0.0,0.0,0.0,0.0,0.015625,0.015625,0.84375,0.125
10,10,0.0,0.0,0.0,0.0,0.0,0.0,0.0,0.0,0.015625,0.015625,0.84375,0.125
10,10,0.0,0.0,0.0,0.0,0.0,0.0,0.0,0.0,0.015625,0.015625,0.84375,0.125
10,10,0.0,0.0,0.0,0.0,0.0,0.0,0.0,0.0,0.015625,0.015625,0.84375,0.125
10,10,0.0,0.0,0.0,0.0,0.0,0.0,0.0,0.0,0.015625,0.015625,0.84375,0.125
10,10,0.0,0.0,0.0,0.0,0.0,0.0,0.0,0.0,0.015625,0.015625,0.84375,0.125
10,10,0.0,0.0,0.0,0.0,0.0,0.0,0.0,0.0,0.015625,0.015625,0.84375,0.125
10,10,0.0,0.0,0.0,0.0,0.0,0.0,0.0,0.0,0.015625,0.015625,0.84375,0.125
10,10,0.0,0.0,0.0,0.0,0.0,0.0,0.0,0.0,0.015625,0.015625,0.84375,0.125
10,10,0.0,0.0,0.0,0.0,0.0,0.0,0.0,0.0,0.015625,0.015625,0.84375,0.125
10,10,0.0,0.0,0.0,0.0,0.0,0.0,0.0,0.0,0.015625,0.015625,0.84375,0.125
10,10,0.0,0.0,0.0,0.0,0.0,0.0,0.0,0.0,0.015625,0.015625,0.84375,0.125
10,10,0.0,0.0,0.0,0.0,0.0,0.0,0.0,0.0,0.015625,0.015625,0.84375,0.125
10,10,0.0,0.0,0.0,0.0,0.0,0.0,0.0,0.0,0.015625,0.015625,0.84375,0.125
10,10,0.0,0.0,0.0,0.0,0.0,0.0,0.0,0.0,0.015625,0.015625,0.84375,0.125
10,10,0.0,0.0,0.0,0.0,0.0,0.0,0.0,0.0,0.015625,0.015625,0.84375,0.125
10,10,0.0,0.0,0.0,0.0,0.0,0.0,0.0,0.0,0.015625,0.015625,0.84375,0.125
10,10,0.0,0.0,0.0,0.0,0.0,0.0,0.0,0.0,0.015625,0.015625,0.84375,0.125
10,10,0.0,0.0,0.0,0.0,0.0,0.0,0.0,0.0,0.015625,0.015625,0.84375,0.125
10,10,0.0,0.0,0.0,0.0,0.0,0.0,0.0,0.0,0.015625,0.015625,0.828125,0.140625
10,10,0.0,0.0,0.0,0.0,0.0,0.0,0.0,0.0,0.015625,0.015625,0.8125,0.15625
10,10,0.0,0.0,0.015625,0.0,0.0,0.0,0.0,0.0,0.015625,0.015625,0.734375,0.21875
10,10,0.0,0.0,0.015625,0.0,0.0,0.0,0.0,0.0,0.015625,0.015625,0.734375,0.21875
10,10,0.0,0.0,0.015625,0.0,0.0,0.0,0.0,0.0,0.015625,0.015625,0.734375,0.21875
10,10,0.0,0.0,0.015625,0.0,0.0,0.0,0.0,0.0,0.015625,0.015625,0.734375,0.21875
10,10,0.0,0.0,0.015625,0.0,0.0,0.0,0.0,0.0,0.015625,0.015625,0.734375,0.21875
10,10,0.0,0.0,0.015625,0.0,0.0,0.0,0.0,0.0,0.015625,0.015625,0.734375,0.21875
10,10,0.0,0.0,0.015625,0.0,0.0,0.0,0.0,0.0,0.015625,0.015625,0.734375,0.21875
10,10,0.0,0.0,0.015625,0.0,0.0,0.0,0.0,0.0,0.015625,0.015625,0.734375,0.21875
10,10,0.0,0.0,0.015625,0.0,0.0,0.0,0.0,0.0,0.015625,0.015625,0.734375,0.21875
10,10,0.0,0.0,0.015625,0.0,0.0,0.0,0.0,0.0,0.015625,0.015625,0.734375,0.21875
10,10,0.0,0.0,0.015625,0.0,0.0,0.0,0.0,0.0,0.015625,0.015625,0.734375,0.21875
10,10,0.0,0.0,0.015625,0.0,0.0,0.0,0.0,0.0,0.015625,0.015625,0.734375,0.21875
10,10,0.0,0.0,0.03125,0.0,0.0,0.0,0.0,0.0,0.015625,0.015625,0.71875,0.21875
10,10,0.0,0.0,0.03125,0.0,0.0,0.0,0.0,0.0,0.015625,0.015625,0.71875,0.21875
10,10,0.0,0.0,0.03125,0.0,0.0,0.0,0.0,0.0,0.015625,0.015625,0.71875,0.21875
10,10,0.0,0.0,0.03125,0.0,0.0,0.0,0.0,0.0,0.015625,0.015625,0.71875,0.21875
10,10,0.0,0.0,0.03125,0.0,0.0,0.0,0.0,0.0,0.015625,0.015625,0.6875,0.25
10,10,0.0,0.0,0.03125,0.0,0.0,0.0,0.0,0.0,0.015625,0.015625,0.6875,0.25
10,10,0.0,0.0,0.03125,0.0,0.0,0.0,0.0,0.0,0.015625,0.015625,0.6875,0.25
10,10,0.0,0.0,0.03125,0.0,0.0,0.0,0.0,0.0,0.015625,0.015625,0.6875,0.25
10,10,0.0,0.0,0.03125,0.0,0.0,0.0,0.0,0.0,0.015625,0.015625,0.6875,0.25
10,10,0.0,0.0,0.03125,0.0,0.0,0.0,0.0,0.0,0.015625,0.015625,0.6875,0.25
10,10,0.0,0.0,0.03125,0.0,0.0,0.0,0.0,0.0,0.03125,0.0,0.6875,0.25
10,10,0.0,0.0,0.03125,0.0,0.0,0.0,0.0,0.0,0.03125,0.0,0.6875,0.25
10,10,0.0,0.0,0.03125,0.0,0.0,0.0,0.0,0.0,0.03125,0.0,0.6875,0.25
10,10,0.0,0.0,0.03125,0.0,0.0,0.0,0.0,0.0,0.03125,0.0,0.6875,0.25
10,10,0.0,0.0,0.03125,0.0,0.0,0.0,0.0,0.0,0.03125,0.0,0.6875,0.25
10,10,0.0,0.0,0.03125,0.0,0.0,0.0,0.0,0.0,0.03125,0.0,0.6875,0.25
10,10,0.0,0.0,0.03125,0.0,0.0,0.0,0.0,0.0,0.03125,0.0,0.6875,0.25
10,10,0.0,0.0,0.03125,0.0,0.0,0.0,0.0,0.0,0.03125,0.0,0.6875,0.25
10,10,0.0,0.0,0.03125,0.0,0.0,0.0,0.0,0.0,0.03125,0.0,0.65625,0.28125
10,10,0.0,0.0,0.03125,0.0,0.0,0.0,0.0,0.0,0.03125,0.0,0.65625,0.28125
10,10,0.0,0.0,0.03125,0.0,0.0,0.0,0.0,0.0,0.03125,0.0,0.625,0.3125
10,10,0.0,0.0,0.03125,0.0,0.0,0.0,0.0,0.0,0.03125,0.0,0.625,0.3125
10,10,0.0,0.0,0.03125,0.0,0.0,0.0,0.0,0.0,0.03125,0.0,0.625,0.3125
10,10,0.0,0.0,0.03125,0.0,0.0,0.0,0.0,0.0,0.03125,0.0,0.625,0.3125
10,10,0.0,0.0,0.03125,0.0,0.0,0.0,0.0,0.0,0.03125,0.0,0.609375,0.328125
10,10,0.0,0.0,0.03125,0.0,0.0,0.0,0.0,0.0,0.03125,0.0,0.609375,0.328125
10,10,0.0,0.0,0.03125,0.0,0.0,0.0,0.0,0.0,0.03125,0.0,0.609375,0.328125
10,10,0.0,0.0,0.03125,0.0,0.0,0.0,0.0,0.0,0.03125,0.0,0.609375,0.328125
10,10,0.0,0.0,0.03125,0.0,0.0,0.0,0.0,0.0,0.03125,0.0,0.59375,0.34375
10,10,0.0,0.0,0.03125,0.0,0.0,0.0,0.0,0.0,0.03125,0.0,0.59375,0.34375
10,10,0.0,0.0,0.03125,0.0,0.0,0.0,0.0,0.0,0.03125,0.0,0.59375,0.34375
10,10,0.0,0.0,0.03125,0.0,0.0,0.0,0.0,0.0,0.03125,0.0,0.59375,0.34375
10,10,0.0,0.0,0.03125,0.0,0.0,0.0,0.0,0.0,0.03125,0.0,0.59375,0.34375
10,10,0.0,0.0,0.03125,0.0,0.0,0.0,0.0,0.0,0.03125,0.0,0.59375,0.34375
10,10,0.0,0.0,0.03125,0.0,0.0,0.0,0.0,0.0,0.03125,0.0,0.578125,0.359375
10,10,0.0,0.0,0.03125,0.0,0.0,0.0,0.0,0.0,0.03125,0.0,0.578125,0.359375
10,10,0.015625,0.0,0.03125,0.0,0.0,0.0,0.0,0.0,0.03125,0.0,0.484375,0.4375
10,10,0.015625,0.0,0.03125,0.0,0.0,0.0,0.0,0.0,0.03125,0.0,0.484375,0.4375
10,10,0.015625,0.0,0.03125,0.0,0.0,0.0,0.0,0.0,0.03125,0.0,0.484375,0.4375
10,10,0.015625,0.0,0.03125,0.0,0.0,0.0,0.0,0.0,0.03125,0.0,0.484375,0.4375
10,10,0.015625,0.0,0.03125,0.0,0.0,0.0,0.0,0.0,0.03125,0.0,0.484375,0.4375
10,10,0.015625,0.0,0.03125,0.0,0.0,0.0,0.0,0.0,0.03125,0.0,0.46875,0.453125
10,10,0.015625,0.0,0.03125,0.0,0.0,0.0,0.0,0.0,0.03125,0.0,0.46875,0.453125
10,10,0.015625,0.0,0.03125,0.0,0.0,0.0,0.0,0.0,0.03125,0.0,0.46875,0.453125
10,10,0.015625,0.0,0.03125,0.0,0.0,0.0,0.0,0.0,0.03125,0.0,0.46875,0.453125
10,10,0.015625,0.0,0.03125,0.0,0.0,0.0,0.0,0.0,0.03125,0.0,0.46875,0.453125
10,10,0.015625,0.0,0.03125,0.0,0.0,0.0,0.0,0.0,0.03125,0.0,0.46875,0.453125
10,10,0.015625,0.0,0.03125,0.0,0.0,0.0,0.0,0.0,0.03125,0.0,0.46875,0.453125
10,11,0.015625,0.0,0.03125,0.0,0.0,0.0,0.0,0.0,0.03125,0.0,0.4375,0.484375
10,11,0.015625,0.0,0.03125,0.0,0.0,0.0,0.0,0.0,0.03125,0.0,0.4375,0.484375
10,11,0.015625,0.0,0.03125,0.0,0.0,0.0,0.0,0.0,0.03125,0.0,0.4375,0.484375
10,11,0.015625,0.0,0.03125,0.0,0.0,0.0,0.0,0.0,0.03125,0.0,0.4375,0.484375
10,11,0.015625,0.0,0.03125,0.0,0.0,0.0,0.0,0.0,0.03125,0.0,0.4375,0.484375
10,11,0.015625,0.0,0.03125,0.0,0.0,0.0,0.0,0.0,0.03125,0.0,0.4375,0.484375
10,11,0.015625,0.0,0.03125,0.0,0.0,0.0,0.0,0.0,0.03125,0.0,0.4375,0.484375
10,11,0.015625,0.0,0.03125,0.0,0.0,0.0,0.0,0.0,0.03125,0.0,0.4375,0.484375
10,11,0.015625,0.0,0.03125,0.0,0.0,0.0,0.0,0.0,0.03125,0.0,0.421875,0.5
10,11,0.015625,0.0,0.03125,0.0,0.0,0.0,0.0,0.0,0.03125,0.0,0.421875,0.5
10,11,0.015625,0.0,0.03125,0.0,0.0,0.0,0.0,0.0,0.03125,0.0,0.421875,0.5
10,11,0.015625,0.0,0.03125,0.0,0.0,0.0,0.0,0.0,0.03125,0.0,0.421875,0.5
10,11,0.015625,0.0,0.03125,0.0,0.0,0.0,0.0,0.0,0.03125,0.0,0.421875,0.5
10,11,0.015625,0.0,0.03125,0.0,0.0,0.0,0.0,0.0,0.03125,0.0,0.421875,0.5
10,11,0.015625,0.0,0.03125,0.0,0.0,0.0,0.0,0.0,0.03125,0.0,0.421875,0.5
10,11,0.015625,0.0,0.03125,0.0,0.0,0.0,0.0,0.0,0.03125,0.0,0.421875,0.5
10,11,0.015625,0.0,0.03125,0.0,0.0,0.0,0.0,0.0,0.03125,0.0,0.421875,0.5
10,11,0.015625,0.0,0.03125,0.0,0.0,0.0,0.0,0.0,0.03125,0.0,0.421875,0.5
10,11,0.015625,0.0,0.03125,0.0,0.0,0.0,0.0,0.0,0.03125,0.0,0.421875,0.5
10,11,0.015625,0.0,0.03125,0.0,0.0,0.0,0.0,0.0,0.03125,0.0,0.421875,0.5
10,11,0.015625,0.0,0.03125,0.0,0.0,0.0,0.0,0.0,0.03125,0.0,0.390625,0.53125
10,11,0.015625,0.0,0.03125,0.0,0.0,0.0,0.0,0.0,0.03125,0.0,0.390625,0.53125
10,11,0.015625,0.0,0.03125,0.0,0.0,0.0,0.0,0.0,0.03125,0.0,0.390625,0.53125
10,11,0.015625,0.0,0.03125,0.0,0.0,0.0,0.0,0.0,0.03125,0.0,0.390625,0.53125
10,11,0.015625,0.0,0.03125,0.0,0.0,0.0,0.0,0.0,0.03125,0.0,0.390625,0.53125
10,11,0.015625,0.0,0.03125,0.0,0.0,0.0,0.0,0.0,0.03125,0.0,0.390625,0.53125
10,11,0.015625,0.0,0.03125,0.0,0.0,0.0,0.0,0.0,0.03125,0.0,0.390625,0.53125
10,11,0.015625,0.0,0.03125,0.0,0.0,0.0,0.0,0.0,0.03125,0.0,0.390625,0.53125
10,11,0.03125,0.0,0.03125,0.0,0.0,0.0,0.0,0.0,0.03125,0.0,0.359375,0.546875
10,11,0.03125,0.0,0.03125,0.0,0.0,0.0,0.0,0.0,0.03125,0.0,0.359375,0.546875
10,11,0.03125,0.0,0.03125,0.0,0.0,0.0,0.0,0.0,0.03125,0.0,0.359375,0.546875
10,11,0.03125,0.0,0.03125,0.0,0.0,0.0,0.0,0.0,0.03125,0.0,0.359375,0.546875
10,11,0.03125,0.0,0.03125,0.0,0.0,0.0,0.0,0.0,0.03125,0.0,0.359375,0.546875
10,11,0.03125,0.0,0.03125,0.0,0.0,0.0,0.0,0.0,0.03125,0.0,0.359375,0.546875
10,11,0.03125,0.0,0.03125,0.0,0.0,0.0,0.0,0.0,0.03125,0.0,0.359375,0.546875
10,11,0.03125,0.0,0.03125,0.0,0.0,0.0,0.0,0.0,0.03125,0.0,0.359375,0.546875
10,11,0.03125,0.0,0.03125,0.0,0.0,0.0,0.0,0.0,0.03125,0.0,0.34375,0.5625
10,11,0.03125,0.0,0.03125,0.0,0.0,0.0,0.0,0.0,0.03125,0.0,0.34375,0.5625
10,11,0.03125,0.0,0.03125,0.0,0.0,0.0,0.0,0.0,0.03125,0.0,0.34375,0.5625
10,11,0.03125,0.0,0.03125,0.0,0.0,0.0,0.0,0.0,0.03125,0.0,0.34375,0.5625
10,11,0.03125,0.0,0.03125,0.0,0.0,0.0,0.0,0.0,0.03125,0.0,0.34375,0.5625
10,11,0.03125,0.0,0.03125,0.0,0.0,0.0,0.0,0.0,0.03125,0.0,0.34375,0.5625
10,11,0.03125,0.0,0.03125,0.0,0.0,0.0,0.0,0.0,0.03125,0.0,0.328125,0.578125
10,11,0.03125,0.0,0.03125,0.0,0.0,0.0,0.0,0.0,0.03125,0.0,0.328125,0.578125
10,11,0.03125,0.0,0.03125,0.0,0.0,0.0,0.0,0.0,0.03125,0.0,0.328125,0.578125
10,11,0.03125,0.0,0.03125,0.0,0.0,0.0,0.0,0.0,0.03125,0.0,0.328125,0.578125
10,11,0.03125,0.0,0.03125,0.0,0.0,0.0,0.0,0.0,0.03125,0.0,0.328125,0.578125
10,11,0.03125,0.0,0.03125,0.0,0.0,0.0,0.0,0.0,0.03125,0.0,0.328125,0.578125
10,11,0.03125,0.0,0.03125,0.0,0.0,0.0,0.0,0.0,0.03125,0.0,0.328125,0.578125
10,11,0.03125,0.0,0.03125,0.0,0.0,0.0,0.0,0.0,0.03125,0.0,0.328125,0.578125
10,11,0.03125,0.0,0.03125,0.0,0.0,0.0,0.0,0.0,0.03125,0.0,0.328125,0.578125
10,11,0.03125,0.0,0.03125,0.0,0.0,0.0,0.0,0.0,0.03125,0.0,0.328125,0.578125
10,11,0.03125,0.0,0.046875,0.0,0.0,0.0,0.0,0.0,0.03125,0.0,0.3125,0.578125
10,11,0.03125,0.0,0.046875,0.0,0.0,0.0,0.0,0.0,0.03125,0.0,0.3125,0.578125
10,11,0.03125,0.0,0.046875,0.0,0.0,0.0,0.0,0.0,0.03125,0.0,0.3125,0.578125
10,11,0.03125,0.0,0.046875,0.0,0.0,0.0,0.0,0.0,0.03125,0.0,0.3125,0.578125
10,11,0.03125,0.0,0.046875,0.0,0.0,0.0,0.0,0.0,0.03125,0.0,0.3125,0.578125
10,11,0.03125,0.0,0.046875,0.0,0.0,0.0,0.0,0.0,0.03125,0.0,0.3125,0.578125
10,11,0.03125,0.0,0.046875,0.0,0.0,0.0,0.0,0.0,0.03125,0.0,0.3125,0.578125
10,11,0.03125,0.0,0.046875,0.0,0.0,0.0,0.0,0.0,0.03125,0.0,0.3125,0.578125
10,11,0.03125,0.0,0.046875,0.0,0.0,0.0,0.015625,0.0,0.03125,0.0,0.265625,0.609375
10,11,0.03125,0.0,0.046875,0.0,0.0,0.0,0.015625,0.0,0.03125,0.0,0.265625,0.609375
10,11,0.03125,0.0,0.046875,0.0,0.0,0.0,0.015625,0.0,0.03125,0.0,0.265625,0.609375
10,11,0.03125,0.0,0.046875,0.0,0.0,0.0,0.015625,0.0,0.03125,0.0,0.265625,0.609375
10,11,0.03125,0.0,0.046875,0.0,0.0,0.0,0.015625,0.0,0.03125,0.0,0.265625,0.609375
10,11,0.03125,0.0,0.046875,0.0,0.0,0.0,0.015625,0.0,0.03125,0.0,0.265625,0.609375
10,11,0.03125,0.0,0.046875,0.0,0.0,0.0,0.015625,0.0,0.015625,0.0,0.265625,0.625
10,11,0.03125,0.0,0.046875,0.0,0.0,0.0,0.015625,0.0,0.015625,0.0,0.265625,0.625
10,11,0.03125,0.0,0.046875,0.0,0.0,0.0,0.015625,0.0,0.015625,0.0,0.265625,0.625
10,11,0.03125,0.0,0.046875,0.0,0.0,0.0,0.015625,0.0,0.015625,0.0,0.265625,0.625
10,11,0.03125,0.0,0.046875,0.0,0.0,0.0,0.015625,0.0,0.015625,0.0,0.265625,0.625
10,11,0.03125,0.0,0.046875,0.0,0.0,0.0,0.015625,0.0,0.015625,0.0,0.265625,0.625
10,11,0.03125,0.0,0.046875,0.0,0.0,0.0,0.015625,0.0,0.0,0.0,0.25,0.65625
10,11,0.03125,0.0,0.046875,0.0,0.0,0.0,0.015625,0.0,0.0,0.0,0.25,0.65625
10,11,0.03125,0.0,0.046875,0.0,0.0,0.0,0.015625,0.0,0.0,0.0,0.25,0.65625
10,11,0.03125,0.0,0.046875,0.0,0.0,0.0,0.015625,0.0,0.0,0.0,0.25,0.65625
10,11,0.03125,0.0,0.046875,0.0,0.0,0.0,0.015625,0.0,0.0,0.0,0.25,0.65625
10,11,0.03125,0.0,0.046875,0.0,0.0,0.0,0.015625,0.0,0.0,0.0,0.25,0.65625
10,11,0.03125,0.0,0.046875,0.0,0.0,0.0,0.015625,0.0,0.0,0.0,0.25,0.65625
10,11,0.03125,0.0,0.046875,0.0,0.0,0.0,0.015625,0.0,0.0,0.0,0.25,0.65625
10,11,0.03125,0.0,0.046875,0.0,0.0,0.0,0.015625,0.0,0.0,0.0,0.25,0.65625
10,11,0.03125,0.0,0.046875,0.0,0.0,0.0,0.015625,0.0,0.0,0.0,0.25,0.65625
10,11,0.03125,0.0,0.046875,0.0,0.0,0.0,0.015625,0.0,0.0,0.0,0.25,0.65625
10,11,0.03125,0.0,0.046875,0.0,0.0,0.0,0.015625,0.0,0.0,0.0,0.25,0.65625
10,11,0.03125,0.0,0.0625,0.0,0.0,0.0,0.015625,0.0,0.0,0.0,0.171875,0.71875
10,11,0.03125,0.0,0.0625,0.0,0.0,0.0,0.015625,0.0,0.0,0.0,0.171875,0.71875
10,11,0.03125,0.0,0.0625,0.0,0.0,0.0,0.015625,0.0,0.0,0.0,0.171875,0.71875
10,11,0.03125,0.0,0.0625,0.0,0.0,0.0,0.015625,0.0,0.0,0.0,0.171875,0.71875
10,11,0.03125,0.0,0.0625,0.0,0.0,0.0,0.015625,0.0,0.0,0.0,0.171875,0.71875
10,11,0.03125,0.0,0.0625,0.0,0.0,0.0,0.015625,0.0,0.0,0.0,0.171875,0.71875
10,11,0.03125,0.0,0.0625,0.0,0.0,0.0,0.015625,0.0,0.0,0.0,0.171875,0.71875
10,11,0.03125,0.0,0.0625,0.0,0.0,0.0,0.015625,0.0,0.0,0.0,0.171875,0.71875
10,11,0.03125,0.0,0.0625,0.0,0.0,0.0,0.015625,0.0,0.0,0.0,0.171875,0.71875
10,11,0.03125,0.0,0.0625,0.0,0.0,0.0,0.015625,0.0,0.0,0.0,0.171875,0.71875
10,11,0.03125,0.0,0.0625,0.0,0.0,0.0,0.015625,0.0,0.0,0.0,0.171875,0.71875
10,11,0.03125,0.0,0.0625,0.0,0.0,0.0,0.015625,0.0,0.0,0.0,0.171875,0.71875
10,11,0.03125,0.0,0.0625,0.0,0.0,0.0,0.015625,0.0,0.0,0.0,0.15625,0.734375
10,11,0.03125,0.0,0.0625,0.0,0.0,0.0,0.015625,0.0,0.0,0.0,0.15625,0.734375
10,11,0.03125,0.0,0.0625,0.0,0.0,0.0,0.015625,0.0,0.0,0.0,0.15625,0.734375
10,11,0.03125,0.0,0.0625,0.0,0.0,0.0,0.015625,0.0,0.0,0.0,0.15625,0.734375
10,11,0.03125,0.0,0.0625,0.0,0.0,0.0,0.015625,0.0,0.0,0.0,0.140625,0.75
10,11,0.03125,0.0,0.0625,0.0,0.0,0.0,0.015625,0.0,0.0,0.0,0.140625,0.75
10,11,0.03125,0.0,0.0625,0.0,0.0,0.0,0.015625,0.0,0.0,0.0,0.140625,0.75
10,11,0.03125,0.0,0.0625,0.0,0.0,0.0,0.015625,0.0,0.0,0.0,0.140625,0.75
10,11,0.03125,0.0,0.0625,0.0,0.0,0.0,0.015625,0.0,0.0,0.0,0.140625,0.75
10,11,0.03125,0.0,0.0625,0.0,0.0,0.0,0.015625,0.0,0.0,0.0,0.140625,0.75
10,11,0.03125,0.0,0.0625,0.0,0.0,0.0,0.015625,0.0,0.0,0.0,0.140625,0.75
10,11,0.03125,0.0,0.0625,0.0,0.0,0.0,0.015625,0.0,0.0,0.0,0.140625,0.75
10,11,0.03125,0.0,0.0625,0.0,0.0,0.0,0.015625,0.0,0.0,0.0,0.140625,0.75
10,11,0.03125,0.0,0.0625,0.0,0.0,0.0,0.015625,0.0,0.0,0.0,0.140625,0.75
10,11,0.046875,0.0,0.0625,0.0,0.0,0.0,0.015625,0.0,0.0,0.0,0.125,0.75
10,11,0.046875,0.0,0.0625,0.0,0.0,0.0,0.015625,0.0,0.0,0.0,0.125,0.75
10,11,0.046875,0.0,0.0625,0.0,0.0,0.0,0.015625,0.0,0.0,0.0,0.125,0.75
10,11,0.046875,0.0,0.0625,0.0,0.0,0.0,0.015625,0.0,0.0,0.0,0.125,0.75
10,11,0.046875,0.0,0.0625,0.0,0.0,0.0,0.015625,0.0,0.0,0.0,0.125,0.75
10,11,0.046875,0.0,0.0625,0.0,0.0,0.0,0.015625,0.0,0.0,0.0,0.125,0.75
10,11,0.046875,0.0,0.046875,0.0,0.0,0.0,0.015625,0.0,0.0,0.0,0.125,0.765625
10,11,0.046875,0.0,0.046875,0.0,0.0,0.0,0.015625,0.0,0.0,0.0,0.125,0.765625
10,11,0.046875,0.0,0.046875,0.0,0.0,0.0,0.015625,0.0,0.0,0.0,0.125,0.765625
10,11,0.046875,0.0,0.046875,0.0,0.0,0.0,0.015625,0.0,0.0,0.0,0.125,0.765625
10,11,0.046875,0.0,0.03125,0.0,0.0,0.0,0.015625,0.0,0.015625,0.0,0.125,0.765625
10,11,0.046875,0.0,0.03125,0.0,0.0,0.0,0.015625,0.0,0.015625,0.0,0.125,0.765625
10,11,0.046875,0.0,0.03125,0.0,0.0,0.0,0.015625,0.0,0.015625,0.0,0.125,0.765625
10,11,0.046875,0.0,0.03125,0.0,0.0,0.0,0.015625,0.0,0.015625,0.0,0.109375,0.78125
10,11,0.046875,0.0,0.03125,0.0,0.0,0.0,0.015625,0.0,0.015625,0.0,0.109375,0.78125
10,11,0.046875,0.0,0.03125,0.0,0.0,0.0,0.015625,0.0,0.015625,0.0,0.109375,0.78125
10,11,0.046875,0.0,0.03125,0.0,0.0,0.0,0.015625,0.0,0.015625,0.0,0.109375,0.78125
10,11,0.046875,0.0,0.03125,0.0,0.0,0.0,0.015625,0.0,0.015625,0.0,0.109375,0.78125
10,11,0.046875,0.0,0.03125,0.0,0.0,0.0,0.015625,0.0,0.015625,0.0,0.109375,0.78125
10,11,0.046875,0.0,0.03125,0.0,0.0,0.0,0.015625,0.0,0.015625,0.0,0.109375,0.78125
10,11,0.046875,0.0,0.03125,0.0,0.0,0.0,0.015625,0.0,0.015625,0.0,0.109375,0.78125
10,11,0.046875,0.0,0.03125,0.0,0.0,0.0,0.015625,0.0,0.015625,0.0,0.109375,0.78125
10,11,0.046875,0.0,0.03125,0.0,0.0,0.0,0.015625,0.0,0.03125,0.0,0.09375,0.78125
10,11,0.046875,0.0,0.03125,0.0,0.0,0.0,0.015625,0.0,0.03125,0.0,0.09375,0.78125
10,11,0.046875,0.0,0.03125,0.0,0.0,0.0,0.015625,0.0,0.03125,0.0,0.09375,0.78125
10,11,0.046875,0.0,0.03125,0.0,0.0,0.0,0.015625,0.0,0.03125,0.0,0.09375,0.78125
10,11,0.046875,0.0,0.03125,0.0,0.0,0.0,0.015625,0.0,0.03125,0.0,0.09375,0.78125
10,11,0.046875,0.0,0.03125,0.0,0.0,0.0,0.015625,0.0,0.03125,0.0,0.09375,0.78125
10,11,0.046875,0.0,0.03125,0.0,0.0,0.0,0.015625,0.0,0.03125,0.0,0.09375,0.78125
10,11,0.046875,0.0,0.03125,0.0,0.0,0.0,0.015625,0.0,0.03125,0.0,0.09375,0.78125
10,11,0.046875,0.0,0.03125,0.0,0.0,0.0,0.015625,0.0,0.03125,0.0,0.09375,0.78125
10,11,0.046875,0.0,0.03125,0.0,0.0,0.0,0.015625,0.0,0.03125,0.0,0.09375,0.78125
10,11,0.046875,0.0,0.03125,0.0,0.0,0.0,0.015625,0.0,0.03125,0.0,0.09375,0.78125
10,11,0.046875,0.0,0.03125,0.0,0.0,0.0,0.015625,0.0,0.03125,0.0,0.09375,0.78125
10,11,0.046875,0.0,0.03125,0.0,0.0,0.0,0.015625,0.0,0.03125,0.0,0.09375,0.78125
10,11,0.046875,0.0,0.03125,0.0,0.0,0.0,0.015625,0.0,0.03125,0.0,0.09375,0.78125
10,11,0.046875,0.0,0.03125,0.0,0.0,0.0,0.015625,0.0,0.03125,0.0,0.09375,0.78125
10,11,0.046875,0.0,0.03125,0.0,0.0,0.0,0.015625,0.0,0.03125,0.0,0.09375,0.78125
10,11,0.046875,0.0,0.03125,0.0,0.0,0.0,0.015625,0.0,0.03125,0.0,0.09375,0.78125
10,11,0.046875,0.0,0.03125,0.0,0.0,0.0,0.015625,0.0,0.03125,0.0,0.09375,0.78125
10,11,0.046875,0.0,0.03125,0.0,0.0,0.0,0.015625,0.0,0.03125,0.0,0.09375,0.78125
10,11,0.046875,0.0,0.03125,0.0,0.0,0.0,0.015625,0.0,0.03125,0.0,0.09375,0.78125
10,11,0.046875,0.0,0.03125,0.0,0.0,0.0,0.015625,0.0,0.03125,0.0,0.09375,0.78125
10,11,0.046875,0.0,0.03125,0.0,0.0,0.0,0.015625,0.0,0.03125,0.0,0.09375,0.78125
10,11,0.046875,0.015625,0.03125,0.0,0.0,0.0,0.015625,0.0,0.03125,0.0,0.09375,0.765625
10,11,0.046875,0.015625,0.03125,0.0,0.0,0.0,0.015625,0.0,0.03125,0.0,0.09375,0.765625
10,11,0.046875,0.015625,0.03125,0.0,0.0,0.0,0.0,0.0,0.03125,0.0,0.09375,0.78125
10,11,0.046875,0.015625,0.03125,0.0,0.0,0.0,0.0,0.0,0.03125,0.0,0.09375,0.78125
10,11,0.046875,0.015625,0.03125,0.0,0.0,0.0,0.0,0.0,0.03125,0.0,0.09375,0.78125
10,11,0.046875,0.015625,0.03125,0.0,0.0,0.0,0.0,0.0,0.03125,0.0,0.09375,0.78125
10,11,0.046875,0.015625,0.03125,0.0,0.0,0.0,0.0,0.0,0.03125,0.0,0.09375,0.78125
10,11,0.046875,0.015625,0.03125,0.0,0.0,0.0,0.0,0.0,0.03125,0.0,0.09375,0.78125
10,11,0.046875,0.015625,0.03125,0.0,0.0,0.0,0.0,0.0,0.03125,0.0,0.09375,0.78125
10,11,0.046875,0.015625,0.03125,0.0,0.0,0.0,0.0,0.0,0.03125,0.0,0.09375,0.78125
10,11,0.046875,0.015625,0.03125,0.0,0.0,0.0,0.0,0.0,0.03125,0.0,0.09375,0.78125
10,11,0.046875,0.015625,0.03125,0.0,0.0,0.0,0.0,0.0,0.03125,0.0,0.09375,0.78125
10,11,0.046875,0.015625,0.03125,0.0,0.0,0.0,0.0,0.0,0.03125,0.0,0.09375,0.78125
10,11,0.046875,0.015625,0.03125,0.0,0.0,0.0,0.0,0.0,0.03125,0.0,0.09375,0.78125
10,11,0.046875,0.015625,0.03125,0.0,0.0,0.0,0.0,0.0,0.03125,0.0,0.078125,0.796875
10,11,0.046875,0.015625,0.03125,0.0,0.0,0.0,0.0,0.0,0.03125,0.0,0.078125,0.796875
10,11,0.046875,0.015625,0.03125,0.0,0.0,0.0,0.0,0.0,0.03125,0.0,0.078125,0.796875
10,11,0.046875,0.015625,0.03125,0.0,0.0,0.0,0.0,0.0,0.03125,0.0,0.078125,0.796875
10,11,0.046875,0.015625,0.03125,0.0,0.0,0.0,0.0,0.0,0.03125,0.0,0.078125,0.796875
10,11,0.046875,0.015625,0.03125,0.0,0.0,0.0,0.0,0.0,0.03125,0.0,0.078125,0.796875
10,11,0.046875,0.015625,0.03125,0.0,0.0,0.0,0.0,0.0,0.03125,0.0,0.078125,0.796875
10,11,0.046875,0.015625,0.03125,0.0,0.0,0.0,0.0,0.0,0.03125,0.0,0.078125,0.796875
10,11,0.046875,0.015625,0.03125,0.0,0.0,0.0,0.0,0.0,0.03125,0.0,0.078125,0.796875
10,11,0.046875,0.015625,0.03125,0.0,0.0,0.0,0.0,0.0,0.03125,0.0,0.078125,0.796875
10,11,0.046875,0.015625,0.03125,0.0,0.0,0.0,0.0,0.0,0.03125,0.0,0.078125,0.796875
10,11,0.046875,0.015625,0.03125,0.0,0.0,0.0,0.0,0.0,0.03125,0.0,0.078125,0.796875
10,11,0.046875,0.015625,0.03125,0.0,0.0,0.0,0.0,0.0,0.03125,0.0,0.078125,0.796875
10,11,0.046875,0.015625,0.03125,0.0,0.0,0.0,0.0,0.0,0.03125,0.0,0.078125,0.796875
10,11,0.046875,0.015625,0.03125,0.0,0.0,0.0,0.0,0.0,0.03125,0.0,0.078125,0.796875
10,11,0.046875,0.015625,0.03125,0.0,0.0,0.0,0.0,0.0,0.03125,0.0,0.078125,0.796875
10,11,0.046875,0.015625,0.03125,0.0,0.0,0.0,0.0,0.0,0.03125,0.0,0.078125,0.796875
10,11,0.046875,0.015625,0.03125,0.0,0.0,0.0,0.0,0.0,0.03125,0.0,0.078125,0.796875
10,11,0.046875,0.015625,0.03125,0.0,0.0,0.0,0.0,0.0,0.03125,0.0,0.078125,0.796875
10,11,0.046875,0.015625,0.03125,0.0,0.0,0.0,0.0,0.0,0.03125,0.0,0.078125,0.796875
10,11,0.046875,0.015625,0.03125,0.0,0.0,0.0,0.0,0.0,0.03125,0.0,0.078125,0.796875
10,11,0.046875,0.015625,0.03125,0.0,0.0,0.0,0.0,0.0,0.03125,0.0,0.078125,0.796875
10,11,0.046875,0.015625,0.03125,0.0,0.0,0.0,0.0,0.0,0.03125,0.0,0.078125,0.796875
10,11,0.046875,0.015625,0.03125,0.0,0.0,0.0,0.0,0.0,0.03125,0.0,0.078125,0.796875
10,11,0.046875,0.015625,0.03125,0.0,0.0,0.0,0.0,0.0,0.03125,0.0,0.078125,0.796875
10,11,0.046875,0.015625,0.03125,0.0,0.0,0.0,0.0,0.0,0.03125,0.0,0.078125,0.796875
10,11,0.046875,0.015625,0.03125,0.0,0.0,0.0,0.0,0.0,0.03125,0.0,0.078125,0.796875
10,11,0.046875,0.015625,0.03125,0.0,0.0,0.0,0.0,0.0,0.03125,0.0,0.078125,0.796875
10,11,0.03125,0.015625,0.03125,0.0,0.0,0.0,0.0,0.0,0.03125,0.0,0.078125,0.8125
10,11,0.03125,0.015625,0.03125,0.0,0.0,0.0,0.0,0.0,0.03125,0.0,0.078125,0.8125
10,11,0.03125,0.015625,0.03125,0.0,0.0,0.0,0.0,0.0,0.03125,0.0,0.078125,0.8125
10,11,0.03125,0.015625,0.03125,0.0,0.0,0.0,0.0,0.0,0.03125,0.0,0.078125,0.8125
10,11,0.03125,0.015625,0.03125,0.0,0.0,0.0,0.0,0.0,0.03125,0.0,0.078125,0.8125
10,11,0.03125,0.015625,0.03125,0.0,0.0,0.0,0.0,0.0,0.03125,0.0,0.078125,0.8125
10,11,0.03125,0.015625,0.03125,0.0,0.0,0.0,0.0,0.0,0.03125,0.0,0.078125,0.8125
10,11,0.03125,0.015625,0.03125,0.0,0.0,0.0,0.0,0.0,0.03125,0.0,0.078125,0.8125
10,11,0.015625,0.015625,0.015625,0.0,0.0,0.015625,0.015625,0.0,0.03125,0.0,0.078125,0.8125
10,11,0.015625,0.015625,0.015625,0.0,0.0,0.015625,0.015625,0.0,0.03125,0.0,0.078125,0.8125
10,11,0.015625,0.015625,0.015625,0.0,0.0,0.015625,0.015625,0.0,0.03125,0.0,0.078125,0.8125
10,11,0.015625,0.015625,0.015625,0.0,0.0,0.015625,0.015625,0.0,0.03125,0.0,0.078125,0.8125
10,11,0.015625,0.015625,0.015625,0.0,0.0,0.015625,0.015625,0.0,0.03125,0.0,0.078125,0.8125
10,11,0.015625,0.015625,0.015625,0.0,0.0,0.015625,0.015625,0.0,0.03125,0.0,0.078125,0.8125
10,11,0.015625,0.0,0.015625,0.0,0.0,0.015625,0.015625,0.0,0.03125,0.0,0.078125,0.828125
10,11,0.015625,0.0,0.015625,0.0,0.0,0.015625,0.015625,0.0,0.03125,0.0,0.078125,0.828125
10,11,0.015625,0.0,0.015625,0.0,0.0,0.015625,0.015625,0.0,0.03125,0.0,0.078125,0.828125
10,11,0.015625,0.0,0.015625,0.0,0.0,0.015625,0.015625,0.0,0.03125,0.0,0.078125,0.828125
10,11,0.015625,0.0,0.015625,0.0,0.0,0.015625,0.015625,0.0,0.03125,0.0,0.078125,0.828125
10,11,0.015625,0.0,0.015625,0.0,0.0,0.015625,0.015625,0.0,0.03125,0.0,0.078125,0.828125
10,11,0.015625,0.0,0.015625,0.0,0.0,0.015625,0.015625,0.0,0.03125,0.0,0.078125,0.828125
10,11,0.015625,0.0,0.015625,0.0,0.0,0.015625,0.015625,0.0,0.03125,0.0,0.078125,0.828125
10,11,0.015625,0.0,0.015625,0.0,0.0,0.015625,0.015625,0.0,0.03125,0.0,0.078125,0.828125
10,11,0.015625,0.0,0.015625,0.0,0.0,0.015625,0.015625,0.0,0.03125,0.0,0.078125,0.828125
10,11,0.015625,0.0,0.015625,0.0,0.0,0.015625,0.015625,0.0,0.03125,0.0,0.078125,0.828125
10,11,0.015625,0.0,0.015625,0.0,0.0,0.015625,0.015625,0.0,0.03125,0.0,0.078125,0.828125
10,11,0.015625,0.0,0.015625,0.0,0.0,0.015625,0.015625,0.0,0.03125,0.0,0.078125,0.828125
10,11,0.015625,0.0,0.015625,0.0,0.0,0.015625,0.015625,0.0,0.03125,0.0,0.078125,0.828125
10,11,0.015625,0.0,0.015625,0.0,0.0,0.015625,0.015625,0.0,0.03125,0.0,0.078125,0.828125
10,11,0.015625,0.0,0.015625,0.0,0.0,0.015625,0.015625,0.0,0.03125,0.0,0.078125,0.828125
10,11,0.015625,0.0,0.015625,0.0,0.0,0.015625,0.015625,0.0,0.03125,0.0,0.078125,0.828125
10,11,0.015625,0.0,0.015625,0.0,0.0,0.015625,0.015625,0.0,0.03125,0.0,0.078125,0.828125
10,11,0.015625,0.0,0.015625,0.0,0.0,0.015625,0.015625,0.0,0.03125,0.0,0.0625,0.84375
10,11,0.015625,0.0,0.015625,0.0,0.0,0.015625,0.015625,0.0,0.03125,0.0,0.0625,0.84375
10,11,0.015625,0.0,0.015625,0.0,0.0,0.015625,0.015625,0.0,0.03125,0.0,0.0625,0.84375
10,11,0.015625,0.0,0.015625,0.0,0.0,0.015625,0.015625,0.0,0.03125,0.0,0.0625,0.84375
10,11,0.015625,0.0,0.015625,0.0,0.0,0.015625,0.015625,0.0,0.03125,0.0,0.0625,0.84375
10,11,0.015625,0.0,0.015625,0.0,0.0,0.015625,0.015625,0.0,0.03125,0.0,0.0625,0.84375
10,11,0.015625,0.0,0.015625,0.0,0.0,0.015625,0.015625,0.0,0.03125,0.0,0.0625,0.84375
10,11,0.015625,0.0,0.015625,0.0,0.0,0.015625,0.015625,0.0,0.03125,0.0,0.0625,0.84375
10,11,0.015625,0.0,0.015625,0.0,0.0,0.015625,0.015625,0.0,0.03125,0.0,0.0625,0.84375
10,11,0.015625,0.0,0.015625,0.0,0.0,0.015625,0.015625,0.0,0.03125,0.0,0.0625,0.84375
10,11,0.015625,0.0,0.015625,0.0,0.0,0.015625,0.015625,0.0,0.03125,0.0,0.0625,0.84375
10,11,0.015625,0.0,0.015625,0.0,0.0,0.015625,0.015625,0.0,0.03125,0.0,0.0625,0.84375
10,11,0.015625,0.0,0.015625,0.0,0.0,0.015625,0.015625,0.0,0.03125,0.0,0.0625,0.84375
10,11,0.015625,0.0,0.015625,0.0,0.0,0.015625,0.015625,0.0,0.03125,0.0,0.0625,0.84375
10,11,0.015625,0.0,0.015625,0.0,0.0,0.015625,0.015625,0.0,0.03125,0.0,0.0625,0.84375
10,11,0.015625,0.0,0.015625,0.0,0.0,0.015625,0.015625,0.0,0.03125,0.0,0.0625,0.84375
10,11,0.015625,0.0,0.015625,0.0,0.0,0.015625,0.015625,0.0,0.03125,0.0,0.0625,0.84375
10,11,0.015625,0.0,0.015625,0.0,0.0,0.015625,0.015625,0.0,0.03125,0.0,0.0625,0.84375
10,11,0.015625,0.0,0.015625,0.0,0.0,0.015625,0.015625,0.0,0.03125,0.0,0.0625,0.84375
10,11,0.015625,0.0,0.015625,0.0,0.0,0.015625,0.015625,0.0,0.03125,0.0,0.0625,0.84375
10,11,0.015625,0.0,0.015625,0.0,0.0,0.015625,0.015625,0.0,0.03125,0.0,0.046875,0.859375
10,11,0.015625,0.0,0.015625,0.0,0.0,0.015625,0.015625,0.0,0.03125,0.0,0.046875,0.859375
10,11,0.015625,0.0,0.015625,0.0,0.0,0.015625,0.015625,0.0,0.03125,0.0,0.046875,0.859375
10,11,0.015625,0.0,0.015625,0.0,0.0,0.015625,0.015625,0.0,0.03125,0.0,0.046875,0.859375
10,11,0.015625,0.0,0.0,0.0,0.0,0.015625,0.015625,0.015625,0.03125,0.0,0.046875,0.859375
10,11,0.015625,0.0,0.0,0.0,0.0,0.015625,0.015625,0.015625,0.03125,0.0,0.046875,0.859375
10,11,0.015625,0.0,0.0,0.0,0.0,0.015625,0.015625,0.015625,0.03125,0.0,0.046875,0.859375
10,11,0.015625,0.0,0.0,0.0,0.0,0.015625,0.015625,0.015625,0.03125,0.0,0.046875,0.859375
10,11,0.015625,0.0,0.0,0.0,0.0,0.015625,0.015625,0.015625,0.03125,0.0,0.046875,0.859375
10,11,0.015625,0.0,0.0,0.0,0.0,0.015625,0.015625,0.015625,0.03125,0.0,0.046875,0.859375
10,11,0.015625,0.0,0.0,0.0,0.0,0.015625,0.015625,0.015625,0.03125,0.0,0.046875,0.859375
10,11,0.015625,0.0,0.0,0.0,0.0,0.015625,0.015625,0.015625,0.03125,0.0,0.046875,0.859375
10,11,0.015625,0.0,0.0,0.0,0.0,0.015625,0.015625,0.015625,0.03125,0.0,0.03125,0.875
10,11,0.015625,0.0,0.0,0.0,0.0,0.015625,0.015625,0.015625,0.03125,0.0,0.03125,0.875
10,11,0.015625,0.0,0.0,0.0,0.0,0.015625,0.015625,0.015625,0.03125,0.0,0.03125,0.875
10,11,0.015625,0.0,0.0,0.0,0.0,0.015625,0.015625,0.015625,0.03125,0.0,0.03125,0.875
10,11,0.015625,0.0,0.0,0.0,0.0,0.0,0.015625,0.015625,0.03125,0.0,0.046875,0.875
10,11,0.015625,0.0,0.0,0.0,0.0,0.0,0.015625,0.015625,0.03125,0.0,0.046875,0.875
10,11,0.0,0.0,0.0,0.0,0.0,0.0,0.015625,0.015625,0.03125,0.0,0.046875,0.890625
10,11,0.0,0.0,0.0,0.0,0.0,0.0,0.015625,0.015625,0.03125,0.0,0.046875,0.890625
10,11,0.0,0.0,0.0,0.0,0.0,0.0,0.015625,0.015625,0.03125,0.0,0.046875,0.890625
10,11,0.0,0.0,0.0,0.0,0.0,0.0,0.015625,0.015625,0.03125,0.0,0.046875,0.890625
10,11,0.0,0.0,0.0,0.0,0.0,0.0,0.015625,0.015625,0.03125,0.0,0.046875,0.890625
10,11,0.0,0.0,0.0,0.0,0.0,0.0,0.015625,0.015625,0.03125,0.0,0.046875,0.890625
10,11,0.0,0.0,0.0,0.0,0.0,0.0,0.015625,0.015625,0.03125,0.0,0.046875,0.890625
10,11,0.0,0.0,0.0,0.0,0.0,0.0,0.015625,0.015625,0.03125,0.0,0.046875,0.890625
10,11,0.0,0.0,0.0,0.0,0.0,0.0,0.015625,0.015625,0.03125,0.0,0.046875,0.890625
10,11,0.0,0.0,0.0,0.0,0.0,0.0,0.015625,0.015625,0.03125,0.0,0.046875,0.890625
10,11,0.0,0.0,0.0,0.0,0.0,0.015625,0.015625,0.015625,0.03125,0.0,0.03125,0.890625
10,11,0.0,0.0,0.0,0.0,0.0,0.015625,0.015625,0.015625,0.03125,0.0,0.03125,0.890625
10,11,0.0,0.0,0.0,0.0,0.0,0.015625,0.015625,0.015625,0.03125,0.0,0.03125,0.890625
10,11,0.0,0.0,0.0,0.0,0.0,0.015625,0.015625,0.015625,0.03125,0.0,0.03125,0.890625
10,11,0.0,0.0,0.0,0.0,0.0,0.015625,0.015625,0.015625,0.03125,0.0,0.03125,0.890625
10,11,0.0,0.0,0.0,0.0,0.0,0.015625,0.015625,0.015625,0.03125,0.0,0.03125,0.890625
10,11,0.0,0.0,0.0,0.0,0.0,0.015625,0.015625,0.015625,0.03125,0.0,0.03125,0.890625
10,11,0.0,0.0,0.0,0.0,0.0,0.015625,0.015625,0.015625,0.03125,0.0,0.03125,0.890625
10,11,0.0,0.0,0.0,0.0,0.0,0.015625,0.015625,0.015625,0.03125,0.0,0.03125,0.890625
10,11,0.0,0.0,0.0,0.0,0.0,0.015625,0.015625,0.015625,0.03125,0.0,0.03125,0.890625
10,11,0.0,0.0,0.0,0.0,0.0,0.015625,0.015625,0.015625,0.03125,0.0,0.03125,0.890625
10,11,0.0,0.0,0.0,0.0,0.0,0.015625,0.015625,0.015625,0.03125,0.0,0.03125,0.890625
10,11,0.0,0.0,0.0,0.0,0.0,0.015625,0.015625,0.015625,0.03125,0.0,0.03125,0.890625
10,11,0.0,0.0,0.0,0.0,0.0,0.015625,0.015625,0.015625,0.03125,0.0,0.03125,0.890625
10,11,0.0,0.0,0.0,0.0,0.0,0.015625,0.015625,0.015625,0.03125,0.0,0.03125,0.890625
10,11,0.0,0.0,0.0,0.0,0.0,0.015625,0.015625,0.015625,0.03125,0.0,0.03125,0.890625
10,11,0.0,0.0,0.0,0.0,0.0,0.015625,0.015625,0.015625,0.03125,0.0,0.03125,0.890625
10,11,0.0,0.0,0.0,0.0,0.0,0.015625,0.015625,0.015625,0.03125,0.0,0.03125,0.890625
10,11,0.0,0.0,0.0,0.0,0.0,0.015625,0.015625,0.015625,0.03125,0.0,0.03125,0.890625
10,11,0.0,0.0,0.0,0.0,0.0,0.015625,0.015625,0.015625,0.03125,0.0,0.03125,0.890625
10,11,0.0,0.0,0.0,0.0,0.0,0.015625,0.015625,0.015625,0.03125,0.0,0.03125,0.890625
10,11,0.0,0.0,0.0,0.0,0.0,0.015625,0.015625,0.015625,0.03125,0.0,0.03125,0.890625
10,11,0.0,0.0,0.0,0.0,0.0,0.015625,0.015625,0.015625,0.03125,0.0,0.03125,0.890625
10,11,0.0,0.0,0.0,0.0,0.0,0.015625,0.015625,0.015625,0.03125,0.0,0.03125,0.890625
10,11,0.0,0.0,0.0,0.0,0.0,0.0,0.015625,0.015625,0.03125,0.0,0.046875,0.890625
10,11,0.0,0.0,0.0,0.0,0.0,0.0,0.015625,0.015625,0.03125,0.0,0.046875,0.890625
10,11,0.0,0.0,0.0,0.0,0.0,0.0,0.015625,0.015625,0.03125,0.0,0.046875,0.890625
10,11,0.0,0.0,0.0,0.0,0.0,0.0,0.015625,0.015625,0.03125,0.0,0.046875,0.890625
10,11,0.0,0.0,0.0,0.0,0.0,0.0,0.015625,0.015625,0.03125,0.0,0.046875,0.890625
10,11,0.0,0.0,0.0,0.0,0.0,0.0,0.015625,0.015625,0.03125,0.0,0.046875,0.890625
10,11,0.0,0.0,0.0,0.0,0.0,0.0,0.015625,0.015625,0.03125,0.0,0.046875,0.890625
10,11,0.0,0.0,0.0,0.0,0.0,0.0,0.015625,0.015625,0.03125,0.0,0.046875,0.890625
10,11,0.0,0.0,0.0,0.0,0.0,0.0,0.015625,0.015625,0.03125,0.0,0.046875,0.890625
10,11,0.0,0.0,0.0,0.0,0.0,0.0,0.015625,0.015625,0.03125,0.0,0.046875,0.890625
10,11,0.0,0.0,0.0,0.0,0.0,0.0,0.015625,0.015625,0.03125,0.0,0.046875,0.890625
10,11,0.0,0.0,0.0,0.0,0.0,0.0,0.015625,0.015625,0.03125,0.0,0.046875,0.890625
10,11,0.0,0.0,0.0,0.0,0.0,0.0,0.0,0.015625,0.03125,0.0,0.046875,0.90625
10,11,0.0,0.0,0.0,0.0,0.0,0.0,0.0,0.015625,0.03125,0.0,0.046875,0.90625
10,11,0.0,0.0,0.0,0.0,0.0,0.0,0.0,0.015625,0.03125,0.0,0.046875,0.90625
10,11,0.0,0.0,0.0,0.0,0.0,0.0,0.0,0.015625,0.03125,0.0,0.046875,0.90625
10,11,0.0,0.0,0.0,0.0,0.0,0.0,0.0,0.015625,0.03125,0.0,0.046875,0.90625
10,11,0.0,0.0,0.0,0.0,0.0,0.0,0.0,0.015625,0.03125,0.0,0.046875,0.90625
10,11,0.0,0.0,0.0,0.0,0.0,0.0,0.0,0.015625,0.03125,0.0,0.046875,0.90625
10,11,0.0,0.0,0.0,0.0,0.0,0.0,0.0,0.015625,0.03125,0.0,0.046875,0.90625
10,11,0.0,0.0,0.0,0.0,0.0,0.0,0.0,0.015625,0.03125,0.0,0.046875,0.90625
10,11,0.0,0.0,0.0,0.0,0.0,0.0,0.0,0.015625,0.03125,0.0,0.046875,0.90625
10,11,0.0,0.0,0.0,0.0,0.0,0.0,0.0,0.015625,0.03125,0.0,0.046875,0.90625
10,11,0.0,0.0,0.0,0.0,0.0,0.0,0.0,0.015625,0.03125,0.0,0.046875,0.90625
10,11,0.0,0.0,0.0,0.0,0.0,0.0,0.0,0.015625,0.03125,0.0,0.046875,0.90625
10,11,0.0,0.0,0.0,0.0,0.0,0.0,0.0,0.015625,0.03125,0.0,0.046875,0.90625
10,11,0.0,0.0,0.0,0.0,0.0,0.0,0.0,0.015625,0.03125,0.0,0.046875,0.90625
10,11,0.0,0.0,0.0,0.0,0.0,0.0,0.0,0.015625,0.03125,0.0,0.046875,0.90625
10,11,0.0,0.0,0.0,0.0,0.0,0.0,0.0,0.015625,0.03125,0.0,0.046875,0.90625
10,11,0.0,0.0,0.0,0.0,0.0,0.0,0.0,0.015625,0.03125,0.0,0.046875,0.90625
10,11,0.0,0.0,0.0,0.0,0.0,0.0,0.0,0.015625,0.015625,0.0,0.046875,0.921875
10,11,0.0,0.0,0.0,0.0,0.0,0.0,0.0,0.015625,0.015625,0.0,0.046875,0.921875
10,11,0.0,0.0,0.0,0.0,0.0,0.0,0.0,0.015625,0.015625,0.0,0.046875,0.921875
10,11,0.0,0.0,0.0,0.0,0.0,0.0,0.0,0.015625,0.015625,0.0,0.046875,0.921875
10,11,0.0,0.0,0.0,0.0,0.0,0.0,0.0,0.015625,0.015625,0.0,0.046875,0.921875
10,11,0.0,0.0,0.0,0.0,0.0,0.0,0.0,0.015625,0.015625,0.0,0.046875,0.921875
10,11,0.0,0.0,0.0,0.0,0.0,0.015625,0.0,0.015625,0.015625,0.0,0.03125,0.921875
10,11,0.0,0.0,0.0,0.0,0.0,0.015625,0.0,0.015625,0.015625,0.0,0.03125,0.921875
10,11,0.0,0.0,0.0,0.0,0.0,0.015625,0.0,0.015625,0.015625,0.0,0.03125,0.921875
10,11,0.0,0.0,0.0,0.0,0.0,0.015625,0.0,0.015625,0.015625,0.0,0.03125,0.921875
10,11,0.0,0.0,0.0,0.0,0.0,0.015625,0.0,0.015625,0.015625,0.0,0.0,0.953125
10,11,0.0,0.0,0.0,0.0,0.0,0.015625,0.0,0.015625,0.015625,0.0,0.0,0.953125
10,11,0.0,0.0,0.0,0.0,0.0,0.015625,0.0,0.015625,0.015625,0.0,0.0,0.953125
10,11,0.0,0.0,0.0,0.0,0.0,0.015625,0.0,0.015625,0.015625,0.0,0.0,0.953125
10,11,0.0,0.0,0.0,0.0,0.0,0.015625,0.0,0.015625,0.015625,0.0,0.0,0.953125
10,11,0.0,0.0,0.0,0.0,0.0,0.015625,0.0,0.015625,0.015625,0.0,0.0,0.953125
10,11,0.0,0.0,0.0,0.0,0.0,0.015625,0.0,0.015625,0.015625,0.0,0.0,0.953125
10,11,0.0,0.0,0.0,0.0,0.0,0.015625,0.0,0.015625,0.015625,0.0,0.0,0.953125
10,11,0.0,0.0,0.0,0.0,0.0,0.0,0.0,0.015625,0.0,0.0,0.0,0.984375
10,11,0.0,0.0,0.0,0.0,0.0,0.0,0.0,0.015625,0.0,0.0,0.0,0.984375
10,11,0.0,0.0,0.0,0.0,0.0,0.0,0.0,0.015625,0.0,0.0,0.0,0.984375
10,11,0.0,0.0,0.0,0.0,0.0,0.0,0.0,0.015625,0.0,0.0,0.0,0.984375
10,11,0.0,0.0,0.0,0.0,0.0,0.0,0.0,0.015625,0.0,0.0,0.0,0.984375
10,11,0.0,0.0,0.0,0.0,0.0,0.0,0.0,0.015625,0.0,0.0,0.0,0.984375
10,11,0.0,0.0,0.0,0.0,0.0,0.0,0.0,0.015625,0.0,0.0,0.0,0.984375
10,11,0.0,0.0,0.0,0.0,0.0,0.0,0.0,0.015625,0.0,0.0,0.0,0.984375
10,11,0.0,0.0,0.0,0.0,0.0,0.0,0.0,0.015625,0.0,0.0,0.0,0.984375
10,11,0.0,0.0,0.0,0.0,0.0,0.0,0.0,0.015625,0.0,0.0,0.0,0.984375
10,11,0.0,0.0,0.0,0.0,0.0,0.0,0.0,0.015625,0.0,0.0,0.0,0.984375
10,11,0.0,0.0,0.0,0.0,0.0,0.0,0.0,0.015625,0.0,0.0,0.0,0.984375
10,11,0.0,0.0,0.0,0.0,0.0,0.0,0.0,0.015625,0.0,0.0,0.015625,0.96875
10,11,0.0,0.0,0.0,0.0,0.0,0.0,0.0,0.015625,0.0,0.0,0.015625,0.96875
10,11,0.0,0.0,0.0,0.0,0.0,0.0,0.0,0.015625,0.0,0.0,0.015625,0.96875
10,11,0.0,0.0,0.0,0.0,0.0,0.0,0.0,0.015625,0.0,0.0,0.015625,0.96875
10,11,0.0,0.0,0.0,0.0,0.0,0.0,0.0,0.015625,0.0,0.0,0.015625,0.96875
10,11,0.0,0.0,0.0,0.0,0.0,0.0,0.0,0.015625,0.0,0.0,0.015625,0.96875
10,11,0.0,0.0,0.0,0.0,0.0,0.0,0.0,0.015625,0.0,0.0,0.015625,0.96875
10,11,0.0,0.0,0.0,0.0,0.0,0.0,0.0,0.015625,0.0,0.0,0.015625,0.96875
10,11,0.0,0.0,0.0,0.0,0.0,0.0,0.0,0.015625,0.0,0.0,0.015625,0.96875
10,11,0.0,0.0,0.0,0.0,0.0,0.0,0.0,0.015625,0.0,0.0,0.015625,0.96875
10,11,0.0,0.0,0.0,0.0,0.0,0.0,0.0,0.015625,0.0,0.0,0.015625,0.96875
10,11,0.0,0.0,0.0,0.0,0.0,0.0,0.0,0.015625,0.0,0.0,0.015625,0.96875
10,11,0.0,0.0,0.0,0.0,0.0,0.0,0.0,0.015625,0.0,0.0,0.015625,0.96875
10,11,0.0,0.0,0.0,0.0,0.0,0.0,0.0,0.015625,0.0,0.0,0.015625,0.96875
10,11,0.0,0.0,0.0,0.0,0.0,0.0,0.0,0.015625,0.0,0.0,0.015625,0.96875
10,11,0.0,0.0,0.0,0.0,0.0,0.0,0.0,0.015625,0.0,0.0,0.015625,0.96875
10,11,0.0,0.0,0.0,0.0,0.0,0.0,0.0,0.015625,0.0,0.0,0.015625,0.96875
10,11,0.0,0.0,0.0,0.0,0.0,0.0,0.0,0.015625,0.0,0.0,0.015625,0.96875
10,11,0.0,0.0,0.0,0.0,0.0,0.0,0.0,0.015625,0.0,0.0,0.015625,0.96875
10,11,0.0,0.0,0.0,0.0,0.0,0.0,0.0,0.015625,0.0,0.0,0.015625,0.96875
10,11,0.0,0.0,0.0,0.0,0.0,0.0,0.0,0.015625,0.0,0.0,0.015625,0.96875
10,11,0.0,0.0,0.0,0.0,0.0,0.0,0.0,0.015625,0.0,0.0,0.015625,0.96875
10,11,0.0,0.0,0.0,0.0,0.0,0.0,0.0,0.015625,0.0,0.0,0.015625,0.96875
10,11,0.0,0.0,0.0,0.0,0.0,0.0,0.0,0.015625,0.0,0.0,0.015625,0.96875
10,11,0.0,0.0,0.0,0.0,0.0,0.0,0.0,0.015625,0.0,0.0,0.015625,0.96875
10,11,0.0,0.0,0.0,0.0,0.0,0.0,0.0,0.015625,0.0,0.0,0.015625,0.96875
10,11,0.0,0.0,0.0,0.0,0.0,0.0,0.0,0.015625,0.0,0.0,0.015625,0.96875
10,11,0.0,0.0,0.0,0.0,0.0,0.0,0.0,0.015625,0.0,0.0,0.015625,0.96875
10,11,0.0,0.0,0.0,0.0,0.0,0.0,0.0,0.015625,0.0,0.0,0.015625,0.96875
10,11,0.0,0.0,0.0,0.0,0.0,0.0,0.0,0.015625,0.0,0.0,0.015625,0.96875
10,11,0.0,0.0,0.0,0.0,0.0,0.0,0.0,0.015625,0.0,0.0,0.015625,0.96875
10,11,0.0,0.0,0.0,0.0,0.0,0.0,0.0,0.015625,0.0,0.0,0.015625,0.96875
10,11,0.0,0.0,0.0,0.0,0.0,0.0,0.0,0.015625,0.0,0.0,0.015625,0.96875
10,11,0.0,0.0,0.0,0.0,0.0,0.0,0.0,0.015625,0.0,0.0,0.015625,0.96875
10,11,0.0,0.0,0.0,0.0,0.0,0.0,0.0,0.015625,0.0,0.0,0.015625,0.96875
10,11,0.0,0.0,0.0,0.0,0.0,0.0,0.0,0.015625,0.0,0.0,0.015625,0.96875
10,11,0.0,0.0,0.0,0.0,0.0,0.0,0.0,0.015625,0.0,0.0,0.015625,0.96875
10,11,0.0,0.0,0.0,0.0,0.0,0.0,0.0,0.015625,0.0,0.0,0.015625,0.96875
10,11,0.0,0.0,0.0,0.0,0.0,0.0,0.0,0.015625,0.0,0.0,0.015625,0.96875
10,11,0.0,0.0,0.0,0.0,0.0,0.0,0.0,0.015625,0.0,0.0,0.015625,0.96875
10,11,0.0,0.0,0.0,0.0,0.0,0.0,0.0,0.015625,0.0,0.0,0.015625,0.96875
10,11,0.0,0.0,0.0,0.0,0.0,0.0,0.0,0.015625,0.0,0.0,0.015625,0.96875
10,11,0.0,0.0,0.0,0.0,0.0,0.0,0.0,0.015625,0.0,0.0,0.015625,0.96875
10,11,0.0,0.0,0.0,0.0,0.0,0.0,0.0,0.015625,0.0,0.0,0.015625,0.96875
10,11,0.0,0.0,0.0,0.0,0.0,0.0,0.0,0.015625,0.0,0.0,0.03125,0.953125
10,11,0.0,0.0,0.0,0.0,0.0,0.0,0.0,0.015625,0.0,0.0,0.03125,0.953125
10,11,0.0,0.0,0.0,0.0,0.0,0.0,0.0,0.015625,0.0,0.0,0.03125,0.953125
10,11,0.0,0.0,0.0,0.0,0.0,0.0,0.0,0.015625,0.0,0.0,0.03125,0.953125
10,11,0.0,0.0,0.0,0.0,0.0,0.0,0.0,0.015625,0.0,0.0,0.03125,0.953125
10,11,0.0,0.0,0.0,0.0,0.0,0.0,0.0,0.015625,0.0,0.0,0.03125,0.953125
10,11,0.0,0.0,0.0,0.0,0.0,0.0,0.0,0.015625,0.0,0.0,0.03125,0.953125
10,11,0.0,0.0,0.0,0.0,0.0,0.0,0.0,0.015625,0.0,0.0,0.03125,0.953125
10,11,0.0,0.0,0.0,0.0,0.0,0.0,0.0,0.015625,0.0,0.0,0.03125,0.953125
10,11,0.0,0.0,0.0,0.0,0.0,0.0,0.0,0.015625,0.0,0.0,0.03125,0.953125
10,11,0.0,0.0,0.0,0.0,0.0,0.0,0.0,0.015625,0.0,0.0,0.03125,0.953125
10,11,0.0,0.0,0.0,0.0,0.0,0.0,0.0,0.015625,0.0,0.0,0.03125,0.953125
10,11,0.0,0.0,0.0,0.0,0.0,0.0,0.0,0.015625,0.0,0.0,0.03125,0.953125
10,11,0.0,0.0,0.0,0.0,0.0,0.0,0.0,0.015625,0.0,0.0,0.03125,0.953125
10,11,0.0,0.0,0.0,0.0,0.0,0.0,0.0,0.015625,0.0,0.0,0.03125,0.953125
10,11,0.0,0.0,0.0,0.0,0.0,0.0,0.0,0.015625,0.0,0.0,0.03125,0.953125
10,11,0.0,0.0,0.0,0.0,0.0,0.0,0.0,0.015625,0.0,0.0,0.03125,0.953125
10,11,0.0,0.0,0.0,0.0,0.0,0.0,0.0,0.015625,0.0,0.0,0.03125,0.953125
10,11,0.0,0.0,0.0,0.0,0.0,0.0,0.0,0.015625,0.0,0.0,0.03125,0.953125
10,11,0.0,0.0,0.0,0.0,0.0,0.0,0.0,0.015625,0.0,0.0,0.03125,0.953125
10,11,0.0,0.0,0.0,0.0,0.0,0.0,0.0,0.015625,0.0,0.0,0.03125,0.953125
10,11,0.0,0.0,0.0,0.0,0.0,0.0,0.0,0.015625,0.0,0.0,0.03125,0.953125
10,11,0.0,0.0,0.0,0.0,0.0,0.0,0.0,0.015625,0.0,0.0,0.03125,0.953125
10,11,0.0,0.0,0.0,0.0,0.0,0.0,0.0,0.015625,0.0,0.0,0.03125,0.953125
10,11,0.0,0.0,0.0,0.0,0.0,0.0,0.0,0.015625,0.0,0.0,0.03125,0.953125
10,11,0.0,0.0,0.0,0.0,0.0,0.0,0.0,0.015625,0.0,0.0,0.03125,0.953125
10,11,0.0,0.0,0.0,0.0,0.0,0.0,0.0,0.015625,0.0,0.0,0.03125,0.953125
10,11,0.0,0.0,0.0,0.0,0.0,0.0,0.0,0.015625,0.0,0.0,0.03125,0.953125
10,11,0.0,0.0,0.0,0.0,0.0,0.0,0.0,0.015625,0.0,0.0,0.03125,0.953125
10,11,0.0,0.0,0.0,0.0,0.0,0.0,0.0,0.015625,0.0,0.0,0.03125,0.953125
10,11,0.0,0.0,0.0,0.0,0.0,0.0,0.0,0.015625,0.0,0.0,0.03125,0.953125
10,11,0.0,0.0,0.0,0.0,0.0,0.0,0.0,0.015625,0.0,0.0,0.03125,0.953125
10,11,0.0,0.0,0.0,0.0,0.0,0.0,0.0,0.015625,0.0,0.0,0.03125,0.953125
10,11,0.0,0.0,0.0,0.0,0.0,0.0,0.0,0.015625,0.0,0.0,0.03125,0.953125
10,11,0.0,0.0,0.0,0.0,0.0,0.0,0.0,0.015625,0.0,0.0,0.03125,0.953125
10,11,0.0,0.0,0.0,0.0,0.0,0.0,0.0,0.015625,0.0,0.0,0.03125,0.953125
10,11,0.0,0.0,0.0,0.0,0.0,0.0,0.0,0.015625,0.0,0.0,0.03125,0.953125
10,11,0.0,0.0,0.0,0.0,0.0,0.0,0.0,0.015625,0.0,0.0,0.03125,0.953125
10,11,0.0,0.0,0.0,0.0,0.0,0.0,0.0,0.015625,0.0,0.0,0.03125,0.953125
10,11,0.0,0.0,0.0,0.0,0.0,0.0,0.0,0.015625,0.0,0.0,0.03125,0.953125
10,11,0.0,0.0,0.0,0.0,0.0,0.015625,0.0,0.015625,0.0,0.0,0.03125,0.9375
10,11,0.0,0.0,0.0,0.0,0.0,0.015625,0.0,0.015625,0.0,0.0,0.03125,0.9375
10,11,0.0,0.0,0.0,0.0,0.0,0.015625,0.0,0.015625,0.0,0.0,0.03125,0.9375
10,11,0.0,0.0,0.0,0.0,0.0,0.015625,0.0,0.015625,0.0,0.0,0.03125,0.9375
10,11,0.0,0.0,0.0,0.0,0.0,0.015625,0.0,0.015625,0.0,0.0,0.03125,0.9375
10,11,0.0,0.0,0.0,0.0,0.0,0.015625,0.0,0.015625,0.0,0.0,0.03125,0.9375
10,11,0.0,0.0,0.0,0.0,0.0,0.015625,0.0,0.015625,0.0,0.0,0.03125,0.9375
10,11,0.0,0.0,0.0,0.0,0.0,0.015625,0.0,0.015625,0.0,0.0,0.03125,0.9375
10,11,0.0,0.0,0.0,0.0,0.0,0.015625,0.0,0.015625,0.0,0.0,0.03125,0.9375
10,11,0.0,0.0,0.0,0.0,0.0,0.015625,0.0,0.015625,0.0,0.0,0.03125,0.9375
10,11,0.0,0.0,0.0,0.0,0.0,0.015625,0.0,0.015625,0.0,0.0,0.03125,0.9375
10,11,0.0,0.0,0.0,0.0,0.0,0.015625,0.0,0.015625,0.0,0.0,0.03125,0.9375
10,11,0.0,0.0,0.0,0.0,0.0,0.0,0.0,0.015625,0.0,0.0,0.03125,0.953125
10,11,0.0,0.0,0.0,0.0,0.0,0.0,0.0,0.015625,0.0,0.0,0.03125,0.953125
10,11,0.0,0.0,0.0,0.0,0.0,0.0,0.0,0.015625,0.0,0.0,0.03125,0.953125
10,11,0.0,0.0,0.0,0.0,0.0,0.0,0.0,0.015625,0.0,0.0,0.03125,0.953125
10,11,0.0,0.0,0.0,0.0,0.0,0.0,0.0,0.015625,0.0,0.0,0.046875,0.9375
10,11,0.0,0.0,0.0,0.0,0.0,0.0,0.0,0.015625,0.0,0.0,0.046875,0.9375
10,11,0.0,0.0,0.0,0.0,0.0,0.0,0.0,0.015625,0.0,0.0,0.046875,0.9375
10,11,0.0,0.0,0.0,0.0,0.0,0.0,0.0,0.015625,0.0,0.0,0.046875,0.9375
10,11,0.0,0.0,0.0,0.0,0.0,0.0,0.0,0.015625,0.0,0.0,0.046875,0.9375
10,11,0.0,0.0,0.0,0.0,0.0,0.0,0.0,0.015625,0.0,0.0,0.046875,0.9375
10,11,0.0,0.0,0.0,0.0,0.0,0.0,0.0,0.015625,0.0,0.0,0.046875,0.9375
10,11,0.0,0.0,0.0,0.0,0.0,0.0,0.0,0.015625,0.0,0.0,0.046875,0.9375
10,11,0.0,0.0,0.0,0.0,0.0,0.0,0.0,0.015625,0.0,0.0,0.046875,0.9375
10,11,0.0,0.0,0.0,0.0,0.0,0.0,0.0,0.015625,0.0,0.0,0.046875,0.9375
10,11,0.0,0.0,0.0,0.0,0.0,0.0,0.0,0.015625,0.0,0.0,0.046875,0.9375
10,11,0.0,0.0,0.0,0.0,0.0,0.0,0.0,0.015625,0.0,0.0,0.046875,0.9375
10,11,0.0,0.0,0.0,0.0,0.0,0.0,0.0,0.015625,0.0,0.0,0.046875,0.9375
10,11,0.0,0.0,0.0,0.0,0.0,0.0,0.0,0.015625,0.0,0.0,0.046875,0.9375
10,11,0.0,0.0,0.0,0.0,0.0,0.0,0.0,0.015625,0.0,0.0,0.046875,0.9375
10,11,0.0,0.0,0.0,0.0,0.0,0.0,0.0,0.015625,0.0,0.0,0.046875,0.9375
10,11,0.0,0.0,0.0,0.0,0.0,0.0,0.0,0.015625,0.0,0.0,0.046875,0.9375
10,11,0.0,0.0,0.0,0.0,0.0,0.0,0.0,0.015625,0.0,0.0,0.046875,0.9375
10,11,0.0,0.0,0.0,0.0,0.0,0.0,0.0,0.015625,0.0,0.0,0.046875,0.9375
10,11,0.0,0.0,0.0,0.0,0.0,0.0,0.0,0.015625,0.0,0.0,0.046875,0.9375
10,11,0.0,0.0,0.0,0.0,0.0,0.015625,0.0,0.015625,0.0,0.0,0.046875,0.921875
10,11,0.0,0.0,0.0,0.0,0.0,0.015625,0.0,0.015625,0.0,0.0,0.046875,0.921875
10,11,0.0,0.0,0.0,0.0,0.0,0.015625,0.0,0.015625,0.0,0.0,0.046875,0.921875
10,11,0.0,0.0,0.0,0.0,0.0,0.015625,0.0,0.015625,0.0,0.0,0.046875,0.921875
10,11,0.0,0.0,0.0,0.0,0.0,0.015625,0.0,0.015625,0.0,0.0,0.046875,0.921875
10,11,0.0,0.0,0.0,0.0,0.0,0.015625,0.0,0.015625,0.0,0.0,0.046875,0.921875
10,11,0.0,0.0,0.0,0.0,0.0,0.015625,0.0,0.015625,0.0,0.0,0.046875,0.921875
10,11,0.0,0.0,0.0,0.0,0.0,0.015625,0.0,0.015625,0.0,0.0,0.046875,0.921875
10,11,0.0,0.0,0.0,0.0,0.0,0.015625,0.0,0.015625,0.0,0.0,0.046875,0.921875
10,11,0.0,0.0,0.0,0.0,0.0,0.015625,0.0,0.015625,0.0,0.0,0.046875,0.921875
10,11,0.0,0.0,0.0,0.0,0.0,0.015625,0.0,0.015625,0.0,0.0,0.046875,0.921875
10,11,0.0,0.0,0.0,0.0,0.0,0.015625,0.0,0.015625,0.0,0.0,0.046875,0.921875
10,11,0.0,0.0,0.0,0.0,0.0,0.0,0.0,0.015625,0.0,0.0,0.046875,0.9375
10,11,0.0,0.0,0.0,0.0,0.0,0.0,0.0,0.015625,0.0,0.0,0.046875,0.9375
10,11,0.0,0.0,0.0,0.0,0.0,0.0,0.0,0.015625,0.0,0.0,0.046875,0.9375
10,11,0.0,0.0,0.0,0.0,0.0,0.0,0.0,0.015625,0.0,0.0,0.046875,0.9375
10,11,0.0,0.0,0.0,0.0,0.0,0.0,0.0,0.015625,0.0,0.0,0.046875,0.9375
10,11,0.0,0.0,0.0,0.0,0.0,0.0,0.0,0.015625,0.0,0.0,0.046875,0.9375
10,11,0.0,0.0,0.0,0.0,0.0,0.0,0.0,0.015625,0.0,0.0,0.046875,0.9375
10,11,0.0,0.0,0.0,0.0,0.0,0.0,0.0,0.015625,0.0,0.0,0.046875,0.9375
10,11,0.0,0.0,0.0,0.0,0.0,0.0,0.0,0.015625,0.0,0.0,0.046875,0.9375
10,11,0.0,0.0,0.0,0.0,0.0,0.0,0.0,0.015625,0.0,0.0,0.046875,0.9375
10,11,0.0,0.0,0.0,0.0,0.0,0.0,0.0,0.015625,0.0,0.0,0.046875,0.9375
10,11,0.0,0.0,0.0,0.0,0.0,0.0,0.0,0.015625,0.0,0.0,0.046875,0.9375
10,11,0.0,0.0,0.0,0.0,0.0,0.0,0.0,0.015625,0.0,0.0,0.046875,0.9375
10,11,0.0,0.0,0.0,0.0,0.0,0.0,0.0,0.015625,0.0,0.0,0.046875,0.9375
10,11,0.0,0.0,0.0,0.0,0.0,0.0,0.0,0.015625,0.0,0.0,0.046875,0.9375
10,11,0.0,0.0,0.0,0.0,0.0,0.0,0.0,0.015625,0.0,0.0,0.046875,0.9375
10,11,0.0,0.0,0.0,0.0,0.0,0.0,0.0,0.015625,0.0,0.0,0.0625,0.921875
10,11,0.0,0.0,0.0,0.0,0.0,0.0,0.0,0.015625,0.0,0.0,0.0625,0.921875
10,11,0.0,0.0,0.0,0.0,0.0,0.0,0.0,0.015625,0.0,0.0,0.0625,0.921875
10,11,0.0,0.0,0.0,0.0,0.0,0.0,0.0,0.015625,0.0,0.0,0.0625,0.921875
10,11,0.0,0.0,0.0,0.0,0.0,0.0,0.0,0.015625,0.0,0.0,0.0625,0.921875
10,11,0.0,0.0,0.0,0.0,0.0,0.0,0.0,0.015625,0.0,0.0,0.0625,0.921875
10,11,0.0,0.0,0.0,0.0,0.0,0.0,0.0,0.015625,0.0,0.0,0.0625,0.921875
10,11,0.0,0.0,0.0,0.0,0.0,0.0,0.0,0.015625,0.0,0.0,0.0625,0.921875
10,11,0.0,0.0,0.0,0.0,0.0,0.0,0.0,0.015625,0.0,0.0,0.0625,0.921875
10,11,0.0,0.0,0.0,0.0,0.0,0.0,0.0,0.015625,0.0,0.0,0.0625,0.921875
10,11,0.0,0.0,0.0,0.0,0.0,0.0,0.0,0.015625,0.0,0.0,0.0625,0.921875
10,11,0.0,0.0,0.0,0.0,0.0,0.0,0.0,0.015625,0.0,0.0,0.0625,0.921875
10,11,0.0,0.0,0.0,0.0,0.0,0.0,0.0,0.015625,0.0,0.0,0.0625,0.921875
10,11,0.0,0.0,0.0,0.0,0.0,0.0,0.0,0.015625,0.0,0.0,0.0625,0.921875
10,11,0.0,0.0,0.0,0.0,0.0,0.0,0.0,0.015625,0.0,0.0,0.0625,0.921875
10,11,0.0,0.0,0.0,0.0,0.0,0.0,0.0,0.015625,0.0,0.0,0.0625,0.921875
10,11,0.0,0.0,0.0,0.0,0.0,0.0,0.0,0.015625,0.0,0.0,0.0625,0.921875
10,11,0.0,0.0,0.0,0.0,0.0,0.0,0.0,0.015625,0.0,0.0,0.0625,0.921875
10,11,0.0,0.0,0.0,0.0,0.0,0.0,0.0,0.015625,0.0,0.0,0.0625,0.921875
10,11,0.0,0.0,0.0,0.0,0.0,0.0,0.0,0.015625,0.0,0.0,0.0625,0.921875
10,11,0.0,0.0,0.0,0.0,0.0,0.0,0.0,0.015625,0.0,0.0,0.0625,0.921875
10,11,0.0,0.0,0.0,0.0,0.0,0.0,0.0,0.015625,0.0,0.0,0.0625,0.921875
10,11,0.0,0.0,0.0,0.0,0.0,0.0,0.0,0.015625,0.0,0.0,0.0625,0.921875
10,11,0.0,0.0,0.0,0.0,0.0,0.0,0.0,0.015625,0.0,0.0,0.0625,0.921875
10,11,0.0,0.0,0.0,0.0,0.0,0.0,0.0,0.0,0.0,0.0,0.0625,0.9375
10,11,0.0,0.0,0.0,0.0,0.0,0.0,0.0,0.0,0.0,0.0,0.0625,0.9375
10,11,0.0,0.0,0.0,0.0,0.0,0.0,0.0,0.0,0.0,0.0,0.0625,0.9375
10,11,0.0,0.0,0.0,0.0,0.0,0.0,0.0,0.0,0.0,0.0,0.0625,0.9375
10,11,0.0,0.0,0.0,0.0,0.0,0.0,0.0,0.0,0.0,0.0,0.0625,0.9375
10,11,0.0,0.0,0.0,0.0,0.0,0.0,0.0,0.0,0.0,0.0,0.0625,0.9375
10,11,0.0,0.0,0.0,0.0,0.0,0.0,0.0,0.0,0.0,0.0,0.0625,0.9375
10,11,0.0,0.0,0.0,0.0,0.0,0.0,0.0,0.0,0.0,0.0,0.0625,0.9375
10,11,0.0,0.0,0.0,0.0,0.0,0.0,0.0,0.0,0.0,0.0,0.0625,0.9375
10,11,0.0,0.0,0.0,0.0,0.0,0.0,0.0,0.0,0.0,0.0,0.0625,0.9375
10,11,0.0,0.0,0.0,0.0,0.0,0.0,0.0,0.0,0.0,0.0,0.0625,0.9375
10,11,0.0,0.0,0.0,0.0,0.0,0.0,0.0,0.0,0.0,0.0,0.0625,0.9375
10,11,0.0,0.0,0.0,0.0,0.0,0.0,0.0,0.0,0.0,0.0,0.0625,0.9375
10,11,0.0,0.0,0.0,0.0,0.0,0.0,0.0,0.0,0.0,0.0,0.0625,0.9375
10,11,0.0,0.0,0.0,0.0,0.0,0.0,0.0,0.0,0.0,0.0,0.0625,0.9375
10,11,0.0,0.0,0.0,0.0,0.0,0.0,0.0,0.0,0.0,0.0,0.0625,0.9375
10,11,0.0,0.0,0.0,0.0,0.0,0.0,0.0,0.0,0.0,0.0,0.0625,0.9375
10,11,0.0,0.0,0.0,0.0,0.0,0.0,0.0,0.0,0.0,0.0,0.0625,0.9375
10,11,0.0,0.0,0.0,0.0,0.0,0.0,0.0,0.0,0.0,0.0,0.0625,0.9375
10,11,0.0,0.0,0.0,0.0,0.0,0.0,0.0,0.0,0.0,0.0,0.0625,0.9375
10,11,0.0,0.0,0.0,0.0,0.0,0.0,0.0,0.0,0.0,0.0,0.0625,0.9375
10,11,0.0,0.0,0.0,0.0,0.0,0.0,0.0,0.0,0.0,0.0,0.0625,0.9375
10,11,0.0,0.0,0.0,0.0,0.0,0.0,0.0,0.0,0.0,0.0,0.0625,0.9375
10,11,0.0,0.0,0.0,0.0,0.0,0.0,0.0,0.0,0.0,0.0,0.0625,0.9375
10,11,0.0,0.0,0.0,0.0,0.0,0.0,0.0,0.0,0.0,0.0,0.0625,0.9375
10,11,0.0,0.0,0.0,0.0,0.0,0.0,0.0,0.0,0.0,0.0,0.0625,0.9375
10,11,0.0,0.0,0.0,0.0,0.0,0.0,0.0,0.0,0.0,0.0,0.0625,0.9375
10,11,0.0,0.0,0.0,0.0,0.0,0.0,0.0,0.0,0.0,0.0,0.0625,0.9375
10,11,0.0,0.0,0.0,0.0,0.0,0.0,0.0,0.0,0.0,0.0,0.0625,0.9375
10,11,0.0,0.0,0.0,0.0,0.0,0.0,0.0,0.0,0.0,0.0,0.0625,0.9375
10,11,0.0,0.0,0.0,0.0,0.0,0.0,0.0,0.0,0.0,0.0,0.0625,0.9375
10,11,0.0,0.0,0.0,0.0,0.0,0.0,0.0,0.0,0.0,0.0,0.0625,0.9375
10,11,0.0,0.0,0.0,0.0,0.0,0.0,0.0,0.0,0.0,0.0,0.0625,0.9375
10,11,0.0,0.0,0.0,0.0,0.0,0.0,0.0,0.0,0.0,0.0,0.0625,0.9375
10,11,0.0,0.0,0.0,0.0,0.0,0.0,0.0,0.0,0.0,0.0,0.0625,0.9375
10,11,0.0,0.0,0.0,0.0,0.0,0.0,0.0,0.0,0.0,0.0,0.0625,0.9375
10,11,0.0,0.0,0.0,0.0,0.0,0.0,0.0,0.0,0.0,0.0,0.0625,0.9375
10,11,0.0,0.0,0.0,0.0,0.0,0.0,0.0,0.0,0.0,0.0,0.0625,0.9375
10,11,0.0,0.0,0.0,0.0,0.0,0.0,0.0,0.0,0.0,0.0,0.0625,0.9375
10,11,0.0,0.0,0.0,0.0,0.0,0.0,0.0,0.0,0.0,0.0,0.0625,0.9375
10,11,0.0,0.0,0.0,0.0,0.0,0.0,0.0,0.0,0.0,0.0,0.0625,0.9375
10,11,0.0,0.0,0.0,0.0,0.0,0.0,0.0,0.0,0.0,0.0,0.0625,0.9375
10,11,0.0,0.0,0.0,0.0,0.0,0.0,0.0,0.0,0.0,0.0,0.0625,0.9375
10,11,0.0,0.0,0.0,0.0,0.0,0.0,0.0,0.0,0.0,0.0,0.0625,0.9375
10,11,0.0,0.0,0.0,0.0,0.0,0.0,0.0,0.0,0.0,0.0,0.0625,0.9375
10,11,0.0,0.0,0.0,0.0,0.0,0.0,0.0,0.0,0.0,0.0,0.0625,0.9375
10,11,0.0,0.0,0.0,0.0,0.0,0.0,0.0,0.0,0.0,0.0,0.0625,0.9375
10,11,0.0,0.0,0.0,0.0,0.0,0.0,0.0,0.0,0.0,0.0,0.0625,0.9375
10,11,0.0,0.0,0.0,0.0,0.0,0.0,0.0,0.0,0.0,0.0,0.0625,0.9375
10,11,0.0,0.0,0.0,0.0,0.0,0.0,0.0,0.0,0.0,0.0,0.0625,0.9375
10,11,0.0,0.0,0.0,0.0,0.0,0.0,0.0,0.0,0.0,0.0,0.0625,0.9375
10,11,0.0,0.0,0.0,0.0,0.0,0.0,0.0,0.0,0.0,0.0,0.0625,0.9375
10,11,0.0,0.0,0.0,0.0,0.0,0.0,0.0,0.0,0.0,0.0,0.0625,0.9375
10,11,0.0,0.0,0.0,0.0,0.0,0.0,0.0,0.0,0.0,0.0,0.0625,0.9375
10,11,0.0,0.0,0.0,0.0,0.0,0.0,0.0,0.0,0.0,0.0,0.0625,0.9375
10,11,0.0,0.0,0.0,0.0,0.0,0.0,0.0,0.0,0.0,0.0,0.0625,0.9375
10,11,0.0,0.0,0.0,0.0,0.0,0.0,0.0,0.0,0.0,0.0,0.0625,0.9375
10,11,0.0,0.0,0.0,0.0,0.0,0.0,0.0,0.0,0.0,0.0,0.0625,0.9375
10,11,0.0,0.0,0.0,0.0,0.0,0.0,0.0,0.0,0.0,0.0,0.0625,0.9375
10,11,0.0,0.0,0.0,0.0,0.0,0.0,0.0,0.0,0.0,0.0,0.0625,0.9375
10,11,0.0,0.0,0.0,0.0,0.0,0.0,0.0,0.0,0.0,0.0,0.0625,0.9375
10,11,0.0,0.0,0.0,0.0,0.0,0.0,0.0,0.0,0.0,0.0,0.0625,0.9375
10,11,0.0,0.0,0.0,0.0,0.0,0.0,0.0,0.0,0.0,0.0,0.0625,0.9375
10,11,0.0,0.0,0.0,0.0,0.0,0.0,0.0,0.0,0.0,0.0,0.0625,0.9375
10,11,0.0,0.0,0.0,0.0,0.0,0.0,0.0,0.0,0.0,0.0,0.0625,0.9375
10,11,0.0,0.0,0.0,0.0,0.0,0.0,0.0,0.0,0.0,0.0,0.0625,0.9375
10,11,0.0,0.0,0.0,0.0,0.0,0.0,0.0,0.0,0.0,0.0,0.0625,0.9375
10,11,0.0,0.0,0.0,0.0,0.0,0.0,0.0,0.0,0.0,0.0,0.0625,0.9375
10,11,0.0,0.0,0.0,0.0,0.0,0.0,0.0,0.0,0.0,0.0,0.0625,0.9375
10,11,0.0,0.0,0.0,0.0,0.0,0.0,0.0,0.0,0.0,0.0,0.0625,0.9375
10,11,0.0,0.0,0.0,0.0,0.0,0.0,0.0,0.0,0.0,0.0,0.0625,0.9375
10,11,0.0,0.0,0.0,0.0,0.0,0.0,0.0,0.0,0.0,0.0,0.0625,0.9375
10,11,0.0,0.0,0.0,0.0,0.0,0.0,0.0,0.0,0.0,0.0,0.0625,0.9375
10,11,0.0,0.0,0.0,0.0,0.0,0.0,0.0,0.0,0.0,0.0,0.0625,0.9375
10,11,0.0,0.0,0.0,0.0,0.0,0.0,0.0,0.0,0.0,0.0,0.0625,0.9375
10,11,0.0,0.0,0.0,0.0,0.0,0.0,0.0,0.0,0.0,0.0,0.0625,0.9375
10,11,0.0,0.0,0.0,0.0,0.0,0.0,0.0,0.0,0.0,0.0,0.0625,0.9375
10,11,0.0,0.0,0.0,0.0,0.0,0.0,0.0,0.0,0.0,0.0,0.0625,0.9375
10,11,0.0,0.0,0.0,0.0,0.0,0.0,0.0,0.0,0.0,0.0,0.0625,0.9375
10,11,0.0,0.0,0.0,0.0,0.0,0.0,0.0,0.0,0.0,0.0,0.0625,0.9375
10,11,0.0,0.0,0.0,0.0,0.0,0.0,0.0,0.0,0.0,0.0,0.0625,0.9375
10,11,0.0,0.0,0.0,0.0,0.0,0.0,0.0,0.0,0.0,0.0,0.0625,0.9375
10,11,0.0,0.0,0.0,0.0,0.0,0.0,0.0,0.0,0.0,0.0,0.0625,0.9375
10,11,0.0,0.0,0.0,0.0,0.0,0.0,0.0,0.0,0.0,0.0,0.0625,0.9375
10,11,0.0,0.0,0.0,0.0,0.0,0.0,0.0,0.0,0.0,0.0,0.0625,0.9375
10,11,0.0,0.0,0.0,0.0,0.0,0.0,0.0,0.0,0.0,0.0,0.0625,0.9375
10,11,0.0,0.0,0.0,0.0,0.0,0.0,0.0,0.0,0.0,0.0,0.0625,0.9375
10,11,0.0,0.0,0.0,0.0,0.0,0.0,0.0,0.0,0.0,0.0,0.0625,0.9375
10,11,0.0,0.0,0.0,0.0,0.0,0.0,0.0,0.0,0.0,0.0,0.0625,0.9375
10,11,0.0,0.0,0.0,0.0,0.0,0.0,0.0,0.0,0.0,0.0,0.0625,0.9375
10,11,0.0,0.0,0.0,0.0,0.0,0.0,0.0,0.0,0.0,0.0,0.0625,0.9375
10,11,0.0,0.0,0.0,0.0,0.0,0.0,0.0,0.0,0.0,0.0,0.0625,0.9375
10,11,0.0,0.0,0.0,0.0,0.0,0.0,0.0,0.0,0.0,0.0,0.0625,0.9375
10,11,0.0,0.0,0.0,0.0,0.0,0.0,0.0,0.0,0.0,0.0,0.0625,0.9375
10,11,0.0,0.0,0.0,0.0,0.0,0.0,0.0,0.0,0.0,0.0,0.0625,0.9375
10,11,0.0,0.0,0.0,0.0,0.0,0.0,0.0,0.0,0.0,0.0,0.0625,0.9375
10,11,0.0,0.0,0.0,0.0,0.0,0.0,0.0,0.0,0.0,0.015625,0.0625,0.921875
10,11,0.0,0.0,0.0,0.0,0.0,0.0,0.0,0.0,0.0,0.015625,0.0625,0.921875
10,11,0.0,0.0,0.0,0.0,0.0,0.0,0.0,0.0,0.0,0.015625,0.0625,0.921875
10,11,0.0,0.0,0.0,0.0,0.0,0.0,0.0,0.0,0.0,0.015625,0.0625,0.921875
10,11,0.0,0.0,0.0,0.0,0.0,0.0,0.0,0.0,0.0,0.015625,0.0625,0.921875
10,11,0.0,0.0,0.0,0.0,0.0,0.0,0.0,0.0,0.0,0.015625,0.0625,0.921875
10,11,0.0,0.0,0.0,0.0,0.0,0.0,0.0,0.0,0.0,0.015625,0.0625,0.921875
10,11,0.0,0.0,0.0,0.0,0.0,0.0,0.0,0.0,0.0,0.015625,0.0625,0.921875
10,11,0.0,0.0,0.0,0.0,0.0,0.0,0.0,0.0,0.0,0.015625,0.0625,0.921875
10,11,0.0,0.0,0.0,0.0,0.0,0.0,0.0,0.0,0.0,0.015625,0.0625,0.921875
10,11,0.0,0.0,0.0,0.0,0.0,0.0,0.0,0.0,0.0,0.015625,0.0625,0.921875
10,11,0.0,0.0,0.0,0.0,0.0,0.0,0.0,0.0,0.0,0.015625,0.0625,0.921875
10,11,0.0,0.0,0.0,0.0,0.0,0.0,0.0,0.0,0.0,0.015625,0.0625,0.921875
10,11,0.0,0.0,0.0,0.0,0.0,0.0,0.0,0.0,0.0,0.015625,0.0625,0.921875
10,11,0.0,0.0,0.0,0.0,0.0,0.0,0.0,0.0,0.0,0.015625,0.0625,0.921875
10,11,0.0,0.0,0.0,0.0,0.0,0.0,0.0,0.0,0.0,0.015625,0.0625,0.921875
10,11,0.0,0.0,0.0,0.0,0.0,0.0,0.0,0.0,0.0,0.015625,0.0625,0.921875
10,11,0.0,0.0,0.0,0.0,0.0,0.0,0.0,0.0,0.0,0.015625,0.0625,0.921875
10,11,0.0,0.0,0.0,0.0,0.0,0.0,0.0,0.0,0.0,0.015625,0.0625,0.921875
10,11,0.0,0.0,0.0,0.0,0.0,0.0,0.0,0.0,0.0,0.015625,0.0625,0.921875
10,11,0.0,0.0,0.0,0.0,0.0,0.0,0.0,0.0,0.0,0.015625,0.0625,0.921875
10,11,0.0,0.0,0.0,0.0,0.0,0.0,0.0,0.0,0.0,0.015625,0.0625,0.921875
10,11,0.0,0.0,0.0,0.0,0.0,0.0,0.0,0.0,0.0,0.015625,0.0625,0.921875
10,11,0.0,0.0,0.0,0.0,0.0,0.0,0.0,0.0,0.0,0.015625,0.0625,0.921875
10,11,0.0,0.0,0.0,0.0,0.0,0.0,0.0,0.0,0.0,0.015625,0.0625,0.921875
10,11,0.0,0.0,0.0,0.0,0.0,0.0,0.0,0.0,0.0,0.015625,0.0625,0.921875
10,11,0.0,0.0,0.0,0.0,0.0,0.0,0.0,0.0,0.0,0.015625,0.0625,0.921875
10,11,0.0,0.0,0.0,0.0,0.0,0.0,0.0,0.0,0.0,0.015625,0.0625,0.921875
10,11,0.0,0.0,0.0,0.0,0.0,0.0,0.0,0.0,0.0,0.015625,0.0625,0.921875
10,11,0.0,0.0,0.0,0.0,0.0,0.0,0.0,0.0,0.0,0.015625,0.0625,0.921875
10,11,0.0,0.0,0.0,0.0,0.0,0.0,0.0,0.0,0.0,0.015625,0.0625,0.921875
10,11,0.0,0.0,0.0,0.0,0.0,0.0,0.0,0.0,0.0,0.015625,0.0625,0.921875
10,11,0.0,0.0,0.0,0.0,0.0,0.0,0.0,0.0,0.0,0.03125,0.03125,0.9375
10,11,0.0,0.0,0.0,0.0,0.0,0.0,0.0,0.0,0.0,0.03125,0.03125,0.9375
10,11,0.0,0.0,0.0,0.0,0.0,0.0,0.0,0.0,0.0,0.03125,0.03125,0.9375
10,11,0.0,0.0,0.0,0.0,0.0,0.0,0.0,0.0,0.0,0.03125,0.03125,0.9375
10,11,0.0,0.0,0.0,0.0,0.0,0.0,0.0,0.0,0.0,0.03125,0.03125,0.9375
10,11,0.0,0.0,0.0,0.0,0.0,0.0,0.0,0.0,0.0,0.03125,0.03125,0.9375
10,11,0.0,0.0,0.0,0.0,0.0,0.0,0.0,0.0,0.0,0.03125,0.03125,0.9375
10,11,0.0,0.0,0.0,0.0,0.0,0.0,0.0,0.0,0.0,0.03125,0.03125,0.9375
10,11,0.0,0.0,0.0,0.0,0.0,0.0,0.0,0.0,0.0,0.03125,0.03125,0.9375
10,11,0.0,0.0,0.0,0.0,0.0,0.0,0.0,0.0,0.0,0.03125,0.03125,0.9375
10,11,0.0,0.0,0.0,0.0,0.0,0.0,0.0,0.0,0.0,0.03125,0.03125,0.9375
10,11,0.0,0.0,0.0,0.0,0.0,0.0,0.0,0.0,0.0,0.03125,0.03125,0.9375
10,11,0.0,0.0,0.0,0.0,0.0,0.0,0.0,0.0,0.0,0.03125,0.03125,0.9375
10,11,0.0,0.0,0.0,0.0,0.0,0.0,0.0,0.0,0.0,0.03125,0.03125,0.9375
10,11,0.0,0.0,0.0,0.0,0.0,0.0,0.0,0.0,0.0,0.03125,0.03125,0.9375
10,11,0.0,0.0,0.0,0.0,0.0,0.0,0.0,0.0,0.0,0.03125,0.03125,0.9375
10,11,0.0,0.0,0.0,0.0,0.0,0.0,0.0,0.0,0.0,0.03125,0.03125,0.9375
10,11,0.0,0.0,0.0,0.0,0.0,0.0,0.0,0.0,0.0,0.03125,0.03125,0.9375
10,11,0.0,0.0,0.0,0.0,0.0,0.0,0.0,0.0,0.0,0.03125,0.03125,0.9375
10,11,0.0,0.0,0.0,0.0,0.0,0.0,0.0,0.0,0.0,0.03125,0.03125,0.9375
10,11,0.0,0.0,0.0,0.0,0.0,0.0,0.0,0.0,0.0,0.03125,0.03125,0.9375
10,11,0.0,0.0,0.0,0.0,0.0,0.0,0.0,0.0,0.0,0.03125,0.03125,0.9375
10,11,0.0,0.0,0.0,0.0,0.0,0.0,0.0,0.0,0.0,0.03125,0.03125,0.9375
10,11,0.0,0.0,0.0,0.0,0.0,0.0,0.0,0.0,0.0,0.03125,0.03125,0.9375
10,11,0.0,0.0,0.0,0.0,0.0,0.0,0.0,0.0,0.0,0.03125,0.03125,0.9375
10,11,0.0,0.0,0.0,0.0,0.0,0.0,0.0,0.0,0.0,0.03125,0.03125,0.9375
10,11,0.0,0.0,0.0,0.0,0.0,0.0,0.0,0.0,0.0,0.03125,0.03125,0.9375
10,11,0.0,0.0,0.0,0.0,0.0,0.0,0.0,0.0,0.0,0.03125,0.03125,0.9375
10,11,0.0,0.0,0.0,0.0,0.0,0.0,0.0,0.0,0.0,0.03125,0.03125,0.9375
10,11,0.0,0.0,0.0,0.0,0.0,0.0,0.0,0.0,0.0,0.03125,0.03125,0.9375
10,11,0.0,0.0,0.0,0.0,0.0,0.0,0.0,0.0,0.0,0.03125,0.03125,0.9375
10,11,0.0,0.0,0.0,0.0,0.0,0.0,0.0,0.0,0.0,0.03125,0.03125,0.9375
10,11,0.0,0.0,0.0,0.0,0.0,0.0,0.0,0.0,0.0,0.03125,0.03125,0.9375
10,11,0.0,0.0,0.0,0.0,0.0,0.0,0.0,0.0,0.0,0.03125,0.03125,0.9375
10,11,0.0,0.0,0.0,0.0,0.0,0.0,0.0,0.0,0.0,0.03125,0.03125,0.9375
10,11,0.0,0.0,0.0,0.0,0.0,0.0,0.0,0.0,0.0,0.03125,0.03125,0.9375
10,11,0.0,0.0,0.0,0.0,0.0,0.0,0.0,0.0,0.0,0.03125,0.03125,0.9375
10,11,0.0,0.0,0.0,0.0,0.0,0.0,0.0,0.0,0.0,0.03125,0.03125,0.9375
10,11,0.0,0.0,0.0,0.0,0.0,0.0,0.0,0.0,0.0,0.03125,0.03125,0.9375
10,11,0.0,0.0,0.0,0.0,0.0,0.0,0.0,0.0,0.0,0.03125,0.03125,0.9375
10,11,0.0,0.0,0.0,0.0,0.0,0.0,0.0,0.0,0.0,0.03125,0.03125,0.9375
10,11,0.0,0.0,0.0,0.0,0.0,0.0,0.0,0.0,0.0,0.03125,0.03125,0.9375
10,11,0.0,0.0,0.0,0.0,0.0,0.0,0.0,0.0,0.0,0.03125,0.03125,0.9375
10,11,0.0,0.0,0.0,0.0,0.0,0.0,0.0,0.0,0.0,0.03125,0.03125,0.9375
10,11,0.0,0.0,0.0,0.0,0.0,0.0,0.0,0.0,0.0,0.03125,0.03125,0.9375
10,11,0.0,0.0,0.0,0.0,0.0,0.0,0.0,0.0,0.0,0.03125,0.03125,0.9375
10,11,0.0,0.0,0.0,0.0,0.0,0.0,0.0,0.0,0.0,0.03125,0.03125,0.9375
10,11,0.0,0.0,0.0,0.0,0.0,0.0,0.0,0.0,0.0,0.03125,0.03125,0.9375
10,11,0.0,0.0,0.0,0.0,0.0,0.0,0.0,0.0,0.0,0.03125,0.03125,0.9375
10,11,0.0,0.0,0.0,0.0,0.0,0.0,0.0,0.0,0.0,0.03125,0.03125,0.9375
10,11,0.0,0.0,0.0,0.0,0.0,0.0,0.0,0.0,0.0,0.03125,0.03125,0.9375
10,11,0.0,0.0,0.0,0.0,0.0,0.0,0.0,0.0,0.0,0.03125,0.03125,0.9375
10,11,0.0,0.0,0.0,0.0,0.0,0.0,0.0,0.0,0.0,0.03125,0.03125,0.9375
10,11,0.0,0.0,0.0,0.0,0.0,0.0,0.0,0.0,0.0,0.03125,0.03125,0.9375
10,11,0.0,0.0,0.0,0.0,0.0,0.0,0.0,0.0,0.0,0.03125,0.03125,0.9375
10,11,0.0,0.0,0.0,0.0,0.0,0.0,0.0,0.0,0.0,0.03125,0.03125,0.9375
10,11,0.0,0.0,0.0,0.0,0.0,0.0,0.0,0.0,0.0,0.03125,0.03125,0.9375
10,11,0.0,0.0,0.0,0.0,0.0,0.0,0.0,0.0,0.0,0.03125,0.03125,0.9375
10,11,0.0,0.0,0.0,0.0,0.0,0.0,0.0,0.0,0.0,0.03125,0.03125,0.9375
10,11,0.0,0.0,0.0,0.0,0.0,0.0,0.0,0.0,0.0,0.03125,0.03125,0.9375
10,11,0.0,0.0,0.0,0.0,0.0,0.0,0.0,0.0,0.0,0.03125,0.015625,0.953125
10,11,0.0,0.0,0.0,0.0,0.0,0.0,0.0,0.0,0.0,0.03125,0.015625,0.953125
10,11,0.0,0.0,0.0,0.0,0.0,0.0,0.0,0.0,0.0,0.03125,0.015625,0.953125
10,11,0.0,0.0,0.0,0.0,0.0,0.0,0.0,0.0,0.0,0.03125,0.015625,0.953125
10,11,0.0,0.0,0.0,0.0,0.0,0.0,0.0,0.0,0.0,0.03125,0.015625,0.953125
10,11,0.0,0.0,0.0,0.0,0.0,0.0,0.0,0.0,0.0,0.03125,0.015625,0.953125
10,11,0.0,0.0,0.0,0.0,0.0,0.0,0.0,0.0,0.0,0.03125,0.015625,0.953125
10,11,0.0,0.0,0.0,0.0,0.0,0.0,0.0,0.0,0.0,0.03125,0.015625,0.953125
10,11,0.0,0.0,0.0,0.0,0.0,0.0,0.0,0.0,0.0,0.03125,0.015625,0.953125
10,11,0.0,0.0,0.0,0.0,0.0,0.0,0.0,0.0,0.0,0.03125,0.015625,0.953125
10,11,0.0,0.0,0.0,0.0,0.0,0.0,0.0,0.0,0.0,0.03125,0.015625,0.953125
10,11,0.0,0.0,0.0,0.0,0.0,0.0,0.0,0.0,0.0,0.03125,0.015625,0.953125
10,11,0.0,0.0,0.0,0.0,0.0,0.0,0.0,0.0,0.0,0.03125,0.015625,0.953125
10,11,0.0,0.0,0.0,0.0,0.0,0.0,0.0,0.0,0.0,0.03125,0.015625,0.953125
10,11,0.0,0.0,0.0,0.0,0.0,0.0,0.0,0.0,0.0,0.03125,0.015625,0.953125
10,11,0.0,0.0,0.0,0.0,0.0,0.0,0.0,0.0,0.0,0.03125,0.015625,0.953125
10,11,0.0,0.0,0.0,0.0,0.0,0.0,0.0,0.0,0.0,0.03125,0.015625,0.953125
10,11,0.0,0.0,0.0,0.0,0.0,0.0,0.0,0.0,0.0,0.03125,0.015625,0.953125
10,11,0.0,0.0,0.0,0.0,0.0,0.0,0.0,0.0,0.0,0.03125,0.015625,0.953125
10,11,0.0,0.0,0.0,0.0,0.0,0.0,0.0,0.0,0.0,0.03125,0.015625,0.953125
10,11,0.0,0.0,0.0,0.0,0.0,0.0,0.0,0.0,0.0,0.03125,0.015625,0.953125
10,11,0.0,0.0,0.0,0.0,0.0,0.0,0.0,0.0,0.0,0.03125,0.015625,0.953125
10,11,0.0,0.0,0.0,0.0,0.0,0.0,0.0,0.0,0.0,0.03125,0.015625,0.953125
10,11,0.0,0.0,0.0,0.0,0.0,0.0,0.0,0.0,0.0,0.03125,0.015625,0.953125
10,11,0.0,0.0,0.0,0.0,0.0,0.0,0.0,0.0,0.0,0.03125,0.015625,0.953125
10,11,0.0,0.0,0.0,0.0,0.0,0.0,0.0,0.0,0.0,0.03125,0.015625,0.953125
10,11,0.0,0.0,0.0,0.0,0.0,0.0,0.0,0.0,0.0,0.03125,0.015625,0.953125
10,11,0.0,0.0,0.0,0.0,0.0,0.0,0.0,0.0,0.0,0.03125,0.015625,0.953125
10,11,0.0,0.0,0.0,0.0,0.0,0.0,0.0,0.0,0.0,0.03125,0.015625,0.953125
10,11,0.0,0.0,0.0,0.0,0.0,0.0,0.0,0.0,0.0,0.03125,0.015625,0.953125
10,11,0.0,0.0,0.0,0.0,0.0,0.0,0.0,0.0,0.0,0.03125,0.015625,0.953125
10,11,0.0,0.0,0.0,0.0,0.0,0.0,0.0,0.0,0.0,0.03125,0.015625,0.953125
10,11,0.0,0.0,0.0,0.0,0.0,0.0,0.0,0.0,0.0,0.03125,0.015625,0.953125
10,11,0.0,0.0,0.0,0.0,0.0,0.0,0.0,0.0,0.0,0.03125,0.015625,0.953125
10,11,0.0,0.0,0.0,0.0,0.0,0.0,0.0,0.0,0.0,0.03125,0.015625,0.953125
10,11,0.0,0.0,0.0,0.0,0.0,0.0,0.0,0.0,0.0,0.03125,0.015625,0.953125
10,11,0.0,0.0,0.0,0.0,0.0,0.0,0.0,0.0,0.0,0.03125,0.015625,0.953125
10,11,0.0,0.0,0.0,0.0,0.0,0.0,0.0,0.0,0.0,0.03125,0.015625,0.953125
10,11,0.0,0.0,0.0,0.0,0.0,0.0,0.0,0.0,0.0,0.03125,0.015625,0.953125
10,11,0.0,0.0,0.0,0.0,0.0,0.0,0.0,0.0,0.0,0.03125,0.015625,0.953125
10,11,0.0,0.0,0.0,0.0,0.0,0.0,0.0,0.0,0.0,0.03125,0.015625,0.953125
10,11,0.0,0.0,0.0,0.0,0.0,0.0,0.0,0.0,0.0,0.03125,0.015625,0.953125
10,11,0.0,0.0,0.0,0.0,0.0,0.0,0.0,0.0,0.0,0.03125,0.015625,0.953125
10,11,0.0,0.0,0.0,0.0,0.0,0.0,0.0,0.0,0.0,0.03125,0.015625,0.953125
10,11,0.0,0.0,0.0,0.0,0.0,0.0,0.0,0.0,0.0,0.03125,0.015625,0.953125
10,11,0.0,0.0,0.0,0.0,0.0,0.0,0.0,0.0,0.0,0.03125,0.015625,0.953125
10,11,0.0,0.0,0.0,0.0,0.0,0.0,0.0,0.0,0.0,0.03125,0.015625,0.953125
10,11,0.0,0.0,0.0,0.0,0.0,0.0,0.0,0.0,0.0,0.03125,0.015625,0.953125
10,11,0.0,0.0,0.0,0.0,0.0,0.0,0.0,0.0,0.0,0.03125,0.015625,0.953125
10,11,0.0,0.0,0.0,0.0,0.0,0.0,0.0,0.0,0.0,0.03125,0.015625,0.953125
10,11,0.0,0.0,0.0,0.0,0.0,0.0,0.0,0.0,0.0,0.03125,0.015625,0.953125
10,11,0.0,0.0,0.0,0.0,0.0,0.0,0.0,0.0,0.0,0.03125,0.015625,0.953125
10,11,0.0,0.0,0.0,0.0,0.0,0.0,0.0,0.0,0.0,0.03125,0.015625,0.953125
10,11,0.0,0.0,0.0,0.0,0.0,0.0,0.0,0.0,0.0,0.03125,0.015625,0.953125
10,11,0.0,0.0,0.0,0.0,0.0,0.0,0.0,0.0,0.0,0.03125,0.015625,0.953125
10,11,0.0,0.0,0.0,0.0,0.0,0.0,0.0,0.0,0.0,0.03125,0.015625,0.953125
10,11,0.0,0.0,0.0,0.0,0.0,0.0,0.0,0.0,0.0,0.03125,0.015625,0.953125
10,11,0.0,0.0,0.0,0.0,0.0,0.0,0.0,0.0,0.0,0.03125,0.015625,0.953125
10,11,0.0,0.0,0.0,0.0,0.0,0.0,0.0,0.0,0.0,0.03125,0.015625,0.953125
10,11,0.0,0.0,0.0,0.0,0.0,0.0,0.0,0.0,0.0,0.03125,0.015625,0.953125
10,11,0.0,0.0,0.0,0.0,0.0,0.0,0.0,0.0,0.0,0.03125,0.015625,0.953125
10,11,0.0,0.0,0.0,0.0,0.0,0.0,0.0,0.0,0.0,0.03125,0.015625,0.953125
10,11,0.0,0.0,0.0,0.0,0.0,0.0,0.0,0.0,0.0,0.03125,0.015625,0.953125
10,11,0.0,0.0,0.0,0.0,0.0,0.0,0.0,0.0,0.0,0.03125,0.015625,0.953125
10,11,0.0,0.0,0.0,0.0,0.0,0.0,0.0,0.0,0.0,0.03125,0.015625,0.953125
10,11,0.0,0.0,0.0,0.0,0.0,0.0,0.0,0.0,0.0,0.03125,0.015625,0.953125
10,11,0.0,0.0,0.0,0.0,0.0,0.0,0.0,0.0,0.0,0.03125,0.015625,0.953125
10,11,0.0,0.0,0.0,0.0,0.0,0.0,0.0,0.0,0.0,0.03125,0.015625,0.953125
10,11,0.0,0.0,0.0,0.0,0.0,0.0,0.0,0.0,0.0,0.03125,0.015625,0.953125
10,11,0.0,0.0,0.0,0.0,0.0,0.0,0.0,0.0,0.0,0.03125,0.015625,0.953125
10,11,0.0,0.0,0.0,0.0,0.0,0.0,0.0,0.0,0.0,0.03125,0.015625,0.953125
10,11,0.0,0.0,0.0,0.0,0.0,0.0,0.0,0.0,0.0,0.03125,0.015625,0.953125
10,11,0.0,0.0,0.0,0.0,0.0,0.0,0.0,0.0,0.0,0.03125,0.015625,0.953125
10,11,0.0,0.0,0.0,0.0,0.0,0.0,0.0,0.0,0.0,0.03125,0.015625,0.953125
10,11,0.0,0.0,0.0,0.0,0.0,0.0,0.0,0.0,0.0,0.03125,0.015625,0.953125
10,11,0.0,0.0,0.0,0.0,0.0,0.0,0.0,0.0,0.0,0.03125,0.015625,0.953125
10,11,0.0,0.0,0.0,0.0,0.0,0.0,0.0,0.0,0.0,0.03125,0.015625,0.953125
10,11,0.0,0.0,0.0,0.0,0.0,0.0,0.0,0.0,0.0,0.03125,0.015625,0.953125
10,11,0.0,0.0,0.0,0.0,0.0,0.0,0.0,0.0,0.0,0.03125,0.015625,0.953125
10,11,0.0,0.0,0.0,0.0,0.0,0.0,0.0,0.0,0.0,0.03125,0.015625,0.953125
10,11,0.0,0.0,0.0,0.0,0.0,0.0,0.0,0.0,0.0,0.03125,0.015625,0.953125
10,11,0.0,0.0,0.0,0.0,0.0,0.0,0.0,0.0,0.0,0.03125,0.015625,0.953125
10,11,0.0,0.0,0.0,0.0,0.0,0.0,0.0,0.0,0.0,0.03125,0.015625,0.953125
10,11,0.0,0.0,0.0,0.0,0.0,0.0,0.0,0.0,0.0,0.03125,0.015625,0.953125
10,11,0.0,0.0,0.0,0.0,0.0,0.0,0.0,0.0,0.0,0.03125,0.015625,0.953125
10,11,0.0,0.0,0.0,0.0,0.0,0.0,0.0,0.0,0.0,0.03125,0.015625,0.953125
10,11,0.0,0.0,0.0,0.0,0.0,0.0,0.0,0.0,0.0,0.03125,0.015625,0.953125
10,11,0.0,0.0,0.0,0.0,0.0,0.0,0.0,0.0,0.0,0.03125,0.015625,0.953125
10,11,0.0,0.0,0.0,0.0,0.0,0.0,0.0,0.0,0.0,0.03125,0.015625,0.953125
10,11,0.0,0.0,0.0,0.0,0.0,0.0,0.0,0.0,0.0,0.03125,0.015625,0.953125
10,11,0.0,0.0,0.0,0.0,0.0,0.0,0.0,0.0,0.0,0.03125,0.015625,0.953125
10,11,0.0,0.0,0.0,0.0,0.0,0.0,0.0,0.0,0.0,0.03125,0.015625,0.953125
10,11,0.0,0.0,0.0,0.0,0.0,0.0,0.0,0.0,0.0,0.03125,0.015625,0.953125
10,11,0.0,0.0,0.0,0.0,0.0,0.0,0.0,0.0,0.0,0.03125,0.015625,0.953125
10,11,0.0,0.0,0.0,0.0,0.0,0.0,0.0,0.0,0.0,0.03125,0.015625,0.953125
10,11,0.0,0.0,0.0,0.0,0.0,0.0,0.0,0.0,0.0,0.03125,0.015625,0.953125
10,11,0.0,0.0,0.0,0.0,0.0,0.0,0.0,0.0,0.0,0.03125,0.015625,0.953125
10,11,0.0,0.0,0.0,0.0,0.0,0.0,0.0,0.0,0.0,0.03125,0.015625,0.953125
10,11,0.0,0.0,0.0,0.0,0.0,0.0,0.0,0.0,0.0,0.03125,0.015625,0.953125
10,11,0.0,0.0,0.0,0.0,0.0,0.0,0.0,0.0,0.0,0.03125,0.015625,0.953125
10,11,0.0,0.0,0.0,0.0,0.0,0.0,0.0,0.0,0.0,0.03125,0.015625,0.953125
10,11,0.0,0.0,0.0,0.0,0.0,0.0,0.0,0.0,0.0,0.03125,0.015625,0.953125
10,11,0.0,0.0,0.0,0.0,0.0,0.0,0.0,0.0,0.0,0.03125,0.015625,0.953125
10,11,0.0,0.0,0.0,0.0,0.0,0.0,0.0,0.0,0.0,0.03125,0.015625,0.953125
10,11,0.0,0.0,0.0,0.0,0.0,0.0,0.0,0.0,0.0,0.03125,0.015625,0.953125
10,11,0.0,0.0,0.0,0.0,0.0,0.0,0.0,0.0,0.0,0.03125,0.015625,0.953125
10,11,0.0,0.0,0.0,0.0,0.0,0.0,0.0,0.0,0.0,0.03125,0.015625,0.953125
10,11,0.0,0.0,0.0,0.0,0.0,0.0,0.0,0.0,0.0,0.03125,0.015625,0.953125
10,11,0.0,0.0,0.0,0.0,0.0,0.0,0.0,0.0,0.0,0.03125,0.015625,0.953125
10,11,0.0,0.0,0.0,0.0,0.0,0.0,0.0,0.0,0.0,0.03125,0.015625,0.953125
10,11,0.0,0.0,0.0,0.0,0.0,0.0,0.0,0.0,0.0,0.03125,0.015625,0.953125
10,11,0.0,0.0,0.0,0.0,0.0,0.0,0.0,0.0,0.0,0.03125,0.015625,0.953125
10,11,0.0,0.0,0.0,0.0,0.0,0.0,0.0,0.0,0.0,0.03125,0.015625,0.953125
10,11,0.0,0.0,0.0,0.0,0.0,0.0,0.0,0.0,0.0,0.03125,0.015625,0.953125
10,11,0.0,0.0,0.0,0.0,0.0,0.0,0.0,0.0,0.0,0.03125,0.015625,0.953125
10,11,0.0,0.0,0.0,0.0,0.0,0.0,0.0,0.0,0.0,0.03125,0.015625,0.953125
10,11,0.0,0.0,0.0,0.0,0.0,0.0,0.0,0.0,0.0,0.03125,0.015625,0.953125
10,11,0.0,0.0,0.0,0.0,0.0,0.0,0.0,0.0,0.0,0.03125,0.015625,0.953125
10,11,0.0,0.0,0.0,0.0,0.0,0.0,0.0,0.0,0.0,0.03125,0.015625,0.953125
10,11,0.0,0.0,0.0,0.0,0.0,0.0,0.0,0.0,0.0,0.03125,0.015625,0.953125
10,11,0.0,0.0,0.0,0.0,0.0,0.0,0.0,0.0,0.0,0.03125,0.015625,0.953125
10,11,0.0,0.0,0.0,0.0,0.0,0.0,0.0,0.0,0.0,0.03125,0.015625,0.953125
10,11,0.0,0.0,0.0,0.0,0.0,0.0,0.0,0.0,0.0,0.03125,0.015625,0.953125
10,11,0.0,0.0,0.0,0.0,0.0,0.0,0.0,0.0,0.0,0.03125,0.015625,0.953125
10,11,0.0,0.0,0.0,0.0,0.0,0.0,0.0,0.0,0.0,0.03125,0.015625,0.953125
10,11,0.0,0.0,0.0,0.0,0.0,0.0,0.0,0.0,0.0,0.03125,0.015625,0.953125
10,11,0.0,0.0,0.0,0.0,0.0,0.0,0.0,0.0,0.0,0.03125,0.015625,0.953125
10,11,0.0,0.0,0.0,0.0,0.0,0.0,0.0,0.0,0.0,0.03125,0.015625,0.953125
10,11,0.0,0.0,0.0,0.0,0.0,0.0,0.0,0.0,0.0,0.03125,0.015625,0.953125
10,11,0.0,0.0,0.0,0.0,0.0,0.0,0.0,0.0,0.0,0.03125,0.015625,0.953125
10,11,0.0,0.0,0.0,0.0,0.0,0.0,0.0,0.0,0.0,0.03125,0.015625,0.953125
10,11,0.0,0.0,0.0,0.0,0.0,0.0,0.0,0.0,0.0,0.03125,0.015625,0.953125
10,11,0.0,0.0,0.0,0.0,0.0,0.0,0.0,0.0,0.0,0.03125,0.015625,0.953125
10,11,0.0,0.0,0.0,0.0,0.0,0.0,0.0,0.0,0.0,0.03125,0.015625,0.953125
10,11,0.0,0.0,0.0,0.0,0.0,0.0,0.0,0.0,0.0,0.03125,0.015625,0.953125
10,11,0.0,0.0,0.0,0.0,0.0,0.0,0.0,0.0,0.0,0.03125,0.015625,0.953125
10,11,0.0,0.0,0.0,0.0,0.0,0.0,0.0,0.0,0.0,0.03125,0.015625,0.953125
10,11,0.0,0.0,0.0,0.0,0.0,0.0,0.0,0.0,0.0,0.03125,0.015625,0.953125
10,11,0.0,0.0,0.0,0.0,0.0,0.0,0.0,0.0,0.0,0.03125,0.015625,0.953125
10,11,0.0,0.0,0.0,0.0,0.0,0.0,0.0,0.0,0.0,0.03125,0.015625,0.953125
10,11,0.0,0.0,0.0,0.0,0.0,0.0,0.0,0.0,0.0,0.03125,0.015625,0.953125
10,11,0.0,0.0,0.0,0.0,0.0,0.0,0.0,0.0,0.0,0.03125,0.015625,0.953125
10,11,0.0,0.0,0.0,0.0,0.0,0.0,0.0,0.0,0.0,0.03125,0.015625,0.953125
10,11,0.0,0.0,0.0,0.0,0.0,0.0,0.0,0.0,0.0,0.03125,0.015625,0.953125
10,11,0.0,0.0,0.0,0.0,0.0,0.0,0.0,0.0,0.0,0.03125,0.015625,0.953125
10,11,0.0,0.0,0.0,0.0,0.0,0.0,0.0,0.0,0.0,0.03125,0.015625,0.953125
10,11,0.0,0.0,0.0,0.0,0.0,0.0,0.0,0.0,0.0,0.03125,0.015625,0.953125
10,11,0.0,0.0,0.0,0.0,0.0,0.0,0.0,0.0,0.0,0.03125,0.015625,0.953125
10,11,0.0,0.0,0.0,0.0,0.0,0.0,0.0,0.0,0.0,0.03125,0.015625,0.953125
10,11,0.0,0.0,0.0,0.0,0.0,0.0,0.0,0.0,0.0,0.03125,0.015625,0.953125
10,11,0.0,0.0,0.0,0.0,0.0,0.0,0.0,0.0,0.0,0.03125,0.015625,0.953125
10,11,0.0,0.0,0.0,0.0,0.0,0.0,0.0,0.0,0.0,0.03125,0.015625,0.953125
10,11,0.0,0.0,0.0,0.0,0.0,0.0,0.0,0.0,0.0,0.03125,0.015625,0.953125
10,11,0.0,0.0,0.0,0.0,0.0,0.0,0.0,0.0,0.0,0.03125,0.015625,0.953125
10,11,0.0,0.0,0.0,0.0,0.0,0.0,0.0,0.0,0.0,0.03125,0.015625,0.953125
10,11,0.0,0.0,0.0,0.0,0.0,0.0,0.0,0.0,0.0,0.03125,0.015625,0.953125
10,11,0.0,0.0,0.0,0.0,0.0,0.0,0.0,0.0,0.0,0.03125,0.015625,0.953125
10,11,0.0,0.0,0.0,0.0,0.0,0.0,0.0,0.0,0.0,0.03125,0.015625,0.953125
10,11,0.0,0.0,0.0,0.0,0.0,0.0,0.0,0.0,0.0,0.03125,0.015625,0.953125
10,11,0.0,0.0,0.0,0.0,0.0,0.0,0.0,0.0,0.0,0.03125,0.015625,0.953125
10,11,0.0,0.0,0.0,0.0,0.0,0.0,0.0,0.0,0.0,0.03125,0.015625,0.953125
10,11,0.0,0.0,0.0,0.0,0.0,0.0,0.0,0.0,0.0,0.03125,0.015625,0.953125
10,11,0.0,0.0,0.0,0.0,0.0,0.0,0.0,0.0,0.0,0.03125,0.015625,0.953125
10,11,0.0,0.0,0.0,0.0,0.0,0.0,0.0,0.0,0.0,0.03125,0.015625,0.953125
10,11,0.0,0.0,0.0,0.0,0.0,0.0,0.0,0.0,0.0,0.03125,0.015625,0.953125
10,11,0.0,0.0,0.0,0.0,0.0,0.0,0.0,0.0,0.0,0.03125,0.015625,0.953125
10,11,0.0,0.0,0.0,0.0,0.0,0.0,0.0,0.0,0.0,0.03125,0.015625,0.953125
10,11,0.0,0.0,0.0,0.0,0.0,0.0,0.0,0.0,0.0,0.03125,0.015625,0.953125
10,11,0.0,0.0,0.0,0.0,0.0,0.0,0.0,0.0,0.0,0.03125,0.015625,0.953125
10,11,0.0,0.0,0.0,0.0,0.0,0.0,0.0,0.0,0.0,0.03125,0.015625,0.953125
10,11,0.0,0.0,0.0,0.0,0.0,0.0,0.0,0.0,0.0,0.03125,0.015625,0.953125
10,11,0.0,0.0,0.0,0.0,0.0,0.0,0.0,0.0,0.0,0.03125,0.015625,0.953125
10,11,0.0,0.0,0.0,0.0,0.0,0.0,0.0,0.0,0.0,0.03125,0.015625,0.953125
10,11,0.0,0.0,0.0,0.0,0.0,0.0,0.0,0.0,0.0,0.03125,0.015625,0.953125
10,11,0.0,0.0,0.0,0.0,0.0,0.0,0.0,0.0,0.0,0.03125,0.015625,0.953125
10,11,0.0,0.0,0.0,0.0,0.0,0.0,0.0,0.0,0.0,0.03125,0.015625,0.953125
10,11,0.0,0.0,0.0,0.0,0.0,0.0,0.0,0.0,0.0,0.03125,0.015625,0.953125
10,11,0.0,0.0,0.0,0.0,0.0,0.0,0.0,0.0,0.0,0.03125,0.015625,0.953125
10,11,0.0,0.0,0.0,0.0,0.0,0.0,0.0,0.0,0.0,0.03125,0.015625,0.953125
10,11,0.0,0.0,0.0,0.0,0.0,0.0,0.0,0.0,0.0,0.03125,0.015625,0.953125
10,11,0.0,0.0,0.0,0.0,0.0,0.0,0.0,0.0,0.0,0.03125,0.015625,0.953125
10,11,0.0,0.0,0.0,0.0,0.0,0.0,0.0,0.0,0.0,0.03125,0.015625,0.953125
10,11,0.0,0.0,0.0,0.0,0.0,0.0,0.0,0.0,0.0,0.03125,0.015625,0.953125
10,11,0.0,0.0,0.0,0.0,0.0,0.0,0.0,0.0,0.0,0.03125,0.015625,0.953125
10,11,0.0,0.0,0.0,0.0,0.0,0.0,0.0,0.0,0.0,0.03125,0.015625,0.953125
10,11,0.0,0.0,0.0,0.0,0.0,0.0,0.0,0.0,0.0,0.03125,0.015625,0.953125
10,11,0.0,0.0,0.0,0.0,0.0,0.0,0.0,0.0,0.0,0.03125,0.015625,0.953125
10,11,0.0,0.0,0.0,0.0,0.0,0.0,0.0,0.0,0.0,0.03125,0.015625,0.953125
10,11,0.0,0.0,0.0,0.0,0.0,0.0,0.0,0.0,0.0,0.03125,0.015625,0.953125
10,11,0.0,0.0,0.0,0.0,0.0,0.0,0.0,0.0,0.0,0.03125,0.015625,0.953125
10,11,0.0,0.0,0.0,0.0,0.0,0.0,0.0,0.0,0.0,0.03125,0.015625,0.953125
10,11,0.0,0.0,0.0,0.0,0.0,0.0,0.0,0.0,0.0,0.03125,0.015625,0.953125
10,11,0.0,0.0,0.0,0.0,0.0,0.0,0.0,0.0,0.0,0.03125,0.015625,0.953125
10,11,0.0,0.0,0.0,0.0,0.0,0.0,0.0,0.0,0.0,0.03125,0.015625,0.953125
10,11,0.0,0.0,0.0,0.0,0.0,0.0,0.0,0.0,0.0,0.03125,0.015625,0.953125
10,11,0.0,0.0,0.0,0.0,0.0,0.0,0.0,0.0,0.0,0.03125,0.015625,0.953125
10,11,0.0,0.0,0.0,0.0,0.0,0.0,0.0,0.0,0.0,0.03125,0.015625,0.953125
10,11,0.0,0.0,0.0,0.0,0.0,0.0,0.0,0.0,0.0,0.03125,0.015625,0.953125
10,11,0.0,0.0,0.0,0.0,0.0,0.0,0.0,0.0,0.0,0.03125,0.015625,0.953125
10,11,0.0,0.0,0.0,0.0,0.0,0.0,0.0,0.0,0.0,0.03125,0.015625,0.953125
10,11,0.0,0.0,0.0,0.0,0.0,0.0,0.0,0.0,0.0,0.03125,0.015625,0.953125
10,11,0.0,0.0,0.0,0.0,0.0,0.0,0.0,0.0,0.0,0.03125,0.015625,0.953125
10,11,0.0,0.0,0.0,0.0,0.0,0.0,0.0,0.0,0.0,0.03125,0.015625,0.953125
10,11,0.0,0.0,0.0,0.0,0.0,0.0,0.0,0.0,0.0,0.03125,0.015625,0.953125
10,11,0.0,0.0,0.0,0.0,0.0,0.0,0.0,0.0,0.0,0.03125,0.015625,0.953125
10,11,0.0,0.0,0.0,0.0,0.0,0.0,0.0,0.0,0.0,0.03125,0.015625,0.953125
10,11,0.0,0.0,0.0,0.0,0.0,0.0,0.0,0.0,0.0,0.03125,0.015625,0.953125
10,11,0.0,0.0,0.0,0.0,0.0,0.0,0.0,0.0,0.0,0.03125,0.015625,0.953125
10,11,0.0,0.0,0.0,0.0,0.0,0.0,0.0,0.0,0.0,0.03125,0.015625,0.953125
10,11,0.0,0.0,0.0,0.0,0.0,0.0,0.0,0.0,0.0,0.03125,0.015625,0.953125
10,11,0.0,0.0,0.0,0.0,0.0,0.0,0.0,0.0,0.0,0.03125,0.015625,0.953125
10,11,0.0,0.0,0.0,0.0,0.0,0.0,0.0,0.0,0.0,0.03125,0.015625,0.953125
10,11,0.0,0.0,0.0,0.0,0.0,0.0,0.0,0.0,0.0,0.03125,0.015625,0.953125
10,11,0.0,0.0,0.0,0.0,0.0,0.0,0.0,0.0,0.0,0.03125,0.015625,0.953125
10,11,0.0,0.0,0.0,0.0,0.0,0.0,0.0,0.0,0.0,0.03125,0.015625,0.953125
10,11,0.0,0.0,0.0,0.0,0.0,0.0,0.0,0.0,0.0,0.03125,0.015625,0.953125
10,11,0.0,0.0,0.0,0.0,0.0,0.0,0.0,0.0,0.0,0.03125,0.015625,0.953125
10,11,0.0,0.0,0.0,0.0,0.0,0.0,0.0,0.0,0.0,0.03125,0.015625,0.953125
10,11,0.0,0.0,0.0,0.0,0.0,0.0,0.0,0.0,0.0,0.03125,0.015625,0.953125
10,11,0.0,0.0,0.0,0.0,0.0,0.0,0.0,0.0,0.0,0.03125,0.015625,0.953125
10,11,0.0,0.0,0.0,0.0,0.0,0.0,0.0,0.0,0.0,0.03125,0.015625,0.953125
10,11,0.0,0.0,0.0,0.0,0.0,0.0,0.0,0.0,0.0,0.03125,0.015625,0.953125
10,11,0.0,0.0,0.0,0.0,0.0,0.0,0.0,0.0,0.0,0.03125,0.015625,0.953125
10,11,0.0,0.0,0.0,0.0,0.0,0.0,0.0,0.0,0.0,0.03125,0.015625,0.953125
10,11,0.0,0.0,0.0,0.0,0.0,0.0,0.0,0.0,0.0,0.03125,0.015625,0.953125
10,11,0.0,0.0,0.0,0.0,0.0,0.0,0.0,0.0,0.0,0.03125,0.015625,0.953125
10,11,0.0,0.0,0.0,0.0,0.0,0.0,0.0,0.0,0.0,0.03125,0.015625,0.953125
10,11,0.0,0.0,0.0,0.0,0.0,0.0,0.0,0.0,0.0,0.03125,0.015625,0.953125
10,11,0.0,0.0,0.0,0.0,0.0,0.0,0.0,0.0,0.0,0.03125,0.015625,0.953125
10,11,0.0,0.0,0.0,0.0,0.0,0.0,0.0,0.0,0.0,0.03125,0.015625,0.953125
10,11,0.0,0.0,0.0,0.0,0.0,0.0,0.0,0.0,0.0,0.03125,0.015625,0.953125
10,11,0.0,0.0,0.0,0.0,0.0,0.0,0.0,0.0,0.0,0.03125,0.015625,0.953125
10,11,0.0,0.0,0.0,0.0,0.0,0.0,0.0,0.0,0.0,0.03125,0.015625,0.953125
10,11,0.0,0.0,0.0,0.0,0.0,0.0,0.0,0.0,0.0,0.03125,0.015625,0.953125
10,11,0.0,0.0,0.0,0.0,0.0,0.0,0.0,0.0,0.0,0.03125,0.015625,0.953125
10,11,0.0,0.0,0.0,0.0,0.0,0.0,0.0,0.0,0.0,0.03125,0.015625,0.953125
10,11,0.0,0.0,0.0,0.0,0.0,0.0,0.0,0.0,0.0,0.03125,0.015625,0.953125
10,11,0.0,0.0,0.0,0.0,0.0,0.0,0.0,0.0,0.0,0.03125,0.015625,0.953125
10,11,0.0,0.0,0.0,0.0,0.0,0.0,0.0,0.0,0.0,0.03125,0.015625,0.953125
10,11,0.0,0.0,0.0,0.0,0.0,0.0,0.0,0.0,0.0,0.03125,0.015625,0.953125
10,11,0.0,0.0,0.0,0.0,0.0,0.0,0.0,0.0,0.0,0.03125,0.015625,0.953125
10,11,0.0,0.0,0.0,0.0,0.0,0.0,0.0,0.0,0.0,0.03125,0.015625,0.953125
10,11,0.0,0.0,0.0,0.0,0.0,0.0,0.0,0.0,0.0,0.03125,0.015625,0.953125
10,11,0.0,0.0,0.0,0.0,0.0,0.0,0.0,0.0,0.0,0.03125,0.015625,0.953125
10,11,0.0,0.0,0.0,0.0,0.0,0.0,0.0,0.0,0.0,0.03125,0.015625,0.953125
10,11,0.0,0.0,0.0,0.0,0.0,0.0,0.0,0.0,0.0,0.03125,0.015625,0.953125
10,11,0.0,0.0,0.0,0.0,0.0,0.0,0.0,0.0,0.0,0.03125,0.015625,0.953125
10,11,0.0,0.0,0.0,0.0,0.0,0.0,0.0,0.0,0.0,0.03125,0.015625,0.953125
10,11,0.0,0.0,0.0,0.0,0.0,0.0,0.0,0.0,0.0,0.03125,0.015625,0.953125
10,11,0.0,0.0,0.0,0.0,0.0,0.0,0.0,0.0,0.0,0.03125,0.015625,0.953125
10,11,0.0,0.0,0.0,0.0,0.0,0.0,0.0,0.0,0.0,0.03125,0.015625,0.953125
10,11,0.0,0.0,0.0,0.0,0.0,0.0,0.0,0.0,0.0,0.03125,0.015625,0.953125
10,11,0.0,0.0,0.0,0.0,0.0,0.0,0.0,0.0,0.0,0.03125,0.015625,0.953125
10,11,0.0,0.0,0.0,0.0,0.0,0.0,0.0,0.0,0.0,0.03125,0.015625,0.953125
10,11,0.0,0.0,0.0,0.0,0.0,0.0,0.0,0.0,0.0,0.03125,0.015625,0.953125
10,11,0.0,0.0,0.0,0.0,0.0,0.0,0.0,0.0,0.0,0.03125,0.015625,0.953125
10,11,0.0,0.0,0.0,0.0,0.0,0.0,0.0,0.0,0.0,0.03125,0.015625,0.953125
10,11,0.0,0.0,0.0,0.0,0.0,0.0,0.0,0.0,0.0,0.03125,0.015625,0.953125
10,11,0.0,0.0,0.0,0.0,0.0,0.0,0.0,0.0,0.0,0.03125,0.015625,0.953125
10,11,0.0,0.0,0.0,0.0,0.0,0.0,0.0,0.0,0.0,0.03125,0.015625,0.953125
10,11,0.0,0.0,0.0,0.0,0.0,0.0,0.0,0.0,0.0,0.03125,0.015625,0.953125
10,11,0.0,0.0,0.0,0.0,0.0,0.0,0.0,0.0,0.0,0.03125,0.015625,0.953125
10,11,0.0,0.0,0.0,0.0,0.0,0.0,0.0,0.0,0.0,0.03125,0.015625,0.953125
10,11,0.0,0.0,0.0,0.0,0.0,0.0,0.0,0.0,0.0,0.03125,0.015625,0.953125
10,11,0.0,0.0,0.0,0.0,0.0,0.0,0.0,0.0,0.0,0.03125,0.015625,0.953125
10,11,0.0,0.0,0.0,0.0,0.0,0.0,0.0,0.0,0.0,0.03125,0.015625,0.953125
10,11,0.0,0.0,0.0,0.0,0.0,0.0,0.0,0.0,0.0,0.03125,0.015625,0.953125
10,11,0.0,0.0,0.0,0.0,0.0,0.0,0.0,0.0,0.0,0.03125,0.015625,0.953125
10,11,0.0,0.0,0.0,0.0,0.0,0.0,0.0,0.0,0.0,0.03125,0.015625,0.953125
10,11,0.0,0.0,0.0,0.0,0.0,0.0,0.0,0.0,0.0,0.03125,0.015625,0.953125
10,11,0.0,0.0,0.0,0.0,0.0,0.0,0.0,0.0,0.0,0.03125,0.015625,0.953125
10,11,0.0,0.0,0.0,0.0,0.0,0.0,0.0,0.0,0.0,0.03125,0.015625,0.953125
10,11,0.0,0.0,0.0,0.0,0.0,0.0,0.0,0.0,0.0,0.03125,0.015625,0.953125
10,11,0.0,0.0,0.0,0.0,0.0,0.0,0.0,0.0,0.0,0.03125,0.015625,0.953125
10,11,0.0,0.0,0.0,0.0,0.0,0.0,0.0,0.0,0.0,0.03125,0.015625,0.953125
10,11,0.0,0.0,0.0,0.0,0.0,0.0,0.0,0.0,0.0,0.03125,0.015625,0.953125
10,11,0.0,0.0,0.0,0.0,0.0,0.0,0.0,0.0,0.0,0.03125,0.015625,0.953125
10,11,0.0,0.0,0.0,0.0,0.0,0.0,0.0,0.0,0.0,0.03125,0.015625,0.953125
10,11,0.0,0.0,0.0,0.0,0.0,0.0,0.0,0.0,0.0,0.03125,0.015625,0.953125
10,11,0.0,0.0,0.0,0.0,0.0,0.0,0.0,0.0,0.0,0.03125,0.015625,0.953125
10,11,0.0,0.0,0.0,0.0,0.0,0.0,0.0,0.0,0.0,0.03125,0.015625,0.953125
10,11,0.0,0.0,0.0,0.0,0.0,0.0,0.0,0.0,0.0,0.03125,0.015625,0.953125
10,11,0.0,0.0,0.0,0.0,0.0,0.0,0.0,0.0,0.0,0.03125,0.015625,0.953125
10,11,0.0,0.0,0.0,0.0,0.0,0.0,0.0,0.0,0.0,0.03125,0.015625,0.953125
10,11,0.0,0.0,0.0,0.0,0.0,0.0,0.0,0.0,0.0,0.03125,0.015625,0.953125
10,11,0.0,0.0,0.0,0.0,0.0,0.0,0.0,0.0,0.0,0.03125,0.015625,0.953125
10,11,0.0,0.0,0.0,0.0,0.0,0.0,0.0,0.0,0.0,0.03125,0.015625,0.953125
10,11,0.0,0.0,0.0,0.0,0.0,0.0,0.0,0.0,0.0,0.03125,0.015625,0.953125
10,11,0.0,0.0,0.0,0.0,0.0,0.0,0.0,0.0,0.0,0.03125,0.015625,0.953125
10,11,0.0,0.0,0.0,0.0,0.0,0.0,0.0,0.0,0.0,0.03125,0.015625,0.953125
10,11,0.0,0.0,0.0,0.0,0.0,0.0,0.0,0.0,0.0,0.03125,0.015625,0.953125
10,11,0.0,0.0,0.0,0.0,0.0,0.0,0.0,0.0,0.0,0.03125,0.015625,0.953125
10,11,0.0,0.0,0.0,0.0,0.0,0.0,0.0,0.0,0.0,0.03125,0.015625,0.953125
10,11,0.0,0.0,0.0,0.0,0.0,0.0,0.0,0.0,0.0,0.03125,0.015625,0.953125
10,11,0.0,0.0,0.0,0.0,0.0,0.0,0.0,0.0,0.0,0.03125,0.015625,0.953125
10,11,0.0,0.0,0.0,0.0,0.0,0.0,0.0,0.0,0.0,0.03125,0.015625,0.953125
10,11,0.0,0.0,0.0,0.0,0.0,0.0,0.0,0.0,0.0,0.03125,0.015625,0.953125
10,11,0.0,0.0,0.0,0.0,0.0,0.0,0.0,0.0,0.0,0.03125,0.015625,0.953125
10,11,0.0,0.0,0.0,0.0,0.0,0.0,0.0,0.0,0.0,0.03125,0.015625,0.953125
10,11,0.0,0.0,0.0,0.0,0.0,0.0,0.0,0.0,0.0,0.03125,0.015625,0.953125
10,11,0.0,0.0,0.0,0.0,0.0,0.0,0.0,0.0,0.0,0.03125,0.015625,0.953125
10,11,0.0,0.0,0.0,0.0,0.0,0.0,0.0,0.0,0.0,0.03125,0.015625,0.953125
10,11,0.0,0.0,0.0,0.0,0.0,0.0,0.0,0.0,0.0,0.03125,0.015625,0.953125
10,11,0.0,0.0,0.0,0.0,0.0,0.0,0.0,0.0,0.0,0.03125,0.015625,0.953125
10,11,0.0,0.0,0.0,0.0,0.0,0.0,0.0,0.0,0.0,0.03125,0.015625,0.953125
10,11,0.0,0.0,0.0,0.0,0.0,0.0,0.0,0.0,0.0,0.03125,0.015625,0.953125
10,11,0.0,0.0,0.0,0.0,0.0,0.0,0.0,0.0,0.0,0.03125,0.015625,0.953125
10,11,0.0,0.0,0.0,0.0,0.0,0.0,0.0,0.0,0.0,0.03125,0.015625,0.953125
10,11,0.0,0.0,0.0,0.0,0.0,0.0,0.0,0.0,0.0,0.03125,0.015625,0.953125
10,11,0.0,0.0,0.0,0.0,0.0,0.0,0.0,0.0,0.0,0.03125,0.015625,0.953125
10,11,0.0,0.0,0.0,0.0,0.0,0.0,0.0,0.0,0.0,0.03125,0.015625,0.953125
10,11,0.0,0.0,0.0,0.0,0.0,0.0,0.0,0.0,0.0,0.03125,0.015625,0.953125
10,11,0.0,0.0,0.0,0.0,0.0,0.0,0.0,0.0,0.0,0.03125,0.015625,0.953125
10,11,0.0,0.0,0.0,0.0,0.0,0.0,0.0,0.0,0.0,0.03125,0.015625,0.953125
10,11,0.0,0.0,0.0,0.0,0.0,0.0,0.0,0.0,0.0,0.03125,0.015625,0.953125
10,11,0.0,0.0,0.0,0.0,0.0,0.0,0.0,0.0,0.0,0.03125,0.015625,0.953125
10,11,0.0,0.0,0.0,0.0,0.0,0.0,0.0,0.0,0.0,0.03125,0.015625,0.953125
10,11,0.0,0.0,0.0,0.0,0.0,0.0,0.0,0.0,0.0,0.03125,0.015625,0.953125
10,11,0.0,0.0,0.0,0.0,0.0,0.0,0.0,0.0,0.0,0.03125,0.015625,0.953125
10,11,0.0,0.0,0.0,0.0,0.0,0.0,0.0,0.0,0.0,0.03125,0.015625,0.953125
10,11,0.0,0.0,0.0,0.0,0.0,0.0,0.0,0.0,0.0,0.03125,0.015625,0.953125
10,11,0.0,0.0,0.0,0.0,0.0,0.0,0.0,0.0,0.0,0.03125,0.015625,0.953125
10,11,0.0,0.0,0.0,0.0,0.0,0.0,0.0,0.0,0.0,0.03125,0.015625,0.953125
10,11,0.0,0.0,0.0,0.0,0.0,0.0,0.0,0.0,0.0,0.03125,0.015625,0.953125
10,11,0.0,0.0,0.0,0.0,0.0,0.0,0.0,0.0,0.0,0.03125,0.015625,0.953125
10,11,0.0,0.0,0.0,0.0,0.0,0.0,0.0,0.0,0.0,0.03125,0.015625,0.953125
10,11,0.0,0.0,0.0,0.0,0.0,0.0,0.0,0.0,0.0,0.03125,0.015625,0.953125
10,11,0.0,0.0,0.0,0.0,0.0,0.0,0.0,0.0,0.0,0.03125,0.015625,0.953125
10,11,0.0,0.0,0.0,0.0,0.0,0.0,0.0,0.0,0.0,0.03125,0.015625,0.953125
10,11,0.0,0.0,0.0,0.0,0.0,0.0,0.0,0.0,0.0,0.03125,0.015625,0.953125
10,11,0.0,0.0,0.0,0.0,0.0,0.0,0.0,0.0,0.0,0.03125,0.015625,0.953125
10,11,0.0,0.0,0.0,0.0,0.0,0.0,0.0,0.0,0.0,0.03125,0.015625,0.953125
10,11,0.0,0.0,0.0,0.0,0.0,0.0,0.0,0.0,0.0,0.03125,0.015625,0.953125
10,11,0.0,0.0,0.0,0.0,0.0,0.0,0.0,0.0,0.0,0.03125,0.015625,0.953125
10,11,0.0,0.0,0.0,0.0,0.0,0.0,0.0,0.0,0.0,0.03125,0.015625,0.953125
10,11,0.0,0.0,0.0,0.0,0.0,0.0,0.0,0.0,0.0,0.03125,0.015625,0.953125
10,11,0.0,0.0,0.0,0.0,0.0,0.0,0.0,0.0,0.0,0.03125,0.015625,0.953125
10,11,0.0,0.0,0.0,0.0,0.0,0.0,0.0,0.0,0.0,0.03125,0.015625,0.953125
10,11,0.0,0.0,0.0,0.0,0.0,0.0,0.0,0.0,0.0,0.03125,0.015625,0.953125
10,11,0.0,0.0,0.0,0.0,0.0,0.0,0.0,0.0,0.0,0.03125,0.015625,0.953125
10,11,0.0,0.0,0.0,0.0,0.0,0.0,0.0,0.0,0.0,0.03125,0.015625,0.953125
10,11,0.0,0.0,0.0,0.0,0.0,0.0,0.0,0.0,0.0,0.03125,0.015625,0.953125
10,11,0.0,0.0,0.0,0.0,0.0,0.0,0.0,0.0,0.0,0.03125,0.015625,0.953125
10,11,0.0,0.0,0.0,0.0,0.0,0.0,0.0,0.0,0.0,0.03125,0.015625,0.953125
10,11,0.0,0.0,0.0,0.0,0.0,0.0,0.0,0.0,0.0,0.03125,0.015625,0.953125
10,11,0.0,0.0,0.0,0.0,0.0,0.0,0.0,0.0,0.0,0.03125,0.015625,0.953125
10,11,0.0,0.0,0.0,0.0,0.0,0.0,0.0,0.0,0.0,0.03125,0.015625,0.953125
10,11,0.0,0.0,0.0,0.0,0.0,0.0,0.0,0.0,0.0,0.03125,0.015625,0.953125
10,11,0.0,0.0,0.0,0.0,0.0,0.0,0.0,0.0,0.0,0.03125,0.015625,0.953125
10,11,0.0,0.0,0.0,0.0,0.0,0.0,0.0,0.0,0.0,0.03125,0.015625,0.953125
10,11,0.0,0.0,0.0,0.0,0.0,0.0,0.0,0.0,0.0,0.03125,0.015625,0.953125
10,11,0.0,0.0,0.0,0.0,0.0,0.0,0.0,0.0,0.0,0.03125,0.015625,0.953125
10,11,0.0,0.0,0.0,0.0,0.0,0.0,0.0,0.0,0.0,0.03125,0.015625,0.953125
10,11,0.0,0.0,0.0,0.0,0.0,0.0,0.0,0.0,0.0,0.03125,0.015625,0.953125
10,11,0.0,0.0,0.0,0.0,0.0,0.0,0.0,0.0,0.0,0.03125,0.015625,0.953125
10,11,0.0,0.0,0.0,0.0,0.0,0.0,0.0,0.0,0.0,0.03125,0.015625,0.953125
10,11,0.0,0.0,0.0,0.0,0.0,0.0,0.0,0.0,0.0,0.03125,0.015625,0.953125
10,11,0.0,0.0,0.0,0.0,0.0,0.0,0.0,0.0,0.0,0.03125,0.015625,0.953125
10,11,0.0,0.0,0.0,0.0,0.0,0.0,0.0,0.0,0.0,0.03125,0.015625,0.953125
10,11,0.0,0.0,0.0,0.0,0.0,0.0,0.0,0.0,0.0,0.03125,0.015625,0.953125
10,11,0.0,0.0,0.0,0.0,0.0,0.0,0.0,0.0,0.0,0.03125,0.015625,0.953125
10,11,0.0,0.0,0.0,0.0,0.0,0.0,0.0,0.0,0.0,0.03125,0.015625,0.953125
10,11,0.0,0.0,0.0,0.0,0.0,0.0,0.0,0.0,0.0,0.03125,0.015625,0.953125
10,11,0.0,0.0,0.0,0.0,0.0,0.0,0.0,0.0,0.0,0.03125,0.015625,0.953125
10,11,0.0,0.0,0.0,0.0,0.0,0.0,0.0,0.0,0.0,0.03125,0.015625,0.953125
10,11,0.0,0.0,0.0,0.0,0.0,0.0,0.0,0.0,0.0,0.03125,0.015625,0.953125
10,11,0.0,0.0,0.0,0.0,0.0,0.0,0.0,0.0,0.0,0.03125,0.015625,0.953125
10,11,0.0,0.0,0.0,0.0,0.0,0.0,0.0,0.0,0.0,0.03125,0.015625,0.953125
10,11,0.0,0.0,0.0,0.0,0.0,0.0,0.0,0.0,0.0,0.03125,0.015625,0.953125
10,11,0.0,0.0,0.0,0.0,0.0,0.0,0.0,0.0,0.0,0.03125,0.015625,0.953125
10,11,0.0,0.0,0.0,0.0,0.0,0.0,0.0,0.0,0.0,0.03125,0.015625,0.953125
10,11,0.0,0.0,0.0,0.0,0.0,0.0,0.0,0.0,0.0,0.03125,0.015625,0.953125
10,11,0.0,0.0,0.0,0.0,0.0,0.0,0.0,0.0,0.0,0.03125,0.015625,0.953125
10,11,0.0,0.0,0.0,0.0,0.0,0.0,0.0,0.0,0.0,0.03125,0.015625,0.953125
10,11,0.0,0.0,0.0,0.0,0.0,0.0,0.0,0.0,0.0,0.03125,0.015625,0.953125
10,11,0.0,0.0,0.0,0.0,0.0,0.0,0.0,0.0,0.0,0.03125,0.015625,0.953125
10,11,0.0,0.0,0.0,0.0,0.0,0.0,0.0,0.0,0.0,0.03125,0.015625,0.953125
10,11,0.0,0.0,0.0,0.0,0.0,0.0,0.0,0.0,0.0,0.03125,0.015625,0.953125
10,11,0.0,0.0,0.0,0.0,0.0,0.0,0.0,0.0,0.0,0.03125,0.015625,0.953125
10,11,0.0,0.0,0.0,0.0,0.0,0.0,0.0,0.0,0.0,0.03125,0.015625,0.953125
10,11,0.0,0.0,0.0,0.0,0.0,0.0,0.0,0.0,0.0,0.03125,0.015625,0.953125
10,11,0.0,0.0,0.0,0.0,0.0,0.0,0.0,0.0,0.0,0.03125,0.015625,0.953125
10,11,0.0,0.0,0.0,0.0,0.0,0.0,0.0,0.0,0.0,0.03125,0.015625,0.953125
10,11,0.0,0.0,0.0,0.0,0.0,0.0,0.0,0.0,0.0,0.03125,0.015625,0.953125
10,11,0.0,0.0,0.0,0.0,0.0,0.0,0.0,0.0,0.0,0.03125,0.015625,0.953125
10,11,0.0,0.0,0.0,0.0,0.0,0.0,0.0,0.0,0.0,0.03125,0.015625,0.953125
10,11,0.0,0.0,0.0,0.0,0.0,0.0,0.0,0.0,0.0,0.03125,0.015625,0.953125
10,11,0.0,0.0,0.0,0.0,0.0,0.0,0.0,0.0,0.0,0.03125,0.015625,0.953125
10,11,0.0,0.0,0.0,0.0,0.0,0.0,0.0,0.0,0.0,0.03125,0.015625,0.953125
10,11,0.0,0.0,0.0,0.0,0.0,0.0,0.0,0.0,0.0,0.03125,0.015625,0.953125
10,11,0.0,0.0,0.0,0.0,0.0,0.0,0.0,0.0,0.0,0.03125,0.015625,0.953125
10,11,0.0,0.0,0.0,0.0,0.0,0.0,0.0,0.0,0.0,0.03125,0.015625,0.953125
10,11,0.0,0.0,0.0,0.0,0.0,0.0,0.0,0.0,0.0,0.03125,0.015625,0.953125
10,11,0.0,0.0,0.0,0.0,0.0,0.0,0.0,0.0,0.0,0.03125,0.015625,0.953125
10,11,0.0,0.0,0.0,0.0,0.0,0.0,0.0,0.0,0.0,0.03125,0.015625,0.953125
10,11,0.0,0.0,0.0,0.0,0.0,0.0,0.0,0.0,0.0,0.03125,0.015625,0.953125
10,11,0.0,0.0,0.0,0.0,0.0,0.0,0.0,0.0,0.0,0.03125,0.015625,0.953125
10,11,0.0,0.0,0.0,0.0,0.0,0.0,0.0,0.0,0.0,0.03125,0.015625,0.953125
10,11,0.0,0.0,0.0,0.0,0.0,0.0,0.0,0.0,0.0,0.03125,0.015625,0.953125
10,11,0.0,0.0,0.0,0.0,0.0,0.0,0.0,0.0,0.0,0.03125,0.015625,0.953125
10,11,0.0,0.0,0.0,0.0,0.0,0.0,0.0,0.0,0.0,0.03125,0.015625,0.953125
10,11,0.0,0.0,0.0,0.0,0.0,0.0,0.0,0.0,0.0,0.03125,0.015625,0.953125
10,11,0.0,0.0,0.0,0.0,0.0,0.0,0.0,0.0,0.0,0.03125,0.015625,0.953125
10,11,0.0,0.0,0.0,0.0,0.0,0.0,0.0,0.0,0.0,0.03125,0.015625,0.953125
10,11,0.0,0.0,0.0,0.0,0.0,0.0,0.0,0.0,0.0,0.03125,0.015625,0.953125
10,11,0.0,0.0,0.0,0.0,0.0,0.0,0.0,0.0,0.0,0.03125,0.015625,0.953125
10,11,0.0,0.0,0.0,0.0,0.0,0.0,0.0,0.0,0.0,0.03125,0.015625,0.953125
10,11,0.0,0.0,0.0,0.0,0.0,0.0,0.0,0.0,0.0,0.03125,0.015625,0.953125
10,11,0.0,0.0,0.0,0.0,0.0,0.0,0.0,0.0,0.0,0.03125,0.015625,0.953125
10,11,0.0,0.0,0.0,0.0,0.0,0.0,0.0,0.0,0.0,0.03125,0.015625,0.953125
10,11,0.0,0.0,0.0,0.0,0.0,0.0,0.0,0.0,0.0,0.03125,0.015625,0.953125
10,11,0.0,0.0,0.0,0.0,0.0,0.0,0.0,0.0,0.0,0.03125,0.015625,0.953125
10,11,0.0,0.0,0.0,0.0,0.0,0.0,0.0,0.0,0.0,0.03125,0.015625,0.953125
10,11,0.0,0.0,0.0,0.0,0.0,0.0,0.0,0.0,0.0,0.03125,0.015625,0.953125
10,11,0.0,0.0,0.0,0.0,0.0,0.0,0.0,0.0,0.0,0.03125,0.015625,0.953125
10,11,0.0,0.0,0.0,0.0,0.0,0.0,0.0,0.0,0.0,0.03125,0.015625,0.953125
10,11,0.0,0.0,0.0,0.0,0.0,0.0,0.0,0.0,0.0,0.03125,0.015625,0.953125
10,11,0.0,0.0,0.0,0.0,0.0,0.0,0.0,0.0,0.0,0.03125,0.015625,0.953125
10,11,0.0,0.0,0.0,0.0,0.0,0.0,0.0,0.0,0.0,0.03125,0.015625,0.953125
10,11,0.0,0.0,0.0,0.0,0.0,0.0,0.0,0.0,0.0,0.03125,0.015625,0.953125
10,11,0.0,0.0,0.0,0.0,0.0,0.0,0.0,0.0,0.0,0.03125,0.015625,0.953125
10,11,0.0,0.0,0.0,0.0,0.0,0.0,0.0,0.0,0.0,0.03125,0.015625,0.953125
10,11,0.0,0.0,0.0,0.0,0.0,0.0,0.0,0.0,0.0,0.03125,0.015625,0.953125
10,11,0.0,0.0,0.0,0.0,0.0,0.0,0.0,0.0,0.0,0.03125,0.015625,0.953125
10,11,0.0,0.0,0.0,0.0,0.0,0.0,0.0,0.0,0.0,0.03125,0.015625,0.953125
10,11,0.0,0.0,0.0,0.0,0.0,0.0,0.0,0.0,0.0,0.03125,0.015625,0.953125
10,11,0.0,0.0,0.0,0.0,0.0,0.0,0.0,0.0,0.0,0.03125,0.015625,0.953125
10,11,0.0,0.0,0.0,0.0,0.0,0.0,0.0,0.0,0.0,0.03125,0.015625,0.953125
10,11,0.0,0.0,0.0,0.0,0.0,0.0,0.0,0.0,0.0,0.03125,0.015625,0.953125
10,11,0.0,0.0,0.0,0.0,0.0,0.0,0.0,0.0,0.0,0.03125,0.015625,0.953125
10,11,0.0,0.0,0.0,0.0,0.0,0.0,0.0,0.0,0.0,0.03125,0.015625,0.953125
10,11,0.0,0.0,0.0,0.0,0.0,0.0,0.0,0.0,0.0,0.03125,0.015625,0.953125
10,11,0.0,0.0,0.0,0.0,0.0,0.0,0.0,0.0,0.0,0.03125,0.015625,0.953125
10,11,0.0,0.0,0.0,0.0,0.0,0.0,0.0,0.0,0.0,0.03125,0.015625,0.953125
10,11,0.0,0.0,0.0,0.0,0.0,0.0,0.0,0.0,0.0,0.03125,0.015625,0.953125
10,11,0.0,0.0,0.0,0.0,0.0,0.0,0.0,0.0,0.0,0.03125,0.015625,0.953125
10,11,0.0,0.0,0.0,0.0,0.0,0.0,0.0,0.0,0.0,0.03125,0.015625,0.953125
10,11,0.0,0.0,0.0,0.0,0.0,0.0,0.0,0.0,0.0,0.03125,0.015625,0.953125
10,11,0.0,0.0,0.0,0.0,0.0,0.0,0.0,0.0,0.0,0.03125,0.015625,0.953125
10,11,0.0,0.0,0.0,0.0,0.0,0.0,0.0,0.0,0.0,0.03125,0.015625,0.953125
10,11,0.0,0.0,0.0,0.0,0.0,0.0,0.0,0.0,0.0,0.03125,0.015625,0.953125
10,11,0.0,0.0,0.0,0.0,0.0,0.0,0.0,0.0,0.0,0.03125,0.015625,0.953125
10,11,0.0,0.0,0.0,0.0,0.0,0.0,0.0,0.0,0.0,0.03125,0.015625,0.953125
10,11,0.0,0.0,0.0,0.0,0.0,0.0,0.0,0.0,0.0,0.03125,0.015625,0.953125
10,11,0.0,0.0,0.0,0.0,0.0,0.0,0.0,0.0,0.0,0.03125,0.015625,0.953125
10,11,0.0,0.0,0.0,0.0,0.0,0.0,0.0,0.0,0.0,0.03125,0.015625,0.953125
10,11,0.0,0.0,0.0,0.0,0.0,0.0,0.0,0.0,0.0,0.03125,0.015625,0.953125
10,11,0.0,0.0,0.0,0.0,0.0,0.0,0.0,0.0,0.0,0.03125,0.015625,0.953125
10,11,0.0,0.0,0.0,0.0,0.0,0.0,0.0,0.0,0.0,0.03125,0.015625,0.953125
10,11,0.0,0.0,0.0,0.0,0.0,0.0,0.0,0.0,0.0,0.03125,0.015625,0.953125
10,11,0.0,0.0,0.0,0.0,0.0,0.0,0.0,0.0,0.0,0.03125,0.015625,0.953125
10,11,0.0,0.0,0.0,0.0,0.0,0.0,0.0,0.0,0.0,0.03125,0.015625,0.953125
10,11,0.0,0.0,0.0,0.0,0.0,0.0,0.0,0.0,0.0,0.03125,0.015625,0.953125
10,11,0.0,0.0,0.0,0.0,0.0,0.0,0.0,0.0,0.0,0.03125,0.015625,0.953125
10,11,0.0,0.0,0.0,0.0,0.0,0.0,0.0,0.0,0.0,0.03125,0.015625,0.953125
10,11,0.0,0.0,0.0,0.0,0.0,0.0,0.0,0.0,0.0,0.03125,0.015625,0.953125
10,11,0.0,0.0,0.0,0.0,0.0,0.0,0.0,0.0,0.0,0.03125,0.015625,0.953125
10,11,0.0,0.0,0.0,0.0,0.0,0.0,0.0,0.0,0.0,0.03125,0.015625,0.953125
10,11,0.0,0.0,0.0,0.0,0.0,0.0,0.0,0.0,0.0,0.03125,0.015625,0.953125
10,11,0.0,0.0,0.0,0.0,0.0,0.0,0.0,0.0,0.0,0.03125,0.015625,0.953125
10,11,0.0,0.0,0.0,0.0,0.0,0.0,0.0,0.0,0.0,0.03125,0.015625,0.953125
10,11,0.0,0.0,0.0,0.0,0.0,0.0,0.0,0.0,0.0,0.03125,0.015625,0.953125
10,11,0.0,0.0,0.0,0.0,0.0,0.0,0.0,0.0,0.0,0.03125,0.015625,0.953125
10,11,0.0,0.0,0.0,0.0,0.0,0.0,0.0,0.0,0.0,0.03125,0.015625,0.953125
10,11,0.0,0.0,0.0,0.0,0.0,0.0,0.0,0.0,0.0,0.03125,0.015625,0.953125
10,11,0.0,0.0,0.0,0.0,0.0,0.0,0.0,0.0,0.0,0.03125,0.015625,0.953125
10,11,0.0,0.0,0.0,0.0,0.0,0.0,0.0,0.0,0.0,0.03125,0.015625,0.953125
10,11,0.0,0.0,0.0,0.0,0.0,0.0,0.0,0.0,0.0,0.03125,0.015625,0.953125
10,11,0.0,0.0,0.0,0.0,0.0,0.0,0.0,0.0,0.0,0.03125,0.015625,0.953125
10,11,0.0,0.0,0.0,0.0,0.0,0.0,0.0,0.0,0.0,0.03125,0.015625,0.953125
10,11,0.0,0.0,0.0,0.0,0.0,0.0,0.0,0.0,0.0,0.03125,0.015625,0.953125
10,11,0.0,0.0,0.0,0.0,0.0,0.0,0.0,0.0,0.0,0.03125,0.015625,0.953125
10,11,0.0,0.0,0.0,0.0,0.0,0.0,0.0,0.0,0.0,0.03125,0.015625,0.953125
10,11,0.0,0.0,0.0,0.0,0.0,0.0,0.0,0.0,0.0,0.03125,0.015625,0.953125
10,11,0.0,0.0,0.0,0.0,0.0,0.0,0.0,0.0,0.0,0.03125,0.015625,0.953125
10,11,0.0,0.0,0.0,0.0,0.0,0.0,0.0,0.0,0.0,0.03125,0.015625,0.953125
10,11,0.0,0.0,0.0,0.0,0.0,0.0,0.0,0.0,0.0,0.03125,0.015625,0.953125
10,11,0.0,0.0,0.0,0.0,0.0,0.0,0.0,0.0,0.0,0.03125,0.015625,0.953125
10,11,0.0,0.0,0.0,0.0,0.0,0.0,0.0,0.0,0.0,0.03125,0.015625,0.953125
10,11,0.0,0.0,0.0,0.0,0.0,0.0,0.0,0.0,0.0,0.03125,0.015625,0.953125
10,11,0.0,0.0,0.0,0.0,0.0,0.0,0.0,0.0,0.0,0.03125,0.015625,0.953125
10,11,0.0,0.0,0.0,0.0,0.0,0.0,0.0,0.0,0.0,0.03125,0.015625,0.953125
10,11,0.0,0.0,0.0,0.0,0.0,0.0,0.0,0.0,0.0,0.03125,0.015625,0.953125
10,11,0.0,0.0,0.0,0.0,0.0,0.0,0.0,0.0,0.0,0.03125,0.015625,0.953125
10,11,0.0,0.0,0.0,0.0,0.0,0.0,0.0,0.0,0.0,0.03125,0.015625,0.953125
10,11,0.0,0.0,0.0,0.0,0.0,0.0,0.0,0.0,0.0,0.03125,0.015625,0.953125
10,11,0.0,0.0,0.0,0.0,0.0,0.0,0.0,0.0,0.0,0.03125,0.015625,0.953125
10,11,0.0,0.0,0.0,0.0,0.0,0.0,0.0,0.0,0.0,0.03125,0.015625,0.953125
10,11,0.0,0.0,0.0,0.0,0.0,0.0,0.0,0.0,0.0,0.03125,0.015625,0.953125
10,11,0.0,0.0,0.0,0.0,0.0,0.0,0.0,0.0,0.0,0.03125,0.015625,0.953125
10,11,0.0,0.0,0.0,0.0,0.0,0.0,0.0,0.0,0.0,0.03125,0.015625,0.953125
10,11,0.0,0.0,0.0,0.0,0.0,0.0,0.0,0.0,0.0,0.03125,0.015625,0.953125
10,11,0.0,0.0,0.0,0.0,0.0,0.0,0.0,0.0,0.0,0.03125,0.015625,0.953125
10,11,0.0,0.0,0.0,0.0,0.0,0.0,0.0,0.0,0.0,0.03125,0.015625,0.953125
10,11,0.0,0.0,0.0,0.0,0.0,0.0,0.0,0.0,0.0,0.03125,0.015625,0.953125
10,11,0.0,0.0,0.0,0.0,0.0,0.0,0.0,0.0,0.0,0.03125,0.015625,0.953125
10,11,0.0,0.0,0.0,0.0,0.0,0.0,0.0,0.0,0.0,0.03125,0.015625,0.953125
10,11,0.0,0.0,0.0,0.0,0.0,0.0,0.0,0.0,0.0,0.03125,0.015625,0.953125
10,11,0.0,0.0,0.0,0.0,0.0,0.0,0.0,0.0,0.0,0.03125,0.015625,0.953125
10,11,0.0,0.0,0.0,0.0,0.0,0.0,0.0,0.0,0.0,0.03125,0.015625,0.953125
10,11,0.0,0.0,0.0,0.0,0.0,0.0,0.0,0.0,0.0,0.03125,0.015625,0.953125
10,11,0.0,0.0,0.0,0.0,0.0,0.0,0.0,0.0,0.0,0.03125,0.015625,0.953125
10,11,0.0,0.0,0.0,0.0,0.0,0.0,0.0,0.0,0.0,0.03125,0.015625,0.953125
10,11,0.0,0.0,0.0,0.0,0.0,0.0,0.0,0.0,0.0,0.03125,0.015625,0.953125
10,11,0.0,0.0,0.0,0.0,0.0,0.0,0.0,0.0,0.0,0.03125,0.015625,0.953125
10,11,0.0,0.0,0.0,0.0,0.0,0.0,0.0,0.0,0.0,0.03125,0.015625,0.953125
10,11,0.0,0.0,0.0,0.0,0.0,0.0,0.0,0.0,0.0,0.03125,0.015625,0.953125
10,11,0.0,0.0,0.0,0.0,0.0,0.0,0.0,0.0,0.0,0.03125,0.015625,0.953125
10,11,0.0,0.0,0.0,0.0,0.0,0.0,0.0,0.0,0.0,0.03125,0.015625,0.953125
10,11,0.0,0.0,0.0,0.0,0.0,0.0,0.0,0.0,0.0,0.03125,0.015625,0.953125
10,11,0.0,0.0,0.0,0.0,0.0,0.0,0.0,0.0,0.0,0.03125,0.015625,0.953125
10,11,0.0,0.0,0.0,0.0,0.0,0.0,0.0,0.0,0.0,0.03125,0.015625,0.953125
10,11,0.0,0.0,0.0,0.0,0.0,0.0,0.0,0.0,0.0,0.03125,0.015625,0.953125
10,11,0.0,0.0,0.0,0.0,0.0,0.0,0.0,0.0,0.0,0.03125,0.015625,0.953125
10,11,0.0,0.0,0.0,0.0,0.0,0.0,0.0,0.0,0.0,0.03125,0.015625,0.953125
10,11,0.0,0.0,0.0,0.0,0.0,0.0,0.0,0.0,0.0,0.03125,0.015625,0.953125
10,11,0.0,0.0,0.0,0.0,0.0,0.0,0.0,0.0,0.0,0.03125,0.015625,0.953125
10,11,0.0,0.0,0.0,0.0,0.0,0.0,0.0,0.0,0.0,0.03125,0.015625,0.953125
10,11,0.0,0.0,0.0,0.0,0.0,0.0,0.0,0.0,0.0,0.03125,0.015625,0.953125
10,11,0.0,0.0,0.0,0.0,0.0,0.0,0.0,0.0,0.0,0.03125,0.015625,0.953125
10,11,0.0,0.0,0.0,0.0,0.0,0.0,0.0,0.0,0.0,0.03125,0.015625,0.953125
10,11,0.0,0.0,0.0,0.0,0.0,0.0,0.0,0.0,0.0,0.03125,0.015625,0.953125
10,11,0.0,0.0,0.0,0.0,0.0,0.0,0.0,0.0,0.0,0.03125,0.015625,0.953125
10,11,0.0,0.0,0.0,0.0,0.0,0.0,0.0,0.0,0.0,0.03125,0.015625,0.953125
10,11,0.0,0.0,0.0,0.0,0.0,0.0,0.0,0.0,0.0,0.03125,0.015625,0.953125
10,11,0.0,0.0,0.0,0.0,0.0,0.0,0.0,0.0,0.0,0.03125,0.015625,0.953125
10,11,0.0,0.0,0.0,0.0,0.0,0.0,0.0,0.0,0.0,0.03125,0.015625,0.953125
10,11,0.0,0.0,0.0,0.0,0.0,0.0,0.0,0.0,0.0,0.03125,0.015625,0.953125
10,11,0.0,0.0,0.0,0.0,0.0,0.0,0.0,0.0,0.0,0.03125,0.015625,0.953125
10,11,0.0,0.0,0.0,0.0,0.0,0.0,0.0,0.0,0.0,0.03125,0.015625,0.953125
10,11,0.0,0.0,0.0,0.0,0.0,0.0,0.0,0.0,0.0,0.03125,0.015625,0.953125
10,11,0.0,0.0,0.0,0.0,0.0,0.0,0.0,0.0,0.0,0.03125,0.015625,0.953125
10,11,0.0,0.0,0.0,0.0,0.0,0.0,0.0,0.0,0.0,0.03125,0.015625,0.953125
10,11,0.0,0.0,0.0,0.0,0.0,0.0,0.0,0.0,0.0,0.03125,0.015625,0.953125
10,11,0.0,0.0,0.0,0.0,0.0,0.0,0.0,0.0,0.0,0.03125,0.015625,0.953125
10,11,0.0,0.0,0.0,0.0,0.0,0.0,0.0,0.0,0.0,0.03125,0.015625,0.953125
10,11,0.0,0.0,0.0,0.0,0.0,0.0,0.0,0.0,0.0,0.03125,0.015625,0.953125
10,11,0.0,0.0,0.0,0.0,0.0,0.0,0.0,0.0,0.0,0.03125,0.015625,0.953125
10,11,0.0,0.0,0.0,0.0,0.0,0.0,0.0,0.0,0.0,0.03125,0.015625,0.953125
10,11,0.0,0.0,0.0,0.0,0.0,0.0,0.0,0.0,0.0,0.03125,0.015625,0.953125
10,11,0.0,0.0,0.0,0.0,0.0,0.0,0.0,0.0,0.0,0.03125,0.015625,0.953125
10,11,0.0,0.0,0.0,0.0,0.0,0.0,0.0,0.0,0.0,0.03125,0.015625,0.953125
10,11,0.0,0.0,0.0,0.0,0.0,0.0,0.0,0.0,0.0,0.03125,0.015625,0.953125
10,11,0.0,0.0,0.0,0.0,0.0,0.0,0.0,0.0,0.0,0.03125,0.015625,0.953125
10,11,0.0,0.0,0.0,0.0,0.0,0.0,0.0,0.0,0.0,0.03125,0.015625,0.953125
10,11,0.0,0.0,0.0,0.0,0.0,0.0,0.0,0.0,0.0,0.03125,0.015625,0.953125
10,11,0.0,0.0,0.0,0.0,0.0,0.0,0.0,0.0,0.0,0.03125,0.015625,0.953125
10,11,0.0,0.0,0.0,0.0,0.0,0.0,0.0,0.0,0.0,0.03125,0.015625,0.953125
10,11,0.0,0.0,0.0,0.0,0.0,0.0,0.0,0.0,0.0,0.03125,0.015625,0.953125
10,11,0.0,0.0,0.0,0.0,0.0,0.0,0.0,0.0,0.0,0.03125,0.015625,0.953125
10,11,0.0,0.0,0.0,0.0,0.0,0.0,0.0,0.0,0.0,0.03125,0.015625,0.953125
10,11,0.0,0.0,0.0,0.0,0.0,0.0,0.0,0.0,0.0,0.03125,0.015625,0.953125
10,11,0.0,0.0,0.0,0.0,0.0,0.0,0.0,0.0,0.0,0.03125,0.015625,0.953125
10,11,0.0,0.0,0.0,0.0,0.0,0.0,0.0,0.0,0.0,0.03125,0.015625,0.953125
10,11,0.0,0.0,0.0,0.0,0.0,0.0,0.0,0.0,0.0,0.03125,0.015625,0.953125
10,11,0.0,0.0,0.0,0.0,0.0,0.0,0.0,0.0,0.0,0.03125,0.015625,0.953125
10,11,0.0,0.0,0.0,0.0,0.0,0.0,0.0,0.0,0.0,0.03125,0.015625,0.953125
10,11,0.0,0.0,0.0,0.0,0.0,0.0,0.0,0.0,0.0,0.03125,0.015625,0.953125
10,11,0.0,0.0,0.0,0.0,0.0,0.0,0.0,0.0,0.0,0.03125,0.015625,0.953125
10,11,0.0,0.0,0.0,0.0,0.0,0.0,0.0,0.0,0.0,0.03125,0.015625,0.953125
10,11,0.0,0.0,0.0,0.0,0.0,0.0,0.0,0.0,0.0,0.03125,0.015625,0.953125
10,11,0.0,0.0,0.0,0.0,0.0,0.0,0.0,0.0,0.0,0.03125,0.015625,0.953125
10,11,0.0,0.0,0.0,0.0,0.0,0.0,0.0,0.0,0.0,0.03125,0.015625,0.953125
10,11,0.0,0.0,0.0,0.0,0.0,0.0,0.0,0.0,0.0,0.03125,0.015625,0.953125
10,11,0.0,0.0,0.0,0.0,0.0,0.0,0.0,0.0,0.0,0.03125,0.015625,0.953125
10,11,0.0,0.0,0.0,0.0,0.0,0.0,0.0,0.0,0.0,0.03125,0.015625,0.953125
10,11,0.0,0.0,0.0,0.0,0.0,0.0,0.0,0.0,0.0,0.03125,0.015625,0.953125
10,11,0.0,0.0,0.0,0.0,0.0,0.0,0.0,0.0,0.0,0.03125,0.015625,0.953125
10,11,0.0,0.0,0.0,0.0,0.0,0.0,0.0,0.0,0.0,0.03125,0.015625,0.953125
10,11,0.0,0.0,0.0,0.0,0.0,0.0,0.0,0.0,0.0,0.03125,0.015625,0.953125
10,11,0.0,0.0,0.0,0.0,0.0,0.0,0.0,0.0,0.0,0.03125,0.015625,0.953125
10,11,0.0,0.0,0.0,0.0,0.0,0.0,0.0,0.0,0.0,0.03125,0.015625,0.953125
10,11,0.0,0.0,0.0,0.0,0.0,0.0,0.0,0.0,0.0,0.03125,0.015625,0.953125
10,11,0.0,0.0,0.0,0.0,0.0,0.0,0.0,0.0,0.0,0.03125,0.015625,0.953125
10,11,0.0,0.0,0.0,0.0,0.0,0.0,0.0,0.0,0.0,0.03125,0.015625,0.953125
10,11,0.0,0.0,0.0,0.0,0.0,0.0,0.0,0.0,0.0,0.03125,0.015625,0.953125
10,11,0.0,0.0,0.0,0.0,0.0,0.0,0.0,0.0,0.0,0.03125,0.015625,0.953125
10,11,0.0,0.0,0.0,0.0,0.0,0.0,0.0,0.0,0.0,0.03125,0.015625,0.953125
10,11,0.0,0.0,0.0,0.0,0.0,0.0,0.0,0.0,0.0,0.03125,0.015625,0.953125
10,11,0.0,0.0,0.0,0.0,0.0,0.0,0.0,0.0,0.0,0.03125,0.015625,0.953125
10,11,0.0,0.0,0.0,0.0,0.0,0.0,0.0,0.0,0.0,0.03125,0.015625,0.953125
10,11,0.0,0.0,0.0,0.0,0.0,0.0,0.0,0.0,0.0,0.03125,0.015625,0.953125
10,11,0.0,0.0,0.0,0.0,0.0,0.0,0.0,0.0,0.0,0.03125,0.015625,0.953125
10,11,0.0,0.0,0.0,0.0,0.0,0.0,0.0,0.0,0.0,0.03125,0.015625,0.953125
10,11,0.0,0.0,0.0,0.0,0.0,0.0,0.0,0.0,0.0,0.03125,0.015625,0.953125
10,11,0.0,0.0,0.0,0.0,0.0,0.0,0.0,0.0,0.0,0.03125,0.015625,0.953125
10,11,0.0,0.0,0.0,0.0,0.0,0.0,0.0,0.0,0.0,0.03125,0.015625,0.953125
10,11,0.0,0.0,0.0,0.0,0.0,0.0,0.0,0.0,0.0,0.03125,0.015625,0.953125
10,11,0.0,0.0,0.0,0.0,0.0,0.0,0.0,0.0,0.0,0.03125,0.015625,0.953125
10,11,0.0,0.0,0.0,0.0,0.0,0.0,0.0,0.0,0.0,0.03125,0.015625,0.953125
10,11,0.0,0.0,0.0,0.0,0.0,0.0,0.0,0.0,0.0,0.03125,0.015625,0.953125
10,11,0.0,0.0,0.0,0.0,0.0,0.0,0.0,0.0,0.0,0.03125,0.015625,0.953125
10,11,0.0,0.0,0.0,0.0,0.0,0.0,0.0,0.0,0.0,0.03125,0.015625,0.953125
10,11,0.0,0.0,0.0,0.0,0.0,0.0,0.0,0.0,0.0,0.03125,0.015625,0.953125
10,11,0.0,0.0,0.0,0.0,0.0,0.0,0.0,0.0,0.0,0.03125,0.015625,0.953125
10,11,0.0,0.0,0.0,0.0,0.0,0.0,0.0,0.0,0.0,0.03125,0.015625,0.953125
10,11,0.0,0.0,0.0,0.0,0.0,0.0,0.0,0.0,0.0,0.03125,0.015625,0.953125
10,11,0.0,0.0,0.0,0.0,0.0,0.0,0.0,0.0,0.0,0.03125,0.015625,0.953125
10,11,0.0,0.0,0.0,0.0,0.0,0.0,0.0,0.0,0.0,0.03125,0.015625,0.953125
10,11,0.0,0.0,0.0,0.0,0.0,0.0,0.0,0.0,0.0,0.03125,0.015625,0.953125
10,11,0.0,0.0,0.0,0.0,0.0,0.0,0.0,0.0,0.0,0.03125,0.015625,0.953125
10,11,0.0,0.0,0.0,0.0,0.0,0.0,0.0,0.0,0.0,0.03125,0.015625,0.953125
10,11,0.0,0.0,0.0,0.0,0.0,0.0,0.0,0.0,0.0,0.03125,0.015625,0.953125
10,11,0.0,0.0,0.0,0.0,0.0,0.0,0.0,0.0,0.0,0.03125,0.015625,0.953125
10,11,0.0,0.0,0.0,0.0,0.0,0.0,0.0,0.0,0.0,0.03125,0.015625,0.953125
10,11,0.0,0.0,0.0,0.0,0.0,0.0,0.0,0.0,0.0,0.03125,0.015625,0.953125
10,11,0.0,0.0,0.0,0.0,0.0,0.0,0.0,0.0,0.0,0.03125,0.015625,0.953125
10,11,0.0,0.0,0.0,0.0,0.0,0.0,0.0,0.0,0.0,0.03125,0.015625,0.953125
10,11,0.0,0.0,0.0,0.0,0.0,0.0,0.0,0.0,0.0,0.03125,0.015625,0.953125
10,11,0.0,0.0,0.0,0.0,0.0,0.0,0.0,0.0,0.0,0.03125,0.015625,0.953125
10,11,0.0,0.0,0.0,0.0,0.0,0.0,0.0,0.0,0.0,0.03125,0.015625,0.953125
10,11,0.0,0.0,0.0,0.0,0.0,0.0,0.0,0.0,0.0,0.03125,0.015625,0.953125
10,11,0.0,0.0,0.0,0.0,0.0,0.0,0.0,0.0,0.0,0.03125,0.015625,0.953125
10,11,0.0,0.0,0.0,0.0,0.0,0.0,0.0,0.0,0.0,0.03125,0.015625,0.953125
10,11,0.0,0.0,0.0,0.0,0.0,0.0,0.0,0.0,0.0,0.03125,0.015625,0.953125
10,11,0.0,0.0,0.0,0.0,0.0,0.0,0.0,0.0,0.0,0.03125,0.015625,0.953125
10,11,0.0,0.0,0.0,0.0,0.0,0.0,0.0,0.0,0.0,0.03125,0.015625,0.953125
10,11,0.0,0.0,0.0,0.0,0.0,0.0,0.0,0.0,0.0,0.03125,0.015625,0.953125
10,11,0.0,0.0,0.0,0.0,0.0,0.0,0.0,0.0,0.0,0.03125,0.015625,0.953125
10,11,0.0,0.0,0.0,0.0,0.0,0.0,0.0,0.0,0.0,0.03125,0.015625,0.953125
10,11,0.0,0.0,0.0,0.0,0.0,0.0,0.0,0.0,0.0,0.03125,0.015625,0.953125
10,11,0.0,0.0,0.0,0.0,0.0,0.0,0.0,0.0,0.0,0.03125,0.015625,0.953125
10,11,0.0,0.0,0.0,0.0,0.0,0.0,0.0,0.0,0.0,0.03125,0.015625,0.953125
10,11,0.0,0.0,0.0,0.0,0.0,0.0,0.0,0.0,0.0,0.03125,0.015625,0.953125
10,11,0.0,0.0,0.0,0.0,0.0,0.0,0.0,0.0,0.0,0.03125,0.015625,0.953125
10,11,0.0,0.0,0.0,0.0,0.0,0.0,0.0,0.0,0.0,0.03125,0.015625,0.953125
10,11,0.0,0.0,0.0,0.0,0.0,0.0,0.0,0.0,0.0,0.03125,0.015625,0.953125
10,11,0.0,0.0,0.0,0.0,0.0,0.0,0.0,0.0,0.0,0.03125,0.015625,0.953125
10,11,0.0,0.0,0.0,0.0,0.0,0.0,0.0,0.0,0.0,0.03125,0.015625,0.953125
10,11,0.0,0.0,0.0,0.0,0.0,0.0,0.0,0.0,0.0,0.03125,0.015625,0.953125
10,11,0.0,0.0,0.0,0.0,0.0,0.0,0.0,0.0,0.0,0.03125,0.015625,0.953125
10,11,0.0,0.0,0.0,0.0,0.0,0.0,0.0,0.0,0.0,0.03125,0.015625,0.953125
10,11,0.0,0.0,0.0,0.0,0.0,0.0,0.0,0.0,0.0,0.03125,0.015625,0.953125
10,11,0.0,0.0,0.0,0.0,0.0,0.0,0.0,0.0,0.0,0.03125,0.015625,0.953125
10,11,0.0,0.0,0.0,0.0,0.0,0.0,0.0,0.0,0.0,0.03125,0.015625,0.953125
10,11,0.0,0.0,0.0,0.0,0.0,0.0,0.0,0.0,0.0,0.03125,0.015625,0.953125
10,11,0.0,0.0,0.0,0.0,0.0,0.0,0.0,0.0,0.0,0.03125,0.015625,0.953125
10,11,0.0,0.0,0.0,0.0,0.0,0.0,0.0,0.0,0.0,0.03125,0.015625,0.953125
10,11,0.0,0.0,0.0,0.0,0.0,0.0,0.0,0.0,0.0,0.03125,0.015625,0.953125
10,11,0.0,0.0,0.0,0.0,0.0,0.0,0.0,0.0,0.0,0.03125,0.015625,0.953125
10,11,0.0,0.0,0.0,0.0,0.0,0.0,0.0,0.0,0.0,0.03125,0.015625,0.953125
10,11,0.0,0.0,0.0,0.0,0.0,0.0,0.0,0.0,0.0,0.03125,0.015625,0.953125
10,11,0.0,0.0,0.0,0.0,0.0,0.0,0.0,0.0,0.0,0.03125,0.015625,0.953125
10,11,0.0,0.0,0.0,0.0,0.0,0.0,0.0,0.0,0.0,0.03125,0.015625,0.953125
10,11,0.0,0.0,0.0,0.0,0.0,0.0,0.0,0.0,0.0,0.03125,0.015625,0.953125
10,11,0.0,0.0,0.0,0.0,0.0,0.0,0.0,0.0,0.0,0.03125,0.015625,0.953125
10,11,0.0,0.0,0.0,0.0,0.0,0.0,0.0,0.0,0.0,0.03125,0.015625,0.953125
10,11,0.0,0.0,0.0,0.0,0.0,0.0,0.0,0.0,0.0,0.03125,0.015625,0.953125
10,11,0.0,0.0,0.0,0.0,0.0,0.0,0.0,0.0,0.0,0.03125,0.015625,0.953125
10,11,0.0,0.0,0.0,0.0,0.0,0.0,0.0,0.0,0.0,0.03125,0.015625,0.953125
10,11,0.0,0.0,0.0,0.0,0.0,0.0,0.0,0.0,0.0,0.03125,0.015625,0.953125
10,11,0.0,0.0,0.0,0.0,0.0,0.0,0.0,0.0,0.0,0.03125,0.015625,0.953125
10,11,0.0,0.0,0.0,0.0,0.0,0.0,0.0,0.0,0.0,0.03125,0.015625,0.953125
10,11,0.0,0.0,0.0,0.0,0.0,0.0,0.0,0.0,0.0,0.03125,0.015625,0.953125
10,11,0.0,0.0,0.0,0.0,0.0,0.0,0.0,0.0,0.0,0.03125,0.015625,0.953125
10,11,0.0,0.0,0.0,0.0,0.0,0.0,0.0,0.0,0.0,0.03125,0.015625,0.953125
10,11,0.0,0.0,0.0,0.0,0.0,0.0,0.0,0.0,0.0,0.03125,0.015625,0.953125
10,11,0.0,0.0,0.0,0.0,0.0,0.0,0.0,0.0,0.0,0.03125,0.015625,0.953125
10,11,0.0,0.0,0.0,0.0,0.0,0.0,0.0,0.0,0.0,0.03125,0.015625,0.953125
10,11,0.0,0.0,0.0,0.0,0.0,0.0,0.0,0.0,0.0,0.03125,0.015625,0.953125
10,11,0.0,0.0,0.0,0.0,0.0,0.0,0.0,0.0,0.0,0.03125,0.015625,0.953125
10,11,0.0,0.0,0.0,0.0,0.0,0.0,0.0,0.0,0.0,0.03125,0.015625,0.953125
10,11,0.0,0.0,0.0,0.0,0.0,0.0,0.0,0.0,0.0,0.03125,0.015625,0.953125
10,11,0.0,0.0,0.0,0.0,0.0,0.0,0.0,0.0,0.0,0.03125,0.015625,0.953125
10,11,0.0,0.0,0.0,0.0,0.0,0.0,0.0,0.0,0.0,0.03125,0.015625,0.953125
10,11,0.0,0.0,0.0,0.0,0.0,0.0,0.0,0.0,0.0,0.03125,0.015625,0.953125
10,11,0.0,0.0,0.0,0.0,0.0,0.0,0.0,0.0,0.0,0.03125,0.015625,0.953125
10,11,0.0,0.0,0.0,0.0,0.0,0.0,0.0,0.0,0.0,0.03125,0.015625,0.953125
10,11,0.0,0.0,0.0,0.0,0.0,0.0,0.0,0.0,0.0,0.03125,0.015625,0.953125
10,11,0.0,0.0,0.0,0.0,0.0,0.0,0.0,0.0,0.0,0.03125,0.015625,0.953125
10,11,0.0,0.0,0.0,0.0,0.0,0.0,0.0,0.0,0.0,0.03125,0.015625,0.953125
10,11,0.0,0.0,0.0,0.0,0.0,0.0,0.0,0.0,0.0,0.03125,0.015625,0.953125
10,11,0.0,0.0,0.0,0.0,0.0,0.0,0.0,0.0,0.0,0.03125,0.015625,0.953125
10,11,0.0,0.0,0.0,0.0,0.0,0.0,0.0,0.0,0.0,0.03125,0.015625,0.953125
10,11,0.0,0.0,0.0,0.0,0.0,0.0,0.0,0.0,0.0,0.03125,0.015625,0.953125
10,11,0.0,0.0,0.0,0.0,0.0,0.0,0.0,0.0,0.0,0.03125,0.015625,0.953125
10,11,0.0,0.0,0.0,0.0,0.0,0.0,0.0,0.0,0.0,0.03125,0.015625,0.953125
10,11,0.0,0.0,0.0,0.0,0.0,0.0,0.0,0.0,0.0,0.03125,0.015625,0.953125
10,11,0.0,0.0,0.0,0.0,0.0,0.0,0.0,0.0,0.0,0.03125,0.015625,0.953125
10,11,0.0,0.0,0.0,0.0,0.0,0.0,0.0,0.0,0.0,0.03125,0.015625,0.953125
10,11,0.0,0.0,0.0,0.0,0.0,0.0,0.0,0.0,0.0,0.03125,0.015625,0.953125
10,11,0.0,0.0,0.0,0.0,0.0,0.0,0.0,0.0,0.0,0.03125,0.015625,0.953125
10,11,0.0,0.0,0.0,0.0,0.0,0.0,0.0,0.0,0.0,0.03125,0.015625,0.953125
10,11,0.0,0.0,0.0,0.0,0.0,0.0,0.0,0.0,0.0,0.03125,0.015625,0.953125
10,11,0.0,0.0,0.0,0.0,0.0,0.0,0.0,0.0,0.0,0.03125,0.015625,0.953125
10,11,0.0,0.0,0.0,0.0,0.0,0.0,0.0,0.0,0.0,0.03125,0.015625,0.953125
10,11,0.0,0.0,0.0,0.0,0.0,0.0,0.0,0.0,0.0,0.03125,0.015625,0.953125
10,11,0.0,0.0,0.0,0.0,0.0,0.0,0.0,0.0,0.0,0.03125,0.015625,0.953125
10,11,0.0,0.0,0.0,0.0,0.0,0.0,0.0,0.0,0.0,0.03125,0.015625,0.953125
10,11,0.0,0.0,0.0,0.0,0.0,0.0,0.0,0.0,0.0,0.03125,0.015625,0.953125
10,11,0.0,0.0,0.0,0.0,0.0,0.0,0.0,0.0,0.0,0.03125,0.015625,0.953125
10,11,0.0,0.0,0.0,0.0,0.0,0.0,0.0,0.0,0.0,0.03125,0.015625,0.953125
10,11,0.0,0.0,0.0,0.0,0.0,0.0,0.0,0.0,0.0,0.03125,0.015625,0.953125
10,11,0.0,0.0,0.0,0.0,0.0,0.0,0.0,0.0,0.0,0.03125,0.015625,0.953125
10,11,0.0,0.0,0.0,0.0,0.0,0.0,0.0,0.0,0.0,0.03125,0.015625,0.953125
10,11,0.0,0.0,0.0,0.0,0.0,0.0,0.0,0.0,0.0,0.03125,0.015625,0.953125
10,11,0.0,0.0,0.0,0.0,0.0,0.0,0.0,0.0,0.0,0.03125,0.015625,0.953125
10,11,0.0,0.0,0.0,0.0,0.0,0.0,0.0,0.0,0.0,0.03125,0.015625,0.953125
10,11,0.0,0.0,0.0,0.0,0.0,0.0,0.0,0.0,0.0,0.03125,0.015625,0.953125
10,11,0.0,0.0,0.0,0.0,0.0,0.0,0.0,0.0,0.0,0.03125,0.015625,0.953125
10,11,0.0,0.0,0.0,0.0,0.0,0.0,0.0,0.0,0.0,0.03125,0.015625,0.953125
10,11,0.0,0.0,0.0,0.0,0.0,0.0,0.0,0.0,0.0,0.03125,0.015625,0.953125
10,11,0.0,0.0,0.0,0.0,0.0,0.0,0.0,0.0,0.0,0.03125,0.015625,0.953125
10,11,0.0,0.0,0.0,0.0,0.0,0.0,0.0,0.0,0.0,0.03125,0.015625,0.953125
10,11,0.0,0.0,0.0,0.0,0.0,0.0,0.0,0.0,0.0,0.03125,0.015625,0.953125
10,11,0.0,0.0,0.0,0.0,0.0,0.0,0.0,0.0,0.0,0.03125,0.015625,0.953125
10,11,0.0,0.0,0.0,0.0,0.0,0.0,0.0,0.0,0.0,0.03125,0.015625,0.953125
10,11,0.0,0.0,0.0,0.0,0.0,0.0,0.0,0.0,0.0,0.03125,0.015625,0.953125
10,11,0.0,0.0,0.0,0.0,0.0,0.0,0.0,0.0,0.0,0.03125,0.015625,0.953125
10,11,0.0,0.0,0.0,0.0,0.0,0.0,0.0,0.0,0.0,0.03125,0.015625,0.953125
10,11,0.0,0.0,0.0,0.0,0.0,0.0,0.0,0.0,0.0,0.03125,0.015625,0.953125
10,11,0.0,0.0,0.0,0.0,0.0,0.0,0.0,0.0,0.0,0.03125,0.015625,0.953125
10,11,0.0,0.0,0.0,0.0,0.0,0.0,0.0,0.0,0.0,0.03125,0.015625,0.953125
10,11,0.0,0.0,0.0,0.0,0.0,0.0,0.0,0.0,0.0,0.03125,0.015625,0.953125
10,11,0.0,0.0,0.0,0.0,0.0,0.0,0.0,0.0,0.0,0.03125,0.015625,0.953125
10,11,0.0,0.0,0.0,0.0,0.0,0.0,0.0,0.0,0.0,0.03125,0.015625,0.953125
10,11,0.0,0.0,0.0,0.0,0.0,0.0,0.0,0.0,0.0,0.03125,0.015625,0.953125
10,11,0.0,0.0,0.0,0.0,0.0,0.0,0.0,0.0,0.0,0.03125,0.015625,0.953125
10,11,0.0,0.0,0.0,0.0,0.0,0.0,0.0,0.0,0.0,0.03125,0.015625,0.953125
10,11,0.0,0.0,0.0,0.0,0.0,0.0,0.0,0.0,0.0,0.03125,0.015625,0.953125
10,11,0.0,0.0,0.0,0.0,0.0,0.0,0.0,0.0,0.0,0.03125,0.015625,0.953125
10,11,0.0,0.0,0.0,0.0,0.0,0.0,0.0,0.0,0.0,0.03125,0.015625,0.953125
10,11,0.0,0.0,0.0,0.0,0.0,0.0,0.0,0.0,0.0,0.03125,0.015625,0.953125
10,11,0.0,0.0,0.0,0.0,0.0,0.0,0.0,0.0,0.0,0.03125,0.015625,0.953125
10,11,0.0,0.0,0.0,0.0,0.0,0.0,0.0,0.0,0.0,0.03125,0.015625,0.953125
10,11,0.0,0.0,0.0,0.0,0.0,0.0,0.0,0.0,0.0,0.03125,0.015625,0.953125
10,11,0.0,0.0,0.0,0.0,0.0,0.0,0.0,0.0,0.0,0.03125,0.015625,0.953125
10,11,0.0,0.0,0.0,0.0,0.0,0.0,0.0,0.0,0.0,0.03125,0.015625,0.953125
10,11,0.0,0.0,0.0,0.0,0.0,0.0,0.0,0.0,0.0,0.03125,0.015625,0.953125
10,11,0.0,0.0,0.0,0.0,0.0,0.0,0.0,0.0,0.0,0.03125,0.015625,0.953125
10,11,0.0,0.0,0.0,0.0,0.0,0.0,0.0,0.0,0.0,0.03125,0.015625,0.953125
10,11,0.0,0.0,0.0,0.0,0.0,0.0,0.0,0.0,0.0,0.03125,0.015625,0.953125
10,11,0.0,0.0,0.0,0.0,0.0,0.0,0.0,0.0,0.0,0.03125,0.015625,0.953125
10,11,0.0,0.0,0.0,0.0,0.0,0.0,0.0,0.0,0.0,0.03125,0.015625,0.953125
10,11,0.0,0.0,0.0,0.0,0.0,0.0,0.0,0.0,0.0,0.03125,0.015625,0.953125
10,11,0.0,0.0,0.0,0.0,0.0,0.0,0.0,0.0,0.0,0.03125,0.015625,0.953125
10,11,0.0,0.0,0.0,0.0,0.0,0.0,0.0,0.0,0.0,0.03125,0.015625,0.953125
10,11,0.0,0.0,0.0,0.0,0.0,0.0,0.0,0.0,0.0,0.03125,0.015625,0.953125
10,11,0.0,0.0,0.0,0.0,0.0,0.0,0.0,0.0,0.0,0.03125,0.015625,0.953125
10,11,0.0,0.0,0.0,0.0,0.0,0.0,0.0,0.0,0.0,0.03125,0.015625,0.953125
10,11,0.0,0.0,0.0,0.0,0.0,0.0,0.0,0.0,0.0,0.03125,0.015625,0.953125
10,11,0.0,0.0,0.0,0.0,0.0,0.0,0.0,0.0,0.0,0.03125,0.015625,0.953125
10,11,0.0,0.0,0.0,0.0,0.0,0.0,0.0,0.0,0.0,0.03125,0.015625,0.953125
10,11,0.0,0.0,0.0,0.0,0.0,0.0,0.0,0.0,0.0,0.03125,0.015625,0.953125
10,11,0.0,0.0,0.0,0.0,0.0,0.0,0.0,0.0,0.0,0.03125,0.015625,0.953125
10,11,0.0,0.0,0.0,0.0,0.0,0.0,0.0,0.0,0.0,0.03125,0.015625,0.953125
10,11,0.0,0.0,0.0,0.0,0.0,0.0,0.0,0.0,0.0,0.03125,0.015625,0.953125
10,11,0.0,0.0,0.0,0.0,0.0,0.0,0.0,0.0,0.0,0.03125,0.015625,0.953125
10,11,0.0,0.0,0.0,0.0,0.0,0.0,0.0,0.0,0.0,0.03125,0.015625,0.953125
10,11,0.0,0.0,0.0,0.0,0.0,0.0,0.0,0.0,0.0,0.03125,0.015625,0.953125
10,11,0.0,0.0,0.0,0.0,0.0,0.0,0.0,0.0,0.0,0.03125,0.015625,0.953125
10,11,0.0,0.0,0.0,0.0,0.0,0.0,0.0,0.0,0.0,0.03125,0.015625,0.953125
10,11,0.0,0.0,0.0,0.0,0.0,0.0,0.0,0.0,0.0,0.03125,0.015625,0.953125
10,11,0.0,0.0,0.0,0.0,0.0,0.0,0.0,0.0,0.0,0.03125,0.015625,0.953125
10,11,0.0,0.0,0.0,0.0,0.0,0.0,0.0,0.0,0.0,0.03125,0.015625,0.953125
10,11,0.0,0.0,0.0,0.0,0.0,0.0,0.0,0.0,0.0,0.03125,0.015625,0.953125
10,11,0.0,0.0,0.0,0.0,0.0,0.0,0.0,0.0,0.0,0.03125,0.015625,0.953125
10,11,0.0,0.0,0.0,0.0,0.0,0.0,0.0,0.0,0.0,0.03125,0.015625,0.953125
10,11,0.0,0.0,0.0,0.0,0.0,0.0,0.0,0.0,0.0,0.03125,0.015625,0.953125
10,11,0.0,0.0,0.0,0.0,0.0,0.0,0.0,0.0,0.0,0.03125,0.015625,0.953125
10,11,0.0,0.0,0.0,0.0,0.0,0.0,0.0,0.0,0.0,0.03125,0.015625,0.953125
10,11,0.0,0.0,0.0,0.0,0.0,0.0,0.0,0.0,0.0,0.03125,0.015625,0.953125
10,11,0.0,0.0,0.0,0.0,0.0,0.0,0.0,0.0,0.0,0.03125,0.015625,0.953125
10,11,0.0,0.0,0.0,0.0,0.0,0.0,0.0,0.0,0.0,0.03125,0.015625,0.953125
10,11,0.0,0.0,0.0,0.0,0.0,0.0,0.0,0.0,0.0,0.03125,0.015625,0.953125
10,11,0.0,0.0,0.0,0.0,0.0,0.0,0.0,0.0,0.0,0.03125,0.015625,0.953125
10,11,0.0,0.0,0.0,0.0,0.0,0.0,0.0,0.0,0.0,0.03125,0.015625,0.953125
10,11,0.0,0.0,0.0,0.0,0.0,0.0,0.0,0.0,0.0,0.03125,0.015625,0.953125
10,11,0.0,0.0,0.0,0.0,0.0,0.0,0.0,0.0,0.0,0.03125,0.015625,0.953125
10,11,0.0,0.0,0.0,0.0,0.0,0.0,0.0,0.0,0.0,0.03125,0.015625,0.953125
10,11,0.0,0.0,0.0,0.0,0.0,0.0,0.0,0.0,0.0,0.03125,0.015625,0.953125
10,11,0.0,0.0,0.0,0.0,0.0,0.0,0.0,0.0,0.0,0.03125,0.015625,0.953125
10,11,0.0,0.0,0.0,0.0,0.0,0.0,0.0,0.0,0.0,0.03125,0.015625,0.953125
10,11,0.0,0.0,0.0,0.0,0.0,0.0,0.0,0.0,0.0,0.03125,0.015625,0.953125
10,11,0.0,0.0,0.0,0.0,0.0,0.0,0.0,0.0,0.0,0.03125,0.015625,0.953125
10,11,0.0,0.0,0.0,0.0,0.0,0.0,0.0,0.0,0.0,0.03125,0.015625,0.953125
10,11,0.0,0.0,0.0,0.0,0.0,0.0,0.0,0.0,0.0,0.03125,0.015625,0.953125
10,11,0.0,0.0,0.0,0.0,0.0,0.0,0.0,0.0,0.0,0.03125,0.015625,0.953125
10,11,0.0,0.0,0.0,0.0,0.0,0.0,0.0,0.0,0.0,0.03125,0.015625,0.953125
10,11,0.0,0.0,0.0,0.0,0.0,0.0,0.0,0.0,0.0,0.03125,0.015625,0.953125
10,11,0.0,0.0,0.0,0.0,0.0,0.0,0.0,0.0,0.0,0.03125,0.015625,0.953125
10,11,0.0,0.0,0.0,0.0,0.0,0.0,0.0,0.0,0.0,0.03125,0.015625,0.953125
10,11,0.0,0.0,0.0,0.0,0.0,0.0,0.0,0.0,0.0,0.03125,0.015625,0.953125
10,11,0.0,0.0,0.0,0.0,0.0,0.0,0.0,0.0,0.0,0.03125,0.015625,0.953125
10,11,0.0,0.0,0.0,0.0,0.0,0.0,0.0,0.0,0.0,0.03125,0.015625,0.953125
10,11,0.0,0.0,0.0,0.0,0.0,0.0,0.0,0.0,0.0,0.03125,0.015625,0.953125
10,11,0.0,0.0,0.0,0.0,0.0,0.0,0.0,0.0,0.0,0.03125,0.015625,0.953125
10,11,0.0,0.0,0.0,0.0,0.0,0.0,0.0,0.0,0.0,0.03125,0.015625,0.953125
10,11,0.0,0.0,0.0,0.0,0.0,0.0,0.0,0.0,0.0,0.03125,0.015625,0.953125
10,11,0.0,0.0,0.0,0.0,0.0,0.0,0.0,0.0,0.0,0.03125,0.015625,0.953125
10,11,0.0,0.0,0.0,0.0,0.0,0.0,0.0,0.0,0.0,0.03125,0.015625,0.953125
10,11,0.0,0.0,0.0,0.0,0.0,0.0,0.0,0.0,0.0,0.03125,0.015625,0.953125
10,11,0.0,0.0,0.0,0.0,0.0,0.0,0.0,0.0,0.0,0.03125,0.015625,0.953125
10,11,0.0,0.0,0.0,0.0,0.0,0.0,0.0,0.0,0.0,0.03125,0.015625,0.953125
10,11,0.0,0.0,0.0,0.0,0.0,0.0,0.0,0.0,0.0,0.03125,0.015625,0.953125
10,11,0.0,0.0,0.0,0.0,0.0,0.0,0.0,0.0,0.0,0.03125,0.015625,0.953125
10,11,0.0,0.0,0.0,0.0,0.0,0.0,0.0,0.0,0.0,0.03125,0.015625,0.953125
10,11,0.0,0.0,0.0,0.0,0.0,0.0,0.0,0.0,0.0,0.03125,0.015625,0.953125
10,11,0.0,0.0,0.0,0.0,0.0,0.0,0.0,0.0,0.0,0.03125,0.015625,0.953125
10,11,0.0,0.0,0.0,0.0,0.0,0.0,0.0,0.0,0.0,0.03125,0.015625,0.953125
10,11,0.0,0.0,0.0,0.0,0.0,0.0,0.0,0.0,0.0,0.03125,0.015625,0.953125
10,11,0.0,0.0,0.0,0.0,0.0,0.0,0.0,0.0,0.0,0.03125,0.015625,0.953125
10,11,0.0,0.0,0.0,0.0,0.0,0.0,0.0,0.0,0.0,0.03125,0.015625,0.953125
10,11,0.0,0.0,0.0,0.0,0.0,0.0,0.0,0.0,0.0,0.03125,0.015625,0.953125
10,11,0.0,0.0,0.0,0.0,0.0,0.0,0.0,0.0,0.0,0.03125,0.015625,0.953125
10,11,0.0,0.0,0.0,0.0,0.0,0.0,0.0,0.0,0.0,0.03125,0.015625,0.953125
10,11,0.0,0.0,0.0,0.0,0.0,0.0,0.0,0.0,0.0,0.03125,0.015625,0.953125
10,11,0.0,0.0,0.0,0.0,0.0,0.0,0.0,0.0,0.0,0.03125,0.015625,0.953125
10,11,0.0,0.0,0.0,0.0,0.0,0.0,0.0,0.0,0.0,0.03125,0.015625,0.953125
10,11,0.0,0.0,0.0,0.0,0.0,0.0,0.0,0.0,0.0,0.03125,0.015625,0.953125
10,11,0.0,0.0,0.0,0.0,0.0,0.0,0.0,0.0,0.0,0.03125,0.015625,0.953125
10,11,0.0,0.0,0.0,0.0,0.0,0.0,0.0,0.0,0.0,0.03125,0.015625,0.953125
10,11,0.0,0.0,0.0,0.0,0.0,0.0,0.0,0.0,0.0,0.03125,0.015625,0.953125
10,11,0.0,0.0,0.0,0.0,0.0,0.0,0.0,0.0,0.0,0.03125,0.015625,0.953125
10,11,0.0,0.0,0.0,0.0,0.0,0.0,0.0,0.0,0.0,0.03125,0.015625,0.953125
10,11,0.0,0.0,0.0,0.0,0.0,0.0,0.0,0.0,0.0,0.03125,0.015625,0.953125
10,11,0.0,0.0,0.0,0.0,0.0,0.0,0.0,0.0,0.0,0.03125,0.015625,0.953125
10,11,0.0,0.0,0.0,0.0,0.0,0.0,0.0,0.0,0.0,0.03125,0.015625,0.953125
10,11,0.0,0.0,0.0,0.0,0.0,0.0,0.0,0.0,0.0,0.03125,0.015625,0.953125
10,11,0.0,0.0,0.0,0.0,0.0,0.0,0.0,0.0,0.0,0.03125,0.015625,0.953125
10,11,0.0,0.0,0.0,0.0,0.0,0.0,0.0,0.0,0.0,0.03125,0.015625,0.953125
10,11,0.0,0.0,0.0,0.0,0.0,0.0,0.0,0.0,0.0,0.03125,0.015625,0.953125
10,11,0.0,0.0,0.0,0.0,0.0,0.0,0.0,0.0,0.0,0.03125,0.015625,0.953125
10,11,0.0,0.0,0.0,0.0,0.0,0.0,0.0,0.0,0.0,0.03125,0.015625,0.953125
10,11,0.0,0.0,0.0,0.0,0.0,0.0,0.0,0.0,0.0,0.03125,0.015625,0.953125
10,11,0.0,0.0,0.0,0.0,0.0,0.0,0.0,0.0,0.0,0.03125,0.015625,0.953125
10,11,0.0,0.0,0.0,0.0,0.0,0.0,0.0,0.0,0.0,0.03125,0.015625,0.953125
10,11,0.0,0.0,0.0,0.0,0.0,0.0,0.0,0.0,0.0,0.03125,0.015625,0.953125
10,11,0.0,0.0,0.0,0.0,0.0,0.0,0.0,0.0,0.0,0.03125,0.015625,0.953125
10,11,0.0,0.0,0.0,0.0,0.0,0.0,0.0,0.0,0.0,0.03125,0.015625,0.953125
10,11,0.0,0.0,0.0,0.0,0.0,0.0,0.0,0.0,0.0,0.03125,0.015625,0.953125
10,11,0.0,0.0,0.0,0.0,0.0,0.0,0.0,0.0,0.0,0.03125,0.015625,0.953125
10,11,0.0,0.0,0.0,0.0,0.0,0.0,0.0,0.0,0.0,0.03125,0.015625,0.953125
10,11,0.0,0.0,0.0,0.0,0.0,0.0,0.0,0.0,0.0,0.03125,0.015625,0.953125
10,11,0.0,0.0,0.0,0.0,0.0,0.0,0.0,0.0,0.0,0.03125,0.015625,0.953125
10,11,0.0,0.0,0.0,0.0,0.0,0.0,0.0,0.0,0.0,0.03125,0.015625,0.953125
10,11,0.0,0.0,0.0,0.0,0.0,0.0,0.0,0.0,0.0,0.03125,0.015625,0.953125
10,11,0.0,0.0,0.0,0.0,0.0,0.0,0.0,0.0,0.0,0.03125,0.015625,0.953125
10,11,0.0,0.0,0.0,0.0,0.0,0.0,0.0,0.0,0.0,0.03125,0.015625,0.953125
10,11,0.0,0.0,0.0,0.0,0.0,0.0,0.0,0.0,0.0,0.03125,0.015625,0.953125
10,11,0.0,0.0,0.0,0.0,0.0,0.0,0.0,0.0,0.0,0.03125,0.015625,0.953125
10,11,0.0,0.0,0.0,0.0,0.0,0.0,0.0,0.0,0.0,0.03125,0.015625,0.953125
10,11,0.0,0.0,0.0,0.0,0.0,0.0,0.0,0.0,0.0,0.03125,0.015625,0.953125
10,11,0.0,0.0,0.0,0.0,0.0,0.0,0.0,0.0,0.0,0.03125,0.015625,0.953125
10,11,0.0,0.0,0.0,0.0,0.0,0.0,0.0,0.0,0.0,0.03125,0.015625,0.953125
10,11,0.0,0.0,0.0,0.0,0.0,0.0,0.0,0.0,0.0,0.03125,0.015625,0.953125
10,11,0.0,0.0,0.0,0.0,0.0,0.0,0.0,0.0,0.0,0.03125,0.015625,0.953125
10,11,0.0,0.0,0.0,0.0,0.0,0.0,0.0,0.0,0.0,0.03125,0.015625,0.953125
10,11,0.0,0.0,0.0,0.0,0.0,0.0,0.0,0.0,0.0,0.03125,0.015625,0.953125
10,11,0.0,0.0,0.0,0.0,0.0,0.0,0.0,0.0,0.0,0.03125,0.015625,0.953125
10,11,0.0,0.0,0.0,0.0,0.0,0.0,0.0,0.0,0.0,0.03125,0.015625,0.953125
10,11,0.0,0.0,0.0,0.0,0.0,0.0,0.0,0.0,0.0,0.03125,0.015625,0.953125
10,11,0.0,0.0,0.0,0.0,0.0,0.0,0.0,0.0,0.0,0.03125,0.015625,0.953125
10,11,0.0,0.0,0.0,0.0,0.0,0.0,0.0,0.0,0.0,0.03125,0.015625,0.953125
10,11,0.0,0.0,0.0,0.0,0.0,0.0,0.0,0.0,0.0,0.03125,0.015625,0.953125
10,11,0.0,0.0,0.0,0.0,0.0,0.0,0.0,0.0,0.0,0.03125,0.015625,0.953125
10,11,0.0,0.0,0.0,0.0,0.0,0.0,0.0,0.0,0.0,0.03125,0.015625,0.953125
10,11,0.0,0.0,0.0,0.0,0.0,0.0,0.0,0.0,0.0,0.03125,0.015625,0.953125
10,11,0.0,0.0,0.0,0.0,0.0,0.0,0.0,0.0,0.0,0.03125,0.015625,0.953125
10,11,0.0,0.0,0.0,0.0,0.0,0.0,0.0,0.0,0.0,0.03125,0.015625,0.953125
10,11,0.0,0.0,0.0,0.0,0.0,0.0,0.0,0.0,0.0,0.03125,0.015625,0.953125
10,11,0.0,0.0,0.0,0.0,0.0,0.0,0.0,0.0,0.0,0.03125,0.015625,0.953125
10,11,0.0,0.0,0.0,0.0,0.0,0.0,0.0,0.0,0.0,0.03125,0.015625,0.953125
10,11,0.0,0.0,0.0,0.0,0.0,0.0,0.0,0.0,0.0,0.03125,0.015625,0.953125
10,11,0.0,0.0,0.0,0.0,0.0,0.0,0.0,0.0,0.0,0.03125,0.015625,0.953125
10,11,0.0,0.0,0.0,0.0,0.0,0.0,0.0,0.0,0.0,0.03125,0.015625,0.953125
10,11,0.0,0.0,0.0,0.0,0.0,0.0,0.0,0.0,0.0,0.03125,0.015625,0.953125
10,11,0.0,0.0,0.0,0.0,0.0,0.0,0.0,0.0,0.0,0.03125,0.015625,0.953125
10,11,0.0,0.0,0.0,0.0,0.0,0.0,0.0,0.0,0.0,0.03125,0.015625,0.953125
10,11,0.0,0.0,0.0,0.0,0.0,0.0,0.0,0.0,0.0,0.03125,0.015625,0.953125
10,11,0.0,0.0,0.0,0.0,0.0,0.0,0.0,0.0,0.0,0.03125,0.015625,0.953125
10,11,0.0,0.0,0.0,0.0,0.0,0.0,0.0,0.0,0.0,0.03125,0.015625,0.953125
10,11,0.0,0.0,0.0,0.0,0.0,0.0,0.0,0.0,0.0,0.03125,0.015625,0.953125
10,11,0.0,0.0,0.0,0.0,0.0,0.0,0.0,0.0,0.0,0.03125,0.015625,0.953125
10,11,0.0,0.0,0.0,0.0,0.0,0.0,0.0,0.0,0.0,0.03125,0.015625,0.953125
10,11,0.0,0.0,0.0,0.0,0.0,0.0,0.0,0.0,0.0,0.03125,0.015625,0.953125
10,11,0.0,0.0,0.0,0.0,0.0,0.0,0.0,0.0,0.0,0.03125,0.015625,0.953125
10,11,0.0,0.0,0.0,0.0,0.0,0.0,0.0,0.0,0.0,0.03125,0.015625,0.953125
10,11,0.0,0.0,0.0,0.0,0.0,0.0,0.0,0.0,0.0,0.03125,0.015625,0.953125
10,11,0.0,0.0,0.0,0.0,0.0,0.0,0.0,0.0,0.0,0.03125,0.015625,0.953125
10,11,0.0,0.0,0.0,0.0,0.0,0.0,0.0,0.0,0.0,0.03125,0.015625,0.953125
10,11,0.0,0.0,0.0,0.0,0.0,0.0,0.0,0.0,0.0,0.03125,0.015625,0.953125
10,11,0.0,0.0,0.0,0.0,0.0,0.0,0.0,0.0,0.0,0.03125,0.015625,0.953125
10,11,0.0,0.0,0.0,0.0,0.0,0.0,0.0,0.0,0.0,0.03125,0.015625,0.953125
10,11,0.0,0.0,0.0,0.0,0.0,0.0,0.0,0.0,0.0,0.03125,0.015625,0.953125
10,11,0.0,0.0,0.0,0.0,0.0,0.0,0.0,0.0,0.0,0.03125,0.015625,0.953125
10,11,0.0,0.0,0.0,0.0,0.0,0.0,0.0,0.0,0.0,0.03125,0.015625,0.953125
10,11,0.0,0.0,0.0,0.0,0.0,0.0,0.0,0.0,0.0,0.03125,0.015625,0.953125
10,11,0.0,0.0,0.0,0.0,0.0,0.0,0.0,0.0,0.0,0.03125,0.015625,0.953125
10,11,0.0,0.0,0.0,0.0,0.0,0.0,0.0,0.0,0.0,0.03125,0.015625,0.953125
10,11,0.0,0.0,0.0,0.0,0.0,0.0,0.0,0.0,0.0,0.03125,0.015625,0.953125
10,11,0.0,0.0,0.0,0.0,0.0,0.0,0.0,0.0,0.0,0.03125,0.015625,0.953125
10,11,0.0,0.0,0.0,0.0,0.0,0.0,0.0,0.0,0.0,0.03125,0.015625,0.953125
10,11,0.0,0.0,0.0,0.0,0.0,0.0,0.0,0.0,0.0,0.03125,0.015625,0.953125
10,11,0.0,0.0,0.0,0.0,0.0,0.0,0.0,0.0,0.0,0.03125,0.015625,0.953125
10,11,0.0,0.0,0.0,0.0,0.0,0.0,0.0,0.0,0.0,0.03125,0.015625,0.953125
10,11,0.0,0.0,0.0,0.0,0.0,0.0,0.0,0.0,0.0,0.03125,0.015625,0.953125
10,11,0.0,0.0,0.0,0.0,0.0,0.0,0.0,0.0,0.0,0.03125,0.015625,0.953125
10,11,0.0,0.0,0.0,0.0,0.0,0.0,0.0,0.0,0.0,0.03125,0.015625,0.953125
10,11,0.0,0.0,0.0,0.0,0.0,0.0,0.0,0.0,0.0,0.03125,0.015625,0.953125
10,11,0.0,0.0,0.0,0.0,0.0,0.0,0.0,0.0,0.0,0.03125,0.015625,0.953125
10,11,0.0,0.0,0.0,0.0,0.0,0.0,0.0,0.0,0.0,0.03125,0.015625,0.953125
10,11,0.0,0.0,0.0,0.0,0.0,0.0,0.0,0.0,0.0,0.03125,0.015625,0.953125
10,11,0.0,0.0,0.0,0.0,0.0,0.0,0.0,0.0,0.0,0.03125,0.015625,0.953125
10,11,0.0,0.0,0.0,0.0,0.0,0.0,0.0,0.0,0.0,0.03125,0.015625,0.953125
10,11,0.0,0.0,0.0,0.0,0.0,0.0,0.0,0.0,0.0,0.03125,0.015625,0.953125
10,11,0.0,0.0,0.0,0.0,0.0,0.0,0.0,0.0,0.0,0.03125,0.015625,0.953125
10,11,0.0,0.0,0.0,0.0,0.0,0.0,0.0,0.0,0.0,0.03125,0.015625,0.953125
10,11,0.0,0.0,0.0,0.0,0.0,0.0,0.0,0.0,0.0,0.03125,0.015625,0.953125
10,11,0.0,0.0,0.0,0.0,0.0,0.0,0.0,0.0,0.0,0.03125,0.015625,0.953125
10,11,0.0,0.0,0.0,0.0,0.0,0.0,0.0,0.0,0.0,0.03125,0.015625,0.953125
10,11,0.0,0.0,0.0,0.0,0.0,0.0,0.0,0.0,0.0,0.03125,0.015625,0.953125
10,11,0.0,0.0,0.0,0.0,0.0,0.0,0.0,0.0,0.0,0.03125,0.015625,0.953125
10,11,0.0,0.0,0.0,0.0,0.0,0.0,0.0,0.0,0.0,0.03125,0.015625,0.953125
10,11,0.0,0.0,0.0,0.0,0.0,0.0,0.0,0.0,0.0,0.03125,0.015625,0.953125
10,11,0.0,0.0,0.0,0.0,0.0,0.0,0.0,0.0,0.0,0.03125,0.015625,0.953125
10,11,0.0,0.0,0.0,0.0,0.0,0.0,0.0,0.0,0.0,0.03125,0.015625,0.953125
10,11,0.0,0.0,0.0,0.0,0.0,0.0,0.0,0.0,0.0,0.03125,0.015625,0.953125
10,11,0.0,0.0,0.0,0.0,0.0,0.0,0.0,0.0,0.0,0.03125,0.015625,0.953125
10,11,0.0,0.0,0.0,0.0,0.0,0.0,0.0,0.0,0.0,0.03125,0.015625,0.953125
10,11,0.0,0.0,0.0,0.0,0.0,0.0,0.0,0.0,0.0,0.03125,0.015625,0.953125
10,11,0.0,0.0,0.0,0.0,0.0,0.0,0.0,0.0,0.0,0.03125,0.015625,0.953125
10,11,0.0,0.0,0.0,0.0,0.0,0.0,0.0,0.0,0.0,0.03125,0.015625,0.953125
10,11,0.0,0.0,0.0,0.0,0.0,0.0,0.0,0.0,0.0,0.03125,0.015625,0.953125
10,11,0.0,0.0,0.0,0.0,0.0,0.0,0.0,0.0,0.0,0.03125,0.015625,0.953125
10,11,0.0,0.0,0.0,0.0,0.0,0.0,0.0,0.0,0.0,0.03125,0.015625,0.953125
10,11,0.0,0.0,0.0,0.0,0.0,0.0,0.0,0.0,0.0,0.03125,0.015625,0.953125
10,11,0.0,0.0,0.0,0.0,0.0,0.0,0.0,0.0,0.0,0.03125,0.015625,0.953125
10,11,0.0,0.0,0.0,0.0,0.0,0.0,0.0,0.0,0.0,0.03125,0.015625,0.953125
10,11,0.0,0.0,0.0,0.0,0.0,0.0,0.0,0.0,0.0,0.03125,0.015625,0.953125
10,11,0.0,0.0,0.0,0.0,0.0,0.0,0.0,0.0,0.0,0.03125,0.015625,0.953125
10,11,0.0,0.0,0.0,0.0,0.0,0.0,0.0,0.0,0.0,0.03125,0.015625,0.953125
10,11,0.0,0.0,0.0,0.0,0.0,0.0,0.0,0.0,0.0,0.03125,0.015625,0.953125
10,11,0.0,0.0,0.0,0.0,0.0,0.0,0.0,0.0,0.0,0.03125,0.015625,0.953125
10,11,0.0,0.0,0.0,0.0,0.0,0.0,0.0,0.0,0.0,0.03125,0.015625,0.953125
10,11,0.0,0.0,0.0,0.0,0.0,0.0,0.0,0.0,0.0,0.03125,0.015625,0.953125
10,11,0.0,0.0,0.0,0.0,0.0,0.0,0.0,0.0,0.0,0.03125,0.015625,0.953125
10,11,0.0,0.0,0.0,0.0,0.0,0.0,0.0,0.0,0.0,0.03125,0.015625,0.953125
10,11,0.0,0.0,0.0,0.0,0.0,0.0,0.0,0.0,0.0,0.03125,0.015625,0.953125
10,11,0.0,0.0,0.0,0.0,0.0,0.0,0.0,0.0,0.0,0.03125,0.015625,0.953125
10,11,0.0,0.0,0.0,0.0,0.0,0.0,0.0,0.0,0.0,0.03125,0.015625,0.953125
10,11,0.0,0.0,0.0,0.0,0.0,0.0,0.0,0.0,0.0,0.03125,0.015625,0.953125
10,11,0.0,0.0,0.0,0.0,0.0,0.0,0.0,0.0,0.0,0.03125,0.015625,0.953125
10,11,0.0,0.0,0.0,0.0,0.0,0.0,0.0,0.0,0.0,0.03125,0.015625,0.953125
10,11,0.0,0.0,0.0,0.0,0.0,0.0,0.0,0.0,0.0,0.03125,0.015625,0.953125
10,11,0.0,0.0,0.0,0.0,0.0,0.0,0.0,0.0,0.0,0.03125,0.015625,0.953125
10,11,0.0,0.0,0.0,0.0,0.0,0.0,0.0,0.0,0.0,0.03125,0.015625,0.953125
10,11,0.0,0.0,0.0,0.0,0.0,0.0,0.0,0.0,0.0,0.03125,0.015625,0.953125
10,11,0.0,0.0,0.0,0.0,0.0,0.0,0.0,0.0,0.0,0.03125,0.015625,0.953125
10,11,0.0,0.0,0.0,0.0,0.0,0.0,0.0,0.0,0.0,0.03125,0.015625,0.953125
10,11,0.0,0.0,0.0,0.0,0.0,0.0,0.0,0.0,0.0,0.03125,0.015625,0.953125
10,11,0.0,0.0,0.0,0.0,0.0,0.0,0.0,0.0,0.0,0.03125,0.015625,0.953125
10,11,0.0,0.0,0.0,0.0,0.0,0.0,0.0,0.0,0.0,0.03125,0.015625,0.953125
10,11,0.0,0.0,0.0,0.0,0.0,0.0,0.0,0.0,0.0,0.03125,0.015625,0.953125
10,11,0.0,0.0,0.0,0.0,0.0,0.0,0.0,0.0,0.0,0.03125,0.015625,0.953125
10,11,0.0,0.0,0.0,0.0,0.0,0.0,0.0,0.0,0.0,0.03125,0.015625,0.953125
10,11,0.0,0.0,0.0,0.0,0.0,0.0,0.0,0.0,0.0,0.03125,0.015625,0.953125
10,11,0.0,0.0,0.0,0.0,0.0,0.0,0.0,0.0,0.0,0.03125,0.015625,0.953125
10,11,0.0,0.0,0.0,0.0,0.0,0.0,0.0,0.0,0.0,0.03125,0.015625,0.953125
10,11,0.0,0.0,0.0,0.0,0.0,0.0,0.0,0.0,0.0,0.03125,0.015625,0.953125
10,11,0.0,0.0,0.0,0.0,0.0,0.0,0.0,0.0,0.0,0.03125,0.015625,0.953125
10,11,0.0,0.0,0.0,0.0,0.0,0.0,0.0,0.0,0.0,0.03125,0.015625,0.953125
10,11,0.0,0.0,0.0,0.0,0.0,0.0,0.0,0.0,0.0,0.03125,0.015625,0.953125
10,11,0.0,0.0,0.0,0.0,0.0,0.0,0.0,0.0,0.0,0.03125,0.015625,0.953125
10,11,0.0,0.0,0.0,0.0,0.0,0.0,0.0,0.0,0.0,0.03125,0.015625,0.953125
10,11,0.0,0.0,0.0,0.0,0.0,0.0,0.0,0.0,0.0,0.03125,0.015625,0.953125
10,11,0.0,0.0,0.0,0.0,0.0,0.0,0.0,0.0,0.0,0.03125,0.015625,0.953125
10,11,0.0,0.0,0.0,0.0,0.0,0.0,0.0,0.0,0.0,0.03125,0.015625,0.953125
10,11,0.0,0.0,0.0,0.0,0.0,0.0,0.0,0.0,0.0,0.03125,0.015625,0.953125
10,11,0.0,0.0,0.0,0.0,0.0,0.0,0.0,0.0,0.0,0.03125,0.015625,0.953125
10,11,0.0,0.0,0.0,0.0,0.0,0.0,0.0,0.0,0.0,0.03125,0.015625,0.953125
10,11,0.0,0.0,0.0,0.0,0.0,0.0,0.0,0.0,0.0,0.03125,0.015625,0.953125
10,11,0.0,0.0,0.0,0.0,0.0,0.0,0.0,0.0,0.0,0.03125,0.015625,0.953125
10,11,0.0,0.0,0.0,0.0,0.0,0.0,0.0,0.0,0.0,0.03125,0.015625,0.953125
10,11,0.0,0.0,0.0,0.0,0.0,0.0,0.0,0.0,0.0,0.03125,0.015625,0.953125
10,11,0.0,0.0,0.0,0.0,0.0,0.0,0.0,0.0,0.0,0.03125,0.015625,0.953125
10,11,0.0,0.0,0.0,0.0,0.0,0.0,0.0,0.0,0.0,0.03125,0.015625,0.953125
10,11,0.0,0.0,0.0,0.0,0.0,0.0,0.0,0.0,0.0,0.03125,0.015625,0.953125
10,11,0.0,0.0,0.0,0.0,0.0,0.0,0.0,0.0,0.0,0.03125,0.015625,0.953125
10,11,0.0,0.0,0.0,0.0,0.0,0.0,0.0,0.0,0.0,0.03125,0.015625,0.953125
10,11,0.0,0.0,0.0,0.0,0.0,0.0,0.0,0.0,0.0,0.03125,0.015625,0.953125
10,11,0.0,0.0,0.0,0.0,0.0,0.0,0.0,0.0,0.0,0.03125,0.015625,0.953125
10,11,0.0,0.0,0.0,0.0,0.0,0.0,0.0,0.0,0.0,0.03125,0.015625,0.953125
10,11,0.0,0.0,0.0,0.0,0.0,0.0,0.0,0.0,0.0,0.03125,0.015625,0.953125
10,11,0.0,0.0,0.0,0.0,0.0,0.0,0.0,0.0,0.0,0.03125,0.015625,0.953125
10,11,0.0,0.0,0.0,0.0,0.0,0.0,0.0,0.0,0.0,0.03125,0.015625,0.953125
10,11,0.0,0.0,0.0,0.0,0.0,0.0,0.0,0.0,0.0,0.03125,0.015625,0.953125
10,11,0.0,0.0,0.0,0.0,0.0,0.0,0.0,0.0,0.0,0.03125,0.015625,0.953125
10,11,0.0,0.0,0.0,0.0,0.0,0.0,0.0,0.0,0.0,0.03125,0.015625,0.953125
10,11,0.0,0.0,0.0,0.0,0.0,0.0,0.0,0.0,0.0,0.03125,0.015625,0.953125
10,11,0.0,0.0,0.0,0.0,0.0,0.0,0.0,0.0,0.0,0.03125,0.015625,0.953125
10,11,0.0,0.0,0.0,0.0,0.0,0.0,0.0,0.0,0.0,0.03125,0.015625,0.953125
10,11,0.0,0.0,0.0,0.0,0.0,0.0,0.0,0.0,0.0,0.03125,0.015625,0.953125
10,11,0.0,0.0,0.0,0.0,0.0,0.0,0.0,0.0,0.0,0.03125,0.015625,0.953125
10,11,0.0,0.0,0.0,0.0,0.0,0.0,0.0,0.0,0.0,0.03125,0.015625,0.953125
10,11,0.0,0.0,0.0,0.0,0.0,0.0,0.0,0.0,0.0,0.03125,0.015625,0.953125
10,11,0.0,0.0,0.0,0.0,0.0,0.0,0.0,0.0,0.0,0.03125,0.015625,0.953125
10,11,0.0,0.0,0.0,0.0,0.0,0.0,0.0,0.0,0.0,0.03125,0.015625,0.953125
10,11,0.0,0.0,0.0,0.0,0.0,0.0,0.0,0.0,0.0,0.03125,0.015625,0.953125
10,11,0.0,0.0,0.0,0.0,0.0,0.0,0.0,0.0,0.0,0.03125,0.015625,0.953125
10,11,0.0,0.0,0.0,0.0,0.0,0.0,0.0,0.0,0.0,0.03125,0.015625,0.953125
10,11,0.0,0.0,0.0,0.0,0.0,0.0,0.0,0.0,0.0,0.03125,0.015625,0.953125
10,11,0.0,0.0,0.0,0.0,0.0,0.0,0.0,0.0,0.0,0.03125,0.015625,0.953125
10,11,0.0,0.0,0.0,0.0,0.0,0.0,0.0,0.0,0.0,0.03125,0.015625,0.953125
10,11,0.0,0.0,0.0,0.0,0.0,0.0,0.0,0.0,0.0,0.03125,0.015625,0.953125
10,11,0.0,0.0,0.0,0.0,0.0,0.0,0.0,0.0,0.0,0.03125,0.015625,0.953125
10,11,0.0,0.0,0.0,0.0,0.0,0.0,0.0,0.0,0.0,0.03125,0.015625,0.953125
10,11,0.0,0.0,0.0,0.0,0.0,0.0,0.0,0.0,0.0,0.03125,0.015625,0.953125
10,11,0.0,0.0,0.0,0.0,0.0,0.0,0.0,0.0,0.0,0.03125,0.015625,0.953125
10,11,0.0,0.0,0.0,0.0,0.0,0.0,0.0,0.0,0.0,0.03125,0.015625,0.953125
10,11,0.0,0.0,0.0,0.0,0.0,0.0,0.0,0.0,0.0,0.03125,0.015625,0.953125
10,11,0.0,0.0,0.0,0.0,0.0,0.0,0.0,0.0,0.0,0.03125,0.015625,0.953125
10,11,0.0,0.0,0.0,0.0,0.0,0.0,0.0,0.0,0.0,0.03125,0.015625,0.953125
10,11,0.0,0.0,0.0,0.0,0.0,0.0,0.0,0.0,0.0,0.03125,0.015625,0.953125
10,11,0.0,0.0,0.0,0.0,0.0,0.0,0.0,0.0,0.0,0.03125,0.015625,0.953125
10,11,0.0,0.0,0.0,0.0,0.0,0.0,0.0,0.0,0.0,0.03125,0.015625,0.953125
10,11,0.0,0.0,0.0,0.0,0.0,0.0,0.0,0.0,0.0,0.03125,0.015625,0.953125
10,11,0.0,0.0,0.0,0.0,0.0,0.0,0.0,0.0,0.0,0.03125,0.015625,0.953125
10,11,0.0,0.0,0.0,0.0,0.0,0.0,0.0,0.0,0.0,0.03125,0.015625,0.953125
10,11,0.0,0.0,0.0,0.0,0.0,0.0,0.0,0.0,0.0,0.03125,0.015625,0.953125
10,11,0.0,0.0,0.0,0.0,0.0,0.0,0.0,0.0,0.0,0.03125,0.015625,0.953125
10,11,0.0,0.0,0.0,0.0,0.0,0.0,0.0,0.0,0.0,0.03125,0.015625,0.953125
10,11,0.0,0.0,0.0,0.0,0.0,0.0,0.0,0.0,0.0,0.03125,0.015625,0.953125
10,11,0.0,0.0,0.0,0.0,0.0,0.0,0.0,0.0,0.0,0.03125,0.015625,0.953125
10,11,0.0,0.0,0.0,0.0,0.0,0.0,0.0,0.0,0.0,0.03125,0.015625,0.953125
10,11,0.0,0.0,0.0,0.0,0.0,0.0,0.0,0.0,0.0,0.03125,0.015625,0.953125
10,11,0.0,0.0,0.0,0.0,0.0,0.0,0.0,0.0,0.0,0.03125,0.015625,0.953125
10,11,0.0,0.0,0.0,0.0,0.0,0.0,0.0,0.0,0.0,0.03125,0.015625,0.953125
10,11,0.0,0.0,0.0,0.0,0.0,0.0,0.0,0.0,0.0,0.03125,0.015625,0.953125
10,11,0.0,0.0,0.0,0.0,0.0,0.0,0.0,0.0,0.0,0.03125,0.015625,0.953125
10,11,0.0,0.0,0.0,0.0,0.0,0.0,0.0,0.0,0.0,0.03125,0.015625,0.953125
10,11,0.0,0.0,0.0,0.0,0.0,0.0,0.0,0.0,0.0,0.03125,0.015625,0.953125
10,11,0.0,0.0,0.0,0.0,0.0,0.0,0.0,0.0,0.0,0.03125,0.015625,0.953125
10,11,0.0,0.0,0.0,0.0,0.0,0.0,0.0,0.0,0.0,0.03125,0.015625,0.953125
10,11,0.0,0.0,0.0,0.0,0.0,0.0,0.0,0.0,0.0,0.03125,0.015625,0.953125
10,11,0.0,0.0,0.0,0.0,0.0,0.0,0.0,0.0,0.0,0.03125,0.015625,0.953125
10,11,0.0,0.0,0.0,0.0,0.0,0.0,0.0,0.0,0.0,0.03125,0.015625,0.953125
10,11,0.0,0.0,0.0,0.0,0.0,0.0,0.0,0.0,0.0,0.03125,0.015625,0.953125
10,11,0.0,0.0,0.0,0.0,0.0,0.0,0.0,0.0,0.0,0.03125,0.015625,0.953125
10,11,0.0,0.0,0.0,0.0,0.0,0.0,0.0,0.0,0.0,0.03125,0.015625,0.953125
10,11,0.0,0.0,0.0,0.0,0.0,0.0,0.0,0.0,0.0,0.03125,0.015625,0.953125
10,11,0.0,0.0,0.0,0.0,0.0,0.0,0.0,0.0,0.0,0.03125,0.015625,0.953125
10,11,0.0,0.0,0.0,0.0,0.0,0.0,0.0,0.0,0.0,0.03125,0.015625,0.953125
10,11,0.0,0.0,0.0,0.0,0.0,0.0,0.0,0.0,0.0,0.03125,0.015625,0.953125
10,11,0.0,0.0,0.0,0.0,0.0,0.0,0.0,0.0,0.0,0.03125,0.015625,0.953125
10,11,0.0,0.0,0.0,0.0,0.0,0.0,0.0,0.0,0.0,0.03125,0.015625,0.953125
10,11,0.0,0.0,0.0,0.0,0.0,0.0,0.0,0.0,0.0,0.03125,0.015625,0.953125
10,11,0.0,0.0,0.0,0.0,0.0,0.0,0.0,0.0,0.0,0.03125,0.015625,0.953125
10,11,0.0,0.0,0.0,0.0,0.0,0.0,0.0,0.0,0.0,0.03125,0.015625,0.953125
10,11,0.0,0.0,0.0,0.0,0.0,0.0,0.0,0.0,0.0,0.03125,0.015625,0.953125
10,11,0.0,0.0,0.0,0.0,0.0,0.0,0.0,0.0,0.0,0.03125,0.015625,0.953125
10,11,0.0,0.0,0.0,0.0,0.0,0.0,0.0,0.0,0.0,0.03125,0.015625,0.953125
10,11,0.0,0.0,0.0,0.0,0.0,0.0,0.0,0.0,0.0,0.03125,0.015625,0.953125
10,11,0.0,0.0,0.0,0.0,0.0,0.0,0.0,0.0,0.0,0.03125,0.015625,0.953125
10,11,0.0,0.0,0.0,0.0,0.0,0.0,0.0,0.0,0.0,0.03125,0.015625,0.953125
10,11,0.0,0.0,0.0,0.0,0.0,0.0,0.0,0.0,0.0,0.03125,0.015625,0.953125
10,11,0.0,0.0,0.0,0.0,0.0,0.0,0.0,0.0,0.0,0.03125,0.015625,0.953125
10,11,0.0,0.0,0.0,0.0,0.0,0.0,0.0,0.0,0.0,0.03125,0.015625,0.953125
10,11,0.0,0.0,0.0,0.0,0.0,0.0,0.0,0.0,0.0,0.03125,0.015625,0.953125
10,11,0.0,0.0,0.0,0.0,0.0,0.0,0.0,0.0,0.0,0.03125,0.015625,0.953125
10,11,0.0,0.0,0.0,0.0,0.0,0.0,0.0,0.0,0.0,0.03125,0.015625,0.953125
10,11,0.0,0.0,0.0,0.0,0.0,0.0,0.0,0.0,0.0,0.03125,0.015625,0.953125
10,11,0.0,0.0,0.0,0.0,0.0,0.0,0.0,0.0,0.0,0.03125,0.015625,0.953125
10,11,0.0,0.0,0.0,0.0,0.0,0.0,0.0,0.0,0.0,0.03125,0.015625,0.953125
10,11,0.0,0.0,0.0,0.0,0.0,0.0,0.0,0.0,0.0,0.03125,0.015625,0.953125
10,11,0.0,0.0,0.0,0.0,0.0,0.0,0.0,0.0,0.0,0.03125,0.015625,0.953125
10,11,0.0,0.0,0.0,0.0,0.0,0.0,0.0,0.0,0.0,0.03125,0.015625,0.953125
10,11,0.0,0.0,0.0,0.0,0.0,0.0,0.0,0.0,0.0,0.03125,0.015625,0.953125
10,11,0.0,0.0,0.0,0.0,0.0,0.0,0.0,0.0,0.0,0.03125,0.015625,0.953125
10,11,0.0,0.0,0.0,0.0,0.0,0.0,0.0,0.0,0.0,0.03125,0.015625,0.953125
10,11,0.0,0.0,0.0,0.0,0.0,0.0,0.0,0.0,0.0,0.03125,0.015625,0.953125
10,11,0.0,0.0,0.0,0.0,0.0,0.0,0.0,0.0,0.0,0.03125,0.015625,0.953125
10,11,0.0,0.0,0.0,0.0,0.0,0.0,0.0,0.0,0.0,0.03125,0.015625,0.953125
10,11,0.0,0.0,0.0,0.0,0.0,0.0,0.0,0.0,0.0,0.03125,0.015625,0.953125
10,11,0.0,0.0,0.0,0.0,0.0,0.0,0.0,0.0,0.0,0.03125,0.015625,0.953125
10,11,0.0,0.0,0.0,0.0,0.0,0.0,0.0,0.0,0.0,0.03125,0.015625,0.953125
10,11,0.0,0.0,0.0,0.0,0.0,0.0,0.0,0.0,0.0,0.03125,0.015625,0.953125
10,11,0.0,0.0,0.0,0.0,0.0,0.0,0.0,0.0,0.0,0.03125,0.015625,0.953125
10,11,0.0,0.0,0.0,0.0,0.0,0.0,0.0,0.0,0.0,0.03125,0.015625,0.953125
10,11,0.0,0.0,0.0,0.0,0.0,0.0,0.0,0.0,0.0,0.03125,0.015625,0.953125
10,11,0.0,0.0,0.0,0.0,0.0,0.0,0.0,0.0,0.0,0.03125,0.015625,0.953125
10,11,0.0,0.0,0.0,0.0,0.0,0.0,0.0,0.0,0.0,0.03125,0.015625,0.953125
10,11,0.0,0.0,0.0,0.0,0.0,0.0,0.0,0.0,0.0,0.03125,0.015625,0.953125
10,11,0.0,0.0,0.0,0.0,0.0,0.0,0.0,0.0,0.0,0.03125,0.015625,0.953125
10,11,0.0,0.0,0.0,0.0,0.0,0.0,0.0,0.0,0.0,0.03125,0.015625,0.953125
10,11,0.0,0.0,0.0,0.0,0.0,0.0,0.0,0.0,0.0,0.03125,0.015625,0.953125
10,11,0.0,0.0,0.0,0.0,0.0,0.0,0.0,0.0,0.0,0.03125,0.015625,0.953125
10,11,0.0,0.0,0.0,0.0,0.0,0.0,0.0,0.0,0.0,0.03125,0.015625,0.953125
10,11,0.0,0.0,0.0,0.0,0.0,0.0,0.0,0.0,0.0,0.03125,0.015625,0.953125
10,11,0.0,0.0,0.0,0.0,0.0,0.0,0.0,0.0,0.0,0.03125,0.015625,0.953125
10,11,0.0,0.0,0.0,0.0,0.0,0.0,0.0,0.0,0.0,0.03125,0.015625,0.953125
10,11,0.0,0.0,0.0,0.0,0.0,0.0,0.0,0.0,0.0,0.03125,0.015625,0.953125
10,11,0.0,0.0,0.0,0.0,0.0,0.0,0.0,0.0,0.0,0.03125,0.015625,0.953125
10,11,0.0,0.0,0.0,0.0,0.0,0.0,0.0,0.0,0.0,0.03125,0.015625,0.953125
10,11,0.0,0.0,0.0,0.0,0.0,0.0,0.0,0.0,0.0,0.03125,0.015625,0.953125
10,11,0.0,0.0,0.0,0.0,0.0,0.0,0.0,0.0,0.0,0.03125,0.015625,0.953125
10,11,0.0,0.0,0.0,0.0,0.0,0.0,0.0,0.0,0.0,0.03125,0.015625,0.953125
10,11,0.0,0.0,0.0,0.0,0.0,0.0,0.0,0.0,0.0,0.03125,0.015625,0.953125
10,11,0.0,0.0,0.0,0.0,0.0,0.0,0.0,0.0,0.0,0.03125,0.015625,0.953125
10,11,0.0,0.0,0.0,0.0,0.0,0.0,0.0,0.0,0.0,0.03125,0.015625,0.953125
10,11,0.0,0.0,0.0,0.0,0.0,0.0,0.0,0.0,0.0,0.03125,0.015625,0.953125
10,11,0.0,0.0,0.0,0.0,0.0,0.0,0.0,0.0,0.0,0.03125,0.015625,0.953125
10,11,0.0,0.0,0.0,0.0,0.0,0.0,0.0,0.0,0.0,0.03125,0.015625,0.953125
10,11,0.0,0.0,0.0,0.0,0.0,0.0,0.0,0.0,0.0,0.03125,0.015625,0.953125
10,11,0.0,0.0,0.0,0.0,0.0,0.0,0.0,0.0,0.0,0.03125,0.015625,0.953125
10,11,0.0,0.0,0.0,0.0,0.0,0.0,0.0,0.0,0.0,0.03125,0.015625,0.953125
10,11,0.0,0.0,0.0,0.0,0.0,0.0,0.0,0.0,0.0,0.03125,0.015625,0.953125
10,11,0.0,0.0,0.0,0.0,0.0,0.0,0.0,0.0,0.0,0.03125,0.015625,0.953125
10,11,0.0,0.0,0.0,0.0,0.0,0.0,0.0,0.0,0.0,0.03125,0.015625,0.953125
10,11,0.0,0.0,0.0,0.0,0.0,0.0,0.0,0.0,0.0,0.03125,0.015625,0.953125
10,11,0.0,0.0,0.0,0.0,0.0,0.0,0.0,0.0,0.0,0.03125,0.015625,0.953125
10,11,0.0,0.0,0.0,0.0,0.0,0.0,0.0,0.0,0.0,0.03125,0.015625,0.953125
10,11,0.0,0.0,0.0,0.0,0.0,0.0,0.0,0.0,0.0,0.03125,0.015625,0.953125
10,11,0.0,0.0,0.0,0.0,0.0,0.0,0.0,0.0,0.0,0.03125,0.015625,0.953125
10,11,0.0,0.0,0.0,0.0,0.0,0.0,0.0,0.0,0.0,0.03125,0.015625,0.953125
10,11,0.0,0.0,0.0,0.0,0.0,0.0,0.0,0.0,0.0,0.03125,0.015625,0.953125
10,11,0.0,0.0,0.0,0.0,0.0,0.0,0.0,0.0,0.0,0.03125,0.015625,0.953125
10,11,0.0,0.0,0.0,0.0,0.0,0.0,0.0,0.0,0.0,0.03125,0.015625,0.953125
10,11,0.0,0.0,0.0,0.0,0.0,0.0,0.0,0.0,0.0,0.03125,0.015625,0.953125
10,11,0.0,0.0,0.0,0.0,0.0,0.0,0.0,0.0,0.0,0.03125,0.015625,0.953125
10,11,0.0,0.0,0.0,0.0,0.0,0.0,0.0,0.0,0.0,0.03125,0.015625,0.953125
10,11,0.0,0.0,0.0,0.0,0.0,0.0,0.0,0.0,0.0,0.03125,0.015625,0.953125
10,11,0.0,0.0,0.0,0.0,0.0,0.0,0.0,0.0,0.0,0.03125,0.015625,0.953125
10,11,0.0,0.0,0.0,0.0,0.0,0.0,0.0,0.0,0.0,0.03125,0.015625,0.953125
10,11,0.0,0.0,0.0,0.0,0.0,0.0,0.0,0.0,0.0,0.03125,0.015625,0.953125
10,11,0.0,0.0,0.0,0.0,0.0,0.0,0.0,0.0,0.0,0.03125,0.015625,0.953125
10,11,0.0,0.0,0.0,0.0,0.0,0.0,0.0,0.0,0.0,0.03125,0.015625,0.953125
10,11,0.0,0.0,0.0,0.0,0.0,0.0,0.0,0.0,0.0,0.03125,0.015625,0.953125
10,11,0.0,0.0,0.0,0.0,0.0,0.0,0.0,0.0,0.0,0.03125,0.015625,0.953125
10,11,0.0,0.0,0.0,0.0,0.0,0.0,0.0,0.0,0.0,0.03125,0.015625,0.953125
10,11,0.0,0.0,0.0,0.0,0.0,0.0,0.0,0.0,0.0,0.03125,0.015625,0.953125
10,11,0.0,0.0,0.0,0.0,0.0,0.0,0.0,0.0,0.0,0.03125,0.015625,0.953125
10,11,0.0,0.0,0.0,0.0,0.0,0.0,0.0,0.0,0.0,0.03125,0.015625,0.953125
10,11,0.0,0.0,0.0,0.0,0.0,0.0,0.0,0.0,0.0,0.03125,0.015625,0.953125
10,11,0.0,0.0,0.0,0.0,0.0,0.0,0.0,0.0,0.0,0.03125,0.015625,0.953125
10,11,0.0,0.0,0.0,0.0,0.0,0.0,0.0,0.0,0.0,0.03125,0.015625,0.953125
10,11,0.0,0.0,0.0,0.0,0.0,0.0,0.0,0.0,0.0,0.03125,0.015625,0.953125
10,11,0.0,0.0,0.0,0.0,0.0,0.0,0.0,0.0,0.0,0.03125,0.015625,0.953125
10,11,0.0,0.0,0.0,0.0,0.0,0.0,0.0,0.0,0.0,0.03125,0.015625,0.953125
10,11,0.0,0.0,0.0,0.0,0.0,0.0,0.0,0.0,0.0,0.03125,0.015625,0.953125
10,11,0.0,0.0,0.0,0.0,0.0,0.0,0.0,0.0,0.0,0.03125,0.015625,0.953125
10,11,0.0,0.0,0.0,0.0,0.0,0.0,0.0,0.0,0.0,0.03125,0.015625,0.953125
10,11,0.0,0.0,0.0,0.0,0.0,0.0,0.0,0.0,0.0,0.03125,0.015625,0.953125
10,11,0.0,0.0,0.0,0.0,0.0,0.0,0.0,0.0,0.0,0.03125,0.015625,0.953125
10,11,0.0,0.0,0.0,0.0,0.0,0.0,0.0,0.0,0.0,0.03125,0.015625,0.953125
10,11,0.0,0.0,0.0,0.0,0.0,0.0,0.0,0.0,0.0,0.03125,0.015625,0.953125
10,11,0.0,0.0,0.0,0.0,0.0,0.0,0.0,0.0,0.0,0.03125,0.015625,0.953125
10,11,0.0,0.0,0.0,0.0,0.0,0.0,0.0,0.0,0.0,0.03125,0.015625,0.953125
10,11,0.0,0.0,0.0,0.0,0.0,0.0,0.0,0.0,0.0,0.03125,0.015625,0.953125
10,11,0.0,0.0,0.0,0.0,0.0,0.0,0.0,0.0,0.0,0.03125,0.015625,0.953125
10,11,0.0,0.0,0.0,0.0,0.0,0.0,0.0,0.0,0.0,0.03125,0.015625,0.953125
10,11,0.0,0.0,0.0,0.0,0.0,0.0,0.0,0.0,0.0,0.03125,0.015625,0.953125
10,11,0.0,0.0,0.0,0.0,0.0,0.0,0.0,0.0,0.0,0.03125,0.015625,0.953125
10,11,0.0,0.0,0.0,0.0,0.0,0.0,0.0,0.0,0.0,0.03125,0.015625,0.953125
10,11,0.0,0.0,0.0,0.0,0.0,0.0,0.0,0.0,0.0,0.03125,0.015625,0.953125
10,11,0.0,0.0,0.0,0.0,0.0,0.0,0.0,0.0,0.0,0.03125,0.015625,0.953125
10,11,0.0,0.0,0.0,0.0,0.0,0.0,0.0,0.0,0.0,0.03125,0.015625,0.953125
10,11,0.0,0.0,0.0,0.0,0.0,0.0,0.0,0.0,0.0,0.03125,0.015625,0.953125
10,11,0.0,0.0,0.0,0.0,0.0,0.0,0.0,0.0,0.0,0.03125,0.015625,0.953125
10,11,0.0,0.0,0.0,0.0,0.0,0.0,0.0,0.0,0.0,0.03125,0.015625,0.953125
10,11,0.0,0.0,0.0,0.0,0.0,0.0,0.0,0.0,0.0,0.03125,0.015625,0.953125
10,11,0.0,0.0,0.0,0.0,0.0,0.0,0.0,0.0,0.0,0.03125,0.015625,0.953125
10,11,0.0,0.0,0.0,0.0,0.0,0.0,0.0,0.0,0.0,0.03125,0.015625,0.953125
10,11,0.0,0.0,0.0,0.0,0.0,0.0,0.0,0.0,0.0,0.03125,0.015625,0.953125
10,11,0.0,0.0,0.0,0.0,0.0,0.0,0.0,0.0,0.0,0.03125,0.015625,0.953125
10,11,0.0,0.0,0.0,0.0,0.0,0.0,0.0,0.0,0.0,0.03125,0.015625,0.953125
10,11,0.0,0.0,0.0,0.0,0.0,0.0,0.0,0.0,0.0,0.03125,0.015625,0.953125
10,11,0.0,0.0,0.0,0.0,0.0,0.0,0.0,0.0,0.0,0.03125,0.015625,0.953125
10,11,0.0,0.0,0.0,0.0,0.0,0.0,0.0,0.0,0.0,0.03125,0.015625,0.953125
10,11,0.0,0.0,0.0,0.0,0.0,0.0,0.0,0.0,0.0,0.03125,0.015625,0.953125
10,11,0.0,0.0,0.0,0.0,0.0,0.0,0.0,0.0,0.0,0.03125,0.015625,0.953125
10,11,0.0,0.0,0.0,0.0,0.0,0.0,0.0,0.0,0.0,0.03125,0.015625,0.953125
10,11,0.0,0.0,0.0,0.0,0.0,0.0,0.0,0.0,0.0,0.03125,0.015625,0.953125
10,11,0.0,0.0,0.0,0.0,0.0,0.0,0.0,0.0,0.0,0.03125,0.015625,0.953125
10,11,0.0,0.0,0.0,0.0,0.0,0.0,0.0,0.0,0.0,0.03125,0.015625,0.953125
10,11,0.0,0.0,0.0,0.0,0.0,0.0,0.0,0.0,0.0,0.03125,0.015625,0.953125
10,11,0.0,0.0,0.0,0.0,0.0,0.0,0.0,0.0,0.0,0.03125,0.015625,0.953125
10,11,0.0,0.0,0.0,0.0,0.0,0.0,0.0,0.0,0.0,0.03125,0.015625,0.953125
10,11,0.0,0.0,0.0,0.0,0.0,0.0,0.0,0.0,0.0,0.03125,0.015625,0.953125
10,11,0.0,0.0,0.0,0.0,0.0,0.0,0.0,0.0,0.0,0.03125,0.015625,0.953125
10,11,0.0,0.0,0.0,0.0,0.0,0.0,0.0,0.0,0.0,0.03125,0.015625,0.953125
10,11,0.0,0.0,0.0,0.0,0.0,0.0,0.0,0.0,0.0,0.03125,0.015625,0.953125
10,11,0.0,0.0,0.0,0.0,0.0,0.0,0.0,0.0,0.0,0.03125,0.015625,0.953125
10,11,0.0,0.0,0.0,0.0,0.0,0.0,0.0,0.0,0.0,0.03125,0.015625,0.953125
10,11,0.0,0.0,0.0,0.0,0.0,0.0,0.0,0.0,0.0,0.03125,0.015625,0.953125
10,11,0.0,0.0,0.0,0.0,0.0,0.0,0.0,0.0,0.0,0.03125,0.015625,0.953125
10,11,0.0,0.0,0.0,0.0,0.0,0.0,0.0,0.0,0.0,0.03125,0.015625,0.953125
10,11,0.0,0.0,0.0,0.0,0.0,0.0,0.0,0.0,0.0,0.03125,0.015625,0.953125
10,11,0.0,0.0,0.0,0.0,0.0,0.0,0.0,0.0,0.0,0.03125,0.015625,0.953125
10,11,0.0,0.0,0.0,0.0,0.0,0.0,0.0,0.0,0.0,0.03125,0.015625,0.953125
10,11,0.0,0.0,0.0,0.0,0.0,0.0,0.0,0.0,0.0,0.03125,0.015625,0.953125
10,11,0.0,0.0,0.0,0.0,0.0,0.0,0.0,0.0,0.0,0.03125,0.015625,0.953125
10,11,0.0,0.0,0.0,0.0,0.0,0.0,0.0,0.0,0.0,0.03125,0.015625,0.953125
10,11,0.0,0.0,0.0,0.0,0.0,0.0,0.0,0.0,0.0,0.03125,0.015625,0.953125
10,11,0.0,0.0,0.0,0.0,0.0,0.0,0.0,0.0,0.0,0.03125,0.015625,0.953125
10,11,0.0,0.0,0.0,0.0,0.0,0.0,0.0,0.0,0.0,0.03125,0.015625,0.953125
10,11,0.0,0.0,0.0,0.0,0.0,0.0,0.0,0.0,0.0,0.03125,0.015625,0.953125
10,11,0.0,0.0,0.0,0.0,0.0,0.0,0.0,0.0,0.0,0.03125,0.015625,0.953125
10,11,0.0,0.0,0.0,0.0,0.0,0.0,0.0,0.0,0.0,0.03125,0.015625,0.953125
10,11,0.0,0.0,0.0,0.0,0.0,0.0,0.0,0.0,0.0,0.03125,0.015625,0.953125
10,11,0.0,0.0,0.0,0.0,0.0,0.0,0.0,0.0,0.0,0.03125,0.015625,0.953125
10,11,0.0,0.0,0.0,0.0,0.0,0.0,0.0,0.0,0.0,0.03125,0.015625,0.953125
10,11,0.0,0.0,0.0,0.0,0.0,0.0,0.0,0.0,0.0,0.03125,0.015625,0.953125
10,11,0.0,0.0,0.0,0.0,0.0,0.0,0.0,0.0,0.0,0.03125,0.015625,0.953125
10,11,0.0,0.0,0.0,0.0,0.0,0.0,0.0,0.0,0.0,0.03125,0.015625,0.953125
10,11,0.0,0.0,0.0,0.0,0.0,0.0,0.0,0.0,0.0,0.03125,0.015625,0.953125
10,11,0.0,0.0,0.0,0.0,0.0,0.0,0.0,0.0,0.0,0.03125,0.015625,0.953125
10,11,0.0,0.0,0.0,0.0,0.0,0.0,0.0,0.0,0.0,0.03125,0.015625,0.953125
10,11,0.0,0.0,0.0,0.0,0.0,0.0,0.0,0.0,0.0,0.03125,0.015625,0.953125
10,11,0.0,0.0,0.0,0.0,0.0,0.0,0.0,0.0,0.0,0.03125,0.015625,0.953125
10,11,0.0,0.0,0.0,0.0,0.0,0.0,0.0,0.0,0.0,0.03125,0.015625,0.953125
10,11,0.0,0.0,0.0,0.0,0.0,0.0,0.0,0.0,0.0,0.03125,0.015625,0.953125
10,11,0.0,0.0,0.0,0.0,0.0,0.0,0.0,0.0,0.0,0.03125,0.015625,0.953125
10,11,0.0,0.0,0.0,0.0,0.0,0.0,0.0,0.0,0.0,0.03125,0.015625,0.953125
10,11,0.0,0.0,0.0,0.0,0.0,0.0,0.0,0.0,0.0,0.03125,0.015625,0.953125
10,11,0.0,0.0,0.0,0.0,0.0,0.0,0.0,0.0,0.0,0.03125,0.015625,0.953125
10,11,0.0,0.0,0.0,0.0,0.0,0.0,0.0,0.0,0.0,0.03125,0.015625,0.953125
10,11,0.0,0.0,0.0,0.0,0.0,0.0,0.0,0.0,0.0,0.03125,0.015625,0.953125
10,11,0.0,0.0,0.0,0.0,0.0,0.0,0.0,0.0,0.0,0.03125,0.015625,0.953125
10,11,0.0,0.0,0.0,0.0,0.0,0.0,0.0,0.0,0.0,0.03125,0.015625,0.953125
10,11,0.0,0.0,0.0,0.0,0.0,0.0,0.0,0.0,0.0,0.03125,0.015625,0.953125
10,11,0.0,0.0,0.0,0.0,0.0,0.0,0.0,0.0,0.0,0.03125,0.015625,0.953125
10,11,0.0,0.0,0.0,0.0,0.0,0.0,0.0,0.0,0.0,0.03125,0.015625,0.953125
10,11,0.0,0.0,0.0,0.0,0.0,0.0,0.0,0.0,0.0,0.03125,0.015625,0.953125
10,11,0.0,0.0,0.0,0.0,0.0,0.0,0.0,0.0,0.0,0.03125,0.015625,0.953125
10,11,0.0,0.0,0.0,0.0,0.0,0.0,0.0,0.0,0.0,0.03125,0.015625,0.953125
10,11,0.0,0.0,0.0,0.0,0.0,0.0,0.0,0.0,0.0,0.03125,0.015625,0.953125
10,11,0.0,0.0,0.0,0.0,0.0,0.0,0.0,0.0,0.0,0.03125,0.015625,0.953125
10,11,0.0,0.0,0.0,0.0,0.0,0.0,0.0,0.0,0.0,0.03125,0.015625,0.953125
10,11,0.0,0.0,0.0,0.0,0.0,0.0,0.0,0.0,0.0,0.03125,0.015625,0.953125
10,11,0.0,0.0,0.0,0.0,0.0,0.0,0.0,0.0,0.0,0.03125,0.015625,0.953125
10,11,0.0,0.0,0.0,0.0,0.0,0.0,0.0,0.0,0.0,0.03125,0.015625,0.953125
10,11,0.0,0.0,0.0,0.0,0.0,0.0,0.0,0.0,0.0,0.03125,0.015625,0.953125
10,11,0.0,0.0,0.0,0.0,0.0,0.0,0.0,0.0,0.0,0.03125,0.015625,0.953125
10,11,0.0,0.0,0.0,0.0,0.0,0.0,0.0,0.0,0.0,0.03125,0.015625,0.953125
10,11,0.0,0.0,0.0,0.0,0.0,0.0,0.0,0.0,0.0,0.03125,0.015625,0.953125
10,11,0.0,0.0,0.0,0.0,0.0,0.0,0.0,0.0,0.0,0.03125,0.015625,0.953125
10,11,0.0,0.0,0.0,0.0,0.0,0.0,0.0,0.0,0.0,0.03125,0.015625,0.953125
10,11,0.0,0.0,0.0,0.0,0.0,0.0,0.0,0.0,0.0,0.03125,0.015625,0.953125
10,11,0.0,0.0,0.0,0.0,0.0,0.0,0.0,0.0,0.0,0.03125,0.015625,0.953125
10,11,0.0,0.0,0.0,0.0,0.0,0.0,0.0,0.0,0.0,0.03125,0.015625,0.953125
10,11,0.0,0.0,0.0,0.0,0.0,0.0,0.0,0.0,0.0,0.03125,0.015625,0.953125
10,11,0.0,0.0,0.0,0.0,0.0,0.0,0.0,0.0,0.0,0.03125,0.015625,0.953125
10,11,0.0,0.0,0.0,0.0,0.0,0.0,0.0,0.0,0.0,0.03125,0.015625,0.953125
10,11,0.0,0.0,0.0,0.0,0.0,0.0,0.0,0.0,0.0,0.03125,0.015625,0.953125
10,11,0.0,0.0,0.0,0.0,0.0,0.0,0.0,0.0,0.0,0.03125,0.015625,0.953125
10,11,0.0,0.0,0.0,0.0,0.0,0.0,0.0,0.0,0.0,0.03125,0.015625,0.953125
10,11,0.0,0.0,0.0,0.0,0.0,0.0,0.0,0.0,0.0,0.03125,0.015625,0.953125
10,11,0.0,0.0,0.0,0.0,0.0,0.0,0.0,0.0,0.0,0.03125,0.015625,0.953125
10,11,0.0,0.0,0.0,0.0,0.0,0.0,0.0,0.0,0.0,0.03125,0.015625,0.953125
10,11,0.0,0.0,0.0,0.0,0.0,0.0,0.0,0.0,0.0,0.03125,0.015625,0.953125
10,11,0.0,0.0,0.0,0.0,0.0,0.0,0.0,0.0,0.0,0.03125,0.015625,0.953125
10,11,0.0,0.0,0.0,0.0,0.0,0.0,0.0,0.0,0.0,0.03125,0.015625,0.953125
10,11,0.0,0.0,0.0,0.0,0.0,0.0,0.0,0.0,0.0,0.03125,0.015625,0.953125
10,11,0.0,0.0,0.0,0.0,0.0,0.0,0.0,0.0,0.0,0.03125,0.015625,0.953125
10,11,0.0,0.0,0.0,0.0,0.0,0.0,0.0,0.0,0.0,0.03125,0.015625,0.953125
10,11,0.0,0.0,0.0,0.0,0.0,0.0,0.0,0.0,0.0,0.03125,0.015625,0.953125
10,11,0.0,0.0,0.0,0.0,0.0,0.0,0.0,0.0,0.0,0.03125,0.015625,0.953125
10,11,0.0,0.0,0.0,0.0,0.0,0.0,0.0,0.0,0.0,0.03125,0.015625,0.953125
10,11,0.0,0.0,0.0,0.0,0.0,0.0,0.0,0.0,0.0,0.03125,0.015625,0.953125
10,11,0.0,0.0,0.0,0.0,0.0,0.0,0.0,0.0,0.0,0.03125,0.015625,0.953125
10,11,0.0,0.0,0.0,0.0,0.0,0.0,0.0,0.0,0.0,0.03125,0.015625,0.953125
10,11,0.0,0.0,0.0,0.0,0.0,0.0,0.0,0.0,0.0,0.03125,0.015625,0.953125
10,11,0.0,0.0,0.0,0.0,0.0,0.0,0.0,0.0,0.0,0.03125,0.015625,0.953125
10,11,0.0,0.0,0.0,0.0,0.0,0.0,0.0,0.0,0.0,0.03125,0.015625,0.953125
10,11,0.0,0.0,0.0,0.0,0.0,0.0,0.0,0.0,0.0,0.03125,0.015625,0.953125
10,11,0.0,0.0,0.0,0.0,0.0,0.0,0.0,0.0,0.0,0.03125,0.015625,0.953125
10,11,0.0,0.0,0.0,0.0,0.0,0.0,0.0,0.0,0.0,0.03125,0.015625,0.953125
10,11,0.0,0.0,0.0,0.0,0.0,0.0,0.0,0.0,0.0,0.03125,0.015625,0.953125
10,11,0.0,0.0,0.0,0.0,0.0,0.0,0.0,0.0,0.0,0.03125,0.015625,0.953125
10,11,0.0,0.0,0.0,0.0,0.0,0.0,0.0,0.0,0.0,0.03125,0.015625,0.953125
10,11,0.0,0.0,0.0,0.0,0.0,0.0,0.0,0.0,0.0,0.03125,0.015625,0.953125
10,11,0.0,0.0,0.0,0.0,0.0,0.0,0.0,0.0,0.0,0.03125,0.015625,0.953125
10,11,0.0,0.0,0.0,0.0,0.0,0.0,0.0,0.0,0.0,0.03125,0.015625,0.953125
10,11,0.0,0.0,0.0,0.0,0.0,0.0,0.0,0.0,0.0,0.03125,0.015625,0.953125
10,11,0.0,0.0,0.0,0.0,0.0,0.0,0.0,0.0,0.0,0.03125,0.015625,0.953125
10,11,0.0,0.0,0.0,0.0,0.0,0.0,0.0,0.0,0.0,0.03125,0.015625,0.953125
10,11,0.0,0.0,0.0,0.0,0.0,0.0,0.0,0.0,0.0,0.03125,0.015625,0.953125
10,11,0.0,0.0,0.0,0.0,0.0,0.0,0.0,0.0,0.0,0.03125,0.015625,0.953125
10,11,0.0,0.0,0.0,0.0,0.0,0.0,0.0,0.0,0.0,0.03125,0.015625,0.953125
10,11,0.0,0.0,0.0,0.0,0.0,0.0,0.0,0.0,0.0,0.03125,0.015625,0.953125
10,11,0.0,0.0,0.0,0.0,0.0,0.0,0.0,0.0,0.0,0.03125,0.015625,0.953125
10,11,0.0,0.0,0.0,0.0,0.0,0.0,0.0,0.0,0.0,0.03125,0.015625,0.953125
10,11,0.0,0.0,0.0,0.0,0.0,0.0,0.0,0.0,0.0,0.03125,0.015625,0.953125
10,11,0.0,0.0,0.0,0.0,0.0,0.0,0.0,0.0,0.0,0.03125,0.015625,0.953125
10,11,0.0,0.0,0.0,0.0,0.0,0.0,0.0,0.0,0.0,0.03125,0.015625,0.953125
10,11,0.0,0.0,0.0,0.0,0.0,0.0,0.0,0.0,0.0,0.03125,0.015625,0.953125
10,11,0.0,0.0,0.0,0.0,0.0,0.0,0.0,0.0,0.0,0.03125,0.015625,0.953125
10,11,0.0,0.0,0.0,0.0,0.0,0.0,0.0,0.0,0.0,0.03125,0.015625,0.953125
10,11,0.0,0.0,0.0,0.0,0.0,0.0,0.0,0.0,0.0,0.03125,0.015625,0.953125
10,11,0.0,0.0,0.0,0.0,0.0,0.0,0.0,0.0,0.0,0.03125,0.015625,0.953125
10,11,0.0,0.0,0.0,0.0,0.0,0.0,0.0,0.0,0.0,0.03125,0.015625,0.953125
10,11,0.0,0.0,0.0,0.0,0.0,0.0,0.0,0.0,0.0,0.03125,0.015625,0.953125
10,11,0.0,0.0,0.0,0.0,0.0,0.0,0.0,0.0,0.0,0.03125,0.015625,0.953125
10,11,0.0,0.0,0.0,0.0,0.0,0.0,0.0,0.0,0.0,0.03125,0.015625,0.953125
10,11,0.0,0.0,0.0,0.0,0.0,0.0,0.0,0.0,0.0,0.03125,0.015625,0.953125
10,11,0.0,0.0,0.0,0.0,0.0,0.0,0.0,0.0,0.0,0.03125,0.015625,0.953125
10,11,0.0,0.0,0.0,0.0,0.0,0.0,0.0,0.0,0.0,0.03125,0.015625,0.953125
10,11,0.0,0.0,0.0,0.0,0.0,0.0,0.0,0.0,0.0,0.03125,0.015625,0.953125
10,11,0.0,0.0,0.0,0.0,0.0,0.0,0.0,0.0,0.0,0.03125,0.015625,0.953125
10,11,0.0,0.0,0.0,0.0,0.0,0.0,0.0,0.0,0.0,0.03125,0.03125,0.9375
10,11,0.0,0.0,0.0,0.0,0.0,0.0,0.0,0.0,0.0,0.03125,0.03125,0.9375
10,11,0.0,0.0,0.0,0.0,0.0,0.0,0.0,0.0,0.0,0.03125,0.03125,0.9375
10,11,0.0,0.0,0.0,0.0,0.0,0.0,0.0,0.0,0.0,0.03125,0.03125,0.9375
10,11,0.0,0.0,0.0,0.0,0.0,0.0,0.0,0.0,0.0,0.03125,0.03125,0.9375
10,11,0.0,0.0,0.0,0.0,0.0,0.0,0.0,0.0,0.0,0.03125,0.03125,0.9375
10,11,0.0,0.0,0.0,0.0,0.0,0.0,0.0,0.0,0.0,0.03125,0.03125,0.9375
10,11,0.0,0.0,0.0,0.0,0.0,0.0,0.0,0.0,0.0,0.03125,0.03125,0.9375
10,11,0.0,0.0,0.0,0.0,0.0,0.0,0.0,0.0,0.0,0.015625,0.03125,0.953125
10,11,0.0,0.0,0.0,0.0,0.0,0.0,0.0,0.0,0.0,0.015625,0.03125,0.953125
10,11,0.0,0.0,0.0,0.0,0.0,0.0,0.0,0.0,0.0,0.015625,0.03125,0.953125
10,11,0.0,0.0,0.0,0.0,0.0,0.0,0.0,0.0,0.0,0.015625,0.03125,0.953125
10,11,0.0,0.0,0.0,0.0,0.0,0.0,0.0,0.0,0.0,0.015625,0.03125,0.953125
10,11,0.0,0.0,0.0,0.0,0.0,0.0,0.0,0.0,0.0,0.015625,0.03125,0.953125
10,11,0.0,0.0,0.0,0.0,0.0,0.0,0.0,0.0,0.0,0.015625,0.03125,0.953125
10,11,0.0,0.0,0.0,0.0,0.0,0.0,0.0,0.0,0.0,0.015625,0.03125,0.953125
10,11,0.0,0.0,0.0,0.0,0.0,0.0,0.0,0.0,0.0,0.015625,0.03125,0.953125
10,11,0.0,0.0,0.0,0.0,0.0,0.0,0.0,0.0,0.0,0.015625,0.03125,0.953125
10,11,0.0,0.0,0.0,0.0,0.0,0.0,0.0,0.0,0.0,0.015625,0.03125,0.953125
10,11,0.0,0.0,0.0,0.0,0.0,0.0,0.0,0.0,0.0,0.015625,0.03125,0.953125
10,11,0.0,0.0,0.0,0.0,0.0,0.0,0.0,0.0,0.0,0.015625,0.03125,0.953125
10,11,0.0,0.0,0.0,0.0,0.0,0.0,0.0,0.0,0.0,0.015625,0.03125,0.953125
10,11,0.0,0.0,0.0,0.0,0.0,0.0,0.0,0.0,0.0,0.015625,0.03125,0.953125
10,11,0.0,0.0,0.0,0.0,0.0,0.0,0.0,0.0,0.0,0.015625,0.03125,0.953125
10,11,0.0,0.0,0.0,0.0,0.0,0.0,0.0,0.0,0.0,0.015625,0.03125,0.953125
10,11,0.0,0.0,0.0,0.0,0.0,0.0,0.0,0.0,0.0,0.015625,0.03125,0.953125
10,11,0.0,0.0,0.0,0.0,0.0,0.0,0.0,0.0,0.0,0.015625,0.03125,0.953125
10,11,0.0,0.0,0.0,0.0,0.0,0.0,0.0,0.0,0.0,0.015625,0.03125,0.953125
10,11,0.0,0.0,0.0,0.0,0.0,0.0,0.0,0.0,0.0,0.015625,0.03125,0.953125
10,11,0.0,0.0,0.0,0.0,0.0,0.0,0.0,0.0,0.0,0.015625,0.03125,0.953125
10,11,0.0,0.0,0.0,0.0,0.0,0.0,0.0,0.0,0.0,0.015625,0.03125,0.953125
10,11,0.0,0.0,0.0,0.0,0.0,0.0,0.0,0.0,0.0,0.015625,0.03125,0.953125
10,11,0.0,0.0,0.0,0.0,0.0,0.0,0.0,0.0,0.0,0.015625,0.03125,0.953125
10,11,0.0,0.0,0.0,0.0,0.0,0.0,0.0,0.0,0.0,0.015625,0.03125,0.953125
10,11,0.0,0.0,0.0,0.0,0.0,0.0,0.0,0.0,0.0,0.015625,0.03125,0.953125
10,11,0.0,0.0,0.0,0.0,0.0,0.0,0.0,0.0,0.0,0.015625,0.03125,0.953125
10,11,0.0,0.0,0.0,0.0,0.0,0.0,0.0,0.0,0.0,0.015625,0.03125,0.953125
10,11,0.0,0.0,0.0,0.0,0.0,0.0,0.0,0.0,0.0,0.015625,0.03125,0.953125
10,11,0.0,0.0,0.0,0.0,0.0,0.0,0.0,0.0,0.0,0.015625,0.03125,0.953125
10,11,0.0,0.0,0.0,0.0,0.0,0.0,0.0,0.0,0.0,0.015625,0.03125,0.953125
10,11,0.0,0.0,0.0,0.0,0.0,0.0,0.0,0.0,0.0,0.015625,0.03125,0.953125
10,11,0.0,0.0,0.0,0.0,0.0,0.0,0.0,0.0,0.0,0.015625,0.03125,0.953125
10,11,0.0,0.0,0.0,0.0,0.0,0.0,0.0,0.0,0.0,0.015625,0.03125,0.953125
10,11,0.0,0.0,0.0,0.0,0.0,0.0,0.0,0.0,0.0,0.015625,0.03125,0.953125
10,11,0.0,0.0,0.0,0.0,0.0,0.0,0.0,0.0,0.0,0.015625,0.03125,0.953125
10,11,0.0,0.0,0.0,0.0,0.0,0.0,0.0,0.0,0.0,0.015625,0.03125,0.953125
10,11,0.0,0.0,0.0,0.0,0.0,0.0,0.0,0.0,0.0,0.015625,0.03125,0.953125
10,11,0.0,0.0,0.0,0.0,0.0,0.0,0.0,0.0,0.0,0.015625,0.03125,0.953125
10,11,0.0,0.0,0.0,0.0,0.0,0.0,0.0,0.0,0.0,0.015625,0.03125,0.953125
10,11,0.0,0.0,0.0,0.0,0.0,0.0,0.0,0.0,0.0,0.015625,0.03125,0.953125
10,11,0.0,0.0,0.0,0.0,0.0,0.0,0.0,0.0,0.0,0.015625,0.03125,0.953125
10,11,0.0,0.0,0.0,0.0,0.0,0.0,0.0,0.0,0.0,0.015625,0.03125,0.953125
10,11,0.0,0.0,0.0,0.0,0.0,0.0,0.0,0.0,0.0,0.015625,0.03125,0.953125
10,11,0.0,0.0,0.0,0.0,0.0,0.0,0.0,0.0,0.0,0.015625,0.03125,0.953125
10,11,0.0,0.0,0.0,0.0,0.0,0.0,0.0,0.0,0.0,0.015625,0.03125,0.953125
10,11,0.0,0.0,0.0,0.0,0.0,0.0,0.0,0.0,0.0,0.015625,0.03125,0.953125
10,11,0.0,0.0,0.0,0.0,0.0,0.0,0.0,0.0,0.0,0.015625,0.03125,0.953125
10,11,0.0,0.0,0.0,0.0,0.0,0.0,0.0,0.0,0.0,0.015625,0.03125,0.953125
10,11,0.0,0.0,0.0,0.0,0.0,0.0,0.0,0.0,0.0,0.015625,0.03125,0.953125
10,11,0.0,0.0,0.0,0.0,0.0,0.0,0.0,0.0,0.0,0.015625,0.03125,0.953125
10,11,0.0,0.0,0.0,0.0,0.0,0.0,0.0,0.0,0.0,0.015625,0.03125,0.953125
10,11,0.0,0.0,0.0,0.0,0.0,0.0,0.0,0.0,0.0,0.015625,0.03125,0.953125
10,11,0.0,0.0,0.0,0.0,0.0,0.0,0.0,0.0,0.0,0.015625,0.03125,0.953125
10,11,0.0,0.0,0.0,0.0,0.0,0.0,0.0,0.0,0.0,0.015625,0.03125,0.953125
10,11,0.0,0.0,0.0,0.0,0.0,0.0,0.0,0.0,0.0,0.015625,0.03125,0.953125
10,11,0.0,0.0,0.0,0.0,0.0,0.0,0.0,0.0,0.0,0.015625,0.03125,0.953125
10,11,0.0,0.0,0.0,0.0,0.0,0.0,0.0,0.0,0.0,0.015625,0.03125,0.953125
10,11,0.0,0.0,0.0,0.0,0.0,0.0,0.0,0.0,0.0,0.015625,0.03125,0.953125
10,11,0.0,0.0,0.0,0.0,0.0,0.0,0.0,0.0,0.0,0.015625,0.03125,0.953125
10,11,0.0,0.0,0.0,0.0,0.0,0.0,0.0,0.0,0.0,0.015625,0.03125,0.953125
10,11,0.0,0.0,0.0,0.0,0.0,0.0,0.0,0.0,0.0,0.015625,0.03125,0.953125
10,11,0.0,0.0,0.0,0.0,0.0,0.0,0.0,0.0,0.0,0.015625,0.03125,0.953125
10,11,0.0,0.0,0.0,0.0,0.0,0.0,0.0,0.0,0.0,0.015625,0.03125,0.953125
10,11,0.0,0.0,0.0,0.0,0.0,0.0,0.0,0.0,0.0,0.015625,0.03125,0.953125
10,11,0.0,0.0,0.0,0.0,0.0,0.0,0.0,0.0,0.0,0.015625,0.03125,0.953125
10,11,0.0,0.0,0.0,0.0,0.0,0.0,0.0,0.0,0.0,0.015625,0.03125,0.953125
10,11,0.0,0.0,0.0,0.0,0.0,0.0,0.0,0.0,0.0,0.015625,0.03125,0.953125
10,11,0.0,0.0,0.0,0.0,0.0,0.0,0.0,0.0,0.0,0.015625,0.03125,0.953125
10,11,0.0,0.0,0.0,0.0,0.0,0.0,0.0,0.0,0.0,0.015625,0.03125,0.953125
10,11,0.0,0.0,0.0,0.0,0.0,0.0,0.0,0.0,0.0,0.015625,0.03125,0.953125
10,11,0.0,0.0,0.0,0.0,0.0,0.0,0.0,0.0,0.0,0.015625,0.03125,0.953125
10,11,0.0,0.0,0.0,0.0,0.0,0.0,0.0,0.0,0.0,0.015625,0.03125,0.953125
10,11,0.0,0.0,0.0,0.0,0.0,0.0,0.0,0.0,0.0,0.015625,0.03125,0.953125
10,11,0.0,0.0,0.0,0.0,0.0,0.0,0.0,0.0,0.0,0.015625,0.03125,0.953125
10,11,0.0,0.0,0.0,0.0,0.0,0.0,0.0,0.0,0.0,0.015625,0.03125,0.953125
10,11,0.0,0.0,0.0,0.0,0.0,0.0,0.0,0.0,0.0,0.015625,0.03125,0.953125
10,11,0.0,0.0,0.0,0.0,0.0,0.0,0.0,0.0,0.0,0.015625,0.03125,0.953125
10,11,0.0,0.0,0.0,0.0,0.0,0.0,0.0,0.0,0.0,0.015625,0.03125,0.953125
10,11,0.0,0.0,0.0,0.0,0.0,0.0,0.0,0.0,0.0,0.015625,0.03125,0.953125
10,11,0.0,0.0,0.0,0.0,0.0,0.0,0.0,0.0,0.0,0.015625,0.03125,0.953125
10,11,0.0,0.0,0.0,0.0,0.0,0.0,0.0,0.0,0.0,0.015625,0.03125,0.953125
10,11,0.0,0.0,0.0,0.0,0.0,0.0,0.0,0.0,0.0,0.015625,0.03125,0.953125
10,11,0.0,0.0,0.0,0.0,0.0,0.0,0.0,0.0,0.0,0.015625,0.03125,0.953125
10,11,0.0,0.0,0.0,0.0,0.0,0.0,0.0,0.0,0.0,0.015625,0.03125,0.953125
10,11,0.0,0.0,0.0,0.0,0.0,0.0,0.0,0.0,0.0,0.015625,0.03125,0.953125
10,11,0.0,0.0,0.0,0.0,0.0,0.0,0.0,0.0,0.0,0.015625,0.03125,0.953125
10,11,0.0,0.0,0.0,0.0,0.0,0.0,0.0,0.0,0.0,0.015625,0.03125,0.953125
10,11,0.0,0.0,0.0,0.0,0.0,0.0,0.0,0.0,0.0,0.015625,0.03125,0.953125
10,11,0.0,0.0,0.0,0.0,0.0,0.0,0.0,0.0,0.0,0.015625,0.03125,0.953125
10,11,0.0,0.0,0.0,0.0,0.0,0.0,0.0,0.0,0.0,0.015625,0.03125,0.953125
10,11,0.0,0.0,0.0,0.0,0.0,0.0,0.0,0.0,0.0,0.015625,0.03125,0.953125
10,11,0.0,0.0,0.0,0.0,0.0,0.0,0.0,0.0,0.0,0.015625,0.03125,0.953125
10,11,0.0,0.0,0.0,0.0,0.0,0.0,0.0,0.0,0.0,0.015625,0.03125,0.953125
10,11,0.0,0.0,0.0,0.0,0.0,0.0,0.0,0.0,0.0,0.015625,0.03125,0.953125
10,11,0.0,0.0,0.0,0.0,0.0,0.0,0.0,0.0,0.0,0.015625,0.03125,0.953125
10,11,0.0,0.0,0.0,0.0,0.0,0.0,0.0,0.0,0.0,0.015625,0.03125,0.953125
10,11,0.0,0.0,0.0,0.0,0.0,0.0,0.0,0.0,0.0,0.015625,0.03125,0.953125
10,11,0.0,0.0,0.0,0.0,0.0,0.0,0.0,0.0,0.0,0.015625,0.03125,0.953125
10,11,0.0,0.0,0.0,0.0,0.0,0.0,0.0,0.0,0.0,0.015625,0.03125,0.953125
10,11,0.0,0.0,0.0,0.0,0.0,0.0,0.0,0.0,0.0,0.015625,0.03125,0.953125
10,11,0.0,0.0,0.0,0.0,0.0,0.0,0.0,0.0,0.0,0.015625,0.03125,0.953125
10,11,0.0,0.0,0.0,0.0,0.0,0.0,0.0,0.0,0.0,0.015625,0.03125,0.953125
10,11,0.0,0.0,0.0,0.0,0.0,0.0,0.0,0.0,0.0,0.015625,0.03125,0.953125
10,11,0.0,0.0,0.0,0.0,0.0,0.0,0.0,0.0,0.0,0.015625,0.03125,0.953125
10,11,0.0,0.0,0.0,0.0,0.0,0.0,0.0,0.0,0.0,0.015625,0.03125,0.953125
10,11,0.0,0.0,0.0,0.0,0.0,0.0,0.0,0.0,0.0,0.015625,0.03125,0.953125
10,11,0.0,0.0,0.0,0.0,0.0,0.0,0.0,0.0,0.0,0.015625,0.03125,0.953125
10,11,0.0,0.0,0.0,0.0,0.0,0.0,0.0,0.0,0.0,0.015625,0.03125,0.953125
10,11,0.0,0.0,0.0,0.0,0.0,0.0,0.0,0.0,0.0,0.015625,0.03125,0.953125
10,11,0.0,0.0,0.0,0.0,0.0,0.0,0.0,0.0,0.0,0.015625,0.03125,0.953125
10,11,0.0,0.0,0.0,0.0,0.0,0.0,0.0,0.0,0.0,0.015625,0.03125,0.953125
10,11,0.0,0.0,0.0,0.0,0.0,0.0,0.0,0.0,0.0,0.015625,0.03125,0.953125
10,11,0.0,0.0,0.0,0.0,0.0,0.0,0.0,0.0,0.0,0.015625,0.03125,0.953125
10,11,0.0,0.0,0.0,0.0,0.0,0.0,0.0,0.0,0.0,0.015625,0.03125,0.953125
10,11,0.0,0.0,0.0,0.0,0.0,0.0,0.0,0.0,0.0,0.015625,0.03125,0.953125
10,11,0.0,0.0,0.0,0.0,0.0,0.0,0.0,0.0,0.0,0.015625,0.03125,0.953125
10,11,0.0,0.0,0.0,0.0,0.0,0.0,0.0,0.0,0.0,0.015625,0.03125,0.953125
10,11,0.0,0.0,0.0,0.0,0.0,0.0,0.0,0.0,0.0,0.015625,0.03125,0.953125
10,11,0.0,0.0,0.0,0.0,0.0,0.0,0.0,0.0,0.0,0.015625,0.03125,0.953125
10,11,0.0,0.0,0.0,0.0,0.0,0.0,0.0,0.0,0.0,0.015625,0.03125,0.953125
10,11,0.0,0.0,0.0,0.0,0.0,0.0,0.0,0.0,0.0,0.015625,0.03125,0.953125
10,11,0.0,0.0,0.0,0.0,0.0,0.0,0.0,0.0,0.0,0.015625,0.03125,0.953125
10,11,0.0,0.0,0.0,0.0,0.0,0.0,0.0,0.0,0.0,0.015625,0.03125,0.953125
10,11,0.0,0.0,0.0,0.0,0.0,0.0,0.0,0.0,0.0,0.015625,0.03125,0.953125
10,11,0.0,0.0,0.0,0.0,0.0,0.0,0.0,0.0,0.0,0.015625,0.03125,0.953125
10,11,0.0,0.0,0.0,0.0,0.0,0.0,0.0,0.0,0.0,0.015625,0.03125,0.953125
10,11,0.0,0.0,0.0,0.0,0.0,0.0,0.0,0.0,0.0,0.015625,0.03125,0.953125
10,11,0.0,0.0,0.0,0.0,0.0,0.0,0.0,0.0,0.0,0.015625,0.03125,0.953125
10,11,0.0,0.0,0.0,0.0,0.0,0.0,0.0,0.0,0.0,0.015625,0.03125,0.953125
10,11,0.0,0.0,0.0,0.0,0.0,0.0,0.0,0.0,0.0,0.015625,0.03125,0.953125
10,11,0.0,0.0,0.0,0.0,0.0,0.0,0.0,0.0,0.0,0.015625,0.03125,0.953125
10,11,0.0,0.0,0.0,0.0,0.0,0.0,0.0,0.0,0.0,0.015625,0.03125,0.953125
10,11,0.0,0.0,0.0,0.0,0.0,0.0,0.0,0.0,0.0,0.015625,0.03125,0.953125
10,11,0.0,0.0,0.0,0.0,0.0,0.0,0.0,0.0,0.0,0.015625,0.03125,0.953125
10,11,0.0,0.0,0.0,0.0,0.0,0.0,0.0,0.0,0.0,0.0,0.03125,0.96875
10,11,0.0,0.0,0.0,0.0,0.0,0.0,0.0,0.0,0.0,0.0,0.03125,0.96875
10,11,0.0,0.0,0.0,0.0,0.0,0.0,0.0,0.0,0.0,0.0,0.03125,0.96875
10,11,0.0,0.0,0.0,0.0,0.0,0.0,0.0,0.0,0.0,0.0,0.03125,0.96875
10,11,0.0,0.0,0.0,0.0,0.0,0.0,0.0,0.0,0.0,0.0,0.03125,0.96875
10,11,0.0,0.0,0.0,0.0,0.0,0.0,0.0,0.0,0.0,0.0,0.03125,0.96875
10,11,0.0,0.0,0.0,0.0,0.0,0.0,0.0,0.0,0.0,0.0,0.03125,0.96875
10,11,0.0,0.0,0.0,0.0,0.0,0.0,0.0,0.0,0.0,0.0,0.03125,0.96875
10,11,0.0,0.0,0.0,0.0,0.0,0.0,0.0,0.0,0.0,0.0,0.03125,0.96875
10,11,0.0,0.0,0.0,0.0,0.0,0.0,0.0,0.0,0.0,0.0,0.03125,0.96875
10,11,0.0,0.0,0.0,0.0,0.0,0.0,0.0,0.0,0.0,0.0,0.03125,0.96875
10,11,0.0,0.0,0.0,0.0,0.0,0.0,0.0,0.0,0.0,0.0,0.03125,0.96875
10,11,0.0,0.0,0.0,0.0,0.0,0.0,0.0,0.0,0.0,0.0,0.03125,0.96875
10,11,0.0,0.0,0.0,0.0,0.0,0.0,0.0,0.0,0.0,0.0,0.03125,0.96875
10,11,0.0,0.0,0.0,0.0,0.0,0.0,0.0,0.0,0.0,0.0,0.03125,0.96875
10,11,0.0,0.0,0.0,0.0,0.0,0.0,0.0,0.0,0.0,0.0,0.03125,0.96875
10,11,0.0,0.0,0.0,0.0,0.0,0.0,0.0,0.0,0.0,0.0,0.03125,0.96875
10,11,0.0,0.0,0.0,0.0,0.0,0.0,0.0,0.0,0.0,0.0,0.03125,0.96875
10,11,0.0,0.0,0.0,0.0,0.0,0.0,0.0,0.0,0.0,0.0,0.03125,0.96875
10,11,0.0,0.0,0.0,0.0,0.0,0.0,0.0,0.0,0.0,0.0,0.03125,0.96875
10,11,0.0,0.0,0.0,0.0,0.0,0.0,0.0,0.0,0.0,0.0,0.015625,0.984375
10,11,0.0,0.0,0.0,0.0,0.0,0.0,0.0,0.0,0.0,0.0,0.015625,0.984375
10,11,0.0,0.0,0.0,0.0,0.0,0.0,0.0,0.0,0.0,0.0,0.015625,0.984375
10,11,0.0,0.0,0.0,0.0,0.0,0.0,0.0,0.0,0.0,0.0,0.015625,0.984375
10,11,0.0,0.0,0.0,0.0,0.0,0.0,0.0,0.0,0.0,0.0,0.015625,0.984375
10,11,0.0,0.0,0.0,0.0,0.0,0.0,0.0,0.0,0.0,0.0,0.015625,0.984375
10,11,0.0,0.0,0.0,0.0,0.0,0.0,0.0,0.0,0.0,0.0,0.015625,0.984375
10,11,0.0,0.0,0.0,0.0,0.0,0.0,0.0,0.0,0.0,0.0,0.015625,0.984375
10,11,0.0,0.0,0.0,0.0,0.0,0.0,0.0,0.0,0.0,0.0,0.015625,0.984375
10,11,0.0,0.0,0.0,0.0,0.0,0.0,0.0,0.0,0.0,0.0,0.015625,0.984375
10,11,0.0,0.0,0.0,0.0,0.0,0.0,0.0,0.0,0.0,0.0,0.015625,0.984375
10,11,0.0,0.0,0.0,0.0,0.0,0.0,0.0,0.0,0.0,0.0,0.015625,0.984375
10,11,0.0,0.0,0.0,0.0,0.0,0.0,0.0,0.0,0.0,0.0,0.015625,0.984375
10,11,0.0,0.0,0.0,0.0,0.0,0.0,0.0,0.0,0.0,0.0,0.015625,0.984375
10,11,0.0,0.0,0.0,0.0,0.0,0.0,0.0,0.0,0.0,0.0,0.015625,0.984375
10,11,0.0,0.0,0.0,0.0,0.0,0.0,0.0,0.0,0.0,0.0,0.015625,0.984375
10,11,0.0,0.0,0.0,0.0,0.0,0.0,0.0,0.0,0.0,0.0,0.015625,0.984375
10,11,0.0,0.0,0.0,0.0,0.0,0.0,0.0,0.0,0.0,0.0,0.015625,0.984375
10,11,0.0,0.0,0.0,0.0,0.0,0.0,0.0,0.0,0.0,0.0,0.015625,0.984375
10,11,0.0,0.0,0.0,0.0,0.0,0.0,0.0,0.0,0.0,0.0,0.015625,0.984375
10,11,0.0,0.0,0.0,0.0,0.0,0.0,0.0,0.0,0.0,0.0,0.015625,0.984375
10,11,0.0,0.0,0.0,0.0,0.0,0.0,0.0,0.0,0.0,0.0,0.015625,0.984375
10,11,0.0,0.0,0.0,0.0,0.0,0.0,0.0,0.0,0.0,0.0,0.015625,0.984375
10,11,0.0,0.0,0.0,0.0,0.0,0.0,0.0,0.0,0.0,0.0,0.015625,0.984375
10,11,0.0,0.0,0.0,0.0,0.0,0.0,0.0,0.0,0.0,0.0,0.03125,0.96875
10,11,0.0,0.0,0.0,0.0,0.0,0.0,0.0,0.0,0.0,0.0,0.03125,0.96875
10,11,0.0,0.0,0.0,0.0,0.0,0.0,0.0,0.0,0.0,0.0,0.03125,0.96875
10,11,0.0,0.0,0.0,0.0,0.0,0.0,0.0,0.0,0.0,0.0,0.03125,0.96875
10,11,0.0,0.0,0.0,0.0,0.0,0.0,0.0,0.0,0.0,0.0,0.046875,0.953125
10,11,0.0,0.0,0.0,0.0,0.0,0.0,0.0,0.0,0.0,0.0,0.046875,0.953125
10,11,0.0,0.0,0.0,0.0,0.0,0.0,0.0,0.0,0.0,0.0,0.046875,0.953125
10,11,0.0,0.0,0.0,0.0,0.0,0.0,0.0,0.0,0.0,0.0,0.046875,0.953125
10,11,0.0,0.0,0.0,0.0,0.0,0.0,0.0,0.0,0.0,0.0,0.046875,0.953125
10,11,0.0,0.0,0.0,0.0,0.0,0.0,0.0,0.0,0.0,0.0,0.046875,0.953125
10,11,0.0,0.0,0.0,0.0,0.0,0.0,0.0,0.0,0.0,0.0,0.046875,0.953125
10,11,0.0,0.0,0.0,0.0,0.0,0.0,0.0,0.0,0.0,0.0,0.046875,0.953125
10,11,0.0,0.0,0.0,0.0,0.0,0.0,0.0,0.0,0.0,0.0,0.046875,0.953125
10,11,0.0,0.0,0.0,0.0,0.0,0.0,0.0,0.0,0.0,0.0,0.046875,0.953125
10,11,0.0,0.0,0.0,0.0,0.0,0.0,0.0,0.0,0.0,0.0,0.046875,0.953125
10,11,0.0,0.0,0.0,0.0,0.0,0.0,0.0,0.0,0.0,0.0,0.046875,0.953125
10,11,0.0,0.0,0.0,0.0,0.0,0.0,0.0,0.0,0.0,0.0,0.046875,0.953125
10,11,0.0,0.0,0.0,0.0,0.0,0.0,0.0,0.0,0.0,0.0,0.046875,0.953125
10,11,0.0,0.0,0.0,0.0,0.0,0.0,0.0,0.0,0.0,0.0,0.046875,0.953125
10,11,0.0,0.0,0.0,0.0,0.0,0.0,0.0,0.0,0.0,0.0,0.046875,0.953125
10,11,0.0,0.0,0.0,0.0,0.0,0.0,0.0,0.0,0.0,0.0,0.046875,0.953125
10,11,0.0,0.0,0.0,0.0,0.0,0.0,0.0,0.0,0.0,0.0,0.046875,0.953125
10,11,0.0,0.0,0.0,0.0,0.0,0.0,0.0,0.0,0.0,0.0,0.046875,0.953125
10,11,0.0,0.0,0.0,0.0,0.0,0.0,0.0,0.0,0.0,0.0,0.046875,0.953125
10,11,0.0,0.0,0.0,0.0,0.0,0.0,0.0,0.0,0.0,0.0,0.046875,0.953125
10,11,0.0,0.0,0.0,0.0,0.0,0.0,0.0,0.0,0.0,0.0,0.046875,0.953125
10,11,0.0,0.0,0.0,0.0,0.0,0.0,0.0,0.0,0.0,0.0,0.046875,0.953125
10,11,0.0,0.0,0.0,0.0,0.0,0.0,0.0,0.0,0.0,0.0,0.046875,0.953125
10,11,0.0,0.0,0.0,0.0,0.0,0.0,0.0,0.0,0.0,0.0,0.046875,0.953125
10,11,0.0,0.0,0.0,0.0,0.0,0.0,0.0,0.0,0.0,0.0,0.046875,0.953125
10,11,0.0,0.0,0.0,0.0,0.0,0.0,0.0,0.0,0.0,0.0,0.046875,0.953125
10,11,0.0,0.0,0.0,0.0,0.0,0.0,0.0,0.0,0.0,0.0,0.046875,0.953125
10,11,0.0,0.0,0.0,0.0,0.0,0.0,0.0,0.0,0.0,0.0,0.046875,0.953125
10,11,0.0,0.0,0.0,0.0,0.0,0.0,0.0,0.0,0.0,0.0,0.046875,0.953125
10,11,0.0,0.0,0.0,0.0,0.0,0.0,0.0,0.0,0.0,0.0,0.046875,0.953125
10,11,0.0,0.0,0.0,0.0,0.0,0.0,0.0,0.0,0.0,0.0,0.046875,0.953125
10,11,0.0,0.0,0.0,0.0,0.0,0.0,0.0,0.0,0.0,0.0,0.046875,0.953125
10,11,0.0,0.0,0.0,0.0,0.0,0.0,0.0,0.0,0.0,0.0,0.046875,0.953125
10,11,0.0,0.0,0.0,0.0,0.0,0.0,0.0,0.0,0.0,0.0,0.046875,0.953125
10,11,0.0,0.0,0.0,0.0,0.0,0.0,0.0,0.0,0.0,0.0,0.046875,0.953125
10,11,0.0,0.0,0.0,0.0,0.0,0.0,0.0,0.0,0.0,0.0,0.046875,0.953125
10,11,0.0,0.0,0.0,0.0,0.0,0.0,0.0,0.0,0.0,0.0,0.046875,0.953125
10,11,0.0,0.0,0.0,0.0,0.0,0.0,0.0,0.0,0.0,0.0,0.046875,0.953125
10,11,0.0,0.0,0.0,0.0,0.0,0.0,0.0,0.0,0.0,0.0,0.046875,0.953125
10,11,0.0,0.0,0.0,0.0,0.0,0.0,0.0,0.0,0.0,0.0,0.046875,0.953125
10,11,0.0,0.0,0.0,0.0,0.0,0.0,0.0,0.0,0.0,0.0,0.046875,0.953125
10,11,0.0,0.0,0.0,0.0,0.0,0.0,0.0,0.0,0.0,0.0,0.046875,0.953125
10,11,0.0,0.0,0.0,0.0,0.0,0.0,0.0,0.0,0.0,0.0,0.046875,0.953125
10,11,0.0,0.0,0.0,0.0,0.0,0.0,0.0,0.0,0.0,0.0,0.046875,0.953125
10,11,0.0,0.0,0.0,0.0,0.0,0.0,0.0,0.0,0.0,0.0,0.046875,0.953125
10,11,0.0,0.0,0.0,0.0,0.0,0.0,0.0,0.0,0.0,0.0,0.046875,0.953125
10,11,0.0,0.0,0.0,0.0,0.0,0.0,0.0,0.0,0.0,0.0,0.046875,0.953125
10,11,0.0,0.0,0.0,0.0,0.0,0.0,0.0,0.0,0.0,0.0,0.046875,0.953125
10,11,0.0,0.0,0.0,0.0,0.0,0.0,0.0,0.0,0.0,0.0,0.046875,0.953125
10,11,0.0,0.0,0.0,0.0,0.0,0.0,0.0,0.0,0.0,0.0,0.046875,0.953125
10,11,0.0,0.0,0.0,0.0,0.0,0.0,0.0,0.0,0.0,0.0,0.046875,0.953125
10,11,0.0,0.0,0.0,0.0,0.0,0.0,0.0,0.0,0.0,0.0,0.046875,0.953125
10,11,0.0,0.0,0.0,0.0,0.0,0.0,0.0,0.0,0.0,0.0,0.046875,0.953125
10,11,0.0,0.0,0.0,0.0,0.0,0.0,0.0,0.0,0.0,0.0,0.046875,0.953125
10,11,0.0,0.0,0.0,0.0,0.0,0.0,0.0,0.0,0.0,0.0,0.046875,0.953125
10,11,0.0,0.0,0.0,0.0,0.0,0.0,0.0,0.0,0.0,0.0,0.03125,0.96875
10,11,0.0,0.0,0.0,0.0,0.0,0.0,0.0,0.0,0.0,0.0,0.03125,0.96875
10,11,0.0,0.0,0.0,0.0,0.0,0.0,0.0,0.0,0.0,0.0,0.03125,0.96875
10,11,0.0,0.0,0.0,0.0,0.0,0.0,0.0,0.0,0.0,0.0,0.03125,0.96875
10,11,0.0,0.0,0.0,0.0,0.0,0.0,0.0,0.0,0.0,0.0,0.03125,0.96875
10,11,0.0,0.0,0.0,0.0,0.0,0.0,0.0,0.0,0.0,0.0,0.03125,0.96875
10,11,0.0,0.0,0.0,0.0,0.0,0.0,0.0,0.0,0.0,0.0,0.03125,0.96875
10,11,0.0,0.0,0.0,0.0,0.0,0.0,0.0,0.0,0.0,0.0,0.03125,0.96875
10,11,0.0,0.0,0.0,0.0,0.0,0.0,0.0,0.0,0.0,0.0,0.046875,0.953125
10,11,0.0,0.0,0.0,0.0,0.0,0.0,0.0,0.0,0.0,0.0,0.046875,0.953125
10,11,0.0,0.0,0.0,0.0,0.0,0.0,0.0,0.0,0.0,0.0,0.046875,0.953125
10,11,0.0,0.0,0.0,0.0,0.0,0.0,0.0,0.0,0.0,0.0,0.046875,0.953125
10,11,0.0,0.0,0.0,0.0,0.0,0.0,0.0,0.0,0.0,0.0,0.0625,0.9375
10,11,0.0,0.0,0.0,0.0,0.0,0.0,0.0,0.0,0.0,0.0,0.0625,0.9375
10,11,0.0,0.0,0.0,0.0,0.0,0.0,0.0,0.0,0.0,0.0,0.0625,0.9375
10,11,0.0,0.0,0.0,0.0,0.0,0.0,0.0,0.0,0.0,0.0,0.0625,0.9375
10,11,0.0,0.0,0.0,0.0,0.0,0.0,0.0,0.0,0.0,0.0,0.0625,0.9375
10,11,0.0,0.0,0.0,0.0,0.0,0.0,0.0,0.0,0.0,0.0,0.0625,0.9375
10,11,0.0,0.0,0.0,0.0,0.0,0.0,0.0,0.0,0.0,0.0,0.0625,0.9375
10,11,0.0,0.0,0.0,0.0,0.0,0.0,0.0,0.0,0.0,0.0,0.0625,0.9375
10,11,0.0,0.0,0.0,0.0,0.0,0.0,0.0,0.0,0.0,0.0,0.0625,0.9375
10,11,0.0,0.0,0.0,0.0,0.0,0.0,0.0,0.0,0.0,0.0,0.0625,0.9375
10,11,0.0,0.0,0.0,0.0,0.0,0.0,0.0,0.0,0.0,0.0,0.0625,0.9375
10,11,0.0,0.0,0.0,0.0,0.0,0.0,0.0,0.0,0.0,0.0,0.0625,0.9375
10,11,0.0,0.0,0.0,0.0,0.0,0.0,0.0,0.0,0.0,0.0,0.0625,0.9375
10,11,0.0,0.0,0.0,0.0,0.0,0.0,0.0,0.0,0.0,0.0,0.0625,0.9375
10,11,0.0,0.0,0.0,0.0,0.0,0.0,0.0,0.0,0.0,0.0,0.0625,0.9375
10,11,0.0,0.0,0.0,0.0,0.0,0.0,0.0,0.0,0.0,0.0,0.0625,0.9375
10,11,0.0,0.0,0.0,0.0,0.0,0.0,0.0,0.0,0.0,0.0,0.0625,0.9375
10,11,0.0,0.0,0.0,0.0,0.0,0.0,0.0,0.0,0.0,0.0,0.0625,0.9375
10,11,0.0,0.0,0.0,0.0,0.0,0.0,0.0,0.0,0.0,0.0,0.0625,0.9375
10,11,0.0,0.0,0.0,0.0,0.0,0.0,0.0,0.0,0.0,0.0,0.0625,0.9375
10,11,0.0,0.0,0.0,0.0,0.0,0.0,0.0,0.0,0.0,0.0,0.0625,0.9375
10,11,0.0,0.0,0.0,0.0,0.0,0.0,0.0,0.0,0.0,0.0,0.0625,0.9375
10,11,0.0,0.0,0.0,0.0,0.0,0.0,0.0,0.0,0.0,0.0,0.0625,0.9375
10,11,0.0,0.0,0.0,0.0,0.0,0.0,0.0,0.0,0.0,0.0,0.0625,0.9375
10,11,0.0,0.0,0.0,0.0,0.0,0.0,0.0,0.0,0.0,0.0,0.0625,0.9375
10,11,0.0,0.0,0.0,0.0,0.0,0.0,0.0,0.0,0.0,0.0,0.0625,0.9375
10,11,0.0,0.0,0.0,0.0,0.0,0.0,0.0,0.0,0.0,0.0,0.0625,0.9375
10,11,0.0,0.0,0.0,0.0,0.0,0.0,0.0,0.0,0.0,0.0,0.0625,0.9375
10,11,0.0,0.0,0.0,0.0,0.0,0.0,0.0,0.0,0.0,0.0,0.0625,0.9375
10,11,0.0,0.0,0.0,0.0,0.0,0.0,0.0,0.0,0.0,0.0,0.0625,0.9375
10,11,0.0,0.0,0.0,0.0,0.0,0.0,0.0,0.0,0.0,0.0,0.046875,0.953125
10,11,0.0,0.0,0.0,0.0,0.0,0.0,0.0,0.0,0.0,0.0,0.046875,0.953125
10,11,0.0,0.0,0.0,0.0,0.0,0.0,0.0,0.0,0.0,0.0,0.046875,0.953125
10,11,0.0,0.0,0.0,0.0,0.0,0.0,0.0,0.0,0.0,0.0,0.046875,0.953125
10,11,0.0,0.0,0.0,0.0,0.0,0.0,0.0,0.0,0.0,0.0,0.046875,0.953125
10,11,0.0,0.0,0.0,0.0,0.0,0.0,0.0,0.0,0.0,0.0,0.046875,0.953125
10,11,0.0,0.0,0.0,0.0,0.0,0.0,0.0,0.0,0.0,0.0,0.046875,0.953125
10,11,0.0,0.0,0.0,0.0,0.0,0.0,0.0,0.0,0.0,0.0,0.046875,0.953125
10,11,0.0,0.0,0.0,0.0,0.0,0.0,0.0,0.0,0.0,0.0,0.046875,0.953125
10,11,0.0,0.0,0.0,0.0,0.0,0.0,0.0,0.0,0.0,0.0,0.046875,0.953125
10,11,0.0,0.0,0.0,0.0,0.0,0.0,0.0,0.0,0.0,0.0,0.046875,0.953125
10,11,0.0,0.0,0.0,0.0,0.0,0.0,0.0,0.0,0.0,0.0,0.046875,0.953125
10,11,0.0,0.0,0.0,0.0,0.0,0.0,0.0,0.0,0.0,0.0,0.046875,0.953125
10,11,0.0,0.0,0.0,0.0,0.0,0.0,0.0,0.0,0.0,0.0,0.046875,0.953125
10,11,0.0,0.0,0.0,0.0,0.0,0.0,0.0,0.0,0.0,0.0,0.046875,0.953125
10,11,0.0,0.0,0.0,0.0,0.0,0.0,0.0,0.0,0.0,0.0,0.046875,0.953125
10,11,0.0,0.0,0.0,0.0,0.0,0.0,0.0,0.0,0.0,0.0,0.046875,0.953125
10,11,0.0,0.0,0.0,0.0,0.0,0.0,0.0,0.0,0.0,0.0,0.046875,0.953125
10,11,0.0,0.0,0.0,0.0,0.0,0.0,0.0,0.0,0.0,0.0,0.03125,0.96875
10,11,0.0,0.0,0.0,0.0,0.0,0.0,0.0,0.0,0.0,0.0,0.03125,0.96875
10,11,0.0,0.0,0.0,0.0,0.0,0.0,0.0,0.0,0.0,0.0,0.03125,0.96875
10,11,0.0,0.0,0.0,0.0,0.0,0.0,0.0,0.0,0.0,0.0,0.03125,0.96875
10,11,0.0,0.0,0.0,0.0,0.0,0.0,0.0,0.0,0.0,0.0,0.03125,0.96875
10,11,0.0,0.0,0.0,0.0,0.0,0.0,0.0,0.0,0.0,0.0,0.03125,0.96875
10,11,0.0,0.0,0.0,0.0,0.0,0.0,0.0,0.0,0.0,0.0,0.03125,0.96875
10,11,0.0,0.0,0.0,0.0,0.0,0.0,0.0,0.0,0.0,0.0,0.03125,0.96875
10,11,0.0,0.0,0.0,0.0,0.0,0.0,0.0,0.0,0.0,0.0,0.03125,0.96875
10,11,0.0,0.0,0.0,0.0,0.0,0.0,0.0,0.0,0.0,0.0,0.03125,0.96875
10,11,0.0,0.0,0.0,0.0,0.0,0.0,0.0,0.0,0.0,0.0,0.03125,0.96875
10,11,0.0,0.0,0.0,0.0,0.0,0.0,0.0,0.0,0.0,0.0,0.03125,0.96875
10,11,0.0,0.0,0.0,0.0,0.0,0.0,0.0,0.0,0.0,0.0,0.046875,0.953125
10,11,0.0,0.0,0.0,0.0,0.0,0.0,0.0,0.0,0.0,0.0,0.046875,0.953125
10,11,0.0,0.0,0.0,0.0,0.0,0.0,0.0,0.0,0.0,0.0,0.046875,0.953125
10,11,0.0,0.0,0.0,0.0,0.0,0.0,0.0,0.0,0.0,0.0,0.046875,0.953125
10,11,0.0,0.0,0.0,0.0,0.0,0.0,0.0,0.0,0.0,0.0,0.046875,0.953125
10,11,0.0,0.0,0.0,0.0,0.0,0.0,0.0,0.0,0.0,0.0,0.046875,0.953125
10,11,0.0,0.0,0.0,0.0,0.0,0.0,0.0,0.0,0.0,0.0,0.046875,0.953125
10,11,0.0,0.0,0.0,0.0,0.0,0.0,0.0,0.0,0.0,0.0,0.046875,0.953125
10,11,0.0,0.0,0.0,0.0,0.0,0.0,0.0,0.0,0.0,0.0,0.046875,0.953125
10,11,0.0,0.0,0.0,0.0,0.0,0.0,0.0,0.0,0.0,0.0,0.046875,0.953125
10,11,0.0,0.0,0.0,0.0,0.0,0.0,0.0,0.0,0.0,0.0,0.046875,0.953125
10,11,0.0,0.0,0.0,0.0,0.0,0.0,0.0,0.0,0.0,0.0,0.046875,0.953125
10,11,0.0,0.0,0.0,0.0,0.0,0.0,0.0,0.0,0.0,0.0,0.046875,0.953125
10,11,0.0,0.0,0.0,0.0,0.0,0.0,0.0,0.0,0.0,0.0,0.046875,0.953125
10,11,0.0,0.0,0.0,0.0,0.0,0.0,0.0,0.0,0.0,0.0,0.046875,0.953125
10,11,0.0,0.0,0.0,0.0,0.0,0.0,0.0,0.0,0.0,0.0,0.046875,0.953125
10,11,0.0,0.0,0.0,0.0,0.0,0.0,0.0,0.0,0.0,0.0,0.046875,0.953125
10,11,0.0,0.0,0.0,0.0,0.0,0.0,0.0,0.0,0.0,0.0,0.046875,0.953125
10,11,0.0,0.0,0.0,0.0,0.0,0.0,0.0,0.0,0.0,0.0,0.046875,0.953125
10,11,0.0,0.0,0.0,0.0,0.0,0.0,0.0,0.0,0.0,0.0,0.046875,0.953125
10,11,0.0,0.0,0.0,0.0,0.0,0.0,0.0,0.0,0.0,0.0,0.046875,0.953125
10,11,0.0,0.0,0.0,0.0,0.0,0.0,0.0,0.0,0.0,0.0,0.046875,0.953125
10,11,0.0,0.0,0.0,0.0,0.0,0.0,0.0,0.0,0.0,0.0,0.046875,0.953125
10,11,0.0,0.0,0.0,0.0,0.0,0.0,0.0,0.0,0.0,0.0,0.046875,0.953125
10,11,0.0,0.0,0.0,0.0,0.0,0.0,0.0,0.0,0.0,0.0,0.046875,0.953125
10,11,0.0,0.0,0.0,0.0,0.0,0.0,0.0,0.0,0.0,0.0,0.046875,0.953125
10,11,0.0,0.0,0.0,0.0,0.0,0.0,0.0,0.0,0.0,0.0,0.046875,0.953125
10,11,0.0,0.0,0.0,0.0,0.0,0.0,0.0,0.0,0.0,0.0,0.046875,0.953125
10,11,0.0,0.0,0.0,0.0,0.0,0.0,0.0,0.0,0.0,0.0,0.046875,0.953125
10,11,0.0,0.0,0.0,0.0,0.0,0.0,0.0,0.0,0.0,0.0,0.046875,0.953125
10,11,0.0,0.0,0.0,0.0,0.0,0.0,0.0,0.0,0.0,0.0,0.0625,0.9375
10,11,0.0,0.0,0.0,0.0,0.0,0.0,0.0,0.0,0.0,0.0,0.0625,0.9375
10,11,0.0,0.0,0.0,0.0,0.0,0.0,0.0,0.0,0.0,0.0,0.0625,0.9375
10,11,0.0,0.0,0.0,0.0,0.0,0.0,0.0,0.0,0.0,0.0,0.0625,0.9375
10,11,0.0,0.0,0.0,0.0,0.0,0.0,0.0,0.0,0.0,0.0,0.0625,0.9375
10,11,0.0,0.0,0.0,0.0,0.0,0.0,0.0,0.0,0.0,0.0,0.0625,0.9375
10,11,0.0,0.0,0.0,0.0,0.0,0.0,0.0,0.0,0.0,0.0,0.0625,0.9375
10,11,0.0,0.0,0.0,0.0,0.0,0.0,0.0,0.0,0.0,0.0,0.0625,0.9375
10,11,0.0,0.0,0.0,0.0,0.0,0.0,0.0,0.0,0.0,0.0,0.0625,0.9375
10,11,0.0,0.0,0.0,0.0,0.0,0.0,0.0,0.0,0.0,0.0,0.0625,0.9375
10,11,0.0,0.0,0.0,0.0,0.0,0.0,0.0,0.0,0.0,0.0,0.0625,0.9375
10,11,0.0,0.0,0.0,0.0,0.0,0.0,0.0,0.0,0.0,0.0,0.0625,0.9375
10,11,0.0,0.0,0.0,0.0,0.0,0.0,0.0,0.0,0.0,0.0,0.0625,0.9375
10,11,0.0,0.0,0.0,0.0,0.0,0.0,0.0,0.0,0.0,0.0,0.0625,0.9375
10,11,0.0,0.0,0.0,0.0,0.0,0.0,0.0,0.0,0.0,0.0,0.0625,0.9375
10,11,0.0,0.0,0.0,0.0,0.0,0.0,0.0,0.0,0.0,0.0,0.0625,0.9375
10,11,0.0,0.0,0.0,0.0,0.0,0.0,0.0,0.0,0.0,0.0,0.0625,0.9375
10,11,0.0,0.0,0.0,0.0,0.0,0.0,0.0,0.0,0.0,0.0,0.0625,0.9375
10,11,0.0,0.0,0.0,0.0,0.0,0.0,0.0,0.0,0.0,0.0,0.0625,0.9375
10,11,0.0,0.0,0.0,0.0,0.0,0.0,0.0,0.0,0.0,0.0,0.0625,0.9375
10,11,0.0,0.0,0.0,0.0,0.0,0.0,0.0,0.0,0.0,0.0,0.0625,0.9375
10,11,0.0,0.0,0.0,0.0,0.0,0.0,0.0,0.0,0.0,0.0,0.0625,0.9375
10,11,0.0,0.0,0.0,0.0,0.0,0.0,0.0,0.0,0.0,0.0,0.0625,0.9375
10,11,0.0,0.0,0.0,0.0,0.0,0.0,0.0,0.0,0.0,0.0,0.0625,0.9375
10,11,0.0,0.0,0.0,0.0,0.0,0.0,0.0,0.0,0.0,0.0,0.0625,0.9375
10,11,0.0,0.0,0.0,0.0,0.0,0.0,0.0,0.0,0.0,0.0,0.0625,0.9375
10,11,0.0,0.0,0.0,0.0,0.0,0.0,0.0,0.0,0.0,0.0,0.0625,0.9375
10,11,0.0,0.0,0.0,0.0,0.0,0.0,0.0,0.0,0.0,0.0,0.0625,0.9375
10,11,0.0,0.0,0.0,0.0,0.0,0.0,0.0,0.0,0.0,0.0,0.0625,0.9375
10,11,0.0,0.0,0.0,0.0,0.0,0.0,0.0,0.0,0.0,0.0,0.0625,0.9375
10,11,0.0,0.0,0.0,0.0,0.0,0.0,0.0,0.0,0.0,0.0,0.046875,0.953125
10,11,0.0,0.0,0.0,0.0,0.0,0.0,0.0,0.0,0.0,0.0,0.046875,0.953125
10,11,0.0,0.0,0.0,0.0,0.0,0.0,0.0,0.0,0.0,0.0,0.046875,0.953125
10,11,0.0,0.0,0.0,0.0,0.0,0.0,0.0,0.0,0.0,0.0,0.046875,0.953125
10,11,0.0,0.0,0.0,0.0,0.0,0.0,0.0,0.0,0.0,0.0,0.046875,0.953125
10,11,0.0,0.0,0.0,0.0,0.0,0.0,0.0,0.0,0.0,0.0,0.046875,0.953125
10,11,0.0,0.0,0.0,0.0,0.0,0.0,0.0,0.0,0.0,0.0,0.046875,0.953125
10,11,0.0,0.0,0.0,0.0,0.0,0.0,0.0,0.0,0.0,0.0,0.046875,0.953125
10,11,0.0,0.0,0.0,0.0,0.0,0.0,0.0,0.0,0.0,0.0,0.046875,0.953125
10,11,0.0,0.0,0.0,0.0,0.0,0.0,0.0,0.0,0.0,0.0,0.046875,0.953125
10,11,0.0,0.0,0.0,0.0,0.0,0.0,0.0,0.0,0.0,0.0,0.046875,0.953125
10,11,0.0,0.0,0.0,0.0,0.0,0.0,0.0,0.0,0.0,0.0,0.046875,0.953125
10,11,0.0,0.0,0.0,0.0,0.0,0.0,0.0,0.0,0.0,0.0,0.046875,0.953125
10,11,0.0,0.0,0.0,0.0,0.0,0.0,0.0,0.0,0.0,0.0,0.046875,0.953125
10,11,0.0,0.0,0.0,0.0,0.0,0.0,0.0,0.0,0.0,0.0,0.046875,0.953125
10,11,0.0,0.0,0.0,0.0,0.0,0.0,0.0,0.0,0.0,0.0,0.046875,0.953125
10,11,0.0,0.0,0.0,0.0,0.0,0.0,0.0,0.0,0.0,0.0,0.046875,0.953125
10,11,0.0,0.0,0.0,0.0,0.0,0.0,0.0,0.0,0.0,0.0,0.046875,0.953125
10,11,0.0,0.0,0.0,0.0,0.0,0.0,0.0,0.0,0.0,0.0,0.046875,0.953125
10,11,0.0,0.0,0.0,0.0,0.0,0.0,0.0,0.0,0.0,0.0,0.046875,0.953125
10,11,0.0,0.0,0.0,0.0,0.0,0.0,0.0,0.0,0.0,0.015625,0.03125,0.953125
10,11,0.0,0.0,0.0,0.0,0.0,0.0,0.0,0.0,0.0,0.015625,0.03125,0.953125
10,11,0.0,0.0,0.0,0.0,0.0,0.0,0.0,0.0,0.0,0.015625,0.03125,0.953125
10,11,0.0,0.0,0.0,0.0,0.0,0.0,0.0,0.0,0.0,0.015625,0.03125,0.953125
10,11,0.0,0.0,0.0,0.0,0.0,0.0,0.0,0.0,0.0,0.015625,0.03125,0.953125
10,11,0.0,0.0,0.0,0.0,0.0,0.0,0.0,0.0,0.0,0.015625,0.03125,0.953125
10,11,0.0,0.0,0.0,0.0,0.0,0.0,0.0,0.0,0.0,0.015625,0.03125,0.953125
10,11,0.0,0.0,0.0,0.0,0.0,0.0,0.0,0.0,0.0,0.015625,0.03125,0.953125
10,11,0.0,0.0,0.0,0.0,0.0,0.0,0.0,0.0,0.0,0.015625,0.03125,0.953125
10,11,0.0,0.0,0.0,0.0,0.0,0.0,0.0,0.0,0.0,0.015625,0.03125,0.953125
10,11,0.0,0.0,0.0,0.0,0.0,0.0,0.0,0.0,0.0,0.015625,0.03125,0.953125
10,11,0.0,0.0,0.0,0.0,0.0,0.0,0.0,0.0,0.0,0.015625,0.03125,0.953125
10,11,0.0,0.0,0.0,0.0,0.0,0.0,0.0,0.0,0.0,0.015625,0.03125,0.953125
10,11,0.0,0.0,0.0,0.0,0.0,0.0,0.0,0.0,0.0,0.015625,0.03125,0.953125
10,11,0.0,0.0,0.0,0.0,0.0,0.0,0.0,0.0,0.0,0.015625,0.03125,0.953125
10,11,0.0,0.0,0.0,0.0,0.0,0.0,0.0,0.0,0.0,0.015625,0.03125,0.953125
10,11,0.0,0.0,0.0,0.0,0.0,0.0,0.0,0.0,0.0,0.015625,0.03125,0.953125
10,11,0.0,0.0,0.0,0.0,0.0,0.0,0.0,0.0,0.0,0.015625,0.03125,0.953125
10,11,0.0,0.0,0.0,0.0,0.0,0.0,0.0,0.0,0.0,0.015625,0.03125,0.953125
10,11,0.0,0.0,0.0,0.0,0.0,0.0,0.0,0.0,0.0,0.015625,0.03125,0.953125
10,11,0.0,0.0,0.0,0.0,0.0,0.0,0.0,0.0,0.0,0.015625,0.03125,0.953125
10,11,0.0,0.0,0.0,0.0,0.0,0.0,0.0,0.0,0.0,0.015625,0.03125,0.953125
10,11,0.0,0.0,0.0,0.0,0.0,0.0,0.0,0.0,0.0,0.015625,0.03125,0.953125
10,11,0.0,0.0,0.0,0.0,0.0,0.0,0.0,0.0,0.0,0.015625,0.03125,0.953125
10,11,0.0,0.0,0.0,0.0,0.0,0.0,0.0,0.0,0.0,0.015625,0.03125,0.953125
10,11,0.0,0.0,0.0,0.0,0.0,0.0,0.0,0.0,0.0,0.015625,0.03125,0.953125
10,11,0.0,0.0,0.0,0.0,0.0,0.0,0.0,0.0,0.0,0.015625,0.03125,0.953125
10,11,0.0,0.0,0.0,0.0,0.0,0.0,0.0,0.0,0.0,0.015625,0.03125,0.953125
10,11,0.0,0.0,0.0,0.0,0.0,0.0,0.0,0.0,0.0,0.015625,0.03125,0.953125
10,11,0.0,0.0,0.0,0.0,0.0,0.0,0.0,0.0,0.0,0.015625,0.03125,0.953125
10,11,0.0,0.0,0.0,0.0,0.0,0.0,0.0,0.0,0.0,0.015625,0.03125,0.953125
10,11,0.0,0.0,0.0,0.0,0.0,0.0,0.0,0.0,0.0,0.015625,0.03125,0.953125
10,11,0.0,0.0,0.0,0.0,0.0,0.0,0.0,0.0,0.0,0.015625,0.03125,0.953125
10,11,0.0,0.0,0.0,0.0,0.0,0.0,0.0,0.0,0.0,0.015625,0.03125,0.953125
10,11,0.0,0.0,0.0,0.0,0.0,0.0,0.0,0.0,0.0,0.015625,0.03125,0.953125
10,11,0.0,0.0,0.0,0.0,0.0,0.0,0.0,0.0,0.0,0.015625,0.03125,0.953125
10,11,0.0,0.0,0.0,0.0,0.0,0.0,0.0,0.0,0.0,0.015625,0.03125,0.953125
10,11,0.0,0.0,0.0,0.0,0.0,0.0,0.0,0.0,0.0,0.015625,0.03125,0.953125
10,11,0.0,0.0,0.0,0.0,0.0,0.0,0.0,0.0,0.0,0.015625,0.03125,0.953125
10,11,0.0,0.0,0.0,0.0,0.0,0.0,0.0,0.0,0.0,0.015625,0.03125,0.953125
10,11,0.0,0.0,0.0,0.0,0.0,0.0,0.0,0.0,0.0,0.015625,0.0625,0.921875
10,11,0.0,0.0,0.0,0.0,0.0,0.0,0.0,0.0,0.0,0.015625,0.0625,0.921875
10,11,0.0,0.0,0.0,0.0,0.0,0.0,0.0,0.0,0.0,0.015625,0.0625,0.921875
10,11,0.0,0.0,0.0,0.0,0.0,0.0,0.0,0.0,0.0,0.015625,0.0625,0.921875
10,11,0.0,0.0,0.0,0.0,0.0,0.0,0.0,0.0,0.0,0.015625,0.0625,0.921875
10,11,0.0,0.0,0.0,0.0,0.0,0.0,0.0,0.0,0.0,0.015625,0.0625,0.921875
10,11,0.0,0.0,0.0,0.0,0.0,0.0,0.0,0.0,0.0,0.015625,0.0625,0.921875
10,11,0.0,0.0,0.0,0.0,0.0,0.0,0.0,0.0,0.0,0.015625,0.0625,0.921875
10,11,0.0,0.0,0.0,0.0,0.0,0.0,0.0,0.0,0.0,0.015625,0.0625,0.921875
10,11,0.0,0.0,0.0,0.0,0.0,0.0,0.0,0.0,0.0,0.015625,0.0625,0.921875
10,11,0.0,0.0,0.0,0.0,0.0,0.0,0.0,0.0,0.0,0.015625,0.0625,0.921875
10,11,0.0,0.0,0.0,0.0,0.0,0.0,0.0,0.0,0.0,0.015625,0.0625,0.921875
10,11,0.0,0.0,0.0,0.0,0.0,0.0,0.0,0.0,0.0,0.015625,0.0625,0.921875
10,11,0.0,0.0,0.0,0.0,0.0,0.0,0.0,0.0,0.0,0.015625,0.0625,0.921875
10,11,0.0,0.0,0.0,0.0,0.0,0.0,0.0,0.0,0.0,0.015625,0.0625,0.921875
10,11,0.0,0.0,0.0,0.0,0.0,0.0,0.0,0.0,0.0,0.015625,0.0625,0.921875
10,11,0.0,0.0,0.0,0.0,0.0,0.0,0.0,0.0,0.0,0.015625,0.0625,0.921875
10,11,0.0,0.0,0.0,0.0,0.0,0.0,0.0,0.0,0.0,0.015625,0.0625,0.921875
10,11,0.0,0.0,0.0,0.0,0.0,0.0,0.0,0.0,0.0,0.015625,0.0625,0.921875
10,11,0.0,0.0,0.0,0.0,0.0,0.0,0.0,0.0,0.0,0.015625,0.0625,0.921875
10,11,0.0,0.0,0.0,0.0,0.0,0.0,0.0,0.0,0.0,0.015625,0.0625,0.921875
10,11,0.0,0.0,0.0,0.0,0.0,0.0,0.0,0.0,0.0,0.015625,0.0625,0.921875
10,11,0.0,0.0,0.0,0.0,0.0,0.0,0.0,0.0,0.0,0.015625,0.0625,0.921875
10,11,0.0,0.0,0.0,0.0,0.0,0.0,0.0,0.0,0.0,0.015625,0.0625,0.921875
10,11,0.0,0.0,0.0,0.0,0.0,0.0,0.0,0.0,0.0,0.015625,0.046875,0.9375
10,11,0.0,0.0,0.0,0.0,0.0,0.0,0.0,0.0,0.0,0.015625,0.046875,0.9375
10,11,0.0,0.0,0.0,0.0,0.0,0.0,0.0,0.0,0.0,0.015625,0.046875,0.9375
10,11,0.0,0.0,0.0,0.0,0.0,0.0,0.0,0.0,0.0,0.015625,0.046875,0.9375
10,11,0.0,0.0,0.0,0.0,0.0,0.0,0.0,0.0,0.0,0.015625,0.046875,0.9375
10,11,0.0,0.0,0.0,0.0,0.0,0.0,0.0,0.0,0.0,0.015625,0.046875,0.9375
10,11,0.0,0.0,0.0,0.0,0.0,0.0,0.0,0.0,0.0,0.015625,0.046875,0.9375
10,11,0.0,0.0,0.0,0.0,0.0,0.0,0.0,0.0,0.0,0.015625,0.046875,0.9375
10,11,0.0,0.0,0.0,0.0,0.0,0.0,0.0,0.0,0.0,0.015625,0.046875,0.9375
10,11,0.0,0.0,0.0,0.0,0.0,0.0,0.0,0.0,0.0,0.015625,0.046875,0.9375
10,11,0.0,0.0,0.0,0.0,0.0,0.0,0.0,0.0,0.0,0.015625,0.046875,0.9375
10,11,0.0,0.0,0.0,0.0,0.0,0.0,0.0,0.0,0.0,0.015625,0.046875,0.9375
10,11,0.0,0.0,0.0,0.0,0.0,0.0,0.0,0.0,0.0,0.015625,0.046875,0.9375
10,11,0.0,0.0,0.0,0.0,0.0,0.0,0.0,0.0,0.0,0.015625,0.046875,0.9375
10,11,0.0,0.0,0.0,0.0,0.0,0.0,0.0,0.0,0.0,0.015625,0.046875,0.9375
10,11,0.0,0.0,0.0,0.0,0.0,0.0,0.0,0.0,0.0,0.015625,0.046875,0.9375
10,11,0.0,0.0,0.0,0.0,0.0,0.0,0.0,0.0,0.0,0.015625,0.03125,0.953125
10,11,0.0,0.0,0.0,0.0,0.0,0.0,0.0,0.0,0.0,0.015625,0.03125,0.953125
10,11,0.0,0.0,0.0,0.0,0.0,0.0,0.0,0.0,0.0,0.015625,0.03125,0.953125
10,11,0.0,0.0,0.0,0.0,0.0,0.0,0.0,0.0,0.0,0.015625,0.03125,0.953125
10,11,0.0,0.0,0.0,0.0,0.0,0.0,0.0,0.0,0.0,0.015625,0.03125,0.953125
10,11,0.0,0.0,0.0,0.0,0.0,0.0,0.0,0.0,0.0,0.015625,0.03125,0.953125
10,11,0.0,0.0,0.0,0.0,0.0,0.0,0.0,0.0,0.0,0.015625,0.03125,0.953125
10,11,0.0,0.0,0.0,0.0,0.0,0.0,0.0,0.0,0.0,0.015625,0.03125,0.953125
10,11,0.0,0.0,0.0,0.0,0.0,0.0,0.0,0.0,0.0,0.015625,0.03125,0.953125
10,11,0.0,0.0,0.0,0.0,0.0,0.0,0.0,0.0,0.0,0.015625,0.03125,0.953125
10,11,0.0,0.0,0.0,0.0,0.0,0.0,0.0,0.0,0.0,0.015625,0.03125,0.953125
10,11,0.0,0.0,0.0,0.0,0.0,0.0,0.0,0.0,0.0,0.015625,0.03125,0.953125
10,11,0.0,0.0,0.0,0.0,0.0,0.0,0.0,0.0,0.0,0.015625,0.03125,0.953125
10,11,0.0,0.0,0.0,0.0,0.0,0.0,0.0,0.0,0.0,0.015625,0.03125,0.953125
10,11,0.0,0.0,0.0,0.0,0.0,0.0,0.0,0.0,0.0,0.015625,0.03125,0.953125
10,11,0.0,0.0,0.0,0.0,0.0,0.0,0.0,0.0,0.0,0.015625,0.03125,0.953125
10,11,0.0,0.0,0.0,0.0,0.0,0.0,0.0,0.0,0.0,0.015625,0.03125,0.953125
10,11,0.0,0.0,0.0,0.0,0.0,0.0,0.0,0.0,0.0,0.015625,0.03125,0.953125
10,11,0.0,0.0,0.0,0.0,0.0,0.0,0.0,0.0,0.0,0.015625,0.03125,0.953125
10,11,0.0,0.0,0.0,0.0,0.0,0.0,0.0,0.0,0.0,0.015625,0.03125,0.953125
10,11,0.0,0.0,0.0,0.0,0.0,0.0,0.0,0.0,0.0,0.015625,0.03125,0.953125
10,11,0.0,0.0,0.0,0.0,0.0,0.0,0.0,0.0,0.0,0.015625,0.03125,0.953125
10,11,0.0,0.0,0.0,0.0,0.0,0.0,0.0,0.0,0.0,0.015625,0.03125,0.953125
10,11,0.0,0.0,0.0,0.0,0.0,0.0,0.0,0.0,0.0,0.015625,0.03125,0.953125
10,11,0.0,0.0,0.0,0.0,0.0,0.0,0.0,0.0,0.0,0.015625,0.03125,0.953125
10,11,0.0,0.0,0.0,0.0,0.0,0.0,0.0,0.0,0.0,0.015625,0.03125,0.953125
10,11,0.0,0.0,0.0,0.0,0.0,0.0,0.0,0.0,0.0,0.015625,0.03125,0.953125
10,11,0.0,0.0,0.0,0.0,0.0,0.0,0.0,0.0,0.0,0.015625,0.03125,0.953125
10,11,0.0,0.0,0.0,0.0,0.0,0.0,0.0,0.0,0.0,0.015625,0.03125,0.953125
10,11,0.0,0.0,0.0,0.0,0.0,0.0,0.0,0.0,0.0,0.015625,0.03125,0.953125
10,11,0.0,0.0,0.0,0.0,0.0,0.0,0.0,0.0,0.0,0.015625,0.03125,0.953125
10,11,0.0,0.0,0.0,0.0,0.0,0.0,0.0,0.0,0.0,0.015625,0.03125,0.953125
10,11,0.0,0.0,0.0,0.0,0.0,0.0,0.0,0.0,0.0,0.015625,0.03125,0.953125
10,11,0.0,0.0,0.0,0.0,0.0,0.0,0.0,0.0,0.0,0.015625,0.03125,0.953125
10,11,0.0,0.0,0.0,0.0,0.0,0.0,0.0,0.0,0.0,0.015625,0.03125,0.953125
10,11,0.0,0.0,0.0,0.0,0.0,0.0,0.0,0.0,0.0,0.015625,0.03125,0.953125
10,11,0.0,0.0,0.0,0.0,0.0,0.0,0.0,0.0,0.0,0.015625,0.03125,0.953125
10,11,0.0,0.0,0.0,0.0,0.0,0.0,0.0,0.0,0.0,0.015625,0.03125,0.953125
10,11,0.0,0.0,0.0,0.0,0.0,0.0,0.0,0.0,0.0,0.015625,0.03125,0.953125
10,11,0.0,0.0,0.0,0.0,0.0,0.0,0.0,0.0,0.0,0.015625,0.03125,0.953125
10,11,0.0,0.0,0.0,0.0,0.0,0.0,0.0,0.0,0.0,0.015625,0.03125,0.953125
10,11,0.0,0.0,0.0,0.0,0.0,0.0,0.0,0.0,0.0,0.015625,0.03125,0.953125
10,11,0.0,0.0,0.0,0.0,0.0,0.0,0.0,0.0,0.0,0.015625,0.03125,0.953125
10,11,0.0,0.0,0.0,0.0,0.0,0.0,0.0,0.0,0.0,0.015625,0.03125,0.953125
10,11,0.0,0.0,0.0,0.0,0.0,0.0,0.0,0.0,0.0,0.015625,0.015625,0.96875
10,11,0.0,0.0,0.0,0.0,0.0,0.0,0.0,0.0,0.0,0.015625,0.015625,0.96875
10,11,0.0,0.0,0.0,0.0,0.0,0.0,0.0,0.0,0.0,0.015625,0.015625,0.96875
10,11,0.0,0.0,0.0,0.0,0.0,0.0,0.0,0.0,0.0,0.015625,0.015625,0.96875
10,11,0.0,0.0,0.0,0.0,0.0,0.0,0.0,0.0,0.0,0.015625,0.015625,0.96875
10,11,0.0,0.0,0.0,0.0,0.0,0.0,0.0,0.0,0.0,0.015625,0.015625,0.96875
10,11,0.0,0.0,0.0,0.0,0.0,0.0,0.0,0.0,0.0,0.015625,0.015625,0.96875
10,11,0.0,0.0,0.0,0.0,0.0,0.0,0.0,0.0,0.0,0.015625,0.015625,0.96875
10,11,0.0,0.0,0.0,0.0,0.0,0.0,0.0,0.0,0.0,0.015625,0.015625,0.96875
10,11,0.0,0.0,0.0,0.0,0.0,0.0,0.0,0.0,0.0,0.015625,0.015625,0.96875
10,11,0.0,0.0,0.0,0.0,0.0,0.0,0.0,0.0,0.0,0.015625,0.015625,0.96875
10,11,0.0,0.0,0.0,0.0,0.0,0.0,0.0,0.0,0.0,0.015625,0.015625,0.96875
10,11,0.0,0.0,0.0,0.0,0.0,0.0,0.0,0.0,0.0,0.015625,0.015625,0.96875
10,11,0.0,0.0,0.0,0.0,0.0,0.0,0.0,0.0,0.0,0.015625,0.015625,0.96875
10,11,0.0,0.0,0.0,0.0,0.0,0.0,0.0,0.0,0.0,0.015625,0.015625,0.96875
10,11,0.0,0.0,0.0,0.0,0.0,0.0,0.0,0.0,0.0,0.015625,0.015625,0.96875
10,11,0.0,0.0,0.0,0.0,0.0,0.0,0.0,0.0,0.0,0.015625,0.015625,0.96875
10,11,0.0,0.0,0.0,0.0,0.0,0.0,0.0,0.0,0.0,0.015625,0.015625,0.96875
10,11,0.0,0.0,0.0,0.0,0.0,0.0,0.0,0.0,0.0,0.015625,0.015625,0.96875
10,11,0.0,0.0,0.0,0.0,0.0,0.0,0.0,0.0,0.0,0.015625,0.015625,0.96875
10,11,0.0,0.0,0.0,0.0,0.0,0.0,0.0,0.0,0.0,0.015625,0.015625,0.96875
10,11,0.0,0.0,0.0,0.0,0.0,0.0,0.0,0.0,0.0,0.015625,0.015625,0.96875
10,11,0.0,0.0,0.0,0.0,0.0,0.0,0.0,0.0,0.0,0.015625,0.015625,0.96875
10,11,0.0,0.0,0.0,0.0,0.0,0.0,0.0,0.0,0.0,0.015625,0.015625,0.96875
10,11,0.0,0.0,0.0,0.0,0.0,0.0,0.0,0.0,0.0,0.015625,0.015625,0.96875
10,11,0.0,0.0,0.0,0.0,0.0,0.0,0.0,0.0,0.0,0.015625,0.015625,0.96875
10,11,0.0,0.0,0.0,0.0,0.0,0.0,0.0,0.0,0.0,0.015625,0.015625,0.96875
10,11,0.0,0.0,0.0,0.0,0.0,0.0,0.0,0.0,0.0,0.015625,0.015625,0.96875
10,11,0.0,0.0,0.0,0.0,0.0,0.0,0.0,0.0,0.0,0.015625,0.015625,0.96875
10,11,0.0,0.0,0.0,0.0,0.0,0.0,0.0,0.0,0.0,0.015625,0.015625,0.96875
10,11,0.0,0.0,0.0,0.0,0.0,0.0,0.0,0.0,0.0,0.015625,0.015625,0.96875
10,11,0.0,0.0,0.0,0.0,0.0,0.0,0.0,0.0,0.0,0.015625,0.015625,0.96875
10,11,0.0,0.0,0.0,0.0,0.0,0.0,0.0,0.0,0.0,0.015625,0.015625,0.96875
10,11,0.0,0.0,0.0,0.0,0.0,0.0,0.0,0.0,0.0,0.015625,0.015625,0.96875
10,11,0.0,0.0,0.0,0.0,0.0,0.0,0.0,0.0,0.0,0.015625,0.015625,0.96875
10,11,0.0,0.0,0.0,0.0,0.0,0.0,0.0,0.0,0.0,0.015625,0.015625,0.96875
10,11,0.0,0.0,0.0,0.0,0.0,0.0,0.0,0.0,0.0,0.015625,0.015625,0.96875
10,11,0.0,0.0,0.0,0.0,0.0,0.0,0.0,0.0,0.0,0.015625,0.015625,0.96875
10,11,0.0,0.0,0.0,0.0,0.0,0.0,0.0,0.0,0.0,0.015625,0.015625,0.96875
10,11,0.0,0.0,0.0,0.0,0.0,0.0,0.0,0.0,0.0,0.015625,0.015625,0.96875
10,11,0.0,0.0,0.0,0.0,0.0,0.0,0.0,0.0,0.0,0.015625,0.015625,0.96875
10,11,0.0,0.0,0.0,0.0,0.0,0.0,0.0,0.0,0.0,0.015625,0.015625,0.96875
10,11,0.0,0.0,0.0,0.0,0.0,0.0,0.0,0.0,0.0,0.015625,0.015625,0.96875
10,11,0.0,0.0,0.0,0.0,0.0,0.0,0.0,0.0,0.0,0.015625,0.015625,0.96875
10,11,0.0,0.0,0.0,0.0,0.0,0.0,0.0,0.0,0.0,0.015625,0.015625,0.96875
10,11,0.0,0.0,0.0,0.0,0.0,0.0,0.0,0.0,0.0,0.015625,0.015625,0.96875
10,11,0.0,0.0,0.0,0.0,0.0,0.0,0.0,0.0,0.0,0.015625,0.015625,0.96875
10,11,0.0,0.0,0.0,0.0,0.0,0.0,0.0,0.0,0.0,0.015625,0.015625,0.96875
10,11,0.0,0.0,0.0,0.0,0.0,0.0,0.0,0.0,0.0,0.015625,0.015625,0.96875
10,11,0.0,0.0,0.0,0.0,0.0,0.0,0.0,0.0,0.0,0.015625,0.015625,0.96875
10,11,0.0,0.0,0.0,0.0,0.0,0.0,0.0,0.0,0.0,0.015625,0.015625,0.96875
10,11,0.0,0.0,0.0,0.0,0.0,0.0,0.0,0.0,0.0,0.015625,0.015625,0.96875
10,11,0.0,0.0,0.0,0.0,0.0,0.0,0.0,0.0,0.0,0.015625,0.015625,0.96875
10,11,0.0,0.0,0.0,0.0,0.0,0.0,0.0,0.0,0.0,0.015625,0.015625,0.96875
10,11,0.0,0.0,0.0,0.0,0.0,0.0,0.0,0.0,0.0,0.015625,0.015625,0.96875
10,11,0.0,0.0,0.0,0.0,0.0,0.0,0.0,0.0,0.0,0.015625,0.015625,0.96875
10,11,0.0,0.0,0.0,0.0,0.0,0.0,0.0,0.0,0.0,0.015625,0.015625,0.96875
10,11,0.0,0.0,0.0,0.0,0.0,0.0,0.0,0.0,0.0,0.015625,0.015625,0.96875
10,11,0.0,0.0,0.0,0.0,0.0,0.0,0.0,0.0,0.0,0.015625,0.015625,0.96875
10,11,0.0,0.0,0.0,0.0,0.0,0.0,0.0,0.0,0.0,0.015625,0.015625,0.96875
10,11,0.0,0.0,0.0,0.0,0.0,0.0,0.0,0.0,0.0,0.015625,0.03125,0.953125
10,11,0.0,0.0,0.0,0.0,0.0,0.0,0.0,0.0,0.0,0.015625,0.03125,0.953125
10,11,0.0,0.0,0.0,0.0,0.0,0.0,0.0,0.0,0.0,0.015625,0.03125,0.953125
10,11,0.0,0.0,0.0,0.0,0.0,0.0,0.0,0.0,0.0,0.015625,0.03125,0.953125
10,11,0.0,0.0,0.0,0.0,0.0,0.0,0.0,0.0,0.0,0.015625,0.03125,0.953125
10,11,0.0,0.0,0.0,0.0,0.0,0.0,0.0,0.0,0.0,0.015625,0.03125,0.953125
10,11,0.0,0.0,0.0,0.0,0.0,0.0,0.0,0.0,0.0,0.015625,0.03125,0.953125
10,11,0.0,0.0,0.0,0.0,0.0,0.0,0.0,0.0,0.0,0.015625,0.03125,0.953125
10,11,0.0,0.0,0.0,0.0,0.0,0.0,0.0,0.0,0.0,0.015625,0.03125,0.953125
10,11,0.0,0.0,0.0,0.0,0.0,0.0,0.0,0.0,0.0,0.015625,0.03125,0.953125
10,11,0.0,0.0,0.0,0.0,0.0,0.0,0.0,0.0,0.0,0.015625,0.03125,0.953125
10,11,0.0,0.0,0.0,0.0,0.0,0.0,0.0,0.0,0.0,0.015625,0.03125,0.953125
10,11,0.0,0.0,0.0,0.0,0.0,0.0,0.0,0.0,0.0,0.015625,0.015625,0.96875
10,11,0.0,0.0,0.0,0.0,0.0,0.0,0.0,0.0,0.0,0.015625,0.015625,0.96875
10,11,0.0,0.0,0.0,0.0,0.0,0.0,0.0,0.0,0.0,0.015625,0.015625,0.96875
10,11,0.0,0.0,0.0,0.0,0.0,0.0,0.0,0.0,0.0,0.015625,0.015625,0.96875
10,11,0.0,0.0,0.0,0.0,0.0,0.0,0.0,0.0,0.0,0.015625,0.015625,0.96875
10,11,0.0,0.0,0.0,0.0,0.0,0.0,0.0,0.0,0.0,0.015625,0.015625,0.96875
10,11,0.0,0.0,0.0,0.0,0.0,0.0,0.0,0.0,0.0,0.015625,0.015625,0.96875
10,11,0.0,0.0,0.0,0.0,0.0,0.0,0.0,0.0,0.0,0.015625,0.015625,0.96875
10,11,0.0,0.0,0.0,0.0,0.0,0.0,0.0,0.0,0.0,0.015625,0.015625,0.96875
10,11,0.0,0.0,0.0,0.0,0.0,0.0,0.0,0.0,0.0,0.015625,0.015625,0.96875
10,11,0.0,0.0,0.0,0.0,0.0,0.0,0.0,0.0,0.0,0.015625,0.015625,0.96875
10,11,0.0,0.0,0.0,0.0,0.0,0.0,0.0,0.0,0.0,0.015625,0.015625,0.96875
10,11,0.0,0.0,0.0,0.0,0.0,0.0,0.0,0.0,0.0,0.015625,0.015625,0.96875
10,11,0.0,0.0,0.0,0.0,0.0,0.0,0.0,0.0,0.0,0.015625,0.015625,0.96875
10,11,0.0,0.0,0.0,0.0,0.0,0.0,0.0,0.0,0.0,0.015625,0.015625,0.96875
10,11,0.0,0.0,0.0,0.0,0.0,0.0,0.0,0.0,0.0,0.015625,0.015625,0.96875
10,11,0.0,0.0,0.0,0.0,0.0,0.0,0.0,0.0,0.0,0.015625,0.015625,0.96875
10,11,0.0,0.0,0.0,0.0,0.0,0.0,0.0,0.0,0.0,0.015625,0.015625,0.96875
10,11,0.0,0.0,0.0,0.0,0.0,0.0,0.0,0.0,0.0,0.015625,0.015625,0.96875
10,11,0.0,0.0,0.0,0.0,0.0,0.0,0.0,0.0,0.0,0.015625,0.015625,0.96875
10,11,0.0,0.0,0.0,0.0,0.0,0.0,0.0,0.0,0.0,0.015625,0.015625,0.96875
10,11,0.0,0.0,0.0,0.0,0.0,0.0,0.0,0.0,0.0,0.015625,0.015625,0.96875
10,11,0.0,0.0,0.0,0.0,0.0,0.0,0.0,0.0,0.0,0.015625,0.015625,0.96875
10,11,0.0,0.0,0.0,0.0,0.0,0.0,0.0,0.0,0.0,0.015625,0.015625,0.96875
10,11,0.0,0.0,0.0,0.0,0.0,0.0,0.0,0.0,0.0,0.015625,0.03125,0.953125
10,11,0.0,0.0,0.0,0.0,0.0,0.0,0.0,0.0,0.0,0.015625,0.03125,0.953125
10,11,0.0,0.0,0.0,0.0,0.0,0.0,0.0,0.0,0.0,0.015625,0.03125,0.953125
10,11,0.0,0.0,0.0,0.0,0.0,0.0,0.0,0.0,0.0,0.015625,0.03125,0.953125
10,11,0.0,0.0,0.0,0.0,0.0,0.0,0.0,0.0,0.0,0.015625,0.03125,0.953125
10,11,0.0,0.0,0.0,0.0,0.0,0.0,0.0,0.0,0.0,0.015625,0.03125,0.953125
10,11,0.0,0.0,0.0,0.0,0.0,0.0,0.0,0.0,0.0,0.015625,0.03125,0.953125
10,11,0.0,0.0,0.0,0.0,0.0,0.0,0.0,0.0,0.0,0.015625,0.03125,0.953125
10,11,0.0,0.0,0.0,0.0,0.0,0.0,0.0,0.0,0.0,0.015625,0.03125,0.953125
10,11,0.0,0.0,0.0,0.0,0.0,0.0,0.0,0.0,0.0,0.015625,0.03125,0.953125
10,11,0.0,0.0,0.0,0.0,0.0,0.0,0.0,0.0,0.0,0.015625,0.03125,0.953125
10,11,0.0,0.0,0.0,0.0,0.0,0.0,0.0,0.0,0.0,0.015625,0.03125,0.953125
10,11,0.0,0.0,0.0,0.0,0.0,0.0,0.0,0.0,0.0,0.015625,0.015625,0.96875
10,11,0.0,0.0,0.0,0.0,0.0,0.0,0.0,0.0,0.0,0.015625,0.015625,0.96875
10,11,0.0,0.0,0.0,0.0,0.0,0.0,0.0,0.0,0.0,0.015625,0.015625,0.96875
10,11,0.0,0.0,0.0,0.0,0.0,0.0,0.0,0.0,0.0,0.015625,0.015625,0.96875
10,11,0.0,0.0,0.0,0.0,0.0,0.0,0.0,0.0,0.0,0.015625,0.015625,0.96875
10,11,0.0,0.0,0.0,0.0,0.0,0.0,0.0,0.0,0.0,0.015625,0.015625,0.96875
10,11,0.0,0.0,0.0,0.0,0.0,0.0,0.0,0.0,0.0,0.015625,0.015625,0.96875
10,11,0.0,0.0,0.0,0.0,0.0,0.0,0.0,0.0,0.0,0.015625,0.015625,0.96875
10,11,0.0,0.0,0.0,0.0,0.0,0.0,0.0,0.0,0.0,0.015625,0.015625,0.96875
10,11,0.0,0.0,0.0,0.0,0.0,0.0,0.0,0.0,0.0,0.015625,0.015625,0.96875
10,11,0.0,0.0,0.0,0.0,0.0,0.0,0.0,0.0,0.0,0.015625,0.015625,0.96875
10,11,0.0,0.0,0.0,0.0,0.0,0.0,0.0,0.0,0.0,0.015625,0.015625,0.96875
10,11,0.0,0.0,0.0,0.0,0.0,0.0,0.0,0.0,0.0,0.015625,0.015625,0.96875
10,11,0.0,0.0,0.0,0.0,0.0,0.0,0.0,0.0,0.0,0.015625,0.015625,0.96875
10,11,0.0,0.0,0.0,0.0,0.0,0.0,0.0,0.0,0.0,0.015625,0.015625,0.96875
10,11,0.0,0.0,0.0,0.0,0.0,0.0,0.0,0.0,0.0,0.015625,0.015625,0.96875
10,11,0.0,0.0,0.0,0.0,0.0,0.0,0.0,0.0,0.0,0.015625,0.015625,0.96875
10,11,0.0,0.0,0.0,0.0,0.0,0.0,0.0,0.0,0.0,0.015625,0.015625,0.96875
10,11,0.0,0.0,0.0,0.0,0.0,0.0,0.0,0.0,0.0,0.015625,0.015625,0.96875
10,11,0.0,0.0,0.0,0.0,0.0,0.0,0.0,0.0,0.0,0.015625,0.015625,0.96875
10,11,0.0,0.0,0.0,0.0,0.0,0.0,0.0,0.0,0.0,0.015625,0.015625,0.96875
10,11,0.0,0.0,0.0,0.0,0.0,0.0,0.0,0.0,0.0,0.015625,0.015625,0.96875
10,11,0.0,0.0,0.0,0.0,0.0,0.0,0.0,0.0,0.0,0.015625,0.015625,0.96875
10,11,0.0,0.0,0.0,0.0,0.0,0.0,0.0,0.0,0.0,0.015625,0.015625,0.96875
10,11,0.0,0.0,0.0,0.0,0.0,0.0,0.0,0.0,0.0,0.015625,0.015625,0.96875
10,11,0.0,0.0,0.0,0.0,0.0,0.0,0.0,0.0,0.0,0.015625,0.015625,0.96875
10,11,0.0,0.0,0.0,0.0,0.0,0.0,0.0,0.0,0.0,0.015625,0.015625,0.96875
10,11,0.0,0.0,0.0,0.0,0.0,0.0,0.0,0.0,0.0,0.015625,0.015625,0.96875
10,11,0.0,0.0,0.0,0.0,0.0,0.0,0.0,0.0,0.0,0.015625,0.015625,0.96875
10,11,0.0,0.0,0.0,0.0,0.0,0.0,0.0,0.0,0.0,0.015625,0.015625,0.96875
10,11,0.0,0.0,0.0,0.0,0.0,0.0,0.0,0.0,0.0,0.015625,0.015625,0.96875
10,11,0.0,0.0,0.0,0.0,0.0,0.0,0.0,0.0,0.0,0.015625,0.015625,0.96875
10,11,0.0,0.0,0.0,0.0,0.0,0.0,0.0,0.0,0.0,0.015625,0.015625,0.96875
10,11,0.0,0.0,0.0,0.0,0.0,0.0,0.0,0.0,0.0,0.015625,0.015625,0.96875
10,11,0.0,0.0,0.0,0.0,0.0,0.0,0.0,0.0,0.0,0.015625,0.015625,0.96875
10,11,0.0,0.0,0.0,0.0,0.0,0.0,0.0,0.0,0.0,0.015625,0.015625,0.96875
10,11,0.0,0.0,0.0,0.0,0.0,0.0,0.0,0.0,0.0,0.015625,0.015625,0.96875
10,11,0.0,0.0,0.0,0.0,0.0,0.0,0.0,0.0,0.0,0.015625,0.015625,0.96875
10,11,0.0,0.0,0.0,0.0,0.0,0.0,0.0,0.0,0.0,0.015625,0.015625,0.96875
10,11,0.0,0.0,0.0,0.0,0.0,0.0,0.0,0.0,0.0,0.015625,0.015625,0.96875
10,11,0.0,0.0,0.0,0.0,0.0,0.0,0.0,0.0,0.0,0.015625,0.015625,0.96875
10,11,0.0,0.0,0.0,0.0,0.0,0.0,0.0,0.0,0.0,0.015625,0.015625,0.96875
10,11,0.0,0.0,0.0,0.0,0.0,0.0,0.0,0.0,0.0,0.015625,0.015625,0.96875
10,11,0.0,0.0,0.0,0.0,0.0,0.0,0.0,0.0,0.0,0.015625,0.015625,0.96875
10,11,0.0,0.0,0.0,0.0,0.0,0.0,0.0,0.0,0.0,0.015625,0.015625,0.96875
10,11,0.0,0.0,0.0,0.0,0.0,0.0,0.0,0.0,0.0,0.015625,0.015625,0.96875
10,11,0.0,0.0,0.0,0.0,0.0,0.0,0.0,0.0,0.0,0.015625,0.015625,0.96875
10,11,0.0,0.0,0.0,0.0,0.0,0.0,0.0,0.0,0.0,0.015625,0.015625,0.96875
10,11,0.0,0.0,0.0,0.0,0.0,0.0,0.0,0.0,0.0,0.015625,0.015625,0.96875
10,11,0.0,0.0,0.0,0.0,0.0,0.0,0.0,0.0,0.0,0.015625,0.015625,0.96875
10,11,0.0,0.0,0.0,0.0,0.0,0.0,0.0,0.0,0.0,0.015625,0.015625,0.96875
10,11,0.0,0.0,0.0,0.0,0.0,0.0,0.0,0.0,0.0,0.015625,0.015625,0.96875
10,11,0.0,0.0,0.0,0.0,0.0,0.0,0.0,0.0,0.0,0.015625,0.015625,0.96875
10,11,0.0,0.0,0.0,0.0,0.0,0.0,0.0,0.0,0.0,0.015625,0.015625,0.96875
10,11,0.0,0.0,0.0,0.0,0.0,0.0,0.0,0.0,0.0,0.015625,0.015625,0.96875
10,11,0.0,0.0,0.0,0.0,0.0,0.0,0.0,0.0,0.0,0.015625,0.015625,0.96875
10,11,0.0,0.0,0.0,0.0,0.0,0.0,0.0,0.0,0.0,0.015625,0.015625,0.96875
10,11,0.0,0.0,0.0,0.0,0.0,0.0,0.0,0.0,0.0,0.015625,0.015625,0.96875
10,11,0.0,0.0,0.0,0.0,0.0,0.0,0.0,0.0,0.0,0.015625,0.015625,0.96875
10,11,0.0,0.0,0.0,0.0,0.0,0.0,0.0,0.0,0.0,0.015625,0.015625,0.96875
10,11,0.0,0.0,0.0,0.0,0.0,0.0,0.0,0.0,0.0,0.015625,0.015625,0.96875
10,11,0.0,0.0,0.0,0.0,0.0,0.0,0.0,0.0,0.0,0.015625,0.015625,0.96875
10,11,0.0,0.0,0.0,0.0,0.0,0.0,0.0,0.0,0.0,0.015625,0.015625,0.96875
10,11,0.0,0.0,0.0,0.0,0.0,0.0,0.0,0.0,0.0,0.015625,0.015625,0.96875
10,11,0.0,0.0,0.0,0.0,0.0,0.0,0.0,0.0,0.0,0.015625,0.015625,0.96875
10,11,0.0,0.0,0.0,0.0,0.0,0.0,0.0,0.0,0.0,0.015625,0.015625,0.96875
10,11,0.0,0.0,0.0,0.0,0.0,0.0,0.0,0.0,0.0,0.015625,0.015625,0.96875
10,11,0.0,0.0,0.0,0.0,0.0,0.0,0.0,0.0,0.0,0.015625,0.015625,0.96875
10,11,0.0,0.0,0.0,0.0,0.0,0.0,0.0,0.0,0.0,0.015625,0.015625,0.96875
10,11,0.0,0.0,0.0,0.0,0.0,0.0,0.0,0.0,0.0,0.015625,0.015625,0.96875
10,11,0.0,0.0,0.0,0.0,0.0,0.0,0.0,0.0,0.0,0.015625,0.015625,0.96875
10,11,0.0,0.0,0.0,0.0,0.0,0.0,0.0,0.0,0.0,0.015625,0.015625,0.96875
10,11,0.0,0.0,0.0,0.0,0.0,0.0,0.0,0.0,0.0,0.015625,0.015625,0.96875
10,11,0.0,0.0,0.0,0.0,0.0,0.0,0.0,0.0,0.0,0.015625,0.015625,0.96875
10,11,0.0,0.0,0.0,0.0,0.0,0.0,0.0,0.0,0.0,0.015625,0.015625,0.96875
10,11,0.0,0.0,0.0,0.0,0.0,0.0,0.0,0.0,0.0,0.015625,0.015625,0.96875
10,11,0.0,0.0,0.0,0.0,0.0,0.0,0.0,0.0,0.0,0.015625,0.015625,0.96875
10,11,0.0,0.0,0.0,0.0,0.0,0.0,0.0,0.0,0.0,0.015625,0.015625,0.96875
10,11,0.0,0.0,0.0,0.0,0.0,0.0,0.0,0.0,0.0,0.015625,0.015625,0.96875
10,11,0.0,0.0,0.0,0.0,0.0,0.0,0.0,0.0,0.0,0.015625,0.015625,0.96875
10,11,0.0,0.0,0.0,0.0,0.0,0.0,0.0,0.0,0.0,0.015625,0.015625,0.96875
10,11,0.0,0.0,0.0,0.0,0.0,0.0,0.0,0.0,0.0,0.015625,0.015625,0.96875
10,11,0.0,0.0,0.0,0.0,0.0,0.0,0.0,0.0,0.0,0.015625,0.015625,0.96875
10,11,0.0,0.0,0.0,0.0,0.0,0.0,0.0,0.0,0.0,0.015625,0.015625,0.96875
10,11,0.0,0.0,0.0,0.0,0.0,0.0,0.0,0.0,0.0,0.015625,0.015625,0.96875
10,11,0.0,0.0,0.0,0.0,0.0,0.0,0.0,0.0,0.0,0.015625,0.015625,0.96875
10,11,0.0,0.0,0.0,0.0,0.0,0.0,0.0,0.0,0.0,0.015625,0.015625,0.96875
10,11,0.0,0.0,0.0,0.0,0.0,0.0,0.0,0.0,0.0,0.015625,0.015625,0.96875
10,11,0.0,0.0,0.0,0.0,0.0,0.0,0.0,0.0,0.0,0.015625,0.015625,0.96875
10,11,0.0,0.0,0.0,0.0,0.0,0.0,0.0,0.0,0.0,0.015625,0.015625,0.96875
10,11,0.0,0.0,0.0,0.0,0.0,0.0,0.0,0.0,0.0,0.015625,0.015625,0.96875
10,11,0.0,0.0,0.0,0.0,0.0,0.0,0.0,0.0,0.0,0.015625,0.015625,0.96875
10,11,0.0,0.0,0.0,0.0,0.0,0.0,0.0,0.0,0.0,0.015625,0.015625,0.96875
10,11,0.0,0.0,0.0,0.0,0.0,0.0,0.0,0.0,0.0,0.015625,0.015625,0.96875
10,11,0.0,0.0,0.0,0.0,0.0,0.0,0.0,0.0,0.0,0.015625,0.015625,0.96875
10,11,0.0,0.0,0.0,0.0,0.0,0.0,0.0,0.0,0.0,0.015625,0.015625,0.96875
10,11,0.0,0.0,0.0,0.0,0.0,0.0,0.0,0.0,0.0,0.015625,0.015625,0.96875
10,11,0.0,0.0,0.0,0.0,0.0,0.0,0.0,0.0,0.0,0.015625,0.015625,0.96875
10,11,0.0,0.0,0.0,0.0,0.0,0.0,0.0,0.0,0.0,0.015625,0.015625,0.96875
10,11,0.0,0.0,0.0,0.0,0.0,0.0,0.0,0.0,0.0,0.015625,0.015625,0.96875
10,11,0.0,0.0,0.0,0.0,0.0,0.0,0.0,0.0,0.0,0.015625,0.015625,0.96875
10,11,0.0,0.0,0.0,0.0,0.0,0.0,0.0,0.0,0.0,0.015625,0.015625,0.96875
10,11,0.0,0.0,0.0,0.0,0.0,0.0,0.0,0.0,0.0,0.015625,0.015625,0.96875
10,11,0.0,0.0,0.0,0.0,0.0,0.0,0.0,0.0,0.0,0.015625,0.015625,0.96875
10,11,0.0,0.0,0.0,0.0,0.0,0.0,0.0,0.0,0.0,0.015625,0.015625,0.96875
10,11,0.0,0.0,0.0,0.0,0.0,0.0,0.0,0.0,0.0,0.015625,0.015625,0.96875
10,11,0.0,0.0,0.0,0.0,0.0,0.0,0.0,0.0,0.0,0.015625,0.015625,0.96875
10,11,0.0,0.0,0.0,0.0,0.0,0.0,0.0,0.0,0.0,0.015625,0.015625,0.96875
10,11,0.0,0.0,0.0,0.0,0.0,0.0,0.0,0.0,0.0,0.015625,0.015625,0.96875
10,11,0.0,0.0,0.0,0.0,0.0,0.0,0.0,0.0,0.0,0.015625,0.015625,0.96875
10,11,0.0,0.0,0.0,0.0,0.0,0.0,0.0,0.0,0.0,0.015625,0.015625,0.96875
10,11,0.0,0.0,0.0,0.0,0.0,0.0,0.0,0.0,0.0,0.015625,0.015625,0.96875
10,11,0.0,0.0,0.0,0.0,0.0,0.0,0.0,0.0,0.0,0.015625,0.015625,0.96875
10,11,0.0,0.0,0.0,0.0,0.0,0.0,0.0,0.0,0.0,0.015625,0.015625,0.96875
10,11,0.0,0.0,0.0,0.0,0.0,0.0,0.0,0.0,0.0,0.015625,0.015625,0.96875
10,11,0.0,0.0,0.0,0.0,0.0,0.0,0.0,0.0,0.0,0.015625,0.015625,0.96875
10,11,0.0,0.0,0.0,0.0,0.0,0.0,0.0,0.0,0.0,0.015625,0.015625,0.96875
10,11,0.0,0.0,0.0,0.0,0.0,0.0,0.0,0.0,0.0,0.015625,0.015625,0.96875
10,11,0.0,0.0,0.0,0.0,0.0,0.0,0.0,0.0,0.0,0.015625,0.015625,0.96875
10,11,0.0,0.0,0.0,0.0,0.0,0.0,0.0,0.0,0.0,0.015625,0.015625,0.96875
10,11,0.0,0.0,0.0,0.0,0.0,0.0,0.0,0.0,0.0,0.015625,0.015625,0.96875
10,11,0.0,0.0,0.0,0.0,0.0,0.0,0.0,0.0,0.0,0.015625,0.015625,0.96875
10,11,0.0,0.0,0.0,0.0,0.0,0.0,0.0,0.0,0.0,0.015625,0.015625,0.96875
10,11,0.0,0.0,0.0,0.0,0.0,0.0,0.0,0.0,0.0,0.015625,0.015625,0.96875
10,11,0.0,0.0,0.0,0.0,0.0,0.0,0.0,0.0,0.0,0.015625,0.015625,0.96875
10,11,0.0,0.0,0.0,0.0,0.0,0.0,0.0,0.0,0.0,0.015625,0.015625,0.96875
10,11,0.0,0.0,0.0,0.0,0.0,0.0,0.0,0.0,0.0,0.015625,0.015625,0.96875
10,11,0.0,0.0,0.0,0.0,0.0,0.0,0.0,0.0,0.0,0.015625,0.015625,0.96875
10,11,0.0,0.0,0.0,0.0,0.0,0.0,0.0,0.0,0.0,0.015625,0.015625,0.96875
10,11,0.0,0.0,0.0,0.0,0.0,0.0,0.0,0.0,0.0,0.015625,0.015625,0.96875
10,11,0.0,0.0,0.0,0.0,0.0,0.0,0.0,0.0,0.0,0.015625,0.015625,0.96875
10,11,0.0,0.0,0.0,0.0,0.0,0.0,0.0,0.0,0.0,0.015625,0.015625,0.96875
10,11,0.0,0.0,0.0,0.0,0.0,0.0,0.0,0.0,0.0,0.015625,0.015625,0.96875
10,11,0.0,0.0,0.0,0.0,0.0,0.0,0.0,0.0,0.0,0.015625,0.015625,0.96875
10,11,0.0,0.0,0.0,0.0,0.0,0.0,0.0,0.0,0.0,0.015625,0.015625,0.96875
10,11,0.0,0.0,0.0,0.0,0.0,0.0,0.0,0.0,0.0,0.015625,0.015625,0.96875
10,11,0.0,0.0,0.0,0.0,0.0,0.0,0.0,0.0,0.0,0.03125,0.015625,0.953125
10,11,0.0,0.0,0.0,0.0,0.0,0.0,0.0,0.0,0.0,0.03125,0.015625,0.953125
10,11,0.0,0.0,0.0,0.0,0.0,0.0,0.0,0.0,0.0,0.03125,0.015625,0.953125
10,11,0.0,0.0,0.0,0.0,0.0,0.0,0.0,0.0,0.0,0.03125,0.015625,0.953125
10,11,0.0,0.0,0.0,0.0,0.0,0.0,0.0,0.0,0.0,0.03125,0.015625,0.953125
10,11,0.0,0.0,0.0,0.0,0.0,0.0,0.0,0.0,0.0,0.03125,0.015625,0.953125
10,11,0.0,0.0,0.0,0.0,0.0,0.0,0.0,0.0,0.0,0.03125,0.015625,0.953125
10,11,0.0,0.0,0.0,0.0,0.0,0.0,0.0,0.0,0.0,0.03125,0.015625,0.953125
10,11,0.0,0.0,0.0,0.0,0.0,0.0,0.0,0.0,0.0,0.03125,0.015625,0.953125
10,11,0.0,0.0,0.0,0.0,0.0,0.0,0.0,0.0,0.0,0.03125,0.015625,0.953125
10,11,0.0,0.0,0.0,0.0,0.0,0.0,0.0,0.0,0.0,0.03125,0.015625,0.953125
10,11,0.0,0.0,0.0,0.0,0.0,0.0,0.0,0.0,0.0,0.03125,0.015625,0.953125
10,11,0.0,0.0,0.0,0.0,0.0,0.0,0.0,0.0,0.0,0.03125,0.015625,0.953125
10,11,0.0,0.0,0.0,0.0,0.0,0.0,0.0,0.0,0.0,0.03125,0.015625,0.953125
10,11,0.0,0.0,0.0,0.0,0.0,0.0,0.0,0.0,0.0,0.03125,0.015625,0.953125
10,11,0.0,0.0,0.0,0.0,0.0,0.0,0.0,0.0,0.0,0.03125,0.015625,0.953125
10,11,0.0,0.0,0.0,0.0,0.0,0.0,0.0,0.0,0.0,0.03125,0.015625,0.953125
10,11,0.0,0.0,0.0,0.0,0.0,0.0,0.0,0.0,0.0,0.03125,0.015625,0.953125
10,11,0.0,0.0,0.0,0.0,0.0,0.0,0.0,0.0,0.0,0.03125,0.015625,0.953125
10,11,0.0,0.0,0.0,0.0,0.0,0.0,0.0,0.0,0.0,0.03125,0.015625,0.953125
10,11,0.0,0.0,0.0,0.0,0.0,0.0,0.0,0.0,0.0,0.03125,0.015625,0.953125
10,11,0.0,0.0,0.0,0.0,0.0,0.0,0.0,0.0,0.0,0.03125,0.015625,0.953125
10,11,0.0,0.0,0.0,0.0,0.0,0.0,0.0,0.0,0.0,0.03125,0.015625,0.953125
10,11,0.0,0.0,0.0,0.0,0.0,0.0,0.0,0.0,0.0,0.03125,0.015625,0.953125
10,11,0.0,0.0,0.0,0.0,0.0,0.0,0.0,0.0,0.0,0.03125,0.015625,0.953125
10,11,0.0,0.0,0.0,0.0,0.0,0.0,0.0,0.0,0.0,0.03125,0.015625,0.953125
10,11,0.0,0.0,0.0,0.0,0.0,0.0,0.0,0.0,0.0,0.03125,0.015625,0.953125
10,11,0.0,0.0,0.0,0.0,0.0,0.0,0.0,0.0,0.0,0.03125,0.015625,0.953125
10,11,0.0,0.0,0.0,0.0,0.0,0.0,0.0,0.0,0.0,0.03125,0.015625,0.953125
10,11,0.0,0.0,0.0,0.0,0.0,0.0,0.0,0.0,0.0,0.03125,0.015625,0.953125
10,11,0.0,0.0,0.0,0.0,0.0,0.0,0.0,0.0,0.0,0.03125,0.015625,0.953125
10,11,0.0,0.0,0.0,0.0,0.0,0.0,0.0,0.0,0.0,0.03125,0.015625,0.953125
10,11,0.0,0.0,0.0,0.0,0.0,0.0,0.0,0.0,0.0,0.03125,0.015625,0.953125
10,11,0.0,0.0,0.0,0.0,0.0,0.0,0.0,0.0,0.0,0.03125,0.015625,0.953125
10,11,0.0,0.0,0.0,0.0,0.0,0.0,0.0,0.0,0.0,0.03125,0.015625,0.953125
10,11,0.0,0.0,0.0,0.0,0.0,0.0,0.0,0.0,0.0,0.03125,0.015625,0.953125
10,11,0.0,0.0,0.0,0.0,0.0,0.0,0.0,0.0,0.0,0.03125,0.015625,0.953125
10,11,0.0,0.0,0.0,0.0,0.0,0.0,0.0,0.0,0.0,0.03125,0.015625,0.953125
10,11,0.0,0.0,0.0,0.0,0.0,0.0,0.0,0.0,0.0,0.03125,0.015625,0.953125
10,11,0.0,0.0,0.0,0.0,0.0,0.0,0.0,0.0,0.0,0.03125,0.015625,0.953125
10,11,0.0,0.0,0.0,0.0,0.0,0.0,0.0,0.0,0.0,0.03125,0.015625,0.953125
10,11,0.0,0.0,0.0,0.0,0.0,0.0,0.0,0.0,0.0,0.03125,0.015625,0.953125
10,11,0.0,0.0,0.0,0.0,0.0,0.0,0.0,0.0,0.0,0.03125,0.015625,0.953125
10,11,0.0,0.0,0.0,0.0,0.0,0.0,0.0,0.0,0.0,0.03125,0.015625,0.953125
10,11,0.0,0.0,0.0,0.0,0.0,0.0,0.0,0.0,0.0,0.03125,0.015625,0.953125
10,11,0.0,0.0,0.0,0.0,0.0,0.0,0.0,0.0,0.0,0.03125,0.015625,0.953125
10,11,0.0,0.0,0.0,0.0,0.0,0.0,0.0,0.0,0.0,0.03125,0.015625,0.953125
10,11,0.0,0.0,0.0,0.0,0.0,0.0,0.0,0.0,0.0,0.03125,0.015625,0.953125
10,11,0.0,0.0,0.0,0.0,0.0,0.0,0.0,0.0,0.0,0.03125,0.015625,0.953125
10,11,0.0,0.0,0.0,0.0,0.0,0.0,0.0,0.0,0.0,0.03125,0.015625,0.953125
10,11,0.0,0.0,0.0,0.0,0.0,0.0,0.0,0.0,0.0,0.03125,0.015625,0.953125
10,11,0.0,0.0,0.0,0.0,0.0,0.0,0.0,0.0,0.0,0.03125,0.015625,0.953125
10,11,0.0,0.0,0.0,0.0,0.0,0.0,0.0,0.0,0.0,0.03125,0.015625,0.953125
10,11,0.0,0.0,0.0,0.0,0.0,0.0,0.0,0.0,0.0,0.03125,0.015625,0.953125
10,11,0.0,0.0,0.0,0.0,0.0,0.0,0.0,0.0,0.0,0.03125,0.015625,0.953125
10,11,0.0,0.0,0.0,0.0,0.0,0.0,0.0,0.0,0.0,0.03125,0.015625,0.953125
10,11,0.0,0.0,0.0,0.0,0.0,0.0,0.0,0.0,0.0,0.03125,0.015625,0.953125
10,11,0.0,0.0,0.0,0.0,0.0,0.0,0.0,0.0,0.0,0.03125,0.015625,0.953125
10,11,0.0,0.0,0.0,0.0,0.0,0.0,0.0,0.0,0.0,0.03125,0.015625,0.953125
10,11,0.0,0.0,0.0,0.0,0.0,0.0,0.0,0.0,0.0,0.03125,0.015625,0.953125
10,11,0.0,0.0,0.0,0.0,0.0,0.0,0.0,0.0,0.0,0.03125,0.015625,0.953125
10,11,0.0,0.0,0.0,0.0,0.0,0.0,0.0,0.0,0.0,0.03125,0.015625,0.953125
10,11,0.0,0.0,0.0,0.0,0.0,0.0,0.0,0.0,0.0,0.03125,0.015625,0.953125
10,11,0.0,0.0,0.0,0.0,0.0,0.0,0.0,0.0,0.0,0.03125,0.015625,0.953125
10,11,0.0,0.0,0.0,0.0,0.0,0.0,0.0,0.0,0.0,0.03125,0.015625,0.953125
10,11,0.0,0.0,0.0,0.0,0.0,0.0,0.0,0.0,0.0,0.03125,0.015625,0.953125
10,11,0.0,0.0,0.0,0.0,0.0,0.0,0.0,0.0,0.0,0.03125,0.015625,0.953125
10,11,0.0,0.0,0.0,0.0,0.0,0.0,0.0,0.0,0.0,0.03125,0.015625,0.953125
10,11,0.0,0.0,0.0,0.0,0.0,0.0,0.0,0.0,0.0,0.03125,0.015625,0.953125
10,11,0.0,0.0,0.0,0.0,0.0,0.0,0.0,0.0,0.0,0.03125,0.015625,0.953125
10,11,0.0,0.0,0.0,0.0,0.0,0.0,0.0,0.0,0.0,0.03125,0.015625,0.953125
10,11,0.0,0.0,0.0,0.0,0.0,0.0,0.0,0.0,0.0,0.03125,0.015625,0.953125
10,11,0.0,0.0,0.0,0.0,0.0,0.0,0.0,0.0,0.0,0.03125,0.015625,0.953125
10,11,0.0,0.0,0.0,0.0,0.0,0.0,0.0,0.0,0.0,0.03125,0.015625,0.953125
10,11,0.0,0.0,0.0,0.0,0.0,0.0,0.0,0.0,0.0,0.03125,0.015625,0.953125
10,11,0.0,0.0,0.0,0.0,0.0,0.0,0.0,0.0,0.0,0.03125,0.015625,0.953125
10,11,0.0,0.0,0.0,0.0,0.0,0.0,0.0,0.0,0.0,0.03125,0.015625,0.953125
10,11,0.0,0.0,0.0,0.0,0.0,0.0,0.0,0.0,0.0,0.03125,0.015625,0.953125
10,11,0.0,0.0,0.0,0.0,0.0,0.0,0.0,0.0,0.0,0.03125,0.015625,0.953125
10,11,0.0,0.0,0.0,0.0,0.0,0.0,0.0,0.0,0.0,0.03125,0.015625,0.953125
10,11,0.0,0.0,0.0,0.0,0.0,0.0,0.0,0.0,0.0,0.03125,0.015625,0.953125
10,11,0.0,0.0,0.0,0.0,0.0,0.0,0.0,0.0,0.0,0.03125,0.015625,0.953125
10,11,0.0,0.0,0.0,0.0,0.0,0.0,0.0,0.0,0.0,0.03125,0.015625,0.953125
10,11,0.0,0.0,0.0,0.0,0.0,0.0,0.0,0.0,0.0,0.03125,0.015625,0.953125
10,11,0.0,0.0,0.0,0.0,0.0,0.0,0.0,0.0,0.0,0.03125,0.015625,0.953125
10,11,0.0,0.0,0.0,0.0,0.0,0.0,0.0,0.0,0.0,0.03125,0.015625,0.953125
10,11,0.0,0.0,0.0,0.0,0.0,0.0,0.0,0.0,0.0,0.03125,0.015625,0.953125
10,11,0.0,0.0,0.0,0.0,0.0,0.0,0.0,0.0,0.0,0.03125,0.015625,0.953125
10,11,0.0,0.0,0.0,0.0,0.0,0.0,0.0,0.0,0.0,0.03125,0.015625,0.953125
10,11,0.0,0.0,0.0,0.0,0.0,0.0,0.0,0.0,0.0,0.03125,0.015625,0.953125
10,11,0.0,0.0,0.0,0.0,0.0,0.0,0.0,0.0,0.0,0.03125,0.015625,0.953125
10,11,0.0,0.0,0.0,0.0,0.0,0.0,0.0,0.0,0.0,0.03125,0.015625,0.953125
10,11,0.0,0.0,0.0,0.0,0.0,0.0,0.0,0.0,0.0,0.03125,0.015625,0.953125
10,11,0.0,0.0,0.0,0.0,0.0,0.0,0.0,0.0,0.0,0.03125,0.015625,0.953125
10,11,0.0,0.0,0.0,0.0,0.0,0.0,0.0,0.0,0.0,0.03125,0.015625,0.953125
10,11,0.0,0.0,0.0,0.0,0.0,0.0,0.0,0.0,0.0,0.03125,0.015625,0.953125
10,11,0.0,0.0,0.0,0.0,0.0,0.0,0.0,0.0,0.0,0.03125,0.015625,0.953125
10,11,0.0,0.0,0.0,0.0,0.0,0.0,0.0,0.0,0.0,0.03125,0.015625,0.953125
10,11,0.0,0.0,0.0,0.0,0.0,0.0,0.0,0.0,0.0,0.03125,0.015625,0.953125
10,11,0.0,0.0,0.0,0.0,0.0,0.0,0.0,0.0,0.0,0.03125,0.015625,0.953125
10,11,0.0,0.0,0.0,0.0,0.0,0.0,0.0,0.0,0.0,0.03125,0.015625,0.953125
10,11,0.0,0.0,0.0,0.0,0.0,0.0,0.0,0.0,0.0,0.03125,0.015625,0.953125
10,11,0.0,0.0,0.0,0.0,0.0,0.0,0.0,0.0,0.0,0.03125,0.015625,0.953125
10,11,0.0,0.0,0.0,0.0,0.0,0.0,0.0,0.0,0.0,0.03125,0.015625,0.953125
10,11,0.0,0.0,0.0,0.0,0.0,0.0,0.0,0.0,0.0,0.03125,0.015625,0.953125
10,11,0.0,0.0,0.0,0.0,0.0,0.0,0.0,0.0,0.0,0.03125,0.015625,0.953125
10,11,0.0,0.0,0.0,0.0,0.0,0.0,0.0,0.0,0.0,0.03125,0.015625,0.953125
10,11,0.0,0.0,0.0,0.0,0.0,0.0,0.0,0.0,0.0,0.03125,0.015625,0.953125
10,11,0.0,0.0,0.0,0.0,0.0,0.0,0.0,0.0,0.0,0.03125,0.015625,0.953125
10,11,0.0,0.0,0.0,0.0,0.0,0.0,0.0,0.0,0.0,0.03125,0.015625,0.953125
10,11,0.0,0.0,0.0,0.0,0.0,0.0,0.0,0.0,0.0,0.03125,0.015625,0.953125
10,11,0.0,0.0,0.0,0.0,0.0,0.0,0.0,0.0,0.0,0.03125,0.015625,0.953125
10,11,0.0,0.0,0.0,0.0,0.0,0.0,0.0,0.0,0.0,0.03125,0.015625,0.953125
10,11,0.0,0.0,0.0,0.0,0.0,0.0,0.0,0.0,0.0,0.03125,0.015625,0.953125
10,11,0.0,0.0,0.0,0.0,0.0,0.0,0.0,0.0,0.0,0.03125,0.015625,0.953125
10,11,0.0,0.0,0.0,0.0,0.0,0.0,0.0,0.0,0.0,0.03125,0.015625,0.953125
10,11,0.0,0.0,0.0,0.0,0.0,0.0,0.0,0.0,0.0,0.03125,0.015625,0.953125
10,11,0.0,0.0,0.0,0.0,0.0,0.0,0.0,0.0,0.0,0.03125,0.015625,0.953125
10,11,0.0,0.0,0.0,0.0,0.0,0.0,0.0,0.0,0.0,0.03125,0.015625,0.953125
10,11,0.0,0.0,0.0,0.0,0.0,0.0,0.0,0.0,0.0,0.03125,0.015625,0.953125
10,11,0.0,0.0,0.0,0.0,0.0,0.0,0.0,0.0,0.0,0.03125,0.015625,0.953125
10,11,0.0,0.0,0.0,0.0,0.0,0.0,0.0,0.0,0.0,0.03125,0.015625,0.953125
10,11,0.0,0.0,0.0,0.0,0.0,0.0,0.0,0.0,0.0,0.03125,0.015625,0.953125
10,11,0.0,0.0,0.0,0.0,0.0,0.0,0.0,0.0,0.0,0.03125,0.015625,0.953125
10,11,0.0,0.0,0.0,0.0,0.0,0.0,0.0,0.0,0.0,0.03125,0.015625,0.953125
10,11,0.0,0.0,0.0,0.0,0.0,0.0,0.0,0.0,0.0,0.03125,0.015625,0.953125
10,11,0.0,0.0,0.0,0.0,0.0,0.0,0.0,0.0,0.0,0.03125,0.015625,0.953125
10,11,0.0,0.0,0.0,0.0,0.0,0.0,0.0,0.0,0.0,0.03125,0.015625,0.953125
10,11,0.0,0.0,0.0,0.0,0.0,0.0,0.0,0.0,0.0,0.03125,0.015625,0.953125
10,11,0.0,0.0,0.0,0.0,0.0,0.0,0.0,0.0,0.0,0.03125,0.015625,0.953125
10,11,0.0,0.0,0.0,0.0,0.0,0.0,0.0,0.0,0.0,0.03125,0.015625,0.953125
10,11,0.0,0.0,0.0,0.0,0.0,0.0,0.0,0.0,0.0,0.03125,0.015625,0.953125
10,11,0.0,0.0,0.0,0.0,0.0,0.0,0.0,0.0,0.0,0.03125,0.015625,0.953125
10,11,0.0,0.0,0.0,0.0,0.0,0.0,0.0,0.0,0.0,0.03125,0.015625,0.953125
10,11,0.0,0.0,0.0,0.0,0.0,0.0,0.0,0.0,0.0,0.03125,0.015625,0.953125
10,11,0.0,0.0,0.0,0.0,0.0,0.0,0.0,0.0,0.0,0.03125,0.015625,0.953125
10,11,0.0,0.0,0.0,0.0,0.0,0.0,0.0,0.0,0.0,0.03125,0.015625,0.953125
10,11,0.0,0.0,0.0,0.0,0.0,0.0,0.0,0.0,0.0,0.03125,0.015625,0.953125
10,11,0.0,0.0,0.0,0.0,0.0,0.0,0.0,0.0,0.0,0.03125,0.015625,0.953125
10,11,0.0,0.0,0.0,0.0,0.0,0.0,0.0,0.0,0.0,0.03125,0.015625,0.953125
10,11,0.0,0.0,0.0,0.0,0.0,0.0,0.0,0.0,0.0,0.03125,0.015625,0.953125
10,11,0.0,0.0,0.0,0.0,0.0,0.0,0.0,0.0,0.0,0.03125,0.015625,0.953125
10,11,0.0,0.0,0.0,0.0,0.0,0.0,0.0,0.0,0.0,0.03125,0.015625,0.953125
10,11,0.0,0.0,0.0,0.0,0.0,0.0,0.0,0.0,0.0,0.03125,0.015625,0.953125
10,11,0.0,0.0,0.0,0.0,0.0,0.0,0.0,0.0,0.0,0.03125,0.015625,0.953125
10,11,0.0,0.0,0.0,0.0,0.0,0.0,0.0,0.0,0.0,0.03125,0.015625,0.953125
10,11,0.0,0.0,0.0,0.0,0.0,0.0,0.0,0.0,0.0,0.03125,0.015625,0.953125
10,11,0.0,0.0,0.0,0.0,0.0,0.0,0.0,0.0,0.0,0.03125,0.015625,0.953125
10,11,0.0,0.0,0.0,0.0,0.0,0.0,0.0,0.0,0.0,0.03125,0.015625,0.953125
10,11,0.0,0.0,0.0,0.0,0.0,0.0,0.0,0.0,0.0,0.03125,0.015625,0.953125
10,11,0.0,0.0,0.0,0.0,0.0,0.0,0.0,0.0,0.0,0.03125,0.015625,0.953125
10,11,0.0,0.0,0.0,0.0,0.0,0.0,0.0,0.0,0.0,0.03125,0.015625,0.953125
10,11,0.0,0.0,0.0,0.0,0.0,0.0,0.0,0.0,0.0,0.03125,0.015625,0.953125
10,11,0.0,0.0,0.0,0.0,0.0,0.0,0.0,0.0,0.0,0.03125,0.015625,0.953125
10,11,0.0,0.0,0.0,0.0,0.0,0.0,0.0,0.0,0.0,0.03125,0.015625,0.953125
10,11,0.0,0.0,0.0,0.0,0.0,0.0,0.0,0.0,0.0,0.03125,0.015625,0.953125
10,11,0.0,0.0,0.0,0.0,0.0,0.0,0.0,0.0,0.0,0.03125,0.015625,0.953125
10,11,0.0,0.0,0.0,0.0,0.0,0.0,0.0,0.0,0.0,0.03125,0.015625,0.953125
10,11,0.0,0.0,0.0,0.0,0.0,0.0,0.0,0.0,0.0,0.03125,0.015625,0.953125
10,11,0.0,0.0,0.0,0.0,0.0,0.0,0.0,0.0,0.0,0.03125,0.015625,0.953125
10,11,0.0,0.0,0.0,0.0,0.0,0.0,0.0,0.0,0.0,0.03125,0.015625,0.953125
10,11,0.0,0.0,0.0,0.0,0.0,0.0,0.0,0.0,0.0,0.03125,0.015625,0.953125
10,11,0.0,0.0,0.0,0.0,0.0,0.0,0.0,0.0,0.0,0.03125,0.015625,0.953125
10,11,0.0,0.0,0.0,0.0,0.0,0.0,0.0,0.0,0.0,0.03125,0.015625,0.953125
10,11,0.0,0.0,0.0,0.0,0.0,0.0,0.0,0.0,0.0,0.03125,0.015625,0.953125
10,11,0.0,0.0,0.0,0.0,0.0,0.0,0.0,0.0,0.0,0.03125,0.015625,0.953125
10,11,0.0,0.0,0.0,0.0,0.0,0.0,0.0,0.0,0.0,0.03125,0.015625,0.953125
10,11,0.0,0.0,0.0,0.0,0.0,0.0,0.0,0.0,0.0,0.03125,0.015625,0.953125
10,11,0.0,0.0,0.0,0.0,0.0,0.0,0.0,0.0,0.0,0.03125,0.015625,0.953125
10,11,0.0,0.0,0.0,0.0,0.0,0.0,0.0,0.0,0.0,0.03125,0.015625,0.953125
10,11,0.0,0.0,0.0,0.0,0.0,0.0,0.0,0.0,0.0,0.03125,0.015625,0.953125
10,11,0.0,0.0,0.0,0.0,0.0,0.0,0.0,0.0,0.0,0.03125,0.015625,0.953125
10,11,0.0,0.0,0.0,0.0,0.0,0.0,0.0,0.0,0.0,0.03125,0.015625,0.953125
10,11,0.0,0.0,0.0,0.0,0.0,0.0,0.0,0.0,0.0,0.03125,0.015625,0.953125
10,11,0.0,0.0,0.0,0.0,0.0,0.0,0.0,0.0,0.0,0.03125,0.015625,0.953125
10,11,0.0,0.0,0.0,0.0,0.0,0.0,0.0,0.0,0.0,0.03125,0.015625,0.953125
10,11,0.0,0.0,0.0,0.0,0.0,0.0,0.0,0.0,0.0,0.03125,0.015625,0.953125
10,11,0.0,0.0,0.0,0.0,0.0,0.0,0.0,0.0,0.0,0.03125,0.015625,0.953125
10,11,0.0,0.0,0.0,0.0,0.0,0.0,0.0,0.0,0.0,0.03125,0.03125,0.9375
10,11,0.0,0.0,0.0,0.0,0.0,0.0,0.0,0.0,0.0,0.03125,0.03125,0.9375
10,11,0.0,0.0,0.0,0.0,0.0,0.0,0.0,0.0,0.0,0.03125,0.03125,0.9375
10,11,0.0,0.0,0.0,0.0,0.0,0.0,0.0,0.0,0.0,0.03125,0.03125,0.9375
10,11,0.0,0.0,0.0,0.0,0.0,0.0,0.0,0.0,0.0,0.03125,0.03125,0.9375
10,11,0.0,0.0,0.0,0.0,0.0,0.0,0.0,0.0,0.0,0.03125,0.03125,0.9375
10,11,0.0,0.0,0.0,0.0,0.0,0.0,0.0,0.0,0.0,0.03125,0.03125,0.9375
10,11,0.0,0.0,0.0,0.0,0.0,0.0,0.0,0.0,0.0,0.03125,0.03125,0.9375
10,11,0.0,0.0,0.0,0.0,0.0,0.0,0.0,0.0,0.0,0.03125,0.03125,0.9375
10,11,0.0,0.0,0.0,0.0,0.0,0.0,0.0,0.0,0.0,0.03125,0.03125,0.9375
10,11,0.0,0.0,0.0,0.0,0.0,0.0,0.0,0.0,0.0,0.03125,0.03125,0.9375
10,11,0.0,0.0,0.0,0.0,0.0,0.0,0.0,0.0,0.0,0.03125,0.03125,0.9375
10,11,0.0,0.0,0.0,0.0,0.0,0.0,0.0,0.0,0.0,0.03125,0.03125,0.9375
10,11,0.0,0.0,0.0,0.0,0.0,0.0,0.0,0.0,0.0,0.03125,0.03125,0.9375
10,11,0.0,0.0,0.0,0.0,0.0,0.0,0.0,0.0,0.0,0.03125,0.03125,0.9375
10,11,0.0,0.0,0.0,0.0,0.0,0.0,0.0,0.0,0.0,0.03125,0.03125,0.9375
10,11,0.0,0.0,0.0,0.0,0.0,0.0,0.0,0.0,0.0,0.03125,0.03125,0.9375
10,11,0.0,0.0,0.0,0.0,0.0,0.0,0.0,0.0,0.0,0.03125,0.03125,0.9375
10,11,0.0,0.0,0.0,0.0,0.0,0.0,0.0,0.0,0.0,0.03125,0.03125,0.9375
10,11,0.0,0.0,0.0,0.0,0.0,0.0,0.0,0.0,0.0,0.03125,0.03125,0.9375
10,11,0.0,0.0,0.0,0.0,0.0,0.0,0.0,0.0,0.0,0.03125,0.03125,0.9375
10,11,0.0,0.0,0.0,0.0,0.0,0.0,0.0,0.0,0.0,0.03125,0.03125,0.9375
10,11,0.0,0.0,0.0,0.0,0.0,0.0,0.0,0.0,0.0,0.03125,0.03125,0.9375
10,11,0.0,0.0,0.0,0.0,0.0,0.0,0.0,0.0,0.0,0.03125,0.03125,0.9375
10,11,0.0,0.0,0.0,0.0,0.0,0.0,0.0,0.0,0.0,0.03125,0.03125,0.9375
10,11,0.0,0.0,0.0,0.0,0.0,0.0,0.0,0.0,0.0,0.03125,0.03125,0.9375
10,11,0.0,0.0,0.0,0.0,0.0,0.0,0.0,0.0,0.0,0.03125,0.03125,0.9375
10,11,0.0,0.0,0.0,0.0,0.0,0.0,0.0,0.0,0.0,0.03125,0.03125,0.9375
10,11,0.0,0.0,0.0,0.0,0.0,0.0,0.0,0.0,0.0,0.03125,0.03125,0.9375
10,11,0.0,0.0,0.0,0.0,0.0,0.0,0.0,0.0,0.0,0.03125,0.03125,0.9375
10,11,0.0,0.0,0.0,0.0,0.0,0.0,0.0,0.0,0.0,0.03125,0.03125,0.9375
10,11,0.0,0.0,0.0,0.0,0.0,0.0,0.0,0.0,0.0,0.03125,0.03125,0.9375
10,11,0.0,0.0,0.0,0.0,0.0,0.0,0.0,0.0,0.0,0.03125,0.03125,0.9375
10,11,0.0,0.0,0.0,0.0,0.0,0.0,0.0,0.0,0.0,0.03125,0.03125,0.9375
10,11,0.0,0.0,0.0,0.0,0.0,0.0,0.0,0.0,0.0,0.03125,0.03125,0.9375
10,11,0.0,0.0,0.0,0.0,0.0,0.0,0.0,0.0,0.0,0.03125,0.03125,0.9375
10,11,0.0,0.0,0.0,0.0,0.0,0.0,0.0,0.0,0.0,0.03125,0.03125,0.9375
10,11,0.0,0.0,0.0,0.0,0.0,0.0,0.0,0.0,0.0,0.03125,0.03125,0.9375
10,11,0.015625,0.0,0.0,0.0,0.0,0.0,0.0,0.0,0.0,0.03125,0.03125,0.921875
10,11,0.015625,0.0,0.0,0.0,0.0,0.0,0.0,0.0,0.0,0.03125,0.03125,0.921875
10,11,0.015625,0.0,0.0,0.0,0.0,0.0,0.0,0.0,0.0,0.03125,0.03125,0.921875
10,11,0.015625,0.0,0.0,0.0,0.0,0.0,0.0,0.0,0.0,0.03125,0.03125,0.921875
10,11,0.015625,0.0,0.0,0.0,0.0,0.0,0.0,0.0,0.0,0.03125,0.03125,0.921875
10,11,0.015625,0.0,0.0,0.0,0.0,0.0,0.0,0.0,0.0,0.03125,0.03125,0.921875
10,11,0.03125,0.0,0.0,0.0,0.0,0.0,0.0,0.0,0.0,0.03125,0.03125,0.90625
10,11,0.03125,0.0,0.0,0.0,0.0,0.0,0.0,0.0,0.0,0.03125,0.03125,0.90625
10,11,0.03125,0.0,0.0,0.0,0.0,0.0,0.0,0.0,0.0,0.03125,0.03125,0.90625
10,11,0.03125,0.0,0.0,0.0,0.0,0.0,0.0,0.0,0.0,0.03125,0.03125,0.90625
10,11,0.03125,0.0,0.0,0.0,0.0,0.0,0.0,0.0,0.0,0.03125,0.03125,0.90625
10,11,0.03125,0.0,0.0,0.0,0.0,0.0,0.0,0.0,0.0,0.03125,0.03125,0.90625
10,11,0.03125,0.0,0.0,0.0,0.0,0.0,0.0,0.0,0.0,0.03125,0.03125,0.90625
10,11,0.03125,0.0,0.0,0.0,0.0,0.0,0.0,0.0,0.0,0.03125,0.03125,0.90625
10,11,0.03125,0.0,0.0,0.0,0.0,0.0,0.0,0.0,0.0,0.03125,0.03125,0.90625
10,11,0.03125,0.0,0.0,0.0,0.0,0.0,0.0,0.0,0.0,0.03125,0.03125,0.90625
10,11,0.03125,0.0,0.0,0.0,0.0,0.0,0.0,0.0,0.0,0.03125,0.03125,0.90625
10,11,0.03125,0.0,0.0,0.0,0.0,0.0,0.0,0.0,0.0,0.03125,0.03125,0.90625
10,11,0.03125,0.0,0.0,0.0,0.0,0.0,0.0,0.0,0.0,0.03125,0.03125,0.90625
10,11,0.03125,0.0,0.0,0.0,0.0,0.0,0.0,0.0,0.0,0.03125,0.03125,0.90625
10,11,0.03125,0.0,0.0,0.0,0.0,0.0,0.0,0.0,0.0,0.03125,0.03125,0.90625
10,11,0.03125,0.0,0.0,0.0,0.0,0.0,0.0,0.0,0.0,0.03125,0.03125,0.90625
10,11,0.03125,0.0,0.0,0.0,0.0,0.0,0.0,0.0,0.0,0.03125,0.03125,0.90625
10,11,0.03125,0.0,0.0,0.0,0.0,0.0,0.0,0.0,0.0,0.03125,0.03125,0.90625
10,11,0.03125,0.0,0.0,0.0,0.0,0.0,0.0,0.0,0.0,0.03125,0.03125,0.90625
10,11,0.03125,0.0,0.0,0.0,0.0,0.0,0.0,0.0,0.0,0.03125,0.03125,0.90625
10,11,0.03125,0.0,0.0,0.0,0.0,0.0,0.0,0.0,0.0,0.03125,0.03125,0.90625
10,11,0.03125,0.0,0.0,0.0,0.0,0.0,0.0,0.0,0.0,0.03125,0.03125,0.90625
10,11,0.03125,0.0,0.0,0.0,0.0,0.0,0.0,0.0,0.0,0.03125,0.03125,0.90625
10,11,0.03125,0.0,0.0,0.0,0.0,0.0,0.0,0.0,0.0,0.03125,0.03125,0.90625
10,11,0.03125,0.0,0.0,0.0,0.0,0.0,0.0,0.0,0.0,0.03125,0.03125,0.90625
10,11,0.03125,0.0,0.0,0.0,0.0,0.0,0.0,0.0,0.0,0.03125,0.03125,0.90625
10,11,0.03125,0.0,0.0,0.0,0.0,0.0,0.0,0.0,0.0,0.03125,0.03125,0.90625
10,11,0.03125,0.0,0.0,0.0,0.0,0.0,0.0,0.0,0.0,0.03125,0.03125,0.90625
10,11,0.03125,0.0,0.0,0.0,0.0,0.0,0.0,0.0,0.0,0.03125,0.03125,0.90625
10,11,0.03125,0.0,0.0,0.0,0.0,0.0,0.0,0.0,0.0,0.03125,0.03125,0.90625
10,11,0.03125,0.0,0.0,0.0,0.0,0.0,0.0,0.0,0.0,0.03125,0.03125,0.90625
10,11,0.03125,0.0,0.0,0.0,0.0,0.0,0.0,0.0,0.0,0.03125,0.03125,0.90625
10,11,0.03125,0.0,0.0,0.0,0.0,0.0,0.0,0.0,0.0,0.03125,0.03125,0.90625
10,11,0.03125,0.0,0.0,0.0,0.0,0.0,0.0,0.0,0.0,0.03125,0.03125,0.90625
10,11,0.03125,0.0,0.0,0.0,0.0,0.0,0.0,0.0,0.0,0.03125,0.03125,0.90625
10,11,0.03125,0.0,0.0,0.0,0.0,0.0,0.0,0.0,0.0,0.03125,0.03125,0.90625
10,11,0.03125,0.0,0.0,0.0,0.0,0.0,0.0,0.0,0.0,0.03125,0.03125,0.90625
10,11,0.03125,0.0,0.0,0.0,0.0,0.0,0.0,0.0,0.0,0.03125,0.03125,0.90625
10,11,0.03125,0.0,0.0,0.0,0.0,0.0,0.0,0.0,0.0,0.03125,0.03125,0.90625
10,11,0.03125,0.0,0.0,0.0,0.0,0.0,0.0,0.0,0.0,0.03125,0.03125,0.90625
10,11,0.03125,0.0,0.0,0.0,0.0,0.0,0.0,0.0,0.0,0.03125,0.03125,0.90625
10,11,0.03125,0.0,0.0,0.0,0.0,0.0,0.0,0.0,0.0,0.03125,0.03125,0.90625
10,11,0.03125,0.0,0.0,0.0,0.0,0.0,0.0,0.0,0.015625,0.03125,0.03125,0.890625
10,11,0.03125,0.0,0.0,0.0,0.0,0.0,0.0,0.0,0.015625,0.03125,0.03125,0.890625
10,11,0.03125,0.0,0.0,0.0,0.0,0.0,0.0,0.0,0.015625,0.03125,0.03125,0.890625
10,11,0.03125,0.0,0.0,0.0,0.0,0.0,0.0,0.0,0.015625,0.03125,0.03125,0.890625
10,11,0.03125,0.0,0.0,0.0,0.0,0.0,0.0,0.0,0.015625,0.03125,0.046875,0.875
10,11,0.03125,0.0,0.0,0.0,0.0,0.0,0.0,0.0,0.015625,0.03125,0.046875,0.875
10,11,0.03125,0.0,0.0,0.0,0.0,0.0,0.0,0.0,0.015625,0.03125,0.046875,0.875
10,11,0.03125,0.0,0.0,0.0,0.0,0.0,0.0,0.0,0.015625,0.03125,0.046875,0.875
10,11,0.03125,0.0,0.0,0.0,0.0,0.0,0.0,0.0,0.015625,0.015625,0.09375,0.84375
10,11,0.03125,0.0,0.0,0.0,0.0,0.0,0.0,0.0,0.015625,0.015625,0.09375,0.84375
10,11,0.03125,0.0,0.0,0.0,0.0,0.0,0.0,0.0,0.015625,0.015625,0.09375,0.84375
10,11,0.03125,0.0,0.0,0.0,0.0,0.0,0.0,0.0,0.015625,0.015625,0.09375,0.84375
10,11,0.03125,0.0,0.0,0.0,0.0,0.0,0.0,0.0,0.015625,0.015625,0.09375,0.84375
10,11,0.03125,0.0,0.0,0.0,0.0,0.0,0.0,0.0,0.015625,0.015625,0.09375,0.84375
10,11,0.03125,0.0,0.0,0.0,0.0,0.0,0.0,0.0,0.015625,0.015625,0.09375,0.84375
10,11,0.03125,0.0,0.0,0.0,0.0,0.0,0.0,0.0,0.015625,0.015625,0.09375,0.84375
10,11,0.03125,0.0,0.0,0.0,0.0,0.0,0.0,0.0,0.015625,0.015625,0.09375,0.84375
10,11,0.03125,0.0,0.0,0.0,0.0,0.0,0.0,0.0,0.015625,0.015625,0.09375,0.84375
10,11,0.03125,0.0,0.0,0.0,0.0,0.0,0.0,0.0,0.015625,0.015625,0.09375,0.84375
10,11,0.03125,0.0,0.0,0.0,0.0,0.0,0.0,0.0,0.015625,0.015625,0.09375,0.84375
10,11,0.03125,0.0,0.0,0.0,0.0,0.0,0.0,0.0,0.015625,0.015625,0.09375,0.84375
10,11,0.03125,0.0,0.0,0.0,0.0,0.0,0.0,0.0,0.015625,0.015625,0.09375,0.84375
10,11,0.03125,0.0,0.0,0.0,0.0,0.0,0.0,0.0,0.015625,0.015625,0.09375,0.84375
10,11,0.03125,0.0,0.0,0.0,0.0,0.0,0.0,0.0,0.015625,0.015625,0.09375,0.84375
10,11,0.03125,0.0,0.0,0.0,0.0,0.0,0.0,0.0,0.015625,0.015625,0.09375,0.84375
10,11,0.03125,0.0,0.0,0.0,0.0,0.0,0.0,0.0,0.015625,0.015625,0.09375,0.84375
10,11,0.03125,0.0,0.0,0.0,0.0,0.0,0.0,0.0,0.015625,0.015625,0.09375,0.84375
10,11,0.03125,0.0,0.0,0.0,0.0,0.0,0.0,0.0,0.015625,0.015625,0.09375,0.84375
10,11,0.03125,0.0,0.0,0.0,0.0,0.0,0.0,0.0,0.015625,0.015625,0.09375,0.84375
10,11,0.03125,0.0,0.0,0.0,0.0,0.0,0.0,0.0,0.015625,0.015625,0.09375,0.84375
10,11,0.03125,0.0,0.0,0.0,0.0,0.0,0.0,0.0,0.03125,0.015625,0.09375,0.828125
10,11,0.03125,0.0,0.0,0.0,0.0,0.0,0.0,0.0,0.03125,0.015625,0.09375,0.828125
10,11,0.03125,0.0,0.0,0.0,0.0,0.0,0.0,0.0,0.03125,0.015625,0.09375,0.828125
10,11,0.03125,0.0,0.0,0.0,0.0,0.0,0.0,0.0,0.03125,0.015625,0.09375,0.828125
10,11,0.03125,0.0,0.0,0.0,0.0,0.0,0.0,0.0,0.03125,0.015625,0.09375,0.828125
10,11,0.03125,0.0,0.0,0.0,0.0,0.0,0.0,0.0,0.03125,0.015625,0.09375,0.828125
10,11,0.03125,0.0,0.0,0.0,0.0,0.0,0.0,0.0,0.03125,0.015625,0.09375,0.828125
10,11,0.03125,0.0,0.0,0.0,0.0,0.0,0.0,0.0,0.03125,0.015625,0.09375,0.828125
10,11,0.03125,0.0,0.0,0.0,0.0,0.0,0.0,0.0,0.03125,0.015625,0.09375,0.828125
10,11,0.03125,0.0,0.0,0.0,0.0,0.0,0.0,0.0,0.03125,0.015625,0.09375,0.828125
10,11,0.03125,0.0,0.0,0.0,0.0,0.0,0.0,0.0,0.03125,0.015625,0.09375,0.828125
10,11,0.03125,0.0,0.0,0.0,0.0,0.0,0.0,0.0,0.03125,0.015625,0.09375,0.828125
10,11,0.03125,0.0,0.0,0.0,0.0,0.0,0.0,0.0,0.03125,0.015625,0.09375,0.828125
10,11,0.03125,0.0,0.0,0.0,0.0,0.0,0.0,0.0,0.03125,0.015625,0.09375,0.828125
10,11,0.03125,0.0,0.0,0.0,0.0,0.0,0.0,0.0,0.03125,0.015625,0.09375,0.828125
10,11,0.03125,0.0,0.0,0.0,0.0,0.0,0.0,0.0,0.03125,0.015625,0.09375,0.828125
10,11,0.03125,0.0,0.0,0.0,0.0,0.0,0.0,0.0,0.03125,0.015625,0.09375,0.828125
10,11,0.03125,0.0,0.0,0.0,0.0,0.0,0.0,0.0,0.03125,0.015625,0.09375,0.828125
10,11,0.03125,0.0,0.0,0.0,0.0,0.0,0.0,0.0,0.03125,0.015625,0.09375,0.828125
10,11,0.03125,0.0,0.0,0.0,0.0,0.0,0.0,0.0,0.03125,0.015625,0.09375,0.828125
10,11,0.03125,0.0,0.0,0.0,0.0,0.0,0.0,0.0,0.03125,0.015625,0.09375,0.828125
10,11,0.03125,0.0,0.0,0.0,0.0,0.0,0.0,0.0,0.03125,0.015625,0.09375,0.828125
10,11,0.03125,0.0,0.0,0.0,0.0,0.0,0.0,0.0,0.03125,0.015625,0.09375,0.828125
10,11,0.03125,0.0,0.0,0.0,0.0,0.0,0.0,0.0,0.03125,0.015625,0.09375,0.828125
10,11,0.03125,0.0,0.0,0.0,0.0,0.0,0.0,0.0,0.03125,0.015625,0.09375,0.828125
10,11,0.03125,0.0,0.0,0.0,0.0,0.0,0.0,0.0,0.03125,0.015625,0.09375,0.828125
10,11,0.032258064,0.0,0.0,0.0,0.0,0.0,0.0,0.0,0.048387095,0.016129032,0.11290322,0.7903226
10,11,0.032258064,0.0,0.0,0.0,0.0,0.0,0.0,0.0,0.048387095,0.016129032,0.11290322,0.7903226
10,11,0.032258064,0.0,0.0,0.0,0.0,0.0,0.0,0.0,0.048387095,0.016129032,0.11290322,0.7903226
10,11,0.032258064,0.0,0.0,0.0,0.0,0.0,0.0,0.0,0.048387095,0.016129032,0.11290322,0.7903226
10,11,0.032258064,0.0,0.0,0.0,0.0,0.0,0.0,0.0,0.048387095,0.016129032,0.11290322,0.7903226
10,11,0.032258064,0.0,0.0,0.0,0.0,0.0,0.0,0.0,0.048387095,0.016129032,0.11290322,0.7903226
10,11,0.032258064,0.0,0.0,0.0,0.0,0.0,0.0,0.0,0.048387095,0.016129032,0.11290322,0.7903226
10,11,0.032258064,0.0,0.0,0.0,0.0,0.0,0.0,0.0,0.048387095,0.016129032,0.11290322,0.7903226
10,11,0.032258064,0.0,0.0,0.0,0.0,0.0,0.0,0.0,0.048387095,0.016129032,0.11290322,0.7903226
10,11,0.032258064,0.0,0.0,0.0,0.0,0.0,0.0,0.0,0.048387095,0.016129032,0.11290322,0.7903226
10,11,0.032258064,0.0,0.0,0.0,0.0,0.0,0.0,0.0,0.048387095,0.016129032,0.11290322,0.7903226
10,11,0.032258064,0.0,0.0,0.0,0.0,0.0,0.0,0.0,0.048387095,0.016129032,0.11290322,0.7903226
10,11,0.032258064,0.0,0.0,0.0,0.0,0.0,0.0,0.0,0.048387095,0.016129032,0.12903225,0.7741935
10,11,0.032258064,0.0,0.0,0.0,0.0,0.0,0.0,0.0,0.048387095,0.016129032,0.12903225,0.7741935
10,11,0.032258064,0.0,0.0,0.0,0.0,0.0,0.0,0.0,0.048387095,0.016129032,0.12903225,0.7741935
10,11,0.032258064,0.0,0.0,0.0,0.0,0.0,0.0,0.0,0.048387095,0.016129032,0.12903225,0.7741935
10,11,0.032258064,0.0,0.0,0.0,0.0,0.0,0.0,0.0,0.048387095,0.016129032,0.12903225,0.7741935
10,11,0.032258064,0.0,0.0,0.0,0.0,0.0,0.0,0.0,0.048387095,0.016129032,0.12903225,0.7741935
10,11,0.032258064,0.0,0.0,0.0,0.0,0.0,0.0,0.0,0.048387095,0.016129032,0.12903225,0.7741935
10,11,0.032258064,0.0,0.0,0.0,0.0,0.0,0.0,0.0,0.048387095,0.016129032,0.12903225,0.7741935
10,11,0.032258064,0.0,0.0,0.0,0.0,0.0,0.0,0.0,0.048387095,0.016129032,0.12903225,0.7741935
10,11,0.032258064,0.0,0.0,0.0,0.0,0.0,0.0,0.0,0.048387095,0.016129032,0.12903225,0.7741935
10,11,0.032258064,0.0,0.0,0.0,0.0,0.0,0.0,0.0,0.048387095,0.016129032,0.12903225,0.7741935
10,11,0.032258064,0.0,0.0,0.0,0.0,0.0,0.0,0.0,0.048387095,0.016129032,0.12903225,0.7741935
10,11,0.032258064,0.0,0.0,0.0,0.0,0.0,0.0,0.0,0.048387095,0.016129032,0.12903225,0.7741935
10,11,0.032258064,0.0,0.0,0.0,0.0,0.0,0.0,0.0,0.048387095,0.016129032,0.12903225,0.7741935
10,11,0.032258064,0.0,0.0,0.0,0.0,0.0,0.0,0.0,0.048387095,0.016129032,0.12903225,0.7741935
10,11,0.032258064,0.0,0.0,0.0,0.0,0.0,0.0,0.0,0.048387095,0.016129032,0.12903225,0.7741935
10,11,0.032258064,0.0,0.0,0.0,0.0,0.0,0.0,0.0,0.048387095,0.016129032,0.12903225,0.7741935
10,11,0.032258064,0.0,0.0,0.0,0.0,0.0,0.0,0.0,0.048387095,0.016129032,0.12903225,0.7741935
10,11,0.032258064,0.0,0.0,0.0,0.0,0.0,0.0,0.0,0.048387095,0.016129032,0.12903225,0.7741935
10,11,0.032258064,0.0,0.0,0.0,0.0,0.0,0.0,0.0,0.048387095,0.016129032,0.12903225,0.7741935
10,11,0.032258064,0.0,0.0,0.0,0.0,0.0,0.0,0.0,0.048387095,0.016129032,0.12903225,0.7741935
10,11,0.032258064,0.0,0.0,0.0,0.0,0.0,0.0,0.0,0.048387095,0.016129032,0.12903225,0.7741935
10,11,0.032258064,0.0,0.0,0.0,0.0,0.0,0.0,0.0,0.048387095,0.016129032,0.12903225,0.7741935
10,11,0.032258064,0.0,0.0,0.0,0.0,0.0,0.0,0.0,0.048387095,0.016129032,0.12903225,0.7741935
10,11,0.032258064,0.0,0.0,0.0,0.0,0.0,0.0,0.0,0.048387095,0.016129032,0.12903225,0.7741935
10,11,0.032258064,0.0,0.0,0.0,0.0,0.0,0.0,0.0,0.048387095,0.016129032,0.12903225,0.7741935
10,11,0.032258064,0.0,0.0,0.0,0.0,0.0,0.0,0.0,0.048387095,0.016129032,0.12903225,0.7741935
10,11,0.032258064,0.0,0.0,0.0,0.0,0.0,0.0,0.0,0.048387095,0.016129032,0.12903225,0.7741935
10,11,0.032258064,0.0,0.0,0.0,0.0,0.0,0.0,0.0,0.048387095,0.016129032,0.12903225,0.7741935
10,11,0.032258064,0.0,0.0,0.0,0.0,0.0,0.0,0.0,0.048387095,0.016129032,0.12903225,0.7741935
10,11,0.032258064,0.0,0.0,0.0,0.0,0.0,0.0,0.0,0.048387095,0.016129032,0.12903225,0.7741935
10,11,0.032258064,0.0,0.0,0.0,0.0,0.0,0.0,0.0,0.048387095,0.016129032,0.12903225,0.7741935
10,11,0.032258064,0.0,0.0,0.0,0.0,0.0,0.0,0.0,0.048387095,0.016129032,0.12903225,0.7741935
10,11,0.032258064,0.0,0.0,0.0,0.0,0.0,0.0,0.0,0.048387095,0.016129032,0.12903225,0.7741935
10,11,0.032258064,0.0,0.0,0.0,0.0,0.0,0.0,0.0,0.048387095,0.016129032,0.12903225,0.7741935
10,11,0.032258064,0.0,0.0,0.0,0.0,0.0,0.0,0.0,0.048387095,0.016129032,0.12903225,0.7741935
10,11,0.032258064,0.016129032,0.0,0.0,0.0,0.0,0.0,0.0,0.048387095,0.032258064,0.12903225,0.7419355
10,11,0.032258064,0.016129032,0.0,0.0,0.0,0.0,0.0,0.0,0.048387095,0.032258064,0.12903225,0.7419355
10,11,0.032258064,0.016129032,0.0,0.0,0.0,0.0,0.0,0.0,0.048387095,0.032258064,0.12903225,0.7419355
10,11,0.032258064,0.016129032,0.0,0.0,0.0,0.0,0.0,0.0,0.048387095,0.032258064,0.12903225,0.7419355
11,11,0.032258064,0.016129032,0.0,0.0,0.0,0.0,0.0,0.0,0.048387095,0.032258064,0.12903225,0.7419355
11,11,0.032258064,0.016129032,0.0,0.0,0.0,0.0,0.0,0.0,0.048387095,0.032258064,0.12903225,0.7419355
11,11,0.032258064,0.016129032,0.0,0.0,0.0,0.0,0.0,0.0,0.048387095,0.032258064,0.12903225,0.7419355
11,11,0.032258064,0.016129032,0.0,0.0,0.0,0.0,0.0,0.0,0.048387095,0.032258064,0.12903225,0.7419355
11,11,0.032258064,0.016129032,0.0,0.0,0.0,0.0,0.0,0.0,0.048387095,0.032258064,0.12903225,0.7419355
11,11,0.032258064,0.016129032,0.0,0.0,0.0,0.0,0.0,0.0,0.048387095,0.032258064,0.12903225,0.7419355
11,11,0.032258064,0.016129032,0.0,0.0,0.0,0.0,0.0,0.0,0.048387095,0.032258064,0.12903225,0.7419355
11,11,0.032258064,0.016129032,0.0,0.0,0.0,0.0,0.0,0.0,0.048387095,0.032258064,0.12903225,0.7419355
11,11,0.032258064,0.016129032,0.0,0.0,0.0,0.0,0.0,0.0,0.048387095,0.032258064,0.12903225,0.7419355
11,11,0.032258064,0.016129032,0.0,0.0,0.0,0.0,0.0,0.0,0.048387095,0.032258064,0.12903225,0.7419355
11,11,0.032258064,0.016129032,0.0,0.0,0.0,0.0,0.0,0.0,0.048387095,0.032258064,0.11290322,0.7580645
11,11,0.032258064,0.016129032,0.0,0.0,0.0,0.0,0.0,0.0,0.048387095,0.032258064,0.11290322,0.7580645
11,11,0.032258064,0.016129032,0.0,0.0,0.0,0.0,0.0,0.0,0.048387095,0.032258064,0.11290322,0.7580645
11,11,0.032258064,0.016129032,0.0,0.0,0.0,0.0,0.0,0.0,0.048387095,0.032258064,0.11290322,0.7580645
11,11,0.032258064,0.016129032,0.0,0.0,0.0,0.0,0.0,0.0,0.048387095,0.032258064,0.11290322,0.7580645
11,11,0.032258064,0.016129032,0.0,0.0,0.0,0.0,0.0,0.0,0.048387095,0.032258064,0.11290322,0.7580645
11,11,0.032258064,0.016129032,0.0,0.0,0.0,0.0,0.0,0.0,0.048387095,0.032258064,0.11290322,0.7580645
11,11,0.032258064,0.016129032,0.0,0.0,0.0,0.0,0.0,0.0,0.048387095,0.032258064,0.11290322,0.7580645
11,11,0.032258064,0.016129032,0.0,0.0,0.0,0.0,0.0,0.0,0.048387095,0.032258064,0.11290322,0.7580645
11,11,0.032258064,0.016129032,0.0,0.0,0.0,0.0,0.0,0.0,0.048387095,0.032258064,0.11290322,0.7580645
11,11,0.032258064,0.016129032,0.0,0.0,0.0,0.0,0.0,0.0,0.048387095,0.048387095,0.11290322,0.7419355
11,11,0.032258064,0.016129032,0.0,0.0,0.0,0.0,0.0,0.0,0.048387095,0.048387095,0.11290322,0.7419355
11,11,0.032258064,0.016129032,0.0,0.0,0.0,0.0,0.0,0.0,0.048387095,0.048387095,0.11290322,0.7419355
11,11,0.032258064,0.016129032,0.0,0.0,0.0,0.0,0.0,0.0,0.048387095,0.048387095,0.11290322,0.7419355
11,11,0.032258064,0.016129032,0.0,0.0,0.0,0.0,0.0,0.0,0.048387095,0.048387095,0.11290322,0.7419355
11,11,0.032258064,0.016129032,0.0,0.0,0.0,0.0,0.0,0.0,0.048387095,0.048387095,0.11290322,0.7419355
11,11,0.032258064,0.016129032,0.0,0.0,0.0,0.0,0.0,0.0,0.048387095,0.048387095,0.11290322,0.7419355
11,11,0.032258064,0.016129032,0.0,0.0,0.0,0.0,0.0,0.0,0.048387095,0.048387095,0.11290322,0.7419355
11,11,0.032258064,0.016129032,0.0,0.0,0.0,0.0,0.0,0.0,0.048387095,0.06451613,0.11290322,0.7258065
11,11,0.032258064,0.016129032,0.0,0.0,0.0,0.0,0.0,0.0,0.048387095,0.06451613,0.11290322,0.7258065
11,11,0.032258064,0.016129032,0.0,0.0,0.0,0.0,0.0,0.0,0.048387095,0.06451613,0.11290322,0.7258065
11,11,0.032258064,0.016129032,0.0,0.0,0.0,0.0,0.0,0.0,0.048387095,0.06451613,0.11290322,0.7258065
11,11,0.032258064,0.016129032,0.0,0.0,0.0,0.0,0.0,0.0,0.048387095,0.08064516,0.11290322,0.7096774
11,11,0.032258064,0.016129032,0.0,0.0,0.0,0.0,0.0,0.0,0.048387095,0.08064516,0.11290322,0.7096774
11,11,0.032258064,0.016129032,0.0,0.0,0.0,0.0,0.0,0.0,0.048387095,0.08064516,0.11290322,0.7096774
11,11,0.032258064,0.016129032,0.0,0.0,0.0,0.0,0.0,0.0,0.048387095,0.08064516,0.11290322,0.7096774
11,11,0.032258064,0.016129032,0.0,0.0,0.0,0.0,0.0,0.0,0.048387095,0.08064516,0.11290322,0.7096774
11,11,0.032258064,0.016129032,0.0,0.0,0.0,0.0,0.0,0.0,0.048387095,0.08064516,0.11290322,0.7096774
11,11,0.032258064,0.016129032,0.0,0.0,0.0,0.0,0.0,0.0,0.048387095,0.08064516,0.11290322,0.7096774
11,11,0.032258064,0.016129032,0.0,0.0,0.0,0.0,0.0,0.0,0.048387095,0.08064516,0.11290322,0.7096774
11,11,0.032258064,0.016129032,0.0,0.0,0.0,0.0,0.0,0.0,0.048387095,0.08064516,0.11290322,0.7096774
11,11,0.032258064,0.016129032,0.0,0.0,0.0,0.0,0.0,0.0,0.048387095,0.08064516,0.11290322,0.7096774
11,11,0.032258064,0.016129032,0.0,0.0,0.0,0.0,0.0,0.0,0.048387095,0.08064516,0.11290322,0.7096774
11,11,0.032258064,0.016129032,0.0,0.0,0.0,0.0,0.0,0.0,0.048387095,0.08064516,0.11290322,0.7096774
11,11,0.031746034,0.015873017,0.0,0.0,0.0,0.0,0.0,0.0,0.04761905,0.12698413,0.11111111,0.6666667
11,11,0.031746034,0.015873017,0.0,0.0,0.0,0.0,0.0,0.0,0.04761905,0.12698413,0.11111111,0.6666667
11,11,0.031746034,0.015873017,0.0,0.0,0.0,0.0,0.0,0.0,0.04761905,0.14285715,0.11111111,0.6507937
11,11,0.031746034,0.015873017,0.0,0.0,0.0,0.0,0.0,0.0,0.04761905,0.14285715,0.11111111,0.6507937
11,11,0.031746034,0.015873017,0.0,0.0,0.0,0.0,0.0,0.0,0.04761905,0.14285715,0.11111111,0.6507937
11,11,0.031746034,0.015873017,0.0,0.0,0.0,0.0,0.0,0.0,0.04761905,0.14285715,0.11111111,0.6507937
11,11,0.031746034,0.015873017,0.0,0.0,0.0,0.0,0.0,0.0,0.04761905,0.14285715,0.11111111,0.6507937
11,11,0.031746034,0.015873017,0.0,0.0,0.0,0.0,0.0,0.0,0.04761905,0.14285715,0.11111111,0.6507937
11,11,0.031746034,0.015873017,0.0,0.0,0.0,0.0,0.0,0.0,0.04761905,0.15873016,0.0952381,0.6507937
11,11,0.031746034,0.015873017,0.0,0.0,0.0,0.0,0.0,0.0,0.04761905,0.15873016,0.0952381,0.6507937
11,11,0.031746034,0.015873017,0.0,0.0,0.0,0.0,0.0,0.0,0.04761905,0.15873016,0.0952381,0.6507937
11,11,0.031746034,0.015873017,0.0,0.0,0.0,0.0,0.0,0.0,0.04761905,0.17460318,0.0952381,0.63492066
11,11,0.031746034,0.015873017,0.0,0.0,0.0,0.0,0.0,0.0,0.04761905,0.17460318,0.0952381,0.63492066
11,11,0.031746034,0.015873017,0.0,0.0,0.0,0.0,0.0,0.0,0.04761905,0.17460318,0.0952381,0.63492066
11,11,0.031746034,0.015873017,0.0,0.0,0.0,0.0,0.0,0.0,0.04761905,0.1904762,0.0952381,0.61904764
11,11,0.031746034,0.015873017,0.0,0.0,0.0,0.0,0.0,0.0,0.04761905,0.1904762,0.0952381,0.61904764
11,11,0.03125,0.015625,0.0,0.0,0.0,0.0,0.0,0.0,0.03125,0.328125,0.0625,0.53125
11,11,0.03125,0.015625,0.0,0.0,0.0,0.0,0.0,0.0,0.03125,0.328125,0.0625,0.53125
11,11,0.03125,0.015625,0.0,0.0,0.0,0.0,0.0,0.0,0.03125,0.328125,0.0625,0.53125
11,11,0.03125,0.015625,0.0,0.0,0.0,0.0,0.0,0.0,0.03125,0.328125,0.0625,0.53125
11,11,0.03125,0.015625,0.0,0.0,0.0,0.0,0.0,0.0,0.03125,0.328125,0.0625,0.53125
11,11,0.03125,0.015625,0.0,0.0,0.0,0.0,0.0,0.0,0.03125,0.328125,0.0625,0.53125
11,11,0.03125,0.015625,0.0,0.0,0.0,0.0,0.0,0.0,0.03125,0.328125,0.0625,0.53125
11,11,0.03125,0.015625,0.0,0.0,0.0,0.0,0.0,0.0,0.03125,0.328125,0.0625,0.53125
11,11,0.03125,0.015625,0.0,0.0,0.0,0.0,0.0,0.0,0.015625,0.421875,0.046875,0.46875
11,11,0.03125,0.015625,0.0,0.0,0.0,0.0,0.0,0.0,0.015625,0.421875,0.046875,0.46875
11,11,0.03125,0.015625,0.0,0.0,0.0,0.0,0.0,0.0,0.015625,0.421875,0.046875,0.46875
11,11,0.03125,0.015625,0.0,0.0,0.0,0.0,0.0,0.0,0.015625,0.4375,0.046875,0.453125
11,11,0.03125,0.015625,0.0,0.0,0.0,0.0,0.0,0.0,0.015625,0.4375,0.046875,0.453125
11,11,0.03125,0.015625,0.0,0.0,0.0,0.0,0.0,0.0,0.015625,0.4375,0.046875,0.453125
11,11,0.03125,0.015625,0.0,0.0,0.0,0.0,0.0,0.0,0.015625,0.4375,0.046875,0.453125
11,11,0.03125,0.015625,0.0,0.0,0.0,0.0,0.0,0.0,0.015625,0.4375,0.046875,0.453125
11,9,0.03125,0.015625,0.0,0.0,0.0,0.0,0.0,0.0,0.015625,0.46875,0.046875,0.421875
11,9,0.03125,0.015625,0.0,0.0,0.0,0.0,0.0,0.0,0.015625,0.46875,0.046875,0.421875
11,9,0.03125,0.015625,0.0,0.0,0.0,0.0,0.0,0.0,0.015625,0.46875,0.046875,0.421875
11,9,0.03125,0.015625,0.0,0.0,0.0,0.0,0.0,0.0,0.015625,0.46875,0.046875,0.421875
11,9,0.03125,0.015625,0.0,0.0,0.0,0.0,0.0,0.0,0.015625,0.484375,0.046875,0.40625
11,9,0.03125,0.015625,0.0,0.0,0.0,0.0,0.0,0.0,0.015625,0.484375,0.046875,0.40625
11,9,0.03125,0.015625,0.0,0.0,0.0,0.0,0.0,0.0,0.015625,0.484375,0.046875,0.40625
11,9,0.03125,0.015625,0.0,0.0,0.0,0.0,0.0,0.0,0.015625,0.484375,0.046875,0.40625
11,9,0.03125,0.015625,0.0,0.0,0.0,0.0,0.0,0.0,0.015625,0.515625,0.046875,0.375
11,9,0.03125,0.015625,0.0,0.0,0.0,0.0,0.0,0.0,0.015625,0.515625,0.046875,0.375
11,9,0.03125,0.015625,0.0,0.0,0.0,0.0,0.0,0.0,0.015625,0.515625,0.046875,0.375
11,9,0.03125,0.015625,0.0,0.0,0.0,0.0,0.0,0.0,0.015625,0.515625,0.046875,0.375
11,9,0.03125,0.015625,0.0,0.0,0.0,0.0,0.0,0.0,0.015625,0.53125,0.046875,0.359375
11,9,0.03125,0.015625,0.0,0.0,0.0,0.0,0.0,0.0,0.015625,0.53125,0.046875,0.359375
11,9,0.03125,0.015625,0.0,0.0,0.0,0.0,0.0,0.0,0.015625,0.53125,0.046875,0.359375
11,9,0.03125,0.015625,0.0,0.0,0.0,0.0,0.0,0.0,0.015625,0.53125,0.046875,0.359375
11,9,0.03125,0.0,0.0,0.0,0.0,0.0,0.0,0.0,0.015625,0.578125,0.03125,0.34375
11,9,0.03125,0.0,0.0,0.0,0.0,0.0,0.0,0.0,0.015625,0.578125,0.03125,0.34375
11,9,0.03125,0.0,0.0,0.0,0.0,0.0,0.0,0.0,0.015625,0.578125,0.03125,0.34375
11,9,0.03125,0.0,0.0,0.0,0.0,0.0,0.0,0.0,0.015625,0.59375,0.03125,0.328125
11,9,0.03125,0.0,0.0,0.0,0.0,0.0,0.0,0.0,0.015625,0.59375,0.03125,0.328125
11,9,0.03125,0.0,0.0,0.0,0.0,0.0,0.0,0.0,0.015625,0.609375,0.03125,0.3125
11,9,0.03125,0.0,0.0,0.0,0.0,0.0,0.0,0.0,0.015625,0.609375,0.03125,0.3125
11,9,0.03125,0.0,0.0,0.0,0.0,0.0,0.0,0.0,0.015625,0.609375,0.03125,0.3125
11,9,0.03125,0.0,0.0,0.0,0.0,0.0,0.0,0.0,0.015625,0.640625,0.03125,0.28125
11,9,0.03125,0.0,0.0,0.0,0.0,0.0,0.0,0.0,0.015625,0.640625,0.03125,0.28125
11,9,0.03125,0.0,0.0,0.0,0.0,0.0,0.0,0.0,0.015625,0.640625,0.03125,0.28125
11,9,0.03125,0.0,0.0,0.0,0.0,0.0,0.0,0.0,0.015625,0.640625,0.03125,0.28125
11,9,0.03125,0.0,0.0,0.0,0.0,0.0,0.0,0.0,0.0,0.65625,0.03125,0.28125
11,9,0.03125,0.0,0.0,0.0,0.0,0.0,0.0,0.0,0.0,0.65625,0.03125,0.28125
11,9,0.015625,0.0,0.0,0.0,0.0,0.0,0.0,0.0,0.0,0.671875,0.03125,0.28125
11,9,0.015625,0.0,0.0,0.0,0.0,0.0,0.0,0.0,0.0,0.671875,0.03125,0.28125
11,9,0.015625,0.0,0.0,0.0,0.0,0.0,0.0,0.0,0.0,0.671875,0.03125,0.28125
11,9,0.015625,0.0,0.0,0.0,0.0,0.0,0.0,0.0,0.0,0.671875,0.03125,0.28125
11,9,0.015625,0.0,0.0,0.0,0.0,0.0,0.0,0.0,0.0,0.6875,0.03125,0.265625
11,9,0.015625,0.0,0.0,0.0,0.0,0.0,0.0,0.0,0.0,0.6875,0.03125,0.265625
11,9,0.015625,0.0,0.0,0.0,0.0,0.0,0.0,0.0,0.0,0.703125,0.03125,0.25
11,9,0.015625,0.0,0.0,0.0,0.0,0.0,0.0,0.0,0.0,0.703125,0.03125,0.25
11,9,0.015625,0.0,0.0,0.0,0.0,0.0,0.0,0.0,0.0,0.703125,0.03125,0.25
11,9,0.015625,0.0,0.0,0.0,0.0,0.0,0.0,0.0,0.0,0.703125,0.03125,0.25
11,9,0.015625,0.0,0.0,0.0,0.0,0.0,0.0,0.0,0.0,0.78125,0.03125,0.171875
11,9,0.015625,0.0,0.0,0.0,0.0,0.0,0.0,0.0,0.0,0.78125,0.03125,0.171875
11,9,0.015625,0.0,0.0,0.0,0.0,0.0,0.0,0.0,0.0,0.78125,0.03125,0.171875
11,9,0.015625,0.0,0.0,0.0,0.0,0.0,0.0,0.0,0.0,0.78125,0.03125,0.171875
11,9,0.015625,0.0,0.0,0.0,0.0,0.0,0.0,0.0,0.0,0.78125,0.03125,0.171875
11,9,0.015625,0.0,0.0,0.0,0.0,0.0,0.0,0.0,0.0,0.78125,0.03125,0.171875
11,9,0.015625,0.0,0.0,0.0,0.0,0.0,0.0,0.0,0.0,0.78125,0.03125,0.171875
11,9,0.015625,0.0,0.0,0.0,0.0,0.0,0.0,0.0,0.0,0.78125,0.03125,0.171875
11,9,0.015625,0.0,0.0,0.0,0.0,0.0,0.0,0.0,0.0,0.8125,0.015625,0.15625
11,9,0.015625,0.0,0.0,0.0,0.0,0.0,0.0,0.0,0.0,0.8125,0.015625,0.15625
11,9,0.015625,0.0,0.0,0.0,0.0,0.0,0.0,0.0,0.0,0.8125,0.015625,0.15625
11,9,0.015625,0.0,0.0,0.0,0.0,0.0,0.0,0.0,0.0,0.8125,0.015625,0.15625
11,9,0.015625,0.0,0.0,0.0,0.0,0.0,0.0,0.0,0.0,0.8125,0.015625,0.15625
11,9,0.015625,0.0,0.0,0.0,0.0,0.0,0.0,0.0,0.0,0.8125,0.015625,0.15625
11,9,0.015625,0.0,0.0,0.0,0.0,0.0,0.0,0.0,0.0,0.8125,0.015625,0.15625
11,9,0.015625,0.0,0.0,0.0,0.0,0.0,0.0,0.0,0.0,0.8125,0.015625,0.15625
11,9,0.015625,0.0,0.0,0.0,0.0,0.0,0.0,0.0,0.0,0.828125,0.015625,0.140625
11,9,0.015625,0.0,0.0,0.0,0.0,0.0,0.0,0.0,0.0,0.828125,0.015625,0.140625
11,9,0.015625,0.0,0.0,0.0,0.0,0.0,0.0,0.0,0.0,0.828125,0.015625,0.140625
11,9,0.015625,0.0,0.0,0.0,0.0,0.0,0.0,0.0,0.0,0.828125,0.015625,0.140625
11,9,0.015625,0.0,0.0,0.0,0.0,0.0,0.0,0.0,0.0,0.828125,0.015625,0.140625
11,9,0.015625,0.0,0.0,0.0,0.0,0.0,0.0,0.0,0.0,0.828125,0.015625,0.140625
11,9,0.015625,0.0,0.0,0.0,0.0,0.0,0.0,0.0,0.0,0.828125,0.015625,0.140625
11,9,0.015625,0.0,0.0,0.0,0.0,0.0,0.0,0.0,0.0,0.828125,0.015625,0.140625
11,9,0.015625,0.0,0.0,0.0,0.0,0.0,0.0,0.0,0.0,0.9375,0.0,0.046875
11,9,0.015625,0.0,0.0,0.0,0.0,0.0,0.0,0.0,0.0,0.9375,0.0,0.046875
11,9,0.015625,0.0,0.0,0.0,0.0,0.0,0.0,0.0,0.0,0.9375,0.0,0.046875
11,9,0.015625,0.0,0.0,0.0,0.0,0.0,0.0,0.0,0.0,0.9375,0.0,0.046875
11,9,0.015625,0.0,0.0,0.0,0.0,0.0,0.0,0.0,0.0,0.9375,0.0,0.046875
11,9,0.015625,0.0,0.0,0.0,0.0,0.0,0.0,0.0,0.0,0.9375,0.0,0.046875
11,9,0.015625,0.0,0.0,0.0,0.0,0.0,0.0,0.0,0.0,0.953125,0.0,0.03125
11,9,0.015625,0.0,0.0,0.0,0.0,0.0,0.0,0.0,0.0,0.953125,0.0,0.03125
11,9,0.015625,0.0,0.0,0.0,0.0,0.0,0.0,0.0,0.0,0.953125,0.0,0.03125
11,9,0.015625,0.0,0.0,0.0,0.0,0.0,0.0,0.0,0.0,0.953125,0.0,0.03125
11,9,0.015625,0.0,0.0,0.0,0.0,0.0,0.0,0.0,0.0,0.953125,0.0,0.03125
11,9,0.015625,0.0,0.0,0.0,0.0,0.0,0.0,0.0,0.0,0.953125,0.0,0.03125
11,9,0.015625,0.0,0.0,0.0,0.0,0.0,0.0,0.0,0.0,0.953125,0.0,0.03125
11,9,0.015625,0.0,0.0,0.0,0.0,0.0,0.0,0.0,0.0,0.953125,0.0,0.03125
11,9,0.015625,0.0,0.0,0.0,0.0,0.0,0.0,0.0,0.0,0.953125,0.0,0.03125
11,9,0.015625,0.0,0.0,0.0,0.0,0.0,0.0,0.0,0.0,0.953125,0.0,0.03125
11,9,0.0,0.0,0.0,0.0,0.0,0.0,0.0,0.0,0.0,1.0,0.0,0.0
11,9,0.0,0.0,0.0,0.0,0.0,0.0,0.0,0.0,0.0,1.0,0.0,0.0
11,9,0.0,0.0,0.0,0.0,0.0,0.0,0.0,0.0,0.0,1.0,0.0,0.0
11,9,0.0,0.0,0.0,0.0,0.0,0.0,0.0,0.0,0.0,1.0,0.0,0.0
11,9,0.0,0.0,0.0,0.0,0.0,0.0,0.0,0.0,0.0,1.0,0.0,0.0
11,9,0.0,0.0,0.0,0.0,0.0,0.0,0.0,0.0,0.0,1.0,0.0,0.0
11,9,0.0,0.0,0.0,0.0,0.0,0.0,0.0,0.0,0.0,1.0,0.0,0.0
11,9,0.0,0.0,0.0,0.0,0.0,0.0,0.0,0.0,0.0,1.0,0.0,0.0
11,9,0.0,0.0,0.0,0.0,0.0,0.0,0.0,0.0,0.0,1.0,0.0,0.0
11,9,0.0,0.0,0.0,0.0,0.0,0.0,0.0,0.0,0.0,1.0,0.0,0.0
11,9,0.0,0.0,0.0,0.0,0.0,0.0,0.0,0.0,0.0,1.0,0.0,0.0
11,9,0.0,0.0,0.0,0.0,0.0,0.0,0.0,0.0,0.0,1.0,0.0,0.0
11,9,0.0,0.0,0.0,0.0,0.0,0.0,0.0,0.0,0.0,1.0,0.0,0.0
11,9,0.0,0.0,0.0,0.0,0.0,0.0,0.0,0.0,0.0,1.0,0.0,0.0
11,9,0.0,0.0,0.0,0.0,0.0,0.0,0.0,0.0,0.0,1.0,0.0,0.0
11,9,0.0,0.0,0.0,0.0,0.0,0.0,0.0,0.0,0.0,1.0,0.0,0.0
11,9,0.0,0.0,0.0,0.0,0.0,0.0,0.0,0.0,0.0,1.0,0.0,0.0
11,9,0.0,0.0,0.0,0.0,0.0,0.0,0.0,0.0,0.0,1.0,0.0,0.0
11,9,0.0,0.0,0.0,0.0,0.0,0.0,0.0,0.0,0.0,1.0,0.0,0.0
11,9,0.0,0.0,0.0,0.0,0.0,0.0,0.0,0.0,0.0,1.0,0.0,0.0
11,9,0.0,0.0,0.0,0.0,0.0,0.0,0.0,0.0,0.0,1.0,0.0,0.0
11,9,0.0,0.0,0.0,0.0,0.0,0.0,0.0,0.0,0.0,1.0,0.0,0.0
11,9,0.0,0.0,0.0,0.0,0.0,0.0,0.0,0.0,0.0,1.0,0.0,0.0
11,9,0.0,0.0,0.0,0.0,0.0,0.0,0.0,0.0,0.0,1.0,0.0,0.0
11,9,0.0,0.0,0.0,0.0,0.0,0.0,0.0,0.0,0.0,1.0,0.0,0.0
11,9,0.0,0.0,0.0,0.0,0.0,0.0,0.0,0.0,0.0,1.0,0.0,0.0
11,9,0.0,0.0,0.0,0.0,0.0,0.0,0.0,0.0,0.0,1.0,0.0,0.0
11,9,0.0,0.0,0.0,0.0,0.0,0.0,0.0,0.0,0.0,1.0,0.0,0.0
11,9,0.0,0.0,0.0,0.0,0.0,0.0,0.0,0.0,0.0,1.0,0.0,0.0
11,9,0.0,0.0,0.0,0.0,0.0,0.0,0.0,0.0,0.0,1.0,0.0,0.0
11,9,0.0,0.0,0.0,0.0,0.0,0.0,0.0,0.0,0.0,1.0,0.0,0.0
11,9,0.0,0.0,0.0,0.0,0.0,0.0,0.0,0.0,0.0,1.0,0.0,0.0
11,9,0.0,0.0,0.0,0.0,0.0,0.0,0.0,0.0,0.0,1.0,0.0,0.0
11,9,0.0,0.0,0.0,0.0,0.0,0.0,0.0,0.0,0.0,1.0,0.0,0.0
11,9,0.0,0.0,0.0,0.0,0.0,0.0,0.0,0.0,0.0,1.0,0.0,0.0
11,9,0.0,0.0,0.0,0.0,0.0,0.0,0.0,0.0,0.0,1.0,0.0,0.0
11,9,0.0,0.0,0.0,0.0,0.0,0.0,0.0,0.0,0.0,1.0,0.0,0.0
11,9,0.0,0.0,0.0,0.0,0.0,0.0,0.0,0.0,0.0,1.0,0.0,0.0
11,9,0.0,0.0,0.0,0.0,0.0,0.0,0.0,0.0,0.0,1.0,0.0,0.0
11,9,0.0,0.0,0.0,0.0,0.0,0.0,0.0,0.0,0.0,1.0,0.0,0.0
11,9,0.0,0.0,0.0,0.0,0.0,0.0,0.0,0.0,0.0,1.0,0.0,0.0
11,9,0.0,0.0,0.0,0.0,0.0,0.0,0.0,0.0,0.0,1.0,0.0,0.0
11,9,0.0,0.0,0.0,0.0,0.0,0.0,0.0,0.0,0.0,1.0,0.0,0.0
11,9,0.0,0.0,0.0,0.0,0.0,0.0,0.0,0.0,0.0,1.0,0.0,0.0
11,9,0.0,0.0,0.0,0.0,0.0,0.0,0.0,0.0,0.0,1.0,0.0,0.0
11,9,0.0,0.0,0.0,0.0,0.0,0.0,0.0,0.0,0.0,1.0,0.0,0.0
11,9,0.0,0.0,0.0,0.0,0.0,0.0,0.0,0.0,0.0,1.0,0.0,0.0
11,9,0.0,0.0,0.0,0.0,0.0,0.0,0.0,0.0,0.0,1.0,0.0,0.0
11,9,0.0,0.0,0.0,0.0,0.0,0.0,0.0,0.0,0.0,1.0,0.0,0.0
11,9,0.0,0.0,0.0,0.0,0.0,0.0,0.0,0.0,0.0,1.0,0.0,0.0
11,9,0.0,0.0,0.0,0.0,0.0,0.0,0.0,0.0,0.0,1.0,0.0,0.0
11,9,0.0,0.0,0.0,0.0,0.0,0.0,0.0,0.0,0.0,1.0,0.0,0.0
11,9,0.0,0.0,0.0,0.0,0.0,0.0,0.0,0.0,0.0,1.0,0.0,0.0
11,9,0.0,0.0,0.0,0.0,0.0,0.0,0.0,0.0,0.0,1.0,0.0,0.0
11,9,0.0,0.0,0.0,0.0,0.0,0.0,0.0,0.0,0.0,1.0,0.0,0.0
11,9,0.0,0.0,0.0,0.0,0.0,0.0,0.0,0.0,0.0,1.0,0.0,0.0
11,9,0.0,0.0,0.0,0.0,0.0,0.0,0.0,0.0,0.0,1.0,0.0,0.0
11,9,0.0,0.0,0.0,0.0,0.0,0.0,0.0,0.0,0.0,1.0,0.0,0.0
11,9,0.0,0.0,0.0,0.0,0.0,0.0,0.0,0.0,0.0,1.0,0.0,0.0
11,9,0.0,0.0,0.0,0.0,0.0,0.0,0.0,0.0,0.0,1.0,0.0,0.0
11,9,0.0,0.0,0.0,0.0,0.0,0.0,0.0,0.0,0.0,1.0,0.0,0.0
11,9,0.0,0.0,0.0,0.0,0.0,0.0,0.0,0.0,0.0,1.0,0.0,0.0
11,9,0.0,0.0,0.0,0.0,0.0,0.0,0.0,0.0,0.0,1.0,0.0,0.0
11,9,0.0,0.0,0.0,0.0,0.0,0.0,0.0,0.0,0.0,1.0,0.0,0.0
11,9,0.0,0.0,0.0,0.0,0.0,0.0,0.0,0.0,0.0,1.0,0.0,0.0
11,9,0.0,0.0,0.0,0.0,0.0,0.0,0.0,0.0,0.0,1.0,0.0,0.0
11,9,0.0,0.0,0.0,0.0,0.0,0.0,0.0,0.0,0.0,1.0,0.0,0.0
11,9,0.0,0.0,0.0,0.0,0.0,0.0,0.0,0.0,0.0,1.0,0.0,0.0
11,9,0.0,0.0,0.0,0.0,0.0,0.0,0.0,0.0,0.0,1.0,0.0,0.0
11,9,0.0,0.0,0.0,0.0,0.0,0.0,0.0,0.0,0.0,1.0,0.0,0.0
11,9,0.0,0.0,0.0,0.0,0.0,0.0,0.0,0.0,0.0,1.0,0.0,0.0
11,9,0.0,0.0,0.0,0.0,0.0,0.0,0.0,0.0,0.0,1.0,0.0,0.0
11,9,0.0,0.0,0.0,0.0,0.0,0.0,0.0,0.0,0.0,1.0,0.0,0.0
11,9,0.0,0.0,0.0,0.0,0.0,0.0,0.0,0.0,0.0,1.0,0.0,0.0
11,9,0.0,0.0,0.0,0.0,0.0,0.0,0.0,0.0,0.0,1.0,0.0,0.0
11,9,0.0,0.0,0.0,0.0,0.0,0.0,0.0,0.0,0.0,1.0,0.0,0.0
11,9,0.0,0.0,0.0,0.0,0.0,0.0,0.0,0.0,0.0,1.0,0.0,0.0
11,9,0.0,0.0,0.0,0.0,0.0,0.0,0.0,0.0,0.0,1.0,0.0,0.0
11,9,0.0,0.0,0.0,0.0,0.0,0.0,0.0,0.0,0.0,1.0,0.0,0.0
11,9,0.0,0.0,0.0,0.0,0.0,0.0,0.0,0.0,0.0,1.0,0.0,0.0
11,9,0.0,0.0,0.0,0.0,0.0,0.0,0.0,0.0,0.0,1.0,0.0,0.0
11,9,0.0,0.0,0.0,0.0,0.0,0.0,0.0,0.0,0.0,1.0,0.0,0.0
11,9,0.0,0.0,0.0,0.0,0.0,0.0,0.0,0.0,0.0,1.0,0.0,0.0
11,9,0.0,0.0,0.0,0.0,0.0,0.0,0.0,0.0,0.0,1.0,0.0,0.0
11,9,0.0,0.0,0.0,0.0,0.0,0.0,0.0,0.0,0.0,1.0,0.0,0.0
11,9,0.0,0.0,0.0,0.0,0.0,0.0,0.0,0.0,0.0,1.0,0.0,0.0
11,9,0.0,0.0,0.0,0.0,0.0,0.0,0.0,0.0,0.0,1.0,0.0,0.0
11,9,0.0,0.0,0.0,0.0,0.0,0.0,0.0,0.0,0.0,1.0,0.0,0.0
11,9,0.0,0.0,0.0,0.0,0.0,0.0,0.0,0.0,0.0,1.0,0.0,0.0
11,9,0.0,0.0,0.0,0.0,0.0,0.0,0.0,0.0,0.0,1.0,0.0,0.0
11,9,0.0,0.0,0.0,0.0,0.0,0.0,0.0,0.0,0.0,1.0,0.0,0.0
11,9,0.0,0.0,0.0,0.0,0.0,0.0,0.0,0.0,0.0,1.0,0.0,0.0
11,9,0.0,0.0,0.0,0.0,0.0,0.0,0.0,0.0,0.0,1.0,0.0,0.0
11,9,0.0,0.0,0.0,0.0,0.0,0.0,0.0,0.0,0.0,1.0,0.0,0.0
11,9,0.0,0.0,0.0,0.0,0.0,0.0,0.0,0.0,0.0,1.0,0.0,0.0
11,9,0.0,0.0,0.0,0.0,0.0,0.0,0.0,0.0,0.0,1.0,0.0,0.0
11,9,0.0,0.0,0.0,0.0,0.0,0.0,0.0,0.0,0.0,1.0,0.0,0.0
11,9,0.0,0.0,0.0,0.0,0.0,0.0,0.0,0.0,0.0,1.0,0.0,0.0
11,9,0.0,0.0,0.0,0.0,0.0,0.0,0.0,0.0,0.0,1.0,0.0,0.0
11,9,0.0,0.0,0.0,0.0,0.0,0.0,0.0,0.0,0.0,1.0,0.0,0.0
11,9,0.0,0.0,0.0,0.0,0.0,0.0,0.0,0.0,0.0,1.0,0.0,0.0
11,9,0.0,0.0,0.0,0.0,0.0,0.0,0.0,0.0,0.0,1.0,0.0,0.0
11,9,0.0,0.0,0.0,0.0,0.0,0.0,0.0,0.0,0.0,1.0,0.0,0.0
11,9,0.0,0.0,0.0,0.0,0.0,0.0,0.0,0.0,0.0,1.0,0.0,0.0
11,9,0.0,0.0,0.0,0.0,0.0,0.0,0.0,0.0,0.0,1.0,0.0,0.0
11,9,0.0,0.0,0.0,0.0,0.0,0.0,0.0,0.0,0.0,1.0,0.0,0.0
11,9,0.0,0.0,0.0,0.0,0.0,0.0,0.0,0.0,0.0,1.0,0.0,0.0
11,9,0.0,0.0,0.0,0.0,0.0,0.0,0.0,0.0,0.0,1.0,0.0,0.0
11,9,0.0,0.0,0.0,0.0,0.0,0.0,0.0,0.0,0.0,1.0,0.0,0.0
11,9,0.0,0.0,0.0,0.0,0.0,0.0,0.0,0.0,0.0,1.0,0.0,0.0
11,9,0.0,0.0,0.0,0.0,0.0,0.0,0.0,0.0,0.0,1.0,0.0,0.0
11,9,0.0,0.0,0.0,0.0,0.0,0.0,0.0,0.0,0.0,1.0,0.0,0.0
11,9,0.0,0.0,0.0,0.0,0.0,0.0,0.0,0.0,0.0,1.0,0.0,0.0
11,9,0.0,0.0,0.0,0.0,0.0,0.0,0.0,0.0,0.0,1.0,0.0,0.0
11,9,0.0,0.0,0.0,0.0,0.0,0.0,0.0,0.0,0.0,1.0,0.0,0.0
11,9,0.0,0.0,0.0,0.0,0.0,0.0,0.0,0.0,0.0,1.0,0.0,0.0
11,9,0.0,0.0,0.0,0.0,0.0,0.0,0.0,0.0,0.0,1.0,0.0,0.0
11,9,0.0,0.0,0.0,0.0,0.0,0.0,0.0,0.0,0.0,1.0,0.0,0.0
11,9,0.0,0.0,0.0,0.0,0.0,0.0,0.0,0.0,0.0,1.0,0.0,0.0
11,9,0.0,0.0,0.0,0.0,0.0,0.0,0.0,0.0,0.0,1.0,0.0,0.0
11,9,0.0,0.0,0.0,0.0,0.0,0.0,0.0,0.0,0.0,1.0,0.0,0.0
11,9,0.0,0.0,0.0,0.0,0.0,0.0,0.0,0.0,0.0,1.0,0.0,0.0
11,9,0.0,0.0,0.0,0.0,0.0,0.0,0.0,0.0,0.0,1.0,0.0,0.0
11,9,0.0,0.0,0.0,0.0,0.0,0.0,0.0,0.0,0.0,1.0,0.0,0.0
11,9,0.0,0.0,0.0,0.0,0.0,0.0,0.0,0.0,0.0,1.0,0.0,0.0
11,9,0.0,0.0,0.0,0.0,0.0,0.0,0.0,0.0,0.0,1.0,0.0,0.0
11,9,0.0,0.0,0.0,0.0,0.0,0.0,0.0,0.0,0.0,1.0,0.0,0.0
11,9,0.0,0.0,0.0,0.0,0.0,0.0,0.0,0.0,0.0,1.0,0.0,0.0
11,9,0.0,0.0,0.0,0.0,0.0,0.0,0.0,0.0,0.0,1.0,0.0,0.0
11,9,0.0,0.0,0.0,0.0,0.0,0.0,0.0,0.0,0.0,1.0,0.0,0.0
11,9,0.0,0.0,0.0,0.0,0.0,0.0,0.0,0.0,0.0,1.0,0.0,0.0
11,9,0.0,0.0,0.0,0.0,0.0,0.0,0.0,0.0,0.0,1.0,0.0,0.0
11,9,0.0,0.0,0.0,0.0,0.0,0.0,0.0,0.0,0.0,1.0,0.0,0.0
11,9,0.0,0.0,0.0,0.0,0.0,0.0,0.0,0.0,0.0,1.0,0.0,0.0
11,9,0.0,0.0,0.0,0.0,0.0,0.0,0.0,0.0,0.0,1.0,0.0,0.0
11,9,0.0,0.0,0.0,0.0,0.0,0.0,0.0,0.0,0.0,1.0,0.0,0.0
11,9,0.0,0.0,0.0,0.0,0.0,0.0,0.0,0.0,0.0,1.0,0.0,0.0
11,9,0.0,0.0,0.0,0.0,0.0,0.0,0.0,0.0,0.0,1.0,0.0,0.0
11,9,0.0,0.0,0.0,0.0,0.0,0.0,0.0,0.0,0.0,1.0,0.0,0.0
11,9,0.0,0.0,0.0,0.0,0.0,0.0,0.0,0.0,0.0,1.0,0.0,0.0
11,9,0.0,0.0,0.0,0.0,0.0,0.0,0.0,0.0,0.0,1.0,0.0,0.0
11,9,0.0,0.0,0.0,0.0,0.0,0.0,0.0,0.0,0.0,1.0,0.0,0.0
11,9,0.0,0.0,0.0,0.0,0.0,0.0,0.0,0.0,0.0,1.0,0.0,0.0
11,9,0.0,0.0,0.0,0.0,0.0,0.0,0.0,0.0,0.0,1.0,0.0,0.0
11,9,0.0,0.0,0.0,0.0,0.0,0.0,0.0,0.0,0.0,1.0,0.0,0.0
11,9,0.0,0.0,0.0,0.0,0.0,0.0,0.0,0.0,0.0,1.0,0.0,0.0
11,9,0.0,0.0,0.0,0.0,0.0,0.0,0.0,0.0,0.0,1.0,0.0,0.0
11,9,0.0,0.0,0.0,0.0,0.0,0.0,0.0,0.0,0.0,1.0,0.0,0.0
11,9,0.0,0.0,0.0,0.0,0.0,0.0,0.0,0.0,0.0,1.0,0.0,0.0
11,9,0.0,0.0,0.0,0.0,0.0,0.0,0.0,0.0,0.0,1.0,0.0,0.0
11,9,0.0,0.0,0.0,0.0,0.0,0.0,0.0,0.0,0.0,1.0,0.0,0.0
11,9,0.0,0.0,0.0,0.0,0.0,0.0,0.0,0.0,0.0,1.0,0.0,0.0
11,9,0.0,0.0,0.0,0.0,0.0,0.0,0.0,0.0,0.0,1.0,0.0,0.0
11,9,0.0,0.0,0.0,0.0,0.0,0.0,0.0,0.0,0.0,1.0,0.0,0.0
11,9,0.0,0.0,0.0,0.0,0.0,0.0,0.0,0.0,0.0,1.0,0.0,0.0
11,9,0.0,0.0,0.0,0.0,0.0,0.0,0.0,0.0,0.0,1.0,0.0,0.0
11,9,0.0,0.0,0.0,0.0,0.0,0.0,0.0,0.0,0.0,1.0,0.0,0.0
11,9,0.0,0.0,0.0,0.0,0.0,0.0,0.0,0.0,0.0,1.0,0.0,0.0
11,9,0.0,0.0,0.0,0.0,0.0,0.0,0.0,0.0,0.0,1.0,0.0,0.0
11,9,0.0,0.0,0.0,0.0,0.0,0.0,0.0,0.0,0.0,1.0,0.0,0.0
11,9,0.0,0.0,0.0,0.0,0.0,0.0,0.0,0.0,0.0,1.0,0.0,0.0
11,9,0.0,0.0,0.0,0.0,0.0,0.0,0.0,0.0,0.0,1.0,0.0,0.0
11,9,0.0,0.0,0.0,0.0,0.0,0.0,0.0,0.0,0.0,1.0,0.0,0.0
11,9,0.0,0.0,0.0,0.0,0.0,0.0,0.0,0.0,0.0,1.0,0.0,0.0
11,9,0.0,0.0,0.0,0.0,0.0,0.0,0.0,0.0,0.0,1.0,0.0,0.0
11,9,0.0,0.0,0.0,0.0,0.0,0.0,0.0,0.0,0.0,1.0,0.0,0.0
11,9,0.0,0.0,0.0,0.0,0.0,0.0,0.0,0.0,0.0,1.0,0.0,0.0
11,9,0.0,0.0,0.0,0.0,0.0,0.0,0.0,0.0,0.0,1.0,0.0,0.0
11,9,0.0,0.0,0.0,0.0,0.0,0.0,0.0,0.0,0.0,1.0,0.0,0.0
11,9,0.0,0.0,0.0,0.0,0.0,0.0,0.0,0.0,0.0,1.0,0.0,0.0
11,9,0.0,0.0,0.0,0.0,0.0,0.0,0.0,0.0,0.0,1.0,0.0,0.0
11,9,0.0,0.0,0.0,0.0,0.0,0.0,0.0,0.0,0.0,1.0,0.0,0.0
11,9,0.0,0.0,0.0,0.0,0.0,0.0,0.0,0.0,0.0,1.0,0.0,0.0
11,9,0.0,0.0,0.0,0.0,0.0,0.0,0.0,0.0,0.0,1.0,0.0,0.0
11,9,0.0,0.0,0.0,0.0,0.0,0.0,0.0,0.0,0.0,1.0,0.0,0.0
11,9,0.0,0.0,0.0,0.0,0.0,0.0,0.0,0.0,0.0,1.0,0.0,0.0
11,9,0.0,0.0,0.0,0.0,0.0,0.0,0.0,0.0,0.0,1.0,0.0,0.0
11,9,0.0,0.0,0.0,0.0,0.0,0.0,0.0,0.0,0.0,1.0,0.0,0.0
11,9,0.0,0.0,0.0,0.0,0.0,0.0,0.0,0.0,0.0,1.0,0.0,0.0
11,9,0.0,0.0,0.0,0.0,0.0,0.0,0.0,0.0,0.0,1.0,0.0,0.0
11,9,0.0,0.0,0.0,0.0,0.0,0.0,0.0,0.0,0.0,1.0,0.0,0.0
11,9,0.0,0.0,0.0,0.0,0.0,0.0,0.0,0.0,0.0,1.0,0.0,0.0
11,9,0.0,0.0,0.0,0.0,0.0,0.0,0.0,0.0,0.0,1.0,0.0,0.0
11,9,0.0,0.0,0.0,0.0,0.0,0.0,0.0,0.0,0.0,1.0,0.0,0.0
11,9,0.0,0.0,0.0,0.0,0.0,0.0,0.0,0.0,0.0,1.0,0.0,0.0
11,9,0.0,0.0,0.0,0.0,0.0,0.0,0.0,0.0,0.0,1.0,0.0,0.0
11,9,0.0,0.0,0.0,0.0,0.0,0.0,0.0,0.0,0.0,1.0,0.0,0.0
11,9,0.0,0.0,0.0,0.0,0.0,0.0,0.0,0.0,0.0,1.0,0.0,0.0
11,9,0.0,0.0,0.0,0.0,0.0,0.0,0.0,0.0,0.0,1.0,0.0,0.0
11,9,0.0,0.0,0.0,0.0,0.0,0.0,0.0,0.0,0.0,1.0,0.0,0.0
11,9,0.0,0.0,0.0,0.0,0.0,0.0,0.0,0.0,0.0,1.0,0.0,0.0
11,9,0.0,0.0,0.0,0.0,0.0,0.0,0.0,0.0,0.0,1.0,0.0,0.0
11,9,0.0,0.0,0.0,0.0,0.0,0.0,0.0,0.0,0.0,1.0,0.0,0.0
11,9,0.0,0.0,0.0,0.0,0.0,0.0,0.0,0.0,0.0,1.0,0.0,0.0
11,9,0.0,0.0,0.0,0.0,0.0,0.0,0.0,0.0,0.0,1.0,0.0,0.0
11,9,0.0,0.0,0.0,0.0,0.0,0.0,0.0,0.0,0.0,1.0,0.0,0.0
11,9,0.0,0.0,0.0,0.0,0.0,0.0,0.0,0.0,0.0,1.0,0.0,0.0
11,9,0.0,0.0,0.0,0.0,0.0,0.0,0.0,0.0,0.0,1.0,0.0,0.0
11,9,0.0,0.0,0.0,0.0,0.0,0.0,0.0,0.0,0.0,1.0,0.0,0.0
11,9,0.0,0.0,0.0,0.0,0.0,0.0,0.0,0.0,0.0,1.0,0.0,0.0
11,9,0.0,0.0,0.0,0.0,0.0,0.0,0.0,0.0,0.0,1.0,0.0,0.0
11,9,0.0,0.0,0.0,0.0,0.0,0.0,0.0,0.0,0.0,1.0,0.0,0.0
11,9,0.0,0.0,0.0,0.0,0.0,0.0,0.0,0.0,0.0,1.0,0.0,0.0
11,9,0.0,0.0,0.0,0.0,0.0,0.0,0.0,0.0,0.0,1.0,0.0,0.0
11,9,0.0,0.0,0.0,0.0,0.0,0.0,0.0,0.0,0.0,1.0,0.0,0.0
11,9,0.0,0.0,0.0,0.0,0.0,0.0,0.0,0.0,0.0,1.0,0.0,0.0
11,9,0.0,0.0,0.0,0.0,0.0,0.0,0.0,0.0,0.0,1.0,0.0,0.0
11,9,0.0,0.0,0.0,0.0,0.0,0.0,0.0,0.0,0.0,1.0,0.0,0.0
11,9,0.0,0.0,0.0,0.0,0.0,0.0,0.0,0.0,0.0,1.0,0.0,0.0
11,9,0.0,0.0,0.0,0.0,0.0,0.0,0.0,0.0,0.0,1.0,0.0,0.0
11,9,0.0,0.0,0.0,0.0,0.0,0.0,0.0,0.0,0.0,1.0,0.0,0.0
11,9,0.0,0.0,0.0,0.0,0.0,0.0,0.0,0.0,0.0,1.0,0.0,0.0
11,9,0.0,0.0,0.0,0.0,0.0,0.0,0.0,0.0,0.0,1.0,0.0,0.0
11,9,0.0,0.0,0.0,0.0,0.0,0.0,0.0,0.0,0.0,1.0,0.0,0.0
11,9,0.0,0.0,0.0,0.0,0.0,0.0,0.0,0.0,0.0,1.0,0.0,0.0
11,9,0.0,0.0,0.0,0.0,0.0,0.0,0.0,0.0,0.0,1.0,0.0,0.0
11,9,0.0,0.0,0.0,0.0,0.0,0.0,0.0,0.0,0.0,1.0,0.0,0.0
11,9,0.0,0.0,0.0,0.0,0.0,0.0,0.0,0.0,0.0,1.0,0.0,0.0
11,9,0.0,0.0,0.0,0.0,0.0,0.0,0.0,0.0,0.0,1.0,0.0,0.0
11,9,0.0,0.0,0.0,0.0,0.0,0.0,0.0,0.0,0.0,1.0,0.0,0.0
11,9,0.0,0.0,0.0,0.0,0.0,0.0,0.0,0.0,0.0,1.0,0.0,0.0
11,9,0.0,0.0,0.0,0.0,0.0,0.0,0.0,0.0,0.0,1.0,0.0,0.0
11,9,0.0,0.0,0.0,0.0,0.0,0.0,0.0,0.0,0.0,1.0,0.0,0.0
11,9,0.0,0.0,0.0,0.0,0.0,0.0,0.0,0.0,0.0,1.0,0.0,0.0
11,9,0.0,0.0,0.0,0.0,0.0,0.0,0.0,0.0,0.0,1.0,0.0,0.0
11,9,0.0,0.0,0.0,0.0,0.0,0.0,0.0,0.0,0.0,1.0,0.0,0.0
11,9,0.0,0.0,0.0,0.0,0.0,0.0,0.0,0.0,0.0,1.0,0.0,0.0
11,9,0.0,0.0,0.0,0.0,0.0,0.0,0.0,0.0,0.0,1.0,0.0,0.0
11,9,0.0,0.0,0.0,0.0,0.0,0.0,0.0,0.0,0.0,1.0,0.0,0.0
11,9,0.0,0.0,0.0,0.0,0.0,0.0,0.0,0.0,0.0,1.0,0.0,0.0
11,9,0.0,0.0,0.0,0.0,0.0,0.0,0.0,0.0,0.0,1.0,0.0,0.0
11,9,0.0,0.0,0.0,0.0,0.0,0.0,0.0,0.0,0.0,1.0,0.0,0.0
11,9,0.0,0.0,0.0,0.0,0.0,0.0,0.0,0.0,0.0,1.0,0.0,0.0
11,9,0.0,0.0,0.0,0.0,0.0,0.0,0.0,0.0,0.0,1.0,0.0,0.0
11,9,0.0,0.0,0.0,0.0,0.0,0.0,0.0,0.0,0.0,1.0,0.0,0.0
11,9,0.0,0.0,0.0,0.0,0.0,0.0,0.0,0.0,0.0,1.0,0.0,0.0
11,9,0.0,0.0,0.0,0.0,0.0,0.0,0.0,0.0,0.0,1.0,0.0,0.0
11,9,0.0,0.0,0.0,0.0,0.0,0.0,0.0,0.0,0.0,1.0,0.0,0.0
11,9,0.0,0.0,0.0,0.0,0.0,0.0,0.0,0.0,0.0,1.0,0.0,0.0
11,9,0.0,0.0,0.0,0.0,0.0,0.0,0.0,0.0,0.0,1.0,0.0,0.0
11,9,0.0,0.0,0.0,0.0,0.0,0.0,0.0,0.0,0.0,1.0,0.0,0.0
11,9,0.0,0.0,0.0,0.0,0.0,0.0,0.0,0.0,0.0,1.0,0.0,0.0
11,9,0.0,0.0,0.0,0.0,0.0,0.0,0.0,0.0,0.0,1.0,0.0,0.0
11,9,0.0,0.0,0.0,0.0,0.0,0.0,0.0,0.0,0.0,1.0,0.0,0.0
11,9,0.0,0.0,0.0,0.0,0.0,0.0,0.0,0.0,0.0,1.0,0.0,0.0
11,9,0.0,0.0,0.0,0.0,0.0,0.0,0.0,0.0,0.0,1.0,0.0,0.0
11,9,0.0,0.0,0.0,0.0,0.0,0.0,0.0,0.0,0.0,1.0,0.0,0.0
11,9,0.0,0.0,0.0,0.0,0.0,0.0,0.0,0.0,0.0,1.0,0.0,0.0
11,9,0.0,0.0,0.0,0.0,0.0,0.0,0.0,0.0,0.0,1.0,0.0,0.0
11,9,0.0,0.0,0.0,0.0,0.0,0.0,0.0,0.0,0.0,1.0,0.0,0.0
11,9,0.0,0.0,0.0,0.0,0.0,0.0,0.0,0.0,0.0,1.0,0.0,0.0
11,9,0.0,0.0,0.0,0.0,0.0,0.0,0.0,0.0,0.0,1.0,0.0,0.0
11,9,0.0,0.0,0.0,0.0,0.0,0.0,0.0,0.0,0.0,1.0,0.0,0.0
11,9,0.0,0.0,0.0,0.0,0.0,0.0,0.0,0.0,0.0,1.0,0.0,0.0
11,9,0.0,0.0,0.0,0.0,0.0,0.0,0.0,0.0,0.0,1.0,0.0,0.0
11,9,0.0,0.0,0.0,0.0,0.0,0.0,0.0,0.0,0.0,1.0,0.0,0.0
11,9,0.0,0.0,0.0,0.0,0.0,0.0,0.0,0.0,0.0,1.0,0.0,0.0
11,9,0.0,0.0,0.0,0.0,0.0,0.0,0.0,0.0,0.0,1.0,0.0,0.0
11,9,0.0,0.0,0.0,0.0,0.0,0.0,0.0,0.0,0.0,1.0,0.0,0.0
11,9,0.0,0.0,0.0,0.0,0.0,0.0,0.0,0.0,0.0,1.0,0.0,0.0
11,9,0.0,0.0,0.0,0.0,0.0,0.0,0.0,0.0,0.0,1.0,0.0,0.0
11,9,0.0,0.0,0.0,0.0,0.0,0.0,0.0,0.0,0.0,1.0,0.0,0.0
11,9,0.0,0.0,0.0,0.0,0.0,0.0,0.0,0.0,0.0,1.0,0.0,0.0
11,9,0.0,0.0,0.0,0.0,0.0,0.0,0.0,0.0,0.0,1.0,0.0,0.0
11,9,0.0,0.0,0.0,0.0,0.0,0.0,0.0,0.0,0.0,1.0,0.0,0.0
11,9,0.0,0.0,0.0,0.0,0.0,0.0,0.0,0.0,0.0,1.0,0.0,0.0
11,9,0.0,0.0,0.0,0.0,0.0,0.0,0.0,0.0,0.0,1.0,0.0,0.0
11,9,0.0,0.0,0.0,0.0,0.0,0.0,0.0,0.0,0.0,1.0,0.0,0.0
11,9,0.0,0.0,0.0,0.0,0.0,0.0,0.0,0.0,0.0,1.0,0.0,0.0
11,9,0.0,0.0,0.0,0.0,0.0,0.0,0.0,0.0,0.0,1.0,0.0,0.0
11,9,0.0,0.0,0.0,0.0,0.0,0.0,0.0,0.0,0.0,1.0,0.0,0.0
11,9,0.0,0.0,0.0,0.0,0.0,0.0,0.0,0.0,0.0,1.0,0.0,0.0
11,9,0.0,0.0,0.0,0.0,0.0,0.0,0.0,0.0,0.0,1.0,0.0,0.0
11,9,0.0,0.0,0.0,0.0,0.0,0.0,0.0,0.0,0.0,1.0,0.0,0.0
11,9,0.0,0.0,0.0,0.0,0.0,0.0,0.0,0.0,0.0,1.0,0.0,0.0
11,9,0.0,0.0,0.0,0.0,0.0,0.0,0.0,0.0,0.0,1.0,0.0,0.0
11,9,0.0,0.0,0.0,0.0,0.0,0.0,0.0,0.0,0.0,1.0,0.0,0.0
11,9,0.0,0.0,0.0,0.0,0.0,0.0,0.0,0.0,0.0,1.0,0.0,0.0
11,9,0.0,0.0,0.0,0.0,0.0,0.0,0.0,0.0,0.0,1.0,0.0,0.0
11,9,0.0,0.0,0.0,0.0,0.0,0.0,0.0,0.0,0.0,1.0,0.0,0.0
11,9,0.0,0.0,0.0,0.0,0.0,0.0,0.0,0.0,0.0,1.0,0.0,0.0
11,9,0.0,0.0,0.0,0.0,0.0,0.0,0.0,0.0,0.0,1.0,0.0,0.0
11,9,0.0,0.0,0.0,0.0,0.0,0.0,0.0,0.0,0.0,1.0,0.0,0.0
11,9,0.0,0.0,0.0,0.0,0.0,0.0,0.0,0.0,0.0,1.0,0.0,0.0
11,9,0.0,0.0,0.0,0.0,0.0,0.0,0.0,0.0,0.0,1.0,0.0,0.0
11,9,0.0,0.0,0.0,0.0,0.0,0.0,0.0,0.0,0.0,1.0,0.0,0.0
11,9,0.0,0.0,0.0,0.0,0.0,0.0,0.0,0.0,0.0,1.0,0.0,0.0
11,9,0.0,0.0,0.0,0.0,0.0,0.0,0.0,0.0,0.0,1.0,0.0,0.0
11,9,0.0,0.0,0.0,0.0,0.0,0.0,0.0,0.0,0.0,1.0,0.0,0.0
11,9,0.0,0.0,0.0,0.0,0.0,0.0,0.0,0.0,0.0,1.0,0.0,0.0
11,9,0.0,0.0,0.0,0.0,0.0,0.0,0.0,0.0,0.0,1.0,0.0,0.0
11,9,0.0,0.0,0.0,0.0,0.0,0.0,0.0,0.0,0.0,1.0,0.0,0.0
11,9,0.0,0.0,0.0,0.0,0.0,0.0,0.0,0.0,0.0,1.0,0.0,0.0
11,9,0.0,0.0,0.0,0.0,0.0,0.0,0.0,0.0,0.0,1.0,0.0,0.0
11,9,0.0,0.0,0.0,0.0,0.0,0.0,0.0,0.0,0.0,1.0,0.0,0.0
11,9,0.0,0.0,0.0,0.0,0.0,0.0,0.0,0.0,0.0,1.0,0.0,0.0
11,9,0.0,0.0,0.0,0.0,0.0,0.0,0.0,0.0,0.0,1.0,0.0,0.0
11,9,0.0,0.0,0.0,0.0,0.0,0.0,0.0,0.0,0.0,1.0,0.0,0.0
11,9,0.0,0.0,0.0,0.0,0.0,0.0,0.0,0.0,0.0,1.0,0.0,0.0
11,9,0.0,0.0,0.0,0.0,0.0,0.0,0.0,0.0,0.0,1.0,0.0,0.0
11,9,0.0,0.0,0.0,0.0,0.0,0.0,0.0,0.0,0.0,1.0,0.0,0.0
11,9,0.0,0.0,0.0,0.0,0.0,0.0,0.0,0.0,0.0,1.0,0.0,0.0
11,9,0.0,0.0,0.0,0.0,0.0,0.0,0.0,0.0,0.0,1.0,0.0,0.0
11,9,0.0,0.0,0.0,0.0,0.0,0.0,0.0,0.0,0.0,1.0,0.0,0.0
11,9,0.0,0.0,0.0,0.0,0.0,0.0,0.0,0.0,0.0,1.0,0.0,0.0
11,9,0.0,0.0,0.0,0.0,0.0,0.0,0.0,0.0,0.0,1.0,0.0,0.0
11,9,0.0,0.0,0.0,0.0,0.0,0.0,0.0,0.0,0.0,1.0,0.0,0.0
11,9,0.0,0.0,0.0,0.0,0.0,0.0,0.0,0.0,0.0,1.0,0.0,0.0
11,9,0.0,0.0,0.0,0.0,0.0,0.0,0.0,0.0,0.0,1.0,0.0,0.0
11,9,0.0,0.0,0.0,0.0,0.0,0.0,0.0,0.0,0.0,1.0,0.0,0.0
11,9,0.0,0.0,0.0,0.0,0.0,0.0,0.0,0.0,0.0,1.0,0.0,0.0
11,9,0.0,0.0,0.0,0.0,0.0,0.0,0.0,0.0,0.0,1.0,0.0,0.0
11,9,0.0,0.0,0.0,0.0,0.0,0.0,0.0,0.0,0.0,1.0,0.0,0.0
11,9,0.0,0.0,0.0,0.0,0.0,0.0,0.0,0.0,0.0,1.0,0.0,0.0
11,9,0.0,0.0,0.0,0.0,0.0,0.0,0.0,0.0,0.0,1.0,0.0,0.0
11,9,0.0,0.0,0.0,0.0,0.0,0.0,0.0,0.0,0.0,1.0,0.0,0.0
11,9,0.0,0.0,0.0,0.0,0.0,0.0,0.0,0.0,0.0,1.0,0.0,0.0
11,9,0.0,0.0,0.0,0.0,0.0,0.0,0.0,0.0,0.0,1.0,0.0,0.0
11,9,0.0,0.0,0.0,0.0,0.0,0.0,0.0,0.0,0.0,1.0,0.0,0.0
11,9,0.0,0.0,0.0,0.0,0.0,0.0,0.0,0.0,0.0,1.0,0.0,0.0
11,9,0.0,0.0,0.0,0.0,0.0,0.0,0.0,0.0,0.0,1.0,0.0,0.0
11,9,0.0,0.0,0.0,0.0,0.0,0.0,0.0,0.0,0.0,1.0,0.0,0.0
11,9,0.0,0.0,0.0,0.0,0.0,0.0,0.0,0.0,0.0,1.0,0.0,0.0
11,9,0.0,0.0,0.0,0.0,0.0,0.0,0.0,0.0,0.0,1.0,0.0,0.0
11,9,0.0,0.0,0.0,0.0,0.0,0.0,0.0,0.0,0.0,1.0,0.0,0.0
11,9,0.0,0.0,0.0,0.0,0.0,0.0,0.0,0.0,0.0,1.0,0.0,0.0
11,9,0.0,0.0,0.0,0.0,0.0,0.0,0.0,0.0,0.0,1.0,0.0,0.0
11,9,0.0,0.0,0.0,0.0,0.0,0.0,0.0,0.0,0.0,1.0,0.0,0.0
11,9,0.0,0.0,0.0,0.0,0.0,0.0,0.0,0.0,0.0,1.0,0.0,0.0
11,9,0.0,0.0,0.0,0.0,0.0,0.0,0.0,0.0,0.0,1.0,0.0,0.0
11,9,0.0,0.0,0.0,0.0,0.0,0.0,0.0,0.0,0.0,1.0,0.0,0.0
11,9,0.0,0.0,0.0,0.0,0.0,0.0,0.0,0.0,0.0,1.0,0.0,0.0
11,9,0.0,0.0,0.0,0.0,0.0,0.0,0.0,0.0,0.0,1.0,0.0,0.0
11,9,0.0,0.0,0.0,0.0,0.0,0.0,0.0,0.0,0.0,1.0,0.0,0.0
11,9,0.0,0.0,0.0,0.0,0.0,0.0,0.0,0.0,0.0,1.0,0.0,0.0
11,9,0.0,0.0,0.0,0.0,0.0,0.0,0.0,0.0,0.0,1.0,0.0,0.0
11,9,0.0,0.0,0.0,0.0,0.0,0.0,0.0,0.0,0.0,1.0,0.0,0.0
11,9,0.0,0.0,0.0,0.0,0.0,0.0,0.0,0.0,0.0,1.0,0.0,0.0
11,9,0.0,0.0,0.0,0.0,0.0,0.0,0.0,0.0,0.0,1.0,0.0,0.0
11,9,0.0,0.0,0.0,0.0,0.0,0.0,0.0,0.0,0.0,1.0,0.0,0.0
11,9,0.0,0.0,0.0,0.0,0.0,0.0,0.0,0.0,0.0,1.0,0.0,0.0
11,9,0.0,0.0,0.0,0.0,0.0,0.0,0.0,0.0,0.0,1.0,0.0,0.0
11,9,0.0,0.0,0.0,0.0,0.0,0.0,0.0,0.0,0.0,1.0,0.0,0.0
11,9,0.0,0.0,0.0,0.0,0.0,0.0,0.0,0.0,0.0,1.0,0.0,0.0
11,9,0.0,0.0,0.0,0.0,0.0,0.0,0.0,0.0,0.0,1.0,0.0,0.0
11,9,0.0,0.0,0.0,0.0,0.0,0.0,0.0,0.0,0.0,1.0,0.0,0.0
11,9,0.0,0.0,0.0,0.0,0.0,0.0,0.0,0.0,0.0,1.0,0.0,0.0
11,9,0.0,0.0,0.0,0.0,0.0,0.0,0.0,0.0,0.0,1.0,0.0,0.0
11,9,0.0,0.0,0.0,0.0,0.0,0.0,0.0,0.0,0.0,1.0,0.0,0.0
11,9,0.0,0.0,0.0,0.0,0.0,0.0,0.0,0.0,0.0,1.0,0.0,0.0
11,9,0.0,0.0,0.0,0.0,0.0,0.0,0.0,0.0,0.0,1.0,0.0,0.0
11,9,0.0,0.0,0.0,0.0,0.0,0.0,0.0,0.0,0.0,1.0,0.0,0.0
11,9,0.0,0.0,0.0,0.0,0.0,0.0,0.0,0.0,0.0,1.0,0.0,0.0
11,9,0.0,0.0,0.0,0.0,0.0,0.0,0.0,0.0,0.0,1.0,0.0,0.0
11,9,0.0,0.0,0.0,0.0,0.0,0.0,0.0,0.0,0.0,1.0,0.0,0.0
11,9,0.0,0.0,0.0,0.0,0.0,0.0,0.0,0.0,0.0,1.0,0.0,0.0
11,9,0.0,0.0,0.0,0.0,0.0,0.0,0.0,0.0,0.0,1.0,0.0,0.0
11,9,0.0,0.0,0.0,0.0,0.0,0.0,0.0,0.0,0.0,1.0,0.0,0.0
11,9,0.0,0.0,0.0,0.0,0.0,0.0,0.0,0.0,0.0,1.0,0.0,0.0
11,9,0.0,0.0,0.0,0.0,0.0,0.0,0.0,0.0,0.0,1.0,0.0,0.0
11,9,0.0,0.0,0.0,0.0,0.0,0.0,0.0,0.0,0.0,1.0,0.0,0.0
11,9,0.0,0.0,0.0,0.0,0.0,0.0,0.0,0.0,0.0,1.0,0.0,0.0
11,9,0.0,0.0,0.0,0.0,0.0,0.0,0.0,0.0,0.0,1.0,0.0,0.0
11,9,0.0,0.0,0.0,0.0,0.0,0.0,0.0,0.0,0.0,1.0,0.0,0.0
11,9,0.0,0.0,0.0,0.0,0.0,0.0,0.0,0.0,0.0,1.0,0.0,0.0
11,9,0.0,0.0,0.0,0.0,0.0,0.0,0.0,0.0,0.0,1.0,0.0,0.0
11,9,0.0,0.0,0.0,0.0,0.0,0.0,0.0,0.0,0.0,1.0,0.0,0.0
11,9,0.0,0.0,0.0,0.0,0.0,0.0,0.0,0.0,0.0,1.0,0.0,0.0
11,9,0.0,0.0,0.0,0.0,0.0,0.0,0.0,0.0,0.0,1.0,0.0,0.0
11,9,0.0,0.0,0.0,0.0,0.0,0.0,0.0,0.0,0.0,1.0,0.0,0.0
11,9,0.0,0.0,0.0,0.0,0.0,0.0,0.0,0.0,0.0,1.0,0.0,0.0
11,9,0.0,0.0,0.0,0.0,0.0,0.0,0.0,0.0,0.0,1.0,0.0,0.0
11,9,0.0,0.0,0.0,0.0,0.0,0.0,0.0,0.0,0.0,1.0,0.0,0.0
11,9,0.0,0.0,0.0,0.0,0.0,0.0,0.0,0.0,0.0,1.0,0.0,0.0
11,9,0.0,0.0,0.0,0.0,0.0,0.0,0.0,0.0,0.0,1.0,0.0,0.0
11,9,0.0,0.0,0.0,0.0,0.0,0.0,0.0,0.0,0.0,1.0,0.0,0.0
11,9,0.0,0.0,0.0,0.0,0.0,0.0,0.0,0.0,0.0,1.0,0.0,0.0
11,9,0.0,0.0,0.0,0.0,0.0,0.0,0.0,0.0,0.0,1.0,0.0,0.0
11,9,0.0,0.0,0.0,0.0,0.0,0.0,0.0,0.0,0.0,1.0,0.0,0.0
11,9,0.0,0.0,0.0,0.0,0.0,0.0,0.0,0.0,0.0,1.0,0.0,0.0
11,9,0.0,0.0,0.0,0.0,0.0,0.0,0.0,0.0,0.0,1.0,0.0,0.0
11,9,0.0,0.0,0.0,0.0,0.0,0.0,0.0,0.0,0.0,1.0,0.0,0.0
11,9,0.0,0.0,0.0,0.0,0.0,0.0,0.0,0.0,0.0,1.0,0.0,0.0
11,9,0.0,0.0,0.0,0.0,0.0,0.0,0.0,0.0,0.0,1.0,0.0,0.0
11,9,0.0,0.0,0.0,0.0,0.0,0.0,0.0,0.0,0.0,1.0,0.0,0.0
11,9,0.0,0.0,0.0,0.0,0.0,0.0,0.0,0.0,0.0,1.0,0.0,0.0
11,9,0.0,0.0,0.0,0.0,0.0,0.0,0.0,0.0,0.0,1.0,0.0,0.0
11,9,0.0,0.0,0.0,0.0,0.0,0.0,0.0,0.0,0.0,1.0,0.0,0.0
11,9,0.0,0.0,0.0,0.0,0.0,0.0,0.0,0.0,0.0,1.0,0.0,0.0
11,9,0.0,0.0,0.0,0.0,0.0,0.0,0.0,0.0,0.0,1.0,0.0,0.0
11,9,0.0,0.0,0.0,0.0,0.0,0.0,0.0,0.0,0.0,1.0,0.0,0.0
11,9,0.0,0.0,0.0,0.0,0.0,0.0,0.0,0.0,0.0,1.0,0.0,0.0
11,9,0.0,0.0,0.0,0.0,0.0,0.0,0.0,0.0,0.0,1.0,0.0,0.0
11,9,0.0,0.0,0.0,0.0,0.0,0.0,0.0,0.0,0.0,1.0,0.0,0.0
11,9,0.0,0.0,0.0,0.0,0.0,0.0,0.0,0.0,0.0,1.0,0.0,0.0
11,9,0.0,0.0,0.0,0.0,0.0,0.0,0.0,0.0,0.0,1.0,0.0,0.0
11,9,0.0,0.0,0.0,0.0,0.0,0.0,0.0,0.0,0.0,1.0,0.0,0.0
11,9,0.0,0.0,0.0,0.0,0.0,0.0,0.0,0.0,0.0,1.0,0.0,0.0
11,9,0.0,0.0,0.0,0.0,0.0,0.0,0.0,0.0,0.0,1.0,0.0,0.0
11,9,0.0,0.0,0.0,0.0,0.0,0.0,0.0,0.0,0.0,1.0,0.0,0.0
11,9,0.0,0.0,0.0,0.0,0.0,0.0,0.0,0.0,0.0,1.0,0.0,0.0
11,9,0.0,0.0,0.0,0.0,0.0,0.0,0.0,0.0,0.0,1.0,0.0,0.0
11,9,0.0,0.0,0.0,0.0,0.0,0.0,0.0,0.0,0.0,1.0,0.0,0.0
11,9,0.0,0.0,0.0,0.0,0.0,0.0,0.0,0.0,0.0,1.0,0.0,0.0
11,9,0.0,0.0,0.0,0.0,0.0,0.0,0.0,0.0,0.0,1.0,0.0,0.0
11,9,0.0,0.0,0.0,0.0,0.0,0.0,0.0,0.0,0.0,1.0,0.0,0.0
11,9,0.0,0.0,0.0,0.0,0.0,0.0,0.0,0.0,0.0,1.0,0.0,0.0
11,9,0.0,0.0,0.0,0.0,0.0,0.0,0.0,0.0,0.0,1.0,0.0,0.0
11,9,0.0,0.0,0.0,0.0,0.0,0.0,0.0,0.0,0.0,1.0,0.0,0.0
11,9,0.0,0.0,0.0,0.0,0.0,0.0,0.0,0.0,0.0,1.0,0.0,0.0
11,9,0.0,0.0,0.0,0.0,0.0,0.0,0.0,0.0,0.0,1.0,0.0,0.0
11,9,0.0,0.0,0.0,0.0,0.0,0.0,0.0,0.0,0.0,1.0,0.0,0.0
11,9,0.0,0.0,0.0,0.0,0.0,0.0,0.0,0.0,0.0,1.0,0.0,0.0
11,9,0.0,0.0,0.0,0.0,0.0,0.0,0.0,0.0,0.0,1.0,0.0,0.0
11,9,0.0,0.0,0.0,0.0,0.0,0.0,0.0,0.0,0.0,1.0,0.0,0.0
11,9,0.0,0.0,0.0,0.0,0.0,0.0,0.0,0.0,0.0,1.0,0.0,0.0
11,9,0.0,0.0,0.0,0.0,0.0,0.0,0.0,0.0,0.0,1.0,0.0,0.0
11,9,0.0,0.0,0.0,0.0,0.0,0.0,0.0,0.0,0.0,1.0,0.0,0.0
11,9,0.0,0.0,0.0,0.0,0.0,0.0,0.0,0.0,0.0,1.0,0.0,0.0
11,9,0.0,0.0,0.0,0.0,0.0,0.0,0.0,0.0,0.0,1.0,0.0,0.0
11,9,0.0,0.0,0.0,0.0,0.0,0.0,0.0,0.0,0.0,1.0,0.0,0.0
11,9,0.0,0.0,0.0,0.0,0.0,0.0,0.0,0.0,0.0,1.0,0.0,0.0
11,9,0.0,0.0,0.0,0.0,0.0,0.0,0.0,0.0,0.0,1.0,0.0,0.0
11,9,0.0,0.0,0.0,0.0,0.0,0.0,0.0,0.0,0.0,1.0,0.0,0.0
11,9,0.0,0.0,0.0,0.0,0.0,0.0,0.0,0.0,0.0,1.0,0.0,0.0
11,9,0.0,0.0,0.0,0.0,0.0,0.0,0.0,0.0,0.0,1.0,0.0,0.0
11,9,0.0,0.0,0.0,0.0,0.0,0.0,0.0,0.0,0.0,1.0,0.0,0.0
11,9,0.0,0.0,0.0,0.0,0.0,0.0,0.0,0.0,0.0,1.0,0.0,0.0
11,9,0.0,0.0,0.0,0.0,0.0,0.0,0.0,0.0,0.0,1.0,0.0,0.0
11,9,0.0,0.0,0.0,0.0,0.0,0.0,0.0,0.0,0.0,1.0,0.0,0.0
11,9,0.0,0.0,0.0,0.0,0.0,0.0,0.0,0.0,0.0,1.0,0.0,0.0
11,9,0.0,0.0,0.0,0.0,0.0,0.0,0.0,0.0,0.0,1.0,0.0,0.0
11,9,0.0,0.0,0.0,0.0,0.0,0.0,0.0,0.0,0.0,1.0,0.0,0.0
11,9,0.0,0.0,0.0,0.0,0.0,0.0,0.0,0.0,0.0,1.0,0.0,0.0
11,9,0.0,0.0,0.0,0.0,0.0,0.0,0.0,0.0,0.0,1.0,0.0,0.0
11,9,0.0,0.0,0.0,0.0,0.0,0.0,0.0,0.0,0.0,1.0,0.0,0.0
11,9,0.0,0.0,0.0,0.0,0.0,0.0,0.0,0.0,0.0,1.0,0.0,0.0
11,9,0.0,0.0,0.0,0.0,0.0,0.0,0.0,0.0,0.0,1.0,0.0,0.0
11,9,0.0,0.0,0.0,0.0,0.0,0.0,0.0,0.0,0.0,1.0,0.0,0.0
11,9,0.0,0.0,0.0,0.0,0.0,0.0,0.0,0.0,0.0,1.0,0.0,0.0
11,9,0.0,0.0,0.0,0.0,0.0,0.0,0.0,0.0,0.0,1.0,0.0,0.0
11,9,0.0,0.0,0.0,0.0,0.0,0.0,0.0,0.0,0.0,1.0,0.0,0.0
11,9,0.0,0.0,0.0,0.0,0.0,0.0,0.0,0.0,0.0,1.0,0.0,0.0
11,9,0.0,0.0,0.0,0.0,0.0,0.0,0.0,0.0,0.0,1.0,0.0,0.0
11,9,0.0,0.0,0.0,0.0,0.0,0.0,0.0,0.0,0.0,1.0,0.0,0.0
11,9,0.0,0.0,0.0,0.0,0.0,0.0,0.0,0.0,0.0,1.0,0.0,0.0
11,9,0.0,0.0,0.0,0.0,0.0,0.0,0.0,0.0,0.0,1.0,0.0,0.0
11,9,0.0,0.0,0.0,0.0,0.0,0.0,0.0,0.0,0.0,1.0,0.0,0.0
11,9,0.0,0.0,0.0,0.0,0.0,0.0,0.0,0.0,0.0,1.0,0.0,0.0
11,9,0.0,0.0,0.0,0.0,0.0,0.0,0.0,0.0,0.0,1.0,0.0,0.0
11,9,0.0,0.0,0.0,0.0,0.0,0.0,0.0,0.0,0.0,1.0,0.0,0.0
11,9,0.0,0.0,0.0,0.0,0.0,0.0,0.0,0.0,0.0,1.0,0.0,0.0
11,9,0.0,0.0,0.0,0.0,0.0,0.0,0.0,0.0,0.0,1.0,0.0,0.0
11,9,0.0,0.0,0.0,0.0,0.0,0.0,0.0,0.0,0.0,1.0,0.0,0.0
11,9,0.0,0.0,0.0,0.0,0.0,0.0,0.0,0.0,0.0,1.0,0.0,0.0
11,9,0.0,0.0,0.0,0.0,0.0,0.0,0.0,0.0,0.0,1.0,0.0,0.0
11,9,0.0,0.0,0.0,0.0,0.0,0.0,0.0,0.0,0.0,1.0,0.0,0.0
11,9,0.0,0.0,0.0,0.0,0.0,0.0,0.0,0.0,0.0,1.0,0.0,0.0
11,9,0.0,0.0,0.0,0.0,0.0,0.0,0.0,0.0,0.0,1.0,0.0,0.0
11,9,0.0,0.0,0.0,0.0,0.0,0.0,0.0,0.0,0.0,1.0,0.0,0.0
11,9,0.0,0.0,0.0,0.0,0.0,0.0,0.0,0.0,0.0,1.0,0.0,0.0
11,9,0.0,0.0,0.0,0.0,0.0,0.0,0.0,0.0,0.0,1.0,0.0,0.0
11,9,0.0,0.0,0.0,0.0,0.0,0.0,0.0,0.0,0.0,1.0,0.0,0.0
11,9,0.0,0.0,0.0,0.0,0.0,0.0,0.0,0.0,0.0,1.0,0.0,0.0
11,9,0.0,0.0,0.0,0.0,0.0,0.0,0.0,0.0,0.0,1.0,0.0,0.0
11,9,0.0,0.0,0.0,0.0,0.0,0.0,0.0,0.0,0.0,1.0,0.0,0.0
11,9,0.0,0.0,0.0,0.0,0.0,0.0,0.0,0.0,0.0,1.0,0.0,0.0
11,9,0.0,0.0,0.0,0.0,0.0,0.0,0.0,0.0,0.0,1.0,0.0,0.0
11,9,0.0,0.0,0.0,0.0,0.0,0.0,0.0,0.0,0.0,1.0,0.0,0.0
11,9,0.0,0.0,0.0,0.0,0.0,0.0,0.0,0.0,0.0,1.0,0.0,0.0
11,9,0.0,0.0,0.0,0.0,0.0,0.0,0.0,0.0,0.0,1.0,0.0,0.0
11,9,0.0,0.0,0.0,0.0,0.0,0.0,0.0,0.0,0.0,1.0,0.0,0.0
11,9,0.0,0.0,0.0,0.0,0.0,0.0,0.0,0.0,0.0,1.0,0.0,0.0
11,9,0.0,0.0,0.0,0.0,0.0,0.0,0.0,0.0,0.0,1.0,0.0,0.0
11,9,0.0,0.0,0.0,0.0,0.0,0.0,0.0,0.0,0.0,1.0,0.0,0.0
11,9,0.0,0.0,0.0,0.0,0.0,0.0,0.0,0.0,0.0,1.0,0.0,0.0
11,9,0.0,0.0,0.0,0.0,0.0,0.0,0.0,0.0,0.0,1.0,0.0,0.0
11,9,0.0,0.0,0.0,0.0,0.0,0.0,0.0,0.0,0.0,1.0,0.0,0.0
11,9,0.0,0.0,0.0,0.0,0.0,0.0,0.0,0.0,0.0,1.0,0.0,0.0
11,9,0.0,0.0,0.0,0.0,0.0,0.0,0.0,0.0,0.0,1.0,0.0,0.0
11,9,0.0,0.0,0.0,0.0,0.0,0.0,0.0,0.0,0.0,1.0,0.0,0.0
11,9,0.0,0.0,0.0,0.0,0.0,0.0,0.0,0.0,0.0,1.0,0.0,0.0
11,9,0.0,0.0,0.0,0.0,0.0,0.0,0.0,0.0,0.0,1.0,0.0,0.0
11,9,0.0,0.0,0.0,0.0,0.0,0.0,0.0,0.0,0.0,1.0,0.0,0.0
11,9,0.0,0.0,0.0,0.0,0.0,0.0,0.0,0.0,0.0,1.0,0.0,0.0
11,9,0.0,0.0,0.0,0.0,0.0,0.0,0.0,0.0,0.0,1.0,0.0,0.0
11,9,0.0,0.0,0.0,0.0,0.0,0.0,0.0,0.0,0.0,1.0,0.0,0.0
11,9,0.0,0.0,0.0,0.0,0.0,0.0,0.0,0.0,0.0,1.0,0.0,0.0
11,9,0.0,0.0,0.0,0.0,0.0,0.0,0.0,0.0,0.0,1.0,0.0,0.0
11,9,0.0,0.0,0.0,0.0,0.0,0.0,0.0,0.0,0.0,1.0,0.0,0.0
11,9,0.0,0.0,0.0,0.0,0.0,0.0,0.0,0.0,0.0,1.0,0.0,0.0
11,9,0.0,0.0,0.0,0.0,0.0,0.0,0.0,0.0,0.0,1.0,0.0,0.0
11,9,0.0,0.0,0.0,0.0,0.0,0.0,0.0,0.0,0.0,1.0,0.0,0.0
11,9,0.0,0.0,0.0,0.0,0.0,0.0,0.0,0.0,0.0,1.0,0.0,0.0
11,9,0.0,0.0,0.0,0.0,0.0,0.0,0.0,0.0,0.0,1.0,0.0,0.0
11,9,0.0,0.0,0.0,0.0,0.0,0.0,0.0,0.0,0.0,1.0,0.0,0.0
11,9,0.0,0.0,0.0,0.0,0.0,0.0,0.0,0.0,0.0,1.0,0.0,0.0
11,9,0.0,0.0,0.0,0.0,0.0,0.0,0.0,0.0,0.0,1.0,0.0,0.0
11,9,0.0,0.0,0.0,0.0,0.0,0.0,0.0,0.0,0.0,1.0,0.0,0.0
11,9,0.0,0.0,0.0,0.0,0.0,0.0,0.0,0.0,0.0,1.0,0.0,0.0
11,9,0.0,0.0,0.0,0.0,0.0,0.0,0.0,0.0,0.0,1.0,0.0,0.0
11,9,0.0,0.0,0.0,0.0,0.0,0.0,0.0,0.0,0.0,1.0,0.0,0.0
11,9,0.0,0.0,0.0,0.0,0.0,0.0,0.0,0.0,0.0,1.0,0.0,0.0
11,9,0.0,0.0,0.0,0.0,0.0,0.0,0.0,0.0,0.0,1.0,0.0,0.0
11,9,0.0,0.0,0.0,0.0,0.0,0.0,0.0,0.0,0.0,1.0,0.0,0.0
11,9,0.0,0.0,0.0,0.0,0.0,0.0,0.0,0.0,0.0,1.0,0.0,0.0
11,9,0.0,0.0,0.0,0.0,0.0,0.0,0.0,0.0,0.0,1.0,0.0,0.0
11,9,0.0,0.0,0.0,0.0,0.0,0.0,0.0,0.0,0.0,1.0,0.0,0.0
11,9,0.0,0.0,0.0,0.0,0.0,0.0,0.0,0.0,0.0,1.0,0.0,0.0
11,9,0.0,0.0,0.0,0.0,0.0,0.0,0.0,0.0,0.0,1.0,0.0,0.0
11,9,0.0,0.0,0.0,0.0,0.0,0.0,0.0,0.0,0.0,1.0,0.0,0.0
11,9,0.0,0.0,0.0,0.0,0.0,0.0,0.0,0.0,0.0,1.0,0.0,0.0
11,9,0.0,0.0,0.0,0.0,0.0,0.0,0.0,0.0,0.0,1.0,0.0,0.0
11,9,0.0,0.0,0.0,0.0,0.0,0.0,0.0,0.0,0.0,1.0,0.0,0.0
11,9,0.0,0.0,0.0,0.0,0.0,0.0,0.0,0.0,0.0,1.0,0.0,0.0
11,9,0.0,0.0,0.0,0.0,0.0,0.0,0.0,0.0,0.0,1.0,0.0,0.0
11,9,0.0,0.0,0.0,0.0,0.0,0.0,0.0,0.0,0.0,1.0,0.0,0.0
11,9,0.0,0.0,0.0,0.0,0.0,0.0,0.0,0.0,0.0,1.0,0.0,0.0
11,9,0.0,0.0,0.0,0.0,0.0,0.0,0.0,0.0,0.0,1.0,0.0,0.0
11,9,0.0,0.0,0.0,0.0,0.0,0.0,0.0,0.0,0.0,1.0,0.0,0.0
11,9,0.0,0.0,0.0,0.0,0.0,0.0,0.0,0.0,0.0,1.0,0.0,0.0
11,9,0.0,0.0,0.0,0.0,0.0,0.0,0.0,0.0,0.0,1.0,0.0,0.0
11,9,0.0,0.0,0.0,0.0,0.0,0.0,0.0,0.0,0.0,1.0,0.0,0.0
11,9,0.0,0.0,0.0,0.0,0.0,0.0,0.0,0.0,0.0,1.0,0.0,0.0
11,9,0.0,0.0,0.0,0.0,0.0,0.0,0.0,0.0,0.0,1.0,0.0,0.0
11,9,0.0,0.0,0.0,0.0,0.0,0.0,0.0,0.0,0.0,1.0,0.0,0.0
11,9,0.0,0.0,0.0,0.0,0.0,0.0,0.0,0.0,0.0,1.0,0.0,0.0
11,9,0.0,0.0,0.0,0.0,0.0,0.0,0.0,0.0,0.0,1.0,0.0,0.0
11,9,0.0,0.0,0.0,0.0,0.0,0.0,0.0,0.0,0.0,1.0,0.0,0.0
11,9,0.0,0.0,0.0,0.0,0.0,0.0,0.0,0.0,0.0,1.0,0.0,0.0
11,9,0.0,0.0,0.0,0.0,0.0,0.0,0.0,0.0,0.0,1.0,0.0,0.0
11,9,0.0,0.0,0.0,0.0,0.0,0.0,0.0,0.0,0.0,1.0,0.0,0.0
11,9,0.0,0.0,0.0,0.0,0.0,0.0,0.0,0.0,0.0,1.0,0.0,0.0
11,9,0.0,0.0,0.0,0.0,0.0,0.0,0.0,0.0,0.0,1.0,0.0,0.0
11,9,0.0,0.0,0.0,0.0,0.0,0.0,0.0,0.0,0.0,1.0,0.0,0.0
11,9,0.0,0.0,0.0,0.0,0.0,0.0,0.0,0.0,0.0,1.0,0.0,0.0
11,9,0.0,0.0,0.0,0.0,0.0,0.0,0.0,0.0,0.0,1.0,0.0,0.0
11,9,0.0,0.0,0.0,0.0,0.0,0.0,0.0,0.0,0.0,1.0,0.0,0.0
11,9,0.0,0.0,0.0,0.0,0.0,0.0,0.0,0.0,0.0,1.0,0.0,0.0
11,9,0.0,0.0,0.0,0.0,0.0,0.0,0.0,0.0,0.0,1.0,0.0,0.0
11,9,0.0,0.0,0.0,0.0,0.0,0.0,0.0,0.0,0.0,1.0,0.0,0.0
11,9,0.0,0.0,0.0,0.0,0.0,0.0,0.0,0.0,0.0,1.0,0.0,0.0
11,9,0.0,0.0,0.0,0.0,0.0,0.0,0.0,0.0,0.0,1.0,0.0,0.0
11,9,0.0,0.0,0.0,0.0,0.0,0.0,0.0,0.0,0.0,1.0,0.0,0.0
11,9,0.0,0.0,0.0,0.0,0.0,0.0,0.0,0.0,0.0,1.0,0.0,0.0
11,9,0.0,0.0,0.0,0.0,0.0,0.0,0.0,0.0,0.0,1.0,0.0,0.0
11,9,0.0,0.0,0.0,0.0,0.0,0.0,0.0,0.0,0.0,1.0,0.0,0.0
11,9,0.0,0.0,0.0,0.0,0.0,0.0,0.0,0.0,0.0,1.0,0.0,0.0
11,9,0.0,0.0,0.0,0.0,0.0,0.0,0.0,0.0,0.0,1.0,0.0,0.0
11,9,0.0,0.0,0.0,0.0,0.0,0.0,0.0,0.0,0.0,1.0,0.0,0.0
11,9,0.0,0.0,0.0,0.0,0.0,0.0,0.0,0.0,0.0,1.0,0.0,0.0
11,9,0.0,0.0,0.0,0.0,0.0,0.0,0.0,0.0,0.0,1.0,0.0,0.0
11,9,0.0,0.0,0.0,0.0,0.0,0.0,0.0,0.0,0.0,1.0,0.0,0.0
11,9,0.0,0.0,0.0,0.0,0.0,0.0,0.0,0.0,0.0,1.0,0.0,0.0
11,9,0.0,0.0,0.0,0.0,0.0,0.0,0.0,0.0,0.0,1.0,0.0,0.0
11,9,0.0,0.0,0.0,0.0,0.0,0.0,0.0,0.0,0.0,1.0,0.0,0.0
11,9,0.0,0.0,0.0,0.0,0.0,0.0,0.0,0.0,0.0,1.0,0.0,0.0
11,9,0.0,0.0,0.0,0.0,0.0,0.0,0.0,0.0,0.0,1.0,0.0,0.0
11,9,0.0,0.0,0.0,0.0,0.0,0.0,0.0,0.0,0.0,1.0,0.0,0.0
11,9,0.0,0.0,0.0,0.0,0.0,0.0,0.0,0.0,0.0,1.0,0.0,0.0
11,9,0.0,0.0,0.0,0.0,0.0,0.0,0.0,0.0,0.0,1.0,0.0,0.0
11,9,0.0,0.0,0.0,0.0,0.0,0.0,0.0,0.0,0.0,1.0,0.0,0.0
11,9,0.0,0.0,0.0,0.0,0.0,0.0,0.0,0.0,0.0,1.0,0.0,0.0
11,9,0.0,0.0,0.0,0.0,0.0,0.0,0.0,0.0,0.0,1.0,0.0,0.0
11,9,0.0,0.0,0.0,0.0,0.0,0.0,0.0,0.0,0.0,1.0,0.0,0.0
11,9,0.0,0.0,0.0,0.0,0.0,0.0,0.0,0.0,0.0,1.0,0.0,0.0
11,9,0.0,0.0,0.0,0.0,0.0,0.0,0.0,0.0,0.0,1.0,0.0,0.0
11,9,0.0,0.0,0.0,0.0,0.0,0.0,0.0,0.0,0.0,1.0,0.0,0.0
11,9,0.0,0.0,0.0,0.0,0.0,0.0,0.0,0.0,0.0,1.0,0.0,0.0
11,9,0.0,0.0,0.0,0.0,0.0,0.0,0.0,0.0,0.0,1.0,0.0,0.0
11,9,0.0,0.0,0.0,0.0,0.0,0.0,0.0,0.0,0.0,1.0,0.0,0.0
11,9,0.0,0.0,0.0,0.0,0.0,0.0,0.0,0.0,0.0,1.0,0.0,0.0
11,9,0.0,0.0,0.0,0.0,0.0,0.0,0.0,0.0,0.0,1.0,0.0,0.0
11,9,0.0,0.0,0.0,0.0,0.0,0.0,0.0,0.0,0.0,1.0,0.0,0.0
11,9,0.0,0.0,0.0,0.0,0.0,0.0,0.0,0.0,0.0,1.0,0.0,0.0
11,9,0.0,0.0,0.0,0.0,0.0,0.0,0.0,0.0,0.0,1.0,0.0,0.0
11,9,0.0,0.0,0.0,0.0,0.0,0.0,0.0,0.0,0.0,1.0,0.0,0.0
11,9,0.0,0.0,0.0,0.0,0.0,0.0,0.0,0.0,0.0,1.0,0.0,0.0
11,9,0.0,0.0,0.0,0.0,0.0,0.0,0.0,0.0,0.0,1.0,0.0,0.0
11,9,0.0,0.0,0.0,0.0,0.0,0.0,0.0,0.0,0.0,1.0,0.0,0.0
11,9,0.0,0.0,0.0,0.0,0.0,0.0,0.0,0.0,0.0,1.0,0.0,0.0
11,9,0.0,0.0,0.0,0.0,0.0,0.0,0.0,0.0,0.0,1.0,0.0,0.0
11,9,0.0,0.0,0.0,0.0,0.0,0.0,0.0,0.0,0.0,1.0,0.0,0.0
11,9,0.0,0.0,0.0,0.0,0.0,0.0,0.0,0.0,0.0,1.0,0.0,0.0
11,9,0.0,0.0,0.0,0.0,0.0,0.0,0.0,0.0,0.0,1.0,0.0,0.0
11,9,0.0,0.0,0.0,0.0,0.0,0.0,0.0,0.0,0.0,1.0,0.0,0.0
11,9,0.0,0.0,0.0,0.0,0.0,0.0,0.0,0.0,0.0,1.0,0.0,0.0
11,9,0.0,0.0,0.0,0.0,0.0,0.0,0.0,0.0,0.0,1.0,0.0,0.0
11,9,0.0,0.0,0.0,0.0,0.0,0.0,0.0,0.0,0.0,1.0,0.0,0.0
11,9,0.0,0.0,0.0,0.0,0.0,0.0,0.0,0.0,0.0,1.0,0.0,0.0
11,9,0.0,0.0,0.0,0.0,0.0,0.0,0.0,0.0,0.0,1.0,0.0,0.0
11,9,0.0,0.0,0.0,0.0,0.0,0.0,0.0,0.0,0.0,1.0,0.0,0.0
11,9,0.0,0.0,0.0,0.0,0.0,0.0,0.0,0.0,0.0,1.0,0.0,0.0
11,9,0.0,0.0,0.0,0.0,0.0,0.0,0.0,0.0,0.0,1.0,0.0,0.0
11,9,0.0,0.0,0.0,0.0,0.0,0.0,0.0,0.0,0.0,1.0,0.0,0.0
11,9,0.0,0.0,0.0,0.0,0.0,0.0,0.0,0.0,0.0,1.0,0.0,0.0
11,9,0.0,0.0,0.0,0.0,0.0,0.0,0.0,0.0,0.0,1.0,0.0,0.0
11,9,0.0,0.0,0.0,0.0,0.0,0.0,0.0,0.0,0.0,1.0,0.0,0.0
11,9,0.0,0.0,0.0,0.0,0.0,0.0,0.0,0.0,0.0,1.0,0.0,0.0
11,9,0.0,0.0,0.0,0.0,0.0,0.0,0.0,0.0,0.0,1.0,0.0,0.0
11,9,0.0,0.0,0.0,0.0,0.0,0.0,0.0,0.0,0.0,1.0,0.0,0.0
11,9,0.0,0.0,0.0,0.0,0.0,0.0,0.0,0.0,0.0,1.0,0.0,0.0
11,9,0.0,0.0,0.0,0.0,0.0,0.0,0.0,0.0,0.0,1.0,0.0,0.0
11,9,0.0,0.0,0.0,0.0,0.0,0.0,0.0,0.0,0.0,1.0,0.0,0.0
11,9,0.0,0.0,0.0,0.0,0.0,0.0,0.0,0.0,0.0,1.0,0.0,0.0
11,9,0.0,0.0,0.0,0.0,0.0,0.0,0.0,0.0,0.0,1.0,0.0,0.0
11,9,0.0,0.0,0.0,0.0,0.0,0.0,0.0,0.0,0.0,1.0,0.0,0.0
11,9,0.0,0.0,0.0,0.0,0.0,0.0,0.0,0.0,0.0,1.0,0.0,0.0
11,9,0.0,0.0,0.0,0.0,0.0,0.0,0.0,0.0,0.0,1.0,0.0,0.0
11,9,0.0,0.0,0.0,0.0,0.0,0.0,0.0,0.0,0.0,1.0,0.0,0.0
11,9,0.0,0.0,0.0,0.0,0.0,0.0,0.0,0.0,0.0,1.0,0.0,0.0
11,9,0.0,0.0,0.0,0.0,0.0,0.0,0.0,0.0,0.0,1.0,0.0,0.0
11,9,0.0,0.0,0.0,0.0,0.0,0.0,0.0,0.0,0.0,1.0,0.0,0.0
11,9,0.0,0.0,0.0,0.0,0.0,0.0,0.0,0.0,0.0,1.0,0.0,0.0
11,9,0.0,0.0,0.0,0.0,0.0,0.0,0.0,0.0,0.0,1.0,0.0,0.0
11,9,0.0,0.0,0.0,0.0,0.0,0.0,0.0,0.0,0.0,1.0,0.0,0.0
11,9,0.0,0.0,0.0,0.0,0.0,0.0,0.0,0.0,0.0,1.0,0.0,0.0
11,9,0.0,0.0,0.0,0.0,0.0,0.0,0.0,0.0,0.0,1.0,0.0,0.0
11,9,0.0,0.0,0.0,0.0,0.0,0.0,0.0,0.0,0.0,1.0,0.0,0.0
11,9,0.0,0.0,0.0,0.0,0.0,0.0,0.0,0.0,0.0,1.0,0.0,0.0
11,9,0.0,0.0,0.0,0.0,0.0,0.0,0.0,0.0,0.0,1.0,0.0,0.0
11,9,0.0,0.0,0.0,0.0,0.0,0.0,0.0,0.0,0.0,1.0,0.0,0.0
11,9,0.0,0.0,0.0,0.0,0.0,0.0,0.0,0.0,0.0,1.0,0.0,0.0
11,9,0.0,0.0,0.0,0.0,0.0,0.0,0.0,0.0,0.0,1.0,0.0,0.0
11,9,0.0,0.0,0.0,0.0,0.0,0.0,0.0,0.0,0.0,1.0,0.0,0.0
11,9,0.0,0.0,0.0,0.0,0.0,0.0,0.0,0.0,0.0,1.0,0.0,0.0
11,9,0.0,0.0,0.0,0.0,0.0,0.0,0.0,0.0,0.0,1.0,0.0,0.0
11,9,0.0,0.0,0.0,0.0,0.0,0.0,0.0,0.0,0.0,1.0,0.0,0.0
11,9,0.0,0.0,0.0,0.0,0.0,0.0,0.0,0.0,0.0,1.0,0.0,0.0
11,9,0.0,0.0,0.0,0.0,0.0,0.0,0.0,0.0,0.0,1.0,0.0,0.0
11,9,0.0,0.0,0.0,0.0,0.0,0.0,0.0,0.0,0.0,1.0,0.0,0.0
11,9,0.0,0.0,0.0,0.0,0.0,0.0,0.0,0.0,0.0,1.0,0.0,0.0
11,9,0.0,0.0,0.0,0.0,0.0,0.0,0.0,0.0,0.0,1.0,0.0,0.0
11,9,0.0,0.0,0.0,0.0,0.0,0.0,0.0,0.0,0.0,1.0,0.0,0.0
11,9,0.0,0.0,0.0,0.0,0.0,0.0,0.0,0.0,0.0,1.0,0.0,0.0
11,9,0.0,0.0,0.0,0.0,0.0,0.0,0.0,0.0,0.0,1.0,0.0,0.0
11,9,0.0,0.0,0.0,0.0,0.0,0.0,0.0,0.0,0.0,1.0,0.0,0.0
11,9,0.0,0.0,0.0,0.0,0.0,0.0,0.0,0.0,0.0,1.0,0.0,0.0
11,9,0.0,0.0,0.0,0.0,0.0,0.0,0.0,0.0,0.0,1.0,0.0,0.0
11,9,0.0,0.0,0.0,0.0,0.0,0.0,0.0,0.0,0.0,1.0,0.0,0.0
11,9,0.0,0.0,0.0,0.0,0.0,0.0,0.0,0.0,0.0,1.0,0.0,0.0
11,9,0.0,0.0,0.0,0.0,0.0,0.0,0.0,0.0,0.0,1.0,0.0,0.0
11,9,0.0,0.0,0.0,0.0,0.0,0.0,0.0,0.0,0.0,1.0,0.0,0.0
11,9,0.0,0.0,0.0,0.0,0.0,0.0,0.0,0.0,0.0,1.0,0.0,0.0
11,9,0.0,0.0,0.0,0.0,0.0,0.0,0.0,0.0,0.0,1.0,0.0,0.0
11,9,0.0,0.0,0.0,0.0,0.0,0.0,0.0,0.0,0.0,1.0,0.0,0.0
11,9,0.0,0.0,0.0,0.0,0.0,0.0,0.0,0.0,0.0,1.0,0.0,0.0
11,9,0.0,0.0,0.0,0.0,0.0,0.0,0.0,0.0,0.0,1.0,0.0,0.0
11,9,0.0,0.0,0.0,0.0,0.0,0.0,0.0,0.0,0.0,1.0,0.0,0.0
11,9,0.0,0.0,0.0,0.0,0.0,0.0,0.0,0.0,0.0,1.0,0.0,0.0
11,9,0.0,0.0,0.0,0.0,0.0,0.0,0.0,0.0,0.0,1.0,0.0,0.0
11,9,0.0,0.0,0.0,0.0,0.0,0.0,0.0,0.0,0.0,1.0,0.0,0.0
11,9,0.0,0.0,0.0,0.0,0.0,0.0,0.0,0.0,0.0,1.0,0.0,0.0
11,9,0.0,0.0,0.0,0.0,0.0,0.0,0.0,0.0,0.0,1.0,0.0,0.0
11,9,0.0,0.0,0.0,0.0,0.0,0.0,0.0,0.0,0.0,1.0,0.0,0.0
11,9,0.0,0.0,0.0,0.0,0.0,0.0,0.0,0.0,0.0,1.0,0.0,0.0
11,9,0.0,0.0,0.0,0.0,0.0,0.0,0.0,0.0,0.0,1.0,0.0,0.0
11,9,0.0,0.0,0.0,0.0,0.0,0.0,0.0,0.0,0.0,1.0,0.0,0.0
11,9,0.0,0.0,0.0,0.0,0.0,0.0,0.0,0.0,0.0,1.0,0.0,0.0
11,9,0.0,0.0,0.0,0.0,0.0,0.0,0.0,0.0,0.0,1.0,0.0,0.0
11,9,0.0,0.0,0.0,0.0,0.0,0.0,0.0,0.0,0.0,1.0,0.0,0.0
11,9,0.0,0.0,0.0,0.0,0.0,0.0,0.0,0.0,0.0,1.0,0.0,0.0
11,9,0.0,0.0,0.0,0.0,0.0,0.0,0.0,0.0,0.0,1.0,0.0,0.0
11,9,0.0,0.0,0.0,0.0,0.0,0.0,0.0,0.0,0.0,1.0,0.0,0.0
11,9,0.0,0.0,0.0,0.0,0.0,0.0,0.0,0.0,0.0,1.0,0.0,0.0
11,9,0.0,0.0,0.0,0.0,0.0,0.0,0.0,0.0,0.0,1.0,0.0,0.0
11,9,0.0,0.0,0.0,0.0,0.0,0.0,0.0,0.0,0.0,1.0,0.0,0.0
11,9,0.0,0.0,0.0,0.0,0.0,0.0,0.0,0.0,0.0,1.0,0.0,0.0
11,9,0.0,0.0,0.0,0.0,0.0,0.0,0.0,0.0,0.0,1.0,0.0,0.0
11,9,0.0,0.0,0.0,0.0,0.0,0.0,0.0,0.0,0.0,1.0,0.0,0.0
11,9,0.0,0.0,0.0,0.0,0.0,0.0,0.0,0.0,0.0,1.0,0.0,0.0
11,9,0.0,0.0,0.0,0.0,0.0,0.0,0.0,0.0,0.0,1.0,0.0,0.0
11,9,0.0,0.0,0.0,0.0,0.0,0.0,0.0,0.0,0.0,1.0,0.0,0.0
11,9,0.0,0.0,0.0,0.0,0.0,0.0,0.0,0.0,0.0,1.0,0.0,0.0
11,9,0.0,0.0,0.0,0.0,0.0,0.0,0.0,0.0,0.0,1.0,0.0,0.0
11,9,0.0,0.0,0.0,0.0,0.0,0.0,0.0,0.0,0.0,1.0,0.0,0.0
11,9,0.0,0.0,0.0,0.0,0.0,0.0,0.0,0.0,0.0,1.0,0.0,0.0
11,9,0.0,0.0,0.0,0.0,0.0,0.0,0.0,0.0,0.0,1.0,0.0,0.0
11,9,0.0,0.0,0.0,0.0,0.0,0.0,0.0,0.0,0.0,1.0,0.0,0.0
11,9,0.0,0.0,0.0,0.0,0.0,0.0,0.0,0.0,0.0,1.0,0.0,0.0
11,9,0.0,0.0,0.0,0.0,0.0,0.0,0.0,0.0,0.0,1.0,0.0,0.0
11,9,0.0,0.0,0.0,0.0,0.0,0.0,0.0,0.0,0.0,1.0,0.0,0.0
11,9,0.0,0.0,0.0,0.0,0.0,0.0,0.0,0.0,0.0,1.0,0.0,0.0
11,9,0.0,0.0,0.0,0.0,0.0,0.0,0.0,0.0,0.0,1.0,0.0,0.0
11,9,0.0,0.0,0.0,0.0,0.0,0.0,0.0,0.0,0.0,1.0,0.0,0.0
11,9,0.0,0.0,0.0,0.0,0.0,0.0,0.0,0.0,0.0,1.0,0.0,0.0
11,9,0.0,0.0,0.0,0.0,0.0,0.0,0.0,0.0,0.0,1.0,0.0,0.0
11,9,0.0,0.0,0.0,0.0,0.0,0.0,0.0,0.0,0.0,1.0,0.0,0.0
11,9,0.0,0.0,0.0,0.0,0.0,0.0,0.0,0.0,0.0,1.0,0.0,0.0
11,9,0.0,0.0,0.0,0.0,0.0,0.0,0.0,0.0,0.0,1.0,0.0,0.0
11,9,0.0,0.0,0.0,0.0,0.0,0.0,0.0,0.0,0.0,1.0,0.0,0.0
11,9,0.0,0.0,0.0,0.0,0.0,0.0,0.0,0.0,0.0,1.0,0.0,0.0
11,9,0.0,0.0,0.0,0.0,0.0,0.0,0.0,0.0,0.0,1.0,0.0,0.0
11,9,0.0,0.0,0.0,0.0,0.0,0.0,0.0,0.0,0.0,1.0,0.0,0.0
11,9,0.0,0.0,0.0,0.0,0.0,0.0,0.0,0.0,0.0,1.0,0.0,0.0
11,9,0.0,0.0,0.0,0.0,0.0,0.0,0.0,0.0,0.0,1.0,0.0,0.0
11,9,0.0,0.0,0.0,0.0,0.0,0.0,0.0,0.0,0.0,1.0,0.0,0.0
11,9,0.0,0.0,0.0,0.0,0.0,0.0,0.0,0.0,0.0,1.0,0.0,0.0
11,9,0.0,0.0,0.0,0.0,0.0,0.0,0.0,0.0,0.0,1.0,0.0,0.0
11,9,0.0,0.0,0.0,0.0,0.0,0.0,0.0,0.0,0.0,1.0,0.0,0.0
11,9,0.0,0.0,0.0,0.0,0.0,0.0,0.0,0.0,0.0,1.0,0.0,0.0
11,9,0.0,0.0,0.0,0.0,0.0,0.0,0.0,0.0,0.0,1.0,0.0,0.0
11,9,0.0,0.0,0.0,0.0,0.0,0.0,0.0,0.0,0.0,1.0,0.0,0.0
11,9,0.0,0.0,0.0,0.0,0.0,0.0,0.0,0.0,0.0,1.0,0.0,0.0
11,9,0.0,0.0,0.0,0.0,0.0,0.0,0.0,0.0,0.0,1.0,0.0,0.0
11,9,0.0,0.0,0.0,0.0,0.0,0.0,0.0,0.0,0.0,1.0,0.0,0.0
11,9,0.0,0.0,0.0,0.0,0.0,0.0,0.0,0.0,0.0,1.0,0.0,0.0
11,9,0.0,0.0,0.0,0.0,0.0,0.0,0.0,0.0,0.0,1.0,0.0,0.0
11,9,0.0,0.0,0.0,0.0,0.0,0.0,0.0,0.0,0.0,1.0,0.0,0.0
11,9,0.0,0.0,0.0,0.0,0.0,0.0,0.0,0.0,0.0,1.0,0.0,0.0
11,9,0.0,0.0,0.0,0.0,0.0,0.0,0.0,0.0,0.0,1.0,0.0,0.0
11,9,0.0,0.0,0.0,0.0,0.0,0.0,0.0,0.0,0.0,1.0,0.0,0.0
11,9,0.0,0.0,0.0,0.0,0.0,0.0,0.0,0.0,0.0,1.0,0.0,0.0
11,9,0.0,0.0,0.0,0.0,0.0,0.0,0.0,0.0,0.0,1.0,0.0,0.0
11,9,0.0,0.0,0.0,0.0,0.0,0.0,0.0,0.0,0.0,1.0,0.0,0.0
11,9,0.0,0.0,0.0,0.0,0.0,0.0,0.0,0.0,0.0,1.0,0.0,0.0
11,9,0.0,0.0,0.0,0.0,0.0,0.0,0.0,0.0,0.0,1.0,0.0,0.0
11,9,0.0,0.0,0.0,0.0,0.0,0.0,0.0,0.0,0.0,1.0,0.0,0.0
11,9,0.0,0.0,0.0,0.0,0.0,0.0,0.0,0.0,0.0,1.0,0.0,0.0
11,9,0.0,0.0,0.0,0.0,0.0,0.0,0.0,0.0,0.0,1.0,0.0,0.0
11,9,0.0,0.0,0.0,0.0,0.0,0.0,0.0,0.0,0.0,1.0,0.0,0.0
11,9,0.0,0.0,0.0,0.0,0.0,0.0,0.0,0.0,0.0,1.0,0.0,0.0
11,9,0.0,0.0,0.0,0.0,0.0,0.0,0.0,0.0,0.0,1.0,0.0,0.0
11,9,0.0,0.0,0.0,0.0,0.0,0.0,0.0,0.0,0.0,1.0,0.0,0.0
11,9,0.0,0.0,0.0,0.0,0.0,0.0,0.0,0.0,0.0,1.0,0.0,0.0
11,9,0.0,0.0,0.0,0.0,0.0,0.0,0.0,0.0,0.0,1.0,0.0,0.0
11,9,0.0,0.0,0.0,0.0,0.0,0.0,0.0,0.0,0.0,1.0,0.0,0.0
11,9,0.0,0.0,0.0,0.0,0.0,0.0,0.0,0.0,0.0,1.0,0.0,0.0
11,9,0.0,0.0,0.0,0.0,0.0,0.0,0.0,0.0,0.0,1.0,0.0,0.0
11,9,0.0,0.0,0.0,0.0,0.0,0.0,0.0,0.0,0.0,1.0,0.0,0.0
11,9,0.0,0.0,0.0,0.0,0.0,0.0,0.0,0.0,0.0,1.0,0.0,0.0
11,9,0.0,0.0,0.0,0.0,0.0,0.0,0.0,0.0,0.0,1.0,0.0,0.0
11,9,0.0,0.0,0.0,0.0,0.0,0.0,0.0,0.0,0.0,1.0,0.0,0.0
11,9,0.0,0.0,0.0,0.0,0.0,0.0,0.0,0.0,0.0,1.0,0.0,0.0
11,9,0.0,0.0,0.0,0.0,0.0,0.0,0.0,0.0,0.0,1.0,0.0,0.0
11,9,0.0,0.0,0.0,0.0,0.0,0.0,0.0,0.0,0.0,1.0,0.0,0.0
11,9,0.0,0.0,0.0,0.0,0.0,0.0,0.0,0.0,0.0,1.0,0.0,0.0
11,9,0.0,0.0,0.0,0.0,0.0,0.0,0.0,0.0,0.0,1.0,0.0,0.0
11,9,0.0,0.0,0.0,0.0,0.0,0.0,0.0,0.0,0.0,1.0,0.0,0.0
11,9,0.0,0.0,0.0,0.0,0.0,0.0,0.0,0.0,0.0,1.0,0.0,0.0
11,9,0.0,0.0,0.0,0.0,0.0,0.0,0.0,0.0,0.0,1.0,0.0,0.0
11,9,0.0,0.0,0.0,0.0,0.0,0.0,0.0,0.0,0.0,1.0,0.0,0.0
11,9,0.0,0.0,0.0,0.0,0.0,0.0,0.0,0.0,0.0,1.0,0.0,0.0
11,9,0.0,0.0,0.0,0.0,0.0,0.0,0.0,0.0,0.0,1.0,0.0,0.0
11,9,0.0,0.0,0.0,0.0,0.0,0.0,0.0,0.0,0.0,1.0,0.0,0.0
11,9,0.0,0.0,0.0,0.0,0.0,0.0,0.0,0.0,0.0,1.0,0.0,0.0
11,9,0.0,0.0,0.0,0.0,0.0,0.0,0.0,0.0,0.0,1.0,0.0,0.0
11,9,0.0,0.0,0.0,0.0,0.0,0.0,0.0,0.0,0.0,1.0,0.0,0.0
11,9,0.0,0.0,0.0,0.0,0.0,0.0,0.0,0.0,0.0,1.0,0.0,0.0
11,9,0.0,0.0,0.0,0.0,0.0,0.0,0.0,0.0,0.0,1.0,0.0,0.0
11,9,0.0,0.0,0.0,0.0,0.0,0.0,0.0,0.0,0.0,1.0,0.0,0.0
11,9,0.0,0.0,0.0,0.0,0.0,0.0,0.0,0.0,0.0,1.0,0.0,0.0
11,9,0.0,0.0,0.0,0.0,0.0,0.0,0.0,0.0,0.0,1.0,0.0,0.0
11,9,0.0,0.0,0.0,0.0,0.0,0.0,0.0,0.0,0.0,1.0,0.0,0.0
11,9,0.0,0.0,0.0,0.0,0.0,0.0,0.0,0.0,0.0,1.0,0.0,0.0
11,9,0.0,0.0,0.0,0.0,0.0,0.0,0.0,0.0,0.0,1.0,0.0,0.0
11,9,0.0,0.0,0.0,0.0,0.0,0.0,0.0,0.0,0.0,1.0,0.0,0.0
11,9,0.0,0.0,0.0,0.0,0.0,0.0,0.0,0.0,0.0,1.0,0.0,0.0
11,9,0.0,0.0,0.0,0.0,0.0,0.0,0.0,0.0,0.0,1.0,0.0,0.0
11,9,0.0,0.0,0.0,0.0,0.0,0.0,0.0,0.0,0.0,1.0,0.0,0.0
11,9,0.0,0.0,0.0,0.0,0.0,0.0,0.0,0.0,0.0,1.0,0.0,0.0
11,9,0.0,0.0,0.0,0.0,0.0,0.0,0.0,0.0,0.0,1.0,0.0,0.0
11,9,0.0,0.0,0.0,0.0,0.0,0.0,0.0,0.0,0.0,1.0,0.0,0.0
11,9,0.0,0.0,0.0,0.0,0.0,0.0,0.0,0.0,0.0,1.0,0.0,0.0
11,9,0.0,0.0,0.0,0.0,0.0,0.0,0.0,0.0,0.0,1.0,0.0,0.0
11,9,0.0,0.0,0.0,0.0,0.0,0.0,0.0,0.0,0.0,1.0,0.0,0.0
11,9,0.0,0.0,0.0,0.0,0.0,0.0,0.0,0.0,0.0,1.0,0.0,0.0
11,9,0.0,0.0,0.0,0.0,0.0,0.0,0.0,0.0,0.0,1.0,0.0,0.0
11,9,0.0,0.0,0.0,0.0,0.0,0.0,0.0,0.0,0.0,1.0,0.0,0.0
11,9,0.0,0.0,0.0,0.0,0.0,0.0,0.0,0.0,0.0,1.0,0.0,0.0
11,9,0.0,0.0,0.0,0.0,0.0,0.0,0.0,0.0,0.0,1.0,0.0,0.0
11,9,0.0,0.0,0.0,0.0,0.0,0.0,0.0,0.0,0.0,1.0,0.0,0.0
11,9,0.0,0.0,0.0,0.0,0.0,0.0,0.0,0.0,0.0,1.0,0.0,0.0
11,9,0.0,0.0,0.0,0.0,0.0,0.0,0.0,0.0,0.0,1.0,0.0,0.0
11,9,0.0,0.0,0.0,0.0,0.0,0.0,0.0,0.0,0.0,1.0,0.0,0.0
11,9,0.0,0.0,0.0,0.0,0.0,0.0,0.0,0.0,0.0,1.0,0.0,0.0
11,9,0.0,0.0,0.0,0.0,0.0,0.0,0.0,0.0,0.0,1.0,0.0,0.0
11,9,0.0,0.0,0.0,0.0,0.0,0.0,0.0,0.0,0.0,1.0,0.0,0.0
11,9,0.0,0.0,0.0,0.0,0.0,0.0,0.0,0.0,0.0,1.0,0.0,0.0
11,9,0.0,0.0,0.0,0.0,0.0,0.0,0.0,0.0,0.0,1.0,0.0,0.0
11,9,0.0,0.0,0.0,0.0,0.0,0.0,0.0,0.0,0.0,1.0,0.0,0.0
11,9,0.0,0.0,0.0,0.0,0.0,0.0,0.0,0.0,0.0,1.0,0.0,0.0
11,9,0.0,0.0,0.0,0.0,0.0,0.0,0.0,0.0,0.0,1.0,0.0,0.0
11,9,0.0,0.0,0.0,0.0,0.0,0.0,0.0,0.0,0.0,1.0,0.0,0.0
11,9,0.0,0.0,0.0,0.0,0.0,0.0,0.0,0.0,0.0,1.0,0.0,0.0
11,9,0.0,0.0,0.0,0.0,0.0,0.0,0.0,0.0,0.0,1.0,0.0,0.0
11,9,0.0,0.0,0.0,0.0,0.0,0.0,0.0,0.0,0.0,1.0,0.0,0.0
11,9,0.0,0.0,0.0,0.0,0.0,0.0,0.0,0.0,0.0,1.0,0.0,0.0
11,9,0.0,0.0,0.0,0.0,0.0,0.0,0.0,0.0,0.0,1.0,0.0,0.0
11,9,0.0,0.0,0.0,0.0,0.0,0.0,0.0,0.0,0.0,1.0,0.0,0.0
11,9,0.0,0.0,0.0,0.0,0.0,0.0,0.0,0.0,0.0,1.0,0.0,0.0
11,9,0.0,0.0,0.0,0.0,0.0,0.0,0.0,0.0,0.0,1.0,0.0,0.0
11,9,0.0,0.0,0.0,0.0,0.0,0.0,0.0,0.0,0.0,1.0,0.0,0.0
11,9,0.0,0.0,0.0,0.0,0.0,0.0,0.0,0.0,0.0,1.0,0.0,0.0
11,9,0.0,0.0,0.0,0.0,0.0,0.0,0.0,0.0,0.0,1.0,0.0,0.0
11,9,0.0,0.0,0.0,0.0,0.0,0.0,0.0,0.0,0.0,1.0,0.0,0.0
11,9,0.0,0.0,0.0,0.0,0.0,0.0,0.0,0.0,0.0,1.0,0.0,0.0
11,9,0.0,0.0,0.0,0.0,0.0,0.0,0.0,0.0,0.0,1.0,0.0,0.0
11,9,0.0,0.0,0.0,0.0,0.0,0.0,0.0,0.0,0.0,1.0,0.0,0.0
11,9,0.0,0.0,0.0,0.0,0.0,0.0,0.0,0.0,0.0,1.0,0.0,0.0
11,9,0.0,0.0,0.0,0.0,0.0,0.0,0.0,0.0,0.0,1.0,0.0,0.0
11,9,0.0,0.0,0.0,0.0,0.0,0.0,0.0,0.0,0.0,1.0,0.0,0.0
11,9,0.0,0.0,0.0,0.0,0.0,0.0,0.0,0.0,0.0,1.0,0.0,0.0
11,9,0.0,0.0,0.0,0.0,0.0,0.0,0.0,0.0,0.0,1.0,0.0,0.0
11,9,0.0,0.0,0.0,0.0,0.0,0.0,0.0,0.0,0.0,1.0,0.0,0.0
11,9,0.0,0.0,0.0,0.0,0.0,0.0,0.0,0.0,0.0,1.0,0.0,0.0
11,9,0.0,0.0,0.0,0.0,0.0,0.0,0.0,0.0,0.0,1.0,0.0,0.0
11,9,0.0,0.0,0.0,0.0,0.0,0.0,0.0,0.0,0.0,1.0,0.0,0.0
11,9,0.0,0.0,0.0,0.0,0.0,0.0,0.0,0.0,0.0,1.0,0.0,0.0
11,9,0.0,0.0,0.0,0.0,0.0,0.0,0.0,0.0,0.0,1.0,0.0,0.0
11,9,0.0,0.0,0.0,0.0,0.0,0.0,0.0,0.0,0.0,1.0,0.0,0.0
11,9,0.0,0.0,0.0,0.0,0.0,0.0,0.0,0.0,0.0,1.0,0.0,0.0
11,9,0.0,0.0,0.0,0.0,0.0,0.0,0.0,0.0,0.0,1.0,0.0,0.0
11,9,0.0,0.0,0.0,0.0,0.0,0.0,0.0,0.0,0.0,1.0,0.0,0.0
11,9,0.0,0.0,0.0,0.0,0.0,0.0,0.0,0.0,0.0,1.0,0.0,0.0
11,9,0.0,0.0,0.0,0.0,0.0,0.0,0.0,0.0,0.0,1.0,0.0,0.0
11,9,0.0,0.0,0.0,0.0,0.0,0.0,0.0,0.0,0.0,1.0,0.0,0.0
11,9,0.0,0.0,0.0,0.0,0.0,0.0,0.0,0.0,0.0,1.0,0.0,0.0
11,9,0.0,0.0,0.0,0.0,0.0,0.0,0.0,0.0,0.0,1.0,0.0,0.0
11,9,0.0,0.0,0.0,0.0,0.0,0.0,0.0,0.0,0.0,1.0,0.0,0.0
11,9,0.0,0.0,0.0,0.0,0.0,0.0,0.0,0.0,0.0,1.0,0.0,0.0
11,9,0.0,0.0,0.0,0.0,0.0,0.0,0.0,0.0,0.0,1.0,0.0,0.0
11,9,0.0,0.0,0.0,0.0,0.0,0.0,0.0,0.0,0.0,1.0,0.0,0.0
11,9,0.0,0.0,0.0,0.0,0.0,0.0,0.0,0.0,0.0,1.0,0.0,0.0
11,9,0.0,0.0,0.0,0.0,0.0,0.0,0.0,0.0,0.0,1.0,0.0,0.0
11,9,0.0,0.0,0.0,0.0,0.0,0.0,0.0,0.0,0.0,1.0,0.0,0.0
11,9,0.0,0.0,0.0,0.0,0.0,0.0,0.0,0.0,0.0,1.0,0.0,0.0
11,9,0.0,0.0,0.0,0.0,0.0,0.0,0.0,0.0,0.0,1.0,0.0,0.0
11,9,0.0,0.0,0.0,0.0,0.0,0.0,0.0,0.0,0.0,1.0,0.0,0.0
11,9,0.0,0.0,0.0,0.0,0.0,0.0,0.0,0.0,0.0,1.0,0.0,0.0
11,9,0.0,0.0,0.0,0.0,0.0,0.0,0.0,0.0,0.0,1.0,0.0,0.0
11,9,0.0,0.0,0.0,0.0,0.0,0.0,0.0,0.0,0.0,1.0,0.0,0.0
11,9,0.0,0.0,0.0,0.0,0.0,0.0,0.0,0.0,0.0,1.0,0.0,0.0
11,9,0.0,0.0,0.0,0.0,0.0,0.0,0.0,0.0,0.0,1.0,0.0,0.0
11,9,0.0,0.0,0.0,0.0,0.0,0.0,0.0,0.0,0.0,1.0,0.0,0.0
11,9,0.0,0.0,0.0,0.0,0.0,0.0,0.0,0.0,0.0,1.0,0.0,0.0
11,9,0.0,0.0,0.0,0.0,0.0,0.0,0.0,0.0,0.0,1.0,0.0,0.0
11,9,0.0,0.0,0.0,0.0,0.0,0.0,0.0,0.0,0.0,1.0,0.0,0.0
11,9,0.0,0.0,0.0,0.0,0.0,0.0,0.0,0.0,0.0,1.0,0.0,0.0
11,9,0.0,0.0,0.0,0.0,0.0,0.0,0.0,0.0,0.0,1.0,0.0,0.0
11,9,0.0,0.0,0.0,0.0,0.0,0.0,0.0,0.0,0.0,1.0,0.0,0.0
11,9,0.0,0.0,0.0,0.0,0.0,0.0,0.0,0.0,0.0,1.0,0.0,0.0
11,9,0.0,0.0,0.0,0.0,0.0,0.0,0.0,0.0,0.0,1.0,0.0,0.0
11,9,0.0,0.0,0.0,0.0,0.0,0.0,0.0,0.0,0.0,1.0,0.0,0.0
11,9,0.0,0.0,0.0,0.0,0.0,0.0,0.0,0.0,0.0,1.0,0.0,0.0
11,9,0.0,0.0,0.0,0.0,0.0,0.0,0.0,0.0,0.0,1.0,0.0,0.0
11,9,0.0,0.0,0.0,0.0,0.0,0.0,0.0,0.0,0.0,1.0,0.0,0.0
11,9,0.0,0.0,0.0,0.0,0.0,0.0,0.0,0.0,0.0,1.0,0.0,0.0
11,9,0.0,0.0,0.0,0.0,0.0,0.0,0.0,0.0,0.0,1.0,0.0,0.0
11,9,0.0,0.0,0.0,0.0,0.0,0.0,0.0,0.0,0.0,1.0,0.0,0.0
11,9,0.0,0.0,0.0,0.0,0.0,0.0,0.0,0.0,0.0,1.0,0.0,0.0
11,9,0.0,0.0,0.0,0.0,0.0,0.0,0.0,0.0,0.0,1.0,0.0,0.0
11,9,0.0,0.0,0.0,0.0,0.0,0.0,0.0,0.0,0.0,1.0,0.0,0.0
11,9,0.0,0.0,0.0,0.0,0.0,0.0,0.0,0.0,0.0,1.0,0.0,0.0
11,9,0.0,0.0,0.0,0.0,0.0,0.0,0.0,0.0,0.0,1.0,0.0,0.0
11,9,0.0,0.0,0.0,0.0,0.0,0.0,0.0,0.0,0.0,1.0,0.0,0.0
11,9,0.0,0.0,0.0,0.0,0.0,0.0,0.0,0.0,0.0,1.0,0.0,0.0
11,9,0.0,0.0,0.0,0.0,0.0,0.0,0.0,0.0,0.0,1.0,0.0,0.0
11,9,0.0,0.0,0.0,0.0,0.0,0.0,0.0,0.0,0.0,1.0,0.0,0.0
11,9,0.0,0.0,0.0,0.0,0.0,0.0,0.0,0.0,0.0,1.0,0.0,0.0
11,9,0.0,0.0,0.0,0.0,0.0,0.0,0.0,0.0,0.0,1.0,0.0,0.0
11,9,0.0,0.0,0.0,0.0,0.0,0.0,0.0,0.0,0.0,1.0,0.0,0.0
11,9,0.0,0.0,0.0,0.0,0.0,0.0,0.0,0.0,0.0,1.0,0.0,0.0
11,9,0.0,0.0,0.0,0.0,0.0,0.0,0.0,0.0,0.0,1.0,0.0,0.0
11,9,0.0,0.0,0.0,0.0,0.0,0.0,0.0,0.0,0.0,1.0,0.0,0.0
11,9,0.0,0.0,0.0,0.0,0.0,0.0,0.0,0.0,0.0,1.0,0.0,0.0
11,9,0.0,0.0,0.0,0.0,0.0,0.0,0.0,0.0,0.0,1.0,0.0,0.0
11,9,0.0,0.0,0.0,0.0,0.0,0.0,0.0,0.0,0.0,1.0,0.0,0.0
11,9,0.0,0.0,0.0,0.0,0.0,0.0,0.0,0.0,0.0,1.0,0.0,0.0
11,9,0.0,0.0,0.0,0.0,0.0,0.0,0.0,0.0,0.0,1.0,0.0,0.0
11,9,0.0,0.0,0.0,0.0,0.0,0.0,0.0,0.0,0.0,1.0,0.0,0.0
11,9,0.0,0.0,0.0,0.0,0.0,0.0,0.0,0.0,0.0,1.0,0.0,0.0
11,9,0.0,0.0,0.0,0.0,0.0,0.0,0.0,0.0,0.0,1.0,0.0,0.0
11,9,0.0,0.0,0.0,0.0,0.0,0.0,0.0,0.0,0.0,1.0,0.0,0.0
11,9,0.0,0.0,0.0,0.0,0.0,0.0,0.0,0.0,0.0,1.0,0.0,0.0
11,9,0.0,0.0,0.0,0.0,0.0,0.0,0.0,0.0,0.0,1.0,0.0,0.0
11,9,0.0,0.0,0.0,0.0,0.0,0.0,0.0,0.0,0.0,1.0,0.0,0.0
11,9,0.0,0.0,0.0,0.0,0.0,0.0,0.0,0.0,0.0,1.0,0.0,0.0
11,9,0.0,0.0,0.0,0.0,0.0,0.0,0.0,0.0,0.0,1.0,0.0,0.0
11,9,0.0,0.0,0.0,0.0,0.0,0.0,0.0,0.0,0.0,1.0,0.0,0.0
11,9,0.0,0.0,0.0,0.0,0.0,0.0,0.0,0.0,0.0,1.0,0.0,0.0
11,9,0.0,0.0,0.0,0.0,0.0,0.0,0.0,0.0,0.0,1.0,0.0,0.0
11,9,0.0,0.0,0.0,0.0,0.0,0.0,0.0,0.0,0.0,1.0,0.0,0.0
11,9,0.0,0.0,0.0,0.0,0.0,0.0,0.0,0.0,0.0,1.0,0.0,0.0
11,9,0.0,0.0,0.0,0.0,0.0,0.0,0.0,0.0,0.0,1.0,0.0,0.0
11,9,0.0,0.0,0.0,0.0,0.0,0.0,0.0,0.0,0.0,1.0,0.0,0.0
11,9,0.0,0.0,0.0,0.0,0.0,0.0,0.0,0.0,0.0,1.0,0.0,0.0
11,9,0.0,0.0,0.0,0.0,0.0,0.0,0.0,0.0,0.0,1.0,0.0,0.0
11,9,0.0,0.0,0.0,0.0,0.0,0.0,0.0,0.0,0.0,1.0,0.0,0.0
11,9,0.0,0.0,0.0,0.0,0.0,0.0,0.0,0.0,0.0,1.0,0.0,0.0
11,9,0.0,0.0,0.0,0.0,0.0,0.0,0.0,0.0,0.0,1.0,0.0,0.0
11,9,0.0,0.0,0.0,0.0,0.0,0.0,0.0,0.0,0.0,1.0,0.0,0.0
11,9,0.0,0.0,0.0,0.0,0.0,0.0,0.0,0.0,0.0,1.0,0.0,0.0
11,9,0.0,0.0,0.0,0.0,0.0,0.0,0.0,0.0,0.0,1.0,0.0,0.0
11,9,0.0,0.0,0.0,0.0,0.0,0.0,0.0,0.0,0.0,1.0,0.0,0.0
11,9,0.0,0.0,0.0,0.0,0.0,0.0,0.0,0.0,0.0,1.0,0.0,0.0
11,9,0.0,0.0,0.0,0.0,0.0,0.0,0.0,0.0,0.0,1.0,0.0,0.0
11,9,0.0,0.0,0.0,0.0,0.0,0.0,0.0,0.0,0.0,1.0,0.0,0.0
11,9,0.0,0.0,0.0,0.0,0.0,0.0,0.0,0.0,0.0,1.0,0.0,0.0
11,9,0.0,0.0,0.0,0.0,0.0,0.0,0.0,0.0,0.0,1.0,0.0,0.0
11,9,0.0,0.0,0.0,0.0,0.0,0.0,0.0,0.0,0.0,1.0,0.0,0.0
11,9,0.0,0.0,0.0,0.0,0.0,0.0,0.0,0.0,0.0,1.0,0.0,0.0
11,9,0.0,0.0,0.0,0.0,0.0,0.0,0.0,0.0,0.0,1.0,0.0,0.0
11,9,0.0,0.0,0.0,0.0,0.0,0.0,0.0,0.0,0.0,1.0,0.0,0.0
11,9,0.0,0.0,0.0,0.0,0.0,0.0,0.0,0.0,0.0,1.0,0.0,0.0
11,9,0.0,0.0,0.0,0.0,0.0,0.0,0.0,0.0,0.0,1.0,0.0,0.0
11,9,0.0,0.0,0.0,0.0,0.0,0.0,0.0,0.0,0.0,1.0,0.0,0.0
11,9,0.0,0.0,0.0,0.0,0.0,0.0,0.0,0.0,0.0,1.0,0.0,0.0
11,9,0.0,0.0,0.0,0.0,0.0,0.0,0.0,0.0,0.0,1.0,0.0,0.0
11,9,0.0,0.0,0.0,0.0,0.0,0.0,0.0,0.0,0.0,1.0,0.0,0.0
11,9,0.0,0.0,0.0,0.0,0.0,0.0,0.0,0.0,0.0,1.0,0.0,0.0
11,9,0.0,0.0,0.0,0.0,0.0,0.0,0.0,0.0,0.0,1.0,0.0,0.0
11,9,0.0,0.0,0.0,0.0,0.0,0.0,0.0,0.0,0.0,1.0,0.0,0.0
11,9,0.0,0.0,0.0,0.0,0.0,0.0,0.0,0.0,0.0,1.0,0.0,0.0
11,9,0.0,0.0,0.0,0.0,0.0,0.0,0.0,0.0,0.0,1.0,0.0,0.0
11,9,0.0,0.0,0.0,0.0,0.0,0.0,0.0,0.0,0.0,1.0,0.0,0.0
11,9,0.0,0.0,0.0,0.0,0.0,0.0,0.0,0.0,0.0,1.0,0.0,0.0
11,9,0.0,0.0,0.0,0.0,0.0,0.0,0.0,0.0,0.0,1.0,0.0,0.0
11,9,0.0,0.0,0.0,0.0,0.0,0.0,0.0,0.0,0.0,1.0,0.0,0.0
11,9,0.0,0.0,0.0,0.0,0.0,0.0,0.0,0.0,0.0,1.0,0.0,0.0
11,9,0.0,0.0,0.0,0.0,0.0,0.0,0.0,0.0,0.0,1.0,0.0,0.0
11,9,0.0,0.0,0.0,0.0,0.0,0.0,0.0,0.0,0.0,1.0,0.0,0.0
11,9,0.0,0.0,0.0,0.0,0.0,0.0,0.0,0.0,0.0,1.0,0.0,0.0
11,9,0.0,0.0,0.0,0.0,0.0,0.0,0.0,0.0,0.0,1.0,0.0,0.0
11,9,0.0,0.0,0.0,0.0,0.0,0.0,0.0,0.0,0.0,1.0,0.0,0.0
11,9,0.0,0.0,0.0,0.0,0.0,0.0,0.0,0.0,0.0,1.0,0.0,0.0
11,9,0.0,0.0,0.0,0.0,0.0,0.0,0.0,0.0,0.0,1.0,0.0,0.0
11,9,0.0,0.0,0.0,0.0,0.0,0.0,0.0,0.0,0.0,1.0,0.0,0.0
11,9,0.0,0.0,0.0,0.0,0.0,0.0,0.0,0.0,0.0,1.0,0.0,0.0
11,9,0.0,0.0,0.0,0.0,0.0,0.0,0.0,0.0,0.0,1.0,0.0,0.0
11,9,0.0,0.0,0.0,0.0,0.0,0.0,0.0,0.0,0.0,1.0,0.0,0.0
11,9,0.0,0.0,0.0,0.0,0.0,0.0,0.0,0.0,0.0,1.0,0.0,0.0
11,9,0.0,0.0,0.0,0.0,0.0,0.0,0.0,0.0,0.0,1.0,0.0,0.0
11,9,0.0,0.0,0.0,0.0,0.0,0.0,0.0,0.0,0.0,1.0,0.0,0.0
11,9,0.0,0.0,0.0,0.0,0.0,0.0,0.0,0.0,0.0,1.0,0.0,0.0
11,9,0.0,0.0,0.0,0.0,0.0,0.0,0.0,0.0,0.0,1.0,0.0,0.0
11,9,0.0,0.0,0.0,0.0,0.0,0.0,0.0,0.0,0.0,1.0,0.0,0.0
11,9,0.0,0.0,0.0,0.0,0.0,0.0,0.0,0.0,0.0,1.0,0.0,0.0
11,9,0.0,0.0,0.0,0.0,0.0,0.0,0.0,0.0,0.0,1.0,0.0,0.0
11,9,0.0,0.0,0.0,0.0,0.0,0.0,0.0,0.0,0.0,1.0,0.0,0.0
11,9,0.0,0.0,0.0,0.0,0.0,0.0,0.0,0.0,0.0,1.0,0.0,0.0
11,9,0.0,0.0,0.0,0.0,0.0,0.0,0.0,0.0,0.0,1.0,0.0,0.0
11,9,0.0,0.0,0.0,0.0,0.0,0.0,0.0,0.0,0.0,1.0,0.0,0.0
11,9,0.0,0.0,0.0,0.0,0.0,0.0,0.0,0.0,0.0,1.0,0.0,0.0
11,9,0.0,0.0,0.0,0.0,0.0,0.0,0.0,0.0,0.0,1.0,0.0,0.0
11,9,0.0,0.0,0.0,0.0,0.0,0.0,0.0,0.0,0.0,1.0,0.0,0.0
11,9,0.0,0.0,0.0,0.0,0.0,0.0,0.0,0.0,0.0,1.0,0.0,0.0
11,9,0.0,0.0,0.0,0.0,0.0,0.0,0.0,0.0,0.0,1.0,0.0,0.0
11,9,0.0,0.0,0.0,0.0,0.0,0.0,0.0,0.0,0.0,1.0,0.0,0.0
11,9,0.0,0.0,0.0,0.0,0.0,0.0,0.0,0.0,0.0,1.0,0.0,0.0
11,9,0.0,0.0,0.0,0.0,0.0,0.0,0.0,0.0,0.0,1.0,0.0,0.0
11,9,0.0,0.0,0.0,0.0,0.0,0.0,0.0,0.0,0.0,1.0,0.0,0.0
11,9,0.0,0.0,0.0,0.0,0.0,0.0,0.0,0.0,0.0,1.0,0.0,0.0
11,9,0.0,0.0,0.0,0.0,0.0,0.0,0.0,0.0,0.0,1.0,0.0,0.0
11,9,0.0,0.0,0.0,0.0,0.0,0.0,0.0,0.0,0.0,1.0,0.0,0.0
11,9,0.0,0.0,0.0,0.0,0.0,0.0,0.0,0.0,0.0,1.0,0.0,0.0
11,9,0.0,0.0,0.0,0.0,0.0,0.0,0.0,0.0,0.0,1.0,0.0,0.0
11,9,0.0,0.0,0.0,0.0,0.0,0.0,0.0,0.0,0.0,1.0,0.0,0.0
11,9,0.0,0.0,0.0,0.0,0.0,0.0,0.0,0.0,0.0,1.0,0.0,0.0
11,9,0.0,0.0,0.0,0.0,0.0,0.0,0.0,0.0,0.0,1.0,0.0,0.0
11,9,0.0,0.0,0.0,0.0,0.0,0.0,0.0,0.0,0.0,1.0,0.0,0.0
11,9,0.0,0.0,0.0,0.0,0.0,0.0,0.0,0.0,0.0,1.0,0.0,0.0
11,9,0.0,0.0,0.0,0.0,0.0,0.0,0.0,0.0,0.0,1.0,0.0,0.0
11,9,0.0,0.0,0.0,0.0,0.0,0.0,0.0,0.0,0.0,1.0,0.0,0.0
11,9,0.0,0.0,0.0,0.0,0.0,0.0,0.0,0.0,0.0,1.0,0.0,0.0
11,9,0.0,0.0,0.0,0.0,0.0,0.0,0.0,0.0,0.0,1.0,0.0,0.0
11,9,0.0,0.0,0.0,0.0,0.0,0.0,0.0,0.0,0.0,1.0,0.0,0.0
11,9,0.0,0.0,0.0,0.0,0.0,0.0,0.0,0.0,0.0,1.0,0.0,0.0
11,9,0.0,0.0,0.0,0.0,0.0,0.0,0.0,0.0,0.0,1.0,0.0,0.0
11,9,0.0,0.0,0.0,0.0,0.0,0.0,0.0,0.0,0.0,1.0,0.0,0.0
11,9,0.0,0.0,0.0,0.0,0.0,0.0,0.0,0.0,0.0,1.0,0.0,0.0
11,9,0.0,0.0,0.0,0.0,0.0,0.0,0.0,0.0,0.0,1.0,0.0,0.0
11,9,0.0,0.0,0.0,0.0,0.0,0.0,0.0,0.0,0.0,1.0,0.0,0.0
11,9,0.0,0.0,0.0,0.0,0.0,0.0,0.0,0.0,0.0,1.0,0.0,0.0
11,9,0.0,0.0,0.0,0.0,0.0,0.0,0.0,0.0,0.0,1.0,0.0,0.0
11,9,0.0,0.0,0.0,0.0,0.0,0.0,0.0,0.0,0.0,1.0,0.0,0.0
11,9,0.0,0.0,0.0,0.0,0.0,0.0,0.0,0.0,0.0,1.0,0.0,0.0
11,9,0.0,0.0,0.0,0.0,0.0,0.0,0.0,0.0,0.0,1.0,0.0,0.0
11,9,0.0,0.0,0.0,0.0,0.0,0.0,0.0,0.0,0.0,1.0,0.0,0.0
11,9,0.0,0.0,0.0,0.0,0.0,0.0,0.0,0.0,0.0,1.0,0.0,0.0
11,9,0.0,0.0,0.0,0.0,0.0,0.0,0.0,0.0,0.0,1.0,0.0,0.0
11,9,0.0,0.0,0.0,0.0,0.0,0.0,0.0,0.0,0.0,1.0,0.0,0.0
11,9,0.0,0.0,0.0,0.0,0.0,0.0,0.0,0.0,0.0,1.0,0.0,0.0
11,9,0.0,0.0,0.0,0.0,0.0,0.0,0.0,0.0,0.0,1.0,0.0,0.0
11,9,0.0,0.0,0.0,0.0,0.0,0.0,0.0,0.0,0.0,1.0,0.0,0.0
11,9,0.0,0.0,0.0,0.0,0.0,0.0,0.0,0.0,0.0,1.0,0.0,0.0
11,9,0.0,0.0,0.0,0.0,0.0,0.0,0.0,0.0,0.0,1.0,0.0,0.0
11,9,0.0,0.0,0.0,0.0,0.0,0.0,0.0,0.0,0.0,1.0,0.0,0.0
11,9,0.0,0.0,0.0,0.0,0.0,0.0,0.0,0.0,0.0,1.0,0.0,0.0
11,9,0.0,0.0,0.0,0.0,0.0,0.0,0.0,0.0,0.0,1.0,0.0,0.0
11,9,0.0,0.0,0.0,0.0,0.0,0.0,0.0,0.0,0.0,1.0,0.0,0.0
11,9,0.0,0.0,0.0,0.0,0.0,0.0,0.0,0.0,0.0,1.0,0.0,0.0
11,9,0.0,0.0,0.0,0.0,0.0,0.0,0.0,0.0,0.0,1.0,0.0,0.0
11,9,0.0,0.0,0.0,0.0,0.0,0.0,0.0,0.0,0.0,1.0,0.0,0.0
11,9,0.0,0.0,0.0,0.0,0.0,0.0,0.0,0.0,0.0,1.0,0.0,0.0
11,9,0.0,0.0,0.0,0.0,0.0,0.0,0.0,0.0,0.0,1.0,0.0,0.0
11,9,0.0,0.0,0.0,0.0,0.0,0.0,0.0,0.0,0.0,1.0,0.0,0.0
11,9,0.0,0.0,0.0,0.0,0.0,0.0,0.0,0.0,0.0,1.0,0.0,0.0
11,9,0.0,0.0,0.0,0.0,0.0,0.0,0.0,0.0,0.0,1.0,0.0,0.0
11,9,0.0,0.0,0.0,0.0,0.0,0.0,0.0,0.0,0.0,1.0,0.0,0.0
11,9,0.0,0.0,0.0,0.0,0.0,0.0,0.0,0.0,0.0,1.0,0.0,0.0
11,9,0.0,0.0,0.0,0.0,0.0,0.0,0.0,0.0,0.0,1.0,0.0,0.0
11,9,0.0,0.0,0.0,0.0,0.0,0.0,0.0,0.0,0.0,1.0,0.0,0.0
11,9,0.0,0.0,0.0,0.0,0.0,0.0,0.0,0.0,0.0,1.0,0.0,0.0
11,9,0.0,0.0,0.0,0.0,0.0,0.0,0.0,0.0,0.0,1.0,0.0,0.0
11,9,0.0,0.0,0.0,0.0,0.0,0.0,0.0,0.0,0.0,1.0,0.0,0.0
11,9,0.0,0.0,0.0,0.0,0.0,0.0,0.0,0.0,0.0,1.0,0.0,0.0
11,9,0.0,0.0,0.0,0.0,0.0,0.0,0.0,0.0,0.0,1.0,0.0,0.0
11,9,0.0,0.0,0.0,0.0,0.0,0.0,0.0,0.0,0.0,1.0,0.0,0.0
11,9,0.0,0.0,0.0,0.0,0.0,0.0,0.0,0.0,0.0,1.0,0.0,0.0
11,9,0.0,0.0,0.0,0.0,0.0,0.0,0.0,0.0,0.0,1.0,0.0,0.0
11,9,0.0,0.0,0.0,0.0,0.0,0.0,0.0,0.0,0.0,1.0,0.0,0.0
11,9,0.0,0.0,0.0,0.0,0.0,0.0,0.0,0.0,0.0,1.0,0.0,0.0
11,9,0.0,0.0,0.0,0.0,0.0,0.0,0.0,0.0,0.0,1.0,0.0,0.0
11,9,0.0,0.0,0.0,0.0,0.0,0.0,0.0,0.0,0.0,1.0,0.0,0.0
11,9,0.0,0.0,0.0,0.0,0.0,0.0,0.0,0.0,0.0,1.0,0.0,0.0
11,9,0.0,0.0,0.0,0.0,0.0,0.0,0.0,0.0,0.0,1.0,0.0,0.0
11,9,0.0,0.0,0.0,0.0,0.0,0.0,0.0,0.0,0.0,1.0,0.0,0.0
11,9,0.0,0.0,0.0,0.0,0.0,0.0,0.0,0.0,0.0,1.0,0.0,0.0
11,9,0.0,0.0,0.0,0.0,0.0,0.0,0.0,0.0,0.0,1.0,0.0,0.0
11,9,0.0,0.0,0.0,0.0,0.0,0.0,0.0,0.0,0.0,1.0,0.0,0.0
11,9,0.0,0.0,0.0,0.0,0.0,0.0,0.0,0.0,0.0,1.0,0.0,0.0
11,9,0.0,0.0,0.0,0.0,0.0,0.0,0.0,0.0,0.0,1.0,0.0,0.0
11,9,0.0,0.0,0.0,0.0,0.0,0.0,0.0,0.0,0.0,1.0,0.0,0.0
11,9,0.0,0.0,0.0,0.0,0.0,0.0,0.0,0.0,0.0,1.0,0.0,0.0
11,9,0.0,0.0,0.0,0.0,0.0,0.0,0.0,0.0,0.0,1.0,0.0,0.0
11,9,0.0,0.0,0.0,0.0,0.0,0.0,0.0,0.0,0.0,1.0,0.0,0.0
11,9,0.0,0.0,0.0,0.0,0.0,0.0,0.0,0.0,0.0,1.0,0.0,0.0
11,9,0.0,0.0,0.0,0.0,0.0,0.0,0.0,0.0,0.0,1.0,0.0,0.0
11,9,0.0,0.0,0.0,0.0,0.0,0.0,0.0,0.0,0.0,1.0,0.0,0.0
11,9,0.0,0.0,0.0,0.0,0.0,0.0,0.0,0.0,0.0,1.0,0.0,0.0
11,9,0.0,0.0,0.0,0.0,0.0,0.0,0.0,0.0,0.0,1.0,0.0,0.0
11,9,0.0,0.0,0.0,0.0,0.0,0.0,0.0,0.0,0.0,1.0,0.0,0.0
11,9,0.0,0.0,0.0,0.0,0.0,0.0,0.0,0.0,0.0,1.0,0.0,0.0
11,9,0.0,0.0,0.0,0.0,0.0,0.0,0.0,0.0,0.0,1.0,0.0,0.0
11,9,0.0,0.0,0.0,0.0,0.0,0.0,0.0,0.0,0.0,1.0,0.0,0.0
11,9,0.0,0.0,0.0,0.0,0.0,0.0,0.0,0.0,0.0,1.0,0.0,0.0
11,9,0.0,0.0,0.0,0.0,0.0,0.0,0.0,0.0,0.0,1.0,0.0,0.0
11,9,0.0,0.0,0.0,0.0,0.0,0.0,0.0,0.0,0.0,1.0,0.0,0.0
11,9,0.0,0.0,0.0,0.0,0.0,0.0,0.0,0.0,0.0,1.0,0.0,0.0
11,9,0.0,0.0,0.0,0.0,0.0,0.0,0.0,0.0,0.0,1.0,0.0,0.0
11,9,0.0,0.0,0.0,0.0,0.0,0.0,0.0,0.0,0.0,1.0,0.0,0.0
11,9,0.0,0.0,0.0,0.0,0.0,0.0,0.0,0.0,0.0,1.0,0.0,0.0
11,9,0.0,0.0,0.0,0.0,0.0,0.0,0.0,0.0,0.0,1.0,0.0,0.0
11,9,0.0,0.0,0.0,0.0,0.0,0.0,0.0,0.0,0.0,1.0,0.0,0.0
11,9,0.0,0.0,0.0,0.0,0.0,0.0,0.0,0.0,0.0,1.0,0.0,0.0
11,9,0.0,0.0,0.0,0.0,0.0,0.0,0.0,0.0,0.0,1.0,0.0,0.0
11,9,0.0,0.0,0.0,0.0,0.0,0.0,0.0,0.0,0.0,1.0,0.0,0.0
11,9,0.0,0.0,0.0,0.0,0.0,0.0,0.0,0.0,0.0,1.0,0.0,0.0
11,9,0.0,0.0,0.0,0.0,0.0,0.0,0.0,0.0,0.0,1.0,0.0,0.0
11,9,0.0,0.0,0.0,0.0,0.0,0.0,0.0,0.0,0.0,1.0,0.0,0.0
11,9,0.0,0.0,0.0,0.0,0.0,0.0,0.0,0.0,0.0,1.0,0.0,0.0
11,9,0.0,0.0,0.0,0.0,0.0,0.0,0.0,0.0,0.0,1.0,0.0,0.0
11,9,0.0,0.0,0.0,0.0,0.0,0.0,0.0,0.0,0.0,1.0,0.0,0.0
11,9,0.0,0.0,0.0,0.0,0.0,0.0,0.0,0.0,0.0,1.0,0.0,0.0
11,9,0.0,0.0,0.0,0.0,0.0,0.0,0.0,0.0,0.0,1.0,0.0,0.0
11,9,0.0,0.0,0.0,0.0,0.0,0.0,0.0,0.0,0.0,1.0,0.0,0.0
11,9,0.0,0.0,0.0,0.0,0.0,0.0,0.0,0.0,0.0,1.0,0.0,0.0
11,9,0.0,0.0,0.0,0.0,0.0,0.0,0.0,0.0,0.0,1.0,0.0,0.0
11,9,0.0,0.0,0.0,0.0,0.0,0.0,0.0,0.0,0.0,1.0,0.0,0.0
11,9,0.0,0.0,0.0,0.0,0.0,0.0,0.0,0.0,0.0,1.0,0.0,0.0
11,9,0.0,0.0,0.0,0.0,0.0,0.0,0.0,0.0,0.0,1.0,0.0,0.0
11,9,0.0,0.0,0.0,0.0,0.0,0.0,0.0,0.0,0.0,1.0,0.0,0.0
11,9,0.0,0.0,0.0,0.0,0.0,0.0,0.0,0.0,0.0,1.0,0.0,0.0
11,9,0.0,0.0,0.0,0.0,0.0,0.0,0.0,0.0,0.0,1.0,0.0,0.0
11,9,0.0,0.0,0.0,0.0,0.0,0.0,0.0,0.0,0.0,1.0,0.0,0.0
11,9,0.0,0.0,0.0,0.0,0.0,0.0,0.0,0.0,0.0,1.0,0.0,0.0
11,9,0.0,0.0,0.0,0.0,0.0,0.0,0.0,0.0,0.0,1.0,0.0,0.0
11,9,0.0,0.0,0.0,0.0,0.0,0.0,0.0,0.0,0.0,1.0,0.0,0.0
11,9,0.0,0.0,0.0,0.0,0.0,0.0,0.0,0.0,0.0,1.0,0.0,0.0
11,9,0.0,0.0,0.0,0.0,0.0,0.0,0.0,0.0,0.0,1.0,0.0,0.0
11,9,0.0,0.0,0.0,0.0,0.0,0.0,0.0,0.0,0.0,1.0,0.0,0.0
11,9,0.0,0.0,0.0,0.0,0.0,0.0,0.0,0.0,0.0,1.0,0.0,0.0
11,9,0.0,0.0,0.0,0.0,0.0,0.0,0.0,0.0,0.0,1.0,0.0,0.0
11,9,0.0,0.0,0.0,0.0,0.0,0.0,0.0,0.0,0.0,1.0,0.0,0.0
11,9,0.0,0.0,0.0,0.0,0.0,0.0,0.0,0.0,0.0,1.0,0.0,0.0
11,9,0.0,0.0,0.0,0.0,0.0,0.0,0.0,0.0,0.0,1.0,0.0,0.0
11,9,0.0,0.0,0.0,0.0,0.0,0.0,0.0,0.0,0.0,1.0,0.0,0.0
11,9,0.0,0.0,0.0,0.0,0.0,0.0,0.0,0.0,0.0,1.0,0.0,0.0
11,9,0.0,0.0,0.0,0.0,0.0,0.0,0.0,0.0,0.0,1.0,0.0,0.0
11,9,0.0,0.0,0.0,0.0,0.0,0.0,0.0,0.0,0.0,1.0,0.0,0.0
11,9,0.0,0.0,0.0,0.0,0.0,0.0,0.0,0.0,0.0,1.0,0.0,0.0
11,9,0.0,0.0,0.0,0.0,0.0,0.0,0.0,0.0,0.0,1.0,0.0,0.0
11,9,0.0,0.0,0.0,0.0,0.0,0.0,0.0,0.0,0.0,1.0,0.0,0.0
11,9,0.0,0.0,0.0,0.0,0.0,0.0,0.0,0.0,0.0,1.0,0.0,0.0
11,9,0.0,0.0,0.0,0.0,0.0,0.0,0.0,0.0,0.0,1.0,0.0,0.0
11,9,0.0,0.0,0.0,0.0,0.0,0.0,0.0,0.0,0.0,1.0,0.0,0.0
11,9,0.0,0.0,0.0,0.0,0.0,0.0,0.0,0.0,0.0,1.0,0.0,0.0
11,9,0.0,0.0,0.0,0.0,0.0,0.0,0.0,0.0,0.0,1.0,0.0,0.0
11,9,0.0,0.0,0.0,0.0,0.0,0.0,0.0,0.0,0.0,1.0,0.0,0.0
11,9,0.0,0.0,0.0,0.0,0.0,0.0,0.0,0.0,0.0,1.0,0.0,0.0
11,9,0.0,0.0,0.0,0.0,0.0,0.0,0.0,0.0,0.0,1.0,0.0,0.0
11,9,0.0,0.0,0.0,0.0,0.0,0.0,0.0,0.0,0.0,1.0,0.0,0.0
11,9,0.0,0.0,0.0,0.0,0.0,0.0,0.0,0.0,0.0,1.0,0.0,0.0
11,9,0.0,0.0,0.0,0.0,0.0,0.0,0.0,0.0,0.0,1.0,0.0,0.0
11,9,0.0,0.0,0.0,0.0,0.0,0.0,0.0,0.0,0.0,1.0,0.0,0.0
11,9,0.0,0.0,0.0,0.0,0.0,0.0,0.0,0.0,0.0,1.0,0.0,0.0
11,9,0.0,0.0,0.0,0.0,0.0,0.0,0.0,0.0,0.0,1.0,0.0,0.0
11,9,0.0,0.0,0.0,0.0,0.0,0.0,0.0,0.0,0.0,1.0,0.0,0.0
11,9,0.0,0.0,0.0,0.0,0.0,0.0,0.0,0.0,0.0,1.0,0.0,0.0
11,9,0.0,0.0,0.0,0.0,0.0,0.0,0.0,0.0,0.0,1.0,0.0,0.0
11,9,0.0,0.0,0.0,0.0,0.0,0.0,0.0,0.0,0.0,1.0,0.0,0.0
11,9,0.0,0.0,0.0,0.0,0.0,0.0,0.0,0.0,0.0,1.0,0.0,0.0
11,9,0.0,0.0,0.0,0.0,0.0,0.0,0.0,0.0,0.0,1.0,0.0,0.0
11,9,0.0,0.0,0.0,0.0,0.0,0.0,0.0,0.0,0.0,1.0,0.0,0.0
11,9,0.0,0.0,0.0,0.0,0.0,0.0,0.0,0.0,0.0,1.0,0.0,0.0
11,9,0.0,0.0,0.0,0.0,0.0,0.0,0.0,0.0,0.0,1.0,0.0,0.0
11,9,0.0,0.0,0.0,0.0,0.0,0.0,0.0,0.0,0.0,1.0,0.0,0.0
11,9,0.0,0.0,0.0,0.0,0.0,0.0,0.0,0.0,0.0,1.0,0.0,0.0
11,9,0.0,0.0,0.0,0.0,0.0,0.0,0.0,0.0,0.0,1.0,0.0,0.0
11,9,0.0,0.0,0.0,0.0,0.0,0.0,0.0,0.0,0.0,1.0,0.0,0.0
11,9,0.0,0.0,0.0,0.0,0.0,0.0,0.0,0.0,0.0,1.0,0.0,0.0
11,9,0.0,0.0,0.0,0.0,0.0,0.0,0.0,0.0,0.0,1.0,0.0,0.0
11,9,0.0,0.0,0.0,0.0,0.0,0.0,0.0,0.0,0.0,1.0,0.0,0.0
11,9,0.0,0.0,0.0,0.0,0.0,0.0,0.0,0.0,0.0,1.0,0.0,0.0
11,9,0.0,0.0,0.0,0.0,0.0,0.0,0.0,0.0,0.0,1.0,0.0,0.0
11,9,0.0,0.0,0.0,0.0,0.0,0.0,0.0,0.0,0.0,1.0,0.0,0.0
11,9,0.0,0.0,0.0,0.0,0.0,0.0,0.0,0.0,0.0,1.0,0.0,0.0
11,9,0.0,0.0,0.0,0.0,0.0,0.0,0.0,0.0,0.0,1.0,0.0,0.0
11,9,0.0,0.0,0.0,0.0,0.0,0.0,0.0,0.0,0.0,1.0,0.0,0.0
11,9,0.0,0.0,0.0,0.0,0.0,0.0,0.0,0.0,0.0,1.0,0.0,0.0
11,9,0.0,0.0,0.0,0.0,0.0,0.0,0.0,0.0,0.0,1.0,0.0,0.0
11,9,0.0,0.0,0.0,0.0,0.0,0.0,0.0,0.0,0.0,1.0,0.0,0.0
11,9,0.0,0.0,0.0,0.0,0.0,0.0,0.0,0.0,0.0,1.0,0.0,0.0
11,9,0.0,0.0,0.0,0.0,0.0,0.0,0.0,0.0,0.0,1.0,0.0,0.0
11,9,0.0,0.0,0.0,0.0,0.0,0.0,0.0,0.0,0.0,1.0,0.0,0.0
11,9,0.0,0.0,0.0,0.0,0.0,0.0,0.0,0.0,0.0,1.0,0.0,0.0
11,9,0.0,0.0,0.0,0.0,0.0,0.0,0.0,0.0,0.0,1.0,0.0,0.0
11,9,0.0,0.0,0.0,0.0,0.0,0.0,0.0,0.0,0.0,1.0,0.0,0.0
11,9,0.0,0.0,0.0,0.0,0.0,0.0,0.0,0.0,0.0,1.0,0.0,0.0
11,9,0.0,0.0,0.0,0.0,0.0,0.0,0.0,0.0,0.0,1.0,0.0,0.0
11,9,0.0,0.0,0.0,0.0,0.0,0.0,0.0,0.0,0.0,1.0,0.0,0.0
11,9,0.0,0.0,0.0,0.0,0.0,0.0,0.0,0.0,0.0,1.0,0.0,0.0
11,9,0.0,0.0,0.0,0.0,0.0,0.0,0.0,0.0,0.0,1.0,0.0,0.0
11,9,0.0,0.0,0.0,0.0,0.0,0.0,0.0,0.0,0.0,1.0,0.0,0.0
11,9,0.0,0.0,0.0,0.0,0.0,0.0,0.0,0.0,0.0,1.0,0.0,0.0
11,9,0.0,0.0,0.0,0.0,0.0,0.0,0.0,0.0,0.0,1.0,0.0,0.0
11,9,0.0,0.0,0.0,0.0,0.0,0.0,0.0,0.0,0.0,1.0,0.0,0.0
11,9,0.0,0.0,0.0,0.0,0.0,0.0,0.0,0.0,0.0,1.0,0.0,0.0
11,9,0.0,0.0,0.0,0.0,0.0,0.0,0.0,0.0,0.0,1.0,0.0,0.0
11,9,0.0,0.0,0.0,0.0,0.0,0.0,0.0,0.0,0.0,1.0,0.0,0.0
11,9,0.0,0.0,0.0,0.0,0.0,0.0,0.0,0.0,0.0,1.0,0.0,0.0
11,9,0.0,0.0,0.0,0.0,0.0,0.0,0.0,0.0,0.0,1.0,0.0,0.0
11,9,0.0,0.0,0.0,0.0,0.0,0.0,0.0,0.0,0.0,1.0,0.0,0.0
11,9,0.0,0.0,0.0,0.0,0.0,0.0,0.0,0.0,0.0,1.0,0.0,0.0
11,9,0.0,0.0,0.0,0.0,0.0,0.0,0.0,0.0,0.0,1.0,0.0,0.0
11,9,0.0,0.0,0.0,0.0,0.0,0.0,0.0,0.0,0.0,1.0,0.0,0.0
11,9,0.0,0.0,0.0,0.0,0.0,0.0,0.0,0.0,0.0,1.0,0.0,0.0
11,9,0.0,0.0,0.0,0.0,0.0,0.0,0.0,0.0,0.0,1.0,0.0,0.0
11,9,0.0,0.0,0.0,0.0,0.0,0.0,0.0,0.0,0.0,1.0,0.0,0.0
11,9,0.0,0.0,0.0,0.0,0.0,0.0,0.0,0.0,0.0,1.0,0.0,0.0
11,9,0.0,0.0,0.0,0.0,0.0,0.0,0.0,0.0,0.0,1.0,0.0,0.0
11,9,0.0,0.0,0.0,0.0,0.0,0.0,0.0,0.0,0.0,1.0,0.0,0.0
11,9,0.0,0.0,0.0,0.0,0.0,0.0,0.0,0.0,0.0,1.0,0.0,0.0
11,9,0.0,0.0,0.0,0.0,0.0,0.0,0.0,0.0,0.0,1.0,0.0,0.0
11,9,0.0,0.0,0.0,0.0,0.0,0.0,0.0,0.0,0.0,1.0,0.0,0.0
11,9,0.0,0.0,0.0,0.0,0.0,0.0,0.0,0.0,0.0,1.0,0.0,0.0
11,9,0.0,0.0,0.0,0.0,0.0,0.0,0.0,0.0,0.0,1.0,0.0,0.0
11,9,0.0,0.0,0.0,0.0,0.0,0.0,0.0,0.0,0.0,1.0,0.0,0.0
11,9,0.0,0.0,0.0,0.0,0.0,0.0,0.0,0.0,0.0,1.0,0.0,0.0
11,9,0.0,0.0,0.0,0.0,0.0,0.0,0.0,0.0,0.0,1.0,0.0,0.0
11,9,0.0,0.0,0.0,0.0,0.0,0.0,0.0,0.0,0.0,1.0,0.0,0.0
11,9,0.0,0.0,0.0,0.0,0.0,0.0,0.0,0.0,0.0,1.0,0.0,0.0
11,9,0.0,0.0,0.0,0.0,0.0,0.0,0.0,0.0,0.0,1.0,0.0,0.0
11,9,0.0,0.0,0.0,0.0,0.0,0.0,0.0,0.0,0.0,1.0,0.0,0.0
11,9,0.0,0.0,0.0,0.0,0.0,0.0,0.0,0.0,0.0,1.0,0.0,0.0
11,9,0.0,0.0,0.0,0.0,0.0,0.0,0.0,0.0,0.0,1.0,0.0,0.0
11,9,0.0,0.0,0.0,0.0,0.0,0.0,0.0,0.0,0.0,1.0,0.0,0.0
11,9,0.0,0.0,0.0,0.0,0.0,0.0,0.0,0.0,0.0,1.0,0.0,0.0
11,9,0.0,0.0,0.0,0.0,0.0,0.0,0.0,0.0,0.0,1.0,0.0,0.0
11,9,0.0,0.0,0.0,0.0,0.0,0.0,0.0,0.0,0.0,1.0,0.0,0.0
11,9,0.0,0.0,0.0,0.0,0.0,0.0,0.0,0.0,0.0,1.0,0.0,0.0
11,9,0.0,0.0,0.0,0.0,0.0,0.0,0.0,0.0,0.0,1.0,0.0,0.0
11,9,0.0,0.0,0.0,0.0,0.0,0.0,0.0,0.0,0.0,1.0,0.0,0.0
11,9,0.0,0.0,0.0,0.0,0.0,0.0,0.0,0.0,0.0,1.0,0.0,0.0
11,9,0.0,0.0,0.0,0.0,0.0,0.0,0.0,0.0,0.0,1.0,0.0,0.0
11,9,0.0,0.0,0.0,0.0,0.0,0.0,0.0,0.0,0.0,1.0,0.0,0.0
11,9,0.0,0.0,0.0,0.0,0.0,0.0,0.0,0.0,0.0,1.0,0.0,0.0
11,9,0.0,0.0,0.0,0.0,0.0,0.0,0.0,0.0,0.0,1.0,0.0,0.0
11,9,0.0,0.0,0.0,0.0,0.0,0.0,0.0,0.0,0.0,1.0,0.0,0.0
11,9,0.0,0.0,0.0,0.0,0.0,0.0,0.0,0.0,0.0,1.0,0.0,0.0
11,9,0.0,0.0,0.0,0.0,0.0,0.0,0.0,0.0,0.0,1.0,0.0,0.0
11,9,0.0,0.0,0.0,0.0,0.0,0.0,0.0,0.0,0.0,1.0,0.0,0.0
11,9,0.0,0.0,0.0,0.0,0.0,0.0,0.0,0.0,0.0,1.0,0.0,0.0
11,9,0.0,0.0,0.0,0.0,0.0,0.0,0.0,0.0,0.0,1.0,0.0,0.0
11,9,0.0,0.0,0.0,0.0,0.0,0.0,0.0,0.0,0.0,1.0,0.0,0.0
11,9,0.0,0.0,0.0,0.0,0.0,0.0,0.0,0.0,0.0,1.0,0.0,0.0
11,9,0.0,0.0,0.0,0.0,0.0,0.0,0.0,0.0,0.0,1.0,0.0,0.0
11,9,0.0,0.0,0.0,0.0,0.0,0.0,0.0,0.0,0.0,1.0,0.0,0.0
11,9,0.0,0.0,0.0,0.0,0.0,0.0,0.0,0.0,0.0,1.0,0.0,0.0
11,9,0.0,0.0,0.0,0.0,0.0,0.0,0.0,0.0,0.0,1.0,0.0,0.0
11,9,0.0,0.0,0.0,0.0,0.0,0.0,0.0,0.0,0.0,1.0,0.0,0.0
11,9,0.0,0.0,0.0,0.0,0.0,0.0,0.0,0.0,0.0,1.0,0.0,0.0
11,9,0.0,0.0,0.0,0.0,0.0,0.0,0.0,0.0,0.0,1.0,0.0,0.0
11,9,0.0,0.0,0.0,0.0,0.0,0.0,0.0,0.0,0.0,1.0,0.0,0.0
11,9,0.0,0.0,0.0,0.0,0.0,0.0,0.0,0.0,0.0,1.0,0.0,0.0
11,9,0.0,0.0,0.0,0.0,0.0,0.0,0.0,0.0,0.0,1.0,0.0,0.0
11,9,0.0,0.0,0.0,0.0,0.0,0.0,0.0,0.0,0.0,1.0,0.0,0.0
11,9,0.0,0.0,0.0,0.0,0.0,0.0,0.0,0.0,0.0,1.0,0.0,0.0
11,9,0.0,0.0,0.0,0.0,0.0,0.0,0.0,0.0,0.0,1.0,0.0,0.0
11,9,0.0,0.0,0.0,0.0,0.0,0.0,0.0,0.0,0.0,1.0,0.0,0.0
11,9,0.0,0.0,0.0,0.0,0.0,0.0,0.0,0.0,0.0,1.0,0.0,0.0
11,9,0.0,0.0,0.0,0.0,0.0,0.0,0.0,0.0,0.0,1.0,0.0,0.0
11,9,0.0,0.0,0.0,0.0,0.0,0.0,0.0,0.0,0.0,1.0,0.0,0.0
11,9,0.0,0.0,0.0,0.0,0.0,0.0,0.0,0.0,0.0,1.0,0.0,0.0
11,9,0.0,0.0,0.0,0.0,0.0,0.0,0.0,0.0,0.0,1.0,0.0,0.0
11,9,0.0,0.0,0.0,0.0,0.0,0.0,0.0,0.0,0.0,1.0,0.0,0.0
11,9,0.0,0.0,0.0,0.0,0.0,0.0,0.0,0.0,0.0,1.0,0.0,0.0
11,9,0.0,0.0,0.0,0.0,0.0,0.0,0.0,0.0,0.0,1.0,0.0,0.0
11,9,0.0,0.0,0.0,0.0,0.0,0.0,0.0,0.0,0.0,1.0,0.0,0.0
11,9,0.0,0.0,0.0,0.0,0.0,0.0,0.0,0.0,0.0,1.0,0.0,0.0
11,9,0.0,0.0,0.0,0.0,0.0,0.0,0.0,0.0,0.0,1.0,0.0,0.0
11,9,0.0,0.0,0.0,0.0,0.0,0.0,0.0,0.0,0.0,1.0,0.0,0.0
11,9,0.0,0.0,0.0,0.0,0.0,0.0,0.0,0.0,0.0,1.0,0.0,0.0
11,9,0.0,0.0,0.0,0.0,0.0,0.0,0.0,0.0,0.0,1.0,0.0,0.0
11,9,0.0,0.0,0.0,0.0,0.0,0.0,0.0,0.0,0.0,1.0,0.0,0.0
11,9,0.0,0.0,0.0,0.0,0.0,0.0,0.0,0.0,0.0,1.0,0.0,0.0
11,9,0.0,0.0,0.0,0.0,0.0,0.0,0.0,0.0,0.0,1.0,0.0,0.0
11,9,0.0,0.0,0.0,0.0,0.0,0.0,0.0,0.0,0.0,1.0,0.0,0.0
11,9,0.0,0.0,0.0,0.0,0.0,0.0,0.0,0.0,0.0,1.0,0.0,0.0
11,9,0.0,0.0,0.0,0.0,0.0,0.0,0.0,0.0,0.0,1.0,0.0,0.0
11,9,0.0,0.0,0.0,0.0,0.0,0.0,0.0,0.0,0.0,1.0,0.0,0.0
11,9,0.0,0.0,0.0,0.0,0.0,0.0,0.0,0.0,0.0,1.0,0.0,0.0
11,9,0.0,0.0,0.0,0.0,0.0,0.0,0.0,0.0,0.0,1.0,0.0,0.0
11,9,0.0,0.0,0.0,0.0,0.0,0.0,0.0,0.0,0.0,1.0,0.0,0.0
11,9,0.0,0.0,0.0,0.0,0.0,0.0,0.0,0.0,0.0,1.0,0.0,0.0
11,9,0.0,0.0,0.0,0.0,0.0,0.0,0.0,0.0,0.0,1.0,0.0,0.0
11,9,0.0,0.0,0.0,0.0,0.0,0.0,0.0,0.0,0.0,1.0,0.0,0.0
11,9,0.0,0.0,0.0,0.0,0.0,0.0,0.0,0.0,0.0,1.0,0.0,0.0
11,9,0.0,0.0,0.0,0.0,0.0,0.0,0.0,0.0,0.0,1.0,0.0,0.0
11,9,0.0,0.0,0.0,0.0,0.0,0.0,0.0,0.0,0.0,1.0,0.0,0.0
11,9,0.0,0.0,0.0,0.0,0.0,0.0,0.0,0.0,0.0,1.0,0.0,0.0
11,9,0.0,0.0,0.0,0.0,0.0,0.0,0.0,0.0,0.0,1.0,0.0,0.0
11,9,0.0,0.0,0.0,0.0,0.0,0.0,0.0,0.0,0.0,1.0,0.0,0.0
11,9,0.0,0.0,0.0,0.0,0.0,0.0,0.0,0.0,0.0,1.0,0.0,0.0
11,9,0.0,0.0,0.0,0.0,0.0,0.0,0.0,0.0,0.0,1.0,0.0,0.0
11,9,0.0,0.0,0.0,0.0,0.0,0.0,0.0,0.0,0.0,1.0,0.0,0.0
11,9,0.0,0.0,0.0,0.0,0.0,0.0,0.0,0.0,0.0,1.0,0.0,0.0
11,9,0.0,0.0,0.0,0.0,0.0,0.0,0.0,0.0,0.0,1.0,0.0,0.0
11,9,0.0,0.0,0.0,0.0,0.0,0.0,0.0,0.0,0.0,1.0,0.0,0.0
11,9,0.0,0.0,0.0,0.0,0.0,0.0,0.0,0.0,0.0,1.0,0.0,0.0
11,9,0.0,0.0,0.0,0.0,0.0,0.0,0.0,0.0,0.0,1.0,0.0,0.0
11,9,0.0,0.0,0.0,0.0,0.0,0.0,0.0,0.0,0.0,1.0,0.0,0.0
11,9,0.0,0.0,0.0,0.0,0.0,0.0,0.0,0.0,0.0,1.0,0.0,0.0
11,9,0.0,0.0,0.0,0.0,0.0,0.0,0.0,0.0,0.0,1.0,0.0,0.0
11,9,0.0,0.0,0.0,0.0,0.0,0.0,0.0,0.0,0.0,1.0,0.0,0.0
11,9,0.0,0.0,0.0,0.0,0.0,0.0,0.0,0.0,0.0,1.0,0.0,0.0
11,9,0.0,0.0,0.0,0.0,0.0,0.0,0.0,0.0,0.0,1.0,0.0,0.0
11,9,0.0,0.0,0.0,0.0,0.0,0.0,0.0,0.0,0.0,1.0,0.0,0.0
11,9,0.0,0.0,0.0,0.0,0.0,0.0,0.0,0.0,0.0,1.0,0.0,0.0
11,9,0.0,0.0,0.0,0.0,0.0,0.0,0.0,0.0,0.0,1.0,0.0,0.0
11,9,0.0,0.0,0.0,0.0,0.0,0.0,0.0,0.0,0.0,1.0,0.0,0.0
11,9,0.0,0.0,0.0,0.0,0.0,0.0,0.0,0.0,0.0,1.0,0.0,0.0
11,9,0.0,0.0,0.0,0.0,0.0,0.0,0.0,0.0,0.0,1.0,0.0,0.0
11,9,0.0,0.0,0.0,0.0,0.0,0.0,0.0,0.0,0.0,1.0,0.0,0.0
11,9,0.0,0.0,0.0,0.0,0.0,0.0,0.0,0.0,0.0,1.0,0.0,0.0
11,9,0.0,0.0,0.0,0.0,0.0,0.0,0.0,0.0,0.0,1.0,0.0,0.0
11,9,0.0,0.0,0.0,0.0,0.0,0.0,0.0,0.0,0.0,1.0,0.0,0.0
11,9,0.0,0.0,0.0,0.0,0.0,0.0,0.0,0.0,0.0,1.0,0.0,0.0
11,9,0.0,0.0,0.0,0.0,0.0,0.0,0.0,0.0,0.0,1.0,0.0,0.0
11,9,0.0,0.0,0.0,0.0,0.0,0.0,0.0,0.0,0.0,1.0,0.0,0.0
11,9,0.0,0.0,0.0,0.0,0.0,0.0,0.0,0.0,0.0,1.0,0.0,0.0
11,9,0.0,0.0,0.0,0.0,0.0,0.0,0.0,0.0,0.0,1.0,0.0,0.0
11,9,0.0,0.0,0.0,0.0,0.0,0.0,0.0,0.0,0.0,1.0,0.0,0.0
11,9,0.0,0.0,0.0,0.0,0.0,0.0,0.0,0.0,0.0,1.0,0.0,0.0
11,9,0.0,0.0,0.0,0.0,0.0,0.0,0.0,0.0,0.0,1.0,0.0,0.0
11,9,0.0,0.0,0.0,0.0,0.0,0.0,0.0,0.0,0.0,1.0,0.0,0.0
11,9,0.0,0.0,0.0,0.0,0.0,0.0,0.0,0.0,0.0,1.0,0.0,0.0
11,9,0.0,0.0,0.0,0.0,0.0,0.0,0.0,0.0,0.0,1.0,0.0,0.0
11,9,0.0,0.0,0.0,0.0,0.0,0.0,0.0,0.0,0.0,1.0,0.0,0.0
11,9,0.0,0.0,0.0,0.0,0.0,0.0,0.0,0.0,0.0,1.0,0.0,0.0
11,9,0.0,0.0,0.0,0.0,0.0,0.0,0.0,0.0,0.0,1.0,0.0,0.0
11,9,0.0,0.0,0.0,0.0,0.0,0.0,0.0,0.0,0.0,1.0,0.0,0.0
11,9,0.0,0.0,0.0,0.0,0.0,0.0,0.0,0.0,0.0,1.0,0.0,0.0
11,9,0.0,0.0,0.0,0.0,0.0,0.0,0.0,0.0,0.0,1.0,0.0,0.0
11,9,0.0,0.0,0.0,0.0,0.0,0.0,0.0,0.0,0.0,1.0,0.0,0.0
11,9,0.0,0.0,0.0,0.0,0.0,0.0,0.0,0.0,0.0,1.0,0.0,0.0
11,9,0.0,0.0,0.0,0.0,0.0,0.0,0.0,0.0,0.0,1.0,0.0,0.0
11,9,0.0,0.0,0.0,0.0,0.0,0.0,0.0,0.0,0.0,1.0,0.0,0.0
11,9,0.0,0.0,0.0,0.0,0.0,0.0,0.0,0.0,0.0,1.0,0.0,0.0
11,9,0.0,0.0,0.0,0.0,0.0,0.0,0.0,0.0,0.0,1.0,0.0,0.0
11,9,0.0,0.0,0.0,0.0,0.0,0.0,0.0,0.0,0.0,1.0,0.0,0.0
11,9,0.0,0.0,0.0,0.0,0.0,0.0,0.0,0.0,0.0,1.0,0.0,0.0
11,9,0.0,0.0,0.0,0.0,0.0,0.0,0.0,0.0,0.0,1.0,0.0,0.0
11,9,0.0,0.0,0.0,0.0,0.0,0.0,0.0,0.0,0.0,1.0,0.0,0.0
11,9,0.0,0.0,0.0,0.0,0.0,0.0,0.0,0.0,0.0,1.0,0.0,0.0
11,9,0.0,0.0,0.0,0.0,0.0,0.0,0.0,0.0,0.0,1.0,0.0,0.0
11,9,0.0,0.0,0.0,0.0,0.0,0.0,0.0,0.0,0.0,1.0,0.0,0.0
11,9,0.0,0.0,0.0,0.0,0.0,0.0,0.0,0.0,0.0,1.0,0.0,0.0
11,9,0.0,0.0,0.0,0.0,0.0,0.0,0.0,0.0,0.0,1.0,0.0,0.0
11,9,0.0,0.0,0.0,0.0,0.0,0.0,0.0,0.0,0.0,1.0,0.0,0.0
11,9,0.0,0.0,0.0,0.0,0.0,0.0,0.0,0.0,0.0,1.0,0.0,0.0
11,9,0.0,0.0,0.0,0.0,0.0,0.0,0.0,0.0,0.0,1.0,0.0,0.0
11,9,0.0,0.0,0.0,0.0,0.0,0.0,0.0,0.0,0.0,1.0,0.0,0.0
11,9,0.0,0.0,0.0,0.0,0.0,0.0,0.0,0.0,0.0,1.0,0.0,0.0
11,9,0.0,0.0,0.0,0.0,0.0,0.0,0.0,0.0,0.0,1.0,0.0,0.0
11,9,0.0,0.0,0.0,0.0,0.0,0.0,0.0,0.0,0.0,1.0,0.0,0.0
11,9,0.0,0.0,0.0,0.0,0.0,0.0,0.0,0.0,0.0,1.0,0.0,0.0
11,9,0.0,0.0,0.0,0.0,0.0,0.0,0.0,0.0,0.0,1.0,0.0,0.0
11,9,0.0,0.0,0.0,0.0,0.0,0.0,0.0,0.0,0.0,1.0,0.0,0.0
11,9,0.0,0.0,0.0,0.0,0.0,0.0,0.0,0.0,0.0,1.0,0.0,0.0
11,9,0.0,0.0,0.0,0.0,0.0,0.0,0.0,0.0,0.0,1.0,0.0,0.0
11,9,0.0,0.0,0.0,0.0,0.0,0.0,0.0,0.0,0.0,1.0,0.0,0.0
11,9,0.0,0.0,0.0,0.0,0.0,0.0,0.0,0.0,0.0,1.0,0.0,0.0
11,9,0.0,0.0,0.0,0.0,0.0,0.0,0.0,0.0,0.0,1.0,0.0,0.0
11,9,0.0,0.0,0.0,0.0,0.0,0.0,0.0,0.0,0.0,1.0,0.0,0.0
11,9,0.0,0.0,0.0,0.0,0.0,0.0,0.0,0.0,0.0,1.0,0.0,0.0
11,9,0.0,0.0,0.0,0.0,0.0,0.0,0.0,0.0,0.0,1.0,0.0,0.0
11,9,0.0,0.0,0.0,0.0,0.0,0.0,0.0,0.0,0.0,1.0,0.0,0.0
11,9,0.0,0.0,0.0,0.0,0.0,0.0,0.0,0.0,0.0,1.0,0.0,0.0
11,9,0.0,0.0,0.0,0.0,0.0,0.0,0.0,0.0,0.0,1.0,0.0,0.0
11,9,0.0,0.0,0.0,0.0,0.0,0.0,0.0,0.0,0.0,1.0,0.0,0.0
11,9,0.0,0.0,0.0,0.0,0.0,0.0,0.0,0.0,0.0,1.0,0.0,0.0
11,9,0.0,0.0,0.0,0.0,0.0,0.0,0.0,0.0,0.0,1.0,0.0,0.0
11,9,0.0,0.0,0.0,0.0,0.0,0.0,0.0,0.0,0.0,1.0,0.0,0.0
11,9,0.0,0.0,0.0,0.0,0.0,0.0,0.0,0.0,0.0,1.0,0.0,0.0
11,9,0.0,0.0,0.0,0.0,0.0,0.0,0.0,0.0,0.0,1.0,0.0,0.0
11,9,0.0,0.0,0.0,0.0,0.0,0.0,0.0,0.0,0.0,1.0,0.0,0.0
11,9,0.0,0.0,0.0,0.0,0.0,0.0,0.0,0.0,0.0,1.0,0.0,0.0
11,9,0.0,0.0,0.0,0.0,0.0,0.0,0.0,0.0,0.0,1.0,0.0,0.0
11,9,0.0,0.0,0.0,0.0,0.0,0.0,0.0,0.0,0.0,1.0,0.0,0.0
11,9,0.0,0.0,0.0,0.0,0.0,0.0,0.0,0.0,0.0,1.0,0.0,0.0
11,9,0.0,0.0,0.0,0.0,0.0,0.0,0.0,0.0,0.0,1.0,0.0,0.0
11,9,0.0,0.0,0.0,0.0,0.0,0.0,0.0,0.0,0.0,1.0,0.0,0.0
11,9,0.0,0.0,0.0,0.0,0.0,0.0,0.0,0.0,0.0,1.0,0.0,0.0
11,9,0.0,0.0,0.0,0.0,0.0,0.0,0.0,0.0,0.0,1.0,0.0,0.0
11,9,0.0,0.0,0.0,0.0,0.0,0.0,0.0,0.0,0.0,1.0,0.0,0.0
11,9,0.0,0.0,0.0,0.0,0.0,0.0,0.0,0.0,0.0,1.0,0.0,0.0
11,9,0.0,0.0,0.0,0.0,0.0,0.0,0.0,0.0,0.0,1.0,0.0,0.0
11,9,0.0,0.0,0.0,0.0,0.0,0.0,0.0,0.0,0.0,1.0,0.0,0.0
11,9,0.0,0.0,0.0,0.0,0.0,0.0,0.0,0.0,0.0,1.0,0.0,0.0
11,9,0.0,0.0,0.0,0.0,0.0,0.0,0.0,0.0,0.0,1.0,0.0,0.0
11,9,0.0,0.0,0.0,0.0,0.0,0.0,0.0,0.0,0.0,1.0,0.0,0.0
11,9,0.0,0.0,0.0,0.0,0.0,0.0,0.0,0.0,0.0,1.0,0.0,0.0
11,9,0.0,0.0,0.0,0.0,0.0,0.0,0.0,0.0,0.0,1.0,0.0,0.0
11,9,0.0,0.0,0.0,0.0,0.0,0.0,0.0,0.0,0.0,1.0,0.0,0.0
11,9,0.0,0.0,0.0,0.0,0.0,0.0,0.0,0.0,0.0,1.0,0.0,0.0
11,9,0.0,0.0,0.0,0.0,0.0,0.0,0.0,0.0,0.0,1.0,0.0,0.0
11,9,0.0,0.0,0.0,0.0,0.0,0.0,0.0,0.0,0.0,1.0,0.0,0.0
11,9,0.0,0.0,0.0,0.0,0.0,0.0,0.0,0.0,0.0,1.0,0.0,0.0
11,9,0.0,0.0,0.0,0.0,0.0,0.0,0.0,0.0,0.0,1.0,0.0,0.0
11,9,0.0,0.0,0.0,0.0,0.0,0.0,0.0,0.0,0.0,1.0,0.0,0.0
11,9,0.0,0.0,0.0,0.0,0.0,0.0,0.0,0.0,0.0,1.0,0.0,0.0
11,9,0.0,0.0,0.0,0.0,0.0,0.0,0.0,0.0,0.0,1.0,0.0,0.0
11,9,0.0,0.0,0.0,0.0,0.0,0.0,0.0,0.0,0.0,1.0,0.0,0.0
11,9,0.0,0.0,0.0,0.0,0.0,0.0,0.0,0.0,0.0,1.0,0.0,0.0
11,9,0.0,0.0,0.0,0.0,0.0,0.0,0.0,0.0,0.0,1.0,0.0,0.0
11,9,0.0,0.0,0.0,0.0,0.0,0.0,0.0,0.0,0.0,1.0,0.0,0.0
11,9,0.0,0.0,0.0,0.0,0.0,0.0,0.0,0.0,0.0,1.0,0.0,0.0
11,9,0.0,0.0,0.0,0.0,0.0,0.0,0.0,0.0,0.0,1.0,0.0,0.0
11,9,0.0,0.0,0.0,0.0,0.0,0.0,0.0,0.0,0.0,1.0,0.0,0.0
11,9,0.0,0.0,0.0,0.0,0.0,0.0,0.0,0.0,0.0,1.0,0.0,0.0
11,9,0.0,0.0,0.0,0.0,0.0,0.0,0.0,0.0,0.0,1.0,0.0,0.0
11,9,0.0,0.0,0.0,0.0,0.0,0.0,0.0,0.0,0.0,1.0,0.0,0.0
11,9,0.0,0.0,0.0,0.0,0.0,0.0,0.0,0.0,0.0,1.0,0.0,0.0
11,9,0.0,0.0,0.0,0.0,0.0,0.0,0.0,0.0,0.0,1.0,0.0,0.0
11,9,0.0,0.0,0.0,0.0,0.0,0.0,0.0,0.0,0.0,1.0,0.0,0.0
11,9,0.0,0.0,0.0,0.0,0.0,0.0,0.0,0.0,0.0,1.0,0.0,0.0
11,9,0.0,0.0,0.0,0.0,0.0,0.0,0.0,0.0,0.0,1.0,0.0,0.0
11,9,0.0,0.0,0.0,0.0,0.0,0.0,0.0,0.0,0.0,1.0,0.0,0.0
11,9,0.0,0.0,0.0,0.0,0.0,0.0,0.0,0.0,0.0,1.0,0.0,0.0
11,9,0.0,0.0,0.0,0.0,0.0,0.0,0.0,0.0,0.0,1.0,0.0,0.0
11,9,0.0,0.0,0.0,0.0,0.0,0.0,0.0,0.0,0.0,1.0,0.0,0.0
11,9,0.0,0.0,0.0,0.0,0.0,0.0,0.0,0.0,0.0,1.0,0.0,0.0
11,9,0.0,0.0,0.0,0.0,0.0,0.0,0.0,0.0,0.0,1.0,0.0,0.0
11,9,0.0,0.0,0.0,0.0,0.0,0.0,0.0,0.0,0.0,1.0,0.0,0.0
11,9,0.0,0.0,0.0,0.0,0.0,0.0,0.0,0.0,0.0,1.0,0.0,0.0
11,9,0.0,0.0,0.0,0.0,0.0,0.0,0.0,0.0,0.0,1.0,0.0,0.0
11,9,0.0,0.0,0.0,0.0,0.0,0.0,0.0,0.0,0.0,1.0,0.0,0.0
11,9,0.0,0.0,0.0,0.0,0.0,0.0,0.0,0.0,0.0,1.0,0.0,0.0
11,9,0.0,0.0,0.0,0.0,0.0,0.0,0.0,0.0,0.0,1.0,0.0,0.0
11,9,0.0,0.0,0.0,0.0,0.0,0.0,0.0,0.0,0.0,1.0,0.0,0.0
11,9,0.0,0.0,0.0,0.0,0.0,0.0,0.0,0.0,0.0,1.0,0.0,0.0
11,9,0.0,0.0,0.0,0.0,0.0,0.0,0.0,0.0,0.0,1.0,0.0,0.0
11,9,0.0,0.0,0.0,0.0,0.0,0.0,0.0,0.0,0.0,1.0,0.0,0.0
11,9,0.0,0.0,0.0,0.0,0.0,0.0,0.0,0.0,0.0,1.0,0.0,0.0
11,9,0.0,0.0,0.0,0.0,0.0,0.0,0.0,0.0,0.0,1.0,0.0,0.0
11,9,0.0,0.0,0.0,0.0,0.0,0.0,0.0,0.0,0.0,1.0,0.0,0.0
11,9,0.0,0.0,0.0,0.0,0.0,0.0,0.0,0.0,0.0,1.0,0.0,0.0
11,9,0.0,0.0,0.0,0.0,0.0,0.0,0.0,0.0,0.0,1.0,0.0,0.0
11,9,0.0,0.0,0.0,0.0,0.0,0.0,0.0,0.0,0.0,1.0,0.0,0.0
11,9,0.0,0.0,0.0,0.0,0.0,0.0,0.0,0.0,0.0,1.0,0.0,0.0
11,9,0.0,0.0,0.0,0.0,0.0,0.0,0.0,0.0,0.0,1.0,0.0,0.0
11,9,0.0,0.0,0.0,0.0,0.0,0.0,0.0,0.0,0.0,1.0,0.0,0.0
11,9,0.0,0.0,0.0,0.0,0.0,0.0,0.0,0.0,0.0,1.0,0.0,0.0
11,9,0.0,0.0,0.0,0.0,0.0,0.0,0.0,0.0,0.0,1.0,0.0,0.0
11,9,0.0,0.0,0.0,0.0,0.0,0.0,0.0,0.0,0.0,1.0,0.0,0.0
11,9,0.0,0.0,0.0,0.0,0.0,0.0,0.0,0.0,0.0,1.0,0.0,0.0
11,9,0.0,0.0,0.0,0.0,0.0,0.0,0.0,0.0,0.0,1.0,0.0,0.0
11,9,0.0,0.0,0.0,0.0,0.0,0.0,0.0,0.0,0.0,1.0,0.0,0.0
11,9,0.0,0.0,0.0,0.0,0.0,0.0,0.0,0.0,0.0,1.0,0.0,0.0
11,9,0.0,0.0,0.0,0.0,0.0,0.0,0.0,0.0,0.0,1.0,0.0,0.0
11,9,0.0,0.0,0.0,0.0,0.0,0.0,0.0,0.0,0.0,1.0,0.0,0.0
11,9,0.0,0.0,0.0,0.0,0.0,0.0,0.0,0.0,0.0,1.0,0.0,0.0
11,9,0.0,0.0,0.0,0.0,0.0,0.0,0.0,0.0,0.0,1.0,0.0,0.0
11,9,0.0,0.0,0.0,0.0,0.0,0.0,0.0,0.0,0.0,1.0,0.0,0.0
11,9,0.0,0.0,0.0,0.0,0.0,0.0,0.0,0.0,0.0,1.0,0.0,0.0
11,9,0.0,0.0,0.0,0.0,0.0,0.0,0.0,0.0,0.0,1.0,0.0,0.0
11,9,0.0,0.0,0.0,0.0,0.0,0.0,0.0,0.0,0.0,1.0,0.0,0.0
11,9,0.0,0.0,0.0,0.0,0.0,0.0,0.0,0.0,0.0,1.0,0.0,0.0
11,9,0.0,0.0,0.0,0.0,0.0,0.0,0.0,0.0,0.0,1.0,0.0,0.0
11,9,0.0,0.0,0.0,0.0,0.0,0.0,0.0,0.0,0.0,1.0,0.0,0.0
11,9,0.0,0.0,0.0,0.0,0.0,0.0,0.0,0.0,0.0,1.0,0.0,0.0
11,9,0.0,0.0,0.0,0.0,0.0,0.0,0.0,0.0,0.0,1.0,0.0,0.0
11,9,0.0,0.0,0.0,0.0,0.0,0.0,0.0,0.0,0.0,1.0,0.0,0.0
11,9,0.0,0.0,0.0,0.0,0.0,0.0,0.0,0.0,0.0,1.0,0.0,0.0
11,9,0.0,0.0,0.0,0.0,0.0,0.0,0.0,0.0,0.0,1.0,0.0,0.0
11,9,0.0,0.0,0.0,0.0,0.0,0.0,0.0,0.0,0.0,1.0,0.0,0.0
11,9,0.0,0.0,0.0,0.0,0.0,0.0,0.0,0.0,0.0,1.0,0.0,0.0
11,9,0.0,0.0,0.0,0.0,0.0,0.0,0.0,0.0,0.0,1.0,0.0,0.0
11,9,0.0,0.0,0.0,0.0,0.0,0.0,0.0,0.0,0.0,1.0,0.0,0.0
11,9,0.0,0.0,0.0,0.0,0.0,0.0,0.0,0.0,0.0,1.0,0.0,0.0
11,9,0.0,0.0,0.0,0.0,0.0,0.0,0.0,0.0,0.0,1.0,0.0,0.0
11,9,0.0,0.0,0.0,0.0,0.0,0.0,0.0,0.0,0.0,1.0,0.0,0.0
11,9,0.0,0.0,0.0,0.0,0.0,0.0,0.0,0.0,0.0,1.0,0.0,0.0
11,9,0.0,0.0,0.0,0.0,0.0,0.0,0.0,0.0,0.0,1.0,0.0,0.0
11,9,0.0,0.0,0.0,0.0,0.0,0.0,0.0,0.0,0.0,1.0,0.0,0.0
11,9,0.0,0.0,0.0,0.0,0.0,0.0,0.0,0.0,0.0,1.0,0.0,0.0
11,9,0.0,0.0,0.0,0.0,0.0,0.0,0.0,0.0,0.0,1.0,0.0,0.0
11,9,0.0,0.0,0.0,0.0,0.0,0.0,0.0,0.0,0.0,1.0,0.0,0.0
11,9,0.0,0.0,0.0,0.0,0.0,0.0,0.0,0.0,0.0,1.0,0.0,0.0
11,9,0.0,0.0,0.0,0.0,0.0,0.0,0.0,0.0,0.0,1.0,0.0,0.0
11,9,0.0,0.0,0.0,0.0,0.0,0.0,0.0,0.0,0.0,1.0,0.0,0.0
11,9,0.0,0.0,0.0,0.0,0.0,0.0,0.0,0.0,0.0,1.0,0.0,0.0
11,9,0.0,0.0,0.0,0.0,0.0,0.0,0.0,0.0,0.0,1.0,0.0,0.0
11,9,0.0,0.0,0.0,0.0,0.0,0.0,0.0,0.0,0.0,1.0,0.0,0.0
11,9,0.0,0.0,0.0,0.0,0.0,0.0,0.0,0.0,0.0,1.0,0.0,0.0
11,9,0.0,0.0,0.0,0.0,0.0,0.0,0.0,0.0,0.0,1.0,0.0,0.0
11,9,0.0,0.0,0.0,0.0,0.0,0.0,0.0,0.0,0.0,1.0,0.0,0.0
11,9,0.0,0.0,0.0,0.0,0.0,0.0,0.0,0.0,0.0,1.0,0.0,0.0
11,9,0.0,0.0,0.0,0.0,0.0,0.0,0.0,0.0,0.0,1.0,0.0,0.0
11,9,0.0,0.0,0.0,0.0,0.0,0.0,0.0,0.0,0.0,1.0,0.0,0.0
11,9,0.0,0.0,0.0,0.0,0.0,0.0,0.0,0.0,0.0,1.0,0.0,0.0
11,9,0.0,0.0,0.0,0.0,0.0,0.0,0.0,0.0,0.0,1.0,0.0,0.0
11,9,0.0,0.0,0.0,0.0,0.0,0.0,0.0,0.0,0.0,1.0,0.0,0.0
11,9,0.0,0.0,0.0,0.0,0.0,0.0,0.0,0.0,0.0,1.0,0.0,0.0
11,9,0.0,0.0,0.0,0.0,0.0,0.0,0.0,0.0,0.0,1.0,0.0,0.0
11,9,0.0,0.0,0.0,0.0,0.0,0.0,0.0,0.0,0.0,1.0,0.0,0.0
11,9,0.0,0.0,0.0,0.0,0.0,0.0,0.0,0.0,0.0,1.0,0.0,0.0
11,9,0.0,0.0,0.0,0.0,0.0,0.0,0.0,0.0,0.0,1.0,0.0,0.0
11,9,0.0,0.0,0.0,0.0,0.0,0.0,0.0,0.0,0.0,1.0,0.0,0.0
11,9,0.0,0.0,0.0,0.0,0.0,0.0,0.0,0.0,0.0,1.0,0.0,0.0
11,9,0.0,0.0,0.0,0.0,0.0,0.0,0.0,0.0,0.0,1.0,0.0,0.0
11,9,0.0,0.0,0.0,0.0,0.0,0.0,0.0,0.0,0.0,1.0,0.0,0.0
11,9,0.0,0.0,0.0,0.0,0.0,0.0,0.0,0.0,0.0,1.0,0.0,0.0
11,9,0.0,0.0,0.0,0.0,0.0,0.0,0.0,0.0,0.0,1.0,0.0,0.0
11,9,0.0,0.0,0.0,0.0,0.0,0.0,0.0,0.0,0.0,1.0,0.0,0.0
11,9,0.0,0.0,0.0,0.0,0.0,0.0,0.0,0.0,0.0,1.0,0.0,0.0
11,9,0.0,0.0,0.0,0.0,0.0,0.0,0.0,0.0,0.0,1.0,0.0,0.0
11,9,0.0,0.0,0.0,0.0,0.0,0.0,0.0,0.0,0.0,1.0,0.0,0.0
11,9,0.0,0.0,0.0,0.0,0.0,0.0,0.0,0.0,0.0,1.0,0.0,0.0
11,9,0.0,0.0,0.0,0.0,0.0,0.0,0.0,0.0,0.0,1.0,0.0,0.0
11,9,0.0,0.0,0.0,0.0,0.0,0.0,0.0,0.0,0.0,1.0,0.0,0.0
11,9,0.0,0.0,0.0,0.0,0.0,0.0,0.0,0.0,0.0,1.0,0.0,0.0
11,9,0.0,0.0,0.0,0.0,0.0,0.0,0.0,0.0,0.0,1.0,0.0,0.0
11,9,0.0,0.0,0.0,0.0,0.0,0.0,0.0,0.0,0.0,1.0,0.0,0.0
11,9,0.0,0.0,0.0,0.0,0.0,0.0,0.0,0.0,0.0,1.0,0.0,0.0
11,9,0.0,0.0,0.0,0.0,0.0,0.0,0.0,0.0,0.0,1.0,0.0,0.0
11,9,0.0,0.0,0.0,0.0,0.0,0.0,0.0,0.0,0.0,1.0,0.0,0.0
11,9,0.0,0.0,0.0,0.0,0.0,0.0,0.0,0.0,0.0,1.0,0.0,0.0
11,9,0.0,0.0,0.0,0.0,0.0,0.0,0.0,0.0,0.0,1.0,0.0,0.0
11,9,0.0,0.0,0.0,0.0,0.0,0.0,0.0,0.0,0.0,1.0,0.0,0.0
11,9,0.0,0.0,0.0,0.0,0.0,0.0,0.0,0.0,0.0,1.0,0.0,0.0
11,9,0.0,0.0,0.0,0.0,0.0,0.0,0.0,0.0,0.0,1.0,0.0,0.0
11,9,0.0,0.0,0.0,0.0,0.0,0.0,0.0,0.0,0.0,1.0,0.0,0.0
11,9,0.0,0.0,0.0,0.0,0.0,0.0,0.0,0.0,0.0,1.0,0.0,0.0
11,9,0.0,0.0,0.0,0.0,0.0,0.0,0.0,0.0,0.0,1.0,0.0,0.0
11,9,0.0,0.0,0.0,0.0,0.0,0.0,0.0,0.0,0.0,1.0,0.0,0.0
11,9,0.0,0.0,0.0,0.0,0.0,0.0,0.0,0.0,0.0,1.0,0.0,0.0
11,9,0.0,0.0,0.0,0.0,0.0,0.0,0.0,0.0,0.0,1.0,0.0,0.0
11,9,0.0,0.0,0.0,0.0,0.0,0.0,0.0,0.0,0.0,1.0,0.0,0.0
11,9,0.0,0.0,0.0,0.0,0.0,0.0,0.0,0.0,0.0,1.0,0.0,0.0
11,9,0.0,0.0,0.0,0.0,0.0,0.0,0.0,0.0,0.0,1.0,0.0,0.0
11,9,0.0,0.0,0.0,0.0,0.0,0.0,0.0,0.0,0.0,1.0,0.0,0.0
11,9,0.0,0.0,0.0,0.0,0.0,0.0,0.0,0.0,0.0,1.0,0.0,0.0
11,9,0.0,0.0,0.0,0.0,0.0,0.0,0.0,0.0,0.0,1.0,0.0,0.0
11,9,0.0,0.0,0.0,0.0,0.0,0.0,0.0,0.0,0.0,1.0,0.0,0.0
11,9,0.0,0.0,0.0,0.0,0.0,0.0,0.0,0.0,0.0,1.0,0.0,0.0
11,9,0.0,0.0,0.0,0.0,0.0,0.0,0.0,0.0,0.0,1.0,0.0,0.0
11,9,0.0,0.0,0.0,0.0,0.0,0.0,0.0,0.0,0.0,1.0,0.0,0.0
11,9,0.0,0.0,0.0,0.0,0.0,0.0,0.0,0.0,0.0,1.0,0.0,0.0
11,9,0.0,0.0,0.0,0.0,0.0,0.0,0.0,0.0,0.0,1.0,0.0,0.0
11,9,0.0,0.0,0.0,0.0,0.0,0.0,0.0,0.0,0.0,1.0,0.0,0.0
11,9,0.0,0.0,0.0,0.0,0.0,0.0,0.0,0.0,0.0,1.0,0.0,0.0
11,9,0.0,0.0,0.0,0.0,0.0,0.0,0.0,0.0,0.0,1.0,0.0,0.0
11,9,0.0,0.0,0.0,0.0,0.0,0.0,0.0,0.0,0.0,1.0,0.0,0.0
11,9,0.0,0.0,0.0,0.0,0.0,0.0,0.0,0.0,0.0,1.0,0.0,0.0
11,9,0.0,0.0,0.0,0.0,0.0,0.0,0.0,0.0,0.0,1.0,0.0,0.0
11,9,0.0,0.0,0.0,0.0,0.0,0.0,0.0,0.0,0.0,1.0,0.0,0.0
11,9,0.0,0.0,0.0,0.0,0.0,0.0,0.0,0.0,0.0,1.0,0.0,0.0
11,9,0.0,0.0,0.0,0.0,0.0,0.0,0.0,0.0,0.0,1.0,0.0,0.0
11,9,0.0,0.0,0.0,0.0,0.0,0.0,0.0,0.0,0.0,1.0,0.0,0.0
11,9,0.0,0.0,0.0,0.0,0.0,0.0,0.0,0.0,0.0,1.0,0.0,0.0
11,9,0.0,0.0,0.0,0.0,0.0,0.0,0.0,0.0,0.0,1.0,0.0,0.0
11,9,0.0,0.0,0.0,0.0,0.0,0.0,0.0,0.0,0.0,1.0,0.0,0.0
11,9,0.0,0.0,0.0,0.0,0.0,0.0,0.0,0.0,0.0,1.0,0.0,0.0
11,9,0.0,0.0,0.0,0.0,0.0,0.0,0.0,0.0,0.0,1.0,0.0,0.0
11,9,0.0,0.0,0.0,0.0,0.0,0.0,0.0,0.0,0.0,1.0,0.0,0.0
11,9,0.0,0.0,0.0,0.0,0.0,0.0,0.0,0.0,0.0,1.0,0.0,0.0
11,9,0.0,0.0,0.0,0.0,0.0,0.0,0.0,0.0,0.0,1.0,0.0,0.0
11,9,0.0,0.0,0.0,0.0,0.0,0.0,0.0,0.0,0.0,1.0,0.0,0.0
11,9,0.0,0.0,0.0,0.0,0.0,0.0,0.0,0.0,0.0,1.0,0.0,0.0
11,9,0.0,0.0,0.0,0.0,0.0,0.0,0.0,0.0,0.0,1.0,0.0,0.0
11,9,0.0,0.0,0.0,0.0,0.0,0.0,0.0,0.0,0.0,1.0,0.0,0.0
11,9,0.0,0.0,0.0,0.0,0.0,0.0,0.0,0.0,0.0,1.0,0.0,0.0
11,9,0.0,0.0,0.0,0.0,0.0,0.0,0.0,0.0,0.0,1.0,0.0,0.0
11,9,0.0,0.0,0.0,0.0,0.0,0.0,0.0,0.0,0.0,1.0,0.0,0.0
11,9,0.0,0.0,0.0,0.0,0.0,0.0,0.0,0.0,0.0,1.0,0.0,0.0
11,9,0.0,0.0,0.0,0.0,0.0,0.0,0.0,0.0,0.0,1.0,0.0,0.0
11,9,0.0,0.0,0.0,0.0,0.0,0.0,0.0,0.0,0.0,1.0,0.0,0.0
11,9,0.0,0.0,0.0,0.0,0.0,0.0,0.0,0.0,0.0,1.0,0.0,0.0
11,9,0.0,0.0,0.0,0.0,0.0,0.0,0.0,0.0,0.0,1.0,0.0,0.0
11,9,0.0,0.0,0.0,0.0,0.0,0.0,0.0,0.0,0.0,1.0,0.0,0.0
11,9,0.0,0.0,0.0,0.0,0.0,0.0,0.0,0.0,0.0,1.0,0.0,0.0
11,9,0.0,0.0,0.0,0.0,0.0,0.0,0.0,0.0,0.0,1.0,0.0,0.0
11,9,0.0,0.0,0.0,0.0,0.0,0.0,0.0,0.0,0.0,1.0,0.0,0.0
11,9,0.0,0.0,0.0,0.0,0.0,0.0,0.0,0.0,0.0,1.0,0.0,0.0
11,9,0.0,0.0,0.0,0.0,0.0,0.0,0.0,0.0,0.0,1.0,0.0,0.0
11,9,0.0,0.0,0.0,0.0,0.0,0.0,0.0,0.0,0.0,1.0,0.0,0.0
11,9,0.0,0.0,0.0,0.0,0.0,0.0,0.0,0.0,0.0,1.0,0.0,0.0
11,9,0.0,0.0,0.0,0.0,0.0,0.0,0.0,0.0,0.0,1.0,0.0,0.0
11,9,0.0,0.0,0.0,0.0,0.0,0.0,0.0,0.0,0.0,1.0,0.0,0.0
11,9,0.0,0.0,0.0,0.0,0.0,0.0,0.0,0.0,0.0,1.0,0.0,0.0
11,9,0.0,0.0,0.0,0.0,0.0,0.0,0.0,0.0,0.0,1.0,0.0,0.0
11,9,0.0,0.0,0.0,0.0,0.0,0.0,0.0,0.0,0.0,1.0,0.0,0.0
11,9,0.0,0.0,0.0,0.0,0.0,0.0,0.0,0.0,0.0,1.0,0.0,0.0
11,9,0.0,0.0,0.0,0.0,0.0,0.0,0.0,0.0,0.0,1.0,0.0,0.0
11,9,0.0,0.0,0.0,0.0,0.0,0.0,0.0,0.0,0.0,1.0,0.0,0.0
11,9,0.0,0.0,0.0,0.0,0.0,0.0,0.0,0.0,0.0,1.0,0.0,0.0
11,9,0.0,0.0,0.0,0.0,0.0,0.0,0.0,0.0,0.0,1.0,0.0,0.0
11,9,0.0,0.0,0.0,0.0,0.0,0.0,0.0,0.0,0.0,1.0,0.0,0.0
11,9,0.0,0.0,0.0,0.0,0.0,0.0,0.0,0.0,0.0,1.0,0.0,0.0
11,9,0.0,0.0,0.0,0.0,0.0,0.0,0.0,0.0,0.0,1.0,0.0,0.0
11,9,0.0,0.0,0.0,0.0,0.0,0.0,0.0,0.0,0.0,1.0,0.0,0.0
11,9,0.0,0.0,0.0,0.0,0.0,0.0,0.0,0.0,0.0,1.0,0.0,0.0
11,9,0.0,0.0,0.0,0.0,0.0,0.0,0.0,0.0,0.0,1.0,0.0,0.0
11,9,0.0,0.0,0.0,0.0,0.0,0.0,0.0,0.0,0.0,1.0,0.0,0.0
11,9,0.0,0.0,0.0,0.0,0.0,0.0,0.0,0.0,0.0,1.0,0.0,0.0
11,9,0.0,0.0,0.0,0.0,0.0,0.0,0.0,0.0,0.0,1.0,0.0,0.0
11,9,0.0,0.0,0.0,0.0,0.0,0.0,0.0,0.0,0.0,1.0,0.0,0.0
11,9,0.0,0.0,0.0,0.0,0.0,0.0,0.0,0.0,0.0,1.0,0.0,0.0
11,9,0.0,0.0,0.0,0.0,0.0,0.0,0.0,0.0,0.0,1.0,0.0,0.0
11,9,0.0,0.0,0.0,0.0,0.0,0.0,0.0,0.0,0.0,1.0,0.0,0.0
11,9,0.0,0.0,0.0,0.0,0.0,0.0,0.0,0.0,0.0,1.0,0.0,0.0
11,9,0.0,0.0,0.0,0.0,0.0,0.0,0.0,0.0,0.0,1.0,0.0,0.0
11,9,0.0,0.0,0.0,0.0,0.0,0.0,0.0,0.0,0.0,1.0,0.0,0.0
11,9,0.0,0.0,0.0,0.0,0.0,0.0,0.0,0.0,0.0,1.0,0.0,0.0
11,9,0.0,0.0,0.0,0.0,0.0,0.0,0.0,0.0,0.0,1.0,0.0,0.0
11,9,0.0,0.0,0.0,0.0,0.0,0.0,0.0,0.0,0.0,1.0,0.0,0.0
11,9,0.0,0.0,0.0,0.0,0.0,0.0,0.0,0.0,0.0,1.0,0.0,0.0
11,9,0.0,0.0,0.0,0.0,0.0,0.0,0.0,0.0,0.0,1.0,0.0,0.0
11,9,0.0,0.0,0.0,0.0,0.0,0.0,0.0,0.0,0.0,1.0,0.0,0.0
11,9,0.0,0.0,0.0,0.0,0.0,0.0,0.0,0.0,0.0,1.0,0.0,0.0
11,9,0.0,0.0,0.0,0.0,0.0,0.0,0.0,0.0,0.0,1.0,0.0,0.0
11,9,0.0,0.0,0.0,0.0,0.0,0.0,0.0,0.0,0.0,1.0,0.0,0.0
11,9,0.0,0.0,0.0,0.0,0.0,0.0,0.0,0.0,0.0,1.0,0.0,0.0
11,9,0.0,0.0,0.0,0.0,0.0,0.0,0.0,0.0,0.0,1.0,0.0,0.0
11,9,0.0,0.0,0.0,0.0,0.0,0.0,0.0,0.0,0.0,1.0,0.0,0.0
11,9,0.0,0.0,0.0,0.0,0.0,0.0,0.0,0.0,0.0,1.0,0.0,0.0
11,9,0.0,0.0,0.0,0.0,0.0,0.0,0.0,0.0,0.0,1.0,0.0,0.0
11,9,0.0,0.0,0.0,0.0,0.0,0.0,0.0,0.0,0.0,1.0,0.0,0.0
11,9,0.0,0.0,0.0,0.0,0.0,0.0,0.0,0.0,0.0,1.0,0.0,0.0
11,9,0.0,0.0,0.0,0.0,0.0,0.0,0.0,0.0,0.0,1.0,0.0,0.0
11,9,0.0,0.0,0.0,0.0,0.0,0.0,0.0,0.0,0.0,1.0,0.0,0.0
11,9,0.0,0.0,0.0,0.0,0.0,0.0,0.0,0.0,0.0,1.0,0.0,0.0
11,9,0.0,0.0,0.0,0.0,0.0,0.0,0.0,0.0,0.0,1.0,0.0,0.0
11,9,0.0,0.0,0.0,0.0,0.0,0.0,0.0,0.0,0.0,1.0,0.0,0.0
11,9,0.0,0.0,0.0,0.0,0.0,0.0,0.0,0.0,0.0,1.0,0.0,0.0
11,9,0.0,0.0,0.0,0.0,0.0,0.0,0.0,0.0,0.0,1.0,0.0,0.0
11,9,0.0,0.0,0.0,0.0,0.0,0.0,0.0,0.0,0.0,1.0,0.0,0.0
11,9,0.0,0.0,0.0,0.0,0.0,0.0,0.0,0.0,0.0,1.0,0.0,0.0
11,9,0.0,0.0,0.0,0.0,0.0,0.0,0.0,0.0,0.0,1.0,0.0,0.0
11,9,0.0,0.0,0.0,0.0,0.0,0.0,0.0,0.0,0.0,1.0,0.0,0.0
11,9,0.0,0.0,0.0,0.0,0.0,0.0,0.0,0.0,0.0,1.0,0.0,0.0
11,9,0.0,0.0,0.0,0.0,0.0,0.0,0.0,0.0,0.0,1.0,0.0,0.0
11,9,0.0,0.0,0.0,0.0,0.0,0.0,0.0,0.0,0.0,1.0,0.0,0.0
11,9,0.0,0.0,0.0,0.0,0.0,0.0,0.0,0.0,0.0,1.0,0.0,0.0
11,9,0.0,0.0,0.0,0.0,0.0,0.0,0.0,0.0,0.0,1.0,0.0,0.0
11,9,0.0,0.0,0.0,0.0,0.0,0.0,0.0,0.0,0.0,1.0,0.0,0.0
11,9,0.0,0.0,0.0,0.0,0.0,0.0,0.0,0.0,0.0,1.0,0.0,0.0
11,9,0.0,0.0,0.0,0.0,0.0,0.0,0.0,0.0,0.0,1.0,0.0,0.0
11,9,0.0,0.0,0.0,0.0,0.0,0.0,0.0,0.0,0.0,1.0,0.0,0.0
11,9,0.0,0.0,0.0,0.0,0.0,0.0,0.0,0.0,0.0,1.0,0.0,0.0
11,9,0.0,0.0,0.0,0.0,0.0,0.0,0.0,0.0,0.0,1.0,0.0,0.0
11,9,0.0,0.0,0.0,0.0,0.0,0.0,0.0,0.0,0.0,1.0,0.0,0.0
11,9,0.0,0.0,0.0,0.0,0.0,0.0,0.0,0.0,0.0,1.0,0.0,0.0
11,9,0.0,0.0,0.0,0.0,0.0,0.0,0.0,0.0,0.0,1.0,0.0,0.0
11,9,0.0,0.0,0.0,0.0,0.0,0.0,0.0,0.0,0.0,1.0,0.0,0.0
11,9,0.0,0.0,0.0,0.0,0.0,0.0,0.0,0.0,0.0,1.0,0.0,0.0
11,9,0.0,0.0,0.0,0.0,0.0,0.0,0.0,0.0,0.0,1.0,0.0,0.0
11,9,0.0,0.0,0.0,0.0,0.0,0.0,0.0,0.0,0.0,1.0,0.0,0.0
11,9,0.0,0.0,0.0,0.0,0.0,0.0,0.0,0.0,0.0,1.0,0.0,0.0
11,9,0.0,0.0,0.0,0.0,0.0,0.0,0.0,0.0,0.0,1.0,0.0,0.0
11,9,0.0,0.0,0.0,0.0,0.0,0.0,0.0,0.0,0.0,1.0,0.0,0.0
11,9,0.0,0.0,0.0,0.0,0.0,0.0,0.0,0.0,0.0,1.0,0.0,0.0
11,9,0.0,0.0,0.0,0.0,0.0,0.0,0.0,0.0,0.0,1.0,0.0,0.0
11,9,0.0,0.0,0.0,0.0,0.0,0.0,0.0,0.0,0.0,1.0,0.0,0.0
11,9,0.0,0.0,0.0,0.0,0.0,0.0,0.0,0.0,0.0,1.0,0.0,0.0
11,9,0.0,0.0,0.0,0.0,0.0,0.0,0.0,0.0,0.0,1.0,0.0,0.0
11,9,0.0,0.0,0.0,0.0,0.0,0.0,0.0,0.0,0.0,1.0,0.0,0.0
11,9,0.0,0.0,0.0,0.0,0.0,0.0,0.0,0.0,0.0,1.0,0.0,0.0
11,9,0.0,0.0,0.0,0.0,0.0,0.0,0.0,0.0,0.0,1.0,0.0,0.0
11,9,0.0,0.0,0.0,0.0,0.0,0.0,0.0,0.0,0.0,1.0,0.0,0.0
11,9,0.0,0.0,0.0,0.0,0.0,0.0,0.0,0.0,0.0,1.0,0.0,0.0
11,9,0.0,0.0,0.0,0.0,0.0,0.0,0.0,0.0,0.0,1.0,0.0,0.0
11,9,0.0,0.0,0.0,0.0,0.0,0.0,0.0,0.0,0.0,1.0,0.0,0.0
11,9,0.0,0.0,0.0,0.0,0.0,0.0,0.0,0.0,0.0,1.0,0.0,0.0
11,9,0.0,0.0,0.0,0.0,0.0,0.0,0.0,0.0,0.0,1.0,0.0,0.0
11,9,0.0,0.0,0.0,0.0,0.0,0.0,0.0,0.0,0.0,1.0,0.0,0.0
11,9,0.0,0.0,0.0,0.0,0.0,0.0,0.0,0.0,0.0,1.0,0.0,0.0
11,9,0.0,0.0,0.0,0.0,0.0,0.0,0.0,0.0,0.0,1.0,0.0,0.0
11,9,0.0,0.0,0.0,0.0,0.0,0.0,0.0,0.0,0.0,1.0,0.0,0.0
11,9,0.0,0.0,0.0,0.0,0.0,0.0,0.0,0.0,0.0,1.0,0.0,0.0
11,9,0.0,0.0,0.0,0.0,0.0,0.0,0.0,0.0,0.0,1.0,0.0,0.0
11,9,0.0,0.0,0.0,0.0,0.0,0.0,0.0,0.0,0.0,1.0,0.0,0.0
11,9,0.0,0.0,0.0,0.0,0.0,0.0,0.0,0.0,0.0,1.0,0.0,0.0
11,9,0.0,0.0,0.0,0.0,0.0,0.0,0.0,0.0,0.0,1.0,0.0,0.0
11,9,0.0,0.0,0.0,0.0,0.0,0.0,0.0,0.0,0.0,1.0,0.0,0.0
11,9,0.0,0.0,0.0,0.0,0.0,0.0,0.0,0.0,0.0,1.0,0.0,0.0
11,9,0.0,0.0,0.0,0.0,0.0,0.0,0.0,0.0,0.0,1.0,0.0,0.0
11,9,0.0,0.0,0.0,0.0,0.0,0.0,0.0,0.0,0.0,1.0,0.0,0.0
11,9,0.0,0.0,0.0,0.0,0.0,0.0,0.0,0.0,0.0,1.0,0.0,0.0
11,9,0.0,0.0,0.0,0.0,0.0,0.0,0.0,0.0,0.0,1.0,0.0,0.0
11,9,0.0,0.0,0.0,0.0,0.0,0.0,0.0,0.0,0.0,1.0,0.0,0.0
11,9,0.0,0.0,0.0,0.0,0.0,0.0,0.0,0.0,0.0,1.0,0.0,0.0
11,9,0.0,0.0,0.0,0.0,0.0,0.0,0.0,0.0,0.0,1.0,0.0,0.0
11,9,0.0,0.0,0.0,0.0,0.0,0.0,0.0,0.0,0.0,1.0,0.0,0.0
11,9,0.0,0.0,0.0,0.0,0.0,0.0,0.0,0.0,0.0,1.0,0.0,0.0
11,9,0.0,0.0,0.0,0.0,0.0,0.0,0.0,0.0,0.0,1.0,0.0,0.0
11,9,0.0,0.0,0.0,0.0,0.0,0.0,0.0,0.0,0.0,1.0,0.0,0.0
11,9,0.0,0.0,0.0,0.0,0.0,0.0,0.0,0.0,0.0,1.0,0.0,0.0
11,9,0.0,0.0,0.0,0.0,0.0,0.0,0.0,0.0,0.0,1.0,0.0,0.0
11,9,0.0,0.0,0.0,0.0,0.0,0.0,0.0,0.0,0.0,1.0,0.0,0.0
11,9,0.0,0.0,0.0,0.0,0.0,0.0,0.0,0.0,0.0,1.0,0.0,0.0
11,9,0.0,0.0,0.0,0.0,0.0,0.0,0.0,0.0,0.0,1.0,0.0,0.0
11,9,0.0,0.0,0.0,0.0,0.0,0.0,0.0,0.0,0.0,1.0,0.0,0.0
11,9,0.0,0.0,0.0,0.0,0.0,0.0,0.0,0.0,0.0,1.0,0.0,0.0
11,9,0.0,0.0,0.0,0.0,0.0,0.0,0.0,0.0,0.0,1.0,0.0,0.0
11,9,0.0,0.0,0.0,0.0,0.0,0.0,0.0,0.0,0.0,1.0,0.0,0.0
11,9,0.0,0.0,0.0,0.0,0.0,0.0,0.0,0.0,0.0,1.0,0.0,0.0
11,9,0.0,0.0,0.0,0.0,0.0,0.0,0.0,0.0,0.0,1.0,0.0,0.0
11,9,0.0,0.0,0.0,0.0,0.0,0.0,0.0,0.0,0.0,1.0,0.0,0.0
11,9,0.0,0.0,0.0,0.0,0.0,0.0,0.0,0.0,0.0,1.0,0.0,0.0
11,9,0.0,0.0,0.0,0.0,0.0,0.0,0.0,0.0,0.0,1.0,0.0,0.0
11,9,0.0,0.0,0.0,0.0,0.0,0.0,0.0,0.0,0.0,1.0,0.0,0.0
11,9,0.0,0.0,0.0,0.0,0.0,0.0,0.0,0.0,0.0,1.0,0.0,0.0
11,9,0.0,0.0,0.0,0.0,0.0,0.0,0.0,0.0,0.0,1.0,0.0,0.0
11,9,0.0,0.0,0.0,0.0,0.0,0.0,0.0,0.0,0.0,1.0,0.0,0.0
11,9,0.0,0.0,0.0,0.0,0.0,0.0,0.0,0.0,0.0,1.0,0.0,0.0
11,9,0.0,0.0,0.0,0.0,0.0,0.0,0.0,0.0,0.0,1.0,0.0,0.0
11,9,0.0,0.0,0.0,0.0,0.0,0.0,0.0,0.0,0.0,1.0,0.0,0.0
11,9,0.0,0.0,0.0,0.0,0.0,0.0,0.0,0.0,0.0,1.0,0.0,0.0
11,9,0.0,0.0,0.0,0.0,0.0,0.0,0.0,0.0,0.0,1.0,0.0,0.0
11,9,0.0,0.0,0.0,0.0,0.0,0.0,0.0,0.0,0.0,1.0,0.0,0.0
11,9,0.0,0.0,0.0,0.0,0.0,0.0,0.0,0.0,0.0,1.0,0.0,0.0
11,9,0.0,0.0,0.0,0.0,0.0,0.0,0.0,0.0,0.0,1.0,0.0,0.0
11,9,0.0,0.0,0.0,0.0,0.0,0.0,0.0,0.0,0.0,1.0,0.0,0.0
11,9,0.0,0.0,0.0,0.0,0.0,0.0,0.0,0.0,0.0,1.0,0.0,0.0
11,9,0.0,0.0,0.0,0.0,0.0,0.0,0.0,0.0,0.0,1.0,0.0,0.0
11,9,0.0,0.0,0.0,0.0,0.0,0.0,0.0,0.0,0.0,1.0,0.0,0.0
11,9,0.0,0.0,0.0,0.0,0.0,0.0,0.0,0.0,0.0,1.0,0.0,0.0
11,9,0.0,0.0,0.0,0.0,0.0,0.0,0.0,0.0,0.0,1.0,0.0,0.0
11,9,0.0,0.0,0.0,0.0,0.0,0.0,0.0,0.0,0.0,1.0,0.0,0.0
11,9,0.0,0.0,0.0,0.0,0.0,0.0,0.0,0.0,0.0,1.0,0.0,0.0
11,9,0.0,0.0,0.0,0.0,0.0,0.0,0.0,0.0,0.0,1.0,0.0,0.0
11,9,0.0,0.0,0.0,0.0,0.0,0.0,0.0,0.0,0.0,1.0,0.0,0.0
11,9,0.0,0.0,0.0,0.0,0.0,0.0,0.0,0.0,0.0,1.0,0.0,0.0
11,9,0.0,0.0,0.0,0.0,0.0,0.0,0.0,0.0,0.0,1.0,0.0,0.0
11,9,0.0,0.0,0.0,0.0,0.0,0.0,0.0,0.0,0.0,1.0,0.0,0.0
11,9,0.0,0.0,0.0,0.0,0.0,0.0,0.0,0.0,0.0,1.0,0.0,0.0
11,9,0.0,0.0,0.0,0.0,0.0,0.0,0.0,0.0,0.0,1.0,0.0,0.0
11,9,0.0,0.0,0.0,0.0,0.0,0.0,0.0,0.0,0.0,1.0,0.0,0.0
11,9,0.0,0.0,0.0,0.0,0.0,0.0,0.0,0.0,0.0,1.0,0.0,0.0
11,9,0.0,0.0,0.0,0.0,0.0,0.0,0.0,0.0,0.0,1.0,0.0,0.0
11,9,0.0,0.0,0.0,0.0,0.0,0.0,0.0,0.0,0.0,1.0,0.0,0.0
11,9,0.0,0.0,0.0,0.0,0.0,0.0,0.0,0.0,0.0,1.0,0.0,0.0
11,9,0.0,0.0,0.0,0.0,0.0,0.0,0.0,0.0,0.0,1.0,0.0,0.0
11,9,0.0,0.0,0.0,0.0,0.0,0.0,0.0,0.0,0.0,1.0,0.0,0.0
11,9,0.0,0.0,0.0,0.0,0.0,0.0,0.0,0.0,0.0,1.0,0.0,0.0
11,9,0.0,0.0,0.0,0.0,0.0,0.0,0.0,0.0,0.0,1.0,0.0,0.0
11,9,0.0,0.0,0.0,0.0,0.0,0.0,0.0,0.0,0.0,1.0,0.0,0.0
11,9,0.0,0.0,0.0,0.0,0.0,0.0,0.0,0.0,0.0,1.0,0.0,0.0
11,9,0.0,0.0,0.0,0.0,0.0,0.0,0.0,0.0,0.0,1.0,0.0,0.0
11,9,0.0,0.0,0.0,0.0,0.0,0.0,0.0,0.0,0.0,1.0,0.0,0.0
11,9,0.0,0.0,0.0,0.0,0.0,0.0,0.0,0.0,0.0,1.0,0.0,0.0
11,9,0.0,0.0,0.0,0.0,0.0,0.0,0.0,0.0,0.0,1.0,0.0,0.0
11,9,0.0,0.0,0.0,0.0,0.0,0.0,0.0,0.0,0.0,1.0,0.0,0.0
11,9,0.0,0.0,0.0,0.0,0.0,0.0,0.0,0.0,0.0,1.0,0.0,0.0
11,9,0.0,0.0,0.0,0.0,0.0,0.0,0.0,0.0,0.0,1.0,0.0,0.0
11,9,0.0,0.0,0.0,0.0,0.0,0.0,0.0,0.0,0.0,1.0,0.0,0.0
11,9,0.0,0.0,0.0,0.0,0.0,0.0,0.0,0.0,0.0,1.0,0.0,0.0
11,9,0.0,0.0,0.0,0.0,0.0,0.0,0.0,0.0,0.0,1.0,0.0,0.0
11,9,0.0,0.0,0.0,0.0,0.0,0.0,0.0,0.0,0.0,1.0,0.0,0.0
11,9,0.0,0.0,0.0,0.0,0.0,0.0,0.0,0.0,0.0,1.0,0.0,0.0
11,9,0.0,0.0,0.0,0.0,0.0,0.0,0.0,0.0,0.0,1.0,0.0,0.0
11,9,0.0,0.0,0.0,0.0,0.0,0.0,0.0,0.0,0.0,1.0,0.0,0.0
11,9,0.0,0.0,0.0,0.0,0.0,0.0,0.0,0.0,0.0,1.0,0.0,0.0
11,9,0.0,0.0,0.0,0.0,0.0,0.0,0.0,0.0,0.0,1.0,0.0,0.0
11,9,0.0,0.0,0.0,0.0,0.0,0.0,0.0,0.0,0.0,1.0,0.0,0.0
11,9,0.0,0.0,0.0,0.0,0.0,0.0,0.0,0.0,0.0,1.0,0.0,0.0
11,9,0.0,0.0,0.0,0.0,0.0,0.0,0.0,0.0,0.0,1.0,0.0,0.0
11,9,0.0,0.0,0.0,0.0,0.0,0.0,0.0,0.0,0.0,1.0,0.0,0.0
11,9,0.0,0.0,0.0,0.0,0.0,0.0,0.0,0.0,0.0,1.0,0.0,0.0
11,9,0.0,0.0,0.0,0.0,0.0,0.0,0.0,0.0,0.0,1.0,0.0,0.0
11,9,0.0,0.0,0.0,0.0,0.0,0.0,0.0,0.0,0.0,1.0,0.0,0.0
11,9,0.0,0.0,0.0,0.0,0.0,0.0,0.0,0.0,0.0,1.0,0.0,0.0
11,9,0.0,0.0,0.0,0.0,0.0,0.0,0.0,0.0,0.0,1.0,0.0,0.0
11,9,0.0,0.0,0.0,0.0,0.0,0.0,0.0,0.0,0.0,1.0,0.0,0.0
11,9,0.0,0.0,0.0,0.0,0.0,0.0,0.0,0.0,0.0,1.0,0.0,0.0
11,9,0.0,0.0,0.0,0.0,0.0,0.0,0.0,0.0,0.0,1.0,0.0,0.0
11,9,0.0,0.0,0.0,0.0,0.0,0.0,0.0,0.0,0.0,1.0,0.0,0.0
11,9,0.0,0.0,0.0,0.0,0.0,0.0,0.0,0.0,0.0,1.0,0.0,0.0
11,9,0.0,0.0,0.0,0.0,0.0,0.0,0.0,0.0,0.0,1.0,0.0,0.0
11,9,0.0,0.0,0.0,0.0,0.0,0.0,0.0,0.0,0.0,1.0,0.0,0.0
11,9,0.0,0.0,0.0,0.0,0.0,0.0,0.0,0.0,0.0,1.0,0.0,0.0
11,9,0.0,0.0,0.0,0.0,0.0,0.0,0.0,0.0,0.0,1.0,0.0,0.0
11,9,0.0,0.0,0.0,0.0,0.0,0.0,0.0,0.0,0.0,1.0,0.0,0.0
11,9,0.0,0.0,0.0,0.0,0.0,0.0,0.0,0.0,0.0,1.0,0.0,0.0
11,9,0.0,0.0,0.0,0.0,0.0,0.0,0.0,0.0,0.0,1.0,0.0,0.0
11,9,0.0,0.0,0.0,0.0,0.0,0.0,0.0,0.0,0.0,1.0,0.0,0.0
11,9,0.0,0.0,0.0,0.0,0.0,0.0,0.0,0.0,0.0,1.0,0.0,0.0
11,9,0.0,0.0,0.0,0.0,0.0,0.0,0.0,0.0,0.0,1.0,0.0,0.0
11,9,0.0,0.0,0.0,0.0,0.0,0.0,0.0,0.0,0.0,1.0,0.0,0.0
11,9,0.0,0.0,0.0,0.0,0.0,0.0,0.0,0.0,0.0,1.0,0.0,0.0
11,9,0.0,0.0,0.0,0.0,0.0,0.0,0.0,0.0,0.0,1.0,0.0,0.0
11,9,0.0,0.0,0.0,0.0,0.0,0.0,0.0,0.0,0.0,1.0,0.0,0.0
11,9,0.0,0.0,0.0,0.0,0.0,0.0,0.0,0.0,0.0,1.0,0.0,0.0
11,9,0.0,0.0,0.0,0.0,0.0,0.0,0.0,0.0,0.0,1.0,0.0,0.0
11,9,0.0,0.0,0.0,0.0,0.0,0.0,0.0,0.0,0.0,1.0,0.0,0.0
11,9,0.0,0.0,0.0,0.0,0.0,0.0,0.0,0.0,0.0,1.0,0.0,0.0
11,9,0.0,0.0,0.0,0.0,0.0,0.0,0.0,0.0,0.0,1.0,0.0,0.0
11,9,0.0,0.0,0.0,0.0,0.0,0.0,0.0,0.0,0.0,1.0,0.0,0.0
11,9,0.0,0.0,0.0,0.0,0.0,0.0,0.0,0.0,0.0,1.0,0.0,0.0
11,9,0.0,0.0,0.0,0.0,0.0,0.0,0.0,0.0,0.0,1.0,0.0,0.0
11,9,0.0,0.0,0.0,0.0,0.0,0.0,0.0,0.0,0.0,1.0,0.0,0.0
11,9,0.0,0.0,0.0,0.0,0.0,0.0,0.0,0.0,0.0,1.0,0.0,0.0
11,9,0.0,0.0,0.0,0.0,0.0,0.0,0.0,0.0,0.0,1.0,0.0,0.0
11,9,0.0,0.0,0.0,0.0,0.0,0.0,0.0,0.0,0.0,1.0,0.0,0.0
11,9,0.0,0.0,0.0,0.0,0.0,0.0,0.0,0.0,0.0,1.0,0.0,0.0
11,9,0.0,0.0,0.0,0.0,0.0,0.0,0.0,0.0,0.0,1.0,0.0,0.0
11,9,0.0,0.0,0.0,0.0,0.0,0.0,0.0,0.0,0.0,1.0,0.0,0.0
11,9,0.0,0.0,0.0,0.0,0.0,0.0,0.0,0.0,0.0,1.0,0.0,0.0
11,9,0.0,0.0,0.0,0.0,0.0,0.0,0.0,0.0,0.0,1.0,0.0,0.0
11,9,0.0,0.0,0.0,0.0,0.0,0.0,0.0,0.0,0.0,1.0,0.0,0.0
11,9,0.0,0.0,0.0,0.0,0.0,0.0,0.0,0.0,0.0,1.0,0.0,0.0
11,9,0.0,0.0,0.0,0.0,0.0,0.0,0.0,0.0,0.0,1.0,0.0,0.0
11,9,0.0,0.0,0.0,0.0,0.0,0.0,0.0,0.0,0.0,1.0,0.0,0.0
11,9,0.0,0.0,0.0,0.0,0.0,0.0,0.0,0.0,0.0,1.0,0.0,0.0
11,9,0.0,0.0,0.0,0.0,0.0,0.0,0.0,0.0,0.0,1.0,0.0,0.0
11,9,0.0,0.0,0.0,0.0,0.0,0.0,0.0,0.0,0.0,1.0,0.0,0.0
11,9,0.0,0.0,0.0,0.0,0.0,0.0,0.0,0.0,0.0,1.0,0.0,0.0
11,9,0.0,0.0,0.0,0.0,0.0,0.0,0.0,0.0,0.0,1.0,0.0,0.0
11,9,0.0,0.0,0.0,0.0,0.0,0.0,0.0,0.0,0.0,1.0,0.0,0.0
11,9,0.0,0.0,0.0,0.0,0.0,0.0,0.0,0.0,0.0,1.0,0.0,0.0
11,9,0.0,0.0,0.0,0.0,0.0,0.0,0.0,0.0,0.0,1.0,0.0,0.0
11,9,0.0,0.0,0.0,0.0,0.0,0.0,0.0,0.0,0.0,1.0,0.0,0.0
11,9,0.0,0.0,0.0,0.0,0.0,0.0,0.0,0.0,0.0,1.0,0.0,0.0
11,9,0.0,0.0,0.0,0.0,0.0,0.0,0.0,0.0,0.0,1.0,0.0,0.0
11,9,0.0,0.0,0.0,0.0,0.0,0.0,0.0,0.0,0.0,1.0,0.0,0.0
11,9,0.0,0.0,0.0,0.0,0.0,0.0,0.0,0.0,0.0,1.0,0.0,0.0
11,9,0.0,0.0,0.0,0.0,0.0,0.0,0.0,0.0,0.0,1.0,0.0,0.0
11,9,0.0,0.0,0.0,0.0,0.0,0.0,0.0,0.0,0.0,1.0,0.0,0.0
11,9,0.0,0.0,0.0,0.0,0.0,0.0,0.0,0.0,0.0,1.0,0.0,0.0
11,9,0.0,0.0,0.0,0.0,0.0,0.0,0.0,0.0,0.0,1.0,0.0,0.0
11,9,0.0,0.0,0.0,0.0,0.0,0.0,0.0,0.0,0.0,1.0,0.0,0.0
11,9,0.0,0.0,0.0,0.0,0.0,0.0,0.0,0.0,0.0,1.0,0.0,0.0
11,9,0.0,0.0,0.0,0.0,0.0,0.0,0.0,0.0,0.0,1.0,0.0,0.0
11,9,0.0,0.0,0.0,0.0,0.0,0.0,0.0,0.0,0.0,1.0,0.0,0.0
11,9,0.0,0.0,0.0,0.0,0.0,0.0,0.0,0.0,0.0,1.0,0.0,0.0
11,9,0.0,0.0,0.0,0.0,0.0,0.0,0.0,0.0,0.0,1.0,0.0,0.0
11,9,0.0,0.0,0.0,0.0,0.0,0.0,0.0,0.0,0.0,1.0,0.0,0.0
11,9,0.0,0.0,0.0,0.0,0.0,0.0,0.0,0.0,0.0,1.0,0.0,0.0
11,9,0.0,0.0,0.0,0.0,0.0,0.0,0.0,0.0,0.0,1.0,0.0,0.0
11,9,0.0,0.0,0.0,0.0,0.0,0.0,0.0,0.0,0.0,1.0,0.0,0.0
11,9,0.0,0.0,0.0,0.0,0.0,0.0,0.0,0.0,0.0,1.0,0.0,0.0
11,9,0.0,0.0,0.0,0.0,0.0,0.0,0.0,0.0,0.0,1.0,0.0,0.0
11,9,0.0,0.0,0.0,0.0,0.0,0.0,0.0,0.0,0.0,1.0,0.0,0.0
11,9,0.0,0.0,0.0,0.0,0.0,0.0,0.0,0.0,0.0,1.0,0.0,0.0
11,9,0.0,0.0,0.0,0.0,0.0,0.0,0.0,0.0,0.0,1.0,0.0,0.0
11,9,0.0,0.0,0.0,0.0,0.0,0.0,0.0,0.0,0.0,1.0,0.0,0.0
11,9,0.0,0.0,0.0,0.0,0.0,0.0,0.0,0.0,0.0,1.0,0.0,0.0
11,9,0.0,0.0,0.0,0.0,0.0,0.0,0.0,0.0,0.0,1.0,0.0,0.0
11,9,0.0,0.0,0.0,0.0,0.0,0.0,0.0,0.0,0.0,1.0,0.0,0.0
11,9,0.0,0.0,0.0,0.0,0.0,0.0,0.0,0.0,0.0,1.0,0.0,0.0
11,9,0.0,0.0,0.0,0.0,0.0,0.0,0.0,0.0,0.0,1.0,0.0,0.0
11,9,0.0,0.0,0.0,0.0,0.0,0.0,0.0,0.0,0.0,1.0,0.0,0.0
11,9,0.0,0.0,0.0,0.0,0.0,0.0,0.0,0.0,0.0,1.0,0.0,0.0
11,9,0.0,0.0,0.0,0.0,0.0,0.0,0.0,0.0,0.0,1.0,0.0,0.0
11,9,0.0,0.0,0.0,0.0,0.0,0.0,0.0,0.0,0.0,1.0,0.0,0.0
11,9,0.0,0.0,0.0,0.0,0.0,0.0,0.0,0.0,0.0,1.0,0.0,0.0
11,9,0.0,0.0,0.0,0.0,0.0,0.0,0.0,0.0,0.0,1.0,0.0,0.0
11,9,0.0,0.0,0.0,0.0,0.0,0.0,0.0,0.0,0.0,1.0,0.0,0.0
11,9,0.0,0.0,0.0,0.0,0.0,0.0,0.0,0.0,0.0,1.0,0.0,0.0
11,9,0.0,0.0,0.0,0.0,0.0,0.0,0.0,0.0,0.0,1.0,0.0,0.0
11,9,0.0,0.0,0.0,0.0,0.0,0.0,0.0,0.0,0.0,1.0,0.0,0.0
11,9,0.0,0.0,0.0,0.0,0.0,0.0,0.0,0.0,0.0,1.0,0.0,0.0
11,9,0.0,0.0,0.0,0.0,0.0,0.0,0.0,0.0,0.0,1.0,0.0,0.0
11,9,0.0,0.0,0.0,0.0,0.0,0.0,0.0,0.0,0.0,1.0,0.0,0.0
11,9,0.0,0.0,0.0,0.0,0.0,0.0,0.0,0.0,0.0,1.0,0.0,0.0
11,9,0.0,0.0,0.0,0.0,0.0,0.0,0.0,0.0,0.0,1.0,0.0,0.0
11,9,0.0,0.0,0.0,0.0,0.0,0.0,0.0,0.0,0.0,1.0,0.0,0.0
11,9,0.0,0.0,0.0,0.0,0.0,0.0,0.0,0.0,0.0,1.0,0.0,0.0
11,9,0.0,0.0,0.0,0.0,0.0,0.0,0.0,0.0,0.0,1.0,0.0,0.0
11,9,0.0,0.0,0.0,0.0,0.0,0.0,0.0,0.0,0.0,1.0,0.0,0.0
11,9,0.0,0.0,0.0,0.0,0.0,0.0,0.0,0.0,0.0,1.0,0.0,0.0
11,9,0.0,0.0,0.0,0.0,0.0,0.0,0.0,0.0,0.0,1.0,0.0,0.0
11,9,0.0,0.0,0.0,0.0,0.0,0.0,0.0,0.0,0.0,1.0,0.0,0.0
11,9,0.0,0.0,0.0,0.0,0.0,0.0,0.0,0.0,0.0,1.0,0.0,0.0
11,9,0.0,0.0,0.0,0.0,0.0,0.0,0.0,0.0,0.0,1.0,0.0,0.0
11,9,0.0,0.0,0.0,0.0,0.0,0.0,0.0,0.0,0.0,1.0,0.0,0.0
11,9,0.0,0.0,0.0,0.0,0.0,0.0,0.0,0.0,0.0,1.0,0.0,0.0
11,9,0.0,0.0,0.0,0.0,0.0,0.0,0.0,0.0,0.0,1.0,0.0,0.0
11,9,0.0,0.0,0.0,0.0,0.0,0.0,0.0,0.0,0.0,1.0,0.0,0.0
11,9,0.0,0.0,0.0,0.0,0.0,0.0,0.0,0.0,0.0,1.0,0.0,0.0
11,9,0.0,0.0,0.0,0.0,0.0,0.0,0.0,0.0,0.0,1.0,0.0,0.0
11,9,0.0,0.0,0.0,0.0,0.0,0.0,0.0,0.0,0.0,1.0,0.0,0.0
11,9,0.0,0.0,0.0,0.0,0.0,0.0,0.0,0.0,0.0,1.0,0.0,0.0
11,9,0.0,0.0,0.0,0.0,0.0,0.0,0.0,0.0,0.0,1.0,0.0,0.0
11,9,0.0,0.0,0.0,0.0,0.0,0.0,0.0,0.0,0.0,1.0,0.0,0.0
11,9,0.0,0.0,0.0,0.0,0.0,0.0,0.0,0.0,0.0,1.0,0.0,0.0
11,9,0.0,0.0,0.0,0.0,0.0,0.0,0.0,0.0,0.0,1.0,0.0,0.0
11,9,0.0,0.0,0.0,0.0,0.0,0.0,0.0,0.0,0.0,1.0,0.0,0.0
11,9,0.0,0.0,0.0,0.0,0.0,0.0,0.0,0.0,0.0,1.0,0.0,0.0
11,9,0.0,0.0,0.0,0.0,0.0,0.0,0.0,0.0,0.0,1.0,0.0,0.0
11,9,0.0,0.0,0.0,0.0,0.0,0.0,0.0,0.0,0.0,1.0,0.0,0.0
11,9,0.0,0.0,0.0,0.0,0.0,0.0,0.0,0.0,0.0,1.0,0.0,0.0
11,9,0.0,0.0,0.0,0.0,0.0,0.0,0.0,0.0,0.0,1.0,0.0,0.0
11,9,0.0,0.0,0.0,0.0,0.0,0.0,0.0,0.0,0.0,1.0,0.0,0.0
11,9,0.0,0.0,0.0,0.0,0.0,0.0,0.0,0.0,0.0,1.0,0.0,0.0
11,9,0.0,0.0,0.0,0.0,0.0,0.0,0.0,0.0,0.0,1.0,0.0,0.0
11,9,0.0,0.0,0.0,0.0,0.0,0.0,0.0,0.0,0.0,1.0,0.0,0.0
11,9,0.0,0.0,0.0,0.0,0.0,0.0,0.0,0.0,0.0,1.0,0.0,0.0
11,9,0.0,0.0,0.0,0.0,0.0,0.0,0.0,0.0,0.0,1.0,0.0,0.0
11,9,0.0,0.0,0.0,0.0,0.0,0.0,0.0,0.0,0.0,1.0,0.0,0.0
11,9,0.0,0.0,0.0,0.0,0.0,0.0,0.0,0.0,0.0,1.0,0.0,0.0
11,9,0.0,0.0,0.0,0.0,0.0,0.0,0.0,0.0,0.0,1.0,0.0,0.0
11,9,0.0,0.0,0.0,0.0,0.0,0.0,0.0,0.0,0.0,1.0,0.0,0.0
11,9,0.0,0.0,0.0,0.0,0.0,0.0,0.0,0.0,0.0,1.0,0.0,0.0
11,9,0.0,0.0,0.0,0.0,0.0,0.0,0.0,0.0,0.0,1.0,0.0,0.0
11,9,0.0,0.0,0.0,0.0,0.0,0.0,0.0,0.0,0.0,1.0,0.0,0.0
11,9,0.0,0.0,0.0,0.0,0.0,0.0,0.0,0.0,0.0,1.0,0.0,0.0
11,9,0.0,0.0,0.0,0.0,0.0,0.0,0.0,0.0,0.0,1.0,0.0,0.0
11,9,0.0,0.0,0.0,0.0,0.0,0.0,0.0,0.0,0.0,1.0,0.0,0.0
11,9,0.0,0.0,0.0,0.0,0.0,0.0,0.0,0.0,0.0,1.0,0.0,0.0
11,9,0.0,0.0,0.0,0.0,0.0,0.0,0.0,0.0,0.0,1.0,0.0,0.0
11,9,0.0,0.0,0.0,0.0,0.0,0.0,0.0,0.0,0.0,1.0,0.0,0.0
11,9,0.0,0.0,0.0,0.0,0.0,0.0,0.0,0.0,0.0,1.0,0.0,0.0
11,9,0.0,0.0,0.0,0.0,0.0,0.0,0.0,0.0,0.0,1.0,0.0,0.0
11,9,0.0,0.0,0.0,0.0,0.0,0.0,0.0,0.0,0.0,1.0,0.0,0.0
11,9,0.0,0.0,0.0,0.0,0.0,0.0,0.0,0.0,0.0,1.0,0.0,0.0
11,9,0.0,0.0,0.0,0.0,0.0,0.0,0.0,0.0,0.0,1.0,0.0,0.0
11,9,0.0,0.0,0.0,0.0,0.0,0.0,0.0,0.0,0.0,1.0,0.0,0.0
11,9,0.0,0.0,0.0,0.0,0.0,0.0,0.0,0.0,0.0,1.0,0.0,0.0
11,9,0.0,0.0,0.0,0.0,0.0,0.0,0.0,0.0,0.0,1.0,0.0,0.0
11,9,0.0,0.0,0.0,0.0,0.0,0.0,0.0,0.0,0.0,1.0,0.0,0.0
11,9,0.0,0.0,0.0,0.0,0.0,0.0,0.0,0.0,0.0,1.0,0.0,0.0
11,9,0.0,0.0,0.0,0.0,0.0,0.0,0.0,0.0,0.015625,0.984375,0.0,0.0
11,9,0.0,0.0,0.0,0.0,0.0,0.0,0.0,0.0,0.015625,0.984375,0.0,0.0
11,9,0.0,0.0,0.0,0.0,0.0,0.0,0.0,0.0,0.015625,0.984375,0.0,0.0
11,9,0.0,0.0,0.0,0.0,0.0,0.0,0.0,0.0,0.015625,0.984375,0.0,0.0
11,9,0.0,0.0,0.0,0.0,0.0,0.0,0.0,0.0,0.015625,0.984375,0.0,0.0
11,9,0.0,0.0,0.0,0.0,0.0,0.0,0.0,0.0,0.015625,0.984375,0.0,0.0
11,9,0.0,0.0,0.0,0.0,0.0,0.0,0.0,0.0,0.015625,0.984375,0.0,0.0
11,9,0.0,0.0,0.0,0.0,0.0,0.0,0.0,0.0,0.015625,0.984375,0.0,0.0
11,9,0.0,0.0,0.0,0.0,0.0,0.0,0.0,0.0,0.015625,0.984375,0.0,0.0
11,9,0.0,0.0,0.0,0.0,0.0,0.0,0.0,0.0,0.015625,0.984375,0.0,0.0
11,9,0.0,0.0,0.0,0.0,0.0,0.0,0.0,0.0,0.015625,0.984375,0.0,0.0
11,9,0.0,0.0,0.0,0.0,0.0,0.0,0.0,0.0,0.015625,0.984375,0.0,0.0
11,9,0.0,0.0,0.0,0.0,0.0,0.0,0.0,0.0,0.015625,0.984375,0.0,0.0
11,9,0.0,0.0,0.0,0.0,0.0,0.0,0.0,0.0,0.015625,0.984375,0.0,0.0
11,9,0.0,0.0,0.0,0.0,0.0,0.0,0.0,0.0,0.015625,0.984375,0.0,0.0
11,9,0.0,0.0,0.0,0.0,0.0,0.0,0.0,0.0,0.015625,0.984375,0.0,0.0
11,9,0.0,0.0,0.0,0.0,0.0,0.0,0.0,0.0,0.015625,0.984375,0.0,0.0
11,9,0.0,0.0,0.0,0.0,0.0,0.0,0.0,0.0,0.015625,0.984375,0.0,0.0
11,9,0.0,0.0,0.0,0.0,0.0,0.0,0.0,0.0,0.015625,0.984375,0.0,0.0
11,9,0.0,0.0,0.0,0.0,0.0,0.0,0.0,0.0,0.015625,0.984375,0.0,0.0
11,9,0.0,0.0,0.0,0.0,0.0,0.0,0.0,0.0,0.015625,0.984375,0.0,0.0
11,9,0.0,0.0,0.0,0.0,0.0,0.0,0.0,0.0,0.015625,0.984375,0.0,0.0
11,9,0.0,0.0,0.0,0.0,0.0,0.0,0.0,0.0,0.015625,0.984375,0.0,0.0
11,9,0.0,0.0,0.0,0.0,0.0,0.0,0.0,0.0,0.015625,0.984375,0.0,0.0
11,9,0.0,0.0,0.0,0.0,0.0,0.0,0.0,0.0,0.015625,0.984375,0.0,0.0
11,9,0.0,0.0,0.0,0.0,0.0,0.0,0.0,0.0,0.015625,0.984375,0.0,0.0
11,9,0.0,0.0,0.0,0.0,0.0,0.0,0.0,0.0,0.015625,0.984375,0.0,0.0
11,9,0.0,0.0,0.0,0.0,0.0,0.0,0.0,0.0,0.015625,0.984375,0.0,0.0
11,9,0.0,0.0,0.0,0.0,0.0,0.0,0.0,0.0,0.015625,0.984375,0.0,0.0
11,9,0.0,0.0,0.0,0.0,0.0,0.0,0.0,0.0,0.015625,0.984375,0.0,0.0
11,9,0.0,0.0,0.0,0.0,0.0,0.0,0.0,0.0,0.015625,0.984375,0.0,0.0
11,9,0.0,0.0,0.0,0.0,0.0,0.0,0.0,0.0,0.015625,0.984375,0.0,0.0
11,9,0.0,0.0,0.0,0.0,0.0,0.0,0.0,0.0,0.015625,0.984375,0.0,0.0
11,9,0.0,0.0,0.0,0.0,0.0,0.0,0.0,0.0,0.015625,0.984375,0.0,0.0
11,9,0.0,0.0,0.0,0.0,0.0,0.0,0.0,0.0,0.015625,0.984375,0.0,0.0
11,9,0.0,0.0,0.0,0.0,0.0,0.0,0.0,0.0,0.015625,0.984375,0.0,0.0
11,9,0.0,0.0,0.0,0.0,0.0,0.0,0.0,0.0,0.015625,0.984375,0.0,0.0
11,9,0.0,0.0,0.0,0.0,0.0,0.0,0.0,0.0,0.015625,0.984375,0.0,0.0
11,9,0.0,0.0,0.0,0.0,0.0,0.0,0.0,0.0,0.015625,0.984375,0.0,0.0
11,9,0.0,0.0,0.0,0.0,0.0,0.0,0.0,0.0,0.015625,0.984375,0.0,0.0
11,9,0.0,0.0,0.0,0.0,0.0,0.0,0.0,0.0,0.015625,0.984375,0.0,0.0
11,9,0.0,0.0,0.0,0.0,0.0,0.0,0.0,0.0,0.015625,0.984375,0.0,0.0
11,9,0.0,0.0,0.0,0.0,0.0,0.0,0.0,0.0,0.015625,0.984375,0.0,0.0
11,9,0.0,0.0,0.0,0.0,0.0,0.0,0.0,0.0,0.015625,0.984375,0.0,0.0
11,9,0.0,0.0,0.0,0.0,0.0,0.0,0.0,0.0,0.015625,0.984375,0.0,0.0
11,9,0.0,0.0,0.0,0.0,0.0,0.0,0.0,0.0,0.015625,0.984375,0.0,0.0
11,9,0.0,0.0,0.0,0.0,0.0,0.0,0.0,0.0,0.015625,0.984375,0.0,0.0
11,9,0.0,0.0,0.0,0.0,0.0,0.0,0.0,0.0,0.015625,0.984375,0.0,0.0
11,9,0.0,0.0,0.0,0.0,0.0,0.0,0.0,0.0,0.015625,0.984375,0.0,0.0
11,9,0.0,0.0,0.0,0.0,0.0,0.0,0.0,0.0,0.015625,0.984375,0.0,0.0
11,9,0.0,0.0,0.0,0.0,0.0,0.0,0.0,0.0,0.015625,0.984375,0.0,0.0
11,9,0.0,0.0,0.0,0.0,0.0,0.0,0.0,0.0,0.015625,0.984375,0.0,0.0
11,9,0.0,0.0,0.0,0.0,0.0,0.0,0.0,0.0,0.015625,0.984375,0.0,0.0
11,9,0.0,0.0,0.0,0.0,0.0,0.0,0.0,0.0,0.015625,0.984375,0.0,0.0
11,9,0.0,0.0,0.0,0.0,0.0,0.0,0.0,0.0,0.015625,0.984375,0.0,0.0
11,9,0.0,0.0,0.0,0.0,0.0,0.0,0.0,0.0,0.015625,0.984375,0.0,0.0
11,9,0.0,0.0,0.0,0.0,0.0,0.0,0.0,0.0,0.015625,0.984375,0.0,0.0
11,9,0.0,0.0,0.0,0.0,0.0,0.0,0.0,0.0,0.015625,0.984375,0.0,0.0
11,9,0.0,0.0,0.0,0.0,0.0,0.0,0.0,0.0,0.015625,0.984375,0.0,0.0
11,9,0.0,0.0,0.0,0.0,0.0,0.0,0.0,0.0,0.015625,0.984375,0.0,0.0
11,9,0.0,0.0,0.0,0.0,0.0,0.0,0.0,0.0,0.015625,0.984375,0.0,0.0
11,9,0.0,0.0,0.0,0.0,0.0,0.0,0.0,0.0,0.015625,0.984375,0.0,0.0
11,9,0.0,0.0,0.0,0.0,0.0,0.0,0.0,0.0,0.015625,0.984375,0.0,0.0
11,9,0.0,0.0,0.0,0.0,0.0,0.0,0.0,0.0,0.015625,0.984375,0.0,0.0
11,9,0.0,0.0,0.0,0.0,0.0,0.0,0.0,0.0,0.015625,0.984375,0.0,0.0
11,9,0.0,0.0,0.0,0.0,0.0,0.0,0.0,0.0,0.015625,0.984375,0.0,0.0
11,9,0.0,0.0,0.0,0.0,0.0,0.0,0.0,0.0,0.015625,0.984375,0.0,0.0
11,9,0.0,0.0,0.0,0.0,0.0,0.0,0.0,0.0,0.015625,0.984375,0.0,0.0
11,9,0.0,0.0,0.0,0.0,0.0,0.0,0.0,0.0,0.015625,0.984375,0.0,0.0
11,9,0.0,0.0,0.0,0.0,0.0,0.0,0.0,0.0,0.015625,0.984375,0.0,0.0
11,9,0.0,0.0,0.0,0.0,0.0,0.0,0.0,0.0,0.015625,0.984375,0.0,0.0
11,9,0.0,0.0,0.0,0.0,0.0,0.0,0.0,0.0,0.015625,0.984375,0.0,0.0
11,9,0.0,0.0,0.0,0.0,0.0,0.0,0.0,0.0,0.015625,0.984375,0.0,0.0
11,9,0.0,0.0,0.0,0.0,0.0,0.0,0.0,0.0,0.015625,0.984375,0.0,0.0
11,9,0.0,0.0,0.0,0.0,0.0,0.0,0.0,0.0,0.015625,0.984375,0.0,0.0
11,9,0.0,0.0,0.0,0.0,0.0,0.0,0.0,0.0,0.015625,0.984375,0.0,0.0
11,9,0.0,0.0,0.0,0.0,0.0,0.0,0.0,0.0,0.015625,0.984375,0.0,0.0
11,9,0.0,0.0,0.0,0.0,0.0,0.0,0.0,0.0,0.015625,0.984375,0.0,0.0
11,9,0.0,0.0,0.0,0.0,0.0,0.0,0.0,0.0,0.015625,0.984375,0.0,0.0
11,9,0.0,0.0,0.0,0.0,0.0,0.0,0.0,0.0,0.015625,0.984375,0.0,0.0
11,9,0.0,0.0,0.0,0.0,0.0,0.0,0.0,0.0,0.015625,0.984375,0.0,0.0
11,9,0.0,0.0,0.0,0.0,0.0,0.0,0.0,0.0,0.015625,0.984375,0.0,0.0
11,9,0.0,0.0,0.0,0.0,0.0,0.0,0.0,0.0,0.015625,0.984375,0.0,0.0
11,9,0.0,0.0,0.0,0.0,0.0,0.0,0.0,0.0,0.015625,0.984375,0.0,0.0
11,9,0.0,0.0,0.0,0.0,0.0,0.0,0.0,0.0,0.015625,0.984375,0.0,0.0
11,9,0.0,0.0,0.0,0.0,0.0,0.0,0.0,0.0,0.015625,0.984375,0.0,0.0
11,9,0.0,0.0,0.0,0.0,0.0,0.0,0.0,0.0,0.015625,0.984375,0.0,0.0
11,9,0.0,0.0,0.0,0.0,0.0,0.0,0.0,0.0,0.015625,0.984375,0.0,0.0
11,9,0.0,0.0,0.0,0.0,0.0,0.0,0.0,0.0,0.015625,0.984375,0.0,0.0
11,9,0.0,0.0,0.0,0.0,0.0,0.0,0.0,0.0,0.015625,0.984375,0.0,0.0
11,9,0.0,0.0,0.0,0.0,0.0,0.0,0.0,0.0,0.015625,0.984375,0.0,0.0
11,9,0.0,0.0,0.0,0.0,0.0,0.0,0.0,0.0,0.015625,0.984375,0.0,0.0
11,9,0.0,0.0,0.0,0.0,0.0,0.0,0.0,0.0,0.015625,0.984375,0.0,0.0
11,9,0.0,0.0,0.0,0.0,0.0,0.0,0.0,0.0,0.015625,0.984375,0.0,0.0
11,9,0.0,0.0,0.0,0.0,0.0,0.0,0.0,0.0,0.015625,0.984375,0.0,0.0
11,9,0.0,0.0,0.0,0.0,0.0,0.0,0.0,0.0,0.015625,0.984375,0.0,0.0
11,9,0.0,0.0,0.0,0.0,0.0,0.0,0.0,0.0,0.015625,0.984375,0.0,0.0
11,9,0.0,0.0,0.0,0.0,0.0,0.0,0.0,0.0,0.015625,0.984375,0.0,0.0
11,9,0.0,0.0,0.0,0.0,0.0,0.0,0.0,0.0,0.015625,0.984375,0.0,0.0
11,9,0.0,0.0,0.0,0.0,0.0,0.0,0.0,0.0,0.015625,0.984375,0.0,0.0
11,9,0.0,0.0,0.0,0.0,0.0,0.0,0.0,0.0,0.015625,0.984375,0.0,0.0
11,9,0.0,0.0,0.0,0.0,0.0,0.0,0.0,0.0,0.015625,0.984375,0.0,0.0
11,9,0.0,0.0,0.0,0.0,0.0,0.0,0.0,0.0,0.015625,0.984375,0.0,0.0
11,9,0.0,0.0,0.0,0.0,0.0,0.0,0.0,0.0,0.015625,0.984375,0.0,0.0
11,9,0.0,0.0,0.0,0.0,0.0,0.0,0.0,0.0,0.015625,0.984375,0.0,0.0
11,9,0.0,0.0,0.0,0.0,0.0,0.0,0.0,0.0,0.015625,0.984375,0.0,0.0
11,9,0.0,0.0,0.0,0.0,0.0,0.0,0.0,0.0,0.015625,0.984375,0.0,0.0
11,9,0.0,0.0,0.0,0.0,0.0,0.0,0.0,0.0,0.015625,0.984375,0.0,0.0
11,9,0.0,0.0,0.0,0.0,0.0,0.0,0.0,0.0,0.015625,0.984375,0.0,0.0
11,9,0.0,0.0,0.0,0.0,0.0,0.0,0.0,0.0,0.015625,0.984375,0.0,0.0
11,9,0.0,0.0,0.0,0.0,0.0,0.0,0.0,0.0,0.015625,0.984375,0.0,0.0
11,9,0.0,0.0,0.0,0.0,0.0,0.0,0.0,0.0,0.015625,0.984375,0.0,0.0
11,9,0.0,0.0,0.0,0.0,0.0,0.0,0.0,0.0,0.015625,0.984375,0.0,0.0
11,9,0.0,0.0,0.0,0.0,0.0,0.0,0.0,0.0,0.015625,0.984375,0.0,0.0
11,9,0.0,0.0,0.0,0.0,0.0,0.0,0.0,0.0,0.015625,0.984375,0.0,0.0
11,9,0.0,0.0,0.0,0.0,0.0,0.0,0.0,0.0,0.015625,0.984375,0.0,0.0
11,9,0.0,0.0,0.0,0.0,0.0,0.0,0.0,0.0,0.015625,0.984375,0.0,0.0
11,9,0.0,0.0,0.0,0.0,0.0,0.0,0.0,0.0,0.015625,0.984375,0.0,0.0
11,9,0.0,0.0,0.0,0.0,0.0,0.0,0.0,0.0,0.015625,0.984375,0.0,0.0
11,9,0.0,0.0,0.0,0.0,0.0,0.0,0.0,0.0,0.015625,0.984375,0.0,0.0
11,9,0.0,0.0,0.0,0.0,0.0,0.0,0.0,0.0,0.03125,0.96875,0.0,0.0
11,9,0.0,0.0,0.0,0.0,0.0,0.0,0.0,0.0,0.03125,0.96875,0.0,0.0
11,9,0.0,0.0,0.0,0.0,0.0,0.0,0.0,0.0,0.03125,0.96875,0.0,0.0
11,9,0.0,0.0,0.0,0.0,0.0,0.0,0.0,0.0,0.03125,0.96875,0.0,0.0
11,9,0.0,0.0,0.0,0.0,0.0,0.0,0.0,0.0,0.03125,0.96875,0.0,0.0
11,9,0.0,0.0,0.0,0.0,0.0,0.0,0.0,0.0,0.03125,0.96875,0.0,0.0
11,9,0.0,0.0,0.0,0.0,0.0,0.0,0.0,0.0,0.03125,0.96875,0.0,0.0
11,9,0.0,0.0,0.0,0.0,0.0,0.0,0.0,0.0,0.03125,0.96875,0.0,0.0
11,9,0.0,0.0,0.0,0.0,0.0,0.0,0.0,0.0,0.03125,0.96875,0.0,0.0
11,9,0.0,0.0,0.0,0.0,0.0,0.0,0.0,0.0,0.03125,0.96875,0.0,0.0
11,9,0.0,0.0,0.0,0.0,0.0,0.0,0.0,0.0,0.03125,0.96875,0.0,0.0
11,9,0.0,0.0,0.0,0.0,0.0,0.0,0.0,0.0,0.03125,0.96875,0.0,0.0
11,9,0.0,0.0,0.0,0.0,0.0,0.0,0.0,0.0,0.03125,0.96875,0.0,0.0
11,9,0.0,0.0,0.0,0.0,0.0,0.0,0.0,0.0,0.03125,0.96875,0.0,0.0
11,9,0.0,0.0,0.0,0.0,0.0,0.0,0.0,0.0,0.03125,0.96875,0.0,0.0
11,9,0.0,0.0,0.0,0.0,0.0,0.0,0.0,0.0,0.03125,0.96875,0.0,0.0
11,9,0.0,0.0,0.0,0.0,0.0,0.0,0.0,0.0,0.03125,0.96875,0.0,0.0
11,9,0.0,0.0,0.0,0.0,0.0,0.0,0.0,0.0,0.03125,0.96875,0.0,0.0
11,9,0.0,0.0,0.0,0.0,0.0,0.0,0.0,0.0,0.03125,0.96875,0.0,0.0
11,9,0.0,0.0,0.0,0.0,0.0,0.0,0.0,0.0,0.03125,0.96875,0.0,0.0
11,9,0.0,0.0,0.0,0.0,0.0,0.0,0.0,0.0,0.03125,0.96875,0.0,0.0
11,9,0.0,0.0,0.0,0.0,0.0,0.0,0.0,0.0,0.03125,0.96875,0.0,0.0
11,9,0.0,0.0,0.0,0.0,0.0,0.0,0.0,0.0,0.03125,0.96875,0.0,0.0
11,9,0.0,0.0,0.0,0.0,0.0,0.0,0.0,0.0,0.03125,0.96875,0.0,0.0
11,9,0.0,0.0,0.0,0.0,0.0,0.0,0.0,0.0,0.03125,0.96875,0.0,0.0
11,9,0.0,0.0,0.0,0.0,0.0,0.0,0.0,0.0,0.03125,0.96875,0.0,0.0
11,9,0.0,0.0,0.0,0.0,0.0,0.0,0.0,0.0,0.03125,0.96875,0.0,0.0
11,9,0.0,0.0,0.0,0.0,0.0,0.0,0.0,0.0,0.03125,0.96875,0.0,0.0
11,9,0.0,0.0,0.0,0.0,0.0,0.0,0.0,0.0,0.046875,0.953125,0.0,0.0
11,9,0.0,0.0,0.0,0.0,0.0,0.0,0.0,0.0,0.046875,0.953125,0.0,0.0
11,9,0.0,0.0,0.0,0.0,0.0,0.0,0.0,0.0,0.046875,0.953125,0.0,0.0
11,9,0.0,0.0,0.0,0.0,0.0,0.0,0.0,0.0,0.046875,0.953125,0.0,0.0
11,9,0.0,0.0,0.0,0.0,0.0,0.0,0.0,0.0,0.046875,0.953125,0.0,0.0
11,9,0.0,0.0,0.0,0.0,0.0,0.0,0.0,0.0,0.046875,0.953125,0.0,0.0
11,9,0.0,0.0,0.0,0.0,0.0,0.0,0.0,0.0,0.046875,0.953125,0.0,0.0
11,9,0.0,0.0,0.0,0.0,0.0,0.0,0.0,0.0,0.046875,0.953125,0.0,0.0
11,9,0.0,0.0,0.0,0.0,0.0,0.0,0.0,0.0,0.046875,0.953125,0.0,0.0
11,9,0.0,0.0,0.0,0.0,0.0,0.0,0.0,0.0,0.046875,0.953125,0.0,0.0
11,9,0.0,0.0,0.0,0.0,0.0,0.0,0.0,0.0,0.046875,0.953125,0.0,0.0
11,9,0.0,0.0,0.0,0.0,0.0,0.0,0.0,0.0,0.046875,0.953125,0.0,0.0
11,9,0.0,0.0,0.0,0.0,0.0,0.0,0.0,0.0,0.046875,0.953125,0.0,0.0
11,9,0.0,0.0,0.0,0.0,0.0,0.0,0.0,0.0,0.046875,0.953125,0.0,0.0
11,9,0.0,0.0,0.0,0.0,0.0,0.0,0.0,0.0,0.046875,0.953125,0.0,0.0
11,9,0.0,0.0,0.0,0.0,0.0,0.0,0.0,0.0,0.046875,0.953125,0.0,0.0
11,9,0.0,0.0,0.0,0.0,0.0,0.0,0.0,0.0,0.046875,0.953125,0.0,0.0
11,9,0.0,0.0,0.0,0.0,0.0,0.0,0.0,0.0,0.046875,0.953125,0.0,0.0
11,9,0.0,0.0,0.0,0.0,0.0,0.0,0.0,0.0,0.046875,0.953125,0.0,0.0
11,9,0.0,0.0,0.0,0.0,0.0,0.0,0.0,0.0,0.046875,0.953125,0.0,0.0
11,9,0.0,0.0,0.0,0.0,0.0,0.0,0.0,0.0,0.046875,0.953125,0.0,0.0
11,9,0.0,0.0,0.0,0.0,0.0,0.0,0.0,0.0,0.046875,0.953125,0.0,0.0
11,9,0.0,0.0,0.0,0.0,0.0,0.0,0.0,0.0,0.046875,0.953125,0.0,0.0
11,9,0.0,0.0,0.0,0.0,0.0,0.0,0.0,0.0,0.046875,0.953125,0.0,0.0
11,9,0.0,0.0,0.0,0.0,0.0,0.0,0.0,0.0,0.046875,0.953125,0.0,0.0
11,9,0.0,0.0,0.0,0.0,0.0,0.0,0.0,0.0,0.046875,0.953125,0.0,0.0
11,9,0.0,0.0,0.0,0.0,0.0,0.0,0.0,0.0,0.046875,0.953125,0.0,0.0
11,9,0.0,0.0,0.0,0.0,0.0,0.0,0.0,0.0,0.046875,0.953125,0.0,0.0
11,9,0.0,0.0,0.0,0.0,0.0,0.0,0.0,0.0,0.046875,0.953125,0.0,0.0
11,9,0.0,0.0,0.0,0.0,0.0,0.0,0.0,0.0,0.046875,0.953125,0.0,0.0
11,9,0.0,0.0,0.0,0.0,0.0,0.0,0.0,0.0,0.046875,0.953125,0.0,0.0
11,9,0.0,0.0,0.0,0.0,0.0,0.0,0.0,0.0,0.046875,0.953125,0.0,0.0
11,9,0.0,0.0,0.0,0.0,0.0,0.0,0.0,0.0,0.046875,0.953125,0.0,0.0
11,9,0.0,0.0,0.0,0.0,0.0,0.0,0.0,0.0,0.046875,0.953125,0.0,0.0
11,9,0.0,0.0,0.0,0.0,0.0,0.0,0.0,0.0,0.046875,0.953125,0.0,0.0
11,9,0.0,0.0,0.0,0.0,0.0,0.0,0.0,0.0,0.046875,0.953125,0.0,0.0
11,9,0.0,0.0,0.0,0.0,0.0,0.0,0.0,0.0,0.046875,0.953125,0.0,0.0
11,9,0.0,0.0,0.0,0.0,0.0,0.0,0.0,0.0,0.046875,0.953125,0.0,0.0
11,9,0.0,0.0,0.0,0.0,0.0,0.0,0.0,0.0,0.046875,0.953125,0.0,0.0
11,9,0.0,0.0,0.0,0.0,0.0,0.0,0.0,0.0,0.046875,0.953125,0.0,0.0
11,9,0.0,0.0,0.0,0.0,0.0,0.0,0.0,0.0,0.046875,0.953125,0.0,0.0
11,9,0.0,0.0,0.0,0.0,0.0,0.0,0.0,0.0,0.046875,0.953125,0.0,0.0
11,9,0.0,0.0,0.0,0.0,0.0,0.0,0.0,0.0,0.046875,0.953125,0.0,0.0
11,9,0.0,0.0,0.0,0.0,0.0,0.0,0.0,0.0,0.046875,0.953125,0.0,0.0
11,9,0.0,0.0,0.0,0.0,0.0,0.0,0.0,0.0,0.046875,0.953125,0.0,0.0
11,9,0.0,0.0,0.0,0.0,0.0,0.0,0.0,0.0,0.046875,0.953125,0.0,0.0
11,9,0.0,0.0,0.0,0.0,0.0,0.0,0.0,0.0,0.046875,0.953125,0.0,0.0
11,9,0.0,0.0,0.0,0.0,0.0,0.0,0.0,0.0,0.046875,0.953125,0.0,0.0
11,9,0.0,0.0,0.0,0.0,0.0,0.0,0.0,0.0,0.046875,0.953125,0.0,0.0
12,9,0.0,0.0,0.0,0.0,0.0,0.0,0.0,0.0,0.046875,0.953125,0.0,0.0
12,9,0.0,0.0,0.0,0.0,0.0,0.0,0.0,0.0,0.046875,0.953125,0.0,0.0
12,9,0.0,0.0,0.0,0.0,0.0,0.0,0.0,0.0,0.046875,0.953125,0.0,0.0
12,9,0.0,0.0,0.0,0.0,0.0,0.0,0.0,0.0,0.046875,0.953125,0.0,0.0
12,9,0.0,0.0,0.0,0.0,0.0,0.0,0.0,0.0,0.046875,0.953125,0.0,0.0
12,9,0.0,0.0,0.0,0.0,0.0,0.0,0.0,0.0,0.046875,0.953125,0.0,0.0
12,9,0.0,0.0,0.0,0.0,0.0,0.0,0.0,0.0,0.046875,0.953125,0.0,0.0
12,9,0.0,0.0,0.0,0.0,0.0,0.0,0.0,0.0,0.046875,0.953125,0.0,0.0
12,9,0.0,0.0,0.0,0.0,0.0,0.0,0.0,0.0,0.046875,0.953125,0.0,0.0
12,9,0.0,0.0,0.0,0.0,0.0,0.0,0.0,0.0,0.046875,0.953125,0.0,0.0
12,9,0.0,0.0,0.0,0.0,0.0,0.0,0.0,0.0,0.046875,0.953125,0.0,0.0
12,9,0.0,0.0,0.0,0.0,0.0,0.0,0.0,0.0,0.046875,0.953125,0.0,0.0
12,9,0.0,0.0,0.0,0.0,0.0,0.0,0.0,0.0,0.046875,0.953125,0.0,0.0
12,9,0.0,0.0,0.0,0.0,0.0,0.0,0.0,0.0,0.046875,0.953125,0.0,0.0
12,9,0.0,0.0,0.0,0.0,0.0,0.0,0.0,0.0,0.046875,0.953125,0.0,0.0
12,9,0.0,0.0,0.0,0.0,0.0,0.0,0.0,0.0,0.046875,0.953125,0.0,0.0
12,9,0.0,0.0,0.0,0.0,0.0,0.0,0.0,0.0,0.046875,0.953125,0.0,0.0
12,9,0.0,0.0,0.0,0.0,0.0,0.0,0.0,0.0,0.046875,0.953125,0.0,0.0
12,9,0.0,0.0,0.0,0.0,0.0,0.0,0.0,0.0,0.046875,0.953125,0.0,0.0
12,9,0.0,0.0,0.0,0.0,0.0,0.0,0.0,0.0,0.046875,0.953125,0.0,0.0
12,9,0.0,0.0,0.0,0.0,0.0,0.0,0.0,0.0,0.046875,0.953125,0.0,0.0
12,9,0.0,0.0,0.0,0.0,0.0,0.0,0.0,0.0,0.046875,0.953125,0.0,0.0
12,9,0.0,0.0,0.0,0.0,0.0,0.0,0.0,0.0,0.046875,0.953125,0.0,0.0
12,9,0.0,0.0,0.0,0.0,0.0,0.0,0.0,0.0,0.046875,0.953125,0.0,0.0
12,9,0.0,0.0,0.0,0.0,0.0,0.0,0.0,0.0,0.046875,0.953125,0.0,0.0
12,9,0.0,0.0,0.0,0.0,0.0,0.0,0.0,0.0,0.046875,0.953125,0.0,0.0
12,9,0.0,0.0,0.0,0.0,0.0,0.0,0.0,0.0,0.046875,0.953125,0.0,0.0
12,9,0.0,0.0,0.0,0.0,0.0,0.0,0.0,0.0,0.046875,0.953125,0.0,0.0
12,9,0.0,0.0,0.0,0.0,0.0,0.0,0.0,0.0,0.046875,0.953125,0.0,0.0
12,9,0.0,0.0,0.0,0.0,0.0,0.0,0.0,0.0,0.046875,0.953125,0.0,0.0
12,9,0.0,0.0,0.0,0.0,0.0,0.0,0.0,0.0,0.046875,0.953125,0.0,0.0
12,9,0.0,0.0,0.0,0.0,0.0,0.0,0.0,0.0,0.046875,0.953125,0.0,0.0
12,9,0.0,0.0,0.0,0.0,0.0,0.0,0.0,0.0,0.046875,0.953125,0.0,0.0
12,9,0.0,0.0,0.0,0.0,0.0,0.0,0.0,0.0,0.046875,0.953125,0.0,0.0
12,9,0.0,0.0,0.0,0.0,0.0,0.0,0.0,0.0,0.046875,0.953125,0.0,0.0
12,9,0.0,0.0,0.0,0.0,0.0,0.0,0.0,0.0,0.046875,0.953125,0.0,0.0
12,9,0.0,0.0,0.0,0.0,0.0,0.0,0.0,0.0,0.046875,0.953125,0.0,0.0
12,9,0.0,0.0,0.0,0.0,0.0,0.0,0.0,0.0,0.046875,0.953125,0.0,0.0
12,9,0.0,0.0,0.0,0.0,0.0,0.0,0.0,0.0,0.046875,0.953125,0.0,0.0
12,9,0.0,0.0,0.0,0.0,0.0,0.0,0.0,0.0,0.046875,0.953125,0.0,0.0
12,9,0.0,0.0,0.0,0.0,0.0,0.0,0.0,0.0,0.046875,0.953125,0.0,0.0
12,9,0.0,0.0,0.0,0.0,0.0,0.0,0.0,0.0,0.046875,0.953125,0.0,0.0
12,9,0.0,0.0,0.0,0.0,0.0,0.0,0.0,0.0,0.046875,0.953125,0.0,0.0
12,9,0.0,0.0,0.0,0.0,0.0,0.0,0.0,0.0,0.046875,0.953125,0.0,0.0
12,9,0.0,0.0,0.0,0.0,0.0,0.0,0.0,0.0,0.046875,0.953125,0.0,0.0
12,9,0.0,0.0,0.0,0.0,0.0,0.0,0.0,0.0,0.046875,0.953125,0.0,0.0
12,9,0.0,0.0,0.0,0.0,0.0,0.0,0.0,0.0,0.046875,0.953125,0.0,0.0
12,9,0.0,0.0,0.0,0.0,0.0,0.0,0.0,0.0,0.046875,0.953125,0.0,0.0
12,9,0.0,0.0,0.0,0.0,0.0,0.0,0.0,0.0,0.046875,0.953125,0.0,0.0
12,9,0.0,0.0,0.0,0.0,0.0,0.0,0.0,0.0,0.03125,0.96875,0.0,0.0
12,9,0.0,0.0,0.0,0.0,0.0,0.0,0.0,0.0,0.03125,0.96875,0.0,0.0
12,9,0.0,0.0,0.0,0.0,0.0,0.0,0.0,0.0,0.03125,0.96875,0.0,0.0
12,9,0.0,0.0,0.0,0.0,0.0,0.0,0.0,0.0,0.03125,0.96875,0.0,0.0
12,9,0.0,0.0,0.0,0.0,0.0,0.0,0.0,0.0,0.046875,0.953125,0.0,0.0
12,9,0.0,0.0,0.0,0.0,0.0,0.0,0.0,0.0,0.046875,0.953125,0.0,0.0
12,9,0.0,0.0,0.0,0.0,0.0,0.0,0.0,0.0,0.046875,0.953125,0.0,0.0
12,9,0.0,0.0,0.0,0.0,0.0,0.0,0.0,0.0,0.046875,0.953125,0.0,0.0
12,9,0.0,0.0,0.0,0.0,0.0,0.0,0.0,0.0,0.046875,0.953125,0.0,0.0
12,9,0.0,0.0,0.0,0.0,0.0,0.0,0.0,0.0,0.046875,0.953125,0.0,0.0
12,9,0.0,0.0,0.0,0.0,0.0,0.0,0.0,0.0,0.046875,0.953125,0.0,0.0
12,9,0.0,0.0,0.0,0.0,0.0,0.0,0.0,0.0,0.046875,0.953125,0.0,0.0
12,9,0.0,0.0,0.0,0.0,0.0,0.0,0.0,0.0,0.046875,0.953125,0.0,0.0
12,9,0.0,0.0,0.0,0.0,0.0,0.0,0.0,0.0,0.046875,0.953125,0.0,0.0
12,9,0.0,0.0,0.0,0.0,0.0,0.0,0.0,0.0,0.046875,0.953125,0.0,0.0
12,9,0.0,0.0,0.0,0.0,0.0,0.0,0.0,0.0,0.046875,0.953125,0.0,0.0
12,9,0.0,0.0,0.0,0.0,0.0,0.0,0.0,0.0,0.046875,0.953125,0.0,0.0
12,9,0.0,0.0,0.0,0.0,0.0,0.0,0.0,0.0,0.046875,0.953125,0.0,0.0
12,9,0.0,0.0,0.0,0.0,0.0,0.0,0.0,0.0,0.046875,0.953125,0.0,0.0
12,9,0.0,0.0,0.0,0.0,0.0,0.0,0.0,0.0,0.046875,0.953125,0.0,0.0
12,9,0.0,0.0,0.0,0.0,0.0,0.0,0.0,0.0,0.046875,0.953125,0.0,0.0
12,9,0.0,0.0,0.0,0.0,0.0,0.0,0.0,0.0,0.046875,0.953125,0.0,0.0
12,9,0.0,0.0,0.0,0.0,0.0,0.0,0.0,0.0,0.046875,0.953125,0.0,0.0
12,9,0.0,0.0,0.0,0.0,0.0,0.0,0.0,0.0,0.046875,0.953125,0.0,0.0
12,9,0.0,0.0,0.0,0.0,0.0,0.0,0.0,0.0,0.046875,0.953125,0.0,0.0
12,9,0.0,0.0,0.0,0.0,0.0,0.0,0.0,0.0,0.046875,0.953125,0.0,0.0
12,9,0.0,0.0,0.0,0.0,0.0,0.0,0.0,0.0,0.046875,0.953125,0.0,0.0
12,9,0.0,0.0,0.0,0.0,0.0,0.0,0.0,0.0,0.046875,0.953125,0.0,0.0
12,9,0.0,0.0,0.0,0.0,0.0,0.0,0.0,0.0,0.046875,0.953125,0.0,0.0
12,9,0.0,0.0,0.0,0.0,0.0,0.0,0.0,0.0,0.046875,0.953125,0.0,0.0
12,9,0.0,0.0,0.0,0.0,0.0,0.0,0.0,0.0,0.03125,0.96875,0.0,0.0
12,9,0.0,0.0,0.0,0.0,0.0,0.0,0.0,0.0,0.03125,0.96875,0.0,0.0
12,9,0.0,0.0,0.0,0.0,0.0,0.0,0.0,0.0,0.03125,0.96875,0.0,0.0
12,9,0.0,0.0,0.0,0.0,0.0,0.0,0.0,0.0,0.03125,0.96875,0.0,0.0
12,9,0.0,0.0,0.0,0.0,0.0,0.0,0.0,0.0,0.03125,0.96875,0.0,0.0
12,9,0.0,0.0,0.0,0.0,0.0,0.0,0.0,0.0,0.03125,0.96875,0.0,0.0
12,9,0.0,0.0,0.0,0.0,0.0,0.0,0.0,0.0,0.03125,0.96875,0.0,0.0
12,9,0.0,0.0,0.0,0.0,0.0,0.0,0.0,0.0,0.03125,0.96875,0.0,0.0
12,9,0.0,0.0,0.0,0.0,0.0,0.0,0.0,0.0,0.03125,0.96875,0.0,0.0
12,9,0.0,0.0,0.0,0.0,0.0,0.0,0.0,0.0,0.03125,0.96875,0.0,0.0
12,9,0.0,0.0,0.0,0.0,0.0,0.0,0.0,0.0,0.03125,0.96875,0.0,0.0
12,9,0.0,0.0,0.0,0.0,0.0,0.0,0.0,0.0,0.03125,0.96875,0.0,0.0
12,9,0.0,0.0,0.0,0.0,0.0,0.0,0.0,0.0,0.015625,0.984375,0.0,0.0
12,9,0.0,0.0,0.0,0.0,0.0,0.0,0.0,0.0,0.015625,0.984375,0.0,0.0
12,9,0.0,0.0,0.0,0.0,0.0,0.0,0.0,0.0,0.015625,0.984375,0.0,0.0
12,9,0.0,0.0,0.0,0.0,0.0,0.0,0.0,0.0,0.015625,0.984375,0.0,0.0
12,9,0.0,0.0,0.0,0.0,0.0,0.0,0.0,0.0,0.015625,0.984375,0.0,0.0
12,9,0.0,0.0,0.0,0.0,0.0,0.0,0.0,0.0,0.015625,0.984375,0.0,0.0
12,9,0.0,0.0,0.0,0.0,0.0,0.0,0.0,0.0,0.015625,0.984375,0.0,0.0
12,9,0.0,0.0,0.0,0.0,0.0,0.0,0.0,0.0,0.015625,0.984375,0.0,0.0
12,9,0.0,0.0,0.0,0.0,0.0,0.0,0.0,0.0,0.015625,0.984375,0.0,0.0
12,9,0.0,0.0,0.0,0.0,0.0,0.0,0.0,0.0,0.015625,0.984375,0.0,0.0
12,9,0.0,0.0,0.0,0.0,0.0,0.0,0.0,0.0,0.015625,0.984375,0.0,0.0
12,9,0.0,0.0,0.0,0.0,0.0,0.0,0.0,0.0,0.015625,0.984375,0.0,0.0
12,9,0.0,0.0,0.0,0.0,0.0,0.0,0.0,0.0,0.015625,0.984375,0.0,0.0
12,9,0.0,0.0,0.0,0.0,0.0,0.0,0.0,0.0,0.015625,0.984375,0.0,0.0
12,9,0.0,0.0,0.0,0.0,0.0,0.0,0.0,0.0,0.015625,0.984375,0.0,0.0
12,9,0.0,0.0,0.0,0.0,0.0,0.0,0.0,0.0,0.015625,0.984375,0.0,0.0
12,9,0.0,0.0,0.0,0.0,0.0,0.0,0.0,0.0,0.015625,0.984375,0.0,0.0
12,9,0.0,0.0,0.0,0.0,0.0,0.0,0.0,0.0,0.015625,0.984375,0.0,0.0
12,9,0.0,0.0,0.0,0.0,0.0,0.0,0.0,0.0,0.015625,0.984375,0.0,0.0
12,9,0.0,0.0,0.0,0.0,0.0,0.0,0.0,0.0,0.015625,0.984375,0.0,0.0
12,9,0.0,0.0,0.0,0.0,0.0,0.0,0.0,0.0,0.015625,0.984375,0.0,0.0
12,9,0.0,0.0,0.0,0.0,0.0,0.0,0.0,0.0,0.015625,0.984375,0.0,0.0
12,9,0.0,0.0,0.0,0.0,0.0,0.0,0.0,0.0,0.015625,0.984375,0.0,0.0
12,9,0.0,0.0,0.0,0.0,0.0,0.0,0.0,0.0,0.015625,0.984375,0.0,0.0
12,9,0.0,0.0,0.0,0.0,0.0,0.0,0.0,0.0,0.015625,0.984375,0.0,0.0
12,9,0.0,0.0,0.0,0.0,0.0,0.0,0.0,0.0,0.015625,0.984375,0.0,0.0
12,9,0.0,0.0,0.0,0.0,0.0,0.0,0.0,0.0,0.015625,0.984375,0.0,0.0
12,9,0.0,0.0,0.0,0.0,0.0,0.0,0.0,0.0,0.015625,0.984375,0.0,0.0
12,9,0.0,0.0,0.0,0.0,0.0,0.0,0.0,0.0,0.015625,0.984375,0.0,0.0
12,9,0.0,0.0,0.0,0.0,0.0,0.0,0.0,0.0,0.015625,0.984375,0.0,0.0
12,9,0.0,0.0,0.0,0.0,0.0,0.0,0.0,0.0,0.015625,0.984375,0.0,0.0
12,9,0.0,0.0,0.0,0.0,0.0,0.0,0.0,0.0,0.015625,0.984375,0.0,0.0
12,9,0.0,0.0,0.0,0.0,0.0,0.0,0.0,0.0,0.015625,0.984375,0.0,0.0
12,9,0.0,0.0,0.0,0.0,0.0,0.0,0.0,0.0,0.015625,0.984375,0.0,0.0
12,9,0.0,0.0,0.0,0.0,0.0,0.0,0.0,0.0,0.015625,0.984375,0.0,0.0
12,9,0.0,0.0,0.0,0.0,0.0,0.0,0.0,0.0,0.015625,0.984375,0.0,0.0
12,9,0.0,0.0,0.0,0.0,0.0,0.0,0.0,0.0,0.015625,0.984375,0.0,0.0
12,9,0.0,0.0,0.0,0.0,0.0,0.0,0.0,0.0,0.015625,0.984375,0.0,0.0
12,9,0.0,0.0,0.0,0.0,0.0,0.0,0.0,0.0,0.015625,0.984375,0.0,0.0
12,9,0.0,0.0,0.0,0.0,0.0,0.0,0.0,0.0,0.015625,0.984375,0.0,0.0
12,9,0.0,0.0,0.0,0.0,0.0,0.0,0.0,0.0,0.03125,0.96875,0.0,0.0
12,9,0.0,0.0,0.0,0.0,0.0,0.0,0.0,0.0,0.03125,0.96875,0.0,0.0
12,9,0.0,0.0,0.0,0.0,0.0,0.0,0.0,0.0,0.03125,0.96875,0.0,0.0
12,9,0.0,0.0,0.0,0.0,0.0,0.0,0.0,0.0,0.03125,0.96875,0.0,0.0
12,9,0.0,0.0,0.0,0.0,0.0,0.0,0.0,0.0,0.03125,0.96875,0.0,0.0
12,9,0.0,0.0,0.0,0.0,0.0,0.0,0.0,0.0,0.03125,0.96875,0.0,0.0
12,9,0.0,0.0,0.0,0.0,0.0,0.0,0.0,0.0,0.03125,0.96875,0.0,0.0
12,9,0.0,0.0,0.0,0.0,0.0,0.0,0.0,0.0,0.03125,0.96875,0.0,0.0
12,9,0.0,0.0,0.0,0.0,0.0,0.0,0.0,0.0,0.03125,0.96875,0.0,0.0
12,9,0.0,0.0,0.0,0.0,0.0,0.0,0.0,0.0,0.03125,0.96875,0.0,0.0
12,9,0.0,0.0,0.0,0.0,0.0,0.0,0.0,0.0,0.03125,0.96875,0.0,0.0
12,9,0.0,0.0,0.0,0.0,0.0,0.0,0.0,0.0,0.03125,0.96875,0.0,0.0
12,9,0.0,0.0,0.0,0.0,0.0,0.0,0.0,0.0,0.03125,0.96875,0.0,0.0
12,9,0.0,0.0,0.0,0.0,0.0,0.0,0.0,0.0,0.03125,0.96875,0.0,0.0
12,9,0.0,0.0,0.0,0.0,0.0,0.0,0.0,0.0,0.03125,0.96875,0.0,0.0
12,9,0.0,0.0,0.0,0.0,0.0,0.0,0.0,0.0,0.03125,0.96875,0.0,0.0
12,9,0.0,0.0,0.0,0.0,0.0,0.0,0.0,0.0,0.03125,0.96875,0.0,0.0
12,9,0.0,0.0,0.0,0.0,0.0,0.0,0.0,0.0,0.03125,0.96875,0.0,0.0
12,9,0.0,0.0,0.0,0.0,0.0,0.0,0.0,0.0,0.03125,0.96875,0.0,0.0
12,9,0.0,0.0,0.0,0.0,0.0,0.0,0.0,0.0,0.03125,0.96875,0.0,0.0
12,9,0.0,0.0,0.0,0.0,0.0,0.0,0.0,0.0,0.03125,0.96875,0.0,0.0
12,9,0.0,0.0,0.0,0.0,0.0,0.0,0.0,0.0,0.03125,0.96875,0.0,0.0
12,9,0.0,0.0,0.0,0.0,0.0,0.0,0.0,0.0,0.03125,0.96875,0.0,0.0
12,9,0.0,0.0,0.0,0.0,0.0,0.0,0.0,0.0,0.03125,0.96875,0.0,0.0
12,9,0.0,0.0,0.0,0.0,0.0,0.0,0.0,0.0,0.03125,0.96875,0.0,0.0
12,9,0.0,0.0,0.0,0.0,0.0,0.0,0.0,0.0,0.03125,0.96875,0.0,0.0
12,9,0.0,0.0,0.0,0.0,0.0,0.0,0.0,0.0,0.015625,0.984375,0.0,0.0
12,9,0.0,0.0,0.0,0.0,0.0,0.0,0.0,0.0,0.015625,0.984375,0.0,0.0
12,9,0.0,0.0,0.0,0.0,0.0,0.0,0.0,0.0,0.015625,0.984375,0.0,0.0
12,9,0.0,0.0,0.0,0.0,0.0,0.0,0.0,0.0,0.015625,0.984375,0.0,0.0
12,9,0.0,0.0,0.0,0.0,0.0,0.0,0.0,0.0,0.015625,0.984375,0.0,0.0
12,9,0.0,0.0,0.0,0.0,0.0,0.0,0.0,0.0,0.015625,0.984375,0.0,0.0
12,9,0.0,0.0,0.0,0.0,0.0,0.0,0.0,0.0,0.0,1.0,0.0,0.0
12,9,0.0,0.0,0.0,0.0,0.0,0.0,0.0,0.0,0.0,1.0,0.0,0.0
12,9,0.0,0.0,0.0,0.0,0.0,0.0,0.0,0.0,0.0,1.0,0.0,0.0
12,9,0.0,0.0,0.0,0.0,0.0,0.0,0.0,0.0,0.0,1.0,0.0,0.0
12,9,0.0,0.0,0.0,0.0,0.0,0.0,0.0,0.0,0.0,1.0,0.0,0.0
12,9,0.0,0.0,0.0,0.0,0.0,0.0,0.0,0.0,0.0,1.0,0.0,0.0
12,9,0.0,0.0,0.0,0.0,0.0,0.0,0.0,0.0,0.0,1.0,0.0,0.0
12,9,0.0,0.0,0.0,0.0,0.0,0.0,0.0,0.0,0.0,1.0,0.0,0.0
12,9,0.0,0.0,0.0,0.0,0.0,0.0,0.0,0.0,0.0,1.0,0.0,0.0
12,9,0.0,0.0,0.0,0.0,0.0,0.0,0.0,0.0,0.0,1.0,0.0,0.0
12,9,0.0,0.0,0.0,0.0,0.0,0.0,0.0,0.0,0.0,1.0,0.0,0.0
12,9,0.0,0.0,0.0,0.0,0.0,0.0,0.0,0.0,0.0,1.0,0.0,0.0
12,9,0.0,0.0,0.0,0.0,0.0,0.0,0.0,0.0,0.0,1.0,0.0,0.0
12,9,0.0,0.0,0.0,0.0,0.0,0.0,0.0,0.0,0.0,1.0,0.0,0.0
12,9,0.0,0.0,0.0,0.0,0.0,0.0,0.0,0.0,0.0,1.0,0.0,0.0
12,9,0.0,0.0,0.0,0.0,0.0,0.0,0.0,0.0,0.0,1.0,0.0,0.0
12,9,0.0,0.0,0.0,0.0,0.0,0.0,0.0,0.0,0.0,1.0,0.0,0.0
12,9,0.0,0.0,0.0,0.0,0.0,0.0,0.0,0.0,0.0,1.0,0.0,0.0
12,9,0.0,0.0,0.0,0.0,0.0,0.0,0.0,0.0,0.0,1.0,0.0,0.0
12,9,0.0,0.0,0.0,0.0,0.0,0.0,0.0,0.0,0.0,1.0,0.0,0.0
12,9,0.0,0.0,0.0,0.0,0.0,0.0,0.0,0.0,0.0,1.0,0.0,0.0
12,9,0.0,0.0,0.0,0.0,0.0,0.0,0.0,0.0,0.0,1.0,0.0,0.0
12,9,0.0,0.0,0.0,0.0,0.0,0.0,0.0,0.0,0.0,1.0,0.0,0.0
12,9,0.0,0.0,0.0,0.0,0.0,0.0,0.0,0.0,0.0,1.0,0.0,0.0
12,9,0.0,0.0,0.0,0.0,0.0,0.0,0.0,0.0,0.0,1.0,0.0,0.0
12,9,0.0,0.0,0.0,0.0,0.0,0.0,0.0,0.0,0.0,1.0,0.0,0.0
12,9,0.0,0.0,0.0,0.0,0.0,0.0,0.0,0.0,0.0,1.0,0.0,0.0
12,9,0.0,0.0,0.0,0.0,0.0,0.0,0.0,0.0,0.0,1.0,0.0,0.0
12,9,0.0,0.0,0.0,0.0,0.0,0.0,0.0,0.0,0.0,1.0,0.0,0.0
12,9,0.0,0.0,0.0,0.0,0.0,0.0,0.0,0.0,0.0,1.0,0.0,0.0
12,9,0.0,0.0,0.0,0.0,0.0,0.0,0.0,0.0,0.0,1.0,0.0,0.0
12,9,0.0,0.0,0.0,0.0,0.0,0.0,0.0,0.0,0.0,1.0,0.0,0.0
12,9,0.0,0.0,0.0,0.0,0.0,0.0,0.0,0.0,0.0,1.0,0.0,0.0
12,9,0.0,0.0,0.0,0.0,0.0,0.0,0.0,0.0,0.0,1.0,0.0,0.0
12,9,0.0,0.0,0.0,0.0,0.0,0.0,0.0,0.0,0.0,1.0,0.0,0.0
12,9,0.0,0.0,0.0,0.0,0.0,0.0,0.0,0.0,0.0,1.0,0.0,0.0
12,9,0.0,0.0,0.0,0.0,0.0,0.0,0.0,0.0,0.0,1.0,0.0,0.0
12,9,0.0,0.0,0.0,0.0,0.0,0.0,0.0,0.0,0.0,1.0,0.0,0.0
12,9,0.0,0.0,0.0,0.0,0.0,0.0,0.0,0.0,0.0,1.0,0.0,0.0
12,9,0.0,0.0,0.0,0.0,0.0,0.0,0.0,0.0,0.0,1.0,0.0,0.0
12,9,0.0,0.0,0.0,0.0,0.0,0.0,0.0,0.0,0.0,1.0,0.0,0.0
12,9,0.0,0.0,0.0,0.0,0.0,0.0,0.0,0.0,0.0,1.0,0.0,0.0
12,9,0.0,0.0,0.0,0.0,0.0,0.0,0.0,0.0,0.0,1.0,0.0,0.0
12,9,0.0,0.0,0.0,0.0,0.0,0.0,0.0,0.0,0.0,1.0,0.0,0.0
12,9,0.0,0.0,0.0,0.0,0.0,0.0,0.0,0.0,0.0,1.0,0.0,0.0
12,9,0.0,0.0,0.0,0.0,0.0,0.0,0.0,0.0,0.0,1.0,0.0,0.0
12,9,0.0,0.0,0.0,0.0,0.0,0.0,0.0,0.0,0.0,1.0,0.0,0.0
12,9,0.0,0.0,0.0,0.0,0.0,0.0,0.0,0.0,0.0,1.0,0.0,0.0
12,9,0.0,0.0,0.0,0.0,0.0,0.0,0.0,0.0,0.0,1.0,0.0,0.0
12,9,0.0,0.0,0.0,0.0,0.0,0.0,0.0,0.0,0.0,1.0,0.0,0.0
12,9,0.0,0.0,0.0,0.0,0.0,0.0,0.0,0.0,0.0,1.0,0.0,0.0
12,9,0.0,0.0,0.0,0.0,0.0,0.0,0.0,0.0,0.0,1.0,0.0,0.0
12,9,0.0,0.0,0.0,0.0,0.0,0.0,0.0,0.0,0.0,1.0,0.0,0.0
12,9,0.0,0.0,0.0,0.0,0.0,0.0,0.0,0.0,0.0,1.0,0.0,0.0
12,9,0.0,0.0,0.0,0.0,0.0,0.0,0.0,0.0,0.0,1.0,0.0,0.0
12,9,0.0,0.0,0.0,0.0,0.0,0.0,0.0,0.0,0.0,1.0,0.0,0.0
12,9,0.0,0.0,0.0,0.0,0.0,0.0,0.0,0.0,0.0,1.0,0.0,0.0
12,9,0.0,0.0,0.0,0.0,0.0,0.0,0.0,0.0,0.0,1.0,0.0,0.0
12,9,0.0,0.0,0.0,0.0,0.0,0.0,0.0,0.0,0.0,1.0,0.0,0.0
12,9,0.0,0.0,0.0,0.0,0.0,0.0,0.0,0.0,0.0,1.0,0.0,0.0
12,9,0.0,0.0,0.0,0.0,0.0,0.0,0.0,0.0,0.0,1.0,0.0,0.0
12,9,0.0,0.0,0.0,0.0,0.0,0.0,0.0,0.0,0.0,1.0,0.0,0.0
12,9,0.0,0.0,0.0,0.0,0.0,0.0,0.0,0.0,0.0,1.0,0.0,0.0
12,9,0.0,0.0,0.0,0.0,0.0,0.0,0.0,0.0,0.0,1.0,0.0,0.0
12,9,0.0,0.0,0.0,0.0,0.0,0.0,0.0,0.0,0.0,1.0,0.0,0.0
12,9,0.0,0.0,0.0,0.0,0.0,0.0,0.0,0.0,0.0,1.0,0.0,0.0
12,9,0.0,0.0,0.0,0.0,0.0,0.0,0.0,0.0,0.0,1.0,0.0,0.0
12,9,0.0,0.0,0.0,0.0,0.0,0.0,0.0,0.0,0.0,1.0,0.0,0.0
12,9,0.0,0.0,0.0,0.0,0.0,0.0,0.0,0.0,0.0,1.0,0.0,0.0
12,9,0.0,0.0,0.0,0.0,0.0,0.0,0.0,0.0,0.0,1.0,0.0,0.0
12,9,0.0,0.0,0.0,0.0,0.0,0.0,0.0,0.0,0.0,1.0,0.0,0.0
12,9,0.0,0.0,0.0,0.0,0.0,0.0,0.0,0.0,0.0,1.0,0.0,0.0
12,9,0.0,0.0,0.0,0.0,0.0,0.0,0.0,0.0,0.0,1.0,0.0,0.0
12,9,0.0,0.0,0.0,0.0,0.0,0.0,0.0,0.0,0.0,1.0,0.0,0.0
12,9,0.0,0.0,0.0,0.0,0.0,0.0,0.0,0.0,0.0,1.0,0.0,0.0
12,9,0.0,0.0,0.0,0.0,0.0,0.0,0.0,0.0,0.0,1.0,0.0,0.0
12,9,0.0,0.0,0.0,0.0,0.0,0.0,0.0,0.0,0.0,1.0,0.0,0.0
12,9,0.0,0.0,0.0,0.0,0.0,0.0,0.0,0.0,0.0,1.0,0.0,0.0
12,9,0.0,0.0,0.0,0.0,0.0,0.0,0.0,0.0,0.0,1.0,0.0,0.0
12,9,0.0,0.0,0.0,0.0,0.0,0.0,0.0,0.0,0.0,1.0,0.0,0.0
12,9,0.0,0.0,0.0,0.0,0.0,0.0,0.0,0.0,0.0,1.0,0.0,0.0
12,9,0.0,0.0,0.0,0.0,0.0,0.0,0.0,0.0,0.0,1.0,0.0,0.0
12,9,0.0,0.0,0.0,0.0,0.0,0.0,0.0,0.0,0.0,1.0,0.0,0.0
12,9,0.0,0.0,0.0,0.0,0.0,0.0,0.0,0.0,0.0,1.0,0.0,0.0
12,9,0.0,0.0,0.0,0.0,0.0,0.0,0.0,0.0,0.0,1.0,0.0,0.0
12,9,0.0,0.0,0.0,0.0,0.0,0.0,0.0,0.0,0.0,1.0,0.0,0.0
12,9,0.0,0.0,0.0,0.0,0.0,0.0,0.0,0.0,0.0,1.0,0.0,0.0
12,9,0.0,0.0,0.0,0.0,0.0,0.0,0.0,0.0,0.0,1.0,0.0,0.0
12,9,0.0,0.0,0.0,0.0,0.0,0.0,0.0,0.0,0.0,1.0,0.0,0.0
12,9,0.0,0.0,0.0,0.0,0.0,0.0,0.0,0.0,0.0,1.0,0.0,0.0
12,9,0.0,0.0,0.0,0.0,0.0,0.0,0.0,0.0,0.0,1.0,0.0,0.0
12,9,0.0,0.0,0.0,0.0,0.0,0.0,0.0,0.0,0.0,1.0,0.0,0.0
12,9,0.0,0.0,0.0,0.0,0.0,0.0,0.0,0.0,0.0,1.0,0.0,0.0
12,9,0.0,0.0,0.0,0.0,0.0,0.0,0.0,0.0,0.0,1.0,0.0,0.0
12,9,0.0,0.0,0.0,0.0,0.0,0.0,0.0,0.0,0.0,1.0,0.0,0.0
12,9,0.0,0.0,0.0,0.0,0.0,0.0,0.0,0.0,0.0,1.0,0.0,0.0
12,9,0.0,0.0,0.0,0.0,0.0,0.0,0.0,0.0,0.0,1.0,0.0,0.0
12,9,0.0,0.0,0.0,0.0,0.0,0.0,0.0,0.0,0.0,1.0,0.0,0.0
12,9,0.0,0.0,0.0,0.0,0.0,0.0,0.0,0.0,0.0,1.0,0.0,0.0
12,9,0.0,0.0,0.0,0.0,0.0,0.0,0.0,0.0,0.0,1.0,0.0,0.0
12,9,0.0,0.0,0.0,0.0,0.0,0.0,0.0,0.0,0.0,1.0,0.0,0.0
12,9,0.0,0.0,0.0,0.0,0.0,0.0,0.0,0.0,0.0,1.0,0.0,0.0
12,9,0.0,0.0,0.0,0.0,0.0,0.0,0.0,0.0,0.0,1.0,0.0,0.0
12,9,0.0,0.0,0.0,0.0,0.0,0.0,0.0,0.0,0.0,1.0,0.0,0.0
12,9,0.0,0.0,0.0,0.0,0.0,0.0,0.0,0.0,0.0,1.0,0.0,0.0
12,9,0.0,0.0,0.0,0.0,0.0,0.0,0.0,0.0,0.0,1.0,0.0,0.0
12,9,0.0,0.0,0.0,0.0,0.0,0.0,0.0,0.0,0.0,1.0,0.0,0.0
12,9,0.0,0.0,0.0,0.0,0.0,0.0,0.0,0.0,0.0,1.0,0.0,0.0
12,9,0.0,0.0,0.0,0.0,0.0,0.0,0.0,0.0,0.0,1.0,0.0,0.0
12,9,0.0,0.0,0.0,0.0,0.0,0.0,0.0,0.0,0.0,1.0,0.0,0.0
12,9,0.0,0.0,0.0,0.0,0.0,0.0,0.0,0.0,0.0,1.0,0.0,0.0
12,9,0.0,0.0,0.0,0.0,0.0,0.0,0.0,0.0,0.0,1.0,0.0,0.0
12,9,0.0,0.0,0.0,0.0,0.0,0.0,0.0,0.0,0.0,1.0,0.0,0.0
12,9,0.0,0.0,0.0,0.0,0.0,0.0,0.0,0.0,0.0,1.0,0.0,0.0
12,9,0.0,0.0,0.0,0.0,0.0,0.0,0.0,0.0,0.0,1.0,0.0,0.0
12,9,0.0,0.0,0.0,0.0,0.0,0.0,0.0,0.0,0.0,1.0,0.0,0.0
12,9,0.0,0.0,0.0,0.0,0.0,0.0,0.0,0.0,0.0,1.0,0.0,0.0
12,9,0.0,0.0,0.0,0.0,0.0,0.0,0.0,0.0,0.0,1.0,0.0,0.0
12,9,0.0,0.0,0.0,0.0,0.0,0.0,0.0,0.0,0.0,1.0,0.0,0.0
12,9,0.0,0.0,0.0,0.0,0.0,0.0,0.0,0.0,0.0,1.0,0.0,0.0
12,9,0.0,0.0,0.0,0.0,0.0,0.0,0.0,0.0,0.0,1.0,0.0,0.0
12,9,0.0,0.0,0.0,0.0,0.0,0.0,0.0,0.0,0.0,1.0,0.0,0.0
12,9,0.0,0.0,0.0,0.0,0.0,0.0,0.0,0.0,0.0,1.0,0.0,0.0
12,9,0.0,0.0,0.0,0.0,0.0,0.0,0.0,0.0,0.0,1.0,0.0,0.0
12,9,0.0,0.0,0.0,0.0,0.0,0.0,0.0,0.0,0.0,1.0,0.0,0.0
12,9,0.0,0.0,0.0,0.0,0.0,0.0,0.0,0.0,0.0,1.0,0.0,0.0
12,9,0.0,0.0,0.0,0.0,0.0,0.0,0.0,0.0,0.0,1.0,0.0,0.0
12,9,0.0,0.0,0.0,0.0,0.0,0.0,0.0,0.0,0.0,1.0,0.0,0.0
12,9,0.0,0.0,0.0,0.0,0.0,0.0,0.0,0.0,0.0,1.0,0.0,0.0
12,9,0.0,0.0,0.0,0.0,0.0,0.0,0.0,0.0,0.0,1.0,0.0,0.0
12,9,0.0,0.0,0.0,0.0,0.0,0.0,0.0,0.0,0.0,1.0,0.0,0.0
12,9,0.0,0.0,0.0,0.0,0.0,0.0,0.0,0.0,0.0,1.0,0.0,0.0
12,9,0.0,0.0,0.0,0.0,0.0,0.0,0.0,0.0,0.0,1.0,0.0,0.0
12,9,0.0,0.0,0.0,0.0,0.0,0.0,0.0,0.0,0.0,1.0,0.0,0.0
12,9,0.0,0.0,0.0,0.0,0.0,0.0,0.0,0.0,0.0,1.0,0.0,0.0
12,9,0.0,0.0,0.0,0.0,0.0,0.0,0.0,0.0,0.0,1.0,0.0,0.0
12,9,0.0,0.0,0.0,0.0,0.0,0.0,0.0,0.0,0.0,1.0,0.0,0.0
12,9,0.0,0.0,0.0,0.0,0.0,0.0,0.0,0.0,0.0,1.0,0.0,0.0
12,9,0.0,0.0,0.0,0.0,0.0,0.0,0.0,0.0,0.0,1.0,0.0,0.0
12,9,0.0,0.0,0.0,0.0,0.0,0.0,0.0,0.0,0.0,1.0,0.0,0.0
12,9,0.0,0.0,0.0,0.0,0.0,0.0,0.0,0.0,0.0,1.0,0.0,0.0
12,9,0.0,0.0,0.0,0.0,0.0,0.0,0.0,0.0,0.0,1.0,0.0,0.0
12,9,0.0,0.0,0.0,0.0,0.0,0.0,0.0,0.0,0.0,1.0,0.0,0.0
12,9,0.0,0.0,0.0,0.0,0.0,0.0,0.0,0.0,0.0,1.0,0.0,0.0
12,9,0.0,0.0,0.0,0.0,0.0,0.0,0.0,0.0,0.0,1.0,0.0,0.0
12,9,0.0,0.0,0.0,0.0,0.0,0.0,0.0,0.0,0.0,1.0,0.0,0.0
12,9,0.0,0.0,0.0,0.0,0.0,0.0,0.0,0.0,0.0,1.0,0.0,0.0
12,9,0.0,0.0,0.0,0.0,0.0,0.0,0.0,0.0,0.0,1.0,0.0,0.0
12,9,0.0,0.0,0.0,0.0,0.0,0.0,0.0,0.0,0.0,1.0,0.0,0.0
12,9,0.0,0.0,0.0,0.0,0.0,0.0,0.0,0.0,0.0,1.0,0.0,0.0
12,9,0.0,0.0,0.0,0.0,0.0,0.0,0.0,0.0,0.0,1.0,0.0,0.0
12,9,0.0,0.0,0.0,0.0,0.0,0.0,0.0,0.0,0.0,1.0,0.0,0.0
12,9,0.0,0.0,0.0,0.0,0.0,0.0,0.0,0.0,0.0,1.0,0.0,0.0
12,9,0.0,0.0,0.0,0.0,0.0,0.0,0.0,0.0,0.0,1.0,0.0,0.0
12,9,0.0,0.0,0.0,0.0,0.0,0.0,0.0,0.0,0.0,1.0,0.0,0.0
12,9,0.0,0.0,0.0,0.0,0.0,0.0,0.0,0.0,0.0,1.0,0.0,0.0
12,9,0.0,0.0,0.0,0.0,0.0,0.0,0.0,0.0,0.0,1.0,0.0,0.0
12,9,0.0,0.0,0.0,0.0,0.0,0.0,0.0,0.0,0.0,1.0,0.0,0.0
12,9,0.0,0.0,0.0,0.0,0.0,0.0,0.0,0.0,0.0,1.0,0.0,0.0
12,9,0.0,0.0,0.0,0.0,0.0,0.0,0.0,0.0,0.0,1.0,0.0,0.0
12,9,0.0,0.0,0.0,0.0,0.0,0.0,0.0,0.0,0.0,1.0,0.0,0.0
12,9,0.0,0.0,0.0,0.0,0.0,0.0,0.0,0.0,0.0,1.0,0.0,0.0
12,9,0.0,0.0,0.0,0.0,0.0,0.0,0.0,0.0,0.0,1.0,0.0,0.0
12,9,0.0,0.0,0.0,0.0,0.0,0.0,0.0,0.0,0.0,1.0,0.0,0.0
12,9,0.0,0.0,0.0,0.0,0.0,0.0,0.0,0.0,0.0,1.0,0.0,0.0
12,9,0.0,0.0,0.0,0.0,0.0,0.0,0.0,0.0,0.0,1.0,0.0,0.0
12,9,0.0,0.0,0.0,0.0,0.0,0.0,0.0,0.0,0.0,1.0,0.0,0.0
12,9,0.0,0.0,0.0,0.0,0.0,0.0,0.0,0.0,0.0,1.0,0.0,0.0
12,9,0.0,0.0,0.0,0.0,0.0,0.0,0.0,0.0,0.0,1.0,0.0,0.0
12,9,0.0,0.0,0.0,0.0,0.0,0.0,0.0,0.0,0.0,1.0,0.0,0.0
12,9,0.0,0.0,0.0,0.0,0.0,0.0,0.0,0.0,0.0,1.0,0.0,0.0
12,9,0.0,0.0,0.0,0.0,0.0,0.0,0.0,0.0,0.0,1.0,0.0,0.0
12,9,0.0,0.0,0.0,0.0,0.0,0.0,0.0,0.0,0.0,1.0,0.0,0.0
12,9,0.0,0.0,0.0,0.0,0.0,0.0,0.0,0.0,0.0,1.0,0.0,0.0
12,9,0.0,0.0,0.0,0.0,0.0,0.0,0.0,0.0,0.0,1.0,0.0,0.0
12,9,0.0,0.0,0.0,0.0,0.0,0.0,0.0,0.0,0.0,1.0,0.0,0.0
12,9,0.0,0.0,0.0,0.0,0.0,0.0,0.0,0.0,0.0,1.0,0.0,0.0
12,9,0.0,0.0,0.0,0.0,0.0,0.0,0.0,0.0,0.0,1.0,0.0,0.0
12,9,0.0,0.0,0.0,0.0,0.0,0.0,0.0,0.0,0.0,1.0,0.0,0.0
12,9,0.0,0.0,0.0,0.0,0.0,0.0,0.0,0.0,0.0,1.0,0.0,0.0
12,9,0.0,0.0,0.0,0.0,0.0,0.0,0.0,0.0,0.0,1.0,0.0,0.0
12,9,0.0,0.0,0.0,0.0,0.0,0.0,0.0,0.0,0.0,1.0,0.0,0.0
12,9,0.0,0.0,0.0,0.0,0.0,0.0,0.0,0.0,0.0,1.0,0.0,0.0
12,9,0.0,0.0,0.0,0.0,0.0,0.0,0.0,0.0,0.0,1.0,0.0,0.0
12,9,0.0,0.0,0.0,0.0,0.0,0.0,0.0,0.0,0.0,1.0,0.0,0.0
12,9,0.0,0.0,0.0,0.0,0.0,0.0,0.0,0.0,0.0,1.0,0.0,0.0
12,9,0.0,0.0,0.0,0.0,0.0,0.0,0.0,0.0,0.0,1.0,0.0,0.0
12,9,0.0,0.0,0.0,0.0,0.0,0.0,0.0,0.0,0.0,1.0,0.0,0.0
12,9,0.0,0.0,0.0,0.0,0.0,0.0,0.0,0.0,0.0,1.0,0.0,0.0
12,9,0.0,0.0,0.0,0.0,0.0,0.0,0.0,0.0,0.0,1.0,0.0,0.0
12,9,0.0,0.0,0.0,0.0,0.0,0.0,0.0,0.0,0.0,1.0,0.0,0.0
12,9,0.0,0.0,0.0,0.0,0.0,0.0,0.0,0.0,0.0,1.0,0.0,0.0
12,9,0.0,0.0,0.0,0.0,0.0,0.0,0.0,0.0,0.0,1.0,0.0,0.0
12,9,0.0,0.0,0.0,0.0,0.0,0.0,0.0,0.0,0.0,1.0,0.0,0.0
12,9,0.0,0.0,0.0,0.0,0.0,0.0,0.0,0.0,0.0,1.0,0.0,0.0
12,9,0.0,0.0,0.0,0.0,0.0,0.0,0.0,0.0,0.0,1.0,0.0,0.0
12,9,0.0,0.0,0.0,0.0,0.0,0.0,0.0,0.0,0.0,1.0,0.0,0.0
12,9,0.0,0.0,0.0,0.0,0.0,0.0,0.0,0.0,0.0,1.0,0.0,0.0
12,9,0.0,0.0,0.0,0.0,0.0,0.0,0.0,0.0,0.0,1.0,0.0,0.0
12,9,0.0,0.0,0.0,0.0,0.0,0.0,0.0,0.0,0.0,1.0,0.0,0.0
12,9,0.0,0.0,0.0,0.0,0.0,0.0,0.0,0.0,0.0,1.0,0.0,0.0
12,9,0.0,0.0,0.0,0.0,0.0,0.0,0.0,0.0,0.0,1.0,0.0,0.0
12,9,0.0,0.0,0.0,0.0,0.0,0.0,0.0,0.0,0.0,1.0,0.0,0.0
12,9,0.0,0.0,0.0,0.0,0.0,0.0,0.0,0.0,0.0,1.0,0.0,0.0
12,9,0.0,0.0,0.0,0.0,0.0,0.0,0.0,0.0,0.0,1.0,0.0,0.0
12,9,0.0,0.0,0.0,0.0,0.0,0.0,0.0,0.0,0.0,1.0,0.0,0.0
12,9,0.0,0.0,0.0,0.0,0.0,0.0,0.0,0.0,0.0,1.0,0.0,0.0
12,9,0.0,0.0,0.0,0.0,0.0,0.0,0.0,0.0,0.0,1.0,0.0,0.0
12,9,0.0,0.0,0.0,0.0,0.0,0.0,0.0,0.0,0.0,1.0,0.0,0.0
12,9,0.0,0.0,0.0,0.0,0.0,0.0,0.0,0.0,0.0,1.0,0.0,0.0
12,9,0.0,0.0,0.0,0.0,0.0,0.0,0.0,0.0,0.0,1.0,0.0,0.0
12,9,0.0,0.0,0.0,0.0,0.0,0.0,0.0,0.0,0.0,1.0,0.0,0.0
12,9,0.0,0.0,0.0,0.0,0.0,0.0,0.0,0.0,0.0,1.0,0.0,0.0
12,9,0.0,0.0,0.0,0.0,0.0,0.0,0.0,0.0,0.0,1.0,0.0,0.0
12,9,0.0,0.0,0.0,0.0,0.0,0.0,0.0,0.0,0.0,1.0,0.0,0.0
12,9,0.0,0.0,0.0,0.0,0.0,0.0,0.0,0.0,0.0,1.0,0.0,0.0
12,9,0.0,0.0,0.0,0.0,0.0,0.0,0.0,0.0,0.0,1.0,0.0,0.0
12,9,0.0,0.0,0.0,0.0,0.0,0.0,0.0,0.0,0.0,1.0,0.0,0.0
12,9,0.0,0.0,0.0,0.0,0.0,0.0,0.0,0.0,0.0,1.0,0.0,0.0
12,9,0.0,0.0,0.0,0.0,0.0,0.0,0.0,0.0,0.0,1.0,0.0,0.0
12,9,0.0,0.0,0.0,0.0,0.0,0.0,0.0,0.0,0.0,1.0,0.0,0.0
12,9,0.0,0.0,0.0,0.0,0.0,0.0,0.0,0.0,0.0,1.0,0.0,0.0
12,9,0.0,0.0,0.0,0.0,0.0,0.0,0.0,0.0,0.0,1.0,0.0,0.0
12,9,0.0,0.0,0.0,0.0,0.0,0.0,0.0,0.0,0.0,1.0,0.0,0.0
12,9,0.0,0.0,0.0,0.0,0.0,0.0,0.0,0.0,0.0,1.0,0.0,0.0
12,9,0.0,0.0,0.0,0.0,0.0,0.0,0.0,0.0,0.0,1.0,0.0,0.0
12,9,0.0,0.0,0.0,0.0,0.0,0.0,0.0,0.0,0.0,1.0,0.0,0.0
12,9,0.0,0.0,0.0,0.0,0.0,0.0,0.0,0.0,0.0,1.0,0.0,0.0
12,9,0.0,0.0,0.0,0.0,0.0,0.0,0.0,0.0,0.0,1.0,0.0,0.0
12,9,0.0,0.0,0.0,0.0,0.0,0.0,0.0,0.0,0.0,1.0,0.0,0.0
12,9,0.0,0.0,0.0,0.0,0.0,0.0,0.0,0.0,0.0,1.0,0.0,0.0
12,9,0.0,0.0,0.0,0.0,0.0,0.0,0.0,0.0,0.0,1.0,0.0,0.0
12,9,0.0,0.0,0.0,0.0,0.0,0.0,0.0,0.0,0.0,1.0,0.0,0.0
12,9,0.0,0.0,0.0,0.0,0.0,0.0,0.0,0.0,0.0,1.0,0.0,0.0
12,9,0.0,0.0,0.0,0.0,0.0,0.0,0.0,0.0,0.0,1.0,0.0,0.0
12,9,0.0,0.0,0.0,0.0,0.0,0.0,0.0,0.0,0.0,1.0,0.0,0.0
12,9,0.0,0.0,0.0,0.0,0.0,0.0,0.0,0.0,0.0,1.0,0.0,0.0
12,9,0.0,0.0,0.0,0.0,0.0,0.0,0.0,0.0,0.0,1.0,0.0,0.0
12,9,0.0,0.0,0.0,0.0,0.0,0.0,0.0,0.0,0.0,1.0,0.0,0.0
12,9,0.0,0.0,0.0,0.0,0.0,0.0,0.0,0.0,0.0,1.0,0.0,0.0
12,9,0.0,0.0,0.0,0.0,0.0,0.0,0.0,0.0,0.0,1.0,0.0,0.0
12,9,0.0,0.0,0.0,0.0,0.0,0.0,0.0,0.0,0.0,1.0,0.0,0.0
12,9,0.0,0.0,0.0,0.0,0.0,0.0,0.0,0.0,0.0,1.0,0.0,0.0
12,9,0.0,0.0,0.0,0.0,0.0,0.0,0.0,0.0,0.0,1.0,0.0,0.0
12,9,0.0,0.0,0.0,0.0,0.0,0.0,0.0,0.0,0.0,1.0,0.0,0.0
12,9,0.0,0.0,0.0,0.0,0.0,0.0,0.0,0.0,0.0,1.0,0.0,0.0
12,9,0.0,0.0,0.0,0.0,0.0,0.0,0.0,0.0,0.0,1.0,0.0,0.0
12,9,0.0,0.0,0.0,0.0,0.0,0.0,0.0,0.0,0.0,1.0,0.0,0.0
12,9,0.0,0.0,0.0,0.0,0.0,0.0,0.0,0.0,0.0,1.0,0.0,0.0
12,9,0.0,0.0,0.0,0.0,0.0,0.0,0.0,0.0,0.0,1.0,0.0,0.0
12,9,0.0,0.0,0.0,0.0,0.0,0.0,0.0,0.0,0.0,1.0,0.0,0.0
12,9,0.0,0.0,0.0,0.0,0.0,0.0,0.0,0.0,0.0,1.0,0.0,0.0
12,9,0.0,0.0,0.0,0.0,0.0,0.0,0.0,0.0,0.0,1.0,0.0,0.0
12,9,0.0,0.0,0.0,0.0,0.0,0.0,0.0,0.0,0.0,1.0,0.0,0.0
12,9,0.0,0.0,0.0,0.0,0.0,0.0,0.0,0.0,0.0,1.0,0.0,0.0
12,9,0.0,0.0,0.0,0.0,0.0,0.0,0.0,0.0,0.0,1.0,0.0,0.0
12,9,0.0,0.0,0.0,0.0,0.0,0.0,0.0,0.0,0.0,1.0,0.0,0.0
12,9,0.0,0.0,0.0,0.0,0.0,0.0,0.0,0.0,0.0,1.0,0.0,0.0
12,9,0.0,0.0,0.0,0.0,0.0,0.0,0.0,0.0,0.0,1.0,0.0,0.0
12,9,0.0,0.0,0.0,0.0,0.0,0.0,0.0,0.0,0.0,1.0,0.0,0.0
12,9,0.0,0.0,0.0,0.0,0.0,0.0,0.0,0.0,0.0,1.0,0.0,0.0
12,9,0.0,0.0,0.0,0.0,0.0,0.0,0.0,0.0,0.0,1.0,0.0,0.0
12,9,0.0,0.0,0.0,0.0,0.0,0.0,0.0,0.0,0.0,1.0,0.0,0.0
12,9,0.0,0.0,0.0,0.0,0.0,0.0,0.0,0.0,0.0,1.0,0.0,0.0
12,9,0.0,0.0,0.0,0.0,0.0,0.0,0.0,0.0,0.0,1.0,0.0,0.0
12,9,0.0,0.0,0.0,0.0,0.0,0.0,0.0,0.0,0.0,1.0,0.0,0.0
12,9,0.0,0.0,0.0,0.0,0.0,0.0,0.0,0.0,0.0,1.0,0.0,0.0
12,9,0.0,0.0,0.0,0.0,0.0,0.0,0.0,0.0,0.0,1.0,0.0,0.0
12,9,0.0,0.0,0.0,0.0,0.0,0.0,0.0,0.0,0.0,1.0,0.0,0.0
12,9,0.0,0.0,0.0,0.0,0.0,0.0,0.0,0.0,0.0,1.0,0.0,0.0
12,9,0.0,0.0,0.0,0.0,0.0,0.0,0.0,0.0,0.0,1.0,0.0,0.0
12,9,0.0,0.0,0.0,0.0,0.0,0.0,0.0,0.0,0.0,1.0,0.0,0.0
12,9,0.0,0.0,0.0,0.0,0.0,0.0,0.0,0.0,0.0,1.0,0.0,0.0
12,9,0.0,0.0,0.0,0.0,0.0,0.0,0.0,0.0,0.0,1.0,0.0,0.0
12,9,0.0,0.0,0.0,0.0,0.0,0.0,0.0,0.0,0.0,1.0,0.0,0.0
12,9,0.0,0.0,0.0,0.0,0.0,0.0,0.0,0.0,0.0,1.0,0.0,0.0
12,9,0.0,0.0,0.0,0.0,0.0,0.0,0.0,0.0,0.0,1.0,0.0,0.0
12,9,0.0,0.0,0.0,0.0,0.0,0.0,0.0,0.0,0.0,1.0,0.0,0.0
12,9,0.0,0.0,0.0,0.0,0.0,0.0,0.0,0.0,0.0,1.0,0.0,0.0
12,9,0.0,0.0,0.0,0.0,0.0,0.0,0.0,0.0,0.0,1.0,0.0,0.0
12,9,0.0,0.0,0.0,0.0,0.0,0.0,0.0,0.0,0.0,1.0,0.0,0.0
12,9,0.0,0.0,0.0,0.0,0.0,0.0,0.0,0.0,0.0,1.0,0.0,0.0
12,9,0.0,0.0,0.0,0.0,0.0,0.0,0.0,0.0,0.0,1.0,0.0,0.0
12,9,0.0,0.0,0.0,0.0,0.0,0.0,0.0,0.0,0.0,1.0,0.0,0.0
12,9,0.0,0.0,0.0,0.0,0.0,0.0,0.0,0.0,0.0,1.0,0.0,0.0
12,9,0.0,0.0,0.0,0.0,0.0,0.0,0.0,0.0,0.0,1.0,0.0,0.0
12,9,0.0,0.0,0.0,0.0,0.0,0.0,0.0,0.0,0.0,1.0,0.0,0.0
12,9,0.0,0.0,0.0,0.0,0.0,0.0,0.0,0.0,0.0,1.0,0.0,0.0
12,9,0.0,0.0,0.0,0.0,0.0,0.0,0.0,0.0,0.0,1.0,0.0,0.0
12,9,0.0,0.0,0.0,0.0,0.0,0.0,0.0,0.0,0.0,1.0,0.0,0.0
12,9,0.0,0.0,0.0,0.0,0.0,0.0,0.0,0.0,0.0,1.0,0.0,0.0
12,9,0.0,0.0,0.0,0.0,0.0,0.0,0.0,0.0,0.0,1.0,0.0,0.0
12,9,0.0,0.0,0.0,0.0,0.0,0.0,0.0,0.0,0.0,1.0,0.0,0.0
12,9,0.0,0.0,0.0,0.0,0.0,0.0,0.0,0.0,0.0,1.0,0.0,0.0
12,9,0.0,0.0,0.0,0.0,0.0,0.0,0.0,0.0,0.0,1.0,0.0,0.0
12,9,0.0,0.0,0.0,0.0,0.0,0.0,0.0,0.0,0.0,1.0,0.0,0.0
12,9,0.0,0.0,0.0,0.0,0.0,0.0,0.0,0.0,0.0,1.0,0.0,0.0
12,9,0.0,0.0,0.0,0.0,0.0,0.0,0.0,0.0,0.0,1.0,0.0,0.0
12,9,0.0,0.0,0.0,0.0,0.0,0.0,0.0,0.0,0.0,1.0,0.0,0.0
12,9,0.0,0.0,0.0,0.0,0.0,0.0,0.0,0.0,0.0,1.0,0.0,0.0
12,9,0.0,0.0,0.0,0.0,0.0,0.0,0.0,0.0,0.0,1.0,0.0,0.0
12,9,0.0,0.0,0.0,0.0,0.0,0.0,0.0,0.0,0.0,1.0,0.0,0.0
12,9,0.0,0.0,0.0,0.0,0.0,0.0,0.0,0.0,0.0,1.0,0.0,0.0
12,9,0.0,0.0,0.0,0.0,0.0,0.0,0.0,0.0,0.0,1.0,0.0,0.0
12,9,0.0,0.0,0.0,0.0,0.0,0.0,0.0,0.0,0.0,1.0,0.0,0.0
12,9,0.0,0.0,0.0,0.0,0.0,0.0,0.0,0.0,0.0,1.0,0.0,0.0
12,9,0.0,0.0,0.0,0.0,0.0,0.0,0.0,0.0,0.0,1.0,0.0,0.0
12,9,0.0,0.0,0.0,0.0,0.0,0.0,0.0,0.0,0.0,1.0,0.0,0.0
12,9,0.0,0.0,0.0,0.0,0.0,0.0,0.0,0.0,0.0,1.0,0.0,0.0
12,9,0.0,0.0,0.0,0.0,0.0,0.0,0.0,0.0,0.0,1.0,0.0,0.0
12,9,0.0,0.0,0.0,0.0,0.0,0.0,0.0,0.0,0.0,1.0,0.0,0.0
12,9,0.0,0.0,0.0,0.0,0.0,0.0,0.0,0.0,0.0,1.0,0.0,0.0
12,9,0.0,0.0,0.0,0.0,0.0,0.0,0.0,0.0,0.0,1.0,0.0,0.0
12,9,0.0,0.0,0.0,0.0,0.0,0.0,0.0,0.0,0.0,1.0,0.0,0.0
12,9,0.0,0.0,0.0,0.0,0.0,0.0,0.0,0.0,0.0,1.0,0.0,0.0
12,9,0.0,0.0,0.0,0.0,0.0,0.0,0.0,0.0,0.0,1.0,0.0,0.0
12,9,0.0,0.0,0.0,0.0,0.0,0.0,0.0,0.0,0.0,1.0,0.0,0.0
12,9,0.0,0.0,0.0,0.0,0.0,0.0,0.0,0.0,0.0,1.0,0.0,0.0
12,9,0.0,0.0,0.0,0.0,0.0,0.0,0.0,0.0,0.0,1.0,0.0,0.0
12,9,0.0,0.0,0.0,0.0,0.0,0.0,0.0,0.0,0.0,1.0,0.0,0.0
12,9,0.0,0.0,0.0,0.0,0.0,0.0,0.0,0.0,0.0,1.0,0.0,0.0
12,9,0.0,0.0,0.0,0.0,0.0,0.0,0.0,0.0,0.0,1.0,0.0,0.0
12,9,0.0,0.0,0.0,0.0,0.0,0.0,0.0,0.0,0.0,1.0,0.0,0.0
12,9,0.0,0.0,0.0,0.0,0.0,0.0,0.0,0.0,0.0,1.0,0.0,0.0
12,9,0.0,0.0,0.0,0.0,0.0,0.0,0.0,0.0,0.0,1.0,0.0,0.0
12,9,0.0,0.0,0.0,0.0,0.0,0.0,0.0,0.0,0.0,1.0,0.0,0.0
12,9,0.0,0.0,0.0,0.0,0.0,0.0,0.0,0.0,0.0,1.0,0.0,0.0
12,9,0.0,0.0,0.0,0.0,0.0,0.0,0.0,0.0,0.0,1.0,0.0,0.0
12,9,0.0,0.0,0.0,0.0,0.0,0.0,0.0,0.0,0.0,1.0,0.0,0.0
12,9,0.0,0.0,0.0,0.0,0.0,0.0,0.0,0.0,0.0,1.0,0.0,0.0
12,9,0.0,0.0,0.0,0.0,0.0,0.0,0.0,0.0,0.0,1.0,0.0,0.0
12,9,0.0,0.0,0.0,0.0,0.0,0.0,0.0,0.0,0.0,1.0,0.0,0.0
12,9,0.0,0.0,0.0,0.0,0.0,0.0,0.0,0.0,0.0,1.0,0.0,0.0
12,9,0.0,0.0,0.0,0.0,0.0,0.0,0.0,0.0,0.0,1.0,0.0,0.0
12,9,0.0,0.0,0.0,0.0,0.0,0.0,0.0,0.0,0.0,1.0,0.0,0.0
12,9,0.0,0.0,0.0,0.0,0.0,0.0,0.0,0.0,0.0,1.0,0.0,0.0
12,9,0.0,0.0,0.0,0.0,0.0,0.0,0.0,0.0,0.0,1.0,0.0,0.0
12,9,0.0,0.0,0.0,0.0,0.0,0.0,0.0,0.0,0.0,1.0,0.0,0.0
12,9,0.0,0.0,0.0,0.0,0.0,0.0,0.0,0.0,0.0,1.0,0.0,0.0
12,9,0.0,0.0,0.0,0.0,0.0,0.0,0.0,0.0,0.0,1.0,0.0,0.0
12,9,0.0,0.0,0.0,0.0,0.0,0.0,0.0,0.0,0.0,1.0,0.0,0.0
12,9,0.0,0.0,0.0,0.0,0.0,0.0,0.0,0.0,0.0,1.0,0.0,0.0
12,9,0.0,0.0,0.0,0.0,0.0,0.0,0.0,0.0,0.0,1.0,0.0,0.0
12,9,0.0,0.0,0.0,0.0,0.0,0.0,0.0,0.0,0.0,1.0,0.0,0.0
12,9,0.0,0.0,0.0,0.0,0.0,0.0,0.0,0.0,0.0,1.0,0.0,0.0
12,9,0.0,0.0,0.0,0.0,0.0,0.0,0.0,0.0,0.0,1.0,0.0,0.0
12,9,0.0,0.0,0.0,0.0,0.0,0.0,0.0,0.0,0.0,1.0,0.0,0.0
12,9,0.0,0.0,0.0,0.0,0.0,0.0,0.0,0.0,0.0,1.0,0.0,0.0
12,9,0.0,0.0,0.0,0.0,0.0,0.0,0.0,0.0,0.0,1.0,0.0,0.0
12,9,0.0,0.0,0.0,0.0,0.0,0.0,0.0,0.0,0.0,1.0,0.0,0.0
12,9,0.0,0.0,0.0,0.0,0.0,0.0,0.0,0.0,0.0,1.0,0.0,0.0
12,9,0.0,0.0,0.0,0.0,0.0,0.0,0.0,0.0,0.0,1.0,0.0,0.0
12,9,0.0,0.0,0.0,0.0,0.0,0.0,0.0,0.0,0.0,1.0,0.0,0.0
12,9,0.0,0.0,0.0,0.0,0.0,0.0,0.0,0.0,0.0,1.0,0.0,0.0
12,9,0.0,0.0,0.0,0.0,0.0,0.0,0.0,0.0,0.0,1.0,0.0,0.0
12,9,0.0,0.0,0.0,0.0,0.0,0.0,0.0,0.0,0.0,1.0,0.0,0.0
12,9,0.0,0.0,0.0,0.0,0.0,0.0,0.0,0.0,0.0,1.0,0.0,0.0
12,9,0.0,0.0,0.0,0.0,0.0,0.0,0.0,0.0,0.0,1.0,0.0,0.0
12,9,0.0,0.0,0.0,0.0,0.0,0.0,0.0,0.0,0.0,1.0,0.0,0.0
12,9,0.0,0.0,0.0,0.0,0.0,0.0,0.0,0.0,0.0,1.0,0.0,0.0
12,9,0.0,0.0,0.0,0.0,0.0,0.0,0.0,0.0,0.0,1.0,0.0,0.0
12,9,0.0,0.0,0.0,0.0,0.0,0.0,0.0,0.0,0.0,1.0,0.0,0.0
12,9,0.0,0.0,0.0,0.0,0.0,0.0,0.0,0.0,0.0,1.0,0.0,0.0
12,9,0.0,0.0,0.0,0.0,0.0,0.0,0.0,0.0,0.0,1.0,0.0,0.0
12,9,0.0,0.0,0.0,0.0,0.0,0.0,0.0,0.0,0.0,1.0,0.0,0.0
12,9,0.0,0.0,0.0,0.0,0.0,0.0,0.0,0.0,0.0,1.0,0.0,0.0
12,9,0.0,0.0,0.0,0.0,0.0,0.0,0.0,0.0,0.0,1.0,0.0,0.0
12,9,0.0,0.0,0.0,0.0,0.0,0.0,0.0,0.0,0.0,1.0,0.0,0.0
12,9,0.0,0.0,0.0,0.0,0.0,0.0,0.0,0.0,0.0,1.0,0.0,0.0
12,9,0.0,0.0,0.0,0.0,0.0,0.0,0.0,0.0,0.0,1.0,0.0,0.0
12,9,0.0,0.0,0.0,0.0,0.0,0.0,0.0,0.0,0.0,1.0,0.0,0.0
12,9,0.0,0.0,0.0,0.0,0.0,0.0,0.0,0.0,0.0,1.0,0.0,0.0
12,9,0.0,0.0,0.0,0.0,0.0,0.0,0.0,0.0,0.0,1.0,0.0,0.0
12,9,0.0,0.0,0.0,0.0,0.0,0.0,0.0,0.0,0.0,1.0,0.0,0.0
12,9,0.0,0.0,0.0,0.0,0.0,0.0,0.0,0.0,0.0,1.0,0.0,0.0
12,9,0.0,0.0,0.0,0.0,0.0,0.0,0.0,0.0,0.0,1.0,0.0,0.0
12,9,0.0,0.0,0.0,0.0,0.0,0.0,0.0,0.0,0.0,1.0,0.0,0.0
12,9,0.0,0.0,0.0,0.0,0.0,0.0,0.0,0.0,0.0,1.0,0.0,0.0
12,9,0.0,0.0,0.0,0.0,0.0,0.0,0.0,0.0,0.0,1.0,0.0,0.0
12,9,0.0,0.0,0.0,0.0,0.0,0.0,0.0,0.0,0.0,1.0,0.0,0.0
12,9,0.0,0.0,0.0,0.0,0.0,0.0,0.0,0.0,0.0,1.0,0.0,0.0
12,9,0.0,0.0,0.0,0.0,0.0,0.0,0.0,0.0,0.0,1.0,0.0,0.0
12,9,0.0,0.0,0.0,0.0,0.0,0.0,0.0,0.0,0.0,1.0,0.0,0.0
12,9,0.0,0.0,0.0,0.0,0.0,0.0,0.0,0.0,0.0,1.0,0.0,0.0
12,9,0.0,0.0,0.0,0.0,0.0,0.0,0.0,0.0,0.0,1.0,0.0,0.0
12,9,0.0,0.0,0.0,0.0,0.0,0.0,0.0,0.0,0.0,1.0,0.0,0.0
12,9,0.0,0.0,0.0,0.0,0.0,0.0,0.0,0.0,0.0,1.0,0.0,0.0
12,9,0.0,0.0,0.0,0.0,0.0,0.0,0.0,0.0,0.0,1.0,0.0,0.0
12,9,0.0,0.0,0.0,0.0,0.0,0.0,0.0,0.0,0.0,1.0,0.0,0.0
12,9,0.0,0.0,0.0,0.0,0.0,0.0,0.0,0.0,0.0,1.0,0.0,0.0
12,9,0.0,0.0,0.0,0.0,0.0,0.0,0.0,0.0,0.0,1.0,0.0,0.0
12,9,0.0,0.0,0.0,0.0,0.0,0.0,0.0,0.0,0.0,1.0,0.0,0.0
12,9,0.0,0.0,0.0,0.0,0.0,0.0,0.0,0.0,0.0,1.0,0.0,0.0
12,9,0.0,0.0,0.0,0.0,0.0,0.0,0.0,0.0,0.0,1.0,0.0,0.0
12,9,0.0,0.0,0.0,0.0,0.0,0.0,0.0,0.0,0.0,1.0,0.0,0.0
12,9,0.0,0.0,0.0,0.0,0.0,0.0,0.0,0.0,0.0,1.0,0.0,0.0
12,9,0.0,0.0,0.0,0.0,0.0,0.0,0.0,0.0,0.0,1.0,0.0,0.0
12,9,0.0,0.0,0.0,0.0,0.0,0.0,0.0,0.0,0.0,1.0,0.0,0.0
12,9,0.0,0.0,0.0,0.0,0.0,0.0,0.0,0.0,0.0,1.0,0.0,0.0
12,9,0.0,0.0,0.0,0.0,0.0,0.0,0.0,0.0,0.0,1.0,0.0,0.0
12,9,0.0,0.0,0.0,0.0,0.0,0.0,0.0,0.0,0.0,1.0,0.0,0.0
12,9,0.0,0.0,0.0,0.0,0.0,0.0,0.0,0.0,0.0,1.0,0.0,0.0
12,9,0.0,0.0,0.0,0.0,0.0,0.0,0.0,0.0,0.0,1.0,0.0,0.0
12,9,0.0,0.0,0.0,0.0,0.0,0.0,0.0,0.0,0.0,1.0,0.0,0.0
12,9,0.0,0.0,0.0,0.0,0.0,0.0,0.0,0.0,0.0,1.0,0.0,0.0
12,9,0.0,0.0,0.0,0.0,0.0,0.0,0.0,0.0,0.0,1.0,0.0,0.0
12,9,0.0,0.0,0.0,0.0,0.0,0.0,0.0,0.0,0.0,1.0,0.0,0.0
12,9,0.0,0.0,0.0,0.0,0.0,0.0,0.0,0.0,0.0,1.0,0.0,0.0
12,9,0.0,0.0,0.0,0.0,0.0,0.0,0.0,0.0,0.0,1.0,0.0,0.0
12,9,0.0,0.0,0.0,0.0,0.0,0.0,0.0,0.0,0.0,1.0,0.0,0.0
12,9,0.0,0.0,0.0,0.0,0.0,0.0,0.0,0.0,0.0,1.0,0.0,0.0
12,9,0.0,0.0,0.0,0.0,0.0,0.0,0.0,0.0,0.0,1.0,0.0,0.0
12,9,0.0,0.0,0.0,0.0,0.0,0.0,0.0,0.0,0.0,1.0,0.0,0.0
12,9,0.0,0.0,0.0,0.0,0.0,0.0,0.0,0.0,0.0,1.0,0.0,0.0
12,9,0.0,0.0,0.0,0.0,0.0,0.0,0.0,0.0,0.0,1.0,0.0,0.0
12,9,0.0,0.0,0.0,0.0,0.0,0.0,0.0,0.0,0.0,1.0,0.0,0.0
12,9,0.0,0.0,0.0,0.0,0.0,0.0,0.0,0.0,0.0,1.0,0.0,0.0
12,9,0.0,0.0,0.0,0.0,0.0,0.0,0.0,0.0,0.0,1.0,0.0,0.0
12,9,0.0,0.0,0.0,0.0,0.0,0.0,0.0,0.0,0.0,1.0,0.0,0.0
12,9,0.0,0.0,0.0,0.0,0.0,0.0,0.0,0.0,0.0,1.0,0.0,0.0
12,9,0.0,0.0,0.0,0.0,0.0,0.0,0.0,0.0,0.0,1.0,0.0,0.0
12,9,0.0,0.0,0.0,0.0,0.0,0.0,0.0,0.0,0.0,1.0,0.0,0.0
12,9,0.0,0.0,0.0,0.0,0.0,0.0,0.0,0.0,0.0,1.0,0.0,0.0
12,9,0.0,0.0,0.0,0.0,0.0,0.0,0.0,0.0,0.0,1.0,0.0,0.0
12,9,0.0,0.0,0.0,0.0,0.0,0.0,0.0,0.0,0.0,1.0,0.0,0.0
12,9,0.0,0.0,0.0,0.0,0.0,0.0,0.0,0.0,0.0,1.0,0.0,0.0
12,9,0.0,0.0,0.0,0.0,0.0,0.0,0.0,0.0,0.0,1.0,0.0,0.0
12,9,0.0,0.0,0.0,0.0,0.0,0.0,0.0,0.0,0.0,1.0,0.0,0.0
12,9,0.0,0.0,0.0,0.0,0.0,0.0,0.0,0.0,0.0,1.0,0.0,0.0
12,9,0.0,0.0,0.0,0.0,0.0,0.0,0.0,0.0,0.0,1.0,0.0,0.0
12,9,0.0,0.0,0.0,0.0,0.0,0.0,0.0,0.0,0.0,1.0,0.0,0.0
12,9,0.0,0.0,0.0,0.0,0.0,0.0,0.0,0.0,0.0,1.0,0.0,0.0
12,9,0.0,0.0,0.0,0.0,0.0,0.0,0.0,0.0,0.0,1.0,0.0,0.0
12,9,0.0,0.0,0.0,0.0,0.0,0.0,0.0,0.0,0.0,1.0,0.0,0.0
12,9,0.0,0.0,0.0,0.0,0.0,0.0,0.0,0.0,0.0,1.0,0.0,0.0
12,9,0.0,0.0,0.0,0.0,0.0,0.0,0.0,0.0,0.0,1.0,0.0,0.0
12,9,0.0,0.0,0.0,0.0,0.0,0.0,0.0,0.0,0.0,1.0,0.0,0.0
12,9,0.0,0.0,0.0,0.0,0.0,0.0,0.0,0.0,0.0,1.0,0.0,0.0
12,9,0.0,0.0,0.0,0.0,0.0,0.0,0.0,0.0,0.0,1.0,0.0,0.0
12,9,0.0,0.0,0.0,0.0,0.0,0.0,0.0,0.0,0.0,1.0,0.0,0.0
12,9,0.0,0.0,0.0,0.0,0.0,0.0,0.0,0.0,0.0,1.0,0.0,0.0
12,9,0.0,0.0,0.0,0.0,0.0,0.0,0.0,0.0,0.0,1.0,0.0,0.0
12,9,0.0,0.0,0.0,0.0,0.0,0.0,0.0,0.0,0.0,1.0,0.0,0.0
12,9,0.0,0.0,0.0,0.0,0.0,0.0,0.0,0.0,0.0,1.0,0.0,0.0
12,9,0.0,0.0,0.0,0.0,0.0,0.0,0.0,0.0,0.0,1.0,0.0,0.0
12,9,0.0,0.0,0.0,0.0,0.0,0.0,0.0,0.0,0.0,1.0,0.0,0.0
12,9,0.0,0.0,0.0,0.0,0.0,0.0,0.0,0.0,0.0,1.0,0.0,0.0
12,9,0.0,0.0,0.0,0.0,0.0,0.0,0.0,0.0,0.0,1.0,0.0,0.0
12,9,0.0,0.0,0.0,0.0,0.0,0.0,0.0,0.0,0.0,1.0,0.0,0.0
12,9,0.0,0.0,0.0,0.0,0.0,0.0,0.0,0.0,0.0,1.0,0.0,0.0
12,9,0.0,0.0,0.0,0.0,0.0,0.0,0.0,0.0,0.0,1.0,0.0,0.0
12,9,0.0,0.0,0.0,0.0,0.0,0.0,0.0,0.0,0.0,1.0,0.0,0.0
12,9,0.0,0.0,0.0,0.0,0.0,0.0,0.0,0.0,0.0,1.0,0.0,0.0
12,9,0.0,0.0,0.0,0.0,0.0,0.0,0.0,0.0,0.0,1.0,0.0,0.0
12,9,0.0,0.0,0.0,0.0,0.0,0.0,0.0,0.0,0.0,1.0,0.0,0.0
12,9,0.0,0.0,0.0,0.0,0.0,0.0,0.0,0.0,0.0,1.0,0.0,0.0
12,9,0.0,0.0,0.0,0.0,0.0,0.0,0.0,0.0,0.0,1.0,0.0,0.0
12,9,0.0,0.0,0.0,0.0,0.0,0.0,0.0,0.0,0.0,1.0,0.0,0.0
12,9,0.0,0.0,0.0,0.0,0.0,0.0,0.0,0.0,0.0,1.0,0.0,0.0
12,9,0.0,0.0,0.0,0.0,0.0,0.0,0.0,0.0,0.0,1.0,0.0,0.0
12,9,0.0,0.0,0.0,0.0,0.0,0.0,0.0,0.0,0.0,1.0,0.0,0.0
12,9,0.0,0.0,0.0,0.0,0.0,0.0,0.0,0.0,0.0,1.0,0.0,0.0
12,9,0.0,0.0,0.0,0.0,0.0,0.0,0.0,0.0,0.0,1.0,0.0,0.0
12,9,0.0,0.0,0.0,0.0,0.0,0.0,0.0,0.0,0.0,1.0,0.0,0.0
12,9,0.0,0.0,0.0,0.0,0.0,0.0,0.0,0.0,0.0,1.0,0.0,0.0
12,9,0.0,0.0,0.0,0.0,0.0,0.0,0.0,0.0,0.0,1.0,0.0,0.0
12,9,0.0,0.0,0.0,0.0,0.0,0.0,0.0,0.0,0.0,1.0,0.0,0.0
12,9,0.0,0.0,0.0,0.0,0.0,0.0,0.0,0.0,0.0,1.0,0.0,0.0
12,9,0.0,0.0,0.0,0.0,0.0,0.0,0.0,0.0,0.0,1.0,0.0,0.0
12,9,0.0,0.0,0.0,0.0,0.0,0.0,0.0,0.0,0.0,1.0,0.0,0.0
12,9,0.0,0.0,0.0,0.0,0.0,0.0,0.0,0.0,0.0,1.0,0.0,0.0
12,9,0.0,0.0,0.0,0.0,0.0,0.0,0.0,0.0,0.0,1.0,0.0,0.0
12,9,0.0,0.0,0.0,0.0,0.0,0.0,0.0,0.0,0.0,1.0,0.0,0.0
12,9,0.0,0.0,0.0,0.0,0.0,0.0,0.0,0.0,0.0,1.0,0.0,0.0
12,9,0.0,0.0,0.0,0.0,0.0,0.0,0.0,0.0,0.0,1.0,0.0,0.0
12,9,0.0,0.0,0.0,0.0,0.0,0.0,0.0,0.0,0.0,1.0,0.0,0.0
12,9,0.0,0.0,0.0,0.0,0.0,0.0,0.0,0.0,0.0,1.0,0.0,0.0
12,9,0.0,0.0,0.0,0.0,0.0,0.0,0.0,0.0,0.0,1.0,0.0,0.0
12,9,0.0,0.0,0.0,0.0,0.0,0.0,0.0,0.0,0.0,1.0,0.0,0.0
12,9,0.0,0.0,0.0,0.0,0.0,0.0,0.0,0.0,0.0,1.0,0.0,0.0
12,9,0.0,0.0,0.0,0.0,0.0,0.0,0.0,0.0,0.0,1.0,0.0,0.0
12,9,0.0,0.0,0.0,0.0,0.0,0.0,0.0,0.0,0.0,1.0,0.0,0.0
12,9,0.0,0.0,0.0,0.0,0.0,0.0,0.0,0.0,0.0,1.0,0.0,0.0
12,9,0.0,0.0,0.0,0.0,0.0,0.0,0.0,0.0,0.0,1.0,0.0,0.0
12,9,0.0,0.0,0.0,0.0,0.0,0.0,0.0,0.0,0.0,1.0,0.0,0.0
12,9,0.0,0.0,0.0,0.0,0.0,0.0,0.0,0.0,0.0,1.0,0.0,0.0
12,9,0.0,0.0,0.0,0.0,0.0,0.0,0.0,0.0,0.0,1.0,0.0,0.0
12,9,0.0,0.0,0.0,0.0,0.0,0.0,0.0,0.0,0.0,1.0,0.0,0.0
12,9,0.0,0.0,0.0,0.0,0.0,0.0,0.0,0.0,0.0,1.0,0.0,0.0
12,9,0.0,0.0,0.0,0.0,0.0,0.0,0.0,0.0,0.0,1.0,0.0,0.0
12,9,0.0,0.0,0.0,0.0,0.0,0.0,0.0,0.0,0.0,1.0,0.0,0.0
12,9,0.0,0.0,0.0,0.0,0.0,0.0,0.0,0.0,0.0,1.0,0.0,0.0
12,9,0.0,0.0,0.0,0.0,0.0,0.0,0.0,0.0,0.0,1.0,0.0,0.0
12,9,0.0,0.0,0.0,0.0,0.0,0.0,0.0,0.0,0.0,1.0,0.0,0.0
12,9,0.0,0.0,0.0,0.0,0.0,0.0,0.0,0.0,0.0,1.0,0.0,0.0
12,9,0.0,0.0,0.0,0.0,0.0,0.0,0.0,0.0,0.0,1.0,0.0,0.0
12,9,0.0,0.0,0.0,0.0,0.0,0.0,0.0,0.0,0.0,1.0,0.0,0.0
12,9,0.0,0.0,0.0,0.0,0.0,0.0,0.0,0.0,0.0,1.0,0.0,0.0
12,9,0.0,0.0,0.0,0.0,0.0,0.0,0.0,0.0,0.0,1.0,0.0,0.0
12,9,0.0,0.0,0.0,0.0,0.0,0.0,0.0,0.0,0.0,1.0,0.0,0.0
12,9,0.0,0.0,0.0,0.0,0.0,0.0,0.0,0.0,0.0,1.0,0.0,0.0
12,9,0.0,0.0,0.0,0.0,0.0,0.0,0.0,0.0,0.0,1.0,0.0,0.0
12,9,0.0,0.0,0.0,0.0,0.0,0.0,0.0,0.0,0.0,1.0,0.0,0.0
12,9,0.0,0.0,0.0,0.0,0.0,0.0,0.0,0.0,0.0,1.0,0.0,0.0
12,9,0.0,0.0,0.0,0.0,0.0,0.0,0.0,0.0,0.0,1.0,0.0,0.0
12,9,0.0,0.0,0.0,0.0,0.0,0.0,0.0,0.0,0.0,1.0,0.0,0.0
12,9,0.0,0.0,0.0,0.0,0.0,0.0,0.0,0.0,0.0,1.0,0.0,0.0
12,9,0.0,0.0,0.0,0.0,0.0,0.0,0.0,0.0,0.0,1.0,0.0,0.0
12,9,0.0,0.0,0.0,0.0,0.0,0.0,0.0,0.0,0.0,1.0,0.0,0.0
12,9,0.0,0.0,0.0,0.0,0.0,0.0,0.0,0.0,0.0,1.0,0.0,0.0
12,9,0.0,0.0,0.0,0.0,0.0,0.0,0.0,0.0,0.0,1.0,0.0,0.0
12,9,0.0,0.0,0.0,0.0,0.0,0.0,0.0,0.0,0.0,1.0,0.0,0.0
12,9,0.0,0.0,0.0,0.0,0.0,0.0,0.0,0.0,0.0,1.0,0.0,0.0
12,9,0.0,0.0,0.0,0.0,0.0,0.0,0.0,0.0,0.0,1.0,0.0,0.0
12,9,0.0,0.0,0.0,0.0,0.0,0.0,0.0,0.0,0.0,1.0,0.0,0.0
12,9,0.0,0.0,0.0,0.0,0.0,0.0,0.0,0.0,0.0,1.0,0.0,0.0
12,9,0.0,0.0,0.0,0.0,0.0,0.0,0.0,0.0,0.0,1.0,0.0,0.0
12,9,0.0,0.0,0.0,0.0,0.0,0.0,0.0,0.0,0.0,1.0,0.0,0.0
12,9,0.0,0.0,0.0,0.0,0.0,0.0,0.0,0.0,0.0,1.0,0.0,0.0
12,9,0.0,0.0,0.0,0.0,0.0,0.0,0.0,0.0,0.0,1.0,0.0,0.0
12,9,0.0,0.0,0.0,0.0,0.0,0.0,0.0,0.0,0.0,1.0,0.0,0.0
12,9,0.0,0.0,0.0,0.0,0.0,0.0,0.0,0.0,0.0,1.0,0.0,0.0
12,9,0.0,0.0,0.0,0.0,0.0,0.0,0.0,0.0,0.0,1.0,0.0,0.0
12,9,0.0,0.0,0.0,0.0,0.0,0.0,0.0,0.0,0.0,1.0,0.0,0.0
12,9,0.0,0.0,0.0,0.0,0.0,0.0,0.0,0.0,0.0,1.0,0.0,0.0
12,9,0.0,0.0,0.0,0.0,0.0,0.0,0.0,0.0,0.0,1.0,0.0,0.0
12,9,0.0,0.0,0.0,0.0,0.0,0.0,0.0,0.0,0.0,1.0,0.0,0.0
12,9,0.0,0.0,0.0,0.0,0.0,0.0,0.0,0.0,0.0,1.0,0.0,0.0
12,9,0.0,0.0,0.0,0.0,0.0,0.0,0.0,0.0,0.0,1.0,0.0,0.0
12,9,0.0,0.0,0.0,0.0,0.0,0.0,0.0,0.0,0.0,1.0,0.0,0.0
12,9,0.0,0.0,0.0,0.0,0.0,0.0,0.0,0.0,0.0,1.0,0.0,0.0
12,9,0.0,0.0,0.0,0.0,0.0,0.0,0.0,0.0,0.0,1.0,0.0,0.0
12,9,0.0,0.0,0.0,0.0,0.0,0.0,0.0,0.0,0.0,1.0,0.0,0.0
12,9,0.0,0.0,0.0,0.0,0.0,0.0,0.0,0.0,0.0,1.0,0.0,0.0
12,9,0.0,0.0,0.0,0.0,0.0,0.0,0.0,0.0,0.0,1.0,0.0,0.0
12,9,0.0,0.0,0.0,0.0,0.0,0.0,0.0,0.0,0.0,1.0,0.0,0.0
12,9,0.0,0.0,0.0,0.0,0.0,0.0,0.0,0.0,0.0,1.0,0.0,0.0
12,9,0.0,0.0,0.0,0.0,0.0,0.0,0.0,0.0,0.0,1.0,0.0,0.0
12,9,0.0,0.0,0.0,0.0,0.0,0.0,0.0,0.0,0.0,1.0,0.0,0.0
12,9,0.0,0.0,0.0,0.0,0.0,0.0,0.0,0.0,0.0,1.0,0.0,0.0
12,9,0.0,0.0,0.0,0.0,0.0,0.0,0.0,0.0,0.0,1.0,0.0,0.0
12,9,0.0,0.0,0.0,0.0,0.0,0.0,0.0,0.0,0.0,1.0,0.0,0.0
12,9,0.0,0.0,0.0,0.0,0.0,0.0,0.0,0.0,0.0,1.0,0.0,0.0
12,9,0.0,0.0,0.0,0.0,0.0,0.0,0.0,0.0,0.0,1.0,0.0,0.0
12,9,0.0,0.0,0.0,0.0,0.0,0.0,0.0,0.0,0.0,1.0,0.0,0.0
12,9,0.0,0.0,0.0,0.0,0.0,0.0,0.0,0.0,0.0,1.0,0.0,0.0
12,9,0.0,0.0,0.0,0.0,0.0,0.0,0.0,0.0,0.0,1.0,0.0,0.0
12,9,0.0,0.0,0.0,0.0,0.0,0.0,0.0,0.0,0.0,1.0,0.0,0.0
12,9,0.0,0.0,0.0,0.0,0.0,0.0,0.0,0.0,0.0,1.0,0.0,0.0
12,9,0.0,0.0,0.0,0.0,0.0,0.0,0.0,0.0,0.0,1.0,0.0,0.0
12,9,0.0,0.0,0.0,0.0,0.0,0.0,0.0,0.0,0.0,1.0,0.0,0.0
12,9,0.0,0.0,0.0,0.0,0.0,0.0,0.0,0.0,0.0,1.0,0.0,0.0
12,9,0.0,0.0,0.0,0.0,0.0,0.0,0.0,0.0,0.0,1.0,0.0,0.0
12,9,0.0,0.0,0.0,0.0,0.0,0.0,0.0,0.0,0.0,1.0,0.0,0.0
12,9,0.0,0.0,0.0,0.0,0.0,0.0,0.0,0.0,0.0,1.0,0.0,0.0
12,9,0.0,0.0,0.0,0.0,0.0,0.0,0.0,0.0,0.0,1.0,0.0,0.0
12,9,0.0,0.0,0.0,0.0,0.0,0.0,0.0,0.0,0.0,1.0,0.0,0.0
12,9,0.0,0.0,0.0,0.0,0.0,0.0,0.0,0.0,0.0,1.0,0.0,0.0
12,9,0.0,0.0,0.0,0.0,0.0,0.0,0.0,0.0,0.0,1.0,0.0,0.0
12,9,0.0,0.0,0.0,0.0,0.0,0.0,0.0,0.0,0.0,1.0,0.0,0.0
12,9,0.0,0.0,0.0,0.0,0.0,0.0,0.0,0.0,0.0,1.0,0.0,0.0
12,9,0.0,0.0,0.0,0.0,0.0,0.0,0.0,0.0,0.0,1.0,0.0,0.0
12,9,0.0,0.0,0.0,0.0,0.0,0.0,0.0,0.0,0.0,1.0,0.0,0.0
12,9,0.0,0.0,0.0,0.0,0.0,0.0,0.0,0.0,0.0,1.0,0.0,0.0
12,9,0.0,0.0,0.0,0.0,0.0,0.0,0.0,0.0,0.0,1.0,0.0,0.0
12,9,0.0,0.0,0.0,0.0,0.0,0.0,0.0,0.0,0.0,1.0,0.0,0.0
12,9,0.0,0.0,0.0,0.0,0.0,0.0,0.0,0.0,0.0,1.0,0.0,0.0
12,9,0.0,0.0,0.0,0.0,0.0,0.0,0.0,0.0,0.0,1.0,0.0,0.0
12,9,0.0,0.0,0.0,0.0,0.0,0.0,0.0,0.0,0.0,1.0,0.0,0.0
12,9,0.0,0.0,0.0,0.0,0.0,0.0,0.0,0.0,0.0,1.0,0.0,0.0
12,9,0.0,0.0,0.0,0.0,0.0,0.0,0.0,0.0,0.0,1.0,0.0,0.0
12,9,0.0,0.0,0.0,0.0,0.0,0.0,0.0,0.0,0.0,1.0,0.0,0.0
12,9,0.0,0.0,0.0,0.0,0.0,0.0,0.0,0.0,0.0,1.0,0.0,0.0
12,9,0.0,0.0,0.0,0.0,0.0,0.0,0.0,0.0,0.0,1.0,0.0,0.0
12,9,0.0,0.0,0.0,0.0,0.0,0.0,0.0,0.0,0.0,1.0,0.0,0.0
12,9,0.0,0.0,0.0,0.0,0.0,0.0,0.0,0.0,0.0,1.0,0.0,0.0
12,9,0.0,0.0,0.0,0.0,0.0,0.0,0.0,0.0,0.0,1.0,0.0,0.0
12,9,0.0,0.0,0.0,0.0,0.0,0.0,0.0,0.0,0.0,1.0,0.0,0.0
12,9,0.0,0.0,0.0,0.0,0.0,0.0,0.0,0.0,0.0,1.0,0.0,0.0
12,9,0.0,0.0,0.0,0.0,0.0,0.0,0.0,0.0,0.0,1.0,0.0,0.0
12,9,0.0,0.0,0.0,0.0,0.0,0.0,0.0,0.0,0.0,1.0,0.0,0.0
12,9,0.0,0.0,0.0,0.0,0.0,0.0,0.0,0.0,0.0,1.0,0.0,0.0
12,9,0.0,0.0,0.0,0.0,0.0,0.0,0.0,0.0,0.0,1.0,0.0,0.0
12,9,0.0,0.0,0.0,0.0,0.0,0.0,0.0,0.0,0.0,1.0,0.0,0.0
12,9,0.0,0.0,0.0,0.0,0.0,0.0,0.0,0.0,0.0,1.0,0.0,0.0
12,9,0.0,0.0,0.0,0.0,0.0,0.0,0.0,0.0,0.0,1.0,0.0,0.0
12,9,0.0,0.0,0.0,0.0,0.0,0.0,0.0,0.0,0.0,1.0,0.0,0.0
12,9,0.0,0.0,0.0,0.0,0.0,0.0,0.0,0.0,0.0,1.0,0.0,0.0
12,9,0.0,0.0,0.0,0.0,0.0,0.0,0.0,0.0,0.0,1.0,0.0,0.0
12,9,0.0,0.0,0.0,0.0,0.0,0.0,0.0,0.0,0.0,1.0,0.0,0.0
12,9,0.0,0.0,0.0,0.0,0.0,0.0,0.0,0.0,0.0,1.0,0.0,0.0
12,9,0.0,0.0,0.0,0.0,0.0,0.0,0.0,0.0,0.0,1.0,0.0,0.0
12,9,0.0,0.0,0.0,0.0,0.0,0.0,0.0,0.0,0.0,1.0,0.0,0.0
12,9,0.0,0.0,0.0,0.0,0.0,0.0,0.0,0.0,0.0,1.0,0.0,0.0
12,9,0.0,0.0,0.0,0.0,0.0,0.0,0.0,0.0,0.0,1.0,0.0,0.0
12,9,0.0,0.0,0.0,0.0,0.0,0.0,0.0,0.0,0.0,1.0,0.0,0.0
12,9,0.0,0.0,0.0,0.0,0.0,0.0,0.0,0.0,0.0,1.0,0.0,0.0
12,9,0.0,0.0,0.0,0.0,0.0,0.0,0.0,0.0,0.0,1.0,0.0,0.0
12,9,0.0,0.0,0.0,0.0,0.0,0.0,0.0,0.0,0.0,1.0,0.0,0.0
12,9,0.0,0.0,0.0,0.0,0.0,0.0,0.0,0.0,0.0,1.0,0.0,0.0
12,9,0.0,0.0,0.0,0.0,0.0,0.0,0.0,0.0,0.0,1.0,0.0,0.0
12,9,0.0,0.0,0.0,0.0,0.0,0.0,0.0,0.0,0.0,1.0,0.0,0.0
12,9,0.0,0.0,0.0,0.0,0.0,0.0,0.0,0.0,0.0,1.0,0.0,0.0
12,9,0.0,0.0,0.0,0.0,0.0,0.0,0.0,0.0,0.0,1.0,0.0,0.0
12,9,0.0,0.0,0.0,0.0,0.0,0.0,0.0,0.0,0.0,1.0,0.0,0.0
12,9,0.0,0.0,0.0,0.0,0.0,0.0,0.0,0.0,0.0,1.0,0.0,0.0
12,9,0.0,0.0,0.0,0.0,0.0,0.0,0.0,0.0,0.0,1.0,0.0,0.0
12,9,0.0,0.0,0.0,0.0,0.0,0.0,0.0,0.0,0.0,1.0,0.0,0.0
12,9,0.0,0.0,0.0,0.0,0.0,0.0,0.0,0.0,0.0,1.0,0.0,0.0
12,9,0.0,0.0,0.0,0.0,0.0,0.0,0.0,0.0,0.0,1.0,0.0,0.0
12,9,0.0,0.0,0.0,0.0,0.0,0.0,0.0,0.0,0.0,1.0,0.0,0.0
12,9,0.0,0.0,0.0,0.0,0.0,0.0,0.0,0.0,0.0,1.0,0.0,0.0
12,9,0.0,0.0,0.0,0.0,0.0,0.0,0.0,0.0,0.0,1.0,0.0,0.0
12,9,0.0,0.0,0.0,0.0,0.0,0.0,0.0,0.0,0.0,1.0,0.0,0.0
12,9,0.0,0.0,0.0,0.0,0.0,0.0,0.0,0.0,0.0,1.0,0.0,0.0
12,9,0.0,0.0,0.0,0.0,0.0,0.0,0.0,0.0,0.0,1.0,0.0,0.0
12,9,0.0,0.0,0.0,0.0,0.0,0.0,0.0,0.0,0.0,1.0,0.0,0.0
12,9,0.0,0.0,0.0,0.0,0.0,0.0,0.0,0.0,0.0,1.0,0.0,0.0
12,9,0.0,0.0,0.0,0.0,0.0,0.0,0.0,0.0,0.0,1.0,0.0,0.0
12,9,0.0,0.0,0.0,0.0,0.0,0.0,0.0,0.0,0.0,1.0,0.0,0.0
12,9,0.0,0.0,0.0,0.0,0.0,0.0,0.0,0.0,0.0,1.0,0.0,0.0
12,9,0.0,0.0,0.0,0.0,0.0,0.0,0.0,0.0,0.0,1.0,0.0,0.0
12,9,0.0,0.0,0.0,0.0,0.0,0.0,0.0,0.0,0.0,1.0,0.0,0.0
12,9,0.0,0.0,0.0,0.0,0.0,0.0,0.0,0.0,0.0,1.0,0.0,0.0
12,9,0.0,0.0,0.0,0.0,0.0,0.0,0.0,0.0,0.0,1.0,0.0,0.0
12,9,0.0,0.0,0.0,0.0,0.0,0.0,0.0,0.0,0.0,1.0,0.0,0.0
12,9,0.0,0.0,0.0,0.0,0.0,0.0,0.0,0.0,0.0,1.0,0.0,0.0
12,9,0.0,0.0,0.0,0.0,0.0,0.0,0.0,0.0,0.0,1.0,0.0,0.0
12,9,0.0,0.0,0.0,0.0,0.0,0.0,0.0,0.0,0.0,1.0,0.0,0.0
12,9,0.0,0.0,0.0,0.0,0.0,0.0,0.0,0.0,0.0,1.0,0.0,0.0
12,9,0.0,0.0,0.0,0.0,0.0,0.0,0.0,0.0,0.0,1.0,0.0,0.0
12,9,0.0,0.0,0.0,0.0,0.0,0.0,0.0,0.0,0.0,1.0,0.0,0.0
12,9,0.0,0.0,0.0,0.0,0.0,0.0,0.0,0.0,0.0,1.0,0.0,0.0
12,9,0.0,0.0,0.0,0.0,0.0,0.0,0.0,0.0,0.0,1.0,0.0,0.0
12,9,0.0,0.0,0.0,0.0,0.0,0.0,0.0,0.0,0.0,1.0,0.0,0.0
12,9,0.0,0.0,0.0,0.0,0.0,0.0,0.0,0.0,0.0,1.0,0.0,0.0
12,9,0.0,0.0,0.0,0.0,0.0,0.0,0.0,0.0,0.0,1.0,0.0,0.0
12,9,0.0,0.0,0.0,0.0,0.0,0.0,0.0,0.0,0.0,1.0,0.0,0.0
12,9,0.0,0.0,0.0,0.0,0.0,0.0,0.0,0.0,0.0,1.0,0.0,0.0
12,9,0.0,0.0,0.0,0.0,0.0,0.0,0.0,0.0,0.0,1.0,0.0,0.0
12,9,0.0,0.0,0.0,0.0,0.0,0.0,0.0,0.0,0.0,1.0,0.0,0.0
12,9,0.0,0.0,0.0,0.0,0.0,0.0,0.0,0.0,0.0,1.0,0.0,0.0
12,9,0.0,0.0,0.0,0.0,0.0,0.0,0.0,0.0,0.0,1.0,0.0,0.0
12,9,0.0,0.0,0.0,0.0,0.0,0.0,0.0,0.0,0.0,1.0,0.0,0.0
12,9,0.0,0.0,0.0,0.0,0.0,0.0,0.0,0.0,0.0,1.0,0.0,0.0
12,9,0.0,0.0,0.0,0.0,0.0,0.0,0.0,0.0,0.0,1.0,0.0,0.0
12,9,0.0,0.0,0.0,0.0,0.0,0.0,0.0,0.0,0.0,1.0,0.0,0.0
12,9,0.0,0.0,0.0,0.0,0.0,0.0,0.0,0.0,0.0,1.0,0.0,0.0
12,9,0.0,0.0,0.0,0.0,0.0,0.0,0.0,0.0,0.0,1.0,0.0,0.0
12,9,0.0,0.0,0.0,0.0,0.0,0.0,0.0,0.0,0.0,1.0,0.0,0.0
12,9,0.0,0.0,0.0,0.0,0.0,0.0,0.0,0.0,0.0,1.0,0.0,0.0
12,9,0.0,0.0,0.0,0.0,0.0,0.0,0.0,0.0,0.0,1.0,0.0,0.0
12,9,0.0,0.0,0.0,0.0,0.0,0.0,0.0,0.0,0.0,1.0,0.0,0.0
12,9,0.0,0.0,0.0,0.0,0.0,0.0,0.0,0.0,0.0,1.0,0.0,0.0
12,9,0.0,0.0,0.0,0.0,0.0,0.0,0.0,0.0,0.0,1.0,0.0,0.0
12,9,0.0,0.0,0.0,0.0,0.0,0.0,0.0,0.0,0.0,1.0,0.0,0.0
12,9,0.0,0.0,0.0,0.0,0.0,0.0,0.0,0.0,0.0,1.0,0.0,0.0
12,9,0.0,0.0,0.0,0.0,0.0,0.0,0.0,0.0,0.0,1.0,0.0,0.0
12,9,0.0,0.0,0.0,0.0,0.0,0.0,0.0,0.0,0.0,1.0,0.0,0.0
12,9,0.0,0.0,0.0,0.0,0.0,0.0,0.0,0.0,0.0,1.0,0.0,0.0
12,9,0.0,0.0,0.0,0.0,0.0,0.0,0.0,0.0,0.0,1.0,0.0,0.0
12,9,0.0,0.0,0.0,0.0,0.0,0.0,0.0,0.0,0.0,1.0,0.0,0.0
12,9,0.0,0.0,0.0,0.0,0.0,0.0,0.0,0.0,0.0,1.0,0.0,0.0
12,9,0.0,0.0,0.0,0.0,0.0,0.0,0.0,0.0,0.0,1.0,0.0,0.0
12,9,0.0,0.0,0.0,0.0,0.0,0.0,0.0,0.0,0.0,1.0,0.0,0.0
12,9,0.0,0.0,0.0,0.0,0.0,0.0,0.0,0.0,0.0,1.0,0.0,0.0
12,9,0.0,0.0,0.0,0.0,0.0,0.0,0.0,0.0,0.0,1.0,0.0,0.0
12,9,0.0,0.0,0.0,0.0,0.0,0.0,0.0,0.0,0.0,1.0,0.0,0.0
12,9,0.0,0.0,0.0,0.0,0.0,0.0,0.0,0.0,0.0,1.0,0.0,0.0
12,9,0.0,0.0,0.0,0.0,0.0,0.0,0.0,0.0,0.0,1.0,0.0,0.0
12,9,0.0,0.0,0.0,0.0,0.0,0.0,0.0,0.0,0.0,1.0,0.0,0.0
12,9,0.0,0.0,0.0,0.0,0.0,0.0,0.0,0.0,0.0,1.0,0.0,0.0
12,9,0.0,0.0,0.0,0.0,0.0,0.0,0.0,0.0,0.0,1.0,0.0,0.0
12,9,0.0,0.0,0.0,0.0,0.0,0.0,0.0,0.0,0.0,1.0,0.0,0.0
12,9,0.0,0.0,0.0,0.0,0.0,0.0,0.0,0.0,0.0,1.0,0.0,0.0
12,9,0.0,0.0,0.0,0.0,0.0,0.0,0.0,0.0,0.0,1.0,0.0,0.0
12,9,0.0,0.0,0.0,0.0,0.0,0.0,0.0,0.0,0.0,1.0,0.0,0.0
12,9,0.0,0.0,0.0,0.0,0.0,0.0,0.0,0.0,0.0,1.0,0.0,0.0
12,9,0.0,0.0,0.0,0.0,0.0,0.0,0.0,0.0,0.0,1.0,0.0,0.0
12,9,0.0,0.0,0.0,0.0,0.0,0.0,0.0,0.0,0.0,1.0,0.0,0.0
12,9,0.0,0.0,0.0,0.0,0.0,0.0,0.0,0.0,0.0,1.0,0.0,0.0
12,9,0.0,0.0,0.0,0.0,0.0,0.0,0.0,0.0,0.0,1.0,0.0,0.0
12,9,0.0,0.0,0.0,0.0,0.0,0.0,0.0,0.0,0.0,1.0,0.0,0.0
12,9,0.0,0.0,0.0,0.0,0.0,0.0,0.0,0.0,0.0,1.0,0.0,0.0
12,9,0.0,0.0,0.0,0.0,0.0,0.0,0.0,0.0,0.0,1.0,0.0,0.0
12,9,0.0,0.0,0.0,0.0,0.0,0.0,0.0,0.0,0.0,1.0,0.0,0.0
12,9,0.0,0.0,0.0,0.0,0.0,0.0,0.0,0.0,0.0,1.0,0.0,0.0
12,9,0.0,0.0,0.0,0.0,0.0,0.0,0.0,0.0,0.0,1.0,0.0,0.0
12,9,0.0,0.0,0.0,0.0,0.0,0.0,0.0,0.0,0.0,1.0,0.0,0.0
12,9,0.0,0.0,0.0,0.0,0.0,0.0,0.0,0.0,0.0,1.0,0.0,0.0
12,9,0.0,0.0,0.0,0.0,0.0,0.0,0.0,0.0,0.0,1.0,0.0,0.0
12,9,0.0,0.0,0.0,0.0,0.0,0.0,0.0,0.0,0.0,1.0,0.0,0.0
12,9,0.0,0.0,0.0,0.0,0.0,0.0,0.0,0.0,0.0,1.0,0.0,0.0
12,9,0.0,0.0,0.0,0.0,0.0,0.0,0.0,0.0,0.0,1.0,0.0,0.0
12,9,0.0,0.0,0.0,0.0,0.0,0.0,0.0,0.0,0.0,1.0,0.0,0.0
12,9,0.0,0.0,0.0,0.0,0.0,0.0,0.0,0.0,0.0,1.0,0.0,0.0
12,9,0.0,0.0,0.0,0.0,0.0,0.0,0.0,0.0,0.0,1.0,0.0,0.0
12,9,0.0,0.0,0.0,0.0,0.0,0.0,0.0,0.0,0.0,1.0,0.0,0.0
12,9,0.0,0.0,0.0,0.0,0.0,0.0,0.0,0.0,0.0,1.0,0.0,0.0
12,9,0.0,0.0,0.0,0.0,0.0,0.0,0.0,0.0,0.0,1.0,0.0,0.0
12,9,0.0,0.0,0.0,0.0,0.0,0.0,0.0,0.0,0.0,1.0,0.0,0.0
12,9,0.0,0.0,0.0,0.0,0.0,0.0,0.0,0.0,0.0,1.0,0.0,0.0
12,9,0.0,0.0,0.0,0.0,0.0,0.0,0.0,0.0,0.0,1.0,0.0,0.0
12,9,0.0,0.0,0.0,0.0,0.0,0.0,0.0,0.0,0.0,1.0,0.0,0.0
12,9,0.0,0.0,0.0,0.0,0.0,0.0,0.0,0.0,0.0,1.0,0.0,0.0
12,9,0.0,0.0,0.0,0.0,0.0,0.0,0.0,0.0,0.0,1.0,0.0,0.0
12,9,0.0,0.0,0.0,0.0,0.0,0.0,0.0,0.0,0.0,1.0,0.0,0.0
12,9,0.0,0.0,0.0,0.0,0.0,0.0,0.0,0.0,0.0,1.0,0.0,0.0
12,9,0.0,0.0,0.0,0.0,0.0,0.0,0.0,0.0,0.0,1.0,0.0,0.0
12,9,0.0,0.0,0.0,0.0,0.0,0.0,0.0,0.0,0.0,1.0,0.0,0.0
12,9,0.0,0.0,0.0,0.0,0.0,0.0,0.0,0.0,0.0,1.0,0.0,0.0
12,9,0.0,0.0,0.0,0.0,0.0,0.0,0.0,0.0,0.0,1.0,0.0,0.0
12,9,0.0,0.0,0.0,0.0,0.0,0.0,0.0,0.0,0.0,1.0,0.0,0.0
12,9,0.0,0.0,0.0,0.0,0.0,0.0,0.0,0.0,0.0,1.0,0.0,0.0
12,9,0.0,0.0,0.0,0.0,0.0,0.0,0.0,0.0,0.0,1.0,0.0,0.0
12,9,0.0,0.0,0.0,0.0,0.0,0.0,0.0,0.0,0.0,1.0,0.0,0.0
12,9,0.0,0.0,0.0,0.0,0.0,0.0,0.0,0.0,0.0,1.0,0.0,0.0
12,9,0.0,0.0,0.0,0.0,0.0,0.0,0.0,0.0,0.0,1.0,0.0,0.0
12,9,0.0,0.0,0.0,0.0,0.0,0.0,0.0,0.0,0.0,1.0,0.0,0.0
12,9,0.0,0.0,0.0,0.0,0.0,0.0,0.0,0.0,0.0,1.0,0.0,0.0
12,9,0.0,0.0,0.0,0.0,0.0,0.0,0.0,0.0,0.0,1.0,0.0,0.0
12,9,0.0,0.0,0.0,0.0,0.0,0.0,0.0,0.0,0.0,1.0,0.0,0.0
12,9,0.0,0.0,0.0,0.0,0.0,0.0,0.0,0.0,0.0,1.0,0.0,0.0
12,9,0.0,0.0,0.0,0.0,0.0,0.0,0.0,0.0,0.0,1.0,0.0,0.0
12,9,0.0,0.0,0.0,0.0,0.0,0.0,0.0,0.0,0.0,1.0,0.0,0.0
12,9,0.0,0.0,0.0,0.0,0.0,0.0,0.0,0.0,0.0,1.0,0.0,0.0
12,9,0.0,0.0,0.0,0.0,0.0,0.0,0.0,0.0,0.0,1.0,0.0,0.0
12,9,0.0,0.0,0.0,0.0,0.0,0.0,0.0,0.0,0.0,1.0,0.0,0.0
12,9,0.0,0.0,0.0,0.0,0.0,0.0,0.0,0.0,0.0,1.0,0.0,0.0
12,9,0.0,0.0,0.0,0.0,0.0,0.0,0.0,0.0,0.0,1.0,0.0,0.0
12,9,0.0,0.0,0.0,0.0,0.0,0.0,0.0,0.0,0.0,1.0,0.0,0.0
12,9,0.0,0.0,0.0,0.0,0.0,0.0,0.0,0.0,0.0,1.0,0.0,0.0
12,9,0.0,0.0,0.0,0.0,0.0,0.0,0.0,0.0,0.0,1.0,0.0,0.0
12,9,0.0,0.0,0.0,0.0,0.0,0.0,0.0,0.0,0.0,1.0,0.0,0.0
12,9,0.0,0.0,0.0,0.0,0.0,0.0,0.0,0.0,0.0,1.0,0.0,0.0
12,9,0.0,0.0,0.0,0.0,0.0,0.0,0.0,0.0,0.0,1.0,0.0,0.0
12,9,0.0,0.0,0.0,0.0,0.0,0.0,0.0,0.0,0.0,1.0,0.0,0.0
12,9,0.0,0.0,0.0,0.0,0.0,0.0,0.0,0.0,0.0,1.0,0.0,0.0
12,9,0.0,0.0,0.0,0.0,0.0,0.0,0.0,0.0,0.0,1.0,0.0,0.0
12,9,0.0,0.0,0.0,0.0,0.0,0.0,0.0,0.0,0.0,1.0,0.0,0.0
12,9,0.0,0.0,0.0,0.0,0.0,0.0,0.0,0.0,0.0,1.0,0.0,0.0
12,9,0.0,0.0,0.0,0.0,0.0,0.0,0.0,0.0,0.0,1.0,0.0,0.0
12,9,0.0,0.0,0.0,0.0,0.0,0.0,0.0,0.0,0.0,1.0,0.0,0.0
12,9,0.0,0.0,0.0,0.0,0.0,0.0,0.0,0.0,0.0,1.0,0.0,0.0
12,9,0.0,0.0,0.0,0.0,0.0,0.0,0.0,0.0,0.0,1.0,0.0,0.0
12,9,0.0,0.0,0.0,0.0,0.0,0.0,0.0,0.0,0.0,1.0,0.0,0.0
12,9,0.0,0.0,0.0,0.0,0.0,0.0,0.0,0.0,0.0,1.0,0.0,0.0
12,9,0.0,0.0,0.0,0.0,0.0,0.0,0.0,0.0,0.0,1.0,0.0,0.0
12,9,0.0,0.0,0.0,0.0,0.0,0.0,0.0,0.0,0.0,1.0,0.0,0.0
12,9,0.0,0.0,0.0,0.0,0.0,0.0,0.0,0.0,0.0,1.0,0.0,0.0
12,9,0.0,0.0,0.0,0.0,0.0,0.0,0.0,0.0,0.0,1.0,0.0,0.0
12,9,0.0,0.0,0.0,0.0,0.0,0.0,0.0,0.0,0.0,1.0,0.0,0.0
12,9,0.0,0.0,0.0,0.0,0.0,0.0,0.0,0.0,0.0,1.0,0.0,0.0
12,9,0.0,0.0,0.0,0.0,0.0,0.0,0.0,0.0,0.0,1.0,0.0,0.0
12,9,0.0,0.0,0.0,0.0,0.0,0.0,0.0,0.0,0.0,1.0,0.0,0.0
12,9,0.0,0.0,0.0,0.0,0.0,0.0,0.0,0.0,0.0,1.0,0.0,0.0
12,9,0.0,0.0,0.0,0.0,0.0,0.0,0.0,0.0,0.0,1.0,0.0,0.0
12,9,0.0,0.0,0.0,0.0,0.0,0.0,0.0,0.0,0.0,1.0,0.0,0.0
12,9,0.0,0.0,0.0,0.0,0.0,0.0,0.0,0.0,0.0,1.0,0.0,0.0
12,9,0.0,0.0,0.0,0.0,0.0,0.0,0.0,0.0,0.0,1.0,0.0,0.0
12,9,0.0,0.0,0.0,0.0,0.0,0.0,0.0,0.0,0.0,1.0,0.0,0.0
12,9,0.0,0.0,0.0,0.0,0.0,0.0,0.0,0.0,0.0,1.0,0.0,0.0
12,9,0.0,0.0,0.0,0.0,0.0,0.0,0.0,0.0,0.0,1.0,0.0,0.0
12,9,0.0,0.0,0.0,0.0,0.0,0.0,0.0,0.0,0.0,1.0,0.0,0.0
12,9,0.0,0.0,0.0,0.0,0.0,0.0,0.0,0.0,0.0,1.0,0.0,0.0
12,9,0.0,0.0,0.0,0.0,0.0,0.0,0.0,0.0,0.0,1.0,0.0,0.0
12,9,0.0,0.0,0.0,0.0,0.0,0.0,0.0,0.0,0.0,1.0,0.0,0.0
12,9,0.0,0.0,0.0,0.0,0.0,0.0,0.0,0.0,0.0,1.0,0.0,0.0
12,9,0.0,0.0,0.0,0.0,0.0,0.0,0.0,0.0,0.0,1.0,0.0,0.0
12,9,0.0,0.0,0.0,0.0,0.0,0.0,0.0,0.0,0.0,1.0,0.0,0.0
12,9,0.0,0.0,0.0,0.0,0.0,0.0,0.0,0.0,0.0,1.0,0.0,0.0
12,9,0.0,0.0,0.0,0.0,0.0,0.0,0.0,0.0,0.0,1.0,0.0,0.0
12,9,0.0,0.0,0.0,0.0,0.0,0.0,0.0,0.0,0.0,1.0,0.0,0.0
12,9,0.0,0.0,0.0,0.0,0.0,0.0,0.0,0.0,0.0,1.0,0.0,0.0
12,9,0.0,0.0,0.0,0.0,0.0,0.0,0.0,0.0,0.0,1.0,0.0,0.0
12,9,0.0,0.0,0.0,0.0,0.0,0.0,0.0,0.0,0.0,1.0,0.0,0.0
12,9,0.0,0.0,0.0,0.0,0.0,0.0,0.0,0.0,0.0,1.0,0.0,0.0
12,9,0.0,0.0,0.0,0.0,0.0,0.0,0.0,0.0,0.0,1.0,0.0,0.0
12,9,0.0,0.0,0.0,0.0,0.0,0.0,0.0,0.0,0.0,1.0,0.0,0.0
12,9,0.0,0.0,0.0,0.0,0.0,0.0,0.0,0.0,0.0,1.0,0.0,0.0
12,9,0.0,0.0,0.0,0.0,0.0,0.0,0.0,0.0,0.0,1.0,0.0,0.0
12,9,0.0,0.0,0.0,0.0,0.0,0.0,0.0,0.0,0.0,1.0,0.0,0.0
12,9,0.0,0.0,0.0,0.0,0.0,0.0,0.0,0.0,0.0,1.0,0.0,0.0
12,9,0.0,0.0,0.0,0.0,0.0,0.0,0.0,0.0,0.0,1.0,0.0,0.0
12,9,0.0,0.0,0.0,0.0,0.0,0.0,0.0,0.0,0.0,1.0,0.0,0.0
12,9,0.0,0.0,0.0,0.0,0.0,0.0,0.0,0.0,0.0,1.0,0.0,0.0
12,9,0.0,0.0,0.0,0.0,0.0,0.0,0.0,0.0,0.0,1.0,0.0,0.0
12,9,0.0,0.0,0.0,0.0,0.0,0.0,0.0,0.0,0.0,1.0,0.0,0.0
12,9,0.0,0.0,0.0,0.0,0.0,0.0,0.0,0.0,0.0,1.0,0.0,0.0
12,9,0.0,0.0,0.0,0.0,0.0,0.0,0.0,0.0,0.0,1.0,0.0,0.0
12,9,0.0,0.0,0.0,0.0,0.0,0.0,0.0,0.0,0.0,1.0,0.0,0.0
12,9,0.0,0.0,0.0,0.0,0.0,0.0,0.0,0.0,0.0,1.0,0.0,0.0
12,9,0.0,0.0,0.0,0.0,0.0,0.0,0.0,0.0,0.0,1.0,0.0,0.0
12,9,0.0,0.0,0.0,0.0,0.0,0.0,0.0,0.0,0.0,1.0,0.0,0.0
12,9,0.0,0.0,0.0,0.0,0.0,0.0,0.0,0.0,0.0,1.0,0.0,0.0
12,9,0.0,0.0,0.0,0.0,0.0,0.0,0.0,0.0,0.0,1.0,0.0,0.0
12,9,0.0,0.0,0.0,0.0,0.0,0.0,0.0,0.0,0.0,1.0,0.0,0.0
12,9,0.0,0.0,0.0,0.0,0.0,0.0,0.0,0.0,0.0,1.0,0.0,0.0
12,9,0.0,0.0,0.0,0.0,0.0,0.0,0.0,0.0,0.0,1.0,0.0,0.0
12,9,0.0,0.0,0.0,0.0,0.0,0.0,0.0,0.0,0.0,1.0,0.0,0.0
12,9,0.0,0.0,0.0,0.0,0.0,0.0,0.0,0.0,0.0,1.0,0.0,0.0
12,9,0.0,0.0,0.0,0.0,0.0,0.0,0.0,0.0,0.0,1.0,0.0,0.0
12,9,0.0,0.0,0.0,0.0,0.0,0.0,0.0,0.0,0.0,1.0,0.0,0.0
12,9,0.0,0.0,0.0,0.0,0.0,0.0,0.0,0.0,0.0,1.0,0.0,0.0
12,9,0.0,0.0,0.0,0.0,0.0,0.0,0.0,0.0,0.0,1.0,0.0,0.0
12,9,0.0,0.0,0.0,0.0,0.0,0.0,0.0,0.0,0.0,1.0,0.0,0.0
12,9,0.0,0.0,0.0,0.0,0.0,0.0,0.0,0.0,0.0,1.0,0.0,0.0
12,9,0.0,0.0,0.0,0.0,0.0,0.0,0.0,0.0,0.0,1.0,0.0,0.0
12,9,0.0,0.0,0.0,0.0,0.0,0.0,0.0,0.0,0.0,1.0,0.0,0.0
12,9,0.0,0.0,0.0,0.0,0.0,0.0,0.0,0.0,0.0,1.0,0.0,0.0
12,9,0.0,0.0,0.0,0.0,0.0,0.0,0.0,0.0,0.0,1.0,0.0,0.0
12,9,0.0,0.0,0.0,0.0,0.0,0.0,0.0,0.0,0.0,1.0,0.0,0.0
12,9,0.0,0.0,0.0,0.0,0.0,0.0,0.0,0.0,0.0,1.0,0.0,0.0
12,9,0.0,0.0,0.0,0.0,0.0,0.0,0.0,0.0,0.0,1.0,0.0,0.0
12,9,0.0,0.0,0.0,0.0,0.0,0.0,0.0,0.0,0.0,1.0,0.0,0.0
12,9,0.0,0.0,0.0,0.0,0.0,0.0,0.0,0.0,0.0,1.0,0.0,0.0
12,9,0.0,0.0,0.0,0.0,0.0,0.0,0.0,0.0,0.0,1.0,0.0,0.0
12,9,0.0,0.0,0.0,0.0,0.0,0.0,0.0,0.0,0.0,1.0,0.0,0.0
12,9,0.0,0.0,0.0,0.0,0.0,0.0,0.0,0.0,0.0,1.0,0.0,0.0
12,9,0.0,0.0,0.0,0.0,0.0,0.0,0.0,0.0,0.0,1.0,0.0,0.0
12,9,0.0,0.0,0.0,0.0,0.0,0.0,0.0,0.0,0.0,1.0,0.0,0.0
12,9,0.0,0.0,0.0,0.0,0.0,0.0,0.0,0.0,0.0,1.0,0.0,0.0
12,9,0.0,0.0,0.0,0.0,0.0,0.0,0.0,0.0,0.0,1.0,0.0,0.0
12,9,0.0,0.0,0.0,0.0,0.0,0.0,0.0,0.0,0.0,1.0,0.0,0.0
12,9,0.0,0.0,0.0,0.0,0.0,0.0,0.0,0.0,0.0,1.0,0.0,0.0
12,9,0.0,0.0,0.0,0.0,0.0,0.0,0.0,0.0,0.0,1.0,0.0,0.0
12,9,0.0,0.0,0.0,0.0,0.0,0.0,0.0,0.0,0.0,1.0,0.0,0.0
12,9,0.0,0.0,0.0,0.0,0.0,0.0,0.0,0.0,0.0,1.0,0.0,0.0
12,9,0.0,0.0,0.0,0.0,0.0,0.0,0.0,0.0,0.0,1.0,0.0,0.0
12,9,0.0,0.0,0.0,0.0,0.0,0.0,0.0,0.0,0.0,1.0,0.0,0.0
12,9,0.0,0.0,0.0,0.0,0.0,0.0,0.0,0.0,0.0,1.0,0.0,0.0
12,9,0.0,0.0,0.0,0.0,0.0,0.0,0.0,0.0,0.0,1.0,0.0,0.0
12,9,0.0,0.0,0.0,0.0,0.0,0.0,0.0,0.0,0.0,1.0,0.0,0.0
12,9,0.0,0.0,0.0,0.0,0.0,0.0,0.0,0.0,0.0,1.0,0.0,0.0
12,9,0.0,0.0,0.0,0.0,0.0,0.0,0.0,0.0,0.0,1.0,0.0,0.0
12,9,0.0,0.0,0.0,0.0,0.0,0.0,0.0,0.0,0.0,1.0,0.0,0.0
12,9,0.0,0.0,0.0,0.0,0.0,0.0,0.0,0.0,0.0,1.0,0.0,0.0
12,9,0.0,0.0,0.0,0.0,0.0,0.0,0.0,0.0,0.0,1.0,0.0,0.0
12,9,0.0,0.0,0.0,0.0,0.0,0.0,0.0,0.0,0.0,1.0,0.0,0.0
12,9,0.0,0.0,0.0,0.0,0.0,0.0,0.0,0.0,0.0,1.0,0.0,0.0
12,9,0.0,0.0,0.0,0.0,0.0,0.0,0.0,0.0,0.0,1.0,0.0,0.0
12,9,0.0,0.0,0.0,0.0,0.0,0.0,0.0,0.0,0.0,1.0,0.0,0.0
12,9,0.0,0.0,0.0,0.0,0.0,0.0,0.0,0.0,0.0,1.0,0.0,0.0
12,9,0.0,0.0,0.0,0.0,0.0,0.0,0.0,0.0,0.0,1.0,0.0,0.0
12,9,0.0,0.0,0.0,0.0,0.0,0.0,0.0,0.0,0.0,1.0,0.0,0.0
12,9,0.0,0.0,0.0,0.0,0.0,0.0,0.0,0.0,0.0,1.0,0.0,0.0
12,9,0.0,0.0,0.0,0.0,0.0,0.0,0.0,0.0,0.0,1.0,0.0,0.0
12,9,0.0,0.0,0.0,0.0,0.0,0.0,0.0,0.0,0.0,1.0,0.0,0.0
12,9,0.0,0.0,0.0,0.0,0.0,0.0,0.0,0.0,0.0,1.0,0.0,0.0
12,9,0.0,0.0,0.0,0.0,0.0,0.0,0.0,0.0,0.0,1.0,0.0,0.0
12,9,0.0,0.0,0.0,0.0,0.0,0.0,0.0,0.0,0.0,1.0,0.0,0.0
12,9,0.0,0.0,0.0,0.0,0.0,0.0,0.0,0.0,0.0,1.0,0.0,0.0
12,9,0.0,0.0,0.0,0.0,0.0,0.0,0.0,0.0,0.0,1.0,0.0,0.0
12,9,0.0,0.0,0.0,0.0,0.0,0.0,0.0,0.0,0.0,1.0,0.0,0.0
12,9,0.0,0.0,0.0,0.0,0.0,0.0,0.0,0.0,0.0,1.0,0.0,0.0
12,9,0.0,0.0,0.0,0.0,0.0,0.0,0.0,0.0,0.0,1.0,0.0,0.0
12,9,0.0,0.0,0.0,0.0,0.0,0.0,0.0,0.0,0.0,1.0,0.0,0.0
12,9,0.0,0.0,0.0,0.0,0.0,0.0,0.0,0.0,0.0,1.0,0.0,0.0
12,9,0.0,0.0,0.0,0.0,0.0,0.0,0.0,0.0,0.0,1.0,0.0,0.0
12,9,0.0,0.0,0.0,0.0,0.0,0.0,0.0,0.0,0.0,1.0,0.0,0.0
12,9,0.0,0.0,0.0,0.0,0.0,0.0,0.0,0.0,0.0,1.0,0.0,0.0
12,9,0.0,0.0,0.0,0.0,0.0,0.0,0.0,0.0,0.0,1.0,0.0,0.0
12,9,0.0,0.0,0.0,0.0,0.0,0.0,0.0,0.0,0.0,1.0,0.0,0.0
12,9,0.0,0.0,0.0,0.0,0.0,0.0,0.0,0.0,0.0,1.0,0.0,0.0
12,9,0.0,0.0,0.0,0.0,0.0,0.0,0.0,0.0,0.0,1.0,0.0,0.0
12,9,0.0,0.0,0.0,0.0,0.0,0.0,0.0,0.0,0.0,1.0,0.0,0.0
12,9,0.0,0.0,0.0,0.0,0.0,0.0,0.0,0.0,0.0,1.0,0.0,0.0
12,9,0.0,0.0,0.0,0.0,0.0,0.0,0.0,0.0,0.0,1.0,0.0,0.0
12,9,0.0,0.0,0.0,0.0,0.0,0.0,0.0,0.0,0.0,1.0,0.0,0.0
12,9,0.0,0.0,0.0,0.0,0.0,0.0,0.0,0.0,0.0,1.0,0.0,0.0
12,9,0.0,0.0,0.0,0.0,0.0,0.0,0.0,0.0,0.0,1.0,0.0,0.0
12,9,0.0,0.0,0.0,0.0,0.0,0.0,0.0,0.0,0.0,1.0,0.0,0.0
12,9,0.0,0.0,0.0,0.0,0.0,0.0,0.0,0.0,0.0,1.0,0.0,0.0
12,9,0.0,0.0,0.0,0.0,0.0,0.0,0.0,0.0,0.0,1.0,0.0,0.0
12,9,0.0,0.0,0.0,0.0,0.0,0.0,0.0,0.0,0.0,1.0,0.0,0.0
12,9,0.0,0.0,0.0,0.0,0.0,0.0,0.0,0.0,0.0,1.0,0.0,0.0
12,9,0.0,0.0,0.0,0.0,0.0,0.0,0.0,0.0,0.0,1.0,0.0,0.0
12,9,0.0,0.0,0.0,0.0,0.0,0.0,0.0,0.0,0.0,1.0,0.0,0.0
12,9,0.0,0.0,0.0,0.0,0.0,0.0,0.0,0.0,0.0,1.0,0.0,0.0
12,9,0.0,0.0,0.0,0.0,0.0,0.0,0.0,0.0,0.0,1.0,0.0,0.0
12,9,0.0,0.0,0.0,0.0,0.0,0.0,0.0,0.0,0.0,1.0,0.0,0.0
12,9,0.0,0.0,0.0,0.0,0.0,0.0,0.0,0.0,0.0,1.0,0.0,0.0
12,9,0.0,0.0,0.0,0.0,0.0,0.0,0.0,0.0,0.0,1.0,0.0,0.0
12,9,0.0,0.0,0.0,0.0,0.0,0.0,0.0,0.0,0.0,1.0,0.0,0.0
12,9,0.0,0.0,0.0,0.0,0.0,0.0,0.0,0.0,0.0,1.0,0.0,0.0
12,9,0.0,0.0,0.0,0.0,0.0,0.0,0.0,0.0,0.0,1.0,0.0,0.0
12,9,0.0,0.0,0.0,0.0,0.0,0.0,0.0,0.0,0.0,1.0,0.0,0.0
12,9,0.0,0.0,0.0,0.0,0.0,0.0,0.0,0.0,0.0,1.0,0.0,0.0
12,9,0.0,0.0,0.0,0.0,0.0,0.0,0.0,0.0,0.0,1.0,0.0,0.0
12,9,0.0,0.0,0.0,0.0,0.0,0.0,0.0,0.0,0.0,1.0,0.0,0.0
12,9,0.0,0.0,0.0,0.0,0.0,0.0,0.0,0.0,0.0,1.0,0.0,0.0
12,9,0.0,0.0,0.0,0.0,0.0,0.0,0.0,0.0,0.0,1.0,0.0,0.0
12,9,0.0,0.0,0.0,0.0,0.0,0.0,0.0,0.0,0.0,1.0,0.0,0.0
12,9,0.0,0.0,0.0,0.0,0.0,0.0,0.0,0.0,0.0,1.0,0.0,0.0
12,9,0.0,0.0,0.0,0.0,0.0,0.0,0.0,0.0,0.0,1.0,0.0,0.0
12,9,0.0,0.0,0.0,0.0,0.0,0.0,0.0,0.0,0.0,1.0,0.0,0.0
12,9,0.0,0.0,0.0,0.0,0.0,0.0,0.0,0.0,0.0,1.0,0.0,0.0
12,9,0.0,0.0,0.0,0.0,0.0,0.0,0.0,0.0,0.0,1.0,0.0,0.0
12,9,0.0,0.0,0.0,0.0,0.0,0.0,0.0,0.0,0.0,1.0,0.0,0.0
12,9,0.0,0.0,0.0,0.0,0.0,0.0,0.0,0.0,0.0,1.0,0.0,0.0
12,9,0.0,0.0,0.0,0.0,0.0,0.0,0.0,0.0,0.0,1.0,0.0,0.0
12,9,0.0,0.0,0.0,0.0,0.0,0.0,0.0,0.0,0.0,1.0,0.0,0.0
12,9,0.0,0.0,0.0,0.0,0.0,0.0,0.0,0.0,0.0,1.0,0.0,0.0
12,9,0.0,0.0,0.0,0.0,0.0,0.0,0.0,0.0,0.0,1.0,0.0,0.0
12,9,0.0,0.0,0.0,0.0,0.0,0.0,0.0,0.0,0.0,1.0,0.0,0.0
12,9,0.0,0.0,0.0,0.0,0.0,0.0,0.0,0.0,0.0,1.0,0.0,0.0
12,9,0.0,0.0,0.0,0.0,0.0,0.0,0.0,0.0,0.0,1.0,0.0,0.0
12,9,0.0,0.0,0.0,0.0,0.0,0.0,0.0,0.0,0.0,1.0,0.0,0.0
12,9,0.0,0.0,0.0,0.0,0.0,0.0,0.0,0.0,0.0,1.0,0.0,0.0
12,9,0.0,0.0,0.0,0.0,0.0,0.0,0.0,0.0,0.0,1.0,0.0,0.0
12,9,0.0,0.0,0.0,0.0,0.0,0.0,0.0,0.0,0.0,1.0,0.0,0.0
12,9,0.0,0.0,0.0,0.0,0.0,0.0,0.0,0.0,0.0,1.0,0.0,0.0
12,9,0.0,0.0,0.0,0.0,0.0,0.0,0.0,0.0,0.0,1.0,0.0,0.0
12,9,0.0,0.0,0.0,0.0,0.0,0.0,0.0,0.0,0.0,1.0,0.0,0.0
12,9,0.0,0.0,0.0,0.0,0.0,0.0,0.0,0.0,0.0,1.0,0.0,0.0
12,9,0.0,0.0,0.0,0.0,0.0,0.0,0.0,0.0,0.0,1.0,0.0,0.0
12,9,0.0,0.0,0.0,0.0,0.0,0.0,0.0,0.0,0.0,1.0,0.0,0.0
12,9,0.0,0.0,0.0,0.0,0.0,0.0,0.0,0.0,0.0,1.0,0.0,0.0
12,9,0.0,0.0,0.0,0.0,0.0,0.0,0.0,0.0,0.0,1.0,0.0,0.0
12,9,0.0,0.0,0.0,0.0,0.0,0.0,0.0,0.0,0.0,1.0,0.0,0.0
12,9,0.0,0.0,0.0,0.0,0.0,0.0,0.0,0.0,0.0,1.0,0.0,0.0
12,9,0.0,0.0,0.0,0.0,0.0,0.0,0.0,0.0,0.0,1.0,0.0,0.0
12,9,0.0,0.0,0.0,0.0,0.0,0.0,0.0,0.0,0.0,1.0,0.0,0.0
12,9,0.0,0.0,0.0,0.0,0.0,0.0,0.0,0.0,0.0,1.0,0.0,0.0
12,9,0.0,0.0,0.0,0.0,0.0,0.0,0.0,0.0,0.0,1.0,0.0,0.0
12,9,0.0,0.0,0.0,0.0,0.0,0.0,0.0,0.0,0.0,1.0,0.0,0.0
12,9,0.0,0.0,0.0,0.0,0.0,0.0,0.0,0.0,0.0,1.0,0.0,0.0
12,9,0.0,0.0,0.0,0.0,0.0,0.0,0.0,0.0,0.0,1.0,0.0,0.0
12,9,0.0,0.0,0.0,0.0,0.0,0.0,0.0,0.0,0.0,1.0,0.0,0.0
12,9,0.0,0.0,0.0,0.0,0.0,0.0,0.0,0.0,0.0,1.0,0.0,0.0
12,9,0.0,0.0,0.0,0.0,0.0,0.0,0.0,0.0,0.0,1.0,0.0,0.0
12,9,0.0,0.0,0.0,0.0,0.0,0.0,0.0,0.0,0.0,1.0,0.0,0.0
12,9,0.0,0.0,0.0,0.0,0.0,0.0,0.0,0.0,0.0,1.0,0.0,0.0
12,9,0.0,0.0,0.0,0.0,0.0,0.0,0.0,0.0,0.0,1.0,0.0,0.0
12,9,0.0,0.0,0.0,0.0,0.0,0.0,0.0,0.0,0.0,1.0,0.0,0.0
12,9,0.0,0.0,0.0,0.0,0.0,0.0,0.0,0.0,0.0,1.0,0.0,0.0
12,9,0.0,0.0,0.0,0.0,0.0,0.0,0.0,0.0,0.0,1.0,0.0,0.0
12,9,0.0,0.0,0.0,0.0,0.0,0.0,0.0,0.0,0.0,1.0,0.0,0.0
12,9,0.0,0.0,0.0,0.0,0.0,0.0,0.0,0.0,0.0,1.0,0.0,0.0
12,9,0.0,0.0,0.0,0.0,0.0,0.0,0.0,0.0,0.0,1.0,0.0,0.0
12,9,0.0,0.0,0.0,0.0,0.0,0.0,0.0,0.0,0.0,1.0,0.0,0.0
12,9,0.0,0.0,0.0,0.0,0.0,0.0,0.0,0.0,0.0,1.0,0.0,0.0
12,9,0.0,0.0,0.0,0.0,0.0,0.0,0.0,0.0,0.0,1.0,0.0,0.0
12,9,0.0,0.0,0.0,0.0,0.0,0.0,0.0,0.0,0.0,1.0,0.0,0.0
12,9,0.0,0.0,0.0,0.0,0.0,0.0,0.0,0.0,0.0,1.0,0.0,0.0
12,9,0.0,0.0,0.0,0.0,0.0,0.0,0.0,0.0,0.0,1.0,0.0,0.0
12,9,0.0,0.0,0.0,0.0,0.0,0.0,0.0,0.0,0.0,1.0,0.0,0.0
12,9,0.0,0.0,0.0,0.0,0.0,0.0,0.0,0.0,0.0,1.0,0.0,0.0
12,9,0.0,0.0,0.0,0.0,0.0,0.0,0.0,0.0,0.0,1.0,0.0,0.0
12,9,0.0,0.0,0.0,0.0,0.0,0.0,0.0,0.0,0.0,1.0,0.0,0.0
12,9,0.0,0.0,0.0,0.0,0.0,0.0,0.0,0.0,0.0,1.0,0.0,0.0
12,9,0.0,0.0,0.0,0.0,0.0,0.0,0.0,0.0,0.0,1.0,0.0,0.0
12,9,0.0,0.0,0.0,0.0,0.0,0.0,0.0,0.0,0.0,1.0,0.0,0.0
12,9,0.0,0.0,0.0,0.0,0.0,0.0,0.0,0.0,0.0,1.0,0.0,0.0
12,9,0.0,0.0,0.0,0.0,0.0,0.0,0.0,0.0,0.0,1.0,0.0,0.0
12,9,0.0,0.0,0.0,0.0,0.0,0.0,0.0,0.0,0.0,1.0,0.0,0.0
12,9,0.0,0.0,0.0,0.0,0.0,0.0,0.0,0.0,0.0,1.0,0.0,0.0
12,9,0.0,0.0,0.0,0.0,0.0,0.0,0.0,0.0,0.0,1.0,0.0,0.0
12,9,0.0,0.0,0.0,0.0,0.0,0.0,0.0,0.0,0.0,1.0,0.0,0.0
12,9,0.0,0.0,0.0,0.0,0.0,0.0,0.0,0.0,0.0,1.0,0.0,0.0
12,9,0.0,0.0,0.0,0.0,0.0,0.0,0.0,0.0,0.0,1.0,0.0,0.0
12,9,0.0,0.0,0.0,0.0,0.0,0.0,0.0,0.0,0.0,1.0,0.0,0.0
12,9,0.0,0.0,0.0,0.0,0.0,0.0,0.0,0.0,0.0,1.0,0.0,0.0
12,9,0.0,0.0,0.0,0.0,0.0,0.0,0.0,0.0,0.0,1.0,0.0,0.0
12,9,0.0,0.0,0.0,0.0,0.0,0.0,0.0,0.0,0.0,1.0,0.0,0.0
12,9,0.0,0.0,0.0,0.0,0.0,0.0,0.0,0.0,0.0,1.0,0.0,0.0
12,9,0.0,0.0,0.0,0.0,0.0,0.0,0.0,0.0,0.0,1.0,0.0,0.0
12,9,0.0,0.0,0.0,0.0,0.0,0.0,0.0,0.0,0.0,1.0,0.0,0.0
12,9,0.0,0.0,0.0,0.0,0.0,0.0,0.0,0.0,0.0,1.0,0.0,0.0
12,9,0.0,0.0,0.0,0.0,0.0,0.0,0.0,0.0,0.0,1.0,0.0,0.0
12,9,0.0,0.0,0.0,0.0,0.0,0.0,0.0,0.0,0.0,1.0,0.0,0.0
12,9,0.0,0.0,0.0,0.0,0.0,0.0,0.0,0.0,0.0,1.0,0.0,0.0
12,9,0.0,0.0,0.0,0.0,0.0,0.0,0.0,0.0,0.0,1.0,0.0,0.0
12,9,0.0,0.0,0.0,0.0,0.0,0.0,0.0,0.0,0.0,1.0,0.0,0.0
12,9,0.0,0.0,0.0,0.0,0.0,0.0,0.0,0.0,0.0,1.0,0.0,0.0
12,9,0.0,0.0,0.0,0.0,0.0,0.0,0.0,0.0,0.0,1.0,0.0,0.0
12,9,0.0,0.0,0.0,0.0,0.0,0.0,0.0,0.0,0.0,1.0,0.0,0.0
12,9,0.0,0.0,0.0,0.0,0.0,0.0,0.0,0.0,0.0,1.0,0.0,0.0
12,9,0.0,0.0,0.0,0.0,0.0,0.0,0.0,0.0,0.0,1.0,0.0,0.0
12,9,0.0,0.0,0.0,0.0,0.0,0.0,0.0,0.0,0.0,1.0,0.0,0.0
12,9,0.0,0.0,0.0,0.0,0.0,0.0,0.0,0.0,0.0,1.0,0.0,0.0
12,9,0.0,0.0,0.0,0.0,0.0,0.0,0.0,0.0,0.0,1.0,0.0,0.0
12,9,0.0,0.0,0.0,0.0,0.0,0.0,0.0,0.0,0.0,1.0,0.0,0.0
12,9,0.0,0.0,0.0,0.0,0.0,0.0,0.0,0.0,0.0,1.0,0.0,0.0
12,9,0.0,0.0,0.0,0.0,0.0,0.0,0.0,0.0,0.0,1.0,0.0,0.0
12,9,0.0,0.0,0.0,0.0,0.0,0.0,0.0,0.0,0.0,1.0,0.0,0.0
12,9,0.0,0.0,0.0,0.0,0.0,0.0,0.0,0.0,0.0,1.0,0.0,0.0
12,9,0.0,0.0,0.0,0.0,0.0,0.0,0.0,0.0,0.0,1.0,0.0,0.0
12,9,0.0,0.0,0.0,0.0,0.0,0.0,0.0,0.0,0.0,1.0,0.0,0.0
12,9,0.0,0.0,0.0,0.0,0.0,0.0,0.0,0.0,0.0,1.0,0.0,0.0
12,9,0.0,0.0,0.0,0.0,0.0,0.0,0.0,0.0,0.0,1.0,0.0,0.0
12,9,0.0,0.0,0.0,0.0,0.0,0.0,0.0,0.0,0.0,1.0,0.0,0.0
12,9,0.0,0.0,0.0,0.0,0.0,0.0,0.0,0.0,0.0,1.0,0.0,0.0
12,9,0.0,0.0,0.0,0.0,0.0,0.0,0.0,0.0,0.0,1.0,0.0,0.0
12,9,0.0,0.0,0.0,0.0,0.0,0.0,0.0,0.0,0.0,1.0,0.0,0.0
12,9,0.0,0.0,0.0,0.0,0.0,0.0,0.0,0.0,0.0,1.0,0.0,0.0
12,9,0.0,0.0,0.0,0.0,0.0,0.0,0.0,0.0,0.0,1.0,0.0,0.0
12,9,0.0,0.0,0.0,0.0,0.0,0.0,0.0,0.0,0.0,1.0,0.0,0.0
12,9,0.0,0.0,0.0,0.0,0.0,0.0,0.0,0.0,0.0,1.0,0.0,0.0
12,9,0.0,0.0,0.0,0.0,0.0,0.0,0.0,0.0,0.0,1.0,0.0,0.0
12,9,0.0,0.0,0.0,0.0,0.0,0.0,0.0,0.0,0.0,1.0,0.0,0.0
12,9,0.0,0.0,0.0,0.0,0.0,0.0,0.0,0.0,0.0,1.0,0.0,0.0
12,9,0.0,0.0,0.0,0.0,0.0,0.0,0.0,0.0,0.0,1.0,0.0,0.0
12,9,0.0,0.0,0.0,0.0,0.0,0.0,0.0,0.0,0.0,1.0,0.0,0.0
12,9,0.0,0.0,0.0,0.0,0.0,0.0,0.0,0.0,0.0,1.0,0.0,0.0
12,9,0.0,0.0,0.0,0.0,0.0,0.0,0.0,0.0,0.0,1.0,0.0,0.0
12,9,0.0,0.0,0.0,0.0,0.0,0.0,0.0,0.0,0.0,1.0,0.0,0.0
12,9,0.0,0.0,0.0,0.0,0.0,0.0,0.0,0.0,0.0,1.0,0.0,0.0
12,9,0.0,0.0,0.0,0.0,0.0,0.0,0.0,0.0,0.0,1.0,0.0,0.0
12,9,0.0,0.0,0.0,0.0,0.0,0.0,0.0,0.0,0.0,1.0,0.0,0.0
12,9,0.0,0.0,0.0,0.0,0.0,0.0,0.0,0.0,0.0,1.0,0.0,0.0
12,9,0.0,0.0,0.0,0.0,0.0,0.0,0.0,0.0,0.0,1.0,0.0,0.0
12,9,0.0,0.0,0.0,0.0,0.0,0.0,0.0,0.0,0.0,1.0,0.0,0.0
12,9,0.0,0.0,0.0,0.0,0.0,0.0,0.0,0.0,0.0,1.0,0.0,0.0
12,9,0.0,0.0,0.0,0.0,0.0,0.0,0.0,0.0,0.0,1.0,0.0,0.0
12,9,0.0,0.0,0.0,0.0,0.0,0.0,0.0,0.0,0.0,1.0,0.0,0.0
12,9,0.0,0.0,0.0,0.0,0.0,0.0,0.0,0.0,0.0,1.0,0.0,0.0
12,9,0.0,0.0,0.0,0.0,0.0,0.0,0.0,0.0,0.0,1.0,0.0,0.0
12,9,0.0,0.0,0.0,0.0,0.0,0.0,0.0,0.0,0.0,1.0,0.0,0.0
12,9,0.0,0.0,0.0,0.0,0.0,0.0,0.0,0.0,0.0,1.0,0.0,0.0
12,9,0.0,0.0,0.0,0.0,0.0,0.0,0.0,0.0,0.0,1.0,0.0,0.0
12,9,0.0,0.0,0.0,0.0,0.0,0.0,0.0,0.0,0.0,1.0,0.0,0.0
12,9,0.0,0.0,0.0,0.0,0.0,0.0,0.0,0.0,0.0,1.0,0.0,0.0
12,9,0.0,0.0,0.0,0.0,0.0,0.0,0.0,0.0,0.0,1.0,0.0,0.0
12,9,0.0,0.0,0.0,0.0,0.0,0.0,0.0,0.0,0.0,1.0,0.0,0.0
12,9,0.0,0.0,0.0,0.0,0.0,0.0,0.0,0.0,0.0,1.0,0.0,0.0
12,9,0.0,0.0,0.0,0.0,0.0,0.0,0.0,0.0,0.0,1.0,0.0,0.0
12,9,0.0,0.0,0.0,0.0,0.0,0.0,0.0,0.0,0.0,1.0,0.0,0.0
12,9,0.0,0.0,0.0,0.0,0.0,0.0,0.0,0.0,0.0,1.0,0.0,0.0
12,9,0.0,0.0,0.0,0.0,0.0,0.0,0.0,0.0,0.0,1.0,0.0,0.0
12,9,0.0,0.0,0.0,0.0,0.0,0.0,0.0,0.0,0.0,1.0,0.0,0.0
12,9,0.0,0.0,0.0,0.0,0.0,0.0,0.0,0.0,0.0,1.0,0.0,0.0
12,9,0.0,0.0,0.0,0.0,0.0,0.0,0.0,0.0,0.0,1.0,0.0,0.0
12,9,0.0,0.0,0.0,0.0,0.0,0.0,0.0,0.0,0.0,1.0,0.0,0.0
12,9,0.0,0.0,0.0,0.0,0.0,0.0,0.0,0.0,0.0,1.0,0.0,0.0
12,9,0.0,0.0,0.0,0.0,0.0,0.0,0.0,0.0,0.0,1.0,0.0,0.0
12,9,0.0,0.0,0.0,0.0,0.0,0.0,0.0,0.0,0.0,1.0,0.0,0.0
12,9,0.0,0.0,0.0,0.0,0.0,0.0,0.0,0.0,0.0,1.0,0.0,0.0
12,9,0.0,0.0,0.0,0.0,0.0,0.0,0.0,0.0,0.0,1.0,0.0,0.0
12,9,0.0,0.0,0.0,0.0,0.0,0.0,0.0,0.0,0.0,1.0,0.0,0.0
12,9,0.0,0.0,0.0,0.0,0.0,0.0,0.0,0.0,0.0,1.0,0.0,0.0
12,9,0.0,0.0,0.0,0.0,0.0,0.0,0.0,0.0,0.0,1.0,0.0,0.0
12,9,0.0,0.0,0.0,0.0,0.0,0.0,0.0,0.0,0.0,1.0,0.0,0.0
12,9,0.0,0.0,0.0,0.0,0.0,0.0,0.0,0.0,0.0,1.0,0.0,0.0
12,9,0.0,0.0,0.0,0.0,0.0,0.0,0.0,0.0,0.0,1.0,0.0,0.0
12,9,0.0,0.0,0.0,0.0,0.0,0.0,0.0,0.0,0.0,1.0,0.0,0.0
12,9,0.0,0.0,0.0,0.0,0.0,0.0,0.0,0.0,0.0,1.0,0.0,0.0
12,9,0.0,0.0,0.0,0.0,0.0,0.0,0.0,0.0,0.0,1.0,0.0,0.0
12,9,0.0,0.0,0.0,0.0,0.0,0.0,0.0,0.0,0.0,1.0,0.0,0.0
12,9,0.0,0.0,0.0,0.0,0.0,0.0,0.0,0.0,0.0,1.0,0.0,0.0
12,9,0.0,0.0,0.0,0.0,0.0,0.0,0.0,0.0,0.0,1.0,0.0,0.0
12,9,0.0,0.0,0.0,0.0,0.0,0.0,0.0,0.0,0.0,1.0,0.0,0.0
12,9,0.0,0.0,0.0,0.0,0.0,0.0,0.0,0.0,0.0,1.0,0.0,0.0
12,9,0.0,0.0,0.0,0.0,0.0,0.0,0.0,0.0,0.0,1.0,0.0,0.0
12,9,0.0,0.0,0.0,0.0,0.0,0.0,0.0,0.0,0.0,1.0,0.0,0.0
12,9,0.0,0.0,0.0,0.0,0.0,0.0,0.0,0.0,0.0,1.0,0.0,0.0
12,9,0.0,0.0,0.0,0.0,0.0,0.0,0.0,0.0,0.0,1.0,0.0,0.0
12,9,0.0,0.0,0.0,0.0,0.0,0.0,0.0,0.0,0.0,1.0,0.0,0.0
12,9,0.0,0.0,0.0,0.0,0.0,0.0,0.0,0.0,0.0,1.0,0.0,0.0
12,9,0.0,0.0,0.0,0.0,0.0,0.0,0.0,0.0,0.0,1.0,0.0,0.0
12,9,0.0,0.0,0.0,0.0,0.0,0.0,0.0,0.0,0.0,1.0,0.0,0.0
12,9,0.0,0.0,0.0,0.0,0.0,0.0,0.0,0.0,0.0,1.0,0.0,0.0
12,9,0.0,0.0,0.0,0.0,0.0,0.0,0.0,0.0,0.0,1.0,0.0,0.0
12,9,0.0,0.0,0.0,0.0,0.0,0.0,0.0,0.0,0.0,1.0,0.0,0.0
12,9,0.0,0.0,0.0,0.0,0.0,0.0,0.0,0.0,0.0,1.0,0.0,0.0
12,9,0.0,0.0,0.0,0.0,0.0,0.0,0.0,0.0,0.0,1.0,0.0,0.0
12,9,0.0,0.0,0.0,0.0,0.0,0.0,0.0,0.0,0.0,1.0,0.0,0.0
12,9,0.0,0.0,0.0,0.0,0.0,0.0,0.0,0.0,0.0,1.0,0.0,0.0
12,9,0.0,0.0,0.0,0.0,0.0,0.0,0.0,0.0,0.0,1.0,0.0,0.0
12,9,0.0,0.0,0.0,0.0,0.0,0.0,0.0,0.0,0.0,1.0,0.0,0.0
12,9,0.0,0.0,0.0,0.0,0.0,0.0,0.0,0.0,0.0,1.0,0.0,0.0
12,9,0.0,0.0,0.0,0.0,0.0,0.0,0.0,0.0,0.0,1.0,0.0,0.0
12,9,0.0,0.0,0.0,0.0,0.0,0.0,0.0,0.0,0.0,1.0,0.0,0.0
12,9,0.0,0.0,0.0,0.0,0.0,0.0,0.0,0.0,0.0,1.0,0.0,0.0
12,9,0.0,0.0,0.0,0.0,0.0,0.0,0.0,0.0,0.0,1.0,0.0,0.0
12,9,0.0,0.0,0.0,0.0,0.0,0.0,0.0,0.0,0.0,1.0,0.0,0.0
12,9,0.0,0.0,0.0,0.0,0.0,0.0,0.0,0.0,0.0,1.0,0.0,0.0
12,9,0.0,0.0,0.0,0.0,0.0,0.0,0.0,0.0,0.0,1.0,0.0,0.0
12,9,0.0,0.0,0.0,0.0,0.0,0.0,0.0,0.0,0.0,1.0,0.0,0.0
12,9,0.0,0.0,0.0,0.0,0.0,0.0,0.0,0.0,0.0,1.0,0.0,0.0
12,9,0.0,0.0,0.0,0.0,0.0,0.0,0.0,0.0,0.0,1.0,0.0,0.0
12,9,0.0,0.0,0.0,0.0,0.0,0.0,0.0,0.0,0.0,1.0,0.0,0.0
12,9,0.0,0.0,0.0,0.0,0.0,0.0,0.0,0.0,0.0,1.0,0.0,0.0
12,9,0.0,0.0,0.0,0.0,0.0,0.0,0.0,0.0,0.0,1.0,0.0,0.0
12,9,0.0,0.0,0.0,0.0,0.0,0.0,0.0,0.0,0.0,1.0,0.0,0.0
12,9,0.0,0.0,0.0,0.0,0.0,0.0,0.0,0.0,0.0,1.0,0.0,0.0
12,9,0.0,0.0,0.0,0.0,0.0,0.0,0.0,0.0,0.0,1.0,0.0,0.0
12,9,0.0,0.0,0.0,0.0,0.0,0.0,0.0,0.0,0.0,1.0,0.0,0.0
12,9,0.0,0.0,0.0,0.0,0.0,0.0,0.0,0.0,0.0,1.0,0.0,0.0
12,9,0.0,0.0,0.0,0.0,0.0,0.0,0.0,0.0,0.0,1.0,0.0,0.0
12,9,0.0,0.0,0.0,0.0,0.0,0.0,0.0,0.0,0.0,1.0,0.0,0.0
12,9,0.0,0.0,0.0,0.0,0.0,0.0,0.0,0.0,0.0,1.0,0.0,0.0
12,9,0.0,0.0,0.0,0.0,0.0,0.0,0.0,0.0,0.0,1.0,0.0,0.0
12,9,0.0,0.0,0.0,0.0,0.0,0.0,0.0,0.0,0.0,1.0,0.0,0.0
12,9,0.0,0.0,0.0,0.0,0.0,0.0,0.0,0.0,0.0,1.0,0.0,0.0
12,9,0.0,0.0,0.0,0.0,0.0,0.0,0.0,0.0,0.0,1.0,0.0,0.0
12,9,0.0,0.0,0.0,0.0,0.0,0.0,0.0,0.0,0.0,1.0,0.0,0.0
12,9,0.0,0.0,0.0,0.0,0.0,0.0,0.0,0.0,0.0,1.0,0.0,0.0
12,9,0.0,0.0,0.0,0.0,0.0,0.0,0.0,0.0,0.0,1.0,0.0,0.0
12,9,0.0,0.0,0.0,0.0,0.0,0.0,0.0,0.0,0.0,1.0,0.0,0.0
12,9,0.0,0.0,0.0,0.0,0.0,0.0,0.0,0.0,0.0,1.0,0.0,0.0
12,9,0.0,0.0,0.0,0.0,0.0,0.0,0.0,0.0,0.0,1.0,0.0,0.0
12,9,0.0,0.0,0.0,0.0,0.0,0.0,0.0,0.0,0.0,1.0,0.0,0.0
12,9,0.0,0.0,0.0,0.0,0.0,0.0,0.0,0.0,0.0,1.0,0.0,0.0
12,9,0.0,0.0,0.0,0.0,0.0,0.0,0.0,0.0,0.0,1.0,0.0,0.0
12,9,0.0,0.0,0.0,0.0,0.0,0.0,0.0,0.0,0.0,1.0,0.0,0.0
12,9,0.0,0.0,0.0,0.0,0.0,0.0,0.0,0.0,0.0,1.0,0.0,0.0
12,9,0.0,0.0,0.0,0.0,0.0,0.0,0.0,0.0,0.0,1.0,0.0,0.0
12,9,0.0,0.0,0.0,0.0,0.0,0.0,0.0,0.0,0.0,1.0,0.0,0.0
12,9,0.0,0.0,0.0,0.0,0.0,0.0,0.0,0.0,0.0,1.0,0.0,0.0
12,9,0.0,0.0,0.0,0.0,0.0,0.0,0.0,0.0,0.0,1.0,0.0,0.0
12,9,0.0,0.0,0.0,0.0,0.0,0.0,0.0,0.0,0.0,1.0,0.0,0.0
12,9,0.0,0.0,0.0,0.0,0.0,0.0,0.0,0.0,0.0,1.0,0.0,0.0
12,9,0.0,0.0,0.0,0.0,0.0,0.0,0.0,0.0,0.0,1.0,0.0,0.0
12,9,0.0,0.0,0.0,0.0,0.0,0.0,0.0,0.0,0.0,1.0,0.0,0.0
12,9,0.0,0.0,0.0,0.0,0.0,0.0,0.0,0.0,0.0,1.0,0.0,0.0
12,9,0.0,0.0,0.0,0.0,0.0,0.0,0.0,0.0,0.0,1.0,0.0,0.0
12,9,0.0,0.0,0.0,0.0,0.0,0.0,0.0,0.0,0.0,1.0,0.0,0.0
12,9,0.0,0.0,0.0,0.0,0.0,0.0,0.0,0.0,0.0,1.0,0.0,0.0
12,9,0.0,0.0,0.0,0.0,0.0,0.0,0.0,0.0,0.0,1.0,0.0,0.0
12,9,0.0,0.0,0.0,0.0,0.0,0.0,0.0,0.0,0.0,1.0,0.0,0.0
12,9,0.0,0.0,0.0,0.0,0.0,0.0,0.0,0.0,0.0,1.0,0.0,0.0
12,9,0.0,0.0,0.0,0.0,0.0,0.0,0.0,0.0,0.0,1.0,0.0,0.0
12,9,0.0,0.0,0.0,0.0,0.0,0.0,0.0,0.0,0.0,1.0,0.0,0.0
12,9,0.0,0.0,0.0,0.0,0.0,0.0,0.0,0.0,0.0,1.0,0.0,0.0
12,9,0.0,0.0,0.0,0.0,0.0,0.0,0.0,0.0,0.0,1.0,0.0,0.0
12,9,0.0,0.0,0.0,0.0,0.0,0.0,0.0,0.0,0.0,1.0,0.0,0.0
12,9,0.0,0.0,0.0,0.0,0.0,0.0,0.0,0.0,0.0,1.0,0.0,0.0
12,9,0.0,0.0,0.0,0.0,0.0,0.0,0.0,0.0,0.0,1.0,0.0,0.0
12,9,0.0,0.0,0.0,0.0,0.0,0.0,0.0,0.0,0.0,1.0,0.0,0.0
12,9,0.0,0.0,0.0,0.0,0.0,0.0,0.0,0.0,0.0,1.0,0.0,0.0
12,9,0.0,0.0,0.0,0.0,0.0,0.0,0.0,0.0,0.0,1.0,0.0,0.0
12,9,0.0,0.0,0.0,0.0,0.0,0.0,0.0,0.0,0.0,1.0,0.0,0.0
12,9,0.0,0.0,0.0,0.0,0.0,0.0,0.0,0.0,0.0,1.0,0.0,0.0
12,9,0.0,0.0,0.0,0.0,0.0,0.0,0.0,0.0,0.0,1.0,0.0,0.0
12,9,0.0,0.0,0.0,0.0,0.0,0.0,0.0,0.0,0.0,1.0,0.0,0.0
12,9,0.0,0.0,0.0,0.0,0.0,0.0,0.0,0.0,0.0,1.0,0.0,0.0
12,9,0.0,0.0,0.0,0.0,0.0,0.0,0.0,0.0,0.0,1.0,0.0,0.0
12,9,0.0,0.0,0.0,0.0,0.0,0.0,0.0,0.0,0.0,1.0,0.0,0.0
12,9,0.0,0.0,0.0,0.0,0.0,0.0,0.0,0.0,0.0,1.0,0.0,0.0
12,9,0.0,0.0,0.0,0.0,0.0,0.0,0.0,0.0,0.0,1.0,0.0,0.0
12,9,0.0,0.0,0.0,0.0,0.0,0.0,0.0,0.0,0.0,1.0,0.0,0.0
12,9,0.0,0.0,0.0,0.0,0.0,0.0,0.0,0.0,0.0,1.0,0.0,0.0
12,9,0.0,0.0,0.0,0.0,0.0,0.0,0.0,0.0,0.0,1.0,0.0,0.0
12,9,0.0,0.0,0.0,0.0,0.0,0.0,0.0,0.0,0.0,1.0,0.0,0.0
12,9,0.0,0.0,0.0,0.0,0.0,0.0,0.0,0.0,0.0,1.0,0.0,0.0
12,9,0.0,0.0,0.0,0.0,0.0,0.0,0.0,0.0,0.0,1.0,0.0,0.0
12,9,0.0,0.0,0.0,0.0,0.0,0.0,0.0,0.0,0.0,1.0,0.0,0.0
12,9,0.0,0.0,0.0,0.0,0.0,0.0,0.0,0.0,0.0,1.0,0.0,0.0
12,9,0.0,0.0,0.0,0.0,0.0,0.0,0.0,0.0,0.0,1.0,0.0,0.0
12,9,0.0,0.0,0.0,0.0,0.0,0.0,0.0,0.0,0.0,1.0,0.0,0.0
12,9,0.0,0.0,0.0,0.0,0.0,0.0,0.0,0.0,0.0,1.0,0.0,0.0
12,9,0.0,0.0,0.0,0.0,0.0,0.0,0.0,0.0,0.0,1.0,0.0,0.0
12,9,0.0,0.0,0.0,0.0,0.0,0.0,0.0,0.0,0.0,1.0,0.0,0.0
12,9,0.0,0.0,0.0,0.0,0.0,0.0,0.0,0.0,0.0,1.0,0.0,0.0
12,9,0.0,0.0,0.0,0.0,0.0,0.0,0.0,0.0,0.0,1.0,0.0,0.0
12,9,0.0,0.0,0.0,0.0,0.0,0.0,0.0,0.0,0.0,1.0,0.0,0.0
12,9,0.0,0.0,0.0,0.0,0.0,0.0,0.0,0.0,0.0,1.0,0.0,0.0
12,9,0.0,0.0,0.0,0.0,0.0,0.0,0.0,0.0,0.0,1.0,0.0,0.0
12,9,0.0,0.0,0.0,0.0,0.0,0.0,0.0,0.0,0.0,1.0,0.0,0.0
12,9,0.0,0.0,0.0,0.0,0.0,0.0,0.0,0.0,0.0,1.0,0.0,0.0
12,9,0.0,0.0,0.0,0.0,0.0,0.0,0.0,0.0,0.0,1.0,0.0,0.0
12,9,0.0,0.0,0.0,0.0,0.0,0.0,0.0,0.0,0.0,1.0,0.0,0.0
12,9,0.0,0.0,0.0,0.0,0.0,0.0,0.0,0.0,0.0,1.0,0.0,0.0
12,9,0.0,0.0,0.0,0.0,0.0,0.0,0.0,0.0,0.0,1.0,0.0,0.0
12,9,0.0,0.0,0.0,0.0,0.0,0.0,0.0,0.0,0.0,1.0,0.0,0.0
12,9,0.0,0.0,0.0,0.0,0.0,0.0,0.0,0.0,0.0,1.0,0.0,0.0
12,9,0.0,0.0,0.0,0.0,0.0,0.0,0.0,0.0,0.0,1.0,0.0,0.0
12,9,0.0,0.0,0.0,0.0,0.0,0.0,0.0,0.0,0.0,1.0,0.0,0.0
12,9,0.0,0.0,0.0,0.0,0.0,0.0,0.0,0.0,0.0,1.0,0.0,0.0
12,9,0.0,0.0,0.0,0.0,0.0,0.0,0.0,0.0,0.0,1.0,0.0,0.0
12,9,0.0,0.0,0.0,0.0,0.0,0.0,0.0,0.0,0.0,1.0,0.0,0.0
12,9,0.0,0.0,0.0,0.0,0.0,0.0,0.0,0.0,0.0,1.0,0.0,0.0
12,9,0.0,0.0,0.0,0.0,0.0,0.0,0.0,0.0,0.0,1.0,0.0,0.0
12,9,0.0,0.0,0.0,0.0,0.0,0.0,0.0,0.0,0.0,1.0,0.0,0.0
12,9,0.0,0.0,0.0,0.0,0.0,0.0,0.0,0.0,0.0,1.0,0.0,0.0
12,9,0.0,0.0,0.0,0.0,0.0,0.0,0.0,0.0,0.0,1.0,0.0,0.0
12,9,0.0,0.0,0.0,0.0,0.0,0.0,0.0,0.0,0.0,1.0,0.0,0.0
12,9,0.0,0.0,0.0,0.0,0.0,0.0,0.0,0.0,0.0,1.0,0.0,0.0
12,9,0.0,0.0,0.0,0.0,0.0,0.0,0.0,0.0,0.0,1.0,0.0,0.0
12,9,0.0,0.0,0.0,0.0,0.0,0.0,0.0,0.0,0.0,1.0,0.0,0.0
12,9,0.0,0.0,0.0,0.0,0.0,0.0,0.0,0.0,0.0,1.0,0.0,0.0
12,9,0.0,0.0,0.0,0.0,0.0,0.0,0.0,0.0,0.0,1.0,0.0,0.0
12,9,0.0,0.0,0.0,0.0,0.0,0.0,0.0,0.0,0.0,1.0,0.0,0.0
12,9,0.0,0.0,0.0,0.0,0.0,0.0,0.0,0.0,0.0,1.0,0.0,0.0
12,9,0.0,0.0,0.0,0.0,0.0,0.0,0.0,0.0,0.0,1.0,0.0,0.0
12,9,0.0,0.0,0.0,0.0,0.0,0.0,0.0,0.0,0.0,1.0,0.0,0.0
12,9,0.0,0.0,0.0,0.0,0.0,0.0,0.0,0.0,0.0,1.0,0.0,0.0
12,9,0.0,0.0,0.0,0.0,0.0,0.0,0.0,0.0,0.0,1.0,0.0,0.0
12,9,0.0,0.0,0.0,0.0,0.0,0.0,0.0,0.0,0.0,1.0,0.0,0.0
12,9,0.0,0.0,0.0,0.0,0.0,0.0,0.0,0.0,0.0,1.0,0.0,0.0
12,9,0.0,0.0,0.0,0.0,0.0,0.0,0.0,0.0,0.0,1.0,0.0,0.0
12,9,0.0,0.0,0.0,0.0,0.0,0.0,0.0,0.0,0.0,1.0,0.0,0.0
12,9,0.0,0.0,0.0,0.0,0.0,0.0,0.0,0.0,0.0,1.0,0.0,0.0
12,9,0.0,0.0,0.0,0.0,0.0,0.0,0.0,0.0,0.0,1.0,0.0,0.0
12,9,0.0,0.0,0.0,0.0,0.0,0.0,0.0,0.0,0.0,1.0,0.0,0.0
12,9,0.0,0.0,0.0,0.0,0.0,0.0,0.0,0.0,0.0,1.0,0.0,0.0
12,9,0.0,0.0,0.0,0.0,0.0,0.0,0.0,0.0,0.0,1.0,0.0,0.0
12,9,0.0,0.0,0.0,0.0,0.0,0.0,0.0,0.0,0.0,1.0,0.0,0.0
12,9,0.0,0.0,0.0,0.0,0.0,0.0,0.0,0.0,0.0,1.0,0.0,0.0
12,9,0.0,0.0,0.0,0.0,0.0,0.0,0.0,0.0,0.0,1.0,0.0,0.0
12,9,0.0,0.0,0.0,0.0,0.0,0.0,0.0,0.0,0.0,1.0,0.0,0.0
12,9,0.0,0.0,0.0,0.0,0.0,0.0,0.0,0.0,0.0,1.0,0.0,0.0
12,9,0.0,0.0,0.0,0.0,0.0,0.0,0.0,0.0,0.0,1.0,0.0,0.0
12,9,0.0,0.0,0.0,0.0,0.0,0.0,0.0,0.0,0.0,1.0,0.0,0.0
12,9,0.0,0.0,0.0,0.0,0.0,0.0,0.0,0.0,0.0,1.0,0.0,0.0
12,9,0.0,0.0,0.0,0.0,0.0,0.0,0.0,0.0,0.0,1.0,0.0,0.0
12,9,0.0,0.0,0.0,0.0,0.0,0.0,0.0,0.0,0.0,1.0,0.0,0.0
12,9,0.0,0.0,0.0,0.0,0.0,0.0,0.0,0.0,0.0,1.0,0.0,0.0
12,9,0.0,0.0,0.0,0.0,0.0,0.0,0.0,0.0,0.0,1.0,0.0,0.0
12,9,0.0,0.0,0.0,0.0,0.0,0.0,0.0,0.0,0.0,1.0,0.0,0.0
12,9,0.0,0.0,0.0,0.0,0.0,0.0,0.0,0.0,0.0,1.0,0.0,0.0
12,9,0.0,0.0,0.0,0.0,0.0,0.0,0.0,0.0,0.0,1.0,0.0,0.0
12,9,0.0,0.0,0.0,0.0,0.0,0.0,0.0,0.0,0.0,1.0,0.0,0.0
12,9,0.0,0.0,0.0,0.0,0.0,0.0,0.0,0.0,0.0,1.0,0.0,0.0
12,9,0.0,0.0,0.0,0.0,0.0,0.0,0.0,0.0,0.0,1.0,0.0,0.0
12,9,0.0,0.0,0.0,0.0,0.0,0.0,0.0,0.0,0.0,1.0,0.0,0.0
12,9,0.0,0.0,0.0,0.0,0.0,0.0,0.0,0.0,0.0,1.0,0.0,0.0
12,9,0.0,0.0,0.0,0.0,0.0,0.0,0.0,0.0,0.0,1.0,0.0,0.0
12,9,0.0,0.0,0.0,0.0,0.0,0.0,0.0,0.0,0.0,1.0,0.0,0.0
12,9,0.0,0.0,0.0,0.0,0.0,0.0,0.0,0.0,0.0,1.0,0.0,0.0
12,9,0.0,0.0,0.0,0.0,0.0,0.0,0.0,0.0,0.0,1.0,0.0,0.0
12,9,0.0,0.0,0.0,0.0,0.0,0.0,0.0,0.0,0.0,1.0,0.0,0.0
12,9,0.0,0.0,0.0,0.0,0.0,0.0,0.0,0.0,0.0,1.0,0.0,0.0
12,9,0.0,0.0,0.0,0.0,0.0,0.0,0.0,0.0,0.0,1.0,0.0,0.0
12,9,0.0,0.0,0.0,0.0,0.0,0.0,0.0,0.0,0.0,1.0,0.0,0.0
12,9,0.0,0.0,0.0,0.0,0.0,0.0,0.0,0.0,0.0,1.0,0.0,0.0
12,9,0.0,0.0,0.0,0.0,0.0,0.0,0.0,0.0,0.0,1.0,0.0,0.0
12,9,0.0,0.0,0.0,0.0,0.0,0.0,0.0,0.0,0.0,1.0,0.0,0.0
12,9,0.0,0.0,0.0,0.0,0.0,0.0,0.0,0.0,0.0,1.0,0.0,0.0
12,9,0.0,0.0,0.0,0.0,0.0,0.0,0.0,0.0,0.0,1.0,0.0,0.0
12,9,0.0,0.0,0.0,0.0,0.0,0.0,0.0,0.0,0.0,1.0,0.0,0.0
12,9,0.0,0.0,0.0,0.0,0.0,0.0,0.0,0.0,0.0,1.0,0.0,0.0
12,9,0.0,0.0,0.0,0.0,0.0,0.0,0.0,0.0,0.0,1.0,0.0,0.0
12,9,0.0,0.0,0.0,0.0,0.0,0.0,0.0,0.0,0.0,1.0,0.0,0.0
12,9,0.0,0.0,0.0,0.0,0.0,0.0,0.0,0.0,0.0,1.0,0.0,0.0
12,9,0.0,0.0,0.0,0.0,0.0,0.0,0.0,0.0,0.0,1.0,0.0,0.0
12,9,0.0,0.0,0.0,0.0,0.0,0.0,0.0,0.0,0.0,1.0,0.0,0.0
12,9,0.0,0.0,0.0,0.0,0.0,0.0,0.0,0.0,0.0,1.0,0.0,0.0
12,9,0.0,0.0,0.0,0.0,0.0,0.0,0.0,0.0,0.0,1.0,0.0,0.0
12,9,0.0,0.0,0.0,0.0,0.0,0.0,0.0,0.0,0.0,1.0,0.0,0.0
12,9,0.0,0.0,0.0,0.0,0.0,0.0,0.0,0.0,0.0,1.0,0.0,0.0
12,9,0.0,0.0,0.0,0.0,0.0,0.0,0.0,0.0,0.0,1.0,0.0,0.0
12,9,0.0,0.0,0.0,0.0,0.0,0.0,0.0,0.0,0.0,1.0,0.0,0.0
12,9,0.0,0.0,0.0,0.0,0.0,0.0,0.0,0.0,0.0,1.0,0.0,0.0
12,9,0.0,0.0,0.0,0.0,0.0,0.0,0.0,0.0,0.0,1.0,0.0,0.0
12,9,0.0,0.0,0.0,0.0,0.0,0.0,0.0,0.0,0.0,1.0,0.0,0.0
12,9,0.0,0.0,0.0,0.0,0.0,0.0,0.0,0.0,0.0,1.0,0.0,0.0
12,9,0.0,0.0,0.0,0.0,0.0,0.0,0.0,0.0,0.0,1.0,0.0,0.0
12,9,0.0,0.0,0.0,0.0,0.0,0.0,0.0,0.0,0.0,1.0,0.0,0.0
12,9,0.0,0.0,0.0,0.0,0.0,0.0,0.0,0.0,0.0,1.0,0.0,0.0
12,9,0.0,0.0,0.0,0.0,0.0,0.0,0.0,0.0,0.0,1.0,0.0,0.0
12,9,0.0,0.0,0.0,0.0,0.0,0.0,0.0,0.0,0.0,1.0,0.0,0.0
12,9,0.0,0.0,0.0,0.0,0.0,0.0,0.0,0.0,0.0,1.0,0.0,0.0
12,9,0.0,0.0,0.0,0.0,0.0,0.0,0.0,0.0,0.0,1.0,0.0,0.0
12,9,0.0,0.0,0.0,0.0,0.0,0.0,0.0,0.0,0.0,1.0,0.0,0.0
12,9,0.0,0.0,0.0,0.0,0.0,0.0,0.0,0.0,0.0,1.0,0.0,0.0
12,9,0.0,0.0,0.0,0.0,0.0,0.0,0.0,0.0,0.0,1.0,0.0,0.0
12,9,0.0,0.0,0.0,0.0,0.0,0.0,0.0,0.0,0.0,1.0,0.0,0.0
12,9,0.0,0.0,0.0,0.0,0.0,0.0,0.0,0.0,0.0,1.0,0.0,0.0
12,9,0.0,0.0,0.0,0.0,0.0,0.0,0.0,0.0,0.0,1.0,0.0,0.0
12,9,0.0,0.0,0.0,0.0,0.0,0.0,0.0,0.0,0.0,1.0,0.0,0.0
12,9,0.0,0.0,0.0,0.0,0.0,0.0,0.0,0.0,0.0,1.0,0.0,0.0
12,9,0.0,0.0,0.0,0.0,0.0,0.0,0.0,0.0,0.0,1.0,0.0,0.0
12,9,0.0,0.0,0.0,0.0,0.0,0.0,0.0,0.0,0.0,1.0,0.0,0.0
12,9,0.0,0.0,0.0,0.0,0.0,0.0,0.0,0.0,0.0,1.0,0.0,0.0
12,9,0.0,0.0,0.0,0.0,0.0,0.0,0.0,0.0,0.0,1.0,0.0,0.0
12,9,0.0,0.0,0.0,0.0,0.0,0.0,0.0,0.0,0.0,1.0,0.0,0.0
12,9,0.0,0.0,0.0,0.0,0.0,0.0,0.0,0.0,0.0,1.0,0.0,0.0
12,9,0.0,0.0,0.0,0.0,0.0,0.0,0.0,0.0,0.0,1.0,0.0,0.0
12,9,0.0,0.0,0.0,0.0,0.0,0.0,0.0,0.0,0.0,1.0,0.0,0.0
12,9,0.0,0.0,0.0,0.0,0.0,0.0,0.0,0.0,0.0,1.0,0.0,0.0
12,9,0.0,0.0,0.0,0.0,0.0,0.0,0.0,0.0,0.0,1.0,0.0,0.0
12,9,0.0,0.0,0.0,0.0,0.0,0.0,0.0,0.0,0.0,1.0,0.0,0.0
12,9,0.0,0.0,0.0,0.0,0.0,0.0,0.0,0.0,0.0,1.0,0.0,0.0
12,9,0.0,0.0,0.0,0.0,0.0,0.0,0.0,0.0,0.0,1.0,0.0,0.0
12,9,0.0,0.0,0.0,0.0,0.0,0.0,0.0,0.0,0.0,1.0,0.0,0.0
12,9,0.0,0.0,0.0,0.0,0.0,0.0,0.0,0.0,0.0,1.0,0.0,0.0
12,9,0.0,0.0,0.0,0.0,0.0,0.0,0.0,0.0,0.0,1.0,0.0,0.0
12,9,0.0,0.0,0.0,0.0,0.0,0.0,0.0,0.0,0.0,1.0,0.0,0.0
12,9,0.0,0.0,0.0,0.0,0.0,0.0,0.0,0.0,0.0,1.0,0.0,0.0
12,9,0.0,0.0,0.0,0.0,0.0,0.0,0.0,0.0,0.0,1.0,0.0,0.0
12,9,0.0,0.0,0.0,0.0,0.0,0.0,0.0,0.0,0.0,1.0,0.0,0.0
12,9,0.0,0.0,0.0,0.0,0.0,0.0,0.0,0.0,0.0,1.0,0.0,0.0
12,9,0.0,0.0,0.0,0.0,0.0,0.0,0.0,0.0,0.0,1.0,0.0,0.0
12,9,0.0,0.0,0.0,0.0,0.0,0.0,0.0,0.0,0.0,1.0,0.0,0.0
12,9,0.0,0.0,0.0,0.0,0.0,0.0,0.0,0.0,0.0,1.0,0.0,0.0
12,9,0.0,0.0,0.0,0.0,0.0,0.0,0.0,0.0,0.0,1.0,0.0,0.0
12,9,0.0,0.0,0.0,0.0,0.0,0.0,0.0,0.0,0.0,1.0,0.0,0.0
12,9,0.0,0.0,0.0,0.0,0.0,0.0,0.0,0.0,0.0,1.0,0.0,0.0
12,9,0.0,0.0,0.0,0.0,0.0,0.0,0.0,0.0,0.0,1.0,0.0,0.0
12,9,0.0,0.0,0.0,0.0,0.0,0.0,0.0,0.0,0.0,1.0,0.0,0.0
12,9,0.0,0.0,0.0,0.0,0.0,0.0,0.0,0.0,0.0,1.0,0.0,0.0
12,9,0.0,0.0,0.0,0.0,0.0,0.0,0.0,0.0,0.0,1.0,0.0,0.0
12,9,0.0,0.0,0.0,0.0,0.0,0.0,0.0,0.0,0.0,1.0,0.0,0.0
12,9,0.0,0.0,0.0,0.0,0.0,0.0,0.0,0.0,0.0,1.0,0.0,0.0
12,9,0.0,0.0,0.0,0.0,0.0,0.0,0.0,0.0,0.0,1.0,0.0,0.0
12,9,0.0,0.0,0.0,0.0,0.0,0.0,0.0,0.0,0.0,1.0,0.0,0.0
12,9,0.0,0.0,0.0,0.0,0.0,0.0,0.0,0.0,0.0,1.0,0.0,0.0
12,9,0.0,0.0,0.0,0.0,0.0,0.0,0.0,0.0,0.0,1.0,0.0,0.0
12,9,0.0,0.0,0.0,0.0,0.0,0.0,0.0,0.0,0.0,1.0,0.0,0.0
12,9,0.0,0.0,0.0,0.0,0.0,0.0,0.0,0.0,0.0,1.0,0.0,0.0
12,9,0.0,0.0,0.0,0.0,0.0,0.0,0.0,0.0,0.0,1.0,0.0,0.0
12,9,0.0,0.0,0.0,0.0,0.0,0.0,0.0,0.0,0.0,1.0,0.0,0.0
12,9,0.0,0.0,0.0,0.0,0.0,0.0,0.0,0.0,0.0,1.0,0.0,0.0
12,9,0.0,0.0,0.0,0.0,0.0,0.0,0.0,0.0,0.0,1.0,0.0,0.0
12,9,0.0,0.0,0.0,0.0,0.0,0.0,0.0,0.0,0.0,1.0,0.0,0.0
12,9,0.0,0.0,0.0,0.0,0.0,0.0,0.0,0.0,0.0,1.0,0.0,0.0
12,9,0.0,0.0,0.0,0.0,0.0,0.0,0.0,0.0,0.0,1.0,0.0,0.0
12,9,0.0,0.0,0.0,0.0,0.0,0.0,0.0,0.0,0.0,1.0,0.0,0.0
12,9,0.0,0.0,0.0,0.0,0.0,0.0,0.0,0.0,0.0,1.0,0.0,0.0
12,9,0.0,0.0,0.0,0.0,0.0,0.0,0.0,0.0,0.0,1.0,0.0,0.0
12,9,0.0,0.0,0.0,0.0,0.0,0.0,0.0,0.0,0.0,1.0,0.0,0.0
12,9,0.0,0.0,0.0,0.0,0.0,0.0,0.0,0.0,0.0,1.0,0.0,0.0
12,9,0.0,0.0,0.0,0.0,0.0,0.0,0.0,0.0,0.0,1.0,0.0,0.0
12,9,0.0,0.0,0.0,0.0,0.0,0.0,0.0,0.0,0.0,1.0,0.0,0.0
12,9,0.0,0.0,0.0,0.0,0.0,0.0,0.0,0.0,0.0,1.0,0.0,0.0
12,9,0.0,0.0,0.0,0.0,0.0,0.0,0.0,0.0,0.0,1.0,0.0,0.0
12,9,0.0,0.0,0.0,0.0,0.0,0.0,0.0,0.0,0.0,1.0,0.0,0.0
12,9,0.0,0.0,0.0,0.0,0.0,0.0,0.0,0.0,0.0,1.0,0.0,0.0
12,9,0.0,0.0,0.0,0.0,0.0,0.0,0.0,0.0,0.0,1.0,0.0,0.0
12,9,0.0,0.0,0.0,0.0,0.0,0.0,0.0,0.0,0.0,1.0,0.0,0.0
12,9,0.0,0.0,0.0,0.0,0.0,0.0,0.0,0.0,0.0,1.0,0.0,0.0
12,9,0.0,0.0,0.0,0.0,0.0,0.0,0.0,0.0,0.0,1.0,0.0,0.0
12,9,0.0,0.0,0.0,0.0,0.0,0.0,0.0,0.0,0.0,1.0,0.0,0.0
12,9,0.0,0.0,0.0,0.0,0.0,0.0,0.0,0.0,0.0,1.0,0.0,0.0
12,9,0.0,0.0,0.0,0.0,0.0,0.0,0.0,0.0,0.0,1.0,0.0,0.0
12,9,0.0,0.0,0.0,0.0,0.0,0.0,0.0,0.0,0.0,1.0,0.0,0.0
12,9,0.0,0.0,0.0,0.0,0.0,0.0,0.0,0.0,0.0,1.0,0.0,0.0
12,9,0.0,0.0,0.0,0.0,0.0,0.0,0.0,0.0,0.0,1.0,0.0,0.0
12,9,0.0,0.0,0.0,0.0,0.0,0.0,0.0,0.0,0.0,1.0,0.0,0.0
12,9,0.0,0.0,0.0,0.0,0.0,0.0,0.0,0.0,0.0,1.0,0.0,0.0
12,9,0.0,0.0,0.0,0.0,0.0,0.0,0.0,0.0,0.0,1.0,0.0,0.0
12,9,0.0,0.0,0.0,0.0,0.0,0.0,0.0,0.0,0.0,1.0,0.0,0.0
12,9,0.0,0.0,0.0,0.0,0.0,0.0,0.0,0.0,0.0,1.0,0.0,0.0
12,9,0.0,0.0,0.0,0.0,0.0,0.0,0.0,0.0,0.0,1.0,0.0,0.0
12,9,0.0,0.0,0.0,0.0,0.0,0.0,0.0,0.0,0.0,1.0,0.0,0.0
12,9,0.0,0.0,0.0,0.0,0.0,0.0,0.0,0.0,0.0,1.0,0.0,0.0
12,9,0.0,0.0,0.0,0.0,0.0,0.0,0.0,0.0,0.0,1.0,0.0,0.0
12,9,0.0,0.0,0.0,0.0,0.0,0.0,0.0,0.0,0.0,1.0,0.0,0.0
12,9,0.0,0.0,0.0,0.0,0.0,0.0,0.0,0.0,0.0,1.0,0.0,0.0
12,9,0.0,0.0,0.0,0.0,0.0,0.0,0.0,0.0,0.0,1.0,0.0,0.0
12,9,0.0,0.0,0.0,0.0,0.0,0.0,0.0,0.0,0.0,1.0,0.0,0.0
12,9,0.0,0.0,0.0,0.0,0.0,0.0,0.0,0.0,0.0,1.0,0.0,0.0
12,9,0.0,0.0,0.0,0.0,0.0,0.0,0.0,0.0,0.0,1.0,0.0,0.0
12,9,0.0,0.0,0.0,0.0,0.0,0.0,0.0,0.0,0.0,1.0,0.0,0.0
12,9,0.0,0.0,0.0,0.0,0.0,0.0,0.0,0.0,0.0,1.0,0.0,0.0
12,9,0.0,0.0,0.0,0.0,0.0,0.0,0.0,0.0,0.0,1.0,0.0,0.0
12,9,0.0,0.0,0.0,0.0,0.0,0.0,0.0,0.0,0.0,1.0,0.0,0.0
12,9,0.0,0.0,0.0,0.0,0.0,0.0,0.0,0.0,0.0,1.0,0.0,0.0
12,9,0.0,0.0,0.0,0.0,0.0,0.0,0.0,0.0,0.0,1.0,0.0,0.0
12,9,0.0,0.0,0.0,0.0,0.0,0.0,0.0,0.0,0.0,1.0,0.0,0.0
12,9,0.0,0.0,0.0,0.0,0.0,0.0,0.0,0.0,0.0,1.0,0.0,0.0
12,9,0.0,0.0,0.0,0.0,0.0,0.0,0.0,0.0,0.0,1.0,0.0,0.0
12,9,0.0,0.0,0.0,0.0,0.0,0.0,0.0,0.0,0.0,1.0,0.0,0.0
12,9,0.0,0.0,0.0,0.0,0.0,0.0,0.0,0.0,0.0,1.0,0.0,0.0
12,9,0.0,0.0,0.0,0.0,0.0,0.0,0.0,0.0,0.0,1.0,0.0,0.0
12,9,0.0,0.0,0.0,0.0,0.0,0.0,0.0,0.0,0.0,1.0,0.0,0.0
12,9,0.0,0.0,0.0,0.0,0.0,0.0,0.0,0.0,0.0,1.0,0.0,0.0
12,9,0.0,0.0,0.0,0.0,0.0,0.0,0.0,0.0,0.0,1.0,0.0,0.0
12,9,0.0,0.0,0.0,0.0,0.0,0.0,0.0,0.0,0.0,1.0,0.0,0.0
12,9,0.0,0.0,0.0,0.0,0.0,0.0,0.0,0.0,0.0,1.0,0.0,0.0
12,9,0.0,0.0,0.0,0.0,0.0,0.0,0.0,0.0,0.0,1.0,0.0,0.0
12,9,0.0,0.0,0.0,0.0,0.0,0.0,0.0,0.0,0.0,1.0,0.0,0.0
12,9,0.0,0.0,0.0,0.0,0.0,0.0,0.0,0.0,0.0,1.0,0.0,0.0
12,9,0.0,0.0,0.0,0.0,0.0,0.0,0.0,0.0,0.0,1.0,0.0,0.0
12,9,0.0,0.0,0.0,0.0,0.0,0.0,0.0,0.0,0.0,1.0,0.0,0.0
12,9,0.0,0.0,0.0,0.0,0.0,0.0,0.0,0.0,0.0,1.0,0.0,0.0
12,9,0.0,0.0,0.0,0.0,0.0,0.0,0.0,0.0,0.0,1.0,0.0,0.0
12,9,0.0,0.0,0.0,0.0,0.0,0.0,0.0,0.0,0.0,1.0,0.0,0.0
12,9,0.0,0.0,0.0,0.0,0.0,0.0,0.0,0.0,0.0,1.0,0.0,0.0
12,9,0.0,0.0,0.0,0.0,0.0,0.0,0.0,0.0,0.0,1.0,0.0,0.0
12,9,0.0,0.0,0.0,0.0,0.0,0.0,0.0,0.0,0.0,1.0,0.0,0.0
12,9,0.0,0.0,0.0,0.0,0.0,0.0,0.0,0.0,0.0,1.0,0.0,0.0
12,9,0.0,0.0,0.0,0.0,0.0,0.0,0.0,0.0,0.0,1.0,0.0,0.0
12,9,0.0,0.0,0.0,0.0,0.0,0.0,0.0,0.0,0.0,1.0,0.0,0.0
12,9,0.0,0.0,0.0,0.0,0.0,0.0,0.0,0.0,0.0,1.0,0.0,0.0
12,9,0.0,0.0,0.0,0.0,0.0,0.0,0.0,0.0,0.0,1.0,0.0,0.0
12,9,0.0,0.0,0.0,0.0,0.0,0.0,0.0,0.0,0.0,1.0,0.0,0.0
12,9,0.0,0.0,0.0,0.0,0.0,0.0,0.0,0.0,0.0,1.0,0.0,0.0
12,9,0.0,0.0,0.0,0.0,0.0,0.0,0.0,0.0,0.0,1.0,0.0,0.0
12,9,0.0,0.0,0.0,0.0,0.0,0.0,0.0,0.0,0.0,1.0,0.0,0.0
12,9,0.0,0.0,0.0,0.0,0.0,0.0,0.0,0.0,0.0,1.0,0.0,0.0
12,9,0.0,0.0,0.0,0.0,0.0,0.0,0.0,0.0,0.0,1.0,0.0,0.0
12,9,0.0,0.0,0.0,0.0,0.0,0.0,0.0,0.0,0.0,1.0,0.0,0.0
12,9,0.0,0.0,0.0,0.0,0.0,0.0,0.0,0.0,0.0,1.0,0.0,0.0
12,9,0.0,0.0,0.0,0.0,0.0,0.0,0.0,0.0,0.0,1.0,0.0,0.0
12,9,0.0,0.0,0.0,0.0,0.0,0.0,0.0,0.0,0.0,1.0,0.0,0.0
12,9,0.0,0.0,0.0,0.0,0.0,0.0,0.0,0.0,0.0,1.0,0.0,0.0
12,9,0.0,0.0,0.0,0.0,0.0,0.0,0.0,0.0,0.0,1.0,0.0,0.0
12,9,0.0,0.0,0.0,0.0,0.0,0.0,0.0,0.0,0.0,1.0,0.0,0.0
12,9,0.0,0.0,0.0,0.0,0.0,0.0,0.0,0.0,0.0,1.0,0.0,0.0
12,9,0.0,0.0,0.0,0.0,0.0,0.0,0.0,0.0,0.0,1.0,0.0,0.0
12,9,0.0,0.0,0.0,0.0,0.0,0.0,0.0,0.0,0.0,1.0,0.0,0.0
12,9,0.0,0.0,0.0,0.0,0.0,0.0,0.0,0.0,0.0,1.0,0.0,0.0
12,9,0.0,0.0,0.0,0.0,0.0,0.0,0.0,0.0,0.0,1.0,0.0,0.0
12,9,0.0,0.0,0.0,0.0,0.0,0.0,0.0,0.0,0.0,1.0,0.0,0.0
12,9,0.0,0.0,0.0,0.0,0.0,0.0,0.0,0.0,0.0,1.0,0.0,0.0
12,9,0.0,0.0,0.0,0.0,0.0,0.0,0.0,0.0,0.0,1.0,0.0,0.0
12,9,0.0,0.0,0.0,0.0,0.0,0.0,0.0,0.0,0.0,1.0,0.0,0.0
12,9,0.0,0.0,0.0,0.0,0.0,0.0,0.0,0.0,0.0,1.0,0.0,0.0
12,9,0.0,0.0,0.0,0.0,0.0,0.0,0.0,0.0,0.0,1.0,0.0,0.0
12,9,0.0,0.0,0.0,0.0,0.0,0.0,0.0,0.0,0.0,1.0,0.0,0.0
12,9,0.0,0.0,0.0,0.0,0.0,0.0,0.0,0.0,0.0,1.0,0.0,0.0
12,9,0.0,0.0,0.0,0.0,0.0,0.0,0.0,0.0,0.0,1.0,0.0,0.0
12,9,0.0,0.0,0.0,0.0,0.0,0.0,0.0,0.0,0.0,1.0,0.0,0.0
12,9,0.0,0.0,0.0,0.0,0.0,0.0,0.0,0.0,0.0,1.0,0.0,0.0
12,9,0.0,0.0,0.0,0.0,0.0,0.0,0.0,0.0,0.0,1.0,0.0,0.0
12,9,0.0,0.0,0.0,0.0,0.0,0.0,0.0,0.0,0.0,1.0,0.0,0.0
12,9,0.0,0.0,0.0,0.0,0.0,0.0,0.0,0.0,0.0,1.0,0.0,0.0
12,9,0.0,0.0,0.0,0.0,0.0,0.0,0.0,0.0,0.0,1.0,0.0,0.0
12,9,0.0,0.0,0.0,0.0,0.0,0.0,0.0,0.0,0.0,1.0,0.0,0.0
12,9,0.0,0.0,0.0,0.0,0.0,0.0,0.0,0.0,0.0,1.0,0.0,0.0
12,9,0.0,0.0,0.0,0.0,0.0,0.0,0.0,0.0,0.0,1.0,0.0,0.0
12,9,0.0,0.0,0.0,0.0,0.0,0.0,0.0,0.0,0.0,1.0,0.0,0.0
12,9,0.0,0.0,0.0,0.0,0.0,0.0,0.0,0.0,0.0,1.0,0.0,0.0
12,9,0.0,0.0,0.0,0.0,0.0,0.0,0.0,0.0,0.0,1.0,0.0,0.0
12,9,0.0,0.0,0.0,0.0,0.0,0.0,0.0,0.0,0.0,1.0,0.0,0.0
12,9,0.0,0.0,0.0,0.0,0.0,0.0,0.0,0.0,0.0,1.0,0.0,0.0
12,9,0.0,0.0,0.0,0.0,0.0,0.0,0.0,0.0,0.0,1.0,0.0,0.0
12,9,0.0,0.0,0.0,0.0,0.0,0.0,0.0,0.0,0.0,1.0,0.0,0.0
12,9,0.0,0.0,0.0,0.0,0.0,0.0,0.0,0.0,0.0,1.0,0.0,0.0
12,9,0.0,0.0,0.0,0.0,0.0,0.0,0.0,0.0,0.0,1.0,0.0,0.0
12,9,0.0,0.0,0.0,0.0,0.0,0.0,0.0,0.0,0.0,1.0,0.0,0.0
12,9,0.0,0.0,0.0,0.0,0.0,0.0,0.0,0.0,0.0,1.0,0.0,0.0
12,9,0.0,0.0,0.0,0.0,0.0,0.0,0.0,0.0,0.0,1.0,0.0,0.0
12,9,0.0,0.0,0.0,0.0,0.0,0.0,0.0,0.0,0.0,1.0,0.0,0.0
12,9,0.0,0.0,0.0,0.0,0.0,0.0,0.0,0.0,0.0,1.0,0.0,0.0
12,9,0.0,0.0,0.0,0.0,0.0,0.0,0.0,0.0,0.0,1.0,0.0,0.0
12,9,0.0,0.0,0.0,0.0,0.0,0.0,0.0,0.0,0.0,1.0,0.0,0.0
12,9,0.0,0.0,0.0,0.0,0.0,0.0,0.0,0.0,0.0,1.0,0.0,0.0
12,9,0.0,0.0,0.0,0.0,0.0,0.0,0.0,0.0,0.0,1.0,0.0,0.0
12,9,0.0,0.0,0.0,0.0,0.0,0.0,0.0,0.0,0.0,1.0,0.0,0.0
12,9,0.0,0.0,0.0,0.0,0.0,0.0,0.0,0.0,0.0,1.0,0.0,0.0
12,9,0.0,0.0,0.0,0.0,0.0,0.0,0.0,0.0,0.0,1.0,0.0,0.0
12,9,0.0,0.0,0.0,0.0,0.0,0.0,0.0,0.0,0.0,1.0,0.0,0.0
12,9,0.0,0.0,0.0,0.0,0.0,0.0,0.0,0.0,0.0,1.0,0.0,0.0
12,9,0.0,0.0,0.0,0.0,0.0,0.0,0.0,0.0,0.0,1.0,0.0,0.0
12,9,0.0,0.0,0.0,0.0,0.0,0.0,0.0,0.0,0.0,1.0,0.0,0.0
12,9,0.0,0.0,0.0,0.0,0.0,0.0,0.0,0.0,0.0,1.0,0.0,0.0
12,9,0.0,0.0,0.0,0.0,0.0,0.0,0.0,0.0,0.0,1.0,0.0,0.0
12,9,0.0,0.0,0.0,0.0,0.0,0.0,0.0,0.0,0.0,1.0,0.0,0.0
12,9,0.0,0.0,0.0,0.0,0.0,0.0,0.0,0.0,0.0,1.0,0.0,0.0
12,9,0.0,0.0,0.0,0.0,0.0,0.0,0.0,0.0,0.0,1.0,0.0,0.0
12,9,0.0,0.0,0.0,0.0,0.0,0.0,0.0,0.0,0.0,1.0,0.0,0.0
12,9,0.0,0.0,0.0,0.0,0.0,0.0,0.0,0.0,0.0,1.0,0.0,0.0
12,9,0.0,0.0,0.0,0.0,0.0,0.0,0.0,0.0,0.0,1.0,0.0,0.0
12,9,0.0,0.0,0.0,0.0,0.0,0.0,0.0,0.0,0.0,1.0,0.0,0.0
12,9,0.0,0.0,0.0,0.0,0.0,0.0,0.0,0.0,0.0,1.0,0.0,0.0
12,9,0.0,0.0,0.0,0.0,0.0,0.0,0.0,0.0,0.0,1.0,0.0,0.0
12,9,0.0,0.0,0.0,0.0,0.0,0.0,0.0,0.0,0.0,1.0,0.0,0.0
12,9,0.0,0.0,0.0,0.0,0.0,0.0,0.0,0.0,0.0,1.0,0.0,0.0
12,9,0.0,0.0,0.0,0.0,0.0,0.0,0.0,0.0,0.0,1.0,0.0,0.0
12,9,0.0,0.0,0.0,0.0,0.0,0.0,0.0,0.0,0.0,1.0,0.0,0.0
12,9,0.0,0.0,0.0,0.0,0.0,0.0,0.0,0.0,0.0,1.0,0.0,0.0
12,9,0.0,0.0,0.0,0.0,0.0,0.0,0.0,0.0,0.0,1.0,0.0,0.0
12,9,0.0,0.0,0.0,0.0,0.0,0.0,0.0,0.0,0.0,1.0,0.0,0.0
12,9,0.0,0.0,0.0,0.0,0.0,0.0,0.0,0.0,0.0,1.0,0.0,0.0
12,9,0.0,0.0,0.0,0.0,0.0,0.0,0.0,0.0,0.0,1.0,0.0,0.0
12,9,0.0,0.0,0.0,0.0,0.0,0.0,0.0,0.0,0.0,1.0,0.0,0.0
12,9,0.0,0.0,0.0,0.0,0.0,0.0,0.0,0.0,0.0,1.0,0.0,0.0
12,9,0.0,0.0,0.0,0.0,0.0,0.0,0.0,0.0,0.0,1.0,0.0,0.0
12,9,0.0,0.0,0.0,0.0,0.0,0.0,0.0,0.0,0.0,1.0,0.0,0.0
12,9,0.0,0.0,0.0,0.0,0.0,0.0,0.0,0.0,0.0,1.0,0.0,0.0
12,9,0.0,0.0,0.0,0.0,0.0,0.0,0.0,0.0,0.0,1.0,0.0,0.0
12,9,0.0,0.0,0.0,0.0,0.0,0.0,0.0,0.0,0.0,1.0,0.0,0.0
12,9,0.0,0.0,0.0,0.0,0.0,0.0,0.0,0.0,0.0,1.0,0.0,0.0
12,9,0.0,0.0,0.0,0.0,0.0,0.0,0.0,0.0,0.0,1.0,0.0,0.0
12,9,0.0,0.0,0.0,0.0,0.0,0.0,0.0,0.0,0.0,1.0,0.0,0.0
12,9,0.0,0.0,0.0,0.0,0.0,0.0,0.0,0.0,0.0,1.0,0.0,0.0
12,9,0.0,0.0,0.0,0.0,0.0,0.0,0.0,0.0,0.0,1.0,0.0,0.0
12,9,0.0,0.0,0.0,0.0,0.0,0.0,0.0,0.0,0.0,1.0,0.0,0.0
12,9,0.0,0.0,0.0,0.0,0.0,0.0,0.0,0.0,0.0,1.0,0.0,0.0
12,9,0.0,0.0,0.0,0.0,0.0,0.0,0.0,0.0,0.0,1.0,0.0,0.0
12,9,0.0,0.0,0.0,0.0,0.0,0.0,0.0,0.0,0.0,1.0,0.0,0.0
12,9,0.0,0.0,0.0,0.0,0.0,0.0,0.0,0.0,0.0,1.0,0.0,0.0
12,9,0.0,0.0,0.0,0.0,0.0,0.0,0.0,0.0,0.0,1.0,0.0,0.0
12,9,0.0,0.0,0.0,0.0,0.0,0.0,0.0,0.0,0.0,1.0,0.0,0.0
12,9,0.0,0.0,0.0,0.0,0.0,0.0,0.0,0.0,0.0,1.0,0.0,0.0
12,9,0.0,0.0,0.0,0.0,0.0,0.0,0.0,0.0,0.0,1.0,0.0,0.0
12,9,0.0,0.0,0.0,0.0,0.0,0.0,0.0,0.0,0.0,1.0,0.0,0.0
12,9,0.0,0.0,0.0,0.0,0.0,0.0,0.0,0.0,0.0,1.0,0.0,0.0
12,9,0.0,0.0,0.0,0.0,0.0,0.0,0.0,0.0,0.0,1.0,0.0,0.0
12,9,0.0,0.0,0.0,0.0,0.0,0.0,0.0,0.0,0.0,1.0,0.0,0.0
12,9,0.0,0.0,0.0,0.0,0.0,0.0,0.0,0.0,0.0,1.0,0.0,0.0
12,9,0.0,0.0,0.0,0.0,0.0,0.0,0.0,0.0,0.0,1.0,0.0,0.0
12,9,0.0,0.0,0.0,0.0,0.0,0.0,0.0,0.0,0.0,1.0,0.0,0.0
12,9,0.0,0.0,0.0,0.0,0.0,0.0,0.0,0.0,0.0,1.0,0.0,0.0
12,9,0.0,0.0,0.0,0.0,0.0,0.0,0.0,0.0,0.0,1.0,0.0,0.0
12,9,0.0,0.0,0.0,0.0,0.0,0.0,0.0,0.0,0.0,1.0,0.0,0.0
12,9,0.0,0.0,0.0,0.0,0.0,0.0,0.0,0.0,0.0,1.0,0.0,0.0
12,9,0.0,0.0,0.0,0.0,0.0,0.0,0.0,0.0,0.0,1.0,0.0,0.0
12,9,0.0,0.0,0.0,0.0,0.0,0.0,0.0,0.0,0.0,1.0,0.0,0.0
12,9,0.0,0.0,0.0,0.0,0.0,0.0,0.0,0.0,0.0,1.0,0.0,0.0
12,9,0.0,0.0,0.0,0.0,0.0,0.0,0.0,0.0,0.0,1.0,0.0,0.0
12,9,0.0,0.0,0.0,0.0,0.0,0.0,0.0,0.0,0.0,1.0,0.0,0.0
12,9,0.0,0.0,0.0,0.0,0.0,0.0,0.0,0.0,0.0,1.0,0.0,0.0
12,9,0.0,0.0,0.0,0.0,0.0,0.0,0.0,0.0,0.0,1.0,0.0,0.0
12,9,0.0,0.0,0.0,0.0,0.0,0.0,0.0,0.0,0.0,1.0,0.0,0.0
12,9,0.0,0.0,0.0,0.0,0.0,0.0,0.0,0.0,0.0,1.0,0.0,0.0
12,9,0.0,0.0,0.0,0.0,0.0,0.0,0.0,0.0,0.0,1.0,0.0,0.0
12,9,0.0,0.0,0.0,0.0,0.0,0.0,0.0,0.0,0.0,1.0,0.0,0.0
12,9,0.0,0.0,0.0,0.0,0.0,0.0,0.0,0.0,0.0,1.0,0.0,0.0
12,9,0.0,0.0,0.0,0.0,0.0,0.0,0.0,0.0,0.0,1.0,0.0,0.0
12,9,0.0,0.0,0.0,0.0,0.0,0.0,0.0,0.0,0.0,1.0,0.0,0.0
12,9,0.0,0.0,0.0,0.0,0.0,0.0,0.0,0.0,0.0,1.0,0.0,0.0
12,9,0.0,0.0,0.0,0.0,0.0,0.0,0.0,0.0,0.0,1.0,0.0,0.0
12,9,0.0,0.0,0.0,0.0,0.0,0.0,0.0,0.0,0.0,1.0,0.0,0.0
12,9,0.0,0.0,0.0,0.0,0.0,0.0,0.0,0.0,0.0,1.0,0.0,0.0
12,9,0.0,0.0,0.0,0.0,0.0,0.0,0.0,0.0,0.0,1.0,0.0,0.0
12,9,0.0,0.0,0.0,0.0,0.0,0.0,0.0,0.0,0.0,1.0,0.0,0.0
12,9,0.0,0.0,0.0,0.0,0.0,0.0,0.0,0.0,0.0,1.0,0.0,0.0
12,9,0.0,0.0,0.0,0.0,0.0,0.0,0.0,0.0,0.0,1.0,0.0,0.0
12,9,0.0,0.0,0.0,0.0,0.0,0.0,0.0,0.0,0.0,1.0,0.0,0.0
12,9,0.0,0.0,0.0,0.0,0.0,0.0,0.0,0.0,0.0,1.0,0.0,0.0
12,9,0.0,0.0,0.0,0.0,0.0,0.0,0.0,0.0,0.0,1.0,0.0,0.0
12,9,0.0,0.0,0.0,0.0,0.0,0.0,0.0,0.0,0.0,1.0,0.0,0.0
12,9,0.0,0.0,0.0,0.0,0.0,0.0,0.0,0.0,0.0,1.0,0.0,0.0
12,9,0.0,0.0,0.0,0.0,0.0,0.0,0.0,0.0,0.0,1.0,0.0,0.0
12,9,0.0,0.0,0.0,0.0,0.0,0.0,0.0,0.0,0.0,1.0,0.0,0.0
12,9,0.0,0.0,0.0,0.0,0.0,0.0,0.0,0.0,0.0,1.0,0.0,0.0
12,9,0.0,0.0,0.0,0.0,0.0,0.0,0.0,0.0,0.0,1.0,0.0,0.0
12,9,0.0,0.0,0.0,0.0,0.0,0.0,0.0,0.0,0.0,1.0,0.0,0.0
12,9,0.0,0.0,0.0,0.0,0.0,0.0,0.0,0.0,0.0,1.0,0.0,0.0
12,9,0.0,0.0,0.0,0.0,0.0,0.0,0.0,0.0,0.0,1.0,0.0,0.0
12,9,0.0,0.0,0.0,0.0,0.0,0.0,0.0,0.0,0.0,1.0,0.0,0.0
12,9,0.0,0.0,0.0,0.0,0.0,0.0,0.0,0.0,0.0,1.0,0.0,0.0
12,9,0.0,0.0,0.0,0.0,0.0,0.0,0.0,0.0,0.0,1.0,0.0,0.0
12,9,0.0,0.0,0.0,0.0,0.0,0.0,0.0,0.0,0.0,1.0,0.0,0.0
12,9,0.0,0.0,0.0,0.0,0.0,0.0,0.0,0.0,0.0,1.0,0.0,0.0
12,9,0.0,0.0,0.0,0.0,0.0,0.0,0.0,0.0,0.0,1.0,0.0,0.0
12,9,0.0,0.0,0.0,0.0,0.0,0.0,0.0,0.0,0.0,1.0,0.0,0.0
12,9,0.0,0.0,0.0,0.0,0.0,0.0,0.0,0.0,0.0,1.0,0.0,0.0
12,9,0.0,0.0,0.0,0.0,0.0,0.0,0.0,0.0,0.0,1.0,0.0,0.0
12,9,0.0,0.0,0.0,0.0,0.0,0.0,0.0,0.0,0.0,1.0,0.0,0.0
12,9,0.0,0.0,0.0,0.0,0.0,0.0,0.0,0.0,0.0,1.0,0.0,0.0
12,9,0.0,0.0,0.0,0.0,0.0,0.0,0.0,0.0,0.0,1.0,0.0,0.0
12,9,0.0,0.0,0.0,0.0,0.0,0.0,0.0,0.0,0.0,1.0,0.0,0.0
12,9,0.0,0.0,0.0,0.0,0.0,0.0,0.0,0.0,0.0,1.0,0.0,0.0
12,9,0.0,0.0,0.0,0.0,0.0,0.0,0.0,0.0,0.0,1.0,0.0,0.0
12,9,0.0,0.0,0.0,0.0,0.0,0.0,0.0,0.0,0.0,1.0,0.0,0.0
12,9,0.0,0.0,0.0,0.0,0.0,0.0,0.0,0.0,0.0,1.0,0.0,0.0
12,9,0.0,0.0,0.0,0.0,0.0,0.0,0.0,0.0,0.0,1.0,0.0,0.0
12,9,0.0,0.0,0.0,0.0,0.0,0.0,0.0,0.0,0.0,1.0,0.0,0.0
12,9,0.0,0.0,0.0,0.0,0.0,0.0,0.0,0.0,0.0,1.0,0.0,0.0
12,9,0.0,0.0,0.0,0.0,0.0,0.0,0.0,0.0,0.0,1.0,0.0,0.0
12,9,0.0,0.0,0.0,0.0,0.0,0.0,0.0,0.0,0.0,1.0,0.0,0.0
12,9,0.0,0.0,0.0,0.0,0.0,0.0,0.0,0.0,0.0,1.0,0.0,0.0
12,9,0.0,0.0,0.0,0.0,0.0,0.0,0.0,0.0,0.0,1.0,0.0,0.0
12,9,0.0,0.0,0.0,0.0,0.0,0.0,0.0,0.0,0.0,1.0,0.0,0.0
12,9,0.0,0.0,0.0,0.0,0.0,0.0,0.0,0.0,0.0,1.0,0.0,0.0
12,9,0.0,0.0,0.0,0.0,0.0,0.0,0.0,0.0,0.0,1.0,0.0,0.0
12,9,0.0,0.0,0.0,0.0,0.0,0.0,0.0,0.0,0.0,1.0,0.0,0.0
12,9,0.0,0.0,0.0,0.0,0.0,0.0,0.0,0.0,0.0,1.0,0.0,0.0
12,9,0.0,0.0,0.0,0.0,0.0,0.0,0.0,0.0,0.0,1.0,0.0,0.0
12,9,0.0,0.0,0.0,0.0,0.0,0.0,0.0,0.0,0.0,1.0,0.0,0.0
12,9,0.0,0.0,0.0,0.0,0.0,0.0,0.0,0.0,0.0,1.0,0.0,0.0
12,9,0.0,0.0,0.0,0.0,0.0,0.0,0.0,0.0,0.0,1.0,0.0,0.0
12,9,0.0,0.0,0.0,0.0,0.0,0.0,0.0,0.0,0.0,1.0,0.0,0.0
12,9,0.0,0.0,0.0,0.0,0.0,0.0,0.0,0.0,0.0,1.0,0.0,0.0
12,9,0.0,0.0,0.0,0.0,0.0,0.0,0.0,0.0,0.0,1.0,0.0,0.0
12,9,0.0,0.0,0.0,0.0,0.0,0.0,0.0,0.0,0.0,1.0,0.0,0.0
12,9,0.0,0.0,0.0,0.0,0.0,0.0,0.0,0.0,0.0,1.0,0.0,0.0
12,9,0.0,0.0,0.0,0.0,0.0,0.0,0.0,0.0,0.0,1.0,0.0,0.0
12,9,0.0,0.0,0.0,0.0,0.0,0.0,0.0,0.0,0.0,1.0,0.0,0.0
12,9,0.0,0.0,0.0,0.0,0.0,0.0,0.0,0.0,0.0,1.0,0.0,0.0
12,9,0.0,0.0,0.0,0.0,0.0,0.0,0.0,0.0,0.0,1.0,0.0,0.0
12,9,0.0,0.0,0.0,0.0,0.0,0.0,0.0,0.0,0.0,1.0,0.0,0.0
12,9,0.0,0.0,0.0,0.0,0.0,0.0,0.0,0.0,0.0,1.0,0.0,0.0
12,9,0.0,0.0,0.0,0.0,0.0,0.0,0.0,0.0,0.0,1.0,0.0,0.0
12,9,0.0,0.0,0.0,0.0,0.0,0.0,0.0,0.0,0.0,1.0,0.0,0.0
12,9,0.0,0.0,0.0,0.0,0.0,0.0,0.0,0.0,0.0,1.0,0.0,0.0
12,9,0.0,0.0,0.0,0.0,0.0,0.0,0.0,0.0,0.0,1.0,0.0,0.0
12,9,0.0,0.0,0.0,0.0,0.0,0.0,0.0,0.0,0.0,1.0,0.0,0.0
12,9,0.0,0.0,0.0,0.0,0.0,0.0,0.0,0.0,0.0,1.0,0.0,0.0
12,9,0.0,0.0,0.0,0.0,0.0,0.0,0.0,0.0,0.0,1.0,0.0,0.0
12,9,0.0,0.0,0.0,0.0,0.0,0.0,0.0,0.0,0.0,1.0,0.0,0.0
12,9,0.0,0.0,0.0,0.0,0.0,0.0,0.0,0.0,0.0,1.0,0.0,0.0
12,9,0.0,0.0,0.0,0.0,0.0,0.0,0.0,0.0,0.0,1.0,0.0,0.0
12,9,0.0,0.0,0.0,0.0,0.0,0.0,0.0,0.0,0.0,1.0,0.0,0.0
12,9,0.0,0.0,0.0,0.0,0.0,0.0,0.0,0.0,0.0,1.0,0.0,0.0
12,9,0.0,0.0,0.0,0.0,0.0,0.0,0.0,0.0,0.0,1.0,0.0,0.0
12,9,0.0,0.0,0.0,0.0,0.0,0.0,0.0,0.0,0.0,1.0,0.0,0.0
12,9,0.0,0.0,0.0,0.0,0.0,0.0,0.0,0.0,0.0,1.0,0.0,0.0
12,9,0.0,0.0,0.0,0.0,0.0,0.0,0.0,0.0,0.0,1.0,0.0,0.0
12,9,0.0,0.0,0.0,0.0,0.0,0.0,0.0,0.0,0.0,1.0,0.0,0.0
12,9,0.0,0.0,0.0,0.0,0.0,0.0,0.0,0.0,0.0,1.0,0.0,0.0
12,9,0.0,0.0,0.0,0.0,0.0,0.0,0.0,0.0,0.0,1.0,0.0,0.0
12,9,0.0,0.0,0.0,0.0,0.0,0.0,0.0,0.0,0.0,1.0,0.0,0.0
12,9,0.0,0.0,0.0,0.0,0.0,0.0,0.0,0.0,0.0,1.0,0.0,0.0
12,9,0.0,0.0,0.0,0.0,0.0,0.0,0.0,0.0,0.0,1.0,0.0,0.0
12,9,0.0,0.0,0.0,0.0,0.0,0.0,0.0,0.0,0.0,1.0,0.0,0.0
12,9,0.0,0.0,0.0,0.0,0.0,0.0,0.0,0.0,0.0,1.0,0.0,0.0
12,9,0.0,0.0,0.0,0.0,0.0,0.0,0.0,0.0,0.0,1.0,0.0,0.0
12,9,0.0,0.0,0.0,0.0,0.0,0.0,0.0,0.0,0.0,1.0,0.0,0.0
12,9,0.0,0.0,0.0,0.0,0.0,0.0,0.0,0.0,0.0,1.0,0.0,0.0
12,9,0.0,0.0,0.0,0.0,0.0,0.0,0.0,0.0,0.0,1.0,0.0,0.0
12,9,0.0,0.0,0.0,0.0,0.0,0.0,0.0,0.0,0.0,1.0,0.0,0.0
12,9,0.0,0.0,0.0,0.0,0.0,0.0,0.0,0.0,0.0,1.0,0.0,0.0
12,9,0.0,0.0,0.0,0.0,0.0,0.0,0.0,0.0,0.0,1.0,0.0,0.0
12,9,0.0,0.0,0.0,0.0,0.0,0.0,0.0,0.0,0.0,1.0,0.0,0.0
12,9,0.0,0.0,0.0,0.0,0.0,0.0,0.0,0.0,0.0,1.0,0.0,0.0
12,9,0.0,0.0,0.0,0.0,0.0,0.0,0.0,0.0,0.0,1.0,0.0,0.0
12,9,0.0,0.0,0.0,0.0,0.0,0.0,0.0,0.0,0.0,1.0,0.0,0.0
12,9,0.0,0.0,0.0,0.0,0.0,0.0,0.0,0.0,0.0,1.0,0.0,0.0
12,9,0.0,0.0,0.0,0.0,0.0,0.0,0.0,0.0,0.0,1.0,0.0,0.0
12,9,0.0,0.0,0.0,0.0,0.0,0.0,0.0,0.0,0.0,1.0,0.0,0.0
12,9,0.0,0.0,0.0,0.0,0.0,0.0,0.0,0.0,0.0,1.0,0.0,0.0
12,9,0.0,0.0,0.0,0.0,0.0,0.0,0.0,0.0,0.0,1.0,0.0,0.0
12,9,0.0,0.0,0.0,0.0,0.0,0.0,0.0,0.0,0.0,1.0,0.0,0.0
12,9,0.0,0.0,0.0,0.0,0.0,0.0,0.0,0.0,0.0,1.0,0.0,0.0
12,9,0.0,0.0,0.0,0.0,0.0,0.0,0.0,0.0,0.0,1.0,0.0,0.0
12,9,0.0,0.0,0.0,0.0,0.0,0.0,0.0,0.0,0.0,1.0,0.0,0.0
12,9,0.0,0.0,0.0,0.0,0.0,0.0,0.0,0.0,0.0,1.0,0.0,0.0
12,9,0.0,0.0,0.0,0.0,0.0,0.0,0.0,0.0,0.0,1.0,0.0,0.0
12,9,0.0,0.0,0.0,0.0,0.0,0.0,0.0,0.0,0.0,1.0,0.0,0.0
12,9,0.0,0.0,0.0,0.0,0.0,0.0,0.0,0.0,0.0,1.0,0.0,0.0
12,9,0.0,0.0,0.0,0.0,0.0,0.0,0.0,0.0,0.0,1.0,0.0,0.0
12,9,0.0,0.0,0.0,0.0,0.0,0.0,0.0,0.0,0.0,1.0,0.0,0.0
12,9,0.0,0.0,0.0,0.0,0.0,0.0,0.0,0.0,0.0,1.0,0.0,0.0
12,9,0.0,0.0,0.0,0.0,0.0,0.0,0.0,0.0,0.0,1.0,0.0,0.0
12,9,0.0,0.0,0.0,0.0,0.0,0.0,0.0,0.0,0.0,1.0,0.0,0.0
12,9,0.0,0.0,0.0,0.0,0.0,0.0,0.0,0.0,0.0,1.0,0.0,0.0
12,9,0.0,0.0,0.0,0.0,0.0,0.0,0.0,0.0,0.0,1.0,0.0,0.0
12,9,0.0,0.0,0.0,0.0,0.0,0.0,0.0,0.0,0.0,1.0,0.0,0.0
12,9,0.0,0.0,0.0,0.0,0.0,0.0,0.0,0.0,0.0,1.0,0.0,0.0
12,9,0.0,0.0,0.0,0.0,0.0,0.0,0.0,0.0,0.0,1.0,0.0,0.0
12,9,0.0,0.0,0.0,0.0,0.0,0.0,0.0,0.0,0.0,1.0,0.0,0.0
12,9,0.0,0.0,0.0,0.0,0.0,0.0,0.0,0.0,0.0,1.0,0.0,0.0
12,9,0.0,0.0,0.0,0.0,0.0,0.0,0.0,0.0,0.0,1.0,0.0,0.0
12,9,0.0,0.0,0.0,0.0,0.0,0.0,0.0,0.0,0.0,1.0,0.0,0.0
12,9,0.0,0.0,0.0,0.0,0.0,0.0,0.0,0.0,0.0,1.0,0.0,0.0
12,9,0.0,0.0,0.0,0.0,0.0,0.0,0.0,0.0,0.0,1.0,0.0,0.0
12,9,0.0,0.0,0.0,0.0,0.0,0.0,0.0,0.0,0.0,1.0,0.0,0.0
12,9,0.0,0.0,0.0,0.0,0.0,0.0,0.0,0.0,0.0,1.0,0.0,0.0
12,9,0.0,0.0,0.0,0.0,0.0,0.0,0.0,0.0,0.0,1.0,0.0,0.0
12,9,0.0,0.0,0.0,0.0,0.0,0.0,0.0,0.0,0.0,1.0,0.0,0.0
12,9,0.0,0.0,0.0,0.0,0.0,0.0,0.0,0.0,0.0,1.0,0.0,0.0
12,9,0.0,0.0,0.0,0.0,0.0,0.0,0.0,0.0,0.0,1.0,0.0,0.0
12,9,0.0,0.0,0.0,0.0,0.0,0.0,0.0,0.0,0.0,1.0,0.0,0.0
12,9,0.0,0.0,0.0,0.0,0.0,0.0,0.0,0.0,0.0,1.0,0.0,0.0
12,9,0.0,0.0,0.0,0.0,0.0,0.0,0.0,0.0,0.0,1.0,0.0,0.0
12,9,0.0,0.0,0.0,0.0,0.0,0.0,0.0,0.0,0.0,1.0,0.0,0.0
12,9,0.0,0.0,0.0,0.0,0.0,0.0,0.0,0.0,0.0,1.0,0.0,0.0
12,9,0.0,0.0,0.0,0.0,0.0,0.0,0.0,0.0,0.0,1.0,0.0,0.0
12,9,0.0,0.0,0.0,0.0,0.0,0.0,0.0,0.0,0.0,1.0,0.0,0.0
12,9,0.0,0.0,0.0,0.0,0.0,0.0,0.0,0.0,0.0,1.0,0.0,0.0
12,9,0.0,0.0,0.0,0.0,0.0,0.0,0.0,0.0,0.0,1.0,0.0,0.0
12,9,0.0,0.0,0.0,0.0,0.0,0.0,0.0,0.0,0.0,1.0,0.0,0.0
12,9,0.0,0.0,0.0,0.0,0.0,0.0,0.0,0.0,0.0,1.0,0.0,0.0
12,9,0.0,0.0,0.0,0.0,0.0,0.0,0.0,0.0,0.0,1.0,0.0,0.0
12,9,0.0,0.0,0.0,0.0,0.0,0.0,0.0,0.0,0.0,1.0,0.0,0.0
12,9,0.0,0.0,0.0,0.0,0.0,0.0,0.0,0.0,0.0,1.0,0.0,0.0
12,9,0.0,0.0,0.0,0.0,0.0,0.0,0.0,0.0,0.0,1.0,0.0,0.0
12,9,0.0,0.0,0.0,0.0,0.0,0.0,0.0,0.0,0.0,1.0,0.0,0.0
12,9,0.0,0.0,0.0,0.0,0.0,0.0,0.0,0.0,0.0,1.0,0.0,0.0
12,9,0.0,0.0,0.0,0.0,0.0,0.0,0.0,0.0,0.0,1.0,0.0,0.0
12,9,0.0,0.0,0.0,0.0,0.0,0.0,0.0,0.0,0.0,1.0,0.0,0.0
12,9,0.0,0.0,0.0,0.0,0.0,0.0,0.0,0.0,0.0,1.0,0.0,0.0
12,9,0.0,0.0,0.0,0.0,0.0,0.0,0.0,0.0,0.0,1.0,0.0,0.0
12,9,0.0,0.0,0.0,0.0,0.0,0.0,0.0,0.0,0.0,1.0,0.0,0.0
12,9,0.0,0.0,0.0,0.0,0.0,0.0,0.0,0.0,0.0,1.0,0.0,0.0
12,9,0.0,0.0,0.0,0.0,0.0,0.0,0.0,0.0,0.0,1.0,0.0,0.0
12,9,0.0,0.0,0.0,0.0,0.0,0.0,0.0,0.0,0.0,1.0,0.0,0.0
12,9,0.015625,0.0,0.0,0.0,0.0,0.0,0.0,0.0,0.0,0.984375,0.0,0.0
12,9,0.015625,0.0,0.0,0.0,0.0,0.0,0.0,0.0,0.0,0.984375,0.0,0.0
12,9,0.015625,0.0,0.0,0.0,0.0,0.0,0.0,0.0,0.0,0.984375,0.0,0.0
12,9,0.015625,0.0,0.0,0.0,0.0,0.0,0.0,0.0,0.0,0.984375,0.0,0.0
12,9,0.015625,0.0,0.0,0.0,0.0,0.0,0.0,0.0,0.0,0.984375,0.0,0.0
12,9,0.015625,0.0,0.0,0.0,0.0,0.0,0.0,0.0,0.0,0.984375,0.0,0.0
12,9,0.015625,0.0,0.0,0.0,0.0,0.0,0.0,0.0,0.0,0.984375,0.0,0.0
12,9,0.015625,0.0,0.0,0.0,0.0,0.0,0.0,0.0,0.0,0.984375,0.0,0.0
12,9,0.015625,0.0,0.0,0.0,0.0,0.0,0.0,0.0,0.0,0.984375,0.0,0.0
12,9,0.015625,0.0,0.0,0.0,0.0,0.0,0.0,0.0,0.0,0.984375,0.0,0.0
12,9,0.015625,0.0,0.0,0.0,0.0,0.0,0.0,0.0,0.0,0.984375,0.0,0.0
12,9,0.015625,0.0,0.0,0.0,0.0,0.0,0.0,0.0,0.0,0.984375,0.0,0.0
12,9,0.015625,0.0,0.0,0.0,0.0,0.0,0.0,0.0,0.0,0.984375,0.0,0.0
12,9,0.015625,0.0,0.0,0.0,0.0,0.0,0.0,0.0,0.0,0.984375,0.0,0.0
12,9,0.015625,0.0,0.0,0.0,0.0,0.0,0.0,0.0,0.0,0.984375,0.0,0.0
12,9,0.015625,0.0,0.0,0.0,0.0,0.0,0.0,0.0,0.0,0.984375,0.0,0.0
12,9,0.015625,0.0,0.0,0.0,0.0,0.0,0.0,0.0,0.0,0.984375,0.0,0.0
12,9,0.015625,0.0,0.0,0.0,0.0,0.0,0.0,0.0,0.0,0.984375,0.0,0.0
12,9,0.015625,0.0,0.0,0.0,0.0,0.0,0.0,0.0,0.0,0.984375,0.0,0.0
12,9,0.015625,0.0,0.0,0.0,0.0,0.0,0.0,0.0,0.0,0.984375,0.0,0.0
12,9,0.015625,0.0,0.0,0.0,0.0,0.0,0.0,0.0,0.0,0.984375,0.0,0.0
12,9,0.015625,0.0,0.0,0.0,0.0,0.0,0.0,0.0,0.0,0.984375,0.0,0.0
12,9,0.015625,0.0,0.0,0.0,0.0,0.0,0.0,0.0,0.0,0.984375,0.0,0.0
12,9,0.015625,0.0,0.0,0.0,0.0,0.0,0.0,0.0,0.0,0.984375,0.0,0.0
12,9,0.015625,0.015625,0.0,0.0,0.0,0.0,0.0,0.0,0.0,0.96875,0.0,0.0
12,9,0.015625,0.015625,0.0,0.0,0.0,0.0,0.0,0.0,0.0,0.96875,0.0,0.0
12,9,0.015625,0.015625,0.0,0.0,0.0,0.0,0.0,0.0,0.0,0.96875,0.0,0.0
12,9,0.015625,0.015625,0.0,0.0,0.0,0.0,0.0,0.0,0.0,0.96875,0.0,0.0
12,9,0.015625,0.015625,0.0,0.0,0.0,0.0,0.0,0.0,0.0,0.96875,0.0,0.0
12,9,0.015625,0.015625,0.0,0.0,0.0,0.0,0.0,0.0,0.0,0.96875,0.0,0.0
12,9,0.015625,0.015625,0.0,0.0,0.0,0.0,0.0,0.0,0.0,0.96875,0.0,0.0
12,9,0.015625,0.015625,0.0,0.0,0.0,0.0,0.0,0.0,0.0,0.96875,0.0,0.0
12,9,0.015625,0.015625,0.0,0.0,0.0,0.0,0.0,0.0,0.0,0.96875,0.0,0.0
12,9,0.015625,0.015625,0.0,0.0,0.0,0.0,0.0,0.0,0.0,0.96875,0.0,0.0
12,9,0.015625,0.015625,0.0,0.0,0.0,0.0,0.0,0.0,0.0,0.96875,0.0,0.0
12,9,0.015625,0.015625,0.0,0.0,0.0,0.0,0.0,0.0,0.0,0.96875,0.0,0.0
12,9,0.015625,0.015625,0.0,0.0,0.0,0.0,0.0,0.0,0.0,0.96875,0.0,0.0
12,9,0.015625,0.015625,0.0,0.0,0.0,0.0,0.0,0.0,0.0,0.96875,0.0,0.0
12,9,0.03125,0.015625,0.0,0.0,0.0,0.0,0.0,0.0,0.0,0.953125,0.0,0.0
12,9,0.03125,0.015625,0.0,0.0,0.0,0.0,0.0,0.0,0.0,0.953125,0.0,0.0
12,9,0.03125,0.015625,0.0,0.0,0.0,0.0,0.0,0.0,0.0,0.953125,0.0,0.0
12,9,0.03125,0.015625,0.0,0.0,0.0,0.0,0.0,0.0,0.0,0.953125,0.0,0.0
12,9,0.03125,0.015625,0.0,0.0,0.0,0.0,0.0,0.0,0.0,0.953125,0.0,0.0
12,9,0.03125,0.015625,0.0,0.0,0.0,0.0,0.0,0.0,0.0,0.953125,0.0,0.0
12,9,0.03125,0.015625,0.0,0.0,0.0,0.0,0.0,0.0,0.0,0.953125,0.0,0.0
12,9,0.03125,0.015625,0.0,0.0,0.0,0.0,0.0,0.0,0.0,0.953125,0.0,0.0
12,9,0.03125,0.015625,0.0,0.0,0.0,0.0,0.0,0.0,0.0,0.953125,0.0,0.0
12,9,0.03125,0.015625,0.0,0.0,0.0,0.0,0.0,0.0,0.0,0.953125,0.0,0.0
12,9,0.03125,0.015625,0.0,0.0,0.0,0.0,0.0,0.0,0.0,0.953125,0.0,0.0
12,9,0.03125,0.015625,0.0,0.0,0.0,0.0,0.0,0.0,0.0,0.953125,0.0,0.0
12,9,0.03125,0.015625,0.0,0.0,0.0,0.0,0.0,0.0,0.0,0.953125,0.0,0.0
12,9,0.03125,0.015625,0.0,0.0,0.0,0.0,0.0,0.0,0.0,0.953125,0.0,0.0
12,9,0.03125,0.015625,0.0,0.0,0.0,0.0,0.0,0.0,0.0,0.953125,0.0,0.0
12,9,0.03125,0.015625,0.0,0.0,0.0,0.0,0.0,0.0,0.0,0.953125,0.0,0.0
12,9,0.046875,0.015625,0.0,0.0,0.0,0.0,0.0,0.0,0.0,0.9375,0.0,0.0
12,9,0.046875,0.015625,0.0,0.0,0.0,0.0,0.0,0.0,0.0,0.9375,0.0,0.0
12,9,0.078125,0.015625,0.0,0.0,0.0,0.0,0.0,0.0,0.0,0.90625,0.0,0.0
12,9,0.078125,0.015625,0.0,0.0,0.0,0.0,0.0,0.0,0.0,0.90625,0.0,0.0
12,9,0.078125,0.015625,0.0,0.0,0.0,0.0,0.0,0.0,0.0,0.90625,0.0,0.0
12,9,0.078125,0.015625,0.0,0.0,0.0,0.0,0.0,0.0,0.0,0.90625,0.0,0.0
12,9,0.078125,0.015625,0.0,0.0,0.0,0.0,0.0,0.0,0.0,0.90625,0.0,0.0
12,9,0.078125,0.015625,0.0,0.0,0.0,0.0,0.0,0.0,0.0,0.90625,0.0,0.0
12,9,0.078125,0.015625,0.0,0.0,0.0,0.0,0.0,0.0,0.0,0.90625,0.0,0.0
12,9,0.078125,0.015625,0.0,0.0,0.0,0.0,0.0,0.0,0.0,0.90625,0.0,0.0
12,9,0.078125,0.03125,0.0,0.0,0.0,0.0,0.0,0.0,0.0,0.890625,0.0,0.0
12,9,0.078125,0.03125,0.0,0.0,0.0,0.0,0.0,0.0,0.0,0.890625,0.0,0.0
12,9,0.078125,0.03125,0.0,0.0,0.0,0.0,0.0,0.0,0.0,0.890625,0.0,0.0
12,9,0.078125,0.03125,0.0,0.0,0.0,0.0,0.0,0.0,0.0,0.890625,0.0,0.0
12,9,0.078125,0.03125,0.0,0.0,0.0,0.0,0.0,0.0,0.0,0.890625,0.0,0.0
12,9,0.078125,0.03125,0.0,0.0,0.0,0.0,0.0,0.0,0.0,0.890625,0.0,0.0
12,9,0.078125,0.03125,0.0,0.0,0.0,0.0,0.0,0.0,0.0,0.890625,0.0,0.0
12,9,0.078125,0.03125,0.0,0.0,0.0,0.0,0.0,0.0,0.0,0.890625,0.0,0.0
12,9,0.078125,0.046875,0.0,0.0,0.0,0.0,0.0,0.0,0.0,0.875,0.0,0.0
12,9,0.078125,0.046875,0.0,0.0,0.0,0.0,0.0,0.0,0.0,0.875,0.0,0.0
12,9,0.078125,0.046875,0.0,0.0,0.0,0.0,0.0,0.0,0.0,0.875,0.0,0.0
12,9,0.078125,0.046875,0.0,0.0,0.0,0.0,0.0,0.0,0.0,0.875,0.0,0.0
12,9,0.09375,0.046875,0.0,0.0,0.0,0.0,0.0,0.0,0.0,0.859375,0.0,0.0
12,9,0.09375,0.046875,0.0,0.0,0.0,0.0,0.0,0.0,0.0,0.859375,0.0,0.0
12,9,0.09375,0.046875,0.0,0.0,0.0,0.0,0.0,0.0,0.0,0.859375,0.0,0.0
12,9,0.09375,0.046875,0.0,0.0,0.0,0.0,0.0,0.0,0.0,0.859375,0.0,0.0
12,9,0.09375,0.046875,0.0,0.0,0.0,0.0,0.0,0.0,0.0,0.859375,0.0,0.0
12,9,0.09375,0.046875,0.0,0.0,0.0,0.0,0.0,0.0,0.0,0.859375,0.0,0.0
12,9,0.09375,0.046875,0.0,0.0,0.0,0.0,0.0,0.0,0.0,0.859375,0.0,0.0
12,9,0.09375,0.046875,0.0,0.0,0.0,0.0,0.0,0.0,0.0,0.859375,0.0,0.0
12,9,0.09375,0.046875,0.015625,0.0,0.0,0.0,0.0,0.0,0.0,0.84375,0.0,0.0
12,9,0.09375,0.046875,0.015625,0.0,0.0,0.0,0.0,0.0,0.0,0.84375,0.0,0.0
12,9,0.09375,0.046875,0.015625,0.0,0.0,0.0,0.0,0.0,0.0,0.84375,0.0,0.0
12,9,0.09375,0.046875,0.015625,0.0,0.0,0.0,0.0,0.0,0.0,0.84375,0.0,0.0
12,9,0.109375,0.109375,0.015625,0.0,0.0,0.0,0.0,0.0,0.015625,0.75,0.0,0.0
12,9,0.109375,0.109375,0.015625,0.0,0.0,0.0,0.0,0.0,0.015625,0.75,0.0,0.0
12,9,0.109375,0.109375,0.015625,0.0,0.0,0.0,0.0,0.0,0.015625,0.75,0.0,0.0
12,9,0.109375,0.109375,0.015625,0.0,0.0,0.0,0.0,0.0,0.015625,0.75,0.0,0.0
12,9,0.109375,0.109375,0.015625,0.0,0.0,0.0,0.0,0.0,0.015625,0.75,0.0,0.0
12,9,0.109375,0.109375,0.015625,0.0,0.0,0.0,0.0,0.0,0.015625,0.75,0.0,0.0
12,9,0.109375,0.109375,0.015625,0.0,0.0,0.0,0.0,0.0,0.015625,0.75,0.0,0.0
12,9,0.109375,0.109375,0.015625,0.0,0.0,0.0,0.0,0.0,0.015625,0.75,0.0,0.0
12,9,0.109375,0.109375,0.015625,0.0,0.0,0.0,0.0,0.0,0.015625,0.75,0.0,0.0
12,9,0.109375,0.109375,0.015625,0.0,0.0,0.0,0.0,0.0,0.015625,0.75,0.0,0.0
12,9,0.125,0.109375,0.015625,0.0,0.0,0.0,0.0,0.0,0.015625,0.734375,0.0,0.0
12,9,0.125,0.109375,0.015625,0.0,0.0,0.0,0.0,0.0,0.015625,0.734375,0.0,0.0
12,9,0.125,0.125,0.015625,0.0,0.0,0.0,0.0,0.0,0.015625,0.71875,0.0,0.0
12,9,0.125,0.125,0.015625,0.0,0.0,0.0,0.0,0.0,0.015625,0.71875,0.0,0.0
12,9,0.125,0.125,0.015625,0.0,0.0,0.0,0.0,0.0,0.015625,0.71875,0.0,0.0
12,9,0.125,0.125,0.015625,0.0,0.0,0.0,0.0,0.0,0.015625,0.71875,0.0,0.0
12,9,0.15625,0.140625,0.015625,0.0,0.0,0.0,0.0,0.0,0.015625,0.671875,0.0,0.0
12,9,0.15625,0.140625,0.015625,0.0,0.0,0.0,0.0,0.0,0.015625,0.671875,0.0,0.0
12,9,0.15625,0.140625,0.015625,0.0,0.0,0.0,0.0,0.0,0.015625,0.671875,0.0,0.0
12,9,0.15625,0.140625,0.015625,0.0,0.0,0.0,0.0,0.0,0.015625,0.671875,0.0,0.0
12,9,0.15625,0.140625,0.015625,0.0,0.0,0.0,0.0,0.0,0.015625,0.671875,0.0,0.0
12,9,0.15625,0.140625,0.015625,0.0,0.0,0.0,0.0,0.0,0.015625,0.671875,0.0,0.0
12,9,0.15625,0.140625,0.015625,0.0,0.0,0.0,0.0,0.0,0.015625,0.671875,0.0,0.0
12,9,0.15625,0.15625,0.015625,0.0,0.0,0.0,0.0,0.0,0.015625,0.65625,0.0,0.0
12,9,0.203125,0.15625,0.015625,0.0,0.0,0.0,0.0,0.0,0.015625,0.609375,0.0,0.0
12,9,0.203125,0.15625,0.015625,0.0,0.0,0.0,0.0,0.0,0.015625,0.609375,0.0,0.0
12,9,0.203125,0.171875,0.015625,0.0,0.0,0.0,0.0,0.0,0.015625,0.59375,0.0,0.0
12,9,0.203125,0.171875,0.015625,0.0,0.0,0.0,0.0,0.0,0.015625,0.59375,0.0,0.0
12,9,0.203125,0.171875,0.015625,0.0,0.0,0.0,0.0,0.0,0.015625,0.59375,0.0,0.0
12,9,0.21875,0.171875,0.015625,0.0,0.0,0.0,0.0,0.0,0.015625,0.578125,0.0,0.0
12,9,0.234375,0.171875,0.015625,0.0,0.0,0.0,0.0,0.0,0.015625,0.5625,0.0,0.0
12,9,0.234375,0.171875,0.015625,0.0,0.0,0.0,0.0,0.0,0.015625,0.5625,0.0,0.0
12,9,0.265625,0.171875,0.015625,0.0,0.0,0.0,0.0,0.0,0.03125,0.515625,0.0,0.0
12,9,0.265625,0.171875,0.015625,0.0,0.0,0.0,0.0,0.0,0.03125,0.515625,0.0,0.0
12,9,0.265625,0.171875,0.015625,0.0,0.0,0.0,0.0,0.0,0.03125,0.515625,0.0,0.0
12,9,0.265625,0.171875,0.015625,0.0,0.0,0.0,0.0,0.0,0.03125,0.515625,0.0,0.0
12,9,0.296875,0.171875,0.015625,0.0,0.0,0.0,0.0,0.0,0.03125,0.484375,0.0,0.0
12,9,0.296875,0.171875,0.015625,0.0,0.0,0.0,0.0,0.0,0.03125,0.484375,0.0,0.0
12,9,0.296875,0.171875,0.015625,0.0,0.0,0.0,0.0,0.0,0.03125,0.484375,0.0,0.0
12,9,0.296875,0.171875,0.015625,0.0,0.0,0.0,0.0,0.0,0.03125,0.484375,0.0,0.0
12,9,0.296875,0.171875,0.015625,0.0,0.0,0.0,0.0,0.0,0.03125,0.484375,0.0,0.0
12,9,0.296875,0.171875,0.015625,0.0,0.0,0.0,0.0,0.0,0.03125,0.484375,0.0,0.0
12,9,0.296875,0.171875,0.015625,0.0,0.0,0.0,0.0,0.0,0.03125,0.484375,0.0,0.0
12,9,0.3125,0.171875,0.015625,0.0,0.0,0.0,0.0,0.0,0.03125,0.46875,0.0,0.0
12,9,0.3125,0.171875,0.015625,0.0,0.0,0.0,0.0,0.0,0.03125,0.46875,0.0,0.0
12,9,0.3125,0.171875,0.015625,0.0,0.0,0.0,0.0,0.0,0.03125,0.46875,0.0,0.0
12,9,0.3125,0.171875,0.015625,0.0,0.0,0.0,0.0,0.0,0.03125,0.46875,0.0,0.0
12,9,0.3125,0.171875,0.015625,0.0,0.0,0.0,0.0,0.0,0.03125,0.46875,0.0,0.0
12,9,0.359375,0.171875,0.015625,0.0,0.0,0.0,0.0,0.0,0.03125,0.421875,0.0,0.0
12,9,0.359375,0.171875,0.015625,0.0,0.0,0.0,0.0,0.0,0.03125,0.421875,0.0,0.0
12,9,0.359375,0.171875,0.015625,0.0,0.0,0.0,0.0,0.0,0.03125,0.421875,0.0,0.0
12,9,0.359375,0.171875,0.015625,0.0,0.0,0.0,0.0,0.0,0.03125,0.421875,0.0,0.0
12,9,0.359375,0.171875,0.015625,0.0,0.0,0.0,0.0,0.0,0.03125,0.421875,0.0,0.0
12,9,0.359375,0.171875,0.015625,0.0,0.0,0.0,0.0,0.0,0.03125,0.421875,0.0,0.0
12,9,0.359375,0.171875,0.015625,0.0,0.0,0.0,0.0,0.0,0.03125,0.421875,0.0,0.0
12,9,0.359375,0.171875,0.015625,0.0,0.0,0.0,0.0,0.0,0.03125,0.421875,0.0,0.0
12,9,0.359375,0.171875,0.015625,0.0,0.0,0.0,0.0,0.0,0.03125,0.421875,0.0,0.0
12,9,0.359375,0.171875,0.015625,0.0,0.0,0.0,0.0,0.0,0.03125,0.421875,0.0,0.0
12,9,0.359375,0.171875,0.015625,0.0,0.0,0.0,0.0,0.0,0.03125,0.421875,0.0,0.0
12,9,0.359375,0.171875,0.015625,0.0,0.0,0.0,0.0,0.0,0.03125,0.421875,0.0,0.0
