time_sec,is_teacher_frame,marker_type,meta_state
0.0,1,teacher_none,3
0.1001,1,teacher_none,3
0.166833,1,teacher_none,3
0.266933,1,teacher_none,3
0.333667,1,teacher_none,3
0.433767,1,teacher_none,3
0.5005,1,teacher_none,3
0.6006,1,teacher_none,3
0.667333,1,teacher_none,3
0.767433,1,teacher_none,3
0.834167,1,teacher_none,3
0.934267,1,teacher_none,3
1.001,1,teacher_none,3
1.1011,1,teacher_none,3
1.167833,1,teacher_none,3
1.267933,1,teacher_none,3
1.334667,1,teacher_none,3
1.434767,1,teacher_none,3
1.5015,1,teacher_none,3
1.6016,1,teacher_none,3
1.668333,1,teacher_none,3
1.768433,1,teacher_none,3
1.835167,1,teacher_none,3
1.935267,1,teacher_none,3
2.002,1,teacher_none,3
2.1021,1,teacher_none,3
2.168833,1,teacher_none,3
2.268933,1,teacher_none,3
2.335667,1,teacher_none,3
2.435767,1,teacher_none,3
2.5025,1,teacher_none,3
2.6026,1,teacher_none,3
2.669333,1,teacher_none,3
2.769433,1,teacher_none,3
2.836167,1,teacher_none,3
2.936267,1,teacher_none,3
3.003,1,teacher_none,3
3.1031,1,teacher_none,3
3.169833,1,teacher_none,3
3.269933,1,teacher_none,3
3.336667,1,teacher_none,3
3.436767,1,teacher_none,3
3.5035,1,teacher_none,3
3.6036,1,teacher_none,3
3.670333,1,teacher_none,3
3.770433,1,teacher_none,3
3.837167,1,teacher_none,3
3.937267,1,teacher_none,3
4.004,1,teacher_none,3
4.1041,1,teacher_none,3
4.170833,1,teacher_none,3
4.270933,1,teacher_none,3
4.337667,1,teacher_none,3
4.437767,1,teacher_none,3
4.5045,1,teacher_none,3
4.6046,1,teacher_none,3
4.671333,1,teacher_none,3
4.771433,1,teacher_none,3
4.838167,1,teacher_none,3
4.938267,1,teacher_none,3
5.005,1,teacher_none,3
5.1051,1,teacher_none,3
5.171833,1,teacher_none,3
5.271933,1,teacher_none,3
5.338667,1,teacher_none,3
5.438767,1,teacher_none,3
5.5055,1,teacher_none,3
5.6056,1,teacher_none,3
5.672333,1,teacher_none,3
5.772433,1,teacher_none,3
5.839167,1,teacher_none,3
5.939267,1,teacher_none,3
6.006,1,teacher_none,3
6.1061,1,teacher_none,3
6.172833,1,teacher_none,3
6.272933,1,teacher_none,3
6.339667,1,teacher_none,3
6.439767,1,teacher_none,3
6.5065,1,teacher_none,3
6.6066,1,teacher_none,3
6.673333,1,teacher_none,3
6.773433,1,teacher_none,3
6.840167,1,teacher_none,3
6.940267,1,teacher_none,3
7.007,1,teacher_none,3
7.1071,1,teacher_none,3
7.173833,1,teacher_none,3
7.273933,1,teacher_none,3
7.340667,1,teacher_none,3
7.440767,1,teacher_none,3
7.5075,1,teacher_none,3
7.6076,1,teacher_none,3
7.674333,1,teacher_none,3
7.774433,1,teacher_none,3
7.841167,1,teacher_none,3
7.941267,1,teacher_none,3
8.008,1,teacher_none,3
8.1081,1,teacher_none,3
8.174833,1,teacher_none,3
8.274933,1,teacher_none,3
8.341667,1,teacher_none,3
8.441767,1,teacher_none,3
8.5085,1,teacher_none,3
8.6086,1,teacher_none,3
8.675333,1,teacher_none,3
8.775433,1,teacher_none,3
8.842167,1,teacher_none,3
8.942267,1,teacher_none,3
9.009,1,teacher_none,3
9.1091,1,teacher_none,3
9.175833,1,teacher_none,3
9.275933,1,teacher_none,3
9.342667,1,teacher_none,3
9.442767,1,teacher_none,3
9.5095,1,teacher_none,3
9.6096,1,teacher_none,3
9.676333,1,teacher_none,3
9.776433,1,teacher_none,3
9.843167,1,teacher_none,3
9.943267,1,teacher_none,3
10.01,1,teacher_none,3
10.1101,1,teacher_none,3
10.176833,1,teacher_none,3
10.276933,1,teacher_none,3
10.343667,1,teacher_none,3
10.443767,1,teacher_none,3
10.5105,1,teacher_none,3
10.6106,1,teacher_none,3
10.677333,1,teacher_none,3
10.777433,1,teacher_none,3
10.844167,1,teacher_none,3
10.944267,1,teacher_none,3
11.011,1,teacher_none,3
11.1111,1,teacher_none,3
11.177833,1,teacher_none,3
11.277933,1,teacher_none,3
11.344667,1,teacher_none,3
11.444767,1,teacher_none,3
11.5115,1,teacher_none,3
11.6116,1,teacher_none,3
11.678333,1,teacher_none,3
11.778433,1,teacher_none,3
11.845167,1,teacher_none,3
11.945267,1,teacher_none,3
12.012,1,teacher_none,3
12.1121,1,teacher_none,3
12.178833,1,teacher_none,3
12.278933,1,teacher_none,3
12.345667,1,teacher_none,3
12.445767,1,teacher_none,3
12.5125,1,teacher_none,3
12.6126,1,teacher_none,3
12.679333,1,teacher_none,3
12.779433,1,teacher_none,3
12.846167,1,teacher_none,3
12.946267,1,teacher_none,3
13.013,1,teacher_none,3
13.1131,1,teacher_none,3
13.179833,1,teacher_none,3
13.279933,1,teacher_none,3
13.346667,1,teacher_none,3
13.446767,1,teacher_none,3
13.5135,1,teacher_none,3
13.6136,1,teacher_none,3
13.680333,1,teacher_none,3
13.780433,1,teacher_none,3
13.847167,1,teacher_none,3
13.947267,1,teacher_none,3
14.014,1,teacher_none,3
14.1141,1,teacher_none,3
14.180833,1,teacher_none,3
14.280933,1,teacher_none,3
14.347667,1,teacher_none,3
14.447767,1,teacher_none,3
14.5145,1,teacher_none,3
14.6146,1,teacher_none,3
14.681333,1,teacher_none,3
14.781433,1,teacher_none,3
14.848167,1,teacher_none,3
14.948267,1,teacher_none,3
15.015,1,teacher_none,3
15.1151,1,teacher_none,3
15.181833,1,teacher_none,3
15.281933,1,teacher_none,3
15.348667,1,teacher_none,3
15.448767,1,teacher_none,3
15.5155,1,teacher_none,3
15.6156,1,teacher_none,3
15.682333,1,teacher_none,3
15.782433,1,teacher_none,3
15.849167,1,teacher_none,3
15.949267,1,teacher_none,3
16.016,1,teacher_none,3
16.1161,1,teacher_none,3
16.182833,1,teacher_none,3
16.282933,1,teacher_none,3
16.349667,1,teacher_none,3
16.449767,1,teacher_none,3
16.5165,1,teacher_none,3
16.6166,1,teacher_none,3
16.683333,1,teacher_none,3
16.750067,1,teacher_none,3
16.850167,1,teacher_none,3
16.9169,1,teacher_none,3
17.017,1,teacher_none,3
17.083733,1,teacher_none,3
17.183833,1,teacher_none,3
17.250567,1,teacher_none,3
17.350667,1,teacher_none,3
17.4174,1,teacher_none,3
17.5175,1,teacher_none,3
17.584233,1,teacher_none,3
17.684333,1,teacher_none,3
17.751067,1,teacher_none,3
17.851167,1,teacher_none,3
17.9179,1,teacher_none,3
18.018,1,teacher_none,3
18.084733,1,teacher_none,3
18.184833,1,teacher_none,3
18.251567,1,teacher_none,3
18.351667,1,teacher_none,3
18.4184,1,teacher_none,3
18.5185,1,teacher_none,3
18.585233,1,teacher_none,3
18.685333,1,teacher_none,3
18.752067,1,teacher_none,3
18.852167,1,teacher_none,3
18.9189,1,teacher_none,3
19.019,1,teacher_none,3
19.085733,1,teacher_none,3
19.185833,1,teacher_none,3
19.252567,1,teacher_none,3
19.352667,1,teacher_none,3
19.4194,1,teacher_none,3
19.5195,1,teacher_none,3
19.586233,1,teacher_none,3
19.686333,1,teacher_none,3
19.753067,1,teacher_none,3
19.853167,1,teacher_none,3
19.9199,1,teacher_none,3
20.02,1,teacher_none,3
20.086733,1,teacher_none,3
20.186833,1,teacher_none,3
20.253567,1,teacher_none,3
20.353667,1,teacher_none,3
20.4204,1,teacher_none,3
20.5205,1,teacher_none,3
20.587233,1,teacher_none,3
20.687333,1,teacher_none,3
20.754067,1,teacher_none,3
20.854167,1,teacher_none,3
20.9209,1,teacher_none,3
21.021,1,teacher_none,3
21.087733,1,teacher_none,3
21.187833,1,teacher_none,3
21.254567,1,teacher_none,3
21.354667,1,teacher_none,3
21.4214,1,teacher_none,3
21.5215,1,teacher_none,3
21.588233,1,teacher_none,3
21.688333,1,teacher_none,3
21.755067,1,teacher_none,3
21.855167,1,teacher_none,3
21.9219,1,teacher_none,3
22.022,1,teacher_none,3
22.088733,1,teacher_none,3
22.188833,1,teacher_none,3
22.255567,1,teacher_none,3
22.355667,1,teacher_none,3
22.4224,1,teacher_none,3
22.5225,1,teacher_none,3
22.589233,1,teacher_none,3
22.689333,1,teacher_none,3
22.756067,1,teacher_none,3
22.856167,1,teacher_none,3
22.9229,1,teacher_none,3
23.023,1,teacher_none,3
23.089733,1,teacher_none,3
23.189833,1,teacher_none,3
23.256567,1,teacher_none,3
23.356667,1,teacher_none,3
23.4234,1,teacher_none,3
23.5235,1,teacher_none,3
23.590233,1,teacher_none,3
23.690333,1,teacher_none,3
23.757067,1,teacher_none,3
23.857167,1,teacher_none,3
23.9239,1,teacher_none,3
24.024,1,teacher_none,3
24.090733,1,teacher_none,3
24.190833,1,teacher_none,3
24.257567,1,teacher_none,3
24.357667,1,teacher_none,3
24.4244,1,teacher_none,3
24.5245,1,teacher_none,3
24.591233,1,teacher_none,3
24.691333,1,teacher_none,3
24.758067,1,teacher_none,3
24.858167,1,teacher_none,3
24.9249,1,teacher_none,3
25.025,1,teacher_none,3
25.091733,1,teacher_none,3
25.191833,1,teacher_none,3
25.258567,1,teacher_none,3
25.358667,1,teacher_none,3
25.4254,1,teacher_none,3
25.5255,1,teacher_none,3
25.592233,1,teacher_none,3
25.692333,1,teacher_none,3
25.759067,1,teacher_none,3
25.859167,1,teacher_none,3
25.9259,1,teacher_none,3
26.026,1,teacher_none,3
26.092733,1,teacher_none,3
26.192833,1,teacher_none,3
26.259567,1,teacher_none,3
26.359667,1,teacher_none,3
26.4264,1,teacher_none,3
26.5265,1,teacher_none,3
26.593233,1,teacher_none,3
26.693333,1,teacher_none,3
26.760067,1,teacher_none,3
26.860167,1,teacher_none,3
26.9269,1,teacher_none,3
27.027,1,teacher_none,3
27.093733,1,teacher_none,3
27.193833,1,teacher_none,3
27.260567,1,teacher_none,3
27.360667,1,teacher_none,3
27.4274,1,teacher_none,3
27.5275,1,teacher_none,3
27.594233,1,teacher_none,3
27.694333,1,teacher_none,3
27.761067,1,teacher_none,3
27.861167,1,teacher_none,3
27.9279,1,teacher_none,3
28.028,1,teacher_none,3
28.094733,1,teacher_none,3
28.194833,1,teacher_none,3
28.261567,1,teacher_none,3
28.361667,1,teacher_none,3
28.4284,1,teacher_none,3
28.5285,1,teacher_none,3
28.595233,1,teacher_none,3
28.695333,1,teacher_none,3
28.762067,1,teacher_none,3
28.862167,1,teacher_none,3
28.9289,1,teacher_none,3
29.029,1,teacher_none,3
29.095733,1,teacher_none,3
29.195833,1,teacher_none,3
29.262567,1,teacher_none,3
29.362667,1,teacher_none,3
29.4294,1,teacher_none,3
29.5295,1,teacher_none,3
29.596233,1,teacher_none,3
29.696333,1,teacher_none,3
29.763067,1,teacher_none,3
29.863167,1,teacher_none,3
29.9299,1,teacher_none,3
30.03,1,teacher_none,3
30.096733,1,teacher_none,3
30.196833,1,teacher_none,3
30.263567,1,teacher_none,3
30.363667,1,teacher_none,3
30.4304,1,teacher_none,3
30.5305,1,teacher_none,3
30.597233,1,teacher_none,3
30.697333,1,teacher_none,3
30.764067,1,teacher_none,3
30.864167,1,teacher_none,3
30.9309,1,teacher_none,3
31.031,1,teacher_none,3
31.097733,1,teacher_none,3
31.197833,1,teacher_none,3
31.264567,1,teacher_none,3
31.364667,1,teacher_none,3
31.4314,1,teacher_none,3
31.5315,1,teacher_none,3
31.598233,1,teacher_none,3
31.698333,1,teacher_none,3
31.765067,1,teacher_none,3
31.865167,1,teacher_none,3
31.9319,1,teacher_none,3
32.032,1,teacher_none,3
32.098733,1,teacher_none,3
32.198833,1,teacher_none,3
32.265567,1,teacher_none,3
32.365667,1,teacher_none,3
32.4324,1,teacher_none,3
32.5325,1,teacher_none,3
32.599233,1,teacher_none,3
32.699333,1,teacher_none,3
32.766067,1,teacher_none,3
32.866167,1,teacher_none,3
32.9329,1,teacher_none,3
33.033,1,teacher_none,3
33.099733,1,teacher_none,3
33.199833,1,teacher_none,3
33.266567,1,teacher_none,3
33.366667,1,teacher_none,3
33.4334,1,teacher_none,3
33.500133,1,teacher_none,3
33.600233,1,teacher_none,3
33.666967,1,teacher_none,3
33.767067,1,teacher_none,3
33.8338,1,teacher_none,3
33.9339,1,teacher_none,3
34.000633,1,teacher_none,3
34.100733,1,teacher_none,3
34.167467,1,teacher_none,3
34.267567,1,teacher_none,3
34.3343,1,teacher_none,3
34.4344,1,teacher_none,3
34.501133,1,teacher_none,3
34.601233,1,teacher_none,3
34.667967,1,teacher_none,3
34.768067,1,teacher_none,3
34.8348,1,teacher_none,3
34.9349,1,teacher_none,3
35.001633,1,teacher_none,3
35.101733,1,teacher_none,3
35.168467,1,teacher_none,3
35.268567,1,teacher_none,3
35.3353,1,teacher_none,3
35.4354,1,teacher_none,3
35.502133,1,teacher_none,3
35.602233,1,teacher_none,3
35.668967,1,teacher_none,3
35.769067,1,teacher_none,3
35.8358,1,teacher_none,3
35.9359,1,teacher_none,3
36.002633,1,teacher_none,3
36.102733,1,teacher_none,3
36.169467,1,teacher_none,3
36.269567,1,teacher_none,3
36.3363,1,teacher_none,3
36.4364,1,teacher_none,3
36.503133,1,teacher_none,3
36.603233,1,teacher_none,3
36.669967,1,teacher_none,3
36.770067,1,teacher_none,3
36.8368,1,teacher_none,3
36.9369,1,teacher_none,3
37.003633,1,teacher_none,3
37.103733,1,teacher_none,3
37.170467,1,teacher_none,3
37.270567,1,teacher_none,3
37.3373,1,teacher_none,3
37.4374,1,teacher_none,3
37.504133,1,teacher_none,3
37.604233,1,teacher_none,3
37.670967,1,teacher_none,3
37.771067,1,teacher_none,3
37.8378,1,teacher_none,3
37.9379,1,teacher_none,3
38.004633,1,teacher_none,3
38.104733,1,teacher_none,3
38.171467,1,teacher_none,3
38.271567,1,teacher_none,3
38.3383,1,teacher_none,3
38.4384,1,teacher_none,3
38.505133,1,teacher_none,3
38.605233,1,teacher_none,3
38.671967,1,teacher_none,3
38.772067,1,teacher_none,3
38.8388,1,teacher_none,3
38.9389,1,teacher_none,3
39.005633,1,teacher_none,3
39.105733,1,teacher_none,3
39.172467,1,teacher_none,3
39.272567,1,teacher_none,3
39.3393,1,teacher_none,3
39.4394,1,teacher_none,3
39.506133,1,teacher_none,3
39.606233,1,teacher_none,3
39.672967,1,teacher_none,3
39.773067,1,teacher_none,3
39.8398,1,teacher_none,3
39.9399,1,teacher_none,3
40.006633,1,teacher_none,3
40.106733,1,teacher_none,3
40.173467,1,teacher_none,3
40.273567,1,teacher_none,3
40.3403,1,teacher_none,3
40.4404,1,teacher_none,3
40.507133,1,teacher_none,3
40.607233,1,teacher_none,3
40.673967,1,teacher_none,3
40.774067,1,teacher_none,3
40.8408,1,teacher_none,3
40.9409,1,teacher_none,3
41.007633,1,teacher_none,3
41.107733,1,teacher_none,3
41.174467,1,teacher_none,3
41.274567,1,teacher_none,3
41.3413,1,teacher_none,3
41.4414,1,teacher_none,3
41.508133,1,teacher_none,3
41.608233,1,teacher_none,3
41.674967,1,teacher_none,3
41.775067,1,teacher_none,3
41.8418,1,teacher_none,3
41.9419,1,teacher_none,3
42.008633,1,teacher_none,3
42.108733,1,teacher_none,3
42.175467,1,teacher_none,3
42.275567,1,teacher_none,3
42.3423,1,teacher_none,3
42.4424,1,teacher_none,3
42.509133,1,teacher_none,3
42.609233,1,teacher_none,3
42.675967,1,teacher_none,3
42.776067,1,teacher_none,3
42.8428,1,teacher_none,3
42.9429,1,teacher_none,3
43.009633,1,teacher_none,3
43.109733,1,teacher_none,3
43.176467,1,teacher_none,3
43.276567,1,teacher_none,3
43.3433,1,teacher_none,3
43.4434,1,teacher_none,3
43.510133,1,teacher_none,3
43.610233,1,teacher_none,3
43.676967,1,teacher_none,3
43.777067,1,teacher_none,3
43.8438,1,teacher_none,3
43.9439,1,teacher_none,3
44.010633,1,teacher_none,3
44.110733,1,teacher_none,3
44.177467,1,teacher_none,3
44.277567,1,teacher_none,3
44.3443,1,teacher_none,3
44.4444,1,teacher_none,3
44.511133,1,teacher_none,3
44.611233,1,teacher_none,3
44.677967,1,teacher_none,3
44.778067,1,teacher_none,3
44.8448,1,teacher_none,3
44.9449,1,teacher_none,3
45.011633,1,teacher_none,3
45.111733,1,teacher_none,3
45.178467,1,teacher_none,3
45.278567,1,teacher_none,3
45.3453,1,teacher_none,3
45.4454,1,teacher_none,3
45.512133,1,teacher_none,3
45.612233,1,teacher_none,3
45.678967,1,teacher_none,3
45.779067,1,teacher_none,3
45.8458,1,teacher_none,3
45.9459,1,teacher_none,3
46.012633,1,teacher_none,3
46.112733,1,teacher_none,3
46.179467,1,teacher_none,3
46.279567,1,teacher_none,3
46.3463,1,teacher_none,3
46.4464,1,teacher_none,3
46.513133,1,teacher_none,3
46.613233,1,teacher_none,3
46.679967,1,teacher_none,3
46.780067,1,teacher_none,3
46.8468,1,teacher_none,3
46.9469,1,teacher_none,3
47.013633,1,teacher_none,3
47.113733,1,teacher_none,3
47.180467,1,teacher_none,3
47.280567,1,teacher_none,3
47.3473,1,teacher_none,3
47.4474,1,teacher_none,3
47.514133,1,teacher_none,3
47.614233,1,teacher_none,3
47.680967,1,teacher_none,3
47.781067,1,teacher_none,3
47.8478,1,teacher_none,3
47.9479,1,teacher_none,3
48.014633,1,teacher_none,3
48.114733,1,teacher_none,3
48.181467,1,teacher_none,3
48.281567,1,teacher_none,3
48.3483,1,teacher_none,3
48.4484,1,teacher_none,3
48.515133,1,teacher_none,3
48.615233,1,teacher_none,3
48.681967,1,teacher_none,3
48.782067,1,teacher_none,3
48.8488,1,teacher_none,3
48.9489,1,teacher_none,3
49.015633,1,teacher_none,3
49.115733,1,teacher_none,3
49.182467,1,teacher_none,3
49.282567,1,teacher_none,3
49.3493,1,teacher_none,3
49.4494,1,teacher_none,3
49.516133,1,teacher_none,3
49.616233,1,teacher_none,3
49.682967,1,teacher_none,3
49.783067,1,teacher_none,3
49.8498,1,teacher_none,3
49.9499,1,teacher_none,3
50.016633,1,teacher_none,3
50.083367,1,teacher_none,3
50.183467,1,teacher_none,3
50.2502,1,teacher_none,3
50.3503,1,teacher_none,3
50.417033,1,teacher_none,3
50.517133,1,teacher_none,3
50.583867,1,teacher_none,3
50.683967,1,teacher_none,3
50.7507,1,teacher_none,3
50.8508,1,teacher_none,3
50.917533,1,teacher_none,3
51.017633,1,teacher_none,3
51.084367,1,teacher_none,3
51.184467,1,teacher_none,3
51.2512,1,teacher_none,3
51.3513,1,teacher_none,3
51.418033,1,teacher_none,3
51.518133,1,teacher_none,3
51.584867,1,teacher_none,3
51.684967,1,teacher_none,3
51.7517,1,teacher_none,3
51.8518,1,teacher_none,3
51.918533,1,teacher_none,3
52.018633,1,teacher_none,3
52.085367,1,teacher_none,3
52.185467,1,teacher_none,3
52.2522,1,teacher_none,3
52.3523,1,teacher_none,3
52.419033,1,teacher_none,3
52.519133,1,teacher_none,3
52.585867,1,teacher_none,3
52.685967,1,teacher_none,3
52.7527,1,teacher_none,3
52.8528,1,teacher_none,3
52.919533,1,teacher_none,3
53.019633,1,teacher_none,3
53.086367,1,teacher_none,3
53.186467,1,teacher_none,3
53.2532,1,teacher_none,3
53.3533,1,teacher_none,3
53.420033,1,teacher_none,3
53.520133,1,teacher_none,3
53.586867,1,teacher_none,3
53.686967,1,teacher_none,3
53.7537,1,teacher_none,3
53.8538,1,teacher_none,3
53.920533,1,teacher_none,3
54.020633,1,teacher_none,3
54.087367,1,teacher_none,3
54.187467,1,teacher_none,3
54.2542,1,teacher_none,3
54.3543,1,teacher_none,3
54.421033,1,teacher_none,3
54.521133,1,teacher_none,3
54.587867,1,teacher_none,3
54.687967,1,teacher_none,3
54.7547,1,teacher_none,3
54.8548,1,teacher_none,3
54.921533,1,teacher_none,3
55.021633,1,teacher_none,3
55.088367,1,teacher_none,3
55.188467,1,teacher_none,3
55.2552,1,teacher_none,3
55.3553,1,teacher_none,3
55.422033,1,teacher_none,3
55.522133,1,teacher_none,3
55.588867,1,teacher_none,3
55.688967,1,teacher_none,3
55.7557,1,teacher_none,3
55.8558,1,teacher_none,3
55.922533,1,teacher_none,3
56.022633,1,teacher_none,3
56.089367,1,teacher_none,3
56.189467,1,teacher_none,3
56.2562,1,teacher_none,3
56.3563,1,teacher_none,3
56.423033,1,teacher_none,3
56.523133,1,teacher_none,3
56.589867,1,teacher_none,3
56.689967,1,teacher_none,3
56.7567,1,teacher_none,3
56.8568,1,teacher_none,3
56.923533,1,teacher_none,3
57.023633,1,teacher_none,3
57.090367,1,teacher_none,3
57.190467,1,teacher_none,3
57.2572,1,teacher_none,3
57.3573,1,teacher_none,3
57.424033,1,teacher_none,3
57.524133,1,teacher_none,3
57.590867,1,teacher_none,3
57.690967,1,teacher_none,3
57.7577,1,teacher_none,3
57.8578,1,teacher_none,3
57.924533,1,teacher_none,3
58.024633,1,teacher_none,3
58.091367,1,teacher_none,3
58.191467,1,teacher_none,3
58.2582,1,teacher_none,3
58.3583,1,teacher_none,3
58.425033,1,teacher_none,3
58.525133,1,teacher_none,3
58.591867,1,teacher_none,3
58.691967,1,teacher_none,3
58.7587,1,teacher_none,3
58.8588,1,teacher_none,3
58.925533,1,teacher_none,3
59.025633,1,teacher_none,3
59.092367,1,teacher_none,3
59.192467,1,teacher_none,3
59.2592,1,teacher_none,3
59.3593,1,teacher_none,3
59.426033,1,teacher_none,3
59.526133,1,teacher_none,3
59.592867,1,teacher_none,3
59.692967,1,teacher_none,3
59.7597,1,teacher_none,3
59.8598,1,teacher_none,3
59.926533,1,teacher_none,3
60.026633,1,teacher_none,3
60.093367,1,teacher_none,3
60.193467,1,teacher_none,3
60.2602,1,teacher_none,3
60.3603,1,teacher_none,3
60.427033,1,teacher_none,3
60.527133,1,teacher_none,3
60.593867,1,teacher_none,3
60.693967,1,teacher_none,3
60.7607,1,teacher_none,3
60.8608,1,teacher_none,3
60.927533,1,teacher_none,3
61.027633,1,teacher_none,3
61.094367,1,teacher_none,3
61.194467,1,teacher_none,3
61.2612,1,teacher_none,3
61.3613,1,teacher_none,3
61.428033,1,teacher_none,3
61.528133,1,teacher_none,3
61.594867,1,teacher_none,3
61.694967,1,teacher_none,3
61.7617,1,teacher_none,3
61.8618,1,teacher_none,3
61.928533,1,teacher_none,3
62.028633,1,teacher_none,3
62.095367,1,teacher_none,3
62.195467,1,teacher_none,3
62.2622,1,teacher_none,3
62.3623,1,teacher_none,3
62.429033,1,teacher_none,3
62.529133,1,teacher_none,3
62.595867,1,teacher_none,3
62.695967,1,teacher_none,3
62.7627,1,teacher_none,3
62.8628,1,teacher_none,3
62.929533,1,teacher_none,3
63.029633,1,teacher_none,3
63.096367,1,teacher_none,3
63.196467,1,teacher_none,3
63.2632,1,teacher_none,3
63.3633,1,teacher_none,3
63.430033,1,teacher_none,3
63.530133,1,teacher_none,3
63.596867,1,teacher_none,3
63.696967,1,teacher_none,3
63.7637,1,teacher_none,3
63.8638,1,teacher_none,3
63.930533,1,teacher_none,3
64.030633,1,teacher_none,3
64.097367,1,teacher_none,3
64.197467,1,teacher_none,3
64.2642,1,teacher_none,3
64.3643,1,teacher_none,3
64.431033,1,teacher_none,3
64.531133,1,teacher_none,3
64.597867,1,teacher_none,3
64.697967,1,teacher_none,3
64.7647,1,teacher_none,3
64.8648,1,teacher_none,3
64.931533,1,teacher_none,3
65.031633,1,teacher_none,3
65.098367,1,teacher_none,3
65.198467,1,teacher_none,3
65.2652,1,teacher_none,3
65.3653,1,teacher_none,3
65.432033,1,teacher_none,3
65.532133,1,teacher_none,3
65.598867,1,teacher_none,3
65.698967,1,teacher_none,3
65.7657,1,teacher_none,3
65.8658,1,teacher_none,3
65.932533,1,teacher_none,3
66.032633,1,teacher_none,3
66.099367,1,teacher_none,3
66.199467,1,teacher_none,3
66.2662,1,teacher_none,3
66.3663,1,teacher_none,3
66.433033,1,teacher_none,3
66.533133,1,teacher_none,3
66.599867,1,teacher_none,3
66.699967,1,teacher_none,3
66.7667,1,teacher_none,3
66.833433,1,teacher_none,3
66.933533,1,teacher_none,3
67.000267,1,teacher_none,3
67.100367,1,teacher_none,3
67.1671,1,teacher_none,3
67.2672,1,teacher_none,3
67.333933,1,teacher_none,3
67.434033,1,teacher_none,3
67.500767,1,teacher_none,3
67.600867,1,teacher_none,3
67.6676,1,teacher_none,3
67.7677,1,teacher_none,3
67.834433,1,teacher_none,3
67.934533,1,teacher_none,3
68.001267,1,teacher_none,3
68.101367,1,teacher_none,3
68.1681,1,teacher_none,3
68.2682,1,teacher_none,3
68.334933,1,teacher_none,3
68.435033,1,teacher_none,3
68.501767,1,teacher_none,3
68.601867,1,teacher_none,3
68.6686,1,teacher_none,3
68.7687,1,teacher_none,3
68.835433,1,teacher_none,3
68.935533,1,teacher_none,3
69.002267,1,teacher_none,3
69.102367,1,teacher_none,3
69.1691,1,teacher_none,3
69.2692,1,teacher_none,3
69.335933,1,teacher_none,3
69.436033,1,teacher_none,3
69.502767,1,teacher_none,3
69.602867,1,teacher_none,3
69.6696,1,teacher_none,3
69.7697,1,teacher_none,3
69.836433,1,teacher_none,3
69.936533,1,teacher_none,3
70.003267,1,teacher_none,3
70.103367,1,teacher_none,3
70.1701,1,teacher_none,3
70.2702,1,teacher_none,3
70.336933,1,teacher_none,3
70.437033,1,teacher_none,3
70.503767,1,teacher_none,3
70.603867,1,teacher_none,3
70.6706,1,teacher_none,3
70.7707,1,teacher_none,3
70.837433,1,teacher_none,3
70.937533,1,teacher_none,3
71.004267,1,teacher_none,3
71.104367,1,teacher_none,3
71.1711,1,teacher_none,3
71.2712,1,teacher_none,3
71.337933,1,teacher_none,3
71.438033,1,teacher_none,3
71.504767,1,teacher_none,3
71.604867,1,teacher_none,3
71.6716,1,teacher_none,3
71.7717,1,teacher_none,3
71.838433,1,teacher_none,3
71.938533,1,teacher_none,3
72.005267,1,teacher_none,3
72.105367,1,teacher_none,3
72.1721,1,teacher_none,3
72.2722,1,teacher_none,3
72.338933,1,teacher_none,3
72.439033,1,teacher_none,3
72.505767,1,teacher_none,3
72.605867,1,teacher_none,3
72.6726,1,teacher_none,3
72.7727,1,teacher_none,3
72.839433,1,teacher_none,3
72.939533,1,teacher_none,3
73.006267,1,teacher_none,3
73.106367,1,teacher_none,3
73.1731,1,teacher_none,3
73.2732,1,teacher_none,3
73.339933,1,teacher_none,3
73.440033,1,teacher_none,3
73.506767,1,teacher_none,3
73.606867,1,teacher_none,3
73.6736,1,teacher_none,3
73.7737,1,teacher_none,3
73.840433,1,teacher_none,3
73.940533,1,teacher_none,3
74.007267,1,teacher_none,3
74.107367,1,teacher_none,3
74.1741,1,teacher_none,3
74.2742,1,teacher_none,3
74.340933,1,teacher_none,3
74.441033,1,teacher_none,3
74.507767,1,teacher_none,3
74.607867,1,teacher_none,3
74.6746,1,teacher_none,3
74.7747,1,teacher_none,3
74.841433,1,teacher_none,3
74.941533,1,teacher_none,3
75.008267,1,teacher_none,3
75.108367,1,teacher_none,3
75.1751,1,teacher_none,3
75.2752,1,teacher_none,3
75.341933,1,teacher_none,3
75.442033,0,student_video_green,-1
75.508767,0,student_video_green,-1
75.608867,0,student_video_green,-1
75.6756,0,student_video_green,-1
75.7757,0,student_video_green,-1
75.842433,0,student_video_green,-1
75.942533,0,student_video_green,-1
76.009267,0,student_video_green,-1
76.109367,0,student_video_green,-1
76.1761,0,student_video_green,-1
76.2762,0,student_video_green,-1
76.342933,0,student_video_green,-1
76.443033,0,student_video_green,-1
76.509767,0,student_video_green,-1
76.609867,0,student_video_green,-1
76.6766,0,student_video_green,-1
76.7767,0,student_video_green,-1
76.843433,0,student_video_green,-1
76.943533,0,student_video_green,-1
77.010267,0,student_video_green,-1
77.110367,0,student_video_green,-1
77.1771,0,student_video_green,-1
77.2772,0,student_video_green,-1
77.343933,0,student_video_green,-1
77.444033,0,student_video_green,-1
77.510767,0,student_video_green,-1
77.610867,0,student_video_green,-1
77.6776,0,student_video_green,-1
77.7777,0,student_video_green,-1
77.844433,0,student_video_green,-1
77.944533,0,student_video_green,-1
78.011267,0,student_video_green,-1
78.111367,0,student_video_green,-1
78.1781,1,teacher_none,3
78.2782,1,teacher_none,3
78.344933,1,teacher_none,3
78.445033,1,teacher_none,3
78.511767,1,teacher_none,3
78.611867,1,teacher_none,3
78.6786,1,teacher_none,3
78.7787,1,teacher_none,3
78.845433,1,teacher_none,3
78.945533,1,teacher_none,3
79.012267,1,teacher_none,3
79.112367,1,teacher_none,3
79.1791,1,teacher_none,3
79.2792,1,teacher_none,3
79.345933,1,teacher_none,3
79.446033,1,teacher_none,3
79.512767,1,teacher_none,3
79.612867,1,teacher_none,3
79.6796,1,teacher_none,3
79.7797,1,teacher_none,3
79.846433,1,teacher_none,3
79.946533,1,teacher_none,3
80.013267,1,teacher_none,3
80.113367,1,teacher_none,3
80.1801,1,teacher_none,3
80.2802,1,teacher_none,3
80.346933,1,teacher_none,3
80.447033,1,teacher_none,3
80.513767,1,teacher_none,3
80.613867,1,teacher_none,3
80.6806,1,teacher_none,3
80.7807,1,teacher_none,3
80.847433,1,teacher_none,3
80.947533,1,teacher_none,3
81.014267,1,teacher_none,3
81.114367,1,teacher_none,3
81.1811,1,teacher_none,3
81.2812,1,teacher_none,3
81.347933,1,teacher_none,3
81.448033,1,teacher_none,3
81.514767,1,teacher_none,3
81.614867,1,teacher_none,3
81.6816,1,teacher_none,3
81.7817,1,teacher_none,3
81.848433,1,teacher_none,3
81.948533,1,teacher_none,3
82.015267,1,teacher_none,3
82.115367,1,teacher_none,3
82.1821,1,teacher_none,3
82.2822,1,teacher_none,3
82.348933,1,teacher_none,3
82.449033,1,teacher_none,3
82.515767,1,teacher_none,3
82.615867,1,teacher_none,3
82.6826,1,teacher_none,3
82.7827,1,teacher_none,3
82.849433,1,teacher_none,3
82.949533,1,teacher_none,3
83.016267,1,teacher_none,3
83.116367,1,teacher_none,3
83.1831,1,teacher_none,3
83.2832,1,teacher_none,3
83.349933,1,teacher_none,3
83.416667,1,teacher_none,3
83.516767,1,teacher_none,3
83.5835,1,teacher_none,3
83.6836,1,teacher_none,3
83.750333,1,teacher_none,3
83.850433,1,teacher_none,3
83.917167,1,teacher_none,3
84.017267,1,teacher_none,3
84.084,1,teacher_none,3
84.1841,1,teacher_none,3
84.250833,1,teacher_none,3
84.350933,1,teacher_none,3
84.417667,1,teacher_none,3
84.517767,1,teacher_none,3
84.5845,1,teacher_none,3
84.6846,1,teacher_none,3
84.751333,1,teacher_none,3
84.851433,1,teacher_none,3
84.918167,1,teacher_none,3
85.018267,1,teacher_none,3
85.085,1,teacher_none,3
85.1851,1,teacher_none,3
85.251833,1,teacher_none,3
85.351933,1,teacher_none,3
85.418667,1,teacher_none,3
85.518767,1,teacher_none,3
85.5855,1,teacher_none,3
85.6856,1,teacher_none,3
85.752333,1,teacher_none,3
85.852433,1,teacher_none,3
85.919167,1,teacher_none,3
86.019267,1,teacher_none,3
86.086,1,teacher_none,3
86.1861,1,teacher_none,3
86.252833,1,teacher_none,3
86.352933,1,teacher_none,3
86.419667,1,teacher_none,3
86.519767,1,teacher_none,3
86.5865,1,teacher_none,3
86.6866,1,teacher_none,3
86.753333,1,teacher_none,3
86.853433,1,teacher_none,3
86.920167,1,teacher_none,3
87.020267,1,teacher_none,3
87.087,1,teacher_none,3
87.1871,1,teacher_none,3
87.253833,1,teacher_none,3
87.353933,1,teacher_none,3
87.420667,1,teacher_none,3
87.520767,1,teacher_none,3
87.5875,1,teacher_none,3
87.6876,1,teacher_none,3
87.754333,1,teacher_none,3
87.854433,1,teacher_none,3
87.921167,1,teacher_none,3
88.021267,1,teacher_none,3
88.088,1,teacher_none,3
88.1881,1,teacher_none,3
88.254833,1,teacher_none,3
88.354933,1,teacher_none,3
88.421667,1,teacher_none,3
88.521767,1,teacher_none,3
88.5885,1,teacher_none,3
88.6886,1,teacher_none,3
88.755333,1,teacher_none,1
88.855433,1,teacher_none,1
88.922167,1,teacher_none,1
89.022267,1,teacher_none,1
89.089,0,student_video_green,-1
89.1891,0,student_video_green,-1
89.255833,0,student_video_green,-1
89.355933,0,student_video_green,-1
89.422667,0,student_video_green,-1
89.522767,0,student_video_green,-1
89.5895,0,student_video_green,-1
89.6896,0,student_video_green,-1
89.756333,0,student_video_green,-1
89.856433,0,student_video_green,-1
89.923167,0,student_video_green,-1
90.023267,0,student_video_green,-1
90.09,0,student_video_green,-1
90.1901,0,student_video_green,-1
90.256833,0,student_video_green,-1
90.356933,0,student_video_green,-1
90.423667,0,student_video_green,-1
90.523767,0,student_video_green,-1
90.5905,0,student_video_green,-1
90.6906,0,student_video_green,-1
90.757333,0,student_video_green,-1
90.857433,0,student_video_green,-1
90.924167,0,student_video_green,-1
91.024267,0,student_video_green,-1
91.091,0,student_video_green,-1
91.1911,0,student_video_green,-1
91.257833,0,student_video_green,-1
91.357933,0,student_video_green,-1
91.424667,0,student_video_green,-1
91.524767,0,student_video_green,-1
91.5915,0,student_video_green,-1
91.6916,0,student_video_green,-1
91.758333,0,student_video_green,-1
91.858433,0,student_video_green,-1
91.925167,0,student_video_green,-1
92.025267,0,student_video_green,-1
92.092,0,student_video_green,-1
92.1921,0,student_video_green,-1
92.258833,0,student_video_green,-1
92.358933,0,student_video_green,-1
92.425667,0,student_video_green,-1
92.525767,0,student_video_green,-1
92.5925,0,student_video_green,-1
92.6926,0,student_video_green,-1
92.759333,0,student_video_green,-1
92.859433,0,student_video_green,-1
92.926167,0,student_video_green,-1
93.026267,0,student_video_green,-1
93.093,0,student_video_green,-1
93.1931,0,student_video_green,-1
93.259833,0,student_video_green,-1
93.359933,0,student_video_green,-1
93.426667,0,student_video_green,-1
93.526767,0,student_video_green,-1
93.5935,0,student_video_green,-1
93.6936,0,student_video_green,-1
93.760333,0,student_video_green,-1
93.860433,0,student_video_green,-1
93.927167,0,student_video_green,-1
94.027267,0,student_video_green,-1
94.094,0,student_video_green,-1
94.1941,0,student_video_green,-1
94.260833,0,student_video_green,-1
94.360933,0,student_video_green,-1
94.427667,0,student_video_green,-1
94.527767,0,student_video_green,-1
94.5945,0,student_video_green,-1
94.6946,0,student_video_green,-1
94.761333,0,student_video_green,-1
94.861433,0,student_video_green,-1
94.928167,0,student_video_green,-1
95.028267,0,student_video_green,-1
95.095,0,student_video_green,-1
95.1951,0,student_video_green,-1
95.261833,0,student_video_green,-1
95.361933,0,student_video_green,-1
95.428667,0,student_video_green,-1
95.528767,0,student_video_green,-1
95.5955,0,student_video_green,-1
95.6956,0,student_video_green,-1
95.762333,0,student_video_green,-1
95.862433,0,student_video_green,-1
95.929167,0,student_video_green,-1
96.029267,0,student_video_green,-1
96.096,0,student_video_green,-1
96.1961,0,student_video_green,-1
96.262833,0,student_video_green,-1
96.362933,0,student_video_green,-1
96.429667,0,student_video_green,-1
96.529767,0,student_video_green,-1
96.5965,0,student_video_green,-1
96.6966,0,student_video_green,-1
96.763333,0,student_video_green,-1
96.863433,0,student_video_green,-1
96.930167,0,student_video_green,-1
97.030267,0,student_video_green,-1
97.097,0,student_video_green,-1
97.1971,0,student_video_green,-1
97.263833,0,student_video_green,-1
97.363933,0,student_video_green,-1
97.430667,0,student_video_green,-1
97.530767,0,student_video_green,-1
97.5975,0,student_video_green,-1
97.6976,0,student_video_green,-1
97.764333,0,student_video_green,-1
97.864433,0,student_video_green,-1
97.931167,0,student_video_green,-1
98.031267,0,student_video_green,-1
98.098,0,student_video_green,-1
98.1981,0,student_video_green,-1
98.264833,0,student_video_green,-1
98.364933,0,student_video_green,-1
98.431667,0,student_video_green,-1
98.531767,0,student_video_green,-1
98.5985,0,student_video_green,-1
98.6986,0,student_video_green,-1
98.765333,0,student_video_green,-1
98.865433,0,student_video_green,-1
98.932167,0,student_video_green,-1
99.032267,0,student_video_green,-1
99.099,0,student_video_green,-1
99.1991,0,student_video_green,-1
99.265833,0,student_video_green,-1
99.365933,0,student_video_green,-1
99.432667,0,student_video_green,-1
99.532767,0,student_video_green,-1
99.5995,0,student_video_green,-1
99.6996,0,student_video_green,-1
99.766333,0,student_video_green,-1
99.866433,0,student_video_green,-1
99.933167,0,student_video_green,-1
100.033267,0,student_video_green,-1
100.1,0,student_video_green,-1
100.166733,0,student_video_green,-1
100.266833,0,student_video_green,-1
100.333567,0,student_video_green,-1
100.433667,0,student_video_green,-1
100.5004,0,student_video_green,-1
100.6005,0,student_video_green,-1
100.667233,0,student_video_green,-1
100.767333,0,student_video_green,-1
100.834067,0,student_video_green,-1
100.934167,0,student_video_green,-1
101.0009,0,student_video_green,-1
101.101,0,student_video_green,-1
101.167733,0,student_video_green,-1
101.267833,0,student_video_green,-1
101.334567,0,student_video_green,-1
101.434667,0,student_video_green,-1
101.5014,0,student_video_green,-1
101.6015,0,student_video_green,-1
101.668233,0,student_video_green,-1
101.768333,0,student_video_green,-1
101.835067,0,student_video_green,-1
101.935167,0,student_video_green,-1
102.0019,0,student_video_green,-1
102.102,0,student_video_green,-1
102.168733,0,student_video_green,-1
102.268833,0,student_video_green,-1
102.335567,0,student_video_green,-1
102.435667,1,teacher_none,1
102.5024,1,teacher_none,1
102.6025,1,teacher_none,1
102.669233,1,teacher_none,1
102.769333,1,teacher_none,1
102.836067,1,teacher_none,1
102.936167,1,teacher_none,1
103.0029,1,teacher_none,1
103.103,1,teacher_none,1
103.169733,1,teacher_none,1
103.269833,1,teacher_none,1
103.336567,1,teacher_none,1
103.436667,1,teacher_none,1
103.5034,1,teacher_none,1
103.6035,1,teacher_none,1
103.670233,1,teacher_none,1
103.770333,1,teacher_none,1
103.837067,1,teacher_none,1
103.937167,1,teacher_none,1
104.0039,1,teacher_none,1
104.104,1,teacher_none,1
104.170733,1,teacher_none,1
104.270833,1,teacher_none,1
104.337567,1,teacher_none,1
104.437667,1,teacher_none,1
104.5044,1,teacher_none,1
104.6045,1,teacher_none,1
104.671233,1,teacher_none,1
104.771333,1,teacher_none,1
104.838067,1,teacher_none,1
104.938167,1,teacher_none,1
105.0049,1,teacher_none,1
105.105,1,teacher_none,1
105.171733,1,teacher_none,1
105.271833,1,teacher_none,1
105.338567,1,teacher_none,1
105.438667,1,teacher_none,1
105.5054,1,teacher_none,1
105.6055,1,teacher_none,1
105.672233,1,teacher_none,1
105.772333,1,teacher_none,1
105.839067,1,teacher_none,1
105.939167,1,teacher_none,1
106.0059,1,teacher_none,1
106.106,1,teacher_none,1
106.172733,1,teacher_none,1
106.272833,1,teacher_none,3
106.339567,1,teacher_none,3
106.439667,1,teacher_none,3
106.5064,1,teacher_none,3
106.6065,1,teacher_none,3
106.673233,1,teacher_none,3
106.773333,1,teacher_none,3
106.840067,1,teacher_none,3
106.940167,1,teacher_none,3
107.0069,1,teacher_none,3
107.107,1,teacher_none,3
107.173733,1,teacher_none,3
107.273833,1,teacher_none,3
107.340567,1,teacher_none,3
107.440667,1,teacher_none,3
107.5074,1,teacher_none,3
107.6075,1,teacher_none,3
107.674233,1,teacher_none,3
107.774333,1,teacher_none,3
107.841067,1,teacher_none,3
107.941167,1,teacher_none,3
108.0079,1,teacher_none,3
108.108,1,teacher_none,3
108.174733,1,teacher_none,3
108.274833,1,teacher_none,3
108.341567,1,teacher_none,3
108.441667,1,teacher_none,3
108.5084,1,teacher_none,3
108.6085,1,teacher_none,3
108.675233,1,teacher_none,3
108.775333,1,teacher_none,3
108.842067,1,teacher_none,3
108.942167,1,teacher_none,3
109.0089,1,teacher_none,3
109.109,1,teacher_none,3
109.175733,1,teacher_none,3
109.275833,1,teacher_none,3
109.342567,1,teacher_none,3
109.442667,1,teacher_none,3
109.5094,1,teacher_none,3
109.6095,1,teacher_none,3
109.676233,1,teacher_none,3
109.776333,1,teacher_none,3
109.843067,1,teacher_none,3
109.943167,1,teacher_none,3
110.0099,1,teacher_none,3
110.11,1,teacher_none,3
110.176733,1,teacher_none,3
110.276833,1,teacher_none,3
110.343567,1,teacher_none,3
110.443667,1,teacher_none,3
110.5104,1,teacher_none,3
110.6105,1,teacher_none,3
110.677233,1,teacher_none,3
110.777333,1,teacher_none,3
110.844067,1,teacher_none,3
110.944167,1,teacher_none,3
111.0109,1,teacher_none,3
111.111,1,teacher_none,3
111.177733,1,teacher_none,3
111.277833,1,teacher_none,3
111.344567,1,teacher_none,3
111.444667,1,teacher_none,3
111.5114,1,teacher_none,3
111.6115,1,teacher_none,3
111.678233,1,teacher_none,3
111.778333,1,teacher_none,3
111.845067,1,teacher_none,3
111.945167,1,teacher_none,3
112.0119,1,teacher_none,3
112.112,1,teacher_none,3
112.178733,1,teacher_none,3
112.278833,1,teacher_none,3
112.345567,1,teacher_none,3
112.445667,1,teacher_none,3
112.5124,1,teacher_none,3
112.6125,1,teacher_none,3
112.679233,1,teacher_none,3
112.779333,1,teacher_none,3
112.846067,1,teacher_none,3
112.946167,1,teacher_none,3
113.0129,1,teacher_none,3
113.113,1,teacher_none,3
113.179733,1,teacher_none,3
113.279833,1,teacher_none,3
113.346567,1,teacher_none,3
113.446667,1,teacher_none,3
113.5134,1,teacher_none,3
113.6135,1,teacher_none,3
113.680233,1,teacher_none,3
113.780333,1,teacher_none,3
113.847067,1,teacher_none,3
113.947167,1,teacher_none,3
114.0139,1,teacher_none,3
114.114,1,teacher_none,3
114.180733,1,teacher_none,3
114.280833,1,teacher_none,3
114.347567,1,teacher_none,3
114.447667,1,teacher_none,3
114.5144,1,teacher_none,3
114.6145,1,teacher_none,3
114.681233,1,teacher_none,3
114.781333,1,teacher_none,3
114.848067,1,teacher_none,3
114.948167,1,teacher_none,3
115.0149,1,teacher_none,3
115.115,1,teacher_none,3
115.181733,1,teacher_none,3
115.281833,1,teacher_none,3
115.348567,1,teacher_none,3
115.448667,1,teacher_none,3
115.5154,1,teacher_none,3
115.6155,1,teacher_none,3
115.682233,1,teacher_none,3
115.782333,1,teacher_none,3
115.849067,1,teacher_none,3
115.949167,1,teacher_none,3
116.0159,1,teacher_none,3
116.116,1,teacher_none,3
116.182733,1,teacher_none,3
116.282833,1,teacher_none,3
116.349567,1,teacher_none,3
116.449667,1,teacher_none,3
116.5164,1,teacher_none,3
116.6165,1,teacher_none,3
116.683233,1,teacher_none,3
116.783333,1,teacher_none,3
116.850067,1,teacher_none,3
116.9168,1,teacher_none,3
117.0169,1,teacher_none,3
117.083633,1,teacher_none,3
117.183733,1,teacher_none,3
117.250467,1,teacher_none,3
117.350567,1,teacher_none,3
117.4173,1,teacher_none,3
117.5174,1,teacher_none,3
117.584133,1,teacher_none,3
117.684233,1,teacher_none,3
117.750967,1,teacher_none,3
117.851067,1,teacher_none,3
117.9178,1,teacher_none,3
118.0179,1,teacher_none,3
118.084633,1,teacher_none,3
118.184733,1,teacher_none,3
118.251467,1,teacher_none,3
118.351567,1,teacher_none,3
118.4183,1,teacher_none,3
118.5184,1,teacher_none,3
118.585133,1,teacher_none,3
118.685233,1,teacher_none,3
118.751967,1,teacher_none,3
118.852067,1,teacher_none,3
118.9188,1,teacher_none,3
119.0189,1,teacher_none,3
119.085633,1,teacher_none,3
119.185733,1,teacher_none,3
119.252467,1,teacher_none,3
119.352567,1,teacher_none,3
119.4193,1,teacher_none,3
119.5194,1,teacher_none,3
119.586133,1,teacher_none,3
119.686233,1,teacher_none,3
119.752967,1,teacher_none,3
119.853067,1,teacher_none,3
119.9198,1,teacher_none,3
120.0199,1,teacher_none,3
120.086633,1,teacher_none,3
120.186733,1,teacher_none,3
120.253467,1,teacher_none,3
120.353567,1,teacher_none,3
120.4203,1,teacher_none,3
120.5204,1,teacher_none,3
120.587133,1,teacher_none,3
120.687233,1,teacher_none,3
120.753967,1,teacher_none,3
120.854067,1,teacher_none,3
120.9208,1,teacher_none,3
121.0209,1,teacher_none,3
121.087633,1,teacher_none,3
121.187733,1,teacher_none,3
121.254467,1,teacher_none,3
121.354567,1,teacher_none,3
121.4213,1,teacher_none,3
121.5214,1,teacher_none,3
121.588133,1,teacher_none,3
121.688233,1,teacher_none,3
121.754967,1,teacher_none,3
121.855067,1,teacher_none,3
121.9218,1,teacher_none,3
122.0219,1,teacher_none,3
122.088633,1,teacher_none,3
122.188733,1,teacher_none,3
122.255467,1,teacher_none,3
122.355567,1,teacher_none,3
122.4223,1,teacher_none,3
122.5224,1,teacher_none,3
122.589133,1,teacher_none,3
122.689233,1,teacher_none,3
122.755967,1,teacher_none,3
122.856067,1,teacher_none,3
122.9228,1,teacher_none,3
123.0229,1,teacher_none,3
123.089633,1,teacher_none,3
123.189733,1,teacher_none,3
123.256467,1,teacher_none,3
123.356567,1,teacher_none,3
123.4233,1,teacher_none,3
123.5234,1,teacher_none,3
123.590133,1,teacher_none,3
123.690233,1,teacher_none,3
123.756967,1,teacher_none,3
123.857067,1,teacher_none,3
123.9238,1,teacher_none,3
124.0239,1,teacher_none,3
124.090633,1,teacher_none,3
124.190733,1,teacher_none,3
124.257467,1,teacher_none,3
124.357567,1,teacher_none,3
124.4243,1,teacher_none,3
124.5244,1,teacher_none,3
124.591133,1,teacher_none,3
124.691233,1,teacher_none,3
124.757967,1,teacher_none,3
124.858067,1,teacher_none,3
124.9248,1,teacher_none,3
125.0249,1,teacher_none,3
125.091633,1,teacher_none,3
125.191733,1,teacher_none,3
125.258467,1,teacher_none,3
125.358567,1,teacher_none,3
125.4253,1,teacher_none,3
125.5254,1,teacher_none,3
125.592133,1,teacher_none,3
125.692233,1,teacher_none,3
125.758967,1,teacher_none,3
125.859067,1,teacher_none,3
125.9258,1,teacher_none,3
126.0259,1,teacher_none,3
126.092633,1,teacher_none,3
126.192733,1,teacher_none,3
126.259467,1,teacher_none,3
126.359567,1,teacher_none,3
126.4263,1,teacher_none,3
126.5264,1,teacher_none,3
126.593133,1,teacher_none,3
126.693233,1,teacher_none,3
126.759967,1,teacher_none,3
126.860067,1,teacher_none,3
126.9268,1,teacher_none,3
127.0269,1,teacher_none,3
127.093633,1,teacher_none,3
127.193733,1,teacher_none,3
127.260467,1,teacher_none,3
127.360567,1,teacher_none,3
127.4273,1,teacher_none,3
127.5274,1,teacher_none,3
127.594133,1,teacher_none,3
127.694233,1,teacher_none,3
127.760967,1,teacher_none,3
127.861067,1,teacher_none,3
127.9278,1,teacher_none,3
128.0279,1,teacher_none,3
128.094633,1,teacher_none,3
128.194733,1,teacher_none,3
128.261467,1,teacher_none,3
128.361567,1,teacher_none,3
128.4283,1,teacher_none,3
128.5284,1,teacher_none,3
128.595133,1,teacher_none,3
128.695233,1,teacher_none,3
128.761967,1,teacher_none,3
128.862067,1,teacher_none,3
128.9288,1,teacher_none,3
129.0289,1,teacher_none,3
129.095633,1,teacher_none,3
129.195733,1,teacher_none,3
129.262467,1,teacher_none,3
129.362567,1,teacher_none,3
129.4293,1,teacher_none,3
129.5294,1,teacher_none,3
129.596133,1,teacher_none,3
129.696233,1,teacher_none,3
129.762967,1,teacher_none,3
129.863067,1,teacher_none,3
129.9298,1,teacher_none,3
130.0299,1,teacher_none,3
130.096633,1,teacher_none,3
130.196733,1,teacher_none,3
130.263467,1,teacher_none,3
130.363567,1,teacher_none,3
130.4303,1,teacher_none,3
130.5304,1,teacher_none,3
130.597133,1,teacher_none,3
130.697233,1,teacher_none,3
130.763967,1,teacher_none,3
130.864067,1,teacher_none,3
130.9308,1,teacher_none,3
131.0309,1,teacher_none,3
131.097633,1,teacher_none,3
131.197733,1,teacher_none,3
131.264467,1,teacher_none,3
131.364567,1,teacher_none,3
131.4313,1,teacher_none,3
131.5314,1,teacher_none,3
131.598133,1,teacher_none,3
131.698233,1,teacher_none,3
131.764967,1,teacher_none,3
131.865067,1,teacher_none,3
131.9318,1,teacher_none,3
132.0319,1,teacher_none,3
132.098633,1,teacher_none,3
132.198733,1,teacher_none,3
132.265467,1,teacher_none,3
132.365567,1,teacher_none,3
132.4323,1,teacher_none,3
132.5324,1,teacher_none,3
132.599133,1,teacher_none,3
132.699233,1,teacher_none,3
132.765967,1,teacher_none,3
132.866067,1,teacher_none,3
132.9328,1,teacher_none,3
133.0329,1,teacher_none,3
133.099633,1,teacher_none,3
133.199733,1,teacher_none,3
133.266467,1,teacher_none,3
133.366567,1,teacher_none,3
133.4333,1,teacher_none,3
133.500033,1,teacher_none,3
133.600133,1,teacher_none,3
133.666867,1,teacher_none,3
133.766967,1,teacher_none,3
133.8337,1,teacher_none,3
133.9338,1,teacher_none,3
134.000533,1,teacher_none,3
134.100633,1,teacher_none,3
134.167367,1,teacher_none,3
134.267467,1,teacher_none,3
134.3342,1,teacher_none,3
134.4343,1,teacher_none,3
134.501033,1,teacher_none,3
134.601133,1,teacher_none,3
134.667867,1,teacher_none,3
134.767967,1,teacher_none,3
134.8347,1,teacher_none,3
134.9348,1,teacher_none,3
135.001533,1,teacher_none,3
135.101633,1,teacher_none,3
135.168367,1,teacher_none,3
135.268467,1,teacher_none,3
135.3352,1,teacher_none,3
135.4353,1,teacher_none,3
135.502033,1,teacher_none,3
135.602133,1,teacher_none,3
135.668867,1,teacher_none,3
135.768967,1,teacher_none,3
135.8357,1,teacher_none,3
135.9358,1,teacher_none,3
136.002533,1,teacher_none,3
136.102633,1,teacher_none,3
136.169367,1,teacher_none,3
136.269467,1,teacher_none,3
136.3362,1,teacher_none,3
136.4363,1,teacher_none,3
136.503033,1,teacher_none,3
136.603133,1,teacher_none,3
136.669867,1,teacher_none,3
136.769967,1,teacher_none,3
136.8367,1,teacher_none,3
136.9368,1,teacher_none,3
137.003533,1,teacher_none,3
137.103633,1,teacher_none,3
137.170367,1,teacher_none,3
137.270467,1,teacher_none,3
137.3372,1,teacher_none,3
137.4373,1,teacher_none,3
137.504033,1,teacher_none,3
137.604133,1,teacher_none,3
137.670867,1,teacher_none,3
137.770967,1,teacher_none,3
137.8377,1,teacher_none,3
137.9378,1,teacher_none,3
138.004533,1,teacher_none,3
138.104633,1,teacher_none,3
138.171367,1,teacher_none,3
138.271467,1,teacher_none,3
138.3382,1,teacher_none,3
138.4383,1,teacher_none,3
138.505033,1,teacher_none,3
138.605133,1,teacher_none,3
138.671867,1,teacher_none,3
138.771967,1,teacher_none,3
138.8387,1,teacher_none,3
138.9388,1,teacher_none,3
139.005533,1,teacher_none,3
139.105633,1,teacher_none,3
139.172367,1,teacher_none,3
139.272467,1,teacher_none,3
139.3392,1,teacher_none,3
139.4393,1,teacher_none,3
139.506033,1,teacher_none,3
139.606133,1,teacher_none,3
139.672867,1,teacher_none,3
139.772967,1,teacher_none,3
139.8397,1,teacher_none,3
139.9398,1,teacher_none,3
140.006533,1,teacher_none,3
140.106633,1,teacher_none,3
140.173367,1,teacher_none,3
140.273467,1,teacher_none,3
140.3402,1,teacher_none,3
140.4403,1,teacher_none,3
140.507033,1,teacher_none,3
140.607133,1,teacher_none,3
140.673867,1,teacher_none,3
140.773967,1,teacher_none,3
140.8407,1,teacher_none,3
140.9408,1,teacher_none,3
141.007533,1,teacher_none,3
141.107633,1,teacher_none,3
141.174367,1,teacher_none,3
141.274467,1,teacher_none,3
141.3412,1,teacher_none,3
141.4413,1,teacher_none,3
141.508033,1,teacher_none,3
141.608133,1,teacher_none,3
141.674867,1,teacher_none,3
141.774967,1,teacher_none,3
141.8417,1,teacher_none,3
141.9418,1,teacher_none,3
142.008533,1,teacher_none,3
142.108633,1,teacher_none,3
142.175367,1,teacher_none,3
142.275467,1,teacher_none,3
142.3422,1,teacher_none,3
142.4423,1,teacher_none,3
142.509033,1,teacher_none,3
142.609133,1,teacher_none,3
142.675867,1,teacher_none,3
142.775967,1,teacher_none,3
142.8427,1,teacher_none,3
142.9428,1,teacher_none,3
143.009533,1,teacher_none,3
143.109633,1,teacher_none,3
143.176367,1,teacher_none,3
143.276467,1,teacher_none,3
143.3432,1,teacher_none,3
143.4433,1,teacher_none,3
143.510033,1,teacher_none,3
143.610133,1,teacher_none,3
143.676867,1,teacher_none,3
143.776967,1,teacher_none,3
143.8437,1,teacher_none,3
143.9438,1,teacher_none,3
144.010533,1,teacher_none,3
144.110633,1,teacher_none,3
144.177367,1,teacher_none,3
144.277467,1,teacher_none,3
144.3442,1,teacher_none,3
144.4443,1,teacher_none,3
144.511033,1,teacher_none,3
144.611133,1,teacher_none,3
144.677867,1,teacher_none,3
144.777967,1,teacher_none,3
144.8447,1,teacher_none,3
144.9448,1,teacher_none,3
145.011533,1,teacher_none,3
145.111633,1,teacher_none,3
145.178367,1,teacher_none,3
145.278467,1,teacher_none,3
145.3452,1,teacher_none,3
145.4453,1,teacher_none,3
145.512033,1,teacher_none,3
145.612133,1,teacher_none,3
145.678867,1,teacher_none,3
145.778967,1,teacher_none,3
145.8457,1,teacher_none,3
145.9458,1,teacher_none,3
146.012533,1,teacher_none,3
146.112633,1,teacher_none,3
146.179367,1,teacher_none,3
146.279467,1,teacher_none,3
146.3462,1,teacher_none,3
146.4463,1,teacher_none,3
146.513033,1,teacher_none,3
146.613133,1,teacher_none,3
146.679867,1,teacher_none,3
146.779967,1,teacher_none,3
146.8467,1,teacher_none,3
146.9468,1,teacher_none,3
147.013533,1,teacher_none,3
147.113633,1,teacher_none,3
147.180367,1,teacher_none,3
147.280467,1,teacher_none,3
147.3472,1,teacher_none,3
147.4473,1,teacher_none,3
147.514033,1,teacher_none,3
147.614133,1,teacher_none,3
147.680867,1,teacher_none,3
147.780967,1,teacher_none,3
147.8477,1,teacher_none,3
147.9478,1,teacher_none,3
148.014533,1,teacher_none,3
148.114633,1,teacher_none,3
148.181367,1,teacher_none,3
148.281467,1,teacher_none,2
148.3482,1,teacher_none,2
148.4483,1,teacher_none,2
148.515033,1,teacher_none,2
148.615133,1,teacher_none,2
148.681867,1,teacher_none,2
148.781967,1,teacher_none,2
148.8487,1,teacher_none,2
148.9488,1,teacher_none,2
149.015533,1,teacher_none,2
149.115633,1,teacher_none,2
149.182367,1,teacher_none,2
149.282467,1,teacher_none,2
149.3492,1,teacher_none,2
149.4493,1,teacher_none,2
149.516033,1,teacher_none,2
149.616133,1,teacher_none,2
149.682867,1,teacher_none,2
149.782967,1,teacher_none,2
149.8497,1,teacher_none,2
149.9498,1,teacher_none,2
150.016533,1,teacher_none,2
150.116633,1,teacher_none,2
150.183367,1,teacher_none,2
150.2501,1,teacher_none,2
150.3502,1,teacher_none,2
150.416933,1,teacher_none,2
150.517033,1,teacher_none,2
150.583767,1,teacher_none,2
150.683867,1,teacher_none,2
150.7506,1,teacher_none,2
150.8507,1,teacher_none,2
150.917433,1,teacher_none,2
151.017533,1,teacher_none,2
151.084267,1,teacher_none,2
151.184367,1,teacher_none,2
151.2511,1,teacher_none,2
151.3512,1,teacher_none,2
151.417933,1,teacher_none,2
151.518033,1,teacher_none,2
151.584767,1,teacher_none,2
151.684867,1,teacher_none,2
151.7516,1,teacher_none,2
151.8517,1,teacher_none,2
151.918433,1,teacher_none,2
152.018533,1,teacher_none,2
152.085267,1,teacher_none,2
152.185367,1,teacher_none,2
152.2521,1,teacher_none,2
152.3522,1,teacher_none,2
152.418933,1,teacher_none,2
152.519033,1,teacher_none,2
152.585767,1,teacher_none,2
152.685867,1,teacher_none,2
152.7526,1,teacher_none,2
152.8527,1,teacher_none,2
152.919433,1,teacher_none,2
153.019533,1,teacher_none,2
153.086267,1,teacher_none,2
153.186367,1,teacher_none,2
153.2531,1,teacher_none,2
153.3532,1,teacher_none,2
153.419933,1,teacher_none,2
153.520033,1,teacher_none,2
153.586767,1,teacher_none,2
153.686867,1,teacher_none,2
153.7536,1,teacher_none,2
153.8537,1,teacher_none,2
153.920433,1,teacher_none,2
154.020533,1,teacher_none,2
154.087267,1,teacher_none,2
154.187367,1,teacher_none,2
154.2541,1,teacher_none,2
154.3542,1,teacher_none,2
154.420933,1,teacher_none,2
154.521033,1,teacher_none,2
154.587767,1,teacher_none,2
154.687867,1,teacher_none,2
154.7546,1,teacher_none,3
154.8547,1,teacher_none,3
154.921433,1,teacher_none,3
155.021533,1,teacher_none,3
155.088267,1,teacher_none,3
155.188367,1,teacher_none,3
155.2551,1,teacher_none,3
155.3552,1,teacher_none,3
155.421933,1,teacher_none,3
155.522033,1,teacher_none,3
155.588767,1,teacher_none,3
155.688867,1,teacher_none,3
155.7556,1,teacher_none,3
155.8557,1,teacher_none,3
155.922433,1,teacher_none,3
156.022533,1,teacher_none,3
156.089267,1,teacher_none,3
156.189367,1,teacher_none,3
156.2561,1,teacher_none,3
156.3562,1,teacher_none,3
156.422933,1,teacher_none,3
156.523033,1,teacher_none,3
156.589767,1,teacher_none,3
156.689867,1,teacher_none,3
156.7566,1,teacher_none,3
156.8567,1,teacher_none,3
156.923433,1,teacher_none,3
157.023533,1,teacher_none,3
157.090267,1,teacher_none,3
157.190367,1,teacher_none,3
157.2571,1,teacher_none,3
157.3572,1,teacher_none,3
157.423933,1,teacher_none,3
157.524033,1,teacher_none,3
157.590767,1,teacher_none,3
157.690867,1,teacher_none,3
157.7576,1,teacher_none,3
157.8577,1,teacher_none,3
157.924433,1,teacher_none,3
158.024533,1,teacher_none,3
158.091267,1,teacher_none,3
158.191367,1,teacher_none,3
158.2581,1,teacher_none,3
158.3582,1,teacher_none,3
158.424933,1,teacher_none,3
158.525033,1,teacher_none,3
158.591767,1,teacher_none,3
158.691867,1,teacher_none,3
158.7586,1,teacher_none,3
158.8587,1,teacher_none,3
158.925433,1,teacher_none,3
159.025533,1,teacher_none,3
159.092267,1,teacher_none,3
159.192367,1,teacher_none,3
159.2591,1,teacher_none,3
159.3592,1,teacher_none,3
159.425933,1,teacher_none,3
159.526033,1,teacher_none,3
159.592767,1,teacher_none,3
159.692867,1,teacher_none,3
159.7596,1,teacher_none,3
159.8597,1,teacher_none,3
159.926433,1,teacher_none,3
160.026533,1,teacher_none,3
160.093267,1,teacher_none,3
160.193367,1,teacher_none,3
160.2601,1,teacher_none,3
160.3602,1,teacher_none,3
160.426933,1,teacher_none,3
160.527033,1,teacher_none,3
160.593767,1,teacher_none,3
160.693867,1,teacher_none,3
160.7606,1,teacher_none,3
160.8607,1,teacher_none,3
160.927433,1,teacher_none,3
161.027533,1,teacher_none,3
161.094267,1,teacher_none,3
161.194367,1,teacher_none,3
161.2611,1,teacher_none,3
161.3612,1,teacher_none,3
161.427933,1,teacher_none,3
161.528033,1,teacher_none,3
161.594767,1,teacher_none,3
161.694867,1,teacher_none,3
161.7616,1,teacher_none,3
161.8617,1,teacher_none,3
161.928433,1,teacher_none,3
162.028533,1,teacher_none,3
162.095267,1,teacher_none,3
162.195367,1,teacher_none,3
162.2621,1,teacher_none,3
162.3622,1,teacher_none,3
162.428933,1,teacher_none,3
162.529033,1,teacher_none,3
162.595767,1,teacher_none,3
162.695867,1,teacher_none,3
162.7626,1,teacher_none,3
162.8627,1,teacher_none,3
162.929433,1,teacher_none,3
163.029533,1,teacher_none,3
163.096267,1,teacher_none,3
163.196367,1,teacher_none,3
163.2631,1,teacher_none,3
163.3632,1,teacher_none,3
163.429933,1,teacher_none,3
163.530033,1,teacher_none,3
163.596767,1,teacher_none,3
163.696867,1,teacher_none,3
163.7636,1,teacher_none,3
163.8637,1,teacher_none,3
163.930433,1,teacher_none,3
164.030533,1,teacher_none,3
164.097267,1,teacher_none,3
164.197367,1,teacher_none,3
164.2641,1,teacher_none,3
164.3642,1,teacher_none,3
164.430933,1,teacher_none,3
164.531033,1,teacher_none,3
164.597767,1,teacher_none,3
164.697867,1,teacher_none,3
164.7646,1,teacher_none,3
164.8647,1,teacher_none,3
164.931433,1,teacher_none,3
165.031533,1,teacher_none,3
165.098267,1,teacher_none,3
165.198367,1,teacher_none,3
165.2651,1,teacher_none,3
165.3652,1,teacher_none,3
165.431933,1,teacher_none,3
165.532033,1,teacher_none,3
165.598767,1,teacher_none,3
165.698867,1,teacher_none,3
165.7656,1,teacher_none,3
165.8657,1,teacher_none,3
165.932433,1,teacher_none,3
166.032533,1,teacher_none,3
166.099267,1,teacher_none,3
166.199367,1,teacher_none,3
166.2661,1,teacher_none,3
166.3662,1,teacher_none,3
166.432933,1,teacher_none,3
166.533033,1,teacher_none,3
166.599767,1,teacher_none,3
166.699867,1,teacher_none,3
166.7666,1,teacher_none,3
166.833333,1,teacher_none,3
166.933433,1,teacher_none,3
167.000167,1,teacher_none,3
167.100267,1,teacher_none,3
167.167,1,teacher_none,3
167.2671,1,teacher_none,3
167.333833,1,teacher_none,3
167.433933,1,teacher_none,3
167.500667,1,teacher_none,3
167.600767,1,teacher_none,3
167.6675,1,teacher_none,3
167.7676,1,teacher_none,3
167.834333,1,teacher_none,3
167.934433,1,teacher_none,3
168.001167,1,teacher_none,3
168.101267,1,teacher_none,3
168.168,1,teacher_none,3
168.2681,1,teacher_none,3
168.334833,1,teacher_none,3
168.434933,1,teacher_none,3
168.501667,1,teacher_none,3
168.601767,1,teacher_none,3
168.6685,1,teacher_none,3
168.7686,1,teacher_none,3
168.835333,1,teacher_none,3
168.935433,1,teacher_none,3
169.002167,1,teacher_none,3
169.102267,1,teacher_none,3
169.169,1,teacher_none,3
169.2691,1,teacher_none,3
169.335833,1,teacher_none,3
169.435933,1,teacher_none,3
169.502667,1,teacher_none,3
169.602767,1,teacher_none,3
169.6695,1,teacher_none,3
169.7696,1,teacher_none,3
169.836333,1,teacher_none,3
169.936433,1,teacher_none,3
170.003167,1,teacher_none,3
170.103267,1,teacher_none,3
170.17,1,teacher_none,3
170.2701,1,teacher_none,3
170.336833,1,teacher_none,3
170.436933,1,teacher_none,3
170.503667,1,teacher_none,3
170.603767,1,teacher_none,3
170.6705,1,teacher_none,3
170.7706,1,teacher_none,3
170.837333,1,teacher_none,3
170.937433,1,teacher_none,3
171.004167,1,teacher_none,3
171.104267,1,teacher_none,3
171.171,1,teacher_none,3
171.2711,1,teacher_none,3
171.337833,1,teacher_none,3
171.437933,1,teacher_none,3
171.504667,1,teacher_none,3
171.604767,1,teacher_none,3
171.6715,1,teacher_none,3
171.7716,1,teacher_none,3
171.838333,1,teacher_none,3
171.938433,1,teacher_none,3
172.005167,1,teacher_none,3
172.105267,1,teacher_none,3
172.172,1,teacher_none,3
172.2721,1,teacher_none,3
172.338833,1,teacher_none,3
172.438933,1,teacher_none,3
172.505667,1,teacher_none,3
172.605767,1,teacher_none,3
172.6725,1,teacher_none,3
172.7726,1,teacher_none,3
172.839333,1,teacher_none,3
172.939433,1,teacher_none,3
173.006167,1,teacher_none,3
173.106267,1,teacher_none,3
173.173,1,teacher_none,3
173.2731,1,teacher_none,3
173.339833,1,teacher_none,3
173.439933,1,teacher_none,3
173.506667,1,teacher_none,3
173.606767,1,teacher_none,3
173.6735,1,teacher_none,3
173.7736,1,teacher_none,3
173.840333,1,teacher_none,3
173.940433,1,teacher_none,3
174.007167,1,teacher_none,3
174.107267,1,teacher_none,3
174.174,1,teacher_none,3
174.2741,1,teacher_none,3
174.340833,1,teacher_none,3
174.440933,1,teacher_none,3
174.507667,1,teacher_none,3
174.607767,1,teacher_none,3
174.6745,1,teacher_none,3
174.7746,1,teacher_none,3
174.841333,1,teacher_none,3
174.941433,1,teacher_none,3
175.008167,1,teacher_none,3
175.108267,1,teacher_none,3
175.175,1,teacher_none,3
175.2751,1,teacher_none,3
175.341833,1,teacher_none,3
175.441933,1,teacher_none,3
175.508667,1,teacher_none,3
175.608767,1,teacher_none,3
175.6755,1,teacher_none,3
175.7756,1,teacher_none,3
175.842333,1,teacher_none,3
175.942433,1,teacher_none,3
176.009167,1,teacher_none,3
176.109267,1,teacher_none,3
176.176,1,teacher_none,3
176.2761,1,teacher_none,3
176.342833,1,teacher_none,3
176.442933,1,teacher_none,3
176.509667,1,teacher_none,3
176.609767,1,teacher_none,3
176.6765,1,teacher_none,3
176.7766,1,teacher_none,3
176.843333,1,teacher_none,3
176.943433,1,teacher_none,3
177.010167,1,teacher_none,3
177.110267,1,teacher_none,3
177.177,1,teacher_none,3
177.2771,1,teacher_none,3
177.343833,1,teacher_none,3
177.443933,1,teacher_none,3
177.510667,1,teacher_none,3
177.610767,1,teacher_none,3
177.6775,1,teacher_none,3
177.7776,1,teacher_none,3
177.844333,1,teacher_none,3
177.944433,1,teacher_none,3
178.011167,1,teacher_none,3
178.111267,1,teacher_none,3
178.178,1,teacher_none,3
178.2781,1,teacher_none,3
178.344833,1,teacher_none,3
178.444933,1,teacher_none,3
178.511667,1,teacher_none,3
178.611767,1,teacher_none,3
178.6785,1,teacher_none,3
178.7786,1,teacher_none,3
178.845333,1,teacher_none,3
178.945433,1,teacher_none,3
179.012167,1,teacher_none,3
179.112267,1,teacher_none,3
179.179,1,teacher_none,3
179.2791,1,teacher_none,3
179.345833,1,teacher_none,3
179.445933,1,teacher_none,3
179.512667,1,teacher_none,3
179.612767,1,teacher_none,3
179.6795,1,teacher_none,3
179.7796,1,teacher_none,3
179.846333,1,teacher_none,3
179.946433,1,teacher_none,3
180.013167,1,teacher_none,3
180.113267,1,teacher_none,3
180.18,1,teacher_none,3
180.2801,1,teacher_none,3
180.346833,1,teacher_none,3
180.446933,1,teacher_none,3
180.513667,1,teacher_none,3
180.613767,1,teacher_none,3
180.6805,1,teacher_none,3
180.7806,1,teacher_none,3
180.847333,1,teacher_none,3
180.947433,1,teacher_none,3
181.014167,1,teacher_none,3
181.114267,1,teacher_none,3
181.181,1,teacher_none,3
181.2811,1,teacher_none,3
181.347833,1,teacher_none,3
181.447933,1,teacher_none,3
181.514667,1,teacher_none,3
181.614767,1,teacher_none,3
181.6815,1,teacher_none,3
181.7816,1,teacher_none,3
181.848333,1,teacher_none,3
181.948433,1,teacher_none,3
182.015167,1,teacher_none,3
182.115267,1,teacher_none,3
182.182,1,teacher_none,3
182.2821,1,teacher_none,3
182.348833,1,teacher_none,3
182.448933,1,teacher_none,3
182.515667,1,teacher_none,3
182.615767,1,teacher_none,3
182.6825,1,teacher_none,3
182.7826,1,teacher_none,3
182.849333,1,teacher_none,3
182.949433,1,teacher_none,3
183.016167,1,teacher_none,3
183.116267,1,teacher_none,3
183.183,1,teacher_none,3
183.2831,1,teacher_none,3
183.349833,1,teacher_none,3
183.449933,1,teacher_none,3
183.516667,1,teacher_none,3
183.5834,1,teacher_none,3
183.6835,1,teacher_none,3
183.750233,1,teacher_none,3
183.850333,1,teacher_none,3
183.917067,1,teacher_none,3
184.017167,1,teacher_none,3
184.0839,1,teacher_none,3
184.184,1,teacher_none,3
184.250733,1,teacher_none,3
184.350833,1,teacher_none,3
184.417567,1,teacher_none,3
184.517667,1,teacher_none,3
184.5844,1,teacher_none,3
184.6845,1,teacher_none,3
184.751233,1,teacher_none,3
184.851333,1,teacher_none,3
184.918067,1,teacher_none,3
185.018167,1,teacher_none,3
185.0849,1,teacher_none,3
185.185,1,teacher_none,3
185.251733,1,teacher_none,3
185.351833,1,teacher_none,3
185.418567,1,teacher_none,3
185.518667,1,teacher_none,3
185.5854,1,teacher_none,3
185.6855,1,teacher_none,3
185.752233,1,teacher_none,3
185.852333,1,teacher_none,3
185.919067,1,teacher_none,3
186.019167,1,teacher_none,3
186.0859,1,teacher_none,3
186.186,1,teacher_none,3
186.252733,1,teacher_none,3
186.352833,1,teacher_none,3
186.419567,1,teacher_none,3
186.519667,1,teacher_none,3
186.5864,1,teacher_none,3
186.6865,1,teacher_none,3
186.753233,1,teacher_none,3
186.853333,1,teacher_none,3
186.920067,1,teacher_none,3
187.020167,1,teacher_none,3
187.0869,1,teacher_none,3
187.187,1,teacher_none,3
187.253733,1,teacher_none,3
187.353833,1,teacher_none,3
187.420567,1,teacher_none,3
187.520667,1,teacher_none,3
187.5874,1,teacher_none,3
187.6875,1,teacher_none,3
187.754233,1,teacher_none,3
187.854333,1,teacher_none,3
187.921067,1,teacher_none,3
188.021167,1,teacher_none,3
188.0879,1,teacher_none,3
188.188,1,teacher_none,3
188.254733,1,teacher_none,3
188.354833,1,teacher_none,3
188.421567,1,teacher_none,3
188.521667,1,teacher_none,3
188.5884,1,teacher_none,3
188.6885,1,teacher_none,3
188.755233,1,teacher_none,3
188.855333,1,teacher_none,3
188.922067,1,teacher_none,3
189.022167,1,teacher_none,3
189.0889,1,teacher_none,3
189.189,1,teacher_none,3
189.255733,1,teacher_none,3
189.355833,1,teacher_none,3
189.422567,1,teacher_none,3
189.522667,1,teacher_none,3
189.5894,1,teacher_none,3
189.6895,1,teacher_none,3
189.756233,1,teacher_none,3
189.856333,1,teacher_none,3
189.923067,1,teacher_none,3
190.023167,1,teacher_none,3
190.0899,1,teacher_none,3
190.19,1,teacher_none,3
190.256733,1,teacher_none,3
190.356833,1,teacher_none,3
190.423567,1,teacher_none,3
190.523667,1,teacher_none,3
190.5904,1,teacher_none,3
190.6905,1,teacher_none,3
190.757233,1,teacher_none,3
190.857333,1,teacher_none,3
190.924067,1,teacher_none,3
191.024167,1,teacher_none,3
191.0909,1,teacher_none,3
191.191,1,teacher_none,3
191.257733,1,teacher_none,3
191.357833,1,teacher_none,3
191.424567,1,teacher_none,3
191.524667,1,teacher_none,3
191.5914,1,teacher_none,3
191.6915,1,teacher_none,3
191.758233,1,teacher_none,3
191.858333,1,teacher_none,3
191.925067,1,teacher_none,3
192.025167,1,teacher_none,3
192.0919,1,teacher_none,3
192.192,1,teacher_none,3
192.258733,1,teacher_none,3
192.358833,1,teacher_none,3
192.425567,1,teacher_none,3
192.525667,1,teacher_none,3
192.5924,1,teacher_none,3
192.6925,1,teacher_none,3
192.759233,1,teacher_none,3
192.859333,1,teacher_none,3
192.926067,1,teacher_none,3
193.026167,1,teacher_none,3
193.0929,1,teacher_none,3
193.193,1,teacher_none,3
193.259733,1,teacher_none,3
193.359833,1,teacher_none,3
193.426567,1,teacher_none,1
193.526667,1,teacher_none,1
193.5934,1,teacher_none,1
193.6935,1,teacher_none,1
193.760233,1,teacher_none,1
193.860333,1,teacher_none,1
193.927067,1,teacher_none,1
194.027167,1,teacher_none,1
194.0939,1,teacher_none,1
194.194,1,teacher_none,1
194.260733,1,teacher_none,1
194.360833,1,teacher_none,1
194.427567,1,teacher_none,1
194.527667,1,teacher_none,1
194.5944,1,teacher_none,1
194.6945,1,teacher_none,1
194.761233,1,teacher_none,1
194.861333,1,teacher_none,1
194.928067,1,teacher_none,1
195.028167,1,teacher_none,1
195.0949,1,teacher_none,1
195.195,1,teacher_none,1
195.261733,1,teacher_none,1
195.361833,1,teacher_none,1
195.428567,1,teacher_none,1
195.528667,1,teacher_none,1
195.5954,1,teacher_none,1
195.6955,1,teacher_none,1
195.762233,1,teacher_none,1
195.862333,1,teacher_none,1
195.929067,1,teacher_none,1
196.029167,1,teacher_none,1
196.0959,1,teacher_none,1
196.196,1,teacher_none,1
196.262733,1,teacher_none,1
196.362833,1,teacher_none,1
196.429567,1,teacher_none,1
196.529667,1,teacher_none,1
196.5964,1,teacher_none,1
196.6965,1,teacher_none,1
196.763233,1,teacher_none,1
196.863333,1,teacher_none,1
196.930067,1,teacher_none,1
197.030167,1,teacher_none,1
197.0969,1,teacher_none,1
197.197,1,teacher_none,1
197.263733,1,teacher_none,1
197.363833,1,teacher_none,1
197.430567,1,teacher_none,1
197.530667,1,teacher_none,1
197.5974,1,teacher_none,1
197.6975,1,teacher_none,1
197.764233,1,teacher_none,1
197.864333,1,teacher_none,1
197.931067,1,teacher_none,1
198.031167,1,teacher_none,1
198.0979,1,teacher_none,1
198.198,1,teacher_none,1
198.264733,1,teacher_none,1
198.364833,1,teacher_none,1
198.431567,1,teacher_none,1
198.531667,1,teacher_none,1
198.5984,1,teacher_none,1
198.6985,1,teacher_none,1
198.765233,1,teacher_none,1
198.865333,1,teacher_none,1
198.932067,1,teacher_none,1
199.032167,1,teacher_none,1
199.0989,1,teacher_none,1
199.199,1,teacher_none,1
199.265733,1,teacher_none,1
199.365833,1,teacher_none,1
199.432567,1,teacher_none,1
199.532667,1,teacher_none,1
199.5994,1,teacher_none,1
199.6995,1,teacher_none,1
199.766233,1,teacher_none,1
199.866333,1,teacher_none,1
199.933067,1,teacher_none,1
200.033167,1,teacher_none,1
200.0999,1,teacher_none,1
200.2,1,teacher_none,1
200.266733,1,teacher_none,1
200.333467,1,teacher_none,1
200.433567,1,teacher_none,1
200.5003,1,teacher_none,1
200.6004,1,teacher_none,1
200.667133,1,teacher_none,1
200.767233,1,teacher_none,1
200.833967,1,teacher_none,1
200.934067,1,teacher_none,1
201.0008,1,teacher_none,1
201.1009,1,teacher_none,1
201.167633,1,teacher_none,1
201.267733,1,teacher_none,1
201.334467,1,teacher_none,1
201.434567,1,teacher_none,1
201.5013,1,teacher_none,1
201.6014,1,teacher_none,1
201.668133,1,teacher_none,1
201.768233,1,teacher_none,1
201.834967,1,teacher_none,1
201.935067,1,teacher_none,1
202.0018,1,teacher_none,1
202.1019,1,teacher_none,1
202.168633,1,teacher_none,1
202.268733,1,teacher_none,1
202.335467,1,teacher_none,1
202.435567,1,teacher_none,1
202.5023,1,teacher_none,1
202.6024,1,teacher_none,1
202.669133,1,teacher_none,1
202.769233,1,teacher_none,1
202.835967,1,teacher_none,1
202.936067,1,teacher_none,1
203.0028,1,teacher_none,1
203.1029,1,teacher_none,1
203.169633,1,teacher_none,1
203.269733,1,teacher_none,1
203.336467,1,teacher_none,1
203.436567,1,teacher_none,3
203.5033,1,teacher_none,3
203.6034,1,teacher_none,3
203.670133,1,teacher_none,3
203.770233,1,teacher_none,3
203.836967,1,teacher_none,3
203.937067,1,teacher_none,3
204.0038,1,teacher_none,3
204.1039,1,teacher_none,3
204.170633,1,teacher_none,3
204.270733,1,teacher_none,3
204.337467,1,teacher_none,3
204.437567,1,teacher_none,3
204.5043,1,teacher_none,3
204.6044,1,teacher_none,3
204.671133,1,teacher_none,3
204.771233,1,teacher_none,3
204.837967,1,teacher_none,3
204.938067,1,teacher_none,3
205.0048,1,teacher_none,3
205.1049,1,teacher_none,3
205.171633,1,teacher_none,3
205.271733,1,teacher_none,3
205.338467,1,teacher_none,3
205.438567,1,teacher_none,3
205.5053,1,teacher_none,3
205.6054,1,teacher_none,3
205.672133,1,teacher_none,3
205.772233,1,teacher_none,3
205.838967,1,teacher_none,3
205.939067,1,teacher_none,3
206.0058,1,teacher_none,3
206.1059,1,teacher_none,3
206.172633,1,teacher_none,3
206.272733,1,teacher_none,3
206.339467,1,teacher_none,3
206.439567,1,teacher_none,3
206.5063,1,teacher_none,3
206.6064,1,teacher_none,3
206.673133,1,teacher_none,3
206.773233,1,teacher_none,3
206.839967,1,teacher_none,3
206.940067,1,teacher_none,3
207.0068,1,teacher_none,3
207.1069,1,teacher_none,3
207.173633,1,teacher_none,3
207.273733,1,teacher_none,3
207.340467,1,teacher_none,3
207.440567,1,teacher_none,3
207.5073,1,teacher_none,3
207.6074,1,teacher_none,3
207.674133,1,teacher_none,3
207.774233,1,teacher_none,3
207.840967,1,teacher_none,3
207.941067,1,teacher_none,3
208.0078,1,teacher_none,3
208.1079,1,teacher_none,3
208.174633,1,teacher_none,3
208.274733,1,teacher_none,3
208.341467,1,teacher_none,3
208.441567,1,teacher_none,3
208.5083,1,teacher_none,3
208.6084,1,teacher_none,3
208.675133,1,teacher_none,3
208.775233,1,teacher_none,3
208.841967,1,teacher_none,3
208.942067,1,teacher_none,3
209.0088,1,teacher_none,3
209.1089,1,teacher_none,3
209.175633,1,teacher_none,3
209.275733,1,teacher_none,3
209.342467,1,teacher_none,3
209.442567,1,teacher_none,3
209.5093,1,teacher_none,3
209.6094,1,teacher_none,3
209.676133,1,teacher_none,3
209.776233,1,teacher_none,3
209.842967,1,teacher_none,3
209.943067,1,teacher_none,3
210.0098,1,teacher_none,3
210.1099,1,teacher_none,3
210.176633,1,teacher_none,3
210.276733,1,teacher_none,3
210.343467,1,teacher_none,3
210.443567,1,teacher_none,3
210.5103,1,teacher_none,3
210.6104,1,teacher_none,3
210.677133,1,teacher_none,3
210.777233,1,teacher_none,3
210.843967,1,teacher_none,3
210.944067,1,teacher_none,3
211.0108,1,teacher_none,3
211.1109,1,teacher_none,3
211.177633,1,teacher_none,3
211.277733,1,teacher_none,3
211.344467,1,teacher_none,3
211.444567,1,teacher_none,3
211.5113,1,teacher_none,3
211.6114,1,teacher_none,3
211.678133,1,teacher_none,3
211.778233,1,teacher_none,3
211.844967,1,teacher_none,3
211.945067,1,teacher_none,3
212.0118,1,teacher_none,3
212.1119,1,teacher_none,3
212.178633,1,teacher_none,3
212.278733,1,teacher_none,3
212.345467,1,teacher_none,3
212.445567,1,teacher_none,3
212.5123,1,teacher_none,3
212.6124,1,teacher_none,3
212.679133,1,teacher_none,3
212.779233,1,teacher_none,3
212.845967,1,teacher_none,3
212.946067,1,teacher_none,3
213.0128,1,teacher_none,3
213.1129,1,teacher_none,3
213.179633,1,teacher_none,3
213.279733,1,teacher_none,3
213.346467,1,teacher_none,3
213.446567,1,teacher_none,3
213.5133,1,teacher_none,3
213.6134,1,teacher_none,3
213.680133,1,teacher_none,3
213.780233,1,teacher_none,3
213.846967,1,teacher_none,3
213.947067,1,teacher_none,3
214.0138,1,teacher_none,3
214.1139,1,teacher_none,3
214.180633,1,teacher_none,3
214.280733,1,teacher_none,3
214.347467,1,teacher_none,3
214.447567,1,teacher_none,3
214.5143,1,teacher_none,3
214.6144,1,teacher_none,3
214.681133,1,teacher_none,3
214.781233,1,teacher_none,3
214.847967,1,teacher_none,3
214.948067,1,teacher_none,3
215.0148,1,teacher_none,3
215.1149,1,teacher_none,3
215.181633,1,teacher_none,3
215.281733,1,teacher_none,3
215.348467,1,teacher_none,3
215.448567,1,teacher_none,3
215.5153,1,teacher_none,3
215.6154,1,teacher_none,3
215.682133,1,teacher_none,3
215.782233,1,teacher_none,3
215.848967,1,teacher_none,3
215.949067,1,teacher_none,3
216.0158,1,teacher_none,3
216.1159,1,teacher_none,3
216.182633,1,teacher_none,3
216.282733,1,teacher_none,3
216.349467,1,teacher_none,3
216.449567,1,teacher_none,3
216.5163,1,teacher_none,3
216.6164,1,teacher_none,3
216.683133,1,teacher_none,3
216.783233,1,teacher_none,3
216.849967,1,teacher_none,3
216.9167,1,teacher_none,3
217.0168,1,teacher_none,3
217.083533,1,teacher_none,3
217.183633,1,teacher_none,3
217.250367,1,teacher_none,3
217.350467,1,teacher_none,3
217.4172,1,teacher_none,3
217.5173,1,teacher_none,3
217.584033,1,teacher_none,3
217.684133,1,teacher_none,3
217.750867,1,teacher_none,3
217.850967,1,teacher_none,3
217.9177,1,teacher_none,3
218.0178,1,teacher_none,3
218.084533,1,teacher_none,3
218.184633,1,teacher_none,3
218.251367,1,teacher_none,3
218.351467,1,teacher_none,3
218.4182,1,teacher_none,3
218.5183,1,teacher_none,3
218.585033,1,teacher_none,3
218.685133,1,teacher_none,3
218.751867,1,teacher_none,3
218.851967,1,teacher_none,3
218.9187,1,teacher_none,3
219.0188,1,teacher_none,3
219.085533,1,teacher_none,3
219.185633,1,teacher_none,3
219.252367,1,teacher_none,3
219.352467,1,teacher_none,3
219.4192,1,teacher_none,3
219.5193,1,teacher_none,3
219.586033,1,teacher_none,3
219.686133,1,teacher_none,3
219.752867,1,teacher_none,3
219.852967,1,teacher_none,3
219.9197,1,teacher_none,3
220.0198,1,teacher_none,3
220.086533,1,teacher_none,3
220.186633,1,teacher_none,3
220.253367,1,teacher_none,3
220.353467,1,teacher_none,3
220.4202,1,teacher_none,3
220.5203,1,teacher_none,3
220.587033,1,teacher_none,3
220.687133,1,teacher_none,3
220.753867,1,teacher_none,3
220.853967,1,teacher_none,3
220.9207,1,teacher_none,3
221.0208,1,teacher_none,3
221.087533,1,teacher_none,3
221.187633,1,teacher_none,3
221.254367,1,teacher_none,3
221.354467,1,teacher_none,3
221.4212,1,teacher_none,3
221.5213,1,teacher_none,3
221.588033,1,teacher_none,3
221.688133,1,teacher_none,3
221.754867,1,teacher_none,3
221.854967,1,teacher_none,3
221.9217,1,teacher_none,3
222.0218,1,teacher_none,3
222.088533,1,teacher_none,3
222.188633,1,teacher_none,3
222.255367,1,teacher_none,3
222.355467,1,teacher_none,3
222.4222,1,teacher_none,3
222.5223,1,teacher_none,3
222.589033,1,teacher_none,3
222.689133,1,teacher_none,3
222.755867,1,teacher_none,3
222.855967,1,teacher_none,3
222.9227,1,teacher_none,3
223.0228,1,teacher_none,3
223.089533,1,teacher_none,3
223.189633,1,teacher_none,3
223.256367,1,teacher_none,3
223.356467,1,teacher_none,3
223.4232,1,teacher_none,3
223.5233,1,teacher_none,3
223.590033,1,teacher_none,3
223.690133,1,teacher_none,3
223.756867,1,teacher_none,3
223.856967,1,teacher_none,3
223.9237,1,teacher_none,3
224.0238,1,teacher_none,3
224.090533,1,teacher_none,3
224.190633,1,teacher_none,3
224.257367,1,teacher_none,3
224.357467,1,teacher_none,3
224.4242,1,teacher_none,3
224.5243,1,teacher_none,3
224.591033,1,teacher_none,3
224.691133,1,teacher_none,3
224.757867,1,teacher_none,3
224.857967,1,teacher_none,3
224.9247,1,teacher_none,3
225.0248,1,teacher_none,3
225.091533,1,teacher_none,3
225.191633,1,teacher_none,3
225.258367,1,teacher_none,3
225.358467,1,teacher_none,3
225.4252,1,teacher_none,3
225.5253,1,teacher_none,3
225.592033,1,teacher_none,3
225.692133,1,teacher_none,3
225.758867,1,teacher_none,3
225.858967,1,teacher_none,3
225.9257,1,teacher_none,3
226.0258,1,teacher_none,3
226.092533,1,teacher_none,3
226.192633,1,teacher_none,3
226.259367,1,teacher_none,3
226.359467,1,teacher_none,3
226.4262,1,teacher_none,3
226.5263,1,teacher_none,3
226.593033,1,teacher_none,3
226.693133,1,teacher_none,3
226.759867,1,teacher_none,3
226.859967,1,teacher_none,3
226.9267,1,teacher_none,3
227.0268,1,teacher_none,3
227.093533,1,teacher_none,3
227.193633,1,teacher_none,3
227.260367,1,teacher_none,3
227.360467,1,teacher_none,3
227.4272,1,teacher_none,3
227.5273,1,teacher_none,3
227.594033,1,teacher_none,3
227.694133,1,teacher_none,3
227.760867,1,teacher_none,3
227.860967,1,teacher_none,3
227.9277,1,teacher_none,3
228.0278,1,teacher_none,3
228.094533,1,teacher_none,3
228.194633,1,teacher_none,3
228.261367,1,teacher_none,3
228.361467,1,teacher_none,3
228.4282,1,teacher_none,3
228.5283,1,teacher_none,3
228.595033,1,teacher_none,3
228.695133,1,teacher_none,3
228.761867,1,teacher_none,3
228.861967,1,teacher_none,3
228.9287,1,teacher_none,3
229.0288,1,teacher_none,3
229.095533,1,teacher_none,3
229.195633,1,teacher_none,3
229.262367,1,teacher_none,3
229.362467,1,teacher_none,3
229.4292,1,teacher_none,3
229.5293,1,teacher_none,3
229.596033,1,teacher_none,3
229.696133,1,teacher_none,3
229.762867,1,teacher_none,3
229.862967,1,teacher_none,3
229.9297,1,teacher_none,3
230.0298,1,teacher_none,3
230.096533,1,teacher_none,3
230.196633,1,teacher_none,3
230.263367,1,teacher_none,3
230.363467,1,teacher_none,3
230.4302,1,teacher_none,3
230.5303,1,teacher_none,3
230.597033,1,teacher_none,3
230.697133,1,teacher_none,3
230.763867,1,teacher_none,3
230.863967,1,teacher_none,3
230.9307,1,teacher_none,3
231.0308,1,teacher_none,3
231.097533,1,teacher_none,3
231.197633,1,teacher_none,3
231.264367,1,teacher_none,3
231.364467,1,teacher_none,3
231.4312,1,teacher_none,3
231.5313,1,teacher_none,3
231.598033,1,teacher_none,3
231.698133,1,teacher_none,3
231.764867,1,teacher_none,3
231.864967,1,teacher_none,3
231.9317,1,teacher_none,3
232.0318,1,teacher_none,3
232.098533,1,teacher_none,3
232.198633,1,teacher_none,3
232.265367,1,teacher_none,3
232.365467,1,teacher_none,3
232.4322,1,teacher_none,3
232.5323,1,teacher_none,3
232.599033,1,teacher_none,3
232.699133,1,teacher_none,3
232.765867,1,teacher_none,3
232.865967,1,teacher_none,3
232.9327,1,teacher_none,3
233.0328,1,teacher_none,3
233.099533,1,teacher_none,3
233.199633,1,teacher_none,3
233.266367,1,teacher_none,3
233.366467,1,teacher_none,3
233.4332,1,teacher_none,3
233.5333,1,teacher_none,3
233.600033,1,teacher_none,3
233.666767,1,teacher_none,3
233.766867,1,teacher_none,3
233.8336,1,teacher_none,3
233.9337,1,teacher_none,3
234.000433,1,teacher_none,3
234.100533,1,teacher_none,3
234.167267,1,teacher_none,3
234.267367,1,teacher_none,3
234.3341,1,teacher_none,3
234.4342,1,teacher_none,3
234.500933,1,teacher_none,3
234.601033,1,teacher_none,3
234.667767,1,teacher_none,3
234.767867,1,teacher_none,3
234.8346,1,teacher_none,3
234.9347,1,teacher_none,3
235.001433,1,teacher_none,3
235.101533,1,teacher_none,3
235.168267,1,teacher_none,3
235.268367,1,teacher_none,3
235.3351,1,teacher_none,3
235.4352,1,teacher_none,3
235.501933,1,teacher_none,3
235.602033,1,teacher_none,3
235.668767,1,teacher_none,3
235.768867,1,teacher_none,3
235.8356,1,teacher_none,3
235.9357,1,teacher_none,3
236.002433,1,teacher_none,3
236.102533,1,teacher_none,3
236.169267,1,teacher_none,3
236.269367,1,teacher_none,3
236.3361,1,teacher_none,3
236.4362,1,teacher_none,3
236.502933,1,teacher_none,3
236.603033,1,teacher_none,3
236.669767,1,teacher_none,3
236.769867,1,teacher_none,3
236.8366,1,teacher_none,3
236.9367,1,teacher_none,3
237.003433,1,teacher_none,3
237.103533,1,teacher_none,3
237.170267,1,teacher_none,3
237.270367,1,teacher_none,3
237.3371,1,teacher_none,3
237.4372,1,teacher_none,3
237.503933,1,teacher_none,3
237.604033,1,teacher_none,3
237.670767,1,teacher_none,3
237.770867,1,teacher_none,3
237.8376,1,teacher_none,3
237.9377,1,teacher_none,3
238.004433,1,teacher_none,3
238.104533,1,teacher_none,3
238.171267,1,teacher_none,3
238.271367,1,teacher_none,3
238.3381,1,teacher_none,3
238.4382,1,teacher_none,3
238.504933,1,teacher_none,3
238.605033,1,teacher_none,3
238.671767,1,teacher_none,3
238.771867,1,teacher_none,3
238.8386,1,teacher_none,3
238.9387,1,teacher_none,3
239.005433,1,teacher_none,3
239.105533,1,teacher_none,3
239.172267,1,teacher_none,3
239.272367,1,teacher_none,3
239.3391,1,teacher_none,3
239.4392,1,teacher_none,3
239.505933,1,teacher_none,3
239.606033,1,teacher_none,3
239.672767,1,teacher_none,3
239.772867,1,teacher_none,3
239.8396,1,teacher_none,3
239.9397,1,teacher_none,3
240.006433,1,teacher_none,3
240.106533,1,teacher_none,3
240.173267,1,teacher_none,3
240.273367,1,teacher_none,3
240.3401,1,teacher_none,3
240.4402,1,teacher_none,3
240.506933,1,teacher_none,3
240.607033,1,teacher_none,3
240.673767,1,teacher_none,3
240.773867,1,teacher_none,3
240.8406,1,teacher_none,3
240.9407,1,teacher_none,3
241.007433,1,teacher_none,3
241.107533,1,teacher_none,3
241.174267,1,teacher_none,3
241.274367,1,teacher_none,3
241.3411,1,teacher_none,3
241.4412,1,teacher_none,3
241.507933,1,teacher_none,3
241.608033,1,teacher_none,3
241.674767,1,teacher_none,3
241.774867,1,teacher_none,3
241.8416,1,teacher_none,3
241.9417,1,teacher_none,3
242.008433,1,teacher_none,3
242.108533,1,teacher_none,3
242.175267,1,teacher_none,3
242.275367,1,teacher_none,3
242.3421,1,teacher_none,3
242.4422,1,teacher_none,3
242.508933,1,teacher_none,3
242.609033,1,teacher_none,3
242.675767,1,teacher_none,3
242.775867,1,teacher_none,3
242.8426,1,teacher_none,3
242.9427,1,teacher_none,3
243.009433,1,teacher_none,3
243.109533,1,teacher_none,3
243.176267,1,teacher_none,3
243.276367,1,teacher_none,3
243.3431,1,teacher_none,3
243.4432,1,teacher_none,3
243.509933,1,teacher_none,3
243.610033,1,teacher_none,3
243.676767,1,teacher_none,3
243.776867,1,teacher_none,3
243.8436,1,teacher_none,3
243.9437,1,teacher_none,3
244.010433,1,teacher_none,3
244.110533,1,teacher_none,3
244.177267,1,teacher_none,3
244.277367,1,teacher_none,3
244.3441,1,teacher_none,3
244.4442,1,teacher_none,3
244.510933,1,teacher_none,3
244.611033,1,teacher_none,3
244.677767,1,teacher_none,3
244.777867,1,teacher_none,3
244.8446,1,teacher_none,3
244.9447,1,teacher_none,3
245.011433,1,teacher_none,3
245.111533,1,teacher_none,3
245.178267,1,teacher_none,3
245.278367,1,teacher_none,3
245.3451,1,teacher_none,3
245.4452,1,teacher_none,3
245.511933,1,teacher_none,3
245.612033,1,teacher_none,3
245.678767,1,teacher_none,3
245.778867,1,teacher_none,3
245.8456,1,teacher_none,3
245.9457,1,teacher_none,3
246.012433,1,teacher_none,3
246.112533,1,teacher_none,3
246.179267,1,teacher_none,3
246.279367,1,teacher_none,3
246.3461,1,teacher_none,3
246.4462,1,teacher_none,3
246.512933,1,teacher_none,3
246.613033,1,teacher_none,3
246.679767,1,teacher_none,3
246.779867,1,teacher_none,3
246.8466,1,teacher_none,3
246.9467,1,teacher_none,3
247.013433,1,teacher_none,3
247.113533,1,teacher_none,3
247.180267,1,teacher_none,3
247.280367,1,teacher_none,3
247.3471,1,teacher_none,3
247.4472,1,teacher_none,3
247.513933,1,teacher_none,3
247.614033,1,teacher_none,3
247.680767,1,teacher_none,3
247.780867,1,teacher_none,3
247.8476,1,teacher_none,3
247.9477,1,teacher_none,3
248.014433,1,teacher_none,3
248.114533,1,teacher_none,3
248.181267,1,teacher_none,3
248.281367,1,teacher_none,3
248.3481,1,teacher_none,3
248.4482,1,teacher_none,3
248.514933,1,teacher_none,3
248.615033,1,teacher_none,3
248.681767,1,teacher_none,3
248.781867,1,teacher_none,3
248.8486,1,teacher_none,3
248.9487,1,teacher_none,2
249.015433,1,teacher_none,2
249.115533,1,teacher_none,2
249.182267,1,teacher_none,2
249.282367,1,teacher_none,2
249.3491,1,teacher_none,2
249.4492,1,teacher_none,2
249.515933,1,teacher_none,2
249.616033,1,teacher_none,2
249.682767,1,teacher_none,2
249.782867,1,teacher_none,2
249.8496,1,teacher_none,2
249.9497,1,teacher_none,2
250.016433,1,teacher_none,2
250.116533,1,teacher_none,2
250.183267,1,teacher_none,2
250.25,1,teacher_none,2
250.3501,1,teacher_none,2
250.416833,1,teacher_none,2
250.516933,1,teacher_none,2
250.583667,1,teacher_none,2
250.683767,1,teacher_none,2
250.7505,1,teacher_none,2
250.8506,1,teacher_none,2
250.917333,1,teacher_none,2
251.017433,1,teacher_none,2
251.084167,1,teacher_none,2
251.184267,1,teacher_none,2
251.251,1,teacher_none,2
251.3511,1,teacher_none,2
251.417833,1,teacher_none,2
251.517933,1,teacher_none,2
251.584667,1,teacher_none,2
251.684767,1,teacher_none,2
251.7515,1,teacher_none,2
251.8516,1,teacher_none,2
251.918333,1,teacher_none,2
252.018433,1,teacher_none,2
252.085167,1,teacher_none,2
252.185267,1,teacher_none,2
252.252,1,teacher_none,2
252.3521,1,teacher_none,2
252.418833,1,teacher_none,2
252.518933,1,teacher_none,2
252.585667,1,teacher_none,2
252.685767,1,teacher_none,2
252.7525,1,teacher_none,1
252.8526,1,teacher_none,1
252.919333,1,teacher_none,1
253.019433,1,teacher_none,1
253.086167,1,teacher_none,1
253.186267,1,teacher_none,1
253.253,1,teacher_none,1
253.3531,1,teacher_none,1
253.419833,1,teacher_none,1
253.519933,1,teacher_none,1
253.586667,1,teacher_none,1
253.686767,1,teacher_none,1
253.7535,1,teacher_none,1
253.8536,1,teacher_none,1
253.920333,1,teacher_none,1
254.020433,1,teacher_none,1
254.087167,1,teacher_none,1
254.187267,1,teacher_none,1
254.254,1,teacher_none,1
254.3541,1,teacher_none,1
254.420833,1,teacher_none,1
254.520933,1,teacher_none,1
254.587667,1,teacher_none,1
254.687767,1,teacher_none,1
254.7545,1,teacher_none,1
254.8546,1,teacher_none,1
254.921333,1,teacher_none,1
255.021433,1,teacher_none,1
255.088167,1,teacher_none,1
255.188267,1,teacher_none,1
255.255,1,teacher_none,1
255.3551,1,teacher_none,1
255.421833,1,teacher_none,1
255.521933,1,teacher_none,1
255.588667,1,teacher_none,1
255.688767,1,teacher_none,1
255.7555,1,teacher_none,1
255.8556,1,teacher_none,1
255.922333,1,teacher_none,1
256.022433,1,teacher_none,1
256.089167,1,teacher_none,3
256.189267,1,teacher_none,3
256.256,1,teacher_none,3
256.3561,1,teacher_none,3
256.422833,1,teacher_none,3
256.522933,1,teacher_none,3
256.589667,1,teacher_none,3
256.689767,1,teacher_none,3
256.7565,1,teacher_none,3
256.8566,1,teacher_none,3
256.923333,1,teacher_none,3
257.023433,1,teacher_none,3
257.090167,1,teacher_none,3
257.190267,1,teacher_none,3
257.257,1,teacher_none,3
257.3571,1,teacher_none,3
257.423833,1,teacher_none,3
257.523933,1,teacher_none,3
257.590667,1,teacher_none,3
257.690767,1,teacher_none,3
257.7575,1,teacher_none,3
257.8576,1,teacher_none,3
257.924333,1,teacher_none,3
258.024433,1,teacher_none,3
258.091167,1,teacher_none,3
258.191267,1,teacher_none,3
258.258,1,teacher_none,3
258.3581,1,teacher_none,3
258.424833,1,teacher_none,3
258.524933,1,teacher_none,3
258.591667,1,teacher_none,3
258.691767,1,teacher_none,3
258.7585,1,teacher_none,3
258.8586,1,teacher_none,3
258.925333,1,teacher_none,3
259.025433,1,teacher_none,3
259.092167,1,teacher_none,3
259.192267,1,teacher_none,3
259.259,1,teacher_none,3
259.3591,1,teacher_none,3
259.425833,1,teacher_none,3
259.525933,1,teacher_none,3
259.592667,1,teacher_none,3
259.692767,1,teacher_none,3
259.7595,1,teacher_none,3
259.8596,1,teacher_none,3
259.926333,1,teacher_none,3
260.026433,1,teacher_none,3
260.093167,1,teacher_none,3
260.193267,1,teacher_none,3
260.26,1,teacher_none,3
260.3601,1,teacher_none,3
260.426833,1,teacher_none,3
260.526933,1,teacher_none,3
260.593667,1,teacher_none,3
260.693767,1,teacher_none,3
260.7605,1,teacher_none,3
260.8606,1,teacher_none,3
260.927333,1,teacher_none,3
261.027433,1,teacher_none,3
261.094167,1,teacher_none,3
261.194267,1,teacher_none,3
261.261,1,teacher_none,3
261.3611,1,teacher_none,3
261.427833,1,teacher_none,3
261.527933,1,teacher_none,3
261.594667,1,teacher_none,3
261.694767,1,teacher_none,3
261.7615,1,teacher_none,3
261.8616,1,teacher_none,3
261.928333,1,teacher_none,3
262.028433,1,teacher_none,3
262.095167,1,teacher_none,3
262.195267,1,teacher_none,3
262.262,1,teacher_none,3
262.3621,1,teacher_none,3
262.428833,1,teacher_none,3
262.528933,1,teacher_none,3
262.595667,1,teacher_none,3
262.695767,1,teacher_none,3
262.7625,1,teacher_none,3
262.8626,1,teacher_none,3
262.929333,1,teacher_none,3
263.029433,1,teacher_none,3
263.096167,1,teacher_none,3
263.196267,1,teacher_none,3
263.263,1,teacher_none,3
263.3631,1,teacher_none,3
263.429833,1,teacher_none,3
263.529933,1,teacher_none,3
263.596667,1,teacher_none,3
263.696767,1,teacher_none,3
263.7635,1,teacher_none,3
263.8636,1,teacher_none,3
263.930333,1,teacher_none,3
264.030433,1,teacher_none,3
264.097167,1,teacher_none,3
264.197267,1,teacher_none,3
264.264,1,teacher_none,3
264.3641,1,teacher_none,3
264.430833,1,teacher_none,3
264.530933,1,teacher_none,3
264.597667,1,teacher_none,3
264.697767,1,teacher_none,3
264.7645,1,teacher_none,3
264.8646,1,teacher_none,3
264.931333,1,teacher_none,3
265.031433,1,teacher_none,3
265.098167,1,teacher_none,3
265.198267,1,teacher_none,3
265.265,1,teacher_none,3
265.3651,1,teacher_none,3
265.431833,1,teacher_none,3
265.531933,1,teacher_none,3
265.598667,1,teacher_none,3
265.698767,1,teacher_none,3
265.7655,1,teacher_none,3
265.8656,1,teacher_none,3
265.932333,1,teacher_none,3
266.032433,1,teacher_none,3
266.099167,1,teacher_none,3
266.199267,1,teacher_none,3
266.266,1,teacher_none,3
266.3661,1,teacher_none,3
266.432833,1,teacher_none,3
266.532933,1,teacher_none,3
266.599667,1,teacher_none,3
266.699767,1,teacher_none,3
266.7665,1,teacher_none,3
266.8666,1,teacher_none,3
266.933333,1,teacher_none,3
267.000067,1,teacher_none,3
267.100167,1,teacher_none,0
267.1669,1,teacher_none,0
267.267,1,teacher_none,0
267.333733,1,teacher_none,0
267.433833,1,teacher_none,0
267.500567,1,teacher_none,0
267.600667,1,teacher_none,0
267.6674,1,teacher_none,0
267.7675,1,teacher_none,0
267.834233,1,teacher_none,0
267.934333,1,teacher_none,0
268.001067,1,teacher_none,0
268.101167,1,teacher_none,0
268.1679,1,teacher_none,0
268.268,1,teacher_none,0
268.334733,1,teacher_none,0
268.434833,1,teacher_none,0
268.501567,1,teacher_none,0
268.601667,1,teacher_none,0
268.6684,1,teacher_none,0
268.7685,1,teacher_none,0
268.835233,1,teacher_none,0
268.935333,1,teacher_none,0
269.002067,1,teacher_none,0
269.102167,1,teacher_none,0
269.1689,1,teacher_none,0
269.269,1,teacher_none,0
269.335733,1,teacher_none,0
269.435833,1,teacher_none,0
269.502567,1,teacher_none,0
269.602667,1,teacher_none,0
269.6694,1,teacher_none,0
269.7695,1,teacher_none,0
269.836233,1,teacher_none,0
269.936333,1,teacher_none,0
270.003067,1,teacher_none,0
270.103167,1,teacher_none,0
270.1699,1,teacher_none,0
270.27,1,teacher_none,0
270.336733,1,teacher_none,0
270.436833,1,teacher_none,0
270.503567,1,teacher_none,0
270.603667,1,teacher_none,0
270.6704,1,teacher_none,0
270.7705,1,teacher_none,0
270.837233,1,teacher_none,0
270.937333,1,teacher_none,0
271.004067,1,teacher_none,0
271.104167,1,teacher_none,0
271.1709,1,teacher_none,0
271.271,1,teacher_none,0
271.337733,1,teacher_none,0
271.437833,1,teacher_none,0
271.504567,1,teacher_none,0
271.604667,1,teacher_none,0
271.6714,1,teacher_none,0
271.7715,1,teacher_none,0
271.838233,1,teacher_none,0
271.938333,1,teacher_none,0
272.005067,1,teacher_none,0
272.105167,1,teacher_none,0
272.1719,1,teacher_none,0
272.272,1,teacher_none,0
272.338733,1,teacher_none,0
272.438833,1,teacher_none,0
272.505567,1,teacher_none,0
272.605667,1,teacher_none,0
272.6724,1,teacher_none,0
272.7725,1,teacher_none,0
272.839233,1,teacher_none,0
272.939333,1,teacher_none,0
273.006067,1,teacher_none,0
273.106167,1,teacher_none,0
273.1729,1,teacher_none,0
273.273,1,teacher_none,0
273.339733,1,teacher_none,0
273.439833,1,teacher_none,0
273.506567,1,teacher_none,0
273.606667,1,teacher_none,0
273.6734,1,teacher_none,0
273.7735,1,teacher_none,0
273.840233,1,teacher_none,0
273.940333,1,teacher_none,0
274.007067,1,teacher_none,0
274.107167,1,teacher_none,0
274.1739,1,teacher_none,0
274.274,1,teacher_none,0
274.340733,1,teacher_none,0
274.440833,1,teacher_none,0
274.507567,1,teacher_none,0
274.607667,1,teacher_none,0
274.6744,1,teacher_none,0
274.7745,1,teacher_none,0
274.841233,1,teacher_none,0
274.941333,1,teacher_none,0
275.008067,1,teacher_none,0
275.108167,1,teacher_none,0
275.1749,1,teacher_none,0
275.275,1,teacher_none,0
275.341733,1,teacher_none,0
275.441833,1,teacher_none,0
275.508567,1,teacher_none,0
275.608667,1,teacher_none,0
275.6754,1,teacher_none,0
275.7755,1,teacher_none,0
275.842233,1,teacher_none,0
275.942333,1,teacher_none,0
276.009067,1,teacher_none,0
276.109167,1,teacher_none,0
276.1759,1,teacher_none,0
276.276,1,teacher_none,0
276.342733,1,teacher_none,0
276.442833,1,teacher_none,0
276.509567,1,teacher_none,0
276.609667,1,teacher_none,0
276.6764,1,teacher_none,0
276.7765,1,teacher_none,0
276.843233,1,teacher_none,0
276.943333,1,teacher_none,0
277.010067,1,teacher_none,0
277.110167,1,teacher_none,0
277.1769,1,teacher_none,0
277.277,1,teacher_none,0
277.343733,1,teacher_none,0
277.443833,1,teacher_none,0
277.510567,1,teacher_none,0
277.610667,1,teacher_none,0
277.6774,1,teacher_none,0
277.7775,1,teacher_none,0
277.844233,1,teacher_none,0
277.944333,1,teacher_none,0
278.011067,1,teacher_none,0
278.111167,1,teacher_none,0
278.1779,1,teacher_none,0
278.278,1,teacher_none,0
278.344733,1,teacher_none,0
278.444833,1,teacher_none,0
278.511567,1,teacher_none,0
278.611667,1,teacher_none,0
278.6784,1,teacher_none,0
278.7785,1,teacher_none,0
278.845233,1,teacher_none,0
278.945333,1,teacher_none,0
279.012067,1,teacher_none,0
279.112167,1,teacher_none,0
279.1789,1,teacher_none,0
279.279,1,teacher_none,0
279.345733,1,teacher_none,0
279.445833,1,teacher_none,0
279.512567,1,teacher_none,0
279.612667,1,teacher_none,0
279.6794,1,teacher_none,0
279.7795,1,teacher_none,0
279.846233,1,teacher_none,0
279.946333,1,teacher_none,0
280.013067,1,teacher_none,0
280.113167,1,teacher_none,0
280.1799,1,teacher_none,0
280.28,1,teacher_none,0
280.346733,1,teacher_none,0
280.446833,1,teacher_none,0
280.513567,1,teacher_none,0
280.613667,1,teacher_none,0
280.6804,1,teacher_none,0
280.7805,1,teacher_none,0
280.847233,1,teacher_none,0
280.947333,1,teacher_none,0
281.014067,1,teacher_none,0
281.114167,1,teacher_none,0
281.1809,1,teacher_none,0
281.281,1,teacher_none,0
281.347733,1,teacher_none,0
281.447833,1,teacher_none,0
281.514567,1,teacher_none,0
281.614667,1,teacher_none,0
281.6814,1,teacher_none,0
281.7815,1,teacher_none,0
281.848233,1,teacher_none,0
281.948333,1,teacher_none,0
282.015067,1,teacher_none,0
282.115167,1,teacher_none,0
282.1819,1,teacher_none,0
282.282,1,teacher_none,0
282.348733,1,teacher_none,0
282.448833,1,teacher_none,0
282.515567,1,teacher_none,0
282.615667,1,teacher_none,0
282.6824,1,teacher_none,0
282.7825,1,teacher_none,0
282.849233,1,teacher_none,0
282.949333,1,teacher_none,0
283.016067,1,teacher_none,0
283.116167,1,teacher_none,0
283.1829,1,teacher_none,0
283.283,1,teacher_none,0
283.349733,1,teacher_none,0
283.449833,1,teacher_none,0
283.516567,1,teacher_none,0
283.616667,1,teacher_none,0
283.6834,1,teacher_none,0
283.750133,1,teacher_none,0
283.850233,1,teacher_none,0
283.916967,1,teacher_none,0
284.017067,1,teacher_none,0
284.0838,1,teacher_none,0
284.1839,1,teacher_none,0
284.250633,1,teacher_none,0
284.350733,1,teacher_none,0
284.417467,1,teacher_none,0
284.517567,1,teacher_none,0
284.5843,1,teacher_none,0
284.6844,1,teacher_none,0
284.751133,1,teacher_none,0
284.851233,1,teacher_none,0
284.917967,1,teacher_none,0
285.018067,1,teacher_none,0
285.0848,1,teacher_none,0
285.1849,1,teacher_none,0
285.251633,1,teacher_none,0
285.351733,1,teacher_none,0
285.418467,1,teacher_none,0
285.518567,1,teacher_none,0
285.5853,1,teacher_none,0
285.6854,1,teacher_none,0
285.752133,1,teacher_none,0
285.852233,1,teacher_none,0
285.918967,1,teacher_none,0
286.019067,1,teacher_none,0
286.0858,1,teacher_none,0
286.1859,1,teacher_none,0
286.252633,1,teacher_none,0
286.352733,1,teacher_none,0
286.419467,1,teacher_none,0
286.519567,1,teacher_none,0
286.5863,1,teacher_none,0
286.6864,1,teacher_none,0
286.753133,1,teacher_none,0
286.853233,1,teacher_none,0
286.919967,1,teacher_none,0
287.020067,1,teacher_none,0
287.0868,1,teacher_none,0
287.1869,1,teacher_none,0
287.253633,1,teacher_none,0
287.353733,1,teacher_none,0
287.420467,1,teacher_none,0
287.520567,1,teacher_none,0
287.5873,1,teacher_none,0
287.6874,1,teacher_none,0
287.754133,1,teacher_none,0
287.854233,1,teacher_none,0
287.920967,1,teacher_none,0
288.021067,1,teacher_none,0
288.0878,1,teacher_none,0
288.1879,1,teacher_none,0
288.254633,1,teacher_none,0
288.354733,1,teacher_none,0
288.421467,1,teacher_none,0
288.521567,1,teacher_none,0
288.5883,1,teacher_none,0
288.6884,1,teacher_none,0
288.755133,1,teacher_none,0
288.855233,1,teacher_none,0
288.921967,1,teacher_none,0
289.022067,1,teacher_none,0
289.0888,1,teacher_none,0
289.1889,1,teacher_none,0
289.255633,1,teacher_none,0
289.355733,1,teacher_none,0
289.422467,1,teacher_none,0
289.522567,1,teacher_none,0
289.5893,1,teacher_none,0
289.6894,1,teacher_none,0
289.756133,1,teacher_none,0
289.856233,1,teacher_none,0
289.922967,1,teacher_none,0
290.023067,1,teacher_none,0
290.0898,1,teacher_none,0
290.1899,1,teacher_none,0
290.256633,1,teacher_none,0
290.356733,1,teacher_none,0
290.423467,1,teacher_none,0
290.523567,1,teacher_none,0
290.5903,1,teacher_none,0
290.6904,1,teacher_none,0
290.757133,1,teacher_none,0
290.857233,1,teacher_none,0
290.923967,1,teacher_none,0
291.024067,1,teacher_none,0
291.0908,1,teacher_none,0
291.1909,1,teacher_none,0
291.257633,1,teacher_none,0
291.357733,1,teacher_none,0
291.424467,1,teacher_none,0
291.524567,1,teacher_none,0
291.5913,1,teacher_none,0
291.6914,1,teacher_none,0
291.758133,1,teacher_none,0
291.858233,1,teacher_none,0
291.924967,1,teacher_none,0
292.025067,1,teacher_none,0
292.0918,1,teacher_none,0
292.1919,1,teacher_none,0
292.258633,1,teacher_none,0
292.358733,1,teacher_none,0
292.425467,1,teacher_none,0
292.525567,1,teacher_none,0
292.5923,1,teacher_none,0
292.6924,1,teacher_none,0
292.759133,1,teacher_none,0
292.859233,1,teacher_none,0
292.925967,1,teacher_none,0
293.026067,1,teacher_none,0
293.0928,1,teacher_none,0
293.1929,1,teacher_none,0
293.259633,1,teacher_none,0
293.359733,1,teacher_none,0
293.426467,1,teacher_none,0
293.526567,1,teacher_none,0
293.5933,1,teacher_none,0
293.6934,1,teacher_none,0
293.760133,1,teacher_none,0
293.860233,1,teacher_none,0
293.926967,1,teacher_none,0
294.027067,1,teacher_none,0
294.0938,1,teacher_none,0
294.1939,1,teacher_none,0
294.260633,1,teacher_none,0
294.360733,1,teacher_none,0
294.427467,1,teacher_none,0
294.527567,1,teacher_none,0
294.5943,1,teacher_none,0
294.6944,1,teacher_none,0
294.761133,1,teacher_none,0
294.861233,1,teacher_none,0
294.927967,1,teacher_none,0
295.028067,1,teacher_none,0
295.0948,1,teacher_none,0
295.1949,1,teacher_none,0
295.261633,1,teacher_none,0
295.361733,1,teacher_none,0
295.428467,1,teacher_none,0
295.528567,1,teacher_none,0
295.5953,1,teacher_none,0
295.6954,1,teacher_none,0
295.762133,1,teacher_none,0
295.862233,1,teacher_none,0
295.928967,1,teacher_none,0
296.029067,1,teacher_none,0
296.0958,1,teacher_none,0
296.1959,1,teacher_none,0
296.262633,1,teacher_none,0
296.362733,1,teacher_none,0
296.429467,1,teacher_none,0
296.529567,1,teacher_none,0
296.5963,1,teacher_none,0
296.6964,1,teacher_none,0
296.763133,1,teacher_none,0
296.863233,1,teacher_none,0
296.929967,1,teacher_none,0
297.030067,1,teacher_none,0
297.0968,1,teacher_none,0
297.1969,1,teacher_none,0
297.263633,1,teacher_none,0
297.363733,1,teacher_none,0
297.430467,1,teacher_none,0
297.530567,1,teacher_none,0
297.5973,1,teacher_none,0
297.6974,1,teacher_none,0
297.764133,1,teacher_none,0
297.864233,1,teacher_none,0
297.930967,1,teacher_none,0
298.031067,1,teacher_none,0
298.0978,1,teacher_none,0
298.1979,1,teacher_none,0
298.264633,1,teacher_none,0
298.364733,1,teacher_none,0
298.431467,1,teacher_none,0
298.531567,1,teacher_none,0
298.5983,1,teacher_none,0
298.6984,1,teacher_none,0
298.765133,1,teacher_none,0
298.865233,1,teacher_none,0
298.931967,1,teacher_none,0
299.032067,1,teacher_none,0
299.0988,1,teacher_none,0
299.1989,1,teacher_none,0
299.265633,1,teacher_none,0
299.365733,1,teacher_none,0
299.432467,1,teacher_none,0
299.532567,1,teacher_none,0
299.5993,1,teacher_none,0
299.6994,1,teacher_none,0
299.766133,1,teacher_none,0
299.866233,1,teacher_none,0
299.932967,1,teacher_none,0
300.033067,1,teacher_none,0
300.0998,1,teacher_none,0
300.1999,1,teacher_none,0
300.266633,1,teacher_none,0
300.333367,1,teacher_none,0
300.433467,1,teacher_none,0
300.5002,1,teacher_none,0
300.6003,1,teacher_none,0
300.667033,1,teacher_none,0
300.767133,1,teacher_none,0
300.833867,1,teacher_none,0
300.933967,1,teacher_none,0
301.0007,1,teacher_none,0
301.1008,1,teacher_none,0
301.167533,1,teacher_none,0
301.267633,1,teacher_none,0
301.334367,1,teacher_none,0
301.434467,1,teacher_none,0
301.5012,1,teacher_none,0
301.6013,1,teacher_none,0
301.668033,1,teacher_none,0
301.768133,1,teacher_none,0
301.834867,1,teacher_none,0
301.934967,1,teacher_none,0
302.0017,1,teacher_none,0
302.1018,1,teacher_none,0
302.168533,1,teacher_none,0
302.268633,1,teacher_none,0
302.335367,1,teacher_none,0
302.435467,1,teacher_none,0
302.5022,1,teacher_none,0
302.6023,1,teacher_none,0
302.669033,1,teacher_none,0
302.769133,1,teacher_none,0
302.835867,1,teacher_none,0
302.935967,1,teacher_none,0
303.0027,1,teacher_none,0
303.1028,1,teacher_none,0
303.169533,1,teacher_none,0
303.269633,1,teacher_none,0
303.336367,1,teacher_none,0
303.436467,1,teacher_none,0
303.5032,1,teacher_none,0
303.6033,1,teacher_none,0
303.670033,1,teacher_none,0
303.770133,1,teacher_none,0
303.836867,1,teacher_none,0
303.936967,1,teacher_none,0
304.0037,1,teacher_none,0
304.1038,1,teacher_none,0
304.170533,1,teacher_none,0
304.270633,1,teacher_none,0
304.337367,1,teacher_none,0
304.437467,1,teacher_none,0
304.5042,1,teacher_none,0
304.6043,1,teacher_none,0
304.671033,1,teacher_none,0
304.771133,1,teacher_none,0
304.837867,1,teacher_none,0
304.937967,1,teacher_none,0
305.0047,1,teacher_none,0
305.1048,1,teacher_none,0
305.171533,1,teacher_none,0
305.271633,1,teacher_none,0
305.338367,1,teacher_none,0
305.438467,1,teacher_none,0
305.5052,1,teacher_none,0
305.6053,1,teacher_none,0
305.672033,1,teacher_none,0
305.772133,1,teacher_none,0
305.838867,1,teacher_none,0
305.938967,1,teacher_none,0
306.0057,1,teacher_none,0
306.1058,1,teacher_none,0
306.172533,1,teacher_none,0
306.272633,1,teacher_none,0
306.339367,1,teacher_none,0
306.439467,1,teacher_none,0
306.5062,1,teacher_none,0
306.6063,1,teacher_none,0
306.673033,1,teacher_none,0
306.773133,1,teacher_none,0
306.839867,1,teacher_none,0
306.939967,1,teacher_none,0
307.0067,1,teacher_none,0
307.1068,1,teacher_none,0
307.173533,1,teacher_none,0
307.273633,1,teacher_none,0
307.340367,1,teacher_none,0
307.440467,1,teacher_none,0
307.5072,1,teacher_none,0
307.6073,1,teacher_none,0
307.674033,1,teacher_none,0
307.774133,1,teacher_none,0
307.840867,1,teacher_none,0
307.940967,1,teacher_none,0
308.0077,1,teacher_none,0
308.1078,1,teacher_none,0
308.174533,1,teacher_none,0
308.274633,1,teacher_none,0
308.341367,1,teacher_none,0
308.441467,1,teacher_none,0
308.5082,1,teacher_none,0
308.6083,1,teacher_none,0
308.675033,1,teacher_none,0
308.775133,1,teacher_none,0
308.841867,1,teacher_none,0
308.941967,1,teacher_none,0
309.0087,1,teacher_none,0
309.1088,1,teacher_none,0
309.175533,1,teacher_none,0
309.275633,1,teacher_none,0
309.342367,1,teacher_none,0
309.442467,1,teacher_none,0
309.5092,1,teacher_none,0
309.6093,1,teacher_none,0
309.676033,1,teacher_none,0
309.776133,1,teacher_none,0
309.842867,1,teacher_none,0
309.942967,1,teacher_none,0
310.0097,1,teacher_none,0
310.1098,1,teacher_none,0
310.176533,1,teacher_none,0
310.276633,1,teacher_none,0
310.343367,1,teacher_none,0
310.443467,1,teacher_none,0
310.5102,1,teacher_none,0
310.6103,1,teacher_none,0
310.677033,1,teacher_none,0
310.777133,1,teacher_none,0
310.843867,1,teacher_none,0
310.943967,1,teacher_none,0
311.0107,1,teacher_none,0
311.1108,1,teacher_none,0
311.177533,1,teacher_none,0
311.277633,1,teacher_none,0
311.344367,1,teacher_none,0
311.444467,1,teacher_none,0
311.5112,1,teacher_none,0
311.6113,1,teacher_none,0
311.678033,1,teacher_none,0
311.778133,1,teacher_none,0
311.844867,1,teacher_none,0
311.944967,1,teacher_none,0
312.0117,1,teacher_none,0
312.1118,1,teacher_none,0
312.178533,1,teacher_none,0
312.278633,1,teacher_none,0
312.345367,1,teacher_none,0
312.445467,1,teacher_none,0
312.5122,1,teacher_none,0
312.6123,1,teacher_none,0
312.679033,1,teacher_none,0
312.779133,1,teacher_none,0
312.845867,1,teacher_none,0
312.945967,1,teacher_none,0
313.0127,1,teacher_none,0
313.1128,1,teacher_none,0
313.179533,1,teacher_none,0
313.279633,1,teacher_none,0
313.346367,1,teacher_none,0
313.446467,1,teacher_none,0
313.5132,1,teacher_none,0
313.6133,1,teacher_none,0
313.680033,1,teacher_none,0
313.780133,1,teacher_none,0
313.846867,1,teacher_none,0
313.946967,1,teacher_none,0
314.0137,1,teacher_none,0
314.1138,1,teacher_none,0
314.180533,1,teacher_none,0
314.280633,1,teacher_none,0
314.347367,1,teacher_none,0
314.447467,1,teacher_none,0
314.5142,1,teacher_none,0
314.6143,1,teacher_none,0
314.681033,1,teacher_none,0
314.781133,1,teacher_none,0
314.847867,1,teacher_none,0
314.947967,1,teacher_none,0
315.0147,1,teacher_none,0
315.1148,1,teacher_none,0
315.181533,1,teacher_none,0
315.281633,1,teacher_none,0
315.348367,1,teacher_none,0
315.448467,1,teacher_none,0
315.5152,1,teacher_none,0
315.6153,1,teacher_none,0
315.682033,1,teacher_none,0
315.782133,1,teacher_none,0
315.848867,1,teacher_none,0
315.948967,1,teacher_none,0
316.0157,1,teacher_none,0
316.1158,1,teacher_none,0
316.182533,1,teacher_none,0
316.282633,1,teacher_none,0
316.349367,1,teacher_none,0
316.449467,1,teacher_none,0
316.5162,1,teacher_none,0
316.6163,1,teacher_none,0
316.683033,1,teacher_none,0
316.783133,1,teacher_none,0
316.849867,1,teacher_none,0
316.949967,1,teacher_none,0
317.0167,1,teacher_none,0
317.083433,1,teacher_none,0
317.183533,1,teacher_none,0
317.250267,1,teacher_none,0
317.350367,1,teacher_none,0
317.4171,1,teacher_none,0
317.5172,1,teacher_none,0
317.583933,1,teacher_none,0
317.684033,1,teacher_none,0
317.750767,1,teacher_none,0
317.850867,1,teacher_none,0
317.9176,1,teacher_none,0
318.0177,1,teacher_none,0
318.084433,1,teacher_none,0
318.184533,1,teacher_none,0
318.251267,1,teacher_none,0
318.351367,1,teacher_none,0
318.4181,1,teacher_none,0
318.5182,1,teacher_none,0
318.584933,1,teacher_none,0
318.685033,1,teacher_none,0
318.751767,1,teacher_none,0
318.851867,1,teacher_none,0
318.9186,1,teacher_none,0
319.0187,1,teacher_none,0
319.085433,1,teacher_none,0
319.185533,1,teacher_none,0
319.252267,1,teacher_none,0
319.352367,1,teacher_none,0
319.4191,1,teacher_none,0
319.5192,1,teacher_none,0
319.585933,1,teacher_none,0
319.686033,1,teacher_none,0
319.752767,1,teacher_none,0
319.852867,1,teacher_none,0
319.9196,1,teacher_none,0
320.0197,1,teacher_none,0
320.086433,1,teacher_none,0
320.186533,1,teacher_none,0
320.253267,1,teacher_none,0
320.353367,1,teacher_none,0
320.4201,1,teacher_none,0
320.5202,1,teacher_none,0
320.586933,1,teacher_none,0
320.687033,1,teacher_none,0
320.753767,1,teacher_none,0
320.853867,1,teacher_none,0
320.9206,1,teacher_none,0
321.0207,1,teacher_none,0
321.087433,1,teacher_none,0
321.187533,1,teacher_none,0
321.254267,1,teacher_none,0
321.354367,1,teacher_none,0
321.4211,1,teacher_none,0
321.5212,1,teacher_none,0
321.587933,1,teacher_none,0
321.688033,1,teacher_none,0
321.754767,1,teacher_none,0
321.854867,1,teacher_none,0
321.9216,1,teacher_none,0
322.0217,1,teacher_none,0
322.088433,1,teacher_none,0
322.188533,1,teacher_none,0
322.255267,1,teacher_none,0
322.355367,1,teacher_none,0
322.4221,1,teacher_none,0
322.5222,1,teacher_none,0
322.588933,1,teacher_none,0
322.689033,1,teacher_none,0
322.755767,1,teacher_none,0
322.855867,1,teacher_none,0
322.9226,1,teacher_none,0
323.0227,1,teacher_none,0
323.089433,1,teacher_none,0
323.189533,1,teacher_none,0
323.256267,1,teacher_none,0
323.356367,1,teacher_none,0
323.4231,1,teacher_none,0
323.5232,1,teacher_none,0
323.589933,1,teacher_none,0
323.690033,1,teacher_none,0
323.756767,1,teacher_none,0
323.856867,1,teacher_none,0
323.9236,1,teacher_none,0
324.0237,1,teacher_none,0
324.090433,1,teacher_none,0
324.190533,1,teacher_none,0
324.257267,1,teacher_none,0
324.357367,1,teacher_none,0
324.4241,1,teacher_none,0
324.5242,1,teacher_none,0
324.590933,1,teacher_none,0
324.691033,1,teacher_none,0
324.757767,1,teacher_none,0
324.857867,1,teacher_none,0
324.9246,1,teacher_none,0
325.0247,1,teacher_none,0
325.091433,1,teacher_none,0
325.191533,1,teacher_none,0
325.258267,1,teacher_none,0
325.358367,1,teacher_none,0
325.4251,1,teacher_none,0
325.5252,1,teacher_none,0
325.591933,1,teacher_none,0
325.692033,1,teacher_none,0
325.758767,1,teacher_none,0
325.858867,1,teacher_none,0
325.9256,1,teacher_none,0
326.0257,1,teacher_none,0
326.092433,1,teacher_none,0
326.192533,1,teacher_none,0
326.259267,1,teacher_none,0
326.359367,1,teacher_none,0
326.4261,1,teacher_none,0
326.5262,1,teacher_none,0
326.592933,1,teacher_none,0
326.693033,1,teacher_none,0
326.759767,1,teacher_none,0
326.859867,1,teacher_none,0
326.9266,1,teacher_none,0
327.0267,1,teacher_none,0
327.093433,1,teacher_none,0
327.193533,1,teacher_none,0
327.260267,1,teacher_none,0
327.360367,1,teacher_none,0
327.4271,1,teacher_none,0
327.5272,1,teacher_none,0
327.593933,1,teacher_none,0
327.694033,1,teacher_none,0
327.760767,1,teacher_none,0
327.860867,1,teacher_none,0
327.9276,1,teacher_none,0
328.0277,1,teacher_none,0
328.094433,1,teacher_none,0
328.194533,1,teacher_none,0
328.261267,1,teacher_none,0
328.361367,1,teacher_none,0
328.4281,1,teacher_none,0
328.5282,1,teacher_none,0
328.594933,1,teacher_none,0
328.695033,1,teacher_none,0
328.761767,1,teacher_none,0
328.861867,1,teacher_none,0
328.9286,1,teacher_none,0
329.0287,1,teacher_none,0
329.095433,1,teacher_none,0
329.195533,1,teacher_none,0
329.262267,1,teacher_none,0
329.362367,1,teacher_none,0
329.4291,1,teacher_none,0
329.5292,1,teacher_none,0
329.595933,1,teacher_none,0
329.696033,1,teacher_none,0
329.762767,1,teacher_none,0
329.862867,1,teacher_none,0
329.9296,1,teacher_none,0
330.0297,1,teacher_none,0
330.096433,1,teacher_none,0
330.196533,1,teacher_none,0
330.263267,1,teacher_none,0
330.363367,1,teacher_none,0
330.4301,1,teacher_none,0
330.5302,1,teacher_none,0
330.596933,1,teacher_none,0
330.697033,1,teacher_none,0
330.763767,1,teacher_none,0
330.863867,1,teacher_none,0
330.9306,1,teacher_none,0
331.0307,1,teacher_none,0
331.097433,1,teacher_none,0
331.197533,1,teacher_none,0
331.264267,1,teacher_none,0
331.364367,1,teacher_none,0
331.4311,1,teacher_none,0
331.5312,1,teacher_none,0
331.597933,1,teacher_none,0
331.698033,1,teacher_none,0
331.764767,1,teacher_none,0
331.864867,1,teacher_none,0
331.9316,1,teacher_none,0
332.0317,1,teacher_none,0
332.098433,1,teacher_none,0
332.198533,1,teacher_none,0
332.265267,1,teacher_none,0
332.365367,1,teacher_none,0
332.4321,1,teacher_none,0
332.5322,1,teacher_none,0
332.598933,1,teacher_none,0
332.699033,1,teacher_none,0
332.765767,1,teacher_none,0
332.865867,1,teacher_none,0
332.9326,1,teacher_none,0
333.0327,1,teacher_none,0
333.099433,1,teacher_none,0
333.199533,1,teacher_none,0
333.266267,1,teacher_none,0
333.366367,1,teacher_none,0
333.4331,1,teacher_none,0
333.5332,1,teacher_none,0
333.599933,1,teacher_none,0
333.666667,1,teacher_none,0
333.766767,1,teacher_none,0
333.8335,1,teacher_none,0
333.9336,1,teacher_none,0
334.000333,1,teacher_none,0
334.100433,1,teacher_none,0
334.167167,1,teacher_none,0
334.267267,1,teacher_none,0
334.334,1,teacher_none,0
334.4341,1,teacher_none,0
334.500833,1,teacher_none,0
334.600933,1,teacher_none,0
334.667667,1,teacher_none,0
334.767767,1,teacher_none,0
334.8345,1,teacher_none,0
334.9346,1,teacher_none,0
335.001333,1,teacher_none,0
335.101433,1,teacher_none,0
335.168167,1,teacher_none,0
335.268267,1,teacher_none,0
335.335,1,teacher_none,0
335.4351,1,teacher_none,0
335.501833,1,teacher_none,0
335.601933,1,teacher_none,0
335.668667,1,teacher_none,0
335.768767,1,teacher_none,0
335.8355,1,teacher_none,0
335.9356,1,teacher_none,0
336.002333,1,teacher_none,0
336.102433,1,teacher_none,0
336.169167,1,teacher_none,0
336.269267,1,teacher_none,0
336.336,1,teacher_none,0
336.4361,1,teacher_none,0
336.502833,1,teacher_none,0
336.602933,1,teacher_none,0
336.669667,1,teacher_none,0
336.769767,1,teacher_none,0
336.8365,1,teacher_none,0
336.9366,1,teacher_none,0
337.003333,1,teacher_none,0
337.103433,1,teacher_none,0
337.170167,1,teacher_none,0
337.270267,1,teacher_none,0
337.337,1,teacher_none,0
337.4371,1,teacher_none,0
337.503833,1,teacher_none,0
337.603933,1,teacher_none,0
337.670667,1,teacher_none,0
337.770767,1,teacher_none,0
337.8375,1,teacher_none,0
337.9376,1,teacher_none,0
338.004333,1,teacher_none,0
338.104433,1,teacher_none,0
338.171167,1,teacher_none,0
338.271267,1,teacher_none,0
338.338,1,teacher_none,0
338.4381,1,teacher_none,0
338.504833,1,teacher_none,0
338.604933,1,teacher_none,0
338.671667,1,teacher_none,0
338.771767,1,teacher_none,0
338.8385,1,teacher_none,0
338.9386,1,teacher_none,0
339.005333,1,teacher_none,0
339.105433,1,teacher_none,0
339.172167,1,teacher_none,0
339.272267,1,teacher_none,0
339.339,1,teacher_none,0
339.4391,1,teacher_none,0
339.505833,1,teacher_none,0
339.605933,1,teacher_none,0
339.672667,1,teacher_none,0
339.772767,1,teacher_none,0
339.8395,1,teacher_none,0
339.9396,1,teacher_none,0
340.006333,1,teacher_none,0
340.106433,1,teacher_none,0
340.173167,1,teacher_none,0
340.273267,1,teacher_none,0
340.34,1,teacher_none,0
340.4401,1,teacher_none,0
340.506833,1,teacher_none,0
340.606933,1,teacher_none,0
340.673667,1,teacher_none,0
340.773767,1,teacher_none,0
340.8405,1,teacher_none,0
340.9406,1,teacher_none,0
341.007333,1,teacher_none,0
341.107433,1,teacher_none,0
341.174167,1,teacher_none,0
341.274267,1,teacher_none,0
341.341,1,teacher_none,0
341.4411,1,teacher_none,0
341.507833,1,teacher_none,0
341.607933,1,teacher_none,0
341.674667,1,teacher_none,0
341.774767,1,teacher_none,0
341.8415,1,teacher_none,0
341.9416,1,teacher_none,0
342.008333,1,teacher_none,0
342.108433,1,teacher_none,0
342.175167,1,teacher_none,0
342.275267,1,teacher_none,0
342.342,1,teacher_none,0
342.4421,1,teacher_none,0
342.508833,1,teacher_none,0
342.608933,1,teacher_none,0
342.675667,1,teacher_none,0
342.775767,1,teacher_none,0
342.8425,1,teacher_none,0
342.9426,1,teacher_none,0
343.009333,1,teacher_none,0
343.109433,1,teacher_none,0
343.176167,1,teacher_none,0
343.276267,1,teacher_none,0
343.343,1,teacher_none,0
343.4431,1,teacher_none,0
343.509833,1,teacher_none,0
343.609933,1,teacher_none,0
343.676667,1,teacher_none,0
343.776767,1,teacher_none,0
343.8435,1,teacher_none,0
343.9436,1,teacher_none,0
344.010333,1,teacher_none,0
344.110433,1,teacher_none,0
344.177167,1,teacher_none,0
344.277267,1,teacher_none,0
344.344,1,teacher_none,0
344.4441,1,teacher_none,0
344.510833,1,teacher_none,0
344.610933,1,teacher_none,0
344.677667,1,teacher_none,0
344.777767,1,teacher_none,0
344.8445,1,teacher_none,0
344.9446,1,teacher_none,0
345.011333,1,teacher_none,0
345.111433,1,teacher_none,0
345.178167,1,teacher_none,0
345.278267,1,teacher_none,0
345.345,1,teacher_none,0
345.4451,1,teacher_none,0
345.511833,1,teacher_none,0
345.611933,1,teacher_none,0
345.678667,1,teacher_none,0
345.778767,1,teacher_none,0
345.8455,1,teacher_none,0
345.9456,1,teacher_none,0
346.012333,1,teacher_none,0
346.112433,1,teacher_none,0
346.179167,1,teacher_none,0
346.279267,1,teacher_none,0
346.346,1,teacher_none,0
346.4461,1,teacher_none,0
346.512833,1,teacher_none,0
346.612933,1,teacher_none,0
346.679667,1,teacher_none,0
346.779767,1,teacher_none,0
346.8465,1,teacher_none,0
346.9466,1,teacher_none,0
347.013333,1,teacher_none,0
347.113433,1,teacher_none,0
347.180167,1,teacher_none,0
347.280267,1,teacher_none,0
347.347,1,teacher_none,0
347.4471,1,teacher_none,0
347.513833,1,teacher_none,0
347.613933,1,teacher_none,0
347.680667,1,teacher_none,0
347.780767,1,teacher_none,0
347.8475,1,teacher_none,0
347.9476,1,teacher_none,0
348.014333,1,teacher_none,0
348.114433,1,teacher_none,0
348.181167,1,teacher_none,0
348.281267,1,teacher_none,0
348.348,1,teacher_none,0
348.4481,1,teacher_none,0
348.514833,1,teacher_none,0
348.614933,1,teacher_none,0
348.681667,1,teacher_none,0
348.781767,1,teacher_none,0
348.8485,1,teacher_none,0
348.9486,1,teacher_none,0
349.015333,1,teacher_none,0
349.115433,1,teacher_none,0
349.182167,1,teacher_none,0
349.282267,1,teacher_none,0
349.349,1,teacher_none,0
349.4491,1,teacher_none,0
349.515833,1,teacher_none,0
349.615933,1,teacher_none,0
349.682667,1,teacher_none,0
349.782767,1,teacher_none,0
349.8495,1,teacher_none,0
349.9496,1,teacher_none,0
350.016333,1,teacher_none,0
350.116433,1,teacher_none,0
350.183167,1,teacher_none,0
350.283267,1,teacher_none,0
350.35,1,teacher_none,0
350.416733,1,teacher_none,0
350.516833,1,teacher_none,0
350.583567,1,teacher_none,0
350.683667,1,teacher_none,0
350.7504,1,teacher_none,0
350.8505,1,teacher_none,0
350.917233,1,teacher_none,0
351.017333,1,teacher_none,0
351.084067,1,teacher_none,0
351.184167,1,teacher_none,0
351.2509,1,teacher_none,0
351.351,1,teacher_none,0
351.417733,1,teacher_none,0
351.517833,1,teacher_none,0
351.584567,1,teacher_none,0
351.684667,1,teacher_none,0
351.7514,1,teacher_none,0
351.8515,1,teacher_none,0
351.918233,1,teacher_none,0
352.018333,1,teacher_none,0
352.085067,1,teacher_none,0
352.185167,1,teacher_none,0
352.2519,1,teacher_none,0
352.352,1,teacher_none,0
352.418733,1,teacher_none,0
352.518833,1,teacher_none,0
352.585567,1,teacher_none,0
352.685667,1,teacher_none,0
352.7524,1,teacher_none,0
352.8525,1,teacher_none,0
352.919233,1,teacher_none,0
353.019333,1,teacher_none,0
353.086067,1,teacher_none,0
353.186167,1,teacher_none,0
353.2529,1,teacher_none,0
353.353,1,teacher_none,0
353.419733,1,teacher_none,0
353.519833,1,teacher_none,0
353.586567,1,teacher_none,0
353.686667,1,teacher_none,0
353.7534,1,teacher_none,0
353.8535,1,teacher_none,0
353.920233,1,teacher_none,0
354.020333,1,teacher_none,0
354.087067,1,teacher_none,0
354.187167,1,teacher_none,0
354.2539,1,teacher_none,0
354.354,1,teacher_none,0
354.420733,1,teacher_none,0
354.520833,1,teacher_none,0
354.587567,1,teacher_none,0
354.687667,1,teacher_none,0
354.7544,1,teacher_none,0
354.8545,1,teacher_none,0
354.921233,1,teacher_none,0
355.021333,1,teacher_none,0
355.088067,1,teacher_none,0
355.188167,1,teacher_none,0
355.2549,1,teacher_none,0
355.355,1,teacher_none,0
355.421733,1,teacher_none,0
355.521833,1,teacher_none,0
355.588567,1,teacher_none,0
355.688667,1,teacher_none,0
355.7554,1,teacher_none,0
355.8555,1,teacher_none,0
355.922233,1,teacher_none,0
356.022333,1,teacher_none,0
356.089067,1,teacher_none,0
356.189167,1,teacher_none,0
356.2559,1,teacher_none,0
356.356,1,teacher_none,0
356.422733,1,teacher_none,0
356.522833,1,teacher_none,0
356.589567,1,teacher_none,0
356.689667,1,teacher_none,0
356.7564,1,teacher_none,0
356.8565,1,teacher_none,0
356.923233,1,teacher_none,0
357.023333,1,teacher_none,0
357.090067,1,teacher_none,0
357.190167,1,teacher_none,0
357.2569,1,teacher_none,0
357.357,1,teacher_none,0
357.423733,1,teacher_none,0
357.523833,1,teacher_none,0
357.590567,1,teacher_none,0
357.690667,1,teacher_none,0
357.7574,1,teacher_none,0
357.8575,1,teacher_none,0
357.924233,1,teacher_none,0
358.024333,1,teacher_none,0
358.091067,1,teacher_none,0
358.191167,1,teacher_none,0
358.2579,1,teacher_none,0
358.358,1,teacher_none,0
358.424733,1,teacher_none,0
358.524833,1,teacher_none,0
358.591567,1,teacher_none,0
358.691667,1,teacher_none,0
358.7584,1,teacher_none,0
358.8585,1,teacher_none,0
358.925233,1,teacher_none,0
359.025333,1,teacher_none,0
359.092067,1,teacher_none,0
359.192167,1,teacher_none,0
359.2589,1,teacher_none,0
359.359,1,teacher_none,0
359.425733,1,teacher_none,0
359.525833,1,teacher_none,0
359.592567,1,teacher_none,0
359.692667,1,teacher_none,0
359.7594,1,teacher_none,0
359.8595,1,teacher_none,0
359.926233,1,teacher_none,0
360.026333,1,teacher_none,0
360.093067,1,teacher_none,0
360.193167,1,teacher_none,0
360.2599,1,teacher_none,0
360.36,1,teacher_none,0
360.426733,1,teacher_none,0
360.526833,1,teacher_none,0
360.593567,1,teacher_none,0
360.693667,1,teacher_none,0
360.7604,1,teacher_none,0
360.8605,1,teacher_none,0
360.927233,1,teacher_none,0
361.027333,1,teacher_none,0
361.094067,1,teacher_none,0
361.194167,1,teacher_none,0
361.2609,1,teacher_none,0
361.361,1,teacher_none,0
361.427733,1,teacher_none,0
361.527833,1,teacher_none,0
361.594567,1,teacher_none,0
361.694667,1,teacher_none,0
361.7614,1,teacher_none,0
361.8615,1,teacher_none,0
361.928233,1,teacher_none,0
362.028333,1,teacher_none,0
362.095067,1,teacher_none,0
362.195167,1,teacher_none,0
362.2619,1,teacher_none,0
362.362,1,teacher_none,0
362.428733,1,teacher_none,0
362.528833,1,teacher_none,0
362.595567,1,teacher_none,0
362.695667,1,teacher_none,0
362.7624,1,teacher_none,0
362.8625,1,teacher_none,0
362.929233,1,teacher_none,0
363.029333,1,teacher_none,0
363.096067,1,teacher_none,0
363.196167,1,teacher_none,0
363.2629,1,teacher_none,0
363.363,1,teacher_none,0
363.429733,1,teacher_none,0
363.529833,1,teacher_none,0
363.596567,1,teacher_none,0
363.696667,1,teacher_none,0
363.7634,1,teacher_none,0
363.8635,1,teacher_none,0
363.930233,1,teacher_none,0
364.030333,1,teacher_none,0
364.097067,1,teacher_none,0
364.197167,1,teacher_none,0
364.2639,1,teacher_none,0
364.364,1,teacher_none,0
364.430733,1,teacher_none,0
364.530833,1,teacher_none,0
364.597567,1,teacher_none,0
364.697667,1,teacher_none,0
364.7644,1,teacher_none,0
364.8645,1,teacher_none,0
364.931233,1,teacher_none,0
365.031333,1,teacher_none,0
365.098067,1,teacher_none,0
365.198167,1,teacher_none,0
365.2649,1,teacher_none,0
365.365,1,teacher_none,0
365.431733,1,teacher_none,0
365.531833,1,teacher_none,0
365.598567,1,teacher_none,0
365.698667,1,teacher_none,0
365.7654,1,teacher_none,0
365.8655,1,teacher_none,0
365.932233,1,teacher_none,0
366.032333,1,teacher_none,0
366.099067,1,teacher_none,0
366.199167,1,teacher_none,0
366.2659,1,teacher_none,0
366.366,1,teacher_none,0
366.432733,1,teacher_none,0
366.532833,1,teacher_none,0
366.599567,1,teacher_none,0
366.699667,1,teacher_none,0
366.7664,1,teacher_none,0
366.8665,1,teacher_none,0
366.933233,1,teacher_none,0
367.033333,1,teacher_none,0
367.100067,1,teacher_none,0
367.1668,1,teacher_none,0
367.2669,1,teacher_none,0
367.333633,1,teacher_none,0
367.433733,1,teacher_none,0
367.500467,1,teacher_none,0
367.600567,1,teacher_none,0
367.6673,1,teacher_none,0
367.7674,1,teacher_none,0
367.834133,1,teacher_none,0
367.934233,1,teacher_none,0
368.000967,1,teacher_none,0
368.101067,1,teacher_none,0
368.1678,1,teacher_none,0
368.2679,1,teacher_none,0
368.334633,1,teacher_none,0
368.434733,1,teacher_none,0
368.501467,1,teacher_none,0
368.601567,1,teacher_none,0
368.6683,1,teacher_none,0
368.7684,1,teacher_none,0
368.835133,1,teacher_none,0
368.935233,1,teacher_none,0
369.001967,1,teacher_none,0
369.102067,1,teacher_none,0
369.1688,1,teacher_none,0
369.2689,1,teacher_none,0
369.335633,1,teacher_none,0
369.435733,1,teacher_none,0
369.502467,1,teacher_none,0
369.602567,1,teacher_none,0
369.6693,1,teacher_none,0
369.7694,1,teacher_none,0
369.836133,1,teacher_none,0
369.936233,1,teacher_none,0
370.002967,1,teacher_none,0
370.103067,1,teacher_none,0
370.1698,1,teacher_none,0
370.2699,1,teacher_none,0
370.336633,1,teacher_none,0
370.436733,1,teacher_none,0
370.503467,1,teacher_none,0
370.603567,1,teacher_none,0
370.6703,1,teacher_none,0
370.7704,1,teacher_none,0
370.837133,1,teacher_none,0
370.937233,1,teacher_none,0
371.003967,1,teacher_none,0
371.104067,1,teacher_none,0
371.1708,1,teacher_none,0
371.2709,1,teacher_none,0
371.337633,1,teacher_none,0
371.437733,1,teacher_none,0
371.504467,1,teacher_none,0
371.604567,1,teacher_none,0
371.6713,1,teacher_none,0
371.7714,1,teacher_none,0
371.838133,1,teacher_none,0
371.938233,1,teacher_none,0
372.004967,1,teacher_none,0
372.105067,1,teacher_none,0
372.1718,1,teacher_none,0
372.2719,1,teacher_none,0
372.338633,1,teacher_none,0
372.438733,1,teacher_none,0
372.505467,1,teacher_none,0
372.605567,1,teacher_none,0
372.6723,1,teacher_none,0
372.7724,1,teacher_none,0
372.839133,1,teacher_none,0
372.939233,1,teacher_none,0
373.005967,1,teacher_none,0
373.106067,1,teacher_none,0
373.1728,1,teacher_none,0
373.2729,1,teacher_none,0
373.339633,1,teacher_none,0
373.439733,1,teacher_none,0
373.506467,1,teacher_none,0
373.606567,1,teacher_none,0
373.6733,1,teacher_none,0
373.7734,1,teacher_none,0
373.840133,1,teacher_none,0
373.940233,1,teacher_none,0
374.006967,1,teacher_none,0
374.107067,1,teacher_none,0
374.1738,1,teacher_none,0
374.2739,1,teacher_none,0
374.340633,1,teacher_none,0
374.440733,1,teacher_none,0
374.507467,1,teacher_none,0
374.607567,1,teacher_none,0
374.6743,1,teacher_none,0
374.7744,1,teacher_none,0
374.841133,1,teacher_none,0
374.941233,1,teacher_none,0
375.007967,1,teacher_none,0
375.108067,1,teacher_none,0
375.1748,1,teacher_none,0
375.2749,1,teacher_none,0
375.341633,1,teacher_none,0
375.441733,1,teacher_none,0
375.508467,1,teacher_none,0
375.608567,1,teacher_none,0
375.6753,1,teacher_none,0
375.7754,1,teacher_none,0
375.842133,1,teacher_none,0
375.942233,1,teacher_none,0
376.008967,1,teacher_none,0
376.109067,1,teacher_none,0
376.1758,1,teacher_none,0
376.2759,1,teacher_none,0
376.342633,1,teacher_none,0
376.442733,1,teacher_none,0
376.509467,1,teacher_none,0
376.609567,1,teacher_none,0
376.6763,1,teacher_none,0
376.7764,1,teacher_none,0
376.843133,1,teacher_none,0
376.943233,1,teacher_none,0
377.009967,1,teacher_none,0
377.110067,1,teacher_none,0
377.1768,1,teacher_none,0
377.2769,1,teacher_none,0
377.343633,1,teacher_none,0
377.443733,1,teacher_none,0
377.510467,1,teacher_none,0
377.610567,1,teacher_none,0
377.6773,1,teacher_none,0
377.7774,1,teacher_none,0
377.844133,1,teacher_none,0
377.944233,1,teacher_none,0
378.010967,1,teacher_none,0
378.111067,1,teacher_none,0
378.1778,1,teacher_none,0
378.2779,1,teacher_none,0
378.344633,1,teacher_none,0
378.444733,1,teacher_none,0
378.511467,1,teacher_none,0
378.611567,1,teacher_none,0
378.6783,1,teacher_none,0
378.7784,1,teacher_none,0
378.845133,1,teacher_none,0
378.945233,1,teacher_none,0
379.011967,1,teacher_none,0
379.112067,1,teacher_none,0
379.1788,1,teacher_none,0
379.2789,1,teacher_none,0
379.345633,1,teacher_none,0
379.445733,1,teacher_none,0
379.512467,1,teacher_none,0
379.612567,1,teacher_none,0
379.6793,1,teacher_none,0
379.7794,1,teacher_none,0
379.846133,1,teacher_none,0
379.946233,1,teacher_none,0
380.012967,1,teacher_none,0
380.113067,1,teacher_none,0
380.1798,1,teacher_none,0
380.2799,1,teacher_none,0
380.346633,1,teacher_none,0
380.446733,1,teacher_none,0
380.513467,1,teacher_none,0
380.613567,1,teacher_none,0
380.6803,1,teacher_none,0
380.7804,1,teacher_none,0
380.847133,1,teacher_none,0
380.947233,1,teacher_none,0
381.013967,1,teacher_none,0
381.114067,1,teacher_none,0
381.1808,1,teacher_none,0
381.2809,1,teacher_none,0
381.347633,1,teacher_none,0
381.447733,1,teacher_none,0
381.514467,1,teacher_none,0
381.614567,1,teacher_none,0
381.6813,1,teacher_none,0
381.7814,1,teacher_none,0
381.848133,1,teacher_none,0
381.948233,1,teacher_none,0
382.014967,1,teacher_none,0
382.115067,1,teacher_none,0
382.1818,1,teacher_none,0
382.2819,1,teacher_none,0
382.348633,1,teacher_none,0
382.448733,1,teacher_none,0
382.515467,1,teacher_none,0
382.615567,1,teacher_none,0
382.6823,1,teacher_none,0
382.7824,1,teacher_none,0
382.849133,1,teacher_none,0
382.949233,1,teacher_none,0
383.015967,1,teacher_none,0
383.116067,1,teacher_none,0
383.1828,1,teacher_none,0
383.2829,1,teacher_none,0
383.349633,1,teacher_none,0
383.449733,1,teacher_none,0
383.516467,1,teacher_none,0
383.616567,1,teacher_none,0
383.6833,1,teacher_none,0
383.750033,1,teacher_none,0
383.850133,1,teacher_none,0
383.916867,1,teacher_none,0
384.016967,1,teacher_none,0
384.0837,1,teacher_none,0
384.1838,1,teacher_none,0
384.250533,1,teacher_none,0
384.350633,1,teacher_none,0
384.417367,1,teacher_none,0
384.517467,1,teacher_none,0
384.5842,1,teacher_none,0
384.6843,1,teacher_none,0
384.751033,1,teacher_none,0
384.851133,1,teacher_none,0
384.917867,1,teacher_none,0
385.017967,1,teacher_none,0
385.0847,1,teacher_none,0
385.1848,1,teacher_none,0
385.251533,1,teacher_none,0
385.351633,1,teacher_none,0
385.418367,1,teacher_none,0
385.518467,1,teacher_none,0
385.5852,1,teacher_none,0
385.6853,1,teacher_none,0
385.752033,1,teacher_none,0
385.852133,1,teacher_none,0
385.918867,1,teacher_none,0
386.018967,1,teacher_none,0
386.0857,1,teacher_none,0
386.1858,1,teacher_none,0
386.252533,1,teacher_none,0
386.352633,1,teacher_none,0
386.419367,1,teacher_none,0
386.519467,1,teacher_none,0
386.5862,1,teacher_none,0
386.6863,1,teacher_none,0
386.753033,1,teacher_none,0
386.853133,1,teacher_none,0
386.919867,1,teacher_none,0
387.019967,1,teacher_none,0
387.0867,1,teacher_none,0
387.1868,1,teacher_none,0
387.253533,1,teacher_none,0
387.353633,1,teacher_none,0
387.420367,1,teacher_none,0
387.520467,1,teacher_none,0
387.5872,1,teacher_none,0
387.6873,1,teacher_none,0
387.754033,1,teacher_none,0
387.854133,1,teacher_none,0
387.920867,1,teacher_none,0
388.020967,1,teacher_none,0
388.0877,1,teacher_none,0
388.1878,1,teacher_none,0
388.254533,1,teacher_none,0
388.354633,1,teacher_none,0
388.421367,1,teacher_none,0
388.521467,1,teacher_none,0
388.5882,1,teacher_none,0
388.6883,1,teacher_none,0
388.755033,1,teacher_none,0
388.855133,1,teacher_none,0
388.921867,1,teacher_none,0
389.021967,1,teacher_none,0
389.0887,1,teacher_none,0
389.1888,1,teacher_none,0
389.255533,1,teacher_none,0
389.355633,1,teacher_none,0
389.422367,1,teacher_none,0
389.522467,1,teacher_none,0
389.5892,1,teacher_none,0
389.6893,1,teacher_none,0
389.756033,1,teacher_none,0
389.856133,1,teacher_none,0
389.922867,1,teacher_none,0
390.022967,1,teacher_none,0
390.0897,1,teacher_none,0
390.1898,1,teacher_none,0
390.256533,1,teacher_none,0
390.356633,1,teacher_none,0
390.423367,1,teacher_none,0
390.523467,1,teacher_none,0
390.5902,1,teacher_none,0
390.6903,1,teacher_none,0
390.757033,1,teacher_none,0
390.857133,1,teacher_none,0
390.923867,1,teacher_none,0
391.023967,1,teacher_none,0
391.0907,1,teacher_none,0
391.1908,1,teacher_none,0
391.257533,1,teacher_none,0
391.357633,1,teacher_none,0
391.424367,1,teacher_none,0
391.524467,1,teacher_none,0
391.5912,1,teacher_none,0
391.6913,1,teacher_none,0
391.758033,1,teacher_none,0
391.858133,1,teacher_none,0
391.924867,1,teacher_none,0
392.024967,1,teacher_none,0
392.0917,1,teacher_none,0
392.1918,1,teacher_none,0
392.258533,1,teacher_none,4
392.358633,1,teacher_none,4
392.425367,1,teacher_none,4
392.525467,1,teacher_none,4
392.5922,1,teacher_none,4
392.6923,1,teacher_none,4
392.759033,1,teacher_none,4
392.859133,1,teacher_none,4
392.925867,1,teacher_none,4
393.025967,1,teacher_none,4
393.0927,1,teacher_none,4
393.1928,1,teacher_none,4
393.259533,1,teacher_none,4
393.359633,1,teacher_none,4
393.426367,1,teacher_none,4
393.526467,1,teacher_none,4
393.5932,1,teacher_none,4
393.6933,1,teacher_none,4
393.760033,1,teacher_none,4
393.860133,1,teacher_none,4
393.926867,1,teacher_none,4
394.026967,1,teacher_none,4
394.0937,1,teacher_none,4
394.1938,1,teacher_none,4
394.260533,1,teacher_none,4
394.360633,1,teacher_none,4
394.427367,1,teacher_none,4
394.527467,1,teacher_none,4
394.5942,1,teacher_none,4
394.6943,1,teacher_none,4
394.761033,1,teacher_none,4
394.861133,1,teacher_none,4
394.927867,1,teacher_none,4
395.027967,1,teacher_none,4
395.0947,1,teacher_none,4
395.1948,1,teacher_none,4
395.261533,1,teacher_none,4
395.361633,1,teacher_none,4
395.428367,1,teacher_none,4
395.528467,1,teacher_none,4
395.5952,1,teacher_none,4
395.6953,1,teacher_none,4
395.762033,1,teacher_none,4
395.862133,1,teacher_none,4
395.928867,1,teacher_none,4
396.028967,1,teacher_none,4
396.0957,1,teacher_none,0
396.1958,1,teacher_none,0
396.262533,1,teacher_none,0
396.362633,1,teacher_none,0
396.429367,1,teacher_none,0
396.529467,1,teacher_none,0
396.5962,1,teacher_none,0
396.6963,1,teacher_none,0
396.763033,1,teacher_none,0
396.863133,1,teacher_none,0
396.929867,1,teacher_none,0
397.029967,1,teacher_none,0
397.0967,1,teacher_none,0
397.1968,1,teacher_none,0
397.263533,1,teacher_none,0
397.363633,1,teacher_none,0
397.430367,1,teacher_none,0
397.530467,1,teacher_none,0
397.5972,1,teacher_none,0
397.6973,1,teacher_none,0
397.764033,1,teacher_none,0
397.864133,1,teacher_none,0
397.930867,1,teacher_none,0
398.030967,1,teacher_none,0
398.0977,1,teacher_none,0
398.1978,1,teacher_none,0
398.264533,1,teacher_none,0
398.364633,1,teacher_none,0
398.431367,1,teacher_none,0
398.531467,1,teacher_none,0
398.5982,1,teacher_none,0
398.6983,1,teacher_none,0
398.765033,1,teacher_none,0
398.865133,1,teacher_none,0
398.931867,1,teacher_none,0
399.031967,1,teacher_none,0
399.0987,1,teacher_none,0
399.1988,1,teacher_none,0
399.265533,1,teacher_none,0
399.365633,1,teacher_none,0
399.432367,1,teacher_none,0
399.532467,1,teacher_none,0
399.5992,1,teacher_none,0
399.6993,1,teacher_none,0
399.766033,1,teacher_none,0
399.866133,1,teacher_none,0
399.932867,1,teacher_none,0
400.032967,1,teacher_none,0
400.0997,1,teacher_none,0
400.1998,1,teacher_none,0
400.266533,1,teacher_none,0
400.366633,1,teacher_none,0
400.433367,1,teacher_none,0
400.5001,1,teacher_none,0
400.6002,1,teacher_none,0
400.666933,1,teacher_none,0
400.767033,1,teacher_none,0
400.833767,1,teacher_none,0
400.933867,1,teacher_none,0
401.0006,1,teacher_none,0
401.1007,1,teacher_none,0
401.167433,1,teacher_none,0
401.267533,1,teacher_none,0
401.334267,1,teacher_none,0
401.434367,1,teacher_none,0
401.5011,1,teacher_none,0
401.6012,1,teacher_none,0
401.667933,1,teacher_none,0
401.768033,1,teacher_none,0
401.834767,1,teacher_none,0
401.934867,1,teacher_none,0
402.0016,1,teacher_none,0
402.1017,1,teacher_none,0
402.168433,1,teacher_none,0
402.268533,1,teacher_none,0
402.335267,1,teacher_none,0
402.435367,1,teacher_none,0
402.5021,1,teacher_none,0
402.6022,1,teacher_none,0
402.668933,1,teacher_none,0
402.769033,1,teacher_none,0
402.835767,1,teacher_none,0
402.935867,1,teacher_none,0
403.0026,1,teacher_none,0
403.1027,1,teacher_none,0
403.169433,1,teacher_none,0
403.269533,1,teacher_none,0
403.336267,1,teacher_none,0
403.436367,1,teacher_none,0
403.5031,1,teacher_none,0
403.6032,1,teacher_none,0
403.669933,1,teacher_none,0
403.770033,1,teacher_none,0
403.836767,1,teacher_none,0
403.936867,1,teacher_none,0
404.0036,1,teacher_none,0
404.1037,1,teacher_none,0
404.170433,1,teacher_none,0
404.270533,1,teacher_none,0
404.337267,1,teacher_none,0
404.437367,1,teacher_none,0
404.5041,1,teacher_none,0
404.6042,1,teacher_none,0
404.670933,1,teacher_none,0
404.771033,1,teacher_none,0
404.837767,1,teacher_none,0
404.937867,1,teacher_none,0
405.0046,1,teacher_none,0
405.1047,1,teacher_none,0
405.171433,1,teacher_none,0
405.271533,1,teacher_none,0
405.338267,1,teacher_none,0
405.438367,1,teacher_none,0
405.5051,1,teacher_none,0
405.6052,1,teacher_none,0
405.671933,1,teacher_none,0
405.772033,1,teacher_none,0
405.838767,1,teacher_none,0
405.938867,1,teacher_none,0
406.0056,1,teacher_none,0
406.1057,1,teacher_none,0
406.172433,1,teacher_none,0
406.272533,1,teacher_none,0
406.339267,1,teacher_none,0
406.439367,1,teacher_none,0
406.5061,1,teacher_none,0
406.6062,1,teacher_none,0
406.672933,1,teacher_none,0
406.773033,1,teacher_none,0
406.839767,1,teacher_none,0
406.939867,1,teacher_none,0
407.0066,1,teacher_none,0
407.1067,1,teacher_none,0
407.173433,1,teacher_none,0
407.273533,1,teacher_none,0
407.340267,1,teacher_none,0
407.440367,1,teacher_none,0
407.5071,1,teacher_none,0
407.6072,1,teacher_none,0
407.673933,1,teacher_none,0
407.774033,1,teacher_none,0
407.840767,1,teacher_none,0
407.940867,1,teacher_none,0
408.0076,1,teacher_none,0
408.1077,1,teacher_none,0
408.174433,1,teacher_none,0
408.274533,1,teacher_none,0
408.341267,1,teacher_none,0
408.441367,1,teacher_none,0
408.5081,1,teacher_none,0
408.6082,1,teacher_none,0
408.674933,1,teacher_none,0
408.775033,1,teacher_none,0
408.841767,1,teacher_none,0
408.941867,1,teacher_none,0
409.0086,1,teacher_none,0
409.1087,1,teacher_none,0
409.175433,1,teacher_none,0
409.275533,1,teacher_none,0
409.342267,1,teacher_none,0
409.442367,1,teacher_none,0
409.5091,1,teacher_none,0
409.6092,1,teacher_none,0
409.675933,1,teacher_none,0
409.776033,1,teacher_none,0
409.842767,1,teacher_none,0
409.942867,1,teacher_none,0
410.0096,1,teacher_none,0
410.1097,1,teacher_none,0
410.176433,1,teacher_none,0
410.276533,1,teacher_none,0
410.343267,1,teacher_none,0
410.443367,1,teacher_none,0
410.5101,1,teacher_none,0
410.6102,1,teacher_none,0
410.676933,1,teacher_none,0
410.777033,1,teacher_none,0
410.843767,1,teacher_none,0
410.943867,1,teacher_none,0
411.0106,1,teacher_none,0
411.1107,1,teacher_none,0
411.177433,1,teacher_none,0
411.277533,1,teacher_none,0
411.344267,1,teacher_none,0
411.444367,1,teacher_none,0
411.5111,1,teacher_none,0
411.6112,1,teacher_none,0
411.677933,1,teacher_none,0
411.778033,1,teacher_none,0
411.844767,1,teacher_none,0
411.944867,1,teacher_none,0
412.0116,1,teacher_none,0
412.1117,1,teacher_none,0
412.178433,1,teacher_none,0
412.278533,1,teacher_none,0
412.345267,1,teacher_none,0
412.445367,1,teacher_none,0
412.5121,1,teacher_none,0
412.6122,1,teacher_none,0
412.678933,1,teacher_none,0
412.779033,1,teacher_none,0
412.845767,1,teacher_none,0
412.945867,1,teacher_none,0
413.0126,1,teacher_none,0
413.1127,1,teacher_none,0
413.179433,1,teacher_none,0
413.279533,1,teacher_none,0
413.346267,1,teacher_none,0
413.446367,1,teacher_none,0
413.5131,1,teacher_none,0
413.6132,1,teacher_none,0
413.679933,1,teacher_none,0
413.780033,1,teacher_none,0
413.846767,1,teacher_none,0
413.946867,1,teacher_none,0
414.0136,1,teacher_none,0
414.1137,1,teacher_none,0
414.180433,1,teacher_none,0
414.280533,1,teacher_none,0
414.347267,1,teacher_none,0
414.447367,1,teacher_none,0
414.5141,1,teacher_none,0
414.6142,1,teacher_none,0
414.680933,1,teacher_none,0
414.781033,1,teacher_none,0
414.847767,1,teacher_none,0
414.947867,1,teacher_none,0
415.0146,1,teacher_none,0
415.1147,1,teacher_none,0
415.181433,1,teacher_none,0
415.281533,1,teacher_none,0
415.348267,1,teacher_none,0
415.448367,1,teacher_none,0
415.5151,1,teacher_none,0
415.6152,1,teacher_none,0
415.681933,1,teacher_none,0
415.782033,1,teacher_none,0
415.848767,1,teacher_none,0
415.948867,1,teacher_none,0
416.0156,1,teacher_none,0
416.1157,1,teacher_none,0
416.182433,1,teacher_none,0
416.282533,1,teacher_none,0
416.349267,1,teacher_none,0
416.449367,1,teacher_none,0
416.5161,1,teacher_none,0
416.6162,1,teacher_none,0
416.682933,1,teacher_none,0
416.783033,1,teacher_none,0
416.849767,1,teacher_none,0
416.949867,1,teacher_none,0
417.0166,1,teacher_none,0
417.083333,1,teacher_none,0
417.183433,1,teacher_none,0
417.250167,1,teacher_none,0
417.350267,1,teacher_none,0
417.417,1,teacher_none,0
417.5171,1,teacher_none,0
417.583833,1,teacher_none,0
417.683933,1,teacher_none,0
417.750667,1,teacher_none,0
417.850767,1,teacher_none,0
417.9175,1,teacher_none,0
418.0176,1,teacher_none,0
418.084333,1,teacher_none,0
418.184433,1,teacher_none,0
418.251167,1,teacher_none,0
418.351267,1,teacher_none,0
418.418,1,teacher_none,0
418.5181,1,teacher_none,0
418.584833,1,teacher_none,0
418.684933,1,teacher_none,0
418.751667,1,teacher_none,0
418.851767,1,teacher_none,0
418.9185,1,teacher_none,0
419.0186,1,teacher_none,0
419.085333,1,teacher_none,0
419.185433,1,teacher_none,0
419.252167,1,teacher_none,0
419.352267,1,teacher_none,0
419.419,1,teacher_none,0
419.5191,1,teacher_none,0
419.585833,1,teacher_none,0
419.685933,1,teacher_none,0
419.752667,1,teacher_none,0
419.852767,1,teacher_none,0
419.9195,1,teacher_none,0
