true_label,meta_K13,meta_ratio_0,meta_ratio_1,meta_ratio_2,meta_ratio_3,meta_ratio_4,meta_ratio_5,meta_ratio_6,meta_ratio_7
0,0,1.0,0.0,0.0,0.0,0.0,0.0,0.0,0.0
0,0,1.0,0.0,0.0,0.0,0.0,0.0,0.0,0.0
0,0,1.0,0.0,0.0,0.0,0.0,0.0,0.0,0.0
0,0,1.0,0.0,0.0,0.0,0.0,0.0,0.0,0.0
0,0,1.0,0.0,0.0,0.0,0.0,0.0,0.0,0.0
0,0,1.0,0.0,0.0,0.0,0.0,0.0,0.0,0.0
0,0,1.0,0.0,0.0,0.0,0.0,0.0,0.0,0.0
0,0,1.0,0.0,0.0,0.0,0.0,0.0,0.0,0.0
0,0,1.0,0.0,0.0,0.0,0.0,0.0,0.0,0.0
0,0,1.0,0.0,0.0,0.0,0.0,0.0,0.0,0.0
0,0,1.0,0.0,0.0,0.0,0.0,0.0,0.0,0.0
0,0,1.0,0.0,0.0,0.0,0.0,0.0,0.0,0.0
0,0,1.0,0.0,0.0,0.0,0.0,0.0,0.0,0.0
0,0,1.0,0.0,0.0,0.0,0.0,0.0,0.0,0.0
0,0,1.0,0.0,0.0,0.0,0.0,0.0,0.0,0.0
0,0,1.0,0.0,0.0,0.0,0.0,0.0,0.0,0.0
0,0,1.0,0.0,0.0,0.0,0.0,0.0,0.0,0.0
0,0,1.0,0.0,0.0,0.0,0.0,0.0,0.0,0.0
0,0,1.0,0.0,0.0,0.0,0.0,0.0,0.0,0.0
0,0,1.0,0.0,0.0,0.0,0.0,0.0,0.0,0.0
0,0,1.0,0.0,0.0,0.0,0.0,0.0,0.0,0.0
0,0,1.0,0.0,0.0,0.0,0.0,0.0,0.0,0.0
0,0,1.0,0.0,0.0,0.0,0.0,0.0,0.0,0.0
0,0,1.0,0.0,0.0,0.0,0.0,0.0,0.0,0.0
0,0,1.0,0.0,0.0,0.0,0.0,0.0,0.0,0.0
0,0,1.0,0.0,0.0,0.0,0.0,0.0,0.0,0.0
0,0,1.0,0.0,0.0,0.0,0.0,0.0,0.0,0.0
0,0,1.0,0.0,0.0,0.0,0.0,0.0,0.0,0.0
0,0,1.0,0.0,0.0,0.0,0.0,0.0,0.0,0.0
0,0,1.0,0.0,0.0,0.0,0.0,0.0,0.0,0.0
0,0,1.0,0.0,0.0,0.0,0.0,0.0,0.0,0.0
0,0,1.0,0.0,0.0,0.0,0.0,0.0,0.0,0.0
0,0,1.0,0.0,0.0,0.0,0.0,0.0,0.0,0.0
0,0,1.0,0.0,0.0,0.0,0.0,0.0,0.0,0.0
0,0,1.0,0.0,0.0,0.0,0.0,0.0,0.0,0.0
0,0,1.0,0.0,0.0,0.0,0.0,0.0,0.0,0.0
0,0,1.0,0.0,0.0,0.0,0.0,0.0,0.0,0.0
0,0,1.0,0.0,0.0,0.0,0.0,0.0,0.0,0.0
0,0,1.0,0.0,0.0,0.0,0.0,0.0,0.0,0.0
0,0,1.0,0.0,0.0,0.0,0.0,0.0,0.0,0.0
0,0,1.0,0.0,0.0,0.0,0.0,0.0,0.0,0.0
0,0,1.0,0.0,0.0,0.0,0.0,0.0,0.0,0.0
0,0,1.0,0.0,0.0,0.0,0.0,0.0,0.0,0.0
0,0,1.0,0.0,0.0,0.0,0.0,0.0,0.0,0.0
0,0,1.0,0.0,0.0,0.0,0.0,0.0,0.0,0.0
0,0,1.0,0.0,0.0,0.0,0.0,0.0,0.0,0.0
0,0,1.0,0.0,0.0,0.0,0.0,0.0,0.0,0.0
0,0,1.0,0.0,0.0,0.0,0.0,0.0,0.0,0.0
0,0,1.0,0.0,0.0,0.0,0.0,0.0,0.0,0.0
0,0,1.0,0.0,0.0,0.0,0.0,0.0,0.0,0.0
0,0,1.0,0.0,0.0,0.0,0.0,0.0,0.0,0.0
0,0,1.0,0.0,0.0,0.0,0.0,0.0,0.0,0.0
0,0,1.0,0.0,0.0,0.0,0.0,0.0,0.0,0.0
0,0,1.0,0.0,0.0,0.0,0.0,0.0,0.0,0.0
0,0,1.0,0.0,0.0,0.0,0.0,0.0,0.0,0.0
0,0,1.0,0.0,0.0,0.0,0.0,0.0,0.0,0.0
0,0,1.0,0.0,0.0,0.0,0.0,0.0,0.0,0.0
0,0,1.0,0.0,0.0,0.0,0.0,0.0,0.0,0.0
0,0,1.0,0.0,0.0,0.0,0.0,0.0,0.0,0.0
0,0,1.0,0.0,0.0,0.0,0.0,0.0,0.0,0.0
0,0,1.0,0.0,0.0,0.0,0.0,0.0,0.0,0.0
0,0,1.0,0.0,0.0,0.0,0.0,0.0,0.0,0.0
0,0,1.0,0.0,0.0,0.0,0.0,0.0,0.0,0.0
0,0,1.0,0.0,0.0,0.0,0.0,0.0,0.0,0.0
0,0,1.0,0.0,0.0,0.0,0.0,0.0,0.0,0.0
0,0,1.0,0.0,0.0,0.0,0.0,0.0,0.0,0.0
0,0,1.0,0.0,0.0,0.0,0.0,0.0,0.0,0.0
0,0,1.0,0.0,0.0,0.0,0.0,0.0,0.0,0.0
0,0,1.0,0.0,0.0,0.0,0.0,0.0,0.0,0.0
0,0,1.0,0.0,0.0,0.0,0.0,0.0,0.0,0.0
0,0,1.0,0.0,0.0,0.0,0.0,0.0,0.0,0.0
0,0,1.0,0.0,0.0,0.0,0.0,0.0,0.0,0.0
0,0,1.0,0.0,0.0,0.0,0.0,0.0,0.0,0.0
0,0,1.0,0.0,0.0,0.0,0.0,0.0,0.0,0.0
0,0,1.0,0.0,0.0,0.0,0.0,0.0,0.0,0.0
0,0,1.0,0.0,0.0,0.0,0.0,0.0,0.0,0.0
0,0,1.0,0.0,0.0,0.0,0.0,0.0,0.0,0.0
0,0,1.0,0.0,0.0,0.0,0.0,0.0,0.0,0.0
0,0,1.0,0.0,0.0,0.0,0.0,0.0,0.0,0.0
0,0,1.0,0.0,0.0,0.0,0.0,0.0,0.0,0.0
0,0,1.0,0.0,0.0,0.0,0.0,0.0,0.0,0.0
0,0,1.0,0.0,0.0,0.0,0.0,0.0,0.0,0.0
0,0,1.0,0.0,0.0,0.0,0.0,0.0,0.0,0.0
0,0,1.0,0.0,0.0,0.0,0.0,0.0,0.0,0.0
0,0,1.0,0.0,0.0,0.0,0.0,0.0,0.0,0.0
0,0,1.0,0.0,0.0,0.0,0.0,0.0,0.0,0.0
0,0,1.0,0.0,0.0,0.0,0.0,0.0,0.0,0.0
0,0,1.0,0.0,0.0,0.0,0.0,0.0,0.0,0.0
0,0,1.0,0.0,0.0,0.0,0.0,0.0,0.0,0.0
0,0,1.0,0.0,0.0,0.0,0.0,0.0,0.0,0.0
0,0,1.0,0.0,0.0,0.0,0.0,0.0,0.0,0.0
0,0,1.0,0.0,0.0,0.0,0.0,0.0,0.0,0.0
0,0,1.0,0.0,0.0,0.0,0.0,0.0,0.0,0.0
0,0,1.0,0.0,0.0,0.0,0.0,0.0,0.0,0.0
0,0,1.0,0.0,0.0,0.0,0.0,0.0,0.0,0.0
0,0,1.0,0.0,0.0,0.0,0.0,0.0,0.0,0.0
0,0,1.0,0.0,0.0,0.0,0.0,0.0,0.0,0.0
0,0,1.0,0.0,0.0,0.0,0.0,0.0,0.0,0.0
0,0,1.0,0.0,0.0,0.0,0.0,0.0,0.0,0.0
0,0,1.0,0.0,0.0,0.0,0.0,0.0,0.0,0.0
0,0,1.0,0.0,0.0,0.0,0.0,0.0,0.0,0.0
0,0,1.0,0.0,0.0,0.0,0.0,0.0,0.0,0.0
0,0,1.0,0.0,0.0,0.0,0.0,0.0,0.0,0.0
0,0,1.0,0.0,0.0,0.0,0.0,0.0,0.0,0.0
0,0,1.0,0.0,0.0,0.0,0.0,0.0,0.0,0.0
0,0,1.0,0.0,0.0,0.0,0.0,0.0,0.0,0.0
0,0,1.0,0.0,0.0,0.0,0.0,0.0,0.0,0.0
0,0,1.0,0.0,0.0,0.0,0.0,0.0,0.0,0.0
0,0,1.0,0.0,0.0,0.0,0.0,0.0,0.0,0.0
0,0,1.0,0.0,0.0,0.0,0.0,0.0,0.0,0.0
0,0,1.0,0.0,0.0,0.0,0.0,0.0,0.0,0.0
0,0,1.0,0.0,0.0,0.0,0.0,0.0,0.0,0.0
0,0,1.0,0.0,0.0,0.0,0.0,0.0,0.0,0.0
0,0,1.0,0.0,0.0,0.0,0.0,0.0,0.0,0.0
0,0,1.0,0.0,0.0,0.0,0.0,0.0,0.0,0.0
0,0,1.0,0.0,0.0,0.0,0.0,0.0,0.0,0.0
0,0,1.0,0.0,0.0,0.0,0.0,0.0,0.0,0.0
0,0,1.0,0.0,0.0,0.0,0.0,0.0,0.0,0.0
0,0,1.0,0.0,0.0,0.0,0.0,0.0,0.0,0.0
0,0,1.0,0.0,0.0,0.0,0.0,0.0,0.0,0.0
0,0,1.0,0.0,0.0,0.0,0.0,0.0,0.0,0.0
0,0,1.0,0.0,0.0,0.0,0.0,0.0,0.0,0.0
0,0,1.0,0.0,0.0,0.0,0.0,0.0,0.0,0.0
0,0,1.0,0.0,0.0,0.0,0.0,0.0,0.0,0.0
0,0,1.0,0.0,0.0,0.0,0.0,0.0,0.0,0.0
0,0,1.0,0.0,0.0,0.0,0.0,0.0,0.0,0.0
0,0,1.0,0.0,0.0,0.0,0.0,0.0,0.0,0.0
0,0,1.0,0.0,0.0,0.0,0.0,0.0,0.0,0.0
0,0,1.0,0.0,0.0,0.0,0.0,0.0,0.0,0.0
0,0,1.0,0.0,0.0,0.0,0.0,0.0,0.0,0.0
0,0,1.0,0.0,0.0,0.0,0.0,0.0,0.0,0.0
0,0,1.0,0.0,0.0,0.0,0.0,0.0,0.0,0.0
0,0,1.0,0.0,0.0,0.0,0.0,0.0,0.0,0.0
0,0,1.0,0.0,0.0,0.0,0.0,0.0,0.0,0.0
0,0,1.0,0.0,0.0,0.0,0.0,0.0,0.0,0.0
0,0,1.0,0.0,0.0,0.0,0.0,0.0,0.0,0.0
0,0,1.0,0.0,0.0,0.0,0.0,0.0,0.0,0.0
0,0,1.0,0.0,0.0,0.0,0.0,0.0,0.0,0.0
0,0,1.0,0.0,0.0,0.0,0.0,0.0,0.0,0.0
0,0,1.0,0.0,0.0,0.0,0.0,0.0,0.0,0.0
0,0,1.0,0.0,0.0,0.0,0.0,0.0,0.0,0.0
0,0,1.0,0.0,0.0,0.0,0.0,0.0,0.0,0.0
0,0,1.0,0.0,0.0,0.0,0.0,0.0,0.0,0.0
0,0,1.0,0.0,0.0,0.0,0.0,0.0,0.0,0.0
0,0,1.0,0.0,0.0,0.0,0.0,0.0,0.0,0.0
0,0,1.0,0.0,0.0,0.0,0.0,0.0,0.0,0.0
0,0,1.0,0.0,0.0,0.0,0.0,0.0,0.0,0.0
0,0,1.0,0.0,0.0,0.0,0.0,0.0,0.0,0.0
0,0,1.0,0.0,0.0,0.0,0.0,0.0,0.0,0.0
0,0,1.0,0.0,0.0,0.0,0.0,0.0,0.0,0.0
0,0,1.0,0.0,0.0,0.0,0.0,0.0,0.0,0.0
0,0,1.0,0.0,0.0,0.0,0.0,0.0,0.0,0.0
0,0,1.0,0.0,0.0,0.0,0.0,0.0,0.0,0.0
0,0,1.0,0.0,0.0,0.0,0.0,0.0,0.0,0.0
0,0,1.0,0.0,0.0,0.0,0.0,0.0,0.0,0.0
0,0,1.0,0.0,0.0,0.0,0.0,0.0,0.0,0.0
0,0,1.0,0.0,0.0,0.0,0.0,0.0,0.0,0.0
0,0,1.0,0.0,0.0,0.0,0.0,0.0,0.0,0.0
0,0,1.0,0.0,0.0,0.0,0.0,0.0,0.0,0.0
0,0,1.0,0.0,0.0,0.0,0.0,0.0,0.0,0.0
0,0,1.0,0.0,0.0,0.0,0.0,0.0,0.0,0.0
0,0,1.0,0.0,0.0,0.0,0.0,0.0,0.0,0.0
0,0,1.0,0.0,0.0,0.0,0.0,0.0,0.0,0.0
0,0,1.0,0.0,0.0,0.0,0.0,0.0,0.0,0.0
0,0,1.0,0.0,0.0,0.0,0.0,0.0,0.0,0.0
0,0,1.0,0.0,0.0,0.0,0.0,0.0,0.0,0.0
0,0,1.0,0.0,0.0,0.0,0.0,0.0,0.0,0.0
0,0,1.0,0.0,0.0,0.0,0.0,0.0,0.0,0.0
0,0,1.0,0.0,0.0,0.0,0.0,0.0,0.0,0.0
0,0,1.0,0.0,0.0,0.0,0.0,0.0,0.0,0.0
0,0,1.0,0.0,0.0,0.0,0.0,0.0,0.0,0.0
0,0,1.0,0.0,0.0,0.0,0.0,0.0,0.0,0.0
0,0,1.0,0.0,0.0,0.0,0.0,0.0,0.0,0.0
0,0,1.0,0.0,0.0,0.0,0.0,0.0,0.0,0.0
0,0,1.0,0.0,0.0,0.0,0.0,0.0,0.0,0.0
0,0,1.0,0.0,0.0,0.0,0.0,0.0,0.0,0.0
0,0,1.0,0.0,0.0,0.0,0.0,0.0,0.0,0.0
0,0,1.0,0.0,0.0,0.0,0.0,0.0,0.0,0.0
0,0,1.0,0.0,0.0,0.0,0.0,0.0,0.0,0.0
0,0,1.0,0.0,0.0,0.0,0.0,0.0,0.0,0.0
0,0,1.0,0.0,0.0,0.0,0.0,0.0,0.0,0.0
0,0,1.0,0.0,0.0,0.0,0.0,0.0,0.0,0.0
0,0,1.0,0.0,0.0,0.0,0.0,0.0,0.0,0.0
0,0,1.0,0.0,0.0,0.0,0.0,0.0,0.0,0.0
0,0,1.0,0.0,0.0,0.0,0.0,0.0,0.0,0.0
0,0,1.0,0.0,0.0,0.0,0.0,0.0,0.0,0.0
0,0,1.0,0.0,0.0,0.0,0.0,0.0,0.0,0.0
0,0,1.0,0.0,0.0,0.0,0.0,0.0,0.0,0.0
0,0,1.0,0.0,0.0,0.0,0.0,0.0,0.0,0.0
0,0,1.0,0.0,0.0,0.0,0.0,0.0,0.0,0.0
0,0,1.0,0.0,0.0,0.0,0.0,0.0,0.0,0.0
0,0,1.0,0.0,0.0,0.0,0.0,0.0,0.0,0.0
0,0,1.0,0.0,0.0,0.0,0.0,0.0,0.0,0.0
0,0,1.0,0.0,0.0,0.0,0.0,0.0,0.0,0.0
0,0,1.0,0.0,0.0,0.0,0.0,0.0,0.0,0.0
0,0,1.0,0.0,0.0,0.0,0.0,0.0,0.0,0.0
0,0,1.0,0.0,0.0,0.0,0.0,0.0,0.0,0.0
0,0,1.0,0.0,0.0,0.0,0.0,0.0,0.0,0.0
0,0,1.0,0.0,0.0,0.0,0.0,0.0,0.0,0.0
0,0,1.0,0.0,0.0,0.0,0.0,0.0,0.0,0.0
0,0,1.0,0.0,0.0,0.0,0.0,0.0,0.0,0.0
0,0,1.0,0.0,0.0,0.0,0.0,0.0,0.0,0.0
0,0,1.0,0.0,0.0,0.0,0.0,0.0,0.0,0.0
0,0,1.0,0.0,0.0,0.0,0.0,0.0,0.0,0.0
0,0,1.0,0.0,0.0,0.0,0.0,0.0,0.0,0.0
0,0,1.0,0.0,0.0,0.0,0.0,0.0,0.0,0.0
0,0,1.0,0.0,0.0,0.0,0.0,0.0,0.0,0.0
0,0,1.0,0.0,0.0,0.0,0.0,0.0,0.0,0.0
0,0,1.0,0.0,0.0,0.0,0.0,0.0,0.0,0.0
0,0,1.0,0.0,0.0,0.0,0.0,0.0,0.0,0.0
0,0,1.0,0.0,0.0,0.0,0.0,0.0,0.0,0.0
0,0,1.0,0.0,0.0,0.0,0.0,0.0,0.0,0.0
0,0,1.0,0.0,0.0,0.0,0.0,0.0,0.0,0.0
0,0,1.0,0.0,0.0,0.0,0.0,0.0,0.0,0.0
0,0,1.0,0.0,0.0,0.0,0.0,0.0,0.0,0.0
0,0,1.0,0.0,0.0,0.0,0.0,0.0,0.0,0.0
0,0,1.0,0.0,0.0,0.0,0.0,0.0,0.0,0.0
0,0,1.0,0.0,0.0,0.0,0.0,0.0,0.0,0.0
0,0,1.0,0.0,0.0,0.0,0.0,0.0,0.0,0.0
0,0,1.0,0.0,0.0,0.0,0.0,0.0,0.0,0.0
0,0,1.0,0.0,0.0,0.0,0.0,0.0,0.0,0.0
0,0,1.0,0.0,0.0,0.0,0.0,0.0,0.0,0.0
0,0,1.0,0.0,0.0,0.0,0.0,0.0,0.0,0.0
0,0,1.0,0.0,0.0,0.0,0.0,0.0,0.0,0.0
0,0,1.0,0.0,0.0,0.0,0.0,0.0,0.0,0.0
0,0,1.0,0.0,0.0,0.0,0.0,0.0,0.0,0.0
0,0,1.0,0.0,0.0,0.0,0.0,0.0,0.0,0.0
0,0,1.0,0.0,0.0,0.0,0.0,0.0,0.0,0.0
0,0,1.0,0.0,0.0,0.0,0.0,0.0,0.0,0.0
0,0,1.0,0.0,0.0,0.0,0.0,0.0,0.0,0.0
0,0,1.0,0.0,0.0,0.0,0.0,0.0,0.0,0.0
0,0,1.0,0.0,0.0,0.0,0.0,0.0,0.0,0.0
0,0,1.0,0.0,0.0,0.0,0.0,0.0,0.0,0.0
0,0,1.0,0.0,0.0,0.0,0.0,0.0,0.0,0.0
0,0,1.0,0.0,0.0,0.0,0.0,0.0,0.0,0.0
0,0,1.0,0.0,0.0,0.0,0.0,0.0,0.0,0.0
0,0,1.0,0.0,0.0,0.0,0.0,0.0,0.0,0.0
0,0,1.0,0.0,0.0,0.0,0.0,0.0,0.0,0.0
0,0,1.0,0.0,0.0,0.0,0.0,0.0,0.0,0.0
0,0,1.0,0.0,0.0,0.0,0.0,0.0,0.0,0.0
0,0,1.0,0.0,0.0,0.0,0.0,0.0,0.0,0.0
0,0,1.0,0.0,0.0,0.0,0.0,0.0,0.0,0.0
0,0,1.0,0.0,0.0,0.0,0.0,0.0,0.0,0.0
0,0,1.0,0.0,0.0,0.0,0.0,0.0,0.0,0.0
0,0,1.0,0.0,0.0,0.0,0.0,0.0,0.0,0.0
0,0,1.0,0.0,0.0,0.0,0.0,0.0,0.0,0.0
0,0,1.0,0.0,0.0,0.0,0.0,0.0,0.0,0.0
0,0,1.0,0.0,0.0,0.0,0.0,0.0,0.0,0.0
0,0,1.0,0.0,0.0,0.0,0.0,0.0,0.0,0.0
0,0,1.0,0.0,0.0,0.0,0.0,0.0,0.0,0.0
0,0,1.0,0.0,0.0,0.0,0.0,0.0,0.0,0.0
0,0,1.0,0.0,0.0,0.0,0.0,0.0,0.0,0.0
0,0,1.0,0.0,0.0,0.0,0.0,0.0,0.0,0.0
0,0,1.0,0.0,0.0,0.0,0.0,0.0,0.0,0.0
0,0,1.0,0.0,0.0,0.0,0.0,0.0,0.0,0.0
0,0,1.0,0.0,0.0,0.0,0.0,0.0,0.0,0.0
0,0,1.0,0.0,0.0,0.0,0.0,0.0,0.0,0.0
0,0,1.0,0.0,0.0,0.0,0.0,0.0,0.0,0.0
0,0,1.0,0.0,0.0,0.0,0.0,0.0,0.0,0.0
0,0,1.0,0.0,0.0,0.0,0.0,0.0,0.0,0.0
0,0,1.0,0.0,0.0,0.0,0.0,0.0,0.0,0.0
0,0,1.0,0.0,0.0,0.0,0.0,0.0,0.0,0.0
0,0,1.0,0.0,0.0,0.0,0.0,0.0,0.0,0.0
0,0,1.0,0.0,0.0,0.0,0.0,0.0,0.0,0.0
0,0,1.0,0.0,0.0,0.0,0.0,0.0,0.0,0.0
0,0,1.0,0.0,0.0,0.0,0.0,0.0,0.0,0.0
0,0,1.0,0.0,0.0,0.0,0.0,0.0,0.0,0.0
0,0,1.0,0.0,0.0,0.0,0.0,0.0,0.0,0.0
0,0,1.0,0.0,0.0,0.0,0.0,0.0,0.0,0.0
0,0,1.0,0.0,0.0,0.0,0.0,0.0,0.0,0.0
0,0,1.0,0.0,0.0,0.0,0.0,0.0,0.0,0.0
0,0,1.0,0.0,0.0,0.0,0.0,0.0,0.0,0.0
0,0,1.0,0.0,0.0,0.0,0.0,0.0,0.0,0.0
0,0,1.0,0.0,0.0,0.0,0.0,0.0,0.0,0.0
0,0,1.0,0.0,0.0,0.0,0.0,0.0,0.0,0.0
0,0,1.0,0.0,0.0,0.0,0.0,0.0,0.0,0.0
0,0,1.0,0.0,0.0,0.0,0.0,0.0,0.0,0.0
0,0,1.0,0.0,0.0,0.0,0.0,0.0,0.0,0.0
0,0,1.0,0.0,0.0,0.0,0.0,0.0,0.0,0.0
0,0,1.0,0.0,0.0,0.0,0.0,0.0,0.0,0.0
0,0,1.0,0.0,0.0,0.0,0.0,0.0,0.0,0.0
0,0,1.0,0.0,0.0,0.0,0.0,0.0,0.0,0.0
0,0,1.0,0.0,0.0,0.0,0.0,0.0,0.0,0.0
0,0,1.0,0.0,0.0,0.0,0.0,0.0,0.0,0.0
0,0,1.0,0.0,0.0,0.0,0.0,0.0,0.0,0.0
0,0,1.0,0.0,0.0,0.0,0.0,0.0,0.0,0.0
0,0,1.0,0.0,0.0,0.0,0.0,0.0,0.0,0.0
0,0,1.0,0.0,0.0,0.0,0.0,0.0,0.0,0.0
0,0,1.0,0.0,0.0,0.0,0.0,0.0,0.0,0.0
0,0,1.0,0.0,0.0,0.0,0.0,0.0,0.0,0.0
0,0,1.0,0.0,0.0,0.0,0.0,0.0,0.0,0.0
0,0,1.0,0.0,0.0,0.0,0.0,0.0,0.0,0.0
0,0,1.0,0.0,0.0,0.0,0.0,0.0,0.0,0.0
0,0,1.0,0.0,0.0,0.0,0.0,0.0,0.0,0.0
0,0,1.0,0.0,0.0,0.0,0.0,0.0,0.0,0.0
0,0,1.0,0.0,0.0,0.0,0.0,0.0,0.0,0.0
0,0,1.0,0.0,0.0,0.0,0.0,0.0,0.0,0.0
0,0,1.0,0.0,0.0,0.0,0.0,0.0,0.0,0.0
0,0,1.0,0.0,0.0,0.0,0.0,0.0,0.0,0.0
0,0,1.0,0.0,0.0,0.0,0.0,0.0,0.0,0.0
0,0,1.0,0.0,0.0,0.0,0.0,0.0,0.0,0.0
0,0,1.0,0.0,0.0,0.0,0.0,0.0,0.0,0.0
0,0,1.0,0.0,0.0,0.0,0.0,0.0,0.0,0.0
0,0,1.0,0.0,0.0,0.0,0.0,0.0,0.0,0.0
0,0,1.0,0.0,0.0,0.0,0.0,0.0,0.0,0.0
0,0,1.0,0.0,0.0,0.0,0.0,0.0,0.0,0.0
0,0,1.0,0.0,0.0,0.0,0.0,0.0,0.0,0.0
0,0,1.0,0.0,0.0,0.0,0.0,0.0,0.0,0.0
0,0,1.0,0.0,0.0,0.0,0.0,0.0,0.0,0.0
0,0,1.0,0.0,0.0,0.0,0.0,0.0,0.0,0.0
0,0,1.0,0.0,0.0,0.0,0.0,0.0,0.0,0.0
0,0,1.0,0.0,0.0,0.0,0.0,0.0,0.0,0.0
0,0,1.0,0.0,0.0,0.0,0.0,0.0,0.0,0.0
0,0,1.0,0.0,0.0,0.0,0.0,0.0,0.0,0.0
0,0,1.0,0.0,0.0,0.0,0.0,0.0,0.0,0.0
0,0,1.0,0.0,0.0,0.0,0.0,0.0,0.0,0.0
0,0,1.0,0.0,0.0,0.0,0.0,0.0,0.0,0.0
0,0,1.0,0.0,0.0,0.0,0.0,0.0,0.0,0.0
0,0,1.0,0.0,0.0,0.0,0.0,0.0,0.0,0.0
0,0,1.0,0.0,0.0,0.0,0.0,0.0,0.0,0.0
0,0,1.0,0.0,0.0,0.0,0.0,0.0,0.0,0.0
0,0,1.0,0.0,0.0,0.0,0.0,0.0,0.0,0.0
0,0,1.0,0.0,0.0,0.0,0.0,0.0,0.0,0.0
0,0,1.0,0.0,0.0,0.0,0.0,0.0,0.0,0.0
0,0,1.0,0.0,0.0,0.0,0.0,0.0,0.0,0.0
0,0,1.0,0.0,0.0,0.0,0.0,0.0,0.0,0.0
0,0,1.0,0.0,0.0,0.0,0.0,0.0,0.0,0.0
0,0,1.0,0.0,0.0,0.0,0.0,0.0,0.0,0.0
0,0,1.0,0.0,0.0,0.0,0.0,0.0,0.0,0.0
0,0,1.0,0.0,0.0,0.0,0.0,0.0,0.0,0.0
0,0,1.0,0.0,0.0,0.0,0.0,0.0,0.0,0.0
0,0,1.0,0.0,0.0,0.0,0.0,0.0,0.0,0.0
0,0,1.0,0.0,0.0,0.0,0.0,0.0,0.0,0.0
0,0,1.0,0.0,0.0,0.0,0.0,0.0,0.0,0.0
0,0,1.0,0.0,0.0,0.0,0.0,0.0,0.0,0.0
0,0,1.0,0.0,0.0,0.0,0.0,0.0,0.0,0.0
0,0,1.0,0.0,0.0,0.0,0.0,0.0,0.0,0.0
0,0,1.0,0.0,0.0,0.0,0.0,0.0,0.0,0.0
0,0,1.0,0.0,0.0,0.0,0.0,0.0,0.0,0.0
0,0,1.0,0.0,0.0,0.0,0.0,0.0,0.0,0.0
0,0,1.0,0.0,0.0,0.0,0.0,0.0,0.0,0.0
0,0,1.0,0.0,0.0,0.0,0.0,0.0,0.0,0.0
0,0,1.0,0.0,0.0,0.0,0.0,0.0,0.0,0.0
0,0,1.0,0.0,0.0,0.0,0.0,0.0,0.0,0.0
0,0,1.0,0.0,0.0,0.0,0.0,0.0,0.0,0.0
0,0,1.0,0.0,0.0,0.0,0.0,0.0,0.0,0.0
0,0,1.0,0.0,0.0,0.0,0.0,0.0,0.0,0.0
0,0,1.0,0.0,0.0,0.0,0.0,0.0,0.0,0.0
0,0,1.0,0.0,0.0,0.0,0.0,0.0,0.0,0.0
0,0,1.0,0.0,0.0,0.0,0.0,0.0,0.0,0.0
0,0,1.0,0.0,0.0,0.0,0.0,0.0,0.0,0.0
0,0,1.0,0.0,0.0,0.0,0.0,0.0,0.0,0.0
0,0,1.0,0.0,0.0,0.0,0.0,0.0,0.0,0.0
0,0,1.0,0.0,0.0,0.0,0.0,0.0,0.0,0.0
0,0,1.0,0.0,0.0,0.0,0.0,0.0,0.0,0.0
0,0,1.0,0.0,0.0,0.0,0.0,0.0,0.0,0.0
0,0,1.0,0.0,0.0,0.0,0.0,0.0,0.0,0.0
0,0,1.0,0.0,0.0,0.0,0.0,0.0,0.0,0.0
0,0,1.0,0.0,0.0,0.0,0.0,0.0,0.0,0.0
0,0,1.0,0.0,0.0,0.0,0.0,0.0,0.0,0.0
0,0,1.0,0.0,0.0,0.0,0.0,0.0,0.0,0.0
0,0,1.0,0.0,0.0,0.0,0.0,0.0,0.0,0.0
0,0,1.0,0.0,0.0,0.0,0.0,0.0,0.0,0.0
0,0,1.0,0.0,0.0,0.0,0.0,0.0,0.0,0.0
0,0,1.0,0.0,0.0,0.0,0.0,0.0,0.0,0.0
0,0,1.0,0.0,0.0,0.0,0.0,0.0,0.0,0.0
0,0,1.0,0.0,0.0,0.0,0.0,0.0,0.0,0.0
0,0,1.0,0.0,0.0,0.0,0.0,0.0,0.0,0.0
0,0,1.0,0.0,0.0,0.0,0.0,0.0,0.0,0.0
0,0,1.0,0.0,0.0,0.0,0.0,0.0,0.0,0.0
0,0,1.0,0.0,0.0,0.0,0.0,0.0,0.0,0.0
0,0,1.0,0.0,0.0,0.0,0.0,0.0,0.0,0.0
0,0,1.0,0.0,0.0,0.0,0.0,0.0,0.0,0.0
0,0,1.0,0.0,0.0,0.0,0.0,0.0,0.0,0.0
0,0,1.0,0.0,0.0,0.0,0.0,0.0,0.0,0.0
0,0,1.0,0.0,0.0,0.0,0.0,0.0,0.0,0.0
0,0,1.0,0.0,0.0,0.0,0.0,0.0,0.0,0.0
0,0,1.0,0.0,0.0,0.0,0.0,0.0,0.0,0.0
0,0,1.0,0.0,0.0,0.0,0.0,0.0,0.0,0.0
0,0,1.0,0.0,0.0,0.0,0.0,0.0,0.0,0.0
0,0,1.0,0.0,0.0,0.0,0.0,0.0,0.0,0.0
0,0,1.0,0.0,0.0,0.0,0.0,0.0,0.0,0.0
0,0,1.0,0.0,0.0,0.0,0.0,0.0,0.0,0.0
0,0,1.0,0.0,0.0,0.0,0.0,0.0,0.0,0.0
0,0,0.984375,0.015625,0.0,0.0,0.0,0.0,0.0,0.0
0,0,0.984375,0.015625,0.0,0.0,0.0,0.0,0.0,0.0
0,0,0.984375,0.015625,0.0,0.0,0.0,0.0,0.0,0.0
0,0,0.984375,0.015625,0.0,0.0,0.0,0.0,0.0,0.0
0,0,0.984375,0.015625,0.0,0.0,0.0,0.0,0.0,0.0
0,0,0.984375,0.015625,0.0,0.0,0.0,0.0,0.0,0.0
0,0,0.984375,0.015625,0.0,0.0,0.0,0.0,0.0,0.0
0,0,0.984375,0.015625,0.0,0.0,0.0,0.0,0.0,0.0
0,0,0.984375,0.015625,0.0,0.0,0.0,0.0,0.0,0.0
0,0,0.984375,0.015625,0.0,0.0,0.0,0.0,0.0,0.0
0,0,0.984375,0.015625,0.0,0.0,0.0,0.0,0.0,0.0
0,0,0.984375,0.015625,0.0,0.0,0.0,0.0,0.0,0.0
0,0,1.0,0.0,0.0,0.0,0.0,0.0,0.0,0.0
0,0,1.0,0.0,0.0,0.0,0.0,0.0,0.0,0.0
0,0,1.0,0.0,0.0,0.0,0.0,0.0,0.0,0.0
0,0,1.0,0.0,0.0,0.0,0.0,0.0,0.0,0.0
0,0,0.984375,0.0,0.0,0.0,0.015625,0.0,0.0,0.0
0,0,0.984375,0.0,0.0,0.0,0.015625,0.0,0.0,0.0
0,0,0.984375,0.0,0.0,0.0,0.015625,0.0,0.0,0.0
0,0,0.984375,0.0,0.0,0.0,0.015625,0.0,0.0,0.0
0,0,0.984375,0.0,0.0,0.0,0.015625,0.0,0.0,0.0
0,0,0.984375,0.0,0.0,0.0,0.015625,0.0,0.0,0.0
0,0,0.984375,0.0,0.0,0.0,0.015625,0.0,0.0,0.0
0,0,0.984375,0.0,0.0,0.0,0.015625,0.0,0.0,0.0
0,0,0.984375,0.0,0.0,0.0,0.015625,0.0,0.0,0.0
0,0,0.984375,0.0,0.0,0.0,0.015625,0.0,0.0,0.0
0,0,0.984375,0.0,0.0,0.0,0.015625,0.0,0.0,0.0
0,0,0.984375,0.0,0.0,0.0,0.015625,0.0,0.0,0.0
0,0,0.984375,0.0,0.0,0.0,0.015625,0.0,0.0,0.0
0,0,0.984375,0.0,0.0,0.0,0.015625,0.0,0.0,0.0
0,0,0.984375,0.0,0.0,0.0,0.015625,0.0,0.0,0.0
0,0,0.984375,0.0,0.0,0.0,0.015625,0.0,0.0,0.0
0,0,0.984375,0.0,0.0,0.0,0.015625,0.0,0.0,0.0
0,0,0.984375,0.0,0.0,0.0,0.015625,0.0,0.0,0.0
0,0,0.984375,0.0,0.0,0.0,0.015625,0.0,0.0,0.0
0,0,0.984375,0.0,0.0,0.0,0.015625,0.0,0.0,0.0
0,0,1.0,0.0,0.0,0.0,0.0,0.0,0.0,0.0
0,0,1.0,0.0,0.0,0.0,0.0,0.0,0.0,0.0
0,0,1.0,0.0,0.0,0.0,0.0,0.0,0.0,0.0
0,0,1.0,0.0,0.0,0.0,0.0,0.0,0.0,0.0
0,0,1.0,0.0,0.0,0.0,0.0,0.0,0.0,0.0
0,0,1.0,0.0,0.0,0.0,0.0,0.0,0.0,0.0
0,0,1.0,0.0,0.0,0.0,0.0,0.0,0.0,0.0
0,0,1.0,0.0,0.0,0.0,0.0,0.0,0.0,0.0
0,0,1.0,0.0,0.0,0.0,0.0,0.0,0.0,0.0
0,0,1.0,0.0,0.0,0.0,0.0,0.0,0.0,0.0
0,0,1.0,0.0,0.0,0.0,0.0,0.0,0.0,0.0
0,0,1.0,0.0,0.0,0.0,0.0,0.0,0.0,0.0
0,0,1.0,0.0,0.0,0.0,0.0,0.0,0.0,0.0
0,0,1.0,0.0,0.0,0.0,0.0,0.0,0.0,0.0
0,0,1.0,0.0,0.0,0.0,0.0,0.0,0.0,0.0
0,0,1.0,0.0,0.0,0.0,0.0,0.0,0.0,0.0
0,0,1.0,0.0,0.0,0.0,0.0,0.0,0.0,0.0
0,0,1.0,0.0,0.0,0.0,0.0,0.0,0.0,0.0
0,0,1.0,0.0,0.0,0.0,0.0,0.0,0.0,0.0
0,0,1.0,0.0,0.0,0.0,0.0,0.0,0.0,0.0
0,0,1.0,0.0,0.0,0.0,0.0,0.0,0.0,0.0
0,0,1.0,0.0,0.0,0.0,0.0,0.0,0.0,0.0
0,0,1.0,0.0,0.0,0.0,0.0,0.0,0.0,0.0
0,0,1.0,0.0,0.0,0.0,0.0,0.0,0.0,0.0
0,0,1.0,0.0,0.0,0.0,0.0,0.0,0.0,0.0
0,0,1.0,0.0,0.0,0.0,0.0,0.0,0.0,0.0
0,0,1.0,0.0,0.0,0.0,0.0,0.0,0.0,0.0
0,0,1.0,0.0,0.0,0.0,0.0,0.0,0.0,0.0
0,0,1.0,0.0,0.0,0.0,0.0,0.0,0.0,0.0
0,0,1.0,0.0,0.0,0.0,0.0,0.0,0.0,0.0
0,0,1.0,0.0,0.0,0.0,0.0,0.0,0.0,0.0
0,0,1.0,0.0,0.0,0.0,0.0,0.0,0.0,0.0
0,0,1.0,0.0,0.0,0.0,0.0,0.0,0.0,0.0
0,0,1.0,0.0,0.0,0.0,0.0,0.0,0.0,0.0
0,0,1.0,0.0,0.0,0.0,0.0,0.0,0.0,0.0
0,0,1.0,0.0,0.0,0.0,0.0,0.0,0.0,0.0
0,0,1.0,0.0,0.0,0.0,0.0,0.0,0.0,0.0
0,0,1.0,0.0,0.0,0.0,0.0,0.0,0.0,0.0
0,0,1.0,0.0,0.0,0.0,0.0,0.0,0.0,0.0
0,0,1.0,0.0,0.0,0.0,0.0,0.0,0.0,0.0
0,0,1.0,0.0,0.0,0.0,0.0,0.0,0.0,0.0
0,0,1.0,0.0,0.0,0.0,0.0,0.0,0.0,0.0
0,0,1.0,0.0,0.0,0.0,0.0,0.0,0.0,0.0
0,0,1.0,0.0,0.0,0.0,0.0,0.0,0.0,0.0
0,0,1.0,0.0,0.0,0.0,0.0,0.0,0.0,0.0
0,0,1.0,0.0,0.0,0.0,0.0,0.0,0.0,0.0
0,0,1.0,0.0,0.0,0.0,0.0,0.0,0.0,0.0
0,0,1.0,0.0,0.0,0.0,0.0,0.0,0.0,0.0
0,0,1.0,0.0,0.0,0.0,0.0,0.0,0.0,0.0
0,0,1.0,0.0,0.0,0.0,0.0,0.0,0.0,0.0
0,0,1.0,0.0,0.0,0.0,0.0,0.0,0.0,0.0
0,0,1.0,0.0,0.0,0.0,0.0,0.0,0.0,0.0
0,0,1.0,0.0,0.0,0.0,0.0,0.0,0.0,0.0
0,0,1.0,0.0,0.0,0.0,0.0,0.0,0.0,0.0
0,0,1.0,0.0,0.0,0.0,0.0,0.0,0.0,0.0
0,0,1.0,0.0,0.0,0.0,0.0,0.0,0.0,0.0
0,0,1.0,0.0,0.0,0.0,0.0,0.0,0.0,0.0
0,0,1.0,0.0,0.0,0.0,0.0,0.0,0.0,0.0
0,0,1.0,0.0,0.0,0.0,0.0,0.0,0.0,0.0
0,0,1.0,0.0,0.0,0.0,0.0,0.0,0.0,0.0
0,0,1.0,0.0,0.0,0.0,0.0,0.0,0.0,0.0
0,0,1.0,0.0,0.0,0.0,0.0,0.0,0.0,0.0
0,0,1.0,0.0,0.0,0.0,0.0,0.0,0.0,0.0
0,0,1.0,0.0,0.0,0.0,0.0,0.0,0.0,0.0
0,0,1.0,0.0,0.0,0.0,0.0,0.0,0.0,0.0
0,0,1.0,0.0,0.0,0.0,0.0,0.0,0.0,0.0
0,0,1.0,0.0,0.0,0.0,0.0,0.0,0.0,0.0
0,0,1.0,0.0,0.0,0.0,0.0,0.0,0.0,0.0
0,0,1.0,0.0,0.0,0.0,0.0,0.0,0.0,0.0
0,0,1.0,0.0,0.0,0.0,0.0,0.0,0.0,0.0
0,0,1.0,0.0,0.0,0.0,0.0,0.0,0.0,0.0
0,0,1.0,0.0,0.0,0.0,0.0,0.0,0.0,0.0
0,0,1.0,0.0,0.0,0.0,0.0,0.0,0.0,0.0
0,0,1.0,0.0,0.0,0.0,0.0,0.0,0.0,0.0
0,0,1.0,0.0,0.0,0.0,0.0,0.0,0.0,0.0
0,0,1.0,0.0,0.0,0.0,0.0,0.0,0.0,0.0
0,0,1.0,0.0,0.0,0.0,0.0,0.0,0.0,0.0
0,0,1.0,0.0,0.0,0.0,0.0,0.0,0.0,0.0
0,0,1.0,0.0,0.0,0.0,0.0,0.0,0.0,0.0
0,0,1.0,0.0,0.0,0.0,0.0,0.0,0.0,0.0
0,0,1.0,0.0,0.0,0.0,0.0,0.0,0.0,0.0
0,0,1.0,0.0,0.0,0.0,0.0,0.0,0.0,0.0
0,0,1.0,0.0,0.0,0.0,0.0,0.0,0.0,0.0
0,0,1.0,0.0,0.0,0.0,0.0,0.0,0.0,0.0
0,0,1.0,0.0,0.0,0.0,0.0,0.0,0.0,0.0
0,0,1.0,0.0,0.0,0.0,0.0,0.0,0.0,0.0
0,0,1.0,0.0,0.0,0.0,0.0,0.0,0.0,0.0
0,0,1.0,0.0,0.0,0.0,0.0,0.0,0.0,0.0
0,0,1.0,0.0,0.0,0.0,0.0,0.0,0.0,0.0
0,0,1.0,0.0,0.0,0.0,0.0,0.0,0.0,0.0
0,0,1.0,0.0,0.0,0.0,0.0,0.0,0.0,0.0
0,0,1.0,0.0,0.0,0.0,0.0,0.0,0.0,0.0
0,0,1.0,0.0,0.0,0.0,0.0,0.0,0.0,0.0
0,0,1.0,0.0,0.0,0.0,0.0,0.0,0.0,0.0
0,0,1.0,0.0,0.0,0.0,0.0,0.0,0.0,0.0
0,0,1.0,0.0,0.0,0.0,0.0,0.0,0.0,0.0
0,0,1.0,0.0,0.0,0.0,0.0,0.0,0.0,0.0
0,0,1.0,0.0,0.0,0.0,0.0,0.0,0.0,0.0
0,0,1.0,0.0,0.0,0.0,0.0,0.0,0.0,0.0
0,0,1.0,0.0,0.0,0.0,0.0,0.0,0.0,0.0
0,0,1.0,0.0,0.0,0.0,0.0,0.0,0.0,0.0
0,0,1.0,0.0,0.0,0.0,0.0,0.0,0.0,0.0
0,0,1.0,0.0,0.0,0.0,0.0,0.0,0.0,0.0
0,0,1.0,0.0,0.0,0.0,0.0,0.0,0.0,0.0
0,0,1.0,0.0,0.0,0.0,0.0,0.0,0.0,0.0
0,0,1.0,0.0,0.0,0.0,0.0,0.0,0.0,0.0
0,0,1.0,0.0,0.0,0.0,0.0,0.0,0.0,0.0
0,0,1.0,0.0,0.0,0.0,0.0,0.0,0.0,0.0
0,0,0.984375,0.015625,0.0,0.0,0.0,0.0,0.0,0.0
0,0,0.984375,0.015625,0.0,0.0,0.0,0.0,0.0,0.0
0,0,0.984375,0.015625,0.0,0.0,0.0,0.0,0.0,0.0
0,0,0.984375,0.015625,0.0,0.0,0.0,0.0,0.0,0.0
0,0,0.984375,0.015625,0.0,0.0,0.0,0.0,0.0,0.0
0,0,0.984375,0.015625,0.0,0.0,0.0,0.0,0.0,0.0
0,0,0.984375,0.015625,0.0,0.0,0.0,0.0,0.0,0.0
0,0,0.984375,0.015625,0.0,0.0,0.0,0.0,0.0,0.0
0,0,0.984375,0.015625,0.0,0.0,0.0,0.0,0.0,0.0
0,0,0.984375,0.015625,0.0,0.0,0.0,0.0,0.0,0.0
0,0,0.984375,0.015625,0.0,0.0,0.0,0.0,0.0,0.0
0,0,0.984375,0.015625,0.0,0.0,0.0,0.0,0.0,0.0
0,0,0.984375,0.015625,0.0,0.0,0.0,0.0,0.0,0.0
0,0,0.984375,0.015625,0.0,0.0,0.0,0.0,0.0,0.0
0,0,0.984375,0.015625,0.0,0.0,0.0,0.0,0.0,0.0
0,0,0.984375,0.015625,0.0,0.0,0.0,0.0,0.0,0.0
0,0,0.984375,0.015625,0.0,0.0,0.0,0.0,0.0,0.0
0,0,0.984375,0.015625,0.0,0.0,0.0,0.0,0.0,0.0
0,0,0.984375,0.015625,0.0,0.0,0.0,0.0,0.0,0.0
0,0,0.984375,0.015625,0.0,0.0,0.0,0.0,0.0,0.0
0,0,0.984375,0.015625,0.0,0.0,0.0,0.0,0.0,0.0
0,0,0.984375,0.015625,0.0,0.0,0.0,0.0,0.0,0.0
0,0,0.984375,0.015625,0.0,0.0,0.0,0.0,0.0,0.0
0,0,0.984375,0.015625,0.0,0.0,0.0,0.0,0.0,0.0
0,0,0.984375,0.015625,0.0,0.0,0.0,0.0,0.0,0.0
0,0,0.984375,0.015625,0.0,0.0,0.0,0.0,0.0,0.0
0,0,0.984375,0.015625,0.0,0.0,0.0,0.0,0.0,0.0
0,0,0.984375,0.015625,0.0,0.0,0.0,0.0,0.0,0.0
0,0,0.984375,0.015625,0.0,0.0,0.0,0.0,0.0,0.0
0,0,0.984375,0.015625,0.0,0.0,0.0,0.0,0.0,0.0
0,0,0.984375,0.015625,0.0,0.0,0.0,0.0,0.0,0.0
0,0,0.984375,0.015625,0.0,0.0,0.0,0.0,0.0,0.0
0,0,0.984375,0.015625,0.0,0.0,0.0,0.0,0.0,0.0
0,0,0.984375,0.015625,0.0,0.0,0.0,0.0,0.0,0.0
0,0,0.984375,0.015625,0.0,0.0,0.0,0.0,0.0,0.0
0,0,0.984375,0.015625,0.0,0.0,0.0,0.0,0.0,0.0
0,0,0.984375,0.015625,0.0,0.0,0.0,0.0,0.0,0.0
0,0,0.984375,0.015625,0.0,0.0,0.0,0.0,0.0,0.0
0,0,0.984375,0.015625,0.0,0.0,0.0,0.0,0.0,0.0
0,0,0.984375,0.015625,0.0,0.0,0.0,0.0,0.0,0.0
0,0,0.984375,0.015625,0.0,0.0,0.0,0.0,0.0,0.0
0,0,0.984375,0.015625,0.0,0.0,0.0,0.0,0.0,0.0
0,0,0.984375,0.015625,0.0,0.0,0.0,0.0,0.0,0.0
0,0,0.984375,0.015625,0.0,0.0,0.0,0.0,0.0,0.0
0,0,0.984375,0.015625,0.0,0.0,0.0,0.0,0.0,0.0
0,0,0.984375,0.015625,0.0,0.0,0.0,0.0,0.0,0.0
0,0,0.984375,0.015625,0.0,0.0,0.0,0.0,0.0,0.0
0,0,0.984375,0.015625,0.0,0.0,0.0,0.0,0.0,0.0
0,0,0.984375,0.015625,0.0,0.0,0.0,0.0,0.0,0.0
0,0,0.984375,0.015625,0.0,0.0,0.0,0.0,0.0,0.0
0,0,0.984375,0.015625,0.0,0.0,0.0,0.0,0.0,0.0
0,0,0.984375,0.015625,0.0,0.0,0.0,0.0,0.0,0.0
0,0,0.984375,0.015625,0.0,0.0,0.0,0.0,0.0,0.0
0,0,0.984375,0.015625,0.0,0.0,0.0,0.0,0.0,0.0
0,0,0.984375,0.015625,0.0,0.0,0.0,0.0,0.0,0.0
0,0,0.984375,0.015625,0.0,0.0,0.0,0.0,0.0,0.0
0,0,0.984375,0.015625,0.0,0.0,0.0,0.0,0.0,0.0
0,0,0.984375,0.015625,0.0,0.0,0.0,0.0,0.0,0.0
0,0,0.984375,0.015625,0.0,0.0,0.0,0.0,0.0,0.0
0,0,0.984375,0.015625,0.0,0.0,0.0,0.0,0.0,0.0
0,0,0.984375,0.015625,0.0,0.0,0.0,0.0,0.0,0.0
0,0,0.984375,0.015625,0.0,0.0,0.0,0.0,0.0,0.0
0,0,0.984375,0.015625,0.0,0.0,0.0,0.0,0.0,0.0
0,0,0.984375,0.015625,0.0,0.0,0.0,0.0,0.0,0.0
0,0,0.984375,0.015625,0.0,0.0,0.0,0.0,0.0,0.0
0,0,0.984375,0.015625,0.0,0.0,0.0,0.0,0.0,0.0
0,0,0.984375,0.015625,0.0,0.0,0.0,0.0,0.0,0.0
0,0,0.984375,0.015625,0.0,0.0,0.0,0.0,0.0,0.0
0,0,0.984375,0.015625,0.0,0.0,0.0,0.0,0.0,0.0
0,0,0.984375,0.015625,0.0,0.0,0.0,0.0,0.0,0.0
0,0,0.984375,0.015625,0.0,0.0,0.0,0.0,0.0,0.0
0,0,0.984375,0.015625,0.0,0.0,0.0,0.0,0.0,0.0
0,0,1.0,0.0,0.0,0.0,0.0,0.0,0.0,0.0
0,0,1.0,0.0,0.0,0.0,0.0,0.0,0.0,0.0
0,0,1.0,0.0,0.0,0.0,0.0,0.0,0.0,0.0
0,0,1.0,0.0,0.0,0.0,0.0,0.0,0.0,0.0
0,0,1.0,0.0,0.0,0.0,0.0,0.0,0.0,0.0
0,0,1.0,0.0,0.0,0.0,0.0,0.0,0.0,0.0
0,0,1.0,0.0,0.0,0.0,0.0,0.0,0.0,0.0
0,0,1.0,0.0,0.0,0.0,0.0,0.0,0.0,0.0
0,0,1.0,0.0,0.0,0.0,0.0,0.0,0.0,0.0
0,0,1.0,0.0,0.0,0.0,0.0,0.0,0.0,0.0
0,0,1.0,0.0,0.0,0.0,0.0,0.0,0.0,0.0
0,0,1.0,0.0,0.0,0.0,0.0,0.0,0.0,0.0
0,0,1.0,0.0,0.0,0.0,0.0,0.0,0.0,0.0
0,0,1.0,0.0,0.0,0.0,0.0,0.0,0.0,0.0
0,0,1.0,0.0,0.0,0.0,0.0,0.0,0.0,0.0
0,0,1.0,0.0,0.0,0.0,0.0,0.0,0.0,0.0
0,0,1.0,0.0,0.0,0.0,0.0,0.0,0.0,0.0
0,0,1.0,0.0,0.0,0.0,0.0,0.0,0.0,0.0
0,0,1.0,0.0,0.0,0.0,0.0,0.0,0.0,0.0
0,0,1.0,0.0,0.0,0.0,0.0,0.0,0.0,0.0
0,0,1.0,0.0,0.0,0.0,0.0,0.0,0.0,0.0
0,0,1.0,0.0,0.0,0.0,0.0,0.0,0.0,0.0
0,0,1.0,0.0,0.0,0.0,0.0,0.0,0.0,0.0
0,0,1.0,0.0,0.0,0.0,0.0,0.0,0.0,0.0
0,0,1.0,0.0,0.0,0.0,0.0,0.0,0.0,0.0
0,0,1.0,0.0,0.0,0.0,0.0,0.0,0.0,0.0
0,0,1.0,0.0,0.0,0.0,0.0,0.0,0.0,0.0
0,0,1.0,0.0,0.0,0.0,0.0,0.0,0.0,0.0
0,0,1.0,0.0,0.0,0.0,0.0,0.0,0.0,0.0
0,0,1.0,0.0,0.0,0.0,0.0,0.0,0.0,0.0
0,0,1.0,0.0,0.0,0.0,0.0,0.0,0.0,0.0
0,0,1.0,0.0,0.0,0.0,0.0,0.0,0.0,0.0
0,0,1.0,0.0,0.0,0.0,0.0,0.0,0.0,0.0
0,0,1.0,0.0,0.0,0.0,0.0,0.0,0.0,0.0
0,0,1.0,0.0,0.0,0.0,0.0,0.0,0.0,0.0
0,0,1.0,0.0,0.0,0.0,0.0,0.0,0.0,0.0
0,0,1.0,0.0,0.0,0.0,0.0,0.0,0.0,0.0
0,0,1.0,0.0,0.0,0.0,0.0,0.0,0.0,0.0
0,0,1.0,0.0,0.0,0.0,0.0,0.0,0.0,0.0
0,0,1.0,0.0,0.0,0.0,0.0,0.0,0.0,0.0
0,0,1.0,0.0,0.0,0.0,0.0,0.0,0.0,0.0
0,0,1.0,0.0,0.0,0.0,0.0,0.0,0.0,0.0
0,0,1.0,0.0,0.0,0.0,0.0,0.0,0.0,0.0
0,0,1.0,0.0,0.0,0.0,0.0,0.0,0.0,0.0
0,0,1.0,0.0,0.0,0.0,0.0,0.0,0.0,0.0
0,0,1.0,0.0,0.0,0.0,0.0,0.0,0.0,0.0
0,0,1.0,0.0,0.0,0.0,0.0,0.0,0.0,0.0
0,0,1.0,0.0,0.0,0.0,0.0,0.0,0.0,0.0
0,0,1.0,0.0,0.0,0.0,0.0,0.0,0.0,0.0
0,0,1.0,0.0,0.0,0.0,0.0,0.0,0.0,0.0
0,0,1.0,0.0,0.0,0.0,0.0,0.0,0.0,0.0
0,0,1.0,0.0,0.0,0.0,0.0,0.0,0.0,0.0
0,0,1.0,0.0,0.0,0.0,0.0,0.0,0.0,0.0
0,0,1.0,0.0,0.0,0.0,0.0,0.0,0.0,0.0
0,0,1.0,0.0,0.0,0.0,0.0,0.0,0.0,0.0
0,0,1.0,0.0,0.0,0.0,0.0,0.0,0.0,0.0
0,0,1.0,0.0,0.0,0.0,0.0,0.0,0.0,0.0
0,0,1.0,0.0,0.0,0.0,0.0,0.0,0.0,0.0
0,0,1.0,0.0,0.0,0.0,0.0,0.0,0.0,0.0
0,0,1.0,0.0,0.0,0.0,0.0,0.0,0.0,0.0
0,0,1.0,0.0,0.0,0.0,0.0,0.0,0.0,0.0
0,0,1.0,0.0,0.0,0.0,0.0,0.0,0.0,0.0
0,0,1.0,0.0,0.0,0.0,0.0,0.0,0.0,0.0
0,0,1.0,0.0,0.0,0.0,0.0,0.0,0.0,0.0
0,0,1.0,0.0,0.0,0.0,0.0,0.0,0.0,0.0
0,0,1.0,0.0,0.0,0.0,0.0,0.0,0.0,0.0
0,0,1.0,0.0,0.0,0.0,0.0,0.0,0.0,0.0
0,0,1.0,0.0,0.0,0.0,0.0,0.0,0.0,0.0
0,0,1.0,0.0,0.0,0.0,0.0,0.0,0.0,0.0
0,0,1.0,0.0,0.0,0.0,0.0,0.0,0.0,0.0
0,0,1.0,0.0,0.0,0.0,0.0,0.0,0.0,0.0
0,0,1.0,0.0,0.0,0.0,0.0,0.0,0.0,0.0
0,0,1.0,0.0,0.0,0.0,0.0,0.0,0.0,0.0
0,0,1.0,0.0,0.0,0.0,0.0,0.0,0.0,0.0
0,0,1.0,0.0,0.0,0.0,0.0,0.0,0.0,0.0
0,0,1.0,0.0,0.0,0.0,0.0,0.0,0.0,0.0
0,0,1.0,0.0,0.0,0.0,0.0,0.0,0.0,0.0
0,0,1.0,0.0,0.0,0.0,0.0,0.0,0.0,0.0
0,0,1.0,0.0,0.0,0.0,0.0,0.0,0.0,0.0
0,0,1.0,0.0,0.0,0.0,0.0,0.0,0.0,0.0
0,0,1.0,0.0,0.0,0.0,0.0,0.0,0.0,0.0
0,0,1.0,0.0,0.0,0.0,0.0,0.0,0.0,0.0
0,0,1.0,0.0,0.0,0.0,0.0,0.0,0.0,0.0
0,0,1.0,0.0,0.0,0.0,0.0,0.0,0.0,0.0
0,0,1.0,0.0,0.0,0.0,0.0,0.0,0.0,0.0
0,0,1.0,0.0,0.0,0.0,0.0,0.0,0.0,0.0
0,0,1.0,0.0,0.0,0.0,0.0,0.0,0.0,0.0
0,0,1.0,0.0,0.0,0.0,0.0,0.0,0.0,0.0
0,0,1.0,0.0,0.0,0.0,0.0,0.0,0.0,0.0
0,0,1.0,0.0,0.0,0.0,0.0,0.0,0.0,0.0
0,0,1.0,0.0,0.0,0.0,0.0,0.0,0.0,0.0
0,0,1.0,0.0,0.0,0.0,0.0,0.0,0.0,0.0
0,0,1.0,0.0,0.0,0.0,0.0,0.0,0.0,0.0
0,0,1.0,0.0,0.0,0.0,0.0,0.0,0.0,0.0
0,0,1.0,0.0,0.0,0.0,0.0,0.0,0.0,0.0
0,0,1.0,0.0,0.0,0.0,0.0,0.0,0.0,0.0
0,0,1.0,0.0,0.0,0.0,0.0,0.0,0.0,0.0
0,0,1.0,0.0,0.0,0.0,0.0,0.0,0.0,0.0
0,0,1.0,0.0,0.0,0.0,0.0,0.0,0.0,0.0
0,0,1.0,0.0,0.0,0.0,0.0,0.0,0.0,0.0
0,0,1.0,0.0,0.0,0.0,0.0,0.0,0.0,0.0
0,0,1.0,0.0,0.0,0.0,0.0,0.0,0.0,0.0
0,0,1.0,0.0,0.0,0.0,0.0,0.0,0.0,0.0
0,0,1.0,0.0,0.0,0.0,0.0,0.0,0.0,0.0
0,0,1.0,0.0,0.0,0.0,0.0,0.0,0.0,0.0
0,0,1.0,0.0,0.0,0.0,0.0,0.0,0.0,0.0
0,0,1.0,0.0,0.0,0.0,0.0,0.0,0.0,0.0
0,0,1.0,0.0,0.0,0.0,0.0,0.0,0.0,0.0
0,0,1.0,0.0,0.0,0.0,0.0,0.0,0.0,0.0
0,0,1.0,0.0,0.0,0.0,0.0,0.0,0.0,0.0
0,0,1.0,0.0,0.0,0.0,0.0,0.0,0.0,0.0
0,0,1.0,0.0,0.0,0.0,0.0,0.0,0.0,0.0
0,0,1.0,0.0,0.0,0.0,0.0,0.0,0.0,0.0
0,0,1.0,0.0,0.0,0.0,0.0,0.0,0.0,0.0
0,0,1.0,0.0,0.0,0.0,0.0,0.0,0.0,0.0
0,0,1.0,0.0,0.0,0.0,0.0,0.0,0.0,0.0
0,0,1.0,0.0,0.0,0.0,0.0,0.0,0.0,0.0
0,0,1.0,0.0,0.0,0.0,0.0,0.0,0.0,0.0
0,0,1.0,0.0,0.0,0.0,0.0,0.0,0.0,0.0
0,0,1.0,0.0,0.0,0.0,0.0,0.0,0.0,0.0
0,0,1.0,0.0,0.0,0.0,0.0,0.0,0.0,0.0
0,0,1.0,0.0,0.0,0.0,0.0,0.0,0.0,0.0
0,0,1.0,0.0,0.0,0.0,0.0,0.0,0.0,0.0
0,0,1.0,0.0,0.0,0.0,0.0,0.0,0.0,0.0
0,0,1.0,0.0,0.0,0.0,0.0,0.0,0.0,0.0
0,0,1.0,0.0,0.0,0.0,0.0,0.0,0.0,0.0
0,0,1.0,0.0,0.0,0.0,0.0,0.0,0.0,0.0
0,0,1.0,0.0,0.0,0.0,0.0,0.0,0.0,0.0
0,0,1.0,0.0,0.0,0.0,0.0,0.0,0.0,0.0
0,0,1.0,0.0,0.0,0.0,0.0,0.0,0.0,0.0
0,0,1.0,0.0,0.0,0.0,0.0,0.0,0.0,0.0
0,0,1.0,0.0,0.0,0.0,0.0,0.0,0.0,0.0
0,0,1.0,0.0,0.0,0.0,0.0,0.0,0.0,0.0
0,0,1.0,0.0,0.0,0.0,0.0,0.0,0.0,0.0
0,0,1.0,0.0,0.0,0.0,0.0,0.0,0.0,0.0
0,0,1.0,0.0,0.0,0.0,0.0,0.0,0.0,0.0
0,0,1.0,0.0,0.0,0.0,0.0,0.0,0.0,0.0
0,0,1.0,0.0,0.0,0.0,0.0,0.0,0.0,0.0
0,0,1.0,0.0,0.0,0.0,0.0,0.0,0.0,0.0
0,0,1.0,0.0,0.0,0.0,0.0,0.0,0.0,0.0
0,0,1.0,0.0,0.0,0.0,0.0,0.0,0.0,0.0
0,0,1.0,0.0,0.0,0.0,0.0,0.0,0.0,0.0
0,0,1.0,0.0,0.0,0.0,0.0,0.0,0.0,0.0
0,0,1.0,0.0,0.0,0.0,0.0,0.0,0.0,0.0
0,0,1.0,0.0,0.0,0.0,0.0,0.0,0.0,0.0
0,0,1.0,0.0,0.0,0.0,0.0,0.0,0.0,0.0
0,0,1.0,0.0,0.0,0.0,0.0,0.0,0.0,0.0
0,0,1.0,0.0,0.0,0.0,0.0,0.0,0.0,0.0
0,0,1.0,0.0,0.0,0.0,0.0,0.0,0.0,0.0
0,0,1.0,0.0,0.0,0.0,0.0,0.0,0.0,0.0
0,0,1.0,0.0,0.0,0.0,0.0,0.0,0.0,0.0
0,0,1.0,0.0,0.0,0.0,0.0,0.0,0.0,0.0
0,0,1.0,0.0,0.0,0.0,0.0,0.0,0.0,0.0
0,0,1.0,0.0,0.0,0.0,0.0,0.0,0.0,0.0
0,0,1.0,0.0,0.0,0.0,0.0,0.0,0.0,0.0
0,0,1.0,0.0,0.0,0.0,0.0,0.0,0.0,0.0
0,0,1.0,0.0,0.0,0.0,0.0,0.0,0.0,0.0
0,0,1.0,0.0,0.0,0.0,0.0,0.0,0.0,0.0
0,0,0.984375,0.015625,0.0,0.0,0.0,0.0,0.0,0.0
0,0,0.984375,0.015625,0.0,0.0,0.0,0.0,0.0,0.0
0,0,0.984375,0.015625,0.0,0.0,0.0,0.0,0.0,0.0
0,0,0.984375,0.015625,0.0,0.0,0.0,0.0,0.0,0.0
0,0,0.984375,0.015625,0.0,0.0,0.0,0.0,0.0,0.0
0,0,0.984375,0.015625,0.0,0.0,0.0,0.0,0.0,0.0
0,0,0.984375,0.015625,0.0,0.0,0.0,0.0,0.0,0.0
0,0,0.984375,0.015625,0.0,0.0,0.0,0.0,0.0,0.0
0,0,0.984375,0.015625,0.0,0.0,0.0,0.0,0.0,0.0
0,0,0.984375,0.015625,0.0,0.0,0.0,0.0,0.0,0.0
0,0,0.984375,0.015625,0.0,0.0,0.0,0.0,0.0,0.0
0,0,0.984375,0.015625,0.0,0.0,0.0,0.0,0.0,0.0
0,0,0.984375,0.015625,0.0,0.0,0.0,0.0,0.0,0.0
0,0,0.984375,0.015625,0.0,0.0,0.0,0.0,0.0,0.0
0,0,0.984375,0.015625,0.0,0.0,0.0,0.0,0.0,0.0
0,0,0.984375,0.015625,0.0,0.0,0.0,0.0,0.0,0.0
0,0,0.984375,0.015625,0.0,0.0,0.0,0.0,0.0,0.0
0,0,0.984375,0.015625,0.0,0.0,0.0,0.0,0.0,0.0
0,0,0.984375,0.015625,0.0,0.0,0.0,0.0,0.0,0.0
0,0,0.984375,0.015625,0.0,0.0,0.0,0.0,0.0,0.0
0,0,0.984375,0.015625,0.0,0.0,0.0,0.0,0.0,0.0
0,0,0.984375,0.015625,0.0,0.0,0.0,0.0,0.0,0.0
0,0,0.96875,0.03125,0.0,0.0,0.0,0.0,0.0,0.0
0,0,0.96875,0.03125,0.0,0.0,0.0,0.0,0.0,0.0
0,0,0.96875,0.03125,0.0,0.0,0.0,0.0,0.0,0.0
0,0,0.96875,0.03125,0.0,0.0,0.0,0.0,0.0,0.0
0,0,0.96875,0.03125,0.0,0.0,0.0,0.0,0.0,0.0
0,0,0.96875,0.03125,0.0,0.0,0.0,0.0,0.0,0.0
0,0,0.96875,0.03125,0.0,0.0,0.0,0.0,0.0,0.0
0,0,0.96875,0.03125,0.0,0.0,0.0,0.0,0.0,0.0
0,0,0.96875,0.03125,0.0,0.0,0.0,0.0,0.0,0.0
0,0,0.96875,0.03125,0.0,0.0,0.0,0.0,0.0,0.0
0,0,0.96875,0.03125,0.0,0.0,0.0,0.0,0.0,0.0
0,0,0.96875,0.03125,0.0,0.0,0.0,0.0,0.0,0.0
0,0,0.984375,0.015625,0.0,0.0,0.0,0.0,0.0,0.0
0,0,0.984375,0.015625,0.0,0.0,0.0,0.0,0.0,0.0
0,0,0.984375,0.015625,0.0,0.0,0.0,0.0,0.0,0.0
0,0,0.984375,0.015625,0.0,0.0,0.0,0.0,0.0,0.0
0,0,0.984375,0.015625,0.0,0.0,0.0,0.0,0.0,0.0
0,0,0.984375,0.015625,0.0,0.0,0.0,0.0,0.0,0.0
0,0,1.0,0.0,0.0,0.0,0.0,0.0,0.0,0.0
0,0,1.0,0.0,0.0,0.0,0.0,0.0,0.0,0.0
0,0,1.0,0.0,0.0,0.0,0.0,0.0,0.0,0.0
0,0,1.0,0.0,0.0,0.0,0.0,0.0,0.0,0.0
0,0,1.0,0.0,0.0,0.0,0.0,0.0,0.0,0.0
0,0,1.0,0.0,0.0,0.0,0.0,0.0,0.0,0.0
0,0,1.0,0.0,0.0,0.0,0.0,0.0,0.0,0.0
0,0,1.0,0.0,0.0,0.0,0.0,0.0,0.0,0.0
0,0,1.0,0.0,0.0,0.0,0.0,0.0,0.0,0.0
0,0,1.0,0.0,0.0,0.0,0.0,0.0,0.0,0.0
0,0,1.0,0.0,0.0,0.0,0.0,0.0,0.0,0.0
0,0,1.0,0.0,0.0,0.0,0.0,0.0,0.0,0.0
0,0,1.0,0.0,0.0,0.0,0.0,0.0,0.0,0.0
0,0,1.0,0.0,0.0,0.0,0.0,0.0,0.0,0.0
0,0,1.0,0.0,0.0,0.0,0.0,0.0,0.0,0.0
0,0,1.0,0.0,0.0,0.0,0.0,0.0,0.0,0.0
0,0,1.0,0.0,0.0,0.0,0.0,0.0,0.0,0.0
0,0,1.0,0.0,0.0,0.0,0.0,0.0,0.0,0.0
0,0,1.0,0.0,0.0,0.0,0.0,0.0,0.0,0.0
0,0,1.0,0.0,0.0,0.0,0.0,0.0,0.0,0.0
0,0,1.0,0.0,0.0,0.0,0.0,0.0,0.0,0.0
0,0,1.0,0.0,0.0,0.0,0.0,0.0,0.0,0.0
0,0,1.0,0.0,0.0,0.0,0.0,0.0,0.0,0.0
0,0,1.0,0.0,0.0,0.0,0.0,0.0,0.0,0.0
0,0,1.0,0.0,0.0,0.0,0.0,0.0,0.0,0.0
0,0,1.0,0.0,0.0,0.0,0.0,0.0,0.0,0.0
0,0,1.0,0.0,0.0,0.0,0.0,0.0,0.0,0.0
0,0,1.0,0.0,0.0,0.0,0.0,0.0,0.0,0.0
0,0,1.0,0.0,0.0,0.0,0.0,0.0,0.0,0.0
0,0,1.0,0.0,0.0,0.0,0.0,0.0,0.0,0.0
0,0,1.0,0.0,0.0,0.0,0.0,0.0,0.0,0.0
0,0,1.0,0.0,0.0,0.0,0.0,0.0,0.0,0.0
0,0,1.0,0.0,0.0,0.0,0.0,0.0,0.0,0.0
0,0,1.0,0.0,0.0,0.0,0.0,0.0,0.0,0.0
0,0,1.0,0.0,0.0,0.0,0.0,0.0,0.0,0.0
0,0,1.0,0.0,0.0,0.0,0.0,0.0,0.0,0.0
0,0,1.0,0.0,0.0,0.0,0.0,0.0,0.0,0.0
0,0,1.0,0.0,0.0,0.0,0.0,0.0,0.0,0.0
0,0,1.0,0.0,0.0,0.0,0.0,0.0,0.0,0.0
0,0,1.0,0.0,0.0,0.0,0.0,0.0,0.0,0.0
0,0,1.0,0.0,0.0,0.0,0.0,0.0,0.0,0.0
0,0,1.0,0.0,0.0,0.0,0.0,0.0,0.0,0.0
0,0,1.0,0.0,0.0,0.0,0.0,0.0,0.0,0.0
0,0,1.0,0.0,0.0,0.0,0.0,0.0,0.0,0.0
0,0,1.0,0.0,0.0,0.0,0.0,0.0,0.0,0.0
0,0,1.0,0.0,0.0,0.0,0.0,0.0,0.0,0.0
0,0,1.0,0.0,0.0,0.0,0.0,0.0,0.0,0.0
0,0,1.0,0.0,0.0,0.0,0.0,0.0,0.0,0.0
0,0,1.0,0.0,0.0,0.0,0.0,0.0,0.0,0.0
0,0,1.0,0.0,0.0,0.0,0.0,0.0,0.0,0.0
0,0,1.0,0.0,0.0,0.0,0.0,0.0,0.0,0.0
0,0,1.0,0.0,0.0,0.0,0.0,0.0,0.0,0.0
0,0,1.0,0.0,0.0,0.0,0.0,0.0,0.0,0.0
0,0,1.0,0.0,0.0,0.0,0.0,0.0,0.0,0.0
0,0,1.0,0.0,0.0,0.0,0.0,0.0,0.0,0.0
0,0,1.0,0.0,0.0,0.0,0.0,0.0,0.0,0.0
0,0,1.0,0.0,0.0,0.0,0.0,0.0,0.0,0.0
0,0,1.0,0.0,0.0,0.0,0.0,0.0,0.0,0.0
0,0,1.0,0.0,0.0,0.0,0.0,0.0,0.0,0.0
0,0,1.0,0.0,0.0,0.0,0.0,0.0,0.0,0.0
0,0,1.0,0.0,0.0,0.0,0.0,0.0,0.0,0.0
0,0,1.0,0.0,0.0,0.0,0.0,0.0,0.0,0.0
0,0,1.0,0.0,0.0,0.0,0.0,0.0,0.0,0.0
0,0,1.0,0.0,0.0,0.0,0.0,0.0,0.0,0.0
0,0,1.0,0.0,0.0,0.0,0.0,0.0,0.0,0.0
0,0,1.0,0.0,0.0,0.0,0.0,0.0,0.0,0.0
0,0,1.0,0.0,0.0,0.0,0.0,0.0,0.0,0.0
0,0,1.0,0.0,0.0,0.0,0.0,0.0,0.0,0.0
0,0,1.0,0.0,0.0,0.0,0.0,0.0,0.0,0.0
0,0,1.0,0.0,0.0,0.0,0.0,0.0,0.0,0.0
0,0,1.0,0.0,0.0,0.0,0.0,0.0,0.0,0.0
0,0,1.0,0.0,0.0,0.0,0.0,0.0,0.0,0.0
0,0,1.0,0.0,0.0,0.0,0.0,0.0,0.0,0.0
0,0,1.0,0.0,0.0,0.0,0.0,0.0,0.0,0.0
0,0,1.0,0.0,0.0,0.0,0.0,0.0,0.0,0.0
0,0,1.0,0.0,0.0,0.0,0.0,0.0,0.0,0.0
0,0,1.0,0.0,0.0,0.0,0.0,0.0,0.0,0.0
0,0,1.0,0.0,0.0,0.0,0.0,0.0,0.0,0.0
0,0,1.0,0.0,0.0,0.0,0.0,0.0,0.0,0.0
0,0,1.0,0.0,0.0,0.0,0.0,0.0,0.0,0.0
0,0,1.0,0.0,0.0,0.0,0.0,0.0,0.0,0.0
0,0,1.0,0.0,0.0,0.0,0.0,0.0,0.0,0.0
0,0,1.0,0.0,0.0,0.0,0.0,0.0,0.0,0.0
0,0,1.0,0.0,0.0,0.0,0.0,0.0,0.0,0.0
0,0,1.0,0.0,0.0,0.0,0.0,0.0,0.0,0.0
0,0,1.0,0.0,0.0,0.0,0.0,0.0,0.0,0.0
0,0,1.0,0.0,0.0,0.0,0.0,0.0,0.0,0.0
0,0,1.0,0.0,0.0,0.0,0.0,0.0,0.0,0.0
0,0,1.0,0.0,0.0,0.0,0.0,0.0,0.0,0.0
0,0,1.0,0.0,0.0,0.0,0.0,0.0,0.0,0.0
0,0,1.0,0.0,0.0,0.0,0.0,0.0,0.0,0.0
0,0,1.0,0.0,0.0,0.0,0.0,0.0,0.0,0.0
0,0,1.0,0.0,0.0,0.0,0.0,0.0,0.0,0.0
0,0,1.0,0.0,0.0,0.0,0.0,0.0,0.0,0.0
0,0,1.0,0.0,0.0,0.0,0.0,0.0,0.0,0.0
0,0,1.0,0.0,0.0,0.0,0.0,0.0,0.0,0.0
0,0,1.0,0.0,0.0,0.0,0.0,0.0,0.0,0.0
0,0,1.0,0.0,0.0,0.0,0.0,0.0,0.0,0.0
0,0,1.0,0.0,0.0,0.0,0.0,0.0,0.0,0.0
0,0,1.0,0.0,0.0,0.0,0.0,0.0,0.0,0.0
0,0,1.0,0.0,0.0,0.0,0.0,0.0,0.0,0.0
0,0,1.0,0.0,0.0,0.0,0.0,0.0,0.0,0.0
0,0,1.0,0.0,0.0,0.0,0.0,0.0,0.0,0.0
0,0,1.0,0.0,0.0,0.0,0.0,0.0,0.0,0.0
0,0,1.0,0.0,0.0,0.0,0.0,0.0,0.0,0.0
0,0,1.0,0.0,0.0,0.0,0.0,0.0,0.0,0.0
0,0,1.0,0.0,0.0,0.0,0.0,0.0,0.0,0.0
0,0,1.0,0.0,0.0,0.0,0.0,0.0,0.0,0.0
0,0,1.0,0.0,0.0,0.0,0.0,0.0,0.0,0.0
0,0,1.0,0.0,0.0,0.0,0.0,0.0,0.0,0.0
0,0,1.0,0.0,0.0,0.0,0.0,0.0,0.0,0.0
0,0,1.0,0.0,0.0,0.0,0.0,0.0,0.0,0.0
0,0,1.0,0.0,0.0,0.0,0.0,0.0,0.0,0.0
0,0,1.0,0.0,0.0,0.0,0.0,0.0,0.0,0.0
0,0,0.984375,0.0,0.0,0.0,0.0,0.0,0.0,0.015625
0,0,0.984375,0.0,0.0,0.0,0.0,0.0,0.0,0.015625
0,0,0.984375,0.0,0.0,0.0,0.0,0.0,0.0,0.015625
0,0,0.984375,0.0,0.0,0.0,0.0,0.0,0.0,0.015625
0,0,0.984375,0.0,0.0,0.0,0.0,0.0,0.0,0.015625
0,0,0.984375,0.0,0.0,0.0,0.0,0.0,0.0,0.015625
0,0,0.984375,0.0,0.0,0.0,0.0,0.0,0.0,0.015625
0,0,0.984375,0.0,0.0,0.0,0.0,0.0,0.0,0.015625
0,0,0.984375,0.0,0.0,0.0,0.0,0.0,0.0,0.015625
0,0,0.984375,0.0,0.0,0.0,0.0,0.0,0.0,0.015625
0,0,0.984375,0.0,0.0,0.0,0.0,0.0,0.0,0.015625
0,0,0.984375,0.0,0.0,0.0,0.0,0.0,0.0,0.015625
0,0,0.96875,0.015625,0.0,0.0,0.0,0.0,0.0,0.015625
0,0,0.96875,0.015625,0.0,0.0,0.0,0.0,0.0,0.015625
0,0,0.96875,0.015625,0.0,0.0,0.0,0.0,0.0,0.015625
0,0,0.96875,0.015625,0.0,0.0,0.0,0.0,0.0,0.015625
0,0,0.96875,0.015625,0.0,0.0,0.0,0.0,0.0,0.015625
0,0,0.96875,0.015625,0.0,0.0,0.0,0.0,0.0,0.015625
0,0,0.96875,0.015625,0.0,0.0,0.0,0.0,0.0,0.015625
0,0,0.96875,0.015625,0.0,0.0,0.0,0.0,0.0,0.015625
0,0,0.96875,0.015625,0.0,0.0,0.0,0.0,0.0,0.015625
0,0,0.96875,0.015625,0.0,0.0,0.0,0.0,0.0,0.015625
0,0,0.96875,0.015625,0.0,0.0,0.0,0.0,0.0,0.015625
0,0,0.96875,0.015625,0.0,0.0,0.0,0.0,0.0,0.015625
0,0,0.96875,0.015625,0.0,0.0,0.0,0.0,0.0,0.015625
0,0,0.96875,0.015625,0.0,0.0,0.0,0.0,0.0,0.015625
0,0,0.96875,0.015625,0.0,0.0,0.0,0.0,0.0,0.015625
0,0,0.96875,0.015625,0.0,0.0,0.0,0.0,0.0,0.015625
0,0,0.96875,0.015625,0.0,0.0,0.0,0.0,0.0,0.015625
0,0,0.96875,0.015625,0.0,0.0,0.0,0.0,0.0,0.015625
0,0,0.96875,0.015625,0.0,0.0,0.0,0.0,0.0,0.015625
0,0,0.96875,0.015625,0.0,0.0,0.0,0.0,0.0,0.015625
0,0,0.96875,0.015625,0.0,0.0,0.0,0.0,0.0,0.015625
0,0,0.96875,0.015625,0.0,0.0,0.0,0.0,0.0,0.015625
0,0,0.96875,0.015625,0.0,0.0,0.0,0.0,0.0,0.015625
0,0,0.96875,0.015625,0.0,0.0,0.0,0.0,0.0,0.015625
0,0,0.96875,0.015625,0.0,0.0,0.0,0.0,0.0,0.015625
0,0,0.96875,0.015625,0.0,0.0,0.0,0.0,0.0,0.015625
0,0,0.953125,0.03125,0.0,0.0,0.0,0.0,0.0,0.015625
0,0,0.953125,0.03125,0.0,0.0,0.0,0.0,0.0,0.015625
0,0,0.9375,0.046875,0.0,0.0,0.0,0.0,0.0,0.015625
0,0,0.9375,0.046875,0.0,0.0,0.0,0.0,0.0,0.015625
0,0,0.9375,0.046875,0.0,0.0,0.0,0.0,0.0,0.015625
0,0,0.9375,0.046875,0.0,0.0,0.0,0.0,0.0,0.015625
0,0,0.90625,0.078125,0.0,0.0,0.0,0.0,0.0,0.015625
0,0,0.90625,0.078125,0.0,0.0,0.0,0.0,0.0,0.015625
0,0,0.90625,0.078125,0.0,0.0,0.0,0.0,0.0,0.015625
0,0,0.90625,0.078125,0.0,0.0,0.0,0.0,0.0,0.015625
0,0,0.8125,0.15625,0.015625,0.0,0.0,0.0,0.0,0.015625
0,0,0.8125,0.15625,0.015625,0.0,0.0,0.0,0.0,0.015625
0,0,0.8125,0.15625,0.015625,0.0,0.0,0.0,0.0,0.015625
0,0,0.8125,0.15625,0.015625,0.0,0.0,0.0,0.0,0.015625
0,0,0.8125,0.15625,0.015625,0.0,0.0,0.0,0.0,0.015625
0,0,0.8125,0.15625,0.015625,0.0,0.0,0.0,0.0,0.015625
0,0,0.796875,0.171875,0.015625,0.0,0.0,0.0,0.0,0.015625
0,0,0.78125,0.1875,0.015625,0.0,0.0,0.0,0.0,0.015625
0,0,0.78125,0.1875,0.015625,0.0,0.0,0.0,0.0,0.015625
0,0,0.78125,0.1875,0.015625,0.0,0.0,0.0,0.0,0.015625
0,0,0.78125,0.1875,0.015625,0.0,0.0,0.0,0.0,0.015625
0,0,0.78125,0.1875,0.015625,0.0,0.0,0.0,0.0,0.015625
0,0,0.78125,0.1875,0.015625,0.0,0.0,0.0,0.0,0.015625
0,0,0.78125,0.1875,0.015625,0.0,0.0,0.0,0.0,0.015625
0,0,0.78125,0.1875,0.015625,0.0,0.0,0.0,0.0,0.015625
0,0,0.78125,0.1875,0.015625,0.0,0.0,0.0,0.0,0.015625
0,0,0.78125,0.1875,0.015625,0.0,0.0,0.0,0.0,0.015625
0,0,0.78125,0.1875,0.015625,0.0,0.0,0.0,0.0,0.015625
0,0,0.78125,0.1875,0.015625,0.0,0.0,0.0,0.0,0.015625
0,0,0.78125,0.1875,0.015625,0.0,0.0,0.0,0.0,0.015625
0,0,0.765625,0.203125,0.015625,0.0,0.0,0.0,0.0,0.015625
0,0,0.765625,0.203125,0.015625,0.0,0.0,0.0,0.0,0.015625
0,0,0.765625,0.203125,0.015625,0.0,0.0,0.0,0.0,0.015625
0,0,0.765625,0.203125,0.015625,0.0,0.0,0.0,0.0,0.015625
0,0,0.75,0.21875,0.015625,0.0,0.0,0.0,0.0,0.015625
0,0,0.75,0.21875,0.015625,0.0,0.0,0.0,0.0,0.015625
0,0,0.734375,0.234375,0.015625,0.0,0.0,0.0,0.0,0.015625
0,0,0.734375,0.234375,0.015625,0.0,0.0,0.0,0.0,0.015625
0,0,0.71875,0.25,0.015625,0.0,0.0,0.0,0.0,0.015625
0,0,0.703125,0.265625,0.015625,0.0,0.0,0.0,0.0,0.015625
0,0,0.703125,0.265625,0.015625,0.0,0.0,0.0,0.0,0.015625
0,0,0.703125,0.265625,0.015625,0.0,0.0,0.0,0.0,0.015625
0,0,0.671875,0.296875,0.015625,0.0,0.0,0.0,0.0,0.015625
0,0,0.671875,0.296875,0.015625,0.0,0.0,0.0,0.0,0.015625
0,0,0.671875,0.296875,0.015625,0.0,0.0,0.0,0.0,0.015625
0,0,0.671875,0.296875,0.015625,0.0,0.0,0.0,0.0,0.015625
0,0,0.65625,0.3125,0.015625,0.0,0.0,0.0,0.0,0.015625
0,0,0.640625,0.3125,0.015625,0.015625,0.0,0.0,0.0,0.015625
1,0,0.640625,0.3125,0.015625,0.015625,0.0,0.0,0.0,0.015625
1,0,0.625,0.3125,0.03125,0.015625,0.0,0.0,0.0,0.015625
1,0,0.578125,0.328125,0.046875,0.015625,0.015625,0.0,0.0,0.015625
1,0,0.578125,0.328125,0.046875,0.015625,0.015625,0.0,0.0,0.015625
1,0,0.578125,0.328125,0.046875,0.015625,0.015625,0.0,0.0,0.015625
1,0,0.578125,0.328125,0.046875,0.015625,0.015625,0.0,0.0,0.015625
1,0,0.578125,0.328125,0.046875,0.015625,0.015625,0.0,0.0,0.015625
1,0,0.578125,0.328125,0.046875,0.015625,0.015625,0.0,0.0,0.015625
1,0,0.578125,0.328125,0.046875,0.015625,0.015625,0.0,0.0,0.015625
1,0,0.578125,0.328125,0.046875,0.015625,0.015625,0.0,0.0,0.015625
1,1,0.359375,0.40625,0.171875,0.015625,0.015625,0.0,0.0,0.03125
1,1,0.359375,0.40625,0.171875,0.015625,0.015625,0.0,0.0,0.03125
1,1,0.359375,0.40625,0.171875,0.015625,0.015625,0.0,0.0,0.03125
1,1,0.359375,0.40625,0.171875,0.015625,0.015625,0.0,0.0,0.03125
1,1,0.34375,0.421875,0.171875,0.015625,0.015625,0.0,0.0,0.03125
1,1,0.328125,0.4375,0.171875,0.015625,0.015625,0.0,0.0,0.03125
1,1,0.3125,0.4375,0.1875,0.015625,0.015625,0.0,0.0,0.03125
1,1,0.3125,0.4375,0.1875,0.015625,0.015625,0.0,0.0,0.03125
1,1,0.3125,0.4375,0.1875,0.015625,0.015625,0.0,0.0,0.03125
1,1,0.296875,0.4375,0.1875,0.015625,0.015625,0.0,0.0,0.046875
1,1,0.296875,0.4375,0.1875,0.015625,0.015625,0.0,0.0,0.046875
1,1,0.296875,0.4375,0.1875,0.015625,0.015625,0.0,0.0,0.046875
1,1,0.28125,0.453125,0.203125,0.015625,0.0,0.0,0.0,0.046875
1,1,0.28125,0.453125,0.203125,0.015625,0.0,0.0,0.0,0.046875
1,1,0.28125,0.453125,0.203125,0.015625,0.0,0.0,0.0,0.046875
1,1,0.28125,0.453125,0.203125,0.015625,0.0,0.0,0.0,0.046875
1,1,0.21875,0.46875,0.234375,0.015625,0.0,0.0,0.0,0.0625
1,1,0.21875,0.46875,0.234375,0.015625,0.0,0.0,0.0,0.0625
1,1,0.21875,0.4375,0.28125,0.0,0.0,0.0,0.0,0.0625
1,1,0.21875,0.4375,0.28125,0.0,0.0,0.0,0.0,0.0625
1,1,0.21875,0.4375,0.28125,0.0,0.0,0.0,0.0,0.0625
1,1,0.21875,0.421875,0.296875,0.0,0.0,0.0,0.0,0.0625
1,1,0.21875,0.421875,0.296875,0.0,0.0,0.0,0.0,0.0625
1,1,0.21875,0.421875,0.296875,0.0,0.0,0.0,0.0,0.0625
1,1,0.21875,0.390625,0.328125,0.0,0.0,0.0,0.0,0.0625
1,1,0.21875,0.390625,0.328125,0.0,0.0,0.0,0.0,0.0625
1,1,0.203125,0.390625,0.328125,0.015625,0.0,0.0,0.0,0.0625
1,1,0.203125,0.390625,0.328125,0.015625,0.0,0.0,0.0,0.0625
1,1,0.203125,0.390625,0.328125,0.015625,0.0,0.0,0.0,0.0625
1,1,0.203125,0.390625,0.328125,0.015625,0.0,0.0,0.0,0.0625
1,1,0.203125,0.390625,0.328125,0.015625,0.0,0.0,0.0,0.0625
1,1,0.203125,0.390625,0.328125,0.015625,0.0,0.0,0.0,0.0625
1,2,0.15625,0.359375,0.359375,0.03125,0.0,0.0,0.0,0.09375
1,2,0.15625,0.359375,0.359375,0.03125,0.0,0.0,0.0,0.09375
1,2,0.15625,0.359375,0.359375,0.03125,0.0,0.0,0.0,0.09375
1,2,0.15625,0.34375,0.375,0.03125,0.0,0.0,0.0,0.09375
1,2,0.140625,0.34375,0.390625,0.03125,0.0,0.0,0.0,0.09375
1,2,0.140625,0.34375,0.390625,0.03125,0.0,0.0,0.0,0.09375
1,2,0.140625,0.34375,0.390625,0.03125,0.0,0.0,0.0,0.09375
1,2,0.140625,0.34375,0.390625,0.03125,0.0,0.0,0.0,0.09375
1,2,0.140625,0.34375,0.390625,0.03125,0.0,0.0,0.0,0.09375
1,2,0.140625,0.34375,0.390625,0.03125,0.0,0.0,0.0,0.09375
1,2,0.125,0.3125,0.421875,0.03125,0.0,0.0,0.0,0.109375
1,2,0.125,0.3125,0.421875,0.03125,0.0,0.0,0.0,0.109375
1,2,0.125,0.3125,0.421875,0.03125,0.0,0.0,0.0,0.109375
1,2,0.125,0.3125,0.421875,0.03125,0.0,0.0,0.0,0.109375
1,2,0.125,0.3125,0.421875,0.03125,0.0,0.0,0.0,0.109375
1,2,0.125,0.3125,0.421875,0.03125,0.0,0.0,0.0,0.109375
1,2,0.078125,0.25,0.53125,0.03125,0.0,0.0,0.0,0.109375
1,2,0.078125,0.25,0.53125,0.03125,0.0,0.0,0.0,0.109375
1,2,0.078125,0.25,0.53125,0.03125,0.0,0.0,0.0,0.109375
1,2,0.078125,0.25,0.53125,0.03125,0.0,0.0,0.0,0.109375
1,2,0.078125,0.25,0.53125,0.03125,0.0,0.0,0.0,0.109375
1,2,0.078125,0.25,0.53125,0.03125,0.0,0.0,0.0,0.109375
1,2,0.078125,0.25,0.53125,0.03125,0.0,0.0,0.0,0.109375
1,2,0.078125,0.25,0.53125,0.03125,0.0,0.0,0.0,0.109375
1,2,0.046875,0.203125,0.59375,0.03125,0.0,0.0,0.0,0.125
1,2,0.046875,0.203125,0.59375,0.03125,0.0,0.0,0.0,0.125
1,2,0.046875,0.203125,0.59375,0.03125,0.0,0.0,0.0,0.125
1,2,0.046875,0.203125,0.59375,0.03125,0.0,0.0,0.0,0.125
1,2,0.046875,0.203125,0.59375,0.03125,0.0,0.0,0.0,0.125
1,2,0.046875,0.203125,0.59375,0.03125,0.0,0.0,0.0,0.125
1,2,0.046875,0.203125,0.59375,0.03125,0.0,0.0,0.0,0.125
1,2,0.046875,0.203125,0.59375,0.03125,0.0,0.0,0.0,0.125
1,2,0.046875,0.203125,0.609375,0.03125,0.0,0.0,0.0,0.109375
1,2,0.046875,0.203125,0.609375,0.03125,0.0,0.0,0.0,0.109375
1,2,0.046875,0.203125,0.609375,0.03125,0.0,0.0,0.0,0.109375
1,2,0.046875,0.203125,0.609375,0.03125,0.0,0.0,0.0,0.109375
1,2,0.046875,0.203125,0.609375,0.03125,0.0,0.0,0.0,0.109375
1,2,0.046875,0.203125,0.609375,0.03125,0.0,0.0,0.0,0.109375
1,2,0.046875,0.203125,0.609375,0.03125,0.0,0.0,0.0,0.109375
1,2,0.046875,0.203125,0.609375,0.03125,0.0,0.0,0.0,0.109375
1,2,0.03125,0.1875,0.703125,0.015625,0.0,0.0,0.0,0.0625
1,2,0.03125,0.1875,0.703125,0.015625,0.0,0.0,0.0,0.0625
1,2,0.03125,0.1875,0.703125,0.015625,0.0,0.0,0.0,0.0625
1,2,0.03125,0.1875,0.703125,0.015625,0.0,0.0,0.0,0.0625
1,2,0.03125,0.1875,0.703125,0.015625,0.0,0.0,0.0,0.0625
1,2,0.03125,0.1875,0.703125,0.015625,0.0,0.0,0.0,0.0625
1,2,0.03125,0.1875,0.703125,0.015625,0.0,0.0,0.0,0.0625
1,2,0.03125,0.1875,0.703125,0.015625,0.0,0.0,0.0,0.0625
1,2,0.015625,0.171875,0.71875,0.03125,0.0,0.0,0.0,0.0625
1,2,0.015625,0.171875,0.71875,0.03125,0.0,0.0,0.0,0.0625
1,2,0.015625,0.171875,0.71875,0.03125,0.0,0.0,0.0,0.0625
1,2,0.015625,0.171875,0.71875,0.03125,0.0,0.0,0.0,0.0625
1,2,0.0,0.171875,0.75,0.03125,0.0,0.0,0.0,0.046875
1,2,0.0,0.171875,0.75,0.03125,0.0,0.0,0.0,0.046875
1,2,0.0,0.171875,0.75,0.03125,0.0,0.0,0.0,0.046875
1,2,0.0,0.171875,0.75,0.03125,0.0,0.0,0.0,0.046875
1,2,0.0,0.171875,0.75,0.03125,0.0,0.0,0.0,0.046875
1,2,0.0,0.171875,0.75,0.03125,0.0,0.0,0.0,0.046875
1,2,0.0,0.171875,0.75,0.03125,0.0,0.0,0.0,0.046875
1,2,0.0,0.171875,0.75,0.03125,0.0,0.0,0.0,0.046875
1,2,0.0,0.171875,0.75,0.03125,0.0,0.0,0.0,0.046875
1,2,0.0,0.171875,0.75,0.03125,0.0,0.0,0.0,0.046875
1,2,0.0,0.171875,0.75,0.03125,0.0,0.0,0.0,0.046875
1,2,0.0,0.171875,0.75,0.03125,0.0,0.0,0.0,0.046875
1,2,0.0,0.171875,0.75,0.03125,0.0,0.0,0.0,0.046875
1,2,0.0,0.171875,0.75,0.03125,0.0,0.0,0.0,0.046875
1,2,0.0,0.171875,0.75,0.03125,0.0,0.0,0.0,0.046875
1,2,0.0,0.171875,0.75,0.03125,0.0,0.0,0.0,0.046875
1,2,0.0,0.171875,0.75,0.03125,0.0,0.0,0.0,0.046875
1,2,0.0,0.171875,0.75,0.03125,0.0,0.0,0.0,0.046875
1,2,0.0,0.171875,0.75,0.03125,0.0,0.0,0.0,0.046875
1,2,0.0,0.171875,0.75,0.03125,0.0,0.0,0.0,0.046875
1,2,0.0,0.171875,0.75,0.03125,0.0,0.0,0.0,0.046875
1,2,0.0,0.15625,0.765625,0.03125,0.0,0.0,0.0,0.046875
1,2,0.0,0.15625,0.765625,0.03125,0.0,0.0,0.0,0.046875
1,2,0.0,0.15625,0.765625,0.03125,0.0,0.0,0.0,0.046875
1,2,0.0,0.15625,0.765625,0.03125,0.0,0.0,0.0,0.046875
1,2,0.0,0.15625,0.765625,0.03125,0.0,0.0,0.0,0.046875
1,2,0.0,0.15625,0.765625,0.03125,0.0,0.0,0.0,0.046875
1,2,0.0,0.15625,0.765625,0.03125,0.0,0.0,0.0,0.046875
1,2,0.0,0.109375,0.828125,0.03125,0.0,0.0,0.0,0.03125
1,2,0.0,0.109375,0.828125,0.03125,0.0,0.0,0.0,0.03125
1,2,0.0,0.109375,0.84375,0.015625,0.0,0.0,0.0,0.03125
1,2,0.0,0.109375,0.84375,0.015625,0.0,0.0,0.0,0.03125
1,2,0.0,0.109375,0.84375,0.015625,0.0,0.0,0.0,0.03125
1,2,0.0,0.09375,0.859375,0.015625,0.0,0.0,0.0,0.03125
1,2,0.0,0.09375,0.859375,0.015625,0.0,0.0,0.0,0.03125
1,2,0.0,0.09375,0.859375,0.015625,0.0,0.0,0.0,0.03125
1,2,0.0,0.09375,0.859375,0.015625,0.0,0.0,0.0,0.03125
1,2,0.0,0.09375,0.859375,0.015625,0.0,0.0,0.0,0.03125
1,2,0.0,0.09375,0.859375,0.015625,0.0,0.0,0.0,0.03125
1,2,0.0,0.09375,0.859375,0.015625,0.0,0.0,0.0,0.03125
1,2,0.0,0.09375,0.859375,0.015625,0.0,0.0,0.0,0.03125
1,2,0.0,0.09375,0.859375,0.015625,0.0,0.0,0.0,0.03125
1,2,0.0,0.078125,0.875,0.015625,0.0,0.0,0.0,0.03125
1,2,0.0,0.078125,0.875,0.015625,0.0,0.0,0.0,0.03125
1,2,0.0,0.078125,0.875,0.015625,0.0,0.0,0.0,0.03125
1,2,0.0,0.078125,0.875,0.015625,0.0,0.0,0.0,0.03125
1,2,0.0,0.078125,0.875,0.015625,0.0,0.0,0.0,0.03125
1,2,0.0,0.078125,0.875,0.015625,0.0,0.0,0.0,0.03125
1,2,0.0,0.078125,0.875,0.015625,0.0,0.0,0.0,0.03125
1,2,0.0,0.078125,0.875,0.015625,0.0,0.0,0.0,0.03125
1,2,0.0,0.078125,0.875,0.015625,0.0,0.0,0.0,0.03125
1,2,0.0,0.078125,0.875,0.015625,0.0,0.0,0.0,0.03125
1,2,0.0,0.078125,0.890625,0.0,0.0,0.0,0.0,0.03125
1,2,0.0,0.078125,0.890625,0.0,0.0,0.0,0.0,0.03125
1,2,0.0,0.078125,0.890625,0.0,0.0,0.0,0.0,0.03125
1,2,0.0,0.078125,0.890625,0.0,0.0,0.0,0.0,0.03125
1,2,0.0,0.078125,0.890625,0.0,0.0,0.0,0.0,0.03125
1,2,0.0,0.078125,0.890625,0.0,0.0,0.0,0.0,0.03125
1,2,0.0,0.0625,0.90625,0.0,0.0,0.0,0.0,0.03125
1,2,0.0,0.0625,0.90625,0.0,0.0,0.0,0.0,0.03125
1,2,0.0,0.046875,0.9375,0.0,0.0,0.0,0.0,0.015625
1,2,0.0,0.046875,0.9375,0.0,0.0,0.0,0.0,0.015625
1,2,0.0,0.046875,0.9375,0.0,0.0,0.0,0.0,0.015625
1,2,0.0,0.046875,0.9375,0.0,0.0,0.0,0.0,0.015625
1,2,0.0,0.03125,0.953125,0.0,0.0,0.0,0.0,0.015625
1,2,0.0,0.03125,0.953125,0.0,0.0,0.0,0.0,0.015625
1,2,0.0,0.03125,0.953125,0.0,0.0,0.0,0.0,0.015625
1,2,0.0,0.03125,0.953125,0.0,0.0,0.0,0.0,0.015625
1,2,0.0,0.03125,0.953125,0.0,0.0,0.0,0.0,0.015625
1,2,0.0,0.03125,0.953125,0.0,0.0,0.0,0.0,0.015625
1,2,0.0,0.03125,0.953125,0.0,0.0,0.0,0.0,0.015625
1,2,0.0,0.03125,0.953125,0.0,0.0,0.0,0.0,0.015625
1,2,0.0,0.03125,0.953125,0.0,0.0,0.0,0.0,0.015625
1,2,0.0,0.03125,0.953125,0.0,0.0,0.0,0.0,0.015625
1,2,0.0,0.03125,0.953125,0.0,0.0,0.0,0.0,0.015625
1,2,0.0,0.03125,0.953125,0.0,0.0,0.0,0.0,0.015625
1,2,0.0,0.03125,0.953125,0.0,0.0,0.0,0.0,0.015625
1,2,0.0,0.03125,0.953125,0.0,0.0,0.0,0.0,0.015625
1,2,0.0,0.03125,0.953125,0.0,0.0,0.0,0.0,0.015625
1,2,0.0,0.015625,0.96875,0.0,0.0,0.0,0.0,0.015625
1,2,0.0,0.015625,0.96875,0.0,0.0,0.0,0.0,0.015625
1,2,0.0,0.015625,0.96875,0.0,0.0,0.0,0.0,0.015625
1,2,0.0,0.015625,0.96875,0.0,0.0,0.0,0.0,0.015625
1,2,0.0,0.015625,0.96875,0.0,0.0,0.0,0.0,0.015625
1,2,0.0,0.0,0.984375,0.0,0.0,0.0,0.0,0.015625
1,2,0.0,0.0,0.984375,0.0,0.0,0.0,0.0,0.015625
1,2,0.0,0.0,0.984375,0.0,0.0,0.0,0.0,0.015625
1,2,0.0,0.0,0.984375,0.0,0.0,0.0,0.0,0.015625
1,2,0.0,0.0,0.984375,0.0,0.0,0.0,0.0,0.015625
1,2,0.0,0.0,0.984375,0.0,0.0,0.0,0.0,0.015625
1,2,0.0,0.0,0.984375,0.0,0.0,0.0,0.0,0.015625
1,2,0.0,0.0,0.984375,0.0,0.0,0.0,0.0,0.015625
1,2,0.0,0.0,0.984375,0.0,0.0,0.0,0.0,0.015625
1,2,0.0,0.0,0.984375,0.0,0.0,0.0,0.0,0.015625
1,2,0.0,0.0,0.984375,0.0,0.0,0.0,0.0,0.015625
1,2,0.0,0.0,0.984375,0.0,0.0,0.0,0.0,0.015625
1,2,0.0,0.0,0.984375,0.0,0.0,0.0,0.0,0.015625
1,2,0.0,0.0,0.984375,0.0,0.0,0.0,0.0,0.015625
1,2,0.0,0.0,0.984375,0.0,0.0,0.0,0.0,0.015625
1,2,0.0,0.0,0.984375,0.0,0.0,0.0,0.0,0.015625
1,2,0.0,0.0,0.984375,0.0,0.0,0.0,0.0,0.015625
1,2,0.0,0.0,0.984375,0.0,0.0,0.0,0.0,0.015625
1,2,0.0,0.0,0.984375,0.0,0.0,0.0,0.0,0.015625
1,2,0.0,0.0,0.984375,0.0,0.0,0.0,0.0,0.015625
1,2,0.0,0.0,0.984375,0.0,0.0,0.0,0.0,0.015625
1,2,0.0,0.0,0.984375,0.0,0.0,0.0,0.0,0.015625
1,2,0.0,0.0,0.984375,0.0,0.0,0.0,0.0,0.015625
1,2,0.0,0.0,0.984375,0.0,0.0,0.0,0.0,0.015625
1,2,0.0,0.0,0.984375,0.0,0.0,0.0,0.0,0.015625
1,2,0.0,0.0,0.984375,0.0,0.0,0.0,0.0,0.015625
1,2,0.0,0.0,0.984375,0.0,0.0,0.0,0.0,0.015625
1,2,0.0,0.0,0.984375,0.0,0.0,0.0,0.0,0.015625
1,2,0.0,0.0,0.984375,0.0,0.0,0.0,0.0,0.015625
1,2,0.0,0.0,0.984375,0.0,0.0,0.0,0.0,0.015625
1,2,0.0,0.0,0.984375,0.0,0.0,0.0,0.0,0.015625
1,2,0.0,0.0,0.984375,0.0,0.0,0.0,0.0,0.015625
1,2,0.0,0.0,0.984375,0.0,0.0,0.0,0.0,0.015625
1,2,0.0,0.0,0.984375,0.0,0.0,0.0,0.0,0.015625
1,2,0.0,0.0,0.984375,0.0,0.0,0.0,0.0,0.015625
1,2,0.0,0.0,0.984375,0.0,0.0,0.0,0.0,0.015625
1,2,0.0,0.0,0.984375,0.0,0.0,0.0,0.0,0.015625
1,2,0.0,0.0,0.984375,0.0,0.0,0.0,0.0,0.015625
1,2,0.0,0.0,0.984375,0.0,0.0,0.0,0.0,0.015625
1,2,0.0,0.0,0.984375,0.0,0.0,0.0,0.0,0.015625
1,2,0.0,0.0,1.0,0.0,0.0,0.0,0.0,0.0
1,2,0.0,0.0,1.0,0.0,0.0,0.0,0.0,0.0
1,2,0.0,0.0,1.0,0.0,0.0,0.0,0.0,0.0
1,2,0.0,0.0,1.0,0.0,0.0,0.0,0.0,0.0
1,2,0.0,0.0,1.0,0.0,0.0,0.0,0.0,0.0
1,2,0.0,0.0,1.0,0.0,0.0,0.0,0.0,0.0
1,2,0.0,0.0,1.0,0.0,0.0,0.0,0.0,0.0
1,2,0.0,0.0,1.0,0.0,0.0,0.0,0.0,0.0
1,2,0.0,0.0,1.0,0.0,0.0,0.0,0.0,0.0
1,2,0.0,0.0,1.0,0.0,0.0,0.0,0.0,0.0
1,2,0.0,0.0,1.0,0.0,0.0,0.0,0.0,0.0
1,2,0.0,0.0,1.0,0.0,0.0,0.0,0.0,0.0
1,2,0.0,0.0,1.0,0.0,0.0,0.0,0.0,0.0
1,2,0.0,0.0,1.0,0.0,0.0,0.0,0.0,0.0
1,2,0.0,0.0,1.0,0.0,0.0,0.0,0.0,0.0
1,2,0.0,0.0,1.0,0.0,0.0,0.0,0.0,0.0
1,2,0.0,0.0,0.984375,0.0,0.0,0.0,0.0,0.015625
1,2,0.0,0.0,0.984375,0.0,0.0,0.0,0.0,0.015625
1,2,0.0,0.0,0.984375,0.0,0.0,0.0,0.0,0.015625
1,2,0.0,0.0,0.984375,0.0,0.0,0.0,0.0,0.015625
1,2,0.0,0.0,0.984375,0.0,0.0,0.0,0.0,0.015625
1,2,0.0,0.0,0.984375,0.0,0.0,0.0,0.0,0.015625
1,2,0.0,0.0,0.984375,0.0,0.0,0.0,0.0,0.015625
1,2,0.0,0.0,0.984375,0.0,0.0,0.0,0.0,0.015625
1,2,0.0,0.0,0.984375,0.0,0.0,0.0,0.0,0.015625
1,2,0.0,0.0,0.984375,0.0,0.0,0.0,0.0,0.015625
1,2,0.0,0.0,0.984375,0.0,0.0,0.0,0.0,0.015625
1,2,0.0,0.0,0.984375,0.0,0.0,0.0,0.0,0.015625
1,2,0.0,0.0,0.984375,0.0,0.0,0.0,0.0,0.015625
1,2,0.0,0.0,0.984375,0.0,0.0,0.0,0.0,0.015625
1,2,0.0,0.0,0.984375,0.0,0.0,0.0,0.0,0.015625
1,2,0.0,0.0,0.984375,0.0,0.0,0.0,0.0,0.015625
1,2,0.0,0.0,0.984375,0.0,0.0,0.0,0.0,0.015625
1,2,0.0,0.0,0.984375,0.0,0.0,0.0,0.0,0.015625
1,2,0.0,0.0,0.984375,0.0,0.0,0.0,0.0,0.015625
1,2,0.0,0.0,0.984375,0.0,0.0,0.0,0.0,0.015625
1,2,0.0,0.0,0.984375,0.0,0.0,0.0,0.0,0.015625
1,2,0.0,0.0,0.984375,0.0,0.0,0.0,0.0,0.015625
1,2,0.0,0.0,0.984375,0.0,0.0,0.0,0.0,0.015625
1,2,0.0,0.0,0.984375,0.0,0.0,0.0,0.0,0.015625
1,2,0.0,0.0,0.984375,0.0,0.0,0.0,0.0,0.015625
1,2,0.0,0.0,0.984375,0.0,0.0,0.0,0.0,0.015625
1,2,0.0,0.0,0.984375,0.0,0.0,0.0,0.0,0.015625
1,2,0.0,0.0,0.984375,0.0,0.0,0.0,0.0,0.015625
1,2,0.0,0.0,0.984375,0.0,0.0,0.0,0.0,0.015625
1,2,0.0,0.0,0.984375,0.0,0.0,0.0,0.0,0.015625
1,2,0.0,0.0,0.984375,0.0,0.0,0.0,0.0,0.015625
1,2,0.0,0.0,0.984375,0.0,0.0,0.0,0.0,0.015625
1,2,0.0,0.0,0.984375,0.0,0.0,0.0,0.0,0.015625
1,2,0.0,0.0,0.984375,0.0,0.0,0.0,0.0,0.015625
1,2,0.0,0.0,0.984375,0.0,0.0,0.0,0.0,0.015625
1,2,0.0,0.0,0.984375,0.0,0.0,0.0,0.0,0.015625
1,2,0.0,0.0,0.984375,0.0,0.0,0.0,0.0,0.015625
1,2,0.0,0.0,0.984375,0.0,0.0,0.0,0.0,0.015625
1,2,0.0,0.0,0.984375,0.0,0.0,0.0,0.0,0.015625
1,2,0.0,0.0,0.984375,0.0,0.0,0.0,0.0,0.015625
1,2,0.0,0.0,0.984375,0.0,0.0,0.0,0.0,0.015625
1,2,0.0,0.0,0.984375,0.0,0.0,0.0,0.0,0.015625
1,2,0.0,0.0,0.984375,0.0,0.0,0.0,0.0,0.015625
1,2,0.0,0.0,0.984375,0.0,0.0,0.0,0.0,0.015625
1,2,0.0,0.0,0.984375,0.0,0.0,0.0,0.0,0.015625
1,2,0.0,0.0,0.984375,0.0,0.0,0.0,0.0,0.015625
1,2,0.0,0.0,0.984375,0.0,0.0,0.0,0.0,0.015625
1,2,0.0,0.0,0.984375,0.0,0.0,0.0,0.0,0.015625
1,2,0.0,0.0,0.984375,0.0,0.0,0.0,0.0,0.015625
1,2,0.0,0.0,0.984375,0.0,0.0,0.0,0.0,0.015625
1,2,0.0,0.0,0.984375,0.0,0.0,0.0,0.0,0.015625
1,2,0.0,0.0,0.984375,0.0,0.0,0.0,0.0,0.015625
1,2,0.0,0.0,0.984375,0.0,0.0,0.0,0.0,0.015625
1,2,0.0,0.0,0.984375,0.0,0.0,0.0,0.0,0.015625
1,2,0.0,0.0,0.984375,0.0,0.0,0.0,0.0,0.015625
1,2,0.0,0.0,0.984375,0.0,0.0,0.0,0.0,0.015625
1,2,0.0,0.0,0.984375,0.0,0.0,0.0,0.0,0.015625
1,2,0.0,0.0,0.984375,0.0,0.0,0.0,0.0,0.015625
1,2,0.0,0.0,0.984375,0.0,0.0,0.0,0.0,0.015625
1,2,0.0,0.0,0.984375,0.0,0.0,0.0,0.0,0.015625
1,2,0.0,0.0,0.984375,0.0,0.0,0.0,0.0,0.015625
1,2,0.0,0.0,0.984375,0.0,0.0,0.0,0.0,0.015625
1,2,0.0,0.0,0.984375,0.0,0.0,0.0,0.0,0.015625
1,2,0.0,0.0,0.984375,0.0,0.0,0.0,0.0,0.015625
1,2,0.0,0.0,1.0,0.0,0.0,0.0,0.0,0.0
1,2,0.0,0.0,1.0,0.0,0.0,0.0,0.0,0.0
1,2,0.0,0.0,1.0,0.0,0.0,0.0,0.0,0.0
1,2,0.0,0.0,1.0,0.0,0.0,0.0,0.0,0.0
1,2,0.0,0.0,1.0,0.0,0.0,0.0,0.0,0.0
1,2,0.0,0.0,1.0,0.0,0.0,0.0,0.0,0.0
1,2,0.0,0.0,1.0,0.0,0.0,0.0,0.0,0.0
1,2,0.0,0.0,1.0,0.0,0.0,0.0,0.0,0.0
1,2,0.0,0.0,1.0,0.0,0.0,0.0,0.0,0.0
1,2,0.0,0.0,1.0,0.0,0.0,0.0,0.0,0.0
1,2,0.0,0.0,1.0,0.0,0.0,0.0,0.0,0.0
1,2,0.0,0.0,1.0,0.0,0.0,0.0,0.0,0.0
1,2,0.0,0.0,1.0,0.0,0.0,0.0,0.0,0.0
1,2,0.0,0.0,1.0,0.0,0.0,0.0,0.0,0.0
1,2,0.0,0.0,1.0,0.0,0.0,0.0,0.0,0.0
1,2,0.0,0.0,1.0,0.0,0.0,0.0,0.0,0.0
1,2,0.0,0.0,1.0,0.0,0.0,0.0,0.0,0.0
1,2,0.0,0.0,1.0,0.0,0.0,0.0,0.0,0.0
1,2,0.0,0.0,1.0,0.0,0.0,0.0,0.0,0.0
1,2,0.0,0.0,1.0,0.0,0.0,0.0,0.0,0.0
1,2,0.0,0.0,1.0,0.0,0.0,0.0,0.0,0.0
1,2,0.0,0.0,1.0,0.0,0.0,0.0,0.0,0.0
1,2,0.0,0.0,1.0,0.0,0.0,0.0,0.0,0.0
1,2,0.0,0.0,1.0,0.0,0.0,0.0,0.0,0.0
1,2,0.0,0.0,1.0,0.0,0.0,0.0,0.0,0.0
1,2,0.0,0.0,1.0,0.0,0.0,0.0,0.0,0.0
1,2,0.0,0.0,1.0,0.0,0.0,0.0,0.0,0.0
1,2,0.0,0.0,1.0,0.0,0.0,0.0,0.0,0.0
1,2,0.0,0.0,1.0,0.0,0.0,0.0,0.0,0.0
1,2,0.0,0.0,1.0,0.0,0.0,0.0,0.0,0.0
1,2,0.0,0.0,1.0,0.0,0.0,0.0,0.0,0.0
1,2,0.0,0.0,1.0,0.0,0.0,0.0,0.0,0.0
1,2,0.0,0.0,1.0,0.0,0.0,0.0,0.0,0.0
1,2,0.0,0.0,1.0,0.0,0.0,0.0,0.0,0.0
1,2,0.0,0.0,1.0,0.0,0.0,0.0,0.0,0.0
1,2,0.0,0.0,1.0,0.0,0.0,0.0,0.0,0.0
1,2,0.0,0.0,1.0,0.0,0.0,0.0,0.0,0.0
1,2,0.0,0.0,1.0,0.0,0.0,0.0,0.0,0.0
1,2,0.0,0.0,1.0,0.0,0.0,0.0,0.0,0.0
1,2,0.0,0.0,1.0,0.0,0.0,0.0,0.0,0.0
1,2,0.0,0.0,1.0,0.0,0.0,0.0,0.0,0.0
1,2,0.0,0.0,1.0,0.0,0.0,0.0,0.0,0.0
1,2,0.0,0.0,1.0,0.0,0.0,0.0,0.0,0.0
1,2,0.0,0.0,1.0,0.0,0.0,0.0,0.0,0.0
1,2,0.0,0.0,1.0,0.0,0.0,0.0,0.0,0.0
1,2,0.0,0.0,1.0,0.0,0.0,0.0,0.0,0.0
1,2,0.0,0.0,1.0,0.0,0.0,0.0,0.0,0.0
1,2,0.0,0.0,1.0,0.0,0.0,0.0,0.0,0.0
1,2,0.0,0.0,0.984375,0.0,0.0,0.0,0.0,0.015625
1,2,0.0,0.0,0.984375,0.0,0.0,0.0,0.0,0.015625
1,2,0.0,0.0,0.984375,0.0,0.0,0.0,0.0,0.015625
1,2,0.0,0.0,0.984375,0.0,0.0,0.0,0.0,0.015625
1,2,0.0,0.0,0.984375,0.0,0.0,0.0,0.0,0.015625
1,2,0.0,0.0,0.984375,0.0,0.0,0.0,0.0,0.015625
1,2,0.0,0.0,0.984375,0.0,0.0,0.0,0.0,0.015625
1,2,0.0,0.0,0.984375,0.0,0.0,0.0,0.0,0.015625
1,2,0.0,0.0,0.984375,0.0,0.0,0.0,0.0,0.015625
1,2,0.0,0.0,0.984375,0.0,0.0,0.0,0.0,0.015625
1,2,0.0,0.0,0.984375,0.0,0.0,0.0,0.0,0.015625
1,2,0.0,0.0,0.984375,0.0,0.0,0.0,0.0,0.015625
1,2,0.0,0.0,0.984375,0.0,0.0,0.0,0.0,0.015625
1,2,0.0,0.0,0.984375,0.0,0.0,0.0,0.0,0.015625
1,2,0.0,0.0,0.984375,0.0,0.0,0.0,0.0,0.015625
1,2,0.0,0.0,0.984375,0.0,0.0,0.0,0.0,0.015625
1,2,0.0,0.0,0.984375,0.0,0.0,0.0,0.0,0.015625
1,2,0.0,0.0,0.984375,0.0,0.0,0.0,0.0,0.015625
1,2,0.0,0.0,0.984375,0.0,0.0,0.0,0.0,0.015625
1,2,0.0,0.0,0.984375,0.0,0.0,0.0,0.0,0.015625
1,2,0.0,0.0,0.984375,0.0,0.0,0.0,0.0,0.015625
1,2,0.0,0.0,0.984375,0.0,0.0,0.0,0.0,0.015625
1,2,0.0,0.0,0.984375,0.0,0.0,0.0,0.0,0.015625
1,2,0.0,0.0,0.984375,0.0,0.0,0.0,0.0,0.015625
1,2,0.0,0.0,0.984375,0.0,0.0,0.0,0.0,0.015625
1,2,0.0,0.0,0.984375,0.0,0.0,0.0,0.0,0.015625
1,2,0.0,0.0,0.984375,0.0,0.0,0.0,0.0,0.015625
1,2,0.0,0.0,0.984375,0.0,0.0,0.0,0.0,0.015625
1,2,0.0,0.0,0.984375,0.0,0.0,0.0,0.0,0.015625
1,2,0.0,0.0,0.984375,0.0,0.0,0.0,0.0,0.015625
1,2,0.0,0.0,0.984375,0.0,0.0,0.0,0.0,0.015625
1,2,0.0,0.0,0.984375,0.0,0.0,0.0,0.0,0.015625
1,2,0.0,0.0,0.984375,0.0,0.0,0.0,0.0,0.015625
1,2,0.0,0.0,0.984375,0.0,0.0,0.0,0.0,0.015625
1,2,0.0,0.0,0.984375,0.0,0.0,0.0,0.0,0.015625
1,2,0.0,0.0,0.984375,0.0,0.0,0.0,0.0,0.015625
1,2,0.0,0.0,0.984375,0.0,0.0,0.0,0.0,0.015625
1,2,0.0,0.0,0.984375,0.0,0.0,0.0,0.0,0.015625
1,2,0.0,0.0,0.984375,0.0,0.0,0.0,0.0,0.015625
1,2,0.0,0.0,0.984375,0.0,0.0,0.0,0.0,0.015625
1,2,0.0,0.0,0.984375,0.0,0.0,0.0,0.0,0.015625
1,2,0.0,0.0,0.984375,0.0,0.0,0.0,0.0,0.015625
1,2,0.0,0.0,0.984375,0.0,0.0,0.0,0.0,0.015625
1,2,0.0,0.0,0.984375,0.0,0.0,0.0,0.0,0.015625
1,2,0.0,0.0,0.984375,0.0,0.0,0.0,0.0,0.015625
1,2,0.0,0.0,0.984375,0.0,0.0,0.0,0.0,0.015625
1,2,0.0,0.0,0.984375,0.0,0.0,0.0,0.0,0.015625
1,2,0.0,0.0,0.984375,0.0,0.0,0.0,0.0,0.015625
1,2,0.0,0.0,0.984375,0.0,0.0,0.0,0.0,0.015625
1,2,0.0,0.0,0.984375,0.0,0.0,0.0,0.0,0.015625
1,2,0.0,0.0,0.984375,0.0,0.0,0.0,0.0,0.015625
1,2,0.0,0.0,0.984375,0.0,0.0,0.0,0.0,0.015625
1,2,0.0,0.0,0.984375,0.0,0.0,0.0,0.0,0.015625
1,2,0.0,0.0,0.984375,0.0,0.0,0.0,0.0,0.015625
1,2,0.0,0.0,0.984375,0.0,0.0,0.0,0.0,0.015625
1,2,0.0,0.0,0.984375,0.0,0.0,0.0,0.0,0.015625
1,2,0.0,0.0,1.0,0.0,0.0,0.0,0.0,0.0
1,2,0.0,0.0,1.0,0.0,0.0,0.0,0.0,0.0
1,2,0.0,0.0,1.0,0.0,0.0,0.0,0.0,0.0
1,2,0.0,0.0,1.0,0.0,0.0,0.0,0.0,0.0
1,2,0.0,0.0,1.0,0.0,0.0,0.0,0.0,0.0
1,2,0.0,0.0,1.0,0.0,0.0,0.0,0.0,0.0
1,2,0.0,0.0,1.0,0.0,0.0,0.0,0.0,0.0
1,2,0.0,0.0,1.0,0.0,0.0,0.0,0.0,0.0
1,2,0.0,0.0,1.0,0.0,0.0,0.0,0.0,0.0
1,2,0.0,0.0,1.0,0.0,0.0,0.0,0.0,0.0
1,2,0.0,0.0,1.0,0.0,0.0,0.0,0.0,0.0
1,2,0.0,0.0,1.0,0.0,0.0,0.0,0.0,0.0
1,2,0.0,0.0,1.0,0.0,0.0,0.0,0.0,0.0
1,2,0.0,0.0,1.0,0.0,0.0,0.0,0.0,0.0
1,2,0.0,0.0,1.0,0.0,0.0,0.0,0.0,0.0
1,2,0.0,0.0,1.0,0.0,0.0,0.0,0.0,0.0
1,2,0.0,0.0,1.0,0.0,0.0,0.0,0.0,0.0
1,2,0.0,0.0,1.0,0.0,0.0,0.0,0.0,0.0
1,2,0.0,0.0,1.0,0.0,0.0,0.0,0.0,0.0
1,2,0.0,0.0,1.0,0.0,0.0,0.0,0.0,0.0
1,2,0.0,0.0,1.0,0.0,0.0,0.0,0.0,0.0
1,2,0.0,0.0,1.0,0.0,0.0,0.0,0.0,0.0
1,2,0.0,0.0,1.0,0.0,0.0,0.0,0.0,0.0
1,2,0.0,0.0,1.0,0.0,0.0,0.0,0.0,0.0
1,2,0.0,0.0,1.0,0.0,0.0,0.0,0.0,0.0
1,2,0.0,0.0,1.0,0.0,0.0,0.0,0.0,0.0
1,2,0.0,0.0,1.0,0.0,0.0,0.0,0.0,0.0
1,2,0.0,0.0,1.0,0.0,0.0,0.0,0.0,0.0
1,2,0.0,0.0,1.0,0.0,0.0,0.0,0.0,0.0
1,2,0.0,0.0,1.0,0.0,0.0,0.0,0.0,0.0
1,2,0.0,0.0,1.0,0.0,0.0,0.0,0.0,0.0
1,2,0.0,0.0,1.0,0.0,0.0,0.0,0.0,0.0
1,2,0.0,0.0,1.0,0.0,0.0,0.0,0.0,0.0
1,2,0.0,0.0,1.0,0.0,0.0,0.0,0.0,0.0
1,2,0.0,0.0,1.0,0.0,0.0,0.0,0.0,0.0
1,2,0.0,0.0,1.0,0.0,0.0,0.0,0.0,0.0
1,2,0.0,0.0,1.0,0.0,0.0,0.0,0.0,0.0
1,2,0.0,0.0,1.0,0.0,0.0,0.0,0.0,0.0
1,2,0.0,0.0,1.0,0.0,0.0,0.0,0.0,0.0
1,2,0.0,0.0,1.0,0.0,0.0,0.0,0.0,0.0
1,2,0.0,0.0,1.0,0.0,0.0,0.0,0.0,0.0
1,2,0.0,0.0,1.0,0.0,0.0,0.0,0.0,0.0
1,2,0.0,0.0,1.0,0.0,0.0,0.0,0.0,0.0
1,2,0.0,0.0,1.0,0.0,0.0,0.0,0.0,0.0
1,2,0.0,0.0,1.0,0.0,0.0,0.0,0.0,0.0
1,2,0.0,0.0,1.0,0.0,0.0,0.0,0.0,0.0
1,2,0.0,0.0,1.0,0.0,0.0,0.0,0.0,0.0
1,2,0.0,0.0,1.0,0.0,0.0,0.0,0.0,0.0
1,2,0.0,0.0,1.0,0.0,0.0,0.0,0.0,0.0
1,2,0.0,0.0,1.0,0.0,0.0,0.0,0.0,0.0
1,2,0.0,0.0,1.0,0.0,0.0,0.0,0.0,0.0
1,2,0.0,0.0,1.0,0.0,0.0,0.0,0.0,0.0
1,2,0.0,0.0,1.0,0.0,0.0,0.0,0.0,0.0
1,2,0.0,0.0,1.0,0.0,0.0,0.0,0.0,0.0
1,2,0.0,0.0,1.0,0.0,0.0,0.0,0.0,0.0
1,2,0.0,0.0,1.0,0.0,0.0,0.0,0.0,0.0
1,2,0.0,0.0,1.0,0.0,0.0,0.0,0.0,0.0
1,2,0.0,0.0,1.0,0.0,0.0,0.0,0.0,0.0
1,2,0.0,0.0,1.0,0.0,0.0,0.0,0.0,0.0
1,2,0.0,0.0,1.0,0.0,0.0,0.0,0.0,0.0
1,2,0.0,0.0,1.0,0.0,0.0,0.0,0.0,0.0
1,2,0.0,0.0,1.0,0.0,0.0,0.0,0.0,0.0
1,2,0.0,0.0,1.0,0.0,0.0,0.0,0.0,0.0
1,2,0.0,0.0,1.0,0.0,0.0,0.0,0.0,0.0
1,2,0.0,0.0,1.0,0.0,0.0,0.0,0.0,0.0
1,2,0.0,0.0,1.0,0.0,0.0,0.0,0.0,0.0
1,2,0.0,0.0,1.0,0.0,0.0,0.0,0.0,0.0
1,2,0.0,0.0,1.0,0.0,0.0,0.0,0.0,0.0
1,2,0.0,0.0,1.0,0.0,0.0,0.0,0.0,0.0
1,2,0.0,0.0,1.0,0.0,0.0,0.0,0.0,0.0
1,2,0.0,0.0,1.0,0.0,0.0,0.0,0.0,0.0
1,2,0.0,0.0,1.0,0.0,0.0,0.0,0.0,0.0
1,2,0.0,0.0,1.0,0.0,0.0,0.0,0.0,0.0
1,2,0.0,0.0,1.0,0.0,0.0,0.0,0.0,0.0
1,2,0.0,0.0,1.0,0.0,0.0,0.0,0.0,0.0
1,2,0.0,0.0,1.0,0.0,0.0,0.0,0.0,0.0
1,2,0.0,0.0,1.0,0.0,0.0,0.0,0.0,0.0
1,2,0.0,0.0,1.0,0.0,0.0,0.0,0.0,0.0
1,2,0.0,0.0,1.0,0.0,0.0,0.0,0.0,0.0
1,2,0.0,0.0,1.0,0.0,0.0,0.0,0.0,0.0
1,2,0.0,0.0,1.0,0.0,0.0,0.0,0.0,0.0
1,2,0.0,0.0,1.0,0.0,0.0,0.0,0.0,0.0
1,2,0.0,0.0,1.0,0.0,0.0,0.0,0.0,0.0
1,2,0.0,0.0,1.0,0.0,0.0,0.0,0.0,0.0
1,2,0.0,0.0,1.0,0.0,0.0,0.0,0.0,0.0
1,2,0.0,0.0,1.0,0.0,0.0,0.0,0.0,0.0
1,2,0.0,0.0,1.0,0.0,0.0,0.0,0.0,0.0
1,2,0.0,0.0,1.0,0.0,0.0,0.0,0.0,0.0
1,2,0.0,0.0,1.0,0.0,0.0,0.0,0.0,0.0
1,2,0.0,0.0,1.0,0.0,0.0,0.0,0.0,0.0
1,2,0.0,0.0,1.0,0.0,0.0,0.0,0.0,0.0
1,2,0.0,0.0,1.0,0.0,0.0,0.0,0.0,0.0
1,2,0.0,0.0,1.0,0.0,0.0,0.0,0.0,0.0
1,2,0.0,0.0,1.0,0.0,0.0,0.0,0.0,0.0
1,2,0.0,0.0,1.0,0.0,0.0,0.0,0.0,0.0
1,2,0.0,0.0,1.0,0.0,0.0,0.0,0.0,0.0
1,2,0.0,0.0,1.0,0.0,0.0,0.0,0.0,0.0
1,2,0.0,0.0,1.0,0.0,0.0,0.0,0.0,0.0
1,2,0.0,0.0,1.0,0.0,0.0,0.0,0.0,0.0
1,2,0.0,0.0,1.0,0.0,0.0,0.0,0.0,0.0
1,2,0.0,0.0,1.0,0.0,0.0,0.0,0.0,0.0
1,2,0.0,0.0,1.0,0.0,0.0,0.0,0.0,0.0
1,2,0.0,0.0,1.0,0.0,0.0,0.0,0.0,0.0
1,2,0.0,0.0,1.0,0.0,0.0,0.0,0.0,0.0
1,2,0.0,0.0,1.0,0.0,0.0,0.0,0.0,0.0
1,2,0.0,0.0,1.0,0.0,0.0,0.0,0.0,0.0
1,2,0.0,0.0,1.0,0.0,0.0,0.0,0.0,0.0
1,2,0.0,0.0,1.0,0.0,0.0,0.0,0.0,0.0
1,2,0.0,0.0,1.0,0.0,0.0,0.0,0.0,0.0
1,2,0.0,0.0,1.0,0.0,0.0,0.0,0.0,0.0
1,2,0.0,0.0,1.0,0.0,0.0,0.0,0.0,0.0
1,2,0.0,0.0,1.0,0.0,0.0,0.0,0.0,0.0
1,2,0.0,0.0,1.0,0.0,0.0,0.0,0.0,0.0
1,2,0.0,0.0,1.0,0.0,0.0,0.0,0.0,0.0
1,2,0.0,0.0,1.0,0.0,0.0,0.0,0.0,0.0
1,2,0.0,0.0,1.0,0.0,0.0,0.0,0.0,0.0
1,2,0.0,0.0,1.0,0.0,0.0,0.0,0.0,0.0
1,2,0.0,0.0,1.0,0.0,0.0,0.0,0.0,0.0
1,2,0.0,0.0,1.0,0.0,0.0,0.0,0.0,0.0
1,2,0.0,0.0,1.0,0.0,0.0,0.0,0.0,0.0
1,2,0.0,0.0,1.0,0.0,0.0,0.0,0.0,0.0
1,2,0.0,0.0,1.0,0.0,0.0,0.0,0.0,0.0
1,2,0.0,0.0,1.0,0.0,0.0,0.0,0.0,0.0
1,2,0.0,0.0,1.0,0.0,0.0,0.0,0.0,0.0
1,2,0.0,0.0,1.0,0.0,0.0,0.0,0.0,0.0
1,2,0.0,0.0,1.0,0.0,0.0,0.0,0.0,0.0
1,2,0.0,0.0,1.0,0.0,0.0,0.0,0.0,0.0
1,2,0.0,0.0,1.0,0.0,0.0,0.0,0.0,0.0
1,2,0.0,0.0,1.0,0.0,0.0,0.0,0.0,0.0
1,2,0.0,0.0,1.0,0.0,0.0,0.0,0.0,0.0
1,2,0.0,0.0,1.0,0.0,0.0,0.0,0.0,0.0
1,2,0.0,0.0,1.0,0.0,0.0,0.0,0.0,0.0
1,2,0.0,0.0,1.0,0.0,0.0,0.0,0.0,0.0
1,2,0.0,0.0,1.0,0.0,0.0,0.0,0.0,0.0
1,2,0.0,0.0,1.0,0.0,0.0,0.0,0.0,0.0
1,2,0.0,0.0,1.0,0.0,0.0,0.0,0.0,0.0
1,2,0.0,0.0,1.0,0.0,0.0,0.0,0.0,0.0
1,2,0.0,0.0,1.0,0.0,0.0,0.0,0.0,0.0
1,2,0.0,0.0,1.0,0.0,0.0,0.0,0.0,0.0
1,2,0.0,0.0,1.0,0.0,0.0,0.0,0.0,0.0
1,2,0.0,0.0,1.0,0.0,0.0,0.0,0.0,0.0
1,2,0.0,0.0,1.0,0.0,0.0,0.0,0.0,0.0
1,2,0.0,0.0,1.0,0.0,0.0,0.0,0.0,0.0
1,2,0.0,0.0,1.0,0.0,0.0,0.0,0.0,0.0
1,2,0.0,0.0,1.0,0.0,0.0,0.0,0.0,0.0
1,2,0.0,0.0,1.0,0.0,0.0,0.0,0.0,0.0
1,2,0.0,0.0,1.0,0.0,0.0,0.0,0.0,0.0
1,2,0.0,0.0,1.0,0.0,0.0,0.0,0.0,0.0
1,2,0.0,0.0,1.0,0.0,0.0,0.0,0.0,0.0
1,2,0.0,0.0,1.0,0.0,0.0,0.0,0.0,0.0
1,2,0.0,0.0,1.0,0.0,0.0,0.0,0.0,0.0
1,2,0.0,0.0,1.0,0.0,0.0,0.0,0.0,0.0
1,2,0.0,0.0,1.0,0.0,0.0,0.0,0.0,0.0
1,2,0.0,0.0,1.0,0.0,0.0,0.0,0.0,0.0
1,2,0.0,0.0,1.0,0.0,0.0,0.0,0.0,0.0
1,2,0.0,0.0,1.0,0.0,0.0,0.0,0.0,0.0
1,2,0.0,0.0,1.0,0.0,0.0,0.0,0.0,0.0
1,2,0.0,0.0,1.0,0.0,0.0,0.0,0.0,0.0
1,2,0.0,0.0,1.0,0.0,0.0,0.0,0.0,0.0
1,2,0.0,0.0,1.0,0.0,0.0,0.0,0.0,0.0
1,2,0.0,0.0,1.0,0.0,0.0,0.0,0.0,0.0
1,2,0.0,0.0,1.0,0.0,0.0,0.0,0.0,0.0
1,2,0.0,0.0,1.0,0.0,0.0,0.0,0.0,0.0
1,2,0.0,0.0,1.0,0.0,0.0,0.0,0.0,0.0
1,2,0.0,0.0,1.0,0.0,0.0,0.0,0.0,0.0
1,2,0.0,0.0,1.0,0.0,0.0,0.0,0.0,0.0
1,2,0.0,0.0,1.0,0.0,0.0,0.0,0.0,0.0
1,2,0.0,0.0,1.0,0.0,0.0,0.0,0.0,0.0
1,2,0.0,0.0,1.0,0.0,0.0,0.0,0.0,0.0
1,2,0.0,0.0,1.0,0.0,0.0,0.0,0.0,0.0
1,2,0.0,0.0,1.0,0.0,0.0,0.0,0.0,0.0
1,2,0.0,0.0,1.0,0.0,0.0,0.0,0.0,0.0
1,2,0.0,0.0,1.0,0.0,0.0,0.0,0.0,0.0
1,2,0.0,0.0,1.0,0.0,0.0,0.0,0.0,0.0
1,2,0.0,0.0,1.0,0.0,0.0,0.0,0.0,0.0
1,2,0.0,0.0,1.0,0.0,0.0,0.0,0.0,0.0
1,2,0.0,0.0,1.0,0.0,0.0,0.0,0.0,0.0
1,2,0.0,0.0,1.0,0.0,0.0,0.0,0.0,0.0
1,2,0.0,0.0,1.0,0.0,0.0,0.0,0.0,0.0
1,2,0.0,0.0,1.0,0.0,0.0,0.0,0.0,0.0
1,2,0.0,0.0,1.0,0.0,0.0,0.0,0.0,0.0
1,2,0.0,0.0,1.0,0.0,0.0,0.0,0.0,0.0
1,2,0.0,0.0,1.0,0.0,0.0,0.0,0.0,0.0
1,2,0.0,0.0,1.0,0.0,0.0,0.0,0.0,0.0
1,2,0.0,0.0,1.0,0.0,0.0,0.0,0.0,0.0
1,2,0.0,0.0,1.0,0.0,0.0,0.0,0.0,0.0
1,2,0.0,0.0,1.0,0.0,0.0,0.0,0.0,0.0
1,2,0.0,0.0,1.0,0.0,0.0,0.0,0.0,0.0
1,2,0.0,0.0,1.0,0.0,0.0,0.0,0.0,0.0
1,2,0.0,0.0,1.0,0.0,0.0,0.0,0.0,0.0
1,2,0.0,0.0,1.0,0.0,0.0,0.0,0.0,0.0
1,2,0.0,0.0,1.0,0.0,0.0,0.0,0.0,0.0
1,2,0.0,0.0,1.0,0.0,0.0,0.0,0.0,0.0
1,2,0.0,0.0,1.0,0.0,0.0,0.0,0.0,0.0
1,2,0.0,0.0,1.0,0.0,0.0,0.0,0.0,0.0
1,2,0.0,0.0,1.0,0.0,0.0,0.0,0.0,0.0
1,2,0.0,0.0,1.0,0.0,0.0,0.0,0.0,0.0
1,2,0.0,0.0,1.0,0.0,0.0,0.0,0.0,0.0
1,2,0.0,0.0,1.0,0.0,0.0,0.0,0.0,0.0
1,2,0.0,0.0,1.0,0.0,0.0,0.0,0.0,0.0
1,2,0.0,0.0,1.0,0.0,0.0,0.0,0.0,0.0
1,2,0.0,0.0,1.0,0.0,0.0,0.0,0.0,0.0
1,2,0.0,0.0,1.0,0.0,0.0,0.0,0.0,0.0
1,2,0.0,0.0,1.0,0.0,0.0,0.0,0.0,0.0
1,2,0.0,0.0,1.0,0.0,0.0,0.0,0.0,0.0
1,2,0.0,0.0,1.0,0.0,0.0,0.0,0.0,0.0
1,2,0.0,0.0,1.0,0.0,0.0,0.0,0.0,0.0
1,2,0.0,0.0,1.0,0.0,0.0,0.0,0.0,0.0
1,2,0.0,0.0,1.0,0.0,0.0,0.0,0.0,0.0
1,2,0.0,0.0,1.0,0.0,0.0,0.0,0.0,0.0
1,2,0.0,0.0,1.0,0.0,0.0,0.0,0.0,0.0
1,2,0.0,0.0,1.0,0.0,0.0,0.0,0.0,0.0
1,2,0.0,0.0,1.0,0.0,0.0,0.0,0.0,0.0
1,2,0.0,0.0,1.0,0.0,0.0,0.0,0.0,0.0
1,2,0.0,0.0,1.0,0.0,0.0,0.0,0.0,0.0
1,2,0.0,0.0,1.0,0.0,0.0,0.0,0.0,0.0
1,2,0.0,0.0,1.0,0.0,0.0,0.0,0.0,0.0
1,2,0.0,0.0,1.0,0.0,0.0,0.0,0.0,0.0
1,2,0.0,0.0,1.0,0.0,0.0,0.0,0.0,0.0
1,2,0.0,0.0,1.0,0.0,0.0,0.0,0.0,0.0
1,2,0.0,0.0,1.0,0.0,0.0,0.0,0.0,0.0
1,2,0.0,0.0,1.0,0.0,0.0,0.0,0.0,0.0
1,2,0.0,0.0,1.0,0.0,0.0,0.0,0.0,0.0
1,2,0.0,0.0,1.0,0.0,0.0,0.0,0.0,0.0
1,2,0.0,0.0,1.0,0.0,0.0,0.0,0.0,0.0
1,2,0.0,0.0,1.0,0.0,0.0,0.0,0.0,0.0
1,2,0.0,0.0,1.0,0.0,0.0,0.0,0.0,0.0
1,2,0.0,0.0,1.0,0.0,0.0,0.0,0.0,0.0
1,2,0.0,0.0,1.0,0.0,0.0,0.0,0.0,0.0
1,2,0.0,0.0,1.0,0.0,0.0,0.0,0.0,0.0
1,2,0.0,0.0,1.0,0.0,0.0,0.0,0.0,0.0
1,2,0.0,0.0,1.0,0.0,0.0,0.0,0.0,0.0
1,2,0.0,0.0,0.984375,0.0,0.0,0.0,0.0,0.015625
1,2,0.0,0.0,0.984375,0.0,0.0,0.0,0.0,0.015625
1,2,0.0,0.0,0.984375,0.0,0.0,0.0,0.0,0.015625
1,2,0.0,0.0,0.984375,0.0,0.0,0.0,0.0,0.015625
1,2,0.0,0.0,0.984375,0.0,0.0,0.0,0.0,0.015625
1,2,0.0,0.0,0.984375,0.0,0.0,0.0,0.0,0.015625
1,2,0.0,0.0,0.984375,0.0,0.0,0.0,0.0,0.015625
1,2,0.0,0.0,0.984375,0.0,0.0,0.0,0.0,0.015625
1,2,0.0,0.0,0.984375,0.0,0.0,0.0,0.0,0.015625
1,2,0.0,0.0,0.984375,0.0,0.0,0.0,0.0,0.015625
1,2,0.0,0.0,0.984375,0.0,0.0,0.0,0.0,0.015625
1,2,0.0,0.0,0.984375,0.0,0.0,0.0,0.0,0.015625
1,2,0.0,0.0,0.984375,0.0,0.0,0.0,0.0,0.015625
1,2,0.0,0.0,0.984375,0.0,0.0,0.0,0.0,0.015625
1,2,0.0,0.0,0.984375,0.0,0.0,0.0,0.0,0.015625
1,2,0.0,0.0,0.984375,0.0,0.0,0.0,0.0,0.015625
1,2,0.0,0.0,0.984375,0.0,0.0,0.0,0.0,0.015625
1,2,0.0,0.0,0.984375,0.0,0.0,0.0,0.0,0.015625
1,2,0.0,0.0,0.984375,0.0,0.0,0.0,0.0,0.015625
1,2,0.0,0.0,0.984375,0.0,0.0,0.0,0.0,0.015625
1,2,0.0,0.0,0.984375,0.0,0.0,0.0,0.0,0.015625
1,2,0.0,0.0,0.984375,0.0,0.0,0.0,0.0,0.015625
1,2,0.0,0.0,0.984375,0.0,0.0,0.0,0.0,0.015625
1,2,0.0,0.0,0.984375,0.0,0.0,0.0,0.0,0.015625
1,2,0.0,0.0,0.984375,0.0,0.0,0.0,0.0,0.015625
1,2,0.0,0.0,0.984375,0.0,0.0,0.0,0.0,0.015625
1,2,0.0,0.0,0.984375,0.0,0.0,0.0,0.0,0.015625
1,2,0.0,0.0,0.984375,0.0,0.0,0.0,0.0,0.015625
1,2,0.0,0.0,0.984375,0.0,0.0,0.0,0.0,0.015625
1,2,0.0,0.0,0.984375,0.0,0.0,0.0,0.0,0.015625
1,2,0.0,0.0,0.984375,0.0,0.0,0.0,0.0,0.015625
1,2,0.0,0.0,0.984375,0.0,0.0,0.0,0.0,0.015625
1,2,0.0,0.0,0.984375,0.0,0.0,0.0,0.0,0.015625
1,2,0.0,0.0,0.984375,0.0,0.0,0.0,0.0,0.015625
1,2,0.0,0.0,0.984375,0.0,0.0,0.0,0.0,0.015625
1,2,0.0,0.0,0.984375,0.0,0.0,0.0,0.0,0.015625
1,2,0.0,0.0,0.984375,0.0,0.0,0.0,0.0,0.015625
1,2,0.0,0.0,0.984375,0.0,0.0,0.0,0.0,0.015625
1,2,0.0,0.0,0.984375,0.0,0.0,0.0,0.0,0.015625
1,2,0.0,0.0,0.984375,0.0,0.0,0.0,0.0,0.015625
1,2,0.0,0.0,0.984375,0.0,0.0,0.0,0.0,0.015625
1,2,0.0,0.0,0.984375,0.0,0.0,0.0,0.0,0.015625
1,2,0.0,0.0,0.984375,0.0,0.0,0.0,0.0,0.015625
1,2,0.0,0.0,0.984375,0.0,0.0,0.0,0.0,0.015625
1,2,0.0,0.0,0.984375,0.0,0.0,0.0,0.0,0.015625
1,2,0.0,0.0,0.984375,0.0,0.0,0.0,0.0,0.015625
1,2,0.0,0.0,0.984375,0.0,0.0,0.0,0.0,0.015625
1,2,0.0,0.0,0.984375,0.0,0.0,0.0,0.0,0.015625
1,2,0.0,0.0,1.0,0.0,0.0,0.0,0.0,0.0
1,2,0.0,0.0,1.0,0.0,0.0,0.0,0.0,0.0
1,2,0.0,0.0,1.0,0.0,0.0,0.0,0.0,0.0
1,2,0.0,0.0,1.0,0.0,0.0,0.0,0.0,0.0
1,2,0.0,0.0,1.0,0.0,0.0,0.0,0.0,0.0
1,2,0.0,0.0,1.0,0.0,0.0,0.0,0.0,0.0
1,2,0.0,0.0,1.0,0.0,0.0,0.0,0.0,0.0
1,2,0.0,0.0,1.0,0.0,0.0,0.0,0.0,0.0
1,2,0.0,0.0,1.0,0.0,0.0,0.0,0.0,0.0
1,2,0.0,0.0,1.0,0.0,0.0,0.0,0.0,0.0
1,2,0.0,0.0,1.0,0.0,0.0,0.0,0.0,0.0
1,2,0.0,0.0,1.0,0.0,0.0,0.0,0.0,0.0
1,2,0.0,0.0,1.0,0.0,0.0,0.0,0.0,0.0
1,2,0.0,0.0,1.0,0.0,0.0,0.0,0.0,0.0
1,2,0.0,0.0,1.0,0.0,0.0,0.0,0.0,0.0
1,2,0.0,0.0,1.0,0.0,0.0,0.0,0.0,0.0
1,2,0.0,0.0,1.0,0.0,0.0,0.0,0.0,0.0
1,2,0.0,0.0,1.0,0.0,0.0,0.0,0.0,0.0
1,2,0.0,0.0,1.0,0.0,0.0,0.0,0.0,0.0
1,2,0.0,0.0,1.0,0.0,0.0,0.0,0.0,0.0
1,2,0.0,0.0,1.0,0.0,0.0,0.0,0.0,0.0
1,2,0.0,0.0,1.0,0.0,0.0,0.0,0.0,0.0
1,2,0.0,0.0,1.0,0.0,0.0,0.0,0.0,0.0
1,2,0.0,0.0,1.0,0.0,0.0,0.0,0.0,0.0
1,2,0.0,0.0,1.0,0.0,0.0,0.0,0.0,0.0
1,2,0.0,0.0,1.0,0.0,0.0,0.0,0.0,0.0
1,2,0.0,0.0,1.0,0.0,0.0,0.0,0.0,0.0
1,2,0.0,0.0,1.0,0.0,0.0,0.0,0.0,0.0
1,2,0.0,0.0,1.0,0.0,0.0,0.0,0.0,0.0
1,2,0.0,0.0,1.0,0.0,0.0,0.0,0.0,0.0
1,2,0.0,0.0,1.0,0.0,0.0,0.0,0.0,0.0
1,2,0.0,0.0,1.0,0.0,0.0,0.0,0.0,0.0
1,2,0.0,0.0,1.0,0.0,0.0,0.0,0.0,0.0
1,2,0.0,0.0,1.0,0.0,0.0,0.0,0.0,0.0
1,2,0.0,0.0,1.0,0.0,0.0,0.0,0.0,0.0
1,2,0.0,0.0,1.0,0.0,0.0,0.0,0.0,0.0
1,2,0.0,0.0,1.0,0.0,0.0,0.0,0.0,0.0
1,2,0.0,0.0,1.0,0.0,0.0,0.0,0.0,0.0
1,2,0.0,0.0,1.0,0.0,0.0,0.0,0.0,0.0
1,2,0.0,0.0,1.0,0.0,0.0,0.0,0.0,0.0
1,2,0.0,0.0,1.0,0.0,0.0,0.0,0.0,0.0
1,2,0.0,0.0,1.0,0.0,0.0,0.0,0.0,0.0
1,2,0.0,0.0,1.0,0.0,0.0,0.0,0.0,0.0
1,2,0.0,0.0,1.0,0.0,0.0,0.0,0.0,0.0
1,2,0.0,0.0,1.0,0.0,0.0,0.0,0.0,0.0
1,2,0.0,0.0,1.0,0.0,0.0,0.0,0.0,0.0
1,2,0.0,0.0,1.0,0.0,0.0,0.0,0.0,0.0
1,2,0.0,0.0,1.0,0.0,0.0,0.0,0.0,0.0
1,2,0.0,0.0,1.0,0.0,0.0,0.0,0.0,0.0
1,2,0.0,0.0,1.0,0.0,0.0,0.0,0.0,0.0
1,2,0.0,0.0,1.0,0.0,0.0,0.0,0.0,0.0
1,2,0.0,0.0,1.0,0.0,0.0,0.0,0.0,0.0
1,2,0.0,0.0,1.0,0.0,0.0,0.0,0.0,0.0
1,2,0.0,0.0,1.0,0.0,0.0,0.0,0.0,0.0
1,2,0.0,0.0,1.0,0.0,0.0,0.0,0.0,0.0
1,2,0.0,0.0,1.0,0.0,0.0,0.0,0.0,0.0
1,2,0.0,0.0,0.984375,0.0,0.0,0.0,0.0,0.015625
1,2,0.0,0.0,0.984375,0.0,0.0,0.0,0.0,0.015625
1,2,0.0,0.0,0.984375,0.0,0.0,0.0,0.0,0.015625
1,2,0.0,0.0,0.984375,0.0,0.0,0.0,0.0,0.015625
1,2,0.0,0.0,0.984375,0.0,0.0,0.0,0.0,0.015625
1,2,0.0,0.0,0.984375,0.0,0.0,0.0,0.0,0.015625
1,2,0.0,0.0,0.984375,0.0,0.0,0.0,0.0,0.015625
1,2,0.0,0.0,0.984375,0.0,0.0,0.0,0.0,0.015625
1,2,0.0,0.0,0.984375,0.0,0.0,0.0,0.0,0.015625
1,2,0.0,0.0,0.984375,0.0,0.0,0.0,0.0,0.015625
1,2,0.0,0.0,0.984375,0.0,0.0,0.0,0.0,0.015625
1,2,0.0,0.0,0.984375,0.0,0.0,0.0,0.0,0.015625
1,2,0.0,0.0,0.984375,0.0,0.0,0.0,0.0,0.015625
1,2,0.0,0.0,0.984375,0.0,0.0,0.0,0.0,0.015625
1,2,0.0,0.0,0.984375,0.0,0.0,0.0,0.0,0.015625
1,2,0.0,0.0,0.984375,0.0,0.0,0.0,0.0,0.015625
1,2,0.0,0.0,0.984375,0.0,0.0,0.0,0.0,0.015625
1,2,0.0,0.0,0.984375,0.0,0.0,0.0,0.0,0.015625
1,2,0.0,0.0,0.984375,0.0,0.0,0.0,0.0,0.015625
1,2,0.0,0.0,0.984375,0.0,0.0,0.0,0.0,0.015625
1,2,0.0,0.0,0.984375,0.0,0.0,0.0,0.0,0.015625
1,2,0.0,0.0,0.984375,0.0,0.0,0.0,0.0,0.015625
1,2,0.0,0.0,0.984375,0.0,0.0,0.0,0.0,0.015625
1,2,0.0,0.0,0.984375,0.0,0.0,0.0,0.0,0.015625
1,2,0.0,0.0,0.984375,0.0,0.0,0.0,0.0,0.015625
1,2,0.0,0.0,0.984375,0.0,0.0,0.0,0.0,0.015625
1,2,0.0,0.0,0.984375,0.0,0.0,0.0,0.0,0.015625
1,2,0.0,0.0,0.984375,0.0,0.0,0.0,0.0,0.015625
1,2,0.0,0.0,0.984375,0.0,0.0,0.0,0.0,0.015625
1,2,0.0,0.0,0.984375,0.0,0.0,0.0,0.0,0.015625
1,2,0.0,0.0,0.984375,0.0,0.0,0.0,0.0,0.015625
1,2,0.0,0.0,0.984375,0.0,0.0,0.0,0.0,0.015625
1,2,0.0,0.0,0.984375,0.0,0.0,0.0,0.0,0.015625
1,2,0.0,0.0,0.984375,0.0,0.0,0.0,0.0,0.015625
1,2,0.0,0.0,0.984375,0.0,0.0,0.0,0.0,0.015625
1,2,0.0,0.0,0.984375,0.0,0.0,0.0,0.0,0.015625
1,2,0.0,0.0,0.984375,0.0,0.0,0.0,0.0,0.015625
1,2,0.0,0.0,0.984375,0.0,0.0,0.0,0.0,0.015625
1,2,0.0,0.0,0.984375,0.0,0.0,0.0,0.0,0.015625
1,2,0.0,0.0,0.984375,0.0,0.0,0.0,0.0,0.015625
1,2,0.0,0.0,0.984375,0.0,0.0,0.0,0.0,0.015625
1,2,0.0,0.0,0.984375,0.0,0.0,0.0,0.0,0.015625
1,2,0.0,0.0,0.984375,0.0,0.0,0.0,0.0,0.015625
1,2,0.0,0.0,0.984375,0.0,0.0,0.0,0.0,0.015625
1,2,0.0,0.0,0.984375,0.0,0.0,0.0,0.0,0.015625
1,2,0.0,0.0,0.984375,0.0,0.0,0.0,0.0,0.015625
1,2,0.0,0.0,0.984375,0.0,0.0,0.0,0.0,0.015625
1,2,0.0,0.0,0.984375,0.0,0.0,0.0,0.0,0.015625
1,2,0.0,0.0,0.984375,0.0,0.0,0.0,0.0,0.015625
1,2,0.0,0.0,0.984375,0.0,0.0,0.0,0.0,0.015625
1,2,0.0,0.0,0.984375,0.0,0.0,0.0,0.0,0.015625
1,2,0.0,0.0,0.984375,0.0,0.0,0.0,0.0,0.015625
1,2,0.0,0.0,0.984375,0.0,0.0,0.0,0.0,0.015625
1,2,0.0,0.0,0.984375,0.0,0.0,0.0,0.0,0.015625
1,2,0.0,0.0,0.984375,0.0,0.0,0.0,0.0,0.015625
1,2,0.0,0.0,0.984375,0.0,0.0,0.0,0.0,0.015625
1,2,0.0,0.0,1.0,0.0,0.0,0.0,0.0,0.0
1,2,0.0,0.0,1.0,0.0,0.0,0.0,0.0,0.0
1,2,0.0,0.0,1.0,0.0,0.0,0.0,0.0,0.0
1,2,0.0,0.0,1.0,0.0,0.0,0.0,0.0,0.0
1,2,0.0,0.0,1.0,0.0,0.0,0.0,0.0,0.0
1,2,0.0,0.0,1.0,0.0,0.0,0.0,0.0,0.0
1,2,0.0,0.0,1.0,0.0,0.0,0.0,0.0,0.0
1,2,0.0,0.0,1.0,0.0,0.0,0.0,0.0,0.0
1,2,0.0,0.0,1.0,0.0,0.0,0.0,0.0,0.0
1,2,0.0,0.0,1.0,0.0,0.0,0.0,0.0,0.0
1,2,0.0,0.0,1.0,0.0,0.0,0.0,0.0,0.0
1,2,0.0,0.0,1.0,0.0,0.0,0.0,0.0,0.0
1,2,0.0,0.0,1.0,0.0,0.0,0.0,0.0,0.0
1,2,0.0,0.0,1.0,0.0,0.0,0.0,0.0,0.0
1,2,0.0,0.0,1.0,0.0,0.0,0.0,0.0,0.0
1,2,0.0,0.0,1.0,0.0,0.0,0.0,0.0,0.0
1,2,0.0,0.0,1.0,0.0,0.0,0.0,0.0,0.0
1,2,0.0,0.0,1.0,0.0,0.0,0.0,0.0,0.0
1,2,0.0,0.0,1.0,0.0,0.0,0.0,0.0,0.0
1,2,0.0,0.0,1.0,0.0,0.0,0.0,0.0,0.0
1,2,0.0,0.0,1.0,0.0,0.0,0.0,0.0,0.0
1,2,0.0,0.0,1.0,0.0,0.0,0.0,0.0,0.0
1,2,0.0,0.0,1.0,0.0,0.0,0.0,0.0,0.0
1,2,0.0,0.0,1.0,0.0,0.0,0.0,0.0,0.0
1,2,0.0,0.0,1.0,0.0,0.0,0.0,0.0,0.0
1,2,0.0,0.0,1.0,0.0,0.0,0.0,0.0,0.0
1,2,0.0,0.0,1.0,0.0,0.0,0.0,0.0,0.0
1,2,0.0,0.0,1.0,0.0,0.0,0.0,0.0,0.0
1,2,0.0,0.0,1.0,0.0,0.0,0.0,0.0,0.0
1,2,0.0,0.0,1.0,0.0,0.0,0.0,0.0,0.0
1,2,0.0,0.0,1.0,0.0,0.0,0.0,0.0,0.0
1,2,0.0,0.0,1.0,0.0,0.0,0.0,0.0,0.0
1,2,0.0,0.0,1.0,0.0,0.0,0.0,0.0,0.0
1,2,0.0,0.0,1.0,0.0,0.0,0.0,0.0,0.0
1,2,0.0,0.0,1.0,0.0,0.0,0.0,0.0,0.0
1,2,0.0,0.0,1.0,0.0,0.0,0.0,0.0,0.0
1,2,0.0,0.0,1.0,0.0,0.0,0.0,0.0,0.0
1,2,0.0,0.0,1.0,0.0,0.0,0.0,0.0,0.0
1,2,0.0,0.0,1.0,0.0,0.0,0.0,0.0,0.0
1,2,0.0,0.0,1.0,0.0,0.0,0.0,0.0,0.0
1,2,0.0,0.0,1.0,0.0,0.0,0.0,0.0,0.0
1,2,0.0,0.0,1.0,0.0,0.0,0.0,0.0,0.0
1,2,0.0,0.0,1.0,0.0,0.0,0.0,0.0,0.0
1,2,0.0,0.0,1.0,0.0,0.0,0.0,0.0,0.0
1,2,0.0,0.03125,0.96875,0.0,0.0,0.0,0.0,0.0
1,2,0.0,0.03125,0.96875,0.0,0.0,0.0,0.0,0.0
1,2,0.0,0.03125,0.96875,0.0,0.0,0.0,0.0,0.0
1,2,0.0,0.03125,0.96875,0.0,0.0,0.0,0.0,0.0
1,2,0.0,0.03125,0.96875,0.0,0.0,0.0,0.0,0.0
1,2,0.0,0.03125,0.96875,0.0,0.0,0.0,0.0,0.0
1,2,0.0,0.03125,0.96875,0.0,0.0,0.0,0.0,0.0
1,2,0.0,0.03125,0.96875,0.0,0.0,0.0,0.0,0.0
1,2,0.0,0.03125,0.96875,0.0,0.0,0.0,0.0,0.0
1,2,0.0,0.03125,0.96875,0.0,0.0,0.0,0.0,0.0
1,2,0.0,0.03125,0.96875,0.0,0.0,0.0,0.0,0.0
1,2,0.0,0.03125,0.96875,0.0,0.0,0.0,0.0,0.0
1,2,0.0,0.03125,0.96875,0.0,0.0,0.0,0.0,0.0
1,2,0.0,0.03125,0.96875,0.0,0.0,0.0,0.0,0.0
1,2,0.0,0.03125,0.96875,0.0,0.0,0.0,0.0,0.0
1,2,0.0,0.03125,0.96875,0.0,0.0,0.0,0.0,0.0
1,2,0.0,0.03125,0.96875,0.0,0.0,0.0,0.0,0.0
1,2,0.0,0.03125,0.96875,0.0,0.0,0.0,0.0,0.0
1,2,0.0,0.03125,0.96875,0.0,0.0,0.0,0.0,0.0
1,2,0.0,0.03125,0.96875,0.0,0.0,0.0,0.0,0.0
1,2,0.0,0.046875,0.953125,0.0,0.0,0.0,0.0,0.0
1,2,0.0,0.046875,0.953125,0.0,0.0,0.0,0.0,0.0
1,2,0.0,0.046875,0.953125,0.0,0.0,0.0,0.0,0.0
1,2,0.0,0.046875,0.953125,0.0,0.0,0.0,0.0,0.0
1,2,0.0,0.046875,0.921875,0.0,0.0,0.0,0.0,0.03125
1,2,0.0,0.046875,0.921875,0.0,0.0,0.0,0.0,0.03125
1,2,0.0,0.046875,0.921875,0.0,0.0,0.0,0.0,0.03125
1,2,0.0,0.046875,0.921875,0.0,0.0,0.0,0.0,0.03125
1,2,0.0,0.046875,0.921875,0.0,0.0,0.0,0.0,0.03125
1,2,0.0,0.046875,0.921875,0.0,0.0,0.0,0.0,0.03125
1,2,0.0,0.046875,0.921875,0.0,0.0,0.0,0.0,0.03125
1,2,0.0,0.046875,0.921875,0.0,0.0,0.0,0.0,0.03125
1,2,0.0,0.046875,0.921875,0.0,0.0,0.0,0.0,0.03125
1,2,0.0,0.046875,0.921875,0.0,0.0,0.0,0.0,0.03125
1,2,0.0,0.046875,0.921875,0.0,0.0,0.0,0.0,0.03125
1,2,0.0,0.046875,0.921875,0.0,0.0,0.0,0.0,0.03125
1,2,0.0,0.0625,0.890625,0.015625,0.0,0.0,0.0,0.03125
1,2,0.0,0.0625,0.890625,0.015625,0.0,0.0,0.0,0.03125
1,2,0.0,0.0625,0.890625,0.015625,0.0,0.0,0.0,0.03125
1,2,0.0,0.0625,0.890625,0.015625,0.0,0.0,0.0,0.03125
1,2,0.0,0.0625,0.890625,0.015625,0.0,0.0,0.0,0.03125
1,2,0.0,0.0625,0.890625,0.015625,0.0,0.0,0.0,0.03125
1,2,0.0,0.0625,0.890625,0.015625,0.0,0.0,0.0,0.03125
1,2,0.0,0.0625,0.890625,0.015625,0.0,0.0,0.0,0.03125
1,2,0.0,0.0625,0.890625,0.015625,0.0,0.0,0.0,0.03125
1,2,0.0,0.0625,0.890625,0.015625,0.0,0.0,0.0,0.03125
1,2,0.0,0.0625,0.890625,0.015625,0.0,0.0,0.0,0.03125
1,2,0.0,0.0625,0.890625,0.015625,0.0,0.0,0.0,0.03125
1,2,0.0,0.0625,0.890625,0.015625,0.0,0.0,0.0,0.03125
1,2,0.0,0.0625,0.890625,0.015625,0.0,0.0,0.0,0.03125
1,2,0.0,0.0625,0.890625,0.015625,0.0,0.0,0.0,0.03125
1,2,0.0,0.046875,0.90625,0.015625,0.0,0.0,0.0,0.03125
1,2,0.0,0.046875,0.90625,0.015625,0.0,0.0,0.0,0.03125
1,2,0.0,0.046875,0.90625,0.015625,0.0,0.0,0.0,0.03125
1,2,0.0,0.046875,0.890625,0.03125,0.0,0.0,0.0,0.03125
1,2,0.0,0.046875,0.890625,0.03125,0.0,0.0,0.0,0.03125
1,2,0.0,0.0625,0.875,0.03125,0.0,0.0,0.0,0.03125
1,2,0.0,0.0625,0.875,0.03125,0.0,0.0,0.0,0.03125
1,2,0.0,0.0625,0.875,0.03125,0.0,0.0,0.0,0.03125
1,2,0.0,0.0625,0.875,0.03125,0.0,0.0,0.0,0.03125
1,2,0.0,0.0625,0.875,0.03125,0.0,0.0,0.0,0.03125
1,2,0.0,0.0625,0.875,0.03125,0.0,0.0,0.0,0.03125
1,2,0.0,0.0625,0.875,0.03125,0.0,0.0,0.0,0.03125
1,2,0.0,0.0625,0.875,0.03125,0.0,0.0,0.0,0.03125
1,2,0.0,0.0625,0.859375,0.046875,0.0,0.0,0.0,0.03125
1,2,0.0,0.0625,0.859375,0.046875,0.0,0.0,0.0,0.03125
1,2,0.0,0.0625,0.859375,0.046875,0.0,0.0,0.0,0.03125
1,2,0.0,0.0625,0.859375,0.046875,0.0,0.0,0.0,0.03125
1,2,0.0,0.0625,0.8125,0.09375,0.0,0.0,0.0,0.03125
1,2,0.0,0.0625,0.8125,0.09375,0.0,0.0,0.0,0.03125
1,2,0.0,0.0625,0.8125,0.09375,0.0,0.0,0.0,0.03125
1,2,0.0,0.0625,0.8125,0.09375,0.0,0.0,0.0,0.03125
1,2,0.0,0.0625,0.796875,0.09375,0.0,0.0,0.0,0.046875
1,2,0.0,0.0625,0.796875,0.09375,0.0,0.0,0.0,0.046875
1,2,0.0,0.0625,0.796875,0.09375,0.0,0.0,0.0,0.046875
1,2,0.0,0.0625,0.796875,0.09375,0.0,0.0,0.0,0.046875
1,2,0.0,0.0625,0.796875,0.09375,0.0,0.0,0.0,0.046875
1,2,0.0,0.0625,0.796875,0.09375,0.0,0.0,0.0,0.046875
1,2,0.0,0.0625,0.796875,0.09375,0.0,0.0,0.0,0.046875
1,2,0.0,0.0625,0.796875,0.09375,0.0,0.0,0.0,0.046875
1,2,0.0,0.0625,0.796875,0.09375,0.0,0.0,0.0,0.046875
1,2,0.0,0.0625,0.796875,0.09375,0.0,0.0,0.0,0.046875
1,2,0.0,0.0625,0.796875,0.09375,0.0,0.0,0.0,0.046875
1,2,0.0,0.0625,0.796875,0.09375,0.0,0.0,0.0,0.046875
1,2,0.0,0.0625,0.6875,0.171875,0.015625,0.0,0.015625,0.046875
1,2,0.0,0.0625,0.6875,0.171875,0.015625,0.0,0.015625,0.046875
1,2,0.0,0.0625,0.6875,0.171875,0.015625,0.0,0.015625,0.046875
1,2,0.0,0.0625,0.6875,0.171875,0.015625,0.0,0.015625,0.046875
1,2,0.0,0.0625,0.6875,0.171875,0.015625,0.0,0.015625,0.046875
1,2,0.0,0.0625,0.6875,0.171875,0.015625,0.0,0.015625,0.046875
1,2,0.0,0.0625,0.6875,0.171875,0.015625,0.0,0.015625,0.046875
1,2,0.0,0.0625,0.6875,0.171875,0.015625,0.0,0.015625,0.046875
1,2,0.0,0.0625,0.6875,0.171875,0.015625,0.0,0.015625,0.046875
1,2,0.0,0.0625,0.6875,0.171875,0.015625,0.0,0.015625,0.046875
1,2,0.0,0.0625,0.6875,0.171875,0.015625,0.0,0.015625,0.046875
1,2,0.0,0.0625,0.6875,0.171875,0.015625,0.0,0.015625,0.046875
1,2,0.0,0.0625,0.65625,0.203125,0.015625,0.0,0.015625,0.046875
1,2,0.0,0.0625,0.65625,0.203125,0.015625,0.0,0.015625,0.046875
1,2,0.0,0.0625,0.65625,0.203125,0.015625,0.0,0.015625,0.046875
1,2,0.0,0.0625,0.65625,0.203125,0.015625,0.0,0.015625,0.046875
1,2,0.0,0.0625,0.65625,0.203125,0.015625,0.0,0.015625,0.046875
1,2,0.0,0.0625,0.65625,0.203125,0.015625,0.0,0.015625,0.046875
1,2,0.0,0.0625,0.65625,0.203125,0.015625,0.0,0.015625,0.046875
1,2,0.0,0.0625,0.65625,0.203125,0.015625,0.0,0.015625,0.046875
1,2,0.0,0.0625,0.65625,0.203125,0.015625,0.0,0.015625,0.046875
1,2,0.0,0.0625,0.65625,0.203125,0.015625,0.0,0.015625,0.046875
1,2,0.0,0.0625,0.640625,0.21875,0.015625,0.0,0.015625,0.046875
1,2,0.0,0.0625,0.640625,0.21875,0.015625,0.0,0.015625,0.046875
1,2,0.0,0.0625,0.625,0.234375,0.015625,0.0,0.015625,0.046875
1,2,0.0,0.0625,0.625,0.234375,0.015625,0.0,0.015625,0.046875
1,2,0.0,0.0625,0.625,0.234375,0.015625,0.0,0.015625,0.046875
1,2,0.0,0.0625,0.625,0.234375,0.015625,0.0,0.015625,0.046875
1,2,0.0,0.0625,0.625,0.234375,0.015625,0.0,0.015625,0.046875
1,2,0.0,0.0625,0.625,0.234375,0.015625,0.0,0.015625,0.046875
1,2,0.0,0.0625,0.625,0.234375,0.015625,0.0,0.015625,0.046875
1,2,0.0,0.0625,0.625,0.234375,0.015625,0.0,0.015625,0.046875
1,2,0.0,0.0625,0.578125,0.25,0.03125,0.0,0.03125,0.046875
1,2,0.0,0.0625,0.578125,0.25,0.03125,0.0,0.03125,0.046875
1,2,0.0,0.0625,0.578125,0.25,0.03125,0.0,0.03125,0.046875
1,2,0.0,0.0625,0.578125,0.25,0.03125,0.0,0.03125,0.046875
1,2,0.0,0.0625,0.578125,0.25,0.03125,0.0,0.03125,0.046875
1,2,0.0,0.0625,0.578125,0.25,0.03125,0.0,0.03125,0.046875
1,2,0.0,0.0625,0.5625,0.265625,0.03125,0.0,0.03125,0.046875
1,2,0.0,0.0625,0.5625,0.265625,0.03125,0.0,0.03125,0.046875
1,2,0.0,0.0625,0.546875,0.28125,0.03125,0.0,0.03125,0.046875
1,2,0.0,0.0625,0.546875,0.28125,0.03125,0.0,0.03125,0.046875
1,2,0.0,0.0625,0.546875,0.28125,0.03125,0.0,0.03125,0.046875
1,2,0.0,0.0625,0.53125,0.28125,0.03125,0.0,0.046875,0.046875
1,2,0.0,0.0625,0.53125,0.28125,0.03125,0.0,0.046875,0.046875
1,2,0.0,0.0625,0.53125,0.28125,0.03125,0.0,0.046875,0.046875
1,2,0.0,0.0625,0.53125,0.28125,0.03125,0.0,0.046875,0.046875
1,2,0.0,0.0625,0.53125,0.28125,0.03125,0.0,0.046875,0.046875
1,2,0.015625,0.0625,0.484375,0.3125,0.03125,0.0,0.046875,0.046875
1,2,0.015625,0.0625,0.484375,0.3125,0.03125,0.0,0.046875,0.046875
1,2,0.015625,0.0625,0.484375,0.3125,0.03125,0.0,0.046875,0.046875
1,2,0.015625,0.0625,0.484375,0.3125,0.03125,0.0,0.046875,0.046875
1,2,0.015625,0.0625,0.484375,0.3125,0.03125,0.0,0.046875,0.046875
1,2,0.015625,0.0625,0.484375,0.3125,0.03125,0.0,0.046875,0.046875
1,2,0.015625,0.0625,0.453125,0.328125,0.046875,0.0,0.046875,0.046875
1,2,0.015625,0.0625,0.453125,0.328125,0.046875,0.0,0.046875,0.046875
1,2,0.015625,0.0625,0.4375,0.34375,0.046875,0.0,0.046875,0.046875
1,2,0.015625,0.0625,0.4375,0.34375,0.046875,0.0,0.046875,0.046875
1,2,0.015625,0.0625,0.4375,0.34375,0.046875,0.0,0.046875,0.046875
1,2,0.015625,0.0625,0.4375,0.34375,0.046875,0.0,0.046875,0.046875
1,3,0.015625,0.0625,0.34375,0.359375,0.125,0.0,0.046875,0.046875
1,3,0.015625,0.0625,0.34375,0.359375,0.125,0.0,0.046875,0.046875
1,3,0.015625,0.0625,0.34375,0.359375,0.125,0.0,0.046875,0.046875
1,3,0.015625,0.0625,0.34375,0.359375,0.125,0.0,0.046875,0.046875
1,3,0.015625,0.0625,0.3125,0.375,0.140625,0.0,0.046875,0.046875
1,3,0.015625,0.0625,0.3125,0.375,0.140625,0.0,0.046875,0.046875
1,3,0.015625,0.0625,0.3125,0.375,0.140625,0.0,0.046875,0.046875
1,3,0.015625,0.078125,0.296875,0.375,0.140625,0.0,0.046875,0.046875
1,3,0.015873017,0.07936508,0.2857143,0.36507937,0.15873016,0.0,0.04761905,0.04761905
1,3,0.015873017,0.07936508,0.2857143,0.36507937,0.15873016,0.0,0.04761905,0.04761905
1,3,0.015873017,0.07936508,0.2857143,0.36507937,0.15873016,0.0,0.04761905,0.04761905
1,3,0.015873017,0.07936508,0.2857143,0.36507937,0.15873016,0.0,0.04761905,0.04761905
1,3,0.015873017,0.07936508,0.25396827,0.3809524,0.17460318,0.0,0.04761905,0.04761905
1,3,0.015873017,0.07936508,0.23809524,0.3809524,0.1904762,0.0,0.04761905,0.04761905
1,3,0.015873017,0.07936508,0.23809524,0.3809524,0.1904762,0.0,0.04761905,0.04761905
1,3,0.015873017,0.07936508,0.23809524,0.36507937,0.20634921,0.0,0.04761905,0.04761905
1,3,0.015873017,0.07936508,0.23809524,0.36507937,0.20634921,0.0,0.04761905,0.04761905
1,3,0.015873017,0.07936508,0.22222222,0.36507937,0.22222222,0.0,0.04761905,0.04761905
2,3,0.015873017,0.07936508,0.22222222,0.34920636,0.23809524,0.0,0.04761905,0.04761905
2,3,0.015873017,0.07936508,0.22222222,0.34920636,0.23809524,0.0,0.04761905,0.04761905
2,3,0.015873017,0.07936508,0.17460318,0.34920636,0.3015873,0.0,0.031746034,0.04761905
2,3,0.015873017,0.07936508,0.17460318,0.33333334,0.31746033,0.0,0.031746034,0.04761905
2,3,0.015873017,0.07936508,0.17460318,0.33333334,0.31746033,0.0,0.031746034,0.04761905
2,3,0.015873017,0.07936508,0.17460318,0.33333334,0.31746033,0.0,0.031746034,0.04761905
2,3,0.015873017,0.07936508,0.17460318,0.33333334,0.31746033,0.0,0.031746034,0.04761905
2,3,0.015873017,0.07936508,0.17460318,0.33333334,0.31746033,0.0,0.031746034,0.04761905
2,3,0.015873017,0.07936508,0.17460318,0.33333334,0.31746033,0.0,0.031746034,0.04761905
2,3,0.015873017,0.07936508,0.17460318,0.33333334,0.31746033,0.0,0.031746034,0.04761905
2,3,0.015873017,0.07936508,0.17460318,0.33333334,0.31746033,0.0,0.031746034,0.04761905
2,3,0.015873017,0.07936508,0.17460318,0.33333334,0.31746033,0.0,0.031746034,0.04761905
2,3,0.015873017,0.07936508,0.17460318,0.33333334,0.31746033,0.0,0.031746034,0.04761905
2,3,0.015873017,0.07936508,0.17460318,0.33333334,0.31746033,0.0,0.031746034,0.04761905
2,3,0.015873017,0.07936508,0.17460318,0.33333334,0.31746033,0.0,0.031746034,0.04761905
2,3,0.015873017,0.07936508,0.17460318,0.33333334,0.31746033,0.0,0.031746034,0.04761905
2,3,0.015873017,0.07936508,0.17460318,0.33333334,0.31746033,0.0,0.031746034,0.04761905
2,3,0.015873017,0.07936508,0.17460318,0.33333334,0.31746033,0.0,0.031746034,0.04761905
2,4,0.0,0.078125,0.109375,0.265625,0.4375,0.0,0.046875,0.0625
2,4,0.0,0.078125,0.109375,0.265625,0.4375,0.0,0.046875,0.0625
2,4,0.0,0.078125,0.109375,0.265625,0.4375,0.0,0.046875,0.0625
2,4,0.0,0.078125,0.109375,0.265625,0.4375,0.0,0.046875,0.0625
2,4,0.0,0.078125,0.109375,0.265625,0.4375,0.0,0.046875,0.0625
2,4,0.0,0.078125,0.109375,0.265625,0.4375,0.0,0.046875,0.0625
2,4,0.0,0.078125,0.109375,0.265625,0.4375,0.0,0.046875,0.0625
2,4,0.0,0.078125,0.109375,0.25,0.453125,0.0,0.046875,0.0625
2,4,0.0,0.078125,0.09375,0.25,0.46875,0.0,0.046875,0.0625
2,4,0.0,0.078125,0.09375,0.25,0.46875,0.0,0.046875,0.0625
2,4,0.0,0.078125,0.09375,0.25,0.46875,0.0,0.046875,0.0625
2,4,0.0,0.078125,0.09375,0.25,0.46875,0.0,0.046875,0.0625
2,4,0.0,0.078125,0.0625,0.25,0.5,0.0,0.046875,0.0625
2,4,0.0,0.078125,0.0625,0.25,0.5,0.0,0.046875,0.0625
2,4,0.0,0.078125,0.0625,0.25,0.5,0.0,0.046875,0.0625
2,4,0.0,0.078125,0.0625,0.25,0.5,0.0,0.046875,0.0625
2,4,0.0,0.078125,0.0625,0.25,0.5,0.0,0.046875,0.0625
2,4,0.0,0.078125,0.0625,0.25,0.5,0.0,0.046875,0.0625
2,4,0.0,0.078125,0.0625,0.25,0.5,0.0,0.046875,0.0625
2,4,0.0,0.078125,0.0625,0.25,0.515625,0.0,0.03125,0.0625
2,4,0.0,0.078125,0.0625,0.25,0.515625,0.0,0.03125,0.0625
2,4,0.0,0.078125,0.0625,0.25,0.515625,0.0,0.03125,0.0625
2,4,0.0,0.078125,0.0625,0.25,0.515625,0.0,0.03125,0.0625
2,4,0.0,0.078125,0.0625,0.25,0.515625,0.0,0.03125,0.0625
2,4,0.0,0.0625,0.03125,0.25,0.59375,0.0,0.03125,0.03125
2,4,0.0,0.0625,0.03125,0.25,0.59375,0.0,0.03125,0.03125
2,4,0.0,0.0625,0.03125,0.25,0.59375,0.0,0.03125,0.03125
2,4,0.0,0.0625,0.03125,0.25,0.59375,0.0,0.03125,0.03125
2,4,0.0,0.0625,0.03125,0.25,0.59375,0.0,0.03125,0.03125
2,4,0.0,0.0625,0.03125,0.25,0.59375,0.0,0.03125,0.03125
2,4,0.0,0.0625,0.03125,0.25,0.59375,0.0,0.03125,0.03125
2,4,0.0,0.0625,0.03125,0.25,0.59375,0.0,0.03125,0.03125
2,4,0.0,0.0625,0.03125,0.25,0.59375,0.0,0.03125,0.03125
2,4,0.0,0.0625,0.03125,0.25,0.59375,0.0,0.03125,0.03125
2,4,0.0,0.0625,0.03125,0.25,0.59375,0.0,0.03125,0.03125
2,4,0.0,0.0625,0.03125,0.25,0.59375,0.0,0.03125,0.03125
2,4,0.0,0.0625,0.015625,0.234375,0.640625,0.0,0.015625,0.03125
2,4,0.0,0.0625,0.015625,0.234375,0.640625,0.0,0.015625,0.03125
2,4,0.0,0.0625,0.015625,0.234375,0.640625,0.0,0.015625,0.03125
2,4,0.0,0.0625,0.015625,0.234375,0.640625,0.0,0.015625,0.03125
2,4,0.0,0.046875,0.015625,0.234375,0.65625,0.0,0.015625,0.03125
2,4,0.0,0.046875,0.015625,0.234375,0.65625,0.0,0.015625,0.03125
2,4,0.0,0.046875,0.015625,0.234375,0.65625,0.0,0.015625,0.03125
2,4,0.0,0.046875,0.015625,0.234375,0.65625,0.0,0.015625,0.03125
2,4,0.0,0.046875,0.015625,0.234375,0.65625,0.0,0.015625,0.03125
2,4,0.0,0.046875,0.015625,0.234375,0.65625,0.0,0.015625,0.03125
2,4,0.0,0.046875,0.015625,0.234375,0.65625,0.0,0.015625,0.03125
2,4,0.0,0.046875,0.015625,0.234375,0.65625,0.0,0.015625,0.03125
2,4,0.0,0.046875,0.015625,0.21875,0.671875,0.0,0.015625,0.03125
2,4,0.0,0.046875,0.015625,0.21875,0.671875,0.0,0.015625,0.03125
2,4,0.0,0.046875,0.015625,0.21875,0.671875,0.0,0.015625,0.03125
2,4,0.0,0.046875,0.015625,0.21875,0.671875,0.0,0.015625,0.03125
2,4,0.0,0.046875,0.015625,0.21875,0.671875,0.0,0.015625,0.03125
2,4,0.0,0.046875,0.015625,0.21875,0.671875,0.0,0.015625,0.03125
2,4,0.0,0.03125,0.015625,0.203125,0.703125,0.0,0.015625,0.03125
2,4,0.0,0.03125,0.015625,0.203125,0.703125,0.0,0.015625,0.03125
2,4,0.0,0.03125,0.015625,0.1875,0.71875,0.0,0.015625,0.03125
2,4,0.0,0.03125,0.015625,0.1875,0.71875,0.0,0.015625,0.03125
2,4,0.0,0.03125,0.015625,0.1875,0.71875,0.0,0.015625,0.03125
2,4,0.0,0.03125,0.015625,0.1875,0.71875,0.0,0.015625,0.03125
2,4,0.0,0.03125,0.015625,0.1875,0.71875,0.0,0.015625,0.03125
2,4,0.0,0.03125,0.015625,0.1875,0.71875,0.0,0.015625,0.03125
2,4,0.0,0.03125,0.015625,0.1875,0.71875,0.0,0.015625,0.03125
2,4,0.0,0.03125,0.015625,0.1875,0.71875,0.0,0.015625,0.03125
2,4,0.0,0.03125,0.015625,0.140625,0.78125,0.0,0.0,0.03125
2,4,0.0,0.03125,0.015625,0.140625,0.78125,0.0,0.0,0.03125
2,4,0.0,0.03125,0.015625,0.140625,0.78125,0.0,0.0,0.03125
2,4,0.0,0.03125,0.015625,0.140625,0.78125,0.0,0.0,0.03125
2,4,0.0,0.03125,0.015625,0.140625,0.78125,0.0,0.0,0.03125
2,4,0.0,0.03125,0.015625,0.140625,0.78125,0.0,0.0,0.03125
2,4,0.0,0.03125,0.015625,0.140625,0.78125,0.0,0.0,0.03125
2,4,0.0,0.03125,0.015625,0.140625,0.78125,0.0,0.0,0.03125
2,4,0.0,0.03125,0.015625,0.125,0.796875,0.0,0.0,0.03125
2,4,0.0,0.03125,0.015625,0.125,0.796875,0.0,0.0,0.03125
2,4,0.0,0.03125,0.015625,0.125,0.796875,0.0,0.0,0.03125
2,4,0.0,0.03125,0.015625,0.125,0.796875,0.0,0.0,0.03125
2,4,0.0,0.03125,0.015625,0.125,0.796875,0.0,0.0,0.03125
2,4,0.0,0.03125,0.015625,0.125,0.796875,0.0,0.0,0.03125
2,4,0.0,0.03125,0.015625,0.125,0.796875,0.0,0.0,0.03125
2,4,0.0,0.03125,0.015625,0.125,0.796875,0.0,0.0,0.03125
2,4,0.0,0.03125,0.015625,0.125,0.796875,0.0,0.0,0.03125
2,4,0.0,0.03125,0.015625,0.125,0.796875,0.0,0.0,0.03125
2,4,0.0,0.03125,0.015625,0.125,0.796875,0.0,0.0,0.03125
2,4,0.0,0.03125,0.015625,0.125,0.796875,0.0,0.0,0.03125
2,4,0.0,0.03125,0.015625,0.109375,0.8125,0.0,0.0,0.03125
2,4,0.0,0.03125,0.015625,0.109375,0.8125,0.0,0.0,0.03125
2,4,0.0,0.03125,0.015625,0.109375,0.8125,0.0,0.0,0.03125
2,4,0.0,0.03125,0.015625,0.109375,0.8125,0.0,0.0,0.03125
2,4,0.0,0.03125,0.015625,0.109375,0.8125,0.0,0.0,0.03125
2,4,0.0,0.03125,0.015625,0.109375,0.8125,0.0,0.0,0.03125
2,4,0.0,0.03125,0.015625,0.109375,0.8125,0.0,0.0,0.03125
2,4,0.0,0.03125,0.015625,0.109375,0.8125,0.0,0.0,0.03125
2,4,0.0,0.015625,0.015625,0.109375,0.828125,0.0,0.0,0.03125
2,4,0.0,0.015625,0.015625,0.109375,0.828125,0.0,0.0,0.03125
2,4,0.0,0.015625,0.015625,0.109375,0.828125,0.0,0.0,0.03125
2,4,0.0,0.015625,0.015625,0.109375,0.828125,0.0,0.0,0.03125
2,4,0.0,0.015625,0.0,0.078125,0.875,0.0,0.0,0.03125
2,4,0.0,0.015625,0.0,0.078125,0.875,0.0,0.0,0.03125
2,4,0.0,0.015625,0.0,0.078125,0.875,0.0,0.0,0.03125
2,4,0.0,0.015625,0.0,0.078125,0.875,0.0,0.0,0.03125
2,4,0.0,0.015625,0.0,0.078125,0.875,0.0,0.0,0.03125
2,4,0.0,0.015625,0.0,0.078125,0.875,0.0,0.0,0.03125
2,4,0.0,0.015625,0.0,0.078125,0.875,0.0,0.0,0.03125
2,4,0.0,0.015625,0.0,0.078125,0.875,0.0,0.0,0.03125
2,4,0.0,0.015625,0.0,0.078125,0.890625,0.0,0.0,0.015625
2,4,0.0,0.015625,0.0,0.078125,0.890625,0.0,0.0,0.015625
2,4,0.0,0.015625,0.0,0.078125,0.890625,0.0,0.0,0.015625
2,4,0.0,0.015625,0.0,0.078125,0.890625,0.0,0.0,0.015625
2,4,0.0,0.015625,0.0,0.078125,0.890625,0.0,0.0,0.015625
2,4,0.0,0.015625,0.0,0.078125,0.890625,0.0,0.0,0.015625
2,4,0.0,0.015625,0.0,0.078125,0.890625,0.0,0.0,0.015625
2,4,0.0,0.015625,0.0,0.078125,0.890625,0.0,0.0,0.015625
2,4,0.0,0.015625,0.0,0.0625,0.921875,0.0,0.0,0.0
2,4,0.0,0.015625,0.0,0.0625,0.921875,0.0,0.0,0.0
2,4,0.0,0.015625,0.0,0.0625,0.921875,0.0,0.0,0.0
2,4,0.0,0.015625,0.0,0.0625,0.921875,0.0,0.0,0.0
2,4,0.0,0.015625,0.0,0.0625,0.921875,0.0,0.0,0.0
2,4,0.0,0.015625,0.0,0.0625,0.921875,0.0,0.0,0.0
2,4,0.0,0.015625,0.0,0.0625,0.921875,0.0,0.0,0.0
2,4,0.0,0.015625,0.0,0.0625,0.921875,0.0,0.0,0.0
2,4,0.0,0.015625,0.0,0.0625,0.921875,0.0,0.0,0.0
2,4,0.0,0.015625,0.0,0.0625,0.921875,0.0,0.0,0.0
2,4,0.0,0.015625,0.0,0.0625,0.921875,0.0,0.0,0.0
2,4,0.0,0.015625,0.0,0.0625,0.921875,0.0,0.0,0.0
2,4,0.0,0.015625,0.0,0.0625,0.921875,0.0,0.0,0.0
2,4,0.0,0.015625,0.0,0.0625,0.921875,0.0,0.0,0.0
2,4,0.0,0.015625,0.0,0.046875,0.9375,0.0,0.0,0.0
2,4,0.0,0.015625,0.0,0.046875,0.9375,0.0,0.0,0.0
2,4,0.0,0.015625,0.0,0.046875,0.9375,0.0,0.0,0.0
2,4,0.0,0.015625,0.0,0.046875,0.9375,0.0,0.0,0.0
2,4,0.0,0.015625,0.0,0.046875,0.9375,0.0,0.0,0.0
2,4,0.0,0.015625,0.0,0.046875,0.9375,0.0,0.0,0.0
2,4,0.0,0.015625,0.0,0.046875,0.9375,0.0,0.0,0.0
2,4,0.0,0.015625,0.0,0.046875,0.9375,0.0,0.0,0.0
2,4,0.0,0.015625,0.0,0.046875,0.9375,0.0,0.0,0.0
2,4,0.0,0.015625,0.0,0.046875,0.9375,0.0,0.0,0.0
2,4,0.0,0.015625,0.0,0.046875,0.9375,0.0,0.0,0.0
2,4,0.0,0.015625,0.0,0.046875,0.9375,0.0,0.0,0.0
2,4,0.0,0.015625,0.0,0.046875,0.9375,0.0,0.0,0.0
2,4,0.0,0.015625,0.0,0.046875,0.9375,0.0,0.0,0.0
2,4,0.0,0.015625,0.0,0.046875,0.9375,0.0,0.0,0.0
2,4,0.0,0.015625,0.0,0.046875,0.9375,0.0,0.0,0.0
2,4,0.0,0.015625,0.0,0.046875,0.9375,0.0,0.0,0.0
2,4,0.0,0.015625,0.0,0.046875,0.9375,0.0,0.0,0.0
2,4,0.0,0.0,0.0,0.046875,0.953125,0.0,0.0,0.0
2,4,0.0,0.0,0.0,0.046875,0.953125,0.0,0.0,0.0
2,4,0.0,0.0,0.0,0.046875,0.953125,0.0,0.0,0.0
2,4,0.0,0.0,0.0,0.046875,0.953125,0.0,0.0,0.0
2,4,0.0,0.0,0.0,0.046875,0.953125,0.0,0.0,0.0
2,4,0.0,0.0,0.0,0.046875,0.953125,0.0,0.0,0.0
2,4,0.0,0.0,0.0,0.046875,0.953125,0.0,0.0,0.0
2,4,0.0,0.0,0.0,0.046875,0.953125,0.0,0.0,0.0
2,4,0.0,0.0,0.0,0.046875,0.953125,0.0,0.0,0.0
2,4,0.0,0.0,0.0,0.046875,0.953125,0.0,0.0,0.0
2,4,0.0,0.0,0.0,0.046875,0.953125,0.0,0.0,0.0
2,4,0.0,0.0,0.0,0.046875,0.953125,0.0,0.0,0.0
2,4,0.0,0.0,0.0,0.046875,0.953125,0.0,0.0,0.0
2,4,0.0,0.0,0.0,0.046875,0.953125,0.0,0.0,0.0
2,4,0.0,0.0,0.0,0.046875,0.953125,0.0,0.0,0.0
2,4,0.0,0.0,0.0,0.046875,0.953125,0.0,0.0,0.0
2,4,0.0,0.0,0.0,0.03125,0.96875,0.0,0.0,0.0
2,4,0.0,0.0,0.0,0.03125,0.96875,0.0,0.0,0.0
2,4,0.0,0.0,0.0,0.03125,0.96875,0.0,0.0,0.0
2,4,0.0,0.0,0.0,0.03125,0.96875,0.0,0.0,0.0
2,4,0.0,0.0,0.0,0.03125,0.96875,0.0,0.0,0.0
2,4,0.0,0.0,0.0,0.03125,0.96875,0.0,0.0,0.0
2,4,0.0,0.0,0.0,0.03125,0.96875,0.0,0.0,0.0
2,4,0.0,0.0,0.0,0.03125,0.96875,0.0,0.0,0.0
2,4,0.0,0.0,0.0,0.0,1.0,0.0,0.0,0.0
2,4,0.0,0.0,0.0,0.0,1.0,0.0,0.0,0.0
2,4,0.0,0.0,0.0,0.0,1.0,0.0,0.0,0.0
2,4,0.0,0.0,0.0,0.0,1.0,0.0,0.0,0.0
2,4,0.0,0.0,0.0,0.0,1.0,0.0,0.0,0.0
2,4,0.0,0.0,0.0,0.0,1.0,0.0,0.0,0.0
2,4,0.0,0.0,0.0,0.0,1.0,0.0,0.0,0.0
2,4,0.0,0.0,0.0,0.0,1.0,0.0,0.0,0.0
2,4,0.0,0.0,0.0,0.0,1.0,0.0,0.0,0.0
2,4,0.0,0.0,0.0,0.0,1.0,0.0,0.0,0.0
2,4,0.0,0.0,0.0,0.0,1.0,0.0,0.0,0.0
2,4,0.0,0.0,0.0,0.0,1.0,0.0,0.0,0.0
2,4,0.0,0.0,0.0,0.0,1.0,0.0,0.0,0.0
2,4,0.0,0.0,0.0,0.0,1.0,0.0,0.0,0.0
2,4,0.0,0.0,0.0,0.0,1.0,0.0,0.0,0.0
2,4,0.0,0.0,0.0,0.0,1.0,0.0,0.0,0.0
2,4,0.0,0.0,0.0,0.0,1.0,0.0,0.0,0.0
2,4,0.0,0.0,0.0,0.0,1.0,0.0,0.0,0.0
2,4,0.0,0.0,0.0,0.0,1.0,0.0,0.0,0.0
2,4,0.0,0.0,0.0,0.0,1.0,0.0,0.0,0.0
2,4,0.0,0.0,0.0,0.0,1.0,0.0,0.0,0.0
2,4,0.0,0.0,0.0,0.0,1.0,0.0,0.0,0.0
2,4,0.0,0.0,0.0,0.0,1.0,0.0,0.0,0.0
2,4,0.0,0.0,0.0,0.0,1.0,0.0,0.0,0.0
2,4,0.0,0.0,0.0,0.0,1.0,0.0,0.0,0.0
2,4,0.0,0.0,0.0,0.0,1.0,0.0,0.0,0.0
2,4,0.0,0.0,0.0,0.0,1.0,0.0,0.0,0.0
2,4,0.0,0.0,0.0,0.0,1.0,0.0,0.0,0.0
2,4,0.0,0.0,0.0,0.0,1.0,0.0,0.0,0.0
2,4,0.0,0.0,0.0,0.0,1.0,0.0,0.0,0.0
2,4,0.0,0.0,0.0,0.0,1.0,0.0,0.0,0.0
2,4,0.0,0.0,0.0,0.0,1.0,0.0,0.0,0.0
2,4,0.0,0.0,0.0,0.0,1.0,0.0,0.0,0.0
2,4,0.0,0.0,0.0,0.0,1.0,0.0,0.0,0.0
2,4,0.0,0.0,0.0,0.0,1.0,0.0,0.0,0.0
2,4,0.0,0.0,0.0,0.0,1.0,0.0,0.0,0.0
2,4,0.0,0.0,0.0,0.0,1.0,0.0,0.0,0.0
2,4,0.0,0.0,0.0,0.0,1.0,0.0,0.0,0.0
2,4,0.0,0.0,0.0,0.0,1.0,0.0,0.0,0.0
2,4,0.0,0.0,0.0,0.0,1.0,0.0,0.0,0.0
2,4,0.0,0.0,0.0,0.0,1.0,0.0,0.0,0.0
2,4,0.0,0.0,0.0,0.0,1.0,0.0,0.0,0.0
2,4,0.0,0.0,0.0,0.0,1.0,0.0,0.0,0.0
2,4,0.0,0.0,0.0,0.0,1.0,0.0,0.0,0.0
2,4,0.0,0.0,0.0,0.0,1.0,0.0,0.0,0.0
2,4,0.0,0.0,0.0,0.0,1.0,0.0,0.0,0.0
2,4,0.0,0.0,0.0,0.0,1.0,0.0,0.0,0.0
2,4,0.0,0.0,0.0,0.0,1.0,0.0,0.0,0.0
2,4,0.0,0.0,0.0,0.0,1.0,0.0,0.0,0.0
2,4,0.0,0.0,0.0,0.0,1.0,0.0,0.0,0.0
2,4,0.0,0.0,0.0,0.0,1.0,0.0,0.0,0.0
2,4,0.0,0.0,0.0,0.0,1.0,0.0,0.0,0.0
2,4,0.0,0.0,0.0,0.0,1.0,0.0,0.0,0.0
2,4,0.0,0.0,0.0,0.0,1.0,0.0,0.0,0.0
2,4,0.0,0.0,0.0,0.0,1.0,0.0,0.0,0.0
2,4,0.0,0.0,0.0,0.0,1.0,0.0,0.0,0.0
2,4,0.0,0.0,0.0,0.0,1.0,0.0,0.0,0.0
2,4,0.0,0.0,0.0,0.0,1.0,0.0,0.0,0.0
2,4,0.0,0.0,0.0,0.0,1.0,0.0,0.0,0.0
2,4,0.0,0.0,0.0,0.0,1.0,0.0,0.0,0.0
2,4,0.0,0.0,0.0,0.0,1.0,0.0,0.0,0.0
2,4,0.0,0.0,0.0,0.0,1.0,0.0,0.0,0.0
2,4,0.0,0.0,0.0,0.0,1.0,0.0,0.0,0.0
2,4,0.0,0.0,0.0,0.0,1.0,0.0,0.0,0.0
2,4,0.0,0.0,0.0,0.0,1.0,0.0,0.0,0.0
2,4,0.0,0.0,0.0,0.0,1.0,0.0,0.0,0.0
2,4,0.0,0.0,0.0,0.0,1.0,0.0,0.0,0.0
2,4,0.0,0.0,0.0,0.0,1.0,0.0,0.0,0.0
2,4,0.0,0.0,0.0,0.0,1.0,0.0,0.0,0.0
2,4,0.0,0.0,0.0,0.0,1.0,0.0,0.0,0.0
2,4,0.0,0.0,0.0,0.0,1.0,0.0,0.0,0.0
2,4,0.0,0.0,0.0,0.0,1.0,0.0,0.0,0.0
2,4,0.0,0.0,0.0,0.0,1.0,0.0,0.0,0.0
2,4,0.0,0.0,0.0,0.0,1.0,0.0,0.0,0.0
2,4,0.0,0.0,0.0,0.0,1.0,0.0,0.0,0.0
2,4,0.0,0.0,0.0,0.0,1.0,0.0,0.0,0.0
2,4,0.0,0.0,0.0,0.0,1.0,0.0,0.0,0.0
2,4,0.0,0.0,0.0,0.0,1.0,0.0,0.0,0.0
2,4,0.0,0.0,0.0,0.0,1.0,0.0,0.0,0.0
2,4,0.0,0.0,0.0,0.0,1.0,0.0,0.0,0.0
2,4,0.0,0.0,0.0,0.0,1.0,0.0,0.0,0.0
2,4,0.0,0.0,0.0,0.0,1.0,0.0,0.0,0.0
2,4,0.0,0.0,0.0,0.0,1.0,0.0,0.0,0.0
2,4,0.0,0.0,0.0,0.0,1.0,0.0,0.0,0.0
2,4,0.0,0.0,0.0,0.0,1.0,0.0,0.0,0.0
2,4,0.0,0.0,0.0,0.0,1.0,0.0,0.0,0.0
2,4,0.0,0.0,0.0,0.0,1.0,0.0,0.0,0.0
2,4,0.0,0.0,0.0,0.0,1.0,0.0,0.0,0.0
2,4,0.0,0.0,0.0,0.0,1.0,0.0,0.0,0.0
2,4,0.0,0.0,0.0,0.0,1.0,0.0,0.0,0.0
2,4,0.0,0.0,0.0,0.0,1.0,0.0,0.0,0.0
2,4,0.0,0.0,0.0,0.0,1.0,0.0,0.0,0.0
2,4,0.0,0.0,0.0,0.0,1.0,0.0,0.0,0.0
2,4,0.0,0.0,0.0,0.0,1.0,0.0,0.0,0.0
2,4,0.0,0.0,0.0,0.0,1.0,0.0,0.0,0.0
2,4,0.0,0.0,0.0,0.0,1.0,0.0,0.0,0.0
2,4,0.0,0.0,0.0,0.0,1.0,0.0,0.0,0.0
2,4,0.0,0.0,0.0,0.0,1.0,0.0,0.0,0.0
2,4,0.0,0.0,0.0,0.0,1.0,0.0,0.0,0.0
2,4,0.0,0.0,0.0,0.0,1.0,0.0,0.0,0.0
2,4,0.0,0.0,0.0,0.0,1.0,0.0,0.0,0.0
2,4,0.0,0.0,0.0,0.0,1.0,0.0,0.0,0.0
2,4,0.0,0.0,0.0,0.0,1.0,0.0,0.0,0.0
2,4,0.0,0.0,0.0,0.0,1.0,0.0,0.0,0.0
2,4,0.0,0.0,0.0,0.0,1.0,0.0,0.0,0.0
2,4,0.0,0.0,0.0,0.0,1.0,0.0,0.0,0.0
2,4,0.0,0.0,0.0,0.0,1.0,0.0,0.0,0.0
2,4,0.0,0.0,0.0,0.0,1.0,0.0,0.0,0.0
2,4,0.0,0.0,0.0,0.0,1.0,0.0,0.0,0.0
2,4,0.0,0.0,0.0,0.0,1.0,0.0,0.0,0.0
2,4,0.0,0.0,0.0,0.0,1.0,0.0,0.0,0.0
2,4,0.0,0.0,0.0,0.0,1.0,0.0,0.0,0.0
2,4,0.0,0.0,0.0,0.0,1.0,0.0,0.0,0.0
2,4,0.0,0.0,0.0,0.0,1.0,0.0,0.0,0.0
2,4,0.0,0.0,0.0,0.0,1.0,0.0,0.0,0.0
2,4,0.0,0.0,0.0,0.0,1.0,0.0,0.0,0.0
2,4,0.0,0.0,0.0,0.0,1.0,0.0,0.0,0.0
2,4,0.0,0.0,0.0,0.0,1.0,0.0,0.0,0.0
2,4,0.0,0.0,0.0,0.0,1.0,0.0,0.0,0.0
2,4,0.0,0.0,0.0,0.0,1.0,0.0,0.0,0.0
2,4,0.0,0.0,0.0,0.0,1.0,0.0,0.0,0.0
2,4,0.0,0.0,0.0,0.0,1.0,0.0,0.0,0.0
2,4,0.0,0.0,0.0,0.0,1.0,0.0,0.0,0.0
2,4,0.0,0.0,0.0,0.0,1.0,0.0,0.0,0.0
2,4,0.0,0.0,0.0,0.0,1.0,0.0,0.0,0.0
2,4,0.0,0.0,0.0,0.0,1.0,0.0,0.0,0.0
2,4,0.0,0.0,0.0,0.0,1.0,0.0,0.0,0.0
2,4,0.0,0.0,0.0,0.0,1.0,0.0,0.0,0.0
2,4,0.0,0.0,0.0,0.0,1.0,0.0,0.0,0.0
2,4,0.0,0.0,0.0,0.0,1.0,0.0,0.0,0.0
2,4,0.0,0.0,0.0,0.0,1.0,0.0,0.0,0.0
2,4,0.0,0.0,0.0,0.0,1.0,0.0,0.0,0.0
2,4,0.0,0.0,0.0,0.0,1.0,0.0,0.0,0.0
2,4,0.0,0.0,0.0,0.0,1.0,0.0,0.0,0.0
2,4,0.0,0.0,0.0,0.0,1.0,0.0,0.0,0.0
2,4,0.0,0.0,0.0,0.0,1.0,0.0,0.0,0.0
2,4,0.0,0.0,0.0,0.0,1.0,0.0,0.0,0.0
2,4,0.0,0.0,0.0,0.0,1.0,0.0,0.0,0.0
2,4,0.0,0.0,0.0,0.0,1.0,0.0,0.0,0.0
2,4,0.0,0.0,0.0,0.0,1.0,0.0,0.0,0.0
2,4,0.0,0.0,0.0,0.0,1.0,0.0,0.0,0.0
2,4,0.0,0.0,0.0,0.0,1.0,0.0,0.0,0.0
2,4,0.0,0.0,0.0,0.0,1.0,0.0,0.0,0.0
2,4,0.0,0.0,0.0,0.0,1.0,0.0,0.0,0.0
2,4,0.0,0.0,0.0,0.0,1.0,0.0,0.0,0.0
2,4,0.0,0.0,0.0,0.0,1.0,0.0,0.0,0.0
2,4,0.0,0.0,0.0,0.0,1.0,0.0,0.0,0.0
2,4,0.0,0.0,0.0,0.0,1.0,0.0,0.0,0.0
2,4,0.0,0.0,0.0,0.0,1.0,0.0,0.0,0.0
2,4,0.0,0.0,0.0,0.0,1.0,0.0,0.0,0.0
2,4,0.0,0.0,0.0,0.0,1.0,0.0,0.0,0.0
2,4,0.0,0.0,0.0,0.0,1.0,0.0,0.0,0.0
2,4,0.0,0.0,0.0,0.0,1.0,0.0,0.0,0.0
2,4,0.0,0.0,0.0,0.0,1.0,0.0,0.0,0.0
2,4,0.0,0.0,0.0,0.0,1.0,0.0,0.0,0.0
2,4,0.0,0.0,0.0,0.0,1.0,0.0,0.0,0.0
2,4,0.0,0.0,0.0,0.0,1.0,0.0,0.0,0.0
2,4,0.0,0.0,0.0,0.0,1.0,0.0,0.0,0.0
2,4,0.0,0.0,0.0,0.0,1.0,0.0,0.0,0.0
2,4,0.0,0.0,0.0,0.0,1.0,0.0,0.0,0.0
2,4,0.0,0.0,0.0,0.0,1.0,0.0,0.0,0.0
2,4,0.0,0.0,0.0,0.0,1.0,0.0,0.0,0.0
2,4,0.0,0.0,0.0,0.0,1.0,0.0,0.0,0.0
2,4,0.0,0.0,0.0,0.0,1.0,0.0,0.0,0.0
2,4,0.0,0.0,0.0,0.0,1.0,0.0,0.0,0.0
2,4,0.0,0.0,0.0,0.0,1.0,0.0,0.0,0.0
2,4,0.0,0.0,0.0,0.0,1.0,0.0,0.0,0.0
2,4,0.0,0.0,0.0,0.0,1.0,0.0,0.0,0.0
2,4,0.0,0.0,0.0,0.0,1.0,0.0,0.0,0.0
2,4,0.0,0.0,0.0,0.0,1.0,0.0,0.0,0.0
2,4,0.0,0.0,0.0,0.0,1.0,0.0,0.0,0.0
2,4,0.0,0.0,0.0,0.0,1.0,0.0,0.0,0.0
2,4,0.0,0.0,0.0,0.0,1.0,0.0,0.0,0.0
2,4,0.0,0.0,0.0,0.0,1.0,0.0,0.0,0.0
2,4,0.0,0.0,0.0,0.0,1.0,0.0,0.0,0.0
2,4,0.0,0.0,0.0,0.0,1.0,0.0,0.0,0.0
2,4,0.0,0.0,0.0,0.0,1.0,0.0,0.0,0.0
2,4,0.0,0.0,0.0,0.0,1.0,0.0,0.0,0.0
2,4,0.0,0.0,0.0,0.0,1.0,0.0,0.0,0.0
2,4,0.0,0.0,0.0,0.0,1.0,0.0,0.0,0.0
2,4,0.0,0.0,0.0,0.0,1.0,0.0,0.0,0.0
2,4,0.0,0.0,0.0,0.0,1.0,0.0,0.0,0.0
2,4,0.0,0.0,0.0,0.0,1.0,0.0,0.0,0.0
2,4,0.0,0.0,0.0,0.0,1.0,0.0,0.0,0.0
2,4,0.0,0.0,0.0,0.0,1.0,0.0,0.0,0.0
2,4,0.0,0.0,0.0,0.0,1.0,0.0,0.0,0.0
2,4,0.0,0.0,0.0,0.0,1.0,0.0,0.0,0.0
2,4,0.0,0.0,0.0,0.0,1.0,0.0,0.0,0.0
2,4,0.0,0.0,0.0,0.0,1.0,0.0,0.0,0.0
2,4,0.0,0.0,0.0,0.0,1.0,0.0,0.0,0.0
2,4,0.0,0.0,0.0,0.0,1.0,0.0,0.0,0.0
2,4,0.0,0.0,0.0,0.0,1.0,0.0,0.0,0.0
2,4,0.0,0.0,0.0,0.0,1.0,0.0,0.0,0.0
2,4,0.0,0.0,0.0,0.0,1.0,0.0,0.0,0.0
2,4,0.0,0.0,0.0,0.0,1.0,0.0,0.0,0.0
2,4,0.0,0.0,0.0,0.0,1.0,0.0,0.0,0.0
2,4,0.0,0.0,0.0,0.0,1.0,0.0,0.0,0.0
2,4,0.0,0.0,0.0,0.0,1.0,0.0,0.0,0.0
2,4,0.0,0.0,0.0,0.0,1.0,0.0,0.0,0.0
2,4,0.0,0.0,0.0,0.0,1.0,0.0,0.0,0.0
2,4,0.0,0.0,0.0,0.0,1.0,0.0,0.0,0.0
2,4,0.0,0.0,0.0,0.0,1.0,0.0,0.0,0.0
2,4,0.0,0.0,0.0,0.0,1.0,0.0,0.0,0.0
2,4,0.0,0.0,0.0,0.0,1.0,0.0,0.0,0.0
2,4,0.0,0.0,0.0,0.0,1.0,0.0,0.0,0.0
2,4,0.0,0.0,0.0,0.0,1.0,0.0,0.0,0.0
2,4,0.0,0.0,0.0,0.0,1.0,0.0,0.0,0.0
2,4,0.0,0.0,0.0,0.0,1.0,0.0,0.0,0.0
2,4,0.0,0.0,0.0,0.0,1.0,0.0,0.0,0.0
2,4,0.0,0.0,0.0,0.0,1.0,0.0,0.0,0.0
2,4,0.0,0.0,0.0,0.0,1.0,0.0,0.0,0.0
2,4,0.0,0.0,0.0,0.0,1.0,0.0,0.0,0.0
2,4,0.0,0.0,0.0,0.0,1.0,0.0,0.0,0.0
2,4,0.0,0.0,0.0,0.0,1.0,0.0,0.0,0.0
2,4,0.0,0.0,0.0,0.0,1.0,0.0,0.0,0.0
2,4,0.0,0.0,0.0,0.0,1.0,0.0,0.0,0.0
2,4,0.0,0.0,0.0,0.0,1.0,0.0,0.0,0.0
2,4,0.0,0.0,0.0,0.0,1.0,0.0,0.0,0.0
2,4,0.0,0.0,0.0,0.0,1.0,0.0,0.0,0.0
2,4,0.0,0.0,0.0,0.0,1.0,0.0,0.0,0.0
2,4,0.0,0.0,0.0,0.0,1.0,0.0,0.0,0.0
2,4,0.0,0.0,0.0,0.0,1.0,0.0,0.0,0.0
2,4,0.0,0.0,0.0,0.0,1.0,0.0,0.0,0.0
2,4,0.0,0.0,0.0,0.0,1.0,0.0,0.0,0.0
2,4,0.0,0.0,0.0,0.0,1.0,0.0,0.0,0.0
2,4,0.0,0.0,0.0,0.0,1.0,0.0,0.0,0.0
2,4,0.0,0.0,0.0,0.0,1.0,0.0,0.0,0.0
2,4,0.0,0.0,0.0,0.0,1.0,0.0,0.0,0.0
2,4,0.0,0.0,0.0,0.0,1.0,0.0,0.0,0.0
2,4,0.0,0.0,0.0,0.0,1.0,0.0,0.0,0.0
2,4,0.0,0.0,0.0,0.0,1.0,0.0,0.0,0.0
2,4,0.0,0.0,0.0,0.0,1.0,0.0,0.0,0.0
2,4,0.0,0.0,0.0,0.0,1.0,0.0,0.0,0.0
2,4,0.0,0.0,0.0,0.0,1.0,0.0,0.0,0.0
2,4,0.0,0.0,0.0,0.0,1.0,0.0,0.0,0.0
2,4,0.0,0.0,0.0,0.0,1.0,0.0,0.0,0.0
2,4,0.0,0.0,0.0,0.0,1.0,0.0,0.0,0.0
2,4,0.0,0.0,0.0,0.0,1.0,0.0,0.0,0.0
2,4,0.0,0.0,0.0,0.0,1.0,0.0,0.0,0.0
2,4,0.0,0.0,0.0,0.0,1.0,0.0,0.0,0.0
2,4,0.0,0.0,0.0,0.0,1.0,0.0,0.0,0.0
2,4,0.0,0.0,0.0,0.0,1.0,0.0,0.0,0.0
2,4,0.0,0.0,0.0,0.0,1.0,0.0,0.0,0.0
2,4,0.0,0.0,0.0,0.0,1.0,0.0,0.0,0.0
2,4,0.0,0.0,0.0,0.0,1.0,0.0,0.0,0.0
2,4,0.0,0.0,0.0,0.0,1.0,0.0,0.0,0.0
2,4,0.0,0.0,0.0,0.0,1.0,0.0,0.0,0.0
2,4,0.0,0.0,0.0,0.0,1.0,0.0,0.0,0.0
2,4,0.0,0.0,0.0,0.0,1.0,0.0,0.0,0.0
2,4,0.0,0.0,0.0,0.0,1.0,0.0,0.0,0.0
2,4,0.0,0.0,0.0,0.0,1.0,0.0,0.0,0.0
2,4,0.0,0.0,0.0,0.0,1.0,0.0,0.0,0.0
2,4,0.0,0.0,0.0,0.0,1.0,0.0,0.0,0.0
2,4,0.0,0.0,0.0,0.0,1.0,0.0,0.0,0.0
2,4,0.0,0.0,0.0,0.0,1.0,0.0,0.0,0.0
2,4,0.0,0.0,0.0,0.0,1.0,0.0,0.0,0.0
2,4,0.0,0.0,0.0,0.0,1.0,0.0,0.0,0.0
2,4,0.0,0.0,0.0,0.0,1.0,0.0,0.0,0.0
2,4,0.0,0.0,0.0,0.0,1.0,0.0,0.0,0.0
2,4,0.0,0.0,0.0,0.0,1.0,0.0,0.0,0.0
2,4,0.0,0.0,0.0,0.0,1.0,0.0,0.0,0.0
2,4,0.0,0.0,0.0,0.0,1.0,0.0,0.0,0.0
2,4,0.0,0.0,0.0,0.0,1.0,0.0,0.0,0.0
2,4,0.0,0.0,0.0,0.0,1.0,0.0,0.0,0.0
2,4,0.0,0.0,0.0,0.0,1.0,0.0,0.0,0.0
2,4,0.0,0.0,0.0,0.0,1.0,0.0,0.0,0.0
2,4,0.0,0.0,0.0,0.0,1.0,0.0,0.0,0.0
2,4,0.0,0.0,0.0,0.0,1.0,0.0,0.0,0.0
2,4,0.0,0.0,0.0,0.0,1.0,0.0,0.0,0.0
2,4,0.0,0.0,0.0,0.0,1.0,0.0,0.0,0.0
2,4,0.0,0.0,0.0,0.0,1.0,0.0,0.0,0.0
2,4,0.0,0.0,0.0,0.0,1.0,0.0,0.0,0.0
2,4,0.0,0.0,0.0,0.0,1.0,0.0,0.0,0.0
2,4,0.0,0.0,0.0,0.0,1.0,0.0,0.0,0.0
2,4,0.0,0.0,0.0,0.0,1.0,0.0,0.0,0.0
2,4,0.0,0.0,0.0,0.0,1.0,0.0,0.0,0.0
2,4,0.0,0.0,0.0,0.0,1.0,0.0,0.0,0.0
2,4,0.0,0.0,0.0,0.0,1.0,0.0,0.0,0.0
2,4,0.0,0.0,0.0,0.0,1.0,0.0,0.0,0.0
2,4,0.0,0.0,0.0,0.0,1.0,0.0,0.0,0.0
2,4,0.0,0.0,0.0,0.0,1.0,0.0,0.0,0.0
2,4,0.0,0.0,0.0,0.0,1.0,0.0,0.0,0.0
2,4,0.0,0.0,0.0,0.0,1.0,0.0,0.0,0.0
2,4,0.0,0.0,0.0,0.0,1.0,0.0,0.0,0.0
2,4,0.0,0.0,0.0,0.0,1.0,0.0,0.0,0.0
2,4,0.0,0.0,0.0,0.0,1.0,0.0,0.0,0.0
2,4,0.0,0.0,0.0,0.0,1.0,0.0,0.0,0.0
2,4,0.0,0.0,0.0,0.0,1.0,0.0,0.0,0.0
2,4,0.0,0.0,0.0,0.0,1.0,0.0,0.0,0.0
2,4,0.0,0.0,0.0,0.0,1.0,0.0,0.0,0.0
2,4,0.0,0.0,0.0,0.0,1.0,0.0,0.0,0.0
2,4,0.0,0.0,0.0,0.0,1.0,0.0,0.0,0.0
2,4,0.0,0.0,0.0,0.0,1.0,0.0,0.0,0.0
2,4,0.0,0.0,0.0,0.0,1.0,0.0,0.0,0.0
2,4,0.0,0.0,0.0,0.0,1.0,0.0,0.0,0.0
2,4,0.0,0.0,0.0,0.0,1.0,0.0,0.0,0.0
2,4,0.0,0.0,0.0,0.0,1.0,0.0,0.0,0.0
2,4,0.0,0.0,0.0,0.0,1.0,0.0,0.0,0.0
2,4,0.0,0.0,0.0,0.0,1.0,0.0,0.0,0.0
2,4,0.0,0.0,0.0,0.0,1.0,0.0,0.0,0.0
2,4,0.0,0.0,0.0,0.0,1.0,0.0,0.0,0.0
2,4,0.0,0.0,0.0,0.0,1.0,0.0,0.0,0.0
2,4,0.0,0.0,0.0,0.0,1.0,0.0,0.0,0.0
2,4,0.0,0.0,0.0,0.0,1.0,0.0,0.0,0.0
2,4,0.0,0.0,0.0,0.0,1.0,0.0,0.0,0.0
2,4,0.0,0.0,0.0,0.0,1.0,0.0,0.0,0.0
2,4,0.0,0.0,0.0,0.0,1.0,0.0,0.0,0.0
2,4,0.0,0.0,0.0,0.0,1.0,0.0,0.0,0.0
2,4,0.0,0.0,0.0,0.0,1.0,0.0,0.0,0.0
2,4,0.0,0.0,0.0,0.0,1.0,0.0,0.0,0.0
2,4,0.0,0.0,0.0,0.0,1.0,0.0,0.0,0.0
2,4,0.0,0.0,0.0,0.0,1.0,0.0,0.0,0.0
2,4,0.0,0.0,0.0,0.0,1.0,0.0,0.0,0.0
2,4,0.0,0.0,0.0,0.0,1.0,0.0,0.0,0.0
2,4,0.0,0.0,0.0,0.0,1.0,0.0,0.0,0.0
2,4,0.0,0.0,0.0,0.0,1.0,0.0,0.0,0.0
2,4,0.0,0.0,0.0,0.0,1.0,0.0,0.0,0.0
2,4,0.0,0.0,0.0,0.0,1.0,0.0,0.0,0.0
2,4,0.0,0.0,0.0,0.0,1.0,0.0,0.0,0.0
2,4,0.0,0.0,0.0,0.0,1.0,0.0,0.0,0.0
2,4,0.0,0.0,0.0,0.0,1.0,0.0,0.0,0.0
2,4,0.0,0.0,0.0,0.0,1.0,0.0,0.0,0.0
2,4,0.0,0.0,0.0,0.0,1.0,0.0,0.0,0.0
2,4,0.0,0.0,0.0,0.0,1.0,0.0,0.0,0.0
2,4,0.0,0.0,0.0,0.0,1.0,0.0,0.0,0.0
2,4,0.0,0.0,0.0,0.0,1.0,0.0,0.0,0.0
2,4,0.0,0.0,0.0,0.0,1.0,0.0,0.0,0.0
2,4,0.0,0.0,0.0,0.0,1.0,0.0,0.0,0.0
2,4,0.0,0.0,0.0,0.0,1.0,0.0,0.0,0.0
2,4,0.0,0.0,0.0,0.0,1.0,0.0,0.0,0.0
2,4,0.0,0.0,0.0,0.0,1.0,0.0,0.0,0.0
2,4,0.0,0.0,0.0,0.0,1.0,0.0,0.0,0.0
2,4,0.0,0.0,0.0,0.0,1.0,0.0,0.0,0.0
2,4,0.0,0.0,0.0,0.0,1.0,0.0,0.0,0.0
2,4,0.0,0.0,0.0,0.0,1.0,0.0,0.0,0.0
2,4,0.0,0.0,0.0,0.0,1.0,0.0,0.0,0.0
2,4,0.0,0.0,0.0,0.015625,0.984375,0.0,0.0,0.0
2,4,0.0,0.0,0.0,0.015625,0.984375,0.0,0.0,0.0
2,4,0.0,0.0,0.0,0.015625,0.984375,0.0,0.0,0.0
2,4,0.0,0.0,0.0,0.015625,0.984375,0.0,0.0,0.0
2,4,0.0,0.0,0.0,0.015625,0.984375,0.0,0.0,0.0
2,4,0.0,0.0,0.0,0.015625,0.984375,0.0,0.0,0.0
2,4,0.0,0.0,0.0,0.015625,0.984375,0.0,0.0,0.0
2,4,0.0,0.0,0.0,0.015625,0.984375,0.0,0.0,0.0
2,4,0.0,0.0,0.0,0.015625,0.984375,0.0,0.0,0.0
2,4,0.0,0.0,0.0,0.015625,0.984375,0.0,0.0,0.0
2,4,0.0,0.0,0.0,0.015625,0.984375,0.0,0.0,0.0
2,4,0.0,0.0,0.0,0.015625,0.984375,0.0,0.0,0.0
2,4,0.0,0.0,0.0,0.015625,0.984375,0.0,0.0,0.0
2,4,0.0,0.0,0.0,0.015625,0.984375,0.0,0.0,0.0
2,4,0.0,0.0,0.0,0.015625,0.984375,0.0,0.0,0.0
2,4,0.0,0.0,0.0,0.015625,0.984375,0.0,0.0,0.0
2,4,0.0,0.0,0.0,0.015625,0.984375,0.0,0.0,0.0
2,4,0.0,0.0,0.0,0.015625,0.984375,0.0,0.0,0.0
2,4,0.0,0.0,0.0,0.015625,0.984375,0.0,0.0,0.0
2,4,0.0,0.0,0.0,0.015625,0.984375,0.0,0.0,0.0
2,4,0.0,0.0,0.0,0.015625,0.984375,0.0,0.0,0.0
2,4,0.0,0.0,0.0,0.015625,0.984375,0.0,0.0,0.0
2,4,0.0,0.0,0.0,0.015625,0.984375,0.0,0.0,0.0
2,4,0.0,0.0,0.0,0.015625,0.984375,0.0,0.0,0.0
2,4,0.0,0.0,0.0,0.015625,0.984375,0.0,0.0,0.0
2,4,0.0,0.0,0.0,0.015625,0.984375,0.0,0.0,0.0
2,4,0.0,0.0,0.0,0.015625,0.984375,0.0,0.0,0.0
2,4,0.0,0.0,0.0,0.015625,0.984375,0.0,0.0,0.0
2,4,0.0,0.0,0.0,0.015625,0.984375,0.0,0.0,0.0
2,4,0.0,0.0,0.0,0.015625,0.984375,0.0,0.0,0.0
2,4,0.0,0.0,0.0,0.015625,0.984375,0.0,0.0,0.0
2,4,0.0,0.0,0.0,0.015625,0.984375,0.0,0.0,0.0
2,4,0.0,0.0,0.0,0.015625,0.984375,0.0,0.0,0.0
2,4,0.0,0.0,0.0,0.015625,0.984375,0.0,0.0,0.0
2,4,0.0,0.0,0.0,0.015625,0.984375,0.0,0.0,0.0
2,4,0.0,0.0,0.0,0.015625,0.984375,0.0,0.0,0.0
2,4,0.0,0.0,0.0,0.015625,0.984375,0.0,0.0,0.0
2,4,0.0,0.0,0.0,0.015625,0.984375,0.0,0.0,0.0
2,4,0.0,0.0,0.0,0.015625,0.984375,0.0,0.0,0.0
2,4,0.0,0.0,0.0,0.015625,0.984375,0.0,0.0,0.0
2,4,0.0,0.0,0.0,0.015625,0.984375,0.0,0.0,0.0
2,4,0.0,0.0,0.0,0.015625,0.984375,0.0,0.0,0.0
2,4,0.0,0.0,0.0,0.015625,0.984375,0.0,0.0,0.0
2,4,0.0,0.0,0.0,0.015625,0.984375,0.0,0.0,0.0
2,4,0.0,0.0,0.0,0.015625,0.984375,0.0,0.0,0.0
2,4,0.0,0.0,0.0,0.015625,0.984375,0.0,0.0,0.0
2,4,0.0,0.0,0.0,0.015625,0.984375,0.0,0.0,0.0
2,4,0.0,0.0,0.0,0.015625,0.984375,0.0,0.0,0.0
2,4,0.0,0.0,0.0,0.015625,0.984375,0.0,0.0,0.0
2,4,0.0,0.0,0.0,0.015625,0.984375,0.0,0.0,0.0
2,4,0.0,0.0,0.0,0.015625,0.984375,0.0,0.0,0.0
2,4,0.0,0.0,0.0,0.015625,0.984375,0.0,0.0,0.0
2,4,0.0,0.0,0.0,0.015625,0.984375,0.0,0.0,0.0
2,4,0.0,0.0,0.0,0.015625,0.984375,0.0,0.0,0.0
2,4,0.0,0.0,0.0,0.015625,0.984375,0.0,0.0,0.0
2,4,0.0,0.0,0.0,0.015625,0.984375,0.0,0.0,0.0
2,4,0.0,0.0,0.0,0.0,1.0,0.0,0.0,0.0
2,4,0.0,0.0,0.0,0.0,1.0,0.0,0.0,0.0
2,4,0.0,0.0,0.0,0.0,1.0,0.0,0.0,0.0
2,4,0.0,0.0,0.0,0.0,1.0,0.0,0.0,0.0
2,4,0.0,0.0,0.0,0.0,1.0,0.0,0.0,0.0
2,4,0.0,0.0,0.0,0.0,1.0,0.0,0.0,0.0
2,4,0.0,0.0,0.0,0.0,1.0,0.0,0.0,0.0
2,4,0.0,0.0,0.0,0.0,1.0,0.0,0.0,0.0
2,4,0.0,0.0,0.0,0.0,1.0,0.0,0.0,0.0
2,4,0.0,0.0,0.0,0.0,1.0,0.0,0.0,0.0
2,4,0.0,0.0,0.0,0.0,1.0,0.0,0.0,0.0
2,4,0.0,0.0,0.0,0.0,1.0,0.0,0.0,0.0
2,4,0.0,0.0,0.0,0.0,1.0,0.0,0.0,0.0
2,4,0.0,0.0,0.0,0.0,1.0,0.0,0.0,0.0
2,4,0.0,0.0,0.0,0.0,1.0,0.0,0.0,0.0
2,4,0.0,0.0,0.0,0.0,1.0,0.0,0.0,0.0
2,4,0.0,0.0,0.0,0.0,1.0,0.0,0.0,0.0
2,4,0.0,0.0,0.0,0.0,1.0,0.0,0.0,0.0
2,4,0.0,0.0,0.0,0.0,1.0,0.0,0.0,0.0
2,4,0.0,0.0,0.0,0.0,1.0,0.0,0.0,0.0
2,4,0.0,0.0,0.0,0.0,1.0,0.0,0.0,0.0
2,4,0.0,0.0,0.0,0.0,1.0,0.0,0.0,0.0
2,4,0.0,0.0,0.0,0.0,1.0,0.0,0.0,0.0
2,4,0.0,0.0,0.0,0.0,1.0,0.0,0.0,0.0
2,4,0.0,0.0,0.0,0.0,1.0,0.0,0.0,0.0
2,4,0.0,0.0,0.0,0.0,1.0,0.0,0.0,0.0
2,4,0.0,0.0,0.0,0.0,1.0,0.0,0.0,0.0
2,4,0.0,0.0,0.0,0.0,1.0,0.0,0.0,0.0
2,4,0.0,0.0,0.0,0.0,1.0,0.0,0.0,0.0
2,4,0.0,0.0,0.0,0.0,1.0,0.0,0.0,0.0
2,4,0.0,0.0,0.0,0.0,1.0,0.0,0.0,0.0
2,4,0.0,0.0,0.0,0.0,1.0,0.0,0.0,0.0
2,4,0.0,0.0,0.0,0.0,1.0,0.0,0.0,0.0
2,4,0.0,0.0,0.0,0.0,1.0,0.0,0.0,0.0
2,4,0.0,0.0,0.0,0.0,1.0,0.0,0.0,0.0
2,4,0.0,0.0,0.0,0.0,1.0,0.0,0.0,0.0
2,4,0.0,0.0,0.0,0.0,1.0,0.0,0.0,0.0
2,4,0.0,0.0,0.0,0.0,1.0,0.0,0.0,0.0
2,4,0.0,0.0,0.0,0.0,1.0,0.0,0.0,0.0
2,4,0.0,0.0,0.0,0.0,1.0,0.0,0.0,0.0
2,4,0.0,0.0,0.0,0.0,1.0,0.0,0.0,0.0
2,4,0.0,0.0,0.0,0.0,1.0,0.0,0.0,0.0
2,4,0.0,0.0,0.0,0.0,1.0,0.0,0.0,0.0
2,4,0.0,0.0,0.0,0.0,1.0,0.0,0.0,0.0
2,4,0.0,0.0,0.0,0.0,1.0,0.0,0.0,0.0
2,4,0.0,0.0,0.0,0.0,1.0,0.0,0.0,0.0
2,4,0.0,0.0,0.0,0.0,1.0,0.0,0.0,0.0
2,4,0.0,0.0,0.0,0.0,1.0,0.0,0.0,0.0
2,4,0.0,0.0,0.0,0.0,1.0,0.0,0.0,0.0
2,4,0.0,0.0,0.0,0.0,1.0,0.0,0.0,0.0
2,4,0.0,0.0,0.0,0.0,1.0,0.0,0.0,0.0
2,4,0.0,0.0,0.0,0.0,1.0,0.0,0.0,0.0
2,4,0.0,0.0,0.0,0.0,1.0,0.0,0.0,0.0
2,4,0.0,0.0,0.0,0.0,1.0,0.0,0.0,0.0
2,4,0.0,0.0,0.0,0.0,1.0,0.0,0.0,0.0
2,4,0.0,0.0,0.0,0.0,1.0,0.0,0.0,0.0
2,4,0.0,0.0,0.0,0.0,1.0,0.0,0.0,0.0
2,4,0.0,0.0,0.0,0.0,1.0,0.0,0.0,0.0
2,4,0.0,0.0,0.0,0.0,1.0,0.0,0.0,0.0
2,4,0.0,0.0,0.0,0.0,1.0,0.0,0.0,0.0
2,4,0.0,0.0,0.0,0.0,1.0,0.0,0.0,0.0
2,4,0.0,0.0,0.0,0.0,1.0,0.0,0.0,0.0
2,4,0.0,0.0,0.0,0.0,1.0,0.0,0.0,0.0
2,4,0.0,0.0,0.0,0.0,1.0,0.0,0.0,0.0
2,4,0.0,0.0,0.0,0.0,1.0,0.0,0.0,0.0
2,4,0.0,0.0,0.0,0.0,1.0,0.0,0.0,0.0
2,4,0.0,0.0,0.0,0.0,1.0,0.0,0.0,0.0
2,4,0.0,0.0,0.0,0.0,1.0,0.0,0.0,0.0
2,4,0.0,0.0,0.0,0.0,1.0,0.0,0.0,0.0
2,4,0.0,0.0,0.0,0.0,1.0,0.0,0.0,0.0
2,4,0.0,0.0,0.0,0.0,1.0,0.0,0.0,0.0
2,4,0.0,0.0,0.0,0.0,1.0,0.0,0.0,0.0
2,4,0.0,0.0,0.0,0.0,1.0,0.0,0.0,0.0
2,4,0.0,0.0,0.0,0.0,1.0,0.0,0.0,0.0
2,4,0.0,0.0,0.0,0.0,1.0,0.0,0.0,0.0
2,4,0.0,0.0,0.0,0.0,1.0,0.0,0.0,0.0
2,4,0.0,0.0,0.0,0.0,1.0,0.0,0.0,0.0
2,4,0.0,0.0,0.0,0.0,1.0,0.0,0.0,0.0
2,4,0.0,0.0,0.0,0.0,1.0,0.0,0.0,0.0
2,4,0.0,0.0,0.0,0.0,1.0,0.0,0.0,0.0
2,4,0.0,0.0,0.0,0.0,1.0,0.0,0.0,0.0
2,4,0.0,0.0,0.0,0.0,1.0,0.0,0.0,0.0
2,4,0.0,0.0,0.0,0.0,1.0,0.0,0.0,0.0
2,4,0.0,0.0,0.0,0.0,1.0,0.0,0.0,0.0
2,4,0.0,0.0,0.0,0.0,1.0,0.0,0.0,0.0
2,4,0.0,0.0,0.0,0.0,1.0,0.0,0.0,0.0
2,4,0.0,0.0,0.0,0.0,1.0,0.0,0.0,0.0
2,4,0.0,0.0,0.0,0.0,1.0,0.0,0.0,0.0
2,4,0.0,0.0,0.0,0.0,1.0,0.0,0.0,0.0
2,4,0.0,0.0,0.0,0.0,1.0,0.0,0.0,0.0
2,4,0.0,0.0,0.0,0.0,1.0,0.0,0.0,0.0
2,4,0.0,0.0,0.0,0.0,1.0,0.0,0.0,0.0
2,4,0.0,0.0,0.0,0.0,1.0,0.0,0.0,0.0
2,4,0.0,0.0,0.0,0.0,1.0,0.0,0.0,0.0
2,4,0.0,0.0,0.0,0.0,1.0,0.0,0.0,0.0
2,4,0.0,0.0,0.0,0.0,1.0,0.0,0.0,0.0
2,4,0.0,0.0,0.0,0.0,1.0,0.0,0.0,0.0
2,4,0.0,0.0,0.0,0.0,1.0,0.0,0.0,0.0
2,4,0.0,0.0,0.0,0.0,1.0,0.0,0.0,0.0
2,4,0.0,0.0,0.0,0.0,1.0,0.0,0.0,0.0
2,4,0.0,0.0,0.0,0.0,1.0,0.0,0.0,0.0
2,4,0.0,0.0,0.0,0.0,1.0,0.0,0.0,0.0
2,4,0.0,0.0,0.0,0.0,1.0,0.0,0.0,0.0
2,4,0.0,0.0,0.0,0.0,1.0,0.0,0.0,0.0
2,4,0.0,0.0,0.0,0.0,1.0,0.0,0.0,0.0
2,4,0.0,0.0,0.0,0.0,1.0,0.0,0.0,0.0
2,4,0.0,0.0,0.0,0.0,1.0,0.0,0.0,0.0
2,4,0.0,0.0,0.0,0.0,1.0,0.0,0.0,0.0
2,4,0.0,0.0,0.0,0.0,1.0,0.0,0.0,0.0
2,4,0.0,0.0,0.0,0.0,1.0,0.0,0.0,0.0
2,4,0.0,0.0,0.0,0.0,1.0,0.0,0.0,0.0
2,4,0.0,0.0,0.0,0.0,1.0,0.0,0.0,0.0
2,4,0.0,0.0,0.0,0.0,1.0,0.0,0.0,0.0
2,4,0.0,0.0,0.0,0.0,1.0,0.0,0.0,0.0
2,4,0.0,0.0,0.0,0.0,1.0,0.0,0.0,0.0
2,4,0.0,0.0,0.0,0.0,1.0,0.0,0.0,0.0
2,4,0.0,0.0,0.0,0.0,1.0,0.0,0.0,0.0
2,4,0.0,0.0,0.0,0.0,1.0,0.0,0.0,0.0
2,4,0.0,0.0,0.0,0.0,1.0,0.0,0.0,0.0
2,4,0.0,0.0,0.0,0.0,1.0,0.0,0.0,0.0
2,4,0.0,0.0,0.0,0.0,1.0,0.0,0.0,0.0
2,4,0.0,0.0,0.0,0.0,1.0,0.0,0.0,0.0
2,4,0.0,0.0,0.0,0.0,1.0,0.0,0.0,0.0
2,4,0.0,0.0,0.0,0.0,1.0,0.0,0.0,0.0
2,4,0.0,0.0,0.0,0.0,1.0,0.0,0.0,0.0
2,4,0.0,0.0,0.0,0.0,1.0,0.0,0.0,0.0
2,4,0.0,0.0,0.0,0.0,1.0,0.0,0.0,0.0
2,4,0.0,0.0,0.0,0.0,1.0,0.0,0.0,0.0
2,4,0.0,0.0,0.0,0.0,1.0,0.0,0.0,0.0
2,4,0.0,0.0,0.0,0.0,1.0,0.0,0.0,0.0
2,4,0.0,0.0,0.0,0.0,1.0,0.0,0.0,0.0
2,4,0.0,0.0,0.0,0.0,1.0,0.0,0.0,0.0
2,4,0.0,0.0,0.0,0.0,1.0,0.0,0.0,0.0
2,4,0.0,0.0,0.0,0.0,1.0,0.0,0.0,0.0
2,4,0.0,0.0,0.0,0.0,1.0,0.0,0.0,0.0
2,4,0.0,0.0,0.0,0.0,1.0,0.0,0.0,0.0
2,4,0.0,0.0,0.0,0.0,1.0,0.0,0.0,0.0
2,4,0.0,0.0,0.0,0.0,1.0,0.0,0.0,0.0
2,4,0.0,0.0,0.0,0.0,1.0,0.0,0.0,0.0
2,4,0.0,0.0,0.0,0.0,1.0,0.0,0.0,0.0
2,4,0.0,0.0,0.0,0.0,1.0,0.0,0.0,0.0
2,4,0.0,0.0,0.0,0.0,1.0,0.0,0.0,0.0
2,4,0.0,0.0,0.0,0.0,1.0,0.0,0.0,0.0
2,4,0.0,0.0,0.0,0.0,1.0,0.0,0.0,0.0
2,4,0.0,0.0,0.0,0.0,1.0,0.0,0.0,0.0
2,4,0.0,0.0,0.0,0.0,1.0,0.0,0.0,0.0
2,4,0.0,0.0,0.0,0.0,1.0,0.0,0.0,0.0
2,4,0.0,0.0,0.0,0.0,1.0,0.0,0.0,0.0
2,4,0.0,0.0,0.0,0.0,1.0,0.0,0.0,0.0
2,4,0.0,0.0,0.0,0.0,1.0,0.0,0.0,0.0
2,4,0.0,0.0,0.0,0.0,1.0,0.0,0.0,0.0
2,4,0.0,0.0,0.0,0.0,1.0,0.0,0.0,0.0
2,4,0.0,0.0,0.0,0.0,1.0,0.0,0.0,0.0
2,4,0.0,0.0,0.0,0.0,1.0,0.0,0.0,0.0
2,4,0.0,0.0,0.0,0.0,1.0,0.0,0.0,0.0
2,4,0.0,0.0,0.0,0.0,1.0,0.0,0.0,0.0
2,4,0.0,0.0,0.0,0.0,1.0,0.0,0.0,0.0
2,4,0.0,0.0,0.0,0.0,1.0,0.0,0.0,0.0
2,4,0.0,0.0,0.0,0.0,1.0,0.0,0.0,0.0
2,4,0.0,0.0,0.0,0.0,1.0,0.0,0.0,0.0
2,4,0.0,0.0,0.0,0.0,1.0,0.0,0.0,0.0
2,4,0.0,0.0,0.0,0.0,1.0,0.0,0.0,0.0
2,4,0.0,0.0,0.0,0.0,1.0,0.0,0.0,0.0
2,4,0.0,0.0,0.0,0.0,1.0,0.0,0.0,0.0
2,4,0.0,0.0,0.0,0.0,1.0,0.0,0.0,0.0
2,4,0.0,0.0,0.0,0.0,1.0,0.0,0.0,0.0
2,4,0.0,0.0,0.0,0.0,1.0,0.0,0.0,0.0
2,4,0.0,0.0,0.0,0.0,1.0,0.0,0.0,0.0
2,4,0.0,0.0,0.0,0.0,1.0,0.0,0.0,0.0
2,4,0.0,0.0,0.0,0.0,1.0,0.0,0.0,0.0
2,4,0.0,0.0,0.0,0.0,1.0,0.0,0.0,0.0
2,4,0.0,0.0,0.0,0.0,1.0,0.0,0.0,0.0
2,4,0.0,0.0,0.0,0.0,1.0,0.0,0.0,0.0
2,4,0.0,0.0,0.0,0.0,1.0,0.0,0.0,0.0
2,4,0.0,0.0,0.0,0.0,1.0,0.0,0.0,0.0
2,4,0.0,0.0,0.0,0.0,1.0,0.0,0.0,0.0
2,4,0.0,0.0,0.0,0.0,1.0,0.0,0.0,0.0
2,4,0.0,0.0,0.0,0.0,1.0,0.0,0.0,0.0
2,4,0.0,0.0,0.0,0.0,1.0,0.0,0.0,0.0
2,4,0.0,0.0,0.0,0.0,1.0,0.0,0.0,0.0
2,4,0.0,0.0,0.0,0.0,1.0,0.0,0.0,0.0
2,4,0.0,0.0,0.0,0.0,1.0,0.0,0.0,0.0
2,4,0.0,0.0,0.0,0.0,1.0,0.0,0.0,0.0
2,4,0.0,0.0,0.0,0.0,1.0,0.0,0.0,0.0
2,4,0.0,0.0,0.0,0.0,1.0,0.0,0.0,0.0
2,4,0.0,0.0,0.0,0.0,1.0,0.0,0.0,0.0
2,4,0.0,0.0,0.0,0.0,1.0,0.0,0.0,0.0
2,4,0.0,0.0,0.0,0.0,1.0,0.0,0.0,0.0
2,4,0.0,0.0,0.0,0.0,1.0,0.0,0.0,0.0
2,4,0.0,0.0,0.0,0.0,1.0,0.0,0.0,0.0
2,4,0.0,0.0,0.0,0.0,1.0,0.0,0.0,0.0
2,4,0.0,0.0,0.0,0.0,1.0,0.0,0.0,0.0
2,4,0.0,0.0,0.0,0.0,1.0,0.0,0.0,0.0
2,4,0.0,0.0,0.0,0.0,1.0,0.0,0.0,0.0
2,4,0.0,0.0,0.0,0.0,1.0,0.0,0.0,0.0
2,4,0.0,0.0,0.0,0.0,1.0,0.0,0.0,0.0
2,4,0.0,0.0,0.0,0.0,1.0,0.0,0.0,0.0
2,4,0.0,0.0,0.0,0.0,1.0,0.0,0.0,0.0
2,4,0.0,0.0,0.0,0.0,1.0,0.0,0.0,0.0
2,4,0.0,0.0,0.0,0.0,1.0,0.0,0.0,0.0
2,4,0.0,0.0,0.0,0.0,1.0,0.0,0.0,0.0
2,4,0.0,0.0,0.0,0.0,1.0,0.0,0.0,0.0
2,4,0.0,0.0,0.0,0.0,1.0,0.0,0.0,0.0
2,4,0.0,0.0,0.0,0.0,1.0,0.0,0.0,0.0
2,4,0.0,0.0,0.0,0.0,1.0,0.0,0.0,0.0
2,4,0.0,0.0,0.0,0.0,1.0,0.0,0.0,0.0
2,4,0.0,0.0,0.0,0.0,1.0,0.0,0.0,0.0
2,4,0.0,0.0,0.0,0.0,1.0,0.0,0.0,0.0
2,4,0.0,0.0,0.0,0.0,1.0,0.0,0.0,0.0
2,4,0.0,0.0,0.0,0.0,1.0,0.0,0.0,0.0
2,4,0.0,0.0,0.0,0.0,1.0,0.0,0.0,0.0
2,4,0.0,0.0,0.0,0.0,1.0,0.0,0.0,0.0
2,4,0.0,0.0,0.0,0.0,1.0,0.0,0.0,0.0
2,4,0.0,0.0,0.0,0.0,1.0,0.0,0.0,0.0
2,4,0.0,0.0,0.0,0.0,1.0,0.0,0.0,0.0
2,4,0.0,0.0,0.0,0.0,1.0,0.0,0.0,0.0
2,4,0.0,0.0,0.0,0.0,1.0,0.0,0.0,0.0
2,4,0.0,0.0,0.0,0.0,1.0,0.0,0.0,0.0
2,4,0.0,0.0,0.0,0.0,1.0,0.0,0.0,0.0
2,4,0.0,0.0,0.0,0.0,1.0,0.0,0.0,0.0
2,4,0.0,0.0,0.0,0.0,1.0,0.0,0.0,0.0
2,4,0.0,0.0,0.0,0.0,1.0,0.0,0.0,0.0
2,4,0.0,0.0,0.0,0.0,1.0,0.0,0.0,0.0
2,4,0.0,0.0,0.0,0.0,1.0,0.0,0.0,0.0
2,4,0.0,0.0,0.0,0.0,1.0,0.0,0.0,0.0
2,4,0.0,0.0,0.0,0.0,1.0,0.0,0.0,0.0
2,4,0.0,0.0,0.0,0.0,1.0,0.0,0.0,0.0
2,4,0.0,0.0,0.0,0.0,1.0,0.0,0.0,0.0
2,4,0.0,0.0,0.0,0.0,1.0,0.0,0.0,0.0
2,4,0.0,0.0,0.0,0.0,1.0,0.0,0.0,0.0
2,4,0.0,0.0,0.0,0.0,1.0,0.0,0.0,0.0
2,4,0.0,0.0,0.0,0.0,1.0,0.0,0.0,0.0
2,4,0.0,0.0,0.0,0.0,1.0,0.0,0.0,0.0
2,4,0.0,0.0,0.0,0.0,1.0,0.0,0.0,0.0
2,4,0.0,0.0,0.0,0.0,1.0,0.0,0.0,0.0
2,4,0.0,0.0,0.0,0.0,1.0,0.0,0.0,0.0
2,4,0.0,0.0,0.0,0.0,1.0,0.0,0.0,0.0
2,4,0.0,0.0,0.0,0.0,1.0,0.0,0.0,0.0
2,4,0.0,0.0,0.0,0.0,1.0,0.0,0.0,0.0
2,4,0.0,0.0,0.0,0.0,1.0,0.0,0.0,0.0
2,4,0.0,0.0,0.0,0.0,1.0,0.0,0.0,0.0
2,4,0.0,0.0,0.0,0.0,1.0,0.0,0.0,0.0
2,4,0.0,0.0,0.0,0.0,1.0,0.0,0.0,0.0
2,4,0.0,0.0,0.0,0.0,1.0,0.0,0.0,0.0
2,4,0.0,0.0,0.0,0.0,1.0,0.0,0.0,0.0
2,4,0.0,0.0,0.0,0.0,1.0,0.0,0.0,0.0
2,4,0.0,0.0,0.0,0.0,1.0,0.0,0.0,0.0
2,4,0.0,0.0,0.0,0.0,1.0,0.0,0.0,0.0
2,4,0.0,0.0,0.0,0.0,1.0,0.0,0.0,0.0
2,4,0.0,0.0,0.0,0.0,1.0,0.0,0.0,0.0
2,4,0.0,0.0,0.0,0.0,1.0,0.0,0.0,0.0
2,4,0.0,0.0,0.0,0.0,1.0,0.0,0.0,0.0
2,4,0.0,0.0,0.0,0.0,1.0,0.0,0.0,0.0
2,4,0.0,0.0,0.0,0.0,1.0,0.0,0.0,0.0
2,4,0.0,0.0,0.0,0.0,1.0,0.0,0.0,0.0
2,4,0.0,0.0,0.0,0.0,1.0,0.0,0.0,0.0
2,4,0.0,0.0,0.0,0.0,1.0,0.0,0.0,0.0
2,4,0.0,0.0,0.0,0.0,1.0,0.0,0.0,0.0
2,4,0.0,0.0,0.0,0.0,1.0,0.0,0.0,0.0
2,4,0.0,0.0,0.0,0.0,1.0,0.0,0.0,0.0
2,4,0.0,0.0,0.0,0.0,1.0,0.0,0.0,0.0
2,4,0.0,0.0,0.0,0.0,1.0,0.0,0.0,0.0
2,4,0.0,0.0,0.0,0.0,1.0,0.0,0.0,0.0
2,4,0.0,0.0,0.0,0.0,1.0,0.0,0.0,0.0
2,4,0.0,0.0,0.0,0.0,0.984375,0.0,0.0,0.015625
2,4,0.0,0.0,0.0,0.0,0.984375,0.0,0.0,0.015625
2,4,0.0,0.0,0.0,0.0,0.984375,0.0,0.0,0.015625
2,4,0.0,0.0,0.0,0.0,0.984375,0.0,0.0,0.015625
2,4,0.0,0.0,0.0,0.0,0.984375,0.0,0.0,0.015625
2,4,0.0,0.0,0.0,0.0,0.984375,0.0,0.0,0.015625
2,4,0.0,0.0,0.0,0.0,0.984375,0.0,0.0,0.015625
2,4,0.0,0.0,0.0,0.0,0.984375,0.0,0.0,0.015625
2,4,0.0,0.0,0.0,0.0,0.984375,0.0,0.0,0.015625
2,4,0.0,0.0,0.0,0.0,0.984375,0.0,0.0,0.015625
2,4,0.0,0.0,0.0,0.0,0.984375,0.0,0.0,0.015625
2,4,0.0,0.0,0.0,0.0,0.984375,0.0,0.0,0.015625
2,4,0.0,0.0,0.0,0.0,0.984375,0.0,0.0,0.015625
2,4,0.0,0.0,0.0,0.0,0.984375,0.0,0.0,0.015625
2,4,0.0,0.0,0.0,0.0,0.984375,0.0,0.0,0.015625
2,4,0.0,0.0,0.0,0.0,0.984375,0.0,0.0,0.015625
2,4,0.0,0.0,0.0,0.0,0.984375,0.0,0.0,0.015625
2,4,0.0,0.0,0.0,0.0,0.984375,0.0,0.0,0.015625
2,4,0.0,0.0,0.0,0.0,0.984375,0.0,0.0,0.015625
2,4,0.0,0.0,0.0,0.0,0.984375,0.0,0.0,0.015625
2,4,0.0,0.0,0.0,0.0,0.984375,0.0,0.0,0.015625
2,4,0.0,0.0,0.0,0.0,0.984375,0.0,0.0,0.015625
2,4,0.0,0.0,0.0,0.0,0.984375,0.0,0.0,0.015625
2,4,0.0,0.0,0.0,0.0,0.984375,0.0,0.0,0.015625
2,4,0.0,0.0,0.0,0.0,0.984375,0.0,0.0,0.015625
2,4,0.0,0.0,0.0,0.0,0.984375,0.0,0.0,0.015625
2,4,0.0,0.0,0.0,0.0,0.984375,0.0,0.0,0.015625
2,4,0.0,0.0,0.0,0.0,0.984375,0.0,0.0,0.015625
2,4,0.0,0.0,0.0,0.0,0.984375,0.0,0.0,0.015625
2,4,0.0,0.0,0.0,0.0,0.984375,0.0,0.0,0.015625
2,4,0.0,0.0,0.0,0.0,0.984375,0.0,0.0,0.015625
2,4,0.0,0.0,0.0,0.0,0.984375,0.0,0.0,0.015625
2,4,0.0,0.0,0.0,0.0,0.984375,0.0,0.0,0.015625
2,4,0.0,0.0,0.0,0.0,0.984375,0.0,0.0,0.015625
2,4,0.0,0.0,0.0,0.0,0.984375,0.0,0.0,0.015625
2,4,0.0,0.0,0.0,0.0,0.984375,0.0,0.0,0.015625
2,4,0.0,0.0,0.0,0.0,0.984375,0.0,0.0,0.015625
2,4,0.0,0.0,0.0,0.0,0.984375,0.0,0.0,0.015625
2,4,0.0,0.0,0.0,0.0,0.984375,0.0,0.0,0.015625
2,4,0.0,0.0,0.0,0.0,0.984375,0.0,0.0,0.015625
2,4,0.0,0.0,0.0,0.0,0.984375,0.0,0.0,0.015625
2,4,0.0,0.0,0.0,0.0,0.984375,0.0,0.0,0.015625
2,4,0.0,0.0,0.0,0.0,0.984375,0.0,0.0,0.015625
2,4,0.0,0.0,0.0,0.0,0.984375,0.0,0.0,0.015625
2,4,0.0,0.0,0.0,0.0,0.984375,0.0,0.0,0.015625
2,4,0.0,0.0,0.0,0.0,0.984375,0.0,0.0,0.015625
2,4,0.0,0.0,0.0,0.0,0.984375,0.0,0.0,0.015625
2,4,0.0,0.0,0.0,0.0,0.984375,0.0,0.0,0.015625
2,4,0.0,0.0,0.0,0.0,0.984375,0.0,0.0,0.015625
2,4,0.0,0.0,0.0,0.0,0.984375,0.0,0.0,0.015625
2,4,0.0,0.0,0.0,0.0,0.984375,0.0,0.0,0.015625
2,4,0.0,0.0,0.0,0.0,0.984375,0.0,0.0,0.015625
2,4,0.0,0.0,0.0,0.0,0.984375,0.0,0.0,0.015625
2,4,0.0,0.0,0.0,0.0,0.984375,0.0,0.0,0.015625
2,4,0.0,0.0,0.0,0.0,0.984375,0.0,0.0,0.015625
2,4,0.0,0.0,0.0,0.0,0.984375,0.0,0.0,0.015625
2,4,0.0,0.0,0.0,0.0,0.984375,0.0,0.0,0.015625
2,4,0.0,0.0,0.0,0.0,0.984375,0.0,0.0,0.015625
2,4,0.0,0.0,0.0,0.0,0.984375,0.0,0.0,0.015625
2,4,0.0,0.0,0.0,0.0,0.984375,0.0,0.0,0.015625
2,4,0.0,0.0,0.0,0.0,0.984375,0.0,0.0,0.015625
2,4,0.0,0.0,0.0,0.0,0.984375,0.0,0.0,0.015625
2,4,0.0,0.0,0.0,0.0,0.984375,0.0,0.0,0.015625
2,4,0.0,0.0,0.0,0.0,0.984375,0.0,0.0,0.015625
2,4,0.0,0.0,0.0,0.0,0.984375,0.0,0.0,0.015625
2,4,0.0,0.0,0.0,0.0,0.984375,0.0,0.0,0.015625
2,4,0.0,0.0,0.0,0.0,0.984375,0.0,0.0,0.015625
2,4,0.0,0.0,0.0,0.0,0.984375,0.0,0.0,0.015625
2,4,0.0,0.0,0.0,0.0,0.984375,0.0,0.0,0.015625
2,4,0.0,0.0,0.0,0.0,0.984375,0.0,0.0,0.015625
2,4,0.0,0.0,0.0,0.0,0.984375,0.0,0.0,0.015625
2,4,0.0,0.0,0.0,0.0,0.984375,0.0,0.0,0.015625
2,4,0.0,0.0,0.0,0.016666668,0.96666664,0.0,0.0,0.016666668
2,4,0.0,0.0,0.0,0.016666668,0.96666664,0.0,0.0,0.016666668
2,4,0.0,0.0,0.0,0.016666668,0.96666664,0.0,0.0,0.016666668
2,4,0.0,0.0,0.0,0.016666668,0.96666664,0.0,0.0,0.016666668
2,4,0.0,0.0,0.0,0.016666668,0.96666664,0.0,0.0,0.016666668
2,4,0.0,0.0,0.0,0.016666668,0.96666664,0.0,0.0,0.016666668
2,4,0.0,0.0,0.0,0.016666668,0.96666664,0.0,0.0,0.016666668
2,4,0.0,0.0,0.0,0.016666668,0.96666664,0.0,0.0,0.016666668
2,4,0.0,0.0,0.0,0.016949153,0.9661017,0.0,0.0,0.016949153
2,4,0.0,0.0,0.0,0.016949153,0.9661017,0.0,0.0,0.016949153
2,4,0.0,0.0,0.0,0.016949153,0.9661017,0.0,0.0,0.016949153
2,4,0.0,0.0,0.0,0.016949153,0.9661017,0.0,0.0,0.016949153
2,4,0.016949153,0.0,0.0,0.016949153,0.9491525,0.0,0.0,0.016949153
2,4,0.016949153,0.0,0.0,0.016949153,0.9491525,0.0,0.0,0.016949153
2,4,0.016949153,0.0,0.0,0.016949153,0.9491525,0.0,0.0,0.016949153
2,4,0.016949153,0.0,0.0,0.016949153,0.9491525,0.0,0.0,0.016949153
2,4,0.016949153,0.0,0.0,0.016949153,0.9491525,0.0,0.0,0.016949153
2,4,0.016949153,0.0,0.0,0.016949153,0.9491525,0.0,0.0,0.016949153
2,4,0.016949153,0.0,0.0,0.016949153,0.9491525,0.0,0.0,0.016949153
2,4,0.016949153,0.0,0.0,0.016949153,0.9491525,0.0,0.0,0.016949153
2,4,0.016949153,0.0,0.0,0.016949153,0.9491525,0.0,0.0,0.016949153
2,4,0.016949153,0.0,0.0,0.016949153,0.9491525,0.0,0.0,0.016949153
2,4,0.016949153,0.0,0.0,0.016949153,0.9491525,0.0,0.0,0.016949153
2,4,0.016949153,0.0,0.0,0.016949153,0.9491525,0.0,0.0,0.016949153
2,4,0.016949153,0.0,0.0,0.016949153,0.9491525,0.0,0.0,0.016949153
2,4,0.016949153,0.0,0.0,0.016949153,0.9491525,0.0,0.0,0.016949153
2,4,0.016949153,0.0,0.0,0.016949153,0.9491525,0.0,0.0,0.016949153
2,4,0.016949153,0.0,0.0,0.016949153,0.9491525,0.0,0.0,0.016949153
2,4,0.017857144,0.0,0.0,0.017857144,0.9464286,0.0,0.0,0.017857144
2,4,0.017857144,0.0,0.0,0.017857144,0.9464286,0.0,0.0,0.017857144
2,4,0.017857144,0.0,0.0,0.017857144,0.9464286,0.0,0.0,0.017857144
2,4,0.017857144,0.0,0.0,0.017857144,0.9464286,0.0,0.0,0.017857144
2,4,0.017857144,0.0,0.0,0.017857144,0.9285714,0.017857144,0.0,0.017857144
2,4,0.018181818,0.0,0.0,0.018181818,0.92727274,0.018181818,0.0,0.018181818
2,4,0.018181818,0.0,0.0,0.018181818,0.92727274,0.018181818,0.0,0.018181818
2,4,0.018181818,0.0,0.0,0.018181818,0.92727274,0.018181818,0.0,0.018181818
2,4,0.018518519,0.0,0.0,0.018518519,0.9259259,0.018518519,0.0,0.018518519
2,4,0.018518519,0.0,0.0,0.018518519,0.9259259,0.018518519,0.0,0.018518519
2,4,0.018518519,0.0,0.0,0.018518519,0.9259259,0.018518519,0.0,0.018518519
2,4,0.018518519,0.0,0.0,0.018518519,0.9259259,0.018518519,0.0,0.018518519
2,4,0.018518519,0.0,0.0,0.037037037,0.9074074,0.018518519,0.0,0.018518519
2,4,0.018518519,0.0,0.0,0.037037037,0.9074074,0.018518519,0.0,0.018518519
2,4,0.018518519,0.0,0.0,0.037037037,0.9074074,0.018518519,0.0,0.018518519
2,4,0.018518519,0.0,0.0,0.037037037,0.9074074,0.018518519,0.0,0.018518519
2,4,0.018518519,0.0,0.0,0.037037037,0.9074074,0.018518519,0.0,0.018518519
2,4,0.018518519,0.0,0.0,0.037037037,0.9074074,0.018518519,0.0,0.018518519
2,4,0.018518519,0.0,0.0,0.037037037,0.9074074,0.018518519,0.0,0.018518519
2,4,0.018518519,0.0,0.0,0.037037037,0.9074074,0.018518519,0.0,0.018518519
2,4,0.018867925,0.0,0.0,0.03773585,0.8679245,0.056603774,0.0,0.018867925
2,4,0.018867925,0.0,0.0,0.03773585,0.8679245,0.056603774,0.0,0.018867925
2,4,0.018518519,0.0,0.0,0.037037037,0.8703704,0.055555556,0.0,0.018518519
2,4,0.018518519,0.0,0.0,0.037037037,0.8703704,0.055555556,0.0,0.018518519
2,4,0.018181818,0.0,0.0,0.036363635,0.8363636,0.09090909,0.0,0.018181818
2,4,0.018181818,0.0,0.0,0.036363635,0.8363636,0.09090909,0.0,0.018181818
2,4,0.018181818,0.0,0.0,0.036363635,0.8363636,0.09090909,0.0,0.018181818
2,4,0.018181818,0.0,0.0,0.036363635,0.8363636,0.09090909,0.0,0.018181818
2,4,0.018518519,0.0,0.0,0.055555556,0.7962963,0.09259259,0.018518519,0.018518519
2,4,0.018518519,0.0,0.0,0.055555556,0.7962963,0.09259259,0.018518519,0.018518519
2,4,0.018518519,0.0,0.0,0.055555556,0.7592593,0.12962963,0.018518519,0.018518519
2,4,0.018518519,0.0,0.0,0.055555556,0.7592593,0.12962963,0.018518519,0.018518519
2,4,0.018867925,0.0,0.0,0.056603774,0.754717,0.13207547,0.018867925,0.018867925
2,4,0.018867925,0.0,0.0,0.056603774,0.7358491,0.13207547,0.03773585,0.018867925
2,4,0.018867925,0.0,0.0,0.056603774,0.7358491,0.13207547,0.03773585,0.018867925
2,4,0.018867925,0.0,0.0,0.056603774,0.7358491,0.13207547,0.03773585,0.018867925
2,4,0.01923077,0.0,0.0,0.057692308,0.63461536,0.23076923,0.03846154,0.01923077
2,4,0.01923077,0.0,0.0,0.057692308,0.63461536,0.23076923,0.03846154,0.01923077
2,4,0.01923077,0.0,0.0,0.057692308,0.63461536,0.23076923,0.03846154,0.01923077
2,4,0.01923077,0.0,0.0,0.057692308,0.63461536,0.23076923,0.03846154,0.01923077
2,4,0.01923077,0.0,0.0,0.057692308,0.63461536,0.23076923,0.03846154,0.01923077
2,4,0.019607844,0.0,0.0,0.05882353,0.627451,0.23529412,0.039215688,0.019607844
2,4,0.02,0.0,0.0,0.06,0.6,0.26,0.04,0.02
2,4,0.02,0.0,0.0,0.06,0.6,0.26,0.04,0.02
2,4,0.02,0.0,0.0,0.06,0.6,0.26,0.04,0.02
2,4,0.02,0.0,0.0,0.06,0.6,0.26,0.04,0.02
2,4,0.02,0.0,0.0,0.06,0.6,0.26,0.04,0.02
2,4,0.02,0.0,0.0,0.06,0.6,0.26,0.04,0.02
2,4,0.020408163,0.0,0.0,0.06122449,0.5714286,0.2857143,0.040816326,0.020408163
2,4,0.020408163,0.0,0.0,0.06122449,0.5714286,0.2857143,0.040816326,0.020408163
2,4,0.020408163,0.0,0.0,0.06122449,0.5714286,0.2857143,0.040816326,0.020408163
2,4,0.020408163,0.0,0.0,0.06122449,0.5714286,0.2857143,0.040816326,0.020408163
2,4,0.0,0.0,0.0,0.0625,0.5416667,0.33333334,0.041666668,0.020833334
2,4,0.0,0.0,0.0,0.0625,0.5416667,0.33333334,0.041666668,0.020833334
2,4,0.0,0.0,0.0,0.0625,0.5416667,0.33333334,0.041666668,0.020833334
2,4,0.0,0.0,0.0,0.0625,0.5416667,0.33333334,0.041666668,0.020833334
2,4,0.0,0.0,0.0,0.0625,0.5208333,0.35416666,0.041666668,0.020833334
2,4,0.0,0.0,0.0,0.0625,0.5208333,0.35416666,0.041666668,0.020833334
3,4,0.0,0.0,0.0,0.0625,0.5208333,0.35416666,0.041666668,0.020833334
3,4,0.0,0.0,0.0,0.06382979,0.5106383,0.3617021,0.04255319,0.021276595
3,4,0.0,0.0,0.0,0.06521739,0.4347826,0.41304347,0.08695652,0.0
3,4,0.0,0.0,0.0,0.06521739,0.4347826,0.41304347,0.08695652,0.0
3,4,0.0,0.0,0.0,0.06521739,0.4347826,0.41304347,0.08695652,0.0
3,4,0.0,0.0,0.0,0.06382979,0.42553192,0.42553192,0.08510638,0.0
3,4,0.0,0.0,0.0,0.06382979,0.42553192,0.42553192,0.08510638,0.0
3,4,0.0,0.0,0.0,0.06382979,0.42553192,0.42553192,0.08510638,0.0
3,5,0.0,0.0,0.0,0.06382979,0.40425533,0.44680852,0.08510638,0.0
3,5,0.0,0.0,0.0,0.06382979,0.40425533,0.44680852,0.08510638,0.0
3,5,0.0,0.0,0.0,0.06382979,0.38297874,0.4680851,0.08510638,0.0
3,5,0.0,0.0,0.0,0.06382979,0.3617021,0.4893617,0.08510638,0.0
3,5,0.0,0.0,0.0,0.06382979,0.3617021,0.4893617,0.08510638,0.0
3,5,0.0,0.0,0.0,0.06382979,0.3617021,0.4893617,0.08510638,0.0
3,5,0.0,0.0,0.0,0.06382979,0.3617021,0.4893617,0.08510638,0.0
3,5,0.0,0.0,0.0,0.06382979,0.3617021,0.4893617,0.08510638,0.0
3,5,0.0,0.0,0.0,0.06382979,0.34042552,0.4893617,0.10638298,0.0
3,5,0.0,0.0,0.0,0.06382979,0.34042552,0.4893617,0.10638298,0.0
3,5,0.0,0.0,0.0,0.04255319,0.31914893,0.5319149,0.10638298,0.0
3,5,0.0,0.0,0.0,0.04255319,0.31914893,0.5319149,0.10638298,0.0
3,5,0.0,0.0,0.0,0.04255319,0.31914893,0.5319149,0.10638298,0.0
3,5,0.0,0.0,0.0,0.04255319,0.31914893,0.5319149,0.10638298,0.0
3,5,0.0,0.0,0.0,0.04255319,0.31914893,0.5319149,0.10638298,0.0
3,5,0.0,0.0,0.0,0.04255319,0.31914893,0.5319149,0.10638298,0.0
3,5,0.0,0.0,0.0,0.04255319,0.31914893,0.5319149,0.10638298,0.0
3,5,0.0,0.0,0.0,0.04255319,0.31914893,0.5319149,0.10638298,0.0
3,5,0.0,0.0,0.0,0.0,0.12244898,0.79591835,0.08163265,0.0
3,5,0.0,0.0,0.0,0.0,0.12244898,0.79591835,0.08163265,0.0
3,5,0.0,0.0,0.0,0.0,0.10204082,0.79591835,0.10204082,0.0
3,5,0.0,0.0,0.0,0.0,0.10204082,0.79591835,0.10204082,0.0
3,5,0.0,0.0,0.0,0.0,0.10204082,0.79591835,0.10204082,0.0
3,5,0.0,0.0,0.0,0.0,0.10204082,0.79591835,0.10204082,0.0
3,5,0.0,0.0,0.0,0.0,0.10204082,0.79591835,0.10204082,0.0
3,5,0.0,0.0,0.0,0.0,0.10204082,0.79591835,0.10204082,0.0
3,5,0.0,0.0,0.0,0.0,0.10204082,0.79591835,0.10204082,0.0
3,5,0.0,0.0,0.0,0.0,0.10204082,0.79591835,0.10204082,0.0
3,5,0.0,0.0,0.0,0.0,0.1,0.8,0.1,0.0
3,5,0.0,0.0,0.0,0.0,0.1,0.8,0.1,0.0
3,5,0.0,0.0,0.0,0.0,0.1,0.82,0.08,0.0
3,5,0.0,0.0,0.0,0.0,0.1,0.82,0.08,0.0
3,5,0.0,0.0,0.0,0.0,0.09803922,0.8235294,0.078431375,0.0
3,5,0.0,0.0,0.0,0.0,0.09803922,0.8235294,0.078431375,0.0
3,5,0.0,0.0,0.0,0.0,0.03846154,0.90384614,0.057692308,0.0
3,5,0.0,0.0,0.0,0.0,0.03846154,0.90384614,0.057692308,0.0
3,5,0.0,0.0,0.0,0.0,0.03846154,0.90384614,0.057692308,0.0
3,5,0.0,0.0,0.0,0.0,0.03846154,0.90384614,0.057692308,0.0
3,5,0.0,0.0,0.0,0.0,0.03846154,0.90384614,0.057692308,0.0
3,5,0.0,0.0,0.0,0.0,0.03773585,0.9056604,0.056603774,0.0
3,5,0.0,0.0,0.0,0.0,0.03773585,0.9056604,0.056603774,0.0
3,5,0.0,0.0,0.0,0.0,0.03773585,0.9056604,0.056603774,0.0
3,5,0.0,0.0,0.0,0.0,0.03773585,0.9056604,0.056603774,0.0
3,5,0.0,0.0,0.0,0.0,0.03773585,0.9245283,0.03773585,0.0
3,5,0.0,0.0,0.0,0.0,0.03773585,0.9245283,0.03773585,0.0
3,5,0.0,0.0,0.0,0.0,0.03773585,0.9245283,0.03773585,0.0
3,5,0.0,0.0,0.0,0.0,0.03773585,0.9245283,0.03773585,0.0
3,5,0.0,0.0,0.0,0.0,0.03773585,0.9245283,0.03773585,0.0
3,5,0.0,0.0,0.0,0.0,0.03773585,0.9245283,0.03773585,0.0
3,5,0.0,0.0,0.0,0.0,0.03773585,0.9245283,0.03773585,0.0
3,5,0.0,0.0,0.0,0.0,0.03773585,0.9245283,0.03773585,0.0
3,5,0.0,0.0,0.0,0.0,0.03773585,0.9245283,0.03773585,0.0
3,5,0.0,0.0,0.0,0.0,0.03773585,0.9245283,0.03773585,0.0
3,5,0.0,0.0,0.0,0.0,0.03773585,0.9245283,0.03773585,0.0
3,5,0.0,0.0,0.0,0.0,0.037037037,0.9444444,0.018518519,0.0
3,5,0.0,0.0,0.0,0.0,0.037037037,0.9444444,0.018518519,0.0
3,5,0.0,0.0,0.0,0.0,0.037037037,0.9444444,0.018518519,0.0
3,5,0.0,0.0,0.0,0.0,0.037037037,0.9444444,0.018518519,0.0
3,5,0.0,0.0,0.0,0.0,0.037037037,0.9444444,0.018518519,0.0
3,5,0.0,0.0,0.0,0.0,0.037037037,0.9444444,0.018518519,0.0
3,5,0.0,0.0,0.0,0.0,0.037037037,0.9444444,0.018518519,0.0
3,5,0.0,0.0,0.0,0.0,0.037037037,0.9444444,0.018518519,0.0
3,5,0.0,0.0,0.0,0.0,0.037037037,0.9444444,0.018518519,0.0
3,5,0.0,0.0,0.0,0.0,0.037037037,0.9444444,0.018518519,0.0
3,5,0.0,0.0,0.0,0.0,0.037037037,0.9444444,0.018518519,0.0
3,5,0.0,0.0,0.0,0.0,0.037037037,0.9444444,0.018518519,0.0
3,5,0.0,0.0,0.0,0.0,0.0,0.9818182,0.018181818,0.0
3,5,0.0,0.0,0.0,0.0,0.0,0.9818182,0.018181818,0.0
3,5,0.0,0.0,0.0,0.0,0.0,0.9818182,0.018181818,0.0
3,5,0.0,0.0,0.0,0.0,0.0,0.9818182,0.018181818,0.0
3,5,0.0,0.0,0.0,0.0,0.0,0.9818182,0.018181818,0.0
3,5,0.0,0.0,0.0,0.0,0.0,0.9818182,0.018181818,0.0
3,5,0.0,0.0,0.0,0.0,0.0,1.0,0.0,0.0
3,5,0.0,0.0,0.0,0.0,0.0,1.0,0.0,0.0
3,5,0.0,0.0,0.0,0.0,0.0,1.0,0.0,0.0
3,5,0.0,0.0,0.0,0.0,0.0,1.0,0.0,0.0
3,5,0.0,0.0,0.0,0.0,0.0,1.0,0.0,0.0
3,5,0.0,0.0,0.0,0.0,0.0,1.0,0.0,0.0
3,5,0.0,0.0,0.0,0.0,0.0,1.0,0.0,0.0
3,5,0.0,0.0,0.0,0.0,0.0,1.0,0.0,0.0
3,5,0.0,0.0,0.0,0.0,0.0,1.0,0.0,0.0
3,5,0.0,0.0,0.0,0.0,0.0,1.0,0.0,0.0
3,5,0.0,0.0,0.0,0.0,0.0,1.0,0.0,0.0
3,5,0.0,0.0,0.0,0.0,0.0,1.0,0.0,0.0
3,5,0.0,0.0,0.0,0.0,0.0,1.0,0.0,0.0
3,5,0.0,0.0,0.0,0.0,0.0,1.0,0.0,0.0
3,5,0.0,0.0,0.0,0.0,0.0,1.0,0.0,0.0
3,5,0.0,0.0,0.0,0.0,0.0,1.0,0.0,0.0
3,5,0.0,0.0,0.0,0.0,0.0,1.0,0.0,0.0
3,5,0.0,0.0,0.0,0.0,0.0,1.0,0.0,0.0
3,5,0.0,0.0,0.0,0.0,0.0,1.0,0.0,0.0
3,5,0.0,0.0,0.0,0.0,0.0,1.0,0.0,0.0
3,5,0.0,0.0,0.0,0.0,0.0,1.0,0.0,0.0
3,5,0.0,0.0,0.0,0.0,0.0,1.0,0.0,0.0
3,5,0.0,0.0,0.0,0.0,0.0,1.0,0.0,0.0
3,5,0.0,0.0,0.0,0.0,0.0,1.0,0.0,0.0
3,5,0.0,0.0,0.0,0.0,0.0,1.0,0.0,0.0
3,5,0.0,0.0,0.0,0.0,0.0,1.0,0.0,0.0
3,5,0.0,0.0,0.0,0.0,0.0,1.0,0.0,0.0
3,5,0.0,0.0,0.0,0.0,0.0,1.0,0.0,0.0
3,5,0.0,0.0,0.0,0.0,0.0,1.0,0.0,0.0
3,5,0.0,0.0,0.0,0.0,0.0,1.0,0.0,0.0
3,5,0.0,0.0,0.0,0.0,0.0,1.0,0.0,0.0
3,5,0.0,0.0,0.0,0.0,0.0,1.0,0.0,0.0
3,5,0.0,0.0,0.0,0.0,0.0,1.0,0.0,0.0
3,5,0.0,0.0,0.0,0.0,0.0,1.0,0.0,0.0
3,5,0.0,0.0,0.0,0.0,0.0,1.0,0.0,0.0
3,5,0.0,0.0,0.0,0.0,0.0,1.0,0.0,0.0
3,5,0.0,0.0,0.0,0.0,0.0,1.0,0.0,0.0
3,5,0.0,0.0,0.0,0.0,0.0,1.0,0.0,0.0
3,5,0.0,0.0,0.0,0.0,0.0,1.0,0.0,0.0
3,5,0.0,0.0,0.0,0.0,0.0,1.0,0.0,0.0
3,5,0.0,0.0,0.0,0.0,0.0,1.0,0.0,0.0
3,5,0.0,0.0,0.0,0.0,0.0,1.0,0.0,0.0
3,5,0.0,0.0,0.0,0.0,0.0,1.0,0.0,0.0
3,5,0.0,0.0,0.0,0.0,0.0,1.0,0.0,0.0
3,5,0.0,0.0,0.0,0.0,0.0,1.0,0.0,0.0
3,5,0.0,0.0,0.0,0.0,0.0,1.0,0.0,0.0
3,5,0.0,0.0,0.0,0.0,0.0,1.0,0.0,0.0
3,5,0.0,0.0,0.0,0.0,0.0,1.0,0.0,0.0
3,5,0.0,0.0,0.0,0.0,0.0,1.0,0.0,0.0
3,5,0.0,0.0,0.0,0.0,0.0,1.0,0.0,0.0
3,5,0.0,0.0,0.0,0.0,0.0,1.0,0.0,0.0
3,5,0.0,0.0,0.0,0.0,0.0,1.0,0.0,0.0
3,5,0.0,0.0,0.0,0.0,0.0,1.0,0.0,0.0
3,5,0.0,0.0,0.0,0.0,0.0,1.0,0.0,0.0
3,5,0.0,0.0,0.0,0.0,0.0,1.0,0.0,0.0
3,5,0.0,0.0,0.0,0.0,0.0,1.0,0.0,0.0
3,5,0.0,0.0,0.0,0.0,0.0,1.0,0.0,0.0
3,5,0.0,0.0,0.0,0.0,0.0,1.0,0.0,0.0
3,5,0.0,0.0,0.0,0.0,0.0,1.0,0.0,0.0
3,5,0.0,0.0,0.0,0.0,0.0,1.0,0.0,0.0
3,5,0.0,0.0,0.0,0.0,0.0,1.0,0.0,0.0
3,5,0.0,0.0,0.0,0.0,0.0,1.0,0.0,0.0
3,5,0.0,0.0,0.0,0.0,0.0,1.0,0.0,0.0
3,5,0.0,0.0,0.0,0.0,0.0,1.0,0.0,0.0
3,5,0.0,0.0,0.0,0.0,0.0,1.0,0.0,0.0
3,5,0.0,0.0,0.0,0.0,0.0,1.0,0.0,0.0
3,5,0.0,0.0,0.0,0.0,0.0,1.0,0.0,0.0
3,5,0.0,0.0,0.0,0.0,0.0,1.0,0.0,0.0
3,5,0.0,0.0,0.0,0.0,0.0,1.0,0.0,0.0
3,5,0.0,0.0,0.0,0.0,0.0,1.0,0.0,0.0
3,5,0.0,0.0,0.0,0.0,0.0,1.0,0.0,0.0
3,5,0.0,0.0,0.0,0.0,0.0,1.0,0.0,0.0
3,5,0.0,0.0,0.0,0.0,0.0,1.0,0.0,0.0
3,5,0.0,0.0,0.0,0.0,0.0,1.0,0.0,0.0
3,5,0.0,0.0,0.0,0.0,0.0,1.0,0.0,0.0
3,5,0.0,0.0,0.0,0.0,0.0,1.0,0.0,0.0
3,5,0.0,0.0,0.0,0.0,0.0,1.0,0.0,0.0
3,5,0.0,0.0,0.0,0.0,0.0,1.0,0.0,0.0
3,5,0.0,0.0,0.0,0.0,0.0,1.0,0.0,0.0
3,5,0.0,0.0,0.0,0.0,0.0,1.0,0.0,0.0
3,5,0.0,0.0,0.0,0.0,0.0,1.0,0.0,0.0
3,5,0.0,0.0,0.0,0.0,0.0,1.0,0.0,0.0
3,5,0.0,0.0,0.0,0.0,0.0,1.0,0.0,0.0
3,5,0.0,0.0,0.0,0.0,0.0,1.0,0.0,0.0
3,5,0.0,0.0,0.0,0.0,0.0,1.0,0.0,0.0
3,5,0.0,0.0,0.0,0.0,0.0,1.0,0.0,0.0
3,5,0.0,0.0,0.0,0.0,0.0,1.0,0.0,0.0
3,5,0.0,0.0,0.0,0.0,0.0,1.0,0.0,0.0
3,5,0.0,0.0,0.0,0.0,0.0,1.0,0.0,0.0
3,5,0.0,0.0,0.0,0.0,0.0,1.0,0.0,0.0
3,5,0.0,0.0,0.0,0.0,0.0,1.0,0.0,0.0
3,5,0.0,0.0,0.0,0.0,0.0,1.0,0.0,0.0
3,5,0.0,0.0,0.0,0.0,0.0,1.0,0.0,0.0
3,5,0.0,0.0,0.0,0.0,0.0,1.0,0.0,0.0
3,5,0.0,0.0,0.0,0.0,0.0,1.0,0.0,0.0
3,5,0.0,0.0,0.0,0.0,0.0,1.0,0.0,0.0
3,5,0.0,0.0,0.0,0.0,0.0,1.0,0.0,0.0
3,5,0.0,0.0,0.0,0.0,0.0,1.0,0.0,0.0
3,5,0.0,0.0,0.0,0.0,0.0,1.0,0.0,0.0
3,5,0.0,0.0,0.0,0.0,0.0,1.0,0.0,0.0
3,5,0.0,0.0,0.0,0.0,0.0,1.0,0.0,0.0
3,5,0.0,0.0,0.0,0.0,0.0,1.0,0.0,0.0
3,5,0.0,0.0,0.0,0.0,0.0,1.0,0.0,0.0
3,5,0.0,0.0,0.0,0.0,0.0,1.0,0.0,0.0
3,5,0.0,0.0,0.0,0.0,0.0,1.0,0.0,0.0
3,5,0.0,0.0,0.0,0.0,0.0,1.0,0.0,0.0
3,5,0.0,0.0,0.0,0.0,0.0,1.0,0.0,0.0
3,5,0.0,0.0,0.0,0.0,0.0,1.0,0.0,0.0
3,5,0.0,0.0,0.0,0.0,0.0,1.0,0.0,0.0
3,5,0.0,0.0,0.0,0.0,0.0,1.0,0.0,0.0
3,5,0.0,0.0,0.0,0.0,0.0,1.0,0.0,0.0
3,5,0.0,0.0,0.0,0.0,0.0,1.0,0.0,0.0
3,5,0.0,0.0,0.0,0.0,0.0,1.0,0.0,0.0
3,5,0.0,0.0,0.0,0.0,0.0,1.0,0.0,0.0
3,5,0.0,0.0,0.0,0.0,0.0,1.0,0.0,0.0
3,5,0.0,0.0,0.0,0.0,0.0,1.0,0.0,0.0
3,5,0.0,0.0,0.0,0.0,0.0,1.0,0.0,0.0
3,5,0.0,0.0,0.0,0.0,0.0,1.0,0.0,0.0
3,5,0.0,0.0,0.0,0.0,0.0,1.0,0.0,0.0
3,5,0.0,0.0,0.0,0.0,0.0,1.0,0.0,0.0
3,5,0.0,0.0,0.0,0.0,0.0,1.0,0.0,0.0
3,5,0.0,0.0,0.0,0.0,0.0,1.0,0.0,0.0
3,5,0.0,0.0,0.0,0.0,0.0,1.0,0.0,0.0
3,5,0.0,0.0,0.0,0.0,0.0,1.0,0.0,0.0
3,5,0.0,0.0,0.0,0.0,0.0,1.0,0.0,0.0
3,5,0.0,0.0,0.0,0.0,0.0,1.0,0.0,0.0
3,5,0.0,0.0,0.0,0.0,0.0,1.0,0.0,0.0
3,5,0.0,0.0,0.0,0.0,0.0,1.0,0.0,0.0
3,5,0.0,0.0,0.0,0.0,0.0,1.0,0.0,0.0
3,5,0.0,0.0,0.0,0.0,0.0,1.0,0.0,0.0
3,5,0.0,0.0,0.0,0.0,0.0,1.0,0.0,0.0
3,5,0.0,0.0,0.0,0.0,0.0,1.0,0.0,0.0
3,5,0.0,0.0,0.0,0.0,0.0,1.0,0.0,0.0
3,5,0.0,0.0,0.0,0.0,0.0,1.0,0.0,0.0
3,5,0.0,0.0,0.0,0.0,0.0,1.0,0.0,0.0
3,5,0.0,0.0,0.0,0.0,0.0,1.0,0.0,0.0
3,5,0.0,0.0,0.0,0.0,0.0,1.0,0.0,0.0
3,5,0.0,0.0,0.0,0.0,0.0,1.0,0.0,0.0
3,5,0.0,0.0,0.0,0.0,0.0,1.0,0.0,0.0
3,5,0.0,0.0,0.0,0.0,0.0,1.0,0.0,0.0
3,5,0.0,0.0,0.0,0.0,0.0,1.0,0.0,0.0
3,5,0.0,0.0,0.0,0.0,0.0,1.0,0.0,0.0
3,5,0.0,0.0,0.0,0.0,0.0,1.0,0.0,0.0
3,5,0.0,0.0,0.0,0.0,0.0,1.0,0.0,0.0
3,5,0.0,0.0,0.0,0.0,0.0,1.0,0.0,0.0
3,5,0.0,0.0,0.0,0.0,0.0,1.0,0.0,0.0
3,5,0.0,0.0,0.0,0.0,0.0,1.0,0.0,0.0
3,5,0.0,0.0,0.0,0.0,0.0,1.0,0.0,0.0
3,5,0.0,0.0,0.0,0.0,0.0,1.0,0.0,0.0
3,5,0.0,0.0,0.0,0.0,0.0,1.0,0.0,0.0
3,5,0.0,0.0,0.0,0.0,0.0,1.0,0.0,0.0
3,5,0.0,0.0,0.0,0.0,0.0,1.0,0.0,0.0
3,5,0.0,0.0,0.0,0.0,0.0,1.0,0.0,0.0
3,5,0.0,0.0,0.0,0.0,0.0,1.0,0.0,0.0
3,5,0.0,0.0,0.0,0.0,0.0,1.0,0.0,0.0
3,5,0.0,0.0,0.0,0.0,0.0,1.0,0.0,0.0
3,5,0.0,0.0,0.0,0.0,0.0,1.0,0.0,0.0
3,5,0.0,0.0,0.0,0.0,0.0,1.0,0.0,0.0
3,5,0.0,0.0,0.0,0.0,0.0,1.0,0.0,0.0
3,5,0.0,0.0,0.0,0.0,0.0,1.0,0.0,0.0
3,5,0.0,0.0,0.0,0.0,0.0,1.0,0.0,0.0
3,5,0.0,0.0,0.0,0.0,0.0,1.0,0.0,0.0
3,5,0.0,0.0,0.0,0.0,0.0,1.0,0.0,0.0
3,5,0.0,0.0,0.0,0.0,0.0,1.0,0.0,0.0
3,5,0.0,0.0,0.0,0.0,0.0,1.0,0.0,0.0
3,5,0.0,0.0,0.0,0.0,0.0,1.0,0.0,0.0
3,5,0.0,0.0,0.0,0.0,0.0,1.0,0.0,0.0
3,5,0.0,0.0,0.0,0.0,0.0,1.0,0.0,0.0
3,5,0.0,0.0,0.0,0.0,0.0,1.0,0.0,0.0
3,5,0.0,0.0,0.0,0.0,0.0,1.0,0.0,0.0
3,5,0.0,0.0,0.0,0.0,0.0,1.0,0.0,0.0
3,5,0.0,0.0,0.0,0.0,0.0,1.0,0.0,0.0
3,5,0.0,0.0,0.0,0.0,0.0,1.0,0.0,0.0
3,5,0.0,0.0,0.0,0.0,0.0,1.0,0.0,0.0
3,5,0.0,0.0,0.0,0.0,0.0,1.0,0.0,0.0
3,5,0.0,0.0,0.0,0.0,0.0,1.0,0.0,0.0
3,5,0.0,0.0,0.0,0.0,0.0,1.0,0.0,0.0
3,5,0.0,0.0,0.0,0.0,0.0,1.0,0.0,0.0
3,5,0.0,0.0,0.0,0.0,0.0,1.0,0.0,0.0
3,5,0.0,0.0,0.0,0.0,0.0,1.0,0.0,0.0
3,5,0.0,0.0,0.0,0.0,0.0,1.0,0.0,0.0
3,5,0.0,0.0,0.0,0.0,0.0,1.0,0.0,0.0
3,5,0.0,0.0,0.0,0.0,0.0,1.0,0.0,0.0
3,5,0.0,0.0,0.0,0.0,0.0,1.0,0.0,0.0
3,5,0.0,0.0,0.0,0.0,0.0,1.0,0.0,0.0
3,5,0.0,0.0,0.0,0.0,0.0,1.0,0.0,0.0
3,5,0.0,0.0,0.0,0.0,0.0,1.0,0.0,0.0
3,5,0.0,0.0,0.0,0.0,0.0,1.0,0.0,0.0
3,5,0.0,0.0,0.0,0.0,0.0,1.0,0.0,0.0
3,5,0.0,0.0,0.0,0.0,0.0,1.0,0.0,0.0
3,5,0.0,0.0,0.0,0.0,0.0,1.0,0.0,0.0
3,5,0.0,0.0,0.0,0.0,0.0,1.0,0.0,0.0
3,5,0.0,0.0,0.0,0.0,0.0,1.0,0.0,0.0
3,5,0.0,0.0,0.0,0.0,0.0,1.0,0.0,0.0
3,5,0.0,0.0,0.0,0.0,0.0,1.0,0.0,0.0
3,5,0.0,0.0,0.0,0.0,0.0,1.0,0.0,0.0
3,5,0.0,0.0,0.0,0.0,0.0,1.0,0.0,0.0
3,5,0.0,0.0,0.0,0.0,0.0,1.0,0.0,0.0
3,5,0.0,0.0,0.0,0.0,0.0,1.0,0.0,0.0
3,5,0.0,0.0,0.0,0.0,0.0,1.0,0.0,0.0
3,5,0.0,0.0,0.0,0.0,0.0,1.0,0.0,0.0
3,5,0.0,0.0,0.0,0.0,0.0,1.0,0.0,0.0
3,5,0.0,0.0,0.0,0.0,0.0,1.0,0.0,0.0
3,5,0.0,0.0,0.0,0.0,0.0,1.0,0.0,0.0
3,5,0.0,0.0,0.0,0.0,0.0,1.0,0.0,0.0
3,5,0.0,0.0,0.0,0.0,0.0,1.0,0.0,0.0
3,5,0.0,0.0,0.0,0.0,0.0,1.0,0.0,0.0
3,5,0.0,0.0,0.0,0.0,0.0,1.0,0.0,0.0
3,5,0.0,0.0,0.0,0.0,0.0,1.0,0.0,0.0
3,5,0.0,0.0,0.0,0.0,0.0,1.0,0.0,0.0
3,5,0.0,0.0,0.0,0.0,0.0,1.0,0.0,0.0
3,5,0.0,0.0,0.0,0.0,0.0,1.0,0.0,0.0
3,5,0.0,0.0,0.0,0.0,0.0,1.0,0.0,0.0
3,5,0.0,0.0,0.0,0.0,0.0,1.0,0.0,0.0
3,5,0.0,0.0,0.0,0.0,0.0,1.0,0.0,0.0
3,5,0.0,0.0,0.0,0.0,0.0,1.0,0.0,0.0
3,5,0.0,0.0,0.0,0.0,0.0,1.0,0.0,0.0
3,5,0.0,0.0,0.0,0.0,0.0,1.0,0.0,0.0
3,5,0.0,0.0,0.0,0.0,0.0,1.0,0.0,0.0
3,5,0.0,0.0,0.0,0.0,0.0,1.0,0.0,0.0
3,5,0.0,0.0,0.0,0.0,0.0,1.0,0.0,0.0
3,5,0.0,0.0,0.0,0.0,0.0,1.0,0.0,0.0
3,5,0.0,0.0,0.0,0.0,0.0,1.0,0.0,0.0
3,5,0.0,0.0,0.0,0.0,0.0,1.0,0.0,0.0
3,5,0.0,0.0,0.0,0.0,0.0,1.0,0.0,0.0
3,5,0.0,0.0,0.0,0.0,0.0,1.0,0.0,0.0
3,5,0.0,0.0,0.0,0.0,0.0,1.0,0.0,0.0
3,5,0.0,0.0,0.0,0.0,0.0,1.0,0.0,0.0
3,5,0.0,0.0,0.0,0.0,0.0,1.0,0.0,0.0
3,5,0.0,0.0,0.0,0.0,0.0,1.0,0.0,0.0
3,5,0.0,0.0,0.0,0.0,0.0,1.0,0.0,0.0
3,5,0.0,0.0,0.0,0.0,0.0,1.0,0.0,0.0
3,5,0.0,0.0,0.0,0.0,0.0,1.0,0.0,0.0
3,5,0.0,0.0,0.0,0.0,0.0,1.0,0.0,0.0
3,5,0.0,0.0,0.0,0.0,0.0,1.0,0.0,0.0
3,5,0.0,0.0,0.0,0.0,0.0,1.0,0.0,0.0
3,5,0.0,0.0,0.0,0.0,0.0,1.0,0.0,0.0
3,5,0.0,0.0,0.0,0.0,0.0,1.0,0.0,0.0
3,5,0.0,0.0,0.0,0.0,0.0,1.0,0.0,0.0
3,5,0.0,0.0,0.0,0.0,0.0,1.0,0.0,0.0
3,5,0.0,0.0,0.0,0.0,0.0,1.0,0.0,0.0
3,5,0.0,0.0,0.0,0.0,0.0,1.0,0.0,0.0
3,5,0.0,0.0,0.0,0.0,0.0,1.0,0.0,0.0
3,5,0.0,0.0,0.0,0.0,0.0,1.0,0.0,0.0
3,5,0.0,0.0,0.0,0.0,0.0,1.0,0.0,0.0
3,5,0.0,0.0,0.0,0.0,0.0,1.0,0.0,0.0
3,5,0.0,0.0,0.0,0.0,0.0,1.0,0.0,0.0
3,5,0.0,0.0,0.0,0.0,0.0,1.0,0.0,0.0
3,5,0.0,0.0,0.0,0.0,0.0,1.0,0.0,0.0
3,5,0.0,0.0,0.0,0.0,0.0,1.0,0.0,0.0
3,5,0.0,0.0,0.0,0.0,0.0,1.0,0.0,0.0
3,5,0.0,0.0,0.0,0.0,0.0,1.0,0.0,0.0
3,5,0.0,0.0,0.0,0.0,0.0,1.0,0.0,0.0
3,5,0.0,0.0,0.0,0.0,0.0,1.0,0.0,0.0
3,5,0.0,0.0,0.0,0.0,0.0,1.0,0.0,0.0
3,5,0.0,0.0,0.0,0.0,0.0,1.0,0.0,0.0
3,5,0.0,0.0,0.0,0.0,0.0,1.0,0.0,0.0
3,5,0.0,0.0,0.0,0.0,0.0,1.0,0.0,0.0
3,5,0.0,0.0,0.0,0.0,0.0,1.0,0.0,0.0
3,5,0.0,0.0,0.0,0.0,0.0,1.0,0.0,0.0
3,5,0.0,0.0,0.0,0.0,0.0,1.0,0.0,0.0
3,5,0.0,0.0,0.0,0.0,0.0,1.0,0.0,0.0
3,5,0.0,0.0,0.0,0.0,0.0,1.0,0.0,0.0
3,5,0.0,0.0,0.0,0.0,0.0,1.0,0.0,0.0
3,5,0.0,0.0,0.0,0.0,0.0,1.0,0.0,0.0
3,5,0.0,0.0,0.0,0.0,0.0,1.0,0.0,0.0
3,5,0.0,0.0,0.0,0.0,0.0,1.0,0.0,0.0
3,5,0.0,0.0,0.0,0.0,0.0,1.0,0.0,0.0
3,5,0.0,0.0,0.0,0.0,0.0,1.0,0.0,0.0
3,5,0.0,0.0,0.0,0.0,0.0,1.0,0.0,0.0
3,5,0.0,0.0,0.0,0.0,0.0,1.0,0.0,0.0
3,5,0.0,0.0,0.0,0.0,0.0,1.0,0.0,0.0
3,5,0.0,0.0,0.0,0.0,0.0,1.0,0.0,0.0
3,5,0.0,0.0,0.0,0.0,0.0,1.0,0.0,0.0
3,5,0.0,0.0,0.0,0.0,0.0,1.0,0.0,0.0
3,5,0.0,0.0,0.0,0.0,0.0,1.0,0.0,0.0
3,5,0.0,0.0,0.0,0.0,0.0,1.0,0.0,0.0
3,5,0.0,0.0,0.0,0.0,0.0,1.0,0.0,0.0
3,5,0.0,0.0,0.0,0.0,0.0,1.0,0.0,0.0
3,5,0.0,0.0,0.0,0.0,0.0,1.0,0.0,0.0
3,5,0.0,0.0,0.0,0.0,0.0,1.0,0.0,0.0
3,5,0.0,0.0,0.0,0.0,0.0,1.0,0.0,0.0
3,5,0.0,0.0,0.0,0.0,0.0,1.0,0.0,0.0
3,5,0.0,0.0,0.0,0.0,0.0,1.0,0.0,0.0
3,5,0.0,0.0,0.0,0.0,0.0,1.0,0.0,0.0
3,5,0.0,0.0,0.0,0.0,0.0,1.0,0.0,0.0
3,5,0.0,0.0,0.0,0.0,0.0,1.0,0.0,0.0
3,5,0.0,0.0,0.0,0.0,0.0,1.0,0.0,0.0
3,5,0.0,0.0,0.0,0.0,0.0,1.0,0.0,0.0
3,5,0.0,0.0,0.0,0.0,0.0,1.0,0.0,0.0
3,5,0.0,0.0,0.0,0.0,0.0,1.0,0.0,0.0
3,5,0.0,0.0,0.0,0.0,0.0,1.0,0.0,0.0
3,5,0.0,0.0,0.0,0.0,0.0,1.0,0.0,0.0
3,5,0.0,0.0,0.0,0.0,0.0,1.0,0.0,0.0
3,5,0.0,0.0,0.0,0.0,0.0,1.0,0.0,0.0
3,5,0.0,0.0,0.0,0.0,0.0,1.0,0.0,0.0
3,5,0.0,0.0,0.0,0.0,0.0,1.0,0.0,0.0
3,5,0.0,0.0,0.0,0.0,0.0,1.0,0.0,0.0
3,5,0.0,0.0,0.0,0.0,0.0,1.0,0.0,0.0
3,5,0.0,0.0,0.0,0.0,0.0,1.0,0.0,0.0
3,5,0.0,0.0,0.0,0.0,0.0,1.0,0.0,0.0
3,5,0.0,0.0,0.0,0.0,0.0,1.0,0.0,0.0
3,5,0.0,0.0,0.0,0.0,0.0,1.0,0.0,0.0
3,5,0.0,0.0,0.0,0.0,0.0,1.0,0.0,0.0
3,5,0.0,0.0,0.0,0.0,0.0,1.0,0.0,0.0
3,5,0.0,0.0,0.0,0.0,0.0,1.0,0.0,0.0
3,5,0.0,0.0,0.0,0.0,0.0,1.0,0.0,0.0
3,5,0.0,0.0,0.0,0.0,0.0,1.0,0.0,0.0
3,5,0.0,0.0,0.0,0.0,0.0,1.0,0.0,0.0
3,5,0.0,0.0,0.0,0.0,0.0,1.0,0.0,0.0
3,5,0.0,0.0,0.0,0.0,0.0,1.0,0.0,0.0
3,5,0.0,0.0,0.0,0.0,0.0,1.0,0.0,0.0
3,5,0.0,0.0,0.0,0.0,0.0,1.0,0.0,0.0
3,5,0.0,0.0,0.0,0.0,0.0,1.0,0.0,0.0
3,5,0.0,0.0,0.0,0.0,0.0,1.0,0.0,0.0
3,5,0.0,0.0,0.0,0.0,0.0,1.0,0.0,0.0
3,5,0.0,0.0,0.0,0.0,0.0,1.0,0.0,0.0
3,5,0.0,0.0,0.0,0.0,0.0,1.0,0.0,0.0
3,5,0.0,0.0,0.0,0.0,0.0,1.0,0.0,0.0
3,5,0.0,0.0,0.0,0.0,0.0,1.0,0.0,0.0
3,5,0.0,0.0,0.0,0.0,0.0,1.0,0.0,0.0
3,5,0.0,0.0,0.0,0.0,0.0,1.0,0.0,0.0
3,5,0.0,0.0,0.0,0.0,0.0,1.0,0.0,0.0
3,5,0.0,0.0,0.0,0.0,0.0,1.0,0.0,0.0
3,5,0.0,0.0,0.0,0.0,0.0,1.0,0.0,0.0
3,5,0.0,0.0,0.0,0.0,0.0,1.0,0.0,0.0
3,5,0.0,0.0,0.0,0.0,0.0,1.0,0.0,0.0
3,5,0.0,0.0,0.0,0.0,0.0,1.0,0.0,0.0
3,5,0.0,0.0,0.0,0.0,0.0,1.0,0.0,0.0
3,5,0.0,0.0,0.0,0.0,0.0,1.0,0.0,0.0
3,5,0.0,0.0,0.0,0.0,0.0,1.0,0.0,0.0
3,5,0.0,0.0,0.0,0.0,0.0,1.0,0.0,0.0
3,5,0.0,0.0,0.0,0.0,0.0,1.0,0.0,0.0
3,5,0.0,0.0,0.0,0.0,0.0,1.0,0.0,0.0
3,5,0.0,0.0,0.0,0.0,0.0,1.0,0.0,0.0
3,5,0.0,0.0,0.0,0.0,0.0,1.0,0.0,0.0
3,5,0.0,0.0,0.0,0.0,0.0,1.0,0.0,0.0
3,5,0.0,0.0,0.0,0.0,0.0,1.0,0.0,0.0
3,5,0.0,0.0,0.0,0.0,0.0,1.0,0.0,0.0
3,5,0.0,0.0,0.0,0.0,0.0,1.0,0.0,0.0
3,5,0.0,0.0,0.0,0.0,0.0,1.0,0.0,0.0
3,5,0.0,0.0,0.0,0.0,0.0,1.0,0.0,0.0
3,5,0.0,0.0,0.0,0.0,0.0,1.0,0.0,0.0
3,5,0.0,0.0,0.0,0.0,0.0,1.0,0.0,0.0
3,5,0.0,0.0,0.0,0.0,0.0,1.0,0.0,0.0
3,5,0.0,0.0,0.0,0.0,0.0,1.0,0.0,0.0
3,5,0.0,0.0,0.0,0.0,0.0,1.0,0.0,0.0
3,5,0.0,0.0,0.0,0.0,0.0,1.0,0.0,0.0
3,5,0.0,0.0,0.0,0.0,0.0,1.0,0.0,0.0
3,5,0.0,0.0,0.0,0.0,0.0,1.0,0.0,0.0
3,5,0.0,0.0,0.0,0.0,0.0,1.0,0.0,0.0
3,5,0.0,0.0,0.0,0.0,0.0,1.0,0.0,0.0
3,5,0.0,0.0,0.0,0.0,0.0,1.0,0.0,0.0
3,5,0.0,0.0,0.0,0.0,0.0,1.0,0.0,0.0
3,5,0.0,0.0,0.0,0.0,0.0,1.0,0.0,0.0
3,5,0.0,0.0,0.0,0.0,0.0,1.0,0.0,0.0
3,5,0.0,0.0,0.0,0.0,0.0,1.0,0.0,0.0
3,5,0.0,0.0,0.0,0.0,0.0,1.0,0.0,0.0
3,5,0.0,0.0,0.0,0.0,0.0,1.0,0.0,0.0
3,5,0.0,0.0,0.0,0.0,0.0,1.0,0.0,0.0
3,5,0.0,0.0,0.0,0.0,0.0,1.0,0.0,0.0
3,5,0.0,0.0,0.0,0.0,0.0,1.0,0.0,0.0
3,5,0.0,0.0,0.0,0.0,0.0,1.0,0.0,0.0
3,5,0.0,0.0,0.0,0.0,0.0,1.0,0.0,0.0
3,5,0.0,0.0,0.0,0.0,0.0,1.0,0.0,0.0
3,5,0.0,0.0,0.0,0.0,0.0,1.0,0.0,0.0
3,5,0.0,0.0,0.0,0.0,0.0,1.0,0.0,0.0
3,5,0.0,0.0,0.0,0.0,0.0,1.0,0.0,0.0
3,5,0.0,0.0,0.0,0.0,0.0,1.0,0.0,0.0
3,5,0.0,0.0,0.0,0.0,0.0,1.0,0.0,0.0
3,5,0.0,0.0,0.0,0.0,0.0,1.0,0.0,0.0
3,5,0.0,0.0,0.0,0.0,0.0,1.0,0.0,0.0
3,5,0.0,0.0,0.0,0.0,0.0,1.0,0.0,0.0
3,5,0.0,0.0,0.0,0.0,0.0,1.0,0.0,0.0
3,5,0.0,0.0,0.0,0.0,0.0,1.0,0.0,0.0
3,5,0.0,0.0,0.0,0.0,0.0,1.0,0.0,0.0
3,5,0.0,0.0,0.0,0.0,0.0,1.0,0.0,0.0
3,5,0.0,0.0,0.0,0.0,0.0,1.0,0.0,0.0
3,5,0.0,0.0,0.0,0.0,0.0,1.0,0.0,0.0
3,5,0.0,0.0,0.0,0.0,0.0,1.0,0.0,0.0
3,5,0.0,0.0,0.0,0.0,0.0,1.0,0.0,0.0
3,5,0.0,0.0,0.0,0.0,0.0,1.0,0.0,0.0
3,5,0.0,0.0,0.0,0.0,0.0,1.0,0.0,0.0
3,5,0.0,0.0,0.0,0.0,0.0,1.0,0.0,0.0
3,5,0.0,0.0,0.0,0.0,0.0,1.0,0.0,0.0
3,5,0.0,0.0,0.0,0.0,0.0,1.0,0.0,0.0
3,5,0.0,0.0,0.0,0.0,0.0,1.0,0.0,0.0
3,5,0.0,0.0,0.0,0.0,0.0,1.0,0.0,0.0
3,5,0.0,0.0,0.0,0.0,0.0,1.0,0.0,0.0
3,5,0.0,0.0,0.0,0.0,0.0,1.0,0.0,0.0
3,5,0.0,0.0,0.0,0.0,0.0,1.0,0.0,0.0
3,5,0.0,0.0,0.0,0.0,0.0,1.0,0.0,0.0
3,5,0.0,0.0,0.0,0.0,0.0,1.0,0.0,0.0
3,5,0.0,0.0,0.0,0.0,0.0,1.0,0.0,0.0
3,5,0.0,0.0,0.0,0.0,0.0,1.0,0.0,0.0
3,5,0.0,0.0,0.0,0.0,0.0,1.0,0.0,0.0
3,5,0.0,0.0,0.0,0.0,0.0,1.0,0.0,0.0
3,5,0.0,0.0,0.0,0.0,0.0,1.0,0.0,0.0
3,5,0.0,0.0,0.0,0.0,0.0,1.0,0.0,0.0
3,5,0.0,0.0,0.0,0.0,0.0,1.0,0.0,0.0
3,5,0.0,0.0,0.0,0.0,0.0,1.0,0.0,0.0
3,5,0.0,0.0,0.0,0.0,0.0,1.0,0.0,0.0
3,5,0.0,0.0,0.0,0.0,0.0,1.0,0.0,0.0
3,5,0.0,0.0,0.0,0.0,0.0,1.0,0.0,0.0
3,5,0.0,0.0,0.0,0.0,0.0,1.0,0.0,0.0
3,5,0.0,0.0,0.0,0.0,0.0,1.0,0.0,0.0
3,5,0.0,0.0,0.0,0.0,0.0,1.0,0.0,0.0
3,5,0.0,0.0,0.0,0.0,0.0,1.0,0.0,0.0
3,5,0.0,0.0,0.0,0.0,0.0,1.0,0.0,0.0
3,5,0.0,0.0,0.0,0.0,0.0,1.0,0.0,0.0
3,5,0.0,0.0,0.0,0.0,0.0,1.0,0.0,0.0
3,5,0.0,0.0,0.0,0.0,0.0,1.0,0.0,0.0
3,5,0.0,0.0,0.0,0.0,0.0,1.0,0.0,0.0
3,5,0.0,0.0,0.0,0.0,0.0,1.0,0.0,0.0
3,5,0.0,0.0,0.0,0.0,0.0,1.0,0.0,0.0
3,5,0.0,0.0,0.0,0.0,0.0,1.0,0.0,0.0
3,5,0.0,0.0,0.0,0.0,0.0,1.0,0.0,0.0
3,5,0.0,0.0,0.0,0.0,0.0,1.0,0.0,0.0
3,5,0.0,0.0,0.0,0.0,0.0,1.0,0.0,0.0
3,5,0.0,0.0,0.0,0.0,0.0,1.0,0.0,0.0
3,5,0.0,0.0,0.0,0.0,0.0,1.0,0.0,0.0
3,5,0.0,0.0,0.0,0.0,0.0,1.0,0.0,0.0
3,5,0.0,0.0,0.0,0.0,0.0,1.0,0.0,0.0
3,5,0.0,0.0,0.0,0.0,0.0,1.0,0.0,0.0
3,5,0.0,0.0,0.0,0.0,0.0,1.0,0.0,0.0
3,5,0.0,0.0,0.0,0.0,0.0,1.0,0.0,0.0
3,5,0.0,0.0,0.0,0.0,0.0,1.0,0.0,0.0
3,5,0.0,0.0,0.0,0.0,0.0,1.0,0.0,0.0
3,5,0.0,0.0,0.0,0.0,0.0,1.0,0.0,0.0
3,5,0.0,0.0,0.0,0.0,0.0,1.0,0.0,0.0
3,5,0.0,0.0,0.0,0.0,0.0,1.0,0.0,0.0
3,5,0.0,0.0,0.0,0.0,0.0,1.0,0.0,0.0
3,5,0.0,0.0,0.0,0.0,0.0,1.0,0.0,0.0
3,5,0.0,0.0,0.0,0.0,0.0,1.0,0.0,0.0
3,5,0.0,0.0,0.0,0.0,0.0,1.0,0.0,0.0
3,5,0.0,0.0,0.0,0.0,0.0,1.0,0.0,0.0
3,5,0.0,0.0,0.0,0.0,0.0,1.0,0.0,0.0
3,5,0.0,0.0,0.0,0.0,0.0,1.0,0.0,0.0
3,5,0.0,0.0,0.0,0.0,0.0,1.0,0.0,0.0
3,5,0.0,0.0,0.0,0.0,0.0,1.0,0.0,0.0
3,5,0.0,0.0,0.0,0.0,0.0,1.0,0.0,0.0
3,5,0.0,0.0,0.0,0.0,0.0,1.0,0.0,0.0
3,5,0.0,0.0,0.0,0.0,0.0,1.0,0.0,0.0
3,5,0.0,0.0,0.0,0.0,0.0,1.0,0.0,0.0
3,5,0.0,0.0,0.0,0.0,0.0,1.0,0.0,0.0
3,5,0.0,0.0,0.0,0.0,0.0,1.0,0.0,0.0
3,5,0.0,0.0,0.0,0.0,0.0,1.0,0.0,0.0
3,5,0.0,0.0,0.0,0.0,0.0,1.0,0.0,0.0
3,5,0.0,0.0,0.0,0.0,0.0,1.0,0.0,0.0
3,5,0.0,0.0,0.0,0.0,0.0,1.0,0.0,0.0
3,5,0.0,0.0,0.0,0.0,0.0,1.0,0.0,0.0
3,5,0.0,0.0,0.0,0.0,0.0,1.0,0.0,0.0
3,5,0.0,0.0,0.0,0.0,0.0,1.0,0.0,0.0
3,5,0.0,0.0,0.0,0.0,0.0,1.0,0.0,0.0
3,5,0.0,0.0,0.0,0.0,0.0,1.0,0.0,0.0
3,5,0.0,0.0,0.0,0.0,0.0,1.0,0.0,0.0
3,5,0.0,0.0,0.0,0.0,0.0,1.0,0.0,0.0
3,5,0.0,0.0,0.0,0.0,0.0,1.0,0.0,0.0
3,5,0.0,0.0,0.0,0.0,0.0,1.0,0.0,0.0
3,5,0.0,0.0,0.0,0.0,0.0,1.0,0.0,0.0
3,5,0.0,0.0,0.0,0.0,0.0,1.0,0.0,0.0
3,5,0.0,0.0,0.0,0.0,0.0,1.0,0.0,0.0
3,5,0.0,0.0,0.0,0.0,0.0,1.0,0.0,0.0
3,5,0.0,0.0,0.0,0.0,0.0,1.0,0.0,0.0
3,5,0.0,0.0,0.0,0.0,0.0,1.0,0.0,0.0
3,5,0.0,0.0,0.0,0.0,0.0,1.0,0.0,0.0
3,5,0.0,0.0,0.0,0.0,0.0,1.0,0.0,0.0
3,5,0.0,0.0,0.0,0.0,0.0,1.0,0.0,0.0
3,5,0.0,0.0,0.0,0.0,0.0,1.0,0.0,0.0
3,5,0.0,0.0,0.0,0.0,0.0,1.0,0.0,0.0
3,5,0.0,0.0,0.0,0.0,0.0,1.0,0.0,0.0
3,5,0.0,0.0,0.0,0.0,0.0,1.0,0.0,0.0
3,5,0.0,0.0,0.0,0.0,0.0,1.0,0.0,0.0
3,5,0.0,0.0,0.0,0.0,0.0,1.0,0.0,0.0
3,5,0.0,0.0,0.0,0.0,0.0,1.0,0.0,0.0
3,5,0.0,0.0,0.0,0.0,0.0,1.0,0.0,0.0
3,5,0.0,0.0,0.0,0.0,0.0,1.0,0.0,0.0
3,5,0.0,0.0,0.0,0.0,0.0,1.0,0.0,0.0
3,5,0.0,0.0,0.0,0.0,0.0,1.0,0.0,0.0
3,5,0.0,0.0,0.0,0.0,0.0,1.0,0.0,0.0
3,5,0.0,0.0,0.0,0.0,0.0,1.0,0.0,0.0
3,5,0.0,0.0,0.0,0.0,0.0,1.0,0.0,0.0
3,5,0.0,0.0,0.0,0.0,0.0,1.0,0.0,0.0
3,5,0.0,0.0,0.0,0.0,0.0,1.0,0.0,0.0
3,5,0.0,0.0,0.0,0.0,0.0,1.0,0.0,0.0
3,5,0.0,0.0,0.0,0.0,0.0,1.0,0.0,0.0
3,5,0.0,0.0,0.0,0.0,0.0,1.0,0.0,0.0
3,5,0.0,0.0,0.0,0.0,0.0,1.0,0.0,0.0
3,5,0.0,0.0,0.0,0.0,0.0,1.0,0.0,0.0
3,5,0.0,0.0,0.0,0.0,0.0,1.0,0.0,0.0
3,5,0.0,0.0,0.0,0.0,0.0,1.0,0.0,0.0
3,5,0.0,0.0,0.0,0.0,0.0,1.0,0.0,0.0
3,5,0.0,0.0,0.0,0.0,0.0,1.0,0.0,0.0
3,5,0.0,0.0,0.0,0.0,0.0,1.0,0.0,0.0
3,5,0.0,0.0,0.0,0.0,0.0,1.0,0.0,0.0
3,5,0.0,0.0,0.0,0.0,0.0,1.0,0.0,0.0
3,5,0.0,0.0,0.0,0.0,0.0,1.0,0.0,0.0
3,5,0.0,0.0,0.0,0.0,0.0,1.0,0.0,0.0
3,5,0.0,0.0,0.0,0.0,0.0,1.0,0.0,0.0
3,5,0.0,0.0,0.0,0.0,0.0,1.0,0.0,0.0
3,5,0.0,0.0,0.0,0.0,0.0,1.0,0.0,0.0
3,5,0.0,0.0,0.0,0.0,0.0,1.0,0.0,0.0
3,5,0.0,0.0,0.0,0.0,0.0,1.0,0.0,0.0
3,5,0.0,0.0,0.0,0.0,0.0,1.0,0.0,0.0
3,5,0.0,0.0,0.0,0.0,0.0,1.0,0.0,0.0
3,5,0.0,0.0,0.0,0.0,0.0,1.0,0.0,0.0
3,5,0.0,0.0,0.0,0.0,0.0,1.0,0.0,0.0
3,5,0.0,0.0,0.0,0.0,0.0,1.0,0.0,0.0
3,5,0.0,0.0,0.0,0.0,0.0,1.0,0.0,0.0
3,5,0.0,0.0,0.0,0.0,0.0,1.0,0.0,0.0
3,5,0.0,0.0,0.0,0.0,0.0,1.0,0.0,0.0
3,5,0.0,0.0,0.0,0.0,0.0,1.0,0.0,0.0
3,5,0.0,0.0,0.0,0.0,0.0,1.0,0.0,0.0
3,5,0.0,0.0,0.0,0.0,0.0,1.0,0.0,0.0
3,5,0.0,0.0,0.0,0.0,0.0,1.0,0.0,0.0
3,5,0.0,0.0,0.0,0.0,0.0,1.0,0.0,0.0
3,5,0.0,0.0,0.0,0.0,0.0,1.0,0.0,0.0
3,5,0.0,0.0,0.0,0.0,0.0,1.0,0.0,0.0
3,5,0.0,0.0,0.0,0.0,0.0,1.0,0.0,0.0
3,5,0.0,0.0,0.0,0.0,0.0,1.0,0.0,0.0
3,5,0.0,0.0,0.0,0.0,0.0,1.0,0.0,0.0
3,5,0.0,0.0,0.0,0.0,0.0,1.0,0.0,0.0
3,5,0.0,0.0,0.0,0.0,0.0,1.0,0.0,0.0
3,5,0.0,0.0,0.0,0.0,0.0,1.0,0.0,0.0
3,5,0.0,0.0,0.0,0.0,0.0,1.0,0.0,0.0
3,5,0.0,0.0,0.0,0.0,0.0,1.0,0.0,0.0
3,5,0.0,0.0,0.0,0.0,0.0,1.0,0.0,0.0
3,5,0.0,0.0,0.0,0.0,0.0,1.0,0.0,0.0
3,5,0.0,0.0,0.0,0.0,0.0,1.0,0.0,0.0
3,5,0.0,0.0,0.0,0.0,0.0,1.0,0.0,0.0
3,5,0.0,0.0,0.0,0.0,0.0,1.0,0.0,0.0
3,5,0.0,0.0,0.0,0.0,0.0,1.0,0.0,0.0
3,5,0.0,0.0,0.0,0.0,0.0,1.0,0.0,0.0
3,5,0.0,0.0,0.0,0.0,0.0,1.0,0.0,0.0
3,5,0.0,0.0,0.0,0.0,0.0,1.0,0.0,0.0
3,5,0.0,0.0,0.0,0.0,0.0,1.0,0.0,0.0
3,5,0.0,0.0,0.0,0.0,0.0,1.0,0.0,0.0
3,5,0.0,0.0,0.0,0.0,0.0,1.0,0.0,0.0
3,5,0.0,0.0,0.0,0.0,0.0,1.0,0.0,0.0
3,5,0.0,0.0,0.0,0.0,0.0,1.0,0.0,0.0
3,5,0.0,0.0,0.0,0.0,0.0,1.0,0.0,0.0
3,5,0.0,0.0,0.0,0.0,0.0,1.0,0.0,0.0
3,5,0.0,0.0,0.0,0.0,0.0,1.0,0.0,0.0
3,5,0.0,0.0,0.0,0.0,0.0,1.0,0.0,0.0
3,5,0.0,0.0,0.0,0.0,0.0,1.0,0.0,0.0
3,5,0.0,0.0,0.0,0.0,0.0,1.0,0.0,0.0
3,5,0.0,0.0,0.0,0.0,0.0,1.0,0.0,0.0
3,5,0.0,0.0,0.0,0.0,0.0,1.0,0.0,0.0
3,5,0.0,0.0,0.0,0.0,0.0,1.0,0.0,0.0
3,5,0.0,0.0,0.0,0.0,0.0,1.0,0.0,0.0
3,5,0.0,0.0,0.0,0.0,0.0,1.0,0.0,0.0
3,5,0.0,0.0,0.0,0.0,0.0,1.0,0.0,0.0
3,5,0.0,0.0,0.0,0.0,0.0,1.0,0.0,0.0
3,5,0.0,0.0,0.0,0.0,0.0,1.0,0.0,0.0
3,5,0.0,0.0,0.0,0.0,0.0,1.0,0.0,0.0
3,5,0.0,0.0,0.0,0.0,0.0,1.0,0.0,0.0
3,5,0.0,0.0,0.0,0.0,0.0,1.0,0.0,0.0
3,5,0.0,0.0,0.0,0.0,0.0,1.0,0.0,0.0
3,5,0.0,0.0,0.0,0.0,0.0,1.0,0.0,0.0
3,5,0.0,0.0,0.0,0.0,0.0,1.0,0.0,0.0
3,5,0.0,0.0,0.0,0.0,0.0,1.0,0.0,0.0
3,5,0.0,0.0,0.0,0.0,0.0,1.0,0.0,0.0
3,5,0.0,0.0,0.0,0.0,0.0,1.0,0.0,0.0
3,5,0.0,0.0,0.0,0.0,0.0,1.0,0.0,0.0
3,5,0.0,0.0,0.0,0.0,0.0,1.0,0.0,0.0
3,5,0.0,0.0,0.0,0.0,0.0,1.0,0.0,0.0
3,5,0.0,0.0,0.0,0.0,0.0,1.0,0.0,0.0
3,5,0.0,0.0,0.0,0.0,0.0,1.0,0.0,0.0
3,5,0.0,0.0,0.0,0.0,0.0,1.0,0.0,0.0
3,5,0.0,0.0,0.0,0.0,0.0,1.0,0.0,0.0
3,5,0.0,0.0,0.0,0.0,0.0,1.0,0.0,0.0
3,5,0.0,0.0,0.0,0.0,0.0,1.0,0.0,0.0
3,5,0.0,0.0,0.0,0.0,0.0,1.0,0.0,0.0
3,5,0.0,0.0,0.0,0.0,0.0,1.0,0.0,0.0
3,5,0.0,0.0,0.0,0.0,0.0,1.0,0.0,0.0
3,5,0.0,0.0,0.0,0.0,0.0,1.0,0.0,0.0
3,5,0.0,0.0,0.0,0.0,0.0,1.0,0.0,0.0
3,5,0.0,0.0,0.0,0.0,0.0,1.0,0.0,0.0
3,5,0.0,0.0,0.0,0.0,0.0,1.0,0.0,0.0
3,5,0.0,0.0,0.0,0.0,0.0,1.0,0.0,0.0
3,5,0.0,0.0,0.0,0.0,0.0,1.0,0.0,0.0
3,5,0.0,0.0,0.0,0.0,0.0,1.0,0.0,0.0
3,5,0.0,0.0,0.0,0.0,0.0,1.0,0.0,0.0
3,5,0.0,0.0,0.0,0.0,0.0,1.0,0.0,0.0
3,5,0.0,0.0,0.0,0.0,0.0,1.0,0.0,0.0
3,5,0.0,0.0,0.0,0.0,0.0,1.0,0.0,0.0
3,5,0.0,0.0,0.0,0.0,0.0,1.0,0.0,0.0
3,5,0.0,0.0,0.0,0.0,0.0,1.0,0.0,0.0
3,5,0.0,0.0,0.0,0.0,0.0,1.0,0.0,0.0
3,5,0.0,0.0,0.0,0.0,0.0,1.0,0.0,0.0
3,5,0.0,0.0,0.0,0.0,0.0,1.0,0.0,0.0
3,5,0.0,0.0,0.0,0.0,0.0,1.0,0.0,0.0
3,5,0.0,0.0,0.0,0.0,0.0,1.0,0.0,0.0
3,5,0.0,0.0,0.0,0.0,0.0,1.0,0.0,0.0
3,5,0.0,0.0,0.0,0.0,0.0,1.0,0.0,0.0
3,5,0.0,0.0,0.0,0.0,0.0,1.0,0.0,0.0
3,5,0.0,0.0,0.0,0.0,0.0,1.0,0.0,0.0
3,5,0.0,0.0,0.0,0.0,0.0,1.0,0.0,0.0
3,5,0.0,0.0,0.0,0.0,0.0,1.0,0.0,0.0
3,5,0.0,0.0,0.0,0.0,0.0,1.0,0.0,0.0
3,5,0.0,0.0,0.0,0.0,0.0,1.0,0.0,0.0
3,5,0.0,0.0,0.0,0.0,0.0,1.0,0.0,0.0
3,5,0.0,0.0,0.0,0.0,0.0,1.0,0.0,0.0
3,5,0.0,0.0,0.0,0.0,0.0,1.0,0.0,0.0
3,5,0.0,0.0,0.0,0.0,0.0,1.0,0.0,0.0
3,5,0.0,0.0,0.0,0.0,0.0,1.0,0.0,0.0
3,5,0.0,0.0,0.0,0.0,0.0,1.0,0.0,0.0
3,5,0.0,0.0,0.0,0.0,0.0,1.0,0.0,0.0
3,5,0.0,0.0,0.0,0.0,0.0,1.0,0.0,0.0
3,5,0.0,0.0,0.0,0.0,0.0,1.0,0.0,0.0
3,5,0.0,0.0,0.0,0.0,0.0,1.0,0.0,0.0
3,5,0.0,0.0,0.0,0.0,0.0,1.0,0.0,0.0
3,5,0.0,0.0,0.0,0.0,0.0,1.0,0.0,0.0
3,5,0.0,0.0,0.0,0.0,0.0,1.0,0.0,0.0
3,5,0.0,0.0,0.0,0.0,0.0,1.0,0.0,0.0
3,5,0.0,0.0,0.0,0.0,0.0,1.0,0.0,0.0
3,5,0.0,0.0,0.0,0.0,0.0,1.0,0.0,0.0
3,5,0.0,0.0,0.0,0.0,0.0,1.0,0.0,0.0
3,5,0.0,0.015873017,0.0,0.0,0.0,0.984127,0.0,0.0
3,5,0.0,0.015873017,0.0,0.0,0.0,0.984127,0.0,0.0
3,5,0.0,0.015873017,0.0,0.0,0.0,0.984127,0.0,0.0
3,5,0.0,0.015873017,0.0,0.0,0.0,0.984127,0.0,0.0
3,5,0.0,0.015873017,0.0,0.0,0.0,0.984127,0.0,0.0
3,5,0.0,0.015873017,0.0,0.0,0.0,0.984127,0.0,0.0
3,5,0.0,0.015873017,0.0,0.0,0.0,0.984127,0.0,0.0
3,5,0.0,0.015873017,0.0,0.0,0.0,0.984127,0.0,0.0
3,5,0.0,0.015873017,0.0,0.0,0.0,0.984127,0.0,0.0
3,5,0.0,0.015873017,0.0,0.0,0.0,0.984127,0.0,0.0
3,5,0.0,0.015873017,0.0,0.0,0.0,0.984127,0.0,0.0
3,5,0.0,0.015873017,0.0,0.0,0.0,0.984127,0.0,0.0
3,5,0.0,0.015873017,0.0,0.0,0.0,0.984127,0.0,0.0
3,5,0.0,0.015873017,0.0,0.0,0.0,0.984127,0.0,0.0
3,5,0.0,0.015873017,0.0,0.0,0.0,0.984127,0.0,0.0
3,5,0.0,0.015873017,0.0,0.0,0.0,0.984127,0.0,0.0
3,5,0.0,0.015873017,0.0,0.0,0.0,0.984127,0.0,0.0
3,5,0.0,0.015873017,0.0,0.0,0.0,0.984127,0.0,0.0
3,5,0.0,0.015873017,0.0,0.0,0.0,0.984127,0.0,0.0
3,5,0.0,0.015873017,0.0,0.0,0.0,0.984127,0.0,0.0
3,5,0.0,0.015873017,0.0,0.0,0.0,0.984127,0.0,0.0
3,5,0.0,0.015873017,0.0,0.0,0.0,0.984127,0.0,0.0
3,5,0.0,0.015873017,0.0,0.0,0.0,0.984127,0.0,0.0
3,5,0.0,0.015873017,0.0,0.0,0.0,0.984127,0.0,0.0
3,5,0.0,0.015873017,0.0,0.0,0.0,0.984127,0.0,0.0
3,5,0.0,0.015873017,0.0,0.0,0.0,0.984127,0.0,0.0
3,5,0.0,0.015873017,0.0,0.0,0.0,0.984127,0.0,0.0
3,5,0.0,0.015873017,0.0,0.0,0.0,0.984127,0.0,0.0
3,5,0.0,0.015873017,0.0,0.0,0.0,0.984127,0.0,0.0
3,5,0.0,0.015873017,0.0,0.0,0.0,0.984127,0.0,0.0
3,5,0.0,0.015873017,0.0,0.0,0.0,0.984127,0.0,0.0
3,5,0.0,0.015873017,0.0,0.0,0.0,0.984127,0.0,0.0
3,5,0.0,0.015873017,0.0,0.0,0.0,0.984127,0.0,0.0
3,5,0.0,0.015873017,0.0,0.0,0.0,0.984127,0.0,0.0
3,5,0.0,0.015873017,0.0,0.0,0.0,0.984127,0.0,0.0
3,5,0.0,0.015873017,0.0,0.0,0.0,0.984127,0.0,0.0
3,5,0.0,0.015873017,0.0,0.0,0.0,0.984127,0.0,0.0
3,5,0.0,0.015873017,0.0,0.0,0.0,0.984127,0.0,0.0
3,5,0.0,0.015873017,0.0,0.0,0.0,0.984127,0.0,0.0
3,5,0.0,0.015873017,0.0,0.0,0.0,0.984127,0.0,0.0
3,5,0.0,0.015873017,0.0,0.0,0.0,0.984127,0.0,0.0
3,5,0.0,0.015873017,0.0,0.0,0.0,0.984127,0.0,0.0
3,5,0.0,0.015873017,0.0,0.0,0.0,0.984127,0.0,0.0
3,5,0.0,0.015873017,0.0,0.0,0.0,0.984127,0.0,0.0
3,5,0.0,0.015873017,0.0,0.0,0.0,0.984127,0.0,0.0
3,5,0.0,0.015873017,0.0,0.0,0.0,0.984127,0.0,0.0
3,5,0.0,0.015873017,0.0,0.0,0.0,0.984127,0.0,0.0
3,5,0.0,0.015873017,0.0,0.0,0.0,0.984127,0.0,0.0
3,5,0.0,0.015873017,0.0,0.0,0.0,0.984127,0.0,0.0
3,5,0.0,0.015873017,0.0,0.0,0.0,0.984127,0.0,0.0
3,5,0.0,0.015873017,0.0,0.0,0.0,0.984127,0.0,0.0
3,5,0.0,0.015873017,0.0,0.0,0.0,0.984127,0.0,0.0
3,5,0.0,0.015873017,0.0,0.0,0.0,0.984127,0.0,0.0
3,5,0.0,0.015873017,0.0,0.0,0.0,0.984127,0.0,0.0
3,5,0.0,0.015873017,0.0,0.0,0.0,0.984127,0.0,0.0
3,5,0.0,0.015873017,0.0,0.0,0.0,0.984127,0.0,0.0
3,5,0.0,0.015873017,0.0,0.0,0.0,0.984127,0.0,0.0
3,5,0.0,0.015873017,0.0,0.0,0.0,0.984127,0.0,0.0
3,5,0.0,0.015873017,0.0,0.0,0.0,0.984127,0.0,0.0
3,5,0.0,0.015873017,0.0,0.0,0.0,0.984127,0.0,0.0
3,5,0.0,0.015873017,0.0,0.0,0.0,0.984127,0.0,0.0
3,5,0.0,0.015873017,0.0,0.0,0.0,0.984127,0.0,0.0
3,5,0.0,0.015873017,0.0,0.0,0.0,0.984127,0.0,0.0
3,5,0.0,0.015873017,0.0,0.0,0.0,0.984127,0.0,0.0
3,5,0.0,0.016129032,0.0,0.0,0.0,0.983871,0.0,0.0
3,5,0.0,0.016129032,0.0,0.0,0.0,0.983871,0.0,0.0
3,5,0.0,0.016393442,0.0,0.0,0.0,0.9836066,0.0,0.0
3,5,0.0,0.016393442,0.0,0.0,0.0,0.9836066,0.0,0.0
3,5,0.0,0.016393442,0.0,0.0,0.0,0.9836066,0.0,0.0
3,5,0.0,0.016393442,0.0,0.0,0.0,0.9836066,0.0,0.0
3,5,0.0,0.016393442,0.0,0.0,0.0,0.9836066,0.0,0.0
3,5,0.0,0.016393442,0.0,0.0,0.0,0.9836066,0.0,0.0
3,5,0.0,0.016393442,0.0,0.0,0.0,0.9836066,0.0,0.0
3,5,0.0,0.016393442,0.0,0.0,0.0,0.9836066,0.0,0.0
3,5,0.0,0.016393442,0.0,0.0,0.0,0.9836066,0.0,0.0
3,5,0.0,0.016393442,0.0,0.0,0.0,0.9836066,0.0,0.0
3,5,0.0,0.016393442,0.0,0.0,0.0,0.9836066,0.0,0.0
3,5,0.0,0.016393442,0.0,0.0,0.0,0.9836066,0.0,0.0
3,5,0.0,0.016393442,0.0,0.0,0.0,0.9836066,0.0,0.0
3,5,0.0,0.016393442,0.0,0.0,0.0,0.9836066,0.0,0.0
3,5,0.0,0.016129032,0.0,0.0,0.0,0.983871,0.0,0.0
3,5,0.0,0.016129032,0.0,0.0,0.0,0.983871,0.0,0.0
3,5,0.0,0.016129032,0.0,0.0,0.0,0.983871,0.0,0.0
3,5,0.0,0.016129032,0.0,0.0,0.0,0.983871,0.0,0.0
3,5,0.0,0.015625,0.0,0.0,0.0,0.984375,0.0,0.0
3,5,0.0,0.015625,0.0,0.0,0.0,0.984375,0.0,0.0
3,5,0.0,0.015625,0.0,0.0,0.0,0.984375,0.0,0.0
3,5,0.0,0.015625,0.0,0.0,0.0,0.984375,0.0,0.0
3,5,0.0,0.015625,0.0,0.0,0.0,0.984375,0.0,0.0
3,5,0.0,0.015625,0.0,0.0,0.0,0.984375,0.0,0.0
3,5,0.0,0.015625,0.0,0.0,0.0,0.984375,0.0,0.0
3,5,0.0,0.015625,0.0,0.0,0.0,0.984375,0.0,0.0
3,5,0.0,0.015625,0.0,0.0,0.0,0.984375,0.0,0.0
3,5,0.0,0.015625,0.0,0.0,0.0,0.984375,0.0,0.0
3,5,0.0,0.015625,0.0,0.0,0.0,0.984375,0.0,0.0
3,5,0.0,0.015625,0.0,0.0,0.0,0.984375,0.0,0.0
3,5,0.0,0.015625,0.0,0.0,0.0,0.984375,0.0,0.0
3,5,0.0,0.015625,0.0,0.0,0.0,0.984375,0.0,0.0
3,5,0.0,0.015625,0.0,0.0,0.0,0.984375,0.0,0.0
3,5,0.0,0.015625,0.0,0.0,0.0,0.984375,0.0,0.0
3,5,0.0,0.015625,0.0,0.0,0.0,0.984375,0.0,0.0
3,5,0.0,0.015625,0.0,0.0,0.0,0.984375,0.0,0.0
3,5,0.0,0.015625,0.0,0.0,0.0,0.984375,0.0,0.0
3,5,0.0,0.015625,0.0,0.0,0.0,0.984375,0.0,0.0
3,5,0.0,0.015625,0.015625,0.0,0.0,0.96875,0.0,0.0
3,5,0.0,0.015625,0.015625,0.0,0.0,0.96875,0.0,0.0
3,5,0.0,0.015625,0.015625,0.0,0.0,0.96875,0.0,0.0
3,5,0.0,0.015625,0.015625,0.0,0.0,0.96875,0.0,0.0
3,5,0.0,0.015625,0.015625,0.0,0.0,0.96875,0.0,0.0
3,5,0.0,0.015625,0.015625,0.0,0.0,0.96875,0.0,0.0
3,5,0.0,0.015625,0.015625,0.0,0.0,0.96875,0.0,0.0
3,5,0.0,0.015625,0.015625,0.0,0.0,0.96875,0.0,0.0
3,5,0.0,0.015625,0.015625,0.0,0.0,0.96875,0.0,0.0
3,5,0.0,0.015625,0.015625,0.0,0.0,0.96875,0.0,0.0
3,5,0.0,0.015625,0.015625,0.0,0.0,0.96875,0.0,0.0
3,5,0.0,0.015625,0.015625,0.0,0.0,0.96875,0.0,0.0
3,5,0.0,0.015625,0.015625,0.0,0.0,0.96875,0.0,0.0
3,5,0.0,0.015625,0.015625,0.0,0.0,0.96875,0.0,0.0
3,5,0.0,0.015625,0.015625,0.0,0.0,0.96875,0.0,0.0
3,5,0.0,0.015625,0.015625,0.0,0.0,0.96875,0.0,0.0
3,5,0.0,0.015625,0.015625,0.0,0.0,0.96875,0.0,0.0
3,5,0.0,0.015625,0.015625,0.0,0.0,0.96875,0.0,0.0
3,5,0.0,0.015625,0.015625,0.0,0.0,0.96875,0.0,0.0
3,5,0.0,0.015625,0.015625,0.0,0.0,0.96875,0.0,0.0
3,5,0.0,0.015873017,0.015873017,0.0,0.0,0.96825397,0.0,0.0
3,5,0.0,0.015873017,0.015873017,0.0,0.0,0.96825397,0.0,0.0
3,5,0.0,0.015873017,0.015873017,0.0,0.0,0.96825397,0.0,0.0
3,5,0.0,0.015873017,0.015873017,0.0,0.0,0.96825397,0.0,0.0
3,5,0.0,0.015873017,0.015873017,0.0,0.0,0.96825397,0.0,0.0
3,5,0.0,0.015873017,0.015873017,0.0,0.0,0.96825397,0.0,0.0
3,5,0.0,0.015873017,0.015873017,0.0,0.0,0.96825397,0.0,0.0
3,5,0.0,0.015873017,0.015873017,0.0,0.0,0.96825397,0.0,0.0
3,5,0.0,0.015873017,0.015873017,0.0,0.0,0.96825397,0.0,0.0
3,5,0.0,0.015873017,0.015873017,0.0,0.0,0.96825397,0.0,0.0
3,5,0.0,0.015873017,0.015873017,0.0,0.0,0.96825397,0.0,0.0
3,5,0.0,0.015873017,0.015873017,0.0,0.0,0.96825397,0.0,0.0
3,5,0.0,0.015873017,0.015873017,0.0,0.0,0.96825397,0.0,0.0
3,5,0.0,0.015873017,0.015873017,0.0,0.0,0.96825397,0.0,0.0
3,5,0.0,0.015873017,0.015873017,0.0,0.0,0.96825397,0.0,0.0
3,5,0.0,0.015873017,0.015873017,0.0,0.0,0.96825397,0.0,0.0
3,5,0.0,0.015873017,0.015873017,0.0,0.0,0.96825397,0.0,0.0
3,5,0.0,0.015873017,0.015873017,0.0,0.0,0.96825397,0.0,0.0
3,5,0.0,0.015873017,0.015873017,0.0,0.0,0.96825397,0.0,0.0
3,5,0.0,0.015873017,0.015873017,0.0,0.0,0.96825397,0.0,0.0
3,5,0.0,0.015625,0.015625,0.0,0.0,0.96875,0.0,0.0
3,5,0.0,0.015625,0.015625,0.0,0.0,0.96875,0.0,0.0
3,5,0.0,0.015625,0.015625,0.0,0.0,0.96875,0.0,0.0
3,5,0.0,0.015625,0.015625,0.0,0.0,0.96875,0.0,0.0
3,5,0.0,0.015625,0.015625,0.0,0.0,0.96875,0.0,0.0
3,5,0.0,0.015625,0.015625,0.0,0.0,0.96875,0.0,0.0
3,5,0.0,0.015625,0.015625,0.0,0.0,0.96875,0.0,0.0
3,5,0.0,0.015625,0.015625,0.0,0.0,0.96875,0.0,0.0
3,5,0.0,0.015625,0.015625,0.0,0.0,0.96875,0.0,0.0
3,5,0.0,0.015625,0.015625,0.0,0.0,0.96875,0.0,0.0
3,5,0.0,0.015625,0.015625,0.0,0.0,0.96875,0.0,0.0
3,5,0.0,0.015625,0.015625,0.0,0.0,0.96875,0.0,0.0
3,5,0.0,0.015625,0.015625,0.0,0.0,0.96875,0.0,0.0
3,5,0.0,0.015625,0.015625,0.0,0.0,0.96875,0.0,0.0
3,5,0.0,0.015625,0.015625,0.0,0.0,0.96875,0.0,0.0
3,5,0.0,0.015625,0.015625,0.0,0.0,0.96875,0.0,0.0
3,5,0.0,0.015625,0.015625,0.0,0.0,0.96875,0.0,0.0
3,5,0.0,0.015625,0.015625,0.0,0.0,0.96875,0.0,0.0
3,5,0.0,0.015625,0.015625,0.0,0.0,0.96875,0.0,0.0
3,5,0.0,0.015625,0.015625,0.0,0.0,0.96875,0.0,0.0
3,5,0.0,0.015625,0.015625,0.0,0.0,0.96875,0.0,0.0
3,5,0.0,0.015625,0.015625,0.0,0.0,0.96875,0.0,0.0
3,5,0.0,0.015625,0.015625,0.0,0.0,0.96875,0.0,0.0
3,5,0.0,0.015625,0.015625,0.0,0.0,0.96875,0.0,0.0
3,5,0.0,0.015873017,0.015873017,0.0,0.0,0.96825397,0.0,0.0
3,5,0.0,0.015873017,0.015873017,0.0,0.0,0.96825397,0.0,0.0
3,5,0.0,0.015873017,0.015873017,0.0,0.0,0.96825397,0.0,0.0
3,5,0.0,0.015873017,0.015873017,0.0,0.0,0.96825397,0.0,0.0
3,5,0.0,0.015873017,0.015873017,0.0,0.0,0.96825397,0.0,0.0
3,5,0.0,0.015873017,0.015873017,0.0,0.0,0.96825397,0.0,0.0
3,5,0.0,0.015873017,0.015873017,0.0,0.0,0.96825397,0.0,0.0
3,5,0.0,0.015873017,0.015873017,0.0,0.0,0.96825397,0.0,0.0
3,5,0.0,0.015873017,0.015873017,0.0,0.0,0.96825397,0.0,0.0
3,5,0.0,0.015873017,0.015873017,0.0,0.0,0.96825397,0.0,0.0
3,5,0.0,0.015873017,0.015873017,0.0,0.0,0.96825397,0.0,0.0
3,5,0.0,0.015873017,0.015873017,0.0,0.0,0.96825397,0.0,0.0
3,5,0.0,0.015873017,0.015873017,0.0,0.0,0.95238096,0.015873017,0.0
3,5,0.0,0.015873017,0.015873017,0.0,0.0,0.95238096,0.015873017,0.0
3,5,0.0,0.015873017,0.015873017,0.0,0.0,0.95238096,0.015873017,0.0
3,5,0.0,0.015873017,0.015873017,0.0,0.0,0.95238096,0.015873017,0.0
3,5,0.0,0.015873017,0.015873017,0.0,0.0,0.95238096,0.015873017,0.0
3,5,0.0,0.015873017,0.015873017,0.0,0.0,0.95238096,0.015873017,0.0
3,5,0.0,0.015873017,0.015873017,0.0,0.0,0.95238096,0.015873017,0.0
3,5,0.0,0.015873017,0.015873017,0.0,0.0,0.95238096,0.015873017,0.0
3,5,0.0,0.015873017,0.015873017,0.0,0.0,0.95238096,0.015873017,0.0
3,5,0.0,0.015873017,0.015873017,0.0,0.0,0.95238096,0.015873017,0.0
3,5,0.0,0.015873017,0.015873017,0.0,0.0,0.95238096,0.015873017,0.0
3,5,0.0,0.015873017,0.015873017,0.0,0.0,0.95238096,0.015873017,0.0
3,5,0.0,0.015873017,0.015873017,0.0,0.0,0.95238096,0.015873017,0.0
3,5,0.0,0.015873017,0.015873017,0.0,0.0,0.95238096,0.015873017,0.0
3,5,0.0,0.015873017,0.015873017,0.0,0.0,0.95238096,0.015873017,0.0
3,5,0.0,0.015873017,0.015873017,0.0,0.0,0.95238096,0.015873017,0.0
3,5,0.0,0.015873017,0.015873017,0.0,0.0,0.95238096,0.015873017,0.0
3,5,0.0,0.015873017,0.015873017,0.0,0.0,0.95238096,0.015873017,0.0
3,5,0.0,0.015873017,0.015873017,0.0,0.0,0.95238096,0.015873017,0.0
3,5,0.0,0.015873017,0.015873017,0.0,0.0,0.95238096,0.015873017,0.0
3,5,0.0,0.015873017,0.015873017,0.0,0.0,0.95238096,0.015873017,0.0
3,5,0.0,0.015873017,0.015873017,0.0,0.0,0.95238096,0.015873017,0.0
3,5,0.0,0.015873017,0.015873017,0.0,0.0,0.95238096,0.015873017,0.0
3,5,0.0,0.015873017,0.015873017,0.0,0.0,0.95238096,0.015873017,0.0
3,5,0.0,0.031746034,0.015873017,0.0,0.0,0.93650794,0.015873017,0.0
3,5,0.0,0.031746034,0.015873017,0.0,0.0,0.93650794,0.015873017,0.0
3,5,0.0,0.031746034,0.015873017,0.0,0.0,0.93650794,0.015873017,0.0
3,5,0.0,0.031746034,0.015873017,0.0,0.0,0.93650794,0.015873017,0.0
3,5,0.0,0.031746034,0.015873017,0.0,0.0,0.93650794,0.015873017,0.0
3,5,0.0,0.031746034,0.015873017,0.0,0.0,0.93650794,0.015873017,0.0
3,5,0.0,0.031746034,0.015873017,0.0,0.0,0.9206349,0.031746034,0.0
3,5,0.0,0.031746034,0.015873017,0.0,0.0,0.9206349,0.031746034,0.0
3,5,0.0,0.031746034,0.015873017,0.0,0.0,0.9206349,0.031746034,0.0
3,5,0.0,0.031746034,0.015873017,0.0,0.0,0.9206349,0.031746034,0.0
3,5,0.0,0.031746034,0.015873017,0.0,0.0,0.9206349,0.031746034,0.0
3,5,0.0,0.031746034,0.015873017,0.0,0.0,0.9206349,0.031746034,0.0
3,5,0.0,0.031746034,0.015873017,0.0,0.0,0.9206349,0.031746034,0.0
3,5,0.0,0.031746034,0.015873017,0.0,0.0,0.9206349,0.031746034,0.0
3,5,0.0,0.031746034,0.015873017,0.0,0.0,0.9206349,0.031746034,0.0
3,5,0.0,0.031746034,0.015873017,0.0,0.0,0.9206349,0.031746034,0.0
3,5,0.0,0.031746034,0.015873017,0.0,0.0,0.9206349,0.031746034,0.0
3,5,0.0,0.031746034,0.015873017,0.0,0.0,0.9206349,0.031746034,0.0
3,5,0.0,0.031746034,0.015873017,0.0,0.0,0.9206349,0.031746034,0.0
3,5,0.0,0.031746034,0.015873017,0.0,0.0,0.9206349,0.031746034,0.0
3,5,0.0,0.031746034,0.015873017,0.0,0.0,0.8888889,0.06349207,0.0
3,5,0.0,0.031746034,0.015873017,0.0,0.0,0.8888889,0.06349207,0.0
3,5,0.0,0.031746034,0.015873017,0.0,0.0,0.8888889,0.06349207,0.0
3,5,0.0,0.031746034,0.015873017,0.0,0.0,0.8888889,0.06349207,0.0
3,5,0.0,0.031746034,0.015873017,0.0,0.0,0.8730159,0.07936508,0.0
3,5,0.0,0.031746034,0.015873017,0.0,0.0,0.85714287,0.0952381,0.0
3,5,0.0,0.031746034,0.015873017,0.0,0.0,0.85714287,0.0952381,0.0
3,5,0.0,0.031746034,0.015873017,0.0,0.0,0.85714287,0.0952381,0.0
3,5,0.0,0.031746034,0.015873017,0.0,0.0,0.85714287,0.0952381,0.0
3,5,0.0,0.031746034,0.015873017,0.0,0.0,0.85714287,0.0952381,0.0
3,5,0.0,0.031746034,0.015873017,0.0,0.0,0.85714287,0.0952381,0.0
3,5,0.0,0.031746034,0.015873017,0.0,0.0,0.85714287,0.0952381,0.0
3,5,0.0,0.031746034,0.015873017,0.0,0.0,0.85714287,0.0952381,0.0
3,5,0.0,0.031746034,0.015873017,0.0,0.0,0.85714287,0.0952381,0.0
3,5,0.0,0.031746034,0.015873017,0.0,0.0,0.85714287,0.0952381,0.0
3,5,0.0,0.031746034,0.015873017,0.0,0.0,0.85714287,0.0952381,0.0
3,5,0.0,0.032258064,0.032258064,0.0,0.016129032,0.7903226,0.12903225,0.0
3,5,0.0,0.032258064,0.032258064,0.0,0.016129032,0.7903226,0.12903225,0.0
3,5,0.0,0.032258064,0.032258064,0.0,0.016129032,0.7741935,0.14516129,0.0
3,5,0.0,0.032258064,0.032258064,0.0,0.016129032,0.7741935,0.14516129,0.0
3,5,0.0,0.032258064,0.032258064,0.0,0.016129032,0.7580645,0.16129032,0.0
3,5,0.0,0.032258064,0.032258064,0.0,0.016129032,0.7580645,0.16129032,0.0
3,5,0.0,0.032258064,0.032258064,0.0,0.016129032,0.7580645,0.16129032,0.0
3,5,0.0,0.032258064,0.032258064,0.0,0.016129032,0.7580645,0.16129032,0.0
3,5,0.0,0.032258064,0.032258064,0.0,0.016129032,0.7419355,0.17741935,0.0
3,5,0.0,0.032258064,0.032258064,0.0,0.016129032,0.7419355,0.17741935,0.0
3,5,0.0,0.032258064,0.032258064,0.0,0.016129032,0.7419355,0.17741935,0.0
3,5,0.0,0.032258064,0.032258064,0.0,0.016129032,0.7419355,0.17741935,0.0
3,5,0.0,0.032258064,0.032258064,0.0,0.016129032,0.7096774,0.19354838,0.016129032
3,5,0.0,0.032258064,0.032258064,0.0,0.016129032,0.7096774,0.19354838,0.016129032
3,5,0.0,0.032258064,0.032258064,0.0,0.016129032,0.7096774,0.19354838,0.016129032
3,5,0.0,0.032258064,0.032258064,0.0,0.016129032,0.7096774,0.19354838,0.016129032
3,5,0.0,0.032258064,0.016129032,0.0,0.016129032,0.7096774,0.19354838,0.032258064
3,5,0.0,0.032258064,0.016129032,0.0,0.016129032,0.6935484,0.20967741,0.032258064
3,5,0.0,0.032258064,0.016129032,0.0,0.016129032,0.6935484,0.20967741,0.032258064
3,5,0.0,0.032258064,0.016129032,0.0,0.016129032,0.6935484,0.20967741,0.032258064
3,5,0.0,0.032258064,0.016129032,0.0,0.016129032,0.6935484,0.20967741,0.032258064
3,5,0.0,0.032258064,0.016129032,0.0,0.016129032,0.6935484,0.20967741,0.032258064
3,5,0.0,0.032258064,0.016129032,0.0,0.016129032,0.6935484,0.20967741,0.032258064
3,5,0.0,0.032258064,0.016129032,0.0,0.016129032,0.6935484,0.20967741,0.032258064
3,5,0.0,0.032258064,0.06451613,0.0,0.016129032,0.5483871,0.2580645,0.08064516
3,5,0.0,0.032258064,0.06451613,0.0,0.016129032,0.5483871,0.2580645,0.08064516
3,5,0.0,0.032258064,0.06451613,0.0,0.016129032,0.5483871,0.2580645,0.08064516
3,5,0.0,0.032258064,0.06451613,0.0,0.016129032,0.5483871,0.2580645,0.08064516
3,5,0.0,0.032258064,0.06451613,0.0,0.016129032,0.5483871,0.2580645,0.08064516
3,5,0.0,0.032258064,0.06451613,0.0,0.016129032,0.5483871,0.2580645,0.08064516
3,5,0.0,0.032258064,0.06451613,0.0,0.016129032,0.5483871,0.2580645,0.08064516
3,5,0.0,0.032258064,0.06451613,0.0,0.016129032,0.5322581,0.27419356,0.08064516
3,5,0.0,0.031746034,0.06349207,0.0,0.015873017,0.4920635,0.26984128,0.12698413
3,5,0.0,0.031746034,0.06349207,0.0,0.015873017,0.4920635,0.26984128,0.12698413
3,5,0.0,0.031746034,0.06349207,0.0,0.015873017,0.4920635,0.26984128,0.12698413
3,5,0.0,0.031746034,0.06349207,0.0,0.015873017,0.4920635,0.26984128,0.12698413
3,5,0.0,0.031746034,0.06349207,0.0,0.015873017,0.4920635,0.26984128,0.12698413
3,5,0.0,0.031746034,0.06349207,0.0,0.015873017,0.4920635,0.26984128,0.12698413
3,5,0.0,0.031746034,0.06349207,0.0,0.015873017,0.4920635,0.26984128,0.12698413
3,5,0.0,0.031746034,0.06349207,0.0,0.015873017,0.46031746,0.2857143,0.14285715
3,5,0.0,0.031746034,0.06349207,0.0,0.015873017,0.42857143,0.3015873,0.15873016
3,5,0.0,0.031746034,0.06349207,0.0,0.015873017,0.42857143,0.3015873,0.15873016
3,5,0.0,0.032258064,0.06451613,0.0,0.016129032,0.41935483,0.30645162,0.16129032
3,5,0.0,0.032258064,0.06451613,0.0,0.016129032,0.41935483,0.30645162,0.16129032
3,5,0.0,0.032258064,0.06451613,0.0,0.016129032,0.41935483,0.30645162,0.16129032
3,5,0.0,0.032258064,0.06451613,0.0,0.016129032,0.41935483,0.30645162,0.16129032
3,5,0.0,0.032258064,0.06451613,0.0,0.016129032,0.41935483,0.30645162,0.16129032
3,5,0.0,0.032258064,0.06451613,0.0,0.016129032,0.41935483,0.30645162,0.16129032
3,5,0.0,0.032786883,0.08196721,0.0,0.032786883,0.36065573,0.3114754,0.18032786
3,5,0.0,0.032786883,0.08196721,0.0,0.032786883,0.36065573,0.3114754,0.18032786
3,5,0.0,0.032786883,0.08196721,0.0,0.032786883,0.36065573,0.3114754,0.18032786
3,5,0.0,0.032786883,0.08196721,0.0,0.032786883,0.36065573,0.3114754,0.18032786
3,5,0.0,0.032786883,0.08196721,0.0,0.032786883,0.36065573,0.3114754,0.18032786
3,5,0.0,0.032786883,0.08196721,0.0,0.032786883,0.36065573,0.3114754,0.18032786
3,5,0.0,0.032786883,0.08196721,0.0,0.032786883,0.3114754,0.3114754,0.22950819
3,5,0.0,0.032786883,0.08196721,0.0,0.032786883,0.3114754,0.3114754,0.22950819
3,5,0.0,0.032786883,0.08196721,0.0,0.032786883,0.3114754,0.3114754,0.22950819
3,5,0.0,0.032786883,0.08196721,0.0,0.032786883,0.3114754,0.3114754,0.22950819
3,5,0.0,0.032786883,0.08196721,0.0,0.032786883,0.3114754,0.3114754,0.22950819
3,5,0.0,0.032786883,0.08196721,0.0,0.032786883,0.3114754,0.3114754,0.22950819
3,6,0.0,0.032258064,0.08064516,0.0,0.032258064,0.29032257,0.30645162,0.2580645
3,6,0.0,0.032258064,0.08064516,0.0,0.032258064,0.29032257,0.30645162,0.2580645
4,6,0.0,0.032258064,0.08064516,0.0,0.032258064,0.29032257,0.30645162,0.2580645
4,6,0.0,0.032258064,0.08064516,0.0,0.032258064,0.29032257,0.30645162,0.2580645
4,6,0.0,0.032258064,0.08064516,0.0,0.032258064,0.20967741,0.3548387,0.29032257
4,6,0.0,0.032258064,0.08064516,0.0,0.032258064,0.20967741,0.3548387,0.29032257
4,6,0.0,0.032258064,0.08064516,0.0,0.032258064,0.20967741,0.3548387,0.29032257
4,6,0.0,0.032258064,0.08064516,0.0,0.032258064,0.20967741,0.3548387,0.29032257
4,6,0.0,0.032258064,0.09677419,0.0,0.032258064,0.16129032,0.3548387,0.32258064
4,6,0.0,0.032258064,0.09677419,0.0,0.032258064,0.16129032,0.3548387,0.32258064
4,6,0.0,0.032258064,0.09677419,0.0,0.032258064,0.16129032,0.3548387,0.32258064
4,6,0.0,0.032258064,0.09677419,0.0,0.032258064,0.14516129,0.37096775,0.32258064
4,6,0.0,0.031746034,0.0952381,0.0,0.031746034,0.14285715,0.36507937,0.33333334
4,6,0.0,0.031746034,0.0952381,0.0,0.031746034,0.12698413,0.36507937,0.34920636
4,6,0.0,0.031746034,0.0952381,0.0,0.031746034,0.12698413,0.36507937,0.34920636
4,6,0.0,0.031746034,0.0952381,0.0,0.031746034,0.12698413,0.36507937,0.34920636
4,6,0.0,0.031746034,0.0952381,0.0,0.031746034,0.11111111,0.3809524,0.34920636
4,6,0.0,0.031746034,0.0952381,0.0,0.031746034,0.11111111,0.3809524,0.34920636
4,6,0.0,0.031746034,0.0952381,0.0,0.031746034,0.11111111,0.3809524,0.34920636
4,6,0.0,0.031746034,0.0952381,0.0,0.031746034,0.11111111,0.3809524,0.34920636
4,6,0.0,0.031746034,0.0952381,0.0,0.031746034,0.11111111,0.3809524,0.34920636
4,6,0.0,0.031746034,0.0952381,0.0,0.031746034,0.11111111,0.3809524,0.34920636
4,6,0.0,0.031746034,0.0952381,0.0,0.031746034,0.11111111,0.3809524,0.34920636
4,6,0.0,0.031746034,0.0952381,0.0,0.031746034,0.11111111,0.3809524,0.34920636
4,6,0.0,0.031746034,0.0952381,0.0,0.031746034,0.11111111,0.3809524,0.34920636
4,6,0.0,0.031746034,0.0952381,0.0,0.031746034,0.11111111,0.3809524,0.34920636
4,6,0.0,0.031746034,0.0952381,0.0,0.031746034,0.11111111,0.3809524,0.34920636
4,6,0.0,0.031746034,0.0952381,0.0,0.031746034,0.11111111,0.3809524,0.34920636
4,6,0.0,0.031746034,0.0952381,0.0,0.031746034,0.11111111,0.3809524,0.34920636
4,6,0.0,0.031746034,0.0952381,0.0,0.031746034,0.11111111,0.3809524,0.34920636
4,6,0.0,0.031746034,0.0952381,0.0,0.031746034,0.11111111,0.3809524,0.34920636
4,6,0.0,0.031746034,0.0952381,0.0,0.031746034,0.11111111,0.3809524,0.34920636
4,6,0.0,0.031746034,0.0952381,0.0,0.031746034,0.11111111,0.3809524,0.34920636
4,6,0.0,0.031746034,0.0952381,0.0,0.031746034,0.11111111,0.3809524,0.34920636
4,6,0.0,0.031746034,0.0952381,0.0,0.031746034,0.0952381,0.3968254,0.34920636
4,6,0.0,0.031746034,0.0952381,0.0,0.031746034,0.0952381,0.3809524,0.36507937
4,7,0.0,0.03125,0.109375,0.0,0.0,0.046875,0.328125,0.484375
4,7,0.0,0.03125,0.109375,0.0,0.0,0.046875,0.328125,0.484375
4,7,0.0,0.03125,0.109375,0.0,0.0,0.046875,0.328125,0.484375
4,7,0.0,0.03125,0.109375,0.0,0.0,0.046875,0.328125,0.484375
4,7,0.0,0.03125,0.109375,0.0,0.0,0.046875,0.328125,0.484375
4,7,0.0,0.03125,0.109375,0.0,0.0,0.046875,0.328125,0.484375
4,7,0.0,0.03125,0.109375,0.0,0.0,0.046875,0.328125,0.484375
4,7,0.0,0.03125,0.109375,0.0,0.0,0.046875,0.328125,0.484375
4,7,0.0,0.03125,0.109375,0.0,0.0,0.03125,0.34375,0.484375
4,7,0.0,0.03125,0.109375,0.0,0.0,0.03125,0.34375,0.484375
4,7,0.0,0.03125,0.109375,0.0,0.0,0.03125,0.34375,0.484375
4,7,0.0,0.03125,0.109375,0.0,0.0,0.03125,0.34375,0.484375
4,7,0.0,0.03125,0.109375,0.0,0.0,0.03125,0.34375,0.484375
4,7,0.0,0.03125,0.109375,0.0,0.0,0.03125,0.34375,0.484375
4,7,0.0,0.03125,0.109375,0.0,0.0,0.015625,0.359375,0.484375
4,7,0.0,0.03125,0.109375,0.0,0.0,0.015625,0.359375,0.484375
4,7,0.0,0.03125,0.109375,0.0,0.0,0.015625,0.328125,0.515625
4,7,0.0,0.03125,0.109375,0.0,0.0,0.015625,0.328125,0.515625
4,7,0.0,0.015625,0.109375,0.0,0.0,0.015625,0.3125,0.546875
4,7,0.0,0.015625,0.109375,0.0,0.0,0.015625,0.3125,0.546875
4,7,0.0,0.015625,0.109375,0.0,0.0,0.015625,0.3125,0.546875
4,7,0.0,0.015625,0.109375,0.0,0.0,0.015625,0.3125,0.546875
4,7,0.0,0.015625,0.109375,0.0,0.0,0.015625,0.3125,0.546875
4,7,0.0,0.015625,0.109375,0.0,0.0,0.015625,0.3125,0.546875
4,7,0.0,0.015625,0.09375,0.0,0.0,0.0,0.296875,0.59375
4,7,0.0,0.015625,0.09375,0.0,0.0,0.0,0.296875,0.59375
4,7,0.0,0.015625,0.09375,0.0,0.0,0.0,0.296875,0.59375
4,7,0.0,0.015625,0.09375,0.0,0.0,0.0,0.296875,0.59375
4,7,0.0,0.015625,0.09375,0.0,0.0,0.0,0.28125,0.609375
4,7,0.0,0.015625,0.09375,0.0,0.0,0.0,0.28125,0.609375
4,7,0.0,0.015625,0.09375,0.0,0.0,0.0,0.28125,0.609375
4,7,0.0,0.015625,0.09375,0.0,0.0,0.0,0.28125,0.609375
4,7,0.0,0.015625,0.09375,0.0,0.0,0.0,0.28125,0.609375
4,7,0.0,0.015625,0.09375,0.0,0.0,0.0,0.28125,0.609375
4,7,0.0,0.015625,0.09375,0.0,0.0,0.0,0.28125,0.609375
4,7,0.0,0.015625,0.09375,0.0,0.0,0.0,0.28125,0.609375
4,7,0.0,0.015625,0.09375,0.0,0.0,0.0,0.28125,0.609375
4,7,0.0,0.015625,0.09375,0.0,0.0,0.0,0.28125,0.609375
4,7,0.0,0.015625,0.09375,0.0,0.0,0.0,0.25,0.640625
4,7,0.0,0.015625,0.09375,0.0,0.0,0.0,0.25,0.640625
4,7,0.0,0.015625,0.09375,0.0,0.0,0.0,0.25,0.640625
4,7,0.0,0.015625,0.09375,0.0,0.0,0.0,0.25,0.640625
4,7,0.0,0.015625,0.09375,0.0,0.0,0.0,0.25,0.640625
4,7,0.0,0.015625,0.09375,0.0,0.0,0.0,0.25,0.640625
4,7,0.0,0.015625,0.09375,0.0,0.0,0.0,0.25,0.640625
4,7,0.0,0.015625,0.09375,0.0,0.0,0.0,0.25,0.640625
4,7,0.0,0.015625,0.09375,0.0,0.0,0.0,0.25,0.640625
4,7,0.0,0.015625,0.09375,0.0,0.0,0.0,0.25,0.640625
4,7,0.0,0.015625,0.09375,0.0,0.0,0.0,0.15625,0.734375
4,7,0.0,0.015625,0.09375,0.0,0.0,0.0,0.15625,0.734375
4,7,0.0,0.015625,0.09375,0.0,0.0,0.0,0.15625,0.734375
4,7,0.0,0.015625,0.09375,0.0,0.0,0.0,0.15625,0.734375
4,7,0.0,0.015625,0.09375,0.0,0.0,0.0,0.15625,0.734375
4,7,0.0,0.015625,0.09375,0.0,0.0,0.0,0.15625,0.734375
4,7,0.0,0.015625,0.09375,0.0,0.0,0.0,0.15625,0.734375
4,7,0.0,0.015625,0.09375,0.0,0.0,0.0,0.15625,0.734375
4,7,0.0,0.015625,0.09375,0.0,0.0,0.0,0.140625,0.75
4,7,0.0,0.015625,0.09375,0.0,0.0,0.0,0.140625,0.75
4,7,0.0,0.015625,0.09375,0.0,0.0,0.0,0.140625,0.75
4,7,0.0,0.015625,0.09375,0.0,0.0,0.0,0.140625,0.75
4,7,0.0,0.015625,0.09375,0.0,0.0,0.0,0.140625,0.75
4,7,0.0,0.015625,0.09375,0.0,0.0,0.0,0.125,0.765625
4,7,0.0,0.015625,0.09375,0.0,0.0,0.0,0.125,0.765625
4,7,0.0,0.015625,0.09375,0.0,0.0,0.0,0.125,0.765625
4,7,0.0,0.015625,0.09375,0.0,0.0,0.0,0.09375,0.796875
4,7,0.0,0.015625,0.09375,0.0,0.0,0.0,0.09375,0.796875
4,7,0.0,0.015625,0.09375,0.0,0.0,0.0,0.09375,0.796875
4,7,0.0,0.015625,0.09375,0.0,0.0,0.0,0.09375,0.796875
4,7,0.0,0.015625,0.09375,0.0,0.0,0.0,0.09375,0.796875
4,7,0.0,0.015625,0.09375,0.0,0.0,0.0,0.09375,0.796875
4,7,0.0,0.015625,0.09375,0.0,0.0,0.0,0.09375,0.796875
4,7,0.0,0.015625,0.09375,0.0,0.0,0.0,0.09375,0.796875
4,7,0.0,0.015625,0.09375,0.0,0.0,0.0,0.0625,0.828125
4,7,0.0,0.015625,0.09375,0.0,0.0,0.0,0.0625,0.828125
4,7,0.0,0.015625,0.09375,0.0,0.0,0.0,0.0625,0.828125
4,7,0.0,0.015625,0.09375,0.0,0.0,0.0,0.0625,0.828125
4,7,0.0,0.015625,0.09375,0.0,0.0,0.0,0.0625,0.828125
4,7,0.0,0.015625,0.09375,0.0,0.0,0.0,0.0625,0.828125
4,7,0.0,0.015625,0.09375,0.0,0.0,0.0,0.0625,0.828125
4,7,0.0,0.015625,0.09375,0.0,0.0,0.0,0.0625,0.828125
4,7,0.0,0.015625,0.09375,0.0,0.0,0.0,0.0625,0.828125
4,7,0.0,0.015625,0.09375,0.0,0.0,0.0,0.0625,0.828125
4,7,0.0,0.015625,0.09375,0.0,0.0,0.0,0.0625,0.828125
4,7,0.0,0.015625,0.09375,0.0,0.0,0.0,0.0625,0.828125
4,7,0.0,0.015625,0.09375,0.0,0.0,0.0,0.0625,0.828125
4,7,0.0,0.015625,0.09375,0.0,0.0,0.0,0.0625,0.828125
4,7,0.0,0.015625,0.09375,0.0,0.0,0.0,0.0625,0.828125
4,7,0.0,0.015625,0.09375,0.0,0.0,0.0,0.0625,0.828125
4,7,0.0,0.015625,0.09375,0.0,0.0,0.0,0.0625,0.828125
4,7,0.0,0.015625,0.09375,0.0,0.0,0.0,0.0625,0.828125
4,7,0.0,0.015625,0.09375,0.0,0.0,0.0,0.0625,0.828125
4,7,0.0,0.015625,0.09375,0.0,0.0,0.0,0.0625,0.828125
4,7,0.0,0.015625,0.09375,0.0,0.0,0.0,0.0625,0.828125
4,7,0.0,0.015625,0.09375,0.0,0.0,0.0,0.0625,0.828125
4,7,0.0,0.015625,0.09375,0.0,0.0,0.0,0.0625,0.828125
4,7,0.0,0.015625,0.09375,0.0,0.0,0.0,0.0625,0.828125
4,7,0.0,0.015625,0.078125,0.0,0.0,0.0,0.0625,0.84375
4,7,0.0,0.015625,0.078125,0.0,0.0,0.0,0.046875,0.859375
4,7,0.0,0.015625,0.078125,0.0,0.0,0.0,0.046875,0.859375
4,7,0.0,0.015625,0.078125,0.0,0.0,0.0,0.046875,0.859375
4,7,0.0,0.015625,0.078125,0.0,0.0,0.0,0.046875,0.859375
4,7,0.0,0.015625,0.078125,0.0,0.0,0.0,0.046875,0.859375
4,7,0.0,0.015625,0.078125,0.0,0.0,0.0,0.046875,0.859375
4,7,0.0,0.015625,0.078125,0.0,0.0,0.0,0.046875,0.859375
4,7,0.0,0.015625,0.078125,0.0,0.0,0.0,0.046875,0.859375
4,7,0.0,0.015625,0.078125,0.0,0.0,0.0,0.046875,0.859375
4,7,0.0,0.015625,0.078125,0.0,0.0,0.0,0.046875,0.859375
4,7,0.0,0.015625,0.078125,0.0,0.0,0.0,0.046875,0.859375
4,7,0.0,0.015625,0.078125,0.0,0.0,0.0,0.046875,0.859375
4,7,0.0,0.015625,0.078125,0.0,0.0,0.0,0.046875,0.859375
4,7,0.0,0.015625,0.078125,0.0,0.0,0.0,0.046875,0.859375
4,7,0.0,0.015625,0.078125,0.0,0.0,0.0,0.046875,0.859375
4,7,0.0,0.015625,0.078125,0.0,0.0,0.0,0.046875,0.859375
4,7,0.0,0.015625,0.078125,0.0,0.0,0.0,0.046875,0.859375
4,7,0.0,0.015625,0.078125,0.0,0.0,0.0,0.046875,0.859375
4,7,0.0,0.015625,0.078125,0.0,0.0,0.0,0.046875,0.859375
4,7,0.0,0.015625,0.078125,0.0,0.0,0.0,0.046875,0.859375
4,7,0.0,0.015625,0.078125,0.0,0.0,0.0,0.046875,0.859375
4,7,0.0,0.015625,0.078125,0.0,0.0,0.0,0.046875,0.859375
4,7,0.0,0.015625,0.078125,0.0,0.0,0.0,0.046875,0.859375
4,7,0.0,0.015625,0.078125,0.0,0.0,0.0,0.046875,0.859375
4,7,0.0,0.015625,0.078125,0.0,0.0,0.0,0.046875,0.859375
4,7,0.0,0.015625,0.078125,0.0,0.0,0.0,0.046875,0.859375
4,7,0.0,0.015625,0.078125,0.0,0.0,0.0,0.046875,0.859375
4,7,0.0,0.015625,0.078125,0.0,0.0,0.0,0.046875,0.859375
4,7,0.0,0.015625,0.078125,0.0,0.0,0.0,0.046875,0.859375
4,7,0.0,0.015625,0.078125,0.0,0.0,0.0,0.03125,0.875
4,7,0.0,0.015625,0.078125,0.0,0.0,0.0,0.03125,0.875
4,7,0.0,0.015625,0.078125,0.0,0.0,0.0,0.015625,0.890625
4,7,0.0,0.015625,0.078125,0.0,0.0,0.0,0.015625,0.890625
4,7,0.0,0.015625,0.078125,0.0,0.0,0.0,0.015625,0.890625
4,7,0.0,0.015625,0.078125,0.0,0.0,0.0,0.015625,0.890625
4,7,0.0,0.015625,0.078125,0.0,0.0,0.0,0.015625,0.890625
4,7,0.0,0.015625,0.078125,0.0,0.0,0.0,0.015625,0.890625
4,7,0.0,0.015625,0.078125,0.0,0.0,0.0,0.015625,0.890625
4,7,0.0,0.015625,0.078125,0.0,0.0,0.0,0.015625,0.890625
4,7,0.0,0.015625,0.078125,0.0,0.0,0.0,0.015625,0.890625
4,7,0.0,0.015625,0.078125,0.0,0.0,0.0,0.015625,0.890625
4,7,0.0,0.015625,0.078125,0.0,0.0,0.0,0.015625,0.890625
4,7,0.0,0.015625,0.078125,0.0,0.0,0.0,0.015625,0.890625
4,7,0.0,0.015625,0.078125,0.0,0.0,0.0,0.015625,0.890625
4,7,0.0,0.015625,0.078125,0.0,0.0,0.0,0.015625,0.890625
4,7,0.0,0.015625,0.078125,0.0,0.0,0.0,0.015625,0.890625
4,7,0.0,0.015625,0.078125,0.0,0.0,0.0,0.015625,0.890625
4,7,0.0,0.015625,0.109375,0.0,0.0,0.0,0.0,0.875
4,7,0.0,0.015625,0.109375,0.0,0.0,0.0,0.0,0.875
4,7,0.0,0.015625,0.109375,0.0,0.0,0.0,0.0,0.875
4,7,0.0,0.015625,0.109375,0.0,0.0,0.0,0.0,0.875
4,7,0.0,0.015625,0.109375,0.0,0.0,0.0,0.0,0.875
4,7,0.0,0.015625,0.109375,0.0,0.0,0.0,0.0,0.875
4,7,0.0,0.015625,0.109375,0.0,0.0,0.0,0.0,0.875
4,7,0.0,0.015625,0.109375,0.0,0.0,0.0,0.0,0.875
4,7,0.0,0.015625,0.109375,0.0,0.0,0.0,0.0,0.875
4,7,0.0,0.015625,0.109375,0.0,0.0,0.0,0.0,0.875
4,7,0.0,0.015625,0.109375,0.0,0.0,0.0,0.0,0.875
4,7,0.0,0.015625,0.109375,0.0,0.0,0.0,0.0,0.875
4,7,0.0,0.015625,0.109375,0.0,0.0,0.0,0.0,0.875
4,7,0.0,0.015625,0.109375,0.0,0.0,0.0,0.0,0.875
4,7,0.0,0.015625,0.109375,0.0,0.0,0.0,0.0,0.875
4,7,0.0,0.015625,0.109375,0.0,0.0,0.0,0.0,0.875
4,7,0.0,0.015625,0.109375,0.0,0.0,0.0,0.0,0.875
4,7,0.0,0.015625,0.109375,0.0,0.0,0.0,0.0,0.875
4,7,0.0,0.015625,0.109375,0.0,0.0,0.0,0.0,0.875
4,7,0.0,0.015625,0.109375,0.0,0.0,0.0,0.0,0.875
4,7,0.0,0.015625,0.109375,0.0,0.0,0.0,0.0,0.875
4,7,0.0,0.015625,0.109375,0.0,0.0,0.0,0.0,0.875
4,7,0.0,0.015625,0.109375,0.0,0.0,0.0,0.0,0.875
4,7,0.0,0.015625,0.109375,0.0,0.0,0.0,0.0,0.875
4,7,0.0,0.0,0.109375,0.0,0.0,0.0,0.0,0.890625
4,7,0.0,0.0,0.109375,0.0,0.0,0.0,0.0,0.890625
4,7,0.0,0.0,0.109375,0.0,0.0,0.0,0.0,0.890625
4,7,0.0,0.0,0.109375,0.0,0.0,0.0,0.0,0.890625
4,7,0.0,0.0,0.109375,0.0,0.0,0.0,0.0,0.890625
4,7,0.0,0.0,0.109375,0.0,0.0,0.0,0.0,0.890625
4,7,0.0,0.0,0.109375,0.0,0.0,0.0,0.0,0.890625
4,7,0.0,0.0,0.109375,0.0,0.0,0.0,0.0,0.890625
4,7,0.0,0.0,0.109375,0.0,0.0,0.0,0.0,0.890625
4,7,0.0,0.0,0.109375,0.0,0.0,0.0,0.0,0.890625
4,7,0.0,0.0,0.109375,0.0,0.0,0.0,0.0,0.890625
4,7,0.0,0.0,0.109375,0.0,0.0,0.0,0.0,0.890625
4,7,0.0,0.0,0.109375,0.0,0.0,0.0,0.0,0.890625
4,7,0.0,0.0,0.109375,0.0,0.0,0.0,0.0,0.890625
4,7,0.0,0.0,0.109375,0.0,0.0,0.0,0.0,0.890625
4,7,0.0,0.0,0.109375,0.0,0.0,0.0,0.0,0.890625
4,7,0.0,0.0,0.109375,0.0,0.0,0.0,0.0,0.890625
4,7,0.0,0.0,0.109375,0.0,0.0,0.0,0.0,0.890625
4,7,0.0,0.0,0.109375,0.0,0.0,0.0,0.0,0.890625
4,7,0.0,0.0,0.109375,0.0,0.0,0.0,0.0,0.890625
4,7,0.0,0.0,0.109375,0.0,0.0,0.0,0.0,0.890625
4,7,0.0,0.0,0.109375,0.0,0.0,0.0,0.0,0.890625
4,7,0.0,0.0,0.109375,0.0,0.0,0.0,0.0,0.890625
4,7,0.0,0.0,0.109375,0.0,0.0,0.0,0.0,0.890625
4,7,0.0,0.0,0.109375,0.0,0.0,0.0,0.0,0.890625
4,7,0.0,0.0,0.109375,0.0,0.0,0.0,0.0,0.890625
4,7,0.0,0.0,0.109375,0.0,0.0,0.0,0.0,0.890625
4,7,0.0,0.0,0.109375,0.0,0.0,0.0,0.0,0.890625
4,7,0.0,0.0,0.109375,0.0,0.0,0.0,0.0,0.890625
4,7,0.0,0.0,0.109375,0.0,0.0,0.0,0.0,0.890625
4,7,0.0,0.0,0.109375,0.0,0.0,0.0,0.0,0.890625
4,7,0.0,0.0,0.109375,0.0,0.0,0.0,0.0,0.890625
4,7,0.0,0.0,0.109375,0.0,0.0,0.0,0.0,0.890625
4,7,0.0,0.0,0.109375,0.0,0.0,0.0,0.0,0.890625
4,7,0.0,0.0,0.109375,0.0,0.0,0.0,0.0,0.890625
4,7,0.0,0.0,0.109375,0.0,0.0,0.0,0.0,0.890625
4,7,0.0,0.0,0.109375,0.0,0.0,0.0,0.0,0.890625
4,7,0.0,0.0,0.109375,0.0,0.0,0.0,0.0,0.890625
4,7,0.0,0.0,0.109375,0.0,0.0,0.0,0.0,0.890625
4,7,0.0,0.0,0.109375,0.0,0.0,0.0,0.0,0.890625
4,7,0.0,0.0,0.109375,0.0,0.0,0.0,0.0,0.890625
4,7,0.0,0.0,0.109375,0.0,0.0,0.0,0.0,0.890625
4,7,0.0,0.0,0.109375,0.0,0.0,0.0,0.0,0.890625
4,7,0.0,0.0,0.109375,0.0,0.0,0.0,0.0,0.890625
4,7,0.0,0.0,0.109375,0.0,0.0,0.0,0.0,0.890625
4,7,0.0,0.0,0.109375,0.0,0.0,0.0,0.0,0.890625
4,7,0.0,0.0,0.109375,0.0,0.0,0.0,0.0,0.890625
4,7,0.0,0.0,0.109375,0.0,0.0,0.0,0.0,0.890625
4,7,0.0,0.0,0.09375,0.0,0.0,0.0,0.0,0.90625
4,7,0.0,0.0,0.09375,0.0,0.0,0.0,0.0,0.90625
4,7,0.0,0.0,0.09375,0.0,0.0,0.0,0.0,0.90625
4,7,0.0,0.0,0.09375,0.0,0.0,0.0,0.0,0.90625
4,7,0.0,0.0,0.09375,0.0,0.0,0.0,0.0,0.90625
4,7,0.0,0.0,0.09375,0.0,0.0,0.0,0.0,0.90625
4,7,0.0,0.0,0.09375,0.0,0.0,0.0,0.0,0.90625
4,7,0.0,0.0,0.09375,0.0,0.0,0.0,0.0,0.90625
4,7,0.0,0.0,0.09375,0.0,0.0,0.0,0.0,0.90625
4,7,0.0,0.0,0.09375,0.0,0.0,0.0,0.0,0.90625
4,7,0.0,0.0,0.09375,0.0,0.0,0.0,0.0,0.90625
4,7,0.0,0.0,0.09375,0.0,0.0,0.0,0.0,0.90625
4,7,0.0,0.0,0.09375,0.0,0.0,0.0,0.0,0.90625
4,7,0.0,0.0,0.09375,0.0,0.0,0.0,0.0,0.90625
4,7,0.0,0.0,0.09375,0.0,0.0,0.0,0.0,0.90625
4,7,0.0,0.0,0.09375,0.0,0.0,0.0,0.0,0.90625
4,7,0.0,0.0,0.09375,0.0,0.0,0.0,0.0,0.90625
4,7,0.0,0.0,0.09375,0.0,0.0,0.0,0.0,0.90625
4,7,0.0,0.0,0.09375,0.0,0.0,0.0,0.0,0.90625
4,7,0.0,0.0,0.09375,0.0,0.0,0.0,0.0,0.90625
4,7,0.0,0.0,0.09375,0.0,0.0,0.0,0.0,0.90625
4,7,0.0,0.0,0.09375,0.0,0.0,0.0,0.0,0.90625
4,7,0.0,0.0,0.09375,0.0,0.0,0.0,0.0,0.90625
4,7,0.0,0.0,0.09375,0.0,0.0,0.0,0.0,0.90625
4,7,0.0,0.0,0.078125,0.0,0.0,0.0,0.0,0.921875
4,7,0.0,0.0,0.078125,0.0,0.0,0.0,0.0,0.921875
4,7,0.0,0.0,0.078125,0.0,0.0,0.0,0.0,0.921875
4,7,0.0,0.0,0.078125,0.0,0.0,0.0,0.0,0.921875
4,7,0.0,0.0,0.078125,0.0,0.0,0.0,0.0,0.921875
4,7,0.0,0.0,0.078125,0.0,0.0,0.0,0.0,0.921875
4,7,0.0,0.0,0.078125,0.0,0.0,0.0,0.0,0.921875
4,7,0.0,0.0,0.078125,0.0,0.0,0.0,0.0,0.921875
4,7,0.0,0.0,0.0625,0.0,0.0,0.0,0.0,0.9375
4,7,0.0,0.0,0.0625,0.0,0.0,0.0,0.0,0.9375
4,7,0.0,0.0,0.0625,0.0,0.0,0.0,0.0,0.9375
4,7,0.0,0.0,0.0625,0.0,0.0,0.0,0.0,0.9375
4,7,0.0,0.0,0.0625,0.0,0.0,0.0,0.0,0.9375
4,7,0.0,0.0,0.0625,0.0,0.0,0.0,0.0,0.9375
4,7,0.0,0.0,0.0625,0.0,0.0,0.0,0.0,0.9375
4,7,0.0,0.0,0.0625,0.0,0.0,0.0,0.0,0.9375
4,7,0.0,0.0,0.0625,0.0,0.0,0.0,0.0,0.9375
4,7,0.0,0.0,0.0625,0.0,0.0,0.0,0.0,0.9375
4,7,0.0,0.0,0.0625,0.0,0.0,0.0,0.0,0.9375
4,7,0.0,0.0,0.0625,0.0,0.0,0.0,0.0,0.9375
4,7,0.0,0.0,0.0625,0.0,0.0,0.0,0.0,0.9375
4,7,0.0,0.0,0.0625,0.0,0.0,0.0,0.0,0.9375
4,7,0.0,0.0,0.0625,0.0,0.0,0.0,0.0,0.9375
4,7,0.0,0.0,0.0625,0.0,0.0,0.0,0.0,0.9375
4,7,0.0,0.0,0.0625,0.0,0.0,0.0,0.0,0.9375
4,7,0.0,0.0,0.0625,0.0,0.0,0.0,0.0,0.9375
4,7,0.0,0.0,0.0625,0.0,0.0,0.0,0.0,0.9375
4,7,0.0,0.0,0.0625,0.0,0.0,0.0,0.0,0.9375
4,7,0.0,0.0,0.0625,0.0,0.0,0.0,0.0,0.9375
4,7,0.0,0.0,0.0625,0.0,0.0,0.0,0.0,0.9375
4,7,0.0,0.0,0.0625,0.0,0.0,0.0,0.0,0.9375
4,7,0.0,0.0,0.0625,0.0,0.0,0.0,0.0,0.9375
4,7,0.0,0.0,0.0625,0.0,0.0,0.0,0.0,0.9375
4,7,0.0,0.0,0.0625,0.0,0.0,0.0,0.0,0.9375
4,7,0.0,0.0,0.0625,0.0,0.0,0.0,0.0,0.9375
4,7,0.0,0.0,0.0625,0.0,0.0,0.0,0.0,0.9375
4,7,0.0,0.0,0.0625,0.0,0.0,0.0,0.0,0.9375
4,7,0.0,0.0,0.0625,0.0,0.0,0.0,0.0,0.9375
4,7,0.0,0.0,0.0625,0.0,0.0,0.0,0.0,0.9375
4,7,0.0,0.0,0.0625,0.0,0.0,0.0,0.0,0.9375
4,7,0.0,0.0,0.0625,0.0,0.0,0.0,0.0,0.9375
4,7,0.0,0.0,0.0625,0.0,0.0,0.0,0.0,0.9375
4,7,0.0,0.0,0.0625,0.0,0.0,0.0,0.0,0.9375
4,7,0.0,0.0,0.0625,0.0,0.0,0.0,0.0,0.9375
4,7,0.0,0.0,0.0625,0.0,0.0,0.0,0.0,0.9375
4,7,0.0,0.0,0.0625,0.0,0.0,0.0,0.0,0.9375
4,7,0.0,0.0,0.0625,0.0,0.0,0.0,0.0,0.9375
4,7,0.0,0.0,0.0625,0.0,0.0,0.0,0.0,0.9375
4,7,0.0,0.0,0.046875,0.0,0.0,0.0,0.0,0.953125
4,7,0.0,0.0,0.046875,0.0,0.0,0.0,0.0,0.953125
4,7,0.0,0.0,0.046875,0.0,0.0,0.0,0.0,0.953125
4,7,0.0,0.0,0.046875,0.0,0.0,0.0,0.0,0.953125
4,7,0.0,0.0,0.046875,0.0,0.0,0.0,0.0,0.953125
4,7,0.0,0.0,0.046875,0.0,0.0,0.0,0.0,0.953125
4,7,0.0,0.0,0.046875,0.0,0.0,0.0,0.0,0.953125
4,7,0.0,0.0,0.046875,0.0,0.0,0.0,0.0,0.953125
4,7,0.0,0.0,0.046875,0.0,0.0,0.0,0.0,0.953125
4,7,0.0,0.0,0.046875,0.0,0.0,0.0,0.0,0.953125
4,7,0.0,0.0,0.046875,0.0,0.0,0.0,0.0,0.953125
4,7,0.0,0.0,0.046875,0.0,0.0,0.0,0.0,0.953125
4,7,0.0,0.0,0.046875,0.0,0.0,0.0,0.0,0.953125
4,7,0.0,0.0,0.046875,0.0,0.0,0.0,0.0,0.953125
4,7,0.0,0.0,0.046875,0.0,0.0,0.0,0.0,0.953125
4,7,0.0,0.0,0.046875,0.0,0.0,0.0,0.0,0.953125
4,7,0.0,0.0,0.046875,0.0,0.0,0.0,0.0,0.953125
4,7,0.0,0.0,0.046875,0.0,0.0,0.0,0.0,0.953125
4,7,0.0,0.0,0.046875,0.0,0.0,0.0,0.0,0.953125
4,7,0.0,0.0,0.046875,0.0,0.0,0.0,0.0,0.953125
4,7,0.0,0.0,0.046875,0.0,0.0,0.0,0.0,0.953125
4,7,0.0,0.0,0.046875,0.0,0.0,0.0,0.0,0.953125
4,7,0.0,0.0,0.046875,0.0,0.0,0.0,0.0,0.953125
4,7,0.0,0.0,0.046875,0.0,0.0,0.0,0.0,0.953125
4,7,0.0,0.0,0.046875,0.0,0.0,0.0,0.0,0.953125
4,7,0.0,0.0,0.046875,0.0,0.0,0.0,0.0,0.953125
4,7,0.0,0.0,0.046875,0.0,0.0,0.0,0.0,0.953125
4,7,0.0,0.0,0.046875,0.0,0.0,0.0,0.0,0.953125
4,7,0.0,0.0,0.046875,0.0,0.0,0.0,0.0,0.953125
4,7,0.0,0.0,0.046875,0.0,0.0,0.0,0.0,0.953125
4,7,0.0,0.0,0.046875,0.0,0.0,0.0,0.0,0.953125
4,7,0.0,0.0,0.046875,0.0,0.0,0.0,0.0,0.953125
4,7,0.0,0.0,0.046875,0.0,0.0,0.0,0.0,0.953125
4,7,0.0,0.0,0.046875,0.0,0.0,0.0,0.0,0.953125
4,7,0.0,0.0,0.046875,0.0,0.0,0.0,0.0,0.953125
4,7,0.0,0.0,0.046875,0.0,0.0,0.0,0.0,0.953125
4,7,0.0,0.0,0.046875,0.0,0.0,0.0,0.0,0.953125
4,7,0.0,0.0,0.046875,0.0,0.0,0.0,0.0,0.953125
4,7,0.0,0.0,0.046875,0.0,0.0,0.0,0.0,0.953125
4,7,0.0,0.0,0.046875,0.0,0.0,0.0,0.0,0.953125
4,7,0.0,0.0,0.046875,0.0,0.0,0.0,0.0,0.953125
4,7,0.0,0.0,0.046875,0.0,0.0,0.0,0.0,0.953125
4,7,0.0,0.0,0.046875,0.0,0.0,0.0,0.0,0.953125
4,7,0.0,0.0,0.046875,0.0,0.0,0.0,0.0,0.953125
4,7,0.0,0.0,0.046875,0.0,0.0,0.0,0.0,0.953125
4,7,0.0,0.0,0.046875,0.0,0.0,0.0,0.0,0.953125
4,7,0.0,0.0,0.046875,0.0,0.0,0.0,0.0,0.953125
4,7,0.0,0.0,0.046875,0.0,0.0,0.0,0.0,0.953125
4,7,0.0,0.0,0.078125,0.0,0.0,0.0,0.0,0.921875
4,7,0.0,0.0,0.078125,0.0,0.0,0.0,0.0,0.921875
4,7,0.0,0.0,0.078125,0.0,0.0,0.0,0.0,0.921875
4,7,0.0,0.0,0.078125,0.0,0.0,0.0,0.0,0.921875
4,7,0.0,0.0,0.078125,0.0,0.0,0.0,0.0,0.921875
4,7,0.0,0.0,0.078125,0.0,0.0,0.0,0.0,0.921875
4,7,0.0,0.0,0.078125,0.0,0.0,0.0,0.0,0.921875
4,7,0.0,0.0,0.078125,0.0,0.0,0.0,0.0,0.921875
4,7,0.0,0.0,0.078125,0.0,0.0,0.0,0.0,0.921875
4,7,0.0,0.0,0.078125,0.0,0.0,0.0,0.0,0.921875
4,7,0.0,0.0,0.078125,0.0,0.0,0.0,0.0,0.921875
4,7,0.0,0.0,0.078125,0.0,0.0,0.0,0.0,0.921875
4,7,0.0,0.0,0.09375,0.0,0.0,0.0,0.0,0.90625
4,7,0.0,0.0,0.09375,0.0,0.0,0.0,0.0,0.90625
4,7,0.0,0.0,0.09375,0.0,0.0,0.0,0.0,0.90625
4,7,0.0,0.0,0.09375,0.0,0.0,0.0,0.0,0.90625
4,7,0.0,0.0,0.09375,0.0,0.0,0.0,0.0,0.90625
4,7,0.0,0.0,0.09375,0.0,0.0,0.0,0.0,0.90625
4,7,0.0,0.0,0.09375,0.0,0.0,0.0,0.0,0.90625
4,7,0.0,0.0,0.09375,0.0,0.0,0.0,0.0,0.90625
4,7,0.0,0.0,0.09375,0.0,0.0,0.0,0.0,0.90625
4,7,0.0,0.0,0.09375,0.0,0.0,0.0,0.0,0.90625
4,7,0.0,0.0,0.09375,0.0,0.0,0.0,0.0,0.90625
4,7,0.0,0.0,0.109375,0.0,0.0,0.0,0.0,0.890625
4,7,0.0,0.0,0.09375,0.0,0.0,0.0,0.0,0.90625
4,7,0.0,0.0,0.09375,0.0,0.0,0.0,0.0,0.90625
4,7,0.0,0.0,0.09375,0.0,0.0,0.0,0.0,0.90625
4,7,0.0,0.0,0.09375,0.0,0.0,0.0,0.0,0.90625
4,7,0.0,0.0,0.09375,0.0,0.0,0.0,0.0,0.90625
4,7,0.0,0.0,0.09375,0.0,0.0,0.0,0.0,0.90625
4,7,0.0,0.0,0.09375,0.0,0.0,0.0,0.0,0.90625
4,7,0.0,0.0,0.09375,0.0,0.0,0.0,0.0,0.90625
4,7,0.0,0.0,0.125,0.0,0.0,0.0,0.0,0.875
4,7,0.0,0.0,0.125,0.0,0.0,0.0,0.0,0.875
4,7,0.0,0.0,0.125,0.0,0.0,0.0,0.0,0.875
4,7,0.0,0.0,0.125,0.0,0.0,0.0,0.0,0.875
4,7,0.0,0.0,0.125,0.0,0.0,0.0,0.0,0.875
4,7,0.0,0.0,0.125,0.0,0.0,0.0,0.0,0.875
4,7,0.0,0.0,0.125,0.0,0.0,0.0,0.0,0.875
4,7,0.0,0.0,0.125,0.0,0.0,0.0,0.0,0.875
4,7,0.0,0.0,0.125,0.0,0.0,0.0,0.0,0.875
4,7,0.0,0.0,0.125,0.0,0.0,0.0,0.0,0.875
4,7,0.0,0.0,0.109375,0.0,0.0,0.0,0.0,0.890625
4,7,0.0,0.0,0.109375,0.0,0.0,0.0,0.0,0.890625
4,7,0.0,0.0,0.109375,0.0,0.0,0.0,0.0,0.890625
4,7,0.0,0.0,0.109375,0.0,0.0,0.0,0.0,0.890625
4,7,0.0,0.0,0.109375,0.0,0.0,0.0,0.0,0.890625
4,7,0.0,0.0,0.109375,0.0,0.0,0.0,0.0,0.890625
4,7,0.0,0.0,0.125,0.0,0.0,0.0,0.0,0.875
4,7,0.0,0.0,0.125,0.0,0.0,0.0,0.0,0.875
4,7,0.0,0.0,0.125,0.0,0.0,0.0,0.0,0.875
4,7,0.0,0.0,0.125,0.0,0.0,0.0,0.0,0.875
4,7,0.0,0.0,0.125,0.0,0.0,0.0,0.0,0.875
4,7,0.0,0.0,0.125,0.0,0.0,0.0,0.0,0.875
4,7,0.0,0.0,0.125,0.0,0.0,0.0,0.0,0.875
4,7,0.0,0.0,0.125,0.0,0.0,0.0,0.0,0.875
4,7,0.0,0.0,0.125,0.0,0.0,0.0,0.0,0.875
4,7,0.0,0.0,0.125,0.0,0.0,0.0,0.0,0.875
4,7,0.0,0.0,0.125,0.0,0.0,0.0,0.0,0.875
4,7,0.0,0.0,0.125,0.0,0.0,0.0,0.0,0.875
4,7,0.0,0.0,0.109375,0.0,0.0,0.0,0.0,0.890625
4,7,0.0,0.0,0.109375,0.0,0.0,0.0,0.0,0.890625
4,7,0.0,0.0,0.109375,0.0,0.0,0.0,0.0,0.890625
4,7,0.0,0.0,0.109375,0.0,0.0,0.0,0.0,0.890625
4,7,0.0,0.0,0.109375,0.0,0.0,0.0,0.0,0.890625
4,7,0.0,0.0,0.109375,0.0,0.0,0.0,0.0,0.890625
4,7,0.0,0.0,0.109375,0.0,0.0,0.0,0.0,0.890625
4,7,0.0,0.0,0.109375,0.0,0.0,0.0,0.0,0.890625
4,7,0.0,0.0,0.109375,0.0,0.0,0.0,0.0,0.890625
4,7,0.0,0.0,0.109375,0.0,0.0,0.0,0.0,0.890625
4,7,0.0,0.0,0.109375,0.0,0.0,0.0,0.0,0.890625
4,7,0.0,0.0,0.109375,0.0,0.0,0.0,0.0,0.890625
4,7,0.0,0.0,0.078125,0.0,0.0,0.0,0.0,0.921875
4,7,0.0,0.0,0.078125,0.0,0.0,0.0,0.0,0.921875
4,7,0.0,0.0,0.078125,0.0,0.0,0.0,0.0,0.921875
4,7,0.0,0.0,0.078125,0.0,0.0,0.0,0.0,0.921875
4,7,0.0,0.0,0.078125,0.0,0.0,0.0,0.0,0.921875
4,7,0.0,0.0,0.078125,0.0,0.0,0.0,0.0,0.921875
4,7,0.0,0.0,0.078125,0.0,0.0,0.0,0.0,0.921875
4,7,0.0,0.0,0.078125,0.0,0.0,0.0,0.0,0.921875
4,7,0.0,0.0,0.078125,0.0,0.0,0.0,0.0,0.921875
4,7,0.0,0.0,0.078125,0.0,0.0,0.0,0.0,0.921875
4,7,0.0,0.0,0.078125,0.0,0.0,0.0,0.0,0.921875
4,7,0.0,0.0,0.078125,0.0,0.0,0.0,0.0,0.921875
4,7,0.0,0.0,0.078125,0.0,0.0,0.0,0.0,0.921875
4,7,0.0,0.0,0.078125,0.0,0.0,0.0,0.0,0.921875
4,7,0.0,0.0,0.078125,0.0,0.0,0.0,0.0,0.921875
4,7,0.0,0.0,0.078125,0.0,0.0,0.0,0.0,0.921875
4,7,0.0,0.0,0.078125,0.0,0.0,0.0,0.0,0.921875
4,7,0.0,0.0,0.078125,0.0,0.0,0.0,0.0,0.921875
4,7,0.0,0.0,0.078125,0.0,0.0,0.0,0.0,0.921875
4,7,0.0,0.0,0.078125,0.0,0.0,0.0,0.0,0.921875
4,7,0.0,0.0,0.078125,0.0,0.0,0.0,0.0,0.921875
4,7,0.0,0.0,0.078125,0.0,0.0,0.0,0.0,0.921875
4,7,0.0,0.0,0.078125,0.0,0.0,0.0,0.0,0.921875
4,7,0.0,0.0,0.078125,0.0,0.0,0.0,0.0,0.921875
4,7,0.0,0.0,0.046875,0.0,0.0,0.0,0.0,0.953125
4,7,0.0,0.0,0.046875,0.0,0.0,0.0,0.0,0.953125
4,7,0.0,0.0,0.046875,0.0,0.0,0.0,0.0,0.953125
4,7,0.0,0.0,0.046875,0.0,0.0,0.0,0.0,0.953125
4,7,0.0,0.0,0.046875,0.0,0.0,0.0,0.0,0.953125
4,7,0.0,0.0,0.046875,0.0,0.0,0.0,0.0,0.953125
4,7,0.0,0.0,0.046875,0.0,0.0,0.0,0.0,0.953125
4,7,0.0,0.0,0.046875,0.0,0.0,0.0,0.0,0.953125
4,7,0.0,0.0,0.046875,0.0,0.0,0.0,0.0,0.953125
4,7,0.0,0.0,0.046875,0.0,0.0,0.0,0.0,0.953125
4,7,0.0,0.0,0.046875,0.0,0.0,0.0,0.0,0.953125
4,7,0.0,0.0,0.046875,0.0,0.0,0.0,0.0,0.953125
4,7,0.0,0.0,0.046875,0.0,0.0,0.0,0.0,0.953125
4,7,0.0,0.0,0.046875,0.0,0.0,0.0,0.0,0.953125
4,7,0.0,0.0,0.046875,0.0,0.0,0.0,0.0,0.953125
4,7,0.0,0.0,0.046875,0.0,0.0,0.0,0.0,0.953125
4,7,0.0,0.0,0.046875,0.0,0.0,0.0,0.0,0.953125
4,7,0.0,0.0,0.046875,0.0,0.0,0.0,0.0,0.953125
4,7,0.0,0.0,0.046875,0.0,0.0,0.0,0.0,0.953125
4,7,0.0,0.0,0.046875,0.0,0.0,0.0,0.0,0.953125
4,7,0.0,0.0,0.046875,0.0,0.0,0.0,0.0,0.953125
4,7,0.0,0.0,0.046875,0.0,0.0,0.0,0.0,0.953125
4,7,0.0,0.0,0.046875,0.0,0.0,0.0,0.0,0.953125
4,7,0.0,0.0,0.046875,0.0,0.0,0.0,0.0,0.953125
4,7,0.0,0.0,0.046875,0.0,0.0,0.0,0.0,0.953125
4,7,0.0,0.0,0.046875,0.0,0.0,0.0,0.0,0.953125
4,7,0.0,0.0,0.046875,0.0,0.0,0.0,0.0,0.953125
4,7,0.0,0.0,0.046875,0.0,0.0,0.0,0.0,0.953125
4,7,0.0,0.0,0.046875,0.0,0.0,0.0,0.0,0.953125
4,7,0.0,0.0,0.046875,0.0,0.0,0.0,0.0,0.953125
4,7,0.0,0.0,0.046875,0.0,0.0,0.0,0.0,0.953125
4,7,0.0,0.0,0.046875,0.0,0.0,0.0,0.0,0.953125
4,7,0.0,0.0,0.046875,0.0,0.0,0.0,0.0,0.953125
4,7,0.0,0.0,0.046875,0.0,0.0,0.0,0.0,0.953125
4,7,0.0,0.0,0.046875,0.0,0.0,0.0,0.0,0.953125
4,7,0.0,0.0,0.046875,0.0,0.0,0.0,0.0,0.953125
4,7,0.0,0.0,0.046875,0.0,0.0,0.0,0.0,0.953125
4,7,0.0,0.0,0.046875,0.0,0.0,0.0,0.0,0.953125
4,7,0.0,0.0,0.046875,0.0,0.0,0.0,0.0,0.953125
4,7,0.0,0.0,0.046875,0.0,0.0,0.0,0.0,0.953125
4,7,0.0,0.0,0.046875,0.0,0.0,0.0,0.0,0.953125
4,7,0.0,0.0,0.046875,0.0,0.0,0.0,0.0,0.953125
4,7,0.0,0.0,0.046875,0.0,0.0,0.0,0.0,0.953125
4,7,0.0,0.0,0.046875,0.0,0.0,0.0,0.0,0.953125
4,7,0.0,0.0,0.046875,0.0,0.0,0.0,0.0,0.953125
4,7,0.0,0.0,0.046875,0.0,0.0,0.0,0.0,0.953125
4,7,0.0,0.0,0.046875,0.0,0.0,0.0,0.0,0.953125
4,7,0.0,0.0,0.046875,0.0,0.0,0.0,0.0,0.953125
4,7,0.0,0.0,0.046875,0.0,0.0,0.0,0.0,0.953125
4,7,0.0,0.0,0.046875,0.0,0.0,0.0,0.0,0.953125
4,7,0.0,0.0,0.046875,0.0,0.0,0.0,0.0,0.953125
4,7,0.0,0.0,0.046875,0.0,0.0,0.0,0.0,0.953125
4,7,0.0,0.0,0.046875,0.0,0.0,0.0,0.0,0.953125
4,7,0.0,0.0,0.046875,0.0,0.0,0.0,0.0,0.953125
4,7,0.0,0.0,0.046875,0.0,0.0,0.0,0.0,0.953125
4,7,0.0,0.0,0.046875,0.0,0.0,0.0,0.0,0.953125
4,7,0.0,0.0,0.0625,0.0,0.0,0.0,0.0,0.9375
4,7,0.0,0.0,0.0625,0.0,0.0,0.0,0.0,0.9375
4,7,0.0,0.0,0.0625,0.0,0.0,0.0,0.0,0.9375
4,7,0.0,0.0,0.0625,0.0,0.0,0.0,0.0,0.9375
4,7,0.0,0.0,0.0625,0.0,0.0,0.0,0.0,0.9375
4,7,0.0,0.0,0.0625,0.0,0.0,0.0,0.0,0.9375
4,7,0.0,0.0,0.0625,0.0,0.0,0.0,0.0,0.9375
4,7,0.0,0.0,0.0625,0.0,0.0,0.0,0.0,0.9375
4,7,0.0,0.0,0.0625,0.0,0.0,0.0,0.0,0.9375
4,7,0.0,0.0,0.0625,0.0,0.0,0.0,0.0,0.9375
4,7,0.0,0.0,0.0625,0.0,0.0,0.0,0.0,0.9375
4,7,0.0,0.0,0.0625,0.0,0.0,0.0,0.0,0.9375
4,7,0.0,0.0,0.0625,0.0,0.0,0.0,0.0,0.9375
4,7,0.0,0.0,0.0625,0.0,0.0,0.0,0.0,0.9375
4,7,0.0,0.0,0.0625,0.0,0.0,0.0,0.0,0.9375
4,7,0.0,0.0,0.0625,0.0,0.0,0.0,0.0,0.9375
4,7,0.0,0.0,0.0625,0.0,0.0,0.0,0.0,0.9375
4,7,0.0,0.0,0.0625,0.0,0.0,0.0,0.0,0.9375
4,7,0.0,0.0,0.0625,0.0,0.0,0.0,0.0,0.9375
4,7,0.0,0.0,0.0625,0.0,0.0,0.0,0.0,0.9375
4,7,0.0,0.0,0.0625,0.0,0.0,0.0,0.0,0.9375
4,7,0.0,0.0,0.0625,0.0,0.0,0.0,0.0,0.9375
4,7,0.0,0.0,0.0625,0.0,0.0,0.0,0.0,0.9375
4,7,0.0,0.0,0.0625,0.0,0.0,0.0,0.0,0.9375
4,7,0.0,0.0,0.0625,0.0,0.0,0.0,0.0,0.9375
4,7,0.0,0.0,0.0625,0.0,0.0,0.0,0.0,0.9375
4,7,0.0,0.0,0.0625,0.0,0.0,0.0,0.0,0.9375
4,7,0.0,0.0,0.0625,0.0,0.0,0.0,0.0,0.9375
4,7,0.0,0.0,0.0625,0.0,0.0,0.0,0.0,0.9375
4,7,0.0,0.0,0.0625,0.0,0.0,0.0,0.0,0.9375
4,7,0.0,0.0,0.0625,0.0,0.0,0.0,0.0,0.9375
4,7,0.0,0.0,0.0625,0.0,0.0,0.0,0.0,0.9375
4,7,0.0,0.0,0.0625,0.0,0.0,0.0,0.0,0.9375
4,7,0.0,0.0,0.0625,0.0,0.0,0.0,0.0,0.9375
4,7,0.0,0.0,0.0625,0.0,0.0,0.0,0.0,0.9375
4,7,0.0,0.0,0.0625,0.0,0.0,0.0,0.0,0.9375
4,7,0.0,0.0,0.0625,0.0,0.0,0.0,0.0,0.9375
4,7,0.0,0.0,0.0625,0.0,0.0,0.0,0.0,0.9375
4,7,0.0,0.0,0.0625,0.0,0.0,0.0,0.0,0.9375
4,7,0.0,0.0,0.0625,0.0,0.0,0.0,0.0,0.9375
4,7,0.0,0.0,0.078125,0.0,0.0,0.0,0.0,0.921875
4,7,0.0,0.0,0.078125,0.0,0.0,0.0,0.0,0.921875
4,7,0.0,0.0,0.078125,0.0,0.0,0.0,0.0,0.921875
4,7,0.0,0.0,0.078125,0.0,0.0,0.0,0.0,0.921875
4,7,0.0,0.0,0.078125,0.0,0.0,0.0,0.0,0.921875
4,7,0.0,0.0,0.078125,0.0,0.0,0.0,0.0,0.921875
4,7,0.0,0.0,0.078125,0.0,0.0,0.0,0.0,0.921875
4,7,0.0,0.0,0.078125,0.0,0.0,0.0,0.0,0.921875
4,7,0.0,0.0,0.078125,0.0,0.0,0.0,0.0,0.921875
4,7,0.0,0.0,0.078125,0.0,0.0,0.0,0.0,0.921875
4,7,0.0,0.0,0.078125,0.0,0.0,0.0,0.0,0.921875
4,7,0.0,0.0,0.078125,0.0,0.0,0.0,0.0,0.921875
4,7,0.0,0.0,0.078125,0.0,0.0,0.0,0.0,0.921875
4,7,0.0,0.0,0.078125,0.0,0.0,0.0,0.0,0.921875
4,7,0.0,0.0,0.078125,0.0,0.0,0.0,0.0,0.921875
4,7,0.0,0.0,0.078125,0.0,0.0,0.0,0.0,0.921875
4,7,0.0,0.0,0.078125,0.0,0.0,0.0,0.0,0.921875
4,7,0.0,0.0,0.078125,0.0,0.0,0.0,0.0,0.921875
4,7,0.0,0.0,0.078125,0.0,0.0,0.0,0.0,0.921875
4,7,0.0,0.0,0.078125,0.0,0.0,0.0,0.0,0.921875
4,7,0.0,0.0,0.078125,0.0,0.0,0.0,0.0,0.921875
4,7,0.0,0.0,0.078125,0.0,0.0,0.0,0.0,0.921875
4,7,0.0,0.0,0.078125,0.0,0.0,0.0,0.0,0.921875
4,7,0.0,0.0,0.078125,0.0,0.0,0.0,0.0,0.921875
4,7,0.0,0.0,0.078125,0.0,0.0,0.0,0.0,0.921875
4,7,0.0,0.0,0.078125,0.0,0.0,0.0,0.0,0.921875
4,7,0.0,0.0,0.078125,0.0,0.0,0.0,0.0,0.921875
4,7,0.0,0.0,0.078125,0.0,0.0,0.0,0.0,0.921875
4,7,0.0,0.0,0.078125,0.0,0.0,0.0,0.0,0.921875
4,7,0.0,0.0,0.078125,0.0,0.0,0.0,0.0,0.921875
4,7,0.0,0.0,0.078125,0.0,0.0,0.0,0.0,0.921875
4,7,0.0,0.0,0.078125,0.0,0.0,0.0,0.0,0.921875
4,7,0.0,0.0,0.078125,0.0,0.0,0.0,0.0,0.921875
4,7,0.0,0.0,0.078125,0.0,0.0,0.0,0.0,0.921875
4,7,0.0,0.0,0.078125,0.0,0.0,0.0,0.0,0.921875
4,7,0.0,0.0,0.078125,0.0,0.0,0.0,0.0,0.921875
4,7,0.0,0.0,0.09375,0.0,0.0,0.0,0.0,0.90625
4,7,0.0,0.0,0.09375,0.0,0.0,0.0,0.0,0.90625
4,7,0.0,0.0,0.09375,0.0,0.0,0.0,0.0,0.90625
4,7,0.0,0.0,0.09375,0.0,0.0,0.0,0.0,0.90625
4,7,0.0,0.0,0.109375,0.0,0.0,0.0,0.0,0.890625
4,7,0.0,0.0,0.109375,0.0,0.0,0.0,0.0,0.890625
4,7,0.0,0.0,0.109375,0.0,0.0,0.0,0.0,0.890625
4,7,0.0,0.0,0.109375,0.0,0.0,0.0,0.0,0.890625
4,7,0.0,0.0,0.109375,0.0,0.0,0.0,0.0,0.890625
4,7,0.0,0.0,0.109375,0.0,0.0,0.0,0.0,0.890625
4,7,0.0,0.0,0.109375,0.0,0.0,0.0,0.0,0.890625
4,7,0.0,0.0,0.109375,0.0,0.0,0.0,0.0,0.890625
4,7,0.0,0.0,0.09375,0.0,0.0,0.0,0.0,0.90625
4,7,0.0,0.0,0.09375,0.0,0.0,0.0,0.0,0.90625
4,7,0.0,0.0,0.09375,0.0,0.0,0.0,0.0,0.90625
4,7,0.0,0.0,0.09375,0.0,0.0,0.0,0.0,0.90625
4,7,0.0,0.0,0.09375,0.0,0.0,0.0,0.0,0.90625
4,7,0.0,0.0,0.09375,0.0,0.0,0.0,0.0,0.90625
4,7,0.0,0.0,0.09375,0.0,0.0,0.0,0.0,0.90625
4,7,0.0,0.0,0.09375,0.0,0.0,0.0,0.0,0.90625
4,7,0.0,0.0,0.09375,0.0,0.0,0.0,0.0,0.90625
4,7,0.0,0.0,0.09375,0.0,0.0,0.0,0.0,0.90625
4,7,0.0,0.0,0.09375,0.0,0.0,0.0,0.0,0.90625
4,7,0.0,0.0,0.09375,0.0,0.0,0.0,0.0,0.90625
4,7,0.0,0.0,0.09375,0.0,0.0,0.0,0.0,0.90625
4,7,0.0,0.0,0.09375,0.0,0.0,0.0,0.0,0.90625
4,7,0.0,0.0,0.09375,0.0,0.0,0.0,0.0,0.90625
4,7,0.0,0.0,0.09375,0.0,0.0,0.0,0.0,0.90625
4,7,0.0,0.0,0.09375,0.0,0.0,0.0,0.0,0.90625
4,7,0.0,0.0,0.09375,0.0,0.0,0.0,0.0,0.90625
4,7,0.0,0.0,0.09375,0.0,0.0,0.0,0.0,0.90625
4,7,0.0,0.0,0.09375,0.0,0.0,0.0,0.0,0.90625
4,7,0.0,0.0,0.09375,0.0,0.0,0.0,0.0,0.90625
4,7,0.0,0.0,0.09375,0.0,0.0,0.0,0.0,0.90625
4,7,0.0,0.0,0.09375,0.0,0.0,0.0,0.0,0.90625
4,7,0.0,0.0,0.09375,0.0,0.0,0.0,0.0,0.90625
4,7,0.0,0.0,0.109375,0.0,0.0,0.0,0.0,0.890625
4,7,0.0,0.0,0.109375,0.0,0.0,0.0,0.0,0.890625
4,7,0.0,0.0,0.109375,0.0,0.0,0.0,0.0,0.890625
4,7,0.0,0.0,0.109375,0.0,0.0,0.0,0.0,0.890625
4,7,0.0,0.0,0.109375,0.0,0.0,0.0,0.0,0.890625
4,7,0.0,0.0,0.109375,0.0,0.0,0.0,0.0,0.890625
4,7,0.0,0.0,0.109375,0.0,0.0,0.0,0.0,0.890625
4,7,0.0,0.0,0.109375,0.0,0.0,0.0,0.0,0.890625
4,7,0.0,0.0,0.109375,0.0,0.0,0.0,0.0,0.890625
4,7,0.0,0.0,0.109375,0.0,0.0,0.0,0.0,0.890625
4,7,0.0,0.0,0.109375,0.0,0.0,0.0,0.0,0.890625
4,7,0.0,0.0,0.109375,0.0,0.0,0.0,0.0,0.890625
4,7,0.0,0.0,0.09375,0.0,0.0,0.0,0.0,0.90625
4,7,0.0,0.0,0.09375,0.0,0.0,0.0,0.0,0.90625
4,7,0.0,0.0,0.09375,0.0,0.0,0.0,0.0,0.90625
4,7,0.0,0.0,0.09375,0.0,0.0,0.0,0.0,0.90625
4,7,0.0,0.0,0.09375,0.0,0.0,0.0,0.0,0.90625
4,7,0.0,0.0,0.09375,0.0,0.0,0.0,0.0,0.90625
4,7,0.0,0.0,0.09375,0.0,0.0,0.0,0.0,0.90625
4,7,0.0,0.0,0.09375,0.0,0.0,0.0,0.0,0.90625
4,7,0.0,0.0,0.09375,0.0,0.0,0.0,0.0,0.90625
4,7,0.0,0.0,0.09375,0.0,0.0,0.0,0.0,0.90625
4,7,0.0,0.0,0.09375,0.0,0.0,0.0,0.0,0.90625
4,7,0.0,0.0,0.09375,0.0,0.0,0.0,0.0,0.90625
4,7,0.0,0.0,0.0625,0.0,0.0,0.0,0.0,0.9375
4,7,0.0,0.0,0.0625,0.0,0.0,0.0,0.0,0.9375
4,7,0.0,0.0,0.0625,0.0,0.0,0.0,0.0,0.9375
4,7,0.0,0.0,0.0625,0.0,0.0,0.0,0.0,0.9375
4,7,0.0,0.0,0.0625,0.0,0.0,0.0,0.0,0.9375
4,7,0.0,0.0,0.0625,0.0,0.0,0.0,0.0,0.9375
4,7,0.0,0.0,0.0625,0.0,0.0,0.0,0.0,0.9375
4,7,0.0,0.0,0.0625,0.0,0.0,0.0,0.0,0.9375
4,7,0.0,0.0,0.0625,0.0,0.0,0.0,0.0,0.9375
4,7,0.0,0.0,0.0625,0.0,0.0,0.0,0.0,0.9375
4,7,0.0,0.0,0.0625,0.0,0.0,0.0,0.0,0.9375
4,7,0.0,0.0,0.0625,0.0,0.0,0.0,0.0,0.9375
4,7,0.0,0.0,0.0625,0.0,0.0,0.0,0.0,0.9375
4,7,0.0,0.0,0.0625,0.0,0.0,0.0,0.0,0.9375
4,7,0.0,0.0,0.0625,0.0,0.0,0.0,0.0,0.9375
4,7,0.0,0.0,0.0625,0.0,0.0,0.0,0.0,0.9375
4,7,0.0,0.0,0.0625,0.0,0.0,0.0,0.0,0.9375
4,7,0.0,0.0,0.0625,0.0,0.0,0.0,0.0,0.9375
4,7,0.0,0.0,0.0625,0.0,0.0,0.0,0.0,0.9375
4,7,0.0,0.0,0.0625,0.0,0.0,0.0,0.0,0.9375
4,7,0.0,0.0,0.0625,0.0,0.0,0.0,0.0,0.9375
4,7,0.0,0.0,0.0625,0.0,0.0,0.0,0.0,0.9375
4,7,0.0,0.0,0.0625,0.0,0.0,0.0,0.0,0.9375
4,7,0.0,0.0,0.0625,0.0,0.0,0.0,0.0,0.9375
4,7,0.0,0.0,0.046875,0.0,0.0,0.0,0.0,0.953125
4,7,0.0,0.0,0.046875,0.0,0.0,0.0,0.0,0.953125
4,7,0.0,0.0,0.046875,0.0,0.0,0.0,0.0,0.953125
4,7,0.0,0.0,0.046875,0.0,0.0,0.0,0.0,0.953125
4,7,0.0,0.0,0.046875,0.0,0.0,0.0,0.0,0.953125
4,7,0.0,0.0,0.046875,0.0,0.0,0.0,0.0,0.953125
4,7,0.0,0.0,0.046875,0.0,0.0,0.0,0.0,0.953125
4,7,0.0,0.0,0.046875,0.0,0.0,0.0,0.0,0.953125
4,7,0.0,0.0,0.046875,0.0,0.0,0.0,0.0,0.953125
4,7,0.0,0.0,0.046875,0.0,0.0,0.0,0.0,0.953125
4,7,0.0,0.0,0.046875,0.0,0.0,0.0,0.0,0.953125
4,7,0.0,0.0,0.046875,0.0,0.0,0.0,0.0,0.953125
4,7,0.0,0.0,0.046875,0.0,0.0,0.0,0.0,0.953125
4,7,0.0,0.0,0.046875,0.0,0.0,0.0,0.0,0.953125
4,7,0.0,0.0,0.046875,0.0,0.0,0.0,0.0,0.953125
4,7,0.0,0.0,0.046875,0.0,0.0,0.0,0.0,0.953125
4,7,0.0,0.0,0.046875,0.0,0.0,0.0,0.0,0.953125
4,7,0.0,0.0,0.046875,0.0,0.0,0.0,0.0,0.953125
4,7,0.0,0.0,0.046875,0.0,0.0,0.0,0.0,0.953125
4,7,0.0,0.0,0.046875,0.0,0.0,0.0,0.0,0.953125
4,7,0.0,0.0,0.046875,0.0,0.0,0.0,0.0,0.953125
4,7,0.0,0.0,0.046875,0.0,0.0,0.0,0.0,0.953125
4,7,0.0,0.0,0.046875,0.0,0.0,0.0,0.0,0.953125
4,7,0.0,0.0,0.046875,0.0,0.0,0.0,0.0,0.953125
4,7,0.0,0.015625,0.046875,0.0,0.0,0.0,0.0,0.9375
4,7,0.0,0.015625,0.046875,0.0,0.0,0.0,0.0,0.9375
4,7,0.0,0.015625,0.046875,0.0,0.0,0.0,0.0,0.9375
4,7,0.0,0.015625,0.046875,0.0,0.0,0.0,0.0,0.9375
4,7,0.0,0.015625,0.046875,0.0,0.0,0.0,0.0,0.9375
4,7,0.0,0.015625,0.046875,0.0,0.0,0.0,0.0,0.9375
4,7,0.0,0.015625,0.046875,0.0,0.0,0.0,0.0,0.9375
4,7,0.0,0.015625,0.046875,0.0,0.0,0.0,0.0,0.9375
4,7,0.0,0.015625,0.046875,0.0,0.0,0.0,0.0,0.9375
4,7,0.0,0.015625,0.046875,0.0,0.0,0.0,0.0,0.9375
4,7,0.0,0.015625,0.046875,0.0,0.0,0.0,0.0,0.9375
4,7,0.0,0.015625,0.046875,0.0,0.0,0.0,0.0,0.9375
4,7,0.0,0.015625,0.046875,0.0,0.0,0.0,0.0,0.9375
4,7,0.0,0.015625,0.046875,0.0,0.0,0.0,0.0,0.9375
4,7,0.0,0.015625,0.046875,0.0,0.0,0.0,0.0,0.9375
4,7,0.0,0.015625,0.046875,0.0,0.0,0.0,0.0,0.9375
4,7,0.0,0.015625,0.046875,0.0,0.0,0.0,0.0,0.9375
4,7,0.0,0.015625,0.046875,0.0,0.0,0.0,0.0,0.9375
4,7,0.0,0.015625,0.046875,0.0,0.0,0.0,0.0,0.9375
4,7,0.0,0.015625,0.046875,0.0,0.0,0.0,0.0,0.9375
4,7,0.0,0.015625,0.046875,0.0,0.0,0.0,0.0,0.9375
4,7,0.0,0.015625,0.046875,0.0,0.0,0.0,0.0,0.9375
4,7,0.0,0.015625,0.046875,0.0,0.0,0.0,0.0,0.9375
4,7,0.0,0.015625,0.046875,0.0,0.0,0.0,0.0,0.9375
4,7,0.0,0.015625,0.046875,0.0,0.0,0.0,0.0,0.9375
4,7,0.0,0.015625,0.046875,0.0,0.0,0.0,0.0,0.9375
4,7,0.0,0.015625,0.046875,0.0,0.0,0.0,0.0,0.9375
4,7,0.0,0.015625,0.046875,0.0,0.0,0.0,0.0,0.9375
4,7,0.0,0.015625,0.046875,0.0,0.0,0.0,0.0,0.9375
4,7,0.0,0.015625,0.046875,0.0,0.0,0.0,0.0,0.9375
4,7,0.0,0.015625,0.046875,0.0,0.0,0.0,0.0,0.9375
4,7,0.0,0.015625,0.046875,0.0,0.0,0.0,0.0,0.9375
4,7,0.0,0.015625,0.046875,0.0,0.0,0.0,0.0,0.9375
4,7,0.0,0.015625,0.046875,0.0,0.0,0.0,0.0,0.9375
4,7,0.0,0.015625,0.046875,0.0,0.0,0.0,0.0,0.9375
4,7,0.0,0.015625,0.046875,0.0,0.0,0.0,0.0,0.9375
4,7,0.0,0.015625,0.046875,0.0,0.0,0.0,0.0,0.9375
4,7,0.0,0.015625,0.046875,0.0,0.0,0.0,0.0,0.9375
4,7,0.0,0.015625,0.046875,0.0,0.0,0.0,0.0,0.9375
4,7,0.0,0.015625,0.046875,0.0,0.0,0.0,0.0,0.9375
4,7,0.0,0.015625,0.046875,0.0,0.0,0.0,0.0,0.9375
4,7,0.0,0.015625,0.046875,0.0,0.0,0.0,0.0,0.9375
4,7,0.0,0.015625,0.046875,0.0,0.0,0.0,0.0,0.9375
4,7,0.0,0.015625,0.046875,0.0,0.0,0.0,0.0,0.9375
4,7,0.0,0.015625,0.046875,0.0,0.0,0.0,0.0,0.9375
4,7,0.0,0.015625,0.046875,0.0,0.0,0.0,0.0,0.9375
4,7,0.0,0.015625,0.046875,0.0,0.0,0.0,0.0,0.9375
4,7,0.0,0.015625,0.046875,0.0,0.0,0.0,0.0,0.9375
4,7,0.0,0.03125,0.078125,0.0,0.0,0.0,0.0,0.890625
4,7,0.0,0.03125,0.078125,0.0,0.0,0.0,0.0,0.890625
4,7,0.0,0.03125,0.078125,0.0,0.0,0.0,0.0,0.890625
4,7,0.0,0.03125,0.078125,0.0,0.0,0.0,0.0,0.890625
4,7,0.0,0.03125,0.078125,0.0,0.0,0.0,0.0,0.890625
4,7,0.0,0.03125,0.078125,0.0,0.0,0.0,0.0,0.890625
4,7,0.0,0.03125,0.078125,0.0,0.0,0.0,0.0,0.890625
4,7,0.0,0.03125,0.078125,0.0,0.0,0.0,0.0,0.890625
4,7,0.0,0.03125,0.078125,0.0,0.0,0.0,0.0,0.890625
4,7,0.0,0.03125,0.078125,0.0,0.0,0.0,0.0,0.890625
4,7,0.0,0.03125,0.078125,0.0,0.0,0.0,0.0,0.890625
4,7,0.0,0.03125,0.078125,0.0,0.0,0.0,0.0,0.890625
4,7,0.0,0.03125,0.078125,0.0,0.0,0.0,0.0,0.890625
4,7,0.0,0.03125,0.078125,0.0,0.0,0.0,0.0,0.890625
4,7,0.0,0.03125,0.078125,0.0,0.0,0.0,0.0,0.890625
4,7,0.0,0.03125,0.078125,0.0,0.0,0.0,0.0,0.890625
4,7,0.0,0.03125,0.078125,0.0,0.0,0.0,0.0,0.890625
4,7,0.0,0.03125,0.078125,0.0,0.0,0.0,0.0,0.890625
4,7,0.0,0.03125,0.078125,0.0,0.0,0.0,0.0,0.890625
4,7,0.0,0.03125,0.078125,0.0,0.0,0.0,0.0,0.890625
4,7,0.0,0.03125,0.078125,0.0,0.0,0.0,0.0,0.890625
4,7,0.0,0.03125,0.078125,0.0,0.0,0.0,0.0,0.890625
4,7,0.0,0.03125,0.078125,0.0,0.0,0.0,0.0,0.890625
4,7,0.0,0.03125,0.078125,0.0,0.0,0.0,0.0,0.890625
4,7,0.0,0.03125,0.078125,0.0,0.0,0.0,0.0,0.890625
4,7,0.0,0.03125,0.078125,0.0,0.0,0.0,0.0,0.890625
4,7,0.0,0.03125,0.078125,0.0,0.0,0.0,0.0,0.890625
4,7,0.0,0.03125,0.078125,0.0,0.0,0.0,0.0,0.890625
4,7,0.0,0.03125,0.078125,0.0,0.0,0.0,0.0,0.890625
4,7,0.0,0.03125,0.078125,0.0,0.0,0.0,0.0,0.890625
4,7,0.0,0.03125,0.078125,0.0,0.0,0.0,0.0,0.890625
4,7,0.0,0.03125,0.078125,0.0,0.0,0.0,0.0,0.890625
4,7,0.0,0.03125,0.078125,0.0,0.0,0.0,0.0,0.890625
4,7,0.0,0.03125,0.078125,0.0,0.0,0.0,0.0,0.890625
4,7,0.0,0.03125,0.078125,0.0,0.0,0.0,0.0,0.890625
4,7,0.0,0.03125,0.078125,0.0,0.0,0.0,0.0,0.890625
4,7,0.0,0.03125,0.078125,0.0,0.0,0.0,0.0,0.890625
4,7,0.0,0.03125,0.078125,0.0,0.0,0.0,0.0,0.890625
4,7,0.0,0.03125,0.078125,0.0,0.0,0.0,0.0,0.890625
4,7,0.0,0.03125,0.078125,0.0,0.0,0.0,0.0,0.890625
4,7,0.0,0.03125,0.078125,0.0,0.0,0.0,0.0,0.890625
4,7,0.0,0.03125,0.078125,0.0,0.0,0.0,0.0,0.890625
4,7,0.0,0.046875,0.078125,0.0,0.0,0.0,0.0,0.875
4,7,0.0,0.046875,0.078125,0.0,0.0,0.0,0.0,0.875
4,7,0.0,0.046875,0.078125,0.0,0.0,0.0,0.0,0.875
4,7,0.0,0.046875,0.078125,0.0,0.0,0.0,0.0,0.875
4,7,0.0,0.046875,0.078125,0.0,0.0,0.0,0.0,0.875
4,7,0.0,0.046875,0.078125,0.0,0.0,0.0,0.0,0.875
4,7,0.0,0.046875,0.09375,0.0,0.0,0.0,0.0,0.859375
4,7,0.0,0.046875,0.09375,0.0,0.0,0.0,0.0,0.859375
4,7,0.0,0.046875,0.09375,0.0,0.0,0.0,0.0,0.859375
4,7,0.0,0.046875,0.09375,0.0,0.0,0.0,0.0,0.859375
4,7,0.0,0.046875,0.09375,0.0,0.0,0.0,0.0,0.859375
4,7,0.0,0.046875,0.09375,0.0,0.0,0.0,0.0,0.859375
4,7,0.0,0.046875,0.09375,0.0,0.0,0.0,0.0,0.859375
4,7,0.0,0.046875,0.09375,0.0,0.0,0.0,0.0,0.859375
4,7,0.0,0.046875,0.09375,0.0,0.0,0.0,0.0,0.859375
4,7,0.0,0.046875,0.09375,0.0,0.0,0.0,0.0,0.859375
4,7,0.0,0.046875,0.09375,0.0,0.0,0.0,0.0,0.859375
4,7,0.0,0.046875,0.09375,0.0,0.0,0.0,0.0,0.859375
4,7,0.0,0.046875,0.09375,0.0,0.0,0.0,0.0,0.859375
4,7,0.0,0.046875,0.09375,0.0,0.0,0.0,0.0,0.859375
4,7,0.0,0.046875,0.09375,0.0,0.0,0.0,0.0,0.859375
4,7,0.0,0.046875,0.09375,0.0,0.0,0.0,0.0,0.859375
4,7,0.0,0.046875,0.09375,0.0,0.0,0.0,0.0,0.859375
4,7,0.0,0.046875,0.09375,0.0,0.0,0.0,0.0,0.859375
4,7,0.0,0.046875,0.09375,0.0,0.0,0.0,0.0,0.859375
4,7,0.0,0.046875,0.09375,0.0,0.0,0.0,0.0,0.859375
4,7,0.0,0.046875,0.09375,0.0,0.0,0.0,0.0,0.859375
4,7,0.0,0.046875,0.09375,0.0,0.0,0.0,0.0,0.859375
4,7,0.0,0.046875,0.09375,0.0,0.0,0.0,0.0,0.859375
4,7,0.0,0.046875,0.09375,0.0,0.0,0.0,0.0,0.859375
4,7,0.0,0.046875,0.09375,0.0,0.0,0.0,0.015625,0.84375
4,7,0.0,0.046875,0.09375,0.0,0.0,0.0,0.015625,0.84375
4,7,0.0,0.046875,0.09375,0.0,0.0,0.0,0.015625,0.84375
4,7,0.0,0.046875,0.09375,0.0,0.0,0.0,0.015625,0.84375
4,7,0.0,0.046875,0.09375,0.0,0.0,0.0,0.015625,0.84375
4,7,0.0,0.046875,0.09375,0.0,0.0,0.0,0.015625,0.84375
4,7,0.0,0.046875,0.09375,0.0,0.0,0.0,0.015625,0.84375
4,7,0.0,0.046875,0.09375,0.0,0.0,0.0,0.015625,0.84375
4,7,0.0,0.046875,0.09375,0.0,0.0,0.0,0.015625,0.84375
4,7,0.0,0.046875,0.09375,0.0,0.0,0.0,0.015625,0.84375
4,7,0.0,0.046875,0.09375,0.0,0.0,0.0,0.015625,0.84375
4,7,0.0,0.046875,0.09375,0.0,0.0,0.0,0.015625,0.84375
4,7,0.0,0.046875,0.09375,0.0,0.0,0.0,0.015625,0.84375
4,7,0.0,0.046875,0.09375,0.0,0.0,0.0,0.015625,0.84375
4,7,0.0,0.046875,0.09375,0.0,0.0,0.0,0.015625,0.84375
4,7,0.0,0.046875,0.09375,0.0,0.0,0.0,0.015625,0.84375
4,7,0.0,0.046875,0.09375,0.0,0.0,0.0,0.015625,0.84375
4,7,0.0,0.046875,0.09375,0.0,0.0,0.0,0.015625,0.84375
4,7,0.0,0.046875,0.09375,0.0,0.0,0.0,0.015625,0.84375
4,7,0.0,0.046875,0.09375,0.0,0.0,0.0,0.015625,0.84375
4,7,0.0,0.046875,0.09375,0.0,0.0,0.0,0.015625,0.84375
4,7,0.0,0.046875,0.09375,0.0,0.0,0.0,0.015625,0.84375
4,7,0.0,0.046875,0.09375,0.0,0.0,0.0,0.015625,0.84375
4,7,0.0,0.046875,0.09375,0.0,0.0,0.0,0.015625,0.84375
4,7,0.0,0.046875,0.0625,0.0,0.0,0.0,0.015625,0.875
4,7,0.0,0.046875,0.0625,0.0,0.0,0.0,0.015625,0.875
4,7,0.0,0.046875,0.0625,0.0,0.0,0.0,0.015625,0.875
4,7,0.0,0.046875,0.0625,0.0,0.0,0.0,0.015625,0.875
4,7,0.0,0.046875,0.0625,0.0,0.0,0.0,0.015625,0.875
4,7,0.0,0.046875,0.0625,0.0,0.0,0.0,0.015625,0.875
4,7,0.0,0.046875,0.0625,0.0,0.0,0.0,0.015625,0.875
4,7,0.0,0.046875,0.0625,0.0,0.0,0.0,0.015625,0.875
4,7,0.0,0.046875,0.0625,0.0,0.0,0.0,0.015625,0.875
4,7,0.0,0.046875,0.0625,0.0,0.0,0.0,0.015625,0.875
4,7,0.0,0.046875,0.0625,0.0,0.0,0.0,0.015625,0.875
4,7,0.0,0.046875,0.0625,0.0,0.0,0.0,0.015625,0.875
4,7,0.0,0.046875,0.0625,0.0,0.0,0.0,0.015625,0.875
4,7,0.0,0.046875,0.0625,0.0,0.0,0.0,0.015625,0.875
4,7,0.0,0.046875,0.0625,0.015625,0.0,0.0,0.015625,0.859375
4,7,0.0,0.046875,0.0625,0.015625,0.0,0.0,0.015625,0.859375
4,7,0.0,0.046875,0.0625,0.03125,0.0,0.0,0.015625,0.84375
4,7,0.0,0.046875,0.0625,0.03125,0.0,0.0,0.015625,0.84375
4,7,0.0,0.046875,0.0625,0.03125,0.0,0.0,0.015625,0.84375
4,7,0.0,0.046875,0.0625,0.03125,0.0,0.0,0.015625,0.84375
4,7,0.0,0.046875,0.0625,0.03125,0.0,0.0,0.015625,0.84375
4,7,0.0,0.046875,0.0625,0.03125,0.0,0.0,0.015625,0.84375
4,7,0.0,0.046875,0.0625,0.03125,0.0,0.0,0.015625,0.84375
4,7,0.0,0.046875,0.0625,0.03125,0.0,0.0,0.015625,0.84375
4,7,0.0,0.046875,0.0625,0.0625,0.0,0.0,0.015625,0.8125
4,7,0.0,0.046875,0.0625,0.0625,0.0,0.0,0.015625,0.8125
4,7,0.0,0.046875,0.0625,0.0625,0.0,0.0,0.015625,0.8125
4,7,0.0,0.046875,0.0625,0.0625,0.0,0.0,0.015625,0.8125
4,7,0.0,0.046875,0.0625,0.078125,0.0,0.0,0.015625,0.796875
4,7,0.0,0.046875,0.0625,0.078125,0.0,0.0,0.015625,0.796875
4,7,0.0,0.046875,0.0625,0.078125,0.0,0.0,0.015625,0.796875
4,7,0.0,0.046875,0.0625,0.078125,0.0,0.0,0.015625,0.796875
4,7,0.0,0.046875,0.0625,0.09375,0.0,0.0,0.015625,0.78125
4,7,0.0,0.046875,0.0625,0.09375,0.0,0.0,0.015625,0.78125
4,7,0.0,0.046875,0.0625,0.09375,0.0,0.0,0.015625,0.78125
4,7,0.0,0.046875,0.0625,0.09375,0.0,0.0,0.015625,0.78125
4,7,0.0,0.046875,0.0625,0.09375,0.0,0.0,0.015625,0.78125
4,7,0.0,0.046875,0.0625,0.09375,0.0,0.0,0.015625,0.78125
4,7,0.0,0.046875,0.0625,0.09375,0.0,0.0,0.015625,0.78125
4,7,0.0,0.046875,0.0625,0.09375,0.0,0.0,0.015625,0.78125
4,7,0.0,0.046875,0.0625,0.09375,0.0,0.0,0.015625,0.78125
4,7,0.0,0.046875,0.0625,0.09375,0.0,0.0,0.015625,0.78125
4,7,0.0,0.046875,0.0625,0.09375,0.0,0.0,0.015625,0.78125
4,7,0.0,0.046875,0.0625,0.09375,0.0,0.0,0.015625,0.78125
4,7,0.0,0.046875,0.0625,0.09375,0.0,0.0,0.015625,0.78125
4,7,0.0,0.046875,0.0625,0.09375,0.0,0.0,0.015625,0.78125
4,7,0.0,0.046875,0.0625,0.09375,0.0,0.0,0.015625,0.78125
4,7,0.0,0.046875,0.0625,0.09375,0.0,0.0,0.015625,0.78125
4,7,0.0,0.046875,0.078125,0.125,0.0,0.0,0.015625,0.734375
4,7,0.0,0.046875,0.078125,0.125,0.0,0.0,0.015625,0.734375
4,7,0.0,0.046875,0.078125,0.125,0.0,0.0,0.015625,0.734375
4,7,0.0,0.046875,0.078125,0.125,0.0,0.0,0.015625,0.734375
4,7,0.0,0.0625,0.078125,0.125,0.0,0.0,0.015625,0.71875
4,7,0.0,0.0625,0.078125,0.125,0.0,0.0,0.015625,0.71875
4,7,0.0,0.0625,0.078125,0.125,0.0,0.0,0.015625,0.71875
4,7,0.0,0.0625,0.078125,0.125,0.0,0.0,0.015625,0.71875
4,7,0.0,0.0625,0.078125,0.125,0.0,0.0,0.015625,0.71875
4,7,0.0,0.0625,0.078125,0.140625,0.0,0.0,0.015625,0.703125
4,7,0.0,0.0625,0.078125,0.140625,0.0,0.0,0.015625,0.703125
4,7,0.0,0.0625,0.078125,0.140625,0.0,0.0,0.015625,0.703125
4,7,0.0,0.0625,0.078125,0.140625,0.0,0.0,0.015625,0.703125
4,7,0.0,0.0625,0.078125,0.140625,0.0,0.0,0.015625,0.703125
4,7,0.0,0.0625,0.078125,0.140625,0.0,0.0,0.015625,0.703125
4,7,0.0,0.0625,0.078125,0.140625,0.0,0.0,0.015625,0.703125
4,7,0.0,0.0625,0.078125,0.140625,0.0,0.0,0.015625,0.703125
4,7,0.0,0.0625,0.078125,0.140625,0.0,0.0,0.015625,0.703125
4,7,0.0,0.0625,0.078125,0.15625,0.0,0.0,0.015625,0.6875
4,7,0.0,0.0625,0.078125,0.15625,0.0,0.0,0.015625,0.6875
4,7,0.0,0.0625,0.078125,0.15625,0.0,0.0,0.015625,0.6875
4,7,0.0,0.0625,0.078125,0.15625,0.0,0.0,0.015625,0.6875
4,7,0.0,0.0625,0.078125,0.15625,0.0,0.0,0.015625,0.6875
4,7,0.0,0.0625,0.078125,0.15625,0.0,0.0,0.015625,0.6875
4,7,0.0,0.0625,0.078125,0.15625,0.03125,0.0,0.015625,0.65625
4,7,0.0,0.0625,0.078125,0.15625,0.03125,0.0,0.015625,0.65625
4,7,0.0,0.0625,0.078125,0.15625,0.03125,0.0,0.015625,0.65625
4,7,0.0,0.0625,0.078125,0.15625,0.03125,0.0,0.015625,0.65625
4,7,0.0,0.0625,0.078125,0.15625,0.03125,0.0,0.015625,0.65625
4,7,0.0,0.0625,0.078125,0.15625,0.03125,0.0,0.015625,0.65625
4,7,0.0,0.0625,0.078125,0.15625,0.03125,0.0,0.015625,0.65625
4,7,0.0,0.0625,0.078125,0.15625,0.03125,0.0,0.015625,0.65625
4,7,0.0,0.0625,0.078125,0.1875,0.046875,0.0,0.015625,0.609375
4,7,0.0,0.0625,0.078125,0.1875,0.046875,0.0,0.015625,0.609375
4,7,0.0,0.0625,0.078125,0.1875,0.046875,0.0,0.015625,0.609375
4,7,0.0,0.0625,0.078125,0.1875,0.046875,0.0,0.015625,0.609375
4,7,0.0,0.0625,0.078125,0.203125,0.046875,0.0,0.015625,0.59375
4,7,0.0,0.0625,0.078125,0.21875,0.046875,0.0,0.015625,0.578125
4,7,0.0,0.0625,0.078125,0.21875,0.046875,0.0,0.015625,0.578125
4,7,0.0,0.0625,0.078125,0.21875,0.046875,0.0,0.015625,0.578125
4,7,0.0,0.0625,0.078125,0.21875,0.046875,0.0,0.015625,0.578125
4,7,0.0,0.0625,0.078125,0.21875,0.046875,0.0,0.015625,0.578125
4,7,0.0,0.0625,0.078125,0.21875,0.046875,0.0,0.015625,0.578125
4,7,0.0,0.0625,0.078125,0.21875,0.046875,0.0,0.015625,0.578125
4,7,0.0,0.0625,0.0625,0.234375,0.046875,0.0,0.015625,0.578125
4,7,0.0,0.0625,0.0625,0.234375,0.046875,0.0,0.015625,0.578125
4,7,0.0,0.0625,0.078125,0.234375,0.046875,0.0,0.015625,0.5625
4,7,0.0,0.0625,0.078125,0.234375,0.046875,0.0,0.015625,0.5625
4,7,0.0,0.0625,0.0625,0.28125,0.0625,0.0,0.015625,0.515625
4,7,0.0,0.0625,0.0625,0.28125,0.0625,0.0,0.015625,0.515625
4,7,0.0,0.0625,0.0625,0.28125,0.0625,0.0,0.015625,0.515625
4,7,0.0,0.0625,0.0625,0.28125,0.0625,0.0,0.015625,0.515625
4,7,0.0,0.0625,0.0625,0.28125,0.0625,0.0,0.015625,0.515625
4,7,0.0,0.0625,0.0625,0.28125,0.0625,0.0,0.015625,0.515625
4,7,0.0,0.0625,0.0625,0.296875,0.078125,0.0,0.015625,0.484375
4,7,0.0,0.0625,0.0625,0.296875,0.078125,0.0,0.015625,0.484375
4,7,0.0,0.0625,0.0625,0.296875,0.078125,0.0,0.015625,0.484375
4,7,0.0,0.0625,0.0625,0.296875,0.078125,0.0,0.015625,0.484375
4,7,0.0,0.0625,0.0625,0.296875,0.078125,0.0,0.015625,0.484375
4,7,0.0,0.0625,0.0625,0.296875,0.078125,0.0,0.015625,0.484375
4,7,0.0,0.06349207,0.06349207,0.33333334,0.07936508,0.0,0.015873017,0.44444445
4,7,0.0,0.06349207,0.06349207,0.33333334,0.07936508,0.0,0.015873017,0.44444445
4,7,0.0,0.06349207,0.06349207,0.33333334,0.07936508,0.0,0.015873017,0.44444445
4,7,0.0,0.06349207,0.06349207,0.33333334,0.07936508,0.0,0.015873017,0.44444445
4,7,0.0,0.06349207,0.06349207,0.36507937,0.12698413,0.0,0.015873017,0.36507937
4,7,0.0,0.06349207,0.06349207,0.36507937,0.12698413,0.0,0.015873017,0.36507937
4,7,0.0,0.06349207,0.06349207,0.36507937,0.12698413,0.0,0.015873017,0.36507937
4,7,0.0,0.06349207,0.06349207,0.36507937,0.12698413,0.0,0.015873017,0.36507937
4,7,0.0,0.06349207,0.06349207,0.36507937,0.12698413,0.0,0.015873017,0.36507937
4,7,0.0,0.06349207,0.06349207,0.36507937,0.12698413,0.0,0.015873017,0.36507937
4,7,0.0,0.06349207,0.06349207,0.36507937,0.12698413,0.0,0.015873017,0.36507937
4,7,0.0,0.06349207,0.06349207,0.36507937,0.12698413,0.0,0.015873017,0.36507937
4,3,0.016129032,0.08064516,0.06451613,0.37096775,0.12903225,0.0,0.016129032,0.32258064
4,3,0.016129032,0.08064516,0.06451613,0.37096775,0.12903225,0.0,0.016129032,0.32258064
4,3,0.016129032,0.08064516,0.06451613,0.37096775,0.12903225,0.0,0.016129032,0.32258064
4,3,0.016129032,0.08064516,0.06451613,0.37096775,0.12903225,0.0,0.016129032,0.32258064
4,3,0.016393442,0.08196721,0.06557377,0.37704918,0.13114753,0.0,0.016393442,0.3114754
4,3,0.016393442,0.08196721,0.06557377,0.37704918,0.13114753,0.0,0.016393442,0.3114754
4,3,0.016393442,0.08196721,0.06557377,0.37704918,0.13114753,0.0,0.016393442,0.3114754
4,3,0.016393442,0.08196721,0.06557377,0.37704918,0.13114753,0.0,0.016393442,0.3114754
4,3,0.016393442,0.08196721,0.06557377,0.37704918,0.13114753,0.0,0.016393442,0.3114754
4,3,0.016393442,0.08196721,0.06557377,0.37704918,0.13114753,0.0,0.016393442,0.3114754
4,3,0.016393442,0.08196721,0.06557377,0.37704918,0.13114753,0.0,0.016393442,0.3114754
4,3,0.016393442,0.08196721,0.06557377,0.37704918,0.13114753,0.0,0.016393442,0.3114754
4,3,0.016393442,0.08196721,0.06557377,0.37704918,0.13114753,0.0,0.016393442,0.3114754
4,3,0.016393442,0.08196721,0.06557377,0.37704918,0.13114753,0.0,0.016393442,0.3114754
4,3,0.016393442,0.08196721,0.06557377,0.37704918,0.13114753,0.0,0.016393442,0.3114754
4,3,0.016393442,0.08196721,0.06557377,0.37704918,0.13114753,0.0,0.016393442,0.3114754
4,3,0.016393442,0.08196721,0.06557377,0.37704918,0.13114753,0.0,0.016393442,0.3114754
4,3,0.016393442,0.08196721,0.06557377,0.37704918,0.13114753,0.0,0.016393442,0.3114754
4,3,0.016393442,0.08196721,0.06557377,0.37704918,0.13114753,0.0,0.016393442,0.3114754
4,3,0.016393442,0.08196721,0.06557377,0.37704918,0.13114753,0.0,0.016393442,0.3114754
4,3,0.016393442,0.08196721,0.06557377,0.37704918,0.13114753,0.0,0.016393442,0.3114754
4,3,0.016393442,0.08196721,0.06557377,0.37704918,0.13114753,0.0,0.016393442,0.3114754
4,3,0.016393442,0.08196721,0.06557377,0.37704918,0.13114753,0.0,0.016393442,0.3114754
4,3,0.016393442,0.08196721,0.06557377,0.37704918,0.13114753,0.0,0.016393442,0.3114754
4,3,0.016393442,0.09836066,0.08196721,0.39344263,0.19672132,0.0,0.016393442,0.19672132
4,3,0.016393442,0.09836066,0.08196721,0.39344263,0.19672132,0.0,0.016393442,0.19672132
4,3,0.016393442,0.09836066,0.08196721,0.39344263,0.19672132,0.0,0.016393442,0.19672132
4,3,0.016393442,0.09836066,0.08196721,0.39344263,0.21311475,0.0,0.016393442,0.18032786
4,3,0.016393442,0.09836066,0.08196721,0.39344263,0.21311475,0.0,0.016393442,0.18032786
4,3,0.016393442,0.09836066,0.08196721,0.39344263,0.21311475,0.0,0.016393442,0.18032786
2,3,0.016393442,0.09836066,0.06557377,0.39344263,0.22950819,0.0,0.016393442,0.18032786
2,3,0.016393442,0.09836066,0.06557377,0.39344263,0.22950819,0.0,0.016393442,0.18032786
2,3,0.016393442,0.09836066,0.06557377,0.40983605,0.22950819,0.0,0.016393442,0.16393442
2,3,0.016393442,0.09836066,0.06557377,0.40983605,0.22950819,0.0,0.016393442,0.16393442
2,3,0.016393442,0.09836066,0.06557377,0.40983605,0.22950819,0.0,0.016393442,0.16393442
2,3,0.016393442,0.09836066,0.06557377,0.40983605,0.22950819,0.0,0.016393442,0.16393442
2,3,0.016393442,0.09836066,0.06557377,0.40983605,0.22950819,0.0,0.016393442,0.16393442
2,3,0.016393442,0.09836066,0.06557377,0.40983605,0.22950819,0.0,0.016393442,0.16393442
2,3,0.016393442,0.09836066,0.06557377,0.40983605,0.22950819,0.0,0.016393442,0.16393442
2,3,0.016393442,0.09836066,0.06557377,0.40983605,0.22950819,0.0,0.016393442,0.16393442
2,3,0.016393442,0.09836066,0.06557377,0.40983605,0.22950819,0.0,0.016393442,0.16393442
2,3,0.016393442,0.09836066,0.06557377,0.40983605,0.22950819,0.0,0.016393442,0.16393442
2,3,0.016393442,0.09836066,0.06557377,0.4262295,0.22950819,0.0,0.016393442,0.14754099
2,3,0.016393442,0.09836066,0.06557377,0.4262295,0.22950819,0.0,0.016393442,0.14754099
2,3,0.016393442,0.09836066,0.06557377,0.4262295,0.22950819,0.0,0.016393442,0.14754099
2,3,0.016393442,0.09836066,0.06557377,0.4262295,0.22950819,0.0,0.016393442,0.14754099
2,3,0.016393442,0.09836066,0.06557377,0.4262295,0.22950819,0.0,0.016393442,0.14754099
2,3,0.016393442,0.09836066,0.06557377,0.4262295,0.22950819,0.0,0.016393442,0.14754099
2,3,0.016393442,0.09836066,0.06557377,0.4262295,0.26229507,0.0,0.016393442,0.114754096
2,3,0.016393442,0.09836066,0.06557377,0.4262295,0.26229507,0.0,0.016393442,0.114754096
2,3,0.016393442,0.09836066,0.06557377,0.4262295,0.26229507,0.0,0.016393442,0.114754096
2,3,0.016393442,0.09836066,0.06557377,0.4262295,0.26229507,0.0,0.016393442,0.114754096
2,3,0.016393442,0.09836066,0.06557377,0.4262295,0.26229507,0.0,0.016393442,0.114754096
2,3,0.016393442,0.09836066,0.06557377,0.40983605,0.27868852,0.0,0.016393442,0.114754096
2,3,0.016393442,0.09836066,0.06557377,0.39344263,0.29508197,0.0,0.016393442,0.114754096
2,3,0.016393442,0.09836066,0.06557377,0.39344263,0.29508197,0.0,0.016393442,0.114754096
2,3,0.016393442,0.09836066,0.06557377,0.37704918,0.3114754,0.0,0.016393442,0.114754096
2,3,0.016393442,0.09836066,0.06557377,0.37704918,0.3114754,0.0,0.016393442,0.114754096
2,3,0.016393442,0.09836066,0.06557377,0.37704918,0.3114754,0.0,0.016393442,0.114754096
2,3,0.016393442,0.09836066,0.06557377,0.37704918,0.3114754,0.0,0.016393442,0.114754096
2,3,0.016393442,0.09836066,0.06557377,0.37704918,0.3114754,0.0,0.016393442,0.114754096
2,3,0.016393442,0.09836066,0.06557377,0.37704918,0.3114754,0.0,0.016393442,0.114754096
2,3,0.016393442,0.09836066,0.06557377,0.37704918,0.3114754,0.0,0.016393442,0.114754096
2,3,0.016393442,0.09836066,0.06557377,0.37704918,0.3114754,0.0,0.016393442,0.114754096
2,3,0.016393442,0.09836066,0.06557377,0.37704918,0.3114754,0.0,0.016393442,0.114754096
2,3,0.016393442,0.09836066,0.06557377,0.37704918,0.3114754,0.0,0.016393442,0.114754096
2,3,0.016393442,0.09836066,0.06557377,0.37704918,0.3114754,0.0,0.016393442,0.114754096
2,3,0.016393442,0.09836066,0.06557377,0.37704918,0.3114754,0.0,0.016393442,0.114754096
2,3,0.016393442,0.09836066,0.06557377,0.37704918,0.3114754,0.0,0.016393442,0.114754096
2,3,0.016393442,0.09836066,0.06557377,0.37704918,0.3114754,0.0,0.016393442,0.114754096
2,3,0.016393442,0.09836066,0.06557377,0.37704918,0.3114754,0.0,0.016393442,0.114754096
2,3,0.016393442,0.09836066,0.06557377,0.37704918,0.3114754,0.0,0.016393442,0.114754096
2,4,0.0,0.048387095,0.032258064,0.30645162,0.58064514,0.0,0.016129032,0.016129032
2,4,0.0,0.048387095,0.032258064,0.30645162,0.58064514,0.0,0.016129032,0.016129032
2,4,0.0,0.048387095,0.032258064,0.30645162,0.58064514,0.0,0.016129032,0.016129032
2,4,0.0,0.048387095,0.032258064,0.30645162,0.58064514,0.0,0.016129032,0.016129032
2,4,0.0,0.048387095,0.032258064,0.30645162,0.58064514,0.0,0.016129032,0.016129032
2,4,0.0,0.048387095,0.032258064,0.30645162,0.58064514,0.0,0.016129032,0.016129032
2,4,0.0,0.048387095,0.032258064,0.30645162,0.58064514,0.0,0.016129032,0.016129032
2,4,0.0,0.048387095,0.032258064,0.30645162,0.58064514,0.0,0.016129032,0.016129032
2,4,0.0,0.048387095,0.032258064,0.30645162,0.58064514,0.0,0.016129032,0.016129032
2,4,0.0,0.048387095,0.032258064,0.30645162,0.58064514,0.0,0.016129032,0.016129032
2,4,0.0,0.048387095,0.032258064,0.30645162,0.58064514,0.0,0.016129032,0.016129032
2,4,0.0,0.048387095,0.032258064,0.30645162,0.58064514,0.0,0.016129032,0.016129032
2,4,0.0,0.048387095,0.032258064,0.30645162,0.58064514,0.0,0.016129032,0.016129032
2,4,0.0,0.048387095,0.032258064,0.30645162,0.58064514,0.0,0.016129032,0.016129032
2,4,0.0,0.048387095,0.032258064,0.30645162,0.58064514,0.0,0.016129032,0.016129032
2,4,0.0,0.048387095,0.032258064,0.30645162,0.58064514,0.0,0.016129032,0.016129032
2,4,0.0,0.048387095,0.032258064,0.29032257,0.5967742,0.0,0.016129032,0.016129032
2,4,0.0,0.048387095,0.032258064,0.29032257,0.5967742,0.0,0.016129032,0.016129032
2,4,0.0,0.048387095,0.032258064,0.27419356,0.61290324,0.0,0.016129032,0.016129032
2,4,0.0,0.048387095,0.032258064,0.27419356,0.61290324,0.0,0.016129032,0.016129032
2,4,0.0,0.04761905,0.031746034,0.26984128,0.61904764,0.0,0.015873017,0.015873017
2,4,0.0,0.04761905,0.031746034,0.26984128,0.61904764,0.0,0.015873017,0.015873017
2,4,0.0,0.04761905,0.031746034,0.26984128,0.61904764,0.0,0.015873017,0.015873017
2,4,0.0,0.04761905,0.031746034,0.26984128,0.61904764,0.0,0.015873017,0.015873017
2,4,0.0,0.031746034,0.031746034,0.26984128,0.63492066,0.0,0.015873017,0.015873017
2,4,0.0,0.031746034,0.031746034,0.26984128,0.63492066,0.0,0.015873017,0.015873017
2,4,0.0,0.031746034,0.04761905,0.25396827,0.63492066,0.0,0.015873017,0.015873017
2,4,0.0,0.031746034,0.04761905,0.25396827,0.63492066,0.0,0.015873017,0.015873017
2,4,0.0,0.031746034,0.04761905,0.25396827,0.63492066,0.0,0.015873017,0.015873017
2,4,0.0,0.031746034,0.04761905,0.23809524,0.6507937,0.0,0.015873017,0.015873017
2,4,0.0,0.031746034,0.04761905,0.23809524,0.6507937,0.0,0.015873017,0.015873017
2,4,0.0,0.031746034,0.04761905,0.23809524,0.6507937,0.0,0.015873017,0.015873017
2,4,0.0,0.031746034,0.04761905,0.23809524,0.6507937,0.0,0.015873017,0.015873017
2,4,0.0,0.031746034,0.04761905,0.23809524,0.6507937,0.0,0.015873017,0.015873017
2,4,0.0,0.031746034,0.04761905,0.23809524,0.6507937,0.0,0.015873017,0.015873017
2,4,0.0,0.031746034,0.04761905,0.20634921,0.6825397,0.0,0.015873017,0.015873017
2,4,0.0,0.03125,0.046875,0.203125,0.703125,0.0,0.0,0.015625
2,4,0.0,0.03125,0.046875,0.203125,0.703125,0.0,0.0,0.015625
2,4,0.0,0.03125,0.046875,0.203125,0.703125,0.0,0.0,0.015625
2,4,0.0,0.03125,0.046875,0.203125,0.703125,0.0,0.0,0.015625
2,4,0.0,0.03125,0.046875,0.1875,0.71875,0.0,0.0,0.015625
2,4,0.0,0.03125,0.046875,0.1875,0.71875,0.0,0.0,0.015625
2,4,0.0,0.03125,0.046875,0.1875,0.71875,0.0,0.0,0.015625
2,4,0.0,0.03125,0.046875,0.1875,0.71875,0.0,0.0,0.015625
2,4,0.0,0.03125,0.046875,0.1875,0.71875,0.0,0.0,0.015625
2,4,0.0,0.03125,0.046875,0.1875,0.71875,0.0,0.0,0.015625
2,4,0.0,0.03125,0.046875,0.1875,0.71875,0.0,0.0,0.015625
2,4,0.0,0.03125,0.046875,0.171875,0.734375,0.0,0.0,0.015625
2,4,0.0,0.03125,0.03125,0.15625,0.765625,0.0,0.0,0.015625
2,4,0.0,0.03125,0.03125,0.15625,0.765625,0.0,0.0,0.015625
2,4,0.0,0.03125,0.03125,0.140625,0.78125,0.0,0.0,0.015625
2,4,0.0,0.03125,0.03125,0.140625,0.78125,0.0,0.0,0.015625
2,4,0.0,0.03125,0.03125,0.125,0.8125,0.0,0.0,0.0
2,4,0.0,0.03125,0.03125,0.125,0.8125,0.0,0.0,0.0
2,4,0.0,0.03125,0.03125,0.125,0.8125,0.0,0.0,0.0
2,4,0.0,0.03125,0.03125,0.125,0.8125,0.0,0.0,0.0
2,4,0.0,0.03125,0.03125,0.09375,0.84375,0.0,0.0,0.0
2,4,0.0,0.03125,0.03125,0.09375,0.84375,0.0,0.0,0.0
2,4,0.0,0.03125,0.03125,0.09375,0.84375,0.0,0.0,0.0
2,4,0.0,0.03125,0.03125,0.09375,0.84375,0.0,0.0,0.0
2,4,0.0,0.015625,0.015625,0.078125,0.890625,0.0,0.0,0.0
2,4,0.0,0.015625,0.015625,0.078125,0.890625,0.0,0.0,0.0
2,4,0.0,0.015625,0.015625,0.078125,0.890625,0.0,0.0,0.0
2,4,0.0,0.015625,0.015625,0.078125,0.890625,0.0,0.0,0.0
2,4,0.0,0.015625,0.015625,0.078125,0.890625,0.0,0.0,0.0
2,4,0.0,0.015625,0.015625,0.078125,0.890625,0.0,0.0,0.0
2,4,0.0,0.0,0.015625,0.078125,0.90625,0.0,0.0,0.0
2,4,0.0,0.0,0.015625,0.078125,0.90625,0.0,0.0,0.0
2,4,0.0,0.0,0.015625,0.078125,0.90625,0.0,0.0,0.0
2,4,0.0,0.0,0.015625,0.078125,0.90625,0.0,0.0,0.0
2,4,0.0,0.0,0.015625,0.078125,0.90625,0.0,0.0,0.0
2,4,0.0,0.0,0.015625,0.078125,0.90625,0.0,0.0,0.0
2,4,0.0,0.0,0.015625,0.078125,0.90625,0.0,0.0,0.0
2,4,0.0,0.0,0.015625,0.078125,0.90625,0.0,0.0,0.0
2,4,0.0,0.0,0.015625,0.078125,0.90625,0.0,0.0,0.0
2,4,0.0,0.0,0.015625,0.078125,0.90625,0.0,0.0,0.0
2,4,0.0,0.0,0.015625,0.078125,0.90625,0.0,0.0,0.0
2,4,0.0,0.0,0.015625,0.078125,0.90625,0.0,0.0,0.0
2,4,0.0,0.0,0.015625,0.078125,0.90625,0.0,0.0,0.0
2,4,0.0,0.0,0.015625,0.078125,0.90625,0.0,0.0,0.0
2,4,0.0,0.0,0.0,0.0625,0.9375,0.0,0.0,0.0
2,4,0.0,0.0,0.0,0.0625,0.9375,0.0,0.0,0.0
2,4,0.0,0.0,0.0,0.0625,0.9375,0.0,0.0,0.0
2,4,0.0,0.0,0.0,0.0625,0.9375,0.0,0.0,0.0
2,4,0.0,0.0,0.0,0.046875,0.953125,0.0,0.0,0.0
2,4,0.0,0.0,0.0,0.046875,0.953125,0.0,0.0,0.0
2,4,0.0,0.0,0.0,0.046875,0.953125,0.0,0.0,0.0
2,4,0.0,0.0,0.0,0.046875,0.953125,0.0,0.0,0.0
2,4,0.0,0.0,0.0,0.046875,0.953125,0.0,0.0,0.0
2,4,0.0,0.0,0.0,0.046875,0.953125,0.0,0.0,0.0
2,4,0.0,0.0,0.0,0.046875,0.953125,0.0,0.0,0.0
2,4,0.0,0.0,0.0,0.046875,0.953125,0.0,0.0,0.0
2,4,0.0,0.0,0.0,0.046875,0.953125,0.0,0.0,0.0
2,4,0.0,0.0,0.0,0.046875,0.953125,0.0,0.0,0.0
2,4,0.0,0.0,0.0,0.046875,0.953125,0.0,0.0,0.0
2,4,0.0,0.0,0.0,0.046875,0.953125,0.0,0.0,0.0
2,4,0.0,0.0,0.0,0.046875,0.953125,0.0,0.0,0.0
2,4,0.0,0.0,0.0,0.046875,0.953125,0.0,0.0,0.0
2,4,0.0,0.0,0.0,0.046875,0.953125,0.0,0.0,0.0
2,4,0.0,0.0,0.0,0.046875,0.953125,0.0,0.0,0.0
2,4,0.0,0.0,0.0,0.046875,0.953125,0.0,0.0,0.0
2,4,0.0,0.0,0.0,0.046875,0.953125,0.0,0.0,0.0
2,4,0.0,0.0,0.0,0.046875,0.953125,0.0,0.0,0.0
2,4,0.0,0.0,0.0,0.046875,0.953125,0.0,0.0,0.0
2,4,0.0,0.0,0.0,0.046875,0.953125,0.0,0.0,0.0
2,4,0.0,0.0,0.0,0.046875,0.953125,0.0,0.0,0.0
2,4,0.0,0.0,0.0,0.046875,0.953125,0.0,0.0,0.0
2,4,0.0,0.0,0.0,0.046875,0.953125,0.0,0.0,0.0
2,4,0.0,0.0,0.0,0.046875,0.953125,0.0,0.0,0.0
2,4,0.0,0.0,0.0,0.046875,0.953125,0.0,0.0,0.0
2,4,0.0,0.0,0.0,0.046875,0.953125,0.0,0.0,0.0
2,4,0.0,0.0,0.0,0.046875,0.953125,0.0,0.0,0.0
2,4,0.0,0.0,0.0,0.046875,0.953125,0.0,0.0,0.0
2,4,0.0,0.0,0.0,0.046875,0.953125,0.0,0.0,0.0
2,4,0.0,0.0,0.0,0.046875,0.953125,0.0,0.0,0.0
2,4,0.0,0.0,0.0,0.046875,0.953125,0.0,0.0,0.0
2,4,0.0,0.0,0.0,0.046875,0.953125,0.0,0.0,0.0
2,4,0.0,0.0,0.0,0.046875,0.953125,0.0,0.0,0.0
2,4,0.0,0.0,0.0,0.046875,0.953125,0.0,0.0,0.0
2,4,0.0,0.0,0.0,0.046875,0.953125,0.0,0.0,0.0
2,4,0.0,0.0,0.0,0.046875,0.953125,0.0,0.0,0.0
2,4,0.0,0.0,0.0,0.046875,0.953125,0.0,0.0,0.0
2,4,0.0,0.0,0.0,0.046875,0.953125,0.0,0.0,0.0
2,4,0.0,0.0,0.0,0.046875,0.953125,0.0,0.0,0.0
2,4,0.0,0.0,0.0,0.046875,0.953125,0.0,0.0,0.0
2,4,0.0,0.0,0.0,0.046875,0.953125,0.0,0.0,0.0
2,4,0.0,0.0,0.0,0.03125,0.96875,0.0,0.0,0.0
2,4,0.0,0.0,0.0,0.03125,0.96875,0.0,0.0,0.0
2,4,0.0,0.0,0.0,0.015625,0.984375,0.0,0.0,0.0
2,4,0.0,0.0,0.0,0.015625,0.984375,0.0,0.0,0.0
2,4,0.0,0.0,0.0,0.015625,0.984375,0.0,0.0,0.0
2,4,0.0,0.0,0.0,0.015625,0.984375,0.0,0.0,0.0
2,4,0.0,0.0,0.0,0.015625,0.984375,0.0,0.0,0.0
2,4,0.0,0.0,0.0,0.015625,0.984375,0.0,0.0,0.0
2,4,0.0,0.0,0.0,0.015625,0.984375,0.0,0.0,0.0
2,4,0.0,0.0,0.0,0.015625,0.984375,0.0,0.0,0.0
2,4,0.0,0.0,0.0,0.015625,0.984375,0.0,0.0,0.0
2,4,0.0,0.0,0.0,0.015625,0.984375,0.0,0.0,0.0
2,4,0.0,0.0,0.0,0.015625,0.984375,0.0,0.0,0.0
2,4,0.0,0.0,0.0,0.015625,0.984375,0.0,0.0,0.0
2,4,0.0,0.0,0.0,0.015625,0.984375,0.0,0.0,0.0
2,4,0.0,0.0,0.0,0.015625,0.984375,0.0,0.0,0.0
2,4,0.0,0.0,0.0,0.015625,0.984375,0.0,0.0,0.0
2,4,0.0,0.0,0.0,0.015625,0.984375,0.0,0.0,0.0
2,4,0.0,0.0,0.0,0.015625,0.984375,0.0,0.0,0.0
2,4,0.0,0.0,0.0,0.015625,0.984375,0.0,0.0,0.0
2,4,0.0,0.0,0.0,0.015625,0.984375,0.0,0.0,0.0
2,4,0.0,0.0,0.0,0.015625,0.984375,0.0,0.0,0.0
2,4,0.0,0.0,0.0,0.015625,0.984375,0.0,0.0,0.0
2,4,0.0,0.0,0.0,0.015625,0.984375,0.0,0.0,0.0
2,4,0.0,0.0,0.0,0.015625,0.984375,0.0,0.0,0.0
2,4,0.0,0.0,0.0,0.015625,0.984375,0.0,0.0,0.0
2,4,0.0,0.0,0.0,0.015625,0.984375,0.0,0.0,0.0
2,4,0.0,0.0,0.0,0.015625,0.984375,0.0,0.0,0.0
2,4,0.0,0.0,0.0,0.015625,0.984375,0.0,0.0,0.0
2,4,0.0,0.0,0.0,0.015625,0.984375,0.0,0.0,0.0
2,4,0.0,0.0,0.0,0.015625,0.984375,0.0,0.0,0.0
2,4,0.0,0.0,0.0,0.015625,0.984375,0.0,0.0,0.0
2,4,0.0,0.0,0.0,0.015625,0.984375,0.0,0.0,0.0
2,4,0.0,0.0,0.0,0.015625,0.984375,0.0,0.0,0.0
2,4,0.0,0.0,0.0,0.015625,0.984375,0.0,0.0,0.0
2,4,0.0,0.0,0.0,0.015625,0.984375,0.0,0.0,0.0
2,4,0.0,0.0,0.0,0.015625,0.984375,0.0,0.0,0.0
2,4,0.0,0.0,0.0,0.015625,0.984375,0.0,0.0,0.0
2,4,0.0,0.0,0.0,0.015625,0.984375,0.0,0.0,0.0
2,4,0.0,0.0,0.0,0.015625,0.984375,0.0,0.0,0.0
2,4,0.0,0.0,0.0,0.015625,0.984375,0.0,0.0,0.0
2,4,0.0,0.0,0.0,0.015625,0.984375,0.0,0.0,0.0
2,4,0.0,0.0,0.0,0.0,1.0,0.0,0.0,0.0
2,4,0.0,0.0,0.0,0.0,1.0,0.0,0.0,0.0
2,4,0.0,0.0,0.0,0.0,1.0,0.0,0.0,0.0
2,4,0.0,0.0,0.0,0.0,1.0,0.0,0.0,0.0
2,4,0.0,0.0,0.0,0.0,1.0,0.0,0.0,0.0
2,4,0.0,0.0,0.0,0.0,1.0,0.0,0.0,0.0
2,4,0.0,0.0,0.0,0.0,1.0,0.0,0.0,0.0
2,4,0.0,0.0,0.0,0.0,1.0,0.0,0.0,0.0
2,4,0.0,0.0,0.0,0.0,1.0,0.0,0.0,0.0
2,4,0.0,0.0,0.0,0.0,1.0,0.0,0.0,0.0
2,4,0.0,0.0,0.0,0.0,1.0,0.0,0.0,0.0
2,4,0.0,0.0,0.0,0.0,1.0,0.0,0.0,0.0
2,4,0.0,0.0,0.0,0.0,1.0,0.0,0.0,0.0
2,4,0.0,0.0,0.0,0.0,1.0,0.0,0.0,0.0
2,4,0.0,0.0,0.0,0.0,1.0,0.0,0.0,0.0
2,4,0.0,0.0,0.0,0.0,1.0,0.0,0.0,0.0
2,4,0.0,0.0,0.0,0.0,1.0,0.0,0.0,0.0
2,4,0.0,0.0,0.0,0.0,1.0,0.0,0.0,0.0
2,4,0.0,0.0,0.0,0.0,1.0,0.0,0.0,0.0
2,4,0.0,0.0,0.0,0.0,1.0,0.0,0.0,0.0
2,4,0.0,0.0,0.0,0.0,1.0,0.0,0.0,0.0
2,4,0.0,0.0,0.0,0.0,1.0,0.0,0.0,0.0
2,4,0.0,0.0,0.0,0.0,1.0,0.0,0.0,0.0
2,4,0.0,0.0,0.0,0.0,1.0,0.0,0.0,0.0
2,4,0.0,0.0,0.0,0.0,1.0,0.0,0.0,0.0
2,4,0.0,0.0,0.0,0.0,1.0,0.0,0.0,0.0
2,4,0.0,0.0,0.0,0.0,1.0,0.0,0.0,0.0
2,4,0.0,0.0,0.0,0.0,1.0,0.0,0.0,0.0
2,4,0.0,0.0,0.0,0.0,1.0,0.0,0.0,0.0
2,4,0.0,0.0,0.0,0.0,1.0,0.0,0.0,0.0
2,4,0.0,0.0,0.0,0.0,1.0,0.0,0.0,0.0
2,4,0.0,0.0,0.0,0.0,1.0,0.0,0.0,0.0
2,4,0.0,0.0,0.0,0.0,1.0,0.0,0.0,0.0
2,4,0.0,0.0,0.0,0.0,1.0,0.0,0.0,0.0
2,4,0.0,0.0,0.0,0.0,1.0,0.0,0.0,0.0
2,4,0.0,0.0,0.0,0.0,1.0,0.0,0.0,0.0
2,4,0.0,0.0,0.0,0.0,1.0,0.0,0.0,0.0
2,4,0.0,0.0,0.0,0.0,1.0,0.0,0.0,0.0
2,4,0.0,0.0,0.0,0.0,1.0,0.0,0.0,0.0
2,4,0.0,0.0,0.0,0.0,1.0,0.0,0.0,0.0
2,4,0.0,0.0,0.0,0.0,1.0,0.0,0.0,0.0
2,4,0.0,0.0,0.0,0.0,1.0,0.0,0.0,0.0
2,4,0.0,0.0,0.0,0.0,1.0,0.0,0.0,0.0
2,4,0.0,0.0,0.0,0.0,1.0,0.0,0.0,0.0
2,4,0.0,0.0,0.0,0.0,1.0,0.0,0.0,0.0
2,4,0.0,0.0,0.0,0.0,1.0,0.0,0.0,0.0
2,4,0.0,0.0,0.0,0.0,1.0,0.0,0.0,0.0
2,4,0.0,0.0,0.0,0.0,1.0,0.0,0.0,0.0
2,4,0.0,0.0,0.0,0.0,1.0,0.0,0.0,0.0
2,4,0.0,0.0,0.0,0.0,1.0,0.0,0.0,0.0
2,4,0.0,0.0,0.0,0.0,1.0,0.0,0.0,0.0
2,4,0.0,0.0,0.0,0.0,1.0,0.0,0.0,0.0
2,4,0.0,0.0,0.0,0.0,1.0,0.0,0.0,0.0
2,4,0.0,0.0,0.0,0.0,1.0,0.0,0.0,0.0
2,4,0.0,0.0,0.0,0.0,1.0,0.0,0.0,0.0
2,4,0.0,0.0,0.0,0.0,1.0,0.0,0.0,0.0
2,4,0.0,0.0,0.0,0.0,1.0,0.0,0.0,0.0
2,4,0.0,0.0,0.0,0.0,1.0,0.0,0.0,0.0
2,4,0.0,0.0,0.0,0.0,1.0,0.0,0.0,0.0
2,4,0.0,0.0,0.0,0.0,1.0,0.0,0.0,0.0
2,4,0.0,0.0,0.0,0.0,1.0,0.0,0.0,0.0
2,4,0.0,0.0,0.0,0.0,1.0,0.0,0.0,0.0
2,4,0.0,0.0,0.0,0.0,1.0,0.0,0.0,0.0
2,4,0.0,0.0,0.0,0.0,1.0,0.0,0.0,0.0
2,4,0.0,0.0,0.0,0.0,1.0,0.0,0.0,0.0
2,4,0.0,0.0,0.0,0.0,1.0,0.0,0.0,0.0
2,4,0.0,0.0,0.0,0.0,1.0,0.0,0.0,0.0
2,4,0.0,0.0,0.0,0.0,1.0,0.0,0.0,0.0
2,4,0.0,0.0,0.0,0.0,1.0,0.0,0.0,0.0
2,4,0.0,0.0,0.0,0.0,1.0,0.0,0.0,0.0
2,4,0.0,0.0,0.0,0.0,1.0,0.0,0.0,0.0
2,4,0.0,0.0,0.0,0.0,1.0,0.0,0.0,0.0
2,4,0.0,0.0,0.0,0.0,1.0,0.0,0.0,0.0
2,4,0.0,0.0,0.0,0.0,1.0,0.0,0.0,0.0
2,4,0.0,0.0,0.0,0.0,1.0,0.0,0.0,0.0
2,4,0.0,0.0,0.0,0.0,1.0,0.0,0.0,0.0
2,4,0.0,0.0,0.0,0.0,1.0,0.0,0.0,0.0
2,4,0.0,0.0,0.0,0.0,1.0,0.0,0.0,0.0
2,4,0.0,0.0,0.0,0.0,1.0,0.0,0.0,0.0
2,4,0.0,0.0,0.0,0.0,1.0,0.0,0.0,0.0
2,4,0.0,0.0,0.0,0.0,1.0,0.0,0.0,0.0
2,4,0.0,0.0,0.0,0.0,1.0,0.0,0.0,0.0
2,4,0.0,0.0,0.0,0.0,1.0,0.0,0.0,0.0
2,4,0.0,0.0,0.0,0.0,1.0,0.0,0.0,0.0
2,4,0.0,0.0,0.0,0.0,1.0,0.0,0.0,0.0
2,4,0.0,0.0,0.0,0.0,1.0,0.0,0.0,0.0
2,4,0.0,0.0,0.0,0.0,1.0,0.0,0.0,0.0
2,4,0.0,0.0,0.0,0.0,1.0,0.0,0.0,0.0
2,4,0.0,0.0,0.0,0.0,1.0,0.0,0.0,0.0
2,4,0.0,0.0,0.0,0.0,1.0,0.0,0.0,0.0
2,4,0.0,0.0,0.0,0.0,1.0,0.0,0.0,0.0
2,4,0.0,0.0,0.0,0.0,1.0,0.0,0.0,0.0
2,4,0.0,0.0,0.0,0.0,1.0,0.0,0.0,0.0
2,4,0.0,0.0,0.0,0.0,1.0,0.0,0.0,0.0
2,4,0.0,0.0,0.0,0.0,1.0,0.0,0.0,0.0
2,4,0.0,0.0,0.0,0.0,1.0,0.0,0.0,0.0
2,4,0.0,0.0,0.0,0.0,1.0,0.0,0.0,0.0
2,4,0.0,0.0,0.0,0.0,1.0,0.0,0.0,0.0
2,4,0.0,0.0,0.0,0.0,1.0,0.0,0.0,0.0
2,4,0.0,0.0,0.0,0.0,1.0,0.0,0.0,0.0
2,4,0.0,0.0,0.0,0.0,1.0,0.0,0.0,0.0
2,4,0.0,0.0,0.0,0.0,1.0,0.0,0.0,0.0
2,4,0.0,0.0,0.0,0.0,1.0,0.0,0.0,0.0
2,4,0.0,0.0,0.0,0.0,1.0,0.0,0.0,0.0
2,4,0.0,0.0,0.0,0.0,1.0,0.0,0.0,0.0
2,4,0.0,0.0,0.0,0.0,1.0,0.0,0.0,0.0
2,4,0.0,0.0,0.0,0.0,1.0,0.0,0.0,0.0
2,4,0.0,0.0,0.0,0.0,1.0,0.0,0.0,0.0
2,4,0.0,0.0,0.0,0.0,1.0,0.0,0.0,0.0
2,4,0.0,0.0,0.0,0.0,1.0,0.0,0.0,0.0
2,4,0.0,0.0,0.0,0.0,1.0,0.0,0.0,0.0
2,4,0.0,0.0,0.0,0.0,1.0,0.0,0.0,0.0
2,4,0.0,0.0,0.0,0.015625,0.984375,0.0,0.0,0.0
2,4,0.0,0.0,0.0,0.015625,0.984375,0.0,0.0,0.0
2,4,0.0,0.0,0.0,0.015625,0.984375,0.0,0.0,0.0
2,4,0.0,0.0,0.0,0.015625,0.984375,0.0,0.0,0.0
2,4,0.0,0.0,0.0,0.015625,0.984375,0.0,0.0,0.0
2,4,0.0,0.0,0.0,0.015625,0.984375,0.0,0.0,0.0
2,4,0.0,0.0,0.0,0.015625,0.984375,0.0,0.0,0.0
2,4,0.0,0.0,0.0,0.015625,0.984375,0.0,0.0,0.0
2,4,0.0,0.0,0.0,0.015625,0.984375,0.0,0.0,0.0
2,4,0.0,0.0,0.0,0.015625,0.984375,0.0,0.0,0.0
2,4,0.0,0.0,0.0,0.015625,0.984375,0.0,0.0,0.0
2,4,0.0,0.0,0.0,0.015625,0.984375,0.0,0.0,0.0
2,4,0.0,0.0,0.0,0.015625,0.984375,0.0,0.0,0.0
2,4,0.0,0.0,0.0,0.015625,0.984375,0.0,0.0,0.0
2,4,0.0,0.0,0.0,0.015625,0.984375,0.0,0.0,0.0
2,4,0.0,0.0,0.0,0.015625,0.984375,0.0,0.0,0.0
2,4,0.0,0.0,0.0,0.015625,0.984375,0.0,0.0,0.0
2,4,0.0,0.0,0.0,0.015873017,0.984127,0.0,0.0,0.0
2,4,0.0,0.0,0.0,0.015873017,0.984127,0.0,0.0,0.0
2,4,0.0,0.0,0.0,0.015873017,0.984127,0.0,0.0,0.0
2,4,0.0,0.0,0.0,0.015873017,0.984127,0.0,0.0,0.0
2,4,0.0,0.0,0.0,0.015873017,0.984127,0.0,0.0,0.0
2,4,0.0,0.0,0.0,0.015873017,0.984127,0.0,0.0,0.0
2,4,0.0,0.0,0.0,0.015873017,0.984127,0.0,0.0,0.0
2,4,0.0,0.0,0.0,0.015873017,0.984127,0.0,0.0,0.0
2,4,0.0,0.0,0.0,0.015873017,0.984127,0.0,0.0,0.0
2,4,0.0,0.0,0.0,0.015873017,0.984127,0.0,0.0,0.0
2,4,0.0,0.0,0.0,0.015873017,0.984127,0.0,0.0,0.0
2,4,0.0,0.0,0.0,0.015873017,0.984127,0.0,0.0,0.0
2,4,0.0,0.0,0.0,0.015873017,0.984127,0.0,0.0,0.0
2,4,0.0,0.0,0.0,0.015873017,0.984127,0.0,0.0,0.0
2,4,0.0,0.0,0.0,0.015873017,0.984127,0.0,0.0,0.0
2,4,0.0,0.0,0.0,0.015873017,0.984127,0.0,0.0,0.0
2,4,0.0,0.0,0.0,0.015873017,0.984127,0.0,0.0,0.0
2,4,0.0,0.0,0.0,0.015873017,0.984127,0.0,0.0,0.0
2,4,0.0,0.0,0.0,0.015873017,0.984127,0.0,0.0,0.0
2,4,0.0,0.0,0.0,0.015625,0.984375,0.0,0.0,0.0
2,4,0.0,0.0,0.0,0.015625,0.984375,0.0,0.0,0.0
2,4,0.0,0.0,0.0,0.015625,0.984375,0.0,0.0,0.0
2,4,0.0,0.0,0.0,0.015625,0.984375,0.0,0.0,0.0
2,4,0.0,0.0,0.0,0.015625,0.984375,0.0,0.0,0.0
2,4,0.0,0.0,0.0,0.015625,0.984375,0.0,0.0,0.0
2,4,0.0,0.0,0.0,0.015625,0.984375,0.0,0.0,0.0
2,4,0.0,0.0,0.0,0.015625,0.984375,0.0,0.0,0.0
2,4,0.0,0.0,0.0,0.015625,0.984375,0.0,0.0,0.0
2,4,0.0,0.0,0.0,0.015625,0.984375,0.0,0.0,0.0
2,4,0.0,0.0,0.0,0.015625,0.984375,0.0,0.0,0.0
2,4,0.0,0.0,0.0,0.015625,0.984375,0.0,0.0,0.0
2,4,0.0,0.0,0.0,0.015625,0.984375,0.0,0.0,0.0
2,4,0.0,0.0,0.0,0.015625,0.984375,0.0,0.0,0.0
2,4,0.0,0.0,0.0,0.015625,0.984375,0.0,0.0,0.0
2,4,0.0,0.0,0.0,0.015625,0.984375,0.0,0.0,0.0
2,4,0.0,0.0,0.0,0.015625,0.984375,0.0,0.0,0.0
2,4,0.0,0.0,0.0,0.015625,0.984375,0.0,0.0,0.0
2,4,0.0,0.0,0.0,0.015625,0.984375,0.0,0.0,0.0
2,4,0.0,0.0,0.0,0.015625,0.984375,0.0,0.0,0.0
2,4,0.0,0.0,0.0,0.0,1.0,0.0,0.0,0.0
2,4,0.0,0.0,0.0,0.0,1.0,0.0,0.0,0.0
2,4,0.0,0.0,0.0,0.0,1.0,0.0,0.0,0.0
2,4,0.0,0.0,0.0,0.0,1.0,0.0,0.0,0.0
2,4,0.0,0.0,0.0,0.0,1.0,0.0,0.0,0.0
2,4,0.0,0.0,0.0,0.0,1.0,0.0,0.0,0.0
2,4,0.0,0.0,0.0,0.0,1.0,0.0,0.0,0.0
2,4,0.0,0.0,0.0,0.0,1.0,0.0,0.0,0.0
2,4,0.0,0.0,0.0,0.0,1.0,0.0,0.0,0.0
2,4,0.0,0.0,0.0,0.0,1.0,0.0,0.0,0.0
2,4,0.0,0.0,0.0,0.0,1.0,0.0,0.0,0.0
2,4,0.0,0.0,0.0,0.0,1.0,0.0,0.0,0.0
2,4,0.0,0.0,0.0,0.0,1.0,0.0,0.0,0.0
2,4,0.0,0.0,0.0,0.0,1.0,0.0,0.0,0.0
2,4,0.0,0.0,0.0,0.0,1.0,0.0,0.0,0.0
2,4,0.0,0.0,0.0,0.0,1.0,0.0,0.0,0.0
2,4,0.0,0.0,0.0,0.0,1.0,0.0,0.0,0.0
2,4,0.0,0.0,0.0,0.0,1.0,0.0,0.0,0.0
2,4,0.0,0.0,0.0,0.0,1.0,0.0,0.0,0.0
2,4,0.0,0.0,0.0,0.0,1.0,0.0,0.0,0.0
2,4,0.0,0.0,0.0,0.0,1.0,0.0,0.0,0.0
2,4,0.0,0.0,0.0,0.0,1.0,0.0,0.0,0.0
2,4,0.0,0.0,0.0,0.0,1.0,0.0,0.0,0.0
2,4,0.0,0.0,0.0,0.0,1.0,0.0,0.0,0.0
2,4,0.0,0.0,0.0,0.0,1.0,0.0,0.0,0.0
2,4,0.0,0.0,0.0,0.0,1.0,0.0,0.0,0.0
2,4,0.0,0.0,0.0,0.0,1.0,0.0,0.0,0.0
2,4,0.0,0.0,0.0,0.0,1.0,0.0,0.0,0.0
2,4,0.0,0.0,0.0,0.0,1.0,0.0,0.0,0.0
2,4,0.0,0.0,0.0,0.0,1.0,0.0,0.0,0.0
2,4,0.0,0.0,0.0,0.0,1.0,0.0,0.0,0.0
2,4,0.0,0.0,0.0,0.0,1.0,0.0,0.0,0.0
2,4,0.0,0.0,0.0,0.0,1.0,0.0,0.0,0.0
2,4,0.0,0.0,0.0,0.0,1.0,0.0,0.0,0.0
2,4,0.0,0.0,0.0,0.0,1.0,0.0,0.0,0.0
2,4,0.0,0.0,0.0,0.0,1.0,0.0,0.0,0.0
2,4,0.0,0.0,0.0,0.0,1.0,0.0,0.0,0.0
2,4,0.0,0.0,0.0,0.0,1.0,0.0,0.0,0.0
2,4,0.0,0.0,0.0,0.0,1.0,0.0,0.0,0.0
2,4,0.0,0.0,0.0,0.0,1.0,0.0,0.0,0.0
2,4,0.0,0.0,0.0,0.0,1.0,0.0,0.0,0.0
2,4,0.0,0.0,0.0,0.0,1.0,0.0,0.0,0.0
2,4,0.0,0.0,0.0,0.0,1.0,0.0,0.0,0.0
2,4,0.0,0.0,0.0,0.0,1.0,0.0,0.0,0.0
2,4,0.0,0.0,0.0,0.0,1.0,0.0,0.0,0.0
2,4,0.0,0.0,0.0,0.0,1.0,0.0,0.0,0.0
2,4,0.0,0.0,0.0,0.0,1.0,0.0,0.0,0.0
2,4,0.0,0.0,0.0,0.0,1.0,0.0,0.0,0.0
2,4,0.0,0.0,0.0,0.0,1.0,0.0,0.0,0.0
2,4,0.0,0.0,0.0,0.0,1.0,0.0,0.0,0.0
2,4,0.0,0.0,0.0,0.0,1.0,0.0,0.0,0.0
2,4,0.0,0.0,0.0,0.0,1.0,0.0,0.0,0.0
2,4,0.0,0.0,0.0,0.0,1.0,0.0,0.0,0.0
2,4,0.0,0.0,0.0,0.0,1.0,0.0,0.0,0.0
2,4,0.0,0.0,0.0,0.0,1.0,0.0,0.0,0.0
2,4,0.0,0.0,0.0,0.0,1.0,0.0,0.0,0.0
2,4,0.0,0.0,0.0,0.0,1.0,0.0,0.0,0.0
2,4,0.0,0.0,0.0,0.0,1.0,0.0,0.0,0.0
2,4,0.0,0.0,0.0,0.0,1.0,0.0,0.0,0.0
2,4,0.0,0.0,0.0,0.0,1.0,0.0,0.0,0.0
2,4,0.0,0.0,0.0,0.0,1.0,0.0,0.0,0.0
2,4,0.0,0.0,0.0,0.0,1.0,0.0,0.0,0.0
2,4,0.0,0.0,0.0,0.0,1.0,0.0,0.0,0.0
2,4,0.0,0.0,0.0,0.0,1.0,0.0,0.0,0.0
2,4,0.0,0.0,0.0,0.0,1.0,0.0,0.0,0.0
2,4,0.0,0.0,0.0,0.0,1.0,0.0,0.0,0.0
2,4,0.0,0.0,0.0,0.0,1.0,0.0,0.0,0.0
2,4,0.0,0.0,0.0,0.0,1.0,0.0,0.0,0.0
2,4,0.0,0.0,0.0,0.0,1.0,0.0,0.0,0.0
2,4,0.0,0.0,0.0,0.0,1.0,0.0,0.0,0.0
2,4,0.0,0.0,0.0,0.0,1.0,0.0,0.0,0.0
2,4,0.0,0.0,0.0,0.0,1.0,0.0,0.0,0.0
2,4,0.0,0.0,0.0,0.0,1.0,0.0,0.0,0.0
2,4,0.0,0.0,0.0,0.0,1.0,0.0,0.0,0.0
2,4,0.0,0.0,0.0,0.0,1.0,0.0,0.0,0.0
2,4,0.0,0.0,0.0,0.0,1.0,0.0,0.0,0.0
2,4,0.0,0.0,0.0,0.0,1.0,0.0,0.0,0.0
2,4,0.0,0.0,0.0,0.0,1.0,0.0,0.0,0.0
2,4,0.0,0.0,0.0,0.0,1.0,0.0,0.0,0.0
2,4,0.0,0.0,0.0,0.0,1.0,0.0,0.0,0.0
2,4,0.0,0.0,0.0,0.0,1.0,0.0,0.0,0.0
2,4,0.0,0.0,0.0,0.0,1.0,0.0,0.0,0.0
2,4,0.0,0.0,0.0,0.0,1.0,0.0,0.0,0.0
2,4,0.0,0.0,0.0,0.0,1.0,0.0,0.0,0.0
2,4,0.0,0.0,0.0,0.0,1.0,0.0,0.0,0.0
2,4,0.0,0.0,0.0,0.0,1.0,0.0,0.0,0.0
2,4,0.0,0.0,0.0,0.0,1.0,0.0,0.0,0.0
2,4,0.0,0.0,0.0,0.0,1.0,0.0,0.0,0.0
2,4,0.0,0.0,0.0,0.0,1.0,0.0,0.0,0.0
2,4,0.0,0.0,0.0,0.0,1.0,0.0,0.0,0.0
2,4,0.0,0.0,0.0,0.0,1.0,0.0,0.0,0.0
2,4,0.0,0.0,0.0,0.0,1.0,0.0,0.0,0.0
2,4,0.0,0.0,0.0,0.0,1.0,0.0,0.0,0.0
2,4,0.0,0.0,0.0,0.0,1.0,0.0,0.0,0.0
2,4,0.0,0.0,0.0,0.0,1.0,0.0,0.0,0.0
2,4,0.0,0.0,0.0,0.0,1.0,0.0,0.0,0.0
2,4,0.0,0.0,0.0,0.0,1.0,0.0,0.0,0.0
2,4,0.0,0.0,0.0,0.0,1.0,0.0,0.0,0.0
2,4,0.0,0.0,0.0,0.0,1.0,0.0,0.0,0.0
2,4,0.0,0.0,0.0,0.0,1.0,0.0,0.0,0.0
2,4,0.0,0.0,0.0,0.0,1.0,0.0,0.0,0.0
2,4,0.0,0.0,0.0,0.0,1.0,0.0,0.0,0.0
2,4,0.0,0.0,0.0,0.0,1.0,0.0,0.0,0.0
2,4,0.0,0.0,0.0,0.0,1.0,0.0,0.0,0.0
2,4,0.0,0.0,0.0,0.0,1.0,0.0,0.0,0.0
2,4,0.0,0.0,0.0,0.0,1.0,0.0,0.0,0.0
2,4,0.0,0.0,0.0,0.0,1.0,0.0,0.0,0.0
2,4,0.0,0.0,0.0,0.0,1.0,0.0,0.0,0.0
2,4,0.0,0.0,0.0,0.0,1.0,0.0,0.0,0.0
2,4,0.0,0.0,0.0,0.0,1.0,0.0,0.0,0.0
2,4,0.0,0.0,0.0,0.0,1.0,0.0,0.0,0.0
2,4,0.0,0.0,0.0,0.0,1.0,0.0,0.0,0.0
2,4,0.0,0.0,0.0,0.0,1.0,0.0,0.0,0.0
2,4,0.0,0.0,0.0,0.0,1.0,0.0,0.0,0.0
2,4,0.0,0.0,0.0,0.0,1.0,0.0,0.0,0.0
2,4,0.0,0.0,0.0,0.0,1.0,0.0,0.0,0.0
2,4,0.0,0.0,0.0,0.0,1.0,0.0,0.0,0.0
2,4,0.0,0.0,0.0,0.0,1.0,0.0,0.0,0.0
2,4,0.0,0.0,0.0,0.0,1.0,0.0,0.0,0.0
2,4,0.0,0.0,0.0,0.0,1.0,0.0,0.0,0.0
2,4,0.0,0.0,0.0,0.0,1.0,0.0,0.0,0.0
2,4,0.0,0.0,0.0,0.0,1.0,0.0,0.0,0.0
2,4,0.0,0.0,0.0,0.0,1.0,0.0,0.0,0.0
2,4,0.0,0.0,0.0,0.0,1.0,0.0,0.0,0.0
2,4,0.0,0.0,0.0,0.0,1.0,0.0,0.0,0.0
2,4,0.0,0.0,0.0,0.0,1.0,0.0,0.0,0.0
2,4,0.0,0.0,0.0,0.0,1.0,0.0,0.0,0.0
2,4,0.0,0.0,0.0,0.0,1.0,0.0,0.0,0.0
2,4,0.0,0.0,0.0,0.0,1.0,0.0,0.0,0.0
2,4,0.0,0.0,0.0,0.0,1.0,0.0,0.0,0.0
2,4,0.0,0.0,0.0,0.0,1.0,0.0,0.0,0.0
2,4,0.0,0.0,0.0,0.0,1.0,0.0,0.0,0.0
2,4,0.0,0.0,0.0,0.0,1.0,0.0,0.0,0.0
2,4,0.0,0.0,0.0,0.0,1.0,0.0,0.0,0.0
2,4,0.0,0.0,0.0,0.0,1.0,0.0,0.0,0.0
2,4,0.0,0.0,0.0,0.0,1.0,0.0,0.0,0.0
2,4,0.0,0.0,0.0,0.0,1.0,0.0,0.0,0.0
2,4,0.0,0.0,0.0,0.0,1.0,0.0,0.0,0.0
2,4,0.0,0.0,0.0,0.0,1.0,0.0,0.0,0.0
2,4,0.0,0.0,0.0,0.0,1.0,0.0,0.0,0.0
2,4,0.0,0.0,0.0,0.0,1.0,0.0,0.0,0.0
2,4,0.0,0.0,0.0,0.0,1.0,0.0,0.0,0.0
2,4,0.0,0.0,0.0,0.0,1.0,0.0,0.0,0.0
2,4,0.0,0.0,0.0,0.0,1.0,0.0,0.0,0.0
2,4,0.0,0.0,0.0,0.0,1.0,0.0,0.0,0.0
2,4,0.0,0.0,0.0,0.0,1.0,0.0,0.0,0.0
2,4,0.0,0.0,0.0,0.0,1.0,0.0,0.0,0.0
2,4,0.0,0.0,0.0,0.0,1.0,0.0,0.0,0.0
2,4,0.0,0.0,0.0,0.0,1.0,0.0,0.0,0.0
2,4,0.0,0.0,0.0,0.0,1.0,0.0,0.0,0.0
2,4,0.0,0.0,0.0,0.0,1.0,0.0,0.0,0.0
2,4,0.0,0.0,0.0,0.0,1.0,0.0,0.0,0.0
2,4,0.0,0.0,0.0,0.0,1.0,0.0,0.0,0.0
2,4,0.0,0.0,0.0,0.0,1.0,0.0,0.0,0.0
2,4,0.0,0.0,0.0,0.0,1.0,0.0,0.0,0.0
2,4,0.0,0.0,0.0,0.0,1.0,0.0,0.0,0.0
2,4,0.0,0.0,0.0,0.0,1.0,0.0,0.0,0.0
2,4,0.0,0.0,0.0,0.0,1.0,0.0,0.0,0.0
2,4,0.0,0.0,0.0,0.0,1.0,0.0,0.0,0.0
2,4,0.0,0.0,0.0,0.0,1.0,0.0,0.0,0.0
2,4,0.0,0.0,0.0,0.0,1.0,0.0,0.0,0.0
2,4,0.0,0.0,0.0,0.0,1.0,0.0,0.0,0.0
2,4,0.0,0.0,0.0,0.0,1.0,0.0,0.0,0.0
2,4,0.0,0.0,0.0,0.0,1.0,0.0,0.0,0.0
2,4,0.0,0.0,0.0,0.0,1.0,0.0,0.0,0.0
2,4,0.0,0.0,0.0,0.0,1.0,0.0,0.0,0.0
2,4,0.0,0.0,0.0,0.0,1.0,0.0,0.0,0.0
2,4,0.0,0.0,0.0,0.0,1.0,0.0,0.0,0.0
2,4,0.0,0.0,0.0,0.0,1.0,0.0,0.0,0.0
2,4,0.0,0.0,0.0,0.0,1.0,0.0,0.0,0.0
2,4,0.0,0.0,0.0,0.0,1.0,0.0,0.0,0.0
2,4,0.0,0.0,0.0,0.0,1.0,0.0,0.0,0.0
2,4,0.0,0.0,0.0,0.0,1.0,0.0,0.0,0.0
2,4,0.0,0.0,0.0,0.0,1.0,0.0,0.0,0.0
2,4,0.0,0.0,0.0,0.0,1.0,0.0,0.0,0.0
2,4,0.0,0.0,0.0,0.0,1.0,0.0,0.0,0.0
2,4,0.0,0.0,0.0,0.0,1.0,0.0,0.0,0.0
2,4,0.0,0.0,0.0,0.0,1.0,0.0,0.0,0.0
2,4,0.0,0.0,0.0,0.0,1.0,0.0,0.0,0.0
2,4,0.0,0.0,0.0,0.0,1.0,0.0,0.0,0.0
2,4,0.0,0.0,0.0,0.0,1.0,0.0,0.0,0.0
2,4,0.0,0.0,0.0,0.0,1.0,0.0,0.0,0.0
2,4,0.0,0.0,0.0,0.0,1.0,0.0,0.0,0.0
2,4,0.0,0.0,0.0,0.0,1.0,0.0,0.0,0.0
2,4,0.0,0.0,0.0,0.0,1.0,0.0,0.0,0.0
2,4,0.0,0.0,0.0,0.0,1.0,0.0,0.0,0.0
2,4,0.0,0.0,0.0,0.0,1.0,0.0,0.0,0.0
2,4,0.0,0.0,0.0,0.0,1.0,0.0,0.0,0.0
2,4,0.0,0.0,0.0,0.0,1.0,0.0,0.0,0.0
2,4,0.0,0.0,0.0,0.0,1.0,0.0,0.0,0.0
2,4,0.0,0.0,0.0,0.0,1.0,0.0,0.0,0.0
2,4,0.0,0.0,0.0,0.0,1.0,0.0,0.0,0.0
2,4,0.0,0.0,0.0,0.0,1.0,0.0,0.0,0.0
2,4,0.0,0.0,0.0,0.0,1.0,0.0,0.0,0.0
2,4,0.0,0.0,0.0,0.0,1.0,0.0,0.0,0.0
2,4,0.0,0.0,0.0,0.0,1.0,0.0,0.0,0.0
2,4,0.0,0.0,0.0,0.0,1.0,0.0,0.0,0.0
2,4,0.0,0.0,0.0,0.0,1.0,0.0,0.0,0.0
2,4,0.0,0.0,0.0,0.0,1.0,0.0,0.0,0.0
2,4,0.0,0.0,0.0,0.0,1.0,0.0,0.0,0.0
2,4,0.0,0.0,0.0,0.0,1.0,0.0,0.0,0.0
2,4,0.0,0.0,0.0,0.0,1.0,0.0,0.0,0.0
2,4,0.0,0.0,0.0,0.0,1.0,0.0,0.0,0.0
2,4,0.0,0.0,0.0,0.0,1.0,0.0,0.0,0.0
2,4,0.0,0.0,0.0,0.0,1.0,0.0,0.0,0.0
2,4,0.0,0.0,0.0,0.0,1.0,0.0,0.0,0.0
2,4,0.0,0.0,0.0,0.0,1.0,0.0,0.0,0.0
2,4,0.0,0.0,0.0,0.0,1.0,0.0,0.0,0.0
2,4,0.0,0.0,0.0,0.0,1.0,0.0,0.0,0.0
2,4,0.0,0.0,0.0,0.0,1.0,0.0,0.0,0.0
2,4,0.0,0.0,0.0,0.0,1.0,0.0,0.0,0.0
2,4,0.0,0.0,0.0,0.0,1.0,0.0,0.0,0.0
2,4,0.0,0.0,0.0,0.0,1.0,0.0,0.0,0.0
2,4,0.0,0.0,0.0,0.0,1.0,0.0,0.0,0.0
2,4,0.0,0.0,0.0,0.0,1.0,0.0,0.0,0.0
2,4,0.0,0.0,0.0,0.0,1.0,0.0,0.0,0.0
2,4,0.0,0.0,0.0,0.0,1.0,0.0,0.0,0.0
2,4,0.0,0.0,0.0,0.0,1.0,0.0,0.0,0.0
2,4,0.0,0.0,0.0,0.0,1.0,0.0,0.0,0.0
2,4,0.0,0.0,0.0,0.0,1.0,0.0,0.0,0.0
2,4,0.0,0.0,0.0,0.0,1.0,0.0,0.0,0.0
2,4,0.0,0.0,0.0,0.0,1.0,0.0,0.0,0.0
2,4,0.0,0.0,0.0,0.0,1.0,0.0,0.0,0.0
2,4,0.0,0.0,0.0,0.0,1.0,0.0,0.0,0.0
2,4,0.0,0.0,0.0,0.0,1.0,0.0,0.0,0.0
2,4,0.0,0.0,0.0,0.0,1.0,0.0,0.0,0.0
2,4,0.0,0.0,0.0,0.0,1.0,0.0,0.0,0.0
2,4,0.0,0.0,0.0,0.0,1.0,0.0,0.0,0.0
2,4,0.0,0.0,0.0,0.0,1.0,0.0,0.0,0.0
2,4,0.0,0.0,0.0,0.0,1.0,0.0,0.0,0.0
2,4,0.0,0.0,0.0,0.0,1.0,0.0,0.0,0.0
2,4,0.0,0.0,0.0,0.0,1.0,0.0,0.0,0.0
2,4,0.0,0.0,0.0,0.0,1.0,0.0,0.0,0.0
2,4,0.0,0.0,0.0,0.0,1.0,0.0,0.0,0.0
2,4,0.0,0.0,0.0,0.0,1.0,0.0,0.0,0.0
2,4,0.0,0.0,0.0,0.0,1.0,0.0,0.0,0.0
2,4,0.0,0.0,0.0,0.0,1.0,0.0,0.0,0.0
2,4,0.0,0.0,0.0,0.0,1.0,0.0,0.0,0.0
2,4,0.0,0.0,0.0,0.0,1.0,0.0,0.0,0.0
2,4,0.0,0.0,0.0,0.0,1.0,0.0,0.0,0.0
2,4,0.0,0.0,0.0,0.0,1.0,0.0,0.0,0.0
2,4,0.0,0.0,0.0,0.0,1.0,0.0,0.0,0.0
2,4,0.0,0.0,0.0,0.0,1.0,0.0,0.0,0.0
2,4,0.0,0.0,0.0,0.0,1.0,0.0,0.0,0.0
2,4,0.0,0.0,0.0,0.0,1.0,0.0,0.0,0.0
2,4,0.0,0.0,0.0,0.0,1.0,0.0,0.0,0.0
2,4,0.0,0.0,0.0,0.0,1.0,0.0,0.0,0.0
2,4,0.0,0.0,0.0,0.0,1.0,0.0,0.0,0.0
2,4,0.0,0.0,0.0,0.0,1.0,0.0,0.0,0.0
2,4,0.0,0.0,0.0,0.0,1.0,0.0,0.0,0.0
2,4,0.0,0.0,0.0,0.0,1.0,0.0,0.0,0.0
2,4,0.0,0.0,0.0,0.0,1.0,0.0,0.0,0.0
2,4,0.0,0.0,0.0,0.0,1.0,0.0,0.0,0.0
2,4,0.0,0.0,0.0,0.0,1.0,0.0,0.0,0.0
2,4,0.0,0.0,0.0,0.0,1.0,0.0,0.0,0.0
2,4,0.0,0.0,0.0,0.0,1.0,0.0,0.0,0.0
2,4,0.0,0.0,0.0,0.0,1.0,0.0,0.0,0.0
2,4,0.0,0.0,0.0,0.0,1.0,0.0,0.0,0.0
2,4,0.0,0.0,0.0,0.0,1.0,0.0,0.0,0.0
2,4,0.0,0.0,0.0,0.0,1.0,0.0,0.0,0.0
2,4,0.0,0.0,0.0,0.0,1.0,0.0,0.0,0.0
2,4,0.0,0.0,0.0,0.0,1.0,0.0,0.0,0.0
2,4,0.0,0.0,0.0,0.0,1.0,0.0,0.0,0.0
2,4,0.0,0.0,0.0,0.0,1.0,0.0,0.0,0.0
2,4,0.0,0.0,0.0,0.0,1.0,0.0,0.0,0.0
2,4,0.0,0.0,0.0,0.0,1.0,0.0,0.0,0.0
2,4,0.0,0.0,0.0,0.0,1.0,0.0,0.0,0.0
2,4,0.0,0.0,0.0,0.0,1.0,0.0,0.0,0.0
2,4,0.0,0.0,0.0,0.0,1.0,0.0,0.0,0.0
2,4,0.0,0.0,0.0,0.0,1.0,0.0,0.0,0.0
2,4,0.0,0.0,0.0,0.0,1.0,0.0,0.0,0.0
2,4,0.0,0.0,0.0,0.0,1.0,0.0,0.0,0.0
2,4,0.0,0.0,0.0,0.0,1.0,0.0,0.0,0.0
2,4,0.0,0.0,0.0,0.0,1.0,0.0,0.0,0.0
2,4,0.0,0.0,0.0,0.0,1.0,0.0,0.0,0.0
2,4,0.0,0.0,0.0,0.0,1.0,0.0,0.0,0.0
2,4,0.0,0.0,0.0,0.0,1.0,0.0,0.0,0.0
2,4,0.0,0.0,0.0,0.0,1.0,0.0,0.0,0.0
2,4,0.0,0.0,0.0,0.0,1.0,0.0,0.0,0.0
2,4,0.0,0.0,0.0,0.0,1.0,0.0,0.0,0.0
2,4,0.0,0.0,0.0,0.0,1.0,0.0,0.0,0.0
2,4,0.0,0.0,0.0,0.0,1.0,0.0,0.0,0.0
2,4,0.0,0.0,0.0,0.0,1.0,0.0,0.0,0.0
2,4,0.0,0.0,0.0,0.0,1.0,0.0,0.0,0.0
2,4,0.0,0.0,0.0,0.0,1.0,0.0,0.0,0.0
2,4,0.0,0.0,0.0,0.0,1.0,0.0,0.0,0.0
2,4,0.0,0.0,0.0,0.0,1.0,0.0,0.0,0.0
2,4,0.0,0.0,0.0,0.0,1.0,0.0,0.0,0.0
2,4,0.0,0.0,0.0,0.0,1.0,0.0,0.0,0.0
2,4,0.0,0.0,0.0,0.0,1.0,0.0,0.0,0.0
2,4,0.0,0.0,0.0,0.0,1.0,0.0,0.0,0.0
2,4,0.0,0.0,0.0,0.0,1.0,0.0,0.0,0.0
2,4,0.0,0.0,0.0,0.0,1.0,0.0,0.0,0.0
2,4,0.0,0.0,0.0,0.0,1.0,0.0,0.0,0.0
2,4,0.0,0.0,0.0,0.0,1.0,0.0,0.0,0.0
2,4,0.0,0.0,0.0,0.0,1.0,0.0,0.0,0.0
2,4,0.0,0.0,0.0,0.0,1.0,0.0,0.0,0.0
2,4,0.0,0.0,0.0,0.0,1.0,0.0,0.0,0.0
2,4,0.0,0.0,0.0,0.0,1.0,0.0,0.0,0.0
2,4,0.0,0.0,0.0,0.0,1.0,0.0,0.0,0.0
2,4,0.0,0.0,0.0,0.0,1.0,0.0,0.0,0.0
2,4,0.0,0.0,0.0,0.0,1.0,0.0,0.0,0.0
2,4,0.0,0.0,0.0,0.0,1.0,0.0,0.0,0.0
2,4,0.0,0.0,0.0,0.0,1.0,0.0,0.0,0.0
2,4,0.0,0.0,0.0,0.0,1.0,0.0,0.0,0.0
2,4,0.0,0.0,0.0,0.0,1.0,0.0,0.0,0.0
2,4,0.0,0.0,0.0,0.0,1.0,0.0,0.0,0.0
2,4,0.0,0.0,0.0,0.0,1.0,0.0,0.0,0.0
2,4,0.0,0.0,0.0,0.0,1.0,0.0,0.0,0.0
2,4,0.0,0.0,0.0,0.0,1.0,0.0,0.0,0.0
2,4,0.0,0.0,0.0,0.0,1.0,0.0,0.0,0.0
2,4,0.0,0.0,0.0,0.0,1.0,0.0,0.0,0.0
2,4,0.0,0.0,0.0,0.0,1.0,0.0,0.0,0.0
2,4,0.0,0.0,0.0,0.0,1.0,0.0,0.0,0.0
2,4,0.0,0.0,0.0,0.0,1.0,0.0,0.0,0.0
2,4,0.0,0.0,0.0,0.0,1.0,0.0,0.0,0.0
2,4,0.0,0.0,0.0,0.0,1.0,0.0,0.0,0.0
2,4,0.0,0.0,0.0,0.0,1.0,0.0,0.0,0.0
2,4,0.0,0.0,0.0,0.0,1.0,0.0,0.0,0.0
2,4,0.0,0.0,0.0,0.0,1.0,0.0,0.0,0.0
2,4,0.0,0.0,0.0,0.0,1.0,0.0,0.0,0.0
2,4,0.0,0.0,0.0,0.0,1.0,0.0,0.0,0.0
2,4,0.0,0.0,0.0,0.0,1.0,0.0,0.0,0.0
2,4,0.0,0.0,0.0,0.0,1.0,0.0,0.0,0.0
2,4,0.0,0.0,0.0,0.0,1.0,0.0,0.0,0.0
2,4,0.0,0.0,0.0,0.0,1.0,0.0,0.0,0.0
2,4,0.0,0.0,0.0,0.0,1.0,0.0,0.0,0.0
2,4,0.0,0.0,0.0,0.0,1.0,0.0,0.0,0.0
2,4,0.0,0.0,0.0,0.0,1.0,0.0,0.0,0.0
2,4,0.0,0.0,0.0,0.0,1.0,0.0,0.0,0.0
2,4,0.0,0.0,0.0,0.0,1.0,0.0,0.0,0.0
2,4,0.0,0.0,0.0,0.0,1.0,0.0,0.0,0.0
2,4,0.0,0.0,0.0,0.0,1.0,0.0,0.0,0.0
2,4,0.0,0.0,0.0,0.0,1.0,0.0,0.0,0.0
2,4,0.0,0.0,0.0,0.0,1.0,0.0,0.0,0.0
2,4,0.0,0.0,0.0,0.0,1.0,0.0,0.0,0.0
2,4,0.0,0.0,0.0,0.0,1.0,0.0,0.0,0.0
2,4,0.0,0.0,0.0,0.0,1.0,0.0,0.0,0.0
2,4,0.0,0.0,0.0,0.0,1.0,0.0,0.0,0.0
2,4,0.0,0.0,0.0,0.0,1.0,0.0,0.0,0.0
2,4,0.0,0.0,0.0,0.0,1.0,0.0,0.0,0.0
2,4,0.0,0.0,0.0,0.0,1.0,0.0,0.0,0.0
2,4,0.0,0.0,0.0,0.0,1.0,0.0,0.0,0.0
2,4,0.0,0.0,0.0,0.0,1.0,0.0,0.0,0.0
2,4,0.0,0.0,0.0,0.0,1.0,0.0,0.0,0.0
2,4,0.0,0.0,0.0,0.0,1.0,0.0,0.0,0.0
2,4,0.0,0.0,0.0,0.0,1.0,0.0,0.0,0.0
2,4,0.0,0.0,0.0,0.0,1.0,0.0,0.0,0.0
2,4,0.0,0.0,0.0,0.0,1.0,0.0,0.0,0.0
2,4,0.0,0.0,0.0,0.0,1.0,0.0,0.0,0.0
2,4,0.0,0.0,0.0,0.0,1.0,0.0,0.0,0.0
2,4,0.0,0.0,0.0,0.0,1.0,0.0,0.0,0.0
2,4,0.0,0.0,0.0,0.0,1.0,0.0,0.0,0.0
2,4,0.0,0.0,0.0,0.0,1.0,0.0,0.0,0.0
2,4,0.0,0.0,0.0,0.0,1.0,0.0,0.0,0.0
2,4,0.0,0.0,0.0,0.0,1.0,0.0,0.0,0.0
2,4,0.0,0.0,0.0,0.0,1.0,0.0,0.0,0.0
2,4,0.0,0.0,0.0,0.0,1.0,0.0,0.0,0.0
2,4,0.0,0.0,0.0,0.0,1.0,0.0,0.0,0.0
2,4,0.0,0.0,0.0,0.0,1.0,0.0,0.0,0.0
2,4,0.0,0.0,0.0,0.0,1.0,0.0,0.0,0.0
2,4,0.0,0.0,0.0,0.0,1.0,0.0,0.0,0.0
2,4,0.0,0.0,0.0,0.0,1.0,0.0,0.0,0.0
2,4,0.0,0.0,0.0,0.0,1.0,0.0,0.0,0.0
2,4,0.0,0.0,0.0,0.0,1.0,0.0,0.0,0.0
2,4,0.0,0.0,0.0,0.0,1.0,0.0,0.0,0.0
2,4,0.0,0.0,0.0,0.0,1.0,0.0,0.0,0.0
2,4,0.0,0.0,0.0,0.0,1.0,0.0,0.0,0.0
2,4,0.0,0.0,0.0,0.0,1.0,0.0,0.0,0.0
2,4,0.0,0.0,0.0,0.0,1.0,0.0,0.0,0.0
2,4,0.0,0.0,0.0,0.0,1.0,0.0,0.0,0.0
2,4,0.0,0.0,0.0,0.0,1.0,0.0,0.0,0.0
2,4,0.0,0.0,0.0,0.0,1.0,0.0,0.0,0.0
2,4,0.0,0.0,0.0,0.0,1.0,0.0,0.0,0.0
2,4,0.0,0.0,0.0,0.0,1.0,0.0,0.0,0.0
2,4,0.0,0.0,0.0,0.0,1.0,0.0,0.0,0.0
2,4,0.0,0.0,0.0,0.0,1.0,0.0,0.0,0.0
2,4,0.0,0.0,0.0,0.0,1.0,0.0,0.0,0.0
2,4,0.0,0.0,0.0,0.0,1.0,0.0,0.0,0.0
2,4,0.0,0.0,0.0,0.0,1.0,0.0,0.0,0.0
2,4,0.0,0.0,0.0,0.0,1.0,0.0,0.0,0.0
2,4,0.0,0.0,0.0,0.0,1.0,0.0,0.0,0.0
2,4,0.0,0.0,0.0,0.0,1.0,0.0,0.0,0.0
2,4,0.0,0.0,0.0,0.0,1.0,0.0,0.0,0.0
2,4,0.0,0.0,0.0,0.0,1.0,0.0,0.0,0.0
2,4,0.0,0.0,0.0,0.0,1.0,0.0,0.0,0.0
2,4,0.0,0.0,0.0,0.0,1.0,0.0,0.0,0.0
2,4,0.0,0.0,0.0,0.0,1.0,0.0,0.0,0.0
2,4,0.0,0.0,0.0,0.0,1.0,0.0,0.0,0.0
2,4,0.0,0.0,0.0,0.0,1.0,0.0,0.0,0.0
2,4,0.0,0.0,0.0,0.0,1.0,0.0,0.0,0.0
2,4,0.0,0.0,0.0,0.0,1.0,0.0,0.0,0.0
2,4,0.0,0.0,0.0,0.0,1.0,0.0,0.0,0.0
2,4,0.0,0.0,0.0,0.0,1.0,0.0,0.0,0.0
2,4,0.0,0.0,0.0,0.0,1.0,0.0,0.0,0.0
2,4,0.0,0.0,0.0,0.0,1.0,0.0,0.0,0.0
2,4,0.0,0.0,0.0,0.0,1.0,0.0,0.0,0.0
2,4,0.0,0.0,0.0,0.0,1.0,0.0,0.0,0.0
2,4,0.0,0.0,0.0,0.0,1.0,0.0,0.0,0.0
2,4,0.0,0.0,0.0,0.0,1.0,0.0,0.0,0.0
2,4,0.0,0.0,0.0,0.0,1.0,0.0,0.0,0.0
2,4,0.0,0.0,0.0,0.0,1.0,0.0,0.0,0.0
2,4,0.0,0.0,0.0,0.0,1.0,0.0,0.0,0.0
2,4,0.0,0.0,0.0,0.0,1.0,0.0,0.0,0.0
2,4,0.0,0.0,0.0,0.0,1.0,0.0,0.0,0.0
2,4,0.0,0.0,0.0,0.0,1.0,0.0,0.0,0.0
2,4,0.0,0.0,0.0,0.0,1.0,0.0,0.0,0.0
2,4,0.0,0.0,0.0,0.0,1.0,0.0,0.0,0.0
2,4,0.0,0.0,0.0,0.0,1.0,0.0,0.0,0.0
2,4,0.0,0.0,0.0,0.0,1.0,0.0,0.0,0.0
2,4,0.0,0.0,0.0,0.0,1.0,0.0,0.0,0.0
2,4,0.0,0.0,0.0,0.0,1.0,0.0,0.0,0.0
2,4,0.0,0.0,0.0,0.0,1.0,0.0,0.0,0.0
2,4,0.0,0.0,0.0,0.0,1.0,0.0,0.0,0.0
2,4,0.0,0.0,0.0,0.0,1.0,0.0,0.0,0.0
2,4,0.0,0.0,0.0,0.0,1.0,0.0,0.0,0.0
2,4,0.0,0.0,0.0,0.0,1.0,0.0,0.0,0.0
2,4,0.0,0.0,0.0,0.0,1.0,0.0,0.0,0.0
2,4,0.0,0.0,0.0,0.0,1.0,0.0,0.0,0.0
2,4,0.0,0.0,0.0,0.0,1.0,0.0,0.0,0.0
2,4,0.0,0.0,0.0,0.0,1.0,0.0,0.0,0.0
2,4,0.0,0.0,0.0,0.0,1.0,0.0,0.0,0.0
2,4,0.0,0.0,0.0,0.0,1.0,0.0,0.0,0.0
2,4,0.0,0.0,0.0,0.0,1.0,0.0,0.0,0.0
2,4,0.0,0.0,0.0,0.0,1.0,0.0,0.0,0.0
2,4,0.0,0.0,0.0,0.0,1.0,0.0,0.0,0.0
2,4,0.0,0.0,0.0,0.0,1.0,0.0,0.0,0.0
2,4,0.0,0.0,0.0,0.0,1.0,0.0,0.0,0.0
2,4,0.0,0.0,0.0,0.0,1.0,0.0,0.0,0.0
2,4,0.0,0.0,0.0,0.0,1.0,0.0,0.0,0.0
2,4,0.0,0.0,0.0,0.0,1.0,0.0,0.0,0.0
2,4,0.0,0.0,0.0,0.0,1.0,0.0,0.0,0.0
2,4,0.0,0.0,0.0,0.0,1.0,0.0,0.0,0.0
2,4,0.0,0.0,0.0,0.0,1.0,0.0,0.0,0.0
2,4,0.0,0.0,0.0,0.0,1.0,0.0,0.0,0.0
2,4,0.0,0.0,0.0,0.0,1.0,0.0,0.0,0.0
2,4,0.0,0.0,0.0,0.0,1.0,0.0,0.0,0.0
2,4,0.0,0.0,0.0,0.0,1.0,0.0,0.0,0.0
2,4,0.0,0.0,0.0,0.0,1.0,0.0,0.0,0.0
2,4,0.0,0.0,0.0,0.0,1.0,0.0,0.0,0.0
2,4,0.0,0.0,0.0,0.0,1.0,0.0,0.0,0.0
2,4,0.0,0.0,0.0,0.0,1.0,0.0,0.0,0.0
2,4,0.0,0.0,0.0,0.0,1.0,0.0,0.0,0.0
2,4,0.0,0.0,0.0,0.0,1.0,0.0,0.0,0.0
2,4,0.0,0.0,0.0,0.0,1.0,0.0,0.0,0.0
2,4,0.0,0.0,0.0,0.0,1.0,0.0,0.0,0.0
2,4,0.0,0.0,0.0,0.0,1.0,0.0,0.0,0.0
2,4,0.0,0.0,0.0,0.0,1.0,0.0,0.0,0.0
2,4,0.0,0.0,0.0,0.0,1.0,0.0,0.0,0.0
2,4,0.0,0.0,0.0,0.0,1.0,0.0,0.0,0.0
2,4,0.0,0.0,0.0,0.0,1.0,0.0,0.0,0.0
2,4,0.0,0.0,0.0,0.0,1.0,0.0,0.0,0.0
2,4,0.0,0.0,0.0,0.0,1.0,0.0,0.0,0.0
2,4,0.0,0.0,0.0,0.0,1.0,0.0,0.0,0.0
2,4,0.0,0.0,0.0,0.0,1.0,0.0,0.0,0.0
2,4,0.0,0.0,0.0,0.0,1.0,0.0,0.0,0.0
2,4,0.0,0.0,0.0,0.0,1.0,0.0,0.0,0.0
2,4,0.0,0.0,0.0,0.0,1.0,0.0,0.0,0.0
2,4,0.0,0.0,0.0,0.0,1.0,0.0,0.0,0.0
2,4,0.0,0.0,0.0,0.0,1.0,0.0,0.0,0.0
2,4,0.0,0.0,0.0,0.0,1.0,0.0,0.0,0.0
2,4,0.0,0.0,0.0,0.0,1.0,0.0,0.0,0.0
2,4,0.0,0.0,0.0,0.0,1.0,0.0,0.0,0.0
2,4,0.0,0.0,0.0,0.0,1.0,0.0,0.0,0.0
2,4,0.0,0.0,0.0,0.0,1.0,0.0,0.0,0.0
2,4,0.0,0.0,0.0,0.0,1.0,0.0,0.0,0.0
2,4,0.0,0.0,0.0,0.0,1.0,0.0,0.0,0.0
2,4,0.0,0.0,0.0,0.0,1.0,0.0,0.0,0.0
2,4,0.0,0.0,0.0,0.0,1.0,0.0,0.0,0.0
2,4,0.0,0.0,0.0,0.0,1.0,0.0,0.0,0.0
2,4,0.0,0.0,0.0,0.0,1.0,0.0,0.0,0.0
2,4,0.0,0.0,0.0,0.0,1.0,0.0,0.0,0.0
2,4,0.0,0.0,0.0,0.0,1.0,0.0,0.0,0.0
2,4,0.0,0.0,0.0,0.0,1.0,0.0,0.0,0.0
2,4,0.0,0.0,0.0,0.0,1.0,0.0,0.0,0.0
2,4,0.0,0.0,0.0,0.0,1.0,0.0,0.0,0.0
2,4,0.0,0.0,0.0,0.0,1.0,0.0,0.0,0.0
2,4,0.0,0.0,0.0,0.0,1.0,0.0,0.0,0.0
2,4,0.0,0.0,0.0,0.0,1.0,0.0,0.0,0.0
2,4,0.0,0.0,0.0,0.0,1.0,0.0,0.0,0.0
2,4,0.0,0.0,0.0,0.0,1.0,0.0,0.0,0.0
2,4,0.0,0.0,0.0,0.0,1.0,0.0,0.0,0.0
2,4,0.0,0.0,0.0,0.0,1.0,0.0,0.0,0.0
2,4,0.0,0.0,0.0,0.0,1.0,0.0,0.0,0.0
2,4,0.0,0.0,0.0,0.0,1.0,0.0,0.0,0.0
2,4,0.0,0.0,0.0,0.0,1.0,0.0,0.0,0.0
2,4,0.0,0.0,0.0,0.0,1.0,0.0,0.0,0.0
2,4,0.0,0.0,0.0,0.0,1.0,0.0,0.0,0.0
2,4,0.0,0.0,0.0,0.0,1.0,0.0,0.0,0.0
2,4,0.0,0.0,0.0,0.0,1.0,0.0,0.0,0.0
2,4,0.0,0.0,0.0,0.0,1.0,0.0,0.0,0.0
2,4,0.0,0.0,0.0,0.0,1.0,0.0,0.0,0.0
2,4,0.0,0.0,0.0,0.0,1.0,0.0,0.0,0.0
2,4,0.0,0.0,0.0,0.0,1.0,0.0,0.0,0.0
2,4,0.0,0.0,0.0,0.0,1.0,0.0,0.0,0.0
2,4,0.0,0.0,0.0,0.0,1.0,0.0,0.0,0.0
2,4,0.0,0.0,0.0,0.0,1.0,0.0,0.0,0.0
2,4,0.0,0.0,0.0,0.0,1.0,0.0,0.0,0.0
2,4,0.0,0.0,0.0,0.0,1.0,0.0,0.0,0.0
2,4,0.0,0.0,0.0,0.0,1.0,0.0,0.0,0.0
2,4,0.0,0.0,0.0,0.0,1.0,0.0,0.0,0.0
2,4,0.0,0.0,0.0,0.0,1.0,0.0,0.0,0.0
2,4,0.0,0.0,0.0,0.0,1.0,0.0,0.0,0.0
2,4,0.0,0.0,0.0,0.0,1.0,0.0,0.0,0.0
2,4,0.0,0.0,0.0,0.0,1.0,0.0,0.0,0.0
2,4,0.0,0.0,0.0,0.0,1.0,0.0,0.0,0.0
2,4,0.0,0.0,0.0,0.0,1.0,0.0,0.0,0.0
2,4,0.0,0.0,0.0,0.0,1.0,0.0,0.0,0.0
2,4,0.0,0.0,0.0,0.0,1.0,0.0,0.0,0.0
2,4,0.0,0.0,0.0,0.0,1.0,0.0,0.0,0.0
2,4,0.0,0.0,0.0,0.0,1.0,0.0,0.0,0.0
2,4,0.0,0.0,0.0,0.0,1.0,0.0,0.0,0.0
2,4,0.0,0.0,0.0,0.0,1.0,0.0,0.0,0.0
2,4,0.0,0.0,0.0,0.0,1.0,0.0,0.0,0.0
2,4,0.0,0.0,0.0,0.0,1.0,0.0,0.0,0.0
2,4,0.0,0.0,0.0,0.0,1.0,0.0,0.0,0.0
2,4,0.0,0.0,0.0,0.0,1.0,0.0,0.0,0.0
2,4,0.0,0.0,0.0,0.0,1.0,0.0,0.0,0.0
2,4,0.0,0.0,0.0,0.0,1.0,0.0,0.0,0.0
2,4,0.0,0.0,0.0,0.0,1.0,0.0,0.0,0.0
2,4,0.0,0.0,0.0,0.0,1.0,0.0,0.0,0.0
2,4,0.0,0.0,0.0,0.0,1.0,0.0,0.0,0.0
2,4,0.0,0.0,0.0,0.0,1.0,0.0,0.0,0.0
2,4,0.0,0.0,0.0,0.0,1.0,0.0,0.0,0.0
2,4,0.0,0.0,0.0,0.0,1.0,0.0,0.0,0.0
2,4,0.0,0.0,0.0,0.0,1.0,0.0,0.0,0.0
2,4,0.0,0.0,0.0,0.0,1.0,0.0,0.0,0.0
2,4,0.0,0.0,0.0,0.0,1.0,0.0,0.0,0.0
2,4,0.0,0.0,0.0,0.0,1.0,0.0,0.0,0.0
2,4,0.0,0.0,0.0,0.0,1.0,0.0,0.0,0.0
2,4,0.0,0.0,0.0,0.0,1.0,0.0,0.0,0.0
2,4,0.0,0.0,0.0,0.0,1.0,0.0,0.0,0.0
2,4,0.0,0.0,0.0,0.0,1.0,0.0,0.0,0.0
2,4,0.0,0.0,0.0,0.0,1.0,0.0,0.0,0.0
2,4,0.0,0.0,0.0,0.0,1.0,0.0,0.0,0.0
2,4,0.0,0.0,0.0,0.0,1.0,0.0,0.0,0.0
2,4,0.0,0.0,0.0,0.0,1.0,0.0,0.0,0.0
2,4,0.0,0.0,0.0,0.0,1.0,0.0,0.0,0.0
2,4,0.0,0.0,0.0,0.0,1.0,0.0,0.0,0.0
2,4,0.0,0.0,0.0,0.0,1.0,0.0,0.0,0.0
2,4,0.0,0.0,0.0,0.0,1.0,0.0,0.0,0.0
2,4,0.0,0.0,0.0,0.0,1.0,0.0,0.0,0.0
2,4,0.0,0.0,0.0,0.0,1.0,0.0,0.0,0.0
2,4,0.0,0.0,0.0,0.0,1.0,0.0,0.0,0.0
2,4,0.0,0.0,0.0,0.0,1.0,0.0,0.0,0.0
2,4,0.0,0.0,0.0,0.0,1.0,0.0,0.0,0.0
2,4,0.0,0.0,0.0,0.0,1.0,0.0,0.0,0.0
2,4,0.0,0.0,0.0,0.0,1.0,0.0,0.0,0.0
2,4,0.0,0.0,0.0,0.0,1.0,0.0,0.0,0.0
2,4,0.0,0.0,0.0,0.0,1.0,0.0,0.0,0.0
2,4,0.0,0.0,0.0,0.0,1.0,0.0,0.0,0.0
2,4,0.0,0.0,0.0,0.0,1.0,0.0,0.0,0.0
2,4,0.0,0.0,0.0,0.0,1.0,0.0,0.0,0.0
2,4,0.0,0.0,0.0,0.0,1.0,0.0,0.0,0.0
2,4,0.0,0.0,0.0,0.0,1.0,0.0,0.0,0.0
2,4,0.0,0.0,0.0,0.0,1.0,0.0,0.0,0.0
2,4,0.0,0.0,0.0,0.0,1.0,0.0,0.0,0.0
2,4,0.0,0.0,0.0,0.0,1.0,0.0,0.0,0.0
2,4,0.0,0.0,0.0,0.0,1.0,0.0,0.0,0.0
2,4,0.0,0.0,0.0,0.0,1.0,0.0,0.0,0.0
2,4,0.0,0.0,0.0,0.0,1.0,0.0,0.0,0.0
2,4,0.0,0.0,0.0,0.0,1.0,0.0,0.0,0.0
2,4,0.0,0.0,0.0,0.0,1.0,0.0,0.0,0.0
2,4,0.0,0.0,0.0,0.0,1.0,0.0,0.0,0.0
2,4,0.0,0.0,0.0,0.0,1.0,0.0,0.0,0.0
2,4,0.0,0.0,0.0,0.0,1.0,0.0,0.0,0.0
2,4,0.0,0.0,0.0,0.0,1.0,0.0,0.0,0.0
2,4,0.0,0.0,0.0,0.0,1.0,0.0,0.0,0.0
2,4,0.0,0.0,0.0,0.0,1.0,0.0,0.0,0.0
2,4,0.0,0.0,0.0,0.0,1.0,0.0,0.0,0.0
2,4,0.0,0.0,0.0,0.0,1.0,0.0,0.0,0.0
2,4,0.0,0.0,0.0,0.0,1.0,0.0,0.0,0.0
2,4,0.0,0.0,0.0,0.0,1.0,0.0,0.0,0.0
2,4,0.0,0.0,0.0,0.0,1.0,0.0,0.0,0.0
2,4,0.0,0.0,0.0,0.0,1.0,0.0,0.0,0.0
2,4,0.0,0.0,0.0,0.0,1.0,0.0,0.0,0.0
2,4,0.0,0.0,0.0,0.0,1.0,0.0,0.0,0.0
2,4,0.0,0.0,0.0,0.0,1.0,0.0,0.0,0.0
2,4,0.0,0.0,0.0,0.0,1.0,0.0,0.0,0.0
2,4,0.0,0.0,0.0,0.0,1.0,0.0,0.0,0.0
2,4,0.0,0.0,0.0,0.0,1.0,0.0,0.0,0.0
2,4,0.0,0.0,0.0,0.0,1.0,0.0,0.0,0.0
2,4,0.0,0.0,0.0,0.0,1.0,0.0,0.0,0.0
2,4,0.0,0.0,0.0,0.0,1.0,0.0,0.0,0.0
2,4,0.0,0.0,0.0,0.0,1.0,0.0,0.0,0.0
2,4,0.0,0.0,0.0,0.0,1.0,0.0,0.0,0.0
2,4,0.0,0.0,0.0,0.0,1.0,0.0,0.0,0.0
2,4,0.0,0.0,0.0,0.0,1.0,0.0,0.0,0.0
2,4,0.0,0.0,0.0,0.0,1.0,0.0,0.0,0.0
2,4,0.0,0.0,0.0,0.0,1.0,0.0,0.0,0.0
2,4,0.0,0.0,0.0,0.0,1.0,0.0,0.0,0.0
2,4,0.0,0.0,0.0,0.0,1.0,0.0,0.0,0.0
2,4,0.0,0.0,0.0,0.0,1.0,0.0,0.0,0.0
2,4,0.0,0.0,0.0,0.0,1.0,0.0,0.0,0.0
2,4,0.0,0.0,0.0,0.0,1.0,0.0,0.0,0.0
2,4,0.0,0.0,0.0,0.0,1.0,0.0,0.0,0.0
2,4,0.0,0.0,0.0,0.0,1.0,0.0,0.0,0.0
2,4,0.0,0.0,0.0,0.0,1.0,0.0,0.0,0.0
2,4,0.0,0.0,0.0,0.0,1.0,0.0,0.0,0.0
2,4,0.0,0.0,0.0,0.0,1.0,0.0,0.0,0.0
2,4,0.0,0.0,0.0,0.0,1.0,0.0,0.0,0.0
2,4,0.0,0.0,0.0,0.0,1.0,0.0,0.0,0.0
2,4,0.0,0.0,0.0,0.0,1.0,0.0,0.0,0.0
2,4,0.0,0.0,0.0,0.0,1.0,0.0,0.0,0.0
2,4,0.0,0.0,0.0,0.0,1.0,0.0,0.0,0.0
2,4,0.0,0.0,0.0,0.0,1.0,0.0,0.0,0.0
2,4,0.0,0.0,0.0,0.0,1.0,0.0,0.0,0.0
2,4,0.0,0.0,0.0,0.0,1.0,0.0,0.0,0.0
2,4,0.0,0.0,0.0,0.0,1.0,0.0,0.0,0.0
2,4,0.0,0.0,0.0,0.0,1.0,0.0,0.0,0.0
2,4,0.0,0.0,0.0,0.0,1.0,0.0,0.0,0.0
2,4,0.0,0.0,0.0,0.0,1.0,0.0,0.0,0.0
2,4,0.0,0.0,0.0,0.0,1.0,0.0,0.0,0.0
2,4,0.0,0.0,0.0,0.0,1.0,0.0,0.0,0.0
2,4,0.0,0.0,0.0,0.0,1.0,0.0,0.0,0.0
2,4,0.0,0.0,0.0,0.0,1.0,0.0,0.0,0.0
2,4,0.0,0.0,0.0,0.0,1.0,0.0,0.0,0.0
2,4,0.0,0.0,0.0,0.0,1.0,0.0,0.0,0.0
2,4,0.0,0.0,0.0,0.0,1.0,0.0,0.0,0.0
2,4,0.0,0.0,0.0,0.0,1.0,0.0,0.0,0.0
2,4,0.0,0.0,0.0,0.0,1.0,0.0,0.0,0.0
2,4,0.0,0.0,0.0,0.0,1.0,0.0,0.0,0.0
2,4,0.0,0.0,0.0,0.0,1.0,0.0,0.0,0.0
2,4,0.0,0.0,0.0,0.0,1.0,0.0,0.0,0.0
2,4,0.0,0.0,0.0,0.0,1.0,0.0,0.0,0.0
2,4,0.0,0.0,0.0,0.0,1.0,0.0,0.0,0.0
2,4,0.0,0.0,0.0,0.0,1.0,0.0,0.0,0.0
2,4,0.0,0.0,0.0,0.0,1.0,0.0,0.0,0.0
2,4,0.0,0.0,0.0,0.0,1.0,0.0,0.0,0.0
2,4,0.0,0.0,0.0,0.0,1.0,0.0,0.0,0.0
2,4,0.0,0.0,0.0,0.0,1.0,0.0,0.0,0.0
2,4,0.0,0.0,0.0,0.0,1.0,0.0,0.0,0.0
2,4,0.0,0.0,0.0,0.0,1.0,0.0,0.0,0.0
2,4,0.0,0.0,0.0,0.0,1.0,0.0,0.0,0.0
2,4,0.0,0.0,0.0,0.0,1.0,0.0,0.0,0.0
2,4,0.0,0.0,0.0,0.0,1.0,0.0,0.0,0.0
2,4,0.0,0.0,0.0,0.0,1.0,0.0,0.0,0.0
2,4,0.0,0.0,0.0,0.0,1.0,0.0,0.0,0.0
2,4,0.0,0.0,0.0,0.0,1.0,0.0,0.0,0.0
2,4,0.0,0.0,0.0,0.0,1.0,0.0,0.0,0.0
2,4,0.0,0.0,0.0,0.0,1.0,0.0,0.0,0.0
2,4,0.0,0.0,0.0,0.0,1.0,0.0,0.0,0.0
2,4,0.0,0.0,0.0,0.0,1.0,0.0,0.0,0.0
2,4,0.0,0.0,0.0,0.0,1.0,0.0,0.0,0.0
2,4,0.0,0.0,0.0,0.0,1.0,0.0,0.0,0.0
2,4,0.0,0.0,0.0,0.0,1.0,0.0,0.0,0.0
2,4,0.0,0.0,0.0,0.0,1.0,0.0,0.0,0.0
2,4,0.0,0.0,0.0,0.0,1.0,0.0,0.0,0.0
2,4,0.0,0.0,0.0,0.0,1.0,0.0,0.0,0.0
2,4,0.0,0.0,0.0,0.0,1.0,0.0,0.0,0.0
2,4,0.0,0.0,0.0,0.0,1.0,0.0,0.0,0.0
2,4,0.0,0.0,0.0,0.0,1.0,0.0,0.0,0.0
2,4,0.0,0.0,0.0,0.0,1.0,0.0,0.0,0.0
2,4,0.0,0.0,0.0,0.0,1.0,0.0,0.0,0.0
2,4,0.0,0.0,0.0,0.0,1.0,0.0,0.0,0.0
2,4,0.0,0.0,0.0,0.0,1.0,0.0,0.0,0.0
2,4,0.0,0.0,0.0,0.0,1.0,0.0,0.0,0.0
2,4,0.0,0.0,0.0,0.0,1.0,0.0,0.0,0.0
2,4,0.0,0.0,0.0,0.0,1.0,0.0,0.0,0.0
2,4,0.0,0.0,0.0,0.0,1.0,0.0,0.0,0.0
2,4,0.0,0.0,0.0,0.0,1.0,0.0,0.0,0.0
2,4,0.0,0.0,0.0,0.0,1.0,0.0,0.0,0.0
2,4,0.0,0.0,0.0,0.0,1.0,0.0,0.0,0.0
2,4,0.0,0.0,0.0,0.0,1.0,0.0,0.0,0.0
2,4,0.0,0.0,0.0,0.0,1.0,0.0,0.0,0.0
2,4,0.0,0.0,0.0,0.0,1.0,0.0,0.0,0.0
2,4,0.0,0.0,0.0,0.0,1.0,0.0,0.0,0.0
2,4,0.0,0.0,0.0,0.0,1.0,0.0,0.0,0.0
2,4,0.0,0.0,0.0,0.0,1.0,0.0,0.0,0.0
2,4,0.0,0.0,0.0,0.0,1.0,0.0,0.0,0.0
2,4,0.0,0.0,0.0,0.0,1.0,0.0,0.0,0.0
2,4,0.0,0.0,0.0,0.0,1.0,0.0,0.0,0.0
2,4,0.0,0.0,0.0,0.0,1.0,0.0,0.0,0.0
2,4,0.0,0.0,0.0,0.0,1.0,0.0,0.0,0.0
2,4,0.0,0.0,0.0,0.0,1.0,0.0,0.0,0.0
2,4,0.0,0.0,0.0,0.0,1.0,0.0,0.0,0.0
2,4,0.0,0.0,0.0,0.0,1.0,0.0,0.0,0.0
2,4,0.0,0.0,0.0,0.0,1.0,0.0,0.0,0.0
2,4,0.0,0.0,0.0,0.0,1.0,0.0,0.0,0.0
2,4,0.0,0.0,0.0,0.0,1.0,0.0,0.0,0.0
2,4,0.0,0.0,0.0,0.0,1.0,0.0,0.0,0.0
2,4,0.0,0.0,0.0,0.0,1.0,0.0,0.0,0.0
2,4,0.0,0.0,0.0,0.0,1.0,0.0,0.0,0.0
2,4,0.0,0.0,0.0,0.0,1.0,0.0,0.0,0.0
2,4,0.0,0.0,0.0,0.0,1.0,0.0,0.0,0.0
2,4,0.0,0.0,0.0,0.0,1.0,0.0,0.0,0.0
2,4,0.0,0.0,0.0,0.0,1.0,0.0,0.0,0.0
2,4,0.0,0.0,0.0,0.0,1.0,0.0,0.0,0.0
2,4,0.0,0.0,0.0,0.0,1.0,0.0,0.0,0.0
2,4,0.0,0.0,0.0,0.0,1.0,0.0,0.0,0.0
2,4,0.0,0.0,0.0,0.0,1.0,0.0,0.0,0.0
2,4,0.0,0.0,0.0,0.0,1.0,0.0,0.0,0.0
2,4,0.0,0.0,0.0,0.0,1.0,0.0,0.0,0.0
2,4,0.0,0.0,0.0,0.0,1.0,0.0,0.0,0.0
2,4,0.0,0.0,0.0,0.0,1.0,0.0,0.0,0.0
2,4,0.0,0.0,0.0,0.0,1.0,0.0,0.0,0.0
2,4,0.0,0.0,0.0,0.0,1.0,0.0,0.0,0.0
2,4,0.0,0.0,0.0,0.0,1.0,0.0,0.0,0.0
2,4,0.0,0.0,0.0,0.0,1.0,0.0,0.0,0.0
2,4,0.0,0.0,0.0,0.0,1.0,0.0,0.0,0.0
2,4,0.0,0.0,0.0,0.0,1.0,0.0,0.0,0.0
2,4,0.0,0.0,0.0,0.0,1.0,0.0,0.0,0.0
2,4,0.0,0.0,0.0,0.0,1.0,0.0,0.0,0.0
2,4,0.0,0.0,0.0,0.0,1.0,0.0,0.0,0.0
2,4,0.0,0.0,0.0,0.0,1.0,0.0,0.0,0.0
2,4,0.0,0.0,0.0,0.0,1.0,0.0,0.0,0.0
2,4,0.0,0.0,0.0,0.0,1.0,0.0,0.0,0.0
2,4,0.0,0.0,0.0,0.0,1.0,0.0,0.0,0.0
2,4,0.0,0.0,0.0,0.0,1.0,0.0,0.0,0.0
2,4,0.0,0.0,0.0,0.0,1.0,0.0,0.0,0.0
2,4,0.0,0.0,0.0,0.0,1.0,0.0,0.0,0.0
2,4,0.0,0.0,0.0,0.0,1.0,0.0,0.0,0.0
2,4,0.0,0.0,0.0,0.0,1.0,0.0,0.0,0.0
2,4,0.0,0.0,0.0,0.0,1.0,0.0,0.0,0.0
2,4,0.0,0.0,0.0,0.0,1.0,0.0,0.0,0.0
2,4,0.0,0.0,0.0,0.0,1.0,0.0,0.0,0.0
2,4,0.0,0.0,0.0,0.0,1.0,0.0,0.0,0.0
2,4,0.0,0.0,0.0,0.0,1.0,0.0,0.0,0.0
2,4,0.0,0.0,0.0,0.0,1.0,0.0,0.0,0.0
2,4,0.0,0.0,0.0,0.0,1.0,0.0,0.0,0.0
2,4,0.0,0.0,0.0,0.0,1.0,0.0,0.0,0.0
2,4,0.0,0.0,0.0,0.0,1.0,0.0,0.0,0.0
2,4,0.0,0.0,0.0,0.0,1.0,0.0,0.0,0.0
2,4,0.0,0.0,0.0,0.0,1.0,0.0,0.0,0.0
2,4,0.0,0.0,0.0,0.0,1.0,0.0,0.0,0.0
2,4,0.0,0.0,0.0,0.0,1.0,0.0,0.0,0.0
2,4,0.0,0.0,0.0,0.0,1.0,0.0,0.0,0.0
2,4,0.0,0.0,0.0,0.0,1.0,0.0,0.0,0.0
2,4,0.0,0.0,0.0,0.0,1.0,0.0,0.0,0.0
2,4,0.0,0.0,0.0,0.0,1.0,0.0,0.0,0.0
2,4,0.0,0.0,0.0,0.0,1.0,0.0,0.0,0.0
2,4,0.0,0.0,0.0,0.0,1.0,0.0,0.0,0.0
2,4,0.0,0.0,0.0,0.0,1.0,0.0,0.0,0.0
2,4,0.0,0.0,0.0,0.0,1.0,0.0,0.0,0.0
2,4,0.0,0.0,0.0,0.0,1.0,0.0,0.0,0.0
2,4,0.0,0.0,0.0,0.0,1.0,0.0,0.0,0.0
2,4,0.0,0.0,0.0,0.0,1.0,0.0,0.0,0.0
2,4,0.0,0.0,0.0,0.0,1.0,0.0,0.0,0.0
2,4,0.0,0.0,0.0,0.0,1.0,0.0,0.0,0.0
2,4,0.0,0.0,0.0,0.0,1.0,0.0,0.0,0.0
2,4,0.0,0.0,0.0,0.0,1.0,0.0,0.0,0.0
2,4,0.0,0.0,0.0,0.0,1.0,0.0,0.0,0.0
2,4,0.0,0.0,0.0,0.0,1.0,0.0,0.0,0.0
2,4,0.0,0.0,0.0,0.0,1.0,0.0,0.0,0.0
2,4,0.0,0.0,0.0,0.0,1.0,0.0,0.0,0.0
2,4,0.0,0.0,0.0,0.0,1.0,0.0,0.0,0.0
2,4,0.0,0.0,0.0,0.0,1.0,0.0,0.0,0.0
2,4,0.0,0.0,0.0,0.0,1.0,0.0,0.0,0.0
2,4,0.0,0.0,0.0,0.0,1.0,0.0,0.0,0.0
2,4,0.0,0.0,0.0,0.0,1.0,0.0,0.0,0.0
2,4,0.0,0.0,0.0,0.0,1.0,0.0,0.0,0.0
2,4,0.0,0.0,0.0,0.0,1.0,0.0,0.0,0.0
2,4,0.0,0.0,0.0,0.0,1.0,0.0,0.0,0.0
2,4,0.0,0.0,0.0,0.0,1.0,0.0,0.0,0.0
2,4,0.0,0.0,0.0,0.0,1.0,0.0,0.0,0.0
2,4,0.0,0.0,0.0,0.0,1.0,0.0,0.0,0.0
2,4,0.0,0.0,0.0,0.0,1.0,0.0,0.0,0.0
2,4,0.0,0.0,0.0,0.0,1.0,0.0,0.0,0.0
2,4,0.0,0.0,0.0,0.0,1.0,0.0,0.0,0.0
2,4,0.0,0.0,0.0,0.0,1.0,0.0,0.0,0.0
2,4,0.0,0.0,0.0,0.0,1.0,0.0,0.0,0.0
2,4,0.0,0.0,0.0,0.0,1.0,0.0,0.0,0.0
2,4,0.0,0.0,0.0,0.0,1.0,0.0,0.0,0.0
2,4,0.0,0.0,0.0,0.0,1.0,0.0,0.0,0.0
2,4,0.0,0.0,0.0,0.0,1.0,0.0,0.0,0.0
2,4,0.0,0.0,0.0,0.0,1.0,0.0,0.0,0.0
2,4,0.0,0.0,0.0,0.0,1.0,0.0,0.0,0.0
2,4,0.0,0.0,0.0,0.0,1.0,0.0,0.0,0.0
2,4,0.0,0.0,0.0,0.0,1.0,0.0,0.0,0.0
2,4,0.0,0.0,0.0,0.0,1.0,0.0,0.0,0.0
2,4,0.0,0.0,0.0,0.0,1.0,0.0,0.0,0.0
2,4,0.0,0.0,0.0,0.0,1.0,0.0,0.0,0.0
2,4,0.0,0.0,0.0,0.0,1.0,0.0,0.0,0.0
2,4,0.0,0.0,0.0,0.0,1.0,0.0,0.0,0.0
2,4,0.0,0.0,0.0,0.0,1.0,0.0,0.0,0.0
2,4,0.0,0.0,0.0,0.0,1.0,0.0,0.0,0.0
2,4,0.0,0.0,0.0,0.0,1.0,0.0,0.0,0.0
2,4,0.0,0.0,0.0,0.0,1.0,0.0,0.0,0.0
2,4,0.0,0.0,0.0,0.0,1.0,0.0,0.0,0.0
2,4,0.0,0.0,0.0,0.0,1.0,0.0,0.0,0.0
2,4,0.0,0.0,0.0,0.0,1.0,0.0,0.0,0.0
2,4,0.0,0.0,0.0,0.0,1.0,0.0,0.0,0.0
2,4,0.0,0.0,0.0,0.0,1.0,0.0,0.0,0.0
2,4,0.0,0.0,0.0,0.0,1.0,0.0,0.0,0.0
2,4,0.0,0.0,0.0,0.0,1.0,0.0,0.0,0.0
2,4,0.0,0.0,0.0,0.0,1.0,0.0,0.0,0.0
2,4,0.0,0.0,0.0,0.0,1.0,0.0,0.0,0.0
2,4,0.0,0.0,0.0,0.0,1.0,0.0,0.0,0.0
2,4,0.0,0.0,0.0,0.0,1.0,0.0,0.0,0.0
2,4,0.0,0.0,0.0,0.0,1.0,0.0,0.0,0.0
2,4,0.0,0.0,0.0,0.0,1.0,0.0,0.0,0.0
2,4,0.0,0.0,0.0,0.0,1.0,0.0,0.0,0.0
2,4,0.0,0.0,0.0,0.0,1.0,0.0,0.0,0.0
2,4,0.0,0.0,0.0,0.0,1.0,0.0,0.0,0.0
2,4,0.0,0.0,0.0,0.0,1.0,0.0,0.0,0.0
2,4,0.0,0.0,0.0,0.0,1.0,0.0,0.0,0.0
2,4,0.0,0.0,0.0,0.0,1.0,0.0,0.0,0.0
2,4,0.0,0.0,0.0,0.0,1.0,0.0,0.0,0.0
2,4,0.0,0.0,0.0,0.0,1.0,0.0,0.0,0.0
2,4,0.0,0.0,0.0,0.0,1.0,0.0,0.0,0.0
2,4,0.0,0.0,0.0,0.0,1.0,0.0,0.0,0.0
2,4,0.0,0.0,0.0,0.0,1.0,0.0,0.0,0.0
2,4,0.0,0.0,0.0,0.0,1.0,0.0,0.0,0.0
2,4,0.0,0.0,0.0,0.0,1.0,0.0,0.0,0.0
2,4,0.0,0.0,0.0,0.0,1.0,0.0,0.0,0.0
2,4,0.0,0.0,0.0,0.0,1.0,0.0,0.0,0.0
2,4,0.0,0.0,0.0,0.0,1.0,0.0,0.0,0.0
2,4,0.0,0.0,0.0,0.0,1.0,0.0,0.0,0.0
2,4,0.0,0.0,0.0,0.0,1.0,0.0,0.0,0.0
2,4,0.0,0.0,0.0,0.0,1.0,0.0,0.0,0.0
2,4,0.0,0.0,0.0,0.0,1.0,0.0,0.0,0.0
2,4,0.0,0.0,0.0,0.0,1.0,0.0,0.0,0.0
2,4,0.0,0.0,0.0,0.0,1.0,0.0,0.0,0.0
2,4,0.0,0.0,0.0,0.0,1.0,0.0,0.0,0.0
2,4,0.0,0.0,0.0,0.0,1.0,0.0,0.0,0.0
2,4,0.0,0.0,0.0,0.0,1.0,0.0,0.0,0.0
2,4,0.0,0.0,0.0,0.0,1.0,0.0,0.0,0.0
2,4,0.0,0.0,0.0,0.0,1.0,0.0,0.0,0.0
2,4,0.0,0.0,0.0,0.0,1.0,0.0,0.0,0.0
2,4,0.0,0.0,0.0,0.0,1.0,0.0,0.0,0.0
2,4,0.0,0.0,0.0,0.0,1.0,0.0,0.0,0.0
2,4,0.0,0.0,0.0,0.0,1.0,0.0,0.0,0.0
2,4,0.0,0.0,0.0,0.0,1.0,0.0,0.0,0.0
2,4,0.0,0.0,0.0,0.0,1.0,0.0,0.0,0.0
2,4,0.0,0.0,0.0,0.0,1.0,0.0,0.0,0.0
2,4,0.0,0.0,0.0,0.0,1.0,0.0,0.0,0.0
2,4,0.0,0.0,0.0,0.0,1.0,0.0,0.0,0.0
2,4,0.0,0.0,0.0,0.0,1.0,0.0,0.0,0.0
2,4,0.0,0.0,0.0,0.0,1.0,0.0,0.0,0.0
2,4,0.0,0.0,0.0,0.0,1.0,0.0,0.0,0.0
2,4,0.0,0.0,0.0,0.0,1.0,0.0,0.0,0.0
2,4,0.0,0.0,0.0,0.0,1.0,0.0,0.0,0.0
2,4,0.0,0.0,0.0,0.0,1.0,0.0,0.0,0.0
2,4,0.0,0.0,0.0,0.0,1.0,0.0,0.0,0.0
2,4,0.0,0.0,0.0,0.0,1.0,0.0,0.0,0.0
2,4,0.0,0.0,0.0,0.0,1.0,0.0,0.0,0.0
2,4,0.0,0.0,0.0,0.0,1.0,0.0,0.0,0.0
2,4,0.0,0.0,0.0,0.0,1.0,0.0,0.0,0.0
2,4,0.0,0.0,0.0,0.0,1.0,0.0,0.0,0.0
2,4,0.0,0.0,0.0,0.0,1.0,0.0,0.0,0.0
2,4,0.0,0.0,0.0,0.0,1.0,0.0,0.0,0.0
2,4,0.0,0.0,0.0,0.0,1.0,0.0,0.0,0.0
2,4,0.0,0.0,0.0,0.0,1.0,0.0,0.0,0.0
2,4,0.0,0.0,0.0,0.0,1.0,0.0,0.0,0.0
2,4,0.0,0.0,0.0,0.0,1.0,0.0,0.0,0.0
2,4,0.0,0.0,0.0,0.0,1.0,0.0,0.0,0.0
2,4,0.0,0.0,0.0,0.0,1.0,0.0,0.0,0.0
2,4,0.0,0.0,0.0,0.0,1.0,0.0,0.0,0.0
2,4,0.0,0.0,0.0,0.0,1.0,0.0,0.0,0.0
2,4,0.0,0.0,0.0,0.0,1.0,0.0,0.0,0.0
2,4,0.0,0.0,0.0,0.0,1.0,0.0,0.0,0.0
2,4,0.0,0.0,0.0,0.0,1.0,0.0,0.0,0.0
2,4,0.0,0.0,0.0,0.0,1.0,0.0,0.0,0.0
2,4,0.0,0.0,0.0,0.0,1.0,0.0,0.0,0.0
2,4,0.0,0.0,0.0,0.0,1.0,0.0,0.0,0.0
2,4,0.0,0.0,0.0,0.0,1.0,0.0,0.0,0.0
2,4,0.0,0.0,0.0,0.0,1.0,0.0,0.0,0.0
2,4,0.0,0.0,0.0,0.0,1.0,0.0,0.0,0.0
2,4,0.0,0.0,0.0,0.0,1.0,0.0,0.0,0.0
2,4,0.0,0.0,0.0,0.0,1.0,0.0,0.0,0.0
2,4,0.0,0.0,0.0,0.0,1.0,0.0,0.0,0.0
2,4,0.0,0.0,0.0,0.0,1.0,0.0,0.0,0.0
2,4,0.0,0.0,0.0,0.0,1.0,0.0,0.0,0.0
2,4,0.0,0.0,0.0,0.0,1.0,0.0,0.0,0.0
2,4,0.0,0.0,0.0,0.0,1.0,0.0,0.0,0.0
2,4,0.0,0.0,0.0,0.0,1.0,0.0,0.0,0.0
2,4,0.0,0.0,0.0,0.0,1.0,0.0,0.0,0.0
2,4,0.0,0.0,0.0,0.0,1.0,0.0,0.0,0.0
2,4,0.0,0.0,0.0,0.0,1.0,0.0,0.0,0.0
2,4,0.0,0.0,0.0,0.0,1.0,0.0,0.0,0.0
2,4,0.0,0.0,0.0,0.0,1.0,0.0,0.0,0.0
2,4,0.0,0.0,0.0,0.0,1.0,0.0,0.0,0.0
2,4,0.0,0.0,0.0,0.0,1.0,0.0,0.0,0.0
2,4,0.0,0.0,0.0,0.0,1.0,0.0,0.0,0.0
2,4,0.0,0.0,0.0,0.0,1.0,0.0,0.0,0.0
2,4,0.0,0.0,0.0,0.0,1.0,0.0,0.0,0.0
2,4,0.0,0.0,0.0,0.0,1.0,0.0,0.0,0.0
2,4,0.0,0.0,0.0,0.0,1.0,0.0,0.0,0.0
2,4,0.0,0.0,0.0,0.0,1.0,0.0,0.0,0.0
2,4,0.0,0.0,0.0,0.0,1.0,0.0,0.0,0.0
2,4,0.0,0.0,0.0,0.0,1.0,0.0,0.0,0.0
2,4,0.0,0.0,0.0,0.0,1.0,0.0,0.0,0.0
2,4,0.0,0.0,0.0,0.0,1.0,0.0,0.0,0.0
2,4,0.0,0.0,0.0,0.0,1.0,0.0,0.0,0.0
2,4,0.0,0.0,0.0,0.0,1.0,0.0,0.0,0.0
2,4,0.0,0.0,0.0,0.0,1.0,0.0,0.0,0.0
2,4,0.0,0.0,0.0,0.0,1.0,0.0,0.0,0.0
2,4,0.0,0.0,0.0,0.0,1.0,0.0,0.0,0.0
2,4,0.0,0.0,0.0,0.0,1.0,0.0,0.0,0.0
2,4,0.0,0.0,0.0,0.0,1.0,0.0,0.0,0.0
2,4,0.0,0.0,0.0,0.0,1.0,0.0,0.0,0.0
2,4,0.0,0.0,0.0,0.0,1.0,0.0,0.0,0.0
2,4,0.0,0.0,0.0,0.0,1.0,0.0,0.0,0.0
2,4,0.0,0.0,0.0,0.0,1.0,0.0,0.0,0.0
2,4,0.0,0.0,0.0,0.0,1.0,0.0,0.0,0.0
2,4,0.0,0.0,0.0,0.0,1.0,0.0,0.0,0.0
2,4,0.0,0.0,0.0,0.0,1.0,0.0,0.0,0.0
2,4,0.0,0.0,0.0,0.0,1.0,0.0,0.0,0.0
2,4,0.0,0.0,0.0,0.0,1.0,0.0,0.0,0.0
2,4,0.0,0.0,0.0,0.0,1.0,0.0,0.0,0.0
2,4,0.0,0.0,0.0,0.0,1.0,0.0,0.0,0.0
2,4,0.0,0.0,0.0,0.0,1.0,0.0,0.0,0.0
2,4,0.0,0.0,0.0,0.0,1.0,0.0,0.0,0.0
2,4,0.0,0.0,0.0,0.0,1.0,0.0,0.0,0.0
2,4,0.0,0.0,0.0,0.0,1.0,0.0,0.0,0.0
2,4,0.0,0.0,0.0,0.0,1.0,0.0,0.0,0.0
2,4,0.0,0.0,0.0,0.0,1.0,0.0,0.0,0.0
2,4,0.0,0.0,0.0,0.0,1.0,0.0,0.0,0.0
2,4,0.0,0.0,0.0,0.0,1.0,0.0,0.0,0.0
2,4,0.0,0.0,0.0,0.0,1.0,0.0,0.0,0.0
2,4,0.0,0.0,0.0,0.0,1.0,0.0,0.0,0.0
2,4,0.0,0.0,0.0,0.0,1.0,0.0,0.0,0.0
2,4,0.0,0.0,0.0,0.0,1.0,0.0,0.0,0.0
2,4,0.0,0.0,0.0,0.0,1.0,0.0,0.0,0.0
2,4,0.0,0.0,0.0,0.0,1.0,0.0,0.0,0.0
2,4,0.0,0.0,0.0,0.0,1.0,0.0,0.0,0.0
2,4,0.0,0.0,0.0,0.0,1.0,0.0,0.0,0.0
2,4,0.0,0.0,0.0,0.0,1.0,0.0,0.0,0.0
2,4,0.0,0.0,0.0,0.0,1.0,0.0,0.0,0.0
2,4,0.0,0.0,0.0,0.0,1.0,0.0,0.0,0.0
2,4,0.0,0.0,0.0,0.0,1.0,0.0,0.0,0.0
2,4,0.0,0.0,0.0,0.0,1.0,0.0,0.0,0.0
2,4,0.0,0.0,0.0,0.0,1.0,0.0,0.0,0.0
2,4,0.0,0.0,0.0,0.0,1.0,0.0,0.0,0.0
2,4,0.0,0.0,0.0,0.0,1.0,0.0,0.0,0.0
2,4,0.0,0.0,0.0,0.0,1.0,0.0,0.0,0.0
2,4,0.0,0.0,0.0,0.0,1.0,0.0,0.0,0.0
2,4,0.0,0.0,0.0,0.0,1.0,0.0,0.0,0.0
2,4,0.0,0.0,0.0,0.0,1.0,0.0,0.0,0.0
2,4,0.0,0.0,0.0,0.0,1.0,0.0,0.0,0.0
2,4,0.0,0.0,0.0,0.0,1.0,0.0,0.0,0.0
2,4,0.0,0.0,0.0,0.0,1.0,0.0,0.0,0.0
2,4,0.0,0.0,0.0,0.0,1.0,0.0,0.0,0.0
2,4,0.0,0.0,0.0,0.0,1.0,0.0,0.0,0.0
2,4,0.0,0.0,0.0,0.0,1.0,0.0,0.0,0.0
2,4,0.0,0.0,0.0,0.0,1.0,0.0,0.0,0.0
2,4,0.0,0.0,0.0,0.0,1.0,0.0,0.0,0.0
2,4,0.0,0.0,0.0,0.0,1.0,0.0,0.0,0.0
2,4,0.0,0.0,0.0,0.0,1.0,0.0,0.0,0.0
2,4,0.0,0.0,0.0,0.0,1.0,0.0,0.0,0.0
2,4,0.0,0.0,0.0,0.0,1.0,0.0,0.0,0.0
2,4,0.0,0.0,0.0,0.0,1.0,0.0,0.0,0.0
2,4,0.0,0.0,0.0,0.0,1.0,0.0,0.0,0.0
2,4,0.0,0.0,0.0,0.0,1.0,0.0,0.0,0.0
2,4,0.0,0.0,0.0,0.0,1.0,0.0,0.0,0.0
2,4,0.0,0.0,0.0,0.0,1.0,0.0,0.0,0.0
2,4,0.0,0.0,0.0,0.0,1.0,0.0,0.0,0.0
2,4,0.0,0.0,0.0,0.0,1.0,0.0,0.0,0.0
2,4,0.0,0.0,0.0,0.0,1.0,0.0,0.0,0.0
2,4,0.0,0.0,0.0,0.0,1.0,0.0,0.0,0.0
2,4,0.0,0.0,0.0,0.0,1.0,0.0,0.0,0.0
2,4,0.0,0.0,0.0,0.0,1.0,0.0,0.0,0.0
2,4,0.0,0.0,0.0,0.0,1.0,0.0,0.0,0.0
2,4,0.0,0.0,0.0,0.0,1.0,0.0,0.0,0.0
2,4,0.0,0.0,0.0,0.0,1.0,0.0,0.0,0.0
2,4,0.0,0.0,0.0,0.0,1.0,0.0,0.0,0.0
2,4,0.0,0.0,0.0,0.0,1.0,0.0,0.0,0.0
2,4,0.0,0.0,0.0,0.0,1.0,0.0,0.0,0.0
2,4,0.0,0.0,0.0,0.0,1.0,0.0,0.0,0.0
2,4,0.0,0.0,0.0,0.0,1.0,0.0,0.0,0.0
2,4,0.0,0.0,0.0,0.0,1.0,0.0,0.0,0.0
2,4,0.0,0.0,0.0,0.0,1.0,0.0,0.0,0.0
2,4,0.0,0.0,0.0,0.0,1.0,0.0,0.0,0.0
2,4,0.0,0.0,0.0,0.0,1.0,0.0,0.0,0.0
2,4,0.0,0.0,0.0,0.0,1.0,0.0,0.0,0.0
2,4,0.0,0.0,0.0,0.0,1.0,0.0,0.0,0.0
2,4,0.0,0.0,0.0,0.0,1.0,0.0,0.0,0.0
2,4,0.0,0.0,0.0,0.0,1.0,0.0,0.0,0.0
2,4,0.0,0.0,0.0,0.0,1.0,0.0,0.0,0.0
2,4,0.0,0.0,0.0,0.0,1.0,0.0,0.0,0.0
2,4,0.0,0.0,0.0,0.0,1.0,0.0,0.0,0.0
2,4,0.0,0.0,0.0,0.0,1.0,0.0,0.0,0.0
2,4,0.0,0.0,0.0,0.0,1.0,0.0,0.0,0.0
2,4,0.0,0.0,0.0,0.0,1.0,0.0,0.0,0.0
2,4,0.0,0.0,0.0,0.0,1.0,0.0,0.0,0.0
2,4,0.0,0.0,0.0,0.0,1.0,0.0,0.0,0.0
2,4,0.0,0.0,0.0,0.0,1.0,0.0,0.0,0.0
2,4,0.0,0.0,0.0,0.0,1.0,0.0,0.0,0.0
2,4,0.0,0.0,0.0,0.0,1.0,0.0,0.0,0.0
2,4,0.0,0.0,0.0,0.0,1.0,0.0,0.0,0.0
2,4,0.0,0.0,0.0,0.0,1.0,0.0,0.0,0.0
2,4,0.0,0.0,0.0,0.0,1.0,0.0,0.0,0.0
2,4,0.0,0.0,0.0,0.0,1.0,0.0,0.0,0.0
2,4,0.0,0.0,0.0,0.0,1.0,0.0,0.0,0.0
2,4,0.0,0.0,0.0,0.0,1.0,0.0,0.0,0.0
2,4,0.0,0.0,0.0,0.0,1.0,0.0,0.0,0.0
2,4,0.0,0.0,0.0,0.0,1.0,0.0,0.0,0.0
2,4,0.0,0.0,0.0,0.0,1.0,0.0,0.0,0.0
2,4,0.0,0.0,0.0,0.0,1.0,0.0,0.0,0.0
2,4,0.0,0.0,0.0,0.0,1.0,0.0,0.0,0.0
2,4,0.0,0.0,0.0,0.0,1.0,0.0,0.0,0.0
2,4,0.0,0.0,0.0,0.0,1.0,0.0,0.0,0.0
2,4,0.0,0.0,0.0,0.0,1.0,0.0,0.0,0.0
2,4,0.0,0.0,0.0,0.0,1.0,0.0,0.0,0.0
2,4,0.0,0.0,0.0,0.0,1.0,0.0,0.0,0.0
2,4,0.0,0.0,0.0,0.0,1.0,0.0,0.0,0.0
2,4,0.0,0.0,0.0,0.0,1.0,0.0,0.0,0.0
2,4,0.0,0.0,0.0,0.0,1.0,0.0,0.0,0.0
2,4,0.0,0.0,0.0,0.0,1.0,0.0,0.0,0.0
2,4,0.0,0.0,0.0,0.0,1.0,0.0,0.0,0.0
2,4,0.0,0.0,0.0,0.0,1.0,0.0,0.0,0.0
2,4,0.0,0.0,0.0,0.0,1.0,0.0,0.0,0.0
2,4,0.0,0.0,0.0,0.0,1.0,0.0,0.0,0.0
2,4,0.0,0.0,0.0,0.0,1.0,0.0,0.0,0.0
2,4,0.0,0.0,0.0,0.0,1.0,0.0,0.0,0.0
2,4,0.0,0.0,0.0,0.0,1.0,0.0,0.0,0.0
2,4,0.0,0.0,0.0,0.0,1.0,0.0,0.0,0.0
2,4,0.0,0.0,0.0,0.0,1.0,0.0,0.0,0.0
2,4,0.0,0.0,0.0,0.0,1.0,0.0,0.0,0.0
2,4,0.0,0.0,0.0,0.0,1.0,0.0,0.0,0.0
2,4,0.0,0.0,0.0,0.0,1.0,0.0,0.0,0.0
2,4,0.0,0.0,0.0,0.0,1.0,0.0,0.0,0.0
2,4,0.0,0.0,0.0,0.0,1.0,0.0,0.0,0.0
2,4,0.0,0.0,0.0,0.0,1.0,0.0,0.0,0.0
2,4,0.0,0.0,0.0,0.0,1.0,0.0,0.0,0.0
2,4,0.0,0.0,0.0,0.0,1.0,0.0,0.0,0.0
2,4,0.0,0.0,0.0,0.0,1.0,0.0,0.0,0.0
2,4,0.0,0.0,0.0,0.0,1.0,0.0,0.0,0.0
2,4,0.0,0.0,0.0,0.0,1.0,0.0,0.0,0.0
2,4,0.0,0.0,0.0,0.0,1.0,0.0,0.0,0.0
2,4,0.0,0.0,0.0,0.0,1.0,0.0,0.0,0.0
2,4,0.0,0.0,0.0,0.0,1.0,0.0,0.0,0.0
2,4,0.0,0.0,0.0,0.0,1.0,0.0,0.0,0.0
2,4,0.0,0.0,0.0,0.0,1.0,0.0,0.0,0.0
2,4,0.0,0.0,0.0,0.0,1.0,0.0,0.0,0.0
2,4,0.0,0.0,0.0,0.0,1.0,0.0,0.0,0.0
2,4,0.0,0.0,0.0,0.0,1.0,0.0,0.0,0.0
2,4,0.0,0.0,0.0,0.0,1.0,0.0,0.0,0.0
2,4,0.0,0.0,0.0,0.0,1.0,0.0,0.0,0.0
2,4,0.0,0.0,0.0,0.0,1.0,0.0,0.0,0.0
2,4,0.0,0.0,0.0,0.0,1.0,0.0,0.0,0.0
2,4,0.0,0.0,0.0,0.0,1.0,0.0,0.0,0.0
2,4,0.0,0.0,0.0,0.0,1.0,0.0,0.0,0.0
2,4,0.0,0.0,0.0,0.0,1.0,0.0,0.0,0.0
2,4,0.0,0.0,0.0,0.0,1.0,0.0,0.0,0.0
2,4,0.0,0.0,0.0,0.0,1.0,0.0,0.0,0.0
2,4,0.0,0.0,0.0,0.0,1.0,0.0,0.0,0.0
2,4,0.0,0.0,0.0,0.0,1.0,0.0,0.0,0.0
2,4,0.0,0.0,0.0,0.0,1.0,0.0,0.0,0.0
2,4,0.0,0.0,0.0,0.0,1.0,0.0,0.0,0.0
2,4,0.0,0.0,0.0,0.0,1.0,0.0,0.0,0.0
2,4,0.0,0.0,0.0,0.0,1.0,0.0,0.0,0.0
2,4,0.0,0.0,0.0,0.0,1.0,0.0,0.0,0.0
2,4,0.0,0.0,0.0,0.0,1.0,0.0,0.0,0.0
2,4,0.0,0.0,0.0,0.0,1.0,0.0,0.0,0.0
2,4,0.0,0.0,0.0,0.0,1.0,0.0,0.0,0.0
2,4,0.0,0.0,0.0,0.0,1.0,0.0,0.0,0.0
2,4,0.0,0.0,0.0,0.0,1.0,0.0,0.0,0.0
2,4,0.0,0.0,0.0,0.0,1.0,0.0,0.0,0.0
2,4,0.0,0.0,0.0,0.0,1.0,0.0,0.0,0.0
2,4,0.0,0.0,0.0,0.0,1.0,0.0,0.0,0.0
2,4,0.0,0.0,0.0,0.0,1.0,0.0,0.0,0.0
2,4,0.0,0.0,0.0,0.0,1.0,0.0,0.0,0.0
2,4,0.0,0.0,0.0,0.0,1.0,0.0,0.0,0.0
2,4,0.0,0.0,0.0,0.0,1.0,0.0,0.0,0.0
2,4,0.0,0.0,0.0,0.0,1.0,0.0,0.0,0.0
2,4,0.0,0.0,0.0,0.0,1.0,0.0,0.0,0.0
2,4,0.0,0.0,0.0,0.0,1.0,0.0,0.0,0.0
2,4,0.0,0.0,0.0,0.0,1.0,0.0,0.0,0.0
2,4,0.0,0.0,0.0,0.0,1.0,0.0,0.0,0.0
2,4,0.0,0.0,0.0,0.0,1.0,0.0,0.0,0.0
2,4,0.0,0.0,0.0,0.0,1.0,0.0,0.0,0.0
2,4,0.0,0.0,0.0,0.0,1.0,0.0,0.0,0.0
2,4,0.0,0.0,0.0,0.0,1.0,0.0,0.0,0.0
2,4,0.0,0.0,0.0,0.0,1.0,0.0,0.0,0.0
2,4,0.0,0.0,0.0,0.0,1.0,0.0,0.0,0.0
2,4,0.0,0.0,0.0,0.0,1.0,0.0,0.0,0.0
2,4,0.0,0.0,0.0,0.0,1.0,0.0,0.0,0.0
2,4,0.0,0.0,0.0,0.0,1.0,0.0,0.0,0.0
2,4,0.0,0.0,0.0,0.0,1.0,0.0,0.0,0.0
2,4,0.0,0.0,0.0,0.0,1.0,0.0,0.0,0.0
2,4,0.0,0.0,0.0,0.0,1.0,0.0,0.0,0.0
2,4,0.0,0.0,0.0,0.0,1.0,0.0,0.0,0.0
2,4,0.0,0.0,0.0,0.0,1.0,0.0,0.0,0.0
2,4,0.0,0.0,0.0,0.0,1.0,0.0,0.0,0.0
2,4,0.0,0.0,0.0,0.0,1.0,0.0,0.0,0.0
2,4,0.0,0.0,0.0,0.0,1.0,0.0,0.0,0.0
2,4,0.0,0.0,0.0,0.0,1.0,0.0,0.0,0.0
2,4,0.0,0.0,0.0,0.0,1.0,0.0,0.0,0.0
2,4,0.0,0.0,0.0,0.0,1.0,0.0,0.0,0.0
2,4,0.0,0.0,0.0,0.0,1.0,0.0,0.0,0.0
2,4,0.0,0.0,0.0,0.0,1.0,0.0,0.0,0.0
2,4,0.0,0.0,0.0,0.0,1.0,0.0,0.0,0.0
2,4,0.0,0.0,0.0,0.0,1.0,0.0,0.0,0.0
2,4,0.0,0.0,0.0,0.0,1.0,0.0,0.0,0.0
2,4,0.0,0.0,0.0,0.0,1.0,0.0,0.0,0.0
2,4,0.0,0.0,0.0,0.0,1.0,0.0,0.0,0.0
2,4,0.0,0.0,0.0,0.0,1.0,0.0,0.0,0.0
2,4,0.0,0.0,0.0,0.0,1.0,0.0,0.0,0.0
2,4,0.0,0.0,0.0,0.0,1.0,0.0,0.0,0.0
2,4,0.0,0.0,0.0,0.0,1.0,0.0,0.0,0.0
2,4,0.0,0.0,0.0,0.0,1.0,0.0,0.0,0.0
2,4,0.0,0.0,0.0,0.0,1.0,0.0,0.0,0.0
2,4,0.0,0.0,0.0,0.0,1.0,0.0,0.0,0.0
2,4,0.0,0.0,0.0,0.0,1.0,0.0,0.0,0.0
2,4,0.0,0.0,0.0,0.0,1.0,0.0,0.0,0.0
2,4,0.0,0.0,0.0,0.0,1.0,0.0,0.0,0.0
2,4,0.0,0.0,0.0,0.0,1.0,0.0,0.0,0.0
2,4,0.0,0.0,0.0,0.0,1.0,0.0,0.0,0.0
2,4,0.0,0.0,0.0,0.0,1.0,0.0,0.0,0.0
2,4,0.0,0.0,0.0,0.0,1.0,0.0,0.0,0.0
2,4,0.0,0.0,0.0,0.0,1.0,0.0,0.0,0.0
2,4,0.0,0.0,0.0,0.0,1.0,0.0,0.0,0.0
2,4,0.0,0.0,0.0,0.0,1.0,0.0,0.0,0.0
2,4,0.0,0.0,0.0,0.0,1.0,0.0,0.0,0.0
2,4,0.0,0.0,0.0,0.0,1.0,0.0,0.0,0.0
2,4,0.0,0.0,0.0,0.0,1.0,0.0,0.0,0.0
2,4,0.0,0.0,0.0,0.0,1.0,0.0,0.0,0.0
2,4,0.0,0.0,0.0,0.0,1.0,0.0,0.0,0.0
2,4,0.0,0.0,0.0,0.0,1.0,0.0,0.0,0.0
2,4,0.0,0.0,0.0,0.0,1.0,0.0,0.0,0.0
2,4,0.0,0.0,0.0,0.0,1.0,0.0,0.0,0.0
2,4,0.0,0.0,0.0,0.0,1.0,0.0,0.0,0.0
2,4,0.0,0.0,0.0,0.0,1.0,0.0,0.0,0.0
2,4,0.0,0.0,0.0,0.0,1.0,0.0,0.0,0.0
2,4,0.0,0.0,0.0,0.0,1.0,0.0,0.0,0.0
2,4,0.0,0.0,0.0,0.0,1.0,0.0,0.0,0.0
2,4,0.0,0.0,0.0,0.0,1.0,0.0,0.0,0.0
2,4,0.0,0.0,0.0,0.0,1.0,0.0,0.0,0.0
2,4,0.0,0.0,0.0,0.0,1.0,0.0,0.0,0.0
2,4,0.0,0.0,0.0,0.0,1.0,0.0,0.0,0.0
2,4,0.0,0.0,0.0,0.0,1.0,0.0,0.0,0.0
2,4,0.0,0.0,0.0,0.0,1.0,0.0,0.0,0.0
2,4,0.0,0.0,0.0,0.0,1.0,0.0,0.0,0.0
2,4,0.0,0.0,0.0,0.0,1.0,0.0,0.0,0.0
2,4,0.0,0.0,0.0,0.0,1.0,0.0,0.0,0.0
2,4,0.0,0.0,0.0,0.0,1.0,0.0,0.0,0.0
2,4,0.0,0.0,0.0,0.0,1.0,0.0,0.0,0.0
2,4,0.0,0.0,0.0,0.0,1.0,0.0,0.0,0.0
2,4,0.0,0.0,0.0,0.0,1.0,0.0,0.0,0.0
2,4,0.0,0.0,0.0,0.0,1.0,0.0,0.0,0.0
2,4,0.0,0.0,0.0,0.0,1.0,0.0,0.0,0.0
2,4,0.0,0.0,0.0,0.0,1.0,0.0,0.0,0.0
2,4,0.0,0.0,0.0,0.0,1.0,0.0,0.0,0.0
2,4,0.0,0.0,0.0,0.0,1.0,0.0,0.0,0.0
2,4,0.0,0.0,0.0,0.0,1.0,0.0,0.0,0.0
2,4,0.0,0.0,0.0,0.0,1.0,0.0,0.0,0.0
2,4,0.0,0.0,0.0,0.0,1.0,0.0,0.0,0.0
2,4,0.0,0.0,0.0,0.0,1.0,0.0,0.0,0.0
2,4,0.0,0.0,0.0,0.0,1.0,0.0,0.0,0.0
2,4,0.0,0.0,0.0,0.0,1.0,0.0,0.0,0.0
2,4,0.0,0.0,0.0,0.0,1.0,0.0,0.0,0.0
2,4,0.0,0.0,0.0,0.0,1.0,0.0,0.0,0.0
2,4,0.0,0.0,0.0,0.0,1.0,0.0,0.0,0.0
2,4,0.0,0.0,0.0,0.0,1.0,0.0,0.0,0.0
2,4,0.0,0.0,0.0,0.0,1.0,0.0,0.0,0.0
2,4,0.0,0.0,0.0,0.0,1.0,0.0,0.0,0.0
2,4,0.0,0.0,0.0,0.0,1.0,0.0,0.0,0.0
2,4,0.0,0.0,0.0,0.0,1.0,0.0,0.0,0.0
2,4,0.0,0.0,0.0,0.0,1.0,0.0,0.0,0.0
2,4,0.0,0.0,0.0,0.0,1.0,0.0,0.0,0.0
2,4,0.0,0.0,0.0,0.0,1.0,0.0,0.0,0.0
2,4,0.0,0.0,0.0,0.0,1.0,0.0,0.0,0.0
2,4,0.0,0.0,0.0,0.0,1.0,0.0,0.0,0.0
2,4,0.0,0.0,0.0,0.0,1.0,0.0,0.0,0.0
2,4,0.0,0.0,0.0,0.0,1.0,0.0,0.0,0.0
2,4,0.0,0.0,0.0,0.0,1.0,0.0,0.0,0.0
2,4,0.0,0.0,0.0,0.0,1.0,0.0,0.0,0.0
2,4,0.0,0.0,0.0,0.0,1.0,0.0,0.0,0.0
2,4,0.0,0.0,0.0,0.0,1.0,0.0,0.0,0.0
2,4,0.0,0.0,0.0,0.0,1.0,0.0,0.0,0.0
2,4,0.0,0.0,0.0,0.0,1.0,0.0,0.0,0.0
2,4,0.0,0.0,0.0,0.0,1.0,0.0,0.0,0.0
2,4,0.0,0.0,0.0,0.0,1.0,0.0,0.0,0.0
2,4,0.0,0.0,0.0,0.0,1.0,0.0,0.0,0.0
2,4,0.0,0.0,0.0,0.0,1.0,0.0,0.0,0.0
2,4,0.0,0.0,0.0,0.0,1.0,0.0,0.0,0.0
2,4,0.0,0.0,0.0,0.0,1.0,0.0,0.0,0.0
2,4,0.0,0.0,0.0,0.0,1.0,0.0,0.0,0.0
2,4,0.0,0.0,0.0,0.0,1.0,0.0,0.0,0.0
2,4,0.0,0.0,0.0,0.0,1.0,0.0,0.0,0.0
2,4,0.0,0.0,0.0,0.0,1.0,0.0,0.0,0.0
2,4,0.0,0.0,0.0,0.0,1.0,0.0,0.0,0.0
2,4,0.0,0.0,0.0,0.0,1.0,0.0,0.0,0.0
2,4,0.0,0.0,0.0,0.0,1.0,0.0,0.0,0.0
2,4,0.0,0.0,0.0,0.0,1.0,0.0,0.0,0.0
2,4,0.0,0.0,0.0,0.0,1.0,0.0,0.0,0.0
2,4,0.0,0.0,0.0,0.0,1.0,0.0,0.0,0.0
2,4,0.0,0.0,0.0,0.0,1.0,0.0,0.0,0.0
2,4,0.0,0.0,0.0,0.0,1.0,0.0,0.0,0.0
2,4,0.0,0.0,0.0,0.0,1.0,0.0,0.0,0.0
2,4,0.0,0.0,0.0,0.0,1.0,0.0,0.0,0.0
2,4,0.0,0.0,0.0,0.0,1.0,0.0,0.0,0.0
2,4,0.0,0.0,0.0,0.0,1.0,0.0,0.0,0.0
2,4,0.0,0.0,0.0,0.0,1.0,0.0,0.0,0.0
2,4,0.0,0.0,0.0,0.0,1.0,0.0,0.0,0.0
2,4,0.0,0.0,0.0,0.0,1.0,0.0,0.0,0.0
2,4,0.0,0.0,0.0,0.0,1.0,0.0,0.0,0.0
2,4,0.0,0.0,0.0,0.0,1.0,0.0,0.0,0.0
2,4,0.0,0.0,0.0,0.0,1.0,0.0,0.0,0.0
2,4,0.0,0.0,0.0,0.0,1.0,0.0,0.0,0.0
2,4,0.0,0.0,0.0,0.0,1.0,0.0,0.0,0.0
2,4,0.0,0.0,0.0,0.0,1.0,0.0,0.0,0.0
2,4,0.0,0.0,0.0,0.0,1.0,0.0,0.0,0.0
2,4,0.0,0.0,0.0,0.0,1.0,0.0,0.0,0.0
2,4,0.0,0.0,0.0,0.0,1.0,0.0,0.0,0.0
2,4,0.0,0.0,0.0,0.0,1.0,0.0,0.0,0.0
2,4,0.0,0.0,0.0,0.0,1.0,0.0,0.0,0.0
2,4,0.0,0.0,0.0,0.0,1.0,0.0,0.0,0.0
2,4,0.0,0.0,0.0,0.0,1.0,0.0,0.0,0.0
2,4,0.0,0.0,0.0,0.0,1.0,0.0,0.0,0.0
2,4,0.0,0.0,0.0,0.0,1.0,0.0,0.0,0.0
2,4,0.0,0.0,0.0,0.0,1.0,0.0,0.0,0.0
2,4,0.0,0.0,0.0,0.0,1.0,0.0,0.0,0.0
2,4,0.0,0.0,0.0,0.0,1.0,0.0,0.0,0.0
2,4,0.0,0.0,0.0,0.0,1.0,0.0,0.0,0.0
2,4,0.0,0.0,0.0,0.0,1.0,0.0,0.0,0.0
2,4,0.0,0.0,0.0,0.0,1.0,0.0,0.0,0.0
2,4,0.0,0.0,0.0,0.0,1.0,0.0,0.0,0.0
2,4,0.0,0.0,0.0,0.0,1.0,0.0,0.0,0.0
2,4,0.0,0.0,0.0,0.0,1.0,0.0,0.0,0.0
2,4,0.0,0.0,0.0,0.0,1.0,0.0,0.0,0.0
2,4,0.0,0.0,0.0,0.0,1.0,0.0,0.0,0.0
2,4,0.0,0.0,0.0,0.0,1.0,0.0,0.0,0.0
2,4,0.0,0.0,0.0,0.0,1.0,0.0,0.0,0.0
2,4,0.0,0.0,0.0,0.0,1.0,0.0,0.0,0.0
2,4,0.0,0.0,0.0,0.0,1.0,0.0,0.0,0.0
2,4,0.0,0.0,0.0,0.0,1.0,0.0,0.0,0.0
2,4,0.0,0.0,0.0,0.0,1.0,0.0,0.0,0.0
2,4,0.0,0.0,0.0,0.0,1.0,0.0,0.0,0.0
2,4,0.0,0.0,0.0,0.0,1.0,0.0,0.0,0.0
2,4,0.0,0.0,0.0,0.0,1.0,0.0,0.0,0.0
2,4,0.0,0.0,0.0,0.0,1.0,0.0,0.0,0.0
2,4,0.0,0.0,0.0,0.0,1.0,0.0,0.0,0.0
2,4,0.0,0.0,0.0,0.0,1.0,0.0,0.0,0.0
2,4,0.0,0.0,0.0,0.0,1.0,0.0,0.0,0.0
2,4,0.0,0.0,0.0,0.0,1.0,0.0,0.0,0.0
2,4,0.0,0.0,0.0,0.0,1.0,0.0,0.0,0.0
2,4,0.0,0.0,0.0,0.0,1.0,0.0,0.0,0.0
2,4,0.0,0.0,0.0,0.0,1.0,0.0,0.0,0.0
2,4,0.0,0.0,0.0,0.0,1.0,0.0,0.0,0.0
2,4,0.0,0.0,0.0,0.0,1.0,0.0,0.0,0.0
2,4,0.0,0.0,0.0,0.0,1.0,0.0,0.0,0.0
2,4,0.0,0.0,0.0,0.0,1.0,0.0,0.0,0.0
2,4,0.0,0.0,0.0,0.0,1.0,0.0,0.0,0.0
2,4,0.0,0.0,0.0,0.0,1.0,0.0,0.0,0.0
2,4,0.0,0.0,0.0,0.0,1.0,0.0,0.0,0.0
2,4,0.0,0.0,0.0,0.0,1.0,0.0,0.0,0.0
2,4,0.0,0.0,0.0,0.0,1.0,0.0,0.0,0.0
2,4,0.0,0.0,0.0,0.0,1.0,0.0,0.0,0.0
2,4,0.0,0.0,0.0,0.0,1.0,0.0,0.0,0.0
2,4,0.0,0.0,0.0,0.0,1.0,0.0,0.0,0.0
2,4,0.0,0.0,0.0,0.0,1.0,0.0,0.0,0.0
2,4,0.0,0.0,0.0,0.0,1.0,0.0,0.0,0.0
2,4,0.0,0.0,0.0,0.0,1.0,0.0,0.0,0.0
2,4,0.0,0.0,0.0,0.0,1.0,0.0,0.0,0.0
2,4,0.0,0.0,0.0,0.0,1.0,0.0,0.0,0.0
2,4,0.0,0.0,0.0,0.0,1.0,0.0,0.0,0.0
2,4,0.0,0.0,0.0,0.0,1.0,0.0,0.0,0.0
2,4,0.0,0.0,0.0,0.0,1.0,0.0,0.0,0.0
2,4,0.0,0.0,0.0,0.0,1.0,0.0,0.0,0.0
2,4,0.0,0.0,0.0,0.0,1.0,0.0,0.0,0.0
2,4,0.0,0.0,0.0,0.0,1.0,0.0,0.0,0.0
2,4,0.0,0.0,0.0,0.0,1.0,0.0,0.0,0.0
2,4,0.0,0.0,0.0,0.0,1.0,0.0,0.0,0.0
2,4,0.0,0.0,0.0,0.0,1.0,0.0,0.0,0.0
2,4,0.0,0.0,0.0,0.0,1.0,0.0,0.0,0.0
2,4,0.0,0.0,0.0,0.0,1.0,0.0,0.0,0.0
2,4,0.0,0.0,0.0,0.0,1.0,0.0,0.0,0.0
2,4,0.0,0.0,0.0,0.0,1.0,0.0,0.0,0.0
2,4,0.0,0.0,0.0,0.0,1.0,0.0,0.0,0.0
2,4,0.0,0.0,0.0,0.0,1.0,0.0,0.0,0.0
2,4,0.0,0.0,0.0,0.0,1.0,0.0,0.0,0.0
2,4,0.0,0.0,0.0,0.0,1.0,0.0,0.0,0.0
2,4,0.0,0.0,0.0,0.0,1.0,0.0,0.0,0.0
2,4,0.0,0.0,0.0,0.0,1.0,0.0,0.0,0.0
2,4,0.0,0.0,0.0,0.0,1.0,0.0,0.0,0.0
2,4,0.0,0.0,0.0,0.0,1.0,0.0,0.0,0.0
2,4,0.0,0.0,0.0,0.0,1.0,0.0,0.0,0.0
2,4,0.0,0.0,0.0,0.0,1.0,0.0,0.0,0.0
2,4,0.0,0.0,0.0,0.0,1.0,0.0,0.0,0.0
2,4,0.0,0.0,0.0,0.0,1.0,0.0,0.0,0.0
2,4,0.0,0.0,0.0,0.0,1.0,0.0,0.0,0.0
2,4,0.0,0.0,0.0,0.0,1.0,0.0,0.0,0.0
2,4,0.0,0.0,0.0,0.0,1.0,0.0,0.0,0.0
2,4,0.0,0.0,0.0,0.0,1.0,0.0,0.0,0.0
2,4,0.0,0.0,0.0,0.0,1.0,0.0,0.0,0.0
2,4,0.0,0.0,0.0,0.0,1.0,0.0,0.0,0.0
2,4,0.0,0.0,0.0,0.0,1.0,0.0,0.0,0.0
2,4,0.0,0.0,0.0,0.0,1.0,0.0,0.0,0.0
2,4,0.0,0.0,0.0,0.0,1.0,0.0,0.0,0.0
2,4,0.0,0.0,0.0,0.0,1.0,0.0,0.0,0.0
2,4,0.0,0.0,0.0,0.0,1.0,0.0,0.0,0.0
2,4,0.0,0.0,0.0,0.0,1.0,0.0,0.0,0.0
2,4,0.0,0.0,0.0,0.0,1.0,0.0,0.0,0.0
2,4,0.0,0.0,0.0,0.0,1.0,0.0,0.0,0.0
2,4,0.0,0.0,0.0,0.0,1.0,0.0,0.0,0.0
2,4,0.0,0.0,0.0,0.0,1.0,0.0,0.0,0.0
2,4,0.0,0.0,0.0,0.0,1.0,0.0,0.0,0.0
2,4,0.0,0.0,0.0,0.0,1.0,0.0,0.0,0.0
2,4,0.0,0.0,0.0,0.0,1.0,0.0,0.0,0.0
2,4,0.0,0.0,0.0,0.0,1.0,0.0,0.0,0.0
2,4,0.0,0.0,0.0,0.0,1.0,0.0,0.0,0.0
2,4,0.0,0.0,0.0,0.0,1.0,0.0,0.0,0.0
2,4,0.0,0.0,0.0,0.0,1.0,0.0,0.0,0.0
2,4,0.0,0.0,0.0,0.0,1.0,0.0,0.0,0.0
2,4,0.0,0.0,0.0,0.0,1.0,0.0,0.0,0.0
2,4,0.0,0.0,0.0,0.0,1.0,0.0,0.0,0.0
2,4,0.0,0.0,0.0,0.0,1.0,0.0,0.0,0.0
2,4,0.0,0.0,0.0,0.0,1.0,0.0,0.0,0.0
2,4,0.0,0.0,0.0,0.0,1.0,0.0,0.0,0.0
2,4,0.0,0.0,0.0,0.0,1.0,0.0,0.0,0.0
2,4,0.0,0.0,0.0,0.0,1.0,0.0,0.0,0.0
2,4,0.0,0.0,0.0,0.0,1.0,0.0,0.0,0.0
2,4,0.0,0.0,0.0,0.0,1.0,0.0,0.0,0.0
2,4,0.0,0.0,0.0,0.0,1.0,0.0,0.0,0.0
2,4,0.0,0.0,0.0,0.0,1.0,0.0,0.0,0.0
2,4,0.0,0.0,0.0,0.0,1.0,0.0,0.0,0.0
2,4,0.0,0.0,0.0,0.0,1.0,0.0,0.0,0.0
2,4,0.0,0.0,0.0,0.0,1.0,0.0,0.0,0.0
2,4,0.0,0.0,0.0,0.0,1.0,0.0,0.0,0.0
2,4,0.0,0.0,0.0,0.0,1.0,0.0,0.0,0.0
2,4,0.0,0.0,0.0,0.0,1.0,0.0,0.0,0.0
2,4,0.0,0.0,0.0,0.0,1.0,0.0,0.0,0.0
2,4,0.0,0.0,0.0,0.0,1.0,0.0,0.0,0.0
2,4,0.0,0.0,0.0,0.0,1.0,0.0,0.0,0.0
2,4,0.0,0.0,0.0,0.0,1.0,0.0,0.0,0.0
2,4,0.0,0.0,0.0,0.0,1.0,0.0,0.0,0.0
2,4,0.0,0.0,0.0,0.0,1.0,0.0,0.0,0.0
2,4,0.0,0.0,0.0,0.0,1.0,0.0,0.0,0.0
2,4,0.0,0.0,0.0,0.0,1.0,0.0,0.0,0.0
2,4,0.0,0.0,0.0,0.0,1.0,0.0,0.0,0.0
2,4,0.0,0.0,0.0,0.0,1.0,0.0,0.0,0.0
2,4,0.0,0.0,0.0,0.0,1.0,0.0,0.0,0.0
2,4,0.0,0.0,0.0,0.0,1.0,0.0,0.0,0.0
2,4,0.0,0.0,0.0,0.0,1.0,0.0,0.0,0.0
2,4,0.0,0.0,0.0,0.0,1.0,0.0,0.0,0.0
2,4,0.0,0.0,0.0,0.0,1.0,0.0,0.0,0.0
2,4,0.0,0.0,0.0,0.0,1.0,0.0,0.0,0.0
2,4,0.0,0.0,0.0,0.0,1.0,0.0,0.0,0.0
2,4,0.0,0.0,0.0,0.0,1.0,0.0,0.0,0.0
2,4,0.0,0.0,0.0,0.0,1.0,0.0,0.0,0.0
2,4,0.0,0.0,0.0,0.0,1.0,0.0,0.0,0.0
2,4,0.0,0.0,0.0,0.0,1.0,0.0,0.0,0.0
2,4,0.0,0.0,0.0,0.0,1.0,0.0,0.0,0.0
2,4,0.0,0.0,0.0,0.0,1.0,0.0,0.0,0.0
2,4,0.0,0.0,0.0,0.0,1.0,0.0,0.0,0.0
2,4,0.0,0.0,0.0,0.0,1.0,0.0,0.0,0.0
2,4,0.0,0.0,0.0,0.0,1.0,0.0,0.0,0.0
2,4,0.0,0.0,0.0,0.0,1.0,0.0,0.0,0.0
2,4,0.0,0.0,0.0,0.0,1.0,0.0,0.0,0.0
2,4,0.0,0.0,0.0,0.0,1.0,0.0,0.0,0.0
2,4,0.0,0.0,0.0,0.0,1.0,0.0,0.0,0.0
2,4,0.0,0.0,0.0,0.0,1.0,0.0,0.0,0.0
2,4,0.0,0.0,0.0,0.015625,0.984375,0.0,0.0,0.0
2,4,0.0,0.0,0.0,0.015625,0.984375,0.0,0.0,0.0
2,4,0.0,0.0,0.0,0.015625,0.984375,0.0,0.0,0.0
2,4,0.0,0.0,0.0,0.015625,0.984375,0.0,0.0,0.0
2,4,0.0,0.0,0.0,0.015625,0.984375,0.0,0.0,0.0
2,4,0.0,0.0,0.0,0.015625,0.984375,0.0,0.0,0.0
2,4,0.0,0.0,0.0,0.015625,0.984375,0.0,0.0,0.0
2,4,0.0,0.0,0.0,0.015625,0.984375,0.0,0.0,0.0
2,4,0.0,0.0,0.0,0.015625,0.984375,0.0,0.0,0.0
2,4,0.0,0.0,0.0,0.015625,0.984375,0.0,0.0,0.0
2,4,0.0,0.0,0.0,0.015625,0.984375,0.0,0.0,0.0
2,4,0.0,0.0,0.0,0.015625,0.984375,0.0,0.0,0.0
2,4,0.0,0.0,0.0,0.015625,0.984375,0.0,0.0,0.0
2,4,0.0,0.0,0.0,0.015625,0.984375,0.0,0.0,0.0
2,4,0.0,0.0,0.0,0.015625,0.984375,0.0,0.0,0.0
2,4,0.0,0.0,0.0,0.015625,0.984375,0.0,0.0,0.0
2,4,0.0,0.0,0.0,0.015625,0.984375,0.0,0.0,0.0
2,4,0.0,0.0,0.0,0.015625,0.984375,0.0,0.0,0.0
2,4,0.0,0.0,0.0,0.015625,0.984375,0.0,0.0,0.0
2,4,0.0,0.0,0.0,0.015625,0.984375,0.0,0.0,0.0
2,4,0.0,0.0,0.0,0.015625,0.984375,0.0,0.0,0.0
2,4,0.0,0.0,0.0,0.015625,0.984375,0.0,0.0,0.0
2,4,0.0,0.0,0.0,0.015625,0.984375,0.0,0.0,0.0
2,4,0.0,0.0,0.0,0.015625,0.984375,0.0,0.0,0.0
2,4,0.0,0.0,0.0,0.015625,0.984375,0.0,0.0,0.0
2,4,0.0,0.0,0.0,0.015625,0.984375,0.0,0.0,0.0
2,4,0.0,0.0,0.0,0.015625,0.984375,0.0,0.0,0.0
2,4,0.0,0.0,0.0,0.015625,0.984375,0.0,0.0,0.0
2,4,0.0,0.0,0.0,0.015625,0.984375,0.0,0.0,0.0
2,4,0.0,0.0,0.0,0.015625,0.984375,0.0,0.0,0.0
2,4,0.0,0.0,0.0,0.015625,0.984375,0.0,0.0,0.0
2,4,0.0,0.0,0.0,0.015625,0.984375,0.0,0.0,0.0
2,4,0.0,0.0,0.0,0.015625,0.984375,0.0,0.0,0.0
2,4,0.0,0.0,0.0,0.015625,0.984375,0.0,0.0,0.0
2,4,0.0,0.0,0.0,0.015625,0.984375,0.0,0.0,0.0
2,4,0.0,0.0,0.0,0.015625,0.984375,0.0,0.0,0.0
2,4,0.0,0.0,0.0,0.015625,0.984375,0.0,0.0,0.0
2,4,0.0,0.0,0.0,0.015625,0.984375,0.0,0.0,0.0
2,4,0.0,0.0,0.0,0.015625,0.984375,0.0,0.0,0.0
2,4,0.0,0.0,0.0,0.015625,0.984375,0.0,0.0,0.0
2,4,0.0,0.0,0.0,0.015625,0.984375,0.0,0.0,0.0
2,4,0.0,0.0,0.0,0.015625,0.984375,0.0,0.0,0.0
2,4,0.0,0.0,0.0,0.015625,0.984375,0.0,0.0,0.0
2,4,0.0,0.0,0.0,0.015625,0.984375,0.0,0.0,0.0
2,4,0.0,0.0,0.0,0.015625,0.984375,0.0,0.0,0.0
2,4,0.0,0.0,0.0,0.015625,0.984375,0.0,0.0,0.0
2,4,0.0,0.0,0.0,0.015625,0.984375,0.0,0.0,0.0
2,4,0.0,0.0,0.0,0.015625,0.984375,0.0,0.0,0.0
2,4,0.0,0.0,0.0,0.015625,0.984375,0.0,0.0,0.0
2,4,0.0,0.0,0.0,0.015625,0.984375,0.0,0.0,0.0
2,4,0.0,0.0,0.0,0.015625,0.984375,0.0,0.0,0.0
2,4,0.0,0.0,0.0,0.015625,0.984375,0.0,0.0,0.0
2,4,0.0,0.0,0.0,0.015625,0.984375,0.0,0.0,0.0
2,4,0.0,0.0,0.0,0.015625,0.984375,0.0,0.0,0.0
2,4,0.0,0.0,0.0,0.015625,0.984375,0.0,0.0,0.0
2,4,0.0,0.0,0.0,0.015625,0.984375,0.0,0.0,0.0
2,4,0.0,0.0,0.0,0.0,1.0,0.0,0.0,0.0
2,4,0.0,0.0,0.0,0.0,1.0,0.0,0.0,0.0
2,4,0.0,0.0,0.0,0.0,1.0,0.0,0.0,0.0
2,4,0.0,0.0,0.0,0.0,1.0,0.0,0.0,0.0
2,4,0.0,0.0,0.0,0.0,1.0,0.0,0.0,0.0
2,4,0.0,0.0,0.0,0.0,1.0,0.0,0.0,0.0
2,4,0.0,0.0,0.0,0.0,1.0,0.0,0.0,0.0
2,4,0.0,0.0,0.0,0.0,1.0,0.0,0.0,0.0
2,4,0.0,0.0,0.0,0.0,1.0,0.0,0.0,0.0
2,4,0.0,0.0,0.0,0.0,1.0,0.0,0.0,0.0
2,4,0.0,0.0,0.0,0.0,1.0,0.0,0.0,0.0
2,4,0.0,0.0,0.0,0.0,1.0,0.0,0.0,0.0
2,4,0.0,0.0,0.0,0.0,1.0,0.0,0.0,0.0
2,4,0.0,0.0,0.0,0.0,1.0,0.0,0.0,0.0
2,4,0.0,0.0,0.0,0.0,1.0,0.0,0.0,0.0
2,4,0.0,0.0,0.0,0.0,1.0,0.0,0.0,0.0
2,4,0.0,0.0,0.0,0.0,1.0,0.0,0.0,0.0
2,4,0.0,0.0,0.0,0.0,1.0,0.0,0.0,0.0
2,4,0.0,0.0,0.0,0.0,1.0,0.0,0.0,0.0
2,4,0.0,0.0,0.0,0.0,1.0,0.0,0.0,0.0
2,4,0.0,0.0,0.0,0.0,1.0,0.0,0.0,0.0
2,4,0.0,0.0,0.0,0.0,1.0,0.0,0.0,0.0
2,4,0.0,0.0,0.0,0.0,1.0,0.0,0.0,0.0
2,4,0.0,0.0,0.0,0.0,1.0,0.0,0.0,0.0
2,4,0.0,0.0,0.0,0.0,1.0,0.0,0.0,0.0
2,4,0.0,0.0,0.0,0.0,1.0,0.0,0.0,0.0
2,4,0.0,0.0,0.0,0.0,1.0,0.0,0.0,0.0
2,4,0.0,0.0,0.0,0.0,1.0,0.0,0.0,0.0
2,4,0.0,0.0,0.0,0.0,1.0,0.0,0.0,0.0
2,4,0.0,0.0,0.0,0.0,1.0,0.0,0.0,0.0
2,4,0.0,0.0,0.0,0.0,1.0,0.0,0.0,0.0
2,4,0.0,0.0,0.0,0.0,1.0,0.0,0.0,0.0
2,4,0.0,0.0,0.0,0.0,1.0,0.0,0.0,0.0
2,4,0.0,0.0,0.0,0.0,1.0,0.0,0.0,0.0
2,4,0.0,0.0,0.0,0.0,1.0,0.0,0.0,0.0
2,4,0.0,0.0,0.0,0.0,1.0,0.0,0.0,0.0
2,4,0.0,0.0,0.0,0.0,1.0,0.0,0.0,0.0
2,4,0.0,0.0,0.0,0.0,1.0,0.0,0.0,0.0
2,4,0.0,0.0,0.0,0.0,1.0,0.0,0.0,0.0
2,4,0.0,0.0,0.0,0.0,1.0,0.0,0.0,0.0
2,4,0.0,0.0,0.0,0.0,1.0,0.0,0.0,0.0
2,4,0.0,0.0,0.0,0.0,1.0,0.0,0.0,0.0
2,4,0.0,0.0,0.0,0.0,1.0,0.0,0.0,0.0
2,4,0.0,0.0,0.0,0.0,1.0,0.0,0.0,0.0
2,4,0.0,0.0,0.0,0.0,1.0,0.0,0.0,0.0
2,4,0.0,0.0,0.0,0.0,1.0,0.0,0.0,0.0
2,4,0.0,0.0,0.0,0.0,1.0,0.0,0.0,0.0
2,4,0.0,0.0,0.0,0.0,1.0,0.0,0.0,0.0
2,4,0.0,0.0,0.0,0.0,1.0,0.0,0.0,0.0
2,4,0.0,0.0,0.0,0.0,1.0,0.0,0.0,0.0
2,4,0.0,0.0,0.0,0.0,1.0,0.0,0.0,0.0
2,4,0.0,0.0,0.0,0.0,1.0,0.0,0.0,0.0
2,4,0.0,0.0,0.0,0.0,1.0,0.0,0.0,0.0
2,4,0.0,0.0,0.0,0.0,1.0,0.0,0.0,0.0
2,4,0.0,0.0,0.0,0.0,1.0,0.0,0.0,0.0
2,4,0.0,0.0,0.0,0.0,1.0,0.0,0.0,0.0
2,4,0.0,0.0,0.0,0.0,1.0,0.0,0.0,0.0
2,4,0.0,0.0,0.0,0.0,1.0,0.0,0.0,0.0
2,4,0.0,0.0,0.0,0.0,1.0,0.0,0.0,0.0
2,4,0.0,0.0,0.0,0.0,1.0,0.0,0.0,0.0
2,4,0.0,0.0,0.0,0.0,1.0,0.0,0.0,0.0
2,4,0.0,0.0,0.0,0.0,1.0,0.0,0.0,0.0
2,4,0.0,0.0,0.0,0.0,1.0,0.0,0.0,0.0
2,4,0.0,0.0,0.0,0.0,1.0,0.0,0.0,0.0
2,4,0.0,0.0,0.0,0.0,1.0,0.0,0.0,0.0
2,4,0.0,0.0,0.0,0.0,1.0,0.0,0.0,0.0
2,4,0.0,0.0,0.0,0.0,1.0,0.0,0.0,0.0
2,4,0.0,0.0,0.0,0.0,1.0,0.0,0.0,0.0
2,4,0.0,0.0,0.0,0.0,1.0,0.0,0.0,0.0
2,4,0.0,0.0,0.0,0.0,1.0,0.0,0.0,0.0
2,4,0.0,0.0,0.0,0.0,1.0,0.0,0.0,0.0
2,4,0.0,0.0,0.0,0.0,1.0,0.0,0.0,0.0
2,4,0.0,0.0,0.0,0.0,1.0,0.0,0.0,0.0
2,4,0.0,0.0,0.0,0.0,1.0,0.0,0.0,0.0
2,4,0.0,0.0,0.0,0.0,1.0,0.0,0.0,0.0
2,4,0.0,0.0,0.0,0.0,1.0,0.0,0.0,0.0
2,4,0.0,0.0,0.0,0.0,1.0,0.0,0.0,0.0
2,4,0.0,0.0,0.0,0.0,1.0,0.0,0.0,0.0
2,4,0.0,0.0,0.0,0.0,1.0,0.0,0.0,0.0
2,4,0.0,0.0,0.0,0.0,1.0,0.0,0.0,0.0
2,4,0.0,0.0,0.0,0.0,1.0,0.0,0.0,0.0
2,4,0.0,0.0,0.0,0.0,1.0,0.0,0.0,0.0
2,4,0.0,0.0,0.0,0.0,1.0,0.0,0.0,0.0
2,4,0.0,0.0,0.0,0.0,1.0,0.0,0.0,0.0
2,4,0.0,0.0,0.0,0.0,1.0,0.0,0.0,0.0
2,4,0.0,0.0,0.0,0.0,1.0,0.0,0.0,0.0
2,4,0.0,0.0,0.0,0.0,1.0,0.0,0.0,0.0
2,4,0.0,0.0,0.0,0.0,1.0,0.0,0.0,0.0
2,4,0.0,0.0,0.0,0.0,1.0,0.0,0.0,0.0
2,4,0.0,0.0,0.0,0.0,1.0,0.0,0.0,0.0
2,4,0.0,0.0,0.0,0.0,1.0,0.0,0.0,0.0
2,4,0.0,0.0,0.0,0.0,1.0,0.0,0.0,0.0
2,4,0.0,0.0,0.0,0.0,1.0,0.0,0.0,0.0
2,4,0.0,0.0,0.0,0.0,1.0,0.0,0.0,0.0
2,4,0.0,0.0,0.0,0.0,1.0,0.0,0.0,0.0
2,4,0.0,0.0,0.0,0.0,1.0,0.0,0.0,0.0
2,4,0.0,0.0,0.0,0.0,1.0,0.0,0.0,0.0
2,4,0.0,0.0,0.0,0.0,1.0,0.0,0.0,0.0
2,4,0.0,0.0,0.0,0.0,1.0,0.0,0.0,0.0
2,4,0.0,0.0,0.0,0.0,1.0,0.0,0.0,0.0
2,4,0.0,0.0,0.0,0.0,1.0,0.0,0.0,0.0
2,4,0.0,0.0,0.0,0.0,1.0,0.0,0.0,0.0
2,4,0.0,0.0,0.0,0.0,1.0,0.0,0.0,0.0
2,4,0.0,0.0,0.0,0.0,1.0,0.0,0.0,0.0
2,4,0.0,0.0,0.0,0.0,1.0,0.0,0.0,0.0
2,4,0.0,0.0,0.0,0.0,1.0,0.0,0.0,0.0
2,4,0.0,0.0,0.0,0.0,1.0,0.0,0.0,0.0
2,4,0.0,0.0,0.0,0.0,1.0,0.0,0.0,0.0
2,4,0.0,0.0,0.0,0.0,1.0,0.0,0.0,0.0
2,4,0.0,0.0,0.0,0.0,1.0,0.0,0.0,0.0
2,4,0.0,0.0,0.0,0.0,1.0,0.0,0.0,0.0
2,4,0.0,0.0,0.0,0.0,1.0,0.0,0.0,0.0
2,4,0.0,0.0,0.0,0.0,1.0,0.0,0.0,0.0
2,4,0.0,0.0,0.0,0.0,1.0,0.0,0.0,0.0
2,4,0.0,0.0,0.0,0.0,1.0,0.0,0.0,0.0
2,4,0.0,0.0,0.0,0.0,1.0,0.0,0.0,0.0
2,4,0.0,0.0,0.0,0.0,1.0,0.0,0.0,0.0
2,4,0.0,0.0,0.0,0.0,1.0,0.0,0.0,0.0
2,4,0.0,0.0,0.0,0.0,1.0,0.0,0.0,0.0
2,4,0.0,0.0,0.0,0.0,1.0,0.0,0.0,0.0
2,4,0.0,0.0,0.0,0.0,1.0,0.0,0.0,0.0
2,4,0.0,0.0,0.0,0.0,1.0,0.0,0.0,0.0
2,4,0.0,0.0,0.0,0.0,1.0,0.0,0.0,0.0
2,4,0.0,0.0,0.0,0.0,1.0,0.0,0.0,0.0
2,4,0.0,0.0,0.0,0.0,1.0,0.0,0.0,0.0
2,4,0.0,0.0,0.0,0.0,1.0,0.0,0.0,0.0
2,4,0.0,0.0,0.0,0.0,1.0,0.0,0.0,0.0
2,4,0.0,0.0,0.0,0.0,1.0,0.0,0.0,0.0
2,4,0.0,0.0,0.0,0.0,1.0,0.0,0.0,0.0
2,4,0.0,0.0,0.0,0.0,1.0,0.0,0.0,0.0
2,4,0.0,0.0,0.0,0.0,1.0,0.0,0.0,0.0
2,4,0.0,0.0,0.0,0.0,1.0,0.0,0.0,0.0
2,4,0.0,0.0,0.0,0.0,1.0,0.0,0.0,0.0
2,4,0.0,0.0,0.0,0.0,1.0,0.0,0.0,0.0
2,4,0.0,0.0,0.0,0.0,1.0,0.0,0.0,0.0
2,4,0.0,0.0,0.0,0.0,1.0,0.0,0.0,0.0
2,4,0.0,0.0,0.0,0.0,1.0,0.0,0.0,0.0
2,4,0.0,0.0,0.0,0.0,1.0,0.0,0.0,0.0
2,4,0.0,0.0,0.0,0.0,1.0,0.0,0.0,0.0
2,4,0.0,0.0,0.0,0.0,1.0,0.0,0.0,0.0
2,4,0.0,0.0,0.0,0.0,1.0,0.0,0.0,0.0
2,4,0.0,0.0,0.0,0.0,1.0,0.0,0.0,0.0
2,4,0.0,0.0,0.0,0.0,1.0,0.0,0.0,0.0
2,4,0.0,0.0,0.0,0.0,1.0,0.0,0.0,0.0
2,4,0.0,0.0,0.0,0.0,1.0,0.0,0.0,0.0
2,4,0.0,0.0,0.0,0.0,1.0,0.0,0.0,0.0
2,4,0.0,0.0,0.0,0.0,1.0,0.0,0.0,0.0
2,4,0.0,0.0,0.0,0.0,1.0,0.0,0.0,0.0
2,4,0.0,0.0,0.0,0.0,1.0,0.0,0.0,0.0
2,4,0.0,0.0,0.0,0.0,1.0,0.0,0.0,0.0
2,4,0.0,0.0,0.0,0.0,1.0,0.0,0.0,0.0
2,4,0.0,0.0,0.0,0.0,1.0,0.0,0.0,0.0
2,4,0.0,0.0,0.0,0.0,1.0,0.0,0.0,0.0
2,4,0.0,0.0,0.0,0.0,1.0,0.0,0.0,0.0
2,4,0.0,0.0,0.0,0.0,1.0,0.0,0.0,0.0
2,4,0.0,0.0,0.0,0.0,1.0,0.0,0.0,0.0
2,4,0.0,0.0,0.0,0.0,1.0,0.0,0.0,0.0
2,4,0.0,0.0,0.0,0.0,1.0,0.0,0.0,0.0
2,4,0.0,0.0,0.0,0.0,1.0,0.0,0.0,0.0
2,4,0.0,0.0,0.0,0.0,1.0,0.0,0.0,0.0
2,4,0.0,0.0,0.0,0.0,1.0,0.0,0.0,0.0
2,4,0.0,0.0,0.0,0.0,1.0,0.0,0.0,0.0
2,4,0.0,0.0,0.0,0.0,1.0,0.0,0.0,0.0
2,4,0.0,0.0,0.0,0.0,1.0,0.0,0.0,0.0
2,4,0.0,0.0,0.0,0.0,1.0,0.0,0.0,0.0
2,4,0.0,0.0,0.0,0.0,1.0,0.0,0.0,0.0
2,4,0.0,0.0,0.0,0.0,1.0,0.0,0.0,0.0
2,4,0.0,0.0,0.0,0.0,1.0,0.0,0.0,0.0
2,4,0.0,0.0,0.0,0.0,1.0,0.0,0.0,0.0
2,4,0.0,0.0,0.0,0.0,1.0,0.0,0.0,0.0
2,4,0.0,0.0,0.0,0.0,1.0,0.0,0.0,0.0
2,4,0.0,0.0,0.0,0.0,1.0,0.0,0.0,0.0
2,4,0.0,0.0,0.0,0.0,1.0,0.0,0.0,0.0
2,4,0.0,0.0,0.0,0.0,1.0,0.0,0.0,0.0
2,4,0.0,0.0,0.0,0.0,1.0,0.0,0.0,0.0
2,4,0.0,0.0,0.0,0.0,1.0,0.0,0.0,0.0
2,4,0.0,0.0,0.0,0.0,1.0,0.0,0.0,0.0
2,4,0.0,0.0,0.0,0.0,1.0,0.0,0.0,0.0
2,4,0.0,0.0,0.0,0.0,1.0,0.0,0.0,0.0
2,4,0.0,0.0,0.0,0.0,1.0,0.0,0.0,0.0
2,4,0.0,0.0,0.0,0.0,1.0,0.0,0.0,0.0
2,4,0.0,0.0,0.0,0.0,1.0,0.0,0.0,0.0
2,4,0.0,0.0,0.0,0.0,1.0,0.0,0.0,0.0
2,4,0.0,0.0,0.0,0.0,1.0,0.0,0.0,0.0
2,4,0.0,0.0,0.0,0.0,1.0,0.0,0.0,0.0
2,4,0.0,0.0,0.0,0.0,1.0,0.0,0.0,0.0
2,4,0.0,0.0,0.0,0.0,1.0,0.0,0.0,0.0
2,4,0.0,0.0,0.0,0.0,1.0,0.0,0.0,0.0
2,4,0.0,0.0,0.0,0.0,1.0,0.0,0.0,0.0
2,4,0.0,0.0,0.0,0.0,1.0,0.0,0.0,0.0
2,4,0.0,0.0,0.0,0.0,1.0,0.0,0.0,0.0
2,4,0.0,0.0,0.0,0.0,1.0,0.0,0.0,0.0
2,4,0.0,0.0,0.0,0.0,1.0,0.0,0.0,0.0
2,4,0.0,0.0,0.0,0.0,1.0,0.0,0.0,0.0
2,4,0.0,0.0,0.0,0.0,1.0,0.0,0.0,0.0
2,4,0.0,0.0,0.0,0.0,1.0,0.0,0.0,0.0
2,4,0.0,0.0,0.0,0.0,1.0,0.0,0.0,0.0
2,4,0.0,0.0,0.0,0.0,1.0,0.0,0.0,0.0
2,4,0.0,0.0,0.0,0.0,1.0,0.0,0.0,0.0
2,4,0.0,0.0,0.0,0.0,1.0,0.0,0.0,0.0
2,4,0.0,0.0,0.0,0.0,1.0,0.0,0.0,0.0
2,4,0.0,0.0,0.0,0.0,1.0,0.0,0.0,0.0
2,4,0.0,0.0,0.0,0.0,1.0,0.0,0.0,0.0
2,4,0.0,0.0,0.0,0.0,1.0,0.0,0.0,0.0
2,4,0.0,0.0,0.0,0.0,1.0,0.0,0.0,0.0
2,4,0.0,0.0,0.0,0.0,1.0,0.0,0.0,0.0
2,4,0.0,0.0,0.0,0.0,1.0,0.0,0.0,0.0
2,4,0.0,0.0,0.0,0.0,1.0,0.0,0.0,0.0
2,4,0.0,0.0,0.0,0.0,1.0,0.0,0.0,0.0
2,4,0.0,0.0,0.0,0.0,1.0,0.0,0.0,0.0
2,4,0.0,0.0,0.0,0.0,1.0,0.0,0.0,0.0
2,4,0.0,0.0,0.0,0.0,1.0,0.0,0.0,0.0
2,4,0.0,0.0,0.0,0.0,1.0,0.0,0.0,0.0
2,4,0.0,0.0,0.0,0.0,1.0,0.0,0.0,0.0
2,4,0.0,0.0,0.0,0.0,1.0,0.0,0.0,0.0
2,4,0.0,0.0,0.0,0.0,1.0,0.0,0.0,0.0
2,4,0.0,0.0,0.0,0.0,1.0,0.0,0.0,0.0
2,4,0.0,0.0,0.0,0.0,1.0,0.0,0.0,0.0
2,4,0.0,0.0,0.0,0.0,1.0,0.0,0.0,0.0
2,4,0.0,0.0,0.0,0.0,1.0,0.0,0.0,0.0
2,4,0.0,0.0,0.0,0.0,1.0,0.0,0.0,0.0
2,4,0.0,0.0,0.0,0.0,1.0,0.0,0.0,0.0
2,4,0.0,0.0,0.0,0.0,1.0,0.0,0.0,0.0
2,4,0.0,0.0,0.0,0.0,1.0,0.0,0.0,0.0
2,4,0.0,0.0,0.0,0.0,1.0,0.0,0.0,0.0
2,4,0.0,0.0,0.0,0.0,1.0,0.0,0.0,0.0
2,4,0.0,0.0,0.0,0.0,1.0,0.0,0.0,0.0
2,4,0.0,0.0,0.0,0.0,1.0,0.0,0.0,0.0
2,4,0.0,0.0,0.0,0.0,1.0,0.0,0.0,0.0
2,4,0.0,0.0,0.0,0.0,1.0,0.0,0.0,0.0
2,4,0.0,0.0,0.0,0.0,1.0,0.0,0.0,0.0
2,4,0.0,0.0,0.0,0.0,1.0,0.0,0.0,0.0
2,4,0.0,0.0,0.0,0.0,1.0,0.0,0.0,0.0
2,4,0.0,0.0,0.0,0.0,1.0,0.0,0.0,0.0
2,4,0.0,0.0,0.0,0.0,1.0,0.0,0.0,0.0
2,4,0.0,0.0,0.0,0.0,1.0,0.0,0.0,0.0
2,4,0.0,0.0,0.0,0.0,1.0,0.0,0.0,0.0
2,4,0.0,0.0,0.0,0.0,1.0,0.0,0.0,0.0
2,4,0.0,0.0,0.0,0.0,1.0,0.0,0.0,0.0
2,4,0.0,0.0,0.0,0.0,1.0,0.0,0.0,0.0
2,4,0.0,0.0,0.0,0.0,1.0,0.0,0.0,0.0
2,4,0.0,0.0,0.0,0.0,1.0,0.0,0.0,0.0
2,4,0.0,0.0,0.0,0.0,1.0,0.0,0.0,0.0
2,4,0.0,0.0,0.0,0.0,1.0,0.0,0.0,0.0
2,4,0.0,0.0,0.0,0.0,1.0,0.0,0.0,0.0
2,4,0.0,0.0,0.0,0.0,1.0,0.0,0.0,0.0
2,4,0.0,0.0,0.0,0.0,1.0,0.0,0.0,0.0
2,4,0.0,0.0,0.0,0.0,1.0,0.0,0.0,0.0
2,4,0.0,0.0,0.0,0.0,1.0,0.0,0.0,0.0
2,4,0.0,0.0,0.0,0.0,1.0,0.0,0.0,0.0
2,4,0.0,0.0,0.0,0.0,1.0,0.0,0.0,0.0
2,4,0.0,0.0,0.0,0.0,1.0,0.0,0.0,0.0
2,4,0.0,0.0,0.0,0.0,1.0,0.0,0.0,0.0
2,4,0.0,0.0,0.0,0.0,1.0,0.0,0.0,0.0
2,4,0.0,0.0,0.0,0.0,1.0,0.0,0.0,0.0
2,4,0.0,0.0,0.0,0.0,1.0,0.0,0.0,0.0
2,4,0.0,0.0,0.0,0.0,1.0,0.0,0.0,0.0
2,4,0.0,0.0,0.0,0.0,1.0,0.0,0.0,0.0
2,4,0.0,0.0,0.0,0.0,1.0,0.0,0.0,0.0
2,4,0.0,0.0,0.0,0.0,1.0,0.0,0.0,0.0
2,4,0.0,0.0,0.0,0.0,1.0,0.0,0.0,0.0
2,4,0.0,0.0,0.0,0.0,1.0,0.0,0.0,0.0
2,4,0.0,0.0,0.0,0.0,1.0,0.0,0.0,0.0
2,4,0.0,0.0,0.0,0.0,1.0,0.0,0.0,0.0
2,4,0.0,0.0,0.0,0.0,1.0,0.0,0.0,0.0
2,4,0.0,0.0,0.0,0.0,1.0,0.0,0.0,0.0
2,4,0.0,0.0,0.0,0.0,1.0,0.0,0.0,0.0
2,4,0.0,0.0,0.0,0.0,1.0,0.0,0.0,0.0
2,4,0.0,0.0,0.0,0.0,1.0,0.0,0.0,0.0
2,4,0.0,0.0,0.0,0.0,1.0,0.0,0.0,0.0
2,4,0.0,0.0,0.0,0.0,1.0,0.0,0.0,0.0
2,4,0.0,0.0,0.0,0.0,1.0,0.0,0.0,0.0
2,4,0.0,0.0,0.0,0.0,1.0,0.0,0.0,0.0
2,4,0.0,0.0,0.0,0.0,1.0,0.0,0.0,0.0
2,4,0.0,0.0,0.0,0.0,1.0,0.0,0.0,0.0
2,4,0.0,0.0,0.0,0.0,1.0,0.0,0.0,0.0
2,4,0.0,0.0,0.0,0.0,1.0,0.0,0.0,0.0
2,4,0.0,0.0,0.0,0.0,1.0,0.0,0.0,0.0
2,4,0.0,0.0,0.0,0.0,1.0,0.0,0.0,0.0
2,4,0.0,0.0,0.0,0.0,1.0,0.0,0.0,0.0
2,4,0.0,0.0,0.0,0.0,1.0,0.0,0.0,0.0
2,4,0.0,0.0,0.0,0.0,1.0,0.0,0.0,0.0
2,4,0.0,0.0,0.0,0.0,1.0,0.0,0.0,0.0
2,4,0.0,0.0,0.0,0.0,1.0,0.0,0.0,0.0
2,4,0.0,0.0,0.0,0.0,1.0,0.0,0.0,0.0
2,4,0.0,0.0,0.0,0.0,1.0,0.0,0.0,0.0
2,4,0.0,0.0,0.0,0.0,1.0,0.0,0.0,0.0
2,4,0.0,0.0,0.0,0.0,1.0,0.0,0.0,0.0
2,4,0.0,0.0,0.0,0.0,1.0,0.0,0.0,0.0
2,4,0.0,0.0,0.0,0.0,1.0,0.0,0.0,0.0
2,4,0.0,0.0,0.0,0.0,1.0,0.0,0.0,0.0
2,4,0.0,0.0,0.0,0.0,1.0,0.0,0.0,0.0
2,4,0.0,0.0,0.0,0.0,1.0,0.0,0.0,0.0
2,4,0.0,0.0,0.0,0.0,1.0,0.0,0.0,0.0
2,4,0.0,0.0,0.0,0.0,1.0,0.0,0.0,0.0
2,4,0.0,0.0,0.0,0.0,1.0,0.0,0.0,0.0
2,4,0.0,0.0,0.0,0.0,1.0,0.0,0.0,0.0
2,4,0.0,0.0,0.0,0.0,1.0,0.0,0.0,0.0
2,4,0.0,0.0,0.0,0.0,1.0,0.0,0.0,0.0
2,4,0.0,0.0,0.0,0.0,1.0,0.0,0.0,0.0
2,4,0.0,0.0,0.0,0.0,1.0,0.0,0.0,0.0
2,4,0.0,0.0,0.0,0.0,1.0,0.0,0.0,0.0
2,4,0.0,0.0,0.0,0.0,1.0,0.0,0.0,0.0
2,4,0.0,0.0,0.0,0.0,1.0,0.0,0.0,0.0
2,4,0.0,0.0,0.0,0.0,1.0,0.0,0.0,0.0
2,4,0.0,0.0,0.0,0.0,1.0,0.0,0.0,0.0
2,4,0.0,0.0,0.0,0.0,1.0,0.0,0.0,0.0
2,4,0.0,0.0,0.0,0.0,1.0,0.0,0.0,0.0
2,4,0.0,0.0,0.0,0.0,1.0,0.0,0.0,0.0
2,4,0.0,0.0,0.0,0.0,1.0,0.0,0.0,0.0
2,4,0.0,0.0,0.0,0.0,1.0,0.0,0.0,0.0
2,4,0.0,0.0,0.0,0.0,1.0,0.0,0.0,0.0
2,4,0.0,0.0,0.0,0.0,1.0,0.0,0.0,0.0
2,4,0.0,0.0,0.0,0.0,1.0,0.0,0.0,0.0
2,4,0.0,0.0,0.0,0.0,1.0,0.0,0.0,0.0
2,4,0.0,0.0,0.0,0.0,1.0,0.0,0.0,0.0
2,4,0.0,0.0,0.0,0.0,1.0,0.0,0.0,0.0
2,4,0.0,0.0,0.0,0.0,1.0,0.0,0.0,0.0
2,4,0.0,0.0,0.0,0.0,1.0,0.0,0.0,0.0
2,4,0.0,0.0,0.0,0.0,1.0,0.0,0.0,0.0
2,4,0.0,0.0,0.0,0.0,1.0,0.0,0.0,0.0
2,4,0.0,0.0,0.0,0.0,1.0,0.0,0.0,0.0
2,4,0.0,0.0,0.0,0.0,1.0,0.0,0.0,0.0
2,4,0.0,0.0,0.0,0.0,1.0,0.0,0.0,0.0
2,4,0.0,0.0,0.0,0.0,1.0,0.0,0.0,0.0
2,4,0.0,0.0,0.0,0.0,1.0,0.0,0.0,0.0
2,4,0.0,0.0,0.0,0.0,1.0,0.0,0.0,0.0
2,4,0.0,0.0,0.0,0.0,1.0,0.0,0.0,0.0
2,4,0.0,0.0,0.0,0.0,1.0,0.0,0.0,0.0
2,4,0.0,0.0,0.0,0.0,1.0,0.0,0.0,0.0
2,4,0.0,0.0,0.0,0.0,1.0,0.0,0.0,0.0
2,4,0.0,0.0,0.0,0.0,1.0,0.0,0.0,0.0
2,4,0.0,0.0,0.0,0.0,1.0,0.0,0.0,0.0
2,4,0.0,0.0,0.0,0.0,1.0,0.0,0.0,0.0
2,4,0.0,0.0,0.0,0.0,1.0,0.0,0.0,0.0
2,4,0.0,0.0,0.0,0.0,1.0,0.0,0.0,0.0
2,4,0.0,0.0,0.0,0.0,1.0,0.0,0.0,0.0
2,4,0.0,0.0,0.0,0.0,1.0,0.0,0.0,0.0
2,4,0.0,0.0,0.0,0.0,1.0,0.0,0.0,0.0
2,4,0.0,0.0,0.0,0.0,1.0,0.0,0.0,0.0
2,4,0.0,0.0,0.0,0.0,1.0,0.0,0.0,0.0
2,4,0.0,0.0,0.0,0.0,1.0,0.0,0.0,0.0
2,4,0.0,0.0,0.0,0.0,1.0,0.0,0.0,0.0
2,4,0.0,0.0,0.0,0.0,1.0,0.0,0.0,0.0
2,4,0.0,0.0,0.0,0.0,1.0,0.0,0.0,0.0
2,4,0.0,0.0,0.0,0.0,1.0,0.0,0.0,0.0
2,4,0.0,0.0,0.0,0.0,1.0,0.0,0.0,0.0
2,4,0.0,0.0,0.0,0.0,1.0,0.0,0.0,0.0
2,4,0.0,0.0,0.0,0.0,1.0,0.0,0.0,0.0
2,4,0.0,0.0,0.0,0.0,1.0,0.0,0.0,0.0
2,4,0.0,0.0,0.0,0.0,1.0,0.0,0.0,0.0
2,4,0.0,0.0,0.0,0.0,1.0,0.0,0.0,0.0
2,4,0.0,0.0,0.0,0.0,1.0,0.0,0.0,0.0
2,4,0.0,0.0,0.0,0.0,1.0,0.0,0.0,0.0
2,4,0.0,0.0,0.0,0.0,1.0,0.0,0.0,0.0
2,4,0.0,0.0,0.0,0.0,1.0,0.0,0.0,0.0
2,4,0.0,0.0,0.0,0.0,1.0,0.0,0.0,0.0
2,4,0.0,0.0,0.0,0.0,1.0,0.0,0.0,0.0
2,4,0.0,0.0,0.0,0.0,1.0,0.0,0.0,0.0
2,4,0.0,0.0,0.0,0.0,1.0,0.0,0.0,0.0
2,4,0.0,0.0,0.0,0.0,1.0,0.0,0.0,0.0
2,4,0.0,0.0,0.0,0.0,1.0,0.0,0.0,0.0
2,4,0.0,0.0,0.0,0.0,1.0,0.0,0.0,0.0
2,4,0.0,0.0,0.0,0.0,1.0,0.0,0.0,0.0
2,4,0.0,0.0,0.0,0.0,1.0,0.0,0.0,0.0
2,4,0.0,0.0,0.0,0.0,1.0,0.0,0.0,0.0
2,4,0.0,0.0,0.0,0.0,1.0,0.0,0.0,0.0
2,4,0.0,0.0,0.0,0.0,1.0,0.0,0.0,0.0
2,4,0.0,0.0,0.0,0.0,1.0,0.0,0.0,0.0
2,4,0.0,0.0,0.0,0.0,1.0,0.0,0.0,0.0
2,4,0.0,0.0,0.0,0.0,1.0,0.0,0.0,0.0
2,4,0.0,0.0,0.0,0.0,1.0,0.0,0.0,0.0
2,4,0.0,0.0,0.0,0.0,1.0,0.0,0.0,0.0
2,4,0.0,0.0,0.0,0.0,1.0,0.0,0.0,0.0
2,4,0.0,0.0,0.0,0.0,1.0,0.0,0.0,0.0
2,4,0.0,0.0,0.0,0.0,1.0,0.0,0.0,0.0
2,4,0.0,0.0,0.0,0.0,1.0,0.0,0.0,0.0
2,4,0.0,0.0,0.0,0.0,1.0,0.0,0.0,0.0
2,4,0.0,0.0,0.0,0.0,1.0,0.0,0.0,0.0
2,4,0.0,0.0,0.0,0.0,1.0,0.0,0.0,0.0
2,4,0.0,0.0,0.0,0.0,1.0,0.0,0.0,0.0
2,4,0.0,0.0,0.0,0.0,1.0,0.0,0.0,0.0
2,4,0.0,0.0,0.0,0.0,1.0,0.0,0.0,0.0
2,4,0.0,0.0,0.0,0.0,1.0,0.0,0.0,0.0
2,4,0.0,0.0,0.0,0.0,1.0,0.0,0.0,0.0
2,4,0.0,0.0,0.0,0.0,1.0,0.0,0.0,0.0
2,4,0.0,0.0,0.0,0.0,1.0,0.0,0.0,0.0
2,4,0.0,0.0,0.0,0.0,1.0,0.0,0.0,0.0
2,4,0.0,0.0,0.0,0.0,1.0,0.0,0.0,0.0
2,4,0.0,0.0,0.0,0.0,1.0,0.0,0.0,0.0
2,4,0.0,0.0,0.0,0.0,1.0,0.0,0.0,0.0
2,4,0.0,0.0,0.0,0.0,1.0,0.0,0.0,0.0
2,4,0.0,0.0,0.0,0.0,1.0,0.0,0.0,0.0
2,4,0.0,0.0,0.0,0.0,1.0,0.0,0.0,0.0
2,4,0.0,0.0,0.0,0.0,1.0,0.0,0.0,0.0
2,4,0.0,0.0,0.0,0.0,1.0,0.0,0.0,0.0
2,4,0.0,0.0,0.0,0.0,1.0,0.0,0.0,0.0
2,4,0.0,0.0,0.0,0.0,1.0,0.0,0.0,0.0
2,4,0.0,0.0,0.0,0.0,1.0,0.0,0.0,0.0
2,4,0.0,0.0,0.0,0.0,1.0,0.0,0.0,0.0
2,4,0.0,0.0,0.0,0.0,1.0,0.0,0.0,0.0
2,4,0.0,0.0,0.0,0.0,1.0,0.0,0.0,0.0
2,4,0.0,0.0,0.0,0.0,1.0,0.0,0.0,0.0
2,4,0.0,0.0,0.0,0.0,1.0,0.0,0.0,0.0
2,4,0.0,0.0,0.0,0.0,1.0,0.0,0.0,0.0
2,4,0.0,0.0,0.0,0.0,1.0,0.0,0.0,0.0
2,4,0.0,0.0,0.0,0.0,1.0,0.0,0.0,0.0
2,4,0.0,0.0,0.0,0.0,1.0,0.0,0.0,0.0
2,4,0.0,0.0,0.0,0.0,1.0,0.0,0.0,0.0
2,4,0.0,0.0,0.0,0.0,1.0,0.0,0.0,0.0
2,4,0.0,0.0,0.0,0.0,1.0,0.0,0.0,0.0
2,4,0.0,0.0,0.0,0.0,1.0,0.0,0.0,0.0
2,4,0.0,0.0,0.0,0.0,1.0,0.0,0.0,0.0
2,4,0.0,0.0,0.0,0.0,1.0,0.0,0.0,0.0
2,4,0.0,0.0,0.0,0.0,1.0,0.0,0.0,0.0
2,4,0.0,0.0,0.0,0.0,1.0,0.0,0.0,0.0
2,4,0.0,0.0,0.0,0.0,1.0,0.0,0.0,0.0
2,4,0.0,0.0,0.0,0.0,1.0,0.0,0.0,0.0
2,4,0.0,0.0,0.0,0.0,1.0,0.0,0.0,0.0
2,4,0.0,0.0,0.0,0.0,1.0,0.0,0.0,0.0
2,4,0.0,0.0,0.0,0.0,1.0,0.0,0.0,0.0
2,4,0.0,0.0,0.0,0.0,1.0,0.0,0.0,0.0
2,4,0.0,0.0,0.0,0.0,1.0,0.0,0.0,0.0
2,4,0.0,0.0,0.0,0.0,1.0,0.0,0.0,0.0
2,4,0.0,0.0,0.0,0.0,1.0,0.0,0.0,0.0
2,4,0.0,0.0,0.0,0.0,1.0,0.0,0.0,0.0
2,4,0.0,0.0,0.0,0.0,1.0,0.0,0.0,0.0
2,4,0.0,0.0,0.0,0.0,1.0,0.0,0.0,0.0
2,4,0.0,0.0,0.0,0.0,1.0,0.0,0.0,0.0
2,4,0.0,0.0,0.0,0.0,1.0,0.0,0.0,0.0
2,4,0.0,0.0,0.0,0.0,1.0,0.0,0.0,0.0
2,4,0.0,0.0,0.0,0.0,1.0,0.0,0.0,0.0
2,4,0.0,0.0,0.0,0.0,1.0,0.0,0.0,0.0
2,4,0.0,0.0,0.0,0.0,1.0,0.0,0.0,0.0
2,4,0.0,0.0,0.0,0.0,1.0,0.0,0.0,0.0
2,4,0.0,0.0,0.0,0.0,1.0,0.0,0.0,0.0
2,4,0.0,0.0,0.0,0.0,1.0,0.0,0.0,0.0
2,4,0.0,0.0,0.0,0.0,1.0,0.0,0.0,0.0
2,4,0.0,0.0,0.0,0.0,1.0,0.0,0.0,0.0
2,4,0.0,0.0,0.0,0.0,1.0,0.0,0.0,0.0
2,4,0.0,0.0,0.0,0.0,1.0,0.0,0.0,0.0
2,4,0.0,0.0,0.0,0.0,1.0,0.0,0.0,0.0
2,4,0.0,0.0,0.0,0.0,1.0,0.0,0.0,0.0
2,4,0.0,0.0,0.0,0.0,1.0,0.0,0.0,0.0
2,4,0.0,0.0,0.0,0.0,1.0,0.0,0.0,0.0
2,4,0.0,0.0,0.0,0.0,1.0,0.0,0.0,0.0
2,4,0.0,0.0,0.0,0.0,1.0,0.0,0.0,0.0
2,4,0.0,0.0,0.0,0.0,1.0,0.0,0.0,0.0
2,4,0.0,0.0,0.0,0.0,1.0,0.0,0.0,0.0
2,4,0.0,0.0,0.0,0.0,1.0,0.0,0.0,0.0
2,4,0.0,0.0,0.0,0.0,1.0,0.0,0.0,0.0
2,4,0.0,0.0,0.0,0.0,1.0,0.0,0.0,0.0
2,4,0.0,0.0,0.0,0.0,1.0,0.0,0.0,0.0
2,4,0.0,0.0,0.0,0.0,1.0,0.0,0.0,0.0
2,4,0.0,0.0,0.0,0.0,1.0,0.0,0.0,0.0
2,4,0.0,0.0,0.0,0.0,1.0,0.0,0.0,0.0
2,4,0.0,0.0,0.0,0.0,1.0,0.0,0.0,0.0
2,4,0.0,0.0,0.0,0.0,1.0,0.0,0.0,0.0
2,4,0.0,0.0,0.0,0.0,1.0,0.0,0.0,0.0
2,4,0.0,0.0,0.0,0.0,1.0,0.0,0.0,0.0
2,4,0.0,0.0,0.0,0.0,1.0,0.0,0.0,0.0
2,4,0.0,0.0,0.0,0.0,1.0,0.0,0.0,0.0
2,4,0.0,0.0,0.0,0.0,1.0,0.0,0.0,0.0
2,4,0.0,0.0,0.0,0.0,1.0,0.0,0.0,0.0
2,4,0.0,0.0,0.0,0.0,1.0,0.0,0.0,0.0
2,4,0.0,0.0,0.0,0.0,1.0,0.0,0.0,0.0
2,4,0.0,0.0,0.0,0.0,1.0,0.0,0.0,0.0
2,4,0.0,0.0,0.0,0.0,1.0,0.0,0.0,0.0
2,4,0.0,0.0,0.0,0.0,1.0,0.0,0.0,0.0
2,4,0.0,0.0,0.0,0.0,1.0,0.0,0.0,0.0
2,4,0.0,0.0,0.0,0.0,1.0,0.0,0.0,0.0
2,4,0.0,0.0,0.0,0.0,1.0,0.0,0.0,0.0
2,4,0.0,0.0,0.0,0.0,1.0,0.0,0.0,0.0
2,4,0.0,0.0,0.0,0.0,1.0,0.0,0.0,0.0
2,4,0.0,0.0,0.0,0.0,1.0,0.0,0.0,0.0
2,4,0.0,0.0,0.0,0.0,1.0,0.0,0.0,0.0
2,4,0.0,0.0,0.0,0.0,1.0,0.0,0.0,0.0
2,4,0.0,0.0,0.0,0.0,1.0,0.0,0.0,0.0
2,4,0.0,0.0,0.0,0.0,1.0,0.0,0.0,0.0
2,4,0.0,0.0,0.0,0.0,1.0,0.0,0.0,0.0
2,4,0.0,0.0,0.0,0.0,1.0,0.0,0.0,0.0
2,4,0.0,0.0,0.0,0.0,1.0,0.0,0.0,0.0
2,4,0.0,0.0,0.0,0.0,1.0,0.0,0.0,0.0
2,4,0.0,0.0,0.0,0.0,1.0,0.0,0.0,0.0
2,4,0.0,0.0,0.0,0.0,1.0,0.0,0.0,0.0
2,4,0.0,0.0,0.0,0.0,1.0,0.0,0.0,0.0
2,4,0.0,0.0,0.0,0.0,1.0,0.0,0.0,0.0
2,4,0.0,0.0,0.0,0.0,1.0,0.0,0.0,0.0
2,4,0.0,0.0,0.0,0.0,1.0,0.0,0.0,0.0
2,4,0.0,0.0,0.0,0.0,1.0,0.0,0.0,0.0
2,4,0.0,0.0,0.0,0.0,1.0,0.0,0.0,0.0
2,4,0.0,0.0,0.0,0.0,1.0,0.0,0.0,0.0
2,4,0.0,0.0,0.0,0.0,1.0,0.0,0.0,0.0
2,4,0.0,0.0,0.0,0.0,1.0,0.0,0.0,0.0
2,4,0.0,0.0,0.0,0.0,1.0,0.0,0.0,0.0
2,4,0.0,0.0,0.0,0.0,1.0,0.0,0.0,0.0
2,4,0.0,0.0,0.0,0.0,1.0,0.0,0.0,0.0
2,4,0.0,0.0,0.0,0.0,1.0,0.0,0.0,0.0
2,4,0.0,0.0,0.0,0.0,1.0,0.0,0.0,0.0
2,4,0.0,0.0,0.0,0.0,1.0,0.0,0.0,0.0
2,4,0.0,0.0,0.0,0.0,1.0,0.0,0.0,0.0
2,4,0.0,0.0,0.0,0.0,1.0,0.0,0.0,0.0
2,4,0.0,0.0,0.0,0.0,1.0,0.0,0.0,0.0
2,4,0.0,0.0,0.0,0.0,1.0,0.0,0.0,0.0
2,4,0.0,0.0,0.0,0.0,1.0,0.0,0.0,0.0
2,4,0.0,0.0,0.0,0.0,1.0,0.0,0.0,0.0
2,4,0.0,0.0,0.0,0.0,1.0,0.0,0.0,0.0
2,4,0.0,0.0,0.0,0.0,1.0,0.0,0.0,0.0
2,4,0.0,0.0,0.0,0.0,1.0,0.0,0.0,0.0
2,4,0.0,0.0,0.0,0.0,1.0,0.0,0.0,0.0
2,4,0.0,0.0,0.0,0.0,1.0,0.0,0.0,0.0
2,4,0.0,0.0,0.0,0.0,1.0,0.0,0.0,0.0
2,4,0.0,0.0,0.0,0.0,1.0,0.0,0.0,0.0
2,4,0.0,0.0,0.0,0.0,1.0,0.0,0.0,0.0
2,4,0.0,0.0,0.0,0.0,1.0,0.0,0.0,0.0
2,4,0.0,0.0,0.0,0.0,1.0,0.0,0.0,0.0
2,4,0.0,0.0,0.0,0.0,1.0,0.0,0.0,0.0
2,4,0.0,0.0,0.0,0.0,1.0,0.0,0.0,0.0
2,4,0.0,0.0,0.0,0.0,1.0,0.0,0.0,0.0
2,4,0.0,0.0,0.0,0.0,1.0,0.0,0.0,0.0
2,4,0.0,0.0,0.0,0.0,1.0,0.0,0.0,0.0
2,4,0.0,0.0,0.0,0.0,1.0,0.0,0.0,0.0
2,4,0.0,0.0,0.0,0.0,1.0,0.0,0.0,0.0
2,4,0.0,0.0,0.0,0.0,1.0,0.0,0.0,0.0
2,4,0.0,0.0,0.0,0.0,1.0,0.0,0.0,0.0
2,4,0.0,0.0,0.0,0.0,1.0,0.0,0.0,0.0
2,4,0.0,0.0,0.0,0.0,1.0,0.0,0.0,0.0
2,4,0.0,0.0,0.0,0.0,1.0,0.0,0.0,0.0
2,4,0.0,0.0,0.0,0.0,1.0,0.0,0.0,0.0
2,4,0.0,0.0,0.0,0.0,1.0,0.0,0.0,0.0
2,4,0.0,0.0,0.0,0.0,1.0,0.0,0.0,0.0
2,4,0.0,0.0,0.0,0.0,1.0,0.0,0.0,0.0
2,4,0.0,0.0,0.0,0.0,1.0,0.0,0.0,0.0
2,4,0.0,0.0,0.0,0.0,1.0,0.0,0.0,0.0
2,4,0.0,0.0,0.0,0.0,1.0,0.0,0.0,0.0
2,4,0.0,0.0,0.0,0.0,1.0,0.0,0.0,0.0
2,4,0.0,0.0,0.0,0.0,1.0,0.0,0.0,0.0
2,4,0.0,0.0,0.0,0.0,1.0,0.0,0.0,0.0
2,4,0.0,0.0,0.0,0.0,1.0,0.0,0.0,0.0
2,4,0.0,0.0,0.0,0.0,1.0,0.0,0.0,0.0
2,4,0.0,0.0,0.0,0.0,1.0,0.0,0.0,0.0
2,4,0.0,0.0,0.0,0.0,1.0,0.0,0.0,0.0
2,4,0.0,0.0,0.0,0.0,1.0,0.0,0.0,0.0
2,4,0.0,0.0,0.0,0.0,1.0,0.0,0.0,0.0
2,4,0.0,0.0,0.0,0.0,1.0,0.0,0.0,0.0
2,4,0.0,0.0,0.0,0.0,1.0,0.0,0.0,0.0
2,4,0.0,0.0,0.0,0.0,1.0,0.0,0.0,0.0
2,4,0.0,0.0,0.0,0.0,1.0,0.0,0.0,0.0
2,4,0.0,0.0,0.0,0.0,1.0,0.0,0.0,0.0
2,4,0.0,0.0,0.0,0.0,1.0,0.0,0.0,0.0
2,4,0.0,0.0,0.0,0.0,1.0,0.0,0.0,0.0
2,4,0.0,0.0,0.0,0.0,1.0,0.0,0.0,0.0
2,4,0.0,0.0,0.0,0.0,1.0,0.0,0.0,0.0
2,4,0.0,0.0,0.0,0.0,1.0,0.0,0.0,0.0
2,4,0.0,0.0,0.0,0.0,1.0,0.0,0.0,0.0
2,4,0.0,0.0,0.0,0.0,1.0,0.0,0.0,0.0
2,4,0.0,0.0,0.0,0.0,1.0,0.0,0.0,0.0
2,4,0.0,0.0,0.0,0.0,1.0,0.0,0.0,0.0
2,4,0.0,0.0,0.0,0.0,1.0,0.0,0.0,0.0
2,4,0.0,0.0,0.0,0.0,1.0,0.0,0.0,0.0
2,4,0.0,0.0,0.0,0.0,1.0,0.0,0.0,0.0
2,4,0.0,0.0,0.0,0.0,1.0,0.0,0.0,0.0
2,4,0.0,0.0,0.0,0.0,1.0,0.0,0.0,0.0
2,4,0.0,0.0,0.0,0.0,1.0,0.0,0.0,0.0
2,4,0.0,0.0,0.0,0.0,1.0,0.0,0.0,0.0
2,4,0.0,0.0,0.0,0.0,1.0,0.0,0.0,0.0
2,4,0.0,0.0,0.0,0.0,1.0,0.0,0.0,0.0
2,4,0.0,0.0,0.0,0.0,1.0,0.0,0.0,0.0
2,4,0.0,0.0,0.0,0.0,1.0,0.0,0.0,0.0
2,4,0.0,0.0,0.0,0.0,1.0,0.0,0.0,0.0
2,4,0.0,0.0,0.0,0.0,1.0,0.0,0.0,0.0
2,4,0.0,0.0,0.0,0.0,1.0,0.0,0.0,0.0
2,4,0.0,0.0,0.0,0.0,1.0,0.0,0.0,0.0
2,4,0.0,0.0,0.0,0.0,1.0,0.0,0.0,0.0
2,4,0.0,0.0,0.0,0.0,1.0,0.0,0.0,0.0
2,4,0.0,0.0,0.0,0.0,1.0,0.0,0.0,0.0
2,4,0.0,0.0,0.0,0.0,1.0,0.0,0.0,0.0
2,4,0.0,0.0,0.0,0.0,1.0,0.0,0.0,0.0
2,4,0.0,0.0,0.0,0.0,1.0,0.0,0.0,0.0
2,4,0.0,0.0,0.0,0.0,1.0,0.0,0.0,0.0
2,4,0.0,0.0,0.0,0.0,1.0,0.0,0.0,0.0
2,4,0.0,0.0,0.0,0.0,1.0,0.0,0.0,0.0
2,4,0.0,0.0,0.0,0.0,1.0,0.0,0.0,0.0
2,4,0.0,0.0,0.0,0.0,1.0,0.0,0.0,0.0
2,4,0.0,0.0,0.0,0.0,1.0,0.0,0.0,0.0
2,4,0.0,0.0,0.0,0.0,1.0,0.0,0.0,0.0
2,4,0.0,0.0,0.0,0.0,1.0,0.0,0.0,0.0
2,4,0.0,0.0,0.0,0.0,1.0,0.0,0.0,0.0
2,4,0.0,0.0,0.0,0.0,1.0,0.0,0.0,0.0
2,4,0.0,0.0,0.0,0.0,1.0,0.0,0.0,0.0
2,4,0.0,0.0,0.0,0.0,1.0,0.0,0.0,0.0
2,4,0.0,0.0,0.0,0.0,1.0,0.0,0.0,0.0
2,4,0.0,0.0,0.0,0.0,1.0,0.0,0.0,0.0
2,4,0.0,0.0,0.0,0.0,1.0,0.0,0.0,0.0
2,4,0.0,0.0,0.0,0.0,1.0,0.0,0.0,0.0
2,4,0.0,0.0,0.0,0.0,1.0,0.0,0.0,0.0
2,4,0.0,0.0,0.0,0.0,1.0,0.0,0.0,0.0
2,4,0.0,0.0,0.0,0.0,1.0,0.0,0.0,0.0
2,4,0.0,0.0,0.0,0.0,1.0,0.0,0.0,0.0
2,4,0.0,0.0,0.0,0.0,1.0,0.0,0.0,0.0
2,4,0.0,0.0,0.0,0.0,1.0,0.0,0.0,0.0
2,4,0.0,0.0,0.0,0.0,1.0,0.0,0.0,0.0
2,4,0.0,0.0,0.0,0.0,1.0,0.0,0.0,0.0
2,4,0.0,0.0,0.0,0.0,1.0,0.0,0.0,0.0
2,4,0.0,0.0,0.0,0.0,1.0,0.0,0.0,0.0
2,4,0.0,0.0,0.0,0.0,1.0,0.0,0.0,0.0
2,4,0.0,0.0,0.0,0.0,1.0,0.0,0.0,0.0
2,4,0.0,0.0,0.0,0.0,1.0,0.0,0.0,0.0
2,4,0.0,0.0,0.0,0.0,1.0,0.0,0.0,0.0
2,4,0.0,0.0,0.0,0.0,1.0,0.0,0.0,0.0
2,4,0.0,0.0,0.0,0.0,1.0,0.0,0.0,0.0
2,4,0.0,0.0,0.0,0.0,1.0,0.0,0.0,0.0
2,4,0.0,0.0,0.0,0.0,1.0,0.0,0.0,0.0
2,4,0.0,0.0,0.0,0.0,1.0,0.0,0.0,0.0
2,4,0.0,0.0,0.0,0.0,1.0,0.0,0.0,0.0
2,4,0.0,0.0,0.0,0.0,1.0,0.0,0.0,0.0
2,4,0.0,0.0,0.0,0.0,1.0,0.0,0.0,0.0
2,4,0.0,0.0,0.0,0.0,1.0,0.0,0.0,0.0
2,4,0.0,0.0,0.0,0.0,1.0,0.0,0.0,0.0
2,4,0.0,0.0,0.0,0.0,1.0,0.0,0.0,0.0
2,4,0.0,0.0,0.0,0.0,1.0,0.0,0.0,0.0
2,4,0.0,0.0,0.0,0.0,1.0,0.0,0.0,0.0
2,4,0.0,0.0,0.0,0.0,1.0,0.0,0.0,0.0
2,4,0.0,0.0,0.0,0.0,1.0,0.0,0.0,0.0
2,4,0.0,0.0,0.0,0.0,1.0,0.0,0.0,0.0
2,4,0.0,0.0,0.0,0.0,1.0,0.0,0.0,0.0
2,4,0.0,0.0,0.0,0.0,1.0,0.0,0.0,0.0
2,4,0.0,0.0,0.0,0.0,1.0,0.0,0.0,0.0
2,4,0.0,0.0,0.0,0.0,1.0,0.0,0.0,0.0
2,4,0.0,0.0,0.0,0.0,1.0,0.0,0.0,0.0
2,4,0.0,0.0,0.0,0.0,1.0,0.0,0.0,0.0
2,4,0.0,0.0,0.0,0.0,1.0,0.0,0.0,0.0
2,4,0.0,0.0,0.0,0.0,1.0,0.0,0.0,0.0
2,4,0.0,0.0,0.0,0.0,1.0,0.0,0.0,0.0
2,4,0.0,0.0,0.0,0.0,1.0,0.0,0.0,0.0
2,4,0.0,0.0,0.0,0.0,1.0,0.0,0.0,0.0
2,4,0.0,0.0,0.0,0.0,1.0,0.0,0.0,0.0
2,4,0.0,0.0,0.0,0.0,1.0,0.0,0.0,0.0
2,4,0.0,0.0,0.0,0.0,1.0,0.0,0.0,0.0
2,4,0.0,0.0,0.0,0.0,1.0,0.0,0.0,0.0
2,4,0.0,0.0,0.0,0.0,1.0,0.0,0.0,0.0
2,4,0.0,0.0,0.0,0.0,1.0,0.0,0.0,0.0
2,4,0.0,0.0,0.0,0.0,1.0,0.0,0.0,0.0
2,4,0.0,0.0,0.0,0.0,1.0,0.0,0.0,0.0
2,4,0.0,0.0,0.0,0.0,1.0,0.0,0.0,0.0
2,4,0.0,0.0,0.0,0.0,1.0,0.0,0.0,0.0
2,4,0.0,0.0,0.0,0.0,1.0,0.0,0.0,0.0
2,4,0.0,0.0,0.0,0.0,1.0,0.0,0.0,0.0
2,4,0.0,0.0,0.0,0.0,1.0,0.0,0.0,0.0
2,4,0.0,0.0,0.0,0.0,1.0,0.0,0.0,0.0
2,4,0.0,0.0,0.0,0.0,1.0,0.0,0.0,0.0
2,4,0.0,0.0,0.0,0.0,1.0,0.0,0.0,0.0
2,4,0.0,0.0,0.0,0.0,1.0,0.0,0.0,0.0
2,4,0.0,0.0,0.0,0.0,1.0,0.0,0.0,0.0
2,4,0.0,0.0,0.0,0.0,1.0,0.0,0.0,0.0
2,4,0.0,0.0,0.0,0.0,1.0,0.0,0.0,0.0
2,4,0.0,0.0,0.0,0.0,1.0,0.0,0.0,0.0
2,4,0.0,0.0,0.0,0.0,1.0,0.0,0.0,0.0
2,4,0.0,0.0,0.0,0.0,1.0,0.0,0.0,0.0
2,4,0.0,0.0,0.0,0.0,1.0,0.0,0.0,0.0
2,4,0.0,0.0,0.0,0.0,1.0,0.0,0.0,0.0
2,4,0.0,0.0,0.0,0.0,1.0,0.0,0.0,0.0
2,4,0.0,0.0,0.0,0.0,1.0,0.0,0.0,0.0
2,4,0.0,0.0,0.0,0.0,1.0,0.0,0.0,0.0
2,4,0.0,0.0,0.0,0.0,1.0,0.0,0.0,0.0
2,4,0.0,0.0,0.0,0.0,1.0,0.0,0.0,0.0
2,4,0.0,0.0,0.0,0.0,1.0,0.0,0.0,0.0
2,4,0.0,0.0,0.0,0.0,1.0,0.0,0.0,0.0
2,4,0.0,0.0,0.0,0.0,1.0,0.0,0.0,0.0
2,4,0.0,0.0,0.0,0.0,1.0,0.0,0.0,0.0
2,4,0.0,0.0,0.0,0.0,1.0,0.0,0.0,0.0
2,4,0.0,0.0,0.0,0.0,1.0,0.0,0.0,0.0
2,4,0.0,0.0,0.0,0.0,1.0,0.0,0.0,0.0
2,4,0.0,0.0,0.0,0.0,1.0,0.0,0.0,0.0
2,4,0.0,0.0,0.0,0.0,1.0,0.0,0.0,0.0
2,4,0.0,0.0,0.0,0.0,1.0,0.0,0.0,0.0
2,4,0.0,0.0,0.0,0.0,1.0,0.0,0.0,0.0
2,4,0.0,0.0,0.0,0.0,1.0,0.0,0.0,0.0
2,4,0.0,0.0,0.0,0.0,1.0,0.0,0.0,0.0
2,4,0.0,0.0,0.0,0.0,1.0,0.0,0.0,0.0
2,4,0.0,0.0,0.0,0.0,1.0,0.0,0.0,0.0
2,4,0.0,0.0,0.0,0.0,1.0,0.0,0.0,0.0
2,4,0.0,0.0,0.0,0.0,1.0,0.0,0.0,0.0
2,4,0.0,0.0,0.0,0.0,1.0,0.0,0.0,0.0
2,4,0.0,0.0,0.0,0.0,1.0,0.0,0.0,0.0
2,4,0.0,0.0,0.0,0.0,1.0,0.0,0.0,0.0
2,4,0.0,0.0,0.0,0.0,1.0,0.0,0.0,0.0
2,4,0.0,0.0,0.0,0.0,1.0,0.0,0.0,0.0
2,4,0.0,0.0,0.0,0.0,1.0,0.0,0.0,0.0
2,4,0.0,0.0,0.0,0.0,1.0,0.0,0.0,0.0
2,4,0.0,0.0,0.0,0.0,1.0,0.0,0.0,0.0
2,4,0.0,0.0,0.0,0.0,1.0,0.0,0.0,0.0
2,4,0.0,0.0,0.0,0.0,1.0,0.0,0.0,0.0
2,4,0.0,0.0,0.0,0.0,1.0,0.0,0.0,0.0
2,4,0.0,0.0,0.0,0.0,1.0,0.0,0.0,0.0
2,4,0.0,0.0,0.0,0.0,1.0,0.0,0.0,0.0
2,4,0.0,0.0,0.0,0.0,1.0,0.0,0.0,0.0
2,4,0.0,0.0,0.0,0.0,1.0,0.0,0.0,0.0
2,4,0.0,0.0,0.0,0.0,1.0,0.0,0.0,0.0
2,4,0.0,0.0,0.0,0.0,1.0,0.0,0.0,0.0
2,4,0.0,0.0,0.0,0.0,1.0,0.0,0.0,0.0
2,4,0.0,0.0,0.0,0.0,1.0,0.0,0.0,0.0
2,4,0.0,0.0,0.0,0.0,1.0,0.0,0.0,0.0
2,4,0.0,0.0,0.0,0.0,1.0,0.0,0.0,0.0
2,4,0.0,0.0,0.0,0.0,1.0,0.0,0.0,0.0
2,4,0.0,0.0,0.0,0.0,1.0,0.0,0.0,0.0
2,4,0.0,0.0,0.0,0.0,1.0,0.0,0.0,0.0
2,4,0.0,0.0,0.0,0.0,1.0,0.0,0.0,0.0
2,4,0.0,0.0,0.0,0.0,1.0,0.0,0.0,0.0
2,4,0.0,0.0,0.0,0.0,1.0,0.0,0.0,0.0
2,4,0.0,0.0,0.0,0.0,1.0,0.0,0.0,0.0
2,4,0.0,0.0,0.0,0.0,1.0,0.0,0.0,0.0
2,4,0.0,0.0,0.0,0.0,1.0,0.0,0.0,0.0
2,4,0.0,0.0,0.0,0.0,1.0,0.0,0.0,0.0
2,4,0.0,0.0,0.0,0.0,1.0,0.0,0.0,0.0
2,4,0.0,0.0,0.0,0.0,1.0,0.0,0.0,0.0
2,4,0.0,0.0,0.0,0.0,1.0,0.0,0.0,0.0
2,4,0.0,0.0,0.0,0.0,1.0,0.0,0.0,0.0
2,4,0.0,0.0,0.0,0.0,1.0,0.0,0.0,0.0
2,4,0.0,0.0,0.0,0.0,1.0,0.0,0.0,0.0
2,4,0.0,0.0,0.0,0.0,1.0,0.0,0.0,0.0
2,4,0.0,0.0,0.0,0.0,1.0,0.0,0.0,0.0
2,4,0.0,0.0,0.0,0.0,1.0,0.0,0.0,0.0
2,4,0.0,0.0,0.0,0.0,1.0,0.0,0.0,0.0
2,4,0.0,0.0,0.0,0.0,1.0,0.0,0.0,0.0
2,4,0.0,0.0,0.0,0.0,1.0,0.0,0.0,0.0
2,4,0.0,0.0,0.0,0.0,1.0,0.0,0.0,0.0
2,4,0.0,0.0,0.0,0.0,1.0,0.0,0.0,0.0
2,4,0.0,0.0,0.0,0.0,1.0,0.0,0.0,0.0
2,4,0.0,0.0,0.0,0.0,1.0,0.0,0.0,0.0
2,4,0.0,0.0,0.0,0.0,1.0,0.0,0.0,0.0
2,4,0.0,0.0,0.0,0.0,1.0,0.0,0.0,0.0
2,4,0.0,0.0,0.0,0.0,1.0,0.0,0.0,0.0
2,4,0.0,0.0,0.0,0.0,1.0,0.0,0.0,0.0
2,4,0.0,0.0,0.0,0.0,1.0,0.0,0.0,0.0
2,4,0.0,0.0,0.0,0.0,1.0,0.0,0.0,0.0
2,4,0.0,0.0,0.0,0.0,1.0,0.0,0.0,0.0
2,4,0.0,0.0,0.0,0.0,1.0,0.0,0.0,0.0
2,4,0.0,0.0,0.0,0.0,1.0,0.0,0.0,0.0
2,4,0.0,0.0,0.0,0.0,1.0,0.0,0.0,0.0
2,4,0.0,0.0,0.0,0.0,1.0,0.0,0.0,0.0
2,4,0.0,0.0,0.0,0.0,1.0,0.0,0.0,0.0
2,4,0.0,0.0,0.0,0.0,1.0,0.0,0.0,0.0
2,4,0.0,0.0,0.0,0.0,1.0,0.0,0.0,0.0
2,4,0.0,0.0,0.0,0.0,1.0,0.0,0.0,0.0
2,4,0.0,0.0,0.0,0.0,1.0,0.0,0.0,0.0
2,4,0.0,0.0,0.0,0.0,1.0,0.0,0.0,0.0
2,4,0.0,0.0,0.0,0.0,1.0,0.0,0.0,0.0
2,4,0.0,0.0,0.0,0.0,1.0,0.0,0.0,0.0
2,4,0.0,0.0,0.0,0.0,1.0,0.0,0.0,0.0
2,4,0.0,0.0,0.0,0.0,1.0,0.0,0.0,0.0
2,4,0.0,0.0,0.0,0.0,1.0,0.0,0.0,0.0
2,4,0.0,0.0,0.0,0.0,1.0,0.0,0.0,0.0
2,4,0.0,0.0,0.0,0.0,1.0,0.0,0.0,0.0
2,4,0.0,0.0,0.0,0.0,1.0,0.0,0.0,0.0
2,4,0.0,0.0,0.0,0.0,1.0,0.0,0.0,0.0
2,4,0.0,0.0,0.0,0.0,1.0,0.0,0.0,0.0
2,4,0.0,0.0,0.0,0.0,1.0,0.0,0.0,0.0
2,4,0.0,0.0,0.0,0.0,1.0,0.0,0.0,0.0
2,4,0.0,0.0,0.0,0.0,1.0,0.0,0.0,0.0
2,4,0.0,0.0,0.0,0.0,1.0,0.0,0.0,0.0
2,4,0.0,0.0,0.0,0.0,1.0,0.0,0.0,0.0
2,4,0.0,0.0,0.0,0.0,1.0,0.0,0.0,0.0
2,4,0.0,0.0,0.0,0.0,1.0,0.0,0.0,0.0
2,4,0.0,0.0,0.0,0.0,1.0,0.0,0.0,0.0
2,4,0.0,0.0,0.0,0.0,1.0,0.0,0.0,0.0
2,4,0.0,0.0,0.0,0.0,1.0,0.0,0.0,0.0
2,4,0.0,0.0,0.0,0.0,1.0,0.0,0.0,0.0
2,4,0.0,0.0,0.0,0.0,1.0,0.0,0.0,0.0
2,4,0.0,0.0,0.0,0.0,1.0,0.0,0.0,0.0
2,4,0.0,0.0,0.0,0.0,1.0,0.0,0.0,0.0
2,4,0.0,0.0,0.0,0.0,1.0,0.0,0.0,0.0
2,4,0.0,0.0,0.0,0.0,1.0,0.0,0.0,0.0
2,4,0.0,0.0,0.0,0.0,1.0,0.0,0.0,0.0
2,4,0.0,0.0,0.0,0.0,1.0,0.0,0.0,0.0
2,4,0.0,0.0,0.0,0.0,1.0,0.0,0.0,0.0
2,4,0.0,0.0,0.0,0.0,1.0,0.0,0.0,0.0
2,4,0.0,0.0,0.0,0.0,1.0,0.0,0.0,0.0
2,4,0.0,0.0,0.0,0.0,1.0,0.0,0.0,0.0
2,4,0.0,0.0,0.0,0.0,1.0,0.0,0.0,0.0
2,4,0.0,0.0,0.0,0.0,1.0,0.0,0.0,0.0
2,4,0.0,0.0,0.0,0.0,1.0,0.0,0.0,0.0
2,4,0.0,0.0,0.0,0.0,1.0,0.0,0.0,0.0
2,4,0.0,0.0,0.0,0.0,1.0,0.0,0.0,0.0
2,4,0.0,0.0,0.0,0.0,1.0,0.0,0.0,0.0
2,4,0.0,0.0,0.0,0.0,1.0,0.0,0.0,0.0
2,4,0.0,0.0,0.0,0.0,1.0,0.0,0.0,0.0
2,4,0.0,0.0,0.0,0.0,1.0,0.0,0.0,0.0
2,4,0.0,0.0,0.0,0.0,1.0,0.0,0.0,0.0
2,4,0.0,0.0,0.0,0.0,1.0,0.0,0.0,0.0
2,4,0.0,0.0,0.0,0.0,1.0,0.0,0.0,0.0
2,4,0.0,0.0,0.0,0.0,1.0,0.0,0.0,0.0
2,4,0.0,0.0,0.0,0.0,1.0,0.0,0.0,0.0
2,4,0.0,0.0,0.0,0.0,1.0,0.0,0.0,0.0
2,4,0.0,0.0,0.0,0.0,1.0,0.0,0.0,0.0
2,4,0.0,0.0,0.0,0.0,1.0,0.0,0.0,0.0
2,4,0.0,0.0,0.0,0.0,1.0,0.0,0.0,0.0
2,4,0.0,0.0,0.0,0.0,1.0,0.0,0.0,0.0
2,4,0.0,0.0,0.0,0.0,1.0,0.0,0.0,0.0
2,4,0.0,0.0,0.0,0.0,1.0,0.0,0.0,0.0
2,4,0.0,0.0,0.0,0.0,1.0,0.0,0.0,0.0
2,4,0.0,0.0,0.0,0.0,1.0,0.0,0.0,0.0
2,4,0.0,0.0,0.0,0.0,1.0,0.0,0.0,0.0
2,4,0.0,0.0,0.0,0.0,1.0,0.0,0.0,0.0
2,4,0.0,0.0,0.0,0.0,1.0,0.0,0.0,0.0
2,4,0.0,0.0,0.0,0.0,1.0,0.0,0.0,0.0
2,4,0.0,0.0,0.0,0.0,1.0,0.0,0.0,0.0
2,4,0.0,0.0,0.0,0.0,1.0,0.0,0.0,0.0
2,4,0.0,0.0,0.0,0.0,1.0,0.0,0.0,0.0
2,4,0.0,0.0,0.0,0.0,1.0,0.0,0.0,0.0
2,4,0.0,0.0,0.0,0.0,1.0,0.0,0.0,0.0
2,4,0.0,0.0,0.0,0.0,1.0,0.0,0.0,0.0
2,4,0.0,0.0,0.0,0.0,1.0,0.0,0.0,0.0
2,4,0.0,0.0,0.0,0.0,1.0,0.0,0.0,0.0
2,4,0.0,0.0,0.0,0.0,1.0,0.0,0.0,0.0
2,4,0.0,0.0,0.0,0.0,1.0,0.0,0.0,0.0
2,4,0.0,0.0,0.0,0.0,1.0,0.0,0.0,0.0
2,4,0.0,0.0,0.0,0.0,1.0,0.0,0.0,0.0
2,4,0.0,0.0,0.0,0.0,1.0,0.0,0.0,0.0
2,4,0.0,0.0,0.0,0.0,1.0,0.0,0.0,0.0
2,4,0.0,0.0,0.0,0.0,1.0,0.0,0.0,0.0
2,4,0.0,0.0,0.0,0.0,1.0,0.0,0.0,0.0
2,4,0.0,0.0,0.0,0.0,1.0,0.0,0.0,0.0
2,4,0.0,0.0,0.0,0.0,1.0,0.0,0.0,0.0
2,4,0.0,0.0,0.0,0.0,1.0,0.0,0.0,0.0
2,4,0.0,0.0,0.0,0.0,1.0,0.0,0.0,0.0
2,4,0.0,0.0,0.0,0.0,1.0,0.0,0.0,0.0
2,4,0.0,0.0,0.0,0.0,1.0,0.0,0.0,0.0
2,4,0.0,0.0,0.0,0.0,1.0,0.0,0.0,0.0
2,4,0.0,0.0,0.0,0.0,1.0,0.0,0.0,0.0
2,4,0.0,0.0,0.0,0.0,1.0,0.0,0.0,0.0
2,4,0.0,0.0,0.0,0.0,1.0,0.0,0.0,0.0
2,4,0.0,0.0,0.0,0.0,1.0,0.0,0.0,0.0
2,4,0.0,0.0,0.0,0.0,1.0,0.0,0.0,0.0
2,4,0.0,0.0,0.0,0.0,1.0,0.0,0.0,0.0
2,4,0.0,0.0,0.0,0.0,1.0,0.0,0.0,0.0
2,4,0.0,0.0,0.0,0.0,1.0,0.0,0.0,0.0
2,4,0.0,0.0,0.0,0.0,1.0,0.0,0.0,0.0
2,4,0.0,0.0,0.0,0.0,1.0,0.0,0.0,0.0
2,4,0.0,0.0,0.0,0.0,1.0,0.0,0.0,0.0
2,4,0.0,0.0,0.0,0.0,1.0,0.0,0.0,0.0
2,4,0.0,0.0,0.0,0.0,1.0,0.0,0.0,0.0
2,4,0.0,0.0,0.0,0.0,1.0,0.0,0.0,0.0
2,4,0.0,0.0,0.0,0.0,1.0,0.0,0.0,0.0
2,4,0.0,0.0,0.0,0.0,1.0,0.0,0.0,0.0
2,4,0.0,0.0,0.0,0.0,1.0,0.0,0.0,0.0
2,4,0.0,0.0,0.0,0.0,1.0,0.0,0.0,0.0
2,4,0.0,0.0,0.0,0.0,1.0,0.0,0.0,0.0
2,4,0.0,0.0,0.0,0.0,1.0,0.0,0.0,0.0
2,4,0.0,0.0,0.0,0.0,1.0,0.0,0.0,0.0
2,4,0.0,0.0,0.0,0.0,1.0,0.0,0.0,0.0
2,4,0.0,0.0,0.0,0.0,1.0,0.0,0.0,0.0
2,4,0.0,0.0,0.0,0.0,1.0,0.0,0.0,0.0
2,4,0.0,0.0,0.0,0.0,1.0,0.0,0.0,0.0
2,4,0.0,0.0,0.0,0.0,1.0,0.0,0.0,0.0
2,4,0.0,0.0,0.0,0.0,1.0,0.0,0.0,0.0
2,4,0.0,0.0,0.0,0.0,1.0,0.0,0.0,0.0
2,4,0.0,0.0,0.0,0.0,1.0,0.0,0.0,0.0
2,4,0.0,0.0,0.0,0.0,1.0,0.0,0.0,0.0
2,4,0.0,0.0,0.0,0.0,1.0,0.0,0.0,0.0
2,4,0.0,0.0,0.0,0.0,1.0,0.0,0.0,0.0
2,4,0.0,0.0,0.0,0.0,1.0,0.0,0.0,0.0
2,4,0.0,0.0,0.0,0.0,1.0,0.0,0.0,0.0
2,4,0.0,0.0,0.0,0.0,1.0,0.0,0.0,0.0
2,4,0.0,0.0,0.0,0.0,1.0,0.0,0.0,0.0
2,4,0.0,0.0,0.0,0.0,1.0,0.0,0.0,0.0
2,4,0.0,0.0,0.0,0.0,1.0,0.0,0.0,0.0
2,4,0.0,0.0,0.0,0.0,1.0,0.0,0.0,0.0
2,4,0.0,0.0,0.0,0.0,1.0,0.0,0.0,0.0
2,4,0.0,0.0,0.0,0.0,1.0,0.0,0.0,0.0
2,4,0.0,0.0,0.0,0.0,1.0,0.0,0.0,0.0
2,4,0.0,0.0,0.0,0.0,1.0,0.0,0.0,0.0
2,4,0.0,0.0,0.0,0.0,1.0,0.0,0.0,0.0
2,4,0.0,0.0,0.0,0.0,1.0,0.0,0.0,0.0
2,4,0.0,0.0,0.0,0.0,1.0,0.0,0.0,0.0
2,4,0.0,0.0,0.0,0.0,1.0,0.0,0.0,0.0
2,4,0.0,0.0,0.0,0.0,1.0,0.0,0.0,0.0
2,4,0.0,0.0,0.0,0.0,1.0,0.0,0.0,0.0
2,4,0.0,0.0,0.0,0.0,1.0,0.0,0.0,0.0
2,4,0.0,0.0,0.0,0.0,1.0,0.0,0.0,0.0
2,4,0.0,0.0,0.0,0.0,1.0,0.0,0.0,0.0
2,4,0.0,0.0,0.0,0.0,1.0,0.0,0.0,0.0
2,4,0.0,0.0,0.0,0.0,1.0,0.0,0.0,0.0
2,4,0.0,0.0,0.0,0.0,1.0,0.0,0.0,0.0
2,4,0.0,0.0,0.0,0.0,1.0,0.0,0.0,0.0
2,4,0.0,0.0,0.0,0.0,1.0,0.0,0.0,0.0
2,4,0.0,0.0,0.0,0.0,1.0,0.0,0.0,0.0
2,4,0.0,0.0,0.0,0.0,1.0,0.0,0.0,0.0
2,4,0.0,0.0,0.0,0.0,1.0,0.0,0.0,0.0
2,4,0.0,0.0,0.0,0.0,1.0,0.0,0.0,0.0
2,4,0.0,0.0,0.0,0.0,1.0,0.0,0.0,0.0
2,4,0.0,0.0,0.0,0.0,1.0,0.0,0.0,0.0
2,4,0.0,0.0,0.0,0.0,1.0,0.0,0.0,0.0
2,4,0.0,0.0,0.0,0.0,1.0,0.0,0.0,0.0
2,4,0.0,0.0,0.0,0.0,1.0,0.0,0.0,0.0
2,4,0.0,0.0,0.0,0.0,1.0,0.0,0.0,0.0
2,4,0.0,0.0,0.0,0.0,1.0,0.0,0.0,0.0
2,4,0.0,0.0,0.0,0.0,1.0,0.0,0.0,0.0
2,4,0.0,0.0,0.0,0.0,1.0,0.0,0.0,0.0
2,4,0.0,0.0,0.0,0.0,1.0,0.0,0.0,0.0
2,4,0.0,0.0,0.0,0.0,1.0,0.0,0.0,0.0
2,4,0.0,0.0,0.0,0.0,1.0,0.0,0.0,0.0
2,4,0.0,0.0,0.0,0.0,1.0,0.0,0.0,0.0
2,4,0.0,0.0,0.0,0.0,1.0,0.0,0.0,0.0
2,4,0.0,0.0,0.0,0.0,1.0,0.0,0.0,0.0
2,4,0.0,0.0,0.0,0.0,1.0,0.0,0.0,0.0
2,4,0.0,0.0,0.0,0.0,1.0,0.0,0.0,0.0
2,4,0.0,0.0,0.0,0.0,1.0,0.0,0.0,0.0
2,4,0.0,0.0,0.0,0.0,1.0,0.0,0.0,0.0
2,4,0.0,0.0,0.0,0.0,1.0,0.0,0.0,0.0
2,4,0.0,0.0,0.0,0.0,1.0,0.0,0.0,0.0
2,4,0.0,0.0,0.0,0.0,1.0,0.0,0.0,0.0
2,4,0.0,0.0,0.0,0.0,1.0,0.0,0.0,0.0
2,4,0.0,0.0,0.0,0.0,1.0,0.0,0.0,0.0
2,4,0.0,0.0,0.0,0.0,1.0,0.0,0.0,0.0
2,4,0.0,0.0,0.0,0.0,1.0,0.0,0.0,0.0
2,4,0.0,0.0,0.0,0.0,1.0,0.0,0.0,0.0
2,4,0.0,0.0,0.0,0.0,1.0,0.0,0.0,0.0
2,4,0.0,0.0,0.0,0.0,1.0,0.0,0.0,0.0
2,4,0.0,0.0,0.0,0.0,1.0,0.0,0.0,0.0
2,4,0.0,0.0,0.0,0.0,1.0,0.0,0.0,0.0
2,4,0.0,0.0,0.0,0.0,1.0,0.0,0.0,0.0
2,4,0.0,0.0,0.0,0.0,1.0,0.0,0.0,0.0
2,4,0.0,0.0,0.0,0.0,1.0,0.0,0.0,0.0
2,4,0.0,0.0,0.0,0.0,1.0,0.0,0.0,0.0
2,4,0.0,0.0,0.0,0.0,1.0,0.0,0.0,0.0
2,4,0.0,0.0,0.0,0.0,1.0,0.0,0.0,0.0
2,4,0.0,0.0,0.0,0.0,1.0,0.0,0.0,0.0
2,4,0.0,0.0,0.0,0.0,1.0,0.0,0.0,0.0
2,4,0.0,0.0,0.0,0.0,1.0,0.0,0.0,0.0
2,4,0.0,0.0,0.0,0.0,1.0,0.0,0.0,0.0
2,4,0.0,0.0,0.0,0.0,1.0,0.0,0.0,0.0
2,4,0.0,0.0,0.0,0.0,1.0,0.0,0.0,0.0
2,4,0.0,0.0,0.0,0.0,1.0,0.0,0.0,0.0
2,4,0.0,0.0,0.0,0.0,1.0,0.0,0.0,0.0
2,4,0.0,0.0,0.0,0.0,1.0,0.0,0.0,0.0
2,4,0.0,0.0,0.0,0.0,1.0,0.0,0.0,0.0
2,4,0.0,0.0,0.0,0.0,1.0,0.0,0.0,0.0
2,4,0.0,0.0,0.0,0.0,1.0,0.0,0.0,0.0
2,4,0.0,0.0,0.0,0.0,1.0,0.0,0.0,0.0
2,4,0.0,0.0,0.0,0.0,1.0,0.0,0.0,0.0
2,4,0.0,0.0,0.0,0.0,1.0,0.0,0.0,0.0
2,4,0.0,0.0,0.0,0.0,1.0,0.0,0.0,0.0
2,4,0.0,0.0,0.0,0.0,1.0,0.0,0.0,0.0
2,4,0.0,0.0,0.0,0.0,1.0,0.0,0.0,0.0
2,4,0.0,0.0,0.0,0.0,1.0,0.0,0.0,0.0
2,4,0.0,0.0,0.0,0.0,1.0,0.0,0.0,0.0
2,4,0.0,0.0,0.0,0.0,1.0,0.0,0.0,0.0
2,4,0.0,0.0,0.0,0.0,1.0,0.0,0.0,0.0
2,4,0.0,0.0,0.0,0.0,1.0,0.0,0.0,0.0
2,4,0.0,0.0,0.0,0.0,1.0,0.0,0.0,0.0
2,4,0.0,0.0,0.0,0.0,1.0,0.0,0.0,0.0
2,4,0.0,0.0,0.0,0.015625,0.984375,0.0,0.0,0.0
2,4,0.0,0.0,0.0,0.015625,0.984375,0.0,0.0,0.0
2,4,0.0,0.0,0.0,0.015625,0.984375,0.0,0.0,0.0
2,4,0.0,0.0,0.0,0.015625,0.984375,0.0,0.0,0.0
2,4,0.0,0.0,0.0,0.015625,0.984375,0.0,0.0,0.0
2,4,0.0,0.0,0.0,0.015625,0.984375,0.0,0.0,0.0
2,4,0.0,0.0,0.0,0.015625,0.984375,0.0,0.0,0.0
2,4,0.0,0.0,0.0,0.015625,0.984375,0.0,0.0,0.0
2,4,0.0,0.0,0.0,0.015625,0.984375,0.0,0.0,0.0
2,4,0.0,0.0,0.0,0.015625,0.984375,0.0,0.0,0.0
2,4,0.0,0.0,0.0,0.015625,0.984375,0.0,0.0,0.0
2,4,0.0,0.0,0.0,0.015625,0.984375,0.0,0.0,0.0
2,4,0.0,0.0,0.0,0.015625,0.984375,0.0,0.0,0.0
2,4,0.0,0.0,0.0,0.015625,0.984375,0.0,0.0,0.0
2,4,0.0,0.0,0.0,0.015625,0.984375,0.0,0.0,0.0
2,4,0.0,0.0,0.0,0.015625,0.984375,0.0,0.0,0.0
2,4,0.0,0.0,0.0,0.015625,0.984375,0.0,0.0,0.0
2,4,0.0,0.0,0.0,0.015625,0.984375,0.0,0.0,0.0
2,4,0.0,0.0,0.0,0.015625,0.984375,0.0,0.0,0.0
2,4,0.0,0.0,0.0,0.015625,0.984375,0.0,0.0,0.0
2,4,0.0,0.0,0.0,0.015625,0.984375,0.0,0.0,0.0
2,4,0.0,0.0,0.0,0.015625,0.984375,0.0,0.0,0.0
2,4,0.0,0.0,0.0,0.015625,0.984375,0.0,0.0,0.0
2,4,0.0,0.0,0.0,0.015625,0.984375,0.0,0.0,0.0
2,4,0.0,0.0,0.0,0.015625,0.984375,0.0,0.0,0.0
2,4,0.0,0.0,0.0,0.015625,0.984375,0.0,0.0,0.0
2,4,0.0,0.0,0.0,0.015625,0.984375,0.0,0.0,0.0
2,4,0.0,0.0,0.0,0.015625,0.984375,0.0,0.0,0.0
2,4,0.0,0.0,0.0,0.015625,0.984375,0.0,0.0,0.0
2,4,0.0,0.0,0.0,0.015625,0.984375,0.0,0.0,0.0
2,4,0.0,0.0,0.0,0.015625,0.984375,0.0,0.0,0.0
2,4,0.0,0.0,0.0,0.015625,0.984375,0.0,0.0,0.0
2,4,0.0,0.0,0.0,0.015625,0.984375,0.0,0.0,0.0
2,4,0.0,0.0,0.0,0.015625,0.984375,0.0,0.0,0.0
2,4,0.0,0.0,0.0,0.015625,0.984375,0.0,0.0,0.0
2,4,0.0,0.0,0.0,0.015625,0.984375,0.0,0.0,0.0
2,4,0.0,0.0,0.0,0.015625,0.984375,0.0,0.0,0.0
2,4,0.0,0.0,0.0,0.015625,0.984375,0.0,0.0,0.0
2,4,0.0,0.0,0.0,0.015625,0.984375,0.0,0.0,0.0
2,4,0.0,0.0,0.0,0.015625,0.984375,0.0,0.0,0.0
2,4,0.0,0.0,0.0,0.015625,0.984375,0.0,0.0,0.0
2,4,0.0,0.0,0.0,0.015625,0.984375,0.0,0.0,0.0
2,4,0.0,0.0,0.0,0.015625,0.984375,0.0,0.0,0.0
2,4,0.0,0.0,0.0,0.015625,0.984375,0.0,0.0,0.0
2,4,0.0,0.0,0.0,0.015625,0.984375,0.0,0.0,0.0
2,4,0.0,0.0,0.0,0.015625,0.984375,0.0,0.0,0.0
2,4,0.0,0.0,0.0,0.015625,0.984375,0.0,0.0,0.0
2,4,0.0,0.0,0.0,0.015625,0.984375,0.0,0.0,0.0
2,4,0.0,0.0,0.0,0.015625,0.984375,0.0,0.0,0.0
2,4,0.0,0.0,0.0,0.015625,0.984375,0.0,0.0,0.0
2,4,0.0,0.0,0.0,0.015625,0.984375,0.0,0.0,0.0
2,4,0.0,0.0,0.0,0.015625,0.984375,0.0,0.0,0.0
2,4,0.0,0.0,0.0,0.015625,0.984375,0.0,0.0,0.0
2,4,0.0,0.0,0.0,0.015625,0.984375,0.0,0.0,0.0
2,4,0.0,0.0,0.0,0.015625,0.984375,0.0,0.0,0.0
2,4,0.0,0.0,0.0,0.015625,0.984375,0.0,0.0,0.0
2,4,0.0,0.0,0.0,0.0,1.0,0.0,0.0,0.0
2,4,0.0,0.0,0.0,0.0,1.0,0.0,0.0,0.0
2,4,0.0,0.0,0.0,0.0,1.0,0.0,0.0,0.0
2,4,0.0,0.0,0.0,0.0,1.0,0.0,0.0,0.0
2,4,0.0,0.0,0.0,0.0,1.0,0.0,0.0,0.0
2,4,0.0,0.0,0.0,0.0,1.0,0.0,0.0,0.0
2,4,0.0,0.0,0.0,0.0,1.0,0.0,0.0,0.0
2,4,0.0,0.0,0.0,0.0,1.0,0.0,0.0,0.0
2,4,0.0,0.0,0.0,0.0,1.0,0.0,0.0,0.0
2,4,0.0,0.0,0.0,0.0,1.0,0.0,0.0,0.0
2,4,0.0,0.0,0.0,0.0,1.0,0.0,0.0,0.0
2,4,0.0,0.0,0.0,0.0,1.0,0.0,0.0,0.0
2,4,0.0,0.0,0.0,0.0,1.0,0.0,0.0,0.0
2,4,0.0,0.0,0.0,0.0,1.0,0.0,0.0,0.0
2,4,0.0,0.0,0.0,0.0,1.0,0.0,0.0,0.0
2,4,0.0,0.0,0.0,0.0,1.0,0.0,0.0,0.0
2,4,0.0,0.0,0.0,0.0,1.0,0.0,0.0,0.0
2,4,0.0,0.0,0.0,0.0,1.0,0.0,0.0,0.0
2,4,0.0,0.0,0.0,0.0,1.0,0.0,0.0,0.0
2,4,0.0,0.0,0.0,0.0,1.0,0.0,0.0,0.0
2,4,0.0,0.0,0.0,0.0,1.0,0.0,0.0,0.0
2,4,0.0,0.0,0.0,0.0,1.0,0.0,0.0,0.0
2,4,0.0,0.0,0.0,0.0,1.0,0.0,0.0,0.0
2,4,0.0,0.0,0.0,0.0,1.0,0.0,0.0,0.0
2,4,0.0,0.0,0.0,0.0,1.0,0.0,0.0,0.0
2,4,0.0,0.0,0.0,0.0,1.0,0.0,0.0,0.0
2,4,0.0,0.0,0.0,0.0,1.0,0.0,0.0,0.0
2,4,0.0,0.0,0.0,0.0,1.0,0.0,0.0,0.0
2,4,0.0,0.0,0.0,0.0,1.0,0.0,0.0,0.0
2,4,0.0,0.0,0.0,0.0,1.0,0.0,0.0,0.0
2,4,0.0,0.0,0.0,0.0,1.0,0.0,0.0,0.0
2,4,0.0,0.0,0.0,0.0,1.0,0.0,0.0,0.0
2,4,0.0,0.0,0.0,0.0,1.0,0.0,0.0,0.0
2,4,0.0,0.0,0.0,0.0,1.0,0.0,0.0,0.0
2,4,0.0,0.0,0.0,0.0,1.0,0.0,0.0,0.0
2,4,0.0,0.0,0.0,0.0,1.0,0.0,0.0,0.0
2,4,0.0,0.0,0.0,0.0,1.0,0.0,0.0,0.0
2,4,0.0,0.0,0.0,0.0,1.0,0.0,0.0,0.0
2,4,0.0,0.0,0.0,0.0,1.0,0.0,0.0,0.0
2,4,0.0,0.0,0.0,0.0,1.0,0.0,0.0,0.0
2,4,0.0,0.0,0.0,0.0,1.0,0.0,0.0,0.0
2,4,0.0,0.0,0.0,0.0,1.0,0.0,0.0,0.0
2,4,0.0,0.0,0.0,0.0,1.0,0.0,0.0,0.0
2,4,0.0,0.0,0.0,0.0,1.0,0.0,0.0,0.0
2,4,0.0,0.0,0.0,0.0,1.0,0.0,0.0,0.0
2,4,0.0,0.0,0.0,0.0,1.0,0.0,0.0,0.0
2,4,0.0,0.0,0.0,0.0,1.0,0.0,0.0,0.0
2,4,0.0,0.0,0.0,0.0,1.0,0.0,0.0,0.0
2,4,0.0,0.0,0.0,0.0,1.0,0.0,0.0,0.0
2,4,0.0,0.0,0.0,0.0,1.0,0.0,0.0,0.0
2,4,0.0,0.0,0.0,0.0,1.0,0.0,0.0,0.0
2,4,0.0,0.0,0.0,0.0,1.0,0.0,0.0,0.0
2,4,0.0,0.0,0.0,0.0,1.0,0.0,0.0,0.0
2,4,0.0,0.0,0.0,0.0,1.0,0.0,0.0,0.0
2,4,0.0,0.0,0.0,0.0,1.0,0.0,0.0,0.0
2,4,0.0,0.0,0.0,0.0,1.0,0.0,0.0,0.0
2,4,0.0,0.0,0.0,0.015625,0.984375,0.0,0.0,0.0
2,4,0.0,0.0,0.0,0.015625,0.984375,0.0,0.0,0.0
2,4,0.0,0.0,0.0,0.015625,0.984375,0.0,0.0,0.0
2,4,0.0,0.0,0.0,0.015625,0.984375,0.0,0.0,0.0
2,4,0.0,0.0,0.0,0.015625,0.984375,0.0,0.0,0.0
2,4,0.0,0.0,0.0,0.015625,0.984375,0.0,0.0,0.0
2,4,0.0,0.0,0.0,0.015625,0.984375,0.0,0.0,0.0
2,4,0.0,0.0,0.0,0.015625,0.984375,0.0,0.0,0.0
2,4,0.0,0.0,0.0,0.015625,0.984375,0.0,0.0,0.0
2,4,0.0,0.0,0.0,0.015625,0.984375,0.0,0.0,0.0
2,4,0.0,0.0,0.0,0.015625,0.984375,0.0,0.0,0.0
2,4,0.0,0.0,0.0,0.015625,0.984375,0.0,0.0,0.0
2,4,0.0,0.0,0.0,0.015625,0.984375,0.0,0.0,0.0
2,4,0.0,0.0,0.0,0.015625,0.984375,0.0,0.0,0.0
2,4,0.0,0.0,0.0,0.015625,0.984375,0.0,0.0,0.0
2,4,0.0,0.0,0.0,0.015625,0.984375,0.0,0.0,0.0
2,4,0.0,0.0,0.0,0.015625,0.984375,0.0,0.0,0.0
2,4,0.0,0.0,0.0,0.015625,0.984375,0.0,0.0,0.0
2,4,0.0,0.0,0.0,0.015625,0.984375,0.0,0.0,0.0
2,4,0.0,0.0,0.0,0.015625,0.984375,0.0,0.0,0.0
2,4,0.0,0.0,0.0,0.015625,0.984375,0.0,0.0,0.0
2,4,0.0,0.0,0.0,0.015625,0.984375,0.0,0.0,0.0
2,4,0.0,0.0,0.0,0.015625,0.984375,0.0,0.0,0.0
2,4,0.0,0.0,0.0,0.015625,0.984375,0.0,0.0,0.0
2,4,0.0,0.0,0.0,0.015625,0.984375,0.0,0.0,0.0
2,4,0.0,0.0,0.0,0.015625,0.984375,0.0,0.0,0.0
2,4,0.0,0.0,0.0,0.015625,0.984375,0.0,0.0,0.0
2,4,0.0,0.0,0.0,0.015625,0.984375,0.0,0.0,0.0
2,4,0.0,0.0,0.0,0.015625,0.984375,0.0,0.0,0.0
2,4,0.0,0.0,0.0,0.015625,0.984375,0.0,0.0,0.0
2,4,0.0,0.0,0.0,0.015625,0.984375,0.0,0.0,0.0
2,4,0.0,0.0,0.0,0.015625,0.984375,0.0,0.0,0.0
2,4,0.0,0.0,0.0,0.015625,0.984375,0.0,0.0,0.0
2,4,0.0,0.0,0.0,0.015625,0.984375,0.0,0.0,0.0
2,4,0.0,0.0,0.0,0.015625,0.984375,0.0,0.0,0.0
2,4,0.0,0.0,0.0,0.015625,0.984375,0.0,0.0,0.0
2,4,0.0,0.0,0.0,0.015625,0.984375,0.0,0.0,0.0
2,4,0.0,0.0,0.0,0.015625,0.984375,0.0,0.0,0.0
2,4,0.0,0.0,0.0,0.015625,0.984375,0.0,0.0,0.0
2,4,0.0,0.0,0.0,0.015625,0.984375,0.0,0.0,0.0
2,4,0.0,0.0,0.0,0.015625,0.984375,0.0,0.0,0.0
2,4,0.0,0.0,0.0,0.015625,0.984375,0.0,0.0,0.0
2,4,0.0,0.0,0.0,0.015625,0.984375,0.0,0.0,0.0
2,4,0.0,0.0,0.0,0.015625,0.984375,0.0,0.0,0.0
2,4,0.0,0.0,0.015625,0.015625,0.96875,0.0,0.0,0.0
2,4,0.0,0.0,0.015625,0.015625,0.96875,0.0,0.0,0.0
2,4,0.0,0.0,0.015625,0.015625,0.96875,0.0,0.0,0.0
2,4,0.0,0.0,0.015625,0.015625,0.96875,0.0,0.0,0.0
2,4,0.0,0.0,0.03125,0.015625,0.953125,0.0,0.0,0.0
2,4,0.0,0.0,0.03125,0.015625,0.953125,0.0,0.0,0.0
2,4,0.0,0.0,0.03125,0.015625,0.953125,0.0,0.0,0.0
2,4,0.0,0.0,0.03125,0.015625,0.953125,0.0,0.0,0.0
2,4,0.0,0.0,0.03125,0.015625,0.953125,0.0,0.0,0.0
2,4,0.0,0.0,0.03125,0.015625,0.953125,0.0,0.0,0.0
2,4,0.0,0.0,0.03125,0.015625,0.953125,0.0,0.0,0.0
2,4,0.0,0.0,0.03125,0.015625,0.953125,0.0,0.0,0.0
2,4,0.0,0.015625,0.03125,0.03125,0.921875,0.0,0.0,0.0
2,4,0.0,0.015625,0.03125,0.03125,0.921875,0.0,0.0,0.0
2,4,0.0,0.015625,0.03125,0.03125,0.921875,0.0,0.0,0.0
2,4,0.0,0.015625,0.03125,0.03125,0.921875,0.0,0.0,0.0
2,4,0.0,0.015625,0.03125,0.03125,0.921875,0.0,0.0,0.0
2,4,0.0,0.015625,0.03125,0.03125,0.921875,0.0,0.0,0.0
2,4,0.0,0.015625,0.03125,0.03125,0.921875,0.0,0.0,0.0
2,4,0.0,0.015625,0.03125,0.03125,0.921875,0.0,0.0,0.0
2,4,0.0,0.015873017,0.06349207,0.031746034,0.8888889,0.0,0.0,0.0
2,4,0.0,0.015873017,0.06349207,0.031746034,0.8888889,0.0,0.0,0.0
2,4,0.0,0.031746034,0.06349207,0.031746034,0.8730159,0.0,0.0,0.0
2,4,0.0,0.031746034,0.06349207,0.031746034,0.8730159,0.0,0.0,0.0
2,4,0.0,0.031746034,0.06349207,0.031746034,0.8730159,0.0,0.0,0.0
2,4,0.0,0.031746034,0.06349207,0.031746034,0.8730159,0.0,0.0,0.0
2,4,0.0,0.031746034,0.06349207,0.031746034,0.8730159,0.0,0.0,0.0
2,4,0.0,0.031746034,0.06349207,0.031746034,0.8730159,0.0,0.0,0.0
2,4,0.0,0.031746034,0.06349207,0.031746034,0.8730159,0.0,0.0,0.0
2,4,0.0,0.031746034,0.06349207,0.031746034,0.8730159,0.0,0.0,0.0
2,4,0.0,0.031746034,0.06349207,0.031746034,0.8730159,0.0,0.0,0.0
2,4,0.0,0.031746034,0.06349207,0.031746034,0.8730159,0.0,0.0,0.0
2,4,0.0,0.031746034,0.06349207,0.031746034,0.8730159,0.0,0.0,0.0
2,4,0.0,0.031746034,0.06349207,0.031746034,0.8730159,0.0,0.0,0.0
2,4,0.0,0.031746034,0.06349207,0.031746034,0.8730159,0.0,0.0,0.0
2,4,0.0,0.032258064,0.06451613,0.032258064,0.87096775,0.0,0.0,0.0
2,4,0.0,0.032786883,0.16393442,0.032786883,0.7704918,0.0,0.0,0.0
2,4,0.0,0.032786883,0.16393442,0.032786883,0.7704918,0.0,0.0,0.0
2,4,0.0,0.032786883,0.18032786,0.032786883,0.75409836,0.0,0.0,0.0
2,4,0.0,0.032786883,0.18032786,0.032786883,0.75409836,0.0,0.0,0.0
2,4,0.0,0.032786883,0.18032786,0.032786883,0.75409836,0.0,0.0,0.0
2,4,0.0,0.032786883,0.18032786,0.032786883,0.75409836,0.0,0.0,0.0
2,4,0.0,0.032786883,0.18032786,0.032786883,0.75409836,0.0,0.0,0.0
2,4,0.0,0.032786883,0.18032786,0.032786883,0.75409836,0.0,0.0,0.0
2,4,0.0,0.032786883,0.18032786,0.032786883,0.75409836,0.0,0.0,0.0
2,4,0.0,0.032786883,0.18032786,0.032786883,0.75409836,0.0,0.0,0.0
2,4,0.0,0.032786883,0.19672132,0.032786883,0.73770493,0.0,0.0,0.0
2,4,0.0,0.032786883,0.19672132,0.032786883,0.73770493,0.0,0.0,0.0
2,4,0.0,0.032786883,0.19672132,0.032786883,0.73770493,0.0,0.0,0.0
2,4,0.0,0.032786883,0.19672132,0.032786883,0.73770493,0.0,0.0,0.0
2,4,0.0,0.032786883,0.19672132,0.032786883,0.73770493,0.0,0.0,0.0
2,4,0.0,0.032786883,0.19672132,0.032786883,0.73770493,0.0,0.0,0.0
2,4,0.0,0.033333335,0.26666668,0.033333335,0.6666667,0.0,0.0,0.0
2,4,0.0,0.033333335,0.26666668,0.033333335,0.6666667,0.0,0.0,0.0
2,4,0.0,0.033333335,0.3,0.016666668,0.65,0.0,0.0,0.0
2,4,0.0,0.033333335,0.3,0.016666668,0.65,0.0,0.0,0.0
2,4,0.0,0.033333335,0.3,0.016666668,0.65,0.0,0.0,0.0
2,4,0.0,0.033333335,0.3,0.016666668,0.65,0.0,0.0,0.0
2,4,0.0,0.033898305,0.30508474,0.016949153,0.6440678,0.0,0.0,0.0
2,4,0.0,0.033898305,0.30508474,0.016949153,0.6440678,0.0,0.0,0.0
2,4,0.0,0.033898305,0.30508474,0.016949153,0.6440678,0.0,0.0,0.0
2,4,0.0,0.033898305,0.30508474,0.016949153,0.6440678,0.0,0.0,0.0
2,4,0.0,0.033898305,0.30508474,0.016949153,0.6440678,0.0,0.0,0.0
2,4,0.0,0.033898305,0.30508474,0.016949153,0.6440678,0.0,0.0,0.0
2,4,0.0,0.033898305,0.30508474,0.016949153,0.62711865,0.0,0.016949153,0.0
2,4,0.0,0.033898305,0.30508474,0.016949153,0.62711865,0.0,0.016949153,0.0
2,4,0.0,0.033898305,0.30508474,0.016949153,0.62711865,0.0,0.016949153,0.0
2,4,0.0,0.033898305,0.30508474,0.016949153,0.62711865,0.0,0.016949153,0.0
2,4,0.0,0.033898305,0.37288135,0.016949153,0.5423729,0.0,0.016949153,0.016949153
2,4,0.0,0.033898305,0.37288135,0.016949153,0.5423729,0.0,0.016949153,0.016949153
2,4,0.0,0.033898305,0.3898305,0.016949153,0.5254237,0.0,0.016949153,0.016949153
2,4,0.0,0.033898305,0.3898305,0.016949153,0.5254237,0.0,0.016949153,0.016949153
2,4,0.0,0.033333335,0.43333334,0.016666668,0.48333332,0.0,0.016666668,0.016666668
2,4,0.0,0.033333335,0.43333334,0.016666668,0.48333332,0.0,0.016666668,0.016666668
2,4,0.0,0.033333335,0.43333334,0.016666668,0.48333332,0.0,0.016666668,0.016666668
2,4,0.0,0.033333335,0.43333334,0.016666668,0.48333332,0.0,0.016666668,0.016666668
2,4,0.0,0.033898305,0.44067797,0.016949153,0.45762712,0.0,0.016949153,0.033898305
2,4,0.0,0.033898305,0.44067797,0.016949153,0.45762712,0.0,0.016949153,0.033898305
2,4,0.0,0.033898305,0.44067797,0.016949153,0.45762712,0.0,0.016949153,0.033898305
2,4,0.0,0.033898305,0.44067797,0.016949153,0.45762712,0.0,0.016949153,0.033898305
2,4,0.0,0.033898305,0.44067797,0.016949153,0.45762712,0.0,0.016949153,0.033898305
2,2,0.0,0.033898305,0.47457626,0.016949153,0.42372882,0.0,0.016949153,0.033898305
2,2,0.0,0.033898305,0.47457626,0.016949153,0.42372882,0.0,0.016949153,0.033898305
2,2,0.0,0.033898305,0.47457626,0.016949153,0.42372882,0.0,0.016949153,0.033898305
2,2,0.0,0.033898305,0.5762712,0.033898305,0.30508474,0.0,0.016949153,0.033898305
2,2,0.0,0.033898305,0.5762712,0.033898305,0.30508474,0.0,0.016949153,0.033898305
2,2,0.0,0.033898305,0.5762712,0.033898305,0.30508474,0.0,0.016949153,0.033898305
2,2,0.0,0.033898305,0.5762712,0.033898305,0.30508474,0.0,0.016949153,0.033898305
2,2,0.0,0.033898305,0.5762712,0.033898305,0.30508474,0.0,0.016949153,0.033898305
2,2,0.0,0.033898305,0.5762712,0.033898305,0.30508474,0.0,0.016949153,0.033898305
2,2,0.0,0.033898305,0.5762712,0.033898305,0.30508474,0.0,0.016949153,0.033898305
2,2,0.0,0.033898305,0.5762712,0.033898305,0.30508474,0.0,0.016949153,0.033898305
2,2,0.0,0.033898305,0.5762712,0.033898305,0.30508474,0.0,0.016949153,0.033898305
2,2,0.0,0.033898305,0.5762712,0.033898305,0.30508474,0.0,0.016949153,0.033898305
2,2,0.0,0.033898305,0.59322035,0.033898305,0.2881356,0.0,0.016949153,0.033898305
2,2,0.0,0.033898305,0.59322035,0.033898305,0.2881356,0.0,0.016949153,0.033898305
2,2,0.0,0.032786883,0.6557377,0.032786883,0.19672132,0.0,0.032786883,0.04918033
2,2,0.0,0.032786883,0.6557377,0.032786883,0.19672132,0.0,0.032786883,0.04918033
2,2,0.0,0.032786883,0.6557377,0.032786883,0.19672132,0.0,0.032786883,0.04918033
2,2,0.0,0.032786883,0.6557377,0.032786883,0.19672132,0.0,0.032786883,0.04918033
2,2,0.0,0.032786883,0.6557377,0.032786883,0.19672132,0.0,0.032786883,0.04918033
2,2,0.0,0.032786883,0.6557377,0.032786883,0.19672132,0.0,0.032786883,0.04918033
2,2,0.0,0.032786883,0.6721311,0.032786883,0.18032786,0.0,0.032786883,0.04918033
2,2,0.0,0.032786883,0.6721311,0.032786883,0.18032786,0.0,0.032786883,0.04918033
2,2,0.0,0.032786883,0.6721311,0.032786883,0.18032786,0.0,0.032786883,0.04918033
2,2,0.0,0.032786883,0.6721311,0.032786883,0.18032786,0.0,0.032786883,0.04918033
2,2,0.0,0.032786883,0.6721311,0.032786883,0.18032786,0.0,0.032786883,0.04918033
2,2,0.0,0.032786883,0.6721311,0.032786883,0.18032786,0.0,0.032786883,0.04918033
2,2,0.0,0.032786883,0.704918,0.032786883,0.14754099,0.0,0.032786883,0.04918033
2,2,0.0,0.032786883,0.704918,0.032786883,0.14754099,0.0,0.032786883,0.04918033
2,2,0.0,0.032786883,0.72131145,0.032786883,0.13114753,0.0,0.032786883,0.04918033
2,2,0.0,0.032786883,0.72131145,0.032786883,0.13114753,0.0,0.032786883,0.04918033
2,2,0.0,0.032786883,0.72131145,0.032786883,0.13114753,0.0,0.032786883,0.04918033
2,2,0.0,0.04918033,0.72131145,0.032786883,0.114754096,0.0,0.032786883,0.04918033
1,2,0.0,0.04918033,0.72131145,0.032786883,0.114754096,0.0,0.032786883,0.04918033
1,2,0.0,0.04918033,0.72131145,0.032786883,0.114754096,0.0,0.032786883,0.04918033
1,2,0.016129032,0.032258064,0.8064516,0.016129032,0.048387095,0.0,0.032258064,0.048387095
1,2,0.016129032,0.032258064,0.8064516,0.016129032,0.048387095,0.0,0.032258064,0.048387095
1,2,0.016129032,0.032258064,0.8064516,0.016129032,0.048387095,0.0,0.032258064,0.048387095
1,2,0.016129032,0.032258064,0.8064516,0.016129032,0.048387095,0.0,0.032258064,0.048387095
1,2,0.016129032,0.032258064,0.8064516,0.016129032,0.048387095,0.0,0.032258064,0.048387095
1,2,0.016129032,0.032258064,0.8064516,0.016129032,0.048387095,0.0,0.032258064,0.048387095
1,2,0.016129032,0.032258064,0.8064516,0.016129032,0.048387095,0.0,0.032258064,0.048387095
1,2,0.016129032,0.032258064,0.8064516,0.016129032,0.048387095,0.0,0.032258064,0.048387095
1,2,0.016129032,0.032258064,0.83870965,0.016129032,0.032258064,0.0,0.032258064,0.032258064
1,2,0.016129032,0.032258064,0.83870965,0.016129032,0.032258064,0.0,0.032258064,0.032258064
1,2,0.016129032,0.032258064,0.8548387,0.016129032,0.016129032,0.0,0.032258064,0.032258064
1,2,0.016129032,0.032258064,0.8548387,0.016129032,0.016129032,0.0,0.032258064,0.032258064
1,2,0.016129032,0.032258064,0.8548387,0.016129032,0.016129032,0.0,0.032258064,0.032258064
1,2,0.016129032,0.032258064,0.8548387,0.016129032,0.016129032,0.0,0.032258064,0.032258064
1,2,0.016129032,0.032258064,0.8548387,0.016129032,0.016129032,0.0,0.032258064,0.032258064
1,2,0.016129032,0.032258064,0.8548387,0.016129032,0.016129032,0.0,0.032258064,0.032258064
1,2,0.0,0.032258064,0.8548387,0.016129032,0.016129032,0.0,0.032258064,0.048387095
1,2,0.0,0.032258064,0.8548387,0.016129032,0.016129032,0.0,0.032258064,0.048387095
1,2,0.0,0.016129032,0.87096775,0.016129032,0.016129032,0.0,0.032258064,0.048387095
1,2,0.0,0.016129032,0.87096775,0.016129032,0.016129032,0.0,0.032258064,0.048387095
1,2,0.0,0.016129032,0.87096775,0.016129032,0.016129032,0.0,0.032258064,0.048387095
1,2,0.0,0.016129032,0.87096775,0.016129032,0.016129032,0.0,0.032258064,0.048387095
1,2,0.0,0.016129032,0.87096775,0.016129032,0.016129032,0.0,0.032258064,0.048387095
1,2,0.0,0.016129032,0.87096775,0.016129032,0.016129032,0.0,0.032258064,0.048387095
1,2,0.0,0.015873017,0.8730159,0.015873017,0.015873017,0.0,0.031746034,0.04761905
1,2,0.0,0.015873017,0.8730159,0.015873017,0.015873017,0.0,0.031746034,0.04761905
1,2,0.0,0.015873017,0.8730159,0.015873017,0.015873017,0.0,0.031746034,0.04761905
1,2,0.0,0.015873017,0.8730159,0.015873017,0.015873017,0.0,0.031746034,0.04761905
1,2,0.0,0.015873017,0.8888889,0.015873017,0.0,0.0,0.031746034,0.04761905
1,2,0.0,0.015873017,0.8888889,0.015873017,0.0,0.0,0.031746034,0.04761905
1,2,0.0,0.015873017,0.8888889,0.015873017,0.0,0.0,0.031746034,0.04761905
1,2,0.0,0.015873017,0.8888889,0.015873017,0.0,0.0,0.031746034,0.04761905
1,2,0.0,0.015873017,0.9047619,0.0,0.0,0.0,0.031746034,0.04761905
1,2,0.0,0.015873017,0.9206349,0.0,0.0,0.0,0.015873017,0.04761905
1,2,0.0,0.015873017,0.9206349,0.0,0.0,0.0,0.015873017,0.04761905
1,2,0.0,0.015873017,0.9206349,0.0,0.0,0.0,0.015873017,0.04761905
1,2,0.0,0.015873017,0.9206349,0.0,0.0,0.0,0.015873017,0.04761905
1,2,0.0,0.015873017,0.9206349,0.0,0.0,0.0,0.015873017,0.04761905
1,2,0.0,0.015873017,0.9206349,0.0,0.0,0.0,0.015873017,0.04761905
1,2,0.0,0.015873017,0.9206349,0.0,0.0,0.0,0.015873017,0.04761905
1,2,0.0,0.015873017,0.9206349,0.0,0.0,0.0,0.015873017,0.04761905
1,2,0.0,0.015873017,0.9206349,0.0,0.0,0.0,0.015873017,0.04761905
1,2,0.0,0.015873017,0.9206349,0.0,0.0,0.0,0.015873017,0.04761905
1,2,0.0,0.015873017,0.9206349,0.0,0.0,0.0,0.015873017,0.04761905
1,2,0.0,0.015873017,0.9206349,0.0,0.0,0.0,0.015873017,0.04761905
1,2,0.0,0.015873017,0.9206349,0.0,0.0,0.0,0.015873017,0.04761905
1,2,0.0,0.015873017,0.9206349,0.0,0.0,0.0,0.015873017,0.04761905
1,2,0.0,0.015873017,0.9206349,0.0,0.0,0.0,0.015873017,0.04761905
1,2,0.0,0.015873017,0.9206349,0.0,0.0,0.0,0.015873017,0.04761905
1,2,0.0,0.015873017,0.9206349,0.0,0.0,0.0,0.015873017,0.04761905
1,2,0.0,0.015873017,0.9206349,0.0,0.0,0.0,0.015873017,0.04761905
1,2,0.0,0.015873017,0.9206349,0.0,0.0,0.0,0.015873017,0.04761905
1,2,0.0,0.015873017,0.93650794,0.0,0.0,0.0,0.0,0.04761905
1,2,0.0,0.015873017,0.93650794,0.0,0.0,0.0,0.0,0.04761905
1,2,0.0,0.015873017,0.93650794,0.0,0.0,0.0,0.0,0.04761905
1,2,0.0,0.015873017,0.93650794,0.0,0.0,0.0,0.0,0.04761905
1,2,0.0,0.015873017,0.9206349,0.0,0.0,0.0,0.0,0.06349207
1,2,0.0,0.015873017,0.9206349,0.0,0.0,0.0,0.0,0.06349207
1,2,0.0,0.015873017,0.9206349,0.0,0.0,0.0,0.0,0.06349207
1,2,0.0,0.015873017,0.9206349,0.0,0.0,0.0,0.0,0.06349207
1,2,0.0,0.015873017,0.9206349,0.0,0.0,0.0,0.0,0.06349207
1,2,0.0,0.015873017,0.9206349,0.0,0.0,0.0,0.0,0.06349207
1,2,0.0,0.015873017,0.9206349,0.0,0.0,0.0,0.0,0.06349207
1,2,0.0,0.015873017,0.9206349,0.0,0.0,0.0,0.0,0.06349207
1,2,0.0,0.015873017,0.9206349,0.0,0.0,0.0,0.0,0.06349207
1,2,0.0,0.015873017,0.9206349,0.0,0.0,0.0,0.0,0.06349207
1,2,0.0,0.015873017,0.9206349,0.0,0.0,0.0,0.0,0.06349207
1,2,0.0,0.015873017,0.9206349,0.0,0.0,0.0,0.0,0.06349207
1,2,0.0,0.015873017,0.9206349,0.0,0.0,0.0,0.0,0.06349207
1,2,0.0,0.015873017,0.9206349,0.0,0.0,0.0,0.0,0.06349207
1,2,0.0,0.015873017,0.9206349,0.0,0.0,0.0,0.0,0.06349207
1,2,0.0,0.015873017,0.9206349,0.0,0.0,0.0,0.0,0.06349207
1,2,0.0,0.015873017,0.9206349,0.0,0.0,0.0,0.0,0.06349207
1,2,0.0,0.015873017,0.9206349,0.0,0.0,0.0,0.0,0.06349207
1,2,0.0,0.015873017,0.9206349,0.0,0.0,0.0,0.0,0.06349207
1,2,0.0,0.015873017,0.9206349,0.0,0.0,0.0,0.0,0.06349207
1,2,0.0,0.015873017,0.9206349,0.0,0.0,0.0,0.0,0.06349207
1,2,0.0,0.015873017,0.9206349,0.0,0.0,0.0,0.0,0.06349207
1,2,0.0,0.015873017,0.9206349,0.0,0.0,0.0,0.0,0.06349207
1,2,0.0,0.015873017,0.9206349,0.0,0.0,0.0,0.0,0.06349207
1,2,0.0,0.015873017,0.95238096,0.0,0.0,0.0,0.0,0.031746034
1,2,0.0,0.015873017,0.95238096,0.0,0.0,0.0,0.0,0.031746034
1,2,0.0,0.015873017,0.95238096,0.0,0.0,0.0,0.0,0.031746034
1,2,0.0,0.015873017,0.95238096,0.0,0.0,0.0,0.0,0.031746034
1,2,0.0,0.015873017,0.95238096,0.0,0.0,0.0,0.0,0.031746034
1,2,0.0,0.015873017,0.95238096,0.0,0.0,0.0,0.0,0.031746034
1,2,0.0,0.015873017,0.95238096,0.0,0.0,0.0,0.0,0.031746034
1,2,0.0,0.015873017,0.95238096,0.0,0.0,0.0,0.0,0.031746034
1,2,0.0,0.015873017,0.95238096,0.0,0.0,0.0,0.0,0.031746034
1,2,0.0,0.015873017,0.95238096,0.0,0.0,0.0,0.0,0.031746034
1,2,0.0,0.015873017,0.95238096,0.0,0.0,0.0,0.0,0.031746034
1,2,0.0,0.015873017,0.95238096,0.0,0.0,0.0,0.0,0.031746034
1,2,0.0,0.015873017,0.95238096,0.0,0.0,0.0,0.0,0.031746034
1,2,0.0,0.015873017,0.95238096,0.0,0.0,0.0,0.0,0.031746034
1,2,0.0,0.015873017,0.95238096,0.0,0.0,0.0,0.0,0.031746034
1,2,0.0,0.015873017,0.95238096,0.0,0.0,0.0,0.0,0.031746034
1,2,0.0,0.015625,0.953125,0.0,0.0,0.0,0.0,0.03125
1,2,0.0,0.015625,0.953125,0.0,0.0,0.0,0.0,0.03125
1,2,0.0,0.015625,0.953125,0.0,0.0,0.0,0.0,0.03125
1,2,0.0,0.015625,0.953125,0.0,0.0,0.0,0.0,0.03125
1,2,0.0,0.015625,0.953125,0.0,0.0,0.0,0.0,0.03125
1,2,0.0,0.015625,0.953125,0.0,0.0,0.0,0.0,0.03125
1,2,0.0,0.015625,0.953125,0.0,0.0,0.0,0.0,0.03125
1,2,0.0,0.015625,0.953125,0.0,0.0,0.0,0.0,0.03125
1,2,0.0,0.015625,0.953125,0.0,0.0,0.0,0.0,0.03125
1,2,0.0,0.015625,0.953125,0.0,0.0,0.0,0.0,0.03125
1,2,0.0,0.015625,0.953125,0.0,0.0,0.0,0.0,0.03125
1,2,0.0,0.015625,0.953125,0.0,0.0,0.0,0.0,0.03125
1,2,0.0,0.015625,0.953125,0.0,0.0,0.0,0.0,0.03125
1,2,0.0,0.015625,0.953125,0.0,0.0,0.0,0.0,0.03125
1,2,0.0,0.015625,0.953125,0.0,0.0,0.0,0.0,0.03125
1,2,0.0,0.015625,0.953125,0.0,0.0,0.0,0.0,0.03125
1,2,0.0,0.015625,0.953125,0.0,0.0,0.0,0.0,0.03125
1,2,0.0,0.015625,0.953125,0.0,0.0,0.0,0.0,0.03125
1,2,0.0,0.015625,0.953125,0.0,0.0,0.0,0.0,0.03125
1,2,0.0,0.015625,0.953125,0.0,0.0,0.0,0.0,0.03125
1,2,0.0,0.015625,0.953125,0.0,0.0,0.0,0.0,0.03125
1,2,0.0,0.015625,0.953125,0.0,0.0,0.0,0.0,0.03125
1,2,0.0,0.015625,0.953125,0.0,0.0,0.0,0.0,0.03125
1,2,0.0,0.015625,0.953125,0.0,0.0,0.0,0.0,0.03125
1,2,0.0,0.015625,0.953125,0.0,0.0,0.0,0.0,0.03125
1,2,0.0,0.015625,0.953125,0.0,0.0,0.0,0.0,0.03125
1,2,0.0,0.015625,0.953125,0.0,0.0,0.0,0.0,0.03125
1,2,0.0,0.015625,0.953125,0.0,0.0,0.0,0.0,0.03125
1,2,0.0,0.015625,0.953125,0.0,0.0,0.0,0.0,0.03125
1,2,0.0,0.015625,0.953125,0.0,0.0,0.0,0.0,0.03125
1,2,0.0,0.015625,0.953125,0.0,0.0,0.0,0.0,0.03125
1,2,0.0,0.015625,0.953125,0.0,0.0,0.0,0.0,0.03125
1,2,0.0,0.015625,0.953125,0.0,0.0,0.0,0.0,0.03125
1,2,0.0,0.015625,0.953125,0.0,0.0,0.0,0.0,0.03125
1,2,0.0,0.015625,0.953125,0.0,0.0,0.0,0.0,0.03125
1,2,0.0,0.015625,0.953125,0.0,0.0,0.0,0.0,0.03125
1,2,0.0,0.015625,0.96875,0.0,0.0,0.0,0.0,0.015625
1,2,0.0,0.015625,0.96875,0.0,0.0,0.0,0.0,0.015625
1,2,0.0,0.015625,0.96875,0.0,0.0,0.0,0.0,0.015625
1,2,0.0,0.015625,0.96875,0.0,0.0,0.0,0.0,0.015625
1,2,0.0,0.015625,0.96875,0.0,0.0,0.0,0.0,0.015625
1,2,0.0,0.015625,0.96875,0.0,0.0,0.0,0.0,0.015625
1,2,0.0,0.015625,0.96875,0.0,0.0,0.0,0.0,0.015625
1,2,0.0,0.015625,0.96875,0.0,0.0,0.0,0.0,0.015625
1,2,0.0,0.015625,0.96875,0.0,0.0,0.0,0.0,0.015625
1,2,0.0,0.015625,0.96875,0.0,0.0,0.0,0.0,0.015625
1,2,0.0,0.015625,0.96875,0.0,0.0,0.0,0.0,0.015625
1,2,0.0,0.015625,0.96875,0.0,0.0,0.0,0.0,0.015625
1,2,0.0,0.015625,0.96875,0.0,0.0,0.0,0.0,0.015625
1,2,0.0,0.015625,0.96875,0.0,0.0,0.0,0.0,0.015625
1,2,0.0,0.015625,0.96875,0.0,0.0,0.0,0.0,0.015625
1,2,0.0,0.015625,0.96875,0.0,0.0,0.0,0.0,0.015625
1,2,0.0,0.015625,0.96875,0.0,0.0,0.0,0.0,0.015625
1,2,0.0,0.015625,0.96875,0.0,0.0,0.0,0.0,0.015625
1,2,0.0,0.015625,0.96875,0.0,0.0,0.0,0.0,0.015625
1,2,0.0,0.015625,0.96875,0.0,0.0,0.0,0.0,0.015625
1,2,0.0,0.015625,0.96875,0.0,0.0,0.0,0.0,0.015625
1,2,0.0,0.015625,0.96875,0.0,0.0,0.0,0.0,0.015625
1,2,0.0,0.015625,0.96875,0.0,0.0,0.0,0.0,0.015625
1,2,0.0,0.015625,0.96875,0.0,0.0,0.0,0.0,0.015625
1,2,0.0,0.015625,0.96875,0.0,0.0,0.0,0.0,0.015625
1,2,0.0,0.015625,0.96875,0.0,0.0,0.0,0.0,0.015625
1,2,0.0,0.015625,0.96875,0.0,0.0,0.0,0.0,0.015625
1,2,0.0,0.015625,0.96875,0.0,0.0,0.0,0.0,0.015625
1,2,0.0,0.015625,0.96875,0.0,0.0,0.0,0.0,0.015625
1,2,0.0,0.015625,0.96875,0.0,0.0,0.0,0.0,0.015625
1,2,0.0,0.015625,0.96875,0.0,0.0,0.0,0.0,0.015625
1,2,0.0,0.015625,0.96875,0.0,0.0,0.0,0.0,0.015625
1,2,0.0,0.015625,0.96875,0.0,0.0,0.0,0.0,0.015625
1,2,0.0,0.015625,0.96875,0.0,0.0,0.0,0.0,0.015625
1,2,0.0,0.015625,0.96875,0.0,0.0,0.0,0.0,0.015625
1,2,0.0,0.015625,0.96875,0.0,0.0,0.0,0.0,0.015625
1,2,0.0,0.015625,0.96875,0.0,0.0,0.0,0.0,0.015625
1,2,0.0,0.015625,0.96875,0.0,0.0,0.0,0.0,0.015625
1,2,0.0,0.015625,0.984375,0.0,0.0,0.0,0.0,0.0
1,2,0.0,0.015625,0.984375,0.0,0.0,0.0,0.0,0.0
1,2,0.0,0.015625,0.984375,0.0,0.0,0.0,0.0,0.0
1,2,0.0,0.015625,0.984375,0.0,0.0,0.0,0.0,0.0
1,2,0.0,0.015625,0.984375,0.0,0.0,0.0,0.0,0.0
1,2,0.0,0.015625,0.984375,0.0,0.0,0.0,0.0,0.0
1,2,0.0,0.015625,0.984375,0.0,0.0,0.0,0.0,0.0
1,2,0.0,0.015625,0.984375,0.0,0.0,0.0,0.0,0.0
1,2,0.0,0.015625,0.984375,0.0,0.0,0.0,0.0,0.0
1,2,0.0,0.015625,0.984375,0.0,0.0,0.0,0.0,0.0
1,2,0.0,0.015625,0.984375,0.0,0.0,0.0,0.0,0.0
1,2,0.0,0.015625,0.984375,0.0,0.0,0.0,0.0,0.0
1,2,0.0,0.015625,0.984375,0.0,0.0,0.0,0.0,0.0
1,2,0.0,0.015625,0.984375,0.0,0.0,0.0,0.0,0.0
1,2,0.0,0.015625,0.984375,0.0,0.0,0.0,0.0,0.0
1,2,0.0,0.015625,0.984375,0.0,0.0,0.0,0.0,0.0
1,2,0.0,0.015625,0.984375,0.0,0.0,0.0,0.0,0.0
1,2,0.0,0.015625,0.984375,0.0,0.0,0.0,0.0,0.0
1,2,0.0,0.015625,0.984375,0.0,0.0,0.0,0.0,0.0
1,2,0.0,0.015625,0.984375,0.0,0.0,0.0,0.0,0.0
1,2,0.0,0.015625,0.984375,0.0,0.0,0.0,0.0,0.0
1,2,0.0,0.015625,0.984375,0.0,0.0,0.0,0.0,0.0
1,2,0.0,0.015625,0.984375,0.0,0.0,0.0,0.0,0.0
1,2,0.0,0.015625,0.984375,0.0,0.0,0.0,0.0,0.0
1,2,0.0,0.015625,0.984375,0.0,0.0,0.0,0.0,0.0
1,2,0.0,0.015625,0.984375,0.0,0.0,0.0,0.0,0.0
1,2,0.0,0.015625,0.984375,0.0,0.0,0.0,0.0,0.0
1,2,0.0,0.015625,0.984375,0.0,0.0,0.0,0.0,0.0
1,2,0.0,0.015625,0.984375,0.0,0.0,0.0,0.0,0.0
1,2,0.0,0.015625,0.984375,0.0,0.0,0.0,0.0,0.0
1,2,0.0,0.015625,0.984375,0.0,0.0,0.0,0.0,0.0
1,2,0.0,0.015625,0.984375,0.0,0.0,0.0,0.0,0.0
1,2,0.0,0.015625,0.984375,0.0,0.0,0.0,0.0,0.0
1,2,0.0,0.015625,0.984375,0.0,0.0,0.0,0.0,0.0
1,2,0.0,0.015625,0.984375,0.0,0.0,0.0,0.0,0.0
1,2,0.0,0.015625,0.984375,0.0,0.0,0.0,0.0,0.0
1,2,0.0,0.015625,0.984375,0.0,0.0,0.0,0.0,0.0
1,2,0.0,0.015625,0.984375,0.0,0.0,0.0,0.0,0.0
1,2,0.0,0.015625,0.984375,0.0,0.0,0.0,0.0,0.0
1,2,0.0,0.015625,0.984375,0.0,0.0,0.0,0.0,0.0
1,2,0.0,0.015625,0.984375,0.0,0.0,0.0,0.0,0.0
1,2,0.0,0.015625,0.984375,0.0,0.0,0.0,0.0,0.0
1,2,0.0,0.015625,0.984375,0.0,0.0,0.0,0.0,0.0
1,2,0.0,0.015625,0.984375,0.0,0.0,0.0,0.0,0.0
1,2,0.0,0.015625,0.984375,0.0,0.0,0.0,0.0,0.0
1,2,0.0,0.015625,0.984375,0.0,0.0,0.0,0.0,0.0
1,2,0.0,0.015625,0.984375,0.0,0.0,0.0,0.0,0.0
1,2,0.0,0.015625,0.984375,0.0,0.0,0.0,0.0,0.0
1,2,0.0,0.015625,0.984375,0.0,0.0,0.0,0.0,0.0
1,2,0.0,0.015625,0.984375,0.0,0.0,0.0,0.0,0.0
1,2,0.0,0.015625,0.984375,0.0,0.0,0.0,0.0,0.0
1,2,0.0,0.015625,0.984375,0.0,0.0,0.0,0.0,0.0
1,2,0.0,0.015625,0.984375,0.0,0.0,0.0,0.0,0.0
1,2,0.0,0.015625,0.984375,0.0,0.0,0.0,0.0,0.0
1,2,0.0,0.015625,0.984375,0.0,0.0,0.0,0.0,0.0
1,2,0.0,0.015625,0.984375,0.0,0.0,0.0,0.0,0.0
1,2,0.0,0.015625,0.984375,0.0,0.0,0.0,0.0,0.0
1,2,0.0,0.015625,0.984375,0.0,0.0,0.0,0.0,0.0
1,2,0.0,0.015625,0.984375,0.0,0.0,0.0,0.0,0.0
1,2,0.0,0.015625,0.984375,0.0,0.0,0.0,0.0,0.0
1,2,0.0,0.015625,0.984375,0.0,0.0,0.0,0.0,0.0
1,2,0.0,0.015625,0.984375,0.0,0.0,0.0,0.0,0.0
1,2,0.0,0.0,1.0,0.0,0.0,0.0,0.0,0.0
1,2,0.0,0.0,1.0,0.0,0.0,0.0,0.0,0.0
1,2,0.0,0.0,1.0,0.0,0.0,0.0,0.0,0.0
1,2,0.0,0.0,1.0,0.0,0.0,0.0,0.0,0.0
1,2,0.0,0.0,1.0,0.0,0.0,0.0,0.0,0.0
1,2,0.0,0.0,1.0,0.0,0.0,0.0,0.0,0.0
1,2,0.0,0.0,1.0,0.0,0.0,0.0,0.0,0.0
1,2,0.0,0.0,1.0,0.0,0.0,0.0,0.0,0.0
1,2,0.0,0.0,1.0,0.0,0.0,0.0,0.0,0.0
1,2,0.0,0.0,1.0,0.0,0.0,0.0,0.0,0.0
1,2,0.0,0.0,1.0,0.0,0.0,0.0,0.0,0.0
1,2,0.0,0.0,1.0,0.0,0.0,0.0,0.0,0.0
1,2,0.0,0.0,1.0,0.0,0.0,0.0,0.0,0.0
1,2,0.0,0.0,1.0,0.0,0.0,0.0,0.0,0.0
1,2,0.0,0.0,1.0,0.0,0.0,0.0,0.0,0.0
1,2,0.0,0.0,1.0,0.0,0.0,0.0,0.0,0.0
1,2,0.0,0.0,1.0,0.0,0.0,0.0,0.0,0.0
1,2,0.0,0.0,1.0,0.0,0.0,0.0,0.0,0.0
1,2,0.0,0.0,1.0,0.0,0.0,0.0,0.0,0.0
1,2,0.0,0.0,1.0,0.0,0.0,0.0,0.0,0.0
1,2,0.0,0.0,1.0,0.0,0.0,0.0,0.0,0.0
1,2,0.0,0.0,1.0,0.0,0.0,0.0,0.0,0.0
1,2,0.0,0.0,1.0,0.0,0.0,0.0,0.0,0.0
1,2,0.0,0.0,1.0,0.0,0.0,0.0,0.0,0.0
1,2,0.0,0.0,1.0,0.0,0.0,0.0,0.0,0.0
1,2,0.0,0.0,1.0,0.0,0.0,0.0,0.0,0.0
1,2,0.0,0.0,1.0,0.0,0.0,0.0,0.0,0.0
1,2,0.0,0.0,1.0,0.0,0.0,0.0,0.0,0.0
1,2,0.0,0.0,1.0,0.0,0.0,0.0,0.0,0.0
1,2,0.0,0.0,1.0,0.0,0.0,0.0,0.0,0.0
1,2,0.0,0.0,1.0,0.0,0.0,0.0,0.0,0.0
1,2,0.0,0.0,1.0,0.0,0.0,0.0,0.0,0.0
1,2,0.0,0.0,1.0,0.0,0.0,0.0,0.0,0.0
1,2,0.0,0.0,1.0,0.0,0.0,0.0,0.0,0.0
1,2,0.0,0.0,1.0,0.0,0.0,0.0,0.0,0.0
1,2,0.0,0.0,1.0,0.0,0.0,0.0,0.0,0.0
1,2,0.0,0.0,1.0,0.0,0.0,0.0,0.0,0.0
1,2,0.0,0.0,1.0,0.0,0.0,0.0,0.0,0.0
1,2,0.0,0.0,1.0,0.0,0.0,0.0,0.0,0.0
1,2,0.0,0.0,1.0,0.0,0.0,0.0,0.0,0.0
1,2,0.0,0.0,1.0,0.0,0.0,0.0,0.0,0.0
1,2,0.0,0.0,1.0,0.0,0.0,0.0,0.0,0.0
1,2,0.0,0.0,1.0,0.0,0.0,0.0,0.0,0.0
1,2,0.0,0.0,1.0,0.0,0.0,0.0,0.0,0.0
1,2,0.0,0.0,1.0,0.0,0.0,0.0,0.0,0.0
1,2,0.0,0.0,1.0,0.0,0.0,0.0,0.0,0.0
1,2,0.0,0.0,1.0,0.0,0.0,0.0,0.0,0.0
1,2,0.0,0.0,1.0,0.0,0.0,0.0,0.0,0.0
1,2,0.0,0.0,1.0,0.0,0.0,0.0,0.0,0.0
1,2,0.0,0.0,1.0,0.0,0.0,0.0,0.0,0.0
1,2,0.0,0.0,1.0,0.0,0.0,0.0,0.0,0.0
1,2,0.0,0.0,1.0,0.0,0.0,0.0,0.0,0.0
1,2,0.0,0.0,1.0,0.0,0.0,0.0,0.0,0.0
1,2,0.0,0.0,1.0,0.0,0.0,0.0,0.0,0.0
1,2,0.0,0.0,1.0,0.0,0.0,0.0,0.0,0.0
1,2,0.0,0.0,1.0,0.0,0.0,0.0,0.0,0.0
1,2,0.0,0.0,1.0,0.0,0.0,0.0,0.0,0.0
1,2,0.0,0.0,1.0,0.0,0.0,0.0,0.0,0.0
1,2,0.0,0.0,1.0,0.0,0.0,0.0,0.0,0.0
1,2,0.0,0.0,1.0,0.0,0.0,0.0,0.0,0.0
1,2,0.0,0.0,1.0,0.0,0.0,0.0,0.0,0.0
1,2,0.0,0.0,1.0,0.0,0.0,0.0,0.0,0.0
1,2,0.0,0.0,1.0,0.0,0.0,0.0,0.0,0.0
1,2,0.0,0.0,1.0,0.0,0.0,0.0,0.0,0.0
1,2,0.0,0.0,1.0,0.0,0.0,0.0,0.0,0.0
1,2,0.0,0.0,1.0,0.0,0.0,0.0,0.0,0.0
1,2,0.0,0.0,1.0,0.0,0.0,0.0,0.0,0.0
1,2,0.0,0.0,1.0,0.0,0.0,0.0,0.0,0.0
1,2,0.0,0.0,1.0,0.0,0.0,0.0,0.0,0.0
1,2,0.0,0.0,1.0,0.0,0.0,0.0,0.0,0.0
1,2,0.0,0.0,1.0,0.0,0.0,0.0,0.0,0.0
1,2,0.0,0.0,1.0,0.0,0.0,0.0,0.0,0.0
1,2,0.0,0.0,1.0,0.0,0.0,0.0,0.0,0.0
1,2,0.0,0.0,1.0,0.0,0.0,0.0,0.0,0.0
1,2,0.0,0.0,1.0,0.0,0.0,0.0,0.0,0.0
1,2,0.0,0.0,1.0,0.0,0.0,0.0,0.0,0.0
1,2,0.0,0.0,1.0,0.0,0.0,0.0,0.0,0.0
1,2,0.0,0.0,1.0,0.0,0.0,0.0,0.0,0.0
1,2,0.0,0.0,1.0,0.0,0.0,0.0,0.0,0.0
1,2,0.0,0.0,1.0,0.0,0.0,0.0,0.0,0.0
1,2,0.0,0.0,1.0,0.0,0.0,0.0,0.0,0.0
1,2,0.0,0.0,1.0,0.0,0.0,0.0,0.0,0.0
1,2,0.0,0.0,1.0,0.0,0.0,0.0,0.0,0.0
1,2,0.0,0.0,1.0,0.0,0.0,0.0,0.0,0.0
1,2,0.0,0.0,1.0,0.0,0.0,0.0,0.0,0.0
1,2,0.0,0.0,1.0,0.0,0.0,0.0,0.0,0.0
1,2,0.0,0.0,1.0,0.0,0.0,0.0,0.0,0.0
1,2,0.0,0.0,1.0,0.0,0.0,0.0,0.0,0.0
1,2,0.0,0.0,1.0,0.0,0.0,0.0,0.0,0.0
1,2,0.0,0.0,1.0,0.0,0.0,0.0,0.0,0.0
1,2,0.0,0.0,1.0,0.0,0.0,0.0,0.0,0.0
1,2,0.0,0.0,1.0,0.0,0.0,0.0,0.0,0.0
1,2,0.0,0.0,1.0,0.0,0.0,0.0,0.0,0.0
1,2,0.0,0.0,1.0,0.0,0.0,0.0,0.0,0.0
1,2,0.0,0.0,1.0,0.0,0.0,0.0,0.0,0.0
1,2,0.0,0.0,1.0,0.0,0.0,0.0,0.0,0.0
1,2,0.0,0.0,1.0,0.0,0.0,0.0,0.0,0.0
1,2,0.0,0.0,1.0,0.0,0.0,0.0,0.0,0.0
1,2,0.0,0.0,1.0,0.0,0.0,0.0,0.0,0.0
1,2,0.0,0.0,1.0,0.0,0.0,0.0,0.0,0.0
1,2,0.0,0.0,1.0,0.0,0.0,0.0,0.0,0.0
1,2,0.0,0.0,1.0,0.0,0.0,0.0,0.0,0.0
1,2,0.0,0.0,1.0,0.0,0.0,0.0,0.0,0.0
1,2,0.0,0.0,1.0,0.0,0.0,0.0,0.0,0.0
1,2,0.0,0.0,1.0,0.0,0.0,0.0,0.0,0.0
1,2,0.0,0.0,1.0,0.0,0.0,0.0,0.0,0.0
1,2,0.0,0.0,1.0,0.0,0.0,0.0,0.0,0.0
1,2,0.0,0.0,1.0,0.0,0.0,0.0,0.0,0.0
1,2,0.0,0.0,1.0,0.0,0.0,0.0,0.0,0.0
1,2,0.0,0.0,1.0,0.0,0.0,0.0,0.0,0.0
1,2,0.0,0.0,1.0,0.0,0.0,0.0,0.0,0.0
1,2,0.0,0.0,1.0,0.0,0.0,0.0,0.0,0.0
1,2,0.0,0.0,0.984375,0.0,0.0,0.0,0.0,0.015625
1,2,0.0,0.0,0.984375,0.0,0.0,0.0,0.0,0.015625
1,2,0.0,0.0,0.984375,0.0,0.0,0.0,0.0,0.015625
1,2,0.0,0.0,0.984375,0.0,0.0,0.0,0.0,0.015625
1,2,0.0,0.0,0.984375,0.0,0.0,0.0,0.0,0.015625
1,2,0.0,0.0,0.984375,0.0,0.0,0.0,0.0,0.015625
1,2,0.0,0.0,0.984375,0.0,0.0,0.0,0.0,0.015625
1,2,0.0,0.0,0.984375,0.0,0.0,0.0,0.0,0.015625
1,2,0.0,0.0,0.984375,0.0,0.0,0.0,0.0,0.015625
1,2,0.0,0.0,0.984375,0.0,0.0,0.0,0.0,0.015625
1,2,0.0,0.0,0.984375,0.0,0.0,0.0,0.0,0.015625
1,2,0.0,0.0,0.984375,0.0,0.0,0.0,0.0,0.015625
1,2,0.0,0.0,0.984375,0.0,0.0,0.0,0.0,0.015625
1,2,0.0,0.0,0.984375,0.0,0.0,0.0,0.0,0.015625
1,2,0.0,0.0,0.984375,0.0,0.0,0.0,0.0,0.015625
1,2,0.0,0.0,0.984375,0.0,0.0,0.0,0.0,0.015625
1,2,0.0,0.0,0.984375,0.0,0.0,0.0,0.0,0.015625
1,2,0.0,0.0,0.984375,0.0,0.0,0.0,0.0,0.015625
1,2,0.0,0.0,0.984375,0.0,0.0,0.0,0.0,0.015625
1,2,0.0,0.0,0.984375,0.0,0.0,0.0,0.0,0.015625
1,2,0.0,0.0,0.984375,0.0,0.0,0.0,0.0,0.015625
1,2,0.0,0.0,0.984375,0.0,0.0,0.0,0.0,0.015625
1,2,0.0,0.0,0.984375,0.0,0.0,0.0,0.0,0.015625
1,2,0.0,0.0,0.984375,0.0,0.0,0.0,0.0,0.015625
1,2,0.0,0.0,0.984375,0.0,0.0,0.0,0.0,0.015625
1,2,0.0,0.0,0.984375,0.0,0.0,0.0,0.0,0.015625
1,2,0.0,0.0,0.984375,0.0,0.0,0.0,0.0,0.015625
1,2,0.0,0.0,0.984375,0.0,0.0,0.0,0.0,0.015625
1,2,0.0,0.0,0.984375,0.0,0.0,0.0,0.0,0.015625
1,2,0.0,0.0,0.984375,0.0,0.0,0.0,0.0,0.015625
1,2,0.0,0.0,0.984375,0.0,0.0,0.0,0.0,0.015625
1,2,0.0,0.0,0.984375,0.0,0.0,0.0,0.0,0.015625
1,2,0.0,0.0,0.984375,0.0,0.0,0.0,0.0,0.015625
1,2,0.0,0.0,0.984375,0.0,0.0,0.0,0.0,0.015625
1,2,0.0,0.0,0.984375,0.0,0.0,0.0,0.0,0.015625
1,2,0.0,0.0,0.984375,0.0,0.0,0.0,0.0,0.015625
1,2,0.0,0.0,0.984375,0.0,0.0,0.0,0.0,0.015625
1,2,0.0,0.0,0.984375,0.0,0.0,0.0,0.0,0.015625
1,2,0.0,0.0,0.984375,0.0,0.0,0.0,0.0,0.015625
1,2,0.0,0.0,0.984375,0.0,0.0,0.0,0.0,0.015625
1,2,0.0,0.0,0.984375,0.0,0.0,0.0,0.0,0.015625
1,2,0.0,0.0,0.984375,0.0,0.0,0.0,0.0,0.015625
1,2,0.0,0.0,0.984375,0.0,0.0,0.0,0.0,0.015625
1,2,0.0,0.0,0.984375,0.0,0.0,0.0,0.0,0.015625
1,2,0.0,0.0,0.984375,0.0,0.0,0.0,0.0,0.015625
1,2,0.0,0.0,0.984375,0.0,0.0,0.0,0.0,0.015625
1,2,0.0,0.0,0.984375,0.0,0.0,0.0,0.0,0.015625
1,2,0.0,0.0,0.984375,0.0,0.0,0.0,0.0,0.015625
1,2,0.0,0.0,0.984375,0.0,0.0,0.0,0.0,0.015625
1,2,0.0,0.0,0.984375,0.0,0.0,0.0,0.0,0.015625
1,2,0.0,0.0,0.984375,0.0,0.0,0.0,0.0,0.015625
1,2,0.0,0.0,0.984375,0.0,0.0,0.0,0.0,0.015625
1,2,0.0,0.0,0.984375,0.0,0.0,0.0,0.0,0.015625
1,2,0.0,0.0,0.984375,0.0,0.0,0.0,0.0,0.015625
1,2,0.0,0.0,0.984375,0.0,0.0,0.0,0.0,0.015625
1,2,0.0,0.0,0.984375,0.0,0.0,0.0,0.0,0.015625
1,2,0.0,0.0,1.0,0.0,0.0,0.0,0.0,0.0
1,2,0.0,0.0,1.0,0.0,0.0,0.0,0.0,0.0
1,2,0.0,0.0,1.0,0.0,0.0,0.0,0.0,0.0
1,2,0.0,0.0,1.0,0.0,0.0,0.0,0.0,0.0
1,2,0.0,0.0,1.0,0.0,0.0,0.0,0.0,0.0
1,2,0.0,0.0,1.0,0.0,0.0,0.0,0.0,0.0
1,2,0.0,0.0,1.0,0.0,0.0,0.0,0.0,0.0
1,2,0.0,0.0,1.0,0.0,0.0,0.0,0.0,0.0
1,2,0.0,0.0,1.0,0.0,0.0,0.0,0.0,0.0
1,2,0.0,0.0,1.0,0.0,0.0,0.0,0.0,0.0
1,2,0.0,0.0,1.0,0.0,0.0,0.0,0.0,0.0
1,2,0.0,0.0,1.0,0.0,0.0,0.0,0.0,0.0
1,2,0.0,0.0,1.0,0.0,0.0,0.0,0.0,0.0
1,2,0.0,0.0,1.0,0.0,0.0,0.0,0.0,0.0
1,2,0.0,0.0,1.0,0.0,0.0,0.0,0.0,0.0
1,2,0.0,0.0,1.0,0.0,0.0,0.0,0.0,0.0
1,2,0.0,0.0,1.0,0.0,0.0,0.0,0.0,0.0
1,2,0.0,0.0,1.0,0.0,0.0,0.0,0.0,0.0
1,2,0.0,0.0,1.0,0.0,0.0,0.0,0.0,0.0
1,2,0.0,0.0,1.0,0.0,0.0,0.0,0.0,0.0
1,2,0.0,0.0,1.0,0.0,0.0,0.0,0.0,0.0
1,2,0.0,0.0,1.0,0.0,0.0,0.0,0.0,0.0
1,2,0.0,0.0,1.0,0.0,0.0,0.0,0.0,0.0
1,2,0.0,0.0,1.0,0.0,0.0,0.0,0.0,0.0
1,2,0.0,0.0,1.0,0.0,0.0,0.0,0.0,0.0
1,2,0.0,0.0,1.0,0.0,0.0,0.0,0.0,0.0
1,2,0.0,0.0,1.0,0.0,0.0,0.0,0.0,0.0
1,2,0.0,0.0,1.0,0.0,0.0,0.0,0.0,0.0
1,2,0.0,0.0,1.0,0.0,0.0,0.0,0.0,0.0
1,2,0.0,0.0,1.0,0.0,0.0,0.0,0.0,0.0
1,2,0.0,0.0,1.0,0.0,0.0,0.0,0.0,0.0
1,2,0.0,0.0,1.0,0.0,0.0,0.0,0.0,0.0
1,2,0.0,0.0,0.984375,0.0,0.0,0.0,0.0,0.015625
1,2,0.0,0.0,0.984375,0.0,0.0,0.0,0.0,0.015625
1,2,0.0,0.0,0.984375,0.0,0.0,0.0,0.0,0.015625
1,2,0.0,0.0,0.984375,0.0,0.0,0.0,0.0,0.015625
1,2,0.0,0.0,0.984375,0.0,0.0,0.0,0.0,0.015625
1,2,0.0,0.0,0.984375,0.0,0.0,0.0,0.0,0.015625
1,2,0.0,0.0,0.984375,0.0,0.0,0.0,0.0,0.015625
1,2,0.0,0.0,0.984375,0.0,0.0,0.0,0.0,0.015625
1,2,0.0,0.0,0.984375,0.0,0.0,0.0,0.0,0.015625
1,2,0.0,0.0,0.984375,0.0,0.0,0.0,0.0,0.015625
1,2,0.0,0.0,0.984375,0.0,0.0,0.0,0.0,0.015625
1,2,0.0,0.0,0.984375,0.0,0.0,0.0,0.0,0.015625
1,2,0.0,0.0,0.984375,0.0,0.0,0.0,0.0,0.015625
1,2,0.0,0.0,0.984375,0.0,0.0,0.0,0.0,0.015625
1,2,0.0,0.0,0.984375,0.0,0.0,0.0,0.0,0.015625
1,2,0.0,0.0,0.984375,0.0,0.0,0.0,0.0,0.015625
1,2,0.0,0.0,0.984375,0.0,0.0,0.0,0.0,0.015625
1,2,0.0,0.0,0.984375,0.0,0.0,0.0,0.0,0.015625
1,2,0.0,0.0,0.984375,0.0,0.0,0.0,0.0,0.015625
1,2,0.0,0.0,0.984375,0.0,0.0,0.0,0.0,0.015625
1,2,0.0,0.0,0.984375,0.0,0.0,0.0,0.0,0.015625
1,2,0.0,0.0,0.984375,0.0,0.0,0.0,0.0,0.015625
1,2,0.0,0.0,0.984375,0.0,0.0,0.0,0.0,0.015625
1,2,0.0,0.0,0.984375,0.0,0.0,0.0,0.0,0.015625
1,2,0.0,0.0,0.984375,0.0,0.0,0.0,0.0,0.015625
1,2,0.0,0.0,0.984375,0.0,0.0,0.0,0.0,0.015625
1,2,0.0,0.0,0.984375,0.0,0.0,0.0,0.0,0.015625
1,2,0.0,0.0,0.984375,0.0,0.0,0.0,0.0,0.015625
1,2,0.0,0.0,0.984375,0.0,0.0,0.0,0.0,0.015625
1,2,0.0,0.0,0.984375,0.0,0.0,0.0,0.0,0.015625
1,2,0.0,0.0,0.984375,0.0,0.0,0.0,0.0,0.015625
1,2,0.0,0.0,0.984375,0.0,0.0,0.0,0.0,0.015625
1,2,0.0,0.0,0.984375,0.0,0.0,0.0,0.0,0.015625
1,2,0.0,0.0,0.984375,0.0,0.0,0.0,0.0,0.015625
1,2,0.0,0.0,0.984375,0.0,0.0,0.0,0.0,0.015625
1,2,0.0,0.0,0.984375,0.0,0.0,0.0,0.0,0.015625
1,2,0.0,0.0,0.984375,0.0,0.0,0.0,0.0,0.015625
1,2,0.0,0.0,0.984375,0.0,0.0,0.0,0.0,0.015625
1,2,0.0,0.0,0.984375,0.0,0.0,0.0,0.0,0.015625
1,2,0.0,0.0,0.984375,0.0,0.0,0.0,0.0,0.015625
1,2,0.0,0.0,0.984375,0.0,0.0,0.0,0.0,0.015625
1,2,0.0,0.0,0.984375,0.0,0.0,0.0,0.0,0.015625
1,2,0.0,0.0,0.984375,0.0,0.0,0.0,0.0,0.015625
1,2,0.0,0.0,0.984375,0.0,0.0,0.0,0.0,0.015625
1,2,0.0,0.0,0.984375,0.0,0.0,0.0,0.0,0.015625
1,2,0.0,0.0,0.984375,0.0,0.0,0.0,0.0,0.015625
1,2,0.0,0.0,0.984375,0.0,0.0,0.0,0.0,0.015625
1,2,0.0,0.0,0.984375,0.0,0.0,0.0,0.0,0.015625
1,2,0.0,0.0,1.0,0.0,0.0,0.0,0.0,0.0
1,2,0.0,0.0,1.0,0.0,0.0,0.0,0.0,0.0
1,2,0.0,0.0,1.0,0.0,0.0,0.0,0.0,0.0
1,2,0.0,0.0,1.0,0.0,0.0,0.0,0.0,0.0
1,2,0.0,0.0,1.0,0.0,0.0,0.0,0.0,0.0
1,2,0.0,0.0,1.0,0.0,0.0,0.0,0.0,0.0
1,2,0.0,0.0,1.0,0.0,0.0,0.0,0.0,0.0
1,2,0.0,0.0,1.0,0.0,0.0,0.0,0.0,0.0
1,2,0.0,0.0,1.0,0.0,0.0,0.0,0.0,0.0
1,2,0.0,0.0,1.0,0.0,0.0,0.0,0.0,0.0
1,2,0.0,0.0,1.0,0.0,0.0,0.0,0.0,0.0
1,2,0.0,0.0,1.0,0.0,0.0,0.0,0.0,0.0
1,2,0.0,0.0,1.0,0.0,0.0,0.0,0.0,0.0
1,2,0.0,0.0,1.0,0.0,0.0,0.0,0.0,0.0
1,2,0.0,0.0,1.0,0.0,0.0,0.0,0.0,0.0
1,2,0.0,0.0,1.0,0.0,0.0,0.0,0.0,0.0
1,2,0.0,0.0,1.0,0.0,0.0,0.0,0.0,0.0
1,2,0.0,0.0,1.0,0.0,0.0,0.0,0.0,0.0
1,2,0.0,0.0,1.0,0.0,0.0,0.0,0.0,0.0
1,2,0.0,0.0,1.0,0.0,0.0,0.0,0.0,0.0
1,2,0.0,0.0,1.0,0.0,0.0,0.0,0.0,0.0
1,2,0.0,0.0,1.0,0.0,0.0,0.0,0.0,0.0
1,2,0.0,0.0,1.0,0.0,0.0,0.0,0.0,0.0
1,2,0.0,0.0,1.0,0.0,0.0,0.0,0.0,0.0
1,2,0.0,0.0,1.0,0.0,0.0,0.0,0.0,0.0
1,2,0.0,0.0,1.0,0.0,0.0,0.0,0.0,0.0
1,2,0.0,0.0,1.0,0.0,0.0,0.0,0.0,0.0
1,2,0.0,0.0,1.0,0.0,0.0,0.0,0.0,0.0
1,2,0.0,0.0,1.0,0.0,0.0,0.0,0.0,0.0
1,2,0.0,0.0,1.0,0.0,0.0,0.0,0.0,0.0
1,2,0.0,0.0,1.0,0.0,0.0,0.0,0.0,0.0
1,2,0.0,0.0,1.0,0.0,0.0,0.0,0.0,0.0
1,2,0.0,0.0,1.0,0.0,0.0,0.0,0.0,0.0
1,2,0.0,0.0,1.0,0.0,0.0,0.0,0.0,0.0
1,2,0.0,0.0,1.0,0.0,0.0,0.0,0.0,0.0
1,2,0.0,0.0,1.0,0.0,0.0,0.0,0.0,0.0
1,2,0.0,0.0,1.0,0.0,0.0,0.0,0.0,0.0
1,2,0.0,0.0,1.0,0.0,0.0,0.0,0.0,0.0
1,2,0.0,0.0,1.0,0.0,0.0,0.0,0.0,0.0
1,2,0.0,0.0,1.0,0.0,0.0,0.0,0.0,0.0
1,2,0.0,0.0,1.0,0.0,0.0,0.0,0.0,0.0
1,2,0.0,0.0,1.0,0.0,0.0,0.0,0.0,0.0
1,2,0.0,0.0,1.0,0.0,0.0,0.0,0.0,0.0
1,2,0.0,0.0,1.0,0.0,0.0,0.0,0.0,0.0
1,2,0.0,0.0,1.0,0.0,0.0,0.0,0.0,0.0
1,2,0.0,0.0,1.0,0.0,0.0,0.0,0.0,0.0
1,2,0.0,0.0,1.0,0.0,0.0,0.0,0.0,0.0
1,2,0.0,0.0,1.0,0.0,0.0,0.0,0.0,0.0
1,2,0.0,0.0,1.0,0.0,0.0,0.0,0.0,0.0
1,2,0.0,0.0,1.0,0.0,0.0,0.0,0.0,0.0
1,2,0.0,0.0,1.0,0.0,0.0,0.0,0.0,0.0
1,2,0.0,0.0,1.0,0.0,0.0,0.0,0.0,0.0
1,2,0.0,0.0,1.0,0.0,0.0,0.0,0.0,0.0
1,2,0.0,0.0,1.0,0.0,0.0,0.0,0.0,0.0
1,2,0.0,0.0,1.0,0.0,0.0,0.0,0.0,0.0
1,2,0.0,0.0,1.0,0.0,0.0,0.0,0.0,0.0
1,2,0.0,0.0,1.0,0.0,0.0,0.0,0.0,0.0
1,2,0.0,0.0,1.0,0.0,0.0,0.0,0.0,0.0
1,2,0.0,0.0,1.0,0.0,0.0,0.0,0.0,0.0
1,2,0.0,0.0,1.0,0.0,0.0,0.0,0.0,0.0
1,2,0.0,0.0,1.0,0.0,0.0,0.0,0.0,0.0
1,2,0.0,0.0,1.0,0.0,0.0,0.0,0.0,0.0
1,2,0.0,0.0,1.0,0.0,0.0,0.0,0.0,0.0
1,2,0.0,0.0,1.0,0.0,0.0,0.0,0.0,0.0
1,2,0.0,0.0,1.0,0.0,0.0,0.0,0.0,0.0
1,2,0.0,0.0,1.0,0.0,0.0,0.0,0.0,0.0
1,2,0.0,0.0,1.0,0.0,0.0,0.0,0.0,0.0
1,2,0.0,0.0,1.0,0.0,0.0,0.0,0.0,0.0
1,2,0.0,0.0,1.0,0.0,0.0,0.0,0.0,0.0
1,2,0.0,0.0,1.0,0.0,0.0,0.0,0.0,0.0
1,2,0.0,0.0,1.0,0.0,0.0,0.0,0.0,0.0
1,2,0.0,0.0,1.0,0.0,0.0,0.0,0.0,0.0
1,2,0.0,0.0,1.0,0.0,0.0,0.0,0.0,0.0
1,2,0.0,0.0,1.0,0.0,0.0,0.0,0.0,0.0
1,2,0.0,0.0,1.0,0.0,0.0,0.0,0.0,0.0
1,2,0.0,0.0,1.0,0.0,0.0,0.0,0.0,0.0
1,2,0.0,0.0,1.0,0.0,0.0,0.0,0.0,0.0
1,2,0.0,0.0,1.0,0.0,0.0,0.0,0.0,0.0
1,2,0.0,0.0,1.0,0.0,0.0,0.0,0.0,0.0
1,2,0.0,0.0,1.0,0.0,0.0,0.0,0.0,0.0
1,2,0.0,0.0,1.0,0.0,0.0,0.0,0.0,0.0
1,2,0.0,0.0,1.0,0.0,0.0,0.0,0.0,0.0
1,2,0.0,0.0,1.0,0.0,0.0,0.0,0.0,0.0
1,2,0.0,0.0,1.0,0.0,0.0,0.0,0.0,0.0
1,2,0.0,0.0,1.0,0.0,0.0,0.0,0.0,0.0
1,2,0.0,0.0,1.0,0.0,0.0,0.0,0.0,0.0
1,2,0.0,0.0,1.0,0.0,0.0,0.0,0.0,0.0
1,2,0.0,0.0,1.0,0.0,0.0,0.0,0.0,0.0
1,2,0.0,0.0,1.0,0.0,0.0,0.0,0.0,0.0
1,2,0.0,0.0,1.0,0.0,0.0,0.0,0.0,0.0
1,2,0.0,0.0,1.0,0.0,0.0,0.0,0.0,0.0
1,2,0.0,0.0,1.0,0.0,0.0,0.0,0.0,0.0
1,2,0.0,0.0,1.0,0.0,0.0,0.0,0.0,0.0
1,2,0.0,0.0,1.0,0.0,0.0,0.0,0.0,0.0
1,2,0.0,0.0,1.0,0.0,0.0,0.0,0.0,0.0
1,2,0.0,0.0,1.0,0.0,0.0,0.0,0.0,0.0
1,2,0.0,0.0,1.0,0.0,0.0,0.0,0.0,0.0
1,2,0.0,0.0,1.0,0.0,0.0,0.0,0.0,0.0
1,2,0.0,0.0,1.0,0.0,0.0,0.0,0.0,0.0
1,2,0.0,0.0,1.0,0.0,0.0,0.0,0.0,0.0
1,2,0.0,0.0,1.0,0.0,0.0,0.0,0.0,0.0
1,2,0.0,0.0,1.0,0.0,0.0,0.0,0.0,0.0
1,2,0.0,0.0,1.0,0.0,0.0,0.0,0.0,0.0
1,2,0.0,0.0,1.0,0.0,0.0,0.0,0.0,0.0
1,2,0.0,0.0,1.0,0.0,0.0,0.0,0.0,0.0
1,2,0.0,0.0,1.0,0.0,0.0,0.0,0.0,0.0
1,2,0.0,0.0,1.0,0.0,0.0,0.0,0.0,0.0
1,2,0.0,0.0,1.0,0.0,0.0,0.0,0.0,0.0
1,2,0.0,0.0,1.0,0.0,0.0,0.0,0.0,0.0
1,2,0.0,0.0,1.0,0.0,0.0,0.0,0.0,0.0
1,2,0.0,0.0,1.0,0.0,0.0,0.0,0.0,0.0
1,2,0.0,0.0,1.0,0.0,0.0,0.0,0.0,0.0
1,2,0.0,0.0,1.0,0.0,0.0,0.0,0.0,0.0
1,2,0.0,0.0,1.0,0.0,0.0,0.0,0.0,0.0
1,2,0.0,0.0,1.0,0.0,0.0,0.0,0.0,0.0
1,2,0.0,0.0,1.0,0.0,0.0,0.0,0.0,0.0
1,2,0.0,0.0,1.0,0.0,0.0,0.0,0.0,0.0
1,2,0.0,0.0,1.0,0.0,0.0,0.0,0.0,0.0
1,2,0.0,0.0,1.0,0.0,0.0,0.0,0.0,0.0
1,2,0.0,0.0,1.0,0.0,0.0,0.0,0.0,0.0
1,2,0.0,0.0,1.0,0.0,0.0,0.0,0.0,0.0
1,2,0.0,0.0,1.0,0.0,0.0,0.0,0.0,0.0
1,2,0.0,0.0,1.0,0.0,0.0,0.0,0.0,0.0
1,2,0.0,0.0,1.0,0.0,0.0,0.0,0.0,0.0
1,2,0.0,0.0,1.0,0.0,0.0,0.0,0.0,0.0
1,2,0.0,0.0,1.0,0.0,0.0,0.0,0.0,0.0
1,2,0.0,0.0,1.0,0.0,0.0,0.0,0.0,0.0
1,2,0.0,0.0,1.0,0.0,0.0,0.0,0.0,0.0
1,2,0.0,0.0,1.0,0.0,0.0,0.0,0.0,0.0
1,2,0.0,0.0,1.0,0.0,0.0,0.0,0.0,0.0
1,2,0.0,0.0,1.0,0.0,0.0,0.0,0.0,0.0
1,2,0.0,0.0,1.0,0.0,0.0,0.0,0.0,0.0
1,2,0.0,0.0,1.0,0.0,0.0,0.0,0.0,0.0
1,2,0.0,0.0,1.0,0.0,0.0,0.0,0.0,0.0
1,2,0.0,0.0,1.0,0.0,0.0,0.0,0.0,0.0
1,2,0.0,0.0,1.0,0.0,0.0,0.0,0.0,0.0
1,2,0.0,0.0,1.0,0.0,0.0,0.0,0.0,0.0
1,2,0.0,0.0,1.0,0.0,0.0,0.0,0.0,0.0
1,2,0.0,0.0,1.0,0.0,0.0,0.0,0.0,0.0
1,2,0.0,0.0,1.0,0.0,0.0,0.0,0.0,0.0
1,2,0.0,0.0,1.0,0.0,0.0,0.0,0.0,0.0
1,2,0.0,0.0,1.0,0.0,0.0,0.0,0.0,0.0
1,2,0.0,0.0,1.0,0.0,0.0,0.0,0.0,0.0
1,2,0.0,0.0,1.0,0.0,0.0,0.0,0.0,0.0
1,2,0.0,0.0,1.0,0.0,0.0,0.0,0.0,0.0
1,2,0.0,0.0,1.0,0.0,0.0,0.0,0.0,0.0
1,2,0.0,0.0,1.0,0.0,0.0,0.0,0.0,0.0
1,2,0.0,0.0,1.0,0.0,0.0,0.0,0.0,0.0
1,2,0.0,0.0,1.0,0.0,0.0,0.0,0.0,0.0
1,2,0.0,0.0,1.0,0.0,0.0,0.0,0.0,0.0
1,2,0.0,0.0,1.0,0.0,0.0,0.0,0.0,0.0
1,2,0.0,0.0,1.0,0.0,0.0,0.0,0.0,0.0
1,2,0.0,0.0,1.0,0.0,0.0,0.0,0.0,0.0
1,2,0.0,0.0,1.0,0.0,0.0,0.0,0.0,0.0
1,2,0.0,0.0,1.0,0.0,0.0,0.0,0.0,0.0
1,2,0.0,0.0,1.0,0.0,0.0,0.0,0.0,0.0
1,2,0.0,0.0,1.0,0.0,0.0,0.0,0.0,0.0
1,2,0.0,0.0,1.0,0.0,0.0,0.0,0.0,0.0
1,2,0.0,0.0,1.0,0.0,0.0,0.0,0.0,0.0
1,2,0.0,0.0,1.0,0.0,0.0,0.0,0.0,0.0
1,2,0.0,0.0,1.0,0.0,0.0,0.0,0.0,0.0
1,2,0.0,0.0,1.0,0.0,0.0,0.0,0.0,0.0
1,2,0.0,0.0,1.0,0.0,0.0,0.0,0.0,0.0
1,2,0.0,0.0,1.0,0.0,0.0,0.0,0.0,0.0
1,2,0.0,0.0,1.0,0.0,0.0,0.0,0.0,0.0
1,2,0.0,0.0,1.0,0.0,0.0,0.0,0.0,0.0
1,2,0.0,0.0,1.0,0.0,0.0,0.0,0.0,0.0
1,2,0.0,0.0,1.0,0.0,0.0,0.0,0.0,0.0
1,2,0.0,0.0,1.0,0.0,0.0,0.0,0.0,0.0
1,2,0.0,0.0,1.0,0.0,0.0,0.0,0.0,0.0
1,2,0.0,0.0,1.0,0.0,0.0,0.0,0.0,0.0
1,2,0.0,0.0,1.0,0.0,0.0,0.0,0.0,0.0
1,2,0.0,0.0,1.0,0.0,0.0,0.0,0.0,0.0
1,2,0.0,0.0,1.0,0.0,0.0,0.0,0.0,0.0
1,2,0.0,0.0,1.0,0.0,0.0,0.0,0.0,0.0
1,2,0.0,0.0,1.0,0.0,0.0,0.0,0.0,0.0
1,2,0.0,0.0,1.0,0.0,0.0,0.0,0.0,0.0
1,2,0.0,0.0,1.0,0.0,0.0,0.0,0.0,0.0
1,2,0.0,0.0,1.0,0.0,0.0,0.0,0.0,0.0
1,2,0.0,0.0,1.0,0.0,0.0,0.0,0.0,0.0
1,2,0.0,0.0,1.0,0.0,0.0,0.0,0.0,0.0
1,2,0.0,0.0,1.0,0.0,0.0,0.0,0.0,0.0
1,2,0.0,0.0,1.0,0.0,0.0,0.0,0.0,0.0
1,2,0.0,0.0,1.0,0.0,0.0,0.0,0.0,0.0
1,2,0.0,0.0,1.0,0.0,0.0,0.0,0.0,0.0
1,2,0.0,0.0,1.0,0.0,0.0,0.0,0.0,0.0
1,2,0.0,0.0,1.0,0.0,0.0,0.0,0.0,0.0
1,2,0.0,0.0,1.0,0.0,0.0,0.0,0.0,0.0
1,2,0.0,0.0,1.0,0.0,0.0,0.0,0.0,0.0
1,2,0.0,0.0,1.0,0.0,0.0,0.0,0.0,0.0
1,2,0.0,0.0,1.0,0.0,0.0,0.0,0.0,0.0
1,2,0.0,0.0,1.0,0.0,0.0,0.0,0.0,0.0
1,2,0.0,0.0,1.0,0.0,0.0,0.0,0.0,0.0
1,2,0.0,0.0,1.0,0.0,0.0,0.0,0.0,0.0
1,2,0.0,0.0,1.0,0.0,0.0,0.0,0.0,0.0
1,2,0.0,0.0,1.0,0.0,0.0,0.0,0.0,0.0
1,2,0.0,0.0,1.0,0.0,0.0,0.0,0.0,0.0
1,2,0.0,0.0,1.0,0.0,0.0,0.0,0.0,0.0
1,2,0.0,0.0,1.0,0.0,0.0,0.0,0.0,0.0
1,2,0.0,0.0,1.0,0.0,0.0,0.0,0.0,0.0
1,2,0.0,0.0,1.0,0.0,0.0,0.0,0.0,0.0
1,2,0.0,0.0,1.0,0.0,0.0,0.0,0.0,0.0
1,2,0.0,0.0,1.0,0.0,0.0,0.0,0.0,0.0
1,2,0.0,0.0,1.0,0.0,0.0,0.0,0.0,0.0
1,2,0.0,0.0,1.0,0.0,0.0,0.0,0.0,0.0
1,2,0.0,0.0,1.0,0.0,0.0,0.0,0.0,0.0
1,2,0.0,0.0,1.0,0.0,0.0,0.0,0.0,0.0
1,2,0.0,0.0,1.0,0.0,0.0,0.0,0.0,0.0
1,2,0.0,0.0,1.0,0.0,0.0,0.0,0.0,0.0
1,2,0.0,0.0,1.0,0.0,0.0,0.0,0.0,0.0
1,2,0.0,0.0,1.0,0.0,0.0,0.0,0.0,0.0
1,2,0.0,0.0,1.0,0.0,0.0,0.0,0.0,0.0
1,2,0.0,0.0,1.0,0.0,0.0,0.0,0.0,0.0
1,2,0.0,0.0,1.0,0.0,0.0,0.0,0.0,0.0
1,2,0.0,0.0,1.0,0.0,0.0,0.0,0.0,0.0
1,2,0.0,0.0,1.0,0.0,0.0,0.0,0.0,0.0
1,2,0.0,0.0,1.0,0.0,0.0,0.0,0.0,0.0
1,2,0.0,0.0,1.0,0.0,0.0,0.0,0.0,0.0
1,2,0.0,0.0,1.0,0.0,0.0,0.0,0.0,0.0
1,2,0.0,0.0,1.0,0.0,0.0,0.0,0.0,0.0
1,2,0.0,0.0,1.0,0.0,0.0,0.0,0.0,0.0
1,2,0.0,0.0,1.0,0.0,0.0,0.0,0.0,0.0
1,2,0.0,0.0,1.0,0.0,0.0,0.0,0.0,0.0
1,2,0.0,0.0,1.0,0.0,0.0,0.0,0.0,0.0
1,2,0.0,0.0,1.0,0.0,0.0,0.0,0.0,0.0
1,2,0.0,0.0,1.0,0.0,0.0,0.0,0.0,0.0
1,2,0.0,0.0,1.0,0.0,0.0,0.0,0.0,0.0
1,2,0.0,0.0,1.0,0.0,0.0,0.0,0.0,0.0
1,2,0.0,0.0,1.0,0.0,0.0,0.0,0.0,0.0
1,2,0.0,0.0,1.0,0.0,0.0,0.0,0.0,0.0
1,2,0.0,0.0,1.0,0.0,0.0,0.0,0.0,0.0
1,2,0.0,0.0,1.0,0.0,0.0,0.0,0.0,0.0
1,2,0.0,0.0,1.0,0.0,0.0,0.0,0.0,0.0
1,2,0.0,0.0,1.0,0.0,0.0,0.0,0.0,0.0
1,2,0.0,0.0,1.0,0.0,0.0,0.0,0.0,0.0
1,2,0.0,0.0,1.0,0.0,0.0,0.0,0.0,0.0
1,2,0.0,0.0,1.0,0.0,0.0,0.0,0.0,0.0
1,2,0.0,0.0,1.0,0.0,0.0,0.0,0.0,0.0
1,2,0.0,0.0,1.0,0.0,0.0,0.0,0.0,0.0
1,2,0.0,0.0,1.0,0.0,0.0,0.0,0.0,0.0
1,2,0.0,0.0,1.0,0.0,0.0,0.0,0.0,0.0
1,2,0.0,0.0,1.0,0.0,0.0,0.0,0.0,0.0
1,2,0.0,0.0,1.0,0.0,0.0,0.0,0.0,0.0
1,2,0.0,0.0,1.0,0.0,0.0,0.0,0.0,0.0
1,2,0.0,0.0,1.0,0.0,0.0,0.0,0.0,0.0
1,2,0.0,0.0,1.0,0.0,0.0,0.0,0.0,0.0
1,2,0.0,0.0,1.0,0.0,0.0,0.0,0.0,0.0
1,2,0.0,0.0,1.0,0.0,0.0,0.0,0.0,0.0
1,2,0.0,0.0,1.0,0.0,0.0,0.0,0.0,0.0
1,2,0.0,0.0,1.0,0.0,0.0,0.0,0.0,0.0
1,2,0.0,0.0,1.0,0.0,0.0,0.0,0.0,0.0
1,2,0.0,0.0,1.0,0.0,0.0,0.0,0.0,0.0
1,2,0.0,0.0,1.0,0.0,0.0,0.0,0.0,0.0
1,2,0.0,0.0,1.0,0.0,0.0,0.0,0.0,0.0
1,2,0.0,0.0,1.0,0.0,0.0,0.0,0.0,0.0
1,2,0.0,0.0,1.0,0.0,0.0,0.0,0.0,0.0
1,2,0.0,0.0,0.984375,0.0,0.0,0.0,0.0,0.015625
1,2,0.0,0.0,0.984375,0.0,0.0,0.0,0.0,0.015625
1,2,0.0,0.0,0.984375,0.0,0.0,0.0,0.0,0.015625
1,2,0.0,0.0,0.984375,0.0,0.0,0.0,0.0,0.015625
1,2,0.0,0.0,0.984375,0.0,0.0,0.0,0.0,0.015625
1,2,0.0,0.0,0.984375,0.0,0.0,0.0,0.0,0.015625
1,2,0.0,0.0,0.984375,0.0,0.0,0.0,0.0,0.015625
1,2,0.0,0.0,0.984375,0.0,0.0,0.0,0.0,0.015625
1,2,0.0,0.0,0.984375,0.0,0.0,0.0,0.0,0.015625
1,2,0.0,0.0,0.984375,0.0,0.0,0.0,0.0,0.015625
1,2,0.0,0.0,0.984375,0.0,0.0,0.0,0.0,0.015625
1,2,0.0,0.0,0.984375,0.0,0.0,0.0,0.0,0.015625
1,2,0.0,0.0,0.984375,0.0,0.0,0.0,0.0,0.015625
1,2,0.0,0.0,0.984375,0.0,0.0,0.0,0.0,0.015625
1,2,0.0,0.0,0.984375,0.0,0.0,0.0,0.0,0.015625
1,2,0.0,0.0,0.984375,0.0,0.0,0.0,0.0,0.015625
1,2,0.0,0.0,0.984375,0.0,0.0,0.0,0.0,0.015625
1,2,0.0,0.0,0.984375,0.0,0.0,0.0,0.0,0.015625
1,2,0.0,0.0,0.984375,0.0,0.0,0.0,0.0,0.015625
1,2,0.0,0.0,0.984375,0.0,0.0,0.0,0.0,0.015625
1,2,0.0,0.0,0.984375,0.0,0.0,0.0,0.0,0.015625
1,2,0.0,0.0,0.984375,0.0,0.0,0.0,0.0,0.015625
1,2,0.0,0.0,0.984375,0.0,0.0,0.0,0.0,0.015625
1,2,0.0,0.0,0.984375,0.0,0.0,0.0,0.0,0.015625
1,2,0.0,0.0,0.984375,0.0,0.0,0.0,0.0,0.015625
1,2,0.0,0.0,0.984375,0.0,0.0,0.0,0.0,0.015625
1,2,0.0,0.0,0.984375,0.0,0.0,0.0,0.0,0.015625
1,2,0.0,0.0,0.984375,0.0,0.0,0.0,0.0,0.015625
1,2,0.0,0.0,0.984375,0.0,0.0,0.0,0.0,0.015625
1,2,0.0,0.0,0.984375,0.0,0.0,0.0,0.0,0.015625
1,2,0.0,0.0,0.984375,0.0,0.0,0.0,0.0,0.015625
1,2,0.0,0.0,0.984375,0.0,0.0,0.0,0.0,0.015625
1,2,0.0,0.0,0.984375,0.0,0.0,0.0,0.0,0.015625
1,2,0.0,0.0,0.984375,0.0,0.0,0.0,0.0,0.015625
1,2,0.0,0.0,0.984375,0.0,0.0,0.0,0.0,0.015625
1,2,0.0,0.0,0.984375,0.0,0.0,0.0,0.0,0.015625
1,2,0.0,0.0,0.984375,0.0,0.0,0.0,0.0,0.015625
1,2,0.0,0.0,0.984375,0.0,0.0,0.0,0.0,0.015625
1,2,0.0,0.0,0.984375,0.0,0.0,0.0,0.0,0.015625
1,2,0.0,0.0,0.984375,0.0,0.0,0.0,0.0,0.015625
1,2,0.0,0.0,0.984375,0.0,0.0,0.0,0.0,0.015625
1,2,0.0,0.0,0.984375,0.0,0.0,0.0,0.0,0.015625
1,2,0.0,0.0,0.984375,0.0,0.0,0.0,0.0,0.015625
1,2,0.0,0.0,0.984375,0.0,0.0,0.0,0.0,0.015625
1,2,0.0,0.0,0.984375,0.0,0.0,0.0,0.0,0.015625
1,2,0.0,0.0,0.984375,0.0,0.0,0.0,0.0,0.015625
1,2,0.0,0.0,0.984375,0.0,0.0,0.0,0.0,0.015625
1,2,0.0,0.0,0.984375,0.0,0.0,0.0,0.0,0.015625
1,2,0.0,0.015625,0.96875,0.0,0.0,0.0,0.0,0.015625
1,2,0.0,0.015625,0.96875,0.0,0.0,0.0,0.0,0.015625
1,2,0.0,0.015625,0.96875,0.0,0.0,0.0,0.0,0.015625
1,2,0.0,0.015625,0.96875,0.0,0.0,0.0,0.0,0.015625
1,2,0.0,0.015625,0.96875,0.0,0.0,0.0,0.0,0.015625
1,2,0.0,0.015625,0.96875,0.0,0.0,0.0,0.0,0.015625
1,2,0.0,0.015625,0.96875,0.0,0.0,0.0,0.0,0.015625
1,2,0.0,0.015625,0.96875,0.0,0.0,0.0,0.0,0.015625
1,2,0.0,0.015625,0.984375,0.0,0.0,0.0,0.0,0.0
1,2,0.0,0.015625,0.984375,0.0,0.0,0.0,0.0,0.0
1,2,0.0,0.015625,0.984375,0.0,0.0,0.0,0.0,0.0
1,2,0.0,0.015625,0.984375,0.0,0.0,0.0,0.0,0.0
1,2,0.0,0.015625,0.984375,0.0,0.0,0.0,0.0,0.0
1,2,0.0,0.015625,0.984375,0.0,0.0,0.0,0.0,0.0
1,2,0.0,0.015625,0.984375,0.0,0.0,0.0,0.0,0.0
1,2,0.0,0.015625,0.984375,0.0,0.0,0.0,0.0,0.0
1,2,0.0,0.03125,0.96875,0.0,0.0,0.0,0.0,0.0
1,2,0.0,0.03125,0.96875,0.0,0.0,0.0,0.0,0.0
1,2,0.0,0.03125,0.96875,0.0,0.0,0.0,0.0,0.0
1,2,0.0,0.03125,0.96875,0.0,0.0,0.0,0.0,0.0
1,2,0.0,0.03125,0.96875,0.0,0.0,0.0,0.0,0.0
1,2,0.0,0.03125,0.96875,0.0,0.0,0.0,0.0,0.0
1,2,0.0,0.03125,0.96875,0.0,0.0,0.0,0.0,0.0
1,2,0.0,0.03125,0.96875,0.0,0.0,0.0,0.0,0.0
1,2,0.0,0.03125,0.96875,0.0,0.0,0.0,0.0,0.0
1,2,0.0,0.03125,0.96875,0.0,0.0,0.0,0.0,0.0
1,2,0.0,0.03125,0.96875,0.0,0.0,0.0,0.0,0.0
1,2,0.0,0.03125,0.96875,0.0,0.0,0.0,0.0,0.0
1,2,0.0,0.03125,0.96875,0.0,0.0,0.0,0.0,0.0
1,2,0.0,0.03125,0.96875,0.0,0.0,0.0,0.0,0.0
1,2,0.0,0.03125,0.96875,0.0,0.0,0.0,0.0,0.0
1,2,0.0,0.03125,0.96875,0.0,0.0,0.0,0.0,0.0
1,2,0.0,0.03125,0.953125,0.0,0.0,0.0,0.0,0.015625
1,2,0.0,0.03125,0.953125,0.0,0.0,0.0,0.0,0.015625
1,2,0.0,0.03125,0.953125,0.0,0.0,0.0,0.0,0.015625
1,2,0.0,0.03125,0.953125,0.0,0.0,0.0,0.0,0.015625
1,2,0.0,0.046875,0.9375,0.0,0.0,0.0,0.0,0.015625
1,2,0.0,0.046875,0.9375,0.0,0.0,0.0,0.0,0.015625
1,2,0.0,0.046875,0.9375,0.0,0.0,0.0,0.0,0.015625
1,2,0.0,0.046875,0.9375,0.0,0.0,0.0,0.0,0.015625
1,2,0.0,0.046875,0.9375,0.0,0.0,0.0,0.0,0.015625
1,2,0.0,0.046875,0.9375,0.0,0.0,0.0,0.0,0.015625
1,2,0.0,0.046875,0.9375,0.0,0.0,0.0,0.0,0.015625
1,2,0.0,0.046875,0.9375,0.0,0.0,0.0,0.0,0.015625
1,2,0.0,0.046875,0.9375,0.0,0.0,0.0,0.0,0.015625
1,2,0.0,0.046875,0.9375,0.0,0.0,0.0,0.0,0.015625
1,2,0.0,0.046875,0.9375,0.0,0.0,0.0,0.0,0.015625
1,2,0.0,0.046875,0.9375,0.0,0.0,0.0,0.0,0.015625
1,2,0.0,0.046875,0.921875,0.0,0.0,0.0,0.0,0.03125
1,2,0.0,0.046875,0.921875,0.0,0.0,0.0,0.0,0.03125
1,2,0.0,0.046875,0.921875,0.0,0.0,0.0,0.0,0.03125
1,2,0.0,0.046875,0.921875,0.0,0.0,0.0,0.0,0.03125
1,2,0.0,0.046875,0.921875,0.0,0.0,0.0,0.0,0.03125
1,2,0.0,0.046875,0.921875,0.0,0.0,0.0,0.0,0.03125
1,2,0.0,0.046875,0.921875,0.0,0.0,0.0,0.0,0.03125
1,2,0.0,0.046875,0.921875,0.0,0.0,0.0,0.0,0.03125
1,2,0.0,0.046875,0.921875,0.0,0.0,0.0,0.0,0.03125
1,2,0.0,0.046875,0.921875,0.0,0.0,0.0,0.0,0.03125
1,2,0.0,0.046875,0.921875,0.0,0.0,0.0,0.0,0.03125
1,2,0.0,0.046875,0.921875,0.0,0.0,0.0,0.0,0.03125
1,2,0.0,0.046875,0.921875,0.0,0.0,0.0,0.0,0.03125
1,2,0.0,0.046875,0.921875,0.0,0.0,0.0,0.0,0.03125
1,2,0.0,0.046875,0.921875,0.0,0.0,0.0,0.0,0.03125
1,2,0.0,0.046875,0.921875,0.0,0.0,0.0,0.0,0.03125
1,2,0.0,0.0625,0.90625,0.0,0.0,0.0,0.0,0.03125
1,2,0.0,0.0625,0.90625,0.0,0.0,0.0,0.0,0.03125
1,2,0.0,0.0625,0.90625,0.0,0.0,0.0,0.0,0.03125
1,2,0.0,0.0625,0.90625,0.0,0.0,0.0,0.0,0.03125
1,2,0.0,0.0625,0.90625,0.0,0.0,0.0,0.0,0.03125
1,2,0.0,0.0625,0.90625,0.0,0.0,0.0,0.0,0.03125
1,2,0.0,0.078125,0.890625,0.0,0.0,0.0,0.0,0.03125
1,2,0.0,0.078125,0.890625,0.0,0.0,0.0,0.0,0.03125
1,2,0.0,0.09375,0.859375,0.0,0.0,0.0,0.0,0.046875
1,2,0.0,0.09375,0.859375,0.0,0.0,0.0,0.0,0.046875
1,2,0.0,0.09375,0.859375,0.0,0.0,0.0,0.0,0.046875
1,2,0.0,0.09375,0.859375,0.0,0.0,0.0,0.0,0.046875
1,2,0.0,0.09375,0.859375,0.0,0.0,0.0,0.0,0.046875
1,2,0.0,0.09375,0.859375,0.0,0.0,0.0,0.0,0.046875
1,2,0.0,0.09375,0.859375,0.0,0.0,0.0,0.0,0.046875
1,2,0.0,0.09375,0.859375,0.0,0.0,0.0,0.0,0.046875
1,2,0.0,0.09375,0.859375,0.0,0.0,0.0,0.0,0.046875
1,2,0.0,0.09375,0.859375,0.0,0.0,0.0,0.0,0.046875
1,2,0.0,0.09375,0.859375,0.0,0.0,0.0,0.0,0.046875
1,2,0.0,0.09375,0.859375,0.0,0.0,0.0,0.0,0.046875
1,2,0.0,0.09375,0.859375,0.0,0.0,0.0,0.0,0.046875
1,2,0.0,0.09375,0.859375,0.0,0.0,0.0,0.0,0.046875
1,2,0.0,0.09375,0.859375,0.0,0.0,0.0,0.0,0.046875
1,2,0.0,0.09375,0.859375,0.0,0.0,0.0,0.0,0.046875
1,2,0.0,0.09375,0.859375,0.0,0.0,0.0,0.0,0.046875
1,2,0.0,0.09375,0.859375,0.0,0.0,0.0,0.0,0.046875
1,2,0.0,0.109375,0.84375,0.0,0.0,0.0,0.0,0.046875
1,2,0.0,0.109375,0.84375,0.0,0.0,0.0,0.0,0.046875
1,2,0.0,0.109375,0.84375,0.0,0.0,0.0,0.0,0.046875
1,2,0.0,0.109375,0.84375,0.0,0.0,0.0,0.0,0.046875
1,2,0.0,0.109375,0.84375,0.0,0.0,0.0,0.0,0.046875
1,2,0.0,0.109375,0.84375,0.0,0.0,0.0,0.0,0.046875
1,2,0.0,0.109375,0.8125,0.0,0.0,0.0,0.015625,0.0625
1,2,0.0,0.109375,0.8125,0.0,0.0,0.0,0.015625,0.0625
1,2,0.0,0.109375,0.8125,0.0,0.0,0.0,0.015625,0.0625
1,2,0.0,0.109375,0.8125,0.0,0.0,0.0,0.015625,0.0625
1,2,0.0,0.109375,0.8125,0.0,0.0,0.0,0.015625,0.0625
1,2,0.0,0.109375,0.8125,0.0,0.0,0.0,0.015625,0.0625
1,2,0.0,0.109375,0.8125,0.0,0.0,0.0,0.015625,0.0625
1,2,0.0,0.109375,0.8125,0.0,0.0,0.0,0.015625,0.0625
1,2,0.0,0.109375,0.8125,0.0,0.0,0.0,0.015625,0.0625
1,2,0.0,0.109375,0.8125,0.0,0.0,0.0,0.015625,0.0625
1,2,0.0,0.109375,0.8125,0.0,0.0,0.0,0.015625,0.0625
1,2,0.0,0.109375,0.8125,0.0,0.0,0.0,0.015625,0.0625
1,2,0.0,0.109375,0.796875,0.0,0.0,0.0,0.015625,0.078125
1,2,0.0,0.109375,0.796875,0.0,0.0,0.0,0.015625,0.078125
1,2,0.0,0.109375,0.796875,0.0,0.0,0.0,0.015625,0.078125
1,2,0.0,0.109375,0.796875,0.0,0.0,0.0,0.015625,0.078125
1,2,0.0,0.125,0.78125,0.0,0.0,0.0,0.015625,0.078125
1,2,0.0,0.125,0.78125,0.0,0.0,0.0,0.015625,0.078125
1,2,0.0,0.125,0.78125,0.0,0.0,0.0,0.015625,0.078125
1,2,0.0,0.125,0.78125,0.0,0.0,0.0,0.015625,0.078125
1,2,0.0,0.125,0.78125,0.0,0.0,0.0,0.015625,0.078125
1,2,0.0,0.125,0.78125,0.0,0.0,0.0,0.015625,0.078125
1,2,0.0,0.125,0.78125,0.0,0.0,0.0,0.015625,0.078125
1,2,0.0,0.125,0.78125,0.0,0.0,0.0,0.015625,0.078125
1,2,0.0,0.15625,0.75,0.0,0.0,0.0,0.015625,0.078125
1,2,0.0,0.15625,0.75,0.0,0.0,0.0,0.015625,0.078125
1,2,0.0,0.15625,0.75,0.0,0.0,0.0,0.015625,0.078125
1,2,0.0,0.15625,0.75,0.0,0.0,0.0,0.015625,0.078125
1,2,0.0,0.171875,0.734375,0.0,0.0,0.0,0.015625,0.078125
1,2,0.0,0.171875,0.734375,0.0,0.0,0.0,0.015625,0.078125
1,2,0.0,0.171875,0.734375,0.0,0.0,0.0,0.015625,0.078125
1,2,0.0,0.171875,0.734375,0.0,0.0,0.0,0.015625,0.078125
1,2,0.0,0.1875,0.71875,0.0,0.0,0.0,0.015625,0.078125
1,2,0.0,0.1875,0.71875,0.0,0.0,0.0,0.015625,0.078125
1,2,0.0,0.1875,0.71875,0.0,0.0,0.0,0.015625,0.078125
1,2,0.0,0.1875,0.71875,0.0,0.0,0.0,0.015625,0.078125
1,2,0.0,0.1875,0.71875,0.0,0.0,0.0,0.015625,0.078125
1,2,0.0,0.1875,0.71875,0.0,0.0,0.0,0.015625,0.078125
1,2,0.0,0.1875,0.71875,0.0,0.0,0.0,0.015625,0.078125
1,2,0.0,0.1875,0.71875,0.0,0.0,0.0,0.015625,0.078125
1,2,0.0,0.1875,0.71875,0.0,0.0,0.0,0.015625,0.078125
1,2,0.0,0.1875,0.71875,0.0,0.0,0.0,0.015625,0.078125
1,2,0.0,0.1875,0.71875,0.0,0.0,0.0,0.015625,0.078125
1,2,0.0,0.1875,0.71875,0.0,0.0,0.0,0.015625,0.078125
1,2,0.0,0.1875,0.71875,0.0,0.0,0.0,0.015625,0.078125
1,2,0.0,0.1875,0.71875,0.0,0.0,0.0,0.015625,0.078125
1,2,0.0,0.1875,0.71875,0.0,0.0,0.0,0.015625,0.078125
1,2,0.0,0.1875,0.71875,0.0,0.0,0.0,0.015625,0.078125
1,2,0.03125,0.1875,0.671875,0.0,0.0,0.0,0.015625,0.09375
1,2,0.03125,0.1875,0.671875,0.0,0.0,0.0,0.015625,0.09375
1,2,0.03125,0.1875,0.671875,0.0,0.0,0.0,0.015625,0.09375
1,2,0.03125,0.1875,0.671875,0.0,0.0,0.0,0.015625,0.09375
1,2,0.03125,0.1875,0.671875,0.0,0.0,0.0,0.015625,0.09375
1,2,0.03125,0.1875,0.671875,0.0,0.0,0.0,0.015625,0.09375
1,2,0.03125,0.1875,0.671875,0.0,0.0,0.0,0.015625,0.09375
1,2,0.03125,0.1875,0.671875,0.0,0.0,0.0,0.015625,0.09375
1,2,0.03125,0.1875,0.671875,0.0,0.0,0.0,0.015625,0.09375
1,2,0.03125,0.1875,0.671875,0.0,0.0,0.0,0.015625,0.09375
1,2,0.03125,0.1875,0.671875,0.0,0.0,0.0,0.015625,0.09375
1,2,0.03125,0.1875,0.671875,0.0,0.0,0.0,0.015625,0.09375
1,2,0.031746034,0.20634921,0.6507937,0.0,0.0,0.0,0.015873017,0.0952381
1,2,0.031746034,0.20634921,0.6507937,0.0,0.0,0.0,0.015873017,0.0952381
1,2,0.031746034,0.22222222,0.63492066,0.0,0.0,0.0,0.015873017,0.0952381
1,2,0.031746034,0.22222222,0.63492066,0.0,0.0,0.0,0.015873017,0.0952381
1,2,0.04761905,0.22222222,0.61904764,0.0,0.0,0.0,0.015873017,0.0952381
1,2,0.04761905,0.22222222,0.61904764,0.0,0.0,0.0,0.015873017,0.0952381
1,2,0.06349207,0.20634921,0.61904764,0.0,0.0,0.0,0.015873017,0.0952381
1,2,0.06349207,0.20634921,0.61904764,0.0,0.0,0.0,0.015873017,0.0952381
1,2,0.06349207,0.20634921,0.61904764,0.0,0.0,0.0,0.015873017,0.0952381
1,2,0.06349207,0.20634921,0.61904764,0.0,0.0,0.0,0.015873017,0.0952381
1,2,0.06349207,0.20634921,0.61904764,0.0,0.0,0.0,0.015873017,0.0952381
1,2,0.06349207,0.20634921,0.61904764,0.0,0.0,0.0,0.015873017,0.0952381
1,2,0.06349207,0.20634921,0.61904764,0.0,0.0,0.0,0.015873017,0.0952381
1,2,0.06349207,0.20634921,0.61904764,0.0,0.0,0.0,0.015873017,0.0952381
1,2,0.06349207,0.20634921,0.61904764,0.0,0.0,0.0,0.015873017,0.0952381
1,2,0.06349207,0.20634921,0.61904764,0.0,0.0,0.0,0.015873017,0.0952381
1,2,0.06349207,0.20634921,0.6031746,0.0,0.0,0.0,0.031746034,0.0952381
1,2,0.06349207,0.20634921,0.6031746,0.0,0.0,0.0,0.031746034,0.0952381
1,2,0.06349207,0.20634921,0.6031746,0.0,0.0,0.0,0.031746034,0.0952381
1,2,0.06349207,0.20634921,0.6031746,0.0,0.0,0.0,0.031746034,0.0952381
1,2,0.15873016,0.22222222,0.47619048,0.0,0.0,0.015873017,0.031746034,0.0952381
1,2,0.15873016,0.22222222,0.47619048,0.0,0.0,0.015873017,0.031746034,0.0952381
1,2,0.15873016,0.22222222,0.47619048,0.0,0.0,0.015873017,0.031746034,0.0952381
1,2,0.16129032,0.22580644,0.46774194,0.0,0.0,0.016129032,0.032258064,0.09677419
1,2,0.17741935,0.22580644,0.4516129,0.0,0.0,0.016129032,0.048387095,0.08064516
1,2,0.17741935,0.22580644,0.4516129,0.0,0.0,0.016129032,0.048387095,0.08064516
1,2,0.17741935,0.22580644,0.4516129,0.0,0.0,0.016129032,0.048387095,0.08064516
1,2,0.17741935,0.22580644,0.4516129,0.0,0.0,0.016129032,0.048387095,0.08064516
1,2,0.19354838,0.22580644,0.4516129,0.0,0.0,0.016129032,0.048387095,0.06451613
1,2,0.19354838,0.22580644,0.4516129,0.0,0.0,0.016129032,0.048387095,0.06451613
1,2,0.19354838,0.22580644,0.4516129,0.0,0.0,0.016129032,0.048387095,0.06451613
1,2,0.19354838,0.22580644,0.4516129,0.0,0.0,0.016129032,0.048387095,0.06451613
1,2,0.19354838,0.22580644,0.4516129,0.0,0.0,0.016129032,0.048387095,0.06451613
1,2,0.19354838,0.22580644,0.4516129,0.0,0.0,0.016129032,0.048387095,0.06451613
1,2,0.20967741,0.22580644,0.43548387,0.0,0.0,0.016129032,0.048387095,0.06451613
1,2,0.20967741,0.22580644,0.43548387,0.0,0.0,0.016129032,0.048387095,0.06451613
1,2,0.32258064,0.20967741,0.33870968,0.0,0.0,0.016129032,0.048387095,0.06451613
1,2,0.32258064,0.20967741,0.33870968,0.0,0.0,0.016129032,0.048387095,0.06451613
1,2,0.32258064,0.20967741,0.33870968,0.0,0.0,0.016129032,0.048387095,0.06451613
1,2,0.32258064,0.20967741,0.33870968,0.0,0.0,0.016129032,0.048387095,0.06451613
1,2,0.32258064,0.20967741,0.33870968,0.0,0.0,0.016129032,0.048387095,0.06451613
1,2,0.32258064,0.20967741,0.33870968,0.0,0.0,0.016129032,0.048387095,0.06451613
1,2,0.32258064,0.20967741,0.33870968,0.0,0.0,0.016129032,0.048387095,0.06451613
1,2,0.32258064,0.20967741,0.33870968,0.0,0.0,0.016129032,0.048387095,0.06451613
1,2,0.32258064,0.20967741,0.33870968,0.0,0.0,0.016129032,0.048387095,0.06451613
1,2,0.32258064,0.20967741,0.33870968,0.0,0.0,0.016129032,0.048387095,0.06451613
1,2,0.32258064,0.20967741,0.33870968,0.0,0.0,0.016129032,0.048387095,0.06451613
1,2,0.32258064,0.20967741,0.33870968,0.0,0.0,0.016129032,0.048387095,0.06451613
1,0,0.37096775,0.19354838,0.30645162,0.0,0.0,0.016129032,0.048387095,0.06451613
1,0,0.38709676,0.19354838,0.29032257,0.0,0.0,0.016129032,0.048387095,0.06451613
1,0,0.4032258,0.19354838,0.27419356,0.0,0.0,0.016129032,0.048387095,0.06451613
1,0,0.4032258,0.19354838,0.27419356,0.0,0.0,0.016129032,0.048387095,0.06451613
1,0,0.4516129,0.19354838,0.22580644,0.0,0.0,0.016129032,0.048387095,0.06451613
1,0,0.4516129,0.19354838,0.22580644,0.0,0.0,0.016129032,0.048387095,0.06451613
1,0,0.4516129,0.19354838,0.22580644,0.0,0.0,0.016129032,0.048387095,0.06451613
1,0,0.46774194,0.19354838,0.20967741,0.0,0.0,0.016129032,0.048387095,0.06451613
1,0,0.48387095,0.19354838,0.19354838,0.0,0.0,0.016129032,0.048387095,0.06451613
1,0,0.48387095,0.19354838,0.19354838,0.0,0.0,0.016129032,0.048387095,0.06451613
0,0,0.48387095,0.19354838,0.19354838,0.0,0.0,0.016129032,0.048387095,0.06451613
0,0,0.48387095,0.19354838,0.19354838,0.0,0.0,0.016129032,0.048387095,0.06451613
0,0,0.6984127,0.12698413,0.07936508,0.0,0.0,0.015873017,0.031746034,0.04761905
0,0,0.6984127,0.12698413,0.07936508,0.0,0.0,0.015873017,0.031746034,0.04761905
0,0,0.6984127,0.12698413,0.07936508,0.0,0.0,0.015873017,0.031746034,0.04761905
0,0,0.6984127,0.12698413,0.07936508,0.0,0.0,0.015873017,0.031746034,0.04761905
0,0,0.6984127,0.12698413,0.07936508,0.0,0.0,0.015873017,0.031746034,0.04761905
0,0,0.6984127,0.12698413,0.07936508,0.0,0.0,0.015873017,0.031746034,0.04761905
0,0,0.71428573,0.12698413,0.06349207,0.0,0.0,0.015873017,0.031746034,0.04761905
0,0,0.71428573,0.12698413,0.06349207,0.0,0.0,0.015873017,0.031746034,0.04761905
0,0,0.7258065,0.12903225,0.06451613,0.0,0.0,0.016129032,0.016129032,0.048387095
0,0,0.7258065,0.12903225,0.06451613,0.0,0.0,0.016129032,0.016129032,0.048387095
0,0,0.7258065,0.12903225,0.06451613,0.0,0.0,0.016129032,0.016129032,0.048387095
0,0,0.7258065,0.12903225,0.06451613,0.0,0.0,0.016129032,0.016129032,0.048387095
0,0,0.7258065,0.12903225,0.06451613,0.0,0.0,0.016129032,0.016129032,0.048387095
0,0,0.7258065,0.12903225,0.06451613,0.0,0.0,0.016129032,0.016129032,0.048387095
0,0,0.7258065,0.12903225,0.06451613,0.0,0.0,0.016129032,0.016129032,0.048387095
0,0,0.7258065,0.12903225,0.06451613,0.0,0.0,0.016129032,0.016129032,0.048387095
0,0,0.7419355,0.11290322,0.06451613,0.0,0.0,0.016129032,0.016129032,0.048387095
0,0,0.7419355,0.11290322,0.06451613,0.0,0.0,0.016129032,0.016129032,0.048387095
0,0,0.7419355,0.11290322,0.06451613,0.0,0.0,0.016129032,0.016129032,0.048387095
0,0,0.7419355,0.11290322,0.06451613,0.0,0.0,0.016129032,0.016129032,0.048387095
0,0,0.7419355,0.11290322,0.06451613,0.0,0.0,0.016129032,0.016129032,0.048387095
0,0,0.7419355,0.11290322,0.06451613,0.0,0.0,0.016129032,0.016129032,0.048387095
0,0,0.7580645,0.11290322,0.048387095,0.0,0.0,0.016129032,0.016129032,0.048387095
0,0,0.7580645,0.11290322,0.048387095,0.0,0.0,0.016129032,0.016129032,0.048387095
0,0,0.8095238,0.11111111,0.031746034,0.0,0.0,0.0,0.015873017,0.031746034
0,0,0.8095238,0.11111111,0.031746034,0.0,0.0,0.0,0.015873017,0.031746034
0,0,0.8095238,0.11111111,0.031746034,0.0,0.0,0.0,0.015873017,0.031746034
0,0,0.82539684,0.0952381,0.031746034,0.0,0.0,0.0,0.015873017,0.031746034
0,0,0.84126985,0.0952381,0.031746034,0.0,0.0,0.0,0.0,0.031746034
0,0,0.84126985,0.0952381,0.031746034,0.0,0.0,0.0,0.0,0.031746034
0,0,0.84126985,0.0952381,0.031746034,0.0,0.0,0.0,0.0,0.031746034
0,0,0.84126985,0.0952381,0.031746034,0.0,0.0,0.0,0.0,0.031746034
0,0,0.84126985,0.0952381,0.031746034,0.0,0.0,0.0,0.0,0.031746034
0,0,0.84126985,0.0952381,0.031746034,0.0,0.0,0.0,0.0,0.031746034
0,0,0.84126985,0.0952381,0.031746034,0.0,0.0,0.0,0.0,0.031746034
0,0,0.84126985,0.0952381,0.031746034,0.0,0.0,0.0,0.0,0.031746034
0,0,0.84126985,0.0952381,0.031746034,0.0,0.0,0.0,0.0,0.031746034
0,0,0.84126985,0.0952381,0.031746034,0.0,0.0,0.0,0.0,0.031746034
0,0,0.84126985,0.0952381,0.031746034,0.0,0.0,0.0,0.0,0.031746034
0,0,0.84126985,0.0952381,0.031746034,0.0,0.0,0.0,0.0,0.031746034
0,0,0.85714287,0.0952381,0.015873017,0.0,0.0,0.0,0.0,0.031746034
0,0,0.85714287,0.0952381,0.015873017,0.0,0.0,0.0,0.0,0.031746034
0,0,0.85714287,0.0952381,0.015873017,0.0,0.0,0.0,0.0,0.031746034
0,0,0.85714287,0.0952381,0.015873017,0.0,0.0,0.0,0.0,0.031746034
0,0,0.8888889,0.07936508,0.015873017,0.0,0.0,0.0,0.0,0.015873017
0,0,0.9047619,0.06349207,0.015873017,0.0,0.0,0.0,0.0,0.015873017
0,0,0.9047619,0.06349207,0.015873017,0.0,0.0,0.0,0.0,0.015873017
0,0,0.9047619,0.06349207,0.015873017,0.0,0.0,0.0,0.0,0.015873017
0,0,0.90625,0.0625,0.015625,0.0,0.0,0.0,0.0,0.015625
0,0,0.90625,0.0625,0.015625,0.0,0.0,0.0,0.0,0.015625
0,0,0.90625,0.0625,0.015625,0.0,0.0,0.0,0.0,0.015625
0,0,0.90625,0.0625,0.015625,0.0,0.0,0.0,0.0,0.015625
0,0,0.90625,0.0625,0.015625,0.0,0.0,0.0,0.0,0.015625
0,0,0.90625,0.0625,0.015625,0.0,0.0,0.0,0.0,0.015625
0,0,0.90625,0.0625,0.015625,0.0,0.0,0.0,0.0,0.015625
0,0,0.90625,0.0625,0.015625,0.0,0.0,0.0,0.0,0.015625
0,0,0.90625,0.0625,0.015625,0.0,0.0,0.0,0.0,0.015625
0,0,0.90625,0.0625,0.015625,0.0,0.0,0.0,0.0,0.015625
0,0,0.90625,0.0625,0.015625,0.0,0.0,0.0,0.0,0.015625
0,0,0.90625,0.0625,0.015625,0.0,0.0,0.0,0.0,0.015625
0,0,0.90625,0.0625,0.015625,0.0,0.0,0.0,0.0,0.015625
0,0,0.90625,0.0625,0.015625,0.0,0.0,0.0,0.0,0.015625
0,0,0.90625,0.0625,0.015625,0.0,0.0,0.0,0.0,0.015625
0,0,0.90625,0.0625,0.015625,0.0,0.0,0.0,0.0,0.015625
0,0,0.90625,0.0625,0.015625,0.0,0.0,0.0,0.0,0.015625
0,0,0.90625,0.0625,0.015625,0.0,0.0,0.0,0.0,0.015625
0,0,0.90625,0.0625,0.015625,0.0,0.0,0.0,0.0,0.015625
0,0,0.90625,0.0625,0.015625,0.0,0.0,0.0,0.0,0.015625
0,0,0.90625,0.0625,0.015625,0.0,0.0,0.0,0.0,0.015625
0,0,0.90625,0.0625,0.015625,0.0,0.0,0.0,0.0,0.015625
0,0,0.90625,0.0625,0.015625,0.0,0.0,0.0,0.0,0.015625
0,0,0.90625,0.0625,0.015625,0.0,0.0,0.0,0.0,0.015625
0,0,0.953125,0.046875,0.0,0.0,0.0,0.0,0.0,0.0
0,0,0.953125,0.046875,0.0,0.0,0.0,0.0,0.0,0.0
0,0,0.953125,0.046875,0.0,0.0,0.0,0.0,0.0,0.0
0,0,0.953125,0.046875,0.0,0.0,0.0,0.0,0.0,0.0
0,0,0.953125,0.046875,0.0,0.0,0.0,0.0,0.0,0.0
0,0,0.953125,0.046875,0.0,0.0,0.0,0.0,0.0,0.0
0,0,0.953125,0.046875,0.0,0.0,0.0,0.0,0.0,0.0
0,0,0.953125,0.046875,0.0,0.0,0.0,0.0,0.0,0.0
0,0,0.953125,0.046875,0.0,0.0,0.0,0.0,0.0,0.0
0,0,0.953125,0.046875,0.0,0.0,0.0,0.0,0.0,0.0
0,0,0.96875,0.03125,0.0,0.0,0.0,0.0,0.0,0.0
0,0,0.96875,0.03125,0.0,0.0,0.0,0.0,0.0,0.0
0,0,0.96875,0.03125,0.0,0.0,0.0,0.0,0.0,0.0
0,0,0.96875,0.03125,0.0,0.0,0.0,0.0,0.0,0.0
0,0,0.96875,0.03125,0.0,0.0,0.0,0.0,0.0,0.0
0,0,0.96875,0.03125,0.0,0.0,0.0,0.0,0.0,0.0
0,0,0.984375,0.015625,0.0,0.0,0.0,0.0,0.0,0.0
0,0,0.984375,0.015625,0.0,0.0,0.0,0.0,0.0,0.0
0,0,0.984375,0.015625,0.0,0.0,0.0,0.0,0.0,0.0
0,0,0.984375,0.015625,0.0,0.0,0.0,0.0,0.0,0.0
0,0,0.984375,0.015625,0.0,0.0,0.0,0.0,0.0,0.0
0,0,0.984375,0.015625,0.0,0.0,0.0,0.0,0.0,0.0
0,0,0.984375,0.015625,0.0,0.0,0.0,0.0,0.0,0.0
0,0,0.984375,0.015625,0.0,0.0,0.0,0.0,0.0,0.0
0,0,0.984375,0.015625,0.0,0.0,0.0,0.0,0.0,0.0
0,0,0.984375,0.015625,0.0,0.0,0.0,0.0,0.0,0.0
0,0,0.984375,0.015625,0.0,0.0,0.0,0.0,0.0,0.0
0,0,0.984375,0.015625,0.0,0.0,0.0,0.0,0.0,0.0
0,0,0.984375,0.015625,0.0,0.0,0.0,0.0,0.0,0.0
0,0,0.984375,0.015625,0.0,0.0,0.0,0.0,0.0,0.0
0,0,0.984375,0.015625,0.0,0.0,0.0,0.0,0.0,0.0
0,0,0.984375,0.015625,0.0,0.0,0.0,0.0,0.0,0.0
0,0,0.984375,0.015625,0.0,0.0,0.0,0.0,0.0,0.0
0,0,0.984375,0.015625,0.0,0.0,0.0,0.0,0.0,0.0
0,0,0.984375,0.015625,0.0,0.0,0.0,0.0,0.0,0.0
0,0,0.984375,0.015625,0.0,0.0,0.0,0.0,0.0,0.0
0,0,0.984375,0.015625,0.0,0.0,0.0,0.0,0.0,0.0
0,0,0.984375,0.015625,0.0,0.0,0.0,0.0,0.0,0.0
0,0,0.984375,0.015625,0.0,0.0,0.0,0.0,0.0,0.0
0,0,0.984375,0.015625,0.0,0.0,0.0,0.0,0.0,0.0
0,0,0.984375,0.015625,0.0,0.0,0.0,0.0,0.0,0.0
0,0,0.984375,0.015625,0.0,0.0,0.0,0.0,0.0,0.0
0,0,0.984375,0.015625,0.0,0.0,0.0,0.0,0.0,0.0
0,0,0.984375,0.015625,0.0,0.0,0.0,0.0,0.0,0.0
0,0,1.0,0.0,0.0,0.0,0.0,0.0,0.0,0.0
0,0,1.0,0.0,0.0,0.0,0.0,0.0,0.0,0.0
0,0,1.0,0.0,0.0,0.0,0.0,0.0,0.0,0.0
0,0,1.0,0.0,0.0,0.0,0.0,0.0,0.0,0.0
0,0,1.0,0.0,0.0,0.0,0.0,0.0,0.0,0.0
0,0,1.0,0.0,0.0,0.0,0.0,0.0,0.0,0.0
0,0,1.0,0.0,0.0,0.0,0.0,0.0,0.0,0.0
0,0,1.0,0.0,0.0,0.0,0.0,0.0,0.0,0.0
0,0,1.0,0.0,0.0,0.0,0.0,0.0,0.0,0.0
0,0,1.0,0.0,0.0,0.0,0.0,0.0,0.0,0.0
0,0,1.0,0.0,0.0,0.0,0.0,0.0,0.0,0.0
0,0,1.0,0.0,0.0,0.0,0.0,0.0,0.0,0.0
0,0,1.0,0.0,0.0,0.0,0.0,0.0,0.0,0.0
0,0,1.0,0.0,0.0,0.0,0.0,0.0,0.0,0.0
0,0,1.0,0.0,0.0,0.0,0.0,0.0,0.0,0.0
0,0,1.0,0.0,0.0,0.0,0.0,0.0,0.0,0.0
0,0,1.0,0.0,0.0,0.0,0.0,0.0,0.0,0.0
0,0,1.0,0.0,0.0,0.0,0.0,0.0,0.0,0.0
0,0,1.0,0.0,0.0,0.0,0.0,0.0,0.0,0.0
0,0,1.0,0.0,0.0,0.0,0.0,0.0,0.0,0.0
0,0,1.0,0.0,0.0,0.0,0.0,0.0,0.0,0.0
0,0,1.0,0.0,0.0,0.0,0.0,0.0,0.0,0.0
0,0,1.0,0.0,0.0,0.0,0.0,0.0,0.0,0.0
0,0,1.0,0.0,0.0,0.0,0.0,0.0,0.0,0.0
0,0,1.0,0.0,0.0,0.0,0.0,0.0,0.0,0.0
0,0,1.0,0.0,0.0,0.0,0.0,0.0,0.0,0.0
0,0,1.0,0.0,0.0,0.0,0.0,0.0,0.0,0.0
0,0,1.0,0.0,0.0,0.0,0.0,0.0,0.0,0.0
0,0,1.0,0.0,0.0,0.0,0.0,0.0,0.0,0.0
0,0,1.0,0.0,0.0,0.0,0.0,0.0,0.0,0.0
0,0,1.0,0.0,0.0,0.0,0.0,0.0,0.0,0.0
0,0,1.0,0.0,0.0,0.0,0.0,0.0,0.0,0.0
0,0,1.0,0.0,0.0,0.0,0.0,0.0,0.0,0.0
0,0,1.0,0.0,0.0,0.0,0.0,0.0,0.0,0.0
0,0,1.0,0.0,0.0,0.0,0.0,0.0,0.0,0.0
0,0,1.0,0.0,0.0,0.0,0.0,0.0,0.0,0.0
0,0,1.0,0.0,0.0,0.0,0.0,0.0,0.0,0.0
0,0,1.0,0.0,0.0,0.0,0.0,0.0,0.0,0.0
0,0,1.0,0.0,0.0,0.0,0.0,0.0,0.0,0.0
0,0,1.0,0.0,0.0,0.0,0.0,0.0,0.0,0.0
0,0,1.0,0.0,0.0,0.0,0.0,0.0,0.0,0.0
0,0,1.0,0.0,0.0,0.0,0.0,0.0,0.0,0.0
0,0,1.0,0.0,0.0,0.0,0.0,0.0,0.0,0.0
0,0,1.0,0.0,0.0,0.0,0.0,0.0,0.0,0.0
0,0,1.0,0.0,0.0,0.0,0.0,0.0,0.0,0.0
0,0,1.0,0.0,0.0,0.0,0.0,0.0,0.0,0.0
0,0,1.0,0.0,0.0,0.0,0.0,0.0,0.0,0.0
0,0,1.0,0.0,0.0,0.0,0.0,0.0,0.0,0.0
0,0,1.0,0.0,0.0,0.0,0.0,0.0,0.0,0.0
0,0,1.0,0.0,0.0,0.0,0.0,0.0,0.0,0.0
0,0,1.0,0.0,0.0,0.0,0.0,0.0,0.0,0.0
0,0,1.0,0.0,0.0,0.0,0.0,0.0,0.0,0.0
0,0,1.0,0.0,0.0,0.0,0.0,0.0,0.0,0.0
0,0,1.0,0.0,0.0,0.0,0.0,0.0,0.0,0.0
0,0,1.0,0.0,0.0,0.0,0.0,0.0,0.0,0.0
0,0,1.0,0.0,0.0,0.0,0.0,0.0,0.0,0.0
0,0,1.0,0.0,0.0,0.0,0.0,0.0,0.0,0.0
0,0,1.0,0.0,0.0,0.0,0.0,0.0,0.0,0.0
0,0,1.0,0.0,0.0,0.0,0.0,0.0,0.0,0.0
0,0,1.0,0.0,0.0,0.0,0.0,0.0,0.0,0.0
0,0,1.0,0.0,0.0,0.0,0.0,0.0,0.0,0.0
0,0,1.0,0.0,0.0,0.0,0.0,0.0,0.0,0.0
0,0,1.0,0.0,0.0,0.0,0.0,0.0,0.0,0.0
0,0,1.0,0.0,0.0,0.0,0.0,0.0,0.0,0.0
0,0,1.0,0.0,0.0,0.0,0.0,0.0,0.0,0.0
0,0,1.0,0.0,0.0,0.0,0.0,0.0,0.0,0.0
0,0,1.0,0.0,0.0,0.0,0.0,0.0,0.0,0.0
0,0,1.0,0.0,0.0,0.0,0.0,0.0,0.0,0.0
0,0,1.0,0.0,0.0,0.0,0.0,0.0,0.0,0.0
0,0,1.0,0.0,0.0,0.0,0.0,0.0,0.0,0.0
0,0,1.0,0.0,0.0,0.0,0.0,0.0,0.0,0.0
0,0,1.0,0.0,0.0,0.0,0.0,0.0,0.0,0.0
0,0,1.0,0.0,0.0,0.0,0.0,0.0,0.0,0.0
0,0,1.0,0.0,0.0,0.0,0.0,0.0,0.0,0.0
0,0,1.0,0.0,0.0,0.0,0.0,0.0,0.0,0.0
0,0,1.0,0.0,0.0,0.0,0.0,0.0,0.0,0.0
0,0,1.0,0.0,0.0,0.0,0.0,0.0,0.0,0.0
0,0,1.0,0.0,0.0,0.0,0.0,0.0,0.0,0.0
0,0,1.0,0.0,0.0,0.0,0.0,0.0,0.0,0.0
0,0,1.0,0.0,0.0,0.0,0.0,0.0,0.0,0.0
0,0,1.0,0.0,0.0,0.0,0.0,0.0,0.0,0.0
0,0,1.0,0.0,0.0,0.0,0.0,0.0,0.0,0.0
0,0,1.0,0.0,0.0,0.0,0.0,0.0,0.0,0.0
0,0,1.0,0.0,0.0,0.0,0.0,0.0,0.0,0.0
0,0,1.0,0.0,0.0,0.0,0.0,0.0,0.0,0.0
0,0,1.0,0.0,0.0,0.0,0.0,0.0,0.0,0.0
0,0,1.0,0.0,0.0,0.0,0.0,0.0,0.0,0.0
0,0,1.0,0.0,0.0,0.0,0.0,0.0,0.0,0.0
0,0,1.0,0.0,0.0,0.0,0.0,0.0,0.0,0.0
0,0,1.0,0.0,0.0,0.0,0.0,0.0,0.0,0.0
0,0,1.0,0.0,0.0,0.0,0.0,0.0,0.0,0.0
0,0,1.0,0.0,0.0,0.0,0.0,0.0,0.0,0.0
0,0,1.0,0.0,0.0,0.0,0.0,0.0,0.0,0.0
0,0,1.0,0.0,0.0,0.0,0.0,0.0,0.0,0.0
0,0,1.0,0.0,0.0,0.0,0.0,0.0,0.0,0.0
0,0,1.0,0.0,0.0,0.0,0.0,0.0,0.0,0.0
0,0,1.0,0.0,0.0,0.0,0.0,0.0,0.0,0.0
0,0,1.0,0.0,0.0,0.0,0.0,0.0,0.0,0.0
0,0,1.0,0.0,0.0,0.0,0.0,0.0,0.0,0.0
0,0,1.0,0.0,0.0,0.0,0.0,0.0,0.0,0.0
0,0,1.0,0.0,0.0,0.0,0.0,0.0,0.0,0.0
0,0,1.0,0.0,0.0,0.0,0.0,0.0,0.0,0.0
0,0,1.0,0.0,0.0,0.0,0.0,0.0,0.0,0.0
0,0,1.0,0.0,0.0,0.0,0.0,0.0,0.0,0.0
0,0,1.0,0.0,0.0,0.0,0.0,0.0,0.0,0.0
0,0,1.0,0.0,0.0,0.0,0.0,0.0,0.0,0.0
0,0,1.0,0.0,0.0,0.0,0.0,0.0,0.0,0.0
0,0,1.0,0.0,0.0,0.0,0.0,0.0,0.0,0.0
0,0,1.0,0.0,0.0,0.0,0.0,0.0,0.0,0.0
0,0,1.0,0.0,0.0,0.0,0.0,0.0,0.0,0.0
0,0,1.0,0.0,0.0,0.0,0.0,0.0,0.0,0.0
0,0,1.0,0.0,0.0,0.0,0.0,0.0,0.0,0.0
0,0,1.0,0.0,0.0,0.0,0.0,0.0,0.0,0.0
0,0,1.0,0.0,0.0,0.0,0.0,0.0,0.0,0.0
0,0,1.0,0.0,0.0,0.0,0.0,0.0,0.0,0.0
0,0,1.0,0.0,0.0,0.0,0.0,0.0,0.0,0.0
0,0,1.0,0.0,0.0,0.0,0.0,0.0,0.0,0.0
0,0,1.0,0.0,0.0,0.0,0.0,0.0,0.0,0.0
0,0,1.0,0.0,0.0,0.0,0.0,0.0,0.0,0.0
0,0,1.0,0.0,0.0,0.0,0.0,0.0,0.0,0.0
0,0,1.0,0.0,0.0,0.0,0.0,0.0,0.0,0.0
0,0,1.0,0.0,0.0,0.0,0.0,0.0,0.0,0.0
0,0,1.0,0.0,0.0,0.0,0.0,0.0,0.0,0.0
0,0,1.0,0.0,0.0,0.0,0.0,0.0,0.0,0.0
0,0,1.0,0.0,0.0,0.0,0.0,0.0,0.0,0.0
0,0,1.0,0.0,0.0,0.0,0.0,0.0,0.0,0.0
0,0,1.0,0.0,0.0,0.0,0.0,0.0,0.0,0.0
0,0,1.0,0.0,0.0,0.0,0.0,0.0,0.0,0.0
0,0,1.0,0.0,0.0,0.0,0.0,0.0,0.0,0.0
0,0,1.0,0.0,0.0,0.0,0.0,0.0,0.0,0.0
0,0,1.0,0.0,0.0,0.0,0.0,0.0,0.0,0.0
0,0,1.0,0.0,0.0,0.0,0.0,0.0,0.0,0.0
0,0,1.0,0.0,0.0,0.0,0.0,0.0,0.0,0.0
0,0,1.0,0.0,0.0,0.0,0.0,0.0,0.0,0.0
0,0,1.0,0.0,0.0,0.0,0.0,0.0,0.0,0.0
0,0,1.0,0.0,0.0,0.0,0.0,0.0,0.0,0.0
0,0,1.0,0.0,0.0,0.0,0.0,0.0,0.0,0.0
0,0,1.0,0.0,0.0,0.0,0.0,0.0,0.0,0.0
0,0,1.0,0.0,0.0,0.0,0.0,0.0,0.0,0.0
0,0,1.0,0.0,0.0,0.0,0.0,0.0,0.0,0.0
0,0,1.0,0.0,0.0,0.0,0.0,0.0,0.0,0.0
0,0,1.0,0.0,0.0,0.0,0.0,0.0,0.0,0.0
0,0,1.0,0.0,0.0,0.0,0.0,0.0,0.0,0.0
0,0,1.0,0.0,0.0,0.0,0.0,0.0,0.0,0.0
0,0,1.0,0.0,0.0,0.0,0.0,0.0,0.0,0.0
0,0,1.0,0.0,0.0,0.0,0.0,0.0,0.0,0.0
0,0,1.0,0.0,0.0,0.0,0.0,0.0,0.0,0.0
0,0,1.0,0.0,0.0,0.0,0.0,0.0,0.0,0.0
0,0,1.0,0.0,0.0,0.0,0.0,0.0,0.0,0.0
0,0,1.0,0.0,0.0,0.0,0.0,0.0,0.0,0.0
0,0,1.0,0.0,0.0,0.0,0.0,0.0,0.0,0.0
0,0,1.0,0.0,0.0,0.0,0.0,0.0,0.0,0.0
0,0,1.0,0.0,0.0,0.0,0.0,0.0,0.0,0.0
0,0,1.0,0.0,0.0,0.0,0.0,0.0,0.0,0.0
0,0,1.0,0.0,0.0,0.0,0.0,0.0,0.0,0.0
0,0,1.0,0.0,0.0,0.0,0.0,0.0,0.0,0.0
0,0,1.0,0.0,0.0,0.0,0.0,0.0,0.0,0.0
0,0,1.0,0.0,0.0,0.0,0.0,0.0,0.0,0.0
0,0,1.0,0.0,0.0,0.0,0.0,0.0,0.0,0.0
0,0,1.0,0.0,0.0,0.0,0.0,0.0,0.0,0.0
0,0,1.0,0.0,0.0,0.0,0.0,0.0,0.0,0.0
0,0,1.0,0.0,0.0,0.0,0.0,0.0,0.0,0.0
0,0,1.0,0.0,0.0,0.0,0.0,0.0,0.0,0.0
0,0,1.0,0.0,0.0,0.0,0.0,0.0,0.0,0.0
0,0,1.0,0.0,0.0,0.0,0.0,0.0,0.0,0.0
0,0,1.0,0.0,0.0,0.0,0.0,0.0,0.0,0.0
0,0,1.0,0.0,0.0,0.0,0.0,0.0,0.0,0.0
0,0,1.0,0.0,0.0,0.0,0.0,0.0,0.0,0.0
0,0,1.0,0.0,0.0,0.0,0.0,0.0,0.0,0.0
0,0,1.0,0.0,0.0,0.0,0.0,0.0,0.0,0.0
0,0,1.0,0.0,0.0,0.0,0.0,0.0,0.0,0.0
0,0,1.0,0.0,0.0,0.0,0.0,0.0,0.0,0.0
0,0,1.0,0.0,0.0,0.0,0.0,0.0,0.0,0.0
0,0,1.0,0.0,0.0,0.0,0.0,0.0,0.0,0.0
0,0,1.0,0.0,0.0,0.0,0.0,0.0,0.0,0.0
0,0,1.0,0.0,0.0,0.0,0.0,0.0,0.0,0.0
0,0,1.0,0.0,0.0,0.0,0.0,0.0,0.0,0.0
0,0,1.0,0.0,0.0,0.0,0.0,0.0,0.0,0.0
0,0,1.0,0.0,0.0,0.0,0.0,0.0,0.0,0.0
0,0,1.0,0.0,0.0,0.0,0.0,0.0,0.0,0.0
0,0,1.0,0.0,0.0,0.0,0.0,0.0,0.0,0.0
0,0,1.0,0.0,0.0,0.0,0.0,0.0,0.0,0.0
0,0,1.0,0.0,0.0,0.0,0.0,0.0,0.0,0.0
0,0,1.0,0.0,0.0,0.0,0.0,0.0,0.0,0.0
0,0,1.0,0.0,0.0,0.0,0.0,0.0,0.0,0.0
0,0,1.0,0.0,0.0,0.0,0.0,0.0,0.0,0.0
0,0,1.0,0.0,0.0,0.0,0.0,0.0,0.0,0.0
0,0,1.0,0.0,0.0,0.0,0.0,0.0,0.0,0.0
0,0,1.0,0.0,0.0,0.0,0.0,0.0,0.0,0.0
0,0,1.0,0.0,0.0,0.0,0.0,0.0,0.0,0.0
0,0,1.0,0.0,0.0,0.0,0.0,0.0,0.0,0.0
0,0,1.0,0.0,0.0,0.0,0.0,0.0,0.0,0.0
0,0,1.0,0.0,0.0,0.0,0.0,0.0,0.0,0.0
0,0,1.0,0.0,0.0,0.0,0.0,0.0,0.0,0.0
0,0,1.0,0.0,0.0,0.0,0.0,0.0,0.0,0.0
0,0,1.0,0.0,0.0,0.0,0.0,0.0,0.0,0.0
0,0,1.0,0.0,0.0,0.0,0.0,0.0,0.0,0.0
0,0,1.0,0.0,0.0,0.0,0.0,0.0,0.0,0.0
0,0,1.0,0.0,0.0,0.0,0.0,0.0,0.0,0.0
0,0,1.0,0.0,0.0,0.0,0.0,0.0,0.0,0.0
0,0,1.0,0.0,0.0,0.0,0.0,0.0,0.0,0.0
0,0,1.0,0.0,0.0,0.0,0.0,0.0,0.0,0.0
0,0,1.0,0.0,0.0,0.0,0.0,0.0,0.0,0.0
0,0,1.0,0.0,0.0,0.0,0.0,0.0,0.0,0.0
0,0,1.0,0.0,0.0,0.0,0.0,0.0,0.0,0.0
0,0,1.0,0.0,0.0,0.0,0.0,0.0,0.0,0.0
0,0,1.0,0.0,0.0,0.0,0.0,0.0,0.0,0.0
0,0,1.0,0.0,0.0,0.0,0.0,0.0,0.0,0.0
0,0,1.0,0.0,0.0,0.0,0.0,0.0,0.0,0.0
0,0,1.0,0.0,0.0,0.0,0.0,0.0,0.0,0.0
0,0,1.0,0.0,0.0,0.0,0.0,0.0,0.0,0.0
0,0,1.0,0.0,0.0,0.0,0.0,0.0,0.0,0.0
0,0,1.0,0.0,0.0,0.0,0.0,0.0,0.0,0.0
0,0,1.0,0.0,0.0,0.0,0.0,0.0,0.0,0.0
0,0,1.0,0.0,0.0,0.0,0.0,0.0,0.0,0.0
0,0,1.0,0.0,0.0,0.0,0.0,0.0,0.0,0.0
0,0,1.0,0.0,0.0,0.0,0.0,0.0,0.0,0.0
0,0,1.0,0.0,0.0,0.0,0.0,0.0,0.0,0.0
0,0,1.0,0.0,0.0,0.0,0.0,0.0,0.0,0.0
0,0,1.0,0.0,0.0,0.0,0.0,0.0,0.0,0.0
0,0,1.0,0.0,0.0,0.0,0.0,0.0,0.0,0.0
0,0,1.0,0.0,0.0,0.0,0.0,0.0,0.0,0.0
0,0,1.0,0.0,0.0,0.0,0.0,0.0,0.0,0.0
0,0,1.0,0.0,0.0,0.0,0.0,0.0,0.0,0.0
0,0,1.0,0.0,0.0,0.0,0.0,0.0,0.0,0.0
0,0,1.0,0.0,0.0,0.0,0.0,0.0,0.0,0.0
0,0,1.0,0.0,0.0,0.0,0.0,0.0,0.0,0.0
0,0,1.0,0.0,0.0,0.0,0.0,0.0,0.0,0.0
0,0,1.0,0.0,0.0,0.0,0.0,0.0,0.0,0.0
0,0,1.0,0.0,0.0,0.0,0.0,0.0,0.0,0.0
0,0,1.0,0.0,0.0,0.0,0.0,0.0,0.0,0.0
0,0,1.0,0.0,0.0,0.0,0.0,0.0,0.0,0.0
0,0,1.0,0.0,0.0,0.0,0.0,0.0,0.0,0.0
0,0,1.0,0.0,0.0,0.0,0.0,0.0,0.0,0.0
0,0,1.0,0.0,0.0,0.0,0.0,0.0,0.0,0.0
0,0,1.0,0.0,0.0,0.0,0.0,0.0,0.0,0.0
0,0,1.0,0.0,0.0,0.0,0.0,0.0,0.0,0.0
0,0,1.0,0.0,0.0,0.0,0.0,0.0,0.0,0.0
0,0,1.0,0.0,0.0,0.0,0.0,0.0,0.0,0.0
0,0,1.0,0.0,0.0,0.0,0.0,0.0,0.0,0.0
0,0,1.0,0.0,0.0,0.0,0.0,0.0,0.0,0.0
0,0,1.0,0.0,0.0,0.0,0.0,0.0,0.0,0.0
0,0,1.0,0.0,0.0,0.0,0.0,0.0,0.0,0.0
0,0,1.0,0.0,0.0,0.0,0.0,0.0,0.0,0.0
0,0,1.0,0.0,0.0,0.0,0.0,0.0,0.0,0.0
0,0,1.0,0.0,0.0,0.0,0.0,0.0,0.0,0.0
0,0,1.0,0.0,0.0,0.0,0.0,0.0,0.0,0.0
0,0,1.0,0.0,0.0,0.0,0.0,0.0,0.0,0.0
0,0,1.0,0.0,0.0,0.0,0.0,0.0,0.0,0.0
0,0,1.0,0.0,0.0,0.0,0.0,0.0,0.0,0.0
0,0,1.0,0.0,0.0,0.0,0.0,0.0,0.0,0.0
0,0,1.0,0.0,0.0,0.0,0.0,0.0,0.0,0.0
0,0,1.0,0.0,0.0,0.0,0.0,0.0,0.0,0.0
0,0,1.0,0.0,0.0,0.0,0.0,0.0,0.0,0.0
0,0,1.0,0.0,0.0,0.0,0.0,0.0,0.0,0.0
0,0,1.0,0.0,0.0,0.0,0.0,0.0,0.0,0.0
0,0,1.0,0.0,0.0,0.0,0.0,0.0,0.0,0.0
0,0,1.0,0.0,0.0,0.0,0.0,0.0,0.0,0.0
0,0,1.0,0.0,0.0,0.0,0.0,0.0,0.0,0.0
0,0,1.0,0.0,0.0,0.0,0.0,0.0,0.0,0.0
0,0,1.0,0.0,0.0,0.0,0.0,0.0,0.0,0.0
0,0,1.0,0.0,0.0,0.0,0.0,0.0,0.0,0.0
0,0,1.0,0.0,0.0,0.0,0.0,0.0,0.0,0.0
0,0,1.0,0.0,0.0,0.0,0.0,0.0,0.0,0.0
0,0,1.0,0.0,0.0,0.0,0.0,0.0,0.0,0.0
0,0,1.0,0.0,0.0,0.0,0.0,0.0,0.0,0.0
0,0,1.0,0.0,0.0,0.0,0.0,0.0,0.0,0.0
0,0,1.0,0.0,0.0,0.0,0.0,0.0,0.0,0.0
0,0,0.984375,0.015625,0.0,0.0,0.0,0.0,0.0,0.0
0,0,0.984375,0.015625,0.0,0.0,0.0,0.0,0.0,0.0
0,0,0.984375,0.015625,0.0,0.0,0.0,0.0,0.0,0.0
0,0,0.984375,0.015625,0.0,0.0,0.0,0.0,0.0,0.0
0,0,0.984375,0.015625,0.0,0.0,0.0,0.0,0.0,0.0
0,0,0.984375,0.015625,0.0,0.0,0.0,0.0,0.0,0.0
0,0,0.984375,0.015625,0.0,0.0,0.0,0.0,0.0,0.0
0,0,0.984375,0.015625,0.0,0.0,0.0,0.0,0.0,0.0
0,0,0.984375,0.015625,0.0,0.0,0.0,0.0,0.0,0.0
0,0,0.984375,0.015625,0.0,0.0,0.0,0.0,0.0,0.0
0,0,0.984375,0.015625,0.0,0.0,0.0,0.0,0.0,0.0
0,0,0.984375,0.015625,0.0,0.0,0.0,0.0,0.0,0.0
0,0,1.0,0.0,0.0,0.0,0.0,0.0,0.0,0.0
0,0,1.0,0.0,0.0,0.0,0.0,0.0,0.0,0.0
0,0,1.0,0.0,0.0,0.0,0.0,0.0,0.0,0.0
0,0,1.0,0.0,0.0,0.0,0.0,0.0,0.0,0.0
0,0,0.984375,0.0,0.0,0.0,0.015625,0.0,0.0,0.0
0,0,0.984375,0.0,0.0,0.0,0.015625,0.0,0.0,0.0
0,0,0.984375,0.0,0.0,0.0,0.015625,0.0,0.0,0.0
0,0,0.984375,0.0,0.0,0.0,0.015625,0.0,0.0,0.0
0,0,0.984375,0.0,0.0,0.0,0.015625,0.0,0.0,0.0
0,0,0.984375,0.0,0.0,0.0,0.015625,0.0,0.0,0.0
0,0,0.984375,0.0,0.0,0.0,0.015625,0.0,0.0,0.0
0,0,0.984375,0.0,0.0,0.0,0.015625,0.0,0.0,0.0
0,0,0.984375,0.0,0.0,0.0,0.015625,0.0,0.0,0.0
0,0,0.984375,0.0,0.0,0.0,0.015625,0.0,0.0,0.0
0,0,0.984375,0.0,0.0,0.0,0.015625,0.0,0.0,0.0
0,0,0.984375,0.0,0.0,0.0,0.015625,0.0,0.0,0.0
0,0,0.984375,0.0,0.0,0.0,0.015625,0.0,0.0,0.0
0,0,0.984375,0.0,0.0,0.0,0.015625,0.0,0.0,0.0
0,0,0.984375,0.0,0.0,0.0,0.015625,0.0,0.0,0.0
0,0,0.984375,0.0,0.0,0.0,0.015625,0.0,0.0,0.0
0,0,0.984375,0.0,0.0,0.0,0.015625,0.0,0.0,0.0
0,0,0.984375,0.0,0.0,0.0,0.015625,0.0,0.0,0.0
0,0,0.984375,0.0,0.0,0.0,0.015625,0.0,0.0,0.0
0,0,0.984375,0.0,0.0,0.0,0.015625,0.0,0.0,0.0
0,0,1.0,0.0,0.0,0.0,0.0,0.0,0.0,0.0
0,0,1.0,0.0,0.0,0.0,0.0,0.0,0.0,0.0
0,0,1.0,0.0,0.0,0.0,0.0,0.0,0.0,0.0
0,0,1.0,0.0,0.0,0.0,0.0,0.0,0.0,0.0
0,0,1.0,0.0,0.0,0.0,0.0,0.0,0.0,0.0
0,0,1.0,0.0,0.0,0.0,0.0,0.0,0.0,0.0
0,0,1.0,0.0,0.0,0.0,0.0,0.0,0.0,0.0
0,0,1.0,0.0,0.0,0.0,0.0,0.0,0.0,0.0
0,0,1.0,0.0,0.0,0.0,0.0,0.0,0.0,0.0
0,0,1.0,0.0,0.0,0.0,0.0,0.0,0.0,0.0
0,0,1.0,0.0,0.0,0.0,0.0,0.0,0.0,0.0
0,0,1.0,0.0,0.0,0.0,0.0,0.0,0.0,0.0
0,0,1.0,0.0,0.0,0.0,0.0,0.0,0.0,0.0
0,0,1.0,0.0,0.0,0.0,0.0,0.0,0.0,0.0
0,0,1.0,0.0,0.0,0.0,0.0,0.0,0.0,0.0
0,0,1.0,0.0,0.0,0.0,0.0,0.0,0.0,0.0
0,0,1.0,0.0,0.0,0.0,0.0,0.0,0.0,0.0
0,0,1.0,0.0,0.0,0.0,0.0,0.0,0.0,0.0
0,0,1.0,0.0,0.0,0.0,0.0,0.0,0.0,0.0
0,0,1.0,0.0,0.0,0.0,0.0,0.0,0.0,0.0
0,0,1.0,0.0,0.0,0.0,0.0,0.0,0.0,0.0
0,0,1.0,0.0,0.0,0.0,0.0,0.0,0.0,0.0
0,0,1.0,0.0,0.0,0.0,0.0,0.0,0.0,0.0
0,0,1.0,0.0,0.0,0.0,0.0,0.0,0.0,0.0
0,0,1.0,0.0,0.0,0.0,0.0,0.0,0.0,0.0
0,0,1.0,0.0,0.0,0.0,0.0,0.0,0.0,0.0
0,0,1.0,0.0,0.0,0.0,0.0,0.0,0.0,0.0
0,0,1.0,0.0,0.0,0.0,0.0,0.0,0.0,0.0
0,0,1.0,0.0,0.0,0.0,0.0,0.0,0.0,0.0
0,0,1.0,0.0,0.0,0.0,0.0,0.0,0.0,0.0
0,0,1.0,0.0,0.0,0.0,0.0,0.0,0.0,0.0
0,0,1.0,0.0,0.0,0.0,0.0,0.0,0.0,0.0
0,0,1.0,0.0,0.0,0.0,0.0,0.0,0.0,0.0
0,0,1.0,0.0,0.0,0.0,0.0,0.0,0.0,0.0
0,0,1.0,0.0,0.0,0.0,0.0,0.0,0.0,0.0
0,0,1.0,0.0,0.0,0.0,0.0,0.0,0.0,0.0
0,0,1.0,0.0,0.0,0.0,0.0,0.0,0.0,0.0
0,0,1.0,0.0,0.0,0.0,0.0,0.0,0.0,0.0
0,0,1.0,0.0,0.0,0.0,0.0,0.0,0.0,0.0
0,0,1.0,0.0,0.0,0.0,0.0,0.0,0.0,0.0
0,0,1.0,0.0,0.0,0.0,0.0,0.0,0.0,0.0
0,0,1.0,0.0,0.0,0.0,0.0,0.0,0.0,0.0
0,0,1.0,0.0,0.0,0.0,0.0,0.0,0.0,0.0
0,0,1.0,0.0,0.0,0.0,0.0,0.0,0.0,0.0
0,0,1.0,0.0,0.0,0.0,0.0,0.0,0.0,0.0
0,0,1.0,0.0,0.0,0.0,0.0,0.0,0.0,0.0
0,0,1.0,0.0,0.0,0.0,0.0,0.0,0.0,0.0
0,0,1.0,0.0,0.0,0.0,0.0,0.0,0.0,0.0
0,0,1.0,0.0,0.0,0.0,0.0,0.0,0.0,0.0
0,0,1.0,0.0,0.0,0.0,0.0,0.0,0.0,0.0
0,0,1.0,0.0,0.0,0.0,0.0,0.0,0.0,0.0
0,0,1.0,0.0,0.0,0.0,0.0,0.0,0.0,0.0
0,0,1.0,0.0,0.0,0.0,0.0,0.0,0.0,0.0
0,0,1.0,0.0,0.0,0.0,0.0,0.0,0.0,0.0
0,0,1.0,0.0,0.0,0.0,0.0,0.0,0.0,0.0
0,0,1.0,0.0,0.0,0.0,0.0,0.0,0.0,0.0
0,0,1.0,0.0,0.0,0.0,0.0,0.0,0.0,0.0
0,0,1.0,0.0,0.0,0.0,0.0,0.0,0.0,0.0
0,0,1.0,0.0,0.0,0.0,0.0,0.0,0.0,0.0
0,0,1.0,0.0,0.0,0.0,0.0,0.0,0.0,0.0
0,0,1.0,0.0,0.0,0.0,0.0,0.0,0.0,0.0
0,0,1.0,0.0,0.0,0.0,0.0,0.0,0.0,0.0
0,0,1.0,0.0,0.0,0.0,0.0,0.0,0.0,0.0
0,0,1.0,0.0,0.0,0.0,0.0,0.0,0.0,0.0
0,0,1.0,0.0,0.0,0.0,0.0,0.0,0.0,0.0
0,0,1.0,0.0,0.0,0.0,0.0,0.0,0.0,0.0
0,0,1.0,0.0,0.0,0.0,0.0,0.0,0.0,0.0
0,0,1.0,0.0,0.0,0.0,0.0,0.0,0.0,0.0
0,0,1.0,0.0,0.0,0.0,0.0,0.0,0.0,0.0
0,0,1.0,0.0,0.0,0.0,0.0,0.0,0.0,0.0
0,0,1.0,0.0,0.0,0.0,0.0,0.0,0.0,0.0
0,0,1.0,0.0,0.0,0.0,0.0,0.0,0.0,0.0
0,0,1.0,0.0,0.0,0.0,0.0,0.0,0.0,0.0
0,0,1.0,0.0,0.0,0.0,0.0,0.0,0.0,0.0
0,0,1.0,0.0,0.0,0.0,0.0,0.0,0.0,0.0
0,0,1.0,0.0,0.0,0.0,0.0,0.0,0.0,0.0
0,0,1.0,0.0,0.0,0.0,0.0,0.0,0.0,0.0
0,0,1.0,0.0,0.0,0.0,0.0,0.0,0.0,0.0
0,0,1.0,0.0,0.0,0.0,0.0,0.0,0.0,0.0
0,0,1.0,0.0,0.0,0.0,0.0,0.0,0.0,0.0
0,0,1.0,0.0,0.0,0.0,0.0,0.0,0.0,0.0
0,0,1.0,0.0,0.0,0.0,0.0,0.0,0.0,0.0
0,0,1.0,0.0,0.0,0.0,0.0,0.0,0.0,0.0
0,0,1.0,0.0,0.0,0.0,0.0,0.0,0.0,0.0
0,0,1.0,0.0,0.0,0.0,0.0,0.0,0.0,0.0
0,0,1.0,0.0,0.0,0.0,0.0,0.0,0.0,0.0
0,0,1.0,0.0,0.0,0.0,0.0,0.0,0.0,0.0
0,0,1.0,0.0,0.0,0.0,0.0,0.0,0.0,0.0
0,0,1.0,0.0,0.0,0.0,0.0,0.0,0.0,0.0
0,0,1.0,0.0,0.0,0.0,0.0,0.0,0.0,0.0
0,0,1.0,0.0,0.0,0.0,0.0,0.0,0.0,0.0
0,0,1.0,0.0,0.0,0.0,0.0,0.0,0.0,0.0
0,0,1.0,0.0,0.0,0.0,0.0,0.0,0.0,0.0
0,0,1.0,0.0,0.0,0.0,0.0,0.0,0.0,0.0
0,0,1.0,0.0,0.0,0.0,0.0,0.0,0.0,0.0
0,0,1.0,0.0,0.0,0.0,0.0,0.0,0.0,0.0
0,0,1.0,0.0,0.0,0.0,0.0,0.0,0.0,0.0
0,0,1.0,0.0,0.0,0.0,0.0,0.0,0.0,0.0
0,0,1.0,0.0,0.0,0.0,0.0,0.0,0.0,0.0
0,0,1.0,0.0,0.0,0.0,0.0,0.0,0.0,0.0
0,0,1.0,0.0,0.0,0.0,0.0,0.0,0.0,0.0
0,0,1.0,0.0,0.0,0.0,0.0,0.0,0.0,0.0
0,0,1.0,0.0,0.0,0.0,0.0,0.0,0.0,0.0
0,0,1.0,0.0,0.0,0.0,0.0,0.0,0.0,0.0
0,0,1.0,0.0,0.0,0.0,0.0,0.0,0.0,0.0
0,0,1.0,0.0,0.0,0.0,0.0,0.0,0.0,0.0
0,0,1.0,0.0,0.0,0.0,0.0,0.0,0.0,0.0
0,0,1.0,0.0,0.0,0.0,0.0,0.0,0.0,0.0
0,0,0.984375,0.015625,0.0,0.0,0.0,0.0,0.0,0.0
0,0,0.984375,0.015625,0.0,0.0,0.0,0.0,0.0,0.0
0,0,0.984375,0.015625,0.0,0.0,0.0,0.0,0.0,0.0
0,0,0.984375,0.015625,0.0,0.0,0.0,0.0,0.0,0.0
0,0,0.984375,0.015625,0.0,0.0,0.0,0.0,0.0,0.0
0,0,0.984375,0.015625,0.0,0.0,0.0,0.0,0.0,0.0
0,0,0.984375,0.015625,0.0,0.0,0.0,0.0,0.0,0.0
0,0,0.984375,0.015625,0.0,0.0,0.0,0.0,0.0,0.0
0,0,0.984375,0.015625,0.0,0.0,0.0,0.0,0.0,0.0
0,0,0.984375,0.015625,0.0,0.0,0.0,0.0,0.0,0.0
0,0,0.984375,0.015625,0.0,0.0,0.0,0.0,0.0,0.0
0,0,0.984375,0.015625,0.0,0.0,0.0,0.0,0.0,0.0
0,0,0.984375,0.015625,0.0,0.0,0.0,0.0,0.0,0.0
0,0,0.984375,0.015625,0.0,0.0,0.0,0.0,0.0,0.0
0,0,0.984375,0.015625,0.0,0.0,0.0,0.0,0.0,0.0
0,0,0.984375,0.015625,0.0,0.0,0.0,0.0,0.0,0.0
0,0,0.984375,0.015625,0.0,0.0,0.0,0.0,0.0,0.0
0,0,0.984375,0.015625,0.0,0.0,0.0,0.0,0.0,0.0
0,0,0.984375,0.015625,0.0,0.0,0.0,0.0,0.0,0.0
0,0,0.984375,0.015625,0.0,0.0,0.0,0.0,0.0,0.0
0,0,0.984375,0.015625,0.0,0.0,0.0,0.0,0.0,0.0
0,0,0.984375,0.015625,0.0,0.0,0.0,0.0,0.0,0.0
0,0,0.984375,0.015625,0.0,0.0,0.0,0.0,0.0,0.0
0,0,0.984375,0.015625,0.0,0.0,0.0,0.0,0.0,0.0
0,0,0.984375,0.015625,0.0,0.0,0.0,0.0,0.0,0.0
0,0,0.984375,0.015625,0.0,0.0,0.0,0.0,0.0,0.0
0,0,0.984375,0.015625,0.0,0.0,0.0,0.0,0.0,0.0
0,0,0.984375,0.015625,0.0,0.0,0.0,0.0,0.0,0.0
0,0,0.984375,0.015625,0.0,0.0,0.0,0.0,0.0,0.0
0,0,0.984375,0.015625,0.0,0.0,0.0,0.0,0.0,0.0
0,0,0.984375,0.015625,0.0,0.0,0.0,0.0,0.0,0.0
0,0,0.984375,0.015625,0.0,0.0,0.0,0.0,0.0,0.0
0,0,0.984375,0.015625,0.0,0.0,0.0,0.0,0.0,0.0
0,0,0.984375,0.015625,0.0,0.0,0.0,0.0,0.0,0.0
0,0,0.984375,0.015625,0.0,0.0,0.0,0.0,0.0,0.0
0,0,0.984375,0.015625,0.0,0.0,0.0,0.0,0.0,0.0
0,0,0.984375,0.015625,0.0,0.0,0.0,0.0,0.0,0.0
0,0,0.984375,0.015625,0.0,0.0,0.0,0.0,0.0,0.0
0,0,0.984375,0.015625,0.0,0.0,0.0,0.0,0.0,0.0
0,0,0.984375,0.015625,0.0,0.0,0.0,0.0,0.0,0.0
0,0,0.984375,0.015625,0.0,0.0,0.0,0.0,0.0,0.0
0,0,0.984375,0.015625,0.0,0.0,0.0,0.0,0.0,0.0
0,0,0.984375,0.015625,0.0,0.0,0.0,0.0,0.0,0.0
0,0,0.984375,0.015625,0.0,0.0,0.0,0.0,0.0,0.0
0,0,0.984375,0.015625,0.0,0.0,0.0,0.0,0.0,0.0
0,0,0.984375,0.015625,0.0,0.0,0.0,0.0,0.0,0.0
0,0,0.984375,0.015625,0.0,0.0,0.0,0.0,0.0,0.0
0,0,0.984375,0.015625,0.0,0.0,0.0,0.0,0.0,0.0
0,0,0.984375,0.015625,0.0,0.0,0.0,0.0,0.0,0.0
0,0,0.984375,0.015625,0.0,0.0,0.0,0.0,0.0,0.0
0,0,0.984375,0.015625,0.0,0.0,0.0,0.0,0.0,0.0
0,0,0.984375,0.015625,0.0,0.0,0.0,0.0,0.0,0.0
0,0,0.984375,0.015625,0.0,0.0,0.0,0.0,0.0,0.0
0,0,0.984375,0.015625,0.0,0.0,0.0,0.0,0.0,0.0
0,0,0.984375,0.015625,0.0,0.0,0.0,0.0,0.0,0.0
0,0,0.984375,0.015625,0.0,0.0,0.0,0.0,0.0,0.0
0,0,0.984375,0.015625,0.0,0.0,0.0,0.0,0.0,0.0
0,0,0.984375,0.015625,0.0,0.0,0.0,0.0,0.0,0.0
0,0,0.984375,0.015625,0.0,0.0,0.0,0.0,0.0,0.0
0,0,0.984375,0.015625,0.0,0.0,0.0,0.0,0.0,0.0
0,0,0.984375,0.015625,0.0,0.0,0.0,0.0,0.0,0.0
0,0,0.984375,0.015625,0.0,0.0,0.0,0.0,0.0,0.0
0,0,0.984375,0.015625,0.0,0.0,0.0,0.0,0.0,0.0
0,0,0.984375,0.015625,0.0,0.0,0.0,0.0,0.0,0.0
0,0,0.984375,0.015625,0.0,0.0,0.0,0.0,0.0,0.0
0,0,0.984375,0.015625,0.0,0.0,0.0,0.0,0.0,0.0
0,0,0.984375,0.015625,0.0,0.0,0.0,0.0,0.0,0.0
0,0,0.984375,0.015625,0.0,0.0,0.0,0.0,0.0,0.0
0,0,0.984375,0.015625,0.0,0.0,0.0,0.0,0.0,0.0
0,0,0.984375,0.015625,0.0,0.0,0.0,0.0,0.0,0.0
0,0,0.984375,0.015625,0.0,0.0,0.0,0.0,0.0,0.0
0,0,0.984375,0.015625,0.0,0.0,0.0,0.0,0.0,0.0
0,0,1.0,0.0,0.0,0.0,0.0,0.0,0.0,0.0
0,0,1.0,0.0,0.0,0.0,0.0,0.0,0.0,0.0
0,0,1.0,0.0,0.0,0.0,0.0,0.0,0.0,0.0
0,0,1.0,0.0,0.0,0.0,0.0,0.0,0.0,0.0
0,0,1.0,0.0,0.0,0.0,0.0,0.0,0.0,0.0
0,0,1.0,0.0,0.0,0.0,0.0,0.0,0.0,0.0
0,0,1.0,0.0,0.0,0.0,0.0,0.0,0.0,0.0
0,0,1.0,0.0,0.0,0.0,0.0,0.0,0.0,0.0
0,0,1.0,0.0,0.0,0.0,0.0,0.0,0.0,0.0
0,0,1.0,0.0,0.0,0.0,0.0,0.0,0.0,0.0
0,0,1.0,0.0,0.0,0.0,0.0,0.0,0.0,0.0
0,0,1.0,0.0,0.0,0.0,0.0,0.0,0.0,0.0
0,0,1.0,0.0,0.0,0.0,0.0,0.0,0.0,0.0
0,0,1.0,0.0,0.0,0.0,0.0,0.0,0.0,0.0
0,0,1.0,0.0,0.0,0.0,0.0,0.0,0.0,0.0
0,0,1.0,0.0,0.0,0.0,0.0,0.0,0.0,0.0
0,0,1.0,0.0,0.0,0.0,0.0,0.0,0.0,0.0
0,0,1.0,0.0,0.0,0.0,0.0,0.0,0.0,0.0
0,0,1.0,0.0,0.0,0.0,0.0,0.0,0.0,0.0
0,0,1.0,0.0,0.0,0.0,0.0,0.0,0.0,0.0
0,0,1.0,0.0,0.0,0.0,0.0,0.0,0.0,0.0
0,0,1.0,0.0,0.0,0.0,0.0,0.0,0.0,0.0
0,0,1.0,0.0,0.0,0.0,0.0,0.0,0.0,0.0
0,0,1.0,0.0,0.0,0.0,0.0,0.0,0.0,0.0
0,0,1.0,0.0,0.0,0.0,0.0,0.0,0.0,0.0
0,0,1.0,0.0,0.0,0.0,0.0,0.0,0.0,0.0
0,0,1.0,0.0,0.0,0.0,0.0,0.0,0.0,0.0
0,0,1.0,0.0,0.0,0.0,0.0,0.0,0.0,0.0
0,0,1.0,0.0,0.0,0.0,0.0,0.0,0.0,0.0
0,0,1.0,0.0,0.0,0.0,0.0,0.0,0.0,0.0
0,0,1.0,0.0,0.0,0.0,0.0,0.0,0.0,0.0
0,0,1.0,0.0,0.0,0.0,0.0,0.0,0.0,0.0
0,0,1.0,0.0,0.0,0.0,0.0,0.0,0.0,0.0
0,0,1.0,0.0,0.0,0.0,0.0,0.0,0.0,0.0
0,0,1.0,0.0,0.0,0.0,0.0,0.0,0.0,0.0
0,0,1.0,0.0,0.0,0.0,0.0,0.0,0.0,0.0
0,0,1.0,0.0,0.0,0.0,0.0,0.0,0.0,0.0
0,0,1.0,0.0,0.0,0.0,0.0,0.0,0.0,0.0
0,0,1.0,0.0,0.0,0.0,0.0,0.0,0.0,0.0
0,0,1.0,0.0,0.0,0.0,0.0,0.0,0.0,0.0
0,0,1.0,0.0,0.0,0.0,0.0,0.0,0.0,0.0
0,0,1.0,0.0,0.0,0.0,0.0,0.0,0.0,0.0
0,0,1.0,0.0,0.0,0.0,0.0,0.0,0.0,0.0
0,0,1.0,0.0,0.0,0.0,0.0,0.0,0.0,0.0
0,0,1.0,0.0,0.0,0.0,0.0,0.0,0.0,0.0
0,0,1.0,0.0,0.0,0.0,0.0,0.0,0.0,0.0
0,0,1.0,0.0,0.0,0.0,0.0,0.0,0.0,0.0
0,0,1.0,0.0,0.0,0.0,0.0,0.0,0.0,0.0
0,0,1.0,0.0,0.0,0.0,0.0,0.0,0.0,0.0
0,0,1.0,0.0,0.0,0.0,0.0,0.0,0.0,0.0
0,0,1.0,0.0,0.0,0.0,0.0,0.0,0.0,0.0
0,0,1.0,0.0,0.0,0.0,0.0,0.0,0.0,0.0
0,0,1.0,0.0,0.0,0.0,0.0,0.0,0.0,0.0
0,0,1.0,0.0,0.0,0.0,0.0,0.0,0.0,0.0
0,0,1.0,0.0,0.0,0.0,0.0,0.0,0.0,0.0
0,0,1.0,0.0,0.0,0.0,0.0,0.0,0.0,0.0
0,0,1.0,0.0,0.0,0.0,0.0,0.0,0.0,0.0
0,0,1.0,0.0,0.0,0.0,0.0,0.0,0.0,0.0
0,0,1.0,0.0,0.0,0.0,0.0,0.0,0.0,0.0
0,0,1.0,0.0,0.0,0.0,0.0,0.0,0.0,0.0
0,0,1.0,0.0,0.0,0.0,0.0,0.0,0.0,0.0
0,0,1.0,0.0,0.0,0.0,0.0,0.0,0.0,0.0
0,0,1.0,0.0,0.0,0.0,0.0,0.0,0.0,0.0
0,0,1.0,0.0,0.0,0.0,0.0,0.0,0.0,0.0
0,0,1.0,0.0,0.0,0.0,0.0,0.0,0.0,0.0
0,0,1.0,0.0,0.0,0.0,0.0,0.0,0.0,0.0
0,0,1.0,0.0,0.0,0.0,0.0,0.0,0.0,0.0
0,0,1.0,0.0,0.0,0.0,0.0,0.0,0.0,0.0
0,0,1.0,0.0,0.0,0.0,0.0,0.0,0.0,0.0
0,0,1.0,0.0,0.0,0.0,0.0,0.0,0.0,0.0
0,0,1.0,0.0,0.0,0.0,0.0,0.0,0.0,0.0
0,0,1.0,0.0,0.0,0.0,0.0,0.0,0.0,0.0
0,0,1.0,0.0,0.0,0.0,0.0,0.0,0.0,0.0
0,0,1.0,0.0,0.0,0.0,0.0,0.0,0.0,0.0
0,0,1.0,0.0,0.0,0.0,0.0,0.0,0.0,0.0
0,0,1.0,0.0,0.0,0.0,0.0,0.0,0.0,0.0
0,0,1.0,0.0,0.0,0.0,0.0,0.0,0.0,0.0
0,0,1.0,0.0,0.0,0.0,0.0,0.0,0.0,0.0
0,0,1.0,0.0,0.0,0.0,0.0,0.0,0.0,0.0
0,0,1.0,0.0,0.0,0.0,0.0,0.0,0.0,0.0
0,0,1.0,0.0,0.0,0.0,0.0,0.0,0.0,0.0
0,0,1.0,0.0,0.0,0.0,0.0,0.0,0.0,0.0
0,0,1.0,0.0,0.0,0.0,0.0,0.0,0.0,0.0
0,0,1.0,0.0,0.0,0.0,0.0,0.0,0.0,0.0
0,0,1.0,0.0,0.0,0.0,0.0,0.0,0.0,0.0
0,0,1.0,0.0,0.0,0.0,0.0,0.0,0.0,0.0
0,0,1.0,0.0,0.0,0.0,0.0,0.0,0.0,0.0
0,0,1.0,0.0,0.0,0.0,0.0,0.0,0.0,0.0
0,0,1.0,0.0,0.0,0.0,0.0,0.0,0.0,0.0
0,0,1.0,0.0,0.0,0.0,0.0,0.0,0.0,0.0
0,0,1.0,0.0,0.0,0.0,0.0,0.0,0.0,0.0
0,0,1.0,0.0,0.0,0.0,0.0,0.0,0.0,0.0
0,0,1.0,0.0,0.0,0.0,0.0,0.0,0.0,0.0
0,0,1.0,0.0,0.0,0.0,0.0,0.0,0.0,0.0
0,0,1.0,0.0,0.0,0.0,0.0,0.0,0.0,0.0
0,0,1.0,0.0,0.0,0.0,0.0,0.0,0.0,0.0
0,0,1.0,0.0,0.0,0.0,0.0,0.0,0.0,0.0
0,0,1.0,0.0,0.0,0.0,0.0,0.0,0.0,0.0
0,0,1.0,0.0,0.0,0.0,0.0,0.0,0.0,0.0
0,0,1.0,0.0,0.0,0.0,0.0,0.0,0.0,0.0
0,0,1.0,0.0,0.0,0.0,0.0,0.0,0.0,0.0
0,0,1.0,0.0,0.0,0.0,0.0,0.0,0.0,0.0
0,0,1.0,0.0,0.0,0.0,0.0,0.0,0.0,0.0
0,0,1.0,0.0,0.0,0.0,0.0,0.0,0.0,0.0
0,0,1.0,0.0,0.0,0.0,0.0,0.0,0.0,0.0
0,0,1.0,0.0,0.0,0.0,0.0,0.0,0.0,0.0
0,0,1.0,0.0,0.0,0.0,0.0,0.0,0.0,0.0
0,0,1.0,0.0,0.0,0.0,0.0,0.0,0.0,0.0
0,0,1.0,0.0,0.0,0.0,0.0,0.0,0.0,0.0
0,0,1.0,0.0,0.0,0.0,0.0,0.0,0.0,0.0
0,0,1.0,0.0,0.0,0.0,0.0,0.0,0.0,0.0
0,0,1.0,0.0,0.0,0.0,0.0,0.0,0.0,0.0
0,0,1.0,0.0,0.0,0.0,0.0,0.0,0.0,0.0
0,0,1.0,0.0,0.0,0.0,0.0,0.0,0.0,0.0
0,0,1.0,0.0,0.0,0.0,0.0,0.0,0.0,0.0
0,0,1.0,0.0,0.0,0.0,0.0,0.0,0.0,0.0
0,0,1.0,0.0,0.0,0.0,0.0,0.0,0.0,0.0
0,0,1.0,0.0,0.0,0.0,0.0,0.0,0.0,0.0
0,0,1.0,0.0,0.0,0.0,0.0,0.0,0.0,0.0
0,0,1.0,0.0,0.0,0.0,0.0,0.0,0.0,0.0
0,0,1.0,0.0,0.0,0.0,0.0,0.0,0.0,0.0
0,0,1.0,0.0,0.0,0.0,0.0,0.0,0.0,0.0
0,0,1.0,0.0,0.0,0.0,0.0,0.0,0.0,0.0
0,0,1.0,0.0,0.0,0.0,0.0,0.0,0.0,0.0
0,0,1.0,0.0,0.0,0.0,0.0,0.0,0.0,0.0
0,0,1.0,0.0,0.0,0.0,0.0,0.0,0.0,0.0
0,0,1.0,0.0,0.0,0.0,0.0,0.0,0.0,0.0
0,0,1.0,0.0,0.0,0.0,0.0,0.0,0.0,0.0
0,0,1.0,0.0,0.0,0.0,0.0,0.0,0.0,0.0
0,0,1.0,0.0,0.0,0.0,0.0,0.0,0.0,0.0
0,0,1.0,0.0,0.0,0.0,0.0,0.0,0.0,0.0
0,0,1.0,0.0,0.0,0.0,0.0,0.0,0.0,0.0
0,0,1.0,0.0,0.0,0.0,0.0,0.0,0.0,0.0
0,0,1.0,0.0,0.0,0.0,0.0,0.0,0.0,0.0
0,0,1.0,0.0,0.0,0.0,0.0,0.0,0.0,0.0
0,0,1.0,0.0,0.0,0.0,0.0,0.0,0.0,0.0
0,0,1.0,0.0,0.0,0.0,0.0,0.0,0.0,0.0
0,0,1.0,0.0,0.0,0.0,0.0,0.0,0.0,0.0
0,0,1.0,0.0,0.0,0.0,0.0,0.0,0.0,0.0
0,0,1.0,0.0,0.0,0.0,0.0,0.0,0.0,0.0
0,0,1.0,0.0,0.0,0.0,0.0,0.0,0.0,0.0
0,0,1.0,0.0,0.0,0.0,0.0,0.0,0.0,0.0
0,0,1.0,0.0,0.0,0.0,0.0,0.0,0.0,0.0
0,0,1.0,0.0,0.0,0.0,0.0,0.0,0.0,0.0
0,0,1.0,0.0,0.0,0.0,0.0,0.0,0.0,0.0
0,0,1.0,0.0,0.0,0.0,0.0,0.0,0.0,0.0
0,0,1.0,0.0,0.0,0.0,0.0,0.0,0.0,0.0
0,0,1.0,0.0,0.0,0.0,0.0,0.0,0.0,0.0
0,0,1.0,0.0,0.0,0.0,0.0,0.0,0.0,0.0
0,0,1.0,0.0,0.0,0.0,0.0,0.0,0.0,0.0
0,0,1.0,0.0,0.0,0.0,0.0,0.0,0.0,0.0
0,0,1.0,0.0,0.0,0.0,0.0,0.0,0.0,0.0
0,0,1.0,0.0,0.0,0.0,0.0,0.0,0.0,0.0
0,0,1.0,0.0,0.0,0.0,0.0,0.0,0.0,0.0
0,0,1.0,0.0,0.0,0.0,0.0,0.0,0.0,0.0
0,0,1.0,0.0,0.0,0.0,0.0,0.0,0.0,0.0
0,0,1.0,0.0,0.0,0.0,0.0,0.0,0.0,0.0
0,0,1.0,0.0,0.0,0.0,0.0,0.0,0.0,0.0
0,0,1.0,0.0,0.0,0.0,0.0,0.0,0.0,0.0
0,0,1.0,0.0,0.0,0.0,0.0,0.0,0.0,0.0
0,0,1.0,0.0,0.0,0.0,0.0,0.0,0.0,0.0
0,0,1.0,0.0,0.0,0.0,0.0,0.0,0.0,0.0
0,0,1.0,0.0,0.0,0.0,0.0,0.0,0.0,0.0
0,0,1.0,0.0,0.0,0.0,0.0,0.0,0.0,0.0
0,0,1.0,0.0,0.0,0.0,0.0,0.0,0.0,0.0
0,0,1.0,0.0,0.0,0.0,0.0,0.0,0.0,0.0
0,0,1.0,0.0,0.0,0.0,0.0,0.0,0.0,0.0
0,0,1.0,0.0,0.0,0.0,0.0,0.0,0.0,0.0
0,0,1.0,0.0,0.0,0.0,0.0,0.0,0.0,0.0
0,0,1.0,0.0,0.0,0.0,0.0,0.0,0.0,0.0
0,0,1.0,0.0,0.0,0.0,0.0,0.0,0.0,0.0
0,0,1.0,0.0,0.0,0.0,0.0,0.0,0.0,0.0
0,0,1.0,0.0,0.0,0.0,0.0,0.0,0.0,0.0
0,0,1.0,0.0,0.0,0.0,0.0,0.0,0.0,0.0
0,0,1.0,0.0,0.0,0.0,0.0,0.0,0.0,0.0
0,0,1.0,0.0,0.0,0.0,0.0,0.0,0.0,0.0
0,0,1.0,0.0,0.0,0.0,0.0,0.0,0.0,0.0
0,0,1.0,0.0,0.0,0.0,0.0,0.0,0.0,0.0
0,0,1.0,0.0,0.0,0.0,0.0,0.0,0.0,0.0
0,0,1.0,0.0,0.0,0.0,0.0,0.0,0.0,0.0
0,0,0.984375,0.015625,0.0,0.0,0.0,0.0,0.0,0.0
0,0,0.984375,0.015625,0.0,0.0,0.0,0.0,0.0,0.0
0,0,0.984375,0.015625,0.0,0.0,0.0,0.0,0.0,0.0
0,0,0.984375,0.015625,0.0,0.0,0.0,0.0,0.0,0.0
0,0,0.984375,0.015625,0.0,0.0,0.0,0.0,0.0,0.0
0,0,0.984375,0.015625,0.0,0.0,0.0,0.0,0.0,0.0
0,0,0.984375,0.015625,0.0,0.0,0.0,0.0,0.0,0.0
0,0,0.984375,0.015625,0.0,0.0,0.0,0.0,0.0,0.0
0,0,0.984375,0.015625,0.0,0.0,0.0,0.0,0.0,0.0
0,0,0.984375,0.015625,0.0,0.0,0.0,0.0,0.0,0.0
0,0,0.984375,0.015625,0.0,0.0,0.0,0.0,0.0,0.0
0,0,0.984375,0.015625,0.0,0.0,0.0,0.0,0.0,0.0
0,0,1.0,0.0,0.0,0.0,0.0,0.0,0.0,0.0
0,0,1.0,0.0,0.0,0.0,0.0,0.0,0.0,0.0
0,0,1.0,0.0,0.0,0.0,0.0,0.0,0.0,0.0
0,0,1.0,0.0,0.0,0.0,0.0,0.0,0.0,0.0
0,0,1.0,0.0,0.0,0.0,0.0,0.0,0.0,0.0
0,0,1.0,0.0,0.0,0.0,0.0,0.0,0.0,0.0
0,0,1.0,0.0,0.0,0.0,0.0,0.0,0.0,0.0
0,0,1.0,0.0,0.0,0.0,0.0,0.0,0.0,0.0
0,0,1.0,0.0,0.0,0.0,0.0,0.0,0.0,0.0
0,0,1.0,0.0,0.0,0.0,0.0,0.0,0.0,0.0
0,0,1.0,0.0,0.0,0.0,0.0,0.0,0.0,0.0
0,0,1.0,0.0,0.0,0.0,0.0,0.0,0.0,0.0
0,0,1.0,0.0,0.0,0.0,0.0,0.0,0.0,0.0
0,0,1.0,0.0,0.0,0.0,0.0,0.0,0.0,0.0
0,0,1.0,0.0,0.0,0.0,0.0,0.0,0.0,0.0
0,0,1.0,0.0,0.0,0.0,0.0,0.0,0.0,0.0
0,0,1.0,0.0,0.0,0.0,0.0,0.0,0.0,0.0
0,0,1.0,0.0,0.0,0.0,0.0,0.0,0.0,0.0
0,0,1.0,0.0,0.0,0.0,0.0,0.0,0.0,0.0
0,0,1.0,0.0,0.0,0.0,0.0,0.0,0.0,0.0
0,0,1.0,0.0,0.0,0.0,0.0,0.0,0.0,0.0
0,0,1.0,0.0,0.0,0.0,0.0,0.0,0.0,0.0
0,0,1.0,0.0,0.0,0.0,0.0,0.0,0.0,0.0
0,0,1.0,0.0,0.0,0.0,0.0,0.0,0.0,0.0
0,0,1.0,0.0,0.0,0.0,0.0,0.0,0.0,0.0
0,0,1.0,0.0,0.0,0.0,0.0,0.0,0.0,0.0
0,0,1.0,0.0,0.0,0.0,0.0,0.0,0.0,0.0
0,0,1.0,0.0,0.0,0.0,0.0,0.0,0.0,0.0
0,0,1.0,0.0,0.0,0.0,0.0,0.0,0.0,0.0
0,0,1.0,0.0,0.0,0.0,0.0,0.0,0.0,0.0
0,0,1.0,0.0,0.0,0.0,0.0,0.0,0.0,0.0
0,0,1.0,0.0,0.0,0.0,0.0,0.0,0.0,0.0
0,0,1.0,0.0,0.0,0.0,0.0,0.0,0.0,0.0
0,0,1.0,0.0,0.0,0.0,0.0,0.0,0.0,0.0
0,0,1.0,0.0,0.0,0.0,0.0,0.0,0.0,0.0
0,0,1.0,0.0,0.0,0.0,0.0,0.0,0.0,0.0
0,0,1.0,0.0,0.0,0.0,0.0,0.0,0.0,0.0
0,0,1.0,0.0,0.0,0.0,0.0,0.0,0.0,0.0
0,0,1.0,0.0,0.0,0.0,0.0,0.0,0.0,0.0
0,0,1.0,0.0,0.0,0.0,0.0,0.0,0.0,0.0
0,0,1.0,0.0,0.0,0.0,0.0,0.0,0.0,0.0
0,0,1.0,0.0,0.0,0.0,0.0,0.0,0.0,0.0
0,0,1.0,0.0,0.0,0.0,0.0,0.0,0.0,0.0
0,0,1.0,0.0,0.0,0.0,0.0,0.0,0.0,0.0
0,0,1.0,0.0,0.0,0.0,0.0,0.0,0.0,0.0
0,0,1.0,0.0,0.0,0.0,0.0,0.0,0.0,0.0
0,0,1.0,0.0,0.0,0.0,0.0,0.0,0.0,0.0
0,0,1.0,0.0,0.0,0.0,0.0,0.0,0.0,0.0
0,0,0.984375,0.0,0.0,0.0,0.0,0.0,0.0,0.015625
0,0,0.984375,0.0,0.0,0.0,0.0,0.0,0.0,0.015625
0,0,0.984375,0.0,0.0,0.0,0.0,0.0,0.0,0.015625
0,0,0.984375,0.0,0.0,0.0,0.0,0.0,0.0,0.015625
0,0,0.984375,0.0,0.0,0.0,0.0,0.0,0.0,0.015625
0,0,0.984375,0.0,0.0,0.0,0.0,0.0,0.0,0.015625
0,0,0.984375,0.0,0.0,0.0,0.0,0.0,0.0,0.015625
0,0,0.984375,0.0,0.0,0.0,0.0,0.0,0.0,0.015625
0,0,0.984375,0.0,0.0,0.0,0.0,0.0,0.0,0.015625
0,0,0.984375,0.0,0.0,0.0,0.0,0.0,0.0,0.015625
0,0,0.984375,0.0,0.0,0.0,0.0,0.0,0.0,0.015625
0,0,0.984375,0.0,0.0,0.0,0.0,0.0,0.0,0.015625
0,0,0.984375,0.0,0.0,0.0,0.0,0.0,0.0,0.015625
0,0,0.984375,0.0,0.0,0.0,0.0,0.0,0.0,0.015625
0,0,0.984375,0.0,0.0,0.0,0.0,0.0,0.0,0.015625
0,0,0.984375,0.0,0.0,0.0,0.0,0.0,0.0,0.015625
0,0,0.984375,0.0,0.0,0.0,0.0,0.0,0.0,0.015625
0,0,0.984375,0.0,0.0,0.0,0.0,0.0,0.0,0.015625
0,0,0.984375,0.0,0.0,0.0,0.0,0.0,0.0,0.015625
0,0,0.984375,0.0,0.0,0.0,0.0,0.0,0.0,0.015625
0,0,0.984375,0.0,0.0,0.0,0.0,0.0,0.0,0.015625
0,0,0.984375,0.0,0.0,0.0,0.0,0.0,0.0,0.015625
0,0,0.984375,0.0,0.0,0.0,0.0,0.0,0.0,0.015625
0,0,0.984375,0.0,0.0,0.0,0.0,0.0,0.0,0.015625
0,0,0.984375,0.0,0.0,0.0,0.0,0.0,0.0,0.015625
0,0,0.984375,0.0,0.0,0.0,0.0,0.0,0.0,0.015625
0,0,0.984375,0.0,0.0,0.0,0.0,0.0,0.0,0.015625
0,0,0.984375,0.0,0.0,0.0,0.0,0.0,0.0,0.015625
0,0,0.984375,0.0,0.0,0.0,0.0,0.0,0.0,0.015625
0,0,0.984375,0.0,0.0,0.0,0.0,0.0,0.0,0.015625
0,0,0.984375,0.0,0.0,0.0,0.0,0.0,0.0,0.015625
0,0,0.984375,0.0,0.0,0.0,0.0,0.0,0.0,0.015625
0,0,0.984375,0.0,0.0,0.0,0.0,0.0,0.0,0.015625
0,0,0.984375,0.0,0.0,0.0,0.0,0.0,0.0,0.015625
0,0,0.984375,0.0,0.0,0.0,0.0,0.0,0.0,0.015625
0,0,0.984375,0.0,0.0,0.0,0.0,0.0,0.0,0.015625
0,0,0.984375,0.0,0.0,0.0,0.0,0.0,0.0,0.015625
0,0,0.984375,0.0,0.0,0.0,0.0,0.0,0.0,0.015625
0,0,0.984375,0.0,0.0,0.0,0.0,0.0,0.0,0.015625
0,0,0.984375,0.0,0.0,0.0,0.0,0.0,0.0,0.015625
0,0,0.984375,0.0,0.0,0.0,0.0,0.0,0.0,0.015625
0,0,0.984375,0.0,0.0,0.0,0.0,0.0,0.0,0.015625
0,0,0.984375,0.0,0.0,0.0,0.0,0.0,0.0,0.015625
0,0,0.984375,0.0,0.0,0.0,0.0,0.0,0.0,0.015625
0,0,0.984375,0.0,0.0,0.0,0.0,0.0,0.0,0.015625
0,0,0.984375,0.0,0.0,0.0,0.0,0.0,0.0,0.015625
0,0,0.984375,0.0,0.0,0.0,0.0,0.0,0.0,0.015625
0,0,0.984375,0.0,0.0,0.0,0.0,0.0,0.0,0.015625
0,0,0.984127,0.0,0.0,0.0,0.0,0.0,0.0,0.015873017
0,0,0.984127,0.0,0.0,0.0,0.0,0.0,0.0,0.015873017
0,0,0.984127,0.0,0.0,0.0,0.0,0.0,0.0,0.015873017
0,0,0.984127,0.0,0.0,0.0,0.0,0.0,0.0,0.015873017
0,0,0.984127,0.0,0.0,0.0,0.0,0.0,0.0,0.015873017
0,0,0.984127,0.0,0.0,0.0,0.0,0.0,0.0,0.015873017
0,0,0.983871,0.0,0.0,0.0,0.0,0.0,0.0,0.016129032
0,0,0.983871,0.0,0.0,0.0,0.0,0.0,0.0,0.016129032
0,0,0.983871,0.0,0.0,0.0,0.0,0.0,0.0,0.016129032
0,0,0.983871,0.0,0.0,0.0,0.0,0.0,0.0,0.016129032
0,0,0.983871,0.0,0.0,0.0,0.0,0.0,0.0,0.016129032
0,0,0.983871,0.0,0.0,0.0,0.0,0.0,0.0,0.016129032
0,0,0.983871,0.0,0.0,0.0,0.0,0.0,0.0,0.016129032
0,0,0.983871,0.0,0.0,0.0,0.0,0.0,0.0,0.016129032
0,0,0.983871,0.0,0.0,0.0,0.0,0.0,0.0,0.016129032
0,0,0.983871,0.0,0.0,0.0,0.0,0.0,0.0,0.016129032
0,0,0.983871,0.0,0.0,0.0,0.0,0.0,0.0,0.016129032
0,0,0.983871,0.0,0.0,0.0,0.0,0.0,0.0,0.016129032
0,0,0.983871,0.0,0.0,0.0,0.0,0.0,0.0,0.016129032
0,0,0.983871,0.0,0.0,0.0,0.0,0.0,0.0,0.016129032
0,0,0.983871,0.0,0.0,0.0,0.0,0.0,0.0,0.016129032
0,0,0.983871,0.0,0.0,0.0,0.0,0.0,0.0,0.016129032
0,0,0.983871,0.0,0.0,0.0,0.0,0.0,0.0,0.016129032
0,0,0.9836066,0.0,0.0,0.0,0.0,0.0,0.0,0.016393442
0,0,0.96666664,0.016666668,0.0,0.0,0.0,0.0,0.0,0.016666668
0,0,0.96666664,0.016666668,0.0,0.0,0.0,0.0,0.0,0.016666668
0,0,0.96666664,0.016666668,0.0,0.0,0.0,0.0,0.0,0.016666668
0,0,0.96666664,0.016666668,0.0,0.0,0.0,0.0,0.0,0.016666668
0,0,0.96666664,0.016666668,0.0,0.0,0.0,0.0,0.0,0.016666668
0,0,0.96666664,0.016666668,0.0,0.0,0.0,0.0,0.0,0.016666668
0,0,0.9661017,0.016949153,0.0,0.0,0.0,0.0,0.0,0.016949153
0,0,0.9661017,0.016949153,0.0,0.0,0.0,0.0,0.0,0.016949153
0,0,0.94827586,0.01724138,0.0,0.0,0.0,0.01724138,0.0,0.01724138
0,0,0.94827586,0.01724138,0.0,0.0,0.0,0.01724138,0.0,0.01724138
0,0,0.94827586,0.01724138,0.0,0.0,0.0,0.01724138,0.0,0.01724138
0,0,0.94827586,0.01724138,0.0,0.0,0.0,0.01724138,0.0,0.01724138
0,0,0.94827586,0.01724138,0.0,0.0,0.0,0.01724138,0.0,0.01724138
0,0,0.94827586,0.01724138,0.0,0.0,0.0,0.01724138,0.0,0.01724138
0,0,0.94827586,0.01724138,0.0,0.0,0.0,0.01724138,0.0,0.01724138
0,0,0.94827586,0.01724138,0.0,0.0,0.0,0.01724138,0.0,0.01724138
0,0,0.94736844,0.01754386,0.0,0.0,0.0,0.01754386,0.0,0.01754386
0,0,0.94736844,0.01754386,0.0,0.0,0.0,0.01754386,0.0,0.01754386
0,0,0.94736844,0.01754386,0.0,0.0,0.0,0.01754386,0.0,0.01754386
0,0,0.94736844,0.01754386,0.0,0.0,0.0,0.01754386,0.0,0.01754386
0,0,0.94736844,0.01754386,0.0,0.0,0.0,0.01754386,0.0,0.01754386
0,0,0.94736844,0.01754386,0.0,0.0,0.0,0.01754386,0.0,0.01754386
0,0,0.94736844,0.01754386,0.0,0.0,0.0,0.01754386,0.0,0.01754386
0,0,0.94736844,0.01754386,0.0,0.0,0.0,0.01754386,0.0,0.01754386
0,0,0.94736844,0.01754386,0.0,0.0,0.0,0.01754386,0.0,0.01754386
0,0,0.94736844,0.01754386,0.0,0.0,0.0,0.01754386,0.0,0.01754386
0,0,0.94736844,0.01754386,0.0,0.0,0.0,0.01754386,0.0,0.01754386
0,0,0.94736844,0.01754386,0.0,0.0,0.0,0.01754386,0.0,0.01754386
0,0,0.9464286,0.017857144,0.0,0.0,0.0,0.017857144,0.0,0.017857144
0,0,0.9464286,0.017857144,0.0,0.0,0.0,0.017857144,0.0,0.017857144
0,0,0.9464286,0.017857144,0.0,0.0,0.0,0.017857144,0.0,0.017857144
0,0,0.94545454,0.018181818,0.0,0.0,0.0,0.018181818,0.0,0.018181818
0,0,0.94545454,0.018181818,0.0,0.0,0.0,0.018181818,0.0,0.018181818
0,0,0.94545454,0.018181818,0.0,0.0,0.0,0.018181818,0.0,0.018181818
0,0,0.94545454,0.018181818,0.0,0.0,0.0,0.018181818,0.0,0.018181818
0,0,0.9444444,0.018518519,0.0,0.0,0.0,0.018518519,0.0,0.018518519
0,0,0.9444444,0.018518519,0.0,0.0,0.0,0.018518519,0.0,0.018518519
0,0,0.9444444,0.018518519,0.0,0.0,0.0,0.018518519,0.0,0.018518519
0,0,0.9444444,0.018518519,0.0,0.0,0.0,0.018518519,0.0,0.018518519
0,0,0.9444444,0.018518519,0.0,0.0,0.0,0.018518519,0.0,0.018518519
0,0,0.9444444,0.018518519,0.0,0.0,0.0,0.018518519,0.0,0.018518519
0,0,0.9444444,0.018518519,0.0,0.0,0.0,0.018518519,0.0,0.018518519
0,0,0.9444444,0.0,0.0,0.0,0.0,0.037037037,0.0,0.018518519
0,0,0.9444444,0.0,0.0,0.0,0.0,0.037037037,0.0,0.018518519
0,0,0.9433962,0.0,0.0,0.0,0.0,0.03773585,0.0,0.018867925
0,0,0.9433962,0.0,0.0,0.0,0.0,0.03773585,0.0,0.018867925
0,0,0.9433962,0.0,0.0,0.0,0.0,0.03773585,0.0,0.018867925
0,0,0.9433962,0.0,0.0,0.0,0.0,0.03773585,0.0,0.018867925
0,0,0.9230769,0.0,0.0,0.0,0.0,0.057692308,0.0,0.01923077
0,0,0.9230769,0.0,0.0,0.0,0.0,0.057692308,0.0,0.01923077
0,0,0.9230769,0.0,0.0,0.0,0.0,0.057692308,0.0,0.01923077
0,0,0.9230769,0.0,0.0,0.0,0.0,0.057692308,0.0,0.01923077
0,0,0.9230769,0.0,0.0,0.0,0.0,0.057692308,0.0,0.01923077
0,0,0.9230769,0.0,0.0,0.0,0.0,0.057692308,0.0,0.01923077
0,0,0.9230769,0.0,0.0,0.0,0.0,0.057692308,0.0,0.01923077
0,0,0.9230769,0.0,0.0,0.0,0.0,0.057692308,0.0,0.01923077
0,0,0.86538464,0.03846154,0.0,0.0,0.0,0.07692308,0.0,0.01923077
0,0,0.86538464,0.03846154,0.0,0.0,0.0,0.07692308,0.0,0.01923077
0,0,0.86538464,0.03846154,0.0,0.0,0.0,0.07692308,0.0,0.01923077
0,0,0.86538464,0.03846154,0.0,0.0,0.0,0.07692308,0.0,0.01923077
0,0,0.8627451,0.039215688,0.0,0.0,0.0,0.078431375,0.0,0.019607844
0,0,0.8627451,0.039215688,0.0,0.0,0.0,0.078431375,0.0,0.019607844
0,0,0.8627451,0.039215688,0.0,0.0,0.0,0.078431375,0.0,0.019607844
0,0,0.84313726,0.039215688,0.0,0.0,0.0,0.09803922,0.0,0.019607844
0,0,0.84313726,0.039215688,0.0,0.0,0.0,0.09803922,0.0,0.019607844
0,0,0.84313726,0.039215688,0.0,0.0,0.0,0.09803922,0.0,0.019607844
0,0,0.84,0.04,0.0,0.0,0.0,0.1,0.0,0.02
0,0,0.84,0.04,0.0,0.0,0.0,0.1,0.0,0.02
0,0,0.84,0.04,0.0,0.0,0.0,0.1,0.0,0.02
0,0,0.84,0.04,0.0,0.0,0.0,0.1,0.0,0.02
0,0,0.84,0.04,0.0,0.0,0.0,0.1,0.0,0.02
0,0,0.84,0.04,0.0,0.0,0.0,0.1,0.0,0.02
0,0,0.6666667,0.041666668,0.0,0.0,0.041666668,0.22916667,0.0,0.020833334
0,0,0.6666667,0.041666668,0.0,0.0,0.041666668,0.22916667,0.0,0.020833334
0,0,0.6666667,0.041666668,0.0,0.0,0.041666668,0.22916667,0.0,0.020833334
0,0,0.6666667,0.041666668,0.0,0.0,0.041666668,0.22916667,0.0,0.020833334
0,0,0.6458333,0.041666668,0.0,0.0,0.041666668,0.25,0.0,0.020833334
0,0,0.6458333,0.041666668,0.0,0.0,0.041666668,0.25,0.0,0.020833334
0,0,0.6458333,0.041666668,0.0,0.0,0.041666668,0.25,0.0,0.020833334
0,0,0.6458333,0.041666668,0.0,0.0,0.041666668,0.25,0.0,0.020833334
0,0,0.6041667,0.0625,0.0,0.0,0.041666668,0.27083334,0.0,0.020833334
0,0,0.6041667,0.0625,0.0,0.0,0.041666668,0.27083334,0.0,0.020833334
0,0,0.6041667,0.0625,0.0,0.0,0.041666668,0.27083334,0.0,0.020833334
0,0,0.6041667,0.0625,0.0,0.0,0.041666668,0.27083334,0.0,0.020833334
0,0,0.5833333,0.0625,0.0,0.0,0.0625,0.27083334,0.0,0.020833334
0,0,0.5833333,0.0625,0.0,0.0,0.0625,0.27083334,0.0,0.020833334
3,0,0.5833333,0.0625,0.0,0.0,0.0625,0.27083334,0.0,0.020833334
3,0,0.5833333,0.0625,0.0,0.0,0.0625,0.27083334,0.0,0.020833334
3,0,0.5625,0.0625,0.0,0.0,0.083333336,0.27083334,0.0,0.020833334
3,0,0.5625,0.0625,0.0,0.0,0.083333336,0.27083334,0.0,0.020833334
3,0,0.5625,0.0625,0.0,0.0,0.083333336,0.27083334,0.0,0.020833334
3,0,0.5625,0.0625,0.0,0.0,0.083333336,0.27083334,0.0,0.020833334
3,0,0.5625,0.0625,0.0,0.0,0.083333336,0.27083334,0.0,0.020833334
3,0,0.5625,0.0625,0.0,0.0,0.083333336,0.27083334,0.0,0.020833334
3,0,0.5531915,0.06382979,0.0,0.0,0.08510638,0.27659574,0.0,0.021276595
3,0,0.5531915,0.06382979,0.0,0.0,0.08510638,0.27659574,0.0,0.021276595
3,0,0.5,0.0625,0.0,0.0,0.083333336,0.33333334,0.0,0.020833334
3,0,0.5,0.0625,0.0,0.0,0.083333336,0.33333334,0.0,0.020833334
3,0,0.47916666,0.0625,0.0,0.0,0.104166664,0.33333334,0.0,0.020833334
3,0,0.47916666,0.0625,0.0,0.0,0.104166664,0.33333334,0.0,0.020833334
3,0,0.47916666,0.0625,0.0,0.0,0.104166664,0.33333334,0.0,0.020833334
3,0,0.47916666,0.0625,0.0,0.0,0.104166664,0.33333334,0.0,0.020833334
3,0,0.47916666,0.0625,0.0,0.0,0.104166664,0.33333334,0.0,0.020833334
3,0,0.47916666,0.0625,0.0,0.0,0.104166664,0.33333334,0.0,0.020833334
3,0,0.41666666,0.0625,0.0,0.0,0.125,0.375,0.0,0.020833334
3,0,0.41666666,0.0625,0.0,0.0,0.125,0.375,0.0,0.020833334
3,0,0.41666666,0.0625,0.0,0.0,0.125,0.375,0.0,0.020833334
3,0,0.39583334,0.0625,0.0,0.0,0.125,0.39583334,0.0,0.020833334
3,5,0.35416666,0.0625,0.0,0.0,0.125,0.4375,0.0,0.020833334
3,5,0.35416666,0.0625,0.0,0.0,0.125,0.4375,0.0,0.020833334
3,5,0.35416666,0.0625,0.0,0.0,0.125,0.4375,0.0,0.020833334
3,5,0.35416666,0.0625,0.0,0.0,0.125,0.4375,0.0,0.020833334
3,5,0.30612245,0.040816326,0.0,0.0,0.12244898,0.5102041,0.0,0.020408163
3,5,0.30612245,0.040816326,0.0,0.0,0.12244898,0.5102041,0.0,0.020408163
3,5,0.2857143,0.040816326,0.0,0.0,0.12244898,0.53061223,0.0,0.020408163
3,5,0.2857143,0.020408163,0.0,0.0,0.12244898,0.5510204,0.0,0.020408163
3,5,0.2857143,0.020408163,0.0,0.0,0.12244898,0.5510204,0.0,0.020408163
3,5,0.2857143,0.020408163,0.0,0.0,0.12244898,0.5510204,0.0,0.020408163
3,5,0.2857143,0.020408163,0.0,0.0,0.12244898,0.5510204,0.0,0.020408163
3,5,0.2857143,0.020408163,0.0,0.0,0.12244898,0.5510204,0.0,0.020408163
3,5,0.22,0.02,0.0,0.0,0.04,0.7,0.0,0.02
3,5,0.22,0.02,0.0,0.0,0.04,0.7,0.0,0.02
3,5,0.21568628,0.019607844,0.0,0.0,0.039215688,0.7058824,0.0,0.019607844
3,5,0.21153846,0.01923077,0.0,0.0,0.03846154,0.71153843,0.0,0.01923077
3,5,0.17307693,0.01923077,0.0,0.0,0.03846154,0.75,0.0,0.01923077
3,5,0.17307693,0.01923077,0.0,0.0,0.03846154,0.75,0.0,0.01923077
3,5,0.17307693,0.01923077,0.0,0.0,0.03846154,0.75,0.0,0.01923077
3,5,0.17307693,0.01923077,0.0,0.0,0.03846154,0.75,0.0,0.01923077
3,5,0.16981132,0.018867925,0.0,0.0,0.03773585,0.754717,0.0,0.018867925
3,5,0.16981132,0.018867925,0.0,0.0,0.03773585,0.754717,0.0,0.018867925
3,5,0.16981132,0.018867925,0.0,0.0,0.03773585,0.754717,0.0,0.018867925
3,5,0.16981132,0.018867925,0.0,0.0,0.03773585,0.754717,0.0,0.018867925
3,5,0.14814815,0.018518519,0.0,0.0,0.037037037,0.7777778,0.0,0.018518519
3,5,0.14814815,0.018518519,0.0,0.0,0.037037037,0.7777778,0.0,0.018518519
3,5,0.14814815,0.018518519,0.0,0.0,0.037037037,0.7777778,0.0,0.018518519
3,5,0.14814815,0.018518519,0.0,0.0,0.037037037,0.7777778,0.0,0.018518519
3,5,0.14545454,0.018181818,0.0,0.0,0.018181818,0.8,0.0,0.018181818
3,5,0.14545454,0.018181818,0.0,0.0,0.018181818,0.8,0.0,0.018181818
3,5,0.12727273,0.018181818,0.0,0.0,0.018181818,0.8181818,0.0,0.018181818
3,5,0.12727273,0.018181818,0.0,0.0,0.018181818,0.8181818,0.0,0.018181818
3,5,0.125,0.017857144,0.0,0.0,0.017857144,0.8214286,0.0,0.017857144
3,5,0.125,0.017857144,0.0,0.0,0.017857144,0.8214286,0.0,0.017857144
3,5,0.125,0.017857144,0.0,0.0,0.017857144,0.8214286,0.0,0.017857144
3,5,0.125,0.017857144,0.0,0.0,0.017857144,0.8214286,0.0,0.017857144
3,5,0.10714286,0.017857144,0.0,0.0,0.017857144,0.83928573,0.0,0.017857144
3,5,0.10714286,0.017857144,0.0,0.0,0.017857144,0.83928573,0.0,0.017857144
3,5,0.10714286,0.017857144,0.0,0.0,0.017857144,0.83928573,0.0,0.017857144
3,5,0.10714286,0.017857144,0.0,0.0,0.017857144,0.83928573,0.0,0.017857144
3,5,0.10714286,0.017857144,0.0,0.0,0.017857144,0.83928573,0.0,0.017857144
3,5,0.10714286,0.017857144,0.0,0.0,0.017857144,0.83928573,0.0,0.017857144
3,5,0.10714286,0.017857144,0.0,0.0,0.017857144,0.83928573,0.0,0.017857144
3,5,0.10714286,0.017857144,0.0,0.0,0.017857144,0.83928573,0.0,0.017857144
3,5,0.0877193,0.01754386,0.0,0.0,0.01754386,0.8596491,0.0,0.01754386
3,5,0.0877193,0.01754386,0.0,0.0,0.01754386,0.8596491,0.0,0.01754386
3,5,0.0877193,0.01754386,0.0,0.0,0.01754386,0.8596491,0.0,0.01754386
3,5,0.0877193,0.01754386,0.0,0.0,0.01754386,0.8596491,0.0,0.01754386
3,5,0.0877193,0.01754386,0.0,0.0,0.01754386,0.8596491,0.0,0.01754386
3,5,0.0877193,0.01754386,0.0,0.0,0.01754386,0.8596491,0.0,0.01754386
3,5,0.0877193,0.01754386,0.0,0.0,0.01754386,0.8596491,0.0,0.01754386
3,5,0.0877193,0.01754386,0.0,0.0,0.01754386,0.8596491,0.0,0.01754386
3,5,0.0877193,0.01754386,0.0,0.0,0.01754386,0.8596491,0.0,0.01754386
3,5,0.0877193,0.01754386,0.0,0.0,0.01754386,0.8596491,0.0,0.01754386
3,5,0.0877193,0.01754386,0.0,0.0,0.01754386,0.8596491,0.0,0.01754386
3,5,0.0877193,0.01754386,0.0,0.0,0.01754386,0.8596491,0.0,0.01754386
3,5,0.0877193,0.01754386,0.0,0.0,0.01754386,0.8596491,0.0,0.01754386
3,5,0.0877193,0.01754386,0.0,0.0,0.01754386,0.8596491,0.0,0.01754386
3,5,0.0877193,0.01754386,0.0,0.0,0.01754386,0.8596491,0.0,0.01754386
3,5,0.0877193,0.01754386,0.0,0.0,0.01754386,0.8596491,0.0,0.01754386
3,5,0.033898305,0.0,0.0,0.0,0.0,0.9661017,0.0,0.0
3,5,0.033898305,0.0,0.0,0.0,0.0,0.9661017,0.0,0.0
3,5,0.033898305,0.0,0.0,0.0,0.0,0.9661017,0.0,0.0
3,5,0.033898305,0.0,0.0,0.0,0.0,0.9661017,0.0,0.0
3,5,0.033898305,0.0,0.0,0.0,0.0,0.9661017,0.0,0.0
3,5,0.033898305,0.0,0.0,0.0,0.0,0.9661017,0.0,0.0
3,5,0.033898305,0.0,0.0,0.0,0.0,0.9661017,0.0,0.0
3,5,0.033898305,0.0,0.0,0.0,0.0,0.9661017,0.0,0.0
3,5,0.033898305,0.0,0.0,0.0,0.0,0.9661017,0.0,0.0
3,5,0.033898305,0.0,0.0,0.0,0.0,0.9661017,0.0,0.0
3,5,0.033898305,0.0,0.0,0.0,0.0,0.9661017,0.0,0.0
3,5,0.033898305,0.0,0.0,0.0,0.0,0.9661017,0.0,0.0
3,5,0.033898305,0.0,0.0,0.0,0.0,0.9661017,0.0,0.0
3,5,0.033898305,0.0,0.0,0.0,0.0,0.9661017,0.0,0.0
3,5,0.033898305,0.0,0.0,0.0,0.0,0.9661017,0.0,0.0
3,5,0.033898305,0.0,0.0,0.0,0.0,0.9661017,0.0,0.0
3,5,0.033898305,0.0,0.0,0.0,0.0,0.9661017,0.0,0.0
3,5,0.033898305,0.0,0.0,0.0,0.0,0.9661017,0.0,0.0
3,5,0.033898305,0.0,0.0,0.0,0.0,0.9661017,0.0,0.0
3,5,0.033898305,0.0,0.0,0.0,0.0,0.9661017,0.0,0.0
3,5,0.033333335,0.0,0.0,0.0,0.0,0.96666664,0.0,0.0
3,5,0.033333335,0.0,0.0,0.0,0.0,0.96666664,0.0,0.0
3,5,0.033333335,0.0,0.0,0.0,0.0,0.96666664,0.0,0.0
3,5,0.033333335,0.0,0.0,0.0,0.0,0.96666664,0.0,0.0
3,5,0.033333335,0.0,0.0,0.0,0.0,0.96666664,0.0,0.0
3,5,0.033333335,0.0,0.0,0.0,0.0,0.96666664,0.0,0.0
3,5,0.033333335,0.0,0.0,0.0,0.0,0.96666664,0.0,0.0
3,5,0.033333335,0.0,0.0,0.0,0.0,0.96666664,0.0,0.0
3,5,0.032786883,0.0,0.0,0.0,0.0,0.9672131,0.0,0.0
3,5,0.032786883,0.0,0.0,0.0,0.0,0.9672131,0.0,0.0
3,5,0.032786883,0.0,0.0,0.0,0.0,0.9672131,0.0,0.0
3,5,0.032786883,0.0,0.0,0.0,0.0,0.9672131,0.0,0.0
3,5,0.032786883,0.0,0.0,0.0,0.0,0.9672131,0.0,0.0
3,5,0.032786883,0.0,0.0,0.0,0.0,0.9672131,0.0,0.0
3,5,0.032786883,0.0,0.0,0.0,0.0,0.9672131,0.0,0.0
3,5,0.032786883,0.0,0.0,0.0,0.0,0.9672131,0.0,0.0
3,5,0.032786883,0.0,0.0,0.0,0.0,0.9672131,0.0,0.0
3,5,0.032786883,0.0,0.0,0.0,0.0,0.9672131,0.0,0.0
3,5,0.032786883,0.0,0.0,0.0,0.0,0.9672131,0.0,0.0
3,5,0.032786883,0.0,0.0,0.0,0.0,0.9672131,0.0,0.0
3,5,0.016393442,0.0,0.0,0.0,0.0,0.9836066,0.0,0.0
3,5,0.016393442,0.0,0.0,0.0,0.0,0.9836066,0.0,0.0
3,5,0.016393442,0.0,0.0,0.0,0.0,0.9836066,0.0,0.0
3,5,0.016129032,0.0,0.0,0.0,0.0,0.983871,0.0,0.0
3,5,0.016129032,0.0,0.0,0.0,0.0,0.983871,0.0,0.0
3,5,0.016129032,0.0,0.0,0.0,0.0,0.983871,0.0,0.0
3,5,0.016129032,0.0,0.0,0.0,0.0,0.983871,0.0,0.0
3,5,0.016129032,0.0,0.0,0.0,0.0,0.983871,0.0,0.0
3,5,0.016129032,0.0,0.0,0.0,0.0,0.983871,0.0,0.0
3,5,0.016129032,0.0,0.0,0.0,0.0,0.983871,0.0,0.0
3,5,0.016129032,0.0,0.0,0.0,0.0,0.983871,0.0,0.0
3,5,0.016129032,0.0,0.0,0.0,0.0,0.983871,0.0,0.0
3,5,0.015873017,0.0,0.0,0.0,0.0,0.984127,0.0,0.0
3,5,0.015873017,0.0,0.0,0.0,0.0,0.984127,0.0,0.0
3,5,0.015873017,0.0,0.0,0.0,0.0,0.984127,0.0,0.0
3,5,0.015873017,0.0,0.0,0.0,0.0,0.984127,0.0,0.0
3,5,0.015873017,0.0,0.0,0.0,0.0,0.984127,0.0,0.0
3,5,0.015873017,0.0,0.0,0.0,0.0,0.984127,0.0,0.0
3,5,0.015873017,0.0,0.0,0.0,0.0,0.984127,0.0,0.0
3,5,0.015873017,0.0,0.0,0.0,0.0,0.984127,0.0,0.0
3,5,0.015873017,0.0,0.0,0.0,0.0,0.984127,0.0,0.0
3,5,0.015873017,0.0,0.0,0.0,0.0,0.984127,0.0,0.0
3,5,0.015873017,0.0,0.0,0.0,0.0,0.984127,0.0,0.0
3,5,0.015873017,0.0,0.0,0.0,0.0,0.984127,0.0,0.0
3,5,0.015873017,0.0,0.0,0.0,0.0,0.984127,0.0,0.0
3,5,0.015873017,0.0,0.0,0.0,0.0,0.984127,0.0,0.0
3,5,0.015873017,0.0,0.0,0.0,0.0,0.984127,0.0,0.0
3,5,0.015625,0.0,0.0,0.0,0.0,0.984375,0.0,0.0
3,5,0.015625,0.0,0.0,0.0,0.0,0.984375,0.0,0.0
3,5,0.015625,0.0,0.0,0.0,0.0,0.984375,0.0,0.0
3,5,0.015625,0.0,0.0,0.0,0.0,0.984375,0.0,0.0
3,5,0.015625,0.0,0.0,0.0,0.0,0.984375,0.0,0.0
3,5,0.015625,0.0,0.0,0.0,0.0,0.984375,0.0,0.0
3,5,0.015625,0.0,0.0,0.0,0.0,0.984375,0.0,0.0
3,5,0.015625,0.0,0.0,0.0,0.0,0.984375,0.0,0.0
3,5,0.015625,0.0,0.0,0.0,0.0,0.984375,0.0,0.0
3,5,0.015625,0.0,0.0,0.0,0.0,0.984375,0.0,0.0
3,5,0.015625,0.0,0.0,0.0,0.0,0.984375,0.0,0.0
3,5,0.015625,0.0,0.0,0.0,0.0,0.984375,0.0,0.0
3,5,0.015625,0.0,0.0,0.0,0.0,0.984375,0.0,0.0
3,5,0.015625,0.0,0.0,0.0,0.0,0.984375,0.0,0.0
3,5,0.015625,0.0,0.0,0.0,0.0,0.984375,0.0,0.0
3,5,0.015625,0.0,0.0,0.0,0.0,0.984375,0.0,0.0
3,5,0.015625,0.0,0.0,0.0,0.0,0.984375,0.0,0.0
3,5,0.015625,0.0,0.0,0.0,0.0,0.984375,0.0,0.0
3,5,0.015625,0.0,0.0,0.0,0.0,0.984375,0.0,0.0
3,5,0.015625,0.0,0.0,0.0,0.0,0.984375,0.0,0.0
3,5,0.015625,0.0,0.0,0.0,0.0,0.984375,0.0,0.0
3,5,0.015625,0.0,0.0,0.0,0.0,0.984375,0.0,0.0
3,5,0.015625,0.0,0.0,0.0,0.0,0.984375,0.0,0.0
3,5,0.015625,0.0,0.0,0.0,0.0,0.984375,0.0,0.0
3,5,0.015625,0.0,0.0,0.0,0.0,0.984375,0.0,0.0
3,5,0.015625,0.0,0.0,0.0,0.0,0.984375,0.0,0.0
3,5,0.015625,0.0,0.0,0.0,0.0,0.984375,0.0,0.0
3,5,0.015625,0.0,0.0,0.0,0.0,0.984375,0.0,0.0
3,5,0.015625,0.0,0.0,0.0,0.0,0.984375,0.0,0.0
3,5,0.015625,0.0,0.0,0.0,0.0,0.984375,0.0,0.0
3,5,0.015625,0.0,0.0,0.0,0.0,0.984375,0.0,0.0
3,5,0.015625,0.0,0.0,0.0,0.0,0.984375,0.0,0.0
3,5,0.015625,0.0,0.0,0.0,0.0,0.984375,0.0,0.0
3,5,0.015625,0.0,0.0,0.0,0.0,0.984375,0.0,0.0
3,5,0.015625,0.0,0.0,0.0,0.0,0.984375,0.0,0.0
3,5,0.015625,0.0,0.0,0.0,0.0,0.984375,0.0,0.0
3,5,0.015625,0.0,0.0,0.0,0.0,0.984375,0.0,0.0
3,5,0.015625,0.0,0.0,0.0,0.0,0.984375,0.0,0.0
3,5,0.015625,0.0,0.0,0.0,0.0,0.984375,0.0,0.0
3,5,0.015625,0.0,0.0,0.0,0.0,0.984375,0.0,0.0
3,5,0.015625,0.0,0.0,0.0,0.0,0.984375,0.0,0.0
3,5,0.015625,0.0,0.0,0.0,0.0,0.984375,0.0,0.0
3,5,0.015625,0.0,0.0,0.0,0.0,0.984375,0.0,0.0
3,5,0.015625,0.0,0.0,0.0,0.0,0.984375,0.0,0.0
3,5,0.015625,0.0,0.0,0.0,0.0,0.984375,0.0,0.0
3,5,0.015625,0.0,0.0,0.0,0.0,0.984375,0.0,0.0
3,5,0.015625,0.0,0.0,0.0,0.0,0.984375,0.0,0.0
3,5,0.015625,0.0,0.0,0.0,0.0,0.984375,0.0,0.0
3,5,0.015625,0.0,0.0,0.0,0.0,0.984375,0.0,0.0
3,5,0.015625,0.0,0.0,0.0,0.0,0.984375,0.0,0.0
3,5,0.015625,0.0,0.0,0.0,0.0,0.984375,0.0,0.0
3,5,0.015625,0.0,0.0,0.0,0.0,0.984375,0.0,0.0
3,5,0.015625,0.0,0.0,0.0,0.0,0.984375,0.0,0.0
3,5,0.015625,0.0,0.0,0.0,0.0,0.984375,0.0,0.0
3,5,0.015625,0.0,0.0,0.0,0.0,0.984375,0.0,0.0
3,5,0.015625,0.0,0.0,0.0,0.0,0.984375,0.0,0.0
3,5,0.015625,0.0,0.0,0.0,0.0,0.984375,0.0,0.0
3,5,0.015625,0.0,0.0,0.0,0.0,0.984375,0.0,0.0
3,5,0.015625,0.0,0.0,0.0,0.0,0.984375,0.0,0.0
3,5,0.015625,0.0,0.0,0.0,0.0,0.984375,0.0,0.0
3,5,0.015625,0.0,0.0,0.0,0.0,0.984375,0.0,0.0
3,5,0.015625,0.0,0.0,0.0,0.0,0.984375,0.0,0.0
3,5,0.015625,0.0,0.0,0.0,0.0,0.984375,0.0,0.0
3,5,0.015625,0.0,0.0,0.0,0.0,0.984375,0.0,0.0
3,5,0.015625,0.0,0.0,0.0,0.0,0.984375,0.0,0.0
3,5,0.015625,0.0,0.0,0.0,0.0,0.984375,0.0,0.0
3,5,0.015625,0.0,0.0,0.0,0.0,0.984375,0.0,0.0
3,5,0.015625,0.0,0.0,0.0,0.0,0.984375,0.0,0.0
3,5,0.015625,0.0,0.0,0.0,0.0,0.984375,0.0,0.0
3,5,0.015625,0.0,0.0,0.0,0.0,0.984375,0.0,0.0
3,5,0.015625,0.0,0.0,0.0,0.0,0.984375,0.0,0.0
3,5,0.015625,0.0,0.0,0.0,0.0,0.984375,0.0,0.0
3,5,0.015625,0.0,0.0,0.0,0.0,0.984375,0.0,0.0
3,5,0.015625,0.0,0.0,0.0,0.0,0.984375,0.0,0.0
3,5,0.015625,0.0,0.0,0.0,0.0,0.984375,0.0,0.0
3,5,0.015625,0.0,0.0,0.0,0.0,0.984375,0.0,0.0
3,5,0.015625,0.0,0.0,0.0,0.0,0.984375,0.0,0.0
3,5,0.015625,0.0,0.0,0.0,0.0,0.984375,0.0,0.0
3,5,0.015625,0.0,0.0,0.0,0.0,0.984375,0.0,0.0
3,5,0.015625,0.0,0.0,0.0,0.0,0.984375,0.0,0.0
3,5,0.015625,0.0,0.0,0.0,0.0,0.984375,0.0,0.0
3,5,0.015625,0.0,0.0,0.0,0.0,0.984375,0.0,0.0
3,5,0.015625,0.0,0.0,0.0,0.0,0.984375,0.0,0.0
3,5,0.015625,0.0,0.0,0.0,0.0,0.984375,0.0,0.0
3,5,0.015625,0.0,0.0,0.0,0.0,0.984375,0.0,0.0
3,5,0.015625,0.0,0.0,0.0,0.0,0.984375,0.0,0.0
3,5,0.015625,0.0,0.0,0.0,0.0,0.984375,0.0,0.0
3,5,0.015625,0.0,0.0,0.0,0.0,0.984375,0.0,0.0
3,5,0.015625,0.0,0.0,0.0,0.0,0.984375,0.0,0.0
3,5,0.015625,0.0,0.0,0.0,0.0,0.984375,0.0,0.0
3,5,0.015625,0.0,0.0,0.0,0.0,0.984375,0.0,0.0
3,5,0.015625,0.0,0.0,0.0,0.0,0.984375,0.0,0.0
3,5,0.015625,0.0,0.0,0.0,0.0,0.984375,0.0,0.0
3,5,0.015625,0.0,0.0,0.0,0.0,0.984375,0.0,0.0
3,5,0.015625,0.0,0.0,0.0,0.0,0.984375,0.0,0.0
3,5,0.015625,0.0,0.0,0.0,0.0,0.984375,0.0,0.0
3,5,0.015625,0.0,0.0,0.0,0.0,0.984375,0.0,0.0
3,5,0.015625,0.0,0.0,0.0,0.0,0.984375,0.0,0.0
3,5,0.015625,0.0,0.0,0.0,0.0,0.984375,0.0,0.0
3,5,0.015625,0.0,0.0,0.0,0.0,0.984375,0.0,0.0
3,5,0.015625,0.0,0.0,0.0,0.0,0.984375,0.0,0.0
3,5,0.0,0.0,0.0,0.0,0.0,1.0,0.0,0.0
3,5,0.0,0.0,0.0,0.0,0.0,1.0,0.0,0.0
3,5,0.0,0.0,0.0,0.0,0.0,1.0,0.0,0.0
3,5,0.0,0.0,0.0,0.0,0.0,1.0,0.0,0.0
3,5,0.0,0.0,0.0,0.0,0.0,1.0,0.0,0.0
3,5,0.0,0.0,0.0,0.0,0.0,1.0,0.0,0.0
3,5,0.0,0.0,0.0,0.0,0.0,1.0,0.0,0.0
3,5,0.0,0.0,0.0,0.0,0.0,1.0,0.0,0.0
3,5,0.0,0.0,0.0,0.0,0.0,1.0,0.0,0.0
3,5,0.0,0.0,0.0,0.0,0.0,1.0,0.0,0.0
3,5,0.0,0.0,0.0,0.0,0.0,1.0,0.0,0.0
3,5,0.0,0.0,0.0,0.0,0.0,1.0,0.0,0.0
3,5,0.0,0.0,0.0,0.0,0.0,1.0,0.0,0.0
3,5,0.0,0.0,0.0,0.0,0.0,1.0,0.0,0.0
3,5,0.0,0.0,0.0,0.0,0.0,1.0,0.0,0.0
3,5,0.0,0.0,0.0,0.0,0.0,1.0,0.0,0.0
3,5,0.0,0.0,0.0,0.0,0.0,1.0,0.0,0.0
3,5,0.0,0.0,0.0,0.0,0.0,1.0,0.0,0.0
3,5,0.0,0.0,0.0,0.0,0.0,1.0,0.0,0.0
3,5,0.0,0.0,0.0,0.0,0.0,1.0,0.0,0.0
3,5,0.0,0.0,0.0,0.0,0.0,1.0,0.0,0.0
3,5,0.0,0.0,0.0,0.0,0.0,1.0,0.0,0.0
3,5,0.0,0.0,0.0,0.0,0.0,1.0,0.0,0.0
3,5,0.0,0.0,0.0,0.0,0.0,1.0,0.0,0.0
3,5,0.0,0.0,0.0,0.0,0.0,1.0,0.0,0.0
3,5,0.0,0.0,0.0,0.0,0.0,1.0,0.0,0.0
3,5,0.0,0.0,0.0,0.0,0.0,1.0,0.0,0.0
3,5,0.0,0.0,0.0,0.0,0.0,1.0,0.0,0.0
3,5,0.0,0.0,0.0,0.0,0.0,1.0,0.0,0.0
3,5,0.0,0.0,0.0,0.0,0.0,1.0,0.0,0.0
3,5,0.0,0.0,0.0,0.0,0.0,1.0,0.0,0.0
3,5,0.0,0.0,0.0,0.0,0.0,1.0,0.0,0.0
3,5,0.0,0.0,0.0,0.0,0.0,1.0,0.0,0.0
3,5,0.0,0.0,0.0,0.0,0.0,1.0,0.0,0.0
3,5,0.0,0.0,0.0,0.0,0.0,1.0,0.0,0.0
3,5,0.0,0.0,0.0,0.0,0.0,1.0,0.0,0.0
3,5,0.0,0.0,0.0,0.0,0.0,1.0,0.0,0.0
3,5,0.0,0.0,0.0,0.0,0.0,1.0,0.0,0.0
3,5,0.0,0.0,0.0,0.0,0.0,1.0,0.0,0.0
3,5,0.0,0.0,0.0,0.0,0.0,1.0,0.0,0.0
3,5,0.0,0.0,0.0,0.0,0.0,1.0,0.0,0.0
3,5,0.0,0.0,0.0,0.0,0.0,1.0,0.0,0.0
3,5,0.0,0.0,0.0,0.0,0.0,1.0,0.0,0.0
3,5,0.0,0.0,0.0,0.0,0.0,1.0,0.0,0.0
3,5,0.0,0.0,0.0,0.0,0.0,1.0,0.0,0.0
3,5,0.0,0.0,0.0,0.0,0.0,1.0,0.0,0.0
3,5,0.0,0.0,0.0,0.0,0.0,1.0,0.0,0.0
3,5,0.0,0.0,0.0,0.0,0.0,1.0,0.0,0.0
3,5,0.0,0.0,0.0,0.0,0.0,1.0,0.0,0.0
3,5,0.0,0.0,0.0,0.0,0.0,1.0,0.0,0.0
3,5,0.0,0.0,0.0,0.0,0.0,1.0,0.0,0.0
3,5,0.0,0.0,0.0,0.0,0.0,1.0,0.0,0.0
3,5,0.0,0.0,0.0,0.0,0.0,1.0,0.0,0.0
3,5,0.0,0.0,0.0,0.0,0.0,1.0,0.0,0.0
3,5,0.0,0.0,0.0,0.0,0.0,1.0,0.0,0.0
3,5,0.0,0.0,0.0,0.0,0.0,1.0,0.0,0.0
3,5,0.0,0.0,0.0,0.0,0.0,1.0,0.0,0.0
3,5,0.0,0.0,0.0,0.0,0.0,1.0,0.0,0.0
3,5,0.0,0.0,0.0,0.0,0.0,1.0,0.0,0.0
3,5,0.0,0.0,0.0,0.0,0.0,1.0,0.0,0.0
3,5,0.0,0.0,0.0,0.0,0.0,1.0,0.0,0.0
3,5,0.0,0.0,0.0,0.0,0.0,1.0,0.0,0.0
3,5,0.0,0.0,0.0,0.0,0.0,1.0,0.0,0.0
3,5,0.0,0.0,0.0,0.0,0.0,1.0,0.0,0.0
3,5,0.0,0.0,0.0,0.0,0.0,1.0,0.0,0.0
3,5,0.0,0.0,0.0,0.0,0.0,1.0,0.0,0.0
3,5,0.0,0.0,0.0,0.0,0.0,1.0,0.0,0.0
3,5,0.0,0.0,0.0,0.0,0.0,1.0,0.0,0.0
3,5,0.0,0.0,0.0,0.0,0.0,1.0,0.0,0.0
3,5,0.0,0.0,0.0,0.0,0.0,1.0,0.0,0.0
3,5,0.0,0.0,0.0,0.0,0.0,1.0,0.0,0.0
3,5,0.0,0.0,0.0,0.0,0.0,1.0,0.0,0.0
3,5,0.0,0.0,0.0,0.0,0.0,1.0,0.0,0.0
3,5,0.0,0.0,0.0,0.0,0.0,1.0,0.0,0.0
3,5,0.0,0.0,0.0,0.0,0.0,1.0,0.0,0.0
3,5,0.0,0.0,0.0,0.0,0.0,1.0,0.0,0.0
3,5,0.0,0.0,0.0,0.0,0.0,1.0,0.0,0.0
3,5,0.0,0.0,0.0,0.0,0.0,1.0,0.0,0.0
3,5,0.0,0.0,0.0,0.0,0.0,1.0,0.0,0.0
3,5,0.0,0.0,0.0,0.0,0.0,1.0,0.0,0.0
3,5,0.0,0.0,0.0,0.0,0.0,1.0,0.0,0.0
3,5,0.0,0.0,0.0,0.0,0.0,1.0,0.0,0.0
3,5,0.0,0.0,0.0,0.0,0.0,1.0,0.0,0.0
3,5,0.0,0.0,0.0,0.0,0.0,1.0,0.0,0.0
3,5,0.0,0.0,0.0,0.0,0.0,1.0,0.0,0.0
3,5,0.0,0.0,0.0,0.0,0.0,1.0,0.0,0.0
3,5,0.0,0.0,0.0,0.0,0.0,1.0,0.0,0.0
3,5,0.0,0.0,0.0,0.0,0.0,1.0,0.0,0.0
3,5,0.0,0.0,0.0,0.0,0.0,1.0,0.0,0.0
3,5,0.0,0.0,0.0,0.0,0.0,1.0,0.0,0.0
3,5,0.0,0.0,0.0,0.0,0.0,1.0,0.0,0.0
3,5,0.0,0.0,0.0,0.0,0.0,1.0,0.0,0.0
3,5,0.0,0.0,0.0,0.0,0.0,1.0,0.0,0.0
3,5,0.0,0.0,0.0,0.0,0.0,1.0,0.0,0.0
3,5,0.0,0.0,0.0,0.0,0.0,1.0,0.0,0.0
3,5,0.0,0.0,0.0,0.0,0.0,1.0,0.0,0.0
3,5,0.0,0.0,0.0,0.0,0.0,1.0,0.0,0.0
3,5,0.0,0.0,0.0,0.0,0.0,1.0,0.0,0.0
3,5,0.0,0.0,0.0,0.0,0.0,1.0,0.0,0.0
3,5,0.0,0.0,0.0,0.0,0.0,1.0,0.0,0.0
3,5,0.0,0.0,0.0,0.0,0.0,1.0,0.0,0.0
3,5,0.0,0.0,0.0,0.0,0.0,1.0,0.0,0.0
3,5,0.0,0.0,0.0,0.0,0.0,1.0,0.0,0.0
3,5,0.0,0.0,0.0,0.0,0.0,1.0,0.0,0.0
3,5,0.0,0.0,0.0,0.0,0.0,1.0,0.0,0.0
3,5,0.0,0.0,0.0,0.0,0.0,1.0,0.0,0.0
3,5,0.0,0.0,0.0,0.0,0.0,1.0,0.0,0.0
3,5,0.0,0.0,0.0,0.0,0.0,1.0,0.0,0.0
3,5,0.0,0.0,0.0,0.0,0.0,1.0,0.0,0.0
3,5,0.0,0.0,0.0,0.0,0.0,1.0,0.0,0.0
3,5,0.0,0.0,0.0,0.0,0.0,1.0,0.0,0.0
3,5,0.0,0.0,0.0,0.0,0.0,1.0,0.0,0.0
3,5,0.0,0.0,0.0,0.0,0.0,1.0,0.0,0.0
3,5,0.0,0.0,0.0,0.0,0.0,1.0,0.0,0.0
3,5,0.0,0.0,0.0,0.0,0.0,1.0,0.0,0.0
3,5,0.0,0.0,0.0,0.0,0.0,1.0,0.0,0.0
3,5,0.0,0.0,0.0,0.0,0.0,1.0,0.0,0.0
3,5,0.0,0.0,0.0,0.0,0.0,1.0,0.0,0.0
3,5,0.0,0.0,0.0,0.0,0.0,1.0,0.0,0.0
3,5,0.0,0.0,0.0,0.0,0.0,1.0,0.0,0.0
3,5,0.0,0.0,0.0,0.0,0.0,1.0,0.0,0.0
3,5,0.0,0.0,0.0,0.0,0.0,1.0,0.0,0.0
3,5,0.0,0.0,0.0,0.0,0.0,1.0,0.0,0.0
3,5,0.0,0.0,0.0,0.0,0.0,1.0,0.0,0.0
3,5,0.0,0.0,0.0,0.0,0.0,1.0,0.0,0.0
3,5,0.0,0.0,0.0,0.0,0.0,1.0,0.0,0.0
3,5,0.0,0.0,0.0,0.0,0.0,1.0,0.0,0.0
3,5,0.0,0.0,0.0,0.0,0.0,1.0,0.0,0.0
3,5,0.0,0.0,0.0,0.0,0.0,1.0,0.0,0.0
3,5,0.0,0.0,0.0,0.0,0.0,1.0,0.0,0.0
3,5,0.0,0.0,0.0,0.0,0.0,1.0,0.0,0.0
3,5,0.0,0.0,0.0,0.0,0.0,1.0,0.0,0.0
3,5,0.0,0.0,0.0,0.0,0.0,1.0,0.0,0.0
3,5,0.0,0.0,0.0,0.0,0.0,1.0,0.0,0.0
3,5,0.0,0.0,0.0,0.0,0.0,1.0,0.0,0.0
3,5,0.0,0.0,0.0,0.0,0.0,1.0,0.0,0.0
3,5,0.0,0.0,0.0,0.0,0.0,1.0,0.0,0.0
3,5,0.0,0.0,0.0,0.0,0.0,1.0,0.0,0.0
3,5,0.0,0.0,0.0,0.0,0.0,1.0,0.0,0.0
3,5,0.0,0.0,0.0,0.0,0.0,1.0,0.0,0.0
3,5,0.0,0.0,0.0,0.0,0.0,1.0,0.0,0.0
3,5,0.0,0.0,0.0,0.0,0.0,1.0,0.0,0.0
3,5,0.0,0.0,0.0,0.0,0.0,1.0,0.0,0.0
3,5,0.0,0.0,0.0,0.0,0.0,1.0,0.0,0.0
3,5,0.0,0.0,0.0,0.0,0.0,1.0,0.0,0.0
3,5,0.0,0.0,0.0,0.0,0.0,1.0,0.0,0.0
3,5,0.0,0.0,0.0,0.0,0.0,1.0,0.0,0.0
3,5,0.0,0.0,0.0,0.0,0.0,1.0,0.0,0.0
3,5,0.0,0.0,0.0,0.0,0.0,1.0,0.0,0.0
3,5,0.0,0.0,0.0,0.0,0.0,1.0,0.0,0.0
3,5,0.0,0.0,0.0,0.0,0.0,1.0,0.0,0.0
3,5,0.0,0.0,0.0,0.0,0.0,1.0,0.0,0.0
3,5,0.0,0.0,0.0,0.0,0.0,1.0,0.0,0.0
3,5,0.0,0.0,0.0,0.0,0.0,1.0,0.0,0.0
3,5,0.0,0.0,0.0,0.0,0.0,1.0,0.0,0.0
3,5,0.0,0.0,0.0,0.0,0.0,1.0,0.0,0.0
3,5,0.0,0.0,0.0,0.0,0.0,1.0,0.0,0.0
3,5,0.0,0.0,0.0,0.0,0.0,1.0,0.0,0.0
3,5,0.0,0.0,0.0,0.0,0.0,1.0,0.0,0.0
3,5,0.0,0.0,0.0,0.0,0.0,1.0,0.0,0.0
3,5,0.0,0.0,0.0,0.0,0.0,1.0,0.0,0.0
3,5,0.0,0.0,0.0,0.0,0.0,1.0,0.0,0.0
3,5,0.0,0.0,0.0,0.0,0.0,1.0,0.0,0.0
3,5,0.0,0.0,0.0,0.0,0.0,1.0,0.0,0.0
3,5,0.0,0.0,0.0,0.0,0.0,1.0,0.0,0.0
3,5,0.0,0.0,0.0,0.0,0.0,1.0,0.0,0.0
3,5,0.0,0.0,0.0,0.0,0.0,1.0,0.0,0.0
3,5,0.0,0.0,0.0,0.0,0.0,1.0,0.0,0.0
3,5,0.0,0.0,0.0,0.0,0.0,1.0,0.0,0.0
3,5,0.0,0.0,0.0,0.0,0.0,1.0,0.0,0.0
3,5,0.0,0.0,0.0,0.0,0.0,1.0,0.0,0.0
3,5,0.0,0.0,0.0,0.0,0.0,1.0,0.0,0.0
3,5,0.0,0.0,0.0,0.0,0.0,1.0,0.0,0.0
3,5,0.0,0.0,0.0,0.0,0.0,1.0,0.0,0.0
3,5,0.0,0.0,0.0,0.0,0.0,1.0,0.0,0.0
3,5,0.0,0.0,0.0,0.0,0.0,1.0,0.0,0.0
3,5,0.0,0.0,0.0,0.0,0.0,1.0,0.0,0.0
3,5,0.0,0.0,0.0,0.0,0.0,1.0,0.0,0.0
3,5,0.0,0.0,0.0,0.0,0.0,1.0,0.0,0.0
3,5,0.0,0.0,0.0,0.0,0.0,1.0,0.0,0.0
3,5,0.0,0.0,0.0,0.0,0.0,1.0,0.0,0.0
3,5,0.0,0.0,0.0,0.0,0.0,1.0,0.0,0.0
3,5,0.0,0.0,0.0,0.0,0.0,1.0,0.0,0.0
3,5,0.0,0.0,0.0,0.0,0.0,1.0,0.0,0.0
3,5,0.0,0.0,0.0,0.0,0.0,1.0,0.0,0.0
3,5,0.0,0.0,0.0,0.0,0.0,1.0,0.0,0.0
3,5,0.0,0.0,0.0,0.0,0.0,1.0,0.0,0.0
3,5,0.0,0.0,0.0,0.0,0.0,1.0,0.0,0.0
3,5,0.0,0.0,0.0,0.0,0.0,1.0,0.0,0.0
3,5,0.0,0.0,0.0,0.0,0.0,1.0,0.0,0.0
3,5,0.0,0.0,0.0,0.0,0.0,1.0,0.0,0.0
3,5,0.0,0.0,0.0,0.0,0.0,1.0,0.0,0.0
3,5,0.0,0.0,0.0,0.0,0.0,1.0,0.0,0.0
3,5,0.0,0.0,0.0,0.0,0.0,1.0,0.0,0.0
3,5,0.0,0.0,0.0,0.0,0.0,1.0,0.0,0.0
3,5,0.0,0.0,0.0,0.0,0.0,1.0,0.0,0.0
3,5,0.0,0.0,0.0,0.0,0.0,1.0,0.0,0.0
3,5,0.0,0.0,0.0,0.0,0.0,1.0,0.0,0.0
3,5,0.0,0.0,0.0,0.0,0.0,1.0,0.0,0.0
3,5,0.0,0.0,0.0,0.0,0.0,1.0,0.0,0.0
3,5,0.0,0.0,0.0,0.0,0.0,1.0,0.0,0.0
3,5,0.0,0.0,0.0,0.0,0.0,1.0,0.0,0.0
3,5,0.0,0.0,0.0,0.0,0.0,1.0,0.0,0.0
3,5,0.0,0.0,0.0,0.0,0.0,1.0,0.0,0.0
3,5,0.0,0.0,0.0,0.0,0.0,1.0,0.0,0.0
3,5,0.0,0.0,0.0,0.0,0.0,1.0,0.0,0.0
3,5,0.0,0.0,0.0,0.0,0.0,1.0,0.0,0.0
3,5,0.0,0.0,0.0,0.0,0.0,1.0,0.0,0.0
3,5,0.0,0.0,0.0,0.0,0.0,1.0,0.0,0.0
3,5,0.0,0.0,0.0,0.0,0.0,1.0,0.0,0.0
3,5,0.0,0.0,0.0,0.0,0.0,1.0,0.0,0.0
3,5,0.0,0.0,0.0,0.0,0.0,1.0,0.0,0.0
3,5,0.0,0.0,0.0,0.0,0.0,1.0,0.0,0.0
3,5,0.0,0.0,0.0,0.0,0.0,1.0,0.0,0.0
3,5,0.0,0.0,0.0,0.0,0.0,1.0,0.0,0.0
3,5,0.0,0.0,0.0,0.0,0.0,1.0,0.0,0.0
3,5,0.0,0.0,0.0,0.0,0.0,1.0,0.0,0.0
3,5,0.0,0.0,0.0,0.0,0.0,1.0,0.0,0.0
3,5,0.0,0.0,0.0,0.0,0.0,1.0,0.0,0.0
3,5,0.0,0.0,0.0,0.0,0.0,1.0,0.0,0.0
3,5,0.0,0.0,0.0,0.0,0.0,1.0,0.0,0.0
3,5,0.0,0.0,0.0,0.0,0.0,1.0,0.0,0.0
3,5,0.0,0.0,0.0,0.0,0.0,1.0,0.0,0.0
3,5,0.0,0.0,0.0,0.0,0.0,1.0,0.0,0.0
3,5,0.0,0.0,0.0,0.0,0.0,1.0,0.0,0.0
3,5,0.0,0.0,0.0,0.0,0.0,1.0,0.0,0.0
3,5,0.0,0.0,0.0,0.0,0.0,1.0,0.0,0.0
3,5,0.0,0.0,0.0,0.0,0.0,1.0,0.0,0.0
3,5,0.0,0.0,0.0,0.0,0.0,1.0,0.0,0.0
3,5,0.0,0.0,0.0,0.0,0.0,1.0,0.0,0.0
3,5,0.0,0.0,0.0,0.0,0.0,1.0,0.0,0.0
3,5,0.0,0.0,0.0,0.0,0.0,1.0,0.0,0.0
3,5,0.0,0.0,0.0,0.0,0.0,1.0,0.0,0.0
3,5,0.0,0.0,0.0,0.0,0.0,1.0,0.0,0.0
3,5,0.0,0.0,0.0,0.0,0.0,1.0,0.0,0.0
3,5,0.0,0.0,0.0,0.0,0.0,1.0,0.0,0.0
3,5,0.0,0.0,0.0,0.0,0.0,1.0,0.0,0.0
3,5,0.0,0.0,0.0,0.0,0.0,1.0,0.0,0.0
3,5,0.0,0.0,0.0,0.0,0.0,1.0,0.0,0.0
3,5,0.0,0.0,0.0,0.0,0.0,1.0,0.0,0.0
3,5,0.0,0.0,0.0,0.0,0.0,1.0,0.0,0.0
3,5,0.0,0.0,0.0,0.0,0.0,1.0,0.0,0.0
3,5,0.0,0.0,0.0,0.0,0.0,1.0,0.0,0.0
3,5,0.0,0.0,0.0,0.0,0.0,1.0,0.0,0.0
3,5,0.0,0.0,0.0,0.0,0.0,1.0,0.0,0.0
3,5,0.0,0.0,0.0,0.0,0.0,1.0,0.0,0.0
3,5,0.0,0.0,0.0,0.0,0.0,1.0,0.0,0.0
3,5,0.0,0.0,0.0,0.0,0.0,1.0,0.0,0.0
3,5,0.0,0.0,0.0,0.0,0.0,1.0,0.0,0.0
3,5,0.0,0.0,0.0,0.0,0.0,1.0,0.0,0.0
3,5,0.0,0.0,0.0,0.0,0.0,1.0,0.0,0.0
3,5,0.0,0.0,0.0,0.0,0.0,1.0,0.0,0.0
3,5,0.0,0.0,0.0,0.0,0.0,1.0,0.0,0.0
3,5,0.0,0.0,0.0,0.0,0.0,1.0,0.0,0.0
3,5,0.0,0.0,0.0,0.0,0.0,1.0,0.0,0.0
3,5,0.0,0.0,0.0,0.0,0.0,1.0,0.0,0.0
3,5,0.0,0.0,0.0,0.0,0.0,1.0,0.0,0.0
3,5,0.0,0.0,0.0,0.0,0.0,1.0,0.0,0.0
3,5,0.0,0.0,0.0,0.0,0.0,1.0,0.0,0.0
3,5,0.0,0.0,0.0,0.0,0.0,1.0,0.0,0.0
3,5,0.0,0.0,0.0,0.0,0.0,1.0,0.0,0.0
3,5,0.0,0.0,0.0,0.0,0.0,1.0,0.0,0.0
3,5,0.0,0.0,0.0,0.0,0.0,1.0,0.0,0.0
3,5,0.0,0.0,0.0,0.0,0.0,1.0,0.0,0.0
3,5,0.0,0.0,0.0,0.0,0.0,1.0,0.0,0.0
3,5,0.0,0.0,0.0,0.0,0.0,1.0,0.0,0.0
3,5,0.0,0.0,0.0,0.0,0.0,1.0,0.0,0.0
3,5,0.0,0.0,0.0,0.0,0.0,1.0,0.0,0.0
3,5,0.0,0.0,0.0,0.0,0.0,1.0,0.0,0.0
3,5,0.0,0.0,0.0,0.0,0.0,1.0,0.0,0.0
3,5,0.0,0.0,0.0,0.0,0.0,1.0,0.0,0.0
3,5,0.0,0.0,0.0,0.0,0.0,1.0,0.0,0.0
3,5,0.0,0.0,0.0,0.0,0.0,1.0,0.0,0.0
3,5,0.0,0.0,0.0,0.0,0.0,1.0,0.0,0.0
3,5,0.0,0.0,0.0,0.0,0.0,1.0,0.0,0.0
3,5,0.0,0.0,0.0,0.0,0.0,1.0,0.0,0.0
3,5,0.0,0.0,0.0,0.0,0.0,1.0,0.0,0.0
3,5,0.0,0.0,0.0,0.0,0.0,1.0,0.0,0.0
3,5,0.0,0.0,0.0,0.0,0.0,1.0,0.0,0.0
3,5,0.0,0.0,0.0,0.0,0.0,1.0,0.0,0.0
3,5,0.0,0.0,0.0,0.0,0.0,1.0,0.0,0.0
3,5,0.0,0.0,0.0,0.0,0.0,1.0,0.0,0.0
3,5,0.0,0.0,0.0,0.0,0.0,1.0,0.0,0.0
3,5,0.0,0.0,0.0,0.0,0.0,1.0,0.0,0.0
3,5,0.0,0.0,0.0,0.0,0.0,1.0,0.0,0.0
3,5,0.0,0.0,0.0,0.0,0.0,1.0,0.0,0.0
3,5,0.0,0.0,0.0,0.0,0.0,1.0,0.0,0.0
3,5,0.0,0.0,0.0,0.0,0.0,1.0,0.0,0.0
3,5,0.0,0.0,0.0,0.0,0.0,1.0,0.0,0.0
3,5,0.0,0.0,0.0,0.0,0.0,1.0,0.0,0.0
3,5,0.0,0.0,0.0,0.0,0.0,1.0,0.0,0.0
3,5,0.0,0.0,0.0,0.0,0.0,1.0,0.0,0.0
3,5,0.0,0.0,0.0,0.0,0.0,1.0,0.0,0.0
3,5,0.0,0.0,0.0,0.0,0.0,1.0,0.0,0.0
3,5,0.0,0.0,0.0,0.0,0.0,1.0,0.0,0.0
3,5,0.0,0.0,0.0,0.0,0.0,1.0,0.0,0.0
3,5,0.0,0.0,0.0,0.0,0.0,1.0,0.0,0.0
3,5,0.0,0.0,0.0,0.0,0.0,1.0,0.0,0.0
3,5,0.0,0.0,0.0,0.0,0.0,1.0,0.0,0.0
3,5,0.0,0.0,0.0,0.0,0.0,1.0,0.0,0.0
3,5,0.0,0.0,0.0,0.0,0.0,1.0,0.0,0.0
3,5,0.0,0.0,0.0,0.0,0.0,1.0,0.0,0.0
3,5,0.0,0.0,0.0,0.0,0.0,1.0,0.0,0.0
3,5,0.0,0.0,0.0,0.0,0.0,1.0,0.0,0.0
3,5,0.0,0.0,0.0,0.0,0.0,1.0,0.0,0.0
3,5,0.0,0.0,0.0,0.0,0.0,1.0,0.0,0.0
3,5,0.0,0.0,0.0,0.0,0.0,1.0,0.0,0.0
3,5,0.0,0.0,0.0,0.0,0.0,1.0,0.0,0.0
3,5,0.0,0.0,0.0,0.0,0.0,1.0,0.0,0.0
3,5,0.0,0.0,0.0,0.0,0.0,1.0,0.0,0.0
3,5,0.0,0.0,0.0,0.0,0.0,1.0,0.0,0.0
3,5,0.0,0.0,0.0,0.0,0.0,1.0,0.0,0.0
3,5,0.0,0.0,0.0,0.0,0.0,1.0,0.0,0.0
3,5,0.0,0.0,0.0,0.0,0.0,1.0,0.0,0.0
3,5,0.0,0.0,0.0,0.0,0.0,1.0,0.0,0.0
3,5,0.0,0.0,0.0,0.0,0.0,1.0,0.0,0.0
3,5,0.0,0.0,0.0,0.0,0.0,1.0,0.0,0.0
3,5,0.0,0.0,0.0,0.0,0.0,1.0,0.0,0.0
3,5,0.0,0.0,0.0,0.0,0.0,1.0,0.0,0.0
3,5,0.0,0.0,0.0,0.0,0.0,1.0,0.0,0.0
3,5,0.0,0.0,0.0,0.0,0.0,1.0,0.0,0.0
3,5,0.0,0.0,0.0,0.0,0.0,1.0,0.0,0.0
3,5,0.0,0.0,0.0,0.0,0.0,1.0,0.0,0.0
3,5,0.0,0.0,0.0,0.0,0.0,1.0,0.0,0.0
3,5,0.0,0.0,0.0,0.0,0.0,1.0,0.0,0.0
3,5,0.0,0.0,0.0,0.0,0.0,1.0,0.0,0.0
3,5,0.0,0.0,0.0,0.0,0.0,1.0,0.0,0.0
3,5,0.0,0.0,0.0,0.0,0.0,1.0,0.0,0.0
3,5,0.0,0.0,0.0,0.0,0.0,1.0,0.0,0.0
3,5,0.0,0.0,0.0,0.0,0.0,1.0,0.0,0.0
3,5,0.0,0.0,0.0,0.0,0.0,1.0,0.0,0.0
3,5,0.0,0.0,0.0,0.0,0.0,1.0,0.0,0.0
3,5,0.0,0.0,0.0,0.0,0.0,1.0,0.0,0.0
3,5,0.0,0.0,0.0,0.0,0.0,1.0,0.0,0.0
3,5,0.0,0.0,0.0,0.0,0.0,1.0,0.0,0.0
3,5,0.0,0.0,0.0,0.0,0.0,1.0,0.0,0.0
3,5,0.0,0.0,0.0,0.0,0.0,1.0,0.0,0.0
3,5,0.0,0.0,0.0,0.0,0.0,1.0,0.0,0.0
3,5,0.0,0.0,0.0,0.0,0.0,1.0,0.0,0.0
3,5,0.0,0.0,0.0,0.0,0.0,1.0,0.0,0.0
3,5,0.0,0.0,0.0,0.0,0.0,1.0,0.0,0.0
3,5,0.0,0.0,0.0,0.0,0.0,1.0,0.0,0.0
3,5,0.0,0.0,0.0,0.0,0.0,1.0,0.0,0.0
3,5,0.0,0.0,0.0,0.0,0.0,1.0,0.0,0.0
3,5,0.0,0.0,0.0,0.0,0.0,1.0,0.0,0.0
3,5,0.0,0.0,0.0,0.0,0.0,1.0,0.0,0.0
3,5,0.0,0.0,0.0,0.0,0.0,1.0,0.0,0.0
3,5,0.0,0.0,0.0,0.0,0.0,1.0,0.0,0.0
3,5,0.0,0.0,0.0,0.0,0.0,1.0,0.0,0.0
3,5,0.0,0.0,0.0,0.0,0.0,1.0,0.0,0.0
3,5,0.0,0.0,0.0,0.0,0.0,1.0,0.0,0.0
3,5,0.0,0.0,0.0,0.0,0.0,1.0,0.0,0.0
3,5,0.0,0.0,0.0,0.0,0.0,1.0,0.0,0.0
3,5,0.0,0.0,0.0,0.0,0.0,1.0,0.0,0.0
3,5,0.0,0.0,0.0,0.0,0.0,1.0,0.0,0.0
3,5,0.0,0.0,0.0,0.0,0.0,1.0,0.0,0.0
3,5,0.0,0.0,0.0,0.0,0.0,1.0,0.0,0.0
3,5,0.0,0.0,0.0,0.0,0.0,1.0,0.0,0.0
3,5,0.0,0.0,0.0,0.0,0.0,1.0,0.0,0.0
3,5,0.0,0.0,0.0,0.0,0.0,1.0,0.0,0.0
3,5,0.0,0.0,0.0,0.0,0.0,1.0,0.0,0.0
3,5,0.0,0.0,0.0,0.0,0.0,1.0,0.0,0.0
3,5,0.0,0.0,0.0,0.0,0.0,1.0,0.0,0.0
3,5,0.0,0.0,0.0,0.0,0.0,1.0,0.0,0.0
3,5,0.0,0.0,0.0,0.0,0.0,1.0,0.0,0.0
3,5,0.0,0.0,0.0,0.0,0.0,1.0,0.0,0.0
3,5,0.0,0.0,0.0,0.0,0.0,1.0,0.0,0.0
3,5,0.0,0.0,0.0,0.0,0.0,1.0,0.0,0.0
3,5,0.0,0.0,0.0,0.0,0.0,1.0,0.0,0.0
3,5,0.0,0.0,0.0,0.0,0.0,1.0,0.0,0.0
3,5,0.0,0.0,0.0,0.0,0.0,1.0,0.0,0.0
3,5,0.0,0.0,0.0,0.0,0.0,1.0,0.0,0.0
3,5,0.0,0.0,0.0,0.0,0.0,1.0,0.0,0.0
3,5,0.0,0.0,0.0,0.0,0.0,1.0,0.0,0.0
3,5,0.0,0.0,0.0,0.0,0.0,1.0,0.0,0.0
3,5,0.0,0.0,0.0,0.0,0.0,1.0,0.0,0.0
3,5,0.0,0.0,0.0,0.0,0.0,1.0,0.0,0.0
3,5,0.0,0.0,0.0,0.0,0.0,1.0,0.0,0.0
3,5,0.0,0.0,0.0,0.0,0.0,1.0,0.0,0.0
3,5,0.0,0.0,0.0,0.0,0.0,1.0,0.0,0.0
3,5,0.0,0.0,0.0,0.0,0.0,1.0,0.0,0.0
3,5,0.0,0.0,0.0,0.0,0.0,1.0,0.0,0.0
3,5,0.0,0.0,0.0,0.0,0.0,1.0,0.0,0.0
3,5,0.0,0.0,0.0,0.0,0.0,1.0,0.0,0.0
3,5,0.0,0.0,0.0,0.0,0.0,1.0,0.0,0.0
3,5,0.0,0.0,0.0,0.0,0.0,1.0,0.0,0.0
3,5,0.0,0.0,0.0,0.0,0.0,1.0,0.0,0.0
3,5,0.0,0.0,0.0,0.0,0.0,1.0,0.0,0.0
3,5,0.0,0.0,0.0,0.0,0.0,1.0,0.0,0.0
3,5,0.0,0.0,0.0,0.0,0.0,1.0,0.0,0.0
3,5,0.0,0.0,0.0,0.0,0.0,1.0,0.0,0.0
3,5,0.0,0.0,0.0,0.0,0.0,1.0,0.0,0.0
3,5,0.0,0.0,0.0,0.0,0.0,1.0,0.0,0.0
3,5,0.0,0.0,0.0,0.0,0.0,1.0,0.0,0.0
3,5,0.0,0.0,0.0,0.0,0.0,1.0,0.0,0.0
3,5,0.0,0.0,0.0,0.0,0.0,1.0,0.0,0.0
3,5,0.0,0.0,0.0,0.0,0.0,1.0,0.0,0.0
3,5,0.0,0.0,0.0,0.0,0.0,1.0,0.0,0.0
3,5,0.0,0.0,0.0,0.0,0.0,1.0,0.0,0.0
3,5,0.0,0.0,0.0,0.0,0.0,1.0,0.0,0.0
3,5,0.0,0.0,0.0,0.0,0.0,1.0,0.0,0.0
3,5,0.0,0.0,0.0,0.0,0.0,1.0,0.0,0.0
3,5,0.0,0.0,0.0,0.0,0.0,1.0,0.0,0.0
3,5,0.0,0.0,0.0,0.0,0.0,1.0,0.0,0.0
3,5,0.0,0.0,0.0,0.0,0.0,1.0,0.0,0.0
3,5,0.0,0.0,0.0,0.0,0.0,1.0,0.0,0.0
3,5,0.0,0.0,0.0,0.0,0.0,1.0,0.0,0.0
3,5,0.0,0.0,0.0,0.0,0.0,1.0,0.0,0.0
3,5,0.0,0.0,0.0,0.0,0.0,1.0,0.0,0.0
3,5,0.0,0.0,0.0,0.0,0.0,1.0,0.0,0.0
3,5,0.0,0.0,0.0,0.0,0.0,1.0,0.0,0.0
3,5,0.0,0.0,0.0,0.0,0.0,1.0,0.0,0.0
3,5,0.0,0.0,0.0,0.0,0.0,1.0,0.0,0.0
3,5,0.0,0.0,0.0,0.0,0.0,1.0,0.0,0.0
3,5,0.0,0.0,0.0,0.0,0.0,1.0,0.0,0.0
3,5,0.0,0.0,0.0,0.0,0.0,1.0,0.0,0.0
3,5,0.0,0.0,0.0,0.0,0.0,1.0,0.0,0.0
3,5,0.0,0.0,0.0,0.0,0.0,1.0,0.0,0.0
3,5,0.0,0.0,0.0,0.0,0.0,1.0,0.0,0.0
3,5,0.0,0.0,0.0,0.0,0.0,1.0,0.0,0.0
3,5,0.0,0.0,0.0,0.0,0.0,1.0,0.0,0.0
3,5,0.0,0.0,0.0,0.0,0.0,1.0,0.0,0.0
3,5,0.0,0.0,0.0,0.0,0.0,1.0,0.0,0.0
3,5,0.0,0.0,0.0,0.0,0.0,1.0,0.0,0.0
3,5,0.0,0.0,0.0,0.0,0.0,1.0,0.0,0.0
3,5,0.0,0.0,0.0,0.0,0.0,1.0,0.0,0.0
3,5,0.0,0.0,0.0,0.0,0.0,1.0,0.0,0.0
3,5,0.0,0.0,0.0,0.0,0.0,1.0,0.0,0.0
3,5,0.0,0.0,0.0,0.0,0.0,1.0,0.0,0.0
3,5,0.0,0.0,0.0,0.0,0.0,1.0,0.0,0.0
3,5,0.0,0.0,0.0,0.0,0.0,1.0,0.0,0.0
3,5,0.0,0.0,0.0,0.0,0.0,1.0,0.0,0.0
3,5,0.0,0.0,0.0,0.0,0.0,1.0,0.0,0.0
3,5,0.0,0.0,0.0,0.0,0.0,1.0,0.0,0.0
3,5,0.0,0.0,0.0,0.0,0.0,1.0,0.0,0.0
3,5,0.0,0.0,0.0,0.0,0.0,1.0,0.0,0.0
3,5,0.0,0.0,0.0,0.0,0.0,1.0,0.0,0.0
3,5,0.0,0.0,0.0,0.0,0.0,1.0,0.0,0.0
3,5,0.0,0.0,0.0,0.0,0.0,1.0,0.0,0.0
3,5,0.0,0.0,0.0,0.0,0.0,1.0,0.0,0.0
3,5,0.0,0.0,0.0,0.0,0.0,1.0,0.0,0.0
3,5,0.0,0.0,0.0,0.0,0.0,1.0,0.0,0.0
3,5,0.0,0.0,0.0,0.0,0.0,1.0,0.0,0.0
3,5,0.0,0.0,0.0,0.0,0.0,1.0,0.0,0.0
3,5,0.0,0.0,0.0,0.0,0.0,1.0,0.0,0.0
3,5,0.0,0.0,0.0,0.0,0.0,1.0,0.0,0.0
3,5,0.0,0.0,0.0,0.0,0.0,1.0,0.0,0.0
3,5,0.0,0.0,0.0,0.0,0.0,1.0,0.0,0.0
3,5,0.0,0.0,0.0,0.0,0.0,1.0,0.0,0.0
3,5,0.0,0.0,0.0,0.0,0.0,1.0,0.0,0.0
3,5,0.0,0.0,0.0,0.0,0.0,1.0,0.0,0.0
3,5,0.0,0.0,0.0,0.0,0.0,1.0,0.0,0.0
3,5,0.0,0.0,0.0,0.0,0.0,1.0,0.0,0.0
3,5,0.0,0.0,0.0,0.0,0.0,1.0,0.0,0.0
3,5,0.0,0.0,0.0,0.0,0.0,1.0,0.0,0.0
3,5,0.0,0.0,0.0,0.0,0.0,1.0,0.0,0.0
3,5,0.0,0.0,0.0,0.0,0.0,1.0,0.0,0.0
3,5,0.0,0.0,0.0,0.0,0.0,1.0,0.0,0.0
3,5,0.0,0.0,0.0,0.0,0.0,1.0,0.0,0.0
3,5,0.0,0.0,0.0,0.0,0.0,1.0,0.0,0.0
3,5,0.0,0.0,0.0,0.0,0.0,1.0,0.0,0.0
3,5,0.0,0.0,0.0,0.0,0.0,1.0,0.0,0.0
3,5,0.0,0.0,0.0,0.0,0.0,1.0,0.0,0.0
3,5,0.0,0.0,0.0,0.0,0.0,1.0,0.0,0.0
3,5,0.0,0.0,0.0,0.0,0.0,1.0,0.0,0.0
3,5,0.0,0.0,0.0,0.0,0.0,1.0,0.0,0.0
3,5,0.0,0.0,0.0,0.0,0.0,1.0,0.0,0.0
3,5,0.0,0.0,0.0,0.0,0.0,1.0,0.0,0.0
3,5,0.0,0.0,0.0,0.0,0.0,1.0,0.0,0.0
3,5,0.0,0.0,0.0,0.0,0.0,1.0,0.0,0.0
3,5,0.0,0.0,0.0,0.0,0.0,1.0,0.0,0.0
3,5,0.0,0.0,0.0,0.0,0.0,1.0,0.0,0.0
3,5,0.0,0.0,0.0,0.0,0.0,1.0,0.0,0.0
3,5,0.0,0.0,0.0,0.0,0.0,1.0,0.0,0.0
3,5,0.0,0.0,0.0,0.0,0.0,1.0,0.0,0.0
3,5,0.0,0.0,0.0,0.0,0.0,1.0,0.0,0.0
3,5,0.0,0.0,0.0,0.0,0.0,1.0,0.0,0.0
3,5,0.0,0.0,0.0,0.0,0.0,1.0,0.0,0.0
3,5,0.0,0.0,0.0,0.0,0.0,1.0,0.0,0.0
3,5,0.0,0.0,0.0,0.0,0.0,1.0,0.0,0.0
3,5,0.0,0.0,0.0,0.0,0.0,1.0,0.0,0.0
3,5,0.0,0.0,0.0,0.0,0.0,1.0,0.0,0.0
3,5,0.0,0.0,0.0,0.0,0.0,1.0,0.0,0.0
3,5,0.0,0.0,0.0,0.0,0.0,1.0,0.0,0.0
3,5,0.0,0.0,0.0,0.0,0.0,1.0,0.0,0.0
3,5,0.0,0.0,0.0,0.0,0.0,1.0,0.0,0.0
3,5,0.0,0.0,0.0,0.0,0.0,1.0,0.0,0.0
3,5,0.0,0.0,0.0,0.0,0.0,1.0,0.0,0.0
3,5,0.0,0.0,0.0,0.0,0.0,1.0,0.0,0.0
3,5,0.0,0.0,0.0,0.0,0.0,1.0,0.0,0.0
3,5,0.0,0.0,0.0,0.0,0.0,1.0,0.0,0.0
3,5,0.0,0.0,0.0,0.0,0.0,1.0,0.0,0.0
3,5,0.0,0.0,0.0,0.0,0.0,1.0,0.0,0.0
3,5,0.0,0.0,0.0,0.0,0.0,1.0,0.0,0.0
3,5,0.0,0.0,0.0,0.0,0.0,1.0,0.0,0.0
3,5,0.0,0.0,0.0,0.0,0.0,1.0,0.0,0.0
3,5,0.0,0.0,0.0,0.0,0.0,1.0,0.0,0.0
3,5,0.0,0.0,0.0,0.0,0.0,1.0,0.0,0.0
3,5,0.0,0.0,0.0,0.0,0.0,1.0,0.0,0.0
3,5,0.0,0.0,0.0,0.0,0.0,1.0,0.0,0.0
3,5,0.0,0.0,0.0,0.0,0.0,1.0,0.0,0.0
3,5,0.0,0.0,0.0,0.0,0.0,1.0,0.0,0.0
3,5,0.0,0.0,0.0,0.0,0.0,1.0,0.0,0.0
3,5,0.0,0.0,0.0,0.0,0.0,1.0,0.0,0.0
3,5,0.0,0.0,0.0,0.0,0.0,1.0,0.0,0.0
3,5,0.0,0.0,0.0,0.0,0.0,1.0,0.0,0.0
3,5,0.0,0.0,0.0,0.0,0.0,1.0,0.0,0.0
3,5,0.0,0.0,0.0,0.0,0.0,1.0,0.0,0.0
3,5,0.0,0.0,0.0,0.0,0.0,1.0,0.0,0.0
3,5,0.0,0.0,0.0,0.0,0.0,1.0,0.0,0.0
3,5,0.0,0.0,0.0,0.0,0.0,1.0,0.0,0.0
3,5,0.0,0.0,0.0,0.0,0.0,1.0,0.0,0.0
3,5,0.0,0.0,0.0,0.0,0.0,1.0,0.0,0.0
3,5,0.0,0.0,0.0,0.0,0.0,1.0,0.0,0.0
3,5,0.0,0.0,0.0,0.0,0.0,1.0,0.0,0.0
3,5,0.0,0.0,0.0,0.0,0.0,1.0,0.0,0.0
3,5,0.0,0.0,0.0,0.0,0.0,1.0,0.0,0.0
3,5,0.0,0.0,0.0,0.0,0.0,1.0,0.0,0.0
3,5,0.0,0.0,0.0,0.0,0.0,1.0,0.0,0.0
3,5,0.0,0.0,0.0,0.0,0.0,1.0,0.0,0.0
3,5,0.0,0.0,0.0,0.0,0.0,1.0,0.0,0.0
3,5,0.0,0.0,0.0,0.0,0.0,1.0,0.0,0.0
3,5,0.0,0.0,0.0,0.0,0.0,1.0,0.0,0.0
3,5,0.0,0.0,0.0,0.0,0.0,1.0,0.0,0.0
3,5,0.0,0.0,0.0,0.0,0.0,1.0,0.0,0.0
3,5,0.0,0.0,0.0,0.0,0.0,1.0,0.0,0.0
3,5,0.0,0.0,0.0,0.0,0.0,1.0,0.0,0.0
3,5,0.0,0.0,0.0,0.0,0.0,1.0,0.0,0.0
3,5,0.0,0.0,0.0,0.0,0.0,1.0,0.0,0.0
3,5,0.0,0.0,0.0,0.0,0.0,1.0,0.0,0.0
3,5,0.0,0.0,0.0,0.0,0.0,1.0,0.0,0.0
3,5,0.0,0.0,0.0,0.0,0.0,1.0,0.0,0.0
3,5,0.0,0.0,0.0,0.0,0.0,1.0,0.0,0.0
3,5,0.0,0.0,0.0,0.0,0.0,1.0,0.0,0.0
3,5,0.0,0.0,0.0,0.0,0.0,1.0,0.0,0.0
3,5,0.0,0.0,0.0,0.0,0.0,1.0,0.0,0.0
3,5,0.0,0.0,0.0,0.0,0.0,1.0,0.0,0.0
3,5,0.0,0.0,0.0,0.0,0.0,1.0,0.0,0.0
3,5,0.0,0.0,0.0,0.0,0.0,1.0,0.0,0.0
3,5,0.0,0.0,0.0,0.0,0.0,1.0,0.0,0.0
3,5,0.0,0.0,0.0,0.0,0.0,1.0,0.0,0.0
3,5,0.0,0.0,0.0,0.0,0.0,1.0,0.0,0.0
3,5,0.0,0.0,0.0,0.0,0.0,1.0,0.0,0.0
3,5,0.0,0.0,0.0,0.0,0.0,1.0,0.0,0.0
3,5,0.0,0.0,0.0,0.0,0.0,1.0,0.0,0.0
3,5,0.0,0.0,0.0,0.0,0.0,1.0,0.0,0.0
3,5,0.0,0.0,0.0,0.0,0.0,1.0,0.0,0.0
3,5,0.0,0.0,0.0,0.0,0.0,1.0,0.0,0.0
3,5,0.0,0.0,0.0,0.0,0.0,1.0,0.0,0.0
3,5,0.0,0.0,0.0,0.0,0.0,1.0,0.0,0.0
3,5,0.0,0.0,0.0,0.0,0.0,1.0,0.0,0.0
3,5,0.0,0.0,0.0,0.0,0.0,1.0,0.0,0.0
3,5,0.0,0.0,0.0,0.0,0.0,1.0,0.0,0.0
3,5,0.0,0.0,0.0,0.0,0.0,1.0,0.0,0.0
3,5,0.0,0.0,0.0,0.0,0.0,1.0,0.0,0.0
3,5,0.0,0.0,0.0,0.0,0.0,1.0,0.0,0.0
3,5,0.0,0.0,0.0,0.0,0.0,1.0,0.0,0.0
3,5,0.0,0.0,0.0,0.0,0.0,1.0,0.0,0.0
3,5,0.0,0.0,0.0,0.0,0.0,1.0,0.0,0.0
3,5,0.0,0.0,0.0,0.0,0.0,1.0,0.0,0.0
3,5,0.0,0.0,0.0,0.0,0.0,1.0,0.0,0.0
3,5,0.0,0.0,0.0,0.0,0.0,1.0,0.0,0.0
3,5,0.0,0.0,0.0,0.0,0.0,1.0,0.0,0.0
3,5,0.0,0.0,0.0,0.0,0.0,1.0,0.0,0.0
3,5,0.0,0.0,0.0,0.0,0.0,1.0,0.0,0.0
3,5,0.0,0.0,0.0,0.0,0.0,1.0,0.0,0.0
3,5,0.0,0.0,0.0,0.0,0.0,1.0,0.0,0.0
3,5,0.0,0.0,0.0,0.0,0.0,1.0,0.0,0.0
3,5,0.0,0.0,0.0,0.0,0.0,1.0,0.0,0.0
3,5,0.0,0.0,0.0,0.0,0.0,1.0,0.0,0.0
3,5,0.0,0.0,0.0,0.0,0.0,1.0,0.0,0.0
3,5,0.0,0.0,0.0,0.0,0.0,1.0,0.0,0.0
3,5,0.0,0.0,0.0,0.0,0.0,1.0,0.0,0.0
3,5,0.0,0.0,0.0,0.0,0.0,1.0,0.0,0.0
3,5,0.0,0.0,0.0,0.0,0.0,1.0,0.0,0.0
3,5,0.0,0.0,0.0,0.0,0.0,1.0,0.0,0.0
3,5,0.0,0.0,0.0,0.0,0.0,1.0,0.0,0.0
3,5,0.0,0.0,0.0,0.0,0.0,1.0,0.0,0.0
3,5,0.0,0.0,0.0,0.0,0.0,1.0,0.0,0.0
3,5,0.0,0.0,0.0,0.0,0.0,1.0,0.0,0.0
3,5,0.0,0.0,0.0,0.0,0.0,1.0,0.0,0.0
3,5,0.0,0.0,0.0,0.0,0.0,1.0,0.0,0.0
3,5,0.0,0.0,0.0,0.0,0.0,1.0,0.0,0.0
3,5,0.0,0.0,0.0,0.0,0.0,1.0,0.0,0.0
3,5,0.0,0.0,0.0,0.0,0.0,1.0,0.0,0.0
3,5,0.0,0.0,0.0,0.0,0.0,1.0,0.0,0.0
3,5,0.0,0.0,0.0,0.0,0.0,1.0,0.0,0.0
3,5,0.0,0.0,0.0,0.0,0.0,1.0,0.0,0.0
3,5,0.0,0.0,0.0,0.0,0.0,1.0,0.0,0.0
3,5,0.0,0.0,0.0,0.0,0.0,1.0,0.0,0.0
3,5,0.0,0.0,0.0,0.0,0.0,1.0,0.0,0.0
3,5,0.0,0.0,0.0,0.0,0.0,1.0,0.0,0.0
3,5,0.0,0.0,0.0,0.0,0.0,1.0,0.0,0.0
3,5,0.0,0.0,0.0,0.0,0.0,1.0,0.0,0.0
3,5,0.0,0.0,0.0,0.0,0.0,1.0,0.0,0.0
3,5,0.0,0.0,0.0,0.0,0.0,1.0,0.0,0.0
3,5,0.0,0.0,0.0,0.0,0.0,1.0,0.0,0.0
3,5,0.0,0.0,0.0,0.0,0.0,1.0,0.0,0.0
3,5,0.0,0.0,0.0,0.0,0.0,1.0,0.0,0.0
3,5,0.0,0.0,0.0,0.0,0.0,1.0,0.0,0.0
3,5,0.0,0.0,0.0,0.0,0.0,1.0,0.0,0.0
3,5,0.0,0.0,0.0,0.0,0.0,1.0,0.0,0.0
3,5,0.0,0.0,0.0,0.0,0.0,1.0,0.0,0.0
3,5,0.0,0.0,0.0,0.0,0.0,1.0,0.0,0.0
3,5,0.0,0.0,0.0,0.0,0.0,1.0,0.0,0.0
3,5,0.0,0.0,0.0,0.0,0.0,1.0,0.0,0.0
3,5,0.0,0.0,0.0,0.0,0.0,1.0,0.0,0.0
3,5,0.0,0.0,0.0,0.0,0.0,1.0,0.0,0.0
3,5,0.0,0.0,0.0,0.0,0.0,1.0,0.0,0.0
3,5,0.0,0.0,0.0,0.0,0.0,1.0,0.0,0.0
3,5,0.0,0.0,0.0,0.0,0.0,1.0,0.0,0.0
3,5,0.0,0.0,0.0,0.0,0.0,1.0,0.0,0.0
3,5,0.0,0.0,0.0,0.0,0.0,1.0,0.0,0.0
3,5,0.0,0.0,0.0,0.0,0.0,1.0,0.0,0.0
3,5,0.0,0.0,0.0,0.0,0.0,1.0,0.0,0.0
3,5,0.0,0.0,0.0,0.0,0.0,1.0,0.0,0.0
3,5,0.0,0.0,0.0,0.0,0.0,0.984375,0.015625,0.0
3,5,0.0,0.0,0.0,0.0,0.0,0.984375,0.015625,0.0
3,5,0.0,0.0,0.0,0.0,0.0,0.984375,0.015625,0.0
3,5,0.0,0.0,0.0,0.0,0.0,0.984127,0.015873017,0.0
3,5,0.0,0.0,0.0,0.0,0.0,0.984127,0.015873017,0.0
3,5,0.0,0.0,0.0,0.0,0.0,0.984127,0.015873017,0.0
3,5,0.0,0.0,0.0,0.0,0.0,0.984127,0.015873017,0.0
3,5,0.0,0.0,0.0,0.0,0.0,0.984127,0.015873017,0.0
3,5,0.0,0.0,0.0,0.0,0.0,0.984127,0.015873017,0.0
3,5,0.0,0.0,0.0,0.0,0.0,0.984127,0.015873017,0.0
3,5,0.0,0.0,0.0,0.0,0.0,0.984127,0.015873017,0.0
3,5,0.0,0.0,0.0,0.0,0.0,0.984127,0.015873017,0.0
3,5,0.0,0.0,0.0,0.0,0.0,0.984127,0.015873017,0.0
3,5,0.0,0.0,0.0,0.0,0.0,0.984127,0.015873017,0.0
3,5,0.0,0.0,0.0,0.0,0.0,0.984127,0.015873017,0.0
3,5,0.0,0.0,0.0,0.0,0.0,0.984127,0.015873017,0.0
3,5,0.0,0.0,0.0,0.0,0.0,0.96825397,0.031746034,0.0
3,5,0.0,0.0,0.0,0.0,0.0,0.96825397,0.031746034,0.0
3,5,0.0,0.0,0.0,0.0,0.0,0.96825397,0.031746034,0.0
3,5,0.0,0.0,0.0,0.0,0.0,0.96825397,0.031746034,0.0
3,5,0.0,0.0,0.0,0.0,0.0,0.96825397,0.031746034,0.0
3,5,0.0,0.0,0.0,0.0,0.0,0.96825397,0.031746034,0.0
3,5,0.0,0.0,0.0,0.0,0.0,0.96825397,0.031746034,0.0
3,5,0.0,0.0,0.0,0.0,0.0,0.96825397,0.031746034,0.0
3,5,0.0,0.0,0.0,0.0,0.0,0.96825397,0.031746034,0.0
3,5,0.0,0.0,0.0,0.0,0.0,0.96825397,0.031746034,0.0
3,5,0.0,0.0,0.0,0.0,0.0,0.96825397,0.031746034,0.0
3,5,0.0,0.0,0.0,0.0,0.0,0.96825397,0.031746034,0.0
3,5,0.0,0.0,0.0,0.0,0.0,0.96825397,0.031746034,0.0
3,5,0.0,0.0,0.0,0.0,0.0,0.96825397,0.031746034,0.0
3,5,0.0,0.0,0.0,0.0,0.0,0.96825397,0.031746034,0.0
3,5,0.0,0.0,0.0,0.0,0.0,0.96825397,0.031746034,0.0
3,5,0.0,0.0,0.0,0.0,0.0,0.9677419,0.032258064,0.0
3,5,0.0,0.0,0.0,0.0,0.0,0.9677419,0.032258064,0.0
3,5,0.0,0.0,0.0,0.0,0.0,0.9677419,0.032258064,0.0
3,5,0.0,0.0,0.0,0.0,0.0,0.9677419,0.032258064,0.0
3,5,0.0,0.0,0.0,0.0,0.0,0.9677419,0.032258064,0.0
3,5,0.0,0.0,0.0,0.0,0.0,0.9677419,0.032258064,0.0
3,5,0.0,0.0,0.0,0.0,0.0,0.9677419,0.032258064,0.0
3,5,0.0,0.0,0.0,0.0,0.0,0.9677419,0.032258064,0.0
3,5,0.0,0.0,0.0,0.0,0.0,0.9677419,0.032258064,0.0
3,5,0.0,0.0,0.0,0.0,0.0,0.9677419,0.032258064,0.0
3,5,0.0,0.0,0.0,0.0,0.0,0.9677419,0.032258064,0.0
3,5,0.0,0.0,0.0,0.0,0.0,0.9677419,0.032258064,0.0
3,5,0.0,0.0,0.0,0.0,0.0,0.9672131,0.032786883,0.0
3,5,0.0,0.0,0.0,0.0,0.0,0.9672131,0.032786883,0.0
3,5,0.0,0.0,0.0,0.0,0.0,0.9672131,0.032786883,0.0
3,5,0.0,0.0,0.0,0.0,0.0,0.9672131,0.032786883,0.0
3,5,0.0,0.0,0.0,0.0,0.0,0.9672131,0.032786883,0.0
3,5,0.0,0.0,0.0,0.0,0.0,0.9672131,0.032786883,0.0
3,5,0.016666668,0.0,0.0,0.0,0.0,0.96666664,0.016666668,0.0
3,5,0.016666668,0.0,0.0,0.0,0.0,0.96666664,0.016666668,0.0
3,5,0.016666668,0.0,0.0,0.0,0.0,0.96666664,0.016666668,0.0
3,5,0.016666668,0.0,0.0,0.0,0.0,0.96666664,0.016666668,0.0
3,5,0.016666668,0.0,0.0,0.0,0.0,0.96666664,0.016666668,0.0
3,5,0.016666668,0.0,0.0,0.0,0.0,0.96666664,0.016666668,0.0
3,5,0.06896552,0.0,0.0,0.0,0.0,0.8965517,0.03448276,0.0
3,5,0.06896552,0.0,0.0,0.0,0.0,0.8965517,0.03448276,0.0
3,5,0.06896552,0.0,0.0,0.0,0.0,0.8965517,0.03448276,0.0
3,5,0.06896552,0.0,0.0,0.0,0.0,0.8965517,0.03448276,0.0
3,5,0.06896552,0.0,0.0,0.0,0.0,0.8965517,0.03448276,0.0
3,5,0.06896552,0.0,0.0,0.0,0.0,0.8965517,0.03448276,0.0
3,5,0.06896552,0.0,0.0,0.0,0.0,0.8965517,0.03448276,0.0
3,5,0.06896552,0.0,0.0,0.0,0.0,0.8965517,0.03448276,0.0
3,5,0.06896552,0.0,0.0,0.0,0.0,0.8965517,0.03448276,0.0
3,5,0.06896552,0.0,0.0,0.0,0.0,0.8965517,0.03448276,0.0
3,5,0.06896552,0.0,0.0,0.0,0.0,0.8965517,0.03448276,0.0
3,5,0.06896552,0.0,0.0,0.0,0.0,0.8965517,0.03448276,0.0
3,5,0.06896552,0.0,0.0,0.0,0.0,0.8965517,0.03448276,0.0
3,5,0.06896552,0.0,0.0,0.0,0.0,0.8965517,0.03448276,0.0
3,5,0.06896552,0.0,0.0,0.0,0.0,0.8965517,0.03448276,0.0
3,5,0.07017544,0.0,0.0,0.0,0.0,0.8947368,0.03508772,0.0
3,5,0.07017544,0.0,0.0,0.0,0.0,0.8947368,0.03508772,0.0
3,5,0.07017544,0.0,0.0,0.0,0.0,0.8947368,0.03508772,0.0
3,5,0.07017544,0.0,0.0,0.0,0.0,0.8947368,0.03508772,0.0
3,5,0.07017544,0.0,0.0,0.0,0.0,0.8947368,0.03508772,0.0
3,5,0.07017544,0.0,0.0,0.0,0.0,0.8947368,0.03508772,0.0
3,5,0.07017544,0.0,0.0,0.0,0.0,0.8947368,0.03508772,0.0
3,5,0.07017544,0.0,0.0,0.0,0.0,0.8947368,0.03508772,0.0
3,5,0.07017544,0.0,0.0,0.0,0.0,0.8947368,0.03508772,0.0
3,5,0.17857143,0.0,0.0,0.0,0.017857144,0.76785713,0.035714287,0.0
3,5,0.17857143,0.0,0.0,0.0,0.017857144,0.76785713,0.035714287,0.0
3,5,0.17857143,0.0,0.0,0.0,0.017857144,0.76785713,0.035714287,0.0
3,5,0.17857143,0.0,0.0,0.0,0.017857144,0.76785713,0.035714287,0.0
3,5,0.17857143,0.0,0.0,0.0,0.017857144,0.76785713,0.035714287,0.0
3,5,0.17857143,0.0,0.0,0.0,0.017857144,0.76785713,0.035714287,0.0
3,5,0.17857143,0.0,0.0,0.0,0.017857144,0.76785713,0.035714287,0.0
3,5,0.17857143,0.0,0.0,0.0,0.017857144,0.76785713,0.035714287,0.0
3,5,0.17857143,0.0,0.0,0.0,0.017857144,0.76785713,0.035714287,0.0
3,5,0.17857143,0.0,0.0,0.0,0.017857144,0.76785713,0.035714287,0.0
3,5,0.18181819,0.0,0.0,0.0,0.018181818,0.76363635,0.036363635,0.0
3,5,0.18181819,0.0,0.0,0.0,0.018181818,0.76363635,0.036363635,0.0
3,5,0.18181819,0.0,0.0,0.0,0.018181818,0.76363635,0.036363635,0.0
3,5,0.18181819,0.0,0.0,0.0,0.018181818,0.76363635,0.036363635,0.0
3,5,0.18181819,0.0,0.0,0.0,0.018181818,0.76363635,0.036363635,0.0
3,5,0.18181819,0.0,0.0,0.0,0.018181818,0.76363635,0.036363635,0.0
3,5,0.2264151,0.0,0.0,0.0,0.018867925,0.7169811,0.03773585,0.0
3,5,0.2264151,0.0,0.0,0.0,0.018867925,0.7169811,0.03773585,0.0
3,5,0.26415095,0.0,0.0,0.0,0.018867925,0.6792453,0.03773585,0.0
3,5,0.26415095,0.0,0.0,0.0,0.018867925,0.6792453,0.03773585,0.0
3,5,0.26923078,0.0,0.0,0.0,0.01923077,0.6730769,0.03846154,0.0
3,5,0.26923078,0.0,0.0,0.0,0.01923077,0.6730769,0.03846154,0.0
3,5,0.26923078,0.0,0.0,0.0,0.01923077,0.6730769,0.03846154,0.0
3,5,0.26923078,0.0,0.0,0.0,0.01923077,0.6730769,0.03846154,0.0
3,5,0.27450982,0.0,0.0,0.0,0.019607844,0.6666667,0.039215688,0.0
3,5,0.27450982,0.0,0.0,0.0,0.019607844,0.6666667,0.039215688,0.0
3,5,0.27450982,0.0,0.0,0.0,0.019607844,0.6666667,0.039215688,0.0
3,5,0.27450982,0.0,0.0,0.0,0.019607844,0.6666667,0.039215688,0.0
3,5,0.29411766,0.0,0.0,0.0,0.019607844,0.64705884,0.039215688,0.0
3,5,0.29411766,0.0,0.0,0.0,0.019607844,0.64705884,0.039215688,0.0
3,5,0.29411766,0.0,0.0,0.0,0.019607844,0.64705884,0.039215688,0.0
3,5,0.29411766,0.0,0.0,0.0,0.019607844,0.64705884,0.039215688,0.0
3,5,0.37254903,0.0,0.0,0.0,0.039215688,0.5686275,0.019607844,0.0
3,5,0.37254903,0.0,0.0,0.0,0.039215688,0.5686275,0.019607844,0.0
3,5,0.37254903,0.0,0.0,0.0,0.039215688,0.5686275,0.019607844,0.0
3,5,0.37254903,0.0,0.0,0.0,0.039215688,0.5686275,0.019607844,0.0
3,0,0.48076922,0.0,0.0,0.0,0.03846154,0.46153846,0.01923077,0.0
3,0,0.48076922,0.0,0.0,0.0,0.03846154,0.46153846,0.01923077,0.0
3,0,0.48076922,0.0,0.0,0.0,0.03846154,0.46153846,0.01923077,0.0
3,0,0.48076922,0.0,0.0,0.0,0.03846154,0.46153846,0.01923077,0.0
3,0,0.48076922,0.0,0.0,0.0,0.03846154,0.46153846,0.01923077,0.0
3,0,0.48076922,0.0,0.0,0.0,0.03846154,0.46153846,0.01923077,0.0
3,0,0.48076922,0.0,0.0,0.0,0.03846154,0.46153846,0.01923077,0.0
3,0,0.48076922,0.0,0.0,0.0,0.03846154,0.46153846,0.01923077,0.0
3,0,0.5,0.0,0.0,0.0,0.03846154,0.44230768,0.01923077,0.0
3,0,0.5,0.0,0.0,0.0,0.03846154,0.44230768,0.01923077,0.0
3,0,0.5,0.0,0.0,0.0,0.03846154,0.44230768,0.01923077,0.0
3,0,0.509434,0.0,0.0,0.0,0.03773585,0.43396226,0.018867925,0.0
3,0,0.6111111,0.0,0.0,0.0,0.0,0.37037036,0.018518519,0.0
3,0,0.6111111,0.0,0.0,0.0,0.0,0.37037036,0.018518519,0.0
3,0,0.6111111,0.0,0.0,0.0,0.0,0.37037036,0.018518519,0.0
3,0,0.6111111,0.0,0.0,0.0,0.0,0.37037036,0.018518519,0.0
3,0,0.6111111,0.0,0.0,0.0,0.0,0.37037036,0.018518519,0.0
3,0,0.6111111,0.0,0.0,0.0,0.0,0.37037036,0.018518519,0.0
0,0,0.6181818,0.0,0.0,0.0,0.0,0.36363637,0.018181818,0.0
0,0,0.6181818,0.0,0.0,0.0,0.0,0.36363637,0.018181818,0.0
0,0,0.6909091,0.0,0.0,0.0,0.0,0.29090908,0.018181818,0.0
0,0,0.7090909,0.0,0.0,0.0,0.0,0.27272728,0.018181818,0.0
0,0,0.7090909,0.0,0.0,0.0,0.0,0.27272728,0.018181818,0.0
0,0,0.7090909,0.0,0.0,0.0,0.0,0.27272728,0.018181818,0.0
0,0,0.75,0.0,0.0,0.0,0.0,0.23214285,0.017857144,0.0
0,0,0.75,0.0,0.0,0.0,0.0,0.23214285,0.017857144,0.0
0,0,0.76785713,0.0,0.0,0.0,0.0,0.21428572,0.017857144,0.0
0,0,0.76785713,0.0,0.0,0.0,0.0,0.21428572,0.017857144,0.0
0,0,0.83928573,0.0,0.0,0.0,0.0,0.14285715,0.017857144,0.0
0,0,0.83928573,0.0,0.0,0.0,0.0,0.14285715,0.017857144,0.0
0,0,0.83928573,0.0,0.0,0.0,0.0,0.14285715,0.017857144,0.0
0,0,0.83928573,0.0,0.0,0.0,0.0,0.14285715,0.017857144,0.0
0,0,0.83928573,0.0,0.0,0.0,0.0,0.14285715,0.017857144,0.0
0,0,0.83928573,0.0,0.0,0.0,0.0,0.14285715,0.017857144,0.0
0,0,0.83928573,0.0,0.0,0.0,0.0,0.14285715,0.017857144,0.0
0,0,0.83928573,0.0,0.0,0.0,0.0,0.14285715,0.017857144,0.0
0,0,0.91071427,0.0,0.0,0.0,0.0,0.08928572,0.0,0.0
0,0,0.91071427,0.0,0.0,0.0,0.0,0.08928572,0.0,0.0
0,0,0.91071427,0.0,0.0,0.0,0.0,0.08928572,0.0,0.0
0,0,0.91071427,0.0,0.0,0.0,0.0,0.08928572,0.0,0.0
0,0,0.9122807,0.0,0.0,0.0,0.0,0.0877193,0.0,0.0
0,0,0.9122807,0.0,0.0,0.0,0.0,0.0877193,0.0,0.0
0,0,0.9122807,0.0,0.0,0.0,0.0,0.0877193,0.0,0.0
0,0,0.9122807,0.0,0.0,0.0,0.0,0.0877193,0.0,0.0
0,0,0.9298246,0.0,0.0,0.0,0.0,0.07017544,0.0,0.0
0,0,0.9298246,0.0,0.0,0.0,0.0,0.07017544,0.0,0.0
0,0,0.9310345,0.0,0.0,0.0,0.0,0.06896552,0.0,0.0
0,0,0.9310345,0.0,0.0,0.0,0.0,0.06896552,0.0,0.0
0,0,0.9310345,0.0,0.0,0.0,0.0,0.06896552,0.0,0.0
0,0,0.9310345,0.0,0.0,0.0,0.0,0.06896552,0.0,0.0
0,0,0.9310345,0.0,0.0,0.0,0.0,0.06896552,0.0,0.0
0,0,0.9310345,0.0,0.0,0.0,0.0,0.06896552,0.0,0.0
0,0,0.9322034,0.0,0.0,0.0,0.0,0.06779661,0.0,0.0
0,0,0.9322034,0.0,0.0,0.0,0.0,0.06779661,0.0,0.0
0,0,0.9322034,0.0,0.0,0.0,0.0,0.06779661,0.0,0.0
0,0,0.9322034,0.0,0.0,0.0,0.0,0.06779661,0.0,0.0
0,0,0.9322034,0.0,0.0,0.0,0.0,0.06779661,0.0,0.0
0,0,0.9322034,0.0,0.0,0.0,0.0,0.06779661,0.0,0.0
0,0,0.9322034,0.0,0.0,0.0,0.0,0.06779661,0.0,0.0
0,0,0.9322034,0.0,0.0,0.0,0.0,0.06779661,0.0,0.0
0,0,0.9836066,0.0,0.0,0.0,0.0,0.016393442,0.0,0.0
0,0,0.9836066,0.0,0.0,0.0,0.0,0.016393442,0.0,0.0
0,0,0.9836066,0.0,0.0,0.0,0.0,0.016393442,0.0,0.0
0,0,0.9836066,0.0,0.0,0.0,0.0,0.016393442,0.0,0.0
0,0,0.9836066,0.0,0.0,0.0,0.0,0.016393442,0.0,0.0
0,0,0.9836066,0.0,0.0,0.0,0.0,0.016393442,0.0,0.0
0,0,1.0,0.0,0.0,0.0,0.0,0.0,0.0,0.0
0,0,1.0,0.0,0.0,0.0,0.0,0.0,0.0,0.0
0,0,1.0,0.0,0.0,0.0,0.0,0.0,0.0,0.0
0,0,1.0,0.0,0.0,0.0,0.0,0.0,0.0,0.0
0,0,1.0,0.0,0.0,0.0,0.0,0.0,0.0,0.0
0,0,1.0,0.0,0.0,0.0,0.0,0.0,0.0,0.0
0,0,1.0,0.0,0.0,0.0,0.0,0.0,0.0,0.0
0,0,1.0,0.0,0.0,0.0,0.0,0.0,0.0,0.0
0,0,1.0,0.0,0.0,0.0,0.0,0.0,0.0,0.0
0,0,1.0,0.0,0.0,0.0,0.0,0.0,0.0,0.0
0,0,1.0,0.0,0.0,0.0,0.0,0.0,0.0,0.0
0,0,1.0,0.0,0.0,0.0,0.0,0.0,0.0,0.0
0,0,1.0,0.0,0.0,0.0,0.0,0.0,0.0,0.0
0,0,1.0,0.0,0.0,0.0,0.0,0.0,0.0,0.0
0,0,1.0,0.0,0.0,0.0,0.0,0.0,0.0,0.0
0,0,1.0,0.0,0.0,0.0,0.0,0.0,0.0,0.0
0,0,1.0,0.0,0.0,0.0,0.0,0.0,0.0,0.0
0,0,1.0,0.0,0.0,0.0,0.0,0.0,0.0,0.0
0,0,1.0,0.0,0.0,0.0,0.0,0.0,0.0,0.0
0,0,1.0,0.0,0.0,0.0,0.0,0.0,0.0,0.0
0,0,1.0,0.0,0.0,0.0,0.0,0.0,0.0,0.0
0,0,1.0,0.0,0.0,0.0,0.0,0.0,0.0,0.0
0,0,1.0,0.0,0.0,0.0,0.0,0.0,0.0,0.0
0,0,1.0,0.0,0.0,0.0,0.0,0.0,0.0,0.0
0,0,1.0,0.0,0.0,0.0,0.0,0.0,0.0,0.0
0,0,1.0,0.0,0.0,0.0,0.0,0.0,0.0,0.0
0,0,1.0,0.0,0.0,0.0,0.0,0.0,0.0,0.0
0,0,1.0,0.0,0.0,0.0,0.0,0.0,0.0,0.0
0,0,1.0,0.0,0.0,0.0,0.0,0.0,0.0,0.0
0,0,1.0,0.0,0.0,0.0,0.0,0.0,0.0,0.0
0,0,1.0,0.0,0.0,0.0,0.0,0.0,0.0,0.0
0,0,1.0,0.0,0.0,0.0,0.0,0.0,0.0,0.0
0,0,1.0,0.0,0.0,0.0,0.0,0.0,0.0,0.0
0,0,1.0,0.0,0.0,0.0,0.0,0.0,0.0,0.0
0,0,1.0,0.0,0.0,0.0,0.0,0.0,0.0,0.0
0,0,1.0,0.0,0.0,0.0,0.0,0.0,0.0,0.0
0,0,1.0,0.0,0.0,0.0,0.0,0.0,0.0,0.0
0,0,1.0,0.0,0.0,0.0,0.0,0.0,0.0,0.0
0,0,1.0,0.0,0.0,0.0,0.0,0.0,0.0,0.0
0,0,1.0,0.0,0.0,0.0,0.0,0.0,0.0,0.0
0,0,1.0,0.0,0.0,0.0,0.0,0.0,0.0,0.0
0,0,1.0,0.0,0.0,0.0,0.0,0.0,0.0,0.0
0,0,1.0,0.0,0.0,0.0,0.0,0.0,0.0,0.0
0,0,1.0,0.0,0.0,0.0,0.0,0.0,0.0,0.0
0,0,1.0,0.0,0.0,0.0,0.0,0.0,0.0,0.0
0,0,1.0,0.0,0.0,0.0,0.0,0.0,0.0,0.0
0,0,1.0,0.0,0.0,0.0,0.0,0.0,0.0,0.0
0,0,1.0,0.0,0.0,0.0,0.0,0.0,0.0,0.0
0,0,1.0,0.0,0.0,0.0,0.0,0.0,0.0,0.0
0,0,1.0,0.0,0.0,0.0,0.0,0.0,0.0,0.0
0,0,1.0,0.0,0.0,0.0,0.0,0.0,0.0,0.0
0,0,1.0,0.0,0.0,0.0,0.0,0.0,0.0,0.0
0,0,1.0,0.0,0.0,0.0,0.0,0.0,0.0,0.0
0,0,1.0,0.0,0.0,0.0,0.0,0.0,0.0,0.0
0,0,1.0,0.0,0.0,0.0,0.0,0.0,0.0,0.0
0,0,1.0,0.0,0.0,0.0,0.0,0.0,0.0,0.0
0,0,1.0,0.0,0.0,0.0,0.0,0.0,0.0,0.0
0,0,1.0,0.0,0.0,0.0,0.0,0.0,0.0,0.0
0,0,1.0,0.0,0.0,0.0,0.0,0.0,0.0,0.0
0,0,1.0,0.0,0.0,0.0,0.0,0.0,0.0,0.0
0,0,1.0,0.0,0.0,0.0,0.0,0.0,0.0,0.0
0,0,1.0,0.0,0.0,0.0,0.0,0.0,0.0,0.0
0,0,1.0,0.0,0.0,0.0,0.0,0.0,0.0,0.0
0,0,1.0,0.0,0.0,0.0,0.0,0.0,0.0,0.0
0,0,1.0,0.0,0.0,0.0,0.0,0.0,0.0,0.0
0,0,1.0,0.0,0.0,0.0,0.0,0.0,0.0,0.0
0,0,1.0,0.0,0.0,0.0,0.0,0.0,0.0,0.0
0,0,1.0,0.0,0.0,0.0,0.0,0.0,0.0,0.0
0,0,1.0,0.0,0.0,0.0,0.0,0.0,0.0,0.0
0,0,1.0,0.0,0.0,0.0,0.0,0.0,0.0,0.0
0,0,1.0,0.0,0.0,0.0,0.0,0.0,0.0,0.0
0,0,1.0,0.0,0.0,0.0,0.0,0.0,0.0,0.0
0,0,1.0,0.0,0.0,0.0,0.0,0.0,0.0,0.0
0,0,1.0,0.0,0.0,0.0,0.0,0.0,0.0,0.0
0,0,1.0,0.0,0.0,0.0,0.0,0.0,0.0,0.0
0,0,1.0,0.0,0.0,0.0,0.0,0.0,0.0,0.0
0,0,1.0,0.0,0.0,0.0,0.0,0.0,0.0,0.0
0,0,1.0,0.0,0.0,0.0,0.0,0.0,0.0,0.0
0,0,1.0,0.0,0.0,0.0,0.0,0.0,0.0,0.0
0,0,1.0,0.0,0.0,0.0,0.0,0.0,0.0,0.0
0,0,1.0,0.0,0.0,0.0,0.0,0.0,0.0,0.0
0,0,1.0,0.0,0.0,0.0,0.0,0.0,0.0,0.0
0,0,1.0,0.0,0.0,0.0,0.0,0.0,0.0,0.0
0,0,1.0,0.0,0.0,0.0,0.0,0.0,0.0,0.0
0,0,1.0,0.0,0.0,0.0,0.0,0.0,0.0,0.0
0,0,1.0,0.0,0.0,0.0,0.0,0.0,0.0,0.0
0,0,1.0,0.0,0.0,0.0,0.0,0.0,0.0,0.0
0,0,1.0,0.0,0.0,0.0,0.0,0.0,0.0,0.0
0,0,1.0,0.0,0.0,0.0,0.0,0.0,0.0,0.0
0,0,1.0,0.0,0.0,0.0,0.0,0.0,0.0,0.0
0,0,1.0,0.0,0.0,0.0,0.0,0.0,0.0,0.0
0,0,1.0,0.0,0.0,0.0,0.0,0.0,0.0,0.0
0,0,1.0,0.0,0.0,0.0,0.0,0.0,0.0,0.0
0,0,1.0,0.0,0.0,0.0,0.0,0.0,0.0,0.0
0,0,1.0,0.0,0.0,0.0,0.0,0.0,0.0,0.0
0,0,1.0,0.0,0.0,0.0,0.0,0.0,0.0,0.0
0,0,1.0,0.0,0.0,0.0,0.0,0.0,0.0,0.0
0,0,1.0,0.0,0.0,0.0,0.0,0.0,0.0,0.0
0,0,1.0,0.0,0.0,0.0,0.0,0.0,0.0,0.0
0,0,1.0,0.0,0.0,0.0,0.0,0.0,0.0,0.0
0,0,1.0,0.0,0.0,0.0,0.0,0.0,0.0,0.0
0,0,1.0,0.0,0.0,0.0,0.0,0.0,0.0,0.0
0,0,1.0,0.0,0.0,0.0,0.0,0.0,0.0,0.0
0,0,1.0,0.0,0.0,0.0,0.0,0.0,0.0,0.0
0,0,1.0,0.0,0.0,0.0,0.0,0.0,0.0,0.0
0,0,1.0,0.0,0.0,0.0,0.0,0.0,0.0,0.0
0,0,1.0,0.0,0.0,0.0,0.0,0.0,0.0,0.0
0,0,1.0,0.0,0.0,0.0,0.0,0.0,0.0,0.0
0,0,1.0,0.0,0.0,0.0,0.0,0.0,0.0,0.0
0,0,1.0,0.0,0.0,0.0,0.0,0.0,0.0,0.0
0,0,1.0,0.0,0.0,0.0,0.0,0.0,0.0,0.0
0,0,1.0,0.0,0.0,0.0,0.0,0.0,0.0,0.0
0,0,1.0,0.0,0.0,0.0,0.0,0.0,0.0,0.0
0,0,1.0,0.0,0.0,0.0,0.0,0.0,0.0,0.0
0,0,1.0,0.0,0.0,0.0,0.0,0.0,0.0,0.0
0,0,1.0,0.0,0.0,0.0,0.0,0.0,0.0,0.0
0,0,1.0,0.0,0.0,0.0,0.0,0.0,0.0,0.0
0,0,1.0,0.0,0.0,0.0,0.0,0.0,0.0,0.0
0,0,1.0,0.0,0.0,0.0,0.0,0.0,0.0,0.0
0,0,1.0,0.0,0.0,0.0,0.0,0.0,0.0,0.0
0,0,1.0,0.0,0.0,0.0,0.0,0.0,0.0,0.0
0,0,1.0,0.0,0.0,0.0,0.0,0.0,0.0,0.0
0,0,1.0,0.0,0.0,0.0,0.0,0.0,0.0,0.0
0,0,1.0,0.0,0.0,0.0,0.0,0.0,0.0,0.0
0,0,1.0,0.0,0.0,0.0,0.0,0.0,0.0,0.0
0,0,1.0,0.0,0.0,0.0,0.0,0.0,0.0,0.0
0,0,1.0,0.0,0.0,0.0,0.0,0.0,0.0,0.0
0,0,1.0,0.0,0.0,0.0,0.0,0.0,0.0,0.0
0,0,1.0,0.0,0.0,0.0,0.0,0.0,0.0,0.0
0,0,1.0,0.0,0.0,0.0,0.0,0.0,0.0,0.0
0,0,1.0,0.0,0.0,0.0,0.0,0.0,0.0,0.0
0,0,1.0,0.0,0.0,0.0,0.0,0.0,0.0,0.0
0,0,1.0,0.0,0.0,0.0,0.0,0.0,0.0,0.0
0,0,1.0,0.0,0.0,0.0,0.0,0.0,0.0,0.0
0,0,1.0,0.0,0.0,0.0,0.0,0.0,0.0,0.0
0,0,1.0,0.0,0.0,0.0,0.0,0.0,0.0,0.0
0,0,1.0,0.0,0.0,0.0,0.0,0.0,0.0,0.0
0,0,1.0,0.0,0.0,0.0,0.0,0.0,0.0,0.0
0,0,0.984375,0.015625,0.0,0.0,0.0,0.0,0.0,0.0
0,0,0.984375,0.015625,0.0,0.0,0.0,0.0,0.0,0.0
0,0,0.984375,0.015625,0.0,0.0,0.0,0.0,0.0,0.0
0,0,0.984375,0.015625,0.0,0.0,0.0,0.0,0.0,0.0
0,0,0.984375,0.015625,0.0,0.0,0.0,0.0,0.0,0.0
0,0,0.984375,0.015625,0.0,0.0,0.0,0.0,0.0,0.0
0,0,0.984375,0.015625,0.0,0.0,0.0,0.0,0.0,0.0
0,0,0.984375,0.015625,0.0,0.0,0.0,0.0,0.0,0.0
0,0,0.984375,0.015625,0.0,0.0,0.0,0.0,0.0,0.0
0,0,0.984375,0.015625,0.0,0.0,0.0,0.0,0.0,0.0
0,0,0.984375,0.015625,0.0,0.0,0.0,0.0,0.0,0.0
0,0,0.984375,0.015625,0.0,0.0,0.0,0.0,0.0,0.0
0,0,1.0,0.0,0.0,0.0,0.0,0.0,0.0,0.0
0,0,1.0,0.0,0.0,0.0,0.0,0.0,0.0,0.0
0,0,1.0,0.0,0.0,0.0,0.0,0.0,0.0,0.0
0,0,1.0,0.0,0.0,0.0,0.0,0.0,0.0,0.0
0,0,0.984375,0.0,0.0,0.0,0.015625,0.0,0.0,0.0
0,0,0.984375,0.0,0.0,0.0,0.015625,0.0,0.0,0.0
0,0,0.984375,0.0,0.0,0.0,0.015625,0.0,0.0,0.0
0,0,0.984375,0.0,0.0,0.0,0.015625,0.0,0.0,0.0
0,0,0.984375,0.0,0.0,0.0,0.015625,0.0,0.0,0.0
0,0,0.984375,0.0,0.0,0.0,0.015625,0.0,0.0,0.0
0,0,0.984375,0.0,0.0,0.0,0.015625,0.0,0.0,0.0
0,0,0.984375,0.0,0.0,0.0,0.015625,0.0,0.0,0.0
0,0,0.984375,0.0,0.0,0.0,0.015625,0.0,0.0,0.0
0,0,0.984375,0.0,0.0,0.0,0.015625,0.0,0.0,0.0
0,0,0.984375,0.0,0.0,0.0,0.015625,0.0,0.0,0.0
0,0,0.984375,0.0,0.0,0.0,0.015625,0.0,0.0,0.0
0,0,0.984375,0.0,0.0,0.0,0.015625,0.0,0.0,0.0
0,0,0.984375,0.0,0.0,0.0,0.015625,0.0,0.0,0.0
0,0,0.984375,0.0,0.0,0.0,0.015625,0.0,0.0,0.0
0,0,0.984375,0.0,0.0,0.0,0.015625,0.0,0.0,0.0
0,0,0.984375,0.0,0.0,0.0,0.015625,0.0,0.0,0.0
0,0,0.984375,0.0,0.0,0.0,0.015625,0.0,0.0,0.0
0,0,0.984375,0.0,0.0,0.0,0.015625,0.0,0.0,0.0
0,0,0.984375,0.0,0.0,0.0,0.015625,0.0,0.0,0.0
0,0,1.0,0.0,0.0,0.0,0.0,0.0,0.0,0.0
0,0,1.0,0.0,0.0,0.0,0.0,0.0,0.0,0.0
0,0,1.0,0.0,0.0,0.0,0.0,0.0,0.0,0.0
0,0,1.0,0.0,0.0,0.0,0.0,0.0,0.0,0.0
0,0,1.0,0.0,0.0,0.0,0.0,0.0,0.0,0.0
0,0,1.0,0.0,0.0,0.0,0.0,0.0,0.0,0.0
0,0,1.0,0.0,0.0,0.0,0.0,0.0,0.0,0.0
0,0,1.0,0.0,0.0,0.0,0.0,0.0,0.0,0.0
0,0,1.0,0.0,0.0,0.0,0.0,0.0,0.0,0.0
0,0,1.0,0.0,0.0,0.0,0.0,0.0,0.0,0.0
0,0,1.0,0.0,0.0,0.0,0.0,0.0,0.0,0.0
0,0,1.0,0.0,0.0,0.0,0.0,0.0,0.0,0.0
0,0,1.0,0.0,0.0,0.0,0.0,0.0,0.0,0.0
0,0,1.0,0.0,0.0,0.0,0.0,0.0,0.0,0.0
0,0,1.0,0.0,0.0,0.0,0.0,0.0,0.0,0.0
0,0,1.0,0.0,0.0,0.0,0.0,0.0,0.0,0.0
0,0,1.0,0.0,0.0,0.0,0.0,0.0,0.0,0.0
0,0,1.0,0.0,0.0,0.0,0.0,0.0,0.0,0.0
0,0,1.0,0.0,0.0,0.0,0.0,0.0,0.0,0.0
0,0,1.0,0.0,0.0,0.0,0.0,0.0,0.0,0.0
0,0,1.0,0.0,0.0,0.0,0.0,0.0,0.0,0.0
0,0,1.0,0.0,0.0,0.0,0.0,0.0,0.0,0.0
0,0,1.0,0.0,0.0,0.0,0.0,0.0,0.0,0.0
0,0,1.0,0.0,0.0,0.0,0.0,0.0,0.0,0.0
0,0,1.0,0.0,0.0,0.0,0.0,0.0,0.0,0.0
0,0,1.0,0.0,0.0,0.0,0.0,0.0,0.0,0.0
0,0,1.0,0.0,0.0,0.0,0.0,0.0,0.0,0.0
0,0,1.0,0.0,0.0,0.0,0.0,0.0,0.0,0.0
0,0,1.0,0.0,0.0,0.0,0.0,0.0,0.0,0.0
0,0,1.0,0.0,0.0,0.0,0.0,0.0,0.0,0.0
0,0,1.0,0.0,0.0,0.0,0.0,0.0,0.0,0.0
0,0,1.0,0.0,0.0,0.0,0.0,0.0,0.0,0.0
0,0,1.0,0.0,0.0,0.0,0.0,0.0,0.0,0.0
0,0,1.0,0.0,0.0,0.0,0.0,0.0,0.0,0.0
0,0,1.0,0.0,0.0,0.0,0.0,0.0,0.0,0.0
0,0,1.0,0.0,0.0,0.0,0.0,0.0,0.0,0.0
0,0,1.0,0.0,0.0,0.0,0.0,0.0,0.0,0.0
0,0,1.0,0.0,0.0,0.0,0.0,0.0,0.0,0.0
0,0,1.0,0.0,0.0,0.0,0.0,0.0,0.0,0.0
0,0,1.0,0.0,0.0,0.0,0.0,0.0,0.0,0.0
0,0,1.0,0.0,0.0,0.0,0.0,0.0,0.0,0.0
0,0,1.0,0.0,0.0,0.0,0.0,0.0,0.0,0.0
0,0,1.0,0.0,0.0,0.0,0.0,0.0,0.0,0.0
0,0,1.0,0.0,0.0,0.0,0.0,0.0,0.0,0.0
0,0,1.0,0.0,0.0,0.0,0.0,0.0,0.0,0.0
0,0,1.0,0.0,0.0,0.0,0.0,0.0,0.0,0.0
0,0,1.0,0.0,0.0,0.0,0.0,0.0,0.0,0.0
0,0,1.0,0.0,0.0,0.0,0.0,0.0,0.0,0.0
0,0,1.0,0.0,0.0,0.0,0.0,0.0,0.0,0.0
0,0,1.0,0.0,0.0,0.0,0.0,0.0,0.0,0.0
0,0,1.0,0.0,0.0,0.0,0.0,0.0,0.0,0.0
0,0,1.0,0.0,0.0,0.0,0.0,0.0,0.0,0.0
0,0,1.0,0.0,0.0,0.0,0.0,0.0,0.0,0.0
0,0,1.0,0.0,0.0,0.0,0.0,0.0,0.0,0.0
0,0,1.0,0.0,0.0,0.0,0.0,0.0,0.0,0.0
0,0,1.0,0.0,0.0,0.0,0.0,0.0,0.0,0.0
0,0,1.0,0.0,0.0,0.0,0.0,0.0,0.0,0.0
0,0,1.0,0.0,0.0,0.0,0.0,0.0,0.0,0.0
0,0,1.0,0.0,0.0,0.0,0.0,0.0,0.0,0.0
0,0,1.0,0.0,0.0,0.0,0.0,0.0,0.0,0.0
0,0,1.0,0.0,0.0,0.0,0.0,0.0,0.0,0.0
0,0,1.0,0.0,0.0,0.0,0.0,0.0,0.0,0.0
0,0,1.0,0.0,0.0,0.0,0.0,0.0,0.0,0.0
0,0,1.0,0.0,0.0,0.0,0.0,0.0,0.0,0.0
0,0,1.0,0.0,0.0,0.0,0.0,0.0,0.0,0.0
0,0,1.0,0.0,0.0,0.0,0.0,0.0,0.0,0.0
0,0,1.0,0.0,0.0,0.0,0.0,0.0,0.0,0.0
0,0,1.0,0.0,0.0,0.0,0.0,0.0,0.0,0.0
0,0,1.0,0.0,0.0,0.0,0.0,0.0,0.0,0.0
0,0,1.0,0.0,0.0,0.0,0.0,0.0,0.0,0.0
0,0,1.0,0.0,0.0,0.0,0.0,0.0,0.0,0.0
0,0,1.0,0.0,0.0,0.0,0.0,0.0,0.0,0.0
0,0,1.0,0.0,0.0,0.0,0.0,0.0,0.0,0.0
0,0,1.0,0.0,0.0,0.0,0.0,0.0,0.0,0.0
0,0,1.0,0.0,0.0,0.0,0.0,0.0,0.0,0.0
0,0,1.0,0.0,0.0,0.0,0.0,0.0,0.0,0.0
0,0,1.0,0.0,0.0,0.0,0.0,0.0,0.0,0.0
0,0,1.0,0.0,0.0,0.0,0.0,0.0,0.0,0.0
0,0,1.0,0.0,0.0,0.0,0.0,0.0,0.0,0.0
0,0,1.0,0.0,0.0,0.0,0.0,0.0,0.0,0.0
0,0,1.0,0.0,0.0,0.0,0.0,0.0,0.0,0.0
0,0,1.0,0.0,0.0,0.0,0.0,0.0,0.0,0.0
0,0,1.0,0.0,0.0,0.0,0.0,0.0,0.0,0.0
0,0,1.0,0.0,0.0,0.0,0.0,0.0,0.0,0.0
0,0,1.0,0.0,0.0,0.0,0.0,0.0,0.0,0.0
0,0,1.0,0.0,0.0,0.0,0.0,0.0,0.0,0.0
0,0,1.0,0.0,0.0,0.0,0.0,0.0,0.0,0.0
0,0,1.0,0.0,0.0,0.0,0.0,0.0,0.0,0.0
0,0,1.0,0.0,0.0,0.0,0.0,0.0,0.0,0.0
0,0,1.0,0.0,0.0,0.0,0.0,0.0,0.0,0.0
0,0,1.0,0.0,0.0,0.0,0.0,0.0,0.0,0.0
0,0,1.0,0.0,0.0,0.0,0.0,0.0,0.0,0.0
0,0,1.0,0.0,0.0,0.0,0.0,0.0,0.0,0.0
0,0,1.0,0.0,0.0,0.0,0.0,0.0,0.0,0.0
0,0,1.0,0.0,0.0,0.0,0.0,0.0,0.0,0.0
0,0,1.0,0.0,0.0,0.0,0.0,0.0,0.0,0.0
0,0,1.0,0.0,0.0,0.0,0.0,0.0,0.0,0.0
0,0,1.0,0.0,0.0,0.0,0.0,0.0,0.0,0.0
0,0,1.0,0.0,0.0,0.0,0.0,0.0,0.0,0.0
0,0,1.0,0.0,0.0,0.0,0.0,0.0,0.0,0.0
0,0,1.0,0.0,0.0,0.0,0.0,0.0,0.0,0.0
0,0,1.0,0.0,0.0,0.0,0.0,0.0,0.0,0.0
0,0,1.0,0.0,0.0,0.0,0.0,0.0,0.0,0.0
0,0,1.0,0.0,0.0,0.0,0.0,0.0,0.0,0.0
0,0,1.0,0.0,0.0,0.0,0.0,0.0,0.0,0.0
0,0,1.0,0.0,0.0,0.0,0.0,0.0,0.0,0.0
0,0,1.0,0.0,0.0,0.0,0.0,0.0,0.0,0.0
0,0,1.0,0.0,0.0,0.0,0.0,0.0,0.0,0.0
0,0,0.984375,0.015625,0.0,0.0,0.0,0.0,0.0,0.0
0,0,0.984375,0.015625,0.0,0.0,0.0,0.0,0.0,0.0
0,0,0.984375,0.015625,0.0,0.0,0.0,0.0,0.0,0.0
0,0,0.984375,0.015625,0.0,0.0,0.0,0.0,0.0,0.0
0,0,0.984375,0.015625,0.0,0.0,0.0,0.0,0.0,0.0
0,0,0.984375,0.015625,0.0,0.0,0.0,0.0,0.0,0.0
0,0,0.984375,0.015625,0.0,0.0,0.0,0.0,0.0,0.0
0,0,0.984375,0.015625,0.0,0.0,0.0,0.0,0.0,0.0
0,0,0.984375,0.015625,0.0,0.0,0.0,0.0,0.0,0.0
0,0,0.984375,0.015625,0.0,0.0,0.0,0.0,0.0,0.0
0,0,0.984375,0.015625,0.0,0.0,0.0,0.0,0.0,0.0
0,0,0.984375,0.015625,0.0,0.0,0.0,0.0,0.0,0.0
0,0,0.984375,0.015625,0.0,0.0,0.0,0.0,0.0,0.0
0,0,0.984375,0.015625,0.0,0.0,0.0,0.0,0.0,0.0
0,0,0.984375,0.015625,0.0,0.0,0.0,0.0,0.0,0.0
0,0,0.984375,0.015625,0.0,0.0,0.0,0.0,0.0,0.0
0,0,0.984375,0.015625,0.0,0.0,0.0,0.0,0.0,0.0
0,0,0.984375,0.015625,0.0,0.0,0.0,0.0,0.0,0.0
0,0,0.984375,0.015625,0.0,0.0,0.0,0.0,0.0,0.0
0,0,0.984375,0.015625,0.0,0.0,0.0,0.0,0.0,0.0
0,0,0.984375,0.015625,0.0,0.0,0.0,0.0,0.0,0.0
0,0,0.984375,0.015625,0.0,0.0,0.0,0.0,0.0,0.0
0,0,0.984375,0.015625,0.0,0.0,0.0,0.0,0.0,0.0
0,0,0.984375,0.015625,0.0,0.0,0.0,0.0,0.0,0.0
0,0,0.984375,0.015625,0.0,0.0,0.0,0.0,0.0,0.0
0,0,0.984375,0.015625,0.0,0.0,0.0,0.0,0.0,0.0
0,0,0.984375,0.015625,0.0,0.0,0.0,0.0,0.0,0.0
0,0,0.984375,0.015625,0.0,0.0,0.0,0.0,0.0,0.0
0,0,0.984375,0.015625,0.0,0.0,0.0,0.0,0.0,0.0
0,0,0.984375,0.015625,0.0,0.0,0.0,0.0,0.0,0.0
0,0,0.984375,0.015625,0.0,0.0,0.0,0.0,0.0,0.0
0,0,0.984375,0.015625,0.0,0.0,0.0,0.0,0.0,0.0
0,0,0.984375,0.015625,0.0,0.0,0.0,0.0,0.0,0.0
0,0,0.984375,0.015625,0.0,0.0,0.0,0.0,0.0,0.0
0,0,0.984375,0.015625,0.0,0.0,0.0,0.0,0.0,0.0
0,0,0.984375,0.015625,0.0,0.0,0.0,0.0,0.0,0.0
0,0,0.984375,0.015625,0.0,0.0,0.0,0.0,0.0,0.0
0,0,0.984375,0.015625,0.0,0.0,0.0,0.0,0.0,0.0
0,0,0.984375,0.015625,0.0,0.0,0.0,0.0,0.0,0.0
0,0,0.984375,0.015625,0.0,0.0,0.0,0.0,0.0,0.0
0,0,0.984375,0.015625,0.0,0.0,0.0,0.0,0.0,0.0
0,0,0.984375,0.015625,0.0,0.0,0.0,0.0,0.0,0.0
0,0,0.984375,0.015625,0.0,0.0,0.0,0.0,0.0,0.0
0,0,0.984375,0.015625,0.0,0.0,0.0,0.0,0.0,0.0
0,0,0.984375,0.015625,0.0,0.0,0.0,0.0,0.0,0.0
0,0,0.984375,0.015625,0.0,0.0,0.0,0.0,0.0,0.0
0,0,0.984375,0.015625,0.0,0.0,0.0,0.0,0.0,0.0
0,0,0.984375,0.015625,0.0,0.0,0.0,0.0,0.0,0.0
0,0,0.984375,0.015625,0.0,0.0,0.0,0.0,0.0,0.0
0,0,0.984375,0.015625,0.0,0.0,0.0,0.0,0.0,0.0
0,0,0.984375,0.015625,0.0,0.0,0.0,0.0,0.0,0.0
0,0,0.984375,0.015625,0.0,0.0,0.0,0.0,0.0,0.0
0,0,0.984375,0.015625,0.0,0.0,0.0,0.0,0.0,0.0
0,0,0.984375,0.015625,0.0,0.0,0.0,0.0,0.0,0.0
0,0,0.984375,0.015625,0.0,0.0,0.0,0.0,0.0,0.0
0,0,0.984375,0.015625,0.0,0.0,0.0,0.0,0.0,0.0
0,0,0.984375,0.015625,0.0,0.0,0.0,0.0,0.0,0.0
0,0,0.984375,0.015625,0.0,0.0,0.0,0.0,0.0,0.0
0,0,0.984375,0.015625,0.0,0.0,0.0,0.0,0.0,0.0
0,0,0.984375,0.015625,0.0,0.0,0.0,0.0,0.0,0.0
0,0,0.984375,0.015625,0.0,0.0,0.0,0.0,0.0,0.0
0,0,0.984375,0.015625,0.0,0.0,0.0,0.0,0.0,0.0
0,0,0.984375,0.015625,0.0,0.0,0.0,0.0,0.0,0.0
0,0,0.984375,0.015625,0.0,0.0,0.0,0.0,0.0,0.0
0,0,0.984375,0.015625,0.0,0.0,0.0,0.0,0.0,0.0
0,0,0.984375,0.015625,0.0,0.0,0.0,0.0,0.0,0.0
0,0,0.984375,0.015625,0.0,0.0,0.0,0.0,0.0,0.0
0,0,0.984375,0.015625,0.0,0.0,0.0,0.0,0.0,0.0
0,0,0.984375,0.015625,0.0,0.0,0.0,0.0,0.0,0.0
0,0,0.984375,0.015625,0.0,0.0,0.0,0.0,0.0,0.0
0,0,0.984375,0.015625,0.0,0.0,0.0,0.0,0.0,0.0
0,0,0.984375,0.015625,0.0,0.0,0.0,0.0,0.0,0.0
0,0,1.0,0.0,0.0,0.0,0.0,0.0,0.0,0.0
0,0,1.0,0.0,0.0,0.0,0.0,0.0,0.0,0.0
0,0,1.0,0.0,0.0,0.0,0.0,0.0,0.0,0.0
0,0,1.0,0.0,0.0,0.0,0.0,0.0,0.0,0.0
0,0,1.0,0.0,0.0,0.0,0.0,0.0,0.0,0.0
0,0,1.0,0.0,0.0,0.0,0.0,0.0,0.0,0.0
0,0,1.0,0.0,0.0,0.0,0.0,0.0,0.0,0.0
0,0,1.0,0.0,0.0,0.0,0.0,0.0,0.0,0.0
0,0,1.0,0.0,0.0,0.0,0.0,0.0,0.0,0.0
0,0,1.0,0.0,0.0,0.0,0.0,0.0,0.0,0.0
0,0,1.0,0.0,0.0,0.0,0.0,0.0,0.0,0.0
0,0,1.0,0.0,0.0,0.0,0.0,0.0,0.0,0.0
0,0,1.0,0.0,0.0,0.0,0.0,0.0,0.0,0.0
0,0,1.0,0.0,0.0,0.0,0.0,0.0,0.0,0.0
0,0,1.0,0.0,0.0,0.0,0.0,0.0,0.0,0.0
0,0,1.0,0.0,0.0,0.0,0.0,0.0,0.0,0.0
0,0,1.0,0.0,0.0,0.0,0.0,0.0,0.0,0.0
0,0,1.0,0.0,0.0,0.0,0.0,0.0,0.0,0.0
0,0,1.0,0.0,0.0,0.0,0.0,0.0,0.0,0.0
0,0,1.0,0.0,0.0,0.0,0.0,0.0,0.0,0.0
0,0,1.0,0.0,0.0,0.0,0.0,0.0,0.0,0.0
0,0,1.0,0.0,0.0,0.0,0.0,0.0,0.0,0.0
0,0,1.0,0.0,0.0,0.0,0.0,0.0,0.0,0.0
0,0,1.0,0.0,0.0,0.0,0.0,0.0,0.0,0.0
0,0,1.0,0.0,0.0,0.0,0.0,0.0,0.0,0.0
0,0,1.0,0.0,0.0,0.0,0.0,0.0,0.0,0.0
0,0,1.0,0.0,0.0,0.0,0.0,0.0,0.0,0.0
0,0,1.0,0.0,0.0,0.0,0.0,0.0,0.0,0.0
0,0,1.0,0.0,0.0,0.0,0.0,0.0,0.0,0.0
0,0,1.0,0.0,0.0,0.0,0.0,0.0,0.0,0.0
0,0,1.0,0.0,0.0,0.0,0.0,0.0,0.0,0.0
0,0,1.0,0.0,0.0,0.0,0.0,0.0,0.0,0.0
0,0,1.0,0.0,0.0,0.0,0.0,0.0,0.0,0.0
0,0,1.0,0.0,0.0,0.0,0.0,0.0,0.0,0.0
0,0,1.0,0.0,0.0,0.0,0.0,0.0,0.0,0.0
0,0,1.0,0.0,0.0,0.0,0.0,0.0,0.0,0.0
0,0,1.0,0.0,0.0,0.0,0.0,0.0,0.0,0.0
0,0,1.0,0.0,0.0,0.0,0.0,0.0,0.0,0.0
0,0,1.0,0.0,0.0,0.0,0.0,0.0,0.0,0.0
0,0,1.0,0.0,0.0,0.0,0.0,0.0,0.0,0.0
0,0,1.0,0.0,0.0,0.0,0.0,0.0,0.0,0.0
0,0,1.0,0.0,0.0,0.0,0.0,0.0,0.0,0.0
0,0,1.0,0.0,0.0,0.0,0.0,0.0,0.0,0.0
0,0,1.0,0.0,0.0,0.0,0.0,0.0,0.0,0.0
0,0,1.0,0.0,0.0,0.0,0.0,0.0,0.0,0.0
0,0,1.0,0.0,0.0,0.0,0.0,0.0,0.0,0.0
0,0,1.0,0.0,0.0,0.0,0.0,0.0,0.0,0.0
0,0,1.0,0.0,0.0,0.0,0.0,0.0,0.0,0.0
0,0,1.0,0.0,0.0,0.0,0.0,0.0,0.0,0.0
0,0,1.0,0.0,0.0,0.0,0.0,0.0,0.0,0.0
0,0,1.0,0.0,0.0,0.0,0.0,0.0,0.0,0.0
0,0,1.0,0.0,0.0,0.0,0.0,0.0,0.0,0.0
0,0,1.0,0.0,0.0,0.0,0.0,0.0,0.0,0.0
0,0,1.0,0.0,0.0,0.0,0.0,0.0,0.0,0.0
0,0,1.0,0.0,0.0,0.0,0.0,0.0,0.0,0.0
0,0,1.0,0.0,0.0,0.0,0.0,0.0,0.0,0.0
0,0,1.0,0.0,0.0,0.0,0.0,0.0,0.0,0.0
0,0,1.0,0.0,0.0,0.0,0.0,0.0,0.0,0.0
0,0,1.0,0.0,0.0,0.0,0.0,0.0,0.0,0.0
0,0,1.0,0.0,0.0,0.0,0.0,0.0,0.0,0.0
0,0,1.0,0.0,0.0,0.0,0.0,0.0,0.0,0.0
0,0,1.0,0.0,0.0,0.0,0.0,0.0,0.0,0.0
0,0,1.0,0.0,0.0,0.0,0.0,0.0,0.0,0.0
0,0,1.0,0.0,0.0,0.0,0.0,0.0,0.0,0.0
0,0,1.0,0.0,0.0,0.0,0.0,0.0,0.0,0.0
0,0,1.0,0.0,0.0,0.0,0.0,0.0,0.0,0.0
0,0,1.0,0.0,0.0,0.0,0.0,0.0,0.0,0.0
0,0,1.0,0.0,0.0,0.0,0.0,0.0,0.0,0.0
0,0,1.0,0.0,0.0,0.0,0.0,0.0,0.0,0.0
0,0,1.0,0.0,0.0,0.0,0.0,0.0,0.0,0.0
0,0,1.0,0.0,0.0,0.0,0.0,0.0,0.0,0.0
0,0,1.0,0.0,0.0,0.0,0.0,0.0,0.0,0.0
0,0,1.0,0.0,0.0,0.0,0.0,0.0,0.0,0.0
0,0,1.0,0.0,0.0,0.0,0.0,0.0,0.0,0.0
0,0,1.0,0.0,0.0,0.0,0.0,0.0,0.0,0.0
0,0,1.0,0.0,0.0,0.0,0.0,0.0,0.0,0.0
0,0,1.0,0.0,0.0,0.0,0.0,0.0,0.0,0.0
0,0,1.0,0.0,0.0,0.0,0.0,0.0,0.0,0.0
0,0,1.0,0.0,0.0,0.0,0.0,0.0,0.0,0.0
0,0,1.0,0.0,0.0,0.0,0.0,0.0,0.0,0.0
0,0,1.0,0.0,0.0,0.0,0.0,0.0,0.0,0.0
0,0,1.0,0.0,0.0,0.0,0.0,0.0,0.0,0.0
0,0,1.0,0.0,0.0,0.0,0.0,0.0,0.0,0.0
0,0,1.0,0.0,0.0,0.0,0.0,0.0,0.0,0.0
0,0,1.0,0.0,0.0,0.0,0.0,0.0,0.0,0.0
0,0,1.0,0.0,0.0,0.0,0.0,0.0,0.0,0.0
0,0,1.0,0.0,0.0,0.0,0.0,0.0,0.0,0.0
0,0,1.0,0.0,0.0,0.0,0.0,0.0,0.0,0.0
0,0,1.0,0.0,0.0,0.0,0.0,0.0,0.0,0.0
0,0,1.0,0.0,0.0,0.0,0.0,0.0,0.0,0.0
0,0,1.0,0.0,0.0,0.0,0.0,0.0,0.0,0.0
0,0,1.0,0.0,0.0,0.0,0.0,0.0,0.0,0.0
0,0,1.0,0.0,0.0,0.0,0.0,0.0,0.0,0.0
0,0,1.0,0.0,0.0,0.0,0.0,0.0,0.0,0.0
0,0,1.0,0.0,0.0,0.0,0.0,0.0,0.0,0.0
0,0,1.0,0.0,0.0,0.0,0.0,0.0,0.0,0.0
0,0,1.0,0.0,0.0,0.0,0.0,0.0,0.0,0.0
0,0,1.0,0.0,0.0,0.0,0.0,0.0,0.0,0.0
0,0,1.0,0.0,0.0,0.0,0.0,0.0,0.0,0.0
0,0,1.0,0.0,0.0,0.0,0.0,0.0,0.0,0.0
0,0,1.0,0.0,0.0,0.0,0.0,0.0,0.0,0.0
0,0,1.0,0.0,0.0,0.0,0.0,0.0,0.0,0.0
0,0,1.0,0.0,0.0,0.0,0.0,0.0,0.0,0.0
0,0,1.0,0.0,0.0,0.0,0.0,0.0,0.0,0.0
0,0,1.0,0.0,0.0,0.0,0.0,0.0,0.0,0.0
0,0,1.0,0.0,0.0,0.0,0.0,0.0,0.0,0.0
0,0,1.0,0.0,0.0,0.0,0.0,0.0,0.0,0.0
0,0,1.0,0.0,0.0,0.0,0.0,0.0,0.0,0.0
0,0,1.0,0.0,0.0,0.0,0.0,0.0,0.0,0.0
0,0,1.0,0.0,0.0,0.0,0.0,0.0,0.0,0.0
0,0,1.0,0.0,0.0,0.0,0.0,0.0,0.0,0.0
0,0,1.0,0.0,0.0,0.0,0.0,0.0,0.0,0.0
0,0,1.0,0.0,0.0,0.0,0.0,0.0,0.0,0.0
0,0,1.0,0.0,0.0,0.0,0.0,0.0,0.0,0.0
0,0,1.0,0.0,0.0,0.0,0.0,0.0,0.0,0.0
0,0,1.0,0.0,0.0,0.0,0.0,0.0,0.0,0.0
0,0,1.0,0.0,0.0,0.0,0.0,0.0,0.0,0.0
0,0,1.0,0.0,0.0,0.0,0.0,0.0,0.0,0.0
0,0,1.0,0.0,0.0,0.0,0.0,0.0,0.0,0.0
0,0,1.0,0.0,0.0,0.0,0.0,0.0,0.0,0.0
0,0,1.0,0.0,0.0,0.0,0.0,0.0,0.0,0.0
0,0,1.0,0.0,0.0,0.0,0.0,0.0,0.0,0.0
0,0,1.0,0.0,0.0,0.0,0.0,0.0,0.0,0.0
0,0,1.0,0.0,0.0,0.0,0.0,0.0,0.0,0.0
0,0,1.0,0.0,0.0,0.0,0.0,0.0,0.0,0.0
0,0,1.0,0.0,0.0,0.0,0.0,0.0,0.0,0.0
0,0,1.0,0.0,0.0,0.0,0.0,0.0,0.0,0.0
0,0,1.0,0.0,0.0,0.0,0.0,0.0,0.0,0.0
0,0,1.0,0.0,0.0,0.0,0.0,0.0,0.0,0.0
0,0,1.0,0.0,0.0,0.0,0.0,0.0,0.0,0.0
0,0,1.0,0.0,0.0,0.0,0.0,0.0,0.0,0.0
0,0,1.0,0.0,0.0,0.0,0.0,0.0,0.0,0.0
0,0,1.0,0.0,0.0,0.0,0.0,0.0,0.0,0.0
0,0,1.0,0.0,0.0,0.0,0.0,0.0,0.0,0.0
0,0,1.0,0.0,0.0,0.0,0.0,0.0,0.0,0.0
0,0,1.0,0.0,0.0,0.0,0.0,0.0,0.0,0.0
0,0,1.0,0.0,0.0,0.0,0.0,0.0,0.0,0.0
0,0,1.0,0.0,0.0,0.0,0.0,0.0,0.0,0.0
0,0,1.0,0.0,0.0,0.0,0.0,0.0,0.0,0.0
0,0,1.0,0.0,0.0,0.0,0.0,0.0,0.0,0.0
0,0,1.0,0.0,0.0,0.0,0.0,0.0,0.0,0.0
0,0,1.0,0.0,0.0,0.0,0.0,0.0,0.0,0.0
0,0,1.0,0.0,0.0,0.0,0.0,0.0,0.0,0.0
0,0,1.0,0.0,0.0,0.0,0.0,0.0,0.0,0.0
0,0,1.0,0.0,0.0,0.0,0.0,0.0,0.0,0.0
0,0,1.0,0.0,0.0,0.0,0.0,0.0,0.0,0.0
0,0,1.0,0.0,0.0,0.0,0.0,0.0,0.0,0.0
0,0,1.0,0.0,0.0,0.0,0.0,0.0,0.0,0.0
0,0,1.0,0.0,0.0,0.0,0.0,0.0,0.0,0.0
0,0,1.0,0.0,0.0,0.0,0.0,0.0,0.0,0.0
0,0,1.0,0.0,0.0,0.0,0.0,0.0,0.0,0.0
0,0,1.0,0.0,0.0,0.0,0.0,0.0,0.0,0.0
0,0,1.0,0.0,0.0,0.0,0.0,0.0,0.0,0.0
0,0,1.0,0.0,0.0,0.0,0.0,0.0,0.0,0.0
0,0,1.0,0.0,0.0,0.0,0.0,0.0,0.0,0.0
0,0,1.0,0.0,0.0,0.0,0.0,0.0,0.0,0.0
0,0,1.0,0.0,0.0,0.0,0.0,0.0,0.0,0.0
0,0,1.0,0.0,0.0,0.0,0.0,0.0,0.0,0.0
0,0,1.0,0.0,0.0,0.0,0.0,0.0,0.0,0.0
0,0,1.0,0.0,0.0,0.0,0.0,0.0,0.0,0.0
0,0,1.0,0.0,0.0,0.0,0.0,0.0,0.0,0.0
0,0,1.0,0.0,0.0,0.0,0.0,0.0,0.0,0.0
0,0,1.0,0.0,0.0,0.0,0.0,0.0,0.0,0.0
0,0,1.0,0.0,0.0,0.0,0.0,0.0,0.0,0.0
0,0,1.0,0.0,0.0,0.0,0.0,0.0,0.0,0.0
0,0,1.0,0.0,0.0,0.0,0.0,0.0,0.0,0.0
0,0,1.0,0.0,0.0,0.0,0.0,0.0,0.0,0.0
0,0,1.0,0.0,0.0,0.0,0.0,0.0,0.0,0.0
0,0,1.0,0.0,0.0,0.0,0.0,0.0,0.0,0.0
0,0,1.0,0.0,0.0,0.0,0.0,0.0,0.0,0.0
0,0,1.0,0.0,0.0,0.0,0.0,0.0,0.0,0.0
0,0,1.0,0.0,0.0,0.0,0.0,0.0,0.0,0.0
0,0,1.0,0.0,0.0,0.0,0.0,0.0,0.0,0.0
0,0,1.0,0.0,0.0,0.0,0.0,0.0,0.0,0.0
0,0,1.0,0.0,0.0,0.0,0.0,0.0,0.0,0.0
0,0,1.0,0.0,0.0,0.0,0.0,0.0,0.0,0.0
0,0,1.0,0.0,0.0,0.0,0.0,0.0,0.0,0.0
0,0,1.0,0.0,0.0,0.0,0.0,0.0,0.0,0.0
0,0,1.0,0.0,0.0,0.0,0.0,0.0,0.0,0.0
0,0,1.0,0.0,0.0,0.0,0.0,0.0,0.0,0.0
0,0,0.984375,0.015625,0.0,0.0,0.0,0.0,0.0,0.0
0,0,0.984375,0.015625,0.0,0.0,0.0,0.0,0.0,0.0
0,0,0.984375,0.015625,0.0,0.0,0.0,0.0,0.0,0.0
0,0,0.984375,0.015625,0.0,0.0,0.0,0.0,0.0,0.0
0,0,0.984375,0.015625,0.0,0.0,0.0,0.0,0.0,0.0
0,0,0.984375,0.015625,0.0,0.0,0.0,0.0,0.0,0.0
0,0,0.984375,0.015625,0.0,0.0,0.0,0.0,0.0,0.0
0,0,0.984375,0.015625,0.0,0.0,0.0,0.0,0.0,0.0
0,0,0.984375,0.015625,0.0,0.0,0.0,0.0,0.0,0.0
0,0,0.984375,0.015625,0.0,0.0,0.0,0.0,0.0,0.0
0,0,0.984375,0.015625,0.0,0.0,0.0,0.0,0.0,0.0
0,0,0.984375,0.015625,0.0,0.0,0.0,0.0,0.0,0.0
0,0,1.0,0.0,0.0,0.0,0.0,0.0,0.0,0.0
0,0,1.0,0.0,0.0,0.0,0.0,0.0,0.0,0.0
0,0,1.0,0.0,0.0,0.0,0.0,0.0,0.0,0.0
0,0,1.0,0.0,0.0,0.0,0.0,0.0,0.0,0.0
0,0,1.0,0.0,0.0,0.0,0.0,0.0,0.0,0.0
0,0,1.0,0.0,0.0,0.0,0.0,0.0,0.0,0.0
0,0,1.0,0.0,0.0,0.0,0.0,0.0,0.0,0.0
0,0,1.0,0.0,0.0,0.0,0.0,0.0,0.0,0.0
0,0,1.0,0.0,0.0,0.0,0.0,0.0,0.0,0.0
0,0,1.0,0.0,0.0,0.0,0.0,0.0,0.0,0.0
0,0,1.0,0.0,0.0,0.0,0.0,0.0,0.0,0.0
0,0,1.0,0.0,0.0,0.0,0.0,0.0,0.0,0.0
0,0,1.0,0.0,0.0,0.0,0.0,0.0,0.0,0.0
0,0,1.0,0.0,0.0,0.0,0.0,0.0,0.0,0.0
0,0,1.0,0.0,0.0,0.0,0.0,0.0,0.0,0.0
0,0,1.0,0.0,0.0,0.0,0.0,0.0,0.0,0.0
0,0,1.0,0.0,0.0,0.0,0.0,0.0,0.0,0.0
0,0,1.0,0.0,0.0,0.0,0.0,0.0,0.0,0.0
0,0,1.0,0.0,0.0,0.0,0.0,0.0,0.0,0.0
0,0,1.0,0.0,0.0,0.0,0.0,0.0,0.0,0.0
0,0,1.0,0.0,0.0,0.0,0.0,0.0,0.0,0.0
0,0,1.0,0.0,0.0,0.0,0.0,0.0,0.0,0.0
0,0,1.0,0.0,0.0,0.0,0.0,0.0,0.0,0.0
0,0,1.0,0.0,0.0,0.0,0.0,0.0,0.0,0.0
0,0,1.0,0.0,0.0,0.0,0.0,0.0,0.0,0.0
0,0,1.0,0.0,0.0,0.0,0.0,0.0,0.0,0.0
0,0,1.0,0.0,0.0,0.0,0.0,0.0,0.0,0.0
0,0,1.0,0.0,0.0,0.0,0.0,0.0,0.0,0.0
0,0,1.0,0.0,0.0,0.0,0.0,0.0,0.0,0.0
0,0,1.0,0.0,0.0,0.0,0.0,0.0,0.0,0.0
0,0,1.0,0.0,0.0,0.0,0.0,0.0,0.0,0.0
0,0,1.0,0.0,0.0,0.0,0.0,0.0,0.0,0.0
0,0,1.0,0.0,0.0,0.0,0.0,0.0,0.0,0.0
0,0,1.0,0.0,0.0,0.0,0.0,0.0,0.0,0.0
0,0,1.0,0.0,0.0,0.0,0.0,0.0,0.0,0.0
0,0,1.0,0.0,0.0,0.0,0.0,0.0,0.0,0.0
0,0,1.0,0.0,0.0,0.0,0.0,0.0,0.0,0.0
0,0,1.0,0.0,0.0,0.0,0.0,0.0,0.0,0.0
0,0,1.0,0.0,0.0,0.0,0.0,0.0,0.0,0.0
0,0,1.0,0.0,0.0,0.0,0.0,0.0,0.0,0.0
0,0,1.0,0.0,0.0,0.0,0.0,0.0,0.0,0.0
0,0,1.0,0.0,0.0,0.0,0.0,0.0,0.0,0.0
0,0,1.0,0.0,0.0,0.0,0.0,0.0,0.0,0.0
0,0,1.0,0.0,0.0,0.0,0.0,0.0,0.0,0.0
0,0,1.0,0.0,0.0,0.0,0.0,0.0,0.0,0.0
0,0,1.0,0.0,0.0,0.0,0.0,0.0,0.0,0.0
0,0,1.0,0.0,0.0,0.0,0.0,0.0,0.0,0.0
0,0,1.0,0.0,0.0,0.0,0.0,0.0,0.0,0.0
0,0,1.0,0.0,0.0,0.0,0.0,0.0,0.0,0.0
0,0,1.0,0.0,0.0,0.0,0.0,0.0,0.0,0.0
0,0,1.0,0.0,0.0,0.0,0.0,0.0,0.0,0.0
0,0,1.0,0.0,0.0,0.0,0.0,0.0,0.0,0.0
0,0,1.0,0.0,0.0,0.0,0.0,0.0,0.0,0.0
0,0,1.0,0.0,0.0,0.0,0.0,0.0,0.0,0.0
0,0,1.0,0.0,0.0,0.0,0.0,0.0,0.0,0.0
0,0,1.0,0.0,0.0,0.0,0.0,0.0,0.0,0.0
0,0,1.0,0.0,0.0,0.0,0.0,0.0,0.0,0.0
0,0,1.0,0.0,0.0,0.0,0.0,0.0,0.0,0.0
0,0,1.0,0.0,0.0,0.0,0.0,0.0,0.0,0.0
0,0,1.0,0.0,0.0,0.0,0.0,0.0,0.0,0.0
0,0,1.0,0.0,0.0,0.0,0.0,0.0,0.0,0.0
0,0,1.0,0.0,0.0,0.0,0.0,0.0,0.0,0.0
0,0,1.0,0.0,0.0,0.0,0.0,0.0,0.0,0.0
0,0,1.0,0.0,0.0,0.0,0.0,0.0,0.0,0.0
0,0,1.0,0.0,0.0,0.0,0.0,0.0,0.0,0.0
0,0,1.0,0.0,0.0,0.0,0.0,0.0,0.0,0.0
0,0,1.0,0.0,0.0,0.0,0.0,0.0,0.0,0.0
0,0,1.0,0.0,0.0,0.0,0.0,0.0,0.0,0.0
0,0,1.0,0.0,0.0,0.0,0.0,0.0,0.0,0.0
0,0,1.0,0.0,0.0,0.0,0.0,0.0,0.0,0.0
0,0,1.0,0.0,0.0,0.0,0.0,0.0,0.0,0.0
0,0,1.0,0.0,0.0,0.0,0.0,0.0,0.0,0.0
0,0,1.0,0.0,0.0,0.0,0.0,0.0,0.0,0.0
0,0,1.0,0.0,0.0,0.0,0.0,0.0,0.0,0.0
0,0,1.0,0.0,0.0,0.0,0.0,0.0,0.0,0.0
0,0,1.0,0.0,0.0,0.0,0.0,0.0,0.0,0.0
0,0,1.0,0.0,0.0,0.0,0.0,0.0,0.0,0.0
0,0,1.0,0.0,0.0,0.0,0.0,0.0,0.0,0.0
0,0,1.0,0.0,0.0,0.0,0.0,0.0,0.0,0.0
0,0,1.0,0.0,0.0,0.0,0.0,0.0,0.0,0.0
0,0,1.0,0.0,0.0,0.0,0.0,0.0,0.0,0.0
0,0,1.0,0.0,0.0,0.0,0.0,0.0,0.0,0.0
0,0,1.0,0.0,0.0,0.0,0.0,0.0,0.0,0.0
0,0,1.0,0.0,0.0,0.0,0.0,0.0,0.0,0.0
0,0,1.0,0.0,0.0,0.0,0.0,0.0,0.0,0.0
0,0,1.0,0.0,0.0,0.0,0.0,0.0,0.0,0.0
0,0,1.0,0.0,0.0,0.0,0.0,0.0,0.0,0.0
0,0,1.0,0.0,0.0,0.0,0.0,0.0,0.0,0.0
0,0,1.0,0.0,0.0,0.0,0.0,0.0,0.0,0.0
0,0,1.0,0.0,0.0,0.0,0.0,0.0,0.0,0.0
0,0,1.0,0.0,0.0,0.0,0.0,0.0,0.0,0.0
0,0,1.0,0.0,0.0,0.0,0.0,0.0,0.0,0.0
0,0,1.0,0.0,0.0,0.0,0.0,0.0,0.0,0.0
0,0,1.0,0.0,0.0,0.0,0.0,0.0,0.0,0.0
0,0,1.0,0.0,0.0,0.0,0.0,0.0,0.0,0.0
0,0,1.0,0.0,0.0,0.0,0.0,0.0,0.0,0.0
0,0,1.0,0.0,0.0,0.0,0.0,0.0,0.0,0.0
0,0,1.0,0.0,0.0,0.0,0.0,0.0,0.0,0.0
0,0,1.0,0.0,0.0,0.0,0.0,0.0,0.0,0.0
0,0,1.0,0.0,0.0,0.0,0.0,0.0,0.0,0.0
0,0,1.0,0.0,0.0,0.0,0.0,0.0,0.0,0.0
0,0,1.0,0.0,0.0,0.0,0.0,0.0,0.0,0.0
0,0,1.0,0.0,0.0,0.0,0.0,0.0,0.0,0.0
0,0,1.0,0.0,0.0,0.0,0.0,0.0,0.0,0.0
0,0,1.0,0.0,0.0,0.0,0.0,0.0,0.0,0.0
0,0,1.0,0.0,0.0,0.0,0.0,0.0,0.0,0.0
0,0,1.0,0.0,0.0,0.0,0.0,0.0,0.0,0.0
0,0,1.0,0.0,0.0,0.0,0.0,0.0,0.0,0.0
0,0,1.0,0.0,0.0,0.0,0.0,0.0,0.0,0.0
0,0,1.0,0.0,0.0,0.0,0.0,0.0,0.0,0.0
0,0,1.0,0.0,0.0,0.0,0.0,0.0,0.0,0.0
0,0,1.0,0.0,0.0,0.0,0.0,0.0,0.0,0.0
0,0,1.0,0.0,0.0,0.0,0.0,0.0,0.0,0.0
0,0,1.0,0.0,0.0,0.0,0.0,0.0,0.0,0.0
0,0,1.0,0.0,0.0,0.0,0.0,0.0,0.0,0.0
0,0,1.0,0.0,0.0,0.0,0.0,0.0,0.0,0.0
0,0,1.0,0.0,0.0,0.0,0.0,0.0,0.0,0.0
0,0,1.0,0.0,0.0,0.0,0.0,0.0,0.0,0.0
0,0,1.0,0.0,0.0,0.0,0.0,0.0,0.0,0.0
0,0,1.0,0.0,0.0,0.0,0.0,0.0,0.0,0.0
0,0,1.0,0.0,0.0,0.0,0.0,0.0,0.0,0.0
0,0,1.0,0.0,0.0,0.0,0.0,0.0,0.0,0.0
0,0,1.0,0.0,0.0,0.0,0.0,0.0,0.0,0.0
0,0,1.0,0.0,0.0,0.0,0.0,0.0,0.0,0.0
0,0,1.0,0.0,0.0,0.0,0.0,0.0,0.0,0.0
0,0,1.0,0.0,0.0,0.0,0.0,0.0,0.0,0.0
0,0,1.0,0.0,0.0,0.0,0.0,0.0,0.0,0.0
0,0,1.0,0.0,0.0,0.0,0.0,0.0,0.0,0.0
0,0,1.0,0.0,0.0,0.0,0.0,0.0,0.0,0.0
0,0,1.0,0.0,0.0,0.0,0.0,0.0,0.0,0.0
0,0,1.0,0.0,0.0,0.0,0.0,0.0,0.0,0.0
0,0,1.0,0.0,0.0,0.0,0.0,0.0,0.0,0.0
0,0,1.0,0.0,0.0,0.0,0.0,0.0,0.0,0.0
0,0,1.0,0.0,0.0,0.0,0.0,0.0,0.0,0.0
0,0,1.0,0.0,0.0,0.0,0.0,0.0,0.0,0.0
0,0,1.0,0.0,0.0,0.0,0.0,0.0,0.0,0.0
0,0,1.0,0.0,0.0,0.0,0.0,0.0,0.0,0.0
0,0,1.0,0.0,0.0,0.0,0.0,0.0,0.0,0.0
0,0,1.0,0.0,0.0,0.0,0.0,0.0,0.0,0.0
0,0,1.0,0.0,0.0,0.0,0.0,0.0,0.0,0.0
0,0,1.0,0.0,0.0,0.0,0.0,0.0,0.0,0.0
0,0,1.0,0.0,0.0,0.0,0.0,0.0,0.0,0.0
0,0,1.0,0.0,0.0,0.0,0.0,0.0,0.0,0.0
0,0,1.0,0.0,0.0,0.0,0.0,0.0,0.0,0.0
0,0,1.0,0.0,0.0,0.0,0.0,0.0,0.0,0.0
0,0,1.0,0.0,0.0,0.0,0.0,0.0,0.0,0.0
0,0,1.0,0.0,0.0,0.0,0.0,0.0,0.0,0.0
0,0,1.0,0.0,0.0,0.0,0.0,0.0,0.0,0.0
0,0,1.0,0.0,0.0,0.0,0.0,0.0,0.0,0.0
0,0,1.0,0.0,0.0,0.0,0.0,0.0,0.0,0.0
0,0,1.0,0.0,0.0,0.0,0.0,0.0,0.0,0.0
0,0,1.0,0.0,0.0,0.0,0.0,0.0,0.0,0.0
0,0,1.0,0.0,0.0,0.0,0.0,0.0,0.0,0.0
0,0,1.0,0.0,0.0,0.0,0.0,0.0,0.0,0.0
0,0,1.0,0.0,0.0,0.0,0.0,0.0,0.0,0.0
0,0,1.0,0.0,0.0,0.0,0.0,0.0,0.0,0.0
0,0,1.0,0.0,0.0,0.0,0.0,0.0,0.0,0.0
0,0,1.0,0.0,0.0,0.0,0.0,0.0,0.0,0.0
0,0,1.0,0.0,0.0,0.0,0.0,0.0,0.0,0.0
0,0,1.0,0.0,0.0,0.0,0.0,0.0,0.0,0.0
0,0,1.0,0.0,0.0,0.0,0.0,0.0,0.0,0.0
0,0,1.0,0.0,0.0,0.0,0.0,0.0,0.0,0.0
0,0,1.0,0.0,0.0,0.0,0.0,0.0,0.0,0.0
0,0,1.0,0.0,0.0,0.0,0.0,0.0,0.0,0.0
0,0,1.0,0.0,0.0,0.0,0.0,0.0,0.0,0.0
0,0,1.0,0.0,0.0,0.0,0.0,0.0,0.0,0.0
0,0,1.0,0.0,0.0,0.0,0.0,0.0,0.0,0.0
0,0,1.0,0.0,0.0,0.0,0.0,0.0,0.0,0.0
0,0,1.0,0.0,0.0,0.0,0.0,0.0,0.0,0.0
0,0,1.0,0.0,0.0,0.0,0.0,0.0,0.0,0.0
0,0,1.0,0.0,0.0,0.0,0.0,0.0,0.0,0.0
0,0,1.0,0.0,0.0,0.0,0.0,0.0,0.0,0.0
0,0,1.0,0.0,0.0,0.0,0.0,0.0,0.0,0.0
0,0,1.0,0.0,0.0,0.0,0.0,0.0,0.0,0.0
0,0,1.0,0.0,0.0,0.0,0.0,0.0,0.0,0.0
0,0,1.0,0.0,0.0,0.0,0.0,0.0,0.0,0.0
0,0,1.0,0.0,0.0,0.0,0.0,0.0,0.0,0.0
0,0,1.0,0.0,0.0,0.0,0.0,0.0,0.0,0.0
0,0,1.0,0.0,0.0,0.0,0.0,0.0,0.0,0.0
0,0,1.0,0.0,0.0,0.0,0.0,0.0,0.0,0.0
0,0,1.0,0.0,0.0,0.0,0.0,0.0,0.0,0.0
0,0,1.0,0.0,0.0,0.0,0.0,0.0,0.0,0.0
0,0,1.0,0.0,0.0,0.0,0.0,0.0,0.0,0.0
0,0,1.0,0.0,0.0,0.0,0.0,0.0,0.0,0.0
0,0,1.0,0.0,0.0,0.0,0.0,0.0,0.0,0.0
0,0,1.0,0.0,0.0,0.0,0.0,0.0,0.0,0.0
0,0,1.0,0.0,0.0,0.0,0.0,0.0,0.0,0.0
0,0,1.0,0.0,0.0,0.0,0.0,0.0,0.0,0.0
0,0,1.0,0.0,0.0,0.0,0.0,0.0,0.0,0.0
0,0,1.0,0.0,0.0,0.0,0.0,0.0,0.0,0.0
0,0,1.0,0.0,0.0,0.0,0.0,0.0,0.0,0.0
0,0,1.0,0.0,0.0,0.0,0.0,0.0,0.0,0.0
0,0,1.0,0.0,0.0,0.0,0.0,0.0,0.0,0.0
0,0,1.0,0.0,0.0,0.0,0.0,0.0,0.0,0.0
0,0,1.0,0.0,0.0,0.0,0.0,0.0,0.0,0.0
0,0,1.0,0.0,0.0,0.0,0.0,0.0,0.0,0.0
0,0,1.0,0.0,0.0,0.0,0.0,0.0,0.0,0.0
0,0,1.0,0.0,0.0,0.0,0.0,0.0,0.0,0.0
0,0,1.0,0.0,0.0,0.0,0.0,0.0,0.0,0.0
0,0,1.0,0.0,0.0,0.0,0.0,0.0,0.0,0.0
0,0,1.0,0.0,0.0,0.0,0.0,0.0,0.0,0.0
0,0,1.0,0.0,0.0,0.0,0.0,0.0,0.0,0.0
0,0,1.0,0.0,0.0,0.0,0.0,0.0,0.0,0.0
0,0,1.0,0.0,0.0,0.0,0.0,0.0,0.0,0.0
0,0,1.0,0.0,0.0,0.0,0.0,0.0,0.0,0.0
0,0,1.0,0.0,0.0,0.0,0.0,0.0,0.0,0.0
0,0,1.0,0.0,0.0,0.0,0.0,0.0,0.0,0.0
0,0,1.0,0.0,0.0,0.0,0.0,0.0,0.0,0.0
0,0,1.0,0.0,0.0,0.0,0.0,0.0,0.0,0.0
0,0,1.0,0.0,0.0,0.0,0.0,0.0,0.0,0.0
0,0,1.0,0.0,0.0,0.0,0.0,0.0,0.0,0.0
0,0,1.0,0.0,0.0,0.0,0.0,0.0,0.0,0.0
0,0,1.0,0.0,0.0,0.0,0.0,0.0,0.0,0.0
0,0,1.0,0.0,0.0,0.0,0.0,0.0,0.0,0.0
0,0,1.0,0.0,0.0,0.0,0.0,0.0,0.0,0.0
0,0,1.0,0.0,0.0,0.0,0.0,0.0,0.0,0.0
0,0,1.0,0.0,0.0,0.0,0.0,0.0,0.0,0.0
0,0,1.0,0.0,0.0,0.0,0.0,0.0,0.0,0.0
0,0,1.0,0.0,0.0,0.0,0.0,0.0,0.0,0.0
0,0,1.0,0.0,0.0,0.0,0.0,0.0,0.0,0.0
0,0,1.0,0.0,0.0,0.0,0.0,0.0,0.0,0.0
0,0,1.0,0.0,0.0,0.0,0.0,0.0,0.0,0.0
0,0,1.0,0.0,0.0,0.0,0.0,0.0,0.0,0.0
0,0,1.0,0.0,0.0,0.0,0.0,0.0,0.0,0.0
0,0,1.0,0.0,0.0,0.0,0.0,0.0,0.0,0.0
0,0,1.0,0.0,0.0,0.0,0.0,0.0,0.0,0.0
0,0,1.0,0.0,0.0,0.0,0.0,0.0,0.0,0.0
0,0,1.0,0.0,0.0,0.0,0.0,0.0,0.0,0.0
0,0,1.0,0.0,0.0,0.0,0.0,0.0,0.0,0.0
0,0,1.0,0.0,0.0,0.0,0.0,0.0,0.0,0.0
0,0,1.0,0.0,0.0,0.0,0.0,0.0,0.0,0.0
0,0,1.0,0.0,0.0,0.0,0.0,0.0,0.0,0.0
0,0,1.0,0.0,0.0,0.0,0.0,0.0,0.0,0.0
0,0,1.0,0.0,0.0,0.0,0.0,0.0,0.0,0.0
0,0,1.0,0.0,0.0,0.0,0.0,0.0,0.0,0.0
0,0,1.0,0.0,0.0,0.0,0.0,0.0,0.0,0.0
0,0,1.0,0.0,0.0,0.0,0.0,0.0,0.0,0.0
0,0,1.0,0.0,0.0,0.0,0.0,0.0,0.0,0.0
0,0,1.0,0.0,0.0,0.0,0.0,0.0,0.0,0.0
0,0,1.0,0.0,0.0,0.0,0.0,0.0,0.0,0.0
0,0,1.0,0.0,0.0,0.0,0.0,0.0,0.0,0.0
0,0,1.0,0.0,0.0,0.0,0.0,0.0,0.0,0.0
0,0,1.0,0.0,0.0,0.0,0.0,0.0,0.0,0.0
0,0,1.0,0.0,0.0,0.0,0.0,0.0,0.0,0.0
0,0,1.0,0.0,0.0,0.0,0.0,0.0,0.0,0.0
0,0,1.0,0.0,0.0,0.0,0.0,0.0,0.0,0.0
0,0,1.0,0.0,0.0,0.0,0.0,0.0,0.0,0.0
0,0,1.0,0.0,0.0,0.0,0.0,0.0,0.0,0.0
0,0,1.0,0.0,0.0,0.0,0.0,0.0,0.0,0.0
0,0,1.0,0.0,0.0,0.0,0.0,0.0,0.0,0.0
0,0,1.0,0.0,0.0,0.0,0.0,0.0,0.0,0.0
0,0,1.0,0.0,0.0,0.0,0.0,0.0,0.0,0.0
0,0,1.0,0.0,0.0,0.0,0.0,0.0,0.0,0.0
0,0,1.0,0.0,0.0,0.0,0.0,0.0,0.0,0.0
0,0,1.0,0.0,0.0,0.0,0.0,0.0,0.0,0.0
0,0,1.0,0.0,0.0,0.0,0.0,0.0,0.0,0.0
0,0,1.0,0.0,0.0,0.0,0.0,0.0,0.0,0.0
0,0,1.0,0.0,0.0,0.0,0.0,0.0,0.0,0.0
0,0,1.0,0.0,0.0,0.0,0.0,0.0,0.0,0.0
0,0,1.0,0.0,0.0,0.0,0.0,0.0,0.0,0.0
0,0,1.0,0.0,0.0,0.0,0.0,0.0,0.0,0.0
0,0,1.0,0.0,0.0,0.0,0.0,0.0,0.0,0.0
0,0,1.0,0.0,0.0,0.0,0.0,0.0,0.0,0.0
0,0,1.0,0.0,0.0,0.0,0.0,0.0,0.0,0.0
0,0,1.0,0.0,0.0,0.0,0.0,0.0,0.0,0.0
0,0,1.0,0.0,0.0,0.0,0.0,0.0,0.0,0.0
0,0,1.0,0.0,0.0,0.0,0.0,0.0,0.0,0.0
0,0,1.0,0.0,0.0,0.0,0.0,0.0,0.0,0.0
0,0,1.0,0.0,0.0,0.0,0.0,0.0,0.0,0.0
0,0,1.0,0.0,0.0,0.0,0.0,0.0,0.0,0.0
0,0,1.0,0.0,0.0,0.0,0.0,0.0,0.0,0.0
0,0,1.0,0.0,0.0,0.0,0.0,0.0,0.0,0.0
0,0,1.0,0.0,0.0,0.0,0.0,0.0,0.0,0.0
0,0,1.0,0.0,0.0,0.0,0.0,0.0,0.0,0.0
0,0,1.0,0.0,0.0,0.0,0.0,0.0,0.0,0.0
0,0,1.0,0.0,0.0,0.0,0.0,0.0,0.0,0.0
0,0,1.0,0.0,0.0,0.0,0.0,0.0,0.0,0.0
0,0,1.0,0.0,0.0,0.0,0.0,0.0,0.0,0.0
0,0,1.0,0.0,0.0,0.0,0.0,0.0,0.0,0.0
0,0,1.0,0.0,0.0,0.0,0.0,0.0,0.0,0.0
0,0,1.0,0.0,0.0,0.0,0.0,0.0,0.0,0.0
0,0,1.0,0.0,0.0,0.0,0.0,0.0,0.0,0.0
0,0,1.0,0.0,0.0,0.0,0.0,0.0,0.0,0.0
0,0,1.0,0.0,0.0,0.0,0.0,0.0,0.0,0.0
0,0,1.0,0.0,0.0,0.0,0.0,0.0,0.0,0.0
0,0,1.0,0.0,0.0,0.0,0.0,0.0,0.0,0.0
0,0,1.0,0.0,0.0,0.0,0.0,0.0,0.0,0.0
0,0,1.0,0.0,0.0,0.0,0.0,0.0,0.0,0.0
0,0,1.0,0.0,0.0,0.0,0.0,0.0,0.0,0.0
0,0,1.0,0.0,0.0,0.0,0.0,0.0,0.0,0.0
0,0,1.0,0.0,0.0,0.0,0.0,0.0,0.0,0.0
0,0,1.0,0.0,0.0,0.0,0.0,0.0,0.0,0.0
0,0,1.0,0.0,0.0,0.0,0.0,0.0,0.0,0.0
0,0,1.0,0.0,0.0,0.0,0.0,0.0,0.0,0.0
0,0,1.0,0.0,0.0,0.0,0.0,0.0,0.0,0.0
0,0,1.0,0.0,0.0,0.0,0.0,0.0,0.0,0.0
0,0,1.0,0.0,0.0,0.0,0.0,0.0,0.0,0.0
0,0,1.0,0.0,0.0,0.0,0.0,0.0,0.0,0.0
0,0,1.0,0.0,0.0,0.0,0.0,0.0,0.0,0.0
0,0,1.0,0.0,0.0,0.0,0.0,0.0,0.0,0.0
0,0,1.0,0.0,0.0,0.0,0.0,0.0,0.0,0.0
0,0,1.0,0.0,0.0,0.0,0.0,0.0,0.0,0.0
0,0,1.0,0.0,0.0,0.0,0.0,0.0,0.0,0.0
0,0,1.0,0.0,0.0,0.0,0.0,0.0,0.0,0.0
0,0,1.0,0.0,0.0,0.0,0.0,0.0,0.0,0.0
0,0,1.0,0.0,0.0,0.0,0.0,0.0,0.0,0.0
0,0,1.0,0.0,0.0,0.0,0.0,0.0,0.0,0.0
0,0,1.0,0.0,0.0,0.0,0.0,0.0,0.0,0.0
0,0,1.0,0.0,0.0,0.0,0.0,0.0,0.0,0.0
0,0,1.0,0.0,0.0,0.0,0.0,0.0,0.0,0.0
0,0,1.0,0.0,0.0,0.0,0.0,0.0,0.0,0.0
0,0,1.0,0.0,0.0,0.0,0.0,0.0,0.0,0.0
0,0,1.0,0.0,0.0,0.0,0.0,0.0,0.0,0.0
0,0,1.0,0.0,0.0,0.0,0.0,0.0,0.0,0.0
0,0,1.0,0.0,0.0,0.0,0.0,0.0,0.0,0.0
0,0,1.0,0.0,0.0,0.0,0.0,0.0,0.0,0.0
0,0,1.0,0.0,0.0,0.0,0.0,0.0,0.0,0.0
0,0,1.0,0.0,0.0,0.0,0.0,0.0,0.0,0.0
0,0,1.0,0.0,0.0,0.0,0.0,0.0,0.0,0.0
0,0,1.0,0.0,0.0,0.0,0.0,0.0,0.0,0.0
0,0,1.0,0.0,0.0,0.0,0.0,0.0,0.0,0.0
0,0,1.0,0.0,0.0,0.0,0.0,0.0,0.0,0.0
0,0,1.0,0.0,0.0,0.0,0.0,0.0,0.0,0.0
0,0,1.0,0.0,0.0,0.0,0.0,0.0,0.0,0.0
0,0,1.0,0.0,0.0,0.0,0.0,0.0,0.0,0.0
0,0,1.0,0.0,0.0,0.0,0.0,0.0,0.0,0.0
0,0,1.0,0.0,0.0,0.0,0.0,0.0,0.0,0.0
0,0,1.0,0.0,0.0,0.0,0.0,0.0,0.0,0.0
0,0,0.984375,0.0,0.0,0.0,0.0,0.0,0.0,0.015625
0,0,0.984375,0.0,0.0,0.0,0.0,0.0,0.0,0.015625
0,0,0.984375,0.0,0.0,0.0,0.0,0.0,0.0,0.015625
0,0,0.984375,0.0,0.0,0.0,0.0,0.0,0.0,0.015625
0,0,0.984375,0.0,0.0,0.0,0.0,0.0,0.0,0.015625
0,0,0.984375,0.0,0.0,0.0,0.0,0.0,0.0,0.015625
0,0,0.984375,0.0,0.0,0.0,0.0,0.0,0.0,0.015625
0,0,0.96875,0.0,0.0,0.0,0.0,0.0,0.0,0.03125
0,0,0.90625,0.03125,0.0,0.015625,0.0,0.0,0.0,0.046875
0,0,0.90625,0.03125,0.0,0.015625,0.0,0.0,0.0,0.046875
0,0,0.90625,0.03125,0.0,0.015625,0.0,0.0,0.0,0.046875
0,0,0.90625,0.03125,0.0,0.015625,0.0,0.0,0.0,0.046875
0,0,0.875,0.046875,0.0,0.015625,0.0,0.0,0.0,0.0625
0,0,0.875,0.046875,0.0,0.015625,0.0,0.0,0.0,0.0625
0,0,0.875,0.046875,0.0,0.015625,0.0,0.0,0.0,0.0625
0,0,0.875,0.046875,0.0,0.015625,0.0,0.0,0.0,0.0625
0,0,0.875,0.046875,0.0,0.015625,0.0,0.0,0.0,0.0625
0,0,0.875,0.046875,0.0,0.015625,0.0,0.0,0.0,0.0625
0,0,0.875,0.046875,0.0,0.015625,0.0,0.0,0.0,0.0625
0,0,0.875,0.046875,0.0,0.015625,0.0,0.0,0.0,0.0625
0,0,0.875,0.046875,0.0,0.015625,0.0,0.0,0.0,0.0625
0,0,0.875,0.046875,0.0,0.015625,0.0,0.0,0.0,0.0625
0,0,0.875,0.046875,0.0,0.015625,0.0,0.0,0.0,0.0625
0,0,0.875,0.046875,0.0,0.015625,0.0,0.0,0.0,0.0625
0,0,0.875,0.046875,0.0,0.015625,0.0,0.0,0.0,0.0625
0,0,0.875,0.046875,0.0,0.015625,0.0,0.0,0.0,0.0625
0,0,0.875,0.046875,0.0,0.015625,0.0,0.0,0.0,0.0625
0,0,0.875,0.046875,0.0,0.015625,0.0,0.0,0.0,0.0625
0,0,0.875,0.046875,0.0,0.015625,0.0,0.0,0.0,0.0625
0,0,0.875,0.046875,0.0,0.015625,0.0,0.0,0.0,0.0625
0,0,0.875,0.046875,0.0,0.015625,0.0,0.0,0.0,0.0625
0,0,0.859375,0.0625,0.0,0.015625,0.0,0.0,0.0,0.0625
0,0,0.8125,0.09375,0.0,0.015625,0.0,0.0,0.0,0.078125
0,0,0.8125,0.09375,0.0,0.015625,0.0,0.0,0.0,0.078125
0,0,0.8125,0.09375,0.0,0.015625,0.0,0.0,0.0,0.078125
0,0,0.8125,0.09375,0.0,0.015625,0.0,0.0,0.0,0.078125
0,0,0.796875,0.109375,0.0,0.015625,0.0,0.0,0.0,0.078125
0,0,0.796875,0.109375,0.0,0.015625,0.0,0.0,0.0,0.078125
0,0,0.796875,0.109375,0.0,0.015625,0.0,0.0,0.0,0.078125
0,0,0.796875,0.109375,0.0,0.015625,0.0,0.0,0.0,0.078125
0,0,0.78125,0.109375,0.015625,0.015625,0.0,0.0,0.0,0.078125
0,0,0.765625,0.109375,0.015625,0.03125,0.0,0.0,0.0,0.078125
0,0,0.765625,0.109375,0.015625,0.03125,0.0,0.0,0.0,0.078125
0,0,0.765625,0.109375,0.015625,0.03125,0.0,0.0,0.0,0.078125
0,0,0.765625,0.109375,0.015625,0.03125,0.0,0.0,0.0,0.078125
0,0,0.765625,0.109375,0.015625,0.03125,0.0,0.0,0.0,0.078125
0,0,0.765625,0.109375,0.015625,0.03125,0.0,0.0,0.0,0.078125
0,0,0.765625,0.109375,0.015625,0.03125,0.0,0.0,0.0,0.078125
0,0,0.71875,0.109375,0.015625,0.0625,0.0,0.0,0.0,0.09375
0,0,0.71875,0.109375,0.015625,0.0625,0.0,0.0,0.0,0.09375
0,0,0.71875,0.109375,0.015625,0.0625,0.0,0.0,0.0,0.09375
0,0,0.71875,0.109375,0.015625,0.0625,0.0,0.0,0.0,0.09375
0,0,0.71875,0.109375,0.015625,0.0625,0.0,0.0,0.0,0.09375
0,0,0.71875,0.109375,0.015625,0.0625,0.0,0.0,0.0,0.09375
0,0,0.71875,0.109375,0.015625,0.0625,0.0,0.0,0.0,0.09375
0,0,0.71875,0.109375,0.015625,0.0625,0.0,0.0,0.0,0.09375
0,0,0.6875,0.140625,0.015625,0.0625,0.0,0.0,0.0,0.09375
0,0,0.6875,0.140625,0.015625,0.0625,0.0,0.0,0.0,0.09375
0,0,0.6875,0.140625,0.015625,0.0625,0.0,0.0,0.0,0.09375
0,0,0.6875,0.140625,0.015625,0.0625,0.0,0.0,0.0,0.09375
0,0,0.6875,0.140625,0.015625,0.0625,0.0,0.0,0.0,0.09375
0,0,0.6875,0.140625,0.015625,0.0625,0.0,0.0,0.0,0.09375
0,0,0.6875,0.140625,0.015625,0.0625,0.0,0.0,0.0,0.09375
0,0,0.6875,0.140625,0.015625,0.0625,0.0,0.0,0.0,0.09375
0,0,0.625,0.171875,0.015625,0.0625,0.0,0.0,0.0,0.125
0,0,0.625,0.171875,0.015625,0.0625,0.0,0.0,0.0,0.125
0,0,0.625,0.171875,0.015625,0.0625,0.0,0.0,0.0,0.125
0,0,0.625,0.171875,0.015625,0.0625,0.0,0.0,0.0,0.125
0,0,0.6031746,0.17460318,0.015873017,0.06349207,0.0,0.0,0.0,0.14285715
0,0,0.6031746,0.17460318,0.015873017,0.06349207,0.0,0.0,0.0,0.14285715
0,0,0.5873016,0.17460318,0.015873017,0.07936508,0.0,0.0,0.0,0.14285715
0,0,0.5873016,0.17460318,0.015873017,0.07936508,0.0,0.0,0.0,0.14285715
0,0,0.5873016,0.17460318,0.015873017,0.07936508,0.0,0.0,0.0,0.14285715
0,0,0.5714286,0.1904762,0.015873017,0.07936508,0.0,0.0,0.0,0.14285715
0,0,0.5714286,0.1904762,0.015873017,0.07936508,0.0,0.0,0.0,0.14285715
0,0,0.5714286,0.1904762,0.015873017,0.07936508,0.0,0.0,0.0,0.14285715
0,0,0.5714286,0.1904762,0.015873017,0.07936508,0.0,0.0,0.0,0.14285715
0,0,0.5714286,0.1904762,0.015873017,0.07936508,0.0,0.0,0.0,0.14285715
4,0,0.5555556,0.20634921,0.015873017,0.07936508,0.0,0.0,0.0,0.14285715
4,0,0.5555556,0.20634921,0.015873017,0.07936508,0.0,0.0,0.0,0.14285715
4,0,0.3548387,0.19354838,0.016129032,0.14516129,0.0,0.0,0.0,0.29032257
4,0,0.3548387,0.19354838,0.016129032,0.14516129,0.0,0.0,0.0,0.29032257
4,0,0.33870968,0.20967741,0.016129032,0.14516129,0.0,0.0,0.0,0.29032257
4,0,0.32258064,0.20967741,0.016129032,0.16129032,0.0,0.0,0.0,0.29032257
4,0,0.32258064,0.20967741,0.016129032,0.16129032,0.0,0.0,0.0,0.29032257
4,0,0.32258064,0.20967741,0.016129032,0.16129032,0.0,0.0,0.0,0.29032257
4,0,0.30645162,0.20967741,0.016129032,0.16129032,0.0,0.0,0.0,0.30645162
4,0,0.30645162,0.20967741,0.016129032,0.16129032,0.0,0.0,0.0,0.30645162
4,7,0.29032257,0.20967741,0.016129032,0.16129032,0.0,0.0,0.0,0.32258064
4,7,0.29032257,0.20967741,0.016129032,0.16129032,0.0,0.0,0.0,0.32258064
4,7,0.29032257,0.20967741,0.016129032,0.16129032,0.0,0.0,0.0,0.32258064
4,7,0.29032257,0.20967741,0.016129032,0.16129032,0.0,0.0,0.0,0.32258064
4,7,0.24193548,0.16129032,0.016129032,0.16129032,0.0,0.0,0.016129032,0.4032258
4,7,0.24193548,0.16129032,0.016129032,0.16129032,0.0,0.0,0.016129032,0.4032258
4,7,0.24193548,0.16129032,0.016129032,0.16129032,0.0,0.0,0.016129032,0.4032258
4,7,0.24193548,0.16129032,0.016129032,0.16129032,0.0,0.0,0.016129032,0.4032258
4,7,0.22580644,0.16129032,0.032258064,0.16129032,0.0,0.0,0.016129032,0.4032258
4,7,0.20967741,0.16129032,0.032258064,0.16129032,0.0,0.0,0.016129032,0.41935483
4,7,0.20967741,0.16129032,0.032258064,0.16129032,0.0,0.0,0.016129032,0.41935483
4,7,0.20967741,0.16129032,0.032258064,0.16129032,0.0,0.0,0.016129032,0.41935483
4,7,0.20967741,0.16129032,0.032258064,0.16129032,0.0,0.0,0.016129032,0.41935483
4,7,0.20967741,0.16129032,0.032258064,0.16129032,0.0,0.0,0.016129032,0.41935483
4,7,0.20967741,0.16129032,0.032258064,0.16129032,0.0,0.0,0.016129032,0.41935483
4,7,0.20967741,0.16129032,0.032258064,0.16129032,0.0,0.0,0.016129032,0.41935483
4,7,0.17741935,0.16129032,0.048387095,0.16129032,0.0,0.0,0.0,0.4516129
4,7,0.17741935,0.14516129,0.048387095,0.16129032,0.0,0.0,0.0,0.46774194
4,7,0.17741935,0.14516129,0.048387095,0.16129032,0.0,0.0,0.0,0.46774194
4,7,0.17741935,0.14516129,0.048387095,0.16129032,0.0,0.0,0.0,0.46774194
4,7,0.17741935,0.14516129,0.048387095,0.16129032,0.0,0.0,0.0,0.46774194
4,7,0.17741935,0.14516129,0.048387095,0.16129032,0.0,0.0,0.0,0.46774194
4,7,0.16129032,0.14516129,0.048387095,0.16129032,0.0,0.0,0.0,0.48387095
4,7,0.16129032,0.14516129,0.048387095,0.16129032,0.0,0.0,0.0,0.48387095
4,7,0.11290322,0.14516129,0.048387095,0.14516129,0.0,0.0,0.016129032,0.5322581
4,7,0.11290322,0.14516129,0.048387095,0.14516129,0.0,0.0,0.016129032,0.5322581
4,7,0.11290322,0.14516129,0.048387095,0.14516129,0.0,0.0,0.016129032,0.5322581
4,7,0.11290322,0.12903225,0.048387095,0.14516129,0.0,0.0,0.016129032,0.5483871
4,7,0.11290322,0.11290322,0.048387095,0.12903225,0.0,0.0,0.016129032,0.58064514
4,7,0.11290322,0.11290322,0.048387095,0.12903225,0.0,0.0,0.016129032,0.58064514
4,7,0.11290322,0.11290322,0.048387095,0.12903225,0.0,0.0,0.016129032,0.58064514
4,7,0.11290322,0.11290322,0.048387095,0.12903225,0.0,0.0,0.016129032,0.58064514
4,7,0.0952381,0.0952381,0.04761905,0.12698413,0.0,0.0,0.015873017,0.61904764
4,7,0.0952381,0.0952381,0.04761905,0.12698413,0.0,0.0,0.015873017,0.61904764
4,7,0.0952381,0.07936508,0.04761905,0.12698413,0.0,0.0,0.015873017,0.63492066
4,7,0.0952381,0.07936508,0.04761905,0.12698413,0.0,0.0,0.015873017,0.63492066
4,7,0.0952381,0.07936508,0.04761905,0.12698413,0.0,0.0,0.015873017,0.63492066
4,7,0.0952381,0.07936508,0.04761905,0.12698413,0.0,0.0,0.015873017,0.63492066
4,7,0.07936508,0.07936508,0.04761905,0.12698413,0.0,0.0,0.015873017,0.6507937
4,7,0.07936508,0.07936508,0.04761905,0.12698413,0.0,0.0,0.015873017,0.6507937
4,7,0.07936508,0.06349207,0.04761905,0.12698413,0.0,0.0,0.015873017,0.6666667
4,7,0.07936508,0.06349207,0.04761905,0.12698413,0.0,0.0,0.015873017,0.6666667
4,7,0.07936508,0.06349207,0.04761905,0.12698413,0.0,0.0,0.015873017,0.6666667
4,7,0.07936508,0.06349207,0.04761905,0.12698413,0.0,0.0,0.015873017,0.6666667
4,7,0.07936508,0.06349207,0.04761905,0.12698413,0.0,0.0,0.015873017,0.6666667
4,7,0.07936508,0.06349207,0.04761905,0.12698413,0.0,0.0,0.015873017,0.6666667
4,7,0.06349207,0.06349207,0.04761905,0.12698413,0.0,0.0,0.015873017,0.6825397
4,7,0.06349207,0.06349207,0.04761905,0.12698413,0.0,0.0,0.015873017,0.6825397
4,7,0.04761905,0.06349207,0.04761905,0.12698413,0.0,0.0,0.015873017,0.6984127
4,7,0.04761905,0.06349207,0.04761905,0.12698413,0.0,0.0,0.015873017,0.6984127
4,7,0.04761905,0.06349207,0.04761905,0.12698413,0.0,0.0,0.015873017,0.6984127
4,7,0.04761905,0.06349207,0.04761905,0.12698413,0.0,0.0,0.015873017,0.6984127
4,7,0.03125,0.0625,0.046875,0.125,0.0,0.0,0.015625,0.71875
4,7,0.03125,0.0625,0.046875,0.125,0.0,0.0,0.015625,0.71875
4,7,0.03125,0.0625,0.046875,0.125,0.0,0.0,0.015625,0.71875
4,7,0.03125,0.0625,0.046875,0.125,0.0,0.0,0.015625,0.71875
4,7,0.015625,0.0625,0.046875,0.125,0.0,0.0,0.015625,0.734375
4,7,0.015625,0.0625,0.046875,0.125,0.0,0.0,0.015625,0.734375
4,7,0.015625,0.0625,0.046875,0.125,0.0,0.0,0.015625,0.734375
4,7,0.015625,0.0625,0.046875,0.109375,0.0,0.0,0.015625,0.75
4,7,0.015625,0.0625,0.046875,0.109375,0.0,0.0,0.015625,0.75
4,7,0.015625,0.0625,0.046875,0.109375,0.0,0.0,0.015625,0.75
4,7,0.015625,0.0625,0.046875,0.109375,0.0,0.0,0.015625,0.75
4,7,0.015625,0.0625,0.046875,0.109375,0.0,0.0,0.015625,0.75
4,7,0.015625,0.0625,0.046875,0.109375,0.0,0.0,0.015625,0.75
4,7,0.015625,0.0625,0.046875,0.109375,0.0,0.0,0.015625,0.75
4,7,0.015625,0.0625,0.046875,0.109375,0.0,0.0,0.015625,0.75
4,7,0.015625,0.0625,0.046875,0.109375,0.0,0.0,0.015625,0.75
4,7,0.015625,0.0625,0.046875,0.109375,0.0,0.0,0.015625,0.75
4,7,0.015625,0.0625,0.046875,0.109375,0.0,0.0,0.015625,0.75
4,7,0.015625,0.0625,0.046875,0.09375,0.0,0.0,0.015625,0.765625
4,7,0.015625,0.0625,0.046875,0.09375,0.0,0.0,0.015625,0.765625
4,7,0.0,0.0625,0.046875,0.0625,0.0,0.0,0.015625,0.8125
4,7,0.0,0.0625,0.046875,0.0625,0.0,0.0,0.015625,0.8125
4,7,0.0,0.0625,0.046875,0.0625,0.0,0.0,0.015625,0.8125
4,7,0.0,0.0625,0.046875,0.0625,0.0,0.0,0.015625,0.8125
4,7,0.0,0.0625,0.046875,0.0625,0.0,0.0,0.015625,0.8125
4,7,0.0,0.0625,0.046875,0.0625,0.0,0.0,0.015625,0.8125
4,7,0.0,0.0625,0.046875,0.0625,0.0,0.0,0.015625,0.8125
4,7,0.0,0.0625,0.046875,0.0625,0.0,0.0,0.015625,0.8125
4,7,0.0,0.0625,0.046875,0.0625,0.0,0.0,0.015625,0.8125
4,7,0.0,0.0625,0.046875,0.0625,0.0,0.0,0.015625,0.8125
4,7,0.0,0.0625,0.046875,0.0625,0.0,0.0,0.015625,0.8125
4,7,0.0,0.0625,0.046875,0.0625,0.0,0.0,0.015625,0.8125
4,7,0.0,0.0625,0.046875,0.0625,0.0,0.0,0.015625,0.8125
4,7,0.0,0.0625,0.046875,0.0625,0.0,0.0,0.015625,0.8125
4,7,0.0,0.0625,0.046875,0.0625,0.0,0.0,0.015625,0.8125
4,7,0.0,0.0625,0.046875,0.0625,0.0,0.0,0.015625,0.8125
4,7,0.0,0.0625,0.046875,0.03125,0.0,0.0,0.0,0.859375
4,7,0.0,0.0625,0.046875,0.03125,0.0,0.0,0.0,0.859375
4,7,0.0,0.0625,0.046875,0.03125,0.0,0.0,0.0,0.859375
4,7,0.0,0.0625,0.046875,0.03125,0.0,0.0,0.0,0.859375
4,7,0.0,0.0625,0.046875,0.03125,0.0,0.0,0.0,0.859375
4,7,0.0,0.0625,0.046875,0.03125,0.0,0.0,0.0,0.859375
4,7,0.0,0.0625,0.046875,0.03125,0.0,0.0,0.0,0.859375
4,7,0.0,0.0625,0.046875,0.03125,0.0,0.0,0.0,0.859375
4,7,0.0,0.0625,0.046875,0.015625,0.0,0.0,0.0,0.875
4,7,0.0,0.0625,0.046875,0.015625,0.0,0.0,0.0,0.875
4,7,0.0,0.046875,0.046875,0.015625,0.0,0.0,0.0,0.890625
4,7,0.0,0.046875,0.046875,0.015625,0.0,0.0,0.0,0.890625
4,7,0.0,0.046875,0.046875,0.015625,0.0,0.0,0.0,0.890625
4,7,0.0,0.046875,0.046875,0.015625,0.0,0.0,0.0,0.890625
4,7,0.0,0.046875,0.046875,0.015625,0.0,0.0,0.0,0.890625
4,7,0.0,0.046875,0.046875,0.015625,0.0,0.0,0.0,0.890625
4,7,0.0,0.046875,0.046875,0.015625,0.0,0.0,0.0,0.890625
4,7,0.0,0.046875,0.046875,0.015625,0.0,0.0,0.0,0.890625
4,7,0.0,0.046875,0.046875,0.015625,0.0,0.0,0.0,0.890625
4,7,0.0,0.046875,0.046875,0.015625,0.0,0.0,0.0,0.890625
4,7,0.0,0.046875,0.046875,0.015625,0.0,0.0,0.0,0.890625
4,7,0.0,0.046875,0.046875,0.015625,0.0,0.0,0.0,0.890625
4,7,0.0,0.046875,0.046875,0.015625,0.0,0.0,0.0,0.890625
4,7,0.0,0.046875,0.046875,0.015625,0.0,0.0,0.0,0.890625
4,7,0.0,0.046875,0.046875,0.0,0.0,0.0,0.0,0.90625
4,7,0.0,0.046875,0.046875,0.0,0.0,0.0,0.0,0.90625
4,7,0.0,0.046875,0.046875,0.0,0.0,0.0,0.0,0.90625
4,7,0.0,0.046875,0.046875,0.0,0.0,0.0,0.0,0.90625
4,7,0.0,0.046875,0.046875,0.0,0.0,0.0,0.0,0.90625
4,7,0.0,0.046875,0.046875,0.0,0.0,0.0,0.0,0.90625
4,7,0.0,0.046875,0.046875,0.0,0.0,0.0,0.0,0.90625
4,7,0.0,0.046875,0.046875,0.0,0.0,0.0,0.0,0.90625
4,7,0.0,0.046875,0.046875,0.0,0.0,0.0,0.0,0.90625
4,7,0.0,0.046875,0.046875,0.0,0.0,0.0,0.0,0.90625
4,7,0.0,0.046875,0.046875,0.0,0.0,0.0,0.0,0.90625
4,7,0.0,0.046875,0.046875,0.0,0.0,0.0,0.0,0.90625
4,7,0.0,0.046875,0.046875,0.0,0.0,0.0,0.0,0.90625
4,7,0.0,0.046875,0.046875,0.0,0.0,0.0,0.0,0.90625
4,7,0.0,0.046875,0.046875,0.0,0.0,0.0,0.0,0.90625
4,7,0.0,0.046875,0.046875,0.0,0.0,0.0,0.0,0.90625
4,7,0.0,0.046875,0.046875,0.0,0.0,0.0,0.0,0.90625
4,7,0.0,0.046875,0.046875,0.0,0.0,0.0,0.0,0.90625
4,7,0.0,0.046875,0.046875,0.0,0.0,0.0,0.0,0.90625
4,7,0.0,0.046875,0.046875,0.0,0.0,0.0,0.0,0.90625
4,7,0.0,0.046875,0.046875,0.0,0.0,0.0,0.0,0.90625
4,7,0.0,0.046875,0.046875,0.0,0.0,0.0,0.0,0.90625
4,7,0.0,0.046875,0.046875,0.0,0.0,0.0,0.0,0.90625
4,7,0.0,0.046875,0.046875,0.0,0.0,0.0,0.0,0.90625
4,7,0.0,0.046875,0.0625,0.0,0.0,0.0,0.0,0.890625
4,7,0.0,0.046875,0.0625,0.0,0.0,0.0,0.0,0.890625
4,7,0.0,0.046875,0.0625,0.0,0.0,0.0,0.0,0.890625
4,7,0.0,0.046875,0.0625,0.0,0.0,0.0,0.0,0.890625
4,7,0.0,0.046875,0.0625,0.0,0.0,0.0,0.0,0.890625
4,7,0.0,0.046875,0.0625,0.0,0.0,0.0,0.0,0.890625
4,7,0.0,0.046875,0.0625,0.0,0.0,0.0,0.0,0.890625
4,7,0.0,0.046875,0.0625,0.0,0.0,0.0,0.0,0.890625
4,7,0.0,0.046875,0.0625,0.0,0.0,0.0,0.0,0.890625
4,7,0.0,0.046875,0.0625,0.0,0.0,0.0,0.0,0.890625
4,7,0.0,0.046875,0.0625,0.0,0.0,0.0,0.0,0.890625
4,7,0.0,0.046875,0.0625,0.0,0.0,0.0,0.0,0.890625
4,7,0.0,0.046875,0.0625,0.0,0.0,0.0,0.0,0.890625
4,7,0.0,0.046875,0.0625,0.0,0.0,0.0,0.0,0.890625
4,7,0.0,0.046875,0.0625,0.0,0.0,0.0,0.0,0.890625
4,7,0.0,0.046875,0.0625,0.0,0.0,0.0,0.0,0.890625
4,7,0.0,0.046875,0.0625,0.0,0.0,0.0,0.0,0.890625
4,7,0.0,0.046875,0.0625,0.0,0.0,0.0,0.0,0.890625
4,7,0.0,0.046875,0.0625,0.0,0.0,0.0,0.0,0.890625
4,7,0.0,0.046875,0.0625,0.0,0.0,0.0,0.0,0.890625
4,7,0.0,0.046875,0.0625,0.0,0.0,0.0,0.0,0.890625
4,7,0.0,0.046875,0.0625,0.0,0.0,0.0,0.0,0.890625
4,7,0.0,0.046875,0.0625,0.0,0.0,0.0,0.0,0.890625
4,7,0.0,0.046875,0.0625,0.0,0.0,0.0,0.0,0.890625
4,7,0.0,0.046875,0.078125,0.0,0.0,0.0,0.0,0.875
4,7,0.0,0.046875,0.078125,0.0,0.0,0.0,0.0,0.875
4,7,0.0,0.046875,0.078125,0.0,0.0,0.0,0.0,0.875
4,7,0.0,0.046875,0.078125,0.0,0.0,0.0,0.0,0.875
4,7,0.0,0.046875,0.078125,0.0,0.0,0.0,0.0,0.875
4,7,0.0,0.046875,0.078125,0.0,0.0,0.0,0.0,0.875
4,7,0.0,0.046875,0.078125,0.0,0.0,0.0,0.0,0.875
4,7,0.0,0.046875,0.078125,0.0,0.0,0.0,0.0,0.875
4,7,0.0,0.046875,0.078125,0.0,0.0,0.0,0.0,0.875
4,7,0.0,0.046875,0.078125,0.0,0.0,0.0,0.0,0.875
4,7,0.0,0.046875,0.078125,0.0,0.0,0.0,0.0,0.875
4,7,0.0,0.046875,0.078125,0.0,0.0,0.0,0.0,0.875
4,7,0.0,0.046875,0.078125,0.0,0.0,0.0,0.0,0.875
4,7,0.0,0.046875,0.078125,0.0,0.0,0.0,0.0,0.875
4,7,0.0,0.046875,0.078125,0.0,0.0,0.0,0.0,0.875
4,7,0.0,0.046875,0.078125,0.0,0.0,0.0,0.0,0.875
4,7,0.0,0.046875,0.078125,0.0,0.0,0.0,0.0,0.875
4,7,0.0,0.046875,0.078125,0.0,0.0,0.0,0.0,0.875
4,7,0.0,0.046875,0.078125,0.0,0.0,0.0,0.0,0.875
4,7,0.0,0.046875,0.078125,0.0,0.0,0.0,0.0,0.875
4,7,0.0,0.046875,0.078125,0.0,0.0,0.0,0.0,0.875
4,7,0.0,0.03125,0.078125,0.0,0.0,0.0,0.0,0.890625
4,7,0.0,0.03125,0.078125,0.0,0.0,0.0,0.0,0.890625
4,7,0.0,0.03125,0.078125,0.0,0.0,0.0,0.0,0.890625
4,7,0.0,0.03125,0.09375,0.0,0.0,0.0,0.0,0.875
4,7,0.0,0.03125,0.09375,0.0,0.0,0.0,0.0,0.875
4,7,0.0,0.03125,0.09375,0.0,0.0,0.0,0.0,0.875
4,7,0.0,0.03125,0.09375,0.0,0.0,0.0,0.0,0.875
4,7,0.0,0.03125,0.09375,0.0,0.0,0.0,0.0,0.875
4,7,0.0,0.03125,0.09375,0.0,0.0,0.0,0.0,0.875
4,7,0.0,0.03125,0.09375,0.0,0.0,0.0,0.0,0.875
4,7,0.0,0.03125,0.09375,0.0,0.0,0.0,0.0,0.875
4,7,0.0,0.03125,0.125,0.0,0.0,0.0,0.0,0.84375
4,7,0.0,0.03125,0.125,0.0,0.0,0.0,0.0,0.84375
4,7,0.0,0.03125,0.125,0.0,0.0,0.0,0.0,0.84375
4,7,0.0,0.03125,0.125,0.0,0.0,0.0,0.0,0.84375
4,7,0.0,0.03125,0.109375,0.0,0.0,0.0,0.0,0.859375
4,7,0.0,0.03125,0.109375,0.0,0.0,0.0,0.0,0.859375
4,7,0.0,0.03125,0.109375,0.0,0.0,0.0,0.0,0.859375
4,7,0.0,0.03125,0.109375,0.0,0.0,0.0,0.0,0.859375
4,7,0.0,0.03125,0.109375,0.0,0.0,0.0,0.0,0.859375
4,7,0.0,0.03125,0.109375,0.0,0.0,0.0,0.0,0.859375
4,7,0.0,0.03125,0.109375,0.0,0.0,0.0,0.0,0.859375
4,7,0.0,0.03125,0.109375,0.0,0.0,0.0,0.0,0.859375
4,7,0.0,0.03125,0.109375,0.0,0.0,0.0,0.0,0.859375
4,7,0.0,0.03125,0.109375,0.0,0.0,0.0,0.0,0.859375
4,7,0.0,0.03125,0.109375,0.0,0.0,0.0,0.0,0.859375
4,7,0.0,0.03125,0.109375,0.0,0.0,0.0,0.0,0.859375
4,7,0.0,0.03125,0.109375,0.0,0.0,0.0,0.0,0.859375
4,7,0.0,0.03125,0.109375,0.0,0.0,0.0,0.0,0.859375
4,7,0.0,0.03125,0.109375,0.0,0.0,0.0,0.0,0.859375
4,7,0.0,0.03125,0.109375,0.0,0.0,0.0,0.0,0.859375
4,7,0.0,0.03125,0.109375,0.0,0.0,0.0,0.0,0.859375
4,7,0.0,0.03125,0.109375,0.0,0.0,0.0,0.0,0.859375
4,7,0.0,0.03125,0.109375,0.0,0.0,0.0,0.0,0.859375
4,7,0.0,0.03125,0.109375,0.0,0.0,0.0,0.0,0.859375
4,7,0.0,0.03125,0.109375,0.0,0.0,0.0,0.0,0.859375
4,7,0.0,0.03125,0.109375,0.0,0.0,0.0,0.0,0.859375
4,7,0.0,0.03125,0.109375,0.0,0.0,0.0,0.0,0.859375
4,7,0.0,0.03125,0.109375,0.0,0.0,0.0,0.0,0.859375
4,7,0.0,0.03125,0.125,0.0,0.0,0.0,0.0,0.84375
4,7,0.0,0.03125,0.125,0.0,0.0,0.0,0.0,0.84375
4,7,0.0,0.03125,0.125,0.0,0.0,0.0,0.0,0.84375
4,7,0.0,0.03125,0.125,0.0,0.0,0.0,0.0,0.84375
4,7,0.0,0.03125,0.125,0.0,0.0,0.0,0.0,0.84375
4,7,0.0,0.03125,0.125,0.0,0.0,0.0,0.0,0.84375
4,7,0.0,0.03125,0.125,0.0,0.0,0.0,0.0,0.84375
4,7,0.0,0.03125,0.125,0.0,0.0,0.0,0.0,0.84375
4,7,0.0,0.03125,0.125,0.0,0.0,0.0,0.0,0.84375
4,7,0.0,0.03125,0.125,0.0,0.0,0.0,0.0,0.84375
4,7,0.0,0.03125,0.125,0.0,0.0,0.0,0.0,0.84375
4,7,0.0,0.03125,0.125,0.0,0.0,0.0,0.0,0.84375
4,7,0.0,0.015625,0.078125,0.0,0.0,0.0,0.0,0.90625
4,7,0.0,0.015625,0.078125,0.0,0.0,0.0,0.0,0.90625
4,7,0.0,0.015625,0.078125,0.0,0.0,0.0,0.0,0.90625
4,7,0.0,0.015625,0.078125,0.0,0.0,0.0,0.0,0.90625
4,7,0.0,0.015625,0.078125,0.0,0.0,0.0,0.0,0.90625
4,7,0.0,0.015625,0.078125,0.0,0.0,0.0,0.0,0.90625
4,7,0.0,0.015625,0.078125,0.0,0.0,0.0,0.0,0.90625
4,7,0.0,0.015625,0.078125,0.0,0.0,0.0,0.0,0.90625
4,7,0.0,0.015625,0.078125,0.0,0.0,0.0,0.0,0.90625
4,7,0.0,0.015625,0.078125,0.0,0.0,0.0,0.0,0.90625
4,7,0.0,0.015625,0.078125,0.0,0.0,0.0,0.0,0.90625
4,7,0.0,0.015625,0.078125,0.0,0.0,0.0,0.0,0.90625
4,7,0.0,0.015625,0.078125,0.0,0.0,0.0,0.0,0.90625
4,7,0.0,0.015625,0.078125,0.0,0.0,0.0,0.0,0.90625
4,7,0.0,0.015625,0.078125,0.0,0.0,0.0,0.0,0.90625
4,7,0.0,0.015625,0.078125,0.0,0.0,0.0,0.0,0.90625
4,7,0.0,0.015625,0.078125,0.0,0.0,0.0,0.0,0.90625
4,7,0.0,0.015625,0.078125,0.0,0.0,0.0,0.0,0.90625
4,7,0.0,0.015625,0.078125,0.0,0.0,0.0,0.0,0.90625
4,7,0.0,0.015625,0.078125,0.0,0.0,0.0,0.0,0.90625
4,7,0.0,0.015625,0.078125,0.0,0.0,0.0,0.0,0.90625
4,7,0.0,0.015625,0.078125,0.0,0.0,0.0,0.0,0.90625
4,7,0.0,0.015625,0.078125,0.0,0.0,0.0,0.0,0.90625
4,7,0.0,0.015625,0.078125,0.0,0.0,0.0,0.0,0.90625
4,7,0.0,0.0,0.0625,0.0,0.0,0.0,0.0,0.9375
4,7,0.0,0.0,0.0625,0.0,0.0,0.0,0.0,0.9375
4,7,0.0,0.0,0.0625,0.0,0.0,0.0,0.0,0.9375
4,7,0.0,0.0,0.0625,0.0,0.0,0.0,0.0,0.9375
4,7,0.0,0.0,0.0625,0.0,0.0,0.0,0.0,0.9375
4,7,0.0,0.0,0.0625,0.0,0.0,0.0,0.0,0.9375
4,7,0.0,0.0,0.0625,0.0,0.0,0.0,0.0,0.9375
4,7,0.0,0.0,0.0625,0.0,0.0,0.0,0.0,0.9375
4,7,0.0,0.0,0.0625,0.0,0.0,0.0,0.0,0.9375
4,7,0.0,0.0,0.0625,0.0,0.0,0.0,0.0,0.9375
4,7,0.0,0.0,0.0625,0.0,0.0,0.0,0.0,0.9375
4,7,0.0,0.0,0.0625,0.0,0.0,0.0,0.0,0.9375
4,7,0.0,0.0,0.0625,0.0,0.0,0.0,0.0,0.9375
4,7,0.0,0.0,0.0625,0.0,0.0,0.0,0.0,0.9375
4,7,0.0,0.0,0.0625,0.0,0.0,0.0,0.0,0.9375
4,7,0.0,0.0,0.0625,0.0,0.0,0.0,0.0,0.9375
4,7,0.0,0.0,0.046875,0.0,0.0,0.0,0.0,0.953125
4,7,0.0,0.0,0.046875,0.0,0.0,0.0,0.0,0.953125
4,7,0.0,0.0,0.046875,0.0,0.0,0.0,0.0,0.953125
4,7,0.0,0.0,0.046875,0.0,0.0,0.0,0.0,0.953125
4,7,0.0,0.0,0.046875,0.0,0.0,0.0,0.0,0.953125
4,7,0.0,0.0,0.046875,0.0,0.0,0.0,0.0,0.953125
4,7,0.0,0.0,0.046875,0.0,0.0,0.0,0.0,0.953125
4,7,0.0,0.0,0.046875,0.0,0.0,0.0,0.0,0.953125
4,7,0.0,0.0,0.046875,0.0,0.0,0.0,0.0,0.953125
4,7,0.0,0.0,0.046875,0.0,0.0,0.0,0.0,0.953125
4,7,0.0,0.0,0.046875,0.0,0.0,0.0,0.0,0.953125
4,7,0.0,0.0,0.046875,0.0,0.0,0.0,0.0,0.953125
4,7,0.0,0.0,0.046875,0.0,0.0,0.0,0.0,0.953125
4,7,0.0,0.0,0.046875,0.0,0.0,0.0,0.0,0.953125
4,7,0.0,0.0,0.046875,0.0,0.0,0.0,0.0,0.953125
4,7,0.0,0.0,0.046875,0.0,0.0,0.0,0.0,0.953125
4,7,0.0,0.0,0.046875,0.0,0.0,0.0,0.0,0.953125
4,7,0.0,0.0,0.046875,0.0,0.0,0.0,0.0,0.953125
4,7,0.0,0.0,0.046875,0.0,0.0,0.0,0.0,0.953125
4,7,0.0,0.0,0.046875,0.0,0.0,0.0,0.0,0.953125
4,7,0.0,0.0,0.046875,0.0,0.0,0.0,0.0,0.953125
4,7,0.0,0.0,0.046875,0.0,0.0,0.0,0.0,0.953125
4,7,0.0,0.0,0.046875,0.0,0.0,0.0,0.0,0.953125
4,7,0.0,0.0,0.046875,0.0,0.0,0.0,0.0,0.953125
4,7,0.0,0.0,0.046875,0.0,0.0,0.0,0.0,0.953125
4,7,0.0,0.0,0.046875,0.0,0.0,0.0,0.0,0.953125
4,7,0.0,0.0,0.046875,0.0,0.0,0.0,0.0,0.953125
4,7,0.0,0.0,0.046875,0.0,0.0,0.0,0.0,0.953125
4,7,0.0,0.0,0.046875,0.0,0.0,0.0,0.0,0.953125
4,7,0.0,0.0,0.046875,0.0,0.0,0.0,0.0,0.953125
4,7,0.0,0.0,0.046875,0.0,0.0,0.0,0.0,0.953125
4,7,0.0,0.0,0.046875,0.0,0.0,0.0,0.0,0.953125
4,7,0.0,0.0,0.046875,0.0,0.0,0.0,0.0,0.953125
4,7,0.0,0.0,0.046875,0.0,0.0,0.0,0.0,0.953125
4,7,0.0,0.0,0.046875,0.0,0.0,0.0,0.0,0.953125
4,7,0.0,0.0,0.046875,0.0,0.0,0.0,0.0,0.953125
4,7,0.0,0.0,0.046875,0.0,0.0,0.0,0.0,0.953125
4,7,0.0,0.0,0.046875,0.0,0.0,0.0,0.0,0.953125
4,7,0.0,0.0,0.046875,0.0,0.0,0.0,0.0,0.953125
4,7,0.0,0.0,0.046875,0.0,0.0,0.0,0.0,0.953125
4,7,0.0,0.0,0.046875,0.0,0.0,0.0,0.0,0.953125
4,7,0.0,0.0,0.046875,0.0,0.0,0.0,0.0,0.953125
4,7,0.0,0.0,0.046875,0.0,0.0,0.0,0.0,0.953125
4,7,0.0,0.0,0.046875,0.0,0.0,0.0,0.0,0.953125
4,7,0.0,0.0,0.046875,0.0,0.0,0.0,0.0,0.953125
4,7,0.0,0.0,0.046875,0.0,0.0,0.0,0.0,0.953125
4,7,0.0,0.0,0.046875,0.0,0.0,0.0,0.0,0.953125
4,7,0.0,0.0,0.046875,0.0,0.0,0.0,0.0,0.953125
4,7,0.0,0.0,0.046875,0.0,0.0,0.0,0.0,0.953125
4,7,0.0,0.0,0.046875,0.0,0.0,0.0,0.0,0.953125
4,7,0.0,0.0,0.046875,0.0,0.0,0.0,0.0,0.953125
4,7,0.0,0.0,0.046875,0.0,0.0,0.0,0.0,0.953125
4,7,0.0,0.0,0.046875,0.0,0.0,0.0,0.0,0.953125
4,7,0.0,0.0,0.046875,0.0,0.0,0.0,0.0,0.953125
4,7,0.0,0.0,0.046875,0.0,0.0,0.0,0.0,0.953125
4,7,0.0,0.0,0.046875,0.0,0.0,0.0,0.0,0.953125
4,7,0.0,0.0,0.0625,0.0,0.0,0.0,0.0,0.9375
4,7,0.0,0.0,0.0625,0.0,0.0,0.0,0.0,0.9375
4,7,0.0,0.0,0.0625,0.0,0.0,0.0,0.0,0.9375
4,7,0.0,0.0,0.0625,0.0,0.0,0.0,0.0,0.9375
4,7,0.0,0.0,0.0625,0.0,0.0,0.0,0.0,0.9375
4,7,0.0,0.0,0.0625,0.0,0.0,0.0,0.0,0.9375
4,7,0.0,0.0,0.0625,0.0,0.0,0.0,0.0,0.9375
4,7,0.0,0.0,0.0625,0.0,0.0,0.0,0.0,0.9375
4,7,0.0,0.0,0.0625,0.0,0.0,0.0,0.0,0.9375
4,7,0.0,0.0,0.0625,0.0,0.0,0.0,0.0,0.9375
4,7,0.0,0.0,0.0625,0.0,0.0,0.0,0.0,0.9375
4,7,0.0,0.0,0.0625,0.0,0.0,0.0,0.0,0.9375
4,7,0.0,0.0,0.0625,0.0,0.0,0.0,0.0,0.9375
4,7,0.0,0.0,0.0625,0.0,0.0,0.0,0.0,0.9375
4,7,0.0,0.0,0.0625,0.0,0.0,0.0,0.0,0.9375
4,7,0.0,0.0,0.0625,0.0,0.0,0.0,0.0,0.9375
4,7,0.0,0.0,0.0625,0.0,0.0,0.0,0.0,0.9375
4,7,0.0,0.0,0.0625,0.0,0.0,0.0,0.0,0.9375
4,7,0.0,0.0,0.0625,0.0,0.0,0.0,0.0,0.9375
4,7,0.0,0.0,0.0625,0.0,0.0,0.0,0.0,0.9375
4,7,0.0,0.0,0.0625,0.0,0.0,0.0,0.0,0.9375
4,7,0.0,0.0,0.0625,0.0,0.0,0.0,0.0,0.9375
4,7,0.0,0.0,0.0625,0.0,0.0,0.0,0.0,0.9375
4,7,0.0,0.0,0.0625,0.0,0.0,0.0,0.0,0.9375
4,7,0.0,0.0,0.078125,0.0,0.0,0.0,0.0,0.921875
4,7,0.0,0.0,0.078125,0.0,0.0,0.0,0.0,0.921875
4,7,0.0,0.0,0.078125,0.0,0.0,0.0,0.0,0.921875
4,7,0.0,0.0,0.078125,0.0,0.0,0.0,0.0,0.921875
4,7,0.0,0.0,0.078125,0.0,0.0,0.0,0.0,0.921875
4,7,0.0,0.0,0.078125,0.0,0.0,0.0,0.0,0.921875
4,7,0.0,0.0,0.078125,0.0,0.0,0.0,0.0,0.921875
4,7,0.0,0.0,0.078125,0.0,0.0,0.0,0.0,0.921875
4,7,0.0,0.0,0.078125,0.0,0.0,0.0,0.0,0.921875
4,7,0.0,0.0,0.078125,0.0,0.0,0.0,0.0,0.921875
4,7,0.0,0.0,0.078125,0.0,0.0,0.0,0.0,0.921875
4,7,0.0,0.0,0.078125,0.0,0.0,0.0,0.0,0.921875
4,7,0.0,0.0,0.078125,0.0,0.0,0.0,0.0,0.921875
4,7,0.0,0.0,0.078125,0.0,0.0,0.0,0.0,0.921875
4,7,0.0,0.0,0.078125,0.0,0.0,0.0,0.0,0.921875
4,7,0.0,0.0,0.078125,0.0,0.0,0.0,0.0,0.921875
4,7,0.0,0.0,0.078125,0.0,0.0,0.0,0.0,0.921875
4,7,0.0,0.0,0.078125,0.0,0.0,0.0,0.0,0.921875
4,7,0.0,0.0,0.078125,0.0,0.0,0.0,0.0,0.921875
4,7,0.0,0.0,0.078125,0.0,0.0,0.0,0.0,0.921875
4,7,0.0,0.0,0.078125,0.0,0.0,0.0,0.0,0.921875
4,7,0.0,0.0,0.078125,0.0,0.0,0.0,0.0,0.921875
4,7,0.0,0.0,0.078125,0.0,0.0,0.0,0.0,0.921875
4,7,0.0,0.0,0.078125,0.0,0.0,0.0,0.0,0.921875
4,7,0.0,0.0,0.078125,0.0,0.0,0.0,0.0,0.921875
4,7,0.0,0.0,0.078125,0.0,0.0,0.0,0.0,0.921875
4,7,0.0,0.0,0.078125,0.0,0.0,0.0,0.0,0.921875
4,7,0.0,0.0,0.078125,0.0,0.0,0.0,0.0,0.921875
4,7,0.0,0.0,0.078125,0.0,0.0,0.0,0.0,0.921875
4,7,0.0,0.0,0.078125,0.0,0.0,0.0,0.0,0.921875
4,7,0.0,0.0,0.078125,0.0,0.0,0.0,0.0,0.921875
4,7,0.0,0.0,0.078125,0.0,0.0,0.0,0.0,0.921875
4,7,0.0,0.0,0.078125,0.0,0.0,0.0,0.0,0.921875
4,7,0.0,0.0,0.078125,0.0,0.0,0.0,0.0,0.921875
4,7,0.0,0.0,0.078125,0.0,0.0,0.0,0.0,0.921875
4,7,0.0,0.0,0.078125,0.0,0.0,0.0,0.0,0.921875
4,7,0.0,0.0,0.078125,0.0,0.0,0.0,0.0,0.921875
4,7,0.0,0.0,0.078125,0.0,0.0,0.0,0.0,0.921875
4,7,0.0,0.0,0.078125,0.0,0.0,0.0,0.0,0.921875
4,7,0.0,0.0,0.078125,0.0,0.0,0.0,0.0,0.921875
4,7,0.0,0.0,0.09375,0.0,0.0,0.0,0.0,0.90625
4,7,0.0,0.0,0.09375,0.0,0.0,0.0,0.0,0.90625
4,7,0.0,0.0,0.09375,0.0,0.0,0.0,0.0,0.90625
4,7,0.0,0.0,0.09375,0.0,0.0,0.0,0.0,0.90625
4,7,0.0,0.0,0.09375,0.0,0.0,0.0,0.0,0.90625
4,7,0.0,0.0,0.09375,0.0,0.0,0.0,0.0,0.90625
4,7,0.0,0.0,0.09375,0.0,0.0,0.0,0.0,0.90625
4,7,0.0,0.0,0.09375,0.0,0.0,0.0,0.0,0.90625
4,7,0.0,0.0,0.09375,0.0,0.0,0.0,0.0,0.90625
4,7,0.0,0.0,0.09375,0.0,0.0,0.0,0.0,0.90625
4,7,0.0,0.0,0.09375,0.0,0.0,0.0,0.0,0.90625
4,7,0.0,0.0,0.09375,0.0,0.0,0.0,0.0,0.90625
4,7,0.0,0.0,0.09375,0.0,0.0,0.0,0.0,0.90625
4,7,0.0,0.0,0.09375,0.0,0.0,0.0,0.0,0.90625
4,7,0.0,0.0,0.09375,0.0,0.0,0.0,0.0,0.90625
4,7,0.0,0.0,0.09375,0.0,0.0,0.0,0.0,0.90625
4,7,0.0,0.0,0.09375,0.0,0.0,0.0,0.0,0.90625
4,7,0.0,0.0,0.09375,0.0,0.0,0.0,0.0,0.90625
4,7,0.0,0.0,0.09375,0.0,0.0,0.0,0.0,0.90625
4,7,0.0,0.0,0.09375,0.0,0.0,0.0,0.0,0.90625
4,7,0.0,0.0,0.09375,0.0,0.0,0.0,0.0,0.90625
4,7,0.0,0.0,0.09375,0.0,0.0,0.0,0.0,0.90625
4,7,0.0,0.0,0.09375,0.0,0.0,0.0,0.0,0.90625
4,7,0.0,0.0,0.09375,0.0,0.0,0.0,0.0,0.90625
4,7,0.0,0.0,0.09375,0.0,0.0,0.0,0.0,0.90625
4,7,0.0,0.0,0.09375,0.0,0.0,0.0,0.0,0.90625
4,7,0.0,0.0,0.09375,0.0,0.0,0.0,0.0,0.90625
4,7,0.0,0.0,0.09375,0.0,0.0,0.0,0.0,0.90625
4,7,0.0,0.0,0.09375,0.0,0.0,0.0,0.0,0.90625
4,7,0.0,0.0,0.09375,0.0,0.0,0.0,0.0,0.90625
4,7,0.0,0.0,0.09375,0.0,0.0,0.0,0.0,0.90625
4,7,0.0,0.0,0.09375,0.0,0.0,0.0,0.0,0.90625
4,7,0.0,0.0,0.09375,0.0,0.0,0.0,0.0,0.90625
4,7,0.0,0.0,0.09375,0.0,0.0,0.0,0.0,0.90625
4,7,0.0,0.0,0.09375,0.0,0.0,0.0,0.0,0.90625
4,7,0.0,0.0,0.09375,0.0,0.0,0.0,0.0,0.90625
4,7,0.0,0.0,0.09375,0.0,0.0,0.0,0.0,0.90625
4,7,0.0,0.0,0.09375,0.0,0.0,0.0,0.0,0.90625
4,7,0.0,0.0,0.09375,0.0,0.0,0.0,0.0,0.90625
4,7,0.0,0.0,0.09375,0.0,0.0,0.0,0.0,0.90625
4,7,0.0,0.0,0.09375,0.0,0.0,0.0,0.0,0.90625
4,7,0.0,0.0,0.09375,0.0,0.0,0.0,0.0,0.90625
4,7,0.0,0.0,0.09375,0.0,0.0,0.0,0.0,0.90625
4,7,0.0,0.0,0.09375,0.0,0.0,0.0,0.0,0.90625
4,7,0.0,0.0,0.09375,0.0,0.0,0.0,0.0,0.90625
4,7,0.0,0.0,0.09375,0.0,0.0,0.0,0.0,0.90625
4,7,0.0,0.0,0.09375,0.0,0.0,0.0,0.0,0.90625
4,7,0.0,0.0,0.09375,0.0,0.0,0.0,0.0,0.90625
4,7,0.0,0.0,0.09375,0.0,0.0,0.0,0.0,0.90625
4,7,0.0,0.0,0.09375,0.0,0.0,0.0,0.0,0.90625
4,7,0.0,0.0,0.09375,0.0,0.0,0.0,0.0,0.90625
4,7,0.0,0.0,0.09375,0.0,0.0,0.0,0.0,0.90625
4,7,0.0,0.0,0.09375,0.0,0.0,0.0,0.0,0.90625
4,7,0.0,0.0,0.09375,0.0,0.0,0.0,0.0,0.90625
4,7,0.0,0.0,0.09375,0.0,0.0,0.0,0.0,0.90625
4,7,0.0,0.0,0.09375,0.0,0.0,0.0,0.0,0.90625
4,7,0.0,0.0,0.078125,0.0,0.0,0.0,0.0,0.921875
4,7,0.0,0.0,0.078125,0.0,0.0,0.0,0.0,0.921875
4,7,0.0,0.0,0.078125,0.0,0.0,0.0,0.0,0.921875
4,7,0.0,0.0,0.078125,0.0,0.0,0.0,0.0,0.921875
4,7,0.0,0.0,0.078125,0.0,0.0,0.0,0.0,0.921875
4,7,0.0,0.0,0.078125,0.0,0.0,0.0,0.0,0.921875
4,7,0.0,0.0,0.078125,0.0,0.0,0.0,0.0,0.921875
4,7,0.0,0.0,0.078125,0.0,0.0,0.0,0.0,0.921875
4,7,0.0,0.0,0.078125,0.0,0.0,0.0,0.0,0.921875
4,7,0.0,0.0,0.078125,0.0,0.0,0.0,0.0,0.921875
4,7,0.0,0.0,0.078125,0.0,0.0,0.0,0.0,0.921875
4,7,0.0,0.0,0.078125,0.0,0.0,0.0,0.0,0.921875
4,7,0.0,0.0,0.078125,0.0,0.0,0.0,0.0,0.921875
4,7,0.0,0.0,0.078125,0.0,0.0,0.0,0.0,0.921875
4,7,0.0,0.0,0.078125,0.0,0.0,0.0,0.0,0.921875
4,7,0.0,0.0,0.078125,0.0,0.0,0.0,0.0,0.921875
4,7,0.0,0.0,0.078125,0.0,0.0,0.0,0.0,0.921875
4,7,0.0,0.0,0.078125,0.0,0.0,0.0,0.0,0.921875
4,7,0.0,0.0,0.078125,0.0,0.0,0.0,0.0,0.921875
4,7,0.0,0.0,0.078125,0.0,0.0,0.0,0.0,0.921875
4,7,0.0,0.0,0.078125,0.0,0.0,0.0,0.0,0.921875
4,7,0.0,0.0,0.078125,0.0,0.0,0.0,0.0,0.921875
4,7,0.0,0.0,0.078125,0.0,0.0,0.0,0.0,0.921875
4,7,0.0,0.0,0.078125,0.0,0.0,0.0,0.0,0.921875
4,7,0.0,0.0,0.046875,0.0,0.0,0.0,0.0,0.953125
4,7,0.0,0.0,0.046875,0.0,0.0,0.0,0.0,0.953125
4,7,0.0,0.0,0.046875,0.0,0.0,0.0,0.0,0.953125
4,7,0.0,0.0,0.046875,0.0,0.0,0.0,0.0,0.953125
4,7,0.0,0.0,0.046875,0.0,0.0,0.0,0.0,0.953125
4,7,0.0,0.0,0.046875,0.0,0.0,0.0,0.0,0.953125
4,7,0.0,0.0,0.046875,0.0,0.0,0.0,0.0,0.953125
4,7,0.0,0.0,0.046875,0.0,0.0,0.0,0.0,0.953125
4,7,0.0,0.0,0.046875,0.0,0.0,0.0,0.0,0.953125
4,7,0.0,0.0,0.046875,0.0,0.0,0.0,0.0,0.953125
4,7,0.0,0.0,0.046875,0.0,0.0,0.0,0.0,0.953125
4,7,0.0,0.0,0.046875,0.0,0.0,0.0,0.0,0.953125
4,7,0.0,0.0,0.046875,0.0,0.0,0.0,0.0,0.953125
4,7,0.0,0.0,0.046875,0.0,0.0,0.0,0.0,0.953125
4,7,0.0,0.0,0.046875,0.0,0.0,0.0,0.0,0.953125
4,7,0.0,0.0,0.046875,0.0,0.0,0.0,0.0,0.953125
4,7,0.0,0.0,0.046875,0.0,0.0,0.0,0.0,0.953125
4,7,0.0,0.0,0.046875,0.0,0.0,0.0,0.0,0.953125
4,7,0.0,0.0,0.046875,0.0,0.0,0.0,0.0,0.953125
4,7,0.0,0.0,0.046875,0.0,0.0,0.0,0.0,0.953125
4,7,0.0,0.0,0.046875,0.0,0.0,0.0,0.0,0.953125
4,7,0.0,0.0,0.046875,0.0,0.0,0.0,0.0,0.953125
4,7,0.0,0.0,0.046875,0.0,0.0,0.0,0.0,0.953125
4,7,0.0,0.0,0.046875,0.0,0.0,0.0,0.0,0.953125
4,7,0.0,0.0,0.046875,0.0,0.0,0.0,0.0,0.953125
4,7,0.0,0.0,0.046875,0.0,0.0,0.0,0.0,0.953125
4,7,0.0,0.0,0.046875,0.0,0.0,0.0,0.0,0.953125
4,7,0.0,0.0,0.046875,0.0,0.0,0.0,0.0,0.953125
4,7,0.0,0.0,0.046875,0.0,0.0,0.0,0.0,0.953125
4,7,0.0,0.0,0.046875,0.0,0.0,0.0,0.0,0.953125
4,7,0.0,0.0,0.046875,0.0,0.0,0.0,0.0,0.953125
4,7,0.0,0.0,0.046875,0.0,0.0,0.0,0.0,0.953125
4,7,0.0,0.0,0.046875,0.0,0.0,0.0,0.0,0.953125
4,7,0.0,0.0,0.046875,0.0,0.0,0.0,0.0,0.953125
4,7,0.0,0.0,0.046875,0.0,0.0,0.0,0.0,0.953125
4,7,0.0,0.0,0.046875,0.0,0.0,0.0,0.0,0.953125
4,7,0.0,0.0,0.046875,0.0,0.0,0.0,0.0,0.953125
4,7,0.0,0.0,0.046875,0.0,0.0,0.0,0.0,0.953125
4,7,0.0,0.0,0.046875,0.0,0.0,0.0,0.0,0.953125
4,7,0.0,0.0,0.046875,0.0,0.0,0.0,0.0,0.953125
4,7,0.0,0.0,0.046875,0.0,0.0,0.0,0.0,0.953125
4,7,0.0,0.0,0.046875,0.0,0.0,0.0,0.0,0.953125
4,7,0.0,0.0,0.046875,0.0,0.0,0.0,0.0,0.953125
4,7,0.0,0.0,0.046875,0.0,0.0,0.0,0.0,0.953125
4,7,0.0,0.0,0.046875,0.0,0.0,0.0,0.0,0.953125
4,7,0.0,0.0,0.046875,0.0,0.0,0.0,0.0,0.953125
4,7,0.0,0.0,0.046875,0.0,0.0,0.0,0.0,0.953125
4,7,0.0,0.0,0.046875,0.0,0.0,0.0,0.0,0.953125
4,7,0.0,0.0,0.046875,0.0,0.0,0.0,0.0,0.953125
4,7,0.0,0.0,0.046875,0.0,0.0,0.0,0.0,0.953125
4,7,0.0,0.0,0.046875,0.0,0.0,0.0,0.0,0.953125
4,7,0.0,0.0,0.046875,0.0,0.0,0.0,0.0,0.953125
4,7,0.0,0.0,0.046875,0.0,0.0,0.0,0.0,0.953125
4,7,0.0,0.0,0.046875,0.0,0.0,0.0,0.0,0.953125
4,7,0.0,0.0,0.046875,0.0,0.0,0.0,0.0,0.953125
4,7,0.0,0.0,0.046875,0.0,0.0,0.0,0.0,0.953125
4,7,0.0,0.0,0.046875,0.0,0.0,0.0,0.0,0.953125
4,7,0.0,0.0,0.046875,0.0,0.0,0.0,0.0,0.953125
4,7,0.0,0.0,0.046875,0.0,0.0,0.0,0.0,0.953125
4,7,0.0,0.0,0.046875,0.0,0.0,0.0,0.0,0.953125
4,7,0.0,0.0,0.046875,0.0,0.0,0.0,0.0,0.953125
4,7,0.0,0.0,0.046875,0.0,0.0,0.0,0.0,0.953125
4,7,0.0,0.0,0.046875,0.0,0.0,0.0,0.0,0.953125
4,7,0.0,0.0,0.046875,0.0,0.0,0.0,0.0,0.953125
4,7,0.0,0.0,0.046875,0.0,0.0,0.0,0.0,0.953125
4,7,0.0,0.0,0.046875,0.0,0.0,0.0,0.0,0.953125
4,7,0.0,0.0,0.046875,0.0,0.0,0.0,0.0,0.953125
4,7,0.0,0.0,0.046875,0.0,0.0,0.0,0.0,0.953125
4,7,0.0,0.0,0.046875,0.0,0.0,0.0,0.0,0.953125
4,7,0.0,0.0,0.046875,0.0,0.0,0.0,0.0,0.953125
4,7,0.0,0.0,0.046875,0.0,0.0,0.0,0.0,0.953125
4,7,0.0,0.0,0.046875,0.0,0.0,0.0,0.0,0.953125
4,7,0.0,0.0,0.0625,0.0,0.0,0.0,0.0,0.9375
4,7,0.0,0.0,0.0625,0.0,0.0,0.0,0.0,0.9375
4,7,0.0,0.0,0.0625,0.0,0.0,0.0,0.0,0.9375
4,7,0.0,0.0,0.0625,0.0,0.0,0.0,0.0,0.9375
4,7,0.0,0.0,0.0625,0.0,0.0,0.0,0.0,0.9375
4,7,0.0,0.0,0.0625,0.0,0.0,0.0,0.0,0.9375
4,7,0.0,0.0,0.0625,0.0,0.0,0.0,0.0,0.9375
4,7,0.0,0.0,0.0625,0.0,0.0,0.0,0.0,0.9375
4,7,0.0,0.0,0.0625,0.0,0.0,0.0,0.0,0.9375
4,7,0.0,0.0,0.0625,0.0,0.0,0.0,0.0,0.9375
4,7,0.0,0.0,0.0625,0.0,0.0,0.0,0.0,0.9375
4,7,0.0,0.0,0.0625,0.0,0.0,0.0,0.0,0.9375
4,7,0.0,0.0,0.0625,0.0,0.0,0.0,0.0,0.9375
4,7,0.0,0.0,0.0625,0.0,0.0,0.0,0.0,0.9375
4,7,0.0,0.0,0.0625,0.0,0.0,0.0,0.0,0.9375
4,7,0.0,0.0,0.0625,0.0,0.0,0.0,0.0,0.9375
4,7,0.0,0.0,0.0625,0.0,0.0,0.0,0.0,0.9375
4,7,0.0,0.0,0.0625,0.0,0.0,0.0,0.0,0.9375
4,7,0.0,0.0,0.0625,0.0,0.0,0.0,0.0,0.9375
4,7,0.0,0.0,0.0625,0.0,0.0,0.0,0.0,0.9375
4,7,0.0,0.0,0.0625,0.0,0.0,0.0,0.0,0.9375
4,7,0.0,0.0,0.0625,0.0,0.0,0.0,0.0,0.9375
4,7,0.0,0.0,0.0625,0.0,0.0,0.0,0.0,0.9375
4,7,0.0,0.0,0.0625,0.0,0.0,0.0,0.0,0.9375
4,7,0.0,0.0,0.078125,0.0,0.0,0.0,0.0,0.921875
4,7,0.0,0.0,0.078125,0.0,0.0,0.0,0.0,0.921875
4,7,0.0,0.0,0.078125,0.0,0.0,0.0,0.0,0.921875
4,7,0.0,0.0,0.078125,0.0,0.0,0.0,0.0,0.921875
4,7,0.0,0.0,0.078125,0.0,0.0,0.0,0.0,0.921875
4,7,0.0,0.0,0.078125,0.0,0.0,0.0,0.0,0.921875
4,7,0.0,0.0,0.078125,0.0,0.0,0.0,0.0,0.921875
4,7,0.0,0.0,0.078125,0.0,0.0,0.0,0.0,0.921875
4,7,0.0,0.0,0.078125,0.0,0.0,0.0,0.0,0.921875
4,7,0.0,0.0,0.078125,0.0,0.0,0.0,0.0,0.921875
4,7,0.0,0.0,0.078125,0.0,0.0,0.0,0.0,0.921875
4,7,0.0,0.0,0.078125,0.0,0.0,0.0,0.0,0.921875
4,7,0.0,0.0,0.09375,0.0,0.0,0.0,0.0,0.90625
4,7,0.0,0.0,0.09375,0.0,0.0,0.0,0.0,0.90625
4,7,0.0,0.0,0.09375,0.0,0.0,0.0,0.0,0.90625
4,7,0.0,0.0,0.09375,0.0,0.0,0.0,0.0,0.90625
4,7,0.0,0.0,0.09375,0.0,0.0,0.0,0.0,0.90625
4,7,0.0,0.0,0.09375,0.0,0.0,0.0,0.0,0.90625
4,7,0.0,0.0,0.09375,0.0,0.0,0.0,0.0,0.90625
4,7,0.0,0.0,0.09375,0.0,0.0,0.0,0.0,0.90625
4,7,0.0,0.0,0.09375,0.0,0.0,0.0,0.0,0.90625
4,7,0.0,0.0,0.09375,0.0,0.0,0.0,0.0,0.90625
4,7,0.0,0.0,0.09375,0.0,0.0,0.0,0.0,0.90625
4,7,0.0,0.0,0.09375,0.0,0.0,0.0,0.0,0.90625
4,7,0.0,0.0,0.09375,0.0,0.0,0.0,0.0,0.90625
4,7,0.0,0.0,0.09375,0.0,0.0,0.0,0.0,0.90625
4,7,0.0,0.0,0.09375,0.0,0.0,0.0,0.0,0.90625
4,7,0.0,0.0,0.09375,0.0,0.0,0.0,0.0,0.90625
4,7,0.0,0.0,0.09375,0.0,0.0,0.0,0.0,0.90625
4,7,0.0,0.0,0.09375,0.0,0.0,0.0,0.0,0.90625
4,7,0.0,0.0,0.09375,0.0,0.0,0.0,0.0,0.90625
4,7,0.0,0.0,0.09375,0.0,0.0,0.0,0.0,0.90625
4,7,0.0,0.0,0.09375,0.0,0.0,0.0,0.0,0.90625
4,7,0.0,0.0,0.09375,0.0,0.0,0.0,0.0,0.90625
4,7,0.0,0.0,0.09375,0.0,0.0,0.0,0.0,0.90625
4,7,0.0,0.0,0.09375,0.0,0.0,0.0,0.0,0.90625
4,7,0.0,0.0,0.09375,0.0,0.0,0.0,0.0,0.90625
4,7,0.0,0.0,0.09375,0.0,0.0,0.0,0.0,0.90625
4,7,0.0,0.0,0.09375,0.0,0.0,0.0,0.0,0.90625
4,7,0.0,0.0,0.09375,0.0,0.0,0.0,0.0,0.90625
4,7,0.0,0.0,0.09375,0.0,0.0,0.0,0.0,0.90625
4,7,0.0,0.0,0.09375,0.0,0.0,0.0,0.0,0.90625
4,7,0.0,0.0,0.09375,0.0,0.0,0.0,0.0,0.90625
4,7,0.0,0.0,0.09375,0.0,0.0,0.0,0.0,0.90625
4,7,0.0,0.0,0.09375,0.0,0.0,0.0,0.0,0.90625
4,7,0.0,0.0,0.09375,0.0,0.0,0.0,0.0,0.90625
4,7,0.0,0.0,0.09375,0.0,0.0,0.0,0.0,0.90625
4,7,0.0,0.0,0.09375,0.0,0.0,0.0,0.0,0.90625
4,7,0.0,0.0,0.109375,0.0,0.0,0.0,0.0,0.890625
4,7,0.0,0.0,0.109375,0.0,0.0,0.0,0.0,0.890625
4,7,0.0,0.0,0.109375,0.0,0.0,0.0,0.0,0.890625
4,7,0.0,0.0,0.109375,0.0,0.0,0.0,0.0,0.890625
4,7,0.0,0.0,0.109375,0.0,0.0,0.0,0.0,0.890625
4,7,0.0,0.0,0.109375,0.0,0.0,0.0,0.0,0.890625
4,7,0.0,0.0,0.109375,0.0,0.0,0.0,0.0,0.890625
4,7,0.0,0.0,0.109375,0.0,0.0,0.0,0.0,0.890625
4,7,0.0,0.0,0.109375,0.0,0.0,0.0,0.0,0.890625
4,7,0.0,0.0,0.109375,0.0,0.0,0.0,0.0,0.890625
4,7,0.0,0.0,0.109375,0.0,0.0,0.0,0.0,0.890625
4,7,0.0,0.0,0.109375,0.0,0.0,0.0,0.0,0.890625
4,7,0.0,0.0,0.09375,0.0,0.0,0.0,0.0,0.90625
4,7,0.0,0.0,0.09375,0.0,0.0,0.0,0.0,0.90625
4,7,0.0,0.0,0.09375,0.0,0.0,0.0,0.0,0.90625
4,7,0.0,0.0,0.09375,0.0,0.0,0.0,0.0,0.90625
4,7,0.0,0.0,0.09375,0.0,0.0,0.0,0.0,0.90625
4,7,0.0,0.0,0.09375,0.0,0.0,0.0,0.0,0.90625
4,7,0.0,0.0,0.09375,0.0,0.0,0.0,0.0,0.90625
4,7,0.0,0.0,0.09375,0.0,0.0,0.0,0.0,0.90625
4,7,0.0,0.0,0.09375,0.0,0.0,0.0,0.0,0.90625
4,7,0.0,0.0,0.09375,0.0,0.0,0.0,0.0,0.90625
4,7,0.0,0.0,0.09375,0.0,0.0,0.0,0.0,0.90625
4,7,0.0,0.0,0.09375,0.0,0.0,0.0,0.0,0.90625
4,7,0.0,0.0,0.078125,0.0,0.0,0.0,0.0,0.921875
4,7,0.0,0.0,0.078125,0.0,0.0,0.0,0.0,0.921875
4,7,0.0,0.0,0.078125,0.0,0.0,0.0,0.0,0.921875
4,7,0.0,0.0,0.078125,0.0,0.0,0.0,0.0,0.921875
4,7,0.0,0.0,0.078125,0.0,0.0,0.0,0.0,0.921875
4,7,0.0,0.0,0.078125,0.0,0.0,0.0,0.0,0.921875
4,7,0.0,0.0,0.078125,0.0,0.0,0.0,0.0,0.921875
4,7,0.0,0.0,0.078125,0.0,0.0,0.0,0.0,0.921875
4,7,0.0,0.0,0.078125,0.0,0.0,0.0,0.0,0.921875
4,7,0.0,0.0,0.078125,0.0,0.0,0.0,0.0,0.921875
4,7,0.0,0.0,0.078125,0.0,0.0,0.0,0.0,0.921875
4,7,0.0,0.0,0.078125,0.0,0.0,0.0,0.0,0.921875
4,7,0.0,0.0,0.078125,0.0,0.0,0.0,0.0,0.921875
4,7,0.0,0.0,0.078125,0.0,0.0,0.0,0.0,0.921875
4,7,0.0,0.0,0.078125,0.0,0.0,0.0,0.0,0.921875
4,7,0.0,0.0,0.078125,0.0,0.0,0.0,0.0,0.921875
4,7,0.0,0.0,0.078125,0.0,0.0,0.0,0.0,0.921875
4,7,0.0,0.0,0.078125,0.0,0.0,0.0,0.0,0.921875
4,7,0.0,0.0,0.078125,0.0,0.0,0.0,0.0,0.921875
4,7,0.0,0.0,0.078125,0.0,0.0,0.0,0.0,0.921875
4,7,0.0,0.0,0.078125,0.0,0.0,0.0,0.0,0.921875
4,7,0.0,0.0,0.078125,0.0,0.0,0.0,0.0,0.921875
4,7,0.0,0.0,0.078125,0.0,0.0,0.0,0.0,0.921875
4,7,0.0,0.0,0.078125,0.0,0.0,0.0,0.0,0.921875
4,7,0.0,0.0,0.0625,0.0,0.0,0.0,0.0,0.9375
4,7,0.0,0.0,0.0625,0.0,0.0,0.0,0.0,0.9375
4,7,0.0,0.0,0.0625,0.0,0.0,0.0,0.0,0.9375
4,7,0.0,0.0,0.0625,0.0,0.0,0.0,0.0,0.9375
4,7,0.0,0.0,0.0625,0.0,0.0,0.0,0.0,0.9375
4,7,0.0,0.0,0.0625,0.0,0.0,0.0,0.0,0.9375
4,7,0.0,0.0,0.0625,0.0,0.0,0.0,0.0,0.9375
4,7,0.0,0.0,0.0625,0.0,0.0,0.0,0.0,0.9375
4,7,0.0,0.0,0.0625,0.0,0.0,0.0,0.0,0.9375
4,7,0.0,0.0,0.0625,0.0,0.0,0.0,0.0,0.9375
4,7,0.0,0.0,0.0625,0.0,0.0,0.0,0.0,0.9375
4,7,0.0,0.0,0.0625,0.0,0.0,0.0,0.0,0.9375
4,7,0.0,0.0,0.0625,0.0,0.0,0.0,0.0,0.9375
4,7,0.0,0.0,0.0625,0.0,0.0,0.0,0.0,0.9375
4,7,0.0,0.0,0.0625,0.0,0.0,0.0,0.0,0.9375
4,7,0.0,0.0,0.0625,0.0,0.0,0.0,0.0,0.9375
4,7,0.0,0.0,0.0625,0.0,0.0,0.0,0.0,0.9375
4,7,0.0,0.0,0.0625,0.0,0.0,0.0,0.0,0.9375
4,7,0.0,0.0,0.0625,0.0,0.0,0.0,0.0,0.9375
4,7,0.0,0.0,0.0625,0.0,0.0,0.0,0.0,0.9375
4,7,0.0,0.0,0.0625,0.0,0.0,0.0,0.0,0.9375
4,7,0.0,0.0,0.0625,0.0,0.0,0.0,0.0,0.9375
4,7,0.0,0.0,0.0625,0.0,0.0,0.0,0.0,0.9375
4,7,0.0,0.0,0.0625,0.0,0.0,0.0,0.0,0.9375
4,7,0.0,0.0,0.0625,0.0,0.0,0.0,0.0,0.9375
4,7,0.0,0.0,0.0625,0.0,0.0,0.0,0.0,0.9375
4,7,0.0,0.0,0.0625,0.0,0.0,0.0,0.0,0.9375
4,7,0.0,0.0,0.0625,0.0,0.0,0.0,0.0,0.9375
4,7,0.0,0.0,0.0625,0.0,0.0,0.0,0.0,0.9375
4,7,0.0,0.0,0.0625,0.0,0.0,0.0,0.0,0.9375
4,7,0.0,0.0,0.0625,0.0,0.0,0.0,0.0,0.9375
4,7,0.0,0.0,0.0625,0.0,0.0,0.0,0.0,0.9375
4,7,0.0,0.0,0.0625,0.0,0.0,0.0,0.0,0.9375
4,7,0.0,0.0,0.0625,0.0,0.0,0.0,0.0,0.9375
4,7,0.0,0.0,0.0625,0.0,0.0,0.0,0.0,0.9375
4,7,0.0,0.0,0.0625,0.0,0.0,0.0,0.0,0.9375
4,7,0.0,0.0,0.0625,0.0,0.0,0.0,0.0,0.9375
4,7,0.0,0.0,0.0625,0.0,0.0,0.0,0.0,0.9375
4,7,0.0,0.0,0.0625,0.0,0.0,0.0,0.0,0.9375
4,7,0.0,0.0,0.0625,0.0,0.0,0.0,0.0,0.9375
4,7,0.0,0.0,0.0625,0.0,0.0,0.0,0.0,0.9375
4,7,0.0,0.0,0.0625,0.0,0.0,0.0,0.0,0.9375
4,7,0.0,0.0,0.0625,0.0,0.0,0.0,0.0,0.9375
4,7,0.0,0.0,0.0625,0.0,0.0,0.0,0.0,0.9375
4,7,0.0,0.0,0.0625,0.0,0.0,0.0,0.0,0.9375
4,7,0.0,0.0,0.0625,0.0,0.0,0.0,0.0,0.9375
4,7,0.0,0.0,0.0625,0.0,0.0,0.0,0.0,0.9375
4,7,0.0,0.0,0.0625,0.0,0.0,0.0,0.0,0.9375
4,7,0.0,0.0,0.046875,0.0,0.0,0.0,0.0,0.953125
4,7,0.0,0.0,0.046875,0.0,0.0,0.0,0.0,0.953125
4,7,0.0,0.0,0.046875,0.0,0.0,0.0,0.0,0.953125
4,7,0.0,0.0,0.046875,0.0,0.0,0.0,0.0,0.953125
4,7,0.0,0.0,0.046875,0.0,0.0,0.0,0.0,0.953125
4,7,0.0,0.0,0.046875,0.0,0.0,0.0,0.0,0.953125
4,7,0.0,0.0,0.046875,0.0,0.0,0.0,0.0,0.953125
4,7,0.0,0.0,0.046875,0.0,0.0,0.0,0.0,0.953125
4,7,0.0,0.0,0.046875,0.0,0.0,0.0,0.0,0.953125
4,7,0.0,0.0,0.046875,0.0,0.0,0.0,0.0,0.953125
4,7,0.0,0.0,0.046875,0.0,0.0,0.0,0.0,0.953125
4,7,0.0,0.0,0.046875,0.0,0.0,0.0,0.0,0.953125
4,7,0.0,0.0,0.046875,0.0,0.0,0.0,0.0,0.953125
4,7,0.0,0.0,0.046875,0.0,0.0,0.0,0.0,0.953125
4,7,0.0,0.0,0.046875,0.0,0.0,0.0,0.0,0.953125
4,7,0.0,0.0,0.046875,0.0,0.0,0.0,0.0,0.953125
4,7,0.0,0.0,0.046875,0.0,0.0,0.0,0.0,0.953125
4,7,0.0,0.0,0.046875,0.0,0.0,0.0,0.0,0.953125
4,7,0.0,0.0,0.046875,0.0,0.0,0.0,0.0,0.953125
4,7,0.0,0.0,0.046875,0.0,0.0,0.0,0.0,0.953125
4,7,0.0,0.0,0.046875,0.0,0.0,0.0,0.0,0.953125
4,7,0.0,0.0,0.046875,0.0,0.0,0.0,0.0,0.953125
4,7,0.0,0.0,0.046875,0.0,0.0,0.0,0.0,0.953125
4,7,0.0,0.0,0.046875,0.0,0.0,0.0,0.0,0.953125
4,7,0.0,0.0,0.046875,0.0,0.0,0.0,0.0,0.953125
4,7,0.0,0.0,0.046875,0.0,0.0,0.0,0.0,0.953125
4,7,0.0,0.0,0.046875,0.0,0.0,0.0,0.0,0.953125
4,7,0.0,0.0,0.046875,0.0,0.0,0.0,0.0,0.953125
4,7,0.0,0.0,0.046875,0.0,0.0,0.0,0.0,0.953125
4,7,0.0,0.0,0.046875,0.0,0.0,0.0,0.0,0.953125
4,7,0.0,0.0,0.046875,0.0,0.0,0.0,0.0,0.953125
4,7,0.0,0.0,0.046875,0.0,0.0,0.0,0.0,0.953125
4,7,0.0,0.0,0.046875,0.0,0.0,0.0,0.0,0.953125
4,7,0.0,0.0,0.046875,0.0,0.0,0.0,0.0,0.953125
4,7,0.0,0.0,0.046875,0.0,0.0,0.0,0.0,0.953125
4,7,0.0,0.0,0.046875,0.0,0.0,0.0,0.0,0.953125
4,7,0.0,0.0,0.046875,0.0,0.0,0.0,0.0,0.953125
4,7,0.0,0.0,0.046875,0.0,0.0,0.0,0.0,0.953125
4,7,0.0,0.0,0.046875,0.0,0.0,0.0,0.0,0.953125
4,7,0.0,0.0,0.046875,0.0,0.0,0.0,0.0,0.953125
4,7,0.0,0.0,0.046875,0.0,0.0,0.0,0.0,0.953125
4,7,0.0,0.0,0.046875,0.0,0.0,0.0,0.0,0.953125
4,7,0.0,0.0,0.046875,0.0,0.0,0.0,0.0,0.953125
4,7,0.0,0.0,0.046875,0.0,0.0,0.0,0.0,0.953125
4,7,0.0,0.0,0.046875,0.0,0.0,0.0,0.0,0.953125
4,7,0.0,0.0,0.046875,0.0,0.0,0.0,0.0,0.953125
4,7,0.0,0.0,0.046875,0.0,0.0,0.0,0.0,0.953125
4,7,0.0,0.0,0.046875,0.0,0.0,0.0,0.0,0.953125
4,7,0.0,0.0,0.078125,0.0,0.0,0.0,0.0,0.921875
4,7,0.0,0.0,0.078125,0.0,0.0,0.0,0.0,0.921875
4,7,0.0,0.0,0.078125,0.0,0.0,0.0,0.0,0.921875
4,7,0.0,0.0,0.078125,0.0,0.0,0.0,0.0,0.921875
4,7,0.0,0.0,0.078125,0.0,0.0,0.0,0.0,0.921875
4,7,0.0,0.0,0.078125,0.0,0.0,0.0,0.0,0.921875
4,7,0.0,0.0,0.078125,0.0,0.0,0.0,0.0,0.921875
4,7,0.0,0.0,0.078125,0.0,0.0,0.0,0.0,0.921875
4,7,0.0,0.0,0.078125,0.0,0.0,0.0,0.0,0.921875
4,7,0.0,0.0,0.078125,0.0,0.0,0.0,0.0,0.921875
4,7,0.0,0.0,0.078125,0.0,0.0,0.0,0.0,0.921875
4,7,0.0,0.0,0.078125,0.0,0.0,0.0,0.0,0.921875
4,7,0.0,0.0,0.078125,0.0,0.0,0.0,0.0,0.921875
4,7,0.0,0.0,0.078125,0.0,0.0,0.0,0.0,0.921875
4,7,0.0,0.0,0.078125,0.0,0.0,0.0,0.0,0.921875
4,7,0.0,0.0,0.078125,0.0,0.0,0.0,0.0,0.921875
4,7,0.0,0.0,0.078125,0.0,0.0,0.0,0.0,0.921875
4,7,0.0,0.0,0.078125,0.0,0.0,0.0,0.0,0.921875
4,7,0.0,0.0,0.078125,0.0,0.0,0.0,0.0,0.921875
4,7,0.0,0.0,0.078125,0.0,0.0,0.0,0.0,0.921875
4,7,0.0,0.0,0.078125,0.0,0.0,0.0,0.0,0.921875
4,7,0.0,0.0,0.078125,0.0,0.0,0.0,0.0,0.921875
4,7,0.0,0.0,0.078125,0.0,0.0,0.0,0.0,0.921875
4,7,0.0,0.0,0.078125,0.0,0.0,0.0,0.0,0.921875
4,7,0.0,0.0,0.078125,0.0,0.0,0.0,0.0,0.921875
4,7,0.0,0.0,0.078125,0.0,0.0,0.0,0.0,0.921875
4,7,0.0,0.0,0.078125,0.0,0.0,0.0,0.0,0.921875
4,7,0.0,0.0,0.078125,0.0,0.0,0.0,0.0,0.921875
4,7,0.0,0.0,0.078125,0.0,0.0,0.0,0.0,0.921875
4,7,0.0,0.0,0.078125,0.0,0.0,0.0,0.0,0.921875
4,7,0.0,0.0,0.078125,0.0,0.0,0.0,0.0,0.921875
4,7,0.0,0.0,0.078125,0.0,0.0,0.0,0.0,0.921875
4,7,0.0,0.0,0.109375,0.0,0.0,0.0,0.0,0.890625
4,7,0.0,0.0,0.109375,0.0,0.0,0.0,0.0,0.890625
4,7,0.0,0.0,0.109375,0.0,0.0,0.0,0.0,0.890625
4,7,0.0,0.0,0.109375,0.0,0.0,0.0,0.0,0.890625
4,7,0.0,0.0,0.109375,0.0,0.0,0.0,0.0,0.890625
4,7,0.0,0.0,0.109375,0.0,0.0,0.0,0.0,0.890625
4,7,0.0,0.0,0.109375,0.0,0.0,0.0,0.0,0.890625
4,7,0.0,0.0,0.109375,0.0,0.0,0.0,0.0,0.890625
4,7,0.0,0.0,0.109375,0.0,0.0,0.0,0.0,0.890625
4,7,0.0,0.0,0.109375,0.0,0.0,0.0,0.0,0.890625
4,7,0.0,0.0,0.109375,0.0,0.0,0.0,0.0,0.890625
4,7,0.0,0.0,0.109375,0.0,0.0,0.0,0.0,0.890625
4,7,0.0,0.0,0.109375,0.0,0.0,0.0,0.0,0.890625
4,7,0.0,0.0,0.109375,0.0,0.0,0.0,0.0,0.890625
4,7,0.0,0.0,0.109375,0.0,0.0,0.0,0.0,0.890625
4,7,0.0,0.0,0.109375,0.0,0.0,0.0,0.0,0.890625
4,7,0.0,0.015625,0.109375,0.0,0.0,0.0,0.0,0.875
4,7,0.0,0.015625,0.109375,0.0,0.0,0.0,0.0,0.875
4,7,0.0,0.015625,0.109375,0.0,0.0,0.0,0.0,0.875
4,7,0.0,0.015625,0.109375,0.0,0.0,0.0,0.0,0.875
4,7,0.0,0.015625,0.109375,0.0,0.0,0.0,0.0,0.875
4,7,0.0,0.015625,0.109375,0.0,0.0,0.0,0.0,0.875
4,7,0.0,0.015625,0.109375,0.0,0.0,0.0,0.0,0.875
4,7,0.0,0.015625,0.109375,0.0,0.0,0.0,0.0,0.875
4,7,0.0,0.015625,0.109375,0.0,0.0,0.0,0.0,0.875
4,7,0.0,0.015625,0.109375,0.0,0.0,0.0,0.0,0.875
4,7,0.0,0.015625,0.109375,0.0,0.0,0.0,0.0,0.875
4,7,0.0,0.015625,0.109375,0.0,0.0,0.0,0.0,0.875
4,7,0.0,0.015625,0.109375,0.0,0.0,0.0,0.0,0.875
4,7,0.0,0.015625,0.109375,0.0,0.0,0.0,0.0,0.875
4,7,0.0,0.015625,0.109375,0.0,0.0,0.0,0.0,0.875
4,7,0.0,0.015625,0.109375,0.0,0.0,0.0,0.0,0.875
4,7,0.0,0.015625,0.109375,0.0,0.0,0.0,0.0,0.875
4,7,0.0,0.015625,0.109375,0.0,0.0,0.0,0.0,0.875
4,7,0.0,0.015625,0.109375,0.0,0.0,0.0,0.0,0.875
4,7,0.0,0.015625,0.109375,0.0,0.0,0.0,0.0,0.875
4,7,0.0,0.015625,0.109375,0.0,0.0,0.0,0.0,0.875
4,7,0.0,0.015625,0.109375,0.0,0.0,0.0,0.0,0.875
4,7,0.0,0.015625,0.109375,0.0,0.0,0.0,0.0,0.875
4,7,0.0,0.015625,0.109375,0.0,0.0,0.0,0.0,0.875
4,7,0.0,0.015625,0.109375,0.0,0.0,0.0,0.0,0.875
4,7,0.0,0.015625,0.109375,0.0,0.0,0.0,0.0,0.875
4,7,0.0,0.015625,0.109375,0.0,0.0,0.0,0.0,0.875
4,7,0.0,0.015625,0.109375,0.0,0.0,0.0,0.0,0.875
4,7,0.0,0.015625,0.109375,0.0,0.0,0.0,0.0,0.875
4,7,0.0,0.015625,0.109375,0.0,0.0,0.0,0.0,0.875
4,7,0.0,0.015625,0.109375,0.0,0.0,0.0,0.0,0.875
4,7,0.0,0.015625,0.109375,0.0,0.0,0.0,0.0,0.875
4,7,0.0,0.015625,0.109375,0.0,0.0,0.0,0.0,0.875
4,7,0.0,0.015625,0.109375,0.0,0.0,0.0,0.0,0.875
4,7,0.0,0.015625,0.109375,0.0,0.0,0.0,0.0,0.875
4,7,0.0,0.015625,0.109375,0.0,0.0,0.0,0.0,0.875
4,7,0.0,0.03125,0.109375,0.0,0.0,0.0,0.0,0.859375
4,7,0.0,0.03125,0.109375,0.0,0.0,0.0,0.0,0.859375
4,7,0.0,0.03125,0.109375,0.0,0.0,0.0,0.0,0.859375
4,7,0.0,0.03125,0.109375,0.0,0.0,0.0,0.0,0.859375
4,7,0.0,0.03125,0.109375,0.0,0.0,0.0,0.0,0.859375
4,7,0.0,0.03125,0.109375,0.0,0.0,0.0,0.0,0.859375
4,7,0.0,0.03125,0.109375,0.0,0.0,0.0,0.0,0.859375
4,7,0.0,0.03125,0.109375,0.0,0.0,0.0,0.0,0.859375
4,7,0.0,0.03125,0.109375,0.0,0.0,0.0,0.0,0.859375
4,7,0.0,0.03125,0.109375,0.0,0.0,0.0,0.0,0.859375
4,7,0.0,0.03125,0.109375,0.0,0.0,0.0,0.0,0.859375
4,7,0.0,0.03125,0.109375,0.0,0.0,0.0,0.0,0.859375
4,7,0.0,0.03125,0.078125,0.0,0.0,0.0,0.0,0.890625
4,7,0.0,0.03125,0.078125,0.0,0.0,0.0,0.0,0.890625
4,7,0.0,0.03125,0.078125,0.0,0.0,0.0,0.0,0.890625
4,7,0.0,0.03125,0.078125,0.0,0.0,0.0,0.0,0.890625
4,7,0.0,0.03125,0.078125,0.0,0.0,0.0,0.0,0.890625
4,7,0.0,0.03125,0.078125,0.0,0.0,0.0,0.0,0.890625
4,7,0.0,0.03125,0.078125,0.0,0.0,0.0,0.0,0.890625
4,7,0.0,0.03125,0.078125,0.0,0.0,0.0,0.0,0.890625
4,7,0.0,0.03125,0.078125,0.0,0.0,0.0,0.0,0.890625
4,7,0.0,0.03125,0.078125,0.0,0.0,0.0,0.0,0.890625
4,7,0.0,0.03125,0.078125,0.0,0.0,0.0,0.0,0.890625
4,7,0.0,0.03125,0.078125,0.0,0.0,0.0,0.0,0.890625
4,7,0.0,0.03125,0.078125,0.0,0.0,0.0,0.0,0.890625
4,7,0.0,0.03125,0.078125,0.0,0.0,0.0,0.0,0.890625
4,7,0.0,0.03125,0.078125,0.0,0.0,0.0,0.0,0.890625
4,7,0.0,0.03125,0.078125,0.0,0.0,0.0,0.0,0.890625
4,7,0.0,0.03125,0.0625,0.0,0.0,0.0,0.0,0.90625
4,7,0.0,0.03125,0.0625,0.0,0.0,0.0,0.0,0.90625
4,7,0.0,0.03125,0.0625,0.0,0.0,0.0,0.0,0.90625
4,7,0.0,0.03125,0.0625,0.0,0.0,0.0,0.0,0.90625
4,7,0.0,0.03125,0.0625,0.0,0.0,0.0,0.0,0.90625
4,7,0.0,0.03125,0.0625,0.0,0.0,0.0,0.0,0.90625
4,7,0.0,0.03125,0.0625,0.0,0.0,0.0,0.0,0.90625
4,7,0.0,0.03125,0.0625,0.0,0.0,0.0,0.0,0.90625
4,7,0.0,0.03125,0.0625,0.0,0.0,0.0,0.0,0.90625
4,7,0.0,0.03125,0.0625,0.0,0.0,0.0,0.0,0.90625
4,7,0.0,0.03125,0.0625,0.0,0.0,0.0,0.0,0.90625
4,7,0.0,0.03125,0.0625,0.0,0.0,0.0,0.0,0.90625
4,7,0.0,0.03125,0.0625,0.0,0.0,0.0,0.0,0.90625
4,7,0.0,0.03125,0.0625,0.0,0.0,0.0,0.0,0.90625
4,7,0.0,0.03125,0.0625,0.0,0.0,0.0,0.0,0.90625
4,7,0.0,0.03125,0.0625,0.0,0.0,0.0,0.0,0.90625
4,7,0.0,0.03125,0.0625,0.0,0.0,0.0,0.0,0.90625
4,7,0.0,0.03125,0.0625,0.0,0.0,0.0,0.0,0.90625
4,7,0.0,0.03125,0.0625,0.0,0.0,0.0,0.0,0.90625
4,7,0.0,0.03125,0.0625,0.0,0.0,0.0,0.0,0.90625
4,7,0.0,0.03125,0.0625,0.0,0.0,0.0,0.015625,0.890625
4,7,0.0,0.03125,0.0625,0.0,0.0,0.0,0.015625,0.890625
4,7,0.0,0.03125,0.0625,0.0,0.0,0.0,0.015625,0.890625
4,7,0.0,0.03125,0.0625,0.0,0.0,0.0,0.015625,0.890625
4,7,0.0,0.03125,0.0625,0.0,0.0,0.0,0.015625,0.890625
4,7,0.0,0.03125,0.0625,0.0,0.0,0.0,0.015625,0.890625
4,7,0.0,0.03125,0.0625,0.0,0.0,0.0,0.015625,0.890625
4,7,0.0,0.03125,0.0625,0.0,0.0,0.0,0.015625,0.890625
4,7,0.0,0.03125,0.0625,0.0,0.0,0.0,0.015625,0.890625
4,7,0.0,0.03125,0.0625,0.0,0.0,0.0,0.015625,0.890625
4,7,0.0,0.03125,0.0625,0.0,0.0,0.0,0.015625,0.890625
4,7,0.0,0.03125,0.0625,0.0,0.0,0.0,0.015625,0.890625
4,7,0.0,0.03125,0.0625,0.0,0.0,0.0,0.015625,0.890625
4,7,0.0,0.03125,0.0625,0.0,0.0,0.0,0.015625,0.890625
4,7,0.0,0.03125,0.0625,0.0,0.0,0.0,0.015625,0.890625
4,7,0.0,0.03125,0.0625,0.0,0.0,0.0,0.015625,0.890625
4,7,0.0,0.03125,0.0625,0.0,0.0,0.0,0.015625,0.890625
4,7,0.0,0.03125,0.0625,0.0,0.0,0.0,0.015625,0.890625
4,7,0.0,0.03125,0.0625,0.0,0.0,0.0,0.015625,0.890625
4,7,0.0,0.03125,0.0625,0.0,0.0,0.0,0.015625,0.890625
4,7,0.0,0.046875,0.0625,0.0,0.0,0.0,0.015625,0.875
4,7,0.0,0.046875,0.0625,0.0,0.0,0.0,0.015625,0.875
4,7,0.0,0.046875,0.0625,0.0,0.0,0.0,0.015625,0.875
4,7,0.0,0.046875,0.0625,0.0,0.0,0.0,0.015625,0.875
4,7,0.0,0.046875,0.0625,0.0,0.0,0.0,0.015625,0.875
4,7,0.0,0.046875,0.0625,0.0,0.0,0.0,0.015625,0.875
4,7,0.0,0.046875,0.0625,0.0,0.0,0.0,0.015625,0.875
4,7,0.0,0.046875,0.0625,0.0,0.0,0.0,0.015625,0.875
4,7,0.0,0.0625,0.078125,0.0,0.0,0.0,0.015625,0.84375
4,7,0.0,0.0625,0.078125,0.0,0.0,0.0,0.015625,0.84375
4,7,0.0,0.0625,0.078125,0.0,0.0,0.0,0.015625,0.84375
4,7,0.0,0.0625,0.078125,0.0,0.0,0.0,0.015625,0.84375
4,7,0.0,0.0625,0.078125,0.0,0.0,0.0,0.015625,0.84375
4,7,0.0,0.0625,0.078125,0.0,0.0,0.0,0.015625,0.84375
4,7,0.0,0.0625,0.078125,0.0,0.0,0.0,0.015625,0.84375
4,7,0.0,0.0625,0.078125,0.0,0.0,0.0,0.015625,0.84375
4,7,0.03125,0.078125,0.078125,0.0,0.0,0.0,0.015625,0.796875
4,7,0.03125,0.078125,0.078125,0.0,0.0,0.0,0.015625,0.796875
4,7,0.03125,0.078125,0.078125,0.0,0.0,0.0,0.015625,0.796875
4,7,0.03125,0.078125,0.078125,0.0,0.0,0.0,0.015625,0.796875
4,7,0.03125,0.078125,0.078125,0.0,0.0,0.0,0.015625,0.796875
4,7,0.03125,0.078125,0.078125,0.0,0.0,0.0,0.015625,0.796875
4,7,0.03125,0.078125,0.078125,0.0,0.0,0.0,0.015625,0.796875
4,7,0.03125,0.078125,0.078125,0.0,0.0,0.0,0.015625,0.796875
4,7,0.03125,0.078125,0.078125,0.0,0.0,0.0,0.015625,0.796875
4,7,0.03125,0.078125,0.078125,0.0,0.0,0.0,0.015625,0.796875
4,7,0.03125,0.078125,0.078125,0.0,0.0,0.0,0.015625,0.796875
4,7,0.03125,0.078125,0.078125,0.0,0.0,0.0,0.015625,0.796875
4,7,0.03125,0.078125,0.09375,0.0,0.0,0.0,0.015625,0.78125
4,7,0.03125,0.078125,0.09375,0.0,0.0,0.0,0.015625,0.78125
4,7,0.03125,0.078125,0.09375,0.0,0.0,0.0,0.015625,0.78125
4,7,0.03125,0.078125,0.09375,0.0,0.0,0.0,0.015625,0.78125
4,7,0.03125,0.078125,0.09375,0.0,0.0,0.0,0.015625,0.78125
4,7,0.03125,0.078125,0.09375,0.0,0.0,0.0,0.015625,0.78125
4,7,0.046875,0.0625,0.09375,0.0,0.0,0.0,0.015625,0.78125
4,7,0.046875,0.0625,0.09375,0.0,0.0,0.0,0.015625,0.78125
4,7,0.046875,0.078125,0.09375,0.0,0.0,0.0,0.015625,0.765625
4,7,0.046875,0.078125,0.09375,0.0,0.0,0.0,0.015625,0.765625
4,7,0.046875,0.078125,0.09375,0.0,0.0,0.0,0.015625,0.765625
4,7,0.046875,0.078125,0.09375,0.0,0.0,0.0,0.015625,0.765625
4,7,0.21311475,0.06557377,0.04918033,0.0,0.0,0.0,0.0,0.6721311
4,7,0.21311475,0.06557377,0.04918033,0.0,0.0,0.0,0.0,0.6721311
4,7,0.21311475,0.06557377,0.04918033,0.0,0.0,0.0,0.0,0.6721311
4,7,0.21311475,0.06557377,0.04918033,0.0,0.0,0.0,0.0,0.6721311
4,7,0.24590164,0.06557377,0.04918033,0.0,0.0,0.0,0.0,0.6393443
4,7,0.25,0.06666667,0.05,0.0,0.0,0.0,0.0,0.6333333
4,7,0.25,0.06666667,0.05,0.0,0.0,0.0,0.0,0.6333333
4,7,0.25,0.06666667,0.05,0.0,0.0,0.0,0.0,0.6333333
4,7,0.25,0.06666667,0.05,0.0,0.0,0.0,0.0,0.6333333
4,7,0.25,0.06666667,0.05,0.0,0.0,0.0,0.0,0.6333333
4,7,0.25,0.06666667,0.05,0.0,0.0,0.0,0.0,0.6333333
4,7,0.25,0.06666667,0.05,0.0,0.0,0.0,0.0,0.6333333
4,7,0.25,0.06666667,0.05,0.0,0.0,0.0,0.0,0.6333333
4,7,0.25,0.06666667,0.05,0.0,0.0,0.0,0.0,0.6333333
4,7,0.25,0.06666667,0.05,0.0,0.0,0.0,0.0,0.6333333
4,7,0.25,0.06666667,0.05,0.0,0.0,0.0,0.0,0.6333333
4,7,0.25,0.06666667,0.05,0.0,0.0,0.0,0.0,0.6333333
4,7,0.26666668,0.06666667,0.05,0.0,0.0,0.0,0.0,0.6166667
4,7,0.28333333,0.06666667,0.05,0.0,0.0,0.0,0.0,0.6
4,7,0.28333333,0.06666667,0.05,0.0,0.0,0.0,0.0,0.6
4,7,0.28333333,0.06666667,0.05,0.0,0.0,0.0,0.0,0.6
4,7,0.28333333,0.06666667,0.05,0.0,0.0,0.0,0.0,0.6
4,7,0.28333333,0.06666667,0.05,0.0,0.0,0.0,0.0,0.6
4,7,0.28333333,0.06666667,0.05,0.0,0.0,0.0,0.0,0.6
4,7,0.31666666,0.06666667,0.05,0.0,0.0,0.0,0.0,0.56666666
4,7,0.33333334,0.06666667,0.05,0.0,0.0,0.0,0.0,0.55
4,7,0.33333334,0.06666667,0.05,0.0,0.0,0.0,0.0,0.55
4,7,0.35,0.06666667,0.05,0.0,0.0,0.0,0.0,0.53333336
4,7,0.36666667,0.06666667,0.05,0.0,0.0,0.0,0.0,0.51666665
4,7,0.36666667,0.06666667,0.05,0.0,0.0,0.0,0.0,0.51666665
4,7,0.36666667,0.06666667,0.05,0.0,0.0,0.0,0.0,0.51666665
4,7,0.36666667,0.06666667,0.05,0.0,0.0,0.0,0.0,0.51666665
4,0,0.48333332,0.06666667,0.033333335,0.0,0.0,0.0,0.0,0.41666666
4,0,0.48333332,0.06666667,0.033333335,0.0,0.0,0.0,0.0,0.41666666
4,0,0.48333332,0.06666667,0.033333335,0.0,0.0,0.0,0.0,0.41666666
4,0,0.48333332,0.06666667,0.033333335,0.0,0.0,0.0,0.0,0.41666666
4,0,0.51666665,0.06666667,0.016666668,0.0,0.0,0.0,0.0,0.4
4,0,0.51666665,0.06666667,0.016666668,0.0,0.0,0.0,0.0,0.4
0,0,0.51666665,0.06666667,0.016666668,0.0,0.0,0.0,0.0,0.4
0,0,0.51666665,0.06666667,0.016666668,0.0,0.0,0.0,0.0,0.4
0,0,0.59016395,0.04918033,0.0,0.0,0.0,0.0,0.0,0.36065573
0,0,0.60655737,0.04918033,0.0,0.0,0.0,0.0,0.0,0.3442623
0,0,0.6229508,0.04918033,0.0,0.0,0.0,0.0,0.0,0.32786885
0,0,0.6229508,0.04918033,0.0,0.0,0.0,0.0,0.0,0.32786885
0,0,0.6229508,0.04918033,0.0,0.0,0.0,0.0,0.0,0.32786885
0,0,0.6229508,0.04918033,0.0,0.0,0.0,0.0,0.0,0.32786885
0,0,0.6229508,0.04918033,0.0,0.0,0.0,0.0,0.0,0.32786885
0,0,0.6229508,0.04918033,0.0,0.0,0.0,0.0,0.0,0.32786885
0,0,0.6393443,0.04918033,0.0,0.0,0.0,0.0,0.0,0.3114754
0,0,0.6393443,0.04918033,0.0,0.0,0.0,0.0,0.0,0.3114754
0,0,0.6393443,0.04918033,0.0,0.0,0.0,0.0,0.0,0.3114754
0,0,0.6393443,0.04918033,0.0,0.0,0.0,0.0,0.0,0.3114754
0,0,0.6393443,0.04918033,0.0,0.0,0.0,0.0,0.0,0.3114754
0,0,0.6393443,0.04918033,0.0,0.0,0.0,0.0,0.0,0.3114754
0,0,0.6557377,0.04918033,0.0,0.0,0.0,0.0,0.0,0.29508197
0,0,0.6557377,0.04918033,0.0,0.0,0.0,0.0,0.0,0.29508197
0,0,0.6557377,0.04918033,0.0,0.0,0.0,0.0,0.0,0.29508197
0,0,0.6557377,0.04918033,0.0,0.0,0.0,0.0,0.0,0.29508197
0,0,0.6557377,0.04918033,0.0,0.0,0.0,0.0,0.0,0.29508197
0,0,0.6557377,0.04918033,0.0,0.0,0.0,0.0,0.0,0.29508197
0,0,0.67741936,0.032258064,0.0,0.0,0.0,0.0,0.0,0.29032257
0,0,0.67741936,0.032258064,0.0,0.0,0.0,0.0,0.0,0.29032257
0,0,0.67741936,0.032258064,0.0,0.0,0.0,0.0,0.0,0.29032257
0,0,0.67741936,0.032258064,0.0,0.0,0.0,0.0,0.0,0.29032257
0,0,0.7096774,0.032258064,0.0,0.0,0.0,0.0,0.0,0.2580645
0,0,0.7096774,0.032258064,0.0,0.0,0.0,0.0,0.0,0.2580645
0,0,0.7096774,0.032258064,0.0,0.0,0.0,0.0,0.0,0.2580645
0,0,0.7096774,0.032258064,0.0,0.0,0.0,0.0,0.0,0.2580645
0,0,0.7096774,0.032258064,0.0,0.0,0.0,0.0,0.0,0.2580645
0,0,0.7096774,0.032258064,0.0,0.0,0.0,0.0,0.0,0.2580645
0,0,0.7096774,0.032258064,0.0,0.0,0.0,0.0,0.0,0.2580645
0,0,0.7096774,0.032258064,0.0,0.0,0.0,0.0,0.0,0.2580645
0,0,0.7258065,0.032258064,0.0,0.0,0.0,0.0,0.0,0.24193548
0,0,0.7258065,0.032258064,0.0,0.0,0.0,0.0,0.0,0.24193548
0,0,0.7258065,0.032258064,0.0,0.0,0.0,0.0,0.0,0.24193548
0,0,0.7258065,0.032258064,0.0,0.0,0.0,0.0,0.0,0.24193548
0,0,0.7258065,0.032258064,0.0,0.0,0.0,0.0,0.0,0.24193548
0,0,0.7258065,0.032258064,0.0,0.0,0.0,0.0,0.0,0.24193548
0,0,0.7258065,0.032258064,0.0,0.0,0.0,0.0,0.0,0.24193548
0,0,0.7258065,0.032258064,0.0,0.0,0.0,0.0,0.0,0.24193548
0,0,0.7619048,0.031746034,0.0,0.0,0.0,0.0,0.0,0.20634921
0,0,0.7619048,0.031746034,0.0,0.0,0.0,0.0,0.0,0.20634921
0,0,0.7619048,0.031746034,0.0,0.0,0.0,0.0,0.0,0.20634921
0,0,0.7619048,0.031746034,0.0,0.0,0.0,0.0,0.0,0.20634921
0,0,0.7619048,0.031746034,0.0,0.0,0.0,0.0,0.0,0.20634921
0,0,0.7619048,0.031746034,0.0,0.0,0.0,0.0,0.0,0.20634921
0,0,0.7619048,0.031746034,0.0,0.0,0.0,0.0,0.0,0.20634921
0,0,0.7619048,0.031746034,0.0,0.0,0.0,0.0,0.0,0.20634921
0,0,0.7619048,0.031746034,0.0,0.0,0.0,0.0,0.0,0.20634921
0,0,0.7619048,0.031746034,0.0,0.0,0.0,0.0,0.0,0.20634921
0,0,0.765625,0.03125,0.0,0.0,0.0,0.0,0.0,0.203125
0,0,0.765625,0.03125,0.0,0.0,0.0,0.0,0.0,0.203125
0,0,0.78125,0.03125,0.0,0.0,0.0,0.0,0.0,0.1875
0,0,0.78125,0.03125,0.0,0.0,0.0,0.0,0.0,0.1875
0,0,0.78125,0.03125,0.0,0.0,0.0,0.0,0.0,0.1875
0,0,0.78125,0.03125,0.0,0.0,0.0,0.0,0.0,0.1875
0,0,0.859375,0.015625,0.0,0.0,0.0,0.0,0.0,0.125
0,0,0.859375,0.015625,0.0,0.0,0.0,0.0,0.0,0.125
0,0,0.859375,0.015625,0.0,0.0,0.0,0.0,0.0,0.125
0,0,0.859375,0.015625,0.0,0.0,0.0,0.0,0.0,0.125
0,0,0.859375,0.015625,0.0,0.0,0.0,0.0,0.0,0.125
0,0,0.875,0.015625,0.0,0.0,0.0,0.0,0.0,0.109375
0,0,0.875,0.015625,0.0,0.0,0.0,0.0,0.0,0.109375
0,0,0.875,0.015625,0.0,0.0,0.0,0.0,0.0,0.109375
0,0,0.875,0.015625,0.0,0.0,0.0,0.0,0.0,0.109375
0,0,0.875,0.015625,0.0,0.0,0.0,0.0,0.0,0.109375
0,0,0.875,0.015625,0.0,0.0,0.0,0.0,0.0,0.109375
0,0,0.875,0.015625,0.0,0.0,0.0,0.0,0.0,0.109375
0,0,0.875,0.015625,0.0,0.0,0.0,0.0,0.0,0.109375
0,0,0.875,0.015625,0.0,0.0,0.0,0.0,0.0,0.109375
0,0,0.875,0.015625,0.0,0.0,0.0,0.0,0.0,0.109375
0,0,0.875,0.015625,0.0,0.0,0.0,0.0,0.0,0.109375
0,0,0.921875,0.015625,0.0,0.0,0.0,0.0,0.0,0.0625
0,0,0.921875,0.015625,0.0,0.0,0.0,0.0,0.0,0.0625
0,0,0.921875,0.015625,0.0,0.0,0.0,0.0,0.0,0.0625
0,0,0.921875,0.015625,0.0,0.0,0.0,0.0,0.0,0.0625
0,0,0.921875,0.015625,0.0,0.0,0.0,0.0,0.0,0.0625
0,0,0.921875,0.015625,0.0,0.0,0.0,0.0,0.0,0.0625
0,0,0.921875,0.015625,0.0,0.0,0.0,0.0,0.0,0.0625
0,0,0.921875,0.015625,0.0,0.0,0.0,0.0,0.0,0.0625
0,0,0.953125,0.015625,0.0,0.0,0.0,0.0,0.0,0.03125
0,0,0.953125,0.015625,0.0,0.0,0.0,0.0,0.0,0.03125
0,0,0.953125,0.015625,0.0,0.0,0.0,0.0,0.0,0.03125
0,0,0.953125,0.015625,0.0,0.0,0.0,0.0,0.0,0.03125
0,0,0.953125,0.015625,0.0,0.0,0.0,0.0,0.0,0.03125
0,0,0.953125,0.015625,0.0,0.0,0.0,0.0,0.0,0.03125
0,0,0.953125,0.015625,0.0,0.0,0.0,0.0,0.0,0.03125
0,0,0.953125,0.015625,0.0,0.0,0.0,0.0,0.0,0.03125
0,0,0.953125,0.015625,0.0,0.0,0.0,0.0,0.0,0.03125
0,0,0.953125,0.015625,0.0,0.0,0.0,0.0,0.0,0.03125
0,0,0.953125,0.015625,0.0,0.0,0.0,0.0,0.0,0.03125
0,0,0.953125,0.015625,0.0,0.0,0.0,0.0,0.0,0.03125
0,0,0.953125,0.015625,0.0,0.0,0.0,0.0,0.0,0.03125
0,0,0.96875,0.015625,0.0,0.0,0.0,0.0,0.0,0.015625
0,0,0.96875,0.015625,0.0,0.0,0.0,0.0,0.0,0.015625
0,0,0.96875,0.015625,0.0,0.0,0.0,0.0,0.0,0.015625
0,0,0.96875,0.015625,0.0,0.0,0.0,0.0,0.0,0.015625
0,0,0.96875,0.015625,0.0,0.0,0.0,0.0,0.0,0.015625
0,0,0.96875,0.015625,0.0,0.0,0.0,0.0,0.0,0.015625
0,0,0.96875,0.015625,0.0,0.0,0.0,0.0,0.0,0.015625
0,0,0.96875,0.015625,0.0,0.0,0.0,0.0,0.0,0.015625
0,0,0.96875,0.015625,0.0,0.0,0.0,0.0,0.0,0.015625
0,0,0.96875,0.015625,0.0,0.0,0.0,0.0,0.0,0.015625
0,0,0.96875,0.015625,0.0,0.0,0.0,0.0,0.0,0.015625
0,0,0.984375,0.015625,0.0,0.0,0.0,0.0,0.0,0.0
0,0,0.984375,0.015625,0.0,0.0,0.0,0.0,0.0,0.0
0,0,0.984375,0.015625,0.0,0.0,0.0,0.0,0.0,0.0
0,0,0.984375,0.015625,0.0,0.0,0.0,0.0,0.0,0.0
0,0,0.984375,0.015625,0.0,0.0,0.0,0.0,0.0,0.0
0,0,0.984375,0.015625,0.0,0.0,0.0,0.0,0.0,0.0
0,0,0.984375,0.015625,0.0,0.0,0.0,0.0,0.0,0.0
0,0,0.984375,0.015625,0.0,0.0,0.0,0.0,0.0,0.0
0,0,0.984375,0.015625,0.0,0.0,0.0,0.0,0.0,0.0
0,0,0.984375,0.015625,0.0,0.0,0.0,0.0,0.0,0.0
0,0,0.984375,0.015625,0.0,0.0,0.0,0.0,0.0,0.0
0,0,0.984375,0.015625,0.0,0.0,0.0,0.0,0.0,0.0
0,0,0.984375,0.015625,0.0,0.0,0.0,0.0,0.0,0.0
0,0,0.984375,0.015625,0.0,0.0,0.0,0.0,0.0,0.0
0,0,0.984375,0.015625,0.0,0.0,0.0,0.0,0.0,0.0
0,0,0.984375,0.015625,0.0,0.0,0.0,0.0,0.0,0.0
0,0,1.0,0.0,0.0,0.0,0.0,0.0,0.0,0.0
0,0,1.0,0.0,0.0,0.0,0.0,0.0,0.0,0.0
0,0,1.0,0.0,0.0,0.0,0.0,0.0,0.0,0.0
0,0,1.0,0.0,0.0,0.0,0.0,0.0,0.0,0.0
0,0,1.0,0.0,0.0,0.0,0.0,0.0,0.0,0.0
0,0,1.0,0.0,0.0,0.0,0.0,0.0,0.0,0.0
0,0,1.0,0.0,0.0,0.0,0.0,0.0,0.0,0.0
0,0,1.0,0.0,0.0,0.0,0.0,0.0,0.0,0.0
0,0,0.984375,0.015625,0.0,0.0,0.0,0.0,0.0,0.0
0,0,0.984375,0.015625,0.0,0.0,0.0,0.0,0.0,0.0
0,0,0.984375,0.015625,0.0,0.0,0.0,0.0,0.0,0.0
0,0,0.984375,0.015625,0.0,0.0,0.0,0.0,0.0,0.0
0,0,0.984375,0.015625,0.0,0.0,0.0,0.0,0.0,0.0
0,0,0.984375,0.015625,0.0,0.0,0.0,0.0,0.0,0.0
0,0,0.984375,0.015625,0.0,0.0,0.0,0.0,0.0,0.0
0,0,0.984375,0.015625,0.0,0.0,0.0,0.0,0.0,0.0
0,0,0.984375,0.015625,0.0,0.0,0.0,0.0,0.0,0.0
0,0,0.984375,0.015625,0.0,0.0,0.0,0.0,0.0,0.0
0,0,0.984375,0.015625,0.0,0.0,0.0,0.0,0.0,0.0
0,0,0.984375,0.015625,0.0,0.0,0.0,0.0,0.0,0.0
0,0,0.984375,0.015625,0.0,0.0,0.0,0.0,0.0,0.0
0,0,0.984375,0.015625,0.0,0.0,0.0,0.0,0.0,0.0
0,0,0.984375,0.015625,0.0,0.0,0.0,0.0,0.0,0.0
0,0,0.984375,0.015625,0.0,0.0,0.0,0.0,0.0,0.0
0,0,0.984375,0.015625,0.0,0.0,0.0,0.0,0.0,0.0
0,0,0.984375,0.015625,0.0,0.0,0.0,0.0,0.0,0.0
0,0,0.984375,0.015625,0.0,0.0,0.0,0.0,0.0,0.0
0,0,0.984375,0.015625,0.0,0.0,0.0,0.0,0.0,0.0
0,0,0.984375,0.015625,0.0,0.0,0.0,0.0,0.0,0.0
0,0,0.984375,0.015625,0.0,0.0,0.0,0.0,0.0,0.0
0,0,0.984375,0.015625,0.0,0.0,0.0,0.0,0.0,0.0
0,0,0.984375,0.015625,0.0,0.0,0.0,0.0,0.0,0.0
0,0,0.984375,0.015625,0.0,0.0,0.0,0.0,0.0,0.0
0,0,0.984375,0.015625,0.0,0.0,0.0,0.0,0.0,0.0
0,0,0.984375,0.015625,0.0,0.0,0.0,0.0,0.0,0.0
0,0,0.984375,0.015625,0.0,0.0,0.0,0.0,0.0,0.0
0,0,0.984375,0.015625,0.0,0.0,0.0,0.0,0.0,0.0
0,0,0.984375,0.015625,0.0,0.0,0.0,0.0,0.0,0.0
0,0,0.984375,0.015625,0.0,0.0,0.0,0.0,0.0,0.0
0,0,0.984375,0.015625,0.0,0.0,0.0,0.0,0.0,0.0
0,0,0.984375,0.015625,0.0,0.0,0.0,0.0,0.0,0.0
0,0,0.984375,0.015625,0.0,0.0,0.0,0.0,0.0,0.0
0,0,0.984375,0.015625,0.0,0.0,0.0,0.0,0.0,0.0
0,0,0.984375,0.015625,0.0,0.0,0.0,0.0,0.0,0.0
0,0,0.984375,0.015625,0.0,0.0,0.0,0.0,0.0,0.0
0,0,0.984375,0.015625,0.0,0.0,0.0,0.0,0.0,0.0
0,0,0.984375,0.015625,0.0,0.0,0.0,0.0,0.0,0.0
0,0,0.984375,0.015625,0.0,0.0,0.0,0.0,0.0,0.0
0,0,0.984375,0.015625,0.0,0.0,0.0,0.0,0.0,0.0
0,0,0.984375,0.015625,0.0,0.0,0.0,0.0,0.0,0.0
0,0,0.984375,0.015625,0.0,0.0,0.0,0.0,0.0,0.0
0,0,0.984375,0.015625,0.0,0.0,0.0,0.0,0.0,0.0
0,0,0.984375,0.015625,0.0,0.0,0.0,0.0,0.0,0.0
0,0,0.984375,0.015625,0.0,0.0,0.0,0.0,0.0,0.0
0,0,0.984375,0.015625,0.0,0.0,0.0,0.0,0.0,0.0
0,0,0.984375,0.015625,0.0,0.0,0.0,0.0,0.0,0.0
0,0,0.984375,0.015625,0.0,0.0,0.0,0.0,0.0,0.0
0,0,0.984375,0.015625,0.0,0.0,0.0,0.0,0.0,0.0
0,0,0.984375,0.015625,0.0,0.0,0.0,0.0,0.0,0.0
0,0,0.984375,0.015625,0.0,0.0,0.0,0.0,0.0,0.0
0,0,0.984375,0.015625,0.0,0.0,0.0,0.0,0.0,0.0
0,0,0.984375,0.015625,0.0,0.0,0.0,0.0,0.0,0.0
0,0,0.984375,0.015625,0.0,0.0,0.0,0.0,0.0,0.0
0,0,0.984375,0.015625,0.0,0.0,0.0,0.0,0.0,0.0
0,0,0.984375,0.015625,0.0,0.0,0.0,0.0,0.0,0.0
0,0,0.984375,0.015625,0.0,0.0,0.0,0.0,0.0,0.0
0,0,0.984375,0.015625,0.0,0.0,0.0,0.0,0.0,0.0
0,0,0.984375,0.015625,0.0,0.0,0.0,0.0,0.0,0.0
0,0,0.984375,0.015625,0.0,0.0,0.0,0.0,0.0,0.0
0,0,0.984375,0.015625,0.0,0.0,0.0,0.0,0.0,0.0
0,0,0.984375,0.015625,0.0,0.0,0.0,0.0,0.0,0.0
0,0,0.984375,0.015625,0.0,0.0,0.0,0.0,0.0,0.0
0,0,0.984375,0.015625,0.0,0.0,0.0,0.0,0.0,0.0
0,0,0.984375,0.015625,0.0,0.0,0.0,0.0,0.0,0.0
0,0,0.984375,0.015625,0.0,0.0,0.0,0.0,0.0,0.0
0,0,0.984375,0.015625,0.0,0.0,0.0,0.0,0.0,0.0
0,0,0.984375,0.015625,0.0,0.0,0.0,0.0,0.0,0.0
0,0,0.984375,0.015625,0.0,0.0,0.0,0.0,0.0,0.0
0,0,0.984375,0.015625,0.0,0.0,0.0,0.0,0.0,0.0
0,0,0.984375,0.015625,0.0,0.0,0.0,0.0,0.0,0.0
0,0,1.0,0.0,0.0,0.0,0.0,0.0,0.0,0.0
0,0,1.0,0.0,0.0,0.0,0.0,0.0,0.0,0.0
0,0,1.0,0.0,0.0,0.0,0.0,0.0,0.0,0.0
0,0,1.0,0.0,0.0,0.0,0.0,0.0,0.0,0.0
0,0,1.0,0.0,0.0,0.0,0.0,0.0,0.0,0.0
0,0,1.0,0.0,0.0,0.0,0.0,0.0,0.0,0.0
0,0,1.0,0.0,0.0,0.0,0.0,0.0,0.0,0.0
0,0,1.0,0.0,0.0,0.0,0.0,0.0,0.0,0.0
0,0,1.0,0.0,0.0,0.0,0.0,0.0,0.0,0.0
0,0,1.0,0.0,0.0,0.0,0.0,0.0,0.0,0.0
0,0,1.0,0.0,0.0,0.0,0.0,0.0,0.0,0.0
0,0,1.0,0.0,0.0,0.0,0.0,0.0,0.0,0.0
0,0,1.0,0.0,0.0,0.0,0.0,0.0,0.0,0.0
0,0,1.0,0.0,0.0,0.0,0.0,0.0,0.0,0.0
0,0,1.0,0.0,0.0,0.0,0.0,0.0,0.0,0.0
0,0,1.0,0.0,0.0,0.0,0.0,0.0,0.0,0.0
0,0,1.0,0.0,0.0,0.0,0.0,0.0,0.0,0.0
0,0,1.0,0.0,0.0,0.0,0.0,0.0,0.0,0.0
0,0,1.0,0.0,0.0,0.0,0.0,0.0,0.0,0.0
0,0,1.0,0.0,0.0,0.0,0.0,0.0,0.0,0.0
0,0,1.0,0.0,0.0,0.0,0.0,0.0,0.0,0.0
0,0,1.0,0.0,0.0,0.0,0.0,0.0,0.0,0.0
0,0,1.0,0.0,0.0,0.0,0.0,0.0,0.0,0.0
0,0,1.0,0.0,0.0,0.0,0.0,0.0,0.0,0.0
0,0,1.0,0.0,0.0,0.0,0.0,0.0,0.0,0.0
0,0,1.0,0.0,0.0,0.0,0.0,0.0,0.0,0.0
0,0,1.0,0.0,0.0,0.0,0.0,0.0,0.0,0.0
0,0,1.0,0.0,0.0,0.0,0.0,0.0,0.0,0.0
0,0,1.0,0.0,0.0,0.0,0.0,0.0,0.0,0.0
0,0,1.0,0.0,0.0,0.0,0.0,0.0,0.0,0.0
0,0,1.0,0.0,0.0,0.0,0.0,0.0,0.0,0.0
0,0,1.0,0.0,0.0,0.0,0.0,0.0,0.0,0.0
0,0,1.0,0.0,0.0,0.0,0.0,0.0,0.0,0.0
0,0,1.0,0.0,0.0,0.0,0.0,0.0,0.0,0.0
0,0,1.0,0.0,0.0,0.0,0.0,0.0,0.0,0.0
0,0,1.0,0.0,0.0,0.0,0.0,0.0,0.0,0.0
0,0,1.0,0.0,0.0,0.0,0.0,0.0,0.0,0.0
0,0,1.0,0.0,0.0,0.0,0.0,0.0,0.0,0.0
0,0,1.0,0.0,0.0,0.0,0.0,0.0,0.0,0.0
0,0,1.0,0.0,0.0,0.0,0.0,0.0,0.0,0.0
0,0,1.0,0.0,0.0,0.0,0.0,0.0,0.0,0.0
0,0,1.0,0.0,0.0,0.0,0.0,0.0,0.0,0.0
0,0,1.0,0.0,0.0,0.0,0.0,0.0,0.0,0.0
0,0,1.0,0.0,0.0,0.0,0.0,0.0,0.0,0.0
0,0,1.0,0.0,0.0,0.0,0.0,0.0,0.0,0.0
0,0,1.0,0.0,0.0,0.0,0.0,0.0,0.0,0.0
0,0,1.0,0.0,0.0,0.0,0.0,0.0,0.0,0.0
0,0,1.0,0.0,0.0,0.0,0.0,0.0,0.0,0.0
0,0,1.0,0.0,0.0,0.0,0.0,0.0,0.0,0.0
0,0,1.0,0.0,0.0,0.0,0.0,0.0,0.0,0.0
0,0,1.0,0.0,0.0,0.0,0.0,0.0,0.0,0.0
0,0,1.0,0.0,0.0,0.0,0.0,0.0,0.0,0.0
0,0,1.0,0.0,0.0,0.0,0.0,0.0,0.0,0.0
0,0,1.0,0.0,0.0,0.0,0.0,0.0,0.0,0.0
0,0,1.0,0.0,0.0,0.0,0.0,0.0,0.0,0.0
0,0,1.0,0.0,0.0,0.0,0.0,0.0,0.0,0.0
0,0,1.0,0.0,0.0,0.0,0.0,0.0,0.0,0.0
0,0,1.0,0.0,0.0,0.0,0.0,0.0,0.0,0.0
0,0,1.0,0.0,0.0,0.0,0.0,0.0,0.0,0.0
0,0,1.0,0.0,0.0,0.0,0.0,0.0,0.0,0.0
0,0,1.0,0.0,0.0,0.0,0.0,0.0,0.0,0.0
0,0,1.0,0.0,0.0,0.0,0.0,0.0,0.0,0.0
0,0,1.0,0.0,0.0,0.0,0.0,0.0,0.0,0.0
0,0,1.0,0.0,0.0,0.0,0.0,0.0,0.0,0.0
0,0,1.0,0.0,0.0,0.0,0.0,0.0,0.0,0.0
0,0,1.0,0.0,0.0,0.0,0.0,0.0,0.0,0.0
0,0,1.0,0.0,0.0,0.0,0.0,0.0,0.0,0.0
0,0,1.0,0.0,0.0,0.0,0.0,0.0,0.0,0.0
0,0,1.0,0.0,0.0,0.0,0.0,0.0,0.0,0.0
0,0,1.0,0.0,0.0,0.0,0.0,0.0,0.0,0.0
0,0,1.0,0.0,0.0,0.0,0.0,0.0,0.0,0.0
0,0,1.0,0.0,0.0,0.0,0.0,0.0,0.0,0.0
0,0,1.0,0.0,0.0,0.0,0.0,0.0,0.0,0.0
0,0,1.0,0.0,0.0,0.0,0.0,0.0,0.0,0.0
0,0,1.0,0.0,0.0,0.0,0.0,0.0,0.0,0.0
0,0,1.0,0.0,0.0,0.0,0.0,0.0,0.0,0.0
0,0,1.0,0.0,0.0,0.0,0.0,0.0,0.0,0.0
0,0,1.0,0.0,0.0,0.0,0.0,0.0,0.0,0.0
0,0,1.0,0.0,0.0,0.0,0.0,0.0,0.0,0.0
0,0,1.0,0.0,0.0,0.0,0.0,0.0,0.0,0.0
0,0,1.0,0.0,0.0,0.0,0.0,0.0,0.0,0.0
0,0,1.0,0.0,0.0,0.0,0.0,0.0,0.0,0.0
0,0,1.0,0.0,0.0,0.0,0.0,0.0,0.0,0.0
0,0,1.0,0.0,0.0,0.0,0.0,0.0,0.0,0.0
0,0,1.0,0.0,0.0,0.0,0.0,0.0,0.0,0.0
0,0,1.0,0.0,0.0,0.0,0.0,0.0,0.0,0.0
0,0,1.0,0.0,0.0,0.0,0.0,0.0,0.0,0.0
0,0,1.0,0.0,0.0,0.0,0.0,0.0,0.0,0.0
0,0,1.0,0.0,0.0,0.0,0.0,0.0,0.0,0.0
0,0,1.0,0.0,0.0,0.0,0.0,0.0,0.0,0.0
0,0,1.0,0.0,0.0,0.0,0.0,0.0,0.0,0.0
0,0,1.0,0.0,0.0,0.0,0.0,0.0,0.0,0.0
0,0,1.0,0.0,0.0,0.0,0.0,0.0,0.0,0.0
0,0,1.0,0.0,0.0,0.0,0.0,0.0,0.0,0.0
0,0,1.0,0.0,0.0,0.0,0.0,0.0,0.0,0.0
0,0,1.0,0.0,0.0,0.0,0.0,0.0,0.0,0.0
0,0,1.0,0.0,0.0,0.0,0.0,0.0,0.0,0.0
0,0,1.0,0.0,0.0,0.0,0.0,0.0,0.0,0.0
0,0,1.0,0.0,0.0,0.0,0.0,0.0,0.0,0.0
0,0,1.0,0.0,0.0,0.0,0.0,0.0,0.0,0.0
0,0,1.0,0.0,0.0,0.0,0.0,0.0,0.0,0.0
0,0,1.0,0.0,0.0,0.0,0.0,0.0,0.0,0.0
0,0,1.0,0.0,0.0,0.0,0.0,0.0,0.0,0.0
0,0,1.0,0.0,0.0,0.0,0.0,0.0,0.0,0.0
0,0,1.0,0.0,0.0,0.0,0.0,0.0,0.0,0.0
0,0,1.0,0.0,0.0,0.0,0.0,0.0,0.0,0.0
0,0,1.0,0.0,0.0,0.0,0.0,0.0,0.0,0.0
0,0,1.0,0.0,0.0,0.0,0.0,0.0,0.0,0.0
0,0,1.0,0.0,0.0,0.0,0.0,0.0,0.0,0.0
0,0,1.0,0.0,0.0,0.0,0.0,0.0,0.0,0.0
0,0,1.0,0.0,0.0,0.0,0.0,0.0,0.0,0.0
0,0,1.0,0.0,0.0,0.0,0.0,0.0,0.0,0.0
0,0,1.0,0.0,0.0,0.0,0.0,0.0,0.0,0.0
0,0,1.0,0.0,0.0,0.0,0.0,0.0,0.0,0.0
0,0,1.0,0.0,0.0,0.0,0.0,0.0,0.0,0.0
0,0,1.0,0.0,0.0,0.0,0.0,0.0,0.0,0.0
0,0,1.0,0.0,0.0,0.0,0.0,0.0,0.0,0.0
0,0,1.0,0.0,0.0,0.0,0.0,0.0,0.0,0.0
0,0,1.0,0.0,0.0,0.0,0.0,0.0,0.0,0.0
0,0,1.0,0.0,0.0,0.0,0.0,0.0,0.0,0.0
0,0,1.0,0.0,0.0,0.0,0.0,0.0,0.0,0.0
0,0,1.0,0.0,0.0,0.0,0.0,0.0,0.0,0.0
0,0,1.0,0.0,0.0,0.0,0.0,0.0,0.0,0.0
0,0,1.0,0.0,0.0,0.0,0.0,0.0,0.0,0.0
0,0,1.0,0.0,0.0,0.0,0.0,0.0,0.0,0.0
0,0,1.0,0.0,0.0,0.0,0.0,0.0,0.0,0.0
0,0,1.0,0.0,0.0,0.0,0.0,0.0,0.0,0.0
0,0,1.0,0.0,0.0,0.0,0.0,0.0,0.0,0.0
0,0,1.0,0.0,0.0,0.0,0.0,0.0,0.0,0.0
0,0,1.0,0.0,0.0,0.0,0.0,0.0,0.0,0.0
0,0,1.0,0.0,0.0,0.0,0.0,0.0,0.0,0.0
0,0,1.0,0.0,0.0,0.0,0.0,0.0,0.0,0.0
0,0,1.0,0.0,0.0,0.0,0.0,0.0,0.0,0.0
0,0,1.0,0.0,0.0,0.0,0.0,0.0,0.0,0.0
0,0,1.0,0.0,0.0,0.0,0.0,0.0,0.0,0.0
0,0,1.0,0.0,0.0,0.0,0.0,0.0,0.0,0.0
0,0,1.0,0.0,0.0,0.0,0.0,0.0,0.0,0.0
0,0,1.0,0.0,0.0,0.0,0.0,0.0,0.0,0.0
0,0,1.0,0.0,0.0,0.0,0.0,0.0,0.0,0.0
0,0,1.0,0.0,0.0,0.0,0.0,0.0,0.0,0.0
0,0,1.0,0.0,0.0,0.0,0.0,0.0,0.0,0.0
0,0,1.0,0.0,0.0,0.0,0.0,0.0,0.0,0.0
0,0,1.0,0.0,0.0,0.0,0.0,0.0,0.0,0.0
0,0,1.0,0.0,0.0,0.0,0.0,0.0,0.0,0.0
0,0,1.0,0.0,0.0,0.0,0.0,0.0,0.0,0.0
0,0,1.0,0.0,0.0,0.0,0.0,0.0,0.0,0.0
0,0,1.0,0.0,0.0,0.0,0.0,0.0,0.0,0.0
0,0,1.0,0.0,0.0,0.0,0.0,0.0,0.0,0.0
0,0,1.0,0.0,0.0,0.0,0.0,0.0,0.0,0.0
0,0,1.0,0.0,0.0,0.0,0.0,0.0,0.0,0.0
0,0,1.0,0.0,0.0,0.0,0.0,0.0,0.0,0.0
0,0,1.0,0.0,0.0,0.0,0.0,0.0,0.0,0.0
0,0,1.0,0.0,0.0,0.0,0.0,0.0,0.0,0.0
0,0,1.0,0.0,0.0,0.0,0.0,0.0,0.0,0.0
0,0,1.0,0.0,0.0,0.0,0.0,0.0,0.0,0.0
0,0,1.0,0.0,0.0,0.0,0.0,0.0,0.0,0.0
0,0,1.0,0.0,0.0,0.0,0.0,0.0,0.0,0.0
0,0,1.0,0.0,0.0,0.0,0.0,0.0,0.0,0.0
0,0,1.0,0.0,0.0,0.0,0.0,0.0,0.0,0.0
0,0,1.0,0.0,0.0,0.0,0.0,0.0,0.0,0.0
0,0,1.0,0.0,0.0,0.0,0.0,0.0,0.0,0.0
0,0,1.0,0.0,0.0,0.0,0.0,0.0,0.0,0.0
0,0,1.0,0.0,0.0,0.0,0.0,0.0,0.0,0.0
0,0,1.0,0.0,0.0,0.0,0.0,0.0,0.0,0.0
0,0,1.0,0.0,0.0,0.0,0.0,0.0,0.0,0.0
0,0,1.0,0.0,0.0,0.0,0.0,0.0,0.0,0.0
0,0,1.0,0.0,0.0,0.0,0.0,0.0,0.0,0.0
0,0,1.0,0.0,0.0,0.0,0.0,0.0,0.0,0.0
0,0,1.0,0.0,0.0,0.0,0.0,0.0,0.0,0.0
0,0,1.0,0.0,0.0,0.0,0.0,0.0,0.0,0.0
0,0,1.0,0.0,0.0,0.0,0.0,0.0,0.0,0.0
0,0,1.0,0.0,0.0,0.0,0.0,0.0,0.0,0.0
0,0,1.0,0.0,0.0,0.0,0.0,0.0,0.0,0.0
0,0,1.0,0.0,0.0,0.0,0.0,0.0,0.0,0.0
0,0,1.0,0.0,0.0,0.0,0.0,0.0,0.0,0.0
0,0,1.0,0.0,0.0,0.0,0.0,0.0,0.0,0.0
0,0,1.0,0.0,0.0,0.0,0.0,0.0,0.0,0.0
0,0,1.0,0.0,0.0,0.0,0.0,0.0,0.0,0.0
0,0,1.0,0.0,0.0,0.0,0.0,0.0,0.0,0.0
0,0,1.0,0.0,0.0,0.0,0.0,0.0,0.0,0.0
0,0,0.984375,0.015625,0.0,0.0,0.0,0.0,0.0,0.0
0,0,0.984375,0.015625,0.0,0.0,0.0,0.0,0.0,0.0
0,0,0.984375,0.015625,0.0,0.0,0.0,0.0,0.0,0.0
0,0,0.984375,0.015625,0.0,0.0,0.0,0.0,0.0,0.0
0,0,0.984375,0.015625,0.0,0.0,0.0,0.0,0.0,0.0
0,0,0.984375,0.015625,0.0,0.0,0.0,0.0,0.0,0.0
0,0,0.984375,0.015625,0.0,0.0,0.0,0.0,0.0,0.0
0,0,0.984375,0.015625,0.0,0.0,0.0,0.0,0.0,0.0
0,0,0.984375,0.015625,0.0,0.0,0.0,0.0,0.0,0.0
0,0,0.984375,0.015625,0.0,0.0,0.0,0.0,0.0,0.0
0,0,0.984375,0.015625,0.0,0.0,0.0,0.0,0.0,0.0
0,0,0.984375,0.015625,0.0,0.0,0.0,0.0,0.0,0.0
0,0,1.0,0.0,0.0,0.0,0.0,0.0,0.0,0.0
0,0,1.0,0.0,0.0,0.0,0.0,0.0,0.0,0.0
0,0,1.0,0.0,0.0,0.0,0.0,0.0,0.0,0.0
0,0,1.0,0.0,0.0,0.0,0.0,0.0,0.0,0.0
0,0,1.0,0.0,0.0,0.0,0.0,0.0,0.0,0.0
0,0,1.0,0.0,0.0,0.0,0.0,0.0,0.0,0.0
0,0,1.0,0.0,0.0,0.0,0.0,0.0,0.0,0.0
0,0,1.0,0.0,0.0,0.0,0.0,0.0,0.0,0.0
0,0,1.0,0.0,0.0,0.0,0.0,0.0,0.0,0.0
0,0,1.0,0.0,0.0,0.0,0.0,0.0,0.0,0.0
0,0,1.0,0.0,0.0,0.0,0.0,0.0,0.0,0.0
0,0,1.0,0.0,0.0,0.0,0.0,0.0,0.0,0.0
0,0,1.0,0.0,0.0,0.0,0.0,0.0,0.0,0.0
0,0,1.0,0.0,0.0,0.0,0.0,0.0,0.0,0.0
0,0,1.0,0.0,0.0,0.0,0.0,0.0,0.0,0.0
0,0,1.0,0.0,0.0,0.0,0.0,0.0,0.0,0.0
0,0,1.0,0.0,0.0,0.0,0.0,0.0,0.0,0.0
0,0,1.0,0.0,0.0,0.0,0.0,0.0,0.0,0.0
0,0,1.0,0.0,0.0,0.0,0.0,0.0,0.0,0.0
0,0,1.0,0.0,0.0,0.0,0.0,0.0,0.0,0.0
0,0,1.0,0.0,0.0,0.0,0.0,0.0,0.0,0.0
0,0,1.0,0.0,0.0,0.0,0.0,0.0,0.0,0.0
0,0,1.0,0.0,0.0,0.0,0.0,0.0,0.0,0.0
0,0,1.0,0.0,0.0,0.0,0.0,0.0,0.0,0.0
0,0,1.0,0.0,0.0,0.0,0.0,0.0,0.0,0.0
0,0,1.0,0.0,0.0,0.0,0.0,0.0,0.0,0.0
0,0,1.0,0.0,0.0,0.0,0.0,0.0,0.0,0.0
0,0,1.0,0.0,0.0,0.0,0.0,0.0,0.0,0.0
0,0,1.0,0.0,0.0,0.0,0.0,0.0,0.0,0.0
0,0,1.0,0.0,0.0,0.0,0.0,0.0,0.0,0.0
0,0,1.0,0.0,0.0,0.0,0.0,0.0,0.0,0.0
0,0,1.0,0.0,0.0,0.0,0.0,0.0,0.0,0.0
0,0,1.0,0.0,0.0,0.0,0.0,0.0,0.0,0.0
0,0,1.0,0.0,0.0,0.0,0.0,0.0,0.0,0.0
0,0,1.0,0.0,0.0,0.0,0.0,0.0,0.0,0.0
0,0,1.0,0.0,0.0,0.0,0.0,0.0,0.0,0.0
0,0,1.0,0.0,0.0,0.0,0.0,0.0,0.0,0.0
0,0,1.0,0.0,0.0,0.0,0.0,0.0,0.0,0.0
0,0,1.0,0.0,0.0,0.0,0.0,0.0,0.0,0.0
0,0,1.0,0.0,0.0,0.0,0.0,0.0,0.0,0.0
0,0,1.0,0.0,0.0,0.0,0.0,0.0,0.0,0.0
0,0,1.0,0.0,0.0,0.0,0.0,0.0,0.0,0.0
0,0,1.0,0.0,0.0,0.0,0.0,0.0,0.0,0.0
0,0,1.0,0.0,0.0,0.0,0.0,0.0,0.0,0.0
0,0,1.0,0.0,0.0,0.0,0.0,0.0,0.0,0.0
0,0,1.0,0.0,0.0,0.0,0.0,0.0,0.0,0.0
0,0,1.0,0.0,0.0,0.0,0.0,0.0,0.0,0.0
0,0,1.0,0.0,0.0,0.0,0.0,0.0,0.0,0.0
0,0,1.0,0.0,0.0,0.0,0.0,0.0,0.0,0.0
0,0,1.0,0.0,0.0,0.0,0.0,0.0,0.0,0.0
0,0,1.0,0.0,0.0,0.0,0.0,0.0,0.0,0.0
0,0,1.0,0.0,0.0,0.0,0.0,0.0,0.0,0.0
0,0,1.0,0.0,0.0,0.0,0.0,0.0,0.0,0.0
0,0,1.0,0.0,0.0,0.0,0.0,0.0,0.0,0.0
0,0,1.0,0.0,0.0,0.0,0.0,0.0,0.0,0.0
0,0,1.0,0.0,0.0,0.0,0.0,0.0,0.0,0.0
0,0,1.0,0.0,0.0,0.0,0.0,0.0,0.0,0.0
0,0,1.0,0.0,0.0,0.0,0.0,0.0,0.0,0.0
0,0,1.0,0.0,0.0,0.0,0.0,0.0,0.0,0.0
0,0,1.0,0.0,0.0,0.0,0.0,0.0,0.0,0.0
0,0,1.0,0.0,0.0,0.0,0.0,0.0,0.0,0.0
0,0,1.0,0.0,0.0,0.0,0.0,0.0,0.0,0.0
0,0,1.0,0.0,0.0,0.0,0.0,0.0,0.0,0.0
0,0,1.0,0.0,0.0,0.0,0.0,0.0,0.0,0.0
0,0,1.0,0.0,0.0,0.0,0.0,0.0,0.0,0.0
0,0,1.0,0.0,0.0,0.0,0.0,0.0,0.0,0.0
0,0,1.0,0.0,0.0,0.0,0.0,0.0,0.0,0.0
0,0,1.0,0.0,0.0,0.0,0.0,0.0,0.0,0.0
0,0,1.0,0.0,0.0,0.0,0.0,0.0,0.0,0.0
0,0,1.0,0.0,0.0,0.0,0.0,0.0,0.0,0.0
0,0,1.0,0.0,0.0,0.0,0.0,0.0,0.0,0.0
0,0,1.0,0.0,0.0,0.0,0.0,0.0,0.0,0.0
0,0,1.0,0.0,0.0,0.0,0.0,0.0,0.0,0.0
0,0,1.0,0.0,0.0,0.0,0.0,0.0,0.0,0.0
0,0,1.0,0.0,0.0,0.0,0.0,0.0,0.0,0.0
0,0,1.0,0.0,0.0,0.0,0.0,0.0,0.0,0.0
0,0,1.0,0.0,0.0,0.0,0.0,0.0,0.0,0.0
0,0,1.0,0.0,0.0,0.0,0.0,0.0,0.0,0.0
0,0,1.0,0.0,0.0,0.0,0.0,0.0,0.0,0.0
0,0,1.0,0.0,0.0,0.0,0.0,0.0,0.0,0.0
0,0,1.0,0.0,0.0,0.0,0.0,0.0,0.0,0.0
0,0,1.0,0.0,0.0,0.0,0.0,0.0,0.0,0.0
0,0,1.0,0.0,0.0,0.0,0.0,0.0,0.0,0.0
0,0,1.0,0.0,0.0,0.0,0.0,0.0,0.0,0.0
0,0,1.0,0.0,0.0,0.0,0.0,0.0,0.0,0.0
0,0,1.0,0.0,0.0,0.0,0.0,0.0,0.0,0.0
0,0,1.0,0.0,0.0,0.0,0.0,0.0,0.0,0.0
0,0,1.0,0.0,0.0,0.0,0.0,0.0,0.0,0.0
0,0,1.0,0.0,0.0,0.0,0.0,0.0,0.0,0.0
0,0,1.0,0.0,0.0,0.0,0.0,0.0,0.0,0.0
0,0,1.0,0.0,0.0,0.0,0.0,0.0,0.0,0.0
0,0,1.0,0.0,0.0,0.0,0.0,0.0,0.0,0.0
0,0,1.0,0.0,0.0,0.0,0.0,0.0,0.0,0.0
0,0,1.0,0.0,0.0,0.0,0.0,0.0,0.0,0.0
0,0,1.0,0.0,0.0,0.0,0.0,0.0,0.0,0.0
0,0,1.0,0.0,0.0,0.0,0.0,0.0,0.0,0.0
0,0,1.0,0.0,0.0,0.0,0.0,0.0,0.0,0.0
0,0,1.0,0.0,0.0,0.0,0.0,0.0,0.0,0.0
0,0,1.0,0.0,0.0,0.0,0.0,0.0,0.0,0.0
0,0,1.0,0.0,0.0,0.0,0.0,0.0,0.0,0.0
0,0,1.0,0.0,0.0,0.0,0.0,0.0,0.0,0.0
0,0,1.0,0.0,0.0,0.0,0.0,0.0,0.0,0.0
0,0,1.0,0.0,0.0,0.0,0.0,0.0,0.0,0.0
0,0,1.0,0.0,0.0,0.0,0.0,0.0,0.0,0.0
0,0,1.0,0.0,0.0,0.0,0.0,0.0,0.0,0.0
0,0,1.0,0.0,0.0,0.0,0.0,0.0,0.0,0.0
0,0,1.0,0.0,0.0,0.0,0.0,0.0,0.0,0.0
0,0,1.0,0.0,0.0,0.0,0.0,0.0,0.0,0.0
0,0,1.0,0.0,0.0,0.0,0.0,0.0,0.0,0.0
0,0,1.0,0.0,0.0,0.0,0.0,0.0,0.0,0.0
0,0,1.0,0.0,0.0,0.0,0.0,0.0,0.0,0.0
0,0,1.0,0.0,0.0,0.0,0.0,0.0,0.0,0.0
0,0,1.0,0.0,0.0,0.0,0.0,0.0,0.0,0.0
0,0,1.0,0.0,0.0,0.0,0.0,0.0,0.0,0.0
0,0,1.0,0.0,0.0,0.0,0.0,0.0,0.0,0.0
0,0,1.0,0.0,0.0,0.0,0.0,0.0,0.0,0.0
0,0,1.0,0.0,0.0,0.0,0.0,0.0,0.0,0.0
0,0,1.0,0.0,0.0,0.0,0.0,0.0,0.0,0.0
0,0,1.0,0.0,0.0,0.0,0.0,0.0,0.0,0.0
0,0,1.0,0.0,0.0,0.0,0.0,0.0,0.0,0.0
0,0,1.0,0.0,0.0,0.0,0.0,0.0,0.0,0.0
0,0,1.0,0.0,0.0,0.0,0.0,0.0,0.0,0.0
0,0,1.0,0.0,0.0,0.0,0.0,0.0,0.0,0.0
0,0,1.0,0.0,0.0,0.0,0.0,0.0,0.0,0.0
0,0,1.0,0.0,0.0,0.0,0.0,0.0,0.0,0.0
0,0,1.0,0.0,0.0,0.0,0.0,0.0,0.0,0.0
0,0,1.0,0.0,0.0,0.0,0.0,0.0,0.0,0.0
0,0,1.0,0.0,0.0,0.0,0.0,0.0,0.0,0.0
0,0,1.0,0.0,0.0,0.0,0.0,0.0,0.0,0.0
0,0,1.0,0.0,0.0,0.0,0.0,0.0,0.0,0.0
0,0,1.0,0.0,0.0,0.0,0.0,0.0,0.0,0.0
0,0,1.0,0.0,0.0,0.0,0.0,0.0,0.0,0.0
0,0,1.0,0.0,0.0,0.0,0.0,0.0,0.0,0.0
0,0,1.0,0.0,0.0,0.0,0.0,0.0,0.0,0.0
0,0,1.0,0.0,0.0,0.0,0.0,0.0,0.0,0.0
0,0,1.0,0.0,0.0,0.0,0.0,0.0,0.0,0.0
0,0,1.0,0.0,0.0,0.0,0.0,0.0,0.0,0.0
0,0,1.0,0.0,0.0,0.0,0.0,0.0,0.0,0.0
0,0,1.0,0.0,0.0,0.0,0.0,0.0,0.0,0.0
0,0,1.0,0.0,0.0,0.0,0.0,0.0,0.0,0.0
0,0,1.0,0.0,0.0,0.0,0.0,0.0,0.0,0.0
0,0,1.0,0.0,0.0,0.0,0.0,0.0,0.0,0.0
0,0,1.0,0.0,0.0,0.0,0.0,0.0,0.0,0.0
0,0,1.0,0.0,0.0,0.0,0.0,0.0,0.0,0.0
0,0,1.0,0.0,0.0,0.0,0.0,0.0,0.0,0.0
0,0,1.0,0.0,0.0,0.0,0.0,0.0,0.0,0.0
0,0,1.0,0.0,0.0,0.0,0.0,0.0,0.0,0.0
0,0,1.0,0.0,0.0,0.0,0.0,0.0,0.0,0.0
0,0,1.0,0.0,0.0,0.0,0.0,0.0,0.0,0.0
0,0,1.0,0.0,0.0,0.0,0.0,0.0,0.0,0.0
0,0,1.0,0.0,0.0,0.0,0.0,0.0,0.0,0.0
0,0,1.0,0.0,0.0,0.0,0.0,0.0,0.0,0.0
0,0,1.0,0.0,0.0,0.0,0.0,0.0,0.0,0.0
0,0,1.0,0.0,0.0,0.0,0.0,0.0,0.0,0.0
0,0,1.0,0.0,0.0,0.0,0.0,0.0,0.0,0.0
0,0,1.0,0.0,0.0,0.0,0.0,0.0,0.0,0.0
0,0,1.0,0.0,0.0,0.0,0.0,0.0,0.0,0.0
0,0,1.0,0.0,0.0,0.0,0.0,0.0,0.0,0.0
0,0,1.0,0.0,0.0,0.0,0.0,0.0,0.0,0.0
0,0,1.0,0.0,0.0,0.0,0.0,0.0,0.0,0.0
0,0,1.0,0.0,0.0,0.0,0.0,0.0,0.0,0.0
0,0,1.0,0.0,0.0,0.0,0.0,0.0,0.0,0.0
0,0,1.0,0.0,0.0,0.0,0.0,0.0,0.0,0.0
0,0,1.0,0.0,0.0,0.0,0.0,0.0,0.0,0.0
0,0,1.0,0.0,0.0,0.0,0.0,0.0,0.0,0.0
0,0,1.0,0.0,0.0,0.0,0.0,0.0,0.0,0.0
0,0,1.0,0.0,0.0,0.0,0.0,0.0,0.0,0.0
0,0,1.0,0.0,0.0,0.0,0.0,0.0,0.0,0.0
0,0,1.0,0.0,0.0,0.0,0.0,0.0,0.0,0.0
0,0,1.0,0.0,0.0,0.0,0.0,0.0,0.0,0.0
0,0,1.0,0.0,0.0,0.0,0.0,0.0,0.0,0.0
0,0,1.0,0.0,0.0,0.0,0.0,0.0,0.0,0.0
0,0,1.0,0.0,0.0,0.0,0.0,0.0,0.0,0.0
0,0,1.0,0.0,0.0,0.0,0.0,0.0,0.0,0.0
0,0,1.0,0.0,0.0,0.0,0.0,0.0,0.0,0.0
0,0,1.0,0.0,0.0,0.0,0.0,0.0,0.0,0.0
0,0,1.0,0.0,0.0,0.0,0.0,0.0,0.0,0.0
0,0,1.0,0.0,0.0,0.0,0.0,0.0,0.0,0.0
0,0,1.0,0.0,0.0,0.0,0.0,0.0,0.0,0.0
0,0,1.0,0.0,0.0,0.0,0.0,0.0,0.0,0.0
0,0,1.0,0.0,0.0,0.0,0.0,0.0,0.0,0.0
0,0,1.0,0.0,0.0,0.0,0.0,0.0,0.0,0.0
0,0,1.0,0.0,0.0,0.0,0.0,0.0,0.0,0.0
0,0,1.0,0.0,0.0,0.0,0.0,0.0,0.0,0.0
0,0,1.0,0.0,0.0,0.0,0.0,0.0,0.0,0.0
0,0,1.0,0.0,0.0,0.0,0.0,0.0,0.0,0.0
0,0,1.0,0.0,0.0,0.0,0.0,0.0,0.0,0.0
0,0,1.0,0.0,0.0,0.0,0.0,0.0,0.0,0.0
0,0,1.0,0.0,0.0,0.0,0.0,0.0,0.0,0.0
0,0,1.0,0.0,0.0,0.0,0.0,0.0,0.0,0.0
0,0,1.0,0.0,0.0,0.0,0.0,0.0,0.0,0.0
0,0,1.0,0.0,0.0,0.0,0.0,0.0,0.0,0.0
0,0,1.0,0.0,0.0,0.0,0.0,0.0,0.0,0.0
0,0,1.0,0.0,0.0,0.0,0.0,0.0,0.0,0.0
0,0,1.0,0.0,0.0,0.0,0.0,0.0,0.0,0.0
0,0,1.0,0.0,0.0,0.0,0.0,0.0,0.0,0.0
0,0,1.0,0.0,0.0,0.0,0.0,0.0,0.0,0.0
0,0,1.0,0.0,0.0,0.0,0.0,0.0,0.0,0.0
0,0,1.0,0.0,0.0,0.0,0.0,0.0,0.0,0.0
0,0,1.0,0.0,0.0,0.0,0.0,0.0,0.0,0.0
0,0,1.0,0.0,0.0,0.0,0.0,0.0,0.0,0.0
0,0,1.0,0.0,0.0,0.0,0.0,0.0,0.0,0.0
0,0,1.0,0.0,0.0,0.0,0.0,0.0,0.0,0.0
0,0,1.0,0.0,0.0,0.0,0.0,0.0,0.0,0.0
0,0,1.0,0.0,0.0,0.0,0.0,0.0,0.0,0.0
0,0,1.0,0.0,0.0,0.0,0.0,0.0,0.0,0.0
0,0,1.0,0.0,0.0,0.0,0.0,0.0,0.0,0.0
0,0,1.0,0.0,0.0,0.0,0.0,0.0,0.0,0.0
0,0,0.984375,0.0,0.0,0.0,0.015625,0.0,0.0,0.0
0,0,0.984375,0.0,0.0,0.0,0.015625,0.0,0.0,0.0
0,0,0.984375,0.0,0.0,0.0,0.015625,0.0,0.0,0.0
0,0,0.984375,0.0,0.0,0.0,0.015625,0.0,0.0,0.0
0,0,0.984375,0.0,0.0,0.0,0.015625,0.0,0.0,0.0
0,0,0.984375,0.0,0.0,0.0,0.015625,0.0,0.0,0.0
0,0,0.984375,0.0,0.0,0.0,0.015625,0.0,0.0,0.0
0,0,0.984375,0.0,0.0,0.0,0.015625,0.0,0.0,0.0
0,0,0.984375,0.0,0.0,0.0,0.015625,0.0,0.0,0.0
0,0,0.984375,0.0,0.0,0.0,0.015625,0.0,0.0,0.0
0,0,0.984375,0.0,0.0,0.0,0.015625,0.0,0.0,0.0
0,0,0.984375,0.0,0.0,0.0,0.015625,0.0,0.0,0.0
0,0,0.984375,0.0,0.0,0.0,0.015625,0.0,0.0,0.0
0,0,0.984375,0.0,0.0,0.0,0.015625,0.0,0.0,0.0
0,0,0.984375,0.0,0.0,0.0,0.015625,0.0,0.0,0.0
0,0,0.984375,0.0,0.0,0.0,0.015625,0.0,0.0,0.0
0,0,0.984375,0.0,0.0,0.0,0.015625,0.0,0.0,0.0
0,0,0.984375,0.0,0.0,0.0,0.015625,0.0,0.0,0.0
0,0,0.984375,0.0,0.0,0.0,0.015625,0.0,0.0,0.0
0,0,0.984375,0.0,0.0,0.0,0.015625,0.0,0.0,0.0
0,0,1.0,0.0,0.0,0.0,0.0,0.0,0.0,0.0
0,0,1.0,0.0,0.0,0.0,0.0,0.0,0.0,0.0
0,0,1.0,0.0,0.0,0.0,0.0,0.0,0.0,0.0
0,0,1.0,0.0,0.0,0.0,0.0,0.0,0.0,0.0
0,0,1.0,0.0,0.0,0.0,0.0,0.0,0.0,0.0
0,0,1.0,0.0,0.0,0.0,0.0,0.0,0.0,0.0
0,0,1.0,0.0,0.0,0.0,0.0,0.0,0.0,0.0
0,0,1.0,0.0,0.0,0.0,0.0,0.0,0.0,0.0
0,0,1.0,0.0,0.0,0.0,0.0,0.0,0.0,0.0
0,0,1.0,0.0,0.0,0.0,0.0,0.0,0.0,0.0
0,0,1.0,0.0,0.0,0.0,0.0,0.0,0.0,0.0
0,0,1.0,0.0,0.0,0.0,0.0,0.0,0.0,0.0
0,0,1.0,0.0,0.0,0.0,0.0,0.0,0.0,0.0
0,0,1.0,0.0,0.0,0.0,0.0,0.0,0.0,0.0
0,0,1.0,0.0,0.0,0.0,0.0,0.0,0.0,0.0
0,0,1.0,0.0,0.0,0.0,0.0,0.0,0.0,0.0
0,0,1.0,0.0,0.0,0.0,0.0,0.0,0.0,0.0
0,0,1.0,0.0,0.0,0.0,0.0,0.0,0.0,0.0
0,0,1.0,0.0,0.0,0.0,0.0,0.0,0.0,0.0
0,0,1.0,0.0,0.0,0.0,0.0,0.0,0.0,0.0
0,0,1.0,0.0,0.0,0.0,0.0,0.0,0.0,0.0
0,0,1.0,0.0,0.0,0.0,0.0,0.0,0.0,0.0
0,0,1.0,0.0,0.0,0.0,0.0,0.0,0.0,0.0
0,0,1.0,0.0,0.0,0.0,0.0,0.0,0.0,0.0
0,0,1.0,0.0,0.0,0.0,0.0,0.0,0.0,0.0
0,0,1.0,0.0,0.0,0.0,0.0,0.0,0.0,0.0
0,0,1.0,0.0,0.0,0.0,0.0,0.0,0.0,0.0
0,0,1.0,0.0,0.0,0.0,0.0,0.0,0.0,0.0
0,0,1.0,0.0,0.0,0.0,0.0,0.0,0.0,0.0
0,0,1.0,0.0,0.0,0.0,0.0,0.0,0.0,0.0
0,0,1.0,0.0,0.0,0.0,0.0,0.0,0.0,0.0
0,0,1.0,0.0,0.0,0.0,0.0,0.0,0.0,0.0
0,0,1.0,0.0,0.0,0.0,0.0,0.0,0.0,0.0
0,0,1.0,0.0,0.0,0.0,0.0,0.0,0.0,0.0
0,0,1.0,0.0,0.0,0.0,0.0,0.0,0.0,0.0
0,0,1.0,0.0,0.0,0.0,0.0,0.0,0.0,0.0
0,0,1.0,0.0,0.0,0.0,0.0,0.0,0.0,0.0
0,0,1.0,0.0,0.0,0.0,0.0,0.0,0.0,0.0
0,0,1.0,0.0,0.0,0.0,0.0,0.0,0.0,0.0
0,0,1.0,0.0,0.0,0.0,0.0,0.0,0.0,0.0
0,0,1.0,0.0,0.0,0.0,0.0,0.0,0.0,0.0
0,0,1.0,0.0,0.0,0.0,0.0,0.0,0.0,0.0
0,0,1.0,0.0,0.0,0.0,0.0,0.0,0.0,0.0
0,0,1.0,0.0,0.0,0.0,0.0,0.0,0.0,0.0
0,0,1.0,0.0,0.0,0.0,0.0,0.0,0.0,0.0
0,0,1.0,0.0,0.0,0.0,0.0,0.0,0.0,0.0
0,0,1.0,0.0,0.0,0.0,0.0,0.0,0.0,0.0
0,0,1.0,0.0,0.0,0.0,0.0,0.0,0.0,0.0
0,0,1.0,0.0,0.0,0.0,0.0,0.0,0.0,0.0
0,0,1.0,0.0,0.0,0.0,0.0,0.0,0.0,0.0
0,0,1.0,0.0,0.0,0.0,0.0,0.0,0.0,0.0
0,0,1.0,0.0,0.0,0.0,0.0,0.0,0.0,0.0
0,0,1.0,0.0,0.0,0.0,0.0,0.0,0.0,0.0
0,0,1.0,0.0,0.0,0.0,0.0,0.0,0.0,0.0
0,0,1.0,0.0,0.0,0.0,0.0,0.0,0.0,0.0
0,0,1.0,0.0,0.0,0.0,0.0,0.0,0.0,0.0
0,0,1.0,0.0,0.0,0.0,0.0,0.0,0.0,0.0
0,0,1.0,0.0,0.0,0.0,0.0,0.0,0.0,0.0
0,0,1.0,0.0,0.0,0.0,0.0,0.0,0.0,0.0
0,0,1.0,0.0,0.0,0.0,0.0,0.0,0.0,0.0
0,0,1.0,0.0,0.0,0.0,0.0,0.0,0.0,0.0
0,0,1.0,0.0,0.0,0.0,0.0,0.0,0.0,0.0
0,0,1.0,0.0,0.0,0.0,0.0,0.0,0.0,0.0
0,0,1.0,0.0,0.0,0.0,0.0,0.0,0.0,0.0
0,0,1.0,0.0,0.0,0.0,0.0,0.0,0.0,0.0
0,0,1.0,0.0,0.0,0.0,0.0,0.0,0.0,0.0
0,0,1.0,0.0,0.0,0.0,0.0,0.0,0.0,0.0
0,0,1.0,0.0,0.0,0.0,0.0,0.0,0.0,0.0
0,0,1.0,0.0,0.0,0.0,0.0,0.0,0.0,0.0
0,0,1.0,0.0,0.0,0.0,0.0,0.0,0.0,0.0
0,0,1.0,0.0,0.0,0.0,0.0,0.0,0.0,0.0
0,0,1.0,0.0,0.0,0.0,0.0,0.0,0.0,0.0
0,0,1.0,0.0,0.0,0.0,0.0,0.0,0.0,0.0
0,0,1.0,0.0,0.0,0.0,0.0,0.0,0.0,0.0
0,0,1.0,0.0,0.0,0.0,0.0,0.0,0.0,0.0
0,0,1.0,0.0,0.0,0.0,0.0,0.0,0.0,0.0
0,0,1.0,0.0,0.0,0.0,0.0,0.0,0.0,0.0
0,0,1.0,0.0,0.0,0.0,0.0,0.0,0.0,0.0
0,0,1.0,0.0,0.0,0.0,0.0,0.0,0.0,0.0
0,0,1.0,0.0,0.0,0.0,0.0,0.0,0.0,0.0
0,0,1.0,0.0,0.0,0.0,0.0,0.0,0.0,0.0
0,0,1.0,0.0,0.0,0.0,0.0,0.0,0.0,0.0
0,0,1.0,0.0,0.0,0.0,0.0,0.0,0.0,0.0
0,0,1.0,0.0,0.0,0.0,0.0,0.0,0.0,0.0
0,0,1.0,0.0,0.0,0.0,0.0,0.0,0.0,0.0
0,0,1.0,0.0,0.0,0.0,0.0,0.0,0.0,0.0
0,0,1.0,0.0,0.0,0.0,0.0,0.0,0.0,0.0
0,0,1.0,0.0,0.0,0.0,0.0,0.0,0.0,0.0
0,0,1.0,0.0,0.0,0.0,0.0,0.0,0.0,0.0
0,0,1.0,0.0,0.0,0.0,0.0,0.0,0.0,0.0
0,0,1.0,0.0,0.0,0.0,0.0,0.0,0.0,0.0
0,0,1.0,0.0,0.0,0.0,0.0,0.0,0.0,0.0
0,0,1.0,0.0,0.0,0.0,0.0,0.0,0.0,0.0
0,0,1.0,0.0,0.0,0.0,0.0,0.0,0.0,0.0
0,0,1.0,0.0,0.0,0.0,0.0,0.0,0.0,0.0
0,0,1.0,0.0,0.0,0.0,0.0,0.0,0.0,0.0
0,0,1.0,0.0,0.0,0.0,0.0,0.0,0.0,0.0
0,0,1.0,0.0,0.0,0.0,0.0,0.0,0.0,0.0
0,0,1.0,0.0,0.0,0.0,0.0,0.0,0.0,0.0
0,0,1.0,0.0,0.0,0.0,0.0,0.0,0.0,0.0
0,0,1.0,0.0,0.0,0.0,0.0,0.0,0.0,0.0
0,0,1.0,0.0,0.0,0.0,0.0,0.0,0.0,0.0
0,0,1.0,0.0,0.0,0.0,0.0,0.0,0.0,0.0
0,0,1.0,0.0,0.0,0.0,0.0,0.0,0.0,0.0
0,0,1.0,0.0,0.0,0.0,0.0,0.0,0.0,0.0
0,0,1.0,0.0,0.0,0.0,0.0,0.0,0.0,0.0
0,0,1.0,0.0,0.0,0.0,0.0,0.0,0.0,0.0
0,0,1.0,0.0,0.0,0.0,0.0,0.0,0.0,0.0
0,0,0.984375,0.015625,0.0,0.0,0.0,0.0,0.0,0.0
0,0,0.984375,0.015625,0.0,0.0,0.0,0.0,0.0,0.0
0,0,0.984375,0.015625,0.0,0.0,0.0,0.0,0.0,0.0
0,0,0.984375,0.015625,0.0,0.0,0.0,0.0,0.0,0.0
0,0,0.984375,0.015625,0.0,0.0,0.0,0.0,0.0,0.0
0,0,0.984375,0.015625,0.0,0.0,0.0,0.0,0.0,0.0
0,0,0.984375,0.015625,0.0,0.0,0.0,0.0,0.0,0.0
0,0,0.984375,0.015625,0.0,0.0,0.0,0.0,0.0,0.0
0,0,0.984375,0.015625,0.0,0.0,0.0,0.0,0.0,0.0
0,0,0.984375,0.015625,0.0,0.0,0.0,0.0,0.0,0.0
0,0,0.984375,0.015625,0.0,0.0,0.0,0.0,0.0,0.0
0,0,0.984375,0.015625,0.0,0.0,0.0,0.0,0.0,0.0
0,0,0.984375,0.015625,0.0,0.0,0.0,0.0,0.0,0.0
0,0,0.984375,0.015625,0.0,0.0,0.0,0.0,0.0,0.0
0,0,0.984375,0.015625,0.0,0.0,0.0,0.0,0.0,0.0
0,0,0.984375,0.015625,0.0,0.0,0.0,0.0,0.0,0.0
0,0,0.984375,0.015625,0.0,0.0,0.0,0.0,0.0,0.0
0,0,0.984375,0.015625,0.0,0.0,0.0,0.0,0.0,0.0
0,0,0.984375,0.015625,0.0,0.0,0.0,0.0,0.0,0.0
0,0,0.984375,0.015625,0.0,0.0,0.0,0.0,0.0,0.0
0,0,0.984375,0.015625,0.0,0.0,0.0,0.0,0.0,0.0
0,0,0.984375,0.015625,0.0,0.0,0.0,0.0,0.0,0.0
0,0,0.984375,0.015625,0.0,0.0,0.0,0.0,0.0,0.0
0,0,0.984375,0.015625,0.0,0.0,0.0,0.0,0.0,0.0
0,0,0.96875,0.03125,0.0,0.0,0.0,0.0,0.0,0.0
0,0,0.96875,0.03125,0.0,0.0,0.0,0.0,0.0,0.0
0,0,0.96875,0.03125,0.0,0.0,0.0,0.0,0.0,0.0
0,0,0.96875,0.03125,0.0,0.0,0.0,0.0,0.0,0.0
0,0,0.96875,0.03125,0.0,0.0,0.0,0.0,0.0,0.0
0,0,0.96875,0.03125,0.0,0.0,0.0,0.0,0.0,0.0
0,0,0.96875,0.03125,0.0,0.0,0.0,0.0,0.0,0.0
0,0,0.96875,0.03125,0.0,0.0,0.0,0.0,0.0,0.0
0,0,0.96875,0.03125,0.0,0.0,0.0,0.0,0.0,0.0
0,0,0.96875,0.03125,0.0,0.0,0.0,0.0,0.0,0.0
0,0,0.96875,0.03125,0.0,0.0,0.0,0.0,0.0,0.0
0,0,0.96875,0.03125,0.0,0.0,0.0,0.0,0.0,0.0
0,0,0.96875,0.03125,0.0,0.0,0.0,0.0,0.0,0.0
0,0,0.96875,0.03125,0.0,0.0,0.0,0.0,0.0,0.0
0,0,0.96875,0.03125,0.0,0.0,0.0,0.0,0.0,0.0
0,0,0.96875,0.03125,0.0,0.0,0.0,0.0,0.0,0.0
0,0,0.96875,0.03125,0.0,0.0,0.0,0.0,0.0,0.0
0,0,0.96875,0.03125,0.0,0.0,0.0,0.0,0.0,0.0
0,0,0.96875,0.03125,0.0,0.0,0.0,0.0,0.0,0.0
0,0,0.96875,0.03125,0.0,0.0,0.0,0.0,0.0,0.0
0,0,0.96875,0.03125,0.0,0.0,0.0,0.0,0.0,0.0
0,0,0.96875,0.03125,0.0,0.0,0.0,0.0,0.0,0.0
0,0,0.96875,0.03125,0.0,0.0,0.0,0.0,0.0,0.0
0,0,0.96875,0.03125,0.0,0.0,0.0,0.0,0.0,0.0
0,0,0.96875,0.03125,0.0,0.0,0.0,0.0,0.0,0.0
0,0,0.96875,0.03125,0.0,0.0,0.0,0.0,0.0,0.0
0,0,0.96875,0.03125,0.0,0.0,0.0,0.0,0.0,0.0
0,0,0.96875,0.03125,0.0,0.0,0.0,0.0,0.0,0.0
0,0,0.96875,0.03125,0.0,0.0,0.0,0.0,0.0,0.0
0,0,0.96875,0.03125,0.0,0.0,0.0,0.0,0.0,0.0
0,0,0.96875,0.03125,0.0,0.0,0.0,0.0,0.0,0.0
0,0,0.96875,0.03125,0.0,0.0,0.0,0.0,0.0,0.0
0,0,0.96875,0.03125,0.0,0.0,0.0,0.0,0.0,0.0
0,0,0.96875,0.03125,0.0,0.0,0.0,0.0,0.0,0.0
0,0,0.96875,0.03125,0.0,0.0,0.0,0.0,0.0,0.0
0,0,0.96875,0.03125,0.0,0.0,0.0,0.0,0.0,0.0
0,0,0.96875,0.03125,0.0,0.0,0.0,0.0,0.0,0.0
0,0,0.96875,0.03125,0.0,0.0,0.0,0.0,0.0,0.0
0,0,0.96875,0.03125,0.0,0.0,0.0,0.0,0.0,0.0
0,0,0.96875,0.03125,0.0,0.0,0.0,0.0,0.0,0.0
0,0,0.96875,0.03125,0.0,0.0,0.0,0.0,0.0,0.0
0,0,0.96875,0.03125,0.0,0.0,0.0,0.0,0.0,0.0
0,0,0.96875,0.03125,0.0,0.0,0.0,0.0,0.0,0.0
0,0,0.96875,0.03125,0.0,0.0,0.0,0.0,0.0,0.0
0,0,0.96875,0.03125,0.0,0.0,0.0,0.0,0.0,0.0
0,0,0.96875,0.03125,0.0,0.0,0.0,0.0,0.0,0.0
0,0,0.96875,0.03125,0.0,0.0,0.0,0.0,0.0,0.0
0,0,0.96875,0.03125,0.0,0.0,0.0,0.0,0.0,0.0
0,0,0.984375,0.015625,0.0,0.0,0.0,0.0,0.0,0.0
0,0,0.984375,0.015625,0.0,0.0,0.0,0.0,0.0,0.0
0,0,0.984375,0.015625,0.0,0.0,0.0,0.0,0.0,0.0
0,0,0.984375,0.015625,0.0,0.0,0.0,0.0,0.0,0.0
0,0,0.984375,0.015625,0.0,0.0,0.0,0.0,0.0,0.0
0,0,0.984375,0.015625,0.0,0.0,0.0,0.0,0.0,0.0
0,0,0.984375,0.015625,0.0,0.0,0.0,0.0,0.0,0.0
0,0,0.984375,0.015625,0.0,0.0,0.0,0.0,0.0,0.0
0,0,0.984375,0.015625,0.0,0.0,0.0,0.0,0.0,0.0
0,0,0.984375,0.015625,0.0,0.0,0.0,0.0,0.0,0.0
0,0,0.984375,0.015625,0.0,0.0,0.0,0.0,0.0,0.0
0,0,0.984375,0.015625,0.0,0.0,0.0,0.0,0.0,0.0
0,0,1.0,0.0,0.0,0.0,0.0,0.0,0.0,0.0
0,0,1.0,0.0,0.0,0.0,0.0,0.0,0.0,0.0
0,0,1.0,0.0,0.0,0.0,0.0,0.0,0.0,0.0
0,0,1.0,0.0,0.0,0.0,0.0,0.0,0.0,0.0
0,0,1.0,0.0,0.0,0.0,0.0,0.0,0.0,0.0
0,0,1.0,0.0,0.0,0.0,0.0,0.0,0.0,0.0
0,0,1.0,0.0,0.0,0.0,0.0,0.0,0.0,0.0
0,0,1.0,0.0,0.0,0.0,0.0,0.0,0.0,0.0
0,0,1.0,0.0,0.0,0.0,0.0,0.0,0.0,0.0
0,0,1.0,0.0,0.0,0.0,0.0,0.0,0.0,0.0
0,0,1.0,0.0,0.0,0.0,0.0,0.0,0.0,0.0
0,0,1.0,0.0,0.0,0.0,0.0,0.0,0.0,0.0
0,0,1.0,0.0,0.0,0.0,0.0,0.0,0.0,0.0
0,0,1.0,0.0,0.0,0.0,0.0,0.0,0.0,0.0
0,0,1.0,0.0,0.0,0.0,0.0,0.0,0.0,0.0
0,0,1.0,0.0,0.0,0.0,0.0,0.0,0.0,0.0
0,0,1.0,0.0,0.0,0.0,0.0,0.0,0.0,0.0
0,0,1.0,0.0,0.0,0.0,0.0,0.0,0.0,0.0
0,0,1.0,0.0,0.0,0.0,0.0,0.0,0.0,0.0
0,0,1.0,0.0,0.0,0.0,0.0,0.0,0.0,0.0
0,0,1.0,0.0,0.0,0.0,0.0,0.0,0.0,0.0
0,0,1.0,0.0,0.0,0.0,0.0,0.0,0.0,0.0
0,0,1.0,0.0,0.0,0.0,0.0,0.0,0.0,0.0
0,0,1.0,0.0,0.0,0.0,0.0,0.0,0.0,0.0
0,0,1.0,0.0,0.0,0.0,0.0,0.0,0.0,0.0
0,0,1.0,0.0,0.0,0.0,0.0,0.0,0.0,0.0
0,0,1.0,0.0,0.0,0.0,0.0,0.0,0.0,0.0
0,0,1.0,0.0,0.0,0.0,0.0,0.0,0.0,0.0
0,0,1.0,0.0,0.0,0.0,0.0,0.0,0.0,0.0
0,0,1.0,0.0,0.0,0.0,0.0,0.0,0.0,0.0
0,0,1.0,0.0,0.0,0.0,0.0,0.0,0.0,0.0
0,0,1.0,0.0,0.0,0.0,0.0,0.0,0.0,0.0
0,0,1.0,0.0,0.0,0.0,0.0,0.0,0.0,0.0
0,0,1.0,0.0,0.0,0.0,0.0,0.0,0.0,0.0
0,0,1.0,0.0,0.0,0.0,0.0,0.0,0.0,0.0
0,0,1.0,0.0,0.0,0.0,0.0,0.0,0.0,0.0
0,0,1.0,0.0,0.0,0.0,0.0,0.0,0.0,0.0
0,0,1.0,0.0,0.0,0.0,0.0,0.0,0.0,0.0
0,0,1.0,0.0,0.0,0.0,0.0,0.0,0.0,0.0
0,0,1.0,0.0,0.0,0.0,0.0,0.0,0.0,0.0
0,0,1.0,0.0,0.0,0.0,0.0,0.0,0.0,0.0
0,0,1.0,0.0,0.0,0.0,0.0,0.0,0.0,0.0
0,0,1.0,0.0,0.0,0.0,0.0,0.0,0.0,0.0
0,0,1.0,0.0,0.0,0.0,0.0,0.0,0.0,0.0
0,0,1.0,0.0,0.0,0.0,0.0,0.0,0.0,0.0
0,0,1.0,0.0,0.0,0.0,0.0,0.0,0.0,0.0
0,0,1.0,0.0,0.0,0.0,0.0,0.0,0.0,0.0
0,0,1.0,0.0,0.0,0.0,0.0,0.0,0.0,0.0
0,0,1.0,0.0,0.0,0.0,0.0,0.0,0.0,0.0
0,0,1.0,0.0,0.0,0.0,0.0,0.0,0.0,0.0
0,0,1.0,0.0,0.0,0.0,0.0,0.0,0.0,0.0
0,0,1.0,0.0,0.0,0.0,0.0,0.0,0.0,0.0
0,0,1.0,0.0,0.0,0.0,0.0,0.0,0.0,0.0
0,0,1.0,0.0,0.0,0.0,0.0,0.0,0.0,0.0
0,0,1.0,0.0,0.0,0.0,0.0,0.0,0.0,0.0
0,0,1.0,0.0,0.0,0.0,0.0,0.0,0.0,0.0
0,0,1.0,0.0,0.0,0.0,0.0,0.0,0.0,0.0
0,0,1.0,0.0,0.0,0.0,0.0,0.0,0.0,0.0
0,0,1.0,0.0,0.0,0.0,0.0,0.0,0.0,0.0
0,0,1.0,0.0,0.0,0.0,0.0,0.0,0.0,0.0
0,0,1.0,0.0,0.0,0.0,0.0,0.0,0.0,0.0
0,0,1.0,0.0,0.0,0.0,0.0,0.0,0.0,0.0
0,0,1.0,0.0,0.0,0.0,0.0,0.0,0.0,0.0
0,0,1.0,0.0,0.0,0.0,0.0,0.0,0.0,0.0
0,0,1.0,0.0,0.0,0.0,0.0,0.0,0.0,0.0
0,0,1.0,0.0,0.0,0.0,0.0,0.0,0.0,0.0
0,0,1.0,0.0,0.0,0.0,0.0,0.0,0.0,0.0
0,0,1.0,0.0,0.0,0.0,0.0,0.0,0.0,0.0
0,0,1.0,0.0,0.0,0.0,0.0,0.0,0.0,0.0
0,0,1.0,0.0,0.0,0.0,0.0,0.0,0.0,0.0
0,0,1.0,0.0,0.0,0.0,0.0,0.0,0.0,0.0
0,0,1.0,0.0,0.0,0.0,0.0,0.0,0.0,0.0
0,0,1.0,0.0,0.0,0.0,0.0,0.0,0.0,0.0
0,0,1.0,0.0,0.0,0.0,0.0,0.0,0.0,0.0
0,0,1.0,0.0,0.0,0.0,0.0,0.0,0.0,0.0
0,0,1.0,0.0,0.0,0.0,0.0,0.0,0.0,0.0
0,0,1.0,0.0,0.0,0.0,0.0,0.0,0.0,0.0
0,0,1.0,0.0,0.0,0.0,0.0,0.0,0.0,0.0
0,0,1.0,0.0,0.0,0.0,0.0,0.0,0.0,0.0
0,0,1.0,0.0,0.0,0.0,0.0,0.0,0.0,0.0
0,0,1.0,0.0,0.0,0.0,0.0,0.0,0.0,0.0
0,0,1.0,0.0,0.0,0.0,0.0,0.0,0.0,0.0
0,0,1.0,0.0,0.0,0.0,0.0,0.0,0.0,0.0
0,0,1.0,0.0,0.0,0.0,0.0,0.0,0.0,0.0
0,0,1.0,0.0,0.0,0.0,0.0,0.0,0.0,0.0
0,0,1.0,0.0,0.0,0.0,0.0,0.0,0.0,0.0
0,0,1.0,0.0,0.0,0.0,0.0,0.0,0.0,0.0
0,0,1.0,0.0,0.0,0.0,0.0,0.0,0.0,0.0
0,0,1.0,0.0,0.0,0.0,0.0,0.0,0.0,0.0
0,0,1.0,0.0,0.0,0.0,0.0,0.0,0.0,0.0
0,0,1.0,0.0,0.0,0.0,0.0,0.0,0.0,0.0
0,0,1.0,0.0,0.0,0.0,0.0,0.0,0.0,0.0
0,0,1.0,0.0,0.0,0.0,0.0,0.0,0.0,0.0
0,0,1.0,0.0,0.0,0.0,0.0,0.0,0.0,0.0
0,0,1.0,0.0,0.0,0.0,0.0,0.0,0.0,0.0
0,0,1.0,0.0,0.0,0.0,0.0,0.0,0.0,0.0
0,0,1.0,0.0,0.0,0.0,0.0,0.0,0.0,0.0
0,0,1.0,0.0,0.0,0.0,0.0,0.0,0.0,0.0
0,0,1.0,0.0,0.0,0.0,0.0,0.0,0.0,0.0
0,0,1.0,0.0,0.0,0.0,0.0,0.0,0.0,0.0
0,0,1.0,0.0,0.0,0.0,0.0,0.0,0.0,0.0
0,0,1.0,0.0,0.0,0.0,0.0,0.0,0.0,0.0
0,0,1.0,0.0,0.0,0.0,0.0,0.0,0.0,0.0
0,0,1.0,0.0,0.0,0.0,0.0,0.0,0.0,0.0
0,0,1.0,0.0,0.0,0.0,0.0,0.0,0.0,0.0
0,0,1.0,0.0,0.0,0.0,0.0,0.0,0.0,0.0
0,0,1.0,0.0,0.0,0.0,0.0,0.0,0.0,0.0
0,0,1.0,0.0,0.0,0.0,0.0,0.0,0.0,0.0
0,0,1.0,0.0,0.0,0.0,0.0,0.0,0.0,0.0
0,0,1.0,0.0,0.0,0.0,0.0,0.0,0.0,0.0
0,0,1.0,0.0,0.0,0.0,0.0,0.0,0.0,0.0
0,0,1.0,0.0,0.0,0.0,0.0,0.0,0.0,0.0
0,0,1.0,0.0,0.0,0.0,0.0,0.0,0.0,0.0
0,0,1.0,0.0,0.0,0.0,0.0,0.0,0.0,0.0
0,0,1.0,0.0,0.0,0.0,0.0,0.0,0.0,0.0
0,0,1.0,0.0,0.0,0.0,0.0,0.0,0.0,0.0
0,0,1.0,0.0,0.0,0.0,0.0,0.0,0.0,0.0
0,0,1.0,0.0,0.0,0.0,0.0,0.0,0.0,0.0
0,0,1.0,0.0,0.0,0.0,0.0,0.0,0.0,0.0
0,0,1.0,0.0,0.0,0.0,0.0,0.0,0.0,0.0
0,0,1.0,0.0,0.0,0.0,0.0,0.0,0.0,0.0
0,0,1.0,0.0,0.0,0.0,0.0,0.0,0.0,0.0
0,0,1.0,0.0,0.0,0.0,0.0,0.0,0.0,0.0
0,0,1.0,0.0,0.0,0.0,0.0,0.0,0.0,0.0
0,0,1.0,0.0,0.0,0.0,0.0,0.0,0.0,0.0
0,0,1.0,0.0,0.0,0.0,0.0,0.0,0.0,0.0
0,0,1.0,0.0,0.0,0.0,0.0,0.0,0.0,0.0
0,0,1.0,0.0,0.0,0.0,0.0,0.0,0.0,0.0
0,0,1.0,0.0,0.0,0.0,0.0,0.0,0.0,0.0
0,0,1.0,0.0,0.0,0.0,0.0,0.0,0.0,0.0
0,0,1.0,0.0,0.0,0.0,0.0,0.0,0.0,0.0
0,0,1.0,0.0,0.0,0.0,0.0,0.0,0.0,0.0
0,0,1.0,0.0,0.0,0.0,0.0,0.0,0.0,0.0
0,0,1.0,0.0,0.0,0.0,0.0,0.0,0.0,0.0
0,0,1.0,0.0,0.0,0.0,0.0,0.0,0.0,0.0
0,0,1.0,0.0,0.0,0.0,0.0,0.0,0.0,0.0
0,0,1.0,0.0,0.0,0.0,0.0,0.0,0.0,0.0
0,0,1.0,0.0,0.0,0.0,0.0,0.0,0.0,0.0
0,0,1.0,0.0,0.0,0.0,0.0,0.0,0.0,0.0
0,0,1.0,0.0,0.0,0.0,0.0,0.0,0.0,0.0
0,0,1.0,0.0,0.0,0.0,0.0,0.0,0.0,0.0
0,0,1.0,0.0,0.0,0.0,0.0,0.0,0.0,0.0
0,0,1.0,0.0,0.0,0.0,0.0,0.0,0.0,0.0
0,0,1.0,0.0,0.0,0.0,0.0,0.0,0.0,0.0
0,0,1.0,0.0,0.0,0.0,0.0,0.0,0.0,0.0
0,0,1.0,0.0,0.0,0.0,0.0,0.0,0.0,0.0
0,0,1.0,0.0,0.0,0.0,0.0,0.0,0.0,0.0
0,0,1.0,0.0,0.0,0.0,0.0,0.0,0.0,0.0
0,0,1.0,0.0,0.0,0.0,0.0,0.0,0.0,0.0
0,0,1.0,0.0,0.0,0.0,0.0,0.0,0.0,0.0
0,0,1.0,0.0,0.0,0.0,0.0,0.0,0.0,0.0
0,0,1.0,0.0,0.0,0.0,0.0,0.0,0.0,0.0
0,0,1.0,0.0,0.0,0.0,0.0,0.0,0.0,0.0
0,0,1.0,0.0,0.0,0.0,0.0,0.0,0.0,0.0
0,0,1.0,0.0,0.0,0.0,0.0,0.0,0.0,0.0
0,0,1.0,0.0,0.0,0.0,0.0,0.0,0.0,0.0
0,0,1.0,0.0,0.0,0.0,0.0,0.0,0.0,0.0
0,0,1.0,0.0,0.0,0.0,0.0,0.0,0.0,0.0
0,0,1.0,0.0,0.0,0.0,0.0,0.0,0.0,0.0
0,0,1.0,0.0,0.0,0.0,0.0,0.0,0.0,0.0
0,0,1.0,0.0,0.0,0.0,0.0,0.0,0.0,0.0
0,0,1.0,0.0,0.0,0.0,0.0,0.0,0.0,0.0
0,0,1.0,0.0,0.0,0.0,0.0,0.0,0.0,0.0
0,0,1.0,0.0,0.0,0.0,0.0,0.0,0.0,0.0
0,0,1.0,0.0,0.0,0.0,0.0,0.0,0.0,0.0
0,0,1.0,0.0,0.0,0.0,0.0,0.0,0.0,0.0
0,0,1.0,0.0,0.0,0.0,0.0,0.0,0.0,0.0
0,0,1.0,0.0,0.0,0.0,0.0,0.0,0.0,0.0
0,0,1.0,0.0,0.0,0.0,0.0,0.0,0.0,0.0
0,0,1.0,0.0,0.0,0.0,0.0,0.0,0.0,0.0
0,0,1.0,0.0,0.0,0.0,0.0,0.0,0.0,0.0
0,0,1.0,0.0,0.0,0.0,0.0,0.0,0.0,0.0
0,0,1.0,0.0,0.0,0.0,0.0,0.0,0.0,0.0
0,0,1.0,0.0,0.0,0.0,0.0,0.0,0.0,0.0
0,0,1.0,0.0,0.0,0.0,0.0,0.0,0.0,0.0
0,0,1.0,0.0,0.0,0.0,0.0,0.0,0.0,0.0
0,0,1.0,0.0,0.0,0.0,0.0,0.0,0.0,0.0
0,0,1.0,0.0,0.0,0.0,0.0,0.0,0.0,0.0
0,0,1.0,0.0,0.0,0.0,0.0,0.0,0.0,0.0
0,0,1.0,0.0,0.0,0.0,0.0,0.0,0.0,0.0
0,0,1.0,0.0,0.0,0.0,0.0,0.0,0.0,0.0
0,0,1.0,0.0,0.0,0.0,0.0,0.0,0.0,0.0
0,0,1.0,0.0,0.0,0.0,0.0,0.0,0.0,0.0
0,0,1.0,0.0,0.0,0.0,0.0,0.0,0.0,0.0
0,0,1.0,0.0,0.0,0.0,0.0,0.0,0.0,0.0
0,0,1.0,0.0,0.0,0.0,0.0,0.0,0.0,0.0
0,0,1.0,0.0,0.0,0.0,0.0,0.0,0.0,0.0
0,0,1.0,0.0,0.0,0.0,0.0,0.0,0.0,0.0
0,0,1.0,0.0,0.0,0.0,0.0,0.0,0.0,0.0
0,0,1.0,0.0,0.0,0.0,0.0,0.0,0.0,0.0
0,0,1.0,0.0,0.0,0.0,0.0,0.0,0.0,0.0
0,0,1.0,0.0,0.0,0.0,0.0,0.0,0.0,0.0
0,0,1.0,0.0,0.0,0.0,0.0,0.0,0.0,0.0
0,0,1.0,0.0,0.0,0.0,0.0,0.0,0.0,0.0
0,0,1.0,0.0,0.0,0.0,0.0,0.0,0.0,0.0
0,0,1.0,0.0,0.0,0.0,0.0,0.0,0.0,0.0
0,0,1.0,0.0,0.0,0.0,0.0,0.0,0.0,0.0
0,0,1.0,0.0,0.0,0.0,0.0,0.0,0.0,0.0
0,0,1.0,0.0,0.0,0.0,0.0,0.0,0.0,0.0
0,0,1.0,0.0,0.0,0.0,0.0,0.0,0.0,0.0
0,0,1.0,0.0,0.0,0.0,0.0,0.0,0.0,0.0
0,0,1.0,0.0,0.0,0.0,0.0,0.0,0.0,0.0
0,0,1.0,0.0,0.0,0.0,0.0,0.0,0.0,0.0
0,0,1.0,0.0,0.0,0.0,0.0,0.0,0.0,0.0
0,0,1.0,0.0,0.0,0.0,0.0,0.0,0.0,0.0
0,0,1.0,0.0,0.0,0.0,0.0,0.0,0.0,0.0
0,0,1.0,0.0,0.0,0.0,0.0,0.0,0.0,0.0
0,0,1.0,0.0,0.0,0.0,0.0,0.0,0.0,0.0
0,0,1.0,0.0,0.0,0.0,0.0,0.0,0.0,0.0
0,0,1.0,0.0,0.0,0.0,0.0,0.0,0.0,0.0
0,0,1.0,0.0,0.0,0.0,0.0,0.0,0.0,0.0
0,0,1.0,0.0,0.0,0.0,0.0,0.0,0.0,0.0
0,0,1.0,0.0,0.0,0.0,0.0,0.0,0.0,0.0
0,0,1.0,0.0,0.0,0.0,0.0,0.0,0.0,0.0
0,0,1.0,0.0,0.0,0.0,0.0,0.0,0.0,0.0
0,0,1.0,0.0,0.0,0.0,0.0,0.0,0.0,0.0
0,0,1.0,0.0,0.0,0.0,0.0,0.0,0.0,0.0
0,0,1.0,0.0,0.0,0.0,0.0,0.0,0.0,0.0
0,0,1.0,0.0,0.0,0.0,0.0,0.0,0.0,0.0
0,0,1.0,0.0,0.0,0.0,0.0,0.0,0.0,0.0
0,0,1.0,0.0,0.0,0.0,0.0,0.0,0.0,0.0
0,0,1.0,0.0,0.0,0.0,0.0,0.0,0.0,0.0
0,0,1.0,0.0,0.0,0.0,0.0,0.0,0.0,0.0
0,0,1.0,0.0,0.0,0.0,0.0,0.0,0.0,0.0
0,0,1.0,0.0,0.0,0.0,0.0,0.0,0.0,0.0
0,0,1.0,0.0,0.0,0.0,0.0,0.0,0.0,0.0
0,0,1.0,0.0,0.0,0.0,0.0,0.0,0.0,0.0
0,0,1.0,0.0,0.0,0.0,0.0,0.0,0.0,0.0
0,0,1.0,0.0,0.0,0.0,0.0,0.0,0.0,0.0
0,0,1.0,0.0,0.0,0.0,0.0,0.0,0.0,0.0
0,0,1.0,0.0,0.0,0.0,0.0,0.0,0.0,0.0
0,0,1.0,0.0,0.0,0.0,0.0,0.0,0.0,0.0
0,0,1.0,0.0,0.0,0.0,0.0,0.0,0.0,0.0
0,0,1.0,0.0,0.0,0.0,0.0,0.0,0.0,0.0
0,0,1.0,0.0,0.0,0.0,0.0,0.0,0.0,0.0
0,0,1.0,0.0,0.0,0.0,0.0,0.0,0.0,0.0
0,0,1.0,0.0,0.0,0.0,0.0,0.0,0.0,0.0
0,0,1.0,0.0,0.0,0.0,0.0,0.0,0.0,0.0
0,0,1.0,0.0,0.0,0.0,0.0,0.0,0.0,0.0
0,0,1.0,0.0,0.0,0.0,0.0,0.0,0.0,0.0
0,0,1.0,0.0,0.0,0.0,0.0,0.0,0.0,0.0
0,0,1.0,0.0,0.0,0.0,0.0,0.0,0.0,0.0
0,0,1.0,0.0,0.0,0.0,0.0,0.0,0.0,0.0
0,0,1.0,0.0,0.0,0.0,0.0,0.0,0.0,0.0
0,0,1.0,0.0,0.0,0.0,0.0,0.0,0.0,0.0
0,0,1.0,0.0,0.0,0.0,0.0,0.0,0.0,0.0
0,0,1.0,0.0,0.0,0.0,0.0,0.0,0.0,0.0
0,0,1.0,0.0,0.0,0.0,0.0,0.0,0.0,0.0
0,0,1.0,0.0,0.0,0.0,0.0,0.0,0.0,0.0
0,0,1.0,0.0,0.0,0.0,0.0,0.0,0.0,0.0
0,0,1.0,0.0,0.0,0.0,0.0,0.0,0.0,0.0
0,0,1.0,0.0,0.0,0.0,0.0,0.0,0.0,0.0
0,0,1.0,0.0,0.0,0.0,0.0,0.0,0.0,0.0
0,0,1.0,0.0,0.0,0.0,0.0,0.0,0.0,0.0
0,0,1.0,0.0,0.0,0.0,0.0,0.0,0.0,0.0
0,0,1.0,0.0,0.0,0.0,0.0,0.0,0.0,0.0
0,0,1.0,0.0,0.0,0.0,0.0,0.0,0.0,0.0
0,0,1.0,0.0,0.0,0.0,0.0,0.0,0.0,0.0
0,0,1.0,0.0,0.0,0.0,0.0,0.0,0.0,0.0
0,0,1.0,0.0,0.0,0.0,0.0,0.0,0.0,0.0
0,0,1.0,0.0,0.0,0.0,0.0,0.0,0.0,0.0
0,0,1.0,0.0,0.0,0.0,0.0,0.0,0.0,0.0
0,0,1.0,0.0,0.0,0.0,0.0,0.0,0.0,0.0
0,0,1.0,0.0,0.0,0.0,0.0,0.0,0.0,0.0
0,0,1.0,0.0,0.0,0.0,0.0,0.0,0.0,0.0
0,0,1.0,0.0,0.0,0.0,0.0,0.0,0.0,0.0
0,0,1.0,0.0,0.0,0.0,0.0,0.0,0.0,0.0
0,0,1.0,0.0,0.0,0.0,0.0,0.0,0.0,0.0
0,0,1.0,0.0,0.0,0.0,0.0,0.0,0.0,0.0
0,0,1.0,0.0,0.0,0.0,0.0,0.0,0.0,0.0
0,0,1.0,0.0,0.0,0.0,0.0,0.0,0.0,0.0
0,0,1.0,0.0,0.0,0.0,0.0,0.0,0.0,0.0
0,0,1.0,0.0,0.0,0.0,0.0,0.0,0.0,0.0
0,0,1.0,0.0,0.0,0.0,0.0,0.0,0.0,0.0
0,0,1.0,0.0,0.0,0.0,0.0,0.0,0.0,0.0
0,0,1.0,0.0,0.0,0.0,0.0,0.0,0.0,0.0
0,0,1.0,0.0,0.0,0.0,0.0,0.0,0.0,0.0
0,0,1.0,0.0,0.0,0.0,0.0,0.0,0.0,0.0
0,0,1.0,0.0,0.0,0.0,0.0,0.0,0.0,0.0
0,0,1.0,0.0,0.0,0.0,0.0,0.0,0.0,0.0
0,0,1.0,0.0,0.0,0.0,0.0,0.0,0.0,0.0
0,0,1.0,0.0,0.0,0.0,0.0,0.0,0.0,0.0
0,0,1.0,0.0,0.0,0.0,0.0,0.0,0.0,0.0
0,0,1.0,0.0,0.0,0.0,0.0,0.0,0.0,0.0
0,0,1.0,0.0,0.0,0.0,0.0,0.0,0.0,0.0
0,0,1.0,0.0,0.0,0.0,0.0,0.0,0.0,0.0
0,0,1.0,0.0,0.0,0.0,0.0,0.0,0.0,0.0
0,0,1.0,0.0,0.0,0.0,0.0,0.0,0.0,0.0
0,0,1.0,0.0,0.0,0.0,0.0,0.0,0.0,0.0
0,0,1.0,0.0,0.0,0.0,0.0,0.0,0.0,0.0
0,0,1.0,0.0,0.0,0.0,0.0,0.0,0.0,0.0
0,0,1.0,0.0,0.0,0.0,0.0,0.0,0.0,0.0
0,0,1.0,0.0,0.0,0.0,0.0,0.0,0.0,0.0
0,0,1.0,0.0,0.0,0.0,0.0,0.0,0.0,0.0
0,0,1.0,0.0,0.0,0.0,0.0,0.0,0.0,0.0
0,0,1.0,0.0,0.0,0.0,0.0,0.0,0.0,0.0
0,0,1.0,0.0,0.0,0.0,0.0,0.0,0.0,0.0
0,0,1.0,0.0,0.0,0.0,0.0,0.0,0.0,0.0
0,0,1.0,0.0,0.0,0.0,0.0,0.0,0.0,0.0
0,0,1.0,0.0,0.0,0.0,0.0,0.0,0.0,0.0
0,0,1.0,0.0,0.0,0.0,0.0,0.0,0.0,0.0
0,0,1.0,0.0,0.0,0.0,0.0,0.0,0.0,0.0
0,0,1.0,0.0,0.0,0.0,0.0,0.0,0.0,0.0
0,0,1.0,0.0,0.0,0.0,0.0,0.0,0.0,0.0
0,0,1.0,0.0,0.0,0.0,0.0,0.0,0.0,0.0
0,0,1.0,0.0,0.0,0.0,0.0,0.0,0.0,0.0
0,0,1.0,0.0,0.0,0.0,0.0,0.0,0.0,0.0
0,0,1.0,0.0,0.0,0.0,0.0,0.0,0.0,0.0
0,0,1.0,0.0,0.0,0.0,0.0,0.0,0.0,0.0
0,0,1.0,0.0,0.0,0.0,0.0,0.0,0.0,0.0
0,0,1.0,0.0,0.0,0.0,0.0,0.0,0.0,0.0
0,0,1.0,0.0,0.0,0.0,0.0,0.0,0.0,0.0
0,0,1.0,0.0,0.0,0.0,0.0,0.0,0.0,0.0
0,0,1.0,0.0,0.0,0.0,0.0,0.0,0.0,0.0
0,0,1.0,0.0,0.0,0.0,0.0,0.0,0.0,0.0
0,0,1.0,0.0,0.0,0.0,0.0,0.0,0.0,0.0
0,0,1.0,0.0,0.0,0.0,0.0,0.0,0.0,0.0
0,0,1.0,0.0,0.0,0.0,0.0,0.0,0.0,0.0
0,0,1.0,0.0,0.0,0.0,0.0,0.0,0.0,0.0
0,0,1.0,0.0,0.0,0.0,0.0,0.0,0.0,0.0
0,0,1.0,0.0,0.0,0.0,0.0,0.0,0.0,0.0
0,0,1.0,0.0,0.0,0.0,0.0,0.0,0.0,0.0
0,0,1.0,0.0,0.0,0.0,0.0,0.0,0.0,0.0
0,0,1.0,0.0,0.0,0.0,0.0,0.0,0.0,0.0
0,0,1.0,0.0,0.0,0.0,0.0,0.0,0.0,0.0
0,0,1.0,0.0,0.0,0.0,0.0,0.0,0.0,0.0
0,0,1.0,0.0,0.0,0.0,0.0,0.0,0.0,0.0
0,0,1.0,0.0,0.0,0.0,0.0,0.0,0.0,0.0
0,0,1.0,0.0,0.0,0.0,0.0,0.0,0.0,0.0
0,0,1.0,0.0,0.0,0.0,0.0,0.0,0.0,0.0
0,0,1.0,0.0,0.0,0.0,0.0,0.0,0.0,0.0
0,0,1.0,0.0,0.0,0.0,0.0,0.0,0.0,0.0
0,0,1.0,0.0,0.0,0.0,0.0,0.0,0.0,0.0
0,0,1.0,0.0,0.0,0.0,0.0,0.0,0.0,0.0
0,0,1.0,0.0,0.0,0.0,0.0,0.0,0.0,0.0
0,0,1.0,0.0,0.0,0.0,0.0,0.0,0.0,0.0
0,0,1.0,0.0,0.0,0.0,0.0,0.0,0.0,0.0
0,0,1.0,0.0,0.0,0.0,0.0,0.0,0.0,0.0
0,0,1.0,0.0,0.0,0.0,0.0,0.0,0.0,0.0
0,0,1.0,0.0,0.0,0.0,0.0,0.0,0.0,0.0
0,0,1.0,0.0,0.0,0.0,0.0,0.0,0.0,0.0
0,0,1.0,0.0,0.0,0.0,0.0,0.0,0.0,0.0
0,0,1.0,0.0,0.0,0.0,0.0,0.0,0.0,0.0
0,0,1.0,0.0,0.0,0.0,0.0,0.0,0.0,0.0
0,0,1.0,0.0,0.0,0.0,0.0,0.0,0.0,0.0
0,0,1.0,0.0,0.0,0.0,0.0,0.0,0.0,0.0
0,0,1.0,0.0,0.0,0.0,0.0,0.0,0.0,0.0
0,0,1.0,0.0,0.0,0.0,0.0,0.0,0.0,0.0
0,0,1.0,0.0,0.0,0.0,0.0,0.0,0.0,0.0
0,0,1.0,0.0,0.0,0.0,0.0,0.0,0.0,0.0
0,0,1.0,0.0,0.0,0.0,0.0,0.0,0.0,0.0
0,0,1.0,0.0,0.0,0.0,0.0,0.0,0.0,0.0
0,0,1.0,0.0,0.0,0.0,0.0,0.0,0.0,0.0
0,0,1.0,0.0,0.0,0.0,0.0,0.0,0.0,0.0
0,0,1.0,0.0,0.0,0.0,0.0,0.0,0.0,0.0
0,0,1.0,0.0,0.0,0.0,0.0,0.0,0.0,0.0
0,0,1.0,0.0,0.0,0.0,0.0,0.0,0.0,0.0
0,0,1.0,0.0,0.0,0.0,0.0,0.0,0.0,0.0
0,0,1.0,0.0,0.0,0.0,0.0,0.0,0.0,0.0
0,0,1.0,0.0,0.0,0.0,0.0,0.0,0.0,0.0
0,0,1.0,0.0,0.0,0.0,0.0,0.0,0.0,0.0
0,0,1.0,0.0,0.0,0.0,0.0,0.0,0.0,0.0
0,0,1.0,0.0,0.0,0.0,0.0,0.0,0.0,0.0
0,0,1.0,0.0,0.0,0.0,0.0,0.0,0.0,0.0
0,0,1.0,0.0,0.0,0.0,0.0,0.0,0.0,0.0
0,0,1.0,0.0,0.0,0.0,0.0,0.0,0.0,0.0
0,0,1.0,0.0,0.0,0.0,0.0,0.0,0.0,0.0
0,0,1.0,0.0,0.0,0.0,0.0,0.0,0.0,0.0
0,0,1.0,0.0,0.0,0.0,0.0,0.0,0.0,0.0
0,0,1.0,0.0,0.0,0.0,0.0,0.0,0.0,0.0
0,0,1.0,0.0,0.0,0.0,0.0,0.0,0.0,0.0
0,0,1.0,0.0,0.0,0.0,0.0,0.0,0.0,0.0
0,0,1.0,0.0,0.0,0.0,0.0,0.0,0.0,0.0
0,0,1.0,0.0,0.0,0.0,0.0,0.0,0.0,0.0
0,0,1.0,0.0,0.0,0.0,0.0,0.0,0.0,0.0
0,0,1.0,0.0,0.0,0.0,0.0,0.0,0.0,0.0
0,0,1.0,0.0,0.0,0.0,0.0,0.0,0.0,0.0
0,0,1.0,0.0,0.0,0.0,0.0,0.0,0.0,0.0
0,0,1.0,0.0,0.0,0.0,0.0,0.0,0.0,0.0
0,0,1.0,0.0,0.0,0.0,0.0,0.0,0.0,0.0
0,0,1.0,0.0,0.0,0.0,0.0,0.0,0.0,0.0
0,0,1.0,0.0,0.0,0.0,0.0,0.0,0.0,0.0
0,0,1.0,0.0,0.0,0.0,0.0,0.0,0.0,0.0
0,0,1.0,0.0,0.0,0.0,0.0,0.0,0.0,0.0
0,0,1.0,0.0,0.0,0.0,0.0,0.0,0.0,0.0
0,0,1.0,0.0,0.0,0.0,0.0,0.0,0.0,0.0
0,0,1.0,0.0,0.0,0.0,0.0,0.0,0.0,0.0
0,0,1.0,0.0,0.0,0.0,0.0,0.0,0.0,0.0
0,0,0.984375,0.0,0.0,0.0,0.015625,0.0,0.0,0.0
0,0,0.984375,0.0,0.0,0.0,0.015625,0.0,0.0,0.0
0,0,0.984375,0.0,0.0,0.0,0.015625,0.0,0.0,0.0
0,0,0.984375,0.0,0.0,0.0,0.015625,0.0,0.0,0.0
0,0,0.984375,0.0,0.0,0.0,0.015625,0.0,0.0,0.0
0,0,0.984375,0.0,0.0,0.0,0.015625,0.0,0.0,0.0
0,0,0.984375,0.0,0.0,0.0,0.015625,0.0,0.0,0.0
0,0,0.984375,0.0,0.0,0.0,0.015625,0.0,0.0,0.0
0,0,0.984375,0.0,0.0,0.0,0.015625,0.0,0.0,0.0
0,0,0.984375,0.0,0.0,0.0,0.015625,0.0,0.0,0.0
0,0,0.984375,0.0,0.0,0.0,0.015625,0.0,0.0,0.0
0,0,0.984375,0.0,0.0,0.0,0.015625,0.0,0.0,0.0
0,0,0.984375,0.0,0.0,0.0,0.015625,0.0,0.0,0.0
0,0,0.984375,0.0,0.0,0.0,0.015625,0.0,0.0,0.0
0,0,0.984375,0.0,0.0,0.0,0.015625,0.0,0.0,0.0
0,0,0.984375,0.0,0.0,0.0,0.015625,0.0,0.0,0.0
0,0,0.984375,0.0,0.0,0.0,0.015625,0.0,0.0,0.0
0,0,0.984375,0.0,0.0,0.0,0.015625,0.0,0.0,0.0
0,0,0.984375,0.0,0.0,0.0,0.015625,0.0,0.0,0.0
0,0,0.984375,0.0,0.0,0.0,0.015625,0.0,0.0,0.0
0,0,1.0,0.0,0.0,0.0,0.0,0.0,0.0,0.0
0,0,1.0,0.0,0.0,0.0,0.0,0.0,0.0,0.0
0,0,1.0,0.0,0.0,0.0,0.0,0.0,0.0,0.0
0,0,1.0,0.0,0.0,0.0,0.0,0.0,0.0,0.0
0,0,1.0,0.0,0.0,0.0,0.0,0.0,0.0,0.0
0,0,1.0,0.0,0.0,0.0,0.0,0.0,0.0,0.0
0,0,1.0,0.0,0.0,0.0,0.0,0.0,0.0,0.0
0,0,1.0,0.0,0.0,0.0,0.0,0.0,0.0,0.0
0,0,1.0,0.0,0.0,0.0,0.0,0.0,0.0,0.0
0,0,1.0,0.0,0.0,0.0,0.0,0.0,0.0,0.0
0,0,1.0,0.0,0.0,0.0,0.0,0.0,0.0,0.0
0,0,1.0,0.0,0.0,0.0,0.0,0.0,0.0,0.0
0,0,1.0,0.0,0.0,0.0,0.0,0.0,0.0,0.0
0,0,1.0,0.0,0.0,0.0,0.0,0.0,0.0,0.0
0,0,1.0,0.0,0.0,0.0,0.0,0.0,0.0,0.0
0,0,1.0,0.0,0.0,0.0,0.0,0.0,0.0,0.0
0,0,1.0,0.0,0.0,0.0,0.0,0.0,0.0,0.0
0,0,1.0,0.0,0.0,0.0,0.0,0.0,0.0,0.0
0,0,1.0,0.0,0.0,0.0,0.0,0.0,0.0,0.0
0,0,1.0,0.0,0.0,0.0,0.0,0.0,0.0,0.0
0,0,1.0,0.0,0.0,0.0,0.0,0.0,0.0,0.0
0,0,1.0,0.0,0.0,0.0,0.0,0.0,0.0,0.0
0,0,1.0,0.0,0.0,0.0,0.0,0.0,0.0,0.0
0,0,1.0,0.0,0.0,0.0,0.0,0.0,0.0,0.0
0,0,1.0,0.0,0.0,0.0,0.0,0.0,0.0,0.0
0,0,1.0,0.0,0.0,0.0,0.0,0.0,0.0,0.0
0,0,1.0,0.0,0.0,0.0,0.0,0.0,0.0,0.0
0,0,1.0,0.0,0.0,0.0,0.0,0.0,0.0,0.0
0,0,1.0,0.0,0.0,0.0,0.0,0.0,0.0,0.0
0,0,1.0,0.0,0.0,0.0,0.0,0.0,0.0,0.0
0,0,1.0,0.0,0.0,0.0,0.0,0.0,0.0,0.0
0,0,1.0,0.0,0.0,0.0,0.0,0.0,0.0,0.0
0,0,1.0,0.0,0.0,0.0,0.0,0.0,0.0,0.0
0,0,1.0,0.0,0.0,0.0,0.0,0.0,0.0,0.0
0,0,1.0,0.0,0.0,0.0,0.0,0.0,0.0,0.0
0,0,1.0,0.0,0.0,0.0,0.0,0.0,0.0,0.0
0,0,1.0,0.0,0.0,0.0,0.0,0.0,0.0,0.0
0,0,1.0,0.0,0.0,0.0,0.0,0.0,0.0,0.0
0,0,1.0,0.0,0.0,0.0,0.0,0.0,0.0,0.0
0,0,1.0,0.0,0.0,0.0,0.0,0.0,0.0,0.0
0,0,1.0,0.0,0.0,0.0,0.0,0.0,0.0,0.0
0,0,1.0,0.0,0.0,0.0,0.0,0.0,0.0,0.0
0,0,1.0,0.0,0.0,0.0,0.0,0.0,0.0,0.0
0,0,1.0,0.0,0.0,0.0,0.0,0.0,0.0,0.0
0,0,1.0,0.0,0.0,0.0,0.0,0.0,0.0,0.0
0,0,1.0,0.0,0.0,0.0,0.0,0.0,0.0,0.0
0,0,1.0,0.0,0.0,0.0,0.0,0.0,0.0,0.0
0,0,1.0,0.0,0.0,0.0,0.0,0.0,0.0,0.0
0,0,1.0,0.0,0.0,0.0,0.0,0.0,0.0,0.0
0,0,1.0,0.0,0.0,0.0,0.0,0.0,0.0,0.0
0,0,1.0,0.0,0.0,0.0,0.0,0.0,0.0,0.0
0,0,1.0,0.0,0.0,0.0,0.0,0.0,0.0,0.0
0,0,1.0,0.0,0.0,0.0,0.0,0.0,0.0,0.0
0,0,1.0,0.0,0.0,0.0,0.0,0.0,0.0,0.0
0,0,1.0,0.0,0.0,0.0,0.0,0.0,0.0,0.0
0,0,1.0,0.0,0.0,0.0,0.0,0.0,0.0,0.0
0,0,1.0,0.0,0.0,0.0,0.0,0.0,0.0,0.0
0,0,1.0,0.0,0.0,0.0,0.0,0.0,0.0,0.0
0,0,1.0,0.0,0.0,0.0,0.0,0.0,0.0,0.0
0,0,1.0,0.0,0.0,0.0,0.0,0.0,0.0,0.0
0,0,1.0,0.0,0.0,0.0,0.0,0.0,0.0,0.0
0,0,1.0,0.0,0.0,0.0,0.0,0.0,0.0,0.0
0,0,1.0,0.0,0.0,0.0,0.0,0.0,0.0,0.0
0,0,1.0,0.0,0.0,0.0,0.0,0.0,0.0,0.0
0,0,1.0,0.0,0.0,0.0,0.0,0.0,0.0,0.0
0,0,1.0,0.0,0.0,0.0,0.0,0.0,0.0,0.0
0,0,1.0,0.0,0.0,0.0,0.0,0.0,0.0,0.0
0,0,1.0,0.0,0.0,0.0,0.0,0.0,0.0,0.0
0,0,1.0,0.0,0.0,0.0,0.0,0.0,0.0,0.0
0,0,1.0,0.0,0.0,0.0,0.0,0.0,0.0,0.0
0,0,1.0,0.0,0.0,0.0,0.0,0.0,0.0,0.0
0,0,1.0,0.0,0.0,0.0,0.0,0.0,0.0,0.0
0,0,1.0,0.0,0.0,0.0,0.0,0.0,0.0,0.0
0,0,1.0,0.0,0.0,0.0,0.0,0.0,0.0,0.0
0,0,1.0,0.0,0.0,0.0,0.0,0.0,0.0,0.0
0,0,1.0,0.0,0.0,0.0,0.0,0.0,0.0,0.0
0,0,1.0,0.0,0.0,0.0,0.0,0.0,0.0,0.0
0,0,1.0,0.0,0.0,0.0,0.0,0.0,0.0,0.0
0,0,1.0,0.0,0.0,0.0,0.0,0.0,0.0,0.0
0,0,1.0,0.0,0.0,0.0,0.0,0.0,0.0,0.0
0,0,1.0,0.0,0.0,0.0,0.0,0.0,0.0,0.0
0,0,1.0,0.0,0.0,0.0,0.0,0.0,0.0,0.0
0,0,1.0,0.0,0.0,0.0,0.0,0.0,0.0,0.0
0,0,1.0,0.0,0.0,0.0,0.0,0.0,0.0,0.0
0,0,1.0,0.0,0.0,0.0,0.0,0.0,0.0,0.0
0,0,1.0,0.0,0.0,0.0,0.0,0.0,0.0,0.0
0,0,1.0,0.0,0.0,0.0,0.0,0.0,0.0,0.0
0,0,1.0,0.0,0.0,0.0,0.0,0.0,0.0,0.0
0,0,1.0,0.0,0.0,0.0,0.0,0.0,0.0,0.0
0,0,1.0,0.0,0.0,0.0,0.0,0.0,0.0,0.0
0,0,1.0,0.0,0.0,0.0,0.0,0.0,0.0,0.0
0,0,1.0,0.0,0.0,0.0,0.0,0.0,0.0,0.0
0,0,1.0,0.0,0.0,0.0,0.0,0.0,0.0,0.0
0,0,1.0,0.0,0.0,0.0,0.0,0.0,0.0,0.0
0,0,1.0,0.0,0.0,0.0,0.0,0.0,0.0,0.0
0,0,1.0,0.0,0.0,0.0,0.0,0.0,0.0,0.0
0,0,1.0,0.0,0.0,0.0,0.0,0.0,0.0,0.0
0,0,1.0,0.0,0.0,0.0,0.0,0.0,0.0,0.0
0,0,1.0,0.0,0.0,0.0,0.0,0.0,0.0,0.0
0,0,1.0,0.0,0.0,0.0,0.0,0.0,0.0,0.0
0,0,1.0,0.0,0.0,0.0,0.0,0.0,0.0,0.0
0,0,1.0,0.0,0.0,0.0,0.0,0.0,0.0,0.0
0,0,1.0,0.0,0.0,0.0,0.0,0.0,0.0,0.0
0,0,1.0,0.0,0.0,0.0,0.0,0.0,0.0,0.0
0,0,1.0,0.0,0.0,0.0,0.0,0.0,0.0,0.0
0,0,1.0,0.0,0.0,0.0,0.0,0.0,0.0,0.0
0,0,1.0,0.0,0.0,0.0,0.0,0.0,0.0,0.0
0,0,1.0,0.0,0.0,0.0,0.0,0.0,0.0,0.0
0,0,0.984375,0.015625,0.0,0.0,0.0,0.0,0.0,0.0
0,0,0.984375,0.015625,0.0,0.0,0.0,0.0,0.0,0.0
0,0,0.984375,0.015625,0.0,0.0,0.0,0.0,0.0,0.0
0,0,0.984375,0.015625,0.0,0.0,0.0,0.0,0.0,0.0
0,0,0.984375,0.015625,0.0,0.0,0.0,0.0,0.0,0.0
0,0,0.984375,0.015625,0.0,0.0,0.0,0.0,0.0,0.0
0,0,0.984375,0.015625,0.0,0.0,0.0,0.0,0.0,0.0
0,0,0.984375,0.015625,0.0,0.0,0.0,0.0,0.0,0.0
0,0,0.984375,0.015625,0.0,0.0,0.0,0.0,0.0,0.0
0,0,0.984375,0.015625,0.0,0.0,0.0,0.0,0.0,0.0
0,0,0.984375,0.015625,0.0,0.0,0.0,0.0,0.0,0.0
0,0,0.984375,0.015625,0.0,0.0,0.0,0.0,0.0,0.0
0,0,0.984375,0.015625,0.0,0.0,0.0,0.0,0.0,0.0
0,0,0.984375,0.015625,0.0,0.0,0.0,0.0,0.0,0.0
0,0,0.984375,0.015625,0.0,0.0,0.0,0.0,0.0,0.0
0,0,0.984375,0.015625,0.0,0.0,0.0,0.0,0.0,0.0
0,0,0.984375,0.015625,0.0,0.0,0.0,0.0,0.0,0.0
0,0,0.984375,0.015625,0.0,0.0,0.0,0.0,0.0,0.0
0,0,0.984375,0.015625,0.0,0.0,0.0,0.0,0.0,0.0
0,0,0.984375,0.015625,0.0,0.0,0.0,0.0,0.0,0.0
0,0,0.984375,0.015625,0.0,0.0,0.0,0.0,0.0,0.0
0,0,0.984375,0.015625,0.0,0.0,0.0,0.0,0.0,0.0
0,0,0.984375,0.015625,0.0,0.0,0.0,0.0,0.0,0.0
0,0,0.984375,0.015625,0.0,0.0,0.0,0.0,0.0,0.0
0,0,0.984375,0.015625,0.0,0.0,0.0,0.0,0.0,0.0
0,0,0.984375,0.015625,0.0,0.0,0.0,0.0,0.0,0.0
0,0,0.984375,0.015625,0.0,0.0,0.0,0.0,0.0,0.0
0,0,0.984375,0.015625,0.0,0.0,0.0,0.0,0.0,0.0
0,0,0.984375,0.015625,0.0,0.0,0.0,0.0,0.0,0.0
0,0,0.984375,0.015625,0.0,0.0,0.0,0.0,0.0,0.0
0,0,0.984375,0.015625,0.0,0.0,0.0,0.0,0.0,0.0
0,0,0.984375,0.015625,0.0,0.0,0.0,0.0,0.0,0.0
0,0,0.984375,0.015625,0.0,0.0,0.0,0.0,0.0,0.0
0,0,0.984375,0.015625,0.0,0.0,0.0,0.0,0.0,0.0
0,0,0.984375,0.015625,0.0,0.0,0.0,0.0,0.0,0.0
0,0,0.984375,0.015625,0.0,0.0,0.0,0.0,0.0,0.0
0,0,0.984375,0.015625,0.0,0.0,0.0,0.0,0.0,0.0
0,0,0.984375,0.015625,0.0,0.0,0.0,0.0,0.0,0.0
0,0,0.984375,0.015625,0.0,0.0,0.0,0.0,0.0,0.0
0,0,0.984375,0.015625,0.0,0.0,0.0,0.0,0.0,0.0
0,0,0.984375,0.015625,0.0,0.0,0.0,0.0,0.0,0.0
0,0,0.984375,0.015625,0.0,0.0,0.0,0.0,0.0,0.0
0,0,0.984375,0.015625,0.0,0.0,0.0,0.0,0.0,0.0
0,0,0.984375,0.015625,0.0,0.0,0.0,0.0,0.0,0.0
0,0,0.984375,0.015625,0.0,0.0,0.0,0.0,0.0,0.0
0,0,0.984375,0.015625,0.0,0.0,0.0,0.0,0.0,0.0
0,0,0.984375,0.015625,0.0,0.0,0.0,0.0,0.0,0.0
0,0,0.984375,0.015625,0.0,0.0,0.0,0.0,0.0,0.0
0,0,0.984375,0.015625,0.0,0.0,0.0,0.0,0.0,0.0
0,0,0.984375,0.015625,0.0,0.0,0.0,0.0,0.0,0.0
0,0,0.984375,0.015625,0.0,0.0,0.0,0.0,0.0,0.0
0,0,0.984375,0.015625,0.0,0.0,0.0,0.0,0.0,0.0
0,0,0.984375,0.015625,0.0,0.0,0.0,0.0,0.0,0.0
0,0,0.984375,0.015625,0.0,0.0,0.0,0.0,0.0,0.0
0,0,0.984375,0.015625,0.0,0.0,0.0,0.0,0.0,0.0
0,0,0.984375,0.015625,0.0,0.0,0.0,0.0,0.0,0.0
0,0,0.984375,0.015625,0.0,0.0,0.0,0.0,0.0,0.0
0,0,0.984375,0.015625,0.0,0.0,0.0,0.0,0.0,0.0
0,0,0.984375,0.015625,0.0,0.0,0.0,0.0,0.0,0.0
0,0,0.984375,0.015625,0.0,0.0,0.0,0.0,0.0,0.0
0,0,0.984375,0.015625,0.0,0.0,0.0,0.0,0.0,0.0
0,0,0.984375,0.015625,0.0,0.0,0.0,0.0,0.0,0.0
0,0,0.984375,0.015625,0.0,0.0,0.0,0.0,0.0,0.0
0,0,0.984375,0.015625,0.0,0.0,0.0,0.0,0.0,0.0
0,0,0.984375,0.015625,0.0,0.0,0.0,0.0,0.0,0.0
0,0,0.984375,0.015625,0.0,0.0,0.0,0.0,0.0,0.0
0,0,0.984375,0.015625,0.0,0.0,0.0,0.0,0.0,0.0
0,0,0.984375,0.015625,0.0,0.0,0.0,0.0,0.0,0.0
0,0,0.984375,0.015625,0.0,0.0,0.0,0.0,0.0,0.0
0,0,0.984375,0.015625,0.0,0.0,0.0,0.0,0.0,0.0
0,0,0.984375,0.015625,0.0,0.0,0.0,0.0,0.0,0.0
0,0,0.984375,0.015625,0.0,0.0,0.0,0.0,0.0,0.0
0,0,1.0,0.0,0.0,0.0,0.0,0.0,0.0,0.0
0,0,1.0,0.0,0.0,0.0,0.0,0.0,0.0,0.0
0,0,1.0,0.0,0.0,0.0,0.0,0.0,0.0,0.0
0,0,1.0,0.0,0.0,0.0,0.0,0.0,0.0,0.0
0,0,1.0,0.0,0.0,0.0,0.0,0.0,0.0,0.0
0,0,1.0,0.0,0.0,0.0,0.0,0.0,0.0,0.0
0,0,1.0,0.0,0.0,0.0,0.0,0.0,0.0,0.0
0,0,1.0,0.0,0.0,0.0,0.0,0.0,0.0,0.0
0,0,1.0,0.0,0.0,0.0,0.0,0.0,0.0,0.0
0,0,1.0,0.0,0.0,0.0,0.0,0.0,0.0,0.0
0,0,1.0,0.0,0.0,0.0,0.0,0.0,0.0,0.0
0,0,1.0,0.0,0.0,0.0,0.0,0.0,0.0,0.0
0,0,1.0,0.0,0.0,0.0,0.0,0.0,0.0,0.0
0,0,1.0,0.0,0.0,0.0,0.0,0.0,0.0,0.0
0,0,1.0,0.0,0.0,0.0,0.0,0.0,0.0,0.0
0,0,1.0,0.0,0.0,0.0,0.0,0.0,0.0,0.0
0,0,1.0,0.0,0.0,0.0,0.0,0.0,0.0,0.0
0,0,1.0,0.0,0.0,0.0,0.0,0.0,0.0,0.0
0,0,1.0,0.0,0.0,0.0,0.0,0.0,0.0,0.0
0,0,1.0,0.0,0.0,0.0,0.0,0.0,0.0,0.0
0,0,1.0,0.0,0.0,0.0,0.0,0.0,0.0,0.0
0,0,1.0,0.0,0.0,0.0,0.0,0.0,0.0,0.0
0,0,1.0,0.0,0.0,0.0,0.0,0.0,0.0,0.0
0,0,1.0,0.0,0.0,0.0,0.0,0.0,0.0,0.0
0,0,1.0,0.0,0.0,0.0,0.0,0.0,0.0,0.0
0,0,1.0,0.0,0.0,0.0,0.0,0.0,0.0,0.0
0,0,1.0,0.0,0.0,0.0,0.0,0.0,0.0,0.0
0,0,1.0,0.0,0.0,0.0,0.0,0.0,0.0,0.0
0,0,1.0,0.0,0.0,0.0,0.0,0.0,0.0,0.0
0,0,1.0,0.0,0.0,0.0,0.0,0.0,0.0,0.0
0,0,1.0,0.0,0.0,0.0,0.0,0.0,0.0,0.0
0,0,1.0,0.0,0.0,0.0,0.0,0.0,0.0,0.0
0,0,1.0,0.0,0.0,0.0,0.0,0.0,0.0,0.0
0,0,1.0,0.0,0.0,0.0,0.0,0.0,0.0,0.0
0,0,1.0,0.0,0.0,0.0,0.0,0.0,0.0,0.0
0,0,1.0,0.0,0.0,0.0,0.0,0.0,0.0,0.0
0,0,1.0,0.0,0.0,0.0,0.0,0.0,0.0,0.0
0,0,1.0,0.0,0.0,0.0,0.0,0.0,0.0,0.0
0,0,1.0,0.0,0.0,0.0,0.0,0.0,0.0,0.0
0,0,1.0,0.0,0.0,0.0,0.0,0.0,0.0,0.0
0,0,1.0,0.0,0.0,0.0,0.0,0.0,0.0,0.0
0,0,1.0,0.0,0.0,0.0,0.0,0.0,0.0,0.0
0,0,1.0,0.0,0.0,0.0,0.0,0.0,0.0,0.0
0,0,1.0,0.0,0.0,0.0,0.0,0.0,0.0,0.0
0,0,1.0,0.0,0.0,0.0,0.0,0.0,0.0,0.0
0,0,1.0,0.0,0.0,0.0,0.0,0.0,0.0,0.0
0,0,1.0,0.0,0.0,0.0,0.0,0.0,0.0,0.0
0,0,1.0,0.0,0.0,0.0,0.0,0.0,0.0,0.0
0,0,1.0,0.0,0.0,0.0,0.0,0.0,0.0,0.0
0,0,1.0,0.0,0.0,0.0,0.0,0.0,0.0,0.0
0,0,1.0,0.0,0.0,0.0,0.0,0.0,0.0,0.0
0,0,1.0,0.0,0.0,0.0,0.0,0.0,0.0,0.0
0,0,1.0,0.0,0.0,0.0,0.0,0.0,0.0,0.0
0,0,1.0,0.0,0.0,0.0,0.0,0.0,0.0,0.0
0,0,1.0,0.0,0.0,0.0,0.0,0.0,0.0,0.0
0,0,1.0,0.0,0.0,0.0,0.0,0.0,0.0,0.0
0,0,1.0,0.0,0.0,0.0,0.0,0.0,0.0,0.0
0,0,1.0,0.0,0.0,0.0,0.0,0.0,0.0,0.0
0,0,1.0,0.0,0.0,0.0,0.0,0.0,0.0,0.0
0,0,1.0,0.0,0.0,0.0,0.0,0.0,0.0,0.0
0,0,1.0,0.0,0.0,0.0,0.0,0.0,0.0,0.0
0,0,1.0,0.0,0.0,0.0,0.0,0.0,0.0,0.0
0,0,1.0,0.0,0.0,0.0,0.0,0.0,0.0,0.0
0,0,1.0,0.0,0.0,0.0,0.0,0.0,0.0,0.0
0,0,1.0,0.0,0.0,0.0,0.0,0.0,0.0,0.0
0,0,1.0,0.0,0.0,0.0,0.0,0.0,0.0,0.0
0,0,1.0,0.0,0.0,0.0,0.0,0.0,0.0,0.0
0,0,1.0,0.0,0.0,0.0,0.0,0.0,0.0,0.0
0,0,1.0,0.0,0.0,0.0,0.0,0.0,0.0,0.0
0,0,1.0,0.0,0.0,0.0,0.0,0.0,0.0,0.0
0,0,1.0,0.0,0.0,0.0,0.0,0.0,0.0,0.0
0,0,1.0,0.0,0.0,0.0,0.0,0.0,0.0,0.0
0,0,1.0,0.0,0.0,0.0,0.0,0.0,0.0,0.0
0,0,1.0,0.0,0.0,0.0,0.0,0.0,0.0,0.0
0,0,1.0,0.0,0.0,0.0,0.0,0.0,0.0,0.0
0,0,1.0,0.0,0.0,0.0,0.0,0.0,0.0,0.0
0,0,1.0,0.0,0.0,0.0,0.0,0.0,0.0,0.0
0,0,1.0,0.0,0.0,0.0,0.0,0.0,0.0,0.0
0,0,1.0,0.0,0.0,0.0,0.0,0.0,0.0,0.0
0,0,1.0,0.0,0.0,0.0,0.0,0.0,0.0,0.0
0,0,1.0,0.0,0.0,0.0,0.0,0.0,0.0,0.0
0,0,1.0,0.0,0.0,0.0,0.0,0.0,0.0,0.0
0,0,1.0,0.0,0.0,0.0,0.0,0.0,0.0,0.0
0,0,1.0,0.0,0.0,0.0,0.0,0.0,0.0,0.0
0,0,1.0,0.0,0.0,0.0,0.0,0.0,0.0,0.0
0,0,1.0,0.0,0.0,0.0,0.0,0.0,0.0,0.0
0,0,1.0,0.0,0.0,0.0,0.0,0.0,0.0,0.0
0,0,1.0,0.0,0.0,0.0,0.0,0.0,0.0,0.0
0,0,1.0,0.0,0.0,0.0,0.0,0.0,0.0,0.0
0,0,1.0,0.0,0.0,0.0,0.0,0.0,0.0,0.0
0,0,1.0,0.0,0.0,0.0,0.0,0.0,0.0,0.0
0,0,1.0,0.0,0.0,0.0,0.0,0.0,0.0,0.0
0,0,1.0,0.0,0.0,0.0,0.0,0.0,0.0,0.0
0,0,1.0,0.0,0.0,0.0,0.0,0.0,0.0,0.0
0,0,1.0,0.0,0.0,0.0,0.0,0.0,0.0,0.0
0,0,1.0,0.0,0.0,0.0,0.0,0.0,0.0,0.0
0,0,1.0,0.0,0.0,0.0,0.0,0.0,0.0,0.0
0,0,1.0,0.0,0.0,0.0,0.0,0.0,0.0,0.0
0,0,1.0,0.0,0.0,0.0,0.0,0.0,0.0,0.0
0,0,1.0,0.0,0.0,0.0,0.0,0.0,0.0,0.0
0,0,1.0,0.0,0.0,0.0,0.0,0.0,0.0,0.0
0,0,1.0,0.0,0.0,0.0,0.0,0.0,0.0,0.0
0,0,1.0,0.0,0.0,0.0,0.0,0.0,0.0,0.0
0,0,1.0,0.0,0.0,0.0,0.0,0.0,0.0,0.0
0,0,1.0,0.0,0.0,0.0,0.0,0.0,0.0,0.0
0,0,1.0,0.0,0.0,0.0,0.0,0.0,0.0,0.0
0,0,1.0,0.0,0.0,0.0,0.0,0.0,0.0,0.0
0,0,1.0,0.0,0.0,0.0,0.0,0.0,0.0,0.0
0,0,1.0,0.0,0.0,0.0,0.0,0.0,0.0,0.0
0,0,1.0,0.0,0.0,0.0,0.0,0.0,0.0,0.0
0,0,1.0,0.0,0.0,0.0,0.0,0.0,0.0,0.0
0,0,1.0,0.0,0.0,0.0,0.0,0.0,0.0,0.0
0,0,1.0,0.0,0.0,0.0,0.0,0.0,0.0,0.0
0,0,1.0,0.0,0.0,0.0,0.0,0.0,0.0,0.0
0,0,1.0,0.0,0.0,0.0,0.0,0.0,0.0,0.0
0,0,1.0,0.0,0.0,0.0,0.0,0.0,0.0,0.0
0,0,1.0,0.0,0.0,0.0,0.0,0.0,0.0,0.0
0,0,1.0,0.0,0.0,0.0,0.0,0.0,0.0,0.0
0,0,1.0,0.0,0.0,0.0,0.0,0.0,0.0,0.0
0,0,1.0,0.0,0.0,0.0,0.0,0.0,0.0,0.0
0,0,1.0,0.0,0.0,0.0,0.0,0.0,0.0,0.0
0,0,1.0,0.0,0.0,0.0,0.0,0.0,0.0,0.0
0,0,1.0,0.0,0.0,0.0,0.0,0.0,0.0,0.0
0,0,1.0,0.0,0.0,0.0,0.0,0.0,0.0,0.0
0,0,1.0,0.0,0.0,0.0,0.0,0.0,0.0,0.0
0,0,1.0,0.0,0.0,0.0,0.0,0.0,0.0,0.0
0,0,1.0,0.0,0.0,0.0,0.0,0.0,0.0,0.0
0,0,1.0,0.0,0.0,0.0,0.0,0.0,0.0,0.0
0,0,1.0,0.0,0.0,0.0,0.0,0.0,0.0,0.0
0,0,1.0,0.0,0.0,0.0,0.0,0.0,0.0,0.0
0,0,1.0,0.0,0.0,0.0,0.0,0.0,0.0,0.0
0,0,1.0,0.0,0.0,0.0,0.0,0.0,0.0,0.0
0,0,1.0,0.0,0.0,0.0,0.0,0.0,0.0,0.0
0,0,1.0,0.0,0.0,0.0,0.0,0.0,0.0,0.0
0,0,1.0,0.0,0.0,0.0,0.0,0.0,0.0,0.0
0,0,1.0,0.0,0.0,0.0,0.0,0.0,0.0,0.0
0,0,1.0,0.0,0.0,0.0,0.0,0.0,0.0,0.0
0,0,1.0,0.0,0.0,0.0,0.0,0.0,0.0,0.0
0,0,1.0,0.0,0.0,0.0,0.0,0.0,0.0,0.0
0,0,1.0,0.0,0.0,0.0,0.0,0.0,0.0,0.0
0,0,1.0,0.0,0.0,0.0,0.0,0.0,0.0,0.0
0,0,1.0,0.0,0.0,0.0,0.0,0.0,0.0,0.0
0,0,1.0,0.0,0.0,0.0,0.0,0.0,0.0,0.0
0,0,1.0,0.0,0.0,0.0,0.0,0.0,0.0,0.0
0,0,1.0,0.0,0.0,0.0,0.0,0.0,0.0,0.0
0,0,1.0,0.0,0.0,0.0,0.0,0.0,0.0,0.0
0,0,1.0,0.0,0.0,0.0,0.0,0.0,0.0,0.0
0,0,1.0,0.0,0.0,0.0,0.0,0.0,0.0,0.0
0,0,1.0,0.0,0.0,0.0,0.0,0.0,0.0,0.0
0,0,1.0,0.0,0.0,0.0,0.0,0.0,0.0,0.0
0,0,1.0,0.0,0.0,0.0,0.0,0.0,0.0,0.0
0,0,1.0,0.0,0.0,0.0,0.0,0.0,0.0,0.0
0,0,1.0,0.0,0.0,0.0,0.0,0.0,0.0,0.0
0,0,1.0,0.0,0.0,0.0,0.0,0.0,0.0,0.0
0,0,1.0,0.0,0.0,0.0,0.0,0.0,0.0,0.0
0,0,1.0,0.0,0.0,0.0,0.0,0.0,0.0,0.0
0,0,1.0,0.0,0.0,0.0,0.0,0.0,0.0,0.0
0,0,1.0,0.0,0.0,0.0,0.0,0.0,0.0,0.0
0,0,1.0,0.0,0.0,0.0,0.0,0.0,0.0,0.0
0,0,1.0,0.0,0.0,0.0,0.0,0.0,0.0,0.0
0,0,1.0,0.0,0.0,0.0,0.0,0.0,0.0,0.0
0,0,1.0,0.0,0.0,0.0,0.0,0.0,0.0,0.0
0,0,1.0,0.0,0.0,0.0,0.0,0.0,0.0,0.0
0,0,1.0,0.0,0.0,0.0,0.0,0.0,0.0,0.0
0,0,1.0,0.0,0.0,0.0,0.0,0.0,0.0,0.0
0,0,1.0,0.0,0.0,0.0,0.0,0.0,0.0,0.0
0,0,1.0,0.0,0.0,0.0,0.0,0.0,0.0,0.0
0,0,1.0,0.0,0.0,0.0,0.0,0.0,0.0,0.0
0,0,1.0,0.0,0.0,0.0,0.0,0.0,0.0,0.0
0,0,1.0,0.0,0.0,0.0,0.0,0.0,0.0,0.0
0,0,1.0,0.0,0.0,0.0,0.0,0.0,0.0,0.0
0,0,1.0,0.0,0.0,0.0,0.0,0.0,0.0,0.0
0,0,1.0,0.0,0.0,0.0,0.0,0.0,0.0,0.0
0,0,1.0,0.0,0.0,0.0,0.0,0.0,0.0,0.0
0,0,1.0,0.0,0.0,0.0,0.0,0.0,0.0,0.0
0,0,1.0,0.0,0.0,0.0,0.0,0.0,0.0,0.0
0,0,1.0,0.0,0.0,0.0,0.0,0.0,0.0,0.0
0,0,1.0,0.0,0.0,0.0,0.0,0.0,0.0,0.0
0,0,1.0,0.0,0.0,0.0,0.0,0.0,0.0,0.0
0,0,1.0,0.0,0.0,0.0,0.0,0.0,0.0,0.0
0,0,1.0,0.0,0.0,0.0,0.0,0.0,0.0,0.0
0,0,1.0,0.0,0.0,0.0,0.0,0.0,0.0,0.0
0,0,1.0,0.0,0.0,0.0,0.0,0.0,0.0,0.0
0,0,1.0,0.0,0.0,0.0,0.0,0.0,0.0,0.0
0,0,1.0,0.0,0.0,0.0,0.0,0.0,0.0,0.0
0,0,1.0,0.0,0.0,0.0,0.0,0.0,0.0,0.0
0,0,1.0,0.0,0.0,0.0,0.0,0.0,0.0,0.0
0,0,1.0,0.0,0.0,0.0,0.0,0.0,0.0,0.0
0,0,1.0,0.0,0.0,0.0,0.0,0.0,0.0,0.0
0,0,1.0,0.0,0.0,0.0,0.0,0.0,0.0,0.0
0,0,1.0,0.0,0.0,0.0,0.0,0.0,0.0,0.0
0,0,1.0,0.0,0.0,0.0,0.0,0.0,0.0,0.0
0,0,1.0,0.0,0.0,0.0,0.0,0.0,0.0,0.0
0,0,1.0,0.0,0.0,0.0,0.0,0.0,0.0,0.0
0,0,1.0,0.0,0.0,0.0,0.0,0.0,0.0,0.0
0,0,1.0,0.0,0.0,0.0,0.0,0.0,0.0,0.0
0,0,1.0,0.0,0.0,0.0,0.0,0.0,0.0,0.0
0,0,1.0,0.0,0.0,0.0,0.0,0.0,0.0,0.0
0,0,1.0,0.0,0.0,0.0,0.0,0.0,0.0,0.0
0,0,1.0,0.0,0.0,0.0,0.0,0.0,0.0,0.0
0,0,1.0,0.0,0.0,0.0,0.0,0.0,0.0,0.0
0,0,1.0,0.0,0.0,0.0,0.0,0.0,0.0,0.0
0,0,1.0,0.0,0.0,0.0,0.0,0.0,0.0,0.0
0,0,1.0,0.0,0.0,0.0,0.0,0.0,0.0,0.0
0,0,1.0,0.0,0.0,0.0,0.0,0.0,0.0,0.0
0,0,1.0,0.0,0.0,0.0,0.0,0.0,0.0,0.0
0,0,1.0,0.0,0.0,0.0,0.0,0.0,0.0,0.0
0,0,1.0,0.0,0.0,0.0,0.0,0.0,0.0,0.0
0,0,1.0,0.0,0.0,0.0,0.0,0.0,0.0,0.0
0,0,1.0,0.0,0.0,0.0,0.0,0.0,0.0,0.0
0,0,1.0,0.0,0.0,0.0,0.0,0.0,0.0,0.0
0,0,1.0,0.0,0.0,0.0,0.0,0.0,0.0,0.0
0,0,1.0,0.0,0.0,0.0,0.0,0.0,0.0,0.0
0,0,1.0,0.0,0.0,0.0,0.0,0.0,0.0,0.0
0,0,1.0,0.0,0.0,0.0,0.0,0.0,0.0,0.0
0,0,1.0,0.0,0.0,0.0,0.0,0.0,0.0,0.0
0,0,1.0,0.0,0.0,0.0,0.0,0.0,0.0,0.0
0,0,1.0,0.0,0.0,0.0,0.0,0.0,0.0,0.0
0,0,1.0,0.0,0.0,0.0,0.0,0.0,0.0,0.0
0,0,1.0,0.0,0.0,0.0,0.0,0.0,0.0,0.0
0,0,1.0,0.0,0.0,0.0,0.0,0.0,0.0,0.0
0,0,1.0,0.0,0.0,0.0,0.0,0.0,0.0,0.0
0,0,1.0,0.0,0.0,0.0,0.0,0.0,0.0,0.0
0,0,1.0,0.0,0.0,0.0,0.0,0.0,0.0,0.0
0,0,1.0,0.0,0.0,0.0,0.0,0.0,0.0,0.0
0,0,1.0,0.0,0.0,0.0,0.0,0.0,0.0,0.0
0,0,1.0,0.0,0.0,0.0,0.0,0.0,0.0,0.0
0,0,1.0,0.0,0.0,0.0,0.0,0.0,0.0,0.0
0,0,1.0,0.0,0.0,0.0,0.0,0.0,0.0,0.0
0,0,1.0,0.0,0.0,0.0,0.0,0.0,0.0,0.0
0,0,1.0,0.0,0.0,0.0,0.0,0.0,0.0,0.0
0,0,1.0,0.0,0.0,0.0,0.0,0.0,0.0,0.0
0,0,1.0,0.0,0.0,0.0,0.0,0.0,0.0,0.0
0,0,1.0,0.0,0.0,0.0,0.0,0.0,0.0,0.0
0,0,1.0,0.0,0.0,0.0,0.0,0.0,0.0,0.0
0,0,1.0,0.0,0.0,0.0,0.0,0.0,0.0,0.0
0,0,1.0,0.0,0.0,0.0,0.0,0.0,0.0,0.0
0,0,1.0,0.0,0.0,0.0,0.0,0.0,0.0,0.0
0,0,1.0,0.0,0.0,0.0,0.0,0.0,0.0,0.0
0,0,1.0,0.0,0.0,0.0,0.0,0.0,0.0,0.0
0,0,1.0,0.0,0.0,0.0,0.0,0.0,0.0,0.0
0,0,1.0,0.0,0.0,0.0,0.0,0.0,0.0,0.0
0,0,1.0,0.0,0.0,0.0,0.0,0.0,0.0,0.0
0,0,1.0,0.0,0.0,0.0,0.0,0.0,0.0,0.0
0,0,1.0,0.0,0.0,0.0,0.0,0.0,0.0,0.0
0,0,1.0,0.0,0.0,0.0,0.0,0.0,0.0,0.0
0,0,1.0,0.0,0.0,0.0,0.0,0.0,0.0,0.0
0,0,1.0,0.0,0.0,0.0,0.0,0.0,0.0,0.0
0,0,1.0,0.0,0.0,0.0,0.0,0.0,0.0,0.0
0,0,1.0,0.0,0.0,0.0,0.0,0.0,0.0,0.0
0,0,1.0,0.0,0.0,0.0,0.0,0.0,0.0,0.0
0,0,1.0,0.0,0.0,0.0,0.0,0.0,0.0,0.0
0,0,1.0,0.0,0.0,0.0,0.0,0.0,0.0,0.0
0,0,1.0,0.0,0.0,0.0,0.0,0.0,0.0,0.0
0,0,1.0,0.0,0.0,0.0,0.0,0.0,0.0,0.0
0,0,1.0,0.0,0.0,0.0,0.0,0.0,0.0,0.0
0,0,1.0,0.0,0.0,0.0,0.0,0.0,0.0,0.0
0,0,1.0,0.0,0.0,0.0,0.0,0.0,0.0,0.0
0,0,1.0,0.0,0.0,0.0,0.0,0.0,0.0,0.0
0,0,1.0,0.0,0.0,0.0,0.0,0.0,0.0,0.0
0,0,1.0,0.0,0.0,0.0,0.0,0.0,0.0,0.0
0,0,1.0,0.0,0.0,0.0,0.0,0.0,0.0,0.0
0,0,1.0,0.0,0.0,0.0,0.0,0.0,0.0,0.0
0,0,1.0,0.0,0.0,0.0,0.0,0.0,0.0,0.0
0,0,1.0,0.0,0.0,0.0,0.0,0.0,0.0,0.0
0,0,1.0,0.0,0.0,0.0,0.0,0.0,0.0,0.0
0,0,1.0,0.0,0.0,0.0,0.0,0.0,0.0,0.0
0,0,1.0,0.0,0.0,0.0,0.0,0.0,0.0,0.0
0,0,1.0,0.0,0.0,0.0,0.0,0.0,0.0,0.0
0,0,1.0,0.0,0.0,0.0,0.0,0.0,0.0,0.0
0,0,1.0,0.0,0.0,0.0,0.0,0.0,0.0,0.0
0,0,1.0,0.0,0.0,0.0,0.0,0.0,0.0,0.0
0,0,1.0,0.0,0.0,0.0,0.0,0.0,0.0,0.0
0,0,1.0,0.0,0.0,0.0,0.0,0.0,0.0,0.0
0,0,1.0,0.0,0.0,0.0,0.0,0.0,0.0,0.0
0,0,1.0,0.0,0.0,0.0,0.0,0.0,0.0,0.0
0,0,1.0,0.0,0.0,0.0,0.0,0.0,0.0,0.0
0,0,1.0,0.0,0.0,0.0,0.0,0.0,0.0,0.0
0,0,1.0,0.0,0.0,0.0,0.0,0.0,0.0,0.0
0,0,1.0,0.0,0.0,0.0,0.0,0.0,0.0,0.0
0,0,1.0,0.0,0.0,0.0,0.0,0.0,0.0,0.0
0,0,1.0,0.0,0.0,0.0,0.0,0.0,0.0,0.0
0,0,1.0,0.0,0.0,0.0,0.0,0.0,0.0,0.0
0,0,1.0,0.0,0.0,0.0,0.0,0.0,0.0,0.0
0,0,1.0,0.0,0.0,0.0,0.0,0.0,0.0,0.0
0,0,1.0,0.0,0.0,0.0,0.0,0.0,0.0,0.0
0,0,1.0,0.0,0.0,0.0,0.0,0.0,0.0,0.0
0,0,1.0,0.0,0.0,0.0,0.0,0.0,0.0,0.0
0,0,1.0,0.0,0.0,0.0,0.0,0.0,0.0,0.0
0,0,1.0,0.0,0.0,0.0,0.0,0.0,0.0,0.0
0,0,1.0,0.0,0.0,0.0,0.0,0.0,0.0,0.0
0,0,1.0,0.0,0.0,0.0,0.0,0.0,0.0,0.0
0,0,1.0,0.0,0.0,0.0,0.0,0.0,0.0,0.0
0,0,1.0,0.0,0.0,0.0,0.0,0.0,0.0,0.0
0,0,1.0,0.0,0.0,0.0,0.0,0.0,0.0,0.0
0,0,1.0,0.0,0.0,0.0,0.0,0.0,0.0,0.0
0,0,1.0,0.0,0.0,0.0,0.0,0.0,0.0,0.0
0,0,1.0,0.0,0.0,0.0,0.0,0.0,0.0,0.0
0,0,1.0,0.0,0.0,0.0,0.0,0.0,0.0,0.0
0,0,1.0,0.0,0.0,0.0,0.0,0.0,0.0,0.0
0,0,1.0,0.0,0.0,0.0,0.0,0.0,0.0,0.0
0,0,1.0,0.0,0.0,0.0,0.0,0.0,0.0,0.0
0,0,1.0,0.0,0.0,0.0,0.0,0.0,0.0,0.0
0,0,1.0,0.0,0.0,0.0,0.0,0.0,0.0,0.0
0,0,1.0,0.0,0.0,0.0,0.0,0.0,0.0,0.0
0,0,1.0,0.0,0.0,0.0,0.0,0.0,0.0,0.0
0,0,1.0,0.0,0.0,0.0,0.0,0.0,0.0,0.0
0,0,1.0,0.0,0.0,0.0,0.0,0.0,0.0,0.0
0,0,1.0,0.0,0.0,0.0,0.0,0.0,0.0,0.0
0,0,1.0,0.0,0.0,0.0,0.0,0.0,0.0,0.0
0,0,1.0,0.0,0.0,0.0,0.0,0.0,0.0,0.0
0,0,1.0,0.0,0.0,0.0,0.0,0.0,0.0,0.0
0,0,1.0,0.0,0.0,0.0,0.0,0.0,0.0,0.0
0,0,1.0,0.0,0.0,0.0,0.0,0.0,0.0,0.0
0,0,1.0,0.0,0.0,0.0,0.0,0.0,0.0,0.0
0,0,1.0,0.0,0.0,0.0,0.0,0.0,0.0,0.0
0,0,1.0,0.0,0.0,0.0,0.0,0.0,0.0,0.0
0,0,1.0,0.0,0.0,0.0,0.0,0.0,0.0,0.0
0,0,1.0,0.0,0.0,0.0,0.0,0.0,0.0,0.0
0,0,1.0,0.0,0.0,0.0,0.0,0.0,0.0,0.0
0,0,1.0,0.0,0.0,0.0,0.0,0.0,0.0,0.0
0,0,1.0,0.0,0.0,0.0,0.0,0.0,0.0,0.0
0,0,1.0,0.0,0.0,0.0,0.0,0.0,0.0,0.0
0,0,1.0,0.0,0.0,0.0,0.0,0.0,0.0,0.0
0,0,1.0,0.0,0.0,0.0,0.0,0.0,0.0,0.0
0,0,1.0,0.0,0.0,0.0,0.0,0.0,0.0,0.0
0,0,1.0,0.0,0.0,0.0,0.0,0.0,0.0,0.0
0,0,1.0,0.0,0.0,0.0,0.0,0.0,0.0,0.0
0,0,1.0,0.0,0.0,0.0,0.0,0.0,0.0,0.0
0,0,1.0,0.0,0.0,0.0,0.0,0.0,0.0,0.0
0,0,1.0,0.0,0.0,0.0,0.0,0.0,0.0,0.0
0,0,1.0,0.0,0.0,0.0,0.0,0.0,0.0,0.0
0,0,1.0,0.0,0.0,0.0,0.0,0.0,0.0,0.0
0,0,1.0,0.0,0.0,0.0,0.0,0.0,0.0,0.0
0,0,1.0,0.0,0.0,0.0,0.0,0.0,0.0,0.0
0,0,1.0,0.0,0.0,0.0,0.0,0.0,0.0,0.0
0,0,1.0,0.0,0.0,0.0,0.0,0.0,0.0,0.0
0,0,1.0,0.0,0.0,0.0,0.0,0.0,0.0,0.0
0,0,1.0,0.0,0.0,0.0,0.0,0.0,0.0,0.0
0,0,1.0,0.0,0.0,0.0,0.0,0.0,0.0,0.0
0,0,1.0,0.0,0.0,0.0,0.0,0.0,0.0,0.0
0,0,1.0,0.0,0.0,0.0,0.0,0.0,0.0,0.0
0,0,1.0,0.0,0.0,0.0,0.0,0.0,0.0,0.0
0,0,1.0,0.0,0.0,0.0,0.0,0.0,0.0,0.0
0,0,1.0,0.0,0.0,0.0,0.0,0.0,0.0,0.0
0,0,1.0,0.0,0.0,0.0,0.0,0.0,0.0,0.0
0,0,1.0,0.0,0.0,0.0,0.0,0.0,0.0,0.0
0,0,1.0,0.0,0.0,0.0,0.0,0.0,0.0,0.0
0,0,1.0,0.0,0.0,0.0,0.0,0.0,0.0,0.0
0,0,1.0,0.0,0.0,0.0,0.0,0.0,0.0,0.0
0,0,1.0,0.0,0.0,0.0,0.0,0.0,0.0,0.0
0,0,1.0,0.0,0.0,0.0,0.0,0.0,0.0,0.0
0,0,1.0,0.0,0.0,0.0,0.0,0.0,0.0,0.0
0,0,1.0,0.0,0.0,0.0,0.0,0.0,0.0,0.0
0,0,1.0,0.0,0.0,0.0,0.0,0.0,0.0,0.0
0,0,1.0,0.0,0.0,0.0,0.0,0.0,0.0,0.0
0,0,1.0,0.0,0.0,0.0,0.0,0.0,0.0,0.0
0,0,1.0,0.0,0.0,0.0,0.0,0.0,0.0,0.0
0,0,1.0,0.0,0.0,0.0,0.0,0.0,0.0,0.0
0,0,1.0,0.0,0.0,0.0,0.0,0.0,0.0,0.0
0,0,1.0,0.0,0.0,0.0,0.0,0.0,0.0,0.0
0,0,1.0,0.0,0.0,0.0,0.0,0.0,0.0,0.0
0,0,1.0,0.0,0.0,0.0,0.0,0.0,0.0,0.0
0,0,1.0,0.0,0.0,0.0,0.0,0.0,0.0,0.0
0,0,1.0,0.0,0.0,0.0,0.0,0.0,0.0,0.0
0,0,1.0,0.0,0.0,0.0,0.0,0.0,0.0,0.0
0,0,1.0,0.0,0.0,0.0,0.0,0.0,0.0,0.0
0,0,1.0,0.0,0.0,0.0,0.0,0.0,0.0,0.0
0,0,1.0,0.0,0.0,0.0,0.0,0.0,0.0,0.0
0,0,1.0,0.0,0.0,0.0,0.0,0.0,0.0,0.0
0,0,1.0,0.0,0.0,0.0,0.0,0.0,0.0,0.0
0,0,1.0,0.0,0.0,0.0,0.0,0.0,0.0,0.0
0,0,1.0,0.0,0.0,0.0,0.0,0.0,0.0,0.0
0,0,1.0,0.0,0.0,0.0,0.0,0.0,0.0,0.0
0,0,1.0,0.0,0.0,0.0,0.0,0.0,0.0,0.0
0,0,1.0,0.0,0.0,0.0,0.0,0.0,0.0,0.0
0,0,1.0,0.0,0.0,0.0,0.0,0.0,0.0,0.0
0,0,1.0,0.0,0.0,0.0,0.0,0.0,0.0,0.0
0,0,1.0,0.0,0.0,0.0,0.0,0.0,0.0,0.0
0,0,1.0,0.0,0.0,0.0,0.0,0.0,0.0,0.0
0,0,1.0,0.0,0.0,0.0,0.0,0.0,0.0,0.0
0,0,1.0,0.0,0.0,0.0,0.0,0.0,0.0,0.0
0,0,1.0,0.0,0.0,0.0,0.0,0.0,0.0,0.0
0,0,1.0,0.0,0.0,0.0,0.0,0.0,0.0,0.0
0,0,0.984375,0.015625,0.0,0.0,0.0,0.0,0.0,0.0
0,0,0.984375,0.015625,0.0,0.0,0.0,0.0,0.0,0.0
0,0,0.984375,0.015625,0.0,0.0,0.0,0.0,0.0,0.0
0,0,0.984375,0.015625,0.0,0.0,0.0,0.0,0.0,0.0
0,0,0.984375,0.015625,0.0,0.0,0.0,0.0,0.0,0.0
0,0,0.984375,0.015625,0.0,0.0,0.0,0.0,0.0,0.0
0,0,0.984375,0.015625,0.0,0.0,0.0,0.0,0.0,0.0
0,0,0.984375,0.015625,0.0,0.0,0.0,0.0,0.0,0.0
0,0,0.984375,0.015625,0.0,0.0,0.0,0.0,0.0,0.0
0,0,0.984375,0.015625,0.0,0.0,0.0,0.0,0.0,0.0
0,0,0.984375,0.015625,0.0,0.0,0.0,0.0,0.0,0.0
0,0,0.984375,0.015625,0.0,0.0,0.0,0.0,0.0,0.0
0,0,1.0,0.0,0.0,0.0,0.0,0.0,0.0,0.0
0,0,1.0,0.0,0.0,0.0,0.0,0.0,0.0,0.0
0,0,1.0,0.0,0.0,0.0,0.0,0.0,0.0,0.0
0,0,1.0,0.0,0.0,0.0,0.0,0.0,0.0,0.0
0,0,0.984375,0.0,0.0,0.0,0.015625,0.0,0.0,0.0
0,0,0.984375,0.0,0.0,0.0,0.015625,0.0,0.0,0.0
0,0,0.984375,0.0,0.0,0.0,0.015625,0.0,0.0,0.0
0,0,0.984375,0.0,0.0,0.0,0.015625,0.0,0.0,0.0
0,0,0.984375,0.0,0.0,0.0,0.015625,0.0,0.0,0.0
0,0,0.984375,0.0,0.0,0.0,0.015625,0.0,0.0,0.0
0,0,0.984375,0.0,0.0,0.0,0.015625,0.0,0.0,0.0
0,0,0.984375,0.0,0.0,0.0,0.015625,0.0,0.0,0.0
0,0,0.984375,0.0,0.0,0.0,0.015625,0.0,0.0,0.0
0,0,0.984375,0.0,0.0,0.0,0.015625,0.0,0.0,0.0
0,0,0.984375,0.0,0.0,0.0,0.015625,0.0,0.0,0.0
0,0,0.984375,0.0,0.0,0.0,0.015625,0.0,0.0,0.0
0,0,0.984375,0.0,0.0,0.0,0.015625,0.0,0.0,0.0
0,0,0.984375,0.0,0.0,0.0,0.015625,0.0,0.0,0.0
0,0,0.984375,0.0,0.0,0.0,0.015625,0.0,0.0,0.0
0,0,0.984375,0.0,0.0,0.0,0.015625,0.0,0.0,0.0
0,0,0.984375,0.0,0.0,0.0,0.015625,0.0,0.0,0.0
0,0,0.984375,0.0,0.0,0.0,0.015625,0.0,0.0,0.0
0,0,0.984375,0.0,0.0,0.0,0.015625,0.0,0.0,0.0
0,0,0.984375,0.0,0.0,0.0,0.015625,0.0,0.0,0.0
0,0,1.0,0.0,0.0,0.0,0.0,0.0,0.0,0.0
0,0,1.0,0.0,0.0,0.0,0.0,0.0,0.0,0.0
0,0,1.0,0.0,0.0,0.0,0.0,0.0,0.0,0.0
0,0,1.0,0.0,0.0,0.0,0.0,0.0,0.0,0.0
0,0,1.0,0.0,0.0,0.0,0.0,0.0,0.0,0.0
0,0,1.0,0.0,0.0,0.0,0.0,0.0,0.0,0.0
0,0,1.0,0.0,0.0,0.0,0.0,0.0,0.0,0.0
0,0,1.0,0.0,0.0,0.0,0.0,0.0,0.0,0.0
0,0,1.0,0.0,0.0,0.0,0.0,0.0,0.0,0.0
0,0,1.0,0.0,0.0,0.0,0.0,0.0,0.0,0.0
0,0,1.0,0.0,0.0,0.0,0.0,0.0,0.0,0.0
0,0,1.0,0.0,0.0,0.0,0.0,0.0,0.0,0.0
0,0,1.0,0.0,0.0,0.0,0.0,0.0,0.0,0.0
0,0,1.0,0.0,0.0,0.0,0.0,0.0,0.0,0.0
0,0,1.0,0.0,0.0,0.0,0.0,0.0,0.0,0.0
0,0,1.0,0.0,0.0,0.0,0.0,0.0,0.0,0.0
0,0,1.0,0.0,0.0,0.0,0.0,0.0,0.0,0.0
0,0,1.0,0.0,0.0,0.0,0.0,0.0,0.0,0.0
0,0,1.0,0.0,0.0,0.0,0.0,0.0,0.0,0.0
0,0,1.0,0.0,0.0,0.0,0.0,0.0,0.0,0.0
0,0,1.0,0.0,0.0,0.0,0.0,0.0,0.0,0.0
0,0,1.0,0.0,0.0,0.0,0.0,0.0,0.0,0.0
0,0,1.0,0.0,0.0,0.0,0.0,0.0,0.0,0.0
0,0,1.0,0.0,0.0,0.0,0.0,0.0,0.0,0.0
0,0,1.0,0.0,0.0,0.0,0.0,0.0,0.0,0.0
0,0,1.0,0.0,0.0,0.0,0.0,0.0,0.0,0.0
0,0,1.0,0.0,0.0,0.0,0.0,0.0,0.0,0.0
0,0,1.0,0.0,0.0,0.0,0.0,0.0,0.0,0.0
0,0,1.0,0.0,0.0,0.0,0.0,0.0,0.0,0.0
0,0,1.0,0.0,0.0,0.0,0.0,0.0,0.0,0.0
0,0,1.0,0.0,0.0,0.0,0.0,0.0,0.0,0.0
0,0,1.0,0.0,0.0,0.0,0.0,0.0,0.0,0.0
0,0,1.0,0.0,0.0,0.0,0.0,0.0,0.0,0.0
0,0,1.0,0.0,0.0,0.0,0.0,0.0,0.0,0.0
0,0,1.0,0.0,0.0,0.0,0.0,0.0,0.0,0.0
0,0,1.0,0.0,0.0,0.0,0.0,0.0,0.0,0.0
0,0,1.0,0.0,0.0,0.0,0.0,0.0,0.0,0.0
0,0,1.0,0.0,0.0,0.0,0.0,0.0,0.0,0.0
0,0,1.0,0.0,0.0,0.0,0.0,0.0,0.0,0.0
0,0,1.0,0.0,0.0,0.0,0.0,0.0,0.0,0.0
0,0,1.0,0.0,0.0,0.0,0.0,0.0,0.0,0.0
0,0,1.0,0.0,0.0,0.0,0.0,0.0,0.0,0.0
0,0,1.0,0.0,0.0,0.0,0.0,0.0,0.0,0.0
0,0,1.0,0.0,0.0,0.0,0.0,0.0,0.0,0.0
0,0,1.0,0.0,0.0,0.0,0.0,0.0,0.0,0.0
0,0,1.0,0.0,0.0,0.0,0.0,0.0,0.0,0.0
0,0,1.0,0.0,0.0,0.0,0.0,0.0,0.0,0.0
0,0,1.0,0.0,0.0,0.0,0.0,0.0,0.0,0.0
0,0,0.984375,0.015625,0.0,0.0,0.0,0.0,0.0,0.0
0,0,0.984375,0.015625,0.0,0.0,0.0,0.0,0.0,0.0
0,0,0.984375,0.015625,0.0,0.0,0.0,0.0,0.0,0.0
0,0,0.984375,0.015625,0.0,0.0,0.0,0.0,0.0,0.0
0,0,0.984375,0.015625,0.0,0.0,0.0,0.0,0.0,0.0
0,0,0.984375,0.015625,0.0,0.0,0.0,0.0,0.0,0.0
0,0,0.984375,0.015625,0.0,0.0,0.0,0.0,0.0,0.0
0,0,0.984375,0.015625,0.0,0.0,0.0,0.0,0.0,0.0
0,0,0.984375,0.015625,0.0,0.0,0.0,0.0,0.0,0.0
0,0,0.984375,0.015625,0.0,0.0,0.0,0.0,0.0,0.0
0,0,0.984375,0.015625,0.0,0.0,0.0,0.0,0.0,0.0
0,0,0.984375,0.015625,0.0,0.0,0.0,0.0,0.0,0.0
0,0,0.984375,0.015625,0.0,0.0,0.0,0.0,0.0,0.0
0,0,0.984375,0.015625,0.0,0.0,0.0,0.0,0.0,0.0
0,0,0.984375,0.015625,0.0,0.0,0.0,0.0,0.0,0.0
0,0,0.984375,0.015625,0.0,0.0,0.0,0.0,0.0,0.0
0,0,0.984375,0.015625,0.0,0.0,0.0,0.0,0.0,0.0
0,0,0.984375,0.015625,0.0,0.0,0.0,0.0,0.0,0.0
0,0,0.984375,0.015625,0.0,0.0,0.0,0.0,0.0,0.0
0,0,0.984375,0.015625,0.0,0.0,0.0,0.0,0.0,0.0
0,0,0.984375,0.015625,0.0,0.0,0.0,0.0,0.0,0.0
0,0,0.984375,0.015625,0.0,0.0,0.0,0.0,0.0,0.0
0,0,0.984375,0.015625,0.0,0.0,0.0,0.0,0.0,0.0
0,0,0.984375,0.015625,0.0,0.0,0.0,0.0,0.0,0.0
0,0,0.96875,0.03125,0.0,0.0,0.0,0.0,0.0,0.0
0,0,0.96875,0.03125,0.0,0.0,0.0,0.0,0.0,0.0
0,0,0.96875,0.03125,0.0,0.0,0.0,0.0,0.0,0.0
0,0,0.96875,0.03125,0.0,0.0,0.0,0.0,0.0,0.0
0,0,0.96875,0.03125,0.0,0.0,0.0,0.0,0.0,0.0
0,0,0.96875,0.03125,0.0,0.0,0.0,0.0,0.0,0.0
0,0,0.96875,0.03125,0.0,0.0,0.0,0.0,0.0,0.0
0,0,0.96875,0.03125,0.0,0.0,0.0,0.0,0.0,0.0
0,0,0.96875,0.03125,0.0,0.0,0.0,0.0,0.0,0.0
0,0,0.96875,0.03125,0.0,0.0,0.0,0.0,0.0,0.0
0,0,0.96875,0.03125,0.0,0.0,0.0,0.0,0.0,0.0
0,0,0.96875,0.03125,0.0,0.0,0.0,0.0,0.0,0.0
0,0,0.96875,0.03125,0.0,0.0,0.0,0.0,0.0,0.0
0,0,0.96875,0.03125,0.0,0.0,0.0,0.0,0.0,0.0
0,0,0.96875,0.03125,0.0,0.0,0.0,0.0,0.0,0.0
0,0,0.96875,0.03125,0.0,0.0,0.0,0.0,0.0,0.0
0,0,0.96875,0.03125,0.0,0.0,0.0,0.0,0.0,0.0
0,0,0.96875,0.03125,0.0,0.0,0.0,0.0,0.0,0.0
0,0,0.96875,0.03125,0.0,0.0,0.0,0.0,0.0,0.0
0,0,0.96875,0.03125,0.0,0.0,0.0,0.0,0.0,0.0
0,0,0.96875,0.03125,0.0,0.0,0.0,0.0,0.0,0.0
0,0,0.96875,0.03125,0.0,0.0,0.0,0.0,0.0,0.0
0,0,0.96875,0.03125,0.0,0.0,0.0,0.0,0.0,0.0
0,0,0.96875,0.03125,0.0,0.0,0.0,0.0,0.0,0.0
0,0,0.96875,0.03125,0.0,0.0,0.0,0.0,0.0,0.0
0,0,0.96875,0.03125,0.0,0.0,0.0,0.0,0.0,0.0
0,0,0.96875,0.03125,0.0,0.0,0.0,0.0,0.0,0.0
0,0,0.96875,0.03125,0.0,0.0,0.0,0.0,0.0,0.0
0,0,0.96875,0.03125,0.0,0.0,0.0,0.0,0.0,0.0
0,0,0.96875,0.03125,0.0,0.0,0.0,0.0,0.0,0.0
0,0,0.96875,0.03125,0.0,0.0,0.0,0.0,0.0,0.0
0,0,0.96875,0.03125,0.0,0.0,0.0,0.0,0.0,0.0
0,0,0.96875,0.03125,0.0,0.0,0.0,0.0,0.0,0.0
0,0,0.96875,0.03125,0.0,0.0,0.0,0.0,0.0,0.0
0,0,0.96875,0.03125,0.0,0.0,0.0,0.0,0.0,0.0
0,0,0.96875,0.03125,0.0,0.0,0.0,0.0,0.0,0.0
0,0,0.953125,0.046875,0.0,0.0,0.0,0.0,0.0,0.0
0,0,0.953125,0.046875,0.0,0.0,0.0,0.0,0.0,0.0
0,0,0.953125,0.046875,0.0,0.0,0.0,0.0,0.0,0.0
0,0,0.953125,0.046875,0.0,0.0,0.0,0.0,0.0,0.0
0,0,0.953125,0.046875,0.0,0.0,0.0,0.0,0.0,0.0
0,0,0.953125,0.046875,0.0,0.0,0.0,0.0,0.0,0.0
0,0,0.953125,0.046875,0.0,0.0,0.0,0.0,0.0,0.0
0,0,0.953125,0.046875,0.0,0.0,0.0,0.0,0.0,0.0
0,0,0.953125,0.046875,0.0,0.0,0.0,0.0,0.0,0.0
0,0,0.953125,0.046875,0.0,0.0,0.0,0.0,0.0,0.0
0,0,0.953125,0.046875,0.0,0.0,0.0,0.0,0.0,0.0
0,0,0.953125,0.046875,0.0,0.0,0.0,0.0,0.0,0.0
0,0,0.953125,0.046875,0.0,0.0,0.0,0.0,0.0,0.0
0,0,0.953125,0.046875,0.0,0.0,0.0,0.0,0.0,0.0
0,0,0.953125,0.046875,0.0,0.0,0.0,0.0,0.0,0.0
0,0,0.9375,0.0625,0.0,0.0,0.0,0.0,0.0,0.0
0,0,0.9375,0.0625,0.0,0.0,0.0,0.0,0.0,0.0
0,0,0.9375,0.0625,0.0,0.0,0.0,0.0,0.0,0.0
0,0,0.9375,0.0625,0.0,0.0,0.0,0.0,0.0,0.0
0,0,0.9375,0.0625,0.0,0.0,0.0,0.0,0.0,0.0
0,0,0.921875,0.078125,0.0,0.0,0.0,0.0,0.0,0.0
0,0,0.921875,0.078125,0.0,0.0,0.0,0.0,0.0,0.0
0,0,0.921875,0.078125,0.0,0.0,0.0,0.0,0.0,0.0
0,0,0.90625,0.09375,0.0,0.0,0.0,0.0,0.0,0.0
0,0,0.875,0.125,0.0,0.0,0.0,0.0,0.0,0.0
0,0,0.875,0.125,0.0,0.0,0.0,0.0,0.0,0.0
0,0,0.875,0.125,0.0,0.0,0.0,0.0,0.0,0.0
0,0,0.875,0.125,0.0,0.0,0.0,0.0,0.0,0.0
0,0,0.859375,0.140625,0.0,0.0,0.0,0.0,0.0,0.0
0,0,0.859375,0.140625,0.0,0.0,0.0,0.0,0.0,0.0
0,0,0.859375,0.140625,0.0,0.0,0.0,0.0,0.0,0.0
0,0,0.859375,0.140625,0.0,0.0,0.0,0.0,0.0,0.0
0,0,0.796875,0.1875,0.015625,0.0,0.0,0.0,0.0,0.0
0,0,0.796875,0.1875,0.015625,0.0,0.0,0.0,0.0,0.0
0,0,0.796875,0.1875,0.015625,0.0,0.0,0.0,0.0,0.0
0,0,0.796875,0.1875,0.015625,0.0,0.0,0.0,0.0,0.0
0,0,0.796875,0.1875,0.015625,0.0,0.0,0.0,0.0,0.0
0,0,0.796875,0.1875,0.015625,0.0,0.0,0.0,0.0,0.0
0,0,0.796875,0.1875,0.015625,0.0,0.0,0.0,0.0,0.0
0,0,0.796875,0.1875,0.015625,0.0,0.0,0.0,0.0,0.0
0,0,0.796875,0.1875,0.015625,0.0,0.0,0.0,0.0,0.0
0,0,0.796875,0.1875,0.015625,0.0,0.0,0.0,0.0,0.0
0,0,0.796875,0.1875,0.015625,0.0,0.0,0.0,0.0,0.0
0,0,0.796875,0.1875,0.015625,0.0,0.0,0.0,0.0,0.0
0,0,0.78125,0.1875,0.015625,0.0,0.0,0.0,0.0,0.015625
0,0,0.78125,0.1875,0.015625,0.0,0.0,0.0,0.0,0.015625
0,0,0.78125,0.1875,0.015625,0.0,0.0,0.0,0.0,0.015625
0,0,0.78125,0.1875,0.015625,0.0,0.0,0.0,0.0,0.015625
0,0,0.71875,0.234375,0.03125,0.0,0.0,0.0,0.0,0.015625
0,0,0.71875,0.234375,0.03125,0.0,0.0,0.0,0.0,0.015625
0,0,0.71875,0.234375,0.03125,0.0,0.0,0.0,0.0,0.015625
0,0,0.71875,0.234375,0.03125,0.0,0.0,0.0,0.0,0.015625
0,0,0.71875,0.234375,0.03125,0.0,0.0,0.0,0.0,0.015625
0,0,0.71875,0.234375,0.03125,0.0,0.0,0.0,0.0,0.015625
0,0,0.71875,0.234375,0.03125,0.0,0.0,0.0,0.0,0.015625
0,0,0.703125,0.25,0.03125,0.0,0.0,0.0,0.0,0.015625
0,0,0.703125,0.25,0.03125,0.0,0.0,0.0,0.0,0.015625
0,0,0.703125,0.25,0.03125,0.0,0.0,0.0,0.0,0.015625
0,0,0.703125,0.25,0.03125,0.0,0.0,0.0,0.0,0.015625
0,0,0.671875,0.28125,0.03125,0.0,0.0,0.0,0.0,0.015625
0,0,0.671875,0.28125,0.03125,0.0,0.0,0.0,0.0,0.015625
0,0,0.671875,0.28125,0.03125,0.0,0.0,0.0,0.0,0.015625
0,0,0.671875,0.28125,0.03125,0.0,0.0,0.0,0.0,0.015625
0,0,0.671875,0.28125,0.03125,0.0,0.0,0.0,0.0,0.015625
0,0,0.671875,0.28125,0.03125,0.0,0.0,0.0,0.0,0.015625
0,0,0.671875,0.28125,0.03125,0.0,0.0,0.0,0.0,0.015625
0,0,0.65625,0.296875,0.03125,0.0,0.0,0.0,0.0,0.015625
0,0,0.65625,0.296875,0.03125,0.0,0.0,0.0,0.0,0.015625
0,0,0.640625,0.3125,0.03125,0.0,0.0,0.0,0.0,0.015625
0,0,0.640625,0.3125,0.03125,0.0,0.0,0.0,0.0,0.015625
1,0,0.640625,0.3125,0.03125,0.0,0.0,0.0,0.0,0.015625
1,0,0.640625,0.3125,0.03125,0.0,0.0,0.0,0.0,0.015625
1,0,0.546875,0.359375,0.0625,0.0,0.0,0.0,0.0,0.03125
1,0,0.546875,0.359375,0.0625,0.0,0.0,0.0,0.0,0.03125
1,0,0.546875,0.359375,0.0625,0.0,0.0,0.0,0.0,0.03125
1,0,0.546875,0.359375,0.0625,0.0,0.0,0.0,0.0,0.03125
1,0,0.53125,0.375,0.0625,0.0,0.0,0.0,0.0,0.03125
1,0,0.53125,0.375,0.0625,0.0,0.0,0.0,0.0,0.03125
1,0,0.53125,0.375,0.0625,0.0,0.0,0.0,0.0,0.03125
1,0,0.53125,0.375,0.0625,0.0,0.0,0.0,0.0,0.03125
1,1,0.390625,0.4375,0.109375,0.015625,0.0,0.0,0.0,0.046875
1,1,0.390625,0.4375,0.109375,0.015625,0.0,0.0,0.0,0.046875
1,1,0.375,0.453125,0.109375,0.015625,0.0,0.0,0.0,0.046875
1,1,0.375,0.453125,0.109375,0.015625,0.0,0.0,0.0,0.046875
1,1,0.359375,0.453125,0.125,0.015625,0.0,0.0,0.0,0.046875
1,1,0.34375,0.46875,0.125,0.015625,0.0,0.0,0.0,0.046875
1,1,0.34375,0.46875,0.125,0.015625,0.0,0.0,0.0,0.046875
1,1,0.34375,0.453125,0.140625,0.015625,0.0,0.0,0.0,0.046875
1,1,0.34375,0.453125,0.140625,0.015625,0.0,0.0,0.0,0.046875
1,1,0.34375,0.453125,0.140625,0.015625,0.0,0.0,0.0,0.046875
1,1,0.34375,0.453125,0.140625,0.015625,0.0,0.0,0.0,0.046875
1,1,0.34375,0.453125,0.140625,0.015625,0.0,0.0,0.0,0.046875
1,1,0.34375,0.453125,0.140625,0.015625,0.0,0.0,0.0,0.046875
1,1,0.34375,0.453125,0.140625,0.015625,0.0,0.0,0.0,0.046875
1,1,0.3125,0.453125,0.171875,0.015625,0.0,0.0,0.0,0.046875
1,1,0.3125,0.453125,0.171875,0.015625,0.0,0.0,0.0,0.046875
1,1,0.265625,0.421875,0.234375,0.03125,0.0,0.0,0.0,0.046875
1,1,0.265625,0.421875,0.234375,0.03125,0.0,0.0,0.0,0.046875
1,1,0.25,0.421875,0.234375,0.046875,0.0,0.0,0.0,0.046875
1,1,0.25,0.421875,0.234375,0.046875,0.0,0.0,0.0,0.046875
1,1,0.21875,0.421875,0.265625,0.046875,0.0,0.0,0.0,0.046875
1,1,0.21875,0.421875,0.265625,0.046875,0.0,0.0,0.0,0.046875
1,1,0.21875,0.421875,0.265625,0.046875,0.0,0.0,0.0,0.046875
1,1,0.21875,0.421875,0.265625,0.046875,0.0,0.0,0.0,0.046875
1,1,0.21875,0.421875,0.265625,0.046875,0.0,0.0,0.0,0.046875
1,1,0.21875,0.421875,0.265625,0.046875,0.0,0.0,0.0,0.046875
1,1,0.21875,0.421875,0.265625,0.046875,0.0,0.0,0.0,0.046875
1,1,0.21875,0.421875,0.265625,0.046875,0.0,0.0,0.0,0.046875
1,1,0.21875,0.375,0.3125,0.046875,0.0,0.0,0.0,0.046875
1,1,0.21875,0.359375,0.328125,0.046875,0.0,0.0,0.0,0.046875
1,1,0.21875,0.359375,0.328125,0.046875,0.0,0.0,0.0,0.046875
1,1,0.21875,0.359375,0.328125,0.046875,0.0,0.0,0.0,0.046875
1,2,0.140625,0.359375,0.40625,0.03125,0.0,0.0,0.0,0.0625
1,2,0.140625,0.359375,0.40625,0.03125,0.0,0.0,0.0,0.0625
1,2,0.140625,0.359375,0.40625,0.03125,0.0,0.0,0.0,0.0625
1,2,0.140625,0.359375,0.40625,0.03125,0.0,0.0,0.0,0.0625
1,2,0.140625,0.359375,0.40625,0.03125,0.0,0.0,0.0,0.0625
1,2,0.140625,0.359375,0.40625,0.03125,0.0,0.0,0.0,0.0625
1,2,0.140625,0.359375,0.40625,0.03125,0.0,0.0,0.0,0.0625
1,2,0.140625,0.359375,0.40625,0.03125,0.0,0.0,0.0,0.0625
1,2,0.09375,0.265625,0.5625,0.0,0.0,0.0,0.0,0.078125
1,2,0.09375,0.265625,0.5625,0.0,0.0,0.0,0.0,0.078125
1,2,0.09375,0.25,0.578125,0.0,0.0,0.0,0.0,0.078125
1,2,0.09375,0.25,0.578125,0.0,0.0,0.0,0.0,0.078125
1,2,0.09375,0.25,0.578125,0.0,0.0,0.0,0.0,0.078125
1,2,0.09375,0.25,0.578125,0.0,0.0,0.0,0.0,0.078125
1,2,0.09375,0.25,0.578125,0.0,0.0,0.0,0.0,0.078125
1,2,0.09375,0.25,0.578125,0.0,0.0,0.0,0.0,0.078125
1,2,0.09375,0.25,0.578125,0.0,0.0,0.0,0.0,0.078125
1,2,0.09375,0.25,0.578125,0.0,0.0,0.0,0.0,0.078125
1,2,0.09375,0.25,0.578125,0.0,0.0,0.0,0.0,0.078125
1,2,0.09375,0.25,0.578125,0.0,0.0,0.0,0.0,0.078125
1,2,0.09375,0.234375,0.59375,0.0,0.0,0.0,0.0,0.078125
1,2,0.09375,0.234375,0.59375,0.0,0.0,0.0,0.0,0.078125
1,2,0.09375,0.234375,0.59375,0.0,0.0,0.0,0.0,0.078125
1,2,0.09375,0.234375,0.59375,0.0,0.0,0.0,0.0,0.078125
1,2,0.078125,0.203125,0.640625,0.0,0.0,0.0,0.0,0.078125
1,2,0.078125,0.203125,0.640625,0.0,0.0,0.0,0.0,0.078125
1,2,0.078125,0.203125,0.640625,0.0,0.0,0.0,0.0,0.078125
1,2,0.078125,0.203125,0.640625,0.0,0.0,0.0,0.0,0.078125
1,2,0.078125,0.203125,0.640625,0.0,0.0,0.0,0.0,0.078125
1,2,0.078125,0.203125,0.640625,0.0,0.0,0.0,0.0,0.078125
1,2,0.078125,0.203125,0.640625,0.0,0.0,0.0,0.0,0.078125
1,2,0.078125,0.203125,0.640625,0.0,0.0,0.0,0.0,0.078125
1,2,0.0625,0.1875,0.6875,0.0,0.0,0.0,0.0,0.0625
1,2,0.0625,0.1875,0.6875,0.0,0.0,0.0,0.0,0.0625
1,2,0.0625,0.1875,0.6875,0.0,0.0,0.0,0.0,0.0625
1,2,0.0625,0.1875,0.6875,0.0,0.0,0.0,0.0,0.0625
1,2,0.0625,0.1875,0.6875,0.0,0.0,0.0,0.0,0.0625
1,2,0.0625,0.1875,0.6875,0.0,0.0,0.0,0.0,0.0625
1,2,0.046875,0.203125,0.6875,0.0,0.0,0.0,0.0,0.0625
1,2,0.046875,0.203125,0.6875,0.0,0.0,0.0,0.0,0.0625
1,2,0.015625,0.203125,0.703125,0.0,0.0,0.0,0.0,0.078125
1,2,0.015625,0.203125,0.703125,0.0,0.0,0.0,0.0,0.078125
1,2,0.015625,0.203125,0.703125,0.0,0.0,0.0,0.0,0.078125
1,2,0.015625,0.203125,0.703125,0.0,0.0,0.0,0.0,0.078125
1,2,0.0,0.203125,0.71875,0.0,0.0,0.0,0.0,0.078125
1,2,0.0,0.203125,0.71875,0.0,0.0,0.0,0.0,0.078125
1,2,0.0,0.203125,0.71875,0.0,0.0,0.0,0.0,0.078125
1,2,0.0,0.203125,0.71875,0.0,0.0,0.0,0.0,0.078125
1,2,0.0,0.203125,0.71875,0.0,0.0,0.0,0.0,0.078125
1,2,0.0,0.203125,0.71875,0.0,0.0,0.0,0.0,0.078125
1,2,0.0,0.203125,0.71875,0.0,0.0,0.0,0.0,0.078125
1,2,0.0,0.203125,0.71875,0.0,0.0,0.0,0.0,0.078125
1,2,0.0,0.203125,0.71875,0.0,0.0,0.0,0.0,0.078125
1,2,0.0,0.203125,0.71875,0.0,0.0,0.0,0.0,0.078125
1,2,0.0,0.203125,0.71875,0.0,0.0,0.0,0.0,0.078125
1,2,0.0,0.203125,0.71875,0.0,0.0,0.0,0.0,0.078125
1,2,0.0,0.171875,0.75,0.0,0.0,0.0,0.0,0.078125
1,2,0.0,0.171875,0.75,0.0,0.0,0.0,0.0,0.078125
1,2,0.0,0.171875,0.75,0.0,0.0,0.0,0.0,0.078125
1,2,0.0,0.171875,0.75,0.0,0.0,0.0,0.0,0.078125
1,2,0.0,0.171875,0.75,0.0,0.0,0.0,0.0,0.078125
1,2,0.0,0.171875,0.75,0.0,0.0,0.0,0.0,0.078125
1,2,0.0,0.171875,0.75,0.0,0.0,0.0,0.0,0.078125
1,2,0.0,0.171875,0.75,0.0,0.0,0.0,0.0,0.078125
1,2,0.0,0.171875,0.75,0.0,0.0,0.0,0.0,0.078125
1,2,0.0,0.171875,0.75,0.0,0.0,0.0,0.0,0.078125
1,2,0.0,0.171875,0.75,0.0,0.0,0.0,0.0,0.078125
1,2,0.0,0.15625,0.765625,0.0,0.0,0.0,0.0,0.078125
1,2,0.0,0.15625,0.765625,0.0,0.0,0.0,0.0,0.078125
1,2,0.0,0.15625,0.765625,0.0,0.0,0.0,0.0,0.078125
1,2,0.0,0.15625,0.765625,0.0,0.0,0.0,0.0,0.078125
1,2,0.0,0.15625,0.765625,0.0,0.0,0.0,0.0,0.078125
1,2,0.0,0.15625,0.765625,0.0,0.0,0.0,0.0,0.078125
1,2,0.0,0.15625,0.765625,0.0,0.0,0.0,0.0,0.078125
1,2,0.0,0.15625,0.765625,0.0,0.0,0.0,0.0,0.078125
1,2,0.0,0.15625,0.765625,0.0,0.0,0.0,0.0,0.078125
1,2,0.0,0.15625,0.765625,0.0,0.0,0.0,0.0,0.078125
1,2,0.0,0.15625,0.765625,0.0,0.0,0.0,0.0,0.078125
1,2,0.0,0.15625,0.765625,0.0,0.0,0.0,0.0,0.078125
1,2,0.0,0.15625,0.765625,0.0,0.0,0.0,0.0,0.078125
1,2,0.0,0.046875,0.921875,0.0,0.0,0.0,0.0,0.03125
1,2,0.0,0.046875,0.921875,0.0,0.0,0.0,0.0,0.03125
1,2,0.0,0.046875,0.921875,0.0,0.0,0.0,0.0,0.03125
1,2,0.0,0.046875,0.921875,0.0,0.0,0.0,0.0,0.03125
1,2,0.0,0.046875,0.9375,0.0,0.0,0.0,0.0,0.015625
1,2,0.0,0.046875,0.9375,0.0,0.0,0.0,0.0,0.015625
1,2,0.0,0.046875,0.9375,0.0,0.0,0.0,0.0,0.015625
1,2,0.0,0.046875,0.9375,0.0,0.0,0.0,0.0,0.015625
1,2,0.0,0.046875,0.9375,0.0,0.0,0.0,0.0,0.015625
1,2,0.0,0.046875,0.9375,0.0,0.0,0.0,0.0,0.015625
1,2,0.0,0.046875,0.9375,0.0,0.0,0.0,0.0,0.015625
1,2,0.0,0.046875,0.9375,0.0,0.0,0.0,0.0,0.015625
1,2,0.0,0.046875,0.9375,0.0,0.0,0.0,0.0,0.015625
1,2,0.0,0.046875,0.9375,0.0,0.0,0.0,0.0,0.015625
1,2,0.0,0.046875,0.9375,0.0,0.0,0.0,0.0,0.015625
1,2,0.0,0.046875,0.9375,0.0,0.0,0.0,0.0,0.015625
1,2,0.0,0.046875,0.9375,0.0,0.0,0.0,0.0,0.015625
1,2,0.0,0.046875,0.9375,0.0,0.0,0.0,0.0,0.015625
1,2,0.0,0.046875,0.9375,0.0,0.0,0.0,0.0,0.015625
1,2,0.0,0.046875,0.9375,0.0,0.0,0.0,0.0,0.015625
1,2,0.0,0.046875,0.9375,0.0,0.0,0.0,0.0,0.015625
1,2,0.0,0.046875,0.9375,0.0,0.0,0.0,0.0,0.015625
1,2,0.0,0.046875,0.9375,0.0,0.0,0.0,0.0,0.015625
1,2,0.0,0.046875,0.9375,0.0,0.0,0.0,0.0,0.015625
1,2,0.0,0.046875,0.9375,0.0,0.0,0.0,0.0,0.015625
1,2,0.0,0.046875,0.9375,0.0,0.0,0.0,0.0,0.015625
1,2,0.0,0.046875,0.9375,0.0,0.0,0.0,0.0,0.015625
1,2,0.0,0.03125,0.953125,0.0,0.0,0.0,0.0,0.015625
1,2,0.0,0.03125,0.953125,0.0,0.0,0.0,0.0,0.015625
1,2,0.0,0.03125,0.953125,0.0,0.0,0.0,0.0,0.015625
1,2,0.0,0.015625,0.96875,0.0,0.0,0.0,0.0,0.015625
1,2,0.0,0.015625,0.96875,0.0,0.0,0.0,0.0,0.015625
1,2,0.0,0.015625,0.96875,0.0,0.0,0.0,0.0,0.015625
1,2,0.0,0.015625,0.96875,0.0,0.0,0.0,0.0,0.015625
1,2,0.0,0.015625,0.96875,0.0,0.0,0.0,0.0,0.015625
1,2,0.0,0.015625,0.96875,0.0,0.0,0.0,0.0,0.015625
1,2,0.0,0.015625,0.96875,0.0,0.0,0.0,0.0,0.015625
1,2,0.0,0.015625,0.96875,0.0,0.0,0.0,0.0,0.015625
1,2,0.0,0.015625,0.96875,0.0,0.0,0.0,0.0,0.015625
1,2,0.0,0.015625,0.96875,0.0,0.0,0.0,0.0,0.015625
1,2,0.0,0.015625,0.96875,0.0,0.0,0.0,0.0,0.015625
1,2,0.0,0.015625,0.96875,0.0,0.0,0.0,0.0,0.015625
1,2,0.0,0.015625,0.96875,0.0,0.0,0.0,0.0,0.015625
1,2,0.0,0.015625,0.96875,0.0,0.0,0.0,0.0,0.015625
1,2,0.0,0.015625,0.96875,0.0,0.0,0.0,0.0,0.015625
1,2,0.0,0.015625,0.96875,0.0,0.0,0.0,0.0,0.015625
1,2,0.0,0.015625,0.96875,0.0,0.0,0.0,0.0,0.015625
1,2,0.0,0.015625,0.96875,0.0,0.0,0.0,0.0,0.015625
1,2,0.0,0.015625,0.96875,0.0,0.0,0.0,0.0,0.015625
1,2,0.0,0.015625,0.96875,0.0,0.0,0.0,0.0,0.015625
1,2,0.0,0.015625,0.96875,0.0,0.0,0.0,0.0,0.015625
1,2,0.0,0.015625,0.96875,0.0,0.0,0.0,0.0,0.015625
1,2,0.0,0.015625,0.96875,0.0,0.0,0.0,0.0,0.015625
1,2,0.0,0.015625,0.96875,0.0,0.0,0.0,0.0,0.015625
1,2,0.0,0.015625,0.96875,0.0,0.0,0.0,0.0,0.015625
1,2,0.0,0.015625,0.96875,0.0,0.0,0.0,0.0,0.015625
1,2,0.0,0.015625,0.96875,0.0,0.0,0.0,0.0,0.015625
1,2,0.0,0.015625,0.96875,0.0,0.0,0.0,0.0,0.015625
1,2,0.0,0.015625,0.96875,0.0,0.0,0.0,0.0,0.015625
1,2,0.0,0.015625,0.96875,0.0,0.0,0.0,0.0,0.015625
1,2,0.0,0.015625,0.96875,0.0,0.0,0.0,0.0,0.015625
1,2,0.0,0.015625,0.96875,0.0,0.0,0.0,0.0,0.015625
1,2,0.0,0.015625,0.96875,0.0,0.0,0.0,0.0,0.015625
1,2,0.0,0.015625,0.96875,0.0,0.0,0.0,0.0,0.015625
1,2,0.0,0.015625,0.96875,0.0,0.0,0.0,0.0,0.015625
1,2,0.0,0.015625,0.96875,0.0,0.0,0.0,0.0,0.015625
1,2,0.0,0.015625,0.96875,0.0,0.0,0.0,0.0,0.015625
1,2,0.0,0.015625,0.96875,0.0,0.0,0.0,0.0,0.015625
1,2,0.0,0.015625,0.96875,0.0,0.0,0.0,0.0,0.015625
1,2,0.0,0.015625,0.96875,0.0,0.0,0.0,0.0,0.015625
1,2,0.0,0.015625,0.96875,0.0,0.0,0.0,0.0,0.015625
1,2,0.0,0.015625,0.96875,0.0,0.0,0.0,0.0,0.015625
1,2,0.0,0.015625,0.96875,0.0,0.0,0.0,0.0,0.015625
1,2,0.0,0.015625,0.96875,0.0,0.0,0.0,0.0,0.015625
1,2,0.0,0.015625,0.96875,0.0,0.0,0.0,0.0,0.015625
1,2,0.0,0.015625,0.96875,0.0,0.0,0.0,0.0,0.015625
1,2,0.0,0.015625,0.96875,0.0,0.0,0.0,0.0,0.015625
1,2,0.0,0.015625,0.96875,0.0,0.0,0.0,0.0,0.015625
1,2,0.0,0.015625,0.96875,0.0,0.0,0.0,0.0,0.015625
1,2,0.0,0.015625,0.96875,0.0,0.0,0.0,0.0,0.015625
1,2,0.0,0.0,1.0,0.0,0.0,0.0,0.0,0.0
1,2,0.0,0.0,1.0,0.0,0.0,0.0,0.0,0.0
1,2,0.0,0.0,1.0,0.0,0.0,0.0,0.0,0.0
1,2,0.0,0.0,1.0,0.0,0.0,0.0,0.0,0.0
1,2,0.0,0.0,1.0,0.0,0.0,0.0,0.0,0.0
1,2,0.0,0.0,1.0,0.0,0.0,0.0,0.0,0.0
1,2,0.0,0.0,1.0,0.0,0.0,0.0,0.0,0.0
1,2,0.0,0.0,1.0,0.0,0.0,0.0,0.0,0.0
1,2,0.0,0.0,1.0,0.0,0.0,0.0,0.0,0.0
1,2,0.0,0.0,1.0,0.0,0.0,0.0,0.0,0.0
1,2,0.0,0.0,1.0,0.0,0.0,0.0,0.0,0.0
1,2,0.0,0.0,1.0,0.0,0.0,0.0,0.0,0.0
1,2,0.0,0.0,1.0,0.0,0.0,0.0,0.0,0.0
1,2,0.0,0.0,1.0,0.0,0.0,0.0,0.0,0.0
1,2,0.0,0.0,1.0,0.0,0.0,0.0,0.0,0.0
1,2,0.0,0.0,1.0,0.0,0.0,0.0,0.0,0.0
1,2,0.0,0.0,1.0,0.0,0.0,0.0,0.0,0.0
1,2,0.0,0.0,1.0,0.0,0.0,0.0,0.0,0.0
1,2,0.0,0.0,1.0,0.0,0.0,0.0,0.0,0.0
1,2,0.0,0.0,1.0,0.0,0.0,0.0,0.0,0.0
1,2,0.0,0.0,1.0,0.0,0.0,0.0,0.0,0.0
1,2,0.0,0.0,1.0,0.0,0.0,0.0,0.0,0.0
1,2,0.0,0.0,1.0,0.0,0.0,0.0,0.0,0.0
1,2,0.0,0.0,1.0,0.0,0.0,0.0,0.0,0.0
1,2,0.0,0.0,1.0,0.0,0.0,0.0,0.0,0.0
1,2,0.0,0.0,1.0,0.0,0.0,0.0,0.0,0.0
1,2,0.0,0.0,1.0,0.0,0.0,0.0,0.0,0.0
1,2,0.0,0.0,1.0,0.0,0.0,0.0,0.0,0.0
1,2,0.0,0.0,1.0,0.0,0.0,0.0,0.0,0.0
1,2,0.0,0.0,1.0,0.0,0.0,0.0,0.0,0.0
1,2,0.0,0.0,1.0,0.0,0.0,0.0,0.0,0.0
1,2,0.0,0.0,1.0,0.0,0.0,0.0,0.0,0.0
1,2,0.0,0.0,0.984375,0.0,0.0,0.0,0.0,0.015625
1,2,0.0,0.0,0.984375,0.0,0.0,0.0,0.0,0.015625
1,2,0.0,0.0,0.984375,0.0,0.0,0.0,0.0,0.015625
1,2,0.0,0.0,0.984375,0.0,0.0,0.0,0.0,0.015625
1,2,0.0,0.0,0.984375,0.0,0.0,0.0,0.0,0.015625
1,2,0.0,0.0,0.984375,0.0,0.0,0.0,0.0,0.015625
1,2,0.0,0.0,0.984375,0.0,0.0,0.0,0.0,0.015625
1,2,0.0,0.0,0.984375,0.0,0.0,0.0,0.0,0.015625
1,2,0.0,0.0,0.984375,0.0,0.0,0.0,0.0,0.015625
1,2,0.0,0.0,0.984375,0.0,0.0,0.0,0.0,0.015625
1,2,0.0,0.0,0.984375,0.0,0.0,0.0,0.0,0.015625
1,2,0.0,0.0,0.984375,0.0,0.0,0.0,0.0,0.015625
1,2,0.0,0.0,0.984375,0.0,0.0,0.0,0.0,0.015625
1,2,0.0,0.0,0.984375,0.0,0.0,0.0,0.0,0.015625
1,2,0.0,0.0,0.984375,0.0,0.0,0.0,0.0,0.015625
1,2,0.0,0.0,0.984375,0.0,0.0,0.0,0.0,0.015625
1,2,0.0,0.0,0.984375,0.0,0.0,0.0,0.0,0.015625
1,2,0.0,0.0,0.984375,0.0,0.0,0.0,0.0,0.015625
1,2,0.0,0.0,0.984375,0.0,0.0,0.0,0.0,0.015625
1,2,0.0,0.0,0.984375,0.0,0.0,0.0,0.0,0.015625
1,2,0.0,0.0,0.984375,0.0,0.0,0.0,0.0,0.015625
1,2,0.0,0.0,0.984375,0.0,0.0,0.0,0.0,0.015625
1,2,0.0,0.0,0.984375,0.0,0.0,0.0,0.0,0.015625
1,2,0.0,0.0,0.984375,0.0,0.0,0.0,0.0,0.015625
1,2,0.0,0.0,0.984375,0.0,0.0,0.0,0.0,0.015625
1,2,0.0,0.0,0.984375,0.0,0.0,0.0,0.0,0.015625
1,2,0.0,0.0,0.984375,0.0,0.0,0.0,0.0,0.015625
1,2,0.0,0.0,0.984375,0.0,0.0,0.0,0.0,0.015625
1,2,0.0,0.0,0.984375,0.0,0.0,0.0,0.0,0.015625
1,2,0.0,0.0,0.984375,0.0,0.0,0.0,0.0,0.015625
1,2,0.0,0.0,0.984375,0.0,0.0,0.0,0.0,0.015625
1,2,0.0,0.0,0.984375,0.0,0.0,0.0,0.0,0.015625
1,2,0.0,0.0,0.984375,0.0,0.0,0.0,0.0,0.015625
1,2,0.0,0.0,0.984375,0.0,0.0,0.0,0.0,0.015625
1,2,0.0,0.0,0.984375,0.0,0.0,0.0,0.0,0.015625
1,2,0.0,0.0,0.984375,0.0,0.0,0.0,0.0,0.015625
1,2,0.0,0.0,0.984375,0.0,0.0,0.0,0.0,0.015625
1,2,0.0,0.0,0.984375,0.0,0.0,0.0,0.0,0.015625
1,2,0.0,0.0,0.984375,0.0,0.0,0.0,0.0,0.015625
1,2,0.0,0.0,0.984375,0.0,0.0,0.0,0.0,0.015625
1,2,0.0,0.0,0.984375,0.0,0.0,0.0,0.0,0.015625
1,2,0.0,0.0,0.984375,0.0,0.0,0.0,0.0,0.015625
1,2,0.0,0.0,0.984375,0.0,0.0,0.0,0.0,0.015625
1,2,0.0,0.0,0.984375,0.0,0.0,0.0,0.0,0.015625
1,2,0.0,0.0,0.984375,0.0,0.0,0.0,0.0,0.015625
1,2,0.0,0.0,0.984375,0.0,0.0,0.0,0.0,0.015625
1,2,0.0,0.0,0.984375,0.0,0.0,0.0,0.0,0.015625
1,2,0.0,0.0,0.984375,0.0,0.0,0.0,0.0,0.015625
1,2,0.0,0.0,1.0,0.0,0.0,0.0,0.0,0.0
1,2,0.0,0.0,1.0,0.0,0.0,0.0,0.0,0.0
1,2,0.0,0.0,1.0,0.0,0.0,0.0,0.0,0.0
1,2,0.0,0.0,1.0,0.0,0.0,0.0,0.0,0.0
1,2,0.0,0.0,1.0,0.0,0.0,0.0,0.0,0.0
1,2,0.0,0.0,1.0,0.0,0.0,0.0,0.0,0.0
1,2,0.0,0.0,1.0,0.0,0.0,0.0,0.0,0.0
1,2,0.0,0.0,1.0,0.0,0.0,0.0,0.0,0.0
1,2,0.0,0.0,1.0,0.0,0.0,0.0,0.0,0.0
1,2,0.0,0.0,1.0,0.0,0.0,0.0,0.0,0.0
1,2,0.0,0.0,1.0,0.0,0.0,0.0,0.0,0.0
1,2,0.0,0.0,1.0,0.0,0.0,0.0,0.0,0.0
1,2,0.0,0.0,1.0,0.0,0.0,0.0,0.0,0.0
1,2,0.0,0.0,1.0,0.0,0.0,0.0,0.0,0.0
1,2,0.0,0.0,1.0,0.0,0.0,0.0,0.0,0.0
1,2,0.0,0.0,1.0,0.0,0.0,0.0,0.0,0.0
1,2,0.0,0.0,1.0,0.0,0.0,0.0,0.0,0.0
1,2,0.0,0.0,1.0,0.0,0.0,0.0,0.0,0.0
1,2,0.0,0.0,1.0,0.0,0.0,0.0,0.0,0.0
1,2,0.0,0.0,1.0,0.0,0.0,0.0,0.0,0.0
1,2,0.0,0.0,1.0,0.0,0.0,0.0,0.0,0.0
1,2,0.0,0.0,1.0,0.0,0.0,0.0,0.0,0.0
1,2,0.0,0.0,1.0,0.0,0.0,0.0,0.0,0.0
1,2,0.0,0.0,1.0,0.0,0.0,0.0,0.0,0.0
1,2,0.0,0.0,1.0,0.0,0.0,0.0,0.0,0.0
1,2,0.0,0.0,1.0,0.0,0.0,0.0,0.0,0.0
1,2,0.0,0.0,1.0,0.0,0.0,0.0,0.0,0.0
1,2,0.0,0.0,1.0,0.0,0.0,0.0,0.0,0.0
1,2,0.0,0.0,1.0,0.0,0.0,0.0,0.0,0.0
1,2,0.0,0.0,1.0,0.0,0.0,0.0,0.0,0.0
1,2,0.0,0.0,1.0,0.0,0.0,0.0,0.0,0.0
1,2,0.0,0.0,1.0,0.0,0.0,0.0,0.0,0.0
1,2,0.0,0.0,1.0,0.0,0.0,0.0,0.0,0.0
1,2,0.0,0.0,1.0,0.0,0.0,0.0,0.0,0.0
1,2,0.0,0.0,1.0,0.0,0.0,0.0,0.0,0.0
1,2,0.0,0.0,1.0,0.0,0.0,0.0,0.0,0.0
1,2,0.0,0.0,1.0,0.0,0.0,0.0,0.0,0.0
1,2,0.0,0.0,1.0,0.0,0.0,0.0,0.0,0.0
1,2,0.0,0.0,1.0,0.0,0.0,0.0,0.0,0.0
1,2,0.0,0.0,1.0,0.0,0.0,0.0,0.0,0.0
1,2,0.0,0.0,1.0,0.0,0.0,0.0,0.0,0.0
1,2,0.0,0.0,1.0,0.0,0.0,0.0,0.0,0.0
1,2,0.0,0.0,1.0,0.0,0.0,0.0,0.0,0.0
1,2,0.0,0.0,1.0,0.0,0.0,0.0,0.0,0.0
1,2,0.0,0.0,1.0,0.0,0.0,0.0,0.0,0.0
1,2,0.0,0.0,1.0,0.0,0.0,0.0,0.0,0.0
1,2,0.0,0.0,1.0,0.0,0.0,0.0,0.0,0.0
1,2,0.0,0.0,1.0,0.0,0.0,0.0,0.0,0.0
1,2,0.0,0.0,1.0,0.0,0.0,0.0,0.0,0.0
1,2,0.0,0.0,1.0,0.0,0.0,0.0,0.0,0.0
1,2,0.0,0.0,1.0,0.0,0.0,0.0,0.0,0.0
1,2,0.0,0.0,1.0,0.0,0.0,0.0,0.0,0.0
1,2,0.0,0.0,1.0,0.0,0.0,0.0,0.0,0.0
1,2,0.0,0.0,1.0,0.0,0.0,0.0,0.0,0.0
1,2,0.0,0.0,1.0,0.0,0.0,0.0,0.0,0.0
1,2,0.0,0.0,1.0,0.0,0.0,0.0,0.0,0.0
1,2,0.0,0.0,1.0,0.0,0.0,0.0,0.0,0.0
1,2,0.0,0.0,1.0,0.0,0.0,0.0,0.0,0.0
1,2,0.0,0.0,1.0,0.0,0.0,0.0,0.0,0.0
1,2,0.0,0.0,1.0,0.0,0.0,0.0,0.0,0.0
1,2,0.0,0.0,1.0,0.0,0.0,0.0,0.0,0.0
1,2,0.0,0.0,1.0,0.0,0.0,0.0,0.0,0.0
1,2,0.0,0.0,1.0,0.0,0.0,0.0,0.0,0.0
1,2,0.0,0.0,1.0,0.0,0.0,0.0,0.0,0.0
1,2,0.0,0.0,0.984375,0.0,0.0,0.0,0.0,0.015625
1,2,0.0,0.0,0.984375,0.0,0.0,0.0,0.0,0.015625
1,2,0.0,0.0,0.984375,0.0,0.0,0.0,0.0,0.015625
1,2,0.0,0.0,0.984375,0.0,0.0,0.0,0.0,0.015625
1,2,0.0,0.0,0.984375,0.0,0.0,0.0,0.0,0.015625
1,2,0.0,0.0,0.984375,0.0,0.0,0.0,0.0,0.015625
1,2,0.0,0.0,0.984375,0.0,0.0,0.0,0.0,0.015625
1,2,0.0,0.0,0.984375,0.0,0.0,0.0,0.0,0.015625
1,2,0.0,0.0,0.984375,0.0,0.0,0.0,0.0,0.015625
1,2,0.0,0.0,0.984375,0.0,0.0,0.0,0.0,0.015625
1,2,0.0,0.0,0.984375,0.0,0.0,0.0,0.0,0.015625
1,2,0.0,0.0,0.984375,0.0,0.0,0.0,0.0,0.015625
1,2,0.0,0.0,0.984375,0.0,0.0,0.0,0.0,0.015625
1,2,0.0,0.0,0.984375,0.0,0.0,0.0,0.0,0.015625
1,2,0.0,0.0,0.984375,0.0,0.0,0.0,0.0,0.015625
1,2,0.0,0.0,0.984375,0.0,0.0,0.0,0.0,0.015625
1,2,0.0,0.0,0.984375,0.0,0.0,0.0,0.0,0.015625
1,2,0.0,0.0,0.984375,0.0,0.0,0.0,0.0,0.015625
1,2,0.0,0.0,0.984375,0.0,0.0,0.0,0.0,0.015625
1,2,0.0,0.0,0.984375,0.0,0.0,0.0,0.0,0.015625
1,2,0.0,0.0,0.984375,0.0,0.0,0.0,0.0,0.015625
1,2,0.0,0.0,0.984375,0.0,0.0,0.0,0.0,0.015625
1,2,0.0,0.0,0.984375,0.0,0.0,0.0,0.0,0.015625
1,2,0.0,0.0,0.984375,0.0,0.0,0.0,0.0,0.015625
1,2,0.0,0.0,0.984375,0.0,0.0,0.0,0.0,0.015625
1,2,0.0,0.0,0.984375,0.0,0.0,0.0,0.0,0.015625
1,2,0.0,0.0,0.984375,0.0,0.0,0.0,0.0,0.015625
1,2,0.0,0.0,0.984375,0.0,0.0,0.0,0.0,0.015625
1,2,0.0,0.0,0.984375,0.0,0.0,0.0,0.0,0.015625
1,2,0.0,0.0,0.984375,0.0,0.0,0.0,0.0,0.015625
1,2,0.0,0.0,0.984375,0.0,0.0,0.0,0.0,0.015625
1,2,0.0,0.0,0.984375,0.0,0.0,0.0,0.0,0.015625
1,2,0.0,0.0,0.984375,0.0,0.0,0.0,0.0,0.015625
1,2,0.0,0.0,0.984375,0.0,0.0,0.0,0.0,0.015625
1,2,0.0,0.0,0.984375,0.0,0.0,0.0,0.0,0.015625
1,2,0.0,0.0,0.984375,0.0,0.0,0.0,0.0,0.015625
1,2,0.0,0.0,0.984375,0.0,0.0,0.0,0.0,0.015625
1,2,0.0,0.0,0.984375,0.0,0.0,0.0,0.0,0.015625
1,2,0.0,0.0,0.984375,0.0,0.0,0.0,0.0,0.015625
1,2,0.0,0.0,0.984375,0.0,0.0,0.0,0.0,0.015625
1,2,0.0,0.0,0.984375,0.0,0.0,0.0,0.0,0.015625
1,2,0.0,0.0,0.984375,0.0,0.0,0.0,0.0,0.015625
1,2,0.0,0.0,0.984375,0.0,0.0,0.0,0.0,0.015625
1,2,0.0,0.0,0.984375,0.0,0.0,0.0,0.0,0.015625
1,2,0.0,0.0,0.984375,0.0,0.0,0.0,0.0,0.015625
1,2,0.0,0.0,0.984375,0.0,0.0,0.0,0.0,0.015625
1,2,0.0,0.0,0.984375,0.0,0.0,0.0,0.0,0.015625
1,2,0.0,0.0,0.984375,0.0,0.0,0.0,0.0,0.015625
1,2,0.0,0.0,0.984375,0.0,0.0,0.0,0.0,0.015625
1,2,0.0,0.0,0.984375,0.0,0.0,0.0,0.0,0.015625
1,2,0.0,0.0,0.984375,0.0,0.0,0.0,0.0,0.015625
1,2,0.0,0.0,0.984375,0.0,0.0,0.0,0.0,0.015625
1,2,0.0,0.0,0.984375,0.0,0.0,0.0,0.0,0.015625
1,2,0.0,0.0,0.984375,0.0,0.0,0.0,0.0,0.015625
1,2,0.0,0.0,0.984375,0.0,0.0,0.0,0.0,0.015625
1,2,0.0,0.0,0.984375,0.0,0.0,0.0,0.0,0.015625
1,2,0.0,0.0,1.0,0.0,0.0,0.0,0.0,0.0
1,2,0.0,0.0,1.0,0.0,0.0,0.0,0.0,0.0
1,2,0.0,0.0,1.0,0.0,0.0,0.0,0.0,0.0
1,2,0.0,0.0,1.0,0.0,0.0,0.0,0.0,0.0
1,2,0.0,0.0,1.0,0.0,0.0,0.0,0.0,0.0
1,2,0.0,0.0,1.0,0.0,0.0,0.0,0.0,0.0
1,2,0.0,0.0,1.0,0.0,0.0,0.0,0.0,0.0
1,2,0.0,0.0,1.0,0.0,0.0,0.0,0.0,0.0
1,2,0.0,0.0,1.0,0.0,0.0,0.0,0.0,0.0
1,2,0.0,0.0,1.0,0.0,0.0,0.0,0.0,0.0
1,2,0.0,0.0,1.0,0.0,0.0,0.0,0.0,0.0
1,2,0.0,0.0,1.0,0.0,0.0,0.0,0.0,0.0
1,2,0.0,0.0,1.0,0.0,0.0,0.0,0.0,0.0
1,2,0.0,0.0,1.0,0.0,0.0,0.0,0.0,0.0
1,2,0.0,0.0,1.0,0.0,0.0,0.0,0.0,0.0
1,2,0.0,0.0,1.0,0.0,0.0,0.0,0.0,0.0
1,2,0.0,0.0,1.0,0.0,0.0,0.0,0.0,0.0
1,2,0.0,0.0,1.0,0.0,0.0,0.0,0.0,0.0
1,2,0.0,0.0,1.0,0.0,0.0,0.0,0.0,0.0
1,2,0.0,0.0,1.0,0.0,0.0,0.0,0.0,0.0
1,2,0.0,0.0,1.0,0.0,0.0,0.0,0.0,0.0
1,2,0.0,0.0,1.0,0.0,0.0,0.0,0.0,0.0
1,2,0.0,0.0,1.0,0.0,0.0,0.0,0.0,0.0
1,2,0.0,0.0,1.0,0.0,0.0,0.0,0.0,0.0
1,2,0.0,0.0,1.0,0.0,0.0,0.0,0.0,0.0
1,2,0.0,0.0,1.0,0.0,0.0,0.0,0.0,0.0
1,2,0.0,0.0,1.0,0.0,0.0,0.0,0.0,0.0
1,2,0.0,0.0,1.0,0.0,0.0,0.0,0.0,0.0
1,2,0.0,0.0,1.0,0.0,0.0,0.0,0.0,0.0
1,2,0.0,0.0,1.0,0.0,0.0,0.0,0.0,0.0
1,2,0.0,0.0,1.0,0.0,0.0,0.0,0.0,0.0
1,2,0.0,0.0,1.0,0.0,0.0,0.0,0.0,0.0
1,2,0.0,0.0,1.0,0.0,0.0,0.0,0.0,0.0
1,2,0.0,0.0,1.0,0.0,0.0,0.0,0.0,0.0
1,2,0.0,0.0,1.0,0.0,0.0,0.0,0.0,0.0
1,2,0.0,0.0,1.0,0.0,0.0,0.0,0.0,0.0
1,2,0.0,0.0,1.0,0.0,0.0,0.0,0.0,0.0
1,2,0.0,0.0,1.0,0.0,0.0,0.0,0.0,0.0
1,2,0.0,0.0,1.0,0.0,0.0,0.0,0.0,0.0
1,2,0.0,0.0,1.0,0.0,0.0,0.0,0.0,0.0
1,2,0.0,0.0,1.0,0.0,0.0,0.0,0.0,0.0
1,2,0.0,0.0,1.0,0.0,0.0,0.0,0.0,0.0
1,2,0.0,0.0,1.0,0.0,0.0,0.0,0.0,0.0
1,2,0.0,0.0,1.0,0.0,0.0,0.0,0.0,0.0
1,2,0.0,0.0,1.0,0.0,0.0,0.0,0.0,0.0
1,2,0.0,0.0,1.0,0.0,0.0,0.0,0.0,0.0
1,2,0.0,0.0,1.0,0.0,0.0,0.0,0.0,0.0
1,2,0.0,0.0,1.0,0.0,0.0,0.0,0.0,0.0
1,2,0.0,0.0,1.0,0.0,0.0,0.0,0.0,0.0
1,2,0.0,0.0,1.0,0.0,0.0,0.0,0.0,0.0
1,2,0.0,0.0,1.0,0.0,0.0,0.0,0.0,0.0
1,2,0.0,0.0,1.0,0.0,0.0,0.0,0.0,0.0
1,2,0.0,0.0,1.0,0.0,0.0,0.0,0.0,0.0
1,2,0.0,0.0,1.0,0.0,0.0,0.0,0.0,0.0
1,2,0.0,0.0,1.0,0.0,0.0,0.0,0.0,0.0
1,2,0.0,0.0,1.0,0.0,0.0,0.0,0.0,0.0
1,2,0.0,0.0,1.0,0.0,0.0,0.0,0.0,0.0
1,2,0.0,0.0,1.0,0.0,0.0,0.0,0.0,0.0
1,2,0.0,0.0,1.0,0.0,0.0,0.0,0.0,0.0
1,2,0.0,0.0,1.0,0.0,0.0,0.0,0.0,0.0
1,2,0.0,0.0,1.0,0.0,0.0,0.0,0.0,0.0
1,2,0.0,0.0,1.0,0.0,0.0,0.0,0.0,0.0
1,2,0.0,0.0,1.0,0.0,0.0,0.0,0.0,0.0
1,2,0.0,0.0,1.0,0.0,0.0,0.0,0.0,0.0
1,2,0.0,0.0,1.0,0.0,0.0,0.0,0.0,0.0
1,2,0.0,0.0,1.0,0.0,0.0,0.0,0.0,0.0
1,2,0.0,0.0,1.0,0.0,0.0,0.0,0.0,0.0
1,2,0.0,0.0,1.0,0.0,0.0,0.0,0.0,0.0
1,2,0.0,0.0,1.0,0.0,0.0,0.0,0.0,0.0
1,2,0.0,0.0,1.0,0.0,0.0,0.0,0.0,0.0
1,2,0.0,0.0,1.0,0.0,0.0,0.0,0.0,0.0
1,2,0.0,0.0,1.0,0.0,0.0,0.0,0.0,0.0
1,2,0.0,0.0,1.0,0.0,0.0,0.0,0.0,0.0
1,2,0.0,0.0,1.0,0.0,0.0,0.0,0.0,0.0
1,2,0.0,0.0,1.0,0.0,0.0,0.0,0.0,0.0
1,2,0.0,0.0,1.0,0.0,0.0,0.0,0.0,0.0
1,2,0.0,0.0,1.0,0.0,0.0,0.0,0.0,0.0
1,2,0.0,0.0,1.0,0.0,0.0,0.0,0.0,0.0
1,2,0.0,0.0,1.0,0.0,0.0,0.0,0.0,0.0
1,2,0.0,0.0,1.0,0.0,0.0,0.0,0.0,0.0
1,2,0.0,0.0,1.0,0.0,0.0,0.0,0.0,0.0
1,2,0.0,0.0,1.0,0.0,0.0,0.0,0.0,0.0
1,2,0.0,0.0,1.0,0.0,0.0,0.0,0.0,0.0
1,2,0.0,0.0,1.0,0.0,0.0,0.0,0.0,0.0
1,2,0.0,0.0,1.0,0.0,0.0,0.0,0.0,0.0
1,2,0.0,0.0,1.0,0.0,0.0,0.0,0.0,0.0
1,2,0.0,0.0,1.0,0.0,0.0,0.0,0.0,0.0
1,2,0.0,0.0,1.0,0.0,0.0,0.0,0.0,0.0
1,2,0.0,0.0,1.0,0.0,0.0,0.0,0.0,0.0
1,2,0.0,0.0,1.0,0.0,0.0,0.0,0.0,0.0
1,2,0.0,0.0,1.0,0.0,0.0,0.0,0.0,0.0
1,2,0.0,0.0,1.0,0.0,0.0,0.0,0.0,0.0
1,2,0.0,0.0,1.0,0.0,0.0,0.0,0.0,0.0
1,2,0.0,0.0,1.0,0.0,0.0,0.0,0.0,0.0
1,2,0.0,0.0,1.0,0.0,0.0,0.0,0.0,0.0
1,2,0.0,0.0,1.0,0.0,0.0,0.0,0.0,0.0
1,2,0.0,0.0,1.0,0.0,0.0,0.0,0.0,0.0
1,2,0.0,0.0,1.0,0.0,0.0,0.0,0.0,0.0
1,2,0.0,0.0,1.0,0.0,0.0,0.0,0.0,0.0
1,2,0.0,0.0,1.0,0.0,0.0,0.0,0.0,0.0
1,2,0.0,0.0,1.0,0.0,0.0,0.0,0.0,0.0
1,2,0.0,0.0,1.0,0.0,0.0,0.0,0.0,0.0
1,2,0.0,0.0,1.0,0.0,0.0,0.0,0.0,0.0
1,2,0.0,0.0,1.0,0.0,0.0,0.0,0.0,0.0
1,2,0.0,0.0,1.0,0.0,0.0,0.0,0.0,0.0
1,2,0.0,0.0,1.0,0.0,0.0,0.0,0.0,0.0
1,2,0.0,0.0,1.0,0.0,0.0,0.0,0.0,0.0
1,2,0.0,0.0,1.0,0.0,0.0,0.0,0.0,0.0
1,2,0.0,0.0,1.0,0.0,0.0,0.0,0.0,0.0
1,2,0.0,0.0,1.0,0.0,0.0,0.0,0.0,0.0
1,2,0.0,0.0,1.0,0.0,0.0,0.0,0.0,0.0
1,2,0.0,0.0,1.0,0.0,0.0,0.0,0.0,0.0
1,2,0.0,0.0,1.0,0.0,0.0,0.0,0.0,0.0
1,2,0.0,0.0,1.0,0.0,0.0,0.0,0.0,0.0
1,2,0.0,0.0,1.0,0.0,0.0,0.0,0.0,0.0
1,2,0.0,0.0,1.0,0.0,0.0,0.0,0.0,0.0
1,2,0.0,0.0,1.0,0.0,0.0,0.0,0.0,0.0
1,2,0.0,0.0,1.0,0.0,0.0,0.0,0.0,0.0
1,2,0.0,0.0,1.0,0.0,0.0,0.0,0.0,0.0
1,2,0.0,0.0,1.0,0.0,0.0,0.0,0.0,0.0
1,2,0.0,0.0,1.0,0.0,0.0,0.0,0.0,0.0
1,2,0.0,0.0,1.0,0.0,0.0,0.0,0.0,0.0
1,2,0.0,0.0,1.0,0.0,0.0,0.0,0.0,0.0
1,2,0.0,0.0,1.0,0.0,0.0,0.0,0.0,0.0
1,2,0.0,0.0,1.0,0.0,0.0,0.0,0.0,0.0
1,2,0.0,0.0,1.0,0.0,0.0,0.0,0.0,0.0
1,2,0.0,0.0,1.0,0.0,0.0,0.0,0.0,0.0
1,2,0.0,0.0,1.0,0.0,0.0,0.0,0.0,0.0
1,2,0.0,0.0,1.0,0.0,0.0,0.0,0.0,0.0
1,2,0.0,0.0,1.0,0.0,0.0,0.0,0.0,0.0
1,2,0.0,0.0,1.0,0.0,0.0,0.0,0.0,0.0
1,2,0.0,0.0,1.0,0.0,0.0,0.0,0.0,0.0
1,2,0.0,0.0,1.0,0.0,0.0,0.0,0.0,0.0
1,2,0.0,0.0,1.0,0.0,0.0,0.0,0.0,0.0
1,2,0.0,0.0,1.0,0.0,0.0,0.0,0.0,0.0
1,2,0.0,0.0,1.0,0.0,0.0,0.0,0.0,0.0
1,2,0.0,0.0,1.0,0.0,0.0,0.0,0.0,0.0
1,2,0.0,0.0,1.0,0.0,0.0,0.0,0.0,0.0
1,2,0.0,0.0,1.0,0.0,0.0,0.0,0.0,0.0
1,2,0.0,0.0,1.0,0.0,0.0,0.0,0.0,0.0
1,2,0.0,0.0,1.0,0.0,0.0,0.0,0.0,0.0
1,2,0.0,0.0,1.0,0.0,0.0,0.0,0.0,0.0
1,2,0.0,0.0,1.0,0.0,0.0,0.0,0.0,0.0
1,2,0.0,0.0,1.0,0.0,0.0,0.0,0.0,0.0
1,2,0.0,0.0,1.0,0.0,0.0,0.0,0.0,0.0
1,2,0.0,0.0,1.0,0.0,0.0,0.0,0.0,0.0
1,2,0.0,0.0,1.0,0.0,0.0,0.0,0.0,0.0
1,2,0.0,0.0,1.0,0.0,0.0,0.0,0.0,0.0
1,2,0.0,0.0,1.0,0.0,0.0,0.0,0.0,0.0
1,2,0.0,0.0,1.0,0.0,0.0,0.0,0.0,0.0
1,2,0.0,0.0,1.0,0.0,0.0,0.0,0.0,0.0
1,2,0.0,0.0,1.0,0.0,0.0,0.0,0.0,0.0
1,2,0.0,0.0,1.0,0.0,0.0,0.0,0.0,0.0
1,2,0.0,0.0,1.0,0.0,0.0,0.0,0.0,0.0
1,2,0.0,0.0,1.0,0.0,0.0,0.0,0.0,0.0
1,2,0.0,0.0,1.0,0.0,0.0,0.0,0.0,0.0
1,2,0.0,0.0,1.0,0.0,0.0,0.0,0.0,0.0
1,2,0.0,0.0,1.0,0.0,0.0,0.0,0.0,0.0
1,2,0.0,0.0,1.0,0.0,0.0,0.0,0.0,0.0
1,2,0.0,0.0,1.0,0.0,0.0,0.0,0.0,0.0
1,2,0.0,0.0,1.0,0.0,0.0,0.0,0.0,0.0
1,2,0.0,0.0,1.0,0.0,0.0,0.0,0.0,0.0
1,2,0.0,0.0,1.0,0.0,0.0,0.0,0.0,0.0
1,2,0.0,0.0,1.0,0.0,0.0,0.0,0.0,0.0
1,2,0.0,0.0,1.0,0.0,0.0,0.0,0.0,0.0
1,2,0.0,0.0,1.0,0.0,0.0,0.0,0.0,0.0
1,2,0.0,0.0,1.0,0.0,0.0,0.0,0.0,0.0
1,2,0.0,0.0,1.0,0.0,0.0,0.0,0.0,0.0
1,2,0.0,0.0,1.0,0.0,0.0,0.0,0.0,0.0
1,2,0.0,0.0,1.0,0.0,0.0,0.0,0.0,0.0
1,2,0.0,0.0,1.0,0.0,0.0,0.0,0.0,0.0
1,2,0.0,0.0,1.0,0.0,0.0,0.0,0.0,0.0
1,2,0.0,0.0,1.0,0.0,0.0,0.0,0.0,0.0
1,2,0.0,0.0,1.0,0.0,0.0,0.0,0.0,0.0
1,2,0.0,0.0,1.0,0.0,0.0,0.0,0.0,0.0
1,2,0.0,0.0,1.0,0.0,0.0,0.0,0.0,0.0
1,2,0.0,0.0,1.0,0.0,0.0,0.0,0.0,0.0
1,2,0.0,0.0,1.0,0.0,0.0,0.0,0.0,0.0
1,2,0.0,0.0,1.0,0.0,0.0,0.0,0.0,0.0
1,2,0.0,0.0,1.0,0.0,0.0,0.0,0.0,0.0
1,2,0.0,0.0,1.0,0.0,0.0,0.0,0.0,0.0
1,2,0.0,0.0,1.0,0.0,0.0,0.0,0.0,0.0
1,2,0.0,0.0,1.0,0.0,0.0,0.0,0.0,0.0
1,2,0.0,0.0,1.0,0.0,0.0,0.0,0.0,0.0
1,2,0.0,0.0,1.0,0.0,0.0,0.0,0.0,0.0
1,2,0.0,0.0,1.0,0.0,0.0,0.0,0.0,0.0
1,2,0.0,0.0,1.0,0.0,0.0,0.0,0.0,0.0
1,2,0.0,0.0,1.0,0.0,0.0,0.0,0.0,0.0
1,2,0.0,0.0,1.0,0.0,0.0,0.0,0.0,0.0
1,2,0.0,0.0,1.0,0.0,0.0,0.0,0.0,0.0
1,2,0.0,0.0,1.0,0.0,0.0,0.0,0.0,0.0
1,2,0.0,0.0,1.0,0.0,0.0,0.0,0.0,0.0
1,2,0.0,0.0,1.0,0.0,0.0,0.0,0.0,0.0
1,2,0.0,0.0,1.0,0.0,0.0,0.0,0.0,0.0
1,2,0.0,0.0,1.0,0.0,0.0,0.0,0.0,0.0
1,2,0.0,0.0,1.0,0.0,0.0,0.0,0.0,0.0
1,2,0.0,0.0,1.0,0.0,0.0,0.0,0.0,0.0
1,2,0.0,0.0,1.0,0.0,0.0,0.0,0.0,0.0
1,2,0.0,0.0,1.0,0.0,0.0,0.0,0.0,0.0
1,2,0.0,0.0,1.0,0.0,0.0,0.0,0.0,0.0
1,2,0.0,0.0,1.0,0.0,0.0,0.0,0.0,0.0
1,2,0.0,0.0,1.0,0.0,0.0,0.0,0.0,0.0
1,2,0.0,0.0,1.0,0.0,0.0,0.0,0.0,0.0
1,2,0.0,0.0,1.0,0.0,0.0,0.0,0.0,0.0
1,2,0.0,0.0,1.0,0.0,0.0,0.0,0.0,0.0
1,2,0.0,0.0,1.0,0.0,0.0,0.0,0.0,0.0
1,2,0.0,0.0,1.0,0.0,0.0,0.0,0.0,0.0
1,2,0.0,0.0,1.0,0.0,0.0,0.0,0.0,0.0
1,2,0.0,0.0,1.0,0.0,0.0,0.0,0.0,0.0
1,2,0.0,0.0,1.0,0.0,0.0,0.0,0.0,0.0
1,2,0.0,0.0,1.0,0.0,0.0,0.0,0.0,0.0
1,2,0.0,0.0,1.0,0.0,0.0,0.0,0.0,0.0
1,2,0.0,0.0,1.0,0.0,0.0,0.0,0.0,0.0
1,2,0.0,0.0,1.0,0.0,0.0,0.0,0.0,0.0
1,2,0.0,0.0,1.0,0.0,0.0,0.0,0.0,0.0
1,2,0.0,0.0,1.0,0.0,0.0,0.0,0.0,0.0
1,2,0.0,0.0,0.984375,0.0,0.0,0.0,0.0,0.015625
1,2,0.0,0.0,0.984375,0.0,0.0,0.0,0.0,0.015625
1,2,0.0,0.0,0.984375,0.0,0.0,0.0,0.0,0.015625
1,2,0.0,0.0,0.984375,0.0,0.0,0.0,0.0,0.015625
1,2,0.0,0.0,0.984375,0.0,0.0,0.0,0.0,0.015625
1,2,0.0,0.0,0.984375,0.0,0.0,0.0,0.0,0.015625
1,2,0.0,0.0,0.984375,0.0,0.0,0.0,0.0,0.015625
1,2,0.0,0.0,0.984375,0.0,0.0,0.0,0.0,0.015625
1,2,0.0,0.0,0.984375,0.0,0.0,0.0,0.0,0.015625
1,2,0.0,0.0,0.984375,0.0,0.0,0.0,0.0,0.015625
1,2,0.0,0.0,0.984375,0.0,0.0,0.0,0.0,0.015625
1,2,0.0,0.0,0.984375,0.0,0.0,0.0,0.0,0.015625
1,2,0.0,0.0,0.984375,0.0,0.0,0.0,0.0,0.015625
1,2,0.0,0.0,0.984375,0.0,0.0,0.0,0.0,0.015625
1,2,0.0,0.0,0.984375,0.0,0.0,0.0,0.0,0.015625
1,2,0.0,0.0,0.984375,0.0,0.0,0.0,0.0,0.015625
1,2,0.0,0.0,0.96875,0.0,0.0,0.0,0.0,0.03125
1,2,0.0,0.0,0.96875,0.0,0.0,0.0,0.0,0.03125
1,2,0.0,0.0,0.96875,0.0,0.0,0.0,0.0,0.03125
1,2,0.0,0.0,0.96875,0.0,0.0,0.0,0.0,0.03125
1,2,0.0,0.0,0.96875,0.0,0.0,0.0,0.0,0.03125
1,2,0.0,0.0,0.96875,0.0,0.0,0.0,0.0,0.03125
1,2,0.0,0.0,0.96875,0.0,0.0,0.0,0.0,0.03125
1,2,0.0,0.0,0.96875,0.0,0.0,0.0,0.0,0.03125
1,2,0.0,0.0,0.96875,0.0,0.0,0.0,0.0,0.03125
1,2,0.0,0.0,0.96875,0.0,0.0,0.0,0.0,0.03125
1,2,0.0,0.0,0.96875,0.0,0.0,0.0,0.0,0.03125
1,2,0.0,0.0,0.96875,0.0,0.0,0.0,0.0,0.03125
1,2,0.0,0.0,0.96875,0.0,0.0,0.0,0.0,0.03125
1,2,0.0,0.0,0.96875,0.0,0.0,0.0,0.0,0.03125
1,2,0.0,0.0,0.96875,0.0,0.0,0.0,0.0,0.03125
1,2,0.0,0.0,0.96875,0.0,0.0,0.0,0.0,0.03125
1,2,0.0,0.0,0.984375,0.0,0.0,0.0,0.0,0.015625
1,2,0.0,0.0,0.984375,0.0,0.0,0.0,0.0,0.015625
1,2,0.0,0.0,0.984375,0.0,0.0,0.0,0.0,0.015625
1,2,0.0,0.0,0.984375,0.0,0.0,0.0,0.0,0.015625
1,2,0.0,0.0,0.984375,0.0,0.0,0.0,0.0,0.015625
1,2,0.0,0.0,0.984375,0.0,0.0,0.0,0.0,0.015625
1,2,0.0,0.0,0.984375,0.0,0.0,0.0,0.0,0.015625
1,2,0.0,0.0,0.984375,0.0,0.0,0.0,0.0,0.015625
1,2,0.0,0.0,0.984375,0.0,0.0,0.0,0.0,0.015625
1,2,0.0,0.0,0.984375,0.0,0.0,0.0,0.0,0.015625
1,2,0.0,0.0,0.984375,0.0,0.0,0.0,0.0,0.015625
1,2,0.0,0.0,0.984375,0.0,0.0,0.0,0.0,0.015625
1,2,0.0,0.0,0.984375,0.0,0.0,0.0,0.0,0.015625
1,2,0.0,0.0,0.984375,0.0,0.0,0.0,0.0,0.015625
1,2,0.0,0.0,0.984375,0.0,0.0,0.0,0.0,0.015625
1,2,0.0,0.0,0.984375,0.0,0.0,0.0,0.0,0.015625
1,2,0.0,0.0,0.984375,0.0,0.0,0.0,0.0,0.015625
1,2,0.0,0.0,0.984375,0.0,0.0,0.0,0.0,0.015625
1,2,0.0,0.0,0.984375,0.0,0.0,0.0,0.0,0.015625
1,2,0.0,0.0,0.984375,0.0,0.0,0.0,0.0,0.015625
1,2,0.0,0.0,0.984375,0.0,0.0,0.0,0.0,0.015625
1,2,0.0,0.0,0.984375,0.0,0.0,0.0,0.0,0.015625
1,2,0.0,0.0,0.984375,0.0,0.0,0.0,0.0,0.015625
1,2,0.0,0.0,0.984375,0.0,0.0,0.0,0.0,0.015625
1,2,0.0,0.0,0.984375,0.0,0.0,0.0,0.0,0.015625
1,2,0.0,0.0,0.984375,0.0,0.0,0.0,0.0,0.015625
1,2,0.0,0.0,0.984375,0.0,0.0,0.0,0.0,0.015625
1,2,0.0,0.0,0.984375,0.0,0.0,0.0,0.0,0.015625
1,2,0.0,0.0,0.984375,0.0,0.0,0.0,0.0,0.015625
1,2,0.0,0.0,0.984375,0.0,0.0,0.0,0.0,0.015625
1,2,0.0,0.0,0.984375,0.0,0.0,0.0,0.0,0.015625
1,2,0.0,0.0,0.984375,0.0,0.0,0.0,0.0,0.015625
1,2,0.0,0.0,1.0,0.0,0.0,0.0,0.0,0.0
1,2,0.0,0.0,1.0,0.0,0.0,0.0,0.0,0.0
1,2,0.0,0.0,1.0,0.0,0.0,0.0,0.0,0.0
1,2,0.0,0.0,1.0,0.0,0.0,0.0,0.0,0.0
1,2,0.0,0.0,1.0,0.0,0.0,0.0,0.0,0.0
1,2,0.0,0.0,1.0,0.0,0.0,0.0,0.0,0.0
1,2,0.0,0.0,1.0,0.0,0.0,0.0,0.0,0.0
1,2,0.0,0.0,1.0,0.0,0.0,0.0,0.0,0.0
1,2,0.0,0.0,1.0,0.0,0.0,0.0,0.0,0.0
1,2,0.0,0.0,1.0,0.0,0.0,0.0,0.0,0.0
1,2,0.0,0.0,1.0,0.0,0.0,0.0,0.0,0.0
1,2,0.0,0.0,1.0,0.0,0.0,0.0,0.0,0.0
1,2,0.0,0.0,1.0,0.0,0.0,0.0,0.0,0.0
1,2,0.0,0.0,1.0,0.0,0.0,0.0,0.0,0.0
1,2,0.0,0.0,1.0,0.0,0.0,0.0,0.0,0.0
1,2,0.0,0.0,1.0,0.0,0.0,0.0,0.0,0.0
1,2,0.0,0.0,1.0,0.0,0.0,0.0,0.0,0.0
1,2,0.0,0.0,1.0,0.0,0.0,0.0,0.0,0.0
1,2,0.0,0.0,1.0,0.0,0.0,0.0,0.0,0.0
1,2,0.0,0.0,1.0,0.0,0.0,0.0,0.0,0.0
1,2,0.0,0.0,1.0,0.0,0.0,0.0,0.0,0.0
1,2,0.0,0.0,1.0,0.0,0.0,0.0,0.0,0.0
1,2,0.0,0.0,1.0,0.0,0.0,0.0,0.0,0.0
1,2,0.0,0.0,1.0,0.0,0.0,0.0,0.0,0.0
1,2,0.0,0.0,1.0,0.0,0.0,0.0,0.0,0.0
1,2,0.0,0.0,1.0,0.0,0.0,0.0,0.0,0.0
1,2,0.0,0.0,1.0,0.0,0.0,0.0,0.0,0.0
1,2,0.0,0.0,1.0,0.0,0.0,0.0,0.0,0.0
1,2,0.0,0.0,1.0,0.0,0.0,0.0,0.0,0.0
1,2,0.0,0.0,1.0,0.0,0.0,0.0,0.0,0.0
1,2,0.0,0.0,1.0,0.0,0.0,0.0,0.0,0.0
1,2,0.0,0.0,1.0,0.0,0.0,0.0,0.0,0.0
1,2,0.0,0.0,1.0,0.0,0.0,0.0,0.0,0.0
1,2,0.0,0.0,1.0,0.0,0.0,0.0,0.0,0.0
1,2,0.0,0.0,1.0,0.0,0.0,0.0,0.0,0.0
1,2,0.0,0.0,1.0,0.0,0.0,0.0,0.0,0.0
1,2,0.0,0.0,1.0,0.0,0.0,0.0,0.0,0.0
1,2,0.0,0.0,1.0,0.0,0.0,0.0,0.0,0.0
1,2,0.0,0.0,1.0,0.0,0.0,0.0,0.0,0.0
1,2,0.0,0.0,1.0,0.0,0.0,0.0,0.0,0.0
1,2,0.0,0.0,1.0,0.0,0.0,0.0,0.0,0.0
1,2,0.0,0.0,1.0,0.0,0.0,0.0,0.0,0.0
1,2,0.0,0.0,1.0,0.0,0.0,0.0,0.0,0.0
1,2,0.0,0.0,1.0,0.0,0.0,0.0,0.0,0.0
1,2,0.0,0.0,1.0,0.0,0.0,0.0,0.0,0.0
1,2,0.0,0.0,1.0,0.0,0.0,0.0,0.0,0.0
1,2,0.0,0.0,1.0,0.0,0.0,0.0,0.0,0.0
1,2,0.0,0.0,1.0,0.0,0.0,0.0,0.0,0.0
1,2,0.0,0.0,1.0,0.0,0.0,0.0,0.0,0.0
1,2,0.0,0.0,1.0,0.0,0.0,0.0,0.0,0.0
1,2,0.0,0.0,1.0,0.0,0.0,0.0,0.0,0.0
1,2,0.0,0.0,1.0,0.0,0.0,0.0,0.0,0.0
1,2,0.0,0.0,1.0,0.0,0.0,0.0,0.0,0.0
1,2,0.0,0.0,1.0,0.0,0.0,0.0,0.0,0.0
1,2,0.0,0.0,1.0,0.0,0.0,0.0,0.0,0.0
1,2,0.0,0.0,1.0,0.0,0.0,0.0,0.0,0.0
1,2,0.0,0.0,0.984375,0.0,0.0,0.0,0.0,0.015625
1,2,0.0,0.0,0.984375,0.0,0.0,0.0,0.0,0.015625
1,2,0.0,0.0,0.984375,0.0,0.0,0.0,0.0,0.015625
1,2,0.0,0.0,0.984375,0.0,0.0,0.0,0.0,0.015625
1,2,0.0,0.0,0.984375,0.0,0.0,0.0,0.0,0.015625
1,2,0.0,0.0,0.984375,0.0,0.0,0.0,0.0,0.015625
1,2,0.0,0.0,0.984375,0.0,0.0,0.0,0.0,0.015625
1,2,0.0,0.0,0.984375,0.0,0.0,0.0,0.0,0.015625
1,2,0.0,0.0,0.984375,0.0,0.0,0.0,0.0,0.015625
1,2,0.0,0.0,0.984375,0.0,0.0,0.0,0.0,0.015625
1,2,0.0,0.0,0.984375,0.0,0.0,0.0,0.0,0.015625
1,2,0.0,0.0,0.984375,0.0,0.0,0.0,0.0,0.015625
1,2,0.0,0.0,0.984375,0.0,0.0,0.0,0.0,0.015625
1,2,0.0,0.0,0.984375,0.0,0.0,0.0,0.0,0.015625
1,2,0.0,0.0,0.984375,0.0,0.0,0.0,0.0,0.015625
1,2,0.0,0.0,0.984375,0.0,0.0,0.0,0.0,0.015625
1,2,0.0,0.0,0.984375,0.0,0.0,0.0,0.0,0.015625
1,2,0.0,0.0,0.984375,0.0,0.0,0.0,0.0,0.015625
1,2,0.0,0.0,0.984375,0.0,0.0,0.0,0.0,0.015625
1,2,0.0,0.0,0.984375,0.0,0.0,0.0,0.0,0.015625
1,2,0.0,0.0,0.984375,0.0,0.0,0.0,0.0,0.015625
1,2,0.0,0.0,0.984375,0.0,0.0,0.0,0.0,0.015625
1,2,0.0,0.0,0.984375,0.0,0.0,0.0,0.0,0.015625
1,2,0.0,0.0,0.984375,0.0,0.0,0.0,0.0,0.015625
1,2,0.0,0.0,0.984375,0.0,0.0,0.0,0.0,0.015625
1,2,0.0,0.0,0.984375,0.0,0.0,0.0,0.0,0.015625
1,2,0.0,0.0,0.984375,0.0,0.0,0.0,0.0,0.015625
1,2,0.0,0.0,0.984375,0.0,0.0,0.0,0.0,0.015625
1,2,0.0,0.0,0.984375,0.0,0.0,0.0,0.0,0.015625
1,2,0.0,0.0,0.984375,0.0,0.0,0.0,0.0,0.015625
1,2,0.0,0.0,0.984375,0.0,0.0,0.0,0.0,0.015625
1,2,0.0,0.0,0.984375,0.0,0.0,0.0,0.0,0.015625
1,2,0.0,0.0,0.984375,0.0,0.0,0.0,0.0,0.015625
1,2,0.0,0.0,0.984375,0.0,0.0,0.0,0.0,0.015625
1,2,0.0,0.0,0.984375,0.0,0.0,0.0,0.0,0.015625
1,2,0.0,0.0,0.984375,0.0,0.0,0.0,0.0,0.015625
1,2,0.0,0.0,0.984375,0.0,0.0,0.0,0.0,0.015625
1,2,0.0,0.0,0.984375,0.0,0.0,0.0,0.0,0.015625
1,2,0.0,0.0,0.984375,0.0,0.0,0.0,0.0,0.015625
1,2,0.0,0.0,0.984375,0.0,0.0,0.0,0.0,0.015625
1,2,0.0,0.0,0.984375,0.0,0.0,0.0,0.0,0.015625
1,2,0.0,0.0,0.984375,0.0,0.0,0.0,0.0,0.015625
1,2,0.0,0.0,0.984375,0.0,0.0,0.0,0.0,0.015625
1,2,0.0,0.0,0.984375,0.0,0.0,0.0,0.0,0.015625
1,2,0.0,0.0,0.984375,0.0,0.0,0.0,0.0,0.015625
1,2,0.0,0.0,0.984375,0.0,0.0,0.0,0.0,0.015625
1,2,0.0,0.0,0.984375,0.0,0.0,0.0,0.0,0.015625
1,2,0.0,0.0,0.984375,0.0,0.0,0.0,0.0,0.015625
1,2,0.0,0.0,0.984375,0.0,0.0,0.0,0.0,0.015625
1,2,0.0,0.0,0.984375,0.0,0.0,0.0,0.0,0.015625
1,2,0.0,0.0,0.984375,0.0,0.0,0.0,0.0,0.015625
1,2,0.0,0.0,0.984375,0.0,0.0,0.0,0.0,0.015625
1,2,0.0,0.0,0.984375,0.0,0.0,0.0,0.0,0.015625
1,2,0.0,0.0,0.984375,0.0,0.0,0.0,0.0,0.015625
1,2,0.0,0.0,0.984375,0.0,0.0,0.0,0.0,0.015625
1,2,0.0,0.0,0.984375,0.0,0.0,0.0,0.0,0.015625
1,2,0.0,0.015625,0.984375,0.0,0.0,0.0,0.0,0.0
1,2,0.0,0.015625,0.984375,0.0,0.0,0.0,0.0,0.0
1,2,0.0,0.015625,0.984375,0.0,0.0,0.0,0.0,0.0
1,2,0.0,0.015625,0.984375,0.0,0.0,0.0,0.0,0.0
1,2,0.0,0.015625,0.984375,0.0,0.0,0.0,0.0,0.0
1,2,0.0,0.015625,0.984375,0.0,0.0,0.0,0.0,0.0
1,2,0.0,0.015625,0.984375,0.0,0.0,0.0,0.0,0.0
1,2,0.0,0.015625,0.984375,0.0,0.0,0.0,0.0,0.0
1,2,0.0,0.015625,0.984375,0.0,0.0,0.0,0.0,0.0
1,2,0.0,0.015625,0.984375,0.0,0.0,0.0,0.0,0.0
1,2,0.0,0.015625,0.984375,0.0,0.0,0.0,0.0,0.0
1,2,0.0,0.015625,0.984375,0.0,0.0,0.0,0.0,0.0
1,2,0.0,0.015625,0.984375,0.0,0.0,0.0,0.0,0.0
1,2,0.0,0.015625,0.984375,0.0,0.0,0.0,0.0,0.0
1,2,0.0,0.015625,0.984375,0.0,0.0,0.0,0.0,0.0
1,2,0.0,0.015625,0.984375,0.0,0.0,0.0,0.0,0.0
1,2,0.0,0.015625,0.984375,0.0,0.0,0.0,0.0,0.0
1,2,0.0,0.015625,0.984375,0.0,0.0,0.0,0.0,0.0
1,2,0.0,0.015625,0.984375,0.0,0.0,0.0,0.0,0.0
1,2,0.0,0.015625,0.984375,0.0,0.0,0.0,0.0,0.0
1,2,0.0,0.015625,0.984375,0.0,0.0,0.0,0.0,0.0
1,2,0.0,0.015625,0.984375,0.0,0.0,0.0,0.0,0.0
1,2,0.0,0.015625,0.984375,0.0,0.0,0.0,0.0,0.0
1,2,0.0,0.015625,0.984375,0.0,0.0,0.0,0.0,0.0
1,2,0.0,0.015625,0.984375,0.0,0.0,0.0,0.0,0.0
1,2,0.0,0.015625,0.984375,0.0,0.0,0.0,0.0,0.0
1,2,0.0,0.015625,0.984375,0.0,0.0,0.0,0.0,0.0
1,2,0.0,0.015625,0.984375,0.0,0.0,0.0,0.0,0.0
1,2,0.0,0.015625,0.984375,0.0,0.0,0.0,0.0,0.0
1,2,0.0,0.015625,0.984375,0.0,0.0,0.0,0.0,0.0
1,2,0.0,0.015625,0.984375,0.0,0.0,0.0,0.0,0.0
1,2,0.0,0.015625,0.984375,0.0,0.0,0.0,0.0,0.0
1,2,0.0,0.015625,0.96875,0.0,0.0,0.0,0.0,0.015625
1,2,0.0,0.015625,0.96875,0.0,0.0,0.0,0.0,0.015625
1,2,0.0,0.015625,0.96875,0.0,0.0,0.0,0.0,0.015625
1,2,0.0,0.015625,0.96875,0.0,0.0,0.0,0.0,0.015625
1,2,0.0,0.015625,0.96875,0.0,0.0,0.0,0.0,0.015625
1,2,0.0,0.015625,0.96875,0.0,0.0,0.0,0.0,0.015625
1,2,0.0,0.015625,0.96875,0.0,0.0,0.0,0.0,0.015625
1,2,0.0,0.015625,0.96875,0.0,0.0,0.0,0.0,0.015625
1,2,0.0,0.015625,0.96875,0.0,0.0,0.0,0.0,0.015625
1,2,0.0,0.015625,0.96875,0.0,0.0,0.0,0.0,0.015625
1,2,0.0,0.015625,0.96875,0.0,0.0,0.0,0.0,0.015625
1,2,0.0,0.015625,0.96875,0.0,0.0,0.0,0.0,0.015625
1,2,0.0,0.015625,0.96875,0.0,0.0,0.0,0.0,0.015625
1,2,0.0,0.015625,0.96875,0.0,0.0,0.0,0.0,0.015625
1,2,0.0,0.015625,0.96875,0.0,0.0,0.0,0.0,0.015625
1,2,0.0,0.015625,0.96875,0.0,0.0,0.0,0.0,0.015625
1,2,0.0,0.015625,0.96875,0.0,0.0,0.0,0.0,0.015625
1,2,0.0,0.015625,0.96875,0.0,0.0,0.0,0.0,0.015625
1,2,0.0,0.015625,0.96875,0.0,0.0,0.0,0.0,0.015625
1,2,0.0,0.015625,0.96875,0.0,0.0,0.0,0.0,0.015625
1,2,0.0,0.015625,0.96875,0.0,0.0,0.0,0.0,0.015625
1,2,0.0,0.015625,0.96875,0.0,0.0,0.0,0.0,0.015625
1,2,0.0,0.015625,0.96875,0.0,0.0,0.0,0.0,0.015625
1,2,0.0,0.015625,0.96875,0.0,0.0,0.0,0.0,0.015625
1,2,0.0,0.015625,0.96875,0.0,0.0,0.0,0.0,0.015625
1,2,0.0,0.015625,0.96875,0.0,0.0,0.0,0.0,0.015625
1,2,0.0,0.015625,0.96875,0.0,0.0,0.0,0.0,0.015625
1,2,0.0,0.015625,0.96875,0.0,0.0,0.0,0.0,0.015625
1,2,0.0,0.015625,0.96875,0.0,0.0,0.0,0.0,0.015625
1,2,0.0,0.015625,0.96875,0.0,0.0,0.0,0.0,0.015625
1,2,0.0,0.015625,0.96875,0.0,0.0,0.0,0.0,0.015625
1,2,0.0,0.015625,0.96875,0.0,0.0,0.0,0.0,0.015625
1,2,0.0,0.03125,0.953125,0.0,0.0,0.0,0.0,0.015625
1,2,0.0,0.03125,0.953125,0.0,0.0,0.0,0.0,0.015625
1,2,0.0,0.03125,0.953125,0.0,0.0,0.0,0.0,0.015625
1,2,0.0,0.03125,0.953125,0.0,0.0,0.0,0.0,0.015625
1,2,0.0,0.03125,0.953125,0.0,0.0,0.0,0.0,0.015625
1,2,0.0,0.03125,0.953125,0.0,0.0,0.0,0.0,0.015625
1,2,0.0,0.03125,0.953125,0.0,0.0,0.0,0.0,0.015625
1,2,0.0,0.03125,0.953125,0.0,0.0,0.0,0.0,0.015625
1,2,0.0,0.03125,0.953125,0.0,0.0,0.0,0.0,0.015625
1,2,0.0,0.03125,0.953125,0.0,0.0,0.0,0.0,0.015625
1,2,0.0,0.03125,0.953125,0.0,0.0,0.0,0.0,0.015625
1,2,0.0,0.03125,0.953125,0.0,0.0,0.0,0.0,0.015625
1,2,0.0,0.03125,0.953125,0.0,0.0,0.0,0.0,0.015625
1,2,0.0,0.03125,0.953125,0.0,0.0,0.0,0.0,0.015625
1,2,0.0,0.03125,0.953125,0.0,0.0,0.0,0.0,0.015625
1,2,0.0,0.03125,0.953125,0.0,0.0,0.0,0.0,0.015625
1,2,0.0,0.03125,0.96875,0.0,0.0,0.0,0.0,0.0
1,2,0.0,0.03125,0.96875,0.0,0.0,0.0,0.0,0.0
1,2,0.0,0.03125,0.96875,0.0,0.0,0.0,0.0,0.0
1,2,0.0,0.03125,0.96875,0.0,0.0,0.0,0.0,0.0
1,2,0.0,0.031746034,0.93650794,0.0,0.0,0.0,0.031746034,0.0
1,2,0.0,0.031746034,0.93650794,0.0,0.0,0.0,0.031746034,0.0
1,2,0.0,0.031746034,0.93650794,0.0,0.0,0.0,0.031746034,0.0
1,2,0.0,0.031746034,0.93650794,0.0,0.0,0.0,0.031746034,0.0
1,2,0.0,0.031746034,0.93650794,0.0,0.0,0.0,0.031746034,0.0
1,2,0.0,0.031746034,0.93650794,0.0,0.0,0.0,0.031746034,0.0
1,2,0.0,0.031746034,0.93650794,0.0,0.0,0.0,0.031746034,0.0
1,2,0.0,0.031746034,0.93650794,0.0,0.0,0.0,0.031746034,0.0
1,2,0.0,0.031746034,0.9206349,0.0,0.0,0.0,0.04761905,0.0
1,2,0.0,0.031746034,0.9206349,0.0,0.0,0.0,0.04761905,0.0
1,2,0.0,0.031746034,0.9206349,0.0,0.0,0.0,0.04761905,0.0
1,2,0.0,0.031746034,0.9206349,0.0,0.0,0.0,0.04761905,0.0
1,2,0.0,0.031746034,0.9047619,0.0,0.0,0.0,0.06349207,0.0
1,2,0.0,0.031746034,0.9047619,0.0,0.0,0.0,0.06349207,0.0
1,2,0.0,0.031746034,0.9047619,0.0,0.0,0.0,0.06349207,0.0
1,2,0.0,0.031746034,0.9047619,0.0,0.0,0.0,0.06349207,0.0
1,2,0.0,0.031746034,0.9047619,0.0,0.0,0.0,0.06349207,0.0
1,2,0.0,0.031746034,0.9047619,0.0,0.0,0.0,0.06349207,0.0
1,2,0.0,0.031746034,0.9047619,0.0,0.0,0.0,0.06349207,0.0
1,2,0.0,0.031746034,0.9047619,0.0,0.0,0.0,0.06349207,0.0
1,2,0.0,0.031746034,0.9047619,0.0,0.0,0.0,0.06349207,0.0
1,2,0.0,0.031746034,0.9047619,0.0,0.0,0.0,0.06349207,0.0
1,2,0.0,0.031746034,0.9047619,0.0,0.0,0.0,0.06349207,0.0
1,2,0.0,0.031746034,0.9047619,0.0,0.0,0.0,0.06349207,0.0
1,2,0.0,0.031746034,0.8730159,0.0,0.0,0.0,0.07936508,0.015873017
1,2,0.0,0.031746034,0.8730159,0.0,0.0,0.0,0.07936508,0.015873017
1,2,0.0,0.031746034,0.8730159,0.0,0.0,0.0,0.07936508,0.015873017
1,2,0.0,0.031746034,0.8730159,0.0,0.0,0.0,0.07936508,0.015873017
1,2,0.0,0.032258064,0.87096775,0.0,0.0,0.0,0.08064516,0.016129032
1,2,0.0,0.032258064,0.87096775,0.0,0.0,0.0,0.08064516,0.016129032
1,2,0.0,0.032258064,0.87096775,0.0,0.0,0.0,0.08064516,0.016129032
1,2,0.0,0.032258064,0.87096775,0.0,0.0,0.0,0.08064516,0.016129032
1,2,0.0,0.032258064,0.87096775,0.0,0.0,0.0,0.08064516,0.016129032
1,2,0.0,0.032258064,0.87096775,0.0,0.0,0.0,0.08064516,0.016129032
1,2,0.0,0.032258064,0.8548387,0.0,0.0,0.0,0.09677419,0.016129032
1,2,0.0,0.032258064,0.8548387,0.0,0.0,0.0,0.09677419,0.016129032
1,2,0.0,0.032258064,0.7903226,0.0,0.0,0.0,0.14516129,0.032258064
1,2,0.0,0.032258064,0.7903226,0.0,0.0,0.0,0.14516129,0.032258064
1,2,0.0,0.032258064,0.7903226,0.0,0.0,0.0,0.14516129,0.032258064
1,2,0.0,0.032258064,0.7903226,0.0,0.0,0.0,0.14516129,0.032258064
1,2,0.0,0.032258064,0.7903226,0.0,0.0,0.0,0.14516129,0.032258064
1,2,0.0,0.032258064,0.7903226,0.0,0.0,0.0,0.14516129,0.032258064
1,2,0.0,0.032258064,0.7903226,0.0,0.0,0.0,0.14516129,0.032258064
1,2,0.0,0.032258064,0.7903226,0.0,0.0,0.0,0.14516129,0.032258064
1,2,0.0,0.032258064,0.7419355,0.0,0.0,0.0,0.19354838,0.032258064
1,2,0.0,0.032258064,0.7419355,0.0,0.0,0.0,0.19354838,0.032258064
1,2,0.0,0.032258064,0.7419355,0.0,0.0,0.0,0.19354838,0.032258064
1,2,0.0,0.032258064,0.7419355,0.0,0.0,0.0,0.19354838,0.032258064
1,2,0.0,0.032258064,0.7419355,0.0,0.0,0.0,0.19354838,0.032258064
1,2,0.0,0.032258064,0.7258065,0.0,0.0,0.0,0.20967741,0.032258064
1,2,0.0,0.032258064,0.7258065,0.0,0.0,0.0,0.20967741,0.032258064
1,2,0.0,0.032258064,0.7258065,0.0,0.0,0.0,0.20967741,0.032258064
1,2,0.0,0.032258064,0.7258065,0.0,0.0,0.0,0.20967741,0.032258064
1,2,0.0,0.032258064,0.7258065,0.0,0.0,0.0,0.20967741,0.032258064
1,2,0.0,0.032258064,0.7258065,0.0,0.0,0.0,0.20967741,0.032258064
1,2,0.0,0.032258064,0.7258065,0.0,0.0,0.0,0.20967741,0.032258064
1,2,0.0,0.032258064,0.7258065,0.0,0.0,0.0,0.20967741,0.032258064
1,2,0.0,0.032258064,0.7258065,0.0,0.0,0.0,0.20967741,0.032258064
1,2,0.0,0.032258064,0.7258065,0.0,0.0,0.0,0.20967741,0.032258064
1,2,0.0,0.032258064,0.7258065,0.0,0.0,0.0,0.20967741,0.032258064
1,2,0.0,0.032258064,0.7096774,0.0,0.0,0.016129032,0.20967741,0.032258064
1,2,0.0,0.032258064,0.7096774,0.0,0.0,0.016129032,0.20967741,0.032258064
1,2,0.0,0.032258064,0.7096774,0.0,0.0,0.016129032,0.20967741,0.032258064
1,2,0.0,0.032258064,0.7096774,0.0,0.0,0.016129032,0.20967741,0.032258064
1,2,0.0,0.032258064,0.7096774,0.0,0.0,0.016129032,0.20967741,0.032258064
1,2,0.0,0.032258064,0.7096774,0.0,0.0,0.016129032,0.20967741,0.032258064
1,2,0.0,0.032258064,0.7096774,0.0,0.0,0.016129032,0.20967741,0.032258064
1,2,0.0,0.032258064,0.7096774,0.0,0.0,0.016129032,0.20967741,0.032258064
1,2,0.0,0.032258064,0.7096774,0.0,0.0,0.016129032,0.20967741,0.032258064
1,2,0.0,0.032258064,0.7096774,0.0,0.0,0.016129032,0.20967741,0.032258064
1,2,0.0,0.032258064,0.7096774,0.0,0.0,0.016129032,0.20967741,0.032258064
1,2,0.0,0.032258064,0.7096774,0.0,0.0,0.016129032,0.20967741,0.032258064
1,2,0.0,0.032258064,0.6935484,0.0,0.0,0.016129032,0.22580644,0.032258064
1,2,0.0,0.032258064,0.6935484,0.0,0.0,0.016129032,0.22580644,0.032258064
1,2,0.0,0.032258064,0.6935484,0.0,0.0,0.016129032,0.22580644,0.032258064
1,2,0.0,0.032258064,0.6935484,0.0,0.0,0.016129032,0.22580644,0.032258064
1,2,0.0,0.032258064,0.6935484,0.0,0.0,0.016129032,0.22580644,0.032258064
1,2,0.0,0.032258064,0.6935484,0.0,0.0,0.016129032,0.22580644,0.032258064
1,2,0.0,0.032258064,0.6935484,0.0,0.0,0.016129032,0.22580644,0.032258064
1,2,0.0,0.032258064,0.6935484,0.0,0.0,0.016129032,0.22580644,0.032258064
1,2,0.0,0.032258064,0.6935484,0.0,0.0,0.016129032,0.22580644,0.032258064
1,2,0.0,0.032258064,0.6935484,0.0,0.0,0.016129032,0.22580644,0.032258064
1,2,0.0,0.032258064,0.6935484,0.0,0.0,0.016129032,0.22580644,0.032258064
1,2,0.0,0.032258064,0.6935484,0.0,0.0,0.016129032,0.22580644,0.032258064
1,2,0.0,0.032258064,0.66129035,0.016129032,0.0,0.048387095,0.20967741,0.032258064
1,2,0.0,0.032258064,0.66129035,0.016129032,0.0,0.048387095,0.20967741,0.032258064
1,2,0.0,0.032786883,0.6557377,0.016393442,0.0,0.04918033,0.21311475,0.032786883
1,2,0.0,0.032786883,0.6557377,0.016393442,0.0,0.04918033,0.21311475,0.032786883
1,2,0.0,0.032786883,0.6557377,0.016393442,0.0,0.04918033,0.21311475,0.032786883
1,2,0.0,0.032786883,0.6557377,0.016393442,0.0,0.04918033,0.21311475,0.032786883
1,2,0.0,0.032786883,0.6557377,0.016393442,0.0,0.04918033,0.21311475,0.032786883
1,2,0.0,0.032786883,0.6557377,0.016393442,0.0,0.04918033,0.21311475,0.032786883
1,2,0.0,0.032786883,0.6393443,0.032786883,0.0,0.04918033,0.21311475,0.032786883
1,2,0.0,0.032786883,0.6393443,0.032786883,0.0,0.04918033,0.21311475,0.032786883
1,2,0.0,0.032786883,0.6393443,0.032786883,0.0,0.04918033,0.21311475,0.032786883
1,2,0.0,0.032786883,0.6393443,0.032786883,0.0,0.04918033,0.21311475,0.032786883
1,2,0.0,0.032786883,0.6393443,0.032786883,0.0,0.04918033,0.21311475,0.032786883
1,2,0.0,0.032786883,0.6393443,0.032786883,0.0,0.04918033,0.21311475,0.032786883
1,2,0.0,0.032786883,0.6393443,0.032786883,0.0,0.04918033,0.21311475,0.032786883
1,2,0.0,0.032786883,0.6393443,0.032786883,0.0,0.04918033,0.21311475,0.032786883
1,2,0.0,0.032786883,0.6393443,0.032786883,0.0,0.04918033,0.21311475,0.032786883
1,2,0.0,0.033898305,0.62711865,0.033898305,0.0,0.050847456,0.22033899,0.033898305
1,2,0.0,0.033898305,0.62711865,0.033898305,0.0,0.050847456,0.22033899,0.033898305
1,2,0.0,0.033898305,0.62711865,0.033898305,0.0,0.050847456,0.22033899,0.033898305
1,2,0.0,0.033898305,0.62711865,0.033898305,0.0,0.050847456,0.22033899,0.033898305
1,2,0.0,0.033898305,0.6101695,0.033898305,0.0,0.050847456,0.23728813,0.033898305
1,2,0.0,0.033898305,0.59322035,0.033898305,0.0,0.050847456,0.2542373,0.033898305
1,2,0.0,0.033898305,0.59322035,0.033898305,0.0,0.050847456,0.2542373,0.033898305
1,2,0.0,0.033898305,0.45762712,0.033898305,0.016949153,0.20338982,0.22033899,0.033898305
1,2,0.0,0.033898305,0.45762712,0.033898305,0.016949153,0.20338982,0.22033899,0.033898305
1,2,0.0,0.033898305,0.45762712,0.033898305,0.016949153,0.20338982,0.22033899,0.033898305
1,2,0.0,0.033898305,0.45762712,0.033898305,0.016949153,0.20338982,0.22033899,0.033898305
1,2,0.0,0.033898305,0.42372882,0.033898305,0.033898305,0.22033899,0.22033899,0.033898305
1,2,0.0,0.033898305,0.42372882,0.033898305,0.033898305,0.22033899,0.22033899,0.033898305
1,2,0.0,0.033898305,0.40677965,0.033898305,0.033898305,0.23728813,0.22033899,0.033898305
1,2,0.0,0.033898305,0.40677965,0.033898305,0.033898305,0.23728813,0.22033899,0.033898305
1,2,0.0,0.033898305,0.40677965,0.033898305,0.033898305,0.23728813,0.22033899,0.033898305
1,2,0.0,0.033898305,0.40677965,0.033898305,0.033898305,0.23728813,0.22033899,0.033898305
1,2,0.0,0.033898305,0.40677965,0.033898305,0.033898305,0.23728813,0.22033899,0.033898305
1,2,0.0,0.033898305,0.40677965,0.033898305,0.033898305,0.23728813,0.22033899,0.033898305
1,2,0.0,0.033898305,0.40677965,0.033898305,0.033898305,0.23728813,0.22033899,0.033898305
1,2,0.0,0.033898305,0.40677965,0.033898305,0.033898305,0.23728813,0.22033899,0.033898305
3,2,0.0,0.033898305,0.40677965,0.033898305,0.033898305,0.23728813,0.22033899,0.033898305
3,2,0.0,0.033898305,0.40677965,0.033898305,0.033898305,0.23728813,0.22033899,0.033898305
3,5,0.0,0.033898305,0.2881356,0.016949153,0.033898305,0.3559322,0.23728813,0.033898305
3,5,0.0,0.033898305,0.2881356,0.016949153,0.033898305,0.3559322,0.23728813,0.033898305
3,5,0.0,0.033898305,0.2881356,0.016949153,0.033898305,0.3559322,0.23728813,0.033898305
3,5,0.0,0.033898305,0.2881356,0.016949153,0.033898305,0.3559322,0.23728813,0.033898305
3,5,0.0,0.033898305,0.2881356,0.016949153,0.033898305,0.3559322,0.23728813,0.033898305
3,5,0.0,0.033898305,0.2881356,0.016949153,0.033898305,0.3559322,0.23728813,0.033898305
3,5,0.0,0.033898305,0.2881356,0.016949153,0.033898305,0.3559322,0.23728813,0.033898305
3,5,0.0,0.033898305,0.2881356,0.016949153,0.033898305,0.3559322,0.23728813,0.033898305
3,5,0.0,0.033898305,0.2881356,0.016949153,0.033898305,0.3559322,0.23728813,0.033898305
3,5,0.0,0.033898305,0.2881356,0.016949153,0.033898305,0.3559322,0.23728813,0.033898305
3,5,0.0,0.033898305,0.2881356,0.016949153,0.033898305,0.3559322,0.23728813,0.033898305
3,5,0.0,0.033898305,0.2881356,0.016949153,0.033898305,0.37288135,0.22033899,0.033898305
3,5,0.0,0.033898305,0.2881356,0.016949153,0.033898305,0.37288135,0.22033899,0.033898305
3,5,0.0,0.033898305,0.2881356,0.016949153,0.033898305,0.37288135,0.22033899,0.033898305
3,5,0.0,0.033898305,0.2881356,0.016949153,0.033898305,0.37288135,0.22033899,0.033898305
3,5,0.0,0.033898305,0.2881356,0.016949153,0.033898305,0.37288135,0.22033899,0.033898305
3,5,0.0,0.033898305,0.15254237,0.0,0.033898305,0.5084746,0.23728813,0.033898305
3,5,0.0,0.033898305,0.15254237,0.0,0.033898305,0.5084746,0.23728813,0.033898305
3,5,0.0,0.033898305,0.15254237,0.0,0.033898305,0.5084746,0.23728813,0.033898305
3,5,0.0,0.033898305,0.15254237,0.0,0.033898305,0.5084746,0.23728813,0.033898305
3,5,0.0,0.033898305,0.13559322,0.016949153,0.033898305,0.5254237,0.22033899,0.033898305
3,5,0.0,0.033898305,0.13559322,0.016949153,0.033898305,0.5254237,0.22033899,0.033898305
3,5,0.0,0.033898305,0.13559322,0.016949153,0.033898305,0.5254237,0.22033899,0.033898305
3,5,0.0,0.033333335,0.13333334,0.016666668,0.033333335,0.53333336,0.21666667,0.033333335
3,5,0.0,0.033333335,0.13333334,0.016666668,0.033333335,0.53333336,0.21666667,0.033333335
3,5,0.0,0.033333335,0.13333334,0.016666668,0.033333335,0.53333336,0.21666667,0.033333335
3,5,0.0,0.033333335,0.13333334,0.016666668,0.033333335,0.53333336,0.21666667,0.033333335
3,5,0.0,0.033333335,0.13333334,0.016666668,0.033333335,0.53333336,0.21666667,0.033333335
3,5,0.0,0.033333335,0.13333334,0.016666668,0.033333335,0.53333336,0.21666667,0.033333335
3,5,0.0,0.033333335,0.13333334,0.016666668,0.033333335,0.53333336,0.21666667,0.033333335
3,5,0.0,0.033333335,0.13333334,0.016666668,0.016666668,0.55,0.21666667,0.033333335
3,5,0.0,0.033333335,0.13333334,0.016666668,0.016666668,0.55,0.21666667,0.033333335
3,5,0.0,0.033333335,0.06666667,0.016666668,0.0,0.6166667,0.23333333,0.033333335
3,5,0.0,0.033333335,0.06666667,0.016666668,0.0,0.6166667,0.23333333,0.033333335
3,5,0.0,0.032786883,0.06557377,0.016393442,0.0,0.6229508,0.22950819,0.032786883
3,5,0.0,0.032786883,0.06557377,0.016393442,0.0,0.6229508,0.22950819,0.032786883
3,5,0.0,0.032786883,0.04918033,0.016393442,0.0,0.6393443,0.22950819,0.032786883
3,5,0.0,0.032786883,0.04918033,0.016393442,0.0,0.6557377,0.21311475,0.032786883
3,5,0.0,0.032786883,0.04918033,0.0,0.0,0.6885246,0.19672132,0.032786883
3,5,0.0,0.032786883,0.04918033,0.0,0.0,0.6885246,0.19672132,0.032786883
3,5,0.0,0.032786883,0.04918033,0.0,0.0,0.6885246,0.19672132,0.032786883
3,5,0.0,0.032786883,0.04918033,0.0,0.0,0.6885246,0.19672132,0.032786883
3,5,0.0,0.032786883,0.032786883,0.0,0.0,0.704918,0.19672132,0.032786883
3,5,0.0,0.032786883,0.032786883,0.0,0.0,0.704918,0.19672132,0.032786883
3,5,0.0,0.032786883,0.032786883,0.0,0.0,0.704918,0.19672132,0.032786883
3,5,0.0,0.032786883,0.032786883,0.0,0.0,0.704918,0.19672132,0.032786883
3,5,0.0,0.032786883,0.032786883,0.0,0.0,0.704918,0.19672132,0.032786883
3,5,0.0,0.032786883,0.032786883,0.0,0.0,0.704918,0.19672132,0.032786883
3,5,0.0,0.032786883,0.016393442,0.0,0.0,0.73770493,0.18032786,0.032786883
3,5,0.0,0.032786883,0.016393442,0.0,0.0,0.73770493,0.18032786,0.032786883
3,5,0.0,0.032786883,0.016393442,0.0,0.0,0.73770493,0.18032786,0.032786883
3,5,0.0,0.032786883,0.016393442,0.0,0.0,0.73770493,0.18032786,0.032786883
3,5,0.0,0.032786883,0.016393442,0.0,0.0,0.73770493,0.18032786,0.032786883
3,5,0.0,0.032786883,0.016393442,0.0,0.0,0.73770493,0.18032786,0.032786883
3,5,0.0,0.032786883,0.016393442,0.0,0.0,0.73770493,0.18032786,0.032786883
3,5,0.0,0.032786883,0.016393442,0.0,0.0,0.73770493,0.18032786,0.032786883
3,5,0.0,0.016393442,0.016393442,0.0,0.0,0.78688526,0.16393442,0.016393442
3,5,0.0,0.016393442,0.016393442,0.0,0.0,0.78688526,0.16393442,0.016393442
3,5,0.0,0.016393442,0.016393442,0.0,0.0,0.8032787,0.14754099,0.016393442
3,5,0.0,0.016393442,0.016393442,0.0,0.0,0.8032787,0.14754099,0.016393442
3,5,0.0,0.016393442,0.016393442,0.0,0.0,0.8032787,0.14754099,0.016393442
3,5,0.0,0.016393442,0.016393442,0.0,0.0,0.8196721,0.13114753,0.016393442
3,5,0.0,0.016393442,0.016393442,0.0,0.0,0.8196721,0.13114753,0.016393442
3,5,0.0,0.016393442,0.016393442,0.0,0.0,0.8360656,0.114754096,0.016393442
3,5,0.0,0.016393442,0.016393442,0.0,0.0,0.8360656,0.114754096,0.016393442
3,5,0.0,0.016129032,0.016129032,0.0,0.0,0.8548387,0.09677419,0.016129032
3,5,0.0,0.016129032,0.016129032,0.0,0.0,0.8548387,0.09677419,0.016129032
3,5,0.0,0.016129032,0.016129032,0.0,0.0,0.8548387,0.09677419,0.016129032
3,5,0.0,0.016129032,0.016129032,0.0,0.0,0.8548387,0.09677419,0.016129032
3,5,0.0,0.016129032,0.016129032,0.0,0.0,0.8548387,0.09677419,0.016129032
3,5,0.0,0.016129032,0.016129032,0.0,0.0,0.8548387,0.09677419,0.016129032
3,5,0.0,0.016129032,0.016129032,0.0,0.0,0.8548387,0.09677419,0.016129032
3,5,0.0,0.015873017,0.015873017,0.0,0.0,0.85714287,0.0952381,0.015873017
3,5,0.0,0.015873017,0.015873017,0.0,0.0,0.85714287,0.0952381,0.015873017
3,5,0.0,0.015873017,0.015873017,0.0,0.0,0.85714287,0.0952381,0.015873017
3,5,0.0,0.015873017,0.015873017,0.0,0.0,0.85714287,0.0952381,0.015873017
3,5,0.0,0.015873017,0.015873017,0.0,0.0,0.85714287,0.0952381,0.015873017
3,5,0.0,0.015873017,0.015873017,0.0,0.0,0.85714287,0.0952381,0.015873017
3,5,0.0,0.015873017,0.015873017,0.0,0.0,0.85714287,0.0952381,0.015873017
3,5,0.0,0.015873017,0.015873017,0.0,0.0,0.85714287,0.0952381,0.015873017
3,5,0.0,0.015873017,0.015873017,0.0,0.0,0.9047619,0.06349207,0.0
3,5,0.0,0.015873017,0.015873017,0.0,0.0,0.9047619,0.06349207,0.0
3,5,0.0,0.015873017,0.015873017,0.0,0.0,0.9047619,0.06349207,0.0
3,5,0.0,0.015873017,0.015873017,0.0,0.0,0.9047619,0.06349207,0.0
3,5,0.0,0.015873017,0.015873017,0.0,0.0,0.9047619,0.06349207,0.0
3,5,0.0,0.015873017,0.015873017,0.0,0.0,0.9047619,0.06349207,0.0
3,5,0.0,0.015873017,0.015873017,0.0,0.0,0.9206349,0.04761905,0.0
3,5,0.0,0.015873017,0.015873017,0.0,0.0,0.9206349,0.04761905,0.0
3,5,0.0,0.015873017,0.015873017,0.0,0.0,0.9206349,0.04761905,0.0
3,5,0.0,0.015873017,0.015873017,0.0,0.0,0.9206349,0.04761905,0.0
3,5,0.0,0.015873017,0.015873017,0.0,0.0,0.9206349,0.04761905,0.0
3,5,0.0,0.015873017,0.015873017,0.0,0.0,0.9206349,0.04761905,0.0
3,5,0.0,0.015873017,0.015873017,0.0,0.0,0.93650794,0.031746034,0.0
3,5,0.0,0.015873017,0.015873017,0.0,0.0,0.93650794,0.031746034,0.0
3,5,0.0,0.015873017,0.015873017,0.0,0.0,0.93650794,0.031746034,0.0
3,5,0.0,0.015873017,0.015873017,0.0,0.0,0.93650794,0.031746034,0.0
3,5,0.0,0.015873017,0.015873017,0.0,0.0,0.93650794,0.031746034,0.0
3,5,0.0,0.015873017,0.015873017,0.0,0.0,0.93650794,0.031746034,0.0
3,5,0.0,0.015873017,0.015873017,0.0,0.0,0.93650794,0.031746034,0.0
3,5,0.0,0.015873017,0.015873017,0.0,0.0,0.93650794,0.031746034,0.0
3,5,0.0,0.015873017,0.015873017,0.0,0.0,0.93650794,0.031746034,0.0
3,5,0.0,0.015873017,0.015873017,0.0,0.0,0.93650794,0.031746034,0.0
3,5,0.0,0.015873017,0.015873017,0.0,0.0,0.93650794,0.031746034,0.0
3,5,0.0,0.015873017,0.015873017,0.0,0.0,0.93650794,0.031746034,0.0
3,5,0.0,0.015873017,0.015873017,0.0,0.0,0.93650794,0.031746034,0.0
3,5,0.0,0.015873017,0.015873017,0.0,0.0,0.93650794,0.031746034,0.0
3,5,0.0,0.015873017,0.015873017,0.0,0.0,0.93650794,0.031746034,0.0
3,5,0.0,0.015873017,0.015873017,0.0,0.0,0.93650794,0.031746034,0.0
3,5,0.0,0.015873017,0.015873017,0.0,0.0,0.93650794,0.031746034,0.0
3,5,0.0,0.015873017,0.015873017,0.0,0.0,0.93650794,0.031746034,0.0
3,5,0.0,0.015873017,0.015873017,0.0,0.0,0.93650794,0.031746034,0.0
3,5,0.0,0.015873017,0.015873017,0.0,0.0,0.93650794,0.031746034,0.0
3,5,0.0,0.015873017,0.0,0.0,0.0,0.96825397,0.015873017,0.0
3,5,0.0,0.015873017,0.0,0.0,0.0,0.96825397,0.015873017,0.0
3,5,0.0,0.015873017,0.0,0.0,0.0,0.96825397,0.015873017,0.0
3,5,0.0,0.015873017,0.0,0.0,0.0,0.96825397,0.015873017,0.0
3,5,0.0,0.015873017,0.0,0.0,0.0,0.984127,0.0,0.0
3,5,0.0,0.015873017,0.0,0.0,0.0,0.984127,0.0,0.0
3,5,0.0,0.015873017,0.0,0.0,0.0,0.984127,0.0,0.0
3,5,0.0,0.015873017,0.0,0.0,0.0,0.984127,0.0,0.0
3,5,0.0,0.015873017,0.0,0.0,0.0,0.984127,0.0,0.0
3,5,0.0,0.015873017,0.0,0.0,0.0,0.984127,0.0,0.0
3,5,0.0,0.015873017,0.0,0.0,0.0,0.984127,0.0,0.0
3,5,0.0,0.015873017,0.0,0.0,0.0,0.984127,0.0,0.0
3,5,0.0,0.015873017,0.0,0.0,0.0,0.984127,0.0,0.0
3,5,0.0,0.015873017,0.0,0.0,0.0,0.984127,0.0,0.0
3,5,0.0,0.015873017,0.0,0.0,0.0,0.984127,0.0,0.0
3,5,0.0,0.015873017,0.0,0.0,0.0,0.984127,0.0,0.0
3,5,0.0,0.0,0.0,0.0,0.0,1.0,0.0,0.0
3,5,0.0,0.0,0.0,0.0,0.0,1.0,0.0,0.0
3,5,0.0,0.0,0.0,0.0,0.0,1.0,0.0,0.0
3,5,0.0,0.0,0.0,0.0,0.0,1.0,0.0,0.0
3,5,0.0,0.0,0.0,0.0,0.0,1.0,0.0,0.0
3,5,0.0,0.0,0.0,0.0,0.0,1.0,0.0,0.0
3,5,0.0,0.0,0.0,0.0,0.0,1.0,0.0,0.0
3,5,0.0,0.0,0.0,0.0,0.0,1.0,0.0,0.0
3,5,0.0,0.0,0.0,0.0,0.0,1.0,0.0,0.0
3,5,0.0,0.0,0.0,0.0,0.0,1.0,0.0,0.0
3,5,0.0,0.0,0.0,0.0,0.0,1.0,0.0,0.0
3,5,0.0,0.0,0.0,0.0,0.0,1.0,0.0,0.0
3,5,0.0,0.0,0.0,0.0,0.0,1.0,0.0,0.0
3,5,0.0,0.0,0.0,0.0,0.0,1.0,0.0,0.0
3,5,0.0,0.0,0.0,0.0,0.0,1.0,0.0,0.0
3,5,0.0,0.0,0.0,0.0,0.0,1.0,0.0,0.0
3,5,0.0,0.0,0.0,0.0,0.0,1.0,0.0,0.0
3,5,0.0,0.0,0.0,0.0,0.0,1.0,0.0,0.0
3,5,0.0,0.0,0.0,0.0,0.0,1.0,0.0,0.0
3,5,0.0,0.0,0.0,0.0,0.0,1.0,0.0,0.0
3,5,0.0,0.0,0.0,0.0,0.0,1.0,0.0,0.0
3,5,0.0,0.0,0.0,0.0,0.0,1.0,0.0,0.0
3,5,0.0,0.0,0.0,0.0,0.0,1.0,0.0,0.0
3,5,0.0,0.0,0.0,0.0,0.0,1.0,0.0,0.0
3,5,0.0,0.0,0.0,0.0,0.0,1.0,0.0,0.0
3,5,0.0,0.0,0.0,0.0,0.0,1.0,0.0,0.0
3,5,0.0,0.0,0.0,0.0,0.0,1.0,0.0,0.0
3,5,0.0,0.0,0.0,0.0,0.0,1.0,0.0,0.0
3,5,0.0,0.0,0.0,0.0,0.0,1.0,0.0,0.0
3,5,0.0,0.0,0.0,0.0,0.0,1.0,0.0,0.0
3,5,0.0,0.0,0.0,0.0,0.0,1.0,0.0,0.0
3,5,0.0,0.0,0.0,0.0,0.0,1.0,0.0,0.0
3,5,0.0,0.0,0.0,0.0,0.0,1.0,0.0,0.0
3,5,0.0,0.0,0.0,0.0,0.0,1.0,0.0,0.0
3,5,0.0,0.0,0.0,0.0,0.0,1.0,0.0,0.0
3,5,0.0,0.0,0.0,0.0,0.0,1.0,0.0,0.0
3,5,0.0,0.0,0.0,0.0,0.0,1.0,0.0,0.0
3,5,0.0,0.0,0.0,0.0,0.0,1.0,0.0,0.0
3,5,0.0,0.0,0.0,0.0,0.0,1.0,0.0,0.0
3,5,0.0,0.0,0.0,0.0,0.0,1.0,0.0,0.0
3,5,0.0,0.0,0.0,0.0,0.0,1.0,0.0,0.0
3,5,0.0,0.0,0.0,0.0,0.0,1.0,0.0,0.0
3,5,0.0,0.0,0.0,0.0,0.0,1.0,0.0,0.0
3,5,0.0,0.0,0.0,0.0,0.0,1.0,0.0,0.0
3,5,0.0,0.0,0.0,0.0,0.0,1.0,0.0,0.0
3,5,0.0,0.0,0.0,0.0,0.0,1.0,0.0,0.0
3,5,0.0,0.0,0.0,0.0,0.0,1.0,0.0,0.0
3,5,0.0,0.0,0.0,0.0,0.0,1.0,0.0,0.0
3,5,0.0,0.0,0.0,0.0,0.0,1.0,0.0,0.0
3,5,0.0,0.0,0.0,0.0,0.0,1.0,0.0,0.0
3,5,0.0,0.0,0.0,0.0,0.0,1.0,0.0,0.0
3,5,0.0,0.0,0.0,0.0,0.0,1.0,0.0,0.0
3,5,0.0,0.0,0.0,0.0,0.0,1.0,0.0,0.0
3,5,0.0,0.0,0.0,0.0,0.0,1.0,0.0,0.0
3,5,0.0,0.0,0.0,0.0,0.0,1.0,0.0,0.0
3,5,0.0,0.0,0.0,0.0,0.0,1.0,0.0,0.0
3,5,0.0,0.0,0.0,0.0,0.0,1.0,0.0,0.0
3,5,0.0,0.0,0.0,0.0,0.0,1.0,0.0,0.0
3,5,0.0,0.0,0.0,0.0,0.0,1.0,0.0,0.0
3,5,0.0,0.0,0.0,0.0,0.0,1.0,0.0,0.0
3,5,0.0,0.0,0.0,0.0,0.0,1.0,0.0,0.0
3,5,0.0,0.0,0.0,0.0,0.0,1.0,0.0,0.0
3,5,0.0,0.0,0.0,0.0,0.0,1.0,0.0,0.0
3,5,0.0,0.0,0.0,0.0,0.0,1.0,0.0,0.0
3,5,0.0,0.0,0.0,0.0,0.0,1.0,0.0,0.0
3,5,0.0,0.0,0.0,0.0,0.0,1.0,0.0,0.0
3,5,0.0,0.0,0.0,0.0,0.0,1.0,0.0,0.0
3,5,0.0,0.0,0.0,0.0,0.0,1.0,0.0,0.0
3,5,0.0,0.0,0.0,0.0,0.0,1.0,0.0,0.0
3,5,0.0,0.0,0.0,0.0,0.0,1.0,0.0,0.0
3,5,0.0,0.0,0.0,0.0,0.0,1.0,0.0,0.0
3,5,0.0,0.0,0.0,0.0,0.0,1.0,0.0,0.0
3,5,0.0,0.0,0.0,0.0,0.0,1.0,0.0,0.0
3,5,0.0,0.0,0.0,0.0,0.0,1.0,0.0,0.0
3,5,0.0,0.0,0.0,0.0,0.0,1.0,0.0,0.0
3,5,0.0,0.0,0.0,0.0,0.0,1.0,0.0,0.0
3,5,0.0,0.0,0.0,0.0,0.0,1.0,0.0,0.0
3,5,0.0,0.0,0.0,0.0,0.0,1.0,0.0,0.0
3,5,0.0,0.0,0.0,0.0,0.0,1.0,0.0,0.0
3,5,0.0,0.0,0.0,0.0,0.0,1.0,0.0,0.0
3,5,0.0,0.0,0.0,0.0,0.0,1.0,0.0,0.0
3,5,0.0,0.0,0.0,0.0,0.0,1.0,0.0,0.0
3,5,0.0,0.0,0.0,0.0,0.0,1.0,0.0,0.0
3,5,0.0,0.0,0.0,0.0,0.0,1.0,0.0,0.0
3,5,0.0,0.0,0.0,0.0,0.0,1.0,0.0,0.0
3,5,0.0,0.0,0.0,0.0,0.0,1.0,0.0,0.0
3,5,0.0,0.0,0.0,0.0,0.0,1.0,0.0,0.0
3,5,0.0,0.0,0.0,0.0,0.0,1.0,0.0,0.0
3,5,0.0,0.0,0.0,0.0,0.0,1.0,0.0,0.0
3,5,0.0,0.0,0.0,0.0,0.0,1.0,0.0,0.0
3,5,0.0,0.0,0.0,0.0,0.0,1.0,0.0,0.0
3,5,0.0,0.0,0.0,0.0,0.0,1.0,0.0,0.0
3,5,0.0,0.0,0.0,0.0,0.0,1.0,0.0,0.0
3,5,0.0,0.0,0.0,0.0,0.0,1.0,0.0,0.0
3,5,0.0,0.0,0.0,0.0,0.0,1.0,0.0,0.0
3,5,0.0,0.0,0.0,0.0,0.0,1.0,0.0,0.0
3,5,0.0,0.0,0.0,0.0,0.0,1.0,0.0,0.0
3,5,0.0,0.0,0.0,0.0,0.0,1.0,0.0,0.0
3,5,0.0,0.0,0.0,0.0,0.0,1.0,0.0,0.0
3,5,0.0,0.0,0.0,0.0,0.0,1.0,0.0,0.0
3,5,0.0,0.0,0.0,0.0,0.0,1.0,0.0,0.0
3,5,0.0,0.0,0.0,0.0,0.0,1.0,0.0,0.0
3,5,0.0,0.0,0.0,0.0,0.0,1.0,0.0,0.0
3,5,0.0,0.0,0.0,0.0,0.0,1.0,0.0,0.0
3,5,0.0,0.0,0.0,0.0,0.0,1.0,0.0,0.0
3,5,0.0,0.0,0.0,0.0,0.0,1.0,0.0,0.0
3,5,0.0,0.0,0.0,0.0,0.0,1.0,0.0,0.0
3,5,0.0,0.0,0.0,0.0,0.0,1.0,0.0,0.0
3,5,0.0,0.0,0.0,0.0,0.0,1.0,0.0,0.0
3,5,0.0,0.0,0.0,0.0,0.0,1.0,0.0,0.0
3,5,0.0,0.0,0.0,0.0,0.0,1.0,0.0,0.0
3,5,0.0,0.0,0.0,0.0,0.0,1.0,0.0,0.0
3,5,0.0,0.0,0.0,0.0,0.0,1.0,0.0,0.0
3,5,0.0,0.0,0.0,0.0,0.0,1.0,0.0,0.0
3,5,0.0,0.0,0.0,0.0,0.0,1.0,0.0,0.0
3,5,0.0,0.0,0.0,0.0,0.0,1.0,0.0,0.0
3,5,0.0,0.0,0.0,0.0,0.0,1.0,0.0,0.0
3,5,0.0,0.0,0.0,0.0,0.0,1.0,0.0,0.0
3,5,0.0,0.0,0.0,0.0,0.0,1.0,0.0,0.0
3,5,0.0,0.0,0.0,0.0,0.0,1.0,0.0,0.0
3,5,0.0,0.0,0.0,0.0,0.0,1.0,0.0,0.0
3,5,0.0,0.0,0.0,0.0,0.0,1.0,0.0,0.0
3,5,0.0,0.0,0.0,0.0,0.0,1.0,0.0,0.0
3,5,0.0,0.0,0.0,0.0,0.0,1.0,0.0,0.0
3,5,0.0,0.0,0.0,0.0,0.0,1.0,0.0,0.0
3,5,0.0,0.0,0.0,0.0,0.0,1.0,0.0,0.0
3,5,0.0,0.0,0.0,0.0,0.0,1.0,0.0,0.0
3,5,0.0,0.0,0.0,0.0,0.0,1.0,0.0,0.0
3,5,0.0,0.0,0.0,0.0,0.0,1.0,0.0,0.0
3,5,0.0,0.0,0.0,0.0,0.0,1.0,0.0,0.0
3,5,0.0,0.0,0.0,0.0,0.0,1.0,0.0,0.0
3,5,0.0,0.0,0.0,0.0,0.0,1.0,0.0,0.0
3,5,0.0,0.0,0.0,0.0,0.0,1.0,0.0,0.0
3,5,0.0,0.0,0.0,0.0,0.0,1.0,0.0,0.0
3,5,0.0,0.0,0.0,0.0,0.0,1.0,0.0,0.0
3,5,0.0,0.0,0.0,0.0,0.0,1.0,0.0,0.0
3,5,0.0,0.0,0.0,0.0,0.0,1.0,0.0,0.0
3,5,0.0,0.0,0.0,0.0,0.0,1.0,0.0,0.0
3,5,0.0,0.0,0.0,0.0,0.0,1.0,0.0,0.0
3,5,0.0,0.0,0.0,0.0,0.0,1.0,0.0,0.0
3,5,0.0,0.0,0.0,0.0,0.0,1.0,0.0,0.0
3,5,0.0,0.0,0.0,0.0,0.0,1.0,0.0,0.0
3,5,0.0,0.0,0.0,0.0,0.0,1.0,0.0,0.0
3,5,0.0,0.0,0.0,0.0,0.0,1.0,0.0,0.0
3,5,0.0,0.0,0.0,0.0,0.0,1.0,0.0,0.0
3,5,0.0,0.0,0.0,0.0,0.0,1.0,0.0,0.0
3,5,0.0,0.0,0.0,0.0,0.0,1.0,0.0,0.0
3,5,0.0,0.0,0.0,0.0,0.0,1.0,0.0,0.0
3,5,0.0,0.0,0.0,0.0,0.0,1.0,0.0,0.0
3,5,0.0,0.0,0.0,0.0,0.0,1.0,0.0,0.0
3,5,0.0,0.0,0.0,0.0,0.0,1.0,0.0,0.0
3,5,0.0,0.0,0.0,0.0,0.0,1.0,0.0,0.0
3,5,0.0,0.0,0.0,0.0,0.0,1.0,0.0,0.0
3,5,0.0,0.0,0.0,0.0,0.0,1.0,0.0,0.0
3,5,0.0,0.0,0.0,0.0,0.0,1.0,0.0,0.0
3,5,0.0,0.0,0.0,0.0,0.0,1.0,0.0,0.0
3,5,0.0,0.0,0.0,0.0,0.0,1.0,0.0,0.0
3,5,0.0,0.0,0.0,0.0,0.0,1.0,0.0,0.0
3,5,0.0,0.0,0.0,0.0,0.0,1.0,0.0,0.0
3,5,0.0,0.0,0.0,0.0,0.0,1.0,0.0,0.0
3,5,0.0,0.0,0.0,0.0,0.0,1.0,0.0,0.0
3,5,0.0,0.0,0.0,0.0,0.0,1.0,0.0,0.0
3,5,0.0,0.0,0.0,0.0,0.0,1.0,0.0,0.0
3,5,0.0,0.0,0.0,0.0,0.0,1.0,0.0,0.0
3,5,0.0,0.0,0.0,0.0,0.0,1.0,0.0,0.0
3,5,0.0,0.0,0.0,0.0,0.0,1.0,0.0,0.0
3,5,0.0,0.0,0.0,0.0,0.0,1.0,0.0,0.0
3,5,0.0,0.0,0.0,0.0,0.0,1.0,0.0,0.0
3,5,0.0,0.0,0.0,0.0,0.0,1.0,0.0,0.0
3,5,0.0,0.0,0.0,0.0,0.0,1.0,0.0,0.0
3,5,0.0,0.0,0.0,0.0,0.0,1.0,0.0,0.0
3,5,0.0,0.0,0.0,0.0,0.0,1.0,0.0,0.0
3,5,0.0,0.0,0.0,0.0,0.0,1.0,0.0,0.0
3,5,0.0,0.0,0.0,0.0,0.0,1.0,0.0,0.0
3,5,0.0,0.0,0.0,0.0,0.0,1.0,0.0,0.0
3,5,0.0,0.0,0.0,0.0,0.0,1.0,0.0,0.0
3,5,0.0,0.0,0.0,0.0,0.0,1.0,0.0,0.0
3,5,0.0,0.0,0.0,0.0,0.0,1.0,0.0,0.0
3,5,0.0,0.0,0.0,0.0,0.0,1.0,0.0,0.0
3,5,0.0,0.0,0.0,0.0,0.0,1.0,0.0,0.0
3,5,0.0,0.0,0.0,0.0,0.0,1.0,0.0,0.0
3,5,0.0,0.0,0.0,0.0,0.0,1.0,0.0,0.0
3,5,0.0,0.0,0.0,0.0,0.0,1.0,0.0,0.0
3,5,0.0,0.0,0.0,0.0,0.0,1.0,0.0,0.0
3,5,0.0,0.0,0.0,0.0,0.0,1.0,0.0,0.0
3,5,0.0,0.0,0.0,0.0,0.0,1.0,0.0,0.0
3,5,0.0,0.0,0.0,0.0,0.0,1.0,0.0,0.0
3,5,0.0,0.0,0.0,0.0,0.0,1.0,0.0,0.0
3,5,0.0,0.0,0.0,0.0,0.0,1.0,0.0,0.0
3,5,0.0,0.0,0.0,0.0,0.0,1.0,0.0,0.0
3,5,0.0,0.0,0.0,0.0,0.0,1.0,0.0,0.0
3,5,0.0,0.0,0.0,0.0,0.0,1.0,0.0,0.0
3,5,0.0,0.0,0.0,0.0,0.0,1.0,0.0,0.0
3,5,0.0,0.0,0.0,0.0,0.0,1.0,0.0,0.0
3,5,0.0,0.0,0.0,0.0,0.0,1.0,0.0,0.0
3,5,0.0,0.0,0.0,0.0,0.0,1.0,0.0,0.0
3,5,0.0,0.0,0.0,0.0,0.0,1.0,0.0,0.0
3,5,0.0,0.0,0.0,0.0,0.0,1.0,0.0,0.0
3,5,0.0,0.0,0.0,0.0,0.0,1.0,0.0,0.0
3,5,0.0,0.0,0.0,0.0,0.0,1.0,0.0,0.0
3,5,0.0,0.0,0.0,0.0,0.0,1.0,0.0,0.0
3,5,0.0,0.0,0.0,0.0,0.0,1.0,0.0,0.0
3,5,0.0,0.0,0.0,0.0,0.0,1.0,0.0,0.0
3,5,0.0,0.0,0.0,0.0,0.0,1.0,0.0,0.0
3,5,0.0,0.0,0.0,0.0,0.0,1.0,0.0,0.0
3,5,0.0,0.0,0.0,0.0,0.0,1.0,0.0,0.0
3,5,0.0,0.0,0.0,0.0,0.0,1.0,0.0,0.0
3,5,0.0,0.0,0.0,0.0,0.0,1.0,0.0,0.0
3,5,0.0,0.0,0.0,0.0,0.0,1.0,0.0,0.0
3,5,0.0,0.0,0.0,0.0,0.0,1.0,0.0,0.0
3,5,0.0,0.0,0.0,0.0,0.0,1.0,0.0,0.0
3,5,0.0,0.0,0.0,0.0,0.0,1.0,0.0,0.0
3,5,0.0,0.0,0.0,0.0,0.0,1.0,0.0,0.0
3,5,0.0,0.0,0.0,0.0,0.0,1.0,0.0,0.0
3,5,0.0,0.0,0.0,0.0,0.0,1.0,0.0,0.0
3,5,0.0,0.0,0.0,0.0,0.0,1.0,0.0,0.0
3,5,0.0,0.0,0.0,0.0,0.0,1.0,0.0,0.0
3,5,0.0,0.0,0.0,0.0,0.0,1.0,0.0,0.0
3,5,0.0,0.0,0.0,0.0,0.0,1.0,0.0,0.0
3,5,0.0,0.0,0.0,0.0,0.0,1.0,0.0,0.0
3,5,0.0,0.0,0.0,0.0,0.0,1.0,0.0,0.0
3,5,0.0,0.0,0.0,0.0,0.0,1.0,0.0,0.0
3,5,0.0,0.0,0.0,0.0,0.0,1.0,0.0,0.0
3,5,0.0,0.0,0.0,0.0,0.0,1.0,0.0,0.0
3,5,0.0,0.0,0.0,0.0,0.0,1.0,0.0,0.0
3,5,0.0,0.0,0.0,0.0,0.0,1.0,0.0,0.0
3,5,0.0,0.0,0.0,0.0,0.0,1.0,0.0,0.0
3,5,0.0,0.0,0.0,0.0,0.0,1.0,0.0,0.0
3,5,0.0,0.0,0.0,0.0,0.0,1.0,0.0,0.0
3,5,0.0,0.0,0.0,0.0,0.0,1.0,0.0,0.0
3,5,0.0,0.0,0.0,0.0,0.0,1.0,0.0,0.0
3,5,0.0,0.0,0.0,0.0,0.0,1.0,0.0,0.0
3,5,0.0,0.0,0.0,0.0,0.0,1.0,0.0,0.0
3,5,0.0,0.0,0.0,0.0,0.0,1.0,0.0,0.0
3,5,0.0,0.0,0.0,0.0,0.0,1.0,0.0,0.0
3,5,0.0,0.0,0.0,0.0,0.0,1.0,0.0,0.0
3,5,0.0,0.0,0.0,0.0,0.0,1.0,0.0,0.0
3,5,0.0,0.0,0.0,0.0,0.0,1.0,0.0,0.0
3,5,0.0,0.0,0.0,0.0,0.0,1.0,0.0,0.0
3,5,0.0,0.0,0.0,0.0,0.0,1.0,0.0,0.0
3,5,0.0,0.0,0.0,0.0,0.0,1.0,0.0,0.0
3,5,0.0,0.0,0.0,0.0,0.0,1.0,0.0,0.0
3,5,0.0,0.0,0.0,0.0,0.0,1.0,0.0,0.0
3,5,0.0,0.0,0.0,0.0,0.0,1.0,0.0,0.0
3,5,0.0,0.0,0.0,0.0,0.0,1.0,0.0,0.0
3,5,0.0,0.0,0.0,0.0,0.0,1.0,0.0,0.0
3,5,0.0,0.0,0.0,0.0,0.0,1.0,0.0,0.0
3,5,0.0,0.0,0.0,0.0,0.0,1.0,0.0,0.0
3,5,0.0,0.0,0.0,0.0,0.0,1.0,0.0,0.0
3,5,0.0,0.0,0.0,0.0,0.0,1.0,0.0,0.0
3,5,0.0,0.0,0.0,0.0,0.0,1.0,0.0,0.0
3,5,0.0,0.0,0.0,0.0,0.0,1.0,0.0,0.0
3,5,0.0,0.0,0.0,0.0,0.0,1.0,0.0,0.0
3,5,0.0,0.0,0.0,0.0,0.0,1.0,0.0,0.0
3,5,0.0,0.0,0.0,0.0,0.0,1.0,0.0,0.0
3,5,0.0,0.0,0.0,0.0,0.0,1.0,0.0,0.0
3,5,0.0,0.0,0.0,0.0,0.0,1.0,0.0,0.0
3,5,0.0,0.0,0.0,0.0,0.0,1.0,0.0,0.0
3,5,0.0,0.0,0.0,0.0,0.0,1.0,0.0,0.0
3,5,0.0,0.0,0.0,0.0,0.0,1.0,0.0,0.0
3,5,0.0,0.0,0.0,0.0,0.0,1.0,0.0,0.0
3,5,0.0,0.0,0.0,0.0,0.0,1.0,0.0,0.0
3,5,0.0,0.0,0.0,0.0,0.0,1.0,0.0,0.0
3,5,0.0,0.0,0.0,0.0,0.0,1.0,0.0,0.0
3,5,0.0,0.0,0.0,0.0,0.0,1.0,0.0,0.0
3,5,0.0,0.0,0.0,0.0,0.0,1.0,0.0,0.0
3,5,0.0,0.0,0.0,0.0,0.0,1.0,0.0,0.0
3,5,0.0,0.0,0.0,0.0,0.0,1.0,0.0,0.0
3,5,0.0,0.0,0.0,0.0,0.0,1.0,0.0,0.0
3,5,0.0,0.0,0.0,0.0,0.0,1.0,0.0,0.0
3,5,0.0,0.0,0.0,0.0,0.0,1.0,0.0,0.0
3,5,0.0,0.0,0.0,0.0,0.0,1.0,0.0,0.0
3,5,0.0,0.0,0.0,0.0,0.0,1.0,0.0,0.0
3,5,0.0,0.0,0.0,0.0,0.0,1.0,0.0,0.0
3,5,0.0,0.0,0.0,0.0,0.0,1.0,0.0,0.0
3,5,0.0,0.0,0.0,0.0,0.0,1.0,0.0,0.0
3,5,0.0,0.0,0.0,0.0,0.0,1.0,0.0,0.0
3,5,0.0,0.0,0.0,0.0,0.0,1.0,0.0,0.0
3,5,0.0,0.0,0.0,0.0,0.0,1.0,0.0,0.0
3,5,0.0,0.0,0.0,0.0,0.0,1.0,0.0,0.0
3,5,0.0,0.0,0.0,0.0,0.0,1.0,0.0,0.0
3,5,0.0,0.0,0.0,0.0,0.0,1.0,0.0,0.0
3,5,0.0,0.0,0.0,0.0,0.0,1.0,0.0,0.0
3,5,0.0,0.0,0.0,0.0,0.0,1.0,0.0,0.0
3,5,0.0,0.0,0.0,0.0,0.0,1.0,0.0,0.0
3,5,0.0,0.0,0.0,0.0,0.0,1.0,0.0,0.0
3,5,0.0,0.0,0.0,0.0,0.0,1.0,0.0,0.0
3,5,0.0,0.0,0.0,0.0,0.0,1.0,0.0,0.0
3,5,0.0,0.0,0.0,0.0,0.0,1.0,0.0,0.0
3,5,0.0,0.0,0.0,0.0,0.0,1.0,0.0,0.0
3,5,0.0,0.0,0.0,0.0,0.0,1.0,0.0,0.0
3,5,0.0,0.0,0.0,0.0,0.0,1.0,0.0,0.0
3,5,0.0,0.0,0.0,0.0,0.0,1.0,0.0,0.0
3,5,0.0,0.0,0.0,0.0,0.0,1.0,0.0,0.0
3,5,0.0,0.0,0.0,0.0,0.0,1.0,0.0,0.0
3,5,0.0,0.0,0.0,0.0,0.0,1.0,0.0,0.0
3,5,0.0,0.0,0.0,0.0,0.0,1.0,0.0,0.0
3,5,0.0,0.0,0.0,0.0,0.0,1.0,0.0,0.0
3,5,0.0,0.0,0.0,0.0,0.0,1.0,0.0,0.0
3,5,0.0,0.0,0.0,0.0,0.0,1.0,0.0,0.0
3,5,0.0,0.0,0.0,0.0,0.0,1.0,0.0,0.0
3,5,0.0,0.0,0.0,0.0,0.0,1.0,0.0,0.0
3,5,0.0,0.0,0.0,0.0,0.0,1.0,0.0,0.0
3,5,0.0,0.0,0.0,0.0,0.0,1.0,0.0,0.0
3,5,0.0,0.0,0.0,0.0,0.0,1.0,0.0,0.0
3,5,0.0,0.0,0.0,0.0,0.0,1.0,0.0,0.0
3,5,0.0,0.0,0.0,0.0,0.0,1.0,0.0,0.0
3,5,0.0,0.0,0.0,0.0,0.0,1.0,0.0,0.0
3,5,0.0,0.0,0.0,0.0,0.0,1.0,0.0,0.0
3,5,0.0,0.0,0.0,0.0,0.0,1.0,0.0,0.0
3,5,0.0,0.0,0.0,0.0,0.0,1.0,0.0,0.0
3,5,0.0,0.0,0.0,0.0,0.0,1.0,0.0,0.0
3,5,0.0,0.0,0.0,0.0,0.0,1.0,0.0,0.0
3,5,0.0,0.0,0.0,0.0,0.0,1.0,0.0,0.0
3,5,0.0,0.0,0.0,0.0,0.0,1.0,0.0,0.0
3,5,0.0,0.0,0.0,0.0,0.0,1.0,0.0,0.0
3,5,0.0,0.0,0.0,0.0,0.0,1.0,0.0,0.0
3,5,0.0,0.0,0.0,0.0,0.0,1.0,0.0,0.0
3,5,0.0,0.0,0.0,0.0,0.0,1.0,0.0,0.0
3,5,0.0,0.0,0.0,0.0,0.0,1.0,0.0,0.0
3,5,0.0,0.0,0.0,0.0,0.0,1.0,0.0,0.0
3,5,0.0,0.0,0.0,0.0,0.0,1.0,0.0,0.0
3,5,0.0,0.0,0.0,0.0,0.0,1.0,0.0,0.0
3,5,0.0,0.0,0.0,0.0,0.0,1.0,0.0,0.0
3,5,0.0,0.0,0.0,0.0,0.0,1.0,0.0,0.0
3,5,0.0,0.0,0.0,0.0,0.0,1.0,0.0,0.0
3,5,0.0,0.0,0.0,0.0,0.0,1.0,0.0,0.0
3,5,0.0,0.0,0.0,0.0,0.0,1.0,0.0,0.0
3,5,0.0,0.0,0.0,0.0,0.0,1.0,0.0,0.0
3,5,0.0,0.0,0.0,0.0,0.0,1.0,0.0,0.0
3,5,0.0,0.0,0.0,0.0,0.0,1.0,0.0,0.0
3,5,0.0,0.0,0.0,0.0,0.0,1.0,0.0,0.0
3,5,0.0,0.0,0.0,0.0,0.0,1.0,0.0,0.0
3,5,0.0,0.0,0.0,0.0,0.0,1.0,0.0,0.0
3,5,0.0,0.0,0.0,0.0,0.0,1.0,0.0,0.0
3,5,0.0,0.0,0.0,0.0,0.0,1.0,0.0,0.0
3,5,0.0,0.0,0.0,0.0,0.0,1.0,0.0,0.0
3,5,0.0,0.0,0.0,0.0,0.0,1.0,0.0,0.0
3,5,0.0,0.0,0.0,0.0,0.0,1.0,0.0,0.0
3,5,0.0,0.0,0.0,0.0,0.0,1.0,0.0,0.0
3,5,0.0,0.0,0.0,0.0,0.0,1.0,0.0,0.0
3,5,0.0,0.0,0.0,0.0,0.0,1.0,0.0,0.0
3,5,0.0,0.0,0.0,0.0,0.0,1.0,0.0,0.0
3,5,0.0,0.0,0.0,0.0,0.0,1.0,0.0,0.0
3,5,0.0,0.0,0.0,0.0,0.0,1.0,0.0,0.0
3,5,0.0,0.0,0.0,0.0,0.0,1.0,0.0,0.0
3,5,0.0,0.0,0.0,0.0,0.0,1.0,0.0,0.0
3,5,0.0,0.0,0.0,0.0,0.0,1.0,0.0,0.0
3,5,0.0,0.0,0.0,0.0,0.0,1.0,0.0,0.0
3,5,0.0,0.0,0.0,0.0,0.0,1.0,0.0,0.0
3,5,0.0,0.0,0.0,0.0,0.0,1.0,0.0,0.0
3,5,0.0,0.0,0.0,0.0,0.0,1.0,0.0,0.0
3,5,0.0,0.0,0.0,0.0,0.0,1.0,0.0,0.0
3,5,0.0,0.0,0.0,0.0,0.0,1.0,0.0,0.0
3,5,0.0,0.0,0.0,0.0,0.0,1.0,0.0,0.0
3,5,0.0,0.0,0.0,0.0,0.0,1.0,0.0,0.0
3,5,0.0,0.0,0.0,0.0,0.0,1.0,0.0,0.0
3,5,0.0,0.0,0.0,0.0,0.0,1.0,0.0,0.0
3,5,0.0,0.0,0.0,0.0,0.0,1.0,0.0,0.0
3,5,0.0,0.0,0.0,0.0,0.0,1.0,0.0,0.0
3,5,0.0,0.0,0.0,0.0,0.0,1.0,0.0,0.0
3,5,0.0,0.0,0.0,0.0,0.0,1.0,0.0,0.0
3,5,0.0,0.0,0.0,0.0,0.0,1.0,0.0,0.0
3,5,0.0,0.0,0.0,0.0,0.0,1.0,0.0,0.0
3,5,0.0,0.0,0.0,0.0,0.0,1.0,0.0,0.0
3,5,0.0,0.0,0.0,0.0,0.0,1.0,0.0,0.0
3,5,0.0,0.0,0.0,0.0,0.0,1.0,0.0,0.0
3,5,0.0,0.0,0.0,0.0,0.0,1.0,0.0,0.0
3,5,0.0,0.0,0.0,0.0,0.0,1.0,0.0,0.0
3,5,0.0,0.0,0.0,0.0,0.0,1.0,0.0,0.0
3,5,0.0,0.0,0.0,0.0,0.0,1.0,0.0,0.0
3,5,0.0,0.0,0.0,0.0,0.0,1.0,0.0,0.0
3,5,0.0,0.0,0.0,0.0,0.0,1.0,0.0,0.0
3,5,0.0,0.0,0.0,0.0,0.0,1.0,0.0,0.0
3,5,0.0,0.0,0.0,0.0,0.0,1.0,0.0,0.0
3,5,0.0,0.0,0.0,0.0,0.0,1.0,0.0,0.0
3,5,0.0,0.0,0.0,0.0,0.0,1.0,0.0,0.0
3,5,0.0,0.0,0.0,0.0,0.0,1.0,0.0,0.0
3,5,0.0,0.0,0.0,0.0,0.0,1.0,0.0,0.0
3,5,0.0,0.0,0.0,0.0,0.0,1.0,0.0,0.0
3,5,0.0,0.0,0.0,0.0,0.0,1.0,0.0,0.0
3,5,0.0,0.0,0.0,0.0,0.0,1.0,0.0,0.0
3,5,0.0,0.0,0.0,0.0,0.0,1.0,0.0,0.0
3,5,0.0,0.0,0.0,0.0,0.0,1.0,0.0,0.0
3,5,0.0,0.0,0.0,0.0,0.0,1.0,0.0,0.0
3,5,0.0,0.0,0.0,0.0,0.0,1.0,0.0,0.0
3,5,0.0,0.0,0.0,0.0,0.0,1.0,0.0,0.0
3,5,0.0,0.0,0.0,0.0,0.0,1.0,0.0,0.0
3,5,0.0,0.0,0.0,0.0,0.0,1.0,0.0,0.0
3,5,0.0,0.0,0.0,0.0,0.0,1.0,0.0,0.0
3,5,0.0,0.0,0.0,0.0,0.0,1.0,0.0,0.0
3,5,0.0,0.0,0.0,0.0,0.0,1.0,0.0,0.0
3,5,0.0,0.0,0.0,0.0,0.0,1.0,0.0,0.0
3,5,0.0,0.0,0.0,0.0,0.0,1.0,0.0,0.0
3,5,0.0,0.0,0.0,0.0,0.0,1.0,0.0,0.0
3,5,0.0,0.0,0.0,0.0,0.0,1.0,0.0,0.0
3,5,0.0,0.0,0.0,0.0,0.0,1.0,0.0,0.0
3,5,0.0,0.0,0.0,0.0,0.0,1.0,0.0,0.0
3,5,0.0,0.0,0.0,0.0,0.0,1.0,0.0,0.0
3,5,0.0,0.0,0.0,0.0,0.0,1.0,0.0,0.0
3,5,0.0,0.0,0.0,0.0,0.0,1.0,0.0,0.0
3,5,0.0,0.0,0.0,0.0,0.0,1.0,0.0,0.0
3,5,0.0,0.0,0.0,0.0,0.0,1.0,0.0,0.0
3,5,0.0,0.0,0.0,0.0,0.0,1.0,0.0,0.0
3,5,0.0,0.0,0.0,0.0,0.0,1.0,0.0,0.0
3,5,0.0,0.0,0.0,0.0,0.0,1.0,0.0,0.0
3,5,0.0,0.0,0.0,0.0,0.0,1.0,0.0,0.0
3,5,0.0,0.0,0.0,0.0,0.0,1.0,0.0,0.0
3,5,0.0,0.0,0.0,0.0,0.0,1.0,0.0,0.0
3,5,0.0,0.0,0.0,0.0,0.0,1.0,0.0,0.0
3,5,0.0,0.0,0.0,0.0,0.0,1.0,0.0,0.0
3,5,0.0,0.0,0.0,0.0,0.0,1.0,0.0,0.0
3,5,0.0,0.0,0.0,0.0,0.0,1.0,0.0,0.0
3,5,0.0,0.0,0.0,0.0,0.0,1.0,0.0,0.0
3,5,0.0,0.0,0.0,0.0,0.0,1.0,0.0,0.0
3,5,0.0,0.0,0.0,0.0,0.0,1.0,0.0,0.0
3,5,0.0,0.0,0.0,0.0,0.0,1.0,0.0,0.0
3,5,0.0,0.0,0.0,0.0,0.0,1.0,0.0,0.0
3,5,0.0,0.0,0.0,0.0,0.0,1.0,0.0,0.0
3,5,0.0,0.0,0.0,0.0,0.0,1.0,0.0,0.0
3,5,0.0,0.0,0.0,0.0,0.0,1.0,0.0,0.0
3,5,0.0,0.0,0.0,0.0,0.0,1.0,0.0,0.0
3,5,0.0,0.0,0.0,0.0,0.0,1.0,0.0,0.0
3,5,0.0,0.0,0.0,0.0,0.0,1.0,0.0,0.0
3,5,0.0,0.0,0.0,0.0,0.0,1.0,0.0,0.0
3,5,0.0,0.0,0.0,0.0,0.0,1.0,0.0,0.0
3,5,0.0,0.0,0.0,0.0,0.0,1.0,0.0,0.0
3,5,0.0,0.0,0.0,0.0,0.0,1.0,0.0,0.0
3,5,0.0,0.0,0.0,0.0,0.0,1.0,0.0,0.0
3,5,0.0,0.0,0.0,0.0,0.0,1.0,0.0,0.0
3,5,0.0,0.0,0.0,0.0,0.0,1.0,0.0,0.0
3,5,0.0,0.0,0.0,0.0,0.0,1.0,0.0,0.0
3,5,0.0,0.0,0.0,0.0,0.0,1.0,0.0,0.0
3,5,0.0,0.0,0.0,0.0,0.0,1.0,0.0,0.0
3,5,0.0,0.0,0.0,0.0,0.0,1.0,0.0,0.0
3,5,0.0,0.0,0.0,0.0,0.0,1.0,0.0,0.0
3,5,0.0,0.0,0.0,0.0,0.0,1.0,0.0,0.0
3,5,0.0,0.0,0.0,0.0,0.0,1.0,0.0,0.0
3,5,0.0,0.0,0.0,0.0,0.0,1.0,0.0,0.0
3,5,0.0,0.0,0.0,0.0,0.0,1.0,0.0,0.0
3,5,0.0,0.0,0.0,0.0,0.0,1.0,0.0,0.0
3,5,0.0,0.0,0.0,0.0,0.0,1.0,0.0,0.0
3,5,0.0,0.0,0.0,0.0,0.0,1.0,0.0,0.0
3,5,0.0,0.0,0.0,0.0,0.0,1.0,0.0,0.0
3,5,0.0,0.0,0.0,0.0,0.0,1.0,0.0,0.0
3,5,0.0,0.0,0.0,0.0,0.0,1.0,0.0,0.0
3,5,0.0,0.0,0.0,0.0,0.0,1.0,0.0,0.0
3,5,0.0,0.0,0.0,0.0,0.0,1.0,0.0,0.0
3,5,0.0,0.0,0.0,0.0,0.0,1.0,0.0,0.0
3,5,0.0,0.0,0.0,0.0,0.0,1.0,0.0,0.0
3,5,0.0,0.0,0.0,0.0,0.0,1.0,0.0,0.0
3,5,0.0,0.0,0.0,0.0,0.0,1.0,0.0,0.0
3,5,0.0,0.0,0.0,0.0,0.0,1.0,0.0,0.0
3,5,0.0,0.0,0.0,0.0,0.0,1.0,0.0,0.0
3,5,0.0,0.0,0.0,0.0,0.0,1.0,0.0,0.0
3,5,0.0,0.0,0.0,0.0,0.0,1.0,0.0,0.0
3,5,0.0,0.0,0.0,0.0,0.0,1.0,0.0,0.0
3,5,0.0,0.0,0.0,0.0,0.0,1.0,0.0,0.0
3,5,0.0,0.0,0.0,0.0,0.0,1.0,0.0,0.0
3,5,0.0,0.0,0.0,0.0,0.0,1.0,0.0,0.0
3,5,0.0,0.0,0.0,0.0,0.0,1.0,0.0,0.0
3,5,0.0,0.0,0.0,0.0,0.0,1.0,0.0,0.0
3,5,0.0,0.0,0.0,0.0,0.0,1.0,0.0,0.0
3,5,0.0,0.0,0.0,0.0,0.0,1.0,0.0,0.0
3,5,0.0,0.0,0.0,0.0,0.0,1.0,0.0,0.0
3,5,0.0,0.0,0.0,0.0,0.0,1.0,0.0,0.0
3,5,0.0,0.0,0.0,0.0,0.0,1.0,0.0,0.0
3,5,0.0,0.0,0.0,0.0,0.0,1.0,0.0,0.0
3,5,0.0,0.0,0.0,0.0,0.0,1.0,0.0,0.0
3,5,0.0,0.0,0.0,0.0,0.0,1.0,0.0,0.0
3,5,0.0,0.0,0.0,0.0,0.0,1.0,0.0,0.0
3,5,0.0,0.0,0.0,0.0,0.0,1.0,0.0,0.0
3,5,0.0,0.0,0.0,0.0,0.0,1.0,0.0,0.0
3,5,0.0,0.0,0.0,0.0,0.0,1.0,0.0,0.0
3,5,0.0,0.0,0.0,0.0,0.0,1.0,0.0,0.0
3,5,0.0,0.0,0.0,0.0,0.0,1.0,0.0,0.0
3,5,0.0,0.0,0.0,0.0,0.0,1.0,0.0,0.0
3,5,0.0,0.0,0.0,0.0,0.0,1.0,0.0,0.0
3,5,0.0,0.0,0.0,0.0,0.0,1.0,0.0,0.0
3,5,0.0,0.0,0.0,0.0,0.0,1.0,0.0,0.0
3,5,0.0,0.0,0.0,0.0,0.0,1.0,0.0,0.0
3,5,0.0,0.0,0.0,0.0,0.0,1.0,0.0,0.0
3,5,0.0,0.0,0.0,0.0,0.0,1.0,0.0,0.0
3,5,0.0,0.0,0.0,0.0,0.0,1.0,0.0,0.0
3,5,0.0,0.0,0.0,0.0,0.0,1.0,0.0,0.0
3,5,0.0,0.0,0.0,0.0,0.0,1.0,0.0,0.0
3,5,0.0,0.0,0.0,0.0,0.0,1.0,0.0,0.0
3,5,0.0,0.0,0.0,0.0,0.0,1.0,0.0,0.0
3,5,0.0,0.0,0.0,0.0,0.0,1.0,0.0,0.0
3,5,0.0,0.0,0.0,0.0,0.0,1.0,0.0,0.0
3,5,0.0,0.0,0.0,0.0,0.0,1.0,0.0,0.0
3,5,0.0,0.0,0.0,0.0,0.0,1.0,0.0,0.0
3,5,0.0,0.0,0.0,0.0,0.0,1.0,0.0,0.0
3,5,0.0,0.0,0.0,0.0,0.0,1.0,0.0,0.0
3,5,0.0,0.0,0.0,0.0,0.0,1.0,0.0,0.0
3,5,0.0,0.0,0.0,0.0,0.0,1.0,0.0,0.0
3,5,0.0,0.0,0.0,0.0,0.0,1.0,0.0,0.0
3,5,0.0,0.0,0.0,0.0,0.0,1.0,0.0,0.0
3,5,0.0,0.0,0.0,0.0,0.0,1.0,0.0,0.0
3,5,0.0,0.0,0.0,0.0,0.0,1.0,0.0,0.0
3,5,0.0,0.0,0.0,0.0,0.0,1.0,0.0,0.0
3,5,0.0,0.0,0.0,0.0,0.0,1.0,0.0,0.0
3,5,0.0,0.0,0.0,0.0,0.0,1.0,0.0,0.0
3,5,0.0,0.0,0.0,0.0,0.0,1.0,0.0,0.0
3,5,0.0,0.0,0.0,0.0,0.0,1.0,0.0,0.0
3,5,0.0,0.0,0.0,0.0,0.0,1.0,0.0,0.0
3,5,0.0,0.0,0.0,0.0,0.0,1.0,0.0,0.0
3,5,0.0,0.0,0.0,0.0,0.0,1.0,0.0,0.0
3,5,0.0,0.0,0.0,0.0,0.0,1.0,0.0,0.0
3,5,0.0,0.0,0.0,0.0,0.0,1.0,0.0,0.0
3,5,0.0,0.0,0.0,0.0,0.0,1.0,0.0,0.0
3,5,0.0,0.0,0.0,0.0,0.0,1.0,0.0,0.0
3,5,0.0,0.0,0.0,0.0,0.0,1.0,0.0,0.0
3,5,0.0,0.0,0.0,0.0,0.0,1.0,0.0,0.0
3,5,0.0,0.0,0.0,0.0,0.0,1.0,0.0,0.0
3,5,0.0,0.0,0.0,0.0,0.0,1.0,0.0,0.0
3,5,0.0,0.0,0.0,0.0,0.0,1.0,0.0,0.0
3,5,0.0,0.0,0.0,0.0,0.0,1.0,0.0,0.0
3,5,0.0,0.0,0.0,0.0,0.0,1.0,0.0,0.0
3,5,0.0,0.0,0.0,0.0,0.0,1.0,0.0,0.0
3,5,0.0,0.0,0.0,0.0,0.0,1.0,0.0,0.0
3,5,0.0,0.0,0.0,0.0,0.0,1.0,0.0,0.0
3,5,0.0,0.0,0.0,0.0,0.0,1.0,0.0,0.0
3,5,0.0,0.0,0.0,0.0,0.0,1.0,0.0,0.0
3,5,0.0,0.0,0.0,0.0,0.0,1.0,0.0,0.0
3,5,0.0,0.0,0.0,0.0,0.0,1.0,0.0,0.0
3,5,0.0,0.0,0.0,0.0,0.0,1.0,0.0,0.0
3,5,0.0,0.0,0.0,0.0,0.0,1.0,0.0,0.0
3,5,0.0,0.0,0.0,0.0,0.0,1.0,0.0,0.0
3,5,0.0,0.0,0.0,0.0,0.0,1.0,0.0,0.0
3,5,0.0,0.0,0.0,0.0,0.0,1.0,0.0,0.0
3,5,0.0,0.0,0.0,0.0,0.0,1.0,0.0,0.0
3,5,0.0,0.0,0.0,0.0,0.0,1.0,0.0,0.0
3,5,0.0,0.0,0.0,0.0,0.0,1.0,0.0,0.0
3,5,0.0,0.0,0.0,0.0,0.0,1.0,0.0,0.0
3,5,0.0,0.0,0.0,0.0,0.0,1.0,0.0,0.0
3,5,0.0,0.0,0.0,0.0,0.0,1.0,0.0,0.0
3,5,0.0,0.0,0.0,0.0,0.0,1.0,0.0,0.0
3,5,0.0,0.0,0.0,0.0,0.0,1.0,0.0,0.0
3,5,0.0,0.0,0.0,0.0,0.0,1.0,0.0,0.0
3,5,0.0,0.0,0.0,0.0,0.0,1.0,0.0,0.0
3,5,0.0,0.0,0.0,0.0,0.0,1.0,0.0,0.0
3,5,0.0,0.0,0.0,0.0,0.0,1.0,0.0,0.0
3,5,0.0,0.0,0.0,0.0,0.0,1.0,0.0,0.0
3,5,0.0,0.0,0.0,0.0,0.0,1.0,0.0,0.0
3,5,0.0,0.0,0.0,0.0,0.0,1.0,0.0,0.0
3,5,0.0,0.0,0.0,0.0,0.0,1.0,0.0,0.0
3,5,0.0,0.0,0.0,0.0,0.0,1.0,0.0,0.0
3,5,0.0,0.0,0.0,0.0,0.0,1.0,0.0,0.0
3,5,0.0,0.0,0.0,0.0,0.0,1.0,0.0,0.0
3,5,0.0,0.0,0.0,0.0,0.0,1.0,0.0,0.0
3,5,0.0,0.0,0.0,0.0,0.0,1.0,0.0,0.0
3,5,0.0,0.0,0.0,0.0,0.0,1.0,0.0,0.0
3,5,0.0,0.0,0.0,0.0,0.0,1.0,0.0,0.0
3,5,0.0,0.0,0.0,0.0,0.0,1.0,0.0,0.0
3,5,0.0,0.0,0.0,0.0,0.0,1.0,0.0,0.0
3,5,0.0,0.0,0.0,0.0,0.0,1.0,0.0,0.0
3,5,0.0,0.0,0.0,0.0,0.0,1.0,0.0,0.0
3,5,0.0,0.0,0.0,0.0,0.0,1.0,0.0,0.0
3,5,0.0,0.0,0.0,0.0,0.0,1.0,0.0,0.0
3,5,0.0,0.0,0.0,0.0,0.0,1.0,0.0,0.0
3,5,0.0,0.0,0.0,0.0,0.0,1.0,0.0,0.0
3,5,0.0,0.0,0.0,0.0,0.0,1.0,0.0,0.0
3,5,0.0,0.0,0.0,0.0,0.0,1.0,0.0,0.0
3,5,0.0,0.0,0.0,0.0,0.0,1.0,0.0,0.0
3,5,0.0,0.0,0.0,0.0,0.0,1.0,0.0,0.0
3,5,0.0,0.0,0.0,0.0,0.0,1.0,0.0,0.0
3,5,0.0,0.0,0.0,0.0,0.0,1.0,0.0,0.0
3,5,0.0,0.0,0.0,0.0,0.0,1.0,0.0,0.0
3,5,0.0,0.0,0.0,0.0,0.0,1.0,0.0,0.0
3,5,0.0,0.0,0.0,0.0,0.0,1.0,0.0,0.0
3,5,0.0,0.0,0.0,0.0,0.0,1.0,0.0,0.0
3,5,0.0,0.0,0.0,0.0,0.0,1.0,0.0,0.0
3,5,0.0,0.0,0.0,0.0,0.0,1.0,0.0,0.0
3,5,0.0,0.0,0.0,0.0,0.0,1.0,0.0,0.0
3,5,0.0,0.0,0.0,0.0,0.0,1.0,0.0,0.0
3,5,0.0,0.0,0.0,0.0,0.0,1.0,0.0,0.0
3,5,0.0,0.0,0.0,0.0,0.0,1.0,0.0,0.0
3,5,0.0,0.0,0.0,0.0,0.0,1.0,0.0,0.0
3,5,0.0,0.0,0.0,0.0,0.0,1.0,0.0,0.0
3,5,0.0,0.0,0.0,0.0,0.0,1.0,0.0,0.0
3,5,0.0,0.0,0.0,0.0,0.0,1.0,0.0,0.0
3,5,0.0,0.0,0.0,0.0,0.0,1.0,0.0,0.0
3,5,0.0,0.0,0.0,0.0,0.0,1.0,0.0,0.0
3,5,0.0,0.0,0.0,0.0,0.0,1.0,0.0,0.0
3,5,0.0,0.0,0.0,0.0,0.0,1.0,0.0,0.0
3,5,0.0,0.0,0.0,0.0,0.0,1.0,0.0,0.0
3,5,0.0,0.0,0.0,0.0,0.0,1.0,0.0,0.0
3,5,0.0,0.0,0.0,0.0,0.0,1.0,0.0,0.0
3,5,0.0,0.0,0.0,0.0,0.0,1.0,0.0,0.0
3,5,0.0,0.0,0.0,0.0,0.0,1.0,0.0,0.0
3,5,0.0,0.0,0.0,0.0,0.0,1.0,0.0,0.0
3,5,0.0,0.0,0.0,0.0,0.0,1.0,0.0,0.0
3,5,0.0,0.0,0.0,0.0,0.0,1.0,0.0,0.0
3,5,0.0,0.0,0.0,0.0,0.0,1.0,0.0,0.0
3,5,0.0,0.0,0.0,0.0,0.0,1.0,0.0,0.0
3,5,0.0,0.0,0.0,0.0,0.0,1.0,0.0,0.0
3,5,0.0,0.0,0.0,0.0,0.0,1.0,0.0,0.0
3,5,0.0,0.0,0.0,0.0,0.0,1.0,0.0,0.0
3,5,0.0,0.0,0.0,0.0,0.0,1.0,0.0,0.0
3,5,0.0,0.0,0.0,0.0,0.0,1.0,0.0,0.0
3,5,0.0,0.0,0.0,0.0,0.0,1.0,0.0,0.0
3,5,0.0,0.0,0.0,0.0,0.0,1.0,0.0,0.0
3,5,0.0,0.0,0.0,0.0,0.0,1.0,0.0,0.0
3,5,0.0,0.0,0.0,0.0,0.0,1.0,0.0,0.0
3,5,0.0,0.0,0.0,0.0,0.0,1.0,0.0,0.0
3,5,0.0,0.0,0.0,0.0,0.0,1.0,0.0,0.0
3,5,0.0,0.0,0.0,0.0,0.0,1.0,0.0,0.0
3,5,0.0,0.0,0.0,0.0,0.0,1.0,0.0,0.0
3,5,0.0,0.0,0.0,0.0,0.0,1.0,0.0,0.0
3,5,0.0,0.0,0.0,0.0,0.0,1.0,0.0,0.0
3,5,0.0,0.0,0.0,0.0,0.0,1.0,0.0,0.0
3,5,0.0,0.0,0.0,0.0,0.0,1.0,0.0,0.0
3,5,0.0,0.0,0.0,0.0,0.0,1.0,0.0,0.0
3,5,0.0,0.0,0.0,0.0,0.0,1.0,0.0,0.0
3,5,0.0,0.0,0.0,0.0,0.0,1.0,0.0,0.0
3,5,0.0,0.0,0.0,0.0,0.0,1.0,0.0,0.0
3,5,0.0,0.0,0.0,0.0,0.0,1.0,0.0,0.0
3,5,0.0,0.0,0.0,0.0,0.0,1.0,0.0,0.0
3,5,0.0,0.0,0.0,0.0,0.0,1.0,0.0,0.0
3,5,0.0,0.0,0.0,0.0,0.0,1.0,0.0,0.0
3,5,0.0,0.0,0.0,0.0,0.0,1.0,0.0,0.0
3,5,0.0,0.0,0.0,0.0,0.0,1.0,0.0,0.0
3,5,0.0,0.0,0.0,0.0,0.0,1.0,0.0,0.0
3,5,0.0,0.0,0.0,0.0,0.0,1.0,0.0,0.0
3,5,0.0,0.0,0.0,0.0,0.0,1.0,0.0,0.0
3,5,0.0,0.0,0.0,0.0,0.0,1.0,0.0,0.0
3,5,0.0,0.0,0.0,0.0,0.0,1.0,0.0,0.0
3,5,0.0,0.0,0.0,0.0,0.0,1.0,0.0,0.0
3,5,0.0,0.0,0.0,0.0,0.0,1.0,0.0,0.0
3,5,0.0,0.0,0.0,0.0,0.0,1.0,0.0,0.0
3,5,0.0,0.0,0.0,0.0,0.0,1.0,0.0,0.0
3,5,0.0,0.0,0.0,0.0,0.0,1.0,0.0,0.0
3,5,0.0,0.0,0.0,0.0,0.0,1.0,0.0,0.0
3,5,0.0,0.0,0.0,0.0,0.0,1.0,0.0,0.0
3,5,0.0,0.0,0.0,0.0,0.0,1.0,0.0,0.0
3,5,0.0,0.0,0.0,0.0,0.0,1.0,0.0,0.0
3,5,0.0,0.0,0.0,0.0,0.0,1.0,0.0,0.0
3,5,0.0,0.0,0.0,0.0,0.0,1.0,0.0,0.0
3,5,0.0,0.0,0.0,0.0,0.0,1.0,0.0,0.0
3,5,0.0,0.0,0.0,0.0,0.0,1.0,0.0,0.0
3,5,0.0,0.0,0.0,0.0,0.0,1.0,0.0,0.0
3,5,0.0,0.0,0.0,0.0,0.0,1.0,0.0,0.0
3,5,0.0,0.0,0.0,0.0,0.0,1.0,0.0,0.0
3,5,0.0,0.0,0.0,0.0,0.0,1.0,0.0,0.0
3,5,0.0,0.0,0.0,0.0,0.0,1.0,0.0,0.0
3,5,0.0,0.0,0.0,0.0,0.0,1.0,0.0,0.0
3,5,0.0,0.0,0.0,0.0,0.0,1.0,0.0,0.0
3,5,0.0,0.0,0.0,0.0,0.0,1.0,0.0,0.0
3,5,0.0,0.0,0.0,0.0,0.0,1.0,0.0,0.0
3,5,0.0,0.0,0.0,0.0,0.0,1.0,0.0,0.0
3,5,0.0,0.0,0.0,0.0,0.0,1.0,0.0,0.0
3,5,0.0,0.0,0.0,0.0,0.0,1.0,0.0,0.0
3,5,0.0,0.0,0.0,0.0,0.0,1.0,0.0,0.0
3,5,0.0,0.0,0.0,0.0,0.0,1.0,0.0,0.0
3,5,0.0,0.0,0.0,0.0,0.0,1.0,0.0,0.0
3,5,0.0,0.0,0.0,0.0,0.0,1.0,0.0,0.0
3,5,0.0,0.0,0.0,0.0,0.0,1.0,0.0,0.0
3,5,0.0,0.0,0.0,0.0,0.0,1.0,0.0,0.0
3,5,0.0,0.0,0.0,0.0,0.0,1.0,0.0,0.0
3,5,0.0,0.0,0.0,0.0,0.0,1.0,0.0,0.0
3,5,0.0,0.0,0.0,0.0,0.0,1.0,0.0,0.0
3,5,0.0,0.0,0.0,0.0,0.0,1.0,0.0,0.0
3,5,0.0,0.0,0.0,0.0,0.0,1.0,0.0,0.0
3,5,0.0,0.0,0.0,0.0,0.0,1.0,0.0,0.0
3,5,0.0,0.0,0.0,0.0,0.0,1.0,0.0,0.0
3,5,0.0,0.0,0.0,0.0,0.0,1.0,0.0,0.0
3,5,0.0,0.0,0.0,0.0,0.0,1.0,0.0,0.0
3,5,0.0,0.0,0.0,0.0,0.0,1.0,0.0,0.0
3,5,0.0,0.0,0.0,0.0,0.0,1.0,0.0,0.0
3,5,0.0,0.0,0.0,0.0,0.0,1.0,0.0,0.0
3,5,0.0,0.0,0.0,0.0,0.0,1.0,0.0,0.0
3,5,0.0,0.0,0.0,0.0,0.0,1.0,0.0,0.0
3,5,0.0,0.0,0.0,0.0,0.0,1.0,0.0,0.0
3,5,0.0,0.0,0.0,0.0,0.0,1.0,0.0,0.0
3,5,0.0,0.0,0.0,0.0,0.0,1.0,0.0,0.0
3,5,0.0,0.0,0.0,0.0,0.0,1.0,0.0,0.0
3,5,0.0,0.0,0.0,0.0,0.0,1.0,0.0,0.0
3,5,0.0,0.0,0.0,0.0,0.0,1.0,0.0,0.0
3,5,0.0,0.0,0.0,0.0,0.0,1.0,0.0,0.0
3,5,0.0,0.0,0.0,0.0,0.0,1.0,0.0,0.0
3,5,0.0,0.0,0.0,0.0,0.0,1.0,0.0,0.0
3,5,0.0,0.0,0.0,0.0,0.0,1.0,0.0,0.0
3,5,0.0,0.0,0.0,0.0,0.0,1.0,0.0,0.0
3,5,0.0,0.0,0.0,0.0,0.0,1.0,0.0,0.0
3,5,0.0,0.0,0.0,0.0,0.0,1.0,0.0,0.0
3,5,0.0,0.0,0.0,0.0,0.0,1.0,0.0,0.0
3,5,0.0,0.0,0.0,0.0,0.0,1.0,0.0,0.0
3,5,0.0,0.0,0.0,0.0,0.0,1.0,0.0,0.0
3,5,0.0,0.0,0.0,0.0,0.0,1.0,0.0,0.0
3,5,0.0,0.0,0.0,0.0,0.0,1.0,0.0,0.0
3,5,0.0,0.0,0.0,0.0,0.0,1.0,0.0,0.0
3,5,0.0,0.0,0.0,0.0,0.0,1.0,0.0,0.0
3,5,0.0,0.0,0.0,0.0,0.0,1.0,0.0,0.0
3,5,0.0,0.0,0.0,0.0,0.0,1.0,0.0,0.0
3,5,0.0,0.0,0.0,0.0,0.0,1.0,0.0,0.0
3,5,0.0,0.0,0.0,0.0,0.0,1.0,0.0,0.0
3,5,0.0,0.0,0.0,0.0,0.0,1.0,0.0,0.0
3,5,0.0,0.0,0.0,0.0,0.0,1.0,0.0,0.0
3,5,0.0,0.0,0.0,0.0,0.0,1.0,0.0,0.0
3,5,0.0,0.0,0.0,0.0,0.0,1.0,0.0,0.0
3,5,0.0,0.0,0.0,0.0,0.0,1.0,0.0,0.0
3,5,0.0,0.0,0.0,0.0,0.0,1.0,0.0,0.0
3,5,0.0,0.0,0.0,0.0,0.0,1.0,0.0,0.0
3,5,0.0,0.0,0.0,0.0,0.0,1.0,0.0,0.0
3,5,0.0,0.0,0.0,0.0,0.0,1.0,0.0,0.0
3,5,0.0,0.0,0.0,0.0,0.0,1.0,0.0,0.0
3,5,0.0,0.0,0.0,0.0,0.0,1.0,0.0,0.0
3,5,0.0,0.0,0.0,0.0,0.0,1.0,0.0,0.0
3,5,0.0,0.0,0.0,0.0,0.0,1.0,0.0,0.0
3,5,0.0,0.0,0.0,0.0,0.0,1.0,0.0,0.0
3,5,0.0,0.0,0.0,0.0,0.0,1.0,0.0,0.0
3,5,0.0,0.0,0.0,0.0,0.0,1.0,0.0,0.0
3,5,0.0,0.0,0.0,0.0,0.0,1.0,0.0,0.0
3,5,0.0,0.0,0.0,0.0,0.0,1.0,0.0,0.0
3,5,0.0,0.0,0.0,0.0,0.0,1.0,0.0,0.0
3,5,0.0,0.0,0.0,0.0,0.0,1.0,0.0,0.0
3,5,0.0,0.0,0.0,0.0,0.0,1.0,0.0,0.0
3,5,0.0,0.0,0.0,0.0,0.0,1.0,0.0,0.0
3,5,0.0,0.0,0.0,0.0,0.0,1.0,0.0,0.0
3,5,0.0,0.0,0.0,0.0,0.0,1.0,0.0,0.0
3,5,0.0,0.0,0.0,0.0,0.0,1.0,0.0,0.0
3,5,0.0,0.0,0.0,0.0,0.0,1.0,0.0,0.0
3,5,0.0,0.0,0.0,0.0,0.0,1.0,0.0,0.0
3,5,0.0,0.0,0.0,0.0,0.0,1.0,0.0,0.0
3,5,0.0,0.0,0.0,0.0,0.0,1.0,0.0,0.0
3,5,0.0,0.0,0.0,0.0,0.0,1.0,0.0,0.0
3,5,0.0,0.0,0.0,0.0,0.0,1.0,0.0,0.0
3,5,0.0,0.0,0.0,0.0,0.0,1.0,0.0,0.0
3,5,0.0,0.0,0.0,0.0,0.0,1.0,0.0,0.0
3,5,0.0,0.0,0.0,0.0,0.0,1.0,0.0,0.0
3,5,0.0,0.0,0.0,0.0,0.0,1.0,0.0,0.0
3,5,0.0,0.0,0.0,0.0,0.0,1.0,0.0,0.0
3,5,0.0,0.0,0.0,0.0,0.0,1.0,0.0,0.0
3,5,0.0,0.0,0.0,0.0,0.0,1.0,0.0,0.0
3,5,0.0,0.0,0.0,0.0,0.0,1.0,0.0,0.0
3,5,0.0,0.0,0.0,0.0,0.0,1.0,0.0,0.0
3,5,0.0,0.0,0.0,0.0,0.0,1.0,0.0,0.0
3,5,0.0,0.0,0.0,0.0,0.0,1.0,0.0,0.0
3,5,0.0,0.0,0.0,0.0,0.0,1.0,0.0,0.0
3,5,0.0,0.0,0.0,0.0,0.0,1.0,0.0,0.0
3,5,0.0,0.0,0.0,0.0,0.0,1.0,0.0,0.0
3,5,0.0,0.0,0.0,0.0,0.0,1.0,0.0,0.0
3,5,0.0,0.0,0.0,0.0,0.0,1.0,0.0,0.0
3,5,0.0,0.0,0.0,0.0,0.0,1.0,0.0,0.0
3,5,0.0,0.0,0.0,0.0,0.0,1.0,0.0,0.0
3,5,0.0,0.0,0.0,0.0,0.0,1.0,0.0,0.0
3,5,0.0,0.0,0.0,0.0,0.0,1.0,0.0,0.0
3,5,0.0,0.0,0.0,0.0,0.0,1.0,0.0,0.0
3,5,0.0,0.0,0.0,0.0,0.0,1.0,0.0,0.0
3,5,0.0,0.0,0.0,0.0,0.0,1.0,0.0,0.0
3,5,0.0,0.0,0.0,0.0,0.0,1.0,0.0,0.0
3,5,0.0,0.0,0.0,0.0,0.0,1.0,0.0,0.0
3,5,0.0,0.0,0.0,0.0,0.0,1.0,0.0,0.0
3,5,0.0,0.0,0.0,0.0,0.0,1.0,0.0,0.0
3,5,0.0,0.0,0.0,0.0,0.0,1.0,0.0,0.0
3,5,0.0,0.0,0.0,0.0,0.0,1.0,0.0,0.0
3,5,0.0,0.0,0.0,0.0,0.0,1.0,0.0,0.0
3,5,0.0,0.0,0.0,0.0,0.0,1.0,0.0,0.0
3,5,0.0,0.0,0.0,0.0,0.0,1.0,0.0,0.0
3,5,0.0,0.0,0.0,0.0,0.0,1.0,0.0,0.0
3,5,0.0,0.0,0.0,0.0,0.0,1.0,0.0,0.0
3,5,0.0,0.0,0.0,0.0,0.0,1.0,0.0,0.0
3,5,0.0,0.0,0.0,0.0,0.0,1.0,0.0,0.0
3,5,0.0,0.0,0.0,0.0,0.0,1.0,0.0,0.0
3,5,0.0,0.0,0.0,0.0,0.0,1.0,0.0,0.0
3,5,0.0,0.0,0.0,0.0,0.0,1.0,0.0,0.0
3,5,0.0,0.0,0.0,0.0,0.0,1.0,0.0,0.0
3,5,0.0,0.0,0.0,0.0,0.0,1.0,0.0,0.0
3,5,0.0,0.0,0.0,0.0,0.0,1.0,0.0,0.0
3,5,0.0,0.0,0.0,0.0,0.0,1.0,0.0,0.0
3,5,0.0,0.0,0.0,0.0,0.0,1.0,0.0,0.0
3,5,0.0,0.0,0.0,0.0,0.0,1.0,0.0,0.0
3,5,0.0,0.0,0.0,0.0,0.0,1.0,0.0,0.0
3,5,0.0,0.0,0.0,0.0,0.0,1.0,0.0,0.0
3,5,0.0,0.0,0.0,0.0,0.0,1.0,0.0,0.0
3,5,0.0,0.0,0.0,0.0,0.0,1.0,0.0,0.0
3,5,0.0,0.0,0.0,0.0,0.0,1.0,0.0,0.0
3,5,0.0,0.0,0.0,0.0,0.0,1.0,0.0,0.0
3,5,0.0,0.0,0.0,0.0,0.0,1.0,0.0,0.0
3,5,0.0,0.0,0.0,0.0,0.0,1.0,0.0,0.0
3,5,0.0,0.0,0.0,0.0,0.0,1.0,0.0,0.0
3,5,0.0,0.0,0.0,0.0,0.0,1.0,0.0,0.0
3,5,0.0,0.0,0.0,0.0,0.0,1.0,0.0,0.0
3,5,0.0,0.0,0.0,0.0,0.0,1.0,0.0,0.0
3,5,0.0,0.0,0.0,0.0,0.0,1.0,0.0,0.0
3,5,0.0,0.0,0.0,0.0,0.0,1.0,0.0,0.0
3,5,0.0,0.0,0.0,0.0,0.0,1.0,0.0,0.0
3,5,0.0,0.0,0.0,0.0,0.0,1.0,0.0,0.0
3,5,0.0,0.0,0.0,0.0,0.0,1.0,0.0,0.0
3,5,0.0,0.0,0.0,0.0,0.0,1.0,0.0,0.0
3,5,0.0,0.0,0.0,0.0,0.0,1.0,0.0,0.0
3,5,0.0,0.0,0.0,0.0,0.0,1.0,0.0,0.0
3,5,0.0,0.0,0.0,0.0,0.0,1.0,0.0,0.0
3,5,0.0,0.0,0.0,0.0,0.0,1.0,0.0,0.0
3,5,0.0,0.0,0.0,0.0,0.0,1.0,0.0,0.0
3,5,0.0,0.0,0.0,0.0,0.0,1.0,0.0,0.0
3,5,0.0,0.0,0.0,0.0,0.0,1.0,0.0,0.0
3,5,0.0,0.0,0.0,0.0,0.0,1.0,0.0,0.0
3,5,0.0,0.0,0.0,0.0,0.0,1.0,0.0,0.0
3,5,0.0,0.0,0.0,0.0,0.0,1.0,0.0,0.0
3,5,0.0,0.0,0.0,0.0,0.0,1.0,0.0,0.0
3,5,0.0,0.0,0.0,0.0,0.0,1.0,0.0,0.0
3,5,0.0,0.0,0.0,0.0,0.0,1.0,0.0,0.0
3,5,0.0,0.0,0.0,0.0,0.0,1.0,0.0,0.0
3,5,0.0,0.0,0.0,0.0,0.0,1.0,0.0,0.0
3,5,0.0,0.0,0.0,0.0,0.0,1.0,0.0,0.0
3,5,0.0,0.0,0.0,0.0,0.0,1.0,0.0,0.0
3,5,0.0,0.0,0.0,0.0,0.0,1.0,0.0,0.0
3,5,0.0,0.0,0.0,0.0,0.0,1.0,0.0,0.0
3,5,0.0,0.0,0.0,0.0,0.0,1.0,0.0,0.0
3,5,0.0,0.0,0.0,0.0,0.0,1.0,0.0,0.0
3,5,0.0,0.0,0.0,0.0,0.0,1.0,0.0,0.0
3,5,0.0,0.0,0.0,0.0,0.0,1.0,0.0,0.0
3,5,0.0,0.0,0.0,0.0,0.0,1.0,0.0,0.0
3,5,0.0,0.0,0.0,0.0,0.0,1.0,0.0,0.0
3,5,0.0,0.0,0.0,0.0,0.0,1.0,0.0,0.0
3,5,0.0,0.0,0.0,0.0,0.0,1.0,0.0,0.0
3,5,0.0,0.0,0.0,0.0,0.0,1.0,0.0,0.0
3,5,0.0,0.0,0.0,0.0,0.0,1.0,0.0,0.0
3,5,0.0,0.0,0.0,0.0,0.0,1.0,0.0,0.0
3,5,0.0,0.0,0.0,0.0,0.0,1.0,0.0,0.0
3,5,0.0,0.0,0.0,0.0,0.0,1.0,0.0,0.0
3,5,0.0,0.0,0.0,0.0,0.0,1.0,0.0,0.0
3,5,0.0,0.0,0.0,0.0,0.0,1.0,0.0,0.0
3,5,0.0,0.0,0.0,0.0,0.0,1.0,0.0,0.0
3,5,0.0,0.0,0.0,0.0,0.0,1.0,0.0,0.0
3,5,0.0,0.0,0.0,0.0,0.0,1.0,0.0,0.0
3,5,0.0,0.0,0.0,0.0,0.0,1.0,0.0,0.0
3,5,0.0,0.0,0.0,0.0,0.0,1.0,0.0,0.0
3,5,0.0,0.0,0.0,0.0,0.0,1.0,0.0,0.0
3,5,0.0,0.0,0.0,0.0,0.0,1.0,0.0,0.0
3,5,0.0,0.0,0.0,0.0,0.0,1.0,0.0,0.0
3,5,0.0,0.0,0.0,0.0,0.0,1.0,0.0,0.0
3,5,0.0,0.0,0.0,0.0,0.0,1.0,0.0,0.0
3,5,0.0,0.0,0.0,0.0,0.0,1.0,0.0,0.0
3,5,0.0,0.0,0.0,0.0,0.0,1.0,0.0,0.0
3,5,0.0,0.0,0.0,0.0,0.0,1.0,0.0,0.0
3,5,0.0,0.0,0.0,0.0,0.0,1.0,0.0,0.0
3,5,0.0,0.0,0.0,0.0,0.0,1.0,0.0,0.0
3,5,0.0,0.0,0.0,0.0,0.0,1.0,0.0,0.0
3,5,0.0,0.0,0.0,0.0,0.0,1.0,0.0,0.0
3,5,0.0,0.0,0.0,0.0,0.0,1.0,0.0,0.0
3,5,0.0,0.0,0.0,0.0,0.0,1.0,0.0,0.0
3,5,0.0,0.0,0.0,0.0,0.0,1.0,0.0,0.0
3,5,0.0,0.0,0.0,0.0,0.0,1.0,0.0,0.0
3,5,0.0,0.0,0.0,0.0,0.0,1.0,0.0,0.0
3,5,0.0,0.0,0.0,0.0,0.0,1.0,0.0,0.0
3,5,0.0,0.0,0.0,0.0,0.0,1.0,0.0,0.0
3,5,0.0,0.0,0.0,0.0,0.0,1.0,0.0,0.0
3,5,0.0,0.0,0.0,0.0,0.0,1.0,0.0,0.0
3,5,0.0,0.0,0.0,0.0,0.0,1.0,0.0,0.0
3,5,0.0,0.0,0.0,0.0,0.0,1.0,0.0,0.0
3,5,0.0,0.0,0.0,0.0,0.0,1.0,0.0,0.0
3,5,0.0,0.0,0.0,0.0,0.0,1.0,0.0,0.0
3,5,0.0,0.0,0.0,0.0,0.0,1.0,0.0,0.0
3,5,0.0,0.0,0.0,0.0,0.0,1.0,0.0,0.0
3,5,0.0,0.0,0.0,0.0,0.0,1.0,0.0,0.0
3,5,0.0,0.0,0.0,0.0,0.0,1.0,0.0,0.0
3,5,0.0,0.0,0.0,0.0,0.0,1.0,0.0,0.0
3,5,0.0,0.0,0.0,0.0,0.0,1.0,0.0,0.0
3,5,0.0,0.0,0.0,0.0,0.0,1.0,0.0,0.0
3,5,0.0,0.0,0.0,0.0,0.0,1.0,0.0,0.0
3,5,0.0,0.0,0.0,0.0,0.0,1.0,0.0,0.0
3,5,0.0,0.0,0.0,0.0,0.0,1.0,0.0,0.0
3,5,0.0,0.0,0.0,0.0,0.0,1.0,0.0,0.0
3,5,0.0,0.0,0.0,0.0,0.0,1.0,0.0,0.0
3,5,0.0,0.0,0.0,0.0,0.0,1.0,0.0,0.0
3,5,0.0,0.0,0.0,0.0,0.0,1.0,0.0,0.0
3,5,0.0,0.0,0.0,0.0,0.0,1.0,0.0,0.0
3,5,0.0,0.0,0.0,0.0,0.0,1.0,0.0,0.0
3,5,0.0,0.0,0.0,0.0,0.0,1.0,0.0,0.0
3,5,0.0,0.0,0.0,0.0,0.0,1.0,0.0,0.0
3,5,0.0,0.0,0.0,0.0,0.0,1.0,0.0,0.0
3,5,0.0,0.0,0.0,0.0,0.0,1.0,0.0,0.0
3,5,0.0,0.0,0.0,0.0,0.0,1.0,0.0,0.0
3,5,0.0,0.0,0.0,0.0,0.0,1.0,0.0,0.0
3,5,0.0,0.0,0.0,0.0,0.0,1.0,0.0,0.0
3,5,0.0,0.0,0.0,0.0,0.0,1.0,0.0,0.0
3,5,0.0,0.0,0.0,0.0,0.0,1.0,0.0,0.0
3,5,0.0,0.0,0.0,0.0,0.0,1.0,0.0,0.0
3,5,0.0,0.0,0.0,0.0,0.0,1.0,0.0,0.0
3,5,0.0,0.0,0.0,0.0,0.0,1.0,0.0,0.0
3,5,0.0,0.0,0.0,0.0,0.0,1.0,0.0,0.0
3,5,0.0,0.0,0.0,0.0,0.0,1.0,0.0,0.0
3,5,0.0,0.0,0.0,0.0,0.0,1.0,0.0,0.0
3,5,0.0,0.0,0.0,0.0,0.0,1.0,0.0,0.0
3,5,0.0,0.0,0.0,0.0,0.0,1.0,0.0,0.0
3,5,0.0,0.0,0.0,0.0,0.0,1.0,0.0,0.0
3,5,0.0,0.0,0.0,0.0,0.0,1.0,0.0,0.0
3,5,0.0,0.0,0.0,0.0,0.0,1.0,0.0,0.0
3,5,0.0,0.0,0.0,0.0,0.0,1.0,0.0,0.0
3,5,0.0,0.0,0.0,0.0,0.0,1.0,0.0,0.0
3,5,0.0,0.0,0.0,0.0,0.0,1.0,0.0,0.0
3,5,0.0,0.0,0.0,0.0,0.0,1.0,0.0,0.0
3,5,0.0,0.0,0.0,0.0,0.0,1.0,0.0,0.0
3,5,0.0,0.0,0.0,0.0,0.0,1.0,0.0,0.0
3,5,0.0,0.0,0.0,0.0,0.0,1.0,0.0,0.0
3,5,0.0,0.0,0.0,0.0,0.0,1.0,0.0,0.0
3,5,0.0,0.0,0.0,0.0,0.0,1.0,0.0,0.0
3,5,0.0,0.0,0.0,0.0,0.0,1.0,0.0,0.0
3,5,0.0,0.0,0.0,0.0,0.0,1.0,0.0,0.0
3,5,0.0,0.0,0.0,0.0,0.0,1.0,0.0,0.0
3,5,0.0,0.0,0.0,0.0,0.0,1.0,0.0,0.0
3,5,0.0,0.0,0.0,0.0,0.0,1.0,0.0,0.0
3,5,0.0,0.0,0.0,0.0,0.0,1.0,0.0,0.0
3,5,0.0,0.0,0.0,0.0,0.0,1.0,0.0,0.0
3,5,0.0,0.0,0.0,0.0,0.0,1.0,0.0,0.0
3,5,0.0,0.0,0.0,0.0,0.0,1.0,0.0,0.0
3,5,0.0,0.0,0.0,0.0,0.0,1.0,0.0,0.0
3,5,0.0,0.0,0.0,0.0,0.0,1.0,0.0,0.0
3,5,0.0,0.0,0.0,0.0,0.0,1.0,0.0,0.0
3,5,0.0,0.0,0.0,0.0,0.0,1.0,0.0,0.0
3,5,0.0,0.0,0.0,0.0,0.0,1.0,0.0,0.0
3,5,0.0,0.0,0.0,0.0,0.0,1.0,0.0,0.0
3,5,0.0,0.0,0.0,0.0,0.0,1.0,0.0,0.0
3,5,0.0,0.0,0.0,0.0,0.0,1.0,0.0,0.0
3,5,0.0,0.0,0.0,0.0,0.0,1.0,0.0,0.0
3,5,0.0,0.0,0.0,0.0,0.0,1.0,0.0,0.0
3,5,0.0,0.0,0.0,0.0,0.0,1.0,0.0,0.0
3,5,0.0,0.0,0.0,0.0,0.0,1.0,0.0,0.0
3,5,0.0,0.0,0.0,0.0,0.0,1.0,0.0,0.0
3,5,0.0,0.0,0.0,0.0,0.0,1.0,0.0,0.0
3,5,0.0,0.0,0.0,0.0,0.0,1.0,0.0,0.0
3,5,0.0,0.0,0.0,0.0,0.0,1.0,0.0,0.0
3,5,0.0,0.0,0.0,0.0,0.0,1.0,0.0,0.0
3,5,0.0,0.0,0.0,0.0,0.0,1.0,0.0,0.0
3,5,0.0,0.0,0.0,0.0,0.0,1.0,0.0,0.0
3,5,0.0,0.0,0.0,0.0,0.0,1.0,0.0,0.0
3,5,0.0,0.0,0.0,0.0,0.0,1.0,0.0,0.0
3,5,0.0,0.0,0.0,0.0,0.0,1.0,0.0,0.0
3,5,0.0,0.0,0.0,0.0,0.0,1.0,0.0,0.0
3,5,0.0,0.0,0.0,0.0,0.0,1.0,0.0,0.0
3,5,0.0,0.0,0.0,0.0,0.0,1.0,0.0,0.0
3,5,0.0,0.0,0.0,0.0,0.0,1.0,0.0,0.0
3,5,0.0,0.0,0.0,0.0,0.0,1.0,0.0,0.0
3,5,0.0,0.0,0.0,0.0,0.0,1.0,0.0,0.0
3,5,0.0,0.0,0.0,0.0,0.0,1.0,0.0,0.0
3,5,0.0,0.0,0.0,0.0,0.0,1.0,0.0,0.0
3,5,0.0,0.0,0.0,0.0,0.0,1.0,0.0,0.0
3,5,0.0,0.0,0.0,0.0,0.0,1.0,0.0,0.0
3,5,0.0,0.0,0.0,0.0,0.0,1.0,0.0,0.0
3,5,0.0,0.0,0.0,0.0,0.0,1.0,0.0,0.0
3,5,0.0,0.0,0.0,0.0,0.0,1.0,0.0,0.0
3,5,0.0,0.0,0.0,0.0,0.0,1.0,0.0,0.0
3,5,0.0,0.0,0.0,0.0,0.0,1.0,0.0,0.0
3,5,0.0,0.0,0.0,0.0,0.0,1.0,0.0,0.0
3,5,0.0,0.0,0.0,0.0,0.0,1.0,0.0,0.0
3,5,0.0,0.0,0.0,0.0,0.0,1.0,0.0,0.0
3,5,0.0,0.0,0.0,0.0,0.0,1.0,0.0,0.0
3,5,0.0,0.0,0.0,0.0,0.0,1.0,0.0,0.0
3,5,0.0,0.0,0.0,0.0,0.0,1.0,0.0,0.0
3,5,0.0,0.0,0.0,0.0,0.0,1.0,0.0,0.0
3,5,0.0,0.0,0.0,0.0,0.0,1.0,0.0,0.0
3,5,0.0,0.0,0.0,0.0,0.0,1.0,0.0,0.0
3,5,0.0,0.0,0.0,0.0,0.0,1.0,0.0,0.0
3,5,0.0,0.0,0.0,0.0,0.0,1.0,0.0,0.0
3,5,0.0,0.0,0.0,0.0,0.0,1.0,0.0,0.0
3,5,0.0,0.0,0.0,0.0,0.0,1.0,0.0,0.0
3,5,0.0,0.0,0.0,0.0,0.0,1.0,0.0,0.0
3,5,0.0,0.0,0.0,0.0,0.0,1.0,0.0,0.0
3,5,0.0,0.0,0.0,0.0,0.0,1.0,0.0,0.0
3,5,0.0,0.0,0.0,0.0,0.0,1.0,0.0,0.0
3,5,0.0,0.0,0.0,0.0,0.0,1.0,0.0,0.0
3,5,0.0,0.0,0.0,0.0,0.0,1.0,0.0,0.0
3,5,0.0,0.0,0.0,0.0,0.0,1.0,0.0,0.0
3,5,0.0,0.0,0.0,0.0,0.0,1.0,0.0,0.0
3,5,0.0,0.0,0.0,0.0,0.0,1.0,0.0,0.0
3,5,0.0,0.0,0.0,0.0,0.0,1.0,0.0,0.0
3,5,0.0,0.0,0.0,0.0,0.0,1.0,0.0,0.0
3,5,0.0,0.0,0.0,0.0,0.0,1.0,0.0,0.0
3,5,0.0,0.0,0.0,0.0,0.0,1.0,0.0,0.0
3,5,0.0,0.0,0.0,0.0,0.0,1.0,0.0,0.0
3,5,0.0,0.0,0.0,0.0,0.0,1.0,0.0,0.0
3,5,0.0,0.0,0.0,0.0,0.0,1.0,0.0,0.0
3,5,0.0,0.0,0.0,0.0,0.0,1.0,0.0,0.0
3,5,0.0,0.0,0.0,0.0,0.0,1.0,0.0,0.0
3,5,0.0,0.0,0.0,0.0,0.0,1.0,0.0,0.0
3,5,0.0,0.0,0.0,0.0,0.0,1.0,0.0,0.0
3,5,0.0,0.0,0.0,0.0,0.0,1.0,0.0,0.0
3,5,0.0,0.0,0.0,0.0,0.0,1.0,0.0,0.0
3,5,0.0,0.0,0.0,0.0,0.0,1.0,0.0,0.0
3,5,0.0,0.0,0.0,0.0,0.0,1.0,0.0,0.0
3,5,0.0,0.0,0.0,0.0,0.0,1.0,0.0,0.0
3,5,0.0,0.0,0.0,0.0,0.0,1.0,0.0,0.0
3,5,0.0,0.0,0.0,0.0,0.0,1.0,0.0,0.0
3,5,0.0,0.0,0.0,0.0,0.0,1.0,0.0,0.0
3,5,0.0,0.0,0.0,0.0,0.0,1.0,0.0,0.0
3,5,0.0,0.0,0.0,0.0,0.0,1.0,0.0,0.0
3,5,0.0,0.0,0.0,0.0,0.0,1.0,0.0,0.0
3,5,0.0,0.0,0.0,0.0,0.0,1.0,0.0,0.0
3,5,0.0,0.0,0.0,0.0,0.0,1.0,0.0,0.0
3,5,0.0,0.0,0.0,0.0,0.0,1.0,0.0,0.0
3,5,0.0,0.0,0.0,0.0,0.0,1.0,0.0,0.0
3,5,0.0,0.0,0.0,0.0,0.0,1.0,0.0,0.0
3,5,0.0,0.0,0.0,0.0,0.0,1.0,0.0,0.0
3,5,0.0,0.0,0.0,0.0,0.0,1.0,0.0,0.0
3,5,0.0,0.0,0.0,0.0,0.0,1.0,0.0,0.0
3,5,0.0,0.0,0.0,0.0,0.0,1.0,0.0,0.0
3,5,0.0,0.0,0.0,0.0,0.0,1.0,0.0,0.0
3,5,0.0,0.0,0.0,0.0,0.0,1.0,0.0,0.0
3,5,0.0,0.0,0.0,0.0,0.0,1.0,0.0,0.0
3,5,0.0,0.0,0.0,0.0,0.0,1.0,0.0,0.0
3,5,0.0,0.0,0.0,0.0,0.0,1.0,0.0,0.0
3,5,0.0,0.0,0.0,0.0,0.0,1.0,0.0,0.0
3,5,0.0,0.0,0.0,0.0,0.0,1.0,0.0,0.0
3,5,0.0,0.0,0.0,0.0,0.0,1.0,0.0,0.0
3,5,0.0,0.0,0.0,0.0,0.0,1.0,0.0,0.0
3,5,0.0,0.0,0.0,0.0,0.0,1.0,0.0,0.0
3,5,0.0,0.0,0.0,0.0,0.0,1.0,0.0,0.0
3,5,0.0,0.0,0.0,0.0,0.0,1.0,0.0,0.0
3,5,0.0,0.0,0.0,0.0,0.0,1.0,0.0,0.0
3,5,0.0,0.0,0.0,0.0,0.0,1.0,0.0,0.0
3,5,0.0,0.0,0.0,0.0,0.0,1.0,0.0,0.0
3,5,0.0,0.0,0.0,0.0,0.0,1.0,0.0,0.0
3,5,0.0,0.0,0.0,0.0,0.0,1.0,0.0,0.0
3,5,0.0,0.0,0.0,0.0,0.0,1.0,0.0,0.0
3,5,0.0,0.0,0.0,0.0,0.0,1.0,0.0,0.0
3,5,0.0,0.0,0.0,0.0,0.0,1.0,0.0,0.0
3,5,0.0,0.0,0.0,0.0,0.0,1.0,0.0,0.0
3,5,0.0,0.0,0.0,0.0,0.0,1.0,0.0,0.0
3,5,0.0,0.0,0.0,0.0,0.0,1.0,0.0,0.0
3,5,0.0,0.0,0.0,0.0,0.0,1.0,0.0,0.0
3,5,0.0,0.0,0.0,0.0,0.0,1.0,0.0,0.0
3,5,0.0,0.0,0.0,0.0,0.0,1.0,0.0,0.0
3,5,0.0,0.0,0.0,0.0,0.0,1.0,0.0,0.0
3,5,0.0,0.0,0.0,0.0,0.0,1.0,0.0,0.0
3,5,0.0,0.0,0.0,0.0,0.0,1.0,0.0,0.0
3,5,0.0,0.0,0.0,0.0,0.0,1.0,0.0,0.0
3,5,0.0,0.0,0.0,0.0,0.0,1.0,0.0,0.0
3,5,0.0,0.0,0.0,0.0,0.0,1.0,0.0,0.0
3,5,0.0,0.0,0.0,0.0,0.0,1.0,0.0,0.0
3,5,0.0,0.0,0.0,0.0,0.0,1.0,0.0,0.0
3,5,0.0,0.0,0.0,0.0,0.0,1.0,0.0,0.0
3,5,0.0,0.0,0.0,0.0,0.0,1.0,0.0,0.0
3,5,0.0,0.0,0.0,0.0,0.0,1.0,0.0,0.0
3,5,0.0,0.0,0.0,0.0,0.0,1.0,0.0,0.0
3,5,0.0,0.0,0.0,0.0,0.0,1.0,0.0,0.0
3,5,0.0,0.0,0.0,0.0,0.0,1.0,0.0,0.0
3,5,0.0,0.0,0.0,0.0,0.0,1.0,0.0,0.0
3,5,0.0,0.0,0.0,0.0,0.0,1.0,0.0,0.0
3,5,0.0,0.0,0.0,0.0,0.0,1.0,0.0,0.0
3,5,0.0,0.0,0.0,0.0,0.0,1.0,0.0,0.0
3,5,0.0,0.0,0.0,0.0,0.0,1.0,0.0,0.0
3,5,0.0,0.0,0.0,0.0,0.0,1.0,0.0,0.0
3,5,0.0,0.0,0.0,0.0,0.0,1.0,0.0,0.0
3,5,0.0,0.0,0.0,0.0,0.0,1.0,0.0,0.0
3,5,0.0,0.0,0.0,0.0,0.0,1.0,0.0,0.0
3,5,0.0,0.0,0.0,0.0,0.0,1.0,0.0,0.0
3,5,0.0,0.0,0.0,0.0,0.0,1.0,0.0,0.0
3,5,0.0,0.0,0.0,0.0,0.0,1.0,0.0,0.0
3,5,0.0,0.0,0.0,0.0,0.0,1.0,0.0,0.0
3,5,0.0,0.0,0.0,0.0,0.0,1.0,0.0,0.0
3,5,0.0,0.0,0.0,0.0,0.0,1.0,0.0,0.0
3,5,0.0,0.0,0.0,0.0,0.0,1.0,0.0,0.0
3,5,0.0,0.0,0.0,0.0,0.0,1.0,0.0,0.0
3,5,0.0,0.0,0.0,0.0,0.0,1.0,0.0,0.0
3,5,0.0,0.0,0.0,0.0,0.0,1.0,0.0,0.0
3,5,0.0,0.0,0.0,0.0,0.0,1.0,0.0,0.0
3,5,0.0,0.0,0.0,0.0,0.0,1.0,0.0,0.0
3,5,0.0,0.0,0.0,0.0,0.0,1.0,0.0,0.0
3,5,0.0,0.0,0.0,0.0,0.0,1.0,0.0,0.0
3,5,0.0,0.0,0.0,0.0,0.0,1.0,0.0,0.0
3,5,0.0,0.0,0.0,0.0,0.0,1.0,0.0,0.0
3,5,0.0,0.0,0.0,0.0,0.0,1.0,0.0,0.0
3,5,0.0,0.0,0.0,0.0,0.0,1.0,0.0,0.0
3,5,0.0,0.0,0.0,0.0,0.0,1.0,0.0,0.0
3,5,0.0,0.0,0.0,0.0,0.0,1.0,0.0,0.0
3,5,0.0,0.0,0.0,0.0,0.0,1.0,0.0,0.0
3,5,0.0,0.0,0.0,0.0,0.0,1.0,0.0,0.0
3,5,0.0,0.0,0.0,0.0,0.0,1.0,0.0,0.0
3,5,0.0,0.0,0.0,0.0,0.0,1.0,0.0,0.0
3,5,0.0,0.0,0.0,0.0,0.0,1.0,0.0,0.0
3,5,0.0,0.0,0.0,0.0,0.0,1.0,0.0,0.0
3,5,0.0,0.0,0.0,0.0,0.0,1.0,0.0,0.0
3,5,0.0,0.0,0.0,0.0,0.0,1.0,0.0,0.0
3,5,0.0,0.0,0.0,0.0,0.0,1.0,0.0,0.0
3,5,0.0,0.0,0.0,0.0,0.0,1.0,0.0,0.0
3,5,0.0,0.0,0.0,0.0,0.0,1.0,0.0,0.0
3,5,0.0,0.0,0.0,0.0,0.0,1.0,0.0,0.0
3,5,0.0,0.0,0.0,0.0,0.0,1.0,0.0,0.0
3,5,0.0,0.0,0.0,0.0,0.0,1.0,0.0,0.0
3,5,0.0,0.0,0.0,0.0,0.0,1.0,0.0,0.0
3,5,0.0,0.0,0.0,0.0,0.0,1.0,0.0,0.0
3,5,0.0,0.0,0.0,0.0,0.0,1.0,0.0,0.0
3,5,0.0,0.0,0.0,0.0,0.0,1.0,0.0,0.0
3,5,0.0,0.0,0.0,0.0,0.0,1.0,0.0,0.0
3,5,0.0,0.0,0.0,0.0,0.0,1.0,0.0,0.0
3,5,0.0,0.0,0.0,0.0,0.0,1.0,0.0,0.0
3,5,0.0,0.0,0.0,0.0,0.0,1.0,0.0,0.0
3,5,0.0,0.0,0.0,0.0,0.0,1.0,0.0,0.0
3,5,0.0,0.0,0.0,0.0,0.0,1.0,0.0,0.0
3,5,0.0,0.0,0.0,0.0,0.0,1.0,0.0,0.0
3,5,0.0,0.0,0.0,0.0,0.0,1.0,0.0,0.0
3,5,0.0,0.0,0.0,0.0,0.0,1.0,0.0,0.0
3,5,0.0,0.0,0.0,0.0,0.0,1.0,0.0,0.0
3,5,0.0,0.0,0.0,0.0,0.0,1.0,0.0,0.0
3,5,0.0,0.0,0.0,0.0,0.0,1.0,0.0,0.0
3,5,0.0,0.0,0.0,0.0,0.0,1.0,0.0,0.0
3,5,0.0,0.0,0.0,0.0,0.0,1.0,0.0,0.0
3,5,0.0,0.0,0.0,0.0,0.0,1.0,0.0,0.0
3,5,0.0,0.0,0.0,0.0,0.0,1.0,0.0,0.0
3,5,0.0,0.0,0.0,0.0,0.0,1.0,0.0,0.0
3,5,0.0,0.0,0.0,0.0,0.0,1.0,0.0,0.0
3,5,0.0,0.0,0.0,0.0,0.0,1.0,0.0,0.0
3,5,0.0,0.0,0.0,0.0,0.0,1.0,0.0,0.0
3,5,0.0,0.0,0.0,0.0,0.0,1.0,0.0,0.0
3,5,0.0,0.0,0.0,0.0,0.0,1.0,0.0,0.0
3,5,0.0,0.0,0.0,0.0,0.0,1.0,0.0,0.0
3,5,0.0,0.0,0.0,0.0,0.0,1.0,0.0,0.0
3,5,0.0,0.0,0.0,0.0,0.0,1.0,0.0,0.0
3,5,0.0,0.0,0.0,0.0,0.0,1.0,0.0,0.0
3,5,0.0,0.0,0.0,0.0,0.0,1.0,0.0,0.0
3,5,0.0,0.0,0.0,0.0,0.0,1.0,0.0,0.0
3,5,0.0,0.0,0.0,0.0,0.0,1.0,0.0,0.0
3,5,0.0,0.0,0.0,0.0,0.0,1.0,0.0,0.0
3,5,0.0,0.0,0.0,0.0,0.0,1.0,0.0,0.0
3,5,0.0,0.0,0.0,0.0,0.0,1.0,0.0,0.0
3,5,0.0,0.0,0.0,0.0,0.0,1.0,0.0,0.0
3,5,0.0,0.0,0.0,0.0,0.0,1.0,0.0,0.0
3,5,0.0,0.0,0.0,0.0,0.0,1.0,0.0,0.0
3,5,0.0,0.0,0.0,0.0,0.0,1.0,0.0,0.0
3,5,0.0,0.0,0.0,0.0,0.0,1.0,0.0,0.0
3,5,0.0,0.0,0.0,0.0,0.0,1.0,0.0,0.0
3,5,0.0,0.0,0.0,0.0,0.0,1.0,0.0,0.0
3,5,0.0,0.0,0.0,0.0,0.0,1.0,0.0,0.0
3,5,0.0,0.0,0.0,0.0,0.0,1.0,0.0,0.0
3,5,0.0,0.0,0.0,0.0,0.0,1.0,0.0,0.0
3,5,0.0,0.0,0.0,0.0,0.0,1.0,0.0,0.0
3,5,0.0,0.0,0.0,0.0,0.0,1.0,0.0,0.0
3,5,0.0,0.0,0.0,0.0,0.0,1.0,0.0,0.0
3,5,0.0,0.0,0.0,0.0,0.0,1.0,0.0,0.0
3,5,0.0,0.0,0.0,0.0,0.0,1.0,0.0,0.0
3,5,0.0,0.0,0.0,0.0,0.0,1.0,0.0,0.0
3,5,0.0,0.0,0.0,0.0,0.0,1.0,0.0,0.0
3,5,0.0,0.0,0.0,0.0,0.0,1.0,0.0,0.0
3,5,0.0,0.0,0.0,0.0,0.0,1.0,0.0,0.0
3,5,0.0,0.0,0.0,0.0,0.0,1.0,0.0,0.0
3,5,0.0,0.0,0.0,0.0,0.0,1.0,0.0,0.0
3,5,0.0,0.0,0.0,0.0,0.0,1.0,0.0,0.0
3,5,0.0,0.0,0.0,0.0,0.0,1.0,0.0,0.0
3,5,0.0,0.0,0.0,0.0,0.0,1.0,0.0,0.0
3,5,0.0,0.0,0.0,0.0,0.0,1.0,0.0,0.0
3,5,0.0,0.0,0.0,0.0,0.0,1.0,0.0,0.0
3,5,0.0,0.0,0.0,0.0,0.0,1.0,0.0,0.0
3,5,0.0,0.0,0.0,0.0,0.0,1.0,0.0,0.0
3,5,0.0,0.0,0.0,0.0,0.0,1.0,0.0,0.0
3,5,0.0,0.0,0.0,0.0,0.0,1.0,0.0,0.0
3,5,0.0,0.0,0.0,0.0,0.0,1.0,0.0,0.0
3,5,0.0,0.0,0.0,0.0,0.0,1.0,0.0,0.0
3,5,0.0,0.0,0.0,0.0,0.0,1.0,0.0,0.0
3,5,0.0,0.0,0.0,0.0,0.0,1.0,0.0,0.0
3,5,0.0,0.0,0.0,0.0,0.0,1.0,0.0,0.0
3,5,0.0,0.0,0.0,0.0,0.0,1.0,0.0,0.0
3,5,0.0,0.0,0.0,0.0,0.0,1.0,0.0,0.0
3,5,0.0,0.0,0.0,0.0,0.0,1.0,0.0,0.0
3,5,0.0,0.0,0.0,0.0,0.0,1.0,0.0,0.0
3,5,0.0,0.0,0.0,0.0,0.0,1.0,0.0,0.0
3,5,0.0,0.0,0.0,0.0,0.0,1.0,0.0,0.0
3,5,0.0,0.0,0.0,0.0,0.0,1.0,0.0,0.0
3,5,0.0,0.0,0.0,0.0,0.0,1.0,0.0,0.0
3,5,0.0,0.0,0.0,0.0,0.0,1.0,0.0,0.0
3,5,0.0,0.0,0.0,0.0,0.0,1.0,0.0,0.0
3,5,0.0,0.0,0.0,0.0,0.0,1.0,0.0,0.0
3,5,0.0,0.0,0.0,0.0,0.0,1.0,0.0,0.0
3,5,0.0,0.0,0.0,0.0,0.0,1.0,0.0,0.0
3,5,0.0,0.0,0.0,0.0,0.0,1.0,0.0,0.0
3,5,0.0,0.0,0.0,0.0,0.0,1.0,0.0,0.0
3,5,0.0,0.0,0.0,0.0,0.0,1.0,0.0,0.0
3,5,0.0,0.0,0.0,0.0,0.0,1.0,0.0,0.0
3,5,0.0,0.0,0.0,0.0,0.0,1.0,0.0,0.0
3,5,0.0,0.0,0.0,0.0,0.0,1.0,0.0,0.0
3,5,0.0,0.0,0.0,0.0,0.0,1.0,0.0,0.0
3,5,0.0,0.0,0.0,0.0,0.0,1.0,0.0,0.0
3,5,0.0,0.0,0.0,0.0,0.0,1.0,0.0,0.0
3,5,0.0,0.0,0.0,0.0,0.0,1.0,0.0,0.0
3,5,0.0,0.0,0.0,0.0,0.0,1.0,0.0,0.0
3,5,0.0,0.0,0.0,0.0,0.0,1.0,0.0,0.0
3,5,0.0,0.0,0.0,0.0,0.0,1.0,0.0,0.0
3,5,0.0,0.0,0.0,0.0,0.0,1.0,0.0,0.0
3,5,0.0,0.0,0.0,0.0,0.0,1.0,0.0,0.0
3,5,0.0,0.0,0.0,0.0,0.0,1.0,0.0,0.0
3,5,0.0,0.0,0.0,0.0,0.0,1.0,0.0,0.0
3,5,0.0,0.0,0.0,0.0,0.0,1.0,0.0,0.0
3,5,0.0,0.0,0.0,0.0,0.0,1.0,0.0,0.0
3,5,0.0,0.0,0.0,0.0,0.0,1.0,0.0,0.0
3,5,0.0,0.0,0.0,0.0,0.0,1.0,0.0,0.0
3,5,0.0,0.0,0.0,0.0,0.0,1.0,0.0,0.0
3,5,0.0,0.0,0.0,0.0,0.0,1.0,0.0,0.0
3,5,0.0,0.0,0.0,0.0,0.0,1.0,0.0,0.0
3,5,0.0,0.0,0.0,0.0,0.0,1.0,0.0,0.0
3,5,0.0,0.0,0.0,0.0,0.0,1.0,0.0,0.0
3,5,0.0,0.0,0.0,0.0,0.0,1.0,0.0,0.0
3,5,0.0,0.0,0.0,0.0,0.0,1.0,0.0,0.0
3,5,0.0,0.0,0.0,0.0,0.0,1.0,0.0,0.0
3,5,0.0,0.0,0.0,0.0,0.0,1.0,0.0,0.0
3,5,0.0,0.0,0.0,0.0,0.0,1.0,0.0,0.0
3,5,0.0,0.0,0.0,0.0,0.0,1.0,0.0,0.0
3,5,0.0,0.0,0.0,0.0,0.0,1.0,0.0,0.0
3,5,0.0,0.0,0.0,0.0,0.0,1.0,0.0,0.0
3,5,0.0,0.0,0.0,0.0,0.0,1.0,0.0,0.0
3,5,0.0,0.0,0.0,0.0,0.0,1.0,0.0,0.0
3,5,0.0,0.0,0.0,0.0,0.0,1.0,0.0,0.0
3,5,0.0,0.0,0.0,0.0,0.0,1.0,0.0,0.0
3,5,0.0,0.0,0.0,0.0,0.0,1.0,0.0,0.0
3,5,0.0,0.0,0.0,0.0,0.0,1.0,0.0,0.0
3,5,0.0,0.0,0.0,0.0,0.0,1.0,0.0,0.0
3,5,0.0,0.0,0.0,0.0,0.0,1.0,0.0,0.0
3,5,0.0,0.0,0.0,0.0,0.0,1.0,0.0,0.0
3,5,0.0,0.0,0.0,0.0,0.0,1.0,0.0,0.0
3,5,0.0,0.0,0.0,0.0,0.0,1.0,0.0,0.0
3,5,0.0,0.0,0.0,0.0,0.0,1.0,0.0,0.0
3,5,0.0,0.0,0.0,0.0,0.0,1.0,0.0,0.0
3,5,0.0,0.0,0.0,0.0,0.0,1.0,0.0,0.0
3,5,0.0,0.0,0.0,0.0,0.0,1.0,0.0,0.0
3,5,0.0,0.0,0.0,0.0,0.0,1.0,0.0,0.0
3,5,0.0,0.0,0.0,0.0,0.0,1.0,0.0,0.0
3,5,0.0,0.0,0.0,0.0,0.0,1.0,0.0,0.0
3,5,0.0,0.0,0.0,0.0,0.0,1.0,0.0,0.0
3,5,0.0,0.0,0.0,0.0,0.0,1.0,0.0,0.0
3,5,0.0,0.0,0.0,0.0,0.0,1.0,0.0,0.0
3,5,0.0,0.0,0.0,0.0,0.0,1.0,0.0,0.0
3,5,0.0,0.0,0.0,0.0,0.0,1.0,0.0,0.0
3,5,0.0,0.0,0.0,0.0,0.0,1.0,0.0,0.0
3,5,0.0,0.0,0.0,0.0,0.0,1.0,0.0,0.0
3,5,0.0,0.0,0.0,0.0,0.0,1.0,0.0,0.0
3,5,0.0,0.0,0.0,0.0,0.0,1.0,0.0,0.0
3,5,0.0,0.0,0.0,0.0,0.0,1.0,0.0,0.0
3,5,0.0,0.0,0.0,0.0,0.0,1.0,0.0,0.0
3,5,0.0,0.0,0.0,0.0,0.0,1.0,0.0,0.0
3,5,0.0,0.0,0.0,0.0,0.0,1.0,0.0,0.0
3,5,0.0,0.0,0.0,0.0,0.0,1.0,0.0,0.0
3,5,0.0,0.0,0.0,0.0,0.0,1.0,0.0,0.0
3,5,0.0,0.0,0.0,0.0,0.0,1.0,0.0,0.0
3,5,0.0,0.0,0.0,0.0,0.0,1.0,0.0,0.0
3,5,0.0,0.0,0.0,0.0,0.0,1.0,0.0,0.0
3,5,0.0,0.0,0.0,0.0,0.0,1.0,0.0,0.0
3,5,0.0,0.0,0.0,0.0,0.0,1.0,0.0,0.0
3,5,0.0,0.0,0.0,0.0,0.0,1.0,0.0,0.0
3,5,0.0,0.0,0.0,0.0,0.0,1.0,0.0,0.0
3,5,0.0,0.0,0.0,0.0,0.0,1.0,0.0,0.0
3,5,0.0,0.0,0.0,0.0,0.0,1.0,0.0,0.0
3,5,0.0,0.0,0.0,0.0,0.0,1.0,0.0,0.0
3,5,0.0,0.0,0.0,0.0,0.0,1.0,0.0,0.0
3,5,0.0,0.0,0.0,0.0,0.0,1.0,0.0,0.0
3,5,0.0,0.0,0.0,0.0,0.0,1.0,0.0,0.0
3,5,0.0,0.0,0.0,0.0,0.0,1.0,0.0,0.0
3,5,0.0,0.0,0.0,0.0,0.0,1.0,0.0,0.0
3,5,0.0,0.0,0.0,0.0,0.0,1.0,0.0,0.0
3,5,0.0,0.0,0.0,0.0,0.0,1.0,0.0,0.0
3,5,0.0,0.0,0.0,0.0,0.0,1.0,0.0,0.0
3,5,0.0,0.0,0.0,0.0,0.0,1.0,0.0,0.0
3,5,0.0,0.0,0.0,0.0,0.0,1.0,0.0,0.0
3,5,0.0,0.0,0.0,0.0,0.0,1.0,0.0,0.0
3,5,0.0,0.0,0.0,0.0,0.0,1.0,0.0,0.0
3,5,0.0,0.0,0.0,0.0,0.0,1.0,0.0,0.0
3,5,0.0,0.0,0.0,0.0,0.0,1.0,0.0,0.0
3,5,0.0,0.0,0.0,0.0,0.0,1.0,0.0,0.0
3,5,0.0,0.0,0.0,0.0,0.0,1.0,0.0,0.0
3,5,0.0,0.0,0.0,0.0,0.0,1.0,0.0,0.0
3,5,0.0,0.0,0.0,0.0,0.0,1.0,0.0,0.0
3,5,0.0,0.0,0.0,0.0,0.0,1.0,0.0,0.0
3,5,0.0,0.0,0.0,0.0,0.0,1.0,0.0,0.0
3,5,0.0,0.0,0.0,0.0,0.0,1.0,0.0,0.0
3,5,0.0,0.0,0.0,0.0,0.0,1.0,0.0,0.0
3,5,0.0,0.0,0.0,0.0,0.0,1.0,0.0,0.0
3,5,0.0,0.0,0.0,0.0,0.0,1.0,0.0,0.0
3,5,0.0,0.0,0.0,0.0,0.0,1.0,0.0,0.0
3,5,0.0,0.0,0.0,0.0,0.0,1.0,0.0,0.0
3,5,0.0,0.0,0.0,0.0,0.0,1.0,0.0,0.0
3,5,0.0,0.0,0.0,0.0,0.0,1.0,0.0,0.0
3,5,0.0,0.0,0.0,0.0,0.0,1.0,0.0,0.0
3,5,0.0,0.0,0.0,0.0,0.0,1.0,0.0,0.0
3,5,0.0,0.0,0.0,0.0,0.0,1.0,0.0,0.0
3,5,0.0,0.0,0.0,0.0,0.0,1.0,0.0,0.0
3,5,0.0,0.0,0.0,0.0,0.0,1.0,0.0,0.0
3,5,0.0,0.0,0.0,0.0,0.0,1.0,0.0,0.0
3,5,0.0,0.0,0.0,0.0,0.0,1.0,0.0,0.0
3,5,0.0,0.0,0.0,0.0,0.0,1.0,0.0,0.0
3,5,0.0,0.0,0.0,0.0,0.0,1.0,0.0,0.0
3,5,0.0,0.0,0.0,0.0,0.0,1.0,0.0,0.0
3,5,0.0,0.0,0.0,0.0,0.0,1.0,0.0,0.0
3,5,0.0,0.0,0.0,0.0,0.0,1.0,0.0,0.0
3,5,0.0,0.0,0.0,0.0,0.0,1.0,0.0,0.0
3,5,0.0,0.0,0.0,0.0,0.0,1.0,0.0,0.0
3,5,0.0,0.0,0.0,0.0,0.0,1.0,0.0,0.0
3,5,0.0,0.0,0.0,0.0,0.0,1.0,0.0,0.0
3,5,0.0,0.0,0.0,0.0,0.0,1.0,0.0,0.0
3,5,0.0,0.0,0.0,0.0,0.0,1.0,0.0,0.0
3,5,0.0,0.0,0.0,0.0,0.0,1.0,0.0,0.0
3,5,0.0,0.0,0.0,0.0,0.0,1.0,0.0,0.0
3,5,0.0,0.0,0.0,0.0,0.0,1.0,0.0,0.0
3,5,0.0,0.0,0.0,0.0,0.0,1.0,0.0,0.0
3,5,0.0,0.0,0.0,0.0,0.0,1.0,0.0,0.0
3,5,0.0,0.0,0.0,0.0,0.0,1.0,0.0,0.0
3,5,0.0,0.0,0.0,0.0,0.0,1.0,0.0,0.0
3,5,0.0,0.0,0.0,0.0,0.0,1.0,0.0,0.0
3,5,0.0,0.0,0.0,0.0,0.0,1.0,0.0,0.0
3,5,0.0,0.0,0.0,0.0,0.0,1.0,0.0,0.0
3,5,0.0,0.0,0.0,0.0,0.0,1.0,0.0,0.0
3,5,0.0,0.0,0.0,0.0,0.0,1.0,0.0,0.0
3,5,0.0,0.0,0.0,0.0,0.0,1.0,0.0,0.0
3,5,0.0,0.0,0.0,0.0,0.0,1.0,0.0,0.0
3,5,0.0,0.0,0.0,0.0,0.0,1.0,0.0,0.0
3,5,0.0,0.0,0.0,0.0,0.0,1.0,0.0,0.0
3,5,0.0,0.0,0.0,0.0,0.0,1.0,0.0,0.0
3,5,0.0,0.0,0.0,0.0,0.0,1.0,0.0,0.0
3,5,0.0,0.0,0.0,0.0,0.0,1.0,0.0,0.0
3,5,0.0,0.0,0.0,0.0,0.0,1.0,0.0,0.0
3,5,0.0,0.0,0.0,0.0,0.0,1.0,0.0,0.0
3,5,0.0,0.0,0.0,0.0,0.0,1.0,0.0,0.0
3,5,0.0,0.0,0.0,0.0,0.0,1.0,0.0,0.0
3,5,0.0,0.0,0.0,0.0,0.0,1.0,0.0,0.0
3,5,0.0,0.0,0.0,0.0,0.0,1.0,0.0,0.0
3,5,0.0,0.0,0.0,0.0,0.0,1.0,0.0,0.0
3,5,0.0,0.0,0.0,0.0,0.0,1.0,0.0,0.0
3,5,0.0,0.0,0.0,0.0,0.0,1.0,0.0,0.0
3,5,0.0,0.0,0.0,0.0,0.0,1.0,0.0,0.0
3,5,0.0,0.0,0.0,0.0,0.0,1.0,0.0,0.0
3,5,0.0,0.0,0.0,0.0,0.0,1.0,0.0,0.0
3,5,0.0,0.0,0.0,0.0,0.0,1.0,0.0,0.0
3,5,0.0,0.0,0.0,0.0,0.0,1.0,0.0,0.0
3,5,0.0,0.0,0.0,0.0,0.0,1.0,0.0,0.0
3,5,0.0,0.0,0.0,0.0,0.0,1.0,0.0,0.0
3,5,0.0,0.0,0.0,0.0,0.0,1.0,0.0,0.0
3,5,0.0,0.0,0.0,0.0,0.0,1.0,0.0,0.0
3,5,0.0,0.0,0.0,0.0,0.0,1.0,0.0,0.0
3,5,0.0,0.0,0.0,0.0,0.0,1.0,0.0,0.0
3,5,0.0,0.0,0.0,0.0,0.0,1.0,0.0,0.0
3,5,0.0,0.0,0.0,0.0,0.0,1.0,0.0,0.0
3,5,0.0,0.0,0.0,0.0,0.0,1.0,0.0,0.0
3,5,0.0,0.0,0.0,0.0,0.0,1.0,0.0,0.0
3,5,0.0,0.0,0.0,0.0,0.0,1.0,0.0,0.0
3,5,0.0,0.0,0.0,0.0,0.0,1.0,0.0,0.0
3,5,0.0,0.0,0.0,0.0,0.0,1.0,0.0,0.0
3,5,0.0,0.0,0.0,0.0,0.0,1.0,0.0,0.0
3,5,0.0,0.0,0.0,0.0,0.0,1.0,0.0,0.0
3,5,0.0,0.0,0.0,0.0,0.0,1.0,0.0,0.0
3,5,0.0,0.0,0.0,0.0,0.0,1.0,0.0,0.0
3,5,0.0,0.0,0.0,0.0,0.0,1.0,0.0,0.0
3,5,0.0,0.0,0.0,0.0,0.0,1.0,0.0,0.0
3,5,0.0,0.0,0.0,0.0,0.0,1.0,0.0,0.0
3,5,0.0,0.0,0.0,0.0,0.0,1.0,0.0,0.0
3,5,0.0,0.0,0.0,0.0,0.0,1.0,0.0,0.0
3,5,0.0,0.0,0.0,0.0,0.0,1.0,0.0,0.0
3,5,0.0,0.0,0.0,0.0,0.0,1.0,0.0,0.0
3,5,0.0,0.0,0.0,0.0,0.0,1.0,0.0,0.0
3,5,0.0,0.0,0.0,0.0,0.0,1.0,0.0,0.0
3,5,0.0,0.0,0.0,0.0,0.0,1.0,0.0,0.0
3,5,0.0,0.0,0.0,0.0,0.0,1.0,0.0,0.0
3,5,0.0,0.0,0.0,0.0,0.0,1.0,0.0,0.0
3,5,0.0,0.0,0.0,0.0,0.0,1.0,0.0,0.0
3,5,0.0,0.0,0.0,0.0,0.0,1.0,0.0,0.0
3,5,0.0,0.0,0.0,0.0,0.0,1.0,0.0,0.0
3,5,0.0,0.0,0.0,0.0,0.0,1.0,0.0,0.0
3,5,0.0,0.0,0.0,0.0,0.0,1.0,0.0,0.0
3,5,0.0,0.0,0.0,0.0,0.0,1.0,0.0,0.0
3,5,0.0,0.0,0.0,0.0,0.0,1.0,0.0,0.0
3,5,0.0,0.0,0.0,0.0,0.0,1.0,0.0,0.0
3,5,0.0,0.0,0.0,0.0,0.0,1.0,0.0,0.0
3,5,0.0,0.0,0.0,0.0,0.0,1.0,0.0,0.0
3,5,0.0,0.0,0.0,0.0,0.0,1.0,0.0,0.0
3,5,0.0,0.0,0.0,0.0,0.0,1.0,0.0,0.0
3,5,0.0,0.0,0.0,0.0,0.0,1.0,0.0,0.0
3,5,0.0,0.0,0.0,0.0,0.0,1.0,0.0,0.0
3,5,0.0,0.0,0.0,0.0,0.0,1.0,0.0,0.0
3,5,0.0,0.0,0.0,0.0,0.0,1.0,0.0,0.0
3,5,0.0,0.0,0.0,0.0,0.0,1.0,0.0,0.0
3,5,0.0,0.0,0.0,0.0,0.0,1.0,0.0,0.0
3,5,0.0,0.0,0.0,0.0,0.0,1.0,0.0,0.0
3,5,0.0,0.0,0.0,0.0,0.0,1.0,0.0,0.0
3,5,0.0,0.0,0.0,0.0,0.0,1.0,0.0,0.0
3,5,0.0,0.0,0.0,0.0,0.0,1.0,0.0,0.0
3,5,0.0,0.0,0.0,0.0,0.0,1.0,0.0,0.0
3,5,0.0,0.0,0.0,0.0,0.0,1.0,0.0,0.0
3,5,0.0,0.0,0.0,0.0,0.0,1.0,0.0,0.0
3,5,0.0,0.0,0.0,0.0,0.0,1.0,0.0,0.0
3,5,0.0,0.0,0.0,0.0,0.0,1.0,0.0,0.0
3,5,0.0,0.0,0.0,0.0,0.0,1.0,0.0,0.0
3,5,0.0,0.0,0.0,0.0,0.0,1.0,0.0,0.0
3,5,0.0,0.0,0.0,0.0,0.0,1.0,0.0,0.0
3,5,0.0,0.0,0.0,0.0,0.0,1.0,0.0,0.0
3,5,0.0,0.0,0.0,0.0,0.0,1.0,0.0,0.0
3,5,0.0,0.0,0.0,0.0,0.0,1.0,0.0,0.0
3,5,0.0,0.0,0.0,0.0,0.0,1.0,0.0,0.0
3,5,0.0,0.0,0.0,0.0,0.0,1.0,0.0,0.0
3,5,0.0,0.0,0.0,0.0,0.0,1.0,0.0,0.0
3,5,0.0,0.0,0.0,0.0,0.0,1.0,0.0,0.0
3,5,0.0,0.0,0.0,0.0,0.0,1.0,0.0,0.0
3,5,0.0,0.0,0.0,0.0,0.0,1.0,0.0,0.0
3,5,0.0,0.0,0.0,0.0,0.0,1.0,0.0,0.0
3,5,0.0,0.0,0.0,0.0,0.0,1.0,0.0,0.0
3,5,0.0,0.0,0.0,0.0,0.0,1.0,0.0,0.0
3,5,0.0,0.0,0.0,0.0,0.0,1.0,0.0,0.0
3,5,0.0,0.0,0.0,0.0,0.0,1.0,0.0,0.0
3,5,0.0,0.0,0.0,0.0,0.0,1.0,0.0,0.0
3,5,0.0,0.0,0.0,0.0,0.0,1.0,0.0,0.0
3,5,0.0,0.0,0.0,0.0,0.0,1.0,0.0,0.0
3,5,0.0,0.0,0.0,0.0,0.0,1.0,0.0,0.0
3,5,0.0,0.0,0.0,0.0,0.0,1.0,0.0,0.0
3,5,0.0,0.0,0.0,0.0,0.0,1.0,0.0,0.0
3,5,0.0,0.0,0.0,0.0,0.0,1.0,0.0,0.0
3,5,0.0,0.0,0.0,0.0,0.0,1.0,0.0,0.0
3,5,0.0,0.0,0.0,0.0,0.0,1.0,0.0,0.0
3,5,0.0,0.0,0.0,0.0,0.0,1.0,0.0,0.0
3,5,0.0,0.0,0.0,0.0,0.0,1.0,0.0,0.0
3,5,0.0,0.0,0.0,0.0,0.0,1.0,0.0,0.0
3,5,0.0,0.0,0.0,0.0,0.0,1.0,0.0,0.0
3,5,0.0,0.0,0.0,0.0,0.0,1.0,0.0,0.0
3,5,0.0,0.0,0.0,0.0,0.0,1.0,0.0,0.0
3,5,0.0,0.0,0.0,0.0,0.0,1.0,0.0,0.0
3,5,0.0,0.0,0.0,0.0,0.0,1.0,0.0,0.0
3,5,0.0,0.0,0.0,0.0,0.0,1.0,0.0,0.0
3,5,0.0,0.0,0.0,0.0,0.0,1.0,0.0,0.0
3,5,0.0,0.0,0.0,0.0,0.0,1.0,0.0,0.0
3,5,0.0,0.0,0.0,0.0,0.0,1.0,0.0,0.0
3,5,0.0,0.0,0.0,0.0,0.0,1.0,0.0,0.0
3,5,0.0,0.0,0.0,0.0,0.0,1.0,0.0,0.0
3,5,0.0,0.0,0.0,0.0,0.0,1.0,0.0,0.0
3,5,0.0,0.0,0.0,0.0,0.0,1.0,0.0,0.0
3,5,0.0,0.0,0.0,0.0,0.0,1.0,0.0,0.0
3,5,0.0,0.0,0.0,0.0,0.0,1.0,0.0,0.0
3,5,0.0,0.0,0.0,0.0,0.0,1.0,0.0,0.0
3,5,0.0,0.0,0.0,0.0,0.0,1.0,0.0,0.0
3,5,0.0,0.0,0.0,0.0,0.0,1.0,0.0,0.0
3,5,0.0,0.0,0.0,0.0,0.0,1.0,0.0,0.0
3,5,0.0,0.0,0.0,0.0,0.0,1.0,0.0,0.0
3,5,0.0,0.0,0.0,0.0,0.0,1.0,0.0,0.0
3,5,0.0,0.0,0.0,0.0,0.0,1.0,0.0,0.0
3,5,0.0,0.0,0.0,0.0,0.0,1.0,0.0,0.0
3,5,0.0,0.0,0.0,0.0,0.0,1.0,0.0,0.0
3,5,0.0,0.0,0.0,0.0,0.0,1.0,0.0,0.0
3,5,0.0,0.0,0.0,0.0,0.0,1.0,0.0,0.0
3,5,0.0,0.0,0.0,0.0,0.0,1.0,0.0,0.0
3,5,0.0,0.0,0.0,0.0,0.0,1.0,0.0,0.0
3,5,0.0,0.0,0.0,0.0,0.0,1.0,0.0,0.0
3,5,0.0,0.0,0.0,0.0,0.0,1.0,0.0,0.0
3,5,0.0,0.0,0.0,0.0,0.0,1.0,0.0,0.0
3,5,0.0,0.0,0.0,0.0,0.0,1.0,0.0,0.0
3,5,0.0,0.0,0.0,0.0,0.0,1.0,0.0,0.0
3,5,0.0,0.0,0.0,0.0,0.0,1.0,0.0,0.0
3,5,0.0,0.0,0.0,0.0,0.0,1.0,0.0,0.0
3,5,0.0,0.0,0.0,0.0,0.0,1.0,0.0,0.0
3,5,0.0,0.0,0.0,0.0,0.0,1.0,0.0,0.0
3,5,0.0,0.0,0.0,0.0,0.0,1.0,0.0,0.0
3,5,0.0,0.0,0.0,0.0,0.0,1.0,0.0,0.0
3,5,0.0,0.0,0.0,0.0,0.0,1.0,0.0,0.0
3,5,0.0,0.0,0.0,0.0,0.0,1.0,0.0,0.0
3,5,0.0,0.0,0.0,0.0,0.0,1.0,0.0,0.0
3,5,0.0,0.0,0.0,0.0,0.0,1.0,0.0,0.0
3,5,0.0,0.0,0.0,0.0,0.0,1.0,0.0,0.0
3,5,0.0,0.0,0.0,0.0,0.0,1.0,0.0,0.0
3,5,0.0,0.0,0.0,0.0,0.0,1.0,0.0,0.0
3,5,0.0,0.0,0.0,0.0,0.0,1.0,0.0,0.0
3,5,0.0,0.0,0.0,0.0,0.0,1.0,0.0,0.0
3,5,0.0,0.0,0.0,0.0,0.0,1.0,0.0,0.0
3,5,0.0,0.0,0.0,0.0,0.0,1.0,0.0,0.0
3,5,0.0,0.0,0.0,0.0,0.0,1.0,0.0,0.0
3,5,0.0,0.0,0.0,0.0,0.0,1.0,0.0,0.0
3,5,0.0,0.0,0.0,0.0,0.0,1.0,0.0,0.0
3,5,0.0,0.0,0.0,0.0,0.0,1.0,0.0,0.0
3,5,0.0,0.0,0.0,0.0,0.0,1.0,0.0,0.0
3,5,0.0,0.0,0.0,0.0,0.0,1.0,0.0,0.0
3,5,0.0,0.0,0.0,0.0,0.0,1.0,0.0,0.0
3,5,0.0,0.0,0.0,0.0,0.0,1.0,0.0,0.0
3,5,0.0,0.0,0.0,0.0,0.0,1.0,0.0,0.0
3,5,0.0,0.0,0.0,0.0,0.0,1.0,0.0,0.0
3,5,0.0,0.0,0.0,0.0,0.0,1.0,0.0,0.0
3,5,0.0,0.0,0.0,0.0,0.0,1.0,0.0,0.0
3,5,0.0,0.0,0.0,0.0,0.0,1.0,0.0,0.0
3,5,0.0,0.0,0.0,0.0,0.0,1.0,0.0,0.0
3,5,0.0,0.0,0.0,0.0,0.0,1.0,0.0,0.0
3,5,0.0,0.0,0.0,0.0,0.0,1.0,0.0,0.0
3,5,0.0,0.0,0.0,0.0,0.0,1.0,0.0,0.0
3,5,0.0,0.0,0.0,0.0,0.0,1.0,0.0,0.0
3,5,0.0,0.0,0.0,0.0,0.0,1.0,0.0,0.0
3,5,0.0,0.0,0.0,0.0,0.0,1.0,0.0,0.0
3,5,0.0,0.0,0.0,0.0,0.0,1.0,0.0,0.0
3,5,0.0,0.0,0.0,0.0,0.0,1.0,0.0,0.0
3,5,0.0,0.0,0.0,0.0,0.0,1.0,0.0,0.0
3,5,0.0,0.0,0.0,0.0,0.0,1.0,0.0,0.0
3,5,0.0,0.0,0.0,0.0,0.0,1.0,0.0,0.0
3,5,0.0,0.0,0.0,0.0,0.0,1.0,0.0,0.0
3,5,0.0,0.0,0.0,0.0,0.0,1.0,0.0,0.0
3,5,0.0,0.0,0.0,0.0,0.0,1.0,0.0,0.0
3,5,0.0,0.0,0.0,0.0,0.0,1.0,0.0,0.0
3,5,0.0,0.0,0.0,0.0,0.0,1.0,0.0,0.0
3,5,0.0,0.0,0.0,0.0,0.0,1.0,0.0,0.0
3,5,0.0,0.0,0.0,0.0,0.0,1.0,0.0,0.0
3,5,0.0,0.0,0.0,0.0,0.0,1.0,0.0,0.0
3,5,0.0,0.0,0.0,0.0,0.0,1.0,0.0,0.0
3,5,0.0,0.0,0.0,0.0,0.0,1.0,0.0,0.0
3,5,0.0,0.0,0.0,0.0,0.0,1.0,0.0,0.0
3,5,0.0,0.0,0.0,0.0,0.0,1.0,0.0,0.0
3,5,0.0,0.0,0.0,0.0,0.0,1.0,0.0,0.0
3,5,0.0,0.0,0.0,0.0,0.0,1.0,0.0,0.0
3,5,0.0,0.0,0.0,0.0,0.0,1.0,0.0,0.0
3,5,0.0,0.0,0.0,0.0,0.0,1.0,0.0,0.0
3,5,0.0,0.0,0.0,0.0,0.0,1.0,0.0,0.0
3,5,0.0,0.0,0.0,0.0,0.0,1.0,0.0,0.0
3,5,0.0,0.0,0.0,0.0,0.0,1.0,0.0,0.0
3,5,0.0,0.0,0.0,0.0,0.0,1.0,0.0,0.0
3,5,0.0,0.0,0.0,0.0,0.0,1.0,0.0,0.0
3,5,0.0,0.0,0.0,0.0,0.0,1.0,0.0,0.0
3,5,0.0,0.0,0.0,0.0,0.0,1.0,0.0,0.0
3,5,0.0,0.0,0.0,0.0,0.0,1.0,0.0,0.0
3,5,0.0,0.0,0.0,0.0,0.0,1.0,0.0,0.0
3,5,0.0,0.0,0.0,0.0,0.0,1.0,0.0,0.0
3,5,0.0,0.0,0.0,0.0,0.0,1.0,0.0,0.0
3,5,0.0,0.0,0.0,0.0,0.0,1.0,0.0,0.0
3,5,0.0,0.0,0.0,0.0,0.0,1.0,0.0,0.0
3,5,0.0,0.0,0.0,0.0,0.0,1.0,0.0,0.0
3,5,0.0,0.0,0.0,0.0,0.0,1.0,0.0,0.0
3,5,0.0,0.0,0.0,0.0,0.0,1.0,0.0,0.0
3,5,0.0,0.0,0.0,0.0,0.0,1.0,0.0,0.0
3,5,0.0,0.0,0.0,0.0,0.0,1.0,0.0,0.0
3,5,0.0,0.0,0.0,0.0,0.0,1.0,0.0,0.0
3,5,0.0,0.0,0.0,0.0,0.0,1.0,0.0,0.0
3,5,0.0,0.0,0.0,0.0,0.0,1.0,0.0,0.0
3,5,0.0,0.0,0.0,0.0,0.0,1.0,0.0,0.0
3,5,0.0,0.0,0.0,0.0,0.0,1.0,0.0,0.0
3,5,0.0,0.0,0.0,0.0,0.0,1.0,0.0,0.0
3,5,0.0,0.0,0.0,0.0,0.0,1.0,0.0,0.0
3,5,0.0,0.0,0.0,0.0,0.0,1.0,0.0,0.0
3,5,0.0,0.0,0.0,0.0,0.0,1.0,0.0,0.0
3,5,0.0,0.0,0.0,0.0,0.0,1.0,0.0,0.0
3,5,0.0,0.0,0.0,0.0,0.0,1.0,0.0,0.0
3,5,0.0,0.0,0.0,0.0,0.0,1.0,0.0,0.0
3,5,0.0,0.0,0.0,0.0,0.0,1.0,0.0,0.0
3,5,0.0,0.0,0.0,0.0,0.0,1.0,0.0,0.0
3,5,0.0,0.0,0.0,0.0,0.0,1.0,0.0,0.0
3,5,0.0,0.0,0.0,0.0,0.0,1.0,0.0,0.0
3,5,0.0,0.0,0.0,0.0,0.0,1.0,0.0,0.0
3,5,0.0,0.0,0.0,0.0,0.0,1.0,0.0,0.0
3,5,0.0,0.0,0.0,0.0,0.0,1.0,0.0,0.0
3,5,0.0,0.0,0.0,0.0,0.0,1.0,0.0,0.0
3,5,0.0,0.0,0.0,0.0,0.0,1.0,0.0,0.0
3,5,0.0,0.0,0.0,0.0,0.0,1.0,0.0,0.0
3,5,0.0,0.0,0.0,0.0,0.0,1.0,0.0,0.0
3,5,0.0,0.0,0.0,0.0,0.0,1.0,0.0,0.0
3,5,0.0,0.0,0.0,0.0,0.0,1.0,0.0,0.0
3,5,0.0,0.0,0.0,0.0,0.0,1.0,0.0,0.0
3,5,0.0,0.0,0.0,0.0,0.0,1.0,0.0,0.0
3,5,0.0,0.0,0.0,0.0,0.0,1.0,0.0,0.0
3,5,0.0,0.0,0.0,0.0,0.0,1.0,0.0,0.0
3,5,0.0,0.0,0.0,0.0,0.0,1.0,0.0,0.0
3,5,0.0,0.0,0.0,0.0,0.0,1.0,0.0,0.0
3,5,0.0,0.0,0.0,0.0,0.0,1.0,0.0,0.0
3,5,0.0,0.0,0.0,0.0,0.0,1.0,0.0,0.0
3,5,0.0,0.0,0.0,0.0,0.0,1.0,0.0,0.0
3,5,0.0,0.0,0.0,0.0,0.0,1.0,0.0,0.0
3,5,0.0,0.0,0.0,0.0,0.0,1.0,0.0,0.0
3,5,0.0,0.0,0.0,0.0,0.0,1.0,0.0,0.0
3,5,0.0,0.0,0.0,0.0,0.0,1.0,0.0,0.0
3,5,0.0,0.0,0.0,0.0,0.0,1.0,0.0,0.0
3,5,0.0,0.0,0.0,0.0,0.0,1.0,0.0,0.0
3,5,0.0,0.0,0.0,0.0,0.0,1.0,0.0,0.0
3,5,0.0,0.0,0.0,0.0,0.0,1.0,0.0,0.0
3,5,0.0,0.0,0.0,0.0,0.0,1.0,0.0,0.0
3,5,0.0,0.0,0.0,0.0,0.0,1.0,0.0,0.0
3,5,0.0,0.0,0.0,0.0,0.0,1.0,0.0,0.0
3,5,0.0,0.0,0.0,0.0,0.0,1.0,0.0,0.0
3,5,0.0,0.0,0.0,0.0,0.0,1.0,0.0,0.0
3,5,0.0,0.0,0.0,0.0,0.0,1.0,0.0,0.0
3,5,0.0,0.0,0.0,0.0,0.0,1.0,0.0,0.0
3,5,0.0,0.0,0.0,0.0,0.0,1.0,0.0,0.0
3,5,0.0,0.0,0.0,0.0,0.0,1.0,0.0,0.0
3,5,0.0,0.0,0.0,0.0,0.0,1.0,0.0,0.0
3,5,0.0,0.0,0.0,0.0,0.0,1.0,0.0,0.0
3,5,0.0,0.0,0.0,0.0,0.0,1.0,0.0,0.0
3,5,0.0,0.0,0.0,0.0,0.0,1.0,0.0,0.0
3,5,0.0,0.0,0.0,0.0,0.0,1.0,0.0,0.0
3,5,0.0,0.0,0.0,0.0,0.0,1.0,0.0,0.0
3,5,0.0,0.0,0.0,0.0,0.0,1.0,0.0,0.0
3,5,0.0,0.0,0.0,0.0,0.0,1.0,0.0,0.0
3,5,0.0,0.0,0.0,0.0,0.0,1.0,0.0,0.0
3,5,0.0,0.0,0.0,0.0,0.0,1.0,0.0,0.0
3,5,0.0,0.0,0.0,0.0,0.0,1.0,0.0,0.0
3,5,0.0,0.0,0.0,0.0,0.0,1.0,0.0,0.0
3,5,0.0,0.0,0.0,0.0,0.0,1.0,0.0,0.0
3,5,0.0,0.0,0.0,0.0,0.0,1.0,0.0,0.0
3,5,0.0,0.0,0.0,0.0,0.0,1.0,0.0,0.0
3,5,0.0,0.0,0.0,0.0,0.0,1.0,0.0,0.0
3,5,0.0,0.0,0.0,0.0,0.0,1.0,0.0,0.0
3,5,0.0,0.0,0.0,0.0,0.0,1.0,0.0,0.0
3,5,0.0,0.0,0.0,0.0,0.0,1.0,0.0,0.0
3,5,0.0,0.0,0.0,0.0,0.0,1.0,0.0,0.0
3,5,0.0,0.0,0.0,0.0,0.0,1.0,0.0,0.0
3,5,0.0,0.0,0.0,0.0,0.0,1.0,0.0,0.0
3,5,0.0,0.0,0.0,0.0,0.0,1.0,0.0,0.0
3,5,0.0,0.0,0.0,0.0,0.0,1.0,0.0,0.0
3,5,0.0,0.0,0.0,0.0,0.0,1.0,0.0,0.0
3,5,0.0,0.0,0.0,0.0,0.0,1.0,0.0,0.0
3,5,0.0,0.0,0.0,0.0,0.0,1.0,0.0,0.0
3,5,0.0,0.0,0.0,0.0,0.0,1.0,0.0,0.0
3,5,0.0,0.0,0.0,0.0,0.0,1.0,0.0,0.0
3,5,0.0,0.0,0.0,0.0,0.0,1.0,0.0,0.0
3,5,0.0,0.0,0.0,0.0,0.0,1.0,0.0,0.0
3,5,0.0,0.0,0.0,0.0,0.0,1.0,0.0,0.0
3,5,0.0,0.0,0.0,0.0,0.0,1.0,0.0,0.0
3,5,0.0,0.0,0.0,0.0,0.0,1.0,0.0,0.0
3,5,0.0,0.0,0.0,0.0,0.0,1.0,0.0,0.0
3,5,0.0,0.0,0.0,0.0,0.0,1.0,0.0,0.0
3,5,0.0,0.0,0.0,0.0,0.0,1.0,0.0,0.0
3,5,0.0,0.0,0.0,0.0,0.0,1.0,0.0,0.0
3,5,0.0,0.0,0.0,0.0,0.0,1.0,0.0,0.0
3,5,0.0,0.0,0.0,0.0,0.0,1.0,0.0,0.0
3,5,0.0,0.0,0.0,0.0,0.0,1.0,0.0,0.0
3,5,0.0,0.0,0.0,0.0,0.0,1.0,0.0,0.0
3,5,0.0,0.0,0.0,0.0,0.0,1.0,0.0,0.0
3,5,0.0,0.0,0.0,0.0,0.0,1.0,0.0,0.0
3,5,0.0,0.0,0.0,0.0,0.0,1.0,0.0,0.0
3,5,0.0,0.0,0.0,0.0,0.0,1.0,0.0,0.0
3,5,0.0,0.0,0.0,0.0,0.0,1.0,0.0,0.0
3,5,0.0,0.0,0.0,0.0,0.0,1.0,0.0,0.0
3,5,0.0,0.0,0.0,0.0,0.0,1.0,0.0,0.0
3,5,0.0,0.0,0.0,0.0,0.0,1.0,0.0,0.0
3,5,0.0,0.0,0.0,0.0,0.0,1.0,0.0,0.0
3,5,0.0,0.0,0.0,0.0,0.0,1.0,0.0,0.0
3,5,0.0,0.0,0.0,0.0,0.0,1.0,0.0,0.0
3,5,0.0,0.0,0.0,0.0,0.0,1.0,0.0,0.0
3,5,0.0,0.0,0.0,0.0,0.0,1.0,0.0,0.0
3,5,0.0,0.0,0.0,0.0,0.0,1.0,0.0,0.0
3,5,0.0,0.0,0.0,0.0,0.0,1.0,0.0,0.0
3,5,0.0,0.0,0.0,0.0,0.0,1.0,0.0,0.0
3,5,0.0,0.0,0.0,0.0,0.0,1.0,0.0,0.0
3,5,0.0,0.0,0.0,0.0,0.0,1.0,0.0,0.0
3,5,0.0,0.0,0.0,0.0,0.0,1.0,0.0,0.0
3,5,0.0,0.0,0.0,0.0,0.0,1.0,0.0,0.0
3,5,0.0,0.0,0.0,0.0,0.0,1.0,0.0,0.0
3,5,0.0,0.0,0.0,0.0,0.0,1.0,0.0,0.0
3,5,0.0,0.0,0.0,0.0,0.0,1.0,0.0,0.0
3,5,0.0,0.0,0.0,0.0,0.0,1.0,0.0,0.0
3,5,0.0,0.0,0.0,0.0,0.0,1.0,0.0,0.0
3,5,0.0,0.0,0.0,0.0,0.0,1.0,0.0,0.0
3,5,0.0,0.0,0.0,0.0,0.0,1.0,0.0,0.0
3,5,0.0,0.0,0.0,0.0,0.0,1.0,0.0,0.0
3,5,0.0,0.0,0.0,0.0,0.0,1.0,0.0,0.0
3,5,0.0,0.0,0.0,0.0,0.0,1.0,0.0,0.0
3,5,0.0,0.0,0.0,0.0,0.0,1.0,0.0,0.0
3,5,0.0,0.0,0.0,0.0,0.0,1.0,0.0,0.0
3,5,0.0,0.0,0.0,0.0,0.0,1.0,0.0,0.0
3,5,0.0,0.0,0.0,0.0,0.0,1.0,0.0,0.0
3,5,0.0,0.0,0.0,0.0,0.0,1.0,0.0,0.0
3,5,0.0,0.0,0.0,0.0,0.0,1.0,0.0,0.0
3,5,0.0,0.0,0.0,0.0,0.0,1.0,0.0,0.0
3,5,0.0,0.0,0.0,0.0,0.0,1.0,0.0,0.0
3,5,0.0,0.0,0.0,0.0,0.0,1.0,0.0,0.0
3,5,0.0,0.0,0.0,0.0,0.0,1.0,0.0,0.0
3,5,0.0,0.0,0.0,0.0,0.0,1.0,0.0,0.0
3,5,0.0,0.0,0.0,0.0,0.0,1.0,0.0,0.0
3,5,0.0,0.0,0.0,0.0,0.0,1.0,0.0,0.0
3,5,0.0,0.0,0.0,0.0,0.0,1.0,0.0,0.0
3,5,0.0,0.0,0.0,0.0,0.0,1.0,0.0,0.0
3,5,0.0,0.0,0.0,0.0,0.0,1.0,0.0,0.0
3,5,0.0,0.0,0.0,0.0,0.0,1.0,0.0,0.0
3,5,0.0,0.0,0.0,0.0,0.0,1.0,0.0,0.0
3,5,0.0,0.0,0.0,0.0,0.0,1.0,0.0,0.0
3,5,0.0,0.0,0.0,0.0,0.0,1.0,0.0,0.0
3,5,0.0,0.0,0.0,0.0,0.0,1.0,0.0,0.0
3,5,0.0,0.0,0.0,0.0,0.0,1.0,0.0,0.0
3,5,0.0,0.0,0.0,0.0,0.0,1.0,0.0,0.0
3,5,0.0,0.0,0.0,0.0,0.0,1.0,0.0,0.0
3,5,0.0,0.0,0.0,0.0,0.0,1.0,0.0,0.0
3,5,0.0,0.0,0.0,0.0,0.0,1.0,0.0,0.0
3,5,0.0,0.0,0.0,0.0,0.0,1.0,0.0,0.0
3,5,0.0,0.0,0.0,0.0,0.0,1.0,0.0,0.0
3,5,0.0,0.0,0.0,0.0,0.0,1.0,0.0,0.0
3,5,0.0,0.0,0.0,0.0,0.0,1.0,0.0,0.0
3,5,0.0,0.0,0.0,0.0,0.0,1.0,0.0,0.0
3,5,0.0,0.0,0.0,0.0,0.0,1.0,0.0,0.0
3,5,0.0,0.0,0.0,0.0,0.0,1.0,0.0,0.0
3,5,0.0,0.0,0.0,0.0,0.0,1.0,0.0,0.0
3,5,0.0,0.0,0.0,0.0,0.0,1.0,0.0,0.0
3,5,0.0,0.0,0.0,0.0,0.0,1.0,0.0,0.0
3,5,0.0,0.0,0.0,0.0,0.0,1.0,0.0,0.0
3,5,0.0,0.0,0.0,0.0,0.0,1.0,0.0,0.0
3,5,0.0,0.0,0.0,0.0,0.0,1.0,0.0,0.0
3,5,0.0,0.0,0.0,0.0,0.0,1.0,0.0,0.0
3,5,0.0,0.0,0.0,0.0,0.0,1.0,0.0,0.0
3,5,0.015625,0.0,0.0,0.0,0.0,0.984375,0.0,0.0
3,5,0.015625,0.0,0.0,0.0,0.0,0.984375,0.0,0.0
3,5,0.015625,0.0,0.0,0.0,0.0,0.984375,0.0,0.0
3,5,0.015625,0.0,0.0,0.0,0.0,0.984375,0.0,0.0
3,5,0.015625,0.0,0.0,0.0,0.0,0.984375,0.0,0.0
3,5,0.015625,0.0,0.0,0.0,0.0,0.984375,0.0,0.0
3,5,0.015625,0.0,0.0,0.0,0.0,0.984375,0.0,0.0
3,5,0.015625,0.0,0.0,0.0,0.0,0.984375,0.0,0.0
3,5,0.015625,0.0,0.0,0.0,0.0,0.984375,0.0,0.0
3,5,0.015625,0.0,0.0,0.0,0.0,0.984375,0.0,0.0
3,5,0.015625,0.0,0.0,0.0,0.0,0.984375,0.0,0.0
3,5,0.015625,0.0,0.0,0.0,0.0,0.984375,0.0,0.0
3,5,0.015625,0.0,0.0,0.0,0.0,0.984375,0.0,0.0
3,5,0.015625,0.0,0.0,0.0,0.0,0.984375,0.0,0.0
3,5,0.015625,0.0,0.0,0.0,0.0,0.984375,0.0,0.0
3,5,0.015625,0.0,0.0,0.0,0.0,0.984375,0.0,0.0
3,5,0.015625,0.0,0.0,0.0,0.0,0.984375,0.0,0.0
3,5,0.015625,0.0,0.0,0.0,0.0,0.984375,0.0,0.0
3,5,0.015625,0.0,0.0,0.0,0.0,0.984375,0.0,0.0
3,5,0.015625,0.0,0.0,0.0,0.0,0.984375,0.0,0.0
3,5,0.015625,0.0,0.0,0.0,0.0,0.984375,0.0,0.0
3,5,0.015625,0.0,0.0,0.0,0.0,0.984375,0.0,0.0
3,5,0.015625,0.0,0.0,0.0,0.0,0.984375,0.0,0.0
3,5,0.015625,0.0,0.0,0.0,0.0,0.984375,0.0,0.0
3,5,0.015625,0.0,0.0,0.0,0.0,0.984375,0.0,0.0
3,5,0.015625,0.0,0.0,0.0,0.0,0.984375,0.0,0.0
3,5,0.015625,0.0,0.0,0.0,0.0,0.984375,0.0,0.0
3,5,0.015625,0.0,0.0,0.0,0.0,0.984375,0.0,0.0
3,5,0.015625,0.0,0.0,0.0,0.0,0.984375,0.0,0.0
3,5,0.015625,0.0,0.0,0.0,0.0,0.984375,0.0,0.0
3,5,0.015625,0.0,0.0,0.0,0.0,0.984375,0.0,0.0
3,5,0.015625,0.0,0.0,0.0,0.0,0.984375,0.0,0.0
3,5,0.015625,0.0,0.0,0.0,0.0,0.984375,0.0,0.0
3,5,0.015625,0.0,0.0,0.0,0.0,0.984375,0.0,0.0
3,5,0.015625,0.0,0.0,0.0,0.0,0.984375,0.0,0.0
3,5,0.015625,0.0,0.0,0.0,0.0,0.984375,0.0,0.0
3,5,0.015625,0.0,0.0,0.0,0.0,0.984375,0.0,0.0
3,5,0.015625,0.0,0.0,0.0,0.0,0.984375,0.0,0.0
3,5,0.015625,0.0,0.0,0.0,0.0,0.984375,0.0,0.0
3,5,0.015625,0.0,0.0,0.0,0.0,0.984375,0.0,0.0
3,5,0.015625,0.0,0.0,0.0,0.0,0.984375,0.0,0.0
3,5,0.015625,0.0,0.0,0.0,0.0,0.984375,0.0,0.0
3,5,0.015625,0.0,0.0,0.0,0.0,0.984375,0.0,0.0
3,5,0.015625,0.0,0.0,0.0,0.0,0.984375,0.0,0.0
3,5,0.015625,0.0,0.0,0.0,0.0,0.984375,0.0,0.0
3,5,0.015625,0.0,0.0,0.0,0.0,0.984375,0.0,0.0
3,5,0.015625,0.0,0.0,0.0,0.0,0.984375,0.0,0.0
3,5,0.015625,0.0,0.0,0.0,0.0,0.984375,0.0,0.0
3,5,0.015625,0.0,0.0,0.0,0.0,0.984375,0.0,0.0
3,5,0.015625,0.0,0.0,0.0,0.0,0.984375,0.0,0.0
3,5,0.015625,0.0,0.0,0.0,0.0,0.984375,0.0,0.0
3,5,0.015625,0.0,0.0,0.0,0.0,0.984375,0.0,0.0
3,5,0.015625,0.0,0.0,0.0,0.0,0.984375,0.0,0.0
3,5,0.015625,0.0,0.0,0.0,0.0,0.984375,0.0,0.0
3,5,0.015625,0.0,0.0,0.0,0.0,0.984375,0.0,0.0
3,5,0.015873017,0.0,0.0,0.0,0.0,0.984127,0.0,0.0
3,5,0.015873017,0.0,0.0,0.0,0.0,0.984127,0.0,0.0
3,5,0.015873017,0.0,0.0,0.0,0.0,0.984127,0.0,0.0
3,5,0.015873017,0.0,0.0,0.0,0.0,0.984127,0.0,0.0
3,5,0.015873017,0.0,0.0,0.0,0.0,0.984127,0.0,0.0
3,5,0.015873017,0.0,0.0,0.0,0.0,0.984127,0.0,0.0
3,5,0.015873017,0.0,0.0,0.0,0.0,0.984127,0.0,0.0
3,5,0.015873017,0.0,0.0,0.0,0.0,0.984127,0.0,0.0
3,5,0.015873017,0.0,0.0,0.0,0.0,0.984127,0.0,0.0
3,5,0.015873017,0.0,0.0,0.0,0.0,0.984127,0.0,0.0
3,5,0.015873017,0.0,0.0,0.0,0.0,0.984127,0.0,0.0
3,5,0.015873017,0.0,0.0,0.0,0.0,0.984127,0.0,0.0
3,5,0.015873017,0.0,0.0,0.0,0.0,0.984127,0.0,0.0
3,5,0.015873017,0.0,0.0,0.0,0.0,0.984127,0.0,0.0
3,5,0.015873017,0.0,0.0,0.0,0.0,0.984127,0.0,0.0
3,5,0.015873017,0.0,0.0,0.0,0.0,0.984127,0.0,0.0
3,5,0.015873017,0.0,0.0,0.0,0.0,0.984127,0.0,0.0
3,5,0.015873017,0.0,0.0,0.0,0.0,0.984127,0.0,0.0
3,5,0.015873017,0.0,0.0,0.0,0.0,0.984127,0.0,0.0
3,5,0.015873017,0.0,0.0,0.0,0.0,0.984127,0.0,0.0
3,5,0.015873017,0.0,0.0,0.0,0.0,0.984127,0.0,0.0
3,5,0.015873017,0.0,0.0,0.0,0.0,0.984127,0.0,0.0
3,5,0.015873017,0.0,0.0,0.0,0.0,0.984127,0.0,0.0
3,5,0.015873017,0.0,0.0,0.0,0.0,0.984127,0.0,0.0
3,5,0.015873017,0.0,0.0,0.0,0.0,0.984127,0.0,0.0
3,5,0.015873017,0.0,0.0,0.0,0.0,0.984127,0.0,0.0
3,5,0.015873017,0.0,0.0,0.0,0.0,0.984127,0.0,0.0
3,5,0.015873017,0.0,0.0,0.0,0.0,0.984127,0.0,0.0
3,5,0.015873017,0.0,0.0,0.0,0.0,0.984127,0.0,0.0
3,5,0.015873017,0.0,0.0,0.0,0.0,0.984127,0.0,0.0
3,5,0.015873017,0.0,0.0,0.0,0.0,0.984127,0.0,0.0
3,5,0.015873017,0.0,0.0,0.0,0.0,0.984127,0.0,0.0
3,5,0.015873017,0.0,0.0,0.0,0.0,0.984127,0.0,0.0
3,5,0.015873017,0.0,0.0,0.0,0.0,0.984127,0.0,0.0
3,5,0.015873017,0.0,0.0,0.0,0.0,0.984127,0.0,0.0
3,5,0.016129032,0.0,0.0,0.0,0.0,0.983871,0.0,0.0
3,5,0.016129032,0.0,0.0,0.0,0.0,0.983871,0.0,0.0
3,5,0.016129032,0.0,0.0,0.0,0.0,0.983871,0.0,0.0
3,5,0.016393442,0.0,0.0,0.0,0.0,0.9836066,0.0,0.0
3,5,0.016393442,0.0,0.0,0.0,0.0,0.9836066,0.0,0.0
3,5,0.016393442,0.0,0.0,0.0,0.0,0.9836066,0.0,0.0
3,5,0.016666668,0.0,0.0,0.0,0.0,0.96666664,0.016666668,0.0
3,5,0.016666668,0.0,0.0,0.0,0.0,0.96666664,0.016666668,0.0
3,5,0.016666668,0.0,0.0,0.0,0.0,0.96666664,0.016666668,0.0
3,5,0.016666668,0.0,0.0,0.0,0.0,0.96666664,0.016666668,0.0
3,5,0.016666668,0.0,0.0,0.0,0.0,0.96666664,0.016666668,0.0
3,5,0.016666668,0.0,0.0,0.0,0.0,0.96666664,0.016666668,0.0
3,5,0.016666668,0.0,0.0,0.0,0.0,0.96666664,0.016666668,0.0
3,5,0.016666668,0.0,0.0,0.0,0.0,0.96666664,0.016666668,0.0
3,5,0.016666668,0.0,0.0,0.0,0.0,0.96666664,0.016666668,0.0
3,5,0.016666668,0.0,0.0,0.0,0.0,0.96666664,0.016666668,0.0
3,5,0.016666668,0.0,0.0,0.0,0.0,0.96666664,0.016666668,0.0
3,5,0.016666668,0.0,0.0,0.0,0.0,0.96666664,0.016666668,0.0
3,5,0.016666668,0.0,0.0,0.0,0.0,0.96666664,0.016666668,0.0
3,5,0.016666668,0.0,0.0,0.0,0.0,0.96666664,0.016666668,0.0
3,5,0.016666668,0.0,0.0,0.0,0.0,0.96666664,0.016666668,0.0
3,5,0.016666668,0.0,0.0,0.0,0.0,0.96666664,0.016666668,0.0
3,5,0.06779661,0.0,0.0,0.0,0.0,0.91525424,0.016949153,0.0
3,5,0.06779661,0.0,0.0,0.0,0.0,0.91525424,0.016949153,0.0
3,5,0.06779661,0.0,0.0,0.0,0.0,0.91525424,0.016949153,0.0
3,5,0.06779661,0.0,0.0,0.0,0.0,0.91525424,0.016949153,0.0
3,5,0.06779661,0.0,0.0,0.0,0.0,0.91525424,0.016949153,0.0
3,5,0.06779661,0.0,0.0,0.0,0.0,0.91525424,0.016949153,0.0
3,5,0.06779661,0.0,0.0,0.0,0.0,0.91525424,0.016949153,0.0
3,5,0.06779661,0.0,0.0,0.0,0.0,0.91525424,0.016949153,0.0
3,5,0.0862069,0.0,0.0,0.0,0.0,0.8965517,0.01724138,0.0
3,5,0.0862069,0.0,0.0,0.0,0.0,0.8965517,0.01724138,0.0
3,5,0.0862069,0.0,0.0,0.0,0.0,0.8965517,0.01724138,0.0
3,5,0.0862069,0.0,0.0,0.0,0.0,0.8965517,0.01724138,0.0
3,5,0.0862069,0.0,0.0,0.0,0.0,0.8965517,0.01724138,0.0
3,5,0.0862069,0.0,0.0,0.0,0.0,0.8965517,0.01724138,0.0
3,5,0.0862069,0.0,0.0,0.0,0.0,0.8965517,0.01724138,0.0
3,5,0.0862069,0.0,0.0,0.0,0.0,0.8965517,0.01724138,0.0
3,5,0.10526316,0.0,0.0,0.0,0.0,0.877193,0.01754386,0.0
3,5,0.10526316,0.0,0.0,0.0,0.0,0.877193,0.01754386,0.0
3,5,0.10526316,0.0,0.0,0.0,0.0,0.877193,0.01754386,0.0
3,5,0.10526316,0.0,0.0,0.0,0.0,0.877193,0.01754386,0.0
3,5,0.10526316,0.0,0.0,0.0,0.0,0.877193,0.01754386,0.0
3,5,0.10526316,0.0,0.0,0.0,0.0,0.877193,0.01754386,0.0
3,5,0.10526316,0.0,0.0,0.0,0.0,0.877193,0.01754386,0.0
3,5,0.10526316,0.0,0.0,0.0,0.0,0.877193,0.01754386,0.0
3,5,0.10526316,0.0,0.0,0.0,0.0,0.877193,0.01754386,0.0
3,5,0.10714286,0.0,0.0,0.0,0.0,0.875,0.017857144,0.0
3,5,0.10714286,0.0,0.0,0.0,0.0,0.875,0.017857144,0.0
3,5,0.10714286,0.0,0.0,0.0,0.0,0.875,0.017857144,0.0
3,5,0.10714286,0.017857144,0.0,0.0,0.0,0.85714287,0.017857144,0.0
3,5,0.10714286,0.017857144,0.0,0.0,0.0,0.85714287,0.017857144,0.0
3,5,0.10714286,0.017857144,0.0,0.0,0.0,0.85714287,0.017857144,0.0
3,5,0.10714286,0.017857144,0.0,0.0,0.0,0.85714287,0.017857144,0.0
3,5,0.21428572,0.017857144,0.0,0.0,0.0,0.75,0.017857144,0.0
3,5,0.21428572,0.017857144,0.0,0.0,0.0,0.75,0.017857144,0.0
3,5,0.21428572,0.017857144,0.0,0.0,0.0,0.75,0.017857144,0.0
3,5,0.21428572,0.017857144,0.0,0.0,0.0,0.75,0.017857144,0.0
3,5,0.21428572,0.017857144,0.0,0.0,0.0,0.75,0.017857144,0.0
3,5,0.21818182,0.018181818,0.0,0.0,0.0,0.74545455,0.018181818,0.0
3,5,0.21818182,0.018181818,0.0,0.0,0.0,0.74545455,0.018181818,0.0
3,5,0.21818182,0.018181818,0.0,0.0,0.0,0.74545455,0.018181818,0.0
3,5,0.24074075,0.018518519,0.0,0.0,0.0,0.7222222,0.018518519,0.0
3,5,0.24074075,0.018518519,0.0,0.0,0.0,0.7222222,0.018518519,0.0
3,5,0.24074075,0.018518519,0.0,0.0,0.0,0.7222222,0.018518519,0.0
3,5,0.24074075,0.018518519,0.0,0.0,0.0,0.7222222,0.018518519,0.0
3,5,0.25925925,0.018518519,0.0,0.0,0.0,0.7037037,0.018518519,0.0
3,5,0.25925925,0.018518519,0.0,0.0,0.0,0.7037037,0.018518519,0.0
3,5,0.25925925,0.018518519,0.0,0.0,0.0,0.7037037,0.018518519,0.0
3,5,0.25925925,0.018518519,0.0,0.0,0.0,0.7037037,0.018518519,0.0
3,5,0.25925925,0.018518519,0.0,0.0,0.0,0.7037037,0.018518519,0.0
3,5,0.25925925,0.018518519,0.0,0.0,0.0,0.7037037,0.018518519,0.0
3,5,0.25925925,0.018518519,0.0,0.0,0.0,0.7037037,0.018518519,0.0
3,5,0.25925925,0.018518519,0.0,0.0,0.0,0.7037037,0.018518519,0.0
3,5,0.25925925,0.018518519,0.0,0.0,0.0,0.7037037,0.018518519,0.0
3,5,0.25925925,0.018518519,0.0,0.0,0.0,0.7037037,0.018518519,0.0
3,5,0.25925925,0.018518519,0.0,0.0,0.0,0.7037037,0.018518519,0.0
3,5,0.25925925,0.018518519,0.0,0.0,0.0,0.7037037,0.018518519,0.0
3,5,0.35849056,0.0,0.0,0.0,0.0,0.6226415,0.018867925,0.0
3,5,0.35849056,0.0,0.0,0.0,0.0,0.6226415,0.018867925,0.0
3,5,0.35849056,0.0,0.0,0.0,0.0,0.6226415,0.018867925,0.0
3,5,0.35849056,0.0,0.0,0.0,0.0,0.6226415,0.018867925,0.0
3,5,0.3653846,0.0,0.0,0.0,0.0,0.61538464,0.01923077,0.0
3,5,0.3653846,0.0,0.0,0.0,0.0,0.61538464,0.01923077,0.0
3,5,0.39215687,0.0,0.0,0.0,0.0,0.5882353,0.019607844,0.0
3,5,0.39215687,0.0,0.0,0.0,0.0,0.5882353,0.019607844,0.0
3,5,0.43137255,0.0,0.0,0.0,0.0,0.54901963,0.019607844,0.0
3,5,0.43137255,0.0,0.0,0.0,0.0,0.54901963,0.019607844,0.0
3,5,0.43137255,0.0,0.0,0.0,0.0,0.54901963,0.019607844,0.0
3,5,0.43137255,0.0,0.0,0.0,0.0,0.54901963,0.019607844,0.0
3,5,0.4509804,0.0,0.0,0.0,0.0,0.5294118,0.019607844,0.0
3,5,0.4509804,0.0,0.0,0.0,0.0,0.5294118,0.019607844,0.0
3,5,0.4509804,0.0,0.0,0.0,0.0,0.5294118,0.019607844,0.0
3,5,0.4509804,0.0,0.0,0.0,0.0,0.5294118,0.019607844,0.0
3,0,0.49019608,0.0,0.0,0.0,0.0,0.49019608,0.019607844,0.0
3,0,0.49019608,0.0,0.0,0.0,0.0,0.49019608,0.019607844,0.0
3,0,0.49019608,0.0,0.0,0.0,0.0,0.49019608,0.019607844,0.0
3,0,0.49019608,0.0,0.0,0.0,0.0,0.49019608,0.019607844,0.0
3,0,0.5294118,0.0,0.0,0.0,0.0,0.4509804,0.019607844,0.0
3,0,0.5294118,0.0,0.0,0.0,0.0,0.4509804,0.019607844,0.0
0,0,0.5294118,0.0,0.0,0.0,0.0,0.4509804,0.019607844,0.0
0,0,0.5294118,0.0,0.0,0.0,0.0,0.4509804,0.019607844,0.0
0,0,0.8490566,0.0,0.0,0.0,0.0,0.1509434,0.0,0.0
0,0,0.8490566,0.0,0.0,0.0,0.0,0.1509434,0.0,0.0
0,0,0.8490566,0.0,0.0,0.0,0.0,0.1509434,0.0,0.0
0,0,0.8490566,0.0,0.0,0.0,0.0,0.1509434,0.0,0.0
0,0,0.8679245,0.0,0.0,0.0,0.0,0.13207547,0.0,0.0
0,0,0.8679245,0.0,0.0,0.0,0.0,0.13207547,0.0,0.0
0,0,0.8679245,0.0,0.0,0.0,0.0,0.13207547,0.0,0.0
0,0,0.8679245,0.0,0.0,0.0,0.0,0.13207547,0.0,0.0
0,0,0.8679245,0.0,0.0,0.0,0.0,0.13207547,0.0,0.0
0,0,0.8703704,0.0,0.0,0.0,0.0,0.12962963,0.0,0.0
0,0,0.8703704,0.0,0.0,0.0,0.0,0.12962963,0.0,0.0
0,0,0.8703704,0.0,0.0,0.0,0.0,0.12962963,0.0,0.0
0,0,0.8727273,0.0,0.0,0.0,0.0,0.12727273,0.0,0.0
0,0,0.8727273,0.0,0.0,0.0,0.0,0.12727273,0.0,0.0
0,0,0.8727273,0.0,0.0,0.0,0.0,0.12727273,0.0,0.0
0,0,0.8727273,0.0,0.0,0.0,0.0,0.12727273,0.0,0.0
0,0,0.8909091,0.0,0.0,0.0,0.0,0.10909091,0.0,0.0
0,0,0.8909091,0.0,0.0,0.0,0.0,0.10909091,0.0,0.0
0,0,0.91071427,0.0,0.0,0.0,0.0,0.08928572,0.0,0.0
0,0,0.91071427,0.0,0.0,0.0,0.0,0.08928572,0.0,0.0
0,0,0.9285714,0.0,0.0,0.0,0.0,0.071428575,0.0,0.0
0,0,0.9285714,0.0,0.0,0.0,0.0,0.071428575,0.0,0.0
0,0,0.9285714,0.0,0.0,0.0,0.0,0.071428575,0.0,0.0
0,0,0.9285714,0.0,0.0,0.0,0.0,0.071428575,0.0,0.0
0,0,0.9285714,0.0,0.0,0.0,0.0,0.071428575,0.0,0.0
0,0,0.9285714,0.0,0.0,0.0,0.0,0.071428575,0.0,0.0
0,0,0.9285714,0.0,0.0,0.0,0.0,0.071428575,0.0,0.0
0,0,0.9285714,0.0,0.0,0.0,0.0,0.071428575,0.0,0.0
0,0,0.9285714,0.0,0.0,0.0,0.0,0.071428575,0.0,0.0
0,0,0.9464286,0.0,0.0,0.0,0.0,0.05357143,0.0,0.0
0,0,0.9464286,0.0,0.0,0.0,0.0,0.05357143,0.0,0.0
0,0,0.9464286,0.0,0.0,0.0,0.0,0.05357143,0.0,0.0
0,0,0.94736844,0.0,0.0,0.0,0.0,0.05263158,0.0,0.0
0,0,0.94736844,0.0,0.0,0.0,0.0,0.05263158,0.0,0.0
0,0,0.94736844,0.0,0.0,0.0,0.0,0.05263158,0.0,0.0
0,0,0.94736844,0.0,0.0,0.0,0.0,0.05263158,0.0,0.0
0,0,0.94736844,0.0,0.0,0.0,0.0,0.05263158,0.0,0.0
0,0,0.94736844,0.0,0.0,0.0,0.0,0.05263158,0.0,0.0
0,0,0.94736844,0.0,0.0,0.0,0.0,0.05263158,0.0,0.0
0,0,0.94736844,0.0,0.0,0.0,0.0,0.05263158,0.0,0.0
0,0,0.94827586,0.0,0.0,0.0,0.0,0.05172414,0.0,0.0
0,0,0.94827586,0.0,0.0,0.0,0.0,0.05172414,0.0,0.0
0,0,0.94827586,0.0,0.0,0.0,0.0,0.05172414,0.0,0.0
0,0,0.94827586,0.0,0.0,0.0,0.0,0.05172414,0.0,0.0
0,0,0.9655172,0.0,0.0,0.0,0.0,0.03448276,0.0,0.0
0,0,0.9661017,0.0,0.0,0.0,0.0,0.033898305,0.0,0.0
0,0,0.9661017,0.0,0.0,0.0,0.0,0.033898305,0.0,0.0
0,0,0.9661017,0.0,0.0,0.0,0.0,0.033898305,0.0,0.0
0,0,0.9830508,0.0,0.0,0.0,0.0,0.016949153,0.0,0.0
0,0,0.9830508,0.0,0.0,0.0,0.0,0.016949153,0.0,0.0
0,0,0.9830508,0.0,0.0,0.0,0.0,0.016949153,0.0,0.0
0,0,0.9830508,0.0,0.0,0.0,0.0,0.016949153,0.0,0.0
0,0,0.9830508,0.0,0.0,0.0,0.0,0.016949153,0.0,0.0
0,0,0.9830508,0.0,0.0,0.0,0.0,0.016949153,0.0,0.0
0,0,0.98333335,0.0,0.0,0.0,0.0,0.016666668,0.0,0.0
0,0,0.98333335,0.0,0.0,0.0,0.0,0.016666668,0.0,0.0
0,0,0.98333335,0.0,0.0,0.0,0.0,0.016666668,0.0,0.0
0,0,0.98333335,0.0,0.0,0.0,0.0,0.016666668,0.0,0.0
0,0,0.9836066,0.0,0.0,0.0,0.0,0.016393442,0.0,0.0
0,0,0.9836066,0.0,0.0,0.0,0.0,0.016393442,0.0,0.0
0,0,0.983871,0.0,0.0,0.0,0.0,0.016129032,0.0,0.0
0,0,0.983871,0.0,0.0,0.0,0.0,0.016129032,0.0,0.0
0,0,0.983871,0.0,0.0,0.0,0.0,0.016129032,0.0,0.0
0,0,0.983871,0.0,0.0,0.0,0.0,0.016129032,0.0,0.0
0,0,0.983871,0.0,0.0,0.0,0.0,0.016129032,0.0,0.0
0,0,0.983871,0.0,0.0,0.0,0.0,0.016129032,0.0,0.0
0,0,0.983871,0.0,0.0,0.0,0.0,0.016129032,0.0,0.0
0,0,0.983871,0.0,0.0,0.0,0.0,0.016129032,0.0,0.0
0,0,0.983871,0.0,0.0,0.0,0.0,0.016129032,0.0,0.0
0,0,0.983871,0.0,0.0,0.0,0.0,0.016129032,0.0,0.0
0,0,0.983871,0.0,0.0,0.0,0.0,0.016129032,0.0,0.0
0,0,0.983871,0.0,0.0,0.0,0.0,0.016129032,0.0,0.0
0,0,0.983871,0.0,0.0,0.0,0.0,0.016129032,0.0,0.0
0,0,0.983871,0.0,0.0,0.0,0.0,0.016129032,0.0,0.0
0,0,0.983871,0.0,0.0,0.0,0.0,0.016129032,0.0,0.0
0,0,0.984127,0.0,0.0,0.0,0.0,0.015873017,0.0,0.0
0,0,0.984127,0.0,0.0,0.0,0.0,0.015873017,0.0,0.0
0,0,0.984127,0.0,0.0,0.0,0.0,0.015873017,0.0,0.0
0,0,0.984127,0.0,0.0,0.0,0.0,0.015873017,0.0,0.0
0,0,0.984127,0.0,0.0,0.0,0.0,0.015873017,0.0,0.0
0,0,1.0,0.0,0.0,0.0,0.0,0.0,0.0,0.0
0,0,1.0,0.0,0.0,0.0,0.0,0.0,0.0,0.0
0,0,1.0,0.0,0.0,0.0,0.0,0.0,0.0,0.0
0,0,1.0,0.0,0.0,0.0,0.0,0.0,0.0,0.0
0,0,1.0,0.0,0.0,0.0,0.0,0.0,0.0,0.0
0,0,1.0,0.0,0.0,0.0,0.0,0.0,0.0,0.0
0,0,1.0,0.0,0.0,0.0,0.0,0.0,0.0,0.0
0,0,1.0,0.0,0.0,0.0,0.0,0.0,0.0,0.0
0,0,1.0,0.0,0.0,0.0,0.0,0.0,0.0,0.0
0,0,1.0,0.0,0.0,0.0,0.0,0.0,0.0,0.0
0,0,1.0,0.0,0.0,0.0,0.0,0.0,0.0,0.0
0,0,1.0,0.0,0.0,0.0,0.0,0.0,0.0,0.0
0,0,1.0,0.0,0.0,0.0,0.0,0.0,0.0,0.0
0,0,1.0,0.0,0.0,0.0,0.0,0.0,0.0,0.0
0,0,1.0,0.0,0.0,0.0,0.0,0.0,0.0,0.0
0,0,1.0,0.0,0.0,0.0,0.0,0.0,0.0,0.0
0,0,1.0,0.0,0.0,0.0,0.0,0.0,0.0,0.0
0,0,1.0,0.0,0.0,0.0,0.0,0.0,0.0,0.0
0,0,1.0,0.0,0.0,0.0,0.0,0.0,0.0,0.0
0,0,1.0,0.0,0.0,0.0,0.0,0.0,0.0,0.0
0,0,1.0,0.0,0.0,0.0,0.0,0.0,0.0,0.0
0,0,1.0,0.0,0.0,0.0,0.0,0.0,0.0,0.0
0,0,1.0,0.0,0.0,0.0,0.0,0.0,0.0,0.0
0,0,1.0,0.0,0.0,0.0,0.0,0.0,0.0,0.0
0,0,1.0,0.0,0.0,0.0,0.0,0.0,0.0,0.0
0,0,1.0,0.0,0.0,0.0,0.0,0.0,0.0,0.0
0,0,1.0,0.0,0.0,0.0,0.0,0.0,0.0,0.0
0,0,1.0,0.0,0.0,0.0,0.0,0.0,0.0,0.0
0,0,1.0,0.0,0.0,0.0,0.0,0.0,0.0,0.0
0,0,1.0,0.0,0.0,0.0,0.0,0.0,0.0,0.0
0,0,1.0,0.0,0.0,0.0,0.0,0.0,0.0,0.0
0,0,1.0,0.0,0.0,0.0,0.0,0.0,0.0,0.0
0,0,1.0,0.0,0.0,0.0,0.0,0.0,0.0,0.0
0,0,1.0,0.0,0.0,0.0,0.0,0.0,0.0,0.0
0,0,1.0,0.0,0.0,0.0,0.0,0.0,0.0,0.0
0,0,1.0,0.0,0.0,0.0,0.0,0.0,0.0,0.0
0,0,1.0,0.0,0.0,0.0,0.0,0.0,0.0,0.0
0,0,1.0,0.0,0.0,0.0,0.0,0.0,0.0,0.0
0,0,1.0,0.0,0.0,0.0,0.0,0.0,0.0,0.0
0,0,1.0,0.0,0.0,0.0,0.0,0.0,0.0,0.0
0,0,1.0,0.0,0.0,0.0,0.0,0.0,0.0,0.0
0,0,1.0,0.0,0.0,0.0,0.0,0.0,0.0,0.0
0,0,1.0,0.0,0.0,0.0,0.0,0.0,0.0,0.0
0,0,1.0,0.0,0.0,0.0,0.0,0.0,0.0,0.0
0,0,1.0,0.0,0.0,0.0,0.0,0.0,0.0,0.0
0,0,1.0,0.0,0.0,0.0,0.0,0.0,0.0,0.0
0,0,1.0,0.0,0.0,0.0,0.0,0.0,0.0,0.0
0,0,1.0,0.0,0.0,0.0,0.0,0.0,0.0,0.0
0,0,1.0,0.0,0.0,0.0,0.0,0.0,0.0,0.0
0,0,1.0,0.0,0.0,0.0,0.0,0.0,0.0,0.0
0,0,1.0,0.0,0.0,0.0,0.0,0.0,0.0,0.0
0,0,1.0,0.0,0.0,0.0,0.0,0.0,0.0,0.0
0,0,1.0,0.0,0.0,0.0,0.0,0.0,0.0,0.0
0,0,1.0,0.0,0.0,0.0,0.0,0.0,0.0,0.0
0,0,1.0,0.0,0.0,0.0,0.0,0.0,0.0,0.0
0,0,1.0,0.0,0.0,0.0,0.0,0.0,0.0,0.0
0,0,1.0,0.0,0.0,0.0,0.0,0.0,0.0,0.0
0,0,1.0,0.0,0.0,0.0,0.0,0.0,0.0,0.0
0,0,1.0,0.0,0.0,0.0,0.0,0.0,0.0,0.0
0,0,1.0,0.0,0.0,0.0,0.0,0.0,0.0,0.0
0,0,1.0,0.0,0.0,0.0,0.0,0.0,0.0,0.0
0,0,1.0,0.0,0.0,0.0,0.0,0.0,0.0,0.0
0,0,1.0,0.0,0.0,0.0,0.0,0.0,0.0,0.0
0,0,1.0,0.0,0.0,0.0,0.0,0.0,0.0,0.0
0,0,1.0,0.0,0.0,0.0,0.0,0.0,0.0,0.0
0,0,1.0,0.0,0.0,0.0,0.0,0.0,0.0,0.0
0,0,1.0,0.0,0.0,0.0,0.0,0.0,0.0,0.0
0,0,1.0,0.0,0.0,0.0,0.0,0.0,0.0,0.0
0,0,1.0,0.0,0.0,0.0,0.0,0.0,0.0,0.0
0,0,1.0,0.0,0.0,0.0,0.0,0.0,0.0,0.0
0,0,1.0,0.0,0.0,0.0,0.0,0.0,0.0,0.0
0,0,1.0,0.0,0.0,0.0,0.0,0.0,0.0,0.0
0,0,1.0,0.0,0.0,0.0,0.0,0.0,0.0,0.0
0,0,1.0,0.0,0.0,0.0,0.0,0.0,0.0,0.0
0,0,1.0,0.0,0.0,0.0,0.0,0.0,0.0,0.0
0,0,1.0,0.0,0.0,0.0,0.0,0.0,0.0,0.0
0,0,1.0,0.0,0.0,0.0,0.0,0.0,0.0,0.0
0,0,1.0,0.0,0.0,0.0,0.0,0.0,0.0,0.0
0,0,1.0,0.0,0.0,0.0,0.0,0.0,0.0,0.0
0,0,1.0,0.0,0.0,0.0,0.0,0.0,0.0,0.0
0,0,1.0,0.0,0.0,0.0,0.0,0.0,0.0,0.0
0,0,1.0,0.0,0.0,0.0,0.0,0.0,0.0,0.0
0,0,1.0,0.0,0.0,0.0,0.0,0.0,0.0,0.0
0,0,1.0,0.0,0.0,0.0,0.0,0.0,0.0,0.0
0,0,1.0,0.0,0.0,0.0,0.0,0.0,0.0,0.0
0,0,1.0,0.0,0.0,0.0,0.0,0.0,0.0,0.0
0,0,1.0,0.0,0.0,0.0,0.0,0.0,0.0,0.0
0,0,1.0,0.0,0.0,0.0,0.0,0.0,0.0,0.0
0,0,1.0,0.0,0.0,0.0,0.0,0.0,0.0,0.0
0,0,1.0,0.0,0.0,0.0,0.0,0.0,0.0,0.0
0,0,1.0,0.0,0.0,0.0,0.0,0.0,0.0,0.0
0,0,1.0,0.0,0.0,0.0,0.0,0.0,0.0,0.0
0,0,1.0,0.0,0.0,0.0,0.0,0.0,0.0,0.0
0,0,1.0,0.0,0.0,0.0,0.0,0.0,0.0,0.0
0,0,1.0,0.0,0.0,0.0,0.0,0.0,0.0,0.0
0,0,1.0,0.0,0.0,0.0,0.0,0.0,0.0,0.0
0,0,1.0,0.0,0.0,0.0,0.0,0.0,0.0,0.0
0,0,1.0,0.0,0.0,0.0,0.0,0.0,0.0,0.0
0,0,1.0,0.0,0.0,0.0,0.0,0.0,0.0,0.0
0,0,1.0,0.0,0.0,0.0,0.0,0.0,0.0,0.0
0,0,1.0,0.0,0.0,0.0,0.0,0.0,0.0,0.0
0,0,1.0,0.0,0.0,0.0,0.0,0.0,0.0,0.0
0,0,1.0,0.0,0.0,0.0,0.0,0.0,0.0,0.0
0,0,1.0,0.0,0.0,0.0,0.0,0.0,0.0,0.0
0,0,1.0,0.0,0.0,0.0,0.0,0.0,0.0,0.0
0,0,1.0,0.0,0.0,0.0,0.0,0.0,0.0,0.0
0,0,1.0,0.0,0.0,0.0,0.0,0.0,0.0,0.0
0,0,1.0,0.0,0.0,0.0,0.0,0.0,0.0,0.0
0,0,1.0,0.0,0.0,0.0,0.0,0.0,0.0,0.0
0,0,1.0,0.0,0.0,0.0,0.0,0.0,0.0,0.0
0,0,1.0,0.0,0.0,0.0,0.0,0.0,0.0,0.0
0,0,1.0,0.0,0.0,0.0,0.0,0.0,0.0,0.0
0,0,1.0,0.0,0.0,0.0,0.0,0.0,0.0,0.0
0,0,1.0,0.0,0.0,0.0,0.0,0.0,0.0,0.0
0,0,1.0,0.0,0.0,0.0,0.0,0.0,0.0,0.0
0,0,1.0,0.0,0.0,0.0,0.0,0.0,0.0,0.0
0,0,1.0,0.0,0.0,0.0,0.0,0.0,0.0,0.0
0,0,1.0,0.0,0.0,0.0,0.0,0.0,0.0,0.0
0,0,1.0,0.0,0.0,0.0,0.0,0.0,0.0,0.0
0,0,1.0,0.0,0.0,0.0,0.0,0.0,0.0,0.0
0,0,1.0,0.0,0.0,0.0,0.0,0.0,0.0,0.0
0,0,1.0,0.0,0.0,0.0,0.0,0.0,0.0,0.0
0,0,1.0,0.0,0.0,0.0,0.0,0.0,0.0,0.0
0,0,1.0,0.0,0.0,0.0,0.0,0.0,0.0,0.0
0,0,1.0,0.0,0.0,0.0,0.0,0.0,0.0,0.0
0,0,1.0,0.0,0.0,0.0,0.0,0.0,0.0,0.0
0,0,1.0,0.0,0.0,0.0,0.0,0.0,0.0,0.0
0,0,1.0,0.0,0.0,0.0,0.0,0.0,0.0,0.0
0,0,1.0,0.0,0.0,0.0,0.0,0.0,0.0,0.0
0,0,1.0,0.0,0.0,0.0,0.0,0.0,0.0,0.0
0,0,1.0,0.0,0.0,0.0,0.0,0.0,0.0,0.0
0,0,1.0,0.0,0.0,0.0,0.0,0.0,0.0,0.0
0,0,1.0,0.0,0.0,0.0,0.0,0.0,0.0,0.0
0,0,1.0,0.0,0.0,0.0,0.0,0.0,0.0,0.0
0,0,1.0,0.0,0.0,0.0,0.0,0.0,0.0,0.0
0,0,1.0,0.0,0.0,0.0,0.0,0.0,0.0,0.0
0,0,1.0,0.0,0.0,0.0,0.0,0.0,0.0,0.0
0,0,1.0,0.0,0.0,0.0,0.0,0.0,0.0,0.0
0,0,1.0,0.0,0.0,0.0,0.0,0.0,0.0,0.0
0,0,1.0,0.0,0.0,0.0,0.0,0.0,0.0,0.0
0,0,1.0,0.0,0.0,0.0,0.0,0.0,0.0,0.0
0,0,1.0,0.0,0.0,0.0,0.0,0.0,0.0,0.0
0,0,1.0,0.0,0.0,0.0,0.0,0.0,0.0,0.0
0,0,1.0,0.0,0.0,0.0,0.0,0.0,0.0,0.0
0,0,1.0,0.0,0.0,0.0,0.0,0.0,0.0,0.0
0,0,1.0,0.0,0.0,0.0,0.0,0.0,0.0,0.0
0,0,1.0,0.0,0.0,0.0,0.0,0.0,0.0,0.0
0,0,1.0,0.0,0.0,0.0,0.0,0.0,0.0,0.0
0,0,1.0,0.0,0.0,0.0,0.0,0.0,0.0,0.0
0,0,1.0,0.0,0.0,0.0,0.0,0.0,0.0,0.0
0,0,1.0,0.0,0.0,0.0,0.0,0.0,0.0,0.0
0,0,1.0,0.0,0.0,0.0,0.0,0.0,0.0,0.0
0,0,1.0,0.0,0.0,0.0,0.0,0.0,0.0,0.0
0,0,1.0,0.0,0.0,0.0,0.0,0.0,0.0,0.0
0,0,1.0,0.0,0.0,0.0,0.0,0.0,0.0,0.0
0,0,1.0,0.0,0.0,0.0,0.0,0.0,0.0,0.0
0,0,1.0,0.0,0.0,0.0,0.0,0.0,0.0,0.0
0,0,1.0,0.0,0.0,0.0,0.0,0.0,0.0,0.0
0,0,1.0,0.0,0.0,0.0,0.0,0.0,0.0,0.0
0,0,1.0,0.0,0.0,0.0,0.0,0.0,0.0,0.0
0,0,1.0,0.0,0.0,0.0,0.0,0.0,0.0,0.0
0,0,1.0,0.0,0.0,0.0,0.0,0.0,0.0,0.0
0,0,1.0,0.0,0.0,0.0,0.0,0.0,0.0,0.0
0,0,1.0,0.0,0.0,0.0,0.0,0.0,0.0,0.0
0,0,1.0,0.0,0.0,0.0,0.0,0.0,0.0,0.0
0,0,1.0,0.0,0.0,0.0,0.0,0.0,0.0,0.0
0,0,1.0,0.0,0.0,0.0,0.0,0.0,0.0,0.0
0,0,1.0,0.0,0.0,0.0,0.0,0.0,0.0,0.0
0,0,1.0,0.0,0.0,0.0,0.0,0.0,0.0,0.0
0,0,1.0,0.0,0.0,0.0,0.0,0.0,0.0,0.0
0,0,1.0,0.0,0.0,0.0,0.0,0.0,0.0,0.0
0,0,1.0,0.0,0.0,0.0,0.0,0.0,0.0,0.0
0,0,1.0,0.0,0.0,0.0,0.0,0.0,0.0,0.0
0,0,1.0,0.0,0.0,0.0,0.0,0.0,0.0,0.0
0,0,1.0,0.0,0.0,0.0,0.0,0.0,0.0,0.0
0,0,1.0,0.0,0.0,0.0,0.0,0.0,0.0,0.0
0,0,1.0,0.0,0.0,0.0,0.0,0.0,0.0,0.0
0,0,1.0,0.0,0.0,0.0,0.0,0.0,0.0,0.0
0,0,1.0,0.0,0.0,0.0,0.0,0.0,0.0,0.0
0,0,1.0,0.0,0.0,0.0,0.0,0.0,0.0,0.0
0,0,1.0,0.0,0.0,0.0,0.0,0.0,0.0,0.0
0,0,1.0,0.0,0.0,0.0,0.0,0.0,0.0,0.0
0,0,1.0,0.0,0.0,0.0,0.0,0.0,0.0,0.0
0,0,1.0,0.0,0.0,0.0,0.0,0.0,0.0,0.0
0,0,1.0,0.0,0.0,0.0,0.0,0.0,0.0,0.0
0,0,1.0,0.0,0.0,0.0,0.0,0.0,0.0,0.0
0,0,1.0,0.0,0.0,0.0,0.0,0.0,0.0,0.0
0,0,1.0,0.0,0.0,0.0,0.0,0.0,0.0,0.0
0,0,1.0,0.0,0.0,0.0,0.0,0.0,0.0,0.0
0,0,1.0,0.0,0.0,0.0,0.0,0.0,0.0,0.0
0,0,1.0,0.0,0.0,0.0,0.0,0.0,0.0,0.0
0,0,1.0,0.0,0.0,0.0,0.0,0.0,0.0,0.0
0,0,1.0,0.0,0.0,0.0,0.0,0.0,0.0,0.0
0,0,1.0,0.0,0.0,0.0,0.0,0.0,0.0,0.0
0,0,1.0,0.0,0.0,0.0,0.0,0.0,0.0,0.0
0,0,1.0,0.0,0.0,0.0,0.0,0.0,0.0,0.0
0,0,1.0,0.0,0.0,0.0,0.0,0.0,0.0,0.0
0,0,1.0,0.0,0.0,0.0,0.0,0.0,0.0,0.0
0,0,1.0,0.0,0.0,0.0,0.0,0.0,0.0,0.0
0,0,1.0,0.0,0.0,0.0,0.0,0.0,0.0,0.0
0,0,1.0,0.0,0.0,0.0,0.0,0.0,0.0,0.0
0,0,1.0,0.0,0.0,0.0,0.0,0.0,0.0,0.0
0,0,1.0,0.0,0.0,0.0,0.0,0.0,0.0,0.0
0,0,1.0,0.0,0.0,0.0,0.0,0.0,0.0,0.0
0,0,1.0,0.0,0.0,0.0,0.0,0.0,0.0,0.0
0,0,1.0,0.0,0.0,0.0,0.0,0.0,0.0,0.0
0,0,1.0,0.0,0.0,0.0,0.0,0.0,0.0,0.0
0,0,1.0,0.0,0.0,0.0,0.0,0.0,0.0,0.0
0,0,1.0,0.0,0.0,0.0,0.0,0.0,0.0,0.0
0,0,1.0,0.0,0.0,0.0,0.0,0.0,0.0,0.0
0,0,1.0,0.0,0.0,0.0,0.0,0.0,0.0,0.0
0,0,1.0,0.0,0.0,0.0,0.0,0.0,0.0,0.0
0,0,1.0,0.0,0.0,0.0,0.0,0.0,0.0,0.0
0,0,1.0,0.0,0.0,0.0,0.0,0.0,0.0,0.0
0,0,1.0,0.0,0.0,0.0,0.0,0.0,0.0,0.0
0,0,1.0,0.0,0.0,0.0,0.0,0.0,0.0,0.0
0,0,1.0,0.0,0.0,0.0,0.0,0.0,0.0,0.0
0,0,1.0,0.0,0.0,0.0,0.0,0.0,0.0,0.0
0,0,1.0,0.0,0.0,0.0,0.0,0.0,0.0,0.0
0,0,1.0,0.0,0.0,0.0,0.0,0.0,0.0,0.0
0,0,1.0,0.0,0.0,0.0,0.0,0.0,0.0,0.0
0,0,1.0,0.0,0.0,0.0,0.0,0.0,0.0,0.0
0,0,1.0,0.0,0.0,0.0,0.0,0.0,0.0,0.0
0,0,1.0,0.0,0.0,0.0,0.0,0.0,0.0,0.0
0,0,1.0,0.0,0.0,0.0,0.0,0.0,0.0,0.0
0,0,1.0,0.0,0.0,0.0,0.0,0.0,0.0,0.0
0,0,1.0,0.0,0.0,0.0,0.0,0.0,0.0,0.0
0,0,1.0,0.0,0.0,0.0,0.0,0.0,0.0,0.0
0,0,1.0,0.0,0.0,0.0,0.0,0.0,0.0,0.0
0,0,1.0,0.0,0.0,0.0,0.0,0.0,0.0,0.0
0,0,1.0,0.0,0.0,0.0,0.0,0.0,0.0,0.0
0,0,1.0,0.0,0.0,0.0,0.0,0.0,0.0,0.0
0,0,1.0,0.0,0.0,0.0,0.0,0.0,0.0,0.0
0,0,1.0,0.0,0.0,0.0,0.0,0.0,0.0,0.0
0,0,1.0,0.0,0.0,0.0,0.0,0.0,0.0,0.0
0,0,1.0,0.0,0.0,0.0,0.0,0.0,0.0,0.0
0,0,1.0,0.0,0.0,0.0,0.0,0.0,0.0,0.0
0,0,1.0,0.0,0.0,0.0,0.0,0.0,0.0,0.0
0,0,1.0,0.0,0.0,0.0,0.0,0.0,0.0,0.0
0,0,1.0,0.0,0.0,0.0,0.0,0.0,0.0,0.0
0,0,1.0,0.0,0.0,0.0,0.0,0.0,0.0,0.0
0,0,1.0,0.0,0.0,0.0,0.0,0.0,0.0,0.0
0,0,1.0,0.0,0.0,0.0,0.0,0.0,0.0,0.0
0,0,1.0,0.0,0.0,0.0,0.0,0.0,0.0,0.0
0,0,1.0,0.0,0.0,0.0,0.0,0.0,0.0,0.0
0,0,1.0,0.0,0.0,0.0,0.0,0.0,0.0,0.0
0,0,1.0,0.0,0.0,0.0,0.0,0.0,0.0,0.0
0,0,1.0,0.0,0.0,0.0,0.0,0.0,0.0,0.0
0,0,1.0,0.0,0.0,0.0,0.0,0.0,0.0,0.0
0,0,1.0,0.0,0.0,0.0,0.0,0.0,0.0,0.0
0,0,1.0,0.0,0.0,0.0,0.0,0.0,0.0,0.0
0,0,1.0,0.0,0.0,0.0,0.0,0.0,0.0,0.0
0,0,1.0,0.0,0.0,0.0,0.0,0.0,0.0,0.0
0,0,1.0,0.0,0.0,0.0,0.0,0.0,0.0,0.0
0,0,1.0,0.0,0.0,0.0,0.0,0.0,0.0,0.0
0,0,1.0,0.0,0.0,0.0,0.0,0.0,0.0,0.0
0,0,1.0,0.0,0.0,0.0,0.0,0.0,0.0,0.0
0,0,1.0,0.0,0.0,0.0,0.0,0.0,0.0,0.0
0,0,1.0,0.0,0.0,0.0,0.0,0.0,0.0,0.0
0,0,1.0,0.0,0.0,0.0,0.0,0.0,0.0,0.0
0,0,1.0,0.0,0.0,0.0,0.0,0.0,0.0,0.0
0,0,1.0,0.0,0.0,0.0,0.0,0.0,0.0,0.0
0,0,1.0,0.0,0.0,0.0,0.0,0.0,0.0,0.0
0,0,1.0,0.0,0.0,0.0,0.0,0.0,0.0,0.0
0,0,1.0,0.0,0.0,0.0,0.0,0.0,0.0,0.0
0,0,1.0,0.0,0.0,0.0,0.0,0.0,0.0,0.0
0,0,1.0,0.0,0.0,0.0,0.0,0.0,0.0,0.0
0,0,1.0,0.0,0.0,0.0,0.0,0.0,0.0,0.0
0,0,1.0,0.0,0.0,0.0,0.0,0.0,0.0,0.0
0,0,1.0,0.0,0.0,0.0,0.0,0.0,0.0,0.0
0,0,1.0,0.0,0.0,0.0,0.0,0.0,0.0,0.0
0,0,1.0,0.0,0.0,0.0,0.0,0.0,0.0,0.0
0,0,1.0,0.0,0.0,0.0,0.0,0.0,0.0,0.0
0,0,1.0,0.0,0.0,0.0,0.0,0.0,0.0,0.0
0,0,1.0,0.0,0.0,0.0,0.0,0.0,0.0,0.0
0,0,1.0,0.0,0.0,0.0,0.0,0.0,0.0,0.0
0,0,1.0,0.0,0.0,0.0,0.0,0.0,0.0,0.0
0,0,1.0,0.0,0.0,0.0,0.0,0.0,0.0,0.0
0,0,1.0,0.0,0.0,0.0,0.0,0.0,0.0,0.0
0,0,1.0,0.0,0.0,0.0,0.0,0.0,0.0,0.0
0,0,1.0,0.0,0.0,0.0,0.0,0.0,0.0,0.0
0,0,1.0,0.0,0.0,0.0,0.0,0.0,0.0,0.0
0,0,1.0,0.0,0.0,0.0,0.0,0.0,0.0,0.0
0,0,1.0,0.0,0.0,0.0,0.0,0.0,0.0,0.0
0,0,1.0,0.0,0.0,0.0,0.0,0.0,0.0,0.0
0,0,1.0,0.0,0.0,0.0,0.0,0.0,0.0,0.0
0,0,1.0,0.0,0.0,0.0,0.0,0.0,0.0,0.0
0,0,1.0,0.0,0.0,0.0,0.0,0.0,0.0,0.0
0,0,1.0,0.0,0.0,0.0,0.0,0.0,0.0,0.0
0,0,1.0,0.0,0.0,0.0,0.0,0.0,0.0,0.0
0,0,1.0,0.0,0.0,0.0,0.0,0.0,0.0,0.0
0,0,1.0,0.0,0.0,0.0,0.0,0.0,0.0,0.0
0,0,1.0,0.0,0.0,0.0,0.0,0.0,0.0,0.0
0,0,1.0,0.0,0.0,0.0,0.0,0.0,0.0,0.0
0,0,1.0,0.0,0.0,0.0,0.0,0.0,0.0,0.0
0,0,1.0,0.0,0.0,0.0,0.0,0.0,0.0,0.0
0,0,1.0,0.0,0.0,0.0,0.0,0.0,0.0,0.0
0,0,1.0,0.0,0.0,0.0,0.0,0.0,0.0,0.0
0,0,1.0,0.0,0.0,0.0,0.0,0.0,0.0,0.0
0,0,1.0,0.0,0.0,0.0,0.0,0.0,0.0,0.0
0,0,1.0,0.0,0.0,0.0,0.0,0.0,0.0,0.0
0,0,1.0,0.0,0.0,0.0,0.0,0.0,0.0,0.0
0,0,1.0,0.0,0.0,0.0,0.0,0.0,0.0,0.0
0,0,1.0,0.0,0.0,0.0,0.0,0.0,0.0,0.0
0,0,0.984375,0.015625,0.0,0.0,0.0,0.0,0.0,0.0
0,0,0.984375,0.015625,0.0,0.0,0.0,0.0,0.0,0.0
0,0,0.984375,0.015625,0.0,0.0,0.0,0.0,0.0,0.0
0,0,0.984375,0.015625,0.0,0.0,0.0,0.0,0.0,0.0
0,0,0.984375,0.015625,0.0,0.0,0.0,0.0,0.0,0.0
0,0,0.984375,0.015625,0.0,0.0,0.0,0.0,0.0,0.0
0,0,0.984375,0.015625,0.0,0.0,0.0,0.0,0.0,0.0
0,0,0.984375,0.015625,0.0,0.0,0.0,0.0,0.0,0.0
0,0,0.984375,0.015625,0.0,0.0,0.0,0.0,0.0,0.0
0,0,0.984375,0.015625,0.0,0.0,0.0,0.0,0.0,0.0
0,0,0.984375,0.015625,0.0,0.0,0.0,0.0,0.0,0.0
0,0,0.984375,0.015625,0.0,0.0,0.0,0.0,0.0,0.0
0,0,1.0,0.0,0.0,0.0,0.0,0.0,0.0,0.0
0,0,1.0,0.0,0.0,0.0,0.0,0.0,0.0,0.0
0,0,1.0,0.0,0.0,0.0,0.0,0.0,0.0,0.0
0,0,1.0,0.0,0.0,0.0,0.0,0.0,0.0,0.0
0,0,0.984375,0.0,0.0,0.0,0.015625,0.0,0.0,0.0
0,0,0.984375,0.0,0.0,0.0,0.015625,0.0,0.0,0.0
0,0,0.984375,0.0,0.0,0.0,0.015625,0.0,0.0,0.0
0,0,0.984375,0.0,0.0,0.0,0.015625,0.0,0.0,0.0
0,0,0.984375,0.0,0.0,0.0,0.015625,0.0,0.0,0.0
0,0,0.984375,0.0,0.0,0.0,0.015625,0.0,0.0,0.0
0,0,0.984375,0.0,0.0,0.0,0.015625,0.0,0.0,0.0
0,0,0.984375,0.0,0.0,0.0,0.015625,0.0,0.0,0.0
0,0,0.984375,0.0,0.0,0.0,0.015625,0.0,0.0,0.0
0,0,0.984375,0.0,0.0,0.0,0.015625,0.0,0.0,0.0
0,0,0.984375,0.0,0.0,0.0,0.015625,0.0,0.0,0.0
0,0,0.984375,0.0,0.0,0.0,0.015625,0.0,0.0,0.0
0,0,0.984375,0.0,0.0,0.0,0.015625,0.0,0.0,0.0
0,0,0.984375,0.0,0.0,0.0,0.015625,0.0,0.0,0.0
0,0,0.984375,0.0,0.0,0.0,0.015625,0.0,0.0,0.0
0,0,0.984375,0.0,0.0,0.0,0.015625,0.0,0.0,0.0
0,0,0.984375,0.0,0.0,0.0,0.015625,0.0,0.0,0.0
0,0,0.984375,0.0,0.0,0.0,0.015625,0.0,0.0,0.0
0,0,0.984375,0.0,0.0,0.0,0.015625,0.0,0.0,0.0
0,0,0.984375,0.0,0.0,0.0,0.015625,0.0,0.0,0.0
0,0,1.0,0.0,0.0,0.0,0.0,0.0,0.0,0.0
0,0,1.0,0.0,0.0,0.0,0.0,0.0,0.0,0.0
0,0,1.0,0.0,0.0,0.0,0.0,0.0,0.0,0.0
0,0,1.0,0.0,0.0,0.0,0.0,0.0,0.0,0.0
0,0,1.0,0.0,0.0,0.0,0.0,0.0,0.0,0.0
0,0,1.0,0.0,0.0,0.0,0.0,0.0,0.0,0.0
0,0,1.0,0.0,0.0,0.0,0.0,0.0,0.0,0.0
0,0,1.0,0.0,0.0,0.0,0.0,0.0,0.0,0.0
0,0,1.0,0.0,0.0,0.0,0.0,0.0,0.0,0.0
0,0,1.0,0.0,0.0,0.0,0.0,0.0,0.0,0.0
0,0,1.0,0.0,0.0,0.0,0.0,0.0,0.0,0.0
0,0,1.0,0.0,0.0,0.0,0.0,0.0,0.0,0.0
0,0,1.0,0.0,0.0,0.0,0.0,0.0,0.0,0.0
0,0,1.0,0.0,0.0,0.0,0.0,0.0,0.0,0.0
0,0,1.0,0.0,0.0,0.0,0.0,0.0,0.0,0.0
0,0,1.0,0.0,0.0,0.0,0.0,0.0,0.0,0.0
0,0,1.0,0.0,0.0,0.0,0.0,0.0,0.0,0.0
0,0,1.0,0.0,0.0,0.0,0.0,0.0,0.0,0.0
0,0,1.0,0.0,0.0,0.0,0.0,0.0,0.0,0.0
0,0,1.0,0.0,0.0,0.0,0.0,0.0,0.0,0.0
0,0,1.0,0.0,0.0,0.0,0.0,0.0,0.0,0.0
0,0,1.0,0.0,0.0,0.0,0.0,0.0,0.0,0.0
0,0,1.0,0.0,0.0,0.0,0.0,0.0,0.0,0.0
0,0,1.0,0.0,0.0,0.0,0.0,0.0,0.0,0.0
0,0,1.0,0.0,0.0,0.0,0.0,0.0,0.0,0.0
0,0,1.0,0.0,0.0,0.0,0.0,0.0,0.0,0.0
0,0,1.0,0.0,0.0,0.0,0.0,0.0,0.0,0.0
0,0,1.0,0.0,0.0,0.0,0.0,0.0,0.0,0.0
0,0,1.0,0.0,0.0,0.0,0.0,0.0,0.0,0.0
0,0,1.0,0.0,0.0,0.0,0.0,0.0,0.0,0.0
0,0,1.0,0.0,0.0,0.0,0.0,0.0,0.0,0.0
0,0,1.0,0.0,0.0,0.0,0.0,0.0,0.0,0.0
0,0,1.0,0.0,0.0,0.0,0.0,0.0,0.0,0.0
0,0,1.0,0.0,0.0,0.0,0.0,0.0,0.0,0.0
0,0,1.0,0.0,0.0,0.0,0.0,0.0,0.0,0.0
0,0,1.0,0.0,0.0,0.0,0.0,0.0,0.0,0.0
0,0,1.0,0.0,0.0,0.0,0.0,0.0,0.0,0.0
0,0,1.0,0.0,0.0,0.0,0.0,0.0,0.0,0.0
0,0,1.0,0.0,0.0,0.0,0.0,0.0,0.0,0.0
0,0,1.0,0.0,0.0,0.0,0.0,0.0,0.0,0.0
0,0,1.0,0.0,0.0,0.0,0.0,0.0,0.0,0.0
0,0,1.0,0.0,0.0,0.0,0.0,0.0,0.0,0.0
0,0,1.0,0.0,0.0,0.0,0.0,0.0,0.0,0.0
0,0,1.0,0.0,0.0,0.0,0.0,0.0,0.0,0.0
0,0,1.0,0.0,0.0,0.0,0.0,0.0,0.0,0.0
0,0,1.0,0.0,0.0,0.0,0.0,0.0,0.0,0.0
0,0,1.0,0.0,0.0,0.0,0.0,0.0,0.0,0.0
0,0,1.0,0.0,0.0,0.0,0.0,0.0,0.0,0.0
0,0,1.0,0.0,0.0,0.0,0.0,0.0,0.0,0.0
0,0,1.0,0.0,0.0,0.0,0.0,0.0,0.0,0.0
0,0,1.0,0.0,0.0,0.0,0.0,0.0,0.0,0.0
0,0,1.0,0.0,0.0,0.0,0.0,0.0,0.0,0.0
0,0,1.0,0.0,0.0,0.0,0.0,0.0,0.0,0.0
0,0,1.0,0.0,0.0,0.0,0.0,0.0,0.0,0.0
0,0,1.0,0.0,0.0,0.0,0.0,0.0,0.0,0.0
0,0,1.0,0.0,0.0,0.0,0.0,0.0,0.0,0.0
0,0,1.0,0.0,0.0,0.0,0.0,0.0,0.0,0.0
0,0,1.0,0.0,0.0,0.0,0.0,0.0,0.0,0.0
0,0,1.0,0.0,0.0,0.0,0.0,0.0,0.0,0.0
0,0,1.0,0.0,0.0,0.0,0.0,0.0,0.0,0.0
0,0,1.0,0.0,0.0,0.0,0.0,0.0,0.0,0.0
0,0,1.0,0.0,0.0,0.0,0.0,0.0,0.0,0.0
0,0,1.0,0.0,0.0,0.0,0.0,0.0,0.0,0.0
0,0,1.0,0.0,0.0,0.0,0.0,0.0,0.0,0.0
0,0,1.0,0.0,0.0,0.0,0.0,0.0,0.0,0.0
0,0,1.0,0.0,0.0,0.0,0.0,0.0,0.0,0.0
0,0,1.0,0.0,0.0,0.0,0.0,0.0,0.0,0.0
0,0,1.0,0.0,0.0,0.0,0.0,0.0,0.0,0.0
0,0,1.0,0.0,0.0,0.0,0.0,0.0,0.0,0.0
0,0,1.0,0.0,0.0,0.0,0.0,0.0,0.0,0.0
0,0,1.0,0.0,0.0,0.0,0.0,0.0,0.0,0.0
0,0,1.0,0.0,0.0,0.0,0.0,0.0,0.0,0.0
0,0,1.0,0.0,0.0,0.0,0.0,0.0,0.0,0.0
0,0,1.0,0.0,0.0,0.0,0.0,0.0,0.0,0.0
0,0,1.0,0.0,0.0,0.0,0.0,0.0,0.0,0.0
0,0,1.0,0.0,0.0,0.0,0.0,0.0,0.0,0.0
0,0,1.0,0.0,0.0,0.0,0.0,0.0,0.0,0.0
0,0,1.0,0.0,0.0,0.0,0.0,0.0,0.0,0.0
0,0,1.0,0.0,0.0,0.0,0.0,0.0,0.0,0.0
0,0,1.0,0.0,0.0,0.0,0.0,0.0,0.0,0.0
0,0,1.0,0.0,0.0,0.0,0.0,0.0,0.0,0.0
0,0,1.0,0.0,0.0,0.0,0.0,0.0,0.0,0.0
0,0,1.0,0.0,0.0,0.0,0.0,0.0,0.0,0.0
0,0,1.0,0.0,0.0,0.0,0.0,0.0,0.0,0.0
0,0,1.0,0.0,0.0,0.0,0.0,0.0,0.0,0.0
0,0,1.0,0.0,0.0,0.0,0.0,0.0,0.0,0.0
0,0,1.0,0.0,0.0,0.0,0.0,0.0,0.0,0.0
0,0,1.0,0.0,0.0,0.0,0.0,0.0,0.0,0.0
0,0,1.0,0.0,0.0,0.0,0.0,0.0,0.0,0.0
0,0,1.0,0.0,0.0,0.0,0.0,0.0,0.0,0.0
0,0,1.0,0.0,0.0,0.0,0.0,0.0,0.0,0.0
0,0,1.0,0.0,0.0,0.0,0.0,0.0,0.0,0.0
0,0,1.0,0.0,0.0,0.0,0.0,0.0,0.0,0.0
0,0,1.0,0.0,0.0,0.0,0.0,0.0,0.0,0.0
0,0,1.0,0.0,0.0,0.0,0.0,0.0,0.0,0.0
0,0,1.0,0.0,0.0,0.0,0.0,0.0,0.0,0.0
0,0,1.0,0.0,0.0,0.0,0.0,0.0,0.0,0.0
0,0,1.0,0.0,0.0,0.0,0.0,0.0,0.0,0.0
0,0,1.0,0.0,0.0,0.0,0.0,0.0,0.0,0.0
0,0,1.0,0.0,0.0,0.0,0.0,0.0,0.0,0.0
0,0,1.0,0.0,0.0,0.0,0.0,0.0,0.0,0.0
0,0,1.0,0.0,0.0,0.0,0.0,0.0,0.0,0.0
0,0,1.0,0.0,0.0,0.0,0.0,0.0,0.0,0.0
0,0,1.0,0.0,0.0,0.0,0.0,0.0,0.0,0.0
0,0,1.0,0.0,0.0,0.0,0.0,0.0,0.0,0.0
0,0,1.0,0.0,0.0,0.0,0.0,0.0,0.0,0.0
0,0,1.0,0.0,0.0,0.0,0.0,0.0,0.0,0.0
0,0,1.0,0.0,0.0,0.0,0.0,0.0,0.0,0.0
0,0,0.984375,0.015625,0.0,0.0,0.0,0.0,0.0,0.0
0,0,0.984375,0.015625,0.0,0.0,0.0,0.0,0.0,0.0
0,0,0.984375,0.015625,0.0,0.0,0.0,0.0,0.0,0.0
0,0,0.984375,0.015625,0.0,0.0,0.0,0.0,0.0,0.0
0,0,0.984375,0.015625,0.0,0.0,0.0,0.0,0.0,0.0
0,0,0.984375,0.015625,0.0,0.0,0.0,0.0,0.0,0.0
0,0,0.984375,0.015625,0.0,0.0,0.0,0.0,0.0,0.0
0,0,0.984375,0.015625,0.0,0.0,0.0,0.0,0.0,0.0
0,0,0.984375,0.015625,0.0,0.0,0.0,0.0,0.0,0.0
0,0,0.984375,0.015625,0.0,0.0,0.0,0.0,0.0,0.0
0,0,0.984375,0.015625,0.0,0.0,0.0,0.0,0.0,0.0
0,0,0.984375,0.015625,0.0,0.0,0.0,0.0,0.0,0.0
0,0,0.984375,0.015625,0.0,0.0,0.0,0.0,0.0,0.0
0,0,0.984375,0.015625,0.0,0.0,0.0,0.0,0.0,0.0
0,0,0.984375,0.015625,0.0,0.0,0.0,0.0,0.0,0.0
0,0,0.984375,0.015625,0.0,0.0,0.0,0.0,0.0,0.0
0,0,0.984375,0.015625,0.0,0.0,0.0,0.0,0.0,0.0
0,0,0.984375,0.015625,0.0,0.0,0.0,0.0,0.0,0.0
0,0,0.984375,0.015625,0.0,0.0,0.0,0.0,0.0,0.0
0,0,0.984375,0.015625,0.0,0.0,0.0,0.0,0.0,0.0
0,0,0.984375,0.015625,0.0,0.0,0.0,0.0,0.0,0.0
0,0,0.984375,0.015625,0.0,0.0,0.0,0.0,0.0,0.0
0,0,0.984375,0.015625,0.0,0.0,0.0,0.0,0.0,0.0
0,0,0.984375,0.015625,0.0,0.0,0.0,0.0,0.0,0.0
0,0,0.984375,0.015625,0.0,0.0,0.0,0.0,0.0,0.0
0,0,0.984375,0.015625,0.0,0.0,0.0,0.0,0.0,0.0
0,0,0.984375,0.015625,0.0,0.0,0.0,0.0,0.0,0.0
0,0,0.984375,0.015625,0.0,0.0,0.0,0.0,0.0,0.0
0,0,0.984375,0.015625,0.0,0.0,0.0,0.0,0.0,0.0
0,0,0.984375,0.015625,0.0,0.0,0.0,0.0,0.0,0.0
0,0,0.984375,0.015625,0.0,0.0,0.0,0.0,0.0,0.0
0,0,0.984375,0.015625,0.0,0.0,0.0,0.0,0.0,0.0
0,0,0.984375,0.015625,0.0,0.0,0.0,0.0,0.0,0.0
0,0,0.984375,0.015625,0.0,0.0,0.0,0.0,0.0,0.0
0,0,0.984375,0.015625,0.0,0.0,0.0,0.0,0.0,0.0
0,0,0.984375,0.015625,0.0,0.0,0.0,0.0,0.0,0.0
0,0,0.984375,0.015625,0.0,0.0,0.0,0.0,0.0,0.0
0,0,0.984375,0.015625,0.0,0.0,0.0,0.0,0.0,0.0
0,0,0.984375,0.015625,0.0,0.0,0.0,0.0,0.0,0.0
0,0,0.984375,0.015625,0.0,0.0,0.0,0.0,0.0,0.0
0,0,0.984375,0.015625,0.0,0.0,0.0,0.0,0.0,0.0
0,0,0.984375,0.015625,0.0,0.0,0.0,0.0,0.0,0.0
0,0,0.984375,0.015625,0.0,0.0,0.0,0.0,0.0,0.0
0,0,0.984375,0.015625,0.0,0.0,0.0,0.0,0.0,0.0
0,0,0.984375,0.015625,0.0,0.0,0.0,0.0,0.0,0.0
0,0,0.984375,0.015625,0.0,0.0,0.0,0.0,0.0,0.0
0,0,0.984375,0.015625,0.0,0.0,0.0,0.0,0.0,0.0
0,0,0.984375,0.015625,0.0,0.0,0.0,0.0,0.0,0.0
0,0,0.984375,0.015625,0.0,0.0,0.0,0.0,0.0,0.0
0,0,0.984375,0.015625,0.0,0.0,0.0,0.0,0.0,0.0
0,0,0.984375,0.015625,0.0,0.0,0.0,0.0,0.0,0.0
0,0,0.984375,0.015625,0.0,0.0,0.0,0.0,0.0,0.0
0,0,0.984375,0.015625,0.0,0.0,0.0,0.0,0.0,0.0
0,0,0.984375,0.015625,0.0,0.0,0.0,0.0,0.0,0.0
0,0,0.984375,0.015625,0.0,0.0,0.0,0.0,0.0,0.0
0,0,0.984375,0.015625,0.0,0.0,0.0,0.0,0.0,0.0
0,0,0.984375,0.015625,0.0,0.0,0.0,0.0,0.0,0.0
0,0,0.984375,0.015625,0.0,0.0,0.0,0.0,0.0,0.0
0,0,0.984375,0.015625,0.0,0.0,0.0,0.0,0.0,0.0
0,0,0.984375,0.015625,0.0,0.0,0.0,0.0,0.0,0.0
0,0,0.984375,0.015625,0.0,0.0,0.0,0.0,0.0,0.0
0,0,0.984375,0.015625,0.0,0.0,0.0,0.0,0.0,0.0
0,0,0.984375,0.015625,0.0,0.0,0.0,0.0,0.0,0.0
0,0,0.984375,0.015625,0.0,0.0,0.0,0.0,0.0,0.0
0,0,0.984375,0.015625,0.0,0.0,0.0,0.0,0.0,0.0
0,0,0.984375,0.015625,0.0,0.0,0.0,0.0,0.0,0.0
0,0,0.984375,0.015625,0.0,0.0,0.0,0.0,0.0,0.0
0,0,0.984375,0.015625,0.0,0.0,0.0,0.0,0.0,0.0
0,0,0.984375,0.015625,0.0,0.0,0.0,0.0,0.0,0.0
0,0,0.984375,0.015625,0.0,0.0,0.0,0.0,0.0,0.0
0,0,0.984375,0.015625,0.0,0.0,0.0,0.0,0.0,0.0
0,0,0.984375,0.015625,0.0,0.0,0.0,0.0,0.0,0.0
0,0,1.0,0.0,0.0,0.0,0.0,0.0,0.0,0.0
0,0,1.0,0.0,0.0,0.0,0.0,0.0,0.0,0.0
0,0,1.0,0.0,0.0,0.0,0.0,0.0,0.0,0.0
0,0,1.0,0.0,0.0,0.0,0.0,0.0,0.0,0.0
0,0,1.0,0.0,0.0,0.0,0.0,0.0,0.0,0.0
0,0,1.0,0.0,0.0,0.0,0.0,0.0,0.0,0.0
0,0,1.0,0.0,0.0,0.0,0.0,0.0,0.0,0.0
0,0,1.0,0.0,0.0,0.0,0.0,0.0,0.0,0.0
0,0,1.0,0.0,0.0,0.0,0.0,0.0,0.0,0.0
0,0,1.0,0.0,0.0,0.0,0.0,0.0,0.0,0.0
0,0,1.0,0.0,0.0,0.0,0.0,0.0,0.0,0.0
0,0,1.0,0.0,0.0,0.0,0.0,0.0,0.0,0.0
0,0,1.0,0.0,0.0,0.0,0.0,0.0,0.0,0.0
0,0,1.0,0.0,0.0,0.0,0.0,0.0,0.0,0.0
0,0,1.0,0.0,0.0,0.0,0.0,0.0,0.0,0.0
0,0,1.0,0.0,0.0,0.0,0.0,0.0,0.0,0.0
0,0,1.0,0.0,0.0,0.0,0.0,0.0,0.0,0.0
0,0,1.0,0.0,0.0,0.0,0.0,0.0,0.0,0.0
0,0,1.0,0.0,0.0,0.0,0.0,0.0,0.0,0.0
0,0,1.0,0.0,0.0,0.0,0.0,0.0,0.0,0.0
0,0,1.0,0.0,0.0,0.0,0.0,0.0,0.0,0.0
0,0,1.0,0.0,0.0,0.0,0.0,0.0,0.0,0.0
0,0,1.0,0.0,0.0,0.0,0.0,0.0,0.0,0.0
0,0,1.0,0.0,0.0,0.0,0.0,0.0,0.0,0.0
0,0,1.0,0.0,0.0,0.0,0.0,0.0,0.0,0.0
0,0,1.0,0.0,0.0,0.0,0.0,0.0,0.0,0.0
0,0,1.0,0.0,0.0,0.0,0.0,0.0,0.0,0.0
0,0,1.0,0.0,0.0,0.0,0.0,0.0,0.0,0.0
0,0,1.0,0.0,0.0,0.0,0.0,0.0,0.0,0.0
0,0,1.0,0.0,0.0,0.0,0.0,0.0,0.0,0.0
0,0,1.0,0.0,0.0,0.0,0.0,0.0,0.0,0.0
0,0,1.0,0.0,0.0,0.0,0.0,0.0,0.0,0.0
0,0,1.0,0.0,0.0,0.0,0.0,0.0,0.0,0.0
0,0,1.0,0.0,0.0,0.0,0.0,0.0,0.0,0.0
0,0,1.0,0.0,0.0,0.0,0.0,0.0,0.0,0.0
0,0,1.0,0.0,0.0,0.0,0.0,0.0,0.0,0.0
0,0,1.0,0.0,0.0,0.0,0.0,0.0,0.0,0.0
0,0,1.0,0.0,0.0,0.0,0.0,0.0,0.0,0.0
0,0,1.0,0.0,0.0,0.0,0.0,0.0,0.0,0.0
0,0,1.0,0.0,0.0,0.0,0.0,0.0,0.0,0.0
0,0,1.0,0.0,0.0,0.0,0.0,0.0,0.0,0.0
0,0,1.0,0.0,0.0,0.0,0.0,0.0,0.0,0.0
0,0,1.0,0.0,0.0,0.0,0.0,0.0,0.0,0.0
0,0,1.0,0.0,0.0,0.0,0.0,0.0,0.0,0.0
0,0,1.0,0.0,0.0,0.0,0.0,0.0,0.0,0.0
0,0,1.0,0.0,0.0,0.0,0.0,0.0,0.0,0.0
0,0,1.0,0.0,0.0,0.0,0.0,0.0,0.0,0.0
0,0,1.0,0.0,0.0,0.0,0.0,0.0,0.0,0.0
0,0,1.0,0.0,0.0,0.0,0.0,0.0,0.0,0.0
0,0,1.0,0.0,0.0,0.0,0.0,0.0,0.0,0.0
0,0,1.0,0.0,0.0,0.0,0.0,0.0,0.0,0.0
0,0,1.0,0.0,0.0,0.0,0.0,0.0,0.0,0.0
0,0,1.0,0.0,0.0,0.0,0.0,0.0,0.0,0.0
0,0,1.0,0.0,0.0,0.0,0.0,0.0,0.0,0.0
0,0,1.0,0.0,0.0,0.0,0.0,0.0,0.0,0.0
0,0,1.0,0.0,0.0,0.0,0.0,0.0,0.0,0.0
0,0,1.0,0.0,0.0,0.0,0.0,0.0,0.0,0.0
0,0,1.0,0.0,0.0,0.0,0.0,0.0,0.0,0.0
0,0,1.0,0.0,0.0,0.0,0.0,0.0,0.0,0.0
0,0,1.0,0.0,0.0,0.0,0.0,0.0,0.0,0.0
0,0,1.0,0.0,0.0,0.0,0.0,0.0,0.0,0.0
0,0,1.0,0.0,0.0,0.0,0.0,0.0,0.0,0.0
0,0,1.0,0.0,0.0,0.0,0.0,0.0,0.0,0.0
0,0,1.0,0.0,0.0,0.0,0.0,0.0,0.0,0.0
0,0,1.0,0.0,0.0,0.0,0.0,0.0,0.0,0.0
0,0,1.0,0.0,0.0,0.0,0.0,0.0,0.0,0.0
0,0,1.0,0.0,0.0,0.0,0.0,0.0,0.0,0.0
0,0,1.0,0.0,0.0,0.0,0.0,0.0,0.0,0.0
0,0,1.0,0.0,0.0,0.0,0.0,0.0,0.0,0.0
0,0,1.0,0.0,0.0,0.0,0.0,0.0,0.0,0.0
0,0,1.0,0.0,0.0,0.0,0.0,0.0,0.0,0.0
0,0,1.0,0.0,0.0,0.0,0.0,0.0,0.0,0.0
0,0,1.0,0.0,0.0,0.0,0.0,0.0,0.0,0.0
0,0,1.0,0.0,0.0,0.0,0.0,0.0,0.0,0.0
0,0,1.0,0.0,0.0,0.0,0.0,0.0,0.0,0.0
0,0,1.0,0.0,0.0,0.0,0.0,0.0,0.0,0.0
0,0,1.0,0.0,0.0,0.0,0.0,0.0,0.0,0.0
0,0,1.0,0.0,0.0,0.0,0.0,0.0,0.0,0.0
0,0,1.0,0.0,0.0,0.0,0.0,0.0,0.0,0.0
0,0,1.0,0.0,0.0,0.0,0.0,0.0,0.0,0.0
0,0,1.0,0.0,0.0,0.0,0.0,0.0,0.0,0.0
0,0,1.0,0.0,0.0,0.0,0.0,0.0,0.0,0.0
0,0,1.0,0.0,0.0,0.0,0.0,0.0,0.0,0.0
0,0,1.0,0.0,0.0,0.0,0.0,0.0,0.0,0.0
0,0,1.0,0.0,0.0,0.0,0.0,0.0,0.0,0.0
0,0,1.0,0.0,0.0,0.0,0.0,0.0,0.0,0.0
0,0,1.0,0.0,0.0,0.0,0.0,0.0,0.0,0.0
0,0,1.0,0.0,0.0,0.0,0.0,0.0,0.0,0.0
0,0,1.0,0.0,0.0,0.0,0.0,0.0,0.0,0.0
0,0,1.0,0.0,0.0,0.0,0.0,0.0,0.0,0.0
0,0,1.0,0.0,0.0,0.0,0.0,0.0,0.0,0.0
0,0,1.0,0.0,0.0,0.0,0.0,0.0,0.0,0.0
0,0,1.0,0.0,0.0,0.0,0.0,0.0,0.0,0.0
0,0,1.0,0.0,0.0,0.0,0.0,0.0,0.0,0.0
0,0,1.0,0.0,0.0,0.0,0.0,0.0,0.0,0.0
0,0,1.0,0.0,0.0,0.0,0.0,0.0,0.0,0.0
0,0,1.0,0.0,0.0,0.0,0.0,0.0,0.0,0.0
0,0,1.0,0.0,0.0,0.0,0.0,0.0,0.0,0.0
0,0,1.0,0.0,0.0,0.0,0.0,0.0,0.0,0.0
0,0,1.0,0.0,0.0,0.0,0.0,0.0,0.0,0.0
0,0,1.0,0.0,0.0,0.0,0.0,0.0,0.0,0.0
0,0,1.0,0.0,0.0,0.0,0.0,0.0,0.0,0.0
0,0,1.0,0.0,0.0,0.0,0.0,0.0,0.0,0.0
0,0,1.0,0.0,0.0,0.0,0.0,0.0,0.0,0.0
0,0,1.0,0.0,0.0,0.0,0.0,0.0,0.0,0.0
0,0,1.0,0.0,0.0,0.0,0.0,0.0,0.0,0.0
0,0,1.0,0.0,0.0,0.0,0.0,0.0,0.0,0.0
0,0,1.0,0.0,0.0,0.0,0.0,0.0,0.0,0.0
0,0,1.0,0.0,0.0,0.0,0.0,0.0,0.0,0.0
0,0,1.0,0.0,0.0,0.0,0.0,0.0,0.0,0.0
0,0,1.0,0.0,0.0,0.0,0.0,0.0,0.0,0.0
0,0,1.0,0.0,0.0,0.0,0.0,0.0,0.0,0.0
0,0,1.0,0.0,0.0,0.0,0.0,0.0,0.0,0.0
0,0,1.0,0.0,0.0,0.0,0.0,0.0,0.0,0.0
0,0,1.0,0.0,0.0,0.0,0.0,0.0,0.0,0.0
0,0,1.0,0.0,0.0,0.0,0.0,0.0,0.0,0.0
0,0,1.0,0.0,0.0,0.0,0.0,0.0,0.0,0.0
0,0,1.0,0.0,0.0,0.0,0.0,0.0,0.0,0.0
0,0,1.0,0.0,0.0,0.0,0.0,0.0,0.0,0.0
0,0,1.0,0.0,0.0,0.0,0.0,0.0,0.0,0.0
0,0,1.0,0.0,0.0,0.0,0.0,0.0,0.0,0.0
0,0,1.0,0.0,0.0,0.0,0.0,0.0,0.0,0.0
0,0,1.0,0.0,0.0,0.0,0.0,0.0,0.0,0.0
0,0,1.0,0.0,0.0,0.0,0.0,0.0,0.0,0.0
0,0,1.0,0.0,0.0,0.0,0.0,0.0,0.0,0.0
0,0,1.0,0.0,0.0,0.0,0.0,0.0,0.0,0.0
0,0,1.0,0.0,0.0,0.0,0.0,0.0,0.0,0.0
0,0,1.0,0.0,0.0,0.0,0.0,0.0,0.0,0.0
0,0,1.0,0.0,0.0,0.0,0.0,0.0,0.0,0.0
0,0,1.0,0.0,0.0,0.0,0.0,0.0,0.0,0.0
0,0,1.0,0.0,0.0,0.0,0.0,0.0,0.0,0.0
0,0,1.0,0.0,0.0,0.0,0.0,0.0,0.0,0.0
0,0,1.0,0.0,0.0,0.0,0.0,0.0,0.0,0.0
0,0,1.0,0.0,0.0,0.0,0.0,0.0,0.0,0.0
0,0,1.0,0.0,0.0,0.0,0.0,0.0,0.0,0.0
0,0,1.0,0.0,0.0,0.0,0.0,0.0,0.0,0.0
0,0,1.0,0.0,0.0,0.0,0.0,0.0,0.0,0.0
0,0,1.0,0.0,0.0,0.0,0.0,0.0,0.0,0.0
0,0,1.0,0.0,0.0,0.0,0.0,0.0,0.0,0.0
0,0,1.0,0.0,0.0,0.0,0.0,0.0,0.0,0.0
0,0,1.0,0.0,0.0,0.0,0.0,0.0,0.0,0.0
0,0,1.0,0.0,0.0,0.0,0.0,0.0,0.0,0.0
0,0,1.0,0.0,0.0,0.0,0.0,0.0,0.0,0.0
0,0,1.0,0.0,0.0,0.0,0.0,0.0,0.0,0.0
0,0,1.0,0.0,0.0,0.0,0.0,0.0,0.0,0.0
0,0,1.0,0.0,0.0,0.0,0.0,0.0,0.0,0.0
0,0,1.0,0.0,0.0,0.0,0.0,0.0,0.0,0.0
0,0,1.0,0.0,0.0,0.0,0.0,0.0,0.0,0.0
0,0,1.0,0.0,0.0,0.0,0.0,0.0,0.0,0.0
0,0,1.0,0.0,0.0,0.0,0.0,0.0,0.0,0.0
0,0,1.0,0.0,0.0,0.0,0.0,0.0,0.0,0.0
0,0,1.0,0.0,0.0,0.0,0.0,0.0,0.0,0.0
0,0,1.0,0.0,0.0,0.0,0.0,0.0,0.0,0.0
0,0,1.0,0.0,0.0,0.0,0.0,0.0,0.0,0.0
0,0,1.0,0.0,0.0,0.0,0.0,0.0,0.0,0.0
0,0,1.0,0.0,0.0,0.0,0.0,0.0,0.0,0.0
0,0,1.0,0.0,0.0,0.0,0.0,0.0,0.0,0.0
0,0,1.0,0.0,0.0,0.0,0.0,0.0,0.0,0.0
0,0,1.0,0.0,0.0,0.0,0.0,0.0,0.0,0.0
0,0,1.0,0.0,0.0,0.0,0.0,0.0,0.0,0.0
0,0,1.0,0.0,0.0,0.0,0.0,0.0,0.0,0.0
0,0,1.0,0.0,0.0,0.0,0.0,0.0,0.0,0.0
0,0,1.0,0.0,0.0,0.0,0.0,0.0,0.0,0.0
0,0,1.0,0.0,0.0,0.0,0.0,0.0,0.0,0.0
0,0,1.0,0.0,0.0,0.0,0.0,0.0,0.0,0.0
0,0,1.0,0.0,0.0,0.0,0.0,0.0,0.0,0.0
0,0,1.0,0.0,0.0,0.0,0.0,0.0,0.0,0.0
0,0,1.0,0.0,0.0,0.0,0.0,0.0,0.0,0.0
0,0,1.0,0.0,0.0,0.0,0.0,0.0,0.0,0.0
0,0,1.0,0.0,0.0,0.0,0.0,0.0,0.0,0.0
0,0,1.0,0.0,0.0,0.0,0.0,0.0,0.0,0.0
0,0,1.0,0.0,0.0,0.0,0.0,0.0,0.0,0.0
0,0,1.0,0.0,0.0,0.0,0.0,0.0,0.0,0.0
0,0,1.0,0.0,0.0,0.0,0.0,0.0,0.0,0.0
0,0,1.0,0.0,0.0,0.0,0.0,0.0,0.0,0.0
0,0,1.0,0.0,0.0,0.0,0.0,0.0,0.0,0.0
0,0,1.0,0.0,0.0,0.0,0.0,0.0,0.0,0.0
0,0,1.0,0.0,0.0,0.0,0.0,0.0,0.0,0.0
0,0,1.0,0.0,0.0,0.0,0.0,0.0,0.0,0.0
0,0,1.0,0.0,0.0,0.0,0.0,0.0,0.0,0.0
0,0,0.984375,0.015625,0.0,0.0,0.0,0.0,0.0,0.0
0,0,0.984375,0.015625,0.0,0.0,0.0,0.0,0.0,0.0
0,0,0.984375,0.015625,0.0,0.0,0.0,0.0,0.0,0.0
0,0,0.984375,0.015625,0.0,0.0,0.0,0.0,0.0,0.0
0,0,0.984375,0.015625,0.0,0.0,0.0,0.0,0.0,0.0
0,0,0.984375,0.015625,0.0,0.0,0.0,0.0,0.0,0.0
0,0,0.984375,0.015625,0.0,0.0,0.0,0.0,0.0,0.0
0,0,0.984375,0.015625,0.0,0.0,0.0,0.0,0.0,0.0
0,0,0.984375,0.015625,0.0,0.0,0.0,0.0,0.0,0.0
0,0,0.984375,0.015625,0.0,0.0,0.0,0.0,0.0,0.0
0,0,0.984375,0.015625,0.0,0.0,0.0,0.0,0.0,0.0
0,0,0.984375,0.015625,0.0,0.0,0.0,0.0,0.0,0.0
0,0,1.0,0.0,0.0,0.0,0.0,0.0,0.0,0.0
0,0,1.0,0.0,0.0,0.0,0.0,0.0,0.0,0.0
0,0,1.0,0.0,0.0,0.0,0.0,0.0,0.0,0.0
0,0,1.0,0.0,0.0,0.0,0.0,0.0,0.0,0.0
0,0,1.0,0.0,0.0,0.0,0.0,0.0,0.0,0.0
0,0,1.0,0.0,0.0,0.0,0.0,0.0,0.0,0.0
0,0,1.0,0.0,0.0,0.0,0.0,0.0,0.0,0.0
0,0,1.0,0.0,0.0,0.0,0.0,0.0,0.0,0.0
0,0,1.0,0.0,0.0,0.0,0.0,0.0,0.0,0.0
0,0,1.0,0.0,0.0,0.0,0.0,0.0,0.0,0.0
0,0,1.0,0.0,0.0,0.0,0.0,0.0,0.0,0.0
0,0,1.0,0.0,0.0,0.0,0.0,0.0,0.0,0.0
0,0,1.0,0.0,0.0,0.0,0.0,0.0,0.0,0.0
0,0,1.0,0.0,0.0,0.0,0.0,0.0,0.0,0.0
0,0,1.0,0.0,0.0,0.0,0.0,0.0,0.0,0.0
0,0,1.0,0.0,0.0,0.0,0.0,0.0,0.0,0.0
0,0,1.0,0.0,0.0,0.0,0.0,0.0,0.0,0.0
0,0,1.0,0.0,0.0,0.0,0.0,0.0,0.0,0.0
0,0,1.0,0.0,0.0,0.0,0.0,0.0,0.0,0.0
0,0,1.0,0.0,0.0,0.0,0.0,0.0,0.0,0.0
0,0,1.0,0.0,0.0,0.0,0.0,0.0,0.0,0.0
0,0,1.0,0.0,0.0,0.0,0.0,0.0,0.0,0.0
0,0,1.0,0.0,0.0,0.0,0.0,0.0,0.0,0.0
0,0,1.0,0.0,0.0,0.0,0.0,0.0,0.0,0.0
0,0,1.0,0.0,0.0,0.0,0.0,0.0,0.0,0.0
0,0,1.0,0.0,0.0,0.0,0.0,0.0,0.0,0.0
0,0,1.0,0.0,0.0,0.0,0.0,0.0,0.0,0.0
0,0,1.0,0.0,0.0,0.0,0.0,0.0,0.0,0.0
0,0,1.0,0.0,0.0,0.0,0.0,0.0,0.0,0.0
0,0,1.0,0.0,0.0,0.0,0.0,0.0,0.0,0.0
0,0,1.0,0.0,0.0,0.0,0.0,0.0,0.0,0.0
0,0,1.0,0.0,0.0,0.0,0.0,0.0,0.0,0.0
0,0,1.0,0.0,0.0,0.0,0.0,0.0,0.0,0.0
0,0,1.0,0.0,0.0,0.0,0.0,0.0,0.0,0.0
0,0,1.0,0.0,0.0,0.0,0.0,0.0,0.0,0.0
0,0,1.0,0.0,0.0,0.0,0.0,0.0,0.0,0.0
0,0,1.0,0.0,0.0,0.0,0.0,0.0,0.0,0.0
0,0,1.0,0.0,0.0,0.0,0.0,0.0,0.0,0.0
0,0,1.0,0.0,0.0,0.0,0.0,0.0,0.0,0.0
0,0,1.0,0.0,0.0,0.0,0.0,0.0,0.0,0.0
0,0,1.0,0.0,0.0,0.0,0.0,0.0,0.0,0.0
0,0,1.0,0.0,0.0,0.0,0.0,0.0,0.0,0.0
0,0,1.0,0.0,0.0,0.0,0.0,0.0,0.0,0.0
0,0,1.0,0.0,0.0,0.0,0.0,0.0,0.0,0.0
0,0,1.0,0.0,0.0,0.0,0.0,0.0,0.0,0.0
0,0,1.0,0.0,0.0,0.0,0.0,0.0,0.0,0.0
0,0,1.0,0.0,0.0,0.0,0.0,0.0,0.0,0.0
0,0,1.0,0.0,0.0,0.0,0.0,0.0,0.0,0.0
0,0,1.0,0.0,0.0,0.0,0.0,0.0,0.0,0.0
0,0,1.0,0.0,0.0,0.0,0.0,0.0,0.0,0.0
0,0,1.0,0.0,0.0,0.0,0.0,0.0,0.0,0.0
0,0,1.0,0.0,0.0,0.0,0.0,0.0,0.0,0.0
0,0,1.0,0.0,0.0,0.0,0.0,0.0,0.0,0.0
0,0,1.0,0.0,0.0,0.0,0.0,0.0,0.0,0.0
0,0,1.0,0.0,0.0,0.0,0.0,0.0,0.0,0.0
0,0,1.0,0.0,0.0,0.0,0.0,0.0,0.0,0.0
0,0,1.0,0.0,0.0,0.0,0.0,0.0,0.0,0.0
0,0,1.0,0.0,0.0,0.0,0.0,0.0,0.0,0.0
0,0,1.0,0.0,0.0,0.0,0.0,0.0,0.0,0.0
0,0,1.0,0.0,0.0,0.0,0.0,0.0,0.0,0.0
0,0,1.0,0.0,0.0,0.0,0.0,0.0,0.0,0.0
0,0,1.0,0.0,0.0,0.0,0.0,0.0,0.0,0.0
0,0,1.0,0.0,0.0,0.0,0.0,0.0,0.0,0.0
0,0,1.0,0.0,0.0,0.0,0.0,0.0,0.0,0.0
0,0,1.0,0.0,0.0,0.0,0.0,0.0,0.0,0.0
0,0,1.0,0.0,0.0,0.0,0.0,0.0,0.0,0.0
0,0,1.0,0.0,0.0,0.0,0.0,0.0,0.0,0.0
0,0,1.0,0.0,0.0,0.0,0.0,0.0,0.0,0.0
0,0,1.0,0.0,0.0,0.0,0.0,0.0,0.0,0.0
0,0,1.0,0.0,0.0,0.0,0.0,0.0,0.0,0.0
0,0,1.0,0.0,0.0,0.0,0.0,0.0,0.0,0.0
0,0,1.0,0.0,0.0,0.0,0.0,0.0,0.0,0.0
0,0,1.0,0.0,0.0,0.0,0.0,0.0,0.0,0.0
0,0,1.0,0.0,0.0,0.0,0.0,0.0,0.0,0.0
0,0,1.0,0.0,0.0,0.0,0.0,0.0,0.0,0.0
0,0,1.0,0.0,0.0,0.0,0.0,0.0,0.0,0.0
0,0,1.0,0.0,0.0,0.0,0.0,0.0,0.0,0.0
0,0,1.0,0.0,0.0,0.0,0.0,0.0,0.0,0.0
0,0,1.0,0.0,0.0,0.0,0.0,0.0,0.0,0.0
0,0,1.0,0.0,0.0,0.0,0.0,0.0,0.0,0.0
0,0,1.0,0.0,0.0,0.0,0.0,0.0,0.0,0.0
0,0,1.0,0.0,0.0,0.0,0.0,0.0,0.0,0.0
0,0,1.0,0.0,0.0,0.0,0.0,0.0,0.0,0.0
0,0,1.0,0.0,0.0,0.0,0.0,0.0,0.0,0.0
0,0,1.0,0.0,0.0,0.0,0.0,0.0,0.0,0.0
0,0,1.0,0.0,0.0,0.0,0.0,0.0,0.0,0.0
0,0,1.0,0.0,0.0,0.0,0.0,0.0,0.0,0.0
0,0,1.0,0.0,0.0,0.0,0.0,0.0,0.0,0.0
0,0,1.0,0.0,0.0,0.0,0.0,0.0,0.0,0.0
0,0,1.0,0.0,0.0,0.0,0.0,0.0,0.0,0.0
0,0,1.0,0.0,0.0,0.0,0.0,0.0,0.0,0.0
0,0,1.0,0.0,0.0,0.0,0.0,0.0,0.0,0.0
0,0,1.0,0.0,0.0,0.0,0.0,0.0,0.0,0.0
0,0,1.0,0.0,0.0,0.0,0.0,0.0,0.0,0.0
0,0,1.0,0.0,0.0,0.0,0.0,0.0,0.0,0.0
0,0,1.0,0.0,0.0,0.0,0.0,0.0,0.0,0.0
0,0,1.0,0.0,0.0,0.0,0.0,0.0,0.0,0.0
0,0,1.0,0.0,0.0,0.0,0.0,0.0,0.0,0.0
0,0,1.0,0.0,0.0,0.0,0.0,0.0,0.0,0.0
0,0,1.0,0.0,0.0,0.0,0.0,0.0,0.0,0.0
0,0,1.0,0.0,0.0,0.0,0.0,0.0,0.0,0.0
0,0,1.0,0.0,0.0,0.0,0.0,0.0,0.0,0.0
0,0,1.0,0.0,0.0,0.0,0.0,0.0,0.0,0.0
0,0,1.0,0.0,0.0,0.0,0.0,0.0,0.0,0.0
0,0,1.0,0.0,0.0,0.0,0.0,0.0,0.0,0.0
0,0,1.0,0.0,0.0,0.0,0.0,0.0,0.0,0.0
0,0,1.0,0.0,0.0,0.0,0.0,0.0,0.0,0.0
0,0,1.0,0.0,0.0,0.0,0.0,0.0,0.0,0.0
0,0,0.984375,0.015625,0.0,0.0,0.0,0.0,0.0,0.0
0,0,0.984375,0.015625,0.0,0.0,0.0,0.0,0.0,0.0
0,0,0.984375,0.015625,0.0,0.0,0.0,0.0,0.0,0.0
0,0,0.984375,0.015625,0.0,0.0,0.0,0.0,0.0,0.0
0,0,0.984375,0.015625,0.0,0.0,0.0,0.0,0.0,0.0
0,0,0.984375,0.015625,0.0,0.0,0.0,0.0,0.0,0.0
0,0,0.984375,0.015625,0.0,0.0,0.0,0.0,0.0,0.0
0,0,0.984375,0.015625,0.0,0.0,0.0,0.0,0.0,0.0
0,0,0.984375,0.015625,0.0,0.0,0.0,0.0,0.0,0.0
0,0,0.984375,0.015625,0.0,0.0,0.0,0.0,0.0,0.0
0,0,0.984375,0.015625,0.0,0.0,0.0,0.0,0.0,0.0
0,0,0.984375,0.015625,0.0,0.0,0.0,0.0,0.0,0.0
0,0,0.984375,0.015625,0.0,0.0,0.0,0.0,0.0,0.0
0,0,0.984375,0.015625,0.0,0.0,0.0,0.0,0.0,0.0
0,0,0.984375,0.015625,0.0,0.0,0.0,0.0,0.0,0.0
0,0,0.984375,0.015625,0.0,0.0,0.0,0.0,0.0,0.0
0,0,0.984375,0.015625,0.0,0.0,0.0,0.0,0.0,0.0
0,0,0.984375,0.015625,0.0,0.0,0.0,0.0,0.0,0.0
0,0,0.984375,0.015625,0.0,0.0,0.0,0.0,0.0,0.0
0,0,0.984375,0.015625,0.0,0.0,0.0,0.0,0.0,0.0
0,0,0.984375,0.015625,0.0,0.0,0.0,0.0,0.0,0.0
0,0,0.984375,0.015625,0.0,0.0,0.0,0.0,0.0,0.0
0,0,0.984375,0.015625,0.0,0.0,0.0,0.0,0.0,0.0
0,0,0.96875,0.03125,0.0,0.0,0.0,0.0,0.0,0.0
0,0,0.953125,0.03125,0.0,0.0,0.0,0.0,0.0,0.015625
0,0,0.953125,0.03125,0.0,0.0,0.0,0.0,0.0,0.015625
0,0,0.953125,0.03125,0.0,0.0,0.0,0.0,0.0,0.015625
0,0,0.953125,0.03125,0.0,0.0,0.0,0.0,0.0,0.015625
0,0,0.953125,0.03125,0.0,0.0,0.0,0.0,0.0,0.015625
0,0,0.953125,0.03125,0.0,0.0,0.0,0.0,0.0,0.015625
0,0,0.953125,0.03125,0.0,0.0,0.0,0.0,0.0,0.015625
0,0,0.953125,0.03125,0.0,0.0,0.0,0.0,0.0,0.015625
0,0,0.953125,0.03125,0.0,0.0,0.0,0.0,0.0,0.015625
0,0,0.953125,0.03125,0.0,0.0,0.0,0.0,0.0,0.015625
0,0,0.953125,0.03125,0.0,0.0,0.0,0.0,0.0,0.015625
0,0,0.953125,0.03125,0.0,0.0,0.0,0.0,0.0,0.015625
0,0,0.953125,0.03125,0.0,0.0,0.0,0.0,0.0,0.015625
0,0,0.953125,0.03125,0.0,0.0,0.0,0.0,0.0,0.015625
0,0,0.953125,0.03125,0.0,0.0,0.0,0.0,0.0,0.015625
0,0,0.953125,0.03125,0.0,0.0,0.0,0.0,0.0,0.015625
0,0,0.953125,0.03125,0.0,0.0,0.0,0.0,0.0,0.015625
0,0,0.9375,0.046875,0.0,0.0,0.0,0.0,0.0,0.015625
0,0,0.9375,0.046875,0.0,0.0,0.0,0.0,0.0,0.015625
0,0,0.9375,0.046875,0.0,0.0,0.0,0.0,0.0,0.015625
0,0,0.90625,0.046875,0.03125,0.0,0.0,0.0,0.0,0.015625
0,0,0.90625,0.046875,0.03125,0.0,0.0,0.0,0.0,0.015625
0,0,0.90625,0.046875,0.03125,0.0,0.0,0.0,0.0,0.015625
0,0,0.890625,0.0625,0.03125,0.0,0.0,0.0,0.0,0.015625
0,0,0.890625,0.0625,0.03125,0.0,0.0,0.0,0.0,0.015625
0,0,0.890625,0.0625,0.03125,0.0,0.0,0.0,0.0,0.015625
0,0,0.890625,0.0625,0.03125,0.0,0.0,0.0,0.0,0.015625
0,0,0.890625,0.0625,0.03125,0.0,0.0,0.0,0.0,0.015625
0,0,0.890625,0.0625,0.03125,0.0,0.0,0.0,0.0,0.015625
0,0,0.890625,0.0625,0.03125,0.0,0.0,0.0,0.0,0.015625
0,0,0.890625,0.0625,0.03125,0.0,0.0,0.0,0.0,0.015625
0,0,0.890625,0.0625,0.03125,0.0,0.0,0.0,0.0,0.015625
0,0,0.875,0.078125,0.03125,0.0,0.0,0.0,0.0,0.015625
0,0,0.875,0.078125,0.03125,0.0,0.0,0.0,0.0,0.015625
0,0,0.875,0.078125,0.03125,0.0,0.0,0.0,0.0,0.015625
0,0,0.875,0.078125,0.03125,0.0,0.0,0.0,0.0,0.015625
0,0,0.796875,0.15625,0.03125,0.0,0.0,0.0,0.0,0.015625
0,0,0.796875,0.15625,0.03125,0.0,0.0,0.0,0.0,0.015625
0,0,0.796875,0.15625,0.03125,0.0,0.0,0.0,0.0,0.015625
0,0,0.796875,0.15625,0.03125,0.0,0.0,0.0,0.0,0.015625
0,0,0.796875,0.15625,0.03125,0.0,0.0,0.0,0.0,0.015625
0,0,0.796875,0.15625,0.03125,0.0,0.0,0.0,0.0,0.015625
0,0,0.796875,0.15625,0.03125,0.0,0.0,0.0,0.0,0.015625
0,0,0.796875,0.15625,0.03125,0.0,0.0,0.0,0.0,0.015625
0,0,0.796875,0.15625,0.03125,0.0,0.0,0.0,0.0,0.015625
0,0,0.796875,0.15625,0.03125,0.0,0.0,0.0,0.0,0.015625
0,0,0.78125,0.171875,0.03125,0.0,0.0,0.0,0.0,0.015625
0,0,0.78125,0.171875,0.03125,0.0,0.0,0.0,0.0,0.015625
0,0,0.765625,0.1875,0.03125,0.0,0.0,0.0,0.0,0.015625
0,0,0.765625,0.1875,0.03125,0.0,0.0,0.0,0.0,0.015625
0,0,0.765625,0.1875,0.03125,0.0,0.0,0.0,0.0,0.015625
0,0,0.765625,0.1875,0.03125,0.0,0.0,0.0,0.0,0.015625
0,0,0.765625,0.1875,0.03125,0.0,0.0,0.0,0.0,0.015625
0,0,0.765625,0.1875,0.03125,0.0,0.0,0.0,0.0,0.015625
0,0,0.765625,0.1875,0.03125,0.0,0.0,0.0,0.0,0.015625
0,0,0.75,0.203125,0.03125,0.0,0.0,0.0,0.0,0.015625
0,0,0.75,0.203125,0.03125,0.0,0.0,0.0,0.0,0.015625
0,0,0.75,0.203125,0.03125,0.0,0.0,0.0,0.0,0.015625
0,0,0.75,0.203125,0.03125,0.0,0.0,0.0,0.0,0.015625
0,0,0.734375,0.21875,0.03125,0.0,0.0,0.0,0.0,0.015625
0,0,0.6875,0.265625,0.03125,0.0,0.0,0.0,0.0,0.015625
0,0,0.6875,0.265625,0.03125,0.0,0.0,0.0,0.0,0.015625
0,0,0.6875,0.265625,0.03125,0.0,0.0,0.0,0.0,0.015625
0,0,0.6875,0.265625,0.03125,0.0,0.0,0.0,0.0,0.015625
0,0,0.6875,0.265625,0.03125,0.0,0.0,0.0,0.0,0.015625
0,0,0.6875,0.265625,0.03125,0.0,0.0,0.0,0.0,0.015625
0,0,0.671875,0.28125,0.03125,0.0,0.0,0.0,0.0,0.015625
0,0,0.671875,0.28125,0.03125,0.0,0.0,0.0,0.0,0.015625
0,0,0.671875,0.28125,0.03125,0.0,0.0,0.0,0.0,0.015625
0,0,0.671875,0.28125,0.03125,0.0,0.0,0.0,0.0,0.015625
0,0,0.671875,0.28125,0.03125,0.0,0.0,0.0,0.0,0.015625
0,0,0.671875,0.28125,0.03125,0.0,0.0,0.0,0.0,0.015625
0,0,0.65625,0.296875,0.03125,0.0,0.0,0.0,0.0,0.015625
0,0,0.65625,0.296875,0.03125,0.0,0.0,0.0,0.0,0.015625
1,0,0.65625,0.296875,0.03125,0.0,0.0,0.0,0.0,0.015625
1,0,0.65625,0.296875,0.03125,0.0,0.0,0.0,0.0,0.015625
1,0,0.578125,0.328125,0.046875,0.0,0.015625,0.0,0.0,0.03125
1,0,0.578125,0.328125,0.046875,0.0,0.015625,0.0,0.0,0.03125
1,0,0.578125,0.328125,0.046875,0.0,0.015625,0.0,0.0,0.03125
1,0,0.5625,0.34375,0.046875,0.0,0.015625,0.0,0.0,0.03125
1,0,0.5625,0.34375,0.046875,0.0,0.015625,0.0,0.0,0.03125
1,0,0.5625,0.34375,0.046875,0.0,0.015625,0.0,0.0,0.03125
1,0,0.546875,0.34375,0.0625,0.0,0.015625,0.0,0.0,0.03125
1,0,0.53125,0.34375,0.078125,0.0,0.015625,0.0,0.0,0.03125
1,1,0.328125,0.359375,0.234375,0.015625,0.015625,0.0,0.0,0.046875
1,1,0.328125,0.359375,0.234375,0.015625,0.015625,0.0,0.0,0.046875
1,1,0.328125,0.359375,0.234375,0.015625,0.015625,0.0,0.0,0.046875
1,1,0.328125,0.359375,0.234375,0.015625,0.015625,0.0,0.0,0.046875
1,1,0.296875,0.375,0.25,0.015625,0.015625,0.0,0.0,0.046875
1,1,0.296875,0.375,0.25,0.015625,0.015625,0.0,0.0,0.046875
1,1,0.296875,0.375,0.25,0.015625,0.015625,0.0,0.0,0.046875
1,1,0.296875,0.375,0.25,0.015625,0.015625,0.0,0.0,0.046875
1,1,0.296875,0.375,0.25,0.015625,0.015625,0.0,0.0,0.046875
1,1,0.296875,0.375,0.25,0.015625,0.015625,0.0,0.0,0.046875
1,1,0.296875,0.359375,0.265625,0.015625,0.015625,0.0,0.0,0.046875
1,1,0.296875,0.359375,0.265625,0.015625,0.015625,0.0,0.0,0.046875
1,1,0.28125,0.375,0.28125,0.015625,0.0,0.0,0.0,0.046875
1,1,0.28125,0.375,0.28125,0.015625,0.0,0.0,0.0,0.046875
1,1,0.28125,0.375,0.28125,0.015625,0.0,0.0,0.0,0.046875
1,1,0.28125,0.375,0.28125,0.015625,0.0,0.0,0.0,0.046875
1,1,0.265625,0.375,0.296875,0.015625,0.0,0.0,0.0,0.046875
1,1,0.265625,0.375,0.296875,0.015625,0.0,0.0,0.0,0.046875
1,1,0.265625,0.359375,0.3125,0.015625,0.0,0.0,0.0,0.046875
1,1,0.265625,0.359375,0.3125,0.015625,0.0,0.0,0.0,0.046875
1,1,0.265625,0.359375,0.3125,0.015625,0.0,0.0,0.0,0.046875
1,1,0.265625,0.359375,0.3125,0.015625,0.0,0.0,0.0,0.046875
1,1,0.265625,0.359375,0.3125,0.015625,0.0,0.0,0.0,0.046875
1,1,0.265625,0.359375,0.3125,0.015625,0.0,0.0,0.0,0.046875
1,2,0.234375,0.3125,0.375,0.03125,0.0,0.0,0.0,0.046875
1,2,0.234375,0.296875,0.390625,0.03125,0.0,0.0,0.0,0.046875
1,2,0.234375,0.296875,0.390625,0.03125,0.0,0.0,0.0,0.046875
1,2,0.234375,0.296875,0.390625,0.03125,0.0,0.0,0.0,0.046875
1,2,0.234375,0.296875,0.390625,0.03125,0.0,0.0,0.0,0.046875
1,2,0.234375,0.296875,0.390625,0.03125,0.0,0.0,0.0,0.046875
1,2,0.234375,0.265625,0.421875,0.03125,0.0,0.0,0.0,0.046875
1,2,0.234375,0.265625,0.421875,0.03125,0.0,0.0,0.0,0.046875
1,2,0.109375,0.265625,0.53125,0.015625,0.0,0.0,0.0,0.078125
1,2,0.109375,0.265625,0.53125,0.015625,0.0,0.0,0.0,0.078125
1,2,0.109375,0.265625,0.53125,0.015625,0.0,0.0,0.0,0.078125
1,2,0.109375,0.265625,0.53125,0.015625,0.0,0.0,0.0,0.078125
1,2,0.109375,0.25,0.546875,0.015625,0.0,0.0,0.0,0.078125
1,2,0.109375,0.25,0.546875,0.015625,0.0,0.0,0.0,0.078125
1,2,0.109375,0.25,0.546875,0.015625,0.0,0.0,0.0,0.078125
1,2,0.109375,0.25,0.546875,0.015625,0.0,0.0,0.0,0.078125
1,2,0.109375,0.25,0.546875,0.015625,0.0,0.0,0.0,0.078125
1,2,0.109375,0.25,0.546875,0.015625,0.0,0.0,0.0,0.078125
1,2,0.09375,0.25,0.546875,0.015625,0.0,0.0,0.0,0.09375
1,2,0.09375,0.25,0.546875,0.015625,0.0,0.0,0.0,0.09375
1,2,0.078125,0.234375,0.5625,0.03125,0.0,0.0,0.0,0.09375
1,2,0.078125,0.234375,0.5625,0.03125,0.0,0.0,0.0,0.09375
1,2,0.078125,0.234375,0.5625,0.03125,0.0,0.0,0.0,0.09375
1,2,0.078125,0.234375,0.5625,0.03125,0.0,0.0,0.0,0.09375
1,2,0.0625,0.234375,0.5625,0.046875,0.0,0.0,0.0,0.09375
1,2,0.0625,0.234375,0.5625,0.046875,0.0,0.0,0.0,0.09375
1,2,0.0625,0.234375,0.5625,0.046875,0.0,0.0,0.0,0.09375
1,2,0.0625,0.234375,0.5625,0.046875,0.0,0.0,0.0,0.09375
1,2,0.0625,0.234375,0.5625,0.046875,0.0,0.0,0.0,0.09375
1,2,0.0625,0.234375,0.5625,0.046875,0.0,0.0,0.0,0.09375
1,2,0.0625,0.234375,0.5625,0.046875,0.0,0.0,0.0,0.09375
1,2,0.0625,0.234375,0.5625,0.046875,0.0,0.0,0.0,0.09375
1,2,0.0625,0.234375,0.5625,0.046875,0.0,0.0,0.0,0.09375
1,2,0.0625,0.234375,0.5625,0.046875,0.0,0.0,0.0,0.09375
1,2,0.0625,0.234375,0.5625,0.046875,0.0,0.0,0.0,0.09375
1,2,0.0625,0.234375,0.5625,0.046875,0.0,0.0,0.0,0.09375
1,2,0.0625,0.21875,0.578125,0.046875,0.0,0.0,0.0,0.09375
1,2,0.0625,0.21875,0.578125,0.046875,0.0,0.0,0.0,0.09375
1,2,0.0625,0.21875,0.578125,0.046875,0.0,0.0,0.0,0.09375
1,2,0.0625,0.21875,0.578125,0.046875,0.0,0.0,0.0,0.09375
1,2,0.03125,0.21875,0.625,0.046875,0.0,0.0,0.0,0.078125
1,2,0.03125,0.21875,0.625,0.046875,0.0,0.0,0.0,0.078125
1,2,0.03125,0.203125,0.65625,0.03125,0.0,0.0,0.0,0.078125
1,2,0.03125,0.203125,0.65625,0.03125,0.0,0.0,0.0,0.078125
1,2,0.03125,0.203125,0.671875,0.03125,0.0,0.0,0.0,0.0625
1,2,0.03125,0.203125,0.671875,0.03125,0.0,0.0,0.0,0.0625
1,2,0.03125,0.203125,0.671875,0.03125,0.0,0.0,0.0,0.0625
1,2,0.03125,0.203125,0.671875,0.03125,0.0,0.0,0.0,0.0625
1,2,0.0,0.171875,0.78125,0.015625,0.0,0.0,0.0,0.03125
1,2,0.0,0.171875,0.78125,0.015625,0.0,0.0,0.0,0.03125
1,2,0.0,0.171875,0.78125,0.015625,0.0,0.0,0.0,0.03125
1,2,0.0,0.171875,0.78125,0.015625,0.0,0.0,0.0,0.03125
1,2,0.0,0.171875,0.78125,0.015625,0.0,0.0,0.0,0.03125
1,2,0.0,0.171875,0.78125,0.015625,0.0,0.0,0.0,0.03125
1,2,0.0,0.171875,0.78125,0.015625,0.0,0.0,0.0,0.03125
1,2,0.0,0.171875,0.78125,0.015625,0.0,0.0,0.0,0.03125
1,2,0.0,0.171875,0.78125,0.015625,0.0,0.0,0.0,0.03125
1,2,0.0,0.171875,0.78125,0.015625,0.0,0.0,0.0,0.03125
1,2,0.0,0.171875,0.78125,0.015625,0.0,0.0,0.0,0.03125
1,2,0.0,0.171875,0.78125,0.015625,0.0,0.0,0.0,0.03125
1,2,0.0,0.171875,0.78125,0.015625,0.0,0.0,0.0,0.03125
1,2,0.0,0.171875,0.78125,0.015625,0.0,0.0,0.0,0.03125
1,2,0.0,0.171875,0.78125,0.015625,0.0,0.0,0.0,0.03125
1,2,0.0,0.171875,0.78125,0.015625,0.0,0.0,0.0,0.03125
1,2,0.0,0.171875,0.78125,0.015625,0.0,0.0,0.0,0.03125
1,2,0.0,0.171875,0.78125,0.015625,0.0,0.0,0.0,0.03125
1,2,0.0,0.171875,0.78125,0.015625,0.0,0.0,0.0,0.03125
1,2,0.0,0.171875,0.78125,0.015625,0.0,0.0,0.0,0.03125
1,2,0.0,0.171875,0.78125,0.015625,0.0,0.0,0.0,0.03125
1,2,0.0,0.171875,0.78125,0.015625,0.0,0.0,0.0,0.03125
1,2,0.0,0.171875,0.78125,0.015625,0.0,0.0,0.0,0.03125
1,2,0.0,0.171875,0.78125,0.015625,0.0,0.0,0.0,0.03125
1,2,0.0,0.171875,0.78125,0.015625,0.0,0.0,0.0,0.03125
1,2,0.0,0.171875,0.78125,0.015625,0.0,0.0,0.0,0.03125
1,2,0.0,0.171875,0.78125,0.015625,0.0,0.0,0.0,0.03125
1,2,0.0,0.171875,0.78125,0.015625,0.0,0.0,0.0,0.03125
1,2,0.0,0.15625,0.796875,0.015625,0.0,0.0,0.0,0.03125
1,2,0.0,0.15625,0.796875,0.015625,0.0,0.0,0.0,0.03125
1,2,0.0,0.15625,0.796875,0.015625,0.0,0.0,0.0,0.03125
1,2,0.0,0.15625,0.796875,0.015625,0.0,0.0,0.0,0.03125
1,2,0.0,0.15625,0.796875,0.015625,0.0,0.0,0.0,0.03125
1,2,0.0,0.15625,0.796875,0.015625,0.0,0.0,0.0,0.03125
1,2,0.0,0.15625,0.796875,0.015625,0.0,0.0,0.0,0.03125
1,2,0.0,0.15625,0.796875,0.015625,0.0,0.0,0.0,0.03125
1,2,0.0,0.15625,0.796875,0.015625,0.0,0.0,0.0,0.03125
1,2,0.0,0.15625,0.796875,0.015625,0.0,0.0,0.0,0.03125
1,2,0.0,0.15625,0.796875,0.015625,0.0,0.0,0.0,0.03125
1,2,0.0,0.15625,0.796875,0.015625,0.0,0.0,0.0,0.03125
1,2,0.0,0.140625,0.828125,0.015625,0.0,0.0,0.0,0.015625
1,2,0.0,0.140625,0.828125,0.015625,0.0,0.0,0.0,0.015625
1,2,0.0,0.140625,0.828125,0.015625,0.0,0.0,0.0,0.015625
1,2,0.0,0.140625,0.828125,0.015625,0.0,0.0,0.0,0.015625
1,2,0.0,0.140625,0.828125,0.015625,0.0,0.0,0.0,0.015625
1,2,0.0,0.125,0.84375,0.015625,0.0,0.0,0.0,0.015625
1,2,0.0,0.125,0.84375,0.015625,0.0,0.0,0.0,0.015625
1,2,0.0,0.125,0.84375,0.015625,0.0,0.0,0.0,0.015625
1,2,0.0,0.125,0.84375,0.015625,0.0,0.0,0.0,0.015625
1,2,0.0,0.125,0.84375,0.015625,0.0,0.0,0.0,0.015625
1,2,0.0,0.125,0.84375,0.015625,0.0,0.0,0.0,0.015625
1,2,0.0,0.125,0.84375,0.015625,0.0,0.0,0.0,0.015625
1,2,0.0,0.125,0.84375,0.015625,0.0,0.0,0.0,0.015625
1,2,0.0,0.125,0.84375,0.015625,0.0,0.0,0.0,0.015625
1,2,0.0,0.125,0.84375,0.015625,0.0,0.0,0.0,0.015625
1,2,0.0,0.125,0.84375,0.015625,0.0,0.0,0.0,0.015625
1,2,0.0,0.125,0.859375,0.0,0.0,0.0,0.0,0.015625
1,2,0.0,0.125,0.859375,0.0,0.0,0.0,0.0,0.015625
1,2,0.0,0.125,0.859375,0.0,0.0,0.0,0.0,0.015625
1,2,0.0,0.125,0.859375,0.0,0.0,0.0,0.0,0.015625
1,2,0.0,0.125,0.859375,0.0,0.0,0.0,0.0,0.015625
1,2,0.0,0.125,0.859375,0.0,0.0,0.0,0.0,0.015625
1,2,0.0,0.125,0.859375,0.0,0.0,0.0,0.0,0.015625
1,2,0.0,0.125,0.859375,0.0,0.0,0.0,0.0,0.015625
1,2,0.0,0.125,0.859375,0.0,0.0,0.0,0.0,0.015625
1,2,0.0,0.125,0.859375,0.0,0.0,0.0,0.0,0.015625
1,2,0.0,0.125,0.859375,0.0,0.0,0.0,0.0,0.015625
1,2,0.0,0.125,0.859375,0.0,0.0,0.0,0.0,0.015625
1,2,0.0,0.125,0.859375,0.0,0.0,0.0,0.0,0.015625
1,2,0.0,0.125,0.859375,0.0,0.0,0.0,0.0,0.015625
1,2,0.0,0.109375,0.875,0.0,0.0,0.0,0.0,0.015625
1,2,0.0,0.109375,0.875,0.0,0.0,0.0,0.0,0.015625
1,2,0.0,0.03125,0.96875,0.0,0.0,0.0,0.0,0.0
1,2,0.0,0.03125,0.96875,0.0,0.0,0.0,0.0,0.0
1,2,0.0,0.03125,0.96875,0.0,0.0,0.0,0.0,0.0
1,2,0.0,0.03125,0.96875,0.0,0.0,0.0,0.0,0.0
1,2,0.0,0.03125,0.96875,0.0,0.0,0.0,0.0,0.0
1,2,0.0,0.03125,0.96875,0.0,0.0,0.0,0.0,0.0
1,2,0.0,0.03125,0.96875,0.0,0.0,0.0,0.0,0.0
1,2,0.0,0.03125,0.96875,0.0,0.0,0.0,0.0,0.0
1,2,0.0,0.03125,0.96875,0.0,0.0,0.0,0.0,0.0
1,2,0.0,0.03125,0.96875,0.0,0.0,0.0,0.0,0.0
1,2,0.0,0.03125,0.96875,0.0,0.0,0.0,0.0,0.0
1,2,0.0,0.03125,0.96875,0.0,0.0,0.0,0.0,0.0
1,2,0.0,0.03125,0.96875,0.0,0.0,0.0,0.0,0.0
1,2,0.0,0.03125,0.96875,0.0,0.0,0.0,0.0,0.0
1,2,0.0,0.03125,0.96875,0.0,0.0,0.0,0.0,0.0
1,2,0.0,0.03125,0.96875,0.0,0.0,0.0,0.0,0.0
1,2,0.0,0.03125,0.96875,0.0,0.0,0.0,0.0,0.0
1,2,0.0,0.03125,0.96875,0.0,0.0,0.0,0.0,0.0
1,2,0.0,0.03125,0.96875,0.0,0.0,0.0,0.0,0.0
1,2,0.0,0.03125,0.96875,0.0,0.0,0.0,0.0,0.0
1,2,0.0,0.03125,0.96875,0.0,0.0,0.0,0.0,0.0
1,2,0.0,0.03125,0.96875,0.0,0.0,0.0,0.0,0.0
1,2,0.0,0.015625,0.984375,0.0,0.0,0.0,0.0,0.0
1,2,0.0,0.015625,0.984375,0.0,0.0,0.0,0.0,0.0
1,2,0.0,0.015625,0.984375,0.0,0.0,0.0,0.0,0.0
1,2,0.0,0.015625,0.984375,0.0,0.0,0.0,0.0,0.0
1,2,0.0,0.015625,0.984375,0.0,0.0,0.0,0.0,0.0
1,2,0.0,0.015625,0.984375,0.0,0.0,0.0,0.0,0.0
1,2,0.0,0.015625,0.984375,0.0,0.0,0.0,0.0,0.0
1,2,0.0,0.015625,0.984375,0.0,0.0,0.0,0.0,0.0
1,2,0.0,0.015625,0.984375,0.0,0.0,0.0,0.0,0.0
1,2,0.0,0.015625,0.984375,0.0,0.0,0.0,0.0,0.0
1,2,0.0,0.015625,0.984375,0.0,0.0,0.0,0.0,0.0
1,2,0.0,0.015625,0.984375,0.0,0.0,0.0,0.0,0.0
1,2,0.0,0.015625,0.984375,0.0,0.0,0.0,0.0,0.0
1,2,0.0,0.015625,0.984375,0.0,0.0,0.0,0.0,0.0
1,2,0.0,0.015625,0.984375,0.0,0.0,0.0,0.0,0.0
1,2,0.0,0.015625,0.984375,0.0,0.0,0.0,0.0,0.0
1,2,0.0,0.015625,0.984375,0.0,0.0,0.0,0.0,0.0
1,2,0.0,0.015625,0.984375,0.0,0.0,0.0,0.0,0.0
1,2,0.0,0.015625,0.984375,0.0,0.0,0.0,0.0,0.0
1,2,0.0,0.015625,0.984375,0.0,0.0,0.0,0.0,0.0
1,2,0.0,0.015625,0.984375,0.0,0.0,0.0,0.0,0.0
1,2,0.0,0.015625,0.984375,0.0,0.0,0.0,0.0,0.0
1,2,0.0,0.015625,0.984375,0.0,0.0,0.0,0.0,0.0
1,2,0.0,0.015625,0.984375,0.0,0.0,0.0,0.0,0.0
1,2,0.0,0.015625,0.984375,0.0,0.0,0.0,0.0,0.0
1,2,0.0,0.015625,0.984375,0.0,0.0,0.0,0.0,0.0
1,2,0.0,0.0,1.0,0.0,0.0,0.0,0.0,0.0
1,2,0.0,0.0,1.0,0.0,0.0,0.0,0.0,0.0
1,2,0.0,0.0,1.0,0.0,0.0,0.0,0.0,0.0
1,2,0.0,0.0,1.0,0.0,0.0,0.0,0.0,0.0
1,2,0.0,0.0,1.0,0.0,0.0,0.0,0.0,0.0
1,2,0.0,0.0,1.0,0.0,0.0,0.0,0.0,0.0
1,2,0.0,0.0,1.0,0.0,0.0,0.0,0.0,0.0
1,2,0.0,0.0,1.0,0.0,0.0,0.0,0.0,0.0
1,2,0.0,0.0,1.0,0.0,0.0,0.0,0.0,0.0
1,2,0.0,0.0,1.0,0.0,0.0,0.0,0.0,0.0
1,2,0.0,0.0,1.0,0.0,0.0,0.0,0.0,0.0
1,2,0.0,0.0,1.0,0.0,0.0,0.0,0.0,0.0
1,2,0.0,0.0,1.0,0.0,0.0,0.0,0.0,0.0
1,2,0.0,0.0,1.0,0.0,0.0,0.0,0.0,0.0
1,2,0.0,0.0,1.0,0.0,0.0,0.0,0.0,0.0
1,2,0.0,0.0,1.0,0.0,0.0,0.0,0.0,0.0
1,2,0.0,0.0,1.0,0.0,0.0,0.0,0.0,0.0
1,2,0.0,0.0,1.0,0.0,0.0,0.0,0.0,0.0
1,2,0.0,0.0,1.0,0.0,0.0,0.0,0.0,0.0
1,2,0.0,0.0,1.0,0.0,0.0,0.0,0.0,0.0
1,2,0.0,0.0,1.0,0.0,0.0,0.0,0.0,0.0
1,2,0.0,0.0,1.0,0.0,0.0,0.0,0.0,0.0
1,2,0.0,0.0,1.0,0.0,0.0,0.0,0.0,0.0
1,2,0.0,0.0,1.0,0.0,0.0,0.0,0.0,0.0
1,2,0.0,0.0,1.0,0.0,0.0,0.0,0.0,0.0
1,2,0.0,0.0,1.0,0.0,0.0,0.0,0.0,0.0
1,2,0.0,0.0,1.0,0.0,0.0,0.0,0.0,0.0
1,2,0.0,0.0,1.0,0.0,0.0,0.0,0.0,0.0
1,2,0.0,0.0,1.0,0.0,0.0,0.0,0.0,0.0
1,2,0.0,0.0,1.0,0.0,0.0,0.0,0.0,0.0
1,2,0.0,0.0,1.0,0.0,0.0,0.0,0.0,0.0
1,2,0.0,0.0,1.0,0.0,0.0,0.0,0.0,0.0
1,2,0.0,0.0,0.984375,0.0,0.0,0.0,0.0,0.015625
1,2,0.0,0.0,0.984375,0.0,0.0,0.0,0.0,0.015625
1,2,0.0,0.0,0.984375,0.0,0.0,0.0,0.0,0.015625
1,2,0.0,0.0,0.984375,0.0,0.0,0.0,0.0,0.015625
1,2,0.0,0.0,0.984375,0.0,0.0,0.0,0.0,0.015625
1,2,0.0,0.0,0.984375,0.0,0.0,0.0,0.0,0.015625
1,2,0.0,0.0,0.984375,0.0,0.0,0.0,0.0,0.015625
1,2,0.0,0.0,0.984375,0.0,0.0,0.0,0.0,0.015625
1,2,0.0,0.0,0.984375,0.0,0.0,0.0,0.0,0.015625
1,2,0.0,0.0,0.984375,0.0,0.0,0.0,0.0,0.015625
1,2,0.0,0.0,0.984375,0.0,0.0,0.0,0.0,0.015625
1,2,0.0,0.0,0.984375,0.0,0.0,0.0,0.0,0.015625
1,2,0.0,0.0,0.984375,0.0,0.0,0.0,0.0,0.015625
1,2,0.0,0.0,0.984375,0.0,0.0,0.0,0.0,0.015625
1,2,0.0,0.0,0.984375,0.0,0.0,0.0,0.0,0.015625
1,2,0.0,0.0,0.984375,0.0,0.0,0.0,0.0,0.015625
1,2,0.0,0.0,0.984375,0.0,0.0,0.0,0.0,0.015625
1,2,0.0,0.0,0.984375,0.0,0.0,0.0,0.0,0.015625
1,2,0.0,0.0,0.984375,0.0,0.0,0.0,0.0,0.015625
1,2,0.0,0.0,0.984375,0.0,0.0,0.0,0.0,0.015625
1,2,0.0,0.0,0.984375,0.0,0.0,0.0,0.0,0.015625
1,2,0.0,0.0,0.984375,0.0,0.0,0.0,0.0,0.015625
1,2,0.0,0.0,0.984375,0.0,0.0,0.0,0.0,0.015625
1,2,0.0,0.0,0.984375,0.0,0.0,0.0,0.0,0.015625
1,2,0.0,0.0,0.984375,0.0,0.0,0.0,0.0,0.015625
1,2,0.0,0.0,0.984375,0.0,0.0,0.0,0.0,0.015625
1,2,0.0,0.0,0.984375,0.0,0.0,0.0,0.0,0.015625
1,2,0.0,0.0,0.984375,0.0,0.0,0.0,0.0,0.015625
1,2,0.0,0.0,0.984375,0.0,0.0,0.0,0.0,0.015625
1,2,0.0,0.0,0.984375,0.0,0.0,0.0,0.0,0.015625
1,2,0.0,0.0,0.984375,0.0,0.0,0.0,0.0,0.015625
1,2,0.0,0.0,0.984375,0.0,0.0,0.0,0.0,0.015625
1,2,0.0,0.0,0.984375,0.0,0.0,0.0,0.0,0.015625
1,2,0.0,0.0,0.984375,0.0,0.0,0.0,0.0,0.015625
1,2,0.0,0.0,0.984375,0.0,0.0,0.0,0.0,0.015625
1,2,0.0,0.0,0.984375,0.0,0.0,0.0,0.0,0.015625
1,2,0.0,0.0,0.984375,0.0,0.0,0.0,0.0,0.015625
1,2,0.0,0.0,0.984375,0.0,0.0,0.0,0.0,0.015625
1,2,0.0,0.0,0.984375,0.0,0.0,0.0,0.0,0.015625
1,2,0.0,0.0,0.984375,0.0,0.0,0.0,0.0,0.015625
1,2,0.0,0.0,0.984375,0.0,0.0,0.0,0.0,0.015625
1,2,0.0,0.0,0.984375,0.0,0.0,0.0,0.0,0.015625
1,2,0.0,0.0,0.984375,0.0,0.0,0.0,0.0,0.015625
1,2,0.0,0.0,0.984375,0.0,0.0,0.0,0.0,0.015625
1,2,0.0,0.0,0.984375,0.0,0.0,0.0,0.0,0.015625
1,2,0.0,0.0,0.984375,0.0,0.0,0.0,0.0,0.015625
1,2,0.0,0.0,0.984375,0.0,0.0,0.0,0.0,0.015625
1,2,0.0,0.0,0.984375,0.0,0.0,0.0,0.0,0.015625
1,2,0.0,0.0,0.984375,0.0,0.0,0.0,0.0,0.015625
1,2,0.0,0.0,0.984375,0.0,0.0,0.0,0.0,0.015625
1,2,0.0,0.0,0.984375,0.0,0.0,0.0,0.0,0.015625
1,2,0.0,0.0,0.984375,0.0,0.0,0.0,0.0,0.015625
1,2,0.0,0.0,0.984375,0.0,0.0,0.0,0.0,0.015625
1,2,0.0,0.0,0.984375,0.0,0.0,0.0,0.0,0.015625
1,2,0.0,0.0,0.984375,0.0,0.0,0.0,0.0,0.015625
1,2,0.0,0.0,0.984375,0.0,0.0,0.0,0.0,0.015625
1,2,0.0,0.0,0.984375,0.0,0.0,0.0,0.0,0.015625
1,2,0.0,0.0,0.984375,0.0,0.0,0.0,0.0,0.015625
1,2,0.0,0.0,0.984375,0.0,0.0,0.0,0.0,0.015625
1,2,0.0,0.0,0.984375,0.0,0.0,0.0,0.0,0.015625
1,2,0.0,0.0,0.984375,0.0,0.0,0.0,0.0,0.015625
1,2,0.0,0.0,0.984375,0.0,0.0,0.0,0.0,0.015625
1,2,0.0,0.0,0.984375,0.0,0.0,0.0,0.0,0.015625
1,2,0.0,0.0,0.984375,0.0,0.0,0.0,0.0,0.015625
1,2,0.0,0.0,1.0,0.0,0.0,0.0,0.0,0.0
1,2,0.0,0.0,1.0,0.0,0.0,0.0,0.0,0.0
1,2,0.0,0.0,1.0,0.0,0.0,0.0,0.0,0.0
1,2,0.0,0.0,1.0,0.0,0.0,0.0,0.0,0.0
1,2,0.0,0.0,1.0,0.0,0.0,0.0,0.0,0.0
1,2,0.0,0.0,1.0,0.0,0.0,0.0,0.0,0.0
1,2,0.0,0.0,1.0,0.0,0.0,0.0,0.0,0.0
1,2,0.0,0.0,1.0,0.0,0.0,0.0,0.0,0.0
1,2,0.0,0.0,1.0,0.0,0.0,0.0,0.0,0.0
1,2,0.0,0.0,1.0,0.0,0.0,0.0,0.0,0.0
1,2,0.0,0.0,1.0,0.0,0.0,0.0,0.0,0.0
1,2,0.0,0.0,1.0,0.0,0.0,0.0,0.0,0.0
1,2,0.0,0.0,1.0,0.0,0.0,0.0,0.0,0.0
1,2,0.0,0.0,1.0,0.0,0.0,0.0,0.0,0.0
1,2,0.0,0.0,1.0,0.0,0.0,0.0,0.0,0.0
1,2,0.0,0.0,1.0,0.0,0.0,0.0,0.0,0.0
1,2,0.0,0.0,1.0,0.0,0.0,0.0,0.0,0.0
1,2,0.0,0.0,1.0,0.0,0.0,0.0,0.0,0.0
1,2,0.0,0.0,1.0,0.0,0.0,0.0,0.0,0.0
1,2,0.0,0.0,1.0,0.0,0.0,0.0,0.0,0.0
1,2,0.0,0.0,1.0,0.0,0.0,0.0,0.0,0.0
1,2,0.0,0.0,1.0,0.0,0.0,0.0,0.0,0.0
1,2,0.0,0.0,1.0,0.0,0.0,0.0,0.0,0.0
1,2,0.0,0.0,1.0,0.0,0.0,0.0,0.0,0.0
1,2,0.0,0.0,1.0,0.0,0.0,0.0,0.0,0.0
1,2,0.0,0.0,1.0,0.0,0.0,0.0,0.0,0.0
1,2,0.0,0.0,1.0,0.0,0.0,0.0,0.0,0.0
1,2,0.0,0.0,1.0,0.0,0.0,0.0,0.0,0.0
1,2,0.0,0.0,1.0,0.0,0.0,0.0,0.0,0.0
1,2,0.0,0.0,1.0,0.0,0.0,0.0,0.0,0.0
1,2,0.0,0.0,1.0,0.0,0.0,0.0,0.0,0.0
1,2,0.0,0.0,1.0,0.0,0.0,0.0,0.0,0.0
1,2,0.0,0.0,1.0,0.0,0.0,0.0,0.0,0.0
1,2,0.0,0.0,1.0,0.0,0.0,0.0,0.0,0.0
1,2,0.0,0.0,1.0,0.0,0.0,0.0,0.0,0.0
1,2,0.0,0.0,1.0,0.0,0.0,0.0,0.0,0.0
1,2,0.0,0.0,1.0,0.0,0.0,0.0,0.0,0.0
1,2,0.0,0.0,1.0,0.0,0.0,0.0,0.0,0.0
1,2,0.0,0.0,1.0,0.0,0.0,0.0,0.0,0.0
1,2,0.0,0.0,1.0,0.0,0.0,0.0,0.0,0.0
1,2,0.0,0.0,1.0,0.0,0.0,0.0,0.0,0.0
1,2,0.0,0.0,1.0,0.0,0.0,0.0,0.0,0.0
1,2,0.0,0.0,1.0,0.0,0.0,0.0,0.0,0.0
1,2,0.0,0.0,1.0,0.0,0.0,0.0,0.0,0.0
1,2,0.0,0.0,1.0,0.0,0.0,0.0,0.0,0.0
1,2,0.0,0.0,1.0,0.0,0.0,0.0,0.0,0.0
1,2,0.0,0.0,1.0,0.0,0.0,0.0,0.0,0.0
1,2,0.0,0.0,1.0,0.0,0.0,0.0,0.0,0.0
1,2,0.0,0.0,1.0,0.0,0.0,0.0,0.0,0.0
1,2,0.0,0.0,1.0,0.0,0.0,0.0,0.0,0.0
1,2,0.0,0.0,1.0,0.0,0.0,0.0,0.0,0.0
1,2,0.0,0.0,1.0,0.0,0.0,0.0,0.0,0.0
1,2,0.0,0.0,1.0,0.0,0.0,0.0,0.0,0.0
1,2,0.0,0.0,1.0,0.0,0.0,0.0,0.0,0.0
1,2,0.0,0.0,1.0,0.0,0.0,0.0,0.0,0.0
1,2,0.0,0.0,1.0,0.0,0.0,0.0,0.0,0.0
1,2,0.0,0.0,1.0,0.0,0.0,0.0,0.0,0.0
1,2,0.0,0.0,1.0,0.0,0.0,0.0,0.0,0.0
1,2,0.0,0.0,1.0,0.0,0.0,0.0,0.0,0.0
1,2,0.0,0.0,1.0,0.0,0.0,0.0,0.0,0.0
1,2,0.0,0.0,1.0,0.0,0.0,0.0,0.0,0.0
1,2,0.0,0.0,1.0,0.0,0.0,0.0,0.0,0.0
1,2,0.0,0.0,1.0,0.0,0.0,0.0,0.0,0.0
1,2,0.0,0.0,1.0,0.0,0.0,0.0,0.0,0.0
1,2,0.0,0.0,1.0,0.0,0.0,0.0,0.0,0.0
1,2,0.0,0.0,1.0,0.0,0.0,0.0,0.0,0.0
1,2,0.0,0.0,1.0,0.0,0.0,0.0,0.0,0.0
1,2,0.0,0.0,1.0,0.0,0.0,0.0,0.0,0.0
1,2,0.0,0.0,1.0,0.0,0.0,0.0,0.0,0.0
1,2,0.0,0.0,1.0,0.0,0.0,0.0,0.0,0.0
1,2,0.0,0.0,1.0,0.0,0.0,0.0,0.0,0.0
1,2,0.0,0.0,1.0,0.0,0.0,0.0,0.0,0.0
1,2,0.0,0.0,1.0,0.0,0.0,0.0,0.0,0.0
1,2,0.0,0.0,1.0,0.0,0.0,0.0,0.0,0.0
1,2,0.0,0.0,1.0,0.0,0.0,0.0,0.0,0.0
1,2,0.0,0.0,1.0,0.0,0.0,0.0,0.0,0.0
1,2,0.0,0.0,1.0,0.0,0.0,0.0,0.0,0.0
1,2,0.0,0.0,1.0,0.0,0.0,0.0,0.0,0.0
1,2,0.0,0.0,1.0,0.0,0.0,0.0,0.0,0.0
1,2,0.0,0.0,1.0,0.0,0.0,0.0,0.0,0.0
1,2,0.0,0.0,1.0,0.0,0.0,0.0,0.0,0.0
1,2,0.0,0.0,1.0,0.0,0.0,0.0,0.0,0.0
1,2,0.0,0.0,1.0,0.0,0.0,0.0,0.0,0.0
1,2,0.0,0.0,1.0,0.0,0.0,0.0,0.0,0.0
1,2,0.0,0.0,1.0,0.0,0.0,0.0,0.0,0.0
1,2,0.0,0.0,1.0,0.0,0.0,0.0,0.0,0.0
1,2,0.0,0.0,1.0,0.0,0.0,0.0,0.0,0.0
1,2,0.0,0.0,1.0,0.0,0.0,0.0,0.0,0.0
1,2,0.0,0.0,1.0,0.0,0.0,0.0,0.0,0.0
1,2,0.0,0.0,1.0,0.0,0.0,0.0,0.0,0.0
1,2,0.0,0.0,1.0,0.0,0.0,0.0,0.0,0.0
1,2,0.0,0.0,1.0,0.0,0.0,0.0,0.0,0.0
1,2,0.0,0.0,1.0,0.0,0.0,0.0,0.0,0.0
1,2,0.0,0.0,1.0,0.0,0.0,0.0,0.0,0.0
1,2,0.0,0.0,1.0,0.0,0.0,0.0,0.0,0.0
1,2,0.0,0.0,1.0,0.0,0.0,0.0,0.0,0.0
1,2,0.0,0.0,1.0,0.0,0.0,0.0,0.0,0.0
1,2,0.0,0.0,1.0,0.0,0.0,0.0,0.0,0.0
1,2,0.0,0.0,1.0,0.0,0.0,0.0,0.0,0.0
1,2,0.0,0.0,1.0,0.0,0.0,0.0,0.0,0.0
1,2,0.0,0.0,1.0,0.0,0.0,0.0,0.0,0.0
1,2,0.0,0.0,1.0,0.0,0.0,0.0,0.0,0.0
1,2,0.0,0.0,1.0,0.0,0.0,0.0,0.0,0.0
1,2,0.0,0.0,1.0,0.0,0.0,0.0,0.0,0.0
1,2,0.0,0.0,1.0,0.0,0.0,0.0,0.0,0.0
1,2,0.0,0.0,1.0,0.0,0.0,0.0,0.0,0.0
1,2,0.0,0.0,1.0,0.0,0.0,0.0,0.0,0.0
1,2,0.0,0.0,1.0,0.0,0.0,0.0,0.0,0.0
1,2,0.0,0.0,1.0,0.0,0.0,0.0,0.0,0.0
1,2,0.0,0.0,1.0,0.0,0.0,0.0,0.0,0.0
1,2,0.0,0.0,1.0,0.0,0.0,0.0,0.0,0.0
1,2,0.0,0.0,1.0,0.0,0.0,0.0,0.0,0.0
1,2,0.0,0.0,1.0,0.0,0.0,0.0,0.0,0.0
1,2,0.0,0.0,1.0,0.0,0.0,0.0,0.0,0.0
1,2,0.0,0.0,1.0,0.0,0.0,0.0,0.0,0.0
1,2,0.0,0.0,1.0,0.0,0.0,0.0,0.0,0.0
1,2,0.0,0.0,1.0,0.0,0.0,0.0,0.0,0.0
1,2,0.0,0.0,1.0,0.0,0.0,0.0,0.0,0.0
1,2,0.0,0.0,1.0,0.0,0.0,0.0,0.0,0.0
1,2,0.0,0.0,1.0,0.0,0.0,0.0,0.0,0.0
1,2,0.0,0.0,1.0,0.0,0.0,0.0,0.0,0.0
1,2,0.0,0.0,1.0,0.0,0.0,0.0,0.0,0.0
1,2,0.0,0.0,1.0,0.0,0.0,0.0,0.0,0.0
1,2,0.0,0.0,1.0,0.0,0.0,0.0,0.0,0.0
1,2,0.0,0.0,1.0,0.0,0.0,0.0,0.0,0.0
1,2,0.0,0.0,1.0,0.0,0.0,0.0,0.0,0.0
1,2,0.0,0.0,1.0,0.0,0.0,0.0,0.0,0.0
1,2,0.0,0.0,1.0,0.0,0.0,0.0,0.0,0.0
1,2,0.0,0.0,1.0,0.0,0.0,0.0,0.0,0.0
1,2,0.0,0.0,1.0,0.0,0.0,0.0,0.0,0.0
1,2,0.0,0.0,1.0,0.0,0.0,0.0,0.0,0.0
1,2,0.0,0.0,1.0,0.0,0.0,0.0,0.0,0.0
1,2,0.0,0.0,1.0,0.0,0.0,0.0,0.0,0.0
1,2,0.0,0.0,1.0,0.0,0.0,0.0,0.0,0.0
1,2,0.0,0.0,1.0,0.0,0.0,0.0,0.0,0.0
1,2,0.0,0.0,1.0,0.0,0.0,0.0,0.0,0.0
1,2,0.0,0.0,1.0,0.0,0.0,0.0,0.0,0.0
1,2,0.0,0.0,1.0,0.0,0.0,0.0,0.0,0.0
1,2,0.0,0.0,1.0,0.0,0.0,0.0,0.0,0.0
1,2,0.0,0.0,1.0,0.0,0.0,0.0,0.0,0.0
1,2,0.0,0.0,1.0,0.0,0.0,0.0,0.0,0.0
1,2,0.0,0.0,1.0,0.0,0.0,0.0,0.0,0.0
1,2,0.0,0.0,1.0,0.0,0.0,0.0,0.0,0.0
1,2,0.0,0.0,1.0,0.0,0.0,0.0,0.0,0.0
1,2,0.0,0.0,1.0,0.0,0.0,0.0,0.0,0.0
1,2,0.0,0.0,1.0,0.0,0.0,0.0,0.0,0.0
1,2,0.0,0.0,1.0,0.0,0.0,0.0,0.0,0.0
1,2,0.0,0.0,1.0,0.0,0.0,0.0,0.0,0.0
1,2,0.0,0.0,1.0,0.0,0.0,0.0,0.0,0.0
1,2,0.0,0.0,1.0,0.0,0.0,0.0,0.0,0.0
1,2,0.0,0.0,1.0,0.0,0.0,0.0,0.0,0.0
1,2,0.0,0.0,1.0,0.0,0.0,0.0,0.0,0.0
1,2,0.0,0.0,1.0,0.0,0.0,0.0,0.0,0.0
1,2,0.0,0.0,1.0,0.0,0.0,0.0,0.0,0.0
1,2,0.0,0.0,1.0,0.0,0.0,0.0,0.0,0.0
1,2,0.0,0.0,1.0,0.0,0.0,0.0,0.0,0.0
1,2,0.0,0.0,1.0,0.0,0.0,0.0,0.0,0.0
1,2,0.0,0.0,1.0,0.0,0.0,0.0,0.0,0.0
1,2,0.0,0.0,1.0,0.0,0.0,0.0,0.0,0.0
1,2,0.0,0.0,1.0,0.0,0.0,0.0,0.0,0.0
1,2,0.0,0.0,1.0,0.0,0.0,0.0,0.0,0.0
1,2,0.0,0.0,1.0,0.0,0.0,0.0,0.0,0.0
1,2,0.0,0.0,1.0,0.0,0.0,0.0,0.0,0.0
1,2,0.0,0.0,1.0,0.0,0.0,0.0,0.0,0.0
1,2,0.0,0.0,1.0,0.0,0.0,0.0,0.0,0.0
1,2,0.0,0.0,1.0,0.0,0.0,0.0,0.0,0.0
1,2,0.0,0.0,1.0,0.0,0.0,0.0,0.0,0.0
1,2,0.0,0.0,1.0,0.0,0.0,0.0,0.0,0.0
1,2,0.0,0.0,1.0,0.0,0.0,0.0,0.0,0.0
1,2,0.0,0.0,1.0,0.0,0.0,0.0,0.0,0.0
1,2,0.0,0.0,1.0,0.0,0.0,0.0,0.0,0.0
1,2,0.0,0.0,1.0,0.0,0.0,0.0,0.0,0.0
1,2,0.0,0.0,1.0,0.0,0.0,0.0,0.0,0.0
1,2,0.0,0.0,1.0,0.0,0.0,0.0,0.0,0.0
1,2,0.0,0.0,1.0,0.0,0.0,0.0,0.0,0.0
1,2,0.0,0.0,1.0,0.0,0.0,0.0,0.0,0.0
1,2,0.0,0.0,1.0,0.0,0.0,0.0,0.0,0.0
1,2,0.0,0.0,1.0,0.0,0.0,0.0,0.0,0.0
1,2,0.0,0.0,1.0,0.0,0.0,0.0,0.0,0.0
1,2,0.0,0.0,1.0,0.0,0.0,0.0,0.0,0.0
1,2,0.0,0.0,1.0,0.0,0.0,0.0,0.0,0.0
1,2,0.0,0.0,1.0,0.0,0.0,0.0,0.0,0.0
1,2,0.0,0.0,1.0,0.0,0.0,0.0,0.0,0.0
1,2,0.0,0.0,1.0,0.0,0.0,0.0,0.0,0.0
1,2,0.0,0.0,1.0,0.0,0.0,0.0,0.0,0.0
1,2,0.0,0.0,1.0,0.0,0.0,0.0,0.0,0.0
1,2,0.0,0.0,1.0,0.0,0.0,0.0,0.0,0.0
1,2,0.0,0.0,1.0,0.0,0.0,0.0,0.0,0.0
1,2,0.0,0.0,1.0,0.0,0.0,0.0,0.0,0.0
1,2,0.0,0.0,1.0,0.0,0.0,0.0,0.0,0.0
1,2,0.0,0.0,1.0,0.0,0.0,0.0,0.0,0.0
1,2,0.0,0.0,1.0,0.0,0.0,0.0,0.0,0.0
1,2,0.0,0.0,1.0,0.0,0.0,0.0,0.0,0.0
1,2,0.0,0.0,1.0,0.0,0.0,0.0,0.0,0.0
1,2,0.0,0.0,1.0,0.0,0.0,0.0,0.0,0.0
1,2,0.0,0.0,1.0,0.0,0.0,0.0,0.0,0.0
1,2,0.0,0.0,1.0,0.0,0.0,0.0,0.0,0.0
1,2,0.0,0.0,1.0,0.0,0.0,0.0,0.0,0.0
1,2,0.0,0.0,1.0,0.0,0.0,0.0,0.0,0.0
1,2,0.0,0.0,1.0,0.0,0.0,0.0,0.0,0.0
1,2,0.0,0.0,1.0,0.0,0.0,0.0,0.0,0.0
1,2,0.0,0.0,1.0,0.0,0.0,0.0,0.0,0.0
1,2,0.0,0.0,1.0,0.0,0.0,0.0,0.0,0.0
1,2,0.0,0.0,1.0,0.0,0.0,0.0,0.0,0.0
1,2,0.0,0.0,1.0,0.0,0.0,0.0,0.0,0.0
1,2,0.0,0.0,1.0,0.0,0.0,0.0,0.0,0.0
1,2,0.0,0.0,1.0,0.0,0.0,0.0,0.0,0.0
1,2,0.0,0.0,1.0,0.0,0.0,0.0,0.0,0.0
1,2,0.0,0.0,1.0,0.0,0.0,0.0,0.0,0.0
1,2,0.0,0.0,1.0,0.0,0.0,0.0,0.0,0.0
1,2,0.0,0.0,1.0,0.0,0.0,0.0,0.0,0.0
1,2,0.0,0.0,1.0,0.0,0.0,0.0,0.0,0.0
1,2,0.0,0.0,1.0,0.0,0.0,0.0,0.0,0.0
1,2,0.0,0.0,1.0,0.0,0.0,0.0,0.0,0.0
1,2,0.0,0.0,1.0,0.0,0.0,0.0,0.0,0.0
1,2,0.0,0.0,1.0,0.0,0.0,0.0,0.0,0.0
1,2,0.0,0.0,1.0,0.0,0.0,0.0,0.0,0.0
1,2,0.0,0.0,1.0,0.0,0.0,0.0,0.0,0.0
1,2,0.0,0.0,1.0,0.0,0.0,0.0,0.0,0.0
1,2,0.0,0.0,1.0,0.0,0.0,0.0,0.0,0.0
1,2,0.0,0.0,1.0,0.0,0.0,0.0,0.0,0.0
1,2,0.0,0.0,1.0,0.0,0.0,0.0,0.0,0.0
1,2,0.0,0.0,1.0,0.0,0.0,0.0,0.0,0.0
1,2,0.0,0.0,1.0,0.0,0.0,0.0,0.0,0.0
1,2,0.0,0.0,1.0,0.0,0.0,0.0,0.0,0.0
1,2,0.0,0.0,1.0,0.0,0.0,0.0,0.0,0.0
1,2,0.0,0.0,1.0,0.0,0.0,0.0,0.0,0.0
1,2,0.0,0.0,1.0,0.0,0.0,0.0,0.0,0.0
1,2,0.0,0.0,1.0,0.0,0.0,0.0,0.0,0.0
1,2,0.0,0.0,1.0,0.0,0.0,0.0,0.0,0.0
1,2,0.0,0.0,1.0,0.0,0.0,0.0,0.0,0.0
1,2,0.0,0.0,1.0,0.0,0.0,0.0,0.0,0.0
1,2,0.0,0.0,1.0,0.0,0.0,0.0,0.0,0.0
1,2,0.0,0.0,1.0,0.0,0.0,0.0,0.0,0.0
1,2,0.0,0.0,1.0,0.0,0.0,0.0,0.0,0.0
1,2,0.0,0.0,1.0,0.0,0.0,0.0,0.0,0.0
1,2,0.0,0.0,1.0,0.0,0.0,0.0,0.0,0.0
1,2,0.0,0.0,1.0,0.0,0.0,0.0,0.0,0.0
1,2,0.0,0.0,1.0,0.0,0.0,0.0,0.0,0.0
1,2,0.0,0.0,1.0,0.0,0.0,0.0,0.0,0.0
1,2,0.0,0.0,1.0,0.0,0.0,0.0,0.0,0.0
1,2,0.0,0.0,1.0,0.0,0.0,0.0,0.0,0.0
1,2,0.0,0.0,1.0,0.0,0.0,0.0,0.0,0.0
1,2,0.0,0.0,1.0,0.0,0.0,0.0,0.0,0.0
1,2,0.0,0.0,1.0,0.0,0.0,0.0,0.0,0.0
1,2,0.0,0.0,1.0,0.0,0.0,0.0,0.0,0.0
1,2,0.0,0.0,1.0,0.0,0.0,0.0,0.0,0.0
1,2,0.0,0.0,1.0,0.0,0.0,0.0,0.0,0.0
1,2,0.0,0.0,0.984375,0.0,0.0,0.0,0.0,0.015625
1,2,0.0,0.0,0.984375,0.0,0.0,0.0,0.0,0.015625
1,2,0.0,0.0,0.984375,0.0,0.0,0.0,0.0,0.015625
1,2,0.0,0.0,0.984375,0.0,0.0,0.0,0.0,0.015625
1,2,0.0,0.0,0.984375,0.0,0.0,0.0,0.0,0.015625
1,2,0.0,0.0,0.984375,0.0,0.0,0.0,0.0,0.015625
1,2,0.0,0.0,0.984375,0.0,0.0,0.0,0.0,0.015625
1,2,0.0,0.0,0.984375,0.0,0.0,0.0,0.0,0.015625
1,2,0.0,0.0,0.984375,0.0,0.0,0.0,0.0,0.015625
1,2,0.0,0.0,0.984375,0.0,0.0,0.0,0.0,0.015625
1,2,0.0,0.0,0.984375,0.0,0.0,0.0,0.0,0.015625
1,2,0.0,0.0,0.984375,0.0,0.0,0.0,0.0,0.015625
1,2,0.0,0.0,0.984375,0.0,0.0,0.0,0.0,0.015625
1,2,0.0,0.0,0.984375,0.0,0.0,0.0,0.0,0.015625
1,2,0.0,0.0,0.984375,0.0,0.0,0.0,0.0,0.015625
1,2,0.0,0.0,0.984375,0.0,0.0,0.0,0.0,0.015625
1,2,0.0,0.0,0.984375,0.0,0.0,0.0,0.0,0.015625
1,2,0.0,0.0,0.984375,0.0,0.0,0.0,0.0,0.015625
1,2,0.0,0.0,0.984375,0.0,0.0,0.0,0.0,0.015625
1,2,0.0,0.0,0.984375,0.0,0.0,0.0,0.0,0.015625
1,2,0.0,0.0,0.984375,0.0,0.0,0.0,0.0,0.015625
1,2,0.0,0.0,0.984375,0.0,0.0,0.0,0.0,0.015625
1,2,0.0,0.0,0.984375,0.0,0.0,0.0,0.0,0.015625
1,2,0.0,0.0,0.984375,0.0,0.0,0.0,0.0,0.015625
1,2,0.0,0.0,0.984375,0.0,0.0,0.0,0.0,0.015625
1,2,0.0,0.0,0.984375,0.0,0.0,0.0,0.0,0.015625
1,2,0.0,0.0,0.984375,0.0,0.0,0.0,0.0,0.015625
1,2,0.0,0.0,0.984375,0.0,0.0,0.0,0.0,0.015625
1,2,0.0,0.0,0.984375,0.0,0.0,0.0,0.0,0.015625
1,2,0.0,0.0,0.984375,0.0,0.0,0.0,0.0,0.015625
1,2,0.0,0.0,0.984375,0.0,0.0,0.0,0.0,0.015625
1,2,0.0,0.0,0.984375,0.0,0.0,0.0,0.0,0.015625
1,2,0.0,0.0,0.984375,0.0,0.0,0.0,0.0,0.015625
1,2,0.0,0.0,0.984375,0.0,0.0,0.0,0.0,0.015625
1,2,0.0,0.0,0.984375,0.0,0.0,0.0,0.0,0.015625
1,2,0.0,0.0,0.984375,0.0,0.0,0.0,0.0,0.015625
1,2,0.0,0.0,0.984375,0.0,0.0,0.0,0.0,0.015625
1,2,0.0,0.0,0.984375,0.0,0.0,0.0,0.0,0.015625
1,2,0.0,0.0,0.984375,0.0,0.0,0.0,0.0,0.015625
1,2,0.0,0.0,0.984375,0.0,0.0,0.0,0.0,0.015625
1,2,0.0,0.0,0.984375,0.0,0.0,0.0,0.0,0.015625
1,2,0.0,0.0,0.984375,0.0,0.0,0.0,0.0,0.015625
1,2,0.0,0.0,0.984375,0.0,0.0,0.0,0.0,0.015625
1,2,0.0,0.0,0.984375,0.0,0.0,0.0,0.0,0.015625
1,2,0.0,0.0,0.984375,0.0,0.0,0.0,0.0,0.015625
1,2,0.0,0.0,0.984375,0.0,0.0,0.0,0.0,0.015625
1,2,0.0,0.0,0.984375,0.0,0.0,0.0,0.0,0.015625
1,2,0.0,0.0,0.984375,0.0,0.0,0.0,0.0,0.015625
1,2,0.0,0.0,0.984375,0.0,0.0,0.0,0.0,0.015625
1,2,0.0,0.0,0.984375,0.0,0.0,0.0,0.0,0.015625
1,2,0.0,0.0,0.984375,0.0,0.0,0.0,0.0,0.015625
1,2,0.0,0.0,0.984375,0.0,0.0,0.0,0.0,0.015625
1,2,0.0,0.0,0.984375,0.0,0.0,0.0,0.0,0.015625
1,2,0.0,0.0,0.984375,0.0,0.0,0.0,0.0,0.015625
1,2,0.0,0.0,0.984375,0.0,0.0,0.0,0.0,0.015625
1,2,0.0,0.0,0.984375,0.0,0.0,0.0,0.0,0.015625
1,2,0.0,0.0,1.0,0.0,0.0,0.0,0.0,0.0
1,2,0.0,0.0,1.0,0.0,0.0,0.0,0.0,0.0
1,2,0.0,0.0,1.0,0.0,0.0,0.0,0.0,0.0
1,2,0.0,0.0,1.0,0.0,0.0,0.0,0.0,0.0
1,2,0.0,0.0,1.0,0.0,0.0,0.0,0.0,0.0
1,2,0.0,0.0,1.0,0.0,0.0,0.0,0.0,0.0
1,2,0.0,0.0,1.0,0.0,0.0,0.0,0.0,0.0
1,2,0.0,0.0,1.0,0.0,0.0,0.0,0.0,0.0
1,2,0.0,0.0,1.0,0.0,0.0,0.0,0.0,0.0
1,2,0.0,0.0,1.0,0.0,0.0,0.0,0.0,0.0
1,2,0.0,0.0,1.0,0.0,0.0,0.0,0.0,0.0
1,2,0.0,0.0,1.0,0.0,0.0,0.0,0.0,0.0
1,2,0.0,0.0,1.0,0.0,0.0,0.0,0.0,0.0
1,2,0.0,0.0,1.0,0.0,0.0,0.0,0.0,0.0
1,2,0.0,0.0,1.0,0.0,0.0,0.0,0.0,0.0
1,2,0.0,0.0,1.0,0.0,0.0,0.0,0.0,0.0
1,2,0.0,0.0,1.0,0.0,0.0,0.0,0.0,0.0
1,2,0.0,0.0,1.0,0.0,0.0,0.0,0.0,0.0
1,2,0.0,0.0,1.0,0.0,0.0,0.0,0.0,0.0
1,2,0.0,0.0,1.0,0.0,0.0,0.0,0.0,0.0
1,2,0.0,0.0,1.0,0.0,0.0,0.0,0.0,0.0
1,2,0.0,0.0,1.0,0.0,0.0,0.0,0.0,0.0
1,2,0.0,0.0,1.0,0.0,0.0,0.0,0.0,0.0
1,2,0.0,0.0,1.0,0.0,0.0,0.0,0.0,0.0
1,2,0.0,0.0,1.0,0.0,0.0,0.0,0.0,0.0
1,2,0.0,0.0,1.0,0.0,0.0,0.0,0.0,0.0
1,2,0.0,0.0,1.0,0.0,0.0,0.0,0.0,0.0
1,2,0.0,0.0,1.0,0.0,0.0,0.0,0.0,0.0
1,2,0.0,0.0,1.0,0.0,0.0,0.0,0.0,0.0
1,2,0.0,0.0,1.0,0.0,0.0,0.0,0.0,0.0
1,2,0.0,0.0,1.0,0.0,0.0,0.0,0.0,0.0
1,2,0.0,0.0,1.0,0.0,0.0,0.0,0.0,0.0
1,2,0.0,0.0,0.984375,0.0,0.0,0.0,0.0,0.015625
1,2,0.0,0.0,0.984375,0.0,0.0,0.0,0.0,0.015625
1,2,0.0,0.0,0.984375,0.0,0.0,0.0,0.0,0.015625
1,2,0.0,0.0,0.984375,0.0,0.0,0.0,0.0,0.015625
1,2,0.0,0.0,0.984375,0.0,0.0,0.0,0.0,0.015625
1,2,0.0,0.0,0.984375,0.0,0.0,0.0,0.0,0.015625
1,2,0.0,0.0,0.984375,0.0,0.0,0.0,0.0,0.015625
1,2,0.0,0.0,0.984375,0.0,0.0,0.0,0.0,0.015625
1,2,0.0,0.0,0.984375,0.0,0.0,0.0,0.0,0.015625
1,2,0.0,0.0,0.984375,0.0,0.0,0.0,0.0,0.015625
1,2,0.0,0.0,0.984375,0.0,0.0,0.0,0.0,0.015625
1,2,0.0,0.0,0.984375,0.0,0.0,0.0,0.0,0.015625
1,2,0.0,0.0,0.984375,0.0,0.0,0.0,0.0,0.015625
1,2,0.0,0.0,0.984375,0.0,0.0,0.0,0.0,0.015625
1,2,0.0,0.0,0.984375,0.0,0.0,0.0,0.0,0.015625
1,2,0.0,0.0,0.984375,0.0,0.0,0.0,0.0,0.015625
1,2,0.0,0.0,0.984375,0.0,0.0,0.0,0.0,0.015625
1,2,0.0,0.0,0.984375,0.0,0.0,0.0,0.0,0.015625
1,2,0.0,0.0,0.984375,0.0,0.0,0.0,0.0,0.015625
1,2,0.0,0.0,0.984375,0.0,0.0,0.0,0.0,0.015625
1,2,0.0,0.0,0.984375,0.0,0.0,0.0,0.0,0.015625
1,2,0.0,0.0,0.984375,0.0,0.0,0.0,0.0,0.015625
1,2,0.0,0.0,0.984375,0.0,0.0,0.0,0.0,0.015625
1,2,0.0,0.0,0.984375,0.0,0.0,0.0,0.0,0.015625
1,2,0.0,0.0,0.984375,0.0,0.0,0.0,0.0,0.015625
1,2,0.0,0.0,0.984375,0.0,0.0,0.0,0.0,0.015625
1,2,0.0,0.0,0.984375,0.0,0.0,0.0,0.0,0.015625
1,2,0.0,0.0,0.984375,0.0,0.0,0.0,0.0,0.015625
1,2,0.0,0.0,0.984375,0.0,0.0,0.0,0.0,0.015625
1,2,0.0,0.0,0.984375,0.0,0.0,0.0,0.0,0.015625
1,2,0.0,0.0,0.984375,0.0,0.0,0.0,0.0,0.015625
1,2,0.0,0.0,0.984375,0.0,0.0,0.0,0.0,0.015625
1,2,0.0,0.0,0.984375,0.0,0.0,0.0,0.0,0.015625
1,2,0.0,0.0,0.984375,0.0,0.0,0.0,0.0,0.015625
1,2,0.0,0.0,0.984375,0.0,0.0,0.0,0.0,0.015625
1,2,0.0,0.0,0.984375,0.0,0.0,0.0,0.0,0.015625
1,2,0.0,0.0,0.984375,0.0,0.0,0.0,0.0,0.015625
1,2,0.0,0.0,0.984375,0.0,0.0,0.0,0.0,0.015625
1,2,0.0,0.0,0.984375,0.0,0.0,0.0,0.0,0.015625
1,2,0.0,0.0,0.984375,0.0,0.0,0.0,0.0,0.015625
1,2,0.0,0.0,0.984375,0.0,0.0,0.0,0.0,0.015625
1,2,0.0,0.0,0.984375,0.0,0.0,0.0,0.0,0.015625
1,2,0.0,0.0,0.984375,0.0,0.0,0.0,0.0,0.015625
1,2,0.0,0.0,0.984375,0.0,0.0,0.0,0.0,0.015625
1,2,0.0,0.0,0.984375,0.0,0.0,0.0,0.0,0.015625
1,2,0.0,0.0,0.984375,0.0,0.0,0.0,0.0,0.015625
1,2,0.0,0.0,0.984375,0.0,0.0,0.0,0.0,0.015625
1,2,0.0,0.0,0.984375,0.0,0.0,0.0,0.0,0.015625
1,2,0.0,0.0,0.984375,0.0,0.0,0.0,0.015625,0.0
1,2,0.0,0.0,0.984375,0.0,0.0,0.0,0.015625,0.0
1,2,0.0,0.0,0.984375,0.0,0.0,0.0,0.015625,0.0
1,2,0.0,0.0,0.984375,0.0,0.0,0.0,0.015625,0.0
1,2,0.0,0.0,0.984375,0.0,0.0,0.0,0.015625,0.0
1,2,0.0,0.0,0.984375,0.0,0.0,0.0,0.015625,0.0
1,2,0.0,0.0,0.984375,0.0,0.0,0.0,0.015625,0.0
1,2,0.0,0.0,0.984375,0.0,0.0,0.0,0.015625,0.0
1,2,0.0,0.0,0.984375,0.0,0.0,0.0,0.015625,0.0
1,2,0.0,0.0,0.984375,0.0,0.0,0.0,0.015625,0.0
1,2,0.0,0.0,0.984375,0.0,0.0,0.0,0.015625,0.0
1,2,0.0,0.0,0.984375,0.0,0.0,0.0,0.015625,0.0
1,2,0.0,0.0,0.984375,0.0,0.0,0.0,0.015625,0.0
1,2,0.0,0.0,0.984375,0.0,0.0,0.0,0.015625,0.0
1,2,0.0,0.0,0.984375,0.0,0.0,0.0,0.015625,0.0
1,2,0.0,0.0,0.984375,0.0,0.0,0.0,0.015625,0.0
1,2,0.0,0.0,0.984375,0.0,0.0,0.0,0.015625,0.0
1,2,0.0,0.0,0.984375,0.0,0.0,0.0,0.015625,0.0
1,2,0.0,0.0,0.984375,0.0,0.0,0.0,0.015625,0.0
1,2,0.0,0.0,0.984375,0.0,0.0,0.0,0.015625,0.0
1,2,0.0,0.0,0.984375,0.0,0.0,0.0,0.015625,0.0
1,2,0.0,0.0,0.984375,0.0,0.0,0.0,0.015625,0.0
1,2,0.0,0.0,0.984375,0.0,0.0,0.0,0.015625,0.0
1,2,0.0,0.0,0.984375,0.0,0.0,0.0,0.015625,0.0
1,2,0.0,0.0,0.984375,0.0,0.0,0.0,0.015625,0.0
1,2,0.0,0.0,0.984375,0.0,0.0,0.0,0.015625,0.0
1,2,0.0,0.0,0.984375,0.0,0.0,0.0,0.015625,0.0
1,2,0.0,0.0,0.984375,0.0,0.0,0.0,0.015625,0.0
1,2,0.0,0.0,0.984375,0.0,0.0,0.0,0.015625,0.0
1,2,0.0,0.0,0.984375,0.0,0.0,0.0,0.015625,0.0
1,2,0.0,0.0,0.984375,0.0,0.0,0.0,0.015625,0.0
1,2,0.0,0.0,0.984375,0.0,0.0,0.0,0.015625,0.0
1,2,0.0,0.0,0.984375,0.0,0.0,0.0,0.015625,0.0
1,2,0.0,0.0,0.984375,0.0,0.0,0.0,0.015625,0.0
1,2,0.0,0.0,0.984375,0.0,0.0,0.0,0.015625,0.0
1,2,0.0,0.0,0.984375,0.0,0.0,0.0,0.015625,0.0
1,2,0.0,0.0,0.984375,0.0,0.0,0.0,0.015625,0.0
1,2,0.0,0.0,0.984375,0.0,0.0,0.0,0.015625,0.0
1,2,0.0,0.0,0.984375,0.0,0.0,0.0,0.015625,0.0
1,2,0.0,0.0,0.984375,0.0,0.0,0.0,0.015625,0.0
1,2,0.0,0.0,0.984375,0.0,0.0,0.0,0.015625,0.0
1,2,0.0,0.0,0.984375,0.0,0.0,0.0,0.015625,0.0
1,2,0.0,0.0,0.984375,0.0,0.0,0.0,0.015625,0.0
1,2,0.0,0.0,0.984375,0.0,0.0,0.0,0.015625,0.0
1,2,0.0,0.0,0.984375,0.0,0.0,0.0,0.015625,0.0
1,2,0.0,0.0,0.984375,0.0,0.0,0.0,0.015625,0.0
1,2,0.0,0.0,0.984375,0.0,0.0,0.0,0.015625,0.0
1,2,0.0,0.0,0.984375,0.0,0.0,0.0,0.015625,0.0
1,2,0.0,0.0,0.984375,0.0,0.0,0.0,0.015625,0.0
1,2,0.0,0.0,0.984375,0.0,0.0,0.0,0.015625,0.0
1,2,0.0,0.0,0.984375,0.0,0.0,0.0,0.015625,0.0
1,2,0.0,0.0,0.984375,0.0,0.0,0.0,0.015625,0.0
1,2,0.0,0.0,0.984375,0.0,0.0,0.0,0.015625,0.0
1,2,0.0,0.0,0.984375,0.0,0.0,0.0,0.015625,0.0
1,2,0.0,0.0,0.984375,0.0,0.0,0.0,0.015625,0.0
1,2,0.0,0.0,0.984375,0.0,0.0,0.0,0.015625,0.0
1,2,0.0,0.0,0.984375,0.0,0.0,0.0,0.015625,0.0
1,2,0.0,0.0,0.984375,0.0,0.0,0.0,0.015625,0.0
1,2,0.0,0.0,0.984375,0.0,0.0,0.0,0.015625,0.0
1,2,0.0,0.0,0.984375,0.0,0.0,0.0,0.015625,0.0
1,2,0.0,0.0,0.984375,0.0,0.0,0.0,0.015625,0.0
1,2,0.0,0.0,0.984375,0.0,0.0,0.0,0.015625,0.0
1,2,0.0,0.0,0.984375,0.0,0.0,0.0,0.015625,0.0
1,2,0.0,0.0,0.984375,0.0,0.0,0.0,0.015625,0.0
1,2,0.0,0.0,0.984375,0.0,0.0,0.0,0.015625,0.0
1,2,0.0,0.0,0.984375,0.0,0.0,0.0,0.015625,0.0
1,2,0.0,0.0,0.984375,0.0,0.0,0.0,0.015625,0.0
1,2,0.0,0.0,0.984375,0.0,0.0,0.0,0.015625,0.0
1,2,0.0,0.0,0.984375,0.0,0.0,0.0,0.015625,0.0
1,2,0.0,0.0,0.984375,0.0,0.0,0.0,0.015625,0.0
1,2,0.0,0.0,0.984375,0.0,0.0,0.0,0.015625,0.0
1,2,0.0,0.0,0.984375,0.0,0.0,0.0,0.015625,0.0
1,2,0.0,0.0,0.984375,0.0,0.0,0.0,0.015625,0.0
1,2,0.0,0.0,0.984375,0.0,0.0,0.0,0.015625,0.0
1,2,0.0,0.0,0.984375,0.0,0.0,0.0,0.015625,0.0
1,2,0.0,0.0,0.984375,0.0,0.0,0.0,0.015625,0.0
1,2,0.0,0.0,0.984375,0.0,0.0,0.0,0.015625,0.0
1,2,0.0,0.0,0.984375,0.0,0.0,0.0,0.015625,0.0
1,2,0.0,0.0,0.984375,0.0,0.0,0.0,0.015625,0.0
1,2,0.0,0.0,0.984375,0.0,0.0,0.0,0.015625,0.0
1,2,0.0,0.0,0.984375,0.0,0.0,0.0,0.0,0.015625
1,2,0.0,0.0,0.984375,0.0,0.0,0.0,0.0,0.015625
1,2,0.0,0.0,0.984375,0.0,0.0,0.0,0.0,0.015625
1,2,0.0,0.0,0.984375,0.0,0.0,0.0,0.0,0.015625
1,2,0.0,0.0,0.984375,0.0,0.0,0.0,0.0,0.015625
1,2,0.0,0.0,0.984375,0.0,0.0,0.0,0.0,0.015625
1,2,0.0,0.0,0.984375,0.0,0.0,0.0,0.0,0.015625
1,2,0.0,0.0,0.984375,0.0,0.0,0.0,0.0,0.015625
1,2,0.0,0.0,0.984375,0.0,0.0,0.0,0.0,0.015625
1,2,0.0,0.0,0.984375,0.0,0.0,0.0,0.0,0.015625
1,2,0.0,0.0,0.984375,0.0,0.0,0.0,0.0,0.015625
1,2,0.0,0.0,0.984375,0.0,0.0,0.0,0.0,0.015625
1,2,0.0,0.0,0.984375,0.0,0.0,0.0,0.0,0.015625
1,2,0.0,0.0,0.984375,0.0,0.0,0.0,0.0,0.015625
1,2,0.0,0.0,0.984375,0.0,0.0,0.0,0.0,0.015625
1,2,0.0,0.0,0.984375,0.0,0.0,0.0,0.0,0.015625
1,2,0.0,0.0,0.984375,0.0,0.0,0.0,0.0,0.015625
1,2,0.0,0.0,0.984375,0.0,0.0,0.0,0.0,0.015625
1,2,0.0,0.0,0.984375,0.0,0.0,0.0,0.0,0.015625
1,2,0.0,0.0,0.984375,0.0,0.0,0.0,0.0,0.015625
1,2,0.0,0.0,0.984375,0.0,0.0,0.0,0.0,0.015625
1,2,0.0,0.0,0.984375,0.0,0.0,0.0,0.0,0.015625
1,2,0.0,0.0,0.984375,0.0,0.0,0.0,0.0,0.015625
1,2,0.0,0.0,0.984375,0.0,0.0,0.0,0.0,0.015625
1,2,0.0,0.0,0.984375,0.0,0.0,0.0,0.0,0.015625
1,2,0.0,0.0,0.984375,0.0,0.0,0.0,0.0,0.015625
1,2,0.0,0.0,0.984375,0.0,0.0,0.0,0.0,0.015625
1,2,0.0,0.0,0.984375,0.0,0.0,0.0,0.0,0.015625
1,2,0.0,0.0,0.984375,0.0,0.0,0.0,0.0,0.015625
1,2,0.0,0.0,0.984375,0.0,0.0,0.0,0.0,0.015625
1,2,0.0,0.0,0.984375,0.0,0.0,0.0,0.0,0.015625
1,2,0.0,0.0,0.984375,0.0,0.0,0.0,0.0,0.015625
1,2,0.0,0.0,0.984375,0.0,0.0,0.0,0.0,0.015625
1,2,0.0,0.0,0.984375,0.0,0.0,0.0,0.0,0.015625
1,2,0.0,0.0,0.984375,0.0,0.0,0.0,0.0,0.015625
1,2,0.0,0.0,0.984375,0.0,0.0,0.0,0.0,0.015625
1,2,0.0,0.0,0.984375,0.0,0.0,0.0,0.0,0.015625
1,2,0.0,0.0,0.984375,0.0,0.0,0.0,0.0,0.015625
1,2,0.0,0.0,0.984375,0.0,0.0,0.0,0.0,0.015625
1,2,0.0,0.0,0.984375,0.0,0.0,0.0,0.0,0.015625
1,2,0.0,0.0,0.984375,0.0,0.0,0.0,0.0,0.015625
1,2,0.0,0.0,0.984375,0.0,0.0,0.0,0.0,0.015625
1,2,0.0,0.0,0.984375,0.0,0.0,0.0,0.0,0.015625
1,2,0.0,0.0,0.984375,0.0,0.0,0.0,0.0,0.015625
1,2,0.0,0.0,0.984375,0.0,0.0,0.0,0.0,0.015625
1,2,0.0,0.0,0.984375,0.0,0.0,0.0,0.0,0.015625
1,2,0.0,0.0,0.984375,0.0,0.0,0.0,0.0,0.015625
1,2,0.0,0.0,0.984375,0.0,0.0,0.0,0.0,0.015625
1,2,0.0,0.0,0.984375,0.0,0.0,0.0,0.0,0.015625
1,2,0.0,0.0,0.984375,0.0,0.0,0.0,0.0,0.015625
1,2,0.0,0.0,0.984375,0.0,0.0,0.0,0.0,0.015625
1,2,0.0,0.0,0.984375,0.0,0.0,0.0,0.0,0.015625
1,2,0.0,0.0,0.984375,0.0,0.0,0.0,0.0,0.015625
1,2,0.0,0.0,0.984375,0.0,0.0,0.0,0.0,0.015625
1,2,0.0,0.0,0.984375,0.0,0.0,0.0,0.0,0.015625
1,2,0.0,0.0,0.984375,0.0,0.0,0.0,0.0,0.015625
1,2,0.0,0.0,0.984375,0.0,0.0,0.0,0.0,0.015625
1,2,0.0,0.0,0.984375,0.0,0.0,0.0,0.0,0.015625
1,2,0.0,0.0,0.984375,0.0,0.0,0.0,0.0,0.015625
1,2,0.0,0.0,0.984375,0.0,0.0,0.0,0.0,0.015625
1,2,0.0,0.0,0.984375,0.0,0.0,0.0,0.0,0.015625
1,2,0.0,0.0,0.984375,0.0,0.0,0.0,0.0,0.015625
1,2,0.0,0.0,0.984375,0.0,0.0,0.0,0.0,0.015625
1,2,0.0,0.0,0.984375,0.0,0.0,0.0,0.0,0.015625
1,2,0.0,0.0,0.96875,0.0,0.0,0.0,0.0,0.03125
1,2,0.0,0.0,0.96875,0.0,0.0,0.0,0.0,0.03125
1,2,0.0,0.0,0.96875,0.0,0.0,0.0,0.0,0.03125
1,2,0.0,0.0,0.96875,0.0,0.0,0.0,0.0,0.03125
1,2,0.0,0.0,0.96875,0.0,0.0,0.0,0.0,0.03125
1,2,0.0,0.0,0.96875,0.0,0.0,0.0,0.0,0.03125
1,2,0.0,0.0,0.96875,0.0,0.0,0.0,0.0,0.03125
1,2,0.0,0.0,0.96875,0.0,0.0,0.0,0.0,0.03125
1,2,0.0,0.0,0.96875,0.0,0.0,0.0,0.0,0.03125
1,2,0.0,0.0,0.96875,0.0,0.0,0.0,0.0,0.03125
1,2,0.0,0.0,0.96875,0.0,0.0,0.0,0.0,0.03125
1,2,0.0,0.0,0.96875,0.0,0.0,0.0,0.0,0.03125
1,2,0.0,0.0,0.96875,0.0,0.0,0.0,0.0,0.03125
1,2,0.0,0.0,0.96875,0.0,0.0,0.0,0.0,0.03125
1,2,0.0,0.0,0.96875,0.0,0.0,0.0,0.0,0.03125
1,2,0.0,0.0,0.96875,0.0,0.0,0.0,0.0,0.03125
1,2,0.015625,0.0,0.953125,0.0,0.0,0.0,0.0,0.03125
1,2,0.015625,0.0,0.953125,0.0,0.0,0.0,0.0,0.03125
1,2,0.015625,0.0,0.953125,0.0,0.0,0.0,0.0,0.03125
1,2,0.015625,0.0,0.953125,0.0,0.0,0.0,0.0,0.03125
1,2,0.015625,0.0,0.953125,0.0,0.0,0.0,0.0,0.03125
1,2,0.015625,0.0,0.953125,0.0,0.0,0.0,0.0,0.03125
1,2,0.015625,0.0,0.953125,0.0,0.0,0.0,0.0,0.03125
1,2,0.015625,0.0,0.953125,0.0,0.0,0.0,0.0,0.03125
1,2,0.015625,0.0,0.953125,0.0,0.0,0.0,0.0,0.03125
1,2,0.015625,0.0,0.953125,0.0,0.0,0.0,0.0,0.03125
1,2,0.015625,0.0,0.953125,0.0,0.0,0.0,0.0,0.03125
1,2,0.015625,0.0,0.953125,0.0,0.0,0.0,0.0,0.03125
1,2,0.015625,0.0,0.953125,0.0,0.0,0.0,0.0,0.03125
1,2,0.015625,0.0,0.953125,0.0,0.0,0.0,0.0,0.03125
1,2,0.015625,0.0,0.953125,0.0,0.0,0.0,0.0,0.03125
1,2,0.015625,0.0,0.953125,0.0,0.0,0.0,0.0,0.03125
1,2,0.015625,0.0,0.953125,0.0,0.0,0.0,0.0,0.03125
1,2,0.015625,0.0,0.953125,0.0,0.0,0.0,0.0,0.03125
1,2,0.015625,0.0,0.953125,0.0,0.0,0.0,0.0,0.03125
1,2,0.015625,0.0,0.953125,0.0,0.0,0.0,0.0,0.03125
1,2,0.015625,0.0,0.953125,0.0,0.0,0.0,0.0,0.03125
1,2,0.015625,0.0,0.953125,0.0,0.0,0.0,0.0,0.03125
1,2,0.015625,0.0,0.953125,0.0,0.0,0.0,0.0,0.03125
1,2,0.015625,0.0,0.953125,0.0,0.0,0.0,0.0,0.03125
1,2,0.015625,0.0,0.953125,0.0,0.0,0.0,0.0,0.03125
1,2,0.015625,0.0,0.953125,0.0,0.0,0.0,0.0,0.03125
1,2,0.015625,0.0,0.953125,0.0,0.0,0.0,0.0,0.03125
1,2,0.015625,0.0,0.953125,0.0,0.0,0.0,0.0,0.03125
1,2,0.015625,0.0,0.953125,0.0,0.0,0.0,0.0,0.03125
1,2,0.015625,0.0,0.953125,0.0,0.0,0.0,0.0,0.03125
1,2,0.015625,0.0,0.953125,0.0,0.0,0.0,0.0,0.03125
1,2,0.015625,0.0,0.953125,0.0,0.0,0.0,0.0,0.03125
1,2,0.03125,0.0,0.953125,0.0,0.0,0.0,0.0,0.015625
1,2,0.03125,0.0,0.953125,0.0,0.0,0.0,0.0,0.015625
1,2,0.03125,0.0,0.953125,0.0,0.0,0.0,0.0,0.015625
1,2,0.03125,0.0,0.953125,0.0,0.0,0.0,0.0,0.015625
1,2,0.03125,0.0,0.953125,0.0,0.0,0.0,0.0,0.015625
1,2,0.03125,0.0,0.953125,0.0,0.0,0.0,0.0,0.015625
1,2,0.03125,0.0,0.953125,0.0,0.0,0.0,0.0,0.015625
1,2,0.03125,0.0,0.953125,0.0,0.0,0.0,0.0,0.015625
1,2,0.046875,0.0,0.953125,0.0,0.0,0.0,0.0,0.0
1,2,0.046875,0.0,0.953125,0.0,0.0,0.0,0.0,0.0
1,2,0.046875,0.0,0.953125,0.0,0.0,0.0,0.0,0.0
1,2,0.046875,0.0,0.953125,0.0,0.0,0.0,0.0,0.0
1,2,0.046875,0.0,0.953125,0.0,0.0,0.0,0.0,0.0
1,2,0.046875,0.0,0.953125,0.0,0.0,0.0,0.0,0.0
1,2,0.046875,0.0,0.953125,0.0,0.0,0.0,0.0,0.0
1,2,0.046875,0.0,0.953125,0.0,0.0,0.0,0.0,0.0
1,2,0.046875,0.0,0.953125,0.0,0.0,0.0,0.0,0.0
1,2,0.046875,0.0,0.953125,0.0,0.0,0.0,0.0,0.0
1,2,0.046875,0.0,0.953125,0.0,0.0,0.0,0.0,0.0
1,2,0.046875,0.0,0.953125,0.0,0.0,0.0,0.0,0.0
1,2,0.046875,0.0,0.953125,0.0,0.0,0.0,0.0,0.0
1,2,0.046875,0.0,0.953125,0.0,0.0,0.0,0.0,0.0
1,2,0.046875,0.0,0.953125,0.0,0.0,0.0,0.0,0.0
1,2,0.046875,0.0,0.953125,0.0,0.0,0.0,0.0,0.0
1,2,0.046875,0.0,0.953125,0.0,0.0,0.0,0.0,0.0
1,2,0.046875,0.0,0.953125,0.0,0.0,0.0,0.0,0.0
1,2,0.046875,0.0,0.953125,0.0,0.0,0.0,0.0,0.0
1,2,0.046875,0.0,0.953125,0.0,0.0,0.0,0.0,0.0
1,2,0.046875,0.0,0.953125,0.0,0.0,0.0,0.0,0.0
1,2,0.046875,0.0,0.953125,0.0,0.0,0.0,0.0,0.0
1,2,0.046875,0.0,0.953125,0.0,0.0,0.0,0.0,0.0
1,2,0.046875,0.0,0.953125,0.0,0.0,0.0,0.0,0.0
1,2,0.046875,0.0,0.953125,0.0,0.0,0.0,0.0,0.0
1,2,0.046875,0.0,0.953125,0.0,0.0,0.0,0.0,0.0
1,2,0.046875,0.0,0.953125,0.0,0.0,0.0,0.0,0.0
1,2,0.046875,0.0,0.953125,0.0,0.0,0.0,0.0,0.0
1,2,0.046875,0.0,0.953125,0.0,0.0,0.0,0.0,0.0
1,2,0.046875,0.0,0.953125,0.0,0.0,0.0,0.0,0.0
1,2,0.046875,0.0,0.953125,0.0,0.0,0.0,0.0,0.0
1,2,0.046875,0.0,0.953125,0.0,0.0,0.0,0.0,0.0
1,2,0.078125,0.0,0.921875,0.0,0.0,0.0,0.0,0.0
1,2,0.078125,0.0,0.921875,0.0,0.0,0.0,0.0,0.0
1,2,0.078125,0.0,0.921875,0.0,0.0,0.0,0.0,0.0
1,2,0.078125,0.0,0.921875,0.0,0.0,0.0,0.0,0.0
1,2,0.078125,0.0,0.921875,0.0,0.0,0.0,0.0,0.0
1,2,0.078125,0.0,0.921875,0.0,0.0,0.0,0.0,0.0
1,2,0.078125,0.0,0.921875,0.0,0.0,0.0,0.0,0.0
1,2,0.078125,0.0,0.921875,0.0,0.0,0.0,0.0,0.0
1,2,0.125,0.0,0.875,0.0,0.0,0.0,0.0,0.0
1,2,0.125,0.0,0.875,0.0,0.0,0.0,0.0,0.0
1,2,0.125,0.0,0.875,0.0,0.0,0.0,0.0,0.0
1,2,0.125,0.0,0.875,0.0,0.0,0.0,0.0,0.0
1,2,0.125,0.0,0.875,0.0,0.0,0.0,0.0,0.0
1,2,0.125,0.0,0.875,0.0,0.0,0.0,0.0,0.0
1,2,0.125,0.0,0.875,0.0,0.0,0.0,0.0,0.0
1,2,0.125,0.0,0.875,0.0,0.0,0.0,0.0,0.0
1,2,0.125,0.0,0.875,0.0,0.0,0.0,0.0,0.0
1,2,0.125,0.0,0.875,0.0,0.0,0.0,0.0,0.0
1,2,0.125,0.0,0.875,0.0,0.0,0.0,0.0,0.0
1,2,0.125,0.0,0.875,0.0,0.0,0.0,0.0,0.0
1,2,0.125,0.0,0.875,0.0,0.0,0.0,0.0,0.0
1,2,0.125,0.0,0.875,0.0,0.0,0.0,0.0,0.0
1,2,0.125,0.0,0.875,0.0,0.0,0.0,0.0,0.0
1,2,0.125,0.0,0.875,0.0,0.0,0.0,0.0,0.0
1,2,0.15625,0.0,0.828125,0.015625,0.0,0.0,0.0,0.0
1,2,0.15625,0.0,0.828125,0.015625,0.0,0.0,0.0,0.0
1,2,0.15625,0.0,0.828125,0.015625,0.0,0.0,0.0,0.0
1,2,0.15625,0.0,0.828125,0.015625,0.0,0.0,0.0,0.0
1,2,0.15625,0.0,0.828125,0.015625,0.0,0.0,0.0,0.0
1,2,0.15625,0.0,0.828125,0.015625,0.0,0.0,0.0,0.0
1,2,0.171875,0.0,0.8125,0.015625,0.0,0.0,0.0,0.0
1,2,0.171875,0.0,0.8125,0.015625,0.0,0.0,0.0,0.0
1,2,0.21875,0.0,0.765625,0.015625,0.0,0.0,0.0,0.0
1,2,0.21875,0.0,0.765625,0.015625,0.0,0.0,0.0,0.0
1,2,0.21875,0.0,0.765625,0.015625,0.0,0.0,0.0,0.0
1,2,0.21875,0.0,0.765625,0.015625,0.0,0.0,0.0,0.0
1,2,0.21875,0.0,0.765625,0.015625,0.0,0.0,0.0,0.0
1,2,0.21875,0.0,0.765625,0.015625,0.0,0.0,0.0,0.0
1,2,0.234375,0.0,0.75,0.015625,0.0,0.0,0.0,0.0
1,2,0.234375,0.0,0.75,0.015625,0.0,0.0,0.0,0.0
1,2,0.25,0.0,0.734375,0.015625,0.0,0.0,0.0,0.0
1,2,0.25,0.0,0.734375,0.015625,0.0,0.0,0.0,0.0
1,2,0.25,0.0,0.734375,0.015625,0.0,0.0,0.0,0.0
1,2,0.25,0.0,0.734375,0.015625,0.0,0.0,0.0,0.0
1,2,0.265625,0.0,0.71875,0.015625,0.0,0.0,0.0,0.0
1,2,0.265625,0.0,0.71875,0.015625,0.0,0.0,0.0,0.0
1,2,0.28125,0.0,0.703125,0.015625,0.0,0.0,0.0,0.0
1,2,0.28125,0.0,0.703125,0.015625,0.0,0.0,0.0,0.0
1,2,0.328125,0.0,0.65625,0.015625,0.0,0.0,0.0,0.0
1,2,0.328125,0.0,0.65625,0.015625,0.0,0.0,0.0,0.0
1,2,0.34375,0.0,0.640625,0.015625,0.0,0.0,0.0,0.0
1,2,0.34375,0.0,0.640625,0.015625,0.0,0.0,0.0,0.0
1,2,0.359375,0.0,0.625,0.015625,0.0,0.0,0.0,0.0
1,2,0.359375,0.0,0.625,0.015625,0.0,0.0,0.0,0.0
1,2,0.359375,0.0,0.625,0.015625,0.0,0.0,0.0,0.0
1,2,0.359375,0.0,0.625,0.015625,0.0,0.0,0.0,0.0
1,0,0.5,0.0,0.484375,0.015625,0.0,0.0,0.0,0.0
1,0,0.5,0.0,0.484375,0.015625,0.0,0.0,0.0,0.0
1,0,0.5,0.0,0.484375,0.015625,0.0,0.0,0.0,0.0
1,0,0.5,0.0,0.484375,0.015625,0.0,0.0,0.0,0.0
1,0,0.5,0.0,0.484375,0.015625,0.0,0.0,0.0,0.0
1,0,0.5,0.0,0.484375,0.015625,0.0,0.0,0.0,0.0
1,0,0.5,0.0,0.484375,0.015625,0.0,0.0,0.0,0.0
1,0,0.5,0.0,0.484375,0.015625,0.0,0.0,0.0,0.0
1,0,0.546875,0.0,0.4375,0.015625,0.0,0.0,0.0,0.0
1,0,0.546875,0.0,0.4375,0.015625,0.0,0.0,0.0,0.0
1,0,0.578125,0.0,0.40625,0.015625,0.0,0.0,0.0,0.0
1,0,0.578125,0.0,0.40625,0.015625,0.0,0.0,0.0,0.0
1,0,0.59375,0.0,0.390625,0.015625,0.0,0.0,0.0,0.0
1,0,0.59375,0.0,0.390625,0.015625,0.0,0.0,0.0,0.0
1,0,0.59375,0.0,0.390625,0.015625,0.0,0.0,0.0,0.0
1,0,0.59375,0.0,0.390625,0.015625,0.0,0.0,0.0,0.0
1,0,0.609375,0.0,0.375,0.015625,0.0,0.0,0.0,0.0
1,0,0.609375,0.0,0.375,0.015625,0.0,0.0,0.0,0.0
1,0,0.609375,0.0,0.375,0.015625,0.0,0.0,0.0,0.0
1,0,0.609375,0.0,0.375,0.015625,0.0,0.0,0.0,0.0
1,0,0.609375,0.0,0.375,0.015625,0.0,0.0,0.0,0.0
1,0,0.609375,0.0,0.375,0.015625,0.0,0.0,0.0,0.0
1,0,0.609375,0.0,0.375,0.015625,0.0,0.0,0.0,0.0
1,0,0.609375,0.0,0.375,0.015625,0.0,0.0,0.0,0.0
1,0,0.609375,0.0,0.375,0.015625,0.0,0.0,0.0,0.0
1,0,0.609375,0.0,0.375,0.015625,0.0,0.0,0.0,0.0
1,0,0.609375,0.0,0.375,0.015625,0.0,0.0,0.0,0.0
1,0,0.609375,0.0,0.375,0.015625,0.0,0.0,0.0,0.0
1,0,0.609375,0.0,0.375,0.015625,0.0,0.0,0.0,0.0
1,0,0.609375,0.0,0.375,0.015625,0.0,0.0,0.0,0.0
