true_label,meta_K18,meta_ratio_0,meta_ratio_1,meta_ratio_2,meta_ratio_3,meta_ratio_4,meta_ratio_5,meta_ratio_6,meta_ratio_7,meta_ratio_8,meta_ratio_9,meta_ratio_10,meta_ratio_11,meta_ratio_12
1,0,0.94199234,0.0,0.0,0.0,0.058007643,0.0,0.0,0.0,0.0,0.0,0.0,0.0,0.0
1,0,0.94199234,0.0,0.0,0.0,0.058007643,0.0,0.0,0.0,0.0,0.0,0.0,0.0,0.0
1,0,0.94199234,0.0,0.0,0.0,0.058007643,0.0,0.0,0.0,0.0,0.0,0.0,0.0,0.0
1,0,0.94199234,0.0,0.0,0.0,0.058007643,0.0,0.0,0.0,0.0,0.0,0.0,0.0,0.0
1,0,0.94199234,0.0,0.0,0.0,0.058007643,0.0,0.0,0.0,0.0,0.0,0.0,0.0,0.0
1,0,0.94199234,0.0,0.0,0.0,0.058007643,0.0,0.0,0.0,0.0,0.0,0.0,0.0,0.0
1,0,0.94199234,0.0,0.0,0.0,0.058007643,0.0,0.0,0.0,0.0,0.0,0.0,0.0,0.0
1,0,0.94199234,0.0,0.0,0.0,0.058007643,0.0,0.0,0.0,0.0,0.0,0.0,0.0,0.0
1,0,0.94199234,0.0,0.0,0.0,0.058007643,0.0,0.0,0.0,0.0,0.0,0.0,0.0,0.0
1,0,0.94199234,0.0,0.0,0.0,0.058007643,0.0,0.0,0.0,0.0,0.0,0.0,0.0,0.0
1,0,0.94199234,0.0,0.0,0.0,0.058007643,0.0,0.0,0.0,0.0,0.0,0.0,0.0,0.0
1,0,0.94199234,0.0,0.0,0.0,0.058007643,0.0,0.0,0.0,0.0,0.0,0.0,0.0,0.0
1,0,0.94199234,0.0,0.0,0.0,0.058007643,0.0,0.0,0.0,0.0,0.0,0.0,0.0,0.0
1,0,0.94199234,0.0,0.0,0.0,0.058007643,0.0,0.0,0.0,0.0,0.0,0.0,0.0,0.0
1,0,0.94199234,0.0,0.0,0.0,0.058007643,0.0,0.0,0.0,0.0,0.0,0.0,0.0,0.0
1,0,0.94199234,0.0,0.0,0.0,0.058007643,0.0,0.0,0.0,0.0,0.0,0.0,0.0,0.0
1,0,0.94199234,0.0,0.0,0.0,0.058007643,0.0,0.0,0.0,0.0,0.0,0.0,0.0,0.0
1,0,0.94199234,0.0,0.0,0.0,0.058007643,0.0,0.0,0.0,0.0,0.0,0.0,0.0,0.0
1,0,0.94199234,0.0,0.0,0.0,0.058007643,0.0,0.0,0.0,0.0,0.0,0.0,0.0,0.0
1,0,0.94199234,0.0,0.0,0.0,0.058007643,0.0,0.0,0.0,0.0,0.0,0.0,0.0,0.0
1,0,0.94199234,0.0,0.0,0.0,0.058007643,0.0,0.0,0.0,0.0,0.0,0.0,0.0,0.0
1,0,0.94199234,0.0,0.0,0.0,0.058007643,0.0,0.0,0.0,0.0,0.0,0.0,0.0,0.0
1,0,0.94199234,0.0,0.0,0.0,0.058007643,0.0,0.0,0.0,0.0,0.0,0.0,0.0,0.0
1,0,0.94199234,0.0,0.0,0.0,0.058007643,0.0,0.0,0.0,0.0,0.0,0.0,0.0,0.0
1,0,0.94199234,0.0,0.0,0.0,0.058007643,0.0,0.0,0.0,0.0,0.0,0.0,0.0,0.0
1,0,0.94199234,0.0,0.0,0.0,0.058007643,0.0,0.0,0.0,0.0,0.0,0.0,0.0,0.0
1,0,0.94199234,0.0,0.0,0.0,0.058007643,0.0,0.0,0.0,0.0,0.0,0.0,0.0,0.0
1,0,0.94199234,0.0,0.0,0.0,0.058007643,0.0,0.0,0.0,0.0,0.0,0.0,0.0,0.0
1,0,0.94199234,0.0,0.0,0.0,0.058007643,0.0,0.0,0.0,0.0,0.0,0.0,0.0,0.0
1,0,0.94199234,0.0,0.0,0.0,0.058007643,0.0,0.0,0.0,0.0,0.0,0.0,0.0,0.0
1,0,0.94199234,0.0,0.0,0.0,0.058007643,0.0,0.0,0.0,0.0,0.0,0.0,0.0,0.0
1,0,0.94199234,0.0,0.0,0.0,0.058007643,0.0,0.0,0.0,0.0,0.0,0.0,0.0,0.0
1,0,0.94199234,0.0,0.0,0.0,0.058007643,0.0,0.0,0.0,0.0,0.0,0.0,0.0,0.0
1,0,0.94199234,0.0,0.0,0.0,0.058007643,0.0,0.0,0.0,0.0,0.0,0.0,0.0,0.0
1,0,0.94199234,0.0,0.0,0.0,0.058007643,0.0,0.0,0.0,0.0,0.0,0.0,0.0,0.0
1,0,0.94199234,0.0,0.0,0.0,0.058007643,0.0,0.0,0.0,0.0,0.0,0.0,0.0,0.0
1,0,0.94199234,0.0,0.0,0.0,0.058007643,0.0,0.0,0.0,0.0,0.0,0.0,0.0,0.0
1,0,0.94199234,0.0,0.0,0.0,0.058007643,0.0,0.0,0.0,0.0,0.0,0.0,0.0,0.0
1,0,0.94199234,0.0,0.0,0.0,0.058007643,0.0,0.0,0.0,0.0,0.0,0.0,0.0,0.0
1,0,0.94199234,0.0,0.0,0.0,0.058007643,0.0,0.0,0.0,0.0,0.0,0.0,0.0,0.0
1,0,0.94199234,0.0,0.0,0.0,0.058007643,0.0,0.0,0.0,0.0,0.0,0.0,0.0,0.0
1,0,0.94199234,0.0,0.0,0.0,0.058007643,0.0,0.0,0.0,0.0,0.0,0.0,0.0,0.0
1,0,0.94199234,0.0,0.0,0.0,0.058007643,0.0,0.0,0.0,0.0,0.0,0.0,0.0,0.0
1,0,0.94199234,0.0,0.0,0.0,0.058007643,0.0,0.0,0.0,0.0,0.0,0.0,0.0,0.0
1,0,0.94199234,0.0,0.0,0.0,0.058007643,0.0,0.0,0.0,0.0,0.0,0.0,0.0,0.0
1,0,0.94199234,0.0,0.0,0.0,0.058007643,0.0,0.0,0.0,0.0,0.0,0.0,0.0,0.0
1,0,0.94199234,0.0,0.0,0.0,0.058007643,0.0,0.0,0.0,0.0,0.0,0.0,0.0,0.0
1,0,0.94199234,0.0,0.0,0.0,0.058007643,0.0,0.0,0.0,0.0,0.0,0.0,0.0,0.0
1,0,0.94199234,0.0,0.0,0.0,0.058007643,0.0,0.0,0.0,0.0,0.0,0.0,0.0,0.0
1,0,0.94199234,0.0,0.0,0.0,0.058007643,0.0,0.0,0.0,0.0,0.0,0.0,0.0,0.0
1,0,0.94199234,0.0,0.0,0.0,0.058007643,0.0,0.0,0.0,0.0,0.0,0.0,0.0,0.0
1,0,0.94199234,0.0,0.0,0.0,0.058007643,0.0,0.0,0.0,0.0,0.0,0.0,0.0,0.0
1,0,0.94199234,0.0,0.0,0.0,0.058007643,0.0,0.0,0.0,0.0,0.0,0.0,0.0,0.0
1,0,0.94199234,0.0,0.0,0.0,0.058007643,0.0,0.0,0.0,0.0,0.0,0.0,0.0,0.0
1,0,0.94199234,0.0,0.0,0.0,0.058007643,0.0,0.0,0.0,0.0,0.0,0.0,0.0,0.0
1,0,0.94199234,0.0,0.0,0.0,0.058007643,0.0,0.0,0.0,0.0,0.0,0.0,0.0,0.0
1,0,0.94199234,0.0,0.0,0.0,0.058007643,0.0,0.0,0.0,0.0,0.0,0.0,0.0,0.0
1,0,0.94199234,0.0,0.0,0.0,0.058007643,0.0,0.0,0.0,0.0,0.0,0.0,0.0,0.0
1,0,0.94199234,0.0,0.0,0.0,0.058007643,0.0,0.0,0.0,0.0,0.0,0.0,0.0,0.0
1,0,0.94199234,0.0,0.0,0.0,0.058007643,0.0,0.0,0.0,0.0,0.0,0.0,0.0,0.0
1,0,0.94199234,0.0,0.0,0.0,0.058007643,0.0,0.0,0.0,0.0,0.0,0.0,0.0,0.0
1,0,0.94199234,0.0,0.0,0.0,0.058007643,0.0,0.0,0.0,0.0,0.0,0.0,0.0,0.0
1,0,0.94199234,0.0,0.0,0.0,0.058007643,0.0,0.0,0.0,0.0,0.0,0.0,0.0,0.0
1,0,0.94199234,0.0,0.0,0.0,0.058007643,0.0,0.0,0.0,0.0,0.0,0.0,0.0,0.0
1,0,0.94199234,0.0,0.0,0.0,0.058007643,0.0,0.0,0.0,0.0,0.0,0.0,0.0,0.0
1,0,0.94199234,0.0,0.0,0.0,0.058007643,0.0,0.0,0.0,0.0,0.0,0.0,0.0,0.0
1,0,0.94199234,0.0,0.0,0.0,0.058007643,0.0,0.0,0.0,0.0,0.0,0.0,0.0,0.0
1,0,0.94199234,0.0,0.0,0.0,0.058007643,0.0,0.0,0.0,0.0,0.0,0.0,0.0,0.0
1,0,0.94199234,0.0,0.0,0.0,0.058007643,0.0,0.0,0.0,0.0,0.0,0.0,0.0,0.0
1,0,0.94199234,0.0,0.0,0.0,0.058007643,0.0,0.0,0.0,0.0,0.0,0.0,0.0,0.0
1,0,0.94199234,0.0,0.0,0.0,0.058007643,0.0,0.0,0.0,0.0,0.0,0.0,0.0,0.0
1,0,0.94199234,0.0,0.0,0.0,0.058007643,0.0,0.0,0.0,0.0,0.0,0.0,0.0,0.0
1,0,0.94199234,0.0,0.0,0.0,0.058007643,0.0,0.0,0.0,0.0,0.0,0.0,0.0,0.0
1,0,0.94199234,0.0,0.0,0.0,0.058007643,0.0,0.0,0.0,0.0,0.0,0.0,0.0,0.0
1,0,0.94199234,0.0,0.0,0.0,0.058007643,0.0,0.0,0.0,0.0,0.0,0.0,0.0,0.0
1,0,0.94199234,0.0,0.0,0.0,0.058007643,0.0,0.0,0.0,0.0,0.0,0.0,0.0,0.0
1,0,0.94199234,0.0,0.0,0.0,0.058007643,0.0,0.0,0.0,0.0,0.0,0.0,0.0,0.0
1,0,0.94199234,0.0,0.0,0.0,0.058007643,0.0,0.0,0.0,0.0,0.0,0.0,0.0,0.0
1,0,0.94199234,0.0,0.0,0.0,0.058007643,0.0,0.0,0.0,0.0,0.0,0.0,0.0,0.0
1,0,0.94199234,0.0,0.0,0.0,0.058007643,0.0,0.0,0.0,0.0,0.0,0.0,0.0,0.0
1,0,0.94199234,0.0,0.0,0.0,0.058007643,0.0,0.0,0.0,0.0,0.0,0.0,0.0,0.0
1,0,0.94199234,0.0,0.0,0.0,0.058007643,0.0,0.0,0.0,0.0,0.0,0.0,0.0,0.0
1,0,0.94199234,0.0,0.0,0.0,0.058007643,0.0,0.0,0.0,0.0,0.0,0.0,0.0,0.0
1,0,0.94199234,0.0,0.0,0.0,0.058007643,0.0,0.0,0.0,0.0,0.0,0.0,0.0,0.0
1,0,0.94199234,0.0,0.0,0.0,0.058007643,0.0,0.0,0.0,0.0,0.0,0.0,0.0,0.0
1,0,0.94199234,0.0,0.0,0.0,0.058007643,0.0,0.0,0.0,0.0,0.0,0.0,0.0,0.0
1,0,0.94199234,0.0,0.0,0.0,0.058007643,0.0,0.0,0.0,0.0,0.0,0.0,0.0,0.0
1,0,0.94199234,0.0,0.0,0.0,0.058007643,0.0,0.0,0.0,0.0,0.0,0.0,0.0,0.0
1,0,0.94199234,0.0,0.0,0.0,0.058007643,0.0,0.0,0.0,0.0,0.0,0.0,0.0,0.0
1,0,0.94199234,0.0,0.0,0.0,0.058007643,0.0,0.0,0.0,0.0,0.0,0.0,0.0,0.0
1,0,0.94199234,0.0,0.0,0.0,0.058007643,0.0,0.0,0.0,0.0,0.0,0.0,0.0,0.0
1,0,0.94199234,0.0,0.0,0.0,0.058007643,0.0,0.0,0.0,0.0,0.0,0.0,0.0,0.0
1,0,0.94199234,0.0,0.0,0.0,0.058007643,0.0,0.0,0.0,0.0,0.0,0.0,0.0,0.0
1,0,0.94199234,0.0,0.0,0.0,0.058007643,0.0,0.0,0.0,0.0,0.0,0.0,0.0,0.0
1,0,0.94199234,0.0,0.0,0.0,0.058007643,0.0,0.0,0.0,0.0,0.0,0.0,0.0,0.0
1,0,0.94199234,0.0,0.0,0.0,0.058007643,0.0,0.0,0.0,0.0,0.0,0.0,0.0,0.0
1,0,0.94199234,0.0,0.0,0.0,0.058007643,0.0,0.0,0.0,0.0,0.0,0.0,0.0,0.0
1,0,0.94199234,0.0,0.0,0.0,0.058007643,0.0,0.0,0.0,0.0,0.0,0.0,0.0,0.0
1,0,0.94199234,0.0,0.0,0.0,0.058007643,0.0,0.0,0.0,0.0,0.0,0.0,0.0,0.0
1,0,0.94199234,0.0,0.0,0.0,0.058007643,0.0,0.0,0.0,0.0,0.0,0.0,0.0,0.0
1,0,0.94199234,0.0,0.0,0.0,0.058007643,0.0,0.0,0.0,0.0,0.0,0.0,0.0,0.0
1,0,0.94199234,0.0,0.0,0.0,0.058007643,0.0,0.0,0.0,0.0,0.0,0.0,0.0,0.0
1,0,0.94199234,0.0,0.0,0.0,0.058007643,0.0,0.0,0.0,0.0,0.0,0.0,0.0,0.0
1,0,0.94199234,0.0,0.0,0.0,0.058007643,0.0,0.0,0.0,0.0,0.0,0.0,0.0,0.0
1,0,0.94199234,0.0,0.0,0.0,0.058007643,0.0,0.0,0.0,0.0,0.0,0.0,0.0,0.0
1,0,0.94199234,0.0,0.0,0.0,0.058007643,0.0,0.0,0.0,0.0,0.0,0.0,0.0,0.0
1,0,0.94199234,0.0,0.0,0.0,0.058007643,0.0,0.0,0.0,0.0,0.0,0.0,0.0,0.0
1,0,0.94199234,0.0,0.0,0.0,0.058007643,0.0,0.0,0.0,0.0,0.0,0.0,0.0,0.0
1,0,0.94199234,0.0,0.0,0.0,0.058007643,0.0,0.0,0.0,0.0,0.0,0.0,0.0,0.0
1,0,0.94199234,0.0,0.0,0.0,0.058007643,0.0,0.0,0.0,0.0,0.0,0.0,0.0,0.0
1,0,0.94199234,0.0,0.0,0.0,0.058007643,0.0,0.0,0.0,0.0,0.0,0.0,0.0,0.0
1,0,0.94199234,0.0,0.0,0.0,0.058007643,0.0,0.0,0.0,0.0,0.0,0.0,0.0,0.0
1,0,0.94199234,0.0,0.0,0.0,0.058007643,0.0,0.0,0.0,0.0,0.0,0.0,0.0,0.0
1,0,0.94199234,0.0,0.0,0.0,0.058007643,0.0,0.0,0.0,0.0,0.0,0.0,0.0,0.0
1,0,0.94199234,0.0,0.0,0.0,0.058007643,0.0,0.0,0.0,0.0,0.0,0.0,0.0,0.0
1,0,0.94199234,0.0,0.0,0.0,0.058007643,0.0,0.0,0.0,0.0,0.0,0.0,0.0,0.0
1,0,0.94199234,0.0,0.0,0.0,0.058007643,0.0,0.0,0.0,0.0,0.0,0.0,0.0,0.0
1,0,0.94199234,0.0,0.0,0.0,0.058007643,0.0,0.0,0.0,0.0,0.0,0.0,0.0,0.0
1,0,0.94199234,0.0,0.0,0.0,0.058007643,0.0,0.0,0.0,0.0,0.0,0.0,0.0,0.0
1,0,0.94199234,0.0,0.0,0.0,0.058007643,0.0,0.0,0.0,0.0,0.0,0.0,0.0,0.0
1,0,0.94199234,0.0,0.0,0.0,0.058007643,0.0,0.0,0.0,0.0,0.0,0.0,0.0,0.0
1,0,0.94199234,0.0,0.0,0.0,0.058007643,0.0,0.0,0.0,0.0,0.0,0.0,0.0,0.0
1,0,0.94199234,0.0,0.0,0.0,0.058007643,0.0,0.0,0.0,0.0,0.0,0.0,0.0,0.0
1,0,0.94199234,0.0,0.0,0.0,0.058007643,0.0,0.0,0.0,0.0,0.0,0.0,0.0,0.0
1,0,0.94199234,0.0,0.0,0.0,0.058007643,0.0,0.0,0.0,0.0,0.0,0.0,0.0,0.0
1,0,0.94199234,0.0,0.0,0.0,0.058007643,0.0,0.0,0.0,0.0,0.0,0.0,0.0,0.0
1,0,0.94199234,0.0,0.0,0.0,0.058007643,0.0,0.0,0.0,0.0,0.0,0.0,0.0,0.0
1,0,0.94199234,0.0,0.0,0.0,0.058007643,0.0,0.0,0.0,0.0,0.0,0.0,0.0,0.0
1,0,0.94199234,0.0,0.0,0.0,0.058007643,0.0,0.0,0.0,0.0,0.0,0.0,0.0,0.0
1,0,0.94199234,0.0,0.0,0.0,0.058007643,0.0,0.0,0.0,0.0,0.0,0.0,0.0,0.0
1,0,0.94199234,0.0,0.0,0.0,0.058007643,0.0,0.0,0.0,0.0,0.0,0.0,0.0,0.0
1,0,0.94199234,0.0,0.0,0.0,0.058007643,0.0,0.0,0.0,0.0,0.0,0.0,0.0,0.0
1,0,0.94199234,0.0,0.0,0.0,0.058007643,0.0,0.0,0.0,0.0,0.0,0.0,0.0,0.0
1,0,0.94199234,0.0,0.0,0.0,0.058007643,0.0,0.0,0.0,0.0,0.0,0.0,0.0,0.0
1,0,0.94199234,0.0,0.0,0.0,0.058007643,0.0,0.0,0.0,0.0,0.0,0.0,0.0,0.0
1,0,0.94199234,0.0,0.0,0.0,0.058007643,0.0,0.0,0.0,0.0,0.0,0.0,0.0,0.0
1,0,0.94199234,0.0,0.0,0.0,0.058007643,0.0,0.0,0.0,0.0,0.0,0.0,0.0,0.0
1,0,0.94199234,0.0,0.0,0.0,0.058007643,0.0,0.0,0.0,0.0,0.0,0.0,0.0,0.0
1,0,0.94199234,0.0,0.0,0.0,0.058007643,0.0,0.0,0.0,0.0,0.0,0.0,0.0,0.0
1,0,0.94199234,0.0,0.0,0.0,0.058007643,0.0,0.0,0.0,0.0,0.0,0.0,0.0,0.0
1,0,0.94199234,0.0,0.0,0.0,0.058007643,0.0,0.0,0.0,0.0,0.0,0.0,0.0,0.0
1,0,0.94199234,0.0,0.0,0.0,0.058007643,0.0,0.0,0.0,0.0,0.0,0.0,0.0,0.0
1,0,0.94199234,0.0,0.0,0.0,0.058007643,0.0,0.0,0.0,0.0,0.0,0.0,0.0,0.0
1,0,0.94199234,0.0,0.0,0.0,0.058007643,0.0,0.0,0.0,0.0,0.0,0.0,0.0,0.0
1,0,0.94199234,0.0,0.0,0.0,0.058007643,0.0,0.0,0.0,0.0,0.0,0.0,0.0,0.0
1,0,0.94199234,0.0,0.0,0.0,0.058007643,0.0,0.0,0.0,0.0,0.0,0.0,0.0,0.0
1,0,0.94199234,0.0,0.0,0.0,0.058007643,0.0,0.0,0.0,0.0,0.0,0.0,0.0,0.0
1,0,0.94199234,0.0,0.0,0.0,0.058007643,0.0,0.0,0.0,0.0,0.0,0.0,0.0,0.0
1,0,0.94199234,0.0,0.0,0.0,0.058007643,0.0,0.0,0.0,0.0,0.0,0.0,0.0,0.0
1,0,0.94199234,0.0,0.0,0.0,0.058007643,0.0,0.0,0.0,0.0,0.0,0.0,0.0,0.0
1,0,0.94199234,0.0,0.0,0.0,0.058007643,0.0,0.0,0.0,0.0,0.0,0.0,0.0,0.0
1,0,0.94199234,0.0,0.0,0.0,0.058007643,0.0,0.0,0.0,0.0,0.0,0.0,0.0,0.0
1,0,0.94199234,0.0,0.0,0.0,0.058007643,0.0,0.0,0.0,0.0,0.0,0.0,0.0,0.0
1,0,0.94199234,0.0,0.0,0.0,0.058007643,0.0,0.0,0.0,0.0,0.0,0.0,0.0,0.0
1,0,0.94199234,0.0,0.0,0.0,0.058007643,0.0,0.0,0.0,0.0,0.0,0.0,0.0,0.0
1,0,0.94199234,0.0,0.0,0.0,0.058007643,0.0,0.0,0.0,0.0,0.0,0.0,0.0,0.0
1,0,0.94199234,0.0,0.0,0.0,0.058007643,0.0,0.0,0.0,0.0,0.0,0.0,0.0,0.0
1,0,0.94199234,0.0,0.0,0.0,0.058007643,0.0,0.0,0.0,0.0,0.0,0.0,0.0,0.0
1,0,0.94199234,0.0,0.0,0.0,0.058007643,0.0,0.0,0.0,0.0,0.0,0.0,0.0,0.0
1,0,0.94199234,0.0,0.0,0.0,0.058007643,0.0,0.0,0.0,0.0,0.0,0.0,0.0,0.0
1,0,0.94199234,0.0,0.0,0.0,0.058007643,0.0,0.0,0.0,0.0,0.0,0.0,0.0,0.0
1,0,0.94199234,0.0,0.0,0.0,0.058007643,0.0,0.0,0.0,0.0,0.0,0.0,0.0,0.0
1,0,0.94199234,0.0,0.0,0.0,0.058007643,0.0,0.0,0.0,0.0,0.0,0.0,0.0,0.0
1,0,0.94199234,0.0,0.0,0.0,0.058007643,0.0,0.0,0.0,0.0,0.0,0.0,0.0,0.0
1,0,0.94199234,0.0,0.0,0.0,0.058007643,0.0,0.0,0.0,0.0,0.0,0.0,0.0,0.0
1,0,0.94199234,0.0,0.0,0.0,0.058007643,0.0,0.0,0.0,0.0,0.0,0.0,0.0,0.0
1,0,0.94199234,0.0,0.0,0.0,0.058007643,0.0,0.0,0.0,0.0,0.0,0.0,0.0,0.0
1,0,0.94199234,0.0,0.0,0.0,0.058007643,0.0,0.0,0.0,0.0,0.0,0.0,0.0,0.0
1,0,0.94199234,0.0,0.0,0.0,0.058007643,0.0,0.0,0.0,0.0,0.0,0.0,0.0,0.0
1,0,0.94199234,0.0,0.0,0.0,0.058007643,0.0,0.0,0.0,0.0,0.0,0.0,0.0,0.0
1,0,0.94199234,0.0,0.0,0.0,0.058007643,0.0,0.0,0.0,0.0,0.0,0.0,0.0,0.0
1,0,0.94199234,0.0,0.0,0.0,0.058007643,0.0,0.0,0.0,0.0,0.0,0.0,0.0,0.0
1,0,0.94199234,0.0,0.0,0.0,0.058007643,0.0,0.0,0.0,0.0,0.0,0.0,0.0,0.0
1,0,0.94199234,0.0,0.0,0.0,0.058007643,0.0,0.0,0.0,0.0,0.0,0.0,0.0,0.0
1,0,0.94199234,0.0,0.0,0.0,0.058007643,0.0,0.0,0.0,0.0,0.0,0.0,0.0,0.0
1,0,0.94199234,0.0,0.0,0.0,0.058007643,0.0,0.0,0.0,0.0,0.0,0.0,0.0,0.0
1,0,0.94199234,0.0,0.0,0.0,0.058007643,0.0,0.0,0.0,0.0,0.0,0.0,0.0,0.0
1,0,0.94199234,0.0,0.0,0.0,0.058007643,0.0,0.0,0.0,0.0,0.0,0.0,0.0,0.0
1,0,0.94199234,0.0,0.0,0.0,0.058007643,0.0,0.0,0.0,0.0,0.0,0.0,0.0,0.0
1,0,0.94199234,0.0,0.0,0.0,0.058007643,0.0,0.0,0.0,0.0,0.0,0.0,0.0,0.0
1,0,0.94199234,0.0,0.0,0.0,0.058007643,0.0,0.0,0.0,0.0,0.0,0.0,0.0,0.0
1,0,0.94199234,0.0,0.0,0.0,0.058007643,0.0,0.0,0.0,0.0,0.0,0.0,0.0,0.0
1,0,0.94199234,0.0,0.0,0.0,0.058007643,0.0,0.0,0.0,0.0,0.0,0.0,0.0,0.0
1,0,0.94199234,0.0,0.0,0.0,0.058007643,0.0,0.0,0.0,0.0,0.0,0.0,0.0,0.0
1,0,0.94199234,0.0,0.0,0.0,0.058007643,0.0,0.0,0.0,0.0,0.0,0.0,0.0,0.0
1,0,0.94199234,0.0,0.0,0.0,0.058007643,0.0,0.0,0.0,0.0,0.0,0.0,0.0,0.0
1,0,0.94199234,0.0,0.0,0.0,0.058007643,0.0,0.0,0.0,0.0,0.0,0.0,0.0,0.0
1,0,0.94199234,0.0,0.0,0.0,0.058007643,0.0,0.0,0.0,0.0,0.0,0.0,0.0,0.0
1,0,0.94199234,0.0,0.0,0.0,0.058007643,0.0,0.0,0.0,0.0,0.0,0.0,0.0,0.0
1,0,0.94199234,0.0,0.0,0.0,0.058007643,0.0,0.0,0.0,0.0,0.0,0.0,0.0,0.0
1,0,0.94199234,0.0,0.0,0.0,0.058007643,0.0,0.0,0.0,0.0,0.0,0.0,0.0,0.0
1,0,0.94199234,0.0,0.0,0.0,0.058007643,0.0,0.0,0.0,0.0,0.0,0.0,0.0,0.0
1,0,0.94199234,0.0,0.0,0.0,0.058007643,0.0,0.0,0.0,0.0,0.0,0.0,0.0,0.0
1,0,0.94199234,0.0,0.0,0.0,0.058007643,0.0,0.0,0.0,0.0,0.0,0.0,0.0,0.0
1,0,0.94199234,0.0,0.0,0.0,0.058007643,0.0,0.0,0.0,0.0,0.0,0.0,0.0,0.0
1,0,0.94199234,0.0,0.0,0.0,0.058007643,0.0,0.0,0.0,0.0,0.0,0.0,0.0,0.0
1,0,0.94199234,0.0,0.0,0.0,0.058007643,0.0,0.0,0.0,0.0,0.0,0.0,0.0,0.0
1,0,0.94199234,0.0,0.0,0.0,0.058007643,0.0,0.0,0.0,0.0,0.0,0.0,0.0,0.0
1,0,0.94199234,0.0,0.0,0.0,0.058007643,0.0,0.0,0.0,0.0,0.0,0.0,0.0,0.0
1,0,0.94199234,0.0,0.0,0.0,0.058007643,0.0,0.0,0.0,0.0,0.0,0.0,0.0,0.0
1,0,0.94199234,0.0,0.0,0.0,0.058007643,0.0,0.0,0.0,0.0,0.0,0.0,0.0,0.0
1,0,0.94199234,0.0,0.0,0.0,0.058007643,0.0,0.0,0.0,0.0,0.0,0.0,0.0,0.0
1,0,0.94199234,0.0,0.0,0.0,0.058007643,0.0,0.0,0.0,0.0,0.0,0.0,0.0,0.0
1,0,0.94199234,0.0,0.0,0.0,0.058007643,0.0,0.0,0.0,0.0,0.0,0.0,0.0,0.0
1,0,0.94199234,0.0,0.0,0.0,0.058007643,0.0,0.0,0.0,0.0,0.0,0.0,0.0,0.0
1,0,0.94199234,0.0,0.0,0.0,0.058007643,0.0,0.0,0.0,0.0,0.0,0.0,0.0,0.0
1,0,0.94199234,0.0,0.0,0.0,0.058007643,0.0,0.0,0.0,0.0,0.0,0.0,0.0,0.0
1,0,0.94199234,0.0,0.0,0.0,0.058007643,0.0,0.0,0.0,0.0,0.0,0.0,0.0,0.0
1,0,0.94199234,0.0,0.0,0.0,0.058007643,0.0,0.0,0.0,0.0,0.0,0.0,0.0,0.0
1,0,0.94199234,0.0,0.0,0.0,0.058007643,0.0,0.0,0.0,0.0,0.0,0.0,0.0,0.0
1,0,0.94199234,0.0,0.0,0.0,0.058007643,0.0,0.0,0.0,0.0,0.0,0.0,0.0,0.0
1,0,0.94199234,0.0,0.0,0.0,0.058007643,0.0,0.0,0.0,0.0,0.0,0.0,0.0,0.0
1,0,0.94199234,0.0,0.0,0.0,0.058007643,0.0,0.0,0.0,0.0,0.0,0.0,0.0,0.0
1,0,0.94199234,0.0,0.0,0.0,0.058007643,0.0,0.0,0.0,0.0,0.0,0.0,0.0,0.0
1,0,0.94199234,0.0,0.0,0.0,0.058007643,0.0,0.0,0.0,0.0,0.0,0.0,0.0,0.0
1,0,0.94199234,0.0,0.0,0.0,0.058007643,0.0,0.0,0.0,0.0,0.0,0.0,0.0,0.0
1,0,0.94199234,0.0,0.0,0.0,0.058007643,0.0,0.0,0.0,0.0,0.0,0.0,0.0,0.0
1,0,0.94199234,0.0,0.0,0.0,0.058007643,0.0,0.0,0.0,0.0,0.0,0.0,0.0,0.0
1,0,0.94199234,0.0,0.0,0.0,0.058007643,0.0,0.0,0.0,0.0,0.0,0.0,0.0,0.0
1,0,0.94199234,0.0,0.0,0.0,0.058007643,0.0,0.0,0.0,0.0,0.0,0.0,0.0,0.0
1,0,0.94199234,0.0,0.0,0.0,0.058007643,0.0,0.0,0.0,0.0,0.0,0.0,0.0,0.0
1,0,0.94199234,0.0,0.0,0.0,0.058007643,0.0,0.0,0.0,0.0,0.0,0.0,0.0,0.0
1,0,0.94199234,0.0,0.0,0.0,0.058007643,0.0,0.0,0.0,0.0,0.0,0.0,0.0,0.0
1,0,0.94199234,0.0,0.0,0.0,0.058007643,0.0,0.0,0.0,0.0,0.0,0.0,0.0,0.0
1,0,0.94199234,0.0,0.0,0.0,0.058007643,0.0,0.0,0.0,0.0,0.0,0.0,0.0,0.0
1,0,0.94199234,0.0,0.0,0.0,0.058007643,0.0,0.0,0.0,0.0,0.0,0.0,0.0,0.0
1,0,0.94199234,0.0,0.0,0.0,0.058007643,0.0,0.0,0.0,0.0,0.0,0.0,0.0,0.0
1,0,0.94199234,0.0,0.0,0.0,0.058007643,0.0,0.0,0.0,0.0,0.0,0.0,0.0,0.0
1,0,0.94199234,0.0,0.0,0.0,0.058007643,0.0,0.0,0.0,0.0,0.0,0.0,0.0,0.0
1,0,0.94199234,0.0,0.0,0.0,0.058007643,0.0,0.0,0.0,0.0,0.0,0.0,0.0,0.0
1,0,0.94199234,0.0,0.0,0.0,0.058007643,0.0,0.0,0.0,0.0,0.0,0.0,0.0,0.0
1,0,0.94199234,0.0,0.0,0.0,0.058007643,0.0,0.0,0.0,0.0,0.0,0.0,0.0,0.0
1,0,0.94199234,0.0,0.0,0.0,0.058007643,0.0,0.0,0.0,0.0,0.0,0.0,0.0,0.0
1,0,0.94199234,0.0,0.0,0.0,0.058007643,0.0,0.0,0.0,0.0,0.0,0.0,0.0,0.0
1,0,0.94199234,0.0,0.0,0.0,0.058007643,0.0,0.0,0.0,0.0,0.0,0.0,0.0,0.0
1,0,0.94199234,0.0,0.0,0.0,0.058007643,0.0,0.0,0.0,0.0,0.0,0.0,0.0,0.0
1,0,0.94199234,0.0,0.0,0.0,0.058007643,0.0,0.0,0.0,0.0,0.0,0.0,0.0,0.0
1,0,0.94199234,0.0,0.0,0.0,0.058007643,0.0,0.0,0.0,0.0,0.0,0.0,0.0,0.0
1,0,0.94199234,0.0,0.0,0.0,0.058007643,0.0,0.0,0.0,0.0,0.0,0.0,0.0,0.0
1,0,0.94199234,0.0,0.0,0.0,0.058007643,0.0,0.0,0.0,0.0,0.0,0.0,0.0,0.0
1,0,0.94199234,0.0,0.0,0.0,0.058007643,0.0,0.0,0.0,0.0,0.0,0.0,0.0,0.0
1,0,0.94199234,0.0,0.0,0.0,0.058007643,0.0,0.0,0.0,0.0,0.0,0.0,0.0,0.0
1,0,0.94199234,0.0,0.0,0.0,0.058007643,0.0,0.0,0.0,0.0,0.0,0.0,0.0,0.0
1,0,0.94199234,0.0,0.0,0.0,0.058007643,0.0,0.0,0.0,0.0,0.0,0.0,0.0,0.0
1,0,0.94199234,0.0,0.0,0.0,0.058007643,0.0,0.0,0.0,0.0,0.0,0.0,0.0,0.0
1,0,0.94199234,0.0,0.0,0.0,0.058007643,0.0,0.0,0.0,0.0,0.0,0.0,0.0,0.0
1,0,0.94199234,0.0,0.0,0.0,0.058007643,0.0,0.0,0.0,0.0,0.0,0.0,0.0,0.0
1,0,0.94199234,0.0,0.0,0.0,0.058007643,0.0,0.0,0.0,0.0,0.0,0.0,0.0,0.0
1,0,0.94199234,0.0,0.0,0.0,0.058007643,0.0,0.0,0.0,0.0,0.0,0.0,0.0,0.0
1,0,0.94199234,0.0,0.0,0.0,0.058007643,0.0,0.0,0.0,0.0,0.0,0.0,0.0,0.0
1,0,0.94199234,0.0,0.0,0.0,0.058007643,0.0,0.0,0.0,0.0,0.0,0.0,0.0,0.0
1,0,0.94199234,0.0,0.0,0.0,0.058007643,0.0,0.0,0.0,0.0,0.0,0.0,0.0,0.0
1,0,0.94199234,0.0,0.0,0.0,0.058007643,0.0,0.0,0.0,0.0,0.0,0.0,0.0,0.0
1,0,0.94199234,0.0,0.0,0.0,0.058007643,0.0,0.0,0.0,0.0,0.0,0.0,0.0,0.0
1,0,0.94199234,0.0,0.0,0.0,0.058007643,0.0,0.0,0.0,0.0,0.0,0.0,0.0,0.0
1,0,0.94199234,0.0,0.0,0.0,0.058007643,0.0,0.0,0.0,0.0,0.0,0.0,0.0,0.0
1,0,0.94199234,0.0,0.0,0.0,0.058007643,0.0,0.0,0.0,0.0,0.0,0.0,0.0,0.0
1,0,0.94199234,0.0,0.0,0.0,0.058007643,0.0,0.0,0.0,0.0,0.0,0.0,0.0,0.0
1,0,0.94199234,0.0,0.0,0.0,0.058007643,0.0,0.0,0.0,0.0,0.0,0.0,0.0,0.0
1,0,0.94199234,0.0,0.0,0.0,0.058007643,0.0,0.0,0.0,0.0,0.0,0.0,0.0,0.0
1,0,0.94199234,0.0,0.0,0.0,0.058007643,0.0,0.0,0.0,0.0,0.0,0.0,0.0,0.0
1,0,0.94199234,0.0,0.0,0.0,0.058007643,0.0,0.0,0.0,0.0,0.0,0.0,0.0,0.0
1,0,0.94199234,0.0,0.0,0.0,0.058007643,0.0,0.0,0.0,0.0,0.0,0.0,0.0,0.0
1,0,0.94199234,0.0,0.0,0.0,0.058007643,0.0,0.0,0.0,0.0,0.0,0.0,0.0,0.0
1,0,0.94199234,0.0,0.0,0.0,0.058007643,0.0,0.0,0.0,0.0,0.0,0.0,0.0,0.0
1,0,0.94199234,0.0,0.0,0.0,0.058007643,0.0,0.0,0.0,0.0,0.0,0.0,0.0,0.0
1,0,0.94199234,0.0,0.0,0.0,0.058007643,0.0,0.0,0.0,0.0,0.0,0.0,0.0,0.0
1,0,0.94199234,0.0,0.0,0.0,0.058007643,0.0,0.0,0.0,0.0,0.0,0.0,0.0,0.0
1,0,0.94199234,0.0,0.0,0.0,0.058007643,0.0,0.0,0.0,0.0,0.0,0.0,0.0,0.0
1,0,0.94199234,0.0,0.0,0.0,0.058007643,0.0,0.0,0.0,0.0,0.0,0.0,0.0,0.0
1,0,0.94199234,0.0,0.0,0.0,0.058007643,0.0,0.0,0.0,0.0,0.0,0.0,0.0,0.0
1,0,0.94199234,0.0,0.0,0.0,0.058007643,0.0,0.0,0.0,0.0,0.0,0.0,0.0,0.0
1,0,0.94199234,0.0,0.0,0.0,0.058007643,0.0,0.0,0.0,0.0,0.0,0.0,0.0,0.0
1,0,0.94199234,0.0,0.0,0.0,0.058007643,0.0,0.0,0.0,0.0,0.0,0.0,0.0,0.0
1,0,0.94199234,0.0,0.0,0.0,0.058007643,0.0,0.0,0.0,0.0,0.0,0.0,0.0,0.0
1,0,0.94199234,0.0,0.0,0.0,0.058007643,0.0,0.0,0.0,0.0,0.0,0.0,0.0,0.0
1,0,0.94199234,0.0,0.0,0.0,0.058007643,0.0,0.0,0.0,0.0,0.0,0.0,0.0,0.0
1,0,0.94199234,0.0,0.0,0.0,0.058007643,0.0,0.0,0.0,0.0,0.0,0.0,0.0,0.0
1,0,0.94199234,0.0,0.0,0.0,0.058007643,0.0,0.0,0.0,0.0,0.0,0.0,0.0,0.0
1,0,0.94199234,0.0,0.0,0.0,0.058007643,0.0,0.0,0.0,0.0,0.0,0.0,0.0,0.0
1,0,0.94199234,0.0,0.0,0.0,0.058007643,0.0,0.0,0.0,0.0,0.0,0.0,0.0,0.0
1,0,0.94199234,0.0,0.0,0.0,0.058007643,0.0,0.0,0.0,0.0,0.0,0.0,0.0,0.0
1,0,0.94199234,0.0,0.0,0.0,0.058007643,0.0,0.0,0.0,0.0,0.0,0.0,0.0,0.0
1,0,0.94199234,0.0,0.0,0.0,0.058007643,0.0,0.0,0.0,0.0,0.0,0.0,0.0,0.0
1,0,0.94199234,0.0,0.0,0.0,0.058007643,0.0,0.0,0.0,0.0,0.0,0.0,0.0,0.0
1,0,0.94199234,0.0,0.0,0.0,0.058007643,0.0,0.0,0.0,0.0,0.0,0.0,0.0,0.0
1,0,0.94199234,0.0,0.0,0.0,0.058007643,0.0,0.0,0.0,0.0,0.0,0.0,0.0,0.0
1,0,0.94199234,0.0,0.0,0.0,0.058007643,0.0,0.0,0.0,0.0,0.0,0.0,0.0,0.0
1,0,0.94199234,0.0,0.0,0.0,0.058007643,0.0,0.0,0.0,0.0,0.0,0.0,0.0,0.0
1,0,0.94199234,0.0,0.0,0.0,0.058007643,0.0,0.0,0.0,0.0,0.0,0.0,0.0,0.0
1,0,0.94199234,0.0,0.0,0.0,0.058007643,0.0,0.0,0.0,0.0,0.0,0.0,0.0,0.0
1,0,0.94199234,0.0,0.0,0.0,0.058007643,0.0,0.0,0.0,0.0,0.0,0.0,0.0,0.0
1,0,0.94199234,0.0,0.0,0.0,0.058007643,0.0,0.0,0.0,0.0,0.0,0.0,0.0,0.0
1,0,0.94199234,0.0,0.0,0.0,0.058007643,0.0,0.0,0.0,0.0,0.0,0.0,0.0,0.0
1,0,0.94199234,0.0,0.0,0.0,0.058007643,0.0,0.0,0.0,0.0,0.0,0.0,0.0,0.0
1,0,0.94199234,0.0,0.0,0.0,0.058007643,0.0,0.0,0.0,0.0,0.0,0.0,0.0,0.0
1,0,0.94199234,0.0,0.0,0.0,0.058007643,0.0,0.0,0.0,0.0,0.0,0.0,0.0,0.0
1,0,0.94199234,0.0,0.0,0.0,0.058007643,0.0,0.0,0.0,0.0,0.0,0.0,0.0,0.0
1,0,0.94199234,0.0,0.0,0.0,0.058007643,0.0,0.0,0.0,0.0,0.0,0.0,0.0,0.0
1,0,0.94199234,0.0,0.0,0.0,0.058007643,0.0,0.0,0.0,0.0,0.0,0.0,0.0,0.0
1,0,0.94199234,0.0,0.0,0.0,0.058007643,0.0,0.0,0.0,0.0,0.0,0.0,0.0,0.0
1,0,0.94199234,0.0,0.0,0.0,0.058007643,0.0,0.0,0.0,0.0,0.0,0.0,0.0,0.0
1,0,0.94199234,0.0,0.0,0.0,0.058007643,0.0,0.0,0.0,0.0,0.0,0.0,0.0,0.0
1,0,0.94199234,0.0,0.0,0.0,0.058007643,0.0,0.0,0.0,0.0,0.0,0.0,0.0,0.0
1,0,0.94199234,0.0,0.0,0.0,0.058007643,0.0,0.0,0.0,0.0,0.0,0.0,0.0,0.0
1,0,0.94199234,0.0,0.0,0.0,0.058007643,0.0,0.0,0.0,0.0,0.0,0.0,0.0,0.0
1,0,0.94199234,0.0,0.0,0.0,0.058007643,0.0,0.0,0.0,0.0,0.0,0.0,0.0,0.0
1,0,0.94199234,0.0,0.0,0.0,0.058007643,0.0,0.0,0.0,0.0,0.0,0.0,0.0,0.0
1,0,0.94199234,0.0,0.0,0.0,0.058007643,0.0,0.0,0.0,0.0,0.0,0.0,0.0,0.0
1,0,0.94199234,0.0,0.0,0.0,0.058007643,0.0,0.0,0.0,0.0,0.0,0.0,0.0,0.0
1,0,0.94199234,0.0,0.0,0.0,0.058007643,0.0,0.0,0.0,0.0,0.0,0.0,0.0,0.0
1,0,0.94199234,0.0,0.0,0.0,0.058007643,0.0,0.0,0.0,0.0,0.0,0.0,0.0,0.0
1,0,0.94199234,0.0,0.0,0.0,0.058007643,0.0,0.0,0.0,0.0,0.0,0.0,0.0,0.0
1,0,0.94199234,0.0,0.0,0.0,0.058007643,0.0,0.0,0.0,0.0,0.0,0.0,0.0,0.0
1,0,0.94199234,0.0,0.0,0.0,0.058007643,0.0,0.0,0.0,0.0,0.0,0.0,0.0,0.0
1,0,0.94199234,0.0,0.0,0.0,0.058007643,0.0,0.0,0.0,0.0,0.0,0.0,0.0,0.0
1,0,0.94199234,0.0,0.0,0.0,0.058007643,0.0,0.0,0.0,0.0,0.0,0.0,0.0,0.0
1,0,0.94199234,0.0,0.0,0.0,0.058007643,0.0,0.0,0.0,0.0,0.0,0.0,0.0,0.0
1,0,0.94199234,0.0,0.0,0.0,0.058007643,0.0,0.0,0.0,0.0,0.0,0.0,0.0,0.0
1,0,0.94199234,0.0,0.0,0.0,0.058007643,0.0,0.0,0.0,0.0,0.0,0.0,0.0,0.0
1,0,1.0,0.0,0.0,0.0,0.0,0.0,0.0,0.0,0.0,0.0,0.0,0.0,0.0
1,0,1.0,0.0,0.0,0.0,0.0,0.0,0.0,0.0,0.0,0.0,0.0,0.0,0.0
1,0,1.0,0.0,0.0,0.0,0.0,0.0,0.0,0.0,0.0,0.0,0.0,0.0,0.0
1,0,1.0,0.0,0.0,0.0,0.0,0.0,0.0,0.0,0.0,0.0,0.0,0.0,0.0
1,0,1.0,0.0,0.0,0.0,0.0,0.0,0.0,0.0,0.0,0.0,0.0,0.0,0.0
1,0,1.0,0.0,0.0,0.0,0.0,0.0,0.0,0.0,0.0,0.0,0.0,0.0,0.0
1,0,1.0,0.0,0.0,0.0,0.0,0.0,0.0,0.0,0.0,0.0,0.0,0.0,0.0
1,0,1.0,0.0,0.0,0.0,0.0,0.0,0.0,0.0,0.0,0.0,0.0,0.0,0.0
1,0,1.0,0.0,0.0,0.0,0.0,0.0,0.0,0.0,0.0,0.0,0.0,0.0,0.0
1,0,1.0,0.0,0.0,0.0,0.0,0.0,0.0,0.0,0.0,0.0,0.0,0.0,0.0
1,0,1.0,0.0,0.0,0.0,0.0,0.0,0.0,0.0,0.0,0.0,0.0,0.0,0.0
1,0,1.0,0.0,0.0,0.0,0.0,0.0,0.0,0.0,0.0,0.0,0.0,0.0,0.0
1,0,1.0,0.0,0.0,0.0,0.0,0.0,0.0,0.0,0.0,0.0,0.0,0.0,0.0
1,0,1.0,0.0,0.0,0.0,0.0,0.0,0.0,0.0,0.0,0.0,0.0,0.0,0.0
1,0,1.0,0.0,0.0,0.0,0.0,0.0,0.0,0.0,0.0,0.0,0.0,0.0,0.0
1,0,1.0,0.0,0.0,0.0,0.0,0.0,0.0,0.0,0.0,0.0,0.0,0.0,0.0
1,0,1.0,0.0,0.0,0.0,0.0,0.0,0.0,0.0,0.0,0.0,0.0,0.0,0.0
1,0,1.0,0.0,0.0,0.0,0.0,0.0,0.0,0.0,0.0,0.0,0.0,0.0,0.0
1,0,1.0,0.0,0.0,0.0,0.0,0.0,0.0,0.0,0.0,0.0,0.0,0.0,0.0
1,0,1.0,0.0,0.0,0.0,0.0,0.0,0.0,0.0,0.0,0.0,0.0,0.0,0.0
1,0,1.0,0.0,0.0,0.0,0.0,0.0,0.0,0.0,0.0,0.0,0.0,0.0,0.0
1,0,1.0,0.0,0.0,0.0,0.0,0.0,0.0,0.0,0.0,0.0,0.0,0.0,0.0
1,0,1.0,0.0,0.0,0.0,0.0,0.0,0.0,0.0,0.0,0.0,0.0,0.0,0.0
1,0,1.0,0.0,0.0,0.0,0.0,0.0,0.0,0.0,0.0,0.0,0.0,0.0,0.0
1,0,1.0,0.0,0.0,0.0,0.0,0.0,0.0,0.0,0.0,0.0,0.0,0.0,0.0
1,0,1.0,0.0,0.0,0.0,0.0,0.0,0.0,0.0,0.0,0.0,0.0,0.0,0.0
1,0,1.0,0.0,0.0,0.0,0.0,0.0,0.0,0.0,0.0,0.0,0.0,0.0,0.0
1,0,1.0,0.0,0.0,0.0,0.0,0.0,0.0,0.0,0.0,0.0,0.0,0.0,0.0
1,0,1.0,0.0,0.0,0.0,0.0,0.0,0.0,0.0,0.0,0.0,0.0,0.0,0.0
1,0,1.0,0.0,0.0,0.0,0.0,0.0,0.0,0.0,0.0,0.0,0.0,0.0,0.0
1,0,1.0,0.0,0.0,0.0,0.0,0.0,0.0,0.0,0.0,0.0,0.0,0.0,0.0
1,0,1.0,0.0,0.0,0.0,0.0,0.0,0.0,0.0,0.0,0.0,0.0,0.0,0.0
1,0,1.0,0.0,0.0,0.0,0.0,0.0,0.0,0.0,0.0,0.0,0.0,0.0,0.0
1,0,1.0,0.0,0.0,0.0,0.0,0.0,0.0,0.0,0.0,0.0,0.0,0.0,0.0
1,0,1.0,0.0,0.0,0.0,0.0,0.0,0.0,0.0,0.0,0.0,0.0,0.0,0.0
1,0,1.0,0.0,0.0,0.0,0.0,0.0,0.0,0.0,0.0,0.0,0.0,0.0,0.0
1,0,1.0,0.0,0.0,0.0,0.0,0.0,0.0,0.0,0.0,0.0,0.0,0.0,0.0
1,0,1.0,0.0,0.0,0.0,0.0,0.0,0.0,0.0,0.0,0.0,0.0,0.0,0.0
1,0,1.0,0.0,0.0,0.0,0.0,0.0,0.0,0.0,0.0,0.0,0.0,0.0,0.0
1,0,1.0,0.0,0.0,0.0,0.0,0.0,0.0,0.0,0.0,0.0,0.0,0.0,0.0
1,0,1.0,0.0,0.0,0.0,0.0,0.0,0.0,0.0,0.0,0.0,0.0,0.0,0.0
1,0,1.0,0.0,0.0,0.0,0.0,0.0,0.0,0.0,0.0,0.0,0.0,0.0,0.0
1,0,1.0,0.0,0.0,0.0,0.0,0.0,0.0,0.0,0.0,0.0,0.0,0.0,0.0
1,0,1.0,0.0,0.0,0.0,0.0,0.0,0.0,0.0,0.0,0.0,0.0,0.0,0.0
1,0,1.0,0.0,0.0,0.0,0.0,0.0,0.0,0.0,0.0,0.0,0.0,0.0,0.0
1,0,1.0,0.0,0.0,0.0,0.0,0.0,0.0,0.0,0.0,0.0,0.0,0.0,0.0
1,0,1.0,0.0,0.0,0.0,0.0,0.0,0.0,0.0,0.0,0.0,0.0,0.0,0.0
1,0,1.0,0.0,0.0,0.0,0.0,0.0,0.0,0.0,0.0,0.0,0.0,0.0,0.0
1,0,1.0,0.0,0.0,0.0,0.0,0.0,0.0,0.0,0.0,0.0,0.0,0.0,0.0
1,0,1.0,0.0,0.0,0.0,0.0,0.0,0.0,0.0,0.0,0.0,0.0,0.0,0.0
1,0,1.0,0.0,0.0,0.0,0.0,0.0,0.0,0.0,0.0,0.0,0.0,0.0,0.0
1,0,1.0,0.0,0.0,0.0,0.0,0.0,0.0,0.0,0.0,0.0,0.0,0.0,0.0
1,0,1.0,0.0,0.0,0.0,0.0,0.0,0.0,0.0,0.0,0.0,0.0,0.0,0.0
1,0,1.0,0.0,0.0,0.0,0.0,0.0,0.0,0.0,0.0,0.0,0.0,0.0,0.0
1,0,1.0,0.0,0.0,0.0,0.0,0.0,0.0,0.0,0.0,0.0,0.0,0.0,0.0
1,0,1.0,0.0,0.0,0.0,0.0,0.0,0.0,0.0,0.0,0.0,0.0,0.0,0.0
1,0,1.0,0.0,0.0,0.0,0.0,0.0,0.0,0.0,0.0,0.0,0.0,0.0,0.0
1,0,1.0,0.0,0.0,0.0,0.0,0.0,0.0,0.0,0.0,0.0,0.0,0.0,0.0
1,0,1.0,0.0,0.0,0.0,0.0,0.0,0.0,0.0,0.0,0.0,0.0,0.0,0.0
1,0,1.0,0.0,0.0,0.0,0.0,0.0,0.0,0.0,0.0,0.0,0.0,0.0,0.0
1,0,1.0,0.0,0.0,0.0,0.0,0.0,0.0,0.0,0.0,0.0,0.0,0.0,0.0
1,0,1.0,0.0,0.0,0.0,0.0,0.0,0.0,0.0,0.0,0.0,0.0,0.0,0.0
1,0,1.0,0.0,0.0,0.0,0.0,0.0,0.0,0.0,0.0,0.0,0.0,0.0,0.0
1,0,1.0,0.0,0.0,0.0,0.0,0.0,0.0,0.0,0.0,0.0,0.0,0.0,0.0
1,0,1.0,0.0,0.0,0.0,0.0,0.0,0.0,0.0,0.0,0.0,0.0,0.0,0.0
1,0,1.0,0.0,0.0,0.0,0.0,0.0,0.0,0.0,0.0,0.0,0.0,0.0,0.0
1,0,1.0,0.0,0.0,0.0,0.0,0.0,0.0,0.0,0.0,0.0,0.0,0.0,0.0
1,0,1.0,0.0,0.0,0.0,0.0,0.0,0.0,0.0,0.0,0.0,0.0,0.0,0.0
1,0,1.0,0.0,0.0,0.0,0.0,0.0,0.0,0.0,0.0,0.0,0.0,0.0,0.0
1,0,1.0,0.0,0.0,0.0,0.0,0.0,0.0,0.0,0.0,0.0,0.0,0.0,0.0
1,0,1.0,0.0,0.0,0.0,0.0,0.0,0.0,0.0,0.0,0.0,0.0,0.0,0.0
1,0,1.0,0.0,0.0,0.0,0.0,0.0,0.0,0.0,0.0,0.0,0.0,0.0,0.0
1,0,1.0,0.0,0.0,0.0,0.0,0.0,0.0,0.0,0.0,0.0,0.0,0.0,0.0
1,0,1.0,0.0,0.0,0.0,0.0,0.0,0.0,0.0,0.0,0.0,0.0,0.0,0.0
1,0,1.0,0.0,0.0,0.0,0.0,0.0,0.0,0.0,0.0,0.0,0.0,0.0,0.0
1,0,1.0,0.0,0.0,0.0,0.0,0.0,0.0,0.0,0.0,0.0,0.0,0.0,0.0
1,0,1.0,0.0,0.0,0.0,0.0,0.0,0.0,0.0,0.0,0.0,0.0,0.0,0.0
1,0,1.0,0.0,0.0,0.0,0.0,0.0,0.0,0.0,0.0,0.0,0.0,0.0,0.0
1,0,1.0,0.0,0.0,0.0,0.0,0.0,0.0,0.0,0.0,0.0,0.0,0.0,0.0
1,0,1.0,0.0,0.0,0.0,0.0,0.0,0.0,0.0,0.0,0.0,0.0,0.0,0.0
1,0,1.0,0.0,0.0,0.0,0.0,0.0,0.0,0.0,0.0,0.0,0.0,0.0,0.0
1,0,1.0,0.0,0.0,0.0,0.0,0.0,0.0,0.0,0.0,0.0,0.0,0.0,0.0
1,0,1.0,0.0,0.0,0.0,0.0,0.0,0.0,0.0,0.0,0.0,0.0,0.0,0.0
1,0,1.0,0.0,0.0,0.0,0.0,0.0,0.0,0.0,0.0,0.0,0.0,0.0,0.0
1,0,1.0,0.0,0.0,0.0,0.0,0.0,0.0,0.0,0.0,0.0,0.0,0.0,0.0
1,0,1.0,0.0,0.0,0.0,0.0,0.0,0.0,0.0,0.0,0.0,0.0,0.0,0.0
1,0,1.0,0.0,0.0,0.0,0.0,0.0,0.0,0.0,0.0,0.0,0.0,0.0,0.0
1,0,1.0,0.0,0.0,0.0,0.0,0.0,0.0,0.0,0.0,0.0,0.0,0.0,0.0
1,0,1.0,0.0,0.0,0.0,0.0,0.0,0.0,0.0,0.0,0.0,0.0,0.0,0.0
1,0,1.0,0.0,0.0,0.0,0.0,0.0,0.0,0.0,0.0,0.0,0.0,0.0,0.0
1,0,1.0,0.0,0.0,0.0,0.0,0.0,0.0,0.0,0.0,0.0,0.0,0.0,0.0
1,0,1.0,0.0,0.0,0.0,0.0,0.0,0.0,0.0,0.0,0.0,0.0,0.0,0.0
1,0,1.0,0.0,0.0,0.0,0.0,0.0,0.0,0.0,0.0,0.0,0.0,0.0,0.0
1,0,1.0,0.0,0.0,0.0,0.0,0.0,0.0,0.0,0.0,0.0,0.0,0.0,0.0
1,0,1.0,0.0,0.0,0.0,0.0,0.0,0.0,0.0,0.0,0.0,0.0,0.0,0.0
1,0,1.0,0.0,0.0,0.0,0.0,0.0,0.0,0.0,0.0,0.0,0.0,0.0,0.0
1,0,1.0,0.0,0.0,0.0,0.0,0.0,0.0,0.0,0.0,0.0,0.0,0.0,0.0
1,0,1.0,0.0,0.0,0.0,0.0,0.0,0.0,0.0,0.0,0.0,0.0,0.0,0.0
1,0,1.0,0.0,0.0,0.0,0.0,0.0,0.0,0.0,0.0,0.0,0.0,0.0,0.0
1,0,1.0,0.0,0.0,0.0,0.0,0.0,0.0,0.0,0.0,0.0,0.0,0.0,0.0
1,0,1.0,0.0,0.0,0.0,0.0,0.0,0.0,0.0,0.0,0.0,0.0,0.0,0.0
1,0,1.0,0.0,0.0,0.0,0.0,0.0,0.0,0.0,0.0,0.0,0.0,0.0,0.0
1,0,1.0,0.0,0.0,0.0,0.0,0.0,0.0,0.0,0.0,0.0,0.0,0.0,0.0
1,0,1.0,0.0,0.0,0.0,0.0,0.0,0.0,0.0,0.0,0.0,0.0,0.0,0.0
1,0,1.0,0.0,0.0,0.0,0.0,0.0,0.0,0.0,0.0,0.0,0.0,0.0,0.0
1,0,1.0,0.0,0.0,0.0,0.0,0.0,0.0,0.0,0.0,0.0,0.0,0.0,0.0
1,0,1.0,0.0,0.0,0.0,0.0,0.0,0.0,0.0,0.0,0.0,0.0,0.0,0.0
1,0,1.0,0.0,0.0,0.0,0.0,0.0,0.0,0.0,0.0,0.0,0.0,0.0,0.0
1,0,1.0,0.0,0.0,0.0,0.0,0.0,0.0,0.0,0.0,0.0,0.0,0.0,0.0
1,0,1.0,0.0,0.0,0.0,0.0,0.0,0.0,0.0,0.0,0.0,0.0,0.0,0.0
1,0,1.0,0.0,0.0,0.0,0.0,0.0,0.0,0.0,0.0,0.0,0.0,0.0,0.0
1,0,1.0,0.0,0.0,0.0,0.0,0.0,0.0,0.0,0.0,0.0,0.0,0.0,0.0
1,0,1.0,0.0,0.0,0.0,0.0,0.0,0.0,0.0,0.0,0.0,0.0,0.0,0.0
1,0,1.0,0.0,0.0,0.0,0.0,0.0,0.0,0.0,0.0,0.0,0.0,0.0,0.0
1,0,1.0,0.0,0.0,0.0,0.0,0.0,0.0,0.0,0.0,0.0,0.0,0.0,0.0
1,0,1.0,0.0,0.0,0.0,0.0,0.0,0.0,0.0,0.0,0.0,0.0,0.0,0.0
1,0,1.0,0.0,0.0,0.0,0.0,0.0,0.0,0.0,0.0,0.0,0.0,0.0,0.0
1,0,1.0,0.0,0.0,0.0,0.0,0.0,0.0,0.0,0.0,0.0,0.0,0.0,0.0
1,0,1.0,0.0,0.0,0.0,0.0,0.0,0.0,0.0,0.0,0.0,0.0,0.0,0.0
1,0,1.0,0.0,0.0,0.0,0.0,0.0,0.0,0.0,0.0,0.0,0.0,0.0,0.0
1,0,1.0,0.0,0.0,0.0,0.0,0.0,0.0,0.0,0.0,0.0,0.0,0.0,0.0
1,0,1.0,0.0,0.0,0.0,0.0,0.0,0.0,0.0,0.0,0.0,0.0,0.0,0.0
1,0,1.0,0.0,0.0,0.0,0.0,0.0,0.0,0.0,0.0,0.0,0.0,0.0,0.0
1,0,1.0,0.0,0.0,0.0,0.0,0.0,0.0,0.0,0.0,0.0,0.0,0.0,0.0
1,0,1.0,0.0,0.0,0.0,0.0,0.0,0.0,0.0,0.0,0.0,0.0,0.0,0.0
1,0,1.0,0.0,0.0,0.0,0.0,0.0,0.0,0.0,0.0,0.0,0.0,0.0,0.0
1,0,1.0,0.0,0.0,0.0,0.0,0.0,0.0,0.0,0.0,0.0,0.0,0.0,0.0
1,0,1.0,0.0,0.0,0.0,0.0,0.0,0.0,0.0,0.0,0.0,0.0,0.0,0.0
1,0,1.0,0.0,0.0,0.0,0.0,0.0,0.0,0.0,0.0,0.0,0.0,0.0,0.0
1,0,1.0,0.0,0.0,0.0,0.0,0.0,0.0,0.0,0.0,0.0,0.0,0.0,0.0
1,0,1.0,0.0,0.0,0.0,0.0,0.0,0.0,0.0,0.0,0.0,0.0,0.0,0.0
1,0,1.0,0.0,0.0,0.0,0.0,0.0,0.0,0.0,0.0,0.0,0.0,0.0,0.0
1,0,1.0,0.0,0.0,0.0,0.0,0.0,0.0,0.0,0.0,0.0,0.0,0.0,0.0
1,0,1.0,0.0,0.0,0.0,0.0,0.0,0.0,0.0,0.0,0.0,0.0,0.0,0.0
1,0,1.0,0.0,0.0,0.0,0.0,0.0,0.0,0.0,0.0,0.0,0.0,0.0,0.0
1,0,1.0,0.0,0.0,0.0,0.0,0.0,0.0,0.0,0.0,0.0,0.0,0.0,0.0
1,0,1.0,0.0,0.0,0.0,0.0,0.0,0.0,0.0,0.0,0.0,0.0,0.0,0.0
1,0,1.0,0.0,0.0,0.0,0.0,0.0,0.0,0.0,0.0,0.0,0.0,0.0,0.0
1,0,1.0,0.0,0.0,0.0,0.0,0.0,0.0,0.0,0.0,0.0,0.0,0.0,0.0
1,0,1.0,0.0,0.0,0.0,0.0,0.0,0.0,0.0,0.0,0.0,0.0,0.0,0.0
1,0,1.0,0.0,0.0,0.0,0.0,0.0,0.0,0.0,0.0,0.0,0.0,0.0,0.0
1,0,1.0,0.0,0.0,0.0,0.0,0.0,0.0,0.0,0.0,0.0,0.0,0.0,0.0
1,0,1.0,0.0,0.0,0.0,0.0,0.0,0.0,0.0,0.0,0.0,0.0,0.0,0.0
1,0,1.0,0.0,0.0,0.0,0.0,0.0,0.0,0.0,0.0,0.0,0.0,0.0,0.0
1,0,1.0,0.0,0.0,0.0,0.0,0.0,0.0,0.0,0.0,0.0,0.0,0.0,0.0
1,0,1.0,0.0,0.0,0.0,0.0,0.0,0.0,0.0,0.0,0.0,0.0,0.0,0.0
1,0,1.0,0.0,0.0,0.0,0.0,0.0,0.0,0.0,0.0,0.0,0.0,0.0,0.0
1,0,1.0,0.0,0.0,0.0,0.0,0.0,0.0,0.0,0.0,0.0,0.0,0.0,0.0
1,0,1.0,0.0,0.0,0.0,0.0,0.0,0.0,0.0,0.0,0.0,0.0,0.0,0.0
1,0,1.0,0.0,0.0,0.0,0.0,0.0,0.0,0.0,0.0,0.0,0.0,0.0,0.0
1,0,1.0,0.0,0.0,0.0,0.0,0.0,0.0,0.0,0.0,0.0,0.0,0.0,0.0
1,0,1.0,0.0,0.0,0.0,0.0,0.0,0.0,0.0,0.0,0.0,0.0,0.0,0.0
1,0,1.0,0.0,0.0,0.0,0.0,0.0,0.0,0.0,0.0,0.0,0.0,0.0,0.0
1,0,1.0,0.0,0.0,0.0,0.0,0.0,0.0,0.0,0.0,0.0,0.0,0.0,0.0
1,0,1.0,0.0,0.0,0.0,0.0,0.0,0.0,0.0,0.0,0.0,0.0,0.0,0.0
1,0,1.0,0.0,0.0,0.0,0.0,0.0,0.0,0.0,0.0,0.0,0.0,0.0,0.0
1,0,1.0,0.0,0.0,0.0,0.0,0.0,0.0,0.0,0.0,0.0,0.0,0.0,0.0
1,0,1.0,0.0,0.0,0.0,0.0,0.0,0.0,0.0,0.0,0.0,0.0,0.0,0.0
1,0,1.0,0.0,0.0,0.0,0.0,0.0,0.0,0.0,0.0,0.0,0.0,0.0,0.0
1,0,1.0,0.0,0.0,0.0,0.0,0.0,0.0,0.0,0.0,0.0,0.0,0.0,0.0
1,0,1.0,0.0,0.0,0.0,0.0,0.0,0.0,0.0,0.0,0.0,0.0,0.0,0.0
1,0,1.0,0.0,0.0,0.0,0.0,0.0,0.0,0.0,0.0,0.0,0.0,0.0,0.0
1,0,1.0,0.0,0.0,0.0,0.0,0.0,0.0,0.0,0.0,0.0,0.0,0.0,0.0
1,0,1.0,0.0,0.0,0.0,0.0,0.0,0.0,0.0,0.0,0.0,0.0,0.0,0.0
1,0,1.0,0.0,0.0,0.0,0.0,0.0,0.0,0.0,0.0,0.0,0.0,0.0,0.0
1,0,1.0,0.0,0.0,0.0,0.0,0.0,0.0,0.0,0.0,0.0,0.0,0.0,0.0
1,0,1.0,0.0,0.0,0.0,0.0,0.0,0.0,0.0,0.0,0.0,0.0,0.0,0.0
1,0,1.0,0.0,0.0,0.0,0.0,0.0,0.0,0.0,0.0,0.0,0.0,0.0,0.0
1,0,1.0,0.0,0.0,0.0,0.0,0.0,0.0,0.0,0.0,0.0,0.0,0.0,0.0
1,0,1.0,0.0,0.0,0.0,0.0,0.0,0.0,0.0,0.0,0.0,0.0,0.0,0.0
1,0,1.0,0.0,0.0,0.0,0.0,0.0,0.0,0.0,0.0,0.0,0.0,0.0,0.0
1,0,1.0,0.0,0.0,0.0,0.0,0.0,0.0,0.0,0.0,0.0,0.0,0.0,0.0
1,0,1.0,0.0,0.0,0.0,0.0,0.0,0.0,0.0,0.0,0.0,0.0,0.0,0.0
1,0,1.0,0.0,0.0,0.0,0.0,0.0,0.0,0.0,0.0,0.0,0.0,0.0,0.0
1,0,1.0,0.0,0.0,0.0,0.0,0.0,0.0,0.0,0.0,0.0,0.0,0.0,0.0
1,0,1.0,0.0,0.0,0.0,0.0,0.0,0.0,0.0,0.0,0.0,0.0,0.0,0.0
1,0,1.0,0.0,0.0,0.0,0.0,0.0,0.0,0.0,0.0,0.0,0.0,0.0,0.0
1,0,1.0,0.0,0.0,0.0,0.0,0.0,0.0,0.0,0.0,0.0,0.0,0.0,0.0
1,0,1.0,0.0,0.0,0.0,0.0,0.0,0.0,0.0,0.0,0.0,0.0,0.0,0.0
1,0,1.0,0.0,0.0,0.0,0.0,0.0,0.0,0.0,0.0,0.0,0.0,0.0,0.0
1,0,1.0,0.0,0.0,0.0,0.0,0.0,0.0,0.0,0.0,0.0,0.0,0.0,0.0
1,0,1.0,0.0,0.0,0.0,0.0,0.0,0.0,0.0,0.0,0.0,0.0,0.0,0.0
1,0,1.0,0.0,0.0,0.0,0.0,0.0,0.0,0.0,0.0,0.0,0.0,0.0,0.0
1,0,1.0,0.0,0.0,0.0,0.0,0.0,0.0,0.0,0.0,0.0,0.0,0.0,0.0
1,0,1.0,0.0,0.0,0.0,0.0,0.0,0.0,0.0,0.0,0.0,0.0,0.0,0.0
1,0,1.0,0.0,0.0,0.0,0.0,0.0,0.0,0.0,0.0,0.0,0.0,0.0,0.0
1,0,1.0,0.0,0.0,0.0,0.0,0.0,0.0,0.0,0.0,0.0,0.0,0.0,0.0
1,0,1.0,0.0,0.0,0.0,0.0,0.0,0.0,0.0,0.0,0.0,0.0,0.0,0.0
1,0,1.0,0.0,0.0,0.0,0.0,0.0,0.0,0.0,0.0,0.0,0.0,0.0,0.0
1,0,1.0,0.0,0.0,0.0,0.0,0.0,0.0,0.0,0.0,0.0,0.0,0.0,0.0
1,0,1.0,0.0,0.0,0.0,0.0,0.0,0.0,0.0,0.0,0.0,0.0,0.0,0.0
1,0,1.0,0.0,0.0,0.0,0.0,0.0,0.0,0.0,0.0,0.0,0.0,0.0,0.0
1,0,1.0,0.0,0.0,0.0,0.0,0.0,0.0,0.0,0.0,0.0,0.0,0.0,0.0
1,0,1.0,0.0,0.0,0.0,0.0,0.0,0.0,0.0,0.0,0.0,0.0,0.0,0.0
1,0,1.0,0.0,0.0,0.0,0.0,0.0,0.0,0.0,0.0,0.0,0.0,0.0,0.0
1,0,1.0,0.0,0.0,0.0,0.0,0.0,0.0,0.0,0.0,0.0,0.0,0.0,0.0
1,0,1.0,0.0,0.0,0.0,0.0,0.0,0.0,0.0,0.0,0.0,0.0,0.0,0.0
1,0,1.0,0.0,0.0,0.0,0.0,0.0,0.0,0.0,0.0,0.0,0.0,0.0,0.0
1,0,1.0,0.0,0.0,0.0,0.0,0.0,0.0,0.0,0.0,0.0,0.0,0.0,0.0
1,0,1.0,0.0,0.0,0.0,0.0,0.0,0.0,0.0,0.0,0.0,0.0,0.0,0.0
1,0,1.0,0.0,0.0,0.0,0.0,0.0,0.0,0.0,0.0,0.0,0.0,0.0,0.0
1,0,1.0,0.0,0.0,0.0,0.0,0.0,0.0,0.0,0.0,0.0,0.0,0.0,0.0
1,0,1.0,0.0,0.0,0.0,0.0,0.0,0.0,0.0,0.0,0.0,0.0,0.0,0.0
1,0,1.0,0.0,0.0,0.0,0.0,0.0,0.0,0.0,0.0,0.0,0.0,0.0,0.0
1,0,1.0,0.0,0.0,0.0,0.0,0.0,0.0,0.0,0.0,0.0,0.0,0.0,0.0
1,0,1.0,0.0,0.0,0.0,0.0,0.0,0.0,0.0,0.0,0.0,0.0,0.0,0.0
1,0,1.0,0.0,0.0,0.0,0.0,0.0,0.0,0.0,0.0,0.0,0.0,0.0,0.0
1,0,1.0,0.0,0.0,0.0,0.0,0.0,0.0,0.0,0.0,0.0,0.0,0.0,0.0
1,0,1.0,0.0,0.0,0.0,0.0,0.0,0.0,0.0,0.0,0.0,0.0,0.0,0.0
1,0,1.0,0.0,0.0,0.0,0.0,0.0,0.0,0.0,0.0,0.0,0.0,0.0,0.0
1,0,1.0,0.0,0.0,0.0,0.0,0.0,0.0,0.0,0.0,0.0,0.0,0.0,0.0
1,0,1.0,0.0,0.0,0.0,0.0,0.0,0.0,0.0,0.0,0.0,0.0,0.0,0.0
1,0,1.0,0.0,0.0,0.0,0.0,0.0,0.0,0.0,0.0,0.0,0.0,0.0,0.0
1,0,1.0,0.0,0.0,0.0,0.0,0.0,0.0,0.0,0.0,0.0,0.0,0.0,0.0
1,0,1.0,0.0,0.0,0.0,0.0,0.0,0.0,0.0,0.0,0.0,0.0,0.0,0.0
1,0,1.0,0.0,0.0,0.0,0.0,0.0,0.0,0.0,0.0,0.0,0.0,0.0,0.0
1,0,1.0,0.0,0.0,0.0,0.0,0.0,0.0,0.0,0.0,0.0,0.0,0.0,0.0
1,0,1.0,0.0,0.0,0.0,0.0,0.0,0.0,0.0,0.0,0.0,0.0,0.0,0.0
1,0,1.0,0.0,0.0,0.0,0.0,0.0,0.0,0.0,0.0,0.0,0.0,0.0,0.0
1,0,1.0,0.0,0.0,0.0,0.0,0.0,0.0,0.0,0.0,0.0,0.0,0.0,0.0
1,0,1.0,0.0,0.0,0.0,0.0,0.0,0.0,0.0,0.0,0.0,0.0,0.0,0.0
1,0,1.0,0.0,0.0,0.0,0.0,0.0,0.0,0.0,0.0,0.0,0.0,0.0,0.0
1,0,1.0,0.0,0.0,0.0,0.0,0.0,0.0,0.0,0.0,0.0,0.0,0.0,0.0
1,0,1.0,0.0,0.0,0.0,0.0,0.0,0.0,0.0,0.0,0.0,0.0,0.0,0.0
1,0,1.0,0.0,0.0,0.0,0.0,0.0,0.0,0.0,0.0,0.0,0.0,0.0,0.0
1,0,1.0,0.0,0.0,0.0,0.0,0.0,0.0,0.0,0.0,0.0,0.0,0.0,0.0
1,0,1.0,0.0,0.0,0.0,0.0,0.0,0.0,0.0,0.0,0.0,0.0,0.0,0.0
1,0,1.0,0.0,0.0,0.0,0.0,0.0,0.0,0.0,0.0,0.0,0.0,0.0,0.0
1,0,1.0,0.0,0.0,0.0,0.0,0.0,0.0,0.0,0.0,0.0,0.0,0.0,0.0
1,0,1.0,0.0,0.0,0.0,0.0,0.0,0.0,0.0,0.0,0.0,0.0,0.0,0.0
1,0,1.0,0.0,0.0,0.0,0.0,0.0,0.0,0.0,0.0,0.0,0.0,0.0,0.0
1,0,1.0,0.0,0.0,0.0,0.0,0.0,0.0,0.0,0.0,0.0,0.0,0.0,0.0
1,0,1.0,0.0,0.0,0.0,0.0,0.0,0.0,0.0,0.0,0.0,0.0,0.0,0.0
1,0,1.0,0.0,0.0,0.0,0.0,0.0,0.0,0.0,0.0,0.0,0.0,0.0,0.0
1,0,1.0,0.0,0.0,0.0,0.0,0.0,0.0,0.0,0.0,0.0,0.0,0.0,0.0
1,0,1.0,0.0,0.0,0.0,0.0,0.0,0.0,0.0,0.0,0.0,0.0,0.0,0.0
1,0,1.0,0.0,0.0,0.0,0.0,0.0,0.0,0.0,0.0,0.0,0.0,0.0,0.0
1,0,1.0,0.0,0.0,0.0,0.0,0.0,0.0,0.0,0.0,0.0,0.0,0.0,0.0
1,0,1.0,0.0,0.0,0.0,0.0,0.0,0.0,0.0,0.0,0.0,0.0,0.0,0.0
1,0,1.0,0.0,0.0,0.0,0.0,0.0,0.0,0.0,0.0,0.0,0.0,0.0,0.0
1,0,1.0,0.0,0.0,0.0,0.0,0.0,0.0,0.0,0.0,0.0,0.0,0.0,0.0
1,0,1.0,0.0,0.0,0.0,0.0,0.0,0.0,0.0,0.0,0.0,0.0,0.0,0.0
1,0,1.0,0.0,0.0,0.0,0.0,0.0,0.0,0.0,0.0,0.0,0.0,0.0,0.0
1,0,1.0,0.0,0.0,0.0,0.0,0.0,0.0,0.0,0.0,0.0,0.0,0.0,0.0
1,0,1.0,0.0,0.0,0.0,0.0,0.0,0.0,0.0,0.0,0.0,0.0,0.0,0.0
1,0,1.0,0.0,0.0,0.0,0.0,0.0,0.0,0.0,0.0,0.0,0.0,0.0,0.0
1,0,1.0,0.0,0.0,0.0,0.0,0.0,0.0,0.0,0.0,0.0,0.0,0.0,0.0
1,0,1.0,0.0,0.0,0.0,0.0,0.0,0.0,0.0,0.0,0.0,0.0,0.0,0.0
1,0,1.0,0.0,0.0,0.0,0.0,0.0,0.0,0.0,0.0,0.0,0.0,0.0,0.0
1,0,1.0,0.0,0.0,0.0,0.0,0.0,0.0,0.0,0.0,0.0,0.0,0.0,0.0
1,0,1.0,0.0,0.0,0.0,0.0,0.0,0.0,0.0,0.0,0.0,0.0,0.0,0.0
1,0,1.0,0.0,0.0,0.0,0.0,0.0,0.0,0.0,0.0,0.0,0.0,0.0,0.0
1,0,1.0,0.0,0.0,0.0,0.0,0.0,0.0,0.0,0.0,0.0,0.0,0.0,0.0
1,0,1.0,0.0,0.0,0.0,0.0,0.0,0.0,0.0,0.0,0.0,0.0,0.0,0.0
1,0,1.0,0.0,0.0,0.0,0.0,0.0,0.0,0.0,0.0,0.0,0.0,0.0,0.0
1,0,1.0,0.0,0.0,0.0,0.0,0.0,0.0,0.0,0.0,0.0,0.0,0.0,0.0
1,0,1.0,0.0,0.0,0.0,0.0,0.0,0.0,0.0,0.0,0.0,0.0,0.0,0.0
1,0,1.0,0.0,0.0,0.0,0.0,0.0,0.0,0.0,0.0,0.0,0.0,0.0,0.0
1,0,1.0,0.0,0.0,0.0,0.0,0.0,0.0,0.0,0.0,0.0,0.0,0.0,0.0
1,0,1.0,0.0,0.0,0.0,0.0,0.0,0.0,0.0,0.0,0.0,0.0,0.0,0.0
1,0,1.0,0.0,0.0,0.0,0.0,0.0,0.0,0.0,0.0,0.0,0.0,0.0,0.0
1,0,1.0,0.0,0.0,0.0,0.0,0.0,0.0,0.0,0.0,0.0,0.0,0.0,0.0
1,0,1.0,0.0,0.0,0.0,0.0,0.0,0.0,0.0,0.0,0.0,0.0,0.0,0.0
1,0,1.0,0.0,0.0,0.0,0.0,0.0,0.0,0.0,0.0,0.0,0.0,0.0,0.0
1,0,1.0,0.0,0.0,0.0,0.0,0.0,0.0,0.0,0.0,0.0,0.0,0.0,0.0
1,0,1.0,0.0,0.0,0.0,0.0,0.0,0.0,0.0,0.0,0.0,0.0,0.0,0.0
1,0,1.0,0.0,0.0,0.0,0.0,0.0,0.0,0.0,0.0,0.0,0.0,0.0,0.0
1,0,1.0,0.0,0.0,0.0,0.0,0.0,0.0,0.0,0.0,0.0,0.0,0.0,0.0
1,0,1.0,0.0,0.0,0.0,0.0,0.0,0.0,0.0,0.0,0.0,0.0,0.0,0.0
1,0,1.0,0.0,0.0,0.0,0.0,0.0,0.0,0.0,0.0,0.0,0.0,0.0,0.0
1,0,1.0,0.0,0.0,0.0,0.0,0.0,0.0,0.0,0.0,0.0,0.0,0.0,0.0
1,0,1.0,0.0,0.0,0.0,0.0,0.0,0.0,0.0,0.0,0.0,0.0,0.0,0.0
1,0,1.0,0.0,0.0,0.0,0.0,0.0,0.0,0.0,0.0,0.0,0.0,0.0,0.0
1,0,1.0,0.0,0.0,0.0,0.0,0.0,0.0,0.0,0.0,0.0,0.0,0.0,0.0
1,0,1.0,0.0,0.0,0.0,0.0,0.0,0.0,0.0,0.0,0.0,0.0,0.0,0.0
1,0,1.0,0.0,0.0,0.0,0.0,0.0,0.0,0.0,0.0,0.0,0.0,0.0,0.0
1,0,1.0,0.0,0.0,0.0,0.0,0.0,0.0,0.0,0.0,0.0,0.0,0.0,0.0
1,0,1.0,0.0,0.0,0.0,0.0,0.0,0.0,0.0,0.0,0.0,0.0,0.0,0.0
1,0,1.0,0.0,0.0,0.0,0.0,0.0,0.0,0.0,0.0,0.0,0.0,0.0,0.0
1,0,1.0,0.0,0.0,0.0,0.0,0.0,0.0,0.0,0.0,0.0,0.0,0.0,0.0
1,0,1.0,0.0,0.0,0.0,0.0,0.0,0.0,0.0,0.0,0.0,0.0,0.0,0.0
1,0,1.0,0.0,0.0,0.0,0.0,0.0,0.0,0.0,0.0,0.0,0.0,0.0,0.0
1,0,1.0,0.0,0.0,0.0,0.0,0.0,0.0,0.0,0.0,0.0,0.0,0.0,0.0
1,0,1.0,0.0,0.0,0.0,0.0,0.0,0.0,0.0,0.0,0.0,0.0,0.0,0.0
1,0,1.0,0.0,0.0,0.0,0.0,0.0,0.0,0.0,0.0,0.0,0.0,0.0,0.0
1,0,1.0,0.0,0.0,0.0,0.0,0.0,0.0,0.0,0.0,0.0,0.0,0.0,0.0
1,0,1.0,0.0,0.0,0.0,0.0,0.0,0.0,0.0,0.0,0.0,0.0,0.0,0.0
1,0,1.0,0.0,0.0,0.0,0.0,0.0,0.0,0.0,0.0,0.0,0.0,0.0,0.0
1,0,1.0,0.0,0.0,0.0,0.0,0.0,0.0,0.0,0.0,0.0,0.0,0.0,0.0
1,0,1.0,0.0,0.0,0.0,0.0,0.0,0.0,0.0,0.0,0.0,0.0,0.0,0.0
1,0,1.0,0.0,0.0,0.0,0.0,0.0,0.0,0.0,0.0,0.0,0.0,0.0,0.0
1,0,1.0,0.0,0.0,0.0,0.0,0.0,0.0,0.0,0.0,0.0,0.0,0.0,0.0
1,0,1.0,0.0,0.0,0.0,0.0,0.0,0.0,0.0,0.0,0.0,0.0,0.0,0.0
1,0,1.0,0.0,0.0,0.0,0.0,0.0,0.0,0.0,0.0,0.0,0.0,0.0,0.0
1,0,1.0,0.0,0.0,0.0,0.0,0.0,0.0,0.0,0.0,0.0,0.0,0.0,0.0
1,0,1.0,0.0,0.0,0.0,0.0,0.0,0.0,0.0,0.0,0.0,0.0,0.0,0.0
1,0,1.0,0.0,0.0,0.0,0.0,0.0,0.0,0.0,0.0,0.0,0.0,0.0,0.0
1,0,1.0,0.0,0.0,0.0,0.0,0.0,0.0,0.0,0.0,0.0,0.0,0.0,0.0
1,0,1.0,0.0,0.0,0.0,0.0,0.0,0.0,0.0,0.0,0.0,0.0,0.0,0.0
1,0,1.0,0.0,0.0,0.0,0.0,0.0,0.0,0.0,0.0,0.0,0.0,0.0,0.0
1,0,1.0,0.0,0.0,0.0,0.0,0.0,0.0,0.0,0.0,0.0,0.0,0.0,0.0
1,0,1.0,0.0,0.0,0.0,0.0,0.0,0.0,0.0,0.0,0.0,0.0,0.0,0.0
1,0,1.0,0.0,0.0,0.0,0.0,0.0,0.0,0.0,0.0,0.0,0.0,0.0,0.0
1,0,1.0,0.0,0.0,0.0,0.0,0.0,0.0,0.0,0.0,0.0,0.0,0.0,0.0
1,0,1.0,0.0,0.0,0.0,0.0,0.0,0.0,0.0,0.0,0.0,0.0,0.0,0.0
1,0,1.0,0.0,0.0,0.0,0.0,0.0,0.0,0.0,0.0,0.0,0.0,0.0,0.0
1,0,1.0,0.0,0.0,0.0,0.0,0.0,0.0,0.0,0.0,0.0,0.0,0.0,0.0
1,0,1.0,0.0,0.0,0.0,0.0,0.0,0.0,0.0,0.0,0.0,0.0,0.0,0.0
1,0,1.0,0.0,0.0,0.0,0.0,0.0,0.0,0.0,0.0,0.0,0.0,0.0,0.0
1,0,1.0,0.0,0.0,0.0,0.0,0.0,0.0,0.0,0.0,0.0,0.0,0.0,0.0
1,0,1.0,0.0,0.0,0.0,0.0,0.0,0.0,0.0,0.0,0.0,0.0,0.0,0.0
1,0,1.0,0.0,0.0,0.0,0.0,0.0,0.0,0.0,0.0,0.0,0.0,0.0,0.0
1,0,1.0,0.0,0.0,0.0,0.0,0.0,0.0,0.0,0.0,0.0,0.0,0.0,0.0
1,0,1.0,0.0,0.0,0.0,0.0,0.0,0.0,0.0,0.0,0.0,0.0,0.0,0.0
1,0,1.0,0.0,0.0,0.0,0.0,0.0,0.0,0.0,0.0,0.0,0.0,0.0,0.0
1,0,1.0,0.0,0.0,0.0,0.0,0.0,0.0,0.0,0.0,0.0,0.0,0.0,0.0
1,0,1.0,0.0,0.0,0.0,0.0,0.0,0.0,0.0,0.0,0.0,0.0,0.0,0.0
1,0,1.0,0.0,0.0,0.0,0.0,0.0,0.0,0.0,0.0,0.0,0.0,0.0,0.0
1,0,1.0,0.0,0.0,0.0,0.0,0.0,0.0,0.0,0.0,0.0,0.0,0.0,0.0
1,0,1.0,0.0,0.0,0.0,0.0,0.0,0.0,0.0,0.0,0.0,0.0,0.0,0.0
1,0,1.0,0.0,0.0,0.0,0.0,0.0,0.0,0.0,0.0,0.0,0.0,0.0,0.0
1,0,1.0,0.0,0.0,0.0,0.0,0.0,0.0,0.0,0.0,0.0,0.0,0.0,0.0
1,0,1.0,0.0,0.0,0.0,0.0,0.0,0.0,0.0,0.0,0.0,0.0,0.0,0.0
1,0,1.0,0.0,0.0,0.0,0.0,0.0,0.0,0.0,0.0,0.0,0.0,0.0,0.0
1,0,1.0,0.0,0.0,0.0,0.0,0.0,0.0,0.0,0.0,0.0,0.0,0.0,0.0
1,0,1.0,0.0,0.0,0.0,0.0,0.0,0.0,0.0,0.0,0.0,0.0,0.0,0.0
1,0,1.0,0.0,0.0,0.0,0.0,0.0,0.0,0.0,0.0,0.0,0.0,0.0,0.0
1,0,1.0,0.0,0.0,0.0,0.0,0.0,0.0,0.0,0.0,0.0,0.0,0.0,0.0
1,0,1.0,0.0,0.0,0.0,0.0,0.0,0.0,0.0,0.0,0.0,0.0,0.0,0.0
1,0,1.0,0.0,0.0,0.0,0.0,0.0,0.0,0.0,0.0,0.0,0.0,0.0,0.0
1,0,1.0,0.0,0.0,0.0,0.0,0.0,0.0,0.0,0.0,0.0,0.0,0.0,0.0
1,0,1.0,0.0,0.0,0.0,0.0,0.0,0.0,0.0,0.0,0.0,0.0,0.0,0.0
1,0,1.0,0.0,0.0,0.0,0.0,0.0,0.0,0.0,0.0,0.0,0.0,0.0,0.0
1,0,1.0,0.0,0.0,0.0,0.0,0.0,0.0,0.0,0.0,0.0,0.0,0.0,0.0
1,0,1.0,0.0,0.0,0.0,0.0,0.0,0.0,0.0,0.0,0.0,0.0,0.0,0.0
1,0,1.0,0.0,0.0,0.0,0.0,0.0,0.0,0.0,0.0,0.0,0.0,0.0,0.0
1,0,1.0,0.0,0.0,0.0,0.0,0.0,0.0,0.0,0.0,0.0,0.0,0.0,0.0
1,0,1.0,0.0,0.0,0.0,0.0,0.0,0.0,0.0,0.0,0.0,0.0,0.0,0.0
1,0,1.0,0.0,0.0,0.0,0.0,0.0,0.0,0.0,0.0,0.0,0.0,0.0,0.0
1,0,1.0,0.0,0.0,0.0,0.0,0.0,0.0,0.0,0.0,0.0,0.0,0.0,0.0
1,0,1.0,0.0,0.0,0.0,0.0,0.0,0.0,0.0,0.0,0.0,0.0,0.0,0.0
1,0,1.0,0.0,0.0,0.0,0.0,0.0,0.0,0.0,0.0,0.0,0.0,0.0,0.0
1,0,1.0,0.0,0.0,0.0,0.0,0.0,0.0,0.0,0.0,0.0,0.0,0.0,0.0
1,0,1.0,0.0,0.0,0.0,0.0,0.0,0.0,0.0,0.0,0.0,0.0,0.0,0.0
1,0,1.0,0.0,0.0,0.0,0.0,0.0,0.0,0.0,0.0,0.0,0.0,0.0,0.0
1,0,1.0,0.0,0.0,0.0,0.0,0.0,0.0,0.0,0.0,0.0,0.0,0.0,0.0
1,0,1.0,0.0,0.0,0.0,0.0,0.0,0.0,0.0,0.0,0.0,0.0,0.0,0.0
1,0,1.0,0.0,0.0,0.0,0.0,0.0,0.0,0.0,0.0,0.0,0.0,0.0,0.0
1,0,1.0,0.0,0.0,0.0,0.0,0.0,0.0,0.0,0.0,0.0,0.0,0.0,0.0
1,0,1.0,0.0,0.0,0.0,0.0,0.0,0.0,0.0,0.0,0.0,0.0,0.0,0.0
1,0,1.0,0.0,0.0,0.0,0.0,0.0,0.0,0.0,0.0,0.0,0.0,0.0,0.0
1,0,1.0,0.0,0.0,0.0,0.0,0.0,0.0,0.0,0.0,0.0,0.0,0.0,0.0
1,0,1.0,0.0,0.0,0.0,0.0,0.0,0.0,0.0,0.0,0.0,0.0,0.0,0.0
1,0,1.0,0.0,0.0,0.0,0.0,0.0,0.0,0.0,0.0,0.0,0.0,0.0,0.0
1,0,1.0,0.0,0.0,0.0,0.0,0.0,0.0,0.0,0.0,0.0,0.0,0.0,0.0
1,0,1.0,0.0,0.0,0.0,0.0,0.0,0.0,0.0,0.0,0.0,0.0,0.0,0.0
1,0,1.0,0.0,0.0,0.0,0.0,0.0,0.0,0.0,0.0,0.0,0.0,0.0,0.0
1,0,1.0,0.0,0.0,0.0,0.0,0.0,0.0,0.0,0.0,0.0,0.0,0.0,0.0
1,0,1.0,0.0,0.0,0.0,0.0,0.0,0.0,0.0,0.0,0.0,0.0,0.0,0.0
1,0,1.0,0.0,0.0,0.0,0.0,0.0,0.0,0.0,0.0,0.0,0.0,0.0,0.0
1,0,1.0,0.0,0.0,0.0,0.0,0.0,0.0,0.0,0.0,0.0,0.0,0.0,0.0
1,0,1.0,0.0,0.0,0.0,0.0,0.0,0.0,0.0,0.0,0.0,0.0,0.0,0.0
1,0,1.0,0.0,0.0,0.0,0.0,0.0,0.0,0.0,0.0,0.0,0.0,0.0,0.0
1,0,1.0,0.0,0.0,0.0,0.0,0.0,0.0,0.0,0.0,0.0,0.0,0.0,0.0
1,0,1.0,0.0,0.0,0.0,0.0,0.0,0.0,0.0,0.0,0.0,0.0,0.0,0.0
1,0,1.0,0.0,0.0,0.0,0.0,0.0,0.0,0.0,0.0,0.0,0.0,0.0,0.0
1,0,1.0,0.0,0.0,0.0,0.0,0.0,0.0,0.0,0.0,0.0,0.0,0.0,0.0
1,0,1.0,0.0,0.0,0.0,0.0,0.0,0.0,0.0,0.0,0.0,0.0,0.0,0.0
1,0,1.0,0.0,0.0,0.0,0.0,0.0,0.0,0.0,0.0,0.0,0.0,0.0,0.0
1,0,1.0,0.0,0.0,0.0,0.0,0.0,0.0,0.0,0.0,0.0,0.0,0.0,0.0
1,0,1.0,0.0,0.0,0.0,0.0,0.0,0.0,0.0,0.0,0.0,0.0,0.0,0.0
1,0,1.0,0.0,0.0,0.0,0.0,0.0,0.0,0.0,0.0,0.0,0.0,0.0,0.0
1,0,1.0,0.0,0.0,0.0,0.0,0.0,0.0,0.0,0.0,0.0,0.0,0.0,0.0
1,0,1.0,0.0,0.0,0.0,0.0,0.0,0.0,0.0,0.0,0.0,0.0,0.0,0.0
1,0,1.0,0.0,0.0,0.0,0.0,0.0,0.0,0.0,0.0,0.0,0.0,0.0,0.0
1,0,1.0,0.0,0.0,0.0,0.0,0.0,0.0,0.0,0.0,0.0,0.0,0.0,0.0
1,0,1.0,0.0,0.0,0.0,0.0,0.0,0.0,0.0,0.0,0.0,0.0,0.0,0.0
1,0,1.0,0.0,0.0,0.0,0.0,0.0,0.0,0.0,0.0,0.0,0.0,0.0,0.0
1,0,1.0,0.0,0.0,0.0,0.0,0.0,0.0,0.0,0.0,0.0,0.0,0.0,0.0
1,0,1.0,0.0,0.0,0.0,0.0,0.0,0.0,0.0,0.0,0.0,0.0,0.0,0.0
1,0,1.0,0.0,0.0,0.0,0.0,0.0,0.0,0.0,0.0,0.0,0.0,0.0,0.0
1,0,1.0,0.0,0.0,0.0,0.0,0.0,0.0,0.0,0.0,0.0,0.0,0.0,0.0
1,0,1.0,0.0,0.0,0.0,0.0,0.0,0.0,0.0,0.0,0.0,0.0,0.0,0.0
1,0,1.0,0.0,0.0,0.0,0.0,0.0,0.0,0.0,0.0,0.0,0.0,0.0,0.0
1,0,1.0,0.0,0.0,0.0,0.0,0.0,0.0,0.0,0.0,0.0,0.0,0.0,0.0
1,0,1.0,0.0,0.0,0.0,0.0,0.0,0.0,0.0,0.0,0.0,0.0,0.0,0.0
1,0,1.0,0.0,0.0,0.0,0.0,0.0,0.0,0.0,0.0,0.0,0.0,0.0,0.0
1,0,1.0,0.0,0.0,0.0,0.0,0.0,0.0,0.0,0.0,0.0,0.0,0.0,0.0
1,0,1.0,0.0,0.0,0.0,0.0,0.0,0.0,0.0,0.0,0.0,0.0,0.0,0.0
1,0,1.0,0.0,0.0,0.0,0.0,0.0,0.0,0.0,0.0,0.0,0.0,0.0,0.0
1,0,1.0,0.0,0.0,0.0,0.0,0.0,0.0,0.0,0.0,0.0,0.0,0.0,0.0
1,0,1.0,0.0,0.0,0.0,0.0,0.0,0.0,0.0,0.0,0.0,0.0,0.0,0.0
1,0,1.0,0.0,0.0,0.0,0.0,0.0,0.0,0.0,0.0,0.0,0.0,0.0,0.0
1,0,1.0,0.0,0.0,0.0,0.0,0.0,0.0,0.0,0.0,0.0,0.0,0.0,0.0
1,0,1.0,0.0,0.0,0.0,0.0,0.0,0.0,0.0,0.0,0.0,0.0,0.0,0.0
1,0,1.0,0.0,0.0,0.0,0.0,0.0,0.0,0.0,0.0,0.0,0.0,0.0,0.0
1,0,1.0,0.0,0.0,0.0,0.0,0.0,0.0,0.0,0.0,0.0,0.0,0.0,0.0
1,0,1.0,0.0,0.0,0.0,0.0,0.0,0.0,0.0,0.0,0.0,0.0,0.0,0.0
1,0,1.0,0.0,0.0,0.0,0.0,0.0,0.0,0.0,0.0,0.0,0.0,0.0,0.0
1,0,1.0,0.0,0.0,0.0,0.0,0.0,0.0,0.0,0.0,0.0,0.0,0.0,0.0
1,0,1.0,0.0,0.0,0.0,0.0,0.0,0.0,0.0,0.0,0.0,0.0,0.0,0.0
1,0,1.0,0.0,0.0,0.0,0.0,0.0,0.0,0.0,0.0,0.0,0.0,0.0,0.0
1,0,1.0,0.0,0.0,0.0,0.0,0.0,0.0,0.0,0.0,0.0,0.0,0.0,0.0
1,0,1.0,0.0,0.0,0.0,0.0,0.0,0.0,0.0,0.0,0.0,0.0,0.0,0.0
1,0,1.0,0.0,0.0,0.0,0.0,0.0,0.0,0.0,0.0,0.0,0.0,0.0,0.0
1,0,1.0,0.0,0.0,0.0,0.0,0.0,0.0,0.0,0.0,0.0,0.0,0.0,0.0
1,0,1.0,0.0,0.0,0.0,0.0,0.0,0.0,0.0,0.0,0.0,0.0,0.0,0.0
1,0,1.0,0.0,0.0,0.0,0.0,0.0,0.0,0.0,0.0,0.0,0.0,0.0,0.0
1,0,1.0,0.0,0.0,0.0,0.0,0.0,0.0,0.0,0.0,0.0,0.0,0.0,0.0
1,0,1.0,0.0,0.0,0.0,0.0,0.0,0.0,0.0,0.0,0.0,0.0,0.0,0.0
1,0,1.0,0.0,0.0,0.0,0.0,0.0,0.0,0.0,0.0,0.0,0.0,0.0,0.0
1,0,1.0,0.0,0.0,0.0,0.0,0.0,0.0,0.0,0.0,0.0,0.0,0.0,0.0
1,0,1.0,0.0,0.0,0.0,0.0,0.0,0.0,0.0,0.0,0.0,0.0,0.0,0.0
1,0,1.0,0.0,0.0,0.0,0.0,0.0,0.0,0.0,0.0,0.0,0.0,0.0,0.0
1,0,1.0,0.0,0.0,0.0,0.0,0.0,0.0,0.0,0.0,0.0,0.0,0.0,0.0
1,0,1.0,0.0,0.0,0.0,0.0,0.0,0.0,0.0,0.0,0.0,0.0,0.0,0.0
1,0,1.0,0.0,0.0,0.0,0.0,0.0,0.0,0.0,0.0,0.0,0.0,0.0,0.0
1,0,1.0,0.0,0.0,0.0,0.0,0.0,0.0,0.0,0.0,0.0,0.0,0.0,0.0
1,0,1.0,0.0,0.0,0.0,0.0,0.0,0.0,0.0,0.0,0.0,0.0,0.0,0.0
1,0,1.0,0.0,0.0,0.0,0.0,0.0,0.0,0.0,0.0,0.0,0.0,0.0,0.0
1,0,1.0,0.0,0.0,0.0,0.0,0.0,0.0,0.0,0.0,0.0,0.0,0.0,0.0
1,0,1.0,0.0,0.0,0.0,0.0,0.0,0.0,0.0,0.0,0.0,0.0,0.0,0.0
1,0,1.0,0.0,0.0,0.0,0.0,0.0,0.0,0.0,0.0,0.0,0.0,0.0,0.0
1,0,1.0,0.0,0.0,0.0,0.0,0.0,0.0,0.0,0.0,0.0,0.0,0.0,0.0
1,0,1.0,0.0,0.0,0.0,0.0,0.0,0.0,0.0,0.0,0.0,0.0,0.0,0.0
1,0,1.0,0.0,0.0,0.0,0.0,0.0,0.0,0.0,0.0,0.0,0.0,0.0,0.0
1,0,1.0,0.0,0.0,0.0,0.0,0.0,0.0,0.0,0.0,0.0,0.0,0.0,0.0
1,0,1.0,0.0,0.0,0.0,0.0,0.0,0.0,0.0,0.0,0.0,0.0,0.0,0.0
1,0,1.0,0.0,0.0,0.0,0.0,0.0,0.0,0.0,0.0,0.0,0.0,0.0,0.0
1,0,1.0,0.0,0.0,0.0,0.0,0.0,0.0,0.0,0.0,0.0,0.0,0.0,0.0
1,0,1.0,0.0,0.0,0.0,0.0,0.0,0.0,0.0,0.0,0.0,0.0,0.0,0.0
1,0,1.0,0.0,0.0,0.0,0.0,0.0,0.0,0.0,0.0,0.0,0.0,0.0,0.0
1,0,1.0,0.0,0.0,0.0,0.0,0.0,0.0,0.0,0.0,0.0,0.0,0.0,0.0
1,0,1.0,0.0,0.0,0.0,0.0,0.0,0.0,0.0,0.0,0.0,0.0,0.0,0.0
1,0,1.0,0.0,0.0,0.0,0.0,0.0,0.0,0.0,0.0,0.0,0.0,0.0,0.0
1,0,1.0,0.0,0.0,0.0,0.0,0.0,0.0,0.0,0.0,0.0,0.0,0.0,0.0
1,0,1.0,0.0,0.0,0.0,0.0,0.0,0.0,0.0,0.0,0.0,0.0,0.0,0.0
1,0,1.0,0.0,0.0,0.0,0.0,0.0,0.0,0.0,0.0,0.0,0.0,0.0,0.0
1,0,1.0,0.0,0.0,0.0,0.0,0.0,0.0,0.0,0.0,0.0,0.0,0.0,0.0
1,0,1.0,0.0,0.0,0.0,0.0,0.0,0.0,0.0,0.0,0.0,0.0,0.0,0.0
1,0,1.0,0.0,0.0,0.0,0.0,0.0,0.0,0.0,0.0,0.0,0.0,0.0,0.0
1,0,1.0,0.0,0.0,0.0,0.0,0.0,0.0,0.0,0.0,0.0,0.0,0.0,0.0
1,0,1.0,0.0,0.0,0.0,0.0,0.0,0.0,0.0,0.0,0.0,0.0,0.0,0.0
1,0,1.0,0.0,0.0,0.0,0.0,0.0,0.0,0.0,0.0,0.0,0.0,0.0,0.0
1,0,1.0,0.0,0.0,0.0,0.0,0.0,0.0,0.0,0.0,0.0,0.0,0.0,0.0
1,0,1.0,0.0,0.0,0.0,0.0,0.0,0.0,0.0,0.0,0.0,0.0,0.0,0.0
1,0,1.0,0.0,0.0,0.0,0.0,0.0,0.0,0.0,0.0,0.0,0.0,0.0,0.0
1,0,1.0,0.0,0.0,0.0,0.0,0.0,0.0,0.0,0.0,0.0,0.0,0.0,0.0
1,0,1.0,0.0,0.0,0.0,0.0,0.0,0.0,0.0,0.0,0.0,0.0,0.0,0.0
1,0,1.0,0.0,0.0,0.0,0.0,0.0,0.0,0.0,0.0,0.0,0.0,0.0,0.0
1,0,1.0,0.0,0.0,0.0,0.0,0.0,0.0,0.0,0.0,0.0,0.0,0.0,0.0
1,0,1.0,0.0,0.0,0.0,0.0,0.0,0.0,0.0,0.0,0.0,0.0,0.0,0.0
1,0,1.0,0.0,0.0,0.0,0.0,0.0,0.0,0.0,0.0,0.0,0.0,0.0,0.0
1,0,1.0,0.0,0.0,0.0,0.0,0.0,0.0,0.0,0.0,0.0,0.0,0.0,0.0
1,0,1.0,0.0,0.0,0.0,0.0,0.0,0.0,0.0,0.0,0.0,0.0,0.0,0.0
1,0,1.0,0.0,0.0,0.0,0.0,0.0,0.0,0.0,0.0,0.0,0.0,0.0,0.0
1,0,1.0,0.0,0.0,0.0,0.0,0.0,0.0,0.0,0.0,0.0,0.0,0.0,0.0
1,0,1.0,0.0,0.0,0.0,0.0,0.0,0.0,0.0,0.0,0.0,0.0,0.0,0.0
1,0,1.0,0.0,0.0,0.0,0.0,0.0,0.0,0.0,0.0,0.0,0.0,0.0,0.0
1,0,1.0,0.0,0.0,0.0,0.0,0.0,0.0,0.0,0.0,0.0,0.0,0.0,0.0
1,0,1.0,0.0,0.0,0.0,0.0,0.0,0.0,0.0,0.0,0.0,0.0,0.0,0.0
1,0,1.0,0.0,0.0,0.0,0.0,0.0,0.0,0.0,0.0,0.0,0.0,0.0,0.0
1,0,1.0,0.0,0.0,0.0,0.0,0.0,0.0,0.0,0.0,0.0,0.0,0.0,0.0
1,0,1.0,0.0,0.0,0.0,0.0,0.0,0.0,0.0,0.0,0.0,0.0,0.0,0.0
1,0,1.0,0.0,0.0,0.0,0.0,0.0,0.0,0.0,0.0,0.0,0.0,0.0,0.0
1,0,1.0,0.0,0.0,0.0,0.0,0.0,0.0,0.0,0.0,0.0,0.0,0.0,0.0
1,0,1.0,0.0,0.0,0.0,0.0,0.0,0.0,0.0,0.0,0.0,0.0,0.0,0.0
1,0,1.0,0.0,0.0,0.0,0.0,0.0,0.0,0.0,0.0,0.0,0.0,0.0,0.0
1,0,1.0,0.0,0.0,0.0,0.0,0.0,0.0,0.0,0.0,0.0,0.0,0.0,0.0
1,0,1.0,0.0,0.0,0.0,0.0,0.0,0.0,0.0,0.0,0.0,0.0,0.0,0.0
1,0,1.0,0.0,0.0,0.0,0.0,0.0,0.0,0.0,0.0,0.0,0.0,0.0,0.0
1,0,1.0,0.0,0.0,0.0,0.0,0.0,0.0,0.0,0.0,0.0,0.0,0.0,0.0
1,0,1.0,0.0,0.0,0.0,0.0,0.0,0.0,0.0,0.0,0.0,0.0,0.0,0.0
1,0,1.0,0.0,0.0,0.0,0.0,0.0,0.0,0.0,0.0,0.0,0.0,0.0,0.0
1,0,1.0,0.0,0.0,0.0,0.0,0.0,0.0,0.0,0.0,0.0,0.0,0.0,0.0
1,0,1.0,0.0,0.0,0.0,0.0,0.0,0.0,0.0,0.0,0.0,0.0,0.0,0.0
1,0,1.0,0.0,0.0,0.0,0.0,0.0,0.0,0.0,0.0,0.0,0.0,0.0,0.0
1,0,1.0,0.0,0.0,0.0,0.0,0.0,0.0,0.0,0.0,0.0,0.0,0.0,0.0
1,0,1.0,0.0,0.0,0.0,0.0,0.0,0.0,0.0,0.0,0.0,0.0,0.0,0.0
1,0,1.0,0.0,0.0,0.0,0.0,0.0,0.0,0.0,0.0,0.0,0.0,0.0,0.0
1,0,1.0,0.0,0.0,0.0,0.0,0.0,0.0,0.0,0.0,0.0,0.0,0.0,0.0
1,0,1.0,0.0,0.0,0.0,0.0,0.0,0.0,0.0,0.0,0.0,0.0,0.0,0.0
1,0,1.0,0.0,0.0,0.0,0.0,0.0,0.0,0.0,0.0,0.0,0.0,0.0,0.0
1,0,1.0,0.0,0.0,0.0,0.0,0.0,0.0,0.0,0.0,0.0,0.0,0.0,0.0
1,0,1.0,0.0,0.0,0.0,0.0,0.0,0.0,0.0,0.0,0.0,0.0,0.0,0.0
1,0,1.0,0.0,0.0,0.0,0.0,0.0,0.0,0.0,0.0,0.0,0.0,0.0,0.0
1,0,1.0,0.0,0.0,0.0,0.0,0.0,0.0,0.0,0.0,0.0,0.0,0.0,0.0
1,0,1.0,0.0,0.0,0.0,0.0,0.0,0.0,0.0,0.0,0.0,0.0,0.0,0.0
1,0,1.0,0.0,0.0,0.0,0.0,0.0,0.0,0.0,0.0,0.0,0.0,0.0,0.0
1,0,1.0,0.0,0.0,0.0,0.0,0.0,0.0,0.0,0.0,0.0,0.0,0.0,0.0
1,0,1.0,0.0,0.0,0.0,0.0,0.0,0.0,0.0,0.0,0.0,0.0,0.0,0.0
1,0,1.0,0.0,0.0,0.0,0.0,0.0,0.0,0.0,0.0,0.0,0.0,0.0,0.0
1,0,1.0,0.0,0.0,0.0,0.0,0.0,0.0,0.0,0.0,0.0,0.0,0.0,0.0
1,0,1.0,0.0,0.0,0.0,0.0,0.0,0.0,0.0,0.0,0.0,0.0,0.0,0.0
1,0,1.0,0.0,0.0,0.0,0.0,0.0,0.0,0.0,0.0,0.0,0.0,0.0,0.0
1,0,1.0,0.0,0.0,0.0,0.0,0.0,0.0,0.0,0.0,0.0,0.0,0.0,0.0
1,0,1.0,0.0,0.0,0.0,0.0,0.0,0.0,0.0,0.0,0.0,0.0,0.0,0.0
1,0,1.0,0.0,0.0,0.0,0.0,0.0,0.0,0.0,0.0,0.0,0.0,0.0,0.0
1,0,1.0,0.0,0.0,0.0,0.0,0.0,0.0,0.0,0.0,0.0,0.0,0.0,0.0
1,0,1.0,0.0,0.0,0.0,0.0,0.0,0.0,0.0,0.0,0.0,0.0,0.0,0.0
1,0,1.0,0.0,0.0,0.0,0.0,0.0,0.0,0.0,0.0,0.0,0.0,0.0,0.0
1,0,1.0,0.0,0.0,0.0,0.0,0.0,0.0,0.0,0.0,0.0,0.0,0.0,0.0
1,0,1.0,0.0,0.0,0.0,0.0,0.0,0.0,0.0,0.0,0.0,0.0,0.0,0.0
1,0,1.0,0.0,0.0,0.0,0.0,0.0,0.0,0.0,0.0,0.0,0.0,0.0,0.0
1,0,1.0,0.0,0.0,0.0,0.0,0.0,0.0,0.0,0.0,0.0,0.0,0.0,0.0
1,0,1.0,0.0,0.0,0.0,0.0,0.0,0.0,0.0,0.0,0.0,0.0,0.0,0.0
1,0,1.0,0.0,0.0,0.0,0.0,0.0,0.0,0.0,0.0,0.0,0.0,0.0,0.0
1,0,1.0,0.0,0.0,0.0,0.0,0.0,0.0,0.0,0.0,0.0,0.0,0.0,0.0
1,0,1.0,0.0,0.0,0.0,0.0,0.0,0.0,0.0,0.0,0.0,0.0,0.0,0.0
1,0,1.0,0.0,0.0,0.0,0.0,0.0,0.0,0.0,0.0,0.0,0.0,0.0,0.0
1,0,1.0,0.0,0.0,0.0,0.0,0.0,0.0,0.0,0.0,0.0,0.0,0.0,0.0
1,0,1.0,0.0,0.0,0.0,0.0,0.0,0.0,0.0,0.0,0.0,0.0,0.0,0.0
1,0,1.0,0.0,0.0,0.0,0.0,0.0,0.0,0.0,0.0,0.0,0.0,0.0,0.0
1,0,1.0,0.0,0.0,0.0,0.0,0.0,0.0,0.0,0.0,0.0,0.0,0.0,0.0
1,0,1.0,0.0,0.0,0.0,0.0,0.0,0.0,0.0,0.0,0.0,0.0,0.0,0.0
1,0,1.0,0.0,0.0,0.0,0.0,0.0,0.0,0.0,0.0,0.0,0.0,0.0,0.0
1,0,1.0,0.0,0.0,0.0,0.0,0.0,0.0,0.0,0.0,0.0,0.0,0.0,0.0
1,0,1.0,0.0,0.0,0.0,0.0,0.0,0.0,0.0,0.0,0.0,0.0,0.0,0.0
1,0,1.0,0.0,0.0,0.0,0.0,0.0,0.0,0.0,0.0,0.0,0.0,0.0,0.0
1,0,1.0,0.0,0.0,0.0,0.0,0.0,0.0,0.0,0.0,0.0,0.0,0.0,0.0
1,0,1.0,0.0,0.0,0.0,0.0,0.0,0.0,0.0,0.0,0.0,0.0,0.0,0.0
1,0,1.0,0.0,0.0,0.0,0.0,0.0,0.0,0.0,0.0,0.0,0.0,0.0,0.0
1,0,1.0,0.0,0.0,0.0,0.0,0.0,0.0,0.0,0.0,0.0,0.0,0.0,0.0
1,0,1.0,0.0,0.0,0.0,0.0,0.0,0.0,0.0,0.0,0.0,0.0,0.0,0.0
1,0,1.0,0.0,0.0,0.0,0.0,0.0,0.0,0.0,0.0,0.0,0.0,0.0,0.0
1,0,1.0,0.0,0.0,0.0,0.0,0.0,0.0,0.0,0.0,0.0,0.0,0.0,0.0
1,0,1.0,0.0,0.0,0.0,0.0,0.0,0.0,0.0,0.0,0.0,0.0,0.0,0.0
1,0,1.0,0.0,0.0,0.0,0.0,0.0,0.0,0.0,0.0,0.0,0.0,0.0,0.0
1,0,1.0,0.0,0.0,0.0,0.0,0.0,0.0,0.0,0.0,0.0,0.0,0.0,0.0
1,0,1.0,0.0,0.0,0.0,0.0,0.0,0.0,0.0,0.0,0.0,0.0,0.0,0.0
1,0,1.0,0.0,0.0,0.0,0.0,0.0,0.0,0.0,0.0,0.0,0.0,0.0,0.0
1,0,1.0,0.0,0.0,0.0,0.0,0.0,0.0,0.0,0.0,0.0,0.0,0.0,0.0
1,0,1.0,0.0,0.0,0.0,0.0,0.0,0.0,0.0,0.0,0.0,0.0,0.0,0.0
1,0,1.0,0.0,0.0,0.0,0.0,0.0,0.0,0.0,0.0,0.0,0.0,0.0,0.0
1,0,1.0,0.0,0.0,0.0,0.0,0.0,0.0,0.0,0.0,0.0,0.0,0.0,0.0
1,0,1.0,0.0,0.0,0.0,0.0,0.0,0.0,0.0,0.0,0.0,0.0,0.0,0.0
1,0,1.0,0.0,0.0,0.0,0.0,0.0,0.0,0.0,0.0,0.0,0.0,0.0,0.0
1,0,1.0,0.0,0.0,0.0,0.0,0.0,0.0,0.0,0.0,0.0,0.0,0.0,0.0
1,0,1.0,0.0,0.0,0.0,0.0,0.0,0.0,0.0,0.0,0.0,0.0,0.0,0.0
1,0,1.0,0.0,0.0,0.0,0.0,0.0,0.0,0.0,0.0,0.0,0.0,0.0,0.0
1,0,1.0,0.0,0.0,0.0,0.0,0.0,0.0,0.0,0.0,0.0,0.0,0.0,0.0
1,0,1.0,0.0,0.0,0.0,0.0,0.0,0.0,0.0,0.0,0.0,0.0,0.0,0.0
1,0,1.0,0.0,0.0,0.0,0.0,0.0,0.0,0.0,0.0,0.0,0.0,0.0,0.0
1,0,1.0,0.0,0.0,0.0,0.0,0.0,0.0,0.0,0.0,0.0,0.0,0.0,0.0
1,0,1.0,0.0,0.0,0.0,0.0,0.0,0.0,0.0,0.0,0.0,0.0,0.0,0.0
1,0,1.0,0.0,0.0,0.0,0.0,0.0,0.0,0.0,0.0,0.0,0.0,0.0,0.0
1,0,1.0,0.0,0.0,0.0,0.0,0.0,0.0,0.0,0.0,0.0,0.0,0.0,0.0
1,0,1.0,0.0,0.0,0.0,0.0,0.0,0.0,0.0,0.0,0.0,0.0,0.0,0.0
1,0,1.0,0.0,0.0,0.0,0.0,0.0,0.0,0.0,0.0,0.0,0.0,0.0,0.0
1,0,1.0,0.0,0.0,0.0,0.0,0.0,0.0,0.0,0.0,0.0,0.0,0.0,0.0
1,0,1.0,0.0,0.0,0.0,0.0,0.0,0.0,0.0,0.0,0.0,0.0,0.0,0.0
1,0,1.0,0.0,0.0,0.0,0.0,0.0,0.0,0.0,0.0,0.0,0.0,0.0,0.0
1,0,1.0,0.0,0.0,0.0,0.0,0.0,0.0,0.0,0.0,0.0,0.0,0.0,0.0
1,0,1.0,0.0,0.0,0.0,0.0,0.0,0.0,0.0,0.0,0.0,0.0,0.0,0.0
1,0,1.0,0.0,0.0,0.0,0.0,0.0,0.0,0.0,0.0,0.0,0.0,0.0,0.0
1,0,1.0,0.0,0.0,0.0,0.0,0.0,0.0,0.0,0.0,0.0,0.0,0.0,0.0
1,0,1.0,0.0,0.0,0.0,0.0,0.0,0.0,0.0,0.0,0.0,0.0,0.0,0.0
1,0,1.0,0.0,0.0,0.0,0.0,0.0,0.0,0.0,0.0,0.0,0.0,0.0,0.0
1,0,1.0,0.0,0.0,0.0,0.0,0.0,0.0,0.0,0.0,0.0,0.0,0.0,0.0
1,0,1.0,0.0,0.0,0.0,0.0,0.0,0.0,0.0,0.0,0.0,0.0,0.0,0.0
1,0,1.0,0.0,0.0,0.0,0.0,0.0,0.0,0.0,0.0,0.0,0.0,0.0,0.0
1,0,1.0,0.0,0.0,0.0,0.0,0.0,0.0,0.0,0.0,0.0,0.0,0.0,0.0
1,0,1.0,0.0,0.0,0.0,0.0,0.0,0.0,0.0,0.0,0.0,0.0,0.0,0.0
1,0,1.0,0.0,0.0,0.0,0.0,0.0,0.0,0.0,0.0,0.0,0.0,0.0,0.0
1,0,1.0,0.0,0.0,0.0,0.0,0.0,0.0,0.0,0.0,0.0,0.0,0.0,0.0
1,0,1.0,0.0,0.0,0.0,0.0,0.0,0.0,0.0,0.0,0.0,0.0,0.0,0.0
1,0,1.0,0.0,0.0,0.0,0.0,0.0,0.0,0.0,0.0,0.0,0.0,0.0,0.0
1,0,1.0,0.0,0.0,0.0,0.0,0.0,0.0,0.0,0.0,0.0,0.0,0.0,0.0
1,0,1.0,0.0,0.0,0.0,0.0,0.0,0.0,0.0,0.0,0.0,0.0,0.0,0.0
1,0,1.0,0.0,0.0,0.0,0.0,0.0,0.0,0.0,0.0,0.0,0.0,0.0,0.0
1,0,1.0,0.0,0.0,0.0,0.0,0.0,0.0,0.0,0.0,0.0,0.0,0.0,0.0
1,0,1.0,0.0,0.0,0.0,0.0,0.0,0.0,0.0,0.0,0.0,0.0,0.0,0.0
1,0,1.0,0.0,0.0,0.0,0.0,0.0,0.0,0.0,0.0,0.0,0.0,0.0,0.0
1,0,1.0,0.0,0.0,0.0,0.0,0.0,0.0,0.0,0.0,0.0,0.0,0.0,0.0
1,0,1.0,0.0,0.0,0.0,0.0,0.0,0.0,0.0,0.0,0.0,0.0,0.0,0.0
1,0,1.0,0.0,0.0,0.0,0.0,0.0,0.0,0.0,0.0,0.0,0.0,0.0,0.0
1,0,1.0,0.0,0.0,0.0,0.0,0.0,0.0,0.0,0.0,0.0,0.0,0.0,0.0
1,0,1.0,0.0,0.0,0.0,0.0,0.0,0.0,0.0,0.0,0.0,0.0,0.0,0.0
1,0,1.0,0.0,0.0,0.0,0.0,0.0,0.0,0.0,0.0,0.0,0.0,0.0,0.0
1,0,1.0,0.0,0.0,0.0,0.0,0.0,0.0,0.0,0.0,0.0,0.0,0.0,0.0
1,0,1.0,0.0,0.0,0.0,0.0,0.0,0.0,0.0,0.0,0.0,0.0,0.0,0.0
1,0,1.0,0.0,0.0,0.0,0.0,0.0,0.0,0.0,0.0,0.0,0.0,0.0,0.0
1,0,1.0,0.0,0.0,0.0,0.0,0.0,0.0,0.0,0.0,0.0,0.0,0.0,0.0
1,0,1.0,0.0,0.0,0.0,0.0,0.0,0.0,0.0,0.0,0.0,0.0,0.0,0.0
1,0,1.0,0.0,0.0,0.0,0.0,0.0,0.0,0.0,0.0,0.0,0.0,0.0,0.0
1,0,1.0,0.0,0.0,0.0,0.0,0.0,0.0,0.0,0.0,0.0,0.0,0.0,0.0
1,0,1.0,0.0,0.0,0.0,0.0,0.0,0.0,0.0,0.0,0.0,0.0,0.0,0.0
1,0,1.0,0.0,0.0,0.0,0.0,0.0,0.0,0.0,0.0,0.0,0.0,0.0,0.0
1,0,1.0,0.0,0.0,0.0,0.0,0.0,0.0,0.0,0.0,0.0,0.0,0.0,0.0
1,0,1.0,0.0,0.0,0.0,0.0,0.0,0.0,0.0,0.0,0.0,0.0,0.0,0.0
1,0,1.0,0.0,0.0,0.0,0.0,0.0,0.0,0.0,0.0,0.0,0.0,0.0,0.0
1,0,1.0,0.0,0.0,0.0,0.0,0.0,0.0,0.0,0.0,0.0,0.0,0.0,0.0
1,0,1.0,0.0,0.0,0.0,0.0,0.0,0.0,0.0,0.0,0.0,0.0,0.0,0.0
1,0,1.0,0.0,0.0,0.0,0.0,0.0,0.0,0.0,0.0,0.0,0.0,0.0,0.0
1,0,1.0,0.0,0.0,0.0,0.0,0.0,0.0,0.0,0.0,0.0,0.0,0.0,0.0
1,0,1.0,0.0,0.0,0.0,0.0,0.0,0.0,0.0,0.0,0.0,0.0,0.0,0.0
1,0,1.0,0.0,0.0,0.0,0.0,0.0,0.0,0.0,0.0,0.0,0.0,0.0,0.0
1,0,1.0,0.0,0.0,0.0,0.0,0.0,0.0,0.0,0.0,0.0,0.0,0.0,0.0
1,0,1.0,0.0,0.0,0.0,0.0,0.0,0.0,0.0,0.0,0.0,0.0,0.0,0.0
1,0,1.0,0.0,0.0,0.0,0.0,0.0,0.0,0.0,0.0,0.0,0.0,0.0,0.0
1,0,1.0,0.0,0.0,0.0,0.0,0.0,0.0,0.0,0.0,0.0,0.0,0.0,0.0
1,0,1.0,0.0,0.0,0.0,0.0,0.0,0.0,0.0,0.0,0.0,0.0,0.0,0.0
1,0,1.0,0.0,0.0,0.0,0.0,0.0,0.0,0.0,0.0,0.0,0.0,0.0,0.0
1,0,1.0,0.0,0.0,0.0,0.0,0.0,0.0,0.0,0.0,0.0,0.0,0.0,0.0
1,0,1.0,0.0,0.0,0.0,0.0,0.0,0.0,0.0,0.0,0.0,0.0,0.0,0.0
1,0,1.0,0.0,0.0,0.0,0.0,0.0,0.0,0.0,0.0,0.0,0.0,0.0,0.0
1,0,1.0,0.0,0.0,0.0,0.0,0.0,0.0,0.0,0.0,0.0,0.0,0.0,0.0
1,0,1.0,0.0,0.0,0.0,0.0,0.0,0.0,0.0,0.0,0.0,0.0,0.0,0.0
1,0,1.0,0.0,0.0,0.0,0.0,0.0,0.0,0.0,0.0,0.0,0.0,0.0,0.0
1,0,1.0,0.0,0.0,0.0,0.0,0.0,0.0,0.0,0.0,0.0,0.0,0.0,0.0
1,0,1.0,0.0,0.0,0.0,0.0,0.0,0.0,0.0,0.0,0.0,0.0,0.0,0.0
1,0,1.0,0.0,0.0,0.0,0.0,0.0,0.0,0.0,0.0,0.0,0.0,0.0,0.0
1,0,1.0,0.0,0.0,0.0,0.0,0.0,0.0,0.0,0.0,0.0,0.0,0.0,0.0
1,0,1.0,0.0,0.0,0.0,0.0,0.0,0.0,0.0,0.0,0.0,0.0,0.0,0.0
1,0,1.0,0.0,0.0,0.0,0.0,0.0,0.0,0.0,0.0,0.0,0.0,0.0,0.0
1,0,1.0,0.0,0.0,0.0,0.0,0.0,0.0,0.0,0.0,0.0,0.0,0.0,0.0
1,0,1.0,0.0,0.0,0.0,0.0,0.0,0.0,0.0,0.0,0.0,0.0,0.0,0.0
1,0,1.0,0.0,0.0,0.0,0.0,0.0,0.0,0.0,0.0,0.0,0.0,0.0,0.0
1,0,1.0,0.0,0.0,0.0,0.0,0.0,0.0,0.0,0.0,0.0,0.0,0.0,0.0
1,0,1.0,0.0,0.0,0.0,0.0,0.0,0.0,0.0,0.0,0.0,0.0,0.0,0.0
1,0,1.0,0.0,0.0,0.0,0.0,0.0,0.0,0.0,0.0,0.0,0.0,0.0,0.0
1,0,1.0,0.0,0.0,0.0,0.0,0.0,0.0,0.0,0.0,0.0,0.0,0.0,0.0
1,0,1.0,0.0,0.0,0.0,0.0,0.0,0.0,0.0,0.0,0.0,0.0,0.0,0.0
1,0,1.0,0.0,0.0,0.0,0.0,0.0,0.0,0.0,0.0,0.0,0.0,0.0,0.0
1,0,1.0,0.0,0.0,0.0,0.0,0.0,0.0,0.0,0.0,0.0,0.0,0.0,0.0
1,0,1.0,0.0,0.0,0.0,0.0,0.0,0.0,0.0,0.0,0.0,0.0,0.0,0.0
1,0,1.0,0.0,0.0,0.0,0.0,0.0,0.0,0.0,0.0,0.0,0.0,0.0,0.0
1,0,1.0,0.0,0.0,0.0,0.0,0.0,0.0,0.0,0.0,0.0,0.0,0.0,0.0
1,0,1.0,0.0,0.0,0.0,0.0,0.0,0.0,0.0,0.0,0.0,0.0,0.0,0.0
1,0,1.0,0.0,0.0,0.0,0.0,0.0,0.0,0.0,0.0,0.0,0.0,0.0,0.0
1,0,1.0,0.0,0.0,0.0,0.0,0.0,0.0,0.0,0.0,0.0,0.0,0.0,0.0
1,0,1.0,0.0,0.0,0.0,0.0,0.0,0.0,0.0,0.0,0.0,0.0,0.0,0.0
1,0,1.0,0.0,0.0,0.0,0.0,0.0,0.0,0.0,0.0,0.0,0.0,0.0,0.0
1,0,1.0,0.0,0.0,0.0,0.0,0.0,0.0,0.0,0.0,0.0,0.0,0.0,0.0
1,0,1.0,0.0,0.0,0.0,0.0,0.0,0.0,0.0,0.0,0.0,0.0,0.0,0.0
1,0,1.0,0.0,0.0,0.0,0.0,0.0,0.0,0.0,0.0,0.0,0.0,0.0,0.0
1,0,1.0,0.0,0.0,0.0,0.0,0.0,0.0,0.0,0.0,0.0,0.0,0.0,0.0
1,0,1.0,0.0,0.0,0.0,0.0,0.0,0.0,0.0,0.0,0.0,0.0,0.0,0.0
1,0,1.0,0.0,0.0,0.0,0.0,0.0,0.0,0.0,0.0,0.0,0.0,0.0,0.0
1,0,1.0,0.0,0.0,0.0,0.0,0.0,0.0,0.0,0.0,0.0,0.0,0.0,0.0
1,0,1.0,0.0,0.0,0.0,0.0,0.0,0.0,0.0,0.0,0.0,0.0,0.0,0.0
1,0,1.0,0.0,0.0,0.0,0.0,0.0,0.0,0.0,0.0,0.0,0.0,0.0,0.0
1,0,1.0,0.0,0.0,0.0,0.0,0.0,0.0,0.0,0.0,0.0,0.0,0.0,0.0
1,0,1.0,0.0,0.0,0.0,0.0,0.0,0.0,0.0,0.0,0.0,0.0,0.0,0.0
1,0,1.0,0.0,0.0,0.0,0.0,0.0,0.0,0.0,0.0,0.0,0.0,0.0,0.0
1,0,1.0,0.0,0.0,0.0,0.0,0.0,0.0,0.0,0.0,0.0,0.0,0.0,0.0
1,0,1.0,0.0,0.0,0.0,0.0,0.0,0.0,0.0,0.0,0.0,0.0,0.0,0.0
1,0,1.0,0.0,0.0,0.0,0.0,0.0,0.0,0.0,0.0,0.0,0.0,0.0,0.0
1,0,1.0,0.0,0.0,0.0,0.0,0.0,0.0,0.0,0.0,0.0,0.0,0.0,0.0
1,0,1.0,0.0,0.0,0.0,0.0,0.0,0.0,0.0,0.0,0.0,0.0,0.0,0.0
1,0,1.0,0.0,0.0,0.0,0.0,0.0,0.0,0.0,0.0,0.0,0.0,0.0,0.0
1,0,1.0,0.0,0.0,0.0,0.0,0.0,0.0,0.0,0.0,0.0,0.0,0.0,0.0
1,0,1.0,0.0,0.0,0.0,0.0,0.0,0.0,0.0,0.0,0.0,0.0,0.0,0.0
1,0,1.0,0.0,0.0,0.0,0.0,0.0,0.0,0.0,0.0,0.0,0.0,0.0,0.0
1,0,1.0,0.0,0.0,0.0,0.0,0.0,0.0,0.0,0.0,0.0,0.0,0.0,0.0
1,0,1.0,0.0,0.0,0.0,0.0,0.0,0.0,0.0,0.0,0.0,0.0,0.0,0.0
1,0,1.0,0.0,0.0,0.0,0.0,0.0,0.0,0.0,0.0,0.0,0.0,0.0,0.0
1,0,1.0,0.0,0.0,0.0,0.0,0.0,0.0,0.0,0.0,0.0,0.0,0.0,0.0
1,0,1.0,0.0,0.0,0.0,0.0,0.0,0.0,0.0,0.0,0.0,0.0,0.0,0.0
1,0,1.0,0.0,0.0,0.0,0.0,0.0,0.0,0.0,0.0,0.0,0.0,0.0,0.0
1,0,1.0,0.0,0.0,0.0,0.0,0.0,0.0,0.0,0.0,0.0,0.0,0.0,0.0
1,0,1.0,0.0,0.0,0.0,0.0,0.0,0.0,0.0,0.0,0.0,0.0,0.0,0.0
1,0,1.0,0.0,0.0,0.0,0.0,0.0,0.0,0.0,0.0,0.0,0.0,0.0,0.0
1,0,1.0,0.0,0.0,0.0,0.0,0.0,0.0,0.0,0.0,0.0,0.0,0.0,0.0
1,0,1.0,0.0,0.0,0.0,0.0,0.0,0.0,0.0,0.0,0.0,0.0,0.0,0.0
1,0,1.0,0.0,0.0,0.0,0.0,0.0,0.0,0.0,0.0,0.0,0.0,0.0,0.0
1,0,1.0,0.0,0.0,0.0,0.0,0.0,0.0,0.0,0.0,0.0,0.0,0.0,0.0
1,0,1.0,0.0,0.0,0.0,0.0,0.0,0.0,0.0,0.0,0.0,0.0,0.0,0.0
1,0,1.0,0.0,0.0,0.0,0.0,0.0,0.0,0.0,0.0,0.0,0.0,0.0,0.0
1,0,1.0,0.0,0.0,0.0,0.0,0.0,0.0,0.0,0.0,0.0,0.0,0.0,0.0
1,0,1.0,0.0,0.0,0.0,0.0,0.0,0.0,0.0,0.0,0.0,0.0,0.0,0.0
1,0,1.0,0.0,0.0,0.0,0.0,0.0,0.0,0.0,0.0,0.0,0.0,0.0,0.0
1,0,1.0,0.0,0.0,0.0,0.0,0.0,0.0,0.0,0.0,0.0,0.0,0.0,0.0
1,0,1.0,0.0,0.0,0.0,0.0,0.0,0.0,0.0,0.0,0.0,0.0,0.0,0.0
1,0,1.0,0.0,0.0,0.0,0.0,0.0,0.0,0.0,0.0,0.0,0.0,0.0,0.0
1,0,1.0,0.0,0.0,0.0,0.0,0.0,0.0,0.0,0.0,0.0,0.0,0.0,0.0
1,0,1.0,0.0,0.0,0.0,0.0,0.0,0.0,0.0,0.0,0.0,0.0,0.0,0.0
1,0,1.0,0.0,0.0,0.0,0.0,0.0,0.0,0.0,0.0,0.0,0.0,0.0,0.0
1,0,1.0,0.0,0.0,0.0,0.0,0.0,0.0,0.0,0.0,0.0,0.0,0.0,0.0
1,0,1.0,0.0,0.0,0.0,0.0,0.0,0.0,0.0,0.0,0.0,0.0,0.0,0.0
1,0,1.0,0.0,0.0,0.0,0.0,0.0,0.0,0.0,0.0,0.0,0.0,0.0,0.0
1,0,1.0,0.0,0.0,0.0,0.0,0.0,0.0,0.0,0.0,0.0,0.0,0.0,0.0
1,0,1.0,0.0,0.0,0.0,0.0,0.0,0.0,0.0,0.0,0.0,0.0,0.0,0.0
1,0,1.0,0.0,0.0,0.0,0.0,0.0,0.0,0.0,0.0,0.0,0.0,0.0,0.0
1,0,1.0,0.0,0.0,0.0,0.0,0.0,0.0,0.0,0.0,0.0,0.0,0.0,0.0
1,0,1.0,0.0,0.0,0.0,0.0,0.0,0.0,0.0,0.0,0.0,0.0,0.0,0.0
1,0,1.0,0.0,0.0,0.0,0.0,0.0,0.0,0.0,0.0,0.0,0.0,0.0,0.0
1,0,1.0,0.0,0.0,0.0,0.0,0.0,0.0,0.0,0.0,0.0,0.0,0.0,0.0
1,0,1.0,0.0,0.0,0.0,0.0,0.0,0.0,0.0,0.0,0.0,0.0,0.0,0.0
1,0,1.0,0.0,0.0,0.0,0.0,0.0,0.0,0.0,0.0,0.0,0.0,0.0,0.0
1,0,1.0,0.0,0.0,0.0,0.0,0.0,0.0,0.0,0.0,0.0,0.0,0.0,0.0
1,0,1.0,0.0,0.0,0.0,0.0,0.0,0.0,0.0,0.0,0.0,0.0,0.0,0.0
1,0,1.0,0.0,0.0,0.0,0.0,0.0,0.0,0.0,0.0,0.0,0.0,0.0,0.0
1,0,1.0,0.0,0.0,0.0,0.0,0.0,0.0,0.0,0.0,0.0,0.0,0.0,0.0
1,0,1.0,0.0,0.0,0.0,0.0,0.0,0.0,0.0,0.0,0.0,0.0,0.0,0.0
1,0,1.0,0.0,0.0,0.0,0.0,0.0,0.0,0.0,0.0,0.0,0.0,0.0,0.0
1,0,1.0,0.0,0.0,0.0,0.0,0.0,0.0,0.0,0.0,0.0,0.0,0.0,0.0
1,0,1.0,0.0,0.0,0.0,0.0,0.0,0.0,0.0,0.0,0.0,0.0,0.0,0.0
1,0,1.0,0.0,0.0,0.0,0.0,0.0,0.0,0.0,0.0,0.0,0.0,0.0,0.0
1,0,1.0,0.0,0.0,0.0,0.0,0.0,0.0,0.0,0.0,0.0,0.0,0.0,0.0
1,0,1.0,0.0,0.0,0.0,0.0,0.0,0.0,0.0,0.0,0.0,0.0,0.0,0.0
1,0,1.0,0.0,0.0,0.0,0.0,0.0,0.0,0.0,0.0,0.0,0.0,0.0,0.0
1,0,1.0,0.0,0.0,0.0,0.0,0.0,0.0,0.0,0.0,0.0,0.0,0.0,0.0
1,0,1.0,0.0,0.0,0.0,0.0,0.0,0.0,0.0,0.0,0.0,0.0,0.0,0.0
1,0,1.0,0.0,0.0,0.0,0.0,0.0,0.0,0.0,0.0,0.0,0.0,0.0,0.0
1,0,1.0,0.0,0.0,0.0,0.0,0.0,0.0,0.0,0.0,0.0,0.0,0.0,0.0
1,0,1.0,0.0,0.0,0.0,0.0,0.0,0.0,0.0,0.0,0.0,0.0,0.0,0.0
1,0,1.0,0.0,0.0,0.0,0.0,0.0,0.0,0.0,0.0,0.0,0.0,0.0,0.0
1,0,1.0,0.0,0.0,0.0,0.0,0.0,0.0,0.0,0.0,0.0,0.0,0.0,0.0
1,0,1.0,0.0,0.0,0.0,0.0,0.0,0.0,0.0,0.0,0.0,0.0,0.0,0.0
1,0,1.0,0.0,0.0,0.0,0.0,0.0,0.0,0.0,0.0,0.0,0.0,0.0,0.0
1,0,1.0,0.0,0.0,0.0,0.0,0.0,0.0,0.0,0.0,0.0,0.0,0.0,0.0
1,0,1.0,0.0,0.0,0.0,0.0,0.0,0.0,0.0,0.0,0.0,0.0,0.0,0.0
1,0,1.0,0.0,0.0,0.0,0.0,0.0,0.0,0.0,0.0,0.0,0.0,0.0,0.0
1,0,1.0,0.0,0.0,0.0,0.0,0.0,0.0,0.0,0.0,0.0,0.0,0.0,0.0
1,0,1.0,0.0,0.0,0.0,0.0,0.0,0.0,0.0,0.0,0.0,0.0,0.0,0.0
1,0,1.0,0.0,0.0,0.0,0.0,0.0,0.0,0.0,0.0,0.0,0.0,0.0,0.0
1,0,1.0,0.0,0.0,0.0,0.0,0.0,0.0,0.0,0.0,0.0,0.0,0.0,0.0
1,0,1.0,0.0,0.0,0.0,0.0,0.0,0.0,0.0,0.0,0.0,0.0,0.0,0.0
1,0,1.0,0.0,0.0,0.0,0.0,0.0,0.0,0.0,0.0,0.0,0.0,0.0,0.0
1,0,1.0,0.0,0.0,0.0,0.0,0.0,0.0,0.0,0.0,0.0,0.0,0.0,0.0
1,0,1.0,0.0,0.0,0.0,0.0,0.0,0.0,0.0,0.0,0.0,0.0,0.0,0.0
1,0,1.0,0.0,0.0,0.0,0.0,0.0,0.0,0.0,0.0,0.0,0.0,0.0,0.0
1,0,1.0,0.0,0.0,0.0,0.0,0.0,0.0,0.0,0.0,0.0,0.0,0.0,0.0
1,0,1.0,0.0,0.0,0.0,0.0,0.0,0.0,0.0,0.0,0.0,0.0,0.0,0.0
1,0,1.0,0.0,0.0,0.0,0.0,0.0,0.0,0.0,0.0,0.0,0.0,0.0,0.0
1,0,1.0,0.0,0.0,0.0,0.0,0.0,0.0,0.0,0.0,0.0,0.0,0.0,0.0
1,0,1.0,0.0,0.0,0.0,0.0,0.0,0.0,0.0,0.0,0.0,0.0,0.0,0.0
1,0,1.0,0.0,0.0,0.0,0.0,0.0,0.0,0.0,0.0,0.0,0.0,0.0,0.0
1,0,1.0,0.0,0.0,0.0,0.0,0.0,0.0,0.0,0.0,0.0,0.0,0.0,0.0
1,0,1.0,0.0,0.0,0.0,0.0,0.0,0.0,0.0,0.0,0.0,0.0,0.0,0.0
1,0,1.0,0.0,0.0,0.0,0.0,0.0,0.0,0.0,0.0,0.0,0.0,0.0,0.0
1,0,1.0,0.0,0.0,0.0,0.0,0.0,0.0,0.0,0.0,0.0,0.0,0.0,0.0
1,0,1.0,0.0,0.0,0.0,0.0,0.0,0.0,0.0,0.0,0.0,0.0,0.0,0.0
1,0,1.0,0.0,0.0,0.0,0.0,0.0,0.0,0.0,0.0,0.0,0.0,0.0,0.0
1,0,1.0,0.0,0.0,0.0,0.0,0.0,0.0,0.0,0.0,0.0,0.0,0.0,0.0
1,0,1.0,0.0,0.0,0.0,0.0,0.0,0.0,0.0,0.0,0.0,0.0,0.0,0.0
1,0,1.0,0.0,0.0,0.0,0.0,0.0,0.0,0.0,0.0,0.0,0.0,0.0,0.0
1,0,1.0,0.0,0.0,0.0,0.0,0.0,0.0,0.0,0.0,0.0,0.0,0.0,0.0
1,0,1.0,0.0,0.0,0.0,0.0,0.0,0.0,0.0,0.0,0.0,0.0,0.0,0.0
1,0,1.0,0.0,0.0,0.0,0.0,0.0,0.0,0.0,0.0,0.0,0.0,0.0,0.0
1,0,1.0,0.0,0.0,0.0,0.0,0.0,0.0,0.0,0.0,0.0,0.0,0.0,0.0
1,0,1.0,0.0,0.0,0.0,0.0,0.0,0.0,0.0,0.0,0.0,0.0,0.0,0.0
1,0,1.0,0.0,0.0,0.0,0.0,0.0,0.0,0.0,0.0,0.0,0.0,0.0,0.0
1,0,1.0,0.0,0.0,0.0,0.0,0.0,0.0,0.0,0.0,0.0,0.0,0.0,0.0
1,0,1.0,0.0,0.0,0.0,0.0,0.0,0.0,0.0,0.0,0.0,0.0,0.0,0.0
1,0,1.0,0.0,0.0,0.0,0.0,0.0,0.0,0.0,0.0,0.0,0.0,0.0,0.0
1,0,1.0,0.0,0.0,0.0,0.0,0.0,0.0,0.0,0.0,0.0,0.0,0.0,0.0
1,0,1.0,0.0,0.0,0.0,0.0,0.0,0.0,0.0,0.0,0.0,0.0,0.0,0.0
1,0,1.0,0.0,0.0,0.0,0.0,0.0,0.0,0.0,0.0,0.0,0.0,0.0,0.0
1,0,1.0,0.0,0.0,0.0,0.0,0.0,0.0,0.0,0.0,0.0,0.0,0.0,0.0
1,0,1.0,0.0,0.0,0.0,0.0,0.0,0.0,0.0,0.0,0.0,0.0,0.0,0.0
1,0,1.0,0.0,0.0,0.0,0.0,0.0,0.0,0.0,0.0,0.0,0.0,0.0,0.0
1,0,1.0,0.0,0.0,0.0,0.0,0.0,0.0,0.0,0.0,0.0,0.0,0.0,0.0
1,0,1.0,0.0,0.0,0.0,0.0,0.0,0.0,0.0,0.0,0.0,0.0,0.0,0.0
1,0,1.0,0.0,0.0,0.0,0.0,0.0,0.0,0.0,0.0,0.0,0.0,0.0,0.0
1,0,1.0,0.0,0.0,0.0,0.0,0.0,0.0,0.0,0.0,0.0,0.0,0.0,0.0
1,0,1.0,0.0,0.0,0.0,0.0,0.0,0.0,0.0,0.0,0.0,0.0,0.0,0.0
1,0,1.0,0.0,0.0,0.0,0.0,0.0,0.0,0.0,0.0,0.0,0.0,0.0,0.0
1,0,1.0,0.0,0.0,0.0,0.0,0.0,0.0,0.0,0.0,0.0,0.0,0.0,0.0
1,0,1.0,0.0,0.0,0.0,0.0,0.0,0.0,0.0,0.0,0.0,0.0,0.0,0.0
1,0,1.0,0.0,0.0,0.0,0.0,0.0,0.0,0.0,0.0,0.0,0.0,0.0,0.0
1,0,1.0,0.0,0.0,0.0,0.0,0.0,0.0,0.0,0.0,0.0,0.0,0.0,0.0
1,0,1.0,0.0,0.0,0.0,0.0,0.0,0.0,0.0,0.0,0.0,0.0,0.0,0.0
1,0,1.0,0.0,0.0,0.0,0.0,0.0,0.0,0.0,0.0,0.0,0.0,0.0,0.0
1,0,1.0,0.0,0.0,0.0,0.0,0.0,0.0,0.0,0.0,0.0,0.0,0.0,0.0
1,0,1.0,0.0,0.0,0.0,0.0,0.0,0.0,0.0,0.0,0.0,0.0,0.0,0.0
1,0,1.0,0.0,0.0,0.0,0.0,0.0,0.0,0.0,0.0,0.0,0.0,0.0,0.0
1,0,1.0,0.0,0.0,0.0,0.0,0.0,0.0,0.0,0.0,0.0,0.0,0.0,0.0
1,0,1.0,0.0,0.0,0.0,0.0,0.0,0.0,0.0,0.0,0.0,0.0,0.0,0.0
1,0,1.0,0.0,0.0,0.0,0.0,0.0,0.0,0.0,0.0,0.0,0.0,0.0,0.0
1,0,1.0,0.0,0.0,0.0,0.0,0.0,0.0,0.0,0.0,0.0,0.0,0.0,0.0
1,0,1.0,0.0,0.0,0.0,0.0,0.0,0.0,0.0,0.0,0.0,0.0,0.0,0.0
1,0,1.0,0.0,0.0,0.0,0.0,0.0,0.0,0.0,0.0,0.0,0.0,0.0,0.0
1,0,1.0,0.0,0.0,0.0,0.0,0.0,0.0,0.0,0.0,0.0,0.0,0.0,0.0
1,0,1.0,0.0,0.0,0.0,0.0,0.0,0.0,0.0,0.0,0.0,0.0,0.0,0.0
1,0,1.0,0.0,0.0,0.0,0.0,0.0,0.0,0.0,0.0,0.0,0.0,0.0,0.0
1,0,1.0,0.0,0.0,0.0,0.0,0.0,0.0,0.0,0.0,0.0,0.0,0.0,0.0
1,0,1.0,0.0,0.0,0.0,0.0,0.0,0.0,0.0,0.0,0.0,0.0,0.0,0.0
1,0,1.0,0.0,0.0,0.0,0.0,0.0,0.0,0.0,0.0,0.0,0.0,0.0,0.0
1,0,1.0,0.0,0.0,0.0,0.0,0.0,0.0,0.0,0.0,0.0,0.0,0.0,0.0
1,0,1.0,0.0,0.0,0.0,0.0,0.0,0.0,0.0,0.0,0.0,0.0,0.0,0.0
1,0,1.0,0.0,0.0,0.0,0.0,0.0,0.0,0.0,0.0,0.0,0.0,0.0,0.0
1,0,1.0,0.0,0.0,0.0,0.0,0.0,0.0,0.0,0.0,0.0,0.0,0.0,0.0
1,0,1.0,0.0,0.0,0.0,0.0,0.0,0.0,0.0,0.0,0.0,0.0,0.0,0.0
1,0,1.0,0.0,0.0,0.0,0.0,0.0,0.0,0.0,0.0,0.0,0.0,0.0,0.0
1,0,1.0,0.0,0.0,0.0,0.0,0.0,0.0,0.0,0.0,0.0,0.0,0.0,0.0
1,0,1.0,0.0,0.0,0.0,0.0,0.0,0.0,0.0,0.0,0.0,0.0,0.0,0.0
1,0,1.0,0.0,0.0,0.0,0.0,0.0,0.0,0.0,0.0,0.0,0.0,0.0,0.0
1,0,1.0,0.0,0.0,0.0,0.0,0.0,0.0,0.0,0.0,0.0,0.0,0.0,0.0
1,0,1.0,0.0,0.0,0.0,0.0,0.0,0.0,0.0,0.0,0.0,0.0,0.0,0.0
1,0,1.0,0.0,0.0,0.0,0.0,0.0,0.0,0.0,0.0,0.0,0.0,0.0,0.0
1,0,1.0,0.0,0.0,0.0,0.0,0.0,0.0,0.0,0.0,0.0,0.0,0.0,0.0
1,0,1.0,0.0,0.0,0.0,0.0,0.0,0.0,0.0,0.0,0.0,0.0,0.0,0.0
1,0,1.0,0.0,0.0,0.0,0.0,0.0,0.0,0.0,0.0,0.0,0.0,0.0,0.0
1,0,1.0,0.0,0.0,0.0,0.0,0.0,0.0,0.0,0.0,0.0,0.0,0.0,0.0
1,0,1.0,0.0,0.0,0.0,0.0,0.0,0.0,0.0,0.0,0.0,0.0,0.0,0.0
1,0,1.0,0.0,0.0,0.0,0.0,0.0,0.0,0.0,0.0,0.0,0.0,0.0,0.0
1,0,1.0,0.0,0.0,0.0,0.0,0.0,0.0,0.0,0.0,0.0,0.0,0.0,0.0
1,0,1.0,0.0,0.0,0.0,0.0,0.0,0.0,0.0,0.0,0.0,0.0,0.0,0.0
1,0,1.0,0.0,0.0,0.0,0.0,0.0,0.0,0.0,0.0,0.0,0.0,0.0,0.0
1,0,1.0,0.0,0.0,0.0,0.0,0.0,0.0,0.0,0.0,0.0,0.0,0.0,0.0
1,0,1.0,0.0,0.0,0.0,0.0,0.0,0.0,0.0,0.0,0.0,0.0,0.0,0.0
1,0,1.0,0.0,0.0,0.0,0.0,0.0,0.0,0.0,0.0,0.0,0.0,0.0,0.0
1,0,1.0,0.0,0.0,0.0,0.0,0.0,0.0,0.0,0.0,0.0,0.0,0.0,0.0
1,0,1.0,0.0,0.0,0.0,0.0,0.0,0.0,0.0,0.0,0.0,0.0,0.0,0.0
1,0,1.0,0.0,0.0,0.0,0.0,0.0,0.0,0.0,0.0,0.0,0.0,0.0,0.0
1,0,1.0,0.0,0.0,0.0,0.0,0.0,0.0,0.0,0.0,0.0,0.0,0.0,0.0
1,0,1.0,0.0,0.0,0.0,0.0,0.0,0.0,0.0,0.0,0.0,0.0,0.0,0.0
1,0,1.0,0.0,0.0,0.0,0.0,0.0,0.0,0.0,0.0,0.0,0.0,0.0,0.0
1,0,1.0,0.0,0.0,0.0,0.0,0.0,0.0,0.0,0.0,0.0,0.0,0.0,0.0
1,0,1.0,0.0,0.0,0.0,0.0,0.0,0.0,0.0,0.0,0.0,0.0,0.0,0.0
1,0,1.0,0.0,0.0,0.0,0.0,0.0,0.0,0.0,0.0,0.0,0.0,0.0,0.0
1,0,1.0,0.0,0.0,0.0,0.0,0.0,0.0,0.0,0.0,0.0,0.0,0.0,0.0
1,0,1.0,0.0,0.0,0.0,0.0,0.0,0.0,0.0,0.0,0.0,0.0,0.0,0.0
1,0,1.0,0.0,0.0,0.0,0.0,0.0,0.0,0.0,0.0,0.0,0.0,0.0,0.0
1,0,1.0,0.0,0.0,0.0,0.0,0.0,0.0,0.0,0.0,0.0,0.0,0.0,0.0
1,0,1.0,0.0,0.0,0.0,0.0,0.0,0.0,0.0,0.0,0.0,0.0,0.0,0.0
1,0,1.0,0.0,0.0,0.0,0.0,0.0,0.0,0.0,0.0,0.0,0.0,0.0,0.0
1,0,1.0,0.0,0.0,0.0,0.0,0.0,0.0,0.0,0.0,0.0,0.0,0.0,0.0
1,0,1.0,0.0,0.0,0.0,0.0,0.0,0.0,0.0,0.0,0.0,0.0,0.0,0.0
1,0,1.0,0.0,0.0,0.0,0.0,0.0,0.0,0.0,0.0,0.0,0.0,0.0,0.0
1,0,1.0,0.0,0.0,0.0,0.0,0.0,0.0,0.0,0.0,0.0,0.0,0.0,0.0
1,0,1.0,0.0,0.0,0.0,0.0,0.0,0.0,0.0,0.0,0.0,0.0,0.0,0.0
1,0,1.0,0.0,0.0,0.0,0.0,0.0,0.0,0.0,0.0,0.0,0.0,0.0,0.0
1,0,1.0,0.0,0.0,0.0,0.0,0.0,0.0,0.0,0.0,0.0,0.0,0.0,0.0
1,0,1.0,0.0,0.0,0.0,0.0,0.0,0.0,0.0,0.0,0.0,0.0,0.0,0.0
1,0,1.0,0.0,0.0,0.0,0.0,0.0,0.0,0.0,0.0,0.0,0.0,0.0,0.0
1,0,1.0,0.0,0.0,0.0,0.0,0.0,0.0,0.0,0.0,0.0,0.0,0.0,0.0
1,0,1.0,0.0,0.0,0.0,0.0,0.0,0.0,0.0,0.0,0.0,0.0,0.0,0.0
1,0,1.0,0.0,0.0,0.0,0.0,0.0,0.0,0.0,0.0,0.0,0.0,0.0,0.0
1,0,1.0,0.0,0.0,0.0,0.0,0.0,0.0,0.0,0.0,0.0,0.0,0.0,0.0
1,0,1.0,0.0,0.0,0.0,0.0,0.0,0.0,0.0,0.0,0.0,0.0,0.0,0.0
1,0,1.0,0.0,0.0,0.0,0.0,0.0,0.0,0.0,0.0,0.0,0.0,0.0,0.0
1,0,1.0,0.0,0.0,0.0,0.0,0.0,0.0,0.0,0.0,0.0,0.0,0.0,0.0
1,0,1.0,0.0,0.0,0.0,0.0,0.0,0.0,0.0,0.0,0.0,0.0,0.0,0.0
1,0,1.0,0.0,0.0,0.0,0.0,0.0,0.0,0.0,0.0,0.0,0.0,0.0,0.0
1,0,1.0,0.0,0.0,0.0,0.0,0.0,0.0,0.0,0.0,0.0,0.0,0.0,0.0
1,0,1.0,0.0,0.0,0.0,0.0,0.0,0.0,0.0,0.0,0.0,0.0,0.0,0.0
1,0,1.0,0.0,0.0,0.0,0.0,0.0,0.0,0.0,0.0,0.0,0.0,0.0,0.0
1,0,1.0,0.0,0.0,0.0,0.0,0.0,0.0,0.0,0.0,0.0,0.0,0.0,0.0
1,0,1.0,0.0,0.0,0.0,0.0,0.0,0.0,0.0,0.0,0.0,0.0,0.0,0.0
1,0,1.0,0.0,0.0,0.0,0.0,0.0,0.0,0.0,0.0,0.0,0.0,0.0,0.0
1,0,1.0,0.0,0.0,0.0,0.0,0.0,0.0,0.0,0.0,0.0,0.0,0.0,0.0
1,0,1.0,0.0,0.0,0.0,0.0,0.0,0.0,0.0,0.0,0.0,0.0,0.0,0.0
1,0,1.0,0.0,0.0,0.0,0.0,0.0,0.0,0.0,0.0,0.0,0.0,0.0,0.0
1,0,1.0,0.0,0.0,0.0,0.0,0.0,0.0,0.0,0.0,0.0,0.0,0.0,0.0
1,0,1.0,0.0,0.0,0.0,0.0,0.0,0.0,0.0,0.0,0.0,0.0,0.0,0.0
1,0,1.0,0.0,0.0,0.0,0.0,0.0,0.0,0.0,0.0,0.0,0.0,0.0,0.0
1,0,1.0,0.0,0.0,0.0,0.0,0.0,0.0,0.0,0.0,0.0,0.0,0.0,0.0
1,0,1.0,0.0,0.0,0.0,0.0,0.0,0.0,0.0,0.0,0.0,0.0,0.0,0.0
1,0,1.0,0.0,0.0,0.0,0.0,0.0,0.0,0.0,0.0,0.0,0.0,0.0,0.0
1,0,1.0,0.0,0.0,0.0,0.0,0.0,0.0,0.0,0.0,0.0,0.0,0.0,0.0
1,0,1.0,0.0,0.0,0.0,0.0,0.0,0.0,0.0,0.0,0.0,0.0,0.0,0.0
1,0,1.0,0.0,0.0,0.0,0.0,0.0,0.0,0.0,0.0,0.0,0.0,0.0,0.0
1,0,1.0,0.0,0.0,0.0,0.0,0.0,0.0,0.0,0.0,0.0,0.0,0.0,0.0
1,0,0.93708026,0.0,0.0,0.06291972,0.0,0.0,0.0,0.0,0.0,0.0,0.0,0.0,0.0
1,0,0.93708026,0.0,0.0,0.06291972,0.0,0.0,0.0,0.0,0.0,0.0,0.0,0.0,0.0
1,0,0.93708026,0.0,0.0,0.06291972,0.0,0.0,0.0,0.0,0.0,0.0,0.0,0.0,0.0
1,0,0.93708026,0.0,0.0,0.06291972,0.0,0.0,0.0,0.0,0.0,0.0,0.0,0.0,0.0
1,0,0.93708026,0.0,0.0,0.06291972,0.0,0.0,0.0,0.0,0.0,0.0,0.0,0.0,0.0
1,0,0.93708026,0.0,0.0,0.06291972,0.0,0.0,0.0,0.0,0.0,0.0,0.0,0.0,0.0
1,0,0.93708026,0.0,0.0,0.06291972,0.0,0.0,0.0,0.0,0.0,0.0,0.0,0.0,0.0
1,0,0.93708026,0.0,0.0,0.06291972,0.0,0.0,0.0,0.0,0.0,0.0,0.0,0.0,0.0
1,0,0.93708026,0.0,0.0,0.06291972,0.0,0.0,0.0,0.0,0.0,0.0,0.0,0.0,0.0
1,0,0.93708026,0.0,0.0,0.06291972,0.0,0.0,0.0,0.0,0.0,0.0,0.0,0.0,0.0
1,0,0.93708026,0.0,0.0,0.06291972,0.0,0.0,0.0,0.0,0.0,0.0,0.0,0.0,0.0
1,0,0.93708026,0.0,0.0,0.06291972,0.0,0.0,0.0,0.0,0.0,0.0,0.0,0.0,0.0
1,0,0.93708026,0.0,0.0,0.06291972,0.0,0.0,0.0,0.0,0.0,0.0,0.0,0.0,0.0
1,0,0.93708026,0.0,0.0,0.06291972,0.0,0.0,0.0,0.0,0.0,0.0,0.0,0.0,0.0
1,0,0.93708026,0.0,0.0,0.06291972,0.0,0.0,0.0,0.0,0.0,0.0,0.0,0.0,0.0
1,0,0.93708026,0.0,0.0,0.06291972,0.0,0.0,0.0,0.0,0.0,0.0,0.0,0.0,0.0
1,0,0.93708026,0.0,0.0,0.06291972,0.0,0.0,0.0,0.0,0.0,0.0,0.0,0.0,0.0
1,0,0.93708026,0.0,0.0,0.06291972,0.0,0.0,0.0,0.0,0.0,0.0,0.0,0.0,0.0
1,0,0.93708026,0.0,0.0,0.06291972,0.0,0.0,0.0,0.0,0.0,0.0,0.0,0.0,0.0
1,0,0.93708026,0.0,0.0,0.06291972,0.0,0.0,0.0,0.0,0.0,0.0,0.0,0.0,0.0
1,0,0.93708026,0.0,0.0,0.06291972,0.0,0.0,0.0,0.0,0.0,0.0,0.0,0.0,0.0
1,0,0.93708026,0.0,0.0,0.06291972,0.0,0.0,0.0,0.0,0.0,0.0,0.0,0.0,0.0
1,0,0.93708026,0.0,0.0,0.06291972,0.0,0.0,0.0,0.0,0.0,0.0,0.0,0.0,0.0
1,0,0.93708026,0.0,0.0,0.06291972,0.0,0.0,0.0,0.0,0.0,0.0,0.0,0.0,0.0
1,0,0.93708026,0.0,0.0,0.06291972,0.0,0.0,0.0,0.0,0.0,0.0,0.0,0.0,0.0
1,0,0.93708026,0.0,0.0,0.06291972,0.0,0.0,0.0,0.0,0.0,0.0,0.0,0.0,0.0
1,0,0.93708026,0.0,0.0,0.06291972,0.0,0.0,0.0,0.0,0.0,0.0,0.0,0.0,0.0
1,0,0.93708026,0.0,0.0,0.06291972,0.0,0.0,0.0,0.0,0.0,0.0,0.0,0.0,0.0
1,0,0.93708026,0.0,0.0,0.06291972,0.0,0.0,0.0,0.0,0.0,0.0,0.0,0.0,0.0
1,0,0.93708026,0.0,0.0,0.06291972,0.0,0.0,0.0,0.0,0.0,0.0,0.0,0.0,0.0
1,0,0.93708026,0.0,0.0,0.06291972,0.0,0.0,0.0,0.0,0.0,0.0,0.0,0.0,0.0
1,0,0.93708026,0.0,0.0,0.06291972,0.0,0.0,0.0,0.0,0.0,0.0,0.0,0.0,0.0
1,0,0.93708026,0.0,0.0,0.06291972,0.0,0.0,0.0,0.0,0.0,0.0,0.0,0.0,0.0
1,0,0.93708026,0.0,0.0,0.06291972,0.0,0.0,0.0,0.0,0.0,0.0,0.0,0.0,0.0
1,0,0.93708026,0.0,0.0,0.06291972,0.0,0.0,0.0,0.0,0.0,0.0,0.0,0.0,0.0
1,0,0.93708026,0.0,0.0,0.06291972,0.0,0.0,0.0,0.0,0.0,0.0,0.0,0.0,0.0
1,0,0.93708026,0.0,0.0,0.06291972,0.0,0.0,0.0,0.0,0.0,0.0,0.0,0.0,0.0
1,0,0.93708026,0.0,0.0,0.06291972,0.0,0.0,0.0,0.0,0.0,0.0,0.0,0.0,0.0
1,0,0.93708026,0.0,0.0,0.06291972,0.0,0.0,0.0,0.0,0.0,0.0,0.0,0.0,0.0
1,0,0.93708026,0.0,0.0,0.06291972,0.0,0.0,0.0,0.0,0.0,0.0,0.0,0.0,0.0
1,0,0.93708026,0.0,0.0,0.06291972,0.0,0.0,0.0,0.0,0.0,0.0,0.0,0.0,0.0
1,0,0.93708026,0.0,0.0,0.06291972,0.0,0.0,0.0,0.0,0.0,0.0,0.0,0.0,0.0
1,0,0.93708026,0.0,0.0,0.06291972,0.0,0.0,0.0,0.0,0.0,0.0,0.0,0.0,0.0
1,0,0.93708026,0.0,0.0,0.06291972,0.0,0.0,0.0,0.0,0.0,0.0,0.0,0.0,0.0
1,0,0.93708026,0.0,0.0,0.06291972,0.0,0.0,0.0,0.0,0.0,0.0,0.0,0.0,0.0
1,0,0.93708026,0.0,0.0,0.06291972,0.0,0.0,0.0,0.0,0.0,0.0,0.0,0.0,0.0
1,0,0.93708026,0.0,0.0,0.06291972,0.0,0.0,0.0,0.0,0.0,0.0,0.0,0.0,0.0
1,0,0.93708026,0.0,0.0,0.06291972,0.0,0.0,0.0,0.0,0.0,0.0,0.0,0.0,0.0
1,0,0.93708026,0.0,0.0,0.06291972,0.0,0.0,0.0,0.0,0.0,0.0,0.0,0.0,0.0
1,0,0.93708026,0.0,0.0,0.06291972,0.0,0.0,0.0,0.0,0.0,0.0,0.0,0.0,0.0
1,0,0.93708026,0.0,0.0,0.06291972,0.0,0.0,0.0,0.0,0.0,0.0,0.0,0.0,0.0
1,0,0.93708026,0.0,0.0,0.06291972,0.0,0.0,0.0,0.0,0.0,0.0,0.0,0.0,0.0
1,0,0.93708026,0.0,0.0,0.06291972,0.0,0.0,0.0,0.0,0.0,0.0,0.0,0.0,0.0
1,0,0.93708026,0.0,0.0,0.06291972,0.0,0.0,0.0,0.0,0.0,0.0,0.0,0.0,0.0
1,0,0.93708026,0.0,0.0,0.06291972,0.0,0.0,0.0,0.0,0.0,0.0,0.0,0.0,0.0
1,0,0.93708026,0.0,0.0,0.06291972,0.0,0.0,0.0,0.0,0.0,0.0,0.0,0.0,0.0
1,0,0.93708026,0.0,0.0,0.06291972,0.0,0.0,0.0,0.0,0.0,0.0,0.0,0.0,0.0
1,0,0.93708026,0.0,0.0,0.06291972,0.0,0.0,0.0,0.0,0.0,0.0,0.0,0.0,0.0
1,0,0.93708026,0.0,0.0,0.06291972,0.0,0.0,0.0,0.0,0.0,0.0,0.0,0.0,0.0
1,0,0.93708026,0.0,0.0,0.06291972,0.0,0.0,0.0,0.0,0.0,0.0,0.0,0.0,0.0
1,0,0.93708026,0.0,0.0,0.06291972,0.0,0.0,0.0,0.0,0.0,0.0,0.0,0.0,0.0
1,0,0.93708026,0.0,0.0,0.06291972,0.0,0.0,0.0,0.0,0.0,0.0,0.0,0.0,0.0
1,0,0.93708026,0.0,0.0,0.06291972,0.0,0.0,0.0,0.0,0.0,0.0,0.0,0.0,0.0
1,0,0.93708026,0.0,0.0,0.06291972,0.0,0.0,0.0,0.0,0.0,0.0,0.0,0.0,0.0
1,0,0.93708026,0.0,0.0,0.06291972,0.0,0.0,0.0,0.0,0.0,0.0,0.0,0.0,0.0
1,0,0.93708026,0.0,0.0,0.06291972,0.0,0.0,0.0,0.0,0.0,0.0,0.0,0.0,0.0
1,0,0.93708026,0.0,0.0,0.06291972,0.0,0.0,0.0,0.0,0.0,0.0,0.0,0.0,0.0
1,0,0.93708026,0.0,0.0,0.06291972,0.0,0.0,0.0,0.0,0.0,0.0,0.0,0.0,0.0
1,0,0.93708026,0.0,0.0,0.06291972,0.0,0.0,0.0,0.0,0.0,0.0,0.0,0.0,0.0
1,0,0.93708026,0.0,0.0,0.06291972,0.0,0.0,0.0,0.0,0.0,0.0,0.0,0.0,0.0
1,0,0.93708026,0.0,0.0,0.06291972,0.0,0.0,0.0,0.0,0.0,0.0,0.0,0.0,0.0
1,0,0.93708026,0.0,0.0,0.06291972,0.0,0.0,0.0,0.0,0.0,0.0,0.0,0.0,0.0
1,0,0.93708026,0.0,0.0,0.06291972,0.0,0.0,0.0,0.0,0.0,0.0,0.0,0.0,0.0
1,0,0.93708026,0.0,0.0,0.06291972,0.0,0.0,0.0,0.0,0.0,0.0,0.0,0.0,0.0
1,0,0.93708026,0.0,0.0,0.06291972,0.0,0.0,0.0,0.0,0.0,0.0,0.0,0.0,0.0
1,0,0.93708026,0.0,0.0,0.06291972,0.0,0.0,0.0,0.0,0.0,0.0,0.0,0.0,0.0
1,0,0.93708026,0.0,0.0,0.06291972,0.0,0.0,0.0,0.0,0.0,0.0,0.0,0.0,0.0
1,0,0.93708026,0.0,0.0,0.06291972,0.0,0.0,0.0,0.0,0.0,0.0,0.0,0.0,0.0
1,0,0.93708026,0.0,0.0,0.06291972,0.0,0.0,0.0,0.0,0.0,0.0,0.0,0.0,0.0
1,0,0.93708026,0.0,0.0,0.06291972,0.0,0.0,0.0,0.0,0.0,0.0,0.0,0.0,0.0
1,0,0.93708026,0.0,0.0,0.06291972,0.0,0.0,0.0,0.0,0.0,0.0,0.0,0.0,0.0
1,0,0.93708026,0.0,0.0,0.06291972,0.0,0.0,0.0,0.0,0.0,0.0,0.0,0.0,0.0
1,0,0.93708026,0.0,0.0,0.06291972,0.0,0.0,0.0,0.0,0.0,0.0,0.0,0.0,0.0
1,0,0.93708026,0.0,0.0,0.06291972,0.0,0.0,0.0,0.0,0.0,0.0,0.0,0.0,0.0
1,0,0.93708026,0.0,0.0,0.06291972,0.0,0.0,0.0,0.0,0.0,0.0,0.0,0.0,0.0
1,0,0.93708026,0.0,0.0,0.06291972,0.0,0.0,0.0,0.0,0.0,0.0,0.0,0.0,0.0
1,0,0.93708026,0.0,0.0,0.06291972,0.0,0.0,0.0,0.0,0.0,0.0,0.0,0.0,0.0
1,0,0.93708026,0.0,0.0,0.06291972,0.0,0.0,0.0,0.0,0.0,0.0,0.0,0.0,0.0
1,0,0.93708026,0.0,0.0,0.06291972,0.0,0.0,0.0,0.0,0.0,0.0,0.0,0.0,0.0
1,0,0.93708026,0.0,0.0,0.06291972,0.0,0.0,0.0,0.0,0.0,0.0,0.0,0.0,0.0
1,0,0.93708026,0.0,0.0,0.06291972,0.0,0.0,0.0,0.0,0.0,0.0,0.0,0.0,0.0
1,0,0.93708026,0.0,0.0,0.06291972,0.0,0.0,0.0,0.0,0.0,0.0,0.0,0.0,0.0
1,0,0.93708026,0.0,0.0,0.06291972,0.0,0.0,0.0,0.0,0.0,0.0,0.0,0.0,0.0
1,0,0.93708026,0.0,0.0,0.06291972,0.0,0.0,0.0,0.0,0.0,0.0,0.0,0.0,0.0
1,0,0.93708026,0.0,0.0,0.06291972,0.0,0.0,0.0,0.0,0.0,0.0,0.0,0.0,0.0
1,0,0.93708026,0.0,0.0,0.06291972,0.0,0.0,0.0,0.0,0.0,0.0,0.0,0.0,0.0
1,0,0.93708026,0.0,0.0,0.06291972,0.0,0.0,0.0,0.0,0.0,0.0,0.0,0.0,0.0
1,0,0.93708026,0.0,0.0,0.06291972,0.0,0.0,0.0,0.0,0.0,0.0,0.0,0.0,0.0
1,0,0.93708026,0.0,0.0,0.06291972,0.0,0.0,0.0,0.0,0.0,0.0,0.0,0.0,0.0
1,0,0.93708026,0.0,0.0,0.06291972,0.0,0.0,0.0,0.0,0.0,0.0,0.0,0.0,0.0
1,0,0.93708026,0.0,0.0,0.06291972,0.0,0.0,0.0,0.0,0.0,0.0,0.0,0.0,0.0
1,0,0.93708026,0.0,0.0,0.06291972,0.0,0.0,0.0,0.0,0.0,0.0,0.0,0.0,0.0
1,0,0.93708026,0.0,0.0,0.06291972,0.0,0.0,0.0,0.0,0.0,0.0,0.0,0.0,0.0
1,0,0.93708026,0.0,0.0,0.06291972,0.0,0.0,0.0,0.0,0.0,0.0,0.0,0.0,0.0
1,0,0.93708026,0.0,0.0,0.06291972,0.0,0.0,0.0,0.0,0.0,0.0,0.0,0.0,0.0
1,0,0.93708026,0.0,0.0,0.06291972,0.0,0.0,0.0,0.0,0.0,0.0,0.0,0.0,0.0
1,0,0.93708026,0.0,0.0,0.06291972,0.0,0.0,0.0,0.0,0.0,0.0,0.0,0.0,0.0
1,0,0.93708026,0.0,0.0,0.06291972,0.0,0.0,0.0,0.0,0.0,0.0,0.0,0.0,0.0
1,0,0.93708026,0.0,0.0,0.06291972,0.0,0.0,0.0,0.0,0.0,0.0,0.0,0.0,0.0
1,0,0.93708026,0.0,0.0,0.06291972,0.0,0.0,0.0,0.0,0.0,0.0,0.0,0.0,0.0
1,0,0.93708026,0.0,0.0,0.06291972,0.0,0.0,0.0,0.0,0.0,0.0,0.0,0.0,0.0
1,0,0.93708026,0.0,0.0,0.06291972,0.0,0.0,0.0,0.0,0.0,0.0,0.0,0.0,0.0
1,0,0.93708026,0.0,0.0,0.06291972,0.0,0.0,0.0,0.0,0.0,0.0,0.0,0.0,0.0
1,0,0.93708026,0.0,0.0,0.06291972,0.0,0.0,0.0,0.0,0.0,0.0,0.0,0.0,0.0
1,0,0.93708026,0.0,0.0,0.06291972,0.0,0.0,0.0,0.0,0.0,0.0,0.0,0.0,0.0
1,0,0.93708026,0.0,0.0,0.06291972,0.0,0.0,0.0,0.0,0.0,0.0,0.0,0.0,0.0
1,0,0.93708026,0.0,0.0,0.06291972,0.0,0.0,0.0,0.0,0.0,0.0,0.0,0.0,0.0
1,0,0.93708026,0.0,0.0,0.06291972,0.0,0.0,0.0,0.0,0.0,0.0,0.0,0.0,0.0
1,0,0.93708026,0.0,0.0,0.06291972,0.0,0.0,0.0,0.0,0.0,0.0,0.0,0.0,0.0
1,0,0.93708026,0.0,0.0,0.06291972,0.0,0.0,0.0,0.0,0.0,0.0,0.0,0.0,0.0
1,0,0.93708026,0.0,0.0,0.06291972,0.0,0.0,0.0,0.0,0.0,0.0,0.0,0.0,0.0
1,0,0.93708026,0.0,0.0,0.06291972,0.0,0.0,0.0,0.0,0.0,0.0,0.0,0.0,0.0
1,0,0.93708026,0.0,0.0,0.06291972,0.0,0.0,0.0,0.0,0.0,0.0,0.0,0.0,0.0
1,0,0.93708026,0.0,0.0,0.06291972,0.0,0.0,0.0,0.0,0.0,0.0,0.0,0.0,0.0
1,0,0.93708026,0.0,0.0,0.06291972,0.0,0.0,0.0,0.0,0.0,0.0,0.0,0.0,0.0
1,0,0.93708026,0.0,0.0,0.06291972,0.0,0.0,0.0,0.0,0.0,0.0,0.0,0.0,0.0
1,0,0.93708026,0.0,0.0,0.06291972,0.0,0.0,0.0,0.0,0.0,0.0,0.0,0.0,0.0
1,0,0.93708026,0.0,0.0,0.06291972,0.0,0.0,0.0,0.0,0.0,0.0,0.0,0.0,0.0
1,0,0.93708026,0.0,0.0,0.06291972,0.0,0.0,0.0,0.0,0.0,0.0,0.0,0.0,0.0
1,0,0.93708026,0.0,0.0,0.06291972,0.0,0.0,0.0,0.0,0.0,0.0,0.0,0.0,0.0
1,0,0.93708026,0.0,0.0,0.06291972,0.0,0.0,0.0,0.0,0.0,0.0,0.0,0.0,0.0
1,0,0.93708026,0.0,0.0,0.06291972,0.0,0.0,0.0,0.0,0.0,0.0,0.0,0.0,0.0
1,0,0.93708026,0.0,0.0,0.06291972,0.0,0.0,0.0,0.0,0.0,0.0,0.0,0.0,0.0
1,0,0.93708026,0.0,0.0,0.06291972,0.0,0.0,0.0,0.0,0.0,0.0,0.0,0.0,0.0
1,0,0.93708026,0.0,0.0,0.06291972,0.0,0.0,0.0,0.0,0.0,0.0,0.0,0.0,0.0
1,0,0.93708026,0.0,0.0,0.06291972,0.0,0.0,0.0,0.0,0.0,0.0,0.0,0.0,0.0
1,0,0.93708026,0.0,0.0,0.06291972,0.0,0.0,0.0,0.0,0.0,0.0,0.0,0.0,0.0
1,0,0.93708026,0.0,0.0,0.06291972,0.0,0.0,0.0,0.0,0.0,0.0,0.0,0.0,0.0
1,0,0.93708026,0.0,0.0,0.06291972,0.0,0.0,0.0,0.0,0.0,0.0,0.0,0.0,0.0
1,0,0.93708026,0.0,0.0,0.06291972,0.0,0.0,0.0,0.0,0.0,0.0,0.0,0.0,0.0
1,0,0.93708026,0.0,0.0,0.06291972,0.0,0.0,0.0,0.0,0.0,0.0,0.0,0.0,0.0
1,0,0.93708026,0.0,0.0,0.06291972,0.0,0.0,0.0,0.0,0.0,0.0,0.0,0.0,0.0
1,0,0.93708026,0.0,0.0,0.06291972,0.0,0.0,0.0,0.0,0.0,0.0,0.0,0.0,0.0
1,0,0.93708026,0.0,0.0,0.06291972,0.0,0.0,0.0,0.0,0.0,0.0,0.0,0.0,0.0
1,0,0.875192,0.0,0.0,0.06291972,0.06188829,0.0,0.0,0.0,0.0,0.0,0.0,0.0,0.0
1,0,0.875192,0.0,0.0,0.06291972,0.06188829,0.0,0.0,0.0,0.0,0.0,0.0,0.0,0.0
1,0,0.875192,0.0,0.0,0.06291972,0.06188829,0.0,0.0,0.0,0.0,0.0,0.0,0.0,0.0
1,0,0.875192,0.0,0.0,0.06291972,0.06188829,0.0,0.0,0.0,0.0,0.0,0.0,0.0,0.0
1,0,0.875192,0.0,0.0,0.06291972,0.06188829,0.0,0.0,0.0,0.0,0.0,0.0,0.0,0.0
1,0,0.875192,0.0,0.0,0.06291972,0.06188829,0.0,0.0,0.0,0.0,0.0,0.0,0.0,0.0
1,0,0.875192,0.0,0.0,0.06291972,0.06188829,0.0,0.0,0.0,0.0,0.0,0.0,0.0,0.0
1,0,0.875192,0.0,0.0,0.06291972,0.06188829,0.0,0.0,0.0,0.0,0.0,0.0,0.0,0.0
1,0,0.875192,0.0,0.0,0.06291972,0.06188829,0.0,0.0,0.0,0.0,0.0,0.0,0.0,0.0
1,0,0.875192,0.0,0.0,0.06291972,0.06188829,0.0,0.0,0.0,0.0,0.0,0.0,0.0,0.0
1,0,0.875192,0.0,0.0,0.06291972,0.06188829,0.0,0.0,0.0,0.0,0.0,0.0,0.0,0.0
1,0,0.875192,0.0,0.0,0.06291972,0.06188829,0.0,0.0,0.0,0.0,0.0,0.0,0.0,0.0
1,0,0.875192,0.0,0.0,0.06291972,0.06188829,0.0,0.0,0.0,0.0,0.0,0.0,0.0,0.0
1,0,0.875192,0.0,0.0,0.06291972,0.06188829,0.0,0.0,0.0,0.0,0.0,0.0,0.0,0.0
1,0,0.875192,0.0,0.0,0.06291972,0.06188829,0.0,0.0,0.0,0.0,0.0,0.0,0.0,0.0
1,0,0.875192,0.0,0.0,0.06291972,0.06188829,0.0,0.0,0.0,0.0,0.0,0.0,0.0,0.0
1,0,0.875192,0.0,0.0,0.06291972,0.06188829,0.0,0.0,0.0,0.0,0.0,0.0,0.0,0.0
1,0,0.875192,0.0,0.0,0.06291972,0.06188829,0.0,0.0,0.0,0.0,0.0,0.0,0.0,0.0
1,0,0.875192,0.0,0.0,0.06291972,0.06188829,0.0,0.0,0.0,0.0,0.0,0.0,0.0,0.0
1,0,0.875192,0.0,0.0,0.06291972,0.06188829,0.0,0.0,0.0,0.0,0.0,0.0,0.0,0.0
1,0,0.875192,0.0,0.0,0.06291972,0.06188829,0.0,0.0,0.0,0.0,0.0,0.0,0.0,0.0
1,0,0.875192,0.0,0.0,0.06291972,0.06188829,0.0,0.0,0.0,0.0,0.0,0.0,0.0,0.0
1,0,0.875192,0.0,0.0,0.06291972,0.06188829,0.0,0.0,0.0,0.0,0.0,0.0,0.0,0.0
1,0,0.875192,0.0,0.0,0.06291972,0.06188829,0.0,0.0,0.0,0.0,0.0,0.0,0.0,0.0
1,0,0.875192,0.0,0.0,0.06291972,0.06188829,0.0,0.0,0.0,0.0,0.0,0.0,0.0,0.0
1,0,0.875192,0.0,0.0,0.06291972,0.06188829,0.0,0.0,0.0,0.0,0.0,0.0,0.0,0.0
1,0,0.875192,0.0,0.0,0.06291972,0.06188829,0.0,0.0,0.0,0.0,0.0,0.0,0.0,0.0
1,0,0.875192,0.0,0.0,0.06291972,0.06188829,0.0,0.0,0.0,0.0,0.0,0.0,0.0,0.0
1,0,0.875192,0.0,0.0,0.06291972,0.06188829,0.0,0.0,0.0,0.0,0.0,0.0,0.0,0.0
1,0,0.875192,0.0,0.0,0.06291972,0.06188829,0.0,0.0,0.0,0.0,0.0,0.0,0.0,0.0
1,0,0.875192,0.0,0.0,0.06291972,0.06188829,0.0,0.0,0.0,0.0,0.0,0.0,0.0,0.0
1,0,0.875192,0.0,0.0,0.06291972,0.06188829,0.0,0.0,0.0,0.0,0.0,0.0,0.0,0.0
1,0,0.875192,0.0,0.0,0.06291972,0.06188829,0.0,0.0,0.0,0.0,0.0,0.0,0.0,0.0
1,0,0.875192,0.0,0.0,0.06291972,0.06188829,0.0,0.0,0.0,0.0,0.0,0.0,0.0,0.0
1,0,0.875192,0.0,0.0,0.06291972,0.06188829,0.0,0.0,0.0,0.0,0.0,0.0,0.0,0.0
1,0,0.875192,0.0,0.0,0.06291972,0.06188829,0.0,0.0,0.0,0.0,0.0,0.0,0.0,0.0
1,0,0.875192,0.0,0.0,0.06291972,0.06188829,0.0,0.0,0.0,0.0,0.0,0.0,0.0,0.0
1,0,0.875192,0.0,0.0,0.06291972,0.06188829,0.0,0.0,0.0,0.0,0.0,0.0,0.0,0.0
1,0,0.875192,0.0,0.0,0.06291972,0.06188829,0.0,0.0,0.0,0.0,0.0,0.0,0.0,0.0
1,0,0.875192,0.0,0.0,0.06291972,0.06188829,0.0,0.0,0.0,0.0,0.0,0.0,0.0,0.0
1,0,0.875192,0.0,0.0,0.06291972,0.06188829,0.0,0.0,0.0,0.0,0.0,0.0,0.0,0.0
1,0,0.875192,0.0,0.0,0.06291972,0.06188829,0.0,0.0,0.0,0.0,0.0,0.0,0.0,0.0
1,0,0.875192,0.0,0.0,0.06291972,0.06188829,0.0,0.0,0.0,0.0,0.0,0.0,0.0,0.0
1,0,0.875192,0.0,0.0,0.06291972,0.06188829,0.0,0.0,0.0,0.0,0.0,0.0,0.0,0.0
1,0,0.875192,0.0,0.0,0.06291972,0.06188829,0.0,0.0,0.0,0.0,0.0,0.0,0.0,0.0
1,0,0.875192,0.0,0.0,0.06291972,0.06188829,0.0,0.0,0.0,0.0,0.0,0.0,0.0,0.0
1,0,0.875192,0.0,0.0,0.06291972,0.06188829,0.0,0.0,0.0,0.0,0.0,0.0,0.0,0.0
1,0,0.875192,0.0,0.0,0.06291972,0.06188829,0.0,0.0,0.0,0.0,0.0,0.0,0.0,0.0
1,0,0.875192,0.0,0.0,0.06291972,0.06188829,0.0,0.0,0.0,0.0,0.0,0.0,0.0,0.0
1,0,0.875192,0.0,0.0,0.06291972,0.06188829,0.0,0.0,0.0,0.0,0.0,0.0,0.0,0.0
1,0,0.875192,0.0,0.0,0.06291972,0.06188829,0.0,0.0,0.0,0.0,0.0,0.0,0.0,0.0
1,0,0.875192,0.0,0.0,0.06291972,0.06188829,0.0,0.0,0.0,0.0,0.0,0.0,0.0,0.0
1,0,0.875192,0.0,0.0,0.06291972,0.06188829,0.0,0.0,0.0,0.0,0.0,0.0,0.0,0.0
1,0,0.875192,0.0,0.0,0.06291972,0.06188829,0.0,0.0,0.0,0.0,0.0,0.0,0.0,0.0
1,0,0.875192,0.0,0.0,0.06291972,0.06188829,0.0,0.0,0.0,0.0,0.0,0.0,0.0,0.0
1,0,0.875192,0.0,0.0,0.06291972,0.06188829,0.0,0.0,0.0,0.0,0.0,0.0,0.0,0.0
1,0,0.875192,0.0,0.0,0.06291972,0.06188829,0.0,0.0,0.0,0.0,0.0,0.0,0.0,0.0
1,0,0.875192,0.0,0.0,0.06291972,0.06188829,0.0,0.0,0.0,0.0,0.0,0.0,0.0,0.0
1,0,0.875192,0.0,0.0,0.06291972,0.06188829,0.0,0.0,0.0,0.0,0.0,0.0,0.0,0.0
1,0,0.875192,0.0,0.0,0.06291972,0.06188829,0.0,0.0,0.0,0.0,0.0,0.0,0.0,0.0
1,0,0.875192,0.0,0.0,0.06291972,0.06188829,0.0,0.0,0.0,0.0,0.0,0.0,0.0,0.0
1,0,0.875192,0.0,0.0,0.06291972,0.06188829,0.0,0.0,0.0,0.0,0.0,0.0,0.0,0.0
1,0,0.875192,0.0,0.0,0.06291972,0.06188829,0.0,0.0,0.0,0.0,0.0,0.0,0.0,0.0
1,0,0.875192,0.0,0.0,0.06291972,0.06188829,0.0,0.0,0.0,0.0,0.0,0.0,0.0,0.0
1,0,0.875192,0.0,0.0,0.06291972,0.06188829,0.0,0.0,0.0,0.0,0.0,0.0,0.0,0.0
1,0,0.875192,0.0,0.0,0.06291972,0.06188829,0.0,0.0,0.0,0.0,0.0,0.0,0.0,0.0
1,0,0.875192,0.0,0.0,0.06291972,0.06188829,0.0,0.0,0.0,0.0,0.0,0.0,0.0,0.0
1,0,0.875192,0.0,0.0,0.06291972,0.06188829,0.0,0.0,0.0,0.0,0.0,0.0,0.0,0.0
1,0,0.875192,0.0,0.0,0.06291972,0.06188829,0.0,0.0,0.0,0.0,0.0,0.0,0.0,0.0
1,0,0.875192,0.0,0.0,0.06291972,0.06188829,0.0,0.0,0.0,0.0,0.0,0.0,0.0,0.0
1,0,0.875192,0.0,0.0,0.06291972,0.06188829,0.0,0.0,0.0,0.0,0.0,0.0,0.0,0.0
1,0,0.875192,0.0,0.0,0.06291972,0.06188829,0.0,0.0,0.0,0.0,0.0,0.0,0.0,0.0
1,0,0.875192,0.0,0.0,0.06291972,0.06188829,0.0,0.0,0.0,0.0,0.0,0.0,0.0,0.0
1,0,0.875192,0.0,0.0,0.06291972,0.06188829,0.0,0.0,0.0,0.0,0.0,0.0,0.0,0.0
1,0,0.875192,0.0,0.0,0.06291972,0.06188829,0.0,0.0,0.0,0.0,0.0,0.0,0.0,0.0
1,0,0.875192,0.0,0.0,0.06291972,0.06188829,0.0,0.0,0.0,0.0,0.0,0.0,0.0,0.0
1,0,0.875192,0.0,0.0,0.06291972,0.06188829,0.0,0.0,0.0,0.0,0.0,0.0,0.0,0.0
1,0,0.875192,0.0,0.0,0.06291972,0.06188829,0.0,0.0,0.0,0.0,0.0,0.0,0.0,0.0
1,0,0.875192,0.0,0.0,0.06291972,0.06188829,0.0,0.0,0.0,0.0,0.0,0.0,0.0,0.0
1,0,0.875192,0.0,0.0,0.06291972,0.06188829,0.0,0.0,0.0,0.0,0.0,0.0,0.0,0.0
1,0,0.875192,0.0,0.0,0.06291972,0.06188829,0.0,0.0,0.0,0.0,0.0,0.0,0.0,0.0
1,0,0.875192,0.0,0.0,0.06291972,0.06188829,0.0,0.0,0.0,0.0,0.0,0.0,0.0,0.0
1,0,0.875192,0.0,0.0,0.06291972,0.06188829,0.0,0.0,0.0,0.0,0.0,0.0,0.0,0.0
1,0,0.875192,0.0,0.0,0.06291972,0.06188829,0.0,0.0,0.0,0.0,0.0,0.0,0.0,0.0
1,0,0.875192,0.0,0.0,0.06291972,0.06188829,0.0,0.0,0.0,0.0,0.0,0.0,0.0,0.0
1,0,0.875192,0.0,0.0,0.06291972,0.06188829,0.0,0.0,0.0,0.0,0.0,0.0,0.0,0.0
1,0,0.875192,0.0,0.0,0.06291972,0.06188829,0.0,0.0,0.0,0.0,0.0,0.0,0.0,0.0
1,0,0.875192,0.0,0.0,0.06291972,0.06188829,0.0,0.0,0.0,0.0,0.0,0.0,0.0,0.0
1,0,0.875192,0.0,0.0,0.06291972,0.06188829,0.0,0.0,0.0,0.0,0.0,0.0,0.0,0.0
1,0,0.875192,0.0,0.0,0.06291972,0.06188829,0.0,0.0,0.0,0.0,0.0,0.0,0.0,0.0
1,0,0.875192,0.0,0.0,0.06291972,0.06188829,0.0,0.0,0.0,0.0,0.0,0.0,0.0,0.0
1,0,0.875192,0.0,0.0,0.06291972,0.06188829,0.0,0.0,0.0,0.0,0.0,0.0,0.0,0.0
1,0,0.875192,0.0,0.0,0.06291972,0.06188829,0.0,0.0,0.0,0.0,0.0,0.0,0.0,0.0
1,0,0.875192,0.0,0.0,0.06291972,0.06188829,0.0,0.0,0.0,0.0,0.0,0.0,0.0,0.0
1,0,0.875192,0.0,0.0,0.06291972,0.06188829,0.0,0.0,0.0,0.0,0.0,0.0,0.0,0.0
1,0,0.875192,0.0,0.0,0.06291972,0.06188829,0.0,0.0,0.0,0.0,0.0,0.0,0.0,0.0
1,0,0.875192,0.0,0.0,0.06291972,0.06188829,0.0,0.0,0.0,0.0,0.0,0.0,0.0,0.0
1,0,0.875192,0.0,0.0,0.06291972,0.06188829,0.0,0.0,0.0,0.0,0.0,0.0,0.0,0.0
1,0,0.875192,0.0,0.0,0.06291972,0.06188829,0.0,0.0,0.0,0.0,0.0,0.0,0.0,0.0
1,0,0.875192,0.0,0.0,0.06291972,0.06188829,0.0,0.0,0.0,0.0,0.0,0.0,0.0,0.0
1,0,0.875192,0.0,0.0,0.06291972,0.06188829,0.0,0.0,0.0,0.0,0.0,0.0,0.0,0.0
1,0,0.875192,0.0,0.0,0.06291972,0.06188829,0.0,0.0,0.0,0.0,0.0,0.0,0.0,0.0
1,0,0.875192,0.0,0.0,0.06291972,0.06188829,0.0,0.0,0.0,0.0,0.0,0.0,0.0,0.0
1,0,0.875192,0.0,0.0,0.06291972,0.06188829,0.0,0.0,0.0,0.0,0.0,0.0,0.0,0.0
1,0,0.875192,0.0,0.0,0.06291972,0.06188829,0.0,0.0,0.0,0.0,0.0,0.0,0.0,0.0
1,0,0.875192,0.0,0.0,0.06291972,0.06188829,0.0,0.0,0.0,0.0,0.0,0.0,0.0,0.0
1,0,0.875192,0.0,0.0,0.06291972,0.06188829,0.0,0.0,0.0,0.0,0.0,0.0,0.0,0.0
1,0,0.875192,0.0,0.0,0.06291972,0.06188829,0.0,0.0,0.0,0.0,0.0,0.0,0.0,0.0
1,0,0.875192,0.0,0.0,0.06291972,0.06188829,0.0,0.0,0.0,0.0,0.0,0.0,0.0,0.0
1,0,0.875192,0.0,0.0,0.06291972,0.06188829,0.0,0.0,0.0,0.0,0.0,0.0,0.0,0.0
1,0,0.875192,0.0,0.0,0.06291972,0.06188829,0.0,0.0,0.0,0.0,0.0,0.0,0.0,0.0
1,0,0.875192,0.0,0.0,0.06291972,0.06188829,0.0,0.0,0.0,0.0,0.0,0.0,0.0,0.0
1,0,0.875192,0.0,0.0,0.06291972,0.06188829,0.0,0.0,0.0,0.0,0.0,0.0,0.0,0.0
1,0,0.875192,0.0,0.0,0.06291972,0.06188829,0.0,0.0,0.0,0.0,0.0,0.0,0.0,0.0
1,0,0.875192,0.0,0.0,0.06291972,0.06188829,0.0,0.0,0.0,0.0,0.0,0.0,0.0,0.0
1,0,0.875192,0.0,0.0,0.06291972,0.06188829,0.0,0.0,0.0,0.0,0.0,0.0,0.0,0.0
1,0,0.875192,0.0,0.0,0.06291972,0.06188829,0.0,0.0,0.0,0.0,0.0,0.0,0.0,0.0
1,0,0.875192,0.0,0.0,0.06291972,0.06188829,0.0,0.0,0.0,0.0,0.0,0.0,0.0,0.0
1,0,0.875192,0.0,0.0,0.06291972,0.06188829,0.0,0.0,0.0,0.0,0.0,0.0,0.0,0.0
1,0,0.875192,0.0,0.0,0.06291972,0.06188829,0.0,0.0,0.0,0.0,0.0,0.0,0.0,0.0
1,0,0.875192,0.0,0.0,0.06291972,0.06188829,0.0,0.0,0.0,0.0,0.0,0.0,0.0,0.0
1,0,0.875192,0.0,0.0,0.06291972,0.06188829,0.0,0.0,0.0,0.0,0.0,0.0,0.0,0.0
1,0,0.875192,0.0,0.0,0.06291972,0.06188829,0.0,0.0,0.0,0.0,0.0,0.0,0.0,0.0
1,0,0.875192,0.0,0.0,0.06291972,0.06188829,0.0,0.0,0.0,0.0,0.0,0.0,0.0,0.0
1,0,0.875192,0.0,0.0,0.06291972,0.06188829,0.0,0.0,0.0,0.0,0.0,0.0,0.0,0.0
1,0,0.875192,0.0,0.0,0.06291972,0.06188829,0.0,0.0,0.0,0.0,0.0,0.0,0.0,0.0
1,0,0.875192,0.0,0.0,0.06291972,0.06188829,0.0,0.0,0.0,0.0,0.0,0.0,0.0,0.0
1,0,0.875192,0.0,0.0,0.06291972,0.06188829,0.0,0.0,0.0,0.0,0.0,0.0,0.0,0.0
1,0,0.875192,0.0,0.0,0.06291972,0.06188829,0.0,0.0,0.0,0.0,0.0,0.0,0.0,0.0
1,0,0.875192,0.0,0.0,0.06291972,0.06188829,0.0,0.0,0.0,0.0,0.0,0.0,0.0,0.0
1,0,0.875192,0.0,0.0,0.06291972,0.06188829,0.0,0.0,0.0,0.0,0.0,0.0,0.0,0.0
1,0,0.875192,0.0,0.0,0.06291972,0.06188829,0.0,0.0,0.0,0.0,0.0,0.0,0.0,0.0
1,0,0.875192,0.0,0.0,0.06291972,0.06188829,0.0,0.0,0.0,0.0,0.0,0.0,0.0,0.0
1,0,0.875192,0.0,0.0,0.06291972,0.06188829,0.0,0.0,0.0,0.0,0.0,0.0,0.0,0.0
1,0,0.875192,0.0,0.0,0.06291972,0.06188829,0.0,0.0,0.0,0.0,0.0,0.0,0.0,0.0
1,0,0.875192,0.0,0.0,0.06291972,0.06188829,0.0,0.0,0.0,0.0,0.0,0.0,0.0,0.0
1,0,0.9381117,0.0,0.0,0.0,0.06188829,0.0,0.0,0.0,0.0,0.0,0.0,0.0,0.0
1,0,0.9381117,0.0,0.0,0.0,0.06188829,0.0,0.0,0.0,0.0,0.0,0.0,0.0,0.0
1,0,0.9381117,0.0,0.0,0.0,0.06188829,0.0,0.0,0.0,0.0,0.0,0.0,0.0,0.0
1,0,0.9381117,0.0,0.0,0.0,0.06188829,0.0,0.0,0.0,0.0,0.0,0.0,0.0,0.0
1,0,0.9381117,0.0,0.0,0.0,0.06188829,0.0,0.0,0.0,0.0,0.0,0.0,0.0,0.0
1,0,0.9381117,0.0,0.0,0.0,0.06188829,0.0,0.0,0.0,0.0,0.0,0.0,0.0,0.0
1,0,0.9381117,0.0,0.0,0.0,0.06188829,0.0,0.0,0.0,0.0,0.0,0.0,0.0,0.0
1,0,0.9381117,0.0,0.0,0.0,0.06188829,0.0,0.0,0.0,0.0,0.0,0.0,0.0,0.0
1,0,0.9381117,0.0,0.0,0.0,0.06188829,0.0,0.0,0.0,0.0,0.0,0.0,0.0,0.0
1,0,0.9381117,0.0,0.0,0.0,0.06188829,0.0,0.0,0.0,0.0,0.0,0.0,0.0,0.0
1,0,0.9381117,0.0,0.0,0.0,0.06188829,0.0,0.0,0.0,0.0,0.0,0.0,0.0,0.0
1,0,0.9381117,0.0,0.0,0.0,0.06188829,0.0,0.0,0.0,0.0,0.0,0.0,0.0,0.0
1,0,0.9381117,0.0,0.0,0.0,0.06188829,0.0,0.0,0.0,0.0,0.0,0.0,0.0,0.0
1,0,0.9381117,0.0,0.0,0.0,0.06188829,0.0,0.0,0.0,0.0,0.0,0.0,0.0,0.0
1,0,0.9381117,0.0,0.0,0.0,0.06188829,0.0,0.0,0.0,0.0,0.0,0.0,0.0,0.0
1,0,0.9381117,0.0,0.0,0.0,0.06188829,0.0,0.0,0.0,0.0,0.0,0.0,0.0,0.0
1,0,0.9381117,0.0,0.0,0.0,0.06188829,0.0,0.0,0.0,0.0,0.0,0.0,0.0,0.0
1,0,0.9381117,0.0,0.0,0.0,0.06188829,0.0,0.0,0.0,0.0,0.0,0.0,0.0,0.0
1,0,0.9381117,0.0,0.0,0.0,0.06188829,0.0,0.0,0.0,0.0,0.0,0.0,0.0,0.0
1,0,0.9381117,0.0,0.0,0.0,0.06188829,0.0,0.0,0.0,0.0,0.0,0.0,0.0,0.0
1,0,0.9381117,0.0,0.0,0.0,0.06188829,0.0,0.0,0.0,0.0,0.0,0.0,0.0,0.0
1,0,0.9381117,0.0,0.0,0.0,0.06188829,0.0,0.0,0.0,0.0,0.0,0.0,0.0,0.0
1,0,0.9381117,0.0,0.0,0.0,0.06188829,0.0,0.0,0.0,0.0,0.0,0.0,0.0,0.0
1,0,0.9381117,0.0,0.0,0.0,0.06188829,0.0,0.0,0.0,0.0,0.0,0.0,0.0,0.0
1,0,0.9381117,0.0,0.0,0.0,0.06188829,0.0,0.0,0.0,0.0,0.0,0.0,0.0,0.0
1,0,0.9381117,0.0,0.0,0.0,0.06188829,0.0,0.0,0.0,0.0,0.0,0.0,0.0,0.0
1,0,0.9381117,0.0,0.0,0.0,0.06188829,0.0,0.0,0.0,0.0,0.0,0.0,0.0,0.0
1,0,0.9381117,0.0,0.0,0.0,0.06188829,0.0,0.0,0.0,0.0,0.0,0.0,0.0,0.0
1,0,0.9381117,0.0,0.0,0.0,0.06188829,0.0,0.0,0.0,0.0,0.0,0.0,0.0,0.0
1,0,0.9381117,0.0,0.0,0.0,0.06188829,0.0,0.0,0.0,0.0,0.0,0.0,0.0,0.0
1,0,0.9381117,0.0,0.0,0.0,0.06188829,0.0,0.0,0.0,0.0,0.0,0.0,0.0,0.0
1,0,0.9381117,0.0,0.0,0.0,0.06188829,0.0,0.0,0.0,0.0,0.0,0.0,0.0,0.0
1,0,0.9381117,0.0,0.0,0.0,0.06188829,0.0,0.0,0.0,0.0,0.0,0.0,0.0,0.0
1,0,0.9381117,0.0,0.0,0.0,0.06188829,0.0,0.0,0.0,0.0,0.0,0.0,0.0,0.0
1,0,0.9381117,0.0,0.0,0.0,0.06188829,0.0,0.0,0.0,0.0,0.0,0.0,0.0,0.0
1,0,0.9381117,0.0,0.0,0.0,0.06188829,0.0,0.0,0.0,0.0,0.0,0.0,0.0,0.0
1,0,0.9381117,0.0,0.0,0.0,0.06188829,0.0,0.0,0.0,0.0,0.0,0.0,0.0,0.0
1,0,0.9381117,0.0,0.0,0.0,0.06188829,0.0,0.0,0.0,0.0,0.0,0.0,0.0,0.0
1,0,0.9381117,0.0,0.0,0.0,0.06188829,0.0,0.0,0.0,0.0,0.0,0.0,0.0,0.0
1,0,0.9381117,0.0,0.0,0.0,0.06188829,0.0,0.0,0.0,0.0,0.0,0.0,0.0,0.0
1,0,0.9381117,0.0,0.0,0.0,0.06188829,0.0,0.0,0.0,0.0,0.0,0.0,0.0,0.0
1,0,0.9381117,0.0,0.0,0.0,0.06188829,0.0,0.0,0.0,0.0,0.0,0.0,0.0,0.0
1,0,0.9381117,0.0,0.0,0.0,0.06188829,0.0,0.0,0.0,0.0,0.0,0.0,0.0,0.0
1,0,0.9381117,0.0,0.0,0.0,0.06188829,0.0,0.0,0.0,0.0,0.0,0.0,0.0,0.0
1,0,0.9381117,0.0,0.0,0.0,0.06188829,0.0,0.0,0.0,0.0,0.0,0.0,0.0,0.0
1,0,0.9381117,0.0,0.0,0.0,0.06188829,0.0,0.0,0.0,0.0,0.0,0.0,0.0,0.0
1,0,0.9381117,0.0,0.0,0.0,0.06188829,0.0,0.0,0.0,0.0,0.0,0.0,0.0,0.0
1,0,0.9381117,0.0,0.0,0.0,0.06188829,0.0,0.0,0.0,0.0,0.0,0.0,0.0,0.0
1,0,0.9381117,0.0,0.0,0.0,0.06188829,0.0,0.0,0.0,0.0,0.0,0.0,0.0,0.0
1,0,0.9381117,0.0,0.0,0.0,0.06188829,0.0,0.0,0.0,0.0,0.0,0.0,0.0,0.0
1,0,0.9381117,0.0,0.0,0.0,0.06188829,0.0,0.0,0.0,0.0,0.0,0.0,0.0,0.0
1,0,0.9381117,0.0,0.0,0.0,0.06188829,0.0,0.0,0.0,0.0,0.0,0.0,0.0,0.0
1,0,0.9381117,0.0,0.0,0.0,0.06188829,0.0,0.0,0.0,0.0,0.0,0.0,0.0,0.0
1,0,0.9381117,0.0,0.0,0.0,0.06188829,0.0,0.0,0.0,0.0,0.0,0.0,0.0,0.0
1,0,0.9381117,0.0,0.0,0.0,0.06188829,0.0,0.0,0.0,0.0,0.0,0.0,0.0,0.0
1,0,0.9381117,0.0,0.0,0.0,0.06188829,0.0,0.0,0.0,0.0,0.0,0.0,0.0,0.0
1,0,0.9381117,0.0,0.0,0.0,0.06188829,0.0,0.0,0.0,0.0,0.0,0.0,0.0,0.0
1,0,0.9381117,0.0,0.0,0.0,0.06188829,0.0,0.0,0.0,0.0,0.0,0.0,0.0,0.0
1,0,0.9381117,0.0,0.0,0.0,0.06188829,0.0,0.0,0.0,0.0,0.0,0.0,0.0,0.0
1,0,0.9381117,0.0,0.0,0.0,0.06188829,0.0,0.0,0.0,0.0,0.0,0.0,0.0,0.0
1,0,0.9381117,0.0,0.0,0.0,0.06188829,0.0,0.0,0.0,0.0,0.0,0.0,0.0,0.0
1,0,0.9381117,0.0,0.0,0.0,0.06188829,0.0,0.0,0.0,0.0,0.0,0.0,0.0,0.0
1,0,0.9381117,0.0,0.0,0.0,0.06188829,0.0,0.0,0.0,0.0,0.0,0.0,0.0,0.0
1,0,0.9381117,0.0,0.0,0.0,0.06188829,0.0,0.0,0.0,0.0,0.0,0.0,0.0,0.0
1,0,0.9381117,0.0,0.0,0.0,0.06188829,0.0,0.0,0.0,0.0,0.0,0.0,0.0,0.0
1,0,0.9381117,0.0,0.0,0.0,0.06188829,0.0,0.0,0.0,0.0,0.0,0.0,0.0,0.0
1,0,0.9381117,0.0,0.0,0.0,0.06188829,0.0,0.0,0.0,0.0,0.0,0.0,0.0,0.0
1,0,0.9381117,0.0,0.0,0.0,0.06188829,0.0,0.0,0.0,0.0,0.0,0.0,0.0,0.0
1,0,0.9381117,0.0,0.0,0.0,0.06188829,0.0,0.0,0.0,0.0,0.0,0.0,0.0,0.0
1,0,0.9381117,0.0,0.0,0.0,0.06188829,0.0,0.0,0.0,0.0,0.0,0.0,0.0,0.0
1,0,0.9381117,0.0,0.0,0.0,0.06188829,0.0,0.0,0.0,0.0,0.0,0.0,0.0,0.0
1,0,0.9381117,0.0,0.0,0.0,0.06188829,0.0,0.0,0.0,0.0,0.0,0.0,0.0,0.0
1,0,0.9381117,0.0,0.0,0.0,0.06188829,0.0,0.0,0.0,0.0,0.0,0.0,0.0,0.0
1,0,0.9381117,0.0,0.0,0.0,0.06188829,0.0,0.0,0.0,0.0,0.0,0.0,0.0,0.0
1,0,0.8727538,0.0,0.0,0.06535796,0.061888292,0.0,0.0,0.0,0.0,0.0,0.0,0.0,0.0
1,0,0.8727538,0.0,0.0,0.06535796,0.061888292,0.0,0.0,0.0,0.0,0.0,0.0,0.0,0.0
1,0,0.8727538,0.0,0.0,0.06535796,0.061888292,0.0,0.0,0.0,0.0,0.0,0.0,0.0,0.0
1,0,0.8727538,0.0,0.0,0.06535796,0.061888292,0.0,0.0,0.0,0.0,0.0,0.0,0.0,0.0
1,0,0.8727538,0.0,0.0,0.06535796,0.061888292,0.0,0.0,0.0,0.0,0.0,0.0,0.0,0.0
1,0,0.8727538,0.0,0.0,0.06535796,0.061888292,0.0,0.0,0.0,0.0,0.0,0.0,0.0,0.0
1,0,0.8727538,0.0,0.0,0.06535796,0.061888292,0.0,0.0,0.0,0.0,0.0,0.0,0.0,0.0
1,0,0.8727538,0.0,0.0,0.06535796,0.061888292,0.0,0.0,0.0,0.0,0.0,0.0,0.0,0.0
1,0,0.8727538,0.0,0.0,0.06535796,0.061888292,0.0,0.0,0.0,0.0,0.0,0.0,0.0,0.0
1,0,0.8727538,0.0,0.0,0.06535796,0.061888292,0.0,0.0,0.0,0.0,0.0,0.0,0.0,0.0
1,0,0.8727538,0.0,0.0,0.06535796,0.061888292,0.0,0.0,0.0,0.0,0.0,0.0,0.0,0.0
1,0,0.8727538,0.0,0.0,0.06535796,0.061888292,0.0,0.0,0.0,0.0,0.0,0.0,0.0,0.0
1,0,0.8727538,0.0,0.0,0.06535796,0.061888292,0.0,0.0,0.0,0.0,0.0,0.0,0.0,0.0
1,0,0.8727538,0.0,0.0,0.06535796,0.061888292,0.0,0.0,0.0,0.0,0.0,0.0,0.0,0.0
1,0,0.8727538,0.0,0.0,0.06535796,0.061888292,0.0,0.0,0.0,0.0,0.0,0.0,0.0,0.0
1,0,0.8727538,0.0,0.0,0.06535796,0.061888292,0.0,0.0,0.0,0.0,0.0,0.0,0.0,0.0
1,0,0.8727538,0.0,0.0,0.06535796,0.061888292,0.0,0.0,0.0,0.0,0.0,0.0,0.0,0.0
1,0,0.8727538,0.0,0.0,0.06535796,0.061888292,0.0,0.0,0.0,0.0,0.0,0.0,0.0,0.0
1,0,0.8727538,0.0,0.0,0.06535796,0.061888292,0.0,0.0,0.0,0.0,0.0,0.0,0.0,0.0
1,0,0.8727538,0.0,0.0,0.06535796,0.061888292,0.0,0.0,0.0,0.0,0.0,0.0,0.0,0.0
1,0,0.8727538,0.0,0.0,0.06535796,0.061888292,0.0,0.0,0.0,0.0,0.0,0.0,0.0,0.0
1,0,0.8727538,0.0,0.0,0.06535796,0.061888292,0.0,0.0,0.0,0.0,0.0,0.0,0.0,0.0
1,0,0.8727538,0.0,0.0,0.06535796,0.061888292,0.0,0.0,0.0,0.0,0.0,0.0,0.0,0.0
1,0,0.8727538,0.0,0.0,0.06535796,0.061888292,0.0,0.0,0.0,0.0,0.0,0.0,0.0,0.0
1,0,0.8727538,0.0,0.0,0.06535796,0.061888292,0.0,0.0,0.0,0.0,0.0,0.0,0.0,0.0
1,0,0.8727538,0.0,0.0,0.06535796,0.061888292,0.0,0.0,0.0,0.0,0.0,0.0,0.0,0.0
1,0,0.8727538,0.0,0.0,0.06535796,0.061888292,0.0,0.0,0.0,0.0,0.0,0.0,0.0,0.0
1,0,0.8727538,0.0,0.0,0.06535796,0.061888292,0.0,0.0,0.0,0.0,0.0,0.0,0.0,0.0
1,0,0.8727538,0.0,0.0,0.06535796,0.061888292,0.0,0.0,0.0,0.0,0.0,0.0,0.0,0.0
1,0,0.8727538,0.0,0.0,0.06535796,0.061888292,0.0,0.0,0.0,0.0,0.0,0.0,0.0,0.0
1,0,0.87275374,0.0,0.0,0.12724625,0.0,0.0,0.0,0.0,0.0,0.0,0.0,0.0,0.0
1,0,0.87275374,0.0,0.0,0.12724625,0.0,0.0,0.0,0.0,0.0,0.0,0.0,0.0,0.0
1,0,0.87275374,0.0,0.0,0.12724625,0.0,0.0,0.0,0.0,0.0,0.0,0.0,0.0,0.0
1,0,0.87275374,0.0,0.0,0.12724625,0.0,0.0,0.0,0.0,0.0,0.0,0.0,0.0,0.0
1,0,0.87275374,0.0,0.0,0.12724625,0.0,0.0,0.0,0.0,0.0,0.0,0.0,0.0,0.0
1,0,0.87275374,0.0,0.0,0.12724625,0.0,0.0,0.0,0.0,0.0,0.0,0.0,0.0,0.0
1,0,0.87275374,0.0,0.0,0.12724625,0.0,0.0,0.0,0.0,0.0,0.0,0.0,0.0,0.0
1,0,0.87275374,0.0,0.0,0.12724625,0.0,0.0,0.0,0.0,0.0,0.0,0.0,0.0,0.0
1,0,0.87275374,0.0,0.0,0.12724625,0.0,0.0,0.0,0.0,0.0,0.0,0.0,0.0,0.0
1,0,0.87275374,0.0,0.0,0.12724625,0.0,0.0,0.0,0.0,0.0,0.0,0.0,0.0,0.0
1,0,0.87275374,0.0,0.0,0.12724625,0.0,0.0,0.0,0.0,0.0,0.0,0.0,0.0,0.0
1,0,0.87275374,0.0,0.0,0.12724625,0.0,0.0,0.0,0.0,0.0,0.0,0.0,0.0,0.0
1,0,0.87275374,0.0,0.0,0.12724625,0.0,0.0,0.0,0.0,0.0,0.0,0.0,0.0,0.0
1,0,0.87275374,0.0,0.0,0.12724625,0.0,0.0,0.0,0.0,0.0,0.0,0.0,0.0,0.0
1,0,0.87275374,0.0,0.0,0.12724625,0.0,0.0,0.0,0.0,0.0,0.0,0.0,0.0,0.0
1,0,0.8114894,0.0,0.0,0.18851063,0.0,0.0,0.0,0.0,0.0,0.0,0.0,0.0,0.0
1,0,0.8114894,0.0,0.0,0.18851063,0.0,0.0,0.0,0.0,0.0,0.0,0.0,0.0,0.0
1,0,0.8114894,0.0,0.0,0.18851063,0.0,0.0,0.0,0.0,0.0,0.0,0.0,0.0,0.0
1,0,0.8114894,0.0,0.0,0.18851063,0.0,0.0,0.0,0.0,0.0,0.0,0.0,0.0,0.0
1,0,0.8114894,0.0,0.0,0.18851063,0.0,0.0,0.0,0.0,0.0,0.0,0.0,0.0,0.0
1,0,0.8114894,0.0,0.0,0.18851063,0.0,0.0,0.0,0.0,0.0,0.0,0.0,0.0,0.0
1,0,0.8114894,0.0,0.0,0.18851063,0.0,0.0,0.0,0.0,0.0,0.0,0.0,0.0,0.0
1,0,0.8114894,0.0,0.0,0.18851063,0.0,0.0,0.0,0.0,0.0,0.0,0.0,0.0,0.0
1,0,0.8114894,0.0,0.0,0.18851063,0.0,0.0,0.0,0.0,0.0,0.0,0.0,0.0,0.0
1,0,0.8114894,0.0,0.0,0.18851063,0.0,0.0,0.0,0.0,0.0,0.0,0.0,0.0,0.0
1,0,0.8114894,0.0,0.0,0.18851063,0.0,0.0,0.0,0.0,0.0,0.0,0.0,0.0,0.0
1,0,0.8114894,0.0,0.0,0.18851063,0.0,0.0,0.0,0.0,0.0,0.0,0.0,0.0,0.0
1,0,0.8114894,0.0,0.0,0.18851063,0.0,0.0,0.0,0.0,0.0,0.0,0.0,0.0,0.0
1,0,0.8114894,0.0,0.0,0.18851063,0.0,0.0,0.0,0.0,0.0,0.0,0.0,0.0,0.0
1,0,0.8114894,0.0,0.0,0.18851063,0.0,0.0,0.0,0.0,0.0,0.0,0.0,0.0,0.0
1,0,0.74323237,0.0,0.0,0.2567676,0.0,0.0,0.0,0.0,0.0,0.0,0.0,0.0,0.0
1,0,0.74323237,0.0,0.0,0.2567676,0.0,0.0,0.0,0.0,0.0,0.0,0.0,0.0,0.0
1,0,0.74323237,0.0,0.0,0.2567676,0.0,0.0,0.0,0.0,0.0,0.0,0.0,0.0,0.0
1,0,0.74323237,0.0,0.0,0.2567676,0.0,0.0,0.0,0.0,0.0,0.0,0.0,0.0,0.0
1,0,0.74323237,0.0,0.0,0.2567676,0.0,0.0,0.0,0.0,0.0,0.0,0.0,0.0,0.0
1,0,0.74323237,0.0,0.0,0.2567676,0.0,0.0,0.0,0.0,0.0,0.0,0.0,0.0,0.0
1,0,0.74323237,0.0,0.0,0.2567676,0.0,0.0,0.0,0.0,0.0,0.0,0.0,0.0,0.0
1,0,0.74323237,0.0,0.0,0.2567676,0.0,0.0,0.0,0.0,0.0,0.0,0.0,0.0,0.0
1,0,0.74323237,0.0,0.0,0.2567676,0.0,0.0,0.0,0.0,0.0,0.0,0.0,0.0,0.0
1,0,0.74323237,0.0,0.0,0.2567676,0.0,0.0,0.0,0.0,0.0,0.0,0.0,0.0,0.0
1,0,0.6299015,0.0,0.0,0.37009847,0.0,0.0,0.0,0.0,0.0,0.0,0.0,0.0,0.0
1,0,0.6299015,0.0,0.0,0.37009847,0.0,0.0,0.0,0.0,0.0,0.0,0.0,0.0,0.0
1,0,0.6299015,0.0,0.0,0.37009847,0.0,0.0,0.0,0.0,0.0,0.0,0.0,0.0,0.0
1,0,0.6299015,0.0,0.0,0.37009847,0.0,0.0,0.0,0.0,0.0,0.0,0.0,0.0,0.0
1,0,0.6299015,0.0,0.0,0.37009847,0.0,0.0,0.0,0.0,0.0,0.0,0.0,0.0,0.0
1,0,0.6299015,0.0,0.0,0.37009847,0.0,0.0,0.0,0.0,0.0,0.0,0.0,0.0,0.0
1,0,0.6299015,0.0,0.0,0.37009847,0.0,0.0,0.0,0.0,0.0,0.0,0.0,0.0,0.0
1,0,0.6299015,0.0,0.0,0.37009847,0.0,0.0,0.0,0.0,0.0,0.0,0.0,0.0,0.0
1,0,0.6299015,0.0,0.0,0.37009847,0.0,0.0,0.0,0.0,0.0,0.0,0.0,0.0,0.0
1,0,0.6299015,0.0,0.0,0.37009847,0.0,0.0,0.0,0.0,0.0,0.0,0.0,0.0,0.0
1,0,0.6299015,0.0,0.0,0.37009847,0.0,0.0,0.0,0.0,0.0,0.0,0.0,0.0,0.0
1,0,0.6299015,0.0,0.0,0.37009847,0.0,0.0,0.0,0.0,0.0,0.0,0.0,0.0,0.0
1,0,0.6299015,0.0,0.0,0.37009847,0.0,0.0,0.0,0.0,0.0,0.0,0.0,0.0,0.0
1,0,0.6299015,0.0,0.0,0.37009847,0.0,0.0,0.0,0.0,0.0,0.0,0.0,0.0,0.0
1,0,0.6299015,0.0,0.0,0.37009847,0.0,0.0,0.0,0.0,0.0,0.0,0.0,0.0,0.0
1,0,0.6299015,0.0,0.0,0.37009847,0.0,0.0,0.0,0.0,0.0,0.0,0.0,0.0,0.0
1,0,0.6299015,0.0,0.0,0.37009847,0.0,0.0,0.0,0.0,0.0,0.0,0.0,0.0,0.0
1,0,0.6299015,0.0,0.0,0.37009847,0.0,0.0,0.0,0.0,0.0,0.0,0.0,0.0,0.0
1,0,0.6299015,0.0,0.0,0.37009847,0.0,0.0,0.0,0.0,0.0,0.0,0.0,0.0,0.0
1,0,0.6299015,0.0,0.0,0.37009847,0.0,0.0,0.0,0.0,0.0,0.0,0.0,0.0,0.0
1,0,0.6299015,0.0,0.0,0.37009847,0.0,0.0,0.0,0.0,0.0,0.0,0.0,0.0,0.0
1,0,0.6299015,0.0,0.0,0.37009847,0.0,0.0,0.0,0.0,0.0,0.0,0.0,0.0,0.0
1,0,0.6299015,0.0,0.0,0.37009847,0.0,0.0,0.0,0.0,0.0,0.0,0.0,0.0,0.0
1,0,0.6299015,0.0,0.0,0.37009847,0.0,0.0,0.0,0.0,0.0,0.0,0.0,0.0,0.0
1,0,0.5669818,0.0,0.0,0.4330182,0.0,0.0,0.0,0.0,0.0,0.0,0.0,0.0,0.0
1,0,0.5669818,0.0,0.0,0.4330182,0.0,0.0,0.0,0.0,0.0,0.0,0.0,0.0,0.0
1,0,0.5669818,0.0,0.0,0.4330182,0.0,0.0,0.0,0.0,0.0,0.0,0.0,0.0,0.0
1,0,0.5669818,0.0,0.0,0.4330182,0.0,0.0,0.0,0.0,0.0,0.0,0.0,0.0,0.0
1,0,0.51018476,0.0,0.0,0.4898152,0.0,0.0,0.0,0.0,0.0,0.0,0.0,0.0,0.0
1,0,0.51018476,0.0,0.0,0.4898152,0.0,0.0,0.0,0.0,0.0,0.0,0.0,0.0,0.0
1,0,0.51018476,0.0,0.0,0.4898152,0.0,0.0,0.0,0.0,0.0,0.0,0.0,0.0,0.0
1,0,0.51018476,0.0,0.0,0.4898152,0.0,0.0,0.0,0.0,0.0,0.0,0.0,0.0,0.0
1,0,0.51018476,0.0,0.0,0.4898152,0.0,0.0,0.0,0.0,0.0,0.0,0.0,0.0,0.0
1,0,0.51018476,0.0,0.0,0.4898152,0.0,0.0,0.0,0.0,0.0,0.0,0.0,0.0,0.0
1,0,0.51018476,0.0,0.0,0.4898152,0.0,0.0,0.0,0.0,0.0,0.0,0.0,0.0,0.0
1,0,0.51018476,0.0,0.0,0.4898152,0.0,0.0,0.0,0.0,0.0,0.0,0.0,0.0,0.0
1,0,0.51018476,0.0,0.0,0.4898152,0.0,0.0,0.0,0.0,0.0,0.0,0.0,0.0,0.0
1,0,0.51018476,0.0,0.0,0.4898152,0.0,0.0,0.0,0.0,0.0,0.0,0.0,0.0,0.0
1,0,0.51018476,0.0,0.0,0.4898152,0.0,0.0,0.0,0.0,0.0,0.0,0.0,0.0,0.0
1,0,0.51018476,0.0,0.0,0.4898152,0.0,0.0,0.0,0.0,0.0,0.0,0.0,0.0,0.0
1,0,0.51018476,0.0,0.0,0.4898152,0.0,0.0,0.0,0.0,0.0,0.0,0.0,0.0,0.0
1,0,0.51018476,0.0,0.0,0.4898152,0.0,0.0,0.0,0.0,0.0,0.0,0.0,0.0,0.0
1,0,0.51018476,0.0,0.0,0.4898152,0.0,0.0,0.0,0.0,0.0,0.0,0.0,0.0,0.0
1,0,0.51018476,0.0,0.0,0.4898152,0.0,0.0,0.0,0.0,0.0,0.0,0.0,0.0,0.0
1,0,0.51018476,0.0,0.0,0.4898152,0.0,0.0,0.0,0.0,0.0,0.0,0.0,0.0,0.0
1,0,0.51018476,0.0,0.0,0.4898152,0.0,0.0,0.0,0.0,0.0,0.0,0.0,0.0,0.0
1,0,0.51018476,0.0,0.0,0.4898152,0.0,0.0,0.0,0.0,0.0,0.0,0.0,0.0,0.0
1,0,0.51018476,0.0,0.0,0.4898152,0.0,0.0,0.0,0.0,0.0,0.0,0.0,0.0,0.0
1,0,0.51018476,0.0,0.0,0.4898152,0.0,0.0,0.0,0.0,0.0,0.0,0.0,0.0,0.0
1,0,0.51018476,0.0,0.0,0.4898152,0.0,0.0,0.0,0.0,0.0,0.0,0.0,0.0,0.0
1,0,0.51018476,0.0,0.0,0.4898152,0.0,0.0,0.0,0.0,0.0,0.0,0.0,0.0,0.0
1,0,0.51018476,0.0,0.0,0.4898152,0.0,0.0,0.0,0.0,0.0,0.0,0.0,0.0,0.0
1,0,0.51018476,0.0,0.0,0.4898152,0.0,0.0,0.0,0.0,0.0,0.0,0.0,0.0,0.0
1,0,0.51018476,0.0,0.0,0.4898152,0.0,0.0,0.0,0.0,0.0,0.0,0.0,0.0,0.0
1,0,0.51018476,0.0,0.0,0.4898152,0.0,0.0,0.0,0.0,0.0,0.0,0.0,0.0,0.0
1,0,0.51018476,0.0,0.0,0.4898152,0.0,0.0,0.0,0.0,0.0,0.0,0.0,0.0,0.0
1,0,0.51018476,0.0,0.0,0.4898152,0.0,0.0,0.0,0.0,0.0,0.0,0.0,0.0,0.0
1,0,0.51018476,0.0,0.0,0.4898152,0.0,0.0,0.0,0.0,0.0,0.0,0.0,0.0,0.0
1,0,0.51018476,0.0,0.0,0.4898152,0.0,0.0,0.0,0.0,0.0,0.0,0.0,0.0,0.0
1,0,0.51018476,0.0,0.0,0.4898152,0.0,0.0,0.0,0.0,0.0,0.0,0.0,0.0,0.0
1,0,0.51018476,0.0,0.0,0.4898152,0.0,0.0,0.0,0.0,0.0,0.0,0.0,0.0,0.0
1,0,0.51018476,0.0,0.0,0.4898152,0.0,0.0,0.0,0.0,0.0,0.0,0.0,0.0,0.0
1,0,0.51018476,0.0,0.0,0.4898152,0.0,0.0,0.0,0.0,0.0,0.0,0.0,0.0,0.0
1,0,0.51018476,0.0,0.0,0.4898152,0.0,0.0,0.0,0.0,0.0,0.0,0.0,0.0,0.0
1,0,0.51018476,0.0,0.0,0.4898152,0.0,0.0,0.0,0.0,0.0,0.0,0.0,0.0,0.0
1,0,0.51018476,0.0,0.0,0.4898152,0.0,0.0,0.0,0.0,0.0,0.0,0.0,0.0,0.0
1,0,0.51018476,0.0,0.0,0.4898152,0.0,0.0,0.0,0.0,0.0,0.0,0.0,0.0,0.0
1,0,0.51018476,0.0,0.0,0.4898152,0.0,0.0,0.0,0.0,0.0,0.0,0.0,0.0,0.0
1,0,0.51018476,0.0,0.0,0.4898152,0.0,0.0,0.0,0.0,0.0,0.0,0.0,0.0,0.0
1,0,0.51018476,0.0,0.0,0.4898152,0.0,0.0,0.0,0.0,0.0,0.0,0.0,0.0,0.0
1,0,0.51018476,0.0,0.0,0.4898152,0.0,0.0,0.0,0.0,0.0,0.0,0.0,0.0,0.0
1,0,0.51018476,0.0,0.0,0.4898152,0.0,0.0,0.0,0.0,0.0,0.0,0.0,0.0,0.0
1,0,0.51018476,0.0,0.0,0.4898152,0.0,0.0,0.0,0.0,0.0,0.0,0.0,0.0,0.0
1,0,0.51018476,0.0,0.0,0.4898152,0.0,0.0,0.0,0.0,0.0,0.0,0.0,0.0,0.0
1,0,0.51018476,0.0,0.0,0.4898152,0.0,0.0,0.0,0.0,0.0,0.0,0.0,0.0,0.0
1,0,0.51018476,0.0,0.0,0.4898152,0.0,0.0,0.0,0.0,0.0,0.0,0.0,0.0,0.0
1,0,0.51018476,0.0,0.0,0.4898152,0.0,0.0,0.0,0.0,0.0,0.0,0.0,0.0,0.0
1,0,0.51018476,0.0,0.0,0.4898152,0.0,0.0,0.0,0.0,0.0,0.0,0.0,0.0,0.0
1,0,0.51018476,0.0,0.0,0.4898152,0.0,0.0,0.0,0.0,0.0,0.0,0.0,0.0,0.0
1,0,0.51018476,0.0,0.0,0.4898152,0.0,0.0,0.0,0.0,0.0,0.0,0.0,0.0,0.0
1,0,0.51018476,0.0,0.0,0.4898152,0.0,0.0,0.0,0.0,0.0,0.0,0.0,0.0,0.0
1,0,0.51018476,0.0,0.0,0.4898152,0.0,0.0,0.0,0.0,0.0,0.0,0.0,0.0,0.0
1,0,0.51018476,0.0,0.0,0.4898152,0.0,0.0,0.0,0.0,0.0,0.0,0.0,0.0,0.0
1,0,0.51018476,0.0,0.0,0.4898152,0.0,0.0,0.0,0.0,0.0,0.0,0.0,0.0,0.0
1,0,0.51018476,0.0,0.0,0.4898152,0.0,0.0,0.0,0.0,0.0,0.0,0.0,0.0,0.0
1,0,0.51018476,0.0,0.0,0.4898152,0.0,0.0,0.0,0.0,0.0,0.0,0.0,0.0,0.0
1,0,0.51018476,0.0,0.0,0.4898152,0.0,0.0,0.0,0.0,0.0,0.0,0.0,0.0,0.0
1,0,0.51018476,0.0,0.0,0.4898152,0.0,0.0,0.0,0.0,0.0,0.0,0.0,0.0,0.0
1,0,0.51018476,0.0,0.0,0.4898152,0.0,0.0,0.0,0.0,0.0,0.0,0.0,0.0,0.0
1,0,0.51018476,0.0,0.0,0.4898152,0.0,0.0,0.0,0.0,0.0,0.0,0.0,0.0,0.0
1,0,0.51018476,0.0,0.0,0.4898152,0.0,0.0,0.0,0.0,0.0,0.0,0.0,0.0,0.0
1,0,0.51018476,0.0,0.0,0.4898152,0.0,0.0,0.0,0.0,0.0,0.0,0.0,0.0,0.0
1,0,0.51018476,0.0,0.0,0.4898152,0.0,0.0,0.0,0.0,0.0,0.0,0.0,0.0,0.0
1,0,0.51018476,0.0,0.0,0.4898152,0.0,0.0,0.0,0.0,0.0,0.0,0.0,0.0,0.0
1,0,0.51018476,0.0,0.0,0.4898152,0.0,0.0,0.0,0.0,0.0,0.0,0.0,0.0,0.0
1,0,0.51018476,0.0,0.0,0.4898152,0.0,0.0,0.0,0.0,0.0,0.0,0.0,0.0,0.0
1,0,0.51018476,0.0,0.0,0.4898152,0.0,0.0,0.0,0.0,0.0,0.0,0.0,0.0,0.0
1,0,0.51018476,0.0,0.0,0.4898152,0.0,0.0,0.0,0.0,0.0,0.0,0.0,0.0,0.0
1,0,0.51018476,0.0,0.0,0.4898152,0.0,0.0,0.0,0.0,0.0,0.0,0.0,0.0,0.0
1,0,0.51018476,0.0,0.0,0.4898152,0.0,0.0,0.0,0.0,0.0,0.0,0.0,0.0,0.0
1,0,0.51018476,0.0,0.0,0.4898152,0.0,0.0,0.0,0.0,0.0,0.0,0.0,0.0,0.0
1,0,0.51018476,0.0,0.0,0.4898152,0.0,0.0,0.0,0.0,0.0,0.0,0.0,0.0,0.0
1,0,0.51018476,0.0,0.0,0.4898152,0.0,0.0,0.0,0.0,0.0,0.0,0.0,0.0,0.0
1,0,0.51018476,0.0,0.0,0.4898152,0.0,0.0,0.0,0.0,0.0,0.0,0.0,0.0,0.0
1,0,0.51018476,0.0,0.0,0.4898152,0.0,0.0,0.0,0.0,0.0,0.0,0.0,0.0,0.0
1,0,0.51018476,0.0,0.0,0.4898152,0.0,0.0,0.0,0.0,0.0,0.0,0.0,0.0,0.0
1,0,0.51018476,0.0,0.0,0.4898152,0.0,0.0,0.0,0.0,0.0,0.0,0.0,0.0,0.0
1,0,0.51018476,0.0,0.0,0.4898152,0.0,0.0,0.0,0.0,0.0,0.0,0.0,0.0,0.0
1,0,0.51018476,0.0,0.0,0.4898152,0.0,0.0,0.0,0.0,0.0,0.0,0.0,0.0,0.0
1,0,0.51018476,0.0,0.0,0.4898152,0.0,0.0,0.0,0.0,0.0,0.0,0.0,0.0,0.0
1,0,0.51018476,0.0,0.0,0.4898152,0.0,0.0,0.0,0.0,0.0,0.0,0.0,0.0,0.0
1,0,0.51018476,0.0,0.0,0.4898152,0.0,0.0,0.0,0.0,0.0,0.0,0.0,0.0,0.0
1,0,0.51018476,0.0,0.0,0.4898152,0.0,0.0,0.0,0.0,0.0,0.0,0.0,0.0,0.0
1,0,0.51018476,0.0,0.0,0.4898152,0.0,0.0,0.0,0.0,0.0,0.0,0.0,0.0,0.0
1,0,0.51018476,0.0,0.0,0.4898152,0.0,0.0,0.0,0.0,0.0,0.0,0.0,0.0,0.0
1,0,0.51018476,0.0,0.0,0.4898152,0.0,0.0,0.0,0.0,0.0,0.0,0.0,0.0,0.0
1,0,0.51018476,0.0,0.0,0.4898152,0.0,0.0,0.0,0.0,0.0,0.0,0.0,0.0,0.0
1,0,0.51018476,0.0,0.0,0.4898152,0.0,0.0,0.0,0.0,0.0,0.0,0.0,0.0,0.0
1,0,0.51018476,0.0,0.0,0.4898152,0.0,0.0,0.0,0.0,0.0,0.0,0.0,0.0,0.0
1,0,0.51018476,0.0,0.0,0.4898152,0.0,0.0,0.0,0.0,0.0,0.0,0.0,0.0,0.0
1,0,0.51018476,0.0,0.0,0.4898152,0.0,0.0,0.0,0.0,0.0,0.0,0.0,0.0,0.0
1,0,0.51018476,0.0,0.0,0.4898152,0.0,0.0,0.0,0.0,0.0,0.0,0.0,0.0,0.0
1,0,0.51018476,0.0,0.0,0.4898152,0.0,0.0,0.0,0.0,0.0,0.0,0.0,0.0,0.0
1,0,0.51018476,0.0,0.0,0.4898152,0.0,0.0,0.0,0.0,0.0,0.0,0.0,0.0,0.0
1,0,0.51018476,0.0,0.0,0.4898152,0.0,0.0,0.0,0.0,0.0,0.0,0.0,0.0,0.0
1,0,0.51018476,0.0,0.0,0.4898152,0.0,0.0,0.0,0.0,0.0,0.0,0.0,0.0,0.0
1,0,0.51018476,0.0,0.0,0.4898152,0.0,0.0,0.0,0.0,0.0,0.0,0.0,0.0,0.0
1,0,0.51018476,0.0,0.0,0.4898152,0.0,0.0,0.0,0.0,0.0,0.0,0.0,0.0,0.0
1,0,0.51018476,0.0,0.0,0.4898152,0.0,0.0,0.0,0.0,0.0,0.0,0.0,0.0,0.0
1,0,0.51018476,0.0,0.0,0.4898152,0.0,0.0,0.0,0.0,0.0,0.0,0.0,0.0,0.0
1,0,0.51018476,0.0,0.0,0.4898152,0.0,0.0,0.0,0.0,0.0,0.0,0.0,0.0,0.0
1,0,0.51018476,0.0,0.0,0.4898152,0.0,0.0,0.0,0.0,0.0,0.0,0.0,0.0,0.0
1,0,0.51018476,0.0,0.0,0.4898152,0.0,0.0,0.0,0.0,0.0,0.0,0.0,0.0,0.0
1,0,0.51018476,0.0,0.0,0.4898152,0.0,0.0,0.0,0.0,0.0,0.0,0.0,0.0,0.0
1,0,0.51018476,0.0,0.0,0.4898152,0.0,0.0,0.0,0.0,0.0,0.0,0.0,0.0,0.0
1,0,0.51018476,0.0,0.0,0.4898152,0.0,0.0,0.0,0.0,0.0,0.0,0.0,0.0,0.0
1,0,0.51018476,0.0,0.0,0.4898152,0.0,0.0,0.0,0.0,0.0,0.0,0.0,0.0,0.0
1,0,0.51018476,0.0,0.0,0.4898152,0.0,0.0,0.0,0.0,0.0,0.0,0.0,0.0,0.0
1,0,0.51018476,0.0,0.0,0.4898152,0.0,0.0,0.0,0.0,0.0,0.0,0.0,0.0,0.0
1,0,0.51018476,0.0,0.0,0.4898152,0.0,0.0,0.0,0.0,0.0,0.0,0.0,0.0,0.0
1,0,0.51018476,0.0,0.0,0.4898152,0.0,0.0,0.0,0.0,0.0,0.0,0.0,0.0,0.0
1,0,0.51018476,0.0,0.0,0.4898152,0.0,0.0,0.0,0.0,0.0,0.0,0.0,0.0,0.0
1,0,0.51018476,0.0,0.0,0.4898152,0.0,0.0,0.0,0.0,0.0,0.0,0.0,0.0,0.0
1,0,0.51018476,0.0,0.0,0.4898152,0.0,0.0,0.0,0.0,0.0,0.0,0.0,0.0,0.0
1,0,0.51018476,0.0,0.0,0.4898152,0.0,0.0,0.0,0.0,0.0,0.0,0.0,0.0,0.0
1,0,0.51018476,0.0,0.0,0.4898152,0.0,0.0,0.0,0.0,0.0,0.0,0.0,0.0,0.0
1,0,0.51018476,0.0,0.0,0.4898152,0.0,0.0,0.0,0.0,0.0,0.0,0.0,0.0,0.0
1,0,0.51018476,0.0,0.0,0.4898152,0.0,0.0,0.0,0.0,0.0,0.0,0.0,0.0,0.0
1,0,0.51018476,0.0,0.0,0.4898152,0.0,0.0,0.0,0.0,0.0,0.0,0.0,0.0,0.0
1,0,0.51018476,0.0,0.0,0.4898152,0.0,0.0,0.0,0.0,0.0,0.0,0.0,0.0,0.0
1,0,0.51018476,0.0,0.0,0.4898152,0.0,0.0,0.0,0.0,0.0,0.0,0.0,0.0,0.0
1,0,0.51018476,0.0,0.0,0.4898152,0.0,0.0,0.0,0.0,0.0,0.0,0.0,0.0,0.0
1,0,0.51018476,0.0,0.0,0.4898152,0.0,0.0,0.0,0.0,0.0,0.0,0.0,0.0,0.0
1,0,0.51018476,0.0,0.0,0.4898152,0.0,0.0,0.0,0.0,0.0,0.0,0.0,0.0,0.0
1,0,0.51018476,0.0,0.0,0.4898152,0.0,0.0,0.0,0.0,0.0,0.0,0.0,0.0,0.0
1,0,0.51018476,0.0,0.0,0.4898152,0.0,0.0,0.0,0.0,0.0,0.0,0.0,0.0,0.0
1,0,0.51018476,0.0,0.0,0.4898152,0.0,0.0,0.0,0.0,0.0,0.0,0.0,0.0,0.0
1,0,0.51018476,0.0,0.0,0.4898152,0.0,0.0,0.0,0.0,0.0,0.0,0.0,0.0,0.0
1,0,0.51018476,0.0,0.0,0.4898152,0.0,0.0,0.0,0.0,0.0,0.0,0.0,0.0,0.0
1,0,0.51018476,0.0,0.0,0.4898152,0.0,0.0,0.0,0.0,0.0,0.0,0.0,0.0,0.0
1,0,0.51018476,0.0,0.0,0.4898152,0.0,0.0,0.0,0.0,0.0,0.0,0.0,0.0,0.0
1,0,0.51018476,0.0,0.0,0.4898152,0.0,0.0,0.0,0.0,0.0,0.0,0.0,0.0,0.0
1,0,0.51018476,0.0,0.0,0.4898152,0.0,0.0,0.0,0.0,0.0,0.0,0.0,0.0,0.0
1,0,0.51018476,0.0,0.0,0.4898152,0.0,0.0,0.0,0.0,0.0,0.0,0.0,0.0,0.0
1,0,0.51018476,0.0,0.0,0.4898152,0.0,0.0,0.0,0.0,0.0,0.0,0.0,0.0,0.0
1,0,0.51018476,0.0,0.0,0.4898152,0.0,0.0,0.0,0.0,0.0,0.0,0.0,0.0,0.0
1,0,0.51018476,0.0,0.0,0.4898152,0.0,0.0,0.0,0.0,0.0,0.0,0.0,0.0,0.0
1,0,0.51018476,0.0,0.0,0.4898152,0.0,0.0,0.0,0.0,0.0,0.0,0.0,0.0,0.0
1,0,0.51018476,0.0,0.0,0.4898152,0.0,0.0,0.0,0.0,0.0,0.0,0.0,0.0,0.0
1,0,0.51018476,0.0,0.0,0.4898152,0.0,0.0,0.0,0.0,0.0,0.0,0.0,0.0,0.0
1,0,0.51018476,0.0,0.0,0.4898152,0.0,0.0,0.0,0.0,0.0,0.0,0.0,0.0,0.0
1,0,0.51018476,0.0,0.0,0.4898152,0.0,0.0,0.0,0.0,0.0,0.0,0.0,0.0,0.0
1,0,0.51018476,0.0,0.0,0.4898152,0.0,0.0,0.0,0.0,0.0,0.0,0.0,0.0,0.0
1,0,0.51018476,0.0,0.0,0.4898152,0.0,0.0,0.0,0.0,0.0,0.0,0.0,0.0,0.0
1,0,0.51018476,0.0,0.0,0.4898152,0.0,0.0,0.0,0.0,0.0,0.0,0.0,0.0,0.0
1,0,0.51018476,0.0,0.0,0.4898152,0.0,0.0,0.0,0.0,0.0,0.0,0.0,0.0,0.0
1,0,0.51018476,0.0,0.0,0.4898152,0.0,0.0,0.0,0.0,0.0,0.0,0.0,0.0,0.0
1,0,0.51018476,0.0,0.0,0.4898152,0.0,0.0,0.0,0.0,0.0,0.0,0.0,0.0,0.0
1,0,0.5669818,0.0,0.0,0.4330182,0.0,0.0,0.0,0.0,0.0,0.0,0.0,0.0,0.0
1,0,0.5669818,0.0,0.0,0.4330182,0.0,0.0,0.0,0.0,0.0,0.0,0.0,0.0,0.0
1,0,0.5669818,0.0,0.0,0.4330182,0.0,0.0,0.0,0.0,0.0,0.0,0.0,0.0,0.0
1,0,0.5669818,0.0,0.0,0.4330182,0.0,0.0,0.0,0.0,0.0,0.0,0.0,0.0,0.0
1,0,0.5669818,0.0,0.0,0.4330182,0.0,0.0,0.0,0.0,0.0,0.0,0.0,0.0,0.0
1,0,0.5669818,0.0,0.0,0.4330182,0.0,0.0,0.0,0.0,0.0,0.0,0.0,0.0,0.0
1,0,0.5669818,0.0,0.0,0.4330182,0.0,0.0,0.0,0.0,0.0,0.0,0.0,0.0,0.0
1,0,0.5669818,0.0,0.0,0.4330182,0.0,0.0,0.0,0.0,0.0,0.0,0.0,0.0,0.0
1,0,0.5669818,0.0,0.0,0.4330182,0.0,0.0,0.0,0.0,0.0,0.0,0.0,0.0,0.0
1,0,0.5669818,0.0,0.0,0.4330182,0.0,0.0,0.0,0.0,0.0,0.0,0.0,0.0,0.0
1,0,0.5669818,0.0,0.0,0.4330182,0.0,0.0,0.0,0.0,0.0,0.0,0.0,0.0,0.0
1,0,0.5669818,0.0,0.0,0.4330182,0.0,0.0,0.0,0.0,0.0,0.0,0.0,0.0,0.0
1,0,0.5669818,0.0,0.0,0.4330182,0.0,0.0,0.0,0.0,0.0,0.0,0.0,0.0,0.0
1,0,0.5669818,0.0,0.0,0.4330182,0.0,0.0,0.0,0.0,0.0,0.0,0.0,0.0,0.0
1,0,0.74323237,0.0,0.0,0.2567676,0.0,0.0,0.0,0.0,0.0,0.0,0.0,0.0,0.0
1,0,0.74323237,0.0,0.0,0.2567676,0.0,0.0,0.0,0.0,0.0,0.0,0.0,0.0,0.0
1,0,0.74323237,0.0,0.0,0.2567676,0.0,0.0,0.0,0.0,0.0,0.0,0.0,0.0,0.0
1,0,0.74323237,0.0,0.0,0.2567676,0.0,0.0,0.0,0.0,0.0,0.0,0.0,0.0,0.0
1,0,0.74323237,0.0,0.0,0.2567676,0.0,0.0,0.0,0.0,0.0,0.0,0.0,0.0,0.0
1,0,0.74323237,0.0,0.0,0.2567676,0.0,0.0,0.0,0.0,0.0,0.0,0.0,0.0,0.0
1,0,0.74323237,0.0,0.0,0.2567676,0.0,0.0,0.0,0.0,0.0,0.0,0.0,0.0,0.0
1,0,0.74323237,0.0,0.0,0.2567676,0.0,0.0,0.0,0.0,0.0,0.0,0.0,0.0,0.0
1,0,0.74323237,0.0,0.0,0.2567676,0.0,0.0,0.0,0.0,0.0,0.0,0.0,0.0,0.0
1,0,0.74323237,0.0,0.0,0.2567676,0.0,0.0,0.0,0.0,0.0,0.0,0.0,0.0,0.0
1,0,0.86985475,0.0,0.0,0.13014528,0.0,0.0,0.0,0.0,0.0,0.0,0.0,0.0,0.0
1,0,0.86985475,0.0,0.0,0.13014528,0.0,0.0,0.0,0.0,0.0,0.0,0.0,0.0,0.0
1,0,0.86985475,0.0,0.0,0.13014528,0.0,0.0,0.0,0.0,0.0,0.0,0.0,0.0,0.0
1,0,0.86985475,0.0,0.0,0.13014528,0.0,0.0,0.0,0.0,0.0,0.0,0.0,0.0,0.0
1,0,0.86985475,0.0,0.0,0.13014528,0.0,0.0,0.0,0.0,0.0,0.0,0.0,0.0,0.0
1,0,0.86985475,0.0,0.0,0.13014528,0.0,0.0,0.0,0.0,0.0,0.0,0.0,0.0,0.0
1,0,0.86985475,0.0,0.0,0.13014528,0.0,0.0,0.0,0.0,0.0,0.0,0.0,0.0,0.0
1,0,0.86985475,0.0,0.0,0.13014528,0.0,0.0,0.0,0.0,0.0,0.0,0.0,0.0,0.0
1,0,0.86985475,0.0,0.0,0.13014528,0.0,0.0,0.0,0.0,0.0,0.0,0.0,0.0,0.0
1,0,0.86985475,0.0,0.0,0.13014528,0.0,0.0,0.0,0.0,0.0,0.0,0.0,0.0,0.0
1,0,0.86985475,0.0,0.0,0.13014528,0.0,0.0,0.0,0.0,0.0,0.0,0.0,0.0,0.0
1,0,0.86985475,0.0,0.0,0.13014528,0.0,0.0,0.0,0.0,0.0,0.0,0.0,0.0,0.0
1,0,0.86985475,0.0,0.0,0.13014528,0.0,0.0,0.0,0.0,0.0,0.0,0.0,0.0,0.0
1,0,0.86985475,0.0,0.0,0.13014528,0.0,0.0,0.0,0.0,0.0,0.0,0.0,0.0,0.0
1,0,0.86985475,0.0,0.0,0.13014528,0.0,0.0,0.0,0.0,0.0,0.0,0.0,0.0,0.0
1,0,0.86985475,0.0,0.0,0.13014528,0.0,0.0,0.0,0.0,0.0,0.0,0.0,0.0,0.0
1,0,0.86985475,0.0,0.0,0.13014528,0.0,0.0,0.0,0.0,0.0,0.0,0.0,0.0,0.0
1,0,0.86985475,0.0,0.0,0.13014528,0.0,0.0,0.0,0.0,0.0,0.0,0.0,0.0,0.0
1,0,0.86985475,0.0,0.0,0.13014528,0.0,0.0,0.0,0.0,0.0,0.0,0.0,0.0,0.0
1,0,0.86985475,0.0,0.0,0.13014528,0.0,0.0,0.0,0.0,0.0,0.0,0.0,0.0,0.0
1,0,0.86985475,0.0,0.0,0.13014528,0.0,0.0,0.0,0.0,0.0,0.0,0.0,0.0,0.0
1,0,0.86985475,0.0,0.0,0.13014528,0.0,0.0,0.0,0.0,0.0,0.0,0.0,0.0,0.0
1,0,0.86985475,0.0,0.0,0.13014528,0.0,0.0,0.0,0.0,0.0,0.0,0.0,0.0,0.0
1,0,0.86985475,0.0,0.0,0.13014528,0.0,0.0,0.0,0.0,0.0,0.0,0.0,0.0,0.0
1,0,0.86985475,0.0,0.0,0.13014528,0.0,0.0,0.0,0.0,0.0,0.0,0.0,0.0,0.0
1,0,0.86985475,0.0,0.0,0.13014528,0.0,0.0,0.0,0.0,0.0,0.0,0.0,0.0,0.0
1,0,0.86985475,0.0,0.0,0.13014528,0.0,0.0,0.0,0.0,0.0,0.0,0.0,0.0,0.0
1,0,0.86985475,0.0,0.0,0.13014528,0.0,0.0,0.0,0.0,0.0,0.0,0.0,0.0,0.0
1,0,0.86985475,0.0,0.0,0.13014528,0.0,0.0,0.0,0.0,0.0,0.0,0.0,0.0,0.0
1,0,0.86985475,0.0,0.0,0.13014528,0.0,0.0,0.0,0.0,0.0,0.0,0.0,0.0,0.0
1,0,0.86985475,0.0,0.0,0.13014528,0.0,0.0,0.0,0.0,0.0,0.0,0.0,0.0,0.0
1,0,0.86985475,0.0,0.0,0.13014528,0.0,0.0,0.0,0.0,0.0,0.0,0.0,0.0,0.0
1,0,0.86985475,0.0,0.0,0.13014528,0.0,0.0,0.0,0.0,0.0,0.0,0.0,0.0,0.0
1,0,0.86985475,0.0,0.0,0.13014528,0.0,0.0,0.0,0.0,0.0,0.0,0.0,0.0,0.0
1,0,0.86985475,0.0,0.0,0.13014528,0.0,0.0,0.0,0.0,0.0,0.0,0.0,0.0,0.0
1,0,0.86985475,0.0,0.0,0.13014528,0.0,0.0,0.0,0.0,0.0,0.0,0.0,0.0,0.0
1,0,0.86985475,0.0,0.0,0.13014528,0.0,0.0,0.0,0.0,0.0,0.0,0.0,0.0,0.0
1,0,0.86985475,0.0,0.0,0.13014528,0.0,0.0,0.0,0.0,0.0,0.0,0.0,0.0,0.0
1,0,0.86985475,0.0,0.0,0.13014528,0.0,0.0,0.0,0.0,0.0,0.0,0.0,0.0,0.0
1,0,0.86985475,0.0,0.0,0.13014528,0.0,0.0,0.0,0.0,0.0,0.0,0.0,0.0,0.0
1,0,0.86985475,0.0,0.0,0.13014528,0.0,0.0,0.0,0.0,0.0,0.0,0.0,0.0,0.0
1,0,0.86985475,0.0,0.0,0.13014528,0.0,0.0,0.0,0.0,0.0,0.0,0.0,0.0,0.0
1,0,0.86985475,0.0,0.0,0.13014528,0.0,0.0,0.0,0.0,0.0,0.0,0.0,0.0,0.0
1,0,0.86985475,0.0,0.0,0.13014528,0.0,0.0,0.0,0.0,0.0,0.0,0.0,0.0,0.0
1,0,0.86985475,0.0,0.0,0.13014528,0.0,0.0,0.0,0.0,0.0,0.0,0.0,0.0,0.0
1,0,0.86985475,0.0,0.0,0.13014528,0.0,0.0,0.0,0.0,0.0,0.0,0.0,0.0,0.0
1,0,0.86985475,0.0,0.0,0.13014528,0.0,0.0,0.0,0.0,0.0,0.0,0.0,0.0,0.0
1,0,0.86985475,0.0,0.0,0.13014528,0.0,0.0,0.0,0.0,0.0,0.0,0.0,0.0,0.0
1,0,0.86985475,0.0,0.0,0.13014528,0.0,0.0,0.0,0.0,0.0,0.0,0.0,0.0,0.0
1,0,0.86985475,0.0,0.0,0.13014528,0.0,0.0,0.0,0.0,0.0,0.0,0.0,0.0,0.0
1,0,0.86985475,0.0,0.0,0.13014528,0.0,0.0,0.0,0.0,0.0,0.0,0.0,0.0,0.0
1,0,0.86985475,0.0,0.0,0.13014528,0.0,0.0,0.0,0.0,0.0,0.0,0.0,0.0,0.0
1,0,0.86985475,0.0,0.0,0.13014528,0.0,0.0,0.0,0.0,0.0,0.0,0.0,0.0,0.0
1,0,0.86985475,0.0,0.0,0.13014528,0.0,0.0,0.0,0.0,0.0,0.0,0.0,0.0,0.0
1,0,0.86985475,0.0,0.0,0.13014528,0.0,0.0,0.0,0.0,0.0,0.0,0.0,0.0,0.0
1,0,0.9381117,0.0,0.0,0.06188829,0.0,0.0,0.0,0.0,0.0,0.0,0.0,0.0,0.0
1,0,0.9381117,0.0,0.0,0.06188829,0.0,0.0,0.0,0.0,0.0,0.0,0.0,0.0,0.0
1,0,0.9381117,0.0,0.0,0.06188829,0.0,0.0,0.0,0.0,0.0,0.0,0.0,0.0,0.0
1,0,0.9381117,0.0,0.0,0.06188829,0.0,0.0,0.0,0.0,0.0,0.0,0.0,0.0,0.0
1,0,0.9381117,0.0,0.0,0.06188829,0.0,0.0,0.0,0.0,0.0,0.0,0.0,0.0,0.0
1,0,0.9381117,0.0,0.0,0.06188829,0.0,0.0,0.0,0.0,0.0,0.0,0.0,0.0,0.0
1,0,0.9381117,0.0,0.0,0.06188829,0.0,0.0,0.0,0.0,0.0,0.0,0.0,0.0,0.0
1,0,0.9381117,0.0,0.0,0.06188829,0.0,0.0,0.0,0.0,0.0,0.0,0.0,0.0,0.0
1,0,0.9381117,0.0,0.0,0.06188829,0.0,0.0,0.0,0.0,0.0,0.0,0.0,0.0,0.0
1,0,0.9381117,0.0,0.0,0.06188829,0.0,0.0,0.0,0.0,0.0,0.0,0.0,0.0,0.0
1,0,0.9381117,0.0,0.0,0.06188829,0.0,0.0,0.0,0.0,0.0,0.0,0.0,0.0,0.0
1,0,0.9381117,0.0,0.0,0.06188829,0.0,0.0,0.0,0.0,0.0,0.0,0.0,0.0,0.0
1,0,0.9381117,0.0,0.0,0.06188829,0.0,0.0,0.0,0.0,0.0,0.0,0.0,0.0,0.0
1,0,0.9381117,0.0,0.0,0.06188829,0.0,0.0,0.0,0.0,0.0,0.0,0.0,0.0,0.0
1,0,0.9381117,0.0,0.0,0.06188829,0.0,0.0,0.0,0.0,0.0,0.0,0.0,0.0,0.0
1,0,0.9381117,0.0,0.0,0.06188829,0.0,0.0,0.0,0.0,0.0,0.0,0.0,0.0,0.0
1,0,0.9381117,0.0,0.0,0.06188829,0.0,0.0,0.0,0.0,0.0,0.0,0.0,0.0,0.0
1,0,0.9381117,0.0,0.0,0.06188829,0.0,0.0,0.0,0.0,0.0,0.0,0.0,0.0,0.0
1,0,0.9381117,0.0,0.0,0.06188829,0.0,0.0,0.0,0.0,0.0,0.0,0.0,0.0,0.0
1,0,0.9381117,0.0,0.0,0.06188829,0.0,0.0,0.0,0.0,0.0,0.0,0.0,0.0,0.0
1,0,0.9381117,0.0,0.0,0.06188829,0.0,0.0,0.0,0.0,0.0,0.0,0.0,0.0,0.0
1,0,0.9381117,0.0,0.0,0.06188829,0.0,0.0,0.0,0.0,0.0,0.0,0.0,0.0,0.0
1,0,0.9381117,0.0,0.0,0.06188829,0.0,0.0,0.0,0.0,0.0,0.0,0.0,0.0,0.0
1,0,1.0,0.0,0.0,0.0,0.0,0.0,0.0,0.0,0.0,0.0,0.0,0.0,0.0
1,0,1.0,0.0,0.0,0.0,0.0,0.0,0.0,0.0,0.0,0.0,0.0,0.0,0.0
1,0,1.0,0.0,0.0,0.0,0.0,0.0,0.0,0.0,0.0,0.0,0.0,0.0,0.0
1,0,1.0,0.0,0.0,0.0,0.0,0.0,0.0,0.0,0.0,0.0,0.0,0.0,0.0
1,0,1.0,0.0,0.0,0.0,0.0,0.0,0.0,0.0,0.0,0.0,0.0,0.0,0.0
1,0,1.0,0.0,0.0,0.0,0.0,0.0,0.0,0.0,0.0,0.0,0.0,0.0,0.0
1,0,1.0,0.0,0.0,0.0,0.0,0.0,0.0,0.0,0.0,0.0,0.0,0.0,0.0
1,0,1.0,0.0,0.0,0.0,0.0,0.0,0.0,0.0,0.0,0.0,0.0,0.0,0.0
1,0,1.0,0.0,0.0,0.0,0.0,0.0,0.0,0.0,0.0,0.0,0.0,0.0,0.0
1,0,1.0,0.0,0.0,0.0,0.0,0.0,0.0,0.0,0.0,0.0,0.0,0.0,0.0
1,0,1.0,0.0,0.0,0.0,0.0,0.0,0.0,0.0,0.0,0.0,0.0,0.0,0.0
1,0,1.0,0.0,0.0,0.0,0.0,0.0,0.0,0.0,0.0,0.0,0.0,0.0,0.0
1,0,1.0,0.0,0.0,0.0,0.0,0.0,0.0,0.0,0.0,0.0,0.0,0.0,0.0
1,0,1.0,0.0,0.0,0.0,0.0,0.0,0.0,0.0,0.0,0.0,0.0,0.0,0.0
1,0,1.0,0.0,0.0,0.0,0.0,0.0,0.0,0.0,0.0,0.0,0.0,0.0,0.0
1,0,1.0,0.0,0.0,0.0,0.0,0.0,0.0,0.0,0.0,0.0,0.0,0.0,0.0
1,0,1.0,0.0,0.0,0.0,0.0,0.0,0.0,0.0,0.0,0.0,0.0,0.0,0.0
1,0,1.0,0.0,0.0,0.0,0.0,0.0,0.0,0.0,0.0,0.0,0.0,0.0,0.0
1,0,1.0,0.0,0.0,0.0,0.0,0.0,0.0,0.0,0.0,0.0,0.0,0.0,0.0
1,0,1.0,0.0,0.0,0.0,0.0,0.0,0.0,0.0,0.0,0.0,0.0,0.0,0.0
1,0,1.0,0.0,0.0,0.0,0.0,0.0,0.0,0.0,0.0,0.0,0.0,0.0,0.0
1,0,1.0,0.0,0.0,0.0,0.0,0.0,0.0,0.0,0.0,0.0,0.0,0.0,0.0
1,0,1.0,0.0,0.0,0.0,0.0,0.0,0.0,0.0,0.0,0.0,0.0,0.0,0.0
1,0,1.0,0.0,0.0,0.0,0.0,0.0,0.0,0.0,0.0,0.0,0.0,0.0,0.0
1,0,1.0,0.0,0.0,0.0,0.0,0.0,0.0,0.0,0.0,0.0,0.0,0.0,0.0
1,0,1.0,0.0,0.0,0.0,0.0,0.0,0.0,0.0,0.0,0.0,0.0,0.0,0.0
1,0,1.0,0.0,0.0,0.0,0.0,0.0,0.0,0.0,0.0,0.0,0.0,0.0,0.0
1,0,1.0,0.0,0.0,0.0,0.0,0.0,0.0,0.0,0.0,0.0,0.0,0.0,0.0
1,0,1.0,0.0,0.0,0.0,0.0,0.0,0.0,0.0,0.0,0.0,0.0,0.0,0.0
1,0,1.0,0.0,0.0,0.0,0.0,0.0,0.0,0.0,0.0,0.0,0.0,0.0,0.0
1,0,1.0,0.0,0.0,0.0,0.0,0.0,0.0,0.0,0.0,0.0,0.0,0.0,0.0
1,0,1.0,0.0,0.0,0.0,0.0,0.0,0.0,0.0,0.0,0.0,0.0,0.0,0.0
1,0,1.0,0.0,0.0,0.0,0.0,0.0,0.0,0.0,0.0,0.0,0.0,0.0,0.0
1,0,1.0,0.0,0.0,0.0,0.0,0.0,0.0,0.0,0.0,0.0,0.0,0.0,0.0
1,0,1.0,0.0,0.0,0.0,0.0,0.0,0.0,0.0,0.0,0.0,0.0,0.0,0.0
1,0,1.0,0.0,0.0,0.0,0.0,0.0,0.0,0.0,0.0,0.0,0.0,0.0,0.0
1,0,1.0,0.0,0.0,0.0,0.0,0.0,0.0,0.0,0.0,0.0,0.0,0.0,0.0
1,0,1.0,0.0,0.0,0.0,0.0,0.0,0.0,0.0,0.0,0.0,0.0,0.0,0.0
1,0,1.0,0.0,0.0,0.0,0.0,0.0,0.0,0.0,0.0,0.0,0.0,0.0,0.0
1,0,1.0,0.0,0.0,0.0,0.0,0.0,0.0,0.0,0.0,0.0,0.0,0.0,0.0
1,0,1.0,0.0,0.0,0.0,0.0,0.0,0.0,0.0,0.0,0.0,0.0,0.0,0.0
1,0,1.0,0.0,0.0,0.0,0.0,0.0,0.0,0.0,0.0,0.0,0.0,0.0,0.0
1,0,1.0,0.0,0.0,0.0,0.0,0.0,0.0,0.0,0.0,0.0,0.0,0.0,0.0
1,0,1.0,0.0,0.0,0.0,0.0,0.0,0.0,0.0,0.0,0.0,0.0,0.0,0.0
1,0,1.0,0.0,0.0,0.0,0.0,0.0,0.0,0.0,0.0,0.0,0.0,0.0,0.0
1,0,1.0,0.0,0.0,0.0,0.0,0.0,0.0,0.0,0.0,0.0,0.0,0.0,0.0
1,0,1.0,0.0,0.0,0.0,0.0,0.0,0.0,0.0,0.0,0.0,0.0,0.0,0.0
1,0,1.0,0.0,0.0,0.0,0.0,0.0,0.0,0.0,0.0,0.0,0.0,0.0,0.0
1,0,1.0,0.0,0.0,0.0,0.0,0.0,0.0,0.0,0.0,0.0,0.0,0.0,0.0
1,0,1.0,0.0,0.0,0.0,0.0,0.0,0.0,0.0,0.0,0.0,0.0,0.0,0.0
1,0,1.0,0.0,0.0,0.0,0.0,0.0,0.0,0.0,0.0,0.0,0.0,0.0,0.0
1,0,1.0,0.0,0.0,0.0,0.0,0.0,0.0,0.0,0.0,0.0,0.0,0.0,0.0
1,0,1.0,0.0,0.0,0.0,0.0,0.0,0.0,0.0,0.0,0.0,0.0,0.0,0.0
1,0,1.0,0.0,0.0,0.0,0.0,0.0,0.0,0.0,0.0,0.0,0.0,0.0,0.0
1,0,1.0,0.0,0.0,0.0,0.0,0.0,0.0,0.0,0.0,0.0,0.0,0.0,0.0
1,0,1.0,0.0,0.0,0.0,0.0,0.0,0.0,0.0,0.0,0.0,0.0,0.0,0.0
1,0,1.0,0.0,0.0,0.0,0.0,0.0,0.0,0.0,0.0,0.0,0.0,0.0,0.0
1,0,1.0,0.0,0.0,0.0,0.0,0.0,0.0,0.0,0.0,0.0,0.0,0.0,0.0
1,0,1.0,0.0,0.0,0.0,0.0,0.0,0.0,0.0,0.0,0.0,0.0,0.0,0.0
1,0,1.0,0.0,0.0,0.0,0.0,0.0,0.0,0.0,0.0,0.0,0.0,0.0,0.0
1,0,1.0,0.0,0.0,0.0,0.0,0.0,0.0,0.0,0.0,0.0,0.0,0.0,0.0
1,0,1.0,0.0,0.0,0.0,0.0,0.0,0.0,0.0,0.0,0.0,0.0,0.0,0.0
1,0,1.0,0.0,0.0,0.0,0.0,0.0,0.0,0.0,0.0,0.0,0.0,0.0,0.0
1,0,1.0,0.0,0.0,0.0,0.0,0.0,0.0,0.0,0.0,0.0,0.0,0.0,0.0
1,0,1.0,0.0,0.0,0.0,0.0,0.0,0.0,0.0,0.0,0.0,0.0,0.0,0.0
1,0,1.0,0.0,0.0,0.0,0.0,0.0,0.0,0.0,0.0,0.0,0.0,0.0,0.0
1,0,1.0,0.0,0.0,0.0,0.0,0.0,0.0,0.0,0.0,0.0,0.0,0.0,0.0
1,0,1.0,0.0,0.0,0.0,0.0,0.0,0.0,0.0,0.0,0.0,0.0,0.0,0.0
1,0,1.0,0.0,0.0,0.0,0.0,0.0,0.0,0.0,0.0,0.0,0.0,0.0,0.0
1,0,1.0,0.0,0.0,0.0,0.0,0.0,0.0,0.0,0.0,0.0,0.0,0.0,0.0
1,0,1.0,0.0,0.0,0.0,0.0,0.0,0.0,0.0,0.0,0.0,0.0,0.0,0.0
1,0,1.0,0.0,0.0,0.0,0.0,0.0,0.0,0.0,0.0,0.0,0.0,0.0,0.0
1,0,1.0,0.0,0.0,0.0,0.0,0.0,0.0,0.0,0.0,0.0,0.0,0.0,0.0
1,0,1.0,0.0,0.0,0.0,0.0,0.0,0.0,0.0,0.0,0.0,0.0,0.0,0.0
1,0,1.0,0.0,0.0,0.0,0.0,0.0,0.0,0.0,0.0,0.0,0.0,0.0,0.0
1,0,1.0,0.0,0.0,0.0,0.0,0.0,0.0,0.0,0.0,0.0,0.0,0.0,0.0
1,0,1.0,0.0,0.0,0.0,0.0,0.0,0.0,0.0,0.0,0.0,0.0,0.0,0.0
1,0,1.0,0.0,0.0,0.0,0.0,0.0,0.0,0.0,0.0,0.0,0.0,0.0,0.0
1,0,1.0,0.0,0.0,0.0,0.0,0.0,0.0,0.0,0.0,0.0,0.0,0.0,0.0
1,0,1.0,0.0,0.0,0.0,0.0,0.0,0.0,0.0,0.0,0.0,0.0,0.0,0.0
1,0,1.0,0.0,0.0,0.0,0.0,0.0,0.0,0.0,0.0,0.0,0.0,0.0,0.0
1,0,1.0,0.0,0.0,0.0,0.0,0.0,0.0,0.0,0.0,0.0,0.0,0.0,0.0
1,0,1.0,0.0,0.0,0.0,0.0,0.0,0.0,0.0,0.0,0.0,0.0,0.0,0.0
1,0,1.0,0.0,0.0,0.0,0.0,0.0,0.0,0.0,0.0,0.0,0.0,0.0,0.0
1,0,1.0,0.0,0.0,0.0,0.0,0.0,0.0,0.0,0.0,0.0,0.0,0.0,0.0
1,0,1.0,0.0,0.0,0.0,0.0,0.0,0.0,0.0,0.0,0.0,0.0,0.0,0.0
1,0,1.0,0.0,0.0,0.0,0.0,0.0,0.0,0.0,0.0,0.0,0.0,0.0,0.0
1,0,1.0,0.0,0.0,0.0,0.0,0.0,0.0,0.0,0.0,0.0,0.0,0.0,0.0
1,0,1.0,0.0,0.0,0.0,0.0,0.0,0.0,0.0,0.0,0.0,0.0,0.0,0.0
1,0,1.0,0.0,0.0,0.0,0.0,0.0,0.0,0.0,0.0,0.0,0.0,0.0,0.0
1,0,1.0,0.0,0.0,0.0,0.0,0.0,0.0,0.0,0.0,0.0,0.0,0.0,0.0
1,0,1.0,0.0,0.0,0.0,0.0,0.0,0.0,0.0,0.0,0.0,0.0,0.0,0.0
1,0,1.0,0.0,0.0,0.0,0.0,0.0,0.0,0.0,0.0,0.0,0.0,0.0,0.0
1,0,1.0,0.0,0.0,0.0,0.0,0.0,0.0,0.0,0.0,0.0,0.0,0.0,0.0
1,0,1.0,0.0,0.0,0.0,0.0,0.0,0.0,0.0,0.0,0.0,0.0,0.0,0.0
1,0,1.0,0.0,0.0,0.0,0.0,0.0,0.0,0.0,0.0,0.0,0.0,0.0,0.0
1,0,1.0,0.0,0.0,0.0,0.0,0.0,0.0,0.0,0.0,0.0,0.0,0.0,0.0
1,0,1.0,0.0,0.0,0.0,0.0,0.0,0.0,0.0,0.0,0.0,0.0,0.0,0.0
1,0,1.0,0.0,0.0,0.0,0.0,0.0,0.0,0.0,0.0,0.0,0.0,0.0,0.0
1,0,1.0,0.0,0.0,0.0,0.0,0.0,0.0,0.0,0.0,0.0,0.0,0.0,0.0
1,0,1.0,0.0,0.0,0.0,0.0,0.0,0.0,0.0,0.0,0.0,0.0,0.0,0.0
1,0,1.0,0.0,0.0,0.0,0.0,0.0,0.0,0.0,0.0,0.0,0.0,0.0,0.0
1,0,1.0,0.0,0.0,0.0,0.0,0.0,0.0,0.0,0.0,0.0,0.0,0.0,0.0
1,0,1.0,0.0,0.0,0.0,0.0,0.0,0.0,0.0,0.0,0.0,0.0,0.0,0.0
1,0,1.0,0.0,0.0,0.0,0.0,0.0,0.0,0.0,0.0,0.0,0.0,0.0,0.0
1,0,1.0,0.0,0.0,0.0,0.0,0.0,0.0,0.0,0.0,0.0,0.0,0.0,0.0
1,0,1.0,0.0,0.0,0.0,0.0,0.0,0.0,0.0,0.0,0.0,0.0,0.0,0.0
1,0,1.0,0.0,0.0,0.0,0.0,0.0,0.0,0.0,0.0,0.0,0.0,0.0,0.0
1,0,1.0,0.0,0.0,0.0,0.0,0.0,0.0,0.0,0.0,0.0,0.0,0.0,0.0
1,0,1.0,0.0,0.0,0.0,0.0,0.0,0.0,0.0,0.0,0.0,0.0,0.0,0.0
1,0,1.0,0.0,0.0,0.0,0.0,0.0,0.0,0.0,0.0,0.0,0.0,0.0,0.0
1,0,1.0,0.0,0.0,0.0,0.0,0.0,0.0,0.0,0.0,0.0,0.0,0.0,0.0
1,0,1.0,0.0,0.0,0.0,0.0,0.0,0.0,0.0,0.0,0.0,0.0,0.0,0.0
1,0,1.0,0.0,0.0,0.0,0.0,0.0,0.0,0.0,0.0,0.0,0.0,0.0,0.0
1,0,1.0,0.0,0.0,0.0,0.0,0.0,0.0,0.0,0.0,0.0,0.0,0.0,0.0
1,0,1.0,0.0,0.0,0.0,0.0,0.0,0.0,0.0,0.0,0.0,0.0,0.0,0.0
1,0,1.0,0.0,0.0,0.0,0.0,0.0,0.0,0.0,0.0,0.0,0.0,0.0,0.0
1,0,1.0,0.0,0.0,0.0,0.0,0.0,0.0,0.0,0.0,0.0,0.0,0.0,0.0
1,0,1.0,0.0,0.0,0.0,0.0,0.0,0.0,0.0,0.0,0.0,0.0,0.0,0.0
1,0,1.0,0.0,0.0,0.0,0.0,0.0,0.0,0.0,0.0,0.0,0.0,0.0,0.0
1,0,1.0,0.0,0.0,0.0,0.0,0.0,0.0,0.0,0.0,0.0,0.0,0.0,0.0
1,0,1.0,0.0,0.0,0.0,0.0,0.0,0.0,0.0,0.0,0.0,0.0,0.0,0.0
1,0,1.0,0.0,0.0,0.0,0.0,0.0,0.0,0.0,0.0,0.0,0.0,0.0,0.0
1,0,1.0,0.0,0.0,0.0,0.0,0.0,0.0,0.0,0.0,0.0,0.0,0.0,0.0
1,0,1.0,0.0,0.0,0.0,0.0,0.0,0.0,0.0,0.0,0.0,0.0,0.0,0.0
1,0,1.0,0.0,0.0,0.0,0.0,0.0,0.0,0.0,0.0,0.0,0.0,0.0,0.0
1,0,1.0,0.0,0.0,0.0,0.0,0.0,0.0,0.0,0.0,0.0,0.0,0.0,0.0
1,0,1.0,0.0,0.0,0.0,0.0,0.0,0.0,0.0,0.0,0.0,0.0,0.0,0.0
1,0,1.0,0.0,0.0,0.0,0.0,0.0,0.0,0.0,0.0,0.0,0.0,0.0,0.0
1,0,1.0,0.0,0.0,0.0,0.0,0.0,0.0,0.0,0.0,0.0,0.0,0.0,0.0
1,0,1.0,0.0,0.0,0.0,0.0,0.0,0.0,0.0,0.0,0.0,0.0,0.0,0.0
1,0,1.0,0.0,0.0,0.0,0.0,0.0,0.0,0.0,0.0,0.0,0.0,0.0,0.0
1,0,1.0,0.0,0.0,0.0,0.0,0.0,0.0,0.0,0.0,0.0,0.0,0.0,0.0
1,0,1.0,0.0,0.0,0.0,0.0,0.0,0.0,0.0,0.0,0.0,0.0,0.0,0.0
1,0,1.0,0.0,0.0,0.0,0.0,0.0,0.0,0.0,0.0,0.0,0.0,0.0,0.0
1,0,1.0,0.0,0.0,0.0,0.0,0.0,0.0,0.0,0.0,0.0,0.0,0.0,0.0
1,0,1.0,0.0,0.0,0.0,0.0,0.0,0.0,0.0,0.0,0.0,0.0,0.0,0.0
1,0,1.0,0.0,0.0,0.0,0.0,0.0,0.0,0.0,0.0,0.0,0.0,0.0,0.0
1,0,1.0,0.0,0.0,0.0,0.0,0.0,0.0,0.0,0.0,0.0,0.0,0.0,0.0
1,0,1.0,0.0,0.0,0.0,0.0,0.0,0.0,0.0,0.0,0.0,0.0,0.0,0.0
1,0,1.0,0.0,0.0,0.0,0.0,0.0,0.0,0.0,0.0,0.0,0.0,0.0,0.0
1,0,1.0,0.0,0.0,0.0,0.0,0.0,0.0,0.0,0.0,0.0,0.0,0.0,0.0
1,0,1.0,0.0,0.0,0.0,0.0,0.0,0.0,0.0,0.0,0.0,0.0,0.0,0.0
1,0,1.0,0.0,0.0,0.0,0.0,0.0,0.0,0.0,0.0,0.0,0.0,0.0,0.0
1,0,1.0,0.0,0.0,0.0,0.0,0.0,0.0,0.0,0.0,0.0,0.0,0.0,0.0
1,0,1.0,0.0,0.0,0.0,0.0,0.0,0.0,0.0,0.0,0.0,0.0,0.0,0.0
1,0,1.0,0.0,0.0,0.0,0.0,0.0,0.0,0.0,0.0,0.0,0.0,0.0,0.0
1,0,1.0,0.0,0.0,0.0,0.0,0.0,0.0,0.0,0.0,0.0,0.0,0.0,0.0
1,0,1.0,0.0,0.0,0.0,0.0,0.0,0.0,0.0,0.0,0.0,0.0,0.0,0.0
1,0,1.0,0.0,0.0,0.0,0.0,0.0,0.0,0.0,0.0,0.0,0.0,0.0,0.0
1,0,1.0,0.0,0.0,0.0,0.0,0.0,0.0,0.0,0.0,0.0,0.0,0.0,0.0
1,0,1.0,0.0,0.0,0.0,0.0,0.0,0.0,0.0,0.0,0.0,0.0,0.0,0.0
1,0,1.0,0.0,0.0,0.0,0.0,0.0,0.0,0.0,0.0,0.0,0.0,0.0,0.0
1,0,1.0,0.0,0.0,0.0,0.0,0.0,0.0,0.0,0.0,0.0,0.0,0.0,0.0
1,0,1.0,0.0,0.0,0.0,0.0,0.0,0.0,0.0,0.0,0.0,0.0,0.0,0.0
1,0,1.0,0.0,0.0,0.0,0.0,0.0,0.0,0.0,0.0,0.0,0.0,0.0,0.0
1,0,1.0,0.0,0.0,0.0,0.0,0.0,0.0,0.0,0.0,0.0,0.0,0.0,0.0
1,0,1.0,0.0,0.0,0.0,0.0,0.0,0.0,0.0,0.0,0.0,0.0,0.0,0.0
1,0,1.0,0.0,0.0,0.0,0.0,0.0,0.0,0.0,0.0,0.0,0.0,0.0,0.0
1,0,1.0,0.0,0.0,0.0,0.0,0.0,0.0,0.0,0.0,0.0,0.0,0.0,0.0
1,0,1.0,0.0,0.0,0.0,0.0,0.0,0.0,0.0,0.0,0.0,0.0,0.0,0.0
1,0,1.0,0.0,0.0,0.0,0.0,0.0,0.0,0.0,0.0,0.0,0.0,0.0,0.0
1,0,1.0,0.0,0.0,0.0,0.0,0.0,0.0,0.0,0.0,0.0,0.0,0.0,0.0
1,0,1.0,0.0,0.0,0.0,0.0,0.0,0.0,0.0,0.0,0.0,0.0,0.0,0.0
1,0,1.0,0.0,0.0,0.0,0.0,0.0,0.0,0.0,0.0,0.0,0.0,0.0,0.0
1,0,1.0,0.0,0.0,0.0,0.0,0.0,0.0,0.0,0.0,0.0,0.0,0.0,0.0
1,0,1.0,0.0,0.0,0.0,0.0,0.0,0.0,0.0,0.0,0.0,0.0,0.0,0.0
1,0,1.0,0.0,0.0,0.0,0.0,0.0,0.0,0.0,0.0,0.0,0.0,0.0,0.0
1,0,1.0,0.0,0.0,0.0,0.0,0.0,0.0,0.0,0.0,0.0,0.0,0.0,0.0
1,0,1.0,0.0,0.0,0.0,0.0,0.0,0.0,0.0,0.0,0.0,0.0,0.0,0.0
1,0,1.0,0.0,0.0,0.0,0.0,0.0,0.0,0.0,0.0,0.0,0.0,0.0,0.0
1,0,1.0,0.0,0.0,0.0,0.0,0.0,0.0,0.0,0.0,0.0,0.0,0.0,0.0
1,0,1.0,0.0,0.0,0.0,0.0,0.0,0.0,0.0,0.0,0.0,0.0,0.0,0.0
1,0,1.0,0.0,0.0,0.0,0.0,0.0,0.0,0.0,0.0,0.0,0.0,0.0,0.0
1,0,1.0,0.0,0.0,0.0,0.0,0.0,0.0,0.0,0.0,0.0,0.0,0.0,0.0
1,0,1.0,0.0,0.0,0.0,0.0,0.0,0.0,0.0,0.0,0.0,0.0,0.0,0.0
1,0,1.0,0.0,0.0,0.0,0.0,0.0,0.0,0.0,0.0,0.0,0.0,0.0,0.0
1,0,1.0,0.0,0.0,0.0,0.0,0.0,0.0,0.0,0.0,0.0,0.0,0.0,0.0
1,0,1.0,0.0,0.0,0.0,0.0,0.0,0.0,0.0,0.0,0.0,0.0,0.0,0.0
1,0,1.0,0.0,0.0,0.0,0.0,0.0,0.0,0.0,0.0,0.0,0.0,0.0,0.0
1,0,1.0,0.0,0.0,0.0,0.0,0.0,0.0,0.0,0.0,0.0,0.0,0.0,0.0
1,0,1.0,0.0,0.0,0.0,0.0,0.0,0.0,0.0,0.0,0.0,0.0,0.0,0.0
1,0,1.0,0.0,0.0,0.0,0.0,0.0,0.0,0.0,0.0,0.0,0.0,0.0,0.0
1,0,1.0,0.0,0.0,0.0,0.0,0.0,0.0,0.0,0.0,0.0,0.0,0.0,0.0
1,0,1.0,0.0,0.0,0.0,0.0,0.0,0.0,0.0,0.0,0.0,0.0,0.0,0.0
1,0,1.0,0.0,0.0,0.0,0.0,0.0,0.0,0.0,0.0,0.0,0.0,0.0,0.0
1,0,1.0,0.0,0.0,0.0,0.0,0.0,0.0,0.0,0.0,0.0,0.0,0.0,0.0
1,0,1.0,0.0,0.0,0.0,0.0,0.0,0.0,0.0,0.0,0.0,0.0,0.0,0.0
1,0,1.0,0.0,0.0,0.0,0.0,0.0,0.0,0.0,0.0,0.0,0.0,0.0,0.0
1,0,1.0,0.0,0.0,0.0,0.0,0.0,0.0,0.0,0.0,0.0,0.0,0.0,0.0
1,0,1.0,0.0,0.0,0.0,0.0,0.0,0.0,0.0,0.0,0.0,0.0,0.0,0.0
1,0,1.0,0.0,0.0,0.0,0.0,0.0,0.0,0.0,0.0,0.0,0.0,0.0,0.0
1,0,1.0,0.0,0.0,0.0,0.0,0.0,0.0,0.0,0.0,0.0,0.0,0.0,0.0
1,0,1.0,0.0,0.0,0.0,0.0,0.0,0.0,0.0,0.0,0.0,0.0,0.0,0.0
1,0,1.0,0.0,0.0,0.0,0.0,0.0,0.0,0.0,0.0,0.0,0.0,0.0,0.0
1,0,1.0,0.0,0.0,0.0,0.0,0.0,0.0,0.0,0.0,0.0,0.0,0.0,0.0
1,0,1.0,0.0,0.0,0.0,0.0,0.0,0.0,0.0,0.0,0.0,0.0,0.0,0.0
1,0,1.0,0.0,0.0,0.0,0.0,0.0,0.0,0.0,0.0,0.0,0.0,0.0,0.0
1,0,1.0,0.0,0.0,0.0,0.0,0.0,0.0,0.0,0.0,0.0,0.0,0.0,0.0
1,0,1.0,0.0,0.0,0.0,0.0,0.0,0.0,0.0,0.0,0.0,0.0,0.0,0.0
1,0,1.0,0.0,0.0,0.0,0.0,0.0,0.0,0.0,0.0,0.0,0.0,0.0,0.0
1,0,1.0,0.0,0.0,0.0,0.0,0.0,0.0,0.0,0.0,0.0,0.0,0.0,0.0
1,0,1.0,0.0,0.0,0.0,0.0,0.0,0.0,0.0,0.0,0.0,0.0,0.0,0.0
1,0,1.0,0.0,0.0,0.0,0.0,0.0,0.0,0.0,0.0,0.0,0.0,0.0,0.0
1,0,1.0,0.0,0.0,0.0,0.0,0.0,0.0,0.0,0.0,0.0,0.0,0.0,0.0
1,0,1.0,0.0,0.0,0.0,0.0,0.0,0.0,0.0,0.0,0.0,0.0,0.0,0.0
1,0,1.0,0.0,0.0,0.0,0.0,0.0,0.0,0.0,0.0,0.0,0.0,0.0,0.0
1,0,1.0,0.0,0.0,0.0,0.0,0.0,0.0,0.0,0.0,0.0,0.0,0.0,0.0
1,0,1.0,0.0,0.0,0.0,0.0,0.0,0.0,0.0,0.0,0.0,0.0,0.0,0.0
1,0,1.0,0.0,0.0,0.0,0.0,0.0,0.0,0.0,0.0,0.0,0.0,0.0,0.0
1,0,1.0,0.0,0.0,0.0,0.0,0.0,0.0,0.0,0.0,0.0,0.0,0.0,0.0
1,0,1.0,0.0,0.0,0.0,0.0,0.0,0.0,0.0,0.0,0.0,0.0,0.0,0.0
1,0,1.0,0.0,0.0,0.0,0.0,0.0,0.0,0.0,0.0,0.0,0.0,0.0,0.0
1,0,1.0,0.0,0.0,0.0,0.0,0.0,0.0,0.0,0.0,0.0,0.0,0.0,0.0
1,0,1.0,0.0,0.0,0.0,0.0,0.0,0.0,0.0,0.0,0.0,0.0,0.0,0.0
1,0,1.0,0.0,0.0,0.0,0.0,0.0,0.0,0.0,0.0,0.0,0.0,0.0,0.0
1,0,1.0,0.0,0.0,0.0,0.0,0.0,0.0,0.0,0.0,0.0,0.0,0.0,0.0
1,0,1.0,0.0,0.0,0.0,0.0,0.0,0.0,0.0,0.0,0.0,0.0,0.0,0.0
1,0,1.0,0.0,0.0,0.0,0.0,0.0,0.0,0.0,0.0,0.0,0.0,0.0,0.0
1,0,1.0,0.0,0.0,0.0,0.0,0.0,0.0,0.0,0.0,0.0,0.0,0.0,0.0
1,0,1.0,0.0,0.0,0.0,0.0,0.0,0.0,0.0,0.0,0.0,0.0,0.0,0.0
1,0,1.0,0.0,0.0,0.0,0.0,0.0,0.0,0.0,0.0,0.0,0.0,0.0,0.0
1,0,1.0,0.0,0.0,0.0,0.0,0.0,0.0,0.0,0.0,0.0,0.0,0.0,0.0
1,0,1.0,0.0,0.0,0.0,0.0,0.0,0.0,0.0,0.0,0.0,0.0,0.0,0.0
1,0,1.0,0.0,0.0,0.0,0.0,0.0,0.0,0.0,0.0,0.0,0.0,0.0,0.0
1,0,1.0,0.0,0.0,0.0,0.0,0.0,0.0,0.0,0.0,0.0,0.0,0.0,0.0
1,0,1.0,0.0,0.0,0.0,0.0,0.0,0.0,0.0,0.0,0.0,0.0,0.0,0.0
1,0,1.0,0.0,0.0,0.0,0.0,0.0,0.0,0.0,0.0,0.0,0.0,0.0,0.0
1,0,1.0,0.0,0.0,0.0,0.0,0.0,0.0,0.0,0.0,0.0,0.0,0.0,0.0
1,0,1.0,0.0,0.0,0.0,0.0,0.0,0.0,0.0,0.0,0.0,0.0,0.0,0.0
1,0,1.0,0.0,0.0,0.0,0.0,0.0,0.0,0.0,0.0,0.0,0.0,0.0,0.0
1,0,1.0,0.0,0.0,0.0,0.0,0.0,0.0,0.0,0.0,0.0,0.0,0.0,0.0
1,0,1.0,0.0,0.0,0.0,0.0,0.0,0.0,0.0,0.0,0.0,0.0,0.0,0.0
1,0,1.0,0.0,0.0,0.0,0.0,0.0,0.0,0.0,0.0,0.0,0.0,0.0,0.0
1,0,1.0,0.0,0.0,0.0,0.0,0.0,0.0,0.0,0.0,0.0,0.0,0.0,0.0
1,0,1.0,0.0,0.0,0.0,0.0,0.0,0.0,0.0,0.0,0.0,0.0,0.0,0.0
1,0,1.0,0.0,0.0,0.0,0.0,0.0,0.0,0.0,0.0,0.0,0.0,0.0,0.0
1,0,1.0,0.0,0.0,0.0,0.0,0.0,0.0,0.0,0.0,0.0,0.0,0.0,0.0
1,0,1.0,0.0,0.0,0.0,0.0,0.0,0.0,0.0,0.0,0.0,0.0,0.0,0.0
1,0,1.0,0.0,0.0,0.0,0.0,0.0,0.0,0.0,0.0,0.0,0.0,0.0,0.0
1,0,1.0,0.0,0.0,0.0,0.0,0.0,0.0,0.0,0.0,0.0,0.0,0.0,0.0
1,0,1.0,0.0,0.0,0.0,0.0,0.0,0.0,0.0,0.0,0.0,0.0,0.0,0.0
1,0,1.0,0.0,0.0,0.0,0.0,0.0,0.0,0.0,0.0,0.0,0.0,0.0,0.0
1,0,1.0,0.0,0.0,0.0,0.0,0.0,0.0,0.0,0.0,0.0,0.0,0.0,0.0
1,0,1.0,0.0,0.0,0.0,0.0,0.0,0.0,0.0,0.0,0.0,0.0,0.0,0.0
1,0,1.0,0.0,0.0,0.0,0.0,0.0,0.0,0.0,0.0,0.0,0.0,0.0,0.0
1,0,1.0,0.0,0.0,0.0,0.0,0.0,0.0,0.0,0.0,0.0,0.0,0.0,0.0
1,0,1.0,0.0,0.0,0.0,0.0,0.0,0.0,0.0,0.0,0.0,0.0,0.0,0.0
1,0,1.0,0.0,0.0,0.0,0.0,0.0,0.0,0.0,0.0,0.0,0.0,0.0,0.0
1,0,1.0,0.0,0.0,0.0,0.0,0.0,0.0,0.0,0.0,0.0,0.0,0.0,0.0
1,0,1.0,0.0,0.0,0.0,0.0,0.0,0.0,0.0,0.0,0.0,0.0,0.0,0.0
1,0,1.0,0.0,0.0,0.0,0.0,0.0,0.0,0.0,0.0,0.0,0.0,0.0,0.0
1,0,1.0,0.0,0.0,0.0,0.0,0.0,0.0,0.0,0.0,0.0,0.0,0.0,0.0
1,0,1.0,0.0,0.0,0.0,0.0,0.0,0.0,0.0,0.0,0.0,0.0,0.0,0.0
1,0,1.0,0.0,0.0,0.0,0.0,0.0,0.0,0.0,0.0,0.0,0.0,0.0,0.0
1,0,1.0,0.0,0.0,0.0,0.0,0.0,0.0,0.0,0.0,0.0,0.0,0.0,0.0
1,0,1.0,0.0,0.0,0.0,0.0,0.0,0.0,0.0,0.0,0.0,0.0,0.0,0.0
1,0,1.0,0.0,0.0,0.0,0.0,0.0,0.0,0.0,0.0,0.0,0.0,0.0,0.0
1,0,1.0,0.0,0.0,0.0,0.0,0.0,0.0,0.0,0.0,0.0,0.0,0.0,0.0
1,0,1.0,0.0,0.0,0.0,0.0,0.0,0.0,0.0,0.0,0.0,0.0,0.0,0.0
1,0,1.0,0.0,0.0,0.0,0.0,0.0,0.0,0.0,0.0,0.0,0.0,0.0,0.0
1,0,1.0,0.0,0.0,0.0,0.0,0.0,0.0,0.0,0.0,0.0,0.0,0.0,0.0
1,0,1.0,0.0,0.0,0.0,0.0,0.0,0.0,0.0,0.0,0.0,0.0,0.0,0.0
1,0,1.0,0.0,0.0,0.0,0.0,0.0,0.0,0.0,0.0,0.0,0.0,0.0,0.0
1,0,1.0,0.0,0.0,0.0,0.0,0.0,0.0,0.0,0.0,0.0,0.0,0.0,0.0
1,0,1.0,0.0,0.0,0.0,0.0,0.0,0.0,0.0,0.0,0.0,0.0,0.0,0.0
1,0,1.0,0.0,0.0,0.0,0.0,0.0,0.0,0.0,0.0,0.0,0.0,0.0,0.0
1,0,1.0,0.0,0.0,0.0,0.0,0.0,0.0,0.0,0.0,0.0,0.0,0.0,0.0
1,0,1.0,0.0,0.0,0.0,0.0,0.0,0.0,0.0,0.0,0.0,0.0,0.0,0.0
1,0,1.0,0.0,0.0,0.0,0.0,0.0,0.0,0.0,0.0,0.0,0.0,0.0,0.0
1,0,1.0,0.0,0.0,0.0,0.0,0.0,0.0,0.0,0.0,0.0,0.0,0.0,0.0
1,0,1.0,0.0,0.0,0.0,0.0,0.0,0.0,0.0,0.0,0.0,0.0,0.0,0.0
1,0,1.0,0.0,0.0,0.0,0.0,0.0,0.0,0.0,0.0,0.0,0.0,0.0,0.0
1,0,1.0,0.0,0.0,0.0,0.0,0.0,0.0,0.0,0.0,0.0,0.0,0.0,0.0
1,0,1.0,0.0,0.0,0.0,0.0,0.0,0.0,0.0,0.0,0.0,0.0,0.0,0.0
1,0,1.0,0.0,0.0,0.0,0.0,0.0,0.0,0.0,0.0,0.0,0.0,0.0,0.0
1,0,1.0,0.0,0.0,0.0,0.0,0.0,0.0,0.0,0.0,0.0,0.0,0.0,0.0
1,0,1.0,0.0,0.0,0.0,0.0,0.0,0.0,0.0,0.0,0.0,0.0,0.0,0.0
1,0,1.0,0.0,0.0,0.0,0.0,0.0,0.0,0.0,0.0,0.0,0.0,0.0,0.0
1,0,1.0,0.0,0.0,0.0,0.0,0.0,0.0,0.0,0.0,0.0,0.0,0.0,0.0
1,0,1.0,0.0,0.0,0.0,0.0,0.0,0.0,0.0,0.0,0.0,0.0,0.0,0.0
1,0,1.0,0.0,0.0,0.0,0.0,0.0,0.0,0.0,0.0,0.0,0.0,0.0,0.0
1,0,1.0,0.0,0.0,0.0,0.0,0.0,0.0,0.0,0.0,0.0,0.0,0.0,0.0
1,0,1.0,0.0,0.0,0.0,0.0,0.0,0.0,0.0,0.0,0.0,0.0,0.0,0.0
1,0,1.0,0.0,0.0,0.0,0.0,0.0,0.0,0.0,0.0,0.0,0.0,0.0,0.0
1,0,1.0,0.0,0.0,0.0,0.0,0.0,0.0,0.0,0.0,0.0,0.0,0.0,0.0
1,0,1.0,0.0,0.0,0.0,0.0,0.0,0.0,0.0,0.0,0.0,0.0,0.0,0.0
1,0,1.0,0.0,0.0,0.0,0.0,0.0,0.0,0.0,0.0,0.0,0.0,0.0,0.0
1,0,1.0,0.0,0.0,0.0,0.0,0.0,0.0,0.0,0.0,0.0,0.0,0.0,0.0
1,0,1.0,0.0,0.0,0.0,0.0,0.0,0.0,0.0,0.0,0.0,0.0,0.0,0.0
1,0,1.0,0.0,0.0,0.0,0.0,0.0,0.0,0.0,0.0,0.0,0.0,0.0,0.0
1,0,1.0,0.0,0.0,0.0,0.0,0.0,0.0,0.0,0.0,0.0,0.0,0.0,0.0
1,0,1.0,0.0,0.0,0.0,0.0,0.0,0.0,0.0,0.0,0.0,0.0,0.0,0.0
1,0,1.0,0.0,0.0,0.0,0.0,0.0,0.0,0.0,0.0,0.0,0.0,0.0,0.0
1,0,1.0,0.0,0.0,0.0,0.0,0.0,0.0,0.0,0.0,0.0,0.0,0.0,0.0
1,0,1.0,0.0,0.0,0.0,0.0,0.0,0.0,0.0,0.0,0.0,0.0,0.0,0.0
1,0,1.0,0.0,0.0,0.0,0.0,0.0,0.0,0.0,0.0,0.0,0.0,0.0,0.0
1,0,1.0,0.0,0.0,0.0,0.0,0.0,0.0,0.0,0.0,0.0,0.0,0.0,0.0
1,0,1.0,0.0,0.0,0.0,0.0,0.0,0.0,0.0,0.0,0.0,0.0,0.0,0.0
1,0,1.0,0.0,0.0,0.0,0.0,0.0,0.0,0.0,0.0,0.0,0.0,0.0,0.0
1,0,1.0,0.0,0.0,0.0,0.0,0.0,0.0,0.0,0.0,0.0,0.0,0.0,0.0
1,0,1.0,0.0,0.0,0.0,0.0,0.0,0.0,0.0,0.0,0.0,0.0,0.0,0.0
1,0,1.0,0.0,0.0,0.0,0.0,0.0,0.0,0.0,0.0,0.0,0.0,0.0,0.0
1,0,1.0,0.0,0.0,0.0,0.0,0.0,0.0,0.0,0.0,0.0,0.0,0.0,0.0
1,0,1.0,0.0,0.0,0.0,0.0,0.0,0.0,0.0,0.0,0.0,0.0,0.0,0.0
1,0,1.0,0.0,0.0,0.0,0.0,0.0,0.0,0.0,0.0,0.0,0.0,0.0,0.0
1,0,1.0,0.0,0.0,0.0,0.0,0.0,0.0,0.0,0.0,0.0,0.0,0.0,0.0
1,0,1.0,0.0,0.0,0.0,0.0,0.0,0.0,0.0,0.0,0.0,0.0,0.0,0.0
1,0,1.0,0.0,0.0,0.0,0.0,0.0,0.0,0.0,0.0,0.0,0.0,0.0,0.0
1,0,1.0,0.0,0.0,0.0,0.0,0.0,0.0,0.0,0.0,0.0,0.0,0.0,0.0
1,0,1.0,0.0,0.0,0.0,0.0,0.0,0.0,0.0,0.0,0.0,0.0,0.0,0.0
1,0,1.0,0.0,0.0,0.0,0.0,0.0,0.0,0.0,0.0,0.0,0.0,0.0,0.0
1,0,1.0,0.0,0.0,0.0,0.0,0.0,0.0,0.0,0.0,0.0,0.0,0.0,0.0
1,0,1.0,0.0,0.0,0.0,0.0,0.0,0.0,0.0,0.0,0.0,0.0,0.0,0.0
1,0,1.0,0.0,0.0,0.0,0.0,0.0,0.0,0.0,0.0,0.0,0.0,0.0,0.0
1,0,1.0,0.0,0.0,0.0,0.0,0.0,0.0,0.0,0.0,0.0,0.0,0.0,0.0
1,0,1.0,0.0,0.0,0.0,0.0,0.0,0.0,0.0,0.0,0.0,0.0,0.0,0.0
1,0,1.0,0.0,0.0,0.0,0.0,0.0,0.0,0.0,0.0,0.0,0.0,0.0,0.0
1,0,1.0,0.0,0.0,0.0,0.0,0.0,0.0,0.0,0.0,0.0,0.0,0.0,0.0
1,0,1.0,0.0,0.0,0.0,0.0,0.0,0.0,0.0,0.0,0.0,0.0,0.0,0.0
1,0,1.0,0.0,0.0,0.0,0.0,0.0,0.0,0.0,0.0,0.0,0.0,0.0,0.0
1,0,1.0,0.0,0.0,0.0,0.0,0.0,0.0,0.0,0.0,0.0,0.0,0.0,0.0
1,0,1.0,0.0,0.0,0.0,0.0,0.0,0.0,0.0,0.0,0.0,0.0,0.0,0.0
1,0,1.0,0.0,0.0,0.0,0.0,0.0,0.0,0.0,0.0,0.0,0.0,0.0,0.0
1,0,1.0,0.0,0.0,0.0,0.0,0.0,0.0,0.0,0.0,0.0,0.0,0.0,0.0
1,0,1.0,0.0,0.0,0.0,0.0,0.0,0.0,0.0,0.0,0.0,0.0,0.0,0.0
1,0,1.0,0.0,0.0,0.0,0.0,0.0,0.0,0.0,0.0,0.0,0.0,0.0,0.0
1,0,1.0,0.0,0.0,0.0,0.0,0.0,0.0,0.0,0.0,0.0,0.0,0.0,0.0
1,0,1.0,0.0,0.0,0.0,0.0,0.0,0.0,0.0,0.0,0.0,0.0,0.0,0.0
1,0,1.0,0.0,0.0,0.0,0.0,0.0,0.0,0.0,0.0,0.0,0.0,0.0,0.0
1,0,1.0,0.0,0.0,0.0,0.0,0.0,0.0,0.0,0.0,0.0,0.0,0.0,0.0
1,0,1.0,0.0,0.0,0.0,0.0,0.0,0.0,0.0,0.0,0.0,0.0,0.0,0.0
1,0,1.0,0.0,0.0,0.0,0.0,0.0,0.0,0.0,0.0,0.0,0.0,0.0,0.0
1,0,1.0,0.0,0.0,0.0,0.0,0.0,0.0,0.0,0.0,0.0,0.0,0.0,0.0
1,0,1.0,0.0,0.0,0.0,0.0,0.0,0.0,0.0,0.0,0.0,0.0,0.0,0.0
1,0,1.0,0.0,0.0,0.0,0.0,0.0,0.0,0.0,0.0,0.0,0.0,0.0,0.0
1,0,1.0,0.0,0.0,0.0,0.0,0.0,0.0,0.0,0.0,0.0,0.0,0.0,0.0
1,0,1.0,0.0,0.0,0.0,0.0,0.0,0.0,0.0,0.0,0.0,0.0,0.0,0.0
1,0,1.0,0.0,0.0,0.0,0.0,0.0,0.0,0.0,0.0,0.0,0.0,0.0,0.0
1,0,1.0,0.0,0.0,0.0,0.0,0.0,0.0,0.0,0.0,0.0,0.0,0.0,0.0
1,0,1.0,0.0,0.0,0.0,0.0,0.0,0.0,0.0,0.0,0.0,0.0,0.0,0.0
1,0,1.0,0.0,0.0,0.0,0.0,0.0,0.0,0.0,0.0,0.0,0.0,0.0,0.0
1,0,1.0,0.0,0.0,0.0,0.0,0.0,0.0,0.0,0.0,0.0,0.0,0.0,0.0
1,0,1.0,0.0,0.0,0.0,0.0,0.0,0.0,0.0,0.0,0.0,0.0,0.0,0.0
1,0,1.0,0.0,0.0,0.0,0.0,0.0,0.0,0.0,0.0,0.0,0.0,0.0,0.0
1,0,1.0,0.0,0.0,0.0,0.0,0.0,0.0,0.0,0.0,0.0,0.0,0.0,0.0
1,0,1.0,0.0,0.0,0.0,0.0,0.0,0.0,0.0,0.0,0.0,0.0,0.0,0.0
1,0,1.0,0.0,0.0,0.0,0.0,0.0,0.0,0.0,0.0,0.0,0.0,0.0,0.0
1,0,1.0,0.0,0.0,0.0,0.0,0.0,0.0,0.0,0.0,0.0,0.0,0.0,0.0
1,0,1.0,0.0,0.0,0.0,0.0,0.0,0.0,0.0,0.0,0.0,0.0,0.0,0.0
1,0,1.0,0.0,0.0,0.0,0.0,0.0,0.0,0.0,0.0,0.0,0.0,0.0,0.0
1,0,1.0,0.0,0.0,0.0,0.0,0.0,0.0,0.0,0.0,0.0,0.0,0.0,0.0
1,0,1.0,0.0,0.0,0.0,0.0,0.0,0.0,0.0,0.0,0.0,0.0,0.0,0.0
1,0,1.0,0.0,0.0,0.0,0.0,0.0,0.0,0.0,0.0,0.0,0.0,0.0,0.0
1,0,1.0,0.0,0.0,0.0,0.0,0.0,0.0,0.0,0.0,0.0,0.0,0.0,0.0
1,0,1.0,0.0,0.0,0.0,0.0,0.0,0.0,0.0,0.0,0.0,0.0,0.0,0.0
1,0,1.0,0.0,0.0,0.0,0.0,0.0,0.0,0.0,0.0,0.0,0.0,0.0,0.0
1,0,1.0,0.0,0.0,0.0,0.0,0.0,0.0,0.0,0.0,0.0,0.0,0.0,0.0
1,0,1.0,0.0,0.0,0.0,0.0,0.0,0.0,0.0,0.0,0.0,0.0,0.0,0.0
1,0,1.0,0.0,0.0,0.0,0.0,0.0,0.0,0.0,0.0,0.0,0.0,0.0,0.0
1,0,1.0,0.0,0.0,0.0,0.0,0.0,0.0,0.0,0.0,0.0,0.0,0.0,0.0
1,0,1.0,0.0,0.0,0.0,0.0,0.0,0.0,0.0,0.0,0.0,0.0,0.0,0.0
1,0,1.0,0.0,0.0,0.0,0.0,0.0,0.0,0.0,0.0,0.0,0.0,0.0,0.0
1,0,1.0,0.0,0.0,0.0,0.0,0.0,0.0,0.0,0.0,0.0,0.0,0.0,0.0
1,0,1.0,0.0,0.0,0.0,0.0,0.0,0.0,0.0,0.0,0.0,0.0,0.0,0.0
1,0,1.0,0.0,0.0,0.0,0.0,0.0,0.0,0.0,0.0,0.0,0.0,0.0,0.0
1,0,1.0,0.0,0.0,0.0,0.0,0.0,0.0,0.0,0.0,0.0,0.0,0.0,0.0
1,0,1.0,0.0,0.0,0.0,0.0,0.0,0.0,0.0,0.0,0.0,0.0,0.0,0.0
1,0,1.0,0.0,0.0,0.0,0.0,0.0,0.0,0.0,0.0,0.0,0.0,0.0,0.0
1,0,1.0,0.0,0.0,0.0,0.0,0.0,0.0,0.0,0.0,0.0,0.0,0.0,0.0
1,0,1.0,0.0,0.0,0.0,0.0,0.0,0.0,0.0,0.0,0.0,0.0,0.0,0.0
1,0,1.0,0.0,0.0,0.0,0.0,0.0,0.0,0.0,0.0,0.0,0.0,0.0,0.0
1,0,1.0,0.0,0.0,0.0,0.0,0.0,0.0,0.0,0.0,0.0,0.0,0.0,0.0
1,0,1.0,0.0,0.0,0.0,0.0,0.0,0.0,0.0,0.0,0.0,0.0,0.0,0.0
1,0,1.0,0.0,0.0,0.0,0.0,0.0,0.0,0.0,0.0,0.0,0.0,0.0,0.0
1,0,1.0,0.0,0.0,0.0,0.0,0.0,0.0,0.0,0.0,0.0,0.0,0.0,0.0
1,0,1.0,0.0,0.0,0.0,0.0,0.0,0.0,0.0,0.0,0.0,0.0,0.0,0.0
1,0,1.0,0.0,0.0,0.0,0.0,0.0,0.0,0.0,0.0,0.0,0.0,0.0,0.0
1,0,1.0,0.0,0.0,0.0,0.0,0.0,0.0,0.0,0.0,0.0,0.0,0.0,0.0
1,0,1.0,0.0,0.0,0.0,0.0,0.0,0.0,0.0,0.0,0.0,0.0,0.0,0.0
1,0,1.0,0.0,0.0,0.0,0.0,0.0,0.0,0.0,0.0,0.0,0.0,0.0,0.0
1,0,1.0,0.0,0.0,0.0,0.0,0.0,0.0,0.0,0.0,0.0,0.0,0.0,0.0
1,0,1.0,0.0,0.0,0.0,0.0,0.0,0.0,0.0,0.0,0.0,0.0,0.0,0.0
1,0,1.0,0.0,0.0,0.0,0.0,0.0,0.0,0.0,0.0,0.0,0.0,0.0,0.0
1,0,1.0,0.0,0.0,0.0,0.0,0.0,0.0,0.0,0.0,0.0,0.0,0.0,0.0
1,0,1.0,0.0,0.0,0.0,0.0,0.0,0.0,0.0,0.0,0.0,0.0,0.0,0.0
1,0,1.0,0.0,0.0,0.0,0.0,0.0,0.0,0.0,0.0,0.0,0.0,0.0,0.0
1,0,1.0,0.0,0.0,0.0,0.0,0.0,0.0,0.0,0.0,0.0,0.0,0.0,0.0
1,0,1.0,0.0,0.0,0.0,0.0,0.0,0.0,0.0,0.0,0.0,0.0,0.0,0.0
1,0,1.0,0.0,0.0,0.0,0.0,0.0,0.0,0.0,0.0,0.0,0.0,0.0,0.0
1,0,1.0,0.0,0.0,0.0,0.0,0.0,0.0,0.0,0.0,0.0,0.0,0.0,0.0
1,0,1.0,0.0,0.0,0.0,0.0,0.0,0.0,0.0,0.0,0.0,0.0,0.0,0.0
1,0,1.0,0.0,0.0,0.0,0.0,0.0,0.0,0.0,0.0,0.0,0.0,0.0,0.0
1,0,1.0,0.0,0.0,0.0,0.0,0.0,0.0,0.0,0.0,0.0,0.0,0.0,0.0
1,0,1.0,0.0,0.0,0.0,0.0,0.0,0.0,0.0,0.0,0.0,0.0,0.0,0.0
1,0,1.0,0.0,0.0,0.0,0.0,0.0,0.0,0.0,0.0,0.0,0.0,0.0,0.0
1,0,1.0,0.0,0.0,0.0,0.0,0.0,0.0,0.0,0.0,0.0,0.0,0.0,0.0
1,0,1.0,0.0,0.0,0.0,0.0,0.0,0.0,0.0,0.0,0.0,0.0,0.0,0.0
1,0,1.0,0.0,0.0,0.0,0.0,0.0,0.0,0.0,0.0,0.0,0.0,0.0,0.0
1,0,1.0,0.0,0.0,0.0,0.0,0.0,0.0,0.0,0.0,0.0,0.0,0.0,0.0
1,0,1.0,0.0,0.0,0.0,0.0,0.0,0.0,0.0,0.0,0.0,0.0,0.0,0.0
1,0,1.0,0.0,0.0,0.0,0.0,0.0,0.0,0.0,0.0,0.0,0.0,0.0,0.0
1,0,1.0,0.0,0.0,0.0,0.0,0.0,0.0,0.0,0.0,0.0,0.0,0.0,0.0
1,0,1.0,0.0,0.0,0.0,0.0,0.0,0.0,0.0,0.0,0.0,0.0,0.0,0.0
1,0,1.0,0.0,0.0,0.0,0.0,0.0,0.0,0.0,0.0,0.0,0.0,0.0,0.0
1,0,1.0,0.0,0.0,0.0,0.0,0.0,0.0,0.0,0.0,0.0,0.0,0.0,0.0
1,0,1.0,0.0,0.0,0.0,0.0,0.0,0.0,0.0,0.0,0.0,0.0,0.0,0.0
1,0,1.0,0.0,0.0,0.0,0.0,0.0,0.0,0.0,0.0,0.0,0.0,0.0,0.0
1,0,1.0,0.0,0.0,0.0,0.0,0.0,0.0,0.0,0.0,0.0,0.0,0.0,0.0
1,0,1.0,0.0,0.0,0.0,0.0,0.0,0.0,0.0,0.0,0.0,0.0,0.0,0.0
1,0,1.0,0.0,0.0,0.0,0.0,0.0,0.0,0.0,0.0,0.0,0.0,0.0,0.0
1,0,1.0,0.0,0.0,0.0,0.0,0.0,0.0,0.0,0.0,0.0,0.0,0.0,0.0
1,0,1.0,0.0,0.0,0.0,0.0,0.0,0.0,0.0,0.0,0.0,0.0,0.0,0.0
1,0,1.0,0.0,0.0,0.0,0.0,0.0,0.0,0.0,0.0,0.0,0.0,0.0,0.0
1,0,1.0,0.0,0.0,0.0,0.0,0.0,0.0,0.0,0.0,0.0,0.0,0.0,0.0
1,0,1.0,0.0,0.0,0.0,0.0,0.0,0.0,0.0,0.0,0.0,0.0,0.0,0.0
1,0,1.0,0.0,0.0,0.0,0.0,0.0,0.0,0.0,0.0,0.0,0.0,0.0,0.0
1,0,1.0,0.0,0.0,0.0,0.0,0.0,0.0,0.0,0.0,0.0,0.0,0.0,0.0
1,0,1.0,0.0,0.0,0.0,0.0,0.0,0.0,0.0,0.0,0.0,0.0,0.0,0.0
1,0,1.0,0.0,0.0,0.0,0.0,0.0,0.0,0.0,0.0,0.0,0.0,0.0,0.0
1,0,1.0,0.0,0.0,0.0,0.0,0.0,0.0,0.0,0.0,0.0,0.0,0.0,0.0
1,0,1.0,0.0,0.0,0.0,0.0,0.0,0.0,0.0,0.0,0.0,0.0,0.0,0.0
1,0,1.0,0.0,0.0,0.0,0.0,0.0,0.0,0.0,0.0,0.0,0.0,0.0,0.0
1,0,1.0,0.0,0.0,0.0,0.0,0.0,0.0,0.0,0.0,0.0,0.0,0.0,0.0
1,0,1.0,0.0,0.0,0.0,0.0,0.0,0.0,0.0,0.0,0.0,0.0,0.0,0.0
1,0,1.0,0.0,0.0,0.0,0.0,0.0,0.0,0.0,0.0,0.0,0.0,0.0,0.0
1,0,1.0,0.0,0.0,0.0,0.0,0.0,0.0,0.0,0.0,0.0,0.0,0.0,0.0
1,0,1.0,0.0,0.0,0.0,0.0,0.0,0.0,0.0,0.0,0.0,0.0,0.0,0.0
1,0,1.0,0.0,0.0,0.0,0.0,0.0,0.0,0.0,0.0,0.0,0.0,0.0,0.0
1,0,1.0,0.0,0.0,0.0,0.0,0.0,0.0,0.0,0.0,0.0,0.0,0.0,0.0
1,0,1.0,0.0,0.0,0.0,0.0,0.0,0.0,0.0,0.0,0.0,0.0,0.0,0.0
1,0,1.0,0.0,0.0,0.0,0.0,0.0,0.0,0.0,0.0,0.0,0.0,0.0,0.0
1,0,1.0,0.0,0.0,0.0,0.0,0.0,0.0,0.0,0.0,0.0,0.0,0.0,0.0
1,0,1.0,0.0,0.0,0.0,0.0,0.0,0.0,0.0,0.0,0.0,0.0,0.0,0.0
1,0,1.0,0.0,0.0,0.0,0.0,0.0,0.0,0.0,0.0,0.0,0.0,0.0,0.0
1,0,1.0,0.0,0.0,0.0,0.0,0.0,0.0,0.0,0.0,0.0,0.0,0.0,0.0
1,0,1.0,0.0,0.0,0.0,0.0,0.0,0.0,0.0,0.0,0.0,0.0,0.0,0.0
1,0,1.0,0.0,0.0,0.0,0.0,0.0,0.0,0.0,0.0,0.0,0.0,0.0,0.0
1,0,1.0,0.0,0.0,0.0,0.0,0.0,0.0,0.0,0.0,0.0,0.0,0.0,0.0
1,0,1.0,0.0,0.0,0.0,0.0,0.0,0.0,0.0,0.0,0.0,0.0,0.0,0.0
1,0,1.0,0.0,0.0,0.0,0.0,0.0,0.0,0.0,0.0,0.0,0.0,0.0,0.0
1,0,1.0,0.0,0.0,0.0,0.0,0.0,0.0,0.0,0.0,0.0,0.0,0.0,0.0
1,0,1.0,0.0,0.0,0.0,0.0,0.0,0.0,0.0,0.0,0.0,0.0,0.0,0.0
1,0,1.0,0.0,0.0,0.0,0.0,0.0,0.0,0.0,0.0,0.0,0.0,0.0,0.0
1,0,1.0,0.0,0.0,0.0,0.0,0.0,0.0,0.0,0.0,0.0,0.0,0.0,0.0
1,0,1.0,0.0,0.0,0.0,0.0,0.0,0.0,0.0,0.0,0.0,0.0,0.0,0.0
1,0,1.0,0.0,0.0,0.0,0.0,0.0,0.0,0.0,0.0,0.0,0.0,0.0,0.0
1,0,1.0,0.0,0.0,0.0,0.0,0.0,0.0,0.0,0.0,0.0,0.0,0.0,0.0
1,0,1.0,0.0,0.0,0.0,0.0,0.0,0.0,0.0,0.0,0.0,0.0,0.0,0.0
1,0,1.0,0.0,0.0,0.0,0.0,0.0,0.0,0.0,0.0,0.0,0.0,0.0,0.0
1,0,1.0,0.0,0.0,0.0,0.0,0.0,0.0,0.0,0.0,0.0,0.0,0.0,0.0
1,0,1.0,0.0,0.0,0.0,0.0,0.0,0.0,0.0,0.0,0.0,0.0,0.0,0.0
1,0,1.0,0.0,0.0,0.0,0.0,0.0,0.0,0.0,0.0,0.0,0.0,0.0,0.0
1,0,1.0,0.0,0.0,0.0,0.0,0.0,0.0,0.0,0.0,0.0,0.0,0.0,0.0
1,0,1.0,0.0,0.0,0.0,0.0,0.0,0.0,0.0,0.0,0.0,0.0,0.0,0.0
1,0,1.0,0.0,0.0,0.0,0.0,0.0,0.0,0.0,0.0,0.0,0.0,0.0,0.0
1,0,1.0,0.0,0.0,0.0,0.0,0.0,0.0,0.0,0.0,0.0,0.0,0.0,0.0
1,0,1.0,0.0,0.0,0.0,0.0,0.0,0.0,0.0,0.0,0.0,0.0,0.0,0.0
1,0,1.0,0.0,0.0,0.0,0.0,0.0,0.0,0.0,0.0,0.0,0.0,0.0,0.0
1,0,1.0,0.0,0.0,0.0,0.0,0.0,0.0,0.0,0.0,0.0,0.0,0.0,0.0
1,0,1.0,0.0,0.0,0.0,0.0,0.0,0.0,0.0,0.0,0.0,0.0,0.0,0.0
1,0,1.0,0.0,0.0,0.0,0.0,0.0,0.0,0.0,0.0,0.0,0.0,0.0,0.0
1,0,1.0,0.0,0.0,0.0,0.0,0.0,0.0,0.0,0.0,0.0,0.0,0.0,0.0
1,0,1.0,0.0,0.0,0.0,0.0,0.0,0.0,0.0,0.0,0.0,0.0,0.0,0.0
1,0,1.0,0.0,0.0,0.0,0.0,0.0,0.0,0.0,0.0,0.0,0.0,0.0,0.0
1,0,1.0,0.0,0.0,0.0,0.0,0.0,0.0,0.0,0.0,0.0,0.0,0.0,0.0
1,0,1.0,0.0,0.0,0.0,0.0,0.0,0.0,0.0,0.0,0.0,0.0,0.0,0.0
1,0,1.0,0.0,0.0,0.0,0.0,0.0,0.0,0.0,0.0,0.0,0.0,0.0,0.0
1,0,1.0,0.0,0.0,0.0,0.0,0.0,0.0,0.0,0.0,0.0,0.0,0.0,0.0
1,0,1.0,0.0,0.0,0.0,0.0,0.0,0.0,0.0,0.0,0.0,0.0,0.0,0.0
1,0,1.0,0.0,0.0,0.0,0.0,0.0,0.0,0.0,0.0,0.0,0.0,0.0,0.0
1,0,1.0,0.0,0.0,0.0,0.0,0.0,0.0,0.0,0.0,0.0,0.0,0.0,0.0
1,0,1.0,0.0,0.0,0.0,0.0,0.0,0.0,0.0,0.0,0.0,0.0,0.0,0.0
1,0,1.0,0.0,0.0,0.0,0.0,0.0,0.0,0.0,0.0,0.0,0.0,0.0,0.0
1,0,1.0,0.0,0.0,0.0,0.0,0.0,0.0,0.0,0.0,0.0,0.0,0.0,0.0
1,0,1.0,0.0,0.0,0.0,0.0,0.0,0.0,0.0,0.0,0.0,0.0,0.0,0.0
1,0,1.0,0.0,0.0,0.0,0.0,0.0,0.0,0.0,0.0,0.0,0.0,0.0,0.0
1,0,1.0,0.0,0.0,0.0,0.0,0.0,0.0,0.0,0.0,0.0,0.0,0.0,0.0
1,0,1.0,0.0,0.0,0.0,0.0,0.0,0.0,0.0,0.0,0.0,0.0,0.0,0.0
1,0,1.0,0.0,0.0,0.0,0.0,0.0,0.0,0.0,0.0,0.0,0.0,0.0,0.0
1,0,1.0,0.0,0.0,0.0,0.0,0.0,0.0,0.0,0.0,0.0,0.0,0.0,0.0
1,0,1.0,0.0,0.0,0.0,0.0,0.0,0.0,0.0,0.0,0.0,0.0,0.0,0.0
1,0,1.0,0.0,0.0,0.0,0.0,0.0,0.0,0.0,0.0,0.0,0.0,0.0,0.0
1,0,1.0,0.0,0.0,0.0,0.0,0.0,0.0,0.0,0.0,0.0,0.0,0.0,0.0
1,0,1.0,0.0,0.0,0.0,0.0,0.0,0.0,0.0,0.0,0.0,0.0,0.0,0.0
1,0,1.0,0.0,0.0,0.0,0.0,0.0,0.0,0.0,0.0,0.0,0.0,0.0,0.0
1,0,1.0,0.0,0.0,0.0,0.0,0.0,0.0,0.0,0.0,0.0,0.0,0.0,0.0
1,0,1.0,0.0,0.0,0.0,0.0,0.0,0.0,0.0,0.0,0.0,0.0,0.0,0.0
1,0,1.0,0.0,0.0,0.0,0.0,0.0,0.0,0.0,0.0,0.0,0.0,0.0,0.0
1,0,1.0,0.0,0.0,0.0,0.0,0.0,0.0,0.0,0.0,0.0,0.0,0.0,0.0
1,0,1.0,0.0,0.0,0.0,0.0,0.0,0.0,0.0,0.0,0.0,0.0,0.0,0.0
1,0,1.0,0.0,0.0,0.0,0.0,0.0,0.0,0.0,0.0,0.0,0.0,0.0,0.0
1,0,1.0,0.0,0.0,0.0,0.0,0.0,0.0,0.0,0.0,0.0,0.0,0.0,0.0
1,0,1.0,0.0,0.0,0.0,0.0,0.0,0.0,0.0,0.0,0.0,0.0,0.0,0.0
1,0,1.0,0.0,0.0,0.0,0.0,0.0,0.0,0.0,0.0,0.0,0.0,0.0,0.0
1,0,1.0,0.0,0.0,0.0,0.0,0.0,0.0,0.0,0.0,0.0,0.0,0.0,0.0
1,0,1.0,0.0,0.0,0.0,0.0,0.0,0.0,0.0,0.0,0.0,0.0,0.0,0.0
1,0,1.0,0.0,0.0,0.0,0.0,0.0,0.0,0.0,0.0,0.0,0.0,0.0,0.0
1,0,1.0,0.0,0.0,0.0,0.0,0.0,0.0,0.0,0.0,0.0,0.0,0.0,0.0
1,0,1.0,0.0,0.0,0.0,0.0,0.0,0.0,0.0,0.0,0.0,0.0,0.0,0.0
1,0,1.0,0.0,0.0,0.0,0.0,0.0,0.0,0.0,0.0,0.0,0.0,0.0,0.0
1,0,1.0,0.0,0.0,0.0,0.0,0.0,0.0,0.0,0.0,0.0,0.0,0.0,0.0
1,0,1.0,0.0,0.0,0.0,0.0,0.0,0.0,0.0,0.0,0.0,0.0,0.0,0.0
1,0,1.0,0.0,0.0,0.0,0.0,0.0,0.0,0.0,0.0,0.0,0.0,0.0,0.0
1,0,1.0,0.0,0.0,0.0,0.0,0.0,0.0,0.0,0.0,0.0,0.0,0.0,0.0
1,0,1.0,0.0,0.0,0.0,0.0,0.0,0.0,0.0,0.0,0.0,0.0,0.0,0.0
1,0,1.0,0.0,0.0,0.0,0.0,0.0,0.0,0.0,0.0,0.0,0.0,0.0,0.0
1,0,1.0,0.0,0.0,0.0,0.0,0.0,0.0,0.0,0.0,0.0,0.0,0.0,0.0
1,0,1.0,0.0,0.0,0.0,0.0,0.0,0.0,0.0,0.0,0.0,0.0,0.0,0.0
1,0,1.0,0.0,0.0,0.0,0.0,0.0,0.0,0.0,0.0,0.0,0.0,0.0,0.0
1,0,1.0,0.0,0.0,0.0,0.0,0.0,0.0,0.0,0.0,0.0,0.0,0.0,0.0
1,0,1.0,0.0,0.0,0.0,0.0,0.0,0.0,0.0,0.0,0.0,0.0,0.0,0.0
1,0,1.0,0.0,0.0,0.0,0.0,0.0,0.0,0.0,0.0,0.0,0.0,0.0,0.0
1,0,1.0,0.0,0.0,0.0,0.0,0.0,0.0,0.0,0.0,0.0,0.0,0.0,0.0
1,0,1.0,0.0,0.0,0.0,0.0,0.0,0.0,0.0,0.0,0.0,0.0,0.0,0.0
1,0,1.0,0.0,0.0,0.0,0.0,0.0,0.0,0.0,0.0,0.0,0.0,0.0,0.0
1,0,1.0,0.0,0.0,0.0,0.0,0.0,0.0,0.0,0.0,0.0,0.0,0.0,0.0
1,0,1.0,0.0,0.0,0.0,0.0,0.0,0.0,0.0,0.0,0.0,0.0,0.0,0.0
1,0,1.0,0.0,0.0,0.0,0.0,0.0,0.0,0.0,0.0,0.0,0.0,0.0,0.0
1,0,1.0,0.0,0.0,0.0,0.0,0.0,0.0,0.0,0.0,0.0,0.0,0.0,0.0
1,0,0.9381117,0.06188829,0.0,0.0,0.0,0.0,0.0,0.0,0.0,0.0,0.0,0.0,0.0
1,0,0.9381117,0.06188829,0.0,0.0,0.0,0.0,0.0,0.0,0.0,0.0,0.0,0.0,0.0
1,0,0.9381117,0.06188829,0.0,0.0,0.0,0.0,0.0,0.0,0.0,0.0,0.0,0.0,0.0
1,0,0.9381117,0.06188829,0.0,0.0,0.0,0.0,0.0,0.0,0.0,0.0,0.0,0.0,0.0
1,0,0.9381117,0.06188829,0.0,0.0,0.0,0.0,0.0,0.0,0.0,0.0,0.0,0.0,0.0
1,0,0.9381117,0.06188829,0.0,0.0,0.0,0.0,0.0,0.0,0.0,0.0,0.0,0.0,0.0
1,0,0.9381117,0.06188829,0.0,0.0,0.0,0.0,0.0,0.0,0.0,0.0,0.0,0.0,0.0
1,0,0.9381117,0.06188829,0.0,0.0,0.0,0.0,0.0,0.0,0.0,0.0,0.0,0.0,0.0
1,0,0.9381117,0.06188829,0.0,0.0,0.0,0.0,0.0,0.0,0.0,0.0,0.0,0.0,0.0
1,0,0.9381117,0.06188829,0.0,0.0,0.0,0.0,0.0,0.0,0.0,0.0,0.0,0.0,0.0
1,0,0.9381117,0.06188829,0.0,0.0,0.0,0.0,0.0,0.0,0.0,0.0,0.0,0.0,0.0
1,0,0.9381117,0.06188829,0.0,0.0,0.0,0.0,0.0,0.0,0.0,0.0,0.0,0.0,0.0
1,0,0.9381117,0.06188829,0.0,0.0,0.0,0.0,0.0,0.0,0.0,0.0,0.0,0.0,0.0
1,0,0.9381117,0.06188829,0.0,0.0,0.0,0.0,0.0,0.0,0.0,0.0,0.0,0.0,0.0
1,0,0.9381117,0.06188829,0.0,0.0,0.0,0.0,0.0,0.0,0.0,0.0,0.0,0.0,0.0
1,0,0.9381117,0.06188829,0.0,0.0,0.0,0.0,0.0,0.0,0.0,0.0,0.0,0.0,0.0
1,0,0.9381117,0.06188829,0.0,0.0,0.0,0.0,0.0,0.0,0.0,0.0,0.0,0.0,0.0
1,0,0.9381117,0.06188829,0.0,0.0,0.0,0.0,0.0,0.0,0.0,0.0,0.0,0.0,0.0
1,0,0.9381117,0.06188829,0.0,0.0,0.0,0.0,0.0,0.0,0.0,0.0,0.0,0.0,0.0
1,0,0.9381117,0.06188829,0.0,0.0,0.0,0.0,0.0,0.0,0.0,0.0,0.0,0.0,0.0
1,0,0.9381117,0.06188829,0.0,0.0,0.0,0.0,0.0,0.0,0.0,0.0,0.0,0.0,0.0
1,0,0.9381117,0.06188829,0.0,0.0,0.0,0.0,0.0,0.0,0.0,0.0,0.0,0.0,0.0
1,0,0.9381117,0.06188829,0.0,0.0,0.0,0.0,0.0,0.0,0.0,0.0,0.0,0.0,0.0
1,0,0.9381117,0.06188829,0.0,0.0,0.0,0.0,0.0,0.0,0.0,0.0,0.0,0.0,0.0
1,0,0.9381117,0.06188829,0.0,0.0,0.0,0.0,0.0,0.0,0.0,0.0,0.0,0.0,0.0
1,0,0.9381117,0.06188829,0.0,0.0,0.0,0.0,0.0,0.0,0.0,0.0,0.0,0.0,0.0
1,0,0.9381117,0.06188829,0.0,0.0,0.0,0.0,0.0,0.0,0.0,0.0,0.0,0.0,0.0
1,0,0.9381117,0.06188829,0.0,0.0,0.0,0.0,0.0,0.0,0.0,0.0,0.0,0.0,0.0
1,0,0.9381117,0.06188829,0.0,0.0,0.0,0.0,0.0,0.0,0.0,0.0,0.0,0.0,0.0
1,0,0.9381117,0.06188829,0.0,0.0,0.0,0.0,0.0,0.0,0.0,0.0,0.0,0.0,0.0
1,0,0.9381117,0.06188829,0.0,0.0,0.0,0.0,0.0,0.0,0.0,0.0,0.0,0.0,0.0
1,0,0.9381117,0.06188829,0.0,0.0,0.0,0.0,0.0,0.0,0.0,0.0,0.0,0.0,0.0
1,0,0.9381117,0.06188829,0.0,0.0,0.0,0.0,0.0,0.0,0.0,0.0,0.0,0.0,0.0
1,0,0.9381117,0.06188829,0.0,0.0,0.0,0.0,0.0,0.0,0.0,0.0,0.0,0.0,0.0
1,0,0.9381117,0.06188829,0.0,0.0,0.0,0.0,0.0,0.0,0.0,0.0,0.0,0.0,0.0
1,0,0.9381117,0.06188829,0.0,0.0,0.0,0.0,0.0,0.0,0.0,0.0,0.0,0.0,0.0
1,0,0.9381117,0.06188829,0.0,0.0,0.0,0.0,0.0,0.0,0.0,0.0,0.0,0.0,0.0
1,0,0.9381117,0.06188829,0.0,0.0,0.0,0.0,0.0,0.0,0.0,0.0,0.0,0.0,0.0
1,0,0.9381117,0.06188829,0.0,0.0,0.0,0.0,0.0,0.0,0.0,0.0,0.0,0.0,0.0
1,0,0.9381117,0.06188829,0.0,0.0,0.0,0.0,0.0,0.0,0.0,0.0,0.0,0.0,0.0
1,0,0.9381117,0.06188829,0.0,0.0,0.0,0.0,0.0,0.0,0.0,0.0,0.0,0.0,0.0
1,0,0.9381117,0.06188829,0.0,0.0,0.0,0.0,0.0,0.0,0.0,0.0,0.0,0.0,0.0
1,0,0.9381117,0.06188829,0.0,0.0,0.0,0.0,0.0,0.0,0.0,0.0,0.0,0.0,0.0
1,0,0.9381117,0.06188829,0.0,0.0,0.0,0.0,0.0,0.0,0.0,0.0,0.0,0.0,0.0
1,0,0.9381117,0.06188829,0.0,0.0,0.0,0.0,0.0,0.0,0.0,0.0,0.0,0.0,0.0
1,0,0.9381117,0.06188829,0.0,0.0,0.0,0.0,0.0,0.0,0.0,0.0,0.0,0.0,0.0
1,0,0.9381117,0.06188829,0.0,0.0,0.0,0.0,0.0,0.0,0.0,0.0,0.0,0.0,0.0
1,0,0.9381117,0.06188829,0.0,0.0,0.0,0.0,0.0,0.0,0.0,0.0,0.0,0.0,0.0
1,0,0.9381117,0.06188829,0.0,0.0,0.0,0.0,0.0,0.0,0.0,0.0,0.0,0.0,0.0
1,0,0.9381117,0.06188829,0.0,0.0,0.0,0.0,0.0,0.0,0.0,0.0,0.0,0.0,0.0
1,0,0.9381117,0.06188829,0.0,0.0,0.0,0.0,0.0,0.0,0.0,0.0,0.0,0.0,0.0
1,0,0.9381117,0.06188829,0.0,0.0,0.0,0.0,0.0,0.0,0.0,0.0,0.0,0.0,0.0
1,0,0.9381117,0.06188829,0.0,0.0,0.0,0.0,0.0,0.0,0.0,0.0,0.0,0.0,0.0
1,0,0.9381117,0.06188829,0.0,0.0,0.0,0.0,0.0,0.0,0.0,0.0,0.0,0.0,0.0
1,0,0.9381117,0.06188829,0.0,0.0,0.0,0.0,0.0,0.0,0.0,0.0,0.0,0.0,0.0
1,0,0.9381117,0.06188829,0.0,0.0,0.0,0.0,0.0,0.0,0.0,0.0,0.0,0.0,0.0
1,0,0.9381117,0.06188829,0.0,0.0,0.0,0.0,0.0,0.0,0.0,0.0,0.0,0.0,0.0
1,0,0.9381117,0.06188829,0.0,0.0,0.0,0.0,0.0,0.0,0.0,0.0,0.0,0.0,0.0
1,0,0.9381117,0.06188829,0.0,0.0,0.0,0.0,0.0,0.0,0.0,0.0,0.0,0.0,0.0
1,0,0.9381117,0.06188829,0.0,0.0,0.0,0.0,0.0,0.0,0.0,0.0,0.0,0.0,0.0
1,0,0.9381117,0.06188829,0.0,0.0,0.0,0.0,0.0,0.0,0.0,0.0,0.0,0.0,0.0
1,0,0.9381117,0.06188829,0.0,0.0,0.0,0.0,0.0,0.0,0.0,0.0,0.0,0.0,0.0
1,0,0.9381117,0.06188829,0.0,0.0,0.0,0.0,0.0,0.0,0.0,0.0,0.0,0.0,0.0
1,0,0.9381117,0.06188829,0.0,0.0,0.0,0.0,0.0,0.0,0.0,0.0,0.0,0.0,0.0
1,0,0.9381117,0.06188829,0.0,0.0,0.0,0.0,0.0,0.0,0.0,0.0,0.0,0.0,0.0
1,0,0.9381117,0.06188829,0.0,0.0,0.0,0.0,0.0,0.0,0.0,0.0,0.0,0.0,0.0
1,0,0.9381117,0.06188829,0.0,0.0,0.0,0.0,0.0,0.0,0.0,0.0,0.0,0.0,0.0
1,0,0.9381117,0.06188829,0.0,0.0,0.0,0.0,0.0,0.0,0.0,0.0,0.0,0.0,0.0
1,0,0.9381117,0.06188829,0.0,0.0,0.0,0.0,0.0,0.0,0.0,0.0,0.0,0.0,0.0
1,0,0.9381117,0.06188829,0.0,0.0,0.0,0.0,0.0,0.0,0.0,0.0,0.0,0.0,0.0
1,0,0.9381117,0.06188829,0.0,0.0,0.0,0.0,0.0,0.0,0.0,0.0,0.0,0.0,0.0
1,0,0.9381117,0.06188829,0.0,0.0,0.0,0.0,0.0,0.0,0.0,0.0,0.0,0.0,0.0
1,0,0.9381117,0.06188829,0.0,0.0,0.0,0.0,0.0,0.0,0.0,0.0,0.0,0.0,0.0
1,0,0.9381117,0.06188829,0.0,0.0,0.0,0.0,0.0,0.0,0.0,0.0,0.0,0.0,0.0
1,0,0.9381117,0.06188829,0.0,0.0,0.0,0.0,0.0,0.0,0.0,0.0,0.0,0.0,0.0
1,0,0.9381117,0.06188829,0.0,0.0,0.0,0.0,0.0,0.0,0.0,0.0,0.0,0.0,0.0
1,0,0.9381117,0.06188829,0.0,0.0,0.0,0.0,0.0,0.0,0.0,0.0,0.0,0.0,0.0
1,0,0.9381117,0.06188829,0.0,0.0,0.0,0.0,0.0,0.0,0.0,0.0,0.0,0.0,0.0
1,0,0.9381117,0.06188829,0.0,0.0,0.0,0.0,0.0,0.0,0.0,0.0,0.0,0.0,0.0
1,0,0.9381117,0.06188829,0.0,0.0,0.0,0.0,0.0,0.0,0.0,0.0,0.0,0.0,0.0
1,0,0.9381117,0.06188829,0.0,0.0,0.0,0.0,0.0,0.0,0.0,0.0,0.0,0.0,0.0
1,0,0.9381117,0.06188829,0.0,0.0,0.0,0.0,0.0,0.0,0.0,0.0,0.0,0.0,0.0
1,0,0.9381117,0.06188829,0.0,0.0,0.0,0.0,0.0,0.0,0.0,0.0,0.0,0.0,0.0
1,0,0.9381117,0.06188829,0.0,0.0,0.0,0.0,0.0,0.0,0.0,0.0,0.0,0.0,0.0
1,0,0.9381117,0.06188829,0.0,0.0,0.0,0.0,0.0,0.0,0.0,0.0,0.0,0.0,0.0
1,0,0.9381117,0.06188829,0.0,0.0,0.0,0.0,0.0,0.0,0.0,0.0,0.0,0.0,0.0
1,0,0.9381117,0.06188829,0.0,0.0,0.0,0.0,0.0,0.0,0.0,0.0,0.0,0.0,0.0
1,0,0.9381117,0.06188829,0.0,0.0,0.0,0.0,0.0,0.0,0.0,0.0,0.0,0.0,0.0
1,0,0.9381117,0.06188829,0.0,0.0,0.0,0.0,0.0,0.0,0.0,0.0,0.0,0.0,0.0
1,0,0.9381117,0.06188829,0.0,0.0,0.0,0.0,0.0,0.0,0.0,0.0,0.0,0.0,0.0
1,0,0.9381117,0.06188829,0.0,0.0,0.0,0.0,0.0,0.0,0.0,0.0,0.0,0.0,0.0
1,0,0.9381117,0.06188829,0.0,0.0,0.0,0.0,0.0,0.0,0.0,0.0,0.0,0.0,0.0
1,0,0.9381117,0.06188829,0.0,0.0,0.0,0.0,0.0,0.0,0.0,0.0,0.0,0.0,0.0
1,0,0.9381117,0.06188829,0.0,0.0,0.0,0.0,0.0,0.0,0.0,0.0,0.0,0.0,0.0
1,0,0.9381117,0.06188829,0.0,0.0,0.0,0.0,0.0,0.0,0.0,0.0,0.0,0.0,0.0
1,0,0.9381117,0.06188829,0.0,0.0,0.0,0.0,0.0,0.0,0.0,0.0,0.0,0.0,0.0
1,0,0.9381117,0.06188829,0.0,0.0,0.0,0.0,0.0,0.0,0.0,0.0,0.0,0.0,0.0
1,0,0.9381117,0.06188829,0.0,0.0,0.0,0.0,0.0,0.0,0.0,0.0,0.0,0.0,0.0
1,0,0.9381117,0.06188829,0.0,0.0,0.0,0.0,0.0,0.0,0.0,0.0,0.0,0.0,0.0
1,0,0.9381117,0.06188829,0.0,0.0,0.0,0.0,0.0,0.0,0.0,0.0,0.0,0.0,0.0
1,0,0.9381117,0.06188829,0.0,0.0,0.0,0.0,0.0,0.0,0.0,0.0,0.0,0.0,0.0
1,0,0.9381117,0.06188829,0.0,0.0,0.0,0.0,0.0,0.0,0.0,0.0,0.0,0.0,0.0
1,0,0.9381117,0.06188829,0.0,0.0,0.0,0.0,0.0,0.0,0.0,0.0,0.0,0.0,0.0
1,0,0.9381117,0.06188829,0.0,0.0,0.0,0.0,0.0,0.0,0.0,0.0,0.0,0.0,0.0
1,0,0.9381117,0.06188829,0.0,0.0,0.0,0.0,0.0,0.0,0.0,0.0,0.0,0.0,0.0
1,0,0.9381117,0.06188829,0.0,0.0,0.0,0.0,0.0,0.0,0.0,0.0,0.0,0.0,0.0
1,0,0.9381117,0.06188829,0.0,0.0,0.0,0.0,0.0,0.0,0.0,0.0,0.0,0.0,0.0
1,0,0.9381117,0.06188829,0.0,0.0,0.0,0.0,0.0,0.0,0.0,0.0,0.0,0.0,0.0
1,0,0.9381117,0.06188829,0.0,0.0,0.0,0.0,0.0,0.0,0.0,0.0,0.0,0.0,0.0
1,0,0.9381117,0.06188829,0.0,0.0,0.0,0.0,0.0,0.0,0.0,0.0,0.0,0.0,0.0
1,0,0.9381117,0.06188829,0.0,0.0,0.0,0.0,0.0,0.0,0.0,0.0,0.0,0.0,0.0
1,0,0.9381117,0.06188829,0.0,0.0,0.0,0.0,0.0,0.0,0.0,0.0,0.0,0.0,0.0
1,0,0.9381117,0.06188829,0.0,0.0,0.0,0.0,0.0,0.0,0.0,0.0,0.0,0.0,0.0
1,0,0.9381117,0.06188829,0.0,0.0,0.0,0.0,0.0,0.0,0.0,0.0,0.0,0.0,0.0
1,0,0.9381117,0.06188829,0.0,0.0,0.0,0.0,0.0,0.0,0.0,0.0,0.0,0.0,0.0
1,0,0.9381117,0.06188829,0.0,0.0,0.0,0.0,0.0,0.0,0.0,0.0,0.0,0.0,0.0
1,0,0.9381117,0.06188829,0.0,0.0,0.0,0.0,0.0,0.0,0.0,0.0,0.0,0.0,0.0
1,0,0.9381117,0.06188829,0.0,0.0,0.0,0.0,0.0,0.0,0.0,0.0,0.0,0.0,0.0
1,0,0.9381117,0.06188829,0.0,0.0,0.0,0.0,0.0,0.0,0.0,0.0,0.0,0.0,0.0
1,0,0.9381117,0.06188829,0.0,0.0,0.0,0.0,0.0,0.0,0.0,0.0,0.0,0.0,0.0
1,0,0.9381117,0.06188829,0.0,0.0,0.0,0.0,0.0,0.0,0.0,0.0,0.0,0.0,0.0
1,0,0.9381117,0.06188829,0.0,0.0,0.0,0.0,0.0,0.0,0.0,0.0,0.0,0.0,0.0
1,0,0.9381117,0.06188829,0.0,0.0,0.0,0.0,0.0,0.0,0.0,0.0,0.0,0.0,0.0
1,0,0.9381117,0.06188829,0.0,0.0,0.0,0.0,0.0,0.0,0.0,0.0,0.0,0.0,0.0
1,0,0.9381117,0.06188829,0.0,0.0,0.0,0.0,0.0,0.0,0.0,0.0,0.0,0.0,0.0
1,0,0.9381117,0.06188829,0.0,0.0,0.0,0.0,0.0,0.0,0.0,0.0,0.0,0.0,0.0
1,0,0.9381117,0.06188829,0.0,0.0,0.0,0.0,0.0,0.0,0.0,0.0,0.0,0.0,0.0
1,0,0.9381117,0.06188829,0.0,0.0,0.0,0.0,0.0,0.0,0.0,0.0,0.0,0.0,0.0
1,0,0.9381117,0.06188829,0.0,0.0,0.0,0.0,0.0,0.0,0.0,0.0,0.0,0.0,0.0
1,0,0.9381117,0.06188829,0.0,0.0,0.0,0.0,0.0,0.0,0.0,0.0,0.0,0.0,0.0
1,0,0.9381117,0.06188829,0.0,0.0,0.0,0.0,0.0,0.0,0.0,0.0,0.0,0.0,0.0
1,0,0.9381117,0.06188829,0.0,0.0,0.0,0.0,0.0,0.0,0.0,0.0,0.0,0.0,0.0
1,0,0.9381117,0.06188829,0.0,0.0,0.0,0.0,0.0,0.0,0.0,0.0,0.0,0.0,0.0
1,0,0.9381117,0.06188829,0.0,0.0,0.0,0.0,0.0,0.0,0.0,0.0,0.0,0.0,0.0
1,0,0.9381117,0.06188829,0.0,0.0,0.0,0.0,0.0,0.0,0.0,0.0,0.0,0.0,0.0
1,0,0.9381117,0.06188829,0.0,0.0,0.0,0.0,0.0,0.0,0.0,0.0,0.0,0.0,0.0
1,0,0.9381117,0.06188829,0.0,0.0,0.0,0.0,0.0,0.0,0.0,0.0,0.0,0.0,0.0
1,0,0.9381117,0.06188829,0.0,0.0,0.0,0.0,0.0,0.0,0.0,0.0,0.0,0.0,0.0
1,0,0.9381117,0.06188829,0.0,0.0,0.0,0.0,0.0,0.0,0.0,0.0,0.0,0.0,0.0
1,0,0.9381117,0.06188829,0.0,0.0,0.0,0.0,0.0,0.0,0.0,0.0,0.0,0.0,0.0
1,0,0.9381117,0.06188829,0.0,0.0,0.0,0.0,0.0,0.0,0.0,0.0,0.0,0.0,0.0
1,0,0.9381117,0.06188829,0.0,0.0,0.0,0.0,0.0,0.0,0.0,0.0,0.0,0.0,0.0
1,0,0.9381117,0.06188829,0.0,0.0,0.0,0.0,0.0,0.0,0.0,0.0,0.0,0.0,0.0
1,0,0.9381117,0.06188829,0.0,0.0,0.0,0.0,0.0,0.0,0.0,0.0,0.0,0.0,0.0
1,0,0.9381117,0.06188829,0.0,0.0,0.0,0.0,0.0,0.0,0.0,0.0,0.0,0.0,0.0
1,0,0.9381117,0.06188829,0.0,0.0,0.0,0.0,0.0,0.0,0.0,0.0,0.0,0.0,0.0
1,0,0.9381117,0.06188829,0.0,0.0,0.0,0.0,0.0,0.0,0.0,0.0,0.0,0.0,0.0
1,0,0.9381117,0.06188829,0.0,0.0,0.0,0.0,0.0,0.0,0.0,0.0,0.0,0.0,0.0
1,0,0.9381117,0.06188829,0.0,0.0,0.0,0.0,0.0,0.0,0.0,0.0,0.0,0.0,0.0
1,0,0.9381117,0.06188829,0.0,0.0,0.0,0.0,0.0,0.0,0.0,0.0,0.0,0.0,0.0
1,0,0.9381117,0.06188829,0.0,0.0,0.0,0.0,0.0,0.0,0.0,0.0,0.0,0.0,0.0
1,0,0.9381117,0.06188829,0.0,0.0,0.0,0.0,0.0,0.0,0.0,0.0,0.0,0.0,0.0
1,0,0.9381117,0.06188829,0.0,0.0,0.0,0.0,0.0,0.0,0.0,0.0,0.0,0.0,0.0
1,0,0.9381117,0.06188829,0.0,0.0,0.0,0.0,0.0,0.0,0.0,0.0,0.0,0.0,0.0
1,0,0.9381117,0.06188829,0.0,0.0,0.0,0.0,0.0,0.0,0.0,0.0,0.0,0.0,0.0
1,0,0.9381117,0.06188829,0.0,0.0,0.0,0.0,0.0,0.0,0.0,0.0,0.0,0.0,0.0
1,0,0.9381117,0.06188829,0.0,0.0,0.0,0.0,0.0,0.0,0.0,0.0,0.0,0.0,0.0
1,0,0.9381117,0.06188829,0.0,0.0,0.0,0.0,0.0,0.0,0.0,0.0,0.0,0.0,0.0
1,0,0.9381117,0.06188829,0.0,0.0,0.0,0.0,0.0,0.0,0.0,0.0,0.0,0.0,0.0
1,0,0.9381117,0.06188829,0.0,0.0,0.0,0.0,0.0,0.0,0.0,0.0,0.0,0.0,0.0
1,0,0.9381117,0.06188829,0.0,0.0,0.0,0.0,0.0,0.0,0.0,0.0,0.0,0.0,0.0
1,0,0.9381117,0.06188829,0.0,0.0,0.0,0.0,0.0,0.0,0.0,0.0,0.0,0.0,0.0
1,0,0.9381117,0.06188829,0.0,0.0,0.0,0.0,0.0,0.0,0.0,0.0,0.0,0.0,0.0
1,0,0.9381117,0.06188829,0.0,0.0,0.0,0.0,0.0,0.0,0.0,0.0,0.0,0.0,0.0
1,0,0.9381117,0.06188829,0.0,0.0,0.0,0.0,0.0,0.0,0.0,0.0,0.0,0.0,0.0
1,0,0.9381117,0.06188829,0.0,0.0,0.0,0.0,0.0,0.0,0.0,0.0,0.0,0.0,0.0
1,0,0.9381117,0.06188829,0.0,0.0,0.0,0.0,0.0,0.0,0.0,0.0,0.0,0.0,0.0
1,0,0.9381117,0.06188829,0.0,0.0,0.0,0.0,0.0,0.0,0.0,0.0,0.0,0.0,0.0
1,0,0.9381117,0.06188829,0.0,0.0,0.0,0.0,0.0,0.0,0.0,0.0,0.0,0.0,0.0
1,0,0.9381117,0.06188829,0.0,0.0,0.0,0.0,0.0,0.0,0.0,0.0,0.0,0.0,0.0
1,0,0.9381117,0.06188829,0.0,0.0,0.0,0.0,0.0,0.0,0.0,0.0,0.0,0.0,0.0
1,0,0.9381117,0.06188829,0.0,0.0,0.0,0.0,0.0,0.0,0.0,0.0,0.0,0.0,0.0
1,0,0.9381117,0.06188829,0.0,0.0,0.0,0.0,0.0,0.0,0.0,0.0,0.0,0.0,0.0
1,0,0.9381117,0.06188829,0.0,0.0,0.0,0.0,0.0,0.0,0.0,0.0,0.0,0.0,0.0
1,0,0.9381117,0.06188829,0.0,0.0,0.0,0.0,0.0,0.0,0.0,0.0,0.0,0.0,0.0
1,0,0.9381117,0.06188829,0.0,0.0,0.0,0.0,0.0,0.0,0.0,0.0,0.0,0.0,0.0
1,0,0.9381117,0.06188829,0.0,0.0,0.0,0.0,0.0,0.0,0.0,0.0,0.0,0.0,0.0
1,0,0.9381117,0.06188829,0.0,0.0,0.0,0.0,0.0,0.0,0.0,0.0,0.0,0.0,0.0
1,0,0.9381117,0.06188829,0.0,0.0,0.0,0.0,0.0,0.0,0.0,0.0,0.0,0.0,0.0
1,0,0.9381117,0.06188829,0.0,0.0,0.0,0.0,0.0,0.0,0.0,0.0,0.0,0.0,0.0
1,0,0.9381117,0.06188829,0.0,0.0,0.0,0.0,0.0,0.0,0.0,0.0,0.0,0.0,0.0
1,0,0.9381117,0.06188829,0.0,0.0,0.0,0.0,0.0,0.0,0.0,0.0,0.0,0.0,0.0
1,0,0.9381117,0.06188829,0.0,0.0,0.0,0.0,0.0,0.0,0.0,0.0,0.0,0.0,0.0
1,0,0.9381117,0.06188829,0.0,0.0,0.0,0.0,0.0,0.0,0.0,0.0,0.0,0.0,0.0
1,0,0.9381117,0.06188829,0.0,0.0,0.0,0.0,0.0,0.0,0.0,0.0,0.0,0.0,0.0
1,0,0.9381117,0.06188829,0.0,0.0,0.0,0.0,0.0,0.0,0.0,0.0,0.0,0.0,0.0
1,0,0.9381117,0.06188829,0.0,0.0,0.0,0.0,0.0,0.0,0.0,0.0,0.0,0.0,0.0
1,0,0.9381117,0.06188829,0.0,0.0,0.0,0.0,0.0,0.0,0.0,0.0,0.0,0.0,0.0
1,0,0.9381117,0.06188829,0.0,0.0,0.0,0.0,0.0,0.0,0.0,0.0,0.0,0.0,0.0
1,0,0.9381117,0.06188829,0.0,0.0,0.0,0.0,0.0,0.0,0.0,0.0,0.0,0.0,0.0
1,0,0.9381117,0.06188829,0.0,0.0,0.0,0.0,0.0,0.0,0.0,0.0,0.0,0.0,0.0
1,0,0.9381117,0.06188829,0.0,0.0,0.0,0.0,0.0,0.0,0.0,0.0,0.0,0.0,0.0
1,0,0.9381117,0.06188829,0.0,0.0,0.0,0.0,0.0,0.0,0.0,0.0,0.0,0.0,0.0
1,0,0.9381117,0.06188829,0.0,0.0,0.0,0.0,0.0,0.0,0.0,0.0,0.0,0.0,0.0
1,0,0.9381117,0.06188829,0.0,0.0,0.0,0.0,0.0,0.0,0.0,0.0,0.0,0.0,0.0
1,0,0.9381117,0.06188829,0.0,0.0,0.0,0.0,0.0,0.0,0.0,0.0,0.0,0.0,0.0
1,0,0.9381117,0.06188829,0.0,0.0,0.0,0.0,0.0,0.0,0.0,0.0,0.0,0.0,0.0
1,0,0.9381117,0.06188829,0.0,0.0,0.0,0.0,0.0,0.0,0.0,0.0,0.0,0.0,0.0
1,0,0.9381117,0.06188829,0.0,0.0,0.0,0.0,0.0,0.0,0.0,0.0,0.0,0.0,0.0
1,0,0.9381117,0.06188829,0.0,0.0,0.0,0.0,0.0,0.0,0.0,0.0,0.0,0.0,0.0
1,0,0.9381117,0.06188829,0.0,0.0,0.0,0.0,0.0,0.0,0.0,0.0,0.0,0.0,0.0
1,0,0.9381117,0.06188829,0.0,0.0,0.0,0.0,0.0,0.0,0.0,0.0,0.0,0.0,0.0
1,0,0.9381117,0.06188829,0.0,0.0,0.0,0.0,0.0,0.0,0.0,0.0,0.0,0.0,0.0
1,0,0.9381117,0.06188829,0.0,0.0,0.0,0.0,0.0,0.0,0.0,0.0,0.0,0.0,0.0
1,0,0.9381117,0.06188829,0.0,0.0,0.0,0.0,0.0,0.0,0.0,0.0,0.0,0.0,0.0
1,0,0.9381117,0.06188829,0.0,0.0,0.0,0.0,0.0,0.0,0.0,0.0,0.0,0.0,0.0
1,0,0.9381117,0.06188829,0.0,0.0,0.0,0.0,0.0,0.0,0.0,0.0,0.0,0.0,0.0
1,0,0.9381117,0.06188829,0.0,0.0,0.0,0.0,0.0,0.0,0.0,0.0,0.0,0.0,0.0
1,0,0.9381117,0.06188829,0.0,0.0,0.0,0.0,0.0,0.0,0.0,0.0,0.0,0.0,0.0
1,0,0.9381117,0.06188829,0.0,0.0,0.0,0.0,0.0,0.0,0.0,0.0,0.0,0.0,0.0
1,0,0.9381117,0.06188829,0.0,0.0,0.0,0.0,0.0,0.0,0.0,0.0,0.0,0.0,0.0
1,0,0.9381117,0.06188829,0.0,0.0,0.0,0.0,0.0,0.0,0.0,0.0,0.0,0.0,0.0
1,0,0.9381117,0.06188829,0.0,0.0,0.0,0.0,0.0,0.0,0.0,0.0,0.0,0.0,0.0
1,0,0.9381117,0.06188829,0.0,0.0,0.0,0.0,0.0,0.0,0.0,0.0,0.0,0.0,0.0
1,0,0.9381117,0.06188829,0.0,0.0,0.0,0.0,0.0,0.0,0.0,0.0,0.0,0.0,0.0
1,0,0.9381117,0.06188829,0.0,0.0,0.0,0.0,0.0,0.0,0.0,0.0,0.0,0.0,0.0
1,0,0.9381117,0.06188829,0.0,0.0,0.0,0.0,0.0,0.0,0.0,0.0,0.0,0.0,0.0
1,0,0.9381117,0.06188829,0.0,0.0,0.0,0.0,0.0,0.0,0.0,0.0,0.0,0.0,0.0
1,0,0.9381117,0.06188829,0.0,0.0,0.0,0.0,0.0,0.0,0.0,0.0,0.0,0.0,0.0
1,0,0.9381117,0.06188829,0.0,0.0,0.0,0.0,0.0,0.0,0.0,0.0,0.0,0.0,0.0
1,0,0.9381117,0.06188829,0.0,0.0,0.0,0.0,0.0,0.0,0.0,0.0,0.0,0.0,0.0
1,0,0.9381117,0.06188829,0.0,0.0,0.0,0.0,0.0,0.0,0.0,0.0,0.0,0.0,0.0
1,0,0.9381117,0.06188829,0.0,0.0,0.0,0.0,0.0,0.0,0.0,0.0,0.0,0.0,0.0
1,0,0.9381117,0.06188829,0.0,0.0,0.0,0.0,0.0,0.0,0.0,0.0,0.0,0.0,0.0
1,0,0.9381117,0.06188829,0.0,0.0,0.0,0.0,0.0,0.0,0.0,0.0,0.0,0.0,0.0
1,0,0.9381117,0.06188829,0.0,0.0,0.0,0.0,0.0,0.0,0.0,0.0,0.0,0.0,0.0
1,0,0.9381117,0.06188829,0.0,0.0,0.0,0.0,0.0,0.0,0.0,0.0,0.0,0.0,0.0
1,0,0.9381117,0.06188829,0.0,0.0,0.0,0.0,0.0,0.0,0.0,0.0,0.0,0.0,0.0
1,0,0.9381117,0.06188829,0.0,0.0,0.0,0.0,0.0,0.0,0.0,0.0,0.0,0.0,0.0
1,0,0.9381117,0.06188829,0.0,0.0,0.0,0.0,0.0,0.0,0.0,0.0,0.0,0.0,0.0
1,0,0.9381117,0.06188829,0.0,0.0,0.0,0.0,0.0,0.0,0.0,0.0,0.0,0.0,0.0
1,0,0.9381117,0.06188829,0.0,0.0,0.0,0.0,0.0,0.0,0.0,0.0,0.0,0.0,0.0
1,0,0.9381117,0.06188829,0.0,0.0,0.0,0.0,0.0,0.0,0.0,0.0,0.0,0.0,0.0
1,0,0.9381117,0.06188829,0.0,0.0,0.0,0.0,0.0,0.0,0.0,0.0,0.0,0.0,0.0
1,0,0.9381117,0.06188829,0.0,0.0,0.0,0.0,0.0,0.0,0.0,0.0,0.0,0.0,0.0
1,0,0.9381117,0.06188829,0.0,0.0,0.0,0.0,0.0,0.0,0.0,0.0,0.0,0.0,0.0
1,0,0.9381117,0.06188829,0.0,0.0,0.0,0.0,0.0,0.0,0.0,0.0,0.0,0.0,0.0
1,0,0.9381117,0.06188829,0.0,0.0,0.0,0.0,0.0,0.0,0.0,0.0,0.0,0.0,0.0
1,0,0.9381117,0.06188829,0.0,0.0,0.0,0.0,0.0,0.0,0.0,0.0,0.0,0.0,0.0
1,0,0.9381117,0.06188829,0.0,0.0,0.0,0.0,0.0,0.0,0.0,0.0,0.0,0.0,0.0
1,0,0.9381117,0.06188829,0.0,0.0,0.0,0.0,0.0,0.0,0.0,0.0,0.0,0.0,0.0
1,0,0.9381117,0.06188829,0.0,0.0,0.0,0.0,0.0,0.0,0.0,0.0,0.0,0.0,0.0
1,0,0.9381117,0.06188829,0.0,0.0,0.0,0.0,0.0,0.0,0.0,0.0,0.0,0.0,0.0
1,0,0.9381117,0.06188829,0.0,0.0,0.0,0.0,0.0,0.0,0.0,0.0,0.0,0.0,0.0
1,0,0.9381117,0.06188829,0.0,0.0,0.0,0.0,0.0,0.0,0.0,0.0,0.0,0.0,0.0
1,0,0.9381117,0.06188829,0.0,0.0,0.0,0.0,0.0,0.0,0.0,0.0,0.0,0.0,0.0
1,0,0.9381117,0.06188829,0.0,0.0,0.0,0.0,0.0,0.0,0.0,0.0,0.0,0.0,0.0
1,0,0.9381117,0.06188829,0.0,0.0,0.0,0.0,0.0,0.0,0.0,0.0,0.0,0.0,0.0
1,0,0.9381117,0.06188829,0.0,0.0,0.0,0.0,0.0,0.0,0.0,0.0,0.0,0.0,0.0
1,0,0.9381117,0.06188829,0.0,0.0,0.0,0.0,0.0,0.0,0.0,0.0,0.0,0.0,0.0
1,0,0.9381117,0.06188829,0.0,0.0,0.0,0.0,0.0,0.0,0.0,0.0,0.0,0.0,0.0
1,0,0.9381117,0.06188829,0.0,0.0,0.0,0.0,0.0,0.0,0.0,0.0,0.0,0.0,0.0
1,0,0.9381117,0.06188829,0.0,0.0,0.0,0.0,0.0,0.0,0.0,0.0,0.0,0.0,0.0
1,0,0.9381117,0.06188829,0.0,0.0,0.0,0.0,0.0,0.0,0.0,0.0,0.0,0.0,0.0
1,0,0.9381117,0.06188829,0.0,0.0,0.0,0.0,0.0,0.0,0.0,0.0,0.0,0.0,0.0
1,0,0.9381117,0.06188829,0.0,0.0,0.0,0.0,0.0,0.0,0.0,0.0,0.0,0.0,0.0
1,0,0.9381117,0.06188829,0.0,0.0,0.0,0.0,0.0,0.0,0.0,0.0,0.0,0.0,0.0
1,0,0.9381117,0.06188829,0.0,0.0,0.0,0.0,0.0,0.0,0.0,0.0,0.0,0.0,0.0
1,0,0.9381117,0.06188829,0.0,0.0,0.0,0.0,0.0,0.0,0.0,0.0,0.0,0.0,0.0
1,0,0.9381117,0.06188829,0.0,0.0,0.0,0.0,0.0,0.0,0.0,0.0,0.0,0.0,0.0
1,0,0.9381117,0.06188829,0.0,0.0,0.0,0.0,0.0,0.0,0.0,0.0,0.0,0.0,0.0
1,0,0.9381117,0.06188829,0.0,0.0,0.0,0.0,0.0,0.0,0.0,0.0,0.0,0.0,0.0
1,0,0.9381117,0.06188829,0.0,0.0,0.0,0.0,0.0,0.0,0.0,0.0,0.0,0.0,0.0
1,0,0.9381117,0.06188829,0.0,0.0,0.0,0.0,0.0,0.0,0.0,0.0,0.0,0.0,0.0
1,0,0.9381117,0.06188829,0.0,0.0,0.0,0.0,0.0,0.0,0.0,0.0,0.0,0.0,0.0
1,0,0.9381117,0.06188829,0.0,0.0,0.0,0.0,0.0,0.0,0.0,0.0,0.0,0.0,0.0
1,0,0.9381117,0.06188829,0.0,0.0,0.0,0.0,0.0,0.0,0.0,0.0,0.0,0.0,0.0
1,0,0.9381117,0.06188829,0.0,0.0,0.0,0.0,0.0,0.0,0.0,0.0,0.0,0.0,0.0
1,0,0.9381117,0.06188829,0.0,0.0,0.0,0.0,0.0,0.0,0.0,0.0,0.0,0.0,0.0
1,0,0.9381117,0.06188829,0.0,0.0,0.0,0.0,0.0,0.0,0.0,0.0,0.0,0.0,0.0
1,0,0.9381117,0.06188829,0.0,0.0,0.0,0.0,0.0,0.0,0.0,0.0,0.0,0.0,0.0
1,0,0.9381117,0.06188829,0.0,0.0,0.0,0.0,0.0,0.0,0.0,0.0,0.0,0.0,0.0
1,0,0.9381117,0.06188829,0.0,0.0,0.0,0.0,0.0,0.0,0.0,0.0,0.0,0.0,0.0
1,0,0.9381117,0.06188829,0.0,0.0,0.0,0.0,0.0,0.0,0.0,0.0,0.0,0.0,0.0
1,0,0.9381117,0.06188829,0.0,0.0,0.0,0.0,0.0,0.0,0.0,0.0,0.0,0.0,0.0
1,0,0.9381117,0.06188829,0.0,0.0,0.0,0.0,0.0,0.0,0.0,0.0,0.0,0.0,0.0
1,0,0.9381117,0.06188829,0.0,0.0,0.0,0.0,0.0,0.0,0.0,0.0,0.0,0.0,0.0
1,0,0.9381117,0.06188829,0.0,0.0,0.0,0.0,0.0,0.0,0.0,0.0,0.0,0.0,0.0
1,0,0.9381117,0.06188829,0.0,0.0,0.0,0.0,0.0,0.0,0.0,0.0,0.0,0.0,0.0
1,0,0.9381117,0.06188829,0.0,0.0,0.0,0.0,0.0,0.0,0.0,0.0,0.0,0.0,0.0
1,0,0.9381117,0.06188829,0.0,0.0,0.0,0.0,0.0,0.0,0.0,0.0,0.0,0.0,0.0
1,0,0.9381117,0.06188829,0.0,0.0,0.0,0.0,0.0,0.0,0.0,0.0,0.0,0.0,0.0
1,0,0.9381117,0.06188829,0.0,0.0,0.0,0.0,0.0,0.0,0.0,0.0,0.0,0.0,0.0
1,0,0.9381117,0.06188829,0.0,0.0,0.0,0.0,0.0,0.0,0.0,0.0,0.0,0.0,0.0
1,0,0.9381117,0.06188829,0.0,0.0,0.0,0.0,0.0,0.0,0.0,0.0,0.0,0.0,0.0
1,0,0.9381117,0.06188829,0.0,0.0,0.0,0.0,0.0,0.0,0.0,0.0,0.0,0.0,0.0
1,0,0.9381117,0.06188829,0.0,0.0,0.0,0.0,0.0,0.0,0.0,0.0,0.0,0.0,0.0
1,0,0.9381117,0.06188829,0.0,0.0,0.0,0.0,0.0,0.0,0.0,0.0,0.0,0.0,0.0
1,0,0.9381117,0.06188829,0.0,0.0,0.0,0.0,0.0,0.0,0.0,0.0,0.0,0.0,0.0
1,0,0.9381117,0.06188829,0.0,0.0,0.0,0.0,0.0,0.0,0.0,0.0,0.0,0.0,0.0
1,0,0.9381117,0.06188829,0.0,0.0,0.0,0.0,0.0,0.0,0.0,0.0,0.0,0.0,0.0
1,0,0.9381117,0.06188829,0.0,0.0,0.0,0.0,0.0,0.0,0.0,0.0,0.0,0.0,0.0
1,0,0.9381117,0.06188829,0.0,0.0,0.0,0.0,0.0,0.0,0.0,0.0,0.0,0.0,0.0
1,0,0.9381117,0.06188829,0.0,0.0,0.0,0.0,0.0,0.0,0.0,0.0,0.0,0.0,0.0
1,0,0.9381117,0.06188829,0.0,0.0,0.0,0.0,0.0,0.0,0.0,0.0,0.0,0.0,0.0
1,0,0.9381117,0.06188829,0.0,0.0,0.0,0.0,0.0,0.0,0.0,0.0,0.0,0.0,0.0
1,0,0.9381117,0.06188829,0.0,0.0,0.0,0.0,0.0,0.0,0.0,0.0,0.0,0.0,0.0
1,0,0.9381117,0.06188829,0.0,0.0,0.0,0.0,0.0,0.0,0.0,0.0,0.0,0.0,0.0
1,0,0.9381117,0.06188829,0.0,0.0,0.0,0.0,0.0,0.0,0.0,0.0,0.0,0.0,0.0
1,0,0.9381117,0.06188829,0.0,0.0,0.0,0.0,0.0,0.0,0.0,0.0,0.0,0.0,0.0
1,0,0.9381117,0.06188829,0.0,0.0,0.0,0.0,0.0,0.0,0.0,0.0,0.0,0.0,0.0
1,0,0.9381117,0.06188829,0.0,0.0,0.0,0.0,0.0,0.0,0.0,0.0,0.0,0.0,0.0
1,0,0.9381117,0.06188829,0.0,0.0,0.0,0.0,0.0,0.0,0.0,0.0,0.0,0.0,0.0
1,0,0.9381117,0.06188829,0.0,0.0,0.0,0.0,0.0,0.0,0.0,0.0,0.0,0.0,0.0
1,0,0.9381117,0.06188829,0.0,0.0,0.0,0.0,0.0,0.0,0.0,0.0,0.0,0.0,0.0
1,0,0.9381117,0.06188829,0.0,0.0,0.0,0.0,0.0,0.0,0.0,0.0,0.0,0.0,0.0
1,0,0.9381117,0.06188829,0.0,0.0,0.0,0.0,0.0,0.0,0.0,0.0,0.0,0.0,0.0
1,0,0.9381117,0.06188829,0.0,0.0,0.0,0.0,0.0,0.0,0.0,0.0,0.0,0.0,0.0
1,0,0.9381117,0.06188829,0.0,0.0,0.0,0.0,0.0,0.0,0.0,0.0,0.0,0.0,0.0
1,0,0.9381117,0.06188829,0.0,0.0,0.0,0.0,0.0,0.0,0.0,0.0,0.0,0.0,0.0
1,0,0.9381117,0.06188829,0.0,0.0,0.0,0.0,0.0,0.0,0.0,0.0,0.0,0.0,0.0
1,0,0.9381117,0.06188829,0.0,0.0,0.0,0.0,0.0,0.0,0.0,0.0,0.0,0.0,0.0
1,0,0.9381117,0.06188829,0.0,0.0,0.0,0.0,0.0,0.0,0.0,0.0,0.0,0.0,0.0
1,0,0.9381117,0.06188829,0.0,0.0,0.0,0.0,0.0,0.0,0.0,0.0,0.0,0.0,0.0
1,0,0.9381117,0.06188829,0.0,0.0,0.0,0.0,0.0,0.0,0.0,0.0,0.0,0.0,0.0
1,0,0.9381117,0.06188829,0.0,0.0,0.0,0.0,0.0,0.0,0.0,0.0,0.0,0.0,0.0
1,0,0.9381117,0.06188829,0.0,0.0,0.0,0.0,0.0,0.0,0.0,0.0,0.0,0.0,0.0
1,0,0.9381117,0.06188829,0.0,0.0,0.0,0.0,0.0,0.0,0.0,0.0,0.0,0.0,0.0
1,0,0.9381117,0.06188829,0.0,0.0,0.0,0.0,0.0,0.0,0.0,0.0,0.0,0.0,0.0
1,0,0.9381117,0.06188829,0.0,0.0,0.0,0.0,0.0,0.0,0.0,0.0,0.0,0.0,0.0
1,0,1.0,0.0,0.0,0.0,0.0,0.0,0.0,0.0,0.0,0.0,0.0,0.0,0.0
1,0,1.0,0.0,0.0,0.0,0.0,0.0,0.0,0.0,0.0,0.0,0.0,0.0,0.0
1,0,1.0,0.0,0.0,0.0,0.0,0.0,0.0,0.0,0.0,0.0,0.0,0.0,0.0
1,0,1.0,0.0,0.0,0.0,0.0,0.0,0.0,0.0,0.0,0.0,0.0,0.0,0.0
1,0,1.0,0.0,0.0,0.0,0.0,0.0,0.0,0.0,0.0,0.0,0.0,0.0,0.0
1,0,1.0,0.0,0.0,0.0,0.0,0.0,0.0,0.0,0.0,0.0,0.0,0.0,0.0
1,0,1.0,0.0,0.0,0.0,0.0,0.0,0.0,0.0,0.0,0.0,0.0,0.0,0.0
1,0,1.0,0.0,0.0,0.0,0.0,0.0,0.0,0.0,0.0,0.0,0.0,0.0,0.0
1,0,1.0,0.0,0.0,0.0,0.0,0.0,0.0,0.0,0.0,0.0,0.0,0.0,0.0
1,0,1.0,0.0,0.0,0.0,0.0,0.0,0.0,0.0,0.0,0.0,0.0,0.0,0.0
1,0,1.0,0.0,0.0,0.0,0.0,0.0,0.0,0.0,0.0,0.0,0.0,0.0,0.0
1,0,1.0,0.0,0.0,0.0,0.0,0.0,0.0,0.0,0.0,0.0,0.0,0.0,0.0
1,0,1.0,0.0,0.0,0.0,0.0,0.0,0.0,0.0,0.0,0.0,0.0,0.0,0.0
1,0,1.0,0.0,0.0,0.0,0.0,0.0,0.0,0.0,0.0,0.0,0.0,0.0,0.0
1,0,1.0,0.0,0.0,0.0,0.0,0.0,0.0,0.0,0.0,0.0,0.0,0.0,0.0
1,0,1.0,0.0,0.0,0.0,0.0,0.0,0.0,0.0,0.0,0.0,0.0,0.0,0.0
1,0,1.0,0.0,0.0,0.0,0.0,0.0,0.0,0.0,0.0,0.0,0.0,0.0,0.0
1,0,1.0,0.0,0.0,0.0,0.0,0.0,0.0,0.0,0.0,0.0,0.0,0.0,0.0
1,0,1.0,0.0,0.0,0.0,0.0,0.0,0.0,0.0,0.0,0.0,0.0,0.0,0.0
1,0,1.0,0.0,0.0,0.0,0.0,0.0,0.0,0.0,0.0,0.0,0.0,0.0,0.0
1,0,1.0,0.0,0.0,0.0,0.0,0.0,0.0,0.0,0.0,0.0,0.0,0.0,0.0
1,0,1.0,0.0,0.0,0.0,0.0,0.0,0.0,0.0,0.0,0.0,0.0,0.0,0.0
1,0,1.0,0.0,0.0,0.0,0.0,0.0,0.0,0.0,0.0,0.0,0.0,0.0,0.0
1,0,1.0,0.0,0.0,0.0,0.0,0.0,0.0,0.0,0.0,0.0,0.0,0.0,0.0
1,0,1.0,0.0,0.0,0.0,0.0,0.0,0.0,0.0,0.0,0.0,0.0,0.0,0.0
1,0,1.0,0.0,0.0,0.0,0.0,0.0,0.0,0.0,0.0,0.0,0.0,0.0,0.0
1,0,1.0,0.0,0.0,0.0,0.0,0.0,0.0,0.0,0.0,0.0,0.0,0.0,0.0
1,0,1.0,0.0,0.0,0.0,0.0,0.0,0.0,0.0,0.0,0.0,0.0,0.0,0.0
1,0,1.0,0.0,0.0,0.0,0.0,0.0,0.0,0.0,0.0,0.0,0.0,0.0,0.0
1,0,1.0,0.0,0.0,0.0,0.0,0.0,0.0,0.0,0.0,0.0,0.0,0.0,0.0
1,0,1.0,0.0,0.0,0.0,0.0,0.0,0.0,0.0,0.0,0.0,0.0,0.0,0.0
1,0,1.0,0.0,0.0,0.0,0.0,0.0,0.0,0.0,0.0,0.0,0.0,0.0,0.0
1,0,1.0,0.0,0.0,0.0,0.0,0.0,0.0,0.0,0.0,0.0,0.0,0.0,0.0
1,0,1.0,0.0,0.0,0.0,0.0,0.0,0.0,0.0,0.0,0.0,0.0,0.0,0.0
1,0,1.0,0.0,0.0,0.0,0.0,0.0,0.0,0.0,0.0,0.0,0.0,0.0,0.0
1,0,1.0,0.0,0.0,0.0,0.0,0.0,0.0,0.0,0.0,0.0,0.0,0.0,0.0
1,0,1.0,0.0,0.0,0.0,0.0,0.0,0.0,0.0,0.0,0.0,0.0,0.0,0.0
1,0,1.0,0.0,0.0,0.0,0.0,0.0,0.0,0.0,0.0,0.0,0.0,0.0,0.0
1,0,1.0,0.0,0.0,0.0,0.0,0.0,0.0,0.0,0.0,0.0,0.0,0.0,0.0
1,0,1.0,0.0,0.0,0.0,0.0,0.0,0.0,0.0,0.0,0.0,0.0,0.0,0.0
1,0,1.0,0.0,0.0,0.0,0.0,0.0,0.0,0.0,0.0,0.0,0.0,0.0,0.0
1,0,1.0,0.0,0.0,0.0,0.0,0.0,0.0,0.0,0.0,0.0,0.0,0.0,0.0
1,0,1.0,0.0,0.0,0.0,0.0,0.0,0.0,0.0,0.0,0.0,0.0,0.0,0.0
1,0,1.0,0.0,0.0,0.0,0.0,0.0,0.0,0.0,0.0,0.0,0.0,0.0,0.0
1,0,1.0,0.0,0.0,0.0,0.0,0.0,0.0,0.0,0.0,0.0,0.0,0.0,0.0
1,0,1.0,0.0,0.0,0.0,0.0,0.0,0.0,0.0,0.0,0.0,0.0,0.0,0.0
1,0,1.0,0.0,0.0,0.0,0.0,0.0,0.0,0.0,0.0,0.0,0.0,0.0,0.0
1,0,1.0,0.0,0.0,0.0,0.0,0.0,0.0,0.0,0.0,0.0,0.0,0.0,0.0
1,0,1.0,0.0,0.0,0.0,0.0,0.0,0.0,0.0,0.0,0.0,0.0,0.0,0.0
1,0,1.0,0.0,0.0,0.0,0.0,0.0,0.0,0.0,0.0,0.0,0.0,0.0,0.0
1,0,1.0,0.0,0.0,0.0,0.0,0.0,0.0,0.0,0.0,0.0,0.0,0.0,0.0
1,0,1.0,0.0,0.0,0.0,0.0,0.0,0.0,0.0,0.0,0.0,0.0,0.0,0.0
1,0,1.0,0.0,0.0,0.0,0.0,0.0,0.0,0.0,0.0,0.0,0.0,0.0,0.0
1,0,1.0,0.0,0.0,0.0,0.0,0.0,0.0,0.0,0.0,0.0,0.0,0.0,0.0
1,0,1.0,0.0,0.0,0.0,0.0,0.0,0.0,0.0,0.0,0.0,0.0,0.0,0.0
1,0,1.0,0.0,0.0,0.0,0.0,0.0,0.0,0.0,0.0,0.0,0.0,0.0,0.0
1,0,1.0,0.0,0.0,0.0,0.0,0.0,0.0,0.0,0.0,0.0,0.0,0.0,0.0
1,0,1.0,0.0,0.0,0.0,0.0,0.0,0.0,0.0,0.0,0.0,0.0,0.0,0.0
1,0,1.0,0.0,0.0,0.0,0.0,0.0,0.0,0.0,0.0,0.0,0.0,0.0,0.0
1,0,1.0,0.0,0.0,0.0,0.0,0.0,0.0,0.0,0.0,0.0,0.0,0.0,0.0
1,0,1.0,0.0,0.0,0.0,0.0,0.0,0.0,0.0,0.0,0.0,0.0,0.0,0.0
1,0,1.0,0.0,0.0,0.0,0.0,0.0,0.0,0.0,0.0,0.0,0.0,0.0,0.0
1,0,1.0,0.0,0.0,0.0,0.0,0.0,0.0,0.0,0.0,0.0,0.0,0.0,0.0
1,0,1.0,0.0,0.0,0.0,0.0,0.0,0.0,0.0,0.0,0.0,0.0,0.0,0.0
1,0,1.0,0.0,0.0,0.0,0.0,0.0,0.0,0.0,0.0,0.0,0.0,0.0,0.0
1,0,1.0,0.0,0.0,0.0,0.0,0.0,0.0,0.0,0.0,0.0,0.0,0.0,0.0
1,0,1.0,0.0,0.0,0.0,0.0,0.0,0.0,0.0,0.0,0.0,0.0,0.0,0.0
1,0,1.0,0.0,0.0,0.0,0.0,0.0,0.0,0.0,0.0,0.0,0.0,0.0,0.0
1,0,1.0,0.0,0.0,0.0,0.0,0.0,0.0,0.0,0.0,0.0,0.0,0.0,0.0
1,0,1.0,0.0,0.0,0.0,0.0,0.0,0.0,0.0,0.0,0.0,0.0,0.0,0.0
1,0,1.0,0.0,0.0,0.0,0.0,0.0,0.0,0.0,0.0,0.0,0.0,0.0,0.0
1,0,1.0,0.0,0.0,0.0,0.0,0.0,0.0,0.0,0.0,0.0,0.0,0.0,0.0
1,0,1.0,0.0,0.0,0.0,0.0,0.0,0.0,0.0,0.0,0.0,0.0,0.0,0.0
1,0,1.0,0.0,0.0,0.0,0.0,0.0,0.0,0.0,0.0,0.0,0.0,0.0,0.0
1,0,1.0,0.0,0.0,0.0,0.0,0.0,0.0,0.0,0.0,0.0,0.0,0.0,0.0
1,0,1.0,0.0,0.0,0.0,0.0,0.0,0.0,0.0,0.0,0.0,0.0,0.0,0.0
1,0,1.0,0.0,0.0,0.0,0.0,0.0,0.0,0.0,0.0,0.0,0.0,0.0,0.0
1,0,1.0,0.0,0.0,0.0,0.0,0.0,0.0,0.0,0.0,0.0,0.0,0.0,0.0
1,0,1.0,0.0,0.0,0.0,0.0,0.0,0.0,0.0,0.0,0.0,0.0,0.0,0.0
1,0,1.0,0.0,0.0,0.0,0.0,0.0,0.0,0.0,0.0,0.0,0.0,0.0,0.0
1,0,1.0,0.0,0.0,0.0,0.0,0.0,0.0,0.0,0.0,0.0,0.0,0.0,0.0
1,0,1.0,0.0,0.0,0.0,0.0,0.0,0.0,0.0,0.0,0.0,0.0,0.0,0.0
1,0,1.0,0.0,0.0,0.0,0.0,0.0,0.0,0.0,0.0,0.0,0.0,0.0,0.0
1,0,1.0,0.0,0.0,0.0,0.0,0.0,0.0,0.0,0.0,0.0,0.0,0.0,0.0
1,0,1.0,0.0,0.0,0.0,0.0,0.0,0.0,0.0,0.0,0.0,0.0,0.0,0.0
1,0,1.0,0.0,0.0,0.0,0.0,0.0,0.0,0.0,0.0,0.0,0.0,0.0,0.0
1,0,1.0,0.0,0.0,0.0,0.0,0.0,0.0,0.0,0.0,0.0,0.0,0.0,0.0
1,0,1.0,0.0,0.0,0.0,0.0,0.0,0.0,0.0,0.0,0.0,0.0,0.0,0.0
1,0,1.0,0.0,0.0,0.0,0.0,0.0,0.0,0.0,0.0,0.0,0.0,0.0,0.0
1,0,1.0,0.0,0.0,0.0,0.0,0.0,0.0,0.0,0.0,0.0,0.0,0.0,0.0
1,0,1.0,0.0,0.0,0.0,0.0,0.0,0.0,0.0,0.0,0.0,0.0,0.0,0.0
1,0,1.0,0.0,0.0,0.0,0.0,0.0,0.0,0.0,0.0,0.0,0.0,0.0,0.0
1,0,1.0,0.0,0.0,0.0,0.0,0.0,0.0,0.0,0.0,0.0,0.0,0.0,0.0
1,0,1.0,0.0,0.0,0.0,0.0,0.0,0.0,0.0,0.0,0.0,0.0,0.0,0.0
1,0,1.0,0.0,0.0,0.0,0.0,0.0,0.0,0.0,0.0,0.0,0.0,0.0,0.0
1,0,1.0,0.0,0.0,0.0,0.0,0.0,0.0,0.0,0.0,0.0,0.0,0.0,0.0
1,0,1.0,0.0,0.0,0.0,0.0,0.0,0.0,0.0,0.0,0.0,0.0,0.0,0.0
1,0,1.0,0.0,0.0,0.0,0.0,0.0,0.0,0.0,0.0,0.0,0.0,0.0,0.0
1,0,1.0,0.0,0.0,0.0,0.0,0.0,0.0,0.0,0.0,0.0,0.0,0.0,0.0
1,0,1.0,0.0,0.0,0.0,0.0,0.0,0.0,0.0,0.0,0.0,0.0,0.0,0.0
1,0,1.0,0.0,0.0,0.0,0.0,0.0,0.0,0.0,0.0,0.0,0.0,0.0,0.0
1,0,1.0,0.0,0.0,0.0,0.0,0.0,0.0,0.0,0.0,0.0,0.0,0.0,0.0
1,0,1.0,0.0,0.0,0.0,0.0,0.0,0.0,0.0,0.0,0.0,0.0,0.0,0.0
1,0,1.0,0.0,0.0,0.0,0.0,0.0,0.0,0.0,0.0,0.0,0.0,0.0,0.0
1,0,1.0,0.0,0.0,0.0,0.0,0.0,0.0,0.0,0.0,0.0,0.0,0.0,0.0
1,0,1.0,0.0,0.0,0.0,0.0,0.0,0.0,0.0,0.0,0.0,0.0,0.0,0.0
1,0,1.0,0.0,0.0,0.0,0.0,0.0,0.0,0.0,0.0,0.0,0.0,0.0,0.0
1,0,1.0,0.0,0.0,0.0,0.0,0.0,0.0,0.0,0.0,0.0,0.0,0.0,0.0
1,0,1.0,0.0,0.0,0.0,0.0,0.0,0.0,0.0,0.0,0.0,0.0,0.0,0.0
1,0,1.0,0.0,0.0,0.0,0.0,0.0,0.0,0.0,0.0,0.0,0.0,0.0,0.0
1,0,1.0,0.0,0.0,0.0,0.0,0.0,0.0,0.0,0.0,0.0,0.0,0.0,0.0
1,0,1.0,0.0,0.0,0.0,0.0,0.0,0.0,0.0,0.0,0.0,0.0,0.0,0.0
1,0,1.0,0.0,0.0,0.0,0.0,0.0,0.0,0.0,0.0,0.0,0.0,0.0,0.0
1,0,1.0,0.0,0.0,0.0,0.0,0.0,0.0,0.0,0.0,0.0,0.0,0.0,0.0
1,0,1.0,0.0,0.0,0.0,0.0,0.0,0.0,0.0,0.0,0.0,0.0,0.0,0.0
1,0,1.0,0.0,0.0,0.0,0.0,0.0,0.0,0.0,0.0,0.0,0.0,0.0,0.0
1,0,1.0,0.0,0.0,0.0,0.0,0.0,0.0,0.0,0.0,0.0,0.0,0.0,0.0
1,0,1.0,0.0,0.0,0.0,0.0,0.0,0.0,0.0,0.0,0.0,0.0,0.0,0.0
1,0,1.0,0.0,0.0,0.0,0.0,0.0,0.0,0.0,0.0,0.0,0.0,0.0,0.0
1,0,1.0,0.0,0.0,0.0,0.0,0.0,0.0,0.0,0.0,0.0,0.0,0.0,0.0
1,0,1.0,0.0,0.0,0.0,0.0,0.0,0.0,0.0,0.0,0.0,0.0,0.0,0.0
1,0,1.0,0.0,0.0,0.0,0.0,0.0,0.0,0.0,0.0,0.0,0.0,0.0,0.0
1,0,1.0,0.0,0.0,0.0,0.0,0.0,0.0,0.0,0.0,0.0,0.0,0.0,0.0
1,0,1.0,0.0,0.0,0.0,0.0,0.0,0.0,0.0,0.0,0.0,0.0,0.0,0.0
1,0,1.0,0.0,0.0,0.0,0.0,0.0,0.0,0.0,0.0,0.0,0.0,0.0,0.0
1,0,1.0,0.0,0.0,0.0,0.0,0.0,0.0,0.0,0.0,0.0,0.0,0.0,0.0
1,0,1.0,0.0,0.0,0.0,0.0,0.0,0.0,0.0,0.0,0.0,0.0,0.0,0.0
1,0,1.0,0.0,0.0,0.0,0.0,0.0,0.0,0.0,0.0,0.0,0.0,0.0,0.0
1,0,1.0,0.0,0.0,0.0,0.0,0.0,0.0,0.0,0.0,0.0,0.0,0.0,0.0
1,0,1.0,0.0,0.0,0.0,0.0,0.0,0.0,0.0,0.0,0.0,0.0,0.0,0.0
1,0,1.0,0.0,0.0,0.0,0.0,0.0,0.0,0.0,0.0,0.0,0.0,0.0,0.0
1,0,1.0,0.0,0.0,0.0,0.0,0.0,0.0,0.0,0.0,0.0,0.0,0.0,0.0
1,0,1.0,0.0,0.0,0.0,0.0,0.0,0.0,0.0,0.0,0.0,0.0,0.0,0.0
1,0,1.0,0.0,0.0,0.0,0.0,0.0,0.0,0.0,0.0,0.0,0.0,0.0,0.0
1,0,1.0,0.0,0.0,0.0,0.0,0.0,0.0,0.0,0.0,0.0,0.0,0.0,0.0
1,0,1.0,0.0,0.0,0.0,0.0,0.0,0.0,0.0,0.0,0.0,0.0,0.0,0.0
1,0,1.0,0.0,0.0,0.0,0.0,0.0,0.0,0.0,0.0,0.0,0.0,0.0,0.0
1,0,1.0,0.0,0.0,0.0,0.0,0.0,0.0,0.0,0.0,0.0,0.0,0.0,0.0
1,0,1.0,0.0,0.0,0.0,0.0,0.0,0.0,0.0,0.0,0.0,0.0,0.0,0.0
1,0,1.0,0.0,0.0,0.0,0.0,0.0,0.0,0.0,0.0,0.0,0.0,0.0,0.0
1,0,1.0,0.0,0.0,0.0,0.0,0.0,0.0,0.0,0.0,0.0,0.0,0.0,0.0
1,0,1.0,0.0,0.0,0.0,0.0,0.0,0.0,0.0,0.0,0.0,0.0,0.0,0.0
1,0,1.0,0.0,0.0,0.0,0.0,0.0,0.0,0.0,0.0,0.0,0.0,0.0,0.0
1,0,1.0,0.0,0.0,0.0,0.0,0.0,0.0,0.0,0.0,0.0,0.0,0.0,0.0
1,0,1.0,0.0,0.0,0.0,0.0,0.0,0.0,0.0,0.0,0.0,0.0,0.0,0.0
1,0,1.0,0.0,0.0,0.0,0.0,0.0,0.0,0.0,0.0,0.0,0.0,0.0,0.0
1,0,1.0,0.0,0.0,0.0,0.0,0.0,0.0,0.0,0.0,0.0,0.0,0.0,0.0
1,0,1.0,0.0,0.0,0.0,0.0,0.0,0.0,0.0,0.0,0.0,0.0,0.0,0.0
1,0,1.0,0.0,0.0,0.0,0.0,0.0,0.0,0.0,0.0,0.0,0.0,0.0,0.0
1,0,1.0,0.0,0.0,0.0,0.0,0.0,0.0,0.0,0.0,0.0,0.0,0.0,0.0
1,0,1.0,0.0,0.0,0.0,0.0,0.0,0.0,0.0,0.0,0.0,0.0,0.0,0.0
1,0,1.0,0.0,0.0,0.0,0.0,0.0,0.0,0.0,0.0,0.0,0.0,0.0,0.0
1,0,1.0,0.0,0.0,0.0,0.0,0.0,0.0,0.0,0.0,0.0,0.0,0.0,0.0
1,0,1.0,0.0,0.0,0.0,0.0,0.0,0.0,0.0,0.0,0.0,0.0,0.0,0.0
1,0,1.0,0.0,0.0,0.0,0.0,0.0,0.0,0.0,0.0,0.0,0.0,0.0,0.0
1,0,1.0,0.0,0.0,0.0,0.0,0.0,0.0,0.0,0.0,0.0,0.0,0.0,0.0
1,0,1.0,0.0,0.0,0.0,0.0,0.0,0.0,0.0,0.0,0.0,0.0,0.0,0.0
1,0,1.0,0.0,0.0,0.0,0.0,0.0,0.0,0.0,0.0,0.0,0.0,0.0,0.0
1,0,1.0,0.0,0.0,0.0,0.0,0.0,0.0,0.0,0.0,0.0,0.0,0.0,0.0
1,0,1.0,0.0,0.0,0.0,0.0,0.0,0.0,0.0,0.0,0.0,0.0,0.0,0.0
1,0,1.0,0.0,0.0,0.0,0.0,0.0,0.0,0.0,0.0,0.0,0.0,0.0,0.0
1,0,1.0,0.0,0.0,0.0,0.0,0.0,0.0,0.0,0.0,0.0,0.0,0.0,0.0
1,0,1.0,0.0,0.0,0.0,0.0,0.0,0.0,0.0,0.0,0.0,0.0,0.0,0.0
1,0,1.0,0.0,0.0,0.0,0.0,0.0,0.0,0.0,0.0,0.0,0.0,0.0,0.0
1,0,1.0,0.0,0.0,0.0,0.0,0.0,0.0,0.0,0.0,0.0,0.0,0.0,0.0
1,0,1.0,0.0,0.0,0.0,0.0,0.0,0.0,0.0,0.0,0.0,0.0,0.0,0.0
1,0,1.0,0.0,0.0,0.0,0.0,0.0,0.0,0.0,0.0,0.0,0.0,0.0,0.0
1,0,1.0,0.0,0.0,0.0,0.0,0.0,0.0,0.0,0.0,0.0,0.0,0.0,0.0
1,0,1.0,0.0,0.0,0.0,0.0,0.0,0.0,0.0,0.0,0.0,0.0,0.0,0.0
1,0,1.0,0.0,0.0,0.0,0.0,0.0,0.0,0.0,0.0,0.0,0.0,0.0,0.0
1,0,1.0,0.0,0.0,0.0,0.0,0.0,0.0,0.0,0.0,0.0,0.0,0.0,0.0
1,0,1.0,0.0,0.0,0.0,0.0,0.0,0.0,0.0,0.0,0.0,0.0,0.0,0.0
1,0,1.0,0.0,0.0,0.0,0.0,0.0,0.0,0.0,0.0,0.0,0.0,0.0,0.0
1,0,1.0,0.0,0.0,0.0,0.0,0.0,0.0,0.0,0.0,0.0,0.0,0.0,0.0
1,0,1.0,0.0,0.0,0.0,0.0,0.0,0.0,0.0,0.0,0.0,0.0,0.0,0.0
1,0,1.0,0.0,0.0,0.0,0.0,0.0,0.0,0.0,0.0,0.0,0.0,0.0,0.0
1,0,1.0,0.0,0.0,0.0,0.0,0.0,0.0,0.0,0.0,0.0,0.0,0.0,0.0
1,0,1.0,0.0,0.0,0.0,0.0,0.0,0.0,0.0,0.0,0.0,0.0,0.0,0.0
1,0,1.0,0.0,0.0,0.0,0.0,0.0,0.0,0.0,0.0,0.0,0.0,0.0,0.0
1,0,1.0,0.0,0.0,0.0,0.0,0.0,0.0,0.0,0.0,0.0,0.0,0.0,0.0
1,0,1.0,0.0,0.0,0.0,0.0,0.0,0.0,0.0,0.0,0.0,0.0,0.0,0.0
1,0,1.0,0.0,0.0,0.0,0.0,0.0,0.0,0.0,0.0,0.0,0.0,0.0,0.0
1,0,1.0,0.0,0.0,0.0,0.0,0.0,0.0,0.0,0.0,0.0,0.0,0.0,0.0
1,0,1.0,0.0,0.0,0.0,0.0,0.0,0.0,0.0,0.0,0.0,0.0,0.0,0.0
1,0,1.0,0.0,0.0,0.0,0.0,0.0,0.0,0.0,0.0,0.0,0.0,0.0,0.0
1,0,1.0,0.0,0.0,0.0,0.0,0.0,0.0,0.0,0.0,0.0,0.0,0.0,0.0
1,0,1.0,0.0,0.0,0.0,0.0,0.0,0.0,0.0,0.0,0.0,0.0,0.0,0.0
1,0,1.0,0.0,0.0,0.0,0.0,0.0,0.0,0.0,0.0,0.0,0.0,0.0,0.0
1,0,1.0,0.0,0.0,0.0,0.0,0.0,0.0,0.0,0.0,0.0,0.0,0.0,0.0
1,0,1.0,0.0,0.0,0.0,0.0,0.0,0.0,0.0,0.0,0.0,0.0,0.0,0.0
1,0,1.0,0.0,0.0,0.0,0.0,0.0,0.0,0.0,0.0,0.0,0.0,0.0,0.0
1,0,1.0,0.0,0.0,0.0,0.0,0.0,0.0,0.0,0.0,0.0,0.0,0.0,0.0
1,0,1.0,0.0,0.0,0.0,0.0,0.0,0.0,0.0,0.0,0.0,0.0,0.0,0.0
1,0,1.0,0.0,0.0,0.0,0.0,0.0,0.0,0.0,0.0,0.0,0.0,0.0,0.0
1,0,1.0,0.0,0.0,0.0,0.0,0.0,0.0,0.0,0.0,0.0,0.0,0.0,0.0
1,0,1.0,0.0,0.0,0.0,0.0,0.0,0.0,0.0,0.0,0.0,0.0,0.0,0.0
1,0,1.0,0.0,0.0,0.0,0.0,0.0,0.0,0.0,0.0,0.0,0.0,0.0,0.0
1,0,1.0,0.0,0.0,0.0,0.0,0.0,0.0,0.0,0.0,0.0,0.0,0.0,0.0
1,0,1.0,0.0,0.0,0.0,0.0,0.0,0.0,0.0,0.0,0.0,0.0,0.0,0.0
1,0,1.0,0.0,0.0,0.0,0.0,0.0,0.0,0.0,0.0,0.0,0.0,0.0,0.0
1,0,1.0,0.0,0.0,0.0,0.0,0.0,0.0,0.0,0.0,0.0,0.0,0.0,0.0
1,0,1.0,0.0,0.0,0.0,0.0,0.0,0.0,0.0,0.0,0.0,0.0,0.0,0.0
1,0,1.0,0.0,0.0,0.0,0.0,0.0,0.0,0.0,0.0,0.0,0.0,0.0,0.0
1,0,1.0,0.0,0.0,0.0,0.0,0.0,0.0,0.0,0.0,0.0,0.0,0.0,0.0
1,0,1.0,0.0,0.0,0.0,0.0,0.0,0.0,0.0,0.0,0.0,0.0,0.0,0.0
1,0,1.0,0.0,0.0,0.0,0.0,0.0,0.0,0.0,0.0,0.0,0.0,0.0,0.0
1,0,1.0,0.0,0.0,0.0,0.0,0.0,0.0,0.0,0.0,0.0,0.0,0.0,0.0
1,0,1.0,0.0,0.0,0.0,0.0,0.0,0.0,0.0,0.0,0.0,0.0,0.0,0.0
1,0,1.0,0.0,0.0,0.0,0.0,0.0,0.0,0.0,0.0,0.0,0.0,0.0,0.0
1,0,1.0,0.0,0.0,0.0,0.0,0.0,0.0,0.0,0.0,0.0,0.0,0.0,0.0
1,0,1.0,0.0,0.0,0.0,0.0,0.0,0.0,0.0,0.0,0.0,0.0,0.0,0.0
1,0,1.0,0.0,0.0,0.0,0.0,0.0,0.0,0.0,0.0,0.0,0.0,0.0,0.0
1,0,1.0,0.0,0.0,0.0,0.0,0.0,0.0,0.0,0.0,0.0,0.0,0.0,0.0
1,0,1.0,0.0,0.0,0.0,0.0,0.0,0.0,0.0,0.0,0.0,0.0,0.0,0.0
1,0,1.0,0.0,0.0,0.0,0.0,0.0,0.0,0.0,0.0,0.0,0.0,0.0,0.0
1,0,1.0,0.0,0.0,0.0,0.0,0.0,0.0,0.0,0.0,0.0,0.0,0.0,0.0
1,0,1.0,0.0,0.0,0.0,0.0,0.0,0.0,0.0,0.0,0.0,0.0,0.0,0.0
1,0,1.0,0.0,0.0,0.0,0.0,0.0,0.0,0.0,0.0,0.0,0.0,0.0,0.0
1,0,1.0,0.0,0.0,0.0,0.0,0.0,0.0,0.0,0.0,0.0,0.0,0.0,0.0
1,0,1.0,0.0,0.0,0.0,0.0,0.0,0.0,0.0,0.0,0.0,0.0,0.0,0.0
1,0,1.0,0.0,0.0,0.0,0.0,0.0,0.0,0.0,0.0,0.0,0.0,0.0,0.0
1,0,1.0,0.0,0.0,0.0,0.0,0.0,0.0,0.0,0.0,0.0,0.0,0.0,0.0
1,0,1.0,0.0,0.0,0.0,0.0,0.0,0.0,0.0,0.0,0.0,0.0,0.0,0.0
1,0,1.0,0.0,0.0,0.0,0.0,0.0,0.0,0.0,0.0,0.0,0.0,0.0,0.0
1,0,1.0,0.0,0.0,0.0,0.0,0.0,0.0,0.0,0.0,0.0,0.0,0.0,0.0
1,0,1.0,0.0,0.0,0.0,0.0,0.0,0.0,0.0,0.0,0.0,0.0,0.0,0.0
1,0,1.0,0.0,0.0,0.0,0.0,0.0,0.0,0.0,0.0,0.0,0.0,0.0,0.0
1,0,1.0,0.0,0.0,0.0,0.0,0.0,0.0,0.0,0.0,0.0,0.0,0.0,0.0
1,0,1.0,0.0,0.0,0.0,0.0,0.0,0.0,0.0,0.0,0.0,0.0,0.0,0.0
1,0,1.0,0.0,0.0,0.0,0.0,0.0,0.0,0.0,0.0,0.0,0.0,0.0,0.0
1,0,1.0,0.0,0.0,0.0,0.0,0.0,0.0,0.0,0.0,0.0,0.0,0.0,0.0
1,0,1.0,0.0,0.0,0.0,0.0,0.0,0.0,0.0,0.0,0.0,0.0,0.0,0.0
1,0,1.0,0.0,0.0,0.0,0.0,0.0,0.0,0.0,0.0,0.0,0.0,0.0,0.0
1,0,1.0,0.0,0.0,0.0,0.0,0.0,0.0,0.0,0.0,0.0,0.0,0.0,0.0
1,0,1.0,0.0,0.0,0.0,0.0,0.0,0.0,0.0,0.0,0.0,0.0,0.0,0.0
1,0,1.0,0.0,0.0,0.0,0.0,0.0,0.0,0.0,0.0,0.0,0.0,0.0,0.0
1,0,1.0,0.0,0.0,0.0,0.0,0.0,0.0,0.0,0.0,0.0,0.0,0.0,0.0
1,0,1.0,0.0,0.0,0.0,0.0,0.0,0.0,0.0,0.0,0.0,0.0,0.0,0.0
1,0,1.0,0.0,0.0,0.0,0.0,0.0,0.0,0.0,0.0,0.0,0.0,0.0,0.0
1,0,1.0,0.0,0.0,0.0,0.0,0.0,0.0,0.0,0.0,0.0,0.0,0.0,0.0
1,0,1.0,0.0,0.0,0.0,0.0,0.0,0.0,0.0,0.0,0.0,0.0,0.0,0.0
1,0,1.0,0.0,0.0,0.0,0.0,0.0,0.0,0.0,0.0,0.0,0.0,0.0,0.0
1,0,1.0,0.0,0.0,0.0,0.0,0.0,0.0,0.0,0.0,0.0,0.0,0.0,0.0
1,0,1.0,0.0,0.0,0.0,0.0,0.0,0.0,0.0,0.0,0.0,0.0,0.0,0.0
1,0,1.0,0.0,0.0,0.0,0.0,0.0,0.0,0.0,0.0,0.0,0.0,0.0,0.0
1,0,1.0,0.0,0.0,0.0,0.0,0.0,0.0,0.0,0.0,0.0,0.0,0.0,0.0
1,0,1.0,0.0,0.0,0.0,0.0,0.0,0.0,0.0,0.0,0.0,0.0,0.0,0.0
1,0,1.0,0.0,0.0,0.0,0.0,0.0,0.0,0.0,0.0,0.0,0.0,0.0,0.0
1,0,1.0,0.0,0.0,0.0,0.0,0.0,0.0,0.0,0.0,0.0,0.0,0.0,0.0
1,0,1.0,0.0,0.0,0.0,0.0,0.0,0.0,0.0,0.0,0.0,0.0,0.0,0.0
1,0,1.0,0.0,0.0,0.0,0.0,0.0,0.0,0.0,0.0,0.0,0.0,0.0,0.0
1,0,1.0,0.0,0.0,0.0,0.0,0.0,0.0,0.0,0.0,0.0,0.0,0.0,0.0
1,0,1.0,0.0,0.0,0.0,0.0,0.0,0.0,0.0,0.0,0.0,0.0,0.0,0.0
1,0,1.0,0.0,0.0,0.0,0.0,0.0,0.0,0.0,0.0,0.0,0.0,0.0,0.0
1,0,1.0,0.0,0.0,0.0,0.0,0.0,0.0,0.0,0.0,0.0,0.0,0.0,0.0
1,0,1.0,0.0,0.0,0.0,0.0,0.0,0.0,0.0,0.0,0.0,0.0,0.0,0.0
1,0,1.0,0.0,0.0,0.0,0.0,0.0,0.0,0.0,0.0,0.0,0.0,0.0,0.0
1,0,1.0,0.0,0.0,0.0,0.0,0.0,0.0,0.0,0.0,0.0,0.0,0.0,0.0
1,0,1.0,0.0,0.0,0.0,0.0,0.0,0.0,0.0,0.0,0.0,0.0,0.0,0.0
1,0,1.0,0.0,0.0,0.0,0.0,0.0,0.0,0.0,0.0,0.0,0.0,0.0,0.0
1,0,1.0,0.0,0.0,0.0,0.0,0.0,0.0,0.0,0.0,0.0,0.0,0.0,0.0
1,0,1.0,0.0,0.0,0.0,0.0,0.0,0.0,0.0,0.0,0.0,0.0,0.0,0.0
1,0,1.0,0.0,0.0,0.0,0.0,0.0,0.0,0.0,0.0,0.0,0.0,0.0,0.0
1,0,1.0,0.0,0.0,0.0,0.0,0.0,0.0,0.0,0.0,0.0,0.0,0.0,0.0
1,0,1.0,0.0,0.0,0.0,0.0,0.0,0.0,0.0,0.0,0.0,0.0,0.0,0.0
1,0,1.0,0.0,0.0,0.0,0.0,0.0,0.0,0.0,0.0,0.0,0.0,0.0,0.0
1,0,1.0,0.0,0.0,0.0,0.0,0.0,0.0,0.0,0.0,0.0,0.0,0.0,0.0
1,0,1.0,0.0,0.0,0.0,0.0,0.0,0.0,0.0,0.0,0.0,0.0,0.0,0.0
1,0,1.0,0.0,0.0,0.0,0.0,0.0,0.0,0.0,0.0,0.0,0.0,0.0,0.0
1,0,1.0,0.0,0.0,0.0,0.0,0.0,0.0,0.0,0.0,0.0,0.0,0.0,0.0
1,0,1.0,0.0,0.0,0.0,0.0,0.0,0.0,0.0,0.0,0.0,0.0,0.0,0.0
1,0,1.0,0.0,0.0,0.0,0.0,0.0,0.0,0.0,0.0,0.0,0.0,0.0,0.0
1,0,1.0,0.0,0.0,0.0,0.0,0.0,0.0,0.0,0.0,0.0,0.0,0.0,0.0
1,0,1.0,0.0,0.0,0.0,0.0,0.0,0.0,0.0,0.0,0.0,0.0,0.0,0.0
1,0,1.0,0.0,0.0,0.0,0.0,0.0,0.0,0.0,0.0,0.0,0.0,0.0,0.0
1,0,1.0,0.0,0.0,0.0,0.0,0.0,0.0,0.0,0.0,0.0,0.0,0.0,0.0
1,0,1.0,0.0,0.0,0.0,0.0,0.0,0.0,0.0,0.0,0.0,0.0,0.0,0.0
1,0,1.0,0.0,0.0,0.0,0.0,0.0,0.0,0.0,0.0,0.0,0.0,0.0,0.0
1,0,1.0,0.0,0.0,0.0,0.0,0.0,0.0,0.0,0.0,0.0,0.0,0.0,0.0
1,0,1.0,0.0,0.0,0.0,0.0,0.0,0.0,0.0,0.0,0.0,0.0,0.0,0.0
1,0,1.0,0.0,0.0,0.0,0.0,0.0,0.0,0.0,0.0,0.0,0.0,0.0,0.0
1,0,1.0,0.0,0.0,0.0,0.0,0.0,0.0,0.0,0.0,0.0,0.0,0.0,0.0
1,0,1.0,0.0,0.0,0.0,0.0,0.0,0.0,0.0,0.0,0.0,0.0,0.0,0.0
1,0,1.0,0.0,0.0,0.0,0.0,0.0,0.0,0.0,0.0,0.0,0.0,0.0,0.0
1,0,1.0,0.0,0.0,0.0,0.0,0.0,0.0,0.0,0.0,0.0,0.0,0.0,0.0
1,0,1.0,0.0,0.0,0.0,0.0,0.0,0.0,0.0,0.0,0.0,0.0,0.0,0.0
1,0,1.0,0.0,0.0,0.0,0.0,0.0,0.0,0.0,0.0,0.0,0.0,0.0,0.0
1,0,1.0,0.0,0.0,0.0,0.0,0.0,0.0,0.0,0.0,0.0,0.0,0.0,0.0
1,0,1.0,0.0,0.0,0.0,0.0,0.0,0.0,0.0,0.0,0.0,0.0,0.0,0.0
1,0,1.0,0.0,0.0,0.0,0.0,0.0,0.0,0.0,0.0,0.0,0.0,0.0,0.0
1,0,1.0,0.0,0.0,0.0,0.0,0.0,0.0,0.0,0.0,0.0,0.0,0.0,0.0
1,0,1.0,0.0,0.0,0.0,0.0,0.0,0.0,0.0,0.0,0.0,0.0,0.0,0.0
1,0,1.0,0.0,0.0,0.0,0.0,0.0,0.0,0.0,0.0,0.0,0.0,0.0,0.0
1,0,1.0,0.0,0.0,0.0,0.0,0.0,0.0,0.0,0.0,0.0,0.0,0.0,0.0
1,0,1.0,0.0,0.0,0.0,0.0,0.0,0.0,0.0,0.0,0.0,0.0,0.0,0.0
1,0,1.0,0.0,0.0,0.0,0.0,0.0,0.0,0.0,0.0,0.0,0.0,0.0,0.0
1,0,1.0,0.0,0.0,0.0,0.0,0.0,0.0,0.0,0.0,0.0,0.0,0.0,0.0
1,0,1.0,0.0,0.0,0.0,0.0,0.0,0.0,0.0,0.0,0.0,0.0,0.0,0.0
1,0,1.0,0.0,0.0,0.0,0.0,0.0,0.0,0.0,0.0,0.0,0.0,0.0,0.0
1,0,1.0,0.0,0.0,0.0,0.0,0.0,0.0,0.0,0.0,0.0,0.0,0.0,0.0
1,0,1.0,0.0,0.0,0.0,0.0,0.0,0.0,0.0,0.0,0.0,0.0,0.0,0.0
1,0,1.0,0.0,0.0,0.0,0.0,0.0,0.0,0.0,0.0,0.0,0.0,0.0,0.0
1,0,1.0,0.0,0.0,0.0,0.0,0.0,0.0,0.0,0.0,0.0,0.0,0.0,0.0
1,0,1.0,0.0,0.0,0.0,0.0,0.0,0.0,0.0,0.0,0.0,0.0,0.0,0.0
1,0,1.0,0.0,0.0,0.0,0.0,0.0,0.0,0.0,0.0,0.0,0.0,0.0,0.0
1,0,1.0,0.0,0.0,0.0,0.0,0.0,0.0,0.0,0.0,0.0,0.0,0.0,0.0
1,0,1.0,0.0,0.0,0.0,0.0,0.0,0.0,0.0,0.0,0.0,0.0,0.0,0.0
1,0,1.0,0.0,0.0,0.0,0.0,0.0,0.0,0.0,0.0,0.0,0.0,0.0,0.0
1,0,1.0,0.0,0.0,0.0,0.0,0.0,0.0,0.0,0.0,0.0,0.0,0.0,0.0
1,0,1.0,0.0,0.0,0.0,0.0,0.0,0.0,0.0,0.0,0.0,0.0,0.0,0.0
1,0,1.0,0.0,0.0,0.0,0.0,0.0,0.0,0.0,0.0,0.0,0.0,0.0,0.0
1,0,1.0,0.0,0.0,0.0,0.0,0.0,0.0,0.0,0.0,0.0,0.0,0.0,0.0
1,0,1.0,0.0,0.0,0.0,0.0,0.0,0.0,0.0,0.0,0.0,0.0,0.0,0.0
1,0,1.0,0.0,0.0,0.0,0.0,0.0,0.0,0.0,0.0,0.0,0.0,0.0,0.0
1,0,1.0,0.0,0.0,0.0,0.0,0.0,0.0,0.0,0.0,0.0,0.0,0.0,0.0
1,0,1.0,0.0,0.0,0.0,0.0,0.0,0.0,0.0,0.0,0.0,0.0,0.0,0.0
1,0,1.0,0.0,0.0,0.0,0.0,0.0,0.0,0.0,0.0,0.0,0.0,0.0,0.0
1,0,1.0,0.0,0.0,0.0,0.0,0.0,0.0,0.0,0.0,0.0,0.0,0.0,0.0
1,0,1.0,0.0,0.0,0.0,0.0,0.0,0.0,0.0,0.0,0.0,0.0,0.0,0.0
1,0,1.0,0.0,0.0,0.0,0.0,0.0,0.0,0.0,0.0,0.0,0.0,0.0,0.0
1,0,1.0,0.0,0.0,0.0,0.0,0.0,0.0,0.0,0.0,0.0,0.0,0.0,0.0
1,0,1.0,0.0,0.0,0.0,0.0,0.0,0.0,0.0,0.0,0.0,0.0,0.0,0.0
1,0,1.0,0.0,0.0,0.0,0.0,0.0,0.0,0.0,0.0,0.0,0.0,0.0,0.0
1,0,1.0,0.0,0.0,0.0,0.0,0.0,0.0,0.0,0.0,0.0,0.0,0.0,0.0
1,0,1.0,0.0,0.0,0.0,0.0,0.0,0.0,0.0,0.0,0.0,0.0,0.0,0.0
1,0,1.0,0.0,0.0,0.0,0.0,0.0,0.0,0.0,0.0,0.0,0.0,0.0,0.0
1,0,1.0,0.0,0.0,0.0,0.0,0.0,0.0,0.0,0.0,0.0,0.0,0.0,0.0
1,0,1.0,0.0,0.0,0.0,0.0,0.0,0.0,0.0,0.0,0.0,0.0,0.0,0.0
1,0,1.0,0.0,0.0,0.0,0.0,0.0,0.0,0.0,0.0,0.0,0.0,0.0,0.0
1,0,1.0,0.0,0.0,0.0,0.0,0.0,0.0,0.0,0.0,0.0,0.0,0.0,0.0
1,0,1.0,0.0,0.0,0.0,0.0,0.0,0.0,0.0,0.0,0.0,0.0,0.0,0.0
1,0,1.0,0.0,0.0,0.0,0.0,0.0,0.0,0.0,0.0,0.0,0.0,0.0,0.0
1,0,1.0,0.0,0.0,0.0,0.0,0.0,0.0,0.0,0.0,0.0,0.0,0.0,0.0
1,0,1.0,0.0,0.0,0.0,0.0,0.0,0.0,0.0,0.0,0.0,0.0,0.0,0.0
1,0,1.0,0.0,0.0,0.0,0.0,0.0,0.0,0.0,0.0,0.0,0.0,0.0,0.0
1,0,1.0,0.0,0.0,0.0,0.0,0.0,0.0,0.0,0.0,0.0,0.0,0.0,0.0
1,0,1.0,0.0,0.0,0.0,0.0,0.0,0.0,0.0,0.0,0.0,0.0,0.0,0.0
1,0,1.0,0.0,0.0,0.0,0.0,0.0,0.0,0.0,0.0,0.0,0.0,0.0,0.0
1,0,1.0,0.0,0.0,0.0,0.0,0.0,0.0,0.0,0.0,0.0,0.0,0.0,0.0
1,0,1.0,0.0,0.0,0.0,0.0,0.0,0.0,0.0,0.0,0.0,0.0,0.0,0.0
1,0,1.0,0.0,0.0,0.0,0.0,0.0,0.0,0.0,0.0,0.0,0.0,0.0,0.0
1,0,1.0,0.0,0.0,0.0,0.0,0.0,0.0,0.0,0.0,0.0,0.0,0.0,0.0
1,0,1.0,0.0,0.0,0.0,0.0,0.0,0.0,0.0,0.0,0.0,0.0,0.0,0.0
1,0,1.0,0.0,0.0,0.0,0.0,0.0,0.0,0.0,0.0,0.0,0.0,0.0,0.0
1,0,1.0,0.0,0.0,0.0,0.0,0.0,0.0,0.0,0.0,0.0,0.0,0.0,0.0
1,0,1.0,0.0,0.0,0.0,0.0,0.0,0.0,0.0,0.0,0.0,0.0,0.0,0.0
1,0,1.0,0.0,0.0,0.0,0.0,0.0,0.0,0.0,0.0,0.0,0.0,0.0,0.0
1,0,1.0,0.0,0.0,0.0,0.0,0.0,0.0,0.0,0.0,0.0,0.0,0.0,0.0
1,0,1.0,0.0,0.0,0.0,0.0,0.0,0.0,0.0,0.0,0.0,0.0,0.0,0.0
1,0,1.0,0.0,0.0,0.0,0.0,0.0,0.0,0.0,0.0,0.0,0.0,0.0,0.0
1,0,1.0,0.0,0.0,0.0,0.0,0.0,0.0,0.0,0.0,0.0,0.0,0.0,0.0
1,0,1.0,0.0,0.0,0.0,0.0,0.0,0.0,0.0,0.0,0.0,0.0,0.0,0.0
1,0,1.0,0.0,0.0,0.0,0.0,0.0,0.0,0.0,0.0,0.0,0.0,0.0,0.0
1,0,1.0,0.0,0.0,0.0,0.0,0.0,0.0,0.0,0.0,0.0,0.0,0.0,0.0
1,0,1.0,0.0,0.0,0.0,0.0,0.0,0.0,0.0,0.0,0.0,0.0,0.0,0.0
1,0,1.0,0.0,0.0,0.0,0.0,0.0,0.0,0.0,0.0,0.0,0.0,0.0,0.0
1,0,1.0,0.0,0.0,0.0,0.0,0.0,0.0,0.0,0.0,0.0,0.0,0.0,0.0
1,0,1.0,0.0,0.0,0.0,0.0,0.0,0.0,0.0,0.0,0.0,0.0,0.0,0.0
1,0,1.0,0.0,0.0,0.0,0.0,0.0,0.0,0.0,0.0,0.0,0.0,0.0,0.0
1,0,1.0,0.0,0.0,0.0,0.0,0.0,0.0,0.0,0.0,0.0,0.0,0.0,0.0
1,0,1.0,0.0,0.0,0.0,0.0,0.0,0.0,0.0,0.0,0.0,0.0,0.0,0.0
1,0,1.0,0.0,0.0,0.0,0.0,0.0,0.0,0.0,0.0,0.0,0.0,0.0,0.0
1,0,1.0,0.0,0.0,0.0,0.0,0.0,0.0,0.0,0.0,0.0,0.0,0.0,0.0
1,0,1.0,0.0,0.0,0.0,0.0,0.0,0.0,0.0,0.0,0.0,0.0,0.0,0.0
1,0,1.0,0.0,0.0,0.0,0.0,0.0,0.0,0.0,0.0,0.0,0.0,0.0,0.0
1,0,1.0,0.0,0.0,0.0,0.0,0.0,0.0,0.0,0.0,0.0,0.0,0.0,0.0
1,0,1.0,0.0,0.0,0.0,0.0,0.0,0.0,0.0,0.0,0.0,0.0,0.0,0.0
1,0,1.0,0.0,0.0,0.0,0.0,0.0,0.0,0.0,0.0,0.0,0.0,0.0,0.0
1,0,1.0,0.0,0.0,0.0,0.0,0.0,0.0,0.0,0.0,0.0,0.0,0.0,0.0
1,0,1.0,0.0,0.0,0.0,0.0,0.0,0.0,0.0,0.0,0.0,0.0,0.0,0.0
1,0,1.0,0.0,0.0,0.0,0.0,0.0,0.0,0.0,0.0,0.0,0.0,0.0,0.0
1,0,1.0,0.0,0.0,0.0,0.0,0.0,0.0,0.0,0.0,0.0,0.0,0.0,0.0
1,0,1.0,0.0,0.0,0.0,0.0,0.0,0.0,0.0,0.0,0.0,0.0,0.0,0.0
1,0,1.0,0.0,0.0,0.0,0.0,0.0,0.0,0.0,0.0,0.0,0.0,0.0,0.0
1,0,1.0,0.0,0.0,0.0,0.0,0.0,0.0,0.0,0.0,0.0,0.0,0.0,0.0
1,0,1.0,0.0,0.0,0.0,0.0,0.0,0.0,0.0,0.0,0.0,0.0,0.0,0.0
1,0,1.0,0.0,0.0,0.0,0.0,0.0,0.0,0.0,0.0,0.0,0.0,0.0,0.0
1,0,1.0,0.0,0.0,0.0,0.0,0.0,0.0,0.0,0.0,0.0,0.0,0.0,0.0
1,0,1.0,0.0,0.0,0.0,0.0,0.0,0.0,0.0,0.0,0.0,0.0,0.0,0.0
1,0,1.0,0.0,0.0,0.0,0.0,0.0,0.0,0.0,0.0,0.0,0.0,0.0,0.0
1,0,1.0,0.0,0.0,0.0,0.0,0.0,0.0,0.0,0.0,0.0,0.0,0.0,0.0
1,0,1.0,0.0,0.0,0.0,0.0,0.0,0.0,0.0,0.0,0.0,0.0,0.0,0.0
1,0,1.0,0.0,0.0,0.0,0.0,0.0,0.0,0.0,0.0,0.0,0.0,0.0,0.0
1,0,1.0,0.0,0.0,0.0,0.0,0.0,0.0,0.0,0.0,0.0,0.0,0.0,0.0
1,0,1.0,0.0,0.0,0.0,0.0,0.0,0.0,0.0,0.0,0.0,0.0,0.0,0.0
1,0,1.0,0.0,0.0,0.0,0.0,0.0,0.0,0.0,0.0,0.0,0.0,0.0,0.0
1,0,1.0,0.0,0.0,0.0,0.0,0.0,0.0,0.0,0.0,0.0,0.0,0.0,0.0
1,0,1.0,0.0,0.0,0.0,0.0,0.0,0.0,0.0,0.0,0.0,0.0,0.0,0.0
1,0,1.0,0.0,0.0,0.0,0.0,0.0,0.0,0.0,0.0,0.0,0.0,0.0,0.0
1,0,1.0,0.0,0.0,0.0,0.0,0.0,0.0,0.0,0.0,0.0,0.0,0.0,0.0
1,0,1.0,0.0,0.0,0.0,0.0,0.0,0.0,0.0,0.0,0.0,0.0,0.0,0.0
1,0,1.0,0.0,0.0,0.0,0.0,0.0,0.0,0.0,0.0,0.0,0.0,0.0,0.0
1,0,1.0,0.0,0.0,0.0,0.0,0.0,0.0,0.0,0.0,0.0,0.0,0.0,0.0
1,0,1.0,0.0,0.0,0.0,0.0,0.0,0.0,0.0,0.0,0.0,0.0,0.0,0.0
1,0,1.0,0.0,0.0,0.0,0.0,0.0,0.0,0.0,0.0,0.0,0.0,0.0,0.0
1,0,1.0,0.0,0.0,0.0,0.0,0.0,0.0,0.0,0.0,0.0,0.0,0.0,0.0
1,0,1.0,0.0,0.0,0.0,0.0,0.0,0.0,0.0,0.0,0.0,0.0,0.0,0.0
1,0,1.0,0.0,0.0,0.0,0.0,0.0,0.0,0.0,0.0,0.0,0.0,0.0,0.0
1,0,1.0,0.0,0.0,0.0,0.0,0.0,0.0,0.0,0.0,0.0,0.0,0.0,0.0
1,0,1.0,0.0,0.0,0.0,0.0,0.0,0.0,0.0,0.0,0.0,0.0,0.0,0.0
1,0,1.0,0.0,0.0,0.0,0.0,0.0,0.0,0.0,0.0,0.0,0.0,0.0,0.0
1,0,1.0,0.0,0.0,0.0,0.0,0.0,0.0,0.0,0.0,0.0,0.0,0.0,0.0
1,0,1.0,0.0,0.0,0.0,0.0,0.0,0.0,0.0,0.0,0.0,0.0,0.0,0.0
1,0,1.0,0.0,0.0,0.0,0.0,0.0,0.0,0.0,0.0,0.0,0.0,0.0,0.0
1,0,1.0,0.0,0.0,0.0,0.0,0.0,0.0,0.0,0.0,0.0,0.0,0.0,0.0
1,0,1.0,0.0,0.0,0.0,0.0,0.0,0.0,0.0,0.0,0.0,0.0,0.0,0.0
1,0,1.0,0.0,0.0,0.0,0.0,0.0,0.0,0.0,0.0,0.0,0.0,0.0,0.0
1,0,1.0,0.0,0.0,0.0,0.0,0.0,0.0,0.0,0.0,0.0,0.0,0.0,0.0
1,0,1.0,0.0,0.0,0.0,0.0,0.0,0.0,0.0,0.0,0.0,0.0,0.0,0.0
1,0,1.0,0.0,0.0,0.0,0.0,0.0,0.0,0.0,0.0,0.0,0.0,0.0,0.0
1,0,1.0,0.0,0.0,0.0,0.0,0.0,0.0,0.0,0.0,0.0,0.0,0.0,0.0
1,0,1.0,0.0,0.0,0.0,0.0,0.0,0.0,0.0,0.0,0.0,0.0,0.0,0.0
1,0,1.0,0.0,0.0,0.0,0.0,0.0,0.0,0.0,0.0,0.0,0.0,0.0,0.0
1,0,1.0,0.0,0.0,0.0,0.0,0.0,0.0,0.0,0.0,0.0,0.0,0.0,0.0
1,0,1.0,0.0,0.0,0.0,0.0,0.0,0.0,0.0,0.0,0.0,0.0,0.0,0.0
1,0,1.0,0.0,0.0,0.0,0.0,0.0,0.0,0.0,0.0,0.0,0.0,0.0,0.0
1,0,1.0,0.0,0.0,0.0,0.0,0.0,0.0,0.0,0.0,0.0,0.0,0.0,0.0
1,0,1.0,0.0,0.0,0.0,0.0,0.0,0.0,0.0,0.0,0.0,0.0,0.0,0.0
1,0,1.0,0.0,0.0,0.0,0.0,0.0,0.0,0.0,0.0,0.0,0.0,0.0,0.0
1,0,1.0,0.0,0.0,0.0,0.0,0.0,0.0,0.0,0.0,0.0,0.0,0.0,0.0
1,0,1.0,0.0,0.0,0.0,0.0,0.0,0.0,0.0,0.0,0.0,0.0,0.0,0.0
1,0,1.0,0.0,0.0,0.0,0.0,0.0,0.0,0.0,0.0,0.0,0.0,0.0,0.0
1,0,1.0,0.0,0.0,0.0,0.0,0.0,0.0,0.0,0.0,0.0,0.0,0.0,0.0
1,0,1.0,0.0,0.0,0.0,0.0,0.0,0.0,0.0,0.0,0.0,0.0,0.0,0.0
1,0,1.0,0.0,0.0,0.0,0.0,0.0,0.0,0.0,0.0,0.0,0.0,0.0,0.0
1,0,1.0,0.0,0.0,0.0,0.0,0.0,0.0,0.0,0.0,0.0,0.0,0.0,0.0
1,0,1.0,0.0,0.0,0.0,0.0,0.0,0.0,0.0,0.0,0.0,0.0,0.0,0.0
1,0,1.0,0.0,0.0,0.0,0.0,0.0,0.0,0.0,0.0,0.0,0.0,0.0,0.0
1,0,1.0,0.0,0.0,0.0,0.0,0.0,0.0,0.0,0.0,0.0,0.0,0.0,0.0
1,0,1.0,0.0,0.0,0.0,0.0,0.0,0.0,0.0,0.0,0.0,0.0,0.0,0.0
1,0,1.0,0.0,0.0,0.0,0.0,0.0,0.0,0.0,0.0,0.0,0.0,0.0,0.0
1,0,1.0,0.0,0.0,0.0,0.0,0.0,0.0,0.0,0.0,0.0,0.0,0.0,0.0
1,0,1.0,0.0,0.0,0.0,0.0,0.0,0.0,0.0,0.0,0.0,0.0,0.0,0.0
1,0,1.0,0.0,0.0,0.0,0.0,0.0,0.0,0.0,0.0,0.0,0.0,0.0,0.0
1,0,1.0,0.0,0.0,0.0,0.0,0.0,0.0,0.0,0.0,0.0,0.0,0.0,0.0
1,0,1.0,0.0,0.0,0.0,0.0,0.0,0.0,0.0,0.0,0.0,0.0,0.0,0.0
1,0,1.0,0.0,0.0,0.0,0.0,0.0,0.0,0.0,0.0,0.0,0.0,0.0,0.0
1,0,1.0,0.0,0.0,0.0,0.0,0.0,0.0,0.0,0.0,0.0,0.0,0.0,0.0
1,0,1.0,0.0,0.0,0.0,0.0,0.0,0.0,0.0,0.0,0.0,0.0,0.0,0.0
1,0,1.0,0.0,0.0,0.0,0.0,0.0,0.0,0.0,0.0,0.0,0.0,0.0,0.0
1,0,1.0,0.0,0.0,0.0,0.0,0.0,0.0,0.0,0.0,0.0,0.0,0.0,0.0
1,0,1.0,0.0,0.0,0.0,0.0,0.0,0.0,0.0,0.0,0.0,0.0,0.0,0.0
1,0,1.0,0.0,0.0,0.0,0.0,0.0,0.0,0.0,0.0,0.0,0.0,0.0,0.0
1,0,1.0,0.0,0.0,0.0,0.0,0.0,0.0,0.0,0.0,0.0,0.0,0.0,0.0
1,0,1.0,0.0,0.0,0.0,0.0,0.0,0.0,0.0,0.0,0.0,0.0,0.0,0.0
1,0,1.0,0.0,0.0,0.0,0.0,0.0,0.0,0.0,0.0,0.0,0.0,0.0,0.0
1,0,1.0,0.0,0.0,0.0,0.0,0.0,0.0,0.0,0.0,0.0,0.0,0.0,0.0
1,0,1.0,0.0,0.0,0.0,0.0,0.0,0.0,0.0,0.0,0.0,0.0,0.0,0.0
1,0,1.0,0.0,0.0,0.0,0.0,0.0,0.0,0.0,0.0,0.0,0.0,0.0,0.0
1,0,1.0,0.0,0.0,0.0,0.0,0.0,0.0,0.0,0.0,0.0,0.0,0.0,0.0
1,0,1.0,0.0,0.0,0.0,0.0,0.0,0.0,0.0,0.0,0.0,0.0,0.0,0.0
1,0,1.0,0.0,0.0,0.0,0.0,0.0,0.0,0.0,0.0,0.0,0.0,0.0,0.0
1,0,1.0,0.0,0.0,0.0,0.0,0.0,0.0,0.0,0.0,0.0,0.0,0.0,0.0
1,0,1.0,0.0,0.0,0.0,0.0,0.0,0.0,0.0,0.0,0.0,0.0,0.0,0.0
1,0,1.0,0.0,0.0,0.0,0.0,0.0,0.0,0.0,0.0,0.0,0.0,0.0,0.0
1,0,1.0,0.0,0.0,0.0,0.0,0.0,0.0,0.0,0.0,0.0,0.0,0.0,0.0
1,0,1.0,0.0,0.0,0.0,0.0,0.0,0.0,0.0,0.0,0.0,0.0,0.0,0.0
1,0,1.0,0.0,0.0,0.0,0.0,0.0,0.0,0.0,0.0,0.0,0.0,0.0,0.0
1,0,1.0,0.0,0.0,0.0,0.0,0.0,0.0,0.0,0.0,0.0,0.0,0.0,0.0
1,0,1.0,0.0,0.0,0.0,0.0,0.0,0.0,0.0,0.0,0.0,0.0,0.0,0.0
1,0,1.0,0.0,0.0,0.0,0.0,0.0,0.0,0.0,0.0,0.0,0.0,0.0,0.0
1,0,1.0,0.0,0.0,0.0,0.0,0.0,0.0,0.0,0.0,0.0,0.0,0.0,0.0
1,0,1.0,0.0,0.0,0.0,0.0,0.0,0.0,0.0,0.0,0.0,0.0,0.0,0.0
1,0,1.0,0.0,0.0,0.0,0.0,0.0,0.0,0.0,0.0,0.0,0.0,0.0,0.0
1,0,1.0,0.0,0.0,0.0,0.0,0.0,0.0,0.0,0.0,0.0,0.0,0.0,0.0
1,0,1.0,0.0,0.0,0.0,0.0,0.0,0.0,0.0,0.0,0.0,0.0,0.0,0.0
1,0,1.0,0.0,0.0,0.0,0.0,0.0,0.0,0.0,0.0,0.0,0.0,0.0,0.0
1,0,1.0,0.0,0.0,0.0,0.0,0.0,0.0,0.0,0.0,0.0,0.0,0.0,0.0
1,0,1.0,0.0,0.0,0.0,0.0,0.0,0.0,0.0,0.0,0.0,0.0,0.0,0.0
1,0,1.0,0.0,0.0,0.0,0.0,0.0,0.0,0.0,0.0,0.0,0.0,0.0,0.0
1,0,1.0,0.0,0.0,0.0,0.0,0.0,0.0,0.0,0.0,0.0,0.0,0.0,0.0
1,0,1.0,0.0,0.0,0.0,0.0,0.0,0.0,0.0,0.0,0.0,0.0,0.0,0.0
1,0,1.0,0.0,0.0,0.0,0.0,0.0,0.0,0.0,0.0,0.0,0.0,0.0,0.0
1,0,1.0,0.0,0.0,0.0,0.0,0.0,0.0,0.0,0.0,0.0,0.0,0.0,0.0
1,0,1.0,0.0,0.0,0.0,0.0,0.0,0.0,0.0,0.0,0.0,0.0,0.0,0.0
1,0,1.0,0.0,0.0,0.0,0.0,0.0,0.0,0.0,0.0,0.0,0.0,0.0,0.0
1,0,1.0,0.0,0.0,0.0,0.0,0.0,0.0,0.0,0.0,0.0,0.0,0.0,0.0
1,0,1.0,0.0,0.0,0.0,0.0,0.0,0.0,0.0,0.0,0.0,0.0,0.0,0.0
1,0,1.0,0.0,0.0,0.0,0.0,0.0,0.0,0.0,0.0,0.0,0.0,0.0,0.0
1,0,1.0,0.0,0.0,0.0,0.0,0.0,0.0,0.0,0.0,0.0,0.0,0.0,0.0
1,0,1.0,0.0,0.0,0.0,0.0,0.0,0.0,0.0,0.0,0.0,0.0,0.0,0.0
1,0,1.0,0.0,0.0,0.0,0.0,0.0,0.0,0.0,0.0,0.0,0.0,0.0,0.0
1,0,1.0,0.0,0.0,0.0,0.0,0.0,0.0,0.0,0.0,0.0,0.0,0.0,0.0
1,0,1.0,0.0,0.0,0.0,0.0,0.0,0.0,0.0,0.0,0.0,0.0,0.0,0.0
1,0,1.0,0.0,0.0,0.0,0.0,0.0,0.0,0.0,0.0,0.0,0.0,0.0,0.0
1,0,1.0,0.0,0.0,0.0,0.0,0.0,0.0,0.0,0.0,0.0,0.0,0.0,0.0
1,0,1.0,0.0,0.0,0.0,0.0,0.0,0.0,0.0,0.0,0.0,0.0,0.0,0.0
1,0,1.0,0.0,0.0,0.0,0.0,0.0,0.0,0.0,0.0,0.0,0.0,0.0,0.0
1,0,1.0,0.0,0.0,0.0,0.0,0.0,0.0,0.0,0.0,0.0,0.0,0.0,0.0
1,0,1.0,0.0,0.0,0.0,0.0,0.0,0.0,0.0,0.0,0.0,0.0,0.0,0.0
1,0,1.0,0.0,0.0,0.0,0.0,0.0,0.0,0.0,0.0,0.0,0.0,0.0,0.0
1,0,1.0,0.0,0.0,0.0,0.0,0.0,0.0,0.0,0.0,0.0,0.0,0.0,0.0
1,0,1.0,0.0,0.0,0.0,0.0,0.0,0.0,0.0,0.0,0.0,0.0,0.0,0.0
1,0,1.0,0.0,0.0,0.0,0.0,0.0,0.0,0.0,0.0,0.0,0.0,0.0,0.0
1,0,1.0,0.0,0.0,0.0,0.0,0.0,0.0,0.0,0.0,0.0,0.0,0.0,0.0
1,0,1.0,0.0,0.0,0.0,0.0,0.0,0.0,0.0,0.0,0.0,0.0,0.0,0.0
1,0,1.0,0.0,0.0,0.0,0.0,0.0,0.0,0.0,0.0,0.0,0.0,0.0,0.0
1,0,1.0,0.0,0.0,0.0,0.0,0.0,0.0,0.0,0.0,0.0,0.0,0.0,0.0
1,0,1.0,0.0,0.0,0.0,0.0,0.0,0.0,0.0,0.0,0.0,0.0,0.0,0.0
1,0,1.0,0.0,0.0,0.0,0.0,0.0,0.0,0.0,0.0,0.0,0.0,0.0,0.0
1,0,1.0,0.0,0.0,0.0,0.0,0.0,0.0,0.0,0.0,0.0,0.0,0.0,0.0
1,0,1.0,0.0,0.0,0.0,0.0,0.0,0.0,0.0,0.0,0.0,0.0,0.0,0.0
1,0,1.0,0.0,0.0,0.0,0.0,0.0,0.0,0.0,0.0,0.0,0.0,0.0,0.0
1,0,1.0,0.0,0.0,0.0,0.0,0.0,0.0,0.0,0.0,0.0,0.0,0.0,0.0
1,0,1.0,0.0,0.0,0.0,0.0,0.0,0.0,0.0,0.0,0.0,0.0,0.0,0.0
1,0,1.0,0.0,0.0,0.0,0.0,0.0,0.0,0.0,0.0,0.0,0.0,0.0,0.0
1,0,1.0,0.0,0.0,0.0,0.0,0.0,0.0,0.0,0.0,0.0,0.0,0.0,0.0
1,0,1.0,0.0,0.0,0.0,0.0,0.0,0.0,0.0,0.0,0.0,0.0,0.0,0.0
1,0,1.0,0.0,0.0,0.0,0.0,0.0,0.0,0.0,0.0,0.0,0.0,0.0,0.0
1,0,1.0,0.0,0.0,0.0,0.0,0.0,0.0,0.0,0.0,0.0,0.0,0.0,0.0
1,0,1.0,0.0,0.0,0.0,0.0,0.0,0.0,0.0,0.0,0.0,0.0,0.0,0.0
1,0,1.0,0.0,0.0,0.0,0.0,0.0,0.0,0.0,0.0,0.0,0.0,0.0,0.0
1,0,1.0,0.0,0.0,0.0,0.0,0.0,0.0,0.0,0.0,0.0,0.0,0.0,0.0
1,0,1.0,0.0,0.0,0.0,0.0,0.0,0.0,0.0,0.0,0.0,0.0,0.0,0.0
1,0,1.0,0.0,0.0,0.0,0.0,0.0,0.0,0.0,0.0,0.0,0.0,0.0,0.0
1,0,1.0,0.0,0.0,0.0,0.0,0.0,0.0,0.0,0.0,0.0,0.0,0.0,0.0
1,0,1.0,0.0,0.0,0.0,0.0,0.0,0.0,0.0,0.0,0.0,0.0,0.0,0.0
1,0,1.0,0.0,0.0,0.0,0.0,0.0,0.0,0.0,0.0,0.0,0.0,0.0,0.0
1,0,1.0,0.0,0.0,0.0,0.0,0.0,0.0,0.0,0.0,0.0,0.0,0.0,0.0
1,0,1.0,0.0,0.0,0.0,0.0,0.0,0.0,0.0,0.0,0.0,0.0,0.0,0.0
1,0,1.0,0.0,0.0,0.0,0.0,0.0,0.0,0.0,0.0,0.0,0.0,0.0,0.0
1,0,1.0,0.0,0.0,0.0,0.0,0.0,0.0,0.0,0.0,0.0,0.0,0.0,0.0
1,0,1.0,0.0,0.0,0.0,0.0,0.0,0.0,0.0,0.0,0.0,0.0,0.0,0.0
1,0,1.0,0.0,0.0,0.0,0.0,0.0,0.0,0.0,0.0,0.0,0.0,0.0,0.0
1,0,1.0,0.0,0.0,0.0,0.0,0.0,0.0,0.0,0.0,0.0,0.0,0.0,0.0
1,0,1.0,0.0,0.0,0.0,0.0,0.0,0.0,0.0,0.0,0.0,0.0,0.0,0.0
1,0,1.0,0.0,0.0,0.0,0.0,0.0,0.0,0.0,0.0,0.0,0.0,0.0,0.0
1,0,1.0,0.0,0.0,0.0,0.0,0.0,0.0,0.0,0.0,0.0,0.0,0.0,0.0
1,0,1.0,0.0,0.0,0.0,0.0,0.0,0.0,0.0,0.0,0.0,0.0,0.0,0.0
1,0,1.0,0.0,0.0,0.0,0.0,0.0,0.0,0.0,0.0,0.0,0.0,0.0,0.0
1,0,1.0,0.0,0.0,0.0,0.0,0.0,0.0,0.0,0.0,0.0,0.0,0.0,0.0
1,0,1.0,0.0,0.0,0.0,0.0,0.0,0.0,0.0,0.0,0.0,0.0,0.0,0.0
1,0,1.0,0.0,0.0,0.0,0.0,0.0,0.0,0.0,0.0,0.0,0.0,0.0,0.0
1,0,1.0,0.0,0.0,0.0,0.0,0.0,0.0,0.0,0.0,0.0,0.0,0.0,0.0
1,0,1.0,0.0,0.0,0.0,0.0,0.0,0.0,0.0,0.0,0.0,0.0,0.0,0.0
1,0,1.0,0.0,0.0,0.0,0.0,0.0,0.0,0.0,0.0,0.0,0.0,0.0,0.0
1,0,1.0,0.0,0.0,0.0,0.0,0.0,0.0,0.0,0.0,0.0,0.0,0.0,0.0
1,0,1.0,0.0,0.0,0.0,0.0,0.0,0.0,0.0,0.0,0.0,0.0,0.0,0.0
1,0,1.0,0.0,0.0,0.0,0.0,0.0,0.0,0.0,0.0,0.0,0.0,0.0,0.0
1,0,1.0,0.0,0.0,0.0,0.0,0.0,0.0,0.0,0.0,0.0,0.0,0.0,0.0
1,0,1.0,0.0,0.0,0.0,0.0,0.0,0.0,0.0,0.0,0.0,0.0,0.0,0.0
1,0,1.0,0.0,0.0,0.0,0.0,0.0,0.0,0.0,0.0,0.0,0.0,0.0,0.0
1,0,1.0,0.0,0.0,0.0,0.0,0.0,0.0,0.0,0.0,0.0,0.0,0.0,0.0
1,0,1.0,0.0,0.0,0.0,0.0,0.0,0.0,0.0,0.0,0.0,0.0,0.0,0.0
1,0,1.0,0.0,0.0,0.0,0.0,0.0,0.0,0.0,0.0,0.0,0.0,0.0,0.0
1,0,1.0,0.0,0.0,0.0,0.0,0.0,0.0,0.0,0.0,0.0,0.0,0.0,0.0
1,0,1.0,0.0,0.0,0.0,0.0,0.0,0.0,0.0,0.0,0.0,0.0,0.0,0.0
1,0,1.0,0.0,0.0,0.0,0.0,0.0,0.0,0.0,0.0,0.0,0.0,0.0,0.0
1,0,1.0,0.0,0.0,0.0,0.0,0.0,0.0,0.0,0.0,0.0,0.0,0.0,0.0
1,0,1.0,0.0,0.0,0.0,0.0,0.0,0.0,0.0,0.0,0.0,0.0,0.0,0.0
1,0,1.0,0.0,0.0,0.0,0.0,0.0,0.0,0.0,0.0,0.0,0.0,0.0,0.0
1,0,1.0,0.0,0.0,0.0,0.0,0.0,0.0,0.0,0.0,0.0,0.0,0.0,0.0
1,0,1.0,0.0,0.0,0.0,0.0,0.0,0.0,0.0,0.0,0.0,0.0,0.0,0.0
1,0,1.0,0.0,0.0,0.0,0.0,0.0,0.0,0.0,0.0,0.0,0.0,0.0,0.0
1,0,1.0,0.0,0.0,0.0,0.0,0.0,0.0,0.0,0.0,0.0,0.0,0.0,0.0
1,0,1.0,0.0,0.0,0.0,0.0,0.0,0.0,0.0,0.0,0.0,0.0,0.0,0.0
1,0,1.0,0.0,0.0,0.0,0.0,0.0,0.0,0.0,0.0,0.0,0.0,0.0,0.0
1,0,1.0,0.0,0.0,0.0,0.0,0.0,0.0,0.0,0.0,0.0,0.0,0.0,0.0
1,0,1.0,0.0,0.0,0.0,0.0,0.0,0.0,0.0,0.0,0.0,0.0,0.0,0.0
1,0,1.0,0.0,0.0,0.0,0.0,0.0,0.0,0.0,0.0,0.0,0.0,0.0,0.0
1,0,1.0,0.0,0.0,0.0,0.0,0.0,0.0,0.0,0.0,0.0,0.0,0.0,0.0
1,0,1.0,0.0,0.0,0.0,0.0,0.0,0.0,0.0,0.0,0.0,0.0,0.0,0.0
1,0,1.0,0.0,0.0,0.0,0.0,0.0,0.0,0.0,0.0,0.0,0.0,0.0,0.0
1,0,1.0,0.0,0.0,0.0,0.0,0.0,0.0,0.0,0.0,0.0,0.0,0.0,0.0
1,0,1.0,0.0,0.0,0.0,0.0,0.0,0.0,0.0,0.0,0.0,0.0,0.0,0.0
1,0,1.0,0.0,0.0,0.0,0.0,0.0,0.0,0.0,0.0,0.0,0.0,0.0,0.0
1,0,1.0,0.0,0.0,0.0,0.0,0.0,0.0,0.0,0.0,0.0,0.0,0.0,0.0
1,0,1.0,0.0,0.0,0.0,0.0,0.0,0.0,0.0,0.0,0.0,0.0,0.0,0.0
1,0,1.0,0.0,0.0,0.0,0.0,0.0,0.0,0.0,0.0,0.0,0.0,0.0,0.0
1,0,1.0,0.0,0.0,0.0,0.0,0.0,0.0,0.0,0.0,0.0,0.0,0.0,0.0
1,0,1.0,0.0,0.0,0.0,0.0,0.0,0.0,0.0,0.0,0.0,0.0,0.0,0.0
1,0,1.0,0.0,0.0,0.0,0.0,0.0,0.0,0.0,0.0,0.0,0.0,0.0,0.0
1,0,1.0,0.0,0.0,0.0,0.0,0.0,0.0,0.0,0.0,0.0,0.0,0.0,0.0
1,0,1.0,0.0,0.0,0.0,0.0,0.0,0.0,0.0,0.0,0.0,0.0,0.0,0.0
1,0,1.0,0.0,0.0,0.0,0.0,0.0,0.0,0.0,0.0,0.0,0.0,0.0,0.0
1,0,1.0,0.0,0.0,0.0,0.0,0.0,0.0,0.0,0.0,0.0,0.0,0.0,0.0
1,0,1.0,0.0,0.0,0.0,0.0,0.0,0.0,0.0,0.0,0.0,0.0,0.0,0.0
1,0,1.0,0.0,0.0,0.0,0.0,0.0,0.0,0.0,0.0,0.0,0.0,0.0,0.0
1,0,1.0,0.0,0.0,0.0,0.0,0.0,0.0,0.0,0.0,0.0,0.0,0.0,0.0
1,0,1.0,0.0,0.0,0.0,0.0,0.0,0.0,0.0,0.0,0.0,0.0,0.0,0.0
1,0,1.0,0.0,0.0,0.0,0.0,0.0,0.0,0.0,0.0,0.0,0.0,0.0,0.0
1,0,1.0,0.0,0.0,0.0,0.0,0.0,0.0,0.0,0.0,0.0,0.0,0.0,0.0
1,0,1.0,0.0,0.0,0.0,0.0,0.0,0.0,0.0,0.0,0.0,0.0,0.0,0.0
1,0,1.0,0.0,0.0,0.0,0.0,0.0,0.0,0.0,0.0,0.0,0.0,0.0,0.0
1,0,1.0,0.0,0.0,0.0,0.0,0.0,0.0,0.0,0.0,0.0,0.0,0.0,0.0
1,0,1.0,0.0,0.0,0.0,0.0,0.0,0.0,0.0,0.0,0.0,0.0,0.0,0.0
1,0,1.0,0.0,0.0,0.0,0.0,0.0,0.0,0.0,0.0,0.0,0.0,0.0,0.0
1,0,1.0,0.0,0.0,0.0,0.0,0.0,0.0,0.0,0.0,0.0,0.0,0.0,0.0
1,0,1.0,0.0,0.0,0.0,0.0,0.0,0.0,0.0,0.0,0.0,0.0,0.0,0.0
1,0,1.0,0.0,0.0,0.0,0.0,0.0,0.0,0.0,0.0,0.0,0.0,0.0,0.0
1,0,1.0,0.0,0.0,0.0,0.0,0.0,0.0,0.0,0.0,0.0,0.0,0.0,0.0
1,0,1.0,0.0,0.0,0.0,0.0,0.0,0.0,0.0,0.0,0.0,0.0,0.0,0.0
1,0,1.0,0.0,0.0,0.0,0.0,0.0,0.0,0.0,0.0,0.0,0.0,0.0,0.0
1,0,1.0,0.0,0.0,0.0,0.0,0.0,0.0,0.0,0.0,0.0,0.0,0.0,0.0
1,0,1.0,0.0,0.0,0.0,0.0,0.0,0.0,0.0,0.0,0.0,0.0,0.0,0.0
1,0,1.0,0.0,0.0,0.0,0.0,0.0,0.0,0.0,0.0,0.0,0.0,0.0,0.0
1,0,1.0,0.0,0.0,0.0,0.0,0.0,0.0,0.0,0.0,0.0,0.0,0.0,0.0
1,0,1.0,0.0,0.0,0.0,0.0,0.0,0.0,0.0,0.0,0.0,0.0,0.0,0.0
1,0,1.0,0.0,0.0,0.0,0.0,0.0,0.0,0.0,0.0,0.0,0.0,0.0,0.0
1,0,1.0,0.0,0.0,0.0,0.0,0.0,0.0,0.0,0.0,0.0,0.0,0.0,0.0
1,0,1.0,0.0,0.0,0.0,0.0,0.0,0.0,0.0,0.0,0.0,0.0,0.0,0.0
1,0,1.0,0.0,0.0,0.0,0.0,0.0,0.0,0.0,0.0,0.0,0.0,0.0,0.0
1,0,1.0,0.0,0.0,0.0,0.0,0.0,0.0,0.0,0.0,0.0,0.0,0.0,0.0
1,0,1.0,0.0,0.0,0.0,0.0,0.0,0.0,0.0,0.0,0.0,0.0,0.0,0.0
1,0,1.0,0.0,0.0,0.0,0.0,0.0,0.0,0.0,0.0,0.0,0.0,0.0,0.0
1,0,1.0,0.0,0.0,0.0,0.0,0.0,0.0,0.0,0.0,0.0,0.0,0.0,0.0
1,0,1.0,0.0,0.0,0.0,0.0,0.0,0.0,0.0,0.0,0.0,0.0,0.0,0.0
1,0,1.0,0.0,0.0,0.0,0.0,0.0,0.0,0.0,0.0,0.0,0.0,0.0,0.0
1,0,1.0,0.0,0.0,0.0,0.0,0.0,0.0,0.0,0.0,0.0,0.0,0.0,0.0
1,0,1.0,0.0,0.0,0.0,0.0,0.0,0.0,0.0,0.0,0.0,0.0,0.0,0.0
1,0,1.0,0.0,0.0,0.0,0.0,0.0,0.0,0.0,0.0,0.0,0.0,0.0,0.0
1,0,1.0,0.0,0.0,0.0,0.0,0.0,0.0,0.0,0.0,0.0,0.0,0.0,0.0
1,0,1.0,0.0,0.0,0.0,0.0,0.0,0.0,0.0,0.0,0.0,0.0,0.0,0.0
1,0,1.0,0.0,0.0,0.0,0.0,0.0,0.0,0.0,0.0,0.0,0.0,0.0,0.0
1,0,1.0,0.0,0.0,0.0,0.0,0.0,0.0,0.0,0.0,0.0,0.0,0.0,0.0
1,0,1.0,0.0,0.0,0.0,0.0,0.0,0.0,0.0,0.0,0.0,0.0,0.0,0.0
1,0,1.0,0.0,0.0,0.0,0.0,0.0,0.0,0.0,0.0,0.0,0.0,0.0,0.0
1,0,1.0,0.0,0.0,0.0,0.0,0.0,0.0,0.0,0.0,0.0,0.0,0.0,0.0
1,0,1.0,0.0,0.0,0.0,0.0,0.0,0.0,0.0,0.0,0.0,0.0,0.0,0.0
1,0,1.0,0.0,0.0,0.0,0.0,0.0,0.0,0.0,0.0,0.0,0.0,0.0,0.0
1,0,1.0,0.0,0.0,0.0,0.0,0.0,0.0,0.0,0.0,0.0,0.0,0.0,0.0
1,0,1.0,0.0,0.0,0.0,0.0,0.0,0.0,0.0,0.0,0.0,0.0,0.0,0.0
1,0,1.0,0.0,0.0,0.0,0.0,0.0,0.0,0.0,0.0,0.0,0.0,0.0,0.0
1,0,1.0,0.0,0.0,0.0,0.0,0.0,0.0,0.0,0.0,0.0,0.0,0.0,0.0
1,0,1.0,0.0,0.0,0.0,0.0,0.0,0.0,0.0,0.0,0.0,0.0,0.0,0.0
1,0,1.0,0.0,0.0,0.0,0.0,0.0,0.0,0.0,0.0,0.0,0.0,0.0,0.0
1,0,1.0,0.0,0.0,0.0,0.0,0.0,0.0,0.0,0.0,0.0,0.0,0.0,0.0
1,0,1.0,0.0,0.0,0.0,0.0,0.0,0.0,0.0,0.0,0.0,0.0,0.0,0.0
1,0,1.0,0.0,0.0,0.0,0.0,0.0,0.0,0.0,0.0,0.0,0.0,0.0,0.0
1,0,1.0,0.0,0.0,0.0,0.0,0.0,0.0,0.0,0.0,0.0,0.0,0.0,0.0
1,0,1.0,0.0,0.0,0.0,0.0,0.0,0.0,0.0,0.0,0.0,0.0,0.0,0.0
1,0,1.0,0.0,0.0,0.0,0.0,0.0,0.0,0.0,0.0,0.0,0.0,0.0,0.0
1,0,1.0,0.0,0.0,0.0,0.0,0.0,0.0,0.0,0.0,0.0,0.0,0.0,0.0
1,0,1.0,0.0,0.0,0.0,0.0,0.0,0.0,0.0,0.0,0.0,0.0,0.0,0.0
1,0,1.0,0.0,0.0,0.0,0.0,0.0,0.0,0.0,0.0,0.0,0.0,0.0,0.0
1,0,1.0,0.0,0.0,0.0,0.0,0.0,0.0,0.0,0.0,0.0,0.0,0.0,0.0
1,0,1.0,0.0,0.0,0.0,0.0,0.0,0.0,0.0,0.0,0.0,0.0,0.0,0.0
1,0,1.0,0.0,0.0,0.0,0.0,0.0,0.0,0.0,0.0,0.0,0.0,0.0,0.0
1,0,1.0,0.0,0.0,0.0,0.0,0.0,0.0,0.0,0.0,0.0,0.0,0.0,0.0
1,0,1.0,0.0,0.0,0.0,0.0,0.0,0.0,0.0,0.0,0.0,0.0,0.0,0.0
1,0,1.0,0.0,0.0,0.0,0.0,0.0,0.0,0.0,0.0,0.0,0.0,0.0,0.0
1,0,1.0,0.0,0.0,0.0,0.0,0.0,0.0,0.0,0.0,0.0,0.0,0.0,0.0
1,0,1.0,0.0,0.0,0.0,0.0,0.0,0.0,0.0,0.0,0.0,0.0,0.0,0.0
1,0,1.0,0.0,0.0,0.0,0.0,0.0,0.0,0.0,0.0,0.0,0.0,0.0,0.0
1,0,1.0,0.0,0.0,0.0,0.0,0.0,0.0,0.0,0.0,0.0,0.0,0.0,0.0
1,0,1.0,0.0,0.0,0.0,0.0,0.0,0.0,0.0,0.0,0.0,0.0,0.0,0.0
1,0,1.0,0.0,0.0,0.0,0.0,0.0,0.0,0.0,0.0,0.0,0.0,0.0,0.0
1,0,1.0,0.0,0.0,0.0,0.0,0.0,0.0,0.0,0.0,0.0,0.0,0.0,0.0
1,0,1.0,0.0,0.0,0.0,0.0,0.0,0.0,0.0,0.0,0.0,0.0,0.0,0.0
1,0,1.0,0.0,0.0,0.0,0.0,0.0,0.0,0.0,0.0,0.0,0.0,0.0,0.0
1,0,1.0,0.0,0.0,0.0,0.0,0.0,0.0,0.0,0.0,0.0,0.0,0.0,0.0
1,0,1.0,0.0,0.0,0.0,0.0,0.0,0.0,0.0,0.0,0.0,0.0,0.0,0.0
1,0,1.0,0.0,0.0,0.0,0.0,0.0,0.0,0.0,0.0,0.0,0.0,0.0,0.0
1,0,1.0,0.0,0.0,0.0,0.0,0.0,0.0,0.0,0.0,0.0,0.0,0.0,0.0
1,0,1.0,0.0,0.0,0.0,0.0,0.0,0.0,0.0,0.0,0.0,0.0,0.0,0.0
1,0,1.0,0.0,0.0,0.0,0.0,0.0,0.0,0.0,0.0,0.0,0.0,0.0,0.0
1,0,1.0,0.0,0.0,0.0,0.0,0.0,0.0,0.0,0.0,0.0,0.0,0.0,0.0
1,0,1.0,0.0,0.0,0.0,0.0,0.0,0.0,0.0,0.0,0.0,0.0,0.0,0.0
1,0,1.0,0.0,0.0,0.0,0.0,0.0,0.0,0.0,0.0,0.0,0.0,0.0,0.0
1,0,1.0,0.0,0.0,0.0,0.0,0.0,0.0,0.0,0.0,0.0,0.0,0.0,0.0
1,0,1.0,0.0,0.0,0.0,0.0,0.0,0.0,0.0,0.0,0.0,0.0,0.0,0.0
1,0,1.0,0.0,0.0,0.0,0.0,0.0,0.0,0.0,0.0,0.0,0.0,0.0,0.0
1,0,1.0,0.0,0.0,0.0,0.0,0.0,0.0,0.0,0.0,0.0,0.0,0.0,0.0
1,0,1.0,0.0,0.0,0.0,0.0,0.0,0.0,0.0,0.0,0.0,0.0,0.0,0.0
1,0,1.0,0.0,0.0,0.0,0.0,0.0,0.0,0.0,0.0,0.0,0.0,0.0,0.0
1,0,1.0,0.0,0.0,0.0,0.0,0.0,0.0,0.0,0.0,0.0,0.0,0.0,0.0
1,0,1.0,0.0,0.0,0.0,0.0,0.0,0.0,0.0,0.0,0.0,0.0,0.0,0.0
1,0,1.0,0.0,0.0,0.0,0.0,0.0,0.0,0.0,0.0,0.0,0.0,0.0,0.0
1,0,1.0,0.0,0.0,0.0,0.0,0.0,0.0,0.0,0.0,0.0,0.0,0.0,0.0
1,0,1.0,0.0,0.0,0.0,0.0,0.0,0.0,0.0,0.0,0.0,0.0,0.0,0.0
1,0,1.0,0.0,0.0,0.0,0.0,0.0,0.0,0.0,0.0,0.0,0.0,0.0,0.0
1,0,1.0,0.0,0.0,0.0,0.0,0.0,0.0,0.0,0.0,0.0,0.0,0.0,0.0
1,0,1.0,0.0,0.0,0.0,0.0,0.0,0.0,0.0,0.0,0.0,0.0,0.0,0.0
1,0,1.0,0.0,0.0,0.0,0.0,0.0,0.0,0.0,0.0,0.0,0.0,0.0,0.0
1,0,1.0,0.0,0.0,0.0,0.0,0.0,0.0,0.0,0.0,0.0,0.0,0.0,0.0
1,0,1.0,0.0,0.0,0.0,0.0,0.0,0.0,0.0,0.0,0.0,0.0,0.0,0.0
1,0,1.0,0.0,0.0,0.0,0.0,0.0,0.0,0.0,0.0,0.0,0.0,0.0,0.0
1,0,1.0,0.0,0.0,0.0,0.0,0.0,0.0,0.0,0.0,0.0,0.0,0.0,0.0
1,0,1.0,0.0,0.0,0.0,0.0,0.0,0.0,0.0,0.0,0.0,0.0,0.0,0.0
1,0,1.0,0.0,0.0,0.0,0.0,0.0,0.0,0.0,0.0,0.0,0.0,0.0,0.0
1,0,1.0,0.0,0.0,0.0,0.0,0.0,0.0,0.0,0.0,0.0,0.0,0.0,0.0
1,0,1.0,0.0,0.0,0.0,0.0,0.0,0.0,0.0,0.0,0.0,0.0,0.0,0.0
1,0,1.0,0.0,0.0,0.0,0.0,0.0,0.0,0.0,0.0,0.0,0.0,0.0,0.0
1,0,1.0,0.0,0.0,0.0,0.0,0.0,0.0,0.0,0.0,0.0,0.0,0.0,0.0
1,0,1.0,0.0,0.0,0.0,0.0,0.0,0.0,0.0,0.0,0.0,0.0,0.0,0.0
1,0,1.0,0.0,0.0,0.0,0.0,0.0,0.0,0.0,0.0,0.0,0.0,0.0,0.0
1,0,1.0,0.0,0.0,0.0,0.0,0.0,0.0,0.0,0.0,0.0,0.0,0.0,0.0
1,0,1.0,0.0,0.0,0.0,0.0,0.0,0.0,0.0,0.0,0.0,0.0,0.0,0.0
1,0,1.0,0.0,0.0,0.0,0.0,0.0,0.0,0.0,0.0,0.0,0.0,0.0,0.0
1,0,1.0,0.0,0.0,0.0,0.0,0.0,0.0,0.0,0.0,0.0,0.0,0.0,0.0
1,0,1.0,0.0,0.0,0.0,0.0,0.0,0.0,0.0,0.0,0.0,0.0,0.0,0.0
1,0,1.0,0.0,0.0,0.0,0.0,0.0,0.0,0.0,0.0,0.0,0.0,0.0,0.0
1,0,1.0,0.0,0.0,0.0,0.0,0.0,0.0,0.0,0.0,0.0,0.0,0.0,0.0
1,0,1.0,0.0,0.0,0.0,0.0,0.0,0.0,0.0,0.0,0.0,0.0,0.0,0.0
1,0,1.0,0.0,0.0,0.0,0.0,0.0,0.0,0.0,0.0,0.0,0.0,0.0,0.0
1,0,1.0,0.0,0.0,0.0,0.0,0.0,0.0,0.0,0.0,0.0,0.0,0.0,0.0
1,0,1.0,0.0,0.0,0.0,0.0,0.0,0.0,0.0,0.0,0.0,0.0,0.0,0.0
1,0,1.0,0.0,0.0,0.0,0.0,0.0,0.0,0.0,0.0,0.0,0.0,0.0,0.0
1,0,1.0,0.0,0.0,0.0,0.0,0.0,0.0,0.0,0.0,0.0,0.0,0.0,0.0
1,0,1.0,0.0,0.0,0.0,0.0,0.0,0.0,0.0,0.0,0.0,0.0,0.0,0.0
1,0,1.0,0.0,0.0,0.0,0.0,0.0,0.0,0.0,0.0,0.0,0.0,0.0,0.0
1,0,1.0,0.0,0.0,0.0,0.0,0.0,0.0,0.0,0.0,0.0,0.0,0.0,0.0
1,0,1.0,0.0,0.0,0.0,0.0,0.0,0.0,0.0,0.0,0.0,0.0,0.0,0.0
1,0,1.0,0.0,0.0,0.0,0.0,0.0,0.0,0.0,0.0,0.0,0.0,0.0,0.0
1,0,1.0,0.0,0.0,0.0,0.0,0.0,0.0,0.0,0.0,0.0,0.0,0.0,0.0
1,0,1.0,0.0,0.0,0.0,0.0,0.0,0.0,0.0,0.0,0.0,0.0,0.0,0.0
1,0,1.0,0.0,0.0,0.0,0.0,0.0,0.0,0.0,0.0,0.0,0.0,0.0,0.0
1,0,1.0,0.0,0.0,0.0,0.0,0.0,0.0,0.0,0.0,0.0,0.0,0.0,0.0
1,0,1.0,0.0,0.0,0.0,0.0,0.0,0.0,0.0,0.0,0.0,0.0,0.0,0.0
1,0,1.0,0.0,0.0,0.0,0.0,0.0,0.0,0.0,0.0,0.0,0.0,0.0,0.0
1,0,1.0,0.0,0.0,0.0,0.0,0.0,0.0,0.0,0.0,0.0,0.0,0.0,0.0
1,0,1.0,0.0,0.0,0.0,0.0,0.0,0.0,0.0,0.0,0.0,0.0,0.0,0.0
1,0,1.0,0.0,0.0,0.0,0.0,0.0,0.0,0.0,0.0,0.0,0.0,0.0,0.0
1,0,1.0,0.0,0.0,0.0,0.0,0.0,0.0,0.0,0.0,0.0,0.0,0.0,0.0
1,0,1.0,0.0,0.0,0.0,0.0,0.0,0.0,0.0,0.0,0.0,0.0,0.0,0.0
1,0,1.0,0.0,0.0,0.0,0.0,0.0,0.0,0.0,0.0,0.0,0.0,0.0,0.0
1,0,1.0,0.0,0.0,0.0,0.0,0.0,0.0,0.0,0.0,0.0,0.0,0.0,0.0
1,0,1.0,0.0,0.0,0.0,0.0,0.0,0.0,0.0,0.0,0.0,0.0,0.0,0.0
1,0,1.0,0.0,0.0,0.0,0.0,0.0,0.0,0.0,0.0,0.0,0.0,0.0,0.0
1,0,1.0,0.0,0.0,0.0,0.0,0.0,0.0,0.0,0.0,0.0,0.0,0.0,0.0
1,0,1.0,0.0,0.0,0.0,0.0,0.0,0.0,0.0,0.0,0.0,0.0,0.0,0.0
1,0,1.0,0.0,0.0,0.0,0.0,0.0,0.0,0.0,0.0,0.0,0.0,0.0,0.0
1,0,1.0,0.0,0.0,0.0,0.0,0.0,0.0,0.0,0.0,0.0,0.0,0.0,0.0
1,0,1.0,0.0,0.0,0.0,0.0,0.0,0.0,0.0,0.0,0.0,0.0,0.0,0.0
1,0,1.0,0.0,0.0,0.0,0.0,0.0,0.0,0.0,0.0,0.0,0.0,0.0,0.0
1,0,1.0,0.0,0.0,0.0,0.0,0.0,0.0,0.0,0.0,0.0,0.0,0.0,0.0
1,0,1.0,0.0,0.0,0.0,0.0,0.0,0.0,0.0,0.0,0.0,0.0,0.0,0.0
1,0,1.0,0.0,0.0,0.0,0.0,0.0,0.0,0.0,0.0,0.0,0.0,0.0,0.0
1,0,1.0,0.0,0.0,0.0,0.0,0.0,0.0,0.0,0.0,0.0,0.0,0.0,0.0
1,0,1.0,0.0,0.0,0.0,0.0,0.0,0.0,0.0,0.0,0.0,0.0,0.0,0.0
1,0,1.0,0.0,0.0,0.0,0.0,0.0,0.0,0.0,0.0,0.0,0.0,0.0,0.0
1,0,1.0,0.0,0.0,0.0,0.0,0.0,0.0,0.0,0.0,0.0,0.0,0.0,0.0
1,0,1.0,0.0,0.0,0.0,0.0,0.0,0.0,0.0,0.0,0.0,0.0,0.0,0.0
1,0,1.0,0.0,0.0,0.0,0.0,0.0,0.0,0.0,0.0,0.0,0.0,0.0,0.0
1,0,1.0,0.0,0.0,0.0,0.0,0.0,0.0,0.0,0.0,0.0,0.0,0.0,0.0
1,0,1.0,0.0,0.0,0.0,0.0,0.0,0.0,0.0,0.0,0.0,0.0,0.0,0.0
1,0,1.0,0.0,0.0,0.0,0.0,0.0,0.0,0.0,0.0,0.0,0.0,0.0,0.0
1,0,1.0,0.0,0.0,0.0,0.0,0.0,0.0,0.0,0.0,0.0,0.0,0.0,0.0
1,0,1.0,0.0,0.0,0.0,0.0,0.0,0.0,0.0,0.0,0.0,0.0,0.0,0.0
1,0,1.0,0.0,0.0,0.0,0.0,0.0,0.0,0.0,0.0,0.0,0.0,0.0,0.0
1,0,1.0,0.0,0.0,0.0,0.0,0.0,0.0,0.0,0.0,0.0,0.0,0.0,0.0
1,0,1.0,0.0,0.0,0.0,0.0,0.0,0.0,0.0,0.0,0.0,0.0,0.0,0.0
1,0,1.0,0.0,0.0,0.0,0.0,0.0,0.0,0.0,0.0,0.0,0.0,0.0,0.0
1,0,1.0,0.0,0.0,0.0,0.0,0.0,0.0,0.0,0.0,0.0,0.0,0.0,0.0
1,0,1.0,0.0,0.0,0.0,0.0,0.0,0.0,0.0,0.0,0.0,0.0,0.0,0.0
1,0,1.0,0.0,0.0,0.0,0.0,0.0,0.0,0.0,0.0,0.0,0.0,0.0,0.0
1,0,1.0,0.0,0.0,0.0,0.0,0.0,0.0,0.0,0.0,0.0,0.0,0.0,0.0
1,0,1.0,0.0,0.0,0.0,0.0,0.0,0.0,0.0,0.0,0.0,0.0,0.0,0.0
1,0,1.0,0.0,0.0,0.0,0.0,0.0,0.0,0.0,0.0,0.0,0.0,0.0,0.0
1,0,1.0,0.0,0.0,0.0,0.0,0.0,0.0,0.0,0.0,0.0,0.0,0.0,0.0
1,0,1.0,0.0,0.0,0.0,0.0,0.0,0.0,0.0,0.0,0.0,0.0,0.0,0.0
1,0,1.0,0.0,0.0,0.0,0.0,0.0,0.0,0.0,0.0,0.0,0.0,0.0,0.0
1,0,1.0,0.0,0.0,0.0,0.0,0.0,0.0,0.0,0.0,0.0,0.0,0.0,0.0
1,0,1.0,0.0,0.0,0.0,0.0,0.0,0.0,0.0,0.0,0.0,0.0,0.0,0.0
1,0,1.0,0.0,0.0,0.0,0.0,0.0,0.0,0.0,0.0,0.0,0.0,0.0,0.0
1,0,1.0,0.0,0.0,0.0,0.0,0.0,0.0,0.0,0.0,0.0,0.0,0.0,0.0
1,0,1.0,0.0,0.0,0.0,0.0,0.0,0.0,0.0,0.0,0.0,0.0,0.0,0.0
1,0,1.0,0.0,0.0,0.0,0.0,0.0,0.0,0.0,0.0,0.0,0.0,0.0,0.0
1,0,1.0,0.0,0.0,0.0,0.0,0.0,0.0,0.0,0.0,0.0,0.0,0.0,0.0
1,0,1.0,0.0,0.0,0.0,0.0,0.0,0.0,0.0,0.0,0.0,0.0,0.0,0.0
1,0,1.0,0.0,0.0,0.0,0.0,0.0,0.0,0.0,0.0,0.0,0.0,0.0,0.0
1,0,1.0,0.0,0.0,0.0,0.0,0.0,0.0,0.0,0.0,0.0,0.0,0.0,0.0
1,0,1.0,0.0,0.0,0.0,0.0,0.0,0.0,0.0,0.0,0.0,0.0,0.0,0.0
1,0,1.0,0.0,0.0,0.0,0.0,0.0,0.0,0.0,0.0,0.0,0.0,0.0,0.0
1,0,1.0,0.0,0.0,0.0,0.0,0.0,0.0,0.0,0.0,0.0,0.0,0.0,0.0
1,0,1.0,0.0,0.0,0.0,0.0,0.0,0.0,0.0,0.0,0.0,0.0,0.0,0.0
1,0,1.0,0.0,0.0,0.0,0.0,0.0,0.0,0.0,0.0,0.0,0.0,0.0,0.0
1,0,1.0,0.0,0.0,0.0,0.0,0.0,0.0,0.0,0.0,0.0,0.0,0.0,0.0
1,0,1.0,0.0,0.0,0.0,0.0,0.0,0.0,0.0,0.0,0.0,0.0,0.0,0.0
1,0,1.0,0.0,0.0,0.0,0.0,0.0,0.0,0.0,0.0,0.0,0.0,0.0,0.0
1,0,1.0,0.0,0.0,0.0,0.0,0.0,0.0,0.0,0.0,0.0,0.0,0.0,0.0
1,0,1.0,0.0,0.0,0.0,0.0,0.0,0.0,0.0,0.0,0.0,0.0,0.0,0.0
1,0,1.0,0.0,0.0,0.0,0.0,0.0,0.0,0.0,0.0,0.0,0.0,0.0,0.0
1,0,1.0,0.0,0.0,0.0,0.0,0.0,0.0,0.0,0.0,0.0,0.0,0.0,0.0
1,0,1.0,0.0,0.0,0.0,0.0,0.0,0.0,0.0,0.0,0.0,0.0,0.0,0.0
1,0,1.0,0.0,0.0,0.0,0.0,0.0,0.0,0.0,0.0,0.0,0.0,0.0,0.0
1,0,1.0,0.0,0.0,0.0,0.0,0.0,0.0,0.0,0.0,0.0,0.0,0.0,0.0
1,0,1.0,0.0,0.0,0.0,0.0,0.0,0.0,0.0,0.0,0.0,0.0,0.0,0.0
1,0,1.0,0.0,0.0,0.0,0.0,0.0,0.0,0.0,0.0,0.0,0.0,0.0,0.0
1,0,1.0,0.0,0.0,0.0,0.0,0.0,0.0,0.0,0.0,0.0,0.0,0.0,0.0
1,0,1.0,0.0,0.0,0.0,0.0,0.0,0.0,0.0,0.0,0.0,0.0,0.0,0.0
1,0,1.0,0.0,0.0,0.0,0.0,0.0,0.0,0.0,0.0,0.0,0.0,0.0,0.0
1,0,1.0,0.0,0.0,0.0,0.0,0.0,0.0,0.0,0.0,0.0,0.0,0.0,0.0
1,0,1.0,0.0,0.0,0.0,0.0,0.0,0.0,0.0,0.0,0.0,0.0,0.0,0.0
1,0,1.0,0.0,0.0,0.0,0.0,0.0,0.0,0.0,0.0,0.0,0.0,0.0,0.0
1,0,1.0,0.0,0.0,0.0,0.0,0.0,0.0,0.0,0.0,0.0,0.0,0.0,0.0
1,0,1.0,0.0,0.0,0.0,0.0,0.0,0.0,0.0,0.0,0.0,0.0,0.0,0.0
1,0,1.0,0.0,0.0,0.0,0.0,0.0,0.0,0.0,0.0,0.0,0.0,0.0,0.0
1,0,1.0,0.0,0.0,0.0,0.0,0.0,0.0,0.0,0.0,0.0,0.0,0.0,0.0
1,0,1.0,0.0,0.0,0.0,0.0,0.0,0.0,0.0,0.0,0.0,0.0,0.0,0.0
1,0,1.0,0.0,0.0,0.0,0.0,0.0,0.0,0.0,0.0,0.0,0.0,0.0,0.0
1,0,1.0,0.0,0.0,0.0,0.0,0.0,0.0,0.0,0.0,0.0,0.0,0.0,0.0
1,0,1.0,0.0,0.0,0.0,0.0,0.0,0.0,0.0,0.0,0.0,0.0,0.0,0.0
1,0,1.0,0.0,0.0,0.0,0.0,0.0,0.0,0.0,0.0,0.0,0.0,0.0,0.0
1,0,1.0,0.0,0.0,0.0,0.0,0.0,0.0,0.0,0.0,0.0,0.0,0.0,0.0
1,0,1.0,0.0,0.0,0.0,0.0,0.0,0.0,0.0,0.0,0.0,0.0,0.0,0.0
1,0,1.0,0.0,0.0,0.0,0.0,0.0,0.0,0.0,0.0,0.0,0.0,0.0,0.0
1,0,1.0,0.0,0.0,0.0,0.0,0.0,0.0,0.0,0.0,0.0,0.0,0.0,0.0
1,0,1.0,0.0,0.0,0.0,0.0,0.0,0.0,0.0,0.0,0.0,0.0,0.0,0.0
1,0,1.0,0.0,0.0,0.0,0.0,0.0,0.0,0.0,0.0,0.0,0.0,0.0,0.0
1,0,1.0,0.0,0.0,0.0,0.0,0.0,0.0,0.0,0.0,0.0,0.0,0.0,0.0
1,0,1.0,0.0,0.0,0.0,0.0,0.0,0.0,0.0,0.0,0.0,0.0,0.0,0.0
1,0,1.0,0.0,0.0,0.0,0.0,0.0,0.0,0.0,0.0,0.0,0.0,0.0,0.0
1,0,1.0,0.0,0.0,0.0,0.0,0.0,0.0,0.0,0.0,0.0,0.0,0.0,0.0
1,0,1.0,0.0,0.0,0.0,0.0,0.0,0.0,0.0,0.0,0.0,0.0,0.0,0.0
1,0,1.0,0.0,0.0,0.0,0.0,0.0,0.0,0.0,0.0,0.0,0.0,0.0,0.0
1,0,1.0,0.0,0.0,0.0,0.0,0.0,0.0,0.0,0.0,0.0,0.0,0.0,0.0
1,0,1.0,0.0,0.0,0.0,0.0,0.0,0.0,0.0,0.0,0.0,0.0,0.0,0.0
1,0,1.0,0.0,0.0,0.0,0.0,0.0,0.0,0.0,0.0,0.0,0.0,0.0,0.0
1,0,1.0,0.0,0.0,0.0,0.0,0.0,0.0,0.0,0.0,0.0,0.0,0.0,0.0
1,0,1.0,0.0,0.0,0.0,0.0,0.0,0.0,0.0,0.0,0.0,0.0,0.0,0.0
1,0,1.0,0.0,0.0,0.0,0.0,0.0,0.0,0.0,0.0,0.0,0.0,0.0,0.0
1,0,1.0,0.0,0.0,0.0,0.0,0.0,0.0,0.0,0.0,0.0,0.0,0.0,0.0
1,0,1.0,0.0,0.0,0.0,0.0,0.0,0.0,0.0,0.0,0.0,0.0,0.0,0.0
1,0,1.0,0.0,0.0,0.0,0.0,0.0,0.0,0.0,0.0,0.0,0.0,0.0,0.0
1,0,1.0,0.0,0.0,0.0,0.0,0.0,0.0,0.0,0.0,0.0,0.0,0.0,0.0
1,0,1.0,0.0,0.0,0.0,0.0,0.0,0.0,0.0,0.0,0.0,0.0,0.0,0.0
1,0,1.0,0.0,0.0,0.0,0.0,0.0,0.0,0.0,0.0,0.0,0.0,0.0,0.0
1,0,1.0,0.0,0.0,0.0,0.0,0.0,0.0,0.0,0.0,0.0,0.0,0.0,0.0
1,0,1.0,0.0,0.0,0.0,0.0,0.0,0.0,0.0,0.0,0.0,0.0,0.0,0.0
1,0,1.0,0.0,0.0,0.0,0.0,0.0,0.0,0.0,0.0,0.0,0.0,0.0,0.0
1,0,1.0,0.0,0.0,0.0,0.0,0.0,0.0,0.0,0.0,0.0,0.0,0.0,0.0
1,0,1.0,0.0,0.0,0.0,0.0,0.0,0.0,0.0,0.0,0.0,0.0,0.0,0.0
1,0,1.0,0.0,0.0,0.0,0.0,0.0,0.0,0.0,0.0,0.0,0.0,0.0,0.0
1,0,1.0,0.0,0.0,0.0,0.0,0.0,0.0,0.0,0.0,0.0,0.0,0.0,0.0
1,0,1.0,0.0,0.0,0.0,0.0,0.0,0.0,0.0,0.0,0.0,0.0,0.0,0.0
1,0,1.0,0.0,0.0,0.0,0.0,0.0,0.0,0.0,0.0,0.0,0.0,0.0,0.0
1,0,1.0,0.0,0.0,0.0,0.0,0.0,0.0,0.0,0.0,0.0,0.0,0.0,0.0
1,0,1.0,0.0,0.0,0.0,0.0,0.0,0.0,0.0,0.0,0.0,0.0,0.0,0.0
1,0,1.0,0.0,0.0,0.0,0.0,0.0,0.0,0.0,0.0,0.0,0.0,0.0,0.0
1,0,1.0,0.0,0.0,0.0,0.0,0.0,0.0,0.0,0.0,0.0,0.0,0.0,0.0
1,0,1.0,0.0,0.0,0.0,0.0,0.0,0.0,0.0,0.0,0.0,0.0,0.0,0.0
1,0,1.0,0.0,0.0,0.0,0.0,0.0,0.0,0.0,0.0,0.0,0.0,0.0,0.0
1,0,1.0,0.0,0.0,0.0,0.0,0.0,0.0,0.0,0.0,0.0,0.0,0.0,0.0
1,0,1.0,0.0,0.0,0.0,0.0,0.0,0.0,0.0,0.0,0.0,0.0,0.0,0.0
1,0,1.0,0.0,0.0,0.0,0.0,0.0,0.0,0.0,0.0,0.0,0.0,0.0,0.0
1,0,1.0,0.0,0.0,0.0,0.0,0.0,0.0,0.0,0.0,0.0,0.0,0.0,0.0
1,0,1.0,0.0,0.0,0.0,0.0,0.0,0.0,0.0,0.0,0.0,0.0,0.0,0.0
1,0,1.0,0.0,0.0,0.0,0.0,0.0,0.0,0.0,0.0,0.0,0.0,0.0,0.0
1,0,1.0,0.0,0.0,0.0,0.0,0.0,0.0,0.0,0.0,0.0,0.0,0.0,0.0
1,0,1.0,0.0,0.0,0.0,0.0,0.0,0.0,0.0,0.0,0.0,0.0,0.0,0.0
1,0,1.0,0.0,0.0,0.0,0.0,0.0,0.0,0.0,0.0,0.0,0.0,0.0,0.0
1,0,1.0,0.0,0.0,0.0,0.0,0.0,0.0,0.0,0.0,0.0,0.0,0.0,0.0
1,0,1.0,0.0,0.0,0.0,0.0,0.0,0.0,0.0,0.0,0.0,0.0,0.0,0.0
1,0,1.0,0.0,0.0,0.0,0.0,0.0,0.0,0.0,0.0,0.0,0.0,0.0,0.0
1,0,1.0,0.0,0.0,0.0,0.0,0.0,0.0,0.0,0.0,0.0,0.0,0.0,0.0
1,0,1.0,0.0,0.0,0.0,0.0,0.0,0.0,0.0,0.0,0.0,0.0,0.0,0.0
1,0,1.0,0.0,0.0,0.0,0.0,0.0,0.0,0.0,0.0,0.0,0.0,0.0,0.0
1,0,1.0,0.0,0.0,0.0,0.0,0.0,0.0,0.0,0.0,0.0,0.0,0.0,0.0
1,0,1.0,0.0,0.0,0.0,0.0,0.0,0.0,0.0,0.0,0.0,0.0,0.0,0.0
1,0,1.0,0.0,0.0,0.0,0.0,0.0,0.0,0.0,0.0,0.0,0.0,0.0,0.0
1,0,1.0,0.0,0.0,0.0,0.0,0.0,0.0,0.0,0.0,0.0,0.0,0.0,0.0
1,0,1.0,0.0,0.0,0.0,0.0,0.0,0.0,0.0,0.0,0.0,0.0,0.0,0.0
1,0,1.0,0.0,0.0,0.0,0.0,0.0,0.0,0.0,0.0,0.0,0.0,0.0,0.0
1,0,1.0,0.0,0.0,0.0,0.0,0.0,0.0,0.0,0.0,0.0,0.0,0.0,0.0
1,0,1.0,0.0,0.0,0.0,0.0,0.0,0.0,0.0,0.0,0.0,0.0,0.0,0.0
1,0,1.0,0.0,0.0,0.0,0.0,0.0,0.0,0.0,0.0,0.0,0.0,0.0,0.0
1,0,1.0,0.0,0.0,0.0,0.0,0.0,0.0,0.0,0.0,0.0,0.0,0.0,0.0
1,0,1.0,0.0,0.0,0.0,0.0,0.0,0.0,0.0,0.0,0.0,0.0,0.0,0.0
1,0,1.0,0.0,0.0,0.0,0.0,0.0,0.0,0.0,0.0,0.0,0.0,0.0,0.0
1,0,1.0,0.0,0.0,0.0,0.0,0.0,0.0,0.0,0.0,0.0,0.0,0.0,0.0
1,0,1.0,0.0,0.0,0.0,0.0,0.0,0.0,0.0,0.0,0.0,0.0,0.0,0.0
1,0,1.0,0.0,0.0,0.0,0.0,0.0,0.0,0.0,0.0,0.0,0.0,0.0,0.0
1,0,1.0,0.0,0.0,0.0,0.0,0.0,0.0,0.0,0.0,0.0,0.0,0.0,0.0
1,0,1.0,0.0,0.0,0.0,0.0,0.0,0.0,0.0,0.0,0.0,0.0,0.0,0.0
1,0,1.0,0.0,0.0,0.0,0.0,0.0,0.0,0.0,0.0,0.0,0.0,0.0,0.0
1,0,1.0,0.0,0.0,0.0,0.0,0.0,0.0,0.0,0.0,0.0,0.0,0.0,0.0
1,0,1.0,0.0,0.0,0.0,0.0,0.0,0.0,0.0,0.0,0.0,0.0,0.0,0.0
1,0,1.0,0.0,0.0,0.0,0.0,0.0,0.0,0.0,0.0,0.0,0.0,0.0,0.0
1,0,1.0,0.0,0.0,0.0,0.0,0.0,0.0,0.0,0.0,0.0,0.0,0.0,0.0
1,0,1.0,0.0,0.0,0.0,0.0,0.0,0.0,0.0,0.0,0.0,0.0,0.0,0.0
1,0,1.0,0.0,0.0,0.0,0.0,0.0,0.0,0.0,0.0,0.0,0.0,0.0,0.0
1,0,1.0,0.0,0.0,0.0,0.0,0.0,0.0,0.0,0.0,0.0,0.0,0.0,0.0
1,0,1.0,0.0,0.0,0.0,0.0,0.0,0.0,0.0,0.0,0.0,0.0,0.0,0.0
1,0,1.0,0.0,0.0,0.0,0.0,0.0,0.0,0.0,0.0,0.0,0.0,0.0,0.0
1,0,1.0,0.0,0.0,0.0,0.0,0.0,0.0,0.0,0.0,0.0,0.0,0.0,0.0
1,0,1.0,0.0,0.0,0.0,0.0,0.0,0.0,0.0,0.0,0.0,0.0,0.0,0.0
1,0,1.0,0.0,0.0,0.0,0.0,0.0,0.0,0.0,0.0,0.0,0.0,0.0,0.0
1,0,1.0,0.0,0.0,0.0,0.0,0.0,0.0,0.0,0.0,0.0,0.0,0.0,0.0
1,0,1.0,0.0,0.0,0.0,0.0,0.0,0.0,0.0,0.0,0.0,0.0,0.0,0.0
1,0,1.0,0.0,0.0,0.0,0.0,0.0,0.0,0.0,0.0,0.0,0.0,0.0,0.0
1,0,1.0,0.0,0.0,0.0,0.0,0.0,0.0,0.0,0.0,0.0,0.0,0.0,0.0
1,0,1.0,0.0,0.0,0.0,0.0,0.0,0.0,0.0,0.0,0.0,0.0,0.0,0.0
1,0,1.0,0.0,0.0,0.0,0.0,0.0,0.0,0.0,0.0,0.0,0.0,0.0,0.0
1,0,1.0,0.0,0.0,0.0,0.0,0.0,0.0,0.0,0.0,0.0,0.0,0.0,0.0
1,0,1.0,0.0,0.0,0.0,0.0,0.0,0.0,0.0,0.0,0.0,0.0,0.0,0.0
1,0,1.0,0.0,0.0,0.0,0.0,0.0,0.0,0.0,0.0,0.0,0.0,0.0,0.0
1,0,1.0,0.0,0.0,0.0,0.0,0.0,0.0,0.0,0.0,0.0,0.0,0.0,0.0
1,0,1.0,0.0,0.0,0.0,0.0,0.0,0.0,0.0,0.0,0.0,0.0,0.0,0.0
1,0,1.0,0.0,0.0,0.0,0.0,0.0,0.0,0.0,0.0,0.0,0.0,0.0,0.0
1,0,1.0,0.0,0.0,0.0,0.0,0.0,0.0,0.0,0.0,0.0,0.0,0.0,0.0
1,0,1.0,0.0,0.0,0.0,0.0,0.0,0.0,0.0,0.0,0.0,0.0,0.0,0.0
1,0,1.0,0.0,0.0,0.0,0.0,0.0,0.0,0.0,0.0,0.0,0.0,0.0,0.0
1,0,1.0,0.0,0.0,0.0,0.0,0.0,0.0,0.0,0.0,0.0,0.0,0.0,0.0
1,0,1.0,0.0,0.0,0.0,0.0,0.0,0.0,0.0,0.0,0.0,0.0,0.0,0.0
1,0,1.0,0.0,0.0,0.0,0.0,0.0,0.0,0.0,0.0,0.0,0.0,0.0,0.0
1,0,1.0,0.0,0.0,0.0,0.0,0.0,0.0,0.0,0.0,0.0,0.0,0.0,0.0
1,0,1.0,0.0,0.0,0.0,0.0,0.0,0.0,0.0,0.0,0.0,0.0,0.0,0.0
1,0,1.0,0.0,0.0,0.0,0.0,0.0,0.0,0.0,0.0,0.0,0.0,0.0,0.0
1,0,1.0,0.0,0.0,0.0,0.0,0.0,0.0,0.0,0.0,0.0,0.0,0.0,0.0
1,0,1.0,0.0,0.0,0.0,0.0,0.0,0.0,0.0,0.0,0.0,0.0,0.0,0.0
1,0,1.0,0.0,0.0,0.0,0.0,0.0,0.0,0.0,0.0,0.0,0.0,0.0,0.0
1,0,1.0,0.0,0.0,0.0,0.0,0.0,0.0,0.0,0.0,0.0,0.0,0.0,0.0
1,0,1.0,0.0,0.0,0.0,0.0,0.0,0.0,0.0,0.0,0.0,0.0,0.0,0.0
1,0,1.0,0.0,0.0,0.0,0.0,0.0,0.0,0.0,0.0,0.0,0.0,0.0,0.0
1,0,1.0,0.0,0.0,0.0,0.0,0.0,0.0,0.0,0.0,0.0,0.0,0.0,0.0
1,0,1.0,0.0,0.0,0.0,0.0,0.0,0.0,0.0,0.0,0.0,0.0,0.0,0.0
1,0,1.0,0.0,0.0,0.0,0.0,0.0,0.0,0.0,0.0,0.0,0.0,0.0,0.0
1,0,1.0,0.0,0.0,0.0,0.0,0.0,0.0,0.0,0.0,0.0,0.0,0.0,0.0
1,0,1.0,0.0,0.0,0.0,0.0,0.0,0.0,0.0,0.0,0.0,0.0,0.0,0.0
1,0,1.0,0.0,0.0,0.0,0.0,0.0,0.0,0.0,0.0,0.0,0.0,0.0,0.0
1,0,1.0,0.0,0.0,0.0,0.0,0.0,0.0,0.0,0.0,0.0,0.0,0.0,0.0
1,0,1.0,0.0,0.0,0.0,0.0,0.0,0.0,0.0,0.0,0.0,0.0,0.0,0.0
1,0,1.0,0.0,0.0,0.0,0.0,0.0,0.0,0.0,0.0,0.0,0.0,0.0,0.0
1,0,1.0,0.0,0.0,0.0,0.0,0.0,0.0,0.0,0.0,0.0,0.0,0.0,0.0
1,0,1.0,0.0,0.0,0.0,0.0,0.0,0.0,0.0,0.0,0.0,0.0,0.0,0.0
1,0,1.0,0.0,0.0,0.0,0.0,0.0,0.0,0.0,0.0,0.0,0.0,0.0,0.0
1,0,1.0,0.0,0.0,0.0,0.0,0.0,0.0,0.0,0.0,0.0,0.0,0.0,0.0
1,0,1.0,0.0,0.0,0.0,0.0,0.0,0.0,0.0,0.0,0.0,0.0,0.0,0.0
1,0,1.0,0.0,0.0,0.0,0.0,0.0,0.0,0.0,0.0,0.0,0.0,0.0,0.0
1,0,1.0,0.0,0.0,0.0,0.0,0.0,0.0,0.0,0.0,0.0,0.0,0.0,0.0
1,0,1.0,0.0,0.0,0.0,0.0,0.0,0.0,0.0,0.0,0.0,0.0,0.0,0.0
1,0,1.0,0.0,0.0,0.0,0.0,0.0,0.0,0.0,0.0,0.0,0.0,0.0,0.0
1,0,1.0,0.0,0.0,0.0,0.0,0.0,0.0,0.0,0.0,0.0,0.0,0.0,0.0
1,0,1.0,0.0,0.0,0.0,0.0,0.0,0.0,0.0,0.0,0.0,0.0,0.0,0.0
1,0,1.0,0.0,0.0,0.0,0.0,0.0,0.0,0.0,0.0,0.0,0.0,0.0,0.0
1,0,1.0,0.0,0.0,0.0,0.0,0.0,0.0,0.0,0.0,0.0,0.0,0.0,0.0
1,0,1.0,0.0,0.0,0.0,0.0,0.0,0.0,0.0,0.0,0.0,0.0,0.0,0.0
1,0,1.0,0.0,0.0,0.0,0.0,0.0,0.0,0.0,0.0,0.0,0.0,0.0,0.0
1,0,1.0,0.0,0.0,0.0,0.0,0.0,0.0,0.0,0.0,0.0,0.0,0.0,0.0
1,0,1.0,0.0,0.0,0.0,0.0,0.0,0.0,0.0,0.0,0.0,0.0,0.0,0.0
1,0,1.0,0.0,0.0,0.0,0.0,0.0,0.0,0.0,0.0,0.0,0.0,0.0,0.0
1,0,1.0,0.0,0.0,0.0,0.0,0.0,0.0,0.0,0.0,0.0,0.0,0.0,0.0
1,0,1.0,0.0,0.0,0.0,0.0,0.0,0.0,0.0,0.0,0.0,0.0,0.0,0.0
1,0,1.0,0.0,0.0,0.0,0.0,0.0,0.0,0.0,0.0,0.0,0.0,0.0,0.0
1,0,1.0,0.0,0.0,0.0,0.0,0.0,0.0,0.0,0.0,0.0,0.0,0.0,0.0
1,0,1.0,0.0,0.0,0.0,0.0,0.0,0.0,0.0,0.0,0.0,0.0,0.0,0.0
1,0,1.0,0.0,0.0,0.0,0.0,0.0,0.0,0.0,0.0,0.0,0.0,0.0,0.0
1,0,1.0,0.0,0.0,0.0,0.0,0.0,0.0,0.0,0.0,0.0,0.0,0.0,0.0
1,0,1.0,0.0,0.0,0.0,0.0,0.0,0.0,0.0,0.0,0.0,0.0,0.0,0.0
1,0,1.0,0.0,0.0,0.0,0.0,0.0,0.0,0.0,0.0,0.0,0.0,0.0,0.0
1,0,1.0,0.0,0.0,0.0,0.0,0.0,0.0,0.0,0.0,0.0,0.0,0.0,0.0
1,0,1.0,0.0,0.0,0.0,0.0,0.0,0.0,0.0,0.0,0.0,0.0,0.0,0.0
1,0,1.0,0.0,0.0,0.0,0.0,0.0,0.0,0.0,0.0,0.0,0.0,0.0,0.0
1,0,1.0,0.0,0.0,0.0,0.0,0.0,0.0,0.0,0.0,0.0,0.0,0.0,0.0
1,0,1.0,0.0,0.0,0.0,0.0,0.0,0.0,0.0,0.0,0.0,0.0,0.0,0.0
1,0,1.0,0.0,0.0,0.0,0.0,0.0,0.0,0.0,0.0,0.0,0.0,0.0,0.0
1,0,1.0,0.0,0.0,0.0,0.0,0.0,0.0,0.0,0.0,0.0,0.0,0.0,0.0
1,0,1.0,0.0,0.0,0.0,0.0,0.0,0.0,0.0,0.0,0.0,0.0,0.0,0.0
1,0,1.0,0.0,0.0,0.0,0.0,0.0,0.0,0.0,0.0,0.0,0.0,0.0,0.0
1,0,1.0,0.0,0.0,0.0,0.0,0.0,0.0,0.0,0.0,0.0,0.0,0.0,0.0
1,0,1.0,0.0,0.0,0.0,0.0,0.0,0.0,0.0,0.0,0.0,0.0,0.0,0.0
1,0,1.0,0.0,0.0,0.0,0.0,0.0,0.0,0.0,0.0,0.0,0.0,0.0,0.0
1,0,1.0,0.0,0.0,0.0,0.0,0.0,0.0,0.0,0.0,0.0,0.0,0.0,0.0
1,0,1.0,0.0,0.0,0.0,0.0,0.0,0.0,0.0,0.0,0.0,0.0,0.0,0.0
1,0,1.0,0.0,0.0,0.0,0.0,0.0,0.0,0.0,0.0,0.0,0.0,0.0,0.0
1,0,1.0,0.0,0.0,0.0,0.0,0.0,0.0,0.0,0.0,0.0,0.0,0.0,0.0
1,0,1.0,0.0,0.0,0.0,0.0,0.0,0.0,0.0,0.0,0.0,0.0,0.0,0.0
1,0,1.0,0.0,0.0,0.0,0.0,0.0,0.0,0.0,0.0,0.0,0.0,0.0,0.0
1,0,1.0,0.0,0.0,0.0,0.0,0.0,0.0,0.0,0.0,0.0,0.0,0.0,0.0
1,0,1.0,0.0,0.0,0.0,0.0,0.0,0.0,0.0,0.0,0.0,0.0,0.0,0.0
1,0,1.0,0.0,0.0,0.0,0.0,0.0,0.0,0.0,0.0,0.0,0.0,0.0,0.0
1,0,1.0,0.0,0.0,0.0,0.0,0.0,0.0,0.0,0.0,0.0,0.0,0.0,0.0
1,0,1.0,0.0,0.0,0.0,0.0,0.0,0.0,0.0,0.0,0.0,0.0,0.0,0.0
1,0,1.0,0.0,0.0,0.0,0.0,0.0,0.0,0.0,0.0,0.0,0.0,0.0,0.0
1,0,1.0,0.0,0.0,0.0,0.0,0.0,0.0,0.0,0.0,0.0,0.0,0.0,0.0
1,0,1.0,0.0,0.0,0.0,0.0,0.0,0.0,0.0,0.0,0.0,0.0,0.0,0.0
1,0,1.0,0.0,0.0,0.0,0.0,0.0,0.0,0.0,0.0,0.0,0.0,0.0,0.0
1,0,1.0,0.0,0.0,0.0,0.0,0.0,0.0,0.0,0.0,0.0,0.0,0.0,0.0
1,0,1.0,0.0,0.0,0.0,0.0,0.0,0.0,0.0,0.0,0.0,0.0,0.0,0.0
1,0,1.0,0.0,0.0,0.0,0.0,0.0,0.0,0.0,0.0,0.0,0.0,0.0,0.0
1,0,1.0,0.0,0.0,0.0,0.0,0.0,0.0,0.0,0.0,0.0,0.0,0.0,0.0
1,0,1.0,0.0,0.0,0.0,0.0,0.0,0.0,0.0,0.0,0.0,0.0,0.0,0.0
1,0,1.0,0.0,0.0,0.0,0.0,0.0,0.0,0.0,0.0,0.0,0.0,0.0,0.0
1,0,1.0,0.0,0.0,0.0,0.0,0.0,0.0,0.0,0.0,0.0,0.0,0.0,0.0
1,0,1.0,0.0,0.0,0.0,0.0,0.0,0.0,0.0,0.0,0.0,0.0,0.0,0.0
1,0,1.0,0.0,0.0,0.0,0.0,0.0,0.0,0.0,0.0,0.0,0.0,0.0,0.0
1,0,1.0,0.0,0.0,0.0,0.0,0.0,0.0,0.0,0.0,0.0,0.0,0.0,0.0
1,0,1.0,0.0,0.0,0.0,0.0,0.0,0.0,0.0,0.0,0.0,0.0,0.0,0.0
1,0,1.0,0.0,0.0,0.0,0.0,0.0,0.0,0.0,0.0,0.0,0.0,0.0,0.0
1,0,1.0,0.0,0.0,0.0,0.0,0.0,0.0,0.0,0.0,0.0,0.0,0.0,0.0
1,0,1.0,0.0,0.0,0.0,0.0,0.0,0.0,0.0,0.0,0.0,0.0,0.0,0.0
1,0,1.0,0.0,0.0,0.0,0.0,0.0,0.0,0.0,0.0,0.0,0.0,0.0,0.0
1,0,1.0,0.0,0.0,0.0,0.0,0.0,0.0,0.0,0.0,0.0,0.0,0.0,0.0
1,0,1.0,0.0,0.0,0.0,0.0,0.0,0.0,0.0,0.0,0.0,0.0,0.0,0.0
1,0,1.0,0.0,0.0,0.0,0.0,0.0,0.0,0.0,0.0,0.0,0.0,0.0,0.0
1,0,1.0,0.0,0.0,0.0,0.0,0.0,0.0,0.0,0.0,0.0,0.0,0.0,0.0
1,0,1.0,0.0,0.0,0.0,0.0,0.0,0.0,0.0,0.0,0.0,0.0,0.0,0.0
1,0,1.0,0.0,0.0,0.0,0.0,0.0,0.0,0.0,0.0,0.0,0.0,0.0,0.0
1,0,1.0,0.0,0.0,0.0,0.0,0.0,0.0,0.0,0.0,0.0,0.0,0.0,0.0
1,0,1.0,0.0,0.0,0.0,0.0,0.0,0.0,0.0,0.0,0.0,0.0,0.0,0.0
1,0,1.0,0.0,0.0,0.0,0.0,0.0,0.0,0.0,0.0,0.0,0.0,0.0,0.0
1,0,1.0,0.0,0.0,0.0,0.0,0.0,0.0,0.0,0.0,0.0,0.0,0.0,0.0
1,0,1.0,0.0,0.0,0.0,0.0,0.0,0.0,0.0,0.0,0.0,0.0,0.0,0.0
1,0,1.0,0.0,0.0,0.0,0.0,0.0,0.0,0.0,0.0,0.0,0.0,0.0,0.0
1,0,1.0,0.0,0.0,0.0,0.0,0.0,0.0,0.0,0.0,0.0,0.0,0.0,0.0
1,0,1.0,0.0,0.0,0.0,0.0,0.0,0.0,0.0,0.0,0.0,0.0,0.0,0.0
1,0,1.0,0.0,0.0,0.0,0.0,0.0,0.0,0.0,0.0,0.0,0.0,0.0,0.0
1,0,1.0,0.0,0.0,0.0,0.0,0.0,0.0,0.0,0.0,0.0,0.0,0.0,0.0
1,0,1.0,0.0,0.0,0.0,0.0,0.0,0.0,0.0,0.0,0.0,0.0,0.0,0.0
1,0,1.0,0.0,0.0,0.0,0.0,0.0,0.0,0.0,0.0,0.0,0.0,0.0,0.0
1,0,1.0,0.0,0.0,0.0,0.0,0.0,0.0,0.0,0.0,0.0,0.0,0.0,0.0
1,0,1.0,0.0,0.0,0.0,0.0,0.0,0.0,0.0,0.0,0.0,0.0,0.0,0.0
1,0,1.0,0.0,0.0,0.0,0.0,0.0,0.0,0.0,0.0,0.0,0.0,0.0,0.0
1,0,1.0,0.0,0.0,0.0,0.0,0.0,0.0,0.0,0.0,0.0,0.0,0.0,0.0
1,0,1.0,0.0,0.0,0.0,0.0,0.0,0.0,0.0,0.0,0.0,0.0,0.0,0.0
1,0,1.0,0.0,0.0,0.0,0.0,0.0,0.0,0.0,0.0,0.0,0.0,0.0,0.0
1,0,1.0,0.0,0.0,0.0,0.0,0.0,0.0,0.0,0.0,0.0,0.0,0.0,0.0
1,0,1.0,0.0,0.0,0.0,0.0,0.0,0.0,0.0,0.0,0.0,0.0,0.0,0.0
1,0,1.0,0.0,0.0,0.0,0.0,0.0,0.0,0.0,0.0,0.0,0.0,0.0,0.0
1,0,1.0,0.0,0.0,0.0,0.0,0.0,0.0,0.0,0.0,0.0,0.0,0.0,0.0
1,0,1.0,0.0,0.0,0.0,0.0,0.0,0.0,0.0,0.0,0.0,0.0,0.0,0.0
1,0,1.0,0.0,0.0,0.0,0.0,0.0,0.0,0.0,0.0,0.0,0.0,0.0,0.0
1,0,1.0,0.0,0.0,0.0,0.0,0.0,0.0,0.0,0.0,0.0,0.0,0.0,0.0
1,0,1.0,0.0,0.0,0.0,0.0,0.0,0.0,0.0,0.0,0.0,0.0,0.0,0.0
1,0,1.0,0.0,0.0,0.0,0.0,0.0,0.0,0.0,0.0,0.0,0.0,0.0,0.0
1,0,1.0,0.0,0.0,0.0,0.0,0.0,0.0,0.0,0.0,0.0,0.0,0.0,0.0
1,0,1.0,0.0,0.0,0.0,0.0,0.0,0.0,0.0,0.0,0.0,0.0,0.0,0.0
1,0,1.0,0.0,0.0,0.0,0.0,0.0,0.0,0.0,0.0,0.0,0.0,0.0,0.0
1,0,1.0,0.0,0.0,0.0,0.0,0.0,0.0,0.0,0.0,0.0,0.0,0.0,0.0
1,0,1.0,0.0,0.0,0.0,0.0,0.0,0.0,0.0,0.0,0.0,0.0,0.0,0.0
1,0,1.0,0.0,0.0,0.0,0.0,0.0,0.0,0.0,0.0,0.0,0.0,0.0,0.0
1,0,1.0,0.0,0.0,0.0,0.0,0.0,0.0,0.0,0.0,0.0,0.0,0.0,0.0
1,0,1.0,0.0,0.0,0.0,0.0,0.0,0.0,0.0,0.0,0.0,0.0,0.0,0.0
1,0,1.0,0.0,0.0,0.0,0.0,0.0,0.0,0.0,0.0,0.0,0.0,0.0,0.0
1,0,1.0,0.0,0.0,0.0,0.0,0.0,0.0,0.0,0.0,0.0,0.0,0.0,0.0
1,0,1.0,0.0,0.0,0.0,0.0,0.0,0.0,0.0,0.0,0.0,0.0,0.0,0.0
1,0,1.0,0.0,0.0,0.0,0.0,0.0,0.0,0.0,0.0,0.0,0.0,0.0,0.0
1,0,1.0,0.0,0.0,0.0,0.0,0.0,0.0,0.0,0.0,0.0,0.0,0.0,0.0
1,0,1.0,0.0,0.0,0.0,0.0,0.0,0.0,0.0,0.0,0.0,0.0,0.0,0.0
1,0,1.0,0.0,0.0,0.0,0.0,0.0,0.0,0.0,0.0,0.0,0.0,0.0,0.0
1,0,1.0,0.0,0.0,0.0,0.0,0.0,0.0,0.0,0.0,0.0,0.0,0.0,0.0
1,0,1.0,0.0,0.0,0.0,0.0,0.0,0.0,0.0,0.0,0.0,0.0,0.0,0.0
1,0,1.0,0.0,0.0,0.0,0.0,0.0,0.0,0.0,0.0,0.0,0.0,0.0,0.0
1,0,1.0,0.0,0.0,0.0,0.0,0.0,0.0,0.0,0.0,0.0,0.0,0.0,0.0
1,0,1.0,0.0,0.0,0.0,0.0,0.0,0.0,0.0,0.0,0.0,0.0,0.0,0.0
1,0,1.0,0.0,0.0,0.0,0.0,0.0,0.0,0.0,0.0,0.0,0.0,0.0,0.0
1,0,1.0,0.0,0.0,0.0,0.0,0.0,0.0,0.0,0.0,0.0,0.0,0.0,0.0
1,0,1.0,0.0,0.0,0.0,0.0,0.0,0.0,0.0,0.0,0.0,0.0,0.0,0.0
1,0,1.0,0.0,0.0,0.0,0.0,0.0,0.0,0.0,0.0,0.0,0.0,0.0,0.0
1,0,1.0,0.0,0.0,0.0,0.0,0.0,0.0,0.0,0.0,0.0,0.0,0.0,0.0
1,0,1.0,0.0,0.0,0.0,0.0,0.0,0.0,0.0,0.0,0.0,0.0,0.0,0.0
1,0,1.0,0.0,0.0,0.0,0.0,0.0,0.0,0.0,0.0,0.0,0.0,0.0,0.0
1,0,1.0,0.0,0.0,0.0,0.0,0.0,0.0,0.0,0.0,0.0,0.0,0.0,0.0
1,0,1.0,0.0,0.0,0.0,0.0,0.0,0.0,0.0,0.0,0.0,0.0,0.0,0.0
1,0,1.0,0.0,0.0,0.0,0.0,0.0,0.0,0.0,0.0,0.0,0.0,0.0,0.0
1,0,1.0,0.0,0.0,0.0,0.0,0.0,0.0,0.0,0.0,0.0,0.0,0.0,0.0
1,0,1.0,0.0,0.0,0.0,0.0,0.0,0.0,0.0,0.0,0.0,0.0,0.0,0.0
1,0,1.0,0.0,0.0,0.0,0.0,0.0,0.0,0.0,0.0,0.0,0.0,0.0,0.0
1,0,1.0,0.0,0.0,0.0,0.0,0.0,0.0,0.0,0.0,0.0,0.0,0.0,0.0
1,0,1.0,0.0,0.0,0.0,0.0,0.0,0.0,0.0,0.0,0.0,0.0,0.0,0.0
1,0,1.0,0.0,0.0,0.0,0.0,0.0,0.0,0.0,0.0,0.0,0.0,0.0,0.0
1,0,1.0,0.0,0.0,0.0,0.0,0.0,0.0,0.0,0.0,0.0,0.0,0.0,0.0
1,0,1.0,0.0,0.0,0.0,0.0,0.0,0.0,0.0,0.0,0.0,0.0,0.0,0.0
1,0,1.0,0.0,0.0,0.0,0.0,0.0,0.0,0.0,0.0,0.0,0.0,0.0,0.0
1,0,1.0,0.0,0.0,0.0,0.0,0.0,0.0,0.0,0.0,0.0,0.0,0.0,0.0
1,0,1.0,0.0,0.0,0.0,0.0,0.0,0.0,0.0,0.0,0.0,0.0,0.0,0.0
1,0,1.0,0.0,0.0,0.0,0.0,0.0,0.0,0.0,0.0,0.0,0.0,0.0,0.0
1,0,1.0,0.0,0.0,0.0,0.0,0.0,0.0,0.0,0.0,0.0,0.0,0.0,0.0
1,0,1.0,0.0,0.0,0.0,0.0,0.0,0.0,0.0,0.0,0.0,0.0,0.0,0.0
1,0,1.0,0.0,0.0,0.0,0.0,0.0,0.0,0.0,0.0,0.0,0.0,0.0,0.0
1,0,1.0,0.0,0.0,0.0,0.0,0.0,0.0,0.0,0.0,0.0,0.0,0.0,0.0
1,0,1.0,0.0,0.0,0.0,0.0,0.0,0.0,0.0,0.0,0.0,0.0,0.0,0.0
1,0,1.0,0.0,0.0,0.0,0.0,0.0,0.0,0.0,0.0,0.0,0.0,0.0,0.0
1,0,1.0,0.0,0.0,0.0,0.0,0.0,0.0,0.0,0.0,0.0,0.0,0.0,0.0
1,0,1.0,0.0,0.0,0.0,0.0,0.0,0.0,0.0,0.0,0.0,0.0,0.0,0.0
1,0,1.0,0.0,0.0,0.0,0.0,0.0,0.0,0.0,0.0,0.0,0.0,0.0,0.0
1,0,1.0,0.0,0.0,0.0,0.0,0.0,0.0,0.0,0.0,0.0,0.0,0.0,0.0
1,0,1.0,0.0,0.0,0.0,0.0,0.0,0.0,0.0,0.0,0.0,0.0,0.0,0.0
1,0,1.0,0.0,0.0,0.0,0.0,0.0,0.0,0.0,0.0,0.0,0.0,0.0,0.0
1,0,1.0,0.0,0.0,0.0,0.0,0.0,0.0,0.0,0.0,0.0,0.0,0.0,0.0
1,0,1.0,0.0,0.0,0.0,0.0,0.0,0.0,0.0,0.0,0.0,0.0,0.0,0.0
1,0,1.0,0.0,0.0,0.0,0.0,0.0,0.0,0.0,0.0,0.0,0.0,0.0,0.0
1,0,1.0,0.0,0.0,0.0,0.0,0.0,0.0,0.0,0.0,0.0,0.0,0.0,0.0
1,0,1.0,0.0,0.0,0.0,0.0,0.0,0.0,0.0,0.0,0.0,0.0,0.0,0.0
1,0,1.0,0.0,0.0,0.0,0.0,0.0,0.0,0.0,0.0,0.0,0.0,0.0,0.0
1,0,1.0,0.0,0.0,0.0,0.0,0.0,0.0,0.0,0.0,0.0,0.0,0.0,0.0
1,0,1.0,0.0,0.0,0.0,0.0,0.0,0.0,0.0,0.0,0.0,0.0,0.0,0.0
1,0,1.0,0.0,0.0,0.0,0.0,0.0,0.0,0.0,0.0,0.0,0.0,0.0,0.0
1,0,1.0,0.0,0.0,0.0,0.0,0.0,0.0,0.0,0.0,0.0,0.0,0.0,0.0
1,0,1.0,0.0,0.0,0.0,0.0,0.0,0.0,0.0,0.0,0.0,0.0,0.0,0.0
1,0,1.0,0.0,0.0,0.0,0.0,0.0,0.0,0.0,0.0,0.0,0.0,0.0,0.0
1,0,1.0,0.0,0.0,0.0,0.0,0.0,0.0,0.0,0.0,0.0,0.0,0.0,0.0
1,0,1.0,0.0,0.0,0.0,0.0,0.0,0.0,0.0,0.0,0.0,0.0,0.0,0.0
1,0,1.0,0.0,0.0,0.0,0.0,0.0,0.0,0.0,0.0,0.0,0.0,0.0,0.0
1,0,1.0,0.0,0.0,0.0,0.0,0.0,0.0,0.0,0.0,0.0,0.0,0.0,0.0
1,0,1.0,0.0,0.0,0.0,0.0,0.0,0.0,0.0,0.0,0.0,0.0,0.0,0.0
1,0,1.0,0.0,0.0,0.0,0.0,0.0,0.0,0.0,0.0,0.0,0.0,0.0,0.0
1,0,1.0,0.0,0.0,0.0,0.0,0.0,0.0,0.0,0.0,0.0,0.0,0.0,0.0
1,0,1.0,0.0,0.0,0.0,0.0,0.0,0.0,0.0,0.0,0.0,0.0,0.0,0.0
1,0,1.0,0.0,0.0,0.0,0.0,0.0,0.0,0.0,0.0,0.0,0.0,0.0,0.0
1,0,1.0,0.0,0.0,0.0,0.0,0.0,0.0,0.0,0.0,0.0,0.0,0.0,0.0
1,0,1.0,0.0,0.0,0.0,0.0,0.0,0.0,0.0,0.0,0.0,0.0,0.0,0.0
1,0,1.0,0.0,0.0,0.0,0.0,0.0,0.0,0.0,0.0,0.0,0.0,0.0,0.0
1,0,1.0,0.0,0.0,0.0,0.0,0.0,0.0,0.0,0.0,0.0,0.0,0.0,0.0
1,0,1.0,0.0,0.0,0.0,0.0,0.0,0.0,0.0,0.0,0.0,0.0,0.0,0.0
1,0,1.0,0.0,0.0,0.0,0.0,0.0,0.0,0.0,0.0,0.0,0.0,0.0,0.0
1,0,1.0,0.0,0.0,0.0,0.0,0.0,0.0,0.0,0.0,0.0,0.0,0.0,0.0
1,0,1.0,0.0,0.0,0.0,0.0,0.0,0.0,0.0,0.0,0.0,0.0,0.0,0.0
1,0,1.0,0.0,0.0,0.0,0.0,0.0,0.0,0.0,0.0,0.0,0.0,0.0,0.0
1,0,1.0,0.0,0.0,0.0,0.0,0.0,0.0,0.0,0.0,0.0,0.0,0.0,0.0
1,0,1.0,0.0,0.0,0.0,0.0,0.0,0.0,0.0,0.0,0.0,0.0,0.0,0.0
1,0,1.0,0.0,0.0,0.0,0.0,0.0,0.0,0.0,0.0,0.0,0.0,0.0,0.0
1,0,1.0,0.0,0.0,0.0,0.0,0.0,0.0,0.0,0.0,0.0,0.0,0.0,0.0
1,0,1.0,0.0,0.0,0.0,0.0,0.0,0.0,0.0,0.0,0.0,0.0,0.0,0.0
1,0,1.0,0.0,0.0,0.0,0.0,0.0,0.0,0.0,0.0,0.0,0.0,0.0,0.0
1,0,1.0,0.0,0.0,0.0,0.0,0.0,0.0,0.0,0.0,0.0,0.0,0.0,0.0
1,0,1.0,0.0,0.0,0.0,0.0,0.0,0.0,0.0,0.0,0.0,0.0,0.0,0.0
1,0,1.0,0.0,0.0,0.0,0.0,0.0,0.0,0.0,0.0,0.0,0.0,0.0,0.0
1,0,1.0,0.0,0.0,0.0,0.0,0.0,0.0,0.0,0.0,0.0,0.0,0.0,0.0
1,0,1.0,0.0,0.0,0.0,0.0,0.0,0.0,0.0,0.0,0.0,0.0,0.0,0.0
1,0,1.0,0.0,0.0,0.0,0.0,0.0,0.0,0.0,0.0,0.0,0.0,0.0,0.0
1,0,1.0,0.0,0.0,0.0,0.0,0.0,0.0,0.0,0.0,0.0,0.0,0.0,0.0
1,0,1.0,0.0,0.0,0.0,0.0,0.0,0.0,0.0,0.0,0.0,0.0,0.0,0.0
1,0,1.0,0.0,0.0,0.0,0.0,0.0,0.0,0.0,0.0,0.0,0.0,0.0,0.0
1,0,1.0,0.0,0.0,0.0,0.0,0.0,0.0,0.0,0.0,0.0,0.0,0.0,0.0
1,0,1.0,0.0,0.0,0.0,0.0,0.0,0.0,0.0,0.0,0.0,0.0,0.0,0.0
1,0,1.0,0.0,0.0,0.0,0.0,0.0,0.0,0.0,0.0,0.0,0.0,0.0,0.0
1,0,1.0,0.0,0.0,0.0,0.0,0.0,0.0,0.0,0.0,0.0,0.0,0.0,0.0
1,0,1.0,0.0,0.0,0.0,0.0,0.0,0.0,0.0,0.0,0.0,0.0,0.0,0.0
1,0,1.0,0.0,0.0,0.0,0.0,0.0,0.0,0.0,0.0,0.0,0.0,0.0,0.0
1,0,1.0,0.0,0.0,0.0,0.0,0.0,0.0,0.0,0.0,0.0,0.0,0.0,0.0
1,0,1.0,0.0,0.0,0.0,0.0,0.0,0.0,0.0,0.0,0.0,0.0,0.0,0.0
1,0,1.0,0.0,0.0,0.0,0.0,0.0,0.0,0.0,0.0,0.0,0.0,0.0,0.0
1,0,1.0,0.0,0.0,0.0,0.0,0.0,0.0,0.0,0.0,0.0,0.0,0.0,0.0
1,0,1.0,0.0,0.0,0.0,0.0,0.0,0.0,0.0,0.0,0.0,0.0,0.0,0.0
1,0,1.0,0.0,0.0,0.0,0.0,0.0,0.0,0.0,0.0,0.0,0.0,0.0,0.0
1,0,1.0,0.0,0.0,0.0,0.0,0.0,0.0,0.0,0.0,0.0,0.0,0.0,0.0
1,0,1.0,0.0,0.0,0.0,0.0,0.0,0.0,0.0,0.0,0.0,0.0,0.0,0.0
1,0,1.0,0.0,0.0,0.0,0.0,0.0,0.0,0.0,0.0,0.0,0.0,0.0,0.0
1,0,1.0,0.0,0.0,0.0,0.0,0.0,0.0,0.0,0.0,0.0,0.0,0.0,0.0
1,0,1.0,0.0,0.0,0.0,0.0,0.0,0.0,0.0,0.0,0.0,0.0,0.0,0.0
1,0,1.0,0.0,0.0,0.0,0.0,0.0,0.0,0.0,0.0,0.0,0.0,0.0,0.0
1,0,1.0,0.0,0.0,0.0,0.0,0.0,0.0,0.0,0.0,0.0,0.0,0.0,0.0
1,0,1.0,0.0,0.0,0.0,0.0,0.0,0.0,0.0,0.0,0.0,0.0,0.0,0.0
1,0,1.0,0.0,0.0,0.0,0.0,0.0,0.0,0.0,0.0,0.0,0.0,0.0,0.0
1,0,1.0,0.0,0.0,0.0,0.0,0.0,0.0,0.0,0.0,0.0,0.0,0.0,0.0
1,0,1.0,0.0,0.0,0.0,0.0,0.0,0.0,0.0,0.0,0.0,0.0,0.0,0.0
1,0,1.0,0.0,0.0,0.0,0.0,0.0,0.0,0.0,0.0,0.0,0.0,0.0,0.0
1,0,1.0,0.0,0.0,0.0,0.0,0.0,0.0,0.0,0.0,0.0,0.0,0.0,0.0
1,0,1.0,0.0,0.0,0.0,0.0,0.0,0.0,0.0,0.0,0.0,0.0,0.0,0.0
1,0,1.0,0.0,0.0,0.0,0.0,0.0,0.0,0.0,0.0,0.0,0.0,0.0,0.0
1,0,1.0,0.0,0.0,0.0,0.0,0.0,0.0,0.0,0.0,0.0,0.0,0.0,0.0
1,0,1.0,0.0,0.0,0.0,0.0,0.0,0.0,0.0,0.0,0.0,0.0,0.0,0.0
1,0,1.0,0.0,0.0,0.0,0.0,0.0,0.0,0.0,0.0,0.0,0.0,0.0,0.0
1,0,1.0,0.0,0.0,0.0,0.0,0.0,0.0,0.0,0.0,0.0,0.0,0.0,0.0
1,0,1.0,0.0,0.0,0.0,0.0,0.0,0.0,0.0,0.0,0.0,0.0,0.0,0.0
1,0,1.0,0.0,0.0,0.0,0.0,0.0,0.0,0.0,0.0,0.0,0.0,0.0,0.0
1,0,1.0,0.0,0.0,0.0,0.0,0.0,0.0,0.0,0.0,0.0,0.0,0.0,0.0
1,0,1.0,0.0,0.0,0.0,0.0,0.0,0.0,0.0,0.0,0.0,0.0,0.0,0.0
1,0,1.0,0.0,0.0,0.0,0.0,0.0,0.0,0.0,0.0,0.0,0.0,0.0,0.0
1,0,1.0,0.0,0.0,0.0,0.0,0.0,0.0,0.0,0.0,0.0,0.0,0.0,0.0
1,0,1.0,0.0,0.0,0.0,0.0,0.0,0.0,0.0,0.0,0.0,0.0,0.0,0.0
1,0,1.0,0.0,0.0,0.0,0.0,0.0,0.0,0.0,0.0,0.0,0.0,0.0,0.0
1,0,1.0,0.0,0.0,0.0,0.0,0.0,0.0,0.0,0.0,0.0,0.0,0.0,0.0
1,0,1.0,0.0,0.0,0.0,0.0,0.0,0.0,0.0,0.0,0.0,0.0,0.0,0.0
1,0,1.0,0.0,0.0,0.0,0.0,0.0,0.0,0.0,0.0,0.0,0.0,0.0,0.0
1,0,1.0,0.0,0.0,0.0,0.0,0.0,0.0,0.0,0.0,0.0,0.0,0.0,0.0
1,0,1.0,0.0,0.0,0.0,0.0,0.0,0.0,0.0,0.0,0.0,0.0,0.0,0.0
1,0,1.0,0.0,0.0,0.0,0.0,0.0,0.0,0.0,0.0,0.0,0.0,0.0,0.0
1,0,1.0,0.0,0.0,0.0,0.0,0.0,0.0,0.0,0.0,0.0,0.0,0.0,0.0
1,0,1.0,0.0,0.0,0.0,0.0,0.0,0.0,0.0,0.0,0.0,0.0,0.0,0.0
1,0,1.0,0.0,0.0,0.0,0.0,0.0,0.0,0.0,0.0,0.0,0.0,0.0,0.0
1,0,1.0,0.0,0.0,0.0,0.0,0.0,0.0,0.0,0.0,0.0,0.0,0.0,0.0
1,0,1.0,0.0,0.0,0.0,0.0,0.0,0.0,0.0,0.0,0.0,0.0,0.0,0.0
1,0,1.0,0.0,0.0,0.0,0.0,0.0,0.0,0.0,0.0,0.0,0.0,0.0,0.0
1,0,1.0,0.0,0.0,0.0,0.0,0.0,0.0,0.0,0.0,0.0,0.0,0.0,0.0
1,0,1.0,0.0,0.0,0.0,0.0,0.0,0.0,0.0,0.0,0.0,0.0,0.0,0.0
1,0,1.0,0.0,0.0,0.0,0.0,0.0,0.0,0.0,0.0,0.0,0.0,0.0,0.0
1,0,1.0,0.0,0.0,0.0,0.0,0.0,0.0,0.0,0.0,0.0,0.0,0.0,0.0
1,0,1.0,0.0,0.0,0.0,0.0,0.0,0.0,0.0,0.0,0.0,0.0,0.0,0.0
1,0,1.0,0.0,0.0,0.0,0.0,0.0,0.0,0.0,0.0,0.0,0.0,0.0,0.0
1,0,1.0,0.0,0.0,0.0,0.0,0.0,0.0,0.0,0.0,0.0,0.0,0.0,0.0
1,0,1.0,0.0,0.0,0.0,0.0,0.0,0.0,0.0,0.0,0.0,0.0,0.0,0.0
1,0,1.0,0.0,0.0,0.0,0.0,0.0,0.0,0.0,0.0,0.0,0.0,0.0,0.0
1,0,1.0,0.0,0.0,0.0,0.0,0.0,0.0,0.0,0.0,0.0,0.0,0.0,0.0
1,0,1.0,0.0,0.0,0.0,0.0,0.0,0.0,0.0,0.0,0.0,0.0,0.0,0.0
1,0,1.0,0.0,0.0,0.0,0.0,0.0,0.0,0.0,0.0,0.0,0.0,0.0,0.0
1,0,1.0,0.0,0.0,0.0,0.0,0.0,0.0,0.0,0.0,0.0,0.0,0.0,0.0
1,0,1.0,0.0,0.0,0.0,0.0,0.0,0.0,0.0,0.0,0.0,0.0,0.0,0.0
1,0,1.0,0.0,0.0,0.0,0.0,0.0,0.0,0.0,0.0,0.0,0.0,0.0,0.0
1,0,1.0,0.0,0.0,0.0,0.0,0.0,0.0,0.0,0.0,0.0,0.0,0.0,0.0
1,0,1.0,0.0,0.0,0.0,0.0,0.0,0.0,0.0,0.0,0.0,0.0,0.0,0.0
1,0,1.0,0.0,0.0,0.0,0.0,0.0,0.0,0.0,0.0,0.0,0.0,0.0,0.0
1,0,1.0,0.0,0.0,0.0,0.0,0.0,0.0,0.0,0.0,0.0,0.0,0.0,0.0
1,0,1.0,0.0,0.0,0.0,0.0,0.0,0.0,0.0,0.0,0.0,0.0,0.0,0.0
1,0,1.0,0.0,0.0,0.0,0.0,0.0,0.0,0.0,0.0,0.0,0.0,0.0,0.0
1,0,1.0,0.0,0.0,0.0,0.0,0.0,0.0,0.0,0.0,0.0,0.0,0.0,0.0
1,0,1.0,0.0,0.0,0.0,0.0,0.0,0.0,0.0,0.0,0.0,0.0,0.0,0.0
1,0,1.0,0.0,0.0,0.0,0.0,0.0,0.0,0.0,0.0,0.0,0.0,0.0,0.0
1,0,1.0,0.0,0.0,0.0,0.0,0.0,0.0,0.0,0.0,0.0,0.0,0.0,0.0
1,0,1.0,0.0,0.0,0.0,0.0,0.0,0.0,0.0,0.0,0.0,0.0,0.0,0.0
1,0,1.0,0.0,0.0,0.0,0.0,0.0,0.0,0.0,0.0,0.0,0.0,0.0,0.0
1,0,1.0,0.0,0.0,0.0,0.0,0.0,0.0,0.0,0.0,0.0,0.0,0.0,0.0
1,0,1.0,0.0,0.0,0.0,0.0,0.0,0.0,0.0,0.0,0.0,0.0,0.0,0.0
1,0,1.0,0.0,0.0,0.0,0.0,0.0,0.0,0.0,0.0,0.0,0.0,0.0,0.0
1,0,1.0,0.0,0.0,0.0,0.0,0.0,0.0,0.0,0.0,0.0,0.0,0.0,0.0
1,0,1.0,0.0,0.0,0.0,0.0,0.0,0.0,0.0,0.0,0.0,0.0,0.0,0.0
1,0,1.0,0.0,0.0,0.0,0.0,0.0,0.0,0.0,0.0,0.0,0.0,0.0,0.0
1,0,1.0,0.0,0.0,0.0,0.0,0.0,0.0,0.0,0.0,0.0,0.0,0.0,0.0
1,0,1.0,0.0,0.0,0.0,0.0,0.0,0.0,0.0,0.0,0.0,0.0,0.0,0.0
1,0,1.0,0.0,0.0,0.0,0.0,0.0,0.0,0.0,0.0,0.0,0.0,0.0,0.0
1,0,1.0,0.0,0.0,0.0,0.0,0.0,0.0,0.0,0.0,0.0,0.0,0.0,0.0
1,0,1.0,0.0,0.0,0.0,0.0,0.0,0.0,0.0,0.0,0.0,0.0,0.0,0.0
1,0,1.0,0.0,0.0,0.0,0.0,0.0,0.0,0.0,0.0,0.0,0.0,0.0,0.0
1,0,1.0,0.0,0.0,0.0,0.0,0.0,0.0,0.0,0.0,0.0,0.0,0.0,0.0
1,0,1.0,0.0,0.0,0.0,0.0,0.0,0.0,0.0,0.0,0.0,0.0,0.0,0.0
1,0,1.0,0.0,0.0,0.0,0.0,0.0,0.0,0.0,0.0,0.0,0.0,0.0,0.0
1,0,1.0,0.0,0.0,0.0,0.0,0.0,0.0,0.0,0.0,0.0,0.0,0.0,0.0
1,0,1.0,0.0,0.0,0.0,0.0,0.0,0.0,0.0,0.0,0.0,0.0,0.0,0.0
1,0,1.0,0.0,0.0,0.0,0.0,0.0,0.0,0.0,0.0,0.0,0.0,0.0,0.0
1,0,1.0,0.0,0.0,0.0,0.0,0.0,0.0,0.0,0.0,0.0,0.0,0.0,0.0
1,0,1.0,0.0,0.0,0.0,0.0,0.0,0.0,0.0,0.0,0.0,0.0,0.0,0.0
1,0,1.0,0.0,0.0,0.0,0.0,0.0,0.0,0.0,0.0,0.0,0.0,0.0,0.0
1,0,1.0,0.0,0.0,0.0,0.0,0.0,0.0,0.0,0.0,0.0,0.0,0.0,0.0
1,0,1.0,0.0,0.0,0.0,0.0,0.0,0.0,0.0,0.0,0.0,0.0,0.0,0.0
1,0,1.0,0.0,0.0,0.0,0.0,0.0,0.0,0.0,0.0,0.0,0.0,0.0,0.0
1,0,1.0,0.0,0.0,0.0,0.0,0.0,0.0,0.0,0.0,0.0,0.0,0.0,0.0
1,0,1.0,0.0,0.0,0.0,0.0,0.0,0.0,0.0,0.0,0.0,0.0,0.0,0.0
1,0,1.0,0.0,0.0,0.0,0.0,0.0,0.0,0.0,0.0,0.0,0.0,0.0,0.0
1,0,1.0,0.0,0.0,0.0,0.0,0.0,0.0,0.0,0.0,0.0,0.0,0.0,0.0
1,0,1.0,0.0,0.0,0.0,0.0,0.0,0.0,0.0,0.0,0.0,0.0,0.0,0.0
1,0,1.0,0.0,0.0,0.0,0.0,0.0,0.0,0.0,0.0,0.0,0.0,0.0,0.0
1,0,1.0,0.0,0.0,0.0,0.0,0.0,0.0,0.0,0.0,0.0,0.0,0.0,0.0
1,0,1.0,0.0,0.0,0.0,0.0,0.0,0.0,0.0,0.0,0.0,0.0,0.0,0.0
1,0,1.0,0.0,0.0,0.0,0.0,0.0,0.0,0.0,0.0,0.0,0.0,0.0,0.0
1,0,1.0,0.0,0.0,0.0,0.0,0.0,0.0,0.0,0.0,0.0,0.0,0.0,0.0
1,0,1.0,0.0,0.0,0.0,0.0,0.0,0.0,0.0,0.0,0.0,0.0,0.0,0.0
1,0,1.0,0.0,0.0,0.0,0.0,0.0,0.0,0.0,0.0,0.0,0.0,0.0,0.0
1,0,1.0,0.0,0.0,0.0,0.0,0.0,0.0,0.0,0.0,0.0,0.0,0.0,0.0
1,0,1.0,0.0,0.0,0.0,0.0,0.0,0.0,0.0,0.0,0.0,0.0,0.0,0.0
1,0,1.0,0.0,0.0,0.0,0.0,0.0,0.0,0.0,0.0,0.0,0.0,0.0,0.0
1,0,1.0,0.0,0.0,0.0,0.0,0.0,0.0,0.0,0.0,0.0,0.0,0.0,0.0
1,0,1.0,0.0,0.0,0.0,0.0,0.0,0.0,0.0,0.0,0.0,0.0,0.0,0.0
1,0,1.0,0.0,0.0,0.0,0.0,0.0,0.0,0.0,0.0,0.0,0.0,0.0,0.0
1,0,1.0,0.0,0.0,0.0,0.0,0.0,0.0,0.0,0.0,0.0,0.0,0.0,0.0
1,0,1.0,0.0,0.0,0.0,0.0,0.0,0.0,0.0,0.0,0.0,0.0,0.0,0.0
1,0,1.0,0.0,0.0,0.0,0.0,0.0,0.0,0.0,0.0,0.0,0.0,0.0,0.0
1,0,1.0,0.0,0.0,0.0,0.0,0.0,0.0,0.0,0.0,0.0,0.0,0.0,0.0
1,0,1.0,0.0,0.0,0.0,0.0,0.0,0.0,0.0,0.0,0.0,0.0,0.0,0.0
1,0,1.0,0.0,0.0,0.0,0.0,0.0,0.0,0.0,0.0,0.0,0.0,0.0,0.0
1,0,1.0,0.0,0.0,0.0,0.0,0.0,0.0,0.0,0.0,0.0,0.0,0.0,0.0
1,0,1.0,0.0,0.0,0.0,0.0,0.0,0.0,0.0,0.0,0.0,0.0,0.0,0.0
1,0,1.0,0.0,0.0,0.0,0.0,0.0,0.0,0.0,0.0,0.0,0.0,0.0,0.0
1,0,1.0,0.0,0.0,0.0,0.0,0.0,0.0,0.0,0.0,0.0,0.0,0.0,0.0
1,0,1.0,0.0,0.0,0.0,0.0,0.0,0.0,0.0,0.0,0.0,0.0,0.0,0.0
1,0,1.0,0.0,0.0,0.0,0.0,0.0,0.0,0.0,0.0,0.0,0.0,0.0,0.0
1,0,1.0,0.0,0.0,0.0,0.0,0.0,0.0,0.0,0.0,0.0,0.0,0.0,0.0
1,0,1.0,0.0,0.0,0.0,0.0,0.0,0.0,0.0,0.0,0.0,0.0,0.0,0.0
1,0,1.0,0.0,0.0,0.0,0.0,0.0,0.0,0.0,0.0,0.0,0.0,0.0,0.0
1,0,1.0,0.0,0.0,0.0,0.0,0.0,0.0,0.0,0.0,0.0,0.0,0.0,0.0
1,0,1.0,0.0,0.0,0.0,0.0,0.0,0.0,0.0,0.0,0.0,0.0,0.0,0.0
1,0,1.0,0.0,0.0,0.0,0.0,0.0,0.0,0.0,0.0,0.0,0.0,0.0,0.0
1,0,1.0,0.0,0.0,0.0,0.0,0.0,0.0,0.0,0.0,0.0,0.0,0.0,0.0
1,0,1.0,0.0,0.0,0.0,0.0,0.0,0.0,0.0,0.0,0.0,0.0,0.0,0.0
1,0,1.0,0.0,0.0,0.0,0.0,0.0,0.0,0.0,0.0,0.0,0.0,0.0,0.0
1,0,1.0,0.0,0.0,0.0,0.0,0.0,0.0,0.0,0.0,0.0,0.0,0.0,0.0
1,0,1.0,0.0,0.0,0.0,0.0,0.0,0.0,0.0,0.0,0.0,0.0,0.0,0.0
1,0,1.0,0.0,0.0,0.0,0.0,0.0,0.0,0.0,0.0,0.0,0.0,0.0,0.0
1,0,1.0,0.0,0.0,0.0,0.0,0.0,0.0,0.0,0.0,0.0,0.0,0.0,0.0
1,0,1.0,0.0,0.0,0.0,0.0,0.0,0.0,0.0,0.0,0.0,0.0,0.0,0.0
1,0,1.0,0.0,0.0,0.0,0.0,0.0,0.0,0.0,0.0,0.0,0.0,0.0,0.0
1,0,1.0,0.0,0.0,0.0,0.0,0.0,0.0,0.0,0.0,0.0,0.0,0.0,0.0
1,0,1.0,0.0,0.0,0.0,0.0,0.0,0.0,0.0,0.0,0.0,0.0,0.0,0.0
1,0,1.0,0.0,0.0,0.0,0.0,0.0,0.0,0.0,0.0,0.0,0.0,0.0,0.0
1,0,1.0,0.0,0.0,0.0,0.0,0.0,0.0,0.0,0.0,0.0,0.0,0.0,0.0
1,0,1.0,0.0,0.0,0.0,0.0,0.0,0.0,0.0,0.0,0.0,0.0,0.0,0.0
1,0,1.0,0.0,0.0,0.0,0.0,0.0,0.0,0.0,0.0,0.0,0.0,0.0,0.0
1,0,1.0,0.0,0.0,0.0,0.0,0.0,0.0,0.0,0.0,0.0,0.0,0.0,0.0
1,0,1.0,0.0,0.0,0.0,0.0,0.0,0.0,0.0,0.0,0.0,0.0,0.0,0.0
1,0,1.0,0.0,0.0,0.0,0.0,0.0,0.0,0.0,0.0,0.0,0.0,0.0,0.0
1,0,1.0,0.0,0.0,0.0,0.0,0.0,0.0,0.0,0.0,0.0,0.0,0.0,0.0
1,0,1.0,0.0,0.0,0.0,0.0,0.0,0.0,0.0,0.0,0.0,0.0,0.0,0.0
1,0,1.0,0.0,0.0,0.0,0.0,0.0,0.0,0.0,0.0,0.0,0.0,0.0,0.0
1,0,1.0,0.0,0.0,0.0,0.0,0.0,0.0,0.0,0.0,0.0,0.0,0.0,0.0
1,0,1.0,0.0,0.0,0.0,0.0,0.0,0.0,0.0,0.0,0.0,0.0,0.0,0.0
1,0,1.0,0.0,0.0,0.0,0.0,0.0,0.0,0.0,0.0,0.0,0.0,0.0,0.0
1,0,1.0,0.0,0.0,0.0,0.0,0.0,0.0,0.0,0.0,0.0,0.0,0.0,0.0
1,0,1.0,0.0,0.0,0.0,0.0,0.0,0.0,0.0,0.0,0.0,0.0,0.0,0.0
1,0,1.0,0.0,0.0,0.0,0.0,0.0,0.0,0.0,0.0,0.0,0.0,0.0,0.0
1,0,1.0,0.0,0.0,0.0,0.0,0.0,0.0,0.0,0.0,0.0,0.0,0.0,0.0
1,0,1.0,0.0,0.0,0.0,0.0,0.0,0.0,0.0,0.0,0.0,0.0,0.0,0.0
1,0,1.0,0.0,0.0,0.0,0.0,0.0,0.0,0.0,0.0,0.0,0.0,0.0,0.0
1,0,1.0,0.0,0.0,0.0,0.0,0.0,0.0,0.0,0.0,0.0,0.0,0.0,0.0
1,0,1.0,0.0,0.0,0.0,0.0,0.0,0.0,0.0,0.0,0.0,0.0,0.0,0.0
1,0,1.0,0.0,0.0,0.0,0.0,0.0,0.0,0.0,0.0,0.0,0.0,0.0,0.0
1,0,1.0,0.0,0.0,0.0,0.0,0.0,0.0,0.0,0.0,0.0,0.0,0.0,0.0
1,0,1.0,0.0,0.0,0.0,0.0,0.0,0.0,0.0,0.0,0.0,0.0,0.0,0.0
1,0,1.0,0.0,0.0,0.0,0.0,0.0,0.0,0.0,0.0,0.0,0.0,0.0,0.0
1,0,1.0,0.0,0.0,0.0,0.0,0.0,0.0,0.0,0.0,0.0,0.0,0.0,0.0
1,0,1.0,0.0,0.0,0.0,0.0,0.0,0.0,0.0,0.0,0.0,0.0,0.0,0.0
1,0,1.0,0.0,0.0,0.0,0.0,0.0,0.0,0.0,0.0,0.0,0.0,0.0,0.0
1,0,1.0,0.0,0.0,0.0,0.0,0.0,0.0,0.0,0.0,0.0,0.0,0.0,0.0
1,0,1.0,0.0,0.0,0.0,0.0,0.0,0.0,0.0,0.0,0.0,0.0,0.0,0.0
1,0,1.0,0.0,0.0,0.0,0.0,0.0,0.0,0.0,0.0,0.0,0.0,0.0,0.0
1,0,1.0,0.0,0.0,0.0,0.0,0.0,0.0,0.0,0.0,0.0,0.0,0.0,0.0
1,0,1.0,0.0,0.0,0.0,0.0,0.0,0.0,0.0,0.0,0.0,0.0,0.0,0.0
1,0,1.0,0.0,0.0,0.0,0.0,0.0,0.0,0.0,0.0,0.0,0.0,0.0,0.0
1,0,1.0,0.0,0.0,0.0,0.0,0.0,0.0,0.0,0.0,0.0,0.0,0.0,0.0
1,0,1.0,0.0,0.0,0.0,0.0,0.0,0.0,0.0,0.0,0.0,0.0,0.0,0.0
1,0,1.0,0.0,0.0,0.0,0.0,0.0,0.0,0.0,0.0,0.0,0.0,0.0,0.0
1,0,1.0,0.0,0.0,0.0,0.0,0.0,0.0,0.0,0.0,0.0,0.0,0.0,0.0
1,0,1.0,0.0,0.0,0.0,0.0,0.0,0.0,0.0,0.0,0.0,0.0,0.0,0.0
1,0,1.0,0.0,0.0,0.0,0.0,0.0,0.0,0.0,0.0,0.0,0.0,0.0,0.0
1,0,1.0,0.0,0.0,0.0,0.0,0.0,0.0,0.0,0.0,0.0,0.0,0.0,0.0
1,0,1.0,0.0,0.0,0.0,0.0,0.0,0.0,0.0,0.0,0.0,0.0,0.0,0.0
1,0,1.0,0.0,0.0,0.0,0.0,0.0,0.0,0.0,0.0,0.0,0.0,0.0,0.0
1,0,1.0,0.0,0.0,0.0,0.0,0.0,0.0,0.0,0.0,0.0,0.0,0.0,0.0
1,0,1.0,0.0,0.0,0.0,0.0,0.0,0.0,0.0,0.0,0.0,0.0,0.0,0.0
1,0,1.0,0.0,0.0,0.0,0.0,0.0,0.0,0.0,0.0,0.0,0.0,0.0,0.0
1,0,1.0,0.0,0.0,0.0,0.0,0.0,0.0,0.0,0.0,0.0,0.0,0.0,0.0
1,0,1.0,0.0,0.0,0.0,0.0,0.0,0.0,0.0,0.0,0.0,0.0,0.0,0.0
1,0,1.0,0.0,0.0,0.0,0.0,0.0,0.0,0.0,0.0,0.0,0.0,0.0,0.0
1,0,1.0,0.0,0.0,0.0,0.0,0.0,0.0,0.0,0.0,0.0,0.0,0.0,0.0
1,0,1.0,0.0,0.0,0.0,0.0,0.0,0.0,0.0,0.0,0.0,0.0,0.0,0.0
1,0,1.0,0.0,0.0,0.0,0.0,0.0,0.0,0.0,0.0,0.0,0.0,0.0,0.0
1,0,1.0,0.0,0.0,0.0,0.0,0.0,0.0,0.0,0.0,0.0,0.0,0.0,0.0
1,0,1.0,0.0,0.0,0.0,0.0,0.0,0.0,0.0,0.0,0.0,0.0,0.0,0.0
1,0,1.0,0.0,0.0,0.0,0.0,0.0,0.0,0.0,0.0,0.0,0.0,0.0,0.0
1,0,1.0,0.0,0.0,0.0,0.0,0.0,0.0,0.0,0.0,0.0,0.0,0.0,0.0
1,0,1.0,0.0,0.0,0.0,0.0,0.0,0.0,0.0,0.0,0.0,0.0,0.0,0.0
1,0,1.0,0.0,0.0,0.0,0.0,0.0,0.0,0.0,0.0,0.0,0.0,0.0,0.0
1,0,1.0,0.0,0.0,0.0,0.0,0.0,0.0,0.0,0.0,0.0,0.0,0.0,0.0
1,0,1.0,0.0,0.0,0.0,0.0,0.0,0.0,0.0,0.0,0.0,0.0,0.0,0.0
1,0,1.0,0.0,0.0,0.0,0.0,0.0,0.0,0.0,0.0,0.0,0.0,0.0,0.0
1,0,1.0,0.0,0.0,0.0,0.0,0.0,0.0,0.0,0.0,0.0,0.0,0.0,0.0
1,0,1.0,0.0,0.0,0.0,0.0,0.0,0.0,0.0,0.0,0.0,0.0,0.0,0.0
1,0,1.0,0.0,0.0,0.0,0.0,0.0,0.0,0.0,0.0,0.0,0.0,0.0,0.0
1,0,1.0,0.0,0.0,0.0,0.0,0.0,0.0,0.0,0.0,0.0,0.0,0.0,0.0
1,0,1.0,0.0,0.0,0.0,0.0,0.0,0.0,0.0,0.0,0.0,0.0,0.0,0.0
1,0,1.0,0.0,0.0,0.0,0.0,0.0,0.0,0.0,0.0,0.0,0.0,0.0,0.0
1,0,1.0,0.0,0.0,0.0,0.0,0.0,0.0,0.0,0.0,0.0,0.0,0.0,0.0
1,0,1.0,0.0,0.0,0.0,0.0,0.0,0.0,0.0,0.0,0.0,0.0,0.0,0.0
1,0,1.0,0.0,0.0,0.0,0.0,0.0,0.0,0.0,0.0,0.0,0.0,0.0,0.0
1,0,1.0,0.0,0.0,0.0,0.0,0.0,0.0,0.0,0.0,0.0,0.0,0.0,0.0
1,0,1.0,0.0,0.0,0.0,0.0,0.0,0.0,0.0,0.0,0.0,0.0,0.0,0.0
1,0,1.0,0.0,0.0,0.0,0.0,0.0,0.0,0.0,0.0,0.0,0.0,0.0,0.0
1,0,1.0,0.0,0.0,0.0,0.0,0.0,0.0,0.0,0.0,0.0,0.0,0.0,0.0
1,0,1.0,0.0,0.0,0.0,0.0,0.0,0.0,0.0,0.0,0.0,0.0,0.0,0.0
1,0,1.0,0.0,0.0,0.0,0.0,0.0,0.0,0.0,0.0,0.0,0.0,0.0,0.0
1,0,1.0,0.0,0.0,0.0,0.0,0.0,0.0,0.0,0.0,0.0,0.0,0.0,0.0
1,0,1.0,0.0,0.0,0.0,0.0,0.0,0.0,0.0,0.0,0.0,0.0,0.0,0.0
1,0,1.0,0.0,0.0,0.0,0.0,0.0,0.0,0.0,0.0,0.0,0.0,0.0,0.0
1,0,1.0,0.0,0.0,0.0,0.0,0.0,0.0,0.0,0.0,0.0,0.0,0.0,0.0
1,0,1.0,0.0,0.0,0.0,0.0,0.0,0.0,0.0,0.0,0.0,0.0,0.0,0.0
1,0,1.0,0.0,0.0,0.0,0.0,0.0,0.0,0.0,0.0,0.0,0.0,0.0,0.0
1,0,1.0,0.0,0.0,0.0,0.0,0.0,0.0,0.0,0.0,0.0,0.0,0.0,0.0
1,0,1.0,0.0,0.0,0.0,0.0,0.0,0.0,0.0,0.0,0.0,0.0,0.0,0.0
1,0,1.0,0.0,0.0,0.0,0.0,0.0,0.0,0.0,0.0,0.0,0.0,0.0,0.0
1,0,1.0,0.0,0.0,0.0,0.0,0.0,0.0,0.0,0.0,0.0,0.0,0.0,0.0
1,0,1.0,0.0,0.0,0.0,0.0,0.0,0.0,0.0,0.0,0.0,0.0,0.0,0.0
1,0,1.0,0.0,0.0,0.0,0.0,0.0,0.0,0.0,0.0,0.0,0.0,0.0,0.0
1,0,1.0,0.0,0.0,0.0,0.0,0.0,0.0,0.0,0.0,0.0,0.0,0.0,0.0
1,0,1.0,0.0,0.0,0.0,0.0,0.0,0.0,0.0,0.0,0.0,0.0,0.0,0.0
1,0,1.0,0.0,0.0,0.0,0.0,0.0,0.0,0.0,0.0,0.0,0.0,0.0,0.0
1,0,1.0,0.0,0.0,0.0,0.0,0.0,0.0,0.0,0.0,0.0,0.0,0.0,0.0
1,0,1.0,0.0,0.0,0.0,0.0,0.0,0.0,0.0,0.0,0.0,0.0,0.0,0.0
1,0,1.0,0.0,0.0,0.0,0.0,0.0,0.0,0.0,0.0,0.0,0.0,0.0,0.0
1,0,1.0,0.0,0.0,0.0,0.0,0.0,0.0,0.0,0.0,0.0,0.0,0.0,0.0
1,0,1.0,0.0,0.0,0.0,0.0,0.0,0.0,0.0,0.0,0.0,0.0,0.0,0.0
1,0,1.0,0.0,0.0,0.0,0.0,0.0,0.0,0.0,0.0,0.0,0.0,0.0,0.0
1,0,1.0,0.0,0.0,0.0,0.0,0.0,0.0,0.0,0.0,0.0,0.0,0.0,0.0
1,0,1.0,0.0,0.0,0.0,0.0,0.0,0.0,0.0,0.0,0.0,0.0,0.0,0.0
1,0,1.0,0.0,0.0,0.0,0.0,0.0,0.0,0.0,0.0,0.0,0.0,0.0,0.0
1,0,1.0,0.0,0.0,0.0,0.0,0.0,0.0,0.0,0.0,0.0,0.0,0.0,0.0
1,0,1.0,0.0,0.0,0.0,0.0,0.0,0.0,0.0,0.0,0.0,0.0,0.0,0.0
1,0,1.0,0.0,0.0,0.0,0.0,0.0,0.0,0.0,0.0,0.0,0.0,0.0,0.0
1,0,1.0,0.0,0.0,0.0,0.0,0.0,0.0,0.0,0.0,0.0,0.0,0.0,0.0
1,0,1.0,0.0,0.0,0.0,0.0,0.0,0.0,0.0,0.0,0.0,0.0,0.0,0.0
1,0,1.0,0.0,0.0,0.0,0.0,0.0,0.0,0.0,0.0,0.0,0.0,0.0,0.0
1,0,1.0,0.0,0.0,0.0,0.0,0.0,0.0,0.0,0.0,0.0,0.0,0.0,0.0
1,0,1.0,0.0,0.0,0.0,0.0,0.0,0.0,0.0,0.0,0.0,0.0,0.0,0.0
1,0,1.0,0.0,0.0,0.0,0.0,0.0,0.0,0.0,0.0,0.0,0.0,0.0,0.0
1,0,1.0,0.0,0.0,0.0,0.0,0.0,0.0,0.0,0.0,0.0,0.0,0.0,0.0
1,0,1.0,0.0,0.0,0.0,0.0,0.0,0.0,0.0,0.0,0.0,0.0,0.0,0.0
1,0,1.0,0.0,0.0,0.0,0.0,0.0,0.0,0.0,0.0,0.0,0.0,0.0,0.0
1,0,1.0,0.0,0.0,0.0,0.0,0.0,0.0,0.0,0.0,0.0,0.0,0.0,0.0
1,0,1.0,0.0,0.0,0.0,0.0,0.0,0.0,0.0,0.0,0.0,0.0,0.0,0.0
1,0,1.0,0.0,0.0,0.0,0.0,0.0,0.0,0.0,0.0,0.0,0.0,0.0,0.0
1,0,1.0,0.0,0.0,0.0,0.0,0.0,0.0,0.0,0.0,0.0,0.0,0.0,0.0
1,0,1.0,0.0,0.0,0.0,0.0,0.0,0.0,0.0,0.0,0.0,0.0,0.0,0.0
1,0,1.0,0.0,0.0,0.0,0.0,0.0,0.0,0.0,0.0,0.0,0.0,0.0,0.0
1,0,1.0,0.0,0.0,0.0,0.0,0.0,0.0,0.0,0.0,0.0,0.0,0.0,0.0
1,0,1.0,0.0,0.0,0.0,0.0,0.0,0.0,0.0,0.0,0.0,0.0,0.0,0.0
1,0,1.0,0.0,0.0,0.0,0.0,0.0,0.0,0.0,0.0,0.0,0.0,0.0,0.0
1,0,1.0,0.0,0.0,0.0,0.0,0.0,0.0,0.0,0.0,0.0,0.0,0.0,0.0
1,0,1.0,0.0,0.0,0.0,0.0,0.0,0.0,0.0,0.0,0.0,0.0,0.0,0.0
1,0,1.0,0.0,0.0,0.0,0.0,0.0,0.0,0.0,0.0,0.0,0.0,0.0,0.0
1,0,1.0,0.0,0.0,0.0,0.0,0.0,0.0,0.0,0.0,0.0,0.0,0.0,0.0
1,0,1.0,0.0,0.0,0.0,0.0,0.0,0.0,0.0,0.0,0.0,0.0,0.0,0.0
1,0,1.0,0.0,0.0,0.0,0.0,0.0,0.0,0.0,0.0,0.0,0.0,0.0,0.0
1,0,1.0,0.0,0.0,0.0,0.0,0.0,0.0,0.0,0.0,0.0,0.0,0.0,0.0
1,0,1.0,0.0,0.0,0.0,0.0,0.0,0.0,0.0,0.0,0.0,0.0,0.0,0.0
1,0,1.0,0.0,0.0,0.0,0.0,0.0,0.0,0.0,0.0,0.0,0.0,0.0,0.0
1,0,1.0,0.0,0.0,0.0,0.0,0.0,0.0,0.0,0.0,0.0,0.0,0.0,0.0
1,0,1.0,0.0,0.0,0.0,0.0,0.0,0.0,0.0,0.0,0.0,0.0,0.0,0.0
1,0,1.0,0.0,0.0,0.0,0.0,0.0,0.0,0.0,0.0,0.0,0.0,0.0,0.0
1,0,1.0,0.0,0.0,0.0,0.0,0.0,0.0,0.0,0.0,0.0,0.0,0.0,0.0
1,0,1.0,0.0,0.0,0.0,0.0,0.0,0.0,0.0,0.0,0.0,0.0,0.0,0.0
1,0,1.0,0.0,0.0,0.0,0.0,0.0,0.0,0.0,0.0,0.0,0.0,0.0,0.0
1,0,1.0,0.0,0.0,0.0,0.0,0.0,0.0,0.0,0.0,0.0,0.0,0.0,0.0
1,0,1.0,0.0,0.0,0.0,0.0,0.0,0.0,0.0,0.0,0.0,0.0,0.0,0.0
1,0,1.0,0.0,0.0,0.0,0.0,0.0,0.0,0.0,0.0,0.0,0.0,0.0,0.0
1,0,1.0,0.0,0.0,0.0,0.0,0.0,0.0,0.0,0.0,0.0,0.0,0.0,0.0
1,0,1.0,0.0,0.0,0.0,0.0,0.0,0.0,0.0,0.0,0.0,0.0,0.0,0.0
1,0,1.0,0.0,0.0,0.0,0.0,0.0,0.0,0.0,0.0,0.0,0.0,0.0,0.0
1,0,1.0,0.0,0.0,0.0,0.0,0.0,0.0,0.0,0.0,0.0,0.0,0.0,0.0
1,0,1.0,0.0,0.0,0.0,0.0,0.0,0.0,0.0,0.0,0.0,0.0,0.0,0.0
1,0,1.0,0.0,0.0,0.0,0.0,0.0,0.0,0.0,0.0,0.0,0.0,0.0,0.0
1,0,1.0,0.0,0.0,0.0,0.0,0.0,0.0,0.0,0.0,0.0,0.0,0.0,0.0
1,0,1.0,0.0,0.0,0.0,0.0,0.0,0.0,0.0,0.0,0.0,0.0,0.0,0.0
1,0,1.0,0.0,0.0,0.0,0.0,0.0,0.0,0.0,0.0,0.0,0.0,0.0,0.0
1,0,1.0,0.0,0.0,0.0,0.0,0.0,0.0,0.0,0.0,0.0,0.0,0.0,0.0
1,0,1.0,0.0,0.0,0.0,0.0,0.0,0.0,0.0,0.0,0.0,0.0,0.0,0.0
1,0,1.0,0.0,0.0,0.0,0.0,0.0,0.0,0.0,0.0,0.0,0.0,0.0,0.0
1,0,1.0,0.0,0.0,0.0,0.0,0.0,0.0,0.0,0.0,0.0,0.0,0.0,0.0
1,0,1.0,0.0,0.0,0.0,0.0,0.0,0.0,0.0,0.0,0.0,0.0,0.0,0.0
1,0,1.0,0.0,0.0,0.0,0.0,0.0,0.0,0.0,0.0,0.0,0.0,0.0,0.0
1,0,1.0,0.0,0.0,0.0,0.0,0.0,0.0,0.0,0.0,0.0,0.0,0.0,0.0
1,0,1.0,0.0,0.0,0.0,0.0,0.0,0.0,0.0,0.0,0.0,0.0,0.0,0.0
1,0,1.0,0.0,0.0,0.0,0.0,0.0,0.0,0.0,0.0,0.0,0.0,0.0,0.0
1,0,1.0,0.0,0.0,0.0,0.0,0.0,0.0,0.0,0.0,0.0,0.0,0.0,0.0
1,0,1.0,0.0,0.0,0.0,0.0,0.0,0.0,0.0,0.0,0.0,0.0,0.0,0.0
1,0,1.0,0.0,0.0,0.0,0.0,0.0,0.0,0.0,0.0,0.0,0.0,0.0,0.0
1,0,1.0,0.0,0.0,0.0,0.0,0.0,0.0,0.0,0.0,0.0,0.0,0.0,0.0
1,0,1.0,0.0,0.0,0.0,0.0,0.0,0.0,0.0,0.0,0.0,0.0,0.0,0.0
1,0,1.0,0.0,0.0,0.0,0.0,0.0,0.0,0.0,0.0,0.0,0.0,0.0,0.0
1,0,1.0,0.0,0.0,0.0,0.0,0.0,0.0,0.0,0.0,0.0,0.0,0.0,0.0
1,0,1.0,0.0,0.0,0.0,0.0,0.0,0.0,0.0,0.0,0.0,0.0,0.0,0.0
1,0,1.0,0.0,0.0,0.0,0.0,0.0,0.0,0.0,0.0,0.0,0.0,0.0,0.0
1,0,1.0,0.0,0.0,0.0,0.0,0.0,0.0,0.0,0.0,0.0,0.0,0.0,0.0
1,0,1.0,0.0,0.0,0.0,0.0,0.0,0.0,0.0,0.0,0.0,0.0,0.0,0.0
1,0,1.0,0.0,0.0,0.0,0.0,0.0,0.0,0.0,0.0,0.0,0.0,0.0,0.0
1,0,1.0,0.0,0.0,0.0,0.0,0.0,0.0,0.0,0.0,0.0,0.0,0.0,0.0
1,0,1.0,0.0,0.0,0.0,0.0,0.0,0.0,0.0,0.0,0.0,0.0,0.0,0.0
1,0,1.0,0.0,0.0,0.0,0.0,0.0,0.0,0.0,0.0,0.0,0.0,0.0,0.0
1,0,1.0,0.0,0.0,0.0,0.0,0.0,0.0,0.0,0.0,0.0,0.0,0.0,0.0
1,0,1.0,0.0,0.0,0.0,0.0,0.0,0.0,0.0,0.0,0.0,0.0,0.0,0.0
1,0,1.0,0.0,0.0,0.0,0.0,0.0,0.0,0.0,0.0,0.0,0.0,0.0,0.0
1,0,1.0,0.0,0.0,0.0,0.0,0.0,0.0,0.0,0.0,0.0,0.0,0.0,0.0
1,0,1.0,0.0,0.0,0.0,0.0,0.0,0.0,0.0,0.0,0.0,0.0,0.0,0.0
1,0,1.0,0.0,0.0,0.0,0.0,0.0,0.0,0.0,0.0,0.0,0.0,0.0,0.0
1,0,1.0,0.0,0.0,0.0,0.0,0.0,0.0,0.0,0.0,0.0,0.0,0.0,0.0
1,0,1.0,0.0,0.0,0.0,0.0,0.0,0.0,0.0,0.0,0.0,0.0,0.0,0.0
1,0,1.0,0.0,0.0,0.0,0.0,0.0,0.0,0.0,0.0,0.0,0.0,0.0,0.0
1,0,1.0,0.0,0.0,0.0,0.0,0.0,0.0,0.0,0.0,0.0,0.0,0.0,0.0
1,0,1.0,0.0,0.0,0.0,0.0,0.0,0.0,0.0,0.0,0.0,0.0,0.0,0.0
1,0,1.0,0.0,0.0,0.0,0.0,0.0,0.0,0.0,0.0,0.0,0.0,0.0,0.0
1,0,1.0,0.0,0.0,0.0,0.0,0.0,0.0,0.0,0.0,0.0,0.0,0.0,0.0
1,0,1.0,0.0,0.0,0.0,0.0,0.0,0.0,0.0,0.0,0.0,0.0,0.0,0.0
1,0,1.0,0.0,0.0,0.0,0.0,0.0,0.0,0.0,0.0,0.0,0.0,0.0,0.0
1,0,1.0,0.0,0.0,0.0,0.0,0.0,0.0,0.0,0.0,0.0,0.0,0.0,0.0
1,0,1.0,0.0,0.0,0.0,0.0,0.0,0.0,0.0,0.0,0.0,0.0,0.0,0.0
1,0,1.0,0.0,0.0,0.0,0.0,0.0,0.0,0.0,0.0,0.0,0.0,0.0,0.0
1,0,1.0,0.0,0.0,0.0,0.0,0.0,0.0,0.0,0.0,0.0,0.0,0.0,0.0
1,0,1.0,0.0,0.0,0.0,0.0,0.0,0.0,0.0,0.0,0.0,0.0,0.0,0.0
1,0,1.0,0.0,0.0,0.0,0.0,0.0,0.0,0.0,0.0,0.0,0.0,0.0,0.0
1,0,1.0,0.0,0.0,0.0,0.0,0.0,0.0,0.0,0.0,0.0,0.0,0.0,0.0
1,0,1.0,0.0,0.0,0.0,0.0,0.0,0.0,0.0,0.0,0.0,0.0,0.0,0.0
1,0,1.0,0.0,0.0,0.0,0.0,0.0,0.0,0.0,0.0,0.0,0.0,0.0,0.0
1,0,1.0,0.0,0.0,0.0,0.0,0.0,0.0,0.0,0.0,0.0,0.0,0.0,0.0
1,0,1.0,0.0,0.0,0.0,0.0,0.0,0.0,0.0,0.0,0.0,0.0,0.0,0.0
1,0,1.0,0.0,0.0,0.0,0.0,0.0,0.0,0.0,0.0,0.0,0.0,0.0,0.0
1,0,1.0,0.0,0.0,0.0,0.0,0.0,0.0,0.0,0.0,0.0,0.0,0.0,0.0
1,0,1.0,0.0,0.0,0.0,0.0,0.0,0.0,0.0,0.0,0.0,0.0,0.0,0.0
1,0,1.0,0.0,0.0,0.0,0.0,0.0,0.0,0.0,0.0,0.0,0.0,0.0,0.0
1,0,1.0,0.0,0.0,0.0,0.0,0.0,0.0,0.0,0.0,0.0,0.0,0.0,0.0
1,0,1.0,0.0,0.0,0.0,0.0,0.0,0.0,0.0,0.0,0.0,0.0,0.0,0.0
1,0,1.0,0.0,0.0,0.0,0.0,0.0,0.0,0.0,0.0,0.0,0.0,0.0,0.0
1,0,1.0,0.0,0.0,0.0,0.0,0.0,0.0,0.0,0.0,0.0,0.0,0.0,0.0
1,0,1.0,0.0,0.0,0.0,0.0,0.0,0.0,0.0,0.0,0.0,0.0,0.0,0.0
1,0,1.0,0.0,0.0,0.0,0.0,0.0,0.0,0.0,0.0,0.0,0.0,0.0,0.0
1,0,1.0,0.0,0.0,0.0,0.0,0.0,0.0,0.0,0.0,0.0,0.0,0.0,0.0
1,0,1.0,0.0,0.0,0.0,0.0,0.0,0.0,0.0,0.0,0.0,0.0,0.0,0.0
1,0,1.0,0.0,0.0,0.0,0.0,0.0,0.0,0.0,0.0,0.0,0.0,0.0,0.0
1,0,1.0,0.0,0.0,0.0,0.0,0.0,0.0,0.0,0.0,0.0,0.0,0.0,0.0
1,0,1.0,0.0,0.0,0.0,0.0,0.0,0.0,0.0,0.0,0.0,0.0,0.0,0.0
1,0,1.0,0.0,0.0,0.0,0.0,0.0,0.0,0.0,0.0,0.0,0.0,0.0,0.0
1,0,1.0,0.0,0.0,0.0,0.0,0.0,0.0,0.0,0.0,0.0,0.0,0.0,0.0
1,0,1.0,0.0,0.0,0.0,0.0,0.0,0.0,0.0,0.0,0.0,0.0,0.0,0.0
1,0,1.0,0.0,0.0,0.0,0.0,0.0,0.0,0.0,0.0,0.0,0.0,0.0,0.0
1,0,1.0,0.0,0.0,0.0,0.0,0.0,0.0,0.0,0.0,0.0,0.0,0.0,0.0
1,0,1.0,0.0,0.0,0.0,0.0,0.0,0.0,0.0,0.0,0.0,0.0,0.0,0.0
1,0,1.0,0.0,0.0,0.0,0.0,0.0,0.0,0.0,0.0,0.0,0.0,0.0,0.0
1,0,1.0,0.0,0.0,0.0,0.0,0.0,0.0,0.0,0.0,0.0,0.0,0.0,0.0
1,0,1.0,0.0,0.0,0.0,0.0,0.0,0.0,0.0,0.0,0.0,0.0,0.0,0.0
1,0,1.0,0.0,0.0,0.0,0.0,0.0,0.0,0.0,0.0,0.0,0.0,0.0,0.0
1,0,1.0,0.0,0.0,0.0,0.0,0.0,0.0,0.0,0.0,0.0,0.0,0.0,0.0
1,0,1.0,0.0,0.0,0.0,0.0,0.0,0.0,0.0,0.0,0.0,0.0,0.0,0.0
1,0,1.0,0.0,0.0,0.0,0.0,0.0,0.0,0.0,0.0,0.0,0.0,0.0,0.0
1,0,1.0,0.0,0.0,0.0,0.0,0.0,0.0,0.0,0.0,0.0,0.0,0.0,0.0
1,0,1.0,0.0,0.0,0.0,0.0,0.0,0.0,0.0,0.0,0.0,0.0,0.0,0.0
1,0,1.0,0.0,0.0,0.0,0.0,0.0,0.0,0.0,0.0,0.0,0.0,0.0,0.0
1,0,1.0,0.0,0.0,0.0,0.0,0.0,0.0,0.0,0.0,0.0,0.0,0.0,0.0
1,0,1.0,0.0,0.0,0.0,0.0,0.0,0.0,0.0,0.0,0.0,0.0,0.0,0.0
1,0,1.0,0.0,0.0,0.0,0.0,0.0,0.0,0.0,0.0,0.0,0.0,0.0,0.0
1,0,1.0,0.0,0.0,0.0,0.0,0.0,0.0,0.0,0.0,0.0,0.0,0.0,0.0
1,0,1.0,0.0,0.0,0.0,0.0,0.0,0.0,0.0,0.0,0.0,0.0,0.0,0.0
1,0,1.0,0.0,0.0,0.0,0.0,0.0,0.0,0.0,0.0,0.0,0.0,0.0,0.0
1,0,1.0,0.0,0.0,0.0,0.0,0.0,0.0,0.0,0.0,0.0,0.0,0.0,0.0
1,0,1.0,0.0,0.0,0.0,0.0,0.0,0.0,0.0,0.0,0.0,0.0,0.0,0.0
1,0,1.0,0.0,0.0,0.0,0.0,0.0,0.0,0.0,0.0,0.0,0.0,0.0,0.0
1,0,1.0,0.0,0.0,0.0,0.0,0.0,0.0,0.0,0.0,0.0,0.0,0.0,0.0
1,0,1.0,0.0,0.0,0.0,0.0,0.0,0.0,0.0,0.0,0.0,0.0,0.0,0.0
1,0,1.0,0.0,0.0,0.0,0.0,0.0,0.0,0.0,0.0,0.0,0.0,0.0,0.0
1,0,1.0,0.0,0.0,0.0,0.0,0.0,0.0,0.0,0.0,0.0,0.0,0.0,0.0
1,0,1.0,0.0,0.0,0.0,0.0,0.0,0.0,0.0,0.0,0.0,0.0,0.0,0.0
1,0,1.0,0.0,0.0,0.0,0.0,0.0,0.0,0.0,0.0,0.0,0.0,0.0,0.0
1,0,1.0,0.0,0.0,0.0,0.0,0.0,0.0,0.0,0.0,0.0,0.0,0.0,0.0
1,0,1.0,0.0,0.0,0.0,0.0,0.0,0.0,0.0,0.0,0.0,0.0,0.0,0.0
1,0,1.0,0.0,0.0,0.0,0.0,0.0,0.0,0.0,0.0,0.0,0.0,0.0,0.0
1,0,1.0,0.0,0.0,0.0,0.0,0.0,0.0,0.0,0.0,0.0,0.0,0.0,0.0
1,0,1.0,0.0,0.0,0.0,0.0,0.0,0.0,0.0,0.0,0.0,0.0,0.0,0.0
1,0,1.0,0.0,0.0,0.0,0.0,0.0,0.0,0.0,0.0,0.0,0.0,0.0,0.0
1,0,1.0,0.0,0.0,0.0,0.0,0.0,0.0,0.0,0.0,0.0,0.0,0.0,0.0
1,0,1.0,0.0,0.0,0.0,0.0,0.0,0.0,0.0,0.0,0.0,0.0,0.0,0.0
1,0,1.0,0.0,0.0,0.0,0.0,0.0,0.0,0.0,0.0,0.0,0.0,0.0,0.0
1,0,1.0,0.0,0.0,0.0,0.0,0.0,0.0,0.0,0.0,0.0,0.0,0.0,0.0
1,0,1.0,0.0,0.0,0.0,0.0,0.0,0.0,0.0,0.0,0.0,0.0,0.0,0.0
1,0,1.0,0.0,0.0,0.0,0.0,0.0,0.0,0.0,0.0,0.0,0.0,0.0,0.0
1,0,1.0,0.0,0.0,0.0,0.0,0.0,0.0,0.0,0.0,0.0,0.0,0.0,0.0
1,0,1.0,0.0,0.0,0.0,0.0,0.0,0.0,0.0,0.0,0.0,0.0,0.0,0.0
1,0,1.0,0.0,0.0,0.0,0.0,0.0,0.0,0.0,0.0,0.0,0.0,0.0,0.0
1,0,1.0,0.0,0.0,0.0,0.0,0.0,0.0,0.0,0.0,0.0,0.0,0.0,0.0
1,0,1.0,0.0,0.0,0.0,0.0,0.0,0.0,0.0,0.0,0.0,0.0,0.0,0.0
1,0,1.0,0.0,0.0,0.0,0.0,0.0,0.0,0.0,0.0,0.0,0.0,0.0,0.0
1,0,1.0,0.0,0.0,0.0,0.0,0.0,0.0,0.0,0.0,0.0,0.0,0.0,0.0
1,0,1.0,0.0,0.0,0.0,0.0,0.0,0.0,0.0,0.0,0.0,0.0,0.0,0.0
1,0,1.0,0.0,0.0,0.0,0.0,0.0,0.0,0.0,0.0,0.0,0.0,0.0,0.0
1,0,1.0,0.0,0.0,0.0,0.0,0.0,0.0,0.0,0.0,0.0,0.0,0.0,0.0
1,0,1.0,0.0,0.0,0.0,0.0,0.0,0.0,0.0,0.0,0.0,0.0,0.0,0.0
1,0,1.0,0.0,0.0,0.0,0.0,0.0,0.0,0.0,0.0,0.0,0.0,0.0,0.0
1,0,1.0,0.0,0.0,0.0,0.0,0.0,0.0,0.0,0.0,0.0,0.0,0.0,0.0
1,0,1.0,0.0,0.0,0.0,0.0,0.0,0.0,0.0,0.0,0.0,0.0,0.0,0.0
1,0,1.0,0.0,0.0,0.0,0.0,0.0,0.0,0.0,0.0,0.0,0.0,0.0,0.0
1,0,1.0,0.0,0.0,0.0,0.0,0.0,0.0,0.0,0.0,0.0,0.0,0.0,0.0
1,0,1.0,0.0,0.0,0.0,0.0,0.0,0.0,0.0,0.0,0.0,0.0,0.0,0.0
1,0,1.0,0.0,0.0,0.0,0.0,0.0,0.0,0.0,0.0,0.0,0.0,0.0,0.0
1,0,1.0,0.0,0.0,0.0,0.0,0.0,0.0,0.0,0.0,0.0,0.0,0.0,0.0
1,0,1.0,0.0,0.0,0.0,0.0,0.0,0.0,0.0,0.0,0.0,0.0,0.0,0.0
1,0,1.0,0.0,0.0,0.0,0.0,0.0,0.0,0.0,0.0,0.0,0.0,0.0,0.0
1,0,1.0,0.0,0.0,0.0,0.0,0.0,0.0,0.0,0.0,0.0,0.0,0.0,0.0
1,0,1.0,0.0,0.0,0.0,0.0,0.0,0.0,0.0,0.0,0.0,0.0,0.0,0.0
1,0,1.0,0.0,0.0,0.0,0.0,0.0,0.0,0.0,0.0,0.0,0.0,0.0,0.0
1,0,1.0,0.0,0.0,0.0,0.0,0.0,0.0,0.0,0.0,0.0,0.0,0.0,0.0
1,0,1.0,0.0,0.0,0.0,0.0,0.0,0.0,0.0,0.0,0.0,0.0,0.0,0.0
1,0,1.0,0.0,0.0,0.0,0.0,0.0,0.0,0.0,0.0,0.0,0.0,0.0,0.0
1,0,1.0,0.0,0.0,0.0,0.0,0.0,0.0,0.0,0.0,0.0,0.0,0.0,0.0
1,0,1.0,0.0,0.0,0.0,0.0,0.0,0.0,0.0,0.0,0.0,0.0,0.0,0.0
1,0,1.0,0.0,0.0,0.0,0.0,0.0,0.0,0.0,0.0,0.0,0.0,0.0,0.0
1,0,1.0,0.0,0.0,0.0,0.0,0.0,0.0,0.0,0.0,0.0,0.0,0.0,0.0
1,0,1.0,0.0,0.0,0.0,0.0,0.0,0.0,0.0,0.0,0.0,0.0,0.0,0.0
1,0,1.0,0.0,0.0,0.0,0.0,0.0,0.0,0.0,0.0,0.0,0.0,0.0,0.0
1,0,1.0,0.0,0.0,0.0,0.0,0.0,0.0,0.0,0.0,0.0,0.0,0.0,0.0
1,0,1.0,0.0,0.0,0.0,0.0,0.0,0.0,0.0,0.0,0.0,0.0,0.0,0.0
1,0,1.0,0.0,0.0,0.0,0.0,0.0,0.0,0.0,0.0,0.0,0.0,0.0,0.0
1,0,1.0,0.0,0.0,0.0,0.0,0.0,0.0,0.0,0.0,0.0,0.0,0.0,0.0
1,0,1.0,0.0,0.0,0.0,0.0,0.0,0.0,0.0,0.0,0.0,0.0,0.0,0.0
1,0,1.0,0.0,0.0,0.0,0.0,0.0,0.0,0.0,0.0,0.0,0.0,0.0,0.0
1,0,1.0,0.0,0.0,0.0,0.0,0.0,0.0,0.0,0.0,0.0,0.0,0.0,0.0
1,0,1.0,0.0,0.0,0.0,0.0,0.0,0.0,0.0,0.0,0.0,0.0,0.0,0.0
1,0,1.0,0.0,0.0,0.0,0.0,0.0,0.0,0.0,0.0,0.0,0.0,0.0,0.0
1,0,1.0,0.0,0.0,0.0,0.0,0.0,0.0,0.0,0.0,0.0,0.0,0.0,0.0
1,0,1.0,0.0,0.0,0.0,0.0,0.0,0.0,0.0,0.0,0.0,0.0,0.0,0.0
1,0,1.0,0.0,0.0,0.0,0.0,0.0,0.0,0.0,0.0,0.0,0.0,0.0,0.0
1,0,1.0,0.0,0.0,0.0,0.0,0.0,0.0,0.0,0.0,0.0,0.0,0.0,0.0
1,0,1.0,0.0,0.0,0.0,0.0,0.0,0.0,0.0,0.0,0.0,0.0,0.0,0.0
1,0,1.0,0.0,0.0,0.0,0.0,0.0,0.0,0.0,0.0,0.0,0.0,0.0,0.0
1,0,1.0,0.0,0.0,0.0,0.0,0.0,0.0,0.0,0.0,0.0,0.0,0.0,0.0
1,0,1.0,0.0,0.0,0.0,0.0,0.0,0.0,0.0,0.0,0.0,0.0,0.0,0.0
1,0,1.0,0.0,0.0,0.0,0.0,0.0,0.0,0.0,0.0,0.0,0.0,0.0,0.0
1,0,1.0,0.0,0.0,0.0,0.0,0.0,0.0,0.0,0.0,0.0,0.0,0.0,0.0
1,0,1.0,0.0,0.0,0.0,0.0,0.0,0.0,0.0,0.0,0.0,0.0,0.0,0.0
1,0,1.0,0.0,0.0,0.0,0.0,0.0,0.0,0.0,0.0,0.0,0.0,0.0,0.0
1,0,1.0,0.0,0.0,0.0,0.0,0.0,0.0,0.0,0.0,0.0,0.0,0.0,0.0
1,0,1.0,0.0,0.0,0.0,0.0,0.0,0.0,0.0,0.0,0.0,0.0,0.0,0.0
1,0,1.0,0.0,0.0,0.0,0.0,0.0,0.0,0.0,0.0,0.0,0.0,0.0,0.0
1,0,1.0,0.0,0.0,0.0,0.0,0.0,0.0,0.0,0.0,0.0,0.0,0.0,0.0
1,0,1.0,0.0,0.0,0.0,0.0,0.0,0.0,0.0,0.0,0.0,0.0,0.0,0.0
1,0,1.0,0.0,0.0,0.0,0.0,0.0,0.0,0.0,0.0,0.0,0.0,0.0,0.0
1,0,1.0,0.0,0.0,0.0,0.0,0.0,0.0,0.0,0.0,0.0,0.0,0.0,0.0
1,0,1.0,0.0,0.0,0.0,0.0,0.0,0.0,0.0,0.0,0.0,0.0,0.0,0.0
1,0,1.0,0.0,0.0,0.0,0.0,0.0,0.0,0.0,0.0,0.0,0.0,0.0,0.0
1,0,1.0,0.0,0.0,0.0,0.0,0.0,0.0,0.0,0.0,0.0,0.0,0.0,0.0
1,0,1.0,0.0,0.0,0.0,0.0,0.0,0.0,0.0,0.0,0.0,0.0,0.0,0.0
1,0,1.0,0.0,0.0,0.0,0.0,0.0,0.0,0.0,0.0,0.0,0.0,0.0,0.0
1,0,1.0,0.0,0.0,0.0,0.0,0.0,0.0,0.0,0.0,0.0,0.0,0.0,0.0
1,0,1.0,0.0,0.0,0.0,0.0,0.0,0.0,0.0,0.0,0.0,0.0,0.0,0.0
1,0,1.0,0.0,0.0,0.0,0.0,0.0,0.0,0.0,0.0,0.0,0.0,0.0,0.0
1,0,1.0,0.0,0.0,0.0,0.0,0.0,0.0,0.0,0.0,0.0,0.0,0.0,0.0
1,0,1.0,0.0,0.0,0.0,0.0,0.0,0.0,0.0,0.0,0.0,0.0,0.0,0.0
1,0,1.0,0.0,0.0,0.0,0.0,0.0,0.0,0.0,0.0,0.0,0.0,0.0,0.0
1,0,1.0,0.0,0.0,0.0,0.0,0.0,0.0,0.0,0.0,0.0,0.0,0.0,0.0
1,0,1.0,0.0,0.0,0.0,0.0,0.0,0.0,0.0,0.0,0.0,0.0,0.0,0.0
1,0,1.0,0.0,0.0,0.0,0.0,0.0,0.0,0.0,0.0,0.0,0.0,0.0,0.0
1,0,1.0,0.0,0.0,0.0,0.0,0.0,0.0,0.0,0.0,0.0,0.0,0.0,0.0
1,0,1.0,0.0,0.0,0.0,0.0,0.0,0.0,0.0,0.0,0.0,0.0,0.0,0.0
1,0,1.0,0.0,0.0,0.0,0.0,0.0,0.0,0.0,0.0,0.0,0.0,0.0,0.0
1,0,1.0,0.0,0.0,0.0,0.0,0.0,0.0,0.0,0.0,0.0,0.0,0.0,0.0
1,0,1.0,0.0,0.0,0.0,0.0,0.0,0.0,0.0,0.0,0.0,0.0,0.0,0.0
1,0,1.0,0.0,0.0,0.0,0.0,0.0,0.0,0.0,0.0,0.0,0.0,0.0,0.0
1,0,1.0,0.0,0.0,0.0,0.0,0.0,0.0,0.0,0.0,0.0,0.0,0.0,0.0
1,0,1.0,0.0,0.0,0.0,0.0,0.0,0.0,0.0,0.0,0.0,0.0,0.0,0.0
1,0,1.0,0.0,0.0,0.0,0.0,0.0,0.0,0.0,0.0,0.0,0.0,0.0,0.0
1,0,1.0,0.0,0.0,0.0,0.0,0.0,0.0,0.0,0.0,0.0,0.0,0.0,0.0
1,0,1.0,0.0,0.0,0.0,0.0,0.0,0.0,0.0,0.0,0.0,0.0,0.0,0.0
1,0,1.0,0.0,0.0,0.0,0.0,0.0,0.0,0.0,0.0,0.0,0.0,0.0,0.0
1,0,1.0,0.0,0.0,0.0,0.0,0.0,0.0,0.0,0.0,0.0,0.0,0.0,0.0
1,0,1.0,0.0,0.0,0.0,0.0,0.0,0.0,0.0,0.0,0.0,0.0,0.0,0.0
1,0,1.0,0.0,0.0,0.0,0.0,0.0,0.0,0.0,0.0,0.0,0.0,0.0,0.0
1,0,1.0,0.0,0.0,0.0,0.0,0.0,0.0,0.0,0.0,0.0,0.0,0.0,0.0
1,0,1.0,0.0,0.0,0.0,0.0,0.0,0.0,0.0,0.0,0.0,0.0,0.0,0.0
1,0,1.0,0.0,0.0,0.0,0.0,0.0,0.0,0.0,0.0,0.0,0.0,0.0,0.0
1,0,1.0,0.0,0.0,0.0,0.0,0.0,0.0,0.0,0.0,0.0,0.0,0.0,0.0
1,0,1.0,0.0,0.0,0.0,0.0,0.0,0.0,0.0,0.0,0.0,0.0,0.0,0.0
1,0,1.0,0.0,0.0,0.0,0.0,0.0,0.0,0.0,0.0,0.0,0.0,0.0,0.0
1,0,1.0,0.0,0.0,0.0,0.0,0.0,0.0,0.0,0.0,0.0,0.0,0.0,0.0
1,0,1.0,0.0,0.0,0.0,0.0,0.0,0.0,0.0,0.0,0.0,0.0,0.0,0.0
1,0,1.0,0.0,0.0,0.0,0.0,0.0,0.0,0.0,0.0,0.0,0.0,0.0,0.0
1,0,1.0,0.0,0.0,0.0,0.0,0.0,0.0,0.0,0.0,0.0,0.0,0.0,0.0
1,0,1.0,0.0,0.0,0.0,0.0,0.0,0.0,0.0,0.0,0.0,0.0,0.0,0.0
1,0,1.0,0.0,0.0,0.0,0.0,0.0,0.0,0.0,0.0,0.0,0.0,0.0,0.0
1,0,1.0,0.0,0.0,0.0,0.0,0.0,0.0,0.0,0.0,0.0,0.0,0.0,0.0
1,0,1.0,0.0,0.0,0.0,0.0,0.0,0.0,0.0,0.0,0.0,0.0,0.0,0.0
1,0,1.0,0.0,0.0,0.0,0.0,0.0,0.0,0.0,0.0,0.0,0.0,0.0,0.0
1,0,1.0,0.0,0.0,0.0,0.0,0.0,0.0,0.0,0.0,0.0,0.0,0.0,0.0
1,0,1.0,0.0,0.0,0.0,0.0,0.0,0.0,0.0,0.0,0.0,0.0,0.0,0.0
1,0,1.0,0.0,0.0,0.0,0.0,0.0,0.0,0.0,0.0,0.0,0.0,0.0,0.0
1,0,1.0,0.0,0.0,0.0,0.0,0.0,0.0,0.0,0.0,0.0,0.0,0.0,0.0
1,0,1.0,0.0,0.0,0.0,0.0,0.0,0.0,0.0,0.0,0.0,0.0,0.0,0.0
1,0,1.0,0.0,0.0,0.0,0.0,0.0,0.0,0.0,0.0,0.0,0.0,0.0,0.0
1,0,1.0,0.0,0.0,0.0,0.0,0.0,0.0,0.0,0.0,0.0,0.0,0.0,0.0
1,0,1.0,0.0,0.0,0.0,0.0,0.0,0.0,0.0,0.0,0.0,0.0,0.0,0.0
1,0,1.0,0.0,0.0,0.0,0.0,0.0,0.0,0.0,0.0,0.0,0.0,0.0,0.0
1,0,1.0,0.0,0.0,0.0,0.0,0.0,0.0,0.0,0.0,0.0,0.0,0.0,0.0
1,0,1.0,0.0,0.0,0.0,0.0,0.0,0.0,0.0,0.0,0.0,0.0,0.0,0.0
1,0,1.0,0.0,0.0,0.0,0.0,0.0,0.0,0.0,0.0,0.0,0.0,0.0,0.0
1,0,1.0,0.0,0.0,0.0,0.0,0.0,0.0,0.0,0.0,0.0,0.0,0.0,0.0
1,0,1.0,0.0,0.0,0.0,0.0,0.0,0.0,0.0,0.0,0.0,0.0,0.0,0.0
1,0,1.0,0.0,0.0,0.0,0.0,0.0,0.0,0.0,0.0,0.0,0.0,0.0,0.0
1,0,1.0,0.0,0.0,0.0,0.0,0.0,0.0,0.0,0.0,0.0,0.0,0.0,0.0
1,0,1.0,0.0,0.0,0.0,0.0,0.0,0.0,0.0,0.0,0.0,0.0,0.0,0.0
1,0,1.0,0.0,0.0,0.0,0.0,0.0,0.0,0.0,0.0,0.0,0.0,0.0,0.0
1,0,1.0,0.0,0.0,0.0,0.0,0.0,0.0,0.0,0.0,0.0,0.0,0.0,0.0
1,0,1.0,0.0,0.0,0.0,0.0,0.0,0.0,0.0,0.0,0.0,0.0,0.0,0.0
1,0,1.0,0.0,0.0,0.0,0.0,0.0,0.0,0.0,0.0,0.0,0.0,0.0,0.0
1,0,1.0,0.0,0.0,0.0,0.0,0.0,0.0,0.0,0.0,0.0,0.0,0.0,0.0
1,0,1.0,0.0,0.0,0.0,0.0,0.0,0.0,0.0,0.0,0.0,0.0,0.0,0.0
1,0,1.0,0.0,0.0,0.0,0.0,0.0,0.0,0.0,0.0,0.0,0.0,0.0,0.0
1,0,1.0,0.0,0.0,0.0,0.0,0.0,0.0,0.0,0.0,0.0,0.0,0.0,0.0
1,0,1.0,0.0,0.0,0.0,0.0,0.0,0.0,0.0,0.0,0.0,0.0,0.0,0.0
1,0,1.0,0.0,0.0,0.0,0.0,0.0,0.0,0.0,0.0,0.0,0.0,0.0,0.0
1,0,1.0,0.0,0.0,0.0,0.0,0.0,0.0,0.0,0.0,0.0,0.0,0.0,0.0
1,0,1.0,0.0,0.0,0.0,0.0,0.0,0.0,0.0,0.0,0.0,0.0,0.0,0.0
1,0,1.0,0.0,0.0,0.0,0.0,0.0,0.0,0.0,0.0,0.0,0.0,0.0,0.0
1,0,1.0,0.0,0.0,0.0,0.0,0.0,0.0,0.0,0.0,0.0,0.0,0.0,0.0
1,0,1.0,0.0,0.0,0.0,0.0,0.0,0.0,0.0,0.0,0.0,0.0,0.0,0.0
1,0,1.0,0.0,0.0,0.0,0.0,0.0,0.0,0.0,0.0,0.0,0.0,0.0,0.0
1,0,1.0,0.0,0.0,0.0,0.0,0.0,0.0,0.0,0.0,0.0,0.0,0.0,0.0
1,0,1.0,0.0,0.0,0.0,0.0,0.0,0.0,0.0,0.0,0.0,0.0,0.0,0.0
1,0,1.0,0.0,0.0,0.0,0.0,0.0,0.0,0.0,0.0,0.0,0.0,0.0,0.0
1,0,1.0,0.0,0.0,0.0,0.0,0.0,0.0,0.0,0.0,0.0,0.0,0.0,0.0
1,0,1.0,0.0,0.0,0.0,0.0,0.0,0.0,0.0,0.0,0.0,0.0,0.0,0.0
1,0,1.0,0.0,0.0,0.0,0.0,0.0,0.0,0.0,0.0,0.0,0.0,0.0,0.0
1,0,1.0,0.0,0.0,0.0,0.0,0.0,0.0,0.0,0.0,0.0,0.0,0.0,0.0
1,0,1.0,0.0,0.0,0.0,0.0,0.0,0.0,0.0,0.0,0.0,0.0,0.0,0.0
1,0,1.0,0.0,0.0,0.0,0.0,0.0,0.0,0.0,0.0,0.0,0.0,0.0,0.0
1,0,1.0,0.0,0.0,0.0,0.0,0.0,0.0,0.0,0.0,0.0,0.0,0.0,0.0
1,0,1.0,0.0,0.0,0.0,0.0,0.0,0.0,0.0,0.0,0.0,0.0,0.0,0.0
1,0,1.0,0.0,0.0,0.0,0.0,0.0,0.0,0.0,0.0,0.0,0.0,0.0,0.0
1,0,1.0,0.0,0.0,0.0,0.0,0.0,0.0,0.0,0.0,0.0,0.0,0.0,0.0
1,0,1.0,0.0,0.0,0.0,0.0,0.0,0.0,0.0,0.0,0.0,0.0,0.0,0.0
1,0,1.0,0.0,0.0,0.0,0.0,0.0,0.0,0.0,0.0,0.0,0.0,0.0,0.0
1,0,1.0,0.0,0.0,0.0,0.0,0.0,0.0,0.0,0.0,0.0,0.0,0.0,0.0
1,0,1.0,0.0,0.0,0.0,0.0,0.0,0.0,0.0,0.0,0.0,0.0,0.0,0.0
1,0,1.0,0.0,0.0,0.0,0.0,0.0,0.0,0.0,0.0,0.0,0.0,0.0,0.0
1,0,1.0,0.0,0.0,0.0,0.0,0.0,0.0,0.0,0.0,0.0,0.0,0.0,0.0
1,0,1.0,0.0,0.0,0.0,0.0,0.0,0.0,0.0,0.0,0.0,0.0,0.0,0.0
1,0,1.0,0.0,0.0,0.0,0.0,0.0,0.0,0.0,0.0,0.0,0.0,0.0,0.0
1,0,1.0,0.0,0.0,0.0,0.0,0.0,0.0,0.0,0.0,0.0,0.0,0.0,0.0
1,0,1.0,0.0,0.0,0.0,0.0,0.0,0.0,0.0,0.0,0.0,0.0,0.0,0.0
1,0,1.0,0.0,0.0,0.0,0.0,0.0,0.0,0.0,0.0,0.0,0.0,0.0,0.0
1,0,1.0,0.0,0.0,0.0,0.0,0.0,0.0,0.0,0.0,0.0,0.0,0.0,0.0
1,0,1.0,0.0,0.0,0.0,0.0,0.0,0.0,0.0,0.0,0.0,0.0,0.0,0.0
1,0,1.0,0.0,0.0,0.0,0.0,0.0,0.0,0.0,0.0,0.0,0.0,0.0,0.0
1,0,1.0,0.0,0.0,0.0,0.0,0.0,0.0,0.0,0.0,0.0,0.0,0.0,0.0
1,0,1.0,0.0,0.0,0.0,0.0,0.0,0.0,0.0,0.0,0.0,0.0,0.0,0.0
1,0,1.0,0.0,0.0,0.0,0.0,0.0,0.0,0.0,0.0,0.0,0.0,0.0,0.0
1,0,1.0,0.0,0.0,0.0,0.0,0.0,0.0,0.0,0.0,0.0,0.0,0.0,0.0
1,0,1.0,0.0,0.0,0.0,0.0,0.0,0.0,0.0,0.0,0.0,0.0,0.0,0.0
1,0,1.0,0.0,0.0,0.0,0.0,0.0,0.0,0.0,0.0,0.0,0.0,0.0,0.0
1,0,1.0,0.0,0.0,0.0,0.0,0.0,0.0,0.0,0.0,0.0,0.0,0.0,0.0
1,0,1.0,0.0,0.0,0.0,0.0,0.0,0.0,0.0,0.0,0.0,0.0,0.0,0.0
1,0,1.0,0.0,0.0,0.0,0.0,0.0,0.0,0.0,0.0,0.0,0.0,0.0,0.0
1,0,1.0,0.0,0.0,0.0,0.0,0.0,0.0,0.0,0.0,0.0,0.0,0.0,0.0
1,0,1.0,0.0,0.0,0.0,0.0,0.0,0.0,0.0,0.0,0.0,0.0,0.0,0.0
1,0,1.0,0.0,0.0,0.0,0.0,0.0,0.0,0.0,0.0,0.0,0.0,0.0,0.0
1,0,1.0,0.0,0.0,0.0,0.0,0.0,0.0,0.0,0.0,0.0,0.0,0.0,0.0
1,0,1.0,0.0,0.0,0.0,0.0,0.0,0.0,0.0,0.0,0.0,0.0,0.0,0.0
1,0,1.0,0.0,0.0,0.0,0.0,0.0,0.0,0.0,0.0,0.0,0.0,0.0,0.0
1,0,1.0,0.0,0.0,0.0,0.0,0.0,0.0,0.0,0.0,0.0,0.0,0.0,0.0
1,0,1.0,0.0,0.0,0.0,0.0,0.0,0.0,0.0,0.0,0.0,0.0,0.0,0.0
1,0,1.0,0.0,0.0,0.0,0.0,0.0,0.0,0.0,0.0,0.0,0.0,0.0,0.0
1,0,1.0,0.0,0.0,0.0,0.0,0.0,0.0,0.0,0.0,0.0,0.0,0.0,0.0
1,0,1.0,0.0,0.0,0.0,0.0,0.0,0.0,0.0,0.0,0.0,0.0,0.0,0.0
1,0,1.0,0.0,0.0,0.0,0.0,0.0,0.0,0.0,0.0,0.0,0.0,0.0,0.0
1,0,1.0,0.0,0.0,0.0,0.0,0.0,0.0,0.0,0.0,0.0,0.0,0.0,0.0
1,0,1.0,0.0,0.0,0.0,0.0,0.0,0.0,0.0,0.0,0.0,0.0,0.0,0.0
1,0,1.0,0.0,0.0,0.0,0.0,0.0,0.0,0.0,0.0,0.0,0.0,0.0,0.0
1,0,1.0,0.0,0.0,0.0,0.0,0.0,0.0,0.0,0.0,0.0,0.0,0.0,0.0
1,0,1.0,0.0,0.0,0.0,0.0,0.0,0.0,0.0,0.0,0.0,0.0,0.0,0.0
1,0,1.0,0.0,0.0,0.0,0.0,0.0,0.0,0.0,0.0,0.0,0.0,0.0,0.0
1,0,1.0,0.0,0.0,0.0,0.0,0.0,0.0,0.0,0.0,0.0,0.0,0.0,0.0
1,0,1.0,0.0,0.0,0.0,0.0,0.0,0.0,0.0,0.0,0.0,0.0,0.0,0.0
1,0,1.0,0.0,0.0,0.0,0.0,0.0,0.0,0.0,0.0,0.0,0.0,0.0,0.0
1,0,1.0,0.0,0.0,0.0,0.0,0.0,0.0,0.0,0.0,0.0,0.0,0.0,0.0
1,0,1.0,0.0,0.0,0.0,0.0,0.0,0.0,0.0,0.0,0.0,0.0,0.0,0.0
1,0,1.0,0.0,0.0,0.0,0.0,0.0,0.0,0.0,0.0,0.0,0.0,0.0,0.0
1,0,1.0,0.0,0.0,0.0,0.0,0.0,0.0,0.0,0.0,0.0,0.0,0.0,0.0
1,0,1.0,0.0,0.0,0.0,0.0,0.0,0.0,0.0,0.0,0.0,0.0,0.0,0.0
1,0,1.0,0.0,0.0,0.0,0.0,0.0,0.0,0.0,0.0,0.0,0.0,0.0,0.0
1,0,1.0,0.0,0.0,0.0,0.0,0.0,0.0,0.0,0.0,0.0,0.0,0.0,0.0
1,0,1.0,0.0,0.0,0.0,0.0,0.0,0.0,0.0,0.0,0.0,0.0,0.0,0.0
1,0,1.0,0.0,0.0,0.0,0.0,0.0,0.0,0.0,0.0,0.0,0.0,0.0,0.0
1,0,1.0,0.0,0.0,0.0,0.0,0.0,0.0,0.0,0.0,0.0,0.0,0.0,0.0
1,0,1.0,0.0,0.0,0.0,0.0,0.0,0.0,0.0,0.0,0.0,0.0,0.0,0.0
1,0,1.0,0.0,0.0,0.0,0.0,0.0,0.0,0.0,0.0,0.0,0.0,0.0,0.0
1,0,1.0,0.0,0.0,0.0,0.0,0.0,0.0,0.0,0.0,0.0,0.0,0.0,0.0
1,0,1.0,0.0,0.0,0.0,0.0,0.0,0.0,0.0,0.0,0.0,0.0,0.0,0.0
1,0,1.0,0.0,0.0,0.0,0.0,0.0,0.0,0.0,0.0,0.0,0.0,0.0,0.0
1,0,1.0,0.0,0.0,0.0,0.0,0.0,0.0,0.0,0.0,0.0,0.0,0.0,0.0
1,0,1.0,0.0,0.0,0.0,0.0,0.0,0.0,0.0,0.0,0.0,0.0,0.0,0.0
1,0,1.0,0.0,0.0,0.0,0.0,0.0,0.0,0.0,0.0,0.0,0.0,0.0,0.0
1,0,1.0,0.0,0.0,0.0,0.0,0.0,0.0,0.0,0.0,0.0,0.0,0.0,0.0
1,0,1.0,0.0,0.0,0.0,0.0,0.0,0.0,0.0,0.0,0.0,0.0,0.0,0.0
1,0,1.0,0.0,0.0,0.0,0.0,0.0,0.0,0.0,0.0,0.0,0.0,0.0,0.0
1,0,1.0,0.0,0.0,0.0,0.0,0.0,0.0,0.0,0.0,0.0,0.0,0.0,0.0
1,0,1.0,0.0,0.0,0.0,0.0,0.0,0.0,0.0,0.0,0.0,0.0,0.0,0.0
1,0,1.0,0.0,0.0,0.0,0.0,0.0,0.0,0.0,0.0,0.0,0.0,0.0,0.0
1,0,1.0,0.0,0.0,0.0,0.0,0.0,0.0,0.0,0.0,0.0,0.0,0.0,0.0
1,0,1.0,0.0,0.0,0.0,0.0,0.0,0.0,0.0,0.0,0.0,0.0,0.0,0.0
1,0,1.0,0.0,0.0,0.0,0.0,0.0,0.0,0.0,0.0,0.0,0.0,0.0,0.0
1,0,1.0,0.0,0.0,0.0,0.0,0.0,0.0,0.0,0.0,0.0,0.0,0.0,0.0
1,0,1.0,0.0,0.0,0.0,0.0,0.0,0.0,0.0,0.0,0.0,0.0,0.0,0.0
1,0,1.0,0.0,0.0,0.0,0.0,0.0,0.0,0.0,0.0,0.0,0.0,0.0,0.0
1,0,1.0,0.0,0.0,0.0,0.0,0.0,0.0,0.0,0.0,0.0,0.0,0.0,0.0
1,0,1.0,0.0,0.0,0.0,0.0,0.0,0.0,0.0,0.0,0.0,0.0,0.0,0.0
1,0,1.0,0.0,0.0,0.0,0.0,0.0,0.0,0.0,0.0,0.0,0.0,0.0,0.0
1,0,1.0,0.0,0.0,0.0,0.0,0.0,0.0,0.0,0.0,0.0,0.0,0.0,0.0
1,0,1.0,0.0,0.0,0.0,0.0,0.0,0.0,0.0,0.0,0.0,0.0,0.0,0.0
1,0,1.0,0.0,0.0,0.0,0.0,0.0,0.0,0.0,0.0,0.0,0.0,0.0,0.0
1,0,1.0,0.0,0.0,0.0,0.0,0.0,0.0,0.0,0.0,0.0,0.0,0.0,0.0
1,0,1.0,0.0,0.0,0.0,0.0,0.0,0.0,0.0,0.0,0.0,0.0,0.0,0.0
1,0,1.0,0.0,0.0,0.0,0.0,0.0,0.0,0.0,0.0,0.0,0.0,0.0,0.0
1,0,1.0,0.0,0.0,0.0,0.0,0.0,0.0,0.0,0.0,0.0,0.0,0.0,0.0
1,0,1.0,0.0,0.0,0.0,0.0,0.0,0.0,0.0,0.0,0.0,0.0,0.0,0.0
1,0,1.0,0.0,0.0,0.0,0.0,0.0,0.0,0.0,0.0,0.0,0.0,0.0,0.0
1,0,1.0,0.0,0.0,0.0,0.0,0.0,0.0,0.0,0.0,0.0,0.0,0.0,0.0
1,0,1.0,0.0,0.0,0.0,0.0,0.0,0.0,0.0,0.0,0.0,0.0,0.0,0.0
1,0,1.0,0.0,0.0,0.0,0.0,0.0,0.0,0.0,0.0,0.0,0.0,0.0,0.0
1,0,1.0,0.0,0.0,0.0,0.0,0.0,0.0,0.0,0.0,0.0,0.0,0.0,0.0
1,0,1.0,0.0,0.0,0.0,0.0,0.0,0.0,0.0,0.0,0.0,0.0,0.0,0.0
1,0,1.0,0.0,0.0,0.0,0.0,0.0,0.0,0.0,0.0,0.0,0.0,0.0,0.0
1,0,1.0,0.0,0.0,0.0,0.0,0.0,0.0,0.0,0.0,0.0,0.0,0.0,0.0
1,0,1.0,0.0,0.0,0.0,0.0,0.0,0.0,0.0,0.0,0.0,0.0,0.0,0.0
1,0,1.0,0.0,0.0,0.0,0.0,0.0,0.0,0.0,0.0,0.0,0.0,0.0,0.0
1,0,1.0,0.0,0.0,0.0,0.0,0.0,0.0,0.0,0.0,0.0,0.0,0.0,0.0
1,0,1.0,0.0,0.0,0.0,0.0,0.0,0.0,0.0,0.0,0.0,0.0,0.0,0.0
1,0,1.0,0.0,0.0,0.0,0.0,0.0,0.0,0.0,0.0,0.0,0.0,0.0,0.0
1,0,1.0,0.0,0.0,0.0,0.0,0.0,0.0,0.0,0.0,0.0,0.0,0.0,0.0
1,0,1.0,0.0,0.0,0.0,0.0,0.0,0.0,0.0,0.0,0.0,0.0,0.0,0.0
1,0,1.0,0.0,0.0,0.0,0.0,0.0,0.0,0.0,0.0,0.0,0.0,0.0,0.0
1,0,1.0,0.0,0.0,0.0,0.0,0.0,0.0,0.0,0.0,0.0,0.0,0.0,0.0
1,0,1.0,0.0,0.0,0.0,0.0,0.0,0.0,0.0,0.0,0.0,0.0,0.0,0.0
1,0,1.0,0.0,0.0,0.0,0.0,0.0,0.0,0.0,0.0,0.0,0.0,0.0,0.0
1,0,1.0,0.0,0.0,0.0,0.0,0.0,0.0,0.0,0.0,0.0,0.0,0.0,0.0
1,0,1.0,0.0,0.0,0.0,0.0,0.0,0.0,0.0,0.0,0.0,0.0,0.0,0.0
1,0,1.0,0.0,0.0,0.0,0.0,0.0,0.0,0.0,0.0,0.0,0.0,0.0,0.0
1,0,1.0,0.0,0.0,0.0,0.0,0.0,0.0,0.0,0.0,0.0,0.0,0.0,0.0
1,0,1.0,0.0,0.0,0.0,0.0,0.0,0.0,0.0,0.0,0.0,0.0,0.0,0.0
1,0,1.0,0.0,0.0,0.0,0.0,0.0,0.0,0.0,0.0,0.0,0.0,0.0,0.0
1,0,1.0,0.0,0.0,0.0,0.0,0.0,0.0,0.0,0.0,0.0,0.0,0.0,0.0
1,0,1.0,0.0,0.0,0.0,0.0,0.0,0.0,0.0,0.0,0.0,0.0,0.0,0.0
1,0,1.0,0.0,0.0,0.0,0.0,0.0,0.0,0.0,0.0,0.0,0.0,0.0,0.0
1,0,1.0,0.0,0.0,0.0,0.0,0.0,0.0,0.0,0.0,0.0,0.0,0.0,0.0
1,0,1.0,0.0,0.0,0.0,0.0,0.0,0.0,0.0,0.0,0.0,0.0,0.0,0.0
1,0,1.0,0.0,0.0,0.0,0.0,0.0,0.0,0.0,0.0,0.0,0.0,0.0,0.0
1,0,1.0,0.0,0.0,0.0,0.0,0.0,0.0,0.0,0.0,0.0,0.0,0.0,0.0
1,0,1.0,0.0,0.0,0.0,0.0,0.0,0.0,0.0,0.0,0.0,0.0,0.0,0.0
1,0,1.0,0.0,0.0,0.0,0.0,0.0,0.0,0.0,0.0,0.0,0.0,0.0,0.0
1,0,1.0,0.0,0.0,0.0,0.0,0.0,0.0,0.0,0.0,0.0,0.0,0.0,0.0
1,0,1.0,0.0,0.0,0.0,0.0,0.0,0.0,0.0,0.0,0.0,0.0,0.0,0.0
1,0,1.0,0.0,0.0,0.0,0.0,0.0,0.0,0.0,0.0,0.0,0.0,0.0,0.0
1,0,1.0,0.0,0.0,0.0,0.0,0.0,0.0,0.0,0.0,0.0,0.0,0.0,0.0
1,0,1.0,0.0,0.0,0.0,0.0,0.0,0.0,0.0,0.0,0.0,0.0,0.0,0.0
1,0,1.0,0.0,0.0,0.0,0.0,0.0,0.0,0.0,0.0,0.0,0.0,0.0,0.0
1,0,1.0,0.0,0.0,0.0,0.0,0.0,0.0,0.0,0.0,0.0,0.0,0.0,0.0
1,0,1.0,0.0,0.0,0.0,0.0,0.0,0.0,0.0,0.0,0.0,0.0,0.0,0.0
1,0,1.0,0.0,0.0,0.0,0.0,0.0,0.0,0.0,0.0,0.0,0.0,0.0,0.0
1,0,1.0,0.0,0.0,0.0,0.0,0.0,0.0,0.0,0.0,0.0,0.0,0.0,0.0
1,0,1.0,0.0,0.0,0.0,0.0,0.0,0.0,0.0,0.0,0.0,0.0,0.0,0.0
1,0,1.0,0.0,0.0,0.0,0.0,0.0,0.0,0.0,0.0,0.0,0.0,0.0,0.0
1,0,1.0,0.0,0.0,0.0,0.0,0.0,0.0,0.0,0.0,0.0,0.0,0.0,0.0
1,0,1.0,0.0,0.0,0.0,0.0,0.0,0.0,0.0,0.0,0.0,0.0,0.0,0.0
1,0,1.0,0.0,0.0,0.0,0.0,0.0,0.0,0.0,0.0,0.0,0.0,0.0,0.0
1,0,1.0,0.0,0.0,0.0,0.0,0.0,0.0,0.0,0.0,0.0,0.0,0.0,0.0
1,0,1.0,0.0,0.0,0.0,0.0,0.0,0.0,0.0,0.0,0.0,0.0,0.0,0.0
1,0,1.0,0.0,0.0,0.0,0.0,0.0,0.0,0.0,0.0,0.0,0.0,0.0,0.0
1,0,1.0,0.0,0.0,0.0,0.0,0.0,0.0,0.0,0.0,0.0,0.0,0.0,0.0
1,0,1.0,0.0,0.0,0.0,0.0,0.0,0.0,0.0,0.0,0.0,0.0,0.0,0.0
1,0,1.0,0.0,0.0,0.0,0.0,0.0,0.0,0.0,0.0,0.0,0.0,0.0,0.0
1,0,1.0,0.0,0.0,0.0,0.0,0.0,0.0,0.0,0.0,0.0,0.0,0.0,0.0
1,0,1.0,0.0,0.0,0.0,0.0,0.0,0.0,0.0,0.0,0.0,0.0,0.0,0.0
1,0,1.0,0.0,0.0,0.0,0.0,0.0,0.0,0.0,0.0,0.0,0.0,0.0,0.0
1,0,1.0,0.0,0.0,0.0,0.0,0.0,0.0,0.0,0.0,0.0,0.0,0.0,0.0
1,0,1.0,0.0,0.0,0.0,0.0,0.0,0.0,0.0,0.0,0.0,0.0,0.0,0.0
1,0,1.0,0.0,0.0,0.0,0.0,0.0,0.0,0.0,0.0,0.0,0.0,0.0,0.0
1,0,1.0,0.0,0.0,0.0,0.0,0.0,0.0,0.0,0.0,0.0,0.0,0.0,0.0
1,0,1.0,0.0,0.0,0.0,0.0,0.0,0.0,0.0,0.0,0.0,0.0,0.0,0.0
1,0,1.0,0.0,0.0,0.0,0.0,0.0,0.0,0.0,0.0,0.0,0.0,0.0,0.0
1,0,1.0,0.0,0.0,0.0,0.0,0.0,0.0,0.0,0.0,0.0,0.0,0.0,0.0
1,0,1.0,0.0,0.0,0.0,0.0,0.0,0.0,0.0,0.0,0.0,0.0,0.0,0.0
1,0,1.0,0.0,0.0,0.0,0.0,0.0,0.0,0.0,0.0,0.0,0.0,0.0,0.0
1,0,1.0,0.0,0.0,0.0,0.0,0.0,0.0,0.0,0.0,0.0,0.0,0.0,0.0
1,0,1.0,0.0,0.0,0.0,0.0,0.0,0.0,0.0,0.0,0.0,0.0,0.0,0.0
1,0,1.0,0.0,0.0,0.0,0.0,0.0,0.0,0.0,0.0,0.0,0.0,0.0,0.0
1,0,1.0,0.0,0.0,0.0,0.0,0.0,0.0,0.0,0.0,0.0,0.0,0.0,0.0
1,0,1.0,0.0,0.0,0.0,0.0,0.0,0.0,0.0,0.0,0.0,0.0,0.0,0.0
1,0,1.0,0.0,0.0,0.0,0.0,0.0,0.0,0.0,0.0,0.0,0.0,0.0,0.0
1,0,1.0,0.0,0.0,0.0,0.0,0.0,0.0,0.0,0.0,0.0,0.0,0.0,0.0
1,0,1.0,0.0,0.0,0.0,0.0,0.0,0.0,0.0,0.0,0.0,0.0,0.0,0.0
1,0,1.0,0.0,0.0,0.0,0.0,0.0,0.0,0.0,0.0,0.0,0.0,0.0,0.0
1,0,1.0,0.0,0.0,0.0,0.0,0.0,0.0,0.0,0.0,0.0,0.0,0.0,0.0
1,0,1.0,0.0,0.0,0.0,0.0,0.0,0.0,0.0,0.0,0.0,0.0,0.0,0.0
1,0,1.0,0.0,0.0,0.0,0.0,0.0,0.0,0.0,0.0,0.0,0.0,0.0,0.0
1,0,1.0,0.0,0.0,0.0,0.0,0.0,0.0,0.0,0.0,0.0,0.0,0.0,0.0
1,0,1.0,0.0,0.0,0.0,0.0,0.0,0.0,0.0,0.0,0.0,0.0,0.0,0.0
1,0,1.0,0.0,0.0,0.0,0.0,0.0,0.0,0.0,0.0,0.0,0.0,0.0,0.0
1,0,1.0,0.0,0.0,0.0,0.0,0.0,0.0,0.0,0.0,0.0,0.0,0.0,0.0
1,0,1.0,0.0,0.0,0.0,0.0,0.0,0.0,0.0,0.0,0.0,0.0,0.0,0.0
1,0,1.0,0.0,0.0,0.0,0.0,0.0,0.0,0.0,0.0,0.0,0.0,0.0,0.0
1,0,1.0,0.0,0.0,0.0,0.0,0.0,0.0,0.0,0.0,0.0,0.0,0.0,0.0
1,0,1.0,0.0,0.0,0.0,0.0,0.0,0.0,0.0,0.0,0.0,0.0,0.0,0.0
1,0,1.0,0.0,0.0,0.0,0.0,0.0,0.0,0.0,0.0,0.0,0.0,0.0,0.0
1,0,1.0,0.0,0.0,0.0,0.0,0.0,0.0,0.0,0.0,0.0,0.0,0.0,0.0
1,0,1.0,0.0,0.0,0.0,0.0,0.0,0.0,0.0,0.0,0.0,0.0,0.0,0.0
1,0,1.0,0.0,0.0,0.0,0.0,0.0,0.0,0.0,0.0,0.0,0.0,0.0,0.0
1,0,1.0,0.0,0.0,0.0,0.0,0.0,0.0,0.0,0.0,0.0,0.0,0.0,0.0
1,0,1.0,0.0,0.0,0.0,0.0,0.0,0.0,0.0,0.0,0.0,0.0,0.0,0.0
1,0,1.0,0.0,0.0,0.0,0.0,0.0,0.0,0.0,0.0,0.0,0.0,0.0,0.0
1,0,1.0,0.0,0.0,0.0,0.0,0.0,0.0,0.0,0.0,0.0,0.0,0.0,0.0
1,0,1.0,0.0,0.0,0.0,0.0,0.0,0.0,0.0,0.0,0.0,0.0,0.0,0.0
1,0,1.0,0.0,0.0,0.0,0.0,0.0,0.0,0.0,0.0,0.0,0.0,0.0,0.0
1,0,1.0,0.0,0.0,0.0,0.0,0.0,0.0,0.0,0.0,0.0,0.0,0.0,0.0
1,0,1.0,0.0,0.0,0.0,0.0,0.0,0.0,0.0,0.0,0.0,0.0,0.0,0.0
1,0,1.0,0.0,0.0,0.0,0.0,0.0,0.0,0.0,0.0,0.0,0.0,0.0,0.0
1,0,1.0,0.0,0.0,0.0,0.0,0.0,0.0,0.0,0.0,0.0,0.0,0.0,0.0
1,0,1.0,0.0,0.0,0.0,0.0,0.0,0.0,0.0,0.0,0.0,0.0,0.0,0.0
1,0,1.0,0.0,0.0,0.0,0.0,0.0,0.0,0.0,0.0,0.0,0.0,0.0,0.0
1,0,1.0,0.0,0.0,0.0,0.0,0.0,0.0,0.0,0.0,0.0,0.0,0.0,0.0
1,0,1.0,0.0,0.0,0.0,0.0,0.0,0.0,0.0,0.0,0.0,0.0,0.0,0.0
1,0,1.0,0.0,0.0,0.0,0.0,0.0,0.0,0.0,0.0,0.0,0.0,0.0,0.0
1,0,1.0,0.0,0.0,0.0,0.0,0.0,0.0,0.0,0.0,0.0,0.0,0.0,0.0
1,0,1.0,0.0,0.0,0.0,0.0,0.0,0.0,0.0,0.0,0.0,0.0,0.0,0.0
1,0,1.0,0.0,0.0,0.0,0.0,0.0,0.0,0.0,0.0,0.0,0.0,0.0,0.0
1,0,1.0,0.0,0.0,0.0,0.0,0.0,0.0,0.0,0.0,0.0,0.0,0.0,0.0
1,0,1.0,0.0,0.0,0.0,0.0,0.0,0.0,0.0,0.0,0.0,0.0,0.0,0.0
1,0,1.0,0.0,0.0,0.0,0.0,0.0,0.0,0.0,0.0,0.0,0.0,0.0,0.0
1,0,1.0,0.0,0.0,0.0,0.0,0.0,0.0,0.0,0.0,0.0,0.0,0.0,0.0
1,0,1.0,0.0,0.0,0.0,0.0,0.0,0.0,0.0,0.0,0.0,0.0,0.0,0.0
1,0,1.0,0.0,0.0,0.0,0.0,0.0,0.0,0.0,0.0,0.0,0.0,0.0,0.0
1,0,1.0,0.0,0.0,0.0,0.0,0.0,0.0,0.0,0.0,0.0,0.0,0.0,0.0
1,0,1.0,0.0,0.0,0.0,0.0,0.0,0.0,0.0,0.0,0.0,0.0,0.0,0.0
1,0,1.0,0.0,0.0,0.0,0.0,0.0,0.0,0.0,0.0,0.0,0.0,0.0,0.0
1,0,1.0,0.0,0.0,0.0,0.0,0.0,0.0,0.0,0.0,0.0,0.0,0.0,0.0
1,0,1.0,0.0,0.0,0.0,0.0,0.0,0.0,0.0,0.0,0.0,0.0,0.0,0.0
1,0,1.0,0.0,0.0,0.0,0.0,0.0,0.0,0.0,0.0,0.0,0.0,0.0,0.0
1,0,1.0,0.0,0.0,0.0,0.0,0.0,0.0,0.0,0.0,0.0,0.0,0.0,0.0
1,0,1.0,0.0,0.0,0.0,0.0,0.0,0.0,0.0,0.0,0.0,0.0,0.0,0.0
1,0,1.0,0.0,0.0,0.0,0.0,0.0,0.0,0.0,0.0,0.0,0.0,0.0,0.0
1,0,1.0,0.0,0.0,0.0,0.0,0.0,0.0,0.0,0.0,0.0,0.0,0.0,0.0
1,0,1.0,0.0,0.0,0.0,0.0,0.0,0.0,0.0,0.0,0.0,0.0,0.0,0.0
1,0,1.0,0.0,0.0,0.0,0.0,0.0,0.0,0.0,0.0,0.0,0.0,0.0,0.0
1,0,1.0,0.0,0.0,0.0,0.0,0.0,0.0,0.0,0.0,0.0,0.0,0.0,0.0
1,0,1.0,0.0,0.0,0.0,0.0,0.0,0.0,0.0,0.0,0.0,0.0,0.0,0.0
1,0,1.0,0.0,0.0,0.0,0.0,0.0,0.0,0.0,0.0,0.0,0.0,0.0,0.0
1,0,1.0,0.0,0.0,0.0,0.0,0.0,0.0,0.0,0.0,0.0,0.0,0.0,0.0
1,0,1.0,0.0,0.0,0.0,0.0,0.0,0.0,0.0,0.0,0.0,0.0,0.0,0.0
1,0,1.0,0.0,0.0,0.0,0.0,0.0,0.0,0.0,0.0,0.0,0.0,0.0,0.0
1,0,1.0,0.0,0.0,0.0,0.0,0.0,0.0,0.0,0.0,0.0,0.0,0.0,0.0
1,0,1.0,0.0,0.0,0.0,0.0,0.0,0.0,0.0,0.0,0.0,0.0,0.0,0.0
1,0,1.0,0.0,0.0,0.0,0.0,0.0,0.0,0.0,0.0,0.0,0.0,0.0,0.0
1,0,1.0,0.0,0.0,0.0,0.0,0.0,0.0,0.0,0.0,0.0,0.0,0.0,0.0
1,0,1.0,0.0,0.0,0.0,0.0,0.0,0.0,0.0,0.0,0.0,0.0,0.0,0.0
1,0,1.0,0.0,0.0,0.0,0.0,0.0,0.0,0.0,0.0,0.0,0.0,0.0,0.0
1,0,1.0,0.0,0.0,0.0,0.0,0.0,0.0,0.0,0.0,0.0,0.0,0.0,0.0
1,0,1.0,0.0,0.0,0.0,0.0,0.0,0.0,0.0,0.0,0.0,0.0,0.0,0.0
1,0,1.0,0.0,0.0,0.0,0.0,0.0,0.0,0.0,0.0,0.0,0.0,0.0,0.0
1,0,1.0,0.0,0.0,0.0,0.0,0.0,0.0,0.0,0.0,0.0,0.0,0.0,0.0
1,0,1.0,0.0,0.0,0.0,0.0,0.0,0.0,0.0,0.0,0.0,0.0,0.0,0.0
1,0,1.0,0.0,0.0,0.0,0.0,0.0,0.0,0.0,0.0,0.0,0.0,0.0,0.0
1,0,1.0,0.0,0.0,0.0,0.0,0.0,0.0,0.0,0.0,0.0,0.0,0.0,0.0
1,0,1.0,0.0,0.0,0.0,0.0,0.0,0.0,0.0,0.0,0.0,0.0,0.0,0.0
1,0,1.0,0.0,0.0,0.0,0.0,0.0,0.0,0.0,0.0,0.0,0.0,0.0,0.0
1,0,1.0,0.0,0.0,0.0,0.0,0.0,0.0,0.0,0.0,0.0,0.0,0.0,0.0
1,0,1.0,0.0,0.0,0.0,0.0,0.0,0.0,0.0,0.0,0.0,0.0,0.0,0.0
1,0,1.0,0.0,0.0,0.0,0.0,0.0,0.0,0.0,0.0,0.0,0.0,0.0,0.0
1,0,1.0,0.0,0.0,0.0,0.0,0.0,0.0,0.0,0.0,0.0,0.0,0.0,0.0
1,0,1.0,0.0,0.0,0.0,0.0,0.0,0.0,0.0,0.0,0.0,0.0,0.0,0.0
1,0,1.0,0.0,0.0,0.0,0.0,0.0,0.0,0.0,0.0,0.0,0.0,0.0,0.0
1,0,1.0,0.0,0.0,0.0,0.0,0.0,0.0,0.0,0.0,0.0,0.0,0.0,0.0
1,0,1.0,0.0,0.0,0.0,0.0,0.0,0.0,0.0,0.0,0.0,0.0,0.0,0.0
1,0,1.0,0.0,0.0,0.0,0.0,0.0,0.0,0.0,0.0,0.0,0.0,0.0,0.0
1,0,1.0,0.0,0.0,0.0,0.0,0.0,0.0,0.0,0.0,0.0,0.0,0.0,0.0
1,0,1.0,0.0,0.0,0.0,0.0,0.0,0.0,0.0,0.0,0.0,0.0,0.0,0.0
1,0,1.0,0.0,0.0,0.0,0.0,0.0,0.0,0.0,0.0,0.0,0.0,0.0,0.0
1,0,1.0,0.0,0.0,0.0,0.0,0.0,0.0,0.0,0.0,0.0,0.0,0.0,0.0
1,0,1.0,0.0,0.0,0.0,0.0,0.0,0.0,0.0,0.0,0.0,0.0,0.0,0.0
1,0,1.0,0.0,0.0,0.0,0.0,0.0,0.0,0.0,0.0,0.0,0.0,0.0,0.0
1,0,1.0,0.0,0.0,0.0,0.0,0.0,0.0,0.0,0.0,0.0,0.0,0.0,0.0
1,0,1.0,0.0,0.0,0.0,0.0,0.0,0.0,0.0,0.0,0.0,0.0,0.0,0.0
1,0,1.0,0.0,0.0,0.0,0.0,0.0,0.0,0.0,0.0,0.0,0.0,0.0,0.0
1,0,1.0,0.0,0.0,0.0,0.0,0.0,0.0,0.0,0.0,0.0,0.0,0.0,0.0
1,0,1.0,0.0,0.0,0.0,0.0,0.0,0.0,0.0,0.0,0.0,0.0,0.0,0.0
1,0,1.0,0.0,0.0,0.0,0.0,0.0,0.0,0.0,0.0,0.0,0.0,0.0,0.0
1,0,1.0,0.0,0.0,0.0,0.0,0.0,0.0,0.0,0.0,0.0,0.0,0.0,0.0
1,0,1.0,0.0,0.0,0.0,0.0,0.0,0.0,0.0,0.0,0.0,0.0,0.0,0.0
1,0,1.0,0.0,0.0,0.0,0.0,0.0,0.0,0.0,0.0,0.0,0.0,0.0,0.0
1,0,1.0,0.0,0.0,0.0,0.0,0.0,0.0,0.0,0.0,0.0,0.0,0.0,0.0
1,0,1.0,0.0,0.0,0.0,0.0,0.0,0.0,0.0,0.0,0.0,0.0,0.0,0.0
1,0,1.0,0.0,0.0,0.0,0.0,0.0,0.0,0.0,0.0,0.0,0.0,0.0,0.0
1,0,1.0,0.0,0.0,0.0,0.0,0.0,0.0,0.0,0.0,0.0,0.0,0.0,0.0
1,0,1.0,0.0,0.0,0.0,0.0,0.0,0.0,0.0,0.0,0.0,0.0,0.0,0.0
1,0,1.0,0.0,0.0,0.0,0.0,0.0,0.0,0.0,0.0,0.0,0.0,0.0,0.0
1,0,1.0,0.0,0.0,0.0,0.0,0.0,0.0,0.0,0.0,0.0,0.0,0.0,0.0
1,0,1.0,0.0,0.0,0.0,0.0,0.0,0.0,0.0,0.0,0.0,0.0,0.0,0.0
1,0,1.0,0.0,0.0,0.0,0.0,0.0,0.0,0.0,0.0,0.0,0.0,0.0,0.0
1,0,1.0,0.0,0.0,0.0,0.0,0.0,0.0,0.0,0.0,0.0,0.0,0.0,0.0
1,0,1.0,0.0,0.0,0.0,0.0,0.0,0.0,0.0,0.0,0.0,0.0,0.0,0.0
1,0,1.0,0.0,0.0,0.0,0.0,0.0,0.0,0.0,0.0,0.0,0.0,0.0,0.0
1,0,1.0,0.0,0.0,0.0,0.0,0.0,0.0,0.0,0.0,0.0,0.0,0.0,0.0
1,0,1.0,0.0,0.0,0.0,0.0,0.0,0.0,0.0,0.0,0.0,0.0,0.0,0.0
1,0,1.0,0.0,0.0,0.0,0.0,0.0,0.0,0.0,0.0,0.0,0.0,0.0,0.0
1,0,1.0,0.0,0.0,0.0,0.0,0.0,0.0,0.0,0.0,0.0,0.0,0.0,0.0
1,0,1.0,0.0,0.0,0.0,0.0,0.0,0.0,0.0,0.0,0.0,0.0,0.0,0.0
1,0,1.0,0.0,0.0,0.0,0.0,0.0,0.0,0.0,0.0,0.0,0.0,0.0,0.0
1,0,1.0,0.0,0.0,0.0,0.0,0.0,0.0,0.0,0.0,0.0,0.0,0.0,0.0
1,0,1.0,0.0,0.0,0.0,0.0,0.0,0.0,0.0,0.0,0.0,0.0,0.0,0.0
1,0,1.0,0.0,0.0,0.0,0.0,0.0,0.0,0.0,0.0,0.0,0.0,0.0,0.0
1,0,1.0,0.0,0.0,0.0,0.0,0.0,0.0,0.0,0.0,0.0,0.0,0.0,0.0
1,0,1.0,0.0,0.0,0.0,0.0,0.0,0.0,0.0,0.0,0.0,0.0,0.0,0.0
1,0,1.0,0.0,0.0,0.0,0.0,0.0,0.0,0.0,0.0,0.0,0.0,0.0,0.0
1,0,1.0,0.0,0.0,0.0,0.0,0.0,0.0,0.0,0.0,0.0,0.0,0.0,0.0
1,0,1.0,0.0,0.0,0.0,0.0,0.0,0.0,0.0,0.0,0.0,0.0,0.0,0.0
1,0,1.0,0.0,0.0,0.0,0.0,0.0,0.0,0.0,0.0,0.0,0.0,0.0,0.0
1,0,1.0,0.0,0.0,0.0,0.0,0.0,0.0,0.0,0.0,0.0,0.0,0.0,0.0
1,0,1.0,0.0,0.0,0.0,0.0,0.0,0.0,0.0,0.0,0.0,0.0,0.0,0.0
1,0,1.0,0.0,0.0,0.0,0.0,0.0,0.0,0.0,0.0,0.0,0.0,0.0,0.0
1,0,1.0,0.0,0.0,0.0,0.0,0.0,0.0,0.0,0.0,0.0,0.0,0.0,0.0
1,0,1.0,0.0,0.0,0.0,0.0,0.0,0.0,0.0,0.0,0.0,0.0,0.0,0.0
1,0,1.0,0.0,0.0,0.0,0.0,0.0,0.0,0.0,0.0,0.0,0.0,0.0,0.0
1,0,1.0,0.0,0.0,0.0,0.0,0.0,0.0,0.0,0.0,0.0,0.0,0.0,0.0
1,0,1.0,0.0,0.0,0.0,0.0,0.0,0.0,0.0,0.0,0.0,0.0,0.0,0.0
1,0,1.0,0.0,0.0,0.0,0.0,0.0,0.0,0.0,0.0,0.0,0.0,0.0,0.0
1,0,1.0,0.0,0.0,0.0,0.0,0.0,0.0,0.0,0.0,0.0,0.0,0.0,0.0
1,0,1.0,0.0,0.0,0.0,0.0,0.0,0.0,0.0,0.0,0.0,0.0,0.0,0.0
1,0,1.0,0.0,0.0,0.0,0.0,0.0,0.0,0.0,0.0,0.0,0.0,0.0,0.0
1,0,1.0,0.0,0.0,0.0,0.0,0.0,0.0,0.0,0.0,0.0,0.0,0.0,0.0
1,0,1.0,0.0,0.0,0.0,0.0,0.0,0.0,0.0,0.0,0.0,0.0,0.0,0.0
1,0,1.0,0.0,0.0,0.0,0.0,0.0,0.0,0.0,0.0,0.0,0.0,0.0,0.0
1,0,1.0,0.0,0.0,0.0,0.0,0.0,0.0,0.0,0.0,0.0,0.0,0.0,0.0
1,0,1.0,0.0,0.0,0.0,0.0,0.0,0.0,0.0,0.0,0.0,0.0,0.0,0.0
1,0,1.0,0.0,0.0,0.0,0.0,0.0,0.0,0.0,0.0,0.0,0.0,0.0,0.0
1,0,1.0,0.0,0.0,0.0,0.0,0.0,0.0,0.0,0.0,0.0,0.0,0.0,0.0
1,0,1.0,0.0,0.0,0.0,0.0,0.0,0.0,0.0,0.0,0.0,0.0,0.0,0.0
1,0,1.0,0.0,0.0,0.0,0.0,0.0,0.0,0.0,0.0,0.0,0.0,0.0,0.0
1,0,1.0,0.0,0.0,0.0,0.0,0.0,0.0,0.0,0.0,0.0,0.0,0.0,0.0
1,0,1.0,0.0,0.0,0.0,0.0,0.0,0.0,0.0,0.0,0.0,0.0,0.0,0.0
1,0,1.0,0.0,0.0,0.0,0.0,0.0,0.0,0.0,0.0,0.0,0.0,0.0,0.0
1,0,1.0,0.0,0.0,0.0,0.0,0.0,0.0,0.0,0.0,0.0,0.0,0.0,0.0
1,0,1.0,0.0,0.0,0.0,0.0,0.0,0.0,0.0,0.0,0.0,0.0,0.0,0.0
1,0,1.0,0.0,0.0,0.0,0.0,0.0,0.0,0.0,0.0,0.0,0.0,0.0,0.0
1,0,1.0,0.0,0.0,0.0,0.0,0.0,0.0,0.0,0.0,0.0,0.0,0.0,0.0
1,0,1.0,0.0,0.0,0.0,0.0,0.0,0.0,0.0,0.0,0.0,0.0,0.0,0.0
1,0,1.0,0.0,0.0,0.0,0.0,0.0,0.0,0.0,0.0,0.0,0.0,0.0,0.0
1,0,1.0,0.0,0.0,0.0,0.0,0.0,0.0,0.0,0.0,0.0,0.0,0.0,0.0
1,0,1.0,0.0,0.0,0.0,0.0,0.0,0.0,0.0,0.0,0.0,0.0,0.0,0.0
1,0,1.0,0.0,0.0,0.0,0.0,0.0,0.0,0.0,0.0,0.0,0.0,0.0,0.0
1,0,1.0,0.0,0.0,0.0,0.0,0.0,0.0,0.0,0.0,0.0,0.0,0.0,0.0
1,0,1.0,0.0,0.0,0.0,0.0,0.0,0.0,0.0,0.0,0.0,0.0,0.0,0.0
1,0,1.0,0.0,0.0,0.0,0.0,0.0,0.0,0.0,0.0,0.0,0.0,0.0,0.0
1,0,1.0,0.0,0.0,0.0,0.0,0.0,0.0,0.0,0.0,0.0,0.0,0.0,0.0
1,0,1.0,0.0,0.0,0.0,0.0,0.0,0.0,0.0,0.0,0.0,0.0,0.0,0.0
1,0,1.0,0.0,0.0,0.0,0.0,0.0,0.0,0.0,0.0,0.0,0.0,0.0,0.0
1,0,1.0,0.0,0.0,0.0,0.0,0.0,0.0,0.0,0.0,0.0,0.0,0.0,0.0
1,0,1.0,0.0,0.0,0.0,0.0,0.0,0.0,0.0,0.0,0.0,0.0,0.0,0.0
1,0,1.0,0.0,0.0,0.0,0.0,0.0,0.0,0.0,0.0,0.0,0.0,0.0,0.0
1,0,1.0,0.0,0.0,0.0,0.0,0.0,0.0,0.0,0.0,0.0,0.0,0.0,0.0
1,0,1.0,0.0,0.0,0.0,0.0,0.0,0.0,0.0,0.0,0.0,0.0,0.0,0.0
1,0,1.0,0.0,0.0,0.0,0.0,0.0,0.0,0.0,0.0,0.0,0.0,0.0,0.0
1,0,1.0,0.0,0.0,0.0,0.0,0.0,0.0,0.0,0.0,0.0,0.0,0.0,0.0
1,0,1.0,0.0,0.0,0.0,0.0,0.0,0.0,0.0,0.0,0.0,0.0,0.0,0.0
1,0,1.0,0.0,0.0,0.0,0.0,0.0,0.0,0.0,0.0,0.0,0.0,0.0,0.0
1,0,1.0,0.0,0.0,0.0,0.0,0.0,0.0,0.0,0.0,0.0,0.0,0.0,0.0
1,0,1.0,0.0,0.0,0.0,0.0,0.0,0.0,0.0,0.0,0.0,0.0,0.0,0.0
1,0,1.0,0.0,0.0,0.0,0.0,0.0,0.0,0.0,0.0,0.0,0.0,0.0,0.0
1,0,1.0,0.0,0.0,0.0,0.0,0.0,0.0,0.0,0.0,0.0,0.0,0.0,0.0
1,0,1.0,0.0,0.0,0.0,0.0,0.0,0.0,0.0,0.0,0.0,0.0,0.0,0.0
1,0,1.0,0.0,0.0,0.0,0.0,0.0,0.0,0.0,0.0,0.0,0.0,0.0,0.0
1,0,1.0,0.0,0.0,0.0,0.0,0.0,0.0,0.0,0.0,0.0,0.0,0.0,0.0
1,0,1.0,0.0,0.0,0.0,0.0,0.0,0.0,0.0,0.0,0.0,0.0,0.0,0.0
1,0,1.0,0.0,0.0,0.0,0.0,0.0,0.0,0.0,0.0,0.0,0.0,0.0,0.0
1,0,1.0,0.0,0.0,0.0,0.0,0.0,0.0,0.0,0.0,0.0,0.0,0.0,0.0
1,0,1.0,0.0,0.0,0.0,0.0,0.0,0.0,0.0,0.0,0.0,0.0,0.0,0.0
1,0,1.0,0.0,0.0,0.0,0.0,0.0,0.0,0.0,0.0,0.0,0.0,0.0,0.0
1,0,1.0,0.0,0.0,0.0,0.0,0.0,0.0,0.0,0.0,0.0,0.0,0.0,0.0
1,0,1.0,0.0,0.0,0.0,0.0,0.0,0.0,0.0,0.0,0.0,0.0,0.0,0.0
1,0,1.0,0.0,0.0,0.0,0.0,0.0,0.0,0.0,0.0,0.0,0.0,0.0,0.0
1,0,1.0,0.0,0.0,0.0,0.0,0.0,0.0,0.0,0.0,0.0,0.0,0.0,0.0
1,0,1.0,0.0,0.0,0.0,0.0,0.0,0.0,0.0,0.0,0.0,0.0,0.0,0.0
1,0,1.0,0.0,0.0,0.0,0.0,0.0,0.0,0.0,0.0,0.0,0.0,0.0,0.0
1,0,1.0,0.0,0.0,0.0,0.0,0.0,0.0,0.0,0.0,0.0,0.0,0.0,0.0
1,0,1.0,0.0,0.0,0.0,0.0,0.0,0.0,0.0,0.0,0.0,0.0,0.0,0.0
1,0,1.0,0.0,0.0,0.0,0.0,0.0,0.0,0.0,0.0,0.0,0.0,0.0,0.0
1,0,1.0,0.0,0.0,0.0,0.0,0.0,0.0,0.0,0.0,0.0,0.0,0.0,0.0
1,0,1.0,0.0,0.0,0.0,0.0,0.0,0.0,0.0,0.0,0.0,0.0,0.0,0.0
1,0,1.0,0.0,0.0,0.0,0.0,0.0,0.0,0.0,0.0,0.0,0.0,0.0,0.0
1,0,1.0,0.0,0.0,0.0,0.0,0.0,0.0,0.0,0.0,0.0,0.0,0.0,0.0
1,0,1.0,0.0,0.0,0.0,0.0,0.0,0.0,0.0,0.0,0.0,0.0,0.0,0.0
1,0,1.0,0.0,0.0,0.0,0.0,0.0,0.0,0.0,0.0,0.0,0.0,0.0,0.0
1,0,1.0,0.0,0.0,0.0,0.0,0.0,0.0,0.0,0.0,0.0,0.0,0.0,0.0
1,0,1.0,0.0,0.0,0.0,0.0,0.0,0.0,0.0,0.0,0.0,0.0,0.0,0.0
1,0,1.0,0.0,0.0,0.0,0.0,0.0,0.0,0.0,0.0,0.0,0.0,0.0,0.0
1,0,1.0,0.0,0.0,0.0,0.0,0.0,0.0,0.0,0.0,0.0,0.0,0.0,0.0
1,0,1.0,0.0,0.0,0.0,0.0,0.0,0.0,0.0,0.0,0.0,0.0,0.0,0.0
1,0,1.0,0.0,0.0,0.0,0.0,0.0,0.0,0.0,0.0,0.0,0.0,0.0,0.0
1,0,1.0,0.0,0.0,0.0,0.0,0.0,0.0,0.0,0.0,0.0,0.0,0.0,0.0
1,0,1.0,0.0,0.0,0.0,0.0,0.0,0.0,0.0,0.0,0.0,0.0,0.0,0.0
1,0,1.0,0.0,0.0,0.0,0.0,0.0,0.0,0.0,0.0,0.0,0.0,0.0,0.0
1,0,1.0,0.0,0.0,0.0,0.0,0.0,0.0,0.0,0.0,0.0,0.0,0.0,0.0
1,0,1.0,0.0,0.0,0.0,0.0,0.0,0.0,0.0,0.0,0.0,0.0,0.0,0.0
1,0,1.0,0.0,0.0,0.0,0.0,0.0,0.0,0.0,0.0,0.0,0.0,0.0,0.0
1,0,1.0,0.0,0.0,0.0,0.0,0.0,0.0,0.0,0.0,0.0,0.0,0.0,0.0
1,0,1.0,0.0,0.0,0.0,0.0,0.0,0.0,0.0,0.0,0.0,0.0,0.0,0.0
1,0,1.0,0.0,0.0,0.0,0.0,0.0,0.0,0.0,0.0,0.0,0.0,0.0,0.0
1,0,1.0,0.0,0.0,0.0,0.0,0.0,0.0,0.0,0.0,0.0,0.0,0.0,0.0
1,0,1.0,0.0,0.0,0.0,0.0,0.0,0.0,0.0,0.0,0.0,0.0,0.0,0.0
1,0,1.0,0.0,0.0,0.0,0.0,0.0,0.0,0.0,0.0,0.0,0.0,0.0,0.0
1,0,1.0,0.0,0.0,0.0,0.0,0.0,0.0,0.0,0.0,0.0,0.0,0.0,0.0
1,0,1.0,0.0,0.0,0.0,0.0,0.0,0.0,0.0,0.0,0.0,0.0,0.0,0.0
1,0,1.0,0.0,0.0,0.0,0.0,0.0,0.0,0.0,0.0,0.0,0.0,0.0,0.0
1,0,1.0,0.0,0.0,0.0,0.0,0.0,0.0,0.0,0.0,0.0,0.0,0.0,0.0
1,0,1.0,0.0,0.0,0.0,0.0,0.0,0.0,0.0,0.0,0.0,0.0,0.0,0.0
1,0,1.0,0.0,0.0,0.0,0.0,0.0,0.0,0.0,0.0,0.0,0.0,0.0,0.0
1,0,1.0,0.0,0.0,0.0,0.0,0.0,0.0,0.0,0.0,0.0,0.0,0.0,0.0
1,0,1.0,0.0,0.0,0.0,0.0,0.0,0.0,0.0,0.0,0.0,0.0,0.0,0.0
1,0,1.0,0.0,0.0,0.0,0.0,0.0,0.0,0.0,0.0,0.0,0.0,0.0,0.0
1,0,1.0,0.0,0.0,0.0,0.0,0.0,0.0,0.0,0.0,0.0,0.0,0.0,0.0
1,0,1.0,0.0,0.0,0.0,0.0,0.0,0.0,0.0,0.0,0.0,0.0,0.0,0.0
1,0,1.0,0.0,0.0,0.0,0.0,0.0,0.0,0.0,0.0,0.0,0.0,0.0,0.0
1,0,1.0,0.0,0.0,0.0,0.0,0.0,0.0,0.0,0.0,0.0,0.0,0.0,0.0
1,0,1.0,0.0,0.0,0.0,0.0,0.0,0.0,0.0,0.0,0.0,0.0,0.0,0.0
1,0,1.0,0.0,0.0,0.0,0.0,0.0,0.0,0.0,0.0,0.0,0.0,0.0,0.0
1,0,1.0,0.0,0.0,0.0,0.0,0.0,0.0,0.0,0.0,0.0,0.0,0.0,0.0
1,0,1.0,0.0,0.0,0.0,0.0,0.0,0.0,0.0,0.0,0.0,0.0,0.0,0.0
1,0,1.0,0.0,0.0,0.0,0.0,0.0,0.0,0.0,0.0,0.0,0.0,0.0,0.0
1,0,1.0,0.0,0.0,0.0,0.0,0.0,0.0,0.0,0.0,0.0,0.0,0.0,0.0
1,0,1.0,0.0,0.0,0.0,0.0,0.0,0.0,0.0,0.0,0.0,0.0,0.0,0.0
1,0,1.0,0.0,0.0,0.0,0.0,0.0,0.0,0.0,0.0,0.0,0.0,0.0,0.0
1,0,1.0,0.0,0.0,0.0,0.0,0.0,0.0,0.0,0.0,0.0,0.0,0.0,0.0
1,0,1.0,0.0,0.0,0.0,0.0,0.0,0.0,0.0,0.0,0.0,0.0,0.0,0.0
1,0,1.0,0.0,0.0,0.0,0.0,0.0,0.0,0.0,0.0,0.0,0.0,0.0,0.0
1,0,1.0,0.0,0.0,0.0,0.0,0.0,0.0,0.0,0.0,0.0,0.0,0.0,0.0
1,0,1.0,0.0,0.0,0.0,0.0,0.0,0.0,0.0,0.0,0.0,0.0,0.0,0.0
1,0,1.0,0.0,0.0,0.0,0.0,0.0,0.0,0.0,0.0,0.0,0.0,0.0,0.0
1,0,1.0,0.0,0.0,0.0,0.0,0.0,0.0,0.0,0.0,0.0,0.0,0.0,0.0
1,0,1.0,0.0,0.0,0.0,0.0,0.0,0.0,0.0,0.0,0.0,0.0,0.0,0.0
1,0,1.0,0.0,0.0,0.0,0.0,0.0,0.0,0.0,0.0,0.0,0.0,0.0,0.0
1,0,1.0,0.0,0.0,0.0,0.0,0.0,0.0,0.0,0.0,0.0,0.0,0.0,0.0
1,0,1.0,0.0,0.0,0.0,0.0,0.0,0.0,0.0,0.0,0.0,0.0,0.0,0.0
1,0,1.0,0.0,0.0,0.0,0.0,0.0,0.0,0.0,0.0,0.0,0.0,0.0,0.0
1,0,1.0,0.0,0.0,0.0,0.0,0.0,0.0,0.0,0.0,0.0,0.0,0.0,0.0
1,0,1.0,0.0,0.0,0.0,0.0,0.0,0.0,0.0,0.0,0.0,0.0,0.0,0.0
1,0,1.0,0.0,0.0,0.0,0.0,0.0,0.0,0.0,0.0,0.0,0.0,0.0,0.0
1,0,1.0,0.0,0.0,0.0,0.0,0.0,0.0,0.0,0.0,0.0,0.0,0.0,0.0
1,0,1.0,0.0,0.0,0.0,0.0,0.0,0.0,0.0,0.0,0.0,0.0,0.0,0.0
1,0,1.0,0.0,0.0,0.0,0.0,0.0,0.0,0.0,0.0,0.0,0.0,0.0,0.0
1,0,1.0,0.0,0.0,0.0,0.0,0.0,0.0,0.0,0.0,0.0,0.0,0.0,0.0
1,0,1.0,0.0,0.0,0.0,0.0,0.0,0.0,0.0,0.0,0.0,0.0,0.0,0.0
1,0,1.0,0.0,0.0,0.0,0.0,0.0,0.0,0.0,0.0,0.0,0.0,0.0,0.0
1,0,1.0,0.0,0.0,0.0,0.0,0.0,0.0,0.0,0.0,0.0,0.0,0.0,0.0
1,0,1.0,0.0,0.0,0.0,0.0,0.0,0.0,0.0,0.0,0.0,0.0,0.0,0.0
1,0,1.0,0.0,0.0,0.0,0.0,0.0,0.0,0.0,0.0,0.0,0.0,0.0,0.0
1,0,1.0,0.0,0.0,0.0,0.0,0.0,0.0,0.0,0.0,0.0,0.0,0.0,0.0
1,0,1.0,0.0,0.0,0.0,0.0,0.0,0.0,0.0,0.0,0.0,0.0,0.0,0.0
1,0,1.0,0.0,0.0,0.0,0.0,0.0,0.0,0.0,0.0,0.0,0.0,0.0,0.0
1,0,1.0,0.0,0.0,0.0,0.0,0.0,0.0,0.0,0.0,0.0,0.0,0.0,0.0
1,0,1.0,0.0,0.0,0.0,0.0,0.0,0.0,0.0,0.0,0.0,0.0,0.0,0.0
1,0,1.0,0.0,0.0,0.0,0.0,0.0,0.0,0.0,0.0,0.0,0.0,0.0,0.0
1,0,1.0,0.0,0.0,0.0,0.0,0.0,0.0,0.0,0.0,0.0,0.0,0.0,0.0
1,0,1.0,0.0,0.0,0.0,0.0,0.0,0.0,0.0,0.0,0.0,0.0,0.0,0.0
1,0,1.0,0.0,0.0,0.0,0.0,0.0,0.0,0.0,0.0,0.0,0.0,0.0,0.0
1,0,1.0,0.0,0.0,0.0,0.0,0.0,0.0,0.0,0.0,0.0,0.0,0.0,0.0
1,0,1.0,0.0,0.0,0.0,0.0,0.0,0.0,0.0,0.0,0.0,0.0,0.0,0.0
1,0,1.0,0.0,0.0,0.0,0.0,0.0,0.0,0.0,0.0,0.0,0.0,0.0,0.0
1,0,1.0,0.0,0.0,0.0,0.0,0.0,0.0,0.0,0.0,0.0,0.0,0.0,0.0
1,0,1.0,0.0,0.0,0.0,0.0,0.0,0.0,0.0,0.0,0.0,0.0,0.0,0.0
1,0,1.0,0.0,0.0,0.0,0.0,0.0,0.0,0.0,0.0,0.0,0.0,0.0,0.0
1,0,1.0,0.0,0.0,0.0,0.0,0.0,0.0,0.0,0.0,0.0,0.0,0.0,0.0
1,0,1.0,0.0,0.0,0.0,0.0,0.0,0.0,0.0,0.0,0.0,0.0,0.0,0.0
1,0,1.0,0.0,0.0,0.0,0.0,0.0,0.0,0.0,0.0,0.0,0.0,0.0,0.0
1,0,1.0,0.0,0.0,0.0,0.0,0.0,0.0,0.0,0.0,0.0,0.0,0.0,0.0
1,0,1.0,0.0,0.0,0.0,0.0,0.0,0.0,0.0,0.0,0.0,0.0,0.0,0.0
1,0,1.0,0.0,0.0,0.0,0.0,0.0,0.0,0.0,0.0,0.0,0.0,0.0,0.0
1,0,1.0,0.0,0.0,0.0,0.0,0.0,0.0,0.0,0.0,0.0,0.0,0.0,0.0
1,0,1.0,0.0,0.0,0.0,0.0,0.0,0.0,0.0,0.0,0.0,0.0,0.0,0.0
1,0,1.0,0.0,0.0,0.0,0.0,0.0,0.0,0.0,0.0,0.0,0.0,0.0,0.0
1,0,1.0,0.0,0.0,0.0,0.0,0.0,0.0,0.0,0.0,0.0,0.0,0.0,0.0
1,0,1.0,0.0,0.0,0.0,0.0,0.0,0.0,0.0,0.0,0.0,0.0,0.0,0.0
1,0,1.0,0.0,0.0,0.0,0.0,0.0,0.0,0.0,0.0,0.0,0.0,0.0,0.0
1,0,1.0,0.0,0.0,0.0,0.0,0.0,0.0,0.0,0.0,0.0,0.0,0.0,0.0
1,0,1.0,0.0,0.0,0.0,0.0,0.0,0.0,0.0,0.0,0.0,0.0,0.0,0.0
1,0,1.0,0.0,0.0,0.0,0.0,0.0,0.0,0.0,0.0,0.0,0.0,0.0,0.0
1,0,1.0,0.0,0.0,0.0,0.0,0.0,0.0,0.0,0.0,0.0,0.0,0.0,0.0
1,0,1.0,0.0,0.0,0.0,0.0,0.0,0.0,0.0,0.0,0.0,0.0,0.0,0.0
1,0,1.0,0.0,0.0,0.0,0.0,0.0,0.0,0.0,0.0,0.0,0.0,0.0,0.0
1,0,1.0,0.0,0.0,0.0,0.0,0.0,0.0,0.0,0.0,0.0,0.0,0.0,0.0
1,0,1.0,0.0,0.0,0.0,0.0,0.0,0.0,0.0,0.0,0.0,0.0,0.0,0.0
1,0,1.0,0.0,0.0,0.0,0.0,0.0,0.0,0.0,0.0,0.0,0.0,0.0,0.0
1,0,1.0,0.0,0.0,0.0,0.0,0.0,0.0,0.0,0.0,0.0,0.0,0.0,0.0
1,0,1.0,0.0,0.0,0.0,0.0,0.0,0.0,0.0,0.0,0.0,0.0,0.0,0.0
1,0,1.0,0.0,0.0,0.0,0.0,0.0,0.0,0.0,0.0,0.0,0.0,0.0,0.0
1,0,1.0,0.0,0.0,0.0,0.0,0.0,0.0,0.0,0.0,0.0,0.0,0.0,0.0
1,0,1.0,0.0,0.0,0.0,0.0,0.0,0.0,0.0,0.0,0.0,0.0,0.0,0.0
1,0,1.0,0.0,0.0,0.0,0.0,0.0,0.0,0.0,0.0,0.0,0.0,0.0,0.0
1,0,1.0,0.0,0.0,0.0,0.0,0.0,0.0,0.0,0.0,0.0,0.0,0.0,0.0
1,0,1.0,0.0,0.0,0.0,0.0,0.0,0.0,0.0,0.0,0.0,0.0,0.0,0.0
1,0,1.0,0.0,0.0,0.0,0.0,0.0,0.0,0.0,0.0,0.0,0.0,0.0,0.0
1,0,1.0,0.0,0.0,0.0,0.0,0.0,0.0,0.0,0.0,0.0,0.0,0.0,0.0
1,0,1.0,0.0,0.0,0.0,0.0,0.0,0.0,0.0,0.0,0.0,0.0,0.0,0.0
1,0,1.0,0.0,0.0,0.0,0.0,0.0,0.0,0.0,0.0,0.0,0.0,0.0,0.0
1,0,1.0,0.0,0.0,0.0,0.0,0.0,0.0,0.0,0.0,0.0,0.0,0.0,0.0
1,0,1.0,0.0,0.0,0.0,0.0,0.0,0.0,0.0,0.0,0.0,0.0,0.0,0.0
1,0,1.0,0.0,0.0,0.0,0.0,0.0,0.0,0.0,0.0,0.0,0.0,0.0,0.0
1,0,1.0,0.0,0.0,0.0,0.0,0.0,0.0,0.0,0.0,0.0,0.0,0.0,0.0
1,0,1.0,0.0,0.0,0.0,0.0,0.0,0.0,0.0,0.0,0.0,0.0,0.0,0.0
1,0,1.0,0.0,0.0,0.0,0.0,0.0,0.0,0.0,0.0,0.0,0.0,0.0,0.0
1,0,1.0,0.0,0.0,0.0,0.0,0.0,0.0,0.0,0.0,0.0,0.0,0.0,0.0
1,0,1.0,0.0,0.0,0.0,0.0,0.0,0.0,0.0,0.0,0.0,0.0,0.0,0.0
1,0,1.0,0.0,0.0,0.0,0.0,0.0,0.0,0.0,0.0,0.0,0.0,0.0,0.0
1,0,1.0,0.0,0.0,0.0,0.0,0.0,0.0,0.0,0.0,0.0,0.0,0.0,0.0
1,0,1.0,0.0,0.0,0.0,0.0,0.0,0.0,0.0,0.0,0.0,0.0,0.0,0.0
1,0,1.0,0.0,0.0,0.0,0.0,0.0,0.0,0.0,0.0,0.0,0.0,0.0,0.0
1,0,1.0,0.0,0.0,0.0,0.0,0.0,0.0,0.0,0.0,0.0,0.0,0.0,0.0
1,0,1.0,0.0,0.0,0.0,0.0,0.0,0.0,0.0,0.0,0.0,0.0,0.0,0.0
1,0,1.0,0.0,0.0,0.0,0.0,0.0,0.0,0.0,0.0,0.0,0.0,0.0,0.0
1,0,1.0,0.0,0.0,0.0,0.0,0.0,0.0,0.0,0.0,0.0,0.0,0.0,0.0
1,0,1.0,0.0,0.0,0.0,0.0,0.0,0.0,0.0,0.0,0.0,0.0,0.0,0.0
1,0,1.0,0.0,0.0,0.0,0.0,0.0,0.0,0.0,0.0,0.0,0.0,0.0,0.0
1,0,1.0,0.0,0.0,0.0,0.0,0.0,0.0,0.0,0.0,0.0,0.0,0.0,0.0
1,0,1.0,0.0,0.0,0.0,0.0,0.0,0.0,0.0,0.0,0.0,0.0,0.0,0.0
1,0,1.0,0.0,0.0,0.0,0.0,0.0,0.0,0.0,0.0,0.0,0.0,0.0,0.0
1,0,1.0,0.0,0.0,0.0,0.0,0.0,0.0,0.0,0.0,0.0,0.0,0.0,0.0
1,0,1.0,0.0,0.0,0.0,0.0,0.0,0.0,0.0,0.0,0.0,0.0,0.0,0.0
1,0,1.0,0.0,0.0,0.0,0.0,0.0,0.0,0.0,0.0,0.0,0.0,0.0,0.0
1,0,1.0,0.0,0.0,0.0,0.0,0.0,0.0,0.0,0.0,0.0,0.0,0.0,0.0
1,0,1.0,0.0,0.0,0.0,0.0,0.0,0.0,0.0,0.0,0.0,0.0,0.0,0.0
1,0,1.0,0.0,0.0,0.0,0.0,0.0,0.0,0.0,0.0,0.0,0.0,0.0,0.0
1,0,1.0,0.0,0.0,0.0,0.0,0.0,0.0,0.0,0.0,0.0,0.0,0.0,0.0
1,0,1.0,0.0,0.0,0.0,0.0,0.0,0.0,0.0,0.0,0.0,0.0,0.0,0.0
1,0,1.0,0.0,0.0,0.0,0.0,0.0,0.0,0.0,0.0,0.0,0.0,0.0,0.0
1,0,1.0,0.0,0.0,0.0,0.0,0.0,0.0,0.0,0.0,0.0,0.0,0.0,0.0
1,0,1.0,0.0,0.0,0.0,0.0,0.0,0.0,0.0,0.0,0.0,0.0,0.0,0.0
1,0,1.0,0.0,0.0,0.0,0.0,0.0,0.0,0.0,0.0,0.0,0.0,0.0,0.0
1,0,1.0,0.0,0.0,0.0,0.0,0.0,0.0,0.0,0.0,0.0,0.0,0.0,0.0
1,0,1.0,0.0,0.0,0.0,0.0,0.0,0.0,0.0,0.0,0.0,0.0,0.0,0.0
1,0,1.0,0.0,0.0,0.0,0.0,0.0,0.0,0.0,0.0,0.0,0.0,0.0,0.0
1,0,1.0,0.0,0.0,0.0,0.0,0.0,0.0,0.0,0.0,0.0,0.0,0.0,0.0
1,0,1.0,0.0,0.0,0.0,0.0,0.0,0.0,0.0,0.0,0.0,0.0,0.0,0.0
1,0,1.0,0.0,0.0,0.0,0.0,0.0,0.0,0.0,0.0,0.0,0.0,0.0,0.0
1,0,1.0,0.0,0.0,0.0,0.0,0.0,0.0,0.0,0.0,0.0,0.0,0.0,0.0
1,0,1.0,0.0,0.0,0.0,0.0,0.0,0.0,0.0,0.0,0.0,0.0,0.0,0.0
1,0,1.0,0.0,0.0,0.0,0.0,0.0,0.0,0.0,0.0,0.0,0.0,0.0,0.0
1,0,1.0,0.0,0.0,0.0,0.0,0.0,0.0,0.0,0.0,0.0,0.0,0.0,0.0
1,0,1.0,0.0,0.0,0.0,0.0,0.0,0.0,0.0,0.0,0.0,0.0,0.0,0.0
1,0,1.0,0.0,0.0,0.0,0.0,0.0,0.0,0.0,0.0,0.0,0.0,0.0,0.0
1,0,1.0,0.0,0.0,0.0,0.0,0.0,0.0,0.0,0.0,0.0,0.0,0.0,0.0
1,0,1.0,0.0,0.0,0.0,0.0,0.0,0.0,0.0,0.0,0.0,0.0,0.0,0.0
1,0,1.0,0.0,0.0,0.0,0.0,0.0,0.0,0.0,0.0,0.0,0.0,0.0,0.0
1,0,1.0,0.0,0.0,0.0,0.0,0.0,0.0,0.0,0.0,0.0,0.0,0.0,0.0
1,0,1.0,0.0,0.0,0.0,0.0,0.0,0.0,0.0,0.0,0.0,0.0,0.0,0.0
1,0,1.0,0.0,0.0,0.0,0.0,0.0,0.0,0.0,0.0,0.0,0.0,0.0,0.0
1,0,1.0,0.0,0.0,0.0,0.0,0.0,0.0,0.0,0.0,0.0,0.0,0.0,0.0
1,0,1.0,0.0,0.0,0.0,0.0,0.0,0.0,0.0,0.0,0.0,0.0,0.0,0.0
1,0,1.0,0.0,0.0,0.0,0.0,0.0,0.0,0.0,0.0,0.0,0.0,0.0,0.0
1,0,1.0,0.0,0.0,0.0,0.0,0.0,0.0,0.0,0.0,0.0,0.0,0.0,0.0
1,0,1.0,0.0,0.0,0.0,0.0,0.0,0.0,0.0,0.0,0.0,0.0,0.0,0.0
1,0,1.0,0.0,0.0,0.0,0.0,0.0,0.0,0.0,0.0,0.0,0.0,0.0,0.0
1,0,1.0,0.0,0.0,0.0,0.0,0.0,0.0,0.0,0.0,0.0,0.0,0.0,0.0
1,0,1.0,0.0,0.0,0.0,0.0,0.0,0.0,0.0,0.0,0.0,0.0,0.0,0.0
1,0,1.0,0.0,0.0,0.0,0.0,0.0,0.0,0.0,0.0,0.0,0.0,0.0,0.0
1,0,1.0,0.0,0.0,0.0,0.0,0.0,0.0,0.0,0.0,0.0,0.0,0.0,0.0
1,0,1.0,0.0,0.0,0.0,0.0,0.0,0.0,0.0,0.0,0.0,0.0,0.0,0.0
1,0,1.0,0.0,0.0,0.0,0.0,0.0,0.0,0.0,0.0,0.0,0.0,0.0,0.0
1,0,1.0,0.0,0.0,0.0,0.0,0.0,0.0,0.0,0.0,0.0,0.0,0.0,0.0
1,0,1.0,0.0,0.0,0.0,0.0,0.0,0.0,0.0,0.0,0.0,0.0,0.0,0.0
1,0,1.0,0.0,0.0,0.0,0.0,0.0,0.0,0.0,0.0,0.0,0.0,0.0,0.0
1,0,1.0,0.0,0.0,0.0,0.0,0.0,0.0,0.0,0.0,0.0,0.0,0.0,0.0
1,0,1.0,0.0,0.0,0.0,0.0,0.0,0.0,0.0,0.0,0.0,0.0,0.0,0.0
1,0,1.0,0.0,0.0,0.0,0.0,0.0,0.0,0.0,0.0,0.0,0.0,0.0,0.0
1,0,1.0,0.0,0.0,0.0,0.0,0.0,0.0,0.0,0.0,0.0,0.0,0.0,0.0
1,0,1.0,0.0,0.0,0.0,0.0,0.0,0.0,0.0,0.0,0.0,0.0,0.0,0.0
1,0,1.0,0.0,0.0,0.0,0.0,0.0,0.0,0.0,0.0,0.0,0.0,0.0,0.0
1,0,1.0,0.0,0.0,0.0,0.0,0.0,0.0,0.0,0.0,0.0,0.0,0.0,0.0
1,0,1.0,0.0,0.0,0.0,0.0,0.0,0.0,0.0,0.0,0.0,0.0,0.0,0.0
1,0,1.0,0.0,0.0,0.0,0.0,0.0,0.0,0.0,0.0,0.0,0.0,0.0,0.0
1,0,1.0,0.0,0.0,0.0,0.0,0.0,0.0,0.0,0.0,0.0,0.0,0.0,0.0
1,0,1.0,0.0,0.0,0.0,0.0,0.0,0.0,0.0,0.0,0.0,0.0,0.0,0.0
1,0,1.0,0.0,0.0,0.0,0.0,0.0,0.0,0.0,0.0,0.0,0.0,0.0,0.0
1,0,1.0,0.0,0.0,0.0,0.0,0.0,0.0,0.0,0.0,0.0,0.0,0.0,0.0
1,0,1.0,0.0,0.0,0.0,0.0,0.0,0.0,0.0,0.0,0.0,0.0,0.0,0.0
1,0,1.0,0.0,0.0,0.0,0.0,0.0,0.0,0.0,0.0,0.0,0.0,0.0,0.0
1,0,1.0,0.0,0.0,0.0,0.0,0.0,0.0,0.0,0.0,0.0,0.0,0.0,0.0
1,0,1.0,0.0,0.0,0.0,0.0,0.0,0.0,0.0,0.0,0.0,0.0,0.0,0.0
1,0,1.0,0.0,0.0,0.0,0.0,0.0,0.0,0.0,0.0,0.0,0.0,0.0,0.0
1,0,1.0,0.0,0.0,0.0,0.0,0.0,0.0,0.0,0.0,0.0,0.0,0.0,0.0
1,0,1.0,0.0,0.0,0.0,0.0,0.0,0.0,0.0,0.0,0.0,0.0,0.0,0.0
1,0,1.0,0.0,0.0,0.0,0.0,0.0,0.0,0.0,0.0,0.0,0.0,0.0,0.0
1,0,1.0,0.0,0.0,0.0,0.0,0.0,0.0,0.0,0.0,0.0,0.0,0.0,0.0
1,0,1.0,0.0,0.0,0.0,0.0,0.0,0.0,0.0,0.0,0.0,0.0,0.0,0.0
1,0,1.0,0.0,0.0,0.0,0.0,0.0,0.0,0.0,0.0,0.0,0.0,0.0,0.0
1,0,1.0,0.0,0.0,0.0,0.0,0.0,0.0,0.0,0.0,0.0,0.0,0.0,0.0
1,0,1.0,0.0,0.0,0.0,0.0,0.0,0.0,0.0,0.0,0.0,0.0,0.0,0.0
1,0,1.0,0.0,0.0,0.0,0.0,0.0,0.0,0.0,0.0,0.0,0.0,0.0,0.0
1,0,1.0,0.0,0.0,0.0,0.0,0.0,0.0,0.0,0.0,0.0,0.0,0.0,0.0
1,0,1.0,0.0,0.0,0.0,0.0,0.0,0.0,0.0,0.0,0.0,0.0,0.0,0.0
1,0,1.0,0.0,0.0,0.0,0.0,0.0,0.0,0.0,0.0,0.0,0.0,0.0,0.0
1,0,1.0,0.0,0.0,0.0,0.0,0.0,0.0,0.0,0.0,0.0,0.0,0.0,0.0
1,0,1.0,0.0,0.0,0.0,0.0,0.0,0.0,0.0,0.0,0.0,0.0,0.0,0.0
1,0,1.0,0.0,0.0,0.0,0.0,0.0,0.0,0.0,0.0,0.0,0.0,0.0,0.0
1,0,1.0,0.0,0.0,0.0,0.0,0.0,0.0,0.0,0.0,0.0,0.0,0.0,0.0
1,0,1.0,0.0,0.0,0.0,0.0,0.0,0.0,0.0,0.0,0.0,0.0,0.0,0.0
1,0,1.0,0.0,0.0,0.0,0.0,0.0,0.0,0.0,0.0,0.0,0.0,0.0,0.0
1,0,1.0,0.0,0.0,0.0,0.0,0.0,0.0,0.0,0.0,0.0,0.0,0.0,0.0
1,0,1.0,0.0,0.0,0.0,0.0,0.0,0.0,0.0,0.0,0.0,0.0,0.0,0.0
1,0,1.0,0.0,0.0,0.0,0.0,0.0,0.0,0.0,0.0,0.0,0.0,0.0,0.0
1,0,1.0,0.0,0.0,0.0,0.0,0.0,0.0,0.0,0.0,0.0,0.0,0.0,0.0
1,0,1.0,0.0,0.0,0.0,0.0,0.0,0.0,0.0,0.0,0.0,0.0,0.0,0.0
1,0,1.0,0.0,0.0,0.0,0.0,0.0,0.0,0.0,0.0,0.0,0.0,0.0,0.0
1,0,1.0,0.0,0.0,0.0,0.0,0.0,0.0,0.0,0.0,0.0,0.0,0.0,0.0
1,0,1.0,0.0,0.0,0.0,0.0,0.0,0.0,0.0,0.0,0.0,0.0,0.0,0.0
1,0,1.0,0.0,0.0,0.0,0.0,0.0,0.0,0.0,0.0,0.0,0.0,0.0,0.0
1,0,1.0,0.0,0.0,0.0,0.0,0.0,0.0,0.0,0.0,0.0,0.0,0.0,0.0
1,0,1.0,0.0,0.0,0.0,0.0,0.0,0.0,0.0,0.0,0.0,0.0,0.0,0.0
1,0,1.0,0.0,0.0,0.0,0.0,0.0,0.0,0.0,0.0,0.0,0.0,0.0,0.0
1,0,1.0,0.0,0.0,0.0,0.0,0.0,0.0,0.0,0.0,0.0,0.0,0.0,0.0
1,0,1.0,0.0,0.0,0.0,0.0,0.0,0.0,0.0,0.0,0.0,0.0,0.0,0.0
1,0,1.0,0.0,0.0,0.0,0.0,0.0,0.0,0.0,0.0,0.0,0.0,0.0,0.0
1,0,1.0,0.0,0.0,0.0,0.0,0.0,0.0,0.0,0.0,0.0,0.0,0.0,0.0
1,0,1.0,0.0,0.0,0.0,0.0,0.0,0.0,0.0,0.0,0.0,0.0,0.0,0.0
1,0,1.0,0.0,0.0,0.0,0.0,0.0,0.0,0.0,0.0,0.0,0.0,0.0,0.0
1,0,1.0,0.0,0.0,0.0,0.0,0.0,0.0,0.0,0.0,0.0,0.0,0.0,0.0
1,0,1.0,0.0,0.0,0.0,0.0,0.0,0.0,0.0,0.0,0.0,0.0,0.0,0.0
1,0,1.0,0.0,0.0,0.0,0.0,0.0,0.0,0.0,0.0,0.0,0.0,0.0,0.0
1,0,1.0,0.0,0.0,0.0,0.0,0.0,0.0,0.0,0.0,0.0,0.0,0.0,0.0
1,0,1.0,0.0,0.0,0.0,0.0,0.0,0.0,0.0,0.0,0.0,0.0,0.0,0.0
1,0,1.0,0.0,0.0,0.0,0.0,0.0,0.0,0.0,0.0,0.0,0.0,0.0,0.0
1,0,1.0,0.0,0.0,0.0,0.0,0.0,0.0,0.0,0.0,0.0,0.0,0.0,0.0
1,0,1.0,0.0,0.0,0.0,0.0,0.0,0.0,0.0,0.0,0.0,0.0,0.0,0.0
1,0,1.0,0.0,0.0,0.0,0.0,0.0,0.0,0.0,0.0,0.0,0.0,0.0,0.0
1,0,1.0,0.0,0.0,0.0,0.0,0.0,0.0,0.0,0.0,0.0,0.0,0.0,0.0
1,0,1.0,0.0,0.0,0.0,0.0,0.0,0.0,0.0,0.0,0.0,0.0,0.0,0.0
1,0,1.0,0.0,0.0,0.0,0.0,0.0,0.0,0.0,0.0,0.0,0.0,0.0,0.0
1,0,1.0,0.0,0.0,0.0,0.0,0.0,0.0,0.0,0.0,0.0,0.0,0.0,0.0
1,0,1.0,0.0,0.0,0.0,0.0,0.0,0.0,0.0,0.0,0.0,0.0,0.0,0.0
1,0,1.0,0.0,0.0,0.0,0.0,0.0,0.0,0.0,0.0,0.0,0.0,0.0,0.0
1,0,1.0,0.0,0.0,0.0,0.0,0.0,0.0,0.0,0.0,0.0,0.0,0.0,0.0
1,0,1.0,0.0,0.0,0.0,0.0,0.0,0.0,0.0,0.0,0.0,0.0,0.0,0.0
1,0,1.0,0.0,0.0,0.0,0.0,0.0,0.0,0.0,0.0,0.0,0.0,0.0,0.0
1,0,1.0,0.0,0.0,0.0,0.0,0.0,0.0,0.0,0.0,0.0,0.0,0.0,0.0
1,0,1.0,0.0,0.0,0.0,0.0,0.0,0.0,0.0,0.0,0.0,0.0,0.0,0.0
1,0,1.0,0.0,0.0,0.0,0.0,0.0,0.0,0.0,0.0,0.0,0.0,0.0,0.0
1,0,1.0,0.0,0.0,0.0,0.0,0.0,0.0,0.0,0.0,0.0,0.0,0.0,0.0
1,0,1.0,0.0,0.0,0.0,0.0,0.0,0.0,0.0,0.0,0.0,0.0,0.0,0.0
1,0,1.0,0.0,0.0,0.0,0.0,0.0,0.0,0.0,0.0,0.0,0.0,0.0,0.0
1,0,1.0,0.0,0.0,0.0,0.0,0.0,0.0,0.0,0.0,0.0,0.0,0.0,0.0
1,0,1.0,0.0,0.0,0.0,0.0,0.0,0.0,0.0,0.0,0.0,0.0,0.0,0.0
1,0,1.0,0.0,0.0,0.0,0.0,0.0,0.0,0.0,0.0,0.0,0.0,0.0,0.0
1,0,1.0,0.0,0.0,0.0,0.0,0.0,0.0,0.0,0.0,0.0,0.0,0.0,0.0
1,0,1.0,0.0,0.0,0.0,0.0,0.0,0.0,0.0,0.0,0.0,0.0,0.0,0.0
1,0,1.0,0.0,0.0,0.0,0.0,0.0,0.0,0.0,0.0,0.0,0.0,0.0,0.0
1,0,1.0,0.0,0.0,0.0,0.0,0.0,0.0,0.0,0.0,0.0,0.0,0.0,0.0
1,0,1.0,0.0,0.0,0.0,0.0,0.0,0.0,0.0,0.0,0.0,0.0,0.0,0.0
1,0,1.0,0.0,0.0,0.0,0.0,0.0,0.0,0.0,0.0,0.0,0.0,0.0,0.0
1,0,1.0,0.0,0.0,0.0,0.0,0.0,0.0,0.0,0.0,0.0,0.0,0.0,0.0
1,0,1.0,0.0,0.0,0.0,0.0,0.0,0.0,0.0,0.0,0.0,0.0,0.0,0.0
1,0,1.0,0.0,0.0,0.0,0.0,0.0,0.0,0.0,0.0,0.0,0.0,0.0,0.0
1,0,1.0,0.0,0.0,0.0,0.0,0.0,0.0,0.0,0.0,0.0,0.0,0.0,0.0
1,0,1.0,0.0,0.0,0.0,0.0,0.0,0.0,0.0,0.0,0.0,0.0,0.0,0.0
1,0,1.0,0.0,0.0,0.0,0.0,0.0,0.0,0.0,0.0,0.0,0.0,0.0,0.0
1,0,1.0,0.0,0.0,0.0,0.0,0.0,0.0,0.0,0.0,0.0,0.0,0.0,0.0
1,0,1.0,0.0,0.0,0.0,0.0,0.0,0.0,0.0,0.0,0.0,0.0,0.0,0.0
1,0,1.0,0.0,0.0,0.0,0.0,0.0,0.0,0.0,0.0,0.0,0.0,0.0,0.0
1,0,1.0,0.0,0.0,0.0,0.0,0.0,0.0,0.0,0.0,0.0,0.0,0.0,0.0
1,0,1.0,0.0,0.0,0.0,0.0,0.0,0.0,0.0,0.0,0.0,0.0,0.0,0.0
1,0,1.0,0.0,0.0,0.0,0.0,0.0,0.0,0.0,0.0,0.0,0.0,0.0,0.0
1,0,1.0,0.0,0.0,0.0,0.0,0.0,0.0,0.0,0.0,0.0,0.0,0.0,0.0
1,0,1.0,0.0,0.0,0.0,0.0,0.0,0.0,0.0,0.0,0.0,0.0,0.0,0.0
1,0,1.0,0.0,0.0,0.0,0.0,0.0,0.0,0.0,0.0,0.0,0.0,0.0,0.0
1,0,1.0,0.0,0.0,0.0,0.0,0.0,0.0,0.0,0.0,0.0,0.0,0.0,0.0
1,0,1.0,0.0,0.0,0.0,0.0,0.0,0.0,0.0,0.0,0.0,0.0,0.0,0.0
1,0,1.0,0.0,0.0,0.0,0.0,0.0,0.0,0.0,0.0,0.0,0.0,0.0,0.0
1,0,1.0,0.0,0.0,0.0,0.0,0.0,0.0,0.0,0.0,0.0,0.0,0.0,0.0
1,0,1.0,0.0,0.0,0.0,0.0,0.0,0.0,0.0,0.0,0.0,0.0,0.0,0.0
1,0,1.0,0.0,0.0,0.0,0.0,0.0,0.0,0.0,0.0,0.0,0.0,0.0,0.0
1,0,1.0,0.0,0.0,0.0,0.0,0.0,0.0,0.0,0.0,0.0,0.0,0.0,0.0
1,0,1.0,0.0,0.0,0.0,0.0,0.0,0.0,0.0,0.0,0.0,0.0,0.0,0.0
1,0,1.0,0.0,0.0,0.0,0.0,0.0,0.0,0.0,0.0,0.0,0.0,0.0,0.0
1,0,1.0,0.0,0.0,0.0,0.0,0.0,0.0,0.0,0.0,0.0,0.0,0.0,0.0
1,0,1.0,0.0,0.0,0.0,0.0,0.0,0.0,0.0,0.0,0.0,0.0,0.0,0.0
1,0,1.0,0.0,0.0,0.0,0.0,0.0,0.0,0.0,0.0,0.0,0.0,0.0,0.0
1,0,1.0,0.0,0.0,0.0,0.0,0.0,0.0,0.0,0.0,0.0,0.0,0.0,0.0
1,0,1.0,0.0,0.0,0.0,0.0,0.0,0.0,0.0,0.0,0.0,0.0,0.0,0.0
1,0,1.0,0.0,0.0,0.0,0.0,0.0,0.0,0.0,0.0,0.0,0.0,0.0,0.0
1,0,1.0,0.0,0.0,0.0,0.0,0.0,0.0,0.0,0.0,0.0,0.0,0.0,0.0
1,0,1.0,0.0,0.0,0.0,0.0,0.0,0.0,0.0,0.0,0.0,0.0,0.0,0.0
1,0,1.0,0.0,0.0,0.0,0.0,0.0,0.0,0.0,0.0,0.0,0.0,0.0,0.0
1,0,1.0,0.0,0.0,0.0,0.0,0.0,0.0,0.0,0.0,0.0,0.0,0.0,0.0
1,0,1.0,0.0,0.0,0.0,0.0,0.0,0.0,0.0,0.0,0.0,0.0,0.0,0.0
1,0,1.0,0.0,0.0,0.0,0.0,0.0,0.0,0.0,0.0,0.0,0.0,0.0,0.0
1,0,1.0,0.0,0.0,0.0,0.0,0.0,0.0,0.0,0.0,0.0,0.0,0.0,0.0
1,0,1.0,0.0,0.0,0.0,0.0,0.0,0.0,0.0,0.0,0.0,0.0,0.0,0.0
1,0,1.0,0.0,0.0,0.0,0.0,0.0,0.0,0.0,0.0,0.0,0.0,0.0,0.0
1,0,1.0,0.0,0.0,0.0,0.0,0.0,0.0,0.0,0.0,0.0,0.0,0.0,0.0
1,0,1.0,0.0,0.0,0.0,0.0,0.0,0.0,0.0,0.0,0.0,0.0,0.0,0.0
1,0,1.0,0.0,0.0,0.0,0.0,0.0,0.0,0.0,0.0,0.0,0.0,0.0,0.0
1,0,1.0,0.0,0.0,0.0,0.0,0.0,0.0,0.0,0.0,0.0,0.0,0.0,0.0
1,0,1.0,0.0,0.0,0.0,0.0,0.0,0.0,0.0,0.0,0.0,0.0,0.0,0.0
1,0,1.0,0.0,0.0,0.0,0.0,0.0,0.0,0.0,0.0,0.0,0.0,0.0,0.0
1,0,1.0,0.0,0.0,0.0,0.0,0.0,0.0,0.0,0.0,0.0,0.0,0.0,0.0
1,0,1.0,0.0,0.0,0.0,0.0,0.0,0.0,0.0,0.0,0.0,0.0,0.0,0.0
1,0,1.0,0.0,0.0,0.0,0.0,0.0,0.0,0.0,0.0,0.0,0.0,0.0,0.0
1,0,1.0,0.0,0.0,0.0,0.0,0.0,0.0,0.0,0.0,0.0,0.0,0.0,0.0
1,0,1.0,0.0,0.0,0.0,0.0,0.0,0.0,0.0,0.0,0.0,0.0,0.0,0.0
1,0,1.0,0.0,0.0,0.0,0.0,0.0,0.0,0.0,0.0,0.0,0.0,0.0,0.0
1,0,1.0,0.0,0.0,0.0,0.0,0.0,0.0,0.0,0.0,0.0,0.0,0.0,0.0
1,0,1.0,0.0,0.0,0.0,0.0,0.0,0.0,0.0,0.0,0.0,0.0,0.0,0.0
1,0,1.0,0.0,0.0,0.0,0.0,0.0,0.0,0.0,0.0,0.0,0.0,0.0,0.0
1,0,1.0,0.0,0.0,0.0,0.0,0.0,0.0,0.0,0.0,0.0,0.0,0.0,0.0
1,0,1.0,0.0,0.0,0.0,0.0,0.0,0.0,0.0,0.0,0.0,0.0,0.0,0.0
1,0,1.0,0.0,0.0,0.0,0.0,0.0,0.0,0.0,0.0,0.0,0.0,0.0,0.0
1,0,1.0,0.0,0.0,0.0,0.0,0.0,0.0,0.0,0.0,0.0,0.0,0.0,0.0
1,0,1.0,0.0,0.0,0.0,0.0,0.0,0.0,0.0,0.0,0.0,0.0,0.0,0.0
1,0,1.0,0.0,0.0,0.0,0.0,0.0,0.0,0.0,0.0,0.0,0.0,0.0,0.0
1,0,1.0,0.0,0.0,0.0,0.0,0.0,0.0,0.0,0.0,0.0,0.0,0.0,0.0
1,0,1.0,0.0,0.0,0.0,0.0,0.0,0.0,0.0,0.0,0.0,0.0,0.0,0.0
1,0,1.0,0.0,0.0,0.0,0.0,0.0,0.0,0.0,0.0,0.0,0.0,0.0,0.0
1,0,1.0,0.0,0.0,0.0,0.0,0.0,0.0,0.0,0.0,0.0,0.0,0.0,0.0
1,0,1.0,0.0,0.0,0.0,0.0,0.0,0.0,0.0,0.0,0.0,0.0,0.0,0.0
1,0,1.0,0.0,0.0,0.0,0.0,0.0,0.0,0.0,0.0,0.0,0.0,0.0,0.0
1,0,1.0,0.0,0.0,0.0,0.0,0.0,0.0,0.0,0.0,0.0,0.0,0.0,0.0
1,0,1.0,0.0,0.0,0.0,0.0,0.0,0.0,0.0,0.0,0.0,0.0,0.0,0.0
1,0,1.0,0.0,0.0,0.0,0.0,0.0,0.0,0.0,0.0,0.0,0.0,0.0,0.0
1,0,1.0,0.0,0.0,0.0,0.0,0.0,0.0,0.0,0.0,0.0,0.0,0.0,0.0
1,0,1.0,0.0,0.0,0.0,0.0,0.0,0.0,0.0,0.0,0.0,0.0,0.0,0.0
1,0,1.0,0.0,0.0,0.0,0.0,0.0,0.0,0.0,0.0,0.0,0.0,0.0,0.0
1,0,1.0,0.0,0.0,0.0,0.0,0.0,0.0,0.0,0.0,0.0,0.0,0.0,0.0
1,0,1.0,0.0,0.0,0.0,0.0,0.0,0.0,0.0,0.0,0.0,0.0,0.0,0.0
1,0,1.0,0.0,0.0,0.0,0.0,0.0,0.0,0.0,0.0,0.0,0.0,0.0,0.0
1,0,1.0,0.0,0.0,0.0,0.0,0.0,0.0,0.0,0.0,0.0,0.0,0.0,0.0
1,0,1.0,0.0,0.0,0.0,0.0,0.0,0.0,0.0,0.0,0.0,0.0,0.0,0.0
1,0,1.0,0.0,0.0,0.0,0.0,0.0,0.0,0.0,0.0,0.0,0.0,0.0,0.0
1,0,1.0,0.0,0.0,0.0,0.0,0.0,0.0,0.0,0.0,0.0,0.0,0.0,0.0
1,0,1.0,0.0,0.0,0.0,0.0,0.0,0.0,0.0,0.0,0.0,0.0,0.0,0.0
1,0,1.0,0.0,0.0,0.0,0.0,0.0,0.0,0.0,0.0,0.0,0.0,0.0,0.0
1,0,1.0,0.0,0.0,0.0,0.0,0.0,0.0,0.0,0.0,0.0,0.0,0.0,0.0
1,0,1.0,0.0,0.0,0.0,0.0,0.0,0.0,0.0,0.0,0.0,0.0,0.0,0.0
1,0,1.0,0.0,0.0,0.0,0.0,0.0,0.0,0.0,0.0,0.0,0.0,0.0,0.0
1,0,1.0,0.0,0.0,0.0,0.0,0.0,0.0,0.0,0.0,0.0,0.0,0.0,0.0
1,0,1.0,0.0,0.0,0.0,0.0,0.0,0.0,0.0,0.0,0.0,0.0,0.0,0.0
1,0,1.0,0.0,0.0,0.0,0.0,0.0,0.0,0.0,0.0,0.0,0.0,0.0,0.0
1,0,1.0,0.0,0.0,0.0,0.0,0.0,0.0,0.0,0.0,0.0,0.0,0.0,0.0
1,0,1.0,0.0,0.0,0.0,0.0,0.0,0.0,0.0,0.0,0.0,0.0,0.0,0.0
1,0,1.0,0.0,0.0,0.0,0.0,0.0,0.0,0.0,0.0,0.0,0.0,0.0,0.0
1,0,1.0,0.0,0.0,0.0,0.0,0.0,0.0,0.0,0.0,0.0,0.0,0.0,0.0
1,0,1.0,0.0,0.0,0.0,0.0,0.0,0.0,0.0,0.0,0.0,0.0,0.0,0.0
1,0,1.0,0.0,0.0,0.0,0.0,0.0,0.0,0.0,0.0,0.0,0.0,0.0,0.0
1,0,1.0,0.0,0.0,0.0,0.0,0.0,0.0,0.0,0.0,0.0,0.0,0.0,0.0
1,0,1.0,0.0,0.0,0.0,0.0,0.0,0.0,0.0,0.0,0.0,0.0,0.0,0.0
1,0,1.0,0.0,0.0,0.0,0.0,0.0,0.0,0.0,0.0,0.0,0.0,0.0,0.0
1,0,1.0,0.0,0.0,0.0,0.0,0.0,0.0,0.0,0.0,0.0,0.0,0.0,0.0
1,0,1.0,0.0,0.0,0.0,0.0,0.0,0.0,0.0,0.0,0.0,0.0,0.0,0.0
1,0,1.0,0.0,0.0,0.0,0.0,0.0,0.0,0.0,0.0,0.0,0.0,0.0,0.0
1,0,1.0,0.0,0.0,0.0,0.0,0.0,0.0,0.0,0.0,0.0,0.0,0.0,0.0
1,0,1.0,0.0,0.0,0.0,0.0,0.0,0.0,0.0,0.0,0.0,0.0,0.0,0.0
1,0,1.0,0.0,0.0,0.0,0.0,0.0,0.0,0.0,0.0,0.0,0.0,0.0,0.0
1,0,1.0,0.0,0.0,0.0,0.0,0.0,0.0,0.0,0.0,0.0,0.0,0.0,0.0
1,0,1.0,0.0,0.0,0.0,0.0,0.0,0.0,0.0,0.0,0.0,0.0,0.0,0.0
1,0,1.0,0.0,0.0,0.0,0.0,0.0,0.0,0.0,0.0,0.0,0.0,0.0,0.0
1,0,1.0,0.0,0.0,0.0,0.0,0.0,0.0,0.0,0.0,0.0,0.0,0.0,0.0
1,0,1.0,0.0,0.0,0.0,0.0,0.0,0.0,0.0,0.0,0.0,0.0,0.0,0.0
1,0,1.0,0.0,0.0,0.0,0.0,0.0,0.0,0.0,0.0,0.0,0.0,0.0,0.0
1,0,1.0,0.0,0.0,0.0,0.0,0.0,0.0,0.0,0.0,0.0,0.0,0.0,0.0
1,0,1.0,0.0,0.0,0.0,0.0,0.0,0.0,0.0,0.0,0.0,0.0,0.0,0.0
1,0,1.0,0.0,0.0,0.0,0.0,0.0,0.0,0.0,0.0,0.0,0.0,0.0,0.0
1,0,1.0,0.0,0.0,0.0,0.0,0.0,0.0,0.0,0.0,0.0,0.0,0.0,0.0
1,0,1.0,0.0,0.0,0.0,0.0,0.0,0.0,0.0,0.0,0.0,0.0,0.0,0.0
1,0,1.0,0.0,0.0,0.0,0.0,0.0,0.0,0.0,0.0,0.0,0.0,0.0,0.0
1,0,1.0,0.0,0.0,0.0,0.0,0.0,0.0,0.0,0.0,0.0,0.0,0.0,0.0
1,0,1.0,0.0,0.0,0.0,0.0,0.0,0.0,0.0,0.0,0.0,0.0,0.0,0.0
1,0,1.0,0.0,0.0,0.0,0.0,0.0,0.0,0.0,0.0,0.0,0.0,0.0,0.0
1,0,1.0,0.0,0.0,0.0,0.0,0.0,0.0,0.0,0.0,0.0,0.0,0.0,0.0
1,0,1.0,0.0,0.0,0.0,0.0,0.0,0.0,0.0,0.0,0.0,0.0,0.0,0.0
1,0,1.0,0.0,0.0,0.0,0.0,0.0,0.0,0.0,0.0,0.0,0.0,0.0,0.0
1,0,1.0,0.0,0.0,0.0,0.0,0.0,0.0,0.0,0.0,0.0,0.0,0.0,0.0
1,0,1.0,0.0,0.0,0.0,0.0,0.0,0.0,0.0,0.0,0.0,0.0,0.0,0.0
1,0,1.0,0.0,0.0,0.0,0.0,0.0,0.0,0.0,0.0,0.0,0.0,0.0,0.0
1,0,1.0,0.0,0.0,0.0,0.0,0.0,0.0,0.0,0.0,0.0,0.0,0.0,0.0
1,0,1.0,0.0,0.0,0.0,0.0,0.0,0.0,0.0,0.0,0.0,0.0,0.0,0.0
1,0,1.0,0.0,0.0,0.0,0.0,0.0,0.0,0.0,0.0,0.0,0.0,0.0,0.0
1,0,1.0,0.0,0.0,0.0,0.0,0.0,0.0,0.0,0.0,0.0,0.0,0.0,0.0
1,0,1.0,0.0,0.0,0.0,0.0,0.0,0.0,0.0,0.0,0.0,0.0,0.0,0.0
1,0,1.0,0.0,0.0,0.0,0.0,0.0,0.0,0.0,0.0,0.0,0.0,0.0,0.0
1,0,1.0,0.0,0.0,0.0,0.0,0.0,0.0,0.0,0.0,0.0,0.0,0.0,0.0
1,0,1.0,0.0,0.0,0.0,0.0,0.0,0.0,0.0,0.0,0.0,0.0,0.0,0.0
1,0,1.0,0.0,0.0,0.0,0.0,0.0,0.0,0.0,0.0,0.0,0.0,0.0,0.0
1,0,1.0,0.0,0.0,0.0,0.0,0.0,0.0,0.0,0.0,0.0,0.0,0.0,0.0
1,0,1.0,0.0,0.0,0.0,0.0,0.0,0.0,0.0,0.0,0.0,0.0,0.0,0.0
1,0,1.0,0.0,0.0,0.0,0.0,0.0,0.0,0.0,0.0,0.0,0.0,0.0,0.0
1,0,1.0,0.0,0.0,0.0,0.0,0.0,0.0,0.0,0.0,0.0,0.0,0.0,0.0
1,0,1.0,0.0,0.0,0.0,0.0,0.0,0.0,0.0,0.0,0.0,0.0,0.0,0.0
1,0,1.0,0.0,0.0,0.0,0.0,0.0,0.0,0.0,0.0,0.0,0.0,0.0,0.0
1,0,1.0,0.0,0.0,0.0,0.0,0.0,0.0,0.0,0.0,0.0,0.0,0.0,0.0
1,0,1.0,0.0,0.0,0.0,0.0,0.0,0.0,0.0,0.0,0.0,0.0,0.0,0.0
1,0,1.0,0.0,0.0,0.0,0.0,0.0,0.0,0.0,0.0,0.0,0.0,0.0,0.0
1,0,1.0,0.0,0.0,0.0,0.0,0.0,0.0,0.0,0.0,0.0,0.0,0.0,0.0
1,0,1.0,0.0,0.0,0.0,0.0,0.0,0.0,0.0,0.0,0.0,0.0,0.0,0.0
1,0,1.0,0.0,0.0,0.0,0.0,0.0,0.0,0.0,0.0,0.0,0.0,0.0,0.0
1,0,1.0,0.0,0.0,0.0,0.0,0.0,0.0,0.0,0.0,0.0,0.0,0.0,0.0
1,0,1.0,0.0,0.0,0.0,0.0,0.0,0.0,0.0,0.0,0.0,0.0,0.0,0.0
1,0,1.0,0.0,0.0,0.0,0.0,0.0,0.0,0.0,0.0,0.0,0.0,0.0,0.0
1,0,1.0,0.0,0.0,0.0,0.0,0.0,0.0,0.0,0.0,0.0,0.0,0.0,0.0
1,0,1.0,0.0,0.0,0.0,0.0,0.0,0.0,0.0,0.0,0.0,0.0,0.0,0.0
1,0,1.0,0.0,0.0,0.0,0.0,0.0,0.0,0.0,0.0,0.0,0.0,0.0,0.0
1,0,1.0,0.0,0.0,0.0,0.0,0.0,0.0,0.0,0.0,0.0,0.0,0.0,0.0
1,0,1.0,0.0,0.0,0.0,0.0,0.0,0.0,0.0,0.0,0.0,0.0,0.0,0.0
1,0,1.0,0.0,0.0,0.0,0.0,0.0,0.0,0.0,0.0,0.0,0.0,0.0,0.0
1,0,1.0,0.0,0.0,0.0,0.0,0.0,0.0,0.0,0.0,0.0,0.0,0.0,0.0
1,0,1.0,0.0,0.0,0.0,0.0,0.0,0.0,0.0,0.0,0.0,0.0,0.0,0.0
1,0,1.0,0.0,0.0,0.0,0.0,0.0,0.0,0.0,0.0,0.0,0.0,0.0,0.0
1,0,1.0,0.0,0.0,0.0,0.0,0.0,0.0,0.0,0.0,0.0,0.0,0.0,0.0
1,0,1.0,0.0,0.0,0.0,0.0,0.0,0.0,0.0,0.0,0.0,0.0,0.0,0.0
1,0,1.0,0.0,0.0,0.0,0.0,0.0,0.0,0.0,0.0,0.0,0.0,0.0,0.0
1,0,1.0,0.0,0.0,0.0,0.0,0.0,0.0,0.0,0.0,0.0,0.0,0.0,0.0
1,0,1.0,0.0,0.0,0.0,0.0,0.0,0.0,0.0,0.0,0.0,0.0,0.0,0.0
1,0,1.0,0.0,0.0,0.0,0.0,0.0,0.0,0.0,0.0,0.0,0.0,0.0,0.0
1,0,1.0,0.0,0.0,0.0,0.0,0.0,0.0,0.0,0.0,0.0,0.0,0.0,0.0
1,0,1.0,0.0,0.0,0.0,0.0,0.0,0.0,0.0,0.0,0.0,0.0,0.0,0.0
1,0,1.0,0.0,0.0,0.0,0.0,0.0,0.0,0.0,0.0,0.0,0.0,0.0,0.0
1,0,1.0,0.0,0.0,0.0,0.0,0.0,0.0,0.0,0.0,0.0,0.0,0.0,0.0
1,0,1.0,0.0,0.0,0.0,0.0,0.0,0.0,0.0,0.0,0.0,0.0,0.0,0.0
1,0,1.0,0.0,0.0,0.0,0.0,0.0,0.0,0.0,0.0,0.0,0.0,0.0,0.0
1,0,1.0,0.0,0.0,0.0,0.0,0.0,0.0,0.0,0.0,0.0,0.0,0.0,0.0
1,0,1.0,0.0,0.0,0.0,0.0,0.0,0.0,0.0,0.0,0.0,0.0,0.0,0.0
1,0,1.0,0.0,0.0,0.0,0.0,0.0,0.0,0.0,0.0,0.0,0.0,0.0,0.0
1,0,1.0,0.0,0.0,0.0,0.0,0.0,0.0,0.0,0.0,0.0,0.0,0.0,0.0
1,0,1.0,0.0,0.0,0.0,0.0,0.0,0.0,0.0,0.0,0.0,0.0,0.0,0.0
1,0,1.0,0.0,0.0,0.0,0.0,0.0,0.0,0.0,0.0,0.0,0.0,0.0,0.0
1,0,1.0,0.0,0.0,0.0,0.0,0.0,0.0,0.0,0.0,0.0,0.0,0.0,0.0
1,0,1.0,0.0,0.0,0.0,0.0,0.0,0.0,0.0,0.0,0.0,0.0,0.0,0.0
1,0,1.0,0.0,0.0,0.0,0.0,0.0,0.0,0.0,0.0,0.0,0.0,0.0,0.0
1,0,1.0,0.0,0.0,0.0,0.0,0.0,0.0,0.0,0.0,0.0,0.0,0.0,0.0
1,0,1.0,0.0,0.0,0.0,0.0,0.0,0.0,0.0,0.0,0.0,0.0,0.0,0.0
1,0,1.0,0.0,0.0,0.0,0.0,0.0,0.0,0.0,0.0,0.0,0.0,0.0,0.0
1,0,1.0,0.0,0.0,0.0,0.0,0.0,0.0,0.0,0.0,0.0,0.0,0.0,0.0
1,0,1.0,0.0,0.0,0.0,0.0,0.0,0.0,0.0,0.0,0.0,0.0,0.0,0.0
1,0,1.0,0.0,0.0,0.0,0.0,0.0,0.0,0.0,0.0,0.0,0.0,0.0,0.0
1,0,1.0,0.0,0.0,0.0,0.0,0.0,0.0,0.0,0.0,0.0,0.0,0.0,0.0
1,0,1.0,0.0,0.0,0.0,0.0,0.0,0.0,0.0,0.0,0.0,0.0,0.0,0.0
1,0,1.0,0.0,0.0,0.0,0.0,0.0,0.0,0.0,0.0,0.0,0.0,0.0,0.0
1,0,1.0,0.0,0.0,0.0,0.0,0.0,0.0,0.0,0.0,0.0,0.0,0.0,0.0
1,0,1.0,0.0,0.0,0.0,0.0,0.0,0.0,0.0,0.0,0.0,0.0,0.0,0.0
1,0,1.0,0.0,0.0,0.0,0.0,0.0,0.0,0.0,0.0,0.0,0.0,0.0,0.0
1,0,1.0,0.0,0.0,0.0,0.0,0.0,0.0,0.0,0.0,0.0,0.0,0.0,0.0
1,0,1.0,0.0,0.0,0.0,0.0,0.0,0.0,0.0,0.0,0.0,0.0,0.0,0.0
1,0,1.0,0.0,0.0,0.0,0.0,0.0,0.0,0.0,0.0,0.0,0.0,0.0,0.0
1,0,1.0,0.0,0.0,0.0,0.0,0.0,0.0,0.0,0.0,0.0,0.0,0.0,0.0
1,0,1.0,0.0,0.0,0.0,0.0,0.0,0.0,0.0,0.0,0.0,0.0,0.0,0.0
1,0,1.0,0.0,0.0,0.0,0.0,0.0,0.0,0.0,0.0,0.0,0.0,0.0,0.0
1,0,1.0,0.0,0.0,0.0,0.0,0.0,0.0,0.0,0.0,0.0,0.0,0.0,0.0
1,0,1.0,0.0,0.0,0.0,0.0,0.0,0.0,0.0,0.0,0.0,0.0,0.0,0.0
1,0,1.0,0.0,0.0,0.0,0.0,0.0,0.0,0.0,0.0,0.0,0.0,0.0,0.0
1,0,1.0,0.0,0.0,0.0,0.0,0.0,0.0,0.0,0.0,0.0,0.0,0.0,0.0
1,0,1.0,0.0,0.0,0.0,0.0,0.0,0.0,0.0,0.0,0.0,0.0,0.0,0.0
1,0,1.0,0.0,0.0,0.0,0.0,0.0,0.0,0.0,0.0,0.0,0.0,0.0,0.0
1,0,1.0,0.0,0.0,0.0,0.0,0.0,0.0,0.0,0.0,0.0,0.0,0.0,0.0
1,0,1.0,0.0,0.0,0.0,0.0,0.0,0.0,0.0,0.0,0.0,0.0,0.0,0.0
1,0,1.0,0.0,0.0,0.0,0.0,0.0,0.0,0.0,0.0,0.0,0.0,0.0,0.0
1,0,1.0,0.0,0.0,0.0,0.0,0.0,0.0,0.0,0.0,0.0,0.0,0.0,0.0
1,0,1.0,0.0,0.0,0.0,0.0,0.0,0.0,0.0,0.0,0.0,0.0,0.0,0.0
1,0,1.0,0.0,0.0,0.0,0.0,0.0,0.0,0.0,0.0,0.0,0.0,0.0,0.0
1,0,1.0,0.0,0.0,0.0,0.0,0.0,0.0,0.0,0.0,0.0,0.0,0.0,0.0
1,0,1.0,0.0,0.0,0.0,0.0,0.0,0.0,0.0,0.0,0.0,0.0,0.0,0.0
1,0,1.0,0.0,0.0,0.0,0.0,0.0,0.0,0.0,0.0,0.0,0.0,0.0,0.0
1,0,1.0,0.0,0.0,0.0,0.0,0.0,0.0,0.0,0.0,0.0,0.0,0.0,0.0
1,0,1.0,0.0,0.0,0.0,0.0,0.0,0.0,0.0,0.0,0.0,0.0,0.0,0.0
1,0,1.0,0.0,0.0,0.0,0.0,0.0,0.0,0.0,0.0,0.0,0.0,0.0,0.0
1,0,1.0,0.0,0.0,0.0,0.0,0.0,0.0,0.0,0.0,0.0,0.0,0.0,0.0
1,0,1.0,0.0,0.0,0.0,0.0,0.0,0.0,0.0,0.0,0.0,0.0,0.0,0.0
1,0,1.0,0.0,0.0,0.0,0.0,0.0,0.0,0.0,0.0,0.0,0.0,0.0,0.0
1,0,1.0,0.0,0.0,0.0,0.0,0.0,0.0,0.0,0.0,0.0,0.0,0.0,0.0
1,0,1.0,0.0,0.0,0.0,0.0,0.0,0.0,0.0,0.0,0.0,0.0,0.0,0.0
1,0,1.0,0.0,0.0,0.0,0.0,0.0,0.0,0.0,0.0,0.0,0.0,0.0,0.0
1,0,1.0,0.0,0.0,0.0,0.0,0.0,0.0,0.0,0.0,0.0,0.0,0.0,0.0
1,0,1.0,0.0,0.0,0.0,0.0,0.0,0.0,0.0,0.0,0.0,0.0,0.0,0.0
1,0,1.0,0.0,0.0,0.0,0.0,0.0,0.0,0.0,0.0,0.0,0.0,0.0,0.0
1,0,1.0,0.0,0.0,0.0,0.0,0.0,0.0,0.0,0.0,0.0,0.0,0.0,0.0
1,0,1.0,0.0,0.0,0.0,0.0,0.0,0.0,0.0,0.0,0.0,0.0,0.0,0.0
1,0,1.0,0.0,0.0,0.0,0.0,0.0,0.0,0.0,0.0,0.0,0.0,0.0,0.0
1,0,1.0,0.0,0.0,0.0,0.0,0.0,0.0,0.0,0.0,0.0,0.0,0.0,0.0
1,0,1.0,0.0,0.0,0.0,0.0,0.0,0.0,0.0,0.0,0.0,0.0,0.0,0.0
1,0,1.0,0.0,0.0,0.0,0.0,0.0,0.0,0.0,0.0,0.0,0.0,0.0,0.0
1,0,1.0,0.0,0.0,0.0,0.0,0.0,0.0,0.0,0.0,0.0,0.0,0.0,0.0
1,0,1.0,0.0,0.0,0.0,0.0,0.0,0.0,0.0,0.0,0.0,0.0,0.0,0.0
1,0,1.0,0.0,0.0,0.0,0.0,0.0,0.0,0.0,0.0,0.0,0.0,0.0,0.0
1,0,1.0,0.0,0.0,0.0,0.0,0.0,0.0,0.0,0.0,0.0,0.0,0.0,0.0
1,0,1.0,0.0,0.0,0.0,0.0,0.0,0.0,0.0,0.0,0.0,0.0,0.0,0.0
1,0,1.0,0.0,0.0,0.0,0.0,0.0,0.0,0.0,0.0,0.0,0.0,0.0,0.0
1,0,1.0,0.0,0.0,0.0,0.0,0.0,0.0,0.0,0.0,0.0,0.0,0.0,0.0
1,0,1.0,0.0,0.0,0.0,0.0,0.0,0.0,0.0,0.0,0.0,0.0,0.0,0.0
1,0,1.0,0.0,0.0,0.0,0.0,0.0,0.0,0.0,0.0,0.0,0.0,0.0,0.0
1,0,1.0,0.0,0.0,0.0,0.0,0.0,0.0,0.0,0.0,0.0,0.0,0.0,0.0
1,0,1.0,0.0,0.0,0.0,0.0,0.0,0.0,0.0,0.0,0.0,0.0,0.0,0.0
1,0,1.0,0.0,0.0,0.0,0.0,0.0,0.0,0.0,0.0,0.0,0.0,0.0,0.0
1,0,1.0,0.0,0.0,0.0,0.0,0.0,0.0,0.0,0.0,0.0,0.0,0.0,0.0
1,0,1.0,0.0,0.0,0.0,0.0,0.0,0.0,0.0,0.0,0.0,0.0,0.0,0.0
1,0,1.0,0.0,0.0,0.0,0.0,0.0,0.0,0.0,0.0,0.0,0.0,0.0,0.0
1,0,1.0,0.0,0.0,0.0,0.0,0.0,0.0,0.0,0.0,0.0,0.0,0.0,0.0
1,0,1.0,0.0,0.0,0.0,0.0,0.0,0.0,0.0,0.0,0.0,0.0,0.0,0.0
1,0,1.0,0.0,0.0,0.0,0.0,0.0,0.0,0.0,0.0,0.0,0.0,0.0,0.0
1,0,1.0,0.0,0.0,0.0,0.0,0.0,0.0,0.0,0.0,0.0,0.0,0.0,0.0
1,0,1.0,0.0,0.0,0.0,0.0,0.0,0.0,0.0,0.0,0.0,0.0,0.0,0.0
1,0,1.0,0.0,0.0,0.0,0.0,0.0,0.0,0.0,0.0,0.0,0.0,0.0,0.0
1,0,1.0,0.0,0.0,0.0,0.0,0.0,0.0,0.0,0.0,0.0,0.0,0.0,0.0
1,0,1.0,0.0,0.0,0.0,0.0,0.0,0.0,0.0,0.0,0.0,0.0,0.0,0.0
1,0,1.0,0.0,0.0,0.0,0.0,0.0,0.0,0.0,0.0,0.0,0.0,0.0,0.0
1,0,1.0,0.0,0.0,0.0,0.0,0.0,0.0,0.0,0.0,0.0,0.0,0.0,0.0
1,0,1.0,0.0,0.0,0.0,0.0,0.0,0.0,0.0,0.0,0.0,0.0,0.0,0.0
1,0,1.0,0.0,0.0,0.0,0.0,0.0,0.0,0.0,0.0,0.0,0.0,0.0,0.0
1,0,1.0,0.0,0.0,0.0,0.0,0.0,0.0,0.0,0.0,0.0,0.0,0.0,0.0
1,0,1.0,0.0,0.0,0.0,0.0,0.0,0.0,0.0,0.0,0.0,0.0,0.0,0.0
1,0,1.0,0.0,0.0,0.0,0.0,0.0,0.0,0.0,0.0,0.0,0.0,0.0,0.0
1,0,1.0,0.0,0.0,0.0,0.0,0.0,0.0,0.0,0.0,0.0,0.0,0.0,0.0
1,0,1.0,0.0,0.0,0.0,0.0,0.0,0.0,0.0,0.0,0.0,0.0,0.0,0.0
1,0,1.0,0.0,0.0,0.0,0.0,0.0,0.0,0.0,0.0,0.0,0.0,0.0,0.0
1,0,1.0,0.0,0.0,0.0,0.0,0.0,0.0,0.0,0.0,0.0,0.0,0.0,0.0
1,0,1.0,0.0,0.0,0.0,0.0,0.0,0.0,0.0,0.0,0.0,0.0,0.0,0.0
1,0,1.0,0.0,0.0,0.0,0.0,0.0,0.0,0.0,0.0,0.0,0.0,0.0,0.0
1,0,1.0,0.0,0.0,0.0,0.0,0.0,0.0,0.0,0.0,0.0,0.0,0.0,0.0
1,0,1.0,0.0,0.0,0.0,0.0,0.0,0.0,0.0,0.0,0.0,0.0,0.0,0.0
1,0,1.0,0.0,0.0,0.0,0.0,0.0,0.0,0.0,0.0,0.0,0.0,0.0,0.0
1,0,1.0,0.0,0.0,0.0,0.0,0.0,0.0,0.0,0.0,0.0,0.0,0.0,0.0
1,0,1.0,0.0,0.0,0.0,0.0,0.0,0.0,0.0,0.0,0.0,0.0,0.0,0.0
1,0,1.0,0.0,0.0,0.0,0.0,0.0,0.0,0.0,0.0,0.0,0.0,0.0,0.0
1,0,1.0,0.0,0.0,0.0,0.0,0.0,0.0,0.0,0.0,0.0,0.0,0.0,0.0
1,0,1.0,0.0,0.0,0.0,0.0,0.0,0.0,0.0,0.0,0.0,0.0,0.0,0.0
1,0,1.0,0.0,0.0,0.0,0.0,0.0,0.0,0.0,0.0,0.0,0.0,0.0,0.0
1,0,1.0,0.0,0.0,0.0,0.0,0.0,0.0,0.0,0.0,0.0,0.0,0.0,0.0
1,0,1.0,0.0,0.0,0.0,0.0,0.0,0.0,0.0,0.0,0.0,0.0,0.0,0.0
1,0,1.0,0.0,0.0,0.0,0.0,0.0,0.0,0.0,0.0,0.0,0.0,0.0,0.0
1,0,1.0,0.0,0.0,0.0,0.0,0.0,0.0,0.0,0.0,0.0,0.0,0.0,0.0
1,0,1.0,0.0,0.0,0.0,0.0,0.0,0.0,0.0,0.0,0.0,0.0,0.0,0.0
1,0,1.0,0.0,0.0,0.0,0.0,0.0,0.0,0.0,0.0,0.0,0.0,0.0,0.0
1,0,1.0,0.0,0.0,0.0,0.0,0.0,0.0,0.0,0.0,0.0,0.0,0.0,0.0
1,0,1.0,0.0,0.0,0.0,0.0,0.0,0.0,0.0,0.0,0.0,0.0,0.0,0.0
1,0,1.0,0.0,0.0,0.0,0.0,0.0,0.0,0.0,0.0,0.0,0.0,0.0,0.0
1,0,1.0,0.0,0.0,0.0,0.0,0.0,0.0,0.0,0.0,0.0,0.0,0.0,0.0
1,0,1.0,0.0,0.0,0.0,0.0,0.0,0.0,0.0,0.0,0.0,0.0,0.0,0.0
1,0,1.0,0.0,0.0,0.0,0.0,0.0,0.0,0.0,0.0,0.0,0.0,0.0,0.0
1,0,1.0,0.0,0.0,0.0,0.0,0.0,0.0,0.0,0.0,0.0,0.0,0.0,0.0
1,0,1.0,0.0,0.0,0.0,0.0,0.0,0.0,0.0,0.0,0.0,0.0,0.0,0.0
1,0,1.0,0.0,0.0,0.0,0.0,0.0,0.0,0.0,0.0,0.0,0.0,0.0,0.0
1,0,1.0,0.0,0.0,0.0,0.0,0.0,0.0,0.0,0.0,0.0,0.0,0.0,0.0
1,0,1.0,0.0,0.0,0.0,0.0,0.0,0.0,0.0,0.0,0.0,0.0,0.0,0.0
1,0,1.0,0.0,0.0,0.0,0.0,0.0,0.0,0.0,0.0,0.0,0.0,0.0,0.0
1,0,1.0,0.0,0.0,0.0,0.0,0.0,0.0,0.0,0.0,0.0,0.0,0.0,0.0
1,0,1.0,0.0,0.0,0.0,0.0,0.0,0.0,0.0,0.0,0.0,0.0,0.0,0.0
1,0,1.0,0.0,0.0,0.0,0.0,0.0,0.0,0.0,0.0,0.0,0.0,0.0,0.0
1,0,1.0,0.0,0.0,0.0,0.0,0.0,0.0,0.0,0.0,0.0,0.0,0.0,0.0
1,0,1.0,0.0,0.0,0.0,0.0,0.0,0.0,0.0,0.0,0.0,0.0,0.0,0.0
1,0,1.0,0.0,0.0,0.0,0.0,0.0,0.0,0.0,0.0,0.0,0.0,0.0,0.0
1,0,1.0,0.0,0.0,0.0,0.0,0.0,0.0,0.0,0.0,0.0,0.0,0.0,0.0
1,0,1.0,0.0,0.0,0.0,0.0,0.0,0.0,0.0,0.0,0.0,0.0,0.0,0.0
1,0,1.0,0.0,0.0,0.0,0.0,0.0,0.0,0.0,0.0,0.0,0.0,0.0,0.0
1,0,1.0,0.0,0.0,0.0,0.0,0.0,0.0,0.0,0.0,0.0,0.0,0.0,0.0
1,0,1.0,0.0,0.0,0.0,0.0,0.0,0.0,0.0,0.0,0.0,0.0,0.0,0.0
1,0,1.0,0.0,0.0,0.0,0.0,0.0,0.0,0.0,0.0,0.0,0.0,0.0,0.0
1,0,1.0,0.0,0.0,0.0,0.0,0.0,0.0,0.0,0.0,0.0,0.0,0.0,0.0
1,0,1.0,0.0,0.0,0.0,0.0,0.0,0.0,0.0,0.0,0.0,0.0,0.0,0.0
1,0,1.0,0.0,0.0,0.0,0.0,0.0,0.0,0.0,0.0,0.0,0.0,0.0,0.0
1,0,1.0,0.0,0.0,0.0,0.0,0.0,0.0,0.0,0.0,0.0,0.0,0.0,0.0
1,0,1.0,0.0,0.0,0.0,0.0,0.0,0.0,0.0,0.0,0.0,0.0,0.0,0.0
1,0,1.0,0.0,0.0,0.0,0.0,0.0,0.0,0.0,0.0,0.0,0.0,0.0,0.0
1,0,1.0,0.0,0.0,0.0,0.0,0.0,0.0,0.0,0.0,0.0,0.0,0.0,0.0
1,0,1.0,0.0,0.0,0.0,0.0,0.0,0.0,0.0,0.0,0.0,0.0,0.0,0.0
1,0,1.0,0.0,0.0,0.0,0.0,0.0,0.0,0.0,0.0,0.0,0.0,0.0,0.0
1,0,1.0,0.0,0.0,0.0,0.0,0.0,0.0,0.0,0.0,0.0,0.0,0.0,0.0
1,0,1.0,0.0,0.0,0.0,0.0,0.0,0.0,0.0,0.0,0.0,0.0,0.0,0.0
1,0,1.0,0.0,0.0,0.0,0.0,0.0,0.0,0.0,0.0,0.0,0.0,0.0,0.0
1,0,1.0,0.0,0.0,0.0,0.0,0.0,0.0,0.0,0.0,0.0,0.0,0.0,0.0
1,0,1.0,0.0,0.0,0.0,0.0,0.0,0.0,0.0,0.0,0.0,0.0,0.0,0.0
1,0,1.0,0.0,0.0,0.0,0.0,0.0,0.0,0.0,0.0,0.0,0.0,0.0,0.0
1,0,1.0,0.0,0.0,0.0,0.0,0.0,0.0,0.0,0.0,0.0,0.0,0.0,0.0
1,0,1.0,0.0,0.0,0.0,0.0,0.0,0.0,0.0,0.0,0.0,0.0,0.0,0.0
1,0,1.0,0.0,0.0,0.0,0.0,0.0,0.0,0.0,0.0,0.0,0.0,0.0,0.0
1,0,1.0,0.0,0.0,0.0,0.0,0.0,0.0,0.0,0.0,0.0,0.0,0.0,0.0
1,0,1.0,0.0,0.0,0.0,0.0,0.0,0.0,0.0,0.0,0.0,0.0,0.0,0.0
1,0,1.0,0.0,0.0,0.0,0.0,0.0,0.0,0.0,0.0,0.0,0.0,0.0,0.0
1,0,1.0,0.0,0.0,0.0,0.0,0.0,0.0,0.0,0.0,0.0,0.0,0.0,0.0
1,0,1.0,0.0,0.0,0.0,0.0,0.0,0.0,0.0,0.0,0.0,0.0,0.0,0.0
1,0,1.0,0.0,0.0,0.0,0.0,0.0,0.0,0.0,0.0,0.0,0.0,0.0,0.0
1,0,1.0,0.0,0.0,0.0,0.0,0.0,0.0,0.0,0.0,0.0,0.0,0.0,0.0
1,0,1.0,0.0,0.0,0.0,0.0,0.0,0.0,0.0,0.0,0.0,0.0,0.0,0.0
1,0,1.0,0.0,0.0,0.0,0.0,0.0,0.0,0.0,0.0,0.0,0.0,0.0,0.0
1,0,1.0,0.0,0.0,0.0,0.0,0.0,0.0,0.0,0.0,0.0,0.0,0.0,0.0
1,0,1.0,0.0,0.0,0.0,0.0,0.0,0.0,0.0,0.0,0.0,0.0,0.0,0.0
1,0,1.0,0.0,0.0,0.0,0.0,0.0,0.0,0.0,0.0,0.0,0.0,0.0,0.0
1,0,1.0,0.0,0.0,0.0,0.0,0.0,0.0,0.0,0.0,0.0,0.0,0.0,0.0
1,0,1.0,0.0,0.0,0.0,0.0,0.0,0.0,0.0,0.0,0.0,0.0,0.0,0.0
1,0,1.0,0.0,0.0,0.0,0.0,0.0,0.0,0.0,0.0,0.0,0.0,0.0,0.0
1,0,1.0,0.0,0.0,0.0,0.0,0.0,0.0,0.0,0.0,0.0,0.0,0.0,0.0
1,0,1.0,0.0,0.0,0.0,0.0,0.0,0.0,0.0,0.0,0.0,0.0,0.0,0.0
1,0,1.0,0.0,0.0,0.0,0.0,0.0,0.0,0.0,0.0,0.0,0.0,0.0,0.0
1,0,1.0,0.0,0.0,0.0,0.0,0.0,0.0,0.0,0.0,0.0,0.0,0.0,0.0
1,0,1.0,0.0,0.0,0.0,0.0,0.0,0.0,0.0,0.0,0.0,0.0,0.0,0.0
1,0,1.0,0.0,0.0,0.0,0.0,0.0,0.0,0.0,0.0,0.0,0.0,0.0,0.0
1,0,1.0,0.0,0.0,0.0,0.0,0.0,0.0,0.0,0.0,0.0,0.0,0.0,0.0
1,0,1.0,0.0,0.0,0.0,0.0,0.0,0.0,0.0,0.0,0.0,0.0,0.0,0.0
1,0,1.0,0.0,0.0,0.0,0.0,0.0,0.0,0.0,0.0,0.0,0.0,0.0,0.0
1,0,1.0,0.0,0.0,0.0,0.0,0.0,0.0,0.0,0.0,0.0,0.0,0.0,0.0
1,0,1.0,0.0,0.0,0.0,0.0,0.0,0.0,0.0,0.0,0.0,0.0,0.0,0.0
1,0,1.0,0.0,0.0,0.0,0.0,0.0,0.0,0.0,0.0,0.0,0.0,0.0,0.0
1,0,1.0,0.0,0.0,0.0,0.0,0.0,0.0,0.0,0.0,0.0,0.0,0.0,0.0
1,0,1.0,0.0,0.0,0.0,0.0,0.0,0.0,0.0,0.0,0.0,0.0,0.0,0.0
1,0,1.0,0.0,0.0,0.0,0.0,0.0,0.0,0.0,0.0,0.0,0.0,0.0,0.0
1,0,1.0,0.0,0.0,0.0,0.0,0.0,0.0,0.0,0.0,0.0,0.0,0.0,0.0
1,0,1.0,0.0,0.0,0.0,0.0,0.0,0.0,0.0,0.0,0.0,0.0,0.0,0.0
1,0,1.0,0.0,0.0,0.0,0.0,0.0,0.0,0.0,0.0,0.0,0.0,0.0,0.0
1,0,1.0,0.0,0.0,0.0,0.0,0.0,0.0,0.0,0.0,0.0,0.0,0.0,0.0
1,0,1.0,0.0,0.0,0.0,0.0,0.0,0.0,0.0,0.0,0.0,0.0,0.0,0.0
1,0,1.0,0.0,0.0,0.0,0.0,0.0,0.0,0.0,0.0,0.0,0.0,0.0,0.0
1,0,1.0,0.0,0.0,0.0,0.0,0.0,0.0,0.0,0.0,0.0,0.0,0.0,0.0
1,0,1.0,0.0,0.0,0.0,0.0,0.0,0.0,0.0,0.0,0.0,0.0,0.0,0.0
1,0,1.0,0.0,0.0,0.0,0.0,0.0,0.0,0.0,0.0,0.0,0.0,0.0,0.0
1,0,1.0,0.0,0.0,0.0,0.0,0.0,0.0,0.0,0.0,0.0,0.0,0.0,0.0
1,0,1.0,0.0,0.0,0.0,0.0,0.0,0.0,0.0,0.0,0.0,0.0,0.0,0.0
1,0,1.0,0.0,0.0,0.0,0.0,0.0,0.0,0.0,0.0,0.0,0.0,0.0,0.0
1,0,1.0,0.0,0.0,0.0,0.0,0.0,0.0,0.0,0.0,0.0,0.0,0.0,0.0
1,0,1.0,0.0,0.0,0.0,0.0,0.0,0.0,0.0,0.0,0.0,0.0,0.0,0.0
1,0,1.0,0.0,0.0,0.0,0.0,0.0,0.0,0.0,0.0,0.0,0.0,0.0,0.0
1,0,1.0,0.0,0.0,0.0,0.0,0.0,0.0,0.0,0.0,0.0,0.0,0.0,0.0
1,0,1.0,0.0,0.0,0.0,0.0,0.0,0.0,0.0,0.0,0.0,0.0,0.0,0.0
1,0,1.0,0.0,0.0,0.0,0.0,0.0,0.0,0.0,0.0,0.0,0.0,0.0,0.0
1,0,1.0,0.0,0.0,0.0,0.0,0.0,0.0,0.0,0.0,0.0,0.0,0.0,0.0
1,0,1.0,0.0,0.0,0.0,0.0,0.0,0.0,0.0,0.0,0.0,0.0,0.0,0.0
1,0,1.0,0.0,0.0,0.0,0.0,0.0,0.0,0.0,0.0,0.0,0.0,0.0,0.0
1,0,1.0,0.0,0.0,0.0,0.0,0.0,0.0,0.0,0.0,0.0,0.0,0.0,0.0
1,0,1.0,0.0,0.0,0.0,0.0,0.0,0.0,0.0,0.0,0.0,0.0,0.0,0.0
1,0,1.0,0.0,0.0,0.0,0.0,0.0,0.0,0.0,0.0,0.0,0.0,0.0,0.0
1,0,1.0,0.0,0.0,0.0,0.0,0.0,0.0,0.0,0.0,0.0,0.0,0.0,0.0
1,0,1.0,0.0,0.0,0.0,0.0,0.0,0.0,0.0,0.0,0.0,0.0,0.0,0.0
1,0,1.0,0.0,0.0,0.0,0.0,0.0,0.0,0.0,0.0,0.0,0.0,0.0,0.0
1,0,1.0,0.0,0.0,0.0,0.0,0.0,0.0,0.0,0.0,0.0,0.0,0.0,0.0
1,0,1.0,0.0,0.0,0.0,0.0,0.0,0.0,0.0,0.0,0.0,0.0,0.0,0.0
1,0,1.0,0.0,0.0,0.0,0.0,0.0,0.0,0.0,0.0,0.0,0.0,0.0,0.0
1,0,1.0,0.0,0.0,0.0,0.0,0.0,0.0,0.0,0.0,0.0,0.0,0.0,0.0
1,0,1.0,0.0,0.0,0.0,0.0,0.0,0.0,0.0,0.0,0.0,0.0,0.0,0.0
1,0,1.0,0.0,0.0,0.0,0.0,0.0,0.0,0.0,0.0,0.0,0.0,0.0,0.0
1,0,1.0,0.0,0.0,0.0,0.0,0.0,0.0,0.0,0.0,0.0,0.0,0.0,0.0
1,0,1.0,0.0,0.0,0.0,0.0,0.0,0.0,0.0,0.0,0.0,0.0,0.0,0.0
1,0,1.0,0.0,0.0,0.0,0.0,0.0,0.0,0.0,0.0,0.0,0.0,0.0,0.0
1,0,1.0,0.0,0.0,0.0,0.0,0.0,0.0,0.0,0.0,0.0,0.0,0.0,0.0
1,0,1.0,0.0,0.0,0.0,0.0,0.0,0.0,0.0,0.0,0.0,0.0,0.0,0.0
1,0,1.0,0.0,0.0,0.0,0.0,0.0,0.0,0.0,0.0,0.0,0.0,0.0,0.0
1,0,1.0,0.0,0.0,0.0,0.0,0.0,0.0,0.0,0.0,0.0,0.0,0.0,0.0
1,0,1.0,0.0,0.0,0.0,0.0,0.0,0.0,0.0,0.0,0.0,0.0,0.0,0.0
1,0,1.0,0.0,0.0,0.0,0.0,0.0,0.0,0.0,0.0,0.0,0.0,0.0,0.0
1,0,1.0,0.0,0.0,0.0,0.0,0.0,0.0,0.0,0.0,0.0,0.0,0.0,0.0
1,0,1.0,0.0,0.0,0.0,0.0,0.0,0.0,0.0,0.0,0.0,0.0,0.0,0.0
1,0,1.0,0.0,0.0,0.0,0.0,0.0,0.0,0.0,0.0,0.0,0.0,0.0,0.0
1,0,1.0,0.0,0.0,0.0,0.0,0.0,0.0,0.0,0.0,0.0,0.0,0.0,0.0
1,0,1.0,0.0,0.0,0.0,0.0,0.0,0.0,0.0,0.0,0.0,0.0,0.0,0.0
1,0,1.0,0.0,0.0,0.0,0.0,0.0,0.0,0.0,0.0,0.0,0.0,0.0,0.0
1,0,1.0,0.0,0.0,0.0,0.0,0.0,0.0,0.0,0.0,0.0,0.0,0.0,0.0
1,0,1.0,0.0,0.0,0.0,0.0,0.0,0.0,0.0,0.0,0.0,0.0,0.0,0.0
1,0,1.0,0.0,0.0,0.0,0.0,0.0,0.0,0.0,0.0,0.0,0.0,0.0,0.0
1,0,1.0,0.0,0.0,0.0,0.0,0.0,0.0,0.0,0.0,0.0,0.0,0.0,0.0
1,0,1.0,0.0,0.0,0.0,0.0,0.0,0.0,0.0,0.0,0.0,0.0,0.0,0.0
1,0,1.0,0.0,0.0,0.0,0.0,0.0,0.0,0.0,0.0,0.0,0.0,0.0,0.0
1,0,1.0,0.0,0.0,0.0,0.0,0.0,0.0,0.0,0.0,0.0,0.0,0.0,0.0
1,0,1.0,0.0,0.0,0.0,0.0,0.0,0.0,0.0,0.0,0.0,0.0,0.0,0.0
1,0,1.0,0.0,0.0,0.0,0.0,0.0,0.0,0.0,0.0,0.0,0.0,0.0,0.0
1,0,1.0,0.0,0.0,0.0,0.0,0.0,0.0,0.0,0.0,0.0,0.0,0.0,0.0
1,0,1.0,0.0,0.0,0.0,0.0,0.0,0.0,0.0,0.0,0.0,0.0,0.0,0.0
1,0,1.0,0.0,0.0,0.0,0.0,0.0,0.0,0.0,0.0,0.0,0.0,0.0,0.0
1,0,1.0,0.0,0.0,0.0,0.0,0.0,0.0,0.0,0.0,0.0,0.0,0.0,0.0
1,0,1.0,0.0,0.0,0.0,0.0,0.0,0.0,0.0,0.0,0.0,0.0,0.0,0.0
1,0,1.0,0.0,0.0,0.0,0.0,0.0,0.0,0.0,0.0,0.0,0.0,0.0,0.0
1,0,1.0,0.0,0.0,0.0,0.0,0.0,0.0,0.0,0.0,0.0,0.0,0.0,0.0
1,0,1.0,0.0,0.0,0.0,0.0,0.0,0.0,0.0,0.0,0.0,0.0,0.0,0.0
1,0,1.0,0.0,0.0,0.0,0.0,0.0,0.0,0.0,0.0,0.0,0.0,0.0,0.0
1,0,1.0,0.0,0.0,0.0,0.0,0.0,0.0,0.0,0.0,0.0,0.0,0.0,0.0
1,0,1.0,0.0,0.0,0.0,0.0,0.0,0.0,0.0,0.0,0.0,0.0,0.0,0.0
1,0,1.0,0.0,0.0,0.0,0.0,0.0,0.0,0.0,0.0,0.0,0.0,0.0,0.0
1,0,1.0,0.0,0.0,0.0,0.0,0.0,0.0,0.0,0.0,0.0,0.0,0.0,0.0
1,0,1.0,0.0,0.0,0.0,0.0,0.0,0.0,0.0,0.0,0.0,0.0,0.0,0.0
1,0,1.0,0.0,0.0,0.0,0.0,0.0,0.0,0.0,0.0,0.0,0.0,0.0,0.0
1,0,1.0,0.0,0.0,0.0,0.0,0.0,0.0,0.0,0.0,0.0,0.0,0.0,0.0
1,0,1.0,0.0,0.0,0.0,0.0,0.0,0.0,0.0,0.0,0.0,0.0,0.0,0.0
1,0,1.0,0.0,0.0,0.0,0.0,0.0,0.0,0.0,0.0,0.0,0.0,0.0,0.0
1,0,1.0,0.0,0.0,0.0,0.0,0.0,0.0,0.0,0.0,0.0,0.0,0.0,0.0
1,0,1.0,0.0,0.0,0.0,0.0,0.0,0.0,0.0,0.0,0.0,0.0,0.0,0.0
1,0,1.0,0.0,0.0,0.0,0.0,0.0,0.0,0.0,0.0,0.0,0.0,0.0,0.0
1,0,1.0,0.0,0.0,0.0,0.0,0.0,0.0,0.0,0.0,0.0,0.0,0.0,0.0
1,0,1.0,0.0,0.0,0.0,0.0,0.0,0.0,0.0,0.0,0.0,0.0,0.0,0.0
1,0,1.0,0.0,0.0,0.0,0.0,0.0,0.0,0.0,0.0,0.0,0.0,0.0,0.0
1,0,1.0,0.0,0.0,0.0,0.0,0.0,0.0,0.0,0.0,0.0,0.0,0.0,0.0
1,0,1.0,0.0,0.0,0.0,0.0,0.0,0.0,0.0,0.0,0.0,0.0,0.0,0.0
1,0,1.0,0.0,0.0,0.0,0.0,0.0,0.0,0.0,0.0,0.0,0.0,0.0,0.0
1,0,1.0,0.0,0.0,0.0,0.0,0.0,0.0,0.0,0.0,0.0,0.0,0.0,0.0
1,0,1.0,0.0,0.0,0.0,0.0,0.0,0.0,0.0,0.0,0.0,0.0,0.0,0.0
1,0,1.0,0.0,0.0,0.0,0.0,0.0,0.0,0.0,0.0,0.0,0.0,0.0,0.0
1,0,1.0,0.0,0.0,0.0,0.0,0.0,0.0,0.0,0.0,0.0,0.0,0.0,0.0
1,0,1.0,0.0,0.0,0.0,0.0,0.0,0.0,0.0,0.0,0.0,0.0,0.0,0.0
1,0,1.0,0.0,0.0,0.0,0.0,0.0,0.0,0.0,0.0,0.0,0.0,0.0,0.0
1,0,1.0,0.0,0.0,0.0,0.0,0.0,0.0,0.0,0.0,0.0,0.0,0.0,0.0
1,0,1.0,0.0,0.0,0.0,0.0,0.0,0.0,0.0,0.0,0.0,0.0,0.0,0.0
1,0,1.0,0.0,0.0,0.0,0.0,0.0,0.0,0.0,0.0,0.0,0.0,0.0,0.0
1,0,1.0,0.0,0.0,0.0,0.0,0.0,0.0,0.0,0.0,0.0,0.0,0.0,0.0
1,0,1.0,0.0,0.0,0.0,0.0,0.0,0.0,0.0,0.0,0.0,0.0,0.0,0.0
1,0,1.0,0.0,0.0,0.0,0.0,0.0,0.0,0.0,0.0,0.0,0.0,0.0,0.0
1,0,1.0,0.0,0.0,0.0,0.0,0.0,0.0,0.0,0.0,0.0,0.0,0.0,0.0
1,0,1.0,0.0,0.0,0.0,0.0,0.0,0.0,0.0,0.0,0.0,0.0,0.0,0.0
1,0,1.0,0.0,0.0,0.0,0.0,0.0,0.0,0.0,0.0,0.0,0.0,0.0,0.0
1,0,1.0,0.0,0.0,0.0,0.0,0.0,0.0,0.0,0.0,0.0,0.0,0.0,0.0
1,0,1.0,0.0,0.0,0.0,0.0,0.0,0.0,0.0,0.0,0.0,0.0,0.0,0.0
1,0,1.0,0.0,0.0,0.0,0.0,0.0,0.0,0.0,0.0,0.0,0.0,0.0,0.0
1,0,1.0,0.0,0.0,0.0,0.0,0.0,0.0,0.0,0.0,0.0,0.0,0.0,0.0
1,0,1.0,0.0,0.0,0.0,0.0,0.0,0.0,0.0,0.0,0.0,0.0,0.0,0.0
1,0,1.0,0.0,0.0,0.0,0.0,0.0,0.0,0.0,0.0,0.0,0.0,0.0,0.0
1,0,1.0,0.0,0.0,0.0,0.0,0.0,0.0,0.0,0.0,0.0,0.0,0.0,0.0
1,0,1.0,0.0,0.0,0.0,0.0,0.0,0.0,0.0,0.0,0.0,0.0,0.0,0.0
1,0,1.0,0.0,0.0,0.0,0.0,0.0,0.0,0.0,0.0,0.0,0.0,0.0,0.0
1,0,1.0,0.0,0.0,0.0,0.0,0.0,0.0,0.0,0.0,0.0,0.0,0.0,0.0
1,0,1.0,0.0,0.0,0.0,0.0,0.0,0.0,0.0,0.0,0.0,0.0,0.0,0.0
1,0,1.0,0.0,0.0,0.0,0.0,0.0,0.0,0.0,0.0,0.0,0.0,0.0,0.0
1,0,1.0,0.0,0.0,0.0,0.0,0.0,0.0,0.0,0.0,0.0,0.0,0.0,0.0
1,0,1.0,0.0,0.0,0.0,0.0,0.0,0.0,0.0,0.0,0.0,0.0,0.0,0.0
1,0,1.0,0.0,0.0,0.0,0.0,0.0,0.0,0.0,0.0,0.0,0.0,0.0,0.0
1,0,1.0,0.0,0.0,0.0,0.0,0.0,0.0,0.0,0.0,0.0,0.0,0.0,0.0
1,0,1.0,0.0,0.0,0.0,0.0,0.0,0.0,0.0,0.0,0.0,0.0,0.0,0.0
1,0,1.0,0.0,0.0,0.0,0.0,0.0,0.0,0.0,0.0,0.0,0.0,0.0,0.0
1,0,1.0,0.0,0.0,0.0,0.0,0.0,0.0,0.0,0.0,0.0,0.0,0.0,0.0
1,0,1.0,0.0,0.0,0.0,0.0,0.0,0.0,0.0,0.0,0.0,0.0,0.0,0.0
1,0,1.0,0.0,0.0,0.0,0.0,0.0,0.0,0.0,0.0,0.0,0.0,0.0,0.0
1,0,1.0,0.0,0.0,0.0,0.0,0.0,0.0,0.0,0.0,0.0,0.0,0.0,0.0
1,0,1.0,0.0,0.0,0.0,0.0,0.0,0.0,0.0,0.0,0.0,0.0,0.0,0.0
1,0,1.0,0.0,0.0,0.0,0.0,0.0,0.0,0.0,0.0,0.0,0.0,0.0,0.0
1,0,0.93708026,0.0,0.0,0.06291972,0.0,0.0,0.0,0.0,0.0,0.0,0.0,0.0,0.0
1,0,0.93708026,0.0,0.0,0.06291972,0.0,0.0,0.0,0.0,0.0,0.0,0.0,0.0,0.0
1,0,0.93708026,0.0,0.0,0.06291972,0.0,0.0,0.0,0.0,0.0,0.0,0.0,0.0,0.0
1,0,0.93708026,0.0,0.0,0.06291972,0.0,0.0,0.0,0.0,0.0,0.0,0.0,0.0,0.0
1,0,0.93708026,0.0,0.0,0.06291972,0.0,0.0,0.0,0.0,0.0,0.0,0.0,0.0,0.0
1,0,0.93708026,0.0,0.0,0.06291972,0.0,0.0,0.0,0.0,0.0,0.0,0.0,0.0,0.0
1,0,0.93708026,0.0,0.0,0.06291972,0.0,0.0,0.0,0.0,0.0,0.0,0.0,0.0,0.0
1,0,0.93708026,0.0,0.0,0.06291972,0.0,0.0,0.0,0.0,0.0,0.0,0.0,0.0,0.0
1,0,0.93708026,0.0,0.0,0.06291972,0.0,0.0,0.0,0.0,0.0,0.0,0.0,0.0,0.0
1,0,0.93708026,0.0,0.0,0.06291972,0.0,0.0,0.0,0.0,0.0,0.0,0.0,0.0,0.0
1,0,0.93708026,0.0,0.0,0.06291972,0.0,0.0,0.0,0.0,0.0,0.0,0.0,0.0,0.0
1,0,0.93708026,0.0,0.0,0.06291972,0.0,0.0,0.0,0.0,0.0,0.0,0.0,0.0,0.0
1,0,0.93708026,0.0,0.0,0.06291972,0.0,0.0,0.0,0.0,0.0,0.0,0.0,0.0,0.0
1,0,0.93708026,0.0,0.0,0.06291972,0.0,0.0,0.0,0.0,0.0,0.0,0.0,0.0,0.0
1,0,0.93708026,0.0,0.0,0.06291972,0.0,0.0,0.0,0.0,0.0,0.0,0.0,0.0,0.0
1,0,0.93708026,0.0,0.0,0.06291972,0.0,0.0,0.0,0.0,0.0,0.0,0.0,0.0,0.0
1,0,0.93708026,0.0,0.0,0.06291972,0.0,0.0,0.0,0.0,0.0,0.0,0.0,0.0,0.0
1,0,0.93708026,0.0,0.0,0.06291972,0.0,0.0,0.0,0.0,0.0,0.0,0.0,0.0,0.0
1,0,0.93708026,0.0,0.0,0.06291972,0.0,0.0,0.0,0.0,0.0,0.0,0.0,0.0,0.0
1,0,0.93708026,0.0,0.0,0.06291972,0.0,0.0,0.0,0.0,0.0,0.0,0.0,0.0,0.0
1,0,0.93708026,0.0,0.0,0.06291972,0.0,0.0,0.0,0.0,0.0,0.0,0.0,0.0,0.0
1,0,0.93708026,0.0,0.0,0.06291972,0.0,0.0,0.0,0.0,0.0,0.0,0.0,0.0,0.0
1,0,0.93708026,0.0,0.0,0.06291972,0.0,0.0,0.0,0.0,0.0,0.0,0.0,0.0,0.0
1,0,0.93708026,0.0,0.0,0.06291972,0.0,0.0,0.0,0.0,0.0,0.0,0.0,0.0,0.0
1,0,0.93708026,0.0,0.0,0.06291972,0.0,0.0,0.0,0.0,0.0,0.0,0.0,0.0,0.0
1,0,0.93708026,0.0,0.0,0.06291972,0.0,0.0,0.0,0.0,0.0,0.0,0.0,0.0,0.0
1,0,0.93708026,0.0,0.0,0.06291972,0.0,0.0,0.0,0.0,0.0,0.0,0.0,0.0,0.0
1,0,0.93708026,0.0,0.0,0.06291972,0.0,0.0,0.0,0.0,0.0,0.0,0.0,0.0,0.0
1,0,0.93708026,0.0,0.0,0.06291972,0.0,0.0,0.0,0.0,0.0,0.0,0.0,0.0,0.0
1,0,0.93708026,0.0,0.0,0.06291972,0.0,0.0,0.0,0.0,0.0,0.0,0.0,0.0,0.0
1,0,0.93708026,0.0,0.0,0.06291972,0.0,0.0,0.0,0.0,0.0,0.0,0.0,0.0,0.0
1,0,0.93708026,0.0,0.0,0.06291972,0.0,0.0,0.0,0.0,0.0,0.0,0.0,0.0,0.0
1,0,0.93708026,0.0,0.0,0.06291972,0.0,0.0,0.0,0.0,0.0,0.0,0.0,0.0,0.0
1,0,0.93708026,0.0,0.0,0.06291972,0.0,0.0,0.0,0.0,0.0,0.0,0.0,0.0,0.0
1,0,0.93708026,0.0,0.0,0.06291972,0.0,0.0,0.0,0.0,0.0,0.0,0.0,0.0,0.0
1,0,0.93708026,0.0,0.0,0.06291972,0.0,0.0,0.0,0.0,0.0,0.0,0.0,0.0,0.0
1,0,0.93708026,0.0,0.0,0.06291972,0.0,0.0,0.0,0.0,0.0,0.0,0.0,0.0,0.0
1,0,0.93708026,0.0,0.0,0.06291972,0.0,0.0,0.0,0.0,0.0,0.0,0.0,0.0,0.0
1,0,0.93708026,0.0,0.0,0.06291972,0.0,0.0,0.0,0.0,0.0,0.0,0.0,0.0,0.0
1,0,0.93708026,0.0,0.0,0.06291972,0.0,0.0,0.0,0.0,0.0,0.0,0.0,0.0,0.0
1,0,0.93708026,0.0,0.0,0.06291972,0.0,0.0,0.0,0.0,0.0,0.0,0.0,0.0,0.0
1,0,0.93708026,0.0,0.0,0.06291972,0.0,0.0,0.0,0.0,0.0,0.0,0.0,0.0,0.0
1,0,0.93708026,0.0,0.0,0.06291972,0.0,0.0,0.0,0.0,0.0,0.0,0.0,0.0,0.0
1,0,0.93708026,0.0,0.0,0.06291972,0.0,0.0,0.0,0.0,0.0,0.0,0.0,0.0,0.0
1,0,0.93708026,0.0,0.0,0.06291972,0.0,0.0,0.0,0.0,0.0,0.0,0.0,0.0,0.0
1,0,0.93708026,0.0,0.0,0.06291972,0.0,0.0,0.0,0.0,0.0,0.0,0.0,0.0,0.0
1,0,0.93708026,0.0,0.0,0.06291972,0.0,0.0,0.0,0.0,0.0,0.0,0.0,0.0,0.0
1,0,0.93708026,0.0,0.0,0.06291972,0.0,0.0,0.0,0.0,0.0,0.0,0.0,0.0,0.0
1,0,0.93708026,0.0,0.0,0.06291972,0.0,0.0,0.0,0.0,0.0,0.0,0.0,0.0,0.0
1,0,0.93708026,0.0,0.0,0.06291972,0.0,0.0,0.0,0.0,0.0,0.0,0.0,0.0,0.0
1,0,0.93708026,0.0,0.0,0.06291972,0.0,0.0,0.0,0.0,0.0,0.0,0.0,0.0,0.0
1,0,0.93708026,0.0,0.0,0.06291972,0.0,0.0,0.0,0.0,0.0,0.0,0.0,0.0,0.0
1,0,0.93708026,0.0,0.0,0.06291972,0.0,0.0,0.0,0.0,0.0,0.0,0.0,0.0,0.0
1,0,0.93708026,0.0,0.0,0.06291972,0.0,0.0,0.0,0.0,0.0,0.0,0.0,0.0,0.0
1,0,0.93708026,0.0,0.0,0.06291972,0.0,0.0,0.0,0.0,0.0,0.0,0.0,0.0,0.0
1,0,0.93708026,0.0,0.0,0.06291972,0.0,0.0,0.0,0.0,0.0,0.0,0.0,0.0,0.0
1,0,0.93708026,0.0,0.0,0.06291972,0.0,0.0,0.0,0.0,0.0,0.0,0.0,0.0,0.0
1,0,0.93708026,0.0,0.0,0.06291972,0.0,0.0,0.0,0.0,0.0,0.0,0.0,0.0,0.0
1,0,0.93708026,0.0,0.0,0.06291972,0.0,0.0,0.0,0.0,0.0,0.0,0.0,0.0,0.0
1,0,0.93708026,0.0,0.0,0.06291972,0.0,0.0,0.0,0.0,0.0,0.0,0.0,0.0,0.0
1,0,0.93708026,0.0,0.0,0.06291972,0.0,0.0,0.0,0.0,0.0,0.0,0.0,0.0,0.0
1,0,0.93708026,0.0,0.0,0.06291972,0.0,0.0,0.0,0.0,0.0,0.0,0.0,0.0,0.0
1,0,0.93708026,0.0,0.0,0.06291972,0.0,0.0,0.0,0.0,0.0,0.0,0.0,0.0,0.0
1,0,0.93708026,0.0,0.0,0.06291972,0.0,0.0,0.0,0.0,0.0,0.0,0.0,0.0,0.0
1,0,0.93708026,0.0,0.0,0.06291972,0.0,0.0,0.0,0.0,0.0,0.0,0.0,0.0,0.0
1,0,0.93708026,0.0,0.0,0.06291972,0.0,0.0,0.0,0.0,0.0,0.0,0.0,0.0,0.0
1,0,0.93708026,0.0,0.0,0.06291972,0.0,0.0,0.0,0.0,0.0,0.0,0.0,0.0,0.0
1,0,0.93708026,0.0,0.0,0.06291972,0.0,0.0,0.0,0.0,0.0,0.0,0.0,0.0,0.0
1,0,0.93708026,0.0,0.0,0.06291972,0.0,0.0,0.0,0.0,0.0,0.0,0.0,0.0,0.0
1,0,0.93708026,0.0,0.0,0.06291972,0.0,0.0,0.0,0.0,0.0,0.0,0.0,0.0,0.0
1,0,0.93708026,0.0,0.0,0.06291972,0.0,0.0,0.0,0.0,0.0,0.0,0.0,0.0,0.0
1,0,0.93708026,0.0,0.0,0.06291972,0.0,0.0,0.0,0.0,0.0,0.0,0.0,0.0,0.0
1,0,0.93708026,0.0,0.0,0.06291972,0.0,0.0,0.0,0.0,0.0,0.0,0.0,0.0,0.0
1,0,0.93708026,0.0,0.0,0.06291972,0.0,0.0,0.0,0.0,0.0,0.0,0.0,0.0,0.0
1,0,0.93708026,0.0,0.0,0.06291972,0.0,0.0,0.0,0.0,0.0,0.0,0.0,0.0,0.0
1,0,0.93708026,0.0,0.0,0.06291972,0.0,0.0,0.0,0.0,0.0,0.0,0.0,0.0,0.0
1,0,0.93708026,0.0,0.0,0.06291972,0.0,0.0,0.0,0.0,0.0,0.0,0.0,0.0,0.0
1,0,0.93708026,0.0,0.0,0.06291972,0.0,0.0,0.0,0.0,0.0,0.0,0.0,0.0,0.0
1,0,0.93708026,0.0,0.0,0.06291972,0.0,0.0,0.0,0.0,0.0,0.0,0.0,0.0,0.0
1,0,0.93708026,0.0,0.0,0.06291972,0.0,0.0,0.0,0.0,0.0,0.0,0.0,0.0,0.0
1,0,0.93708026,0.0,0.0,0.06291972,0.0,0.0,0.0,0.0,0.0,0.0,0.0,0.0,0.0
1,0,0.93708026,0.0,0.0,0.06291972,0.0,0.0,0.0,0.0,0.0,0.0,0.0,0.0,0.0
1,0,0.93708026,0.0,0.0,0.06291972,0.0,0.0,0.0,0.0,0.0,0.0,0.0,0.0,0.0
1,0,0.93708026,0.0,0.0,0.06291972,0.0,0.0,0.0,0.0,0.0,0.0,0.0,0.0,0.0
1,0,0.93708026,0.0,0.0,0.06291972,0.0,0.0,0.0,0.0,0.0,0.0,0.0,0.0,0.0
1,0,0.93708026,0.0,0.0,0.06291972,0.0,0.0,0.0,0.0,0.0,0.0,0.0,0.0,0.0
1,0,0.93708026,0.0,0.0,0.06291972,0.0,0.0,0.0,0.0,0.0,0.0,0.0,0.0,0.0
1,0,0.93708026,0.0,0.0,0.06291972,0.0,0.0,0.0,0.0,0.0,0.0,0.0,0.0,0.0
1,0,0.93708026,0.0,0.0,0.06291972,0.0,0.0,0.0,0.0,0.0,0.0,0.0,0.0,0.0
1,0,0.93708026,0.0,0.0,0.06291972,0.0,0.0,0.0,0.0,0.0,0.0,0.0,0.0,0.0
1,0,0.93708026,0.0,0.0,0.06291972,0.0,0.0,0.0,0.0,0.0,0.0,0.0,0.0,0.0
1,0,0.93708026,0.0,0.0,0.06291972,0.0,0.0,0.0,0.0,0.0,0.0,0.0,0.0,0.0
1,0,0.93708026,0.0,0.0,0.06291972,0.0,0.0,0.0,0.0,0.0,0.0,0.0,0.0,0.0
1,0,0.93708026,0.0,0.0,0.06291972,0.0,0.0,0.0,0.0,0.0,0.0,0.0,0.0,0.0
1,0,0.93708026,0.0,0.0,0.06291972,0.0,0.0,0.0,0.0,0.0,0.0,0.0,0.0,0.0
1,0,0.93708026,0.0,0.0,0.06291972,0.0,0.0,0.0,0.0,0.0,0.0,0.0,0.0,0.0
1,0,0.93708026,0.0,0.0,0.06291972,0.0,0.0,0.0,0.0,0.0,0.0,0.0,0.0,0.0
1,0,0.93708026,0.0,0.0,0.06291972,0.0,0.0,0.0,0.0,0.0,0.0,0.0,0.0,0.0
1,0,0.93708026,0.0,0.0,0.06291972,0.0,0.0,0.0,0.0,0.0,0.0,0.0,0.0,0.0
1,0,0.93708026,0.0,0.0,0.06291972,0.0,0.0,0.0,0.0,0.0,0.0,0.0,0.0,0.0
1,0,0.93708026,0.0,0.0,0.06291972,0.0,0.0,0.0,0.0,0.0,0.0,0.0,0.0,0.0
1,0,0.93708026,0.0,0.0,0.06291972,0.0,0.0,0.0,0.0,0.0,0.0,0.0,0.0,0.0
1,0,0.93708026,0.0,0.0,0.06291972,0.0,0.0,0.0,0.0,0.0,0.0,0.0,0.0,0.0
1,0,0.93708026,0.0,0.0,0.06291972,0.0,0.0,0.0,0.0,0.0,0.0,0.0,0.0,0.0
1,0,0.93708026,0.0,0.0,0.06291972,0.0,0.0,0.0,0.0,0.0,0.0,0.0,0.0,0.0
1,0,0.93708026,0.0,0.0,0.06291972,0.0,0.0,0.0,0.0,0.0,0.0,0.0,0.0,0.0
1,0,0.93708026,0.0,0.0,0.06291972,0.0,0.0,0.0,0.0,0.0,0.0,0.0,0.0,0.0
1,0,0.93708026,0.0,0.0,0.06291972,0.0,0.0,0.0,0.0,0.0,0.0,0.0,0.0,0.0
1,0,0.93708026,0.0,0.0,0.06291972,0.0,0.0,0.0,0.0,0.0,0.0,0.0,0.0,0.0
1,0,0.93708026,0.0,0.0,0.06291972,0.0,0.0,0.0,0.0,0.0,0.0,0.0,0.0,0.0
1,0,0.93708026,0.0,0.0,0.06291972,0.0,0.0,0.0,0.0,0.0,0.0,0.0,0.0,0.0
1,0,0.93708026,0.0,0.0,0.06291972,0.0,0.0,0.0,0.0,0.0,0.0,0.0,0.0,0.0
1,0,1.0,0.0,0.0,0.0,0.0,0.0,0.0,0.0,0.0,0.0,0.0,0.0,0.0
1,0,1.0,0.0,0.0,0.0,0.0,0.0,0.0,0.0,0.0,0.0,0.0,0.0,0.0
1,0,1.0,0.0,0.0,0.0,0.0,0.0,0.0,0.0,0.0,0.0,0.0,0.0,0.0
1,0,1.0,0.0,0.0,0.0,0.0,0.0,0.0,0.0,0.0,0.0,0.0,0.0,0.0
1,0,1.0,0.0,0.0,0.0,0.0,0.0,0.0,0.0,0.0,0.0,0.0,0.0,0.0
1,0,1.0,0.0,0.0,0.0,0.0,0.0,0.0,0.0,0.0,0.0,0.0,0.0,0.0
1,0,1.0,0.0,0.0,0.0,0.0,0.0,0.0,0.0,0.0,0.0,0.0,0.0,0.0
1,0,1.0,0.0,0.0,0.0,0.0,0.0,0.0,0.0,0.0,0.0,0.0,0.0,0.0
1,0,1.0,0.0,0.0,0.0,0.0,0.0,0.0,0.0,0.0,0.0,0.0,0.0,0.0
1,0,1.0,0.0,0.0,0.0,0.0,0.0,0.0,0.0,0.0,0.0,0.0,0.0,0.0
1,0,1.0,0.0,0.0,0.0,0.0,0.0,0.0,0.0,0.0,0.0,0.0,0.0,0.0
1,0,1.0,0.0,0.0,0.0,0.0,0.0,0.0,0.0,0.0,0.0,0.0,0.0,0.0
1,0,1.0,0.0,0.0,0.0,0.0,0.0,0.0,0.0,0.0,0.0,0.0,0.0,0.0
1,0,1.0,0.0,0.0,0.0,0.0,0.0,0.0,0.0,0.0,0.0,0.0,0.0,0.0
1,0,1.0,0.0,0.0,0.0,0.0,0.0,0.0,0.0,0.0,0.0,0.0,0.0,0.0
1,0,1.0,0.0,0.0,0.0,0.0,0.0,0.0,0.0,0.0,0.0,0.0,0.0,0.0
1,0,1.0,0.0,0.0,0.0,0.0,0.0,0.0,0.0,0.0,0.0,0.0,0.0,0.0
1,0,1.0,0.0,0.0,0.0,0.0,0.0,0.0,0.0,0.0,0.0,0.0,0.0,0.0
1,0,1.0,0.0,0.0,0.0,0.0,0.0,0.0,0.0,0.0,0.0,0.0,0.0,0.0
1,0,1.0,0.0,0.0,0.0,0.0,0.0,0.0,0.0,0.0,0.0,0.0,0.0,0.0
1,0,1.0,0.0,0.0,0.0,0.0,0.0,0.0,0.0,0.0,0.0,0.0,0.0,0.0
1,0,1.0,0.0,0.0,0.0,0.0,0.0,0.0,0.0,0.0,0.0,0.0,0.0,0.0
1,0,1.0,0.0,0.0,0.0,0.0,0.0,0.0,0.0,0.0,0.0,0.0,0.0,0.0
1,0,1.0,0.0,0.0,0.0,0.0,0.0,0.0,0.0,0.0,0.0,0.0,0.0,0.0
1,0,1.0,0.0,0.0,0.0,0.0,0.0,0.0,0.0,0.0,0.0,0.0,0.0,0.0
1,0,1.0,0.0,0.0,0.0,0.0,0.0,0.0,0.0,0.0,0.0,0.0,0.0,0.0
1,0,1.0,0.0,0.0,0.0,0.0,0.0,0.0,0.0,0.0,0.0,0.0,0.0,0.0
1,0,1.0,0.0,0.0,0.0,0.0,0.0,0.0,0.0,0.0,0.0,0.0,0.0,0.0
1,0,1.0,0.0,0.0,0.0,0.0,0.0,0.0,0.0,0.0,0.0,0.0,0.0,0.0
1,0,1.0,0.0,0.0,0.0,0.0,0.0,0.0,0.0,0.0,0.0,0.0,0.0,0.0
1,0,1.0,0.0,0.0,0.0,0.0,0.0,0.0,0.0,0.0,0.0,0.0,0.0,0.0
1,0,1.0,0.0,0.0,0.0,0.0,0.0,0.0,0.0,0.0,0.0,0.0,0.0,0.0
1,0,1.0,0.0,0.0,0.0,0.0,0.0,0.0,0.0,0.0,0.0,0.0,0.0,0.0
1,0,1.0,0.0,0.0,0.0,0.0,0.0,0.0,0.0,0.0,0.0,0.0,0.0,0.0
1,0,1.0,0.0,0.0,0.0,0.0,0.0,0.0,0.0,0.0,0.0,0.0,0.0,0.0
1,0,1.0,0.0,0.0,0.0,0.0,0.0,0.0,0.0,0.0,0.0,0.0,0.0,0.0
1,0,1.0,0.0,0.0,0.0,0.0,0.0,0.0,0.0,0.0,0.0,0.0,0.0,0.0
1,0,1.0,0.0,0.0,0.0,0.0,0.0,0.0,0.0,0.0,0.0,0.0,0.0,0.0
1,0,1.0,0.0,0.0,0.0,0.0,0.0,0.0,0.0,0.0,0.0,0.0,0.0,0.0
1,0,1.0,0.0,0.0,0.0,0.0,0.0,0.0,0.0,0.0,0.0,0.0,0.0,0.0
1,0,1.0,0.0,0.0,0.0,0.0,0.0,0.0,0.0,0.0,0.0,0.0,0.0,0.0
1,0,1.0,0.0,0.0,0.0,0.0,0.0,0.0,0.0,0.0,0.0,0.0,0.0,0.0
1,0,1.0,0.0,0.0,0.0,0.0,0.0,0.0,0.0,0.0,0.0,0.0,0.0,0.0
1,0,1.0,0.0,0.0,0.0,0.0,0.0,0.0,0.0,0.0,0.0,0.0,0.0,0.0
1,0,1.0,0.0,0.0,0.0,0.0,0.0,0.0,0.0,0.0,0.0,0.0,0.0,0.0
1,0,1.0,0.0,0.0,0.0,0.0,0.0,0.0,0.0,0.0,0.0,0.0,0.0,0.0
1,0,1.0,0.0,0.0,0.0,0.0,0.0,0.0,0.0,0.0,0.0,0.0,0.0,0.0
1,0,1.0,0.0,0.0,0.0,0.0,0.0,0.0,0.0,0.0,0.0,0.0,0.0,0.0
1,0,1.0,0.0,0.0,0.0,0.0,0.0,0.0,0.0,0.0,0.0,0.0,0.0,0.0
1,0,1.0,0.0,0.0,0.0,0.0,0.0,0.0,0.0,0.0,0.0,0.0,0.0,0.0
1,0,1.0,0.0,0.0,0.0,0.0,0.0,0.0,0.0,0.0,0.0,0.0,0.0,0.0
1,0,1.0,0.0,0.0,0.0,0.0,0.0,0.0,0.0,0.0,0.0,0.0,0.0,0.0
1,0,1.0,0.0,0.0,0.0,0.0,0.0,0.0,0.0,0.0,0.0,0.0,0.0,0.0
1,0,1.0,0.0,0.0,0.0,0.0,0.0,0.0,0.0,0.0,0.0,0.0,0.0,0.0
1,0,1.0,0.0,0.0,0.0,0.0,0.0,0.0,0.0,0.0,0.0,0.0,0.0,0.0
1,0,1.0,0.0,0.0,0.0,0.0,0.0,0.0,0.0,0.0,0.0,0.0,0.0,0.0
1,0,1.0,0.0,0.0,0.0,0.0,0.0,0.0,0.0,0.0,0.0,0.0,0.0,0.0
1,0,1.0,0.0,0.0,0.0,0.0,0.0,0.0,0.0,0.0,0.0,0.0,0.0,0.0
1,0,1.0,0.0,0.0,0.0,0.0,0.0,0.0,0.0,0.0,0.0,0.0,0.0,0.0
1,0,1.0,0.0,0.0,0.0,0.0,0.0,0.0,0.0,0.0,0.0,0.0,0.0,0.0
1,0,1.0,0.0,0.0,0.0,0.0,0.0,0.0,0.0,0.0,0.0,0.0,0.0,0.0
1,0,1.0,0.0,0.0,0.0,0.0,0.0,0.0,0.0,0.0,0.0,0.0,0.0,0.0
1,0,1.0,0.0,0.0,0.0,0.0,0.0,0.0,0.0,0.0,0.0,0.0,0.0,0.0
1,0,1.0,0.0,0.0,0.0,0.0,0.0,0.0,0.0,0.0,0.0,0.0,0.0,0.0
1,0,1.0,0.0,0.0,0.0,0.0,0.0,0.0,0.0,0.0,0.0,0.0,0.0,0.0
1,0,1.0,0.0,0.0,0.0,0.0,0.0,0.0,0.0,0.0,0.0,0.0,0.0,0.0
1,0,1.0,0.0,0.0,0.0,0.0,0.0,0.0,0.0,0.0,0.0,0.0,0.0,0.0
1,0,1.0,0.0,0.0,0.0,0.0,0.0,0.0,0.0,0.0,0.0,0.0,0.0,0.0
1,0,1.0,0.0,0.0,0.0,0.0,0.0,0.0,0.0,0.0,0.0,0.0,0.0,0.0
1,0,1.0,0.0,0.0,0.0,0.0,0.0,0.0,0.0,0.0,0.0,0.0,0.0,0.0
1,0,1.0,0.0,0.0,0.0,0.0,0.0,0.0,0.0,0.0,0.0,0.0,0.0,0.0
1,0,1.0,0.0,0.0,0.0,0.0,0.0,0.0,0.0,0.0,0.0,0.0,0.0,0.0
1,0,1.0,0.0,0.0,0.0,0.0,0.0,0.0,0.0,0.0,0.0,0.0,0.0,0.0
1,0,1.0,0.0,0.0,0.0,0.0,0.0,0.0,0.0,0.0,0.0,0.0,0.0,0.0
1,0,1.0,0.0,0.0,0.0,0.0,0.0,0.0,0.0,0.0,0.0,0.0,0.0,0.0
1,0,1.0,0.0,0.0,0.0,0.0,0.0,0.0,0.0,0.0,0.0,0.0,0.0,0.0
1,0,1.0,0.0,0.0,0.0,0.0,0.0,0.0,0.0,0.0,0.0,0.0,0.0,0.0
1,0,1.0,0.0,0.0,0.0,0.0,0.0,0.0,0.0,0.0,0.0,0.0,0.0,0.0
1,0,1.0,0.0,0.0,0.0,0.0,0.0,0.0,0.0,0.0,0.0,0.0,0.0,0.0
1,0,1.0,0.0,0.0,0.0,0.0,0.0,0.0,0.0,0.0,0.0,0.0,0.0,0.0
1,0,1.0,0.0,0.0,0.0,0.0,0.0,0.0,0.0,0.0,0.0,0.0,0.0,0.0
1,0,1.0,0.0,0.0,0.0,0.0,0.0,0.0,0.0,0.0,0.0,0.0,0.0,0.0
1,0,1.0,0.0,0.0,0.0,0.0,0.0,0.0,0.0,0.0,0.0,0.0,0.0,0.0
1,0,1.0,0.0,0.0,0.0,0.0,0.0,0.0,0.0,0.0,0.0,0.0,0.0,0.0
1,0,1.0,0.0,0.0,0.0,0.0,0.0,0.0,0.0,0.0,0.0,0.0,0.0,0.0
1,0,1.0,0.0,0.0,0.0,0.0,0.0,0.0,0.0,0.0,0.0,0.0,0.0,0.0
1,0,1.0,0.0,0.0,0.0,0.0,0.0,0.0,0.0,0.0,0.0,0.0,0.0,0.0
1,0,1.0,0.0,0.0,0.0,0.0,0.0,0.0,0.0,0.0,0.0,0.0,0.0,0.0
1,0,1.0,0.0,0.0,0.0,0.0,0.0,0.0,0.0,0.0,0.0,0.0,0.0,0.0
1,0,1.0,0.0,0.0,0.0,0.0,0.0,0.0,0.0,0.0,0.0,0.0,0.0,0.0
1,0,1.0,0.0,0.0,0.0,0.0,0.0,0.0,0.0,0.0,0.0,0.0,0.0,0.0
1,0,1.0,0.0,0.0,0.0,0.0,0.0,0.0,0.0,0.0,0.0,0.0,0.0,0.0
1,0,1.0,0.0,0.0,0.0,0.0,0.0,0.0,0.0,0.0,0.0,0.0,0.0,0.0
1,0,1.0,0.0,0.0,0.0,0.0,0.0,0.0,0.0,0.0,0.0,0.0,0.0,0.0
1,0,1.0,0.0,0.0,0.0,0.0,0.0,0.0,0.0,0.0,0.0,0.0,0.0,0.0
1,0,1.0,0.0,0.0,0.0,0.0,0.0,0.0,0.0,0.0,0.0,0.0,0.0,0.0
1,0,1.0,0.0,0.0,0.0,0.0,0.0,0.0,0.0,0.0,0.0,0.0,0.0,0.0
1,0,1.0,0.0,0.0,0.0,0.0,0.0,0.0,0.0,0.0,0.0,0.0,0.0,0.0
1,0,1.0,0.0,0.0,0.0,0.0,0.0,0.0,0.0,0.0,0.0,0.0,0.0,0.0
1,0,1.0,0.0,0.0,0.0,0.0,0.0,0.0,0.0,0.0,0.0,0.0,0.0,0.0
1,0,1.0,0.0,0.0,0.0,0.0,0.0,0.0,0.0,0.0,0.0,0.0,0.0,0.0
1,0,1.0,0.0,0.0,0.0,0.0,0.0,0.0,0.0,0.0,0.0,0.0,0.0,0.0
1,0,1.0,0.0,0.0,0.0,0.0,0.0,0.0,0.0,0.0,0.0,0.0,0.0,0.0
1,0,1.0,0.0,0.0,0.0,0.0,0.0,0.0,0.0,0.0,0.0,0.0,0.0,0.0
1,0,1.0,0.0,0.0,0.0,0.0,0.0,0.0,0.0,0.0,0.0,0.0,0.0,0.0
1,0,1.0,0.0,0.0,0.0,0.0,0.0,0.0,0.0,0.0,0.0,0.0,0.0,0.0
1,0,1.0,0.0,0.0,0.0,0.0,0.0,0.0,0.0,0.0,0.0,0.0,0.0,0.0
1,0,1.0,0.0,0.0,0.0,0.0,0.0,0.0,0.0,0.0,0.0,0.0,0.0,0.0
1,0,1.0,0.0,0.0,0.0,0.0,0.0,0.0,0.0,0.0,0.0,0.0,0.0,0.0
1,0,1.0,0.0,0.0,0.0,0.0,0.0,0.0,0.0,0.0,0.0,0.0,0.0,0.0
1,0,1.0,0.0,0.0,0.0,0.0,0.0,0.0,0.0,0.0,0.0,0.0,0.0,0.0
1,0,1.0,0.0,0.0,0.0,0.0,0.0,0.0,0.0,0.0,0.0,0.0,0.0,0.0
1,0,1.0,0.0,0.0,0.0,0.0,0.0,0.0,0.0,0.0,0.0,0.0,0.0,0.0
1,0,1.0,0.0,0.0,0.0,0.0,0.0,0.0,0.0,0.0,0.0,0.0,0.0,0.0
1,0,1.0,0.0,0.0,0.0,0.0,0.0,0.0,0.0,0.0,0.0,0.0,0.0,0.0
1,0,1.0,0.0,0.0,0.0,0.0,0.0,0.0,0.0,0.0,0.0,0.0,0.0,0.0
1,0,1.0,0.0,0.0,0.0,0.0,0.0,0.0,0.0,0.0,0.0,0.0,0.0,0.0
1,0,1.0,0.0,0.0,0.0,0.0,0.0,0.0,0.0,0.0,0.0,0.0,0.0,0.0
1,0,1.0,0.0,0.0,0.0,0.0,0.0,0.0,0.0,0.0,0.0,0.0,0.0,0.0
1,0,1.0,0.0,0.0,0.0,0.0,0.0,0.0,0.0,0.0,0.0,0.0,0.0,0.0
1,0,1.0,0.0,0.0,0.0,0.0,0.0,0.0,0.0,0.0,0.0,0.0,0.0,0.0
1,0,1.0,0.0,0.0,0.0,0.0,0.0,0.0,0.0,0.0,0.0,0.0,0.0,0.0
1,0,1.0,0.0,0.0,0.0,0.0,0.0,0.0,0.0,0.0,0.0,0.0,0.0,0.0
1,0,1.0,0.0,0.0,0.0,0.0,0.0,0.0,0.0,0.0,0.0,0.0,0.0,0.0
1,0,1.0,0.0,0.0,0.0,0.0,0.0,0.0,0.0,0.0,0.0,0.0,0.0,0.0
1,0,1.0,0.0,0.0,0.0,0.0,0.0,0.0,0.0,0.0,0.0,0.0,0.0,0.0
1,0,1.0,0.0,0.0,0.0,0.0,0.0,0.0,0.0,0.0,0.0,0.0,0.0,0.0
1,0,1.0,0.0,0.0,0.0,0.0,0.0,0.0,0.0,0.0,0.0,0.0,0.0,0.0
1,0,1.0,0.0,0.0,0.0,0.0,0.0,0.0,0.0,0.0,0.0,0.0,0.0,0.0
1,0,1.0,0.0,0.0,0.0,0.0,0.0,0.0,0.0,0.0,0.0,0.0,0.0,0.0
1,0,1.0,0.0,0.0,0.0,0.0,0.0,0.0,0.0,0.0,0.0,0.0,0.0,0.0
1,0,1.0,0.0,0.0,0.0,0.0,0.0,0.0,0.0,0.0,0.0,0.0,0.0,0.0
1,0,1.0,0.0,0.0,0.0,0.0,0.0,0.0,0.0,0.0,0.0,0.0,0.0,0.0
1,0,1.0,0.0,0.0,0.0,0.0,0.0,0.0,0.0,0.0,0.0,0.0,0.0,0.0
1,0,1.0,0.0,0.0,0.0,0.0,0.0,0.0,0.0,0.0,0.0,0.0,0.0,0.0
1,0,1.0,0.0,0.0,0.0,0.0,0.0,0.0,0.0,0.0,0.0,0.0,0.0,0.0
1,0,1.0,0.0,0.0,0.0,0.0,0.0,0.0,0.0,0.0,0.0,0.0,0.0,0.0
1,0,1.0,0.0,0.0,0.0,0.0,0.0,0.0,0.0,0.0,0.0,0.0,0.0,0.0
1,0,1.0,0.0,0.0,0.0,0.0,0.0,0.0,0.0,0.0,0.0,0.0,0.0,0.0
1,0,1.0,0.0,0.0,0.0,0.0,0.0,0.0,0.0,0.0,0.0,0.0,0.0,0.0
1,0,1.0,0.0,0.0,0.0,0.0,0.0,0.0,0.0,0.0,0.0,0.0,0.0,0.0
1,0,1.0,0.0,0.0,0.0,0.0,0.0,0.0,0.0,0.0,0.0,0.0,0.0,0.0
1,0,1.0,0.0,0.0,0.0,0.0,0.0,0.0,0.0,0.0,0.0,0.0,0.0,0.0
1,0,1.0,0.0,0.0,0.0,0.0,0.0,0.0,0.0,0.0,0.0,0.0,0.0,0.0
1,0,1.0,0.0,0.0,0.0,0.0,0.0,0.0,0.0,0.0,0.0,0.0,0.0,0.0
1,0,1.0,0.0,0.0,0.0,0.0,0.0,0.0,0.0,0.0,0.0,0.0,0.0,0.0
1,0,1.0,0.0,0.0,0.0,0.0,0.0,0.0,0.0,0.0,0.0,0.0,0.0,0.0
1,0,1.0,0.0,0.0,0.0,0.0,0.0,0.0,0.0,0.0,0.0,0.0,0.0,0.0
1,0,1.0,0.0,0.0,0.0,0.0,0.0,0.0,0.0,0.0,0.0,0.0,0.0,0.0
1,0,1.0,0.0,0.0,0.0,0.0,0.0,0.0,0.0,0.0,0.0,0.0,0.0,0.0
1,0,1.0,0.0,0.0,0.0,0.0,0.0,0.0,0.0,0.0,0.0,0.0,0.0,0.0
1,0,1.0,0.0,0.0,0.0,0.0,0.0,0.0,0.0,0.0,0.0,0.0,0.0,0.0
1,0,1.0,0.0,0.0,0.0,0.0,0.0,0.0,0.0,0.0,0.0,0.0,0.0,0.0
1,0,1.0,0.0,0.0,0.0,0.0,0.0,0.0,0.0,0.0,0.0,0.0,0.0,0.0
1,0,1.0,0.0,0.0,0.0,0.0,0.0,0.0,0.0,0.0,0.0,0.0,0.0,0.0
1,0,1.0,0.0,0.0,0.0,0.0,0.0,0.0,0.0,0.0,0.0,0.0,0.0,0.0
1,0,1.0,0.0,0.0,0.0,0.0,0.0,0.0,0.0,0.0,0.0,0.0,0.0,0.0
1,0,1.0,0.0,0.0,0.0,0.0,0.0,0.0,0.0,0.0,0.0,0.0,0.0,0.0
1,0,1.0,0.0,0.0,0.0,0.0,0.0,0.0,0.0,0.0,0.0,0.0,0.0,0.0
1,0,1.0,0.0,0.0,0.0,0.0,0.0,0.0,0.0,0.0,0.0,0.0,0.0,0.0
1,0,1.0,0.0,0.0,0.0,0.0,0.0,0.0,0.0,0.0,0.0,0.0,0.0,0.0
1,0,1.0,0.0,0.0,0.0,0.0,0.0,0.0,0.0,0.0,0.0,0.0,0.0,0.0
1,0,1.0,0.0,0.0,0.0,0.0,0.0,0.0,0.0,0.0,0.0,0.0,0.0,0.0
1,0,1.0,0.0,0.0,0.0,0.0,0.0,0.0,0.0,0.0,0.0,0.0,0.0,0.0
1,0,1.0,0.0,0.0,0.0,0.0,0.0,0.0,0.0,0.0,0.0,0.0,0.0,0.0
1,0,1.0,0.0,0.0,0.0,0.0,0.0,0.0,0.0,0.0,0.0,0.0,0.0,0.0
1,0,1.0,0.0,0.0,0.0,0.0,0.0,0.0,0.0,0.0,0.0,0.0,0.0,0.0
1,0,1.0,0.0,0.0,0.0,0.0,0.0,0.0,0.0,0.0,0.0,0.0,0.0,0.0
1,0,1.0,0.0,0.0,0.0,0.0,0.0,0.0,0.0,0.0,0.0,0.0,0.0,0.0
1,0,1.0,0.0,0.0,0.0,0.0,0.0,0.0,0.0,0.0,0.0,0.0,0.0,0.0
1,0,1.0,0.0,0.0,0.0,0.0,0.0,0.0,0.0,0.0,0.0,0.0,0.0,0.0
1,0,1.0,0.0,0.0,0.0,0.0,0.0,0.0,0.0,0.0,0.0,0.0,0.0,0.0
1,0,1.0,0.0,0.0,0.0,0.0,0.0,0.0,0.0,0.0,0.0,0.0,0.0,0.0
1,0,1.0,0.0,0.0,0.0,0.0,0.0,0.0,0.0,0.0,0.0,0.0,0.0,0.0
1,0,1.0,0.0,0.0,0.0,0.0,0.0,0.0,0.0,0.0,0.0,0.0,0.0,0.0
1,0,1.0,0.0,0.0,0.0,0.0,0.0,0.0,0.0,0.0,0.0,0.0,0.0,0.0
1,0,1.0,0.0,0.0,0.0,0.0,0.0,0.0,0.0,0.0,0.0,0.0,0.0,0.0
1,0,1.0,0.0,0.0,0.0,0.0,0.0,0.0,0.0,0.0,0.0,0.0,0.0,0.0
1,0,1.0,0.0,0.0,0.0,0.0,0.0,0.0,0.0,0.0,0.0,0.0,0.0,0.0
1,0,1.0,0.0,0.0,0.0,0.0,0.0,0.0,0.0,0.0,0.0,0.0,0.0,0.0
1,0,1.0,0.0,0.0,0.0,0.0,0.0,0.0,0.0,0.0,0.0,0.0,0.0,0.0
1,0,1.0,0.0,0.0,0.0,0.0,0.0,0.0,0.0,0.0,0.0,0.0,0.0,0.0
1,0,1.0,0.0,0.0,0.0,0.0,0.0,0.0,0.0,0.0,0.0,0.0,0.0,0.0
1,0,1.0,0.0,0.0,0.0,0.0,0.0,0.0,0.0,0.0,0.0,0.0,0.0,0.0
1,0,1.0,0.0,0.0,0.0,0.0,0.0,0.0,0.0,0.0,0.0,0.0,0.0,0.0
1,0,1.0,0.0,0.0,0.0,0.0,0.0,0.0,0.0,0.0,0.0,0.0,0.0,0.0
1,0,1.0,0.0,0.0,0.0,0.0,0.0,0.0,0.0,0.0,0.0,0.0,0.0,0.0
1,0,1.0,0.0,0.0,0.0,0.0,0.0,0.0,0.0,0.0,0.0,0.0,0.0,0.0
1,0,1.0,0.0,0.0,0.0,0.0,0.0,0.0,0.0,0.0,0.0,0.0,0.0,0.0
1,0,1.0,0.0,0.0,0.0,0.0,0.0,0.0,0.0,0.0,0.0,0.0,0.0,0.0
1,0,1.0,0.0,0.0,0.0,0.0,0.0,0.0,0.0,0.0,0.0,0.0,0.0,0.0
1,0,1.0,0.0,0.0,0.0,0.0,0.0,0.0,0.0,0.0,0.0,0.0,0.0,0.0
1,0,1.0,0.0,0.0,0.0,0.0,0.0,0.0,0.0,0.0,0.0,0.0,0.0,0.0
1,0,1.0,0.0,0.0,0.0,0.0,0.0,0.0,0.0,0.0,0.0,0.0,0.0,0.0
1,0,1.0,0.0,0.0,0.0,0.0,0.0,0.0,0.0,0.0,0.0,0.0,0.0,0.0
1,0,1.0,0.0,0.0,0.0,0.0,0.0,0.0,0.0,0.0,0.0,0.0,0.0,0.0
1,0,1.0,0.0,0.0,0.0,0.0,0.0,0.0,0.0,0.0,0.0,0.0,0.0,0.0
1,0,1.0,0.0,0.0,0.0,0.0,0.0,0.0,0.0,0.0,0.0,0.0,0.0,0.0
1,0,1.0,0.0,0.0,0.0,0.0,0.0,0.0,0.0,0.0,0.0,0.0,0.0,0.0
1,0,1.0,0.0,0.0,0.0,0.0,0.0,0.0,0.0,0.0,0.0,0.0,0.0,0.0
1,0,1.0,0.0,0.0,0.0,0.0,0.0,0.0,0.0,0.0,0.0,0.0,0.0,0.0
1,0,1.0,0.0,0.0,0.0,0.0,0.0,0.0,0.0,0.0,0.0,0.0,0.0,0.0
1,0,1.0,0.0,0.0,0.0,0.0,0.0,0.0,0.0,0.0,0.0,0.0,0.0,0.0
1,0,1.0,0.0,0.0,0.0,0.0,0.0,0.0,0.0,0.0,0.0,0.0,0.0,0.0
1,0,1.0,0.0,0.0,0.0,0.0,0.0,0.0,0.0,0.0,0.0,0.0,0.0,0.0
1,0,1.0,0.0,0.0,0.0,0.0,0.0,0.0,0.0,0.0,0.0,0.0,0.0,0.0
1,0,1.0,0.0,0.0,0.0,0.0,0.0,0.0,0.0,0.0,0.0,0.0,0.0,0.0
1,0,1.0,0.0,0.0,0.0,0.0,0.0,0.0,0.0,0.0,0.0,0.0,0.0,0.0
1,0,1.0,0.0,0.0,0.0,0.0,0.0,0.0,0.0,0.0,0.0,0.0,0.0,0.0
1,0,1.0,0.0,0.0,0.0,0.0,0.0,0.0,0.0,0.0,0.0,0.0,0.0,0.0
1,0,1.0,0.0,0.0,0.0,0.0,0.0,0.0,0.0,0.0,0.0,0.0,0.0,0.0
1,0,1.0,0.0,0.0,0.0,0.0,0.0,0.0,0.0,0.0,0.0,0.0,0.0,0.0
1,0,1.0,0.0,0.0,0.0,0.0,0.0,0.0,0.0,0.0,0.0,0.0,0.0,0.0
1,0,1.0,0.0,0.0,0.0,0.0,0.0,0.0,0.0,0.0,0.0,0.0,0.0,0.0
1,0,1.0,0.0,0.0,0.0,0.0,0.0,0.0,0.0,0.0,0.0,0.0,0.0,0.0
1,0,1.0,0.0,0.0,0.0,0.0,0.0,0.0,0.0,0.0,0.0,0.0,0.0,0.0
1,0,1.0,0.0,0.0,0.0,0.0,0.0,0.0,0.0,0.0,0.0,0.0,0.0,0.0
1,0,1.0,0.0,0.0,0.0,0.0,0.0,0.0,0.0,0.0,0.0,0.0,0.0,0.0
1,0,1.0,0.0,0.0,0.0,0.0,0.0,0.0,0.0,0.0,0.0,0.0,0.0,0.0
1,0,1.0,0.0,0.0,0.0,0.0,0.0,0.0,0.0,0.0,0.0,0.0,0.0,0.0
1,0,1.0,0.0,0.0,0.0,0.0,0.0,0.0,0.0,0.0,0.0,0.0,0.0,0.0
1,0,1.0,0.0,0.0,0.0,0.0,0.0,0.0,0.0,0.0,0.0,0.0,0.0,0.0
1,0,1.0,0.0,0.0,0.0,0.0,0.0,0.0,0.0,0.0,0.0,0.0,0.0,0.0
1,0,1.0,0.0,0.0,0.0,0.0,0.0,0.0,0.0,0.0,0.0,0.0,0.0,0.0
1,0,1.0,0.0,0.0,0.0,0.0,0.0,0.0,0.0,0.0,0.0,0.0,0.0,0.0
1,0,1.0,0.0,0.0,0.0,0.0,0.0,0.0,0.0,0.0,0.0,0.0,0.0,0.0
1,0,1.0,0.0,0.0,0.0,0.0,0.0,0.0,0.0,0.0,0.0,0.0,0.0,0.0
1,0,1.0,0.0,0.0,0.0,0.0,0.0,0.0,0.0,0.0,0.0,0.0,0.0,0.0
1,0,1.0,0.0,0.0,0.0,0.0,0.0,0.0,0.0,0.0,0.0,0.0,0.0,0.0
1,0,1.0,0.0,0.0,0.0,0.0,0.0,0.0,0.0,0.0,0.0,0.0,0.0,0.0
1,0,1.0,0.0,0.0,0.0,0.0,0.0,0.0,0.0,0.0,0.0,0.0,0.0,0.0
1,0,1.0,0.0,0.0,0.0,0.0,0.0,0.0,0.0,0.0,0.0,0.0,0.0,0.0
1,0,1.0,0.0,0.0,0.0,0.0,0.0,0.0,0.0,0.0,0.0,0.0,0.0,0.0
1,0,1.0,0.0,0.0,0.0,0.0,0.0,0.0,0.0,0.0,0.0,0.0,0.0,0.0
1,0,1.0,0.0,0.0,0.0,0.0,0.0,0.0,0.0,0.0,0.0,0.0,0.0,0.0
1,0,1.0,0.0,0.0,0.0,0.0,0.0,0.0,0.0,0.0,0.0,0.0,0.0,0.0
1,0,1.0,0.0,0.0,0.0,0.0,0.0,0.0,0.0,0.0,0.0,0.0,0.0,0.0
1,0,1.0,0.0,0.0,0.0,0.0,0.0,0.0,0.0,0.0,0.0,0.0,0.0,0.0
1,0,1.0,0.0,0.0,0.0,0.0,0.0,0.0,0.0,0.0,0.0,0.0,0.0,0.0
1,0,1.0,0.0,0.0,0.0,0.0,0.0,0.0,0.0,0.0,0.0,0.0,0.0,0.0
1,0,1.0,0.0,0.0,0.0,0.0,0.0,0.0,0.0,0.0,0.0,0.0,0.0,0.0
1,0,1.0,0.0,0.0,0.0,0.0,0.0,0.0,0.0,0.0,0.0,0.0,0.0,0.0
1,0,1.0,0.0,0.0,0.0,0.0,0.0,0.0,0.0,0.0,0.0,0.0,0.0,0.0
1,0,1.0,0.0,0.0,0.0,0.0,0.0,0.0,0.0,0.0,0.0,0.0,0.0,0.0
1,0,1.0,0.0,0.0,0.0,0.0,0.0,0.0,0.0,0.0,0.0,0.0,0.0,0.0
1,0,1.0,0.0,0.0,0.0,0.0,0.0,0.0,0.0,0.0,0.0,0.0,0.0,0.0
1,0,1.0,0.0,0.0,0.0,0.0,0.0,0.0,0.0,0.0,0.0,0.0,0.0,0.0
1,0,1.0,0.0,0.0,0.0,0.0,0.0,0.0,0.0,0.0,0.0,0.0,0.0,0.0
1,0,1.0,0.0,0.0,0.0,0.0,0.0,0.0,0.0,0.0,0.0,0.0,0.0,0.0
1,0,1.0,0.0,0.0,0.0,0.0,0.0,0.0,0.0,0.0,0.0,0.0,0.0,0.0
1,0,1.0,0.0,0.0,0.0,0.0,0.0,0.0,0.0,0.0,0.0,0.0,0.0,0.0
1,0,1.0,0.0,0.0,0.0,0.0,0.0,0.0,0.0,0.0,0.0,0.0,0.0,0.0
1,0,1.0,0.0,0.0,0.0,0.0,0.0,0.0,0.0,0.0,0.0,0.0,0.0,0.0
1,0,1.0,0.0,0.0,0.0,0.0,0.0,0.0,0.0,0.0,0.0,0.0,0.0,0.0
1,0,1.0,0.0,0.0,0.0,0.0,0.0,0.0,0.0,0.0,0.0,0.0,0.0,0.0
1,0,1.0,0.0,0.0,0.0,0.0,0.0,0.0,0.0,0.0,0.0,0.0,0.0,0.0
1,0,1.0,0.0,0.0,0.0,0.0,0.0,0.0,0.0,0.0,0.0,0.0,0.0,0.0
1,0,1.0,0.0,0.0,0.0,0.0,0.0,0.0,0.0,0.0,0.0,0.0,0.0,0.0
1,0,1.0,0.0,0.0,0.0,0.0,0.0,0.0,0.0,0.0,0.0,0.0,0.0,0.0
1,0,1.0,0.0,0.0,0.0,0.0,0.0,0.0,0.0,0.0,0.0,0.0,0.0,0.0
1,0,1.0,0.0,0.0,0.0,0.0,0.0,0.0,0.0,0.0,0.0,0.0,0.0,0.0
1,0,1.0,0.0,0.0,0.0,0.0,0.0,0.0,0.0,0.0,0.0,0.0,0.0,0.0
1,0,1.0,0.0,0.0,0.0,0.0,0.0,0.0,0.0,0.0,0.0,0.0,0.0,0.0
1,0,1.0,0.0,0.0,0.0,0.0,0.0,0.0,0.0,0.0,0.0,0.0,0.0,0.0
1,0,1.0,0.0,0.0,0.0,0.0,0.0,0.0,0.0,0.0,0.0,0.0,0.0,0.0
1,0,1.0,0.0,0.0,0.0,0.0,0.0,0.0,0.0,0.0,0.0,0.0,0.0,0.0
1,0,1.0,0.0,0.0,0.0,0.0,0.0,0.0,0.0,0.0,0.0,0.0,0.0,0.0
1,0,1.0,0.0,0.0,0.0,0.0,0.0,0.0,0.0,0.0,0.0,0.0,0.0,0.0
1,0,1.0,0.0,0.0,0.0,0.0,0.0,0.0,0.0,0.0,0.0,0.0,0.0,0.0
1,0,1.0,0.0,0.0,0.0,0.0,0.0,0.0,0.0,0.0,0.0,0.0,0.0,0.0
1,0,1.0,0.0,0.0,0.0,0.0,0.0,0.0,0.0,0.0,0.0,0.0,0.0,0.0
1,0,1.0,0.0,0.0,0.0,0.0,0.0,0.0,0.0,0.0,0.0,0.0,0.0,0.0
1,0,1.0,0.0,0.0,0.0,0.0,0.0,0.0,0.0,0.0,0.0,0.0,0.0,0.0
1,0,1.0,0.0,0.0,0.0,0.0,0.0,0.0,0.0,0.0,0.0,0.0,0.0,0.0
1,0,1.0,0.0,0.0,0.0,0.0,0.0,0.0,0.0,0.0,0.0,0.0,0.0,0.0
1,0,1.0,0.0,0.0,0.0,0.0,0.0,0.0,0.0,0.0,0.0,0.0,0.0,0.0
1,0,1.0,0.0,0.0,0.0,0.0,0.0,0.0,0.0,0.0,0.0,0.0,0.0,0.0
1,0,1.0,0.0,0.0,0.0,0.0,0.0,0.0,0.0,0.0,0.0,0.0,0.0,0.0
1,0,1.0,0.0,0.0,0.0,0.0,0.0,0.0,0.0,0.0,0.0,0.0,0.0,0.0
1,0,1.0,0.0,0.0,0.0,0.0,0.0,0.0,0.0,0.0,0.0,0.0,0.0,0.0
1,0,1.0,0.0,0.0,0.0,0.0,0.0,0.0,0.0,0.0,0.0,0.0,0.0,0.0
1,0,1.0,0.0,0.0,0.0,0.0,0.0,0.0,0.0,0.0,0.0,0.0,0.0,0.0
1,0,1.0,0.0,0.0,0.0,0.0,0.0,0.0,0.0,0.0,0.0,0.0,0.0,0.0
1,0,1.0,0.0,0.0,0.0,0.0,0.0,0.0,0.0,0.0,0.0,0.0,0.0,0.0
1,0,1.0,0.0,0.0,0.0,0.0,0.0,0.0,0.0,0.0,0.0,0.0,0.0,0.0
1,0,1.0,0.0,0.0,0.0,0.0,0.0,0.0,0.0,0.0,0.0,0.0,0.0,0.0
1,0,1.0,0.0,0.0,0.0,0.0,0.0,0.0,0.0,0.0,0.0,0.0,0.0,0.0
1,0,1.0,0.0,0.0,0.0,0.0,0.0,0.0,0.0,0.0,0.0,0.0,0.0,0.0
1,0,1.0,0.0,0.0,0.0,0.0,0.0,0.0,0.0,0.0,0.0,0.0,0.0,0.0
1,0,1.0,0.0,0.0,0.0,0.0,0.0,0.0,0.0,0.0,0.0,0.0,0.0,0.0
1,0,1.0,0.0,0.0,0.0,0.0,0.0,0.0,0.0,0.0,0.0,0.0,0.0,0.0
1,0,1.0,0.0,0.0,0.0,0.0,0.0,0.0,0.0,0.0,0.0,0.0,0.0,0.0
1,0,1.0,0.0,0.0,0.0,0.0,0.0,0.0,0.0,0.0,0.0,0.0,0.0,0.0
1,0,1.0,0.0,0.0,0.0,0.0,0.0,0.0,0.0,0.0,0.0,0.0,0.0,0.0
1,0,1.0,0.0,0.0,0.0,0.0,0.0,0.0,0.0,0.0,0.0,0.0,0.0,0.0
1,0,1.0,0.0,0.0,0.0,0.0,0.0,0.0,0.0,0.0,0.0,0.0,0.0,0.0
1,0,1.0,0.0,0.0,0.0,0.0,0.0,0.0,0.0,0.0,0.0,0.0,0.0,0.0
1,0,1.0,0.0,0.0,0.0,0.0,0.0,0.0,0.0,0.0,0.0,0.0,0.0,0.0
1,0,1.0,0.0,0.0,0.0,0.0,0.0,0.0,0.0,0.0,0.0,0.0,0.0,0.0
1,0,1.0,0.0,0.0,0.0,0.0,0.0,0.0,0.0,0.0,0.0,0.0,0.0,0.0
1,0,1.0,0.0,0.0,0.0,0.0,0.0,0.0,0.0,0.0,0.0,0.0,0.0,0.0
1,0,1.0,0.0,0.0,0.0,0.0,0.0,0.0,0.0,0.0,0.0,0.0,0.0,0.0
1,0,1.0,0.0,0.0,0.0,0.0,0.0,0.0,0.0,0.0,0.0,0.0,0.0,0.0
1,0,1.0,0.0,0.0,0.0,0.0,0.0,0.0,0.0,0.0,0.0,0.0,0.0,0.0
1,0,1.0,0.0,0.0,0.0,0.0,0.0,0.0,0.0,0.0,0.0,0.0,0.0,0.0
1,0,1.0,0.0,0.0,0.0,0.0,0.0,0.0,0.0,0.0,0.0,0.0,0.0,0.0
1,0,1.0,0.0,0.0,0.0,0.0,0.0,0.0,0.0,0.0,0.0,0.0,0.0,0.0
1,0,1.0,0.0,0.0,0.0,0.0,0.0,0.0,0.0,0.0,0.0,0.0,0.0,0.0
1,0,1.0,0.0,0.0,0.0,0.0,0.0,0.0,0.0,0.0,0.0,0.0,0.0,0.0
1,0,1.0,0.0,0.0,0.0,0.0,0.0,0.0,0.0,0.0,0.0,0.0,0.0,0.0
1,0,1.0,0.0,0.0,0.0,0.0,0.0,0.0,0.0,0.0,0.0,0.0,0.0,0.0
1,0,1.0,0.0,0.0,0.0,0.0,0.0,0.0,0.0,0.0,0.0,0.0,0.0,0.0
1,0,1.0,0.0,0.0,0.0,0.0,0.0,0.0,0.0,0.0,0.0,0.0,0.0,0.0
1,0,1.0,0.0,0.0,0.0,0.0,0.0,0.0,0.0,0.0,0.0,0.0,0.0,0.0
1,0,1.0,0.0,0.0,0.0,0.0,0.0,0.0,0.0,0.0,0.0,0.0,0.0,0.0
1,0,1.0,0.0,0.0,0.0,0.0,0.0,0.0,0.0,0.0,0.0,0.0,0.0,0.0
1,0,1.0,0.0,0.0,0.0,0.0,0.0,0.0,0.0,0.0,0.0,0.0,0.0,0.0
1,0,1.0,0.0,0.0,0.0,0.0,0.0,0.0,0.0,0.0,0.0,0.0,0.0,0.0
1,0,1.0,0.0,0.0,0.0,0.0,0.0,0.0,0.0,0.0,0.0,0.0,0.0,0.0
1,0,1.0,0.0,0.0,0.0,0.0,0.0,0.0,0.0,0.0,0.0,0.0,0.0,0.0
1,0,1.0,0.0,0.0,0.0,0.0,0.0,0.0,0.0,0.0,0.0,0.0,0.0,0.0
1,0,1.0,0.0,0.0,0.0,0.0,0.0,0.0,0.0,0.0,0.0,0.0,0.0,0.0
1,0,1.0,0.0,0.0,0.0,0.0,0.0,0.0,0.0,0.0,0.0,0.0,0.0,0.0
1,0,1.0,0.0,0.0,0.0,0.0,0.0,0.0,0.0,0.0,0.0,0.0,0.0,0.0
1,0,1.0,0.0,0.0,0.0,0.0,0.0,0.0,0.0,0.0,0.0,0.0,0.0,0.0
1,0,1.0,0.0,0.0,0.0,0.0,0.0,0.0,0.0,0.0,0.0,0.0,0.0,0.0
1,0,1.0,0.0,0.0,0.0,0.0,0.0,0.0,0.0,0.0,0.0,0.0,0.0,0.0
1,0,1.0,0.0,0.0,0.0,0.0,0.0,0.0,0.0,0.0,0.0,0.0,0.0,0.0
1,0,1.0,0.0,0.0,0.0,0.0,0.0,0.0,0.0,0.0,0.0,0.0,0.0,0.0
1,0,1.0,0.0,0.0,0.0,0.0,0.0,0.0,0.0,0.0,0.0,0.0,0.0,0.0
1,0,1.0,0.0,0.0,0.0,0.0,0.0,0.0,0.0,0.0,0.0,0.0,0.0,0.0
1,0,1.0,0.0,0.0,0.0,0.0,0.0,0.0,0.0,0.0,0.0,0.0,0.0,0.0
1,0,1.0,0.0,0.0,0.0,0.0,0.0,0.0,0.0,0.0,0.0,0.0,0.0,0.0
1,0,1.0,0.0,0.0,0.0,0.0,0.0,0.0,0.0,0.0,0.0,0.0,0.0,0.0
1,0,1.0,0.0,0.0,0.0,0.0,0.0,0.0,0.0,0.0,0.0,0.0,0.0,0.0
1,0,1.0,0.0,0.0,0.0,0.0,0.0,0.0,0.0,0.0,0.0,0.0,0.0,0.0
1,0,1.0,0.0,0.0,0.0,0.0,0.0,0.0,0.0,0.0,0.0,0.0,0.0,0.0
1,0,1.0,0.0,0.0,0.0,0.0,0.0,0.0,0.0,0.0,0.0,0.0,0.0,0.0
1,0,1.0,0.0,0.0,0.0,0.0,0.0,0.0,0.0,0.0,0.0,0.0,0.0,0.0
1,0,1.0,0.0,0.0,0.0,0.0,0.0,0.0,0.0,0.0,0.0,0.0,0.0,0.0
1,0,1.0,0.0,0.0,0.0,0.0,0.0,0.0,0.0,0.0,0.0,0.0,0.0,0.0
1,0,1.0,0.0,0.0,0.0,0.0,0.0,0.0,0.0,0.0,0.0,0.0,0.0,0.0
1,0,1.0,0.0,0.0,0.0,0.0,0.0,0.0,0.0,0.0,0.0,0.0,0.0,0.0
1,0,1.0,0.0,0.0,0.0,0.0,0.0,0.0,0.0,0.0,0.0,0.0,0.0,0.0
1,0,1.0,0.0,0.0,0.0,0.0,0.0,0.0,0.0,0.0,0.0,0.0,0.0,0.0
1,0,1.0,0.0,0.0,0.0,0.0,0.0,0.0,0.0,0.0,0.0,0.0,0.0,0.0
1,0,1.0,0.0,0.0,0.0,0.0,0.0,0.0,0.0,0.0,0.0,0.0,0.0,0.0
1,0,1.0,0.0,0.0,0.0,0.0,0.0,0.0,0.0,0.0,0.0,0.0,0.0,0.0
1,0,1.0,0.0,0.0,0.0,0.0,0.0,0.0,0.0,0.0,0.0,0.0,0.0,0.0
1,0,1.0,0.0,0.0,0.0,0.0,0.0,0.0,0.0,0.0,0.0,0.0,0.0,0.0
1,0,1.0,0.0,0.0,0.0,0.0,0.0,0.0,0.0,0.0,0.0,0.0,0.0,0.0
1,0,1.0,0.0,0.0,0.0,0.0,0.0,0.0,0.0,0.0,0.0,0.0,0.0,0.0
1,0,1.0,0.0,0.0,0.0,0.0,0.0,0.0,0.0,0.0,0.0,0.0,0.0,0.0
1,0,1.0,0.0,0.0,0.0,0.0,0.0,0.0,0.0,0.0,0.0,0.0,0.0,0.0
1,0,1.0,0.0,0.0,0.0,0.0,0.0,0.0,0.0,0.0,0.0,0.0,0.0,0.0
1,0,1.0,0.0,0.0,0.0,0.0,0.0,0.0,0.0,0.0,0.0,0.0,0.0,0.0
1,0,1.0,0.0,0.0,0.0,0.0,0.0,0.0,0.0,0.0,0.0,0.0,0.0,0.0
1,0,1.0,0.0,0.0,0.0,0.0,0.0,0.0,0.0,0.0,0.0,0.0,0.0,0.0
1,0,1.0,0.0,0.0,0.0,0.0,0.0,0.0,0.0,0.0,0.0,0.0,0.0,0.0
1,0,1.0,0.0,0.0,0.0,0.0,0.0,0.0,0.0,0.0,0.0,0.0,0.0,0.0
1,0,1.0,0.0,0.0,0.0,0.0,0.0,0.0,0.0,0.0,0.0,0.0,0.0,0.0
1,0,1.0,0.0,0.0,0.0,0.0,0.0,0.0,0.0,0.0,0.0,0.0,0.0,0.0
1,0,1.0,0.0,0.0,0.0,0.0,0.0,0.0,0.0,0.0,0.0,0.0,0.0,0.0
1,0,1.0,0.0,0.0,0.0,0.0,0.0,0.0,0.0,0.0,0.0,0.0,0.0,0.0
1,0,1.0,0.0,0.0,0.0,0.0,0.0,0.0,0.0,0.0,0.0,0.0,0.0,0.0
1,0,1.0,0.0,0.0,0.0,0.0,0.0,0.0,0.0,0.0,0.0,0.0,0.0,0.0
1,0,1.0,0.0,0.0,0.0,0.0,0.0,0.0,0.0,0.0,0.0,0.0,0.0,0.0
1,0,1.0,0.0,0.0,0.0,0.0,0.0,0.0,0.0,0.0,0.0,0.0,0.0,0.0
1,0,1.0,0.0,0.0,0.0,0.0,0.0,0.0,0.0,0.0,0.0,0.0,0.0,0.0
1,0,1.0,0.0,0.0,0.0,0.0,0.0,0.0,0.0,0.0,0.0,0.0,0.0,0.0
1,0,1.0,0.0,0.0,0.0,0.0,0.0,0.0,0.0,0.0,0.0,0.0,0.0,0.0
1,0,1.0,0.0,0.0,0.0,0.0,0.0,0.0,0.0,0.0,0.0,0.0,0.0,0.0
1,0,1.0,0.0,0.0,0.0,0.0,0.0,0.0,0.0,0.0,0.0,0.0,0.0,0.0
1,0,1.0,0.0,0.0,0.0,0.0,0.0,0.0,0.0,0.0,0.0,0.0,0.0,0.0
1,0,1.0,0.0,0.0,0.0,0.0,0.0,0.0,0.0,0.0,0.0,0.0,0.0,0.0
1,0,1.0,0.0,0.0,0.0,0.0,0.0,0.0,0.0,0.0,0.0,0.0,0.0,0.0
1,0,1.0,0.0,0.0,0.0,0.0,0.0,0.0,0.0,0.0,0.0,0.0,0.0,0.0
1,0,1.0,0.0,0.0,0.0,0.0,0.0,0.0,0.0,0.0,0.0,0.0,0.0,0.0
1,0,1.0,0.0,0.0,0.0,0.0,0.0,0.0,0.0,0.0,0.0,0.0,0.0,0.0
1,0,1.0,0.0,0.0,0.0,0.0,0.0,0.0,0.0,0.0,0.0,0.0,0.0,0.0
1,0,1.0,0.0,0.0,0.0,0.0,0.0,0.0,0.0,0.0,0.0,0.0,0.0,0.0
1,0,1.0,0.0,0.0,0.0,0.0,0.0,0.0,0.0,0.0,0.0,0.0,0.0,0.0
1,0,1.0,0.0,0.0,0.0,0.0,0.0,0.0,0.0,0.0,0.0,0.0,0.0,0.0
1,0,1.0,0.0,0.0,0.0,0.0,0.0,0.0,0.0,0.0,0.0,0.0,0.0,0.0
1,0,1.0,0.0,0.0,0.0,0.0,0.0,0.0,0.0,0.0,0.0,0.0,0.0,0.0
1,0,1.0,0.0,0.0,0.0,0.0,0.0,0.0,0.0,0.0,0.0,0.0,0.0,0.0
1,0,1.0,0.0,0.0,0.0,0.0,0.0,0.0,0.0,0.0,0.0,0.0,0.0,0.0
1,0,1.0,0.0,0.0,0.0,0.0,0.0,0.0,0.0,0.0,0.0,0.0,0.0,0.0
1,0,1.0,0.0,0.0,0.0,0.0,0.0,0.0,0.0,0.0,0.0,0.0,0.0,0.0
1,0,1.0,0.0,0.0,0.0,0.0,0.0,0.0,0.0,0.0,0.0,0.0,0.0,0.0
1,0,1.0,0.0,0.0,0.0,0.0,0.0,0.0,0.0,0.0,0.0,0.0,0.0,0.0
1,0,1.0,0.0,0.0,0.0,0.0,0.0,0.0,0.0,0.0,0.0,0.0,0.0,0.0
1,0,1.0,0.0,0.0,0.0,0.0,0.0,0.0,0.0,0.0,0.0,0.0,0.0,0.0
1,0,1.0,0.0,0.0,0.0,0.0,0.0,0.0,0.0,0.0,0.0,0.0,0.0,0.0
1,0,1.0,0.0,0.0,0.0,0.0,0.0,0.0,0.0,0.0,0.0,0.0,0.0,0.0
1,0,1.0,0.0,0.0,0.0,0.0,0.0,0.0,0.0,0.0,0.0,0.0,0.0,0.0
1,0,1.0,0.0,0.0,0.0,0.0,0.0,0.0,0.0,0.0,0.0,0.0,0.0,0.0
1,0,1.0,0.0,0.0,0.0,0.0,0.0,0.0,0.0,0.0,0.0,0.0,0.0,0.0
1,0,1.0,0.0,0.0,0.0,0.0,0.0,0.0,0.0,0.0,0.0,0.0,0.0,0.0
1,0,1.0,0.0,0.0,0.0,0.0,0.0,0.0,0.0,0.0,0.0,0.0,0.0,0.0
1,0,1.0,0.0,0.0,0.0,0.0,0.0,0.0,0.0,0.0,0.0,0.0,0.0,0.0
1,0,1.0,0.0,0.0,0.0,0.0,0.0,0.0,0.0,0.0,0.0,0.0,0.0,0.0
1,0,1.0,0.0,0.0,0.0,0.0,0.0,0.0,0.0,0.0,0.0,0.0,0.0,0.0
1,0,1.0,0.0,0.0,0.0,0.0,0.0,0.0,0.0,0.0,0.0,0.0,0.0,0.0
1,0,1.0,0.0,0.0,0.0,0.0,0.0,0.0,0.0,0.0,0.0,0.0,0.0,0.0
1,0,1.0,0.0,0.0,0.0,0.0,0.0,0.0,0.0,0.0,0.0,0.0,0.0,0.0
1,0,1.0,0.0,0.0,0.0,0.0,0.0,0.0,0.0,0.0,0.0,0.0,0.0,0.0
1,0,1.0,0.0,0.0,0.0,0.0,0.0,0.0,0.0,0.0,0.0,0.0,0.0,0.0
1,0,1.0,0.0,0.0,0.0,0.0,0.0,0.0,0.0,0.0,0.0,0.0,0.0,0.0
1,0,1.0,0.0,0.0,0.0,0.0,0.0,0.0,0.0,0.0,0.0,0.0,0.0,0.0
1,0,1.0,0.0,0.0,0.0,0.0,0.0,0.0,0.0,0.0,0.0,0.0,0.0,0.0
1,0,1.0,0.0,0.0,0.0,0.0,0.0,0.0,0.0,0.0,0.0,0.0,0.0,0.0
1,0,1.0,0.0,0.0,0.0,0.0,0.0,0.0,0.0,0.0,0.0,0.0,0.0,0.0
1,0,1.0,0.0,0.0,0.0,0.0,0.0,0.0,0.0,0.0,0.0,0.0,0.0,0.0
1,0,1.0,0.0,0.0,0.0,0.0,0.0,0.0,0.0,0.0,0.0,0.0,0.0,0.0
1,0,1.0,0.0,0.0,0.0,0.0,0.0,0.0,0.0,0.0,0.0,0.0,0.0,0.0
1,0,1.0,0.0,0.0,0.0,0.0,0.0,0.0,0.0,0.0,0.0,0.0,0.0,0.0
1,0,1.0,0.0,0.0,0.0,0.0,0.0,0.0,0.0,0.0,0.0,0.0,0.0,0.0
1,0,1.0,0.0,0.0,0.0,0.0,0.0,0.0,0.0,0.0,0.0,0.0,0.0,0.0
1,0,1.0,0.0,0.0,0.0,0.0,0.0,0.0,0.0,0.0,0.0,0.0,0.0,0.0
1,0,1.0,0.0,0.0,0.0,0.0,0.0,0.0,0.0,0.0,0.0,0.0,0.0,0.0
1,0,1.0,0.0,0.0,0.0,0.0,0.0,0.0,0.0,0.0,0.0,0.0,0.0,0.0
1,0,1.0,0.0,0.0,0.0,0.0,0.0,0.0,0.0,0.0,0.0,0.0,0.0,0.0
1,0,1.0,0.0,0.0,0.0,0.0,0.0,0.0,0.0,0.0,0.0,0.0,0.0,0.0
1,0,1.0,0.0,0.0,0.0,0.0,0.0,0.0,0.0,0.0,0.0,0.0,0.0,0.0
1,0,1.0,0.0,0.0,0.0,0.0,0.0,0.0,0.0,0.0,0.0,0.0,0.0,0.0
1,0,1.0,0.0,0.0,0.0,0.0,0.0,0.0,0.0,0.0,0.0,0.0,0.0,0.0
1,0,1.0,0.0,0.0,0.0,0.0,0.0,0.0,0.0,0.0,0.0,0.0,0.0,0.0
1,0,1.0,0.0,0.0,0.0,0.0,0.0,0.0,0.0,0.0,0.0,0.0,0.0,0.0
1,0,1.0,0.0,0.0,0.0,0.0,0.0,0.0,0.0,0.0,0.0,0.0,0.0,0.0
1,0,1.0,0.0,0.0,0.0,0.0,0.0,0.0,0.0,0.0,0.0,0.0,0.0,0.0
1,0,1.0,0.0,0.0,0.0,0.0,0.0,0.0,0.0,0.0,0.0,0.0,0.0,0.0
1,0,1.0,0.0,0.0,0.0,0.0,0.0,0.0,0.0,0.0,0.0,0.0,0.0,0.0
1,0,1.0,0.0,0.0,0.0,0.0,0.0,0.0,0.0,0.0,0.0,0.0,0.0,0.0
1,0,1.0,0.0,0.0,0.0,0.0,0.0,0.0,0.0,0.0,0.0,0.0,0.0,0.0
1,0,1.0,0.0,0.0,0.0,0.0,0.0,0.0,0.0,0.0,0.0,0.0,0.0,0.0
1,0,1.0,0.0,0.0,0.0,0.0,0.0,0.0,0.0,0.0,0.0,0.0,0.0,0.0
1,0,1.0,0.0,0.0,0.0,0.0,0.0,0.0,0.0,0.0,0.0,0.0,0.0,0.0
1,0,1.0,0.0,0.0,0.0,0.0,0.0,0.0,0.0,0.0,0.0,0.0,0.0,0.0
1,0,1.0,0.0,0.0,0.0,0.0,0.0,0.0,0.0,0.0,0.0,0.0,0.0,0.0
1,0,1.0,0.0,0.0,0.0,0.0,0.0,0.0,0.0,0.0,0.0,0.0,0.0,0.0
1,0,1.0,0.0,0.0,0.0,0.0,0.0,0.0,0.0,0.0,0.0,0.0,0.0,0.0
1,0,1.0,0.0,0.0,0.0,0.0,0.0,0.0,0.0,0.0,0.0,0.0,0.0,0.0
1,0,1.0,0.0,0.0,0.0,0.0,0.0,0.0,0.0,0.0,0.0,0.0,0.0,0.0
1,0,1.0,0.0,0.0,0.0,0.0,0.0,0.0,0.0,0.0,0.0,0.0,0.0,0.0
1,0,1.0,0.0,0.0,0.0,0.0,0.0,0.0,0.0,0.0,0.0,0.0,0.0,0.0
1,0,1.0,0.0,0.0,0.0,0.0,0.0,0.0,0.0,0.0,0.0,0.0,0.0,0.0
1,0,1.0,0.0,0.0,0.0,0.0,0.0,0.0,0.0,0.0,0.0,0.0,0.0,0.0
1,0,1.0,0.0,0.0,0.0,0.0,0.0,0.0,0.0,0.0,0.0,0.0,0.0,0.0
1,0,1.0,0.0,0.0,0.0,0.0,0.0,0.0,0.0,0.0,0.0,0.0,0.0,0.0
1,0,1.0,0.0,0.0,0.0,0.0,0.0,0.0,0.0,0.0,0.0,0.0,0.0,0.0
1,0,1.0,0.0,0.0,0.0,0.0,0.0,0.0,0.0,0.0,0.0,0.0,0.0,0.0
1,0,1.0,0.0,0.0,0.0,0.0,0.0,0.0,0.0,0.0,0.0,0.0,0.0,0.0
1,0,1.0,0.0,0.0,0.0,0.0,0.0,0.0,0.0,0.0,0.0,0.0,0.0,0.0
1,0,1.0,0.0,0.0,0.0,0.0,0.0,0.0,0.0,0.0,0.0,0.0,0.0,0.0
1,0,1.0,0.0,0.0,0.0,0.0,0.0,0.0,0.0,0.0,0.0,0.0,0.0,0.0
1,0,1.0,0.0,0.0,0.0,0.0,0.0,0.0,0.0,0.0,0.0,0.0,0.0,0.0
1,0,1.0,0.0,0.0,0.0,0.0,0.0,0.0,0.0,0.0,0.0,0.0,0.0,0.0
1,0,1.0,0.0,0.0,0.0,0.0,0.0,0.0,0.0,0.0,0.0,0.0,0.0,0.0
1,0,1.0,0.0,0.0,0.0,0.0,0.0,0.0,0.0,0.0,0.0,0.0,0.0,0.0
1,0,1.0,0.0,0.0,0.0,0.0,0.0,0.0,0.0,0.0,0.0,0.0,0.0,0.0
1,0,1.0,0.0,0.0,0.0,0.0,0.0,0.0,0.0,0.0,0.0,0.0,0.0,0.0
1,0,1.0,0.0,0.0,0.0,0.0,0.0,0.0,0.0,0.0,0.0,0.0,0.0,0.0
1,0,1.0,0.0,0.0,0.0,0.0,0.0,0.0,0.0,0.0,0.0,0.0,0.0,0.0
1,0,1.0,0.0,0.0,0.0,0.0,0.0,0.0,0.0,0.0,0.0,0.0,0.0,0.0
1,0,1.0,0.0,0.0,0.0,0.0,0.0,0.0,0.0,0.0,0.0,0.0,0.0,0.0
1,0,1.0,0.0,0.0,0.0,0.0,0.0,0.0,0.0,0.0,0.0,0.0,0.0,0.0
1,0,1.0,0.0,0.0,0.0,0.0,0.0,0.0,0.0,0.0,0.0,0.0,0.0,0.0
1,0,1.0,0.0,0.0,0.0,0.0,0.0,0.0,0.0,0.0,0.0,0.0,0.0,0.0
1,0,1.0,0.0,0.0,0.0,0.0,0.0,0.0,0.0,0.0,0.0,0.0,0.0,0.0
1,0,1.0,0.0,0.0,0.0,0.0,0.0,0.0,0.0,0.0,0.0,0.0,0.0,0.0
1,0,1.0,0.0,0.0,0.0,0.0,0.0,0.0,0.0,0.0,0.0,0.0,0.0,0.0
1,0,1.0,0.0,0.0,0.0,0.0,0.0,0.0,0.0,0.0,0.0,0.0,0.0,0.0
1,0,1.0,0.0,0.0,0.0,0.0,0.0,0.0,0.0,0.0,0.0,0.0,0.0,0.0
1,0,1.0,0.0,0.0,0.0,0.0,0.0,0.0,0.0,0.0,0.0,0.0,0.0,0.0
1,0,1.0,0.0,0.0,0.0,0.0,0.0,0.0,0.0,0.0,0.0,0.0,0.0,0.0
1,0,1.0,0.0,0.0,0.0,0.0,0.0,0.0,0.0,0.0,0.0,0.0,0.0,0.0
1,0,1.0,0.0,0.0,0.0,0.0,0.0,0.0,0.0,0.0,0.0,0.0,0.0,0.0
1,0,1.0,0.0,0.0,0.0,0.0,0.0,0.0,0.0,0.0,0.0,0.0,0.0,0.0
1,0,1.0,0.0,0.0,0.0,0.0,0.0,0.0,0.0,0.0,0.0,0.0,0.0,0.0
1,0,1.0,0.0,0.0,0.0,0.0,0.0,0.0,0.0,0.0,0.0,0.0,0.0,0.0
1,0,1.0,0.0,0.0,0.0,0.0,0.0,0.0,0.0,0.0,0.0,0.0,0.0,0.0
1,0,1.0,0.0,0.0,0.0,0.0,0.0,0.0,0.0,0.0,0.0,0.0,0.0,0.0
1,0,1.0,0.0,0.0,0.0,0.0,0.0,0.0,0.0,0.0,0.0,0.0,0.0,0.0
1,0,1.0,0.0,0.0,0.0,0.0,0.0,0.0,0.0,0.0,0.0,0.0,0.0,0.0
1,0,1.0,0.0,0.0,0.0,0.0,0.0,0.0,0.0,0.0,0.0,0.0,0.0,0.0
1,0,1.0,0.0,0.0,0.0,0.0,0.0,0.0,0.0,0.0,0.0,0.0,0.0,0.0
1,0,1.0,0.0,0.0,0.0,0.0,0.0,0.0,0.0,0.0,0.0,0.0,0.0,0.0
1,0,1.0,0.0,0.0,0.0,0.0,0.0,0.0,0.0,0.0,0.0,0.0,0.0,0.0
1,0,1.0,0.0,0.0,0.0,0.0,0.0,0.0,0.0,0.0,0.0,0.0,0.0,0.0
1,0,1.0,0.0,0.0,0.0,0.0,0.0,0.0,0.0,0.0,0.0,0.0,0.0,0.0
1,0,1.0,0.0,0.0,0.0,0.0,0.0,0.0,0.0,0.0,0.0,0.0,0.0,0.0
1,0,1.0,0.0,0.0,0.0,0.0,0.0,0.0,0.0,0.0,0.0,0.0,0.0,0.0
1,0,1.0,0.0,0.0,0.0,0.0,0.0,0.0,0.0,0.0,0.0,0.0,0.0,0.0
1,0,1.0,0.0,0.0,0.0,0.0,0.0,0.0,0.0,0.0,0.0,0.0,0.0,0.0
1,0,1.0,0.0,0.0,0.0,0.0,0.0,0.0,0.0,0.0,0.0,0.0,0.0,0.0
1,0,1.0,0.0,0.0,0.0,0.0,0.0,0.0,0.0,0.0,0.0,0.0,0.0,0.0
1,0,1.0,0.0,0.0,0.0,0.0,0.0,0.0,0.0,0.0,0.0,0.0,0.0,0.0
1,0,1.0,0.0,0.0,0.0,0.0,0.0,0.0,0.0,0.0,0.0,0.0,0.0,0.0
1,0,1.0,0.0,0.0,0.0,0.0,0.0,0.0,0.0,0.0,0.0,0.0,0.0,0.0
1,0,1.0,0.0,0.0,0.0,0.0,0.0,0.0,0.0,0.0,0.0,0.0,0.0,0.0
1,0,1.0,0.0,0.0,0.0,0.0,0.0,0.0,0.0,0.0,0.0,0.0,0.0,0.0
1,0,1.0,0.0,0.0,0.0,0.0,0.0,0.0,0.0,0.0,0.0,0.0,0.0,0.0
1,0,1.0,0.0,0.0,0.0,0.0,0.0,0.0,0.0,0.0,0.0,0.0,0.0,0.0
1,0,1.0,0.0,0.0,0.0,0.0,0.0,0.0,0.0,0.0,0.0,0.0,0.0,0.0
1,0,1.0,0.0,0.0,0.0,0.0,0.0,0.0,0.0,0.0,0.0,0.0,0.0,0.0
1,0,1.0,0.0,0.0,0.0,0.0,0.0,0.0,0.0,0.0,0.0,0.0,0.0,0.0
1,0,1.0,0.0,0.0,0.0,0.0,0.0,0.0,0.0,0.0,0.0,0.0,0.0,0.0
1,0,1.0,0.0,0.0,0.0,0.0,0.0,0.0,0.0,0.0,0.0,0.0,0.0,0.0
1,0,1.0,0.0,0.0,0.0,0.0,0.0,0.0,0.0,0.0,0.0,0.0,0.0,0.0
1,0,1.0,0.0,0.0,0.0,0.0,0.0,0.0,0.0,0.0,0.0,0.0,0.0,0.0
1,0,1.0,0.0,0.0,0.0,0.0,0.0,0.0,0.0,0.0,0.0,0.0,0.0,0.0
1,0,1.0,0.0,0.0,0.0,0.0,0.0,0.0,0.0,0.0,0.0,0.0,0.0,0.0
1,0,1.0,0.0,0.0,0.0,0.0,0.0,0.0,0.0,0.0,0.0,0.0,0.0,0.0
1,0,1.0,0.0,0.0,0.0,0.0,0.0,0.0,0.0,0.0,0.0,0.0,0.0,0.0
1,0,1.0,0.0,0.0,0.0,0.0,0.0,0.0,0.0,0.0,0.0,0.0,0.0,0.0
1,0,1.0,0.0,0.0,0.0,0.0,0.0,0.0,0.0,0.0,0.0,0.0,0.0,0.0
1,0,1.0,0.0,0.0,0.0,0.0,0.0,0.0,0.0,0.0,0.0,0.0,0.0,0.0
1,0,1.0,0.0,0.0,0.0,0.0,0.0,0.0,0.0,0.0,0.0,0.0,0.0,0.0
1,0,1.0,0.0,0.0,0.0,0.0,0.0,0.0,0.0,0.0,0.0,0.0,0.0,0.0
1,0,1.0,0.0,0.0,0.0,0.0,0.0,0.0,0.0,0.0,0.0,0.0,0.0,0.0
1,0,1.0,0.0,0.0,0.0,0.0,0.0,0.0,0.0,0.0,0.0,0.0,0.0,0.0
1,0,1.0,0.0,0.0,0.0,0.0,0.0,0.0,0.0,0.0,0.0,0.0,0.0,0.0
1,0,1.0,0.0,0.0,0.0,0.0,0.0,0.0,0.0,0.0,0.0,0.0,0.0,0.0
1,0,1.0,0.0,0.0,0.0,0.0,0.0,0.0,0.0,0.0,0.0,0.0,0.0,0.0
1,0,1.0,0.0,0.0,0.0,0.0,0.0,0.0,0.0,0.0,0.0,0.0,0.0,0.0
1,0,1.0,0.0,0.0,0.0,0.0,0.0,0.0,0.0,0.0,0.0,0.0,0.0,0.0
1,0,1.0,0.0,0.0,0.0,0.0,0.0,0.0,0.0,0.0,0.0,0.0,0.0,0.0
1,0,1.0,0.0,0.0,0.0,0.0,0.0,0.0,0.0,0.0,0.0,0.0,0.0,0.0
1,0,1.0,0.0,0.0,0.0,0.0,0.0,0.0,0.0,0.0,0.0,0.0,0.0,0.0
1,0,1.0,0.0,0.0,0.0,0.0,0.0,0.0,0.0,0.0,0.0,0.0,0.0,0.0
1,0,1.0,0.0,0.0,0.0,0.0,0.0,0.0,0.0,0.0,0.0,0.0,0.0,0.0
1,0,1.0,0.0,0.0,0.0,0.0,0.0,0.0,0.0,0.0,0.0,0.0,0.0,0.0
1,0,1.0,0.0,0.0,0.0,0.0,0.0,0.0,0.0,0.0,0.0,0.0,0.0,0.0
1,0,1.0,0.0,0.0,0.0,0.0,0.0,0.0,0.0,0.0,0.0,0.0,0.0,0.0
1,0,1.0,0.0,0.0,0.0,0.0,0.0,0.0,0.0,0.0,0.0,0.0,0.0,0.0
1,0,1.0,0.0,0.0,0.0,0.0,0.0,0.0,0.0,0.0,0.0,0.0,0.0,0.0
1,0,1.0,0.0,0.0,0.0,0.0,0.0,0.0,0.0,0.0,0.0,0.0,0.0,0.0
1,0,1.0,0.0,0.0,0.0,0.0,0.0,0.0,0.0,0.0,0.0,0.0,0.0,0.0
1,0,1.0,0.0,0.0,0.0,0.0,0.0,0.0,0.0,0.0,0.0,0.0,0.0,0.0
1,0,1.0,0.0,0.0,0.0,0.0,0.0,0.0,0.0,0.0,0.0,0.0,0.0,0.0
1,0,1.0,0.0,0.0,0.0,0.0,0.0,0.0,0.0,0.0,0.0,0.0,0.0,0.0
1,0,1.0,0.0,0.0,0.0,0.0,0.0,0.0,0.0,0.0,0.0,0.0,0.0,0.0
1,0,1.0,0.0,0.0,0.0,0.0,0.0,0.0,0.0,0.0,0.0,0.0,0.0,0.0
1,0,1.0,0.0,0.0,0.0,0.0,0.0,0.0,0.0,0.0,0.0,0.0,0.0,0.0
1,0,1.0,0.0,0.0,0.0,0.0,0.0,0.0,0.0,0.0,0.0,0.0,0.0,0.0
1,0,1.0,0.0,0.0,0.0,0.0,0.0,0.0,0.0,0.0,0.0,0.0,0.0,0.0
1,0,1.0,0.0,0.0,0.0,0.0,0.0,0.0,0.0,0.0,0.0,0.0,0.0,0.0
1,0,1.0,0.0,0.0,0.0,0.0,0.0,0.0,0.0,0.0,0.0,0.0,0.0,0.0
1,0,1.0,0.0,0.0,0.0,0.0,0.0,0.0,0.0,0.0,0.0,0.0,0.0,0.0
1,0,1.0,0.0,0.0,0.0,0.0,0.0,0.0,0.0,0.0,0.0,0.0,0.0,0.0
1,0,1.0,0.0,0.0,0.0,0.0,0.0,0.0,0.0,0.0,0.0,0.0,0.0,0.0
1,0,1.0,0.0,0.0,0.0,0.0,0.0,0.0,0.0,0.0,0.0,0.0,0.0,0.0
1,0,1.0,0.0,0.0,0.0,0.0,0.0,0.0,0.0,0.0,0.0,0.0,0.0,0.0
1,0,1.0,0.0,0.0,0.0,0.0,0.0,0.0,0.0,0.0,0.0,0.0,0.0,0.0
1,0,1.0,0.0,0.0,0.0,0.0,0.0,0.0,0.0,0.0,0.0,0.0,0.0,0.0
1,0,1.0,0.0,0.0,0.0,0.0,0.0,0.0,0.0,0.0,0.0,0.0,0.0,0.0
1,0,1.0,0.0,0.0,0.0,0.0,0.0,0.0,0.0,0.0,0.0,0.0,0.0,0.0
1,0,1.0,0.0,0.0,0.0,0.0,0.0,0.0,0.0,0.0,0.0,0.0,0.0,0.0
1,0,1.0,0.0,0.0,0.0,0.0,0.0,0.0,0.0,0.0,0.0,0.0,0.0,0.0
1,0,1.0,0.0,0.0,0.0,0.0,0.0,0.0,0.0,0.0,0.0,0.0,0.0,0.0
1,0,1.0,0.0,0.0,0.0,0.0,0.0,0.0,0.0,0.0,0.0,0.0,0.0,0.0
1,0,1.0,0.0,0.0,0.0,0.0,0.0,0.0,0.0,0.0,0.0,0.0,0.0,0.0
1,0,1.0,0.0,0.0,0.0,0.0,0.0,0.0,0.0,0.0,0.0,0.0,0.0,0.0
1,0,1.0,0.0,0.0,0.0,0.0,0.0,0.0,0.0,0.0,0.0,0.0,0.0,0.0
1,0,1.0,0.0,0.0,0.0,0.0,0.0,0.0,0.0,0.0,0.0,0.0,0.0,0.0
1,0,1.0,0.0,0.0,0.0,0.0,0.0,0.0,0.0,0.0,0.0,0.0,0.0,0.0
1,0,1.0,0.0,0.0,0.0,0.0,0.0,0.0,0.0,0.0,0.0,0.0,0.0,0.0
1,0,1.0,0.0,0.0,0.0,0.0,0.0,0.0,0.0,0.0,0.0,0.0,0.0,0.0
1,0,1.0,0.0,0.0,0.0,0.0,0.0,0.0,0.0,0.0,0.0,0.0,0.0,0.0
1,0,1.0,0.0,0.0,0.0,0.0,0.0,0.0,0.0,0.0,0.0,0.0,0.0,0.0
1,0,1.0,0.0,0.0,0.0,0.0,0.0,0.0,0.0,0.0,0.0,0.0,0.0,0.0
1,0,1.0,0.0,0.0,0.0,0.0,0.0,0.0,0.0,0.0,0.0,0.0,0.0,0.0
1,0,1.0,0.0,0.0,0.0,0.0,0.0,0.0,0.0,0.0,0.0,0.0,0.0,0.0
1,0,1.0,0.0,0.0,0.0,0.0,0.0,0.0,0.0,0.0,0.0,0.0,0.0,0.0
1,0,1.0,0.0,0.0,0.0,0.0,0.0,0.0,0.0,0.0,0.0,0.0,0.0,0.0
1,0,1.0,0.0,0.0,0.0,0.0,0.0,0.0,0.0,0.0,0.0,0.0,0.0,0.0
1,0,1.0,0.0,0.0,0.0,0.0,0.0,0.0,0.0,0.0,0.0,0.0,0.0,0.0
1,0,1.0,0.0,0.0,0.0,0.0,0.0,0.0,0.0,0.0,0.0,0.0,0.0,0.0
1,0,1.0,0.0,0.0,0.0,0.0,0.0,0.0,0.0,0.0,0.0,0.0,0.0,0.0
1,0,1.0,0.0,0.0,0.0,0.0,0.0,0.0,0.0,0.0,0.0,0.0,0.0,0.0
1,0,1.0,0.0,0.0,0.0,0.0,0.0,0.0,0.0,0.0,0.0,0.0,0.0,0.0
1,0,1.0,0.0,0.0,0.0,0.0,0.0,0.0,0.0,0.0,0.0,0.0,0.0,0.0
1,0,1.0,0.0,0.0,0.0,0.0,0.0,0.0,0.0,0.0,0.0,0.0,0.0,0.0
1,0,1.0,0.0,0.0,0.0,0.0,0.0,0.0,0.0,0.0,0.0,0.0,0.0,0.0
1,0,1.0,0.0,0.0,0.0,0.0,0.0,0.0,0.0,0.0,0.0,0.0,0.0,0.0
1,0,1.0,0.0,0.0,0.0,0.0,0.0,0.0,0.0,0.0,0.0,0.0,0.0,0.0
1,0,1.0,0.0,0.0,0.0,0.0,0.0,0.0,0.0,0.0,0.0,0.0,0.0,0.0
1,0,1.0,0.0,0.0,0.0,0.0,0.0,0.0,0.0,0.0,0.0,0.0,0.0,0.0
1,0,1.0,0.0,0.0,0.0,0.0,0.0,0.0,0.0,0.0,0.0,0.0,0.0,0.0
1,0,1.0,0.0,0.0,0.0,0.0,0.0,0.0,0.0,0.0,0.0,0.0,0.0,0.0
1,0,1.0,0.0,0.0,0.0,0.0,0.0,0.0,0.0,0.0,0.0,0.0,0.0,0.0
1,0,1.0,0.0,0.0,0.0,0.0,0.0,0.0,0.0,0.0,0.0,0.0,0.0,0.0
1,0,1.0,0.0,0.0,0.0,0.0,0.0,0.0,0.0,0.0,0.0,0.0,0.0,0.0
1,0,1.0,0.0,0.0,0.0,0.0,0.0,0.0,0.0,0.0,0.0,0.0,0.0,0.0
1,0,1.0,0.0,0.0,0.0,0.0,0.0,0.0,0.0,0.0,0.0,0.0,0.0,0.0
1,0,1.0,0.0,0.0,0.0,0.0,0.0,0.0,0.0,0.0,0.0,0.0,0.0,0.0
1,0,1.0,0.0,0.0,0.0,0.0,0.0,0.0,0.0,0.0,0.0,0.0,0.0,0.0
1,0,1.0,0.0,0.0,0.0,0.0,0.0,0.0,0.0,0.0,0.0,0.0,0.0,0.0
1,0,1.0,0.0,0.0,0.0,0.0,0.0,0.0,0.0,0.0,0.0,0.0,0.0,0.0
1,0,1.0,0.0,0.0,0.0,0.0,0.0,0.0,0.0,0.0,0.0,0.0,0.0,0.0
1,0,1.0,0.0,0.0,0.0,0.0,0.0,0.0,0.0,0.0,0.0,0.0,0.0,0.0
1,0,1.0,0.0,0.0,0.0,0.0,0.0,0.0,0.0,0.0,0.0,0.0,0.0,0.0
1,0,1.0,0.0,0.0,0.0,0.0,0.0,0.0,0.0,0.0,0.0,0.0,0.0,0.0
1,0,1.0,0.0,0.0,0.0,0.0,0.0,0.0,0.0,0.0,0.0,0.0,0.0,0.0
1,0,1.0,0.0,0.0,0.0,0.0,0.0,0.0,0.0,0.0,0.0,0.0,0.0,0.0
1,0,1.0,0.0,0.0,0.0,0.0,0.0,0.0,0.0,0.0,0.0,0.0,0.0,0.0
1,0,1.0,0.0,0.0,0.0,0.0,0.0,0.0,0.0,0.0,0.0,0.0,0.0,0.0
1,0,1.0,0.0,0.0,0.0,0.0,0.0,0.0,0.0,0.0,0.0,0.0,0.0,0.0
1,0,1.0,0.0,0.0,0.0,0.0,0.0,0.0,0.0,0.0,0.0,0.0,0.0,0.0
1,0,1.0,0.0,0.0,0.0,0.0,0.0,0.0,0.0,0.0,0.0,0.0,0.0,0.0
1,0,1.0,0.0,0.0,0.0,0.0,0.0,0.0,0.0,0.0,0.0,0.0,0.0,0.0
1,0,1.0,0.0,0.0,0.0,0.0,0.0,0.0,0.0,0.0,0.0,0.0,0.0,0.0
1,0,1.0,0.0,0.0,0.0,0.0,0.0,0.0,0.0,0.0,0.0,0.0,0.0,0.0
1,0,1.0,0.0,0.0,0.0,0.0,0.0,0.0,0.0,0.0,0.0,0.0,0.0,0.0
1,0,1.0,0.0,0.0,0.0,0.0,0.0,0.0,0.0,0.0,0.0,0.0,0.0,0.0
1,0,1.0,0.0,0.0,0.0,0.0,0.0,0.0,0.0,0.0,0.0,0.0,0.0,0.0
1,0,1.0,0.0,0.0,0.0,0.0,0.0,0.0,0.0,0.0,0.0,0.0,0.0,0.0
1,0,1.0,0.0,0.0,0.0,0.0,0.0,0.0,0.0,0.0,0.0,0.0,0.0,0.0
1,0,1.0,0.0,0.0,0.0,0.0,0.0,0.0,0.0,0.0,0.0,0.0,0.0,0.0
1,0,1.0,0.0,0.0,0.0,0.0,0.0,0.0,0.0,0.0,0.0,0.0,0.0,0.0
1,0,1.0,0.0,0.0,0.0,0.0,0.0,0.0,0.0,0.0,0.0,0.0,0.0,0.0
1,0,1.0,0.0,0.0,0.0,0.0,0.0,0.0,0.0,0.0,0.0,0.0,0.0,0.0
1,0,1.0,0.0,0.0,0.0,0.0,0.0,0.0,0.0,0.0,0.0,0.0,0.0,0.0
1,0,1.0,0.0,0.0,0.0,0.0,0.0,0.0,0.0,0.0,0.0,0.0,0.0,0.0
1,0,1.0,0.0,0.0,0.0,0.0,0.0,0.0,0.0,0.0,0.0,0.0,0.0,0.0
1,0,1.0,0.0,0.0,0.0,0.0,0.0,0.0,0.0,0.0,0.0,0.0,0.0,0.0
1,0,1.0,0.0,0.0,0.0,0.0,0.0,0.0,0.0,0.0,0.0,0.0,0.0,0.0
1,0,1.0,0.0,0.0,0.0,0.0,0.0,0.0,0.0,0.0,0.0,0.0,0.0,0.0
1,0,1.0,0.0,0.0,0.0,0.0,0.0,0.0,0.0,0.0,0.0,0.0,0.0,0.0
1,0,1.0,0.0,0.0,0.0,0.0,0.0,0.0,0.0,0.0,0.0,0.0,0.0,0.0
1,0,1.0,0.0,0.0,0.0,0.0,0.0,0.0,0.0,0.0,0.0,0.0,0.0,0.0
1,0,1.0,0.0,0.0,0.0,0.0,0.0,0.0,0.0,0.0,0.0,0.0,0.0,0.0
1,0,1.0,0.0,0.0,0.0,0.0,0.0,0.0,0.0,0.0,0.0,0.0,0.0,0.0
1,0,1.0,0.0,0.0,0.0,0.0,0.0,0.0,0.0,0.0,0.0,0.0,0.0,0.0
1,0,1.0,0.0,0.0,0.0,0.0,0.0,0.0,0.0,0.0,0.0,0.0,0.0,0.0
1,0,1.0,0.0,0.0,0.0,0.0,0.0,0.0,0.0,0.0,0.0,0.0,0.0,0.0
1,0,1.0,0.0,0.0,0.0,0.0,0.0,0.0,0.0,0.0,0.0,0.0,0.0,0.0
1,0,1.0,0.0,0.0,0.0,0.0,0.0,0.0,0.0,0.0,0.0,0.0,0.0,0.0
1,0,1.0,0.0,0.0,0.0,0.0,0.0,0.0,0.0,0.0,0.0,0.0,0.0,0.0
1,0,1.0,0.0,0.0,0.0,0.0,0.0,0.0,0.0,0.0,0.0,0.0,0.0,0.0
1,0,1.0,0.0,0.0,0.0,0.0,0.0,0.0,0.0,0.0,0.0,0.0,0.0,0.0
1,0,1.0,0.0,0.0,0.0,0.0,0.0,0.0,0.0,0.0,0.0,0.0,0.0,0.0
1,0,1.0,0.0,0.0,0.0,0.0,0.0,0.0,0.0,0.0,0.0,0.0,0.0,0.0
1,0,1.0,0.0,0.0,0.0,0.0,0.0,0.0,0.0,0.0,0.0,0.0,0.0,0.0
1,0,1.0,0.0,0.0,0.0,0.0,0.0,0.0,0.0,0.0,0.0,0.0,0.0,0.0
1,0,1.0,0.0,0.0,0.0,0.0,0.0,0.0,0.0,0.0,0.0,0.0,0.0,0.0
1,0,1.0,0.0,0.0,0.0,0.0,0.0,0.0,0.0,0.0,0.0,0.0,0.0,0.0
1,0,1.0,0.0,0.0,0.0,0.0,0.0,0.0,0.0,0.0,0.0,0.0,0.0,0.0
1,0,1.0,0.0,0.0,0.0,0.0,0.0,0.0,0.0,0.0,0.0,0.0,0.0,0.0
1,0,1.0,0.0,0.0,0.0,0.0,0.0,0.0,0.0,0.0,0.0,0.0,0.0,0.0
1,0,1.0,0.0,0.0,0.0,0.0,0.0,0.0,0.0,0.0,0.0,0.0,0.0,0.0
1,0,1.0,0.0,0.0,0.0,0.0,0.0,0.0,0.0,0.0,0.0,0.0,0.0,0.0
1,0,1.0,0.0,0.0,0.0,0.0,0.0,0.0,0.0,0.0,0.0,0.0,0.0,0.0
1,0,1.0,0.0,0.0,0.0,0.0,0.0,0.0,0.0,0.0,0.0,0.0,0.0,0.0
1,0,1.0,0.0,0.0,0.0,0.0,0.0,0.0,0.0,0.0,0.0,0.0,0.0,0.0
1,0,1.0,0.0,0.0,0.0,0.0,0.0,0.0,0.0,0.0,0.0,0.0,0.0,0.0
1,0,1.0,0.0,0.0,0.0,0.0,0.0,0.0,0.0,0.0,0.0,0.0,0.0,0.0
1,0,1.0,0.0,0.0,0.0,0.0,0.0,0.0,0.0,0.0,0.0,0.0,0.0,0.0
1,0,1.0,0.0,0.0,0.0,0.0,0.0,0.0,0.0,0.0,0.0,0.0,0.0,0.0
1,0,1.0,0.0,0.0,0.0,0.0,0.0,0.0,0.0,0.0,0.0,0.0,0.0,0.0
1,0,1.0,0.0,0.0,0.0,0.0,0.0,0.0,0.0,0.0,0.0,0.0,0.0,0.0
1,0,1.0,0.0,0.0,0.0,0.0,0.0,0.0,0.0,0.0,0.0,0.0,0.0,0.0
1,0,1.0,0.0,0.0,0.0,0.0,0.0,0.0,0.0,0.0,0.0,0.0,0.0,0.0
1,0,1.0,0.0,0.0,0.0,0.0,0.0,0.0,0.0,0.0,0.0,0.0,0.0,0.0
1,0,1.0,0.0,0.0,0.0,0.0,0.0,0.0,0.0,0.0,0.0,0.0,0.0,0.0
1,0,1.0,0.0,0.0,0.0,0.0,0.0,0.0,0.0,0.0,0.0,0.0,0.0,0.0
1,0,1.0,0.0,0.0,0.0,0.0,0.0,0.0,0.0,0.0,0.0,0.0,0.0,0.0
1,0,1.0,0.0,0.0,0.0,0.0,0.0,0.0,0.0,0.0,0.0,0.0,0.0,0.0
1,0,1.0,0.0,0.0,0.0,0.0,0.0,0.0,0.0,0.0,0.0,0.0,0.0,0.0
1,0,1.0,0.0,0.0,0.0,0.0,0.0,0.0,0.0,0.0,0.0,0.0,0.0,0.0
1,0,1.0,0.0,0.0,0.0,0.0,0.0,0.0,0.0,0.0,0.0,0.0,0.0,0.0
1,0,1.0,0.0,0.0,0.0,0.0,0.0,0.0,0.0,0.0,0.0,0.0,0.0,0.0
1,0,1.0,0.0,0.0,0.0,0.0,0.0,0.0,0.0,0.0,0.0,0.0,0.0,0.0
1,0,1.0,0.0,0.0,0.0,0.0,0.0,0.0,0.0,0.0,0.0,0.0,0.0,0.0
1,0,1.0,0.0,0.0,0.0,0.0,0.0,0.0,0.0,0.0,0.0,0.0,0.0,0.0
1,0,1.0,0.0,0.0,0.0,0.0,0.0,0.0,0.0,0.0,0.0,0.0,0.0,0.0
1,0,1.0,0.0,0.0,0.0,0.0,0.0,0.0,0.0,0.0,0.0,0.0,0.0,0.0
1,0,1.0,0.0,0.0,0.0,0.0,0.0,0.0,0.0,0.0,0.0,0.0,0.0,0.0
1,0,1.0,0.0,0.0,0.0,0.0,0.0,0.0,0.0,0.0,0.0,0.0,0.0,0.0
1,0,1.0,0.0,0.0,0.0,0.0,0.0,0.0,0.0,0.0,0.0,0.0,0.0,0.0
1,0,1.0,0.0,0.0,0.0,0.0,0.0,0.0,0.0,0.0,0.0,0.0,0.0,0.0
1,0,1.0,0.0,0.0,0.0,0.0,0.0,0.0,0.0,0.0,0.0,0.0,0.0,0.0
1,0,1.0,0.0,0.0,0.0,0.0,0.0,0.0,0.0,0.0,0.0,0.0,0.0,0.0
1,0,1.0,0.0,0.0,0.0,0.0,0.0,0.0,0.0,0.0,0.0,0.0,0.0,0.0
1,0,1.0,0.0,0.0,0.0,0.0,0.0,0.0,0.0,0.0,0.0,0.0,0.0,0.0
1,0,1.0,0.0,0.0,0.0,0.0,0.0,0.0,0.0,0.0,0.0,0.0,0.0,0.0
1,0,1.0,0.0,0.0,0.0,0.0,0.0,0.0,0.0,0.0,0.0,0.0,0.0,0.0
1,0,1.0,0.0,0.0,0.0,0.0,0.0,0.0,0.0,0.0,0.0,0.0,0.0,0.0
1,0,1.0,0.0,0.0,0.0,0.0,0.0,0.0,0.0,0.0,0.0,0.0,0.0,0.0
1,0,1.0,0.0,0.0,0.0,0.0,0.0,0.0,0.0,0.0,0.0,0.0,0.0,0.0
1,0,1.0,0.0,0.0,0.0,0.0,0.0,0.0,0.0,0.0,0.0,0.0,0.0,0.0
1,0,1.0,0.0,0.0,0.0,0.0,0.0,0.0,0.0,0.0,0.0,0.0,0.0,0.0
1,0,1.0,0.0,0.0,0.0,0.0,0.0,0.0,0.0,0.0,0.0,0.0,0.0,0.0
1,0,1.0,0.0,0.0,0.0,0.0,0.0,0.0,0.0,0.0,0.0,0.0,0.0,0.0
1,0,1.0,0.0,0.0,0.0,0.0,0.0,0.0,0.0,0.0,0.0,0.0,0.0,0.0
1,0,1.0,0.0,0.0,0.0,0.0,0.0,0.0,0.0,0.0,0.0,0.0,0.0,0.0
1,0,1.0,0.0,0.0,0.0,0.0,0.0,0.0,0.0,0.0,0.0,0.0,0.0,0.0
1,0,1.0,0.0,0.0,0.0,0.0,0.0,0.0,0.0,0.0,0.0,0.0,0.0,0.0
1,0,1.0,0.0,0.0,0.0,0.0,0.0,0.0,0.0,0.0,0.0,0.0,0.0,0.0
1,0,1.0,0.0,0.0,0.0,0.0,0.0,0.0,0.0,0.0,0.0,0.0,0.0,0.0
1,0,1.0,0.0,0.0,0.0,0.0,0.0,0.0,0.0,0.0,0.0,0.0,0.0,0.0
1,0,1.0,0.0,0.0,0.0,0.0,0.0,0.0,0.0,0.0,0.0,0.0,0.0,0.0
1,0,1.0,0.0,0.0,0.0,0.0,0.0,0.0,0.0,0.0,0.0,0.0,0.0,0.0
1,0,1.0,0.0,0.0,0.0,0.0,0.0,0.0,0.0,0.0,0.0,0.0,0.0,0.0
1,0,1.0,0.0,0.0,0.0,0.0,0.0,0.0,0.0,0.0,0.0,0.0,0.0,0.0
1,0,1.0,0.0,0.0,0.0,0.0,0.0,0.0,0.0,0.0,0.0,0.0,0.0,0.0
1,0,1.0,0.0,0.0,0.0,0.0,0.0,0.0,0.0,0.0,0.0,0.0,0.0,0.0
1,0,1.0,0.0,0.0,0.0,0.0,0.0,0.0,0.0,0.0,0.0,0.0,0.0,0.0
1,0,1.0,0.0,0.0,0.0,0.0,0.0,0.0,0.0,0.0,0.0,0.0,0.0,0.0
1,0,1.0,0.0,0.0,0.0,0.0,0.0,0.0,0.0,0.0,0.0,0.0,0.0,0.0
1,0,1.0,0.0,0.0,0.0,0.0,0.0,0.0,0.0,0.0,0.0,0.0,0.0,0.0
1,0,1.0,0.0,0.0,0.0,0.0,0.0,0.0,0.0,0.0,0.0,0.0,0.0,0.0
1,0,1.0,0.0,0.0,0.0,0.0,0.0,0.0,0.0,0.0,0.0,0.0,0.0,0.0
1,0,1.0,0.0,0.0,0.0,0.0,0.0,0.0,0.0,0.0,0.0,0.0,0.0,0.0
1,0,1.0,0.0,0.0,0.0,0.0,0.0,0.0,0.0,0.0,0.0,0.0,0.0,0.0
1,0,1.0,0.0,0.0,0.0,0.0,0.0,0.0,0.0,0.0,0.0,0.0,0.0,0.0
1,0,1.0,0.0,0.0,0.0,0.0,0.0,0.0,0.0,0.0,0.0,0.0,0.0,0.0
1,0,1.0,0.0,0.0,0.0,0.0,0.0,0.0,0.0,0.0,0.0,0.0,0.0,0.0
1,0,1.0,0.0,0.0,0.0,0.0,0.0,0.0,0.0,0.0,0.0,0.0,0.0,0.0
1,0,1.0,0.0,0.0,0.0,0.0,0.0,0.0,0.0,0.0,0.0,0.0,0.0,0.0
1,0,1.0,0.0,0.0,0.0,0.0,0.0,0.0,0.0,0.0,0.0,0.0,0.0,0.0
1,0,1.0,0.0,0.0,0.0,0.0,0.0,0.0,0.0,0.0,0.0,0.0,0.0,0.0
1,0,1.0,0.0,0.0,0.0,0.0,0.0,0.0,0.0,0.0,0.0,0.0,0.0,0.0
1,0,1.0,0.0,0.0,0.0,0.0,0.0,0.0,0.0,0.0,0.0,0.0,0.0,0.0
1,0,1.0,0.0,0.0,0.0,0.0,0.0,0.0,0.0,0.0,0.0,0.0,0.0,0.0
1,0,1.0,0.0,0.0,0.0,0.0,0.0,0.0,0.0,0.0,0.0,0.0,0.0,0.0
1,0,1.0,0.0,0.0,0.0,0.0,0.0,0.0,0.0,0.0,0.0,0.0,0.0,0.0
1,0,1.0,0.0,0.0,0.0,0.0,0.0,0.0,0.0,0.0,0.0,0.0,0.0,0.0
1,0,1.0,0.0,0.0,0.0,0.0,0.0,0.0,0.0,0.0,0.0,0.0,0.0,0.0
1,0,1.0,0.0,0.0,0.0,0.0,0.0,0.0,0.0,0.0,0.0,0.0,0.0,0.0
1,0,1.0,0.0,0.0,0.0,0.0,0.0,0.0,0.0,0.0,0.0,0.0,0.0,0.0
1,0,1.0,0.0,0.0,0.0,0.0,0.0,0.0,0.0,0.0,0.0,0.0,0.0,0.0
1,0,1.0,0.0,0.0,0.0,0.0,0.0,0.0,0.0,0.0,0.0,0.0,0.0,0.0
1,0,1.0,0.0,0.0,0.0,0.0,0.0,0.0,0.0,0.0,0.0,0.0,0.0,0.0
1,0,1.0,0.0,0.0,0.0,0.0,0.0,0.0,0.0,0.0,0.0,0.0,0.0,0.0
1,0,1.0,0.0,0.0,0.0,0.0,0.0,0.0,0.0,0.0,0.0,0.0,0.0,0.0
1,0,1.0,0.0,0.0,0.0,0.0,0.0,0.0,0.0,0.0,0.0,0.0,0.0,0.0
1,0,1.0,0.0,0.0,0.0,0.0,0.0,0.0,0.0,0.0,0.0,0.0,0.0,0.0
1,0,1.0,0.0,0.0,0.0,0.0,0.0,0.0,0.0,0.0,0.0,0.0,0.0,0.0
1,0,1.0,0.0,0.0,0.0,0.0,0.0,0.0,0.0,0.0,0.0,0.0,0.0,0.0
1,0,1.0,0.0,0.0,0.0,0.0,0.0,0.0,0.0,0.0,0.0,0.0,0.0,0.0
1,0,1.0,0.0,0.0,0.0,0.0,0.0,0.0,0.0,0.0,0.0,0.0,0.0,0.0
1,0,1.0,0.0,0.0,0.0,0.0,0.0,0.0,0.0,0.0,0.0,0.0,0.0,0.0
1,0,1.0,0.0,0.0,0.0,0.0,0.0,0.0,0.0,0.0,0.0,0.0,0.0,0.0
1,0,1.0,0.0,0.0,0.0,0.0,0.0,0.0,0.0,0.0,0.0,0.0,0.0,0.0
1,0,1.0,0.0,0.0,0.0,0.0,0.0,0.0,0.0,0.0,0.0,0.0,0.0,0.0
1,0,1.0,0.0,0.0,0.0,0.0,0.0,0.0,0.0,0.0,0.0,0.0,0.0,0.0
1,0,1.0,0.0,0.0,0.0,0.0,0.0,0.0,0.0,0.0,0.0,0.0,0.0,0.0
1,0,1.0,0.0,0.0,0.0,0.0,0.0,0.0,0.0,0.0,0.0,0.0,0.0,0.0
1,0,1.0,0.0,0.0,0.0,0.0,0.0,0.0,0.0,0.0,0.0,0.0,0.0,0.0
1,0,1.0,0.0,0.0,0.0,0.0,0.0,0.0,0.0,0.0,0.0,0.0,0.0,0.0
1,0,1.0,0.0,0.0,0.0,0.0,0.0,0.0,0.0,0.0,0.0,0.0,0.0,0.0
1,0,1.0,0.0,0.0,0.0,0.0,0.0,0.0,0.0,0.0,0.0,0.0,0.0,0.0
1,0,1.0,0.0,0.0,0.0,0.0,0.0,0.0,0.0,0.0,0.0,0.0,0.0,0.0
1,0,1.0,0.0,0.0,0.0,0.0,0.0,0.0,0.0,0.0,0.0,0.0,0.0,0.0
1,0,1.0,0.0,0.0,0.0,0.0,0.0,0.0,0.0,0.0,0.0,0.0,0.0,0.0
1,0,1.0,0.0,0.0,0.0,0.0,0.0,0.0,0.0,0.0,0.0,0.0,0.0,0.0
1,0,1.0,0.0,0.0,0.0,0.0,0.0,0.0,0.0,0.0,0.0,0.0,0.0,0.0
1,0,1.0,0.0,0.0,0.0,0.0,0.0,0.0,0.0,0.0,0.0,0.0,0.0,0.0
1,0,1.0,0.0,0.0,0.0,0.0,0.0,0.0,0.0,0.0,0.0,0.0,0.0,0.0
1,0,1.0,0.0,0.0,0.0,0.0,0.0,0.0,0.0,0.0,0.0,0.0,0.0,0.0
1,0,1.0,0.0,0.0,0.0,0.0,0.0,0.0,0.0,0.0,0.0,0.0,0.0,0.0
1,0,1.0,0.0,0.0,0.0,0.0,0.0,0.0,0.0,0.0,0.0,0.0,0.0,0.0
1,0,1.0,0.0,0.0,0.0,0.0,0.0,0.0,0.0,0.0,0.0,0.0,0.0,0.0
1,0,1.0,0.0,0.0,0.0,0.0,0.0,0.0,0.0,0.0,0.0,0.0,0.0,0.0
1,0,1.0,0.0,0.0,0.0,0.0,0.0,0.0,0.0,0.0,0.0,0.0,0.0,0.0
1,0,1.0,0.0,0.0,0.0,0.0,0.0,0.0,0.0,0.0,0.0,0.0,0.0,0.0
1,0,1.0,0.0,0.0,0.0,0.0,0.0,0.0,0.0,0.0,0.0,0.0,0.0,0.0
1,0,1.0,0.0,0.0,0.0,0.0,0.0,0.0,0.0,0.0,0.0,0.0,0.0,0.0
1,0,1.0,0.0,0.0,0.0,0.0,0.0,0.0,0.0,0.0,0.0,0.0,0.0,0.0
1,0,1.0,0.0,0.0,0.0,0.0,0.0,0.0,0.0,0.0,0.0,0.0,0.0,0.0
1,0,1.0,0.0,0.0,0.0,0.0,0.0,0.0,0.0,0.0,0.0,0.0,0.0,0.0
1,0,1.0,0.0,0.0,0.0,0.0,0.0,0.0,0.0,0.0,0.0,0.0,0.0,0.0
1,0,1.0,0.0,0.0,0.0,0.0,0.0,0.0,0.0,0.0,0.0,0.0,0.0,0.0
1,0,1.0,0.0,0.0,0.0,0.0,0.0,0.0,0.0,0.0,0.0,0.0,0.0,0.0
1,0,1.0,0.0,0.0,0.0,0.0,0.0,0.0,0.0,0.0,0.0,0.0,0.0,0.0
1,0,1.0,0.0,0.0,0.0,0.0,0.0,0.0,0.0,0.0,0.0,0.0,0.0,0.0
1,0,1.0,0.0,0.0,0.0,0.0,0.0,0.0,0.0,0.0,0.0,0.0,0.0,0.0
1,0,1.0,0.0,0.0,0.0,0.0,0.0,0.0,0.0,0.0,0.0,0.0,0.0,0.0
1,0,1.0,0.0,0.0,0.0,0.0,0.0,0.0,0.0,0.0,0.0,0.0,0.0,0.0
1,0,1.0,0.0,0.0,0.0,0.0,0.0,0.0,0.0,0.0,0.0,0.0,0.0,0.0
1,0,1.0,0.0,0.0,0.0,0.0,0.0,0.0,0.0,0.0,0.0,0.0,0.0,0.0
1,0,1.0,0.0,0.0,0.0,0.0,0.0,0.0,0.0,0.0,0.0,0.0,0.0,0.0
1,0,1.0,0.0,0.0,0.0,0.0,0.0,0.0,0.0,0.0,0.0,0.0,0.0,0.0
1,0,1.0,0.0,0.0,0.0,0.0,0.0,0.0,0.0,0.0,0.0,0.0,0.0,0.0
1,0,1.0,0.0,0.0,0.0,0.0,0.0,0.0,0.0,0.0,0.0,0.0,0.0,0.0
1,0,1.0,0.0,0.0,0.0,0.0,0.0,0.0,0.0,0.0,0.0,0.0,0.0,0.0
1,0,1.0,0.0,0.0,0.0,0.0,0.0,0.0,0.0,0.0,0.0,0.0,0.0,0.0
1,0,1.0,0.0,0.0,0.0,0.0,0.0,0.0,0.0,0.0,0.0,0.0,0.0,0.0
1,0,1.0,0.0,0.0,0.0,0.0,0.0,0.0,0.0,0.0,0.0,0.0,0.0,0.0
1,0,1.0,0.0,0.0,0.0,0.0,0.0,0.0,0.0,0.0,0.0,0.0,0.0,0.0
1,0,1.0,0.0,0.0,0.0,0.0,0.0,0.0,0.0,0.0,0.0,0.0,0.0,0.0
1,0,1.0,0.0,0.0,0.0,0.0,0.0,0.0,0.0,0.0,0.0,0.0,0.0,0.0
1,0,1.0,0.0,0.0,0.0,0.0,0.0,0.0,0.0,0.0,0.0,0.0,0.0,0.0
1,0,1.0,0.0,0.0,0.0,0.0,0.0,0.0,0.0,0.0,0.0,0.0,0.0,0.0
1,0,1.0,0.0,0.0,0.0,0.0,0.0,0.0,0.0,0.0,0.0,0.0,0.0,0.0
1,0,1.0,0.0,0.0,0.0,0.0,0.0,0.0,0.0,0.0,0.0,0.0,0.0,0.0
1,0,1.0,0.0,0.0,0.0,0.0,0.0,0.0,0.0,0.0,0.0,0.0,0.0,0.0
1,0,1.0,0.0,0.0,0.0,0.0,0.0,0.0,0.0,0.0,0.0,0.0,0.0,0.0
1,0,1.0,0.0,0.0,0.0,0.0,0.0,0.0,0.0,0.0,0.0,0.0,0.0,0.0
1,0,1.0,0.0,0.0,0.0,0.0,0.0,0.0,0.0,0.0,0.0,0.0,0.0,0.0
1,0,1.0,0.0,0.0,0.0,0.0,0.0,0.0,0.0,0.0,0.0,0.0,0.0,0.0
1,0,1.0,0.0,0.0,0.0,0.0,0.0,0.0,0.0,0.0,0.0,0.0,0.0,0.0
1,0,1.0,0.0,0.0,0.0,0.0,0.0,0.0,0.0,0.0,0.0,0.0,0.0,0.0
1,0,1.0,0.0,0.0,0.0,0.0,0.0,0.0,0.0,0.0,0.0,0.0,0.0,0.0
1,0,1.0,0.0,0.0,0.0,0.0,0.0,0.0,0.0,0.0,0.0,0.0,0.0,0.0
1,0,1.0,0.0,0.0,0.0,0.0,0.0,0.0,0.0,0.0,0.0,0.0,0.0,0.0
1,0,1.0,0.0,0.0,0.0,0.0,0.0,0.0,0.0,0.0,0.0,0.0,0.0,0.0
1,0,1.0,0.0,0.0,0.0,0.0,0.0,0.0,0.0,0.0,0.0,0.0,0.0,0.0
1,0,1.0,0.0,0.0,0.0,0.0,0.0,0.0,0.0,0.0,0.0,0.0,0.0,0.0
1,0,1.0,0.0,0.0,0.0,0.0,0.0,0.0,0.0,0.0,0.0,0.0,0.0,0.0
1,0,1.0,0.0,0.0,0.0,0.0,0.0,0.0,0.0,0.0,0.0,0.0,0.0,0.0
1,0,1.0,0.0,0.0,0.0,0.0,0.0,0.0,0.0,0.0,0.0,0.0,0.0,0.0
1,0,1.0,0.0,0.0,0.0,0.0,0.0,0.0,0.0,0.0,0.0,0.0,0.0,0.0
1,0,1.0,0.0,0.0,0.0,0.0,0.0,0.0,0.0,0.0,0.0,0.0,0.0,0.0
1,0,1.0,0.0,0.0,0.0,0.0,0.0,0.0,0.0,0.0,0.0,0.0,0.0,0.0
1,0,1.0,0.0,0.0,0.0,0.0,0.0,0.0,0.0,0.0,0.0,0.0,0.0,0.0
1,0,1.0,0.0,0.0,0.0,0.0,0.0,0.0,0.0,0.0,0.0,0.0,0.0,0.0
1,0,1.0,0.0,0.0,0.0,0.0,0.0,0.0,0.0,0.0,0.0,0.0,0.0,0.0
1,0,1.0,0.0,0.0,0.0,0.0,0.0,0.0,0.0,0.0,0.0,0.0,0.0,0.0
1,0,1.0,0.0,0.0,0.0,0.0,0.0,0.0,0.0,0.0,0.0,0.0,0.0,0.0
1,0,1.0,0.0,0.0,0.0,0.0,0.0,0.0,0.0,0.0,0.0,0.0,0.0,0.0
1,0,1.0,0.0,0.0,0.0,0.0,0.0,0.0,0.0,0.0,0.0,0.0,0.0,0.0
1,0,1.0,0.0,0.0,0.0,0.0,0.0,0.0,0.0,0.0,0.0,0.0,0.0,0.0
1,0,1.0,0.0,0.0,0.0,0.0,0.0,0.0,0.0,0.0,0.0,0.0,0.0,0.0
1,0,1.0,0.0,0.0,0.0,0.0,0.0,0.0,0.0,0.0,0.0,0.0,0.0,0.0
1,0,1.0,0.0,0.0,0.0,0.0,0.0,0.0,0.0,0.0,0.0,0.0,0.0,0.0
1,0,1.0,0.0,0.0,0.0,0.0,0.0,0.0,0.0,0.0,0.0,0.0,0.0,0.0
1,0,1.0,0.0,0.0,0.0,0.0,0.0,0.0,0.0,0.0,0.0,0.0,0.0,0.0
1,0,1.0,0.0,0.0,0.0,0.0,0.0,0.0,0.0,0.0,0.0,0.0,0.0,0.0
1,0,1.0,0.0,0.0,0.0,0.0,0.0,0.0,0.0,0.0,0.0,0.0,0.0,0.0
1,0,1.0,0.0,0.0,0.0,0.0,0.0,0.0,0.0,0.0,0.0,0.0,0.0,0.0
1,0,1.0,0.0,0.0,0.0,0.0,0.0,0.0,0.0,0.0,0.0,0.0,0.0,0.0
1,0,1.0,0.0,0.0,0.0,0.0,0.0,0.0,0.0,0.0,0.0,0.0,0.0,0.0
1,0,1.0,0.0,0.0,0.0,0.0,0.0,0.0,0.0,0.0,0.0,0.0,0.0,0.0
1,0,1.0,0.0,0.0,0.0,0.0,0.0,0.0,0.0,0.0,0.0,0.0,0.0,0.0
1,0,1.0,0.0,0.0,0.0,0.0,0.0,0.0,0.0,0.0,0.0,0.0,0.0,0.0
1,0,1.0,0.0,0.0,0.0,0.0,0.0,0.0,0.0,0.0,0.0,0.0,0.0,0.0
1,0,1.0,0.0,0.0,0.0,0.0,0.0,0.0,0.0,0.0,0.0,0.0,0.0,0.0
1,0,0.93708026,0.0,0.0,0.06291972,0.0,0.0,0.0,0.0,0.0,0.0,0.0,0.0,0.0
1,0,0.93708026,0.0,0.0,0.06291972,0.0,0.0,0.0,0.0,0.0,0.0,0.0,0.0,0.0
1,0,0.93708026,0.0,0.0,0.06291972,0.0,0.0,0.0,0.0,0.0,0.0,0.0,0.0,0.0
1,0,0.93708026,0.0,0.0,0.06291972,0.0,0.0,0.0,0.0,0.0,0.0,0.0,0.0,0.0
1,0,0.93708026,0.0,0.0,0.06291972,0.0,0.0,0.0,0.0,0.0,0.0,0.0,0.0,0.0
1,0,0.93708026,0.0,0.0,0.06291972,0.0,0.0,0.0,0.0,0.0,0.0,0.0,0.0,0.0
1,0,0.93708026,0.0,0.0,0.06291972,0.0,0.0,0.0,0.0,0.0,0.0,0.0,0.0,0.0
1,0,0.93708026,0.0,0.0,0.06291972,0.0,0.0,0.0,0.0,0.0,0.0,0.0,0.0,0.0
1,0,0.93708026,0.0,0.0,0.06291972,0.0,0.0,0.0,0.0,0.0,0.0,0.0,0.0,0.0
1,0,0.93708026,0.0,0.0,0.06291972,0.0,0.0,0.0,0.0,0.0,0.0,0.0,0.0,0.0
1,0,0.93708026,0.0,0.0,0.06291972,0.0,0.0,0.0,0.0,0.0,0.0,0.0,0.0,0.0
1,0,0.93708026,0.0,0.0,0.06291972,0.0,0.0,0.0,0.0,0.0,0.0,0.0,0.0,0.0
1,0,0.93708026,0.0,0.0,0.06291972,0.0,0.0,0.0,0.0,0.0,0.0,0.0,0.0,0.0
1,0,0.93708026,0.0,0.0,0.06291972,0.0,0.0,0.0,0.0,0.0,0.0,0.0,0.0,0.0
1,0,0.93708026,0.0,0.0,0.06291972,0.0,0.0,0.0,0.0,0.0,0.0,0.0,0.0,0.0
1,0,0.93708026,0.0,0.0,0.06291972,0.0,0.0,0.0,0.0,0.0,0.0,0.0,0.0,0.0
1,0,0.93708026,0.0,0.0,0.06291972,0.0,0.0,0.0,0.0,0.0,0.0,0.0,0.0,0.0
1,0,0.93708026,0.0,0.0,0.06291972,0.0,0.0,0.0,0.0,0.0,0.0,0.0,0.0,0.0
1,0,0.93708026,0.0,0.0,0.06291972,0.0,0.0,0.0,0.0,0.0,0.0,0.0,0.0,0.0
1,0,0.93708026,0.0,0.0,0.06291972,0.0,0.0,0.0,0.0,0.0,0.0,0.0,0.0,0.0
1,0,0.93708026,0.0,0.0,0.06291972,0.0,0.0,0.0,0.0,0.0,0.0,0.0,0.0,0.0
1,0,0.93708026,0.0,0.0,0.06291972,0.0,0.0,0.0,0.0,0.0,0.0,0.0,0.0,0.0
1,0,0.93708026,0.0,0.0,0.06291972,0.0,0.0,0.0,0.0,0.0,0.0,0.0,0.0,0.0
1,0,0.93708026,0.0,0.0,0.06291972,0.0,0.0,0.0,0.0,0.0,0.0,0.0,0.0,0.0
1,0,0.93708026,0.0,0.0,0.06291972,0.0,0.0,0.0,0.0,0.0,0.0,0.0,0.0,0.0
1,0,0.93708026,0.0,0.0,0.06291972,0.0,0.0,0.0,0.0,0.0,0.0,0.0,0.0,0.0
1,0,0.93708026,0.0,0.0,0.06291972,0.0,0.0,0.0,0.0,0.0,0.0,0.0,0.0,0.0
1,0,0.93708026,0.0,0.0,0.06291972,0.0,0.0,0.0,0.0,0.0,0.0,0.0,0.0,0.0
1,0,0.93708026,0.0,0.0,0.06291972,0.0,0.0,0.0,0.0,0.0,0.0,0.0,0.0,0.0
1,0,0.93708026,0.0,0.0,0.06291972,0.0,0.0,0.0,0.0,0.0,0.0,0.0,0.0,0.0
1,0,0.93708026,0.0,0.0,0.06291972,0.0,0.0,0.0,0.0,0.0,0.0,0.0,0.0,0.0
1,0,0.93708026,0.0,0.0,0.06291972,0.0,0.0,0.0,0.0,0.0,0.0,0.0,0.0,0.0
1,0,0.93708026,0.0,0.0,0.06291972,0.0,0.0,0.0,0.0,0.0,0.0,0.0,0.0,0.0
1,0,0.93708026,0.0,0.0,0.06291972,0.0,0.0,0.0,0.0,0.0,0.0,0.0,0.0,0.0
1,0,0.93708026,0.0,0.0,0.06291972,0.0,0.0,0.0,0.0,0.0,0.0,0.0,0.0,0.0
1,0,0.93708026,0.0,0.0,0.06291972,0.0,0.0,0.0,0.0,0.0,0.0,0.0,0.0,0.0
1,0,0.93708026,0.0,0.0,0.06291972,0.0,0.0,0.0,0.0,0.0,0.0,0.0,0.0,0.0
1,0,0.93708026,0.0,0.0,0.06291972,0.0,0.0,0.0,0.0,0.0,0.0,0.0,0.0,0.0
1,0,0.93708026,0.0,0.0,0.06291972,0.0,0.0,0.0,0.0,0.0,0.0,0.0,0.0,0.0
1,0,0.93708026,0.0,0.0,0.06291972,0.0,0.0,0.0,0.0,0.0,0.0,0.0,0.0,0.0
1,0,0.93708026,0.0,0.0,0.06291972,0.0,0.0,0.0,0.0,0.0,0.0,0.0,0.0,0.0
1,0,0.93708026,0.0,0.0,0.06291972,0.0,0.0,0.0,0.0,0.0,0.0,0.0,0.0,0.0
1,0,0.93708026,0.0,0.0,0.06291972,0.0,0.0,0.0,0.0,0.0,0.0,0.0,0.0,0.0
1,0,0.93708026,0.0,0.0,0.06291972,0.0,0.0,0.0,0.0,0.0,0.0,0.0,0.0,0.0
1,0,0.93708026,0.0,0.0,0.06291972,0.0,0.0,0.0,0.0,0.0,0.0,0.0,0.0,0.0
1,0,0.93708026,0.0,0.0,0.06291972,0.0,0.0,0.0,0.0,0.0,0.0,0.0,0.0,0.0
1,0,0.93708026,0.0,0.0,0.06291972,0.0,0.0,0.0,0.0,0.0,0.0,0.0,0.0,0.0
1,0,0.93708026,0.0,0.0,0.06291972,0.0,0.0,0.0,0.0,0.0,0.0,0.0,0.0,0.0
1,0,0.93708026,0.0,0.0,0.06291972,0.0,0.0,0.0,0.0,0.0,0.0,0.0,0.0,0.0
1,0,0.93708026,0.0,0.0,0.06291972,0.0,0.0,0.0,0.0,0.0,0.0,0.0,0.0,0.0
1,0,0.93708026,0.0,0.0,0.06291972,0.0,0.0,0.0,0.0,0.0,0.0,0.0,0.0,0.0
1,0,0.93708026,0.0,0.0,0.06291972,0.0,0.0,0.0,0.0,0.0,0.0,0.0,0.0,0.0
1,0,0.93708026,0.0,0.0,0.06291972,0.0,0.0,0.0,0.0,0.0,0.0,0.0,0.0,0.0
1,0,0.93708026,0.0,0.0,0.06291972,0.0,0.0,0.0,0.0,0.0,0.0,0.0,0.0,0.0
1,0,0.93708026,0.0,0.0,0.06291972,0.0,0.0,0.0,0.0,0.0,0.0,0.0,0.0,0.0
1,0,0.93708026,0.0,0.0,0.06291972,0.0,0.0,0.0,0.0,0.0,0.0,0.0,0.0,0.0
1,0,0.93708026,0.0,0.0,0.06291972,0.0,0.0,0.0,0.0,0.0,0.0,0.0,0.0,0.0
1,0,0.93708026,0.0,0.0,0.06291972,0.0,0.0,0.0,0.0,0.0,0.0,0.0,0.0,0.0
1,0,0.93708026,0.0,0.0,0.06291972,0.0,0.0,0.0,0.0,0.0,0.0,0.0,0.0,0.0
1,0,0.93708026,0.0,0.0,0.06291972,0.0,0.0,0.0,0.0,0.0,0.0,0.0,0.0,0.0
1,0,0.93708026,0.0,0.0,0.06291972,0.0,0.0,0.0,0.0,0.0,0.0,0.0,0.0,0.0
1,0,0.93708026,0.0,0.0,0.06291972,0.0,0.0,0.0,0.0,0.0,0.0,0.0,0.0,0.0
1,0,0.93708026,0.0,0.0,0.06291972,0.0,0.0,0.0,0.0,0.0,0.0,0.0,0.0,0.0
1,0,0.93708026,0.0,0.0,0.06291972,0.0,0.0,0.0,0.0,0.0,0.0,0.0,0.0,0.0
1,0,0.93708026,0.0,0.0,0.06291972,0.0,0.0,0.0,0.0,0.0,0.0,0.0,0.0,0.0
1,0,0.93708026,0.0,0.0,0.06291972,0.0,0.0,0.0,0.0,0.0,0.0,0.0,0.0,0.0
1,0,0.93708026,0.0,0.0,0.06291972,0.0,0.0,0.0,0.0,0.0,0.0,0.0,0.0,0.0
1,0,0.93708026,0.0,0.0,0.06291972,0.0,0.0,0.0,0.0,0.0,0.0,0.0,0.0,0.0
1,0,0.93708026,0.0,0.0,0.06291972,0.0,0.0,0.0,0.0,0.0,0.0,0.0,0.0,0.0
1,0,0.93708026,0.0,0.0,0.06291972,0.0,0.0,0.0,0.0,0.0,0.0,0.0,0.0,0.0
1,0,0.93708026,0.0,0.0,0.06291972,0.0,0.0,0.0,0.0,0.0,0.0,0.0,0.0,0.0
1,0,0.93708026,0.0,0.0,0.06291972,0.0,0.0,0.0,0.0,0.0,0.0,0.0,0.0,0.0
1,0,0.93708026,0.0,0.0,0.06291972,0.0,0.0,0.0,0.0,0.0,0.0,0.0,0.0,0.0
1,0,0.93708026,0.0,0.0,0.06291972,0.0,0.0,0.0,0.0,0.0,0.0,0.0,0.0,0.0
1,0,0.93708026,0.0,0.0,0.06291972,0.0,0.0,0.0,0.0,0.0,0.0,0.0,0.0,0.0
1,0,0.93708026,0.0,0.0,0.06291972,0.0,0.0,0.0,0.0,0.0,0.0,0.0,0.0,0.0
1,0,0.93708026,0.0,0.0,0.06291972,0.0,0.0,0.0,0.0,0.0,0.0,0.0,0.0,0.0
1,0,0.93708026,0.0,0.0,0.06291972,0.0,0.0,0.0,0.0,0.0,0.0,0.0,0.0,0.0
1,0,0.93708026,0.0,0.0,0.06291972,0.0,0.0,0.0,0.0,0.0,0.0,0.0,0.0,0.0
1,0,0.93708026,0.0,0.0,0.06291972,0.0,0.0,0.0,0.0,0.0,0.0,0.0,0.0,0.0
1,0,0.93708026,0.0,0.0,0.06291972,0.0,0.0,0.0,0.0,0.0,0.0,0.0,0.0,0.0
1,0,0.93708026,0.0,0.0,0.06291972,0.0,0.0,0.0,0.0,0.0,0.0,0.0,0.0,0.0
1,0,0.93708026,0.0,0.0,0.06291972,0.0,0.0,0.0,0.0,0.0,0.0,0.0,0.0,0.0
1,0,0.93708026,0.0,0.0,0.06291972,0.0,0.0,0.0,0.0,0.0,0.0,0.0,0.0,0.0
1,0,0.93708026,0.0,0.0,0.06291972,0.0,0.0,0.0,0.0,0.0,0.0,0.0,0.0,0.0
1,0,0.93708026,0.0,0.0,0.06291972,0.0,0.0,0.0,0.0,0.0,0.0,0.0,0.0,0.0
1,0,0.93708026,0.0,0.0,0.06291972,0.0,0.0,0.0,0.0,0.0,0.0,0.0,0.0,0.0
1,0,0.93708026,0.0,0.0,0.06291972,0.0,0.0,0.0,0.0,0.0,0.0,0.0,0.0,0.0
1,0,0.93708026,0.0,0.0,0.06291972,0.0,0.0,0.0,0.0,0.0,0.0,0.0,0.0,0.0
1,0,0.93708026,0.0,0.0,0.06291972,0.0,0.0,0.0,0.0,0.0,0.0,0.0,0.0,0.0
1,0,0.93708026,0.0,0.0,0.06291972,0.0,0.0,0.0,0.0,0.0,0.0,0.0,0.0,0.0
1,0,0.93708026,0.0,0.0,0.06291972,0.0,0.0,0.0,0.0,0.0,0.0,0.0,0.0,0.0
1,0,0.93708026,0.0,0.0,0.06291972,0.0,0.0,0.0,0.0,0.0,0.0,0.0,0.0,0.0
1,0,0.93708026,0.0,0.0,0.06291972,0.0,0.0,0.0,0.0,0.0,0.0,0.0,0.0,0.0
1,0,0.93708026,0.0,0.0,0.06291972,0.0,0.0,0.0,0.0,0.0,0.0,0.0,0.0,0.0
1,0,0.93708026,0.0,0.0,0.06291972,0.0,0.0,0.0,0.0,0.0,0.0,0.0,0.0,0.0
1,0,0.93708026,0.0,0.0,0.06291972,0.0,0.0,0.0,0.0,0.0,0.0,0.0,0.0,0.0
1,0,0.93708026,0.0,0.0,0.06291972,0.0,0.0,0.0,0.0,0.0,0.0,0.0,0.0,0.0
1,0,0.93708026,0.0,0.0,0.06291972,0.0,0.0,0.0,0.0,0.0,0.0,0.0,0.0,0.0
1,0,0.93708026,0.0,0.0,0.06291972,0.0,0.0,0.0,0.0,0.0,0.0,0.0,0.0,0.0
1,0,0.93708026,0.0,0.0,0.06291972,0.0,0.0,0.0,0.0,0.0,0.0,0.0,0.0,0.0
1,0,0.93708026,0.0,0.0,0.06291972,0.0,0.0,0.0,0.0,0.0,0.0,0.0,0.0,0.0
1,0,0.93708026,0.0,0.0,0.06291972,0.0,0.0,0.0,0.0,0.0,0.0,0.0,0.0,0.0
1,0,0.93708026,0.0,0.0,0.06291972,0.0,0.0,0.0,0.0,0.0,0.0,0.0,0.0,0.0
1,0,0.93708026,0.0,0.0,0.06291972,0.0,0.0,0.0,0.0,0.0,0.0,0.0,0.0,0.0
1,0,0.93708026,0.0,0.0,0.06291972,0.0,0.0,0.0,0.0,0.0,0.0,0.0,0.0,0.0
1,0,0.93708026,0.0,0.0,0.06291972,0.0,0.0,0.0,0.0,0.0,0.0,0.0,0.0,0.0
1,0,0.93708026,0.0,0.0,0.06291972,0.0,0.0,0.0,0.0,0.0,0.0,0.0,0.0,0.0
1,0,0.93708026,0.0,0.0,0.06291972,0.0,0.0,0.0,0.0,0.0,0.0,0.0,0.0,0.0
1,0,0.93708026,0.0,0.0,0.06291972,0.0,0.0,0.0,0.0,0.0,0.0,0.0,0.0,0.0
1,0,0.93708026,0.0,0.0,0.06291972,0.0,0.0,0.0,0.0,0.0,0.0,0.0,0.0,0.0
1,0,0.93708026,0.0,0.0,0.06291972,0.0,0.0,0.0,0.0,0.0,0.0,0.0,0.0,0.0
1,0,1.0,0.0,0.0,0.0,0.0,0.0,0.0,0.0,0.0,0.0,0.0,0.0,0.0
1,0,1.0,0.0,0.0,0.0,0.0,0.0,0.0,0.0,0.0,0.0,0.0,0.0,0.0
1,0,1.0,0.0,0.0,0.0,0.0,0.0,0.0,0.0,0.0,0.0,0.0,0.0,0.0
1,0,1.0,0.0,0.0,0.0,0.0,0.0,0.0,0.0,0.0,0.0,0.0,0.0,0.0
1,0,1.0,0.0,0.0,0.0,0.0,0.0,0.0,0.0,0.0,0.0,0.0,0.0,0.0
1,0,1.0,0.0,0.0,0.0,0.0,0.0,0.0,0.0,0.0,0.0,0.0,0.0,0.0
1,0,1.0,0.0,0.0,0.0,0.0,0.0,0.0,0.0,0.0,0.0,0.0,0.0,0.0
1,0,1.0,0.0,0.0,0.0,0.0,0.0,0.0,0.0,0.0,0.0,0.0,0.0,0.0
1,0,1.0,0.0,0.0,0.0,0.0,0.0,0.0,0.0,0.0,0.0,0.0,0.0,0.0
1,0,1.0,0.0,0.0,0.0,0.0,0.0,0.0,0.0,0.0,0.0,0.0,0.0,0.0
1,0,1.0,0.0,0.0,0.0,0.0,0.0,0.0,0.0,0.0,0.0,0.0,0.0,0.0
1,0,1.0,0.0,0.0,0.0,0.0,0.0,0.0,0.0,0.0,0.0,0.0,0.0,0.0
1,0,1.0,0.0,0.0,0.0,0.0,0.0,0.0,0.0,0.0,0.0,0.0,0.0,0.0
1,0,1.0,0.0,0.0,0.0,0.0,0.0,0.0,0.0,0.0,0.0,0.0,0.0,0.0
1,0,1.0,0.0,0.0,0.0,0.0,0.0,0.0,0.0,0.0,0.0,0.0,0.0,0.0
1,0,1.0,0.0,0.0,0.0,0.0,0.0,0.0,0.0,0.0,0.0,0.0,0.0,0.0
1,0,1.0,0.0,0.0,0.0,0.0,0.0,0.0,0.0,0.0,0.0,0.0,0.0,0.0
1,0,1.0,0.0,0.0,0.0,0.0,0.0,0.0,0.0,0.0,0.0,0.0,0.0,0.0
1,0,1.0,0.0,0.0,0.0,0.0,0.0,0.0,0.0,0.0,0.0,0.0,0.0,0.0
1,0,1.0,0.0,0.0,0.0,0.0,0.0,0.0,0.0,0.0,0.0,0.0,0.0,0.0
1,0,1.0,0.0,0.0,0.0,0.0,0.0,0.0,0.0,0.0,0.0,0.0,0.0,0.0
1,0,1.0,0.0,0.0,0.0,0.0,0.0,0.0,0.0,0.0,0.0,0.0,0.0,0.0
1,0,1.0,0.0,0.0,0.0,0.0,0.0,0.0,0.0,0.0,0.0,0.0,0.0,0.0
1,0,1.0,0.0,0.0,0.0,0.0,0.0,0.0,0.0,0.0,0.0,0.0,0.0,0.0
1,0,1.0,0.0,0.0,0.0,0.0,0.0,0.0,0.0,0.0,0.0,0.0,0.0,0.0
1,0,1.0,0.0,0.0,0.0,0.0,0.0,0.0,0.0,0.0,0.0,0.0,0.0,0.0
1,0,1.0,0.0,0.0,0.0,0.0,0.0,0.0,0.0,0.0,0.0,0.0,0.0,0.0
1,0,1.0,0.0,0.0,0.0,0.0,0.0,0.0,0.0,0.0,0.0,0.0,0.0,0.0
1,0,1.0,0.0,0.0,0.0,0.0,0.0,0.0,0.0,0.0,0.0,0.0,0.0,0.0
1,0,1.0,0.0,0.0,0.0,0.0,0.0,0.0,0.0,0.0,0.0,0.0,0.0,0.0
1,0,1.0,0.0,0.0,0.0,0.0,0.0,0.0,0.0,0.0,0.0,0.0,0.0,0.0
1,0,1.0,0.0,0.0,0.0,0.0,0.0,0.0,0.0,0.0,0.0,0.0,0.0,0.0
1,0,1.0,0.0,0.0,0.0,0.0,0.0,0.0,0.0,0.0,0.0,0.0,0.0,0.0
1,0,1.0,0.0,0.0,0.0,0.0,0.0,0.0,0.0,0.0,0.0,0.0,0.0,0.0
1,0,1.0,0.0,0.0,0.0,0.0,0.0,0.0,0.0,0.0,0.0,0.0,0.0,0.0
1,0,1.0,0.0,0.0,0.0,0.0,0.0,0.0,0.0,0.0,0.0,0.0,0.0,0.0
1,0,1.0,0.0,0.0,0.0,0.0,0.0,0.0,0.0,0.0,0.0,0.0,0.0,0.0
1,0,1.0,0.0,0.0,0.0,0.0,0.0,0.0,0.0,0.0,0.0,0.0,0.0,0.0
1,0,1.0,0.0,0.0,0.0,0.0,0.0,0.0,0.0,0.0,0.0,0.0,0.0,0.0
1,0,1.0,0.0,0.0,0.0,0.0,0.0,0.0,0.0,0.0,0.0,0.0,0.0,0.0
1,0,1.0,0.0,0.0,0.0,0.0,0.0,0.0,0.0,0.0,0.0,0.0,0.0,0.0
1,0,1.0,0.0,0.0,0.0,0.0,0.0,0.0,0.0,0.0,0.0,0.0,0.0,0.0
1,0,1.0,0.0,0.0,0.0,0.0,0.0,0.0,0.0,0.0,0.0,0.0,0.0,0.0
1,0,1.0,0.0,0.0,0.0,0.0,0.0,0.0,0.0,0.0,0.0,0.0,0.0,0.0
1,0,1.0,0.0,0.0,0.0,0.0,0.0,0.0,0.0,0.0,0.0,0.0,0.0,0.0
1,0,1.0,0.0,0.0,0.0,0.0,0.0,0.0,0.0,0.0,0.0,0.0,0.0,0.0
1,0,1.0,0.0,0.0,0.0,0.0,0.0,0.0,0.0,0.0,0.0,0.0,0.0,0.0
1,0,1.0,0.0,0.0,0.0,0.0,0.0,0.0,0.0,0.0,0.0,0.0,0.0,0.0
1,0,1.0,0.0,0.0,0.0,0.0,0.0,0.0,0.0,0.0,0.0,0.0,0.0,0.0
1,0,1.0,0.0,0.0,0.0,0.0,0.0,0.0,0.0,0.0,0.0,0.0,0.0,0.0
1,0,1.0,0.0,0.0,0.0,0.0,0.0,0.0,0.0,0.0,0.0,0.0,0.0,0.0
1,0,1.0,0.0,0.0,0.0,0.0,0.0,0.0,0.0,0.0,0.0,0.0,0.0,0.0
1,0,1.0,0.0,0.0,0.0,0.0,0.0,0.0,0.0,0.0,0.0,0.0,0.0,0.0
1,0,1.0,0.0,0.0,0.0,0.0,0.0,0.0,0.0,0.0,0.0,0.0,0.0,0.0
1,0,1.0,0.0,0.0,0.0,0.0,0.0,0.0,0.0,0.0,0.0,0.0,0.0,0.0
1,0,1.0,0.0,0.0,0.0,0.0,0.0,0.0,0.0,0.0,0.0,0.0,0.0,0.0
1,0,1.0,0.0,0.0,0.0,0.0,0.0,0.0,0.0,0.0,0.0,0.0,0.0,0.0
1,0,1.0,0.0,0.0,0.0,0.0,0.0,0.0,0.0,0.0,0.0,0.0,0.0,0.0
1,0,1.0,0.0,0.0,0.0,0.0,0.0,0.0,0.0,0.0,0.0,0.0,0.0,0.0
1,0,1.0,0.0,0.0,0.0,0.0,0.0,0.0,0.0,0.0,0.0,0.0,0.0,0.0
1,0,1.0,0.0,0.0,0.0,0.0,0.0,0.0,0.0,0.0,0.0,0.0,0.0,0.0
1,0,1.0,0.0,0.0,0.0,0.0,0.0,0.0,0.0,0.0,0.0,0.0,0.0,0.0
1,0,1.0,0.0,0.0,0.0,0.0,0.0,0.0,0.0,0.0,0.0,0.0,0.0,0.0
1,0,1.0,0.0,0.0,0.0,0.0,0.0,0.0,0.0,0.0,0.0,0.0,0.0,0.0
1,0,1.0,0.0,0.0,0.0,0.0,0.0,0.0,0.0,0.0,0.0,0.0,0.0,0.0
1,0,1.0,0.0,0.0,0.0,0.0,0.0,0.0,0.0,0.0,0.0,0.0,0.0,0.0
1,0,1.0,0.0,0.0,0.0,0.0,0.0,0.0,0.0,0.0,0.0,0.0,0.0,0.0
1,0,1.0,0.0,0.0,0.0,0.0,0.0,0.0,0.0,0.0,0.0,0.0,0.0,0.0
1,0,1.0,0.0,0.0,0.0,0.0,0.0,0.0,0.0,0.0,0.0,0.0,0.0,0.0
1,0,1.0,0.0,0.0,0.0,0.0,0.0,0.0,0.0,0.0,0.0,0.0,0.0,0.0
1,0,1.0,0.0,0.0,0.0,0.0,0.0,0.0,0.0,0.0,0.0,0.0,0.0,0.0
1,0,1.0,0.0,0.0,0.0,0.0,0.0,0.0,0.0,0.0,0.0,0.0,0.0,0.0
1,0,1.0,0.0,0.0,0.0,0.0,0.0,0.0,0.0,0.0,0.0,0.0,0.0,0.0
1,0,1.0,0.0,0.0,0.0,0.0,0.0,0.0,0.0,0.0,0.0,0.0,0.0,0.0
1,0,1.0,0.0,0.0,0.0,0.0,0.0,0.0,0.0,0.0,0.0,0.0,0.0,0.0
1,0,1.0,0.0,0.0,0.0,0.0,0.0,0.0,0.0,0.0,0.0,0.0,0.0,0.0
1,0,1.0,0.0,0.0,0.0,0.0,0.0,0.0,0.0,0.0,0.0,0.0,0.0,0.0
1,0,1.0,0.0,0.0,0.0,0.0,0.0,0.0,0.0,0.0,0.0,0.0,0.0,0.0
1,0,1.0,0.0,0.0,0.0,0.0,0.0,0.0,0.0,0.0,0.0,0.0,0.0,0.0
1,0,1.0,0.0,0.0,0.0,0.0,0.0,0.0,0.0,0.0,0.0,0.0,0.0,0.0
1,0,1.0,0.0,0.0,0.0,0.0,0.0,0.0,0.0,0.0,0.0,0.0,0.0,0.0
1,0,1.0,0.0,0.0,0.0,0.0,0.0,0.0,0.0,0.0,0.0,0.0,0.0,0.0
1,0,1.0,0.0,0.0,0.0,0.0,0.0,0.0,0.0,0.0,0.0,0.0,0.0,0.0
1,0,1.0,0.0,0.0,0.0,0.0,0.0,0.0,0.0,0.0,0.0,0.0,0.0,0.0
1,0,1.0,0.0,0.0,0.0,0.0,0.0,0.0,0.0,0.0,0.0,0.0,0.0,0.0
1,0,1.0,0.0,0.0,0.0,0.0,0.0,0.0,0.0,0.0,0.0,0.0,0.0,0.0
1,0,1.0,0.0,0.0,0.0,0.0,0.0,0.0,0.0,0.0,0.0,0.0,0.0,0.0
1,0,1.0,0.0,0.0,0.0,0.0,0.0,0.0,0.0,0.0,0.0,0.0,0.0,0.0
1,0,1.0,0.0,0.0,0.0,0.0,0.0,0.0,0.0,0.0,0.0,0.0,0.0,0.0
1,0,1.0,0.0,0.0,0.0,0.0,0.0,0.0,0.0,0.0,0.0,0.0,0.0,0.0
1,0,1.0,0.0,0.0,0.0,0.0,0.0,0.0,0.0,0.0,0.0,0.0,0.0,0.0
1,0,1.0,0.0,0.0,0.0,0.0,0.0,0.0,0.0,0.0,0.0,0.0,0.0,0.0
1,0,1.0,0.0,0.0,0.0,0.0,0.0,0.0,0.0,0.0,0.0,0.0,0.0,0.0
1,0,1.0,0.0,0.0,0.0,0.0,0.0,0.0,0.0,0.0,0.0,0.0,0.0,0.0
1,0,1.0,0.0,0.0,0.0,0.0,0.0,0.0,0.0,0.0,0.0,0.0,0.0,0.0
1,0,1.0,0.0,0.0,0.0,0.0,0.0,0.0,0.0,0.0,0.0,0.0,0.0,0.0
1,0,1.0,0.0,0.0,0.0,0.0,0.0,0.0,0.0,0.0,0.0,0.0,0.0,0.0
1,0,1.0,0.0,0.0,0.0,0.0,0.0,0.0,0.0,0.0,0.0,0.0,0.0,0.0
1,0,1.0,0.0,0.0,0.0,0.0,0.0,0.0,0.0,0.0,0.0,0.0,0.0,0.0
1,0,1.0,0.0,0.0,0.0,0.0,0.0,0.0,0.0,0.0,0.0,0.0,0.0,0.0
1,0,1.0,0.0,0.0,0.0,0.0,0.0,0.0,0.0,0.0,0.0,0.0,0.0,0.0
1,0,1.0,0.0,0.0,0.0,0.0,0.0,0.0,0.0,0.0,0.0,0.0,0.0,0.0
1,0,1.0,0.0,0.0,0.0,0.0,0.0,0.0,0.0,0.0,0.0,0.0,0.0,0.0
1,0,1.0,0.0,0.0,0.0,0.0,0.0,0.0,0.0,0.0,0.0,0.0,0.0,0.0
1,0,1.0,0.0,0.0,0.0,0.0,0.0,0.0,0.0,0.0,0.0,0.0,0.0,0.0
1,0,1.0,0.0,0.0,0.0,0.0,0.0,0.0,0.0,0.0,0.0,0.0,0.0,0.0
1,0,1.0,0.0,0.0,0.0,0.0,0.0,0.0,0.0,0.0,0.0,0.0,0.0,0.0
1,0,1.0,0.0,0.0,0.0,0.0,0.0,0.0,0.0,0.0,0.0,0.0,0.0,0.0
1,0,1.0,0.0,0.0,0.0,0.0,0.0,0.0,0.0,0.0,0.0,0.0,0.0,0.0
1,0,1.0,0.0,0.0,0.0,0.0,0.0,0.0,0.0,0.0,0.0,0.0,0.0,0.0
1,0,1.0,0.0,0.0,0.0,0.0,0.0,0.0,0.0,0.0,0.0,0.0,0.0,0.0
1,0,1.0,0.0,0.0,0.0,0.0,0.0,0.0,0.0,0.0,0.0,0.0,0.0,0.0
1,0,1.0,0.0,0.0,0.0,0.0,0.0,0.0,0.0,0.0,0.0,0.0,0.0,0.0
1,0,1.0,0.0,0.0,0.0,0.0,0.0,0.0,0.0,0.0,0.0,0.0,0.0,0.0
1,0,1.0,0.0,0.0,0.0,0.0,0.0,0.0,0.0,0.0,0.0,0.0,0.0,0.0
1,0,1.0,0.0,0.0,0.0,0.0,0.0,0.0,0.0,0.0,0.0,0.0,0.0,0.0
1,0,1.0,0.0,0.0,0.0,0.0,0.0,0.0,0.0,0.0,0.0,0.0,0.0,0.0
1,0,1.0,0.0,0.0,0.0,0.0,0.0,0.0,0.0,0.0,0.0,0.0,0.0,0.0
1,0,1.0,0.0,0.0,0.0,0.0,0.0,0.0,0.0,0.0,0.0,0.0,0.0,0.0
1,0,1.0,0.0,0.0,0.0,0.0,0.0,0.0,0.0,0.0,0.0,0.0,0.0,0.0
1,0,1.0,0.0,0.0,0.0,0.0,0.0,0.0,0.0,0.0,0.0,0.0,0.0,0.0
1,0,1.0,0.0,0.0,0.0,0.0,0.0,0.0,0.0,0.0,0.0,0.0,0.0,0.0
1,0,1.0,0.0,0.0,0.0,0.0,0.0,0.0,0.0,0.0,0.0,0.0,0.0,0.0
1,0,1.0,0.0,0.0,0.0,0.0,0.0,0.0,0.0,0.0,0.0,0.0,0.0,0.0
1,0,1.0,0.0,0.0,0.0,0.0,0.0,0.0,0.0,0.0,0.0,0.0,0.0,0.0
1,0,1.0,0.0,0.0,0.0,0.0,0.0,0.0,0.0,0.0,0.0,0.0,0.0,0.0
1,0,1.0,0.0,0.0,0.0,0.0,0.0,0.0,0.0,0.0,0.0,0.0,0.0,0.0
1,0,1.0,0.0,0.0,0.0,0.0,0.0,0.0,0.0,0.0,0.0,0.0,0.0,0.0
1,0,1.0,0.0,0.0,0.0,0.0,0.0,0.0,0.0,0.0,0.0,0.0,0.0,0.0
1,0,1.0,0.0,0.0,0.0,0.0,0.0,0.0,0.0,0.0,0.0,0.0,0.0,0.0
1,0,1.0,0.0,0.0,0.0,0.0,0.0,0.0,0.0,0.0,0.0,0.0,0.0,0.0
1,0,1.0,0.0,0.0,0.0,0.0,0.0,0.0,0.0,0.0,0.0,0.0,0.0,0.0
1,0,1.0,0.0,0.0,0.0,0.0,0.0,0.0,0.0,0.0,0.0,0.0,0.0,0.0
1,0,1.0,0.0,0.0,0.0,0.0,0.0,0.0,0.0,0.0,0.0,0.0,0.0,0.0
1,0,1.0,0.0,0.0,0.0,0.0,0.0,0.0,0.0,0.0,0.0,0.0,0.0,0.0
1,0,1.0,0.0,0.0,0.0,0.0,0.0,0.0,0.0,0.0,0.0,0.0,0.0,0.0
1,0,1.0,0.0,0.0,0.0,0.0,0.0,0.0,0.0,0.0,0.0,0.0,0.0,0.0
1,0,1.0,0.0,0.0,0.0,0.0,0.0,0.0,0.0,0.0,0.0,0.0,0.0,0.0
1,0,1.0,0.0,0.0,0.0,0.0,0.0,0.0,0.0,0.0,0.0,0.0,0.0,0.0
1,0,1.0,0.0,0.0,0.0,0.0,0.0,0.0,0.0,0.0,0.0,0.0,0.0,0.0
1,0,1.0,0.0,0.0,0.0,0.0,0.0,0.0,0.0,0.0,0.0,0.0,0.0,0.0
1,0,1.0,0.0,0.0,0.0,0.0,0.0,0.0,0.0,0.0,0.0,0.0,0.0,0.0
1,0,1.0,0.0,0.0,0.0,0.0,0.0,0.0,0.0,0.0,0.0,0.0,0.0,0.0
1,0,1.0,0.0,0.0,0.0,0.0,0.0,0.0,0.0,0.0,0.0,0.0,0.0,0.0
1,0,1.0,0.0,0.0,0.0,0.0,0.0,0.0,0.0,0.0,0.0,0.0,0.0,0.0
1,0,1.0,0.0,0.0,0.0,0.0,0.0,0.0,0.0,0.0,0.0,0.0,0.0,0.0
1,0,1.0,0.0,0.0,0.0,0.0,0.0,0.0,0.0,0.0,0.0,0.0,0.0,0.0
1,0,1.0,0.0,0.0,0.0,0.0,0.0,0.0,0.0,0.0,0.0,0.0,0.0,0.0
1,0,1.0,0.0,0.0,0.0,0.0,0.0,0.0,0.0,0.0,0.0,0.0,0.0,0.0
1,0,1.0,0.0,0.0,0.0,0.0,0.0,0.0,0.0,0.0,0.0,0.0,0.0,0.0
1,0,1.0,0.0,0.0,0.0,0.0,0.0,0.0,0.0,0.0,0.0,0.0,0.0,0.0
1,0,1.0,0.0,0.0,0.0,0.0,0.0,0.0,0.0,0.0,0.0,0.0,0.0,0.0
1,0,1.0,0.0,0.0,0.0,0.0,0.0,0.0,0.0,0.0,0.0,0.0,0.0,0.0
1,0,1.0,0.0,0.0,0.0,0.0,0.0,0.0,0.0,0.0,0.0,0.0,0.0,0.0
1,0,1.0,0.0,0.0,0.0,0.0,0.0,0.0,0.0,0.0,0.0,0.0,0.0,0.0
1,0,1.0,0.0,0.0,0.0,0.0,0.0,0.0,0.0,0.0,0.0,0.0,0.0,0.0
1,0,1.0,0.0,0.0,0.0,0.0,0.0,0.0,0.0,0.0,0.0,0.0,0.0,0.0
1,0,1.0,0.0,0.0,0.0,0.0,0.0,0.0,0.0,0.0,0.0,0.0,0.0,0.0
1,0,1.0,0.0,0.0,0.0,0.0,0.0,0.0,0.0,0.0,0.0,0.0,0.0,0.0
1,0,1.0,0.0,0.0,0.0,0.0,0.0,0.0,0.0,0.0,0.0,0.0,0.0,0.0
1,0,1.0,0.0,0.0,0.0,0.0,0.0,0.0,0.0,0.0,0.0,0.0,0.0,0.0
1,0,1.0,0.0,0.0,0.0,0.0,0.0,0.0,0.0,0.0,0.0,0.0,0.0,0.0
1,0,1.0,0.0,0.0,0.0,0.0,0.0,0.0,0.0,0.0,0.0,0.0,0.0,0.0
1,0,1.0,0.0,0.0,0.0,0.0,0.0,0.0,0.0,0.0,0.0,0.0,0.0,0.0
1,0,1.0,0.0,0.0,0.0,0.0,0.0,0.0,0.0,0.0,0.0,0.0,0.0,0.0
1,0,1.0,0.0,0.0,0.0,0.0,0.0,0.0,0.0,0.0,0.0,0.0,0.0,0.0
1,0,1.0,0.0,0.0,0.0,0.0,0.0,0.0,0.0,0.0,0.0,0.0,0.0,0.0
1,0,1.0,0.0,0.0,0.0,0.0,0.0,0.0,0.0,0.0,0.0,0.0,0.0,0.0
1,0,1.0,0.0,0.0,0.0,0.0,0.0,0.0,0.0,0.0,0.0,0.0,0.0,0.0
1,0,1.0,0.0,0.0,0.0,0.0,0.0,0.0,0.0,0.0,0.0,0.0,0.0,0.0
1,0,1.0,0.0,0.0,0.0,0.0,0.0,0.0,0.0,0.0,0.0,0.0,0.0,0.0
1,0,1.0,0.0,0.0,0.0,0.0,0.0,0.0,0.0,0.0,0.0,0.0,0.0,0.0
1,0,1.0,0.0,0.0,0.0,0.0,0.0,0.0,0.0,0.0,0.0,0.0,0.0,0.0
1,0,1.0,0.0,0.0,0.0,0.0,0.0,0.0,0.0,0.0,0.0,0.0,0.0,0.0
1,0,1.0,0.0,0.0,0.0,0.0,0.0,0.0,0.0,0.0,0.0,0.0,0.0,0.0
1,0,1.0,0.0,0.0,0.0,0.0,0.0,0.0,0.0,0.0,0.0,0.0,0.0,0.0
1,0,1.0,0.0,0.0,0.0,0.0,0.0,0.0,0.0,0.0,0.0,0.0,0.0,0.0
1,0,1.0,0.0,0.0,0.0,0.0,0.0,0.0,0.0,0.0,0.0,0.0,0.0,0.0
1,0,1.0,0.0,0.0,0.0,0.0,0.0,0.0,0.0,0.0,0.0,0.0,0.0,0.0
1,0,1.0,0.0,0.0,0.0,0.0,0.0,0.0,0.0,0.0,0.0,0.0,0.0,0.0
1,0,1.0,0.0,0.0,0.0,0.0,0.0,0.0,0.0,0.0,0.0,0.0,0.0,0.0
1,0,1.0,0.0,0.0,0.0,0.0,0.0,0.0,0.0,0.0,0.0,0.0,0.0,0.0
1,0,1.0,0.0,0.0,0.0,0.0,0.0,0.0,0.0,0.0,0.0,0.0,0.0,0.0
1,0,1.0,0.0,0.0,0.0,0.0,0.0,0.0,0.0,0.0,0.0,0.0,0.0,0.0
1,0,1.0,0.0,0.0,0.0,0.0,0.0,0.0,0.0,0.0,0.0,0.0,0.0,0.0
1,0,1.0,0.0,0.0,0.0,0.0,0.0,0.0,0.0,0.0,0.0,0.0,0.0,0.0
1,0,1.0,0.0,0.0,0.0,0.0,0.0,0.0,0.0,0.0,0.0,0.0,0.0,0.0
1,0,1.0,0.0,0.0,0.0,0.0,0.0,0.0,0.0,0.0,0.0,0.0,0.0,0.0
1,0,1.0,0.0,0.0,0.0,0.0,0.0,0.0,0.0,0.0,0.0,0.0,0.0,0.0
1,0,1.0,0.0,0.0,0.0,0.0,0.0,0.0,0.0,0.0,0.0,0.0,0.0,0.0
1,0,1.0,0.0,0.0,0.0,0.0,0.0,0.0,0.0,0.0,0.0,0.0,0.0,0.0
1,0,1.0,0.0,0.0,0.0,0.0,0.0,0.0,0.0,0.0,0.0,0.0,0.0,0.0
1,0,1.0,0.0,0.0,0.0,0.0,0.0,0.0,0.0,0.0,0.0,0.0,0.0,0.0
1,0,1.0,0.0,0.0,0.0,0.0,0.0,0.0,0.0,0.0,0.0,0.0,0.0,0.0
1,0,1.0,0.0,0.0,0.0,0.0,0.0,0.0,0.0,0.0,0.0,0.0,0.0,0.0
1,0,1.0,0.0,0.0,0.0,0.0,0.0,0.0,0.0,0.0,0.0,0.0,0.0,0.0
1,0,1.0,0.0,0.0,0.0,0.0,0.0,0.0,0.0,0.0,0.0,0.0,0.0,0.0
1,0,1.0,0.0,0.0,0.0,0.0,0.0,0.0,0.0,0.0,0.0,0.0,0.0,0.0
1,0,1.0,0.0,0.0,0.0,0.0,0.0,0.0,0.0,0.0,0.0,0.0,0.0,0.0
1,0,1.0,0.0,0.0,0.0,0.0,0.0,0.0,0.0,0.0,0.0,0.0,0.0,0.0
1,0,1.0,0.0,0.0,0.0,0.0,0.0,0.0,0.0,0.0,0.0,0.0,0.0,0.0
1,0,1.0,0.0,0.0,0.0,0.0,0.0,0.0,0.0,0.0,0.0,0.0,0.0,0.0
1,0,1.0,0.0,0.0,0.0,0.0,0.0,0.0,0.0,0.0,0.0,0.0,0.0,0.0
1,0,1.0,0.0,0.0,0.0,0.0,0.0,0.0,0.0,0.0,0.0,0.0,0.0,0.0
1,0,1.0,0.0,0.0,0.0,0.0,0.0,0.0,0.0,0.0,0.0,0.0,0.0,0.0
1,0,1.0,0.0,0.0,0.0,0.0,0.0,0.0,0.0,0.0,0.0,0.0,0.0,0.0
1,0,1.0,0.0,0.0,0.0,0.0,0.0,0.0,0.0,0.0,0.0,0.0,0.0,0.0
1,0,1.0,0.0,0.0,0.0,0.0,0.0,0.0,0.0,0.0,0.0,0.0,0.0,0.0
1,0,1.0,0.0,0.0,0.0,0.0,0.0,0.0,0.0,0.0,0.0,0.0,0.0,0.0
1,0,1.0,0.0,0.0,0.0,0.0,0.0,0.0,0.0,0.0,0.0,0.0,0.0,0.0
1,0,1.0,0.0,0.0,0.0,0.0,0.0,0.0,0.0,0.0,0.0,0.0,0.0,0.0
1,0,1.0,0.0,0.0,0.0,0.0,0.0,0.0,0.0,0.0,0.0,0.0,0.0,0.0
1,0,1.0,0.0,0.0,0.0,0.0,0.0,0.0,0.0,0.0,0.0,0.0,0.0,0.0
1,0,1.0,0.0,0.0,0.0,0.0,0.0,0.0,0.0,0.0,0.0,0.0,0.0,0.0
1,0,1.0,0.0,0.0,0.0,0.0,0.0,0.0,0.0,0.0,0.0,0.0,0.0,0.0
1,0,1.0,0.0,0.0,0.0,0.0,0.0,0.0,0.0,0.0,0.0,0.0,0.0,0.0
1,0,1.0,0.0,0.0,0.0,0.0,0.0,0.0,0.0,0.0,0.0,0.0,0.0,0.0
1,0,1.0,0.0,0.0,0.0,0.0,0.0,0.0,0.0,0.0,0.0,0.0,0.0,0.0
1,0,1.0,0.0,0.0,0.0,0.0,0.0,0.0,0.0,0.0,0.0,0.0,0.0,0.0
1,0,1.0,0.0,0.0,0.0,0.0,0.0,0.0,0.0,0.0,0.0,0.0,0.0,0.0
1,0,1.0,0.0,0.0,0.0,0.0,0.0,0.0,0.0,0.0,0.0,0.0,0.0,0.0
1,0,1.0,0.0,0.0,0.0,0.0,0.0,0.0,0.0,0.0,0.0,0.0,0.0,0.0
1,0,1.0,0.0,0.0,0.0,0.0,0.0,0.0,0.0,0.0,0.0,0.0,0.0,0.0
1,0,1.0,0.0,0.0,0.0,0.0,0.0,0.0,0.0,0.0,0.0,0.0,0.0,0.0
1,0,1.0,0.0,0.0,0.0,0.0,0.0,0.0,0.0,0.0,0.0,0.0,0.0,0.0
1,0,1.0,0.0,0.0,0.0,0.0,0.0,0.0,0.0,0.0,0.0,0.0,0.0,0.0
1,0,1.0,0.0,0.0,0.0,0.0,0.0,0.0,0.0,0.0,0.0,0.0,0.0,0.0
1,0,1.0,0.0,0.0,0.0,0.0,0.0,0.0,0.0,0.0,0.0,0.0,0.0,0.0
1,0,1.0,0.0,0.0,0.0,0.0,0.0,0.0,0.0,0.0,0.0,0.0,0.0,0.0
1,0,1.0,0.0,0.0,0.0,0.0,0.0,0.0,0.0,0.0,0.0,0.0,0.0,0.0
1,0,1.0,0.0,0.0,0.0,0.0,0.0,0.0,0.0,0.0,0.0,0.0,0.0,0.0
1,0,1.0,0.0,0.0,0.0,0.0,0.0,0.0,0.0,0.0,0.0,0.0,0.0,0.0
1,0,1.0,0.0,0.0,0.0,0.0,0.0,0.0,0.0,0.0,0.0,0.0,0.0,0.0
1,0,1.0,0.0,0.0,0.0,0.0,0.0,0.0,0.0,0.0,0.0,0.0,0.0,0.0
1,0,1.0,0.0,0.0,0.0,0.0,0.0,0.0,0.0,0.0,0.0,0.0,0.0,0.0
1,0,1.0,0.0,0.0,0.0,0.0,0.0,0.0,0.0,0.0,0.0,0.0,0.0,0.0
1,0,1.0,0.0,0.0,0.0,0.0,0.0,0.0,0.0,0.0,0.0,0.0,0.0,0.0
1,0,1.0,0.0,0.0,0.0,0.0,0.0,0.0,0.0,0.0,0.0,0.0,0.0,0.0
1,0,1.0,0.0,0.0,0.0,0.0,0.0,0.0,0.0,0.0,0.0,0.0,0.0,0.0
1,0,1.0,0.0,0.0,0.0,0.0,0.0,0.0,0.0,0.0,0.0,0.0,0.0,0.0
1,0,1.0,0.0,0.0,0.0,0.0,0.0,0.0,0.0,0.0,0.0,0.0,0.0,0.0
1,0,1.0,0.0,0.0,0.0,0.0,0.0,0.0,0.0,0.0,0.0,0.0,0.0,0.0
1,0,1.0,0.0,0.0,0.0,0.0,0.0,0.0,0.0,0.0,0.0,0.0,0.0,0.0
1,0,1.0,0.0,0.0,0.0,0.0,0.0,0.0,0.0,0.0,0.0,0.0,0.0,0.0
1,0,1.0,0.0,0.0,0.0,0.0,0.0,0.0,0.0,0.0,0.0,0.0,0.0,0.0
1,0,1.0,0.0,0.0,0.0,0.0,0.0,0.0,0.0,0.0,0.0,0.0,0.0,0.0
1,0,1.0,0.0,0.0,0.0,0.0,0.0,0.0,0.0,0.0,0.0,0.0,0.0,0.0
1,0,1.0,0.0,0.0,0.0,0.0,0.0,0.0,0.0,0.0,0.0,0.0,0.0,0.0
1,0,1.0,0.0,0.0,0.0,0.0,0.0,0.0,0.0,0.0,0.0,0.0,0.0,0.0
1,0,1.0,0.0,0.0,0.0,0.0,0.0,0.0,0.0,0.0,0.0,0.0,0.0,0.0
1,0,1.0,0.0,0.0,0.0,0.0,0.0,0.0,0.0,0.0,0.0,0.0,0.0,0.0
1,0,1.0,0.0,0.0,0.0,0.0,0.0,0.0,0.0,0.0,0.0,0.0,0.0,0.0
1,0,1.0,0.0,0.0,0.0,0.0,0.0,0.0,0.0,0.0,0.0,0.0,0.0,0.0
1,0,1.0,0.0,0.0,0.0,0.0,0.0,0.0,0.0,0.0,0.0,0.0,0.0,0.0
1,0,1.0,0.0,0.0,0.0,0.0,0.0,0.0,0.0,0.0,0.0,0.0,0.0,0.0
1,0,1.0,0.0,0.0,0.0,0.0,0.0,0.0,0.0,0.0,0.0,0.0,0.0,0.0
1,0,1.0,0.0,0.0,0.0,0.0,0.0,0.0,0.0,0.0,0.0,0.0,0.0,0.0
1,0,1.0,0.0,0.0,0.0,0.0,0.0,0.0,0.0,0.0,0.0,0.0,0.0,0.0
1,0,1.0,0.0,0.0,0.0,0.0,0.0,0.0,0.0,0.0,0.0,0.0,0.0,0.0
1,0,1.0,0.0,0.0,0.0,0.0,0.0,0.0,0.0,0.0,0.0,0.0,0.0,0.0
1,0,1.0,0.0,0.0,0.0,0.0,0.0,0.0,0.0,0.0,0.0,0.0,0.0,0.0
1,0,1.0,0.0,0.0,0.0,0.0,0.0,0.0,0.0,0.0,0.0,0.0,0.0,0.0
1,0,1.0,0.0,0.0,0.0,0.0,0.0,0.0,0.0,0.0,0.0,0.0,0.0,0.0
1,0,1.0,0.0,0.0,0.0,0.0,0.0,0.0,0.0,0.0,0.0,0.0,0.0,0.0
1,0,1.0,0.0,0.0,0.0,0.0,0.0,0.0,0.0,0.0,0.0,0.0,0.0,0.0
1,0,1.0,0.0,0.0,0.0,0.0,0.0,0.0,0.0,0.0,0.0,0.0,0.0,0.0
1,0,1.0,0.0,0.0,0.0,0.0,0.0,0.0,0.0,0.0,0.0,0.0,0.0,0.0
1,0,1.0,0.0,0.0,0.0,0.0,0.0,0.0,0.0,0.0,0.0,0.0,0.0,0.0
1,0,1.0,0.0,0.0,0.0,0.0,0.0,0.0,0.0,0.0,0.0,0.0,0.0,0.0
1,0,1.0,0.0,0.0,0.0,0.0,0.0,0.0,0.0,0.0,0.0,0.0,0.0,0.0
1,0,1.0,0.0,0.0,0.0,0.0,0.0,0.0,0.0,0.0,0.0,0.0,0.0,0.0
1,0,1.0,0.0,0.0,0.0,0.0,0.0,0.0,0.0,0.0,0.0,0.0,0.0,0.0
1,0,1.0,0.0,0.0,0.0,0.0,0.0,0.0,0.0,0.0,0.0,0.0,0.0,0.0
1,0,1.0,0.0,0.0,0.0,0.0,0.0,0.0,0.0,0.0,0.0,0.0,0.0,0.0
1,0,1.0,0.0,0.0,0.0,0.0,0.0,0.0,0.0,0.0,0.0,0.0,0.0,0.0
1,0,1.0,0.0,0.0,0.0,0.0,0.0,0.0,0.0,0.0,0.0,0.0,0.0,0.0
1,0,1.0,0.0,0.0,0.0,0.0,0.0,0.0,0.0,0.0,0.0,0.0,0.0,0.0
1,0,1.0,0.0,0.0,0.0,0.0,0.0,0.0,0.0,0.0,0.0,0.0,0.0,0.0
1,0,1.0,0.0,0.0,0.0,0.0,0.0,0.0,0.0,0.0,0.0,0.0,0.0,0.0
1,0,1.0,0.0,0.0,0.0,0.0,0.0,0.0,0.0,0.0,0.0,0.0,0.0,0.0
1,0,1.0,0.0,0.0,0.0,0.0,0.0,0.0,0.0,0.0,0.0,0.0,0.0,0.0
1,0,1.0,0.0,0.0,0.0,0.0,0.0,0.0,0.0,0.0,0.0,0.0,0.0,0.0
1,0,1.0,0.0,0.0,0.0,0.0,0.0,0.0,0.0,0.0,0.0,0.0,0.0,0.0
1,0,1.0,0.0,0.0,0.0,0.0,0.0,0.0,0.0,0.0,0.0,0.0,0.0,0.0
1,0,1.0,0.0,0.0,0.0,0.0,0.0,0.0,0.0,0.0,0.0,0.0,0.0,0.0
1,0,1.0,0.0,0.0,0.0,0.0,0.0,0.0,0.0,0.0,0.0,0.0,0.0,0.0
1,0,1.0,0.0,0.0,0.0,0.0,0.0,0.0,0.0,0.0,0.0,0.0,0.0,0.0
1,0,1.0,0.0,0.0,0.0,0.0,0.0,0.0,0.0,0.0,0.0,0.0,0.0,0.0
1,0,1.0,0.0,0.0,0.0,0.0,0.0,0.0,0.0,0.0,0.0,0.0,0.0,0.0
1,0,1.0,0.0,0.0,0.0,0.0,0.0,0.0,0.0,0.0,0.0,0.0,0.0,0.0
1,0,1.0,0.0,0.0,0.0,0.0,0.0,0.0,0.0,0.0,0.0,0.0,0.0,0.0
1,0,1.0,0.0,0.0,0.0,0.0,0.0,0.0,0.0,0.0,0.0,0.0,0.0,0.0
1,0,1.0,0.0,0.0,0.0,0.0,0.0,0.0,0.0,0.0,0.0,0.0,0.0,0.0
1,0,1.0,0.0,0.0,0.0,0.0,0.0,0.0,0.0,0.0,0.0,0.0,0.0,0.0
1,0,1.0,0.0,0.0,0.0,0.0,0.0,0.0,0.0,0.0,0.0,0.0,0.0,0.0
1,0,1.0,0.0,0.0,0.0,0.0,0.0,0.0,0.0,0.0,0.0,0.0,0.0,0.0
1,0,1.0,0.0,0.0,0.0,0.0,0.0,0.0,0.0,0.0,0.0,0.0,0.0,0.0
1,0,1.0,0.0,0.0,0.0,0.0,0.0,0.0,0.0,0.0,0.0,0.0,0.0,0.0
1,0,1.0,0.0,0.0,0.0,0.0,0.0,0.0,0.0,0.0,0.0,0.0,0.0,0.0
1,0,1.0,0.0,0.0,0.0,0.0,0.0,0.0,0.0,0.0,0.0,0.0,0.0,0.0
1,0,1.0,0.0,0.0,0.0,0.0,0.0,0.0,0.0,0.0,0.0,0.0,0.0,0.0
1,0,1.0,0.0,0.0,0.0,0.0,0.0,0.0,0.0,0.0,0.0,0.0,0.0,0.0
1,0,1.0,0.0,0.0,0.0,0.0,0.0,0.0,0.0,0.0,0.0,0.0,0.0,0.0
1,0,1.0,0.0,0.0,0.0,0.0,0.0,0.0,0.0,0.0,0.0,0.0,0.0,0.0
1,0,1.0,0.0,0.0,0.0,0.0,0.0,0.0,0.0,0.0,0.0,0.0,0.0,0.0
1,0,1.0,0.0,0.0,0.0,0.0,0.0,0.0,0.0,0.0,0.0,0.0,0.0,0.0
1,0,1.0,0.0,0.0,0.0,0.0,0.0,0.0,0.0,0.0,0.0,0.0,0.0,0.0
1,0,1.0,0.0,0.0,0.0,0.0,0.0,0.0,0.0,0.0,0.0,0.0,0.0,0.0
1,0,1.0,0.0,0.0,0.0,0.0,0.0,0.0,0.0,0.0,0.0,0.0,0.0,0.0
1,0,1.0,0.0,0.0,0.0,0.0,0.0,0.0,0.0,0.0,0.0,0.0,0.0,0.0
1,0,1.0,0.0,0.0,0.0,0.0,0.0,0.0,0.0,0.0,0.0,0.0,0.0,0.0
1,0,1.0,0.0,0.0,0.0,0.0,0.0,0.0,0.0,0.0,0.0,0.0,0.0,0.0
1,0,1.0,0.0,0.0,0.0,0.0,0.0,0.0,0.0,0.0,0.0,0.0,0.0,0.0
1,0,1.0,0.0,0.0,0.0,0.0,0.0,0.0,0.0,0.0,0.0,0.0,0.0,0.0
1,0,1.0,0.0,0.0,0.0,0.0,0.0,0.0,0.0,0.0,0.0,0.0,0.0,0.0
1,0,1.0,0.0,0.0,0.0,0.0,0.0,0.0,0.0,0.0,0.0,0.0,0.0,0.0
1,0,1.0,0.0,0.0,0.0,0.0,0.0,0.0,0.0,0.0,0.0,0.0,0.0,0.0
1,0,1.0,0.0,0.0,0.0,0.0,0.0,0.0,0.0,0.0,0.0,0.0,0.0,0.0
1,0,1.0,0.0,0.0,0.0,0.0,0.0,0.0,0.0,0.0,0.0,0.0,0.0,0.0
1,0,1.0,0.0,0.0,0.0,0.0,0.0,0.0,0.0,0.0,0.0,0.0,0.0,0.0
1,0,1.0,0.0,0.0,0.0,0.0,0.0,0.0,0.0,0.0,0.0,0.0,0.0,0.0
1,0,1.0,0.0,0.0,0.0,0.0,0.0,0.0,0.0,0.0,0.0,0.0,0.0,0.0
1,0,1.0,0.0,0.0,0.0,0.0,0.0,0.0,0.0,0.0,0.0,0.0,0.0,0.0
1,0,1.0,0.0,0.0,0.0,0.0,0.0,0.0,0.0,0.0,0.0,0.0,0.0,0.0
1,0,1.0,0.0,0.0,0.0,0.0,0.0,0.0,0.0,0.0,0.0,0.0,0.0,0.0
1,0,1.0,0.0,0.0,0.0,0.0,0.0,0.0,0.0,0.0,0.0,0.0,0.0,0.0
1,0,1.0,0.0,0.0,0.0,0.0,0.0,0.0,0.0,0.0,0.0,0.0,0.0,0.0
1,0,1.0,0.0,0.0,0.0,0.0,0.0,0.0,0.0,0.0,0.0,0.0,0.0,0.0
1,0,1.0,0.0,0.0,0.0,0.0,0.0,0.0,0.0,0.0,0.0,0.0,0.0,0.0
1,0,1.0,0.0,0.0,0.0,0.0,0.0,0.0,0.0,0.0,0.0,0.0,0.0,0.0
1,0,1.0,0.0,0.0,0.0,0.0,0.0,0.0,0.0,0.0,0.0,0.0,0.0,0.0
1,0,1.0,0.0,0.0,0.0,0.0,0.0,0.0,0.0,0.0,0.0,0.0,0.0,0.0
1,0,1.0,0.0,0.0,0.0,0.0,0.0,0.0,0.0,0.0,0.0,0.0,0.0,0.0
1,0,1.0,0.0,0.0,0.0,0.0,0.0,0.0,0.0,0.0,0.0,0.0,0.0,0.0
1,0,1.0,0.0,0.0,0.0,0.0,0.0,0.0,0.0,0.0,0.0,0.0,0.0,0.0
1,0,1.0,0.0,0.0,0.0,0.0,0.0,0.0,0.0,0.0,0.0,0.0,0.0,0.0
1,0,1.0,0.0,0.0,0.0,0.0,0.0,0.0,0.0,0.0,0.0,0.0,0.0,0.0
1,0,1.0,0.0,0.0,0.0,0.0,0.0,0.0,0.0,0.0,0.0,0.0,0.0,0.0
1,0,1.0,0.0,0.0,0.0,0.0,0.0,0.0,0.0,0.0,0.0,0.0,0.0,0.0
1,0,1.0,0.0,0.0,0.0,0.0,0.0,0.0,0.0,0.0,0.0,0.0,0.0,0.0
1,0,1.0,0.0,0.0,0.0,0.0,0.0,0.0,0.0,0.0,0.0,0.0,0.0,0.0
1,0,1.0,0.0,0.0,0.0,0.0,0.0,0.0,0.0,0.0,0.0,0.0,0.0,0.0
1,0,1.0,0.0,0.0,0.0,0.0,0.0,0.0,0.0,0.0,0.0,0.0,0.0,0.0
1,0,1.0,0.0,0.0,0.0,0.0,0.0,0.0,0.0,0.0,0.0,0.0,0.0,0.0
1,0,1.0,0.0,0.0,0.0,0.0,0.0,0.0,0.0,0.0,0.0,0.0,0.0,0.0
1,0,1.0,0.0,0.0,0.0,0.0,0.0,0.0,0.0,0.0,0.0,0.0,0.0,0.0
1,0,1.0,0.0,0.0,0.0,0.0,0.0,0.0,0.0,0.0,0.0,0.0,0.0,0.0
1,0,1.0,0.0,0.0,0.0,0.0,0.0,0.0,0.0,0.0,0.0,0.0,0.0,0.0
1,0,1.0,0.0,0.0,0.0,0.0,0.0,0.0,0.0,0.0,0.0,0.0,0.0,0.0
1,0,1.0,0.0,0.0,0.0,0.0,0.0,0.0,0.0,0.0,0.0,0.0,0.0,0.0
1,0,1.0,0.0,0.0,0.0,0.0,0.0,0.0,0.0,0.0,0.0,0.0,0.0,0.0
1,0,1.0,0.0,0.0,0.0,0.0,0.0,0.0,0.0,0.0,0.0,0.0,0.0,0.0
1,0,1.0,0.0,0.0,0.0,0.0,0.0,0.0,0.0,0.0,0.0,0.0,0.0,0.0
1,0,1.0,0.0,0.0,0.0,0.0,0.0,0.0,0.0,0.0,0.0,0.0,0.0,0.0
1,0,1.0,0.0,0.0,0.0,0.0,0.0,0.0,0.0,0.0,0.0,0.0,0.0,0.0
1,0,1.0,0.0,0.0,0.0,0.0,0.0,0.0,0.0,0.0,0.0,0.0,0.0,0.0
1,0,1.0,0.0,0.0,0.0,0.0,0.0,0.0,0.0,0.0,0.0,0.0,0.0,0.0
1,0,1.0,0.0,0.0,0.0,0.0,0.0,0.0,0.0,0.0,0.0,0.0,0.0,0.0
1,0,1.0,0.0,0.0,0.0,0.0,0.0,0.0,0.0,0.0,0.0,0.0,0.0,0.0
1,0,1.0,0.0,0.0,0.0,0.0,0.0,0.0,0.0,0.0,0.0,0.0,0.0,0.0
1,0,1.0,0.0,0.0,0.0,0.0,0.0,0.0,0.0,0.0,0.0,0.0,0.0,0.0
1,0,1.0,0.0,0.0,0.0,0.0,0.0,0.0,0.0,0.0,0.0,0.0,0.0,0.0
1,0,1.0,0.0,0.0,0.0,0.0,0.0,0.0,0.0,0.0,0.0,0.0,0.0,0.0
1,0,1.0,0.0,0.0,0.0,0.0,0.0,0.0,0.0,0.0,0.0,0.0,0.0,0.0
1,0,1.0,0.0,0.0,0.0,0.0,0.0,0.0,0.0,0.0,0.0,0.0,0.0,0.0
1,0,1.0,0.0,0.0,0.0,0.0,0.0,0.0,0.0,0.0,0.0,0.0,0.0,0.0
1,0,1.0,0.0,0.0,0.0,0.0,0.0,0.0,0.0,0.0,0.0,0.0,0.0,0.0
1,0,1.0,0.0,0.0,0.0,0.0,0.0,0.0,0.0,0.0,0.0,0.0,0.0,0.0
1,0,1.0,0.0,0.0,0.0,0.0,0.0,0.0,0.0,0.0,0.0,0.0,0.0,0.0
1,0,1.0,0.0,0.0,0.0,0.0,0.0,0.0,0.0,0.0,0.0,0.0,0.0,0.0
1,0,1.0,0.0,0.0,0.0,0.0,0.0,0.0,0.0,0.0,0.0,0.0,0.0,0.0
1,0,1.0,0.0,0.0,0.0,0.0,0.0,0.0,0.0,0.0,0.0,0.0,0.0,0.0
1,0,1.0,0.0,0.0,0.0,0.0,0.0,0.0,0.0,0.0,0.0,0.0,0.0,0.0
1,0,1.0,0.0,0.0,0.0,0.0,0.0,0.0,0.0,0.0,0.0,0.0,0.0,0.0
1,0,1.0,0.0,0.0,0.0,0.0,0.0,0.0,0.0,0.0,0.0,0.0,0.0,0.0
1,0,1.0,0.0,0.0,0.0,0.0,0.0,0.0,0.0,0.0,0.0,0.0,0.0,0.0
1,0,1.0,0.0,0.0,0.0,0.0,0.0,0.0,0.0,0.0,0.0,0.0,0.0,0.0
1,0,1.0,0.0,0.0,0.0,0.0,0.0,0.0,0.0,0.0,0.0,0.0,0.0,0.0
1,0,1.0,0.0,0.0,0.0,0.0,0.0,0.0,0.0,0.0,0.0,0.0,0.0,0.0
1,0,1.0,0.0,0.0,0.0,0.0,0.0,0.0,0.0,0.0,0.0,0.0,0.0,0.0
1,0,0.9387356,0.0,0.061264377,0.0,0.0,0.0,0.0,0.0,0.0,0.0,0.0,0.0,0.0
1,0,0.9387356,0.0,0.061264377,0.0,0.0,0.0,0.0,0.0,0.0,0.0,0.0,0.0,0.0
1,0,0.9387356,0.0,0.061264377,0.0,0.0,0.0,0.0,0.0,0.0,0.0,0.0,0.0,0.0
1,0,0.9387356,0.0,0.061264377,0.0,0.0,0.0,0.0,0.0,0.0,0.0,0.0,0.0,0.0
1,0,0.9387356,0.0,0.061264377,0.0,0.0,0.0,0.0,0.0,0.0,0.0,0.0,0.0,0.0
1,0,0.9387356,0.0,0.061264377,0.0,0.0,0.0,0.0,0.0,0.0,0.0,0.0,0.0,0.0
1,0,0.9387356,0.0,0.061264377,0.0,0.0,0.0,0.0,0.0,0.0,0.0,0.0,0.0,0.0
1,0,0.9387356,0.0,0.061264377,0.0,0.0,0.0,0.0,0.0,0.0,0.0,0.0,0.0,0.0
1,0,0.9387356,0.0,0.061264377,0.0,0.0,0.0,0.0,0.0,0.0,0.0,0.0,0.0,0.0
1,0,0.9387356,0.0,0.061264377,0.0,0.0,0.0,0.0,0.0,0.0,0.0,0.0,0.0,0.0
1,0,0.9387356,0.0,0.061264377,0.0,0.0,0.0,0.0,0.0,0.0,0.0,0.0,0.0,0.0
1,0,0.9387356,0.0,0.061264377,0.0,0.0,0.0,0.0,0.0,0.0,0.0,0.0,0.0,0.0
1,0,0.87581587,0.0,0.061264377,0.06291972,0.0,0.0,0.0,0.0,0.0,0.0,0.0,0.0,0.0
1,0,0.87581587,0.0,0.061264377,0.06291972,0.0,0.0,0.0,0.0,0.0,0.0,0.0,0.0,0.0
1,0,0.87581587,0.0,0.061264377,0.06291972,0.0,0.0,0.0,0.0,0.0,0.0,0.0,0.0,0.0
1,0,0.87581587,0.0,0.061264377,0.06291972,0.0,0.0,0.0,0.0,0.0,0.0,0.0,0.0,0.0
1,0,0.87581587,0.0,0.061264377,0.06291972,0.0,0.0,0.0,0.0,0.0,0.0,0.0,0.0,0.0
1,0,0.87581587,0.0,0.061264377,0.06291972,0.0,0.0,0.0,0.0,0.0,0.0,0.0,0.0,0.0
1,0,0.87581587,0.0,0.061264377,0.06291972,0.0,0.0,0.0,0.0,0.0,0.0,0.0,0.0,0.0
1,0,0.87581587,0.0,0.061264377,0.06291972,0.0,0.0,0.0,0.0,0.0,0.0,0.0,0.0,0.0
1,0,0.87581587,0.0,0.061264377,0.06291972,0.0,0.0,0.0,0.0,0.0,0.0,0.0,0.0,0.0
1,0,0.87581587,0.0,0.061264377,0.06291972,0.0,0.0,0.0,0.0,0.0,0.0,0.0,0.0,0.0
1,0,0.87581587,0.0,0.061264377,0.06291972,0.0,0.0,0.0,0.0,0.0,0.0,0.0,0.0,0.0
1,0,0.87581587,0.0,0.061264377,0.06291972,0.0,0.0,0.0,0.0,0.0,0.0,0.0,0.0,0.0
1,0,0.87581587,0.0,0.061264377,0.06291972,0.0,0.0,0.0,0.0,0.0,0.0,0.0,0.0,0.0
1,0,0.87581587,0.0,0.061264377,0.06291972,0.0,0.0,0.0,0.0,0.0,0.0,0.0,0.0,0.0
1,0,0.87581587,0.0,0.061264377,0.06291972,0.0,0.0,0.0,0.0,0.0,0.0,0.0,0.0,0.0
1,0,0.87581587,0.0,0.061264377,0.06291972,0.0,0.0,0.0,0.0,0.0,0.0,0.0,0.0,0.0
1,0,0.8139276,0.0,0.061264377,0.124808006,0.0,0.0,0.0,0.0,0.0,0.0,0.0,0.0,0.0
1,0,0.8139276,0.0,0.061264377,0.124808006,0.0,0.0,0.0,0.0,0.0,0.0,0.0,0.0,0.0
1,0,0.8139276,0.0,0.061264377,0.124808006,0.0,0.0,0.0,0.0,0.0,0.0,0.0,0.0,0.0
1,0,0.8139276,0.0,0.061264377,0.124808006,0.0,0.0,0.0,0.0,0.0,0.0,0.0,0.0,0.0
1,0,0.8139276,0.0,0.061264377,0.124808006,0.0,0.0,0.0,0.0,0.0,0.0,0.0,0.0,0.0
1,0,0.8139276,0.0,0.061264377,0.124808006,0.0,0.0,0.0,0.0,0.0,0.0,0.0,0.0,0.0
1,0,0.8139276,0.0,0.061264377,0.124808006,0.0,0.0,0.0,0.0,0.0,0.0,0.0,0.0,0.0
1,0,0.8139276,0.0,0.061264377,0.124808006,0.0,0.0,0.0,0.0,0.0,0.0,0.0,0.0,0.0
1,0,0.8139276,0.0,0.061264377,0.124808006,0.0,0.0,0.0,0.0,0.0,0.0,0.0,0.0,0.0
1,0,0.8139276,0.0,0.061264377,0.124808006,0.0,0.0,0.0,0.0,0.0,0.0,0.0,0.0,0.0
1,0,0.8139276,0.0,0.061264377,0.124808006,0.0,0.0,0.0,0.0,0.0,0.0,0.0,0.0,0.0
1,0,0.8139276,0.0,0.061264377,0.124808006,0.0,0.0,0.0,0.0,0.0,0.0,0.0,0.0,0.0
1,0,0.8139276,0.0,0.061264377,0.124808006,0.0,0.0,0.0,0.0,0.0,0.0,0.0,0.0,0.0
1,0,0.8139276,0.0,0.061264377,0.124808006,0.0,0.0,0.0,0.0,0.0,0.0,0.0,0.0,0.0
1,0,0.8139276,0.0,0.061264377,0.124808006,0.0,0.0,0.0,0.0,0.0,0.0,0.0,0.0,0.0
1,0,0.8139276,0.0,0.061264377,0.124808006,0.0,0.0,0.0,0.0,0.0,0.0,0.0,0.0,0.0
1,0,0.7005967,0.0,0.11769397,0.1817093,0.0,0.0,0.0,0.0,0.0,0.0,0.0,0.0,0.0
1,0,0.7005967,0.0,0.11769397,0.1817093,0.0,0.0,0.0,0.0,0.0,0.0,0.0,0.0,0.0
1,0,0.7005967,0.0,0.11769397,0.1817093,0.0,0.0,0.0,0.0,0.0,0.0,0.0,0.0,0.0
1,0,0.7005967,0.0,0.11769397,0.1817093,0.0,0.0,0.0,0.0,0.0,0.0,0.0,0.0,0.0
1,0,0.7005967,0.0,0.11769397,0.1817093,0.0,0.0,0.0,0.0,0.0,0.0,0.0,0.0,0.0
1,0,0.7005967,0.0,0.11769397,0.1817093,0.0,0.0,0.0,0.0,0.0,0.0,0.0,0.0,0.0
1,0,0.7005967,0.0,0.11769397,0.1817093,0.0,0.0,0.0,0.0,0.0,0.0,0.0,0.0,0.0
1,0,0.7005967,0.0,0.11769397,0.1817093,0.0,0.0,0.0,0.0,0.0,0.0,0.0,0.0,0.0
1,0,0.7005967,0.0,0.11769397,0.1817093,0.0,0.0,0.0,0.0,0.0,0.0,0.0,0.0,0.0
1,0,0.7005967,0.0,0.11769397,0.1817093,0.0,0.0,0.0,0.0,0.0,0.0,0.0,0.0,0.0
1,0,0.7005967,0.0,0.11769397,0.1817093,0.0,0.0,0.0,0.0,0.0,0.0,0.0,0.0,0.0
1,0,0.7005967,0.0,0.11769397,0.1817093,0.0,0.0,0.0,0.0,0.0,0.0,0.0,0.0,0.0
1,0,0.7005967,0.0,0.11769397,0.1817093,0.0,0.0,0.0,0.0,0.0,0.0,0.0,0.0,0.0
1,0,0.7005967,0.0,0.11769397,0.1817093,0.0,0.0,0.0,0.0,0.0,0.0,0.0,0.0,0.0
1,0,0.7005967,0.0,0.11769397,0.1817093,0.0,0.0,0.0,0.0,0.0,0.0,0.0,0.0,0.0
1,0,0.7005967,0.0,0.11769397,0.1817093,0.0,0.0,0.0,0.0,0.0,0.0,0.0,0.0,0.0
1,0,0.7005967,0.0,0.11769397,0.1817093,0.0,0.0,0.0,0.0,0.0,0.0,0.0,0.0,0.0
1,0,0.7005967,0.0,0.11769397,0.1817093,0.0,0.0,0.0,0.0,0.0,0.0,0.0,0.0,0.0
1,0,0.7005967,0.0,0.11769397,0.1817093,0.0,0.0,0.0,0.0,0.0,0.0,0.0,0.0,0.0
1,0,0.7005967,0.0,0.11769397,0.1817093,0.0,0.0,0.0,0.0,0.0,0.0,0.0,0.0,0.0
1,0,0.7005967,0.0,0.11769397,0.1817093,0.0,0.0,0.0,0.0,0.0,0.0,0.0,0.0,0.0
1,0,0.7005967,0.0,0.11769397,0.1817093,0.0,0.0,0.0,0.0,0.0,0.0,0.0,0.0,0.0
1,0,0.7005967,0.0,0.11769397,0.1817093,0.0,0.0,0.0,0.0,0.0,0.0,0.0,0.0,0.0
1,0,0.7005967,0.0,0.11769397,0.1817093,0.0,0.0,0.0,0.0,0.0,0.0,0.0,0.0,0.0
1,0,0.7005967,0.0,0.11769397,0.1817093,0.0,0.0,0.0,0.0,0.0,0.0,0.0,0.0,0.0
1,0,0.7005967,0.0,0.11769397,0.1817093,0.0,0.0,0.0,0.0,0.0,0.0,0.0,0.0,0.0
1,0,0.7005967,0.0,0.11769397,0.1817093,0.0,0.0,0.0,0.0,0.0,0.0,0.0,0.0,0.0
1,0,0.7005967,0.0,0.11769397,0.1817093,0.0,0.0,0.0,0.0,0.0,0.0,0.0,0.0,0.0
1,0,0.7005967,0.0,0.11769397,0.1817093,0.0,0.0,0.0,0.0,0.0,0.0,0.0,0.0,0.0
1,0,0.7005967,0.0,0.11769397,0.1817093,0.0,0.0,0.0,0.0,0.0,0.0,0.0,0.0,0.0
1,0,0.7005967,0.0,0.11769397,0.1817093,0.0,0.0,0.0,0.0,0.0,0.0,0.0,0.0,0.0
1,0,0.7005967,0.0,0.11769397,0.1817093,0.0,0.0,0.0,0.0,0.0,0.0,0.0,0.0,0.0
1,0,0.7005967,0.0,0.11769397,0.1817093,0.0,0.0,0.0,0.0,0.0,0.0,0.0,0.0,0.0
1,0,0.7005967,0.0,0.11769397,0.1817093,0.0,0.0,0.0,0.0,0.0,0.0,0.0,0.0,0.0
1,0,0.7005967,0.0,0.11769397,0.1817093,0.0,0.0,0.0,0.0,0.0,0.0,0.0,0.0,0.0
1,0,0.7005967,0.0,0.11769397,0.1817093,0.0,0.0,0.0,0.0,0.0,0.0,0.0,0.0,0.0
1,0,0.7005967,0.0,0.11769397,0.1817093,0.0,0.0,0.0,0.0,0.0,0.0,0.0,0.0,0.0
1,0,0.7005967,0.0,0.11769397,0.1817093,0.0,0.0,0.0,0.0,0.0,0.0,0.0,0.0,0.0
1,0,0.7005967,0.0,0.11769397,0.1817093,0.0,0.0,0.0,0.0,0.0,0.0,0.0,0.0,0.0
1,0,0.7005967,0.0,0.11769397,0.1817093,0.0,0.0,0.0,0.0,0.0,0.0,0.0,0.0,0.0
1,0,0.7005967,0.0,0.11769397,0.1817093,0.0,0.0,0.0,0.0,0.0,0.0,0.0,0.0,0.0
1,0,0.7005967,0.0,0.11769397,0.1817093,0.0,0.0,0.0,0.0,0.0,0.0,0.0,0.0,0.0
1,0,0.7005967,0.0,0.11769397,0.1817093,0.0,0.0,0.0,0.0,0.0,0.0,0.0,0.0,0.0
1,0,0.7005967,0.0,0.11769397,0.1817093,0.0,0.0,0.0,0.0,0.0,0.0,0.0,0.0,0.0
1,0,0.7005967,0.0,0.11769397,0.1817093,0.0,0.0,0.0,0.0,0.0,0.0,0.0,0.0,0.0
1,0,0.7005967,0.0,0.11769397,0.1817093,0.0,0.0,0.0,0.0,0.0,0.0,0.0,0.0,0.0
1,0,0.7005967,0.0,0.11769397,0.1817093,0.0,0.0,0.0,0.0,0.0,0.0,0.0,0.0,0.0
1,0,0.7005967,0.0,0.11769397,0.1817093,0.0,0.0,0.0,0.0,0.0,0.0,0.0,0.0,0.0
1,0,0.7005967,0.0,0.11769397,0.1817093,0.0,0.0,0.0,0.0,0.0,0.0,0.0,0.0,0.0
1,0,0.7005967,0.0,0.11769397,0.1817093,0.0,0.0,0.0,0.0,0.0,0.0,0.0,0.0,0.0
1,0,0.7005967,0.0,0.11769397,0.1817093,0.0,0.0,0.0,0.0,0.0,0.0,0.0,0.0,0.0
1,0,0.7005967,0.0,0.11769397,0.1817093,0.0,0.0,0.0,0.0,0.0,0.0,0.0,0.0,0.0
1,0,0.7005967,0.0,0.11769397,0.1817093,0.0,0.0,0.0,0.0,0.0,0.0,0.0,0.0,0.0
1,0,0.7005967,0.0,0.11769397,0.1817093,0.0,0.0,0.0,0.0,0.0,0.0,0.0,0.0,0.0
1,0,0.7005967,0.0,0.11769397,0.1817093,0.0,0.0,0.0,0.0,0.0,0.0,0.0,0.0,0.0
1,0,0.7005967,0.0,0.11769397,0.1817093,0.0,0.0,0.0,0.0,0.0,0.0,0.0,0.0,0.0
1,0,0.7005967,0.0,0.11769397,0.1817093,0.0,0.0,0.0,0.0,0.0,0.0,0.0,0.0,0.0
1,0,0.7005967,0.0,0.11769397,0.1817093,0.0,0.0,0.0,0.0,0.0,0.0,0.0,0.0,0.0
1,0,0.7005967,0.0,0.11769397,0.1817093,0.0,0.0,0.0,0.0,0.0,0.0,0.0,0.0,0.0
1,0,0.7005967,0.0,0.11769397,0.1817093,0.0,0.0,0.0,0.0,0.0,0.0,0.0,0.0,0.0
1,0,0.7005967,0.0,0.11769397,0.1817093,0.0,0.0,0.0,0.0,0.0,0.0,0.0,0.0,0.0
1,0,0.7005967,0.0,0.11769397,0.1817093,0.0,0.0,0.0,0.0,0.0,0.0,0.0,0.0,0.0
1,0,0.7005967,0.0,0.11769397,0.1817093,0.0,0.0,0.0,0.0,0.0,0.0,0.0,0.0,0.0
1,0,0.7005967,0.0,0.11769397,0.1817093,0.0,0.0,0.0,0.0,0.0,0.0,0.0,0.0,0.0
1,0,0.7005967,0.0,0.11769397,0.1817093,0.0,0.0,0.0,0.0,0.0,0.0,0.0,0.0,0.0
1,0,0.7005967,0.0,0.11769397,0.1817093,0.0,0.0,0.0,0.0,0.0,0.0,0.0,0.0,0.0
1,0,0.7005967,0.0,0.11769397,0.1817093,0.0,0.0,0.0,0.0,0.0,0.0,0.0,0.0,0.0
1,0,0.7005967,0.0,0.11769397,0.1817093,0.0,0.0,0.0,0.0,0.0,0.0,0.0,0.0,0.0
1,0,0.7005967,0.0,0.11769397,0.1817093,0.0,0.0,0.0,0.0,0.0,0.0,0.0,0.0,0.0
1,0,0.7005967,0.0,0.11769397,0.1817093,0.0,0.0,0.0,0.0,0.0,0.0,0.0,0.0,0.0
1,0,0.7005967,0.0,0.11769397,0.1817093,0.0,0.0,0.0,0.0,0.0,0.0,0.0,0.0,0.0
1,0,0.7005967,0.0,0.11769397,0.1817093,0.0,0.0,0.0,0.0,0.0,0.0,0.0,0.0,0.0
1,0,0.7005967,0.0,0.11769397,0.1817093,0.0,0.0,0.0,0.0,0.0,0.0,0.0,0.0,0.0
1,0,0.7005967,0.0,0.11769397,0.1817093,0.0,0.0,0.0,0.0,0.0,0.0,0.0,0.0,0.0
1,0,0.7005967,0.0,0.11769397,0.1817093,0.0,0.0,0.0,0.0,0.0,0.0,0.0,0.0,0.0
1,0,0.7005967,0.0,0.11769397,0.1817093,0.0,0.0,0.0,0.0,0.0,0.0,0.0,0.0,0.0
1,0,0.7005967,0.0,0.11769397,0.1817093,0.0,0.0,0.0,0.0,0.0,0.0,0.0,0.0,0.0
1,0,0.7005967,0.0,0.11769397,0.1817093,0.0,0.0,0.0,0.0,0.0,0.0,0.0,0.0,0.0
1,0,0.7005967,0.0,0.11769397,0.1817093,0.0,0.0,0.0,0.0,0.0,0.0,0.0,0.0,0.0
1,0,0.7005967,0.0,0.11769397,0.1817093,0.0,0.0,0.0,0.0,0.0,0.0,0.0,0.0,0.0
1,0,0.7005967,0.0,0.11769397,0.1817093,0.0,0.0,0.0,0.0,0.0,0.0,0.0,0.0,0.0
1,0,0.7005967,0.0,0.11769397,0.1817093,0.0,0.0,0.0,0.0,0.0,0.0,0.0,0.0,0.0
1,0,0.7005967,0.0,0.11769397,0.1817093,0.0,0.0,0.0,0.0,0.0,0.0,0.0,0.0,0.0
1,0,0.7005967,0.0,0.11769397,0.1817093,0.0,0.0,0.0,0.0,0.0,0.0,0.0,0.0,0.0
1,0,0.7005967,0.0,0.11769397,0.1817093,0.0,0.0,0.0,0.0,0.0,0.0,0.0,0.0,0.0
1,0,0.7005967,0.0,0.11769397,0.1817093,0.0,0.0,0.0,0.0,0.0,0.0,0.0,0.0,0.0
1,0,0.7005967,0.0,0.11769397,0.1817093,0.0,0.0,0.0,0.0,0.0,0.0,0.0,0.0,0.0
1,0,0.7005967,0.0,0.11769397,0.1817093,0.0,0.0,0.0,0.0,0.0,0.0,0.0,0.0,0.0
1,0,0.7005967,0.0,0.11769397,0.1817093,0.0,0.0,0.0,0.0,0.0,0.0,0.0,0.0,0.0
1,0,0.7005967,0.0,0.11769397,0.1817093,0.0,0.0,0.0,0.0,0.0,0.0,0.0,0.0,0.0
1,0,0.7005967,0.0,0.11769397,0.1817093,0.0,0.0,0.0,0.0,0.0,0.0,0.0,0.0,0.0
1,0,0.7005967,0.0,0.11769397,0.1817093,0.0,0.0,0.0,0.0,0.0,0.0,0.0,0.0,0.0
1,0,0.7005967,0.0,0.11769397,0.1817093,0.0,0.0,0.0,0.0,0.0,0.0,0.0,0.0,0.0
1,0,0.7005967,0.0,0.11769397,0.1817093,0.0,0.0,0.0,0.0,0.0,0.0,0.0,0.0,0.0
1,0,0.7005967,0.0,0.11769397,0.1817093,0.0,0.0,0.0,0.0,0.0,0.0,0.0,0.0,0.0
1,0,0.7005967,0.0,0.11769397,0.1817093,0.0,0.0,0.0,0.0,0.0,0.0,0.0,0.0,0.0
1,0,0.7005967,0.0,0.11769397,0.1817093,0.0,0.0,0.0,0.0,0.0,0.0,0.0,0.0,0.0
1,0,0.7005967,0.0,0.11769397,0.1817093,0.0,0.0,0.0,0.0,0.0,0.0,0.0,0.0,0.0
1,0,0.7005967,0.0,0.11769397,0.1817093,0.0,0.0,0.0,0.0,0.0,0.0,0.0,0.0,0.0
1,0,0.7005967,0.0,0.11769397,0.1817093,0.0,0.0,0.0,0.0,0.0,0.0,0.0,0.0,0.0
1,0,0.7005967,0.0,0.11769397,0.1817093,0.0,0.0,0.0,0.0,0.0,0.0,0.0,0.0,0.0
1,0,0.7005967,0.0,0.11769397,0.1817093,0.0,0.0,0.0,0.0,0.0,0.0,0.0,0.0,0.0
1,0,0.7005967,0.0,0.11769397,0.1817093,0.0,0.0,0.0,0.0,0.0,0.0,0.0,0.0,0.0
1,0,0.7005967,0.0,0.11769397,0.1817093,0.0,0.0,0.0,0.0,0.0,0.0,0.0,0.0,0.0
1,0,0.7005967,0.0,0.11769397,0.1817093,0.0,0.0,0.0,0.0,0.0,0.0,0.0,0.0,0.0
1,0,0.7005967,0.0,0.11769397,0.1817093,0.0,0.0,0.0,0.0,0.0,0.0,0.0,0.0,0.0
1,0,0.7005967,0.0,0.11769397,0.1817093,0.0,0.0,0.0,0.0,0.0,0.0,0.0,0.0,0.0
1,0,0.7005967,0.0,0.11769397,0.1817093,0.0,0.0,0.0,0.0,0.0,0.0,0.0,0.0,0.0
1,0,0.7005967,0.0,0.11769397,0.1817093,0.0,0.0,0.0,0.0,0.0,0.0,0.0,0.0,0.0
1,0,0.7005967,0.0,0.11769397,0.1817093,0.0,0.0,0.0,0.0,0.0,0.0,0.0,0.0,0.0
1,0,0.7005967,0.0,0.11769397,0.1817093,0.0,0.0,0.0,0.0,0.0,0.0,0.0,0.0,0.0
1,0,0.7005967,0.0,0.11769397,0.1817093,0.0,0.0,0.0,0.0,0.0,0.0,0.0,0.0,0.0
1,0,0.7005967,0.0,0.11769397,0.1817093,0.0,0.0,0.0,0.0,0.0,0.0,0.0,0.0,0.0
1,0,0.7005967,0.0,0.11769397,0.1817093,0.0,0.0,0.0,0.0,0.0,0.0,0.0,0.0,0.0
1,0,0.7005967,0.0,0.11769397,0.1817093,0.0,0.0,0.0,0.0,0.0,0.0,0.0,0.0,0.0
1,0,0.7005967,0.0,0.11769397,0.1817093,0.0,0.0,0.0,0.0,0.0,0.0,0.0,0.0,0.0
1,0,0.7005967,0.0,0.11769397,0.1817093,0.0,0.0,0.0,0.0,0.0,0.0,0.0,0.0,0.0
1,0,0.7005967,0.0,0.11769397,0.1817093,0.0,0.0,0.0,0.0,0.0,0.0,0.0,0.0,0.0
1,0,0.7005967,0.0,0.11769397,0.1817093,0.0,0.0,0.0,0.0,0.0,0.0,0.0,0.0,0.0
1,0,0.7005967,0.0,0.11769397,0.1817093,0.0,0.0,0.0,0.0,0.0,0.0,0.0,0.0,0.0
1,0,0.7005967,0.0,0.11769397,0.1817093,0.0,0.0,0.0,0.0,0.0,0.0,0.0,0.0,0.0
1,0,0.7005967,0.0,0.11769397,0.1817093,0.0,0.0,0.0,0.0,0.0,0.0,0.0,0.0,0.0
1,0,0.7005967,0.0,0.11769397,0.1817093,0.0,0.0,0.0,0.0,0.0,0.0,0.0,0.0,0.0
1,0,0.7005967,0.0,0.11769397,0.1817093,0.0,0.0,0.0,0.0,0.0,0.0,0.0,0.0,0.0
1,0,0.7005967,0.0,0.11769397,0.1817093,0.0,0.0,0.0,0.0,0.0,0.0,0.0,0.0,0.0
1,0,0.7005967,0.0,0.11769397,0.1817093,0.0,0.0,0.0,0.0,0.0,0.0,0.0,0.0,0.0
1,0,0.7005967,0.0,0.11769397,0.1817093,0.0,0.0,0.0,0.0,0.0,0.0,0.0,0.0,0.0
1,0,0.7005967,0.0,0.11769397,0.1817093,0.0,0.0,0.0,0.0,0.0,0.0,0.0,0.0,0.0
1,0,0.7005967,0.0,0.11769397,0.1817093,0.0,0.0,0.0,0.0,0.0,0.0,0.0,0.0,0.0
1,0,0.7005967,0.0,0.11769397,0.1817093,0.0,0.0,0.0,0.0,0.0,0.0,0.0,0.0,0.0
1,0,0.7005967,0.0,0.11769397,0.1817093,0.0,0.0,0.0,0.0,0.0,0.0,0.0,0.0,0.0
1,0,0.7005967,0.0,0.11769397,0.1817093,0.0,0.0,0.0,0.0,0.0,0.0,0.0,0.0,0.0
1,0,0.7005967,0.0,0.11769397,0.1817093,0.0,0.0,0.0,0.0,0.0,0.0,0.0,0.0,0.0
1,0,0.7005967,0.0,0.11769397,0.1817093,0.0,0.0,0.0,0.0,0.0,0.0,0.0,0.0,0.0
1,0,0.7005967,0.0,0.11769397,0.1817093,0.0,0.0,0.0,0.0,0.0,0.0,0.0,0.0,0.0
1,0,0.7005967,0.0,0.11769397,0.1817093,0.0,0.0,0.0,0.0,0.0,0.0,0.0,0.0,0.0
1,0,0.7005967,0.0,0.11769397,0.1817093,0.0,0.0,0.0,0.0,0.0,0.0,0.0,0.0,0.0
1,0,0.7005967,0.0,0.11769397,0.1817093,0.0,0.0,0.0,0.0,0.0,0.0,0.0,0.0,0.0
1,0,0.7005967,0.0,0.11769397,0.1817093,0.0,0.0,0.0,0.0,0.0,0.0,0.0,0.0,0.0
1,0,0.7005967,0.0,0.11769397,0.1817093,0.0,0.0,0.0,0.0,0.0,0.0,0.0,0.0,0.0
1,0,0.7005967,0.0,0.11769397,0.1817093,0.0,0.0,0.0,0.0,0.0,0.0,0.0,0.0,0.0
1,0,0.7005967,0.0,0.11769397,0.1817093,0.0,0.0,0.0,0.0,0.0,0.0,0.0,0.0,0.0
1,0,0.7005967,0.0,0.11769397,0.1817093,0.0,0.0,0.0,0.0,0.0,0.0,0.0,0.0,0.0
1,0,0.7005967,0.0,0.11769397,0.1817093,0.0,0.0,0.0,0.0,0.0,0.0,0.0,0.0,0.0
1,0,0.7005967,0.0,0.11769397,0.1817093,0.0,0.0,0.0,0.0,0.0,0.0,0.0,0.0,0.0
1,0,0.7005967,0.0,0.11769397,0.1817093,0.0,0.0,0.0,0.0,0.0,0.0,0.0,0.0,0.0
1,0,0.7005967,0.0,0.11769397,0.1817093,0.0,0.0,0.0,0.0,0.0,0.0,0.0,0.0,0.0
1,0,0.7005967,0.0,0.11769397,0.1817093,0.0,0.0,0.0,0.0,0.0,0.0,0.0,0.0,0.0
1,0,0.7005967,0.0,0.11769397,0.1817093,0.0,0.0,0.0,0.0,0.0,0.0,0.0,0.0,0.0
1,0,0.7005967,0.0,0.11769397,0.1817093,0.0,0.0,0.0,0.0,0.0,0.0,0.0,0.0,0.0
1,0,0.7005967,0.0,0.11769397,0.1817093,0.0,0.0,0.0,0.0,0.0,0.0,0.0,0.0,0.0
1,0,0.7005967,0.0,0.11769397,0.1817093,0.0,0.0,0.0,0.0,0.0,0.0,0.0,0.0,0.0
1,0,0.7005967,0.0,0.11769397,0.1817093,0.0,0.0,0.0,0.0,0.0,0.0,0.0,0.0,0.0
1,0,0.7005967,0.0,0.11769397,0.1817093,0.0,0.0,0.0,0.0,0.0,0.0,0.0,0.0,0.0
1,0,0.7005967,0.0,0.11769397,0.1817093,0.0,0.0,0.0,0.0,0.0,0.0,0.0,0.0,0.0
1,0,0.7005967,0.0,0.11769397,0.1817093,0.0,0.0,0.0,0.0,0.0,0.0,0.0,0.0,0.0
1,0,0.7005967,0.0,0.11769397,0.1817093,0.0,0.0,0.0,0.0,0.0,0.0,0.0,0.0,0.0
1,0,0.7005967,0.0,0.11769397,0.1817093,0.0,0.0,0.0,0.0,0.0,0.0,0.0,0.0,0.0
1,0,0.7005967,0.0,0.11769397,0.1817093,0.0,0.0,0.0,0.0,0.0,0.0,0.0,0.0,0.0
1,0,0.7005967,0.0,0.11769397,0.1817093,0.0,0.0,0.0,0.0,0.0,0.0,0.0,0.0,0.0
1,0,0.7005967,0.0,0.11769397,0.1817093,0.0,0.0,0.0,0.0,0.0,0.0,0.0,0.0,0.0
1,0,0.7005967,0.0,0.11769397,0.1817093,0.0,0.0,0.0,0.0,0.0,0.0,0.0,0.0,0.0
1,0,0.7005967,0.0,0.11769397,0.1817093,0.0,0.0,0.0,0.0,0.0,0.0,0.0,0.0,0.0
1,0,0.7005967,0.0,0.11769397,0.1817093,0.0,0.0,0.0,0.0,0.0,0.0,0.0,0.0,0.0
1,0,0.7005967,0.0,0.11769397,0.1817093,0.0,0.0,0.0,0.0,0.0,0.0,0.0,0.0,0.0
1,0,0.7005967,0.0,0.11769397,0.1817093,0.0,0.0,0.0,0.0,0.0,0.0,0.0,0.0,0.0
1,0,0.7005967,0.0,0.11769397,0.1817093,0.0,0.0,0.0,0.0,0.0,0.0,0.0,0.0,0.0
1,0,0.7005967,0.0,0.11769397,0.1817093,0.0,0.0,0.0,0.0,0.0,0.0,0.0,0.0,0.0
1,0,0.7005967,0.0,0.11769397,0.1817093,0.0,0.0,0.0,0.0,0.0,0.0,0.0,0.0,0.0
1,0,0.7005967,0.0,0.11769397,0.1817093,0.0,0.0,0.0,0.0,0.0,0.0,0.0,0.0,0.0
1,0,0.7005967,0.0,0.11769397,0.1817093,0.0,0.0,0.0,0.0,0.0,0.0,0.0,0.0,0.0
1,0,0.7005967,0.0,0.11769397,0.1817093,0.0,0.0,0.0,0.0,0.0,0.0,0.0,0.0,0.0
1,0,0.7005967,0.0,0.11769397,0.1817093,0.0,0.0,0.0,0.0,0.0,0.0,0.0,0.0,0.0
1,0,0.7005967,0.0,0.11769397,0.1817093,0.0,0.0,0.0,0.0,0.0,0.0,0.0,0.0,0.0
1,0,0.7005967,0.0,0.11769397,0.1817093,0.0,0.0,0.0,0.0,0.0,0.0,0.0,0.0,0.0
1,0,0.7005967,0.0,0.11769397,0.1817093,0.0,0.0,0.0,0.0,0.0,0.0,0.0,0.0,0.0
1,0,0.7005967,0.0,0.11769397,0.1817093,0.0,0.0,0.0,0.0,0.0,0.0,0.0,0.0,0.0
1,0,0.7005967,0.0,0.11769397,0.1817093,0.0,0.0,0.0,0.0,0.0,0.0,0.0,0.0,0.0
1,0,0.7005967,0.0,0.11769397,0.1817093,0.0,0.0,0.0,0.0,0.0,0.0,0.0,0.0,0.0
1,0,0.7005967,0.0,0.11769397,0.1817093,0.0,0.0,0.0,0.0,0.0,0.0,0.0,0.0,0.0
1,0,0.7005967,0.0,0.11769397,0.1817093,0.0,0.0,0.0,0.0,0.0,0.0,0.0,0.0,0.0
1,0,0.7005967,0.0,0.056429595,0.24297369,0.0,0.0,0.0,0.0,0.0,0.0,0.0,0.0,0.0
1,0,0.7005967,0.0,0.056429595,0.24297369,0.0,0.0,0.0,0.0,0.0,0.0,0.0,0.0,0.0
1,0,0.7005967,0.0,0.056429595,0.24297369,0.0,0.0,0.0,0.0,0.0,0.0,0.0,0.0,0.0
1,0,0.7005967,0.0,0.056429595,0.24297369,0.0,0.0,0.0,0.0,0.0,0.0,0.0,0.0,0.0
1,0,0.7005967,0.0,0.056429595,0.24297369,0.0,0.0,0.0,0.0,0.0,0.0,0.0,0.0,0.0
1,0,0.7005967,0.0,0.056429595,0.24297369,0.0,0.0,0.0,0.0,0.0,0.0,0.0,0.0,0.0
1,0,0.7005967,0.0,0.056429595,0.24297369,0.0,0.0,0.0,0.0,0.0,0.0,0.0,0.0,0.0
1,0,0.7005967,0.0,0.056429595,0.24297369,0.0,0.0,0.0,0.0,0.0,0.0,0.0,0.0,0.0
1,0,0.7005967,0.0,0.056429595,0.24297369,0.0,0.0,0.0,0.0,0.0,0.0,0.0,0.0,0.0
1,0,0.7005967,0.0,0.056429595,0.24297369,0.0,0.0,0.0,0.0,0.0,0.0,0.0,0.0,0.0
1,0,0.7005967,0.0,0.056429595,0.24297369,0.0,0.0,0.0,0.0,0.0,0.0,0.0,0.0,0.0
1,0,0.7005967,0.0,0.056429595,0.24297369,0.0,0.0,0.0,0.0,0.0,0.0,0.0,0.0,0.0
1,0,0.7005967,0.0,0.056429595,0.24297369,0.0,0.0,0.0,0.0,0.0,0.0,0.0,0.0,0.0
1,0,0.7005967,0.0,0.056429595,0.24297369,0.0,0.0,0.0,0.0,0.0,0.0,0.0,0.0,0.0
1,0,0.7005967,0.0,0.056429595,0.24297369,0.0,0.0,0.0,0.0,0.0,0.0,0.0,0.0,0.0
1,0,0.7005967,0.0,0.056429595,0.24297369,0.0,0.0,0.0,0.0,0.0,0.0,0.0,0.0,0.0
1,0,0.7005967,0.0,0.056429595,0.24297369,0.0,0.0,0.0,0.0,0.0,0.0,0.0,0.0,0.0
1,0,0.7005967,0.0,0.056429595,0.24297369,0.0,0.0,0.0,0.0,0.0,0.0,0.0,0.0,0.0
1,0,0.7005967,0.0,0.056429595,0.24297369,0.0,0.0,0.0,0.0,0.0,0.0,0.0,0.0,0.0
1,0,0.7005967,0.0,0.056429595,0.24297369,0.0,0.0,0.0,0.0,0.0,0.0,0.0,0.0,0.0
1,0,0.7005967,0.0,0.056429595,0.24297369,0.0,0.0,0.0,0.0,0.0,0.0,0.0,0.0,0.0
1,0,0.7005967,0.0,0.056429595,0.24297369,0.0,0.0,0.0,0.0,0.0,0.0,0.0,0.0,0.0
1,0,0.7005967,0.0,0.056429595,0.24297369,0.0,0.0,0.0,0.0,0.0,0.0,0.0,0.0,0.0
1,0,0.7005967,0.0,0.056429595,0.24297369,0.0,0.0,0.0,0.0,0.0,0.0,0.0,0.0,0.0
1,0,0.7005967,0.0,0.056429595,0.24297369,0.0,0.0,0.0,0.0,0.0,0.0,0.0,0.0,0.0
1,0,0.7005967,0.0,0.056429595,0.24297369,0.0,0.0,0.0,0.0,0.0,0.0,0.0,0.0,0.0
1,0,0.7005967,0.0,0.056429595,0.24297369,0.0,0.0,0.0,0.0,0.0,0.0,0.0,0.0,0.0
1,0,0.7005967,0.0,0.056429595,0.24297369,0.0,0.0,0.0,0.0,0.0,0.0,0.0,0.0,0.0
1,0,0.7005967,0.0,0.056429595,0.24297369,0.0,0.0,0.0,0.0,0.0,0.0,0.0,0.0,0.0
1,0,0.7005967,0.0,0.056429595,0.24297369,0.0,0.0,0.0,0.0,0.0,0.0,0.0,0.0,0.0
1,0,0.7005967,0.0,0.056429595,0.24297369,0.0,0.0,0.0,0.0,0.0,0.0,0.0,0.0,0.0
1,0,0.7005967,0.0,0.056429595,0.24297369,0.0,0.0,0.0,0.0,0.0,0.0,0.0,0.0,0.0
1,0,0.7005967,0.0,0.056429595,0.24297369,0.0,0.0,0.0,0.0,0.0,0.0,0.0,0.0,0.0
1,0,0.7005967,0.0,0.056429595,0.24297369,0.0,0.0,0.0,0.0,0.0,0.0,0.0,0.0,0.0
1,0,0.7005967,0.0,0.056429595,0.24297369,0.0,0.0,0.0,0.0,0.0,0.0,0.0,0.0,0.0
1,0,0.7005967,0.0,0.056429595,0.24297369,0.0,0.0,0.0,0.0,0.0,0.0,0.0,0.0,0.0
1,0,0.7005967,0.0,0.056429595,0.24297369,0.0,0.0,0.0,0.0,0.0,0.0,0.0,0.0,0.0
1,0,0.7005967,0.0,0.056429595,0.24297369,0.0,0.0,0.0,0.0,0.0,0.0,0.0,0.0,0.0
1,0,0.7005967,0.0,0.056429595,0.24297369,0.0,0.0,0.0,0.0,0.0,0.0,0.0,0.0,0.0
1,0,0.7005967,0.0,0.056429595,0.24297369,0.0,0.0,0.0,0.0,0.0,0.0,0.0,0.0,0.0
1,0,0.7005967,0.0,0.056429595,0.24297369,0.0,0.0,0.0,0.0,0.0,0.0,0.0,0.0,0.0
1,0,0.7005967,0.0,0.056429595,0.24297369,0.0,0.0,0.0,0.0,0.0,0.0,0.0,0.0,0.0
1,0,0.7005967,0.0,0.056429595,0.24297369,0.0,0.0,0.0,0.0,0.0,0.0,0.0,0.0,0.0
1,0,0.7570263,0.0,0.0,0.24297369,0.0,0.0,0.0,0.0,0.0,0.0,0.0,0.0,0.0
1,0,0.7570263,0.0,0.0,0.24297369,0.0,0.0,0.0,0.0,0.0,0.0,0.0,0.0,0.0
1,0,0.8182907,0.0,0.0,0.1817093,0.0,0.0,0.0,0.0,0.0,0.0,0.0,0.0,0.0
1,0,0.8182907,0.0,0.0,0.1817093,0.0,0.0,0.0,0.0,0.0,0.0,0.0,0.0,0.0
1,0,0.8182907,0.0,0.0,0.1817093,0.0,0.0,0.0,0.0,0.0,0.0,0.0,0.0,0.0
1,0,0.8182907,0.0,0.0,0.1817093,0.0,0.0,0.0,0.0,0.0,0.0,0.0,0.0,0.0
1,0,0.8182907,0.0,0.0,0.1817093,0.0,0.0,0.0,0.0,0.0,0.0,0.0,0.0,0.0
1,0,0.8182907,0.0,0.0,0.1817093,0.0,0.0,0.0,0.0,0.0,0.0,0.0,0.0,0.0
1,0,0.8182907,0.0,0.0,0.1817093,0.0,0.0,0.0,0.0,0.0,0.0,0.0,0.0,0.0
1,0,0.8182907,0.0,0.0,0.1817093,0.0,0.0,0.0,0.0,0.0,0.0,0.0,0.0,0.0
1,0,0.8182907,0.0,0.0,0.1817093,0.0,0.0,0.0,0.0,0.0,0.0,0.0,0.0,0.0
1,0,0.8182907,0.0,0.0,0.1817093,0.0,0.0,0.0,0.0,0.0,0.0,0.0,0.0,0.0
1,0,0.8182907,0.0,0.0,0.1817093,0.0,0.0,0.0,0.0,0.0,0.0,0.0,0.0,0.0
1,0,0.8182907,0.0,0.0,0.1817093,0.0,0.0,0.0,0.0,0.0,0.0,0.0,0.0,0.0
1,0,0.8182907,0.0,0.0,0.1817093,0.0,0.0,0.0,0.0,0.0,0.0,0.0,0.0,0.0
1,0,0.8182907,0.0,0.0,0.1817093,0.0,0.0,0.0,0.0,0.0,0.0,0.0,0.0,0.0
1,0,0.8182907,0.0,0.0,0.1817093,0.0,0.0,0.0,0.0,0.0,0.0,0.0,0.0,0.0
1,0,0.8182907,0.0,0.0,0.1817093,0.0,0.0,0.0,0.0,0.0,0.0,0.0,0.0,0.0
1,0,0.8182907,0.0,0.0,0.1817093,0.0,0.0,0.0,0.0,0.0,0.0,0.0,0.0,0.0
1,0,0.8182907,0.0,0.0,0.1817093,0.0,0.0,0.0,0.0,0.0,0.0,0.0,0.0,0.0
1,0,0.8182907,0.0,0.0,0.1817093,0.0,0.0,0.0,0.0,0.0,0.0,0.0,0.0,0.0
1,0,0.8182907,0.0,0.0,0.1817093,0.0,0.0,0.0,0.0,0.0,0.0,0.0,0.0,0.0
1,0,0.8182907,0.0,0.0,0.1817093,0.0,0.0,0.0,0.0,0.0,0.0,0.0,0.0,0.0
1,0,0.8182907,0.0,0.0,0.1817093,0.0,0.0,0.0,0.0,0.0,0.0,0.0,0.0,0.0
1,0,0.8182907,0.0,0.0,0.1817093,0.0,0.0,0.0,0.0,0.0,0.0,0.0,0.0,0.0
1,0,0.8182907,0.0,0.0,0.1817093,0.0,0.0,0.0,0.0,0.0,0.0,0.0,0.0,0.0
1,0,0.8182907,0.0,0.0,0.1817093,0.0,0.0,0.0,0.0,0.0,0.0,0.0,0.0,0.0
1,0,0.8182907,0.0,0.0,0.1817093,0.0,0.0,0.0,0.0,0.0,0.0,0.0,0.0,0.0
1,0,0.8182907,0.0,0.0,0.1817093,0.0,0.0,0.0,0.0,0.0,0.0,0.0,0.0,0.0
1,0,0.8182907,0.0,0.0,0.1817093,0.0,0.0,0.0,0.0,0.0,0.0,0.0,0.0,0.0
1,0,0.8182907,0.0,0.0,0.1817093,0.0,0.0,0.0,0.0,0.0,0.0,0.0,0.0,0.0
1,0,0.8182907,0.0,0.0,0.1817093,0.0,0.0,0.0,0.0,0.0,0.0,0.0,0.0,0.0
1,0,0.8182907,0.056901295,0.0,0.124808006,0.0,0.0,0.0,0.0,0.0,0.0,0.0,0.0,0.0
1,0,0.8182907,0.056901295,0.0,0.124808006,0.0,0.0,0.0,0.0,0.0,0.0,0.0,0.0,0.0
1,0,0.8182907,0.056901295,0.0,0.124808006,0.0,0.0,0.0,0.0,0.0,0.0,0.0,0.0,0.0
1,0,0.8182907,0.056901295,0.0,0.124808006,0.0,0.0,0.0,0.0,0.0,0.0,0.0,0.0,0.0
1,0,0.8182907,0.056901295,0.0,0.124808006,0.0,0.0,0.0,0.0,0.0,0.0,0.0,0.0,0.0
1,0,0.8182907,0.056901295,0.0,0.124808006,0.0,0.0,0.0,0.0,0.0,0.0,0.0,0.0,0.0
1,0,0.8182907,0.056901295,0.0,0.124808006,0.0,0.0,0.0,0.0,0.0,0.0,0.0,0.0,0.0
1,0,0.8182907,0.056901295,0.0,0.124808006,0.0,0.0,0.0,0.0,0.0,0.0,0.0,0.0,0.0
1,0,0.8182907,0.056901295,0.0,0.124808006,0.0,0.0,0.0,0.0,0.0,0.0,0.0,0.0,0.0
1,0,0.8182907,0.056901295,0.0,0.124808006,0.0,0.0,0.0,0.0,0.0,0.0,0.0,0.0,0.0
1,0,0.8182907,0.056901295,0.0,0.124808006,0.0,0.0,0.0,0.0,0.0,0.0,0.0,0.0,0.0
1,0,0.8182907,0.056901295,0.0,0.124808006,0.0,0.0,0.0,0.0,0.0,0.0,0.0,0.0,0.0
1,0,0.8182907,0.056901295,0.0,0.124808006,0.0,0.0,0.0,0.0,0.0,0.0,0.0,0.0,0.0
1,0,0.8182907,0.056901295,0.0,0.124808006,0.0,0.0,0.0,0.0,0.0,0.0,0.0,0.0,0.0
1,0,0.8182907,0.056901295,0.0,0.124808006,0.0,0.0,0.0,0.0,0.0,0.0,0.0,0.0,0.0
1,0,0.8182907,0.056901295,0.0,0.124808006,0.0,0.0,0.0,0.0,0.0,0.0,0.0,0.0,0.0
1,0,0.8182907,0.056901295,0.0,0.124808006,0.0,0.0,0.0,0.0,0.0,0.0,0.0,0.0,0.0
1,0,0.8182907,0.056901295,0.0,0.124808006,0.0,0.0,0.0,0.0,0.0,0.0,0.0,0.0,0.0
1,0,0.8182907,0.056901295,0.0,0.124808006,0.0,0.0,0.0,0.0,0.0,0.0,0.0,0.0,0.0
1,0,0.8182907,0.056901295,0.0,0.124808006,0.0,0.0,0.0,0.0,0.0,0.0,0.0,0.0,0.0
1,0,0.8182907,0.056901295,0.0,0.124808006,0.0,0.0,0.0,0.0,0.0,0.0,0.0,0.0,0.0
1,0,0.8182907,0.056901295,0.0,0.124808006,0.0,0.0,0.0,0.0,0.0,0.0,0.0,0.0,0.0
1,0,0.7562442,0.118947804,0.0,0.124808006,0.0,0.0,0.0,0.0,0.0,0.0,0.0,0.0,0.0
1,0,0.7562442,0.118947804,0.0,0.124808006,0.0,0.0,0.0,0.0,0.0,0.0,0.0,0.0,0.0
1,0,0.7562442,0.118947804,0.0,0.124808006,0.0,0.0,0.0,0.0,0.0,0.0,0.0,0.0,0.0
1,0,0.7562442,0.118947804,0.0,0.124808006,0.0,0.0,0.0,0.0,0.0,0.0,0.0,0.0,0.0
1,0,0.7562442,0.118947804,0.0,0.124808006,0.0,0.0,0.0,0.0,0.0,0.0,0.0,0.0,0.0
1,0,0.7562442,0.118947804,0.0,0.124808006,0.0,0.0,0.0,0.0,0.0,0.0,0.0,0.0,0.0
1,0,0.7562442,0.118947804,0.0,0.124808006,0.0,0.0,0.0,0.0,0.0,0.0,0.0,0.0,0.0
1,0,0.7562442,0.118947804,0.0,0.124808006,0.0,0.0,0.0,0.0,0.0,0.0,0.0,0.0,0.0
1,0,0.7562442,0.118947804,0.0,0.124808006,0.0,0.0,0.0,0.0,0.0,0.0,0.0,0.0,0.0
1,0,0.7562442,0.118947804,0.0,0.124808006,0.0,0.0,0.0,0.0,0.0,0.0,0.0,0.0,0.0
1,0,0.7562442,0.118947804,0.0,0.124808006,0.0,0.0,0.0,0.0,0.0,0.0,0.0,0.0,0.0
1,0,0.7562442,0.118947804,0.0,0.124808006,0.0,0.0,0.0,0.0,0.0,0.0,0.0,0.0,0.0
1,0,0.7562442,0.118947804,0.0,0.124808006,0.0,0.0,0.0,0.0,0.0,0.0,0.0,0.0,0.0
1,0,0.7562442,0.118947804,0.0,0.124808006,0.0,0.0,0.0,0.0,0.0,0.0,0.0,0.0,0.0
1,0,0.7562442,0.118947804,0.0,0.124808006,0.0,0.0,0.0,0.0,0.0,0.0,0.0,0.0,0.0
1,0,0.7562442,0.118947804,0.0,0.124808006,0.0,0.0,0.0,0.0,0.0,0.0,0.0,0.0,0.0
1,0,0.7562442,0.118947804,0.0,0.124808006,0.0,0.0,0.0,0.0,0.0,0.0,0.0,0.0,0.0
1,0,0.7562442,0.118947804,0.0,0.124808006,0.0,0.0,0.0,0.0,0.0,0.0,0.0,0.0,0.0
1,0,0.7562442,0.118947804,0.0,0.124808006,0.0,0.0,0.0,0.0,0.0,0.0,0.0,0.0,0.0
1,0,0.7562442,0.118947804,0.0,0.124808006,0.0,0.0,0.0,0.0,0.0,0.0,0.0,0.0,0.0
1,0,0.7562442,0.118947804,0.0,0.124808006,0.0,0.0,0.0,0.0,0.0,0.0,0.0,0.0,0.0
1,0,0.7562442,0.118947804,0.0,0.124808006,0.0,0.0,0.0,0.0,0.0,0.0,0.0,0.0,0.0
1,0,0.7562442,0.118947804,0.0,0.124808006,0.0,0.0,0.0,0.0,0.0,0.0,0.0,0.0,0.0
1,0,0.7562442,0.118947804,0.0,0.124808006,0.0,0.0,0.0,0.0,0.0,0.0,0.0,0.0,0.0
1,0,0.7562442,0.118947804,0.0,0.124808006,0.0,0.0,0.0,0.0,0.0,0.0,0.0,0.0,0.0
1,0,0.7562442,0.118947804,0.0,0.124808006,0.0,0.0,0.0,0.0,0.0,0.0,0.0,0.0,0.0
1,0,0.7529425,0.18413779,0.0,0.06291973,0.0,0.0,0.0,0.0,0.0,0.0,0.0,0.0,0.0
1,0,0.7529425,0.18413779,0.0,0.06291973,0.0,0.0,0.0,0.0,0.0,0.0,0.0,0.0,0.0
1,0,0.7529425,0.18413779,0.0,0.06291973,0.0,0.0,0.0,0.0,0.0,0.0,0.0,0.0,0.0
1,0,0.7529425,0.18413779,0.0,0.06291973,0.0,0.0,0.0,0.0,0.0,0.0,0.0,0.0,0.0
1,0,0.7529425,0.18413779,0.0,0.06291973,0.0,0.0,0.0,0.0,0.0,0.0,0.0,0.0,0.0
1,0,0.7529425,0.18413779,0.0,0.06291973,0.0,0.0,0.0,0.0,0.0,0.0,0.0,0.0,0.0
1,0,0.7529425,0.18413779,0.0,0.06291973,0.0,0.0,0.0,0.0,0.0,0.0,0.0,0.0,0.0
1,0,0.7529425,0.18413779,0.0,0.06291973,0.0,0.0,0.0,0.0,0.0,0.0,0.0,0.0,0.0
1,0,0.7529425,0.18413779,0.0,0.06291973,0.0,0.0,0.0,0.0,0.0,0.0,0.0,0.0,0.0
1,0,0.7529425,0.18413779,0.0,0.06291973,0.0,0.0,0.0,0.0,0.0,0.0,0.0,0.0,0.0
1,0,0.7529425,0.18413779,0.0,0.06291973,0.0,0.0,0.0,0.0,0.0,0.0,0.0,0.0,0.0
1,0,0.7529425,0.18413779,0.0,0.06291973,0.0,0.0,0.0,0.0,0.0,0.0,0.0,0.0,0.0
1,0,0.7529425,0.18413779,0.0,0.06291973,0.0,0.0,0.0,0.0,0.0,0.0,0.0,0.0,0.0
1,0,0.7529425,0.18413779,0.0,0.06291973,0.0,0.0,0.0,0.0,0.0,0.0,0.0,0.0,0.0
1,0,0.7529425,0.18413779,0.0,0.06291973,0.0,0.0,0.0,0.0,0.0,0.0,0.0,0.0,0.0
1,0,0.7529425,0.18413779,0.0,0.06291973,0.0,0.0,0.0,0.0,0.0,0.0,0.0,0.0,0.0
1,0,0.7529425,0.18413779,0.0,0.06291973,0.0,0.0,0.0,0.0,0.0,0.0,0.0,0.0,0.0
1,0,0.7529425,0.18413779,0.0,0.06291973,0.0,0.0,0.0,0.0,0.0,0.0,0.0,0.0,0.0
1,0,0.7529425,0.18413779,0.0,0.06291973,0.0,0.0,0.0,0.0,0.0,0.0,0.0,0.0,0.0
1,0,0.7529425,0.18413779,0.0,0.06291973,0.0,0.0,0.0,0.0,0.0,0.0,0.0,0.0,0.0
1,0,0.7529425,0.18413779,0.0,0.06291973,0.0,0.0,0.0,0.0,0.0,0.0,0.0,0.0,0.0
1,0,0.7529425,0.18413779,0.0,0.06291973,0.0,0.0,0.0,0.0,0.0,0.0,0.0,0.0,0.0
1,0,0.7529425,0.18413779,0.0,0.06291973,0.0,0.0,0.0,0.0,0.0,0.0,0.0,0.0,0.0
1,0,0.7529425,0.18413779,0.0,0.06291973,0.0,0.0,0.0,0.0,0.0,0.0,0.0,0.0,0.0
1,0,0.7529425,0.18413779,0.0,0.06291973,0.0,0.0,0.0,0.0,0.0,0.0,0.0,0.0,0.0
1,0,0.7529425,0.18413779,0.0,0.06291973,0.0,0.0,0.0,0.0,0.0,0.0,0.0,0.0,0.0
1,0,0.7529425,0.18413779,0.0,0.06291973,0.0,0.0,0.0,0.0,0.0,0.0,0.0,0.0,0.0
1,0,0.7529425,0.18413779,0.0,0.06291973,0.0,0.0,0.0,0.0,0.0,0.0,0.0,0.0,0.0
1,0,0.7529425,0.18413779,0.0,0.06291973,0.0,0.0,0.0,0.0,0.0,0.0,0.0,0.0,0.0
1,0,0.7529425,0.18413779,0.0,0.06291973,0.0,0.0,0.0,0.0,0.0,0.0,0.0,0.0,0.0
1,0,0.7529425,0.18413779,0.0,0.06291973,0.0,0.0,0.0,0.0,0.0,0.0,0.0,0.0,0.0
1,0,0.7529425,0.18413779,0.0,0.06291973,0.0,0.0,0.0,0.0,0.0,0.0,0.0,0.0,0.0
1,0,0.7529425,0.18413779,0.0,0.06291973,0.0,0.0,0.0,0.0,0.0,0.0,0.0,0.0,0.0
1,0,0.7529425,0.18413779,0.0,0.06291973,0.0,0.0,0.0,0.0,0.0,0.0,0.0,0.0,0.0
1,0,0.7529425,0.18413779,0.0,0.06291973,0.0,0.0,0.0,0.0,0.0,0.0,0.0,0.0,0.0
1,0,0.7529425,0.18413779,0.0,0.06291973,0.0,0.0,0.0,0.0,0.0,0.0,0.0,0.0,0.0
1,0,0.7529425,0.18413779,0.0,0.06291973,0.0,0.0,0.0,0.0,0.0,0.0,0.0,0.0,0.0
1,0,0.7529425,0.18413779,0.0,0.06291973,0.0,0.0,0.0,0.0,0.0,0.0,0.0,0.0,0.0
1,0,0.7529425,0.18413779,0.0,0.06291973,0.0,0.0,0.0,0.0,0.0,0.0,0.0,0.0,0.0
1,0,0.7529425,0.18413779,0.0,0.06291973,0.0,0.0,0.0,0.0,0.0,0.0,0.0,0.0,0.0
1,0,0.7529425,0.18413779,0.0,0.06291973,0.0,0.0,0.0,0.0,0.0,0.0,0.0,0.0,0.0
1,0,0.7529425,0.18413779,0.0,0.06291973,0.0,0.0,0.0,0.0,0.0,0.0,0.0,0.0,0.0
1,0,0.7529425,0.18413779,0.0,0.06291973,0.0,0.0,0.0,0.0,0.0,0.0,0.0,0.0,0.0
1,0,0.7529425,0.18413779,0.0,0.06291973,0.0,0.0,0.0,0.0,0.0,0.0,0.0,0.0,0.0
1,0,0.7529425,0.18413779,0.0,0.06291973,0.0,0.0,0.0,0.0,0.0,0.0,0.0,0.0,0.0
1,0,0.7529425,0.18413779,0.0,0.06291973,0.0,0.0,0.0,0.0,0.0,0.0,0.0,0.0,0.0
1,0,0.7529425,0.18413779,0.0,0.06291973,0.0,0.0,0.0,0.0,0.0,0.0,0.0,0.0,0.0
1,0,0.7529425,0.18413779,0.0,0.06291973,0.0,0.0,0.0,0.0,0.0,0.0,0.0,0.0,0.0
1,0,0.7529425,0.18413779,0.0,0.06291973,0.0,0.0,0.0,0.0,0.0,0.0,0.0,0.0,0.0
1,0,0.7529425,0.18413779,0.0,0.06291973,0.0,0.0,0.0,0.0,0.0,0.0,0.0,0.0,0.0
1,0,0.7529425,0.18413779,0.0,0.06291973,0.0,0.0,0.0,0.0,0.0,0.0,0.0,0.0,0.0
1,0,0.7529425,0.18413779,0.0,0.06291973,0.0,0.0,0.0,0.0,0.0,0.0,0.0,0.0,0.0
1,0,0.7529425,0.18413779,0.0,0.06291973,0.0,0.0,0.0,0.0,0.0,0.0,0.0,0.0,0.0
1,0,0.7529425,0.18413779,0.0,0.06291973,0.0,0.0,0.0,0.0,0.0,0.0,0.0,0.0,0.0
1,0,0.7529425,0.18413779,0.0,0.06291973,0.0,0.0,0.0,0.0,0.0,0.0,0.0,0.0,0.0
1,0,0.7529425,0.18413779,0.0,0.06291973,0.0,0.0,0.0,0.0,0.0,0.0,0.0,0.0,0.0
1,0,0.7529425,0.18413779,0.0,0.06291973,0.0,0.0,0.0,0.0,0.0,0.0,0.0,0.0,0.0
1,0,0.7529425,0.18413779,0.0,0.06291973,0.0,0.0,0.0,0.0,0.0,0.0,0.0,0.0,0.0
1,0,0.7529425,0.18413779,0.0,0.06291973,0.0,0.0,0.0,0.0,0.0,0.0,0.0,0.0,0.0
1,0,0.7529425,0.18413779,0.0,0.06291973,0.0,0.0,0.0,0.0,0.0,0.0,0.0,0.0,0.0
1,0,0.7529425,0.18413779,0.0,0.06291973,0.0,0.0,0.0,0.0,0.0,0.0,0.0,0.0,0.0
1,0,0.7529425,0.18413779,0.0,0.06291973,0.0,0.0,0.0,0.0,0.0,0.0,0.0,0.0,0.0
1,0,0.7529425,0.18413779,0.0,0.06291973,0.0,0.0,0.0,0.0,0.0,0.0,0.0,0.0,0.0
1,0,0.7529425,0.18413779,0.0,0.06291973,0.0,0.0,0.0,0.0,0.0,0.0,0.0,0.0,0.0
1,0,0.6875845,0.24949573,0.0,0.06291972,0.0,0.0,0.0,0.0,0.0,0.0,0.0,0.0,0.0
1,0,0.6875845,0.24949573,0.0,0.06291972,0.0,0.0,0.0,0.0,0.0,0.0,0.0,0.0,0.0
1,0,0.6875845,0.24949573,0.0,0.06291972,0.0,0.0,0.0,0.0,0.0,0.0,0.0,0.0,0.0
1,0,0.6875845,0.24949573,0.0,0.06291972,0.0,0.0,0.0,0.0,0.0,0.0,0.0,0.0,0.0
1,0,0.6225209,0.31455937,0.0,0.06291972,0.0,0.0,0.0,0.0,0.0,0.0,0.0,0.0,0.0
1,0,0.6225209,0.31455937,0.0,0.06291972,0.0,0.0,0.0,0.0,0.0,0.0,0.0,0.0,0.0
1,0,0.6225209,0.31455937,0.0,0.06291972,0.0,0.0,0.0,0.0,0.0,0.0,0.0,0.0,0.0
1,0,0.6225209,0.31455937,0.0,0.06291972,0.0,0.0,0.0,0.0,0.0,0.0,0.0,0.0,0.0
1,0,0.6225209,0.31455937,0.0,0.06291972,0.0,0.0,0.0,0.0,0.0,0.0,0.0,0.0,0.0
1,0,0.6225209,0.31455937,0.0,0.06291972,0.0,0.0,0.0,0.0,0.0,0.0,0.0,0.0,0.0
1,0,0.6225209,0.31455937,0.0,0.06291972,0.0,0.0,0.0,0.0,0.0,0.0,0.0,0.0,0.0
1,0,0.6225209,0.31455937,0.0,0.06291972,0.0,0.0,0.0,0.0,0.0,0.0,0.0,0.0,0.0
1,0,0.6225209,0.31455937,0.0,0.06291972,0.0,0.0,0.0,0.0,0.0,0.0,0.0,0.0,0.0
1,0,0.6225209,0.31455937,0.0,0.06291972,0.0,0.0,0.0,0.0,0.0,0.0,0.0,0.0,0.0
1,0,0.6225209,0.31455937,0.0,0.06291972,0.0,0.0,0.0,0.0,0.0,0.0,0.0,0.0,0.0
1,0,0.6225209,0.31455937,0.0,0.06291972,0.0,0.0,0.0,0.0,0.0,0.0,0.0,0.0,0.0
1,0,0.56451327,0.31455934,0.0,0.06291972,0.05800764,0.0,0.0,0.0,0.0,0.0,0.0,0.0,0.0
1,0,0.56451327,0.31455934,0.0,0.06291972,0.05800764,0.0,0.0,0.0,0.0,0.0,0.0,0.0,0.0
1,0,0.56451327,0.31455934,0.0,0.06291972,0.05800764,0.0,0.0,0.0,0.0,0.0,0.0,0.0,0.0
1,0,0.56451327,0.31455934,0.0,0.06291972,0.05800764,0.0,0.0,0.0,0.0,0.0,0.0,0.0,0.0
1,0,0.56451327,0.31455934,0.0,0.06291972,0.05800764,0.0,0.0,0.0,0.0,0.0,0.0,0.0,0.0
1,0,0.56451327,0.31455934,0.0,0.06291972,0.05800764,0.0,0.0,0.0,0.0,0.0,0.0,0.0,0.0
1,0,0.56451327,0.31455934,0.0,0.06291972,0.05800764,0.0,0.0,0.0,0.0,0.0,0.0,0.0,0.0
1,0,0.56451327,0.31455934,0.0,0.06291972,0.05800764,0.0,0.0,0.0,0.0,0.0,0.0,0.0,0.0
1,0,0.56451327,0.31455934,0.0,0.06291972,0.05800764,0.0,0.0,0.0,0.0,0.0,0.0,0.0,0.0
1,0,0.56451327,0.31455934,0.0,0.06291972,0.05800764,0.0,0.0,0.0,0.0,0.0,0.0,0.0,0.0
1,0,0.56451327,0.31455934,0.0,0.06291972,0.05800764,0.0,0.0,0.0,0.0,0.0,0.0,0.0,0.0
1,0,0.56451327,0.31455934,0.0,0.06291972,0.05800764,0.0,0.0,0.0,0.0,0.0,0.0,0.0,0.0
1,0,0.56451327,0.31455934,0.0,0.06291972,0.05800764,0.0,0.0,0.0,0.0,0.0,0.0,0.0,0.0
1,0,0.56451327,0.31455934,0.0,0.06291972,0.05800764,0.0,0.0,0.0,0.0,0.0,0.0,0.0,0.0
1,0,0.56451327,0.31455934,0.0,0.06291972,0.05800764,0.0,0.0,0.0,0.0,0.0,0.0,0.0,0.0
1,0,0.56451327,0.31455934,0.0,0.06291972,0.05800764,0.0,0.0,0.0,0.0,0.0,0.0,0.0,0.0
1,0,0.56451327,0.31455934,0.0,0.06291972,0.05800764,0.0,0.0,0.0,0.0,0.0,0.0,0.0,0.0
1,0,0.56451327,0.31455934,0.0,0.06291972,0.05800764,0.0,0.0,0.0,0.0,0.0,0.0,0.0,0.0
1,0,0.56451327,0.31455934,0.0,0.06291972,0.05800764,0.0,0.0,0.0,0.0,0.0,0.0,0.0,0.0
1,0,0.56451327,0.31455934,0.0,0.06291972,0.05800764,0.0,0.0,0.0,0.0,0.0,0.0,0.0,0.0
1,0,0.56451327,0.31455934,0.0,0.06291972,0.05800764,0.0,0.0,0.0,0.0,0.0,0.0,0.0,0.0
1,0,0.56451327,0.31455934,0.0,0.06291972,0.05800764,0.0,0.0,0.0,0.0,0.0,0.0,0.0,0.0
1,0,0.56451327,0.31455934,0.0,0.06291972,0.05800764,0.0,0.0,0.0,0.0,0.0,0.0,0.0,0.0
1,0,0.56451327,0.31455934,0.0,0.06291972,0.05800764,0.0,0.0,0.0,0.0,0.0,0.0,0.0,0.0
1,0,0.56451327,0.24936937,0.0,0.06291972,0.12319762,0.0,0.0,0.0,0.0,0.0,0.0,0.0,0.0
1,0,0.56451327,0.24936937,0.0,0.06291972,0.12319762,0.0,0.0,0.0,0.0,0.0,0.0,0.0,0.0
1,0,0.56451327,0.24936937,0.0,0.06291972,0.12319762,0.0,0.0,0.0,0.0,0.0,0.0,0.0,0.0
1,0,0.56451327,0.24936937,0.0,0.06291972,0.12319762,0.0,0.0,0.0,0.0,0.0,0.0,0.0,0.0
1,0,0.56451327,0.24936937,0.0,0.06291972,0.12319762,0.0,0.0,0.0,0.0,0.0,0.0,0.0,0.0
1,0,0.56451327,0.24936937,0.0,0.06291972,0.12319762,0.0,0.0,0.0,0.0,0.0,0.0,0.0,0.0
1,0,0.56451327,0.24936937,0.0,0.06291972,0.12319762,0.0,0.0,0.0,0.0,0.0,0.0,0.0,0.0
1,0,0.56451327,0.24936937,0.0,0.06291972,0.12319762,0.0,0.0,0.0,0.0,0.0,0.0,0.0,0.0
1,0,0.56451327,0.24936937,0.0,0.06291972,0.12319762,0.0,0.0,0.0,0.0,0.0,0.0,0.0,0.0
1,0,0.56451327,0.24936937,0.0,0.06291972,0.12319762,0.0,0.0,0.0,0.0,0.0,0.0,0.0,0.0
1,0,0.56451327,0.24936937,0.0,0.06291972,0.12319762,0.0,0.0,0.0,0.0,0.0,0.0,0.0,0.0
1,0,0.56451327,0.24936937,0.0,0.06291972,0.12319762,0.0,0.0,0.0,0.0,0.0,0.0,0.0,0.0
1,0,0.56451327,0.24936937,0.0,0.06291972,0.12319762,0.0,0.0,0.0,0.0,0.0,0.0,0.0,0.0
1,0,0.56451327,0.24936937,0.0,0.06291972,0.12319762,0.0,0.0,0.0,0.0,0.0,0.0,0.0,0.0
1,0,0.56451327,0.24936937,0.0,0.06291972,0.12319762,0.0,0.0,0.0,0.0,0.0,0.0,0.0,0.0
1,0,0.56451327,0.24936937,0.0,0.06291972,0.12319762,0.0,0.0,0.0,0.0,0.0,0.0,0.0,0.0
1,0,0.5077163,0.24936938,0.056797005,0.06291973,0.12319763,0.0,0.0,0.0,0.0,0.0,0.0,0.0,0.0
1,0,0.5077163,0.24936938,0.056797005,0.06291973,0.12319763,0.0,0.0,0.0,0.0,0.0,0.0,0.0,0.0
1,0,0.5077163,0.24936938,0.056797005,0.06291973,0.12319763,0.0,0.0,0.0,0.0,0.0,0.0,0.0,0.0
1,0,0.5077163,0.24936938,0.056797005,0.06291973,0.12319763,0.0,0.0,0.0,0.0,0.0,0.0,0.0,0.0
1,0,0.5077163,0.24936938,0.056797005,0.06291973,0.12319763,0.0,0.0,0.0,0.0,0.0,0.0,0.0,0.0
1,0,0.5077163,0.24936938,0.056797005,0.06291973,0.12319763,0.0,0.0,0.0,0.0,0.0,0.0,0.0,0.0
1,0,0.5077163,0.24936938,0.056797005,0.06291973,0.12319763,0.0,0.0,0.0,0.0,0.0,0.0,0.0,0.0
1,0,0.5077163,0.24936938,0.056797005,0.06291973,0.12319763,0.0,0.0,0.0,0.0,0.0,0.0,0.0,0.0
1,0,0.5077163,0.24936938,0.056797005,0.06291973,0.12319763,0.0,0.0,0.0,0.0,0.0,0.0,0.0,0.0
1,0,0.5077163,0.24936938,0.056797005,0.06291973,0.12319763,0.0,0.0,0.0,0.0,0.0,0.0,0.0,0.0
1,0,0.5077163,0.24936938,0.056797005,0.06291973,0.12319763,0.0,0.0,0.0,0.0,0.0,0.0,0.0,0.0
1,0,0.5077163,0.24936938,0.056797005,0.06291973,0.12319763,0.0,0.0,0.0,0.0,0.0,0.0,0.0,0.0
1,0,0.5077163,0.24936938,0.056797005,0.06291973,0.12319763,0.0,0.0,0.0,0.0,0.0,0.0,0.0,0.0
1,0,0.5077163,0.24936938,0.056797005,0.06291973,0.12319763,0.0,0.0,0.0,0.0,0.0,0.0,0.0,0.0
1,0,0.5077163,0.24936938,0.056797005,0.06291973,0.12319763,0.0,0.0,0.0,0.0,0.0,0.0,0.0,0.0
1,0,0.5077163,0.24936938,0.056797005,0.06291973,0.12319763,0.0,0.0,0.0,0.0,0.0,0.0,0.0,0.0
1,0,0.5077163,0.24936938,0.056797005,0.06291973,0.12319763,0.0,0.0,0.0,0.0,0.0,0.0,0.0,0.0
1,0,0.5077163,0.24936938,0.056797005,0.06291973,0.12319763,0.0,0.0,0.0,0.0,0.0,0.0,0.0,0.0
1,0,0.5077163,0.24936938,0.056797005,0.06291973,0.12319763,0.0,0.0,0.0,0.0,0.0,0.0,0.0,0.0
1,0,0.5077163,0.24936938,0.056797005,0.06291973,0.12319763,0.0,0.0,0.0,0.0,0.0,0.0,0.0,0.0
1,0,0.4394593,0.2493694,0.056797005,0.06291972,0.19145462,0.0,0.0,0.0,0.0,0.0,0.0,0.0,0.0
1,0,0.4394593,0.2493694,0.056797005,0.06291972,0.19145462,0.0,0.0,0.0,0.0,0.0,0.0,0.0,0.0
1,0,0.4394593,0.2493694,0.056797005,0.06291972,0.19145462,0.0,0.0,0.0,0.0,0.0,0.0,0.0,0.0
1,0,0.4394593,0.2493694,0.056797005,0.06291972,0.19145462,0.0,0.0,0.0,0.0,0.0,0.0,0.0,0.0
1,1,0.3122198,0.32017925,0.056797,0.06291972,0.2478842,0.0,0.0,0.0,0.0,0.0,0.0,0.0,0.0
1,1,0.3122198,0.32017925,0.056797,0.06291972,0.2478842,0.0,0.0,0.0,0.0,0.0,0.0,0.0,0.0
1,1,0.3122198,0.32017925,0.056797,0.06291972,0.2478842,0.0,0.0,0.0,0.0,0.0,0.0,0.0,0.0
1,1,0.3122198,0.32017925,0.056797,0.06291972,0.2478842,0.0,0.0,0.0,0.0,0.0,0.0,0.0,0.0
1,1,0.3122198,0.32017925,0.056797,0.06291972,0.2478842,0.0,0.0,0.0,0.0,0.0,0.0,0.0,0.0
1,1,0.3122198,0.32017925,0.056797,0.06291972,0.2478842,0.0,0.0,0.0,0.0,0.0,0.0,0.0,0.0
1,1,0.3122198,0.32017925,0.056797,0.06291972,0.2478842,0.0,0.0,0.0,0.0,0.0,0.0,0.0,0.0
1,1,0.3122198,0.32017925,0.056797,0.06291972,0.2478842,0.0,0.0,0.0,0.0,0.0,0.0,0.0,0.0
1,1,0.3122198,0.32017925,0.056797,0.06291972,0.2478842,0.0,0.0,0.0,0.0,0.0,0.0,0.0,0.0
1,1,0.3122198,0.32017925,0.056797,0.06291972,0.2478842,0.0,0.0,0.0,0.0,0.0,0.0,0.0,0.0
1,1,0.3122198,0.32017925,0.056797,0.06291972,0.2478842,0.0,0.0,0.0,0.0,0.0,0.0,0.0,0.0
1,1,0.3122198,0.32017925,0.056797,0.06291972,0.2478842,0.0,0.0,0.0,0.0,0.0,0.0,0.0,0.0
1,1,0.3122198,0.32017925,0.056797,0.06291972,0.2478842,0.0,0.0,0.0,0.0,0.0,0.0,0.0,0.0
1,1,0.3122198,0.32017925,0.056797,0.06291972,0.2478842,0.0,0.0,0.0,0.0,0.0,0.0,0.0,0.0
1,1,0.3122198,0.32017925,0.056797,0.06291972,0.2478842,0.0,0.0,0.0,0.0,0.0,0.0,0.0,0.0
1,1,0.3122198,0.32017925,0.056797,0.06291972,0.2478842,0.0,0.0,0.0,0.0,0.0,0.0,0.0,0.0
1,1,0.3122198,0.32017925,0.056797,0.06291972,0.2478842,0.0,0.0,0.0,0.0,0.0,0.0,0.0,0.0
1,1,0.3122198,0.32017925,0.056797,0.06291972,0.2478842,0.0,0.0,0.0,0.0,0.0,0.0,0.0,0.0
1,1,0.3122198,0.32017925,0.056797,0.06291972,0.2478842,0.0,0.0,0.0,0.0,0.0,0.0,0.0,0.0
1,1,0.3122198,0.32017925,0.056797,0.06291972,0.2478842,0.0,0.0,0.0,0.0,0.0,0.0,0.0,0.0
1,1,0.3122198,0.32017925,0.056797,0.06291972,0.2478842,0.0,0.0,0.0,0.0,0.0,0.0,0.0,0.0
1,1,0.3122198,0.32017925,0.056797,0.06291972,0.2478842,0.0,0.0,0.0,0.0,0.0,0.0,0.0,0.0
1,1,0.3122198,0.32017925,0.056797,0.06291972,0.2478842,0.0,0.0,0.0,0.0,0.0,0.0,0.0,0.0
1,1,0.3122198,0.32017925,0.056797,0.06291972,0.2478842,0.0,0.0,0.0,0.0,0.0,0.0,0.0,0.0
1,1,0.3122198,0.32017925,0.056797,0.06291972,0.2478842,0.0,0.0,0.0,0.0,0.0,0.0,0.0,0.0
1,1,0.3122198,0.32017925,0.056797,0.06291972,0.2478842,0.0,0.0,0.0,0.0,0.0,0.0,0.0,0.0
1,1,0.3122198,0.32017925,0.056797,0.06291972,0.2478842,0.0,0.0,0.0,0.0,0.0,0.0,0.0,0.0
1,1,0.3122198,0.32017925,0.056797,0.06291972,0.2478842,0.0,0.0,0.0,0.0,0.0,0.0,0.0,0.0
1,1,0.3122198,0.32017925,0.056797,0.06291972,0.2478842,0.0,0.0,0.0,0.0,0.0,0.0,0.0,0.0
1,1,0.3122198,0.32017925,0.056797,0.06291972,0.2478842,0.0,0.0,0.0,0.0,0.0,0.0,0.0,0.0
1,1,0.3122198,0.32017925,0.056797,0.06291972,0.2478842,0.0,0.0,0.0,0.0,0.0,0.0,0.0,0.0
1,1,0.3122198,0.32017925,0.056797,0.06291972,0.2478842,0.0,0.0,0.0,0.0,0.0,0.0,0.0,0.0
1,1,0.3122198,0.32017925,0.056797,0.06291972,0.2478842,0.0,0.0,0.0,0.0,0.0,0.0,0.0,0.0
1,1,0.3122198,0.32017925,0.056797,0.06291972,0.2478842,0.0,0.0,0.0,0.0,0.0,0.0,0.0,0.0
1,1,0.3122198,0.32017925,0.056797,0.06291972,0.2478842,0.0,0.0,0.0,0.0,0.0,0.0,0.0,0.0
1,1,0.3122198,0.32017925,0.056797,0.06291972,0.2478842,0.0,0.0,0.0,0.0,0.0,0.0,0.0,0.0
1,1,0.3122198,0.32017925,0.056797,0.06291972,0.2478842,0.0,0.0,0.0,0.0,0.0,0.0,0.0,0.0
1,1,0.3122198,0.32017925,0.056797,0.06291972,0.2478842,0.0,0.0,0.0,0.0,0.0,0.0,0.0,0.0
1,1,0.3122198,0.32017925,0.056797,0.06291972,0.2478842,0.0,0.0,0.0,0.0,0.0,0.0,0.0,0.0
1,1,0.3122198,0.32017925,0.056797,0.06291972,0.2478842,0.0,0.0,0.0,0.0,0.0,0.0,0.0,0.0
1,1,0.3122198,0.32017925,0.056797,0.06291972,0.2478842,0.0,0.0,0.0,0.0,0.0,0.0,0.0,0.0
1,1,0.3122198,0.32017925,0.056797,0.06291972,0.2478842,0.0,0.0,0.0,0.0,0.0,0.0,0.0,0.0
1,1,0.3122198,0.32017925,0.056797,0.06291972,0.2478842,0.0,0.0,0.0,0.0,0.0,0.0,0.0,0.0
1,1,0.3122198,0.32017925,0.056797,0.06291972,0.2478842,0.0,0.0,0.0,0.0,0.0,0.0,0.0,0.0
1,1,0.3122198,0.32017925,0.056797,0.06291972,0.2478842,0.0,0.0,0.0,0.0,0.0,0.0,0.0,0.0
1,1,0.3122198,0.32017925,0.056797,0.06291972,0.2478842,0.0,0.0,0.0,0.0,0.0,0.0,0.0,0.0
1,1,0.3122198,0.32017925,0.056797,0.06291972,0.2478842,0.0,0.0,0.0,0.0,0.0,0.0,0.0,0.0
1,1,0.3122198,0.32017925,0.056797,0.06291972,0.2478842,0.0,0.0,0.0,0.0,0.0,0.0,0.0,0.0
1,1,0.3122198,0.32017925,0.056797,0.06291972,0.2478842,0.0,0.0,0.0,0.0,0.0,0.0,0.0,0.0
1,1,0.3122198,0.32017925,0.056797,0.06291972,0.2478842,0.0,0.0,0.0,0.0,0.0,0.0,0.0,0.0
1,1,0.3122198,0.32017925,0.056797,0.06291972,0.2478842,0.0,0.0,0.0,0.0,0.0,0.0,0.0,0.0
1,1,0.3122198,0.32017925,0.056797,0.06291972,0.2478842,0.0,0.0,0.0,0.0,0.0,0.0,0.0,0.0
1,1,0.3122198,0.32017925,0.056797,0.06291972,0.2478842,0.0,0.0,0.0,0.0,0.0,0.0,0.0,0.0
1,1,0.3122198,0.32017925,0.056797,0.06291972,0.2478842,0.0,0.0,0.0,0.0,0.0,0.0,0.0,0.0
1,1,0.3122198,0.32017925,0.056797,0.06291972,0.2478842,0.0,0.0,0.0,0.0,0.0,0.0,0.0,0.0
1,1,0.3122198,0.32017925,0.056797,0.06291972,0.2478842,0.0,0.0,0.0,0.0,0.0,0.0,0.0,0.0
1,1,0.2504673,0.25511563,0.18361314,0.06291972,0.2478842,0.0,0.0,0.0,0.0,0.0,0.0,0.0,0.0
1,1,0.2504673,0.25511563,0.18361314,0.06291972,0.2478842,0.0,0.0,0.0,0.0,0.0,0.0,0.0,0.0
1,1,0.2504673,0.25511563,0.18361314,0.06291972,0.2478842,0.0,0.0,0.0,0.0,0.0,0.0,0.0,0.0
1,1,0.2504673,0.25511563,0.18361314,0.06291972,0.2478842,0.0,0.0,0.0,0.0,0.0,0.0,0.0,0.0
1,1,0.2504673,0.25511563,0.18361314,0.06291972,0.2478842,0.0,0.0,0.0,0.0,0.0,0.0,0.0,0.0
1,1,0.2504673,0.25511563,0.18361314,0.06291972,0.2478842,0.0,0.0,0.0,0.0,0.0,0.0,0.0,0.0
1,1,0.2504673,0.25511563,0.18361314,0.06291972,0.2478842,0.0,0.0,0.0,0.0,0.0,0.0,0.0,0.0
1,1,0.2504673,0.25511563,0.18361314,0.06291972,0.2478842,0.0,0.0,0.0,0.0,0.0,0.0,0.0,0.0
1,1,0.25046733,0.25511566,0.24004275,0.06291973,0.19145462,0.0,0.0,0.0,0.0,0.0,0.0,0.0,0.0
1,1,0.25046733,0.25511566,0.24004275,0.06291973,0.19145462,0.0,0.0,0.0,0.0,0.0,0.0,0.0,0.0
1,1,0.25046733,0.25511566,0.24004275,0.06291973,0.19145462,0.0,0.0,0.0,0.0,0.0,0.0,0.0,0.0
1,1,0.25046733,0.25511566,0.24004275,0.06291973,0.19145462,0.0,0.0,0.0,0.0,0.0,0.0,0.0,0.0
1,1,0.25046733,0.25511566,0.24004275,0.06291973,0.19145462,0.0,0.0,0.0,0.0,0.0,0.0,0.0,0.0
1,1,0.25046733,0.25511566,0.24004275,0.06291973,0.19145462,0.0,0.0,0.0,0.0,0.0,0.0,0.0,0.0
1,1,0.25046733,0.25511566,0.24004275,0.06291973,0.19145462,0.0,0.0,0.0,0.0,0.0,0.0,0.0,0.0
1,1,0.25046733,0.25511566,0.24004275,0.06291973,0.19145462,0.0,0.0,0.0,0.0,0.0,0.0,0.0,0.0
1,1,0.25046733,0.25511566,0.24004275,0.06291973,0.19145462,0.0,0.0,0.0,0.0,0.0,0.0,0.0,0.0
1,1,0.25046733,0.25511566,0.24004275,0.06291973,0.19145462,0.0,0.0,0.0,0.0,0.0,0.0,0.0,0.0
1,1,0.25046733,0.25511566,0.24004275,0.06291973,0.19145462,0.0,0.0,0.0,0.0,0.0,0.0,0.0,0.0
1,1,0.25046733,0.25511566,0.24004275,0.06291973,0.19145462,0.0,0.0,0.0,0.0,0.0,0.0,0.0,0.0
1,1,0.25046733,0.25511566,0.24004275,0.06291973,0.19145462,0.0,0.0,0.0,0.0,0.0,0.0,0.0,0.0
1,1,0.25046733,0.25511566,0.24004275,0.06291973,0.19145462,0.0,0.0,0.0,0.0,0.0,0.0,0.0,0.0
1,1,0.25046733,0.25511566,0.24004275,0.06291973,0.19145462,0.0,0.0,0.0,0.0,0.0,0.0,0.0,0.0
1,1,0.25046733,0.25511566,0.24004275,0.06291973,0.19145462,0.0,0.0,0.0,0.0,0.0,0.0,0.0,0.0
1,1,0.25046733,0.25511566,0.24004275,0.06291973,0.19145462,0.0,0.0,0.0,0.0,0.0,0.0,0.0,0.0
1,1,0.25046733,0.25511566,0.24004275,0.06291973,0.19145462,0.0,0.0,0.0,0.0,0.0,0.0,0.0,0.0
1,1,0.25046733,0.25511566,0.24004275,0.06291973,0.19145462,0.0,0.0,0.0,0.0,0.0,0.0,0.0,0.0
1,1,0.25046733,0.25511566,0.24004275,0.06291973,0.19145462,0.0,0.0,0.0,0.0,0.0,0.0,0.0,0.0
1,1,0.25046733,0.25511566,0.24004275,0.06291973,0.19145462,0.0,0.0,0.0,0.0,0.0,0.0,0.0,0.0
1,1,0.25046733,0.25511566,0.24004275,0.06291973,0.19145462,0.0,0.0,0.0,0.0,0.0,0.0,0.0,0.0
1,1,0.25046733,0.25511566,0.24004275,0.06291973,0.19145462,0.0,0.0,0.0,0.0,0.0,0.0,0.0,0.0
1,1,0.25046733,0.25511566,0.24004275,0.06291973,0.19145462,0.0,0.0,0.0,0.0,0.0,0.0,0.0,0.0
1,1,0.25046733,0.25511566,0.24004275,0.06291973,0.19145462,0.0,0.0,0.0,0.0,0.0,0.0,0.0,0.0
1,1,0.25046733,0.25511566,0.24004275,0.06291973,0.19145462,0.0,0.0,0.0,0.0,0.0,0.0,0.0,0.0
1,1,0.25046733,0.25511566,0.24004275,0.06291973,0.19145462,0.0,0.0,0.0,0.0,0.0,0.0,0.0,0.0
1,2,0.18920292,0.25511566,0.30130714,0.06291973,0.19145462,0.0,0.0,0.0,0.0,0.0,0.0,0.0,0.0
1,2,0.18920292,0.25511566,0.30130714,0.06291973,0.19145462,0.0,0.0,0.0,0.0,0.0,0.0,0.0,0.0
1,2,0.18920292,0.25511566,0.30130714,0.06291973,0.19145462,0.0,0.0,0.0,0.0,0.0,0.0,0.0,0.0
1,2,0.18920292,0.25511566,0.30130714,0.06291973,0.19145462,0.0,0.0,0.0,0.0,0.0,0.0,0.0,0.0
1,2,0.18920292,0.25511566,0.30130714,0.06291973,0.19145462,0.0,0.0,0.0,0.0,0.0,0.0,0.0,0.0
1,2,0.24721056,0.25511563,0.3013071,0.06291972,0.13344698,0.0,0.0,0.0,0.0,0.0,0.0,0.0,0.0
1,2,0.24721056,0.25511563,0.3013071,0.06291972,0.13344698,0.0,0.0,0.0,0.0,0.0,0.0,0.0,0.0
1,2,0.24721056,0.25511563,0.3013071,0.06291972,0.13344698,0.0,0.0,0.0,0.0,0.0,0.0,0.0,0.0
1,2,0.24721056,0.25511563,0.3013071,0.06291972,0.13344698,0.0,0.0,0.0,0.0,0.0,0.0,0.0,0.0
1,2,0.24721056,0.25511563,0.3013071,0.06291972,0.13344698,0.0,0.0,0.0,0.0,0.0,0.0,0.0,0.0
1,2,0.24721056,0.25511563,0.3013071,0.06291972,0.13344698,0.0,0.0,0.0,0.0,0.0,0.0,0.0,0.0
1,2,0.24721056,0.25511563,0.3013071,0.06291972,0.13344698,0.0,0.0,0.0,0.0,0.0,0.0,0.0,0.0
1,2,0.24721056,0.25511563,0.3013071,0.06291972,0.13344698,0.0,0.0,0.0,0.0,0.0,0.0,0.0,0.0
1,2,0.24721056,0.25511563,0.3013071,0.06291972,0.13344698,0.0,0.0,0.0,0.0,0.0,0.0,0.0,0.0
1,2,0.24721056,0.25511563,0.3013071,0.06291972,0.13344698,0.0,0.0,0.0,0.0,0.0,0.0,0.0,0.0
1,2,0.24721056,0.25511563,0.3013071,0.06291972,0.13344698,0.0,0.0,0.0,0.0,0.0,0.0,0.0,0.0
1,2,0.24721056,0.25511563,0.3013071,0.06291972,0.13344698,0.0,0.0,0.0,0.0,0.0,0.0,0.0,0.0
1,2,0.24721056,0.25511563,0.3013071,0.06291972,0.13344698,0.0,0.0,0.0,0.0,0.0,0.0,0.0,0.0
1,2,0.24721056,0.25511563,0.3013071,0.06291972,0.13344698,0.0,0.0,0.0,0.0,0.0,0.0,0.0,0.0
1,2,0.24721056,0.25511563,0.3013071,0.06291972,0.13344698,0.0,0.0,0.0,0.0,0.0,0.0,0.0,0.0
1,2,0.24721056,0.25511563,0.3013071,0.06291972,0.13344698,0.0,0.0,0.0,0.0,0.0,0.0,0.0,0.0
1,2,0.24721056,0.25511563,0.3013071,0.06291972,0.13344698,0.0,0.0,0.0,0.0,0.0,0.0,0.0,0.0
1,2,0.24721056,0.25511563,0.3013071,0.06291972,0.13344698,0.0,0.0,0.0,0.0,0.0,0.0,0.0,0.0
1,2,0.24721056,0.25511563,0.3013071,0.06291972,0.13344698,0.0,0.0,0.0,0.0,0.0,0.0,0.0,0.0
1,2,0.24721056,0.25511563,0.3013071,0.06291972,0.13344698,0.0,0.0,0.0,0.0,0.0,0.0,0.0,0.0
1,2,0.24721056,0.25511563,0.3013071,0.06291972,0.13344698,0.0,0.0,0.0,0.0,0.0,0.0,0.0,0.0
1,2,0.24721056,0.25511563,0.3013071,0.06291972,0.13344698,0.0,0.0,0.0,0.0,0.0,0.0,0.0,0.0
1,2,0.24721056,0.25511563,0.3013071,0.06291972,0.13344698,0.0,0.0,0.0,0.0,0.0,0.0,0.0,0.0
1,2,0.24721056,0.25511563,0.3013071,0.06291972,0.13344698,0.0,0.0,0.0,0.0,0.0,0.0,0.0,0.0
1,2,0.24721056,0.25511563,0.3013071,0.06291972,0.13344698,0.0,0.0,0.0,0.0,0.0,0.0,0.0,0.0
1,2,0.24721056,0.25511563,0.3013071,0.06291972,0.13344698,0.0,0.0,0.0,0.0,0.0,0.0,0.0,0.0
1,2,0.24721056,0.25511563,0.3013071,0.06291972,0.13344698,0.0,0.0,0.0,0.0,0.0,0.0,0.0,0.0
1,2,0.24721056,0.25511563,0.3013071,0.06291972,0.13344698,0.0,0.0,0.0,0.0,0.0,0.0,0.0,0.0
1,2,0.24721056,0.25511563,0.3013071,0.06291972,0.13344698,0.0,0.0,0.0,0.0,0.0,0.0,0.0,0.0
1,2,0.24721056,0.25511563,0.3013071,0.06291972,0.13344698,0.0,0.0,0.0,0.0,0.0,0.0,0.0,0.0
1,2,0.1874794,0.25511563,0.3013071,0.122650854,0.13344698,0.0,0.0,0.0,0.0,0.0,0.0,0.0,0.0
1,2,0.1874794,0.25511563,0.3013071,0.122650854,0.13344698,0.0,0.0,0.0,0.0,0.0,0.0,0.0,0.0
1,2,0.1874794,0.25511563,0.3013071,0.122650854,0.13344698,0.0,0.0,0.0,0.0,0.0,0.0,0.0,0.0
1,2,0.1874794,0.25511563,0.3013071,0.122650854,0.13344698,0.0,0.0,0.0,0.0,0.0,0.0,0.0,0.0
1,2,0.1874794,0.25511563,0.3013071,0.122650854,0.13344698,0.0,0.0,0.0,0.0,0.0,0.0,0.0,0.0
1,2,0.1874794,0.25511563,0.3013071,0.122650854,0.13344698,0.0,0.0,0.0,0.0,0.0,0.0,0.0,0.0
1,2,0.1874794,0.25511563,0.3013071,0.122650854,0.13344698,0.0,0.0,0.0,0.0,0.0,0.0,0.0,0.0
1,2,0.1874794,0.25511563,0.3013071,0.122650854,0.13344698,0.0,0.0,0.0,0.0,0.0,0.0,0.0,0.0
1,2,0.1874794,0.25511563,0.3013071,0.122650854,0.13344698,0.0,0.0,0.0,0.0,0.0,0.0,0.0,0.0
1,2,0.1874794,0.25511563,0.3013071,0.122650854,0.13344698,0.0,0.0,0.0,0.0,0.0,0.0,0.0,0.0
1,2,0.18747942,0.25511566,0.36422682,0.059731144,0.13344698,0.0,0.0,0.0,0.0,0.0,0.0,0.0,0.0
1,2,0.18747942,0.25511566,0.36422682,0.059731144,0.13344698,0.0,0.0,0.0,0.0,0.0,0.0,0.0,0.0
1,2,0.18747942,0.25511566,0.36422682,0.059731144,0.13344698,0.0,0.0,0.0,0.0,0.0,0.0,0.0,0.0
1,2,0.18747942,0.25511566,0.36422682,0.059731144,0.13344698,0.0,0.0,0.0,0.0,0.0,0.0,0.0,0.0
1,2,0.18747942,0.25511566,0.36422682,0.059731144,0.13344698,0.0,0.0,0.0,0.0,0.0,0.0,0.0,0.0
1,2,0.18747942,0.25511566,0.36422682,0.059731144,0.13344698,0.0,0.0,0.0,0.0,0.0,0.0,0.0,0.0
1,2,0.18747942,0.25511566,0.36422682,0.059731144,0.13344698,0.0,0.0,0.0,0.0,0.0,0.0,0.0,0.0
1,2,0.18747942,0.25511566,0.36422682,0.059731144,0.13344698,0.0,0.0,0.0,0.0,0.0,0.0,0.0,0.0
1,2,0.18747942,0.25511566,0.36422682,0.059731144,0.13344698,0.0,0.0,0.0,0.0,0.0,0.0,0.0,0.0
1,2,0.18747942,0.25511566,0.36422682,0.059731144,0.13344698,0.0,0.0,0.0,0.0,0.0,0.0,0.0,0.0
1,2,0.18747942,0.25511566,0.36422682,0.059731144,0.13344698,0.0,0.0,0.0,0.0,0.0,0.0,0.0,0.0
1,2,0.18747942,0.25511566,0.36422682,0.059731144,0.13344698,0.0,0.0,0.0,0.0,0.0,0.0,0.0,0.0
1,2,0.18747942,0.25511566,0.36422682,0.059731144,0.13344698,0.0,0.0,0.0,0.0,0.0,0.0,0.0,0.0
1,2,0.18747942,0.25511566,0.36422682,0.059731144,0.13344698,0.0,0.0,0.0,0.0,0.0,0.0,0.0,0.0
1,2,0.18747942,0.25511566,0.36422682,0.059731144,0.13344698,0.0,0.0,0.0,0.0,0.0,0.0,0.0,0.0
1,2,0.18747942,0.25511566,0.36422682,0.059731144,0.13344698,0.0,0.0,0.0,0.0,0.0,0.0,0.0,0.0
1,2,0.18747942,0.25511566,0.36422682,0.059731144,0.13344698,0.0,0.0,0.0,0.0,0.0,0.0,0.0,0.0
1,2,0.18747942,0.25511566,0.36422682,0.059731144,0.13344698,0.0,0.0,0.0,0.0,0.0,0.0,0.0,0.0
1,2,0.18747942,0.25511566,0.36422682,0.059731144,0.13344698,0.0,0.0,0.0,0.0,0.0,0.0,0.0,0.0
1,2,0.18747942,0.25511566,0.36422682,0.059731144,0.13344698,0.0,0.0,0.0,0.0,0.0,0.0,0.0,0.0
1,2,0.18747942,0.25511566,0.36422682,0.059731144,0.13344698,0.0,0.0,0.0,0.0,0.0,0.0,0.0,0.0
1,2,0.18747942,0.25511566,0.36422682,0.059731144,0.13344698,0.0,0.0,0.0,0.0,0.0,0.0,0.0,0.0
1,2,0.18747942,0.25511566,0.36422682,0.059731144,0.13344698,0.0,0.0,0.0,0.0,0.0,0.0,0.0,0.0
1,2,0.18747942,0.25511566,0.36422682,0.059731144,0.13344698,0.0,0.0,0.0,0.0,0.0,0.0,0.0,0.0
1,2,0.18747942,0.25511566,0.36422682,0.059731144,0.13344698,0.0,0.0,0.0,0.0,0.0,0.0,0.0,0.0
1,2,0.18747942,0.25511566,0.36422682,0.059731144,0.13344698,0.0,0.0,0.0,0.0,0.0,0.0,0.0,0.0
1,2,0.18747942,0.25511566,0.36422682,0.059731144,0.13344698,0.0,0.0,0.0,0.0,0.0,0.0,0.0,0.0
1,2,0.18747942,0.25511566,0.36422682,0.059731144,0.13344698,0.0,0.0,0.0,0.0,0.0,0.0,0.0,0.0
1,2,0.18747942,0.25511566,0.36422682,0.059731144,0.13344698,0.0,0.0,0.0,0.0,0.0,0.0,0.0,0.0
1,2,0.18747942,0.25511566,0.36422682,0.059731144,0.13344698,0.0,0.0,0.0,0.0,0.0,0.0,0.0,0.0
1,2,0.18747942,0.25511566,0.36422682,0.059731144,0.13344698,0.0,0.0,0.0,0.0,0.0,0.0,0.0,0.0
1,2,0.18747942,0.25511566,0.36422682,0.059731144,0.13344698,0.0,0.0,0.0,0.0,0.0,0.0,0.0,0.0
1,2,0.18747942,0.25511566,0.36422682,0.059731144,0.13344698,0.0,0.0,0.0,0.0,0.0,0.0,0.0,0.0
1,2,0.18747942,0.25511566,0.36422682,0.059731144,0.13344698,0.0,0.0,0.0,0.0,0.0,0.0,0.0,0.0
1,2,0.18747942,0.25511566,0.36422682,0.059731144,0.13344698,0.0,0.0,0.0,0.0,0.0,0.0,0.0,0.0
1,2,0.18747942,0.25511566,0.36422682,0.059731144,0.13344698,0.0,0.0,0.0,0.0,0.0,0.0,0.0,0.0
1,2,0.18747942,0.25511566,0.36422682,0.059731144,0.13344698,0.0,0.0,0.0,0.0,0.0,0.0,0.0,0.0
1,2,0.18747942,0.25511566,0.36422682,0.059731144,0.13344698,0.0,0.0,0.0,0.0,0.0,0.0,0.0,0.0
1,2,0.18747942,0.25511566,0.36422682,0.059731144,0.13344698,0.0,0.0,0.0,0.0,0.0,0.0,0.0,0.0
1,2,0.18747942,0.25511566,0.36422682,0.059731144,0.13344698,0.0,0.0,0.0,0.0,0.0,0.0,0.0,0.0
1,2,0.18747942,0.25511566,0.36422682,0.059731144,0.13344698,0.0,0.0,0.0,0.0,0.0,0.0,0.0,0.0
1,2,0.18747942,0.25511566,0.36422682,0.059731144,0.13344698,0.0,0.0,0.0,0.0,0.0,0.0,0.0,0.0
1,2,0.18747942,0.25511566,0.36422682,0.059731144,0.13344698,0.0,0.0,0.0,0.0,0.0,0.0,0.0,0.0
1,2,0.18747942,0.25511566,0.36422682,0.059731144,0.13344698,0.0,0.0,0.0,0.0,0.0,0.0,0.0,0.0
1,2,0.18747942,0.25511566,0.36422682,0.059731144,0.13344698,0.0,0.0,0.0,0.0,0.0,0.0,0.0,0.0
1,2,0.18747942,0.25511566,0.36422682,0.059731144,0.13344698,0.0,0.0,0.0,0.0,0.0,0.0,0.0,0.0
1,2,0.18747942,0.25511566,0.36422682,0.059731144,0.13344698,0.0,0.0,0.0,0.0,0.0,0.0,0.0,0.0
1,2,0.18747942,0.25511566,0.36422682,0.059731144,0.13344698,0.0,0.0,0.0,0.0,0.0,0.0,0.0,0.0
1,2,0.18747942,0.25511566,0.36422682,0.059731144,0.13344698,0.0,0.0,0.0,0.0,0.0,0.0,0.0,0.0
1,2,0.18747942,0.25511566,0.36422682,0.059731144,0.13344698,0.0,0.0,0.0,0.0,0.0,0.0,0.0,0.0
1,2,0.18747942,0.25511566,0.36422682,0.059731144,0.13344698,0.0,0.0,0.0,0.0,0.0,0.0,0.0,0.0
1,2,0.18747942,0.25511566,0.36422682,0.059731144,0.13344698,0.0,0.0,0.0,0.0,0.0,0.0,0.0,0.0
1,2,0.18747942,0.25511566,0.36422682,0.059731144,0.13344698,0.0,0.0,0.0,0.0,0.0,0.0,0.0,0.0
1,2,0.18747942,0.25511566,0.36422682,0.059731144,0.13344698,0.0,0.0,0.0,0.0,0.0,0.0,0.0,0.0
1,2,0.18747942,0.25511566,0.36422682,0.059731144,0.13344698,0.0,0.0,0.0,0.0,0.0,0.0,0.0,0.0
1,2,0.18747942,0.25511566,0.36422682,0.059731144,0.13344698,0.0,0.0,0.0,0.0,0.0,0.0,0.0,0.0
1,2,0.18747942,0.19821435,0.36422685,0.11663244,0.13344699,0.0,0.0,0.0,0.0,0.0,0.0,0.0,0.0
1,2,0.18747942,0.19821435,0.36422685,0.11663244,0.13344699,0.0,0.0,0.0,0.0,0.0,0.0,0.0,0.0
1,2,0.18747942,0.19821435,0.36422685,0.11663244,0.13344699,0.0,0.0,0.0,0.0,0.0,0.0,0.0,0.0
1,2,0.18747942,0.19821435,0.36422685,0.11663244,0.13344699,0.0,0.0,0.0,0.0,0.0,0.0,0.0,0.0
1,2,0.18747942,0.19821435,0.36422685,0.11663244,0.13344699,0.0,0.0,0.0,0.0,0.0,0.0,0.0,0.0
1,2,0.18747942,0.19821435,0.36422685,0.11663244,0.13344699,0.0,0.0,0.0,0.0,0.0,0.0,0.0,0.0
1,2,0.18747942,0.19821435,0.36422685,0.11663244,0.13344699,0.0,0.0,0.0,0.0,0.0,0.0,0.0,0.0
1,2,0.18747942,0.19821435,0.36422685,0.11663244,0.13344699,0.0,0.0,0.0,0.0,0.0,0.0,0.0,0.0
1,2,0.18747942,0.19821435,0.36422685,0.11663244,0.13344699,0.0,0.0,0.0,0.0,0.0,0.0,0.0,0.0
1,2,0.18747942,0.19821435,0.36422685,0.11663244,0.13344699,0.0,0.0,0.0,0.0,0.0,0.0,0.0,0.0
1,2,0.18747942,0.19821435,0.36422685,0.11663244,0.13344699,0.0,0.0,0.0,0.0,0.0,0.0,0.0,0.0
1,2,0.18747942,0.19821435,0.36422685,0.11663244,0.13344699,0.0,0.0,0.0,0.0,0.0,0.0,0.0,0.0
1,2,0.18747942,0.19821435,0.36422685,0.11663244,0.13344699,0.0,0.0,0.0,0.0,0.0,0.0,0.0,0.0
1,2,0.18747942,0.19821435,0.36422685,0.11663244,0.13344699,0.0,0.0,0.0,0.0,0.0,0.0,0.0,0.0
1,2,0.18747942,0.19821435,0.36422685,0.11663244,0.13344699,0.0,0.0,0.0,0.0,0.0,0.0,0.0,0.0
1,2,0.18747942,0.19821435,0.36422685,0.11663244,0.13344699,0.0,0.0,0.0,0.0,0.0,0.0,0.0,0.0
1,2,0.18747942,0.19821435,0.36422685,0.11663244,0.13344699,0.0,0.0,0.0,0.0,0.0,0.0,0.0,0.0
1,2,0.18747942,0.19821435,0.36422685,0.11663244,0.13344699,0.0,0.0,0.0,0.0,0.0,0.0,0.0,0.0
1,2,0.18747942,0.19821435,0.36422685,0.11663244,0.13344699,0.0,0.0,0.0,0.0,0.0,0.0,0.0,0.0
1,2,0.18747942,0.19821435,0.36422685,0.11663244,0.13344699,0.0,0.0,0.0,0.0,0.0,0.0,0.0,0.0
1,2,0.18747942,0.19821435,0.36422685,0.11663244,0.13344699,0.0,0.0,0.0,0.0,0.0,0.0,0.0,0.0
1,2,0.18747942,0.19821435,0.36422685,0.11663244,0.13344699,0.0,0.0,0.0,0.0,0.0,0.0,0.0,0.0
1,2,0.18747942,0.19821435,0.36422685,0.11663244,0.13344699,0.0,0.0,0.0,0.0,0.0,0.0,0.0,0.0
1,2,0.18747942,0.19821435,0.36422685,0.11663244,0.13344699,0.0,0.0,0.0,0.0,0.0,0.0,0.0,0.0
1,2,0.18747942,0.19821435,0.36422685,0.11663244,0.13344699,0.0,0.0,0.0,0.0,0.0,0.0,0.0,0.0
1,2,0.18747942,0.19821435,0.36422685,0.11663244,0.13344699,0.0,0.0,0.0,0.0,0.0,0.0,0.0,0.0
1,2,0.18747942,0.19821435,0.36422685,0.11663244,0.13344699,0.0,0.0,0.0,0.0,0.0,0.0,0.0,0.0
1,2,0.18747942,0.19821435,0.36422685,0.11663244,0.13344699,0.0,0.0,0.0,0.0,0.0,0.0,0.0,0.0
1,2,0.18194243,0.13616785,0.36422682,0.18421593,0.13344698,0.0,0.0,0.0,0.0,0.0,0.0,0.0,0.0
1,2,0.18194243,0.13616785,0.36422682,0.18421593,0.13344698,0.0,0.0,0.0,0.0,0.0,0.0,0.0,0.0
1,2,0.18194243,0.13616785,0.36422682,0.18421593,0.13344698,0.0,0.0,0.0,0.0,0.0,0.0,0.0,0.0
1,2,0.18194243,0.13616785,0.36422682,0.18421593,0.13344698,0.0,0.0,0.0,0.0,0.0,0.0,0.0,0.0
1,2,0.18194243,0.13616785,0.36422682,0.18421593,0.13344698,0.0,0.0,0.0,0.0,0.0,0.0,0.0,0.0
1,2,0.18194243,0.13616785,0.36422682,0.18421593,0.13344698,0.0,0.0,0.0,0.0,0.0,0.0,0.0,0.0
1,2,0.18194243,0.13616785,0.36422682,0.18421593,0.13344698,0.0,0.0,0.0,0.0,0.0,0.0,0.0,0.0
1,2,0.18194243,0.13616785,0.36422682,0.18421593,0.13344698,0.0,0.0,0.0,0.0,0.0,0.0,0.0,0.0
1,2,0.18194243,0.13616785,0.36422682,0.18421593,0.13344698,0.0,0.0,0.0,0.0,0.0,0.0,0.0,0.0
1,2,0.18194243,0.13616785,0.36422682,0.18421593,0.13344698,0.0,0.0,0.0,0.0,0.0,0.0,0.0,0.0
1,2,0.18194243,0.13616785,0.36422682,0.18421593,0.13344698,0.0,0.0,0.0,0.0,0.0,0.0,0.0,0.0
1,2,0.18194243,0.13616785,0.36422682,0.18421593,0.13344698,0.0,0.0,0.0,0.0,0.0,0.0,0.0,0.0
1,2,0.18194243,0.13616785,0.36422682,0.18421593,0.13344698,0.0,0.0,0.0,0.0,0.0,0.0,0.0,0.0
1,2,0.18194243,0.13616785,0.36422682,0.18421593,0.13344698,0.0,0.0,0.0,0.0,0.0,0.0,0.0,0.0
1,2,0.18194243,0.13616785,0.36422682,0.18421593,0.13344698,0.0,0.0,0.0,0.0,0.0,0.0,0.0,0.0
1,2,0.18194243,0.13616785,0.36422682,0.18421593,0.13344698,0.0,0.0,0.0,0.0,0.0,0.0,0.0,0.0
1,2,0.18194243,0.13616785,0.36422682,0.18421593,0.13344698,0.0,0.0,0.0,0.0,0.0,0.0,0.0,0.0
1,2,0.18194243,0.13616785,0.36422682,0.18421593,0.13344698,0.0,0.0,0.0,0.0,0.0,0.0,0.0,0.0
1,2,0.18194243,0.13616785,0.36422682,0.18421593,0.13344698,0.0,0.0,0.0,0.0,0.0,0.0,0.0,0.0
1,2,0.18194243,0.13616785,0.36422682,0.18421593,0.13344698,0.0,0.0,0.0,0.0,0.0,0.0,0.0,0.0
1,2,0.18194243,0.13616785,0.36422682,0.18421593,0.13344698,0.0,0.0,0.0,0.0,0.0,0.0,0.0,0.0
1,2,0.18194243,0.13616785,0.36422682,0.18421593,0.13344698,0.0,0.0,0.0,0.0,0.0,0.0,0.0,0.0
1,2,0.18194243,0.13616785,0.36422682,0.18421593,0.13344698,0.0,0.0,0.0,0.0,0.0,0.0,0.0,0.0
1,2,0.18194243,0.13616785,0.36422682,0.18421593,0.13344698,0.0,0.0,0.0,0.0,0.0,0.0,0.0,0.0
1,2,0.18194243,0.13616785,0.36422682,0.18421593,0.13344698,0.0,0.0,0.0,0.0,0.0,0.0,0.0,0.0
1,2,0.18194243,0.13616785,0.36422682,0.18421593,0.13344698,0.0,0.0,0.0,0.0,0.0,0.0,0.0,0.0
1,2,0.18194243,0.13616785,0.36422682,0.18421593,0.13344698,0.0,0.0,0.0,0.0,0.0,0.0,0.0,0.0
1,2,0.18194243,0.13616785,0.36422682,0.18421593,0.13344698,0.0,0.0,0.0,0.0,0.0,0.0,0.0,0.0
1,2,0.18194243,0.13616785,0.36422682,0.18421593,0.13344698,0.0,0.0,0.0,0.0,0.0,0.0,0.0,0.0
1,2,0.18194243,0.13616785,0.36422682,0.18421593,0.13344698,0.0,0.0,0.0,0.0,0.0,0.0,0.0,0.0
1,2,0.18194243,0.13616785,0.36422682,0.18421593,0.13344698,0.0,0.0,0.0,0.0,0.0,0.0,0.0,0.0
1,2,0.18194243,0.13616785,0.36422682,0.18421593,0.13344698,0.0,0.0,0.0,0.0,0.0,0.0,0.0,0.0
1,2,0.18194243,0.13616785,0.36422682,0.18421593,0.13344698,0.0,0.0,0.0,0.0,0.0,0.0,0.0,0.0
1,2,0.18194243,0.13616785,0.36422682,0.18421593,0.13344698,0.0,0.0,0.0,0.0,0.0,0.0,0.0,0.0
1,2,0.18194243,0.13616785,0.36422682,0.18421593,0.13344698,0.0,0.0,0.0,0.0,0.0,0.0,0.0,0.0
1,2,0.18194243,0.13616785,0.36422682,0.18421593,0.13344698,0.0,0.0,0.0,0.0,0.0,0.0,0.0,0.0
1,2,0.25275233,0.06535795,0.36422682,0.18421593,0.13344698,0.0,0.0,0.0,0.0,0.0,0.0,0.0,0.0
1,2,0.25275233,0.06535795,0.36422682,0.18421593,0.13344698,0.0,0.0,0.0,0.0,0.0,0.0,0.0,0.0
1,2,0.25275233,0.06535795,0.36422682,0.18421593,0.13344698,0.0,0.0,0.0,0.0,0.0,0.0,0.0,0.0
1,2,0.25275233,0.06535795,0.36422682,0.18421593,0.13344698,0.0,0.0,0.0,0.0,0.0,0.0,0.0,0.0
1,2,0.25275233,0.06535795,0.36422682,0.18421593,0.13344698,0.0,0.0,0.0,0.0,0.0,0.0,0.0,0.0
1,2,0.25275233,0.06535795,0.36422682,0.18421593,0.13344698,0.0,0.0,0.0,0.0,0.0,0.0,0.0,0.0
1,2,0.25275233,0.06535795,0.36422682,0.18421593,0.13344698,0.0,0.0,0.0,0.0,0.0,0.0,0.0,0.0
1,2,0.32100934,0.06535795,0.36422685,0.18421593,0.06518999,0.0,0.0,0.0,0.0,0.0,0.0,0.0,0.0
1,2,0.32100934,0.06535795,0.36422685,0.18421593,0.06518999,0.0,0.0,0.0,0.0,0.0,0.0,0.0,0.0
1,2,0.32100934,0.06535795,0.36422685,0.18421593,0.06518999,0.0,0.0,0.0,0.0,0.0,0.0,0.0,0.0
1,2,0.32100934,0.06535795,0.36422685,0.18421593,0.06518999,0.0,0.0,0.0,0.0,0.0,0.0,0.0,0.0
1,2,0.32100934,0.06535795,0.36422685,0.18421593,0.06518999,0.0,0.0,0.0,0.0,0.0,0.0,0.0,0.0
1,2,0.32100934,0.06535795,0.36422685,0.18421593,0.06518999,0.0,0.0,0.0,0.0,0.0,0.0,0.0,0.0
1,2,0.32100934,0.06535795,0.36422685,0.18421593,0.06518999,0.0,0.0,0.0,0.0,0.0,0.0,0.0,0.0
1,2,0.32100934,0.06535795,0.36422685,0.18421593,0.06518999,0.0,0.0,0.0,0.0,0.0,0.0,0.0,0.0
1,2,0.32100934,0.06535795,0.36422685,0.18421593,0.06518999,0.0,0.0,0.0,0.0,0.0,0.0,0.0,0.0
1,2,0.32100934,0.06535795,0.36422685,0.18421593,0.0,0.0,0.0,0.0,0.0,0.0,0.06518999,0.0,0.0
1,0,0.38227373,0.06535795,0.30296245,0.18421593,0.0,0.0,0.0,0.0,0.0,0.0,0.06518999,0.0,0.0
1,0,0.38227373,0.06535795,0.30296245,0.18421593,0.0,0.0,0.0,0.0,0.0,0.0,0.06518999,0.0,0.0
1,0,0.38227373,0.06535795,0.30296245,0.18421593,0.0,0.0,0.0,0.0,0.0,0.0,0.06518999,0.0,0.0
1,0,0.38227373,0.06535795,0.30296245,0.18421593,0.0,0.0,0.0,0.0,0.0,0.0,0.06518999,0.0,0.0
1,0,0.38227373,0.06535795,0.30296245,0.18421593,0.0,0.0,0.0,0.0,0.0,0.0,0.06518999,0.0,0.0
1,0,0.38227373,0.06535795,0.30296245,0.18421593,0.0,0.0,0.0,0.0,0.0,0.0,0.06518999,0.0,0.0
1,0,0.38227373,0.06535795,0.30296245,0.18421593,0.0,0.0,0.0,0.0,0.0,0.0,0.06518999,0.0,0.0
1,0,0.38227373,0.06535795,0.30296245,0.18421593,0.0,0.0,0.0,0.0,0.0,0.0,0.06518999,0.0,0.0
1,0,0.38227373,0.06535795,0.30296245,0.18421593,0.0,0.0,0.0,0.0,0.0,0.0,0.06518999,0.0,0.0
1,0,0.38227373,0.06535795,0.30296245,0.18421593,0.0,0.0,0.0,0.0,0.0,0.0,0.06518999,0.0,0.0
1,0,0.38227373,0.06535795,0.30296245,0.18421593,0.0,0.0,0.0,0.0,0.0,0.0,0.06518999,0.0,0.0
1,0,0.38227373,0.06535795,0.30296245,0.18421593,0.0,0.0,0.0,0.0,0.0,0.0,0.06518999,0.0,0.0
1,0,0.38227373,0.06535795,0.30296245,0.18421593,0.0,0.0,0.0,0.0,0.0,0.0,0.06518999,0.0,0.0
1,0,0.38227373,0.06535795,0.30296245,0.18421593,0.0,0.0,0.0,0.0,0.0,0.0,0.06518999,0.0,0.0
1,0,0.38227373,0.06535795,0.30296245,0.18421593,0.0,0.0,0.0,0.0,0.0,0.0,0.06518999,0.0,0.0
1,0,0.38227373,0.06535795,0.30296245,0.18421593,0.0,0.0,0.0,0.0,0.0,0.0,0.06518999,0.0,0.0
1,0,0.38227373,0.06535795,0.30296245,0.18421593,0.0,0.0,0.0,0.0,0.0,0.0,0.06518999,0.0,0.0
1,0,0.38227373,0.06535795,0.30296245,0.18421593,0.0,0.0,0.0,0.0,0.0,0.0,0.06518999,0.0,0.0
1,0,0.38227373,0.06535795,0.30296245,0.18421593,0.0,0.0,0.0,0.0,0.0,0.0,0.06518999,0.0,0.0
1,0,0.38227373,0.06535795,0.30296245,0.18421593,0.0,0.0,0.0,0.0,0.0,0.0,0.06518999,0.0,0.0
1,0,0.38227373,0.06535795,0.30296245,0.18421593,0.0,0.0,0.0,0.0,0.0,0.0,0.06518999,0.0,0.0
1,0,0.4476317,0.0,0.30296245,0.18421593,0.0,0.0,0.0,0.0,0.0,0.0,0.06518999,0.0,0.0
1,0,0.4476317,0.0,0.30296245,0.18421593,0.0,0.0,0.0,0.0,0.0,0.0,0.06518999,0.0,0.0
1,0,0.4476317,0.0,0.30296245,0.18421593,0.0,0.0,0.0,0.0,0.0,0.0,0.06518999,0.0,0.0
1,0,0.4476317,0.0,0.30296245,0.18421593,0.0,0.0,0.0,0.0,0.0,0.0,0.06518999,0.0,0.0
1,0,0.4476317,0.0,0.30296245,0.18421593,0.0,0.0,0.0,0.0,0.0,0.0,0.06518999,0.0,0.0
1,0,0.4476317,0.0,0.30296245,0.18421593,0.0,0.0,0.0,0.0,0.0,0.0,0.06518999,0.0,0.0
1,0,0.4476317,0.0,0.30296245,0.18421593,0.0,0.0,0.0,0.0,0.0,0.0,0.06518999,0.0,0.0
1,0,0.4476317,0.0,0.30296245,0.18421593,0.0,0.0,0.0,0.0,0.0,0.0,0.06518999,0.0,0.0
1,0,0.4476317,0.0,0.30296245,0.18421593,0.0,0.0,0.0,0.0,0.0,0.0,0.06518999,0.0,0.0
1,0,0.4476317,0.0,0.30296245,0.18421593,0.0,0.0,0.0,0.0,0.0,0.0,0.06518999,0.0,0.0
1,0,0.5105514,0.0,0.24004275,0.18421593,0.0,0.0,0.0,0.0,0.0,0.0,0.06518999,0.0,0.0
1,0,0.5105514,0.0,0.24004275,0.18421593,0.0,0.0,0.0,0.0,0.0,0.0,0.06518999,0.0,0.0
1,0,0.5105514,0.0,0.24004275,0.18421593,0.0,0.0,0.0,0.0,0.0,0.0,0.06518999,0.0,0.0
1,0,0.5105514,0.0,0.24004275,0.18421593,0.0,0.0,0.0,0.0,0.0,0.0,0.06518999,0.0,0.0
1,0,0.5105514,0.0,0.24004275,0.18421593,0.0,0.0,0.0,0.0,0.0,0.0,0.06518999,0.0,0.0
1,0,0.5105514,0.0,0.24004275,0.18421593,0.0,0.0,0.0,0.0,0.0,0.0,0.06518999,0.0,0.0
1,0,0.5105514,0.0,0.24004275,0.18421593,0.0,0.0,0.0,0.0,0.0,0.0,0.06518999,0.0,0.0
1,0,0.5105514,0.0,0.24004275,0.18421593,0.0,0.0,0.0,0.0,0.0,0.0,0.06518999,0.0,0.0
1,0,0.5105514,0.0,0.24004275,0.18421593,0.0,0.0,0.0,0.0,0.0,0.0,0.06518999,0.0,0.0
1,0,0.5105514,0.0,0.24004275,0.18421593,0.0,0.0,0.0,0.0,0.0,0.0,0.06518999,0.0,0.0
1,0,0.5105514,0.0,0.24004275,0.18421593,0.0,0.0,0.0,0.0,0.0,0.0,0.06518999,0.0,0.0
1,0,0.5105514,0.0,0.24004275,0.18421593,0.0,0.0,0.0,0.0,0.0,0.0,0.06518999,0.0,0.0
1,0,0.5105514,0.0,0.24004275,0.18421593,0.0,0.0,0.0,0.0,0.0,0.0,0.06518999,0.0,0.0
1,0,0.5105514,0.0,0.24004275,0.18421593,0.0,0.0,0.0,0.0,0.0,0.0,0.06518999,0.0,0.0
1,0,0.5105514,0.0,0.24004275,0.18421593,0.0,0.0,0.0,0.0,0.0,0.0,0.06518999,0.0,0.0
1,0,0.5105514,0.0,0.24004275,0.18421593,0.0,0.0,0.0,0.0,0.0,0.0,0.06518999,0.0,0.0
1,0,0.566981,0.065063626,0.11854952,0.18421593,0.0,0.0,0.0,0.0,0.0,0.0,0.06518999,0.0,0.0
1,0,0.566981,0.065063626,0.11854952,0.18421593,0.0,0.0,0.0,0.0,0.0,0.0,0.06518999,0.0,0.0
1,0,0.566981,0.065063626,0.11854952,0.18421593,0.0,0.0,0.0,0.0,0.0,0.0,0.06518999,0.0,0.0
1,0,0.566981,0.065063626,0.11854952,0.18421593,0.0,0.0,0.0,0.0,0.0,0.0,0.06518999,0.0,0.0
1,0,0.566981,0.065063626,0.11854952,0.18421593,0.0,0.0,0.0,0.0,0.0,0.0,0.06518999,0.0,0.0
1,0,0.566981,0.065063626,0.11854952,0.18421593,0.0,0.0,0.0,0.0,0.0,0.0,0.06518999,0.0,0.0
1,0,0.566981,0.065063626,0.11854952,0.18421593,0.0,0.0,0.0,0.0,0.0,0.0,0.06518999,0.0,0.0
1,0,0.566981,0.065063626,0.11854952,0.18421593,0.0,0.0,0.0,0.0,0.0,0.0,0.06518999,0.0,0.0
1,0,0.50162303,0.13042158,0.11854952,0.18421593,0.0,0.0,0.0,0.0,0.0,0.0,0.06518999,0.0,0.0
1,0,0.50162303,0.13042158,0.11854952,0.18421593,0.0,0.0,0.0,0.0,0.0,0.0,0.06518999,0.0,0.0
1,0,0.50162303,0.13042158,0.11854952,0.18421593,0.0,0.0,0.0,0.0,0.0,0.0,0.06518999,0.0,0.0
1,0,0.50162303,0.13042158,0.11854952,0.18421593,0.0,0.0,0.0,0.0,0.0,0.0,0.06518999,0.0,0.0
1,0,0.50162303,0.13042158,0.11854952,0.18421593,0.0,0.0,0.0,0.0,0.0,0.0,0.06518999,0.0,0.0
1,0,0.50162303,0.13042158,0.11854952,0.18421593,0.0,0.0,0.0,0.0,0.0,0.0,0.06518999,0.0,0.0
1,0,0.50162303,0.13042158,0.11854952,0.18421593,0.0,0.0,0.0,0.0,0.0,0.0,0.06518999,0.0,0.0
1,0,0.50162303,0.13042158,0.11854952,0.18421593,0.0,0.0,0.0,0.0,0.0,0.0,0.06518999,0.0,0.0
1,0,0.50162303,0.13042158,0.11854952,0.18421593,0.0,0.0,0.0,0.0,0.0,0.0,0.06518999,0.0,0.0
1,0,0.50162303,0.13042158,0.11854952,0.18421593,0.0,0.0,0.0,0.0,0.0,0.0,0.06518999,0.0,0.0
1,0,0.50162303,0.13042158,0.11854952,0.18421593,0.0,0.0,0.0,0.0,0.0,0.0,0.06518999,0.0,0.0
1,0,0.50162303,0.13042158,0.11854952,0.18421593,0.0,0.0,0.0,0.0,0.0,0.0,0.06518999,0.0,0.0
1,0,0.50162303,0.13042158,0.11854952,0.18421593,0.0,0.0,0.0,0.0,0.0,0.0,0.06518999,0.0,0.0
1,0,0.50162303,0.13042158,0.11854952,0.18421593,0.0,0.0,0.0,0.0,0.0,0.0,0.06518999,0.0,0.0
1,0,0.50162303,0.13042158,0.11854952,0.18421593,0.0,0.0,0.0,0.0,0.0,0.0,0.06518999,0.0,0.0
1,0,0.50162303,0.13042158,0.11854952,0.18421593,0.0,0.0,0.0,0.0,0.0,0.0,0.06518999,0.0,0.0
1,0,0.50162303,0.13042158,0.11854952,0.18421593,0.0,0.0,0.0,0.0,0.0,0.0,0.06518999,0.0,0.0
1,0,0.50162303,0.13042158,0.11854952,0.18421593,0.0,0.0,0.0,0.0,0.0,0.0,0.06518999,0.0,0.0
1,0,0.50162303,0.13042158,0.11854952,0.18421593,0.0,0.0,0.0,0.0,0.0,0.0,0.06518999,0.0,0.0
1,0,0.50162303,0.13042158,0.11854952,0.18421593,0.0,0.0,0.0,0.0,0.0,0.0,0.06518999,0.0,0.0
1,0,0.50162303,0.13042158,0.11854952,0.18421593,0.0,0.0,0.0,0.0,0.0,0.0,0.06518999,0.0,0.0
1,0,0.50162303,0.13042158,0.11854952,0.18421593,0.0,0.0,0.0,0.0,0.0,0.0,0.06518999,0.0,0.0
1,0,0.50162303,0.13042158,0.11854952,0.18421593,0.0,0.0,0.0,0.0,0.0,0.0,0.06518999,0.0,0.0
1,0,0.50162303,0.13042158,0.11854952,0.18421593,0.0,0.0,0.0,0.0,0.0,0.0,0.06518999,0.0,0.0
1,0,0.50162303,0.13042158,0.11854952,0.18421593,0.0,0.0,0.0,0.0,0.0,0.0,0.06518999,0.0,0.0
1,0,0.50162303,0.13042158,0.11854952,0.18421593,0.0,0.0,0.0,0.0,0.0,0.0,0.06518999,0.0,0.0
1,0,0.50162303,0.13042158,0.11854952,0.18421593,0.0,0.0,0.0,0.0,0.0,0.0,0.06518999,0.0,0.0
1,0,0.50162303,0.13042158,0.11854952,0.18421593,0.0,0.0,0.0,0.0,0.0,0.0,0.06518999,0.0,0.0
1,0,0.50162303,0.13042158,0.11854952,0.18421593,0.0,0.0,0.0,0.0,0.0,0.0,0.06518999,0.0,0.0
1,0,0.50162303,0.13042158,0.11854952,0.18421593,0.0,0.0,0.0,0.0,0.0,0.0,0.06518999,0.0,0.0
1,0,0.50162303,0.13042158,0.11854952,0.18421593,0.0,0.0,0.0,0.0,0.0,0.0,0.06518999,0.0,0.0
1,0,0.50162303,0.13042158,0.11854952,0.18421593,0.0,0.0,0.0,0.0,0.0,0.0,0.06518999,0.0,0.0
1,0,0.50162303,0.13042158,0.11854952,0.18421593,0.0,0.0,0.0,0.0,0.0,0.0,0.06518999,0.0,0.0
1,0,0.50162303,0.13042158,0.11854952,0.18421593,0.0,0.0,0.0,0.0,0.0,0.0,0.06518999,0.0,0.0
1,0,0.50162303,0.13042158,0.11854952,0.18421593,0.0,0.0,0.0,0.0,0.0,0.0,0.06518999,0.0,0.0
1,0,0.50162303,0.13042158,0.11854952,0.18421593,0.0,0.0,0.0,0.0,0.0,0.0,0.06518999,0.0,0.0
1,0,0.50162303,0.13042158,0.11854952,0.18421593,0.0,0.0,0.0,0.0,0.0,0.0,0.06518999,0.0,0.0
1,0,0.50162303,0.13042158,0.11854952,0.18421593,0.0,0.0,0.0,0.0,0.0,0.0,0.06518999,0.0,0.0
1,0,0.50162303,0.13042158,0.11854952,0.18421593,0.0,0.0,0.0,0.0,0.0,0.0,0.06518999,0.0,0.0
1,0,0.50162303,0.13042158,0.11854952,0.18421593,0.0,0.0,0.0,0.0,0.0,0.0,0.06518999,0.0,0.0
1,0,0.50162303,0.13042158,0.11854952,0.18421593,0.0,0.0,0.0,0.0,0.0,0.0,0.06518999,0.0,0.0
1,0,0.50162303,0.13042158,0.11854952,0.18421593,0.0,0.0,0.0,0.0,0.0,0.0,0.06518999,0.0,0.0
1,0,0.50162303,0.13042158,0.11854952,0.18421593,0.0,0.0,0.0,0.0,0.0,0.0,0.06518999,0.0,0.0
1,0,0.50162303,0.13042158,0.11854952,0.18421593,0.0,0.0,0.0,0.0,0.0,0.0,0.06518999,0.0,0.0
1,0,0.50162303,0.13042158,0.11854952,0.18421593,0.0,0.0,0.0,0.0,0.0,0.0,0.06518999,0.0,0.0
1,0,0.50162303,0.13042158,0.11854952,0.18421593,0.0,0.0,0.0,0.0,0.0,0.0,0.06518999,0.0,0.0
1,0,0.50162303,0.13042158,0.11854952,0.18421593,0.0,0.0,0.0,0.0,0.0,0.0,0.06518999,0.0,0.0
1,0,0.50162303,0.13042158,0.11854952,0.18421593,0.0,0.0,0.0,0.0,0.0,0.0,0.06518999,0.0,0.0
1,0,0.50476646,0.19246808,0.11854952,0.18421593,0.0,0.0,0.0,0.0,0.0,0.0,0.0,0.0,0.0
1,0,0.50476646,0.19246808,0.11854952,0.18421593,0.0,0.0,0.0,0.0,0.0,0.0,0.0,0.0,0.0
1,0,0.50476646,0.19246808,0.11854952,0.18421593,0.0,0.0,0.0,0.0,0.0,0.0,0.0,0.0,0.0
1,0,0.50476646,0.19246808,0.11854952,0.18421593,0.0,0.0,0.0,0.0,0.0,0.0,0.0,0.0,0.0
1,0,0.50476646,0.19246808,0.11854952,0.18421593,0.0,0.0,0.0,0.0,0.0,0.0,0.0,0.0,0.0
1,0,0.50476646,0.19246808,0.11854952,0.18421593,0.0,0.0,0.0,0.0,0.0,0.0,0.0,0.0,0.0
1,0,0.50476646,0.19246808,0.11854952,0.18421593,0.0,0.0,0.0,0.0,0.0,0.0,0.0,0.0,0.0
1,0,0.50476646,0.19246808,0.11854952,0.18421593,0.0,0.0,0.0,0.0,0.0,0.0,0.0,0.0,0.0
1,0,0.50476646,0.2493694,0.11854952,0.12731464,0.0,0.0,0.0,0.0,0.0,0.0,0.0,0.0,0.0
1,0,0.50476646,0.2493694,0.11854952,0.12731464,0.0,0.0,0.0,0.0,0.0,0.0,0.0,0.0,0.0
1,0,0.50476646,0.2493694,0.11854952,0.12731464,0.0,0.0,0.0,0.0,0.0,0.0,0.0,0.0,0.0
1,0,0.50476646,0.2493694,0.11854952,0.12731464,0.0,0.0,0.0,0.0,0.0,0.0,0.0,0.0,0.0
1,0,0.50476646,0.2493694,0.11854952,0.12731464,0.0,0.0,0.0,0.0,0.0,0.0,0.0,0.0,0.0
1,0,0.50476646,0.2493694,0.11854952,0.12731464,0.0,0.0,0.0,0.0,0.0,0.0,0.0,0.0,0.0
1,0,0.50476646,0.2493694,0.11854952,0.12731464,0.0,0.0,0.0,0.0,0.0,0.0,0.0,0.0,0.0
1,0,0.50476646,0.2493694,0.11854952,0.12731464,0.0,0.0,0.0,0.0,0.0,0.0,0.0,0.0,0.0
1,0,0.50476646,0.2493694,0.11854952,0.12731464,0.0,0.0,0.0,0.0,0.0,0.0,0.0,0.0,0.0
1,0,0.50476646,0.2493694,0.11854952,0.12731464,0.0,0.0,0.0,0.0,0.0,0.0,0.0,0.0,0.0
1,0,0.50476646,0.2493694,0.11854952,0.12731464,0.0,0.0,0.0,0.0,0.0,0.0,0.0,0.0,0.0
1,0,0.50476646,0.2493694,0.11854952,0.12731464,0.0,0.0,0.0,0.0,0.0,0.0,0.0,0.0,0.0
1,0,0.57012445,0.18401143,0.11854952,0.12731464,0.0,0.0,0.0,0.0,0.0,0.0,0.0,0.0,0.0
1,0,0.57012445,0.18401143,0.11854952,0.12731464,0.0,0.0,0.0,0.0,0.0,0.0,0.0,0.0,0.0
1,0,0.57012445,0.18401143,0.11854952,0.12731464,0.0,0.0,0.0,0.0,0.0,0.0,0.0,0.0,0.0
1,0,0.57012445,0.18401143,0.11854952,0.12731464,0.0,0.0,0.0,0.0,0.0,0.0,0.0,0.0,0.0
1,0,0.57012445,0.18401143,0.11854952,0.12731464,0.0,0.0,0.0,0.0,0.0,0.0,0.0,0.0,0.0
1,0,0.57012445,0.18401143,0.11854952,0.12731464,0.0,0.0,0.0,0.0,0.0,0.0,0.0,0.0,0.0
1,0,0.57012445,0.18401143,0.11854952,0.12731464,0.0,0.0,0.0,0.0,0.0,0.0,0.0,0.0,0.0
1,0,0.57012445,0.18401143,0.11854952,0.12731464,0.0,0.0,0.0,0.0,0.0,0.0,0.0,0.0,0.0
1,0,0.57012445,0.18401143,0.11854952,0.12731464,0.0,0.0,0.0,0.0,0.0,0.0,0.0,0.0,0.0
1,0,0.57012445,0.18401143,0.11854952,0.12731464,0.0,0.0,0.0,0.0,0.0,0.0,0.0,0.0,0.0
1,0,0.57012445,0.18401143,0.11854952,0.12731464,0.0,0.0,0.0,0.0,0.0,0.0,0.0,0.0,0.0
1,0,0.57012445,0.18401143,0.11854952,0.12731464,0.0,0.0,0.0,0.0,0.0,0.0,0.0,0.0,0.0
1,0,0.57012445,0.18401143,0.11854952,0.12731464,0.0,0.0,0.0,0.0,0.0,0.0,0.0,0.0,0.0
1,0,0.57012445,0.18401143,0.11854952,0.12731464,0.0,0.0,0.0,0.0,0.0,0.0,0.0,0.0,0.0
1,0,0.57012445,0.18401143,0.11854952,0.12731464,0.0,0.0,0.0,0.0,0.0,0.0,0.0,0.0,0.0
1,0,0.57012445,0.18401143,0.11854952,0.12731464,0.0,0.0,0.0,0.0,0.0,0.0,0.0,0.0,0.0
1,0,0.57012445,0.18401143,0.11854952,0.12731464,0.0,0.0,0.0,0.0,0.0,0.0,0.0,0.0,0.0
1,0,0.57012445,0.18401143,0.11854952,0.12731464,0.0,0.0,0.0,0.0,0.0,0.0,0.0,0.0,0.0
1,0,0.57012445,0.18401143,0.11854952,0.12731464,0.0,0.0,0.0,0.0,0.0,0.0,0.0,0.0,0.0
1,0,0.57012445,0.18401143,0.11854952,0.12731464,0.0,0.0,0.0,0.0,0.0,0.0,0.0,0.0,0.0
1,0,0.57012445,0.18401143,0.11854952,0.12731464,0.0,0.0,0.0,0.0,0.0,0.0,0.0,0.0,0.0
1,0,0.57012445,0.18401143,0.11854952,0.12731464,0.0,0.0,0.0,0.0,0.0,0.0,0.0,0.0,0.0
1,0,0.57012445,0.18401143,0.11854952,0.12731464,0.0,0.0,0.0,0.0,0.0,0.0,0.0,0.0,0.0
1,0,0.57012445,0.18401143,0.11854952,0.12731464,0.0,0.0,0.0,0.0,0.0,0.0,0.0,0.0,0.0
1,0,0.57012445,0.18401143,0.11854952,0.12731464,0.0,0.0,0.0,0.0,0.0,0.0,0.0,0.0,0.0
1,0,0.57012445,0.18401143,0.11854952,0.12731464,0.0,0.0,0.0,0.0,0.0,0.0,0.0,0.0,0.0
1,0,0.6269214,0.18401143,0.061752506,0.12731463,0.0,0.0,0.0,0.0,0.0,0.0,0.0,0.0,0.0
1,0,0.6269214,0.18401143,0.061752506,0.12731463,0.0,0.0,0.0,0.0,0.0,0.0,0.0,0.0,0.0
1,0,0.6269214,0.18401143,0.061752506,0.12731463,0.0,0.0,0.0,0.0,0.0,0.0,0.0,0.0,0.0
1,0,0.6269214,0.18401143,0.061752506,0.12731463,0.0,0.0,0.0,0.0,0.0,0.0,0.0,0.0,0.0
1,0,0.6866526,0.18401143,0.06175251,0.067583494,0.0,0.0,0.0,0.0,0.0,0.0,0.0,0.0,0.0
1,0,0.6866526,0.18401143,0.06175251,0.067583494,0.0,0.0,0.0,0.0,0.0,0.0,0.0,0.0,0.0
1,0,0.6866526,0.18401143,0.06175251,0.067583494,0.0,0.0,0.0,0.0,0.0,0.0,0.0,0.0,0.0
1,0,0.6866526,0.18401143,0.06175251,0.067583494,0.0,0.0,0.0,0.0,0.0,0.0,0.0,0.0,0.0
1,0,0.6212946,0.2493694,0.06175251,0.067583494,0.0,0.0,0.0,0.0,0.0,0.0,0.0,0.0,0.0
1,0,0.6212946,0.2493694,0.06175251,0.067583494,0.0,0.0,0.0,0.0,0.0,0.0,0.0,0.0,0.0
1,0,0.6212946,0.2493694,0.06175251,0.067583494,0.0,0.0,0.0,0.0,0.0,0.0,0.0,0.0,0.0
1,0,0.6212946,0.2493694,0.06175251,0.067583494,0.0,0.0,0.0,0.0,0.0,0.0,0.0,0.0,0.0
1,0,0.6212946,0.2493694,0.06175251,0.067583494,0.0,0.0,0.0,0.0,0.0,0.0,0.0,0.0,0.0
1,0,0.6212946,0.2493694,0.06175251,0.067583494,0.0,0.0,0.0,0.0,0.0,0.0,0.0,0.0,0.0
1,0,0.6212946,0.2493694,0.06175251,0.067583494,0.0,0.0,0.0,0.0,0.0,0.0,0.0,0.0,0.0
1,0,0.6212946,0.2493694,0.06175251,0.067583494,0.0,0.0,0.0,0.0,0.0,0.0,0.0,0.0,0.0
1,0,0.6212946,0.2493694,0.06175251,0.067583494,0.0,0.0,0.0,0.0,0.0,0.0,0.0,0.0,0.0
1,0,0.6212946,0.2493694,0.06175251,0.067583494,0.0,0.0,0.0,0.0,0.0,0.0,0.0,0.0,0.0
1,0,0.6212946,0.2493694,0.06175251,0.067583494,0.0,0.0,0.0,0.0,0.0,0.0,0.0,0.0,0.0
1,0,0.6212946,0.2493694,0.06175251,0.067583494,0.0,0.0,0.0,0.0,0.0,0.0,0.0,0.0,0.0
1,0,0.6212946,0.2493694,0.06175251,0.067583494,0.0,0.0,0.0,0.0,0.0,0.0,0.0,0.0,0.0
1,0,0.6212946,0.2493694,0.06175251,0.067583494,0.0,0.0,0.0,0.0,0.0,0.0,0.0,0.0,0.0
1,0,0.6212946,0.2493694,0.06175251,0.067583494,0.0,0.0,0.0,0.0,0.0,0.0,0.0,0.0,0.0
1,0,0.6212946,0.2493694,0.06175251,0.067583494,0.0,0.0,0.0,0.0,0.0,0.0,0.0,0.0,0.0
1,0,0.6212946,0.2493694,0.06175251,0.067583494,0.0,0.0,0.0,0.0,0.0,0.0,0.0,0.0,0.0
1,0,0.6212946,0.2493694,0.06175251,0.067583494,0.0,0.0,0.0,0.0,0.0,0.0,0.0,0.0,0.0
1,0,0.6212946,0.2493694,0.06175251,0.067583494,0.0,0.0,0.0,0.0,0.0,0.0,0.0,0.0,0.0
1,0,0.6212946,0.2493694,0.06175251,0.067583494,0.0,0.0,0.0,0.0,0.0,0.0,0.0,0.0,0.0
1,0,0.6212946,0.2493694,0.06175251,0.067583494,0.0,0.0,0.0,0.0,0.0,0.0,0.0,0.0,0.0
1,0,0.6212946,0.2493694,0.06175251,0.067583494,0.0,0.0,0.0,0.0,0.0,0.0,0.0,0.0,0.0
1,0,0.6212946,0.2493694,0.06175251,0.067583494,0.0,0.0,0.0,0.0,0.0,0.0,0.0,0.0,0.0
1,0,0.6212946,0.2493694,0.06175251,0.067583494,0.0,0.0,0.0,0.0,0.0,0.0,0.0,0.0,0.0
1,0,0.6212946,0.2493694,0.06175251,0.067583494,0.0,0.0,0.0,0.0,0.0,0.0,0.0,0.0,0.0
1,0,0.6212946,0.2493694,0.06175251,0.067583494,0.0,0.0,0.0,0.0,0.0,0.0,0.0,0.0,0.0
1,0,0.6830471,0.24936937,0.0,0.06758349,0.0,0.0,0.0,0.0,0.0,0.0,0.0,0.0,0.0
1,0,0.6830471,0.24936937,0.0,0.06758349,0.0,0.0,0.0,0.0,0.0,0.0,0.0,0.0,0.0
1,0,0.6830471,0.24936937,0.0,0.06758349,0.0,0.0,0.0,0.0,0.0,0.0,0.0,0.0,0.0
1,0,0.6830471,0.24936937,0.0,0.06758349,0.0,0.0,0.0,0.0,0.0,0.0,0.0,0.0,0.0
1,0,0.6830471,0.24936937,0.0,0.06758349,0.0,0.0,0.0,0.0,0.0,0.0,0.0,0.0,0.0
1,0,0.6830471,0.24936937,0.0,0.06758349,0.0,0.0,0.0,0.0,0.0,0.0,0.0,0.0,0.0
1,0,0.6830471,0.24936937,0.0,0.06758349,0.0,0.0,0.0,0.0,0.0,0.0,0.0,0.0,0.0
1,0,0.6830471,0.24936937,0.0,0.06758349,0.0,0.0,0.0,0.0,0.0,0.0,0.0,0.0,0.0
1,0,0.6830471,0.24936937,0.0,0.06758349,0.0,0.0,0.0,0.0,0.0,0.0,0.0,0.0,0.0
1,0,0.6830471,0.24936937,0.0,0.06758349,0.0,0.0,0.0,0.0,0.0,0.0,0.0,0.0,0.0
1,0,0.6830471,0.24936937,0.0,0.06758349,0.0,0.0,0.0,0.0,0.0,0.0,0.0,0.0,0.0
1,0,0.6830471,0.24936937,0.0,0.06758349,0.0,0.0,0.0,0.0,0.0,0.0,0.0,0.0,0.0
1,0,0.6830471,0.24936937,0.0,0.06758349,0.0,0.0,0.0,0.0,0.0,0.0,0.0,0.0,0.0
1,0,0.6830471,0.24936937,0.0,0.06758349,0.0,0.0,0.0,0.0,0.0,0.0,0.0,0.0,0.0
1,0,0.6830471,0.24936937,0.0,0.06758349,0.0,0.0,0.0,0.0,0.0,0.0,0.0,0.0,0.0
1,0,0.6830471,0.24936937,0.0,0.06758349,0.0,0.0,0.0,0.0,0.0,0.0,0.0,0.0,0.0
1,0,0.6830471,0.24936937,0.0,0.06758349,0.0,0.0,0.0,0.0,0.0,0.0,0.0,0.0,0.0
1,0,0.6830471,0.24936937,0.0,0.06758349,0.0,0.0,0.0,0.0,0.0,0.0,0.0,0.0,0.0
1,0,0.6830471,0.24936937,0.0,0.06758349,0.0,0.0,0.0,0.0,0.0,0.0,0.0,0.0,0.0
1,0,0.6830471,0.24936937,0.0,0.06758349,0.0,0.0,0.0,0.0,0.0,0.0,0.0,0.0,0.0
1,0,0.6830471,0.24936937,0.0,0.06758349,0.0,0.0,0.0,0.0,0.0,0.0,0.0,0.0,0.0
1,0,0.6830471,0.24936937,0.0,0.06758349,0.0,0.0,0.0,0.0,0.0,0.0,0.0,0.0,0.0
1,0,0.6830471,0.24936937,0.0,0.06758349,0.0,0.0,0.0,0.0,0.0,0.0,0.0,0.0,0.0
1,0,0.6830471,0.24936937,0.0,0.06758349,0.0,0.0,0.0,0.0,0.0,0.0,0.0,0.0,0.0
1,0,0.6830471,0.24936937,0.0,0.06758349,0.0,0.0,0.0,0.0,0.0,0.0,0.0,0.0,0.0
1,0,0.6830471,0.24936937,0.0,0.06758349,0.0,0.0,0.0,0.0,0.0,0.0,0.0,0.0,0.0
1,0,0.6830471,0.24936937,0.0,0.06758349,0.0,0.0,0.0,0.0,0.0,0.0,0.0,0.0,0.0
1,0,0.6830471,0.24936937,0.0,0.06758349,0.0,0.0,0.0,0.0,0.0,0.0,0.0,0.0,0.0
1,0,0.6830471,0.24936937,0.0,0.06758349,0.0,0.0,0.0,0.0,0.0,0.0,0.0,0.0,0.0
1,0,0.6830471,0.24936937,0.0,0.06758349,0.0,0.0,0.0,0.0,0.0,0.0,0.0,0.0,0.0
1,0,0.6830471,0.24936937,0.0,0.06758349,0.0,0.0,0.0,0.0,0.0,0.0,0.0,0.0,0.0
1,0,0.6830471,0.24936937,0.0,0.06758349,0.0,0.0,0.0,0.0,0.0,0.0,0.0,0.0,0.0
1,0,0.6830471,0.24936937,0.0,0.06758349,0.0,0.0,0.0,0.0,0.0,0.0,0.0,0.0,0.0
1,0,0.6830471,0.24936937,0.0,0.06758349,0.0,0.0,0.0,0.0,0.0,0.0,0.0,0.0,0.0
1,0,0.6830471,0.24936937,0.0,0.06758349,0.0,0.0,0.0,0.0,0.0,0.0,0.0,0.0,0.0
1,0,0.6830471,0.24936937,0.0,0.06758349,0.0,0.0,0.0,0.0,0.0,0.0,0.0,0.0,0.0
1,0,0.6830471,0.24936937,0.0,0.06758349,0.0,0.0,0.0,0.0,0.0,0.0,0.0,0.0,0.0
1,0,0.6830471,0.24936937,0.0,0.06758349,0.0,0.0,0.0,0.0,0.0,0.0,0.0,0.0,0.0
1,0,0.6830471,0.24936937,0.0,0.06758349,0.0,0.0,0.0,0.0,0.0,0.0,0.0,0.0,0.0
1,0,0.6830471,0.24936937,0.0,0.06758349,0.0,0.0,0.0,0.0,0.0,0.0,0.0,0.0,0.0
1,0,0.6830471,0.24936937,0.0,0.06758349,0.0,0.0,0.0,0.0,0.0,0.0,0.0,0.0,0.0
1,0,0.6830471,0.24936937,0.0,0.06758349,0.0,0.0,0.0,0.0,0.0,0.0,0.0,0.0,0.0
1,0,0.6830471,0.24936937,0.0,0.06758349,0.0,0.0,0.0,0.0,0.0,0.0,0.0,0.0,0.0
1,0,0.6830471,0.24936937,0.0,0.06758349,0.0,0.0,0.0,0.0,0.0,0.0,0.0,0.0,0.0
1,0,0.6830471,0.24936937,0.0,0.06758349,0.0,0.0,0.0,0.0,0.0,0.0,0.0,0.0,0.0
1,0,0.6830471,0.24936937,0.0,0.06758349,0.0,0.0,0.0,0.0,0.0,0.0,0.0,0.0,0.0
1,0,0.6830471,0.24936937,0.0,0.06758349,0.0,0.0,0.0,0.0,0.0,0.0,0.0,0.0,0.0
1,0,0.6830471,0.24936937,0.0,0.06758349,0.0,0.0,0.0,0.0,0.0,0.0,0.0,0.0,0.0
1,0,0.6830471,0.24936937,0.0,0.06758349,0.0,0.0,0.0,0.0,0.0,0.0,0.0,0.0,0.0
1,0,0.6830471,0.24936937,0.0,0.06758349,0.0,0.0,0.0,0.0,0.0,0.0,0.0,0.0,0.0
1,0,0.6830471,0.24936937,0.0,0.06758349,0.0,0.0,0.0,0.0,0.0,0.0,0.0,0.0,0.0
1,0,0.6830471,0.24936937,0.0,0.06758349,0.0,0.0,0.0,0.0,0.0,0.0,0.0,0.0,0.0
1,0,0.6830471,0.24936937,0.0,0.06758349,0.0,0.0,0.0,0.0,0.0,0.0,0.0,0.0,0.0
1,0,0.6830471,0.24936937,0.0,0.06758349,0.0,0.0,0.0,0.0,0.0,0.0,0.0,0.0,0.0
1,0,0.6830471,0.24936937,0.0,0.06758349,0.0,0.0,0.0,0.0,0.0,0.0,0.0,0.0,0.0
1,0,0.6830471,0.24936937,0.0,0.06758349,0.0,0.0,0.0,0.0,0.0,0.0,0.0,0.0,0.0
1,0,0.6830471,0.24936937,0.0,0.06758349,0.0,0.0,0.0,0.0,0.0,0.0,0.0,0.0,0.0
1,0,0.6830471,0.24936937,0.0,0.06758349,0.0,0.0,0.0,0.0,0.0,0.0,0.0,0.0,0.0
1,0,0.6830471,0.24936937,0.0,0.06758349,0.0,0.0,0.0,0.0,0.0,0.0,0.0,0.0,0.0
1,0,0.6830471,0.24936937,0.0,0.06758349,0.0,0.0,0.0,0.0,0.0,0.0,0.0,0.0,0.0
1,0,0.6830471,0.24936937,0.0,0.06758349,0.0,0.0,0.0,0.0,0.0,0.0,0.0,0.0,0.0
1,0,0.6830471,0.24936937,0.0,0.06758349,0.0,0.0,0.0,0.0,0.0,0.0,0.0,0.0,0.0
1,0,0.6830471,0.24936937,0.0,0.06758349,0.0,0.0,0.0,0.0,0.0,0.0,0.0,0.0,0.0
1,0,0.6830471,0.24936937,0.0,0.06758349,0.0,0.0,0.0,0.0,0.0,0.0,0.0,0.0,0.0
1,0,0.6830471,0.24936937,0.0,0.06758349,0.0,0.0,0.0,0.0,0.0,0.0,0.0,0.0,0.0
1,0,0.6830471,0.24936937,0.0,0.06758349,0.0,0.0,0.0,0.0,0.0,0.0,0.0,0.0,0.0
1,0,0.6830471,0.24936937,0.0,0.06758349,0.0,0.0,0.0,0.0,0.0,0.0,0.0,0.0,0.0
1,0,0.6830471,0.24936937,0.0,0.06758349,0.0,0.0,0.0,0.0,0.0,0.0,0.0,0.0,0.0
1,0,0.6830471,0.24936937,0.0,0.06758349,0.0,0.0,0.0,0.0,0.0,0.0,0.0,0.0,0.0
1,0,0.6830471,0.24936937,0.0,0.06758349,0.0,0.0,0.0,0.0,0.0,0.0,0.0,0.0,0.0
1,0,0.6830471,0.24936937,0.0,0.06758349,0.0,0.0,0.0,0.0,0.0,0.0,0.0,0.0,0.0
1,0,0.6830471,0.24936937,0.0,0.06758349,0.0,0.0,0.0,0.0,0.0,0.0,0.0,0.0,0.0
1,0,0.6830471,0.24936937,0.0,0.06758349,0.0,0.0,0.0,0.0,0.0,0.0,0.0,0.0,0.0
1,0,0.6830471,0.24936937,0.0,0.06758349,0.0,0.0,0.0,0.0,0.0,0.0,0.0,0.0,0.0
1,0,0.6830471,0.24936937,0.0,0.06758349,0.0,0.0,0.0,0.0,0.0,0.0,0.0,0.0,0.0
1,0,0.6830471,0.24936937,0.0,0.06758349,0.0,0.0,0.0,0.0,0.0,0.0,0.0,0.0,0.0
1,0,0.6830471,0.24936937,0.0,0.06758349,0.0,0.0,0.0,0.0,0.0,0.0,0.0,0.0,0.0
1,0,0.6830471,0.24936937,0.0,0.06758349,0.0,0.0,0.0,0.0,0.0,0.0,0.0,0.0,0.0
1,0,0.6830471,0.24936937,0.0,0.06758349,0.0,0.0,0.0,0.0,0.0,0.0,0.0,0.0,0.0
1,0,0.6830471,0.24936937,0.0,0.06758349,0.0,0.0,0.0,0.0,0.0,0.0,0.0,0.0,0.0
1,0,0.6830471,0.24936937,0.0,0.06758349,0.0,0.0,0.0,0.0,0.0,0.0,0.0,0.0,0.0
1,0,0.6830471,0.24936937,0.0,0.06758349,0.0,0.0,0.0,0.0,0.0,0.0,0.0,0.0,0.0
1,0,0.6830471,0.24936937,0.0,0.06758349,0.0,0.0,0.0,0.0,0.0,0.0,0.0,0.0,0.0
1,0,0.6830471,0.24936937,0.0,0.06758349,0.0,0.0,0.0,0.0,0.0,0.0,0.0,0.0,0.0
1,0,0.6830471,0.24936937,0.0,0.06758349,0.0,0.0,0.0,0.0,0.0,0.0,0.0,0.0,0.0
1,0,0.6830471,0.24936937,0.0,0.06758349,0.0,0.0,0.0,0.0,0.0,0.0,0.0,0.0,0.0
1,0,0.6830471,0.24936937,0.0,0.06758349,0.0,0.0,0.0,0.0,0.0,0.0,0.0,0.0,0.0
1,0,0.6830471,0.24936937,0.0,0.06758349,0.0,0.0,0.0,0.0,0.0,0.0,0.0,0.0,0.0
1,0,0.6830471,0.24936937,0.0,0.06758349,0.0,0.0,0.0,0.0,0.0,0.0,0.0,0.0,0.0
1,0,0.6830471,0.24936937,0.0,0.06758349,0.0,0.0,0.0,0.0,0.0,0.0,0.0,0.0,0.0
1,0,0.6830471,0.24936937,0.0,0.06758349,0.0,0.0,0.0,0.0,0.0,0.0,0.0,0.0,0.0
1,0,0.6830471,0.24936937,0.0,0.06758349,0.0,0.0,0.0,0.0,0.0,0.0,0.0,0.0,0.0
1,0,0.6830471,0.24936937,0.0,0.06758349,0.0,0.0,0.0,0.0,0.0,0.0,0.0,0.0,0.0
1,0,0.6830471,0.24936937,0.0,0.06758349,0.0,0.0,0.0,0.0,0.0,0.0,0.0,0.0,0.0
1,0,0.6830471,0.24936937,0.0,0.06758349,0.0,0.0,0.0,0.0,0.0,0.0,0.0,0.0,0.0
1,0,0.6830471,0.24936937,0.0,0.06758349,0.0,0.0,0.0,0.0,0.0,0.0,0.0,0.0,0.0
1,0,0.6830471,0.24936937,0.0,0.06758349,0.0,0.0,0.0,0.0,0.0,0.0,0.0,0.0,0.0
1,0,0.6830471,0.24936937,0.0,0.06758349,0.0,0.0,0.0,0.0,0.0,0.0,0.0,0.0,0.0
1,0,0.6830471,0.24936937,0.0,0.06758349,0.0,0.0,0.0,0.0,0.0,0.0,0.0,0.0,0.0
1,0,0.6830471,0.24936937,0.0,0.06758349,0.0,0.0,0.0,0.0,0.0,0.0,0.0,0.0,0.0
1,0,0.6830471,0.24936937,0.0,0.06758349,0.0,0.0,0.0,0.0,0.0,0.0,0.0,0.0,0.0
1,0,0.6830471,0.24936937,0.0,0.06758349,0.0,0.0,0.0,0.0,0.0,0.0,0.0,0.0,0.0
1,0,0.6830471,0.24936937,0.0,0.06758349,0.0,0.0,0.0,0.0,0.0,0.0,0.0,0.0,0.0
1,0,0.6830471,0.24936937,0.0,0.06758349,0.0,0.0,0.0,0.0,0.0,0.0,0.0,0.0,0.0
1,0,0.6830471,0.24936937,0.0,0.06758349,0.0,0.0,0.0,0.0,0.0,0.0,0.0,0.0,0.0
1,0,0.6830471,0.24936937,0.0,0.06758349,0.0,0.0,0.0,0.0,0.0,0.0,0.0,0.0,0.0
1,0,0.6830471,0.24936937,0.0,0.06758349,0.0,0.0,0.0,0.0,0.0,0.0,0.0,0.0,0.0
1,0,0.6830471,0.24936937,0.0,0.06758349,0.0,0.0,0.0,0.0,0.0,0.0,0.0,0.0,0.0
1,0,0.6830471,0.24936937,0.0,0.06758349,0.0,0.0,0.0,0.0,0.0,0.0,0.0,0.0,0.0
1,0,0.6830471,0.24936937,0.0,0.06758349,0.0,0.0,0.0,0.0,0.0,0.0,0.0,0.0,0.0
1,0,0.6830471,0.24936937,0.0,0.06758349,0.0,0.0,0.0,0.0,0.0,0.0,0.0,0.0,0.0
1,0,0.6830471,0.24936937,0.0,0.06758349,0.0,0.0,0.0,0.0,0.0,0.0,0.0,0.0,0.0
1,0,0.62625015,0.30616638,0.0,0.067583494,0.0,0.0,0.0,0.0,0.0,0.0,0.0,0.0,0.0
1,0,0.62625015,0.30616638,0.0,0.067583494,0.0,0.0,0.0,0.0,0.0,0.0,0.0,0.0,0.0
1,0,0.62625015,0.30616638,0.0,0.067583494,0.0,0.0,0.0,0.0,0.0,0.0,0.0,0.0,0.0
1,0,0.62625015,0.30616638,0.0,0.067583494,0.0,0.0,0.0,0.0,0.0,0.0,0.0,0.0,0.0
1,0,0.62625015,0.30616638,0.0,0.067583494,0.0,0.0,0.0,0.0,0.0,0.0,0.0,0.0,0.0
1,0,0.62625015,0.30616638,0.0,0.067583494,0.0,0.0,0.0,0.0,0.0,0.0,0.0,0.0,0.0
1,0,0.62625015,0.30616638,0.0,0.067583494,0.0,0.0,0.0,0.0,0.0,0.0,0.0,0.0,0.0
1,0,0.62625015,0.30616638,0.0,0.067583494,0.0,0.0,0.0,0.0,0.0,0.0,0.0,0.0,0.0
1,0,0.62625015,0.30616638,0.0,0.067583494,0.0,0.0,0.0,0.0,0.0,0.0,0.0,0.0,0.0
1,0,0.62625015,0.30616638,0.0,0.067583494,0.0,0.0,0.0,0.0,0.0,0.0,0.0,0.0,0.0
1,0,0.62625015,0.30616638,0.0,0.067583494,0.0,0.0,0.0,0.0,0.0,0.0,0.0,0.0,0.0
1,0,0.62625015,0.30616638,0.0,0.067583494,0.0,0.0,0.0,0.0,0.0,0.0,0.0,0.0,0.0
1,0,0.62625015,0.30616638,0.0,0.067583494,0.0,0.0,0.0,0.0,0.0,0.0,0.0,0.0,0.0
1,0,0.62625015,0.30616638,0.0,0.067583494,0.0,0.0,0.0,0.0,0.0,0.0,0.0,0.0,0.0
1,0,0.62625015,0.30616638,0.0,0.067583494,0.0,0.0,0.0,0.0,0.0,0.0,0.0,0.0,0.0
1,0,0.62625015,0.30616638,0.0,0.067583494,0.0,0.0,0.0,0.0,0.0,0.0,0.0,0.0,0.0
1,0,0.5610602,0.3713564,0.0,0.067583494,0.0,0.0,0.0,0.0,0.0,0.0,0.0,0.0,0.0
1,0,0.5610602,0.3713564,0.0,0.067583494,0.0,0.0,0.0,0.0,0.0,0.0,0.0,0.0,0.0
1,0,0.4997958,0.43262076,0.0,0.067583494,0.0,0.0,0.0,0.0,0.0,0.0,0.0,0.0,0.0
1,0,0.4997958,0.43262076,0.0,0.067583494,0.0,0.0,0.0,0.0,0.0,0.0,0.0,0.0,0.0
1,0,0.4997958,0.43262076,0.0,0.067583494,0.0,0.0,0.0,0.0,0.0,0.0,0.0,0.0,0.0
1,0,0.4997958,0.43262076,0.0,0.067583494,0.0,0.0,0.0,0.0,0.0,0.0,0.0,0.0,0.0
1,0,0.4997958,0.43262076,0.0,0.067583494,0.0,0.0,0.0,0.0,0.0,0.0,0.0,0.0,0.0
1,0,0.4997958,0.43262076,0.0,0.067583494,0.0,0.0,0.0,0.0,0.0,0.0,0.0,0.0,0.0
1,0,0.4997958,0.43262076,0.0,0.067583494,0.0,0.0,0.0,0.0,0.0,0.0,0.0,0.0,0.0
1,0,0.4997958,0.43262076,0.0,0.067583494,0.0,0.0,0.0,0.0,0.0,0.0,0.0,0.0,0.0
1,0,0.4997958,0.43262076,0.0,0.067583494,0.0,0.0,0.0,0.0,0.0,0.0,0.0,0.0,0.0
1,0,0.4997958,0.43262076,0.0,0.067583494,0.0,0.0,0.0,0.0,0.0,0.0,0.0,0.0,0.0
1,0,0.4997958,0.43262076,0.0,0.067583494,0.0,0.0,0.0,0.0,0.0,0.0,0.0,0.0,0.0
1,0,0.4997958,0.43262076,0.0,0.067583494,0.0,0.0,0.0,0.0,0.0,0.0,0.0,0.0,0.0
1,1,0.49979576,0.50020427,0.0,0.0,0.0,0.0,0.0,0.0,0.0,0.0,0.0,0.0,0.0
1,1,0.49979576,0.50020427,0.0,0.0,0.0,0.0,0.0,0.0,0.0,0.0,0.0,0.0,0.0
1,1,0.49979576,0.50020427,0.0,0.0,0.0,0.0,0.0,0.0,0.0,0.0,0.0,0.0,0.0
1,1,0.49979576,0.50020427,0.0,0.0,0.0,0.0,0.0,0.0,0.0,0.0,0.0,0.0,0.0
1,1,0.49979576,0.50020427,0.0,0.0,0.0,0.0,0.0,0.0,0.0,0.0,0.0,0.0,0.0
1,1,0.49979576,0.50020427,0.0,0.0,0.0,0.0,0.0,0.0,0.0,0.0,0.0,0.0,0.0
1,1,0.49979576,0.50020427,0.0,0.0,0.0,0.0,0.0,0.0,0.0,0.0,0.0,0.0,0.0
1,1,0.49979576,0.50020427,0.0,0.0,0.0,0.0,0.0,0.0,0.0,0.0,0.0,0.0,0.0
1,1,0.49979576,0.50020427,0.0,0.0,0.0,0.0,0.0,0.0,0.0,0.0,0.0,0.0,0.0
1,1,0.49979576,0.50020427,0.0,0.0,0.0,0.0,0.0,0.0,0.0,0.0,0.0,0.0,0.0
1,1,0.49979576,0.50020427,0.0,0.0,0.0,0.0,0.0,0.0,0.0,0.0,0.0,0.0,0.0
1,1,0.49979576,0.50020427,0.0,0.0,0.0,0.0,0.0,0.0,0.0,0.0,0.0,0.0,0.0
1,1,0.49979576,0.50020427,0.0,0.0,0.0,0.0,0.0,0.0,0.0,0.0,0.0,0.0,0.0
1,1,0.49979576,0.50020427,0.0,0.0,0.0,0.0,0.0,0.0,0.0,0.0,0.0,0.0,0.0
1,1,0.49979576,0.50020427,0.0,0.0,0.0,0.0,0.0,0.0,0.0,0.0,0.0,0.0,0.0
1,1,0.49979576,0.50020427,0.0,0.0,0.0,0.0,0.0,0.0,0.0,0.0,0.0,0.0,0.0
1,1,0.49979576,0.50020427,0.0,0.0,0.0,0.0,0.0,0.0,0.0,0.0,0.0,0.0,0.0
1,1,0.49979576,0.50020427,0.0,0.0,0.0,0.0,0.0,0.0,0.0,0.0,0.0,0.0,0.0
1,1,0.49979576,0.50020427,0.0,0.0,0.0,0.0,0.0,0.0,0.0,0.0,0.0,0.0,0.0
1,1,0.49979576,0.50020427,0.0,0.0,0.0,0.0,0.0,0.0,0.0,0.0,0.0,0.0,0.0
1,1,0.49979576,0.50020427,0.0,0.0,0.0,0.0,0.0,0.0,0.0,0.0,0.0,0.0,0.0
1,1,0.49979576,0.50020427,0.0,0.0,0.0,0.0,0.0,0.0,0.0,0.0,0.0,0.0,0.0
1,1,0.49979576,0.50020427,0.0,0.0,0.0,0.0,0.0,0.0,0.0,0.0,0.0,0.0,0.0
1,1,0.49979576,0.50020427,0.0,0.0,0.0,0.0,0.0,0.0,0.0,0.0,0.0,0.0,0.0
1,1,0.49979576,0.50020427,0.0,0.0,0.0,0.0,0.0,0.0,0.0,0.0,0.0,0.0,0.0
1,1,0.49979576,0.50020427,0.0,0.0,0.0,0.0,0.0,0.0,0.0,0.0,0.0,0.0,0.0
1,1,0.49979576,0.50020427,0.0,0.0,0.0,0.0,0.0,0.0,0.0,0.0,0.0,0.0,0.0
1,1,0.49979576,0.50020427,0.0,0.0,0.0,0.0,0.0,0.0,0.0,0.0,0.0,0.0,0.0
1,1,0.49979576,0.50020427,0.0,0.0,0.0,0.0,0.0,0.0,0.0,0.0,0.0,0.0,0.0
1,1,0.49979576,0.50020427,0.0,0.0,0.0,0.0,0.0,0.0,0.0,0.0,0.0,0.0,0.0
1,1,0.49979576,0.50020427,0.0,0.0,0.0,0.0,0.0,0.0,0.0,0.0,0.0,0.0,0.0
1,1,0.49979576,0.50020427,0.0,0.0,0.0,0.0,0.0,0.0,0.0,0.0,0.0,0.0,0.0
1,1,0.49979576,0.50020427,0.0,0.0,0.0,0.0,0.0,0.0,0.0,0.0,0.0,0.0,0.0
1,1,0.49979576,0.50020427,0.0,0.0,0.0,0.0,0.0,0.0,0.0,0.0,0.0,0.0,0.0
1,1,0.49979576,0.50020427,0.0,0.0,0.0,0.0,0.0,0.0,0.0,0.0,0.0,0.0,0.0
1,1,0.49979576,0.50020427,0.0,0.0,0.0,0.0,0.0,0.0,0.0,0.0,0.0,0.0,0.0
1,1,0.49979576,0.50020427,0.0,0.0,0.0,0.0,0.0,0.0,0.0,0.0,0.0,0.0,0.0
1,1,0.49979576,0.50020427,0.0,0.0,0.0,0.0,0.0,0.0,0.0,0.0,0.0,0.0,0.0
1,1,0.49979576,0.50020427,0.0,0.0,0.0,0.0,0.0,0.0,0.0,0.0,0.0,0.0,0.0
1,1,0.49979576,0.50020427,0.0,0.0,0.0,0.0,0.0,0.0,0.0,0.0,0.0,0.0,0.0
1,1,0.49979576,0.50020427,0.0,0.0,0.0,0.0,0.0,0.0,0.0,0.0,0.0,0.0,0.0
1,1,0.49979576,0.50020427,0.0,0.0,0.0,0.0,0.0,0.0,0.0,0.0,0.0,0.0,0.0
1,1,0.42898586,0.5710141,0.0,0.0,0.0,0.0,0.0,0.0,0.0,0.0,0.0,0.0,0.0
1,1,0.42898586,0.5710141,0.0,0.0,0.0,0.0,0.0,0.0,0.0,0.0,0.0,0.0,0.0
1,1,0.42898586,0.5710141,0.0,0.0,0.0,0.0,0.0,0.0,0.0,0.0,0.0,0.0,0.0
1,1,0.42898586,0.5710141,0.0,0.0,0.0,0.0,0.0,0.0,0.0,0.0,0.0,0.0,0.0
1,1,0.42898586,0.5710141,0.0,0.0,0.0,0.0,0.0,0.0,0.0,0.0,0.0,0.0,0.0
1,1,0.42898586,0.5710141,0.0,0.0,0.0,0.0,0.0,0.0,0.0,0.0,0.0,0.0,0.0
1,1,0.42898586,0.5710141,0.0,0.0,0.0,0.0,0.0,0.0,0.0,0.0,0.0,0.0,0.0
1,1,0.42898586,0.5710141,0.0,0.0,0.0,0.0,0.0,0.0,0.0,0.0,0.0,0.0,0.0
1,1,0.42898586,0.5710141,0.0,0.0,0.0,0.0,0.0,0.0,0.0,0.0,0.0,0.0,0.0
1,1,0.42898586,0.5710141,0.0,0.0,0.0,0.0,0.0,0.0,0.0,0.0,0.0,0.0,0.0
1,1,0.42898586,0.5710141,0.0,0.0,0.0,0.0,0.0,0.0,0.0,0.0,0.0,0.0,0.0
1,1,0.42898586,0.5710141,0.0,0.0,0.0,0.0,0.0,0.0,0.0,0.0,0.0,0.0,0.0
1,1,0.42898586,0.5710141,0.0,0.0,0.0,0.0,0.0,0.0,0.0,0.0,0.0,0.0,0.0
1,1,0.42898586,0.5710141,0.0,0.0,0.0,0.0,0.0,0.0,0.0,0.0,0.0,0.0,0.0
1,1,0.42898586,0.5710141,0.0,0.0,0.0,0.0,0.0,0.0,0.0,0.0,0.0,0.0,0.0
1,1,0.42898586,0.5710141,0.0,0.0,0.0,0.0,0.0,0.0,0.0,0.0,0.0,0.0,0.0
1,1,0.42898586,0.5710141,0.0,0.0,0.0,0.0,0.0,0.0,0.0,0.0,0.0,0.0,0.0
1,1,0.42898586,0.5710141,0.0,0.0,0.0,0.0,0.0,0.0,0.0,0.0,0.0,0.0,0.0
1,1,0.42898586,0.5710141,0.0,0.0,0.0,0.0,0.0,0.0,0.0,0.0,0.0,0.0,0.0
1,1,0.42898586,0.5710141,0.0,0.0,0.0,0.0,0.0,0.0,0.0,0.0,0.0,0.0,0.0
1,1,0.42898586,0.5710141,0.0,0.0,0.0,0.0,0.0,0.0,0.0,0.0,0.0,0.0,0.0
1,1,0.42898586,0.5710141,0.0,0.0,0.0,0.0,0.0,0.0,0.0,0.0,0.0,0.0,0.0
1,1,0.42898586,0.5710141,0.0,0.0,0.0,0.0,0.0,0.0,0.0,0.0,0.0,0.0,0.0
1,1,0.42898586,0.5710141,0.0,0.0,0.0,0.0,0.0,0.0,0.0,0.0,0.0,0.0,0.0
1,1,0.42898586,0.5710141,0.0,0.0,0.0,0.0,0.0,0.0,0.0,0.0,0.0,0.0,0.0
1,1,0.42898586,0.5710141,0.0,0.0,0.0,0.0,0.0,0.0,0.0,0.0,0.0,0.0,0.0
1,1,0.42898586,0.5710141,0.0,0.0,0.0,0.0,0.0,0.0,0.0,0.0,0.0,0.0,0.0
1,1,0.42898586,0.5710141,0.0,0.0,0.0,0.0,0.0,0.0,0.0,0.0,0.0,0.0,0.0
1,1,0.42898586,0.5710141,0.0,0.0,0.0,0.0,0.0,0.0,0.0,0.0,0.0,0.0,0.0
1,1,0.42898586,0.5710141,0.0,0.0,0.0,0.0,0.0,0.0,0.0,0.0,0.0,0.0,0.0
1,1,0.42898586,0.5710141,0.0,0.0,0.0,0.0,0.0,0.0,0.0,0.0,0.0,0.0,0.0
1,1,0.42898586,0.5710141,0.0,0.0,0.0,0.0,0.0,0.0,0.0,0.0,0.0,0.0,0.0
1,1,0.49404952,0.5059505,0.0,0.0,0.0,0.0,0.0,0.0,0.0,0.0,0.0,0.0,0.0
1,1,0.49404952,0.5059505,0.0,0.0,0.0,0.0,0.0,0.0,0.0,0.0,0.0,0.0,0.0
1,1,0.49404952,0.5059505,0.0,0.0,0.0,0.0,0.0,0.0,0.0,0.0,0.0,0.0,0.0
1,1,0.49404952,0.5059505,0.0,0.0,0.0,0.0,0.0,0.0,0.0,0.0,0.0,0.0,0.0
1,1,0.49404952,0.5059505,0.0,0.0,0.0,0.0,0.0,0.0,0.0,0.0,0.0,0.0,0.0
1,1,0.49404952,0.5059505,0.0,0.0,0.0,0.0,0.0,0.0,0.0,0.0,0.0,0.0,0.0
1,1,0.49404952,0.5059505,0.0,0.0,0.0,0.0,0.0,0.0,0.0,0.0,0.0,0.0,0.0
1,1,0.49404952,0.5059505,0.0,0.0,0.0,0.0,0.0,0.0,0.0,0.0,0.0,0.0,0.0
1,1,0.49404952,0.5059505,0.0,0.0,0.0,0.0,0.0,0.0,0.0,0.0,0.0,0.0,0.0
1,1,0.49404952,0.5059505,0.0,0.0,0.0,0.0,0.0,0.0,0.0,0.0,0.0,0.0,0.0
1,1,0.49404952,0.5059505,0.0,0.0,0.0,0.0,0.0,0.0,0.0,0.0,0.0,0.0,0.0
1,1,0.49404952,0.5059505,0.0,0.0,0.0,0.0,0.0,0.0,0.0,0.0,0.0,0.0,0.0
1,1,0.49404952,0.5059505,0.0,0.0,0.0,0.0,0.0,0.0,0.0,0.0,0.0,0.0,0.0
1,1,0.49404952,0.5059505,0.0,0.0,0.0,0.0,0.0,0.0,0.0,0.0,0.0,0.0,0.0
1,1,0.49404952,0.5059505,0.0,0.0,0.0,0.0,0.0,0.0,0.0,0.0,0.0,0.0,0.0
1,1,0.49404952,0.5059505,0.0,0.0,0.0,0.0,0.0,0.0,0.0,0.0,0.0,0.0,0.0
1,1,0.49404952,0.5059505,0.0,0.0,0.0,0.0,0.0,0.0,0.0,0.0,0.0,0.0,0.0
1,1,0.49404952,0.5059505,0.0,0.0,0.0,0.0,0.0,0.0,0.0,0.0,0.0,0.0,0.0
1,1,0.49404952,0.5059505,0.0,0.0,0.0,0.0,0.0,0.0,0.0,0.0,0.0,0.0,0.0
1,1,0.49404952,0.5059505,0.0,0.0,0.0,0.0,0.0,0.0,0.0,0.0,0.0,0.0,0.0
1,1,0.49404952,0.5059505,0.0,0.0,0.0,0.0,0.0,0.0,0.0,0.0,0.0,0.0,0.0
1,1,0.49404952,0.5059505,0.0,0.0,0.0,0.0,0.0,0.0,0.0,0.0,0.0,0.0,0.0
1,1,0.49404952,0.5059505,0.0,0.0,0.0,0.0,0.0,0.0,0.0,0.0,0.0,0.0,0.0
1,1,0.49404952,0.5059505,0.0,0.0,0.0,0.0,0.0,0.0,0.0,0.0,0.0,0.0,0.0
1,1,0.49404952,0.5059505,0.0,0.0,0.0,0.0,0.0,0.0,0.0,0.0,0.0,0.0,0.0
1,1,0.49404952,0.5059505,0.0,0.0,0.0,0.0,0.0,0.0,0.0,0.0,0.0,0.0,0.0
1,1,0.49404952,0.5059505,0.0,0.0,0.0,0.0,0.0,0.0,0.0,0.0,0.0,0.0,0.0
1,1,0.49404952,0.5059505,0.0,0.0,0.0,0.0,0.0,0.0,0.0,0.0,0.0,0.0,0.0
1,1,0.49404952,0.5059505,0.0,0.0,0.0,0.0,0.0,0.0,0.0,0.0,0.0,0.0,0.0
1,1,0.49404952,0.5059505,0.0,0.0,0.0,0.0,0.0,0.0,0.0,0.0,0.0,0.0,0.0
1,1,0.49404952,0.5059505,0.0,0.0,0.0,0.0,0.0,0.0,0.0,0.0,0.0,0.0,0.0
1,1,0.49404952,0.5059505,0.0,0.0,0.0,0.0,0.0,0.0,0.0,0.0,0.0,0.0,0.0
1,1,0.49404952,0.5059505,0.0,0.0,0.0,0.0,0.0,0.0,0.0,0.0,0.0,0.0,0.0
1,1,0.49404952,0.5059505,0.0,0.0,0.0,0.0,0.0,0.0,0.0,0.0,0.0,0.0,0.0
1,1,0.49404952,0.5059505,0.0,0.0,0.0,0.0,0.0,0.0,0.0,0.0,0.0,0.0,0.0
1,1,0.49404952,0.5059505,0.0,0.0,0.0,0.0,0.0,0.0,0.0,0.0,0.0,0.0,0.0
1,1,0.49404952,0.5059505,0.0,0.0,0.0,0.0,0.0,0.0,0.0,0.0,0.0,0.0,0.0
1,1,0.49404952,0.5059505,0.0,0.0,0.0,0.0,0.0,0.0,0.0,0.0,0.0,0.0,0.0
1,1,0.49404952,0.5059505,0.0,0.0,0.0,0.0,0.0,0.0,0.0,0.0,0.0,0.0,0.0
1,1,0.49404952,0.5059505,0.0,0.0,0.0,0.0,0.0,0.0,0.0,0.0,0.0,0.0,0.0
1,1,0.49404952,0.5059505,0.0,0.0,0.0,0.0,0.0,0.0,0.0,0.0,0.0,0.0,0.0
1,1,0.49404952,0.5059505,0.0,0.0,0.0,0.0,0.0,0.0,0.0,0.0,0.0,0.0,0.0
1,1,0.49404952,0.5059505,0.0,0.0,0.0,0.0,0.0,0.0,0.0,0.0,0.0,0.0,0.0
1,1,0.49404952,0.5059505,0.0,0.0,0.0,0.0,0.0,0.0,0.0,0.0,0.0,0.0,0.0
1,1,0.49404952,0.5059505,0.0,0.0,0.0,0.0,0.0,0.0,0.0,0.0,0.0,0.0,0.0
1,1,0.49404952,0.5059505,0.0,0.0,0.0,0.0,0.0,0.0,0.0,0.0,0.0,0.0,0.0
1,1,0.49404952,0.5059505,0.0,0.0,0.0,0.0,0.0,0.0,0.0,0.0,0.0,0.0,0.0
1,1,0.49404952,0.5059505,0.0,0.0,0.0,0.0,0.0,0.0,0.0,0.0,0.0,0.0,0.0
1,1,0.49404952,0.5059505,0.0,0.0,0.0,0.0,0.0,0.0,0.0,0.0,0.0,0.0,0.0
1,1,0.49404952,0.5059505,0.0,0.0,0.0,0.0,0.0,0.0,0.0,0.0,0.0,0.0,0.0
1,1,0.49404952,0.5059505,0.0,0.0,0.0,0.0,0.0,0.0,0.0,0.0,0.0,0.0,0.0
1,1,0.49404952,0.5059505,0.0,0.0,0.0,0.0,0.0,0.0,0.0,0.0,0.0,0.0,0.0
1,1,0.49404952,0.5059505,0.0,0.0,0.0,0.0,0.0,0.0,0.0,0.0,0.0,0.0,0.0
1,1,0.49404952,0.5059505,0.0,0.0,0.0,0.0,0.0,0.0,0.0,0.0,0.0,0.0,0.0
1,1,0.49404952,0.5059505,0.0,0.0,0.0,0.0,0.0,0.0,0.0,0.0,0.0,0.0,0.0
1,1,0.49404952,0.5059505,0.0,0.0,0.0,0.0,0.0,0.0,0.0,0.0,0.0,0.0,0.0
1,1,0.49404952,0.5059505,0.0,0.0,0.0,0.0,0.0,0.0,0.0,0.0,0.0,0.0,0.0
1,1,0.49404952,0.5059505,0.0,0.0,0.0,0.0,0.0,0.0,0.0,0.0,0.0,0.0,0.0
1,1,0.49404952,0.5059505,0.0,0.0,0.0,0.0,0.0,0.0,0.0,0.0,0.0,0.0,0.0
1,1,0.49404952,0.5059505,0.0,0.0,0.0,0.0,0.0,0.0,0.0,0.0,0.0,0.0,0.0
1,1,0.43431833,0.56568164,0.0,0.0,0.0,0.0,0.0,0.0,0.0,0.0,0.0,0.0,0.0
1,1,0.43431833,0.56568164,0.0,0.0,0.0,0.0,0.0,0.0,0.0,0.0,0.0,0.0,0.0
1,1,0.43431833,0.56568164,0.0,0.0,0.0,0.0,0.0,0.0,0.0,0.0,0.0,0.0,0.0
1,1,0.43431833,0.56568164,0.0,0.0,0.0,0.0,0.0,0.0,0.0,0.0,0.0,0.0,0.0
1,1,0.31442243,0.56568164,0.0,0.0,0.05800764,0.0,0.0,0.0,0.0,0.061888285,0.0,0.0,0.0
1,1,0.31442243,0.56568164,0.0,0.0,0.05800764,0.0,0.0,0.0,0.0,0.061888285,0.0,0.0,0.0
1,1,0.24616544,0.6339386,0.0,0.0,0.05800764,0.0,0.0,0.0,0.0,0.061888285,0.0,0.0,0.0
1,1,0.24616544,0.6339386,0.0,0.0,0.05800764,0.0,0.0,0.0,0.0,0.061888285,0.0,0.0,0.0
1,1,0.24616544,0.6339386,0.0,0.0,0.05800764,0.0,0.0,0.0,0.0,0.061888285,0.0,0.0,0.0
1,1,0.24616544,0.6339386,0.0,0.0,0.05800764,0.0,0.0,0.0,0.0,0.061888285,0.0,0.0,0.0
1,1,0.24616544,0.6339386,0.0,0.0,0.05800764,0.0,0.0,0.0,0.0,0.061888285,0.0,0.0,0.0
1,1,0.24616544,0.6339386,0.0,0.0,0.05800764,0.0,0.0,0.0,0.0,0.061888285,0.0,0.0,0.0
1,1,0.24616544,0.6339386,0.0,0.0,0.05800764,0.0,0.0,0.0,0.0,0.061888285,0.0,0.0,0.0
1,1,0.24616544,0.6339386,0.0,0.0,0.05800764,0.0,0.0,0.0,0.0,0.061888285,0.0,0.0,0.0
1,1,0.24616544,0.6339386,0.0,0.0,0.05800764,0.0,0.0,0.0,0.0,0.061888285,0.0,0.0,0.0
1,1,0.24616544,0.6339386,0.0,0.0,0.05800764,0.0,0.0,0.0,0.0,0.061888285,0.0,0.0,0.0
1,1,0.24616544,0.6339386,0.0,0.0,0.05800764,0.0,0.0,0.0,0.0,0.061888285,0.0,0.0,0.0
1,1,0.24616544,0.6339386,0.0,0.0,0.05800764,0.0,0.0,0.0,0.0,0.061888285,0.0,0.0,0.0
1,1,0.24616544,0.6339386,0.0,0.0,0.05800764,0.0,0.0,0.0,0.0,0.061888285,0.0,0.0,0.0
1,1,0.24616544,0.6339386,0.0,0.0,0.05800764,0.0,0.0,0.0,0.0,0.061888285,0.0,0.0,0.0
1,1,0.24616544,0.6339386,0.0,0.0,0.05800764,0.0,0.0,0.0,0.0,0.061888285,0.0,0.0,0.0
1,1,0.24616544,0.6339386,0.0,0.0,0.05800764,0.0,0.0,0.0,0.0,0.061888285,0.0,0.0,0.0
1,1,0.24616544,0.6339386,0.0,0.0,0.05800764,0.0,0.0,0.0,0.0,0.061888285,0.0,0.0,0.0
1,1,0.24616544,0.6339386,0.0,0.0,0.05800764,0.0,0.0,0.0,0.0,0.061888285,0.0,0.0,0.0
1,1,0.24616544,0.6339386,0.0,0.0,0.05800764,0.0,0.0,0.0,0.0,0.061888285,0.0,0.0,0.0
1,1,0.24616544,0.6339386,0.0,0.0,0.05800764,0.0,0.0,0.0,0.0,0.061888285,0.0,0.0,0.0
1,1,0.24616544,0.6339386,0.0,0.0,0.05800764,0.0,0.0,0.0,0.0,0.061888285,0.0,0.0,0.0
1,1,0.24616544,0.6339386,0.0,0.0,0.05800764,0.0,0.0,0.0,0.0,0.061888285,0.0,0.0,0.0
1,1,0.24616544,0.6339386,0.0,0.0,0.05800764,0.0,0.0,0.0,0.0,0.061888285,0.0,0.0,0.0
1,1,0.24616544,0.6339386,0.0,0.0,0.05800764,0.0,0.0,0.0,0.0,0.061888285,0.0,0.0,0.0
1,1,0.24616544,0.6339386,0.0,0.0,0.05800764,0.0,0.0,0.0,0.0,0.061888285,0.0,0.0,0.0
1,1,0.24616544,0.6339386,0.0,0.0,0.05800764,0.0,0.0,0.0,0.0,0.061888285,0.0,0.0,0.0
1,1,0.24616544,0.6339386,0.0,0.0,0.05800764,0.0,0.0,0.0,0.0,0.061888285,0.0,0.0,0.0
1,1,0.24616544,0.6339386,0.0,0.0,0.05800764,0.0,0.0,0.0,0.0,0.061888285,0.0,0.0,0.0
1,1,0.26400802,0.54170084,0.0,0.0,0.062212154,0.0,0.0,0.06570494,0.0,0.06637408,0.0,0.0,0.0
1,1,0.26400802,0.54170084,0.0,0.0,0.062212154,0.0,0.0,0.06570494,0.0,0.06637408,0.0,0.0,0.0
1,1,0.26400802,0.54170084,0.0,0.0,0.062212154,0.0,0.0,0.06570494,0.0,0.06637408,0.0,0.0,0.0
1,1,0.26400802,0.54170084,0.0,0.0,0.062212154,0.0,0.0,0.06570494,0.0,0.06637408,0.0,0.0,0.0
1,1,0.26400802,0.54170084,0.0,0.0,0.062212154,0.0,0.0,0.06570494,0.0,0.06637408,0.0,0.0,0.0
1,1,0.26400802,0.54170084,0.0,0.0,0.062212154,0.0,0.0,0.06570494,0.0,0.06637408,0.0,0.0,0.0
1,1,0.26400802,0.54170084,0.0,0.0,0.062212154,0.0,0.0,0.06570494,0.0,0.06637408,0.0,0.0,0.0
1,1,0.26400802,0.54170084,0.0,0.0,0.062212154,0.0,0.0,0.06570494,0.0,0.06637408,0.0,0.0,0.0
1,1,0.26400802,0.54170084,0.0,0.0,0.062212154,0.0,0.0,0.06570494,0.0,0.06637408,0.0,0.0,0.0
1,1,0.26400802,0.54170084,0.0,0.0,0.062212154,0.0,0.0,0.06570494,0.0,0.06637408,0.0,0.0,0.0
1,1,0.19777958,0.54170084,0.0,0.066228464,0.062212158,0.0,0.0,0.06570495,0.0,0.06637408,0.0,0.0,0.0
1,1,0.19777958,0.54170084,0.0,0.066228464,0.062212158,0.0,0.0,0.06570495,0.0,0.06637408,0.0,0.0,0.0
1,1,0.19777958,0.54170084,0.0,0.066228464,0.062212158,0.0,0.0,0.06570495,0.0,0.06637408,0.0,0.0,0.0
1,1,0.19777958,0.54170084,0.0,0.066228464,0.062212158,0.0,0.0,0.06570495,0.0,0.06637408,0.0,0.0,0.0
1,1,0.19777958,0.54170084,0.0,0.066228464,0.062212158,0.0,0.0,0.06570495,0.0,0.06637408,0.0,0.0,0.0
1,1,0.19777958,0.54170084,0.0,0.066228464,0.062212158,0.0,0.0,0.06570495,0.0,0.06637408,0.0,0.0,0.0
1,1,0.19777958,0.54170084,0.0,0.066228464,0.062212158,0.0,0.0,0.06570495,0.0,0.06637408,0.0,0.0,0.0
1,1,0.19777958,0.54170084,0.0,0.066228464,0.062212158,0.0,0.0,0.06570495,0.0,0.06637408,0.0,0.0,0.0
1,1,0.19777958,0.54170084,0.0,0.066228464,0.062212158,0.0,0.0,0.06570495,0.0,0.06637408,0.0,0.0,0.0
1,1,0.19777958,0.54170084,0.0,0.066228464,0.062212158,0.0,0.0,0.06570495,0.0,0.06637408,0.0,0.0,0.0
1,1,0.19777958,0.54170084,0.0,0.066228464,0.062212158,0.0,0.0,0.06570495,0.0,0.06637408,0.0,0.0,0.0
1,1,0.19777958,0.54170084,0.0,0.066228464,0.062212158,0.0,0.0,0.06570495,0.0,0.06637408,0.0,0.0,0.0
1,1,0.19777958,0.54170084,0.0,0.066228464,0.062212158,0.0,0.0,0.06570495,0.0,0.06637408,0.0,0.0,0.0
1,1,0.19777958,0.54170084,0.0,0.066228464,0.062212158,0.0,0.0,0.06570495,0.0,0.06637408,0.0,0.0,0.0
1,1,0.19777958,0.54170084,0.0,0.066228464,0.062212158,0.0,0.0,0.06570495,0.0,0.06637408,0.0,0.0,0.0
1,1,0.19777958,0.54170084,0.0,0.066228464,0.062212158,0.0,0.0,0.06570495,0.0,0.06637408,0.0,0.0,0.0
1,1,0.21264678,0.5072502,0.0,0.0712069,0.06688868,0.0,0.0,0.07064403,0.0,0.071363464,0.0,0.0,0.0
1,1,0.21264678,0.5072502,0.0,0.0712069,0.06688868,0.0,0.0,0.07064403,0.0,0.071363464,0.0,0.0,0.0
1,1,0.21264678,0.5072502,0.0,0.0712069,0.06688868,0.0,0.0,0.07064403,0.0,0.071363464,0.0,0.0,0.0
1,1,0.21264678,0.5072502,0.0,0.0712069,0.06688868,0.0,0.0,0.07064403,0.0,0.071363464,0.0,0.0,0.0
1,1,0.21264678,0.5072502,0.0,0.0712069,0.06688868,0.0,0.0,0.07064403,0.0,0.071363464,0.0,0.0,0.0
1,1,0.21264678,0.5072502,0.0,0.0712069,0.06688868,0.0,0.0,0.07064403,0.0,0.071363464,0.0,0.0,0.0
1,1,0.21264678,0.5072502,0.0,0.0712069,0.06688868,0.0,0.0,0.07064403,0.0,0.071363464,0.0,0.0,0.0
1,1,0.21264678,0.5072502,0.0,0.0712069,0.06688868,0.0,0.0,0.07064403,0.0,0.071363464,0.0,0.0,0.0
1,1,0.15784882,0.54255366,0.0,0.07616273,0.071543984,0.0,0.0,0.0755607,0.0,0.0763302,0.0,0.0,0.0
1,1,0.15784882,0.54255366,0.0,0.07616273,0.071543984,0.0,0.0,0.0755607,0.0,0.0763302,0.0,0.0,0.0
1,1,0.15784882,0.54255366,0.0,0.07616273,0.071543984,0.0,0.0,0.0755607,0.0,0.0763302,0.0,0.0,0.0
1,1,0.15784882,0.54255366,0.0,0.07616273,0.071543984,0.0,0.0,0.0755607,0.0,0.0763302,0.0,0.0,0.0
1,1,0.08437296,0.58989024,0.0,0.082807764,0.07778604,0.0,0.0,0.0821532,0.0,0.08298984,0.0,0.0,0.0
1,1,0.08437296,0.58989024,0.0,0.082807764,0.07778604,0.0,0.0,0.0821532,0.0,0.08298984,0.0,0.0,0.0
1,1,0.08437296,0.58989024,0.0,0.082807764,0.07778604,0.0,0.0,0.0821532,0.0,0.08298984,0.0,0.0,0.0
1,1,0.08437296,0.58989024,0.0,0.082807764,0.07778604,0.0,0.0,0.0821532,0.0,0.08298984,0.0,0.0,0.0
1,1,0.0,0.6442473,0.0,0.09043831,0.084953845,0.0,0.0,0.08972342,0.0,0.09063716,0.0,0.0,0.0
1,1,0.0,0.6442473,0.0,0.09043831,0.084953845,0.0,0.0,0.08972342,0.0,0.09063716,0.0,0.0,0.0
1,1,0.0,0.6442473,0.0,0.09043831,0.084953845,0.0,0.0,0.08972342,0.0,0.09063716,0.0,0.0,0.0
1,1,0.0,0.6442473,0.0,0.09043831,0.084953845,0.0,0.0,0.08972342,0.0,0.09063716,0.0,0.0,0.0
1,1,0.0,0.6442473,0.0,0.09043831,0.084953845,0.0,0.0,0.08972342,0.0,0.09063716,0.0,0.0,0.0
1,1,0.0,0.6442473,0.0,0.09043831,0.084953845,0.0,0.0,0.08972342,0.0,0.09063716,0.0,0.0,0.0
1,1,0.0,0.6442473,0.0,0.09043831,0.084953845,0.0,0.0,0.08972342,0.0,0.09063716,0.0,0.0,0.0
1,1,0.0,0.6442473,0.0,0.09043831,0.084953845,0.0,0.0,0.08972342,0.0,0.09063716,0.0,0.0,0.0
1,1,0.0,0.6442473,0.0,0.09043831,0.084953845,0.0,0.0,0.08972342,0.0,0.09063716,0.0,0.0,0.0
1,1,0.0,0.6442473,0.0,0.09043831,0.084953845,0.0,0.0,0.08972342,0.0,0.09063716,0.0,0.0,0.0
1,1,0.0,0.6442473,0.0,0.09043831,0.084953845,0.0,0.0,0.08972342,0.0,0.09063716,0.0,0.0,0.0
1,1,0.0,0.6442473,0.0,0.09043831,0.084953845,0.0,0.0,0.08972342,0.0,0.09063716,0.0,0.0,0.0
1,1,0.0,0.6442473,0.0,0.09043831,0.084953845,0.0,0.0,0.08972342,0.0,0.09063716,0.0,0.0,0.0
1,1,0.0,0.6442473,0.0,0.09043831,0.084953845,0.0,0.0,0.08972342,0.0,0.09063716,0.0,0.0,0.0
1,1,0.0,0.6442473,0.0,0.09043831,0.084953845,0.0,0.0,0.08972342,0.0,0.09063716,0.0,0.0,0.0
1,1,0.0,0.6442473,0.0,0.09043831,0.084953845,0.0,0.0,0.08972342,0.0,0.09063716,0.0,0.0,0.0
1,1,0.0,0.6442473,0.0,0.09043831,0.084953845,0.0,0.0,0.08972342,0.0,0.09063716,0.0,0.0,0.0
1,1,0.0,0.6442473,0.0,0.09043831,0.084953845,0.0,0.0,0.08972342,0.0,0.09063716,0.0,0.0,0.0
1,1,0.0,0.6442473,0.0,0.09043831,0.084953845,0.0,0.0,0.08972342,0.0,0.09063716,0.0,0.0,0.0
1,1,0.0,0.6442473,0.0,0.09043831,0.084953845,0.0,0.0,0.08972342,0.0,0.09063716,0.0,0.0,0.0
1,1,0.0,0.6442473,0.0,0.09043831,0.084953845,0.0,0.0,0.08972342,0.0,0.09063716,0.0,0.0,0.0
1,1,0.0,0.6442473,0.0,0.09043831,0.084953845,0.0,0.0,0.08972342,0.0,0.09063716,0.0,0.0,0.0
1,1,0.0,0.6442473,0.0,0.09043831,0.084953845,0.0,0.0,0.08972342,0.0,0.09063716,0.0,0.0,0.0
1,1,0.0,0.6442473,0.0,0.09043831,0.084953845,0.0,0.0,0.08972342,0.0,0.09063716,0.0,0.0,0.0
1,1,0.0,0.6442473,0.0,0.09043831,0.084953845,0.0,0.0,0.08972342,0.0,0.09063716,0.0,0.0,0.0
1,1,0.0,0.6442473,0.0,0.09043831,0.084953845,0.0,0.0,0.08972342,0.0,0.09063716,0.0,0.0,0.0
1,1,0.0,0.6442473,0.0,0.09043831,0.084953845,0.0,0.0,0.08972342,0.0,0.09063716,0.0,0.0,0.0
1,1,0.0,0.6442473,0.0,0.09043831,0.084953845,0.0,0.0,0.08972342,0.0,0.09063716,0.0,0.0,0.0
1,1,0.0,0.6442473,0.0,0.09043831,0.084953845,0.0,0.0,0.08972342,0.0,0.09063716,0.0,0.0,0.0
1,1,0.0,0.6442473,0.0,0.09043831,0.084953845,0.0,0.0,0.08972342,0.0,0.09063716,0.0,0.0,0.0
1,1,0.0,0.6442473,0.0,0.09043831,0.084953845,0.0,0.0,0.08972342,0.0,0.09063716,0.0,0.0,0.0
1,1,0.0,0.6442473,0.0,0.09043831,0.084953845,0.0,0.0,0.08972342,0.0,0.09063716,0.0,0.0,0.0
1,1,0.0,0.6442473,0.0,0.09043831,0.084953845,0.0,0.0,0.08972342,0.0,0.09063716,0.0,0.0,0.0
1,1,0.0,0.6442473,0.0,0.09043831,0.084953845,0.0,0.0,0.08972342,0.0,0.09063716,0.0,0.0,0.0
1,1,0.0,0.6442473,0.0,0.09043831,0.084953845,0.0,0.0,0.08972342,0.0,0.09063716,0.0,0.0,0.0
1,1,0.0,0.6442473,0.0,0.09043831,0.084953845,0.0,0.0,0.08972342,0.0,0.09063716,0.0,0.0,0.0
1,1,0.0,0.6442473,0.0,0.09043831,0.084953845,0.0,0.0,0.08972342,0.0,0.09063716,0.0,0.0,0.0
1,1,0.0,0.6442473,0.0,0.09043831,0.084953845,0.0,0.0,0.08972342,0.0,0.09063716,0.0,0.0,0.0
1,1,0.0,0.6442473,0.0,0.09043831,0.084953845,0.0,0.0,0.08972342,0.0,0.09063716,0.0,0.0,0.0
1,1,0.0,0.6442473,0.0,0.09043831,0.084953845,0.0,0.0,0.08972342,0.0,0.09063716,0.0,0.0,0.0
1,1,0.0,0.6442473,0.0,0.09043831,0.084953845,0.0,0.0,0.08972342,0.0,0.09063716,0.0,0.0,0.0
1,1,0.0,0.6442473,0.0,0.09043831,0.084953845,0.0,0.0,0.08972342,0.0,0.09063716,0.0,0.0,0.0
1,1,0.0,0.6442473,0.0,0.09043831,0.084953845,0.0,0.0,0.08972342,0.0,0.09063716,0.0,0.0,0.0
1,1,0.0,0.6442473,0.0,0.09043831,0.084953845,0.0,0.0,0.08972342,0.0,0.09063716,0.0,0.0,0.0
1,1,0.0,0.6442473,0.0,0.09043831,0.084953845,0.0,0.0,0.08972342,0.0,0.09063716,0.0,0.0,0.0
1,1,0.0,0.6442473,0.0,0.09043831,0.084953845,0.0,0.0,0.08972342,0.0,0.09063716,0.0,0.0,0.0
1,1,0.0,0.6442473,0.0,0.09043831,0.084953845,0.0,0.0,0.08972342,0.0,0.09063716,0.0,0.0,0.0
1,1,0.0,0.6442473,0.0,0.09043831,0.084953845,0.0,0.0,0.08972342,0.0,0.09063716,0.0,0.0,0.0
1,1,0.0,0.6442473,0.0,0.09043831,0.084953845,0.0,0.0,0.08972342,0.0,0.09063716,0.0,0.0,0.0
1,1,0.0,0.6442473,0.0,0.09043831,0.084953845,0.0,0.0,0.08972342,0.0,0.09063716,0.0,0.0,0.0
1,1,0.0,0.6442473,0.0,0.09043831,0.084953845,0.0,0.0,0.08972342,0.0,0.09063716,0.0,0.0,0.0
1,1,0.0,0.6442473,0.0,0.09043831,0.084953845,0.0,0.0,0.08972342,0.0,0.09063716,0.0,0.0,0.0
1,1,0.0,0.6442473,0.0,0.09043831,0.084953845,0.0,0.0,0.08972342,0.0,0.09063716,0.0,0.0,0.0
1,1,0.0,0.6442473,0.0,0.09043831,0.084953845,0.0,0.0,0.08972342,0.0,0.09063716,0.0,0.0,0.0
1,1,0.0,0.6442473,0.0,0.09043831,0.084953845,0.0,0.0,0.08972342,0.0,0.09063716,0.0,0.0,0.0
1,1,0.0,0.6442473,0.0,0.09043831,0.084953845,0.0,0.0,0.08972342,0.0,0.09063716,0.0,0.0,0.0
1,1,0.0,0.6442473,0.0,0.09043831,0.084953845,0.0,0.0,0.08972342,0.0,0.09063716,0.0,0.0,0.0
1,1,0.0,0.6442473,0.0,0.09043831,0.084953845,0.0,0.0,0.08972342,0.0,0.09063716,0.0,0.0,0.0
1,1,0.0,0.6442473,0.0,0.09043831,0.084953845,0.0,0.0,0.08972342,0.0,0.09063716,0.0,0.0,0.0
1,1,0.0,0.6442473,0.0,0.09043831,0.084953845,0.0,0.0,0.08972342,0.0,0.09063716,0.0,0.0,0.0
1,1,0.0,0.6442473,0.0,0.09043831,0.084953845,0.0,0.0,0.08972342,0.0,0.09063716,0.0,0.0,0.0
1,1,0.0,0.6442473,0.0,0.09043831,0.084953845,0.0,0.0,0.08972342,0.0,0.09063716,0.0,0.0,0.0
1,1,0.0,0.6442473,0.0,0.09043831,0.084953845,0.0,0.0,0.08972342,0.0,0.09063716,0.0,0.0,0.0
1,1,0.0,0.6442473,0.0,0.09043831,0.084953845,0.0,0.0,0.08972342,0.0,0.09063716,0.0,0.0,0.0
1,1,0.0,0.6442473,0.0,0.09043831,0.084953845,0.0,0.0,0.08972342,0.0,0.09063716,0.0,0.0,0.0
1,1,0.0,0.6442473,0.0,0.09043831,0.084953845,0.0,0.0,0.08972342,0.0,0.09063716,0.0,0.0,0.0
1,1,0.0,0.6442473,0.0,0.09043831,0.084953845,0.0,0.0,0.08972342,0.0,0.09063716,0.0,0.0,0.0
1,1,0.0,0.6442473,0.0,0.09043831,0.084953845,0.0,0.0,0.08972342,0.0,0.09063716,0.0,0.0,0.0
1,1,0.0,0.6442473,0.0,0.09043831,0.084953845,0.0,0.0,0.08972342,0.0,0.09063716,0.0,0.0,0.0
1,1,0.0,0.6442473,0.0,0.09043831,0.084953845,0.0,0.0,0.08972342,0.0,0.09063716,0.0,0.0,0.0
1,1,0.0,0.6442473,0.0,0.09043831,0.084953845,0.0,0.0,0.08972342,0.0,0.09063716,0.0,0.0,0.0
1,1,0.0,0.6442473,0.0,0.09043831,0.084953845,0.0,0.0,0.08972342,0.0,0.09063716,0.0,0.0,0.0
1,1,0.0,0.6442473,0.0,0.09043831,0.084953845,0.0,0.0,0.08972342,0.0,0.09063716,0.0,0.0,0.0
1,1,0.0,0.6442473,0.0,0.09043831,0.084953845,0.0,0.0,0.08972342,0.0,0.09063716,0.0,0.0,0.0
1,1,0.0,0.6442473,0.0,0.09043831,0.084953845,0.0,0.0,0.08972342,0.0,0.09063716,0.0,0.0,0.0
1,1,0.0,0.6442473,0.0,0.09043831,0.084953845,0.0,0.0,0.08972342,0.0,0.09063716,0.0,0.0,0.0
1,1,0.0,0.6442473,0.0,0.09043831,0.084953845,0.0,0.0,0.08972342,0.0,0.09063716,0.0,0.0,0.0
1,1,0.0,0.6442473,0.0,0.09043831,0.084953845,0.0,0.0,0.08972342,0.0,0.09063716,0.0,0.0,0.0
1,1,0.0,0.6442473,0.0,0.09043831,0.084953845,0.0,0.0,0.08972342,0.0,0.09063716,0.0,0.0,0.0
1,1,0.0,0.6442473,0.0,0.09043831,0.084953845,0.0,0.0,0.08972342,0.0,0.09063716,0.0,0.0,0.0
1,1,0.0,0.6442473,0.0,0.09043831,0.084953845,0.0,0.0,0.08972342,0.0,0.09063716,0.0,0.0,0.0
1,1,0.0,0.6442473,0.0,0.09043831,0.084953845,0.0,0.0,0.08972342,0.0,0.09063716,0.0,0.0,0.0
1,1,0.0,0.6442473,0.0,0.09043831,0.084953845,0.0,0.0,0.08972342,0.0,0.09063716,0.0,0.0,0.0
1,1,0.0,0.6442473,0.0,0.09043831,0.084953845,0.0,0.0,0.08972342,0.0,0.09063716,0.0,0.0,0.0
1,1,0.0,0.6442473,0.0,0.09043831,0.084953845,0.0,0.0,0.08972342,0.0,0.09063716,0.0,0.0,0.0
1,1,0.0,0.6442473,0.0,0.09043831,0.084953845,0.0,0.0,0.08972342,0.0,0.09063716,0.0,0.0,0.0
1,1,0.0,0.6442473,0.0,0.09043831,0.084953845,0.0,0.0,0.08972342,0.0,0.09063716,0.0,0.0,0.0
1,1,0.0,0.6442473,0.0,0.09043831,0.084953845,0.0,0.0,0.08972342,0.0,0.09063716,0.0,0.0,0.0
1,1,0.16470192,0.58809984,0.0,0.082556434,0.0,0.0,0.0,0.08190385,0.0,0.08273795,0.0,0.0,0.0
1,1,0.16470192,0.58809984,0.0,0.082556434,0.0,0.0,0.0,0.08190385,0.0,0.08273795,0.0,0.0,0.0
1,1,0.16470192,0.58809984,0.0,0.082556434,0.0,0.0,0.0,0.08190385,0.0,0.08273795,0.0,0.0,0.0
1,1,0.16470192,0.58809984,0.0,0.082556434,0.0,0.0,0.0,0.08190385,0.0,0.08273795,0.0,0.0,0.0
1,1,0.16470192,0.58809984,0.0,0.082556434,0.0,0.0,0.0,0.08190385,0.0,0.08273795,0.0,0.0,0.0
1,1,0.16470192,0.58809984,0.0,0.082556434,0.0,0.0,0.0,0.08190385,0.0,0.08273795,0.0,0.0,0.0
1,1,0.16470192,0.58809984,0.0,0.082556434,0.0,0.0,0.0,0.08190385,0.0,0.08273795,0.0,0.0,0.0
1,1,0.16470192,0.58809984,0.0,0.082556434,0.0,0.0,0.0,0.08190385,0.0,0.08273795,0.0,0.0,0.0
1,1,0.16470192,0.58809984,0.0,0.082556434,0.0,0.0,0.0,0.08190385,0.0,0.08273795,0.0,0.0,0.0
1,1,0.16470192,0.58809984,0.0,0.082556434,0.0,0.0,0.0,0.08190385,0.0,0.08273795,0.0,0.0,0.0
1,1,0.16470192,0.58809984,0.0,0.082556434,0.0,0.0,0.0,0.08190385,0.0,0.08273795,0.0,0.0,0.0
1,1,0.16470192,0.58809984,0.0,0.082556434,0.0,0.0,0.0,0.08190385,0.0,0.08273795,0.0,0.0,0.0
1,1,0.16470192,0.58809984,0.0,0.082556434,0.0,0.0,0.0,0.08190385,0.0,0.08273795,0.0,0.0,0.0
1,1,0.16470192,0.58809984,0.0,0.082556434,0.0,0.0,0.0,0.08190385,0.0,0.08273795,0.0,0.0,0.0
1,1,0.16470192,0.58809984,0.0,0.082556434,0.0,0.0,0.0,0.08190385,0.0,0.08273795,0.0,0.0,0.0
1,1,0.16470192,0.58809984,0.0,0.082556434,0.0,0.0,0.0,0.08190385,0.0,0.08273795,0.0,0.0,0.0
1,1,0.16470192,0.58809984,0.0,0.082556434,0.0,0.0,0.0,0.08190385,0.0,0.08273795,0.0,0.0,0.0
1,1,0.16470192,0.58809984,0.0,0.082556434,0.0,0.0,0.0,0.08190385,0.0,0.08273795,0.0,0.0,0.0
1,1,0.16470192,0.58809984,0.0,0.082556434,0.0,0.0,0.0,0.08190385,0.0,0.08273795,0.0,0.0,0.0
1,1,0.16470192,0.58809984,0.0,0.082556434,0.0,0.0,0.0,0.08190385,0.0,0.08273795,0.0,0.0,0.0
1,1,0.16470192,0.58809984,0.0,0.082556434,0.0,0.0,0.0,0.08190385,0.0,0.08273795,0.0,0.0,0.0
1,1,0.16470192,0.58809984,0.0,0.082556434,0.0,0.0,0.0,0.08190385,0.0,0.08273795,0.0,0.0,0.0
1,1,0.16470192,0.58809984,0.0,0.082556434,0.0,0.0,0.0,0.08190385,0.0,0.08273795,0.0,0.0,0.0
1,1,0.16470192,0.58809984,0.0,0.082556434,0.0,0.0,0.0,0.08190385,0.0,0.08273795,0.0,0.0,0.0
1,1,0.16470192,0.58809984,0.0,0.082556434,0.0,0.0,0.0,0.08190385,0.0,0.08273795,0.0,0.0,0.0
1,1,0.16470192,0.58809984,0.0,0.082556434,0.0,0.0,0.0,0.08190385,0.0,0.08273795,0.0,0.0,0.0
1,1,0.16470192,0.58809984,0.0,0.082556434,0.0,0.0,0.0,0.08190385,0.0,0.08273795,0.0,0.0,0.0
1,1,0.16470192,0.58809984,0.0,0.082556434,0.0,0.0,0.0,0.08190385,0.0,0.08273795,0.0,0.0,0.0
1,1,0.16470192,0.58809984,0.0,0.082556434,0.0,0.0,0.0,0.08190385,0.0,0.08273795,0.0,0.0,0.0
1,1,0.16470192,0.58809984,0.0,0.082556434,0.0,0.0,0.0,0.08190385,0.0,0.08273795,0.0,0.0,0.0
1,1,0.16470192,0.58809984,0.0,0.082556434,0.0,0.0,0.0,0.08190385,0.0,0.08273795,0.0,0.0,0.0
1,1,0.16470192,0.58809984,0.0,0.082556434,0.0,0.0,0.0,0.08190385,0.0,0.08273795,0.0,0.0,0.0
1,1,0.16470192,0.58809984,0.0,0.082556434,0.0,0.0,0.0,0.08190385,0.0,0.08273795,0.0,0.0,0.0
1,1,0.16470192,0.58809984,0.0,0.082556434,0.0,0.0,0.0,0.08190385,0.0,0.08273795,0.0,0.0,0.0
1,1,0.16470192,0.58809984,0.0,0.082556434,0.0,0.0,0.0,0.08190385,0.0,0.08273795,0.0,0.0,0.0
1,1,0.16470192,0.58809984,0.0,0.082556434,0.0,0.0,0.0,0.08190385,0.0,0.08273795,0.0,0.0,0.0
1,1,0.24455601,0.50824577,0.0,0.082556434,0.0,0.0,0.0,0.08190385,0.0,0.08273795,0.0,0.0,0.0
1,1,0.24455601,0.50824577,0.0,0.082556434,0.0,0.0,0.0,0.08190385,0.0,0.08273795,0.0,0.0,0.0
1,1,0.24455601,0.50824577,0.0,0.082556434,0.0,0.0,0.0,0.08190385,0.0,0.08273795,0.0,0.0,0.0
1,1,0.24455601,0.50824577,0.0,0.082556434,0.0,0.0,0.0,0.08190385,0.0,0.08273795,0.0,0.0,0.0
1,1,0.24455601,0.50824577,0.0,0.082556434,0.0,0.0,0.0,0.08190385,0.0,0.08273795,0.0,0.0,0.0
1,1,0.24455601,0.50824577,0.0,0.082556434,0.0,0.0,0.0,0.08190385,0.0,0.08273795,0.0,0.0,0.0
1,1,0.24455601,0.50824577,0.0,0.082556434,0.0,0.0,0.0,0.08190385,0.0,0.08273795,0.0,0.0,0.0
1,1,0.24455601,0.50824577,0.0,0.082556434,0.0,0.0,0.0,0.08190385,0.0,0.08273795,0.0,0.0,0.0
1,1,0.24455601,0.50824577,0.0,0.082556434,0.0,0.0,0.0,0.08190385,0.0,0.08273795,0.0,0.0,0.0
1,1,0.24455601,0.50824577,0.0,0.082556434,0.0,0.0,0.0,0.08190385,0.0,0.08273795,0.0,0.0,0.0
1,1,0.24455601,0.50824577,0.0,0.082556434,0.0,0.0,0.0,0.08190385,0.0,0.08273795,0.0,0.0,0.0
1,1,0.24455601,0.50824577,0.0,0.082556434,0.0,0.0,0.0,0.08190385,0.0,0.08273795,0.0,0.0,0.0
1,1,0.24455601,0.50824577,0.0,0.082556434,0.0,0.0,0.0,0.08190385,0.0,0.08273795,0.0,0.0,0.0
1,1,0.24455601,0.50824577,0.0,0.082556434,0.0,0.0,0.0,0.08190385,0.0,0.08273795,0.0,0.0,0.0
1,1,0.24455601,0.50824577,0.0,0.082556434,0.0,0.0,0.0,0.08190385,0.0,0.08273795,0.0,0.0,0.0
1,1,0.24455601,0.50824577,0.0,0.082556434,0.0,0.0,0.0,0.08190385,0.0,0.08273795,0.0,0.0,0.0
1,1,0.24455601,0.50824577,0.0,0.082556434,0.0,0.0,0.0,0.08190385,0.0,0.08273795,0.0,0.0,0.0
1,1,0.24455601,0.50824577,0.0,0.082556434,0.0,0.0,0.0,0.08190385,0.0,0.08273795,0.0,0.0,0.0
1,1,0.24455601,0.50824577,0.0,0.082556434,0.0,0.0,0.0,0.08190385,0.0,0.08273795,0.0,0.0,0.0
1,1,0.24455601,0.50824577,0.0,0.082556434,0.0,0.0,0.0,0.08190385,0.0,0.08273795,0.0,0.0,0.0
1,1,0.24455601,0.50824577,0.0,0.082556434,0.0,0.0,0.0,0.08190385,0.0,0.08273795,0.0,0.0,0.0
1,1,0.24455601,0.50824577,0.0,0.082556434,0.0,0.0,0.0,0.08190385,0.0,0.08273795,0.0,0.0,0.0
1,1,0.24455601,0.50824577,0.0,0.082556434,0.0,0.0,0.0,0.08190385,0.0,0.08273795,0.0,0.0,0.0
1,1,0.24455601,0.50824577,0.0,0.082556434,0.0,0.0,0.0,0.08190385,0.0,0.08273795,0.0,0.0,0.0
1,1,0.24455601,0.50824577,0.0,0.082556434,0.0,0.0,0.0,0.08190385,0.0,0.08273795,0.0,0.0,0.0
1,1,0.24455601,0.50824577,0.0,0.082556434,0.0,0.0,0.0,0.08190385,0.0,0.08273795,0.0,0.0,0.0
1,1,0.24455601,0.50824577,0.0,0.082556434,0.0,0.0,0.0,0.08190385,0.0,0.08273795,0.0,0.0,0.0
1,1,0.24455601,0.50824577,0.0,0.082556434,0.0,0.0,0.0,0.08190385,0.0,0.08273795,0.0,0.0,0.0
1,1,0.244556,0.43217486,0.0,0.15862732,0.0,0.0,0.0,0.08190385,0.0,0.08273796,0.0,0.0,0.0
1,1,0.244556,0.43217486,0.0,0.15862732,0.0,0.0,0.0,0.08190385,0.0,0.08273796,0.0,0.0,0.0
1,1,0.244556,0.43217486,0.0,0.15862732,0.0,0.0,0.0,0.08190385,0.0,0.08273796,0.0,0.0,0.0
1,1,0.244556,0.43217486,0.0,0.15862732,0.0,0.0,0.0,0.08190385,0.0,0.08273796,0.0,0.0,0.0
1,1,0.244556,0.43217486,0.0,0.15862732,0.0,0.0,0.0,0.08190385,0.0,0.08273796,0.0,0.0,0.0
1,1,0.244556,0.43217486,0.0,0.15862732,0.0,0.0,0.0,0.08190385,0.0,0.08273796,0.0,0.0,0.0
1,1,0.244556,0.43217486,0.0,0.15862732,0.0,0.0,0.0,0.08190385,0.0,0.08273796,0.0,0.0,0.0
1,1,0.244556,0.43217486,0.0,0.15862732,0.0,0.0,0.0,0.08190385,0.0,0.08273796,0.0,0.0,0.0
1,1,0.244556,0.43217486,0.0,0.15862732,0.0,0.0,0.0,0.08190385,0.0,0.08273796,0.0,0.0,0.0
1,1,0.244556,0.43217486,0.0,0.15862732,0.0,0.0,0.0,0.08190385,0.0,0.08273796,0.0,0.0,0.0
1,1,0.244556,0.43217486,0.0,0.15862732,0.0,0.0,0.0,0.08190385,0.0,0.08273796,0.0,0.0,0.0
1,1,0.244556,0.43217486,0.0,0.15862732,0.0,0.0,0.0,0.08190385,0.0,0.08273796,0.0,0.0,0.0
1,1,0.244556,0.43217486,0.0,0.15862732,0.0,0.0,0.0,0.08190385,0.0,0.08273796,0.0,0.0,0.0
1,1,0.244556,0.43217486,0.0,0.15862732,0.0,0.0,0.0,0.08190385,0.0,0.08273796,0.0,0.0,0.0
1,1,0.244556,0.34922534,0.0,0.24157682,0.0,0.0,0.0,0.08190385,0.0,0.08273796,0.0,0.0,0.0
1,1,0.244556,0.34922534,0.0,0.24157682,0.0,0.0,0.0,0.08190385,0.0,0.08273796,0.0,0.0,0.0
2,1,0.2242909,0.32028684,0.0,0.30442342,0.0,0.0,0.0,0.0751169,0.0,0.07588189,0.0,0.0,0.0
2,1,0.2242909,0.32028684,0.0,0.30442342,0.0,0.0,0.0,0.0751169,0.0,0.07588189,0.0,0.0,0.0
2,1,0.2242909,0.32028684,0.0,0.30442342,0.0,0.0,0.0,0.0751169,0.0,0.07588189,0.0,0.0,0.0
2,1,0.2242909,0.32028684,0.0,0.30442342,0.0,0.0,0.0,0.0751169,0.0,0.07588189,0.0,0.0,0.0
2,3,0.20772001,0.29662365,0.0,0.35581353,0.0,0.0,0.0,0.06956717,0.0,0.070275635,0.0,0.0,0.0
2,3,0.20772001,0.29662365,0.0,0.35581353,0.0,0.0,0.0,0.06956717,0.0,0.070275635,0.0,0.0,0.0
2,3,0.20772001,0.29662365,0.0,0.35581353,0.0,0.0,0.0,0.06956717,0.0,0.070275635,0.0,0.0,0.0
2,3,0.20772001,0.29662365,0.0,0.35581353,0.0,0.0,0.0,0.06956717,0.0,0.070275635,0.0,0.0,0.0
2,3,0.20772001,0.29662365,0.0,0.35581353,0.0,0.0,0.0,0.06956717,0.0,0.070275635,0.0,0.0,0.0
2,3,0.20772001,0.29662365,0.0,0.35581353,0.0,0.0,0.0,0.06956717,0.0,0.070275635,0.0,0.0,0.0
2,3,0.20772001,0.29662365,0.0,0.35581353,0.0,0.0,0.0,0.06956717,0.0,0.070275635,0.0,0.0,0.0
2,3,0.20772001,0.29662365,0.0,0.35581353,0.0,0.0,0.0,0.06956717,0.0,0.070275635,0.0,0.0,0.0
2,3,0.20772001,0.29662365,0.0,0.35581353,0.0,0.0,0.0,0.06956717,0.0,0.070275635,0.0,0.0,0.0
2,3,0.20772001,0.29662365,0.0,0.35581353,0.0,0.0,0.0,0.06956717,0.0,0.070275635,0.0,0.0,0.0
2,3,0.20772001,0.29662365,0.0,0.35581353,0.0,0.0,0.0,0.06956717,0.0,0.070275635,0.0,0.0,0.0
2,3,0.20772001,0.29662365,0.0,0.35581353,0.0,0.0,0.0,0.06956717,0.0,0.070275635,0.0,0.0,0.0
2,3,0.25542992,0.27876142,0.0,0.33438694,0.0,0.0,0.0,0.065377936,0.0,0.06604374,0.0,0.0,0.0
2,3,0.25542995,0.27876142,0.0,0.3997649,0.0,0.0,0.0,0.0,0.0,0.06604374,0.0,0.0,0.0
2,3,0.25542995,0.27876142,0.0,0.3997649,0.0,0.0,0.0,0.0,0.0,0.06604374,0.0,0.0,0.0
2,3,0.25542995,0.27876142,0.0,0.3997649,0.0,0.0,0.0,0.0,0.0,0.06604374,0.0,0.0,0.0
2,3,0.25542995,0.27876142,0.0,0.3997649,0.0,0.0,0.0,0.0,0.0,0.06604374,0.0,0.0,0.0
2,3,0.25542995,0.27876142,0.0,0.3997649,0.0,0.0,0.0,0.0,0.0,0.06604374,0.0,0.0,0.0
2,3,0.25542995,0.27876142,0.0,0.3997649,0.0,0.0,0.0,0.0,0.0,0.06604374,0.0,0.0,0.0
2,3,0.25542995,0.27876142,0.0,0.3997649,0.0,0.0,0.0,0.0,0.0,0.06604374,0.0,0.0,0.0
2,3,0.25542995,0.27876142,0.0,0.3997649,0.0,0.0,0.0,0.0,0.0,0.06604374,0.0,0.0,0.0
2,3,0.25542995,0.27876142,0.0,0.3997649,0.0,0.0,0.0,0.0,0.0,0.06604374,0.0,0.0,0.0
2,3,0.25542995,0.27876142,0.0,0.3997649,0.0,0.0,0.0,0.0,0.0,0.06604374,0.0,0.0,0.0
2,3,0.25542995,0.27876142,0.0,0.3997649,0.0,0.0,0.0,0.0,0.0,0.06604374,0.0,0.0,0.0
2,3,0.25542995,0.27876142,0.0,0.3997649,0.0,0.0,0.0,0.0,0.0,0.06604374,0.0,0.0,0.0
2,3,0.25542992,0.20592134,0.0,0.47260496,0.0,0.0,0.0,0.0,0.0,0.06604374,0.0,0.0,0.0
2,3,0.25542992,0.20592134,0.0,0.47260496,0.0,0.0,0.0,0.0,0.0,0.06604374,0.0,0.0,0.0
2,3,0.25542992,0.20592134,0.0,0.47260496,0.0,0.0,0.0,0.0,0.0,0.06604374,0.0,0.0,0.0
2,3,0.3251763,0.13617499,0.0,0.47260496,0.0,0.0,0.0,0.0,0.0,0.06604374,0.0,0.0,0.0
2,3,0.3251763,0.13617499,0.0,0.47260496,0.0,0.0,0.0,0.0,0.0,0.06604374,0.0,0.0,0.0
2,3,0.3251763,0.13617499,0.0,0.47260496,0.0,0.0,0.0,0.0,0.0,0.06604374,0.0,0.0,0.0
2,3,0.3251763,0.13617499,0.0,0.47260496,0.0,0.0,0.0,0.0,0.0,0.06604374,0.0,0.0,0.0
2,3,0.32517633,0.07556438,0.0,0.5332156,0.0,0.0,0.0,0.0,0.0,0.06604374,0.0,0.0,0.0
2,3,0.32517633,0.07556438,0.0,0.5332156,0.0,0.0,0.0,0.0,0.0,0.06604374,0.0,0.0,0.0
2,3,0.32517633,0.07556438,0.0,0.5332156,0.0,0.0,0.0,0.0,0.0,0.06604374,0.0,0.0,0.0
2,3,0.32517633,0.07556438,0.0,0.5332156,0.0,0.0,0.0,0.0,0.0,0.06604374,0.0,0.0,0.0
2,3,0.32517633,0.07556438,0.0,0.5332156,0.0,0.0,0.0,0.0,0.0,0.06604374,0.0,0.0,0.0
2,3,0.32517633,0.07556438,0.0,0.5332156,0.0,0.0,0.0,0.0,0.0,0.06604374,0.0,0.0,0.0
2,3,0.32517633,0.07556438,0.0,0.5332156,0.0,0.0,0.0,0.0,0.0,0.06604374,0.0,0.0,0.0
2,3,0.32517633,0.07556438,0.0,0.5332156,0.0,0.0,0.0,0.0,0.0,0.06604374,0.0,0.0,0.0
2,3,0.32517633,0.07556438,0.0,0.5332156,0.0,0.0,0.0,0.0,0.0,0.06604374,0.0,0.0,0.0
2,3,0.32517633,0.07556438,0.0,0.5332156,0.0,0.0,0.0,0.0,0.0,0.06604374,0.0,0.0,0.0
2,3,0.32517633,0.07556438,0.0,0.5332156,0.0,0.0,0.0,0.0,0.0,0.06604374,0.0,0.0,0.0
2,3,0.32517633,0.07556438,0.0,0.5332156,0.0,0.0,0.0,0.0,0.0,0.06604374,0.0,0.0,0.0
2,3,0.3251763,0.0,0.0,0.6087799,0.0,0.0,0.0,0.0,0.0,0.066043735,0.0,0.0,0.0
2,3,0.3251763,0.0,0.0,0.6087799,0.0,0.0,0.0,0.0,0.0,0.066043735,0.0,0.0,0.0
2,3,0.26143456,0.0,0.0,0.6725217,0.0,0.0,0.0,0.0,0.0,0.06604374,0.0,0.0,0.0
2,3,0.26143456,0.0,0.0,0.6725217,0.0,0.0,0.0,0.0,0.0,0.06604374,0.0,0.0,0.0
2,3,0.26143456,0.0,0.0,0.6725217,0.0,0.0,0.0,0.0,0.0,0.06604374,0.0,0.0,0.0
2,3,0.26143456,0.0,0.0,0.6725217,0.0,0.0,0.0,0.0,0.0,0.06604374,0.0,0.0,0.0
2,3,0.26143456,0.0,0.0,0.6725217,0.0,0.0,0.0,0.0,0.0,0.06604374,0.0,0.0,0.0
2,3,0.26143456,0.0,0.0,0.6725217,0.0,0.0,0.0,0.0,0.0,0.06604374,0.0,0.0,0.0
2,3,0.24498516,0.0,0.0,0.6931265,0.0,0.0,0.0,0.0,0.0,0.061888285,0.0,0.0,0.0
2,3,0.24498516,0.0,0.0,0.6931265,0.0,0.0,0.0,0.0,0.0,0.061888285,0.0,0.0,0.0
2,3,0.24498516,0.0,0.0,0.6931265,0.0,0.0,0.0,0.0,0.0,0.061888285,0.0,0.0,0.0
2,3,0.24498516,0.0,0.0,0.6931265,0.0,0.0,0.0,0.0,0.0,0.061888285,0.0,0.0,0.0
2,3,0.24498516,0.0,0.0,0.6931265,0.0,0.0,0.0,0.0,0.0,0.061888285,0.0,0.0,0.0
2,3,0.24498516,0.0,0.0,0.6931265,0.0,0.0,0.0,0.0,0.0,0.061888285,0.0,0.0,0.0
2,3,0.24498516,0.0,0.0,0.6931265,0.0,0.0,0.0,0.0,0.0,0.061888285,0.0,0.0,0.0
2,3,0.24498516,0.0,0.0,0.6931265,0.0,0.0,0.0,0.0,0.0,0.061888285,0.0,0.0,0.0
2,3,0.24498516,0.0,0.0,0.6931265,0.0,0.0,0.0,0.0,0.0,0.061888285,0.0,0.0,0.0
2,3,0.24498516,0.0,0.0,0.6931265,0.0,0.0,0.0,0.0,0.0,0.061888285,0.0,0.0,0.0
2,3,0.24498516,0.0,0.0,0.6931265,0.0,0.0,0.0,0.0,0.0,0.061888285,0.0,0.0,0.0
2,3,0.24498516,0.0,0.0,0.6931265,0.0,0.0,0.0,0.0,0.0,0.061888285,0.0,0.0,0.0
2,3,0.24498516,0.0,0.0,0.6931265,0.0,0.0,0.0,0.0,0.0,0.061888285,0.0,0.0,0.0
2,3,0.24498516,0.0,0.0,0.6931265,0.0,0.0,0.0,0.0,0.0,0.061888285,0.0,0.0,0.0
2,3,0.24498516,0.0,0.0,0.6931265,0.0,0.0,0.0,0.0,0.0,0.061888285,0.0,0.0,0.0
2,3,0.24498516,0.0,0.0,0.6931265,0.0,0.0,0.0,0.0,0.0,0.061888285,0.0,0.0,0.0
2,3,0.24498516,0.0,0.0,0.6931265,0.0,0.0,0.0,0.0,0.0,0.061888285,0.0,0.0,0.0
2,3,0.24498516,0.0,0.0,0.6931265,0.0,0.0,0.0,0.0,0.0,0.061888285,0.0,0.0,0.0
2,3,0.24498516,0.0,0.0,0.6931265,0.0,0.0,0.0,0.0,0.0,0.061888285,0.0,0.0,0.0
2,3,0.24498516,0.0,0.0,0.6931265,0.0,0.0,0.0,0.0,0.0,0.061888285,0.0,0.0,0.0
2,3,0.24498516,0.0,0.0,0.6931265,0.0,0.0,0.0,0.0,0.0,0.061888285,0.0,0.0,0.0
2,3,0.24498516,0.0,0.0,0.6931265,0.0,0.0,0.0,0.0,0.0,0.061888285,0.0,0.0,0.0
2,3,0.24498516,0.0,0.0,0.6931265,0.0,0.0,0.0,0.0,0.0,0.061888285,0.0,0.0,0.0
2,3,0.24498516,0.0,0.0,0.6931265,0.0,0.0,0.0,0.0,0.0,0.061888285,0.0,0.0,0.0
2,3,0.18855557,0.0,0.0,0.81144446,0.0,0.0,0.0,0.0,0.0,0.0,0.0,0.0,0.0
2,3,0.18855557,0.0,0.0,0.81144446,0.0,0.0,0.0,0.0,0.0,0.0,0.0,0.0,0.0
2,3,0.18855557,0.0,0.0,0.81144446,0.0,0.0,0.0,0.0,0.0,0.0,0.0,0.0,0.0
2,3,0.18855557,0.0,0.0,0.81144446,0.0,0.0,0.0,0.0,0.0,0.0,0.0,0.0,0.0
2,3,0.18855557,0.0,0.0,0.81144446,0.0,0.0,0.0,0.0,0.0,0.0,0.0,0.0,0.0
2,3,0.18855557,0.0,0.0,0.81144446,0.0,0.0,0.0,0.0,0.0,0.0,0.0,0.0,0.0
2,3,0.18855557,0.0,0.0,0.81144446,0.0,0.0,0.0,0.0,0.0,0.0,0.0,0.0,0.0
2,3,0.18855557,0.0,0.0,0.81144446,0.0,0.0,0.0,0.0,0.0,0.0,0.0,0.0,0.0
2,3,0.18855557,0.0,0.0,0.81144446,0.0,0.0,0.0,0.0,0.0,0.0,0.0,0.0,0.0
2,3,0.18855557,0.0,0.0,0.81144446,0.0,0.0,0.0,0.0,0.0,0.0,0.0,0.0,0.0
2,3,0.18855557,0.0,0.0,0.81144446,0.0,0.0,0.0,0.0,0.0,0.0,0.0,0.0,0.0
2,3,0.18855557,0.0,0.0,0.81144446,0.0,0.0,0.0,0.0,0.0,0.0,0.0,0.0,0.0
2,3,0.18855557,0.0,0.0,0.81144446,0.0,0.0,0.0,0.0,0.0,0.0,0.0,0.0,0.0
2,3,0.18855557,0.0,0.0,0.81144446,0.0,0.0,0.0,0.0,0.0,0.0,0.0,0.0,0.0
2,3,0.18855557,0.0,0.0,0.81144446,0.0,0.0,0.0,0.0,0.0,0.0,0.0,0.0,0.0
2,3,0.18855557,0.0,0.0,0.81144446,0.0,0.0,0.0,0.0,0.0,0.0,0.0,0.0,0.0
2,3,0.18855557,0.0,0.0,0.81144446,0.0,0.0,0.0,0.0,0.0,0.0,0.0,0.0,0.0
2,3,0.18855557,0.0,0.0,0.81144446,0.0,0.0,0.0,0.0,0.0,0.0,0.0,0.0,0.0
2,3,0.18855557,0.0,0.0,0.81144446,0.0,0.0,0.0,0.0,0.0,0.0,0.0,0.0,0.0
2,3,0.18855557,0.0,0.0,0.81144446,0.0,0.0,0.0,0.0,0.0,0.0,0.0,0.0,0.0
2,3,0.18855557,0.0,0.0,0.81144446,0.0,0.0,0.0,0.0,0.0,0.0,0.0,0.0,0.0
2,3,0.18855557,0.0,0.0,0.81144446,0.0,0.0,0.0,0.0,0.0,0.0,0.0,0.0,0.0
2,3,0.18855557,0.0,0.0,0.81144446,0.0,0.0,0.0,0.0,0.0,0.0,0.0,0.0,0.0
2,3,0.18855557,0.0,0.0,0.81144446,0.0,0.0,0.0,0.0,0.0,0.0,0.0,0.0,0.0
2,3,0.18855557,0.0,0.0,0.81144446,0.0,0.0,0.0,0.0,0.0,0.0,0.0,0.0,0.0
2,3,0.18855557,0.0,0.0,0.81144446,0.0,0.0,0.0,0.0,0.0,0.0,0.0,0.0,0.0
2,3,0.18855557,0.0,0.0,0.81144446,0.0,0.0,0.0,0.0,0.0,0.0,0.0,0.0,0.0
2,3,0.18855557,0.0,0.0,0.81144446,0.0,0.0,0.0,0.0,0.0,0.0,0.0,0.0,0.0
2,3,0.18855557,0.0,0.0,0.81144446,0.0,0.0,0.0,0.0,0.0,0.0,0.0,0.0,0.0
2,3,0.18855557,0.0,0.0,0.81144446,0.0,0.0,0.0,0.0,0.0,0.0,0.0,0.0,0.0
2,3,0.18855557,0.0,0.0,0.81144446,0.0,0.0,0.0,0.0,0.0,0.0,0.0,0.0,0.0
2,3,0.18855557,0.0,0.0,0.81144446,0.0,0.0,0.0,0.0,0.0,0.0,0.0,0.0,0.0
2,3,0.18855557,0.0,0.0,0.81144446,0.0,0.0,0.0,0.0,0.0,0.0,0.0,0.0,0.0
2,3,0.18855557,0.0,0.0,0.81144446,0.0,0.0,0.0,0.0,0.0,0.0,0.0,0.0,0.0
2,3,0.18855557,0.0,0.0,0.81144446,0.0,0.0,0.0,0.0,0.0,0.0,0.0,0.0,0.0
2,3,0.18855557,0.0,0.0,0.81144446,0.0,0.0,0.0,0.0,0.0,0.0,0.0,0.0,0.0
2,3,0.18855557,0.0,0.0,0.81144446,0.0,0.0,0.0,0.0,0.0,0.0,0.0,0.0,0.0
2,3,0.18855557,0.0,0.0,0.81144446,0.0,0.0,0.0,0.0,0.0,0.0,0.0,0.0,0.0
2,3,0.18855557,0.0,0.0,0.81144446,0.0,0.0,0.0,0.0,0.0,0.0,0.0,0.0,0.0
2,3,0.18855557,0.0,0.0,0.81144446,0.0,0.0,0.0,0.0,0.0,0.0,0.0,0.0,0.0
2,3,0.18855557,0.0,0.0,0.81144446,0.0,0.0,0.0,0.0,0.0,0.0,0.0,0.0,0.0
2,3,0.18855557,0.0,0.0,0.81144446,0.0,0.0,0.0,0.0,0.0,0.0,0.0,0.0,0.0
2,3,0.18855557,0.0,0.0,0.81144446,0.0,0.0,0.0,0.0,0.0,0.0,0.0,0.0,0.0
2,3,0.18855557,0.0,0.0,0.81144446,0.0,0.0,0.0,0.0,0.0,0.0,0.0,0.0,0.0
2,3,0.18855557,0.0,0.0,0.81144446,0.0,0.0,0.0,0.0,0.0,0.0,0.0,0.0,0.0
2,3,0.18855557,0.0,0.0,0.81144446,0.0,0.0,0.0,0.0,0.0,0.0,0.0,0.0,0.0
2,3,0.18855557,0.0,0.0,0.81144446,0.0,0.0,0.0,0.0,0.0,0.0,0.0,0.0,0.0
2,3,0.18855557,0.0,0.0,0.81144446,0.0,0.0,0.0,0.0,0.0,0.0,0.0,0.0,0.0
2,3,0.12336559,0.0,0.0,0.8766344,0.0,0.0,0.0,0.0,0.0,0.0,0.0,0.0,0.0
2,3,0.12336559,0.0,0.0,0.8766344,0.0,0.0,0.0,0.0,0.0,0.0,0.0,0.0,0.0
2,3,0.12336559,0.0,0.0,0.8766344,0.0,0.0,0.0,0.0,0.0,0.0,0.0,0.0,0.0
2,3,0.12336559,0.0,0.0,0.8766344,0.0,0.0,0.0,0.0,0.0,0.0,0.0,0.0,0.0
2,3,0.12336559,0.0,0.0,0.8766344,0.0,0.0,0.0,0.0,0.0,0.0,0.0,0.0,0.0
2,3,0.12336559,0.0,0.0,0.8766344,0.0,0.0,0.0,0.0,0.0,0.0,0.0,0.0,0.0
2,3,0.12336559,0.0,0.0,0.8766344,0.0,0.0,0.0,0.0,0.0,0.0,0.0,0.0,0.0
2,3,0.12336559,0.0,0.0,0.8766344,0.0,0.0,0.0,0.0,0.0,0.0,0.0,0.0,0.0
2,3,0.12336559,0.0,0.0,0.8766344,0.0,0.0,0.0,0.0,0.0,0.0,0.0,0.0,0.0
2,3,0.12336559,0.0,0.0,0.8766344,0.0,0.0,0.0,0.0,0.0,0.0,0.0,0.0,0.0
2,3,0.12336559,0.0,0.0,0.8766344,0.0,0.0,0.0,0.0,0.0,0.0,0.0,0.0,0.0
2,3,0.12336559,0.0,0.0,0.8766344,0.0,0.0,0.0,0.0,0.0,0.0,0.0,0.0,0.0
2,3,0.12336559,0.0,0.0,0.8766344,0.0,0.0,0.0,0.0,0.0,0.0,0.0,0.0,0.0
2,3,0.12336559,0.0,0.0,0.8766344,0.0,0.0,0.0,0.0,0.0,0.0,0.0,0.0,0.0
2,3,0.12336559,0.0,0.0,0.8766344,0.0,0.0,0.0,0.0,0.0,0.0,0.0,0.0,0.0
2,3,0.12336559,0.0,0.0,0.8766344,0.0,0.0,0.0,0.0,0.0,0.0,0.0,0.0,0.0
2,3,0.12336559,0.0,0.0,0.8766344,0.0,0.0,0.0,0.0,0.0,0.0,0.0,0.0,0.0
2,3,0.12336559,0.0,0.0,0.8766344,0.0,0.0,0.0,0.0,0.0,0.0,0.0,0.0,0.0
2,3,0.12336559,0.0,0.0,0.8766344,0.0,0.0,0.0,0.0,0.0,0.0,0.0,0.0,0.0
2,3,0.12336559,0.0,0.0,0.8766344,0.0,0.0,0.0,0.0,0.0,0.0,0.0,0.0,0.0
2,3,0.12336559,0.0,0.0,0.8766344,0.0,0.0,0.0,0.0,0.0,0.0,0.0,0.0,0.0
2,3,0.12336559,0.0,0.0,0.8766344,0.0,0.0,0.0,0.0,0.0,0.0,0.0,0.0,0.0
2,3,0.12336559,0.0,0.0,0.8766344,0.0,0.0,0.0,0.0,0.0,0.0,0.0,0.0,0.0
2,3,0.12336559,0.0,0.0,0.8766344,0.0,0.0,0.0,0.0,0.0,0.0,0.0,0.0,0.0
2,3,0.12336559,0.0,0.0,0.8766344,0.0,0.0,0.0,0.0,0.0,0.0,0.0,0.0,0.0
2,3,0.12336559,0.0,0.0,0.8766344,0.0,0.0,0.0,0.0,0.0,0.0,0.0,0.0,0.0
2,3,0.12336559,0.0,0.0,0.8766344,0.0,0.0,0.0,0.0,0.0,0.0,0.0,0.0,0.0
2,3,0.12336559,0.0,0.0,0.8766344,0.0,0.0,0.0,0.0,0.0,0.0,0.0,0.0,0.0
2,3,0.12336559,0.0,0.0,0.8766344,0.0,0.0,0.0,0.0,0.0,0.0,0.0,0.0,0.0
2,3,0.12336559,0.0,0.0,0.8766344,0.0,0.0,0.0,0.0,0.0,0.0,0.0,0.0,0.0
2,3,0.12336559,0.0,0.0,0.8766344,0.0,0.0,0.0,0.0,0.0,0.0,0.0,0.0,0.0
2,3,0.12336559,0.0,0.0,0.8766344,0.0,0.0,0.0,0.0,0.0,0.0,0.0,0.0,0.0
2,3,0.12336559,0.0,0.0,0.8766344,0.0,0.0,0.0,0.0,0.0,0.0,0.0,0.0,0.0
2,3,0.12336559,0.0,0.0,0.8766344,0.0,0.0,0.0,0.0,0.0,0.0,0.0,0.0,0.0
2,3,0.12336559,0.0,0.0,0.8766344,0.0,0.0,0.0,0.0,0.0,0.0,0.0,0.0,0.0
2,3,0.12336559,0.0,0.0,0.8766344,0.0,0.0,0.0,0.0,0.0,0.0,0.0,0.0,0.0
2,3,0.12336559,0.0,0.0,0.8766344,0.0,0.0,0.0,0.0,0.0,0.0,0.0,0.0,0.0
2,3,0.12336559,0.0,0.0,0.8766344,0.0,0.0,0.0,0.0,0.0,0.0,0.0,0.0,0.0
2,3,0.12336559,0.0,0.0,0.8766344,0.0,0.0,0.0,0.0,0.0,0.0,0.0,0.0,0.0
2,3,0.12336559,0.0,0.0,0.8766344,0.0,0.0,0.0,0.0,0.0,0.0,0.0,0.0,0.0
2,3,0.12336559,0.0,0.0,0.8766344,0.0,0.0,0.0,0.0,0.0,0.0,0.0,0.0,0.0
2,3,0.12336559,0.0,0.0,0.8766344,0.0,0.0,0.0,0.0,0.0,0.0,0.0,0.0,0.0
2,3,0.12336559,0.0,0.0,0.8766344,0.0,0.0,0.0,0.0,0.0,0.0,0.0,0.0,0.0
2,3,0.12336559,0.0,0.0,0.8766344,0.0,0.0,0.0,0.0,0.0,0.0,0.0,0.0,0.0
2,3,0.12336559,0.0,0.0,0.8766344,0.0,0.0,0.0,0.0,0.0,0.0,0.0,0.0,0.0
2,3,0.12336559,0.0,0.0,0.8766344,0.0,0.0,0.0,0.0,0.0,0.0,0.0,0.0,0.0
2,3,0.12336559,0.0,0.0,0.8766344,0.0,0.0,0.0,0.0,0.0,0.0,0.0,0.0,0.0
2,3,0.12336559,0.0,0.0,0.8766344,0.0,0.0,0.0,0.0,0.0,0.0,0.0,0.0,0.0
2,3,0.12336559,0.0,0.0,0.8766344,0.0,0.0,0.0,0.0,0.0,0.0,0.0,0.0,0.0
2,3,0.12336559,0.0,0.0,0.8766344,0.0,0.0,0.0,0.0,0.0,0.0,0.0,0.0,0.0
2,3,0.12336559,0.0,0.0,0.8766344,0.0,0.0,0.0,0.0,0.0,0.0,0.0,0.0,0.0
2,3,0.12336559,0.0,0.0,0.8766344,0.0,0.0,0.0,0.0,0.0,0.0,0.0,0.0,0.0
2,3,0.12336559,0.0,0.0,0.8766344,0.0,0.0,0.0,0.0,0.0,0.0,0.0,0.0,0.0
2,3,0.12336559,0.0,0.0,0.8766344,0.0,0.0,0.0,0.0,0.0,0.0,0.0,0.0,0.0
2,3,0.12336559,0.0,0.0,0.8766344,0.0,0.0,0.0,0.0,0.0,0.0,0.0,0.0,0.0
2,3,0.12336559,0.0,0.0,0.8766344,0.0,0.0,0.0,0.0,0.0,0.0,0.0,0.0,0.0
2,3,0.12336559,0.0,0.0,0.8766344,0.0,0.0,0.0,0.0,0.0,0.0,0.0,0.0,0.0
2,3,0.12336559,0.0,0.0,0.8766344,0.0,0.0,0.0,0.0,0.0,0.0,0.0,0.0,0.0
2,3,0.12336559,0.0,0.0,0.8766344,0.0,0.0,0.0,0.0,0.0,0.0,0.0,0.0,0.0
2,3,0.12336559,0.0,0.0,0.8766344,0.0,0.0,0.0,0.0,0.0,0.0,0.0,0.0,0.0
2,3,0.12336559,0.0,0.0,0.8766344,0.0,0.0,0.0,0.0,0.0,0.0,0.0,0.0,0.0
2,3,0.12336559,0.0,0.0,0.8766344,0.0,0.0,0.0,0.0,0.0,0.0,0.0,0.0,0.0
2,3,0.12336559,0.0,0.0,0.8766344,0.0,0.0,0.0,0.0,0.0,0.0,0.0,0.0,0.0
2,3,0.12336559,0.0,0.0,0.8766344,0.0,0.0,0.0,0.0,0.0,0.0,0.0,0.0,0.0
2,3,0.12336559,0.0,0.0,0.8766344,0.0,0.0,0.0,0.0,0.0,0.0,0.0,0.0,0.0
2,3,0.12336559,0.0,0.0,0.8766344,0.0,0.0,0.0,0.0,0.0,0.0,0.0,0.0,0.0
2,3,0.12336559,0.0,0.0,0.8766344,0.0,0.0,0.0,0.0,0.0,0.0,0.0,0.0,0.0
2,3,0.12336559,0.0,0.0,0.8766344,0.0,0.0,0.0,0.0,0.0,0.0,0.0,0.0,0.0
2,3,0.12336559,0.0,0.0,0.8766344,0.0,0.0,0.0,0.0,0.0,0.0,0.0,0.0,0.0
2,3,0.12336559,0.0,0.0,0.8766344,0.0,0.0,0.0,0.0,0.0,0.0,0.0,0.0,0.0
2,3,0.12336559,0.0,0.0,0.8766344,0.0,0.0,0.0,0.0,0.0,0.0,0.0,0.0,0.0
2,3,0.12336559,0.0,0.0,0.8766344,0.0,0.0,0.0,0.0,0.0,0.0,0.0,0.0,0.0
2,3,0.12336559,0.0,0.0,0.8766344,0.0,0.0,0.0,0.0,0.0,0.0,0.0,0.0,0.0
2,3,0.12336559,0.0,0.0,0.8766344,0.0,0.0,0.0,0.0,0.0,0.0,0.0,0.0,0.0
2,3,0.12336559,0.0,0.0,0.8766344,0.0,0.0,0.0,0.0,0.0,0.0,0.0,0.0,0.0
2,3,0.12336559,0.0,0.0,0.8766344,0.0,0.0,0.0,0.0,0.0,0.0,0.0,0.0,0.0
2,3,0.12336559,0.0,0.0,0.8766344,0.0,0.0,0.0,0.0,0.0,0.0,0.0,0.0,0.0
2,3,0.12336559,0.0,0.0,0.8766344,0.0,0.0,0.0,0.0,0.0,0.0,0.0,0.0,0.0
2,3,0.12336559,0.0,0.0,0.8766344,0.0,0.0,0.0,0.0,0.0,0.0,0.0,0.0,0.0
2,3,0.12336559,0.0,0.0,0.8766344,0.0,0.0,0.0,0.0,0.0,0.0,0.0,0.0,0.0
2,3,0.12336559,0.0,0.0,0.8766344,0.0,0.0,0.0,0.0,0.0,0.0,0.0,0.0,0.0
2,3,0.12336559,0.0,0.0,0.8766344,0.0,0.0,0.0,0.0,0.0,0.0,0.0,0.0,0.0
2,3,0.12336559,0.0,0.0,0.8766344,0.0,0.0,0.0,0.0,0.0,0.0,0.0,0.0,0.0
2,3,0.12336559,0.0,0.0,0.8766344,0.0,0.0,0.0,0.0,0.0,0.0,0.0,0.0,0.0
2,3,0.12336559,0.0,0.0,0.8766344,0.0,0.0,0.0,0.0,0.0,0.0,0.0,0.0,0.0
2,3,0.12336559,0.0,0.0,0.8766344,0.0,0.0,0.0,0.0,0.0,0.0,0.0,0.0,0.0
2,3,0.12336559,0.0,0.0,0.8766344,0.0,0.0,0.0,0.0,0.0,0.0,0.0,0.0,0.0
2,3,0.12336559,0.0,0.0,0.8766344,0.0,0.0,0.0,0.0,0.0,0.0,0.0,0.0,0.0
2,3,0.12336559,0.0,0.0,0.8766344,0.0,0.0,0.0,0.0,0.0,0.0,0.0,0.0,0.0
2,3,0.12336559,0.0,0.0,0.8766344,0.0,0.0,0.0,0.0,0.0,0.0,0.0,0.0,0.0
2,3,0.12336559,0.0,0.0,0.8766344,0.0,0.0,0.0,0.0,0.0,0.0,0.0,0.0,0.0
2,3,0.12336559,0.0,0.0,0.8766344,0.0,0.0,0.0,0.0,0.0,0.0,0.0,0.0,0.0
2,3,0.12336559,0.0,0.0,0.8766344,0.0,0.0,0.0,0.0,0.0,0.0,0.0,0.0,0.0
2,3,0.12336559,0.0,0.0,0.8766344,0.0,0.0,0.0,0.0,0.0,0.0,0.0,0.0,0.0
2,3,0.12336559,0.0,0.0,0.8766344,0.0,0.0,0.0,0.0,0.0,0.0,0.0,0.0,0.0
2,3,0.12336559,0.0,0.0,0.8766344,0.0,0.0,0.0,0.0,0.0,0.0,0.0,0.0,0.0
2,3,0.12336559,0.0,0.0,0.8766344,0.0,0.0,0.0,0.0,0.0,0.0,0.0,0.0,0.0
2,3,0.12336559,0.0,0.0,0.8766344,0.0,0.0,0.0,0.0,0.0,0.0,0.0,0.0,0.0
2,3,0.12336559,0.0,0.0,0.8766344,0.0,0.0,0.0,0.0,0.0,0.0,0.0,0.0,0.0
2,3,0.12336559,0.0,0.0,0.8766344,0.0,0.0,0.0,0.0,0.0,0.0,0.0,0.0,0.0
2,3,0.12336559,0.0,0.0,0.8766344,0.0,0.0,0.0,0.0,0.0,0.0,0.0,0.0,0.0
2,3,0.12336559,0.0,0.0,0.8766344,0.0,0.0,0.0,0.0,0.0,0.0,0.0,0.0,0.0
2,3,0.12336559,0.0,0.0,0.8766344,0.0,0.0,0.0,0.0,0.0,0.0,0.0,0.0,0.0
2,3,0.12336559,0.0,0.0,0.8766344,0.0,0.0,0.0,0.0,0.0,0.0,0.0,0.0,0.0
2,3,0.12336559,0.0,0.0,0.8766344,0.0,0.0,0.0,0.0,0.0,0.0,0.0,0.0,0.0
2,3,0.12336559,0.0,0.0,0.8766344,0.0,0.0,0.0,0.0,0.0,0.0,0.0,0.0,0.0
2,3,0.12336559,0.0,0.0,0.8766344,0.0,0.0,0.0,0.0,0.0,0.0,0.0,0.0,0.0
2,3,0.12336559,0.0,0.0,0.8766344,0.0,0.0,0.0,0.0,0.0,0.0,0.0,0.0,0.0
2,3,0.12336559,0.0,0.0,0.8766344,0.0,0.0,0.0,0.0,0.0,0.0,0.0,0.0,0.0
2,3,0.12336559,0.0,0.0,0.8766344,0.0,0.0,0.0,0.0,0.0,0.0,0.0,0.0,0.0
2,3,0.12336559,0.0,0.0,0.8766344,0.0,0.0,0.0,0.0,0.0,0.0,0.0,0.0,0.0
2,3,0.12336559,0.0,0.0,0.8766344,0.0,0.0,0.0,0.0,0.0,0.0,0.0,0.0,0.0
2,3,0.06535795,0.0,0.0,0.934642,0.0,0.0,0.0,0.0,0.0,0.0,0.0,0.0,0.0
2,3,0.06535795,0.0,0.0,0.934642,0.0,0.0,0.0,0.0,0.0,0.0,0.0,0.0,0.0
2,3,0.06535795,0.0,0.0,0.934642,0.0,0.0,0.0,0.0,0.0,0.0,0.0,0.0,0.0
2,3,0.06535795,0.0,0.0,0.934642,0.0,0.0,0.0,0.0,0.0,0.0,0.0,0.0,0.0
2,3,0.06535795,0.0,0.0,0.934642,0.0,0.0,0.0,0.0,0.0,0.0,0.0,0.0,0.0
2,3,0.06535795,0.0,0.0,0.934642,0.0,0.0,0.0,0.0,0.0,0.0,0.0,0.0,0.0
2,3,0.06535795,0.0,0.0,0.934642,0.0,0.0,0.0,0.0,0.0,0.0,0.0,0.0,0.0
2,3,0.06535795,0.0,0.0,0.934642,0.0,0.0,0.0,0.0,0.0,0.0,0.0,0.0,0.0
2,3,0.06535795,0.0,0.0,0.934642,0.0,0.0,0.0,0.0,0.0,0.0,0.0,0.0,0.0
2,3,0.06535795,0.0,0.0,0.934642,0.0,0.0,0.0,0.0,0.0,0.0,0.0,0.0,0.0
2,3,0.06535795,0.0,0.0,0.934642,0.0,0.0,0.0,0.0,0.0,0.0,0.0,0.0,0.0
2,3,0.06535795,0.0,0.0,0.934642,0.0,0.0,0.0,0.0,0.0,0.0,0.0,0.0,0.0
2,3,0.06535795,0.0,0.0,0.934642,0.0,0.0,0.0,0.0,0.0,0.0,0.0,0.0,0.0
2,3,0.06535795,0.0,0.0,0.934642,0.0,0.0,0.0,0.0,0.0,0.0,0.0,0.0,0.0
2,3,0.06535795,0.0,0.0,0.934642,0.0,0.0,0.0,0.0,0.0,0.0,0.0,0.0,0.0
2,3,0.06535795,0.0,0.0,0.934642,0.0,0.0,0.0,0.0,0.0,0.0,0.0,0.0,0.0
2,3,0.06535795,0.0,0.0,0.934642,0.0,0.0,0.0,0.0,0.0,0.0,0.0,0.0,0.0
2,3,0.06535795,0.0,0.0,0.934642,0.0,0.0,0.0,0.0,0.0,0.0,0.0,0.0,0.0
2,3,0.06535795,0.0,0.0,0.934642,0.0,0.0,0.0,0.0,0.0,0.0,0.0,0.0,0.0
2,3,0.06535795,0.0,0.0,0.934642,0.0,0.0,0.0,0.0,0.0,0.0,0.0,0.0,0.0
2,3,0.06535795,0.0,0.0,0.934642,0.0,0.0,0.0,0.0,0.0,0.0,0.0,0.0,0.0
2,3,0.06535795,0.0,0.0,0.934642,0.0,0.0,0.0,0.0,0.0,0.0,0.0,0.0,0.0
2,3,0.06535795,0.0,0.0,0.934642,0.0,0.0,0.0,0.0,0.0,0.0,0.0,0.0,0.0
2,3,0.06535795,0.0,0.0,0.934642,0.0,0.0,0.0,0.0,0.0,0.0,0.0,0.0,0.0
2,3,0.06535795,0.0,0.0,0.934642,0.0,0.0,0.0,0.0,0.0,0.0,0.0,0.0,0.0
2,3,0.06535795,0.0,0.0,0.934642,0.0,0.0,0.0,0.0,0.0,0.0,0.0,0.0,0.0
2,3,0.06535795,0.0,0.0,0.934642,0.0,0.0,0.0,0.0,0.0,0.0,0.0,0.0,0.0
2,3,0.06535795,0.0,0.0,0.934642,0.0,0.0,0.0,0.0,0.0,0.0,0.0,0.0,0.0
2,3,0.06535795,0.0,0.0,0.934642,0.0,0.0,0.0,0.0,0.0,0.0,0.0,0.0,0.0
2,3,0.06535795,0.0,0.0,0.934642,0.0,0.0,0.0,0.0,0.0,0.0,0.0,0.0,0.0
2,3,0.0,0.0,0.0,1.0,0.0,0.0,0.0,0.0,0.0,0.0,0.0,0.0,0.0
2,3,0.0,0.0,0.0,1.0,0.0,0.0,0.0,0.0,0.0,0.0,0.0,0.0,0.0
2,3,0.0,0.0,0.0,1.0,0.0,0.0,0.0,0.0,0.0,0.0,0.0,0.0,0.0
2,3,0.0,0.0,0.0,1.0,0.0,0.0,0.0,0.0,0.0,0.0,0.0,0.0,0.0
2,3,0.0,0.0,0.0,1.0,0.0,0.0,0.0,0.0,0.0,0.0,0.0,0.0,0.0
2,3,0.0,0.0,0.0,1.0,0.0,0.0,0.0,0.0,0.0,0.0,0.0,0.0,0.0
2,3,0.0,0.0,0.0,1.0,0.0,0.0,0.0,0.0,0.0,0.0,0.0,0.0,0.0
2,3,0.0,0.0,0.0,1.0,0.0,0.0,0.0,0.0,0.0,0.0,0.0,0.0,0.0
2,3,0.0,0.0,0.0,1.0,0.0,0.0,0.0,0.0,0.0,0.0,0.0,0.0,0.0
2,3,0.0,0.0,0.0,1.0,0.0,0.0,0.0,0.0,0.0,0.0,0.0,0.0,0.0
2,3,0.0,0.0,0.0,1.0,0.0,0.0,0.0,0.0,0.0,0.0,0.0,0.0,0.0
2,3,0.0,0.0,0.0,1.0,0.0,0.0,0.0,0.0,0.0,0.0,0.0,0.0,0.0
2,3,0.0,0.0,0.0,1.0,0.0,0.0,0.0,0.0,0.0,0.0,0.0,0.0,0.0
2,3,0.0,0.0,0.0,1.0,0.0,0.0,0.0,0.0,0.0,0.0,0.0,0.0,0.0
2,3,0.0,0.0,0.0,1.0,0.0,0.0,0.0,0.0,0.0,0.0,0.0,0.0,0.0
2,3,0.0,0.0,0.0,1.0,0.0,0.0,0.0,0.0,0.0,0.0,0.0,0.0,0.0
2,3,0.0,0.0,0.0,1.0,0.0,0.0,0.0,0.0,0.0,0.0,0.0,0.0,0.0
2,3,0.0,0.0,0.0,1.0,0.0,0.0,0.0,0.0,0.0,0.0,0.0,0.0,0.0
2,3,0.0,0.0,0.0,1.0,0.0,0.0,0.0,0.0,0.0,0.0,0.0,0.0,0.0
2,3,0.0,0.0,0.0,1.0,0.0,0.0,0.0,0.0,0.0,0.0,0.0,0.0,0.0
2,3,0.0,0.0,0.0,1.0,0.0,0.0,0.0,0.0,0.0,0.0,0.0,0.0,0.0
2,3,0.0,0.0,0.0,1.0,0.0,0.0,0.0,0.0,0.0,0.0,0.0,0.0,0.0
2,3,0.0,0.0,0.0,1.0,0.0,0.0,0.0,0.0,0.0,0.0,0.0,0.0,0.0
2,3,0.0,0.0,0.0,1.0,0.0,0.0,0.0,0.0,0.0,0.0,0.0,0.0,0.0
2,3,0.0,0.0,0.0,1.0,0.0,0.0,0.0,0.0,0.0,0.0,0.0,0.0,0.0
2,3,0.0,0.0,0.0,1.0,0.0,0.0,0.0,0.0,0.0,0.0,0.0,0.0,0.0
2,3,0.0,0.0,0.0,1.0,0.0,0.0,0.0,0.0,0.0,0.0,0.0,0.0,0.0
2,3,0.0,0.0,0.0,1.0,0.0,0.0,0.0,0.0,0.0,0.0,0.0,0.0,0.0
2,3,0.0,0.0,0.0,1.0,0.0,0.0,0.0,0.0,0.0,0.0,0.0,0.0,0.0
2,3,0.0,0.0,0.0,1.0,0.0,0.0,0.0,0.0,0.0,0.0,0.0,0.0,0.0
2,3,0.0,0.0,0.0,1.0,0.0,0.0,0.0,0.0,0.0,0.0,0.0,0.0,0.0
2,3,0.0,0.0,0.0,1.0,0.0,0.0,0.0,0.0,0.0,0.0,0.0,0.0,0.0
2,3,0.0,0.0,0.0,1.0,0.0,0.0,0.0,0.0,0.0,0.0,0.0,0.0,0.0
2,3,0.0,0.0,0.0,1.0,0.0,0.0,0.0,0.0,0.0,0.0,0.0,0.0,0.0
2,3,0.0,0.0,0.0,1.0,0.0,0.0,0.0,0.0,0.0,0.0,0.0,0.0,0.0
2,3,0.0,0.0,0.0,1.0,0.0,0.0,0.0,0.0,0.0,0.0,0.0,0.0,0.0
2,3,0.0,0.0,0.0,1.0,0.0,0.0,0.0,0.0,0.0,0.0,0.0,0.0,0.0
2,3,0.0,0.0,0.0,1.0,0.0,0.0,0.0,0.0,0.0,0.0,0.0,0.0,0.0
2,3,0.0,0.0,0.0,1.0,0.0,0.0,0.0,0.0,0.0,0.0,0.0,0.0,0.0
2,3,0.0,0.0,0.0,1.0,0.0,0.0,0.0,0.0,0.0,0.0,0.0,0.0,0.0
2,3,0.0,0.0,0.0,1.0,0.0,0.0,0.0,0.0,0.0,0.0,0.0,0.0,0.0
2,3,0.0,0.0,0.0,1.0,0.0,0.0,0.0,0.0,0.0,0.0,0.0,0.0,0.0
2,3,0.0,0.0,0.0,1.0,0.0,0.0,0.0,0.0,0.0,0.0,0.0,0.0,0.0
2,3,0.0,0.0,0.0,1.0,0.0,0.0,0.0,0.0,0.0,0.0,0.0,0.0,0.0
2,3,0.0,0.0,0.0,1.0,0.0,0.0,0.0,0.0,0.0,0.0,0.0,0.0,0.0
2,3,0.0,0.0,0.0,1.0,0.0,0.0,0.0,0.0,0.0,0.0,0.0,0.0,0.0
2,3,0.0,0.0,0.0,1.0,0.0,0.0,0.0,0.0,0.0,0.0,0.0,0.0,0.0
2,3,0.0,0.0,0.0,1.0,0.0,0.0,0.0,0.0,0.0,0.0,0.0,0.0,0.0
2,3,0.0,0.0,0.0,1.0,0.0,0.0,0.0,0.0,0.0,0.0,0.0,0.0,0.0
2,3,0.0,0.0,0.0,1.0,0.0,0.0,0.0,0.0,0.0,0.0,0.0,0.0,0.0
2,3,0.0,0.0,0.0,1.0,0.0,0.0,0.0,0.0,0.0,0.0,0.0,0.0,0.0
2,3,0.0,0.0,0.0,1.0,0.0,0.0,0.0,0.0,0.0,0.0,0.0,0.0,0.0
2,3,0.0,0.0,0.0,1.0,0.0,0.0,0.0,0.0,0.0,0.0,0.0,0.0,0.0
2,3,0.0,0.0,0.0,1.0,0.0,0.0,0.0,0.0,0.0,0.0,0.0,0.0,0.0
2,3,0.0,0.0,0.0,1.0,0.0,0.0,0.0,0.0,0.0,0.0,0.0,0.0,0.0
2,3,0.0,0.0,0.0,1.0,0.0,0.0,0.0,0.0,0.0,0.0,0.0,0.0,0.0
2,3,0.0,0.0,0.0,1.0,0.0,0.0,0.0,0.0,0.0,0.0,0.0,0.0,0.0
2,3,0.0,0.0,0.0,1.0,0.0,0.0,0.0,0.0,0.0,0.0,0.0,0.0,0.0
2,3,0.0,0.0,0.0,1.0,0.0,0.0,0.0,0.0,0.0,0.0,0.0,0.0,0.0
2,3,0.0,0.0,0.0,1.0,0.0,0.0,0.0,0.0,0.0,0.0,0.0,0.0,0.0
2,3,0.0,0.0,0.0,1.0,0.0,0.0,0.0,0.0,0.0,0.0,0.0,0.0,0.0
2,3,0.0,0.0,0.0,1.0,0.0,0.0,0.0,0.0,0.0,0.0,0.0,0.0,0.0
2,3,0.0,0.0,0.0,1.0,0.0,0.0,0.0,0.0,0.0,0.0,0.0,0.0,0.0
2,3,0.0,0.0,0.0,1.0,0.0,0.0,0.0,0.0,0.0,0.0,0.0,0.0,0.0
2,3,0.0,0.0,0.0,1.0,0.0,0.0,0.0,0.0,0.0,0.0,0.0,0.0,0.0
2,3,0.0,0.0,0.0,1.0,0.0,0.0,0.0,0.0,0.0,0.0,0.0,0.0,0.0
2,3,0.0,0.0,0.0,1.0,0.0,0.0,0.0,0.0,0.0,0.0,0.0,0.0,0.0
2,3,0.0,0.0,0.0,1.0,0.0,0.0,0.0,0.0,0.0,0.0,0.0,0.0,0.0
2,3,0.0,0.0,0.0,1.0,0.0,0.0,0.0,0.0,0.0,0.0,0.0,0.0,0.0
2,3,0.0,0.0,0.0,1.0,0.0,0.0,0.0,0.0,0.0,0.0,0.0,0.0,0.0
2,3,0.0,0.0,0.0,1.0,0.0,0.0,0.0,0.0,0.0,0.0,0.0,0.0,0.0
2,3,0.0,0.0,0.0,1.0,0.0,0.0,0.0,0.0,0.0,0.0,0.0,0.0,0.0
2,3,0.0,0.0,0.0,1.0,0.0,0.0,0.0,0.0,0.0,0.0,0.0,0.0,0.0
2,3,0.0,0.0,0.0,1.0,0.0,0.0,0.0,0.0,0.0,0.0,0.0,0.0,0.0
2,3,0.0,0.0,0.0,1.0,0.0,0.0,0.0,0.0,0.0,0.0,0.0,0.0,0.0
2,3,0.0,0.0,0.0,1.0,0.0,0.0,0.0,0.0,0.0,0.0,0.0,0.0,0.0
2,3,0.0,0.0,0.0,1.0,0.0,0.0,0.0,0.0,0.0,0.0,0.0,0.0,0.0
2,3,0.0,0.0,0.0,1.0,0.0,0.0,0.0,0.0,0.0,0.0,0.0,0.0,0.0
2,3,0.0,0.0,0.0,1.0,0.0,0.0,0.0,0.0,0.0,0.0,0.0,0.0,0.0
2,3,0.0,0.0,0.0,1.0,0.0,0.0,0.0,0.0,0.0,0.0,0.0,0.0,0.0
2,3,0.0,0.0,0.0,1.0,0.0,0.0,0.0,0.0,0.0,0.0,0.0,0.0,0.0
2,3,0.0,0.0,0.0,1.0,0.0,0.0,0.0,0.0,0.0,0.0,0.0,0.0,0.0
2,3,0.0,0.0,0.0,1.0,0.0,0.0,0.0,0.0,0.0,0.0,0.0,0.0,0.0
2,3,0.0,0.0,0.0,1.0,0.0,0.0,0.0,0.0,0.0,0.0,0.0,0.0,0.0
2,3,0.0,0.0,0.0,1.0,0.0,0.0,0.0,0.0,0.0,0.0,0.0,0.0,0.0
2,3,0.0,0.0,0.0,1.0,0.0,0.0,0.0,0.0,0.0,0.0,0.0,0.0,0.0
2,3,0.0,0.0,0.0,1.0,0.0,0.0,0.0,0.0,0.0,0.0,0.0,0.0,0.0
2,3,0.0,0.0,0.0,1.0,0.0,0.0,0.0,0.0,0.0,0.0,0.0,0.0,0.0
2,3,0.0,0.0,0.0,1.0,0.0,0.0,0.0,0.0,0.0,0.0,0.0,0.0,0.0
2,3,0.0,0.0,0.0,1.0,0.0,0.0,0.0,0.0,0.0,0.0,0.0,0.0,0.0
2,3,0.0,0.0,0.0,1.0,0.0,0.0,0.0,0.0,0.0,0.0,0.0,0.0,0.0
2,3,0.0,0.0,0.0,1.0,0.0,0.0,0.0,0.0,0.0,0.0,0.0,0.0,0.0
2,3,0.0,0.0,0.0,1.0,0.0,0.0,0.0,0.0,0.0,0.0,0.0,0.0,0.0
2,3,0.0,0.0,0.0,1.0,0.0,0.0,0.0,0.0,0.0,0.0,0.0,0.0,0.0
2,3,0.0,0.0,0.0,1.0,0.0,0.0,0.0,0.0,0.0,0.0,0.0,0.0,0.0
2,3,0.0,0.0,0.0,1.0,0.0,0.0,0.0,0.0,0.0,0.0,0.0,0.0,0.0
2,3,0.0,0.0,0.0,1.0,0.0,0.0,0.0,0.0,0.0,0.0,0.0,0.0,0.0
2,3,0.0,0.0,0.0,1.0,0.0,0.0,0.0,0.0,0.0,0.0,0.0,0.0,0.0
2,3,0.0,0.0,0.0,1.0,0.0,0.0,0.0,0.0,0.0,0.0,0.0,0.0,0.0
2,3,0.0,0.0,0.0,1.0,0.0,0.0,0.0,0.0,0.0,0.0,0.0,0.0,0.0
2,3,0.0,0.0,0.0,1.0,0.0,0.0,0.0,0.0,0.0,0.0,0.0,0.0,0.0
2,3,0.0,0.0,0.0,1.0,0.0,0.0,0.0,0.0,0.0,0.0,0.0,0.0,0.0
2,3,0.0,0.0,0.0,1.0,0.0,0.0,0.0,0.0,0.0,0.0,0.0,0.0,0.0
2,3,0.0,0.0,0.0,1.0,0.0,0.0,0.0,0.0,0.0,0.0,0.0,0.0,0.0
2,3,0.0,0.0,0.0,1.0,0.0,0.0,0.0,0.0,0.0,0.0,0.0,0.0,0.0
2,3,0.0,0.0,0.0,1.0,0.0,0.0,0.0,0.0,0.0,0.0,0.0,0.0,0.0
2,3,0.0,0.0,0.0,1.0,0.0,0.0,0.0,0.0,0.0,0.0,0.0,0.0,0.0
2,3,0.0,0.0,0.0,1.0,0.0,0.0,0.0,0.0,0.0,0.0,0.0,0.0,0.0
2,3,0.0,0.0,0.0,1.0,0.0,0.0,0.0,0.0,0.0,0.0,0.0,0.0,0.0
2,3,0.0,0.0,0.0,1.0,0.0,0.0,0.0,0.0,0.0,0.0,0.0,0.0,0.0
2,3,0.0,0.0,0.0,1.0,0.0,0.0,0.0,0.0,0.0,0.0,0.0,0.0,0.0
2,3,0.0,0.0,0.0,1.0,0.0,0.0,0.0,0.0,0.0,0.0,0.0,0.0,0.0
2,3,0.0,0.0,0.0,1.0,0.0,0.0,0.0,0.0,0.0,0.0,0.0,0.0,0.0
2,3,0.0,0.0,0.0,1.0,0.0,0.0,0.0,0.0,0.0,0.0,0.0,0.0,0.0
2,3,0.0,0.0,0.0,1.0,0.0,0.0,0.0,0.0,0.0,0.0,0.0,0.0,0.0
2,3,0.0,0.0,0.0,1.0,0.0,0.0,0.0,0.0,0.0,0.0,0.0,0.0,0.0
2,3,0.0,0.0,0.0,1.0,0.0,0.0,0.0,0.0,0.0,0.0,0.0,0.0,0.0
2,3,0.0,0.0,0.0,1.0,0.0,0.0,0.0,0.0,0.0,0.0,0.0,0.0,0.0
2,3,0.0,0.0,0.0,1.0,0.0,0.0,0.0,0.0,0.0,0.0,0.0,0.0,0.0
2,3,0.0,0.0,0.0,1.0,0.0,0.0,0.0,0.0,0.0,0.0,0.0,0.0,0.0
2,3,0.0,0.0,0.0,1.0,0.0,0.0,0.0,0.0,0.0,0.0,0.0,0.0,0.0
2,3,0.0,0.0,0.0,1.0,0.0,0.0,0.0,0.0,0.0,0.0,0.0,0.0,0.0
2,3,0.0,0.0,0.0,1.0,0.0,0.0,0.0,0.0,0.0,0.0,0.0,0.0,0.0
2,3,0.0,0.0,0.0,1.0,0.0,0.0,0.0,0.0,0.0,0.0,0.0,0.0,0.0
2,3,0.0,0.0,0.0,1.0,0.0,0.0,0.0,0.0,0.0,0.0,0.0,0.0,0.0
2,3,0.0,0.0,0.0,1.0,0.0,0.0,0.0,0.0,0.0,0.0,0.0,0.0,0.0
2,3,0.0,0.0,0.0,1.0,0.0,0.0,0.0,0.0,0.0,0.0,0.0,0.0,0.0
2,3,0.0,0.0,0.0,1.0,0.0,0.0,0.0,0.0,0.0,0.0,0.0,0.0,0.0
2,3,0.0,0.0,0.0,1.0,0.0,0.0,0.0,0.0,0.0,0.0,0.0,0.0,0.0
2,3,0.0,0.0,0.0,1.0,0.0,0.0,0.0,0.0,0.0,0.0,0.0,0.0,0.0
2,3,0.0,0.0,0.0,1.0,0.0,0.0,0.0,0.0,0.0,0.0,0.0,0.0,0.0
2,3,0.0,0.0,0.0,1.0,0.0,0.0,0.0,0.0,0.0,0.0,0.0,0.0,0.0
2,3,0.0,0.0,0.0,1.0,0.0,0.0,0.0,0.0,0.0,0.0,0.0,0.0,0.0
2,3,0.0,0.0,0.0,1.0,0.0,0.0,0.0,0.0,0.0,0.0,0.0,0.0,0.0
2,3,0.0,0.0,0.0,1.0,0.0,0.0,0.0,0.0,0.0,0.0,0.0,0.0,0.0
2,3,0.0,0.0,0.0,1.0,0.0,0.0,0.0,0.0,0.0,0.0,0.0,0.0,0.0
2,3,0.0,0.0,0.0,1.0,0.0,0.0,0.0,0.0,0.0,0.0,0.0,0.0,0.0
2,3,0.0,0.0,0.0,1.0,0.0,0.0,0.0,0.0,0.0,0.0,0.0,0.0,0.0
2,3,0.0,0.0,0.0,1.0,0.0,0.0,0.0,0.0,0.0,0.0,0.0,0.0,0.0
2,3,0.0,0.0,0.0,1.0,0.0,0.0,0.0,0.0,0.0,0.0,0.0,0.0,0.0
2,3,0.0,0.0,0.0,1.0,0.0,0.0,0.0,0.0,0.0,0.0,0.0,0.0,0.0
2,3,0.0,0.0,0.0,1.0,0.0,0.0,0.0,0.0,0.0,0.0,0.0,0.0,0.0
2,3,0.0,0.0,0.0,1.0,0.0,0.0,0.0,0.0,0.0,0.0,0.0,0.0,0.0
2,3,0.0,0.0,0.0,1.0,0.0,0.0,0.0,0.0,0.0,0.0,0.0,0.0,0.0
2,3,0.0,0.0,0.0,1.0,0.0,0.0,0.0,0.0,0.0,0.0,0.0,0.0,0.0
2,3,0.0,0.0,0.0,1.0,0.0,0.0,0.0,0.0,0.0,0.0,0.0,0.0,0.0
2,3,0.0,0.0,0.0,1.0,0.0,0.0,0.0,0.0,0.0,0.0,0.0,0.0,0.0
2,3,0.0,0.0,0.0,1.0,0.0,0.0,0.0,0.0,0.0,0.0,0.0,0.0,0.0
2,3,0.0,0.0,0.0,1.0,0.0,0.0,0.0,0.0,0.0,0.0,0.0,0.0,0.0
2,3,0.0,0.0,0.0,1.0,0.0,0.0,0.0,0.0,0.0,0.0,0.0,0.0,0.0
2,3,0.0,0.0,0.0,1.0,0.0,0.0,0.0,0.0,0.0,0.0,0.0,0.0,0.0
2,3,0.0,0.0,0.0,1.0,0.0,0.0,0.0,0.0,0.0,0.0,0.0,0.0,0.0
2,3,0.0,0.0,0.0,1.0,0.0,0.0,0.0,0.0,0.0,0.0,0.0,0.0,0.0
2,3,0.0,0.0,0.0,1.0,0.0,0.0,0.0,0.0,0.0,0.0,0.0,0.0,0.0
2,3,0.0,0.0,0.0,1.0,0.0,0.0,0.0,0.0,0.0,0.0,0.0,0.0,0.0
2,3,0.0,0.0,0.0,1.0,0.0,0.0,0.0,0.0,0.0,0.0,0.0,0.0,0.0
2,3,0.0,0.0,0.0,1.0,0.0,0.0,0.0,0.0,0.0,0.0,0.0,0.0,0.0
2,3,0.0,0.0,0.0,1.0,0.0,0.0,0.0,0.0,0.0,0.0,0.0,0.0,0.0
2,3,0.0,0.0,0.0,1.0,0.0,0.0,0.0,0.0,0.0,0.0,0.0,0.0,0.0
2,3,0.0,0.0,0.0,1.0,0.0,0.0,0.0,0.0,0.0,0.0,0.0,0.0,0.0
2,3,0.0,0.0,0.0,1.0,0.0,0.0,0.0,0.0,0.0,0.0,0.0,0.0,0.0
2,3,0.0,0.0,0.0,1.0,0.0,0.0,0.0,0.0,0.0,0.0,0.0,0.0,0.0
2,3,0.0,0.0,0.0,1.0,0.0,0.0,0.0,0.0,0.0,0.0,0.0,0.0,0.0
2,3,0.0,0.0,0.0,1.0,0.0,0.0,0.0,0.0,0.0,0.0,0.0,0.0,0.0
2,3,0.0,0.0,0.0,1.0,0.0,0.0,0.0,0.0,0.0,0.0,0.0,0.0,0.0
2,3,0.0,0.0,0.0,1.0,0.0,0.0,0.0,0.0,0.0,0.0,0.0,0.0,0.0
2,3,0.0,0.0,0.0,1.0,0.0,0.0,0.0,0.0,0.0,0.0,0.0,0.0,0.0
2,3,0.0,0.0,0.0,1.0,0.0,0.0,0.0,0.0,0.0,0.0,0.0,0.0,0.0
2,3,0.0,0.0,0.0,1.0,0.0,0.0,0.0,0.0,0.0,0.0,0.0,0.0,0.0
2,3,0.0,0.0,0.0,1.0,0.0,0.0,0.0,0.0,0.0,0.0,0.0,0.0,0.0
2,3,0.0,0.0,0.0,1.0,0.0,0.0,0.0,0.0,0.0,0.0,0.0,0.0,0.0
2,3,0.0,0.0,0.0,1.0,0.0,0.0,0.0,0.0,0.0,0.0,0.0,0.0,0.0
2,3,0.0,0.0,0.0,1.0,0.0,0.0,0.0,0.0,0.0,0.0,0.0,0.0,0.0
2,3,0.0,0.0,0.0,1.0,0.0,0.0,0.0,0.0,0.0,0.0,0.0,0.0,0.0
2,3,0.0,0.0,0.0,1.0,0.0,0.0,0.0,0.0,0.0,0.0,0.0,0.0,0.0
2,3,0.0,0.0,0.0,1.0,0.0,0.0,0.0,0.0,0.0,0.0,0.0,0.0,0.0
2,3,0.0,0.0,0.0,1.0,0.0,0.0,0.0,0.0,0.0,0.0,0.0,0.0,0.0
2,3,0.0,0.0,0.0,1.0,0.0,0.0,0.0,0.0,0.0,0.0,0.0,0.0,0.0
2,3,0.0,0.0,0.0,1.0,0.0,0.0,0.0,0.0,0.0,0.0,0.0,0.0,0.0
2,3,0.0,0.0,0.0,1.0,0.0,0.0,0.0,0.0,0.0,0.0,0.0,0.0,0.0
2,3,0.0,0.0,0.0,1.0,0.0,0.0,0.0,0.0,0.0,0.0,0.0,0.0,0.0
2,3,0.0,0.0,0.0,1.0,0.0,0.0,0.0,0.0,0.0,0.0,0.0,0.0,0.0
2,3,0.0,0.0,0.0,1.0,0.0,0.0,0.0,0.0,0.0,0.0,0.0,0.0,0.0
2,3,0.0,0.0,0.0,1.0,0.0,0.0,0.0,0.0,0.0,0.0,0.0,0.0,0.0
2,3,0.0,0.0,0.0,1.0,0.0,0.0,0.0,0.0,0.0,0.0,0.0,0.0,0.0
2,3,0.0,0.0,0.0,1.0,0.0,0.0,0.0,0.0,0.0,0.0,0.0,0.0,0.0
2,3,0.0,0.0,0.0,1.0,0.0,0.0,0.0,0.0,0.0,0.0,0.0,0.0,0.0
2,3,0.0,0.0,0.0,1.0,0.0,0.0,0.0,0.0,0.0,0.0,0.0,0.0,0.0
2,3,0.0,0.0,0.0,1.0,0.0,0.0,0.0,0.0,0.0,0.0,0.0,0.0,0.0
2,3,0.0,0.0,0.0,1.0,0.0,0.0,0.0,0.0,0.0,0.0,0.0,0.0,0.0
2,3,0.0,0.0,0.0,1.0,0.0,0.0,0.0,0.0,0.0,0.0,0.0,0.0,0.0
2,3,0.0,0.0,0.0,1.0,0.0,0.0,0.0,0.0,0.0,0.0,0.0,0.0,0.0
2,3,0.0,0.0,0.0,1.0,0.0,0.0,0.0,0.0,0.0,0.0,0.0,0.0,0.0
2,3,0.0,0.0,0.0,1.0,0.0,0.0,0.0,0.0,0.0,0.0,0.0,0.0,0.0
2,3,0.0,0.0,0.0,1.0,0.0,0.0,0.0,0.0,0.0,0.0,0.0,0.0,0.0
2,3,0.0,0.0,0.0,1.0,0.0,0.0,0.0,0.0,0.0,0.0,0.0,0.0,0.0
2,3,0.0,0.0,0.0,1.0,0.0,0.0,0.0,0.0,0.0,0.0,0.0,0.0,0.0
2,3,0.0,0.0,0.0,1.0,0.0,0.0,0.0,0.0,0.0,0.0,0.0,0.0,0.0
2,3,0.0,0.0,0.0,1.0,0.0,0.0,0.0,0.0,0.0,0.0,0.0,0.0,0.0
2,3,0.0,0.0,0.0,1.0,0.0,0.0,0.0,0.0,0.0,0.0,0.0,0.0,0.0
2,3,0.0,0.0,0.0,1.0,0.0,0.0,0.0,0.0,0.0,0.0,0.0,0.0,0.0
2,3,0.0,0.0,0.0,1.0,0.0,0.0,0.0,0.0,0.0,0.0,0.0,0.0,0.0
2,3,0.0,0.0,0.0,1.0,0.0,0.0,0.0,0.0,0.0,0.0,0.0,0.0,0.0
2,3,0.0,0.0,0.0,1.0,0.0,0.0,0.0,0.0,0.0,0.0,0.0,0.0,0.0
2,3,0.0,0.0,0.0,1.0,0.0,0.0,0.0,0.0,0.0,0.0,0.0,0.0,0.0
2,3,0.0,0.0,0.0,1.0,0.0,0.0,0.0,0.0,0.0,0.0,0.0,0.0,0.0
2,3,0.0,0.0,0.0,1.0,0.0,0.0,0.0,0.0,0.0,0.0,0.0,0.0,0.0
2,3,0.0,0.0,0.0,1.0,0.0,0.0,0.0,0.0,0.0,0.0,0.0,0.0,0.0
2,3,0.0,0.0,0.0,1.0,0.0,0.0,0.0,0.0,0.0,0.0,0.0,0.0,0.0
2,3,0.0,0.0,0.0,1.0,0.0,0.0,0.0,0.0,0.0,0.0,0.0,0.0,0.0
2,3,0.0,0.0,0.0,1.0,0.0,0.0,0.0,0.0,0.0,0.0,0.0,0.0,0.0
2,3,0.0,0.0,0.0,1.0,0.0,0.0,0.0,0.0,0.0,0.0,0.0,0.0,0.0
2,3,0.0,0.0,0.0,1.0,0.0,0.0,0.0,0.0,0.0,0.0,0.0,0.0,0.0
2,3,0.0,0.0,0.0,1.0,0.0,0.0,0.0,0.0,0.0,0.0,0.0,0.0,0.0
2,3,0.0,0.0,0.0,1.0,0.0,0.0,0.0,0.0,0.0,0.0,0.0,0.0,0.0
2,3,0.0,0.0,0.0,1.0,0.0,0.0,0.0,0.0,0.0,0.0,0.0,0.0,0.0
2,3,0.0,0.0,0.0,1.0,0.0,0.0,0.0,0.0,0.0,0.0,0.0,0.0,0.0
2,3,0.0,0.0,0.0,1.0,0.0,0.0,0.0,0.0,0.0,0.0,0.0,0.0,0.0
2,3,0.0,0.0,0.0,1.0,0.0,0.0,0.0,0.0,0.0,0.0,0.0,0.0,0.0
2,3,0.0,0.0,0.0,1.0,0.0,0.0,0.0,0.0,0.0,0.0,0.0,0.0,0.0
2,3,0.0,0.0,0.0,1.0,0.0,0.0,0.0,0.0,0.0,0.0,0.0,0.0,0.0
2,3,0.0,0.0,0.0,1.0,0.0,0.0,0.0,0.0,0.0,0.0,0.0,0.0,0.0
2,3,0.0,0.0,0.0,1.0,0.0,0.0,0.0,0.0,0.0,0.0,0.0,0.0,0.0
2,3,0.0,0.0,0.0,1.0,0.0,0.0,0.0,0.0,0.0,0.0,0.0,0.0,0.0
2,3,0.0,0.0,0.0,1.0,0.0,0.0,0.0,0.0,0.0,0.0,0.0,0.0,0.0
2,3,0.0,0.0,0.0,1.0,0.0,0.0,0.0,0.0,0.0,0.0,0.0,0.0,0.0
2,3,0.0,0.0,0.0,1.0,0.0,0.0,0.0,0.0,0.0,0.0,0.0,0.0,0.0
2,3,0.0,0.0,0.0,1.0,0.0,0.0,0.0,0.0,0.0,0.0,0.0,0.0,0.0
2,3,0.0,0.0,0.0,1.0,0.0,0.0,0.0,0.0,0.0,0.0,0.0,0.0,0.0
2,3,0.0,0.0,0.0,1.0,0.0,0.0,0.0,0.0,0.0,0.0,0.0,0.0,0.0
2,3,0.0,0.0,0.0,1.0,0.0,0.0,0.0,0.0,0.0,0.0,0.0,0.0,0.0
2,3,0.0,0.0,0.0,1.0,0.0,0.0,0.0,0.0,0.0,0.0,0.0,0.0,0.0
2,3,0.0,0.0,0.0,1.0,0.0,0.0,0.0,0.0,0.0,0.0,0.0,0.0,0.0
2,3,0.0,0.0,0.0,1.0,0.0,0.0,0.0,0.0,0.0,0.0,0.0,0.0,0.0
2,3,0.0,0.0,0.0,1.0,0.0,0.0,0.0,0.0,0.0,0.0,0.0,0.0,0.0
2,3,0.0,0.0,0.0,1.0,0.0,0.0,0.0,0.0,0.0,0.0,0.0,0.0,0.0
2,3,0.0,0.0,0.0,1.0,0.0,0.0,0.0,0.0,0.0,0.0,0.0,0.0,0.0
2,3,0.0,0.0,0.0,1.0,0.0,0.0,0.0,0.0,0.0,0.0,0.0,0.0,0.0
2,3,0.0,0.0,0.0,1.0,0.0,0.0,0.0,0.0,0.0,0.0,0.0,0.0,0.0
2,3,0.0,0.0,0.0,1.0,0.0,0.0,0.0,0.0,0.0,0.0,0.0,0.0,0.0
2,3,0.0,0.0,0.0,1.0,0.0,0.0,0.0,0.0,0.0,0.0,0.0,0.0,0.0
2,3,0.0,0.0,0.0,1.0,0.0,0.0,0.0,0.0,0.0,0.0,0.0,0.0,0.0
2,3,0.0,0.0,0.0,1.0,0.0,0.0,0.0,0.0,0.0,0.0,0.0,0.0,0.0
2,3,0.0,0.0,0.0,1.0,0.0,0.0,0.0,0.0,0.0,0.0,0.0,0.0,0.0
2,3,0.0,0.0,0.0,1.0,0.0,0.0,0.0,0.0,0.0,0.0,0.0,0.0,0.0
2,3,0.0,0.0,0.0,1.0,0.0,0.0,0.0,0.0,0.0,0.0,0.0,0.0,0.0
2,3,0.0,0.0,0.0,1.0,0.0,0.0,0.0,0.0,0.0,0.0,0.0,0.0,0.0
2,3,0.0,0.0,0.0,1.0,0.0,0.0,0.0,0.0,0.0,0.0,0.0,0.0,0.0
2,3,0.0,0.0,0.0,1.0,0.0,0.0,0.0,0.0,0.0,0.0,0.0,0.0,0.0
2,3,0.0,0.0,0.0,1.0,0.0,0.0,0.0,0.0,0.0,0.0,0.0,0.0,0.0
2,3,0.0,0.0,0.0,1.0,0.0,0.0,0.0,0.0,0.0,0.0,0.0,0.0,0.0
2,3,0.0,0.0,0.0,1.0,0.0,0.0,0.0,0.0,0.0,0.0,0.0,0.0,0.0
2,3,0.0,0.0,0.0,1.0,0.0,0.0,0.0,0.0,0.0,0.0,0.0,0.0,0.0
2,3,0.0,0.0,0.0,1.0,0.0,0.0,0.0,0.0,0.0,0.0,0.0,0.0,0.0
2,3,0.0,0.0,0.0,1.0,0.0,0.0,0.0,0.0,0.0,0.0,0.0,0.0,0.0
2,3,0.0,0.0,0.0,1.0,0.0,0.0,0.0,0.0,0.0,0.0,0.0,0.0,0.0
2,3,0.0,0.0,0.0,1.0,0.0,0.0,0.0,0.0,0.0,0.0,0.0,0.0,0.0
2,3,0.0,0.0,0.0,1.0,0.0,0.0,0.0,0.0,0.0,0.0,0.0,0.0,0.0
2,3,0.0,0.0,0.0,1.0,0.0,0.0,0.0,0.0,0.0,0.0,0.0,0.0,0.0
2,3,0.0,0.0,0.0,1.0,0.0,0.0,0.0,0.0,0.0,0.0,0.0,0.0,0.0
2,3,0.0,0.0,0.0,1.0,0.0,0.0,0.0,0.0,0.0,0.0,0.0,0.0,0.0
2,3,0.0,0.0,0.0,1.0,0.0,0.0,0.0,0.0,0.0,0.0,0.0,0.0,0.0
2,3,0.0,0.0,0.0,1.0,0.0,0.0,0.0,0.0,0.0,0.0,0.0,0.0,0.0
2,3,0.0,0.0,0.0,1.0,0.0,0.0,0.0,0.0,0.0,0.0,0.0,0.0,0.0
2,3,0.0,0.0,0.0,1.0,0.0,0.0,0.0,0.0,0.0,0.0,0.0,0.0,0.0
2,3,0.0,0.0,0.0,1.0,0.0,0.0,0.0,0.0,0.0,0.0,0.0,0.0,0.0
2,3,0.0,0.0,0.0,1.0,0.0,0.0,0.0,0.0,0.0,0.0,0.0,0.0,0.0
2,3,0.0,0.0,0.0,1.0,0.0,0.0,0.0,0.0,0.0,0.0,0.0,0.0,0.0
2,3,0.0,0.0,0.0,1.0,0.0,0.0,0.0,0.0,0.0,0.0,0.0,0.0,0.0
2,3,0.0,0.0,0.0,1.0,0.0,0.0,0.0,0.0,0.0,0.0,0.0,0.0,0.0
2,3,0.0,0.0,0.0,1.0,0.0,0.0,0.0,0.0,0.0,0.0,0.0,0.0,0.0
2,3,0.0,0.0,0.0,1.0,0.0,0.0,0.0,0.0,0.0,0.0,0.0,0.0,0.0
2,3,0.0,0.0,0.0,1.0,0.0,0.0,0.0,0.0,0.0,0.0,0.0,0.0,0.0
2,3,0.0,0.0,0.0,1.0,0.0,0.0,0.0,0.0,0.0,0.0,0.0,0.0,0.0
2,3,0.0,0.0,0.0,1.0,0.0,0.0,0.0,0.0,0.0,0.0,0.0,0.0,0.0
2,3,0.0,0.0,0.0,1.0,0.0,0.0,0.0,0.0,0.0,0.0,0.0,0.0,0.0
2,3,0.0,0.0,0.0,1.0,0.0,0.0,0.0,0.0,0.0,0.0,0.0,0.0,0.0
2,3,0.0,0.0,0.0,1.0,0.0,0.0,0.0,0.0,0.0,0.0,0.0,0.0,0.0
2,3,0.0,0.0,0.0,1.0,0.0,0.0,0.0,0.0,0.0,0.0,0.0,0.0,0.0
2,3,0.0,0.0,0.0,1.0,0.0,0.0,0.0,0.0,0.0,0.0,0.0,0.0,0.0
2,3,0.0,0.0,0.0,1.0,0.0,0.0,0.0,0.0,0.0,0.0,0.0,0.0,0.0
2,3,0.0,0.0,0.0,1.0,0.0,0.0,0.0,0.0,0.0,0.0,0.0,0.0,0.0
2,3,0.0,0.0,0.0,1.0,0.0,0.0,0.0,0.0,0.0,0.0,0.0,0.0,0.0
2,3,0.0,0.0,0.0,1.0,0.0,0.0,0.0,0.0,0.0,0.0,0.0,0.0,0.0
2,3,0.0,0.0,0.0,1.0,0.0,0.0,0.0,0.0,0.0,0.0,0.0,0.0,0.0
2,3,0.0,0.0,0.0,1.0,0.0,0.0,0.0,0.0,0.0,0.0,0.0,0.0,0.0
2,3,0.0,0.0,0.0,1.0,0.0,0.0,0.0,0.0,0.0,0.0,0.0,0.0,0.0
2,3,0.0,0.0,0.0,1.0,0.0,0.0,0.0,0.0,0.0,0.0,0.0,0.0,0.0
2,3,0.0,0.0,0.0,1.0,0.0,0.0,0.0,0.0,0.0,0.0,0.0,0.0,0.0
2,3,0.0,0.0,0.0,1.0,0.0,0.0,0.0,0.0,0.0,0.0,0.0,0.0,0.0
2,3,0.0,0.0,0.0,1.0,0.0,0.0,0.0,0.0,0.0,0.0,0.0,0.0,0.0
2,3,0.0,0.0,0.0,1.0,0.0,0.0,0.0,0.0,0.0,0.0,0.0,0.0,0.0
2,3,0.0,0.0,0.0,1.0,0.0,0.0,0.0,0.0,0.0,0.0,0.0,0.0,0.0
2,3,0.0,0.0,0.0,1.0,0.0,0.0,0.0,0.0,0.0,0.0,0.0,0.0,0.0
2,3,0.0,0.0,0.0,1.0,0.0,0.0,0.0,0.0,0.0,0.0,0.0,0.0,0.0
2,3,0.0,0.0,0.0,1.0,0.0,0.0,0.0,0.0,0.0,0.0,0.0,0.0,0.0
2,3,0.0,0.0,0.0,1.0,0.0,0.0,0.0,0.0,0.0,0.0,0.0,0.0,0.0
2,3,0.0,0.0,0.0,1.0,0.0,0.0,0.0,0.0,0.0,0.0,0.0,0.0,0.0
2,3,0.0,0.0,0.0,1.0,0.0,0.0,0.0,0.0,0.0,0.0,0.0,0.0,0.0
2,3,0.0,0.0,0.0,1.0,0.0,0.0,0.0,0.0,0.0,0.0,0.0,0.0,0.0
2,3,0.0,0.0,0.0,1.0,0.0,0.0,0.0,0.0,0.0,0.0,0.0,0.0,0.0
2,3,0.0,0.0,0.0,1.0,0.0,0.0,0.0,0.0,0.0,0.0,0.0,0.0,0.0
2,3,0.0,0.0,0.0,1.0,0.0,0.0,0.0,0.0,0.0,0.0,0.0,0.0,0.0
2,3,0.0,0.0,0.0,1.0,0.0,0.0,0.0,0.0,0.0,0.0,0.0,0.0,0.0
2,3,0.0,0.0,0.0,1.0,0.0,0.0,0.0,0.0,0.0,0.0,0.0,0.0,0.0
2,3,0.0,0.0,0.0,1.0,0.0,0.0,0.0,0.0,0.0,0.0,0.0,0.0,0.0
2,3,0.0,0.0,0.0,1.0,0.0,0.0,0.0,0.0,0.0,0.0,0.0,0.0,0.0
2,3,0.0,0.0,0.0,1.0,0.0,0.0,0.0,0.0,0.0,0.0,0.0,0.0,0.0
2,3,0.0,0.0,0.0,1.0,0.0,0.0,0.0,0.0,0.0,0.0,0.0,0.0,0.0
2,3,0.0,0.0,0.0,1.0,0.0,0.0,0.0,0.0,0.0,0.0,0.0,0.0,0.0
2,3,0.0,0.0,0.0,1.0,0.0,0.0,0.0,0.0,0.0,0.0,0.0,0.0,0.0
2,3,0.0,0.0,0.0,1.0,0.0,0.0,0.0,0.0,0.0,0.0,0.0,0.0,0.0
2,3,0.0,0.0,0.0,1.0,0.0,0.0,0.0,0.0,0.0,0.0,0.0,0.0,0.0
2,3,0.0,0.0,0.0,1.0,0.0,0.0,0.0,0.0,0.0,0.0,0.0,0.0,0.0
2,3,0.0,0.0,0.0,1.0,0.0,0.0,0.0,0.0,0.0,0.0,0.0,0.0,0.0
2,3,0.0,0.0,0.0,1.0,0.0,0.0,0.0,0.0,0.0,0.0,0.0,0.0,0.0
2,3,0.0,0.0,0.0,1.0,0.0,0.0,0.0,0.0,0.0,0.0,0.0,0.0,0.0
2,3,0.0,0.0,0.0,1.0,0.0,0.0,0.0,0.0,0.0,0.0,0.0,0.0,0.0
2,3,0.0,0.0,0.0,1.0,0.0,0.0,0.0,0.0,0.0,0.0,0.0,0.0,0.0
2,3,0.0,0.0,0.0,1.0,0.0,0.0,0.0,0.0,0.0,0.0,0.0,0.0,0.0
2,3,0.0,0.0,0.0,1.0,0.0,0.0,0.0,0.0,0.0,0.0,0.0,0.0,0.0
2,3,0.0,0.0,0.0,1.0,0.0,0.0,0.0,0.0,0.0,0.0,0.0,0.0,0.0
2,3,0.0,0.0,0.0,1.0,0.0,0.0,0.0,0.0,0.0,0.0,0.0,0.0,0.0
2,3,0.0,0.0,0.0,1.0,0.0,0.0,0.0,0.0,0.0,0.0,0.0,0.0,0.0
2,3,0.0,0.0,0.0,1.0,0.0,0.0,0.0,0.0,0.0,0.0,0.0,0.0,0.0
2,3,0.0,0.0,0.0,1.0,0.0,0.0,0.0,0.0,0.0,0.0,0.0,0.0,0.0
2,3,0.0,0.0,0.0,1.0,0.0,0.0,0.0,0.0,0.0,0.0,0.0,0.0,0.0
2,3,0.0,0.0,0.0,1.0,0.0,0.0,0.0,0.0,0.0,0.0,0.0,0.0,0.0
2,3,0.0,0.0,0.0,1.0,0.0,0.0,0.0,0.0,0.0,0.0,0.0,0.0,0.0
2,3,0.0,0.0,0.0,1.0,0.0,0.0,0.0,0.0,0.0,0.0,0.0,0.0,0.0
2,3,0.0,0.0,0.0,1.0,0.0,0.0,0.0,0.0,0.0,0.0,0.0,0.0,0.0
2,3,0.0,0.0,0.0,1.0,0.0,0.0,0.0,0.0,0.0,0.0,0.0,0.0,0.0
2,3,0.0,0.0,0.0,1.0,0.0,0.0,0.0,0.0,0.0,0.0,0.0,0.0,0.0
2,3,0.0,0.0,0.0,1.0,0.0,0.0,0.0,0.0,0.0,0.0,0.0,0.0,0.0
2,3,0.0,0.0,0.0,1.0,0.0,0.0,0.0,0.0,0.0,0.0,0.0,0.0,0.0
2,3,0.0,0.0,0.0,1.0,0.0,0.0,0.0,0.0,0.0,0.0,0.0,0.0,0.0
2,3,0.0,0.0,0.0,1.0,0.0,0.0,0.0,0.0,0.0,0.0,0.0,0.0,0.0
2,3,0.0,0.0,0.0,1.0,0.0,0.0,0.0,0.0,0.0,0.0,0.0,0.0,0.0
2,3,0.0,0.0,0.0,1.0,0.0,0.0,0.0,0.0,0.0,0.0,0.0,0.0,0.0
2,3,0.0,0.0,0.0,1.0,0.0,0.0,0.0,0.0,0.0,0.0,0.0,0.0,0.0
2,3,0.0,0.0,0.0,1.0,0.0,0.0,0.0,0.0,0.0,0.0,0.0,0.0,0.0
2,3,0.0,0.0,0.0,1.0,0.0,0.0,0.0,0.0,0.0,0.0,0.0,0.0,0.0
2,3,0.0,0.0,0.0,1.0,0.0,0.0,0.0,0.0,0.0,0.0,0.0,0.0,0.0
2,3,0.0,0.0,0.0,1.0,0.0,0.0,0.0,0.0,0.0,0.0,0.0,0.0,0.0
2,3,0.0,0.0,0.0,1.0,0.0,0.0,0.0,0.0,0.0,0.0,0.0,0.0,0.0
2,3,0.0,0.0,0.0,1.0,0.0,0.0,0.0,0.0,0.0,0.0,0.0,0.0,0.0
2,3,0.0,0.0,0.0,1.0,0.0,0.0,0.0,0.0,0.0,0.0,0.0,0.0,0.0
2,3,0.0,0.0,0.0,1.0,0.0,0.0,0.0,0.0,0.0,0.0,0.0,0.0,0.0
2,3,0.0,0.0,0.0,1.0,0.0,0.0,0.0,0.0,0.0,0.0,0.0,0.0,0.0
2,3,0.0,0.0,0.0,1.0,0.0,0.0,0.0,0.0,0.0,0.0,0.0,0.0,0.0
2,3,0.0,0.0,0.0,1.0,0.0,0.0,0.0,0.0,0.0,0.0,0.0,0.0,0.0
2,3,0.0,0.0,0.0,1.0,0.0,0.0,0.0,0.0,0.0,0.0,0.0,0.0,0.0
2,3,0.0,0.0,0.0,1.0,0.0,0.0,0.0,0.0,0.0,0.0,0.0,0.0,0.0
2,3,0.0,0.0,0.0,1.0,0.0,0.0,0.0,0.0,0.0,0.0,0.0,0.0,0.0
2,3,0.0,0.0,0.0,1.0,0.0,0.0,0.0,0.0,0.0,0.0,0.0,0.0,0.0
2,3,0.0,0.0,0.0,1.0,0.0,0.0,0.0,0.0,0.0,0.0,0.0,0.0,0.0
2,3,0.0,0.0,0.0,1.0,0.0,0.0,0.0,0.0,0.0,0.0,0.0,0.0,0.0
2,3,0.0,0.0,0.0,1.0,0.0,0.0,0.0,0.0,0.0,0.0,0.0,0.0,0.0
2,3,0.0,0.0,0.0,1.0,0.0,0.0,0.0,0.0,0.0,0.0,0.0,0.0,0.0
2,3,0.0,0.0,0.0,1.0,0.0,0.0,0.0,0.0,0.0,0.0,0.0,0.0,0.0
2,3,0.0,0.0,0.0,1.0,0.0,0.0,0.0,0.0,0.0,0.0,0.0,0.0,0.0
2,3,0.0,0.0,0.0,1.0,0.0,0.0,0.0,0.0,0.0,0.0,0.0,0.0,0.0
2,3,0.0,0.0,0.0,1.0,0.0,0.0,0.0,0.0,0.0,0.0,0.0,0.0,0.0
2,3,0.0,0.0,0.0,1.0,0.0,0.0,0.0,0.0,0.0,0.0,0.0,0.0,0.0
2,3,0.0,0.0,0.0,1.0,0.0,0.0,0.0,0.0,0.0,0.0,0.0,0.0,0.0
2,3,0.0,0.0,0.0,1.0,0.0,0.0,0.0,0.0,0.0,0.0,0.0,0.0,0.0
2,3,0.0,0.0,0.0,1.0,0.0,0.0,0.0,0.0,0.0,0.0,0.0,0.0,0.0
2,3,0.0,0.0,0.0,1.0,0.0,0.0,0.0,0.0,0.0,0.0,0.0,0.0,0.0
2,3,0.0,0.0,0.0,1.0,0.0,0.0,0.0,0.0,0.0,0.0,0.0,0.0,0.0
2,3,0.0,0.0,0.0,1.0,0.0,0.0,0.0,0.0,0.0,0.0,0.0,0.0,0.0
2,3,0.0,0.0,0.0,1.0,0.0,0.0,0.0,0.0,0.0,0.0,0.0,0.0,0.0
2,3,0.0,0.0,0.0,1.0,0.0,0.0,0.0,0.0,0.0,0.0,0.0,0.0,0.0
2,3,0.0,0.0,0.0,1.0,0.0,0.0,0.0,0.0,0.0,0.0,0.0,0.0,0.0
2,3,0.0,0.0,0.0,1.0,0.0,0.0,0.0,0.0,0.0,0.0,0.0,0.0,0.0
2,3,0.0,0.0,0.0,1.0,0.0,0.0,0.0,0.0,0.0,0.0,0.0,0.0,0.0
2,3,0.0,0.0,0.0,1.0,0.0,0.0,0.0,0.0,0.0,0.0,0.0,0.0,0.0
2,3,0.0,0.0,0.0,1.0,0.0,0.0,0.0,0.0,0.0,0.0,0.0,0.0,0.0
2,3,0.0,0.0,0.0,1.0,0.0,0.0,0.0,0.0,0.0,0.0,0.0,0.0,0.0
2,3,0.0,0.0,0.0,1.0,0.0,0.0,0.0,0.0,0.0,0.0,0.0,0.0,0.0
2,3,0.0,0.0,0.0,1.0,0.0,0.0,0.0,0.0,0.0,0.0,0.0,0.0,0.0
2,3,0.0,0.0,0.0,1.0,0.0,0.0,0.0,0.0,0.0,0.0,0.0,0.0,0.0
2,3,0.0,0.0,0.0,1.0,0.0,0.0,0.0,0.0,0.0,0.0,0.0,0.0,0.0
2,3,0.0,0.0,0.0,1.0,0.0,0.0,0.0,0.0,0.0,0.0,0.0,0.0,0.0
2,3,0.0,0.0,0.0,1.0,0.0,0.0,0.0,0.0,0.0,0.0,0.0,0.0,0.0
2,3,0.0,0.0,0.0,1.0,0.0,0.0,0.0,0.0,0.0,0.0,0.0,0.0,0.0
2,3,0.0,0.0,0.0,1.0,0.0,0.0,0.0,0.0,0.0,0.0,0.0,0.0,0.0
2,3,0.0,0.0,0.0,1.0,0.0,0.0,0.0,0.0,0.0,0.0,0.0,0.0,0.0
2,3,0.0,0.0,0.0,1.0,0.0,0.0,0.0,0.0,0.0,0.0,0.0,0.0,0.0
2,3,0.0,0.0,0.0,1.0,0.0,0.0,0.0,0.0,0.0,0.0,0.0,0.0,0.0
2,3,0.0,0.0,0.0,1.0,0.0,0.0,0.0,0.0,0.0,0.0,0.0,0.0,0.0
2,3,0.0,0.0,0.0,1.0,0.0,0.0,0.0,0.0,0.0,0.0,0.0,0.0,0.0
2,3,0.0,0.0,0.0,1.0,0.0,0.0,0.0,0.0,0.0,0.0,0.0,0.0,0.0
2,3,0.0,0.0,0.0,1.0,0.0,0.0,0.0,0.0,0.0,0.0,0.0,0.0,0.0
2,3,0.0,0.0,0.0,1.0,0.0,0.0,0.0,0.0,0.0,0.0,0.0,0.0,0.0
2,3,0.0,0.0,0.0,1.0,0.0,0.0,0.0,0.0,0.0,0.0,0.0,0.0,0.0
2,3,0.0,0.0,0.0,1.0,0.0,0.0,0.0,0.0,0.0,0.0,0.0,0.0,0.0
2,3,0.0,0.0,0.0,1.0,0.0,0.0,0.0,0.0,0.0,0.0,0.0,0.0,0.0
2,3,0.0,0.0,0.0,1.0,0.0,0.0,0.0,0.0,0.0,0.0,0.0,0.0,0.0
2,3,0.0,0.0,0.0,1.0,0.0,0.0,0.0,0.0,0.0,0.0,0.0,0.0,0.0
2,3,0.0,0.0,0.0,1.0,0.0,0.0,0.0,0.0,0.0,0.0,0.0,0.0,0.0
2,3,0.0,0.0,0.0,1.0,0.0,0.0,0.0,0.0,0.0,0.0,0.0,0.0,0.0
2,3,0.0,0.0,0.0,1.0,0.0,0.0,0.0,0.0,0.0,0.0,0.0,0.0,0.0
2,3,0.0,0.0,0.0,1.0,0.0,0.0,0.0,0.0,0.0,0.0,0.0,0.0,0.0
2,3,0.0,0.0,0.0,1.0,0.0,0.0,0.0,0.0,0.0,0.0,0.0,0.0,0.0
2,3,0.0,0.0,0.0,1.0,0.0,0.0,0.0,0.0,0.0,0.0,0.0,0.0,0.0
2,3,0.0,0.0,0.0,1.0,0.0,0.0,0.0,0.0,0.0,0.0,0.0,0.0,0.0
2,3,0.0,0.0,0.0,1.0,0.0,0.0,0.0,0.0,0.0,0.0,0.0,0.0,0.0
2,3,0.0,0.0,0.0,1.0,0.0,0.0,0.0,0.0,0.0,0.0,0.0,0.0,0.0
2,3,0.0,0.0,0.0,1.0,0.0,0.0,0.0,0.0,0.0,0.0,0.0,0.0,0.0
2,3,0.0,0.0,0.0,1.0,0.0,0.0,0.0,0.0,0.0,0.0,0.0,0.0,0.0
2,3,0.0,0.0,0.0,1.0,0.0,0.0,0.0,0.0,0.0,0.0,0.0,0.0,0.0
2,3,0.0,0.0,0.0,1.0,0.0,0.0,0.0,0.0,0.0,0.0,0.0,0.0,0.0
2,3,0.0,0.0,0.0,1.0,0.0,0.0,0.0,0.0,0.0,0.0,0.0,0.0,0.0
2,3,0.0,0.0,0.0,1.0,0.0,0.0,0.0,0.0,0.0,0.0,0.0,0.0,0.0
2,3,0.0,0.0,0.0,1.0,0.0,0.0,0.0,0.0,0.0,0.0,0.0,0.0,0.0
2,3,0.0,0.0,0.0,1.0,0.0,0.0,0.0,0.0,0.0,0.0,0.0,0.0,0.0
2,3,0.0,0.0,0.0,1.0,0.0,0.0,0.0,0.0,0.0,0.0,0.0,0.0,0.0
2,3,0.0,0.0,0.0,1.0,0.0,0.0,0.0,0.0,0.0,0.0,0.0,0.0,0.0
2,3,0.0,0.0,0.0,1.0,0.0,0.0,0.0,0.0,0.0,0.0,0.0,0.0,0.0
2,3,0.0,0.0,0.0,1.0,0.0,0.0,0.0,0.0,0.0,0.0,0.0,0.0,0.0
2,3,0.0,0.0,0.0,1.0,0.0,0.0,0.0,0.0,0.0,0.0,0.0,0.0,0.0
2,3,0.0,0.0,0.0,1.0,0.0,0.0,0.0,0.0,0.0,0.0,0.0,0.0,0.0
2,3,0.0,0.0,0.0,1.0,0.0,0.0,0.0,0.0,0.0,0.0,0.0,0.0,0.0
2,3,0.0,0.0,0.0,1.0,0.0,0.0,0.0,0.0,0.0,0.0,0.0,0.0,0.0
2,3,0.0,0.0,0.0,1.0,0.0,0.0,0.0,0.0,0.0,0.0,0.0,0.0,0.0
2,3,0.0,0.0,0.0,1.0,0.0,0.0,0.0,0.0,0.0,0.0,0.0,0.0,0.0
2,3,0.0,0.0,0.0,1.0,0.0,0.0,0.0,0.0,0.0,0.0,0.0,0.0,0.0
2,3,0.0,0.0,0.0,1.0,0.0,0.0,0.0,0.0,0.0,0.0,0.0,0.0,0.0
2,3,0.0,0.0,0.0,1.0,0.0,0.0,0.0,0.0,0.0,0.0,0.0,0.0,0.0
2,3,0.0,0.0,0.0,1.0,0.0,0.0,0.0,0.0,0.0,0.0,0.0,0.0,0.0
2,3,0.0,0.0,0.0,1.0,0.0,0.0,0.0,0.0,0.0,0.0,0.0,0.0,0.0
2,3,0.0,0.0,0.0,1.0,0.0,0.0,0.0,0.0,0.0,0.0,0.0,0.0,0.0
2,3,0.0,0.0,0.0,1.0,0.0,0.0,0.0,0.0,0.0,0.0,0.0,0.0,0.0
2,3,0.0,0.0,0.0,1.0,0.0,0.0,0.0,0.0,0.0,0.0,0.0,0.0,0.0
2,3,0.0,0.0,0.0,1.0,0.0,0.0,0.0,0.0,0.0,0.0,0.0,0.0,0.0
2,3,0.0,0.0,0.0,1.0,0.0,0.0,0.0,0.0,0.0,0.0,0.0,0.0,0.0
2,3,0.0,0.0,0.0,1.0,0.0,0.0,0.0,0.0,0.0,0.0,0.0,0.0,0.0
2,3,0.0,0.0,0.0,1.0,0.0,0.0,0.0,0.0,0.0,0.0,0.0,0.0,0.0
2,3,0.0,0.0,0.0,1.0,0.0,0.0,0.0,0.0,0.0,0.0,0.0,0.0,0.0
2,3,0.0,0.0,0.0,1.0,0.0,0.0,0.0,0.0,0.0,0.0,0.0,0.0,0.0
2,3,0.0,0.0,0.0,1.0,0.0,0.0,0.0,0.0,0.0,0.0,0.0,0.0,0.0
2,3,0.0,0.0,0.0,1.0,0.0,0.0,0.0,0.0,0.0,0.0,0.0,0.0,0.0
2,3,0.0,0.0,0.0,1.0,0.0,0.0,0.0,0.0,0.0,0.0,0.0,0.0,0.0
2,3,0.0,0.0,0.0,1.0,0.0,0.0,0.0,0.0,0.0,0.0,0.0,0.0,0.0
2,3,0.0,0.0,0.0,1.0,0.0,0.0,0.0,0.0,0.0,0.0,0.0,0.0,0.0
2,3,0.0,0.0,0.0,1.0,0.0,0.0,0.0,0.0,0.0,0.0,0.0,0.0,0.0
2,3,0.0,0.0,0.0,1.0,0.0,0.0,0.0,0.0,0.0,0.0,0.0,0.0,0.0
2,3,0.0,0.0,0.0,1.0,0.0,0.0,0.0,0.0,0.0,0.0,0.0,0.0,0.0
2,3,0.0,0.0,0.0,1.0,0.0,0.0,0.0,0.0,0.0,0.0,0.0,0.0,0.0
2,3,0.0,0.0,0.0,1.0,0.0,0.0,0.0,0.0,0.0,0.0,0.0,0.0,0.0
2,3,0.0,0.0,0.0,1.0,0.0,0.0,0.0,0.0,0.0,0.0,0.0,0.0,0.0
2,3,0.0,0.0,0.0,1.0,0.0,0.0,0.0,0.0,0.0,0.0,0.0,0.0,0.0
2,3,0.0,0.0,0.0,1.0,0.0,0.0,0.0,0.0,0.0,0.0,0.0,0.0,0.0
2,3,0.0,0.0,0.0,1.0,0.0,0.0,0.0,0.0,0.0,0.0,0.0,0.0,0.0
2,3,0.0,0.0,0.0,1.0,0.0,0.0,0.0,0.0,0.0,0.0,0.0,0.0,0.0
2,3,0.0,0.0,0.0,1.0,0.0,0.0,0.0,0.0,0.0,0.0,0.0,0.0,0.0
2,3,0.0,0.0,0.0,1.0,0.0,0.0,0.0,0.0,0.0,0.0,0.0,0.0,0.0
2,3,0.0,0.0,0.0,1.0,0.0,0.0,0.0,0.0,0.0,0.0,0.0,0.0,0.0
2,3,0.0,0.0,0.0,1.0,0.0,0.0,0.0,0.0,0.0,0.0,0.0,0.0,0.0
2,3,0.0,0.0,0.0,1.0,0.0,0.0,0.0,0.0,0.0,0.0,0.0,0.0,0.0
2,3,0.0,0.0,0.0,1.0,0.0,0.0,0.0,0.0,0.0,0.0,0.0,0.0,0.0
2,3,0.0,0.0,0.0,1.0,0.0,0.0,0.0,0.0,0.0,0.0,0.0,0.0,0.0
2,3,0.0,0.0,0.0,1.0,0.0,0.0,0.0,0.0,0.0,0.0,0.0,0.0,0.0
2,3,0.0,0.0,0.0,1.0,0.0,0.0,0.0,0.0,0.0,0.0,0.0,0.0,0.0
2,3,0.0,0.0,0.0,1.0,0.0,0.0,0.0,0.0,0.0,0.0,0.0,0.0,0.0
2,3,0.0,0.0,0.0,1.0,0.0,0.0,0.0,0.0,0.0,0.0,0.0,0.0,0.0
2,3,0.0,0.0,0.0,1.0,0.0,0.0,0.0,0.0,0.0,0.0,0.0,0.0,0.0
2,3,0.0,0.0,0.0,1.0,0.0,0.0,0.0,0.0,0.0,0.0,0.0,0.0,0.0
2,3,0.0,0.0,0.0,1.0,0.0,0.0,0.0,0.0,0.0,0.0,0.0,0.0,0.0
2,3,0.0,0.0,0.0,1.0,0.0,0.0,0.0,0.0,0.0,0.0,0.0,0.0,0.0
2,3,0.0,0.0,0.0,1.0,0.0,0.0,0.0,0.0,0.0,0.0,0.0,0.0,0.0
2,3,0.0,0.0,0.0,1.0,0.0,0.0,0.0,0.0,0.0,0.0,0.0,0.0,0.0
2,3,0.0,0.0,0.0,1.0,0.0,0.0,0.0,0.0,0.0,0.0,0.0,0.0,0.0
2,3,0.0,0.0,0.0,1.0,0.0,0.0,0.0,0.0,0.0,0.0,0.0,0.0,0.0
2,3,0.0,0.0,0.0,1.0,0.0,0.0,0.0,0.0,0.0,0.0,0.0,0.0,0.0
2,3,0.0,0.0,0.0,1.0,0.0,0.0,0.0,0.0,0.0,0.0,0.0,0.0,0.0
2,3,0.0,0.0,0.0,1.0,0.0,0.0,0.0,0.0,0.0,0.0,0.0,0.0,0.0
2,3,0.0,0.0,0.0,1.0,0.0,0.0,0.0,0.0,0.0,0.0,0.0,0.0,0.0
2,3,0.0,0.0,0.0,1.0,0.0,0.0,0.0,0.0,0.0,0.0,0.0,0.0,0.0
2,3,0.0,0.0,0.0,1.0,0.0,0.0,0.0,0.0,0.0,0.0,0.0,0.0,0.0
2,3,0.0,0.0,0.0,1.0,0.0,0.0,0.0,0.0,0.0,0.0,0.0,0.0,0.0
2,3,0.0,0.0,0.0,1.0,0.0,0.0,0.0,0.0,0.0,0.0,0.0,0.0,0.0
2,3,0.0,0.0,0.0,1.0,0.0,0.0,0.0,0.0,0.0,0.0,0.0,0.0,0.0
2,3,0.0,0.0,0.0,1.0,0.0,0.0,0.0,0.0,0.0,0.0,0.0,0.0,0.0
2,3,0.0,0.0,0.0,1.0,0.0,0.0,0.0,0.0,0.0,0.0,0.0,0.0,0.0
2,3,0.0,0.0,0.0,1.0,0.0,0.0,0.0,0.0,0.0,0.0,0.0,0.0,0.0
2,3,0.0,0.0,0.0,1.0,0.0,0.0,0.0,0.0,0.0,0.0,0.0,0.0,0.0
2,3,0.0,0.0,0.0,1.0,0.0,0.0,0.0,0.0,0.0,0.0,0.0,0.0,0.0
2,3,0.0,0.0,0.0,1.0,0.0,0.0,0.0,0.0,0.0,0.0,0.0,0.0,0.0
2,3,0.0,0.0,0.0,1.0,0.0,0.0,0.0,0.0,0.0,0.0,0.0,0.0,0.0
2,3,0.0,0.0,0.0,1.0,0.0,0.0,0.0,0.0,0.0,0.0,0.0,0.0,0.0
2,3,0.0,0.0,0.0,1.0,0.0,0.0,0.0,0.0,0.0,0.0,0.0,0.0,0.0
2,3,0.0,0.0,0.0,1.0,0.0,0.0,0.0,0.0,0.0,0.0,0.0,0.0,0.0
2,3,0.0,0.0,0.0,1.0,0.0,0.0,0.0,0.0,0.0,0.0,0.0,0.0,0.0
2,3,0.0,0.0,0.0,1.0,0.0,0.0,0.0,0.0,0.0,0.0,0.0,0.0,0.0
2,3,0.0,0.0,0.0,1.0,0.0,0.0,0.0,0.0,0.0,0.0,0.0,0.0,0.0
2,3,0.0,0.0,0.0,1.0,0.0,0.0,0.0,0.0,0.0,0.0,0.0,0.0,0.0
2,3,0.0,0.0,0.0,1.0,0.0,0.0,0.0,0.0,0.0,0.0,0.0,0.0,0.0
2,3,0.0,0.0,0.0,1.0,0.0,0.0,0.0,0.0,0.0,0.0,0.0,0.0,0.0
2,3,0.0,0.0,0.0,1.0,0.0,0.0,0.0,0.0,0.0,0.0,0.0,0.0,0.0
2,3,0.0,0.0,0.0,1.0,0.0,0.0,0.0,0.0,0.0,0.0,0.0,0.0,0.0
2,3,0.0,0.0,0.0,1.0,0.0,0.0,0.0,0.0,0.0,0.0,0.0,0.0,0.0
2,3,0.0,0.0,0.0,1.0,0.0,0.0,0.0,0.0,0.0,0.0,0.0,0.0,0.0
2,3,0.0,0.0,0.0,1.0,0.0,0.0,0.0,0.0,0.0,0.0,0.0,0.0,0.0
2,3,0.0,0.0,0.0,1.0,0.0,0.0,0.0,0.0,0.0,0.0,0.0,0.0,0.0
2,3,0.0,0.0,0.0,1.0,0.0,0.0,0.0,0.0,0.0,0.0,0.0,0.0,0.0
2,3,0.0,0.0,0.0,1.0,0.0,0.0,0.0,0.0,0.0,0.0,0.0,0.0,0.0
2,3,0.0,0.0,0.0,1.0,0.0,0.0,0.0,0.0,0.0,0.0,0.0,0.0,0.0
2,3,0.0,0.0,0.0,1.0,0.0,0.0,0.0,0.0,0.0,0.0,0.0,0.0,0.0
2,3,0.0,0.0,0.0,1.0,0.0,0.0,0.0,0.0,0.0,0.0,0.0,0.0,0.0
2,3,0.0,0.0,0.0,1.0,0.0,0.0,0.0,0.0,0.0,0.0,0.0,0.0,0.0
2,3,0.0,0.0,0.0,1.0,0.0,0.0,0.0,0.0,0.0,0.0,0.0,0.0,0.0
2,3,0.0,0.0,0.0,1.0,0.0,0.0,0.0,0.0,0.0,0.0,0.0,0.0,0.0
2,3,0.0,0.0,0.0,1.0,0.0,0.0,0.0,0.0,0.0,0.0,0.0,0.0,0.0
2,3,0.0,0.0,0.0,1.0,0.0,0.0,0.0,0.0,0.0,0.0,0.0,0.0,0.0
2,3,0.0,0.0,0.0,1.0,0.0,0.0,0.0,0.0,0.0,0.0,0.0,0.0,0.0
2,3,0.0,0.0,0.0,1.0,0.0,0.0,0.0,0.0,0.0,0.0,0.0,0.0,0.0
2,3,0.0,0.0,0.0,1.0,0.0,0.0,0.0,0.0,0.0,0.0,0.0,0.0,0.0
2,3,0.0,0.0,0.0,1.0,0.0,0.0,0.0,0.0,0.0,0.0,0.0,0.0,0.0
2,3,0.0,0.0,0.0,1.0,0.0,0.0,0.0,0.0,0.0,0.0,0.0,0.0,0.0
2,3,0.0,0.0,0.0,1.0,0.0,0.0,0.0,0.0,0.0,0.0,0.0,0.0,0.0
2,3,0.0,0.0,0.0,1.0,0.0,0.0,0.0,0.0,0.0,0.0,0.0,0.0,0.0
2,3,0.0,0.0,0.0,1.0,0.0,0.0,0.0,0.0,0.0,0.0,0.0,0.0,0.0
2,3,0.0,0.0,0.0,1.0,0.0,0.0,0.0,0.0,0.0,0.0,0.0,0.0,0.0
2,3,0.0,0.0,0.0,1.0,0.0,0.0,0.0,0.0,0.0,0.0,0.0,0.0,0.0
2,3,0.0,0.0,0.0,1.0,0.0,0.0,0.0,0.0,0.0,0.0,0.0,0.0,0.0
2,3,0.0,0.0,0.0,1.0,0.0,0.0,0.0,0.0,0.0,0.0,0.0,0.0,0.0
2,3,0.0,0.0,0.0,1.0,0.0,0.0,0.0,0.0,0.0,0.0,0.0,0.0,0.0
2,3,0.0,0.0,0.0,1.0,0.0,0.0,0.0,0.0,0.0,0.0,0.0,0.0,0.0
2,3,0.0,0.0,0.0,1.0,0.0,0.0,0.0,0.0,0.0,0.0,0.0,0.0,0.0
2,3,0.0,0.0,0.0,1.0,0.0,0.0,0.0,0.0,0.0,0.0,0.0,0.0,0.0
2,3,0.0,0.0,0.0,1.0,0.0,0.0,0.0,0.0,0.0,0.0,0.0,0.0,0.0
2,3,0.0,0.0,0.0,1.0,0.0,0.0,0.0,0.0,0.0,0.0,0.0,0.0,0.0
2,3,0.0,0.0,0.0,1.0,0.0,0.0,0.0,0.0,0.0,0.0,0.0,0.0,0.0
2,3,0.0,0.0,0.0,1.0,0.0,0.0,0.0,0.0,0.0,0.0,0.0,0.0,0.0
2,3,0.0,0.0,0.0,1.0,0.0,0.0,0.0,0.0,0.0,0.0,0.0,0.0,0.0
2,3,0.0,0.0,0.0,1.0,0.0,0.0,0.0,0.0,0.0,0.0,0.0,0.0,0.0
2,3,0.0,0.0,0.0,1.0,0.0,0.0,0.0,0.0,0.0,0.0,0.0,0.0,0.0
2,3,0.0,0.0,0.0,1.0,0.0,0.0,0.0,0.0,0.0,0.0,0.0,0.0,0.0
2,3,0.0,0.0,0.0,1.0,0.0,0.0,0.0,0.0,0.0,0.0,0.0,0.0,0.0
2,3,0.0,0.0,0.0,1.0,0.0,0.0,0.0,0.0,0.0,0.0,0.0,0.0,0.0
2,3,0.0,0.0,0.0,1.0,0.0,0.0,0.0,0.0,0.0,0.0,0.0,0.0,0.0
2,3,0.0,0.0,0.0,1.0,0.0,0.0,0.0,0.0,0.0,0.0,0.0,0.0,0.0
2,3,0.0,0.0,0.0,1.0,0.0,0.0,0.0,0.0,0.0,0.0,0.0,0.0,0.0
2,3,0.0,0.0,0.0,1.0,0.0,0.0,0.0,0.0,0.0,0.0,0.0,0.0,0.0
2,3,0.0,0.0,0.0,1.0,0.0,0.0,0.0,0.0,0.0,0.0,0.0,0.0,0.0
2,3,0.0,0.0,0.0,1.0,0.0,0.0,0.0,0.0,0.0,0.0,0.0,0.0,0.0
2,3,0.0,0.0,0.0,1.0,0.0,0.0,0.0,0.0,0.0,0.0,0.0,0.0,0.0
2,3,0.0,0.0,0.0,1.0,0.0,0.0,0.0,0.0,0.0,0.0,0.0,0.0,0.0
2,3,0.0,0.0,0.0,1.0,0.0,0.0,0.0,0.0,0.0,0.0,0.0,0.0,0.0
2,3,0.0,0.0,0.0,1.0,0.0,0.0,0.0,0.0,0.0,0.0,0.0,0.0,0.0
2,3,0.0,0.0,0.0,1.0,0.0,0.0,0.0,0.0,0.0,0.0,0.0,0.0,0.0
2,3,0.0,0.0,0.0,1.0,0.0,0.0,0.0,0.0,0.0,0.0,0.0,0.0,0.0
2,3,0.0,0.0,0.0,1.0,0.0,0.0,0.0,0.0,0.0,0.0,0.0,0.0,0.0
2,3,0.0,0.0,0.0,1.0,0.0,0.0,0.0,0.0,0.0,0.0,0.0,0.0,0.0
2,3,0.0,0.0,0.0,1.0,0.0,0.0,0.0,0.0,0.0,0.0,0.0,0.0,0.0
2,3,0.0,0.0,0.0,1.0,0.0,0.0,0.0,0.0,0.0,0.0,0.0,0.0,0.0
2,3,0.0,0.0,0.0,1.0,0.0,0.0,0.0,0.0,0.0,0.0,0.0,0.0,0.0
2,3,0.0,0.0,0.0,1.0,0.0,0.0,0.0,0.0,0.0,0.0,0.0,0.0,0.0
2,3,0.0,0.0,0.0,1.0,0.0,0.0,0.0,0.0,0.0,0.0,0.0,0.0,0.0
2,3,0.0,0.0,0.0,1.0,0.0,0.0,0.0,0.0,0.0,0.0,0.0,0.0,0.0
2,3,0.0,0.0,0.0,1.0,0.0,0.0,0.0,0.0,0.0,0.0,0.0,0.0,0.0
2,3,0.0,0.0,0.0,1.0,0.0,0.0,0.0,0.0,0.0,0.0,0.0,0.0,0.0
2,3,0.0,0.0,0.0,1.0,0.0,0.0,0.0,0.0,0.0,0.0,0.0,0.0,0.0
2,3,0.0,0.0,0.0,1.0,0.0,0.0,0.0,0.0,0.0,0.0,0.0,0.0,0.0
2,3,0.0,0.0,0.0,1.0,0.0,0.0,0.0,0.0,0.0,0.0,0.0,0.0,0.0
2,3,0.0,0.0,0.0,1.0,0.0,0.0,0.0,0.0,0.0,0.0,0.0,0.0,0.0
2,3,0.0,0.0,0.0,1.0,0.0,0.0,0.0,0.0,0.0,0.0,0.0,0.0,0.0
2,3,0.0,0.0,0.0,1.0,0.0,0.0,0.0,0.0,0.0,0.0,0.0,0.0,0.0
2,3,0.0,0.0,0.0,1.0,0.0,0.0,0.0,0.0,0.0,0.0,0.0,0.0,0.0
2,3,0.0,0.0,0.0,1.0,0.0,0.0,0.0,0.0,0.0,0.0,0.0,0.0,0.0
2,3,0.0,0.0,0.0,1.0,0.0,0.0,0.0,0.0,0.0,0.0,0.0,0.0,0.0
2,3,0.0,0.0,0.0,1.0,0.0,0.0,0.0,0.0,0.0,0.0,0.0,0.0,0.0
2,3,0.0,0.0,0.0,1.0,0.0,0.0,0.0,0.0,0.0,0.0,0.0,0.0,0.0
2,3,0.0,0.0,0.0,1.0,0.0,0.0,0.0,0.0,0.0,0.0,0.0,0.0,0.0
2,3,0.0,0.0,0.0,1.0,0.0,0.0,0.0,0.0,0.0,0.0,0.0,0.0,0.0
2,3,0.0,0.0,0.0,1.0,0.0,0.0,0.0,0.0,0.0,0.0,0.0,0.0,0.0
2,3,0.0,0.0,0.0,1.0,0.0,0.0,0.0,0.0,0.0,0.0,0.0,0.0,0.0
2,3,0.0,0.0,0.0,1.0,0.0,0.0,0.0,0.0,0.0,0.0,0.0,0.0,0.0
2,3,0.0,0.0,0.0,1.0,0.0,0.0,0.0,0.0,0.0,0.0,0.0,0.0,0.0
2,3,0.0,0.0,0.0,1.0,0.0,0.0,0.0,0.0,0.0,0.0,0.0,0.0,0.0
2,3,0.0,0.0,0.0,1.0,0.0,0.0,0.0,0.0,0.0,0.0,0.0,0.0,0.0
2,3,0.0,0.0,0.0,1.0,0.0,0.0,0.0,0.0,0.0,0.0,0.0,0.0,0.0
2,3,0.0,0.0,0.0,1.0,0.0,0.0,0.0,0.0,0.0,0.0,0.0,0.0,0.0
2,3,0.0,0.0,0.0,1.0,0.0,0.0,0.0,0.0,0.0,0.0,0.0,0.0,0.0
2,3,0.0,0.0,0.0,1.0,0.0,0.0,0.0,0.0,0.0,0.0,0.0,0.0,0.0
2,3,0.0,0.0,0.0,1.0,0.0,0.0,0.0,0.0,0.0,0.0,0.0,0.0,0.0
2,3,0.0,0.0,0.0,1.0,0.0,0.0,0.0,0.0,0.0,0.0,0.0,0.0,0.0
2,3,0.0,0.0,0.0,1.0,0.0,0.0,0.0,0.0,0.0,0.0,0.0,0.0,0.0
2,3,0.0,0.0,0.0,1.0,0.0,0.0,0.0,0.0,0.0,0.0,0.0,0.0,0.0
2,3,0.0,0.0,0.0,1.0,0.0,0.0,0.0,0.0,0.0,0.0,0.0,0.0,0.0
2,3,0.0,0.0,0.0,1.0,0.0,0.0,0.0,0.0,0.0,0.0,0.0,0.0,0.0
2,3,0.0,0.0,0.0,1.0,0.0,0.0,0.0,0.0,0.0,0.0,0.0,0.0,0.0
2,3,0.0,0.0,0.0,1.0,0.0,0.0,0.0,0.0,0.0,0.0,0.0,0.0,0.0
2,3,0.0,0.0,0.0,1.0,0.0,0.0,0.0,0.0,0.0,0.0,0.0,0.0,0.0
2,3,0.0,0.0,0.0,1.0,0.0,0.0,0.0,0.0,0.0,0.0,0.0,0.0,0.0
2,3,0.0,0.0,0.0,1.0,0.0,0.0,0.0,0.0,0.0,0.0,0.0,0.0,0.0
2,3,0.0,0.0,0.0,1.0,0.0,0.0,0.0,0.0,0.0,0.0,0.0,0.0,0.0
2,3,0.0,0.0,0.0,1.0,0.0,0.0,0.0,0.0,0.0,0.0,0.0,0.0,0.0
2,3,0.0,0.0,0.0,1.0,0.0,0.0,0.0,0.0,0.0,0.0,0.0,0.0,0.0
2,3,0.0,0.0,0.0,1.0,0.0,0.0,0.0,0.0,0.0,0.0,0.0,0.0,0.0
2,3,0.0,0.0,0.0,1.0,0.0,0.0,0.0,0.0,0.0,0.0,0.0,0.0,0.0
2,3,0.0,0.0,0.0,1.0,0.0,0.0,0.0,0.0,0.0,0.0,0.0,0.0,0.0
2,3,0.0,0.0,0.0,1.0,0.0,0.0,0.0,0.0,0.0,0.0,0.0,0.0,0.0
2,3,0.0,0.0,0.0,1.0,0.0,0.0,0.0,0.0,0.0,0.0,0.0,0.0,0.0
2,3,0.0,0.0,0.0,1.0,0.0,0.0,0.0,0.0,0.0,0.0,0.0,0.0,0.0
2,3,0.0,0.0,0.0,1.0,0.0,0.0,0.0,0.0,0.0,0.0,0.0,0.0,0.0
2,3,0.0,0.0,0.0,1.0,0.0,0.0,0.0,0.0,0.0,0.0,0.0,0.0,0.0
2,3,0.0,0.0,0.0,1.0,0.0,0.0,0.0,0.0,0.0,0.0,0.0,0.0,0.0
2,3,0.0,0.0,0.0,1.0,0.0,0.0,0.0,0.0,0.0,0.0,0.0,0.0,0.0
2,3,0.0,0.0,0.0,1.0,0.0,0.0,0.0,0.0,0.0,0.0,0.0,0.0,0.0
2,3,0.0,0.0,0.0,1.0,0.0,0.0,0.0,0.0,0.0,0.0,0.0,0.0,0.0
2,3,0.0,0.0,0.0,1.0,0.0,0.0,0.0,0.0,0.0,0.0,0.0,0.0,0.0
2,3,0.0,0.0,0.0,1.0,0.0,0.0,0.0,0.0,0.0,0.0,0.0,0.0,0.0
2,3,0.0,0.0,0.0,1.0,0.0,0.0,0.0,0.0,0.0,0.0,0.0,0.0,0.0
2,3,0.0,0.0,0.0,1.0,0.0,0.0,0.0,0.0,0.0,0.0,0.0,0.0,0.0
2,3,0.0,0.0,0.0,1.0,0.0,0.0,0.0,0.0,0.0,0.0,0.0,0.0,0.0
2,3,0.0,0.0,0.0,1.0,0.0,0.0,0.0,0.0,0.0,0.0,0.0,0.0,0.0
2,3,0.0,0.0,0.0,1.0,0.0,0.0,0.0,0.0,0.0,0.0,0.0,0.0,0.0
2,3,0.0,0.0,0.0,1.0,0.0,0.0,0.0,0.0,0.0,0.0,0.0,0.0,0.0
2,3,0.0,0.0,0.0,1.0,0.0,0.0,0.0,0.0,0.0,0.0,0.0,0.0,0.0
2,3,0.0,0.0,0.0,1.0,0.0,0.0,0.0,0.0,0.0,0.0,0.0,0.0,0.0
2,3,0.0,0.0,0.0,1.0,0.0,0.0,0.0,0.0,0.0,0.0,0.0,0.0,0.0
2,3,0.0,0.0,0.0,1.0,0.0,0.0,0.0,0.0,0.0,0.0,0.0,0.0,0.0
2,3,0.0,0.0,0.0,1.0,0.0,0.0,0.0,0.0,0.0,0.0,0.0,0.0,0.0
2,3,0.0,0.0,0.0,1.0,0.0,0.0,0.0,0.0,0.0,0.0,0.0,0.0,0.0
2,3,0.0,0.0,0.0,1.0,0.0,0.0,0.0,0.0,0.0,0.0,0.0,0.0,0.0
2,3,0.0,0.0,0.0,1.0,0.0,0.0,0.0,0.0,0.0,0.0,0.0,0.0,0.0
2,3,0.0,0.0,0.0,1.0,0.0,0.0,0.0,0.0,0.0,0.0,0.0,0.0,0.0
2,3,0.0,0.0,0.0,1.0,0.0,0.0,0.0,0.0,0.0,0.0,0.0,0.0,0.0
2,3,0.0,0.0,0.0,1.0,0.0,0.0,0.0,0.0,0.0,0.0,0.0,0.0,0.0
2,3,0.0,0.0,0.0,1.0,0.0,0.0,0.0,0.0,0.0,0.0,0.0,0.0,0.0
2,3,0.0,0.0,0.0,1.0,0.0,0.0,0.0,0.0,0.0,0.0,0.0,0.0,0.0
2,3,0.0,0.0,0.0,1.0,0.0,0.0,0.0,0.0,0.0,0.0,0.0,0.0,0.0
2,3,0.0,0.0,0.0,1.0,0.0,0.0,0.0,0.0,0.0,0.0,0.0,0.0,0.0
2,3,0.0,0.0,0.0,1.0,0.0,0.0,0.0,0.0,0.0,0.0,0.0,0.0,0.0
2,3,0.0,0.0,0.0,1.0,0.0,0.0,0.0,0.0,0.0,0.0,0.0,0.0,0.0
2,3,0.0,0.0,0.0,1.0,0.0,0.0,0.0,0.0,0.0,0.0,0.0,0.0,0.0
2,3,0.0,0.0,0.0,1.0,0.0,0.0,0.0,0.0,0.0,0.0,0.0,0.0,0.0
2,3,0.0,0.0,0.0,1.0,0.0,0.0,0.0,0.0,0.0,0.0,0.0,0.0,0.0
2,3,0.0,0.0,0.0,1.0,0.0,0.0,0.0,0.0,0.0,0.0,0.0,0.0,0.0
2,3,0.0,0.0,0.0,1.0,0.0,0.0,0.0,0.0,0.0,0.0,0.0,0.0,0.0
2,3,0.0,0.0,0.0,1.0,0.0,0.0,0.0,0.0,0.0,0.0,0.0,0.0,0.0
2,3,0.0,0.0,0.0,1.0,0.0,0.0,0.0,0.0,0.0,0.0,0.0,0.0,0.0
2,3,0.0,0.0,0.0,1.0,0.0,0.0,0.0,0.0,0.0,0.0,0.0,0.0,0.0
2,3,0.0,0.0,0.0,1.0,0.0,0.0,0.0,0.0,0.0,0.0,0.0,0.0,0.0
2,3,0.0,0.0,0.0,1.0,0.0,0.0,0.0,0.0,0.0,0.0,0.0,0.0,0.0
2,3,0.0,0.0,0.0,1.0,0.0,0.0,0.0,0.0,0.0,0.0,0.0,0.0,0.0
2,3,0.0,0.0,0.0,1.0,0.0,0.0,0.0,0.0,0.0,0.0,0.0,0.0,0.0
2,3,0.0,0.0,0.0,1.0,0.0,0.0,0.0,0.0,0.0,0.0,0.0,0.0,0.0
2,3,0.0,0.0,0.0,1.0,0.0,0.0,0.0,0.0,0.0,0.0,0.0,0.0,0.0
2,3,0.0,0.0,0.0,1.0,0.0,0.0,0.0,0.0,0.0,0.0,0.0,0.0,0.0
2,3,0.0,0.0,0.0,1.0,0.0,0.0,0.0,0.0,0.0,0.0,0.0,0.0,0.0
2,3,0.0,0.0,0.0,1.0,0.0,0.0,0.0,0.0,0.0,0.0,0.0,0.0,0.0
2,3,0.0,0.0,0.0,1.0,0.0,0.0,0.0,0.0,0.0,0.0,0.0,0.0,0.0
2,3,0.0,0.0,0.0,1.0,0.0,0.0,0.0,0.0,0.0,0.0,0.0,0.0,0.0
2,3,0.0,0.0,0.0,1.0,0.0,0.0,0.0,0.0,0.0,0.0,0.0,0.0,0.0
2,3,0.0,0.0,0.0,1.0,0.0,0.0,0.0,0.0,0.0,0.0,0.0,0.0,0.0
2,3,0.0,0.0,0.0,1.0,0.0,0.0,0.0,0.0,0.0,0.0,0.0,0.0,0.0
2,3,0.0,0.0,0.0,1.0,0.0,0.0,0.0,0.0,0.0,0.0,0.0,0.0,0.0
2,3,0.0,0.0,0.0,1.0,0.0,0.0,0.0,0.0,0.0,0.0,0.0,0.0,0.0
2,3,0.0,0.0,0.0,1.0,0.0,0.0,0.0,0.0,0.0,0.0,0.0,0.0,0.0
2,3,0.0,0.0,0.0,1.0,0.0,0.0,0.0,0.0,0.0,0.0,0.0,0.0,0.0
2,3,0.0,0.0,0.0,1.0,0.0,0.0,0.0,0.0,0.0,0.0,0.0,0.0,0.0
2,3,0.0,0.0,0.0,1.0,0.0,0.0,0.0,0.0,0.0,0.0,0.0,0.0,0.0
2,3,0.0,0.0,0.0,1.0,0.0,0.0,0.0,0.0,0.0,0.0,0.0,0.0,0.0
2,3,0.0,0.0,0.0,1.0,0.0,0.0,0.0,0.0,0.0,0.0,0.0,0.0,0.0
2,3,0.0,0.0,0.0,1.0,0.0,0.0,0.0,0.0,0.0,0.0,0.0,0.0,0.0
2,3,0.0,0.0,0.0,1.0,0.0,0.0,0.0,0.0,0.0,0.0,0.0,0.0,0.0
2,3,0.0,0.0,0.0,1.0,0.0,0.0,0.0,0.0,0.0,0.0,0.0,0.0,0.0
2,3,0.0,0.0,0.0,1.0,0.0,0.0,0.0,0.0,0.0,0.0,0.0,0.0,0.0
2,3,0.0,0.0,0.0,1.0,0.0,0.0,0.0,0.0,0.0,0.0,0.0,0.0,0.0
2,3,0.0,0.0,0.0,1.0,0.0,0.0,0.0,0.0,0.0,0.0,0.0,0.0,0.0
2,3,0.0,0.0,0.0,1.0,0.0,0.0,0.0,0.0,0.0,0.0,0.0,0.0,0.0
2,3,0.0,0.0,0.0,1.0,0.0,0.0,0.0,0.0,0.0,0.0,0.0,0.0,0.0
2,3,0.0,0.0,0.0,1.0,0.0,0.0,0.0,0.0,0.0,0.0,0.0,0.0,0.0
2,3,0.0,0.0,0.0,1.0,0.0,0.0,0.0,0.0,0.0,0.0,0.0,0.0,0.0
2,3,0.0,0.0,0.0,1.0,0.0,0.0,0.0,0.0,0.0,0.0,0.0,0.0,0.0
2,3,0.0,0.0,0.0,1.0,0.0,0.0,0.0,0.0,0.0,0.0,0.0,0.0,0.0
2,3,0.0,0.0,0.0,1.0,0.0,0.0,0.0,0.0,0.0,0.0,0.0,0.0,0.0
2,3,0.0,0.0,0.0,1.0,0.0,0.0,0.0,0.0,0.0,0.0,0.0,0.0,0.0
2,3,0.0,0.0,0.0,1.0,0.0,0.0,0.0,0.0,0.0,0.0,0.0,0.0,0.0
2,3,0.0,0.0,0.0,1.0,0.0,0.0,0.0,0.0,0.0,0.0,0.0,0.0,0.0
2,3,0.0,0.0,0.0,1.0,0.0,0.0,0.0,0.0,0.0,0.0,0.0,0.0,0.0
2,3,0.0,0.0,0.0,1.0,0.0,0.0,0.0,0.0,0.0,0.0,0.0,0.0,0.0
2,3,0.0,0.0,0.0,1.0,0.0,0.0,0.0,0.0,0.0,0.0,0.0,0.0,0.0
2,3,0.0,0.0,0.0,1.0,0.0,0.0,0.0,0.0,0.0,0.0,0.0,0.0,0.0
2,3,0.0,0.0,0.0,1.0,0.0,0.0,0.0,0.0,0.0,0.0,0.0,0.0,0.0
2,3,0.0,0.0,0.0,1.0,0.0,0.0,0.0,0.0,0.0,0.0,0.0,0.0,0.0
2,3,0.0,0.0,0.0,1.0,0.0,0.0,0.0,0.0,0.0,0.0,0.0,0.0,0.0
2,3,0.0,0.0,0.0,1.0,0.0,0.0,0.0,0.0,0.0,0.0,0.0,0.0,0.0
2,3,0.0,0.0,0.0,1.0,0.0,0.0,0.0,0.0,0.0,0.0,0.0,0.0,0.0
2,3,0.0,0.0,0.0,1.0,0.0,0.0,0.0,0.0,0.0,0.0,0.0,0.0,0.0
2,3,0.0,0.0,0.0,1.0,0.0,0.0,0.0,0.0,0.0,0.0,0.0,0.0,0.0
2,3,0.0,0.0,0.0,1.0,0.0,0.0,0.0,0.0,0.0,0.0,0.0,0.0,0.0
2,3,0.0,0.0,0.0,1.0,0.0,0.0,0.0,0.0,0.0,0.0,0.0,0.0,0.0
2,3,0.0,0.0,0.0,1.0,0.0,0.0,0.0,0.0,0.0,0.0,0.0,0.0,0.0
2,3,0.0,0.0,0.0,1.0,0.0,0.0,0.0,0.0,0.0,0.0,0.0,0.0,0.0
2,3,0.0,0.0,0.0,1.0,0.0,0.0,0.0,0.0,0.0,0.0,0.0,0.0,0.0
2,3,0.0,0.0,0.0,1.0,0.0,0.0,0.0,0.0,0.0,0.0,0.0,0.0,0.0
2,3,0.0,0.0,0.0,1.0,0.0,0.0,0.0,0.0,0.0,0.0,0.0,0.0,0.0
2,3,0.0,0.0,0.0,1.0,0.0,0.0,0.0,0.0,0.0,0.0,0.0,0.0,0.0
2,3,0.0,0.0,0.0,1.0,0.0,0.0,0.0,0.0,0.0,0.0,0.0,0.0,0.0
2,3,0.0,0.0,0.0,1.0,0.0,0.0,0.0,0.0,0.0,0.0,0.0,0.0,0.0
2,3,0.0,0.0,0.0,1.0,0.0,0.0,0.0,0.0,0.0,0.0,0.0,0.0,0.0
2,3,0.0,0.0,0.0,1.0,0.0,0.0,0.0,0.0,0.0,0.0,0.0,0.0,0.0
2,3,0.0,0.0,0.0,1.0,0.0,0.0,0.0,0.0,0.0,0.0,0.0,0.0,0.0
2,3,0.0,0.0,0.0,1.0,0.0,0.0,0.0,0.0,0.0,0.0,0.0,0.0,0.0
2,3,0.0,0.0,0.0,1.0,0.0,0.0,0.0,0.0,0.0,0.0,0.0,0.0,0.0
2,3,0.0,0.0,0.0,1.0,0.0,0.0,0.0,0.0,0.0,0.0,0.0,0.0,0.0
2,3,0.0,0.0,0.0,1.0,0.0,0.0,0.0,0.0,0.0,0.0,0.0,0.0,0.0
2,3,0.0,0.0,0.0,1.0,0.0,0.0,0.0,0.0,0.0,0.0,0.0,0.0,0.0
2,3,0.0,0.0,0.0,1.0,0.0,0.0,0.0,0.0,0.0,0.0,0.0,0.0,0.0
2,3,0.0,0.0,0.0,1.0,0.0,0.0,0.0,0.0,0.0,0.0,0.0,0.0,0.0
2,3,0.0,0.0,0.0,1.0,0.0,0.0,0.0,0.0,0.0,0.0,0.0,0.0,0.0
2,3,0.0,0.0,0.0,1.0,0.0,0.0,0.0,0.0,0.0,0.0,0.0,0.0,0.0
2,3,0.0,0.0,0.0,1.0,0.0,0.0,0.0,0.0,0.0,0.0,0.0,0.0,0.0
2,3,0.0,0.0,0.0,1.0,0.0,0.0,0.0,0.0,0.0,0.0,0.0,0.0,0.0
2,3,0.0,0.0,0.0,1.0,0.0,0.0,0.0,0.0,0.0,0.0,0.0,0.0,0.0
2,3,0.0,0.0,0.0,1.0,0.0,0.0,0.0,0.0,0.0,0.0,0.0,0.0,0.0
2,3,0.0,0.0,0.0,1.0,0.0,0.0,0.0,0.0,0.0,0.0,0.0,0.0,0.0
2,3,0.0,0.0,0.0,1.0,0.0,0.0,0.0,0.0,0.0,0.0,0.0,0.0,0.0
2,3,0.0,0.0,0.0,1.0,0.0,0.0,0.0,0.0,0.0,0.0,0.0,0.0,0.0
2,3,0.0,0.0,0.0,1.0,0.0,0.0,0.0,0.0,0.0,0.0,0.0,0.0,0.0
2,3,0.0,0.0,0.0,1.0,0.0,0.0,0.0,0.0,0.0,0.0,0.0,0.0,0.0
2,3,0.0,0.0,0.0,1.0,0.0,0.0,0.0,0.0,0.0,0.0,0.0,0.0,0.0
2,3,0.0,0.0,0.0,1.0,0.0,0.0,0.0,0.0,0.0,0.0,0.0,0.0,0.0
2,3,0.0,0.0,0.0,1.0,0.0,0.0,0.0,0.0,0.0,0.0,0.0,0.0,0.0
2,3,0.0,0.0,0.0,1.0,0.0,0.0,0.0,0.0,0.0,0.0,0.0,0.0,0.0
2,3,0.0,0.0,0.0,1.0,0.0,0.0,0.0,0.0,0.0,0.0,0.0,0.0,0.0
2,3,0.0,0.0,0.0,1.0,0.0,0.0,0.0,0.0,0.0,0.0,0.0,0.0,0.0
2,3,0.0,0.0,0.0,1.0,0.0,0.0,0.0,0.0,0.0,0.0,0.0,0.0,0.0
2,3,0.0,0.0,0.0,1.0,0.0,0.0,0.0,0.0,0.0,0.0,0.0,0.0,0.0
2,3,0.0,0.0,0.0,1.0,0.0,0.0,0.0,0.0,0.0,0.0,0.0,0.0,0.0
2,3,0.0,0.0,0.0,1.0,0.0,0.0,0.0,0.0,0.0,0.0,0.0,0.0,0.0
2,3,0.0,0.0,0.0,1.0,0.0,0.0,0.0,0.0,0.0,0.0,0.0,0.0,0.0
2,3,0.0,0.0,0.0,1.0,0.0,0.0,0.0,0.0,0.0,0.0,0.0,0.0,0.0
2,3,0.0,0.0,0.0,1.0,0.0,0.0,0.0,0.0,0.0,0.0,0.0,0.0,0.0
2,3,0.0,0.0,0.0,1.0,0.0,0.0,0.0,0.0,0.0,0.0,0.0,0.0,0.0
2,3,0.0,0.0,0.0,1.0,0.0,0.0,0.0,0.0,0.0,0.0,0.0,0.0,0.0
2,3,0.0,0.0,0.0,1.0,0.0,0.0,0.0,0.0,0.0,0.0,0.0,0.0,0.0
2,3,0.0,0.0,0.0,1.0,0.0,0.0,0.0,0.0,0.0,0.0,0.0,0.0,0.0
2,3,0.0,0.0,0.0,1.0,0.0,0.0,0.0,0.0,0.0,0.0,0.0,0.0,0.0
2,3,0.0,0.0,0.0,1.0,0.0,0.0,0.0,0.0,0.0,0.0,0.0,0.0,0.0
2,3,0.0,0.0,0.0,1.0,0.0,0.0,0.0,0.0,0.0,0.0,0.0,0.0,0.0
2,3,0.0,0.0,0.0,1.0,0.0,0.0,0.0,0.0,0.0,0.0,0.0,0.0,0.0
2,3,0.0,0.0,0.0,1.0,0.0,0.0,0.0,0.0,0.0,0.0,0.0,0.0,0.0
2,3,0.0,0.0,0.0,1.0,0.0,0.0,0.0,0.0,0.0,0.0,0.0,0.0,0.0
2,3,0.0,0.0,0.0,1.0,0.0,0.0,0.0,0.0,0.0,0.0,0.0,0.0,0.0
2,3,0.0,0.0,0.0,1.0,0.0,0.0,0.0,0.0,0.0,0.0,0.0,0.0,0.0
2,3,0.0,0.0,0.0,1.0,0.0,0.0,0.0,0.0,0.0,0.0,0.0,0.0,0.0
2,3,0.0,0.0,0.0,1.0,0.0,0.0,0.0,0.0,0.0,0.0,0.0,0.0,0.0
2,3,0.0,0.0,0.0,1.0,0.0,0.0,0.0,0.0,0.0,0.0,0.0,0.0,0.0
2,3,0.0,0.0,0.0,1.0,0.0,0.0,0.0,0.0,0.0,0.0,0.0,0.0,0.0
2,3,0.0,0.0,0.0,1.0,0.0,0.0,0.0,0.0,0.0,0.0,0.0,0.0,0.0
2,3,0.0,0.0,0.0,1.0,0.0,0.0,0.0,0.0,0.0,0.0,0.0,0.0,0.0
2,3,0.0,0.0,0.0,1.0,0.0,0.0,0.0,0.0,0.0,0.0,0.0,0.0,0.0
2,3,0.0,0.0,0.0,1.0,0.0,0.0,0.0,0.0,0.0,0.0,0.0,0.0,0.0
2,3,0.0,0.0,0.0,1.0,0.0,0.0,0.0,0.0,0.0,0.0,0.0,0.0,0.0
2,3,0.0,0.0,0.0,1.0,0.0,0.0,0.0,0.0,0.0,0.0,0.0,0.0,0.0
2,3,0.0,0.0,0.0,1.0,0.0,0.0,0.0,0.0,0.0,0.0,0.0,0.0,0.0
2,3,0.0,0.0,0.0,1.0,0.0,0.0,0.0,0.0,0.0,0.0,0.0,0.0,0.0
2,3,0.0,0.0,0.0,1.0,0.0,0.0,0.0,0.0,0.0,0.0,0.0,0.0,0.0
2,3,0.0,0.0,0.0,1.0,0.0,0.0,0.0,0.0,0.0,0.0,0.0,0.0,0.0
2,3,0.0,0.0,0.0,1.0,0.0,0.0,0.0,0.0,0.0,0.0,0.0,0.0,0.0
2,3,0.0,0.0,0.0,1.0,0.0,0.0,0.0,0.0,0.0,0.0,0.0,0.0,0.0
2,3,0.0,0.0,0.0,1.0,0.0,0.0,0.0,0.0,0.0,0.0,0.0,0.0,0.0
2,3,0.0,0.0,0.0,1.0,0.0,0.0,0.0,0.0,0.0,0.0,0.0,0.0,0.0
2,3,0.0,0.0,0.0,1.0,0.0,0.0,0.0,0.0,0.0,0.0,0.0,0.0,0.0
2,3,0.0,0.0,0.0,1.0,0.0,0.0,0.0,0.0,0.0,0.0,0.0,0.0,0.0
2,3,0.0,0.0,0.0,1.0,0.0,0.0,0.0,0.0,0.0,0.0,0.0,0.0,0.0
2,3,0.0,0.0,0.0,1.0,0.0,0.0,0.0,0.0,0.0,0.0,0.0,0.0,0.0
2,3,0.0,0.0,0.0,1.0,0.0,0.0,0.0,0.0,0.0,0.0,0.0,0.0,0.0
2,3,0.0,0.0,0.0,1.0,0.0,0.0,0.0,0.0,0.0,0.0,0.0,0.0,0.0
2,3,0.0,0.0,0.0,1.0,0.0,0.0,0.0,0.0,0.0,0.0,0.0,0.0,0.0
2,3,0.0,0.0,0.0,1.0,0.0,0.0,0.0,0.0,0.0,0.0,0.0,0.0,0.0
2,3,0.0,0.0,0.0,1.0,0.0,0.0,0.0,0.0,0.0,0.0,0.0,0.0,0.0
2,3,0.0,0.0,0.0,1.0,0.0,0.0,0.0,0.0,0.0,0.0,0.0,0.0,0.0
2,3,0.0,0.0,0.0,1.0,0.0,0.0,0.0,0.0,0.0,0.0,0.0,0.0,0.0
2,3,0.0,0.0,0.0,1.0,0.0,0.0,0.0,0.0,0.0,0.0,0.0,0.0,0.0
2,3,0.0,0.0,0.0,1.0,0.0,0.0,0.0,0.0,0.0,0.0,0.0,0.0,0.0
2,3,0.0,0.0,0.0,1.0,0.0,0.0,0.0,0.0,0.0,0.0,0.0,0.0,0.0
2,3,0.0,0.0,0.0,1.0,0.0,0.0,0.0,0.0,0.0,0.0,0.0,0.0,0.0
2,3,0.0,0.0,0.0,1.0,0.0,0.0,0.0,0.0,0.0,0.0,0.0,0.0,0.0
2,3,0.0,0.0,0.0,1.0,0.0,0.0,0.0,0.0,0.0,0.0,0.0,0.0,0.0
2,3,0.0,0.0,0.0,1.0,0.0,0.0,0.0,0.0,0.0,0.0,0.0,0.0,0.0
2,3,0.0,0.0,0.0,1.0,0.0,0.0,0.0,0.0,0.0,0.0,0.0,0.0,0.0
2,3,0.0,0.0,0.0,1.0,0.0,0.0,0.0,0.0,0.0,0.0,0.0,0.0,0.0
2,3,0.0,0.0,0.0,1.0,0.0,0.0,0.0,0.0,0.0,0.0,0.0,0.0,0.0
2,3,0.0,0.0,0.0,1.0,0.0,0.0,0.0,0.0,0.0,0.0,0.0,0.0,0.0
2,3,0.0,0.0,0.0,1.0,0.0,0.0,0.0,0.0,0.0,0.0,0.0,0.0,0.0
2,3,0.0,0.0,0.0,1.0,0.0,0.0,0.0,0.0,0.0,0.0,0.0,0.0,0.0
2,3,0.0,0.0,0.0,1.0,0.0,0.0,0.0,0.0,0.0,0.0,0.0,0.0,0.0
2,3,0.0,0.0,0.0,1.0,0.0,0.0,0.0,0.0,0.0,0.0,0.0,0.0,0.0
2,3,0.0,0.0,0.0,1.0,0.0,0.0,0.0,0.0,0.0,0.0,0.0,0.0,0.0
2,3,0.0,0.0,0.0,1.0,0.0,0.0,0.0,0.0,0.0,0.0,0.0,0.0,0.0
2,3,0.0,0.0,0.0,1.0,0.0,0.0,0.0,0.0,0.0,0.0,0.0,0.0,0.0
2,3,0.0,0.0,0.0,1.0,0.0,0.0,0.0,0.0,0.0,0.0,0.0,0.0,0.0
2,3,0.0,0.0,0.0,1.0,0.0,0.0,0.0,0.0,0.0,0.0,0.0,0.0,0.0
2,3,0.0,0.0,0.0,1.0,0.0,0.0,0.0,0.0,0.0,0.0,0.0,0.0,0.0
2,3,0.0,0.0,0.0,1.0,0.0,0.0,0.0,0.0,0.0,0.0,0.0,0.0,0.0
2,3,0.0,0.0,0.0,1.0,0.0,0.0,0.0,0.0,0.0,0.0,0.0,0.0,0.0
2,3,0.0,0.0,0.0,1.0,0.0,0.0,0.0,0.0,0.0,0.0,0.0,0.0,0.0
2,3,0.0,0.0,0.0,1.0,0.0,0.0,0.0,0.0,0.0,0.0,0.0,0.0,0.0
2,3,0.0,0.0,0.0,1.0,0.0,0.0,0.0,0.0,0.0,0.0,0.0,0.0,0.0
2,3,0.0,0.0,0.0,1.0,0.0,0.0,0.0,0.0,0.0,0.0,0.0,0.0,0.0
2,3,0.0,0.0,0.0,1.0,0.0,0.0,0.0,0.0,0.0,0.0,0.0,0.0,0.0
2,3,0.0,0.0,0.0,1.0,0.0,0.0,0.0,0.0,0.0,0.0,0.0,0.0,0.0
2,3,0.0,0.0,0.0,1.0,0.0,0.0,0.0,0.0,0.0,0.0,0.0,0.0,0.0
2,3,0.0,0.0,0.0,1.0,0.0,0.0,0.0,0.0,0.0,0.0,0.0,0.0,0.0
2,3,0.0,0.0,0.0,1.0,0.0,0.0,0.0,0.0,0.0,0.0,0.0,0.0,0.0
2,3,0.0,0.0,0.0,1.0,0.0,0.0,0.0,0.0,0.0,0.0,0.0,0.0,0.0
2,3,0.0,0.0,0.0,1.0,0.0,0.0,0.0,0.0,0.0,0.0,0.0,0.0,0.0
2,3,0.0,0.0,0.0,1.0,0.0,0.0,0.0,0.0,0.0,0.0,0.0,0.0,0.0
2,3,0.0,0.0,0.0,1.0,0.0,0.0,0.0,0.0,0.0,0.0,0.0,0.0,0.0
2,3,0.0,0.0,0.0,1.0,0.0,0.0,0.0,0.0,0.0,0.0,0.0,0.0,0.0
2,3,0.0,0.0,0.0,1.0,0.0,0.0,0.0,0.0,0.0,0.0,0.0,0.0,0.0
2,3,0.0,0.0,0.0,1.0,0.0,0.0,0.0,0.0,0.0,0.0,0.0,0.0,0.0
2,3,0.0,0.0,0.0,1.0,0.0,0.0,0.0,0.0,0.0,0.0,0.0,0.0,0.0
2,3,0.0,0.0,0.0,1.0,0.0,0.0,0.0,0.0,0.0,0.0,0.0,0.0,0.0
2,3,0.0,0.0,0.0,1.0,0.0,0.0,0.0,0.0,0.0,0.0,0.0,0.0,0.0
2,3,0.0,0.0,0.0,1.0,0.0,0.0,0.0,0.0,0.0,0.0,0.0,0.0,0.0
2,3,0.0,0.0,0.0,1.0,0.0,0.0,0.0,0.0,0.0,0.0,0.0,0.0,0.0
2,3,0.0,0.0,0.0,1.0,0.0,0.0,0.0,0.0,0.0,0.0,0.0,0.0,0.0
2,3,0.0,0.0,0.0,1.0,0.0,0.0,0.0,0.0,0.0,0.0,0.0,0.0,0.0
2,3,0.0,0.0,0.0,1.0,0.0,0.0,0.0,0.0,0.0,0.0,0.0,0.0,0.0
2,3,0.0,0.0,0.0,1.0,0.0,0.0,0.0,0.0,0.0,0.0,0.0,0.0,0.0
2,3,0.0,0.0,0.0,1.0,0.0,0.0,0.0,0.0,0.0,0.0,0.0,0.0,0.0
2,3,0.0,0.0,0.0,1.0,0.0,0.0,0.0,0.0,0.0,0.0,0.0,0.0,0.0
2,3,0.0,0.0,0.0,1.0,0.0,0.0,0.0,0.0,0.0,0.0,0.0,0.0,0.0
2,3,0.0,0.0,0.0,1.0,0.0,0.0,0.0,0.0,0.0,0.0,0.0,0.0,0.0
2,3,0.0,0.0,0.0,1.0,0.0,0.0,0.0,0.0,0.0,0.0,0.0,0.0,0.0
2,3,0.0,0.0,0.0,1.0,0.0,0.0,0.0,0.0,0.0,0.0,0.0,0.0,0.0
2,3,0.0,0.0,0.0,1.0,0.0,0.0,0.0,0.0,0.0,0.0,0.0,0.0,0.0
2,3,0.0,0.0,0.0,1.0,0.0,0.0,0.0,0.0,0.0,0.0,0.0,0.0,0.0
2,3,0.0,0.0,0.0,1.0,0.0,0.0,0.0,0.0,0.0,0.0,0.0,0.0,0.0
2,3,0.0,0.0,0.0,1.0,0.0,0.0,0.0,0.0,0.0,0.0,0.0,0.0,0.0
2,3,0.0,0.0,0.0,1.0,0.0,0.0,0.0,0.0,0.0,0.0,0.0,0.0,0.0
2,3,0.0,0.0,0.0,1.0,0.0,0.0,0.0,0.0,0.0,0.0,0.0,0.0,0.0
2,3,0.0,0.0,0.0,1.0,0.0,0.0,0.0,0.0,0.0,0.0,0.0,0.0,0.0
2,3,0.0,0.0,0.0,1.0,0.0,0.0,0.0,0.0,0.0,0.0,0.0,0.0,0.0
2,3,0.0,0.0,0.0,1.0,0.0,0.0,0.0,0.0,0.0,0.0,0.0,0.0,0.0
2,3,0.0,0.0,0.0,1.0,0.0,0.0,0.0,0.0,0.0,0.0,0.0,0.0,0.0
2,3,0.0,0.0,0.0,1.0,0.0,0.0,0.0,0.0,0.0,0.0,0.0,0.0,0.0
2,3,0.0,0.0,0.0,1.0,0.0,0.0,0.0,0.0,0.0,0.0,0.0,0.0,0.0
2,3,0.0,0.0,0.0,1.0,0.0,0.0,0.0,0.0,0.0,0.0,0.0,0.0,0.0
2,3,0.0,0.0,0.0,1.0,0.0,0.0,0.0,0.0,0.0,0.0,0.0,0.0,0.0
2,3,0.0,0.0,0.0,1.0,0.0,0.0,0.0,0.0,0.0,0.0,0.0,0.0,0.0
2,3,0.0,0.0,0.0,1.0,0.0,0.0,0.0,0.0,0.0,0.0,0.0,0.0,0.0
2,3,0.0,0.0,0.0,1.0,0.0,0.0,0.0,0.0,0.0,0.0,0.0,0.0,0.0
2,3,0.0,0.0,0.0,1.0,0.0,0.0,0.0,0.0,0.0,0.0,0.0,0.0,0.0
2,3,0.0,0.0,0.0,1.0,0.0,0.0,0.0,0.0,0.0,0.0,0.0,0.0,0.0
2,3,0.0,0.0,0.0,1.0,0.0,0.0,0.0,0.0,0.0,0.0,0.0,0.0,0.0
2,3,0.0,0.0,0.0,1.0,0.0,0.0,0.0,0.0,0.0,0.0,0.0,0.0,0.0
2,3,0.0,0.0,0.0,1.0,0.0,0.0,0.0,0.0,0.0,0.0,0.0,0.0,0.0
2,3,0.0,0.0,0.0,1.0,0.0,0.0,0.0,0.0,0.0,0.0,0.0,0.0,0.0
2,3,0.0,0.0,0.0,1.0,0.0,0.0,0.0,0.0,0.0,0.0,0.0,0.0,0.0
2,3,0.0,0.0,0.0,1.0,0.0,0.0,0.0,0.0,0.0,0.0,0.0,0.0,0.0
2,3,0.0,0.0,0.0,1.0,0.0,0.0,0.0,0.0,0.0,0.0,0.0,0.0,0.0
2,3,0.0,0.0,0.0,1.0,0.0,0.0,0.0,0.0,0.0,0.0,0.0,0.0,0.0
2,3,0.0,0.0,0.0,1.0,0.0,0.0,0.0,0.0,0.0,0.0,0.0,0.0,0.0
2,3,0.0,0.0,0.0,1.0,0.0,0.0,0.0,0.0,0.0,0.0,0.0,0.0,0.0
2,3,0.0,0.0,0.0,1.0,0.0,0.0,0.0,0.0,0.0,0.0,0.0,0.0,0.0
2,3,0.0,0.0,0.0,1.0,0.0,0.0,0.0,0.0,0.0,0.0,0.0,0.0,0.0
2,3,0.0,0.0,0.0,1.0,0.0,0.0,0.0,0.0,0.0,0.0,0.0,0.0,0.0
2,3,0.0,0.0,0.0,1.0,0.0,0.0,0.0,0.0,0.0,0.0,0.0,0.0,0.0
2,3,0.0,0.0,0.0,1.0,0.0,0.0,0.0,0.0,0.0,0.0,0.0,0.0,0.0
2,3,0.0,0.0,0.0,1.0,0.0,0.0,0.0,0.0,0.0,0.0,0.0,0.0,0.0
2,3,0.0,0.0,0.0,1.0,0.0,0.0,0.0,0.0,0.0,0.0,0.0,0.0,0.0
2,3,0.0,0.0,0.0,1.0,0.0,0.0,0.0,0.0,0.0,0.0,0.0,0.0,0.0
2,3,0.0,0.0,0.0,1.0,0.0,0.0,0.0,0.0,0.0,0.0,0.0,0.0,0.0
2,3,0.0,0.0,0.0,1.0,0.0,0.0,0.0,0.0,0.0,0.0,0.0,0.0,0.0
2,3,0.0,0.0,0.0,1.0,0.0,0.0,0.0,0.0,0.0,0.0,0.0,0.0,0.0
2,3,0.0,0.0,0.0,1.0,0.0,0.0,0.0,0.0,0.0,0.0,0.0,0.0,0.0
2,3,0.0,0.0,0.0,1.0,0.0,0.0,0.0,0.0,0.0,0.0,0.0,0.0,0.0
2,3,0.0,0.0,0.0,1.0,0.0,0.0,0.0,0.0,0.0,0.0,0.0,0.0,0.0
2,3,0.0,0.0,0.0,1.0,0.0,0.0,0.0,0.0,0.0,0.0,0.0,0.0,0.0
2,3,0.0,0.0,0.0,1.0,0.0,0.0,0.0,0.0,0.0,0.0,0.0,0.0,0.0
2,3,0.0,0.0,0.0,1.0,0.0,0.0,0.0,0.0,0.0,0.0,0.0,0.0,0.0
2,3,0.0,0.0,0.0,1.0,0.0,0.0,0.0,0.0,0.0,0.0,0.0,0.0,0.0
2,3,0.0,0.0,0.0,1.0,0.0,0.0,0.0,0.0,0.0,0.0,0.0,0.0,0.0
2,3,0.0,0.0,0.0,1.0,0.0,0.0,0.0,0.0,0.0,0.0,0.0,0.0,0.0
2,3,0.0,0.0,0.0,1.0,0.0,0.0,0.0,0.0,0.0,0.0,0.0,0.0,0.0
2,3,0.0,0.0,0.0,1.0,0.0,0.0,0.0,0.0,0.0,0.0,0.0,0.0,0.0
2,3,0.0,0.0,0.0,1.0,0.0,0.0,0.0,0.0,0.0,0.0,0.0,0.0,0.0
2,3,0.0,0.0,0.0,1.0,0.0,0.0,0.0,0.0,0.0,0.0,0.0,0.0,0.0
2,3,0.0,0.0,0.0,1.0,0.0,0.0,0.0,0.0,0.0,0.0,0.0,0.0,0.0
2,3,0.0,0.0,0.0,1.0,0.0,0.0,0.0,0.0,0.0,0.0,0.0,0.0,0.0
2,3,0.0,0.0,0.0,1.0,0.0,0.0,0.0,0.0,0.0,0.0,0.0,0.0,0.0
2,3,0.0,0.0,0.0,1.0,0.0,0.0,0.0,0.0,0.0,0.0,0.0,0.0,0.0
2,3,0.0,0.0,0.0,1.0,0.0,0.0,0.0,0.0,0.0,0.0,0.0,0.0,0.0
2,3,0.0,0.0,0.0,1.0,0.0,0.0,0.0,0.0,0.0,0.0,0.0,0.0,0.0
2,3,0.0,0.0,0.0,1.0,0.0,0.0,0.0,0.0,0.0,0.0,0.0,0.0,0.0
2,3,0.0,0.0,0.0,1.0,0.0,0.0,0.0,0.0,0.0,0.0,0.0,0.0,0.0
2,3,0.0,0.0,0.0,1.0,0.0,0.0,0.0,0.0,0.0,0.0,0.0,0.0,0.0
2,3,0.0,0.0,0.0,1.0,0.0,0.0,0.0,0.0,0.0,0.0,0.0,0.0,0.0
2,3,0.0,0.0,0.0,1.0,0.0,0.0,0.0,0.0,0.0,0.0,0.0,0.0,0.0
2,3,0.0,0.0,0.0,1.0,0.0,0.0,0.0,0.0,0.0,0.0,0.0,0.0,0.0
2,3,0.0,0.0,0.0,1.0,0.0,0.0,0.0,0.0,0.0,0.0,0.0,0.0,0.0
2,3,0.0,0.0,0.0,1.0,0.0,0.0,0.0,0.0,0.0,0.0,0.0,0.0,0.0
2,3,0.0,0.0,0.0,1.0,0.0,0.0,0.0,0.0,0.0,0.0,0.0,0.0,0.0
2,3,0.0,0.0,0.0,1.0,0.0,0.0,0.0,0.0,0.0,0.0,0.0,0.0,0.0
2,3,0.0,0.0,0.0,1.0,0.0,0.0,0.0,0.0,0.0,0.0,0.0,0.0,0.0
2,3,0.0,0.0,0.0,1.0,0.0,0.0,0.0,0.0,0.0,0.0,0.0,0.0,0.0
2,3,0.0,0.0,0.0,1.0,0.0,0.0,0.0,0.0,0.0,0.0,0.0,0.0,0.0
2,3,0.0,0.0,0.0,1.0,0.0,0.0,0.0,0.0,0.0,0.0,0.0,0.0,0.0
2,3,0.0,0.0,0.0,1.0,0.0,0.0,0.0,0.0,0.0,0.0,0.0,0.0,0.0
2,3,0.0,0.0,0.0,1.0,0.0,0.0,0.0,0.0,0.0,0.0,0.0,0.0,0.0
2,3,0.0,0.0,0.0,1.0,0.0,0.0,0.0,0.0,0.0,0.0,0.0,0.0,0.0
2,3,0.0,0.0,0.0,1.0,0.0,0.0,0.0,0.0,0.0,0.0,0.0,0.0,0.0
2,3,0.0,0.0,0.0,1.0,0.0,0.0,0.0,0.0,0.0,0.0,0.0,0.0,0.0
2,3,0.0,0.0,0.0,1.0,0.0,0.0,0.0,0.0,0.0,0.0,0.0,0.0,0.0
2,3,0.0,0.0,0.0,1.0,0.0,0.0,0.0,0.0,0.0,0.0,0.0,0.0,0.0
2,3,0.0,0.0,0.0,1.0,0.0,0.0,0.0,0.0,0.0,0.0,0.0,0.0,0.0
2,3,0.0,0.0,0.0,1.0,0.0,0.0,0.0,0.0,0.0,0.0,0.0,0.0,0.0
2,3,0.0,0.0,0.0,1.0,0.0,0.0,0.0,0.0,0.0,0.0,0.0,0.0,0.0
2,3,0.0,0.0,0.0,1.0,0.0,0.0,0.0,0.0,0.0,0.0,0.0,0.0,0.0
2,3,0.0,0.0,0.0,1.0,0.0,0.0,0.0,0.0,0.0,0.0,0.0,0.0,0.0
2,3,0.0,0.0,0.0,1.0,0.0,0.0,0.0,0.0,0.0,0.0,0.0,0.0,0.0
2,3,0.0,0.0,0.0,1.0,0.0,0.0,0.0,0.0,0.0,0.0,0.0,0.0,0.0
2,3,0.0,0.0,0.0,1.0,0.0,0.0,0.0,0.0,0.0,0.0,0.0,0.0,0.0
2,3,0.0,0.0,0.0,1.0,0.0,0.0,0.0,0.0,0.0,0.0,0.0,0.0,0.0
2,3,0.0,0.0,0.0,1.0,0.0,0.0,0.0,0.0,0.0,0.0,0.0,0.0,0.0
2,3,0.0,0.0,0.0,1.0,0.0,0.0,0.0,0.0,0.0,0.0,0.0,0.0,0.0
2,3,0.0,0.0,0.0,1.0,0.0,0.0,0.0,0.0,0.0,0.0,0.0,0.0,0.0
2,3,0.0,0.0,0.0,1.0,0.0,0.0,0.0,0.0,0.0,0.0,0.0,0.0,0.0
2,3,0.0,0.0,0.0,1.0,0.0,0.0,0.0,0.0,0.0,0.0,0.0,0.0,0.0
2,3,0.0,0.0,0.0,1.0,0.0,0.0,0.0,0.0,0.0,0.0,0.0,0.0,0.0
2,3,0.0,0.0,0.0,1.0,0.0,0.0,0.0,0.0,0.0,0.0,0.0,0.0,0.0
2,3,0.0,0.0,0.0,1.0,0.0,0.0,0.0,0.0,0.0,0.0,0.0,0.0,0.0
2,3,0.0,0.0,0.0,1.0,0.0,0.0,0.0,0.0,0.0,0.0,0.0,0.0,0.0
2,3,0.0,0.0,0.0,1.0,0.0,0.0,0.0,0.0,0.0,0.0,0.0,0.0,0.0
2,3,0.0,0.0,0.0,1.0,0.0,0.0,0.0,0.0,0.0,0.0,0.0,0.0,0.0
2,3,0.0,0.0,0.0,1.0,0.0,0.0,0.0,0.0,0.0,0.0,0.0,0.0,0.0
2,3,0.0,0.0,0.0,1.0,0.0,0.0,0.0,0.0,0.0,0.0,0.0,0.0,0.0
2,3,0.0,0.0,0.0,1.0,0.0,0.0,0.0,0.0,0.0,0.0,0.0,0.0,0.0
2,3,0.0,0.0,0.0,1.0,0.0,0.0,0.0,0.0,0.0,0.0,0.0,0.0,0.0
2,3,0.0,0.0,0.0,1.0,0.0,0.0,0.0,0.0,0.0,0.0,0.0,0.0,0.0
2,3,0.0,0.0,0.0,1.0,0.0,0.0,0.0,0.0,0.0,0.0,0.0,0.0,0.0
2,3,0.0,0.0,0.0,1.0,0.0,0.0,0.0,0.0,0.0,0.0,0.0,0.0,0.0
2,3,0.0,0.0,0.0,1.0,0.0,0.0,0.0,0.0,0.0,0.0,0.0,0.0,0.0
2,3,0.0,0.0,0.0,1.0,0.0,0.0,0.0,0.0,0.0,0.0,0.0,0.0,0.0
2,3,0.0,0.0,0.0,1.0,0.0,0.0,0.0,0.0,0.0,0.0,0.0,0.0,0.0
2,3,0.0,0.0,0.0,1.0,0.0,0.0,0.0,0.0,0.0,0.0,0.0,0.0,0.0
2,3,0.0,0.0,0.0,1.0,0.0,0.0,0.0,0.0,0.0,0.0,0.0,0.0,0.0
2,3,0.0,0.0,0.0,1.0,0.0,0.0,0.0,0.0,0.0,0.0,0.0,0.0,0.0
2,3,0.0,0.0,0.0,1.0,0.0,0.0,0.0,0.0,0.0,0.0,0.0,0.0,0.0
2,3,0.0,0.0,0.0,1.0,0.0,0.0,0.0,0.0,0.0,0.0,0.0,0.0,0.0
2,3,0.0,0.0,0.0,1.0,0.0,0.0,0.0,0.0,0.0,0.0,0.0,0.0,0.0
2,3,0.0,0.0,0.0,1.0,0.0,0.0,0.0,0.0,0.0,0.0,0.0,0.0,0.0
2,3,0.0,0.0,0.0,1.0,0.0,0.0,0.0,0.0,0.0,0.0,0.0,0.0,0.0
2,3,0.0,0.0,0.0,1.0,0.0,0.0,0.0,0.0,0.0,0.0,0.0,0.0,0.0
2,3,0.0,0.0,0.0,1.0,0.0,0.0,0.0,0.0,0.0,0.0,0.0,0.0,0.0
2,3,0.0,0.0,0.0,1.0,0.0,0.0,0.0,0.0,0.0,0.0,0.0,0.0,0.0
2,3,0.0,0.0,0.0,1.0,0.0,0.0,0.0,0.0,0.0,0.0,0.0,0.0,0.0
2,3,0.0,0.0,0.0,1.0,0.0,0.0,0.0,0.0,0.0,0.0,0.0,0.0,0.0
2,3,0.0,0.0,0.0,1.0,0.0,0.0,0.0,0.0,0.0,0.0,0.0,0.0,0.0
2,3,0.0,0.0,0.0,1.0,0.0,0.0,0.0,0.0,0.0,0.0,0.0,0.0,0.0
2,3,0.0,0.0,0.0,1.0,0.0,0.0,0.0,0.0,0.0,0.0,0.0,0.0,0.0
2,3,0.0,0.0,0.0,1.0,0.0,0.0,0.0,0.0,0.0,0.0,0.0,0.0,0.0
2,3,0.0,0.0,0.0,1.0,0.0,0.0,0.0,0.0,0.0,0.0,0.0,0.0,0.0
2,3,0.0,0.0,0.0,1.0,0.0,0.0,0.0,0.0,0.0,0.0,0.0,0.0,0.0
2,3,0.0,0.0,0.0,1.0,0.0,0.0,0.0,0.0,0.0,0.0,0.0,0.0,0.0
2,3,0.0,0.0,0.0,1.0,0.0,0.0,0.0,0.0,0.0,0.0,0.0,0.0,0.0
2,3,0.0,0.0,0.0,1.0,0.0,0.0,0.0,0.0,0.0,0.0,0.0,0.0,0.0
2,3,0.0,0.0,0.0,1.0,0.0,0.0,0.0,0.0,0.0,0.0,0.0,0.0,0.0
2,3,0.0,0.0,0.0,1.0,0.0,0.0,0.0,0.0,0.0,0.0,0.0,0.0,0.0
2,3,0.0,0.0,0.0,1.0,0.0,0.0,0.0,0.0,0.0,0.0,0.0,0.0,0.0
2,3,0.0,0.0,0.0,1.0,0.0,0.0,0.0,0.0,0.0,0.0,0.0,0.0,0.0
2,3,0.0,0.0,0.0,1.0,0.0,0.0,0.0,0.0,0.0,0.0,0.0,0.0,0.0
2,3,0.0,0.0,0.0,1.0,0.0,0.0,0.0,0.0,0.0,0.0,0.0,0.0,0.0
2,3,0.0,0.0,0.0,1.0,0.0,0.0,0.0,0.0,0.0,0.0,0.0,0.0,0.0
2,3,0.0,0.0,0.0,1.0,0.0,0.0,0.0,0.0,0.0,0.0,0.0,0.0,0.0
2,3,0.0,0.0,0.0,1.0,0.0,0.0,0.0,0.0,0.0,0.0,0.0,0.0,0.0
2,3,0.0,0.0,0.0,1.0,0.0,0.0,0.0,0.0,0.0,0.0,0.0,0.0,0.0
2,3,0.0,0.0,0.0,1.0,0.0,0.0,0.0,0.0,0.0,0.0,0.0,0.0,0.0
2,3,0.0,0.0,0.0,1.0,0.0,0.0,0.0,0.0,0.0,0.0,0.0,0.0,0.0
2,3,0.0,0.0,0.0,1.0,0.0,0.0,0.0,0.0,0.0,0.0,0.0,0.0,0.0
2,3,0.0,0.0,0.0,1.0,0.0,0.0,0.0,0.0,0.0,0.0,0.0,0.0,0.0
2,3,0.0,0.0,0.0,1.0,0.0,0.0,0.0,0.0,0.0,0.0,0.0,0.0,0.0
2,3,0.0,0.0,0.0,1.0,0.0,0.0,0.0,0.0,0.0,0.0,0.0,0.0,0.0
2,3,0.0,0.0,0.0,1.0,0.0,0.0,0.0,0.0,0.0,0.0,0.0,0.0,0.0
2,3,0.0,0.0,0.0,1.0,0.0,0.0,0.0,0.0,0.0,0.0,0.0,0.0,0.0
2,3,0.0,0.0,0.0,1.0,0.0,0.0,0.0,0.0,0.0,0.0,0.0,0.0,0.0
2,3,0.0,0.0,0.0,1.0,0.0,0.0,0.0,0.0,0.0,0.0,0.0,0.0,0.0
2,3,0.0,0.0,0.0,1.0,0.0,0.0,0.0,0.0,0.0,0.0,0.0,0.0,0.0
2,3,0.0,0.0,0.0,1.0,0.0,0.0,0.0,0.0,0.0,0.0,0.0,0.0,0.0
2,3,0.0,0.0,0.0,1.0,0.0,0.0,0.0,0.0,0.0,0.0,0.0,0.0,0.0
2,3,0.0,0.0,0.0,1.0,0.0,0.0,0.0,0.0,0.0,0.0,0.0,0.0,0.0
2,3,0.0,0.0,0.0,1.0,0.0,0.0,0.0,0.0,0.0,0.0,0.0,0.0,0.0
2,3,0.0,0.0,0.0,1.0,0.0,0.0,0.0,0.0,0.0,0.0,0.0,0.0,0.0
2,3,0.0,0.0,0.0,1.0,0.0,0.0,0.0,0.0,0.0,0.0,0.0,0.0,0.0
2,3,0.0,0.0,0.0,1.0,0.0,0.0,0.0,0.0,0.0,0.0,0.0,0.0,0.0
2,3,0.0,0.0,0.0,1.0,0.0,0.0,0.0,0.0,0.0,0.0,0.0,0.0,0.0
2,3,0.0,0.0,0.0,1.0,0.0,0.0,0.0,0.0,0.0,0.0,0.0,0.0,0.0
2,3,0.0,0.0,0.0,1.0,0.0,0.0,0.0,0.0,0.0,0.0,0.0,0.0,0.0
2,3,0.0,0.0,0.0,1.0,0.0,0.0,0.0,0.0,0.0,0.0,0.0,0.0,0.0
2,3,0.0,0.0,0.0,1.0,0.0,0.0,0.0,0.0,0.0,0.0,0.0,0.0,0.0
2,3,0.0,0.0,0.0,1.0,0.0,0.0,0.0,0.0,0.0,0.0,0.0,0.0,0.0
2,3,0.0,0.0,0.0,1.0,0.0,0.0,0.0,0.0,0.0,0.0,0.0,0.0,0.0
2,3,0.0,0.0,0.0,1.0,0.0,0.0,0.0,0.0,0.0,0.0,0.0,0.0,0.0
2,3,0.0,0.0,0.0,1.0,0.0,0.0,0.0,0.0,0.0,0.0,0.0,0.0,0.0
2,3,0.0,0.0,0.0,1.0,0.0,0.0,0.0,0.0,0.0,0.0,0.0,0.0,0.0
2,3,0.0,0.0,0.0,1.0,0.0,0.0,0.0,0.0,0.0,0.0,0.0,0.0,0.0
2,3,0.0,0.0,0.0,1.0,0.0,0.0,0.0,0.0,0.0,0.0,0.0,0.0,0.0
2,3,0.0,0.0,0.0,1.0,0.0,0.0,0.0,0.0,0.0,0.0,0.0,0.0,0.0
2,3,0.0,0.0,0.0,1.0,0.0,0.0,0.0,0.0,0.0,0.0,0.0,0.0,0.0
2,3,0.0,0.0,0.0,1.0,0.0,0.0,0.0,0.0,0.0,0.0,0.0,0.0,0.0
2,3,0.0,0.0,0.0,1.0,0.0,0.0,0.0,0.0,0.0,0.0,0.0,0.0,0.0
2,3,0.0,0.0,0.0,1.0,0.0,0.0,0.0,0.0,0.0,0.0,0.0,0.0,0.0
2,3,0.0,0.0,0.0,1.0,0.0,0.0,0.0,0.0,0.0,0.0,0.0,0.0,0.0
2,3,0.0,0.0,0.0,1.0,0.0,0.0,0.0,0.0,0.0,0.0,0.0,0.0,0.0
2,3,0.0,0.0,0.0,1.0,0.0,0.0,0.0,0.0,0.0,0.0,0.0,0.0,0.0
2,3,0.0,0.0,0.0,1.0,0.0,0.0,0.0,0.0,0.0,0.0,0.0,0.0,0.0
2,3,0.0,0.0,0.0,1.0,0.0,0.0,0.0,0.0,0.0,0.0,0.0,0.0,0.0
2,3,0.0,0.0,0.0,1.0,0.0,0.0,0.0,0.0,0.0,0.0,0.0,0.0,0.0
2,3,0.0,0.0,0.0,1.0,0.0,0.0,0.0,0.0,0.0,0.0,0.0,0.0,0.0
2,3,0.0,0.0,0.0,1.0,0.0,0.0,0.0,0.0,0.0,0.0,0.0,0.0,0.0
2,3,0.0,0.0,0.0,1.0,0.0,0.0,0.0,0.0,0.0,0.0,0.0,0.0,0.0
2,3,0.0,0.0,0.0,1.0,0.0,0.0,0.0,0.0,0.0,0.0,0.0,0.0,0.0
2,3,0.0,0.0,0.0,1.0,0.0,0.0,0.0,0.0,0.0,0.0,0.0,0.0,0.0
2,3,0.0,0.0,0.0,1.0,0.0,0.0,0.0,0.0,0.0,0.0,0.0,0.0,0.0
2,3,0.0,0.0,0.0,1.0,0.0,0.0,0.0,0.0,0.0,0.0,0.0,0.0,0.0
2,3,0.0,0.0,0.0,1.0,0.0,0.0,0.0,0.0,0.0,0.0,0.0,0.0,0.0
2,3,0.0,0.0,0.0,1.0,0.0,0.0,0.0,0.0,0.0,0.0,0.0,0.0,0.0
2,3,0.0,0.0,0.0,1.0,0.0,0.0,0.0,0.0,0.0,0.0,0.0,0.0,0.0
2,3,0.0,0.0,0.0,1.0,0.0,0.0,0.0,0.0,0.0,0.0,0.0,0.0,0.0
2,3,0.0,0.0,0.0,1.0,0.0,0.0,0.0,0.0,0.0,0.0,0.0,0.0,0.0
2,3,0.0,0.0,0.0,1.0,0.0,0.0,0.0,0.0,0.0,0.0,0.0,0.0,0.0
2,3,0.0,0.0,0.0,1.0,0.0,0.0,0.0,0.0,0.0,0.0,0.0,0.0,0.0
2,3,0.0,0.0,0.0,1.0,0.0,0.0,0.0,0.0,0.0,0.0,0.0,0.0,0.0
2,3,0.0,0.0,0.0,1.0,0.0,0.0,0.0,0.0,0.0,0.0,0.0,0.0,0.0
2,3,0.0,0.0,0.0,1.0,0.0,0.0,0.0,0.0,0.0,0.0,0.0,0.0,0.0
2,3,0.0,0.0,0.0,1.0,0.0,0.0,0.0,0.0,0.0,0.0,0.0,0.0,0.0
2,3,0.0,0.0,0.0,1.0,0.0,0.0,0.0,0.0,0.0,0.0,0.0,0.0,0.0
2,3,0.0,0.0,0.0,1.0,0.0,0.0,0.0,0.0,0.0,0.0,0.0,0.0,0.0
2,3,0.0,0.0,0.0,1.0,0.0,0.0,0.0,0.0,0.0,0.0,0.0,0.0,0.0
2,3,0.0,0.0,0.0,1.0,0.0,0.0,0.0,0.0,0.0,0.0,0.0,0.0,0.0
2,3,0.0,0.0,0.0,1.0,0.0,0.0,0.0,0.0,0.0,0.0,0.0,0.0,0.0
2,3,0.0,0.0,0.0,1.0,0.0,0.0,0.0,0.0,0.0,0.0,0.0,0.0,0.0
2,3,0.0,0.0,0.0,1.0,0.0,0.0,0.0,0.0,0.0,0.0,0.0,0.0,0.0
2,3,0.0,0.0,0.0,1.0,0.0,0.0,0.0,0.0,0.0,0.0,0.0,0.0,0.0
2,3,0.0,0.0,0.0,1.0,0.0,0.0,0.0,0.0,0.0,0.0,0.0,0.0,0.0
2,3,0.0,0.0,0.0,1.0,0.0,0.0,0.0,0.0,0.0,0.0,0.0,0.0,0.0
2,3,0.0,0.0,0.0,1.0,0.0,0.0,0.0,0.0,0.0,0.0,0.0,0.0,0.0
2,3,0.0,0.0,0.0,1.0,0.0,0.0,0.0,0.0,0.0,0.0,0.0,0.0,0.0
2,3,0.0,0.0,0.0,1.0,0.0,0.0,0.0,0.0,0.0,0.0,0.0,0.0,0.0
2,3,0.0,0.0,0.0,1.0,0.0,0.0,0.0,0.0,0.0,0.0,0.0,0.0,0.0
2,3,0.0,0.0,0.0,1.0,0.0,0.0,0.0,0.0,0.0,0.0,0.0,0.0,0.0
2,3,0.0,0.0,0.0,1.0,0.0,0.0,0.0,0.0,0.0,0.0,0.0,0.0,0.0
2,3,0.0,0.0,0.0,1.0,0.0,0.0,0.0,0.0,0.0,0.0,0.0,0.0,0.0
2,3,0.0,0.0,0.0,1.0,0.0,0.0,0.0,0.0,0.0,0.0,0.0,0.0,0.0
2,3,0.0,0.0,0.0,1.0,0.0,0.0,0.0,0.0,0.0,0.0,0.0,0.0,0.0
2,3,0.0,0.0,0.0,1.0,0.0,0.0,0.0,0.0,0.0,0.0,0.0,0.0,0.0
2,3,0.0,0.0,0.0,1.0,0.0,0.0,0.0,0.0,0.0,0.0,0.0,0.0,0.0
2,3,0.0,0.0,0.0,1.0,0.0,0.0,0.0,0.0,0.0,0.0,0.0,0.0,0.0
2,3,0.0,0.0,0.0,1.0,0.0,0.0,0.0,0.0,0.0,0.0,0.0,0.0,0.0
2,3,0.0,0.0,0.0,1.0,0.0,0.0,0.0,0.0,0.0,0.0,0.0,0.0,0.0
2,3,0.0,0.0,0.0,1.0,0.0,0.0,0.0,0.0,0.0,0.0,0.0,0.0,0.0
2,3,0.0,0.0,0.0,1.0,0.0,0.0,0.0,0.0,0.0,0.0,0.0,0.0,0.0
2,3,0.0,0.0,0.0,1.0,0.0,0.0,0.0,0.0,0.0,0.0,0.0,0.0,0.0
2,3,0.0,0.0,0.0,1.0,0.0,0.0,0.0,0.0,0.0,0.0,0.0,0.0,0.0
2,3,0.0,0.0,0.0,1.0,0.0,0.0,0.0,0.0,0.0,0.0,0.0,0.0,0.0
2,3,0.0,0.0,0.0,1.0,0.0,0.0,0.0,0.0,0.0,0.0,0.0,0.0,0.0
2,3,0.0,0.0,0.0,1.0,0.0,0.0,0.0,0.0,0.0,0.0,0.0,0.0,0.0
2,3,0.0,0.0,0.0,1.0,0.0,0.0,0.0,0.0,0.0,0.0,0.0,0.0,0.0
2,3,0.0,0.0,0.0,1.0,0.0,0.0,0.0,0.0,0.0,0.0,0.0,0.0,0.0
2,3,0.0,0.0,0.0,1.0,0.0,0.0,0.0,0.0,0.0,0.0,0.0,0.0,0.0
2,3,0.0,0.0,0.0,1.0,0.0,0.0,0.0,0.0,0.0,0.0,0.0,0.0,0.0
2,3,0.0,0.0,0.0,1.0,0.0,0.0,0.0,0.0,0.0,0.0,0.0,0.0,0.0
2,3,0.0,0.0,0.0,1.0,0.0,0.0,0.0,0.0,0.0,0.0,0.0,0.0,0.0
2,3,0.0,0.0,0.0,1.0,0.0,0.0,0.0,0.0,0.0,0.0,0.0,0.0,0.0
2,3,0.0,0.0,0.0,1.0,0.0,0.0,0.0,0.0,0.0,0.0,0.0,0.0,0.0
2,3,0.0,0.0,0.0,1.0,0.0,0.0,0.0,0.0,0.0,0.0,0.0,0.0,0.0
2,3,0.0,0.0,0.0,1.0,0.0,0.0,0.0,0.0,0.0,0.0,0.0,0.0,0.0
2,3,0.0,0.0,0.0,1.0,0.0,0.0,0.0,0.0,0.0,0.0,0.0,0.0,0.0
2,3,0.0,0.0,0.0,1.0,0.0,0.0,0.0,0.0,0.0,0.0,0.0,0.0,0.0
2,3,0.0,0.0,0.0,1.0,0.0,0.0,0.0,0.0,0.0,0.0,0.0,0.0,0.0
2,3,0.0,0.0,0.0,1.0,0.0,0.0,0.0,0.0,0.0,0.0,0.0,0.0,0.0
2,3,0.0,0.0,0.0,1.0,0.0,0.0,0.0,0.0,0.0,0.0,0.0,0.0,0.0
2,3,0.0,0.0,0.0,1.0,0.0,0.0,0.0,0.0,0.0,0.0,0.0,0.0,0.0
2,3,0.0,0.0,0.0,1.0,0.0,0.0,0.0,0.0,0.0,0.0,0.0,0.0,0.0
2,3,0.0,0.0,0.0,1.0,0.0,0.0,0.0,0.0,0.0,0.0,0.0,0.0,0.0
2,3,0.0,0.0,0.0,1.0,0.0,0.0,0.0,0.0,0.0,0.0,0.0,0.0,0.0
2,3,0.0,0.0,0.0,1.0,0.0,0.0,0.0,0.0,0.0,0.0,0.0,0.0,0.0
2,3,0.0,0.0,0.0,1.0,0.0,0.0,0.0,0.0,0.0,0.0,0.0,0.0,0.0
2,3,0.0,0.0,0.0,1.0,0.0,0.0,0.0,0.0,0.0,0.0,0.0,0.0,0.0
2,3,0.0,0.0,0.0,1.0,0.0,0.0,0.0,0.0,0.0,0.0,0.0,0.0,0.0
2,3,0.0,0.0,0.0,1.0,0.0,0.0,0.0,0.0,0.0,0.0,0.0,0.0,0.0
2,3,0.0,0.0,0.0,1.0,0.0,0.0,0.0,0.0,0.0,0.0,0.0,0.0,0.0
2,3,0.0,0.0,0.0,1.0,0.0,0.0,0.0,0.0,0.0,0.0,0.0,0.0,0.0
2,3,0.0,0.0,0.0,1.0,0.0,0.0,0.0,0.0,0.0,0.0,0.0,0.0,0.0
2,3,0.0,0.0,0.0,1.0,0.0,0.0,0.0,0.0,0.0,0.0,0.0,0.0,0.0
2,3,0.0,0.0,0.0,1.0,0.0,0.0,0.0,0.0,0.0,0.0,0.0,0.0,0.0
2,3,0.0,0.0,0.0,1.0,0.0,0.0,0.0,0.0,0.0,0.0,0.0,0.0,0.0
2,3,0.0,0.0,0.0,1.0,0.0,0.0,0.0,0.0,0.0,0.0,0.0,0.0,0.0
2,3,0.0,0.0,0.0,1.0,0.0,0.0,0.0,0.0,0.0,0.0,0.0,0.0,0.0
2,3,0.0,0.0,0.0,1.0,0.0,0.0,0.0,0.0,0.0,0.0,0.0,0.0,0.0
2,3,0.0,0.0,0.0,1.0,0.0,0.0,0.0,0.0,0.0,0.0,0.0,0.0,0.0
2,3,0.0,0.0,0.0,1.0,0.0,0.0,0.0,0.0,0.0,0.0,0.0,0.0,0.0
2,3,0.0,0.0,0.0,1.0,0.0,0.0,0.0,0.0,0.0,0.0,0.0,0.0,0.0
2,3,0.0,0.0,0.0,1.0,0.0,0.0,0.0,0.0,0.0,0.0,0.0,0.0,0.0
2,3,0.0,0.0,0.0,1.0,0.0,0.0,0.0,0.0,0.0,0.0,0.0,0.0,0.0
2,3,0.0,0.0,0.0,1.0,0.0,0.0,0.0,0.0,0.0,0.0,0.0,0.0,0.0
2,3,0.0,0.0,0.0,1.0,0.0,0.0,0.0,0.0,0.0,0.0,0.0,0.0,0.0
2,3,0.0,0.0,0.0,1.0,0.0,0.0,0.0,0.0,0.0,0.0,0.0,0.0,0.0
2,3,0.0,0.0,0.0,1.0,0.0,0.0,0.0,0.0,0.0,0.0,0.0,0.0,0.0
2,3,0.0,0.0,0.0,1.0,0.0,0.0,0.0,0.0,0.0,0.0,0.0,0.0,0.0
2,3,0.0,0.0,0.0,1.0,0.0,0.0,0.0,0.0,0.0,0.0,0.0,0.0,0.0
2,3,0.0,0.0,0.0,1.0,0.0,0.0,0.0,0.0,0.0,0.0,0.0,0.0,0.0
2,3,0.0,0.0,0.0,1.0,0.0,0.0,0.0,0.0,0.0,0.0,0.0,0.0,0.0
2,3,0.0,0.0,0.0,1.0,0.0,0.0,0.0,0.0,0.0,0.0,0.0,0.0,0.0
2,3,0.0,0.0,0.0,1.0,0.0,0.0,0.0,0.0,0.0,0.0,0.0,0.0,0.0
2,3,0.0,0.0,0.0,1.0,0.0,0.0,0.0,0.0,0.0,0.0,0.0,0.0,0.0
2,3,0.0,0.0,0.0,1.0,0.0,0.0,0.0,0.0,0.0,0.0,0.0,0.0,0.0
2,3,0.0,0.0,0.0,1.0,0.0,0.0,0.0,0.0,0.0,0.0,0.0,0.0,0.0
2,3,0.0,0.0,0.0,1.0,0.0,0.0,0.0,0.0,0.0,0.0,0.0,0.0,0.0
2,3,0.0,0.0,0.0,1.0,0.0,0.0,0.0,0.0,0.0,0.0,0.0,0.0,0.0
2,3,0.0,0.0,0.0,1.0,0.0,0.0,0.0,0.0,0.0,0.0,0.0,0.0,0.0
2,3,0.0,0.0,0.0,1.0,0.0,0.0,0.0,0.0,0.0,0.0,0.0,0.0,0.0
2,3,0.0,0.0,0.0,1.0,0.0,0.0,0.0,0.0,0.0,0.0,0.0,0.0,0.0
2,3,0.0,0.0,0.0,1.0,0.0,0.0,0.0,0.0,0.0,0.0,0.0,0.0,0.0
2,3,0.0,0.0,0.0,1.0,0.0,0.0,0.0,0.0,0.0,0.0,0.0,0.0,0.0
2,3,0.0,0.0,0.0,1.0,0.0,0.0,0.0,0.0,0.0,0.0,0.0,0.0,0.0
2,3,0.0,0.0,0.0,1.0,0.0,0.0,0.0,0.0,0.0,0.0,0.0,0.0,0.0
2,3,0.0,0.0,0.0,1.0,0.0,0.0,0.0,0.0,0.0,0.0,0.0,0.0,0.0
2,3,0.0,0.0,0.0,1.0,0.0,0.0,0.0,0.0,0.0,0.0,0.0,0.0,0.0
2,3,0.0,0.0,0.0,1.0,0.0,0.0,0.0,0.0,0.0,0.0,0.0,0.0,0.0
2,3,0.0,0.0,0.0,1.0,0.0,0.0,0.0,0.0,0.0,0.0,0.0,0.0,0.0
2,3,0.0,0.0,0.0,1.0,0.0,0.0,0.0,0.0,0.0,0.0,0.0,0.0,0.0
2,3,0.0,0.0,0.0,1.0,0.0,0.0,0.0,0.0,0.0,0.0,0.0,0.0,0.0
2,3,0.0,0.0,0.0,1.0,0.0,0.0,0.0,0.0,0.0,0.0,0.0,0.0,0.0
2,3,0.0,0.0,0.0,1.0,0.0,0.0,0.0,0.0,0.0,0.0,0.0,0.0,0.0
2,3,0.0,0.0,0.0,1.0,0.0,0.0,0.0,0.0,0.0,0.0,0.0,0.0,0.0
2,3,0.0,0.0,0.0,1.0,0.0,0.0,0.0,0.0,0.0,0.0,0.0,0.0,0.0
2,3,0.0,0.0,0.0,1.0,0.0,0.0,0.0,0.0,0.0,0.0,0.0,0.0,0.0
2,3,0.0,0.0,0.0,1.0,0.0,0.0,0.0,0.0,0.0,0.0,0.0,0.0,0.0
2,3,0.0,0.0,0.0,1.0,0.0,0.0,0.0,0.0,0.0,0.0,0.0,0.0,0.0
2,3,0.0,0.0,0.0,1.0,0.0,0.0,0.0,0.0,0.0,0.0,0.0,0.0,0.0
2,3,0.0,0.0,0.0,1.0,0.0,0.0,0.0,0.0,0.0,0.0,0.0,0.0,0.0
2,3,0.0,0.0,0.0,1.0,0.0,0.0,0.0,0.0,0.0,0.0,0.0,0.0,0.0
2,3,0.0,0.0,0.0,1.0,0.0,0.0,0.0,0.0,0.0,0.0,0.0,0.0,0.0
2,3,0.0,0.0,0.0,1.0,0.0,0.0,0.0,0.0,0.0,0.0,0.0,0.0,0.0
2,3,0.0,0.0,0.0,1.0,0.0,0.0,0.0,0.0,0.0,0.0,0.0,0.0,0.0
2,3,0.0,0.0,0.0,1.0,0.0,0.0,0.0,0.0,0.0,0.0,0.0,0.0,0.0
2,3,0.0,0.0,0.0,1.0,0.0,0.0,0.0,0.0,0.0,0.0,0.0,0.0,0.0
2,3,0.0,0.0,0.0,1.0,0.0,0.0,0.0,0.0,0.0,0.0,0.0,0.0,0.0
2,3,0.0,0.0,0.0,1.0,0.0,0.0,0.0,0.0,0.0,0.0,0.0,0.0,0.0
2,3,0.0,0.0,0.0,1.0,0.0,0.0,0.0,0.0,0.0,0.0,0.0,0.0,0.0
2,3,0.0,0.0,0.0,1.0,0.0,0.0,0.0,0.0,0.0,0.0,0.0,0.0,0.0
2,3,0.0,0.0,0.0,1.0,0.0,0.0,0.0,0.0,0.0,0.0,0.0,0.0,0.0
2,3,0.0,0.0,0.0,1.0,0.0,0.0,0.0,0.0,0.0,0.0,0.0,0.0,0.0
2,3,0.0,0.0,0.0,1.0,0.0,0.0,0.0,0.0,0.0,0.0,0.0,0.0,0.0
2,3,0.0,0.0,0.0,1.0,0.0,0.0,0.0,0.0,0.0,0.0,0.0,0.0,0.0
2,3,0.0,0.0,0.0,1.0,0.0,0.0,0.0,0.0,0.0,0.0,0.0,0.0,0.0
2,3,0.0,0.0,0.0,1.0,0.0,0.0,0.0,0.0,0.0,0.0,0.0,0.0,0.0
2,3,0.0,0.0,0.0,1.0,0.0,0.0,0.0,0.0,0.0,0.0,0.0,0.0,0.0
2,3,0.0,0.0,0.0,1.0,0.0,0.0,0.0,0.0,0.0,0.0,0.0,0.0,0.0
2,3,0.0,0.0,0.0,1.0,0.0,0.0,0.0,0.0,0.0,0.0,0.0,0.0,0.0
2,3,0.0,0.0,0.0,1.0,0.0,0.0,0.0,0.0,0.0,0.0,0.0,0.0,0.0
2,3,0.0,0.0,0.0,1.0,0.0,0.0,0.0,0.0,0.0,0.0,0.0,0.0,0.0
2,3,0.0,0.0,0.0,1.0,0.0,0.0,0.0,0.0,0.0,0.0,0.0,0.0,0.0
2,3,0.0,0.0,0.0,1.0,0.0,0.0,0.0,0.0,0.0,0.0,0.0,0.0,0.0
2,3,0.0,0.0,0.0,1.0,0.0,0.0,0.0,0.0,0.0,0.0,0.0,0.0,0.0
2,3,0.0,0.0,0.0,1.0,0.0,0.0,0.0,0.0,0.0,0.0,0.0,0.0,0.0
2,3,0.0,0.0,0.0,1.0,0.0,0.0,0.0,0.0,0.0,0.0,0.0,0.0,0.0
2,3,0.0,0.0,0.0,1.0,0.0,0.0,0.0,0.0,0.0,0.0,0.0,0.0,0.0
2,3,0.0,0.0,0.0,1.0,0.0,0.0,0.0,0.0,0.0,0.0,0.0,0.0,0.0
2,3,0.0,0.0,0.0,1.0,0.0,0.0,0.0,0.0,0.0,0.0,0.0,0.0,0.0
2,3,0.0,0.0,0.0,1.0,0.0,0.0,0.0,0.0,0.0,0.0,0.0,0.0,0.0
2,3,0.0,0.0,0.0,1.0,0.0,0.0,0.0,0.0,0.0,0.0,0.0,0.0,0.0
2,3,0.0,0.0,0.0,1.0,0.0,0.0,0.0,0.0,0.0,0.0,0.0,0.0,0.0
2,3,0.0,0.0,0.0,1.0,0.0,0.0,0.0,0.0,0.0,0.0,0.0,0.0,0.0
2,3,0.0,0.0,0.0,1.0,0.0,0.0,0.0,0.0,0.0,0.0,0.0,0.0,0.0
2,3,0.0,0.0,0.0,1.0,0.0,0.0,0.0,0.0,0.0,0.0,0.0,0.0,0.0
2,3,0.0,0.0,0.0,1.0,0.0,0.0,0.0,0.0,0.0,0.0,0.0,0.0,0.0
2,3,0.0,0.0,0.0,1.0,0.0,0.0,0.0,0.0,0.0,0.0,0.0,0.0,0.0
2,3,0.0,0.0,0.0,1.0,0.0,0.0,0.0,0.0,0.0,0.0,0.0,0.0,0.0
2,3,0.0,0.0,0.0,1.0,0.0,0.0,0.0,0.0,0.0,0.0,0.0,0.0,0.0
2,3,0.0,0.0,0.0,1.0,0.0,0.0,0.0,0.0,0.0,0.0,0.0,0.0,0.0
2,3,0.0,0.0,0.0,1.0,0.0,0.0,0.0,0.0,0.0,0.0,0.0,0.0,0.0
2,3,0.0,0.0,0.0,1.0,0.0,0.0,0.0,0.0,0.0,0.0,0.0,0.0,0.0
2,3,0.0,0.0,0.0,1.0,0.0,0.0,0.0,0.0,0.0,0.0,0.0,0.0,0.0
2,3,0.0,0.0,0.0,1.0,0.0,0.0,0.0,0.0,0.0,0.0,0.0,0.0,0.0
2,3,0.0,0.0,0.0,1.0,0.0,0.0,0.0,0.0,0.0,0.0,0.0,0.0,0.0
2,3,0.0,0.0,0.0,1.0,0.0,0.0,0.0,0.0,0.0,0.0,0.0,0.0,0.0
2,3,0.0,0.0,0.0,1.0,0.0,0.0,0.0,0.0,0.0,0.0,0.0,0.0,0.0
2,3,0.0,0.0,0.0,1.0,0.0,0.0,0.0,0.0,0.0,0.0,0.0,0.0,0.0
2,3,0.0,0.0,0.0,1.0,0.0,0.0,0.0,0.0,0.0,0.0,0.0,0.0,0.0
2,3,0.0,0.0,0.0,1.0,0.0,0.0,0.0,0.0,0.0,0.0,0.0,0.0,0.0
2,3,0.0,0.0,0.0,1.0,0.0,0.0,0.0,0.0,0.0,0.0,0.0,0.0,0.0
2,3,0.0,0.0,0.0,1.0,0.0,0.0,0.0,0.0,0.0,0.0,0.0,0.0,0.0
2,3,0.0,0.0,0.0,1.0,0.0,0.0,0.0,0.0,0.0,0.0,0.0,0.0,0.0
2,3,0.0,0.0,0.0,1.0,0.0,0.0,0.0,0.0,0.0,0.0,0.0,0.0,0.0
2,3,0.0,0.0,0.0,1.0,0.0,0.0,0.0,0.0,0.0,0.0,0.0,0.0,0.0
2,3,0.0,0.0,0.0,1.0,0.0,0.0,0.0,0.0,0.0,0.0,0.0,0.0,0.0
2,3,0.0,0.0,0.0,1.0,0.0,0.0,0.0,0.0,0.0,0.0,0.0,0.0,0.0
2,3,0.0,0.0,0.0,1.0,0.0,0.0,0.0,0.0,0.0,0.0,0.0,0.0,0.0
2,3,0.0,0.0,0.0,1.0,0.0,0.0,0.0,0.0,0.0,0.0,0.0,0.0,0.0
2,3,0.0,0.0,0.0,1.0,0.0,0.0,0.0,0.0,0.0,0.0,0.0,0.0,0.0
2,3,0.0,0.0,0.0,1.0,0.0,0.0,0.0,0.0,0.0,0.0,0.0,0.0,0.0
2,3,0.0,0.0,0.0,1.0,0.0,0.0,0.0,0.0,0.0,0.0,0.0,0.0,0.0
2,3,0.0,0.0,0.0,1.0,0.0,0.0,0.0,0.0,0.0,0.0,0.0,0.0,0.0
2,3,0.0,0.0,0.0,1.0,0.0,0.0,0.0,0.0,0.0,0.0,0.0,0.0,0.0
2,3,0.0,0.0,0.0,1.0,0.0,0.0,0.0,0.0,0.0,0.0,0.0,0.0,0.0
2,3,0.0,0.0,0.0,1.0,0.0,0.0,0.0,0.0,0.0,0.0,0.0,0.0,0.0
2,3,0.0,0.0,0.0,1.0,0.0,0.0,0.0,0.0,0.0,0.0,0.0,0.0,0.0
2,3,0.0,0.0,0.0,1.0,0.0,0.0,0.0,0.0,0.0,0.0,0.0,0.0,0.0
2,3,0.0,0.0,0.0,1.0,0.0,0.0,0.0,0.0,0.0,0.0,0.0,0.0,0.0
2,3,0.0,0.0,0.0,1.0,0.0,0.0,0.0,0.0,0.0,0.0,0.0,0.0,0.0
2,3,0.0,0.0,0.0,1.0,0.0,0.0,0.0,0.0,0.0,0.0,0.0,0.0,0.0
2,3,0.0,0.0,0.0,1.0,0.0,0.0,0.0,0.0,0.0,0.0,0.0,0.0,0.0
2,3,0.0,0.0,0.0,1.0,0.0,0.0,0.0,0.0,0.0,0.0,0.0,0.0,0.0
2,3,0.0,0.0,0.0,1.0,0.0,0.0,0.0,0.0,0.0,0.0,0.0,0.0,0.0
2,3,0.0,0.0,0.0,1.0,0.0,0.0,0.0,0.0,0.0,0.0,0.0,0.0,0.0
2,3,0.0,0.0,0.0,1.0,0.0,0.0,0.0,0.0,0.0,0.0,0.0,0.0,0.0
2,3,0.0,0.0,0.0,1.0,0.0,0.0,0.0,0.0,0.0,0.0,0.0,0.0,0.0
2,3,0.0,0.0,0.0,1.0,0.0,0.0,0.0,0.0,0.0,0.0,0.0,0.0,0.0
2,3,0.0,0.0,0.0,1.0,0.0,0.0,0.0,0.0,0.0,0.0,0.0,0.0,0.0
2,3,0.0,0.0,0.0,1.0,0.0,0.0,0.0,0.0,0.0,0.0,0.0,0.0,0.0
2,3,0.0,0.0,0.0,1.0,0.0,0.0,0.0,0.0,0.0,0.0,0.0,0.0,0.0
2,3,0.0,0.0,0.0,1.0,0.0,0.0,0.0,0.0,0.0,0.0,0.0,0.0,0.0
2,3,0.0,0.0,0.0,1.0,0.0,0.0,0.0,0.0,0.0,0.0,0.0,0.0,0.0
2,3,0.0,0.0,0.0,1.0,0.0,0.0,0.0,0.0,0.0,0.0,0.0,0.0,0.0
2,3,0.0,0.0,0.0,1.0,0.0,0.0,0.0,0.0,0.0,0.0,0.0,0.0,0.0
2,3,0.0,0.0,0.0,1.0,0.0,0.0,0.0,0.0,0.0,0.0,0.0,0.0,0.0
2,3,0.0,0.0,0.0,1.0,0.0,0.0,0.0,0.0,0.0,0.0,0.0,0.0,0.0
2,3,0.0,0.0,0.0,1.0,0.0,0.0,0.0,0.0,0.0,0.0,0.0,0.0,0.0
2,3,0.0,0.0,0.0,1.0,0.0,0.0,0.0,0.0,0.0,0.0,0.0,0.0,0.0
2,3,0.0,0.0,0.0,1.0,0.0,0.0,0.0,0.0,0.0,0.0,0.0,0.0,0.0
2,3,0.0,0.0,0.0,1.0,0.0,0.0,0.0,0.0,0.0,0.0,0.0,0.0,0.0
2,3,0.0,0.0,0.0,1.0,0.0,0.0,0.0,0.0,0.0,0.0,0.0,0.0,0.0
2,3,0.0,0.0,0.0,1.0,0.0,0.0,0.0,0.0,0.0,0.0,0.0,0.0,0.0
2,3,0.0,0.0,0.0,1.0,0.0,0.0,0.0,0.0,0.0,0.0,0.0,0.0,0.0
2,3,0.0,0.0,0.0,1.0,0.0,0.0,0.0,0.0,0.0,0.0,0.0,0.0,0.0
2,3,0.0,0.0,0.0,1.0,0.0,0.0,0.0,0.0,0.0,0.0,0.0,0.0,0.0
2,3,0.0,0.0,0.0,1.0,0.0,0.0,0.0,0.0,0.0,0.0,0.0,0.0,0.0
2,3,0.0,0.0,0.0,1.0,0.0,0.0,0.0,0.0,0.0,0.0,0.0,0.0,0.0
2,3,0.0,0.0,0.0,1.0,0.0,0.0,0.0,0.0,0.0,0.0,0.0,0.0,0.0
2,3,0.0,0.0,0.0,1.0,0.0,0.0,0.0,0.0,0.0,0.0,0.0,0.0,0.0
2,3,0.0,0.0,0.0,1.0,0.0,0.0,0.0,0.0,0.0,0.0,0.0,0.0,0.0
2,3,0.0,0.0,0.0,1.0,0.0,0.0,0.0,0.0,0.0,0.0,0.0,0.0,0.0
2,3,0.0,0.0,0.0,1.0,0.0,0.0,0.0,0.0,0.0,0.0,0.0,0.0,0.0
2,3,0.0,0.0,0.0,1.0,0.0,0.0,0.0,0.0,0.0,0.0,0.0,0.0,0.0
2,3,0.0,0.0,0.0,1.0,0.0,0.0,0.0,0.0,0.0,0.0,0.0,0.0,0.0
2,3,0.0,0.0,0.0,1.0,0.0,0.0,0.0,0.0,0.0,0.0,0.0,0.0,0.0
2,3,0.0,0.0,0.0,1.0,0.0,0.0,0.0,0.0,0.0,0.0,0.0,0.0,0.0
2,3,0.0,0.0,0.0,1.0,0.0,0.0,0.0,0.0,0.0,0.0,0.0,0.0,0.0
2,3,0.0,0.0,0.0,1.0,0.0,0.0,0.0,0.0,0.0,0.0,0.0,0.0,0.0
2,3,0.0,0.0,0.0,1.0,0.0,0.0,0.0,0.0,0.0,0.0,0.0,0.0,0.0
2,3,0.0,0.0,0.0,1.0,0.0,0.0,0.0,0.0,0.0,0.0,0.0,0.0,0.0
2,3,0.0,0.0,0.0,1.0,0.0,0.0,0.0,0.0,0.0,0.0,0.0,0.0,0.0
2,3,0.0,0.0,0.0,1.0,0.0,0.0,0.0,0.0,0.0,0.0,0.0,0.0,0.0
2,3,0.0,0.0,0.0,1.0,0.0,0.0,0.0,0.0,0.0,0.0,0.0,0.0,0.0
2,3,0.0,0.0,0.0,1.0,0.0,0.0,0.0,0.0,0.0,0.0,0.0,0.0,0.0
2,3,0.0,0.0,0.0,1.0,0.0,0.0,0.0,0.0,0.0,0.0,0.0,0.0,0.0
2,3,0.0,0.0,0.0,1.0,0.0,0.0,0.0,0.0,0.0,0.0,0.0,0.0,0.0
2,3,0.0,0.0,0.0,1.0,0.0,0.0,0.0,0.0,0.0,0.0,0.0,0.0,0.0
2,3,0.0,0.0,0.0,1.0,0.0,0.0,0.0,0.0,0.0,0.0,0.0,0.0,0.0
2,3,0.0,0.0,0.0,1.0,0.0,0.0,0.0,0.0,0.0,0.0,0.0,0.0,0.0
2,3,0.0,0.0,0.0,1.0,0.0,0.0,0.0,0.0,0.0,0.0,0.0,0.0,0.0
2,3,0.0,0.0,0.0,1.0,0.0,0.0,0.0,0.0,0.0,0.0,0.0,0.0,0.0
2,3,0.0,0.0,0.0,1.0,0.0,0.0,0.0,0.0,0.0,0.0,0.0,0.0,0.0
2,3,0.0,0.0,0.0,1.0,0.0,0.0,0.0,0.0,0.0,0.0,0.0,0.0,0.0
2,3,0.0,0.0,0.0,1.0,0.0,0.0,0.0,0.0,0.0,0.0,0.0,0.0,0.0
2,3,0.0,0.0,0.0,1.0,0.0,0.0,0.0,0.0,0.0,0.0,0.0,0.0,0.0
2,3,0.0,0.0,0.0,1.0,0.0,0.0,0.0,0.0,0.0,0.0,0.0,0.0,0.0
2,3,0.0,0.0,0.0,1.0,0.0,0.0,0.0,0.0,0.0,0.0,0.0,0.0,0.0
2,3,0.0,0.0,0.0,1.0,0.0,0.0,0.0,0.0,0.0,0.0,0.0,0.0,0.0
2,3,0.0,0.0,0.0,1.0,0.0,0.0,0.0,0.0,0.0,0.0,0.0,0.0,0.0
2,3,0.0,0.0,0.0,1.0,0.0,0.0,0.0,0.0,0.0,0.0,0.0,0.0,0.0
2,3,0.0,0.0,0.0,1.0,0.0,0.0,0.0,0.0,0.0,0.0,0.0,0.0,0.0
2,3,0.0,0.0,0.0,1.0,0.0,0.0,0.0,0.0,0.0,0.0,0.0,0.0,0.0
2,3,0.0,0.0,0.0,1.0,0.0,0.0,0.0,0.0,0.0,0.0,0.0,0.0,0.0
2,3,0.0,0.0,0.0,1.0,0.0,0.0,0.0,0.0,0.0,0.0,0.0,0.0,0.0
2,3,0.0,0.0,0.0,1.0,0.0,0.0,0.0,0.0,0.0,0.0,0.0,0.0,0.0
2,3,0.0,0.0,0.0,1.0,0.0,0.0,0.0,0.0,0.0,0.0,0.0,0.0,0.0
2,3,0.0,0.0,0.0,1.0,0.0,0.0,0.0,0.0,0.0,0.0,0.0,0.0,0.0
2,3,0.0,0.0,0.0,1.0,0.0,0.0,0.0,0.0,0.0,0.0,0.0,0.0,0.0
2,3,0.0,0.0,0.0,1.0,0.0,0.0,0.0,0.0,0.0,0.0,0.0,0.0,0.0
2,3,0.0,0.0,0.0,1.0,0.0,0.0,0.0,0.0,0.0,0.0,0.0,0.0,0.0
2,3,0.0,0.0,0.0,1.0,0.0,0.0,0.0,0.0,0.0,0.0,0.0,0.0,0.0
2,3,0.0,0.0,0.0,1.0,0.0,0.0,0.0,0.0,0.0,0.0,0.0,0.0,0.0
2,3,0.0,0.0,0.0,1.0,0.0,0.0,0.0,0.0,0.0,0.0,0.0,0.0,0.0
2,3,0.0,0.0,0.0,1.0,0.0,0.0,0.0,0.0,0.0,0.0,0.0,0.0,0.0
2,3,0.0,0.0,0.0,1.0,0.0,0.0,0.0,0.0,0.0,0.0,0.0,0.0,0.0
2,3,0.0,0.0,0.0,1.0,0.0,0.0,0.0,0.0,0.0,0.0,0.0,0.0,0.0
2,3,0.0,0.0,0.0,1.0,0.0,0.0,0.0,0.0,0.0,0.0,0.0,0.0,0.0
2,3,0.0,0.0,0.0,1.0,0.0,0.0,0.0,0.0,0.0,0.0,0.0,0.0,0.0
2,3,0.0,0.0,0.0,1.0,0.0,0.0,0.0,0.0,0.0,0.0,0.0,0.0,0.0
2,3,0.0,0.0,0.0,1.0,0.0,0.0,0.0,0.0,0.0,0.0,0.0,0.0,0.0
2,3,0.0,0.0,0.0,1.0,0.0,0.0,0.0,0.0,0.0,0.0,0.0,0.0,0.0
2,3,0.0,0.0,0.0,1.0,0.0,0.0,0.0,0.0,0.0,0.0,0.0,0.0,0.0
2,3,0.0,0.0,0.0,1.0,0.0,0.0,0.0,0.0,0.0,0.0,0.0,0.0,0.0
2,3,0.0,0.0,0.0,1.0,0.0,0.0,0.0,0.0,0.0,0.0,0.0,0.0,0.0
2,3,0.0,0.0,0.0,1.0,0.0,0.0,0.0,0.0,0.0,0.0,0.0,0.0,0.0
2,3,0.0,0.0,0.0,1.0,0.0,0.0,0.0,0.0,0.0,0.0,0.0,0.0,0.0
2,3,0.0,0.0,0.0,1.0,0.0,0.0,0.0,0.0,0.0,0.0,0.0,0.0,0.0
2,3,0.0,0.0,0.0,1.0,0.0,0.0,0.0,0.0,0.0,0.0,0.0,0.0,0.0
2,3,0.0,0.0,0.0,1.0,0.0,0.0,0.0,0.0,0.0,0.0,0.0,0.0,0.0
2,3,0.0,0.0,0.0,1.0,0.0,0.0,0.0,0.0,0.0,0.0,0.0,0.0,0.0
2,3,0.0,0.0,0.0,1.0,0.0,0.0,0.0,0.0,0.0,0.0,0.0,0.0,0.0
2,3,0.0,0.0,0.0,1.0,0.0,0.0,0.0,0.0,0.0,0.0,0.0,0.0,0.0
2,3,0.0,0.0,0.0,1.0,0.0,0.0,0.0,0.0,0.0,0.0,0.0,0.0,0.0
2,3,0.0,0.0,0.0,1.0,0.0,0.0,0.0,0.0,0.0,0.0,0.0,0.0,0.0
2,3,0.0,0.0,0.0,1.0,0.0,0.0,0.0,0.0,0.0,0.0,0.0,0.0,0.0
2,3,0.0,0.0,0.0,1.0,0.0,0.0,0.0,0.0,0.0,0.0,0.0,0.0,0.0
2,3,0.0,0.0,0.0,1.0,0.0,0.0,0.0,0.0,0.0,0.0,0.0,0.0,0.0
2,3,0.0,0.0,0.0,1.0,0.0,0.0,0.0,0.0,0.0,0.0,0.0,0.0,0.0
2,3,0.0,0.0,0.0,1.0,0.0,0.0,0.0,0.0,0.0,0.0,0.0,0.0,0.0
2,3,0.0,0.0,0.0,1.0,0.0,0.0,0.0,0.0,0.0,0.0,0.0,0.0,0.0
2,3,0.0,0.0,0.0,1.0,0.0,0.0,0.0,0.0,0.0,0.0,0.0,0.0,0.0
2,3,0.0,0.0,0.0,1.0,0.0,0.0,0.0,0.0,0.0,0.0,0.0,0.0,0.0
2,3,0.0,0.0,0.0,1.0,0.0,0.0,0.0,0.0,0.0,0.0,0.0,0.0,0.0
2,3,0.0,0.0,0.0,1.0,0.0,0.0,0.0,0.0,0.0,0.0,0.0,0.0,0.0
2,3,0.0,0.0,0.0,1.0,0.0,0.0,0.0,0.0,0.0,0.0,0.0,0.0,0.0
2,3,0.0,0.0,0.0,1.0,0.0,0.0,0.0,0.0,0.0,0.0,0.0,0.0,0.0
2,3,0.0,0.0,0.0,1.0,0.0,0.0,0.0,0.0,0.0,0.0,0.0,0.0,0.0
2,3,0.0,0.0,0.0,1.0,0.0,0.0,0.0,0.0,0.0,0.0,0.0,0.0,0.0
2,3,0.0,0.0,0.0,1.0,0.0,0.0,0.0,0.0,0.0,0.0,0.0,0.0,0.0
2,3,0.0,0.0,0.0,1.0,0.0,0.0,0.0,0.0,0.0,0.0,0.0,0.0,0.0
2,3,0.0,0.0,0.0,1.0,0.0,0.0,0.0,0.0,0.0,0.0,0.0,0.0,0.0
2,3,0.0,0.0,0.0,1.0,0.0,0.0,0.0,0.0,0.0,0.0,0.0,0.0,0.0
2,3,0.0,0.0,0.0,1.0,0.0,0.0,0.0,0.0,0.0,0.0,0.0,0.0,0.0
2,3,0.0,0.0,0.0,1.0,0.0,0.0,0.0,0.0,0.0,0.0,0.0,0.0,0.0
2,3,0.0,0.0,0.0,1.0,0.0,0.0,0.0,0.0,0.0,0.0,0.0,0.0,0.0
2,3,0.0,0.0,0.0,1.0,0.0,0.0,0.0,0.0,0.0,0.0,0.0,0.0,0.0
2,3,0.0,0.0,0.0,1.0,0.0,0.0,0.0,0.0,0.0,0.0,0.0,0.0,0.0
2,3,0.0,0.0,0.0,1.0,0.0,0.0,0.0,0.0,0.0,0.0,0.0,0.0,0.0
2,3,0.0,0.0,0.0,1.0,0.0,0.0,0.0,0.0,0.0,0.0,0.0,0.0,0.0
2,3,0.0,0.0,0.0,1.0,0.0,0.0,0.0,0.0,0.0,0.0,0.0,0.0,0.0
2,3,0.0,0.0,0.0,1.0,0.0,0.0,0.0,0.0,0.0,0.0,0.0,0.0,0.0
2,3,0.0,0.0,0.0,1.0,0.0,0.0,0.0,0.0,0.0,0.0,0.0,0.0,0.0
2,3,0.0,0.0,0.0,1.0,0.0,0.0,0.0,0.0,0.0,0.0,0.0,0.0,0.0
2,3,0.0,0.0,0.0,1.0,0.0,0.0,0.0,0.0,0.0,0.0,0.0,0.0,0.0
2,3,0.0,0.0,0.0,1.0,0.0,0.0,0.0,0.0,0.0,0.0,0.0,0.0,0.0
2,3,0.0,0.0,0.0,1.0,0.0,0.0,0.0,0.0,0.0,0.0,0.0,0.0,0.0
2,3,0.0,0.0,0.0,1.0,0.0,0.0,0.0,0.0,0.0,0.0,0.0,0.0,0.0
2,3,0.0,0.0,0.0,1.0,0.0,0.0,0.0,0.0,0.0,0.0,0.0,0.0,0.0
2,3,0.0,0.0,0.0,1.0,0.0,0.0,0.0,0.0,0.0,0.0,0.0,0.0,0.0
2,3,0.0,0.0,0.0,1.0,0.0,0.0,0.0,0.0,0.0,0.0,0.0,0.0,0.0
2,3,0.0,0.0,0.0,1.0,0.0,0.0,0.0,0.0,0.0,0.0,0.0,0.0,0.0
2,3,0.0,0.0,0.0,1.0,0.0,0.0,0.0,0.0,0.0,0.0,0.0,0.0,0.0
2,3,0.0,0.0,0.0,1.0,0.0,0.0,0.0,0.0,0.0,0.0,0.0,0.0,0.0
2,3,0.0,0.0,0.0,1.0,0.0,0.0,0.0,0.0,0.0,0.0,0.0,0.0,0.0
2,3,0.0,0.0,0.0,1.0,0.0,0.0,0.0,0.0,0.0,0.0,0.0,0.0,0.0
2,3,0.0,0.0,0.0,1.0,0.0,0.0,0.0,0.0,0.0,0.0,0.0,0.0,0.0
2,3,0.0,0.0,0.0,1.0,0.0,0.0,0.0,0.0,0.0,0.0,0.0,0.0,0.0
2,3,0.0,0.0,0.0,1.0,0.0,0.0,0.0,0.0,0.0,0.0,0.0,0.0,0.0
2,3,0.0,0.0,0.0,1.0,0.0,0.0,0.0,0.0,0.0,0.0,0.0,0.0,0.0
2,3,0.0,0.0,0.0,1.0,0.0,0.0,0.0,0.0,0.0,0.0,0.0,0.0,0.0
2,3,0.0,0.0,0.0,1.0,0.0,0.0,0.0,0.0,0.0,0.0,0.0,0.0,0.0
2,3,0.0,0.0,0.0,1.0,0.0,0.0,0.0,0.0,0.0,0.0,0.0,0.0,0.0
2,3,0.0,0.0,0.0,1.0,0.0,0.0,0.0,0.0,0.0,0.0,0.0,0.0,0.0
2,3,0.0,0.0,0.0,1.0,0.0,0.0,0.0,0.0,0.0,0.0,0.0,0.0,0.0
2,3,0.0,0.0,0.0,1.0,0.0,0.0,0.0,0.0,0.0,0.0,0.0,0.0,0.0
2,3,0.0,0.0,0.0,1.0,0.0,0.0,0.0,0.0,0.0,0.0,0.0,0.0,0.0
2,3,0.0,0.0,0.0,1.0,0.0,0.0,0.0,0.0,0.0,0.0,0.0,0.0,0.0
2,3,0.0,0.0,0.0,1.0,0.0,0.0,0.0,0.0,0.0,0.0,0.0,0.0,0.0
2,3,0.0,0.0,0.0,1.0,0.0,0.0,0.0,0.0,0.0,0.0,0.0,0.0,0.0
2,3,0.0,0.0,0.0,1.0,0.0,0.0,0.0,0.0,0.0,0.0,0.0,0.0,0.0
2,3,0.0,0.0,0.0,1.0,0.0,0.0,0.0,0.0,0.0,0.0,0.0,0.0,0.0
2,3,0.0,0.0,0.0,1.0,0.0,0.0,0.0,0.0,0.0,0.0,0.0,0.0,0.0
2,3,0.0,0.0,0.0,1.0,0.0,0.0,0.0,0.0,0.0,0.0,0.0,0.0,0.0
2,3,0.0,0.0,0.0,1.0,0.0,0.0,0.0,0.0,0.0,0.0,0.0,0.0,0.0
2,3,0.0,0.0,0.0,1.0,0.0,0.0,0.0,0.0,0.0,0.0,0.0,0.0,0.0
2,3,0.0,0.0,0.0,1.0,0.0,0.0,0.0,0.0,0.0,0.0,0.0,0.0,0.0
2,3,0.0,0.0,0.0,1.0,0.0,0.0,0.0,0.0,0.0,0.0,0.0,0.0,0.0
2,3,0.0,0.0,0.0,1.0,0.0,0.0,0.0,0.0,0.0,0.0,0.0,0.0,0.0
2,3,0.0,0.0,0.0,1.0,0.0,0.0,0.0,0.0,0.0,0.0,0.0,0.0,0.0
2,3,0.0,0.0,0.0,1.0,0.0,0.0,0.0,0.0,0.0,0.0,0.0,0.0,0.0
2,3,0.0,0.0,0.0,1.0,0.0,0.0,0.0,0.0,0.0,0.0,0.0,0.0,0.0
2,3,0.0,0.0,0.0,1.0,0.0,0.0,0.0,0.0,0.0,0.0,0.0,0.0,0.0
2,3,0.0,0.0,0.0,1.0,0.0,0.0,0.0,0.0,0.0,0.0,0.0,0.0,0.0
2,3,0.0,0.0,0.0,1.0,0.0,0.0,0.0,0.0,0.0,0.0,0.0,0.0,0.0
2,3,0.0,0.0,0.0,1.0,0.0,0.0,0.0,0.0,0.0,0.0,0.0,0.0,0.0
2,3,0.0,0.0,0.0,1.0,0.0,0.0,0.0,0.0,0.0,0.0,0.0,0.0,0.0
2,3,0.0,0.0,0.0,1.0,0.0,0.0,0.0,0.0,0.0,0.0,0.0,0.0,0.0
2,3,0.0,0.0,0.0,1.0,0.0,0.0,0.0,0.0,0.0,0.0,0.0,0.0,0.0
2,3,0.0,0.0,0.0,1.0,0.0,0.0,0.0,0.0,0.0,0.0,0.0,0.0,0.0
2,3,0.0,0.0,0.0,1.0,0.0,0.0,0.0,0.0,0.0,0.0,0.0,0.0,0.0
2,3,0.0,0.0,0.0,1.0,0.0,0.0,0.0,0.0,0.0,0.0,0.0,0.0,0.0
2,3,0.0,0.0,0.0,1.0,0.0,0.0,0.0,0.0,0.0,0.0,0.0,0.0,0.0
2,3,0.0,0.0,0.0,1.0,0.0,0.0,0.0,0.0,0.0,0.0,0.0,0.0,0.0
2,3,0.0,0.0,0.0,1.0,0.0,0.0,0.0,0.0,0.0,0.0,0.0,0.0,0.0
2,3,0.0,0.0,0.0,1.0,0.0,0.0,0.0,0.0,0.0,0.0,0.0,0.0,0.0
2,3,0.0,0.0,0.0,1.0,0.0,0.0,0.0,0.0,0.0,0.0,0.0,0.0,0.0
2,3,0.0,0.0,0.0,1.0,0.0,0.0,0.0,0.0,0.0,0.0,0.0,0.0,0.0
2,3,0.0,0.0,0.0,1.0,0.0,0.0,0.0,0.0,0.0,0.0,0.0,0.0,0.0
2,3,0.0,0.0,0.0,1.0,0.0,0.0,0.0,0.0,0.0,0.0,0.0,0.0,0.0
2,3,0.0,0.0,0.0,1.0,0.0,0.0,0.0,0.0,0.0,0.0,0.0,0.0,0.0
2,3,0.0,0.0,0.0,1.0,0.0,0.0,0.0,0.0,0.0,0.0,0.0,0.0,0.0
2,3,0.0,0.0,0.0,1.0,0.0,0.0,0.0,0.0,0.0,0.0,0.0,0.0,0.0
2,3,0.0,0.0,0.0,1.0,0.0,0.0,0.0,0.0,0.0,0.0,0.0,0.0,0.0
2,3,0.0,0.0,0.0,1.0,0.0,0.0,0.0,0.0,0.0,0.0,0.0,0.0,0.0
2,3,0.0,0.0,0.0,1.0,0.0,0.0,0.0,0.0,0.0,0.0,0.0,0.0,0.0
2,3,0.0,0.0,0.0,1.0,0.0,0.0,0.0,0.0,0.0,0.0,0.0,0.0,0.0
2,3,0.0,0.0,0.0,1.0,0.0,0.0,0.0,0.0,0.0,0.0,0.0,0.0,0.0
2,3,0.0,0.0,0.0,1.0,0.0,0.0,0.0,0.0,0.0,0.0,0.0,0.0,0.0
2,3,0.0,0.0,0.0,1.0,0.0,0.0,0.0,0.0,0.0,0.0,0.0,0.0,0.0
2,3,0.0,0.0,0.0,1.0,0.0,0.0,0.0,0.0,0.0,0.0,0.0,0.0,0.0
2,3,0.0,0.0,0.0,1.0,0.0,0.0,0.0,0.0,0.0,0.0,0.0,0.0,0.0
2,3,0.0,0.0,0.0,1.0,0.0,0.0,0.0,0.0,0.0,0.0,0.0,0.0,0.0
2,3,0.0,0.0,0.0,1.0,0.0,0.0,0.0,0.0,0.0,0.0,0.0,0.0,0.0
2,3,0.0,0.0,0.0,1.0,0.0,0.0,0.0,0.0,0.0,0.0,0.0,0.0,0.0
2,3,0.0,0.0,0.0,1.0,0.0,0.0,0.0,0.0,0.0,0.0,0.0,0.0,0.0
2,3,0.0,0.0,0.0,1.0,0.0,0.0,0.0,0.0,0.0,0.0,0.0,0.0,0.0
2,3,0.0,0.0,0.0,1.0,0.0,0.0,0.0,0.0,0.0,0.0,0.0,0.0,0.0
2,3,0.0,0.0,0.0,1.0,0.0,0.0,0.0,0.0,0.0,0.0,0.0,0.0,0.0
2,3,0.0,0.0,0.0,1.0,0.0,0.0,0.0,0.0,0.0,0.0,0.0,0.0,0.0
2,3,0.0,0.0,0.0,1.0,0.0,0.0,0.0,0.0,0.0,0.0,0.0,0.0,0.0
2,3,0.0,0.0,0.0,1.0,0.0,0.0,0.0,0.0,0.0,0.0,0.0,0.0,0.0
2,3,0.0,0.0,0.0,1.0,0.0,0.0,0.0,0.0,0.0,0.0,0.0,0.0,0.0
2,3,0.0,0.0,0.0,1.0,0.0,0.0,0.0,0.0,0.0,0.0,0.0,0.0,0.0
2,3,0.0,0.0,0.0,1.0,0.0,0.0,0.0,0.0,0.0,0.0,0.0,0.0,0.0
2,3,0.0,0.0,0.0,1.0,0.0,0.0,0.0,0.0,0.0,0.0,0.0,0.0,0.0
2,3,0.0,0.0,0.0,1.0,0.0,0.0,0.0,0.0,0.0,0.0,0.0,0.0,0.0
2,3,0.0,0.0,0.0,1.0,0.0,0.0,0.0,0.0,0.0,0.0,0.0,0.0,0.0
2,3,0.0,0.0,0.0,1.0,0.0,0.0,0.0,0.0,0.0,0.0,0.0,0.0,0.0
2,3,0.0,0.0,0.0,1.0,0.0,0.0,0.0,0.0,0.0,0.0,0.0,0.0,0.0
2,3,0.0,0.0,0.0,1.0,0.0,0.0,0.0,0.0,0.0,0.0,0.0,0.0,0.0
2,3,0.0,0.0,0.0,1.0,0.0,0.0,0.0,0.0,0.0,0.0,0.0,0.0,0.0
2,3,0.0,0.0,0.0,1.0,0.0,0.0,0.0,0.0,0.0,0.0,0.0,0.0,0.0
2,3,0.0,0.0,0.0,1.0,0.0,0.0,0.0,0.0,0.0,0.0,0.0,0.0,0.0
2,3,0.0,0.0,0.0,1.0,0.0,0.0,0.0,0.0,0.0,0.0,0.0,0.0,0.0
2,3,0.0,0.0,0.0,1.0,0.0,0.0,0.0,0.0,0.0,0.0,0.0,0.0,0.0
2,3,0.0,0.0,0.0,1.0,0.0,0.0,0.0,0.0,0.0,0.0,0.0,0.0,0.0
2,3,0.0,0.0,0.0,1.0,0.0,0.0,0.0,0.0,0.0,0.0,0.0,0.0,0.0
2,3,0.0,0.0,0.0,1.0,0.0,0.0,0.0,0.0,0.0,0.0,0.0,0.0,0.0
2,3,0.0,0.0,0.0,1.0,0.0,0.0,0.0,0.0,0.0,0.0,0.0,0.0,0.0
2,3,0.0,0.0,0.0,1.0,0.0,0.0,0.0,0.0,0.0,0.0,0.0,0.0,0.0
2,3,0.0,0.0,0.0,1.0,0.0,0.0,0.0,0.0,0.0,0.0,0.0,0.0,0.0
2,3,0.0,0.0,0.0,1.0,0.0,0.0,0.0,0.0,0.0,0.0,0.0,0.0,0.0
2,3,0.0,0.0,0.0,1.0,0.0,0.0,0.0,0.0,0.0,0.0,0.0,0.0,0.0
2,3,0.0,0.0,0.0,1.0,0.0,0.0,0.0,0.0,0.0,0.0,0.0,0.0,0.0
2,3,0.0,0.0,0.0,1.0,0.0,0.0,0.0,0.0,0.0,0.0,0.0,0.0,0.0
2,3,0.0,0.0,0.0,1.0,0.0,0.0,0.0,0.0,0.0,0.0,0.0,0.0,0.0
2,3,0.0,0.0,0.0,1.0,0.0,0.0,0.0,0.0,0.0,0.0,0.0,0.0,0.0
2,3,0.0,0.0,0.0,1.0,0.0,0.0,0.0,0.0,0.0,0.0,0.0,0.0,0.0
2,3,0.0,0.0,0.0,1.0,0.0,0.0,0.0,0.0,0.0,0.0,0.0,0.0,0.0
2,3,0.0,0.0,0.0,1.0,0.0,0.0,0.0,0.0,0.0,0.0,0.0,0.0,0.0
2,3,0.0,0.0,0.0,1.0,0.0,0.0,0.0,0.0,0.0,0.0,0.0,0.0,0.0
2,3,0.0,0.0,0.0,1.0,0.0,0.0,0.0,0.0,0.0,0.0,0.0,0.0,0.0
2,3,0.0,0.0,0.0,1.0,0.0,0.0,0.0,0.0,0.0,0.0,0.0,0.0,0.0
2,3,0.0,0.0,0.0,1.0,0.0,0.0,0.0,0.0,0.0,0.0,0.0,0.0,0.0
2,3,0.0,0.0,0.0,1.0,0.0,0.0,0.0,0.0,0.0,0.0,0.0,0.0,0.0
2,3,0.0,0.0,0.0,1.0,0.0,0.0,0.0,0.0,0.0,0.0,0.0,0.0,0.0
2,3,0.0,0.0,0.0,1.0,0.0,0.0,0.0,0.0,0.0,0.0,0.0,0.0,0.0
2,3,0.0,0.0,0.0,1.0,0.0,0.0,0.0,0.0,0.0,0.0,0.0,0.0,0.0
2,3,0.0,0.0,0.0,1.0,0.0,0.0,0.0,0.0,0.0,0.0,0.0,0.0,0.0
2,3,0.0,0.0,0.0,1.0,0.0,0.0,0.0,0.0,0.0,0.0,0.0,0.0,0.0
2,3,0.0,0.0,0.0,1.0,0.0,0.0,0.0,0.0,0.0,0.0,0.0,0.0,0.0
2,3,0.0,0.0,0.0,1.0,0.0,0.0,0.0,0.0,0.0,0.0,0.0,0.0,0.0
2,3,0.0,0.0,0.0,1.0,0.0,0.0,0.0,0.0,0.0,0.0,0.0,0.0,0.0
2,3,0.0,0.0,0.0,1.0,0.0,0.0,0.0,0.0,0.0,0.0,0.0,0.0,0.0
2,3,0.0,0.0,0.0,1.0,0.0,0.0,0.0,0.0,0.0,0.0,0.0,0.0,0.0
2,3,0.0,0.0,0.0,1.0,0.0,0.0,0.0,0.0,0.0,0.0,0.0,0.0,0.0
2,3,0.0,0.0,0.0,1.0,0.0,0.0,0.0,0.0,0.0,0.0,0.0,0.0,0.0
2,3,0.0,0.0,0.0,1.0,0.0,0.0,0.0,0.0,0.0,0.0,0.0,0.0,0.0
2,3,0.0,0.0,0.0,1.0,0.0,0.0,0.0,0.0,0.0,0.0,0.0,0.0,0.0
2,3,0.0,0.0,0.0,1.0,0.0,0.0,0.0,0.0,0.0,0.0,0.0,0.0,0.0
2,3,0.0,0.0,0.0,1.0,0.0,0.0,0.0,0.0,0.0,0.0,0.0,0.0,0.0
2,3,0.0,0.0,0.0,1.0,0.0,0.0,0.0,0.0,0.0,0.0,0.0,0.0,0.0
2,3,0.0,0.0,0.0,1.0,0.0,0.0,0.0,0.0,0.0,0.0,0.0,0.0,0.0
2,3,0.0,0.0,0.0,1.0,0.0,0.0,0.0,0.0,0.0,0.0,0.0,0.0,0.0
2,3,0.0,0.0,0.0,1.0,0.0,0.0,0.0,0.0,0.0,0.0,0.0,0.0,0.0
2,3,0.0,0.0,0.0,1.0,0.0,0.0,0.0,0.0,0.0,0.0,0.0,0.0,0.0
2,3,0.0,0.0,0.0,1.0,0.0,0.0,0.0,0.0,0.0,0.0,0.0,0.0,0.0
2,3,0.0,0.0,0.0,1.0,0.0,0.0,0.0,0.0,0.0,0.0,0.0,0.0,0.0
2,3,0.0,0.0,0.0,1.0,0.0,0.0,0.0,0.0,0.0,0.0,0.0,0.0,0.0
2,3,0.0,0.0,0.0,1.0,0.0,0.0,0.0,0.0,0.0,0.0,0.0,0.0,0.0
2,3,0.0,0.0,0.0,1.0,0.0,0.0,0.0,0.0,0.0,0.0,0.0,0.0,0.0
2,3,0.0,0.0,0.0,1.0,0.0,0.0,0.0,0.0,0.0,0.0,0.0,0.0,0.0
2,3,0.0,0.0,0.0,1.0,0.0,0.0,0.0,0.0,0.0,0.0,0.0,0.0,0.0
2,3,0.0,0.0,0.0,1.0,0.0,0.0,0.0,0.0,0.0,0.0,0.0,0.0,0.0
2,3,0.0,0.0,0.0,1.0,0.0,0.0,0.0,0.0,0.0,0.0,0.0,0.0,0.0
2,3,0.0,0.0,0.0,1.0,0.0,0.0,0.0,0.0,0.0,0.0,0.0,0.0,0.0
2,3,0.0,0.0,0.0,1.0,0.0,0.0,0.0,0.0,0.0,0.0,0.0,0.0,0.0
2,3,0.0,0.0,0.0,1.0,0.0,0.0,0.0,0.0,0.0,0.0,0.0,0.0,0.0
2,3,0.0,0.0,0.0,1.0,0.0,0.0,0.0,0.0,0.0,0.0,0.0,0.0,0.0
2,3,0.0,0.0,0.0,1.0,0.0,0.0,0.0,0.0,0.0,0.0,0.0,0.0,0.0
2,3,0.0,0.0,0.0,1.0,0.0,0.0,0.0,0.0,0.0,0.0,0.0,0.0,0.0
2,3,0.0,0.0,0.0,1.0,0.0,0.0,0.0,0.0,0.0,0.0,0.0,0.0,0.0
2,3,0.0,0.0,0.0,1.0,0.0,0.0,0.0,0.0,0.0,0.0,0.0,0.0,0.0
2,3,0.0,0.0,0.0,1.0,0.0,0.0,0.0,0.0,0.0,0.0,0.0,0.0,0.0
2,3,0.0,0.0,0.0,1.0,0.0,0.0,0.0,0.0,0.0,0.0,0.0,0.0,0.0
2,3,0.0,0.0,0.0,1.0,0.0,0.0,0.0,0.0,0.0,0.0,0.0,0.0,0.0
2,3,0.0,0.0,0.0,1.0,0.0,0.0,0.0,0.0,0.0,0.0,0.0,0.0,0.0
2,3,0.0,0.0,0.0,1.0,0.0,0.0,0.0,0.0,0.0,0.0,0.0,0.0,0.0
2,3,0.0,0.0,0.0,1.0,0.0,0.0,0.0,0.0,0.0,0.0,0.0,0.0,0.0
2,3,0.0,0.0,0.0,1.0,0.0,0.0,0.0,0.0,0.0,0.0,0.0,0.0,0.0
2,3,0.0,0.0,0.0,1.0,0.0,0.0,0.0,0.0,0.0,0.0,0.0,0.0,0.0
2,3,0.0,0.0,0.0,1.0,0.0,0.0,0.0,0.0,0.0,0.0,0.0,0.0,0.0
2,3,0.0,0.0,0.0,1.0,0.0,0.0,0.0,0.0,0.0,0.0,0.0,0.0,0.0
2,3,0.0,0.0,0.0,1.0,0.0,0.0,0.0,0.0,0.0,0.0,0.0,0.0,0.0
2,3,0.0,0.0,0.0,1.0,0.0,0.0,0.0,0.0,0.0,0.0,0.0,0.0,0.0
2,3,0.0,0.0,0.0,1.0,0.0,0.0,0.0,0.0,0.0,0.0,0.0,0.0,0.0
2,3,0.0,0.0,0.0,1.0,0.0,0.0,0.0,0.0,0.0,0.0,0.0,0.0,0.0
2,3,0.0,0.0,0.0,1.0,0.0,0.0,0.0,0.0,0.0,0.0,0.0,0.0,0.0
2,3,0.0,0.0,0.0,1.0,0.0,0.0,0.0,0.0,0.0,0.0,0.0,0.0,0.0
2,3,0.0,0.0,0.0,1.0,0.0,0.0,0.0,0.0,0.0,0.0,0.0,0.0,0.0
2,3,0.0,0.0,0.0,1.0,0.0,0.0,0.0,0.0,0.0,0.0,0.0,0.0,0.0
2,3,0.0,0.0,0.0,1.0,0.0,0.0,0.0,0.0,0.0,0.0,0.0,0.0,0.0
2,3,0.0,0.0,0.0,1.0,0.0,0.0,0.0,0.0,0.0,0.0,0.0,0.0,0.0
2,3,0.0,0.0,0.0,1.0,0.0,0.0,0.0,0.0,0.0,0.0,0.0,0.0,0.0
2,3,0.0,0.0,0.0,1.0,0.0,0.0,0.0,0.0,0.0,0.0,0.0,0.0,0.0
2,3,0.0,0.0,0.0,1.0,0.0,0.0,0.0,0.0,0.0,0.0,0.0,0.0,0.0
2,3,0.0,0.0,0.0,1.0,0.0,0.0,0.0,0.0,0.0,0.0,0.0,0.0,0.0
2,3,0.0,0.0,0.0,1.0,0.0,0.0,0.0,0.0,0.0,0.0,0.0,0.0,0.0
2,3,0.0,0.0,0.0,1.0,0.0,0.0,0.0,0.0,0.0,0.0,0.0,0.0,0.0
2,3,0.0,0.0,0.0,1.0,0.0,0.0,0.0,0.0,0.0,0.0,0.0,0.0,0.0
2,3,0.0,0.0,0.0,1.0,0.0,0.0,0.0,0.0,0.0,0.0,0.0,0.0,0.0
2,3,0.0,0.0,0.0,1.0,0.0,0.0,0.0,0.0,0.0,0.0,0.0,0.0,0.0
2,3,0.0,0.0,0.0,1.0,0.0,0.0,0.0,0.0,0.0,0.0,0.0,0.0,0.0
2,3,0.0,0.0,0.0,1.0,0.0,0.0,0.0,0.0,0.0,0.0,0.0,0.0,0.0
2,3,0.0,0.0,0.0,1.0,0.0,0.0,0.0,0.0,0.0,0.0,0.0,0.0,0.0
2,3,0.0,0.0,0.0,1.0,0.0,0.0,0.0,0.0,0.0,0.0,0.0,0.0,0.0
2,3,0.0,0.0,0.0,1.0,0.0,0.0,0.0,0.0,0.0,0.0,0.0,0.0,0.0
2,3,0.0,0.0,0.0,1.0,0.0,0.0,0.0,0.0,0.0,0.0,0.0,0.0,0.0
2,3,0.0,0.0,0.0,1.0,0.0,0.0,0.0,0.0,0.0,0.0,0.0,0.0,0.0
2,3,0.0,0.0,0.0,1.0,0.0,0.0,0.0,0.0,0.0,0.0,0.0,0.0,0.0
2,3,0.0,0.0,0.0,1.0,0.0,0.0,0.0,0.0,0.0,0.0,0.0,0.0,0.0
2,3,0.0,0.0,0.0,1.0,0.0,0.0,0.0,0.0,0.0,0.0,0.0,0.0,0.0
2,3,0.0,0.0,0.0,1.0,0.0,0.0,0.0,0.0,0.0,0.0,0.0,0.0,0.0
2,3,0.0,0.0,0.0,1.0,0.0,0.0,0.0,0.0,0.0,0.0,0.0,0.0,0.0
2,3,0.0,0.0,0.0,1.0,0.0,0.0,0.0,0.0,0.0,0.0,0.0,0.0,0.0
2,3,0.0,0.0,0.0,1.0,0.0,0.0,0.0,0.0,0.0,0.0,0.0,0.0,0.0
2,3,0.0,0.0,0.0,1.0,0.0,0.0,0.0,0.0,0.0,0.0,0.0,0.0,0.0
2,3,0.0,0.0,0.0,1.0,0.0,0.0,0.0,0.0,0.0,0.0,0.0,0.0,0.0
2,3,0.0,0.0,0.0,1.0,0.0,0.0,0.0,0.0,0.0,0.0,0.0,0.0,0.0
2,3,0.0,0.0,0.0,1.0,0.0,0.0,0.0,0.0,0.0,0.0,0.0,0.0,0.0
2,3,0.0,0.0,0.0,1.0,0.0,0.0,0.0,0.0,0.0,0.0,0.0,0.0,0.0
2,3,0.0,0.0,0.0,1.0,0.0,0.0,0.0,0.0,0.0,0.0,0.0,0.0,0.0
2,3,0.0,0.0,0.0,1.0,0.0,0.0,0.0,0.0,0.0,0.0,0.0,0.0,0.0
2,3,0.0,0.0,0.0,1.0,0.0,0.0,0.0,0.0,0.0,0.0,0.0,0.0,0.0
2,3,0.0,0.0,0.0,1.0,0.0,0.0,0.0,0.0,0.0,0.0,0.0,0.0,0.0
2,3,0.0,0.0,0.0,1.0,0.0,0.0,0.0,0.0,0.0,0.0,0.0,0.0,0.0
2,3,0.0,0.0,0.0,1.0,0.0,0.0,0.0,0.0,0.0,0.0,0.0,0.0,0.0
2,3,0.0,0.0,0.0,1.0,0.0,0.0,0.0,0.0,0.0,0.0,0.0,0.0,0.0
2,3,0.0,0.0,0.0,1.0,0.0,0.0,0.0,0.0,0.0,0.0,0.0,0.0,0.0
2,3,0.0,0.0,0.0,1.0,0.0,0.0,0.0,0.0,0.0,0.0,0.0,0.0,0.0
2,3,0.0,0.0,0.0,1.0,0.0,0.0,0.0,0.0,0.0,0.0,0.0,0.0,0.0
2,3,0.0,0.0,0.0,1.0,0.0,0.0,0.0,0.0,0.0,0.0,0.0,0.0,0.0
2,3,0.0,0.0,0.0,1.0,0.0,0.0,0.0,0.0,0.0,0.0,0.0,0.0,0.0
2,3,0.0,0.0,0.0,1.0,0.0,0.0,0.0,0.0,0.0,0.0,0.0,0.0,0.0
2,3,0.0,0.0,0.0,1.0,0.0,0.0,0.0,0.0,0.0,0.0,0.0,0.0,0.0
2,3,0.0,0.0,0.0,1.0,0.0,0.0,0.0,0.0,0.0,0.0,0.0,0.0,0.0
2,3,0.0,0.0,0.0,1.0,0.0,0.0,0.0,0.0,0.0,0.0,0.0,0.0,0.0
2,3,0.0,0.0,0.0,1.0,0.0,0.0,0.0,0.0,0.0,0.0,0.0,0.0,0.0
2,3,0.0,0.0,0.0,1.0,0.0,0.0,0.0,0.0,0.0,0.0,0.0,0.0,0.0
2,3,0.0,0.0,0.0,1.0,0.0,0.0,0.0,0.0,0.0,0.0,0.0,0.0,0.0
2,3,0.0,0.0,0.0,1.0,0.0,0.0,0.0,0.0,0.0,0.0,0.0,0.0,0.0
2,3,0.0,0.0,0.0,1.0,0.0,0.0,0.0,0.0,0.0,0.0,0.0,0.0,0.0
2,3,0.0,0.0,0.0,1.0,0.0,0.0,0.0,0.0,0.0,0.0,0.0,0.0,0.0
2,3,0.0,0.0,0.0,1.0,0.0,0.0,0.0,0.0,0.0,0.0,0.0,0.0,0.0
2,3,0.0,0.0,0.0,1.0,0.0,0.0,0.0,0.0,0.0,0.0,0.0,0.0,0.0
2,3,0.0,0.0,0.0,1.0,0.0,0.0,0.0,0.0,0.0,0.0,0.0,0.0,0.0
2,3,0.0,0.0,0.0,1.0,0.0,0.0,0.0,0.0,0.0,0.0,0.0,0.0,0.0
2,3,0.0,0.0,0.0,1.0,0.0,0.0,0.0,0.0,0.0,0.0,0.0,0.0,0.0
2,3,0.0,0.0,0.0,1.0,0.0,0.0,0.0,0.0,0.0,0.0,0.0,0.0,0.0
2,3,0.0,0.0,0.0,1.0,0.0,0.0,0.0,0.0,0.0,0.0,0.0,0.0,0.0
2,3,0.0,0.0,0.0,1.0,0.0,0.0,0.0,0.0,0.0,0.0,0.0,0.0,0.0
2,3,0.0,0.0,0.0,1.0,0.0,0.0,0.0,0.0,0.0,0.0,0.0,0.0,0.0
2,3,0.0,0.0,0.0,1.0,0.0,0.0,0.0,0.0,0.0,0.0,0.0,0.0,0.0
2,3,0.0,0.0,0.0,1.0,0.0,0.0,0.0,0.0,0.0,0.0,0.0,0.0,0.0
2,3,0.0,0.0,0.0,1.0,0.0,0.0,0.0,0.0,0.0,0.0,0.0,0.0,0.0
2,3,0.0,0.0,0.0,1.0,0.0,0.0,0.0,0.0,0.0,0.0,0.0,0.0,0.0
2,3,0.0,0.0,0.0,1.0,0.0,0.0,0.0,0.0,0.0,0.0,0.0,0.0,0.0
2,3,0.0,0.0,0.0,1.0,0.0,0.0,0.0,0.0,0.0,0.0,0.0,0.0,0.0
2,3,0.0,0.0,0.0,1.0,0.0,0.0,0.0,0.0,0.0,0.0,0.0,0.0,0.0
2,3,0.0,0.0,0.0,1.0,0.0,0.0,0.0,0.0,0.0,0.0,0.0,0.0,0.0
2,3,0.0,0.0,0.0,1.0,0.0,0.0,0.0,0.0,0.0,0.0,0.0,0.0,0.0
2,3,0.0,0.0,0.0,1.0,0.0,0.0,0.0,0.0,0.0,0.0,0.0,0.0,0.0
2,3,0.0,0.0,0.0,1.0,0.0,0.0,0.0,0.0,0.0,0.0,0.0,0.0,0.0
2,3,0.0,0.0,0.0,1.0,0.0,0.0,0.0,0.0,0.0,0.0,0.0,0.0,0.0
2,3,0.0,0.0,0.0,1.0,0.0,0.0,0.0,0.0,0.0,0.0,0.0,0.0,0.0
2,3,0.0,0.0,0.0,1.0,0.0,0.0,0.0,0.0,0.0,0.0,0.0,0.0,0.0
2,3,0.0,0.0,0.0,1.0,0.0,0.0,0.0,0.0,0.0,0.0,0.0,0.0,0.0
2,3,0.0,0.0,0.0,1.0,0.0,0.0,0.0,0.0,0.0,0.0,0.0,0.0,0.0
2,3,0.0,0.0,0.0,1.0,0.0,0.0,0.0,0.0,0.0,0.0,0.0,0.0,0.0
2,3,0.0,0.0,0.0,1.0,0.0,0.0,0.0,0.0,0.0,0.0,0.0,0.0,0.0
2,3,0.0,0.0,0.0,1.0,0.0,0.0,0.0,0.0,0.0,0.0,0.0,0.0,0.0
2,3,0.0,0.0,0.0,1.0,0.0,0.0,0.0,0.0,0.0,0.0,0.0,0.0,0.0
2,3,0.0,0.0,0.0,1.0,0.0,0.0,0.0,0.0,0.0,0.0,0.0,0.0,0.0
2,3,0.0,0.0,0.0,1.0,0.0,0.0,0.0,0.0,0.0,0.0,0.0,0.0,0.0
2,3,0.0,0.0,0.0,1.0,0.0,0.0,0.0,0.0,0.0,0.0,0.0,0.0,0.0
2,3,0.0,0.0,0.0,1.0,0.0,0.0,0.0,0.0,0.0,0.0,0.0,0.0,0.0
2,3,0.0,0.0,0.0,1.0,0.0,0.0,0.0,0.0,0.0,0.0,0.0,0.0,0.0
2,3,0.0,0.0,0.0,1.0,0.0,0.0,0.0,0.0,0.0,0.0,0.0,0.0,0.0
2,3,0.0,0.0,0.0,1.0,0.0,0.0,0.0,0.0,0.0,0.0,0.0,0.0,0.0
2,3,0.0,0.0,0.0,1.0,0.0,0.0,0.0,0.0,0.0,0.0,0.0,0.0,0.0
2,3,0.0,0.0,0.0,1.0,0.0,0.0,0.0,0.0,0.0,0.0,0.0,0.0,0.0
2,3,0.0,0.0,0.0,1.0,0.0,0.0,0.0,0.0,0.0,0.0,0.0,0.0,0.0
2,3,0.0,0.0,0.0,1.0,0.0,0.0,0.0,0.0,0.0,0.0,0.0,0.0,0.0
2,3,0.0,0.0,0.0,1.0,0.0,0.0,0.0,0.0,0.0,0.0,0.0,0.0,0.0
2,3,0.0,0.0,0.0,1.0,0.0,0.0,0.0,0.0,0.0,0.0,0.0,0.0,0.0
2,3,0.0,0.0,0.0,1.0,0.0,0.0,0.0,0.0,0.0,0.0,0.0,0.0,0.0
2,3,0.0,0.0,0.0,1.0,0.0,0.0,0.0,0.0,0.0,0.0,0.0,0.0,0.0
2,3,0.0,0.0,0.0,1.0,0.0,0.0,0.0,0.0,0.0,0.0,0.0,0.0,0.0
2,3,0.0,0.0,0.0,1.0,0.0,0.0,0.0,0.0,0.0,0.0,0.0,0.0,0.0
2,3,0.0,0.0,0.0,1.0,0.0,0.0,0.0,0.0,0.0,0.0,0.0,0.0,0.0
2,3,0.0,0.0,0.0,1.0,0.0,0.0,0.0,0.0,0.0,0.0,0.0,0.0,0.0
2,3,0.0,0.0,0.0,1.0,0.0,0.0,0.0,0.0,0.0,0.0,0.0,0.0,0.0
2,3,0.0,0.0,0.0,1.0,0.0,0.0,0.0,0.0,0.0,0.0,0.0,0.0,0.0
2,3,0.0,0.0,0.0,1.0,0.0,0.0,0.0,0.0,0.0,0.0,0.0,0.0,0.0
2,3,0.0,0.0,0.0,1.0,0.0,0.0,0.0,0.0,0.0,0.0,0.0,0.0,0.0
2,3,0.0,0.0,0.0,1.0,0.0,0.0,0.0,0.0,0.0,0.0,0.0,0.0,0.0
2,3,0.0,0.0,0.0,1.0,0.0,0.0,0.0,0.0,0.0,0.0,0.0,0.0,0.0
2,3,0.0,0.0,0.0,1.0,0.0,0.0,0.0,0.0,0.0,0.0,0.0,0.0,0.0
2,3,0.0,0.0,0.0,1.0,0.0,0.0,0.0,0.0,0.0,0.0,0.0,0.0,0.0
2,3,0.0,0.0,0.0,1.0,0.0,0.0,0.0,0.0,0.0,0.0,0.0,0.0,0.0
2,3,0.0,0.0,0.0,1.0,0.0,0.0,0.0,0.0,0.0,0.0,0.0,0.0,0.0
2,3,0.0,0.0,0.0,1.0,0.0,0.0,0.0,0.0,0.0,0.0,0.0,0.0,0.0
2,3,0.0,0.0,0.0,1.0,0.0,0.0,0.0,0.0,0.0,0.0,0.0,0.0,0.0
2,3,0.0,0.0,0.0,1.0,0.0,0.0,0.0,0.0,0.0,0.0,0.0,0.0,0.0
2,3,0.0,0.0,0.0,1.0,0.0,0.0,0.0,0.0,0.0,0.0,0.0,0.0,0.0
2,3,0.0,0.0,0.0,1.0,0.0,0.0,0.0,0.0,0.0,0.0,0.0,0.0,0.0
2,3,0.0,0.0,0.0,1.0,0.0,0.0,0.0,0.0,0.0,0.0,0.0,0.0,0.0
2,3,0.0,0.0,0.0,1.0,0.0,0.0,0.0,0.0,0.0,0.0,0.0,0.0,0.0
2,3,0.0,0.0,0.0,1.0,0.0,0.0,0.0,0.0,0.0,0.0,0.0,0.0,0.0
2,3,0.0,0.0,0.0,1.0,0.0,0.0,0.0,0.0,0.0,0.0,0.0,0.0,0.0
2,3,0.0,0.0,0.0,1.0,0.0,0.0,0.0,0.0,0.0,0.0,0.0,0.0,0.0
2,3,0.0,0.0,0.0,1.0,0.0,0.0,0.0,0.0,0.0,0.0,0.0,0.0,0.0
2,3,0.0,0.0,0.0,1.0,0.0,0.0,0.0,0.0,0.0,0.0,0.0,0.0,0.0
2,3,0.0,0.0,0.0,1.0,0.0,0.0,0.0,0.0,0.0,0.0,0.0,0.0,0.0
2,3,0.0,0.0,0.0,1.0,0.0,0.0,0.0,0.0,0.0,0.0,0.0,0.0,0.0
2,3,0.0,0.0,0.0,1.0,0.0,0.0,0.0,0.0,0.0,0.0,0.0,0.0,0.0
2,3,0.0,0.0,0.0,1.0,0.0,0.0,0.0,0.0,0.0,0.0,0.0,0.0,0.0
2,3,0.0,0.0,0.0,1.0,0.0,0.0,0.0,0.0,0.0,0.0,0.0,0.0,0.0
2,3,0.0,0.0,0.0,1.0,0.0,0.0,0.0,0.0,0.0,0.0,0.0,0.0,0.0
2,3,0.0,0.0,0.0,1.0,0.0,0.0,0.0,0.0,0.0,0.0,0.0,0.0,0.0
2,3,0.0,0.0,0.0,1.0,0.0,0.0,0.0,0.0,0.0,0.0,0.0,0.0,0.0
2,3,0.0,0.0,0.0,1.0,0.0,0.0,0.0,0.0,0.0,0.0,0.0,0.0,0.0
2,3,0.0,0.0,0.0,1.0,0.0,0.0,0.0,0.0,0.0,0.0,0.0,0.0,0.0
2,3,0.0,0.0,0.0,1.0,0.0,0.0,0.0,0.0,0.0,0.0,0.0,0.0,0.0
2,3,0.0,0.0,0.0,1.0,0.0,0.0,0.0,0.0,0.0,0.0,0.0,0.0,0.0
2,3,0.0,0.0,0.0,1.0,0.0,0.0,0.0,0.0,0.0,0.0,0.0,0.0,0.0
2,3,0.0,0.0,0.0,1.0,0.0,0.0,0.0,0.0,0.0,0.0,0.0,0.0,0.0
2,3,0.0,0.0,0.0,1.0,0.0,0.0,0.0,0.0,0.0,0.0,0.0,0.0,0.0
2,3,0.0,0.0,0.0,1.0,0.0,0.0,0.0,0.0,0.0,0.0,0.0,0.0,0.0
2,3,0.0,0.0,0.0,1.0,0.0,0.0,0.0,0.0,0.0,0.0,0.0,0.0,0.0
2,3,0.0,0.0,0.0,1.0,0.0,0.0,0.0,0.0,0.0,0.0,0.0,0.0,0.0
2,3,0.0,0.0,0.0,1.0,0.0,0.0,0.0,0.0,0.0,0.0,0.0,0.0,0.0
2,3,0.0,0.0,0.0,1.0,0.0,0.0,0.0,0.0,0.0,0.0,0.0,0.0,0.0
2,3,0.0,0.0,0.0,1.0,0.0,0.0,0.0,0.0,0.0,0.0,0.0,0.0,0.0
2,3,0.0,0.0,0.0,1.0,0.0,0.0,0.0,0.0,0.0,0.0,0.0,0.0,0.0
2,3,0.0,0.0,0.0,1.0,0.0,0.0,0.0,0.0,0.0,0.0,0.0,0.0,0.0
2,3,0.0,0.0,0.0,1.0,0.0,0.0,0.0,0.0,0.0,0.0,0.0,0.0,0.0
2,3,0.0,0.0,0.0,1.0,0.0,0.0,0.0,0.0,0.0,0.0,0.0,0.0,0.0
2,3,0.0,0.0,0.0,1.0,0.0,0.0,0.0,0.0,0.0,0.0,0.0,0.0,0.0
2,3,0.0,0.0,0.0,1.0,0.0,0.0,0.0,0.0,0.0,0.0,0.0,0.0,0.0
2,3,0.0,0.0,0.0,1.0,0.0,0.0,0.0,0.0,0.0,0.0,0.0,0.0,0.0
2,3,0.0,0.0,0.0,1.0,0.0,0.0,0.0,0.0,0.0,0.0,0.0,0.0,0.0
2,3,0.0,0.0,0.0,1.0,0.0,0.0,0.0,0.0,0.0,0.0,0.0,0.0,0.0
2,3,0.0,0.0,0.0,1.0,0.0,0.0,0.0,0.0,0.0,0.0,0.0,0.0,0.0
2,3,0.0,0.0,0.0,1.0,0.0,0.0,0.0,0.0,0.0,0.0,0.0,0.0,0.0
2,3,0.0,0.0,0.0,1.0,0.0,0.0,0.0,0.0,0.0,0.0,0.0,0.0,0.0
2,3,0.0,0.0,0.0,1.0,0.0,0.0,0.0,0.0,0.0,0.0,0.0,0.0,0.0
2,3,0.0,0.0,0.0,1.0,0.0,0.0,0.0,0.0,0.0,0.0,0.0,0.0,0.0
2,3,0.0,0.0,0.0,1.0,0.0,0.0,0.0,0.0,0.0,0.0,0.0,0.0,0.0
2,3,0.0,0.0,0.0,1.0,0.0,0.0,0.0,0.0,0.0,0.0,0.0,0.0,0.0
2,3,0.0,0.0,0.0,1.0,0.0,0.0,0.0,0.0,0.0,0.0,0.0,0.0,0.0
2,3,0.0,0.0,0.0,1.0,0.0,0.0,0.0,0.0,0.0,0.0,0.0,0.0,0.0
2,3,0.0,0.0,0.0,1.0,0.0,0.0,0.0,0.0,0.0,0.0,0.0,0.0,0.0
2,3,0.0,0.0,0.0,1.0,0.0,0.0,0.0,0.0,0.0,0.0,0.0,0.0,0.0
2,3,0.0,0.0,0.0,1.0,0.0,0.0,0.0,0.0,0.0,0.0,0.0,0.0,0.0
2,3,0.0,0.0,0.0,1.0,0.0,0.0,0.0,0.0,0.0,0.0,0.0,0.0,0.0
2,3,0.0,0.0,0.0,1.0,0.0,0.0,0.0,0.0,0.0,0.0,0.0,0.0,0.0
2,3,0.0,0.0,0.0,1.0,0.0,0.0,0.0,0.0,0.0,0.0,0.0,0.0,0.0
2,3,0.0,0.0,0.0,1.0,0.0,0.0,0.0,0.0,0.0,0.0,0.0,0.0,0.0
2,3,0.0,0.0,0.0,1.0,0.0,0.0,0.0,0.0,0.0,0.0,0.0,0.0,0.0
2,3,0.0,0.0,0.0,1.0,0.0,0.0,0.0,0.0,0.0,0.0,0.0,0.0,0.0
2,3,0.0,0.0,0.0,1.0,0.0,0.0,0.0,0.0,0.0,0.0,0.0,0.0,0.0
2,3,0.0,0.0,0.0,1.0,0.0,0.0,0.0,0.0,0.0,0.0,0.0,0.0,0.0
2,3,0.0,0.0,0.0,1.0,0.0,0.0,0.0,0.0,0.0,0.0,0.0,0.0,0.0
2,3,0.0,0.0,0.0,1.0,0.0,0.0,0.0,0.0,0.0,0.0,0.0,0.0,0.0
2,3,0.0,0.0,0.0,1.0,0.0,0.0,0.0,0.0,0.0,0.0,0.0,0.0,0.0
2,3,0.0,0.0,0.0,1.0,0.0,0.0,0.0,0.0,0.0,0.0,0.0,0.0,0.0
2,3,0.0,0.0,0.0,1.0,0.0,0.0,0.0,0.0,0.0,0.0,0.0,0.0,0.0
2,3,0.0,0.0,0.0,1.0,0.0,0.0,0.0,0.0,0.0,0.0,0.0,0.0,0.0
2,3,0.0,0.0,0.0,1.0,0.0,0.0,0.0,0.0,0.0,0.0,0.0,0.0,0.0
2,3,0.0,0.0,0.0,1.0,0.0,0.0,0.0,0.0,0.0,0.0,0.0,0.0,0.0
2,3,0.0,0.0,0.0,1.0,0.0,0.0,0.0,0.0,0.0,0.0,0.0,0.0,0.0
2,3,0.0,0.0,0.0,1.0,0.0,0.0,0.0,0.0,0.0,0.0,0.0,0.0,0.0
2,3,0.0,0.0,0.0,1.0,0.0,0.0,0.0,0.0,0.0,0.0,0.0,0.0,0.0
2,3,0.0,0.0,0.0,1.0,0.0,0.0,0.0,0.0,0.0,0.0,0.0,0.0,0.0
2,3,0.0,0.0,0.0,1.0,0.0,0.0,0.0,0.0,0.0,0.0,0.0,0.0,0.0
2,3,0.0,0.0,0.0,1.0,0.0,0.0,0.0,0.0,0.0,0.0,0.0,0.0,0.0
2,3,0.0,0.0,0.0,1.0,0.0,0.0,0.0,0.0,0.0,0.0,0.0,0.0,0.0
2,3,0.0,0.0,0.0,1.0,0.0,0.0,0.0,0.0,0.0,0.0,0.0,0.0,0.0
2,3,0.0,0.0,0.0,1.0,0.0,0.0,0.0,0.0,0.0,0.0,0.0,0.0,0.0
2,3,0.0,0.0,0.0,1.0,0.0,0.0,0.0,0.0,0.0,0.0,0.0,0.0,0.0
2,3,0.0,0.0,0.0,1.0,0.0,0.0,0.0,0.0,0.0,0.0,0.0,0.0,0.0
2,3,0.0,0.0,0.0,1.0,0.0,0.0,0.0,0.0,0.0,0.0,0.0,0.0,0.0
2,3,0.0,0.0,0.0,1.0,0.0,0.0,0.0,0.0,0.0,0.0,0.0,0.0,0.0
2,3,0.0,0.0,0.0,1.0,0.0,0.0,0.0,0.0,0.0,0.0,0.0,0.0,0.0
2,3,0.0,0.0,0.0,1.0,0.0,0.0,0.0,0.0,0.0,0.0,0.0,0.0,0.0
2,3,0.0,0.0,0.0,1.0,0.0,0.0,0.0,0.0,0.0,0.0,0.0,0.0,0.0
2,3,0.0,0.0,0.0,1.0,0.0,0.0,0.0,0.0,0.0,0.0,0.0,0.0,0.0
2,3,0.0,0.0,0.0,1.0,0.0,0.0,0.0,0.0,0.0,0.0,0.0,0.0,0.0
2,3,0.0,0.0,0.0,1.0,0.0,0.0,0.0,0.0,0.0,0.0,0.0,0.0,0.0
2,3,0.0,0.0,0.0,1.0,0.0,0.0,0.0,0.0,0.0,0.0,0.0,0.0,0.0
2,3,0.0,0.0,0.0,1.0,0.0,0.0,0.0,0.0,0.0,0.0,0.0,0.0,0.0
2,3,0.0,0.0,0.0,1.0,0.0,0.0,0.0,0.0,0.0,0.0,0.0,0.0,0.0
2,3,0.0,0.0,0.0,1.0,0.0,0.0,0.0,0.0,0.0,0.0,0.0,0.0,0.0
2,3,0.0,0.0,0.0,1.0,0.0,0.0,0.0,0.0,0.0,0.0,0.0,0.0,0.0
2,3,0.0,0.0,0.0,1.0,0.0,0.0,0.0,0.0,0.0,0.0,0.0,0.0,0.0
2,3,0.0,0.0,0.0,1.0,0.0,0.0,0.0,0.0,0.0,0.0,0.0,0.0,0.0
2,3,0.0,0.0,0.0,1.0,0.0,0.0,0.0,0.0,0.0,0.0,0.0,0.0,0.0
2,3,0.0,0.0,0.0,1.0,0.0,0.0,0.0,0.0,0.0,0.0,0.0,0.0,0.0
2,3,0.0,0.0,0.0,1.0,0.0,0.0,0.0,0.0,0.0,0.0,0.0,0.0,0.0
2,3,0.0,0.0,0.0,1.0,0.0,0.0,0.0,0.0,0.0,0.0,0.0,0.0,0.0
2,3,0.0,0.0,0.0,1.0,0.0,0.0,0.0,0.0,0.0,0.0,0.0,0.0,0.0
2,3,0.0,0.0,0.0,1.0,0.0,0.0,0.0,0.0,0.0,0.0,0.0,0.0,0.0
2,3,0.0,0.0,0.0,1.0,0.0,0.0,0.0,0.0,0.0,0.0,0.0,0.0,0.0
2,3,0.0,0.0,0.0,1.0,0.0,0.0,0.0,0.0,0.0,0.0,0.0,0.0,0.0
2,3,0.0,0.0,0.0,1.0,0.0,0.0,0.0,0.0,0.0,0.0,0.0,0.0,0.0
2,3,0.0,0.0,0.0,1.0,0.0,0.0,0.0,0.0,0.0,0.0,0.0,0.0,0.0
2,3,0.0,0.0,0.0,1.0,0.0,0.0,0.0,0.0,0.0,0.0,0.0,0.0,0.0
2,3,0.0,0.0,0.0,1.0,0.0,0.0,0.0,0.0,0.0,0.0,0.0,0.0,0.0
2,3,0.0,0.0,0.0,1.0,0.0,0.0,0.0,0.0,0.0,0.0,0.0,0.0,0.0
2,3,0.0,0.0,0.0,1.0,0.0,0.0,0.0,0.0,0.0,0.0,0.0,0.0,0.0
2,3,0.0,0.0,0.0,1.0,0.0,0.0,0.0,0.0,0.0,0.0,0.0,0.0,0.0
2,3,0.0,0.0,0.0,1.0,0.0,0.0,0.0,0.0,0.0,0.0,0.0,0.0,0.0
2,3,0.0,0.0,0.0,1.0,0.0,0.0,0.0,0.0,0.0,0.0,0.0,0.0,0.0
2,3,0.0,0.0,0.0,1.0,0.0,0.0,0.0,0.0,0.0,0.0,0.0,0.0,0.0
2,3,0.0,0.0,0.0,1.0,0.0,0.0,0.0,0.0,0.0,0.0,0.0,0.0,0.0
2,3,0.0,0.0,0.0,1.0,0.0,0.0,0.0,0.0,0.0,0.0,0.0,0.0,0.0
2,3,0.0,0.0,0.0,1.0,0.0,0.0,0.0,0.0,0.0,0.0,0.0,0.0,0.0
2,3,0.0,0.0,0.0,1.0,0.0,0.0,0.0,0.0,0.0,0.0,0.0,0.0,0.0
2,3,0.0,0.0,0.0,1.0,0.0,0.0,0.0,0.0,0.0,0.0,0.0,0.0,0.0
2,3,0.0,0.0,0.0,1.0,0.0,0.0,0.0,0.0,0.0,0.0,0.0,0.0,0.0
2,3,0.0,0.0,0.0,1.0,0.0,0.0,0.0,0.0,0.0,0.0,0.0,0.0,0.0
2,3,0.0,0.0,0.0,1.0,0.0,0.0,0.0,0.0,0.0,0.0,0.0,0.0,0.0
2,3,0.0,0.0,0.0,1.0,0.0,0.0,0.0,0.0,0.0,0.0,0.0,0.0,0.0
2,3,0.0,0.0,0.0,1.0,0.0,0.0,0.0,0.0,0.0,0.0,0.0,0.0,0.0
2,3,0.0,0.0,0.0,1.0,0.0,0.0,0.0,0.0,0.0,0.0,0.0,0.0,0.0
2,3,0.0,0.0,0.0,1.0,0.0,0.0,0.0,0.0,0.0,0.0,0.0,0.0,0.0
2,3,0.0,0.0,0.0,1.0,0.0,0.0,0.0,0.0,0.0,0.0,0.0,0.0,0.0
2,3,0.0,0.0,0.0,1.0,0.0,0.0,0.0,0.0,0.0,0.0,0.0,0.0,0.0
2,3,0.0,0.0,0.0,1.0,0.0,0.0,0.0,0.0,0.0,0.0,0.0,0.0,0.0
2,3,0.0,0.0,0.0,1.0,0.0,0.0,0.0,0.0,0.0,0.0,0.0,0.0,0.0
2,3,0.0,0.0,0.0,1.0,0.0,0.0,0.0,0.0,0.0,0.0,0.0,0.0,0.0
2,3,0.0,0.0,0.0,1.0,0.0,0.0,0.0,0.0,0.0,0.0,0.0,0.0,0.0
2,3,0.0,0.0,0.0,1.0,0.0,0.0,0.0,0.0,0.0,0.0,0.0,0.0,0.0
2,3,0.0,0.0,0.0,1.0,0.0,0.0,0.0,0.0,0.0,0.0,0.0,0.0,0.0
2,3,0.0,0.0,0.0,1.0,0.0,0.0,0.0,0.0,0.0,0.0,0.0,0.0,0.0
2,3,0.0,0.0,0.0,1.0,0.0,0.0,0.0,0.0,0.0,0.0,0.0,0.0,0.0
2,3,0.0,0.0,0.0,1.0,0.0,0.0,0.0,0.0,0.0,0.0,0.0,0.0,0.0
2,3,0.0,0.0,0.0,1.0,0.0,0.0,0.0,0.0,0.0,0.0,0.0,0.0,0.0
2,3,0.0,0.0,0.0,1.0,0.0,0.0,0.0,0.0,0.0,0.0,0.0,0.0,0.0
2,3,0.0,0.0,0.0,1.0,0.0,0.0,0.0,0.0,0.0,0.0,0.0,0.0,0.0
2,3,0.0,0.0,0.0,1.0,0.0,0.0,0.0,0.0,0.0,0.0,0.0,0.0,0.0
2,3,0.0,0.0,0.0,1.0,0.0,0.0,0.0,0.0,0.0,0.0,0.0,0.0,0.0
2,3,0.0,0.0,0.0,1.0,0.0,0.0,0.0,0.0,0.0,0.0,0.0,0.0,0.0
2,3,0.0,0.0,0.0,1.0,0.0,0.0,0.0,0.0,0.0,0.0,0.0,0.0,0.0
2,3,0.0,0.0,0.0,1.0,0.0,0.0,0.0,0.0,0.0,0.0,0.0,0.0,0.0
2,3,0.0,0.0,0.0,1.0,0.0,0.0,0.0,0.0,0.0,0.0,0.0,0.0,0.0
2,3,0.0,0.0,0.0,1.0,0.0,0.0,0.0,0.0,0.0,0.0,0.0,0.0,0.0
2,3,0.0,0.0,0.0,1.0,0.0,0.0,0.0,0.0,0.0,0.0,0.0,0.0,0.0
2,3,0.0,0.0,0.0,1.0,0.0,0.0,0.0,0.0,0.0,0.0,0.0,0.0,0.0
2,3,0.0,0.0,0.0,1.0,0.0,0.0,0.0,0.0,0.0,0.0,0.0,0.0,0.0
2,3,0.0,0.0,0.0,1.0,0.0,0.0,0.0,0.0,0.0,0.0,0.0,0.0,0.0
2,3,0.0,0.0,0.0,1.0,0.0,0.0,0.0,0.0,0.0,0.0,0.0,0.0,0.0
2,3,0.0,0.0,0.0,1.0,0.0,0.0,0.0,0.0,0.0,0.0,0.0,0.0,0.0
2,3,0.0,0.0,0.0,1.0,0.0,0.0,0.0,0.0,0.0,0.0,0.0,0.0,0.0
2,3,0.0,0.0,0.0,1.0,0.0,0.0,0.0,0.0,0.0,0.0,0.0,0.0,0.0
2,3,0.0,0.0,0.0,1.0,0.0,0.0,0.0,0.0,0.0,0.0,0.0,0.0,0.0
2,3,0.0,0.0,0.0,1.0,0.0,0.0,0.0,0.0,0.0,0.0,0.0,0.0,0.0
2,3,0.0,0.0,0.0,1.0,0.0,0.0,0.0,0.0,0.0,0.0,0.0,0.0,0.0
2,3,0.0,0.0,0.0,1.0,0.0,0.0,0.0,0.0,0.0,0.0,0.0,0.0,0.0
2,3,0.0,0.0,0.0,1.0,0.0,0.0,0.0,0.0,0.0,0.0,0.0,0.0,0.0
2,3,0.0,0.0,0.0,1.0,0.0,0.0,0.0,0.0,0.0,0.0,0.0,0.0,0.0
2,3,0.0,0.0,0.0,1.0,0.0,0.0,0.0,0.0,0.0,0.0,0.0,0.0,0.0
2,3,0.0,0.0,0.0,1.0,0.0,0.0,0.0,0.0,0.0,0.0,0.0,0.0,0.0
2,3,0.0,0.0,0.0,1.0,0.0,0.0,0.0,0.0,0.0,0.0,0.0,0.0,0.0
2,3,0.0,0.0,0.0,1.0,0.0,0.0,0.0,0.0,0.0,0.0,0.0,0.0,0.0
2,3,0.0,0.0,0.0,1.0,0.0,0.0,0.0,0.0,0.0,0.0,0.0,0.0,0.0
2,3,0.0,0.0,0.0,1.0,0.0,0.0,0.0,0.0,0.0,0.0,0.0,0.0,0.0
2,3,0.0,0.0,0.0,1.0,0.0,0.0,0.0,0.0,0.0,0.0,0.0,0.0,0.0
2,3,0.0,0.0,0.0,1.0,0.0,0.0,0.0,0.0,0.0,0.0,0.0,0.0,0.0
2,3,0.0,0.0,0.0,1.0,0.0,0.0,0.0,0.0,0.0,0.0,0.0,0.0,0.0
2,3,0.0,0.0,0.0,1.0,0.0,0.0,0.0,0.0,0.0,0.0,0.0,0.0,0.0
2,3,0.0,0.0,0.0,1.0,0.0,0.0,0.0,0.0,0.0,0.0,0.0,0.0,0.0
2,3,0.0,0.0,0.0,1.0,0.0,0.0,0.0,0.0,0.0,0.0,0.0,0.0,0.0
2,3,0.0,0.0,0.0,1.0,0.0,0.0,0.0,0.0,0.0,0.0,0.0,0.0,0.0
2,3,0.0,0.0,0.0,1.0,0.0,0.0,0.0,0.0,0.0,0.0,0.0,0.0,0.0
2,3,0.0,0.0,0.0,1.0,0.0,0.0,0.0,0.0,0.0,0.0,0.0,0.0,0.0
2,3,0.0,0.0,0.0,1.0,0.0,0.0,0.0,0.0,0.0,0.0,0.0,0.0,0.0
2,3,0.0,0.0,0.0,1.0,0.0,0.0,0.0,0.0,0.0,0.0,0.0,0.0,0.0
2,3,0.0,0.0,0.0,1.0,0.0,0.0,0.0,0.0,0.0,0.0,0.0,0.0,0.0
2,3,0.0,0.0,0.0,1.0,0.0,0.0,0.0,0.0,0.0,0.0,0.0,0.0,0.0
2,3,0.0,0.0,0.0,1.0,0.0,0.0,0.0,0.0,0.0,0.0,0.0,0.0,0.0
2,3,0.0,0.0,0.0,1.0,0.0,0.0,0.0,0.0,0.0,0.0,0.0,0.0,0.0
2,3,0.0,0.0,0.0,1.0,0.0,0.0,0.0,0.0,0.0,0.0,0.0,0.0,0.0
2,3,0.0,0.0,0.0,1.0,0.0,0.0,0.0,0.0,0.0,0.0,0.0,0.0,0.0
2,3,0.0,0.0,0.0,1.0,0.0,0.0,0.0,0.0,0.0,0.0,0.0,0.0,0.0
2,3,0.0,0.0,0.0,1.0,0.0,0.0,0.0,0.0,0.0,0.0,0.0,0.0,0.0
2,3,0.0,0.0,0.0,1.0,0.0,0.0,0.0,0.0,0.0,0.0,0.0,0.0,0.0
2,3,0.0,0.0,0.0,1.0,0.0,0.0,0.0,0.0,0.0,0.0,0.0,0.0,0.0
2,3,0.0,0.0,0.0,1.0,0.0,0.0,0.0,0.0,0.0,0.0,0.0,0.0,0.0
2,3,0.0,0.0,0.0,1.0,0.0,0.0,0.0,0.0,0.0,0.0,0.0,0.0,0.0
2,3,0.0,0.0,0.0,1.0,0.0,0.0,0.0,0.0,0.0,0.0,0.0,0.0,0.0
2,3,0.0,0.0,0.0,1.0,0.0,0.0,0.0,0.0,0.0,0.0,0.0,0.0,0.0
2,3,0.0,0.0,0.0,1.0,0.0,0.0,0.0,0.0,0.0,0.0,0.0,0.0,0.0
2,3,0.0,0.0,0.0,1.0,0.0,0.0,0.0,0.0,0.0,0.0,0.0,0.0,0.0
2,3,0.0,0.0,0.0,1.0,0.0,0.0,0.0,0.0,0.0,0.0,0.0,0.0,0.0
2,3,0.0,0.0,0.0,1.0,0.0,0.0,0.0,0.0,0.0,0.0,0.0,0.0,0.0
2,3,0.0,0.0,0.0,1.0,0.0,0.0,0.0,0.0,0.0,0.0,0.0,0.0,0.0
2,3,0.0,0.0,0.0,1.0,0.0,0.0,0.0,0.0,0.0,0.0,0.0,0.0,0.0
2,3,0.0,0.0,0.0,1.0,0.0,0.0,0.0,0.0,0.0,0.0,0.0,0.0,0.0
2,3,0.0,0.0,0.0,1.0,0.0,0.0,0.0,0.0,0.0,0.0,0.0,0.0,0.0
2,3,0.0,0.0,0.0,1.0,0.0,0.0,0.0,0.0,0.0,0.0,0.0,0.0,0.0
2,3,0.0,0.0,0.0,1.0,0.0,0.0,0.0,0.0,0.0,0.0,0.0,0.0,0.0
2,3,0.0,0.0,0.0,1.0,0.0,0.0,0.0,0.0,0.0,0.0,0.0,0.0,0.0
2,3,0.0,0.0,0.0,1.0,0.0,0.0,0.0,0.0,0.0,0.0,0.0,0.0,0.0
2,3,0.0,0.0,0.0,1.0,0.0,0.0,0.0,0.0,0.0,0.0,0.0,0.0,0.0
2,3,0.0,0.0,0.0,1.0,0.0,0.0,0.0,0.0,0.0,0.0,0.0,0.0,0.0
2,3,0.0,0.0,0.0,1.0,0.0,0.0,0.0,0.0,0.0,0.0,0.0,0.0,0.0
2,3,0.0,0.0,0.0,1.0,0.0,0.0,0.0,0.0,0.0,0.0,0.0,0.0,0.0
2,3,0.0,0.0,0.0,1.0,0.0,0.0,0.0,0.0,0.0,0.0,0.0,0.0,0.0
2,3,0.0,0.0,0.0,1.0,0.0,0.0,0.0,0.0,0.0,0.0,0.0,0.0,0.0
2,3,0.0,0.0,0.0,1.0,0.0,0.0,0.0,0.0,0.0,0.0,0.0,0.0,0.0
2,3,0.0,0.0,0.0,1.0,0.0,0.0,0.0,0.0,0.0,0.0,0.0,0.0,0.0
2,3,0.0,0.0,0.0,1.0,0.0,0.0,0.0,0.0,0.0,0.0,0.0,0.0,0.0
2,3,0.0,0.0,0.0,1.0,0.0,0.0,0.0,0.0,0.0,0.0,0.0,0.0,0.0
2,3,0.0,0.0,0.0,1.0,0.0,0.0,0.0,0.0,0.0,0.0,0.0,0.0,0.0
2,3,0.0,0.0,0.0,1.0,0.0,0.0,0.0,0.0,0.0,0.0,0.0,0.0,0.0
2,3,0.0,0.0,0.0,1.0,0.0,0.0,0.0,0.0,0.0,0.0,0.0,0.0,0.0
2,3,0.0,0.0,0.0,1.0,0.0,0.0,0.0,0.0,0.0,0.0,0.0,0.0,0.0
2,3,0.0,0.0,0.0,1.0,0.0,0.0,0.0,0.0,0.0,0.0,0.0,0.0,0.0
2,3,0.0,0.0,0.0,1.0,0.0,0.0,0.0,0.0,0.0,0.0,0.0,0.0,0.0
2,3,0.0,0.0,0.0,1.0,0.0,0.0,0.0,0.0,0.0,0.0,0.0,0.0,0.0
2,3,0.0,0.0,0.0,1.0,0.0,0.0,0.0,0.0,0.0,0.0,0.0,0.0,0.0
2,3,0.0,0.0,0.0,1.0,0.0,0.0,0.0,0.0,0.0,0.0,0.0,0.0,0.0
2,3,0.0,0.0,0.0,1.0,0.0,0.0,0.0,0.0,0.0,0.0,0.0,0.0,0.0
2,3,0.0,0.0,0.0,1.0,0.0,0.0,0.0,0.0,0.0,0.0,0.0,0.0,0.0
2,3,0.0,0.0,0.0,1.0,0.0,0.0,0.0,0.0,0.0,0.0,0.0,0.0,0.0
2,3,0.0,0.0,0.0,1.0,0.0,0.0,0.0,0.0,0.0,0.0,0.0,0.0,0.0
2,3,0.0,0.0,0.0,1.0,0.0,0.0,0.0,0.0,0.0,0.0,0.0,0.0,0.0
2,3,0.0,0.0,0.0,1.0,0.0,0.0,0.0,0.0,0.0,0.0,0.0,0.0,0.0
2,3,0.0,0.0,0.0,1.0,0.0,0.0,0.0,0.0,0.0,0.0,0.0,0.0,0.0
2,3,0.0,0.0,0.0,1.0,0.0,0.0,0.0,0.0,0.0,0.0,0.0,0.0,0.0
2,3,0.0,0.0,0.0,1.0,0.0,0.0,0.0,0.0,0.0,0.0,0.0,0.0,0.0
2,3,0.0,0.0,0.0,1.0,0.0,0.0,0.0,0.0,0.0,0.0,0.0,0.0,0.0
2,3,0.0,0.0,0.0,1.0,0.0,0.0,0.0,0.0,0.0,0.0,0.0,0.0,0.0
2,3,0.0,0.0,0.0,1.0,0.0,0.0,0.0,0.0,0.0,0.0,0.0,0.0,0.0
2,3,0.0,0.0,0.0,1.0,0.0,0.0,0.0,0.0,0.0,0.0,0.0,0.0,0.0
2,3,0.0,0.0,0.0,1.0,0.0,0.0,0.0,0.0,0.0,0.0,0.0,0.0,0.0
2,3,0.0,0.0,0.0,1.0,0.0,0.0,0.0,0.0,0.0,0.0,0.0,0.0,0.0
2,3,0.0,0.0,0.0,1.0,0.0,0.0,0.0,0.0,0.0,0.0,0.0,0.0,0.0
2,3,0.0,0.0,0.0,1.0,0.0,0.0,0.0,0.0,0.0,0.0,0.0,0.0,0.0
2,3,0.0,0.0,0.0,1.0,0.0,0.0,0.0,0.0,0.0,0.0,0.0,0.0,0.0
2,3,0.0,0.0,0.0,1.0,0.0,0.0,0.0,0.0,0.0,0.0,0.0,0.0,0.0
2,3,0.0,0.0,0.0,1.0,0.0,0.0,0.0,0.0,0.0,0.0,0.0,0.0,0.0
2,3,0.0,0.0,0.0,1.0,0.0,0.0,0.0,0.0,0.0,0.0,0.0,0.0,0.0
2,3,0.0,0.0,0.0,1.0,0.0,0.0,0.0,0.0,0.0,0.0,0.0,0.0,0.0
2,3,0.0,0.0,0.0,1.0,0.0,0.0,0.0,0.0,0.0,0.0,0.0,0.0,0.0
2,3,0.0,0.0,0.0,1.0,0.0,0.0,0.0,0.0,0.0,0.0,0.0,0.0,0.0
2,3,0.0,0.0,0.0,1.0,0.0,0.0,0.0,0.0,0.0,0.0,0.0,0.0,0.0
2,3,0.0,0.0,0.0,1.0,0.0,0.0,0.0,0.0,0.0,0.0,0.0,0.0,0.0
2,3,0.0,0.0,0.0,1.0,0.0,0.0,0.0,0.0,0.0,0.0,0.0,0.0,0.0
2,3,0.0,0.0,0.0,1.0,0.0,0.0,0.0,0.0,0.0,0.0,0.0,0.0,0.0
2,3,0.0,0.0,0.0,1.0,0.0,0.0,0.0,0.0,0.0,0.0,0.0,0.0,0.0
2,3,0.0,0.0,0.0,1.0,0.0,0.0,0.0,0.0,0.0,0.0,0.0,0.0,0.0
2,3,0.0,0.0,0.0,1.0,0.0,0.0,0.0,0.0,0.0,0.0,0.0,0.0,0.0
2,3,0.0,0.0,0.0,1.0,0.0,0.0,0.0,0.0,0.0,0.0,0.0,0.0,0.0
2,3,0.0,0.0,0.0,1.0,0.0,0.0,0.0,0.0,0.0,0.0,0.0,0.0,0.0
2,3,0.0,0.0,0.0,1.0,0.0,0.0,0.0,0.0,0.0,0.0,0.0,0.0,0.0
2,3,0.0,0.0,0.0,1.0,0.0,0.0,0.0,0.0,0.0,0.0,0.0,0.0,0.0
2,3,0.0,0.0,0.0,1.0,0.0,0.0,0.0,0.0,0.0,0.0,0.0,0.0,0.0
2,3,0.0,0.0,0.0,1.0,0.0,0.0,0.0,0.0,0.0,0.0,0.0,0.0,0.0
2,3,0.0,0.0,0.0,1.0,0.0,0.0,0.0,0.0,0.0,0.0,0.0,0.0,0.0
2,3,0.0,0.0,0.0,1.0,0.0,0.0,0.0,0.0,0.0,0.0,0.0,0.0,0.0
2,3,0.0,0.0,0.0,1.0,0.0,0.0,0.0,0.0,0.0,0.0,0.0,0.0,0.0
2,3,0.0,0.0,0.0,1.0,0.0,0.0,0.0,0.0,0.0,0.0,0.0,0.0,0.0
2,3,0.0,0.0,0.0,1.0,0.0,0.0,0.0,0.0,0.0,0.0,0.0,0.0,0.0
2,3,0.0,0.0,0.0,1.0,0.0,0.0,0.0,0.0,0.0,0.0,0.0,0.0,0.0
2,3,0.0,0.0,0.0,1.0,0.0,0.0,0.0,0.0,0.0,0.0,0.0,0.0,0.0
2,3,0.0,0.0,0.0,1.0,0.0,0.0,0.0,0.0,0.0,0.0,0.0,0.0,0.0
2,3,0.0,0.0,0.0,1.0,0.0,0.0,0.0,0.0,0.0,0.0,0.0,0.0,0.0
2,3,0.0,0.0,0.0,1.0,0.0,0.0,0.0,0.0,0.0,0.0,0.0,0.0,0.0
2,3,0.0,0.0,0.0,1.0,0.0,0.0,0.0,0.0,0.0,0.0,0.0,0.0,0.0
2,3,0.0,0.0,0.0,1.0,0.0,0.0,0.0,0.0,0.0,0.0,0.0,0.0,0.0
2,3,0.0,0.0,0.0,1.0,0.0,0.0,0.0,0.0,0.0,0.0,0.0,0.0,0.0
2,3,0.0,0.0,0.0,1.0,0.0,0.0,0.0,0.0,0.0,0.0,0.0,0.0,0.0
2,3,0.0,0.0,0.0,1.0,0.0,0.0,0.0,0.0,0.0,0.0,0.0,0.0,0.0
2,3,0.0,0.0,0.0,1.0,0.0,0.0,0.0,0.0,0.0,0.0,0.0,0.0,0.0
2,3,0.0,0.0,0.0,1.0,0.0,0.0,0.0,0.0,0.0,0.0,0.0,0.0,0.0
2,3,0.0,0.0,0.0,1.0,0.0,0.0,0.0,0.0,0.0,0.0,0.0,0.0,0.0
2,3,0.0,0.0,0.0,1.0,0.0,0.0,0.0,0.0,0.0,0.0,0.0,0.0,0.0
2,3,0.0,0.0,0.0,1.0,0.0,0.0,0.0,0.0,0.0,0.0,0.0,0.0,0.0
2,3,0.0,0.0,0.0,1.0,0.0,0.0,0.0,0.0,0.0,0.0,0.0,0.0,0.0
2,3,0.0,0.0,0.0,1.0,0.0,0.0,0.0,0.0,0.0,0.0,0.0,0.0,0.0
2,3,0.0,0.0,0.0,1.0,0.0,0.0,0.0,0.0,0.0,0.0,0.0,0.0,0.0
2,3,0.0,0.0,0.0,1.0,0.0,0.0,0.0,0.0,0.0,0.0,0.0,0.0,0.0
2,3,0.0,0.0,0.0,1.0,0.0,0.0,0.0,0.0,0.0,0.0,0.0,0.0,0.0
2,3,0.0,0.0,0.0,1.0,0.0,0.0,0.0,0.0,0.0,0.0,0.0,0.0,0.0
2,3,0.0,0.0,0.0,1.0,0.0,0.0,0.0,0.0,0.0,0.0,0.0,0.0,0.0
2,3,0.0,0.0,0.0,1.0,0.0,0.0,0.0,0.0,0.0,0.0,0.0,0.0,0.0
2,3,0.0,0.0,0.0,1.0,0.0,0.0,0.0,0.0,0.0,0.0,0.0,0.0,0.0
2,3,0.0,0.0,0.0,1.0,0.0,0.0,0.0,0.0,0.0,0.0,0.0,0.0,0.0
2,3,0.0,0.0,0.0,1.0,0.0,0.0,0.0,0.0,0.0,0.0,0.0,0.0,0.0
2,3,0.0,0.0,0.0,1.0,0.0,0.0,0.0,0.0,0.0,0.0,0.0,0.0,0.0
2,3,0.0,0.0,0.0,1.0,0.0,0.0,0.0,0.0,0.0,0.0,0.0,0.0,0.0
2,3,0.0,0.0,0.0,1.0,0.0,0.0,0.0,0.0,0.0,0.0,0.0,0.0,0.0
2,3,0.0,0.0,0.0,1.0,0.0,0.0,0.0,0.0,0.0,0.0,0.0,0.0,0.0
2,3,0.0,0.0,0.0,1.0,0.0,0.0,0.0,0.0,0.0,0.0,0.0,0.0,0.0
2,3,0.0,0.0,0.0,1.0,0.0,0.0,0.0,0.0,0.0,0.0,0.0,0.0,0.0
2,3,0.0,0.0,0.0,1.0,0.0,0.0,0.0,0.0,0.0,0.0,0.0,0.0,0.0
2,3,0.0,0.0,0.0,1.0,0.0,0.0,0.0,0.0,0.0,0.0,0.0,0.0,0.0
2,3,0.0,0.0,0.0,1.0,0.0,0.0,0.0,0.0,0.0,0.0,0.0,0.0,0.0
2,3,0.0,0.0,0.0,1.0,0.0,0.0,0.0,0.0,0.0,0.0,0.0,0.0,0.0
2,3,0.0,0.0,0.0,1.0,0.0,0.0,0.0,0.0,0.0,0.0,0.0,0.0,0.0
2,3,0.0,0.0,0.0,1.0,0.0,0.0,0.0,0.0,0.0,0.0,0.0,0.0,0.0
2,3,0.0,0.0,0.0,1.0,0.0,0.0,0.0,0.0,0.0,0.0,0.0,0.0,0.0
2,3,0.0,0.0,0.0,1.0,0.0,0.0,0.0,0.0,0.0,0.0,0.0,0.0,0.0
2,3,0.0,0.0,0.0,1.0,0.0,0.0,0.0,0.0,0.0,0.0,0.0,0.0,0.0
2,3,0.0,0.0,0.0,1.0,0.0,0.0,0.0,0.0,0.0,0.0,0.0,0.0,0.0
2,3,0.0,0.0,0.0,1.0,0.0,0.0,0.0,0.0,0.0,0.0,0.0,0.0,0.0
2,3,0.0,0.0,0.0,1.0,0.0,0.0,0.0,0.0,0.0,0.0,0.0,0.0,0.0
2,3,0.0,0.0,0.0,1.0,0.0,0.0,0.0,0.0,0.0,0.0,0.0,0.0,0.0
2,3,0.0,0.0,0.0,1.0,0.0,0.0,0.0,0.0,0.0,0.0,0.0,0.0,0.0
2,3,0.0,0.0,0.0,1.0,0.0,0.0,0.0,0.0,0.0,0.0,0.0,0.0,0.0
2,3,0.0,0.0,0.0,1.0,0.0,0.0,0.0,0.0,0.0,0.0,0.0,0.0,0.0
2,3,0.0,0.0,0.0,1.0,0.0,0.0,0.0,0.0,0.0,0.0,0.0,0.0,0.0
2,3,0.0,0.0,0.0,1.0,0.0,0.0,0.0,0.0,0.0,0.0,0.0,0.0,0.0
2,3,0.0,0.0,0.0,1.0,0.0,0.0,0.0,0.0,0.0,0.0,0.0,0.0,0.0
2,3,0.0,0.0,0.0,1.0,0.0,0.0,0.0,0.0,0.0,0.0,0.0,0.0,0.0
2,3,0.0,0.0,0.0,1.0,0.0,0.0,0.0,0.0,0.0,0.0,0.0,0.0,0.0
2,3,0.0,0.0,0.0,1.0,0.0,0.0,0.0,0.0,0.0,0.0,0.0,0.0,0.0
2,3,0.0,0.0,0.0,1.0,0.0,0.0,0.0,0.0,0.0,0.0,0.0,0.0,0.0
2,3,0.0,0.0,0.0,1.0,0.0,0.0,0.0,0.0,0.0,0.0,0.0,0.0,0.0
2,3,0.0,0.0,0.0,1.0,0.0,0.0,0.0,0.0,0.0,0.0,0.0,0.0,0.0
2,3,0.0,0.0,0.0,1.0,0.0,0.0,0.0,0.0,0.0,0.0,0.0,0.0,0.0
2,3,0.0,0.0,0.0,1.0,0.0,0.0,0.0,0.0,0.0,0.0,0.0,0.0,0.0
2,3,0.0,0.0,0.0,1.0,0.0,0.0,0.0,0.0,0.0,0.0,0.0,0.0,0.0
2,3,0.0,0.0,0.0,1.0,0.0,0.0,0.0,0.0,0.0,0.0,0.0,0.0,0.0
2,3,0.0,0.0,0.0,1.0,0.0,0.0,0.0,0.0,0.0,0.0,0.0,0.0,0.0
2,3,0.0,0.0,0.0,1.0,0.0,0.0,0.0,0.0,0.0,0.0,0.0,0.0,0.0
2,3,0.0,0.0,0.0,1.0,0.0,0.0,0.0,0.0,0.0,0.0,0.0,0.0,0.0
2,3,0.0,0.0,0.0,1.0,0.0,0.0,0.0,0.0,0.0,0.0,0.0,0.0,0.0
2,3,0.0,0.0,0.0,1.0,0.0,0.0,0.0,0.0,0.0,0.0,0.0,0.0,0.0
2,3,0.0,0.0,0.0,1.0,0.0,0.0,0.0,0.0,0.0,0.0,0.0,0.0,0.0
2,3,0.0,0.0,0.0,1.0,0.0,0.0,0.0,0.0,0.0,0.0,0.0,0.0,0.0
2,3,0.0,0.0,0.0,1.0,0.0,0.0,0.0,0.0,0.0,0.0,0.0,0.0,0.0
2,3,0.0,0.0,0.0,1.0,0.0,0.0,0.0,0.0,0.0,0.0,0.0,0.0,0.0
2,3,0.0,0.0,0.0,1.0,0.0,0.0,0.0,0.0,0.0,0.0,0.0,0.0,0.0
2,3,0.0,0.0,0.0,1.0,0.0,0.0,0.0,0.0,0.0,0.0,0.0,0.0,0.0
2,3,0.0,0.0,0.0,1.0,0.0,0.0,0.0,0.0,0.0,0.0,0.0,0.0,0.0
2,3,0.0,0.0,0.0,1.0,0.0,0.0,0.0,0.0,0.0,0.0,0.0,0.0,0.0
2,3,0.0,0.0,0.0,1.0,0.0,0.0,0.0,0.0,0.0,0.0,0.0,0.0,0.0
2,3,0.0,0.0,0.0,1.0,0.0,0.0,0.0,0.0,0.0,0.0,0.0,0.0,0.0
2,3,0.0,0.0,0.0,1.0,0.0,0.0,0.0,0.0,0.0,0.0,0.0,0.0,0.0
2,3,0.0,0.0,0.0,1.0,0.0,0.0,0.0,0.0,0.0,0.0,0.0,0.0,0.0
2,3,0.0,0.0,0.0,1.0,0.0,0.0,0.0,0.0,0.0,0.0,0.0,0.0,0.0
2,3,0.0,0.0,0.0,1.0,0.0,0.0,0.0,0.0,0.0,0.0,0.0,0.0,0.0
2,3,0.0,0.0,0.0,1.0,0.0,0.0,0.0,0.0,0.0,0.0,0.0,0.0,0.0
2,3,0.0,0.0,0.0,1.0,0.0,0.0,0.0,0.0,0.0,0.0,0.0,0.0,0.0
2,3,0.0,0.0,0.0,1.0,0.0,0.0,0.0,0.0,0.0,0.0,0.0,0.0,0.0
2,3,0.0,0.0,0.0,1.0,0.0,0.0,0.0,0.0,0.0,0.0,0.0,0.0,0.0
2,3,0.0,0.0,0.0,1.0,0.0,0.0,0.0,0.0,0.0,0.0,0.0,0.0,0.0
2,3,0.0,0.0,0.0,1.0,0.0,0.0,0.0,0.0,0.0,0.0,0.0,0.0,0.0
2,3,0.0,0.0,0.0,1.0,0.0,0.0,0.0,0.0,0.0,0.0,0.0,0.0,0.0
2,3,0.0,0.0,0.0,1.0,0.0,0.0,0.0,0.0,0.0,0.0,0.0,0.0,0.0
2,3,0.0,0.0,0.0,1.0,0.0,0.0,0.0,0.0,0.0,0.0,0.0,0.0,0.0
2,3,0.0,0.0,0.0,1.0,0.0,0.0,0.0,0.0,0.0,0.0,0.0,0.0,0.0
2,3,0.0,0.0,0.0,1.0,0.0,0.0,0.0,0.0,0.0,0.0,0.0,0.0,0.0
2,3,0.0,0.0,0.0,1.0,0.0,0.0,0.0,0.0,0.0,0.0,0.0,0.0,0.0
2,3,0.0,0.0,0.0,1.0,0.0,0.0,0.0,0.0,0.0,0.0,0.0,0.0,0.0
2,3,0.0,0.0,0.0,1.0,0.0,0.0,0.0,0.0,0.0,0.0,0.0,0.0,0.0
2,3,0.0,0.0,0.0,1.0,0.0,0.0,0.0,0.0,0.0,0.0,0.0,0.0,0.0
2,3,0.0,0.0,0.0,1.0,0.0,0.0,0.0,0.0,0.0,0.0,0.0,0.0,0.0
2,3,0.0,0.0,0.0,1.0,0.0,0.0,0.0,0.0,0.0,0.0,0.0,0.0,0.0
2,3,0.0,0.0,0.0,1.0,0.0,0.0,0.0,0.0,0.0,0.0,0.0,0.0,0.0
2,3,0.0,0.0,0.0,1.0,0.0,0.0,0.0,0.0,0.0,0.0,0.0,0.0,0.0
2,3,0.0,0.0,0.0,1.0,0.0,0.0,0.0,0.0,0.0,0.0,0.0,0.0,0.0
2,3,0.0,0.0,0.0,1.0,0.0,0.0,0.0,0.0,0.0,0.0,0.0,0.0,0.0
2,3,0.0,0.0,0.0,1.0,0.0,0.0,0.0,0.0,0.0,0.0,0.0,0.0,0.0
2,3,0.0,0.0,0.0,1.0,0.0,0.0,0.0,0.0,0.0,0.0,0.0,0.0,0.0
2,3,0.0,0.0,0.0,1.0,0.0,0.0,0.0,0.0,0.0,0.0,0.0,0.0,0.0
2,3,0.0,0.0,0.0,1.0,0.0,0.0,0.0,0.0,0.0,0.0,0.0,0.0,0.0
2,3,0.0,0.0,0.0,1.0,0.0,0.0,0.0,0.0,0.0,0.0,0.0,0.0,0.0
2,3,0.0,0.0,0.0,1.0,0.0,0.0,0.0,0.0,0.0,0.0,0.0,0.0,0.0
2,3,0.0,0.0,0.0,1.0,0.0,0.0,0.0,0.0,0.0,0.0,0.0,0.0,0.0
2,3,0.0,0.0,0.0,1.0,0.0,0.0,0.0,0.0,0.0,0.0,0.0,0.0,0.0
2,3,0.0,0.0,0.0,1.0,0.0,0.0,0.0,0.0,0.0,0.0,0.0,0.0,0.0
2,3,0.0,0.0,0.0,1.0,0.0,0.0,0.0,0.0,0.0,0.0,0.0,0.0,0.0
2,3,0.0,0.0,0.0,1.0,0.0,0.0,0.0,0.0,0.0,0.0,0.0,0.0,0.0
2,3,0.0,0.0,0.0,1.0,0.0,0.0,0.0,0.0,0.0,0.0,0.0,0.0,0.0
2,3,0.0,0.0,0.0,1.0,0.0,0.0,0.0,0.0,0.0,0.0,0.0,0.0,0.0
2,3,0.0,0.0,0.0,1.0,0.0,0.0,0.0,0.0,0.0,0.0,0.0,0.0,0.0
2,3,0.0,0.0,0.0,1.0,0.0,0.0,0.0,0.0,0.0,0.0,0.0,0.0,0.0
2,3,0.0,0.0,0.0,1.0,0.0,0.0,0.0,0.0,0.0,0.0,0.0,0.0,0.0
2,3,0.0,0.0,0.0,1.0,0.0,0.0,0.0,0.0,0.0,0.0,0.0,0.0,0.0
2,3,0.0,0.0,0.0,1.0,0.0,0.0,0.0,0.0,0.0,0.0,0.0,0.0,0.0
2,3,0.0,0.0,0.0,1.0,0.0,0.0,0.0,0.0,0.0,0.0,0.0,0.0,0.0
2,3,0.0,0.0,0.0,1.0,0.0,0.0,0.0,0.0,0.0,0.0,0.0,0.0,0.0
2,3,0.0,0.0,0.0,1.0,0.0,0.0,0.0,0.0,0.0,0.0,0.0,0.0,0.0
2,3,0.0,0.0,0.0,1.0,0.0,0.0,0.0,0.0,0.0,0.0,0.0,0.0,0.0
2,3,0.0,0.0,0.0,1.0,0.0,0.0,0.0,0.0,0.0,0.0,0.0,0.0,0.0
2,3,0.0,0.0,0.0,1.0,0.0,0.0,0.0,0.0,0.0,0.0,0.0,0.0,0.0
2,3,0.0,0.0,0.0,1.0,0.0,0.0,0.0,0.0,0.0,0.0,0.0,0.0,0.0
2,3,0.0,0.0,0.0,1.0,0.0,0.0,0.0,0.0,0.0,0.0,0.0,0.0,0.0
2,3,0.0,0.0,0.0,1.0,0.0,0.0,0.0,0.0,0.0,0.0,0.0,0.0,0.0
2,3,0.0,0.0,0.0,1.0,0.0,0.0,0.0,0.0,0.0,0.0,0.0,0.0,0.0
2,3,0.0,0.0,0.0,1.0,0.0,0.0,0.0,0.0,0.0,0.0,0.0,0.0,0.0
2,3,0.0,0.0,0.0,1.0,0.0,0.0,0.0,0.0,0.0,0.0,0.0,0.0,0.0
2,3,0.0,0.0,0.0,1.0,0.0,0.0,0.0,0.0,0.0,0.0,0.0,0.0,0.0
2,3,0.0,0.0,0.0,1.0,0.0,0.0,0.0,0.0,0.0,0.0,0.0,0.0,0.0
2,3,0.0,0.0,0.0,1.0,0.0,0.0,0.0,0.0,0.0,0.0,0.0,0.0,0.0
2,3,0.0,0.0,0.0,1.0,0.0,0.0,0.0,0.0,0.0,0.0,0.0,0.0,0.0
2,3,0.0,0.0,0.0,1.0,0.0,0.0,0.0,0.0,0.0,0.0,0.0,0.0,0.0
2,3,0.0,0.0,0.0,1.0,0.0,0.0,0.0,0.0,0.0,0.0,0.0,0.0,0.0
2,3,0.0,0.0,0.0,1.0,0.0,0.0,0.0,0.0,0.0,0.0,0.0,0.0,0.0
2,3,0.0,0.0,0.0,1.0,0.0,0.0,0.0,0.0,0.0,0.0,0.0,0.0,0.0
2,3,0.0,0.0,0.0,1.0,0.0,0.0,0.0,0.0,0.0,0.0,0.0,0.0,0.0
2,3,0.0,0.0,0.0,1.0,0.0,0.0,0.0,0.0,0.0,0.0,0.0,0.0,0.0
2,3,0.0,0.0,0.0,1.0,0.0,0.0,0.0,0.0,0.0,0.0,0.0,0.0,0.0
2,3,0.0,0.0,0.0,1.0,0.0,0.0,0.0,0.0,0.0,0.0,0.0,0.0,0.0
2,3,0.0,0.0,0.0,1.0,0.0,0.0,0.0,0.0,0.0,0.0,0.0,0.0,0.0
2,3,0.0,0.0,0.0,1.0,0.0,0.0,0.0,0.0,0.0,0.0,0.0,0.0,0.0
2,3,0.0,0.0,0.0,1.0,0.0,0.0,0.0,0.0,0.0,0.0,0.0,0.0,0.0
2,3,0.0,0.0,0.0,1.0,0.0,0.0,0.0,0.0,0.0,0.0,0.0,0.0,0.0
2,3,0.0,0.0,0.0,1.0,0.0,0.0,0.0,0.0,0.0,0.0,0.0,0.0,0.0
2,3,0.0,0.0,0.0,1.0,0.0,0.0,0.0,0.0,0.0,0.0,0.0,0.0,0.0
2,3,0.0,0.0,0.0,1.0,0.0,0.0,0.0,0.0,0.0,0.0,0.0,0.0,0.0
2,3,0.0,0.0,0.0,1.0,0.0,0.0,0.0,0.0,0.0,0.0,0.0,0.0,0.0
2,3,0.0,0.0,0.0,1.0,0.0,0.0,0.0,0.0,0.0,0.0,0.0,0.0,0.0
2,3,0.0,0.0,0.0,1.0,0.0,0.0,0.0,0.0,0.0,0.0,0.0,0.0,0.0
2,3,0.0,0.0,0.0,1.0,0.0,0.0,0.0,0.0,0.0,0.0,0.0,0.0,0.0
2,3,0.0,0.0,0.0,1.0,0.0,0.0,0.0,0.0,0.0,0.0,0.0,0.0,0.0
2,3,0.0,0.0,0.0,1.0,0.0,0.0,0.0,0.0,0.0,0.0,0.0,0.0,0.0
2,3,0.0,0.0,0.0,1.0,0.0,0.0,0.0,0.0,0.0,0.0,0.0,0.0,0.0
2,3,0.0,0.0,0.0,1.0,0.0,0.0,0.0,0.0,0.0,0.0,0.0,0.0,0.0
2,3,0.0,0.0,0.0,1.0,0.0,0.0,0.0,0.0,0.0,0.0,0.0,0.0,0.0
2,3,0.0,0.0,0.0,1.0,0.0,0.0,0.0,0.0,0.0,0.0,0.0,0.0,0.0
2,3,0.0,0.0,0.0,1.0,0.0,0.0,0.0,0.0,0.0,0.0,0.0,0.0,0.0
2,3,0.0,0.0,0.0,1.0,0.0,0.0,0.0,0.0,0.0,0.0,0.0,0.0,0.0
2,3,0.0,0.0,0.0,1.0,0.0,0.0,0.0,0.0,0.0,0.0,0.0,0.0,0.0
2,3,0.0,0.0,0.0,1.0,0.0,0.0,0.0,0.0,0.0,0.0,0.0,0.0,0.0
2,3,0.0,0.0,0.0,1.0,0.0,0.0,0.0,0.0,0.0,0.0,0.0,0.0,0.0
2,3,0.0,0.0,0.0,1.0,0.0,0.0,0.0,0.0,0.0,0.0,0.0,0.0,0.0
2,3,0.0,0.0,0.0,1.0,0.0,0.0,0.0,0.0,0.0,0.0,0.0,0.0,0.0
2,3,0.0,0.0,0.0,1.0,0.0,0.0,0.0,0.0,0.0,0.0,0.0,0.0,0.0
2,3,0.0,0.0,0.0,1.0,0.0,0.0,0.0,0.0,0.0,0.0,0.0,0.0,0.0
2,3,0.0,0.0,0.0,1.0,0.0,0.0,0.0,0.0,0.0,0.0,0.0,0.0,0.0
2,3,0.0,0.0,0.0,1.0,0.0,0.0,0.0,0.0,0.0,0.0,0.0,0.0,0.0
2,3,0.0,0.0,0.0,1.0,0.0,0.0,0.0,0.0,0.0,0.0,0.0,0.0,0.0
2,3,0.0,0.0,0.0,1.0,0.0,0.0,0.0,0.0,0.0,0.0,0.0,0.0,0.0
2,3,0.0,0.0,0.0,1.0,0.0,0.0,0.0,0.0,0.0,0.0,0.0,0.0,0.0
2,3,0.0,0.0,0.0,1.0,0.0,0.0,0.0,0.0,0.0,0.0,0.0,0.0,0.0
2,3,0.0,0.0,0.0,1.0,0.0,0.0,0.0,0.0,0.0,0.0,0.0,0.0,0.0
2,3,0.0,0.0,0.0,1.0,0.0,0.0,0.0,0.0,0.0,0.0,0.0,0.0,0.0
2,3,0.0,0.0,0.0,1.0,0.0,0.0,0.0,0.0,0.0,0.0,0.0,0.0,0.0
2,3,0.0,0.0,0.0,1.0,0.0,0.0,0.0,0.0,0.0,0.0,0.0,0.0,0.0
2,3,0.0,0.0,0.0,1.0,0.0,0.0,0.0,0.0,0.0,0.0,0.0,0.0,0.0
2,3,0.0,0.0,0.0,1.0,0.0,0.0,0.0,0.0,0.0,0.0,0.0,0.0,0.0
2,3,0.0,0.0,0.0,1.0,0.0,0.0,0.0,0.0,0.0,0.0,0.0,0.0,0.0
2,3,0.0,0.0,0.0,1.0,0.0,0.0,0.0,0.0,0.0,0.0,0.0,0.0,0.0
2,3,0.0,0.0,0.0,1.0,0.0,0.0,0.0,0.0,0.0,0.0,0.0,0.0,0.0
2,3,0.0,0.0,0.0,1.0,0.0,0.0,0.0,0.0,0.0,0.0,0.0,0.0,0.0
2,3,0.0,0.0,0.0,1.0,0.0,0.0,0.0,0.0,0.0,0.0,0.0,0.0,0.0
2,3,0.0,0.0,0.0,1.0,0.0,0.0,0.0,0.0,0.0,0.0,0.0,0.0,0.0
2,3,0.0,0.0,0.0,1.0,0.0,0.0,0.0,0.0,0.0,0.0,0.0,0.0,0.0
2,3,0.0,0.0,0.0,1.0,0.0,0.0,0.0,0.0,0.0,0.0,0.0,0.0,0.0
2,3,0.0,0.0,0.0,1.0,0.0,0.0,0.0,0.0,0.0,0.0,0.0,0.0,0.0
2,3,0.0,0.0,0.0,1.0,0.0,0.0,0.0,0.0,0.0,0.0,0.0,0.0,0.0
2,3,0.0,0.0,0.0,1.0,0.0,0.0,0.0,0.0,0.0,0.0,0.0,0.0,0.0
2,3,0.0,0.0,0.0,1.0,0.0,0.0,0.0,0.0,0.0,0.0,0.0,0.0,0.0
2,3,0.0,0.0,0.0,1.0,0.0,0.0,0.0,0.0,0.0,0.0,0.0,0.0,0.0
2,3,0.0,0.0,0.0,1.0,0.0,0.0,0.0,0.0,0.0,0.0,0.0,0.0,0.0
2,3,0.0,0.0,0.0,1.0,0.0,0.0,0.0,0.0,0.0,0.0,0.0,0.0,0.0
2,3,0.0,0.0,0.0,1.0,0.0,0.0,0.0,0.0,0.0,0.0,0.0,0.0,0.0
2,3,0.0,0.0,0.0,1.0,0.0,0.0,0.0,0.0,0.0,0.0,0.0,0.0,0.0
2,3,0.0,0.0,0.0,1.0,0.0,0.0,0.0,0.0,0.0,0.0,0.0,0.0,0.0
2,3,0.0,0.0,0.0,1.0,0.0,0.0,0.0,0.0,0.0,0.0,0.0,0.0,0.0
2,3,0.0,0.0,0.0,1.0,0.0,0.0,0.0,0.0,0.0,0.0,0.0,0.0,0.0
2,3,0.0,0.0,0.0,1.0,0.0,0.0,0.0,0.0,0.0,0.0,0.0,0.0,0.0
2,3,0.0,0.0,0.0,1.0,0.0,0.0,0.0,0.0,0.0,0.0,0.0,0.0,0.0
2,3,0.0,0.0,0.0,1.0,0.0,0.0,0.0,0.0,0.0,0.0,0.0,0.0,0.0
2,3,0.0,0.0,0.0,1.0,0.0,0.0,0.0,0.0,0.0,0.0,0.0,0.0,0.0
2,3,0.0,0.0,0.0,1.0,0.0,0.0,0.0,0.0,0.0,0.0,0.0,0.0,0.0
2,3,0.0,0.0,0.0,1.0,0.0,0.0,0.0,0.0,0.0,0.0,0.0,0.0,0.0
2,3,0.0,0.0,0.0,1.0,0.0,0.0,0.0,0.0,0.0,0.0,0.0,0.0,0.0
2,3,0.0,0.0,0.0,1.0,0.0,0.0,0.0,0.0,0.0,0.0,0.0,0.0,0.0
2,3,0.0,0.0,0.0,1.0,0.0,0.0,0.0,0.0,0.0,0.0,0.0,0.0,0.0
2,3,0.0,0.0,0.0,1.0,0.0,0.0,0.0,0.0,0.0,0.0,0.0,0.0,0.0
2,3,0.0,0.0,0.0,1.0,0.0,0.0,0.0,0.0,0.0,0.0,0.0,0.0,0.0
2,3,0.0,0.0,0.0,1.0,0.0,0.0,0.0,0.0,0.0,0.0,0.0,0.0,0.0
2,3,0.0,0.0,0.0,1.0,0.0,0.0,0.0,0.0,0.0,0.0,0.0,0.0,0.0
2,3,0.0,0.0,0.0,1.0,0.0,0.0,0.0,0.0,0.0,0.0,0.0,0.0,0.0
2,3,0.0,0.0,0.0,1.0,0.0,0.0,0.0,0.0,0.0,0.0,0.0,0.0,0.0
2,3,0.0,0.0,0.0,1.0,0.0,0.0,0.0,0.0,0.0,0.0,0.0,0.0,0.0
2,3,0.0,0.0,0.0,1.0,0.0,0.0,0.0,0.0,0.0,0.0,0.0,0.0,0.0
2,3,0.0,0.0,0.0,1.0,0.0,0.0,0.0,0.0,0.0,0.0,0.0,0.0,0.0
2,3,0.0,0.0,0.0,1.0,0.0,0.0,0.0,0.0,0.0,0.0,0.0,0.0,0.0
2,3,0.0,0.0,0.0,1.0,0.0,0.0,0.0,0.0,0.0,0.0,0.0,0.0,0.0
2,3,0.0,0.0,0.0,1.0,0.0,0.0,0.0,0.0,0.0,0.0,0.0,0.0,0.0
2,3,0.0,0.0,0.0,1.0,0.0,0.0,0.0,0.0,0.0,0.0,0.0,0.0,0.0
2,3,0.0,0.0,0.0,1.0,0.0,0.0,0.0,0.0,0.0,0.0,0.0,0.0,0.0
2,3,0.0,0.0,0.0,1.0,0.0,0.0,0.0,0.0,0.0,0.0,0.0,0.0,0.0
2,3,0.0,0.0,0.0,1.0,0.0,0.0,0.0,0.0,0.0,0.0,0.0,0.0,0.0
2,3,0.0,0.0,0.0,1.0,0.0,0.0,0.0,0.0,0.0,0.0,0.0,0.0,0.0
2,3,0.0,0.0,0.0,1.0,0.0,0.0,0.0,0.0,0.0,0.0,0.0,0.0,0.0
2,3,0.0,0.0,0.0,1.0,0.0,0.0,0.0,0.0,0.0,0.0,0.0,0.0,0.0
2,3,0.0,0.0,0.0,1.0,0.0,0.0,0.0,0.0,0.0,0.0,0.0,0.0,0.0
2,3,0.0,0.0,0.0,1.0,0.0,0.0,0.0,0.0,0.0,0.0,0.0,0.0,0.0
2,3,0.0,0.0,0.0,1.0,0.0,0.0,0.0,0.0,0.0,0.0,0.0,0.0,0.0
2,3,0.0,0.0,0.0,1.0,0.0,0.0,0.0,0.0,0.0,0.0,0.0,0.0,0.0
2,3,0.0,0.0,0.0,1.0,0.0,0.0,0.0,0.0,0.0,0.0,0.0,0.0,0.0
2,3,0.0,0.0,0.0,1.0,0.0,0.0,0.0,0.0,0.0,0.0,0.0,0.0,0.0
2,3,0.0,0.0,0.0,1.0,0.0,0.0,0.0,0.0,0.0,0.0,0.0,0.0,0.0
2,3,0.0,0.0,0.0,1.0,0.0,0.0,0.0,0.0,0.0,0.0,0.0,0.0,0.0
2,3,0.0,0.0,0.0,1.0,0.0,0.0,0.0,0.0,0.0,0.0,0.0,0.0,0.0
2,3,0.0,0.0,0.0,1.0,0.0,0.0,0.0,0.0,0.0,0.0,0.0,0.0,0.0
2,3,0.0,0.0,0.0,1.0,0.0,0.0,0.0,0.0,0.0,0.0,0.0,0.0,0.0
2,3,0.0,0.0,0.0,1.0,0.0,0.0,0.0,0.0,0.0,0.0,0.0,0.0,0.0
2,3,0.0,0.0,0.0,1.0,0.0,0.0,0.0,0.0,0.0,0.0,0.0,0.0,0.0
2,3,0.0,0.0,0.0,1.0,0.0,0.0,0.0,0.0,0.0,0.0,0.0,0.0,0.0
2,3,0.0,0.0,0.0,1.0,0.0,0.0,0.0,0.0,0.0,0.0,0.0,0.0,0.0
2,3,0.0,0.0,0.0,1.0,0.0,0.0,0.0,0.0,0.0,0.0,0.0,0.0,0.0
2,3,0.0,0.0,0.0,1.0,0.0,0.0,0.0,0.0,0.0,0.0,0.0,0.0,0.0
2,3,0.0,0.0,0.0,1.0,0.0,0.0,0.0,0.0,0.0,0.0,0.0,0.0,0.0
2,3,0.0,0.0,0.0,1.0,0.0,0.0,0.0,0.0,0.0,0.0,0.0,0.0,0.0
2,3,0.0,0.0,0.0,1.0,0.0,0.0,0.0,0.0,0.0,0.0,0.0,0.0,0.0
2,3,0.0,0.0,0.0,1.0,0.0,0.0,0.0,0.0,0.0,0.0,0.0,0.0,0.0
2,3,0.0,0.0,0.0,1.0,0.0,0.0,0.0,0.0,0.0,0.0,0.0,0.0,0.0
2,3,0.0,0.0,0.0,1.0,0.0,0.0,0.0,0.0,0.0,0.0,0.0,0.0,0.0
2,3,0.0,0.0,0.0,1.0,0.0,0.0,0.0,0.0,0.0,0.0,0.0,0.0,0.0
2,3,0.0,0.0,0.0,1.0,0.0,0.0,0.0,0.0,0.0,0.0,0.0,0.0,0.0
2,3,0.0,0.0,0.0,1.0,0.0,0.0,0.0,0.0,0.0,0.0,0.0,0.0,0.0
2,3,0.0,0.0,0.0,1.0,0.0,0.0,0.0,0.0,0.0,0.0,0.0,0.0,0.0
2,3,0.0,0.0,0.0,1.0,0.0,0.0,0.0,0.0,0.0,0.0,0.0,0.0,0.0
2,3,0.0,0.0,0.0,1.0,0.0,0.0,0.0,0.0,0.0,0.0,0.0,0.0,0.0
2,3,0.0,0.0,0.0,1.0,0.0,0.0,0.0,0.0,0.0,0.0,0.0,0.0,0.0
2,3,0.0,0.0,0.0,1.0,0.0,0.0,0.0,0.0,0.0,0.0,0.0,0.0,0.0
2,3,0.0,0.0,0.0,1.0,0.0,0.0,0.0,0.0,0.0,0.0,0.0,0.0,0.0
2,3,0.0,0.0,0.0,1.0,0.0,0.0,0.0,0.0,0.0,0.0,0.0,0.0,0.0
2,3,0.0,0.0,0.0,1.0,0.0,0.0,0.0,0.0,0.0,0.0,0.0,0.0,0.0
2,3,0.0,0.0,0.0,1.0,0.0,0.0,0.0,0.0,0.0,0.0,0.0,0.0,0.0
2,3,0.0,0.0,0.0,1.0,0.0,0.0,0.0,0.0,0.0,0.0,0.0,0.0,0.0
2,3,0.0,0.0,0.0,1.0,0.0,0.0,0.0,0.0,0.0,0.0,0.0,0.0,0.0
2,3,0.0,0.0,0.0,1.0,0.0,0.0,0.0,0.0,0.0,0.0,0.0,0.0,0.0
2,3,0.0,0.0,0.0,1.0,0.0,0.0,0.0,0.0,0.0,0.0,0.0,0.0,0.0
2,3,0.0,0.0,0.0,1.0,0.0,0.0,0.0,0.0,0.0,0.0,0.0,0.0,0.0
2,3,0.0,0.0,0.0,1.0,0.0,0.0,0.0,0.0,0.0,0.0,0.0,0.0,0.0
2,3,0.0,0.0,0.0,1.0,0.0,0.0,0.0,0.0,0.0,0.0,0.0,0.0,0.0
2,3,0.0,0.0,0.0,1.0,0.0,0.0,0.0,0.0,0.0,0.0,0.0,0.0,0.0
2,3,0.0,0.0,0.0,1.0,0.0,0.0,0.0,0.0,0.0,0.0,0.0,0.0,0.0
2,3,0.0,0.0,0.0,1.0,0.0,0.0,0.0,0.0,0.0,0.0,0.0,0.0,0.0
2,3,0.0,0.0,0.0,1.0,0.0,0.0,0.0,0.0,0.0,0.0,0.0,0.0,0.0
2,3,0.0,0.0,0.0,1.0,0.0,0.0,0.0,0.0,0.0,0.0,0.0,0.0,0.0
2,3,0.0,0.0,0.0,1.0,0.0,0.0,0.0,0.0,0.0,0.0,0.0,0.0,0.0
2,3,0.0,0.0,0.0,1.0,0.0,0.0,0.0,0.0,0.0,0.0,0.0,0.0,0.0
2,3,0.0,0.0,0.0,1.0,0.0,0.0,0.0,0.0,0.0,0.0,0.0,0.0,0.0
2,3,0.0,0.0,0.0,1.0,0.0,0.0,0.0,0.0,0.0,0.0,0.0,0.0,0.0
2,3,0.0,0.0,0.0,1.0,0.0,0.0,0.0,0.0,0.0,0.0,0.0,0.0,0.0
2,3,0.0,0.0,0.0,1.0,0.0,0.0,0.0,0.0,0.0,0.0,0.0,0.0,0.0
2,3,0.0,0.0,0.0,1.0,0.0,0.0,0.0,0.0,0.0,0.0,0.0,0.0,0.0
2,3,0.0,0.0,0.0,1.0,0.0,0.0,0.0,0.0,0.0,0.0,0.0,0.0,0.0
2,3,0.0,0.0,0.0,1.0,0.0,0.0,0.0,0.0,0.0,0.0,0.0,0.0,0.0
2,3,0.0,0.0,0.0,1.0,0.0,0.0,0.0,0.0,0.0,0.0,0.0,0.0,0.0
2,3,0.0,0.0,0.0,1.0,0.0,0.0,0.0,0.0,0.0,0.0,0.0,0.0,0.0
2,3,0.0,0.0,0.0,1.0,0.0,0.0,0.0,0.0,0.0,0.0,0.0,0.0,0.0
2,3,0.0,0.0,0.0,1.0,0.0,0.0,0.0,0.0,0.0,0.0,0.0,0.0,0.0
2,3,0.0,0.0,0.0,1.0,0.0,0.0,0.0,0.0,0.0,0.0,0.0,0.0,0.0
2,3,0.0,0.0,0.0,1.0,0.0,0.0,0.0,0.0,0.0,0.0,0.0,0.0,0.0
2,3,0.0,0.0,0.0,1.0,0.0,0.0,0.0,0.0,0.0,0.0,0.0,0.0,0.0
2,3,0.0,0.0,0.0,1.0,0.0,0.0,0.0,0.0,0.0,0.0,0.0,0.0,0.0
2,3,0.0,0.0,0.0,1.0,0.0,0.0,0.0,0.0,0.0,0.0,0.0,0.0,0.0
2,3,0.0,0.0,0.0,1.0,0.0,0.0,0.0,0.0,0.0,0.0,0.0,0.0,0.0
2,3,0.0,0.0,0.0,1.0,0.0,0.0,0.0,0.0,0.0,0.0,0.0,0.0,0.0
2,3,0.0,0.0,0.0,1.0,0.0,0.0,0.0,0.0,0.0,0.0,0.0,0.0,0.0
2,3,0.0,0.0,0.0,1.0,0.0,0.0,0.0,0.0,0.0,0.0,0.0,0.0,0.0
2,3,0.0,0.0,0.0,1.0,0.0,0.0,0.0,0.0,0.0,0.0,0.0,0.0,0.0
2,3,0.0,0.0,0.0,1.0,0.0,0.0,0.0,0.0,0.0,0.0,0.0,0.0,0.0
2,3,0.0,0.0,0.0,1.0,0.0,0.0,0.0,0.0,0.0,0.0,0.0,0.0,0.0
2,3,0.0,0.0,0.0,1.0,0.0,0.0,0.0,0.0,0.0,0.0,0.0,0.0,0.0
2,3,0.0,0.0,0.0,1.0,0.0,0.0,0.0,0.0,0.0,0.0,0.0,0.0,0.0
2,3,0.0,0.0,0.0,1.0,0.0,0.0,0.0,0.0,0.0,0.0,0.0,0.0,0.0
2,3,0.0,0.0,0.0,1.0,0.0,0.0,0.0,0.0,0.0,0.0,0.0,0.0,0.0
2,3,0.0,0.0,0.0,1.0,0.0,0.0,0.0,0.0,0.0,0.0,0.0,0.0,0.0
2,3,0.0,0.0,0.0,1.0,0.0,0.0,0.0,0.0,0.0,0.0,0.0,0.0,0.0
2,3,0.0,0.0,0.0,1.0,0.0,0.0,0.0,0.0,0.0,0.0,0.0,0.0,0.0
2,3,0.0,0.0,0.0,1.0,0.0,0.0,0.0,0.0,0.0,0.0,0.0,0.0,0.0
2,3,0.0,0.0,0.0,1.0,0.0,0.0,0.0,0.0,0.0,0.0,0.0,0.0,0.0
2,3,0.0,0.0,0.0,1.0,0.0,0.0,0.0,0.0,0.0,0.0,0.0,0.0,0.0
2,3,0.0,0.0,0.0,1.0,0.0,0.0,0.0,0.0,0.0,0.0,0.0,0.0,0.0
2,3,0.0,0.0,0.0,1.0,0.0,0.0,0.0,0.0,0.0,0.0,0.0,0.0,0.0
2,3,0.0,0.0,0.0,1.0,0.0,0.0,0.0,0.0,0.0,0.0,0.0,0.0,0.0
2,3,0.0,0.0,0.0,1.0,0.0,0.0,0.0,0.0,0.0,0.0,0.0,0.0,0.0
2,3,0.0,0.0,0.0,1.0,0.0,0.0,0.0,0.0,0.0,0.0,0.0,0.0,0.0
2,3,0.0,0.0,0.0,1.0,0.0,0.0,0.0,0.0,0.0,0.0,0.0,0.0,0.0
2,3,0.0,0.0,0.0,1.0,0.0,0.0,0.0,0.0,0.0,0.0,0.0,0.0,0.0
2,3,0.0,0.0,0.0,1.0,0.0,0.0,0.0,0.0,0.0,0.0,0.0,0.0,0.0
2,3,0.0,0.0,0.0,1.0,0.0,0.0,0.0,0.0,0.0,0.0,0.0,0.0,0.0
2,3,0.0,0.0,0.0,1.0,0.0,0.0,0.0,0.0,0.0,0.0,0.0,0.0,0.0
2,3,0.0,0.0,0.0,1.0,0.0,0.0,0.0,0.0,0.0,0.0,0.0,0.0,0.0
2,3,0.0,0.0,0.0,1.0,0.0,0.0,0.0,0.0,0.0,0.0,0.0,0.0,0.0
2,3,0.0,0.0,0.0,1.0,0.0,0.0,0.0,0.0,0.0,0.0,0.0,0.0,0.0
2,3,0.0,0.0,0.0,1.0,0.0,0.0,0.0,0.0,0.0,0.0,0.0,0.0,0.0
2,3,0.0,0.0,0.0,1.0,0.0,0.0,0.0,0.0,0.0,0.0,0.0,0.0,0.0
2,3,0.0,0.0,0.0,1.0,0.0,0.0,0.0,0.0,0.0,0.0,0.0,0.0,0.0
2,3,0.0,0.0,0.0,1.0,0.0,0.0,0.0,0.0,0.0,0.0,0.0,0.0,0.0
2,3,0.0,0.0,0.0,1.0,0.0,0.0,0.0,0.0,0.0,0.0,0.0,0.0,0.0
2,3,0.0,0.0,0.0,1.0,0.0,0.0,0.0,0.0,0.0,0.0,0.0,0.0,0.0
2,3,0.0,0.0,0.0,1.0,0.0,0.0,0.0,0.0,0.0,0.0,0.0,0.0,0.0
2,3,0.0,0.0,0.0,1.0,0.0,0.0,0.0,0.0,0.0,0.0,0.0,0.0,0.0
2,3,0.0,0.0,0.0,1.0,0.0,0.0,0.0,0.0,0.0,0.0,0.0,0.0,0.0
2,3,0.0,0.0,0.0,1.0,0.0,0.0,0.0,0.0,0.0,0.0,0.0,0.0,0.0
2,3,0.0,0.0,0.0,1.0,0.0,0.0,0.0,0.0,0.0,0.0,0.0,0.0,0.0
2,3,0.0,0.0,0.0,1.0,0.0,0.0,0.0,0.0,0.0,0.0,0.0,0.0,0.0
2,3,0.0,0.0,0.0,1.0,0.0,0.0,0.0,0.0,0.0,0.0,0.0,0.0,0.0
2,3,0.0,0.0,0.0,1.0,0.0,0.0,0.0,0.0,0.0,0.0,0.0,0.0,0.0
2,3,0.0,0.0,0.0,1.0,0.0,0.0,0.0,0.0,0.0,0.0,0.0,0.0,0.0
2,3,0.0,0.0,0.0,1.0,0.0,0.0,0.0,0.0,0.0,0.0,0.0,0.0,0.0
2,3,0.0,0.0,0.0,1.0,0.0,0.0,0.0,0.0,0.0,0.0,0.0,0.0,0.0
2,3,0.0,0.0,0.0,1.0,0.0,0.0,0.0,0.0,0.0,0.0,0.0,0.0,0.0
2,3,0.0,0.0,0.0,1.0,0.0,0.0,0.0,0.0,0.0,0.0,0.0,0.0,0.0
2,3,0.0,0.0,0.0,1.0,0.0,0.0,0.0,0.0,0.0,0.0,0.0,0.0,0.0
2,3,0.0,0.0,0.0,1.0,0.0,0.0,0.0,0.0,0.0,0.0,0.0,0.0,0.0
2,3,0.0,0.0,0.0,1.0,0.0,0.0,0.0,0.0,0.0,0.0,0.0,0.0,0.0
2,3,0.0,0.0,0.0,1.0,0.0,0.0,0.0,0.0,0.0,0.0,0.0,0.0,0.0
2,3,0.0,0.0,0.0,1.0,0.0,0.0,0.0,0.0,0.0,0.0,0.0,0.0,0.0
2,3,0.0,0.0,0.0,1.0,0.0,0.0,0.0,0.0,0.0,0.0,0.0,0.0,0.0
2,3,0.0,0.0,0.0,1.0,0.0,0.0,0.0,0.0,0.0,0.0,0.0,0.0,0.0
2,3,0.0,0.0,0.0,1.0,0.0,0.0,0.0,0.0,0.0,0.0,0.0,0.0,0.0
2,3,0.0,0.0,0.0,1.0,0.0,0.0,0.0,0.0,0.0,0.0,0.0,0.0,0.0
2,3,0.0,0.0,0.0,1.0,0.0,0.0,0.0,0.0,0.0,0.0,0.0,0.0,0.0
2,3,0.0,0.0,0.0,1.0,0.0,0.0,0.0,0.0,0.0,0.0,0.0,0.0,0.0
2,3,0.0,0.0,0.0,1.0,0.0,0.0,0.0,0.0,0.0,0.0,0.0,0.0,0.0
2,3,0.0,0.0,0.0,1.0,0.0,0.0,0.0,0.0,0.0,0.0,0.0,0.0,0.0
2,3,0.0,0.0,0.0,1.0,0.0,0.0,0.0,0.0,0.0,0.0,0.0,0.0,0.0
2,3,0.0,0.0,0.0,1.0,0.0,0.0,0.0,0.0,0.0,0.0,0.0,0.0,0.0
2,3,0.0,0.0,0.0,1.0,0.0,0.0,0.0,0.0,0.0,0.0,0.0,0.0,0.0
2,3,0.0,0.0,0.0,1.0,0.0,0.0,0.0,0.0,0.0,0.0,0.0,0.0,0.0
2,3,0.0,0.0,0.0,1.0,0.0,0.0,0.0,0.0,0.0,0.0,0.0,0.0,0.0
2,3,0.0,0.0,0.0,1.0,0.0,0.0,0.0,0.0,0.0,0.0,0.0,0.0,0.0
2,3,0.0,0.0,0.0,1.0,0.0,0.0,0.0,0.0,0.0,0.0,0.0,0.0,0.0
2,3,0.0,0.0,0.0,1.0,0.0,0.0,0.0,0.0,0.0,0.0,0.0,0.0,0.0
2,3,0.0,0.0,0.0,1.0,0.0,0.0,0.0,0.0,0.0,0.0,0.0,0.0,0.0
2,3,0.0,0.0,0.0,1.0,0.0,0.0,0.0,0.0,0.0,0.0,0.0,0.0,0.0
2,3,0.0,0.0,0.0,1.0,0.0,0.0,0.0,0.0,0.0,0.0,0.0,0.0,0.0
2,3,0.0,0.0,0.0,1.0,0.0,0.0,0.0,0.0,0.0,0.0,0.0,0.0,0.0
2,3,0.0,0.0,0.0,1.0,0.0,0.0,0.0,0.0,0.0,0.0,0.0,0.0,0.0
2,3,0.0,0.0,0.0,1.0,0.0,0.0,0.0,0.0,0.0,0.0,0.0,0.0,0.0
2,3,0.0,0.0,0.0,1.0,0.0,0.0,0.0,0.0,0.0,0.0,0.0,0.0,0.0
2,3,0.0,0.0,0.0,1.0,0.0,0.0,0.0,0.0,0.0,0.0,0.0,0.0,0.0
2,3,0.0,0.0,0.0,1.0,0.0,0.0,0.0,0.0,0.0,0.0,0.0,0.0,0.0
2,3,0.0,0.0,0.0,1.0,0.0,0.0,0.0,0.0,0.0,0.0,0.0,0.0,0.0
2,3,0.0,0.0,0.0,1.0,0.0,0.0,0.0,0.0,0.0,0.0,0.0,0.0,0.0
2,3,0.0,0.0,0.0,1.0,0.0,0.0,0.0,0.0,0.0,0.0,0.0,0.0,0.0
2,3,0.0,0.0,0.0,1.0,0.0,0.0,0.0,0.0,0.0,0.0,0.0,0.0,0.0
2,3,0.0,0.0,0.0,1.0,0.0,0.0,0.0,0.0,0.0,0.0,0.0,0.0,0.0
2,3,0.0,0.0,0.0,1.0,0.0,0.0,0.0,0.0,0.0,0.0,0.0,0.0,0.0
2,3,0.0,0.0,0.0,1.0,0.0,0.0,0.0,0.0,0.0,0.0,0.0,0.0,0.0
2,3,0.0,0.0,0.0,1.0,0.0,0.0,0.0,0.0,0.0,0.0,0.0,0.0,0.0
2,3,0.0,0.0,0.0,1.0,0.0,0.0,0.0,0.0,0.0,0.0,0.0,0.0,0.0
2,3,0.0,0.0,0.0,1.0,0.0,0.0,0.0,0.0,0.0,0.0,0.0,0.0,0.0
2,3,0.0,0.0,0.0,1.0,0.0,0.0,0.0,0.0,0.0,0.0,0.0,0.0,0.0
2,3,0.0,0.0,0.0,1.0,0.0,0.0,0.0,0.0,0.0,0.0,0.0,0.0,0.0
2,3,0.0,0.0,0.0,1.0,0.0,0.0,0.0,0.0,0.0,0.0,0.0,0.0,0.0
2,3,0.0,0.0,0.0,1.0,0.0,0.0,0.0,0.0,0.0,0.0,0.0,0.0,0.0
2,3,0.0,0.0,0.0,1.0,0.0,0.0,0.0,0.0,0.0,0.0,0.0,0.0,0.0
2,3,0.0,0.0,0.0,1.0,0.0,0.0,0.0,0.0,0.0,0.0,0.0,0.0,0.0
2,3,0.0,0.0,0.0,1.0,0.0,0.0,0.0,0.0,0.0,0.0,0.0,0.0,0.0
2,3,0.0,0.0,0.0,1.0,0.0,0.0,0.0,0.0,0.0,0.0,0.0,0.0,0.0
2,3,0.0,0.0,0.0,1.0,0.0,0.0,0.0,0.0,0.0,0.0,0.0,0.0,0.0
2,3,0.0,0.0,0.0,1.0,0.0,0.0,0.0,0.0,0.0,0.0,0.0,0.0,0.0
2,3,0.0,0.0,0.0,1.0,0.0,0.0,0.0,0.0,0.0,0.0,0.0,0.0,0.0
2,3,0.0,0.0,0.0,1.0,0.0,0.0,0.0,0.0,0.0,0.0,0.0,0.0,0.0
2,3,0.0,0.0,0.0,1.0,0.0,0.0,0.0,0.0,0.0,0.0,0.0,0.0,0.0
2,3,0.0,0.0,0.0,1.0,0.0,0.0,0.0,0.0,0.0,0.0,0.0,0.0,0.0
2,3,0.0,0.0,0.0,1.0,0.0,0.0,0.0,0.0,0.0,0.0,0.0,0.0,0.0
2,3,0.0,0.0,0.0,1.0,0.0,0.0,0.0,0.0,0.0,0.0,0.0,0.0,0.0
2,3,0.0,0.0,0.0,1.0,0.0,0.0,0.0,0.0,0.0,0.0,0.0,0.0,0.0
2,3,0.0,0.0,0.0,1.0,0.0,0.0,0.0,0.0,0.0,0.0,0.0,0.0,0.0
2,3,0.0,0.0,0.0,1.0,0.0,0.0,0.0,0.0,0.0,0.0,0.0,0.0,0.0
2,3,0.0,0.0,0.0,1.0,0.0,0.0,0.0,0.0,0.0,0.0,0.0,0.0,0.0
2,3,0.0,0.0,0.0,1.0,0.0,0.0,0.0,0.0,0.0,0.0,0.0,0.0,0.0
2,3,0.0,0.0,0.0,1.0,0.0,0.0,0.0,0.0,0.0,0.0,0.0,0.0,0.0
2,3,0.0,0.0,0.0,1.0,0.0,0.0,0.0,0.0,0.0,0.0,0.0,0.0,0.0
2,3,0.0,0.0,0.0,1.0,0.0,0.0,0.0,0.0,0.0,0.0,0.0,0.0,0.0
2,3,0.0,0.0,0.0,1.0,0.0,0.0,0.0,0.0,0.0,0.0,0.0,0.0,0.0
2,3,0.0,0.0,0.0,1.0,0.0,0.0,0.0,0.0,0.0,0.0,0.0,0.0,0.0
2,3,0.0,0.0,0.0,1.0,0.0,0.0,0.0,0.0,0.0,0.0,0.0,0.0,0.0
2,3,0.0,0.0,0.0,1.0,0.0,0.0,0.0,0.0,0.0,0.0,0.0,0.0,0.0
2,3,0.0,0.0,0.0,1.0,0.0,0.0,0.0,0.0,0.0,0.0,0.0,0.0,0.0
2,3,0.0,0.0,0.0,1.0,0.0,0.0,0.0,0.0,0.0,0.0,0.0,0.0,0.0
2,3,0.0,0.0,0.0,1.0,0.0,0.0,0.0,0.0,0.0,0.0,0.0,0.0,0.0
2,3,0.0,0.0,0.0,1.0,0.0,0.0,0.0,0.0,0.0,0.0,0.0,0.0,0.0
2,3,0.0,0.0,0.0,1.0,0.0,0.0,0.0,0.0,0.0,0.0,0.0,0.0,0.0
2,3,0.0,0.0,0.0,1.0,0.0,0.0,0.0,0.0,0.0,0.0,0.0,0.0,0.0
2,3,0.0,0.0,0.0,1.0,0.0,0.0,0.0,0.0,0.0,0.0,0.0,0.0,0.0
2,3,0.0,0.0,0.0,1.0,0.0,0.0,0.0,0.0,0.0,0.0,0.0,0.0,0.0
2,3,0.0,0.0,0.0,1.0,0.0,0.0,0.0,0.0,0.0,0.0,0.0,0.0,0.0
2,3,0.0,0.0,0.0,1.0,0.0,0.0,0.0,0.0,0.0,0.0,0.0,0.0,0.0
2,3,0.0,0.0,0.0,1.0,0.0,0.0,0.0,0.0,0.0,0.0,0.0,0.0,0.0
2,3,0.0,0.0,0.0,1.0,0.0,0.0,0.0,0.0,0.0,0.0,0.0,0.0,0.0
2,3,0.0,0.0,0.0,1.0,0.0,0.0,0.0,0.0,0.0,0.0,0.0,0.0,0.0
2,3,0.0,0.0,0.0,1.0,0.0,0.0,0.0,0.0,0.0,0.0,0.0,0.0,0.0
2,3,0.0,0.0,0.0,1.0,0.0,0.0,0.0,0.0,0.0,0.0,0.0,0.0,0.0
2,3,0.0,0.0,0.0,1.0,0.0,0.0,0.0,0.0,0.0,0.0,0.0,0.0,0.0
2,3,0.0,0.0,0.0,1.0,0.0,0.0,0.0,0.0,0.0,0.0,0.0,0.0,0.0
2,3,0.0,0.0,0.0,1.0,0.0,0.0,0.0,0.0,0.0,0.0,0.0,0.0,0.0
2,3,0.0,0.0,0.0,1.0,0.0,0.0,0.0,0.0,0.0,0.0,0.0,0.0,0.0
2,3,0.0,0.0,0.0,1.0,0.0,0.0,0.0,0.0,0.0,0.0,0.0,0.0,0.0
2,3,0.0,0.0,0.0,1.0,0.0,0.0,0.0,0.0,0.0,0.0,0.0,0.0,0.0
2,3,0.0,0.0,0.0,1.0,0.0,0.0,0.0,0.0,0.0,0.0,0.0,0.0,0.0
2,3,0.0,0.0,0.0,1.0,0.0,0.0,0.0,0.0,0.0,0.0,0.0,0.0,0.0
2,3,0.0,0.0,0.0,1.0,0.0,0.0,0.0,0.0,0.0,0.0,0.0,0.0,0.0
2,3,0.0,0.0,0.0,1.0,0.0,0.0,0.0,0.0,0.0,0.0,0.0,0.0,0.0
2,3,0.0,0.0,0.0,1.0,0.0,0.0,0.0,0.0,0.0,0.0,0.0,0.0,0.0
2,3,0.0,0.0,0.0,1.0,0.0,0.0,0.0,0.0,0.0,0.0,0.0,0.0,0.0
2,3,0.0,0.0,0.0,1.0,0.0,0.0,0.0,0.0,0.0,0.0,0.0,0.0,0.0
2,3,0.0,0.0,0.0,1.0,0.0,0.0,0.0,0.0,0.0,0.0,0.0,0.0,0.0
2,3,0.0,0.0,0.0,1.0,0.0,0.0,0.0,0.0,0.0,0.0,0.0,0.0,0.0
2,3,0.0,0.0,0.0,1.0,0.0,0.0,0.0,0.0,0.0,0.0,0.0,0.0,0.0
2,3,0.0,0.0,0.0,1.0,0.0,0.0,0.0,0.0,0.0,0.0,0.0,0.0,0.0
2,3,0.0,0.0,0.0,1.0,0.0,0.0,0.0,0.0,0.0,0.0,0.0,0.0,0.0
2,3,0.0,0.0,0.0,1.0,0.0,0.0,0.0,0.0,0.0,0.0,0.0,0.0,0.0
2,3,0.0,0.0,0.0,1.0,0.0,0.0,0.0,0.0,0.0,0.0,0.0,0.0,0.0
2,3,0.0,0.0,0.0,1.0,0.0,0.0,0.0,0.0,0.0,0.0,0.0,0.0,0.0
2,3,0.0,0.0,0.0,1.0,0.0,0.0,0.0,0.0,0.0,0.0,0.0,0.0,0.0
2,3,0.0,0.0,0.0,1.0,0.0,0.0,0.0,0.0,0.0,0.0,0.0,0.0,0.0
2,3,0.0,0.0,0.0,1.0,0.0,0.0,0.0,0.0,0.0,0.0,0.0,0.0,0.0
2,3,0.0,0.0,0.0,1.0,0.0,0.0,0.0,0.0,0.0,0.0,0.0,0.0,0.0
2,3,0.0,0.0,0.0,1.0,0.0,0.0,0.0,0.0,0.0,0.0,0.0,0.0,0.0
2,3,0.0,0.0,0.0,1.0,0.0,0.0,0.0,0.0,0.0,0.0,0.0,0.0,0.0
2,3,0.0,0.0,0.0,1.0,0.0,0.0,0.0,0.0,0.0,0.0,0.0,0.0,0.0
2,3,0.0,0.0,0.0,1.0,0.0,0.0,0.0,0.0,0.0,0.0,0.0,0.0,0.0
2,3,0.0,0.0,0.0,1.0,0.0,0.0,0.0,0.0,0.0,0.0,0.0,0.0,0.0
2,3,0.0,0.0,0.0,1.0,0.0,0.0,0.0,0.0,0.0,0.0,0.0,0.0,0.0
2,3,0.0,0.0,0.0,1.0,0.0,0.0,0.0,0.0,0.0,0.0,0.0,0.0,0.0
2,3,0.0,0.0,0.0,1.0,0.0,0.0,0.0,0.0,0.0,0.0,0.0,0.0,0.0
2,3,0.0,0.0,0.0,1.0,0.0,0.0,0.0,0.0,0.0,0.0,0.0,0.0,0.0
2,3,0.0,0.0,0.0,1.0,0.0,0.0,0.0,0.0,0.0,0.0,0.0,0.0,0.0
2,3,0.0,0.0,0.0,1.0,0.0,0.0,0.0,0.0,0.0,0.0,0.0,0.0,0.0
2,3,0.0,0.0,0.0,1.0,0.0,0.0,0.0,0.0,0.0,0.0,0.0,0.0,0.0
2,3,0.0,0.0,0.0,1.0,0.0,0.0,0.0,0.0,0.0,0.0,0.0,0.0,0.0
2,3,0.0,0.0,0.0,1.0,0.0,0.0,0.0,0.0,0.0,0.0,0.0,0.0,0.0
2,3,0.0,0.0,0.0,1.0,0.0,0.0,0.0,0.0,0.0,0.0,0.0,0.0,0.0
2,3,0.0,0.0,0.0,1.0,0.0,0.0,0.0,0.0,0.0,0.0,0.0,0.0,0.0
2,3,0.0,0.0,0.0,1.0,0.0,0.0,0.0,0.0,0.0,0.0,0.0,0.0,0.0
2,3,0.0,0.0,0.0,1.0,0.0,0.0,0.0,0.0,0.0,0.0,0.0,0.0,0.0
2,3,0.0,0.0,0.0,1.0,0.0,0.0,0.0,0.0,0.0,0.0,0.0,0.0,0.0
2,3,0.0,0.0,0.0,1.0,0.0,0.0,0.0,0.0,0.0,0.0,0.0,0.0,0.0
2,3,0.0,0.0,0.0,1.0,0.0,0.0,0.0,0.0,0.0,0.0,0.0,0.0,0.0
2,3,0.0,0.0,0.0,1.0,0.0,0.0,0.0,0.0,0.0,0.0,0.0,0.0,0.0
2,3,0.0,0.0,0.0,1.0,0.0,0.0,0.0,0.0,0.0,0.0,0.0,0.0,0.0
2,3,0.0,0.0,0.0,1.0,0.0,0.0,0.0,0.0,0.0,0.0,0.0,0.0,0.0
2,3,0.0,0.0,0.0,1.0,0.0,0.0,0.0,0.0,0.0,0.0,0.0,0.0,0.0
2,3,0.0,0.0,0.0,1.0,0.0,0.0,0.0,0.0,0.0,0.0,0.0,0.0,0.0
2,3,0.0,0.0,0.0,1.0,0.0,0.0,0.0,0.0,0.0,0.0,0.0,0.0,0.0
2,3,0.0,0.0,0.0,1.0,0.0,0.0,0.0,0.0,0.0,0.0,0.0,0.0,0.0
2,3,0.0,0.0,0.0,1.0,0.0,0.0,0.0,0.0,0.0,0.0,0.0,0.0,0.0
2,3,0.0,0.0,0.0,1.0,0.0,0.0,0.0,0.0,0.0,0.0,0.0,0.0,0.0
2,3,0.0,0.0,0.0,1.0,0.0,0.0,0.0,0.0,0.0,0.0,0.0,0.0,0.0
2,3,0.0,0.0,0.0,1.0,0.0,0.0,0.0,0.0,0.0,0.0,0.0,0.0,0.0
2,3,0.0,0.0,0.0,1.0,0.0,0.0,0.0,0.0,0.0,0.0,0.0,0.0,0.0
2,3,0.0,0.0,0.0,1.0,0.0,0.0,0.0,0.0,0.0,0.0,0.0,0.0,0.0
2,3,0.0,0.0,0.0,1.0,0.0,0.0,0.0,0.0,0.0,0.0,0.0,0.0,0.0
2,3,0.0,0.0,0.0,1.0,0.0,0.0,0.0,0.0,0.0,0.0,0.0,0.0,0.0
2,3,0.0,0.0,0.0,1.0,0.0,0.0,0.0,0.0,0.0,0.0,0.0,0.0,0.0
2,3,0.0,0.0,0.0,1.0,0.0,0.0,0.0,0.0,0.0,0.0,0.0,0.0,0.0
2,3,0.0,0.0,0.0,1.0,0.0,0.0,0.0,0.0,0.0,0.0,0.0,0.0,0.0
2,3,0.0,0.0,0.0,1.0,0.0,0.0,0.0,0.0,0.0,0.0,0.0,0.0,0.0
2,3,0.0,0.0,0.0,1.0,0.0,0.0,0.0,0.0,0.0,0.0,0.0,0.0,0.0
2,3,0.0,0.0,0.0,1.0,0.0,0.0,0.0,0.0,0.0,0.0,0.0,0.0,0.0
2,3,0.0,0.0,0.0,1.0,0.0,0.0,0.0,0.0,0.0,0.0,0.0,0.0,0.0
2,3,0.0,0.0,0.0,1.0,0.0,0.0,0.0,0.0,0.0,0.0,0.0,0.0,0.0
2,3,0.0,0.0,0.0,1.0,0.0,0.0,0.0,0.0,0.0,0.0,0.0,0.0,0.0
2,3,0.0,0.0,0.0,1.0,0.0,0.0,0.0,0.0,0.0,0.0,0.0,0.0,0.0
2,3,0.0,0.0,0.0,1.0,0.0,0.0,0.0,0.0,0.0,0.0,0.0,0.0,0.0
2,3,0.0,0.0,0.0,1.0,0.0,0.0,0.0,0.0,0.0,0.0,0.0,0.0,0.0
2,3,0.0,0.0,0.0,1.0,0.0,0.0,0.0,0.0,0.0,0.0,0.0,0.0,0.0
2,3,0.0,0.0,0.0,1.0,0.0,0.0,0.0,0.0,0.0,0.0,0.0,0.0,0.0
2,3,0.0,0.0,0.0,1.0,0.0,0.0,0.0,0.0,0.0,0.0,0.0,0.0,0.0
2,3,0.0,0.0,0.0,1.0,0.0,0.0,0.0,0.0,0.0,0.0,0.0,0.0,0.0
2,3,0.0,0.0,0.0,1.0,0.0,0.0,0.0,0.0,0.0,0.0,0.0,0.0,0.0
2,3,0.0,0.0,0.0,1.0,0.0,0.0,0.0,0.0,0.0,0.0,0.0,0.0,0.0
2,3,0.0,0.0,0.0,1.0,0.0,0.0,0.0,0.0,0.0,0.0,0.0,0.0,0.0
2,3,0.0,0.0,0.0,1.0,0.0,0.0,0.0,0.0,0.0,0.0,0.0,0.0,0.0
2,3,0.0,0.0,0.0,1.0,0.0,0.0,0.0,0.0,0.0,0.0,0.0,0.0,0.0
2,3,0.0,0.0,0.0,1.0,0.0,0.0,0.0,0.0,0.0,0.0,0.0,0.0,0.0
2,3,0.0,0.0,0.0,1.0,0.0,0.0,0.0,0.0,0.0,0.0,0.0,0.0,0.0
2,3,0.0,0.0,0.0,1.0,0.0,0.0,0.0,0.0,0.0,0.0,0.0,0.0,0.0
2,3,0.0,0.0,0.0,1.0,0.0,0.0,0.0,0.0,0.0,0.0,0.0,0.0,0.0
2,3,0.0,0.0,0.0,1.0,0.0,0.0,0.0,0.0,0.0,0.0,0.0,0.0,0.0
2,3,0.0,0.0,0.0,1.0,0.0,0.0,0.0,0.0,0.0,0.0,0.0,0.0,0.0
2,3,0.0,0.0,0.0,1.0,0.0,0.0,0.0,0.0,0.0,0.0,0.0,0.0,0.0
2,3,0.0,0.0,0.0,1.0,0.0,0.0,0.0,0.0,0.0,0.0,0.0,0.0,0.0
2,3,0.0,0.0,0.0,1.0,0.0,0.0,0.0,0.0,0.0,0.0,0.0,0.0,0.0
2,3,0.0,0.0,0.0,1.0,0.0,0.0,0.0,0.0,0.0,0.0,0.0,0.0,0.0
2,3,0.0,0.0,0.0,1.0,0.0,0.0,0.0,0.0,0.0,0.0,0.0,0.0,0.0
2,3,0.0,0.0,0.0,1.0,0.0,0.0,0.0,0.0,0.0,0.0,0.0,0.0,0.0
2,3,0.0,0.0,0.0,1.0,0.0,0.0,0.0,0.0,0.0,0.0,0.0,0.0,0.0
2,3,0.0,0.0,0.0,1.0,0.0,0.0,0.0,0.0,0.0,0.0,0.0,0.0,0.0
2,3,0.0,0.0,0.0,1.0,0.0,0.0,0.0,0.0,0.0,0.0,0.0,0.0,0.0
2,3,0.0,0.0,0.0,1.0,0.0,0.0,0.0,0.0,0.0,0.0,0.0,0.0,0.0
2,3,0.0,0.0,0.0,1.0,0.0,0.0,0.0,0.0,0.0,0.0,0.0,0.0,0.0
2,3,0.0,0.0,0.0,1.0,0.0,0.0,0.0,0.0,0.0,0.0,0.0,0.0,0.0
2,3,0.0,0.0,0.0,1.0,0.0,0.0,0.0,0.0,0.0,0.0,0.0,0.0,0.0
2,3,0.0,0.0,0.0,1.0,0.0,0.0,0.0,0.0,0.0,0.0,0.0,0.0,0.0
2,3,0.0,0.0,0.0,1.0,0.0,0.0,0.0,0.0,0.0,0.0,0.0,0.0,0.0
2,3,0.0,0.0,0.0,1.0,0.0,0.0,0.0,0.0,0.0,0.0,0.0,0.0,0.0
2,3,0.0,0.0,0.0,1.0,0.0,0.0,0.0,0.0,0.0,0.0,0.0,0.0,0.0
2,3,0.0,0.0,0.0,1.0,0.0,0.0,0.0,0.0,0.0,0.0,0.0,0.0,0.0
2,3,0.0,0.0,0.0,1.0,0.0,0.0,0.0,0.0,0.0,0.0,0.0,0.0,0.0
2,3,0.0,0.0,0.0,1.0,0.0,0.0,0.0,0.0,0.0,0.0,0.0,0.0,0.0
2,3,0.0,0.0,0.0,1.0,0.0,0.0,0.0,0.0,0.0,0.0,0.0,0.0,0.0
2,3,0.0,0.0,0.0,1.0,0.0,0.0,0.0,0.0,0.0,0.0,0.0,0.0,0.0
2,3,0.0,0.0,0.0,1.0,0.0,0.0,0.0,0.0,0.0,0.0,0.0,0.0,0.0
2,3,0.0,0.0,0.0,1.0,0.0,0.0,0.0,0.0,0.0,0.0,0.0,0.0,0.0
2,3,0.0,0.0,0.0,1.0,0.0,0.0,0.0,0.0,0.0,0.0,0.0,0.0,0.0
2,3,0.0,0.0,0.0,1.0,0.0,0.0,0.0,0.0,0.0,0.0,0.0,0.0,0.0
2,3,0.0,0.0,0.0,1.0,0.0,0.0,0.0,0.0,0.0,0.0,0.0,0.0,0.0
2,3,0.0,0.0,0.0,1.0,0.0,0.0,0.0,0.0,0.0,0.0,0.0,0.0,0.0
2,3,0.0,0.0,0.0,1.0,0.0,0.0,0.0,0.0,0.0,0.0,0.0,0.0,0.0
2,3,0.0,0.0,0.0,1.0,0.0,0.0,0.0,0.0,0.0,0.0,0.0,0.0,0.0
2,3,0.0,0.0,0.0,1.0,0.0,0.0,0.0,0.0,0.0,0.0,0.0,0.0,0.0
2,3,0.0,0.0,0.0,1.0,0.0,0.0,0.0,0.0,0.0,0.0,0.0,0.0,0.0
2,3,0.0,0.0,0.0,1.0,0.0,0.0,0.0,0.0,0.0,0.0,0.0,0.0,0.0
2,3,0.0,0.0,0.0,1.0,0.0,0.0,0.0,0.0,0.0,0.0,0.0,0.0,0.0
2,3,0.0,0.0,0.0,1.0,0.0,0.0,0.0,0.0,0.0,0.0,0.0,0.0,0.0
2,3,0.0,0.0,0.0,1.0,0.0,0.0,0.0,0.0,0.0,0.0,0.0,0.0,0.0
2,3,0.0,0.0,0.0,1.0,0.0,0.0,0.0,0.0,0.0,0.0,0.0,0.0,0.0
2,3,0.0,0.0,0.0,1.0,0.0,0.0,0.0,0.0,0.0,0.0,0.0,0.0,0.0
2,3,0.0,0.0,0.0,1.0,0.0,0.0,0.0,0.0,0.0,0.0,0.0,0.0,0.0
2,3,0.0,0.0,0.0,1.0,0.0,0.0,0.0,0.0,0.0,0.0,0.0,0.0,0.0
2,3,0.0,0.0,0.0,1.0,0.0,0.0,0.0,0.0,0.0,0.0,0.0,0.0,0.0
2,3,0.0,0.0,0.0,1.0,0.0,0.0,0.0,0.0,0.0,0.0,0.0,0.0,0.0
2,3,0.0,0.0,0.0,1.0,0.0,0.0,0.0,0.0,0.0,0.0,0.0,0.0,0.0
2,3,0.0,0.0,0.0,1.0,0.0,0.0,0.0,0.0,0.0,0.0,0.0,0.0,0.0
2,3,0.0,0.0,0.0,1.0,0.0,0.0,0.0,0.0,0.0,0.0,0.0,0.0,0.0
2,3,0.0,0.0,0.0,1.0,0.0,0.0,0.0,0.0,0.0,0.0,0.0,0.0,0.0
2,3,0.0,0.0,0.0,1.0,0.0,0.0,0.0,0.0,0.0,0.0,0.0,0.0,0.0
2,3,0.0,0.0,0.0,1.0,0.0,0.0,0.0,0.0,0.0,0.0,0.0,0.0,0.0
2,3,0.0,0.0,0.0,1.0,0.0,0.0,0.0,0.0,0.0,0.0,0.0,0.0,0.0
2,3,0.0,0.0,0.0,1.0,0.0,0.0,0.0,0.0,0.0,0.0,0.0,0.0,0.0
2,3,0.0,0.0,0.0,1.0,0.0,0.0,0.0,0.0,0.0,0.0,0.0,0.0,0.0
2,3,0.0,0.0,0.0,1.0,0.0,0.0,0.0,0.0,0.0,0.0,0.0,0.0,0.0
2,3,0.0,0.0,0.0,1.0,0.0,0.0,0.0,0.0,0.0,0.0,0.0,0.0,0.0
2,3,0.0,0.0,0.0,1.0,0.0,0.0,0.0,0.0,0.0,0.0,0.0,0.0,0.0
2,3,0.0,0.0,0.0,1.0,0.0,0.0,0.0,0.0,0.0,0.0,0.0,0.0,0.0
2,3,0.0,0.0,0.0,1.0,0.0,0.0,0.0,0.0,0.0,0.0,0.0,0.0,0.0
2,3,0.0,0.0,0.0,1.0,0.0,0.0,0.0,0.0,0.0,0.0,0.0,0.0,0.0
2,3,0.0,0.0,0.0,1.0,0.0,0.0,0.0,0.0,0.0,0.0,0.0,0.0,0.0
2,3,0.0,0.0,0.0,1.0,0.0,0.0,0.0,0.0,0.0,0.0,0.0,0.0,0.0
2,3,0.0,0.0,0.0,1.0,0.0,0.0,0.0,0.0,0.0,0.0,0.0,0.0,0.0
2,3,0.0,0.0,0.0,1.0,0.0,0.0,0.0,0.0,0.0,0.0,0.0,0.0,0.0
2,3,0.0,0.0,0.0,1.0,0.0,0.0,0.0,0.0,0.0,0.0,0.0,0.0,0.0
2,3,0.0,0.0,0.0,1.0,0.0,0.0,0.0,0.0,0.0,0.0,0.0,0.0,0.0
2,3,0.0,0.0,0.0,1.0,0.0,0.0,0.0,0.0,0.0,0.0,0.0,0.0,0.0
2,3,0.0,0.0,0.0,1.0,0.0,0.0,0.0,0.0,0.0,0.0,0.0,0.0,0.0
2,3,0.0,0.0,0.0,1.0,0.0,0.0,0.0,0.0,0.0,0.0,0.0,0.0,0.0
2,3,0.0,0.0,0.0,1.0,0.0,0.0,0.0,0.0,0.0,0.0,0.0,0.0,0.0
2,3,0.0,0.0,0.0,1.0,0.0,0.0,0.0,0.0,0.0,0.0,0.0,0.0,0.0
2,3,0.0,0.0,0.0,1.0,0.0,0.0,0.0,0.0,0.0,0.0,0.0,0.0,0.0
2,3,0.0,0.0,0.0,1.0,0.0,0.0,0.0,0.0,0.0,0.0,0.0,0.0,0.0
2,3,0.0,0.0,0.0,1.0,0.0,0.0,0.0,0.0,0.0,0.0,0.0,0.0,0.0
2,3,0.0,0.0,0.0,1.0,0.0,0.0,0.0,0.0,0.0,0.0,0.0,0.0,0.0
2,3,0.0,0.0,0.0,1.0,0.0,0.0,0.0,0.0,0.0,0.0,0.0,0.0,0.0
2,3,0.0,0.0,0.0,1.0,0.0,0.0,0.0,0.0,0.0,0.0,0.0,0.0,0.0
2,3,0.0,0.0,0.0,1.0,0.0,0.0,0.0,0.0,0.0,0.0,0.0,0.0,0.0
2,3,0.0,0.0,0.0,1.0,0.0,0.0,0.0,0.0,0.0,0.0,0.0,0.0,0.0
2,3,0.0,0.0,0.0,1.0,0.0,0.0,0.0,0.0,0.0,0.0,0.0,0.0,0.0
2,3,0.0,0.0,0.0,1.0,0.0,0.0,0.0,0.0,0.0,0.0,0.0,0.0,0.0
2,3,0.0,0.0,0.0,1.0,0.0,0.0,0.0,0.0,0.0,0.0,0.0,0.0,0.0
2,3,0.0,0.0,0.0,1.0,0.0,0.0,0.0,0.0,0.0,0.0,0.0,0.0,0.0
2,3,0.0,0.0,0.0,1.0,0.0,0.0,0.0,0.0,0.0,0.0,0.0,0.0,0.0
2,3,0.0,0.0,0.0,1.0,0.0,0.0,0.0,0.0,0.0,0.0,0.0,0.0,0.0
2,3,0.0,0.0,0.0,1.0,0.0,0.0,0.0,0.0,0.0,0.0,0.0,0.0,0.0
2,3,0.0,0.0,0.0,1.0,0.0,0.0,0.0,0.0,0.0,0.0,0.0,0.0,0.0
2,3,0.0,0.0,0.0,1.0,0.0,0.0,0.0,0.0,0.0,0.0,0.0,0.0,0.0
2,3,0.0,0.0,0.0,1.0,0.0,0.0,0.0,0.0,0.0,0.0,0.0,0.0,0.0
2,3,0.0,0.0,0.0,1.0,0.0,0.0,0.0,0.0,0.0,0.0,0.0,0.0,0.0
2,3,0.0,0.0,0.0,1.0,0.0,0.0,0.0,0.0,0.0,0.0,0.0,0.0,0.0
2,3,0.0,0.0,0.0,1.0,0.0,0.0,0.0,0.0,0.0,0.0,0.0,0.0,0.0
2,3,0.0,0.0,0.0,1.0,0.0,0.0,0.0,0.0,0.0,0.0,0.0,0.0,0.0
2,3,0.0,0.0,0.0,1.0,0.0,0.0,0.0,0.0,0.0,0.0,0.0,0.0,0.0
2,3,0.0,0.0,0.0,1.0,0.0,0.0,0.0,0.0,0.0,0.0,0.0,0.0,0.0
2,3,0.0,0.0,0.0,1.0,0.0,0.0,0.0,0.0,0.0,0.0,0.0,0.0,0.0
2,3,0.0,0.0,0.0,1.0,0.0,0.0,0.0,0.0,0.0,0.0,0.0,0.0,0.0
2,3,0.0,0.0,0.0,1.0,0.0,0.0,0.0,0.0,0.0,0.0,0.0,0.0,0.0
2,3,0.0,0.0,0.0,1.0,0.0,0.0,0.0,0.0,0.0,0.0,0.0,0.0,0.0
2,3,0.0,0.0,0.0,1.0,0.0,0.0,0.0,0.0,0.0,0.0,0.0,0.0,0.0
2,3,0.0,0.0,0.0,1.0,0.0,0.0,0.0,0.0,0.0,0.0,0.0,0.0,0.0
2,3,0.0,0.0,0.0,1.0,0.0,0.0,0.0,0.0,0.0,0.0,0.0,0.0,0.0
2,3,0.0,0.0,0.0,1.0,0.0,0.0,0.0,0.0,0.0,0.0,0.0,0.0,0.0
2,3,0.0,0.0,0.0,1.0,0.0,0.0,0.0,0.0,0.0,0.0,0.0,0.0,0.0
2,3,0.0,0.0,0.0,1.0,0.0,0.0,0.0,0.0,0.0,0.0,0.0,0.0,0.0
2,3,0.0,0.0,0.0,1.0,0.0,0.0,0.0,0.0,0.0,0.0,0.0,0.0,0.0
2,3,0.0,0.0,0.0,1.0,0.0,0.0,0.0,0.0,0.0,0.0,0.0,0.0,0.0
2,3,0.0,0.0,0.0,1.0,0.0,0.0,0.0,0.0,0.0,0.0,0.0,0.0,0.0
2,3,0.0,0.0,0.0,1.0,0.0,0.0,0.0,0.0,0.0,0.0,0.0,0.0,0.0
2,3,0.0,0.0,0.0,1.0,0.0,0.0,0.0,0.0,0.0,0.0,0.0,0.0,0.0
2,3,0.0,0.0,0.0,1.0,0.0,0.0,0.0,0.0,0.0,0.0,0.0,0.0,0.0
2,3,0.0,0.0,0.0,1.0,0.0,0.0,0.0,0.0,0.0,0.0,0.0,0.0,0.0
2,3,0.0,0.0,0.0,1.0,0.0,0.0,0.0,0.0,0.0,0.0,0.0,0.0,0.0
2,3,0.0,0.0,0.0,1.0,0.0,0.0,0.0,0.0,0.0,0.0,0.0,0.0,0.0
2,3,0.0,0.0,0.0,1.0,0.0,0.0,0.0,0.0,0.0,0.0,0.0,0.0,0.0
2,3,0.0,0.0,0.0,1.0,0.0,0.0,0.0,0.0,0.0,0.0,0.0,0.0,0.0
2,3,0.0,0.0,0.0,1.0,0.0,0.0,0.0,0.0,0.0,0.0,0.0,0.0,0.0
2,3,0.0,0.0,0.0,1.0,0.0,0.0,0.0,0.0,0.0,0.0,0.0,0.0,0.0
2,3,0.0,0.0,0.0,1.0,0.0,0.0,0.0,0.0,0.0,0.0,0.0,0.0,0.0
2,3,0.0,0.0,0.0,1.0,0.0,0.0,0.0,0.0,0.0,0.0,0.0,0.0,0.0
2,3,0.0,0.0,0.0,1.0,0.0,0.0,0.0,0.0,0.0,0.0,0.0,0.0,0.0
2,3,0.0,0.0,0.0,1.0,0.0,0.0,0.0,0.0,0.0,0.0,0.0,0.0,0.0
2,3,0.0,0.0,0.0,1.0,0.0,0.0,0.0,0.0,0.0,0.0,0.0,0.0,0.0
2,3,0.0,0.0,0.0,1.0,0.0,0.0,0.0,0.0,0.0,0.0,0.0,0.0,0.0
2,3,0.0,0.0,0.0,1.0,0.0,0.0,0.0,0.0,0.0,0.0,0.0,0.0,0.0
2,3,0.0,0.0,0.0,1.0,0.0,0.0,0.0,0.0,0.0,0.0,0.0,0.0,0.0
2,3,0.0,0.0,0.0,1.0,0.0,0.0,0.0,0.0,0.0,0.0,0.0,0.0,0.0
2,3,0.0,0.0,0.0,1.0,0.0,0.0,0.0,0.0,0.0,0.0,0.0,0.0,0.0
2,3,0.0,0.0,0.0,1.0,0.0,0.0,0.0,0.0,0.0,0.0,0.0,0.0,0.0
2,3,0.0,0.0,0.0,1.0,0.0,0.0,0.0,0.0,0.0,0.0,0.0,0.0,0.0
2,3,0.0,0.0,0.0,1.0,0.0,0.0,0.0,0.0,0.0,0.0,0.0,0.0,0.0
2,3,0.0,0.0,0.0,1.0,0.0,0.0,0.0,0.0,0.0,0.0,0.0,0.0,0.0
2,3,0.0,0.0,0.0,1.0,0.0,0.0,0.0,0.0,0.0,0.0,0.0,0.0,0.0
2,3,0.0,0.0,0.0,1.0,0.0,0.0,0.0,0.0,0.0,0.0,0.0,0.0,0.0
2,3,0.0,0.0,0.0,1.0,0.0,0.0,0.0,0.0,0.0,0.0,0.0,0.0,0.0
2,3,0.0,0.0,0.0,1.0,0.0,0.0,0.0,0.0,0.0,0.0,0.0,0.0,0.0
2,3,0.0,0.0,0.0,1.0,0.0,0.0,0.0,0.0,0.0,0.0,0.0,0.0,0.0
2,3,0.0,0.0,0.0,1.0,0.0,0.0,0.0,0.0,0.0,0.0,0.0,0.0,0.0
2,3,0.0,0.0,0.0,1.0,0.0,0.0,0.0,0.0,0.0,0.0,0.0,0.0,0.0
2,3,0.0,0.0,0.0,1.0,0.0,0.0,0.0,0.0,0.0,0.0,0.0,0.0,0.0
2,3,0.0,0.0,0.0,1.0,0.0,0.0,0.0,0.0,0.0,0.0,0.0,0.0,0.0
2,3,0.0,0.0,0.0,1.0,0.0,0.0,0.0,0.0,0.0,0.0,0.0,0.0,0.0
2,3,0.0,0.0,0.0,1.0,0.0,0.0,0.0,0.0,0.0,0.0,0.0,0.0,0.0
2,3,0.0,0.0,0.0,1.0,0.0,0.0,0.0,0.0,0.0,0.0,0.0,0.0,0.0
2,3,0.0,0.0,0.0,1.0,0.0,0.0,0.0,0.0,0.0,0.0,0.0,0.0,0.0
2,3,0.0,0.0,0.0,1.0,0.0,0.0,0.0,0.0,0.0,0.0,0.0,0.0,0.0
2,3,0.0,0.0,0.0,1.0,0.0,0.0,0.0,0.0,0.0,0.0,0.0,0.0,0.0
2,3,0.0,0.0,0.0,1.0,0.0,0.0,0.0,0.0,0.0,0.0,0.0,0.0,0.0
2,3,0.0,0.0,0.0,1.0,0.0,0.0,0.0,0.0,0.0,0.0,0.0,0.0,0.0
2,3,0.0,0.0,0.0,1.0,0.0,0.0,0.0,0.0,0.0,0.0,0.0,0.0,0.0
2,3,0.0,0.0,0.0,1.0,0.0,0.0,0.0,0.0,0.0,0.0,0.0,0.0,0.0
2,3,0.0,0.0,0.0,1.0,0.0,0.0,0.0,0.0,0.0,0.0,0.0,0.0,0.0
2,3,0.0,0.0,0.0,1.0,0.0,0.0,0.0,0.0,0.0,0.0,0.0,0.0,0.0
2,3,0.0,0.0,0.0,1.0,0.0,0.0,0.0,0.0,0.0,0.0,0.0,0.0,0.0
2,3,0.0,0.0,0.0,1.0,0.0,0.0,0.0,0.0,0.0,0.0,0.0,0.0,0.0
2,3,0.0,0.0,0.0,1.0,0.0,0.0,0.0,0.0,0.0,0.0,0.0,0.0,0.0
2,3,0.0,0.0,0.0,1.0,0.0,0.0,0.0,0.0,0.0,0.0,0.0,0.0,0.0
2,3,0.0,0.0,0.0,1.0,0.0,0.0,0.0,0.0,0.0,0.0,0.0,0.0,0.0
2,3,0.0,0.0,0.0,1.0,0.0,0.0,0.0,0.0,0.0,0.0,0.0,0.0,0.0
2,3,0.0,0.0,0.0,1.0,0.0,0.0,0.0,0.0,0.0,0.0,0.0,0.0,0.0
2,3,0.0,0.0,0.0,1.0,0.0,0.0,0.0,0.0,0.0,0.0,0.0,0.0,0.0
2,3,0.0,0.0,0.0,1.0,0.0,0.0,0.0,0.0,0.0,0.0,0.0,0.0,0.0
2,3,0.0,0.0,0.0,1.0,0.0,0.0,0.0,0.0,0.0,0.0,0.0,0.0,0.0
2,3,0.0,0.0,0.0,1.0,0.0,0.0,0.0,0.0,0.0,0.0,0.0,0.0,0.0
2,3,0.0,0.0,0.0,1.0,0.0,0.0,0.0,0.0,0.0,0.0,0.0,0.0,0.0
2,3,0.0,0.0,0.0,1.0,0.0,0.0,0.0,0.0,0.0,0.0,0.0,0.0,0.0
2,3,0.0,0.0,0.0,1.0,0.0,0.0,0.0,0.0,0.0,0.0,0.0,0.0,0.0
2,3,0.0,0.0,0.0,1.0,0.0,0.0,0.0,0.0,0.0,0.0,0.0,0.0,0.0
2,3,0.0,0.0,0.0,1.0,0.0,0.0,0.0,0.0,0.0,0.0,0.0,0.0,0.0
2,3,0.0,0.0,0.0,1.0,0.0,0.0,0.0,0.0,0.0,0.0,0.0,0.0,0.0
2,3,0.0,0.0,0.0,1.0,0.0,0.0,0.0,0.0,0.0,0.0,0.0,0.0,0.0
2,3,0.0,0.0,0.0,1.0,0.0,0.0,0.0,0.0,0.0,0.0,0.0,0.0,0.0
2,3,0.0,0.0,0.0,1.0,0.0,0.0,0.0,0.0,0.0,0.0,0.0,0.0,0.0
2,3,0.0,0.0,0.0,1.0,0.0,0.0,0.0,0.0,0.0,0.0,0.0,0.0,0.0
2,3,0.0,0.0,0.0,1.0,0.0,0.0,0.0,0.0,0.0,0.0,0.0,0.0,0.0
2,3,0.0,0.0,0.0,1.0,0.0,0.0,0.0,0.0,0.0,0.0,0.0,0.0,0.0
2,3,0.0,0.0,0.0,1.0,0.0,0.0,0.0,0.0,0.0,0.0,0.0,0.0,0.0
2,3,0.0,0.0,0.0,1.0,0.0,0.0,0.0,0.0,0.0,0.0,0.0,0.0,0.0
2,3,0.0,0.0,0.0,1.0,0.0,0.0,0.0,0.0,0.0,0.0,0.0,0.0,0.0
2,3,0.0,0.0,0.0,1.0,0.0,0.0,0.0,0.0,0.0,0.0,0.0,0.0,0.0
2,3,0.0,0.0,0.0,1.0,0.0,0.0,0.0,0.0,0.0,0.0,0.0,0.0,0.0
2,3,0.0,0.0,0.0,1.0,0.0,0.0,0.0,0.0,0.0,0.0,0.0,0.0,0.0
2,3,0.0,0.0,0.0,1.0,0.0,0.0,0.0,0.0,0.0,0.0,0.0,0.0,0.0
2,3,0.0,0.0,0.0,1.0,0.0,0.0,0.0,0.0,0.0,0.0,0.0,0.0,0.0
2,3,0.0,0.0,0.0,1.0,0.0,0.0,0.0,0.0,0.0,0.0,0.0,0.0,0.0
2,3,0.0,0.0,0.0,1.0,0.0,0.0,0.0,0.0,0.0,0.0,0.0,0.0,0.0
2,3,0.0,0.0,0.0,1.0,0.0,0.0,0.0,0.0,0.0,0.0,0.0,0.0,0.0
2,3,0.0,0.0,0.0,1.0,0.0,0.0,0.0,0.0,0.0,0.0,0.0,0.0,0.0
2,3,0.0,0.0,0.0,1.0,0.0,0.0,0.0,0.0,0.0,0.0,0.0,0.0,0.0
2,3,0.0,0.0,0.0,1.0,0.0,0.0,0.0,0.0,0.0,0.0,0.0,0.0,0.0
2,3,0.0,0.0,0.0,1.0,0.0,0.0,0.0,0.0,0.0,0.0,0.0,0.0,0.0
2,3,0.0,0.0,0.0,1.0,0.0,0.0,0.0,0.0,0.0,0.0,0.0,0.0,0.0
2,3,0.0,0.0,0.0,1.0,0.0,0.0,0.0,0.0,0.0,0.0,0.0,0.0,0.0
2,3,0.0,0.0,0.0,1.0,0.0,0.0,0.0,0.0,0.0,0.0,0.0,0.0,0.0
2,3,0.0,0.0,0.0,1.0,0.0,0.0,0.0,0.0,0.0,0.0,0.0,0.0,0.0
2,3,0.0,0.0,0.0,1.0,0.0,0.0,0.0,0.0,0.0,0.0,0.0,0.0,0.0
2,3,0.0,0.0,0.0,1.0,0.0,0.0,0.0,0.0,0.0,0.0,0.0,0.0,0.0
2,3,0.0,0.0,0.0,1.0,0.0,0.0,0.0,0.0,0.0,0.0,0.0,0.0,0.0
2,3,0.0,0.0,0.0,1.0,0.0,0.0,0.0,0.0,0.0,0.0,0.0,0.0,0.0
2,3,0.0,0.0,0.0,1.0,0.0,0.0,0.0,0.0,0.0,0.0,0.0,0.0,0.0
2,3,0.0,0.0,0.0,1.0,0.0,0.0,0.0,0.0,0.0,0.0,0.0,0.0,0.0
2,3,0.0,0.0,0.0,1.0,0.0,0.0,0.0,0.0,0.0,0.0,0.0,0.0,0.0
2,3,0.0,0.0,0.0,1.0,0.0,0.0,0.0,0.0,0.0,0.0,0.0,0.0,0.0
2,3,0.0,0.0,0.0,1.0,0.0,0.0,0.0,0.0,0.0,0.0,0.0,0.0,0.0
2,3,0.0,0.0,0.0,1.0,0.0,0.0,0.0,0.0,0.0,0.0,0.0,0.0,0.0
2,3,0.0,0.0,0.0,1.0,0.0,0.0,0.0,0.0,0.0,0.0,0.0,0.0,0.0
2,3,0.0,0.0,0.0,1.0,0.0,0.0,0.0,0.0,0.0,0.0,0.0,0.0,0.0
2,3,0.0,0.0,0.0,1.0,0.0,0.0,0.0,0.0,0.0,0.0,0.0,0.0,0.0
2,3,0.0,0.0,0.0,1.0,0.0,0.0,0.0,0.0,0.0,0.0,0.0,0.0,0.0
2,3,0.0,0.0,0.0,1.0,0.0,0.0,0.0,0.0,0.0,0.0,0.0,0.0,0.0
2,3,0.0,0.0,0.0,1.0,0.0,0.0,0.0,0.0,0.0,0.0,0.0,0.0,0.0
2,3,0.0,0.0,0.0,1.0,0.0,0.0,0.0,0.0,0.0,0.0,0.0,0.0,0.0
2,3,0.0,0.0,0.0,1.0,0.0,0.0,0.0,0.0,0.0,0.0,0.0,0.0,0.0
2,3,0.0,0.0,0.0,1.0,0.0,0.0,0.0,0.0,0.0,0.0,0.0,0.0,0.0
2,3,0.0,0.0,0.0,1.0,0.0,0.0,0.0,0.0,0.0,0.0,0.0,0.0,0.0
2,3,0.0,0.0,0.0,1.0,0.0,0.0,0.0,0.0,0.0,0.0,0.0,0.0,0.0
2,3,0.0,0.0,0.0,1.0,0.0,0.0,0.0,0.0,0.0,0.0,0.0,0.0,0.0
2,3,0.0,0.0,0.0,1.0,0.0,0.0,0.0,0.0,0.0,0.0,0.0,0.0,0.0
2,3,0.0,0.0,0.0,1.0,0.0,0.0,0.0,0.0,0.0,0.0,0.0,0.0,0.0
2,3,0.0,0.0,0.0,1.0,0.0,0.0,0.0,0.0,0.0,0.0,0.0,0.0,0.0
2,3,0.0,0.0,0.0,1.0,0.0,0.0,0.0,0.0,0.0,0.0,0.0,0.0,0.0
2,3,0.0,0.0,0.0,1.0,0.0,0.0,0.0,0.0,0.0,0.0,0.0,0.0,0.0
2,3,0.0,0.0,0.0,1.0,0.0,0.0,0.0,0.0,0.0,0.0,0.0,0.0,0.0
2,3,0.0,0.0,0.0,1.0,0.0,0.0,0.0,0.0,0.0,0.0,0.0,0.0,0.0
2,3,0.0,0.0,0.0,1.0,0.0,0.0,0.0,0.0,0.0,0.0,0.0,0.0,0.0
2,3,0.0,0.0,0.0,1.0,0.0,0.0,0.0,0.0,0.0,0.0,0.0,0.0,0.0
2,3,0.0,0.0,0.0,1.0,0.0,0.0,0.0,0.0,0.0,0.0,0.0,0.0,0.0
2,3,0.0,0.0,0.0,1.0,0.0,0.0,0.0,0.0,0.0,0.0,0.0,0.0,0.0
2,3,0.0,0.0,0.0,1.0,0.0,0.0,0.0,0.0,0.0,0.0,0.0,0.0,0.0
2,3,0.0,0.0,0.0,1.0,0.0,0.0,0.0,0.0,0.0,0.0,0.0,0.0,0.0
2,3,0.0,0.0,0.0,1.0,0.0,0.0,0.0,0.0,0.0,0.0,0.0,0.0,0.0
2,3,0.0,0.0,0.0,1.0,0.0,0.0,0.0,0.0,0.0,0.0,0.0,0.0,0.0
2,3,0.0,0.0,0.0,1.0,0.0,0.0,0.0,0.0,0.0,0.0,0.0,0.0,0.0
2,3,0.0,0.0,0.0,1.0,0.0,0.0,0.0,0.0,0.0,0.0,0.0,0.0,0.0
2,3,0.0,0.0,0.0,1.0,0.0,0.0,0.0,0.0,0.0,0.0,0.0,0.0,0.0
2,3,0.0,0.0,0.0,1.0,0.0,0.0,0.0,0.0,0.0,0.0,0.0,0.0,0.0
2,3,0.0,0.0,0.0,1.0,0.0,0.0,0.0,0.0,0.0,0.0,0.0,0.0,0.0
2,3,0.0,0.0,0.0,1.0,0.0,0.0,0.0,0.0,0.0,0.0,0.0,0.0,0.0
2,3,0.0,0.0,0.0,1.0,0.0,0.0,0.0,0.0,0.0,0.0,0.0,0.0,0.0
2,3,0.0,0.0,0.0,1.0,0.0,0.0,0.0,0.0,0.0,0.0,0.0,0.0,0.0
2,3,0.067583494,0.0,0.0,0.93241656,0.0,0.0,0.0,0.0,0.0,0.0,0.0,0.0,0.0
2,3,0.067583494,0.0,0.0,0.93241656,0.0,0.0,0.0,0.0,0.0,0.0,0.0,0.0,0.0
2,3,0.067583494,0.0,0.0,0.93241656,0.0,0.0,0.0,0.0,0.0,0.0,0.0,0.0,0.0
2,3,0.067583494,0.0,0.0,0.93241656,0.0,0.0,0.0,0.0,0.0,0.0,0.0,0.0,0.0
2,3,0.067583494,0.0,0.0,0.93241656,0.0,0.0,0.0,0.0,0.0,0.0,0.0,0.0,0.0
2,3,0.067583494,0.0,0.0,0.93241656,0.0,0.0,0.0,0.0,0.0,0.0,0.0,0.0,0.0
2,3,0.067583494,0.0,0.0,0.93241656,0.0,0.0,0.0,0.0,0.0,0.0,0.0,0.0,0.0
2,3,0.067583494,0.0,0.0,0.93241656,0.0,0.0,0.0,0.0,0.0,0.0,0.0,0.0,0.0
2,3,0.067583494,0.0,0.0,0.93241656,0.0,0.0,0.0,0.0,0.0,0.0,0.0,0.0,0.0
2,3,0.067583494,0.0,0.0,0.93241656,0.0,0.0,0.0,0.0,0.0,0.0,0.0,0.0,0.0
2,3,0.067583494,0.0,0.0,0.93241656,0.0,0.0,0.0,0.0,0.0,0.0,0.0,0.0,0.0
2,3,0.067583494,0.0,0.0,0.93241656,0.0,0.0,0.0,0.0,0.0,0.0,0.0,0.0,0.0
2,3,0.067583494,0.0,0.0,0.93241656,0.0,0.0,0.0,0.0,0.0,0.0,0.0,0.0,0.0
2,3,0.067583494,0.0,0.0,0.93241656,0.0,0.0,0.0,0.0,0.0,0.0,0.0,0.0,0.0
2,3,0.067583494,0.0,0.0,0.93241656,0.0,0.0,0.0,0.0,0.0,0.0,0.0,0.0,0.0
2,3,0.067583494,0.0,0.0,0.93241656,0.0,0.0,0.0,0.0,0.0,0.0,0.0,0.0,0.0
2,3,0.067583494,0.0,0.0,0.93241656,0.0,0.0,0.0,0.0,0.0,0.0,0.0,0.0,0.0
2,3,0.067583494,0.0,0.0,0.93241656,0.0,0.0,0.0,0.0,0.0,0.0,0.0,0.0,0.0
2,3,0.067583494,0.0,0.0,0.93241656,0.0,0.0,0.0,0.0,0.0,0.0,0.0,0.0,0.0
2,3,0.067583494,0.0,0.0,0.93241656,0.0,0.0,0.0,0.0,0.0,0.0,0.0,0.0,0.0
2,3,0.067583494,0.0,0.0,0.93241656,0.0,0.0,0.0,0.0,0.0,0.0,0.0,0.0,0.0
2,3,0.067583494,0.0,0.0,0.93241656,0.0,0.0,0.0,0.0,0.0,0.0,0.0,0.0,0.0
2,3,0.067583494,0.0,0.0,0.93241656,0.0,0.0,0.0,0.0,0.0,0.0,0.0,0.0,0.0
2,3,0.067583494,0.0,0.0,0.93241656,0.0,0.0,0.0,0.0,0.0,0.0,0.0,0.0,0.0
2,3,0.067583494,0.0,0.0,0.93241656,0.0,0.0,0.0,0.0,0.0,0.0,0.0,0.0,0.0
2,3,0.067583494,0.0,0.0,0.93241656,0.0,0.0,0.0,0.0,0.0,0.0,0.0,0.0,0.0
2,3,0.067583494,0.0,0.0,0.93241656,0.0,0.0,0.0,0.0,0.0,0.0,0.0,0.0,0.0
2,3,0.067583494,0.0,0.0,0.93241656,0.0,0.0,0.0,0.0,0.0,0.0,0.0,0.0,0.0
2,3,0.067583494,0.0,0.0,0.93241656,0.0,0.0,0.0,0.0,0.0,0.0,0.0,0.0,0.0
2,3,0.067583494,0.0,0.0,0.93241656,0.0,0.0,0.0,0.0,0.0,0.0,0.0,0.0,0.0
2,3,0.067583494,0.0,0.0,0.93241656,0.0,0.0,0.0,0.0,0.0,0.0,0.0,0.0,0.0
2,3,0.067583494,0.0,0.0,0.93241656,0.0,0.0,0.0,0.0,0.0,0.0,0.0,0.0,0.0
2,3,0.067583494,0.0,0.0,0.93241656,0.0,0.0,0.0,0.0,0.0,0.0,0.0,0.0,0.0
2,3,0.067583494,0.0,0.0,0.93241656,0.0,0.0,0.0,0.0,0.0,0.0,0.0,0.0,0.0
2,3,0.067583494,0.0,0.0,0.93241656,0.0,0.0,0.0,0.0,0.0,0.0,0.0,0.0,0.0
2,3,0.067583494,0.0,0.0,0.93241656,0.0,0.0,0.0,0.0,0.0,0.0,0.0,0.0,0.0
2,3,0.067583494,0.0,0.0,0.93241656,0.0,0.0,0.0,0.0,0.0,0.0,0.0,0.0,0.0
2,3,0.067583494,0.0,0.0,0.93241656,0.0,0.0,0.0,0.0,0.0,0.0,0.0,0.0,0.0
2,3,0.067583494,0.0,0.0,0.93241656,0.0,0.0,0.0,0.0,0.0,0.0,0.0,0.0,0.0
2,3,0.067583494,0.0,0.0,0.93241656,0.0,0.0,0.0,0.0,0.0,0.0,0.0,0.0,0.0
2,3,0.067583494,0.0,0.0,0.93241656,0.0,0.0,0.0,0.0,0.0,0.0,0.0,0.0,0.0
2,3,0.067583494,0.0,0.0,0.93241656,0.0,0.0,0.0,0.0,0.0,0.0,0.0,0.0,0.0
2,3,0.0,0.0,0.0,1.0,0.0,0.0,0.0,0.0,0.0,0.0,0.0,0.0,0.0
2,3,0.0,0.0,0.0,1.0,0.0,0.0,0.0,0.0,0.0,0.0,0.0,0.0,0.0
2,3,0.0,0.0,0.0,1.0,0.0,0.0,0.0,0.0,0.0,0.0,0.0,0.0,0.0
2,3,0.0,0.0,0.0,1.0,0.0,0.0,0.0,0.0,0.0,0.0,0.0,0.0,0.0
2,3,0.0,0.0,0.0,1.0,0.0,0.0,0.0,0.0,0.0,0.0,0.0,0.0,0.0
2,3,0.0,0.0,0.0,1.0,0.0,0.0,0.0,0.0,0.0,0.0,0.0,0.0,0.0
2,3,0.0,0.0,0.0,1.0,0.0,0.0,0.0,0.0,0.0,0.0,0.0,0.0,0.0
2,3,0.0,0.0,0.0,1.0,0.0,0.0,0.0,0.0,0.0,0.0,0.0,0.0,0.0
2,3,0.0,0.0,0.0,1.0,0.0,0.0,0.0,0.0,0.0,0.0,0.0,0.0,0.0
2,3,0.0,0.0,0.0,1.0,0.0,0.0,0.0,0.0,0.0,0.0,0.0,0.0,0.0
2,3,0.0,0.0,0.0,1.0,0.0,0.0,0.0,0.0,0.0,0.0,0.0,0.0,0.0
2,3,0.0,0.0,0.0,1.0,0.0,0.0,0.0,0.0,0.0,0.0,0.0,0.0,0.0
2,3,0.0,0.0,0.0,1.0,0.0,0.0,0.0,0.0,0.0,0.0,0.0,0.0,0.0
2,3,0.0,0.0,0.0,1.0,0.0,0.0,0.0,0.0,0.0,0.0,0.0,0.0,0.0
2,3,0.0,0.0,0.0,1.0,0.0,0.0,0.0,0.0,0.0,0.0,0.0,0.0,0.0
2,3,0.0,0.0,0.0,1.0,0.0,0.0,0.0,0.0,0.0,0.0,0.0,0.0,0.0
2,3,0.0,0.0,0.0,1.0,0.0,0.0,0.0,0.0,0.0,0.0,0.0,0.0,0.0
2,3,0.0,0.0,0.0,1.0,0.0,0.0,0.0,0.0,0.0,0.0,0.0,0.0,0.0
2,3,0.0,0.0,0.0,1.0,0.0,0.0,0.0,0.0,0.0,0.0,0.0,0.0,0.0
2,3,0.0,0.0,0.0,1.0,0.0,0.0,0.0,0.0,0.0,0.0,0.0,0.0,0.0
2,3,0.0,0.0,0.0,1.0,0.0,0.0,0.0,0.0,0.0,0.0,0.0,0.0,0.0
2,3,0.0,0.0,0.0,1.0,0.0,0.0,0.0,0.0,0.0,0.0,0.0,0.0,0.0
2,3,0.0,0.0,0.0,1.0,0.0,0.0,0.0,0.0,0.0,0.0,0.0,0.0,0.0
2,3,0.0,0.0,0.0,1.0,0.0,0.0,0.0,0.0,0.0,0.0,0.0,0.0,0.0
2,3,0.0,0.0,0.0,1.0,0.0,0.0,0.0,0.0,0.0,0.0,0.0,0.0,0.0
2,3,0.0,0.0,0.0,1.0,0.0,0.0,0.0,0.0,0.0,0.0,0.0,0.0,0.0
2,3,0.0,0.0,0.0,1.0,0.0,0.0,0.0,0.0,0.0,0.0,0.0,0.0,0.0
2,3,0.0,0.0,0.0,1.0,0.0,0.0,0.0,0.0,0.0,0.0,0.0,0.0,0.0
2,3,0.0,0.0,0.0,1.0,0.0,0.0,0.0,0.0,0.0,0.0,0.0,0.0,0.0
2,3,0.0,0.0,0.0,1.0,0.0,0.0,0.0,0.0,0.0,0.0,0.0,0.0,0.0
2,3,0.0,0.0,0.0,1.0,0.0,0.0,0.0,0.0,0.0,0.0,0.0,0.0,0.0
2,3,0.0,0.0,0.0,1.0,0.0,0.0,0.0,0.0,0.0,0.0,0.0,0.0,0.0
2,3,0.0,0.0,0.0,1.0,0.0,0.0,0.0,0.0,0.0,0.0,0.0,0.0,0.0
2,3,0.0,0.0,0.0,1.0,0.0,0.0,0.0,0.0,0.0,0.0,0.0,0.0,0.0
2,3,0.0,0.0,0.0,1.0,0.0,0.0,0.0,0.0,0.0,0.0,0.0,0.0,0.0
2,3,0.0,0.0,0.0,1.0,0.0,0.0,0.0,0.0,0.0,0.0,0.0,0.0,0.0
2,3,0.0,0.0,0.0,1.0,0.0,0.0,0.0,0.0,0.0,0.0,0.0,0.0,0.0
2,3,0.0,0.0,0.0,1.0,0.0,0.0,0.0,0.0,0.0,0.0,0.0,0.0,0.0
2,3,0.0,0.0,0.0,1.0,0.0,0.0,0.0,0.0,0.0,0.0,0.0,0.0,0.0
2,3,0.0,0.0,0.0,1.0,0.0,0.0,0.0,0.0,0.0,0.0,0.0,0.0,0.0
2,3,0.0,0.0,0.0,1.0,0.0,0.0,0.0,0.0,0.0,0.0,0.0,0.0,0.0
2,3,0.0,0.0,0.0,1.0,0.0,0.0,0.0,0.0,0.0,0.0,0.0,0.0,0.0
2,3,0.0,0.0,0.0,1.0,0.0,0.0,0.0,0.0,0.0,0.0,0.0,0.0,0.0
2,3,0.0,0.0,0.0,1.0,0.0,0.0,0.0,0.0,0.0,0.0,0.0,0.0,0.0
2,3,0.0,0.0,0.0,1.0,0.0,0.0,0.0,0.0,0.0,0.0,0.0,0.0,0.0
2,3,0.0,0.0,0.0,1.0,0.0,0.0,0.0,0.0,0.0,0.0,0.0,0.0,0.0
2,3,0.0,0.0,0.0,1.0,0.0,0.0,0.0,0.0,0.0,0.0,0.0,0.0,0.0
2,3,0.0,0.0,0.0,1.0,0.0,0.0,0.0,0.0,0.0,0.0,0.0,0.0,0.0
2,3,0.0,0.0,0.0,1.0,0.0,0.0,0.0,0.0,0.0,0.0,0.0,0.0,0.0
2,3,0.0,0.0,0.0,1.0,0.0,0.0,0.0,0.0,0.0,0.0,0.0,0.0,0.0
2,3,0.0,0.0,0.0,1.0,0.0,0.0,0.0,0.0,0.0,0.0,0.0,0.0,0.0
2,3,0.0,0.0,0.0,1.0,0.0,0.0,0.0,0.0,0.0,0.0,0.0,0.0,0.0
2,3,0.0,0.0,0.0,1.0,0.0,0.0,0.0,0.0,0.0,0.0,0.0,0.0,0.0
2,3,0.0,0.0,0.0,1.0,0.0,0.0,0.0,0.0,0.0,0.0,0.0,0.0,0.0
2,3,0.0,0.0,0.0,1.0,0.0,0.0,0.0,0.0,0.0,0.0,0.0,0.0,0.0
2,3,0.0,0.0,0.0,1.0,0.0,0.0,0.0,0.0,0.0,0.0,0.0,0.0,0.0
2,3,0.0,0.0,0.0,1.0,0.0,0.0,0.0,0.0,0.0,0.0,0.0,0.0,0.0
2,3,0.0,0.0,0.0,1.0,0.0,0.0,0.0,0.0,0.0,0.0,0.0,0.0,0.0
2,3,0.0,0.0,0.0,1.0,0.0,0.0,0.0,0.0,0.0,0.0,0.0,0.0,0.0
2,3,0.0,0.0,0.0,1.0,0.0,0.0,0.0,0.0,0.0,0.0,0.0,0.0,0.0
2,3,0.0,0.0,0.0,1.0,0.0,0.0,0.0,0.0,0.0,0.0,0.0,0.0,0.0
2,3,0.0,0.0,0.0,1.0,0.0,0.0,0.0,0.0,0.0,0.0,0.0,0.0,0.0
2,3,0.0,0.0,0.0,1.0,0.0,0.0,0.0,0.0,0.0,0.0,0.0,0.0,0.0
2,3,0.0,0.0,0.0,1.0,0.0,0.0,0.0,0.0,0.0,0.0,0.0,0.0,0.0
2,3,0.0,0.0,0.0,1.0,0.0,0.0,0.0,0.0,0.0,0.0,0.0,0.0,0.0
2,3,0.0,0.0,0.0,1.0,0.0,0.0,0.0,0.0,0.0,0.0,0.0,0.0,0.0
2,3,0.0,0.0,0.0,1.0,0.0,0.0,0.0,0.0,0.0,0.0,0.0,0.0,0.0
2,3,0.0,0.0,0.0,1.0,0.0,0.0,0.0,0.0,0.0,0.0,0.0,0.0,0.0
2,3,0.0,0.0,0.0,1.0,0.0,0.0,0.0,0.0,0.0,0.0,0.0,0.0,0.0
2,3,0.0,0.0,0.0,1.0,0.0,0.0,0.0,0.0,0.0,0.0,0.0,0.0,0.0
2,3,0.0,0.0,0.0,1.0,0.0,0.0,0.0,0.0,0.0,0.0,0.0,0.0,0.0
2,3,0.0,0.0,0.0,1.0,0.0,0.0,0.0,0.0,0.0,0.0,0.0,0.0,0.0
2,3,0.0,0.0,0.0,1.0,0.0,0.0,0.0,0.0,0.0,0.0,0.0,0.0,0.0
2,3,0.0,0.0,0.0,1.0,0.0,0.0,0.0,0.0,0.0,0.0,0.0,0.0,0.0
2,3,0.0,0.0,0.0,1.0,0.0,0.0,0.0,0.0,0.0,0.0,0.0,0.0,0.0
2,3,0.0,0.0,0.0,1.0,0.0,0.0,0.0,0.0,0.0,0.0,0.0,0.0,0.0
2,3,0.0,0.0,0.0,1.0,0.0,0.0,0.0,0.0,0.0,0.0,0.0,0.0,0.0
2,3,0.0,0.0,0.0,1.0,0.0,0.0,0.0,0.0,0.0,0.0,0.0,0.0,0.0
2,3,0.0,0.0,0.0,1.0,0.0,0.0,0.0,0.0,0.0,0.0,0.0,0.0,0.0
2,3,0.0,0.0,0.0,1.0,0.0,0.0,0.0,0.0,0.0,0.0,0.0,0.0,0.0
2,3,0.0,0.0,0.0,1.0,0.0,0.0,0.0,0.0,0.0,0.0,0.0,0.0,0.0
2,3,0.0,0.0,0.0,1.0,0.0,0.0,0.0,0.0,0.0,0.0,0.0,0.0,0.0
2,3,0.0,0.0,0.0,1.0,0.0,0.0,0.0,0.0,0.0,0.0,0.0,0.0,0.0
2,3,0.0,0.0,0.0,1.0,0.0,0.0,0.0,0.0,0.0,0.0,0.0,0.0,0.0
2,3,0.067583494,0.0,0.0,0.93241656,0.0,0.0,0.0,0.0,0.0,0.0,0.0,0.0,0.0
2,3,0.067583494,0.0,0.0,0.93241656,0.0,0.0,0.0,0.0,0.0,0.0,0.0,0.0,0.0
2,3,0.067583494,0.0,0.0,0.93241656,0.0,0.0,0.0,0.0,0.0,0.0,0.0,0.0,0.0
2,3,0.067583494,0.0,0.0,0.93241656,0.0,0.0,0.0,0.0,0.0,0.0,0.0,0.0,0.0
2,3,0.067583494,0.0,0.0,0.93241656,0.0,0.0,0.0,0.0,0.0,0.0,0.0,0.0,0.0
2,3,0.067583494,0.0,0.0,0.93241656,0.0,0.0,0.0,0.0,0.0,0.0,0.0,0.0,0.0
2,3,0.067583494,0.0,0.0,0.93241656,0.0,0.0,0.0,0.0,0.0,0.0,0.0,0.0,0.0
2,3,0.067583494,0.0,0.0,0.93241656,0.0,0.0,0.0,0.0,0.0,0.0,0.0,0.0,0.0
2,3,0.067583494,0.0,0.0,0.93241656,0.0,0.0,0.0,0.0,0.0,0.0,0.0,0.0,0.0
2,3,0.067583494,0.0,0.0,0.93241656,0.0,0.0,0.0,0.0,0.0,0.0,0.0,0.0,0.0
2,3,0.067583494,0.0,0.0,0.93241656,0.0,0.0,0.0,0.0,0.0,0.0,0.0,0.0,0.0
2,3,0.067583494,0.0,0.0,0.93241656,0.0,0.0,0.0,0.0,0.0,0.0,0.0,0.0,0.0
2,3,0.067583494,0.0,0.0,0.93241656,0.0,0.0,0.0,0.0,0.0,0.0,0.0,0.0,0.0
2,3,0.067583494,0.0,0.0,0.93241656,0.0,0.0,0.0,0.0,0.0,0.0,0.0,0.0,0.0
2,3,0.067583494,0.0,0.0,0.93241656,0.0,0.0,0.0,0.0,0.0,0.0,0.0,0.0,0.0
2,3,0.067583494,0.0,0.0,0.93241656,0.0,0.0,0.0,0.0,0.0,0.0,0.0,0.0,0.0
2,3,0.067583494,0.0,0.0,0.93241656,0.0,0.0,0.0,0.0,0.0,0.0,0.0,0.0,0.0
2,3,0.067583494,0.0,0.0,0.93241656,0.0,0.0,0.0,0.0,0.0,0.0,0.0,0.0,0.0
2,3,0.067583494,0.0,0.0,0.93241656,0.0,0.0,0.0,0.0,0.0,0.0,0.0,0.0,0.0
2,3,0.067583494,0.0,0.0,0.93241656,0.0,0.0,0.0,0.0,0.0,0.0,0.0,0.0,0.0
2,3,0.067583494,0.0,0.0,0.93241656,0.0,0.0,0.0,0.0,0.0,0.0,0.0,0.0,0.0
2,3,0.067583494,0.0,0.0,0.93241656,0.0,0.0,0.0,0.0,0.0,0.0,0.0,0.0,0.0
2,3,0.067583494,0.0,0.0,0.93241656,0.0,0.0,0.0,0.0,0.0,0.0,0.0,0.0,0.0
2,3,0.067583494,0.0,0.0,0.93241656,0.0,0.0,0.0,0.0,0.0,0.0,0.0,0.0,0.0
2,3,0.067583494,0.0,0.0,0.93241656,0.0,0.0,0.0,0.0,0.0,0.0,0.0,0.0,0.0
2,3,0.067583494,0.0,0.0,0.93241656,0.0,0.0,0.0,0.0,0.0,0.0,0.0,0.0,0.0
2,3,0.067583494,0.0,0.0,0.93241656,0.0,0.0,0.0,0.0,0.0,0.0,0.0,0.0,0.0
2,3,0.067583494,0.0,0.0,0.93241656,0.0,0.0,0.0,0.0,0.0,0.0,0.0,0.0,0.0
2,3,0.067583494,0.0,0.0,0.93241656,0.0,0.0,0.0,0.0,0.0,0.0,0.0,0.0,0.0
2,3,0.067583494,0.0,0.0,0.93241656,0.0,0.0,0.0,0.0,0.0,0.0,0.0,0.0,0.0
2,3,0.067583494,0.0,0.0,0.93241656,0.0,0.0,0.0,0.0,0.0,0.0,0.0,0.0,0.0
2,3,0.067583494,0.0,0.0,0.93241656,0.0,0.0,0.0,0.0,0.0,0.0,0.0,0.0,0.0
2,3,0.067583494,0.0,0.0,0.93241656,0.0,0.0,0.0,0.0,0.0,0.0,0.0,0.0,0.0
2,3,0.067583494,0.0,0.0,0.93241656,0.0,0.0,0.0,0.0,0.0,0.0,0.0,0.0,0.0
2,3,0.067583494,0.0,0.0,0.93241656,0.0,0.0,0.0,0.0,0.0,0.0,0.0,0.0,0.0
2,3,0.067583494,0.0,0.0,0.93241656,0.0,0.0,0.0,0.0,0.0,0.0,0.0,0.0,0.0
2,3,0.067583494,0.0,0.0,0.93241656,0.0,0.0,0.0,0.0,0.0,0.0,0.0,0.0,0.0
2,3,0.067583494,0.0,0.0,0.93241656,0.0,0.0,0.0,0.0,0.0,0.0,0.0,0.0,0.0
2,3,0.067583494,0.0,0.0,0.93241656,0.0,0.0,0.0,0.0,0.0,0.0,0.0,0.0,0.0
2,3,0.067583494,0.0,0.0,0.93241656,0.0,0.0,0.0,0.0,0.0,0.0,0.0,0.0,0.0
2,3,0.067583494,0.0,0.0,0.93241656,0.0,0.0,0.0,0.0,0.0,0.0,0.0,0.0,0.0
2,3,0.067583494,0.0,0.0,0.93241656,0.0,0.0,0.0,0.0,0.0,0.0,0.0,0.0,0.0
2,3,0.067583494,0.0,0.0,0.93241656,0.0,0.0,0.0,0.0,0.0,0.0,0.0,0.0,0.0
2,3,0.067583494,0.0,0.0,0.93241656,0.0,0.0,0.0,0.0,0.0,0.0,0.0,0.0,0.0
2,3,0.067583494,0.0,0.0,0.93241656,0.0,0.0,0.0,0.0,0.0,0.0,0.0,0.0,0.0
2,3,0.067583494,0.0,0.0,0.93241656,0.0,0.0,0.0,0.0,0.0,0.0,0.0,0.0,0.0
2,3,0.067583494,0.0,0.0,0.93241656,0.0,0.0,0.0,0.0,0.0,0.0,0.0,0.0,0.0
2,3,0.067583494,0.0,0.0,0.93241656,0.0,0.0,0.0,0.0,0.0,0.0,0.0,0.0,0.0
2,3,0.067583494,0.0,0.0,0.93241656,0.0,0.0,0.0,0.0,0.0,0.0,0.0,0.0,0.0
2,3,0.067583494,0.0,0.0,0.93241656,0.0,0.0,0.0,0.0,0.0,0.0,0.0,0.0,0.0
2,3,0.067583494,0.0,0.0,0.93241656,0.0,0.0,0.0,0.0,0.0,0.0,0.0,0.0,0.0
2,3,0.067583494,0.0,0.0,0.93241656,0.0,0.0,0.0,0.0,0.0,0.0,0.0,0.0,0.0
2,3,0.067583494,0.0,0.0,0.93241656,0.0,0.0,0.0,0.0,0.0,0.0,0.0,0.0,0.0
2,3,0.067583494,0.0,0.0,0.93241656,0.0,0.0,0.0,0.0,0.0,0.0,0.0,0.0,0.0
2,3,0.067583494,0.0,0.0,0.93241656,0.0,0.0,0.0,0.0,0.0,0.0,0.0,0.0,0.0
2,3,0.067583494,0.0,0.0,0.93241656,0.0,0.0,0.0,0.0,0.0,0.0,0.0,0.0,0.0
2,3,0.067583494,0.0,0.0,0.93241656,0.0,0.0,0.0,0.0,0.0,0.0,0.0,0.0,0.0
2,3,0.067583494,0.0,0.0,0.93241656,0.0,0.0,0.0,0.0,0.0,0.0,0.0,0.0,0.0
2,3,0.067583494,0.0,0.0,0.93241656,0.0,0.0,0.0,0.0,0.0,0.0,0.0,0.0,0.0
2,3,0.067583494,0.0,0.0,0.93241656,0.0,0.0,0.0,0.0,0.0,0.0,0.0,0.0,0.0
2,3,0.067583494,0.0,0.0,0.93241656,0.0,0.0,0.0,0.0,0.0,0.0,0.0,0.0,0.0
2,3,0.067583494,0.0,0.0,0.93241656,0.0,0.0,0.0,0.0,0.0,0.0,0.0,0.0,0.0
2,3,0.067583494,0.0,0.0,0.93241656,0.0,0.0,0.0,0.0,0.0,0.0,0.0,0.0,0.0
2,3,0.067583494,0.0,0.0,0.93241656,0.0,0.0,0.0,0.0,0.0,0.0,0.0,0.0,0.0
2,3,0.067583494,0.0,0.0,0.93241656,0.0,0.0,0.0,0.0,0.0,0.0,0.0,0.0,0.0
2,3,0.067583494,0.0,0.0,0.93241656,0.0,0.0,0.0,0.0,0.0,0.0,0.0,0.0,0.0
2,3,0.067583494,0.0,0.0,0.93241656,0.0,0.0,0.0,0.0,0.0,0.0,0.0,0.0,0.0
2,3,0.067583494,0.0,0.0,0.93241656,0.0,0.0,0.0,0.0,0.0,0.0,0.0,0.0,0.0
2,3,0.067583494,0.0,0.0,0.93241656,0.0,0.0,0.0,0.0,0.0,0.0,0.0,0.0,0.0
2,3,0.067583494,0.0,0.0,0.93241656,0.0,0.0,0.0,0.0,0.0,0.0,0.0,0.0,0.0
2,3,0.067583494,0.0,0.0,0.93241656,0.0,0.0,0.0,0.0,0.0,0.0,0.0,0.0,0.0
2,3,0.067583494,0.0,0.0,0.93241656,0.0,0.0,0.0,0.0,0.0,0.0,0.0,0.0,0.0
2,3,0.067583494,0.0,0.0,0.93241656,0.0,0.0,0.0,0.0,0.0,0.0,0.0,0.0,0.0
2,3,0.067583494,0.0,0.0,0.93241656,0.0,0.0,0.0,0.0,0.0,0.0,0.0,0.0,0.0
2,3,0.067583494,0.0,0.0,0.93241656,0.0,0.0,0.0,0.0,0.0,0.0,0.0,0.0,0.0
2,3,0.067583494,0.0,0.0,0.93241656,0.0,0.0,0.0,0.0,0.0,0.0,0.0,0.0,0.0
2,3,0.067583494,0.0,0.0,0.93241656,0.0,0.0,0.0,0.0,0.0,0.0,0.0,0.0,0.0
2,3,0.067583494,0.0,0.0,0.93241656,0.0,0.0,0.0,0.0,0.0,0.0,0.0,0.0,0.0
2,3,0.067583494,0.0,0.0,0.93241656,0.0,0.0,0.0,0.0,0.0,0.0,0.0,0.0,0.0
2,3,0.067583494,0.0,0.0,0.93241656,0.0,0.0,0.0,0.0,0.0,0.0,0.0,0.0,0.0
2,3,0.067583494,0.0,0.0,0.93241656,0.0,0.0,0.0,0.0,0.0,0.0,0.0,0.0,0.0
2,3,0.067583494,0.0,0.0,0.93241656,0.0,0.0,0.0,0.0,0.0,0.0,0.0,0.0,0.0
2,3,0.067583494,0.0,0.0,0.93241656,0.0,0.0,0.0,0.0,0.0,0.0,0.0,0.0,0.0
2,3,0.067583494,0.0,0.0,0.93241656,0.0,0.0,0.0,0.0,0.0,0.0,0.0,0.0,0.0
2,3,0.067583494,0.0,0.0,0.93241656,0.0,0.0,0.0,0.0,0.0,0.0,0.0,0.0,0.0
2,3,0.067583494,0.0,0.0,0.93241656,0.0,0.0,0.0,0.0,0.0,0.0,0.0,0.0,0.0
2,3,0.067583494,0.0,0.0,0.93241656,0.0,0.0,0.0,0.0,0.0,0.0,0.0,0.0,0.0
2,3,0.067583494,0.0,0.0,0.93241656,0.0,0.0,0.0,0.0,0.0,0.0,0.0,0.0,0.0
2,3,0.067583494,0.0,0.0,0.93241656,0.0,0.0,0.0,0.0,0.0,0.0,0.0,0.0,0.0
2,3,0.067583494,0.0,0.0,0.93241656,0.0,0.0,0.0,0.0,0.0,0.0,0.0,0.0,0.0
2,3,0.067583494,0.0,0.0,0.93241656,0.0,0.0,0.0,0.0,0.0,0.0,0.0,0.0,0.0
2,3,0.067583494,0.0,0.0,0.93241656,0.0,0.0,0.0,0.0,0.0,0.0,0.0,0.0,0.0
2,3,0.067583494,0.0,0.0,0.93241656,0.0,0.0,0.0,0.0,0.0,0.0,0.0,0.0,0.0
2,3,0.067583494,0.0,0.0,0.93241656,0.0,0.0,0.0,0.0,0.0,0.0,0.0,0.0,0.0
2,3,0.067583494,0.0,0.0,0.93241656,0.0,0.0,0.0,0.0,0.0,0.0,0.0,0.0,0.0
2,3,0.067583494,0.0,0.0,0.93241656,0.0,0.0,0.0,0.0,0.0,0.0,0.0,0.0,0.0
2,3,0.067583494,0.0,0.0,0.93241656,0.0,0.0,0.0,0.0,0.0,0.0,0.0,0.0,0.0
2,3,0.067583494,0.0,0.0,0.93241656,0.0,0.0,0.0,0.0,0.0,0.0,0.0,0.0,0.0
2,3,0.067583494,0.0,0.0,0.93241656,0.0,0.0,0.0,0.0,0.0,0.0,0.0,0.0,0.0
2,3,0.067583494,0.0,0.0,0.93241656,0.0,0.0,0.0,0.0,0.0,0.0,0.0,0.0,0.0
2,3,0.067583494,0.0,0.0,0.93241656,0.0,0.0,0.0,0.0,0.0,0.0,0.0,0.0,0.0
2,3,0.067583494,0.0,0.0,0.93241656,0.0,0.0,0.0,0.0,0.0,0.0,0.0,0.0,0.0
2,3,0.067583494,0.06535795,0.0,0.8670586,0.0,0.0,0.0,0.0,0.0,0.0,0.0,0.0,0.0
2,3,0.067583494,0.06535795,0.0,0.8670586,0.0,0.0,0.0,0.0,0.0,0.0,0.0,0.0,0.0
2,3,0.067583494,0.06535795,0.0,0.8670586,0.0,0.0,0.0,0.0,0.0,0.0,0.0,0.0,0.0
2,3,0.067583494,0.06535795,0.0,0.8670586,0.0,0.0,0.0,0.0,0.0,0.0,0.0,0.0,0.0
2,3,0.067583494,0.06535795,0.0,0.8670586,0.0,0.0,0.0,0.0,0.0,0.0,0.0,0.0,0.0
2,3,0.067583494,0.06535795,0.0,0.8670586,0.0,0.0,0.0,0.0,0.0,0.0,0.0,0.0,0.0
2,3,0.067583494,0.06535795,0.0,0.8670586,0.0,0.0,0.0,0.0,0.0,0.0,0.0,0.0,0.0
2,3,0.067583494,0.06535795,0.0,0.8670586,0.0,0.0,0.0,0.0,0.0,0.0,0.0,0.0,0.0
2,3,0.067583494,0.06535795,0.0,0.8670586,0.0,0.0,0.0,0.0,0.0,0.0,0.0,0.0,0.0
2,3,0.067583494,0.06535795,0.0,0.8670586,0.0,0.0,0.0,0.0,0.0,0.0,0.0,0.0,0.0
2,3,0.067583494,0.06535795,0.0,0.8670586,0.0,0.0,0.0,0.0,0.0,0.0,0.0,0.0,0.0
2,3,0.067583494,0.06535795,0.0,0.8670586,0.0,0.0,0.0,0.0,0.0,0.0,0.0,0.0,0.0
2,3,0.067583494,0.06535795,0.0,0.8670586,0.0,0.0,0.0,0.0,0.0,0.0,0.0,0.0,0.0
2,3,0.067583494,0.06535795,0.0,0.8670586,0.0,0.0,0.0,0.0,0.0,0.0,0.0,0.0,0.0
2,3,0.067583494,0.06535795,0.0,0.8670586,0.0,0.0,0.0,0.0,0.0,0.0,0.0,0.0,0.0
2,3,0.067583494,0.06535795,0.0,0.8670586,0.0,0.0,0.0,0.0,0.0,0.0,0.0,0.0,0.0
2,3,0.067583494,0.06535795,0.0,0.8670586,0.0,0.0,0.0,0.0,0.0,0.0,0.0,0.0,0.0
2,3,0.067583494,0.06535795,0.0,0.8670586,0.0,0.0,0.0,0.0,0.0,0.0,0.0,0.0,0.0
2,3,0.067583494,0.06535795,0.0,0.8670586,0.0,0.0,0.0,0.0,0.0,0.0,0.0,0.0,0.0
2,3,0.067583494,0.06535795,0.0,0.8670586,0.0,0.0,0.0,0.0,0.0,0.0,0.0,0.0,0.0
2,3,0.067583494,0.06535795,0.0,0.8670586,0.0,0.0,0.0,0.0,0.0,0.0,0.0,0.0,0.0
2,3,0.067583494,0.06535795,0.0,0.8670586,0.0,0.0,0.0,0.0,0.0,0.0,0.0,0.0,0.0
2,3,0.067583494,0.06535795,0.0,0.8670586,0.0,0.0,0.0,0.0,0.0,0.0,0.0,0.0,0.0
2,3,0.067583494,0.06535795,0.0,0.8670586,0.0,0.0,0.0,0.0,0.0,0.0,0.0,0.0,0.0
2,3,0.067583494,0.06535795,0.0,0.8670586,0.0,0.0,0.0,0.0,0.0,0.0,0.0,0.0,0.0
2,3,0.067583494,0.06535795,0.0,0.8670586,0.0,0.0,0.0,0.0,0.0,0.0,0.0,0.0,0.0
2,3,0.067583494,0.06535795,0.0,0.8670586,0.0,0.0,0.0,0.0,0.0,0.0,0.0,0.0,0.0
2,3,0.067583494,0.06535795,0.0,0.8670586,0.0,0.0,0.0,0.0,0.0,0.0,0.0,0.0,0.0
2,3,0.067583494,0.06535795,0.0,0.8670586,0.0,0.0,0.0,0.0,0.0,0.0,0.0,0.0,0.0
2,3,0.067583494,0.06535795,0.0,0.8670586,0.0,0.0,0.0,0.0,0.0,0.0,0.0,0.0,0.0
2,3,0.067583494,0.06535795,0.0,0.8670586,0.0,0.0,0.0,0.0,0.0,0.0,0.0,0.0,0.0
2,3,0.067583494,0.06535795,0.0,0.8670586,0.0,0.0,0.0,0.0,0.0,0.0,0.0,0.0,0.0
2,3,0.067583494,0.06535795,0.0,0.8670586,0.0,0.0,0.0,0.0,0.0,0.0,0.0,0.0,0.0
2,3,0.067583494,0.06535795,0.0,0.8670586,0.0,0.0,0.0,0.0,0.0,0.0,0.0,0.0,0.0
2,3,0.067583494,0.06535795,0.0,0.8670586,0.0,0.0,0.0,0.0,0.0,0.0,0.0,0.0,0.0
2,3,0.067583494,0.06535795,0.0,0.8670586,0.0,0.0,0.0,0.0,0.0,0.0,0.0,0.0,0.0
2,3,0.067583494,0.06535795,0.0,0.8670586,0.0,0.0,0.0,0.0,0.0,0.0,0.0,0.0,0.0
2,3,0.067583494,0.06535795,0.0,0.8670586,0.0,0.0,0.0,0.0,0.0,0.0,0.0,0.0,0.0
2,3,0.067583494,0.06535795,0.0,0.8670586,0.0,0.0,0.0,0.0,0.0,0.0,0.0,0.0,0.0
2,3,0.067583494,0.06535795,0.0,0.8670586,0.0,0.0,0.0,0.0,0.0,0.0,0.0,0.0,0.0
2,3,0.067583494,0.06535795,0.0,0.8670586,0.0,0.0,0.0,0.0,0.0,0.0,0.0,0.0,0.0
2,3,0.067583494,0.06535795,0.0,0.8670586,0.0,0.0,0.0,0.0,0.0,0.0,0.0,0.0,0.0
2,3,0.067583494,0.06535795,0.0,0.8670586,0.0,0.0,0.0,0.0,0.0,0.0,0.0,0.0,0.0
2,3,0.067583494,0.06535795,0.0,0.8670586,0.0,0.0,0.0,0.0,0.0,0.0,0.0,0.0,0.0
2,3,0.067583494,0.06535795,0.0,0.8670586,0.0,0.0,0.0,0.0,0.0,0.0,0.0,0.0,0.0
2,3,0.067583494,0.06535795,0.0,0.8670586,0.0,0.0,0.0,0.0,0.0,0.0,0.0,0.0,0.0
2,3,0.067583494,0.06535795,0.0,0.8670586,0.0,0.0,0.0,0.0,0.0,0.0,0.0,0.0,0.0
2,3,0.067583494,0.06535795,0.0,0.8670586,0.0,0.0,0.0,0.0,0.0,0.0,0.0,0.0,0.0
2,3,0.067583494,0.06535795,0.0,0.8670586,0.0,0.0,0.0,0.0,0.0,0.0,0.0,0.0,0.0
2,3,0.067583494,0.06535795,0.0,0.8670586,0.0,0.0,0.0,0.0,0.0,0.0,0.0,0.0,0.0
2,3,0.067583494,0.06535795,0.0,0.8670586,0.0,0.0,0.0,0.0,0.0,0.0,0.0,0.0,0.0
2,3,0.067583494,0.06535795,0.0,0.8670586,0.0,0.0,0.0,0.0,0.0,0.0,0.0,0.0,0.0
2,3,0.067583494,0.06535795,0.0,0.8670586,0.0,0.0,0.0,0.0,0.0,0.0,0.0,0.0,0.0
2,3,0.067583494,0.06535795,0.0,0.8670586,0.0,0.0,0.0,0.0,0.0,0.0,0.0,0.0,0.0
2,3,0.067583494,0.06535795,0.0,0.8670586,0.0,0.0,0.0,0.0,0.0,0.0,0.0,0.0,0.0
2,3,0.067583494,0.06535795,0.0,0.8670586,0.0,0.0,0.0,0.0,0.0,0.0,0.0,0.0,0.0
2,3,0.067583494,0.06535795,0.0,0.8670586,0.0,0.0,0.0,0.0,0.0,0.0,0.0,0.0,0.0
2,3,0.067583494,0.06535795,0.0,0.8670586,0.0,0.0,0.0,0.0,0.0,0.0,0.0,0.0,0.0
2,3,0.067583494,0.06535795,0.0,0.8670586,0.0,0.0,0.0,0.0,0.0,0.0,0.0,0.0,0.0
2,3,0.067583494,0.06535795,0.0,0.8670586,0.0,0.0,0.0,0.0,0.0,0.0,0.0,0.0,0.0
2,3,0.067583494,0.06535795,0.0,0.8670586,0.0,0.0,0.0,0.0,0.0,0.0,0.0,0.0,0.0
2,3,0.067583494,0.06535795,0.0,0.8670586,0.0,0.0,0.0,0.0,0.0,0.0,0.0,0.0,0.0
2,3,0.067583494,0.06535795,0.0,0.8670586,0.0,0.0,0.0,0.0,0.0,0.0,0.0,0.0,0.0
2,3,0.067583494,0.06535795,0.0,0.8670586,0.0,0.0,0.0,0.0,0.0,0.0,0.0,0.0,0.0
2,3,0.067583494,0.06535795,0.0,0.8670586,0.0,0.0,0.0,0.0,0.0,0.0,0.0,0.0,0.0
2,3,0.067583494,0.06535795,0.0,0.8670586,0.0,0.0,0.0,0.0,0.0,0.0,0.0,0.0,0.0
2,3,0.0,0.06535795,0.0,0.934642,0.0,0.0,0.0,0.0,0.0,0.0,0.0,0.0,0.0
2,3,0.0,0.06535795,0.0,0.934642,0.0,0.0,0.0,0.0,0.0,0.0,0.0,0.0,0.0
2,3,0.0,0.06535795,0.0,0.934642,0.0,0.0,0.0,0.0,0.0,0.0,0.0,0.0,0.0
2,3,0.0,0.06535795,0.0,0.934642,0.0,0.0,0.0,0.0,0.0,0.0,0.0,0.0,0.0
2,3,0.0,0.06535795,0.0,0.934642,0.0,0.0,0.0,0.0,0.0,0.0,0.0,0.0,0.0
2,3,0.0,0.06535795,0.0,0.934642,0.0,0.0,0.0,0.0,0.0,0.0,0.0,0.0,0.0
2,3,0.0,0.06535795,0.0,0.934642,0.0,0.0,0.0,0.0,0.0,0.0,0.0,0.0,0.0
2,3,0.0,0.06535795,0.0,0.934642,0.0,0.0,0.0,0.0,0.0,0.0,0.0,0.0,0.0
2,3,0.0,0.06535795,0.0,0.934642,0.0,0.0,0.0,0.0,0.0,0.0,0.0,0.0,0.0
2,3,0.0,0.06535795,0.0,0.934642,0.0,0.0,0.0,0.0,0.0,0.0,0.0,0.0,0.0
2,3,0.0,0.06535795,0.0,0.934642,0.0,0.0,0.0,0.0,0.0,0.0,0.0,0.0,0.0
2,3,0.0,0.06535795,0.0,0.934642,0.0,0.0,0.0,0.0,0.0,0.0,0.0,0.0,0.0
2,3,0.0,0.06535795,0.0,0.934642,0.0,0.0,0.0,0.0,0.0,0.0,0.0,0.0,0.0
2,3,0.0,0.06535795,0.0,0.934642,0.0,0.0,0.0,0.0,0.0,0.0,0.0,0.0,0.0
2,3,0.0,0.06535795,0.0,0.934642,0.0,0.0,0.0,0.0,0.0,0.0,0.0,0.0,0.0
2,3,0.0,0.06535795,0.0,0.934642,0.0,0.0,0.0,0.0,0.0,0.0,0.0,0.0,0.0
2,3,0.0,0.06535795,0.0,0.934642,0.0,0.0,0.0,0.0,0.0,0.0,0.0,0.0,0.0
2,3,0.0,0.06535795,0.0,0.934642,0.0,0.0,0.0,0.0,0.0,0.0,0.0,0.0,0.0
2,3,0.0,0.06535795,0.0,0.934642,0.0,0.0,0.0,0.0,0.0,0.0,0.0,0.0,0.0
2,3,0.0,0.06535795,0.0,0.934642,0.0,0.0,0.0,0.0,0.0,0.0,0.0,0.0,0.0
2,3,0.0,0.06535795,0.0,0.934642,0.0,0.0,0.0,0.0,0.0,0.0,0.0,0.0,0.0
2,3,0.0,0.06535795,0.0,0.934642,0.0,0.0,0.0,0.0,0.0,0.0,0.0,0.0,0.0
2,3,0.0,0.06535795,0.0,0.934642,0.0,0.0,0.0,0.0,0.0,0.0,0.0,0.0,0.0
2,3,0.0,0.06535795,0.0,0.934642,0.0,0.0,0.0,0.0,0.0,0.0,0.0,0.0,0.0
2,3,0.0,0.06535795,0.0,0.934642,0.0,0.0,0.0,0.0,0.0,0.0,0.0,0.0,0.0
2,3,0.0,0.06535795,0.0,0.934642,0.0,0.0,0.0,0.0,0.0,0.0,0.0,0.0,0.0
2,3,0.0,0.06535795,0.0,0.934642,0.0,0.0,0.0,0.0,0.0,0.0,0.0,0.0,0.0
2,3,0.0,0.06535795,0.0,0.934642,0.0,0.0,0.0,0.0,0.0,0.0,0.0,0.0,0.0
2,3,0.0,0.06535795,0.0,0.934642,0.0,0.0,0.0,0.0,0.0,0.0,0.0,0.0,0.0
2,3,0.0,0.06535795,0.0,0.934642,0.0,0.0,0.0,0.0,0.0,0.0,0.0,0.0,0.0
2,3,0.0,0.06535795,0.0,0.934642,0.0,0.0,0.0,0.0,0.0,0.0,0.0,0.0,0.0
2,3,0.0,0.06535795,0.0,0.934642,0.0,0.0,0.0,0.0,0.0,0.0,0.0,0.0,0.0
2,3,0.0,0.06535795,0.0,0.934642,0.0,0.0,0.0,0.0,0.0,0.0,0.0,0.0,0.0
2,3,0.0,0.06535795,0.0,0.934642,0.0,0.0,0.0,0.0,0.0,0.0,0.0,0.0,0.0
2,3,0.0,0.06535795,0.0,0.934642,0.0,0.0,0.0,0.0,0.0,0.0,0.0,0.0,0.0
2,3,0.0,0.06535795,0.0,0.934642,0.0,0.0,0.0,0.0,0.0,0.0,0.0,0.0,0.0
2,3,0.0,0.06535795,0.0,0.934642,0.0,0.0,0.0,0.0,0.0,0.0,0.0,0.0,0.0
2,3,0.0,0.06535795,0.0,0.934642,0.0,0.0,0.0,0.0,0.0,0.0,0.0,0.0,0.0
2,3,0.0,0.06535795,0.0,0.934642,0.0,0.0,0.0,0.0,0.0,0.0,0.0,0.0,0.0
2,3,0.0,0.06535795,0.0,0.934642,0.0,0.0,0.0,0.0,0.0,0.0,0.0,0.0,0.0
2,3,0.0,0.06535795,0.0,0.934642,0.0,0.0,0.0,0.0,0.0,0.0,0.0,0.0,0.0
2,3,0.0,0.06535795,0.0,0.934642,0.0,0.0,0.0,0.0,0.0,0.0,0.0,0.0,0.0
2,3,0.0,0.06535795,0.0,0.934642,0.0,0.0,0.0,0.0,0.0,0.0,0.0,0.0,0.0
2,3,0.0,0.06535795,0.0,0.934642,0.0,0.0,0.0,0.0,0.0,0.0,0.0,0.0,0.0
2,3,0.0,0.06535795,0.0,0.934642,0.0,0.0,0.0,0.0,0.0,0.0,0.0,0.0,0.0
2,3,0.0,0.06535795,0.0,0.934642,0.0,0.0,0.0,0.0,0.0,0.0,0.0,0.0,0.0
2,3,0.0,0.06535795,0.0,0.934642,0.0,0.0,0.0,0.0,0.0,0.0,0.0,0.0,0.0
2,3,0.0,0.06535795,0.0,0.934642,0.0,0.0,0.0,0.0,0.0,0.0,0.0,0.0,0.0
2,3,0.0,0.06535795,0.0,0.934642,0.0,0.0,0.0,0.0,0.0,0.0,0.0,0.0,0.0
2,3,0.0,0.06535795,0.0,0.934642,0.0,0.0,0.0,0.0,0.0,0.0,0.0,0.0,0.0
2,3,0.0,0.06535795,0.0,0.934642,0.0,0.0,0.0,0.0,0.0,0.0,0.0,0.0,0.0
2,3,0.0,0.06535795,0.0,0.934642,0.0,0.0,0.0,0.0,0.0,0.0,0.0,0.0,0.0
2,3,0.0,0.06535795,0.0,0.934642,0.0,0.0,0.0,0.0,0.0,0.0,0.0,0.0,0.0
2,3,0.0,0.06535795,0.0,0.934642,0.0,0.0,0.0,0.0,0.0,0.0,0.0,0.0,0.0
2,3,0.0,0.06535795,0.0,0.934642,0.0,0.0,0.0,0.0,0.0,0.0,0.0,0.0,0.0
2,3,0.0,0.06535795,0.0,0.934642,0.0,0.0,0.0,0.0,0.0,0.0,0.0,0.0,0.0
2,3,0.0,0.06535795,0.0,0.934642,0.0,0.0,0.0,0.0,0.0,0.0,0.0,0.0,0.0
2,3,0.0,0.06535795,0.0,0.934642,0.0,0.0,0.0,0.0,0.0,0.0,0.0,0.0,0.0
2,3,0.0,0.06535795,0.0,0.934642,0.0,0.0,0.0,0.0,0.0,0.0,0.0,0.0,0.0
2,3,0.0,0.06535795,0.0,0.934642,0.0,0.0,0.0,0.0,0.0,0.0,0.0,0.0,0.0
2,3,0.0,0.06535795,0.0,0.934642,0.0,0.0,0.0,0.0,0.0,0.0,0.0,0.0,0.0
2,3,0.0,0.06535795,0.0,0.934642,0.0,0.0,0.0,0.0,0.0,0.0,0.0,0.0,0.0
2,3,0.0,0.06535795,0.0,0.934642,0.0,0.0,0.0,0.0,0.0,0.0,0.0,0.0,0.0
2,3,0.0,0.06535795,0.0,0.934642,0.0,0.0,0.0,0.0,0.0,0.0,0.0,0.0,0.0
2,3,0.0,0.06535795,0.0,0.934642,0.0,0.0,0.0,0.0,0.0,0.0,0.0,0.0,0.0
2,3,0.0,0.06535795,0.0,0.934642,0.0,0.0,0.0,0.0,0.0,0.0,0.0,0.0,0.0
2,3,0.0,0.06535795,0.0,0.934642,0.0,0.0,0.0,0.0,0.0,0.0,0.0,0.0,0.0
2,3,0.0,0.06535795,0.0,0.934642,0.0,0.0,0.0,0.0,0.0,0.0,0.0,0.0,0.0
2,3,0.0,0.06535795,0.0,0.934642,0.0,0.0,0.0,0.0,0.0,0.0,0.0,0.0,0.0
2,3,0.0,0.06535795,0.0,0.934642,0.0,0.0,0.0,0.0,0.0,0.0,0.0,0.0,0.0
2,3,0.0,0.06535795,0.0,0.934642,0.0,0.0,0.0,0.0,0.0,0.0,0.0,0.0,0.0
2,3,0.0,0.06535795,0.0,0.934642,0.0,0.0,0.0,0.0,0.0,0.0,0.0,0.0,0.0
2,3,0.0,0.06535795,0.0,0.934642,0.0,0.0,0.0,0.0,0.0,0.0,0.0,0.0,0.0
2,3,0.0,0.06535795,0.0,0.934642,0.0,0.0,0.0,0.0,0.0,0.0,0.0,0.0,0.0
2,3,0.0,0.06535795,0.0,0.934642,0.0,0.0,0.0,0.0,0.0,0.0,0.0,0.0,0.0
2,3,0.0,0.06535795,0.0,0.934642,0.0,0.0,0.0,0.0,0.0,0.0,0.0,0.0,0.0
2,3,0.0,0.06535795,0.0,0.934642,0.0,0.0,0.0,0.0,0.0,0.0,0.0,0.0,0.0
2,3,0.0,0.06535795,0.0,0.934642,0.0,0.0,0.0,0.0,0.0,0.0,0.0,0.0,0.0
2,3,0.0,0.06535795,0.0,0.934642,0.0,0.0,0.0,0.0,0.0,0.0,0.0,0.0,0.0
2,3,0.0,0.06535795,0.0,0.934642,0.0,0.0,0.0,0.0,0.0,0.0,0.0,0.0,0.0
2,3,0.0,0.06535795,0.0,0.934642,0.0,0.0,0.0,0.0,0.0,0.0,0.0,0.0,0.0
2,3,0.0,0.06535795,0.0,0.934642,0.0,0.0,0.0,0.0,0.0,0.0,0.0,0.0,0.0
2,3,0.0,0.06535795,0.0,0.934642,0.0,0.0,0.0,0.0,0.0,0.0,0.0,0.0,0.0
2,3,0.0,0.06535795,0.0,0.934642,0.0,0.0,0.0,0.0,0.0,0.0,0.0,0.0,0.0
2,3,0.067583494,0.06535795,0.0,0.8670586,0.0,0.0,0.0,0.0,0.0,0.0,0.0,0.0,0.0
2,3,0.067583494,0.06535795,0.0,0.8670586,0.0,0.0,0.0,0.0,0.0,0.0,0.0,0.0,0.0
2,3,0.067583494,0.06535795,0.0,0.8670586,0.0,0.0,0.0,0.0,0.0,0.0,0.0,0.0,0.0
2,3,0.067583494,0.06535795,0.0,0.8670586,0.0,0.0,0.0,0.0,0.0,0.0,0.0,0.0,0.0
2,3,0.067583494,0.06535795,0.0,0.8670586,0.0,0.0,0.0,0.0,0.0,0.0,0.0,0.0,0.0
2,3,0.067583494,0.06535795,0.0,0.8670586,0.0,0.0,0.0,0.0,0.0,0.0,0.0,0.0,0.0
2,3,0.067583494,0.06535795,0.0,0.8670586,0.0,0.0,0.0,0.0,0.0,0.0,0.0,0.0,0.0
2,3,0.067583494,0.06535795,0.0,0.8670586,0.0,0.0,0.0,0.0,0.0,0.0,0.0,0.0,0.0
2,3,0.067583494,0.06535795,0.0,0.8670586,0.0,0.0,0.0,0.0,0.0,0.0,0.0,0.0,0.0
2,3,0.067583494,0.06535795,0.0,0.8670586,0.0,0.0,0.0,0.0,0.0,0.0,0.0,0.0,0.0
2,3,0.067583494,0.06535795,0.0,0.8670586,0.0,0.0,0.0,0.0,0.0,0.0,0.0,0.0,0.0
2,3,0.067583494,0.06535795,0.0,0.8670586,0.0,0.0,0.0,0.0,0.0,0.0,0.0,0.0,0.0
2,3,0.067583494,0.06535795,0.0,0.8670586,0.0,0.0,0.0,0.0,0.0,0.0,0.0,0.0,0.0
2,3,0.067583494,0.06535795,0.0,0.8670586,0.0,0.0,0.0,0.0,0.0,0.0,0.0,0.0,0.0
2,3,0.067583494,0.06535795,0.0,0.8670586,0.0,0.0,0.0,0.0,0.0,0.0,0.0,0.0,0.0
2,3,0.067583494,0.06535795,0.0,0.8670586,0.0,0.0,0.0,0.0,0.0,0.0,0.0,0.0,0.0
2,3,0.067583494,0.06535795,0.0,0.8670586,0.0,0.0,0.0,0.0,0.0,0.0,0.0,0.0,0.0
2,3,0.067583494,0.06535795,0.0,0.8670586,0.0,0.0,0.0,0.0,0.0,0.0,0.0,0.0,0.0
2,3,0.067583494,0.06535795,0.0,0.8670586,0.0,0.0,0.0,0.0,0.0,0.0,0.0,0.0,0.0
2,3,0.067583494,0.06535795,0.0,0.8670586,0.0,0.0,0.0,0.0,0.0,0.0,0.0,0.0,0.0
2,3,0.067583494,0.0,0.0,0.93241656,0.0,0.0,0.0,0.0,0.0,0.0,0.0,0.0,0.0
2,3,0.067583494,0.0,0.0,0.93241656,0.0,0.0,0.0,0.0,0.0,0.0,0.0,0.0,0.0
2,3,0.067583494,0.0,0.0,0.93241656,0.0,0.0,0.0,0.0,0.0,0.0,0.0,0.0,0.0
2,3,0.067583494,0.0,0.0,0.93241656,0.0,0.0,0.0,0.0,0.0,0.0,0.0,0.0,0.0
2,3,0.067583494,0.0,0.0,0.93241656,0.0,0.0,0.0,0.0,0.0,0.0,0.0,0.0,0.0
2,3,0.067583494,0.0,0.0,0.93241656,0.0,0.0,0.0,0.0,0.0,0.0,0.0,0.0,0.0
2,3,0.067583494,0.0,0.0,0.93241656,0.0,0.0,0.0,0.0,0.0,0.0,0.0,0.0,0.0
2,3,0.067583494,0.0,0.0,0.93241656,0.0,0.0,0.0,0.0,0.0,0.0,0.0,0.0,0.0
2,3,0.067583494,0.0,0.0,0.93241656,0.0,0.0,0.0,0.0,0.0,0.0,0.0,0.0,0.0
2,3,0.067583494,0.0,0.0,0.93241656,0.0,0.0,0.0,0.0,0.0,0.0,0.0,0.0,0.0
2,3,0.067583494,0.0,0.0,0.93241656,0.0,0.0,0.0,0.0,0.0,0.0,0.0,0.0,0.0
2,3,0.067583494,0.0,0.0,0.93241656,0.0,0.0,0.0,0.0,0.0,0.0,0.0,0.0,0.0
2,3,0.067583494,0.0,0.0,0.93241656,0.0,0.0,0.0,0.0,0.0,0.0,0.0,0.0,0.0
2,3,0.067583494,0.0,0.0,0.93241656,0.0,0.0,0.0,0.0,0.0,0.0,0.0,0.0,0.0
2,3,0.067583494,0.0,0.0,0.93241656,0.0,0.0,0.0,0.0,0.0,0.0,0.0,0.0,0.0
2,3,0.067583494,0.0,0.0,0.93241656,0.0,0.0,0.0,0.0,0.0,0.0,0.0,0.0,0.0
2,3,0.067583494,0.0,0.0,0.93241656,0.0,0.0,0.0,0.0,0.0,0.0,0.0,0.0,0.0
2,3,0.067583494,0.0,0.0,0.93241656,0.0,0.0,0.0,0.0,0.0,0.0,0.0,0.0,0.0
2,3,0.067583494,0.0,0.0,0.93241656,0.0,0.0,0.0,0.0,0.0,0.0,0.0,0.0,0.0
2,3,0.067583494,0.0,0.0,0.93241656,0.0,0.0,0.0,0.0,0.0,0.0,0.0,0.0,0.0
2,3,0.067583494,0.0,0.0,0.93241656,0.0,0.0,0.0,0.0,0.0,0.0,0.0,0.0,0.0
2,3,0.067583494,0.0,0.0,0.93241656,0.0,0.0,0.0,0.0,0.0,0.0,0.0,0.0,0.0
2,3,0.0,0.0,0.0,1.0,0.0,0.0,0.0,0.0,0.0,0.0,0.0,0.0,0.0
2,3,0.0,0.0,0.0,1.0,0.0,0.0,0.0,0.0,0.0,0.0,0.0,0.0,0.0
2,3,0.0,0.0,0.0,1.0,0.0,0.0,0.0,0.0,0.0,0.0,0.0,0.0,0.0
2,3,0.0,0.0,0.0,1.0,0.0,0.0,0.0,0.0,0.0,0.0,0.0,0.0,0.0
2,3,0.0,0.0,0.0,1.0,0.0,0.0,0.0,0.0,0.0,0.0,0.0,0.0,0.0
2,3,0.0,0.0,0.0,1.0,0.0,0.0,0.0,0.0,0.0,0.0,0.0,0.0,0.0
2,3,0.0,0.0,0.0,1.0,0.0,0.0,0.0,0.0,0.0,0.0,0.0,0.0,0.0
2,3,0.0,0.0,0.0,1.0,0.0,0.0,0.0,0.0,0.0,0.0,0.0,0.0,0.0
2,3,0.0,0.0,0.0,1.0,0.0,0.0,0.0,0.0,0.0,0.0,0.0,0.0,0.0
2,3,0.0,0.0,0.0,1.0,0.0,0.0,0.0,0.0,0.0,0.0,0.0,0.0,0.0
2,3,0.0,0.0,0.0,1.0,0.0,0.0,0.0,0.0,0.0,0.0,0.0,0.0,0.0
2,3,0.0,0.0,0.0,1.0,0.0,0.0,0.0,0.0,0.0,0.0,0.0,0.0,0.0
2,3,0.0,0.0,0.0,1.0,0.0,0.0,0.0,0.0,0.0,0.0,0.0,0.0,0.0
2,3,0.0,0.0,0.0,1.0,0.0,0.0,0.0,0.0,0.0,0.0,0.0,0.0,0.0
2,3,0.0,0.0,0.0,1.0,0.0,0.0,0.0,0.0,0.0,0.0,0.0,0.0,0.0
2,3,0.0,0.0,0.0,1.0,0.0,0.0,0.0,0.0,0.0,0.0,0.0,0.0,0.0
2,3,0.0,0.0,0.0,1.0,0.0,0.0,0.0,0.0,0.0,0.0,0.0,0.0,0.0
2,3,0.0,0.0,0.0,1.0,0.0,0.0,0.0,0.0,0.0,0.0,0.0,0.0,0.0
2,3,0.0,0.0,0.0,1.0,0.0,0.0,0.0,0.0,0.0,0.0,0.0,0.0,0.0
2,3,0.0,0.0,0.0,1.0,0.0,0.0,0.0,0.0,0.0,0.0,0.0,0.0,0.0
2,3,0.0,0.0,0.0,1.0,0.0,0.0,0.0,0.0,0.0,0.0,0.0,0.0,0.0
2,3,0.0,0.0,0.0,1.0,0.0,0.0,0.0,0.0,0.0,0.0,0.0,0.0,0.0
2,3,0.0,0.0,0.0,1.0,0.0,0.0,0.0,0.0,0.0,0.0,0.0,0.0,0.0
2,3,0.0,0.0,0.0,1.0,0.0,0.0,0.0,0.0,0.0,0.0,0.0,0.0,0.0
2,3,0.0,0.0,0.0,1.0,0.0,0.0,0.0,0.0,0.0,0.0,0.0,0.0,0.0
2,3,0.0,0.0,0.0,1.0,0.0,0.0,0.0,0.0,0.0,0.0,0.0,0.0,0.0
2,3,0.0,0.0,0.0,1.0,0.0,0.0,0.0,0.0,0.0,0.0,0.0,0.0,0.0
2,3,0.0,0.0,0.0,1.0,0.0,0.0,0.0,0.0,0.0,0.0,0.0,0.0,0.0
2,3,0.0,0.0,0.0,1.0,0.0,0.0,0.0,0.0,0.0,0.0,0.0,0.0,0.0
2,3,0.0,0.0,0.0,1.0,0.0,0.0,0.0,0.0,0.0,0.0,0.0,0.0,0.0
2,3,0.0,0.0,0.0,1.0,0.0,0.0,0.0,0.0,0.0,0.0,0.0,0.0,0.0
2,3,0.0,0.0,0.0,1.0,0.0,0.0,0.0,0.0,0.0,0.0,0.0,0.0,0.0
2,3,0.0,0.0,0.0,1.0,0.0,0.0,0.0,0.0,0.0,0.0,0.0,0.0,0.0
2,3,0.0,0.0,0.0,1.0,0.0,0.0,0.0,0.0,0.0,0.0,0.0,0.0,0.0
2,3,0.0,0.0,0.0,1.0,0.0,0.0,0.0,0.0,0.0,0.0,0.0,0.0,0.0
2,3,0.0,0.0,0.0,1.0,0.0,0.0,0.0,0.0,0.0,0.0,0.0,0.0,0.0
2,3,0.0,0.0,0.0,1.0,0.0,0.0,0.0,0.0,0.0,0.0,0.0,0.0,0.0
2,3,0.0,0.0,0.0,1.0,0.0,0.0,0.0,0.0,0.0,0.0,0.0,0.0,0.0
2,3,0.0,0.0,0.0,1.0,0.0,0.0,0.0,0.0,0.0,0.0,0.0,0.0,0.0
2,3,0.0,0.0,0.0,1.0,0.0,0.0,0.0,0.0,0.0,0.0,0.0,0.0,0.0
2,3,0.0,0.0,0.0,1.0,0.0,0.0,0.0,0.0,0.0,0.0,0.0,0.0,0.0
2,3,0.0,0.0,0.0,1.0,0.0,0.0,0.0,0.0,0.0,0.0,0.0,0.0,0.0
2,3,0.0,0.0,0.0,1.0,0.0,0.0,0.0,0.0,0.0,0.0,0.0,0.0,0.0
2,3,0.0,0.0,0.0,1.0,0.0,0.0,0.0,0.0,0.0,0.0,0.0,0.0,0.0
2,3,0.0,0.0,0.0,1.0,0.0,0.0,0.0,0.0,0.0,0.0,0.0,0.0,0.0
2,3,0.0,0.0,0.0,1.0,0.0,0.0,0.0,0.0,0.0,0.0,0.0,0.0,0.0
2,3,0.0,0.0,0.0,1.0,0.0,0.0,0.0,0.0,0.0,0.0,0.0,0.0,0.0
2,3,0.0,0.0,0.0,1.0,0.0,0.0,0.0,0.0,0.0,0.0,0.0,0.0,0.0
2,3,0.0,0.0,0.0,1.0,0.0,0.0,0.0,0.0,0.0,0.0,0.0,0.0,0.0
2,3,0.0,0.0,0.0,1.0,0.0,0.0,0.0,0.0,0.0,0.0,0.0,0.0,0.0
2,3,0.0,0.0,0.0,1.0,0.0,0.0,0.0,0.0,0.0,0.0,0.0,0.0,0.0
2,3,0.0,0.0,0.0,1.0,0.0,0.0,0.0,0.0,0.0,0.0,0.0,0.0,0.0
2,3,0.0,0.0,0.0,1.0,0.0,0.0,0.0,0.0,0.0,0.0,0.0,0.0,0.0
2,3,0.0,0.0,0.0,1.0,0.0,0.0,0.0,0.0,0.0,0.0,0.0,0.0,0.0
2,3,0.0,0.0,0.0,1.0,0.0,0.0,0.0,0.0,0.0,0.0,0.0,0.0,0.0
2,3,0.0,0.0,0.0,1.0,0.0,0.0,0.0,0.0,0.0,0.0,0.0,0.0,0.0
2,3,0.0,0.0,0.0,1.0,0.0,0.0,0.0,0.0,0.0,0.0,0.0,0.0,0.0
2,3,0.0,0.0,0.0,1.0,0.0,0.0,0.0,0.0,0.0,0.0,0.0,0.0,0.0
2,3,0.0,0.0,0.0,1.0,0.0,0.0,0.0,0.0,0.0,0.0,0.0,0.0,0.0
2,3,0.0,0.0,0.0,1.0,0.0,0.0,0.0,0.0,0.0,0.0,0.0,0.0,0.0
2,3,0.0,0.0,0.0,1.0,0.0,0.0,0.0,0.0,0.0,0.0,0.0,0.0,0.0
2,3,0.0,0.0,0.0,1.0,0.0,0.0,0.0,0.0,0.0,0.0,0.0,0.0,0.0
2,3,0.0,0.0,0.0,1.0,0.0,0.0,0.0,0.0,0.0,0.0,0.0,0.0,0.0
2,3,0.0,0.0,0.0,1.0,0.0,0.0,0.0,0.0,0.0,0.0,0.0,0.0,0.0
2,3,0.0,0.0,0.0,1.0,0.0,0.0,0.0,0.0,0.0,0.0,0.0,0.0,0.0
2,3,0.0,0.0,0.0,1.0,0.0,0.0,0.0,0.0,0.0,0.0,0.0,0.0,0.0
2,3,0.0,0.0,0.0,1.0,0.0,0.0,0.0,0.0,0.0,0.0,0.0,0.0,0.0
2,3,0.0,0.0,0.0,1.0,0.0,0.0,0.0,0.0,0.0,0.0,0.0,0.0,0.0
2,3,0.0,0.0,0.0,1.0,0.0,0.0,0.0,0.0,0.0,0.0,0.0,0.0,0.0
2,3,0.0,0.0,0.0,1.0,0.0,0.0,0.0,0.0,0.0,0.0,0.0,0.0,0.0
2,3,0.0,0.0,0.0,1.0,0.0,0.0,0.0,0.0,0.0,0.0,0.0,0.0,0.0
2,3,0.0,0.0,0.0,1.0,0.0,0.0,0.0,0.0,0.0,0.0,0.0,0.0,0.0
2,3,0.0,0.0,0.0,1.0,0.0,0.0,0.0,0.0,0.0,0.0,0.0,0.0,0.0
2,3,0.0,0.0,0.0,1.0,0.0,0.0,0.0,0.0,0.0,0.0,0.0,0.0,0.0
2,3,0.0,0.0,0.0,1.0,0.0,0.0,0.0,0.0,0.0,0.0,0.0,0.0,0.0
2,3,0.0,0.0,0.0,1.0,0.0,0.0,0.0,0.0,0.0,0.0,0.0,0.0,0.0
2,3,0.0,0.0,0.0,1.0,0.0,0.0,0.0,0.0,0.0,0.0,0.0,0.0,0.0
2,3,0.0,0.0,0.0,1.0,0.0,0.0,0.0,0.0,0.0,0.0,0.0,0.0,0.0
2,3,0.0,0.0,0.0,1.0,0.0,0.0,0.0,0.0,0.0,0.0,0.0,0.0,0.0
2,3,0.0,0.0,0.0,1.0,0.0,0.0,0.0,0.0,0.0,0.0,0.0,0.0,0.0
2,3,0.0,0.0,0.0,1.0,0.0,0.0,0.0,0.0,0.0,0.0,0.0,0.0,0.0
2,3,0.0,0.0,0.0,1.0,0.0,0.0,0.0,0.0,0.0,0.0,0.0,0.0,0.0
2,3,0.0,0.0,0.0,1.0,0.0,0.0,0.0,0.0,0.0,0.0,0.0,0.0,0.0
2,3,0.0,0.0,0.0,1.0,0.0,0.0,0.0,0.0,0.0,0.0,0.0,0.0,0.0
2,3,0.0,0.0,0.0,1.0,0.0,0.0,0.0,0.0,0.0,0.0,0.0,0.0,0.0
2,3,0.0,0.0,0.0,1.0,0.0,0.0,0.0,0.0,0.0,0.0,0.0,0.0,0.0
2,3,0.0,0.0,0.0,1.0,0.0,0.0,0.0,0.0,0.0,0.0,0.0,0.0,0.0
2,3,0.0,0.0,0.0,1.0,0.0,0.0,0.0,0.0,0.0,0.0,0.0,0.0,0.0
2,3,0.0,0.0,0.0,1.0,0.0,0.0,0.0,0.0,0.0,0.0,0.0,0.0,0.0
2,3,0.0,0.0,0.0,1.0,0.0,0.0,0.0,0.0,0.0,0.0,0.0,0.0,0.0
2,3,0.0,0.0,0.0,1.0,0.0,0.0,0.0,0.0,0.0,0.0,0.0,0.0,0.0
2,3,0.0,0.0,0.0,1.0,0.0,0.0,0.0,0.0,0.0,0.0,0.0,0.0,0.0
2,3,0.0,0.0,0.0,1.0,0.0,0.0,0.0,0.0,0.0,0.0,0.0,0.0,0.0
2,3,0.0,0.0,0.0,1.0,0.0,0.0,0.0,0.0,0.0,0.0,0.0,0.0,0.0
2,3,0.0,0.0,0.0,1.0,0.0,0.0,0.0,0.0,0.0,0.0,0.0,0.0,0.0
2,3,0.0,0.0,0.0,1.0,0.0,0.0,0.0,0.0,0.0,0.0,0.0,0.0,0.0
2,3,0.0,0.0,0.0,1.0,0.0,0.0,0.0,0.0,0.0,0.0,0.0,0.0,0.0
2,3,0.0,0.0,0.0,1.0,0.0,0.0,0.0,0.0,0.0,0.0,0.0,0.0,0.0
2,3,0.0,0.0,0.0,1.0,0.0,0.0,0.0,0.0,0.0,0.0,0.0,0.0,0.0
2,3,0.0,0.0,0.0,1.0,0.0,0.0,0.0,0.0,0.0,0.0,0.0,0.0,0.0
2,3,0.0,0.0,0.0,1.0,0.0,0.0,0.0,0.0,0.0,0.0,0.0,0.0,0.0
2,3,0.0,0.0,0.0,1.0,0.0,0.0,0.0,0.0,0.0,0.0,0.0,0.0,0.0
2,3,0.0,0.0,0.0,1.0,0.0,0.0,0.0,0.0,0.0,0.0,0.0,0.0,0.0
2,3,0.0,0.0,0.0,1.0,0.0,0.0,0.0,0.0,0.0,0.0,0.0,0.0,0.0
2,3,0.0,0.0,0.0,1.0,0.0,0.0,0.0,0.0,0.0,0.0,0.0,0.0,0.0
2,3,0.0,0.0,0.0,1.0,0.0,0.0,0.0,0.0,0.0,0.0,0.0,0.0,0.0
2,3,0.0,0.0,0.0,1.0,0.0,0.0,0.0,0.0,0.0,0.0,0.0,0.0,0.0
2,3,0.0,0.0,0.0,1.0,0.0,0.0,0.0,0.0,0.0,0.0,0.0,0.0,0.0
2,3,0.0,0.0,0.0,1.0,0.0,0.0,0.0,0.0,0.0,0.0,0.0,0.0,0.0
2,3,0.0,0.0,0.0,1.0,0.0,0.0,0.0,0.0,0.0,0.0,0.0,0.0,0.0
2,3,0.0,0.0,0.0,1.0,0.0,0.0,0.0,0.0,0.0,0.0,0.0,0.0,0.0
2,3,0.0,0.0,0.0,1.0,0.0,0.0,0.0,0.0,0.0,0.0,0.0,0.0,0.0
2,3,0.0,0.0,0.0,1.0,0.0,0.0,0.0,0.0,0.0,0.0,0.0,0.0,0.0
2,3,0.0,0.0,0.0,1.0,0.0,0.0,0.0,0.0,0.0,0.0,0.0,0.0,0.0
2,3,0.0,0.0,0.0,1.0,0.0,0.0,0.0,0.0,0.0,0.0,0.0,0.0,0.0
2,3,0.0,0.0,0.0,1.0,0.0,0.0,0.0,0.0,0.0,0.0,0.0,0.0,0.0
2,3,0.0,0.0,0.0,1.0,0.0,0.0,0.0,0.0,0.0,0.0,0.0,0.0,0.0
2,3,0.0,0.0,0.0,1.0,0.0,0.0,0.0,0.0,0.0,0.0,0.0,0.0,0.0
2,3,0.0,0.0,0.0,1.0,0.0,0.0,0.0,0.0,0.0,0.0,0.0,0.0,0.0
2,3,0.0,0.0,0.0,1.0,0.0,0.0,0.0,0.0,0.0,0.0,0.0,0.0,0.0
2,3,0.0,0.0,0.0,1.0,0.0,0.0,0.0,0.0,0.0,0.0,0.0,0.0,0.0
2,3,0.0,0.0,0.0,1.0,0.0,0.0,0.0,0.0,0.0,0.0,0.0,0.0,0.0
2,3,0.0,0.0,0.0,1.0,0.0,0.0,0.0,0.0,0.0,0.0,0.0,0.0,0.0
2,3,0.0,0.0,0.0,1.0,0.0,0.0,0.0,0.0,0.0,0.0,0.0,0.0,0.0
2,3,0.0,0.0,0.0,1.0,0.0,0.0,0.0,0.0,0.0,0.0,0.0,0.0,0.0
2,3,0.0,0.0,0.0,1.0,0.0,0.0,0.0,0.0,0.0,0.0,0.0,0.0,0.0
2,3,0.0,0.0,0.0,1.0,0.0,0.0,0.0,0.0,0.0,0.0,0.0,0.0,0.0
2,3,0.0,0.0,0.0,1.0,0.0,0.0,0.0,0.0,0.0,0.0,0.0,0.0,0.0
2,3,0.0,0.0,0.0,1.0,0.0,0.0,0.0,0.0,0.0,0.0,0.0,0.0,0.0
2,3,0.0,0.0,0.0,1.0,0.0,0.0,0.0,0.0,0.0,0.0,0.0,0.0,0.0
2,3,0.0,0.0,0.0,1.0,0.0,0.0,0.0,0.0,0.0,0.0,0.0,0.0,0.0
2,3,0.0,0.0,0.0,1.0,0.0,0.0,0.0,0.0,0.0,0.0,0.0,0.0,0.0
2,3,0.0,0.0,0.0,1.0,0.0,0.0,0.0,0.0,0.0,0.0,0.0,0.0,0.0
2,3,0.0,0.0,0.0,1.0,0.0,0.0,0.0,0.0,0.0,0.0,0.0,0.0,0.0
2,3,0.0,0.0,0.0,1.0,0.0,0.0,0.0,0.0,0.0,0.0,0.0,0.0,0.0
2,3,0.0,0.0,0.0,1.0,0.0,0.0,0.0,0.0,0.0,0.0,0.0,0.0,0.0
2,3,0.0,0.0,0.0,1.0,0.0,0.0,0.0,0.0,0.0,0.0,0.0,0.0,0.0
2,3,0.0,0.0,0.0,1.0,0.0,0.0,0.0,0.0,0.0,0.0,0.0,0.0,0.0
2,3,0.0,0.0,0.0,1.0,0.0,0.0,0.0,0.0,0.0,0.0,0.0,0.0,0.0
2,3,0.0,0.0,0.0,1.0,0.0,0.0,0.0,0.0,0.0,0.0,0.0,0.0,0.0
2,3,0.0,0.0,0.0,1.0,0.0,0.0,0.0,0.0,0.0,0.0,0.0,0.0,0.0
2,3,0.0,0.0,0.0,1.0,0.0,0.0,0.0,0.0,0.0,0.0,0.0,0.0,0.0
2,3,0.0,0.0,0.0,1.0,0.0,0.0,0.0,0.0,0.0,0.0,0.0,0.0,0.0
2,3,0.0,0.0,0.0,1.0,0.0,0.0,0.0,0.0,0.0,0.0,0.0,0.0,0.0
2,3,0.0,0.0,0.0,1.0,0.0,0.0,0.0,0.0,0.0,0.0,0.0,0.0,0.0
2,3,0.0,0.0,0.0,1.0,0.0,0.0,0.0,0.0,0.0,0.0,0.0,0.0,0.0
2,3,0.0,0.0,0.0,1.0,0.0,0.0,0.0,0.0,0.0,0.0,0.0,0.0,0.0
2,3,0.0,0.0,0.0,1.0,0.0,0.0,0.0,0.0,0.0,0.0,0.0,0.0,0.0
2,3,0.0,0.0,0.0,1.0,0.0,0.0,0.0,0.0,0.0,0.0,0.0,0.0,0.0
2,3,0.0,0.0,0.0,1.0,0.0,0.0,0.0,0.0,0.0,0.0,0.0,0.0,0.0
2,3,0.0,0.0,0.0,1.0,0.0,0.0,0.0,0.0,0.0,0.0,0.0,0.0,0.0
2,3,0.0,0.0,0.0,1.0,0.0,0.0,0.0,0.0,0.0,0.0,0.0,0.0,0.0
2,3,0.0,0.0,0.0,1.0,0.0,0.0,0.0,0.0,0.0,0.0,0.0,0.0,0.0
2,3,0.0,0.0,0.0,1.0,0.0,0.0,0.0,0.0,0.0,0.0,0.0,0.0,0.0
2,3,0.0,0.0,0.0,1.0,0.0,0.0,0.0,0.0,0.0,0.0,0.0,0.0,0.0
2,3,0.0,0.0,0.0,1.0,0.0,0.0,0.0,0.0,0.0,0.0,0.0,0.0,0.0
2,3,0.0,0.0,0.0,1.0,0.0,0.0,0.0,0.0,0.0,0.0,0.0,0.0,0.0
2,3,0.0,0.0,0.0,1.0,0.0,0.0,0.0,0.0,0.0,0.0,0.0,0.0,0.0
2,3,0.0,0.0,0.0,1.0,0.0,0.0,0.0,0.0,0.0,0.0,0.0,0.0,0.0
2,3,0.0,0.0,0.0,1.0,0.0,0.0,0.0,0.0,0.0,0.0,0.0,0.0,0.0
2,3,0.0,0.0,0.0,1.0,0.0,0.0,0.0,0.0,0.0,0.0,0.0,0.0,0.0
2,3,0.0,0.0,0.0,1.0,0.0,0.0,0.0,0.0,0.0,0.0,0.0,0.0,0.0
2,3,0.0,0.0,0.0,1.0,0.0,0.0,0.0,0.0,0.0,0.0,0.0,0.0,0.0
2,3,0.0,0.0,0.0,1.0,0.0,0.0,0.0,0.0,0.0,0.0,0.0,0.0,0.0
2,3,0.0,0.0,0.0,1.0,0.0,0.0,0.0,0.0,0.0,0.0,0.0,0.0,0.0
2,3,0.0,0.0,0.0,1.0,0.0,0.0,0.0,0.0,0.0,0.0,0.0,0.0,0.0
2,3,0.0,0.0,0.0,1.0,0.0,0.0,0.0,0.0,0.0,0.0,0.0,0.0,0.0
2,3,0.0,0.0,0.0,1.0,0.0,0.0,0.0,0.0,0.0,0.0,0.0,0.0,0.0
2,3,0.0,0.0,0.0,1.0,0.0,0.0,0.0,0.0,0.0,0.0,0.0,0.0,0.0
2,3,0.0,0.0,0.0,1.0,0.0,0.0,0.0,0.0,0.0,0.0,0.0,0.0,0.0
2,3,0.0,0.0,0.0,1.0,0.0,0.0,0.0,0.0,0.0,0.0,0.0,0.0,0.0
2,3,0.0,0.0,0.0,1.0,0.0,0.0,0.0,0.0,0.0,0.0,0.0,0.0,0.0
2,3,0.0,0.0,0.0,1.0,0.0,0.0,0.0,0.0,0.0,0.0,0.0,0.0,0.0
2,3,0.0,0.0,0.0,1.0,0.0,0.0,0.0,0.0,0.0,0.0,0.0,0.0,0.0
2,3,0.0,0.0,0.0,1.0,0.0,0.0,0.0,0.0,0.0,0.0,0.0,0.0,0.0
2,3,0.0,0.0,0.0,1.0,0.0,0.0,0.0,0.0,0.0,0.0,0.0,0.0,0.0
2,3,0.0,0.0,0.0,1.0,0.0,0.0,0.0,0.0,0.0,0.0,0.0,0.0,0.0
2,3,0.0,0.0,0.0,1.0,0.0,0.0,0.0,0.0,0.0,0.0,0.0,0.0,0.0
2,3,0.0,0.0,0.0,1.0,0.0,0.0,0.0,0.0,0.0,0.0,0.0,0.0,0.0
2,3,0.0,0.0,0.0,1.0,0.0,0.0,0.0,0.0,0.0,0.0,0.0,0.0,0.0
2,3,0.0,0.0,0.0,1.0,0.0,0.0,0.0,0.0,0.0,0.0,0.0,0.0,0.0
2,3,0.0,0.0,0.0,1.0,0.0,0.0,0.0,0.0,0.0,0.0,0.0,0.0,0.0
2,3,0.0,0.0,0.0,1.0,0.0,0.0,0.0,0.0,0.0,0.0,0.0,0.0,0.0
2,3,0.0,0.0,0.0,1.0,0.0,0.0,0.0,0.0,0.0,0.0,0.0,0.0,0.0
2,3,0.0,0.0,0.0,1.0,0.0,0.0,0.0,0.0,0.0,0.0,0.0,0.0,0.0
2,3,0.0,0.0,0.0,1.0,0.0,0.0,0.0,0.0,0.0,0.0,0.0,0.0,0.0
2,3,0.0,0.0,0.0,1.0,0.0,0.0,0.0,0.0,0.0,0.0,0.0,0.0,0.0
2,3,0.0,0.0,0.0,1.0,0.0,0.0,0.0,0.0,0.0,0.0,0.0,0.0,0.0
2,3,0.0,0.0,0.0,1.0,0.0,0.0,0.0,0.0,0.0,0.0,0.0,0.0,0.0
2,3,0.0,0.0,0.0,1.0,0.0,0.0,0.0,0.0,0.0,0.0,0.0,0.0,0.0
2,3,0.0,0.0,0.0,1.0,0.0,0.0,0.0,0.0,0.0,0.0,0.0,0.0,0.0
2,3,0.0,0.0,0.0,1.0,0.0,0.0,0.0,0.0,0.0,0.0,0.0,0.0,0.0
2,3,0.0,0.0,0.0,1.0,0.0,0.0,0.0,0.0,0.0,0.0,0.0,0.0,0.0
2,3,0.0,0.0,0.0,1.0,0.0,0.0,0.0,0.0,0.0,0.0,0.0,0.0,0.0
2,3,0.0,0.0,0.0,1.0,0.0,0.0,0.0,0.0,0.0,0.0,0.0,0.0,0.0
2,3,0.0,0.0,0.0,1.0,0.0,0.0,0.0,0.0,0.0,0.0,0.0,0.0,0.0
2,3,0.0,0.0,0.0,1.0,0.0,0.0,0.0,0.0,0.0,0.0,0.0,0.0,0.0
2,3,0.0,0.0,0.0,1.0,0.0,0.0,0.0,0.0,0.0,0.0,0.0,0.0,0.0
2,3,0.0,0.0,0.0,1.0,0.0,0.0,0.0,0.0,0.0,0.0,0.0,0.0,0.0
2,3,0.0,0.0,0.0,1.0,0.0,0.0,0.0,0.0,0.0,0.0,0.0,0.0,0.0
2,3,0.0,0.0,0.0,1.0,0.0,0.0,0.0,0.0,0.0,0.0,0.0,0.0,0.0
2,3,0.0,0.0,0.0,1.0,0.0,0.0,0.0,0.0,0.0,0.0,0.0,0.0,0.0
2,3,0.0,0.0,0.0,1.0,0.0,0.0,0.0,0.0,0.0,0.0,0.0,0.0,0.0
2,3,0.0,0.0,0.0,1.0,0.0,0.0,0.0,0.0,0.0,0.0,0.0,0.0,0.0
2,3,0.0,0.0,0.0,1.0,0.0,0.0,0.0,0.0,0.0,0.0,0.0,0.0,0.0
2,3,0.0,0.0,0.0,1.0,0.0,0.0,0.0,0.0,0.0,0.0,0.0,0.0,0.0
2,3,0.0,0.0,0.0,1.0,0.0,0.0,0.0,0.0,0.0,0.0,0.0,0.0,0.0
2,3,0.0,0.0,0.0,1.0,0.0,0.0,0.0,0.0,0.0,0.0,0.0,0.0,0.0
2,3,0.0,0.0,0.0,1.0,0.0,0.0,0.0,0.0,0.0,0.0,0.0,0.0,0.0
2,3,0.0,0.0,0.0,1.0,0.0,0.0,0.0,0.0,0.0,0.0,0.0,0.0,0.0
2,3,0.0,0.0,0.0,1.0,0.0,0.0,0.0,0.0,0.0,0.0,0.0,0.0,0.0
2,3,0.0,0.0,0.0,1.0,0.0,0.0,0.0,0.0,0.0,0.0,0.0,0.0,0.0
2,3,0.0,0.0,0.0,1.0,0.0,0.0,0.0,0.0,0.0,0.0,0.0,0.0,0.0
2,3,0.0,0.0,0.0,1.0,0.0,0.0,0.0,0.0,0.0,0.0,0.0,0.0,0.0
2,3,0.0,0.0,0.0,1.0,0.0,0.0,0.0,0.0,0.0,0.0,0.0,0.0,0.0
2,3,0.0,0.0,0.0,1.0,0.0,0.0,0.0,0.0,0.0,0.0,0.0,0.0,0.0
2,3,0.0,0.06535795,0.0,0.934642,0.0,0.0,0.0,0.0,0.0,0.0,0.0,0.0,0.0
2,3,0.0,0.06535795,0.0,0.934642,0.0,0.0,0.0,0.0,0.0,0.0,0.0,0.0,0.0
2,3,0.0,0.06535795,0.0,0.87821245,0.0,0.0,0.056429595,0.0,0.0,0.0,0.0,0.0,0.0
2,3,0.0,0.06535795,0.0,0.87821245,0.0,0.0,0.056429595,0.0,0.0,0.0,0.0,0.0,0.0
2,3,0.0,0.06535795,0.0,0.87821245,0.0,0.0,0.056429595,0.0,0.0,0.0,0.0,0.0,0.0
2,3,0.0,0.06535795,0.0,0.87821245,0.0,0.0,0.056429595,0.0,0.0,0.0,0.0,0.0,0.0
2,3,0.0,0.06535795,0.0,0.87821245,0.0,0.0,0.056429595,0.0,0.0,0.0,0.0,0.0,0.0
2,3,0.0,0.06535795,0.0,0.87821245,0.0,0.0,0.056429595,0.0,0.0,0.0,0.0,0.0,0.0
2,3,0.0,0.06535795,0.0,0.87821245,0.0,0.0,0.056429595,0.0,0.0,0.0,0.0,0.0,0.0
2,3,0.0,0.06535795,0.0,0.87821245,0.0,0.0,0.056429595,0.0,0.0,0.0,0.0,0.0,0.0
2,3,0.0,0.06535795,0.0,0.87821245,0.0,0.0,0.056429595,0.0,0.0,0.0,0.0,0.0,0.0
2,3,0.0,0.06535795,0.0,0.87821245,0.0,0.0,0.056429595,0.0,0.0,0.0,0.0,0.0,0.0
2,3,0.0,0.06535795,0.0,0.87821245,0.0,0.0,0.056429595,0.0,0.0,0.0,0.0,0.0,0.0
2,3,0.0,0.06535795,0.0,0.87821245,0.0,0.0,0.056429595,0.0,0.0,0.0,0.0,0.0,0.0
2,3,0.0,0.06535795,0.0,0.87821245,0.0,0.0,0.056429595,0.0,0.0,0.0,0.0,0.0,0.0
2,3,0.0,0.06535795,0.0,0.87821245,0.0,0.0,0.056429595,0.0,0.0,0.0,0.0,0.0,0.0
2,3,0.0,0.06535795,0.0,0.87821245,0.0,0.0,0.056429595,0.0,0.0,0.0,0.0,0.0,0.0
2,3,0.0,0.06535795,0.0,0.87821245,0.0,0.0,0.056429595,0.0,0.0,0.0,0.0,0.0,0.0
2,3,0.0,0.06535795,0.0,0.87821245,0.0,0.0,0.056429595,0.0,0.0,0.0,0.0,0.0,0.0
2,3,0.0,0.06535795,0.0,0.87821245,0.0,0.0,0.056429595,0.0,0.0,0.0,0.0,0.0,0.0
2,3,0.0,0.06535795,0.0,0.87821245,0.0,0.0,0.056429595,0.0,0.0,0.0,0.0,0.0,0.0
2,3,0.0,0.06535795,0.0,0.87821245,0.0,0.0,0.056429595,0.0,0.0,0.0,0.0,0.0,0.0
2,3,0.0,0.06535795,0.0,0.87821245,0.0,0.0,0.056429595,0.0,0.0,0.0,0.0,0.0,0.0
2,3,0.0,0.06535795,0.0,0.87821245,0.0,0.0,0.056429595,0.0,0.0,0.0,0.0,0.0,0.0
2,3,0.0,0.06535795,0.0,0.87821245,0.0,0.0,0.056429595,0.0,0.0,0.0,0.0,0.0,0.0
2,3,0.0,0.06535795,0.0,0.87821245,0.0,0.0,0.056429595,0.0,0.0,0.0,0.0,0.0,0.0
2,3,0.0,0.06535795,0.0,0.87821245,0.0,0.0,0.056429595,0.0,0.0,0.0,0.0,0.0,0.0
2,3,0.0,0.06535795,0.0,0.87821245,0.0,0.0,0.056429595,0.0,0.0,0.0,0.0,0.0,0.0
2,3,0.0,0.06535795,0.0,0.87821245,0.0,0.0,0.056429595,0.0,0.0,0.0,0.0,0.0,0.0
2,3,0.0,0.06535795,0.0,0.87821245,0.0,0.0,0.056429595,0.0,0.0,0.0,0.0,0.0,0.0
2,3,0.0,0.06535795,0.0,0.87821245,0.0,0.0,0.056429595,0.0,0.0,0.0,0.0,0.0,0.0
2,3,0.0,0.06535795,0.0,0.87821245,0.0,0.0,0.056429595,0.0,0.0,0.0,0.0,0.0,0.0
2,3,0.0,0.06535795,0.0,0.87821245,0.0,0.0,0.056429595,0.0,0.0,0.0,0.0,0.0,0.0
2,3,0.0,0.06535795,0.0,0.87821245,0.0,0.0,0.056429595,0.0,0.0,0.0,0.0,0.0,0.0
2,3,0.0,0.06535795,0.0,0.87821245,0.0,0.0,0.056429595,0.0,0.0,0.0,0.0,0.0,0.0
2,3,0.0,0.06535795,0.0,0.87821245,0.0,0.0,0.056429595,0.0,0.0,0.0,0.0,0.0,0.0
2,3,0.0,0.06535795,0.0,0.87821245,0.0,0.0,0.056429595,0.0,0.0,0.0,0.0,0.0,0.0
2,3,0.0,0.06535795,0.0,0.87821245,0.0,0.0,0.056429595,0.0,0.0,0.0,0.0,0.0,0.0
2,3,0.0,0.06535795,0.0,0.87821245,0.0,0.0,0.056429595,0.0,0.0,0.0,0.0,0.0,0.0
2,3,0.0,0.06535795,0.0,0.87821245,0.0,0.0,0.056429595,0.0,0.0,0.0,0.0,0.0,0.0
2,3,0.0,0.06535795,0.0,0.87821245,0.0,0.0,0.056429595,0.0,0.0,0.0,0.0,0.0,0.0
2,3,0.0,0.06535795,0.0,0.87821245,0.0,0.0,0.056429595,0.0,0.0,0.0,0.0,0.0,0.0
2,3,0.0,0.06535795,0.0,0.87821245,0.0,0.0,0.056429595,0.0,0.0,0.0,0.0,0.0,0.0
2,3,0.0,0.06535795,0.0,0.87821245,0.0,0.0,0.056429595,0.0,0.0,0.0,0.0,0.0,0.0
2,3,0.0,0.06535795,0.0,0.87821245,0.0,0.0,0.056429595,0.0,0.0,0.0,0.0,0.0,0.0
2,3,0.0,0.06535795,0.0,0.87821245,0.0,0.0,0.056429595,0.0,0.0,0.0,0.0,0.0,0.0
2,3,0.0,0.06535795,0.0,0.87821245,0.0,0.0,0.056429595,0.0,0.0,0.0,0.0,0.0,0.0
2,3,0.0,0.06535795,0.0,0.87821245,0.0,0.0,0.056429595,0.0,0.0,0.0,0.0,0.0,0.0
2,3,0.0,0.06535795,0.0,0.87821245,0.0,0.0,0.056429595,0.0,0.0,0.0,0.0,0.0,0.0
2,3,0.0,0.06535795,0.0,0.87821245,0.0,0.0,0.056429595,0.0,0.0,0.0,0.0,0.0,0.0
2,3,0.0,0.12827767,0.0,0.8152927,0.0,0.0,0.056429595,0.0,0.0,0.0,0.0,0.0,0.0
2,3,0.0,0.12827767,0.0,0.8152927,0.0,0.0,0.056429595,0.0,0.0,0.0,0.0,0.0,0.0
2,3,0.0,0.12827767,0.0,0.8152927,0.0,0.0,0.056429595,0.0,0.0,0.0,0.0,0.0,0.0
2,3,0.0,0.12827767,0.0,0.8152927,0.0,0.0,0.056429595,0.0,0.0,0.0,0.0,0.0,0.0
2,3,0.0,0.12827767,0.0,0.8152927,0.0,0.0,0.056429595,0.0,0.0,0.0,0.0,0.0,0.0
2,3,0.0,0.12827767,0.0,0.8152927,0.0,0.0,0.056429595,0.0,0.0,0.0,0.0,0.0,0.0
2,3,0.0,0.12827767,0.0,0.8152927,0.0,0.0,0.056429595,0.0,0.0,0.0,0.0,0.0,0.0
2,3,0.0,0.12827767,0.0,0.8152927,0.0,0.0,0.056429595,0.0,0.0,0.0,0.0,0.0,0.0
2,3,0.0,0.12827767,0.0,0.8152927,0.0,0.0,0.056429595,0.0,0.0,0.0,0.0,0.0,0.0
2,3,0.0,0.12827767,0.0,0.8152927,0.0,0.0,0.056429595,0.0,0.0,0.0,0.0,0.0,0.0
2,3,0.0,0.12827767,0.0,0.8152927,0.0,0.0,0.056429595,0.0,0.0,0.0,0.0,0.0,0.0
2,3,0.0,0.12827767,0.0,0.8152927,0.0,0.0,0.056429595,0.0,0.0,0.0,0.0,0.0,0.0
2,3,0.0,0.12827767,0.0,0.8152927,0.0,0.0,0.056429595,0.0,0.0,0.0,0.0,0.0,0.0
2,3,0.0,0.12827767,0.0,0.8152927,0.0,0.0,0.056429595,0.0,0.0,0.0,0.0,0.0,0.0
2,3,0.0,0.12827767,0.0,0.8152927,0.0,0.0,0.056429595,0.0,0.0,0.0,0.0,0.0,0.0
2,3,0.0,0.12827767,0.0,0.8152927,0.0,0.0,0.056429595,0.0,0.0,0.0,0.0,0.0,0.0
2,3,0.0,0.12827767,0.0,0.8152927,0.0,0.0,0.056429595,0.0,0.0,0.0,0.0,0.0,0.0
2,3,0.0,0.12827767,0.0,0.8152927,0.0,0.0,0.056429595,0.0,0.0,0.0,0.0,0.0,0.0
2,3,0.0,0.12827767,0.0,0.8152927,0.0,0.0,0.056429595,0.0,0.0,0.0,0.0,0.0,0.0
2,3,0.0,0.12827767,0.0,0.8152927,0.0,0.0,0.056429595,0.0,0.0,0.0,0.0,0.0,0.0
2,3,0.0,0.12827767,0.0,0.8152927,0.0,0.0,0.056429595,0.0,0.0,0.0,0.0,0.0,0.0
2,3,0.0,0.12827767,0.0,0.8152927,0.0,0.0,0.056429595,0.0,0.0,0.0,0.0,0.0,0.0
2,3,0.0,0.12827767,0.0,0.8152927,0.0,0.0,0.056429595,0.0,0.0,0.0,0.0,0.0,0.0
2,3,0.0,0.12827767,0.0,0.8152927,0.0,0.0,0.056429595,0.0,0.0,0.0,0.0,0.0,0.0
2,3,0.0,0.12827767,0.0,0.8152927,0.0,0.0,0.056429595,0.0,0.0,0.0,0.0,0.0,0.0
2,3,0.0,0.12827767,0.0,0.8152927,0.0,0.0,0.056429595,0.0,0.0,0.0,0.0,0.0,0.0
2,3,0.0,0.12827767,0.0,0.8152927,0.0,0.0,0.056429595,0.0,0.0,0.0,0.0,0.0,0.0
2,3,0.0,0.12827767,0.0,0.8152927,0.0,0.0,0.056429595,0.0,0.0,0.0,0.0,0.0,0.0
2,3,0.0,0.12827767,0.0,0.8152927,0.0,0.0,0.056429595,0.0,0.0,0.0,0.0,0.0,0.0
2,3,0.0,0.12827767,0.0,0.8152927,0.0,0.0,0.056429595,0.0,0.0,0.0,0.0,0.0,0.0
2,3,0.0,0.12827767,0.0,0.8152927,0.0,0.0,0.056429595,0.0,0.0,0.0,0.0,0.0,0.0
2,3,0.0,0.12827767,0.0,0.8152927,0.0,0.0,0.056429595,0.0,0.0,0.0,0.0,0.0,0.0
2,3,0.0,0.12827767,0.0,0.8152927,0.0,0.0,0.056429595,0.0,0.0,0.0,0.0,0.0,0.0
2,3,0.0,0.12827767,0.0,0.8152927,0.0,0.0,0.056429595,0.0,0.0,0.0,0.0,0.0,0.0
2,3,0.0,0.12827767,0.0,0.8152927,0.0,0.0,0.056429595,0.0,0.0,0.0,0.0,0.0,0.0
2,3,0.0,0.12827767,0.0,0.8152927,0.0,0.0,0.056429595,0.0,0.0,0.0,0.0,0.0,0.0
2,3,0.0,0.12827767,0.0,0.8152927,0.0,0.0,0.056429595,0.0,0.0,0.0,0.0,0.0,0.0
2,3,0.0,0.12827767,0.0,0.8152927,0.0,0.0,0.056429595,0.0,0.0,0.0,0.0,0.0,0.0
2,3,0.0,0.12827767,0.0,0.8152927,0.0,0.0,0.056429595,0.0,0.0,0.0,0.0,0.0,0.0
2,3,0.0,0.12827767,0.0,0.8152927,0.0,0.0,0.056429595,0.0,0.0,0.0,0.0,0.0,0.0
2,3,0.0,0.12827767,0.0,0.8152927,0.0,0.0,0.056429595,0.0,0.0,0.0,0.0,0.0,0.0
2,3,0.0,0.12827767,0.0,0.8152927,0.0,0.0,0.056429595,0.0,0.0,0.0,0.0,0.0,0.0
2,3,0.0,0.12827767,0.0,0.8152927,0.0,0.0,0.056429595,0.0,0.0,0.0,0.0,0.0,0.0
2,3,0.0,0.12827767,0.0,0.8152927,0.0,0.0,0.056429595,0.0,0.0,0.0,0.0,0.0,0.0
2,3,0.0,0.12827767,0.0,0.8152927,0.0,0.0,0.056429595,0.0,0.0,0.0,0.0,0.0,0.0
2,3,0.0,0.12827767,0.0,0.8152927,0.0,0.0,0.056429595,0.0,0.0,0.0,0.0,0.0,0.0
2,3,0.0,0.12827767,0.0,0.8152927,0.0,0.0,0.056429595,0.0,0.0,0.0,0.0,0.0,0.0
2,3,0.0,0.12827767,0.0,0.8152927,0.0,0.0,0.056429595,0.0,0.0,0.0,0.0,0.0,0.0
2,3,0.0,0.12827769,0.0,0.87172234,0.0,0.0,0.0,0.0,0.0,0.0,0.0,0.0,0.0
2,3,0.0,0.12827769,0.0,0.87172234,0.0,0.0,0.0,0.0,0.0,0.0,0.0,0.0,0.0
2,3,0.0,0.12827769,0.0,0.87172234,0.0,0.0,0.0,0.0,0.0,0.0,0.0,0.0,0.0
2,3,0.0,0.12827769,0.0,0.87172234,0.0,0.0,0.0,0.0,0.0,0.0,0.0,0.0,0.0
2,3,0.0,0.12827769,0.0,0.87172234,0.0,0.0,0.0,0.0,0.0,0.0,0.0,0.0,0.0
2,3,0.0,0.12827769,0.0,0.87172234,0.0,0.0,0.0,0.0,0.0,0.0,0.0,0.0,0.0
2,3,0.0,0.12827769,0.0,0.87172234,0.0,0.0,0.0,0.0,0.0,0.0,0.0,0.0,0.0
2,3,0.0,0.12827769,0.0,0.87172234,0.0,0.0,0.0,0.0,0.0,0.0,0.0,0.0,0.0
2,3,0.0,0.12827769,0.0,0.87172234,0.0,0.0,0.0,0.0,0.0,0.0,0.0,0.0,0.0
2,3,0.0,0.12827769,0.0,0.87172234,0.0,0.0,0.0,0.0,0.0,0.0,0.0,0.0,0.0
2,3,0.0,0.12827769,0.0,0.87172234,0.0,0.0,0.0,0.0,0.0,0.0,0.0,0.0,0.0
2,3,0.0,0.12827769,0.0,0.87172234,0.0,0.0,0.0,0.0,0.0,0.0,0.0,0.0,0.0
2,3,0.0,0.12827769,0.0,0.87172234,0.0,0.0,0.0,0.0,0.0,0.0,0.0,0.0,0.0
2,3,0.0,0.12827769,0.0,0.87172234,0.0,0.0,0.0,0.0,0.0,0.0,0.0,0.0,0.0
2,3,0.0,0.12827769,0.0,0.87172234,0.0,0.0,0.0,0.0,0.0,0.0,0.0,0.0,0.0
2,3,0.0,0.12827769,0.0,0.87172234,0.0,0.0,0.0,0.0,0.0,0.0,0.0,0.0,0.0
2,3,0.0,0.12827769,0.0,0.87172234,0.0,0.0,0.0,0.0,0.0,0.0,0.0,0.0,0.0
2,3,0.0,0.12827769,0.0,0.87172234,0.0,0.0,0.0,0.0,0.0,0.0,0.0,0.0,0.0
2,3,0.0,0.12827769,0.0,0.87172234,0.0,0.0,0.0,0.0,0.0,0.0,0.0,0.0,0.0
2,3,0.0,0.12827769,0.0,0.87172234,0.0,0.0,0.0,0.0,0.0,0.0,0.0,0.0,0.0
2,3,0.0,0.12827769,0.0,0.87172234,0.0,0.0,0.0,0.0,0.0,0.0,0.0,0.0,0.0
2,3,0.0,0.12827769,0.0,0.87172234,0.0,0.0,0.0,0.0,0.0,0.0,0.0,0.0,0.0
2,3,0.067583494,0.12827767,0.0,0.80413884,0.0,0.0,0.0,0.0,0.0,0.0,0.0,0.0,0.0
2,3,0.067583494,0.12827767,0.0,0.80413884,0.0,0.0,0.0,0.0,0.0,0.0,0.0,0.0,0.0
2,3,0.067583494,0.12827767,0.0,0.80413884,0.0,0.0,0.0,0.0,0.0,0.0,0.0,0.0,0.0
2,3,0.067583494,0.12827767,0.0,0.80413884,0.0,0.0,0.0,0.0,0.0,0.0,0.0,0.0,0.0
2,3,0.067583494,0.12827767,0.0,0.80413884,0.0,0.0,0.0,0.0,0.0,0.0,0.0,0.0,0.0
2,3,0.067583494,0.12827767,0.0,0.80413884,0.0,0.0,0.0,0.0,0.0,0.0,0.0,0.0,0.0
2,3,0.067583494,0.12827767,0.0,0.80413884,0.0,0.0,0.0,0.0,0.0,0.0,0.0,0.0,0.0
2,3,0.067583494,0.12827767,0.0,0.80413884,0.0,0.0,0.0,0.0,0.0,0.0,0.0,0.0,0.0
2,3,0.067583494,0.12827767,0.0,0.80413884,0.0,0.0,0.0,0.0,0.0,0.0,0.0,0.0,0.0
2,3,0.067583494,0.12827767,0.0,0.80413884,0.0,0.0,0.0,0.0,0.0,0.0,0.0,0.0,0.0
2,3,0.067583494,0.12827767,0.0,0.80413884,0.0,0.0,0.0,0.0,0.0,0.0,0.0,0.0,0.0
2,3,0.067583494,0.12827767,0.0,0.80413884,0.0,0.0,0.0,0.0,0.0,0.0,0.0,0.0,0.0
2,3,0.067583494,0.12827767,0.0,0.80413884,0.0,0.0,0.0,0.0,0.0,0.0,0.0,0.0,0.0
2,3,0.067583494,0.12827767,0.0,0.80413884,0.0,0.0,0.0,0.0,0.0,0.0,0.0,0.0,0.0
2,3,0.067583494,0.12827767,0.0,0.80413884,0.0,0.0,0.0,0.0,0.0,0.0,0.0,0.0,0.0
2,3,0.067583494,0.12827767,0.0,0.80413884,0.0,0.0,0.0,0.0,0.0,0.0,0.0,0.0,0.0
2,3,0.067583494,0.12827767,0.0,0.80413884,0.0,0.0,0.0,0.0,0.0,0.0,0.0,0.0,0.0
2,3,0.067583494,0.12827767,0.0,0.80413884,0.0,0.0,0.0,0.0,0.0,0.0,0.0,0.0,0.0
2,3,0.067583494,0.12827767,0.0,0.80413884,0.0,0.0,0.0,0.0,0.0,0.0,0.0,0.0,0.0
2,3,0.067583494,0.12827767,0.0,0.80413884,0.0,0.0,0.0,0.0,0.0,0.0,0.0,0.0,0.0
2,3,0.067583494,0.12827767,0.0,0.80413884,0.0,0.0,0.0,0.0,0.0,0.0,0.0,0.0,0.0
2,3,0.067583494,0.12827767,0.0,0.80413884,0.0,0.0,0.0,0.0,0.0,0.0,0.0,0.0,0.0
2,3,0.067583494,0.12827767,0.0,0.80413884,0.0,0.0,0.0,0.0,0.0,0.0,0.0,0.0,0.0
2,3,0.067583494,0.12827767,0.0,0.80413884,0.0,0.0,0.0,0.0,0.0,0.0,0.0,0.0,0.0
2,3,0.067583494,0.12827767,0.0,0.80413884,0.0,0.0,0.0,0.0,0.0,0.0,0.0,0.0,0.0
2,3,0.067583494,0.12827767,0.0,0.80413884,0.0,0.0,0.0,0.0,0.0,0.0,0.0,0.0,0.0
2,3,0.067583494,0.12827767,0.0,0.80413884,0.0,0.0,0.0,0.0,0.0,0.0,0.0,0.0,0.0
2,3,0.067583494,0.12827767,0.0,0.80413884,0.0,0.0,0.0,0.0,0.0,0.0,0.0,0.0,0.0
2,3,0.067583494,0.12827767,0.0,0.80413884,0.0,0.0,0.0,0.0,0.0,0.0,0.0,0.0,0.0
2,3,0.067583494,0.12827767,0.0,0.80413884,0.0,0.0,0.0,0.0,0.0,0.0,0.0,0.0,0.0
2,3,0.067583494,0.12827767,0.0,0.80413884,0.0,0.0,0.0,0.0,0.0,0.0,0.0,0.0,0.0
2,3,0.067583494,0.12827767,0.0,0.80413884,0.0,0.0,0.0,0.0,0.0,0.0,0.0,0.0,0.0
2,3,0.067583494,0.12827767,0.0,0.80413884,0.0,0.0,0.0,0.0,0.0,0.0,0.0,0.0,0.0
2,3,0.067583494,0.12827767,0.0,0.80413884,0.0,0.0,0.0,0.0,0.0,0.0,0.0,0.0,0.0
2,3,0.067583494,0.12827767,0.0,0.80413884,0.0,0.0,0.0,0.0,0.0,0.0,0.0,0.0,0.0
2,3,0.067583494,0.12827767,0.0,0.80413884,0.0,0.0,0.0,0.0,0.0,0.0,0.0,0.0,0.0
2,3,0.067583494,0.12827767,0.0,0.80413884,0.0,0.0,0.0,0.0,0.0,0.0,0.0,0.0,0.0
2,3,0.067583494,0.12827767,0.0,0.80413884,0.0,0.0,0.0,0.0,0.0,0.0,0.0,0.0,0.0
2,3,0.067583494,0.12827767,0.0,0.80413884,0.0,0.0,0.0,0.0,0.0,0.0,0.0,0.0,0.0
2,3,0.067583494,0.12827767,0.0,0.80413884,0.0,0.0,0.0,0.0,0.0,0.0,0.0,0.0,0.0
2,3,0.067583494,0.12827767,0.0,0.80413884,0.0,0.0,0.0,0.0,0.0,0.0,0.0,0.0,0.0
2,3,0.067583494,0.12827767,0.0,0.80413884,0.0,0.0,0.0,0.0,0.0,0.0,0.0,0.0,0.0
2,3,0.067583494,0.12827767,0.0,0.80413884,0.0,0.0,0.0,0.0,0.0,0.0,0.0,0.0,0.0
2,3,0.067583494,0.12827767,0.0,0.80413884,0.0,0.0,0.0,0.0,0.0,0.0,0.0,0.0,0.0
2,3,0.067583494,0.12827767,0.0,0.80413884,0.0,0.0,0.0,0.0,0.0,0.0,0.0,0.0,0.0
2,3,0.067583494,0.12827767,0.0,0.80413884,0.0,0.0,0.0,0.0,0.0,0.0,0.0,0.0,0.0
2,3,0.067583494,0.12827767,0.0,0.80413884,0.0,0.0,0.0,0.0,0.0,0.0,0.0,0.0,0.0
2,3,0.067583494,0.12827767,0.0,0.80413884,0.0,0.0,0.0,0.0,0.0,0.0,0.0,0.0,0.0
2,3,0.067583494,0.12827767,0.0,0.80413884,0.0,0.0,0.0,0.0,0.0,0.0,0.0,0.0,0.0
2,3,0.067583494,0.12827767,0.0,0.80413884,0.0,0.0,0.0,0.0,0.0,0.0,0.0,0.0,0.0
2,3,0.067583494,0.06291972,0.0,0.8694968,0.0,0.0,0.0,0.0,0.0,0.0,0.0,0.0,0.0
2,3,0.067583494,0.06291972,0.0,0.8694968,0.0,0.0,0.0,0.0,0.0,0.0,0.0,0.0,0.0
2,3,0.067583494,0.06291972,0.0,0.8694968,0.0,0.0,0.0,0.0,0.0,0.0,0.0,0.0,0.0
2,3,0.067583494,0.06291972,0.0,0.8694968,0.0,0.0,0.0,0.0,0.0,0.0,0.0,0.0,0.0
2,3,0.067583494,0.06291972,0.0,0.8694968,0.0,0.0,0.0,0.0,0.0,0.0,0.0,0.0,0.0
2,3,0.067583494,0.06291972,0.0,0.8694968,0.0,0.0,0.0,0.0,0.0,0.0,0.0,0.0,0.0
2,3,0.067583494,0.06291972,0.0,0.8694968,0.0,0.0,0.0,0.0,0.0,0.0,0.0,0.0,0.0
2,3,0.067583494,0.06291972,0.0,0.8694968,0.0,0.0,0.0,0.0,0.0,0.0,0.0,0.0,0.0
2,3,0.067583494,0.06291972,0.0,0.8694968,0.0,0.0,0.0,0.0,0.0,0.0,0.0,0.0,0.0
2,3,0.067583494,0.06291972,0.0,0.8694968,0.0,0.0,0.0,0.0,0.0,0.0,0.0,0.0,0.0
2,3,0.067583494,0.06291972,0.0,0.8694968,0.0,0.0,0.0,0.0,0.0,0.0,0.0,0.0,0.0
2,3,0.067583494,0.06291972,0.0,0.8694968,0.0,0.0,0.0,0.0,0.0,0.0,0.0,0.0,0.0
2,3,0.067583494,0.06291972,0.0,0.8694968,0.0,0.0,0.0,0.0,0.0,0.0,0.0,0.0,0.0
2,3,0.067583494,0.06291972,0.0,0.8694968,0.0,0.0,0.0,0.0,0.0,0.0,0.0,0.0,0.0
2,3,0.067583494,0.06291972,0.0,0.8694968,0.0,0.0,0.0,0.0,0.0,0.0,0.0,0.0,0.0
2,3,0.067583494,0.06291972,0.0,0.8694968,0.0,0.0,0.0,0.0,0.0,0.0,0.0,0.0,0.0
2,3,0.067583494,0.06291972,0.0,0.8694968,0.0,0.0,0.0,0.0,0.0,0.0,0.0,0.0,0.0
2,3,0.067583494,0.06291972,0.0,0.8694968,0.0,0.0,0.0,0.0,0.0,0.0,0.0,0.0,0.0
2,3,0.067583494,0.06291972,0.0,0.8694968,0.0,0.0,0.0,0.0,0.0,0.0,0.0,0.0,0.0
2,3,0.067583494,0.06291972,0.0,0.8694968,0.0,0.0,0.0,0.0,0.0,0.0,0.0,0.0,0.0
2,3,0.067583494,0.06291972,0.0,0.8694968,0.0,0.0,0.0,0.0,0.0,0.0,0.0,0.0,0.0
2,3,0.067583494,0.06291972,0.0,0.8694968,0.0,0.0,0.0,0.0,0.0,0.0,0.0,0.0,0.0
2,3,0.067583494,0.06291972,0.0,0.8694968,0.0,0.0,0.0,0.0,0.0,0.0,0.0,0.0,0.0
2,3,0.067583494,0.06291972,0.0,0.8694968,0.0,0.0,0.0,0.0,0.0,0.0,0.0,0.0,0.0
2,3,0.067583494,0.06291972,0.0,0.8694968,0.0,0.0,0.0,0.0,0.0,0.0,0.0,0.0,0.0
2,3,0.067583494,0.06291972,0.0,0.8694968,0.0,0.0,0.0,0.0,0.0,0.0,0.0,0.0,0.0
2,3,0.067583494,0.06291972,0.0,0.8694968,0.0,0.0,0.0,0.0,0.0,0.0,0.0,0.0,0.0
2,3,0.067583494,0.06291972,0.0,0.8694968,0.0,0.0,0.0,0.0,0.0,0.0,0.0,0.0,0.0
2,3,0.067583494,0.06291972,0.0,0.8694968,0.0,0.0,0.0,0.0,0.0,0.0,0.0,0.0,0.0
2,3,0.067583494,0.06291972,0.0,0.8694968,0.0,0.0,0.0,0.0,0.0,0.0,0.0,0.0,0.0
2,3,0.067583494,0.06291972,0.0,0.8694968,0.0,0.0,0.0,0.0,0.0,0.0,0.0,0.0,0.0
2,3,0.067583494,0.06291972,0.0,0.8694968,0.0,0.0,0.0,0.0,0.0,0.0,0.0,0.0,0.0
2,3,0.067583494,0.06291972,0.0,0.8694968,0.0,0.0,0.0,0.0,0.0,0.0,0.0,0.0,0.0
2,3,0.067583494,0.06291972,0.0,0.8694968,0.0,0.0,0.0,0.0,0.0,0.0,0.0,0.0,0.0
2,3,0.067583494,0.06291972,0.0,0.8694968,0.0,0.0,0.0,0.0,0.0,0.0,0.0,0.0,0.0
2,3,0.067583494,0.06291972,0.0,0.8694968,0.0,0.0,0.0,0.0,0.0,0.0,0.0,0.0,0.0
2,3,0.067583494,0.06291972,0.0,0.8694968,0.0,0.0,0.0,0.0,0.0,0.0,0.0,0.0,0.0
2,3,0.067583494,0.06291972,0.0,0.8694968,0.0,0.0,0.0,0.0,0.0,0.0,0.0,0.0,0.0
2,3,0.067583494,0.06291972,0.0,0.8694968,0.0,0.0,0.0,0.0,0.0,0.0,0.0,0.0,0.0
2,3,0.067583494,0.06291972,0.0,0.8694968,0.0,0.0,0.0,0.0,0.0,0.0,0.0,0.0,0.0
2,3,0.067583494,0.06291972,0.0,0.8694968,0.0,0.0,0.0,0.0,0.0,0.0,0.0,0.0,0.0
2,3,0.067583494,0.06291972,0.0,0.8694968,0.0,0.0,0.0,0.0,0.0,0.0,0.0,0.0,0.0
2,3,0.067583494,0.06291972,0.0,0.8694968,0.0,0.0,0.0,0.0,0.0,0.0,0.0,0.0,0.0
2,3,0.067583494,0.06291972,0.0,0.8694968,0.0,0.0,0.0,0.0,0.0,0.0,0.0,0.0,0.0
2,3,0.067583494,0.06291972,0.0,0.8694968,0.0,0.0,0.0,0.0,0.0,0.0,0.0,0.0,0.0
2,3,0.067583494,0.06291972,0.0,0.8694968,0.0,0.0,0.0,0.0,0.0,0.0,0.0,0.0,0.0
2,3,0.067583494,0.06291972,0.0,0.8694968,0.0,0.0,0.0,0.0,0.0,0.0,0.0,0.0,0.0
2,3,0.067583494,0.06291972,0.0,0.8694968,0.0,0.0,0.0,0.0,0.0,0.0,0.0,0.0,0.0
2,3,0.067583494,0.06291972,0.0,0.8694968,0.0,0.0,0.0,0.0,0.0,0.0,0.0,0.0,0.0
2,3,0.067583494,0.06291972,0.0,0.8694968,0.0,0.0,0.0,0.0,0.0,0.0,0.0,0.0,0.0
2,3,0.067583494,0.06291972,0.0,0.8694968,0.0,0.0,0.0,0.0,0.0,0.0,0.0,0.0,0.0
2,3,0.067583494,0.06291972,0.0,0.8694968,0.0,0.0,0.0,0.0,0.0,0.0,0.0,0.0,0.0
2,3,0.067583494,0.06291972,0.0,0.8694968,0.0,0.0,0.0,0.0,0.0,0.0,0.0,0.0,0.0
2,3,0.067583494,0.06291972,0.0,0.8694968,0.0,0.0,0.0,0.0,0.0,0.0,0.0,0.0,0.0
2,3,0.067583494,0.06291972,0.0,0.8694968,0.0,0.0,0.0,0.0,0.0,0.0,0.0,0.0,0.0
2,3,0.067583494,0.06291972,0.0,0.8694968,0.0,0.0,0.0,0.0,0.0,0.0,0.0,0.0,0.0
2,3,0.067583494,0.06291972,0.0,0.8694968,0.0,0.0,0.0,0.0,0.0,0.0,0.0,0.0,0.0
2,3,0.067583494,0.06291972,0.0,0.8694968,0.0,0.0,0.0,0.0,0.0,0.0,0.0,0.0,0.0
2,3,0.067583494,0.06291972,0.0,0.8694968,0.0,0.0,0.0,0.0,0.0,0.0,0.0,0.0,0.0
2,3,0.067583494,0.06291972,0.0,0.8694968,0.0,0.0,0.0,0.0,0.0,0.0,0.0,0.0,0.0
2,3,0.067583494,0.06291972,0.0,0.8694968,0.0,0.0,0.0,0.0,0.0,0.0,0.0,0.0,0.0
2,3,0.067583494,0.06291972,0.0,0.8694968,0.0,0.0,0.0,0.0,0.0,0.0,0.0,0.0,0.0
2,3,0.067583494,0.06291972,0.0,0.8694968,0.0,0.0,0.0,0.0,0.0,0.0,0.0,0.0,0.0
2,3,0.067583494,0.06291972,0.0,0.8694968,0.0,0.0,0.0,0.0,0.0,0.0,0.0,0.0,0.0
2,3,0.067583494,0.06291972,0.0,0.8694968,0.0,0.0,0.0,0.0,0.0,0.0,0.0,0.0,0.0
2,3,0.067583494,0.06291972,0.0,0.8694968,0.0,0.0,0.0,0.0,0.0,0.0,0.0,0.0,0.0
2,3,0.067583494,0.06291972,0.0,0.8694968,0.0,0.0,0.0,0.0,0.0,0.0,0.0,0.0,0.0
2,3,0.067583494,0.06291972,0.0,0.8694968,0.0,0.0,0.0,0.0,0.0,0.0,0.0,0.0,0.0
2,3,0.067583494,0.06291972,0.0,0.8694968,0.0,0.0,0.0,0.0,0.0,0.0,0.0,0.0,0.0
2,3,0.067583494,0.06291972,0.0,0.8694968,0.0,0.0,0.0,0.0,0.0,0.0,0.0,0.0,0.0
2,3,0.067583494,0.06291972,0.0,0.8694968,0.0,0.0,0.0,0.0,0.0,0.0,0.0,0.0,0.0
2,3,0.067583494,0.06291972,0.0,0.8694968,0.0,0.0,0.0,0.0,0.0,0.0,0.0,0.0,0.0
2,3,0.067583494,0.06291972,0.0,0.8694968,0.0,0.0,0.0,0.0,0.0,0.0,0.0,0.0,0.0
2,3,0.067583494,0.06291972,0.0,0.8694968,0.0,0.0,0.0,0.0,0.0,0.0,0.0,0.0,0.0
2,3,0.067583494,0.06291972,0.0,0.8694968,0.0,0.0,0.0,0.0,0.0,0.0,0.0,0.0,0.0
2,3,0.067583494,0.06291972,0.0,0.8694968,0.0,0.0,0.0,0.0,0.0,0.0,0.0,0.0,0.0
2,3,0.067583494,0.06291972,0.0,0.8694968,0.0,0.0,0.0,0.0,0.0,0.0,0.0,0.0,0.0
2,3,0.067583494,0.06291972,0.0,0.8694968,0.0,0.0,0.0,0.0,0.0,0.0,0.0,0.0,0.0
2,3,0.067583494,0.06291972,0.0,0.8694968,0.0,0.0,0.0,0.0,0.0,0.0,0.0,0.0,0.0
2,3,0.067583494,0.06291972,0.0,0.8694968,0.0,0.0,0.0,0.0,0.0,0.0,0.0,0.0,0.0
2,3,0.067583494,0.06291972,0.0,0.8694968,0.0,0.0,0.0,0.0,0.0,0.0,0.0,0.0,0.0
2,3,0.067583494,0.06291972,0.0,0.8694968,0.0,0.0,0.0,0.0,0.0,0.0,0.0,0.0,0.0
2,3,0.067583494,0.06291972,0.0,0.8694968,0.0,0.0,0.0,0.0,0.0,0.0,0.0,0.0,0.0
2,3,0.067583494,0.06291972,0.0,0.8694968,0.0,0.0,0.0,0.0,0.0,0.0,0.0,0.0,0.0
2,3,0.067583494,0.06291972,0.0,0.8694968,0.0,0.0,0.0,0.0,0.0,0.0,0.0,0.0,0.0
2,3,0.067583494,0.06291972,0.0,0.8694968,0.0,0.0,0.0,0.0,0.0,0.0,0.0,0.0,0.0
2,3,0.067583494,0.06291972,0.0,0.8694968,0.0,0.0,0.0,0.0,0.0,0.0,0.0,0.0,0.0
2,3,0.067583494,0.06291972,0.0,0.8694968,0.0,0.0,0.0,0.0,0.0,0.0,0.0,0.0,0.0
2,3,0.067583494,0.06291972,0.0,0.8694968,0.0,0.0,0.0,0.0,0.0,0.0,0.0,0.0,0.0
2,3,0.067583494,0.06291972,0.0,0.8694968,0.0,0.0,0.0,0.0,0.0,0.0,0.0,0.0,0.0
2,3,0.067583494,0.06291972,0.0,0.8694968,0.0,0.0,0.0,0.0,0.0,0.0,0.0,0.0,0.0
2,3,0.067583494,0.06291972,0.0,0.8694968,0.0,0.0,0.0,0.0,0.0,0.0,0.0,0.0,0.0
2,3,0.067583494,0.06291972,0.0,0.8694968,0.0,0.0,0.0,0.0,0.0,0.0,0.0,0.0,0.0
2,3,0.067583494,0.06291972,0.0,0.8694968,0.0,0.0,0.0,0.0,0.0,0.0,0.0,0.0,0.0
2,3,0.067583494,0.06291972,0.0,0.8694968,0.0,0.0,0.0,0.0,0.0,0.0,0.0,0.0,0.0
2,3,0.067583494,0.06291972,0.0,0.8694968,0.0,0.0,0.0,0.0,0.0,0.0,0.0,0.0,0.0
2,3,0.067583494,0.06291972,0.0,0.8694968,0.0,0.0,0.0,0.0,0.0,0.0,0.0,0.0,0.0
2,3,0.067583494,0.06291972,0.0,0.8694968,0.0,0.0,0.0,0.0,0.0,0.0,0.0,0.0,0.0
2,3,0.067583494,0.06291972,0.0,0.8694968,0.0,0.0,0.0,0.0,0.0,0.0,0.0,0.0,0.0
2,3,0.067583494,0.06291972,0.0,0.8694968,0.0,0.0,0.0,0.0,0.0,0.0,0.0,0.0,0.0
2,3,0.067583494,0.06291972,0.0,0.8694968,0.0,0.0,0.0,0.0,0.0,0.0,0.0,0.0,0.0
2,3,0.067583494,0.06291972,0.0,0.8694968,0.0,0.0,0.0,0.0,0.0,0.0,0.0,0.0,0.0
2,3,0.067583494,0.06291972,0.0,0.8694968,0.0,0.0,0.0,0.0,0.0,0.0,0.0,0.0,0.0
2,3,0.067583494,0.06291972,0.0,0.8694968,0.0,0.0,0.0,0.0,0.0,0.0,0.0,0.0,0.0
2,3,0.067583494,0.0,0.0,0.93241656,0.0,0.0,0.0,0.0,0.0,0.0,0.0,0.0,0.0
2,3,0.067583494,0.0,0.0,0.93241656,0.0,0.0,0.0,0.0,0.0,0.0,0.0,0.0,0.0
2,3,0.067583494,0.0,0.0,0.93241656,0.0,0.0,0.0,0.0,0.0,0.0,0.0,0.0,0.0
2,3,0.067583494,0.0,0.0,0.93241656,0.0,0.0,0.0,0.0,0.0,0.0,0.0,0.0,0.0
2,3,0.067583494,0.0,0.0,0.93241656,0.0,0.0,0.0,0.0,0.0,0.0,0.0,0.0,0.0
2,3,0.067583494,0.0,0.0,0.93241656,0.0,0.0,0.0,0.0,0.0,0.0,0.0,0.0,0.0
2,3,0.067583494,0.0,0.0,0.93241656,0.0,0.0,0.0,0.0,0.0,0.0,0.0,0.0,0.0
2,3,0.067583494,0.0,0.0,0.93241656,0.0,0.0,0.0,0.0,0.0,0.0,0.0,0.0,0.0
2,3,0.067583494,0.0,0.0,0.93241656,0.0,0.0,0.0,0.0,0.0,0.0,0.0,0.0,0.0
2,3,0.067583494,0.0,0.0,0.93241656,0.0,0.0,0.0,0.0,0.0,0.0,0.0,0.0,0.0
2,3,0.067583494,0.0,0.0,0.93241656,0.0,0.0,0.0,0.0,0.0,0.0,0.0,0.0,0.0
2,3,0.067583494,0.0,0.0,0.93241656,0.0,0.0,0.0,0.0,0.0,0.0,0.0,0.0,0.0
2,3,0.067583494,0.0,0.0,0.93241656,0.0,0.0,0.0,0.0,0.0,0.0,0.0,0.0,0.0
2,3,0.067583494,0.0,0.0,0.93241656,0.0,0.0,0.0,0.0,0.0,0.0,0.0,0.0,0.0
2,3,0.067583494,0.0,0.0,0.93241656,0.0,0.0,0.0,0.0,0.0,0.0,0.0,0.0,0.0
2,3,0.067583494,0.0,0.0,0.93241656,0.0,0.0,0.0,0.0,0.0,0.0,0.0,0.0,0.0
2,3,0.067583494,0.0,0.0,0.93241656,0.0,0.0,0.0,0.0,0.0,0.0,0.0,0.0,0.0
2,3,0.067583494,0.0,0.0,0.93241656,0.0,0.0,0.0,0.0,0.0,0.0,0.0,0.0,0.0
2,3,0.067583494,0.0,0.0,0.93241656,0.0,0.0,0.0,0.0,0.0,0.0,0.0,0.0,0.0
2,3,0.067583494,0.0,0.0,0.93241656,0.0,0.0,0.0,0.0,0.0,0.0,0.0,0.0,0.0
2,3,0.067583494,0.0,0.0,0.93241656,0.0,0.0,0.0,0.0,0.0,0.0,0.0,0.0,0.0
2,3,0.067583494,0.0,0.0,0.93241656,0.0,0.0,0.0,0.0,0.0,0.0,0.0,0.0,0.0
2,3,0.067583494,0.0,0.0,0.93241656,0.0,0.0,0.0,0.0,0.0,0.0,0.0,0.0,0.0
2,3,0.067583494,0.0,0.0,0.93241656,0.0,0.0,0.0,0.0,0.0,0.0,0.0,0.0,0.0
2,3,0.067583494,0.0,0.0,0.93241656,0.0,0.0,0.0,0.0,0.0,0.0,0.0,0.0,0.0
2,3,0.067583494,0.0,0.0,0.93241656,0.0,0.0,0.0,0.0,0.0,0.0,0.0,0.0,0.0
2,3,0.067583494,0.0,0.0,0.93241656,0.0,0.0,0.0,0.0,0.0,0.0,0.0,0.0,0.0
2,3,0.067583494,0.0,0.0,0.93241656,0.0,0.0,0.0,0.0,0.0,0.0,0.0,0.0,0.0
2,3,0.067583494,0.0,0.0,0.93241656,0.0,0.0,0.0,0.0,0.0,0.0,0.0,0.0,0.0
2,3,0.067583494,0.0,0.0,0.93241656,0.0,0.0,0.0,0.0,0.0,0.0,0.0,0.0,0.0
2,3,0.067583494,0.0,0.0,0.93241656,0.0,0.0,0.0,0.0,0.0,0.0,0.0,0.0,0.0
2,3,0.067583494,0.0,0.0,0.93241656,0.0,0.0,0.0,0.0,0.0,0.0,0.0,0.0,0.0
2,3,0.067583494,0.0,0.0,0.93241656,0.0,0.0,0.0,0.0,0.0,0.0,0.0,0.0,0.0
2,3,0.067583494,0.0,0.0,0.93241656,0.0,0.0,0.0,0.0,0.0,0.0,0.0,0.0,0.0
2,3,0.067583494,0.0,0.0,0.93241656,0.0,0.0,0.0,0.0,0.0,0.0,0.0,0.0,0.0
2,3,0.067583494,0.0,0.0,0.93241656,0.0,0.0,0.0,0.0,0.0,0.0,0.0,0.0,0.0
2,3,0.067583494,0.0,0.0,0.93241656,0.0,0.0,0.0,0.0,0.0,0.0,0.0,0.0,0.0
2,3,0.067583494,0.0,0.0,0.93241656,0.0,0.0,0.0,0.0,0.0,0.0,0.0,0.0,0.0
2,3,0.067583494,0.0,0.0,0.93241656,0.0,0.0,0.0,0.0,0.0,0.0,0.0,0.0,0.0
2,3,0.067583494,0.0,0.0,0.93241656,0.0,0.0,0.0,0.0,0.0,0.0,0.0,0.0,0.0
2,3,0.067583494,0.0,0.0,0.93241656,0.0,0.0,0.0,0.0,0.0,0.0,0.0,0.0,0.0
2,3,0.067583494,0.0,0.0,0.93241656,0.0,0.0,0.0,0.0,0.0,0.0,0.0,0.0,0.0
2,3,0.067583494,0.0,0.0,0.93241656,0.0,0.0,0.0,0.0,0.0,0.0,0.0,0.0,0.0
2,3,0.067583494,0.0,0.0,0.93241656,0.0,0.0,0.0,0.0,0.0,0.0,0.0,0.0,0.0
2,3,0.067583494,0.0,0.0,0.93241656,0.0,0.0,0.0,0.0,0.0,0.0,0.0,0.0,0.0
2,3,0.067583494,0.0,0.0,0.93241656,0.0,0.0,0.0,0.0,0.0,0.0,0.0,0.0,0.0
2,3,0.067583494,0.0,0.0,0.93241656,0.0,0.0,0.0,0.0,0.0,0.0,0.0,0.0,0.0
2,3,0.067583494,0.0,0.0,0.93241656,0.0,0.0,0.0,0.0,0.0,0.0,0.0,0.0,0.0
2,3,0.067583494,0.0,0.0,0.93241656,0.0,0.0,0.0,0.0,0.0,0.0,0.0,0.0,0.0
2,3,0.067583494,0.0,0.0,0.93241656,0.0,0.0,0.0,0.0,0.0,0.0,0.0,0.0,0.0
2,3,0.067583494,0.0,0.0,0.93241656,0.0,0.0,0.0,0.0,0.0,0.0,0.0,0.0,0.0
2,3,0.067583494,0.0,0.0,0.93241656,0.0,0.0,0.0,0.0,0.0,0.0,0.0,0.0,0.0
2,3,0.067583494,0.0,0.0,0.93241656,0.0,0.0,0.0,0.0,0.0,0.0,0.0,0.0,0.0
2,3,0.067583494,0.0,0.0,0.93241656,0.0,0.0,0.0,0.0,0.0,0.0,0.0,0.0,0.0
2,3,0.067583494,0.0,0.0,0.93241656,0.0,0.0,0.0,0.0,0.0,0.0,0.0,0.0,0.0
2,3,0.067583494,0.0,0.0,0.93241656,0.0,0.0,0.0,0.0,0.0,0.0,0.0,0.0,0.0
2,3,0.067583494,0.0,0.0,0.93241656,0.0,0.0,0.0,0.0,0.0,0.0,0.0,0.0,0.0
2,3,0.067583494,0.0,0.0,0.93241656,0.0,0.0,0.0,0.0,0.0,0.0,0.0,0.0,0.0
2,3,0.067583494,0.0,0.0,0.93241656,0.0,0.0,0.0,0.0,0.0,0.0,0.0,0.0,0.0
2,3,0.067583494,0.0,0.0,0.93241656,0.0,0.0,0.0,0.0,0.0,0.0,0.0,0.0,0.0
2,3,0.067583494,0.0,0.0,0.93241656,0.0,0.0,0.0,0.0,0.0,0.0,0.0,0.0,0.0
2,3,0.067583494,0.0,0.0,0.93241656,0.0,0.0,0.0,0.0,0.0,0.0,0.0,0.0,0.0
2,3,0.067583494,0.0,0.0,0.93241656,0.0,0.0,0.0,0.0,0.0,0.0,0.0,0.0,0.0
2,3,0.067583494,0.0,0.0,0.93241656,0.0,0.0,0.0,0.0,0.0,0.0,0.0,0.0,0.0
2,3,0.067583494,0.0,0.0,0.93241656,0.0,0.0,0.0,0.0,0.0,0.0,0.0,0.0,0.0
2,3,0.067583494,0.0,0.0,0.93241656,0.0,0.0,0.0,0.0,0.0,0.0,0.0,0.0,0.0
2,3,0.067583494,0.0,0.0,0.93241656,0.0,0.0,0.0,0.0,0.0,0.0,0.0,0.0,0.0
2,3,0.067583494,0.0,0.0,0.93241656,0.0,0.0,0.0,0.0,0.0,0.0,0.0,0.0,0.0
2,3,0.067583494,0.0,0.0,0.93241656,0.0,0.0,0.0,0.0,0.0,0.0,0.0,0.0,0.0
2,3,0.067583494,0.0,0.0,0.93241656,0.0,0.0,0.0,0.0,0.0,0.0,0.0,0.0,0.0
2,3,0.067583494,0.0,0.0,0.93241656,0.0,0.0,0.0,0.0,0.0,0.0,0.0,0.0,0.0
2,3,0.067583494,0.0,0.0,0.93241656,0.0,0.0,0.0,0.0,0.0,0.0,0.0,0.0,0.0
2,3,0.067583494,0.0,0.0,0.93241656,0.0,0.0,0.0,0.0,0.0,0.0,0.0,0.0,0.0
2,3,0.067583494,0.0,0.0,0.93241656,0.0,0.0,0.0,0.0,0.0,0.0,0.0,0.0,0.0
2,3,0.067583494,0.0,0.0,0.93241656,0.0,0.0,0.0,0.0,0.0,0.0,0.0,0.0,0.0
2,3,0.067583494,0.0,0.0,0.93241656,0.0,0.0,0.0,0.0,0.0,0.0,0.0,0.0,0.0
2,3,0.067583494,0.0,0.0,0.93241656,0.0,0.0,0.0,0.0,0.0,0.0,0.0,0.0,0.0
2,3,0.067583494,0.0,0.0,0.93241656,0.0,0.0,0.0,0.0,0.0,0.0,0.0,0.0,0.0
2,3,0.067583494,0.0,0.0,0.93241656,0.0,0.0,0.0,0.0,0.0,0.0,0.0,0.0,0.0
2,3,0.067583494,0.0,0.0,0.93241656,0.0,0.0,0.0,0.0,0.0,0.0,0.0,0.0,0.0
2,3,0.067583494,0.0,0.0,0.93241656,0.0,0.0,0.0,0.0,0.0,0.0,0.0,0.0,0.0
2,3,0.067583494,0.0,0.0,0.93241656,0.0,0.0,0.0,0.0,0.0,0.0,0.0,0.0,0.0
2,3,0.067583494,0.0,0.0,0.93241656,0.0,0.0,0.0,0.0,0.0,0.0,0.0,0.0,0.0
2,3,0.067583494,0.0,0.0,0.93241656,0.0,0.0,0.0,0.0,0.0,0.0,0.0,0.0,0.0
2,3,0.067583494,0.0,0.0,0.93241656,0.0,0.0,0.0,0.0,0.0,0.0,0.0,0.0,0.0
2,3,0.067583494,0.0,0.0,0.93241656,0.0,0.0,0.0,0.0,0.0,0.0,0.0,0.0,0.0
2,3,0.067583494,0.0,0.0,0.93241656,0.0,0.0,0.0,0.0,0.0,0.0,0.0,0.0,0.0
2,3,0.067583494,0.0,0.0,0.93241656,0.0,0.0,0.0,0.0,0.0,0.0,0.0,0.0,0.0
2,3,0.067583494,0.0,0.0,0.93241656,0.0,0.0,0.0,0.0,0.0,0.0,0.0,0.0,0.0
2,3,0.067583494,0.0,0.0,0.93241656,0.0,0.0,0.0,0.0,0.0,0.0,0.0,0.0,0.0
2,3,0.067583494,0.0,0.0,0.93241656,0.0,0.0,0.0,0.0,0.0,0.0,0.0,0.0,0.0
2,3,0.067583494,0.0,0.0,0.93241656,0.0,0.0,0.0,0.0,0.0,0.0,0.0,0.0,0.0
2,3,0.067583494,0.0,0.0,0.93241656,0.0,0.0,0.0,0.0,0.0,0.0,0.0,0.0,0.0
2,3,0.067583494,0.0,0.0,0.93241656,0.0,0.0,0.0,0.0,0.0,0.0,0.0,0.0,0.0
2,3,0.067583494,0.0,0.0,0.93241656,0.0,0.0,0.0,0.0,0.0,0.0,0.0,0.0,0.0
2,3,0.067583494,0.0,0.0,0.93241656,0.0,0.0,0.0,0.0,0.0,0.0,0.0,0.0,0.0
2,3,0.067583494,0.0,0.0,0.93241656,0.0,0.0,0.0,0.0,0.0,0.0,0.0,0.0,0.0
2,3,0.067583494,0.0,0.0,0.93241656,0.0,0.0,0.0,0.0,0.0,0.0,0.0,0.0,0.0
2,3,0.067583494,0.0,0.0,0.93241656,0.0,0.0,0.0,0.0,0.0,0.0,0.0,0.0,0.0
2,3,0.067583494,0.0,0.0,0.93241656,0.0,0.0,0.0,0.0,0.0,0.0,0.0,0.0,0.0
2,3,0.067583494,0.0,0.0,0.93241656,0.0,0.0,0.0,0.0,0.0,0.0,0.0,0.0,0.0
2,3,0.067583494,0.0,0.0,0.93241656,0.0,0.0,0.0,0.0,0.0,0.0,0.0,0.0,0.0
2,3,0.067583494,0.0,0.0,0.93241656,0.0,0.0,0.0,0.0,0.0,0.0,0.0,0.0,0.0
2,3,0.067583494,0.0,0.0,0.93241656,0.0,0.0,0.0,0.0,0.0,0.0,0.0,0.0,0.0
2,3,0.067583494,0.0,0.0,0.93241656,0.0,0.0,0.0,0.0,0.0,0.0,0.0,0.0,0.0
2,3,0.067583494,0.0,0.0,0.93241656,0.0,0.0,0.0,0.0,0.0,0.0,0.0,0.0,0.0
2,3,0.067583494,0.0,0.0,0.93241656,0.0,0.0,0.0,0.0,0.0,0.0,0.0,0.0,0.0
2,3,0.067583494,0.0,0.0,0.93241656,0.0,0.0,0.0,0.0,0.0,0.0,0.0,0.0,0.0
2,3,0.067583494,0.0,0.0,0.93241656,0.0,0.0,0.0,0.0,0.0,0.0,0.0,0.0,0.0
2,3,0.067583494,0.0,0.0,0.93241656,0.0,0.0,0.0,0.0,0.0,0.0,0.0,0.0,0.0
2,3,0.067583494,0.0,0.0,0.93241656,0.0,0.0,0.0,0.0,0.0,0.0,0.0,0.0,0.0
2,3,0.067583494,0.0,0.0,0.93241656,0.0,0.0,0.0,0.0,0.0,0.0,0.0,0.0,0.0
2,3,0.067583494,0.0,0.0,0.93241656,0.0,0.0,0.0,0.0,0.0,0.0,0.0,0.0,0.0
2,3,0.067583494,0.0,0.0,0.93241656,0.0,0.0,0.0,0.0,0.0,0.0,0.0,0.0,0.0
2,3,0.067583494,0.0,0.0,0.93241656,0.0,0.0,0.0,0.0,0.0,0.0,0.0,0.0,0.0
2,3,0.067583494,0.0,0.0,0.93241656,0.0,0.0,0.0,0.0,0.0,0.0,0.0,0.0,0.0
2,3,0.067583494,0.0,0.0,0.93241656,0.0,0.0,0.0,0.0,0.0,0.0,0.0,0.0,0.0
2,3,0.067583494,0.0,0.0,0.93241656,0.0,0.0,0.0,0.0,0.0,0.0,0.0,0.0,0.0
2,3,0.067583494,0.0,0.0,0.93241656,0.0,0.0,0.0,0.0,0.0,0.0,0.0,0.0,0.0
2,3,0.067583494,0.0,0.0,0.93241656,0.0,0.0,0.0,0.0,0.0,0.0,0.0,0.0,0.0
2,3,0.067583494,0.0,0.0,0.93241656,0.0,0.0,0.0,0.0,0.0,0.0,0.0,0.0,0.0
2,3,0.067583494,0.0,0.0,0.93241656,0.0,0.0,0.0,0.0,0.0,0.0,0.0,0.0,0.0
2,3,0.067583494,0.0,0.0,0.93241656,0.0,0.0,0.0,0.0,0.0,0.0,0.0,0.0,0.0
2,3,0.067583494,0.0,0.0,0.93241656,0.0,0.0,0.0,0.0,0.0,0.0,0.0,0.0,0.0
2,3,0.067583494,0.0,0.0,0.93241656,0.0,0.0,0.0,0.0,0.0,0.0,0.0,0.0,0.0
2,3,0.067583494,0.0,0.0,0.93241656,0.0,0.0,0.0,0.0,0.0,0.0,0.0,0.0,0.0
2,3,0.067583494,0.0,0.0,0.93241656,0.0,0.0,0.0,0.0,0.0,0.0,0.0,0.0,0.0
2,3,0.067583494,0.0,0.0,0.93241656,0.0,0.0,0.0,0.0,0.0,0.0,0.0,0.0,0.0
2,3,0.067583494,0.0,0.0,0.93241656,0.0,0.0,0.0,0.0,0.0,0.0,0.0,0.0,0.0
2,3,0.067583494,0.0,0.0,0.93241656,0.0,0.0,0.0,0.0,0.0,0.0,0.0,0.0,0.0
2,3,0.067583494,0.0,0.0,0.93241656,0.0,0.0,0.0,0.0,0.0,0.0,0.0,0.0,0.0
2,3,0.067583494,0.0,0.0,0.93241656,0.0,0.0,0.0,0.0,0.0,0.0,0.0,0.0,0.0
2,3,0.067583494,0.0,0.0,0.93241656,0.0,0.0,0.0,0.0,0.0,0.0,0.0,0.0,0.0
2,3,0.067583494,0.0,0.0,0.93241656,0.0,0.0,0.0,0.0,0.0,0.0,0.0,0.0,0.0
2,3,0.067583494,0.0,0.0,0.93241656,0.0,0.0,0.0,0.0,0.0,0.0,0.0,0.0,0.0
2,3,0.067583494,0.0,0.0,0.93241656,0.0,0.0,0.0,0.0,0.0,0.0,0.0,0.0,0.0
2,3,0.067583494,0.0,0.0,0.93241656,0.0,0.0,0.0,0.0,0.0,0.0,0.0,0.0,0.0
2,3,0.067583494,0.0,0.0,0.93241656,0.0,0.0,0.0,0.0,0.0,0.0,0.0,0.0,0.0
2,3,0.067583494,0.0,0.0,0.93241656,0.0,0.0,0.0,0.0,0.0,0.0,0.0,0.0,0.0
2,3,0.067583494,0.0,0.0,0.93241656,0.0,0.0,0.0,0.0,0.0,0.0,0.0,0.0,0.0
2,3,0.067583494,0.0,0.0,0.93241656,0.0,0.0,0.0,0.0,0.0,0.0,0.0,0.0,0.0
2,3,0.067583494,0.0,0.0,0.93241656,0.0,0.0,0.0,0.0,0.0,0.0,0.0,0.0,0.0
2,3,0.067583494,0.0,0.0,0.93241656,0.0,0.0,0.0,0.0,0.0,0.0,0.0,0.0,0.0
2,3,0.067583494,0.0,0.0,0.93241656,0.0,0.0,0.0,0.0,0.0,0.0,0.0,0.0,0.0
2,3,0.067583494,0.0,0.0,0.93241656,0.0,0.0,0.0,0.0,0.0,0.0,0.0,0.0,0.0
2,3,0.067583494,0.0,0.0,0.93241656,0.0,0.0,0.0,0.0,0.0,0.0,0.0,0.0,0.0
2,3,0.067583494,0.0,0.0,0.93241656,0.0,0.0,0.0,0.0,0.0,0.0,0.0,0.0,0.0
2,3,0.067583494,0.0,0.0,0.93241656,0.0,0.0,0.0,0.0,0.0,0.0,0.0,0.0,0.0
2,3,0.067583494,0.0,0.0,0.93241656,0.0,0.0,0.0,0.0,0.0,0.0,0.0,0.0,0.0
2,3,0.067583494,0.0,0.0,0.93241656,0.0,0.0,0.0,0.0,0.0,0.0,0.0,0.0,0.0
2,3,0.067583494,0.0,0.0,0.93241656,0.0,0.0,0.0,0.0,0.0,0.0,0.0,0.0,0.0
2,3,0.067583494,0.0,0.0,0.93241656,0.0,0.0,0.0,0.0,0.0,0.0,0.0,0.0,0.0
2,3,0.067583494,0.0,0.0,0.93241656,0.0,0.0,0.0,0.0,0.0,0.0,0.0,0.0,0.0
2,3,0.067583494,0.0,0.0,0.93241656,0.0,0.0,0.0,0.0,0.0,0.0,0.0,0.0,0.0
2,3,0.067583494,0.0,0.0,0.93241656,0.0,0.0,0.0,0.0,0.0,0.0,0.0,0.0,0.0
2,3,0.067583494,0.0,0.0,0.93241656,0.0,0.0,0.0,0.0,0.0,0.0,0.0,0.0,0.0
2,3,0.067583494,0.0,0.0,0.93241656,0.0,0.0,0.0,0.0,0.0,0.0,0.0,0.0,0.0
2,3,0.067583494,0.0,0.0,0.93241656,0.0,0.0,0.0,0.0,0.0,0.0,0.0,0.0,0.0
2,3,0.067583494,0.0,0.0,0.93241656,0.0,0.0,0.0,0.0,0.0,0.0,0.0,0.0,0.0
2,3,0.067583494,0.0,0.0,0.93241656,0.0,0.0,0.0,0.0,0.0,0.0,0.0,0.0,0.0
2,3,0.067583494,0.0,0.0,0.93241656,0.0,0.0,0.0,0.0,0.0,0.0,0.0,0.0,0.0
2,3,0.067583494,0.0,0.0,0.93241656,0.0,0.0,0.0,0.0,0.0,0.0,0.0,0.0,0.0
2,3,0.067583494,0.0,0.0,0.93241656,0.0,0.0,0.0,0.0,0.0,0.0,0.0,0.0,0.0
2,3,0.067583494,0.0,0.0,0.93241656,0.0,0.0,0.0,0.0,0.0,0.0,0.0,0.0,0.0
2,3,0.067583494,0.0,0.0,0.93241656,0.0,0.0,0.0,0.0,0.0,0.0,0.0,0.0,0.0
2,3,0.067583494,0.0,0.0,0.93241656,0.0,0.0,0.0,0.0,0.0,0.0,0.0,0.0,0.0
2,3,0.067583494,0.0,0.0,0.93241656,0.0,0.0,0.0,0.0,0.0,0.0,0.0,0.0,0.0
2,3,0.067583494,0.0,0.0,0.93241656,0.0,0.0,0.0,0.0,0.0,0.0,0.0,0.0,0.0
2,3,0.067583494,0.0,0.0,0.93241656,0.0,0.0,0.0,0.0,0.0,0.0,0.0,0.0,0.0
2,3,0.067583494,0.0,0.0,0.93241656,0.0,0.0,0.0,0.0,0.0,0.0,0.0,0.0,0.0
2,3,0.067583494,0.0,0.0,0.93241656,0.0,0.0,0.0,0.0,0.0,0.0,0.0,0.0,0.0
2,3,0.067583494,0.0,0.0,0.93241656,0.0,0.0,0.0,0.0,0.0,0.0,0.0,0.0,0.0
2,3,0.067583494,0.0,0.0,0.93241656,0.0,0.0,0.0,0.0,0.0,0.0,0.0,0.0,0.0
2,3,0.067583494,0.0,0.0,0.93241656,0.0,0.0,0.0,0.0,0.0,0.0,0.0,0.0,0.0
2,3,0.067583494,0.0,0.0,0.93241656,0.0,0.0,0.0,0.0,0.0,0.0,0.0,0.0,0.0
2,3,0.067583494,0.0,0.0,0.93241656,0.0,0.0,0.0,0.0,0.0,0.0,0.0,0.0,0.0
2,3,0.067583494,0.0,0.0,0.93241656,0.0,0.0,0.0,0.0,0.0,0.0,0.0,0.0,0.0
2,3,0.067583494,0.0,0.0,0.93241656,0.0,0.0,0.0,0.0,0.0,0.0,0.0,0.0,0.0
2,3,0.067583494,0.0,0.0,0.93241656,0.0,0.0,0.0,0.0,0.0,0.0,0.0,0.0,0.0
2,3,0.067583494,0.0,0.0,0.93241656,0.0,0.0,0.0,0.0,0.0,0.0,0.0,0.0,0.0
2,3,0.067583494,0.0,0.0,0.93241656,0.0,0.0,0.0,0.0,0.0,0.0,0.0,0.0,0.0
2,3,0.067583494,0.0,0.0,0.93241656,0.0,0.0,0.0,0.0,0.0,0.0,0.0,0.0,0.0
2,3,0.067583494,0.0,0.0,0.93241656,0.0,0.0,0.0,0.0,0.0,0.0,0.0,0.0,0.0
2,3,0.067583494,0.0,0.0,0.93241656,0.0,0.0,0.0,0.0,0.0,0.0,0.0,0.0,0.0
2,3,0.067583494,0.0,0.0,0.93241656,0.0,0.0,0.0,0.0,0.0,0.0,0.0,0.0,0.0
2,3,0.067583494,0.0,0.0,0.93241656,0.0,0.0,0.0,0.0,0.0,0.0,0.0,0.0,0.0
2,3,0.067583494,0.0,0.0,0.93241656,0.0,0.0,0.0,0.0,0.0,0.0,0.0,0.0,0.0
2,3,0.067583494,0.0,0.0,0.93241656,0.0,0.0,0.0,0.0,0.0,0.0,0.0,0.0,0.0
2,3,0.067583494,0.0,0.0,0.93241656,0.0,0.0,0.0,0.0,0.0,0.0,0.0,0.0,0.0
2,3,0.067583494,0.0,0.0,0.93241656,0.0,0.0,0.0,0.0,0.0,0.0,0.0,0.0,0.0
2,3,0.067583494,0.0,0.0,0.93241656,0.0,0.0,0.0,0.0,0.0,0.0,0.0,0.0,0.0
2,3,0.067583494,0.0,0.0,0.93241656,0.0,0.0,0.0,0.0,0.0,0.0,0.0,0.0,0.0
2,3,0.067583494,0.0,0.0,0.93241656,0.0,0.0,0.0,0.0,0.0,0.0,0.0,0.0,0.0
2,3,0.067583494,0.0,0.0,0.93241656,0.0,0.0,0.0,0.0,0.0,0.0,0.0,0.0,0.0
2,3,0.067583494,0.0,0.0,0.93241656,0.0,0.0,0.0,0.0,0.0,0.0,0.0,0.0,0.0
2,3,0.067583494,0.0,0.0,0.93241656,0.0,0.0,0.0,0.0,0.0,0.0,0.0,0.0,0.0
2,3,0.067583494,0.0,0.0,0.93241656,0.0,0.0,0.0,0.0,0.0,0.0,0.0,0.0,0.0
2,3,0.067583494,0.0,0.0,0.93241656,0.0,0.0,0.0,0.0,0.0,0.0,0.0,0.0,0.0
2,3,0.067583494,0.0,0.0,0.93241656,0.0,0.0,0.0,0.0,0.0,0.0,0.0,0.0,0.0
2,3,0.067583494,0.0,0.0,0.93241656,0.0,0.0,0.0,0.0,0.0,0.0,0.0,0.0,0.0
2,3,0.067583494,0.0,0.0,0.93241656,0.0,0.0,0.0,0.0,0.0,0.0,0.0,0.0,0.0
2,3,0.067583494,0.0,0.0,0.93241656,0.0,0.0,0.0,0.0,0.0,0.0,0.0,0.0,0.0
2,3,0.067583494,0.0,0.0,0.93241656,0.0,0.0,0.0,0.0,0.0,0.0,0.0,0.0,0.0
2,3,0.067583494,0.0,0.0,0.93241656,0.0,0.0,0.0,0.0,0.0,0.0,0.0,0.0,0.0
2,3,0.067583494,0.0,0.0,0.93241656,0.0,0.0,0.0,0.0,0.0,0.0,0.0,0.0,0.0
2,3,0.067583494,0.0,0.0,0.93241656,0.0,0.0,0.0,0.0,0.0,0.0,0.0,0.0,0.0
2,3,0.067583494,0.0,0.0,0.93241656,0.0,0.0,0.0,0.0,0.0,0.0,0.0,0.0,0.0
2,3,0.067583494,0.0,0.0,0.93241656,0.0,0.0,0.0,0.0,0.0,0.0,0.0,0.0,0.0
2,3,0.067583494,0.0,0.0,0.93241656,0.0,0.0,0.0,0.0,0.0,0.0,0.0,0.0,0.0
2,3,0.067583494,0.0,0.0,0.93241656,0.0,0.0,0.0,0.0,0.0,0.0,0.0,0.0,0.0
2,3,0.067583494,0.0,0.0,0.93241656,0.0,0.0,0.0,0.0,0.0,0.0,0.0,0.0,0.0
2,3,0.067583494,0.0,0.0,0.93241656,0.0,0.0,0.0,0.0,0.0,0.0,0.0,0.0,0.0
2,3,0.067583494,0.0,0.0,0.93241656,0.0,0.0,0.0,0.0,0.0,0.0,0.0,0.0,0.0
2,3,0.067583494,0.0,0.0,0.93241656,0.0,0.0,0.0,0.0,0.0,0.0,0.0,0.0,0.0
2,3,0.067583494,0.0,0.0,0.93241656,0.0,0.0,0.0,0.0,0.0,0.0,0.0,0.0,0.0
2,3,0.067583494,0.0,0.0,0.93241656,0.0,0.0,0.0,0.0,0.0,0.0,0.0,0.0,0.0
2,3,0.067583494,0.0,0.0,0.93241656,0.0,0.0,0.0,0.0,0.0,0.0,0.0,0.0,0.0
2,3,0.067583494,0.0,0.0,0.93241656,0.0,0.0,0.0,0.0,0.0,0.0,0.0,0.0,0.0
2,3,0.067583494,0.0,0.0,0.93241656,0.0,0.0,0.0,0.0,0.0,0.0,0.0,0.0,0.0
2,3,0.067583494,0.0,0.0,0.93241656,0.0,0.0,0.0,0.0,0.0,0.0,0.0,0.0,0.0
2,3,0.067583494,0.0,0.0,0.93241656,0.0,0.0,0.0,0.0,0.0,0.0,0.0,0.0,0.0
2,3,0.067583494,0.0,0.0,0.93241656,0.0,0.0,0.0,0.0,0.0,0.0,0.0,0.0,0.0
2,3,0.067583494,0.0,0.0,0.93241656,0.0,0.0,0.0,0.0,0.0,0.0,0.0,0.0,0.0
2,3,0.067583494,0.0,0.0,0.93241656,0.0,0.0,0.0,0.0,0.0,0.0,0.0,0.0,0.0
2,3,0.067583494,0.0,0.0,0.93241656,0.0,0.0,0.0,0.0,0.0,0.0,0.0,0.0,0.0
2,3,0.067583494,0.0,0.0,0.93241656,0.0,0.0,0.0,0.0,0.0,0.0,0.0,0.0,0.0
2,3,0.067583494,0.0,0.0,0.93241656,0.0,0.0,0.0,0.0,0.0,0.0,0.0,0.0,0.0
2,3,0.067583494,0.0,0.0,0.93241656,0.0,0.0,0.0,0.0,0.0,0.0,0.0,0.0,0.0
2,3,0.067583494,0.0,0.0,0.93241656,0.0,0.0,0.0,0.0,0.0,0.0,0.0,0.0,0.0
2,3,0.067583494,0.0,0.0,0.93241656,0.0,0.0,0.0,0.0,0.0,0.0,0.0,0.0,0.0
2,3,0.067583494,0.0,0.0,0.93241656,0.0,0.0,0.0,0.0,0.0,0.0,0.0,0.0,0.0
2,3,0.067583494,0.0,0.0,0.93241656,0.0,0.0,0.0,0.0,0.0,0.0,0.0,0.0,0.0
2,3,0.067583494,0.0,0.0,0.93241656,0.0,0.0,0.0,0.0,0.0,0.0,0.0,0.0,0.0
2,3,0.067583494,0.0,0.0,0.93241656,0.0,0.0,0.0,0.0,0.0,0.0,0.0,0.0,0.0
2,3,0.067583494,0.0,0.0,0.93241656,0.0,0.0,0.0,0.0,0.0,0.0,0.0,0.0,0.0
2,3,0.067583494,0.0,0.0,0.93241656,0.0,0.0,0.0,0.0,0.0,0.0,0.0,0.0,0.0
2,3,0.067583494,0.0,0.0,0.93241656,0.0,0.0,0.0,0.0,0.0,0.0,0.0,0.0,0.0
2,3,0.067583494,0.0,0.0,0.93241656,0.0,0.0,0.0,0.0,0.0,0.0,0.0,0.0,0.0
2,3,0.067583494,0.0,0.0,0.93241656,0.0,0.0,0.0,0.0,0.0,0.0,0.0,0.0,0.0
2,3,0.067583494,0.0,0.0,0.93241656,0.0,0.0,0.0,0.0,0.0,0.0,0.0,0.0,0.0
2,3,0.067583494,0.0,0.0,0.93241656,0.0,0.0,0.0,0.0,0.0,0.0,0.0,0.0,0.0
2,3,0.067583494,0.0,0.0,0.93241656,0.0,0.0,0.0,0.0,0.0,0.0,0.0,0.0,0.0
2,3,0.067583494,0.0,0.0,0.93241656,0.0,0.0,0.0,0.0,0.0,0.0,0.0,0.0,0.0
2,3,0.067583494,0.0,0.0,0.93241656,0.0,0.0,0.0,0.0,0.0,0.0,0.0,0.0,0.0
2,3,0.067583494,0.0,0.0,0.93241656,0.0,0.0,0.0,0.0,0.0,0.0,0.0,0.0,0.0
2,3,0.067583494,0.0,0.0,0.93241656,0.0,0.0,0.0,0.0,0.0,0.0,0.0,0.0,0.0
2,3,0.067583494,0.0,0.0,0.93241656,0.0,0.0,0.0,0.0,0.0,0.0,0.0,0.0,0.0
2,3,0.067583494,0.0,0.0,0.93241656,0.0,0.0,0.0,0.0,0.0,0.0,0.0,0.0,0.0
2,3,0.067583494,0.0,0.0,0.93241656,0.0,0.0,0.0,0.0,0.0,0.0,0.0,0.0,0.0
2,3,0.067583494,0.0,0.0,0.93241656,0.0,0.0,0.0,0.0,0.0,0.0,0.0,0.0,0.0
2,3,0.067583494,0.0,0.0,0.93241656,0.0,0.0,0.0,0.0,0.0,0.0,0.0,0.0,0.0
2,3,0.067583494,0.0,0.0,0.93241656,0.0,0.0,0.0,0.0,0.0,0.0,0.0,0.0,0.0
2,3,0.067583494,0.0,0.0,0.93241656,0.0,0.0,0.0,0.0,0.0,0.0,0.0,0.0,0.0
2,3,0.067583494,0.0,0.0,0.93241656,0.0,0.0,0.0,0.0,0.0,0.0,0.0,0.0,0.0
2,3,0.067583494,0.0,0.0,0.93241656,0.0,0.0,0.0,0.0,0.0,0.0,0.0,0.0,0.0
2,3,0.067583494,0.0,0.0,0.93241656,0.0,0.0,0.0,0.0,0.0,0.0,0.0,0.0,0.0
2,3,0.067583494,0.0,0.0,0.93241656,0.0,0.0,0.0,0.0,0.0,0.0,0.0,0.0,0.0
2,3,0.067583494,0.0,0.0,0.93241656,0.0,0.0,0.0,0.0,0.0,0.0,0.0,0.0,0.0
2,3,0.067583494,0.0,0.0,0.93241656,0.0,0.0,0.0,0.0,0.0,0.0,0.0,0.0,0.0
2,3,0.067583494,0.0,0.0,0.93241656,0.0,0.0,0.0,0.0,0.0,0.0,0.0,0.0,0.0
2,3,0.067583494,0.0,0.0,0.93241656,0.0,0.0,0.0,0.0,0.0,0.0,0.0,0.0,0.0
2,3,0.067583494,0.0,0.0,0.93241656,0.0,0.0,0.0,0.0,0.0,0.0,0.0,0.0,0.0
2,3,0.067583494,0.0,0.0,0.93241656,0.0,0.0,0.0,0.0,0.0,0.0,0.0,0.0,0.0
2,3,0.067583494,0.0,0.0,0.93241656,0.0,0.0,0.0,0.0,0.0,0.0,0.0,0.0,0.0
2,3,0.067583494,0.0,0.0,0.93241656,0.0,0.0,0.0,0.0,0.0,0.0,0.0,0.0,0.0
2,3,0.067583494,0.0,0.0,0.93241656,0.0,0.0,0.0,0.0,0.0,0.0,0.0,0.0,0.0
2,3,0.067583494,0.0,0.0,0.93241656,0.0,0.0,0.0,0.0,0.0,0.0,0.0,0.0,0.0
2,3,0.067583494,0.0,0.0,0.93241656,0.0,0.0,0.0,0.0,0.0,0.0,0.0,0.0,0.0
2,3,0.067583494,0.0,0.0,0.93241656,0.0,0.0,0.0,0.0,0.0,0.0,0.0,0.0,0.0
2,3,0.067583494,0.0,0.0,0.93241656,0.0,0.0,0.0,0.0,0.0,0.0,0.0,0.0,0.0
2,3,0.067583494,0.0,0.0,0.93241656,0.0,0.0,0.0,0.0,0.0,0.0,0.0,0.0,0.0
2,3,0.067583494,0.0,0.0,0.93241656,0.0,0.0,0.0,0.0,0.0,0.0,0.0,0.0,0.0
2,3,0.067583494,0.0,0.0,0.93241656,0.0,0.0,0.0,0.0,0.0,0.0,0.0,0.0,0.0
2,3,0.067583494,0.0,0.0,0.93241656,0.0,0.0,0.0,0.0,0.0,0.0,0.0,0.0,0.0
2,3,0.067583494,0.0,0.0,0.93241656,0.0,0.0,0.0,0.0,0.0,0.0,0.0,0.0,0.0
2,3,0.067583494,0.0,0.0,0.93241656,0.0,0.0,0.0,0.0,0.0,0.0,0.0,0.0,0.0
2,3,0.067583494,0.0,0.0,0.93241656,0.0,0.0,0.0,0.0,0.0,0.0,0.0,0.0,0.0
2,3,0.067583494,0.0,0.0,0.93241656,0.0,0.0,0.0,0.0,0.0,0.0,0.0,0.0,0.0
2,3,0.067583494,0.0,0.0,0.93241656,0.0,0.0,0.0,0.0,0.0,0.0,0.0,0.0,0.0
2,3,0.067583494,0.0,0.0,0.93241656,0.0,0.0,0.0,0.0,0.0,0.0,0.0,0.0,0.0
2,3,0.067583494,0.0,0.0,0.93241656,0.0,0.0,0.0,0.0,0.0,0.0,0.0,0.0,0.0
2,3,0.067583494,0.0,0.0,0.93241656,0.0,0.0,0.0,0.0,0.0,0.0,0.0,0.0,0.0
2,3,0.067583494,0.0,0.0,0.93241656,0.0,0.0,0.0,0.0,0.0,0.0,0.0,0.0,0.0
2,3,0.067583494,0.0,0.0,0.93241656,0.0,0.0,0.0,0.0,0.0,0.0,0.0,0.0,0.0
2,3,0.067583494,0.0,0.0,0.93241656,0.0,0.0,0.0,0.0,0.0,0.0,0.0,0.0,0.0
2,3,0.067583494,0.0,0.0,0.93241656,0.0,0.0,0.0,0.0,0.0,0.0,0.0,0.0,0.0
2,3,0.067583494,0.0,0.0,0.93241656,0.0,0.0,0.0,0.0,0.0,0.0,0.0,0.0,0.0
2,3,0.067583494,0.0,0.0,0.93241656,0.0,0.0,0.0,0.0,0.0,0.0,0.0,0.0,0.0
2,3,0.067583494,0.0,0.0,0.93241656,0.0,0.0,0.0,0.0,0.0,0.0,0.0,0.0,0.0
2,3,0.067583494,0.0,0.0,0.93241656,0.0,0.0,0.0,0.0,0.0,0.0,0.0,0.0,0.0
2,3,0.067583494,0.0,0.0,0.93241656,0.0,0.0,0.0,0.0,0.0,0.0,0.0,0.0,0.0
2,3,0.067583494,0.0,0.0,0.93241656,0.0,0.0,0.0,0.0,0.0,0.0,0.0,0.0,0.0
2,3,0.067583494,0.0,0.0,0.93241656,0.0,0.0,0.0,0.0,0.0,0.0,0.0,0.0,0.0
2,3,0.067583494,0.0,0.0,0.93241656,0.0,0.0,0.0,0.0,0.0,0.0,0.0,0.0,0.0
2,3,0.067583494,0.0,0.0,0.93241656,0.0,0.0,0.0,0.0,0.0,0.0,0.0,0.0,0.0
2,3,0.067583494,0.0,0.0,0.93241656,0.0,0.0,0.0,0.0,0.0,0.0,0.0,0.0,0.0
2,3,0.067583494,0.0,0.0,0.93241656,0.0,0.0,0.0,0.0,0.0,0.0,0.0,0.0,0.0
2,3,0.067583494,0.0,0.0,0.93241656,0.0,0.0,0.0,0.0,0.0,0.0,0.0,0.0,0.0
2,3,0.067583494,0.0,0.0,0.93241656,0.0,0.0,0.0,0.0,0.0,0.0,0.0,0.0,0.0
2,3,0.067583494,0.0,0.0,0.93241656,0.0,0.0,0.0,0.0,0.0,0.0,0.0,0.0,0.0
2,3,0.067583494,0.0,0.0,0.93241656,0.0,0.0,0.0,0.0,0.0,0.0,0.0,0.0,0.0
2,3,0.067583494,0.0,0.0,0.93241656,0.0,0.0,0.0,0.0,0.0,0.0,0.0,0.0,0.0
2,3,0.067583494,0.0,0.0,0.93241656,0.0,0.0,0.0,0.0,0.0,0.0,0.0,0.0,0.0
2,3,0.067583494,0.0,0.0,0.93241656,0.0,0.0,0.0,0.0,0.0,0.0,0.0,0.0,0.0
2,3,0.067583494,0.0,0.0,0.93241656,0.0,0.0,0.0,0.0,0.0,0.0,0.0,0.0,0.0
2,3,0.067583494,0.0,0.0,0.93241656,0.0,0.0,0.0,0.0,0.0,0.0,0.0,0.0,0.0
2,3,0.067583494,0.0,0.0,0.93241656,0.0,0.0,0.0,0.0,0.0,0.0,0.0,0.0,0.0
2,3,0.067583494,0.0,0.0,0.93241656,0.0,0.0,0.0,0.0,0.0,0.0,0.0,0.0,0.0
2,3,0.067583494,0.0,0.0,0.93241656,0.0,0.0,0.0,0.0,0.0,0.0,0.0,0.0,0.0
2,3,0.067583494,0.0,0.0,0.93241656,0.0,0.0,0.0,0.0,0.0,0.0,0.0,0.0,0.0
2,3,0.067583494,0.0,0.0,0.93241656,0.0,0.0,0.0,0.0,0.0,0.0,0.0,0.0,0.0
2,3,0.067583494,0.0,0.0,0.93241656,0.0,0.0,0.0,0.0,0.0,0.0,0.0,0.0,0.0
2,3,0.067583494,0.0,0.0,0.93241656,0.0,0.0,0.0,0.0,0.0,0.0,0.0,0.0,0.0
2,3,0.067583494,0.0,0.0,0.93241656,0.0,0.0,0.0,0.0,0.0,0.0,0.0,0.0,0.0
2,3,0.067583494,0.0,0.0,0.93241656,0.0,0.0,0.0,0.0,0.0,0.0,0.0,0.0,0.0
2,3,0.067583494,0.0,0.0,0.93241656,0.0,0.0,0.0,0.0,0.0,0.0,0.0,0.0,0.0
2,3,0.067583494,0.0,0.0,0.93241656,0.0,0.0,0.0,0.0,0.0,0.0,0.0,0.0,0.0
2,3,0.067583494,0.0,0.0,0.93241656,0.0,0.0,0.0,0.0,0.0,0.0,0.0,0.0,0.0
2,3,0.067583494,0.0,0.0,0.93241656,0.0,0.0,0.0,0.0,0.0,0.0,0.0,0.0,0.0
2,3,0.067583494,0.0,0.0,0.93241656,0.0,0.0,0.0,0.0,0.0,0.0,0.0,0.0,0.0
2,3,0.067583494,0.0,0.0,0.93241656,0.0,0.0,0.0,0.0,0.0,0.0,0.0,0.0,0.0
2,3,0.067583494,0.0,0.0,0.93241656,0.0,0.0,0.0,0.0,0.0,0.0,0.0,0.0,0.0
2,3,0.067583494,0.0,0.0,0.93241656,0.0,0.0,0.0,0.0,0.0,0.0,0.0,0.0,0.0
2,3,0.067583494,0.0,0.0,0.93241656,0.0,0.0,0.0,0.0,0.0,0.0,0.0,0.0,0.0
2,3,0.067583494,0.0,0.0,0.93241656,0.0,0.0,0.0,0.0,0.0,0.0,0.0,0.0,0.0
2,3,0.067583494,0.0,0.0,0.93241656,0.0,0.0,0.0,0.0,0.0,0.0,0.0,0.0,0.0
2,3,0.067583494,0.0,0.0,0.93241656,0.0,0.0,0.0,0.0,0.0,0.0,0.0,0.0,0.0
2,3,0.067583494,0.0,0.0,0.93241656,0.0,0.0,0.0,0.0,0.0,0.0,0.0,0.0,0.0
2,3,0.067583494,0.0,0.0,0.93241656,0.0,0.0,0.0,0.0,0.0,0.0,0.0,0.0,0.0
2,3,0.067583494,0.0,0.0,0.93241656,0.0,0.0,0.0,0.0,0.0,0.0,0.0,0.0,0.0
2,3,0.067583494,0.0,0.0,0.93241656,0.0,0.0,0.0,0.0,0.0,0.0,0.0,0.0,0.0
2,3,0.067583494,0.0,0.0,0.93241656,0.0,0.0,0.0,0.0,0.0,0.0,0.0,0.0,0.0
2,3,0.067583494,0.0,0.0,0.93241656,0.0,0.0,0.0,0.0,0.0,0.0,0.0,0.0,0.0
2,3,0.067583494,0.0,0.0,0.93241656,0.0,0.0,0.0,0.0,0.0,0.0,0.0,0.0,0.0
2,3,0.067583494,0.0,0.0,0.93241656,0.0,0.0,0.0,0.0,0.0,0.0,0.0,0.0,0.0
2,3,0.067583494,0.0,0.0,0.93241656,0.0,0.0,0.0,0.0,0.0,0.0,0.0,0.0,0.0
2,3,0.067583494,0.0,0.0,0.93241656,0.0,0.0,0.0,0.0,0.0,0.0,0.0,0.0,0.0
2,3,0.067583494,0.0,0.0,0.93241656,0.0,0.0,0.0,0.0,0.0,0.0,0.0,0.0,0.0
2,3,0.067583494,0.0,0.0,0.93241656,0.0,0.0,0.0,0.0,0.0,0.0,0.0,0.0,0.0
2,3,0.067583494,0.0,0.0,0.93241656,0.0,0.0,0.0,0.0,0.0,0.0,0.0,0.0,0.0
2,3,0.067583494,0.0,0.0,0.93241656,0.0,0.0,0.0,0.0,0.0,0.0,0.0,0.0,0.0
2,3,0.067583494,0.0,0.0,0.93241656,0.0,0.0,0.0,0.0,0.0,0.0,0.0,0.0,0.0
2,3,0.067583494,0.0,0.0,0.93241656,0.0,0.0,0.0,0.0,0.0,0.0,0.0,0.0,0.0
2,3,0.067583494,0.0,0.0,0.93241656,0.0,0.0,0.0,0.0,0.0,0.0,0.0,0.0,0.0
2,3,0.067583494,0.0,0.0,0.93241656,0.0,0.0,0.0,0.0,0.0,0.0,0.0,0.0,0.0
2,3,0.067583494,0.0,0.0,0.93241656,0.0,0.0,0.0,0.0,0.0,0.0,0.0,0.0,0.0
2,3,0.067583494,0.0,0.0,0.93241656,0.0,0.0,0.0,0.0,0.0,0.0,0.0,0.0,0.0
2,3,0.067583494,0.0,0.0,0.93241656,0.0,0.0,0.0,0.0,0.0,0.0,0.0,0.0,0.0
2,3,0.067583494,0.0,0.0,0.93241656,0.0,0.0,0.0,0.0,0.0,0.0,0.0,0.0,0.0
2,3,0.067583494,0.0,0.0,0.93241656,0.0,0.0,0.0,0.0,0.0,0.0,0.0,0.0,0.0
2,3,0.067583494,0.0,0.0,0.93241656,0.0,0.0,0.0,0.0,0.0,0.0,0.0,0.0,0.0
2,3,0.067583494,0.0,0.0,0.93241656,0.0,0.0,0.0,0.0,0.0,0.0,0.0,0.0,0.0
2,3,0.06758349,0.061752506,0.0,0.870664,0.0,0.0,0.0,0.0,0.0,0.0,0.0,0.0,0.0
2,3,0.06758349,0.061752506,0.0,0.870664,0.0,0.0,0.0,0.0,0.0,0.0,0.0,0.0,0.0
2,3,0.06758349,0.061752506,0.0,0.870664,0.0,0.0,0.0,0.0,0.0,0.0,0.0,0.0,0.0
2,3,0.06758349,0.061752506,0.0,0.870664,0.0,0.0,0.0,0.0,0.0,0.0,0.0,0.0,0.0
2,3,0.06758349,0.061752506,0.0,0.870664,0.0,0.0,0.0,0.0,0.0,0.0,0.0,0.0,0.0
2,3,0.06758349,0.061752506,0.0,0.870664,0.0,0.0,0.0,0.0,0.0,0.0,0.0,0.0,0.0
2,3,0.06758349,0.061752506,0.0,0.870664,0.0,0.0,0.0,0.0,0.0,0.0,0.0,0.0,0.0
2,3,0.06758349,0.061752506,0.0,0.870664,0.0,0.0,0.0,0.0,0.0,0.0,0.0,0.0,0.0
2,3,0.06758349,0.061752506,0.0,0.870664,0.0,0.0,0.0,0.0,0.0,0.0,0.0,0.0,0.0
2,3,0.06758349,0.061752506,0.0,0.870664,0.0,0.0,0.0,0.0,0.0,0.0,0.0,0.0,0.0
2,3,0.06758349,0.061752506,0.0,0.870664,0.0,0.0,0.0,0.0,0.0,0.0,0.0,0.0,0.0
2,3,0.06758349,0.061752506,0.0,0.870664,0.0,0.0,0.0,0.0,0.0,0.0,0.0,0.0,0.0
2,3,0.06758349,0.061752506,0.0,0.870664,0.0,0.0,0.0,0.0,0.0,0.0,0.0,0.0,0.0
2,3,0.06758349,0.061752506,0.0,0.870664,0.0,0.0,0.0,0.0,0.0,0.0,0.0,0.0,0.0
2,3,0.06758349,0.061752506,0.0,0.870664,0.0,0.0,0.0,0.0,0.0,0.0,0.0,0.0,0.0
2,3,0.06758349,0.061752506,0.0,0.870664,0.0,0.0,0.0,0.0,0.0,0.0,0.0,0.0,0.0
2,3,0.06758349,0.061752506,0.0,0.870664,0.0,0.0,0.0,0.0,0.0,0.0,0.0,0.0,0.0
2,3,0.06758349,0.061752506,0.0,0.870664,0.0,0.0,0.0,0.0,0.0,0.0,0.0,0.0,0.0
2,3,0.06758349,0.061752506,0.0,0.870664,0.0,0.0,0.0,0.0,0.0,0.0,0.0,0.0,0.0
2,3,0.06758349,0.061752506,0.0,0.870664,0.0,0.0,0.0,0.0,0.0,0.0,0.0,0.0,0.0
2,3,0.06758349,0.061752506,0.0,0.870664,0.0,0.0,0.0,0.0,0.0,0.0,0.0,0.0,0.0
2,3,0.06758349,0.061752506,0.0,0.870664,0.0,0.0,0.0,0.0,0.0,0.0,0.0,0.0,0.0
2,3,0.06758349,0.061752506,0.0,0.870664,0.0,0.0,0.0,0.0,0.0,0.0,0.0,0.0,0.0
2,3,0.06758349,0.061752506,0.0,0.870664,0.0,0.0,0.0,0.0,0.0,0.0,0.0,0.0,0.0
2,3,0.06758349,0.061752506,0.0,0.870664,0.0,0.0,0.0,0.0,0.0,0.0,0.0,0.0,0.0
2,3,0.06758349,0.061752506,0.0,0.870664,0.0,0.0,0.0,0.0,0.0,0.0,0.0,0.0,0.0
2,3,0.06758349,0.061752506,0.0,0.870664,0.0,0.0,0.0,0.0,0.0,0.0,0.0,0.0,0.0
2,3,0.06758349,0.061752506,0.0,0.870664,0.0,0.0,0.0,0.0,0.0,0.0,0.0,0.0,0.0
2,3,0.06758349,0.061752506,0.0,0.870664,0.0,0.0,0.0,0.0,0.0,0.0,0.0,0.0,0.0
2,3,0.06758349,0.061752506,0.0,0.870664,0.0,0.0,0.0,0.0,0.0,0.0,0.0,0.0,0.0
2,3,0.06758349,0.061752506,0.0,0.870664,0.0,0.0,0.0,0.0,0.0,0.0,0.0,0.0,0.0
2,3,0.06758349,0.061752506,0.0,0.870664,0.0,0.0,0.0,0.0,0.0,0.0,0.0,0.0,0.0
2,3,0.06758349,0.061752506,0.0,0.870664,0.0,0.0,0.0,0.0,0.0,0.0,0.0,0.0,0.0
2,3,0.06758349,0.061752506,0.0,0.870664,0.0,0.0,0.0,0.0,0.0,0.0,0.0,0.0,0.0
2,3,0.06758349,0.061752506,0.0,0.870664,0.0,0.0,0.0,0.0,0.0,0.0,0.0,0.0,0.0
2,3,0.06758349,0.061752506,0.0,0.870664,0.0,0.0,0.0,0.0,0.0,0.0,0.0,0.0,0.0
2,3,0.06758349,0.061752506,0.0,0.870664,0.0,0.0,0.0,0.0,0.0,0.0,0.0,0.0,0.0
2,3,0.06758349,0.061752506,0.0,0.870664,0.0,0.0,0.0,0.0,0.0,0.0,0.0,0.0,0.0
2,3,0.06758349,0.061752506,0.0,0.870664,0.0,0.0,0.0,0.0,0.0,0.0,0.0,0.0,0.0
2,3,0.06758349,0.061752506,0.0,0.870664,0.0,0.0,0.0,0.0,0.0,0.0,0.0,0.0,0.0
2,3,0.0,0.06175251,0.0,0.9382475,0.0,0.0,0.0,0.0,0.0,0.0,0.0,0.0,0.0
2,3,0.0,0.06175251,0.0,0.9382475,0.0,0.0,0.0,0.0,0.0,0.0,0.0,0.0,0.0
2,3,0.0,0.06175251,0.0,0.9382475,0.0,0.0,0.0,0.0,0.0,0.0,0.0,0.0,0.0
2,3,0.0,0.06175251,0.0,0.9382475,0.0,0.0,0.0,0.0,0.0,0.0,0.0,0.0,0.0
2,3,0.0,0.06175251,0.0,0.9382475,0.0,0.0,0.0,0.0,0.0,0.0,0.0,0.0,0.0
2,3,0.0,0.06175251,0.0,0.9382475,0.0,0.0,0.0,0.0,0.0,0.0,0.0,0.0,0.0
2,3,0.0,0.06175251,0.0,0.9382475,0.0,0.0,0.0,0.0,0.0,0.0,0.0,0.0,0.0
2,3,0.0,0.06175251,0.0,0.9382475,0.0,0.0,0.0,0.0,0.0,0.0,0.0,0.0,0.0
2,3,0.0,0.06175251,0.0,0.9382475,0.0,0.0,0.0,0.0,0.0,0.0,0.0,0.0,0.0
2,3,0.0,0.06175251,0.0,0.9382475,0.0,0.0,0.0,0.0,0.0,0.0,0.0,0.0,0.0
2,3,0.0,0.06175251,0.0,0.9382475,0.0,0.0,0.0,0.0,0.0,0.0,0.0,0.0,0.0
2,3,0.0,0.06175251,0.0,0.9382475,0.0,0.0,0.0,0.0,0.0,0.0,0.0,0.0,0.0
2,3,0.0,0.06175251,0.0,0.9382475,0.0,0.0,0.0,0.0,0.0,0.0,0.0,0.0,0.0
2,3,0.0,0.06175251,0.0,0.9382475,0.0,0.0,0.0,0.0,0.0,0.0,0.0,0.0,0.0
2,3,0.0,0.06175251,0.0,0.9382475,0.0,0.0,0.0,0.0,0.0,0.0,0.0,0.0,0.0
2,3,0.0,0.06175251,0.0,0.9382475,0.0,0.0,0.0,0.0,0.0,0.0,0.0,0.0,0.0
2,3,0.0,0.06175251,0.0,0.9382475,0.0,0.0,0.0,0.0,0.0,0.0,0.0,0.0,0.0
2,3,0.0,0.06175251,0.0,0.9382475,0.0,0.0,0.0,0.0,0.0,0.0,0.0,0.0,0.0
2,3,0.0,0.06175251,0.0,0.9382475,0.0,0.0,0.0,0.0,0.0,0.0,0.0,0.0,0.0
2,3,0.0,0.06175251,0.0,0.9382475,0.0,0.0,0.0,0.0,0.0,0.0,0.0,0.0,0.0
2,3,0.0,0.06175251,0.0,0.9382475,0.0,0.0,0.0,0.0,0.0,0.0,0.0,0.0,0.0
2,3,0.0,0.06175251,0.0,0.9382475,0.0,0.0,0.0,0.0,0.0,0.0,0.0,0.0,0.0
2,3,0.0,0.06175251,0.0,0.9382475,0.0,0.0,0.0,0.0,0.0,0.0,0.0,0.0,0.0
2,3,0.0,0.06175251,0.0,0.9382475,0.0,0.0,0.0,0.0,0.0,0.0,0.0,0.0,0.0
2,3,0.0,0.06175251,0.0,0.9382475,0.0,0.0,0.0,0.0,0.0,0.0,0.0,0.0,0.0
2,3,0.0,0.06175251,0.0,0.9382475,0.0,0.0,0.0,0.0,0.0,0.0,0.0,0.0,0.0
2,3,0.0,0.06175251,0.0,0.9382475,0.0,0.0,0.0,0.0,0.0,0.0,0.0,0.0,0.0
2,3,0.0,0.06175251,0.0,0.9382475,0.0,0.0,0.0,0.0,0.0,0.0,0.0,0.0,0.0
2,3,0.0,0.06175251,0.0,0.9382475,0.0,0.0,0.0,0.0,0.0,0.0,0.0,0.0,0.0
2,3,0.0,0.06175251,0.0,0.9382475,0.0,0.0,0.0,0.0,0.0,0.0,0.0,0.0,0.0
2,3,0.0,0.06175251,0.0,0.9382475,0.0,0.0,0.0,0.0,0.0,0.0,0.0,0.0,0.0
2,3,0.0,0.06175251,0.0,0.9382475,0.0,0.0,0.0,0.0,0.0,0.0,0.0,0.0,0.0
2,3,0.0,0.06175251,0.0,0.9382475,0.0,0.0,0.0,0.0,0.0,0.0,0.0,0.0,0.0
2,3,0.0,0.06175251,0.0,0.9382475,0.0,0.0,0.0,0.0,0.0,0.0,0.0,0.0,0.0
2,3,0.0,0.06175251,0.0,0.9382475,0.0,0.0,0.0,0.0,0.0,0.0,0.0,0.0,0.0
2,3,0.0,0.06175251,0.0,0.9382475,0.0,0.0,0.0,0.0,0.0,0.0,0.0,0.0,0.0
2,3,0.0,0.06175251,0.0,0.9382475,0.0,0.0,0.0,0.0,0.0,0.0,0.0,0.0,0.0
2,3,0.0,0.06175251,0.0,0.9382475,0.0,0.0,0.0,0.0,0.0,0.0,0.0,0.0,0.0
2,3,0.0,0.06175251,0.0,0.9382475,0.0,0.0,0.0,0.0,0.0,0.0,0.0,0.0,0.0
2,3,0.0,0.06175251,0.0,0.9382475,0.0,0.0,0.0,0.0,0.0,0.0,0.0,0.0,0.0
2,3,0.0,0.06175251,0.0,0.88181794,0.0,0.0,0.056429595,0.0,0.0,0.0,0.0,0.0,0.0
2,3,0.0,0.06175251,0.0,0.88181794,0.0,0.0,0.056429595,0.0,0.0,0.0,0.0,0.0,0.0
2,3,0.0,0.06175251,0.0,0.88181794,0.0,0.0,0.056429595,0.0,0.0,0.0,0.0,0.0,0.0
2,3,0.0,0.06175251,0.0,0.88181794,0.0,0.0,0.056429595,0.0,0.0,0.0,0.0,0.0,0.0
2,3,0.0,0.06175251,0.0,0.88181794,0.0,0.0,0.056429595,0.0,0.0,0.0,0.0,0.0,0.0
2,3,0.0,0.06175251,0.0,0.88181794,0.0,0.0,0.056429595,0.0,0.0,0.0,0.0,0.0,0.0
2,3,0.0,0.06175251,0.0,0.88181794,0.0,0.0,0.056429595,0.0,0.0,0.0,0.0,0.0,0.0
2,3,0.0,0.06175251,0.0,0.88181794,0.0,0.0,0.056429595,0.0,0.0,0.0,0.0,0.0,0.0
2,3,0.0,0.06175251,0.0,0.88181794,0.0,0.0,0.056429595,0.0,0.0,0.0,0.0,0.0,0.0
2,3,0.0,0.06175251,0.0,0.88181794,0.0,0.0,0.056429595,0.0,0.0,0.0,0.0,0.0,0.0
2,3,0.0,0.06175251,0.0,0.88181794,0.0,0.0,0.056429595,0.0,0.0,0.0,0.0,0.0,0.0
2,3,0.0,0.06175251,0.0,0.88181794,0.0,0.0,0.056429595,0.0,0.0,0.0,0.0,0.0,0.0
2,3,0.0,0.06175251,0.0,0.88181794,0.0,0.0,0.056429595,0.0,0.0,0.0,0.0,0.0,0.0
2,3,0.0,0.06175251,0.0,0.88181794,0.0,0.0,0.056429595,0.0,0.0,0.0,0.0,0.0,0.0
2,3,0.0,0.06175251,0.0,0.88181794,0.0,0.0,0.056429595,0.0,0.0,0.0,0.0,0.0,0.0
2,3,0.0,0.06175251,0.0,0.88181794,0.0,0.0,0.056429595,0.0,0.0,0.0,0.0,0.0,0.0
2,3,0.0,0.06175251,0.0,0.88181794,0.0,0.0,0.056429595,0.0,0.0,0.0,0.0,0.0,0.0
2,3,0.0,0.06175251,0.0,0.88181794,0.0,0.0,0.056429595,0.0,0.0,0.0,0.0,0.0,0.0
2,3,0.0,0.06175251,0.0,0.88181794,0.0,0.0,0.056429595,0.0,0.0,0.0,0.0,0.0,0.0
2,3,0.0,0.06175251,0.0,0.88181794,0.0,0.0,0.056429595,0.0,0.0,0.0,0.0,0.0,0.0
2,3,0.0,0.06175251,0.0,0.88181794,0.0,0.0,0.056429595,0.0,0.0,0.0,0.0,0.0,0.0
2,3,0.0,0.06175251,0.0,0.88181794,0.0,0.0,0.056429595,0.0,0.0,0.0,0.0,0.0,0.0
2,3,0.0,0.06175251,0.0,0.88181794,0.0,0.0,0.056429595,0.0,0.0,0.0,0.0,0.0,0.0
2,3,0.0,0.06175251,0.0,0.88181794,0.0,0.0,0.056429595,0.0,0.0,0.0,0.0,0.0,0.0
2,3,0.0,0.06175251,0.0,0.88181794,0.0,0.0,0.056429595,0.0,0.0,0.0,0.0,0.0,0.0
2,3,0.0,0.06175251,0.0,0.88181794,0.0,0.0,0.056429595,0.0,0.0,0.0,0.0,0.0,0.0
2,3,0.0,0.06175251,0.0,0.88181794,0.0,0.0,0.056429595,0.0,0.0,0.0,0.0,0.0,0.0
2,3,0.0,0.06175251,0.0,0.88181794,0.0,0.0,0.056429595,0.0,0.0,0.0,0.0,0.0,0.0
2,3,0.0,0.06175251,0.0,0.88181794,0.0,0.0,0.056429595,0.0,0.0,0.0,0.0,0.0,0.0
2,3,0.0,0.06175251,0.0,0.88181794,0.0,0.0,0.056429595,0.0,0.0,0.0,0.0,0.0,0.0
2,3,0.0,0.06175251,0.0,0.88181794,0.0,0.0,0.056429595,0.0,0.0,0.0,0.0,0.0,0.0
2,3,0.0,0.06175251,0.0,0.88181794,0.0,0.0,0.056429595,0.0,0.0,0.0,0.0,0.0,0.0
2,3,0.0,0.06175251,0.0,0.88181794,0.0,0.0,0.056429595,0.0,0.0,0.0,0.0,0.0,0.0
2,3,0.0,0.06175251,0.0,0.88181794,0.0,0.0,0.056429595,0.0,0.0,0.0,0.0,0.0,0.0
2,3,0.0,0.06175251,0.0,0.88181794,0.0,0.0,0.056429595,0.0,0.0,0.0,0.0,0.0,0.0
2,3,0.0,0.06175251,0.0,0.88181794,0.0,0.0,0.056429595,0.0,0.0,0.0,0.0,0.0,0.0
2,3,0.0,0.06175251,0.0,0.88181794,0.0,0.0,0.056429595,0.0,0.0,0.0,0.0,0.0,0.0
2,3,0.0,0.06175251,0.0,0.88181794,0.0,0.0,0.056429595,0.0,0.0,0.0,0.0,0.0,0.0
2,3,0.0,0.06175251,0.0,0.88181794,0.0,0.0,0.056429595,0.0,0.0,0.0,0.0,0.0,0.0
2,3,0.0,0.06175251,0.0,0.88181794,0.0,0.0,0.056429595,0.0,0.0,0.0,0.0,0.0,0.0
2,3,0.0,0.06175251,0.0,0.88181794,0.0,0.0,0.056429595,0.0,0.0,0.0,0.0,0.0,0.0
2,3,0.0,0.06175251,0.0,0.88181794,0.0,0.0,0.056429595,0.0,0.0,0.0,0.0,0.0,0.0
2,3,0.0,0.06175251,0.0,0.88181794,0.0,0.0,0.056429595,0.0,0.0,0.0,0.0,0.0,0.0
2,3,0.0,0.06175251,0.0,0.88181794,0.0,0.0,0.056429595,0.0,0.0,0.0,0.0,0.0,0.0
2,3,0.0,0.06175251,0.0,0.88181794,0.0,0.0,0.056429595,0.0,0.0,0.0,0.0,0.0,0.0
2,3,0.0,0.06175251,0.0,0.88181794,0.0,0.0,0.056429595,0.0,0.0,0.0,0.0,0.0,0.0
2,3,0.0,0.06175251,0.0,0.88181794,0.0,0.0,0.056429595,0.0,0.0,0.0,0.0,0.0,0.0
2,3,0.0,0.06175251,0.0,0.88181794,0.0,0.0,0.056429595,0.0,0.0,0.0,0.0,0.0,0.0
2,3,0.0,0.06175251,0.0,0.88181794,0.0,0.0,0.056429595,0.0,0.0,0.0,0.0,0.0,0.0
2,3,0.0,0.06175251,0.0,0.88181794,0.0,0.0,0.056429595,0.0,0.0,0.0,0.0,0.0,0.0
2,3,0.0,0.06175251,0.0,0.88181794,0.0,0.0,0.056429595,0.0,0.0,0.0,0.0,0.0,0.0
2,3,0.0,0.06175251,0.0,0.88181794,0.0,0.0,0.056429595,0.0,0.0,0.0,0.0,0.0,0.0
2,3,0.0,0.06175251,0.0,0.88181794,0.0,0.0,0.056429595,0.0,0.0,0.0,0.0,0.0,0.0
2,3,0.0,0.06175251,0.0,0.88181794,0.0,0.0,0.056429595,0.0,0.0,0.0,0.0,0.0,0.0
2,3,0.0,0.06175251,0.0,0.88181794,0.0,0.0,0.056429595,0.0,0.0,0.0,0.0,0.0,0.0
2,3,0.0,0.06175251,0.0,0.88181794,0.0,0.0,0.056429595,0.0,0.0,0.0,0.0,0.0,0.0
2,3,0.0,0.06175251,0.0,0.88181794,0.0,0.0,0.056429595,0.0,0.0,0.0,0.0,0.0,0.0
2,3,0.0,0.06175251,0.0,0.88181794,0.0,0.0,0.056429595,0.0,0.0,0.0,0.0,0.0,0.0
2,3,0.0,0.06175251,0.0,0.88181794,0.0,0.0,0.056429595,0.0,0.0,0.0,0.0,0.0,0.0
2,3,0.0,0.06175251,0.0,0.88181794,0.0,0.0,0.056429595,0.0,0.0,0.0,0.0,0.0,0.0
2,3,0.0,0.06175251,0.0,0.88181794,0.0,0.0,0.056429595,0.0,0.0,0.0,0.0,0.0,0.0
2,3,0.0,0.06175251,0.0,0.88181794,0.0,0.0,0.056429595,0.0,0.0,0.0,0.0,0.0,0.0
2,3,0.0,0.06175251,0.0,0.88181794,0.0,0.0,0.056429595,0.0,0.0,0.0,0.0,0.0,0.0
2,3,0.0,0.06175251,0.0,0.88181794,0.0,0.0,0.056429595,0.0,0.0,0.0,0.0,0.0,0.0
2,3,0.0,0.06175251,0.0,0.88181794,0.0,0.0,0.056429595,0.0,0.0,0.0,0.0,0.0,0.0
2,3,0.0,0.06175251,0.0,0.88181794,0.0,0.0,0.056429595,0.0,0.0,0.0,0.0,0.0,0.0
2,3,0.0,0.06175251,0.0,0.88181794,0.0,0.0,0.056429595,0.0,0.0,0.0,0.0,0.0,0.0
2,3,0.0,0.06175251,0.0,0.88181794,0.0,0.0,0.056429595,0.0,0.0,0.0,0.0,0.0,0.0
2,3,0.0,0.06175251,0.0,0.88181794,0.0,0.0,0.056429595,0.0,0.0,0.0,0.0,0.0,0.0
2,3,0.0,0.06175251,0.0,0.88181794,0.0,0.0,0.056429595,0.0,0.0,0.0,0.0,0.0,0.0
2,3,0.0,0.06175251,0.0,0.88181794,0.0,0.0,0.056429595,0.0,0.0,0.0,0.0,0.0,0.0
2,3,0.0,0.06175251,0.0,0.88181794,0.0,0.0,0.056429595,0.0,0.0,0.0,0.0,0.0,0.0
2,3,0.0,0.06175251,0.0,0.88181794,0.0,0.0,0.056429595,0.0,0.0,0.0,0.0,0.0,0.0
2,3,0.0,0.06175251,0.0,0.88181794,0.0,0.0,0.056429595,0.0,0.0,0.0,0.0,0.0,0.0
2,3,0.0,0.06175251,0.0,0.88181794,0.0,0.0,0.056429595,0.0,0.0,0.0,0.0,0.0,0.0
2,3,0.0,0.06175251,0.0,0.88181794,0.0,0.0,0.056429595,0.0,0.0,0.0,0.0,0.0,0.0
2,3,0.0,0.06175251,0.0,0.88181794,0.0,0.0,0.056429595,0.0,0.0,0.0,0.0,0.0,0.0
2,3,0.0,0.06175251,0.0,0.88181794,0.0,0.0,0.056429595,0.0,0.0,0.0,0.0,0.0,0.0
2,3,0.0,0.06175251,0.0,0.88181794,0.0,0.0,0.056429595,0.0,0.0,0.0,0.0,0.0,0.0
2,3,0.0,0.06175251,0.0,0.88181794,0.0,0.0,0.056429595,0.0,0.0,0.0,0.0,0.0,0.0
2,3,0.0,0.06175251,0.0,0.88181794,0.0,0.0,0.056429595,0.0,0.0,0.0,0.0,0.0,0.0
2,3,0.0,0.06175251,0.0,0.88181794,0.0,0.0,0.056429595,0.0,0.0,0.0,0.0,0.0,0.0
2,3,0.0,0.06175251,0.0,0.88181794,0.0,0.0,0.056429595,0.0,0.0,0.0,0.0,0.0,0.0
2,3,0.0,0.06175251,0.0,0.88181794,0.0,0.0,0.056429595,0.0,0.0,0.0,0.0,0.0,0.0
2,3,0.0,0.06175251,0.0,0.88181794,0.0,0.0,0.056429595,0.0,0.0,0.0,0.0,0.0,0.0
2,3,0.0,0.06175251,0.0,0.88181794,0.0,0.0,0.056429595,0.0,0.0,0.0,0.0,0.0,0.0
2,3,0.0,0.06175251,0.0,0.88181794,0.0,0.0,0.056429595,0.0,0.0,0.0,0.0,0.0,0.0
2,3,0.0,0.06175251,0.0,0.88181794,0.0,0.0,0.056429595,0.0,0.0,0.0,0.0,0.0,0.0
2,3,0.0,0.06175251,0.0,0.88181794,0.0,0.0,0.056429595,0.0,0.0,0.0,0.0,0.0,0.0
2,3,0.0,0.06175251,0.0,0.88181794,0.0,0.0,0.056429595,0.0,0.0,0.0,0.0,0.0,0.0
2,3,0.0,0.06175251,0.0,0.88181794,0.0,0.0,0.056429595,0.0,0.0,0.0,0.0,0.0,0.0
2,3,0.0,0.06175251,0.0,0.88181794,0.0,0.0,0.056429595,0.0,0.0,0.0,0.0,0.0,0.0
2,3,0.0,0.06175251,0.0,0.88181794,0.0,0.0,0.056429595,0.0,0.0,0.0,0.0,0.0,0.0
2,3,0.0,0.06175251,0.0,0.88181794,0.0,0.0,0.056429595,0.0,0.0,0.0,0.0,0.0,0.0
2,3,0.0,0.06175251,0.0,0.88181794,0.0,0.0,0.056429595,0.0,0.0,0.0,0.0,0.0,0.0
2,3,0.0,0.06175251,0.0,0.88181794,0.0,0.0,0.056429595,0.0,0.0,0.0,0.0,0.0,0.0
2,3,0.0,0.06175251,0.0,0.88181794,0.0,0.0,0.056429595,0.0,0.0,0.0,0.0,0.0,0.0
2,3,0.0,0.06175251,0.0,0.88181794,0.0,0.0,0.056429595,0.0,0.0,0.0,0.0,0.0,0.0
2,3,0.0,0.06175251,0.0,0.88181794,0.0,0.0,0.056429595,0.0,0.0,0.0,0.0,0.0,0.0
2,3,0.0,0.06175251,0.0,0.88181794,0.0,0.0,0.056429595,0.0,0.0,0.0,0.0,0.0,0.0
2,3,0.0,0.06175251,0.0,0.88181794,0.0,0.0,0.056429595,0.0,0.0,0.0,0.0,0.0,0.0
2,3,0.0,0.06175251,0.0,0.88181794,0.0,0.0,0.056429595,0.0,0.0,0.0,0.0,0.0,0.0
2,3,0.0,0.06175251,0.0,0.88181794,0.0,0.0,0.056429595,0.0,0.0,0.0,0.0,0.0,0.0
2,3,0.0,0.06175251,0.0,0.88181794,0.0,0.0,0.056429595,0.0,0.0,0.0,0.0,0.0,0.0
2,3,0.0,0.06175251,0.0,0.88181794,0.0,0.0,0.056429595,0.0,0.0,0.0,0.0,0.0,0.0
2,3,0.0,0.06175251,0.0,0.88181794,0.0,0.0,0.056429595,0.0,0.0,0.0,0.0,0.0,0.0
2,3,0.0,0.06175251,0.0,0.88181794,0.0,0.0,0.056429595,0.0,0.0,0.0,0.0,0.0,0.0
2,3,0.0,0.06175251,0.0,0.88181794,0.0,0.0,0.056429595,0.0,0.0,0.0,0.0,0.0,0.0
2,3,0.0,0.06175251,0.0,0.88181794,0.0,0.0,0.056429595,0.0,0.0,0.0,0.0,0.0,0.0
2,3,0.0,0.06175251,0.0,0.88181794,0.0,0.0,0.056429595,0.0,0.0,0.0,0.0,0.0,0.0
2,3,0.0,0.06175251,0.0,0.88181794,0.0,0.0,0.056429595,0.0,0.0,0.0,0.0,0.0,0.0
2,3,0.0,0.06175251,0.0,0.88181794,0.0,0.0,0.056429595,0.0,0.0,0.0,0.0,0.0,0.0
2,3,0.0,0.06175251,0.0,0.88181794,0.0,0.0,0.056429595,0.0,0.0,0.0,0.0,0.0,0.0
2,3,0.0,0.06175251,0.0,0.88181794,0.0,0.0,0.056429595,0.0,0.0,0.0,0.0,0.0,0.0
2,3,0.0,0.06175251,0.0,0.88181794,0.0,0.0,0.056429595,0.0,0.0,0.0,0.0,0.0,0.0
2,3,0.0,0.06175251,0.0,0.88181794,0.0,0.0,0.056429595,0.0,0.0,0.0,0.0,0.0,0.0
2,3,0.0,0.06175251,0.0,0.88181794,0.0,0.0,0.056429595,0.0,0.0,0.0,0.0,0.0,0.0
2,3,0.0,0.06175251,0.0,0.88181794,0.0,0.0,0.056429595,0.0,0.0,0.0,0.0,0.0,0.0
2,3,0.0,0.06175251,0.0,0.88181794,0.0,0.0,0.056429595,0.0,0.0,0.0,0.0,0.0,0.0
2,3,0.0,0.06175251,0.0,0.88181794,0.0,0.0,0.056429595,0.0,0.0,0.0,0.0,0.0,0.0
2,3,0.0,0.06175251,0.0,0.88181794,0.0,0.0,0.056429595,0.0,0.0,0.0,0.0,0.0,0.0
2,3,0.0,0.06175251,0.0,0.88181794,0.0,0.0,0.056429595,0.0,0.0,0.0,0.0,0.0,0.0
2,3,0.0,0.06175251,0.0,0.88181794,0.0,0.0,0.056429595,0.0,0.0,0.0,0.0,0.0,0.0
2,3,0.0,0.06175251,0.0,0.88181794,0.0,0.0,0.056429595,0.0,0.0,0.0,0.0,0.0,0.0
2,3,0.0,0.06175251,0.0,0.88181794,0.0,0.0,0.056429595,0.0,0.0,0.0,0.0,0.0,0.0
2,3,0.0,0.06175251,0.0,0.88181794,0.0,0.0,0.056429595,0.0,0.0,0.0,0.0,0.0,0.0
2,3,0.0,0.06175251,0.0,0.88181794,0.0,0.0,0.056429595,0.0,0.0,0.0,0.0,0.0,0.0
2,3,0.0,0.06175251,0.0,0.88181794,0.0,0.0,0.056429595,0.0,0.0,0.0,0.0,0.0,0.0
2,3,0.0,0.06175251,0.0,0.88181794,0.0,0.0,0.056429595,0.0,0.0,0.0,0.0,0.0,0.0
2,3,0.0,0.06175251,0.0,0.88181794,0.0,0.0,0.056429595,0.0,0.0,0.0,0.0,0.0,0.0
2,3,0.0,0.06175251,0.0,0.88181794,0.0,0.0,0.056429595,0.0,0.0,0.0,0.0,0.0,0.0
2,3,0.0,0.06175251,0.0,0.88181794,0.0,0.0,0.056429595,0.0,0.0,0.0,0.0,0.0,0.0
2,3,0.0,0.06175251,0.0,0.88181794,0.0,0.0,0.056429595,0.0,0.0,0.0,0.0,0.0,0.0
2,3,0.0,0.06175251,0.0,0.88181794,0.0,0.0,0.056429595,0.0,0.0,0.0,0.0,0.0,0.0
2,3,0.0,0.06175251,0.0,0.88181794,0.0,0.0,0.056429595,0.0,0.0,0.0,0.0,0.0,0.0
2,3,0.0,0.06175251,0.0,0.88181794,0.0,0.0,0.056429595,0.0,0.0,0.0,0.0,0.0,0.0
2,3,0.0,0.06175251,0.0,0.88181794,0.0,0.0,0.056429595,0.0,0.0,0.0,0.0,0.0,0.0
2,3,0.0,0.06175251,0.0,0.88181794,0.0,0.0,0.056429595,0.0,0.0,0.0,0.0,0.0,0.0
2,3,0.0,0.06175251,0.0,0.88181794,0.0,0.0,0.056429595,0.0,0.0,0.0,0.0,0.0,0.0
2,3,0.0,0.06175251,0.0,0.88181794,0.0,0.0,0.056429595,0.0,0.0,0.0,0.0,0.0,0.0
2,3,0.0,0.06175251,0.0,0.88181794,0.0,0.0,0.056429595,0.0,0.0,0.0,0.0,0.0,0.0
2,3,0.0,0.06175251,0.0,0.88181794,0.0,0.0,0.056429595,0.0,0.0,0.0,0.0,0.0,0.0
2,3,0.0,0.06175251,0.0,0.88181794,0.0,0.0,0.056429595,0.0,0.0,0.0,0.0,0.0,0.0
2,3,0.0,0.06175251,0.0,0.88181794,0.0,0.0,0.056429595,0.0,0.0,0.0,0.0,0.0,0.0
2,3,0.0,0.06175251,0.0,0.88181794,0.0,0.0,0.056429595,0.0,0.0,0.0,0.0,0.0,0.0
2,3,0.0,0.06175251,0.0,0.88181794,0.0,0.0,0.056429595,0.0,0.0,0.0,0.0,0.0,0.0
2,3,0.0,0.06175251,0.0,0.88181794,0.0,0.0,0.056429595,0.0,0.0,0.0,0.0,0.0,0.0
2,3,0.0,0.06175251,0.0,0.88181794,0.0,0.0,0.056429595,0.0,0.0,0.0,0.0,0.0,0.0
2,3,0.0,0.06175251,0.0,0.88181794,0.0,0.0,0.056429595,0.0,0.0,0.0,0.0,0.0,0.0
2,3,0.0,0.06175251,0.0,0.88181794,0.0,0.0,0.056429595,0.0,0.0,0.0,0.0,0.0,0.0
2,3,0.0,0.06175251,0.0,0.88181794,0.0,0.0,0.056429595,0.0,0.0,0.0,0.0,0.0,0.0
2,3,0.0,0.06175251,0.0,0.88181794,0.0,0.0,0.056429595,0.0,0.0,0.0,0.0,0.0,0.0
2,3,0.0,0.06175251,0.0,0.88181794,0.0,0.0,0.056429595,0.0,0.0,0.0,0.0,0.0,0.0
2,3,0.0,0.06175251,0.0,0.88181794,0.0,0.0,0.056429595,0.0,0.0,0.0,0.0,0.0,0.0
2,3,0.0,0.06175251,0.0,0.88181794,0.0,0.0,0.056429595,0.0,0.0,0.0,0.0,0.0,0.0
2,3,0.0,0.06175251,0.0,0.88181794,0.0,0.0,0.056429595,0.0,0.0,0.0,0.0,0.0,0.0
2,3,0.0,0.06175251,0.0,0.88181794,0.0,0.0,0.056429595,0.0,0.0,0.0,0.0,0.0,0.0
2,3,0.0,0.06175251,0.0,0.88181794,0.0,0.0,0.056429595,0.0,0.0,0.0,0.0,0.0,0.0
2,3,0.0,0.06175251,0.0,0.88181794,0.0,0.0,0.056429595,0.0,0.0,0.0,0.0,0.0,0.0
2,3,0.0,0.06175251,0.0,0.88181794,0.0,0.0,0.056429595,0.0,0.0,0.0,0.0,0.0,0.0
2,3,0.0,0.06175251,0.0,0.9382475,0.0,0.0,0.0,0.0,0.0,0.0,0.0,0.0,0.0
2,3,0.0,0.06175251,0.0,0.9382475,0.0,0.0,0.0,0.0,0.0,0.0,0.0,0.0,0.0
2,3,0.0,0.06175251,0.0,0.9382475,0.0,0.0,0.0,0.0,0.0,0.0,0.0,0.0,0.0
2,3,0.0,0.06175251,0.0,0.9382475,0.0,0.0,0.0,0.0,0.0,0.0,0.0,0.0,0.0
2,3,0.0,0.06175251,0.0,0.9382475,0.0,0.0,0.0,0.0,0.0,0.0,0.0,0.0,0.0
2,3,0.0,0.06175251,0.0,0.9382475,0.0,0.0,0.0,0.0,0.0,0.0,0.0,0.0,0.0
2,3,0.0,0.06175251,0.0,0.9382475,0.0,0.0,0.0,0.0,0.0,0.0,0.0,0.0,0.0
2,3,0.0,0.06175251,0.0,0.9382475,0.0,0.0,0.0,0.0,0.0,0.0,0.0,0.0,0.0
2,3,0.0,0.06175251,0.0,0.9382475,0.0,0.0,0.0,0.0,0.0,0.0,0.0,0.0,0.0
2,3,0.0,0.06175251,0.0,0.9382475,0.0,0.0,0.0,0.0,0.0,0.0,0.0,0.0,0.0
2,3,0.06758349,0.061752506,0.0,0.870664,0.0,0.0,0.0,0.0,0.0,0.0,0.0,0.0,0.0
2,3,0.06758349,0.061752506,0.0,0.870664,0.0,0.0,0.0,0.0,0.0,0.0,0.0,0.0,0.0
2,3,0.06758349,0.061752506,0.0,0.870664,0.0,0.0,0.0,0.0,0.0,0.0,0.0,0.0,0.0
2,3,0.06758349,0.061752506,0.0,0.870664,0.0,0.0,0.0,0.0,0.0,0.0,0.0,0.0,0.0
2,3,0.06758349,0.061752506,0.0,0.870664,0.0,0.0,0.0,0.0,0.0,0.0,0.0,0.0,0.0
2,3,0.06758349,0.061752506,0.0,0.870664,0.0,0.0,0.0,0.0,0.0,0.0,0.0,0.0,0.0
2,3,0.06758349,0.061752506,0.0,0.870664,0.0,0.0,0.0,0.0,0.0,0.0,0.0,0.0,0.0
2,3,0.06758349,0.061752506,0.0,0.870664,0.0,0.0,0.0,0.0,0.0,0.0,0.0,0.0,0.0
2,3,0.06758349,0.061752506,0.0,0.870664,0.0,0.0,0.0,0.0,0.0,0.0,0.0,0.0,0.0
2,3,0.06758349,0.061752506,0.0,0.870664,0.0,0.0,0.0,0.0,0.0,0.0,0.0,0.0,0.0
2,3,0.06758349,0.061752506,0.0,0.870664,0.0,0.0,0.0,0.0,0.0,0.0,0.0,0.0,0.0
2,3,0.06758349,0.061752506,0.0,0.870664,0.0,0.0,0.0,0.0,0.0,0.0,0.0,0.0,0.0
2,3,0.06758349,0.061752506,0.0,0.870664,0.0,0.0,0.0,0.0,0.0,0.0,0.0,0.0,0.0
2,3,0.06758349,0.061752506,0.0,0.870664,0.0,0.0,0.0,0.0,0.0,0.0,0.0,0.0,0.0
2,3,0.06758349,0.061752506,0.0,0.870664,0.0,0.0,0.0,0.0,0.0,0.0,0.0,0.0,0.0
2,3,0.06758349,0.061752506,0.0,0.870664,0.0,0.0,0.0,0.0,0.0,0.0,0.0,0.0,0.0
2,3,0.06758349,0.061752506,0.0,0.870664,0.0,0.0,0.0,0.0,0.0,0.0,0.0,0.0,0.0
2,3,0.06758349,0.061752506,0.0,0.870664,0.0,0.0,0.0,0.0,0.0,0.0,0.0,0.0,0.0
2,3,0.06758349,0.061752506,0.0,0.870664,0.0,0.0,0.0,0.0,0.0,0.0,0.0,0.0,0.0
2,3,0.06758349,0.061752506,0.0,0.870664,0.0,0.0,0.0,0.0,0.0,0.0,0.0,0.0,0.0
2,3,0.06758349,0.061752506,0.0,0.870664,0.0,0.0,0.0,0.0,0.0,0.0,0.0,0.0,0.0
2,3,0.06758349,0.061752506,0.0,0.870664,0.0,0.0,0.0,0.0,0.0,0.0,0.0,0.0,0.0
2,3,0.06758349,0.061752506,0.0,0.870664,0.0,0.0,0.0,0.0,0.0,0.0,0.0,0.0,0.0
2,3,0.06758349,0.061752506,0.0,0.870664,0.0,0.0,0.0,0.0,0.0,0.0,0.0,0.0,0.0
2,3,0.06758349,0.061752506,0.0,0.870664,0.0,0.0,0.0,0.0,0.0,0.0,0.0,0.0,0.0
2,3,0.06758349,0.061752506,0.0,0.870664,0.0,0.0,0.0,0.0,0.0,0.0,0.0,0.0,0.0
2,3,0.06758349,0.061752506,0.0,0.870664,0.0,0.0,0.0,0.0,0.0,0.0,0.0,0.0,0.0
2,3,0.06758349,0.061752506,0.0,0.870664,0.0,0.0,0.0,0.0,0.0,0.0,0.0,0.0,0.0
2,3,0.06758349,0.061752506,0.0,0.870664,0.0,0.0,0.0,0.0,0.0,0.0,0.0,0.0,0.0
2,3,0.06758349,0.061752506,0.0,0.870664,0.0,0.0,0.0,0.0,0.0,0.0,0.0,0.0,0.0
2,3,0.067583494,0.0,0.0,0.93241656,0.0,0.0,0.0,0.0,0.0,0.0,0.0,0.0,0.0
2,3,0.067583494,0.0,0.0,0.93241656,0.0,0.0,0.0,0.0,0.0,0.0,0.0,0.0,0.0
2,3,0.067583494,0.0,0.0,0.93241656,0.0,0.0,0.0,0.0,0.0,0.0,0.0,0.0,0.0
2,3,0.067583494,0.0,0.0,0.93241656,0.0,0.0,0.0,0.0,0.0,0.0,0.0,0.0,0.0
2,3,0.067583494,0.0,0.0,0.93241656,0.0,0.0,0.0,0.0,0.0,0.0,0.0,0.0,0.0
2,3,0.067583494,0.0,0.0,0.93241656,0.0,0.0,0.0,0.0,0.0,0.0,0.0,0.0,0.0
2,3,0.067583494,0.0,0.0,0.93241656,0.0,0.0,0.0,0.0,0.0,0.0,0.0,0.0,0.0
2,3,0.067583494,0.0,0.0,0.93241656,0.0,0.0,0.0,0.0,0.0,0.0,0.0,0.0,0.0
2,3,0.067583494,0.0,0.0,0.93241656,0.0,0.0,0.0,0.0,0.0,0.0,0.0,0.0,0.0
2,3,0.067583494,0.0,0.0,0.93241656,0.0,0.0,0.0,0.0,0.0,0.0,0.0,0.0,0.0
2,3,0.067583494,0.0,0.0,0.93241656,0.0,0.0,0.0,0.0,0.0,0.0,0.0,0.0,0.0
2,3,0.067583494,0.0,0.0,0.93241656,0.0,0.0,0.0,0.0,0.0,0.0,0.0,0.0,0.0
2,3,0.067583494,0.0,0.0,0.93241656,0.0,0.0,0.0,0.0,0.0,0.0,0.0,0.0,0.0
2,3,0.067583494,0.0,0.0,0.93241656,0.0,0.0,0.0,0.0,0.0,0.0,0.0,0.0,0.0
2,3,0.067583494,0.0,0.0,0.93241656,0.0,0.0,0.0,0.0,0.0,0.0,0.0,0.0,0.0
2,3,0.067583494,0.0,0.0,0.93241656,0.0,0.0,0.0,0.0,0.0,0.0,0.0,0.0,0.0
2,3,0.067583494,0.0,0.0,0.93241656,0.0,0.0,0.0,0.0,0.0,0.0,0.0,0.0,0.0
2,3,0.067583494,0.0,0.0,0.93241656,0.0,0.0,0.0,0.0,0.0,0.0,0.0,0.0,0.0
2,3,0.067583494,0.0,0.0,0.93241656,0.0,0.0,0.0,0.0,0.0,0.0,0.0,0.0,0.0
2,3,0.067583494,0.0,0.0,0.93241656,0.0,0.0,0.0,0.0,0.0,0.0,0.0,0.0,0.0
2,3,0.067583494,0.0,0.0,0.93241656,0.0,0.0,0.0,0.0,0.0,0.0,0.0,0.0,0.0
2,3,0.067583494,0.0,0.0,0.93241656,0.0,0.0,0.0,0.0,0.0,0.0,0.0,0.0,0.0
2,3,0.067583494,0.0,0.0,0.93241656,0.0,0.0,0.0,0.0,0.0,0.0,0.0,0.0,0.0
2,3,0.067583494,0.0,0.0,0.93241656,0.0,0.0,0.0,0.0,0.0,0.0,0.0,0.0,0.0
2,3,0.067583494,0.0,0.0,0.93241656,0.0,0.0,0.0,0.0,0.0,0.0,0.0,0.0,0.0
2,3,0.067583494,0.0,0.0,0.93241656,0.0,0.0,0.0,0.0,0.0,0.0,0.0,0.0,0.0
2,3,0.067583494,0.0,0.0,0.93241656,0.0,0.0,0.0,0.0,0.0,0.0,0.0,0.0,0.0
2,3,0.067583494,0.0,0.0,0.93241656,0.0,0.0,0.0,0.0,0.0,0.0,0.0,0.0,0.0
2,3,0.067583494,0.0,0.0,0.93241656,0.0,0.0,0.0,0.0,0.0,0.0,0.0,0.0,0.0
2,3,0.067583494,0.0,0.0,0.93241656,0.0,0.0,0.0,0.0,0.0,0.0,0.0,0.0,0.0
2,3,0.067583494,0.0,0.0,0.93241656,0.0,0.0,0.0,0.0,0.0,0.0,0.0,0.0,0.0
2,3,0.067583494,0.0,0.0,0.93241656,0.0,0.0,0.0,0.0,0.0,0.0,0.0,0.0,0.0
2,3,0.067583494,0.0,0.0,0.93241656,0.0,0.0,0.0,0.0,0.0,0.0,0.0,0.0,0.0
2,3,0.067583494,0.0,0.0,0.93241656,0.0,0.0,0.0,0.0,0.0,0.0,0.0,0.0,0.0
2,3,0.067583494,0.0,0.0,0.93241656,0.0,0.0,0.0,0.0,0.0,0.0,0.0,0.0,0.0
2,3,0.067583494,0.0,0.0,0.93241656,0.0,0.0,0.0,0.0,0.0,0.0,0.0,0.0,0.0
2,3,0.067583494,0.0,0.0,0.93241656,0.0,0.0,0.0,0.0,0.0,0.0,0.0,0.0,0.0
2,3,0.067583494,0.0,0.0,0.93241656,0.0,0.0,0.0,0.0,0.0,0.0,0.0,0.0,0.0
2,3,0.067583494,0.0,0.0,0.93241656,0.0,0.0,0.0,0.0,0.0,0.0,0.0,0.0,0.0
2,3,0.067583494,0.0,0.0,0.93241656,0.0,0.0,0.0,0.0,0.0,0.0,0.0,0.0,0.0
2,3,0.067583494,0.0,0.0,0.93241656,0.0,0.0,0.0,0.0,0.0,0.0,0.0,0.0,0.0
2,3,0.067583494,0.0,0.0,0.93241656,0.0,0.0,0.0,0.0,0.0,0.0,0.0,0.0,0.0
2,3,0.067583494,0.0,0.0,0.93241656,0.0,0.0,0.0,0.0,0.0,0.0,0.0,0.0,0.0
2,3,0.067583494,0.0,0.0,0.93241656,0.0,0.0,0.0,0.0,0.0,0.0,0.0,0.0,0.0
2,3,0.067583494,0.0,0.0,0.93241656,0.0,0.0,0.0,0.0,0.0,0.0,0.0,0.0,0.0
2,3,0.067583494,0.0,0.0,0.93241656,0.0,0.0,0.0,0.0,0.0,0.0,0.0,0.0,0.0
2,3,0.067583494,0.0,0.0,0.93241656,0.0,0.0,0.0,0.0,0.0,0.0,0.0,0.0,0.0
2,3,0.067583494,0.0,0.0,0.93241656,0.0,0.0,0.0,0.0,0.0,0.0,0.0,0.0,0.0
2,3,0.067583494,0.0,0.0,0.93241656,0.0,0.0,0.0,0.0,0.0,0.0,0.0,0.0,0.0
2,3,0.067583494,0.0,0.0,0.93241656,0.0,0.0,0.0,0.0,0.0,0.0,0.0,0.0,0.0
2,3,0.067583494,0.0,0.0,0.93241656,0.0,0.0,0.0,0.0,0.0,0.0,0.0,0.0,0.0
2,3,0.067583494,0.0,0.0,0.93241656,0.0,0.0,0.0,0.0,0.0,0.0,0.0,0.0,0.0
2,3,0.067583494,0.0,0.0,0.93241656,0.0,0.0,0.0,0.0,0.0,0.0,0.0,0.0,0.0
2,3,0.067583494,0.0,0.0,0.93241656,0.0,0.0,0.0,0.0,0.0,0.0,0.0,0.0,0.0
2,3,0.067583494,0.0,0.0,0.93241656,0.0,0.0,0.0,0.0,0.0,0.0,0.0,0.0,0.0
2,3,0.067583494,0.0,0.0,0.93241656,0.0,0.0,0.0,0.0,0.0,0.0,0.0,0.0,0.0
2,3,0.067583494,0.0,0.0,0.93241656,0.0,0.0,0.0,0.0,0.0,0.0,0.0,0.0,0.0
2,3,0.067583494,0.0,0.0,0.93241656,0.0,0.0,0.0,0.0,0.0,0.0,0.0,0.0,0.0
2,3,0.067583494,0.0,0.0,0.93241656,0.0,0.0,0.0,0.0,0.0,0.0,0.0,0.0,0.0
2,3,0.067583494,0.0,0.0,0.93241656,0.0,0.0,0.0,0.0,0.0,0.0,0.0,0.0,0.0
2,3,0.067583494,0.0,0.0,0.93241656,0.0,0.0,0.0,0.0,0.0,0.0,0.0,0.0,0.0
2,3,0.067583494,0.0,0.0,0.93241656,0.0,0.0,0.0,0.0,0.0,0.0,0.0,0.0,0.0
2,3,0.067583494,0.0,0.0,0.93241656,0.0,0.0,0.0,0.0,0.0,0.0,0.0,0.0,0.0
2,3,0.067583494,0.0,0.0,0.93241656,0.0,0.0,0.0,0.0,0.0,0.0,0.0,0.0,0.0
2,3,0.067583494,0.0,0.0,0.93241656,0.0,0.0,0.0,0.0,0.0,0.0,0.0,0.0,0.0
2,3,0.067583494,0.0,0.0,0.93241656,0.0,0.0,0.0,0.0,0.0,0.0,0.0,0.0,0.0
2,3,0.067583494,0.0,0.0,0.93241656,0.0,0.0,0.0,0.0,0.0,0.0,0.0,0.0,0.0
2,3,0.067583494,0.0,0.0,0.93241656,0.0,0.0,0.0,0.0,0.0,0.0,0.0,0.0,0.0
2,3,0.067583494,0.0,0.0,0.93241656,0.0,0.0,0.0,0.0,0.0,0.0,0.0,0.0,0.0
2,3,0.067583494,0.0,0.0,0.93241656,0.0,0.0,0.0,0.0,0.0,0.0,0.0,0.0,0.0
2,3,0.067583494,0.0,0.0,0.93241656,0.0,0.0,0.0,0.0,0.0,0.0,0.0,0.0,0.0
2,3,0.067583494,0.0,0.0,0.93241656,0.0,0.0,0.0,0.0,0.0,0.0,0.0,0.0,0.0
2,3,0.067583494,0.0,0.0,0.93241656,0.0,0.0,0.0,0.0,0.0,0.0,0.0,0.0,0.0
2,3,0.067583494,0.0,0.0,0.93241656,0.0,0.0,0.0,0.0,0.0,0.0,0.0,0.0,0.0
2,3,0.067583494,0.0,0.0,0.93241656,0.0,0.0,0.0,0.0,0.0,0.0,0.0,0.0,0.0
2,3,0.067583494,0.0,0.0,0.93241656,0.0,0.0,0.0,0.0,0.0,0.0,0.0,0.0,0.0
2,3,0.067583494,0.0,0.0,0.93241656,0.0,0.0,0.0,0.0,0.0,0.0,0.0,0.0,0.0
2,3,0.067583494,0.0,0.0,0.93241656,0.0,0.0,0.0,0.0,0.0,0.0,0.0,0.0,0.0
2,3,0.067583494,0.0,0.0,0.93241656,0.0,0.0,0.0,0.0,0.0,0.0,0.0,0.0,0.0
2,3,0.067583494,0.0,0.0,0.93241656,0.0,0.0,0.0,0.0,0.0,0.0,0.0,0.0,0.0
2,3,0.067583494,0.0,0.0,0.93241656,0.0,0.0,0.0,0.0,0.0,0.0,0.0,0.0,0.0
2,3,0.067583494,0.0,0.0,0.93241656,0.0,0.0,0.0,0.0,0.0,0.0,0.0,0.0,0.0
2,3,0.067583494,0.0,0.0,0.93241656,0.0,0.0,0.0,0.0,0.0,0.0,0.0,0.0,0.0
2,3,0.067583494,0.0,0.0,0.93241656,0.0,0.0,0.0,0.0,0.0,0.0,0.0,0.0,0.0
2,3,0.067583494,0.0,0.0,0.93241656,0.0,0.0,0.0,0.0,0.0,0.0,0.0,0.0,0.0
2,3,0.067583494,0.0,0.0,0.93241656,0.0,0.0,0.0,0.0,0.0,0.0,0.0,0.0,0.0
2,3,0.067583494,0.0,0.0,0.93241656,0.0,0.0,0.0,0.0,0.0,0.0,0.0,0.0,0.0
2,3,0.067583494,0.0,0.0,0.93241656,0.0,0.0,0.0,0.0,0.0,0.0,0.0,0.0,0.0
2,3,0.067583494,0.0,0.0,0.93241656,0.0,0.0,0.0,0.0,0.0,0.0,0.0,0.0,0.0
2,3,0.067583494,0.0,0.0,0.93241656,0.0,0.0,0.0,0.0,0.0,0.0,0.0,0.0,0.0
2,3,0.067583494,0.0,0.0,0.93241656,0.0,0.0,0.0,0.0,0.0,0.0,0.0,0.0,0.0
2,3,0.067583494,0.0,0.0,0.93241656,0.0,0.0,0.0,0.0,0.0,0.0,0.0,0.0,0.0
2,3,0.067583494,0.0,0.0,0.93241656,0.0,0.0,0.0,0.0,0.0,0.0,0.0,0.0,0.0
2,3,0.067583494,0.0,0.0,0.93241656,0.0,0.0,0.0,0.0,0.0,0.0,0.0,0.0,0.0
2,3,0.067583494,0.0,0.0,0.93241656,0.0,0.0,0.0,0.0,0.0,0.0,0.0,0.0,0.0
2,3,0.067583494,0.0,0.0,0.93241656,0.0,0.0,0.0,0.0,0.0,0.0,0.0,0.0,0.0
2,3,0.067583494,0.0,0.0,0.93241656,0.0,0.0,0.0,0.0,0.0,0.0,0.0,0.0,0.0
2,3,0.067583494,0.0,0.0,0.93241656,0.0,0.0,0.0,0.0,0.0,0.0,0.0,0.0,0.0
2,3,0.067583494,0.0,0.0,0.93241656,0.0,0.0,0.0,0.0,0.0,0.0,0.0,0.0,0.0
2,3,0.067583494,0.0,0.0,0.93241656,0.0,0.0,0.0,0.0,0.0,0.0,0.0,0.0,0.0
2,3,0.067583494,0.0,0.0,0.93241656,0.0,0.0,0.0,0.0,0.0,0.0,0.0,0.0,0.0
2,3,0.067583494,0.0,0.0,0.93241656,0.0,0.0,0.0,0.0,0.0,0.0,0.0,0.0,0.0
2,3,0.067583494,0.0,0.0,0.93241656,0.0,0.0,0.0,0.0,0.0,0.0,0.0,0.0,0.0
2,3,0.067583494,0.0,0.0,0.93241656,0.0,0.0,0.0,0.0,0.0,0.0,0.0,0.0,0.0
2,3,0.067583494,0.0,0.0,0.93241656,0.0,0.0,0.0,0.0,0.0,0.0,0.0,0.0,0.0
2,3,0.067583494,0.0,0.0,0.93241656,0.0,0.0,0.0,0.0,0.0,0.0,0.0,0.0,0.0
2,3,0.067583494,0.0,0.0,0.93241656,0.0,0.0,0.0,0.0,0.0,0.0,0.0,0.0,0.0
2,3,0.067583494,0.0,0.0,0.93241656,0.0,0.0,0.0,0.0,0.0,0.0,0.0,0.0,0.0
2,3,0.067583494,0.0,0.0,0.93241656,0.0,0.0,0.0,0.0,0.0,0.0,0.0,0.0,0.0
2,3,0.067583494,0.0,0.0,0.93241656,0.0,0.0,0.0,0.0,0.0,0.0,0.0,0.0,0.0
2,3,0.067583494,0.0,0.0,0.93241656,0.0,0.0,0.0,0.0,0.0,0.0,0.0,0.0,0.0
2,3,0.067583494,0.0,0.0,0.93241656,0.0,0.0,0.0,0.0,0.0,0.0,0.0,0.0,0.0
2,3,0.067583494,0.0,0.0,0.93241656,0.0,0.0,0.0,0.0,0.0,0.0,0.0,0.0,0.0
2,3,0.067583494,0.0,0.0,0.93241656,0.0,0.0,0.0,0.0,0.0,0.0,0.0,0.0,0.0
2,3,0.067583494,0.0,0.0,0.93241656,0.0,0.0,0.0,0.0,0.0,0.0,0.0,0.0,0.0
2,3,0.067583494,0.0,0.0,0.93241656,0.0,0.0,0.0,0.0,0.0,0.0,0.0,0.0,0.0
2,3,0.067583494,0.0,0.0,0.93241656,0.0,0.0,0.0,0.0,0.0,0.0,0.0,0.0,0.0
2,3,0.067583494,0.0,0.0,0.93241656,0.0,0.0,0.0,0.0,0.0,0.0,0.0,0.0,0.0
2,3,0.067583494,0.0,0.0,0.93241656,0.0,0.0,0.0,0.0,0.0,0.0,0.0,0.0,0.0
2,3,0.067583494,0.0,0.0,0.93241656,0.0,0.0,0.0,0.0,0.0,0.0,0.0,0.0,0.0
2,3,0.067583494,0.0,0.0,0.93241656,0.0,0.0,0.0,0.0,0.0,0.0,0.0,0.0,0.0
2,3,0.067583494,0.0,0.0,0.93241656,0.0,0.0,0.0,0.0,0.0,0.0,0.0,0.0,0.0
2,3,0.067583494,0.0,0.0,0.93241656,0.0,0.0,0.0,0.0,0.0,0.0,0.0,0.0,0.0
2,3,0.067583494,0.0,0.0,0.93241656,0.0,0.0,0.0,0.0,0.0,0.0,0.0,0.0,0.0
2,3,0.067583494,0.0,0.0,0.93241656,0.0,0.0,0.0,0.0,0.0,0.0,0.0,0.0,0.0
2,3,0.067583494,0.0,0.0,0.93241656,0.0,0.0,0.0,0.0,0.0,0.0,0.0,0.0,0.0
2,3,0.067583494,0.0,0.0,0.93241656,0.0,0.0,0.0,0.0,0.0,0.0,0.0,0.0,0.0
2,3,0.067583494,0.0,0.0,0.93241656,0.0,0.0,0.0,0.0,0.0,0.0,0.0,0.0,0.0
2,3,0.067583494,0.0,0.0,0.93241656,0.0,0.0,0.0,0.0,0.0,0.0,0.0,0.0,0.0
2,3,0.067583494,0.0,0.0,0.93241656,0.0,0.0,0.0,0.0,0.0,0.0,0.0,0.0,0.0
2,3,0.067583494,0.0,0.0,0.93241656,0.0,0.0,0.0,0.0,0.0,0.0,0.0,0.0,0.0
2,3,0.067583494,0.0,0.0,0.93241656,0.0,0.0,0.0,0.0,0.0,0.0,0.0,0.0,0.0
2,3,0.067583494,0.0,0.0,0.93241656,0.0,0.0,0.0,0.0,0.0,0.0,0.0,0.0,0.0
2,3,0.067583494,0.0,0.0,0.93241656,0.0,0.0,0.0,0.0,0.0,0.0,0.0,0.0,0.0
2,3,0.067583494,0.0,0.0,0.93241656,0.0,0.0,0.0,0.0,0.0,0.0,0.0,0.0,0.0
2,3,0.067583494,0.0,0.0,0.93241656,0.0,0.0,0.0,0.0,0.0,0.0,0.0,0.0,0.0
2,3,0.067583494,0.0,0.0,0.93241656,0.0,0.0,0.0,0.0,0.0,0.0,0.0,0.0,0.0
2,3,0.067583494,0.0,0.0,0.93241656,0.0,0.0,0.0,0.0,0.0,0.0,0.0,0.0,0.0
2,3,0.067583494,0.0,0.0,0.93241656,0.0,0.0,0.0,0.0,0.0,0.0,0.0,0.0,0.0
2,3,0.067583494,0.0,0.0,0.93241656,0.0,0.0,0.0,0.0,0.0,0.0,0.0,0.0,0.0
2,3,0.067583494,0.0,0.0,0.93241656,0.0,0.0,0.0,0.0,0.0,0.0,0.0,0.0,0.0
2,3,0.067583494,0.0,0.0,0.93241656,0.0,0.0,0.0,0.0,0.0,0.0,0.0,0.0,0.0
2,3,0.067583494,0.0,0.0,0.93241656,0.0,0.0,0.0,0.0,0.0,0.0,0.0,0.0,0.0
2,3,0.067583494,0.0,0.0,0.93241656,0.0,0.0,0.0,0.0,0.0,0.0,0.0,0.0,0.0
2,3,0.067583494,0.0,0.0,0.93241656,0.0,0.0,0.0,0.0,0.0,0.0,0.0,0.0,0.0
2,3,0.067583494,0.0,0.0,0.93241656,0.0,0.0,0.0,0.0,0.0,0.0,0.0,0.0,0.0
2,3,0.067583494,0.0,0.0,0.93241656,0.0,0.0,0.0,0.0,0.0,0.0,0.0,0.0,0.0
2,3,0.067583494,0.0,0.0,0.93241656,0.0,0.0,0.0,0.0,0.0,0.0,0.0,0.0,0.0
2,3,0.067583494,0.0,0.0,0.93241656,0.0,0.0,0.0,0.0,0.0,0.0,0.0,0.0,0.0
2,3,0.067583494,0.0,0.0,0.93241656,0.0,0.0,0.0,0.0,0.0,0.0,0.0,0.0,0.0
2,3,0.067583494,0.0,0.0,0.93241656,0.0,0.0,0.0,0.0,0.0,0.0,0.0,0.0,0.0
2,3,0.067583494,0.0,0.0,0.93241656,0.0,0.0,0.0,0.0,0.0,0.0,0.0,0.0,0.0
2,3,0.067583494,0.0,0.0,0.93241656,0.0,0.0,0.0,0.0,0.0,0.0,0.0,0.0,0.0
2,3,0.067583494,0.0,0.0,0.93241656,0.0,0.0,0.0,0.0,0.0,0.0,0.0,0.0,0.0
2,3,0.067583494,0.0,0.0,0.93241656,0.0,0.0,0.0,0.0,0.0,0.0,0.0,0.0,0.0
2,3,0.067583494,0.0,0.0,0.93241656,0.0,0.0,0.0,0.0,0.0,0.0,0.0,0.0,0.0
2,3,0.067583494,0.0,0.0,0.93241656,0.0,0.0,0.0,0.0,0.0,0.0,0.0,0.0,0.0
2,3,0.067583494,0.0,0.0,0.93241656,0.0,0.0,0.0,0.0,0.0,0.0,0.0,0.0,0.0
2,3,0.067583494,0.0,0.0,0.93241656,0.0,0.0,0.0,0.0,0.0,0.0,0.0,0.0,0.0
2,3,0.067583494,0.0,0.0,0.93241656,0.0,0.0,0.0,0.0,0.0,0.0,0.0,0.0,0.0
2,3,0.067583494,0.0,0.0,0.93241656,0.0,0.0,0.0,0.0,0.0,0.0,0.0,0.0,0.0
2,3,0.067583494,0.0,0.0,0.93241656,0.0,0.0,0.0,0.0,0.0,0.0,0.0,0.0,0.0
2,3,0.067583494,0.0,0.0,0.93241656,0.0,0.0,0.0,0.0,0.0,0.0,0.0,0.0,0.0
2,3,0.067583494,0.0,0.0,0.93241656,0.0,0.0,0.0,0.0,0.0,0.0,0.0,0.0,0.0
2,3,0.067583494,0.0,0.0,0.93241656,0.0,0.0,0.0,0.0,0.0,0.0,0.0,0.0,0.0
2,3,0.067583494,0.0,0.0,0.93241656,0.0,0.0,0.0,0.0,0.0,0.0,0.0,0.0,0.0
2,3,0.067583494,0.0,0.0,0.93241656,0.0,0.0,0.0,0.0,0.0,0.0,0.0,0.0,0.0
2,3,0.067583494,0.0,0.0,0.93241656,0.0,0.0,0.0,0.0,0.0,0.0,0.0,0.0,0.0
2,3,0.067583494,0.0,0.0,0.93241656,0.0,0.0,0.0,0.0,0.0,0.0,0.0,0.0,0.0
2,3,0.067583494,0.0,0.0,0.93241656,0.0,0.0,0.0,0.0,0.0,0.0,0.0,0.0,0.0
2,3,0.067583494,0.0,0.0,0.93241656,0.0,0.0,0.0,0.0,0.0,0.0,0.0,0.0,0.0
2,3,0.067583494,0.0,0.0,0.93241656,0.0,0.0,0.0,0.0,0.0,0.0,0.0,0.0,0.0
2,3,0.067583494,0.0,0.0,0.93241656,0.0,0.0,0.0,0.0,0.0,0.0,0.0,0.0,0.0
2,3,0.067583494,0.0,0.0,0.93241656,0.0,0.0,0.0,0.0,0.0,0.0,0.0,0.0,0.0
2,3,0.067583494,0.0,0.0,0.93241656,0.0,0.0,0.0,0.0,0.0,0.0,0.0,0.0,0.0
2,3,0.067583494,0.0,0.0,0.93241656,0.0,0.0,0.0,0.0,0.0,0.0,0.0,0.0,0.0
2,3,0.067583494,0.0,0.0,0.93241656,0.0,0.0,0.0,0.0,0.0,0.0,0.0,0.0,0.0
2,3,0.067583494,0.0,0.0,0.93241656,0.0,0.0,0.0,0.0,0.0,0.0,0.0,0.0,0.0
2,3,0.067583494,0.0,0.0,0.93241656,0.0,0.0,0.0,0.0,0.0,0.0,0.0,0.0,0.0
2,3,0.067583494,0.0,0.0,0.93241656,0.0,0.0,0.0,0.0,0.0,0.0,0.0,0.0,0.0
2,3,0.067583494,0.0,0.0,0.93241656,0.0,0.0,0.0,0.0,0.0,0.0,0.0,0.0,0.0
2,3,0.067583494,0.0,0.0,0.93241656,0.0,0.0,0.0,0.0,0.0,0.0,0.0,0.0,0.0
2,3,0.067583494,0.0,0.0,0.93241656,0.0,0.0,0.0,0.0,0.0,0.0,0.0,0.0,0.0
2,3,0.067583494,0.0,0.0,0.93241656,0.0,0.0,0.0,0.0,0.0,0.0,0.0,0.0,0.0
2,3,0.067583494,0.0,0.0,0.93241656,0.0,0.0,0.0,0.0,0.0,0.0,0.0,0.0,0.0
2,3,0.067583494,0.0,0.0,0.93241656,0.0,0.0,0.0,0.0,0.0,0.0,0.0,0.0,0.0
2,3,0.067583494,0.0,0.0,0.93241656,0.0,0.0,0.0,0.0,0.0,0.0,0.0,0.0,0.0
2,3,0.067583494,0.0,0.0,0.93241656,0.0,0.0,0.0,0.0,0.0,0.0,0.0,0.0,0.0
2,3,0.067583494,0.0,0.0,0.93241656,0.0,0.0,0.0,0.0,0.0,0.0,0.0,0.0,0.0
2,3,0.067583494,0.0,0.0,0.93241656,0.0,0.0,0.0,0.0,0.0,0.0,0.0,0.0,0.0
2,3,0.067583494,0.0,0.0,0.93241656,0.0,0.0,0.0,0.0,0.0,0.0,0.0,0.0,0.0
2,3,0.067583494,0.0,0.0,0.93241656,0.0,0.0,0.0,0.0,0.0,0.0,0.0,0.0,0.0
2,3,0.067583494,0.0,0.0,0.93241656,0.0,0.0,0.0,0.0,0.0,0.0,0.0,0.0,0.0
2,3,0.067583494,0.0,0.0,0.93241656,0.0,0.0,0.0,0.0,0.0,0.0,0.0,0.0,0.0
2,3,0.067583494,0.0,0.0,0.93241656,0.0,0.0,0.0,0.0,0.0,0.0,0.0,0.0,0.0
2,3,0.067583494,0.0,0.0,0.93241656,0.0,0.0,0.0,0.0,0.0,0.0,0.0,0.0,0.0
2,3,0.067583494,0.0,0.0,0.93241656,0.0,0.0,0.0,0.0,0.0,0.0,0.0,0.0,0.0
2,3,0.067583494,0.0,0.0,0.93241656,0.0,0.0,0.0,0.0,0.0,0.0,0.0,0.0,0.0
2,3,0.067583494,0.0,0.0,0.93241656,0.0,0.0,0.0,0.0,0.0,0.0,0.0,0.0,0.0
2,3,0.067583494,0.0,0.0,0.93241656,0.0,0.0,0.0,0.0,0.0,0.0,0.0,0.0,0.0
2,3,0.067583494,0.0,0.0,0.93241656,0.0,0.0,0.0,0.0,0.0,0.0,0.0,0.0,0.0
2,3,0.067583494,0.0,0.0,0.93241656,0.0,0.0,0.0,0.0,0.0,0.0,0.0,0.0,0.0
2,3,0.067583494,0.0,0.0,0.93241656,0.0,0.0,0.0,0.0,0.0,0.0,0.0,0.0,0.0
2,3,0.067583494,0.0,0.0,0.93241656,0.0,0.0,0.0,0.0,0.0,0.0,0.0,0.0,0.0
2,3,0.067583494,0.0,0.0,0.93241656,0.0,0.0,0.0,0.0,0.0,0.0,0.0,0.0,0.0
2,3,0.067583494,0.0,0.0,0.93241656,0.0,0.0,0.0,0.0,0.0,0.0,0.0,0.0,0.0
2,3,0.067583494,0.0,0.0,0.93241656,0.0,0.0,0.0,0.0,0.0,0.0,0.0,0.0,0.0
2,3,0.067583494,0.0,0.0,0.93241656,0.0,0.0,0.0,0.0,0.0,0.0,0.0,0.0,0.0
2,3,0.067583494,0.0,0.0,0.93241656,0.0,0.0,0.0,0.0,0.0,0.0,0.0,0.0,0.0
2,3,0.067583494,0.0,0.0,0.93241656,0.0,0.0,0.0,0.0,0.0,0.0,0.0,0.0,0.0
2,3,0.067583494,0.0,0.0,0.93241656,0.0,0.0,0.0,0.0,0.0,0.0,0.0,0.0,0.0
2,3,0.067583494,0.0,0.0,0.93241656,0.0,0.0,0.0,0.0,0.0,0.0,0.0,0.0,0.0
2,3,0.067583494,0.0,0.0,0.93241656,0.0,0.0,0.0,0.0,0.0,0.0,0.0,0.0,0.0
2,3,0.067583494,0.0,0.0,0.93241656,0.0,0.0,0.0,0.0,0.0,0.0,0.0,0.0,0.0
2,3,0.067583494,0.0,0.0,0.93241656,0.0,0.0,0.0,0.0,0.0,0.0,0.0,0.0,0.0
2,3,0.067583494,0.0,0.0,0.93241656,0.0,0.0,0.0,0.0,0.0,0.0,0.0,0.0,0.0
2,3,0.067583494,0.0,0.0,0.93241656,0.0,0.0,0.0,0.0,0.0,0.0,0.0,0.0,0.0
2,3,0.067583494,0.0,0.0,0.93241656,0.0,0.0,0.0,0.0,0.0,0.0,0.0,0.0,0.0
2,3,0.067583494,0.0,0.0,0.93241656,0.0,0.0,0.0,0.0,0.0,0.0,0.0,0.0,0.0
2,3,0.067583494,0.0,0.0,0.93241656,0.0,0.0,0.0,0.0,0.0,0.0,0.0,0.0,0.0
2,3,0.067583494,0.0,0.0,0.93241656,0.0,0.0,0.0,0.0,0.0,0.0,0.0,0.0,0.0
2,3,0.067583494,0.0,0.0,0.93241656,0.0,0.0,0.0,0.0,0.0,0.0,0.0,0.0,0.0
2,3,0.067583494,0.0,0.0,0.93241656,0.0,0.0,0.0,0.0,0.0,0.0,0.0,0.0,0.0
2,3,0.067583494,0.0,0.0,0.93241656,0.0,0.0,0.0,0.0,0.0,0.0,0.0,0.0,0.0
2,3,0.067583494,0.0,0.0,0.93241656,0.0,0.0,0.0,0.0,0.0,0.0,0.0,0.0,0.0
2,3,0.067583494,0.0,0.0,0.93241656,0.0,0.0,0.0,0.0,0.0,0.0,0.0,0.0,0.0
2,3,0.067583494,0.0,0.0,0.93241656,0.0,0.0,0.0,0.0,0.0,0.0,0.0,0.0,0.0
2,3,0.067583494,0.0,0.0,0.93241656,0.0,0.0,0.0,0.0,0.0,0.0,0.0,0.0,0.0
2,3,0.067583494,0.0,0.0,0.93241656,0.0,0.0,0.0,0.0,0.0,0.0,0.0,0.0,0.0
2,3,0.067583494,0.0,0.0,0.93241656,0.0,0.0,0.0,0.0,0.0,0.0,0.0,0.0,0.0
2,3,0.067583494,0.0,0.0,0.93241656,0.0,0.0,0.0,0.0,0.0,0.0,0.0,0.0,0.0
2,3,0.067583494,0.0,0.0,0.93241656,0.0,0.0,0.0,0.0,0.0,0.0,0.0,0.0,0.0
2,3,0.067583494,0.0,0.0,0.93241656,0.0,0.0,0.0,0.0,0.0,0.0,0.0,0.0,0.0
2,3,0.067583494,0.0,0.0,0.93241656,0.0,0.0,0.0,0.0,0.0,0.0,0.0,0.0,0.0
2,3,0.067583494,0.0,0.0,0.93241656,0.0,0.0,0.0,0.0,0.0,0.0,0.0,0.0,0.0
2,3,0.067583494,0.0,0.0,0.93241656,0.0,0.0,0.0,0.0,0.0,0.0,0.0,0.0,0.0
2,3,0.067583494,0.0,0.0,0.93241656,0.0,0.0,0.0,0.0,0.0,0.0,0.0,0.0,0.0
2,3,0.067583494,0.0,0.0,0.93241656,0.0,0.0,0.0,0.0,0.0,0.0,0.0,0.0,0.0
2,3,0.067583494,0.0,0.0,0.93241656,0.0,0.0,0.0,0.0,0.0,0.0,0.0,0.0,0.0
2,3,0.067583494,0.0,0.0,0.93241656,0.0,0.0,0.0,0.0,0.0,0.0,0.0,0.0,0.0
2,3,0.067583494,0.0,0.0,0.93241656,0.0,0.0,0.0,0.0,0.0,0.0,0.0,0.0,0.0
2,3,0.067583494,0.0,0.0,0.93241656,0.0,0.0,0.0,0.0,0.0,0.0,0.0,0.0,0.0
2,3,0.067583494,0.0,0.0,0.93241656,0.0,0.0,0.0,0.0,0.0,0.0,0.0,0.0,0.0
2,3,0.067583494,0.0,0.0,0.93241656,0.0,0.0,0.0,0.0,0.0,0.0,0.0,0.0,0.0
2,3,0.067583494,0.0,0.0,0.93241656,0.0,0.0,0.0,0.0,0.0,0.0,0.0,0.0,0.0
2,3,0.067583494,0.0,0.0,0.93241656,0.0,0.0,0.0,0.0,0.0,0.0,0.0,0.0,0.0
2,3,0.067583494,0.0,0.0,0.93241656,0.0,0.0,0.0,0.0,0.0,0.0,0.0,0.0,0.0
2,3,0.067583494,0.0,0.0,0.93241656,0.0,0.0,0.0,0.0,0.0,0.0,0.0,0.0,0.0
2,3,0.067583494,0.0,0.0,0.93241656,0.0,0.0,0.0,0.0,0.0,0.0,0.0,0.0,0.0
2,3,0.067583494,0.0,0.0,0.93241656,0.0,0.0,0.0,0.0,0.0,0.0,0.0,0.0,0.0
2,3,0.067583494,0.0,0.0,0.93241656,0.0,0.0,0.0,0.0,0.0,0.0,0.0,0.0,0.0
2,3,0.067583494,0.0,0.0,0.93241656,0.0,0.0,0.0,0.0,0.0,0.0,0.0,0.0,0.0
2,3,0.067583494,0.0,0.0,0.93241656,0.0,0.0,0.0,0.0,0.0,0.0,0.0,0.0,0.0
2,3,0.067583494,0.0,0.0,0.93241656,0.0,0.0,0.0,0.0,0.0,0.0,0.0,0.0,0.0
2,3,0.067583494,0.0,0.0,0.93241656,0.0,0.0,0.0,0.0,0.0,0.0,0.0,0.0,0.0
2,3,0.067583494,0.0,0.0,0.93241656,0.0,0.0,0.0,0.0,0.0,0.0,0.0,0.0,0.0
2,3,0.067583494,0.0,0.0,0.93241656,0.0,0.0,0.0,0.0,0.0,0.0,0.0,0.0,0.0
2,3,0.067583494,0.0,0.0,0.93241656,0.0,0.0,0.0,0.0,0.0,0.0,0.0,0.0,0.0
2,3,0.067583494,0.0,0.0,0.93241656,0.0,0.0,0.0,0.0,0.0,0.0,0.0,0.0,0.0
2,3,0.067583494,0.0,0.0,0.93241656,0.0,0.0,0.0,0.0,0.0,0.0,0.0,0.0,0.0
2,3,0.067583494,0.0,0.0,0.93241656,0.0,0.0,0.0,0.0,0.0,0.0,0.0,0.0,0.0
2,3,0.067583494,0.0,0.0,0.93241656,0.0,0.0,0.0,0.0,0.0,0.0,0.0,0.0,0.0
2,3,0.067583494,0.0,0.0,0.93241656,0.0,0.0,0.0,0.0,0.0,0.0,0.0,0.0,0.0
2,3,0.067583494,0.0,0.0,0.93241656,0.0,0.0,0.0,0.0,0.0,0.0,0.0,0.0,0.0
2,3,0.13277346,0.0,0.0,0.86722654,0.0,0.0,0.0,0.0,0.0,0.0,0.0,0.0,0.0
2,3,0.13277346,0.0,0.0,0.86722654,0.0,0.0,0.0,0.0,0.0,0.0,0.0,0.0,0.0
2,3,0.13277346,0.0,0.0,0.86722654,0.0,0.0,0.0,0.0,0.0,0.0,0.0,0.0,0.0
2,3,0.13277346,0.0,0.0,0.86722654,0.0,0.0,0.0,0.0,0.0,0.0,0.0,0.0,0.0
2,3,0.13277346,0.0,0.0,0.86722654,0.0,0.0,0.0,0.0,0.0,0.0,0.0,0.0,0.0
2,3,0.13277346,0.0,0.0,0.86722654,0.0,0.0,0.0,0.0,0.0,0.0,0.0,0.0,0.0
2,3,0.13277346,0.0,0.0,0.86722654,0.0,0.0,0.0,0.0,0.0,0.0,0.0,0.0,0.0
2,3,0.13277346,0.0,0.0,0.86722654,0.0,0.0,0.0,0.0,0.0,0.0,0.0,0.0,0.0
2,3,0.13277346,0.0,0.0,0.86722654,0.0,0.0,0.0,0.0,0.0,0.0,0.0,0.0,0.0
2,3,0.13277346,0.0,0.0,0.86722654,0.0,0.0,0.0,0.0,0.0,0.0,0.0,0.0,0.0
2,3,0.13277346,0.0,0.0,0.86722654,0.0,0.0,0.0,0.0,0.0,0.0,0.0,0.0,0.0
2,3,0.13277346,0.0,0.0,0.86722654,0.0,0.0,0.0,0.0,0.0,0.0,0.0,0.0,0.0
2,3,0.13277346,0.0,0.0,0.86722654,0.0,0.0,0.0,0.0,0.0,0.0,0.0,0.0,0.0
2,3,0.13277346,0.0,0.0,0.86722654,0.0,0.0,0.0,0.0,0.0,0.0,0.0,0.0,0.0
2,3,0.13277346,0.0,0.0,0.86722654,0.0,0.0,0.0,0.0,0.0,0.0,0.0,0.0,0.0
2,3,0.13277346,0.0,0.0,0.86722654,0.0,0.0,0.0,0.0,0.0,0.0,0.0,0.0,0.0
2,3,0.19078112,0.0,0.0,0.8092189,0.0,0.0,0.0,0.0,0.0,0.0,0.0,0.0,0.0
2,3,0.19078112,0.0,0.0,0.8092189,0.0,0.0,0.0,0.0,0.0,0.0,0.0,0.0,0.0
2,3,0.19078112,0.0,0.0,0.8092189,0.0,0.0,0.0,0.0,0.0,0.0,0.0,0.0,0.0
2,3,0.19078112,0.0,0.0,0.8092189,0.0,0.0,0.0,0.0,0.0,0.0,0.0,0.0,0.0
2,3,0.19078112,0.0,0.0,0.8092189,0.0,0.0,0.0,0.0,0.0,0.0,0.0,0.0,0.0
2,3,0.19078112,0.0,0.0,0.8092189,0.0,0.0,0.0,0.0,0.0,0.0,0.0,0.0,0.0
2,3,0.19078112,0.0,0.0,0.8092189,0.0,0.0,0.0,0.0,0.0,0.0,0.0,0.0,0.0
2,3,0.19078112,0.0,0.0,0.8092189,0.0,0.0,0.0,0.0,0.0,0.0,0.0,0.0,0.0
2,3,0.19078112,0.0,0.0,0.8092189,0.0,0.0,0.0,0.0,0.0,0.0,0.0,0.0,0.0
2,3,0.19078112,0.0,0.0,0.8092189,0.0,0.0,0.0,0.0,0.0,0.0,0.0,0.0,0.0
2,3,0.19078112,0.0,0.0,0.8092189,0.0,0.0,0.0,0.0,0.0,0.0,0.0,0.0,0.0
2,3,0.19078112,0.0,0.0,0.8092189,0.0,0.0,0.0,0.0,0.0,0.0,0.0,0.0,0.0
2,3,0.19078112,0.0,0.0,0.8092189,0.0,0.0,0.0,0.0,0.0,0.0,0.0,0.0,0.0
2,3,0.19078112,0.0,0.0,0.8092189,0.0,0.0,0.0,0.0,0.0,0.0,0.0,0.0,0.0
2,3,0.19078112,0.0,0.0,0.8092189,0.0,0.0,0.0,0.0,0.0,0.0,0.0,0.0,0.0
2,3,0.19078112,0.0,0.0,0.8092189,0.0,0.0,0.0,0.0,0.0,0.0,0.0,0.0,0.0
2,3,0.19078112,0.0,0.0,0.8092189,0.0,0.0,0.0,0.0,0.0,0.0,0.0,0.0,0.0
2,3,0.19078112,0.0,0.0,0.8092189,0.0,0.0,0.0,0.0,0.0,0.0,0.0,0.0,0.0
2,3,0.19078112,0.0,0.0,0.8092189,0.0,0.0,0.0,0.0,0.0,0.0,0.0,0.0,0.0
2,3,0.19078112,0.0,0.0,0.8092189,0.0,0.0,0.0,0.0,0.0,0.0,0.0,0.0,0.0
2,3,0.19078112,0.0,0.0,0.8092189,0.0,0.0,0.0,0.0,0.0,0.0,0.0,0.0,0.0
2,3,0.19078112,0.0,0.0,0.8092189,0.0,0.0,0.0,0.0,0.0,0.0,0.0,0.0,0.0
2,3,0.19078112,0.0,0.0,0.8092189,0.0,0.0,0.0,0.0,0.0,0.0,0.0,0.0,0.0
2,3,0.19078112,0.0,0.0,0.8092189,0.0,0.0,0.0,0.0,0.0,0.0,0.0,0.0,0.0
2,3,0.19078112,0.0,0.0,0.8092189,0.0,0.0,0.0,0.0,0.0,0.0,0.0,0.0,0.0
2,3,0.19078112,0.0,0.0,0.8092189,0.0,0.0,0.0,0.0,0.0,0.0,0.0,0.0,0.0
2,3,0.19078112,0.0,0.0,0.8092189,0.0,0.0,0.0,0.0,0.0,0.0,0.0,0.0,0.0
2,3,0.19078112,0.0,0.0,0.8092189,0.0,0.0,0.0,0.0,0.0,0.0,0.0,0.0,0.0
2,3,0.19078112,0.0,0.0,0.8092189,0.0,0.0,0.0,0.0,0.0,0.0,0.0,0.0,0.0
2,3,0.19078112,0.0,0.0,0.8092189,0.0,0.0,0.0,0.0,0.0,0.0,0.0,0.0,0.0
2,3,0.19078112,0.0,0.0,0.8092189,0.0,0.0,0.0,0.0,0.0,0.0,0.0,0.0,0.0
2,3,0.19078112,0.0,0.0,0.8092189,0.0,0.0,0.0,0.0,0.0,0.0,0.0,0.0,0.0
2,3,0.19078112,0.0,0.0,0.8092189,0.0,0.0,0.0,0.0,0.0,0.0,0.0,0.0,0.0
2,3,0.19078112,0.0,0.0,0.8092189,0.0,0.0,0.0,0.0,0.0,0.0,0.0,0.0,0.0
2,3,0.19078112,0.0,0.0,0.8092189,0.0,0.0,0.0,0.0,0.0,0.0,0.0,0.0,0.0
2,3,0.19078112,0.0,0.0,0.8092189,0.0,0.0,0.0,0.0,0.0,0.0,0.0,0.0,0.0
2,3,0.19078112,0.0,0.0,0.8092189,0.0,0.0,0.0,0.0,0.0,0.0,0.0,0.0,0.0
2,3,0.19078112,0.0,0.0,0.8092189,0.0,0.0,0.0,0.0,0.0,0.0,0.0,0.0,0.0
2,3,0.19078112,0.0,0.0,0.8092189,0.0,0.0,0.0,0.0,0.0,0.0,0.0,0.0,0.0
2,3,0.19078112,0.0,0.0,0.8092189,0.0,0.0,0.0,0.0,0.0,0.0,0.0,0.0,0.0
2,3,0.19078112,0.0,0.0,0.8092189,0.0,0.0,0.0,0.0,0.0,0.0,0.0,0.0,0.0
2,3,0.19078112,0.0,0.0,0.8092189,0.0,0.0,0.0,0.0,0.0,0.0,0.0,0.0,0.0
2,3,0.19078112,0.0,0.0,0.8092189,0.0,0.0,0.0,0.0,0.0,0.0,0.0,0.0,0.0
2,3,0.19078112,0.0,0.0,0.8092189,0.0,0.0,0.0,0.0,0.0,0.0,0.0,0.0,0.0
2,3,0.19078112,0.0,0.0,0.8092189,0.0,0.0,0.0,0.0,0.0,0.0,0.0,0.0,0.0
2,3,0.19078112,0.0,0.0,0.8092189,0.0,0.0,0.0,0.0,0.0,0.0,0.0,0.0,0.0
2,3,0.19078112,0.0,0.0,0.8092189,0.0,0.0,0.0,0.0,0.0,0.0,0.0,0.0,0.0
2,3,0.19078112,0.0,0.0,0.8092189,0.0,0.0,0.0,0.0,0.0,0.0,0.0,0.0,0.0
2,3,0.19078112,0.0,0.0,0.8092189,0.0,0.0,0.0,0.0,0.0,0.0,0.0,0.0,0.0
2,3,0.19078112,0.0,0.0,0.8092189,0.0,0.0,0.0,0.0,0.0,0.0,0.0,0.0,0.0
2,3,0.19078112,0.0,0.0,0.8092189,0.0,0.0,0.0,0.0,0.0,0.0,0.0,0.0,0.0
2,3,0.19078112,0.0,0.0,0.8092189,0.0,0.0,0.0,0.0,0.0,0.0,0.0,0.0,0.0
2,3,0.19078112,0.0,0.0,0.8092189,0.0,0.0,0.0,0.0,0.0,0.0,0.0,0.0,0.0
2,3,0.19078112,0.0,0.0,0.8092189,0.0,0.0,0.0,0.0,0.0,0.0,0.0,0.0,0.0
2,3,0.19078112,0.0,0.0,0.8092189,0.0,0.0,0.0,0.0,0.0,0.0,0.0,0.0,0.0
2,3,0.19078112,0.0,0.0,0.8092189,0.0,0.0,0.0,0.0,0.0,0.0,0.0,0.0,0.0
2,3,0.19078112,0.0,0.0,0.8092189,0.0,0.0,0.0,0.0,0.0,0.0,0.0,0.0,0.0
2,3,0.19078112,0.0,0.0,0.8092189,0.0,0.0,0.0,0.0,0.0,0.0,0.0,0.0,0.0
2,3,0.19078112,0.0,0.0,0.8092189,0.0,0.0,0.0,0.0,0.0,0.0,0.0,0.0,0.0
2,3,0.19078112,0.0,0.0,0.8092189,0.0,0.0,0.0,0.0,0.0,0.0,0.0,0.0,0.0
2,3,0.19078112,0.0,0.0,0.8092189,0.0,0.0,0.0,0.0,0.0,0.0,0.0,0.0,0.0
2,3,0.19078112,0.0,0.0,0.8092189,0.0,0.0,0.0,0.0,0.0,0.0,0.0,0.0,0.0
2,3,0.19078112,0.0,0.0,0.8092189,0.0,0.0,0.0,0.0,0.0,0.0,0.0,0.0,0.0
2,3,0.19078112,0.0,0.0,0.8092189,0.0,0.0,0.0,0.0,0.0,0.0,0.0,0.0,0.0
2,3,0.26159102,0.0,0.056429595,0.6819794,0.0,0.0,0.0,0.0,0.0,0.0,0.0,0.0,0.0
2,3,0.26159102,0.0,0.056429595,0.6819794,0.0,0.0,0.0,0.0,0.0,0.0,0.0,0.0,0.0
2,3,0.26159102,0.0,0.056429595,0.6819794,0.0,0.0,0.0,0.0,0.0,0.0,0.0,0.0,0.0
2,3,0.26159102,0.0,0.056429595,0.6819794,0.0,0.0,0.0,0.0,0.0,0.0,0.0,0.0,0.0
2,3,0.26159102,0.0,0.056429595,0.6819794,0.0,0.0,0.0,0.0,0.0,0.0,0.0,0.0,0.0
2,3,0.26159102,0.0,0.056429595,0.6819794,0.0,0.0,0.0,0.0,0.0,0.0,0.0,0.0,0.0
2,3,0.26159102,0.0,0.056429595,0.6819794,0.0,0.0,0.0,0.0,0.0,0.0,0.0,0.0,0.0
2,3,0.26159102,0.0,0.056429595,0.6819794,0.0,0.0,0.0,0.0,0.0,0.0,0.0,0.0,0.0
2,3,0.26159102,0.0,0.056429595,0.6819794,0.0,0.0,0.0,0.0,0.0,0.0,0.0,0.0,0.0
2,3,0.26159102,0.0,0.056429595,0.6819794,0.0,0.0,0.0,0.0,0.0,0.0,0.0,0.0,0.0
2,3,0.26159102,0.0,0.056429595,0.6819794,0.0,0.0,0.0,0.0,0.0,0.0,0.0,0.0,0.0
2,3,0.26159102,0.0,0.056429595,0.6819794,0.0,0.0,0.0,0.0,0.0,0.0,0.0,0.0,0.0
2,3,0.26159102,0.0,0.056429595,0.6819794,0.0,0.0,0.0,0.0,0.0,0.0,0.0,0.0,0.0
2,3,0.26159102,0.0,0.056429595,0.6819794,0.0,0.0,0.0,0.0,0.0,0.0,0.0,0.0,0.0
2,3,0.26159102,0.0,0.056429595,0.6819794,0.0,0.0,0.0,0.0,0.0,0.0,0.0,0.0,0.0
2,3,0.26159102,0.0,0.056429595,0.6819794,0.0,0.0,0.0,0.0,0.0,0.0,0.0,0.0,0.0
3,3,0.32334352,0.0,0.0564296,0.6202269,0.0,0.0,0.0,0.0,0.0,0.0,0.0,0.0,0.0
3,3,0.32334352,0.0,0.0564296,0.6202269,0.0,0.0,0.0,0.0,0.0,0.0,0.0,0.0,0.0
3,3,0.32334352,0.0,0.0564296,0.6202269,0.0,0.0,0.0,0.0,0.0,0.0,0.0,0.0,0.0
3,3,0.32334352,0.0,0.0564296,0.6202269,0.0,0.0,0.0,0.0,0.0,0.0,0.0,0.0,0.0
3,3,0.32334352,0.0,0.0564296,0.6202269,0.0,0.0,0.0,0.0,0.0,0.0,0.0,0.0,0.0
3,3,0.32334352,0.0,0.0564296,0.6202269,0.0,0.0,0.0,0.0,0.0,0.0,0.0,0.0,0.0
3,3,0.32334352,0.0,0.0564296,0.6202269,0.0,0.0,0.0,0.0,0.0,0.0,0.0,0.0,0.0
3,3,0.32334352,0.0,0.0564296,0.6202269,0.0,0.0,0.0,0.0,0.0,0.0,0.0,0.0,0.0
3,3,0.32334352,0.0,0.0564296,0.6202269,0.0,0.0,0.0,0.0,0.0,0.0,0.0,0.0,0.0
3,3,0.32334352,0.0,0.0564296,0.6202269,0.0,0.0,0.0,0.0,0.0,0.0,0.0,0.0,0.0
3,3,0.32334352,0.0,0.0564296,0.6202269,0.0,0.0,0.0,0.0,0.0,0.0,0.0,0.0,0.0
3,3,0.32334352,0.0,0.0564296,0.6202269,0.0,0.0,0.0,0.0,0.0,0.0,0.0,0.0,0.0
3,3,0.32334352,0.0,0.0564296,0.6202269,0.0,0.0,0.0,0.0,0.0,0.0,0.0,0.0,0.0
3,3,0.32334352,0.0,0.0564296,0.6202269,0.0,0.0,0.0,0.0,0.0,0.0,0.0,0.0,0.0
3,3,0.32334352,0.0,0.0564296,0.6202269,0.0,0.0,0.0,0.0,0.0,0.0,0.0,0.0,0.0
3,3,0.32334352,0.0,0.0564296,0.6202269,0.0,0.0,0.0,0.0,0.0,0.0,0.0,0.0,0.0
3,3,0.32334352,0.0,0.0564296,0.6202269,0.0,0.0,0.0,0.0,0.0,0.0,0.0,0.0,0.0
3,3,0.32334352,0.0,0.0564296,0.6202269,0.0,0.0,0.0,0.0,0.0,0.0,0.0,0.0,0.0
3,3,0.32334352,0.0,0.0564296,0.6202269,0.0,0.0,0.0,0.0,0.0,0.0,0.0,0.0,0.0
3,3,0.32334352,0.0,0.0564296,0.6202269,0.0,0.0,0.0,0.0,0.0,0.0,0.0,0.0,0.0
3,3,0.32334352,0.0,0.0564296,0.6202269,0.0,0.0,0.0,0.0,0.0,0.0,0.0,0.0,0.0
3,3,0.32334352,0.0,0.0564296,0.6202269,0.0,0.0,0.0,0.0,0.0,0.0,0.0,0.0,0.0
3,3,0.32334352,0.0,0.0564296,0.6202269,0.0,0.0,0.0,0.0,0.0,0.0,0.0,0.0,0.0
3,3,0.32334352,0.0,0.0564296,0.6202269,0.0,0.0,0.0,0.0,0.0,0.0,0.0,0.0,0.0
3,3,0.32334352,0.0,0.0564296,0.6202269,0.0,0.0,0.0,0.0,0.0,0.0,0.0,0.0,0.0
3,3,0.32334352,0.0,0.0564296,0.6202269,0.0,0.0,0.0,0.0,0.0,0.0,0.0,0.0,0.0
3,3,0.38870147,0.0,0.056429595,0.554869,0.0,0.0,0.0,0.0,0.0,0.0,0.0,0.0,0.0
3,3,0.38870147,0.0,0.056429595,0.554869,0.0,0.0,0.0,0.0,0.0,0.0,0.0,0.0,0.0
3,3,0.38870147,0.0,0.056429595,0.554869,0.0,0.0,0.0,0.0,0.0,0.0,0.0,0.0,0.0
3,3,0.38870147,0.0,0.056429595,0.554869,0.0,0.0,0.0,0.0,0.0,0.0,0.0,0.0,0.0
3,3,0.38870147,0.0,0.056429595,0.554869,0.0,0.0,0.0,0.0,0.0,0.0,0.0,0.0,0.0
3,3,0.38870147,0.0,0.056429595,0.554869,0.0,0.0,0.0,0.0,0.0,0.0,0.0,0.0,0.0
3,3,0.38870147,0.0,0.056429595,0.554869,0.0,0.0,0.0,0.0,0.0,0.0,0.0,0.0,0.0
3,3,0.38870147,0.0,0.056429595,0.554869,0.0,0.0,0.0,0.0,0.0,0.0,0.0,0.0,0.0
3,3,0.3887015,0.062046513,0.0564296,0.49282247,0.0,0.0,0.0,0.0,0.0,0.0,0.0,0.0,0.0
3,3,0.3887015,0.062046513,0.0564296,0.49282247,0.0,0.0,0.0,0.0,0.0,0.0,0.0,0.0,0.0
3,3,0.3887015,0.062046513,0.0564296,0.49282247,0.0,0.0,0.0,0.0,0.0,0.0,0.0,0.0,0.0
3,3,0.3887015,0.062046513,0.0564296,0.49282247,0.0,0.0,0.0,0.0,0.0,0.0,0.0,0.0,0.0
3,3,0.3887015,0.062046513,0.0564296,0.49282247,0.0,0.0,0.0,0.0,0.0,0.0,0.0,0.0,0.0
3,3,0.3887015,0.062046513,0.0564296,0.49282247,0.0,0.0,0.0,0.0,0.0,0.0,0.0,0.0,0.0
3,3,0.3887015,0.062046513,0.0564296,0.49282247,0.0,0.0,0.0,0.0,0.0,0.0,0.0,0.0,0.0
3,3,0.3887015,0.062046513,0.0564296,0.49282247,0.0,0.0,0.0,0.0,0.0,0.0,0.0,0.0,0.0
3,3,0.3887015,0.062046513,0.0564296,0.49282247,0.0,0.0,0.0,0.0,0.0,0.0,0.0,0.0,0.0
3,3,0.3887015,0.062046513,0.0564296,0.49282247,0.0,0.0,0.0,0.0,0.0,0.0,0.0,0.0,0.0
3,3,0.38870147,0.12711014,0.056429595,0.4277588,0.0,0.0,0.0,0.0,0.0,0.0,0.0,0.0,0.0
3,3,0.38870147,0.12711014,0.056429595,0.4277588,0.0,0.0,0.0,0.0,0.0,0.0,0.0,0.0,0.0
3,3,0.38870147,0.12711014,0.056429595,0.4277588,0.0,0.0,0.0,0.0,0.0,0.0,0.0,0.0,0.0
3,3,0.38870147,0.12711014,0.056429595,0.4277588,0.0,0.0,0.0,0.0,0.0,0.0,0.0,0.0,0.0
3,0,0.44513103,0.12711012,0.0,0.42775878,0.0,0.0,0.0,0.0,0.0,0.0,0.0,0.0,0.0
3,0,0.44513103,0.12711012,0.0,0.42775878,0.0,0.0,0.0,0.0,0.0,0.0,0.0,0.0,0.0
3,0,0.5048622,0.12711012,0.0,0.3680277,0.0,0.0,0.0,0.0,0.0,0.0,0.0,0.0,0.0
3,0,0.5048622,0.12711012,0.0,0.3680277,0.0,0.0,0.0,0.0,0.0,0.0,0.0,0.0,0.0
3,0,0.5731192,0.12711014,0.0,0.2997707,0.0,0.0,0.0,0.0,0.0,0.0,0.0,0.0,0.0
3,0,0.5731192,0.12711014,0.0,0.2997707,0.0,0.0,0.0,0.0,0.0,0.0,0.0,0.0,0.0
3,0,0.5731192,0.12711014,0.0,0.2997707,0.0,0.0,0.0,0.0,0.0,0.0,0.0,0.0,0.0
3,0,0.5731192,0.12711014,0.0,0.2997707,0.0,0.0,0.0,0.0,0.0,0.0,0.0,0.0,0.0
3,0,0.5731192,0.12711014,0.0,0.2997707,0.0,0.0,0.0,0.0,0.0,0.0,0.0,0.0,0.0
3,0,0.5731192,0.12711014,0.0,0.2997707,0.0,0.0,0.0,0.0,0.0,0.0,0.0,0.0,0.0
3,0,0.5731192,0.12711014,0.0,0.2997707,0.0,0.0,0.0,0.0,0.0,0.0,0.0,0.0,0.0
3,0,0.5731192,0.12711014,0.0,0.2997707,0.0,0.0,0.0,0.0,0.0,0.0,0.0,0.0,0.0
3,0,0.5731192,0.12711014,0.0,0.2997707,0.0,0.0,0.0,0.0,0.0,0.0,0.0,0.0,0.0
3,0,0.5731192,0.12711014,0.0,0.2997707,0.0,0.0,0.0,0.0,0.0,0.0,0.0,0.0,0.0
3,0,0.5731192,0.12711014,0.0,0.2997707,0.0,0.0,0.0,0.0,0.0,0.0,0.0,0.0,0.0
3,0,0.5731192,0.12711014,0.0,0.2997707,0.0,0.0,0.0,0.0,0.0,0.0,0.0,0.0,0.0
3,0,0.5731192,0.12711014,0.0,0.2997707,0.0,0.0,0.0,0.0,0.0,0.0,0.0,0.0,0.0
3,0,0.5731192,0.12711014,0.0,0.2997707,0.0,0.0,0.0,0.0,0.0,0.0,0.0,0.0,0.0
3,0,0.5731192,0.12711014,0.0,0.2997707,0.0,0.0,0.0,0.0,0.0,0.0,0.0,0.0,0.0
3,0,0.5731192,0.12711014,0.0,0.2997707,0.0,0.0,0.0,0.0,0.0,0.0,0.0,0.0,0.0
3,0,0.5731192,0.12711014,0.0,0.2997707,0.0,0.0,0.0,0.0,0.0,0.0,0.0,0.0,0.0
3,0,0.5731192,0.12711014,0.0,0.2997707,0.0,0.0,0.0,0.0,0.0,0.0,0.0,0.0,0.0
3,0,0.5731192,0.12711014,0.0,0.2997707,0.0,0.0,0.0,0.0,0.0,0.0,0.0,0.0,0.0
3,0,0.5731192,0.12711014,0.0,0.2997707,0.0,0.0,0.0,0.0,0.0,0.0,0.0,0.0,0.0
3,0,0.63603896,0.12711014,0.0,0.23685098,0.0,0.0,0.0,0.0,0.0,0.0,0.0,0.0,0.0
3,0,0.63603896,0.12711014,0.0,0.23685098,0.0,0.0,0.0,0.0,0.0,0.0,0.0,0.0,0.0
3,0,0.63603896,0.12711014,0.0,0.23685098,0.0,0.0,0.0,0.0,0.0,0.0,0.0,0.0,0.0
3,0,0.6360389,0.18837449,0.0,0.17558658,0.0,0.0,0.0,0.0,0.0,0.0,0.0,0.0,0.0
3,0,0.6360389,0.18837449,0.0,0.17558658,0.0,0.0,0.0,0.0,0.0,0.0,0.0,0.0,0.0
3,0,0.6360389,0.18837449,0.0,0.17558658,0.0,0.0,0.0,0.0,0.0,0.0,0.0,0.0,0.0
3,0,0.6360389,0.18837449,0.0,0.17558658,0.0,0.0,0.0,0.0,0.0,0.0,0.0,0.0,0.0
3,0,0.6360389,0.18837449,0.0,0.17558658,0.0,0.0,0.0,0.0,0.0,0.0,0.0,0.0,0.0
3,0,0.6979272,0.1883745,0.0,0.1136983,0.0,0.0,0.0,0.0,0.0,0.0,0.0,0.0,0.0
3,0,0.6979272,0.1883745,0.0,0.1136983,0.0,0.0,0.0,0.0,0.0,0.0,0.0,0.0,0.0
3,0,0.6979272,0.1883745,0.0,0.1136983,0.0,0.0,0.0,0.0,0.0,0.0,0.0,0.0,0.0
3,0,0.6979272,0.1883745,0.0,0.1136983,0.0,0.0,0.0,0.0,0.0,0.0,0.0,0.0,0.0
3,0,0.6979272,0.1883745,0.0,0.1136983,0.0,0.0,0.0,0.0,0.0,0.0,0.0,0.0,0.0
3,0,0.6979272,0.1883745,0.0,0.1136983,0.0,0.0,0.0,0.0,0.0,0.0,0.0,0.0,0.0
3,0,0.6979272,0.1883745,0.0,0.1136983,0.0,0.0,0.0,0.0,0.0,0.0,0.0,0.0,0.0
3,0,0.6979272,0.1883745,0.0,0.1136983,0.0,0.0,0.0,0.0,0.0,0.0,0.0,0.0,0.0
3,0,0.6979272,0.1883745,0.0,0.1136983,0.0,0.0,0.0,0.0,0.0,0.0,0.0,0.0,0.0
3,0,0.6979272,0.1883745,0.0,0.1136983,0.0,0.0,0.0,0.0,0.0,0.0,0.0,0.0,0.0
3,0,0.6979272,0.1883745,0.0,0.1136983,0.0,0.0,0.0,0.0,0.0,0.0,0.0,0.0,0.0
3,0,0.6979272,0.1883745,0.0,0.1136983,0.0,0.0,0.0,0.0,0.0,0.0,0.0,0.0,0.0
3,0,0.6979272,0.1883745,0.0,0.1136983,0.0,0.0,0.0,0.0,0.0,0.0,0.0,0.0,0.0
3,0,0.6979272,0.1883745,0.0,0.1136983,0.0,0.0,0.0,0.0,0.0,0.0,0.0,0.0,0.0
3,0,0.6979272,0.1883745,0.0,0.1136983,0.0,0.0,0.0,0.0,0.0,0.0,0.0,0.0,0.0
3,0,0.6979272,0.1883745,0.0,0.1136983,0.0,0.0,0.0,0.0,0.0,0.0,0.0,0.0,0.0
3,0,0.6979272,0.1883745,0.0,0.1136983,0.0,0.0,0.0,0.0,0.0,0.0,0.0,0.0,0.0
3,0,0.6979272,0.1883745,0.0,0.1136983,0.0,0.0,0.0,0.0,0.0,0.0,0.0,0.0,0.0
3,0,0.6979272,0.1883745,0.0,0.1136983,0.0,0.0,0.0,0.0,0.0,0.0,0.0,0.0,0.0
3,0,0.6979272,0.1883745,0.0,0.1136983,0.0,0.0,0.0,0.0,0.0,0.0,0.0,0.0,0.0
3,0,0.6979272,0.1883745,0.0,0.1136983,0.0,0.0,0.0,0.0,0.0,0.0,0.0,0.0,0.0
3,0,0.6979272,0.1883745,0.0,0.1136983,0.0,0.0,0.0,0.0,0.0,0.0,0.0,0.0,0.0
3,0,0.6979272,0.1883745,0.0,0.1136983,0.0,0.0,0.0,0.0,0.0,0.0,0.0,0.0,0.0
3,0,0.6979272,0.1883745,0.0,0.1136983,0.0,0.0,0.0,0.0,0.0,0.0,0.0,0.0,0.0
3,0,0.6979272,0.1883745,0.0,0.1136983,0.0,0.0,0.0,0.0,0.0,0.0,0.0,0.0,0.0
3,0,0.6979272,0.1883745,0.0,0.1136983,0.0,0.0,0.0,0.0,0.0,0.0,0.0,0.0,0.0
3,0,0.6979272,0.1883745,0.0,0.1136983,0.0,0.0,0.0,0.0,0.0,0.0,0.0,0.0,0.0
3,0,0.6979272,0.1883745,0.0,0.1136983,0.0,0.0,0.0,0.0,0.0,0.0,0.0,0.0,0.0
3,0,0.6979272,0.1883745,0.0,0.1136983,0.0,0.0,0.0,0.0,0.0,0.0,0.0,0.0,0.0
3,0,0.6979272,0.1883745,0.0,0.1136983,0.0,0.0,0.0,0.0,0.0,0.0,0.0,0.0,0.0
3,0,0.6979272,0.1883745,0.0,0.1136983,0.0,0.0,0.0,0.0,0.0,0.0,0.0,0.0,0.0
3,0,0.6979272,0.1883745,0.0,0.1136983,0.0,0.0,0.0,0.0,0.0,0.0,0.0,0.0,0.0
3,0,0.6979272,0.24527581,0.0,0.056797005,0.0,0.0,0.0,0.0,0.0,0.0,0.0,0.0,0.0
3,0,0.6979272,0.24527581,0.0,0.056797005,0.0,0.0,0.0,0.0,0.0,0.0,0.0,0.0,0.0
3,0,0.6979272,0.24527581,0.0,0.056797005,0.0,0.0,0.0,0.0,0.0,0.0,0.0,0.0,0.0
3,0,0.6979272,0.24527581,0.0,0.056797005,0.0,0.0,0.0,0.0,0.0,0.0,0.0,0.0,0.0
3,0,0.6979272,0.24527581,0.0,0.056797005,0.0,0.0,0.0,0.0,0.0,0.0,0.0,0.0,0.0
3,0,0.6979272,0.24527581,0.0,0.056797005,0.0,0.0,0.0,0.0,0.0,0.0,0.0,0.0,0.0
3,0,0.6979272,0.24527581,0.0,0.056797005,0.0,0.0,0.0,0.0,0.0,0.0,0.0,0.0,0.0
3,0,0.6979272,0.24527581,0.0,0.056797005,0.0,0.0,0.0,0.0,0.0,0.0,0.0,0.0,0.0
3,0,0.6979272,0.24527581,0.0,0.056797005,0.0,0.0,0.0,0.0,0.0,0.0,0.0,0.0,0.0
3,0,0.6979272,0.24527581,0.0,0.056797005,0.0,0.0,0.0,0.0,0.0,0.0,0.0,0.0,0.0
3,0,0.6979272,0.24527581,0.0,0.056797005,0.0,0.0,0.0,0.0,0.0,0.0,0.0,0.0,0.0
3,0,0.6979272,0.24527581,0.0,0.056797005,0.0,0.0,0.0,0.0,0.0,0.0,0.0,0.0,0.0
3,0,0.6979272,0.24527581,0.0,0.056797005,0.0,0.0,0.0,0.0,0.0,0.0,0.0,0.0,0.0
3,0,0.6979272,0.24527581,0.0,0.056797005,0.0,0.0,0.0,0.0,0.0,0.0,0.0,0.0,0.0
3,0,0.6979272,0.24527581,0.0,0.056797005,0.0,0.0,0.0,0.0,0.0,0.0,0.0,0.0,0.0
3,0,0.6979272,0.24527581,0.0,0.056797005,0.0,0.0,0.0,0.0,0.0,0.0,0.0,0.0,0.0
3,0,0.6979272,0.24527581,0.0,0.056797005,0.0,0.0,0.0,0.0,0.0,0.0,0.0,0.0,0.0
3,0,0.6979272,0.24527581,0.0,0.056797005,0.0,0.0,0.0,0.0,0.0,0.0,0.0,0.0,0.0
3,0,0.6979272,0.24527581,0.0,0.056797005,0.0,0.0,0.0,0.0,0.0,0.0,0.0,0.0,0.0
3,0,0.6979272,0.24527581,0.0,0.056797005,0.0,0.0,0.0,0.0,0.0,0.0,0.0,0.0,0.0
3,0,0.6979272,0.24527581,0.0,0.056797005,0.0,0.0,0.0,0.0,0.0,0.0,0.0,0.0,0.0
3,0,0.6979272,0.24527581,0.0,0.056797005,0.0,0.0,0.0,0.0,0.0,0.0,0.0,0.0,0.0
3,0,0.6979272,0.24527581,0.0,0.056797005,0.0,0.0,0.0,0.0,0.0,0.0,0.0,0.0,0.0
3,0,0.6979272,0.24527581,0.0,0.056797005,0.0,0.0,0.0,0.0,0.0,0.0,0.0,0.0,0.0
3,0,0.6979272,0.24527581,0.0,0.056797005,0.0,0.0,0.0,0.0,0.0,0.0,0.0,0.0,0.0
3,0,0.6979272,0.24527581,0.0,0.056797005,0.0,0.0,0.0,0.0,0.0,0.0,0.0,0.0,0.0
3,0,0.6979272,0.24527581,0.0,0.056797005,0.0,0.0,0.0,0.0,0.0,0.0,0.0,0.0,0.0
3,0,0.6979272,0.24527581,0.0,0.056797005,0.0,0.0,0.0,0.0,0.0,0.0,0.0,0.0,0.0
3,0,0.6979272,0.24527581,0.0,0.056797005,0.0,0.0,0.0,0.0,0.0,0.0,0.0,0.0,0.0
3,0,0.6979272,0.24527581,0.0,0.056797005,0.0,0.0,0.0,0.0,0.0,0.0,0.0,0.0,0.0
3,0,0.6979272,0.24527581,0.0,0.056797005,0.0,0.0,0.0,0.0,0.0,0.0,0.0,0.0,0.0
3,0,0.6979272,0.24527581,0.0,0.056797005,0.0,0.0,0.0,0.0,0.0,0.0,0.0,0.0,0.0
3,0,0.6979272,0.24527581,0.0,0.056797005,0.0,0.0,0.0,0.0,0.0,0.0,0.0,0.0,0.0
3,0,0.6979272,0.24527581,0.0,0.056797005,0.0,0.0,0.0,0.0,0.0,0.0,0.0,0.0,0.0
3,0,0.6979272,0.24527581,0.0,0.056797005,0.0,0.0,0.0,0.0,0.0,0.0,0.0,0.0,0.0
3,0,0.6979272,0.24527581,0.0,0.056797005,0.0,0.0,0.0,0.0,0.0,0.0,0.0,0.0,0.0
3,0,0.6979272,0.24527581,0.0,0.056797005,0.0,0.0,0.0,0.0,0.0,0.0,0.0,0.0,0.0
3,0,0.6979272,0.24527581,0.0,0.056797005,0.0,0.0,0.0,0.0,0.0,0.0,0.0,0.0,0.0
3,0,0.6979272,0.24527581,0.0,0.056797005,0.0,0.0,0.0,0.0,0.0,0.0,0.0,0.0,0.0
3,0,0.6979272,0.24527581,0.0,0.056797005,0.0,0.0,0.0,0.0,0.0,0.0,0.0,0.0,0.0
3,0,0.6979272,0.24527581,0.0,0.056797005,0.0,0.0,0.0,0.0,0.0,0.0,0.0,0.0,0.0
3,0,0.6979272,0.24527581,0.0,0.056797005,0.0,0.0,0.0,0.0,0.0,0.0,0.0,0.0,0.0
3,0,0.6979272,0.24527581,0.0,0.056797005,0.0,0.0,0.0,0.0,0.0,0.0,0.0,0.0,0.0
3,0,0.6979272,0.24527581,0.0,0.056797005,0.0,0.0,0.0,0.0,0.0,0.0,0.0,0.0,0.0
3,0,0.6979272,0.24527581,0.0,0.056797005,0.0,0.0,0.0,0.0,0.0,0.0,0.0,0.0,0.0
3,0,0.6979272,0.24527581,0.0,0.056797005,0.0,0.0,0.0,0.0,0.0,0.0,0.0,0.0,0.0
3,0,0.6979272,0.24527581,0.0,0.056797005,0.0,0.0,0.0,0.0,0.0,0.0,0.0,0.0,0.0
3,0,0.6979272,0.24527581,0.0,0.056797005,0.0,0.0,0.0,0.0,0.0,0.0,0.0,0.0,0.0
3,0,0.6979272,0.24527581,0.0,0.056797005,0.0,0.0,0.0,0.0,0.0,0.0,0.0,0.0,0.0
3,0,0.6979272,0.24527581,0.0,0.056797005,0.0,0.0,0.0,0.0,0.0,0.0,0.0,0.0,0.0
3,0,0.63256925,0.31063378,0.0,0.056797005,0.0,0.0,0.0,0.0,0.0,0.0,0.0,0.0,0.0
3,0,0.63256925,0.31063378,0.0,0.056797005,0.0,0.0,0.0,0.0,0.0,0.0,0.0,0.0,0.0
3,0,0.63256925,0.31063378,0.0,0.056797005,0.0,0.0,0.0,0.0,0.0,0.0,0.0,0.0,0.0
3,0,0.63256925,0.31063378,0.0,0.056797005,0.0,0.0,0.0,0.0,0.0,0.0,0.0,0.0,0.0
3,0,0.63256925,0.31063378,0.0,0.056797005,0.0,0.0,0.0,0.0,0.0,0.0,0.0,0.0,0.0
3,0,0.63256925,0.31063378,0.0,0.056797005,0.0,0.0,0.0,0.0,0.0,0.0,0.0,0.0,0.0
3,0,0.63256925,0.31063378,0.0,0.056797005,0.0,0.0,0.0,0.0,0.0,0.0,0.0,0.0,0.0
3,0,0.63256925,0.31063378,0.0,0.056797005,0.0,0.0,0.0,0.0,0.0,0.0,0.0,0.0,0.0
3,0,0.63256925,0.31063378,0.0,0.056797005,0.0,0.0,0.0,0.0,0.0,0.0,0.0,0.0,0.0
3,0,0.63256925,0.31063378,0.0,0.056797005,0.0,0.0,0.0,0.0,0.0,0.0,0.0,0.0,0.0
3,0,0.63256925,0.31063378,0.0,0.056797005,0.0,0.0,0.0,0.0,0.0,0.0,0.0,0.0,0.0
3,0,0.63256925,0.31063378,0.0,0.056797005,0.0,0.0,0.0,0.0,0.0,0.0,0.0,0.0,0.0
3,0,0.63256925,0.31063378,0.0,0.056797005,0.0,0.0,0.0,0.0,0.0,0.0,0.0,0.0,0.0
3,0,0.63256925,0.31063378,0.0,0.056797005,0.0,0.0,0.0,0.0,0.0,0.0,0.0,0.0,0.0
3,0,0.63256925,0.31063378,0.0,0.056797005,0.0,0.0,0.0,0.0,0.0,0.0,0.0,0.0,0.0
3,0,0.63256925,0.31063378,0.0,0.056797005,0.0,0.0,0.0,0.0,0.0,0.0,0.0,0.0,0.0
3,0,0.63256925,0.31063378,0.0,0.056797005,0.0,0.0,0.0,0.0,0.0,0.0,0.0,0.0,0.0
3,0,0.63256925,0.31063378,0.0,0.056797005,0.0,0.0,0.0,0.0,0.0,0.0,0.0,0.0,0.0
3,0,0.63256925,0.31063378,0.0,0.056797005,0.0,0.0,0.0,0.0,0.0,0.0,0.0,0.0,0.0
3,0,0.63256925,0.31063378,0.0,0.056797005,0.0,0.0,0.0,0.0,0.0,0.0,0.0,0.0,0.0
3,0,0.63256925,0.31063378,0.0,0.056797005,0.0,0.0,0.0,0.0,0.0,0.0,0.0,0.0,0.0
3,0,0.63256925,0.31063378,0.0,0.056797005,0.0,0.0,0.0,0.0,0.0,0.0,0.0,0.0,0.0
3,0,0.63256925,0.31063378,0.0,0.056797005,0.0,0.0,0.0,0.0,0.0,0.0,0.0,0.0,0.0
3,0,0.63256925,0.31063378,0.0,0.056797005,0.0,0.0,0.0,0.0,0.0,0.0,0.0,0.0,0.0
3,0,0.63256925,0.31063378,0.0,0.056797005,0.0,0.0,0.0,0.0,0.0,0.0,0.0,0.0,0.0
3,0,0.63256925,0.31063378,0.0,0.056797005,0.0,0.0,0.0,0.0,0.0,0.0,0.0,0.0,0.0
3,0,0.63256925,0.31063378,0.0,0.056797005,0.0,0.0,0.0,0.0,0.0,0.0,0.0,0.0,0.0
3,0,0.63256925,0.31063378,0.0,0.056797005,0.0,0.0,0.0,0.0,0.0,0.0,0.0,0.0,0.0
3,0,0.63256925,0.31063378,0.0,0.056797005,0.0,0.0,0.0,0.0,0.0,0.0,0.0,0.0,0.0
3,0,0.63256925,0.31063378,0.0,0.056797005,0.0,0.0,0.0,0.0,0.0,0.0,0.0,0.0,0.0
3,0,0.63256925,0.31063378,0.0,0.056797005,0.0,0.0,0.0,0.0,0.0,0.0,0.0,0.0,0.0
3,0,0.63256925,0.31063378,0.0,0.056797005,0.0,0.0,0.0,0.0,0.0,0.0,0.0,0.0,0.0
3,0,0.63256925,0.31063378,0.0,0.056797005,0.0,0.0,0.0,0.0,0.0,0.0,0.0,0.0,0.0
3,0,0.63256925,0.31063378,0.0,0.056797005,0.0,0.0,0.0,0.0,0.0,0.0,0.0,0.0,0.0
3,0,0.63256925,0.31063378,0.0,0.056797005,0.0,0.0,0.0,0.0,0.0,0.0,0.0,0.0,0.0
3,0,0.63256925,0.31063378,0.0,0.056797005,0.0,0.0,0.0,0.0,0.0,0.0,0.0,0.0,0.0
3,0,0.63256925,0.31063378,0.0,0.056797005,0.0,0.0,0.0,0.0,0.0,0.0,0.0,0.0,0.0
3,0,0.63256925,0.31063378,0.0,0.056797005,0.0,0.0,0.0,0.0,0.0,0.0,0.0,0.0,0.0
3,0,0.63256925,0.31063378,0.0,0.056797005,0.0,0.0,0.0,0.0,0.0,0.0,0.0,0.0,0.0
3,0,0.63256925,0.31063378,0.0,0.056797005,0.0,0.0,0.0,0.0,0.0,0.0,0.0,0.0,0.0
3,0,0.63256925,0.31063378,0.0,0.056797005,0.0,0.0,0.0,0.0,0.0,0.0,0.0,0.0,0.0
3,0,0.63256925,0.31063378,0.0,0.056797005,0.0,0.0,0.0,0.0,0.0,0.0,0.0,0.0,0.0
3,0,0.63256925,0.31063378,0.0,0.056797005,0.0,0.0,0.0,0.0,0.0,0.0,0.0,0.0,0.0
3,0,0.63256925,0.31063378,0.0,0.056797005,0.0,0.0,0.0,0.0,0.0,0.0,0.0,0.0,0.0
3,0,0.63256925,0.31063378,0.0,0.056797005,0.0,0.0,0.0,0.0,0.0,0.0,0.0,0.0,0.0
3,0,0.63256925,0.31063378,0.0,0.056797005,0.0,0.0,0.0,0.0,0.0,0.0,0.0,0.0,0.0
3,0,0.63256925,0.31063378,0.0,0.056797005,0.0,0.0,0.0,0.0,0.0,0.0,0.0,0.0,0.0
3,0,0.63256925,0.31063378,0.0,0.056797005,0.0,0.0,0.0,0.0,0.0,0.0,0.0,0.0,0.0
3,0,0.63256925,0.31063378,0.0,0.056797005,0.0,0.0,0.0,0.0,0.0,0.0,0.0,0.0,0.0
3,0,0.63256925,0.31063378,0.0,0.056797005,0.0,0.0,0.0,0.0,0.0,0.0,0.0,0.0,0.0
3,0,0.63256925,0.31063378,0.0,0.056797005,0.0,0.0,0.0,0.0,0.0,0.0,0.0,0.0,0.0
3,0,0.63256925,0.31063378,0.0,0.056797005,0.0,0.0,0.0,0.0,0.0,0.0,0.0,0.0,0.0
3,0,0.63256925,0.31063378,0.0,0.056797005,0.0,0.0,0.0,0.0,0.0,0.0,0.0,0.0,0.0
3,0,0.63256925,0.31063378,0.0,0.056797005,0.0,0.0,0.0,0.0,0.0,0.0,0.0,0.0,0.0
3,0,0.63256925,0.31063378,0.0,0.056797005,0.0,0.0,0.0,0.0,0.0,0.0,0.0,0.0,0.0
3,0,0.63256925,0.31063378,0.0,0.056797005,0.0,0.0,0.0,0.0,0.0,0.0,0.0,0.0,0.0
3,0,0.63256925,0.31063378,0.0,0.056797005,0.0,0.0,0.0,0.0,0.0,0.0,0.0,0.0,0.0
3,0,0.63256925,0.31063378,0.0,0.056797005,0.0,0.0,0.0,0.0,0.0,0.0,0.0,0.0,0.0
3,0,0.63256925,0.31063378,0.0,0.056797005,0.0,0.0,0.0,0.0,0.0,0.0,0.0,0.0,0.0
3,0,0.63256925,0.31063378,0.0,0.056797005,0.0,0.0,0.0,0.0,0.0,0.0,0.0,0.0,0.0
3,0,0.63256925,0.31063378,0.0,0.056797005,0.0,0.0,0.0,0.0,0.0,0.0,0.0,0.0,0.0
3,0,0.63256925,0.31063378,0.0,0.056797005,0.0,0.0,0.0,0.0,0.0,0.0,0.0,0.0,0.0
3,0,0.63256925,0.31063378,0.0,0.056797005,0.0,0.0,0.0,0.0,0.0,0.0,0.0,0.0,0.0
3,0,0.63256925,0.31063378,0.0,0.056797005,0.0,0.0,0.0,0.0,0.0,0.0,0.0,0.0,0.0
3,0,0.63256925,0.31063378,0.0,0.056797005,0.0,0.0,0.0,0.0,0.0,0.0,0.0,0.0,0.0
3,0,0.63256925,0.31063378,0.0,0.056797005,0.0,0.0,0.0,0.0,0.0,0.0,0.0,0.0,0.0
3,0,0.63256925,0.31063378,0.0,0.056797005,0.0,0.0,0.0,0.0,0.0,0.0,0.0,0.0,0.0
3,0,0.63256925,0.31063378,0.0,0.056797005,0.0,0.0,0.0,0.0,0.0,0.0,0.0,0.0,0.0
3,0,0.63256925,0.31063378,0.0,0.056797005,0.0,0.0,0.0,0.0,0.0,0.0,0.0,0.0,0.0
3,0,0.63256925,0.31063378,0.0,0.056797005,0.0,0.0,0.0,0.0,0.0,0.0,0.0,0.0,0.0
3,0,0.63256925,0.31063378,0.0,0.056797005,0.0,0.0,0.0,0.0,0.0,0.0,0.0,0.0,0.0
3,0,0.63256925,0.31063378,0.0,0.056797005,0.0,0.0,0.0,0.0,0.0,0.0,0.0,0.0,0.0
3,0,0.63256925,0.31063378,0.0,0.056797005,0.0,0.0,0.0,0.0,0.0,0.0,0.0,0.0,0.0
3,0,0.63256925,0.31063378,0.0,0.056797005,0.0,0.0,0.0,0.0,0.0,0.0,0.0,0.0,0.0
3,0,0.63256925,0.31063378,0.0,0.056797005,0.0,0.0,0.0,0.0,0.0,0.0,0.0,0.0,0.0
3,0,0.63256925,0.31063378,0.0,0.056797005,0.0,0.0,0.0,0.0,0.0,0.0,0.0,0.0,0.0
3,0,0.63256925,0.31063378,0.0,0.056797005,0.0,0.0,0.0,0.0,0.0,0.0,0.0,0.0,0.0
3,0,0.63256925,0.31063378,0.0,0.056797005,0.0,0.0,0.0,0.0,0.0,0.0,0.0,0.0,0.0
3,0,0.5037517,0.38144365,0.0,0.056797,0.05800764,0.0,0.0,0.0,0.0,0.0,0.0,0.0,0.0
3,0,0.5037517,0.38144365,0.0,0.056797,0.05800764,0.0,0.0,0.0,0.0,0.0,0.0,0.0,0.0
3,0,0.5037517,0.38144365,0.0,0.056797,0.05800764,0.0,0.0,0.0,0.0,0.0,0.0,0.0,0.0
3,0,0.5037517,0.38144365,0.0,0.056797,0.05800764,0.0,0.0,0.0,0.0,0.0,0.0,0.0,0.0
3,0,0.5037517,0.38144365,0.0,0.056797,0.05800764,0.0,0.0,0.0,0.0,0.0,0.0,0.0,0.0
3,0,0.5037517,0.38144365,0.0,0.056797,0.05800764,0.0,0.0,0.0,0.0,0.0,0.0,0.0,0.0
3,0,0.5037517,0.38144365,0.0,0.056797,0.05800764,0.0,0.0,0.0,0.0,0.0,0.0,0.0,0.0
3,0,0.5037517,0.38144365,0.0,0.056797,0.05800764,0.0,0.0,0.0,0.0,0.0,0.0,0.0,0.0
3,0,0.5037517,0.38144365,0.0,0.056797,0.05800764,0.0,0.0,0.0,0.0,0.0,0.0,0.0,0.0
3,0,0.5037517,0.38144365,0.0,0.056797,0.05800764,0.0,0.0,0.0,0.0,0.0,0.0,0.0,0.0
3,0,0.5037517,0.38144365,0.0,0.056797,0.05800764,0.0,0.0,0.0,0.0,0.0,0.0,0.0,0.0
3,0,0.5037517,0.38144365,0.0,0.056797,0.05800764,0.0,0.0,0.0,0.0,0.0,0.0,0.0,0.0
3,0,0.5037517,0.38144365,0.0,0.056797,0.05800764,0.0,0.0,0.0,0.0,0.0,0.0,0.0,0.0
3,0,0.5037517,0.38144365,0.0,0.056797,0.05800764,0.0,0.0,0.0,0.0,0.0,0.0,0.0,0.0
3,0,0.5037517,0.38144365,0.0,0.056797,0.05800764,0.0,0.0,0.0,0.0,0.0,0.0,0.0,0.0
3,0,0.5037517,0.38144365,0.0,0.056797,0.05800764,0.0,0.0,0.0,0.0,0.0,0.0,0.0,0.0
3,0,0.5037517,0.38144365,0.0,0.056797,0.05800764,0.0,0.0,0.0,0.0,0.0,0.0,0.0,0.0
3,0,0.5037517,0.38144365,0.0,0.056797,0.05800764,0.0,0.0,0.0,0.0,0.0,0.0,0.0,0.0
3,0,0.5037517,0.38144365,0.0,0.056797,0.05800764,0.0,0.0,0.0,0.0,0.0,0.0,0.0,0.0
3,0,0.5037517,0.38144365,0.0,0.056797,0.05800764,0.0,0.0,0.0,0.0,0.0,0.0,0.0,0.0
3,0,0.5037517,0.38144365,0.0,0.056797,0.05800764,0.0,0.0,0.0,0.0,0.0,0.0,0.0,0.0
3,0,0.5037517,0.38144365,0.0,0.056797,0.05800764,0.0,0.0,0.0,0.0,0.0,0.0,0.0,0.0
3,0,0.5037517,0.38144365,0.0,0.056797,0.05800764,0.0,0.0,0.0,0.0,0.0,0.0,0.0,0.0
3,0,0.5037517,0.38144365,0.0,0.056797,0.05800764,0.0,0.0,0.0,0.0,0.0,0.0,0.0,0.0
3,0,0.5037517,0.38144365,0.0,0.056797,0.05800764,0.0,0.0,0.0,0.0,0.0,0.0,0.0,0.0
3,0,0.5037517,0.38144365,0.0,0.056797,0.05800764,0.0,0.0,0.0,0.0,0.0,0.0,0.0,0.0
3,0,0.5037517,0.38144365,0.0,0.056797,0.05800764,0.0,0.0,0.0,0.0,0.0,0.0,0.0,0.0
3,0,0.5037517,0.38144365,0.0,0.056797,0.05800764,0.0,0.0,0.0,0.0,0.0,0.0,0.0,0.0
3,0,0.50375175,0.43824065,0.0,0.0,0.058007643,0.0,0.0,0.0,0.0,0.0,0.0,0.0,0.0
3,0,0.50375175,0.43824065,0.0,0.0,0.058007643,0.0,0.0,0.0,0.0,0.0,0.0,0.0,0.0
3,0,0.50375175,0.43824065,0.0,0.0,0.058007643,0.0,0.0,0.0,0.0,0.0,0.0,0.0,0.0
3,0,0.50375175,0.43824065,0.0,0.0,0.058007643,0.0,0.0,0.0,0.0,0.0,0.0,0.0,0.0
3,0,0.50375175,0.43824065,0.0,0.0,0.058007643,0.0,0.0,0.0,0.0,0.0,0.0,0.0,0.0
3,0,0.50375175,0.43824065,0.0,0.0,0.058007643,0.0,0.0,0.0,0.0,0.0,0.0,0.0,0.0
3,0,0.50375175,0.43824065,0.0,0.0,0.058007643,0.0,0.0,0.0,0.0,0.0,0.0,0.0,0.0
3,0,0.50375175,0.43824065,0.0,0.0,0.058007643,0.0,0.0,0.0,0.0,0.0,0.0,0.0,0.0
3,0,0.50375175,0.43824065,0.0,0.0,0.058007643,0.0,0.0,0.0,0.0,0.0,0.0,0.0,0.0
3,0,0.50375175,0.43824065,0.0,0.0,0.058007643,0.0,0.0,0.0,0.0,0.0,0.0,0.0,0.0
3,0,0.50375175,0.43824065,0.0,0.0,0.058007643,0.0,0.0,0.0,0.0,0.0,0.0,0.0,0.0
3,0,0.50375175,0.43824065,0.0,0.0,0.058007643,0.0,0.0,0.0,0.0,0.0,0.0,0.0,0.0
3,0,0.50375175,0.43824065,0.0,0.0,0.058007643,0.0,0.0,0.0,0.0,0.0,0.0,0.0,0.0
3,0,0.50375175,0.43824065,0.0,0.0,0.058007643,0.0,0.0,0.0,0.0,0.0,0.0,0.0,0.0
3,1,0.43616822,0.50582415,0.0,0.0,0.05800764,0.0,0.0,0.0,0.0,0.0,0.0,0.0,0.0
3,1,0.43616822,0.50582415,0.0,0.0,0.05800764,0.0,0.0,0.0,0.0,0.0,0.0,0.0,0.0
3,1,0.43616822,0.50582415,0.0,0.0,0.05800764,0.0,0.0,0.0,0.0,0.0,0.0,0.0,0.0
3,1,0.43616822,0.50582415,0.0,0.0,0.05800764,0.0,0.0,0.0,0.0,0.0,0.0,0.0,0.0
3,1,0.43616822,0.50582415,0.0,0.0,0.05800764,0.0,0.0,0.0,0.0,0.0,0.0,0.0,0.0
3,1,0.43616822,0.50582415,0.0,0.0,0.05800764,0.0,0.0,0.0,0.0,0.0,0.0,0.0,0.0
3,1,0.43616822,0.50582415,0.0,0.0,0.05800764,0.0,0.0,0.0,0.0,0.0,0.0,0.0,0.0
3,1,0.43616822,0.50582415,0.0,0.0,0.05800764,0.0,0.0,0.0,0.0,0.0,0.0,0.0,0.0
3,1,0.43616822,0.50582415,0.0,0.0,0.05800764,0.0,0.0,0.0,0.0,0.0,0.0,0.0,0.0
3,1,0.43616822,0.50582415,0.0,0.0,0.05800764,0.0,0.0,0.0,0.0,0.0,0.0,0.0,0.0
3,1,0.43616822,0.50582415,0.0,0.0,0.05800764,0.0,0.0,0.0,0.0,0.0,0.0,0.0,0.0
3,1,0.43616822,0.50582415,0.0,0.0,0.05800764,0.0,0.0,0.0,0.0,0.0,0.0,0.0,0.0
3,1,0.43616822,0.50582415,0.0,0.0,0.05800764,0.0,0.0,0.0,0.0,0.0,0.0,0.0,0.0
3,1,0.43616822,0.50582415,0.0,0.0,0.05800764,0.0,0.0,0.0,0.0,0.0,0.0,0.0,0.0
3,1,0.43616822,0.50582415,0.0,0.0,0.05800764,0.0,0.0,0.0,0.0,0.0,0.0,0.0,0.0
3,1,0.43616822,0.50582415,0.0,0.0,0.05800764,0.0,0.0,0.0,0.0,0.0,0.0,0.0,0.0
3,1,0.43616822,0.50582415,0.0,0.0,0.05800764,0.0,0.0,0.0,0.0,0.0,0.0,0.0,0.0
3,1,0.43616822,0.50582415,0.0,0.0,0.05800764,0.0,0.0,0.0,0.0,0.0,0.0,0.0,0.0
3,1,0.43616822,0.50582415,0.0,0.0,0.05800764,0.0,0.0,0.0,0.0,0.0,0.0,0.0,0.0
3,1,0.43616822,0.50582415,0.0,0.0,0.05800764,0.0,0.0,0.0,0.0,0.0,0.0,0.0,0.0
3,1,0.43616822,0.50582415,0.0,0.0,0.05800764,0.0,0.0,0.0,0.0,0.0,0.0,0.0,0.0
3,1,0.43616822,0.50582415,0.0,0.0,0.05800764,0.0,0.0,0.0,0.0,0.0,0.0,0.0,0.0
3,1,0.43616822,0.50582415,0.0,0.0,0.05800764,0.0,0.0,0.0,0.0,0.0,0.0,0.0,0.0
3,1,0.43616822,0.50582415,0.0,0.0,0.05800764,0.0,0.0,0.0,0.0,0.0,0.0,0.0,0.0
3,1,0.43616822,0.50582415,0.0,0.0,0.05800764,0.0,0.0,0.0,0.0,0.0,0.0,0.0,0.0
3,1,0.43616822,0.50582415,0.0,0.0,0.05800764,0.0,0.0,0.0,0.0,0.0,0.0,0.0,0.0
3,1,0.43616822,0.50582415,0.0,0.0,0.05800764,0.0,0.0,0.0,0.0,0.0,0.0,0.0,0.0
3,1,0.43616822,0.50582415,0.0,0.0,0.05800764,0.0,0.0,0.0,0.0,0.0,0.0,0.0,0.0
3,1,0.43616822,0.50582415,0.0,0.0,0.05800764,0.0,0.0,0.0,0.0,0.0,0.0,0.0,0.0
3,1,0.43616822,0.50582415,0.0,0.0,0.05800764,0.0,0.0,0.0,0.0,0.0,0.0,0.0,0.0
3,1,0.43616822,0.50582415,0.0,0.0,0.05800764,0.0,0.0,0.0,0.0,0.0,0.0,0.0,0.0
3,1,0.43616822,0.50582415,0.0,0.0,0.05800764,0.0,0.0,0.0,0.0,0.0,0.0,0.0,0.0
3,1,0.43616822,0.50582415,0.0,0.0,0.05800764,0.0,0.0,0.0,0.0,0.0,0.0,0.0,0.0
3,1,0.36791125,0.5740811,0.0,0.0,0.058007643,0.0,0.0,0.0,0.0,0.0,0.0,0.0,0.0
3,1,0.36791125,0.5740811,0.0,0.0,0.058007643,0.0,0.0,0.0,0.0,0.0,0.0,0.0,0.0
3,1,0.36791125,0.5740811,0.0,0.0,0.058007643,0.0,0.0,0.0,0.0,0.0,0.0,0.0,0.0
3,1,0.36791125,0.5740811,0.0,0.0,0.058007643,0.0,0.0,0.0,0.0,0.0,0.0,0.0,0.0
3,1,0.36791125,0.5740811,0.0,0.0,0.058007643,0.0,0.0,0.0,0.0,0.0,0.0,0.0,0.0
3,1,0.36791125,0.5740811,0.0,0.0,0.058007643,0.0,0.0,0.0,0.0,0.0,0.0,0.0,0.0
3,1,0.36791125,0.5740811,0.0,0.0,0.058007643,0.0,0.0,0.0,0.0,0.0,0.0,0.0,0.0
3,1,0.36791125,0.5740811,0.0,0.0,0.058007643,0.0,0.0,0.0,0.0,0.0,0.0,0.0,0.0
3,1,0.36791125,0.5740811,0.0,0.0,0.058007643,0.0,0.0,0.0,0.0,0.0,0.0,0.0,0.0
3,1,0.36791125,0.5740811,0.0,0.0,0.058007643,0.0,0.0,0.0,0.0,0.0,0.0,0.0,0.0
3,1,0.36791125,0.5740811,0.0,0.0,0.058007643,0.0,0.0,0.0,0.0,0.0,0.0,0.0,0.0
3,1,0.36791125,0.5740811,0.0,0.0,0.058007643,0.0,0.0,0.0,0.0,0.0,0.0,0.0,0.0
3,1,0.36791125,0.5740811,0.0,0.0,0.058007643,0.0,0.0,0.0,0.0,0.0,0.0,0.0,0.0
3,1,0.36791125,0.5740811,0.0,0.0,0.058007643,0.0,0.0,0.0,0.0,0.0,0.0,0.0,0.0
3,1,0.36791125,0.5740811,0.0,0.0,0.058007643,0.0,0.0,0.0,0.0,0.0,0.0,0.0,0.0
3,1,0.36791125,0.5740811,0.0,0.0,0.058007643,0.0,0.0,0.0,0.0,0.0,0.0,0.0,0.0
3,1,0.36791125,0.5740811,0.0,0.0,0.058007643,0.0,0.0,0.0,0.0,0.0,0.0,0.0,0.0
3,1,0.36791125,0.5740811,0.0,0.0,0.058007643,0.0,0.0,0.0,0.0,0.0,0.0,0.0,0.0
3,1,0.36791125,0.5740811,0.0,0.0,0.058007643,0.0,0.0,0.0,0.0,0.0,0.0,0.0,0.0
3,1,0.36791125,0.5740811,0.0,0.0,0.058007643,0.0,0.0,0.0,0.0,0.0,0.0,0.0,0.0
3,1,0.36791125,0.5740811,0.0,0.0,0.058007643,0.0,0.0,0.0,0.0,0.0,0.0,0.0,0.0
3,1,0.36791125,0.5740811,0.0,0.0,0.058007643,0.0,0.0,0.0,0.0,0.0,0.0,0.0,0.0
3,1,0.36791125,0.5740811,0.0,0.0,0.058007643,0.0,0.0,0.0,0.0,0.0,0.0,0.0,0.0
3,1,0.36791125,0.5740811,0.0,0.0,0.058007643,0.0,0.0,0.0,0.0,0.0,0.0,0.0,0.0
3,1,0.36791125,0.5740811,0.0,0.0,0.058007643,0.0,0.0,0.0,0.0,0.0,0.0,0.0,0.0
3,1,0.36791125,0.5740811,0.0,0.0,0.058007643,0.0,0.0,0.0,0.0,0.0,0.0,0.0,0.0
3,1,0.36791125,0.5740811,0.0,0.0,0.058007643,0.0,0.0,0.0,0.0,0.0,0.0,0.0,0.0
3,1,0.36791125,0.5740811,0.0,0.0,0.058007643,0.0,0.0,0.0,0.0,0.0,0.0,0.0,0.0
3,1,0.36791125,0.5740811,0.0,0.0,0.058007643,0.0,0.0,0.0,0.0,0.0,0.0,0.0,0.0
3,1,0.36791125,0.5740811,0.0,0.0,0.058007643,0.0,0.0,0.0,0.0,0.0,0.0,0.0,0.0
3,1,0.36791125,0.5740811,0.0,0.0,0.058007643,0.0,0.0,0.0,0.0,0.0,0.0,0.0,0.0
3,1,0.36791125,0.5740811,0.0,0.0,0.058007643,0.0,0.0,0.0,0.0,0.0,0.0,0.0,0.0
3,1,0.36791125,0.5740811,0.0,0.0,0.058007643,0.0,0.0,0.0,0.0,0.0,0.0,0.0,0.0
3,1,0.36791125,0.5740811,0.0,0.0,0.058007643,0.0,0.0,0.0,0.0,0.0,0.0,0.0,0.0
3,1,0.36791125,0.5740811,0.0,0.0,0.058007643,0.0,0.0,0.0,0.0,0.0,0.0,0.0,0.0
3,1,0.36791125,0.5740811,0.0,0.0,0.058007643,0.0,0.0,0.0,0.0,0.0,0.0,0.0,0.0
3,1,0.36791125,0.5740811,0.0,0.0,0.058007643,0.0,0.0,0.0,0.0,0.0,0.0,0.0,0.0
3,1,0.36791125,0.5740811,0.0,0.0,0.058007643,0.0,0.0,0.0,0.0,0.0,0.0,0.0,0.0
3,1,0.36791125,0.5740811,0.0,0.0,0.058007643,0.0,0.0,0.0,0.0,0.0,0.0,0.0,0.0
3,1,0.36791125,0.5740811,0.0,0.0,0.058007643,0.0,0.0,0.0,0.0,0.0,0.0,0.0,0.0
3,1,0.36791125,0.5740811,0.0,0.0,0.058007643,0.0,0.0,0.0,0.0,0.0,0.0,0.0,0.0
3,1,0.30818006,0.5740811,0.0,0.0,0.11773878,0.0,0.0,0.0,0.0,0.0,0.0,0.0,0.0
3,1,0.30818006,0.5740811,0.0,0.0,0.11773878,0.0,0.0,0.0,0.0,0.0,0.0,0.0,0.0
3,1,0.30818006,0.5740811,0.0,0.0,0.11773878,0.0,0.0,0.0,0.0,0.0,0.0,0.0,0.0
3,1,0.30818006,0.5740811,0.0,0.0,0.11773878,0.0,0.0,0.0,0.0,0.0,0.0,0.0,0.0
3,1,0.24629179,0.6359694,0.0,0.0,0.11773878,0.0,0.0,0.0,0.0,0.0,0.0,0.0,0.0
3,1,0.24629179,0.6359694,0.0,0.0,0.11773878,0.0,0.0,0.0,0.0,0.0,0.0,0.0,0.0
3,1,0.24629179,0.6359694,0.0,0.0,0.11773878,0.0,0.0,0.0,0.0,0.0,0.0,0.0,0.0
3,1,0.24629179,0.6359694,0.0,0.0,0.11773878,0.0,0.0,0.0,0.0,0.0,0.0,0.0,0.0
3,1,0.24629179,0.6359694,0.0,0.0,0.11773878,0.0,0.0,0.0,0.0,0.0,0.0,0.0,0.0
3,1,0.24629179,0.6359694,0.0,0.0,0.11773878,0.0,0.0,0.0,0.0,0.0,0.0,0.0,0.0
3,1,0.24629179,0.6359694,0.0,0.0,0.11773878,0.0,0.0,0.0,0.0,0.0,0.0,0.0,0.0
3,1,0.24629179,0.6359694,0.0,0.0,0.11773878,0.0,0.0,0.0,0.0,0.0,0.0,0.0,0.0
3,1,0.24629179,0.6359694,0.0,0.0,0.11773878,0.0,0.0,0.0,0.0,0.0,0.0,0.0,0.0
3,1,0.24629179,0.6359694,0.0,0.0,0.11773878,0.0,0.0,0.0,0.0,0.0,0.0,0.0,0.0
3,1,0.24629179,0.6359694,0.0,0.0,0.11773878,0.0,0.0,0.0,0.0,0.0,0.0,0.0,0.0
3,1,0.24629179,0.6359694,0.0,0.0,0.11773878,0.0,0.0,0.0,0.0,0.0,0.0,0.0,0.0
3,1,0.24629179,0.6359694,0.0,0.0,0.11773878,0.0,0.0,0.0,0.0,0.0,0.0,0.0,0.0
3,1,0.24629179,0.6359694,0.0,0.0,0.11773878,0.0,0.0,0.0,0.0,0.0,0.0,0.0,0.0
3,1,0.24629179,0.6359694,0.0,0.0,0.11773878,0.0,0.0,0.0,0.0,0.0,0.0,0.0,0.0
3,1,0.24629179,0.6359694,0.0,0.0,0.11773878,0.0,0.0,0.0,0.0,0.0,0.0,0.0,0.0
3,1,0.24629179,0.6359694,0.0,0.0,0.11773878,0.0,0.0,0.0,0.0,0.0,0.0,0.0,0.0
3,1,0.24629179,0.6359694,0.0,0.0,0.11773878,0.0,0.0,0.0,0.0,0.0,0.0,0.0,0.0
3,1,0.24629179,0.6359694,0.0,0.0,0.11773878,0.0,0.0,0.0,0.0,0.0,0.0,0.0,0.0
3,1,0.24629179,0.6359694,0.0,0.0,0.11773878,0.0,0.0,0.0,0.0,0.0,0.0,0.0,0.0
3,1,0.24629179,0.6359694,0.0,0.0,0.11773878,0.0,0.0,0.0,0.0,0.0,0.0,0.0,0.0
3,1,0.24629179,0.6359694,0.0,0.0,0.11773878,0.0,0.0,0.0,0.0,0.0,0.0,0.0,0.0
3,1,0.24629179,0.6359694,0.0,0.0,0.11773878,0.0,0.0,0.0,0.0,0.0,0.0,0.0,0.0
3,1,0.24629179,0.6359694,0.0,0.0,0.11773878,0.0,0.0,0.0,0.0,0.0,0.0,0.0,0.0
3,1,0.24629179,0.6359694,0.0,0.0,0.11773878,0.0,0.0,0.0,0.0,0.0,0.0,0.0,0.0
3,1,0.24629179,0.6359694,0.0,0.0,0.11773878,0.0,0.0,0.0,0.0,0.0,0.0,0.0,0.0
3,1,0.24629179,0.6359694,0.0,0.0,0.11773878,0.0,0.0,0.0,0.0,0.0,0.0,0.0,0.0
3,1,0.24629179,0.6359694,0.0,0.0,0.11773878,0.0,0.0,0.0,0.0,0.0,0.0,0.0,0.0
3,1,0.24629179,0.6359694,0.0,0.0,0.11773878,0.0,0.0,0.0,0.0,0.0,0.0,0.0,0.0
3,1,0.24629179,0.6359694,0.0,0.0,0.11773878,0.0,0.0,0.0,0.0,0.0,0.0,0.0,0.0
3,1,0.24629179,0.6359694,0.0,0.0,0.11773878,0.0,0.0,0.0,0.0,0.0,0.0,0.0,0.0
3,1,0.24629179,0.6359694,0.0,0.0,0.11773878,0.0,0.0,0.0,0.0,0.0,0.0,0.0,0.0
3,1,0.24629179,0.6359694,0.0,0.0,0.11773878,0.0,0.0,0.0,0.0,0.0,0.0,0.0,0.0
3,1,0.24629179,0.6359694,0.0,0.0,0.11773878,0.0,0.0,0.0,0.0,0.0,0.0,0.0,0.0
3,1,0.24629179,0.6359694,0.0,0.0,0.11773878,0.0,0.0,0.0,0.0,0.0,0.0,0.0,0.0
3,1,0.24629179,0.6359694,0.0,0.0,0.11773878,0.0,0.0,0.0,0.0,0.0,0.0,0.0,0.0
3,1,0.24629179,0.6359694,0.0,0.0,0.11773878,0.0,0.0,0.0,0.0,0.0,0.0,0.0,0.0
3,1,0.24629179,0.6359694,0.0,0.0,0.11773878,0.0,0.0,0.0,0.0,0.0,0.0,0.0,0.0
3,1,0.24629179,0.6359694,0.0,0.0,0.11773878,0.0,0.0,0.0,0.0,0.0,0.0,0.0,0.0
3,1,0.24629179,0.6359694,0.0,0.0,0.11773878,0.0,0.0,0.0,0.0,0.0,0.0,0.0,0.0
3,1,0.24629179,0.6359694,0.0,0.0,0.11773878,0.0,0.0,0.0,0.0,0.0,0.0,0.0,0.0
3,1,0.24629179,0.6359694,0.0,0.0,0.11773878,0.0,0.0,0.0,0.0,0.0,0.0,0.0,0.0
3,1,0.24629179,0.6359694,0.0,0.0,0.11773878,0.0,0.0,0.0,0.0,0.0,0.0,0.0,0.0
3,1,0.24629179,0.6359694,0.0,0.0,0.11773878,0.0,0.0,0.0,0.0,0.0,0.0,0.0,0.0
3,1,0.24629179,0.6359694,0.0,0.0,0.11773878,0.0,0.0,0.0,0.0,0.0,0.0,0.0,0.0
3,1,0.24629179,0.6359694,0.0,0.0,0.11773878,0.0,0.0,0.0,0.0,0.0,0.0,0.0,0.0
3,1,0.24629179,0.6359694,0.0,0.0,0.11773878,0.0,0.0,0.0,0.0,0.0,0.0,0.0,0.0
3,1,0.24629179,0.6359694,0.0,0.0,0.11773878,0.0,0.0,0.0,0.0,0.0,0.0,0.0,0.0
3,1,0.24629179,0.6359694,0.0,0.0,0.11773878,0.0,0.0,0.0,0.0,0.0,0.0,0.0,0.0
3,1,0.24629179,0.6359694,0.0,0.0,0.11773878,0.0,0.0,0.0,0.0,0.0,0.0,0.0,0.0
3,1,0.24629179,0.6359694,0.0,0.0,0.11773878,0.0,0.0,0.0,0.0,0.0,0.0,0.0,0.0
3,1,0.24629179,0.6359694,0.0,0.0,0.11773878,0.0,0.0,0.0,0.0,0.0,0.0,0.0,0.0
3,1,0.24629179,0.6359694,0.0,0.0,0.11773878,0.0,0.0,0.0,0.0,0.0,0.0,0.0,0.0
3,1,0.24629179,0.6359694,0.0,0.0,0.11773878,0.0,0.0,0.0,0.0,0.0,0.0,0.0,0.0
3,1,0.24629179,0.6359694,0.0,0.0,0.11773878,0.0,0.0,0.0,0.0,0.0,0.0,0.0,0.0
3,1,0.24629179,0.6359694,0.0,0.0,0.11773878,0.0,0.0,0.0,0.0,0.0,0.0,0.0,0.0
3,1,0.24629179,0.6359694,0.0,0.0,0.11773878,0.0,0.0,0.0,0.0,0.0,0.0,0.0,0.0
3,1,0.24629179,0.6359694,0.0,0.0,0.11773878,0.0,0.0,0.0,0.0,0.0,0.0,0.0,0.0
3,1,0.24629179,0.6359694,0.0,0.0,0.11773878,0.0,0.0,0.0,0.0,0.0,0.0,0.0,0.0
3,1,0.24629179,0.6359694,0.0,0.0,0.11773878,0.0,0.0,0.0,0.0,0.0,0.0,0.0,0.0
3,1,0.24629179,0.6359694,0.0,0.0,0.11773878,0.0,0.0,0.0,0.0,0.0,0.0,0.0,0.0
3,1,0.24629179,0.6359694,0.0,0.0,0.11773878,0.0,0.0,0.0,0.0,0.0,0.0,0.0,0.0
3,1,0.24629179,0.6359694,0.0,0.0,0.11773878,0.0,0.0,0.0,0.0,0.0,0.0,0.0,0.0
3,1,0.24629179,0.6359694,0.0,0.0,0.11773878,0.0,0.0,0.0,0.0,0.0,0.0,0.0,0.0
3,1,0.18110181,0.70115936,0.0,0.0,0.11773878,0.0,0.0,0.0,0.0,0.0,0.0,0.0,0.0
3,1,0.18110181,0.70115936,0.0,0.0,0.11773878,0.0,0.0,0.0,0.0,0.0,0.0,0.0,0.0
3,1,0.18110181,0.70115936,0.0,0.0,0.11773878,0.0,0.0,0.0,0.0,0.0,0.0,0.0,0.0
3,1,0.18110181,0.70115936,0.0,0.0,0.11773878,0.0,0.0,0.0,0.0,0.0,0.0,0.0,0.0
3,1,0.18110181,0.70115936,0.0,0.0,0.11773878,0.0,0.0,0.0,0.0,0.0,0.0,0.0,0.0
3,1,0.18110181,0.70115936,0.0,0.0,0.11773878,0.0,0.0,0.0,0.0,0.0,0.0,0.0,0.0
3,1,0.18110181,0.70115936,0.0,0.0,0.11773878,0.0,0.0,0.0,0.0,0.0,0.0,0.0,0.0
3,1,0.18110181,0.70115936,0.0,0.0,0.11773878,0.0,0.0,0.0,0.0,0.0,0.0,0.0,0.0
3,1,0.18110181,0.70115936,0.0,0.0,0.11773878,0.0,0.0,0.0,0.0,0.0,0.0,0.0,0.0
3,1,0.18110181,0.70115936,0.0,0.0,0.11773878,0.0,0.0,0.0,0.0,0.0,0.0,0.0,0.0
3,1,0.18110181,0.70115936,0.0,0.0,0.11773878,0.0,0.0,0.0,0.0,0.0,0.0,0.0,0.0
3,1,0.18110181,0.70115936,0.0,0.0,0.11773878,0.0,0.0,0.0,0.0,0.0,0.0,0.0,0.0
3,1,0.18110181,0.70115936,0.0,0.0,0.11773878,0.0,0.0,0.0,0.0,0.0,0.0,0.0,0.0
3,1,0.18110181,0.70115936,0.0,0.0,0.11773878,0.0,0.0,0.0,0.0,0.0,0.0,0.0,0.0
3,1,0.18110181,0.70115936,0.0,0.0,0.11773878,0.0,0.0,0.0,0.0,0.0,0.0,0.0,0.0
3,1,0.18110181,0.70115936,0.0,0.0,0.11773878,0.0,0.0,0.0,0.0,0.0,0.0,0.0,0.0
3,1,0.18110181,0.70115936,0.0,0.0,0.11773878,0.0,0.0,0.0,0.0,0.0,0.0,0.0,0.0
3,1,0.18110181,0.70115936,0.0,0.0,0.11773878,0.0,0.0,0.0,0.0,0.0,0.0,0.0,0.0
3,1,0.18110181,0.70115936,0.0,0.0,0.11773878,0.0,0.0,0.0,0.0,0.0,0.0,0.0,0.0
3,1,0.18110181,0.70115936,0.0,0.0,0.11773878,0.0,0.0,0.0,0.0,0.0,0.0,0.0,0.0
3,1,0.18110181,0.70115936,0.0,0.0,0.11773878,0.0,0.0,0.0,0.0,0.0,0.0,0.0,0.0
3,1,0.18110181,0.70115936,0.0,0.0,0.11773878,0.0,0.0,0.0,0.0,0.0,0.0,0.0,0.0
3,1,0.18110181,0.70115936,0.0,0.0,0.11773878,0.0,0.0,0.0,0.0,0.0,0.0,0.0,0.0
3,1,0.18110181,0.70115936,0.0,0.0,0.11773878,0.0,0.0,0.0,0.0,0.0,0.0,0.0,0.0
3,1,0.18110181,0.70115936,0.0,0.0,0.11773878,0.0,0.0,0.0,0.0,0.0,0.0,0.0,0.0
3,1,0.18110181,0.70115936,0.0,0.0,0.11773878,0.0,0.0,0.0,0.0,0.0,0.0,0.0,0.0
3,1,0.18110181,0.70115936,0.0,0.0,0.11773878,0.0,0.0,0.0,0.0,0.0,0.0,0.0,0.0
3,1,0.18110181,0.70115936,0.0,0.0,0.11773878,0.0,0.0,0.0,0.0,0.0,0.0,0.0,0.0
3,1,0.18110181,0.70115936,0.0,0.0,0.11773878,0.0,0.0,0.0,0.0,0.0,0.0,0.0,0.0
3,1,0.18110181,0.70115936,0.0,0.0,0.11773878,0.0,0.0,0.0,0.0,0.0,0.0,0.0,0.0
3,1,0.18110181,0.70115936,0.0,0.0,0.11773878,0.0,0.0,0.0,0.0,0.0,0.0,0.0,0.0
3,1,0.18110181,0.70115936,0.0,0.0,0.11773878,0.0,0.0,0.0,0.0,0.0,0.0,0.0,0.0
3,1,0.18110181,0.70115936,0.0,0.0,0.11773878,0.0,0.0,0.0,0.0,0.0,0.0,0.0,0.0
3,1,0.18110181,0.70115936,0.0,0.0,0.11773878,0.0,0.0,0.0,0.0,0.0,0.0,0.0,0.0
3,1,0.18110181,0.70115936,0.0,0.0,0.11773878,0.0,0.0,0.0,0.0,0.0,0.0,0.0,0.0
3,1,0.18110181,0.70115936,0.0,0.0,0.11773878,0.0,0.0,0.0,0.0,0.0,0.0,0.0,0.0
3,1,0.18110181,0.70115936,0.0,0.0,0.11773878,0.0,0.0,0.0,0.0,0.0,0.0,0.0,0.0
3,1,0.18110181,0.70115936,0.0,0.0,0.11773878,0.0,0.0,0.0,0.0,0.0,0.0,0.0,0.0
3,1,0.18110181,0.70115936,0.0,0.0,0.11773878,0.0,0.0,0.0,0.0,0.0,0.0,0.0,0.0
3,1,0.18110181,0.70115936,0.0,0.0,0.11773878,0.0,0.0,0.0,0.0,0.0,0.0,0.0,0.0
3,1,0.18110181,0.70115936,0.0,0.0,0.11773878,0.0,0.0,0.0,0.0,0.0,0.0,0.0,0.0
3,1,0.18110181,0.70115936,0.0,0.0,0.11773878,0.0,0.0,0.0,0.0,0.0,0.0,0.0,0.0
3,1,0.18110181,0.70115936,0.0,0.0,0.11773878,0.0,0.0,0.0,0.0,0.0,0.0,0.0,0.0
3,1,0.18110181,0.70115936,0.0,0.0,0.11773878,0.0,0.0,0.0,0.0,0.0,0.0,0.0,0.0
3,1,0.18110181,0.70115936,0.0,0.0,0.11773878,0.0,0.0,0.0,0.0,0.0,0.0,0.0,0.0
3,1,0.18110181,0.70115936,0.0,0.0,0.11773878,0.0,0.0,0.0,0.0,0.0,0.0,0.0,0.0
3,1,0.18110181,0.70115936,0.0,0.0,0.11773878,0.0,0.0,0.0,0.0,0.0,0.0,0.0,0.0
3,1,0.18110181,0.70115936,0.0,0.0,0.11773878,0.0,0.0,0.0,0.0,0.0,0.0,0.0,0.0
3,1,0.18110181,0.70115936,0.0,0.0,0.11773878,0.0,0.0,0.0,0.0,0.0,0.0,0.0,0.0
3,1,0.18110181,0.70115936,0.0,0.0,0.11773878,0.0,0.0,0.0,0.0,0.0,0.0,0.0,0.0
3,1,0.18110181,0.70115936,0.0,0.0,0.11773878,0.0,0.0,0.0,0.0,0.0,0.0,0.0,0.0
3,1,0.18110181,0.70115936,0.0,0.0,0.11773878,0.0,0.0,0.0,0.0,0.0,0.0,0.0,0.0
3,1,0.18110181,0.70115936,0.0,0.0,0.11773878,0.0,0.0,0.0,0.0,0.0,0.0,0.0,0.0
3,1,0.18110181,0.70115936,0.0,0.0,0.11773878,0.0,0.0,0.0,0.0,0.0,0.0,0.0,0.0
3,1,0.18110181,0.70115936,0.0,0.0,0.11773878,0.0,0.0,0.0,0.0,0.0,0.0,0.0,0.0
3,1,0.18110181,0.70115936,0.0,0.0,0.11773878,0.0,0.0,0.0,0.0,0.0,0.0,0.0,0.0
3,1,0.18110181,0.70115936,0.0,0.0,0.11773878,0.0,0.0,0.0,0.0,0.0,0.0,0.0,0.0
3,1,0.18110181,0.70115936,0.0,0.0,0.11773878,0.0,0.0,0.0,0.0,0.0,0.0,0.0,0.0
3,1,0.18110181,0.70115936,0.0,0.0,0.11773878,0.0,0.0,0.0,0.0,0.0,0.0,0.0,0.0
3,1,0.18110181,0.70115936,0.0,0.0,0.11773878,0.0,0.0,0.0,0.0,0.0,0.0,0.0,0.0
3,1,0.18110181,0.70115936,0.0,0.0,0.11773878,0.0,0.0,0.0,0.0,0.0,0.0,0.0,0.0
3,1,0.18110181,0.70115936,0.0,0.0,0.11773878,0.0,0.0,0.0,0.0,0.0,0.0,0.0,0.0
3,1,0.18110181,0.70115936,0.0,0.0,0.11773878,0.0,0.0,0.0,0.0,0.0,0.0,0.0,0.0
3,1,0.18110181,0.70115936,0.0,0.0,0.11773878,0.0,0.0,0.0,0.0,0.0,0.0,0.0,0.0
3,1,0.18110181,0.70115936,0.0,0.0,0.11773878,0.0,0.0,0.0,0.0,0.0,0.0,0.0,0.0
3,1,0.18110181,0.70115936,0.0,0.0,0.11773878,0.0,0.0,0.0,0.0,0.0,0.0,0.0,0.0
3,1,0.18110181,0.70115936,0.0,0.0,0.11773878,0.0,0.0,0.0,0.0,0.0,0.0,0.0,0.0
3,1,0.18110181,0.70115936,0.0,0.0,0.11773878,0.0,0.0,0.0,0.0,0.0,0.0,0.0,0.0
3,1,0.18110181,0.70115936,0.0,0.0,0.11773878,0.0,0.0,0.0,0.0,0.0,0.0,0.0,0.0
3,1,0.18110181,0.70115936,0.0,0.0,0.11773878,0.0,0.0,0.0,0.0,0.0,0.0,0.0,0.0
3,1,0.18110181,0.70115936,0.0,0.0,0.11773878,0.0,0.0,0.0,0.0,0.0,0.0,0.0,0.0
3,1,0.18110181,0.70115936,0.0,0.0,0.11773878,0.0,0.0,0.0,0.0,0.0,0.0,0.0,0.0
3,1,0.18110181,0.70115936,0.0,0.0,0.11773878,0.0,0.0,0.0,0.0,0.0,0.0,0.0,0.0
3,1,0.18110181,0.70115936,0.0,0.0,0.11773878,0.0,0.0,0.0,0.0,0.0,0.0,0.0,0.0
3,1,0.18110181,0.70115936,0.0,0.0,0.11773878,0.0,0.0,0.0,0.0,0.0,0.0,0.0,0.0
3,1,0.18110181,0.70115936,0.0,0.0,0.11773878,0.0,0.0,0.0,0.0,0.0,0.0,0.0,0.0
3,1,0.18110181,0.70115936,0.0,0.0,0.11773878,0.0,0.0,0.0,0.0,0.0,0.0,0.0,0.0
3,1,0.18110181,0.70115936,0.0,0.0,0.11773878,0.0,0.0,0.0,0.0,0.0,0.0,0.0,0.0
3,1,0.18110181,0.70115936,0.0,0.0,0.11773878,0.0,0.0,0.0,0.0,0.0,0.0,0.0,0.0
3,1,0.18110181,0.70115936,0.0,0.0,0.11773878,0.0,0.0,0.0,0.0,0.0,0.0,0.0,0.0
3,1,0.18110181,0.70115936,0.0,0.0,0.11773878,0.0,0.0,0.0,0.0,0.0,0.0,0.0,0.0
3,1,0.18110181,0.70115936,0.0,0.0,0.11773878,0.0,0.0,0.0,0.0,0.0,0.0,0.0,0.0
3,1,0.18110181,0.70115936,0.0,0.0,0.11773878,0.0,0.0,0.0,0.0,0.0,0.0,0.0,0.0
3,1,0.18110181,0.70115936,0.0,0.0,0.11773878,0.0,0.0,0.0,0.0,0.0,0.0,0.0,0.0
3,1,0.18110181,0.70115936,0.0,0.0,0.11773878,0.0,0.0,0.0,0.0,0.0,0.0,0.0,0.0
3,1,0.18110181,0.70115936,0.0,0.0,0.11773878,0.0,0.0,0.0,0.0,0.0,0.0,0.0,0.0
3,1,0.18110181,0.70115936,0.0,0.0,0.11773878,0.0,0.0,0.0,0.0,0.0,0.0,0.0,0.0
3,1,0.18110181,0.70115936,0.0,0.0,0.11773878,0.0,0.0,0.0,0.0,0.0,0.0,0.0,0.0
3,1,0.18110181,0.70115936,0.0,0.0,0.11773878,0.0,0.0,0.0,0.0,0.0,0.0,0.0,0.0
3,1,0.18110181,0.70115936,0.0,0.0,0.11773878,0.0,0.0,0.0,0.0,0.0,0.0,0.0,0.0
3,1,0.18110181,0.70115936,0.0,0.0,0.11773878,0.0,0.0,0.0,0.0,0.0,0.0,0.0,0.0
3,1,0.18110181,0.70115936,0.0,0.0,0.11773878,0.0,0.0,0.0,0.0,0.0,0.0,0.0,0.0
3,1,0.18110181,0.70115936,0.0,0.0,0.11773878,0.0,0.0,0.0,0.0,0.0,0.0,0.0,0.0
3,1,0.18110181,0.70115936,0.0,0.0,0.11773878,0.0,0.0,0.0,0.0,0.0,0.0,0.0,0.0
3,1,0.18110181,0.70115936,0.0,0.0,0.11773878,0.0,0.0,0.0,0.0,0.0,0.0,0.0,0.0
3,1,0.18110181,0.70115936,0.0,0.0,0.11773878,0.0,0.0,0.0,0.0,0.0,0.0,0.0,0.0
3,1,0.18110181,0.70115936,0.0,0.0,0.11773878,0.0,0.0,0.0,0.0,0.0,0.0,0.0,0.0
3,1,0.18110181,0.70115936,0.0,0.0,0.11773878,0.0,0.0,0.0,0.0,0.0,0.0,0.0,0.0
3,1,0.18110181,0.70115936,0.0,0.0,0.11773878,0.0,0.0,0.0,0.0,0.0,0.0,0.0,0.0
3,1,0.18110181,0.70115936,0.0,0.0,0.11773878,0.0,0.0,0.0,0.0,0.0,0.0,0.0,0.0
3,1,0.18110181,0.70115936,0.0,0.0,0.11773878,0.0,0.0,0.0,0.0,0.0,0.0,0.0,0.0
3,1,0.18110181,0.70115936,0.0,0.0,0.11773878,0.0,0.0,0.0,0.0,0.0,0.0,0.0,0.0
3,1,0.18110181,0.70115936,0.0,0.0,0.11773878,0.0,0.0,0.0,0.0,0.0,0.0,0.0,0.0
3,1,0.18110181,0.70115936,0.0,0.0,0.11773878,0.0,0.0,0.0,0.0,0.0,0.0,0.0,0.0
3,1,0.24629179,0.6359694,0.0,0.0,0.11773878,0.0,0.0,0.0,0.0,0.0,0.0,0.0,0.0
3,1,0.24629179,0.6359694,0.0,0.0,0.11773878,0.0,0.0,0.0,0.0,0.0,0.0,0.0,0.0
3,1,0.24629179,0.6359694,0.0,0.0,0.11773878,0.0,0.0,0.0,0.0,0.0,0.0,0.0,0.0
3,1,0.24629179,0.6359694,0.0,0.0,0.11773878,0.0,0.0,0.0,0.0,0.0,0.0,0.0,0.0
3,1,0.24629179,0.6359694,0.0,0.0,0.11773878,0.0,0.0,0.0,0.0,0.0,0.0,0.0,0.0
3,1,0.24629179,0.6359694,0.0,0.0,0.11773878,0.0,0.0,0.0,0.0,0.0,0.0,0.0,0.0
3,1,0.24629179,0.6359694,0.0,0.0,0.11773878,0.0,0.0,0.0,0.0,0.0,0.0,0.0,0.0
3,1,0.24629179,0.6359694,0.0,0.0,0.11773878,0.0,0.0,0.0,0.0,0.0,0.0,0.0,0.0
3,1,0.24629179,0.6359694,0.0,0.0,0.11773878,0.0,0.0,0.0,0.0,0.0,0.0,0.0,0.0
3,1,0.24629179,0.6359694,0.0,0.0,0.11773878,0.0,0.0,0.0,0.0,0.0,0.0,0.0,0.0
3,1,0.24629179,0.6359694,0.0,0.0,0.11773878,0.0,0.0,0.0,0.0,0.0,0.0,0.0,0.0
3,1,0.24629179,0.6359694,0.0,0.0,0.11773878,0.0,0.0,0.0,0.0,0.0,0.0,0.0,0.0
3,1,0.24629179,0.6359694,0.0,0.0,0.11773878,0.0,0.0,0.0,0.0,0.0,0.0,0.0,0.0
3,1,0.24629179,0.6359694,0.0,0.0,0.11773878,0.0,0.0,0.0,0.0,0.0,0.0,0.0,0.0
3,1,0.24629179,0.6359694,0.0,0.0,0.11773878,0.0,0.0,0.0,0.0,0.0,0.0,0.0,0.0
3,1,0.24629179,0.6359694,0.0,0.0,0.11773878,0.0,0.0,0.0,0.0,0.0,0.0,0.0,0.0
3,1,0.24629179,0.6359694,0.0,0.0,0.11773878,0.0,0.0,0.0,0.0,0.0,0.0,0.0,0.0
3,1,0.24629179,0.6359694,0.0,0.0,0.11773878,0.0,0.0,0.0,0.0,0.0,0.0,0.0,0.0
3,1,0.24629179,0.6359694,0.0,0.0,0.11773878,0.0,0.0,0.0,0.0,0.0,0.0,0.0,0.0
3,1,0.24629179,0.6359694,0.0,0.0,0.11773878,0.0,0.0,0.0,0.0,0.0,0.0,0.0,0.0
3,1,0.24629179,0.6359694,0.0,0.0,0.11773878,0.0,0.0,0.0,0.0,0.0,0.0,0.0,0.0
3,1,0.24629179,0.6359694,0.0,0.0,0.11773878,0.0,0.0,0.0,0.0,0.0,0.0,0.0,0.0
3,1,0.24629179,0.6359694,0.0,0.0,0.11773878,0.0,0.0,0.0,0.0,0.0,0.0,0.0,0.0
3,1,0.24629179,0.6359694,0.0,0.0,0.11773878,0.0,0.0,0.0,0.0,0.0,0.0,0.0,0.0
3,1,0.24629179,0.6359694,0.0,0.0,0.11773878,0.0,0.0,0.0,0.0,0.0,0.0,0.0,0.0
3,1,0.24629179,0.6359694,0.0,0.0,0.11773878,0.0,0.0,0.0,0.0,0.0,0.0,0.0,0.0
3,1,0.24629179,0.6359694,0.0,0.0,0.11773878,0.0,0.0,0.0,0.0,0.0,0.0,0.0,0.0
3,1,0.24629179,0.6359694,0.0,0.0,0.11773878,0.0,0.0,0.0,0.0,0.0,0.0,0.0,0.0
3,1,0.24629179,0.6359694,0.0,0.0,0.11773878,0.0,0.0,0.0,0.0,0.0,0.0,0.0,0.0
3,1,0.24629179,0.6359694,0.0,0.0,0.11773878,0.0,0.0,0.0,0.0,0.0,0.0,0.0,0.0
3,1,0.24629179,0.6359694,0.0,0.0,0.11773878,0.0,0.0,0.0,0.0,0.0,0.0,0.0,0.0
3,1,0.24629179,0.6359694,0.0,0.0,0.11773878,0.0,0.0,0.0,0.0,0.0,0.0,0.0,0.0
3,1,0.36618772,0.5740811,0.0,0.0,0.05973114,0.0,0.0,0.0,0.0,0.0,0.0,0.0,0.0
3,1,0.36618772,0.5740811,0.0,0.0,0.05973114,0.0,0.0,0.0,0.0,0.0,0.0,0.0,0.0
3,1,0.36618772,0.5740811,0.0,0.0,0.05973114,0.0,0.0,0.0,0.0,0.0,0.0,0.0,0.0
3,1,0.36618772,0.5740811,0.0,0.0,0.05973114,0.0,0.0,0.0,0.0,0.0,0.0,0.0,0.0
3,1,0.36618772,0.5740811,0.0,0.0,0.05973114,0.0,0.0,0.0,0.0,0.0,0.0,0.0,0.0
3,1,0.36618772,0.5740811,0.0,0.0,0.05973114,0.0,0.0,0.0,0.0,0.0,0.0,0.0,0.0
3,1,0.36618772,0.5740811,0.0,0.0,0.05973114,0.0,0.0,0.0,0.0,0.0,0.0,0.0,0.0
3,1,0.36618772,0.5740811,0.0,0.0,0.05973114,0.0,0.0,0.0,0.0,0.0,0.0,0.0,0.0
3,1,0.36618772,0.5740811,0.0,0.0,0.05973114,0.0,0.0,0.0,0.0,0.0,0.0,0.0,0.0
3,1,0.36618772,0.5740811,0.0,0.0,0.05973114,0.0,0.0,0.0,0.0,0.0,0.0,0.0,0.0
3,1,0.36618772,0.5740811,0.0,0.0,0.05973114,0.0,0.0,0.0,0.0,0.0,0.0,0.0,0.0
3,1,0.36618772,0.5740811,0.0,0.0,0.05973114,0.0,0.0,0.0,0.0,0.0,0.0,0.0,0.0
3,1,0.36618772,0.5740811,0.0,0.0,0.05973114,0.0,0.0,0.0,0.0,0.0,0.0,0.0,0.0
3,1,0.36618772,0.5740811,0.0,0.0,0.05973114,0.0,0.0,0.0,0.0,0.0,0.0,0.0,0.0
3,1,0.36618772,0.5740811,0.0,0.0,0.05973114,0.0,0.0,0.0,0.0,0.0,0.0,0.0,0.0
3,1,0.36618772,0.5740811,0.0,0.0,0.05973114,0.0,0.0,0.0,0.0,0.0,0.0,0.0,0.0
3,1,0.36618772,0.5740811,0.0,0.0,0.05973114,0.0,0.0,0.0,0.0,0.0,0.0,0.0,0.0
3,1,0.36618772,0.5740811,0.0,0.0,0.05973114,0.0,0.0,0.0,0.0,0.0,0.0,0.0,0.0
3,1,0.36618772,0.5740811,0.0,0.0,0.05973114,0.0,0.0,0.0,0.0,0.0,0.0,0.0,0.0
3,1,0.36618772,0.5740811,0.0,0.0,0.05973114,0.0,0.0,0.0,0.0,0.0,0.0,0.0,0.0
3,1,0.42823422,0.51203465,0.0,0.0,0.059731144,0.0,0.0,0.0,0.0,0.0,0.0,0.0,0.0
3,1,0.42823422,0.51203465,0.0,0.0,0.059731144,0.0,0.0,0.0,0.0,0.0,0.0,0.0,0.0
3,1,0.49649122,0.44377765,0.0,0.0,0.059731144,0.0,0.0,0.0,0.0,0.0,0.0,0.0,0.0
3,1,0.49649122,0.44377765,0.0,0.0,0.059731144,0.0,0.0,0.0,0.0,0.0,0.0,0.0,0.0
3,1,0.49649122,0.44377765,0.0,0.0,0.059731144,0.0,0.0,0.0,0.0,0.0,0.0,0.0,0.0
3,1,0.49649122,0.44377765,0.0,0.0,0.059731144,0.0,0.0,0.0,0.0,0.0,0.0,0.0,0.0
3,1,0.49649122,0.44377765,0.0,0.0,0.059731144,0.0,0.0,0.0,0.0,0.0,0.0,0.0,0.0
3,1,0.49649122,0.44377765,0.0,0.0,0.059731144,0.0,0.0,0.0,0.0,0.0,0.0,0.0,0.0
3,1,0.49649122,0.44377765,0.0,0.0,0.059731144,0.0,0.0,0.0,0.0,0.0,0.0,0.0,0.0
3,1,0.49649122,0.44377765,0.0,0.0,0.059731144,0.0,0.0,0.0,0.0,0.0,0.0,0.0,0.0
3,1,0.49649122,0.44377765,0.0,0.0,0.059731144,0.0,0.0,0.0,0.0,0.0,0.0,0.0,0.0
3,1,0.49649122,0.44377765,0.0,0.0,0.059731144,0.0,0.0,0.0,0.0,0.0,0.0,0.0,0.0
3,1,0.49649122,0.44377765,0.0,0.0,0.059731144,0.0,0.0,0.0,0.0,0.0,0.0,0.0,0.0
3,1,0.49649122,0.44377765,0.0,0.0,0.059731144,0.0,0.0,0.0,0.0,0.0,0.0,0.0,0.0
3,1,0.49649122,0.44377765,0.0,0.0,0.059731144,0.0,0.0,0.0,0.0,0.0,0.0,0.0,0.0
3,1,0.49649122,0.44377765,0.0,0.0,0.059731144,0.0,0.0,0.0,0.0,0.0,0.0,0.0,0.0
3,1,0.49649122,0.44377765,0.0,0.0,0.059731144,0.0,0.0,0.0,0.0,0.0,0.0,0.0,0.0
3,1,0.49649122,0.44377765,0.0,0.0,0.059731144,0.0,0.0,0.0,0.0,0.0,0.0,0.0,0.0
3,1,0.49649122,0.44377765,0.0,0.0,0.059731144,0.0,0.0,0.0,0.0,0.0,0.0,0.0,0.0
3,1,0.49649122,0.44377765,0.0,0.0,0.059731144,0.0,0.0,0.0,0.0,0.0,0.0,0.0,0.0
3,1,0.43460295,0.50566596,0.0,0.0,0.059731144,0.0,0.0,0.0,0.0,0.0,0.0,0.0,0.0
3,1,0.43460295,0.50566596,0.0,0.0,0.059731144,0.0,0.0,0.0,0.0,0.0,0.0,0.0,0.0
3,1,0.43460295,0.50566596,0.0,0.0,0.059731144,0.0,0.0,0.0,0.0,0.0,0.0,0.0,0.0
3,1,0.43460295,0.50566596,0.0,0.0,0.059731144,0.0,0.0,0.0,0.0,0.0,0.0,0.0,0.0
3,1,0.43460295,0.50566596,0.0,0.0,0.059731144,0.0,0.0,0.0,0.0,0.0,0.0,0.0,0.0
3,1,0.43460295,0.50566596,0.0,0.0,0.059731144,0.0,0.0,0.0,0.0,0.0,0.0,0.0,0.0
3,1,0.49433407,0.5056659,0.0,0.0,0.0,0.0,0.0,0.0,0.0,0.0,0.0,0.0,0.0
3,1,0.49433407,0.5056659,0.0,0.0,0.0,0.0,0.0,0.0,0.0,0.0,0.0,0.0,0.0
3,1,0.49433407,0.5056659,0.0,0.0,0.0,0.0,0.0,0.0,0.0,0.0,0.0,0.0,0.0
3,1,0.49433407,0.5056659,0.0,0.0,0.0,0.0,0.0,0.0,0.0,0.0,0.0,0.0,0.0
3,1,0.49433407,0.5056659,0.0,0.0,0.0,0.0,0.0,0.0,0.0,0.0,0.0,0.0,0.0
3,1,0.49433407,0.5056659,0.0,0.0,0.0,0.0,0.0,0.0,0.0,0.0,0.0,0.0,0.0
3,1,0.49433407,0.5056659,0.0,0.0,0.0,0.0,0.0,0.0,0.0,0.0,0.0,0.0,0.0
3,1,0.49433407,0.5056659,0.0,0.0,0.0,0.0,0.0,0.0,0.0,0.0,0.0,0.0,0.0
3,1,0.49433407,0.5056659,0.0,0.0,0.0,0.0,0.0,0.0,0.0,0.0,0.0,0.0,0.0
3,1,0.49433407,0.5056659,0.0,0.0,0.0,0.0,0.0,0.0,0.0,0.0,0.0,0.0,0.0
3,1,0.49433407,0.5056659,0.0,0.0,0.0,0.0,0.0,0.0,0.0,0.0,0.0,0.0,0.0
3,1,0.49433407,0.5056659,0.0,0.0,0.0,0.0,0.0,0.0,0.0,0.0,0.0,0.0,0.0
3,1,0.49433407,0.5056659,0.0,0.0,0.0,0.0,0.0,0.0,0.0,0.0,0.0,0.0,0.0
3,1,0.49433407,0.5056659,0.0,0.0,0.0,0.0,0.0,0.0,0.0,0.0,0.0,0.0,0.0
3,1,0.49433407,0.5056659,0.0,0.0,0.0,0.0,0.0,0.0,0.0,0.0,0.0,0.0,0.0
3,1,0.49433407,0.5056659,0.0,0.0,0.0,0.0,0.0,0.0,0.0,0.0,0.0,0.0,0.0
3,1,0.49433407,0.5056659,0.0,0.0,0.0,0.0,0.0,0.0,0.0,0.0,0.0,0.0,0.0
3,1,0.49433407,0.5056659,0.0,0.0,0.0,0.0,0.0,0.0,0.0,0.0,0.0,0.0,0.0
3,1,0.49433407,0.5056659,0.0,0.0,0.0,0.0,0.0,0.0,0.0,0.0,0.0,0.0,0.0
3,1,0.49433407,0.5056659,0.0,0.0,0.0,0.0,0.0,0.0,0.0,0.0,0.0,0.0,0.0
3,1,0.49433407,0.5056659,0.0,0.0,0.0,0.0,0.0,0.0,0.0,0.0,0.0,0.0,0.0
3,1,0.49433407,0.5056659,0.0,0.0,0.0,0.0,0.0,0.0,0.0,0.0,0.0,0.0,0.0
3,1,0.49433407,0.5056659,0.0,0.0,0.0,0.0,0.0,0.0,0.0,0.0,0.0,0.0,0.0
3,1,0.49433407,0.5056659,0.0,0.0,0.0,0.0,0.0,0.0,0.0,0.0,0.0,0.0,0.0
3,1,0.49433407,0.5056659,0.0,0.0,0.0,0.0,0.0,0.0,0.0,0.0,0.0,0.0,0.0
3,1,0.49433407,0.5056659,0.0,0.0,0.0,0.0,0.0,0.0,0.0,0.0,0.0,0.0,0.0
3,1,0.49433407,0.5056659,0.0,0.0,0.0,0.0,0.0,0.0,0.0,0.0,0.0,0.0,0.0
3,1,0.49433407,0.5056659,0.0,0.0,0.0,0.0,0.0,0.0,0.0,0.0,0.0,0.0,0.0
3,1,0.49433407,0.5056659,0.0,0.0,0.0,0.0,0.0,0.0,0.0,0.0,0.0,0.0,0.0
3,1,0.49433407,0.5056659,0.0,0.0,0.0,0.0,0.0,0.0,0.0,0.0,0.0,0.0,0.0
3,1,0.49433407,0.5056659,0.0,0.0,0.0,0.0,0.0,0.0,0.0,0.0,0.0,0.0,0.0
3,1,0.49433407,0.5056659,0.0,0.0,0.0,0.0,0.0,0.0,0.0,0.0,0.0,0.0,0.0
3,1,0.49433407,0.5056659,0.0,0.0,0.0,0.0,0.0,0.0,0.0,0.0,0.0,0.0,0.0
3,1,0.49433407,0.5056659,0.0,0.0,0.0,0.0,0.0,0.0,0.0,0.0,0.0,0.0,0.0
3,1,0.49433407,0.5056659,0.0,0.0,0.0,0.0,0.0,0.0,0.0,0.0,0.0,0.0,0.0
3,1,0.49433407,0.5056659,0.0,0.0,0.0,0.0,0.0,0.0,0.0,0.0,0.0,0.0,0.0
3,1,0.49433407,0.5056659,0.0,0.0,0.0,0.0,0.0,0.0,0.0,0.0,0.0,0.0,0.0
3,1,0.49433407,0.5056659,0.0,0.0,0.0,0.0,0.0,0.0,0.0,0.0,0.0,0.0,0.0
3,1,0.49433407,0.5056659,0.0,0.0,0.0,0.0,0.0,0.0,0.0,0.0,0.0,0.0,0.0
3,1,0.49433407,0.5056659,0.0,0.0,0.0,0.0,0.0,0.0,0.0,0.0,0.0,0.0,0.0
3,1,0.49433407,0.5056659,0.0,0.0,0.0,0.0,0.0,0.0,0.0,0.0,0.0,0.0,0.0
3,1,0.49433407,0.5056659,0.0,0.0,0.0,0.0,0.0,0.0,0.0,0.0,0.0,0.0,0.0
3,1,0.49433407,0.5056659,0.0,0.0,0.0,0.0,0.0,0.0,0.0,0.0,0.0,0.0,0.0
3,1,0.49433407,0.5056659,0.0,0.0,0.0,0.0,0.0,0.0,0.0,0.0,0.0,0.0,0.0
3,1,0.49433407,0.5056659,0.0,0.0,0.0,0.0,0.0,0.0,0.0,0.0,0.0,0.0,0.0
3,1,0.49433407,0.5056659,0.0,0.0,0.0,0.0,0.0,0.0,0.0,0.0,0.0,0.0,0.0
3,1,0.49433407,0.5056659,0.0,0.0,0.0,0.0,0.0,0.0,0.0,0.0,0.0,0.0,0.0
3,1,0.49433407,0.5056659,0.0,0.0,0.0,0.0,0.0,0.0,0.0,0.0,0.0,0.0,0.0
3,1,0.49433407,0.5056659,0.0,0.0,0.0,0.0,0.0,0.0,0.0,0.0,0.0,0.0,0.0
3,1,0.49433407,0.5056659,0.0,0.0,0.0,0.0,0.0,0.0,0.0,0.0,0.0,0.0,0.0
3,1,0.49433407,0.5056659,0.0,0.0,0.0,0.0,0.0,0.0,0.0,0.0,0.0,0.0,0.0
3,1,0.49433407,0.5056659,0.0,0.0,0.0,0.0,0.0,0.0,0.0,0.0,0.0,0.0,0.0
3,1,0.49433407,0.5056659,0.0,0.0,0.0,0.0,0.0,0.0,0.0,0.0,0.0,0.0,0.0
3,1,0.49433407,0.5056659,0.0,0.0,0.0,0.0,0.0,0.0,0.0,0.0,0.0,0.0,0.0
3,1,0.49433407,0.5056659,0.0,0.0,0.0,0.0,0.0,0.0,0.0,0.0,0.0,0.0,0.0
3,1,0.49433407,0.5056659,0.0,0.0,0.0,0.0,0.0,0.0,0.0,0.0,0.0,0.0,0.0
3,1,0.49433407,0.5056659,0.0,0.0,0.0,0.0,0.0,0.0,0.0,0.0,0.0,0.0,0.0
3,1,0.49433407,0.5056659,0.0,0.0,0.0,0.0,0.0,0.0,0.0,0.0,0.0,0.0,0.0
3,1,0.49433407,0.5056659,0.0,0.0,0.0,0.0,0.0,0.0,0.0,0.0,0.0,0.0,0.0
3,1,0.49433407,0.5056659,0.0,0.0,0.0,0.0,0.0,0.0,0.0,0.0,0.0,0.0,0.0
3,1,0.49433407,0.5056659,0.0,0.0,0.0,0.0,0.0,0.0,0.0,0.0,0.0,0.0,0.0
3,1,0.49433407,0.5056659,0.0,0.0,0.0,0.0,0.0,0.0,0.0,0.0,0.0,0.0,0.0
3,1,0.49433407,0.5056659,0.0,0.0,0.0,0.0,0.0,0.0,0.0,0.0,0.0,0.0,0.0
3,1,0.49433407,0.5056659,0.0,0.0,0.0,0.0,0.0,0.0,0.0,0.0,0.0,0.0,0.0
3,1,0.49433407,0.5056659,0.0,0.0,0.0,0.0,0.0,0.0,0.0,0.0,0.0,0.0,0.0
3,1,0.49433407,0.5056659,0.0,0.0,0.0,0.0,0.0,0.0,0.0,0.0,0.0,0.0,0.0
3,1,0.49433407,0.5056659,0.0,0.0,0.0,0.0,0.0,0.0,0.0,0.0,0.0,0.0,0.0
3,1,0.49433407,0.5056659,0.0,0.0,0.0,0.0,0.0,0.0,0.0,0.0,0.0,0.0,0.0
3,1,0.49433407,0.5056659,0.0,0.0,0.0,0.0,0.0,0.0,0.0,0.0,0.0,0.0,0.0
3,1,0.49433407,0.5056659,0.0,0.0,0.0,0.0,0.0,0.0,0.0,0.0,0.0,0.0,0.0
3,1,0.49433407,0.5056659,0.0,0.0,0.0,0.0,0.0,0.0,0.0,0.0,0.0,0.0,0.0
3,1,0.49433407,0.5056659,0.0,0.0,0.0,0.0,0.0,0.0,0.0,0.0,0.0,0.0,0.0
3,1,0.49433407,0.5056659,0.0,0.0,0.0,0.0,0.0,0.0,0.0,0.0,0.0,0.0,0.0
3,1,0.49433407,0.5056659,0.0,0.0,0.0,0.0,0.0,0.0,0.0,0.0,0.0,0.0,0.0
3,1,0.5562224,0.44377762,0.0,0.0,0.0,0.0,0.0,0.0,0.0,0.0,0.0,0.0,0.0
3,1,0.5562224,0.44377762,0.0,0.0,0.0,0.0,0.0,0.0,0.0,0.0,0.0,0.0,0.0
3,1,0.5562224,0.44377762,0.0,0.0,0.0,0.0,0.0,0.0,0.0,0.0,0.0,0.0,0.0
3,1,0.5562224,0.44377762,0.0,0.0,0.0,0.0,0.0,0.0,0.0,0.0,0.0,0.0,0.0
3,1,0.5562224,0.44377762,0.0,0.0,0.0,0.0,0.0,0.0,0.0,0.0,0.0,0.0,0.0
3,1,0.5562224,0.44377762,0.0,0.0,0.0,0.0,0.0,0.0,0.0,0.0,0.0,0.0,0.0
3,1,0.5562224,0.44377762,0.0,0.0,0.0,0.0,0.0,0.0,0.0,0.0,0.0,0.0,0.0
3,1,0.5562224,0.44377762,0.0,0.0,0.0,0.0,0.0,0.0,0.0,0.0,0.0,0.0,0.0
3,1,0.5562224,0.44377762,0.0,0.0,0.0,0.0,0.0,0.0,0.0,0.0,0.0,0.0,0.0
3,1,0.5562224,0.44377762,0.0,0.0,0.0,0.0,0.0,0.0,0.0,0.0,0.0,0.0,0.0
3,1,0.5562224,0.44377762,0.0,0.0,0.0,0.0,0.0,0.0,0.0,0.0,0.0,0.0,0.0
3,1,0.5562224,0.44377762,0.0,0.0,0.0,0.0,0.0,0.0,0.0,0.0,0.0,0.0,0.0
3,1,0.5562224,0.44377762,0.0,0.0,0.0,0.0,0.0,0.0,0.0,0.0,0.0,0.0,0.0
3,1,0.5562224,0.44377762,0.0,0.0,0.0,0.0,0.0,0.0,0.0,0.0,0.0,0.0,0.0
3,1,0.5562224,0.44377762,0.0,0.0,0.0,0.0,0.0,0.0,0.0,0.0,0.0,0.0,0.0
3,1,0.5562224,0.44377762,0.0,0.0,0.0,0.0,0.0,0.0,0.0,0.0,0.0,0.0,0.0
3,1,0.5562224,0.44377762,0.0,0.0,0.0,0.0,0.0,0.0,0.0,0.0,0.0,0.0,0.0
3,1,0.5562224,0.44377762,0.0,0.0,0.0,0.0,0.0,0.0,0.0,0.0,0.0,0.0,0.0
3,1,0.5562224,0.44377762,0.0,0.0,0.0,0.0,0.0,0.0,0.0,0.0,0.0,0.0,0.0
3,1,0.5562224,0.44377762,0.0,0.0,0.0,0.0,0.0,0.0,0.0,0.0,0.0,0.0,0.0
3,1,0.49649122,0.50350875,0.0,0.0,0.0,0.0,0.0,0.0,0.0,0.0,0.0,0.0,0.0
3,1,0.49649122,0.50350875,0.0,0.0,0.0,0.0,0.0,0.0,0.0,0.0,0.0,0.0,0.0
3,1,0.49649122,0.50350875,0.0,0.0,0.0,0.0,0.0,0.0,0.0,0.0,0.0,0.0,0.0
3,1,0.49649122,0.50350875,0.0,0.0,0.0,0.0,0.0,0.0,0.0,0.0,0.0,0.0,0.0
3,1,0.49649122,0.50350875,0.0,0.0,0.0,0.0,0.0,0.0,0.0,0.0,0.0,0.0,0.0
3,1,0.49649122,0.50350875,0.0,0.0,0.0,0.0,0.0,0.0,0.0,0.0,0.0,0.0,0.0
3,1,0.49649122,0.50350875,0.0,0.0,0.0,0.0,0.0,0.0,0.0,0.0,0.0,0.0,0.0
3,1,0.49649122,0.50350875,0.0,0.0,0.0,0.0,0.0,0.0,0.0,0.0,0.0,0.0,0.0
3,1,0.49649122,0.50350875,0.0,0.0,0.0,0.0,0.0,0.0,0.0,0.0,0.0,0.0,0.0
3,1,0.49649122,0.50350875,0.0,0.0,0.0,0.0,0.0,0.0,0.0,0.0,0.0,0.0,0.0
3,1,0.49649122,0.50350875,0.0,0.0,0.0,0.0,0.0,0.0,0.0,0.0,0.0,0.0,0.0
3,1,0.49649122,0.50350875,0.0,0.0,0.0,0.0,0.0,0.0,0.0,0.0,0.0,0.0,0.0
3,1,0.49649122,0.50350875,0.0,0.0,0.0,0.0,0.0,0.0,0.0,0.0,0.0,0.0,0.0
3,1,0.49649122,0.50350875,0.0,0.0,0.0,0.0,0.0,0.0,0.0,0.0,0.0,0.0,0.0
3,1,0.49649122,0.50350875,0.0,0.0,0.0,0.0,0.0,0.0,0.0,0.0,0.0,0.0,0.0
3,1,0.49649122,0.50350875,0.0,0.0,0.0,0.0,0.0,0.0,0.0,0.0,0.0,0.0,0.0
3,1,0.49649122,0.50350875,0.0,0.0,0.0,0.0,0.0,0.0,0.0,0.0,0.0,0.0,0.0
3,1,0.49649122,0.50350875,0.0,0.0,0.0,0.0,0.0,0.0,0.0,0.0,0.0,0.0,0.0
3,1,0.49649122,0.50350875,0.0,0.0,0.0,0.0,0.0,0.0,0.0,0.0,0.0,0.0,0.0
3,1,0.49649122,0.50350875,0.0,0.0,0.0,0.0,0.0,0.0,0.0,0.0,0.0,0.0,0.0
3,1,0.43460295,0.5653971,0.0,0.0,0.0,0.0,0.0,0.0,0.0,0.0,0.0,0.0,0.0
3,1,0.43460295,0.5653971,0.0,0.0,0.0,0.0,0.0,0.0,0.0,0.0,0.0,0.0,0.0
3,1,0.43460295,0.5653971,0.0,0.0,0.0,0.0,0.0,0.0,0.0,0.0,0.0,0.0,0.0
3,1,0.43460295,0.5653971,0.0,0.0,0.0,0.0,0.0,0.0,0.0,0.0,0.0,0.0,0.0
3,1,0.43460295,0.5653971,0.0,0.0,0.0,0.0,0.0,0.0,0.0,0.0,0.0,0.0,0.0
3,1,0.43460295,0.5653971,0.0,0.0,0.0,0.0,0.0,0.0,0.0,0.0,0.0,0.0,0.0
3,1,0.43460295,0.5653971,0.0,0.0,0.0,0.0,0.0,0.0,0.0,0.0,0.0,0.0,0.0
3,1,0.43460295,0.5653971,0.0,0.0,0.0,0.0,0.0,0.0,0.0,0.0,0.0,0.0,0.0
3,1,0.43460295,0.5653971,0.0,0.0,0.0,0.0,0.0,0.0,0.0,0.0,0.0,0.0,0.0
3,1,0.43460295,0.5653971,0.0,0.0,0.0,0.0,0.0,0.0,0.0,0.0,0.0,0.0,0.0
3,1,0.43460295,0.5653971,0.0,0.0,0.0,0.0,0.0,0.0,0.0,0.0,0.0,0.0,0.0
3,1,0.43460295,0.5653971,0.0,0.0,0.0,0.0,0.0,0.0,0.0,0.0,0.0,0.0,0.0
3,1,0.43460295,0.5653971,0.0,0.0,0.0,0.0,0.0,0.0,0.0,0.0,0.0,0.0,0.0
3,1,0.43460295,0.5653971,0.0,0.0,0.0,0.0,0.0,0.0,0.0,0.0,0.0,0.0,0.0
3,1,0.43460295,0.5653971,0.0,0.0,0.0,0.0,0.0,0.0,0.0,0.0,0.0,0.0,0.0
3,1,0.43460295,0.5653971,0.0,0.0,0.0,0.0,0.0,0.0,0.0,0.0,0.0,0.0,0.0
3,1,0.36941296,0.63058704,0.0,0.0,0.0,0.0,0.0,0.0,0.0,0.0,0.0,0.0,0.0
3,1,0.36941296,0.63058704,0.0,0.0,0.0,0.0,0.0,0.0,0.0,0.0,0.0,0.0,0.0
3,1,0.36941296,0.63058704,0.0,0.0,0.0,0.0,0.0,0.0,0.0,0.0,0.0,0.0,0.0
3,1,0.36941296,0.63058704,0.0,0.0,0.0,0.0,0.0,0.0,0.0,0.0,0.0,0.0,0.0
3,1,0.36941296,0.63058704,0.0,0.0,0.0,0.0,0.0,0.0,0.0,0.0,0.0,0.0,0.0
3,1,0.36941296,0.63058704,0.0,0.0,0.0,0.0,0.0,0.0,0.0,0.0,0.0,0.0,0.0
3,1,0.36941296,0.63058704,0.0,0.0,0.0,0.0,0.0,0.0,0.0,0.0,0.0,0.0,0.0
3,1,0.36941296,0.63058704,0.0,0.0,0.0,0.0,0.0,0.0,0.0,0.0,0.0,0.0,0.0
3,1,0.36941296,0.63058704,0.0,0.0,0.0,0.0,0.0,0.0,0.0,0.0,0.0,0.0,0.0
3,1,0.36941296,0.63058704,0.0,0.0,0.0,0.0,0.0,0.0,0.0,0.0,0.0,0.0,0.0
3,1,0.36941296,0.63058704,0.0,0.0,0.0,0.0,0.0,0.0,0.0,0.0,0.0,0.0,0.0
3,1,0.36941296,0.63058704,0.0,0.0,0.0,0.0,0.0,0.0,0.0,0.0,0.0,0.0,0.0
3,1,0.36941296,0.63058704,0.0,0.0,0.0,0.0,0.0,0.0,0.0,0.0,0.0,0.0,0.0
3,1,0.36941296,0.63058704,0.0,0.0,0.0,0.0,0.0,0.0,0.0,0.0,0.0,0.0,0.0
3,1,0.36941296,0.63058704,0.0,0.0,0.0,0.0,0.0,0.0,0.0,0.0,0.0,0.0,0.0
3,1,0.36941296,0.63058704,0.0,0.0,0.0,0.0,0.0,0.0,0.0,0.0,0.0,0.0,0.0
3,1,0.36941296,0.63058704,0.0,0.0,0.0,0.0,0.0,0.0,0.0,0.0,0.0,0.0,0.0
3,1,0.36941296,0.63058704,0.0,0.0,0.0,0.0,0.0,0.0,0.0,0.0,0.0,0.0,0.0
3,1,0.36941296,0.63058704,0.0,0.0,0.0,0.0,0.0,0.0,0.0,0.0,0.0,0.0,0.0
3,1,0.36941296,0.63058704,0.0,0.0,0.0,0.0,0.0,0.0,0.0,0.0,0.0,0.0,0.0
3,1,0.36941296,0.63058704,0.0,0.0,0.0,0.0,0.0,0.0,0.0,0.0,0.0,0.0,0.0
3,1,0.36941296,0.63058704,0.0,0.0,0.0,0.0,0.0,0.0,0.0,0.0,0.0,0.0,0.0
3,1,0.36941296,0.63058704,0.0,0.0,0.0,0.0,0.0,0.0,0.0,0.0,0.0,0.0,0.0
3,1,0.36941296,0.63058704,0.0,0.0,0.0,0.0,0.0,0.0,0.0,0.0,0.0,0.0,0.0
3,1,0.36941296,0.63058704,0.0,0.0,0.0,0.0,0.0,0.0,0.0,0.0,0.0,0.0,0.0
3,1,0.36941296,0.63058704,0.0,0.0,0.0,0.0,0.0,0.0,0.0,0.0,0.0,0.0,0.0
3,1,0.30736646,0.69263357,0.0,0.0,0.0,0.0,0.0,0.0,0.0,0.0,0.0,0.0,0.0
3,1,0.30736646,0.69263357,0.0,0.0,0.0,0.0,0.0,0.0,0.0,0.0,0.0,0.0,0.0
3,1,0.30736646,0.69263357,0.0,0.0,0.0,0.0,0.0,0.0,0.0,0.0,0.0,0.0,0.0
3,1,0.30736646,0.69263357,0.0,0.0,0.0,0.0,0.0,0.0,0.0,0.0,0.0,0.0,0.0
3,1,0.30736646,0.69263357,0.0,0.0,0.0,0.0,0.0,0.0,0.0,0.0,0.0,0.0,0.0
3,1,0.30736646,0.69263357,0.0,0.0,0.0,0.0,0.0,0.0,0.0,0.0,0.0,0.0,0.0
3,1,0.30736646,0.69263357,0.0,0.0,0.0,0.0,0.0,0.0,0.0,0.0,0.0,0.0,0.0
3,1,0.30736646,0.69263357,0.0,0.0,0.0,0.0,0.0,0.0,0.0,0.0,0.0,0.0,0.0
3,1,0.30736646,0.69263357,0.0,0.0,0.0,0.0,0.0,0.0,0.0,0.0,0.0,0.0,0.0
3,1,0.30736646,0.69263357,0.0,0.0,0.0,0.0,0.0,0.0,0.0,0.0,0.0,0.0,0.0
3,1,0.30736646,0.69263357,0.0,0.0,0.0,0.0,0.0,0.0,0.0,0.0,0.0,0.0,0.0
3,1,0.30736646,0.69263357,0.0,0.0,0.0,0.0,0.0,0.0,0.0,0.0,0.0,0.0,0.0
3,1,0.30736646,0.69263357,0.0,0.0,0.0,0.0,0.0,0.0,0.0,0.0,0.0,0.0,0.0
3,1,0.30736646,0.69263357,0.0,0.0,0.0,0.0,0.0,0.0,0.0,0.0,0.0,0.0,0.0
3,1,0.30736646,0.69263357,0.0,0.0,0.0,0.0,0.0,0.0,0.0,0.0,0.0,0.0,0.0
3,1,0.30736646,0.69263357,0.0,0.0,0.0,0.0,0.0,0.0,0.0,0.0,0.0,0.0,0.0
3,1,0.30736646,0.69263357,0.0,0.0,0.0,0.0,0.0,0.0,0.0,0.0,0.0,0.0,0.0
3,1,0.30736646,0.69263357,0.0,0.0,0.0,0.0,0.0,0.0,0.0,0.0,0.0,0.0,0.0
3,1,0.30736646,0.69263357,0.0,0.0,0.0,0.0,0.0,0.0,0.0,0.0,0.0,0.0,0.0
3,1,0.30736646,0.69263357,0.0,0.0,0.0,0.0,0.0,0.0,0.0,0.0,0.0,0.0,0.0
3,1,0.30736646,0.69263357,0.0,0.0,0.0,0.0,0.0,0.0,0.0,0.0,0.0,0.0,0.0
3,1,0.30736646,0.69263357,0.0,0.0,0.0,0.0,0.0,0.0,0.0,0.0,0.0,0.0,0.0
3,1,0.30736646,0.69263357,0.0,0.0,0.0,0.0,0.0,0.0,0.0,0.0,0.0,0.0,0.0
3,1,0.30736646,0.69263357,0.0,0.0,0.0,0.0,0.0,0.0,0.0,0.0,0.0,0.0,0.0
3,1,0.30736646,0.69263357,0.0,0.0,0.0,0.0,0.0,0.0,0.0,0.0,0.0,0.0,0.0
3,1,0.30736646,0.69263357,0.0,0.0,0.0,0.0,0.0,0.0,0.0,0.0,0.0,0.0,0.0
3,1,0.30736646,0.69263357,0.0,0.0,0.0,0.0,0.0,0.0,0.0,0.0,0.0,0.0,0.0
3,1,0.30736646,0.69263357,0.0,0.0,0.0,0.0,0.0,0.0,0.0,0.0,0.0,0.0,0.0
3,1,0.30736646,0.69263357,0.0,0.0,0.0,0.0,0.0,0.0,0.0,0.0,0.0,0.0,0.0
3,1,0.30736646,0.69263357,0.0,0.0,0.0,0.0,0.0,0.0,0.0,0.0,0.0,0.0,0.0
3,1,0.30736646,0.69263357,0.0,0.0,0.0,0.0,0.0,0.0,0.0,0.0,0.0,0.0,0.0
3,1,0.30736646,0.69263357,0.0,0.0,0.0,0.0,0.0,0.0,0.0,0.0,0.0,0.0,0.0
3,1,0.30736646,0.69263357,0.0,0.0,0.0,0.0,0.0,0.0,0.0,0.0,0.0,0.0,0.0
3,1,0.30736646,0.69263357,0.0,0.0,0.0,0.0,0.0,0.0,0.0,0.0,0.0,0.0,0.0
3,1,0.30736646,0.69263357,0.0,0.0,0.0,0.0,0.0,0.0,0.0,0.0,0.0,0.0,0.0
3,1,0.30736646,0.69263357,0.0,0.0,0.0,0.0,0.0,0.0,0.0,0.0,0.0,0.0,0.0
3,1,0.30736646,0.69263357,0.0,0.0,0.0,0.0,0.0,0.0,0.0,0.0,0.0,0.0,0.0
3,1,0.30736646,0.69263357,0.0,0.0,0.0,0.0,0.0,0.0,0.0,0.0,0.0,0.0,0.0
3,1,0.30736646,0.69263357,0.0,0.0,0.0,0.0,0.0,0.0,0.0,0.0,0.0,0.0,0.0
3,1,0.30736646,0.69263357,0.0,0.0,0.0,0.0,0.0,0.0,0.0,0.0,0.0,0.0,0.0
3,1,0.30736646,0.69263357,0.0,0.0,0.0,0.0,0.0,0.0,0.0,0.0,0.0,0.0,0.0
3,1,0.30736646,0.69263357,0.0,0.0,0.0,0.0,0.0,0.0,0.0,0.0,0.0,0.0,0.0
3,1,0.30736646,0.69263357,0.0,0.0,0.0,0.0,0.0,0.0,0.0,0.0,0.0,0.0,0.0
3,1,0.30736646,0.69263357,0.0,0.0,0.0,0.0,0.0,0.0,0.0,0.0,0.0,0.0,0.0
3,1,0.30736646,0.69263357,0.0,0.0,0.0,0.0,0.0,0.0,0.0,0.0,0.0,0.0,0.0
3,1,0.30736646,0.69263357,0.0,0.0,0.0,0.0,0.0,0.0,0.0,0.0,0.0,0.0,0.0
3,1,0.30736646,0.69263357,0.0,0.0,0.0,0.0,0.0,0.0,0.0,0.0,0.0,0.0,0.0
3,1,0.30736646,0.69263357,0.0,0.0,0.0,0.0,0.0,0.0,0.0,0.0,0.0,0.0,0.0
3,1,0.30736646,0.69263357,0.0,0.0,0.0,0.0,0.0,0.0,0.0,0.0,0.0,0.0,0.0
3,1,0.30736646,0.69263357,0.0,0.0,0.0,0.0,0.0,0.0,0.0,0.0,0.0,0.0,0.0
3,1,0.30736646,0.69263357,0.0,0.0,0.0,0.0,0.0,0.0,0.0,0.0,0.0,0.0,0.0
3,1,0.30736646,0.69263357,0.0,0.0,0.0,0.0,0.0,0.0,0.0,0.0,0.0,0.0,0.0
3,1,0.30736646,0.69263357,0.0,0.0,0.0,0.0,0.0,0.0,0.0,0.0,0.0,0.0,0.0
3,1,0.30736646,0.69263357,0.0,0.0,0.0,0.0,0.0,0.0,0.0,0.0,0.0,0.0,0.0
3,1,0.30736646,0.69263357,0.0,0.0,0.0,0.0,0.0,0.0,0.0,0.0,0.0,0.0,0.0
3,1,0.30736646,0.69263357,0.0,0.0,0.0,0.0,0.0,0.0,0.0,0.0,0.0,0.0,0.0
3,1,0.30736646,0.69263357,0.0,0.0,0.0,0.0,0.0,0.0,0.0,0.0,0.0,0.0,0.0
3,1,0.30736646,0.69263357,0.0,0.0,0.0,0.0,0.0,0.0,0.0,0.0,0.0,0.0,0.0
3,1,0.30736646,0.69263357,0.0,0.0,0.0,0.0,0.0,0.0,0.0,0.0,0.0,0.0,0.0
3,1,0.30736646,0.69263357,0.0,0.0,0.0,0.0,0.0,0.0,0.0,0.0,0.0,0.0,0.0
3,1,0.30736646,0.69263357,0.0,0.0,0.0,0.0,0.0,0.0,0.0,0.0,0.0,0.0,0.0
3,1,0.30736646,0.69263357,0.0,0.0,0.0,0.0,0.0,0.0,0.0,0.0,0.0,0.0,0.0
3,1,0.30736646,0.69263357,0.0,0.0,0.0,0.0,0.0,0.0,0.0,0.0,0.0,0.0,0.0
3,1,0.30736646,0.69263357,0.0,0.0,0.0,0.0,0.0,0.0,0.0,0.0,0.0,0.0,0.0
3,1,0.30736646,0.69263357,0.0,0.0,0.0,0.0,0.0,0.0,0.0,0.0,0.0,0.0,0.0
3,1,0.30736646,0.69263357,0.0,0.0,0.0,0.0,0.0,0.0,0.0,0.0,0.0,0.0,0.0
3,1,0.30736646,0.69263357,0.0,0.0,0.0,0.0,0.0,0.0,0.0,0.0,0.0,0.0,0.0
3,1,0.30736646,0.69263357,0.0,0.0,0.0,0.0,0.0,0.0,0.0,0.0,0.0,0.0,0.0
3,1,0.30736646,0.69263357,0.0,0.0,0.0,0.0,0.0,0.0,0.0,0.0,0.0,0.0,0.0
3,1,0.30736646,0.69263357,0.0,0.0,0.0,0.0,0.0,0.0,0.0,0.0,0.0,0.0,0.0
3,1,0.30736646,0.69263357,0.0,0.0,0.0,0.0,0.0,0.0,0.0,0.0,0.0,0.0,0.0
3,1,0.30736646,0.69263357,0.0,0.0,0.0,0.0,0.0,0.0,0.0,0.0,0.0,0.0,0.0
3,1,0.30736646,0.69263357,0.0,0.0,0.0,0.0,0.0,0.0,0.0,0.0,0.0,0.0,0.0
3,1,0.30736646,0.69263357,0.0,0.0,0.0,0.0,0.0,0.0,0.0,0.0,0.0,0.0,0.0
3,1,0.30736646,0.69263357,0.0,0.0,0.0,0.0,0.0,0.0,0.0,0.0,0.0,0.0,0.0
3,1,0.30736646,0.69263357,0.0,0.0,0.0,0.0,0.0,0.0,0.0,0.0,0.0,0.0,0.0
3,1,0.30736646,0.69263357,0.0,0.0,0.0,0.0,0.0,0.0,0.0,0.0,0.0,0.0,0.0
3,1,0.30736646,0.69263357,0.0,0.0,0.0,0.0,0.0,0.0,0.0,0.0,0.0,0.0,0.0
3,1,0.37255645,0.62744355,0.0,0.0,0.0,0.0,0.0,0.0,0.0,0.0,0.0,0.0,0.0
3,1,0.37255645,0.62744355,0.0,0.0,0.0,0.0,0.0,0.0,0.0,0.0,0.0,0.0,0.0
3,1,0.37255645,0.62744355,0.0,0.0,0.0,0.0,0.0,0.0,0.0,0.0,0.0,0.0,0.0
3,1,0.37255645,0.62744355,0.0,0.0,0.0,0.0,0.0,0.0,0.0,0.0,0.0,0.0,0.0
3,1,0.37255645,0.62744355,0.0,0.0,0.0,0.0,0.0,0.0,0.0,0.0,0.0,0.0,0.0
3,1,0.37255645,0.62744355,0.0,0.0,0.0,0.0,0.0,0.0,0.0,0.0,0.0,0.0,0.0
3,1,0.37255645,0.62744355,0.0,0.0,0.0,0.0,0.0,0.0,0.0,0.0,0.0,0.0,0.0
3,1,0.37255645,0.62744355,0.0,0.0,0.0,0.0,0.0,0.0,0.0,0.0,0.0,0.0,0.0
3,1,0.37255645,0.62744355,0.0,0.0,0.0,0.0,0.0,0.0,0.0,0.0,0.0,0.0,0.0
3,1,0.37255645,0.62744355,0.0,0.0,0.0,0.0,0.0,0.0,0.0,0.0,0.0,0.0,0.0
3,1,0.37255645,0.62744355,0.0,0.0,0.0,0.0,0.0,0.0,0.0,0.0,0.0,0.0,0.0
3,1,0.37255645,0.62744355,0.0,0.0,0.0,0.0,0.0,0.0,0.0,0.0,0.0,0.0,0.0
3,1,0.37255645,0.62744355,0.0,0.0,0.0,0.0,0.0,0.0,0.0,0.0,0.0,0.0,0.0
3,1,0.37255645,0.62744355,0.0,0.0,0.0,0.0,0.0,0.0,0.0,0.0,0.0,0.0,0.0
3,1,0.37255645,0.62744355,0.0,0.0,0.0,0.0,0.0,0.0,0.0,0.0,0.0,0.0,0.0
3,1,0.37255645,0.62744355,0.0,0.0,0.0,0.0,0.0,0.0,0.0,0.0,0.0,0.0,0.0
3,1,0.37255645,0.62744355,0.0,0.0,0.0,0.0,0.0,0.0,0.0,0.0,0.0,0.0,0.0
3,1,0.37255645,0.62744355,0.0,0.0,0.0,0.0,0.0,0.0,0.0,0.0,0.0,0.0,0.0
3,1,0.37255645,0.62744355,0.0,0.0,0.0,0.0,0.0,0.0,0.0,0.0,0.0,0.0,0.0
3,1,0.37255645,0.62744355,0.0,0.0,0.0,0.0,0.0,0.0,0.0,0.0,0.0,0.0,0.0
3,1,0.37255645,0.62744355,0.0,0.0,0.0,0.0,0.0,0.0,0.0,0.0,0.0,0.0,0.0
3,1,0.37255645,0.62744355,0.0,0.0,0.0,0.0,0.0,0.0,0.0,0.0,0.0,0.0,0.0
3,1,0.37255645,0.62744355,0.0,0.0,0.0,0.0,0.0,0.0,0.0,0.0,0.0,0.0,0.0
3,1,0.37255645,0.62744355,0.0,0.0,0.0,0.0,0.0,0.0,0.0,0.0,0.0,0.0,0.0
3,1,0.37255645,0.62744355,0.0,0.0,0.0,0.0,0.0,0.0,0.0,0.0,0.0,0.0,0.0
3,1,0.37255645,0.62744355,0.0,0.0,0.0,0.0,0.0,0.0,0.0,0.0,0.0,0.0,0.0
3,1,0.37255645,0.62744355,0.0,0.0,0.0,0.0,0.0,0.0,0.0,0.0,0.0,0.0,0.0
3,1,0.37255645,0.62744355,0.0,0.0,0.0,0.0,0.0,0.0,0.0,0.0,0.0,0.0,0.0
3,1,0.37255645,0.62744355,0.0,0.0,0.0,0.0,0.0,0.0,0.0,0.0,0.0,0.0,0.0
3,1,0.37255645,0.62744355,0.0,0.0,0.0,0.0,0.0,0.0,0.0,0.0,0.0,0.0,0.0
3,1,0.37255645,0.62744355,0.0,0.0,0.0,0.0,0.0,0.0,0.0,0.0,0.0,0.0,0.0
3,1,0.37255645,0.62744355,0.0,0.0,0.0,0.0,0.0,0.0,0.0,0.0,0.0,0.0,0.0
3,1,0.37255645,0.62744355,0.0,0.0,0.0,0.0,0.0,0.0,0.0,0.0,0.0,0.0,0.0
3,1,0.37255645,0.62744355,0.0,0.0,0.0,0.0,0.0,0.0,0.0,0.0,0.0,0.0,0.0
3,1,0.37255645,0.62744355,0.0,0.0,0.0,0.0,0.0,0.0,0.0,0.0,0.0,0.0,0.0
3,1,0.37255645,0.62744355,0.0,0.0,0.0,0.0,0.0,0.0,0.0,0.0,0.0,0.0,0.0
3,1,0.37255645,0.62744355,0.0,0.0,0.0,0.0,0.0,0.0,0.0,0.0,0.0,0.0,0.0
3,1,0.37255645,0.62744355,0.0,0.0,0.0,0.0,0.0,0.0,0.0,0.0,0.0,0.0,0.0
3,1,0.37255645,0.62744355,0.0,0.0,0.0,0.0,0.0,0.0,0.0,0.0,0.0,0.0,0.0
3,1,0.37255645,0.62744355,0.0,0.0,0.0,0.0,0.0,0.0,0.0,0.0,0.0,0.0,0.0
3,1,0.37255645,0.62744355,0.0,0.0,0.0,0.0,0.0,0.0,0.0,0.0,0.0,0.0,0.0
3,1,0.37255645,0.62744355,0.0,0.0,0.0,0.0,0.0,0.0,0.0,0.0,0.0,0.0,0.0
3,1,0.37255645,0.62744355,0.0,0.0,0.0,0.0,0.0,0.0,0.0,0.0,0.0,0.0,0.0
3,1,0.37255645,0.62744355,0.0,0.0,0.0,0.0,0.0,0.0,0.0,0.0,0.0,0.0,0.0
3,1,0.37255645,0.62744355,0.0,0.0,0.0,0.0,0.0,0.0,0.0,0.0,0.0,0.0,0.0
3,1,0.37255645,0.62744355,0.0,0.0,0.0,0.0,0.0,0.0,0.0,0.0,0.0,0.0,0.0
3,1,0.37255645,0.62744355,0.0,0.0,0.0,0.0,0.0,0.0,0.0,0.0,0.0,0.0,0.0
3,1,0.37255645,0.62744355,0.0,0.0,0.0,0.0,0.0,0.0,0.0,0.0,0.0,0.0,0.0
3,1,0.37255645,0.62744355,0.0,0.0,0.0,0.0,0.0,0.0,0.0,0.0,0.0,0.0,0.0
3,1,0.37255645,0.62744355,0.0,0.0,0.0,0.0,0.0,0.0,0.0,0.0,0.0,0.0,0.0
3,1,0.37255645,0.62744355,0.0,0.0,0.0,0.0,0.0,0.0,0.0,0.0,0.0,0.0,0.0
3,1,0.37255645,0.62744355,0.0,0.0,0.0,0.0,0.0,0.0,0.0,0.0,0.0,0.0,0.0
3,1,0.37255645,0.62744355,0.0,0.0,0.0,0.0,0.0,0.0,0.0,0.0,0.0,0.0,0.0
3,1,0.37255645,0.62744355,0.0,0.0,0.0,0.0,0.0,0.0,0.0,0.0,0.0,0.0,0.0
3,1,0.37255645,0.62744355,0.0,0.0,0.0,0.0,0.0,0.0,0.0,0.0,0.0,0.0,0.0
3,1,0.37255645,0.62744355,0.0,0.0,0.0,0.0,0.0,0.0,0.0,0.0,0.0,0.0,0.0
3,1,0.37255645,0.62744355,0.0,0.0,0.0,0.0,0.0,0.0,0.0,0.0,0.0,0.0,0.0
3,1,0.37255645,0.62744355,0.0,0.0,0.0,0.0,0.0,0.0,0.0,0.0,0.0,0.0,0.0
3,1,0.37255645,0.62744355,0.0,0.0,0.0,0.0,0.0,0.0,0.0,0.0,0.0,0.0,0.0
3,1,0.37255645,0.62744355,0.0,0.0,0.0,0.0,0.0,0.0,0.0,0.0,0.0,0.0,0.0
3,1,0.37255645,0.62744355,0.0,0.0,0.0,0.0,0.0,0.0,0.0,0.0,0.0,0.0,0.0
3,1,0.37255645,0.62744355,0.0,0.0,0.0,0.0,0.0,0.0,0.0,0.0,0.0,0.0,0.0
3,1,0.37255645,0.62744355,0.0,0.0,0.0,0.0,0.0,0.0,0.0,0.0,0.0,0.0,0.0
3,1,0.37255645,0.62744355,0.0,0.0,0.0,0.0,0.0,0.0,0.0,0.0,0.0,0.0,0.0
3,1,0.37255645,0.62744355,0.0,0.0,0.0,0.0,0.0,0.0,0.0,0.0,0.0,0.0,0.0
3,1,0.37255645,0.62744355,0.0,0.0,0.0,0.0,0.0,0.0,0.0,0.0,0.0,0.0,0.0
3,1,0.37255645,0.62744355,0.0,0.0,0.0,0.0,0.0,0.0,0.0,0.0,0.0,0.0,0.0
3,1,0.37255645,0.62744355,0.0,0.0,0.0,0.0,0.0,0.0,0.0,0.0,0.0,0.0,0.0
3,1,0.37255645,0.62744355,0.0,0.0,0.0,0.0,0.0,0.0,0.0,0.0,0.0,0.0,0.0
3,1,0.37255645,0.62744355,0.0,0.0,0.0,0.0,0.0,0.0,0.0,0.0,0.0,0.0,0.0
3,1,0.37255645,0.62744355,0.0,0.0,0.0,0.0,0.0,0.0,0.0,0.0,0.0,0.0,0.0
3,1,0.37255645,0.62744355,0.0,0.0,0.0,0.0,0.0,0.0,0.0,0.0,0.0,0.0,0.0
3,1,0.37255645,0.62744355,0.0,0.0,0.0,0.0,0.0,0.0,0.0,0.0,0.0,0.0,0.0
3,1,0.37255645,0.62744355,0.0,0.0,0.0,0.0,0.0,0.0,0.0,0.0,0.0,0.0,0.0
3,1,0.37255645,0.62744355,0.0,0.0,0.0,0.0,0.0,0.0,0.0,0.0,0.0,0.0,0.0
3,1,0.37255645,0.62744355,0.0,0.0,0.0,0.0,0.0,0.0,0.0,0.0,0.0,0.0,0.0
3,1,0.37255645,0.62744355,0.0,0.0,0.0,0.0,0.0,0.0,0.0,0.0,0.0,0.0,0.0
3,1,0.37255645,0.62744355,0.0,0.0,0.0,0.0,0.0,0.0,0.0,0.0,0.0,0.0,0.0
3,1,0.37255645,0.62744355,0.0,0.0,0.0,0.0,0.0,0.0,0.0,0.0,0.0,0.0,0.0
3,1,0.37255645,0.62744355,0.0,0.0,0.0,0.0,0.0,0.0,0.0,0.0,0.0,0.0,0.0
3,1,0.37255645,0.5655553,0.0,0.06188829,0.0,0.0,0.0,0.0,0.0,0.0,0.0,0.0,0.0
3,1,0.37255645,0.5655553,0.0,0.06188829,0.0,0.0,0.0,0.0,0.0,0.0,0.0,0.0,0.0
3,1,0.37255645,0.5655553,0.0,0.06188829,0.0,0.0,0.0,0.0,0.0,0.0,0.0,0.0,0.0
3,1,0.37255645,0.5655553,0.0,0.06188829,0.0,0.0,0.0,0.0,0.0,0.0,0.0,0.0,0.0
3,1,0.37255645,0.5655553,0.0,0.06188829,0.0,0.0,0.0,0.0,0.0,0.0,0.0,0.0,0.0
3,1,0.37255645,0.5655553,0.0,0.06188829,0.0,0.0,0.0,0.0,0.0,0.0,0.0,0.0,0.0
3,1,0.37255645,0.5655553,0.0,0.06188829,0.0,0.0,0.0,0.0,0.0,0.0,0.0,0.0,0.0
3,1,0.37255645,0.5655553,0.0,0.06188829,0.0,0.0,0.0,0.0,0.0,0.0,0.0,0.0,0.0
3,1,0.37255645,0.5655553,0.0,0.06188829,0.0,0.0,0.0,0.0,0.0,0.0,0.0,0.0,0.0
3,1,0.37255645,0.5655553,0.0,0.06188829,0.0,0.0,0.0,0.0,0.0,0.0,0.0,0.0,0.0
3,1,0.37255645,0.5655553,0.0,0.06188829,0.0,0.0,0.0,0.0,0.0,0.0,0.0,0.0,0.0
3,1,0.37255645,0.5655553,0.0,0.06188829,0.0,0.0,0.0,0.0,0.0,0.0,0.0,0.0,0.0
3,1,0.37255645,0.5655553,0.0,0.06188829,0.0,0.0,0.0,0.0,0.0,0.0,0.0,0.0,0.0
3,1,0.37255645,0.5655553,0.0,0.06188829,0.0,0.0,0.0,0.0,0.0,0.0,0.0,0.0,0.0
3,1,0.37255645,0.5655553,0.0,0.06188829,0.0,0.0,0.0,0.0,0.0,0.0,0.0,0.0,0.0
3,1,0.37255645,0.5655553,0.0,0.06188829,0.0,0.0,0.0,0.0,0.0,0.0,0.0,0.0,0.0
3,1,0.42935342,0.5087583,0.0,0.061888285,0.0,0.0,0.0,0.0,0.0,0.0,0.0,0.0,0.0
3,1,0.42935342,0.5087583,0.0,0.061888285,0.0,0.0,0.0,0.0,0.0,0.0,0.0,0.0,0.0
3,1,0.42935342,0.5087583,0.0,0.061888285,0.0,0.0,0.0,0.0,0.0,0.0,0.0,0.0,0.0
3,1,0.42935342,0.5087583,0.0,0.061888285,0.0,0.0,0.0,0.0,0.0,0.0,0.0,0.0,0.0
3,1,0.42935342,0.5087583,0.0,0.061888285,0.0,0.0,0.0,0.0,0.0,0.0,0.0,0.0,0.0
3,1,0.42935342,0.5087583,0.0,0.061888285,0.0,0.0,0.0,0.0,0.0,0.0,0.0,0.0,0.0
3,1,0.42935342,0.5087583,0.0,0.061888285,0.0,0.0,0.0,0.0,0.0,0.0,0.0,0.0,0.0
3,1,0.42935342,0.5087583,0.0,0.061888285,0.0,0.0,0.0,0.0,0.0,0.0,0.0,0.0,0.0
3,1,0.42935342,0.5087583,0.0,0.061888285,0.0,0.0,0.0,0.0,0.0,0.0,0.0,0.0,0.0
3,1,0.42935342,0.5087583,0.0,0.061888285,0.0,0.0,0.0,0.0,0.0,0.0,0.0,0.0,0.0
3,1,0.42935342,0.5087583,0.0,0.061888285,0.0,0.0,0.0,0.0,0.0,0.0,0.0,0.0,0.0
3,1,0.42935342,0.5087583,0.0,0.061888285,0.0,0.0,0.0,0.0,0.0,0.0,0.0,0.0,0.0
3,1,0.42935342,0.5087583,0.0,0.061888285,0.0,0.0,0.0,0.0,0.0,0.0,0.0,0.0,0.0
3,1,0.42935342,0.5087583,0.0,0.061888285,0.0,0.0,0.0,0.0,0.0,0.0,0.0,0.0,0.0
3,0,0.48908457,0.44902715,0.0,0.06188829,0.0,0.0,0.0,0.0,0.0,0.0,0.0,0.0,0.0
3,0,0.48908457,0.44902715,0.0,0.06188829,0.0,0.0,0.0,0.0,0.0,0.0,0.0,0.0,0.0
3,0,0.48908457,0.44902715,0.0,0.06188829,0.0,0.0,0.0,0.0,0.0,0.0,0.0,0.0,0.0
3,0,0.48908457,0.44902715,0.0,0.06188829,0.0,0.0,0.0,0.0,0.0,0.0,0.0,0.0,0.0
3,0,0.48908457,0.44902715,0.0,0.06188829,0.0,0.0,0.0,0.0,0.0,0.0,0.0,0.0,0.0
3,0,0.48908457,0.44902715,0.0,0.06188829,0.0,0.0,0.0,0.0,0.0,0.0,0.0,0.0,0.0
3,0,0.48908457,0.44902715,0.0,0.06188829,0.0,0.0,0.0,0.0,0.0,0.0,0.0,0.0,0.0
3,0,0.48908457,0.44902715,0.0,0.06188829,0.0,0.0,0.0,0.0,0.0,0.0,0.0,0.0,0.0
3,0,0.48908457,0.44902715,0.0,0.06188829,0.0,0.0,0.0,0.0,0.0,0.0,0.0,0.0,0.0
3,0,0.48908457,0.44902715,0.0,0.06188829,0.0,0.0,0.0,0.0,0.0,0.0,0.0,0.0,0.0
3,0,0.5509729,0.44902715,0.0,0.0,0.0,0.0,0.0,0.0,0.0,0.0,0.0,0.0,0.0
3,0,0.5509729,0.44902715,0.0,0.0,0.0,0.0,0.0,0.0,0.0,0.0,0.0,0.0,0.0
3,0,0.5509729,0.44902715,0.0,0.0,0.0,0.0,0.0,0.0,0.0,0.0,0.0,0.0,0.0
3,0,0.5509729,0.44902715,0.0,0.0,0.0,0.0,0.0,0.0,0.0,0.0,0.0,0.0,0.0
3,0,0.5509729,0.44902715,0.0,0.0,0.0,0.0,0.0,0.0,0.0,0.0,0.0,0.0,0.0
3,0,0.5509729,0.44902715,0.0,0.0,0.0,0.0,0.0,0.0,0.0,0.0,0.0,0.0,0.0
3,0,0.5509729,0.44902715,0.0,0.0,0.0,0.0,0.0,0.0,0.0,0.0,0.0,0.0,0.0
3,0,0.5509729,0.44902715,0.0,0.0,0.0,0.0,0.0,0.0,0.0,0.0,0.0,0.0,0.0
3,0,0.5509729,0.44902715,0.0,0.0,0.0,0.0,0.0,0.0,0.0,0.0,0.0,0.0,0.0
3,0,0.5509729,0.44902715,0.0,0.0,0.0,0.0,0.0,0.0,0.0,0.0,0.0,0.0,0.0
3,0,0.5509729,0.44902715,0.0,0.0,0.0,0.0,0.0,0.0,0.0,0.0,0.0,0.0,0.0
3,0,0.5509729,0.44902715,0.0,0.0,0.0,0.0,0.0,0.0,0.0,0.0,0.0,0.0,0.0
3,0,0.5509729,0.44902715,0.0,0.0,0.0,0.0,0.0,0.0,0.0,0.0,0.0,0.0,0.0
3,0,0.5509729,0.44902715,0.0,0.0,0.0,0.0,0.0,0.0,0.0,0.0,0.0,0.0,0.0
3,0,0.5509729,0.44902715,0.0,0.0,0.0,0.0,0.0,0.0,0.0,0.0,0.0,0.0,0.0
3,0,0.5509729,0.44902715,0.0,0.0,0.0,0.0,0.0,0.0,0.0,0.0,0.0,0.0,0.0
3,0,0.5509729,0.44902715,0.0,0.0,0.0,0.0,0.0,0.0,0.0,0.0,0.0,0.0,0.0
3,0,0.5509729,0.44902715,0.0,0.0,0.0,0.0,0.0,0.0,0.0,0.0,0.0,0.0,0.0
3,0,0.5509729,0.44902715,0.0,0.0,0.0,0.0,0.0,0.0,0.0,0.0,0.0,0.0,0.0
3,0,0.5509729,0.44902715,0.0,0.0,0.0,0.0,0.0,0.0,0.0,0.0,0.0,0.0,0.0
3,0,0.5509729,0.44902715,0.0,0.0,0.0,0.0,0.0,0.0,0.0,0.0,0.0,0.0,0.0
3,0,0.5509729,0.44902715,0.0,0.0,0.0,0.0,0.0,0.0,0.0,0.0,0.0,0.0,0.0
3,0,0.5509729,0.44902715,0.0,0.0,0.0,0.0,0.0,0.0,0.0,0.0,0.0,0.0,0.0
3,0,0.5509729,0.44902715,0.0,0.0,0.0,0.0,0.0,0.0,0.0,0.0,0.0,0.0,0.0
3,0,0.5509729,0.44902715,0.0,0.0,0.0,0.0,0.0,0.0,0.0,0.0,0.0,0.0,0.0
3,0,0.5509729,0.44902715,0.0,0.0,0.0,0.0,0.0,0.0,0.0,0.0,0.0,0.0,0.0
3,0,0.5509729,0.44902715,0.0,0.0,0.0,0.0,0.0,0.0,0.0,0.0,0.0,0.0,0.0
3,0,0.5509729,0.44902715,0.0,0.0,0.0,0.0,0.0,0.0,0.0,0.0,0.0,0.0,0.0
3,0,0.5509729,0.44902715,0.0,0.0,0.0,0.0,0.0,0.0,0.0,0.0,0.0,0.0,0.0
3,0,0.5509729,0.44902715,0.0,0.0,0.0,0.0,0.0,0.0,0.0,0.0,0.0,0.0,0.0
3,0,0.5509729,0.44902715,0.0,0.0,0.0,0.0,0.0,0.0,0.0,0.0,0.0,0.0,0.0
3,0,0.5509729,0.44902715,0.0,0.0,0.0,0.0,0.0,0.0,0.0,0.0,0.0,0.0,0.0
3,0,0.5509729,0.44902715,0.0,0.0,0.0,0.0,0.0,0.0,0.0,0.0,0.0,0.0,0.0
3,0,0.5509729,0.44902715,0.0,0.0,0.0,0.0,0.0,0.0,0.0,0.0,0.0,0.0,0.0
3,0,0.5509729,0.44902715,0.0,0.0,0.0,0.0,0.0,0.0,0.0,0.0,0.0,0.0,0.0
3,0,0.5509729,0.44902715,0.0,0.0,0.0,0.0,0.0,0.0,0.0,0.0,0.0,0.0,0.0
3,0,0.5509729,0.44902715,0.0,0.0,0.0,0.0,0.0,0.0,0.0,0.0,0.0,0.0,0.0
3,0,0.5509729,0.44902715,0.0,0.0,0.0,0.0,0.0,0.0,0.0,0.0,0.0,0.0,0.0
3,0,0.5509729,0.44902715,0.0,0.0,0.0,0.0,0.0,0.0,0.0,0.0,0.0,0.0,0.0
3,0,0.5509729,0.44902715,0.0,0.0,0.0,0.0,0.0,0.0,0.0,0.0,0.0,0.0,0.0
3,0,0.5509729,0.44902715,0.0,0.0,0.0,0.0,0.0,0.0,0.0,0.0,0.0,0.0,0.0
3,0,0.5509729,0.44902715,0.0,0.0,0.0,0.0,0.0,0.0,0.0,0.0,0.0,0.0,0.0
3,0,0.5509729,0.44902715,0.0,0.0,0.0,0.0,0.0,0.0,0.0,0.0,0.0,0.0,0.0
3,0,0.5509729,0.44902715,0.0,0.0,0.0,0.0,0.0,0.0,0.0,0.0,0.0,0.0,0.0
3,0,0.5509729,0.44902715,0.0,0.0,0.0,0.0,0.0,0.0,0.0,0.0,0.0,0.0,0.0
3,0,0.5509729,0.44902715,0.0,0.0,0.0,0.0,0.0,0.0,0.0,0.0,0.0,0.0,0.0
3,0,0.5509729,0.44902715,0.0,0.0,0.0,0.0,0.0,0.0,0.0,0.0,0.0,0.0,0.0
3,0,0.5509729,0.44902715,0.0,0.0,0.0,0.0,0.0,0.0,0.0,0.0,0.0,0.0,0.0
3,0,0.5509729,0.44902715,0.0,0.0,0.0,0.0,0.0,0.0,0.0,0.0,0.0,0.0,0.0
3,0,0.5509729,0.44902715,0.0,0.0,0.0,0.0,0.0,0.0,0.0,0.0,0.0,0.0,0.0
3,0,0.5509729,0.44902715,0.0,0.0,0.0,0.0,0.0,0.0,0.0,0.0,0.0,0.0,0.0
3,0,0.5509729,0.44902715,0.0,0.0,0.0,0.0,0.0,0.0,0.0,0.0,0.0,0.0,0.0
3,0,0.5509729,0.44902715,0.0,0.0,0.0,0.0,0.0,0.0,0.0,0.0,0.0,0.0,0.0
3,0,0.5509729,0.44902715,0.0,0.0,0.0,0.0,0.0,0.0,0.0,0.0,0.0,0.0,0.0
3,0,0.5509729,0.44902715,0.0,0.0,0.0,0.0,0.0,0.0,0.0,0.0,0.0,0.0,0.0
3,0,0.5509729,0.44902715,0.0,0.0,0.0,0.0,0.0,0.0,0.0,0.0,0.0,0.0,0.0
3,0,0.5509729,0.44902715,0.0,0.0,0.0,0.0,0.0,0.0,0.0,0.0,0.0,0.0,0.0
3,0,0.5509729,0.44902715,0.0,0.0,0.0,0.0,0.0,0.0,0.0,0.0,0.0,0.0,0.0
3,0,0.5509729,0.44902715,0.0,0.0,0.0,0.0,0.0,0.0,0.0,0.0,0.0,0.0,0.0
3,0,0.5509729,0.44902715,0.0,0.0,0.0,0.0,0.0,0.0,0.0,0.0,0.0,0.0,0.0
3,0,0.5509729,0.44902715,0.0,0.0,0.0,0.0,0.0,0.0,0.0,0.0,0.0,0.0,0.0
3,0,0.5509729,0.44902715,0.0,0.0,0.0,0.0,0.0,0.0,0.0,0.0,0.0,0.0,0.0
3,0,0.5509729,0.44902715,0.0,0.0,0.0,0.0,0.0,0.0,0.0,0.0,0.0,0.0,0.0
3,0,0.5509729,0.44902715,0.0,0.0,0.0,0.0,0.0,0.0,0.0,0.0,0.0,0.0,0.0
3,0,0.5509729,0.44902715,0.0,0.0,0.0,0.0,0.0,0.0,0.0,0.0,0.0,0.0,0.0
3,0,0.5509729,0.44902715,0.0,0.0,0.0,0.0,0.0,0.0,0.0,0.0,0.0,0.0,0.0
3,0,0.5509729,0.44902715,0.0,0.0,0.0,0.0,0.0,0.0,0.0,0.0,0.0,0.0,0.0
3,0,0.5509729,0.44902715,0.0,0.0,0.0,0.0,0.0,0.0,0.0,0.0,0.0,0.0,0.0
3,0,0.5509729,0.44902715,0.0,0.0,0.0,0.0,0.0,0.0,0.0,0.0,0.0,0.0,0.0
3,0,0.5509729,0.44902715,0.0,0.0,0.0,0.0,0.0,0.0,0.0,0.0,0.0,0.0,0.0
3,0,0.5509729,0.44902715,0.0,0.0,0.0,0.0,0.0,0.0,0.0,0.0,0.0,0.0,0.0
3,0,0.5509729,0.44902715,0.0,0.0,0.0,0.0,0.0,0.0,0.0,0.0,0.0,0.0,0.0
3,0,0.5509729,0.44902715,0.0,0.0,0.0,0.0,0.0,0.0,0.0,0.0,0.0,0.0,0.0
3,0,0.5509729,0.44902715,0.0,0.0,0.0,0.0,0.0,0.0,0.0,0.0,0.0,0.0,0.0
3,0,0.5509729,0.44902715,0.0,0.0,0.0,0.0,0.0,0.0,0.0,0.0,0.0,0.0,0.0
3,0,0.5509729,0.44902715,0.0,0.0,0.0,0.0,0.0,0.0,0.0,0.0,0.0,0.0,0.0
3,0,0.5509729,0.44902715,0.0,0.0,0.0,0.0,0.0,0.0,0.0,0.0,0.0,0.0,0.0
3,0,0.5509729,0.44902715,0.0,0.0,0.0,0.0,0.0,0.0,0.0,0.0,0.0,0.0,0.0
3,0,0.5509729,0.44902715,0.0,0.0,0.0,0.0,0.0,0.0,0.0,0.0,0.0,0.0,0.0
3,0,0.5509729,0.44902715,0.0,0.0,0.0,0.0,0.0,0.0,0.0,0.0,0.0,0.0,0.0
3,0,0.5509729,0.44902715,0.0,0.0,0.0,0.0,0.0,0.0,0.0,0.0,0.0,0.0,0.0
3,0,0.5509729,0.44902715,0.0,0.0,0.0,0.0,0.0,0.0,0.0,0.0,0.0,0.0,0.0
3,0,0.5509729,0.44902715,0.0,0.0,0.0,0.0,0.0,0.0,0.0,0.0,0.0,0.0,0.0
3,0,0.5509729,0.44902715,0.0,0.0,0.0,0.0,0.0,0.0,0.0,0.0,0.0,0.0,0.0
3,0,0.5509729,0.44902715,0.0,0.0,0.0,0.0,0.0,0.0,0.0,0.0,0.0,0.0,0.0
3,0,0.5509729,0.44902715,0.0,0.0,0.0,0.0,0.0,0.0,0.0,0.0,0.0,0.0,0.0
3,0,0.5509729,0.44902715,0.0,0.0,0.0,0.0,0.0,0.0,0.0,0.0,0.0,0.0,0.0
3,0,0.5509729,0.44902715,0.0,0.0,0.0,0.0,0.0,0.0,0.0,0.0,0.0,0.0,0.0
3,0,0.5509729,0.44902715,0.0,0.0,0.0,0.0,0.0,0.0,0.0,0.0,0.0,0.0,0.0
3,0,0.5509729,0.44902715,0.0,0.0,0.0,0.0,0.0,0.0,0.0,0.0,0.0,0.0,0.0
3,0,0.5509729,0.44902715,0.0,0.0,0.0,0.0,0.0,0.0,0.0,0.0,0.0,0.0,0.0
3,0,0.5509729,0.44902715,0.0,0.0,0.0,0.0,0.0,0.0,0.0,0.0,0.0,0.0,0.0
3,0,0.5509729,0.44902715,0.0,0.0,0.0,0.0,0.0,0.0,0.0,0.0,0.0,0.0,0.0
3,0,0.5509729,0.44902715,0.0,0.0,0.0,0.0,0.0,0.0,0.0,0.0,0.0,0.0,0.0
3,0,0.5509729,0.44902715,0.0,0.0,0.0,0.0,0.0,0.0,0.0,0.0,0.0,0.0,0.0
3,0,0.5509729,0.44902715,0.0,0.0,0.0,0.0,0.0,0.0,0.0,0.0,0.0,0.0,0.0
3,0,0.5509729,0.44902715,0.0,0.0,0.0,0.0,0.0,0.0,0.0,0.0,0.0,0.0,0.0
3,0,0.5509729,0.44902715,0.0,0.0,0.0,0.0,0.0,0.0,0.0,0.0,0.0,0.0,0.0
3,0,0.5509729,0.44902715,0.0,0.0,0.0,0.0,0.0,0.0,0.0,0.0,0.0,0.0,0.0
3,0,0.5509729,0.44902715,0.0,0.0,0.0,0.0,0.0,0.0,0.0,0.0,0.0,0.0,0.0
3,0,0.5509729,0.44902715,0.0,0.0,0.0,0.0,0.0,0.0,0.0,0.0,0.0,0.0,0.0
3,0,0.5509729,0.44902715,0.0,0.0,0.0,0.0,0.0,0.0,0.0,0.0,0.0,0.0,0.0
3,0,0.5509729,0.44902715,0.0,0.0,0.0,0.0,0.0,0.0,0.0,0.0,0.0,0.0,0.0
3,0,0.5509729,0.44902715,0.0,0.0,0.0,0.0,0.0,0.0,0.0,0.0,0.0,0.0,0.0
3,0,0.5509729,0.44902715,0.0,0.0,0.0,0.0,0.0,0.0,0.0,0.0,0.0,0.0,0.0
3,0,0.5509729,0.44902715,0.0,0.0,0.0,0.0,0.0,0.0,0.0,0.0,0.0,0.0,0.0
3,0,0.5509729,0.44902715,0.0,0.0,0.0,0.0,0.0,0.0,0.0,0.0,0.0,0.0,0.0
3,0,0.5509729,0.44902715,0.0,0.0,0.0,0.0,0.0,0.0,0.0,0.0,0.0,0.0,0.0
3,0,0.5509729,0.44902715,0.0,0.0,0.0,0.0,0.0,0.0,0.0,0.0,0.0,0.0,0.0
3,0,0.5509729,0.44902715,0.0,0.0,0.0,0.0,0.0,0.0,0.0,0.0,0.0,0.0,0.0
3,0,0.5509729,0.44902715,0.0,0.0,0.0,0.0,0.0,0.0,0.0,0.0,0.0,0.0,0.0
3,0,0.5509729,0.44902715,0.0,0.0,0.0,0.0,0.0,0.0,0.0,0.0,0.0,0.0,0.0
3,0,0.5509729,0.44902715,0.0,0.0,0.0,0.0,0.0,0.0,0.0,0.0,0.0,0.0,0.0
3,0,0.5509729,0.44902715,0.0,0.0,0.0,0.0,0.0,0.0,0.0,0.0,0.0,0.0,0.0
3,0,0.5509729,0.44902715,0.0,0.0,0.0,0.0,0.0,0.0,0.0,0.0,0.0,0.0,0.0
3,0,0.5509729,0.44902715,0.0,0.0,0.0,0.0,0.0,0.0,0.0,0.0,0.0,0.0,0.0
3,0,0.5509729,0.44902715,0.0,0.0,0.0,0.0,0.0,0.0,0.0,0.0,0.0,0.0,0.0
3,0,0.5509729,0.44902715,0.0,0.0,0.0,0.0,0.0,0.0,0.0,0.0,0.0,0.0,0.0
3,0,0.5509729,0.44902715,0.0,0.0,0.0,0.0,0.0,0.0,0.0,0.0,0.0,0.0,0.0
3,0,0.5509729,0.44902715,0.0,0.0,0.0,0.0,0.0,0.0,0.0,0.0,0.0,0.0,0.0
3,0,0.5509729,0.44902715,0.0,0.0,0.0,0.0,0.0,0.0,0.0,0.0,0.0,0.0,0.0
3,0,0.5509729,0.44902715,0.0,0.0,0.0,0.0,0.0,0.0,0.0,0.0,0.0,0.0,0.0
3,0,0.5509729,0.44902715,0.0,0.0,0.0,0.0,0.0,0.0,0.0,0.0,0.0,0.0,0.0
3,0,0.5509729,0.44902715,0.0,0.0,0.0,0.0,0.0,0.0,0.0,0.0,0.0,0.0,0.0
3,0,0.5509729,0.44902715,0.0,0.0,0.0,0.0,0.0,0.0,0.0,0.0,0.0,0.0,0.0
3,0,0.5509729,0.44902715,0.0,0.0,0.0,0.0,0.0,0.0,0.0,0.0,0.0,0.0,0.0
3,0,0.5509729,0.44902715,0.0,0.0,0.0,0.0,0.0,0.0,0.0,0.0,0.0,0.0,0.0
3,0,0.5509729,0.44902715,0.0,0.0,0.0,0.0,0.0,0.0,0.0,0.0,0.0,0.0,0.0
3,0,0.5509729,0.44902715,0.0,0.0,0.0,0.0,0.0,0.0,0.0,0.0,0.0,0.0,0.0
3,0,0.5509729,0.44902715,0.0,0.0,0.0,0.0,0.0,0.0,0.0,0.0,0.0,0.0,0.0
3,0,0.5509729,0.44902715,0.0,0.0,0.0,0.0,0.0,0.0,0.0,0.0,0.0,0.0,0.0
3,0,0.5509729,0.44902715,0.0,0.0,0.0,0.0,0.0,0.0,0.0,0.0,0.0,0.0,0.0
3,0,0.5509729,0.44902715,0.0,0.0,0.0,0.0,0.0,0.0,0.0,0.0,0.0,0.0,0.0
3,0,0.5509729,0.44902715,0.0,0.0,0.0,0.0,0.0,0.0,0.0,0.0,0.0,0.0,0.0
3,0,0.5509729,0.44902715,0.0,0.0,0.0,0.0,0.0,0.0,0.0,0.0,0.0,0.0,0.0
3,0,0.5509729,0.44902715,0.0,0.0,0.0,0.0,0.0,0.0,0.0,0.0,0.0,0.0,0.0
3,0,0.5509729,0.44902715,0.0,0.0,0.0,0.0,0.0,0.0,0.0,0.0,0.0,0.0,0.0
3,0,0.5509729,0.44902715,0.0,0.0,0.0,0.0,0.0,0.0,0.0,0.0,0.0,0.0,0.0
3,0,0.5509729,0.44902715,0.0,0.0,0.0,0.0,0.0,0.0,0.0,0.0,0.0,0.0,0.0
3,0,0.5509729,0.44902715,0.0,0.0,0.0,0.0,0.0,0.0,0.0,0.0,0.0,0.0,0.0
3,0,0.5509729,0.44902715,0.0,0.0,0.0,0.0,0.0,0.0,0.0,0.0,0.0,0.0,0.0
3,0,0.5509729,0.44902715,0.0,0.0,0.0,0.0,0.0,0.0,0.0,0.0,0.0,0.0,0.0
3,0,0.5509729,0.44902715,0.0,0.0,0.0,0.0,0.0,0.0,0.0,0.0,0.0,0.0,0.0
3,0,0.5509729,0.44902715,0.0,0.0,0.0,0.0,0.0,0.0,0.0,0.0,0.0,0.0,0.0
3,0,0.5509729,0.44902715,0.0,0.0,0.0,0.0,0.0,0.0,0.0,0.0,0.0,0.0,0.0
3,0,0.5509729,0.44902715,0.0,0.0,0.0,0.0,0.0,0.0,0.0,0.0,0.0,0.0,0.0
3,0,0.5509729,0.44902715,0.0,0.0,0.0,0.0,0.0,0.0,0.0,0.0,0.0,0.0,0.0
3,0,0.5509729,0.44902715,0.0,0.0,0.0,0.0,0.0,0.0,0.0,0.0,0.0,0.0,0.0
3,0,0.5509729,0.44902715,0.0,0.0,0.0,0.0,0.0,0.0,0.0,0.0,0.0,0.0,0.0
3,0,0.5509729,0.44902715,0.0,0.0,0.0,0.0,0.0,0.0,0.0,0.0,0.0,0.0,0.0
3,0,0.5509729,0.44902715,0.0,0.0,0.0,0.0,0.0,0.0,0.0,0.0,0.0,0.0,0.0
3,0,0.5509729,0.44902715,0.0,0.0,0.0,0.0,0.0,0.0,0.0,0.0,0.0,0.0,0.0
3,0,0.5509729,0.44902715,0.0,0.0,0.0,0.0,0.0,0.0,0.0,0.0,0.0,0.0,0.0
3,0,0.5509729,0.44902715,0.0,0.0,0.0,0.0,0.0,0.0,0.0,0.0,0.0,0.0,0.0
3,0,0.5509729,0.44902715,0.0,0.0,0.0,0.0,0.0,0.0,0.0,0.0,0.0,0.0,0.0
3,0,0.5509729,0.44902715,0.0,0.0,0.0,0.0,0.0,0.0,0.0,0.0,0.0,0.0,0.0
3,0,0.5509729,0.44902715,0.0,0.0,0.0,0.0,0.0,0.0,0.0,0.0,0.0,0.0,0.0
3,0,0.5509729,0.44902715,0.0,0.0,0.0,0.0,0.0,0.0,0.0,0.0,0.0,0.0,0.0
3,0,0.5509729,0.44902715,0.0,0.0,0.0,0.0,0.0,0.0,0.0,0.0,0.0,0.0,0.0
3,0,0.5509729,0.44902715,0.0,0.0,0.0,0.0,0.0,0.0,0.0,0.0,0.0,0.0,0.0
3,0,0.5509729,0.44902715,0.0,0.0,0.0,0.0,0.0,0.0,0.0,0.0,0.0,0.0,0.0
3,0,0.5509729,0.44902715,0.0,0.0,0.0,0.0,0.0,0.0,0.0,0.0,0.0,0.0,0.0
3,0,0.5509729,0.44902715,0.0,0.0,0.0,0.0,0.0,0.0,0.0,0.0,0.0,0.0,0.0
3,0,0.5509729,0.44902715,0.0,0.0,0.0,0.0,0.0,0.0,0.0,0.0,0.0,0.0,0.0
3,0,0.5509729,0.44902715,0.0,0.0,0.0,0.0,0.0,0.0,0.0,0.0,0.0,0.0,0.0
3,0,0.5509729,0.44902715,0.0,0.0,0.0,0.0,0.0,0.0,0.0,0.0,0.0,0.0,0.0
3,0,0.5509729,0.44902715,0.0,0.0,0.0,0.0,0.0,0.0,0.0,0.0,0.0,0.0,0.0
3,0,0.5509729,0.44902715,0.0,0.0,0.0,0.0,0.0,0.0,0.0,0.0,0.0,0.0,0.0
3,0,0.5509729,0.44902715,0.0,0.0,0.0,0.0,0.0,0.0,0.0,0.0,0.0,0.0,0.0
3,0,0.5509729,0.44902715,0.0,0.0,0.0,0.0,0.0,0.0,0.0,0.0,0.0,0.0,0.0
3,0,0.5509729,0.44902715,0.0,0.0,0.0,0.0,0.0,0.0,0.0,0.0,0.0,0.0,0.0
3,0,0.5509729,0.44902715,0.0,0.0,0.0,0.0,0.0,0.0,0.0,0.0,0.0,0.0,0.0
3,0,0.5509729,0.44902715,0.0,0.0,0.0,0.0,0.0,0.0,0.0,0.0,0.0,0.0,0.0
3,0,0.5509729,0.44902715,0.0,0.0,0.0,0.0,0.0,0.0,0.0,0.0,0.0,0.0,0.0
3,0,0.5509729,0.44902715,0.0,0.0,0.0,0.0,0.0,0.0,0.0,0.0,0.0,0.0,0.0
3,0,0.5509729,0.44902715,0.0,0.0,0.0,0.0,0.0,0.0,0.0,0.0,0.0,0.0,0.0
3,0,0.5509729,0.44902715,0.0,0.0,0.0,0.0,0.0,0.0,0.0,0.0,0.0,0.0,0.0
3,0,0.5509729,0.44902715,0.0,0.0,0.0,0.0,0.0,0.0,0.0,0.0,0.0,0.0,0.0
3,0,0.5509729,0.44902715,0.0,0.0,0.0,0.0,0.0,0.0,0.0,0.0,0.0,0.0,0.0
3,0,0.5509729,0.44902715,0.0,0.0,0.0,0.0,0.0,0.0,0.0,0.0,0.0,0.0,0.0
3,0,0.5509729,0.44902715,0.0,0.0,0.0,0.0,0.0,0.0,0.0,0.0,0.0,0.0,0.0
3,0,0.5509729,0.44902715,0.0,0.0,0.0,0.0,0.0,0.0,0.0,0.0,0.0,0.0,0.0
3,0,0.5509729,0.44902715,0.0,0.0,0.0,0.0,0.0,0.0,0.0,0.0,0.0,0.0,0.0
3,0,0.5509729,0.44902715,0.0,0.0,0.0,0.0,0.0,0.0,0.0,0.0,0.0,0.0,0.0
3,0,0.5509729,0.44902715,0.0,0.0,0.0,0.0,0.0,0.0,0.0,0.0,0.0,0.0,0.0
3,0,0.5509729,0.44902715,0.0,0.0,0.0,0.0,0.0,0.0,0.0,0.0,0.0,0.0,0.0
3,0,0.5509729,0.44902715,0.0,0.0,0.0,0.0,0.0,0.0,0.0,0.0,0.0,0.0,0.0
3,0,0.5509729,0.44902715,0.0,0.0,0.0,0.0,0.0,0.0,0.0,0.0,0.0,0.0,0.0
3,0,0.5509729,0.44902715,0.0,0.0,0.0,0.0,0.0,0.0,0.0,0.0,0.0,0.0,0.0
3,0,0.5509729,0.44902715,0.0,0.0,0.0,0.0,0.0,0.0,0.0,0.0,0.0,0.0,0.0
3,0,0.5509729,0.44902715,0.0,0.0,0.0,0.0,0.0,0.0,0.0,0.0,0.0,0.0,0.0
3,0,0.5509729,0.44902715,0.0,0.0,0.0,0.0,0.0,0.0,0.0,0.0,0.0,0.0,0.0
3,0,0.5509729,0.44902715,0.0,0.0,0.0,0.0,0.0,0.0,0.0,0.0,0.0,0.0,0.0
3,0,0.5509729,0.44902715,0.0,0.0,0.0,0.0,0.0,0.0,0.0,0.0,0.0,0.0,0.0
3,0,0.5509729,0.44902715,0.0,0.0,0.0,0.0,0.0,0.0,0.0,0.0,0.0,0.0,0.0
3,0,0.5509729,0.44902715,0.0,0.0,0.0,0.0,0.0,0.0,0.0,0.0,0.0,0.0,0.0
3,0,0.5509729,0.44902715,0.0,0.0,0.0,0.0,0.0,0.0,0.0,0.0,0.0,0.0,0.0
3,0,0.5509729,0.44902715,0.0,0.0,0.0,0.0,0.0,0.0,0.0,0.0,0.0,0.0,0.0
3,0,0.5509729,0.44902715,0.0,0.0,0.0,0.0,0.0,0.0,0.0,0.0,0.0,0.0,0.0
3,0,0.5509729,0.44902715,0.0,0.0,0.0,0.0,0.0,0.0,0.0,0.0,0.0,0.0,0.0
3,0,0.5509729,0.44902715,0.0,0.0,0.0,0.0,0.0,0.0,0.0,0.0,0.0,0.0,0.0
3,0,0.5509729,0.44902715,0.0,0.0,0.0,0.0,0.0,0.0,0.0,0.0,0.0,0.0,0.0
3,0,0.5509729,0.44902715,0.0,0.0,0.0,0.0,0.0,0.0,0.0,0.0,0.0,0.0,0.0
3,0,0.5509729,0.44902715,0.0,0.0,0.0,0.0,0.0,0.0,0.0,0.0,0.0,0.0,0.0
3,0,0.5509729,0.44902715,0.0,0.0,0.0,0.0,0.0,0.0,0.0,0.0,0.0,0.0,0.0
3,0,0.5509729,0.44902715,0.0,0.0,0.0,0.0,0.0,0.0,0.0,0.0,0.0,0.0,0.0
3,0,0.5509729,0.44902715,0.0,0.0,0.0,0.0,0.0,0.0,0.0,0.0,0.0,0.0,0.0
3,0,0.5509729,0.44902715,0.0,0.0,0.0,0.0,0.0,0.0,0.0,0.0,0.0,0.0,0.0
3,0,0.5509729,0.44902715,0.0,0.0,0.0,0.0,0.0,0.0,0.0,0.0,0.0,0.0,0.0
3,0,0.5509729,0.44902715,0.0,0.0,0.0,0.0,0.0,0.0,0.0,0.0,0.0,0.0,0.0
3,0,0.5509729,0.44902715,0.0,0.0,0.0,0.0,0.0,0.0,0.0,0.0,0.0,0.0,0.0
3,0,0.5509729,0.44902715,0.0,0.0,0.0,0.0,0.0,0.0,0.0,0.0,0.0,0.0,0.0
3,0,0.5509729,0.44902715,0.0,0.0,0.0,0.0,0.0,0.0,0.0,0.0,0.0,0.0,0.0
3,0,0.5509729,0.44902715,0.0,0.0,0.0,0.0,0.0,0.0,0.0,0.0,0.0,0.0,0.0
3,0,0.5509729,0.44902715,0.0,0.0,0.0,0.0,0.0,0.0,0.0,0.0,0.0,0.0,0.0
3,0,0.5509729,0.44902715,0.0,0.0,0.0,0.0,0.0,0.0,0.0,0.0,0.0,0.0,0.0
3,0,0.5509729,0.44902715,0.0,0.0,0.0,0.0,0.0,0.0,0.0,0.0,0.0,0.0,0.0
3,0,0.5509729,0.44902715,0.0,0.0,0.0,0.0,0.0,0.0,0.0,0.0,0.0,0.0,0.0
3,0,0.5509729,0.44902715,0.0,0.0,0.0,0.0,0.0,0.0,0.0,0.0,0.0,0.0,0.0
3,0,0.5509729,0.44902715,0.0,0.0,0.0,0.0,0.0,0.0,0.0,0.0,0.0,0.0,0.0
3,0,0.5509729,0.44902715,0.0,0.0,0.0,0.0,0.0,0.0,0.0,0.0,0.0,0.0,0.0
3,0,0.5509729,0.44902715,0.0,0.0,0.0,0.0,0.0,0.0,0.0,0.0,0.0,0.0,0.0
3,0,0.5509729,0.44902715,0.0,0.0,0.0,0.0,0.0,0.0,0.0,0.0,0.0,0.0,0.0
3,0,0.5509729,0.44902715,0.0,0.0,0.0,0.0,0.0,0.0,0.0,0.0,0.0,0.0,0.0
3,0,0.5509729,0.44902715,0.0,0.0,0.0,0.0,0.0,0.0,0.0,0.0,0.0,0.0,0.0
3,0,0.5509729,0.44902715,0.0,0.0,0.0,0.0,0.0,0.0,0.0,0.0,0.0,0.0,0.0
3,0,0.5509729,0.44902715,0.0,0.0,0.0,0.0,0.0,0.0,0.0,0.0,0.0,0.0,0.0
3,0,0.5509729,0.44902715,0.0,0.0,0.0,0.0,0.0,0.0,0.0,0.0,0.0,0.0,0.0
3,0,0.5509729,0.44902715,0.0,0.0,0.0,0.0,0.0,0.0,0.0,0.0,0.0,0.0,0.0
3,0,0.5509729,0.44902715,0.0,0.0,0.0,0.0,0.0,0.0,0.0,0.0,0.0,0.0,0.0
3,0,0.5509729,0.44902715,0.0,0.0,0.0,0.0,0.0,0.0,0.0,0.0,0.0,0.0,0.0
3,0,0.5509729,0.44902715,0.0,0.0,0.0,0.0,0.0,0.0,0.0,0.0,0.0,0.0,0.0
3,0,0.5509729,0.44902715,0.0,0.0,0.0,0.0,0.0,0.0,0.0,0.0,0.0,0.0,0.0
3,0,0.5509729,0.44902715,0.0,0.0,0.0,0.0,0.0,0.0,0.0,0.0,0.0,0.0,0.0
3,0,0.5509729,0.44902715,0.0,0.0,0.0,0.0,0.0,0.0,0.0,0.0,0.0,0.0,0.0
3,0,0.5509729,0.44902715,0.0,0.0,0.0,0.0,0.0,0.0,0.0,0.0,0.0,0.0,0.0
3,0,0.5509729,0.44902715,0.0,0.0,0.0,0.0,0.0,0.0,0.0,0.0,0.0,0.0,0.0
3,0,0.5509729,0.44902715,0.0,0.0,0.0,0.0,0.0,0.0,0.0,0.0,0.0,0.0,0.0
3,0,0.5509729,0.44902715,0.0,0.0,0.0,0.0,0.0,0.0,0.0,0.0,0.0,0.0,0.0
3,0,0.5509729,0.44902715,0.0,0.0,0.0,0.0,0.0,0.0,0.0,0.0,0.0,0.0,0.0
3,0,0.5509729,0.44902715,0.0,0.0,0.0,0.0,0.0,0.0,0.0,0.0,0.0,0.0,0.0
3,0,0.5509729,0.44902715,0.0,0.0,0.0,0.0,0.0,0.0,0.0,0.0,0.0,0.0,0.0
3,0,0.5509729,0.44902715,0.0,0.0,0.0,0.0,0.0,0.0,0.0,0.0,0.0,0.0,0.0
3,0,0.5509729,0.44902715,0.0,0.0,0.0,0.0,0.0,0.0,0.0,0.0,0.0,0.0,0.0
3,0,0.5509729,0.44902715,0.0,0.0,0.0,0.0,0.0,0.0,0.0,0.0,0.0,0.0,0.0
3,0,0.5509729,0.44902715,0.0,0.0,0.0,0.0,0.0,0.0,0.0,0.0,0.0,0.0,0.0
3,0,0.5509729,0.44902715,0.0,0.0,0.0,0.0,0.0,0.0,0.0,0.0,0.0,0.0,0.0
3,0,0.5509729,0.44902715,0.0,0.0,0.0,0.0,0.0,0.0,0.0,0.0,0.0,0.0,0.0
3,0,0.5509729,0.44902715,0.0,0.0,0.0,0.0,0.0,0.0,0.0,0.0,0.0,0.0,0.0
3,0,0.5509729,0.44902715,0.0,0.0,0.0,0.0,0.0,0.0,0.0,0.0,0.0,0.0,0.0
3,0,0.5509729,0.44902715,0.0,0.0,0.0,0.0,0.0,0.0,0.0,0.0,0.0,0.0,0.0
3,0,0.5509729,0.44902715,0.0,0.0,0.0,0.0,0.0,0.0,0.0,0.0,0.0,0.0,0.0
3,0,0.5509729,0.44902715,0.0,0.0,0.0,0.0,0.0,0.0,0.0,0.0,0.0,0.0,0.0
3,0,0.5509729,0.44902715,0.0,0.0,0.0,0.0,0.0,0.0,0.0,0.0,0.0,0.0,0.0
3,0,0.5509729,0.44902715,0.0,0.0,0.0,0.0,0.0,0.0,0.0,0.0,0.0,0.0,0.0
3,0,0.5509729,0.44902715,0.0,0.0,0.0,0.0,0.0,0.0,0.0,0.0,0.0,0.0,0.0
3,0,0.5509729,0.44902715,0.0,0.0,0.0,0.0,0.0,0.0,0.0,0.0,0.0,0.0,0.0
3,0,0.5509729,0.44902715,0.0,0.0,0.0,0.0,0.0,0.0,0.0,0.0,0.0,0.0,0.0
3,0,0.5509729,0.44902715,0.0,0.0,0.0,0.0,0.0,0.0,0.0,0.0,0.0,0.0,0.0
3,0,0.5509729,0.44902715,0.0,0.0,0.0,0.0,0.0,0.0,0.0,0.0,0.0,0.0,0.0
3,0,0.5509729,0.44902715,0.0,0.0,0.0,0.0,0.0,0.0,0.0,0.0,0.0,0.0,0.0
3,0,0.5509729,0.44902715,0.0,0.0,0.0,0.0,0.0,0.0,0.0,0.0,0.0,0.0,0.0
3,0,0.5509729,0.44902715,0.0,0.0,0.0,0.0,0.0,0.0,0.0,0.0,0.0,0.0,0.0
3,0,0.5509729,0.44902715,0.0,0.0,0.0,0.0,0.0,0.0,0.0,0.0,0.0,0.0,0.0
3,0,0.5509729,0.44902715,0.0,0.0,0.0,0.0,0.0,0.0,0.0,0.0,0.0,0.0,0.0
3,0,0.5509729,0.44902715,0.0,0.0,0.0,0.0,0.0,0.0,0.0,0.0,0.0,0.0,0.0
3,0,0.5509729,0.44902715,0.0,0.0,0.0,0.0,0.0,0.0,0.0,0.0,0.0,0.0,0.0
3,0,0.5509729,0.44902715,0.0,0.0,0.0,0.0,0.0,0.0,0.0,0.0,0.0,0.0,0.0
3,0,0.5509729,0.44902715,0.0,0.0,0.0,0.0,0.0,0.0,0.0,0.0,0.0,0.0,0.0
3,0,0.5509729,0.44902715,0.0,0.0,0.0,0.0,0.0,0.0,0.0,0.0,0.0,0.0,0.0
3,0,0.5509729,0.44902715,0.0,0.0,0.0,0.0,0.0,0.0,0.0,0.0,0.0,0.0,0.0
3,0,0.5509729,0.44902715,0.0,0.0,0.0,0.0,0.0,0.0,0.0,0.0,0.0,0.0,0.0
3,0,0.5509729,0.44902715,0.0,0.0,0.0,0.0,0.0,0.0,0.0,0.0,0.0,0.0,0.0
3,0,0.5509729,0.44902715,0.0,0.0,0.0,0.0,0.0,0.0,0.0,0.0,0.0,0.0,0.0
3,0,0.5509729,0.44902715,0.0,0.0,0.0,0.0,0.0,0.0,0.0,0.0,0.0,0.0,0.0
3,0,0.5509729,0.44902715,0.0,0.0,0.0,0.0,0.0,0.0,0.0,0.0,0.0,0.0,0.0
3,0,0.5509729,0.44902715,0.0,0.0,0.0,0.0,0.0,0.0,0.0,0.0,0.0,0.0,0.0
3,0,0.5509729,0.44902715,0.0,0.0,0.0,0.0,0.0,0.0,0.0,0.0,0.0,0.0,0.0
3,0,0.5509729,0.44902715,0.0,0.0,0.0,0.0,0.0,0.0,0.0,0.0,0.0,0.0,0.0
3,0,0.5509729,0.44902715,0.0,0.0,0.0,0.0,0.0,0.0,0.0,0.0,0.0,0.0,0.0
3,0,0.5509729,0.44902715,0.0,0.0,0.0,0.0,0.0,0.0,0.0,0.0,0.0,0.0,0.0
3,0,0.5509729,0.44902715,0.0,0.0,0.0,0.0,0.0,0.0,0.0,0.0,0.0,0.0,0.0
3,0,0.5509729,0.44902715,0.0,0.0,0.0,0.0,0.0,0.0,0.0,0.0,0.0,0.0,0.0
3,0,0.5509729,0.44902715,0.0,0.0,0.0,0.0,0.0,0.0,0.0,0.0,0.0,0.0,0.0
3,0,0.5509729,0.44902715,0.0,0.0,0.0,0.0,0.0,0.0,0.0,0.0,0.0,0.0,0.0
3,0,0.5509729,0.44902715,0.0,0.0,0.0,0.0,0.0,0.0,0.0,0.0,0.0,0.0,0.0
3,0,0.5509729,0.44902715,0.0,0.0,0.0,0.0,0.0,0.0,0.0,0.0,0.0,0.0,0.0
3,0,0.5509729,0.44902715,0.0,0.0,0.0,0.0,0.0,0.0,0.0,0.0,0.0,0.0,0.0
3,0,0.5509729,0.44902715,0.0,0.0,0.0,0.0,0.0,0.0,0.0,0.0,0.0,0.0,0.0
3,0,0.5509729,0.44902715,0.0,0.0,0.0,0.0,0.0,0.0,0.0,0.0,0.0,0.0,0.0
3,0,0.5509729,0.44902715,0.0,0.0,0.0,0.0,0.0,0.0,0.0,0.0,0.0,0.0,0.0
3,0,0.5509729,0.44902715,0.0,0.0,0.0,0.0,0.0,0.0,0.0,0.0,0.0,0.0,0.0
3,0,0.5509729,0.44902715,0.0,0.0,0.0,0.0,0.0,0.0,0.0,0.0,0.0,0.0,0.0
3,0,0.5509729,0.44902715,0.0,0.0,0.0,0.0,0.0,0.0,0.0,0.0,0.0,0.0,0.0
3,0,0.5509729,0.44902715,0.0,0.0,0.0,0.0,0.0,0.0,0.0,0.0,0.0,0.0,0.0
3,0,0.5509729,0.44902715,0.0,0.0,0.0,0.0,0.0,0.0,0.0,0.0,0.0,0.0,0.0
3,0,0.5509729,0.44902715,0.0,0.0,0.0,0.0,0.0,0.0,0.0,0.0,0.0,0.0,0.0
3,0,0.5509729,0.44902715,0.0,0.0,0.0,0.0,0.0,0.0,0.0,0.0,0.0,0.0,0.0
3,0,0.5509729,0.44902715,0.0,0.0,0.0,0.0,0.0,0.0,0.0,0.0,0.0,0.0,0.0
3,0,0.5509729,0.44902715,0.0,0.0,0.0,0.0,0.0,0.0,0.0,0.0,0.0,0.0,0.0
3,0,0.5509729,0.44902715,0.0,0.0,0.0,0.0,0.0,0.0,0.0,0.0,0.0,0.0,0.0
3,0,0.5509729,0.44902715,0.0,0.0,0.0,0.0,0.0,0.0,0.0,0.0,0.0,0.0,0.0
3,0,0.5509729,0.44902715,0.0,0.0,0.0,0.0,0.0,0.0,0.0,0.0,0.0,0.0,0.0
3,0,0.5509729,0.44902715,0.0,0.0,0.0,0.0,0.0,0.0,0.0,0.0,0.0,0.0,0.0
3,0,0.5509729,0.44902715,0.0,0.0,0.0,0.0,0.0,0.0,0.0,0.0,0.0,0.0,0.0
3,0,0.5509729,0.44902715,0.0,0.0,0.0,0.0,0.0,0.0,0.0,0.0,0.0,0.0,0.0
3,0,0.5509729,0.44902715,0.0,0.0,0.0,0.0,0.0,0.0,0.0,0.0,0.0,0.0,0.0
3,0,0.5509729,0.44902715,0.0,0.0,0.0,0.0,0.0,0.0,0.0,0.0,0.0,0.0,0.0
3,0,0.5509729,0.44902715,0.0,0.0,0.0,0.0,0.0,0.0,0.0,0.0,0.0,0.0,0.0
3,0,0.5509729,0.44902715,0.0,0.0,0.0,0.0,0.0,0.0,0.0,0.0,0.0,0.0,0.0
3,0,0.5509729,0.44902715,0.0,0.0,0.0,0.0,0.0,0.0,0.0,0.0,0.0,0.0,0.0
3,0,0.5509729,0.44902715,0.0,0.0,0.0,0.0,0.0,0.0,0.0,0.0,0.0,0.0,0.0
3,0,0.5509729,0.44902715,0.0,0.0,0.0,0.0,0.0,0.0,0.0,0.0,0.0,0.0,0.0
3,0,0.5509729,0.44902715,0.0,0.0,0.0,0.0,0.0,0.0,0.0,0.0,0.0,0.0,0.0
3,0,0.5509729,0.44902715,0.0,0.0,0.0,0.0,0.0,0.0,0.0,0.0,0.0,0.0,0.0
3,0,0.5509729,0.44902715,0.0,0.0,0.0,0.0,0.0,0.0,0.0,0.0,0.0,0.0,0.0
3,0,0.5509729,0.44902715,0.0,0.0,0.0,0.0,0.0,0.0,0.0,0.0,0.0,0.0,0.0
3,0,0.5509729,0.44902715,0.0,0.0,0.0,0.0,0.0,0.0,0.0,0.0,0.0,0.0,0.0
3,0,0.5509729,0.44902715,0.0,0.0,0.0,0.0,0.0,0.0,0.0,0.0,0.0,0.0,0.0
3,0,0.5509729,0.44902715,0.0,0.0,0.0,0.0,0.0,0.0,0.0,0.0,0.0,0.0,0.0
3,0,0.5509729,0.44902715,0.0,0.0,0.0,0.0,0.0,0.0,0.0,0.0,0.0,0.0,0.0
3,0,0.5509729,0.44902715,0.0,0.0,0.0,0.0,0.0,0.0,0.0,0.0,0.0,0.0,0.0
3,0,0.5509729,0.44902715,0.0,0.0,0.0,0.0,0.0,0.0,0.0,0.0,0.0,0.0,0.0
3,0,0.5509729,0.44902715,0.0,0.0,0.0,0.0,0.0,0.0,0.0,0.0,0.0,0.0,0.0
3,0,0.5509729,0.44902715,0.0,0.0,0.0,0.0,0.0,0.0,0.0,0.0,0.0,0.0,0.0
3,0,0.5509729,0.44902715,0.0,0.0,0.0,0.0,0.0,0.0,0.0,0.0,0.0,0.0,0.0
3,0,0.5509729,0.44902715,0.0,0.0,0.0,0.0,0.0,0.0,0.0,0.0,0.0,0.0,0.0
3,0,0.5509729,0.44902715,0.0,0.0,0.0,0.0,0.0,0.0,0.0,0.0,0.0,0.0,0.0
3,0,0.5509729,0.44902715,0.0,0.0,0.0,0.0,0.0,0.0,0.0,0.0,0.0,0.0,0.0
3,0,0.5509729,0.44902715,0.0,0.0,0.0,0.0,0.0,0.0,0.0,0.0,0.0,0.0,0.0
3,0,0.5509729,0.44902715,0.0,0.0,0.0,0.0,0.0,0.0,0.0,0.0,0.0,0.0,0.0
3,0,0.5509729,0.44902715,0.0,0.0,0.0,0.0,0.0,0.0,0.0,0.0,0.0,0.0,0.0
3,0,0.5509729,0.44902715,0.0,0.0,0.0,0.0,0.0,0.0,0.0,0.0,0.0,0.0,0.0
3,0,0.5509729,0.44902715,0.0,0.0,0.0,0.0,0.0,0.0,0.0,0.0,0.0,0.0,0.0
3,0,0.5509729,0.44902715,0.0,0.0,0.0,0.0,0.0,0.0,0.0,0.0,0.0,0.0,0.0
3,0,0.5509729,0.44902715,0.0,0.0,0.0,0.0,0.0,0.0,0.0,0.0,0.0,0.0,0.0
3,0,0.5509729,0.44902715,0.0,0.0,0.0,0.0,0.0,0.0,0.0,0.0,0.0,0.0,0.0
3,0,0.5509729,0.44902715,0.0,0.0,0.0,0.0,0.0,0.0,0.0,0.0,0.0,0.0,0.0
3,0,0.5509729,0.44902715,0.0,0.0,0.0,0.0,0.0,0.0,0.0,0.0,0.0,0.0,0.0
3,0,0.5509729,0.44902715,0.0,0.0,0.0,0.0,0.0,0.0,0.0,0.0,0.0,0.0,0.0
3,0,0.5509729,0.44902715,0.0,0.0,0.0,0.0,0.0,0.0,0.0,0.0,0.0,0.0,0.0
3,0,0.5509729,0.44902715,0.0,0.0,0.0,0.0,0.0,0.0,0.0,0.0,0.0,0.0,0.0
3,0,0.5509729,0.44902715,0.0,0.0,0.0,0.0,0.0,0.0,0.0,0.0,0.0,0.0,0.0
3,0,0.5509729,0.44902715,0.0,0.0,0.0,0.0,0.0,0.0,0.0,0.0,0.0,0.0,0.0
3,0,0.5509729,0.44902715,0.0,0.0,0.0,0.0,0.0,0.0,0.0,0.0,0.0,0.0,0.0
3,0,0.5509729,0.44902715,0.0,0.0,0.0,0.0,0.0,0.0,0.0,0.0,0.0,0.0,0.0
3,0,0.5509729,0.44902715,0.0,0.0,0.0,0.0,0.0,0.0,0.0,0.0,0.0,0.0,0.0
3,0,0.5509729,0.44902715,0.0,0.0,0.0,0.0,0.0,0.0,0.0,0.0,0.0,0.0,0.0
3,0,0.5509729,0.44902715,0.0,0.0,0.0,0.0,0.0,0.0,0.0,0.0,0.0,0.0,0.0
3,0,0.5509729,0.44902715,0.0,0.0,0.0,0.0,0.0,0.0,0.0,0.0,0.0,0.0,0.0
3,0,0.5509729,0.44902715,0.0,0.0,0.0,0.0,0.0,0.0,0.0,0.0,0.0,0.0,0.0
3,0,0.5509729,0.44902715,0.0,0.0,0.0,0.0,0.0,0.0,0.0,0.0,0.0,0.0,0.0
3,0,0.5509729,0.44902715,0.0,0.0,0.0,0.0,0.0,0.0,0.0,0.0,0.0,0.0,0.0
3,0,0.5509729,0.44902715,0.0,0.0,0.0,0.0,0.0,0.0,0.0,0.0,0.0,0.0,0.0
3,0,0.5509729,0.44902715,0.0,0.0,0.0,0.0,0.0,0.0,0.0,0.0,0.0,0.0,0.0
3,0,0.5509729,0.44902715,0.0,0.0,0.0,0.0,0.0,0.0,0.0,0.0,0.0,0.0,0.0
3,0,0.5509729,0.44902715,0.0,0.0,0.0,0.0,0.0,0.0,0.0,0.0,0.0,0.0,0.0
3,0,0.5509729,0.44902715,0.0,0.0,0.0,0.0,0.0,0.0,0.0,0.0,0.0,0.0,0.0
3,0,0.5509729,0.44902715,0.0,0.0,0.0,0.0,0.0,0.0,0.0,0.0,0.0,0.0,0.0
3,0,0.5509729,0.44902715,0.0,0.0,0.0,0.0,0.0,0.0,0.0,0.0,0.0,0.0,0.0
3,0,0.5509729,0.44902715,0.0,0.0,0.0,0.0,0.0,0.0,0.0,0.0,0.0,0.0,0.0
3,0,0.5509729,0.44902715,0.0,0.0,0.0,0.0,0.0,0.0,0.0,0.0,0.0,0.0,0.0
3,0,0.5509729,0.44902715,0.0,0.0,0.0,0.0,0.0,0.0,0.0,0.0,0.0,0.0,0.0
3,0,0.5509729,0.44902715,0.0,0.0,0.0,0.0,0.0,0.0,0.0,0.0,0.0,0.0,0.0
3,0,0.5509729,0.44902715,0.0,0.0,0.0,0.0,0.0,0.0,0.0,0.0,0.0,0.0,0.0
3,0,0.5509729,0.44902715,0.0,0.0,0.0,0.0,0.0,0.0,0.0,0.0,0.0,0.0,0.0
3,0,0.5509729,0.44902715,0.0,0.0,0.0,0.0,0.0,0.0,0.0,0.0,0.0,0.0,0.0
3,0,0.5509729,0.44902715,0.0,0.0,0.0,0.0,0.0,0.0,0.0,0.0,0.0,0.0,0.0
3,0,0.5509729,0.44902715,0.0,0.0,0.0,0.0,0.0,0.0,0.0,0.0,0.0,0.0,0.0
3,0,0.5509729,0.44902715,0.0,0.0,0.0,0.0,0.0,0.0,0.0,0.0,0.0,0.0,0.0
3,0,0.5509729,0.44902715,0.0,0.0,0.0,0.0,0.0,0.0,0.0,0.0,0.0,0.0,0.0
3,0,0.5509729,0.44902715,0.0,0.0,0.0,0.0,0.0,0.0,0.0,0.0,0.0,0.0,0.0
3,0,0.5509729,0.44902715,0.0,0.0,0.0,0.0,0.0,0.0,0.0,0.0,0.0,0.0,0.0
3,0,0.5509729,0.44902715,0.0,0.0,0.0,0.0,0.0,0.0,0.0,0.0,0.0,0.0,0.0
3,0,0.5509729,0.44902715,0.0,0.0,0.0,0.0,0.0,0.0,0.0,0.0,0.0,0.0,0.0
3,0,0.5509729,0.44902715,0.0,0.0,0.0,0.0,0.0,0.0,0.0,0.0,0.0,0.0,0.0
3,0,0.5509729,0.44902715,0.0,0.0,0.0,0.0,0.0,0.0,0.0,0.0,0.0,0.0,0.0
3,0,0.5509729,0.44902715,0.0,0.0,0.0,0.0,0.0,0.0,0.0,0.0,0.0,0.0,0.0
3,0,0.5509729,0.44902715,0.0,0.0,0.0,0.0,0.0,0.0,0.0,0.0,0.0,0.0,0.0
3,0,0.5509729,0.44902715,0.0,0.0,0.0,0.0,0.0,0.0,0.0,0.0,0.0,0.0,0.0
3,0,0.5509729,0.44902715,0.0,0.0,0.0,0.0,0.0,0.0,0.0,0.0,0.0,0.0,0.0
3,0,0.5509729,0.44902715,0.0,0.0,0.0,0.0,0.0,0.0,0.0,0.0,0.0,0.0,0.0
3,0,0.5509729,0.44902715,0.0,0.0,0.0,0.0,0.0,0.0,0.0,0.0,0.0,0.0,0.0
3,0,0.5509729,0.44902715,0.0,0.0,0.0,0.0,0.0,0.0,0.0,0.0,0.0,0.0,0.0
3,0,0.5509729,0.44902715,0.0,0.0,0.0,0.0,0.0,0.0,0.0,0.0,0.0,0.0,0.0
3,0,0.5509729,0.44902715,0.0,0.0,0.0,0.0,0.0,0.0,0.0,0.0,0.0,0.0,0.0
3,0,0.5509729,0.44902715,0.0,0.0,0.0,0.0,0.0,0.0,0.0,0.0,0.0,0.0,0.0
3,0,0.5509729,0.44902715,0.0,0.0,0.0,0.0,0.0,0.0,0.0,0.0,0.0,0.0,0.0
3,0,0.5509729,0.44902715,0.0,0.0,0.0,0.0,0.0,0.0,0.0,0.0,0.0,0.0,0.0
3,0,0.5509729,0.44902715,0.0,0.0,0.0,0.0,0.0,0.0,0.0,0.0,0.0,0.0,0.0
3,0,0.5509729,0.44902715,0.0,0.0,0.0,0.0,0.0,0.0,0.0,0.0,0.0,0.0,0.0
3,0,0.5509729,0.44902715,0.0,0.0,0.0,0.0,0.0,0.0,0.0,0.0,0.0,0.0,0.0
3,0,0.5509729,0.44902715,0.0,0.0,0.0,0.0,0.0,0.0,0.0,0.0,0.0,0.0,0.0
3,0,0.5509729,0.44902715,0.0,0.0,0.0,0.0,0.0,0.0,0.0,0.0,0.0,0.0,0.0
3,0,0.5509729,0.44902715,0.0,0.0,0.0,0.0,0.0,0.0,0.0,0.0,0.0,0.0,0.0
3,0,0.5509729,0.44902715,0.0,0.0,0.0,0.0,0.0,0.0,0.0,0.0,0.0,0.0,0.0
3,0,0.5509729,0.44902715,0.0,0.0,0.0,0.0,0.0,0.0,0.0,0.0,0.0,0.0,0.0
3,0,0.5509729,0.44902715,0.0,0.0,0.0,0.0,0.0,0.0,0.0,0.0,0.0,0.0,0.0
3,0,0.5509729,0.44902715,0.0,0.0,0.0,0.0,0.0,0.0,0.0,0.0,0.0,0.0,0.0
3,0,0.5509729,0.44902715,0.0,0.0,0.0,0.0,0.0,0.0,0.0,0.0,0.0,0.0,0.0
3,1,0.4857829,0.51421714,0.0,0.0,0.0,0.0,0.0,0.0,0.0,0.0,0.0,0.0,0.0
3,1,0.4857829,0.51421714,0.0,0.0,0.0,0.0,0.0,0.0,0.0,0.0,0.0,0.0,0.0
3,1,0.4857829,0.51421714,0.0,0.0,0.0,0.0,0.0,0.0,0.0,0.0,0.0,0.0,0.0
3,1,0.4857829,0.51421714,0.0,0.0,0.0,0.0,0.0,0.0,0.0,0.0,0.0,0.0,0.0
3,1,0.4857829,0.51421714,0.0,0.0,0.0,0.0,0.0,0.0,0.0,0.0,0.0,0.0,0.0
3,1,0.4857829,0.51421714,0.0,0.0,0.0,0.0,0.0,0.0,0.0,0.0,0.0,0.0,0.0
3,1,0.4857829,0.51421714,0.0,0.0,0.0,0.0,0.0,0.0,0.0,0.0,0.0,0.0,0.0
3,1,0.4857829,0.51421714,0.0,0.0,0.0,0.0,0.0,0.0,0.0,0.0,0.0,0.0,0.0
3,1,0.4857829,0.51421714,0.0,0.0,0.0,0.0,0.0,0.0,0.0,0.0,0.0,0.0,0.0
3,1,0.4857829,0.51421714,0.0,0.0,0.0,0.0,0.0,0.0,0.0,0.0,0.0,0.0,0.0
3,1,0.4857829,0.51421714,0.0,0.0,0.0,0.0,0.0,0.0,0.0,0.0,0.0,0.0,0.0
3,1,0.4857829,0.51421714,0.0,0.0,0.0,0.0,0.0,0.0,0.0,0.0,0.0,0.0,0.0
3,1,0.4857829,0.51421714,0.0,0.0,0.0,0.0,0.0,0.0,0.0,0.0,0.0,0.0,0.0
3,1,0.4857829,0.51421714,0.0,0.0,0.0,0.0,0.0,0.0,0.0,0.0,0.0,0.0,0.0
3,1,0.4857829,0.51421714,0.0,0.0,0.0,0.0,0.0,0.0,0.0,0.0,0.0,0.0,0.0
3,1,0.4857829,0.51421714,0.0,0.0,0.0,0.0,0.0,0.0,0.0,0.0,0.0,0.0,0.0
3,1,0.4857829,0.51421714,0.0,0.0,0.0,0.0,0.0,0.0,0.0,0.0,0.0,0.0,0.0
3,1,0.4857829,0.51421714,0.0,0.0,0.0,0.0,0.0,0.0,0.0,0.0,0.0,0.0,0.0
3,1,0.4857829,0.51421714,0.0,0.0,0.0,0.0,0.0,0.0,0.0,0.0,0.0,0.0,0.0
3,1,0.4857829,0.51421714,0.0,0.0,0.0,0.0,0.0,0.0,0.0,0.0,0.0,0.0,0.0
3,1,0.4857829,0.51421714,0.0,0.0,0.0,0.0,0.0,0.0,0.0,0.0,0.0,0.0,0.0
3,1,0.4857829,0.51421714,0.0,0.0,0.0,0.0,0.0,0.0,0.0,0.0,0.0,0.0,0.0
3,1,0.4857829,0.51421714,0.0,0.0,0.0,0.0,0.0,0.0,0.0,0.0,0.0,0.0,0.0
3,1,0.4857829,0.51421714,0.0,0.0,0.0,0.0,0.0,0.0,0.0,0.0,0.0,0.0,0.0
3,1,0.4857829,0.51421714,0.0,0.0,0.0,0.0,0.0,0.0,0.0,0.0,0.0,0.0,0.0
3,1,0.4857829,0.51421714,0.0,0.0,0.0,0.0,0.0,0.0,0.0,0.0,0.0,0.0,0.0
3,1,0.4857829,0.51421714,0.0,0.0,0.0,0.0,0.0,0.0,0.0,0.0,0.0,0.0,0.0
3,1,0.4857829,0.51421714,0.0,0.0,0.0,0.0,0.0,0.0,0.0,0.0,0.0,0.0,0.0
3,1,0.4857829,0.51421714,0.0,0.0,0.0,0.0,0.0,0.0,0.0,0.0,0.0,0.0,0.0
3,1,0.4857829,0.51421714,0.0,0.0,0.0,0.0,0.0,0.0,0.0,0.0,0.0,0.0,0.0
3,1,0.4857829,0.51421714,0.0,0.0,0.0,0.0,0.0,0.0,0.0,0.0,0.0,0.0,0.0
3,1,0.4857829,0.51421714,0.0,0.0,0.0,0.0,0.0,0.0,0.0,0.0,0.0,0.0,0.0
3,1,0.4857829,0.51421714,0.0,0.0,0.0,0.0,0.0,0.0,0.0,0.0,0.0,0.0,0.0
3,1,0.4857829,0.51421714,0.0,0.0,0.0,0.0,0.0,0.0,0.0,0.0,0.0,0.0,0.0
3,1,0.4857829,0.51421714,0.0,0.0,0.0,0.0,0.0,0.0,0.0,0.0,0.0,0.0,0.0
3,1,0.4857829,0.51421714,0.0,0.0,0.0,0.0,0.0,0.0,0.0,0.0,0.0,0.0,0.0
3,1,0.4857829,0.51421714,0.0,0.0,0.0,0.0,0.0,0.0,0.0,0.0,0.0,0.0,0.0
3,1,0.4857829,0.51421714,0.0,0.0,0.0,0.0,0.0,0.0,0.0,0.0,0.0,0.0,0.0
3,1,0.4857829,0.51421714,0.0,0.0,0.0,0.0,0.0,0.0,0.0,0.0,0.0,0.0,0.0
3,1,0.4857829,0.51421714,0.0,0.0,0.0,0.0,0.0,0.0,0.0,0.0,0.0,0.0,0.0
3,1,0.4857829,0.51421714,0.0,0.0,0.0,0.0,0.0,0.0,0.0,0.0,0.0,0.0,0.0
3,1,0.4857829,0.51421714,0.0,0.0,0.0,0.0,0.0,0.0,0.0,0.0,0.0,0.0,0.0
3,1,0.4857829,0.51421714,0.0,0.0,0.0,0.0,0.0,0.0,0.0,0.0,0.0,0.0,0.0
3,1,0.4857829,0.51421714,0.0,0.0,0.0,0.0,0.0,0.0,0.0,0.0,0.0,0.0,0.0
3,1,0.4857829,0.51421714,0.0,0.0,0.0,0.0,0.0,0.0,0.0,0.0,0.0,0.0,0.0
3,1,0.4857829,0.51421714,0.0,0.0,0.0,0.0,0.0,0.0,0.0,0.0,0.0,0.0,0.0
3,1,0.4857829,0.51421714,0.0,0.0,0.0,0.0,0.0,0.0,0.0,0.0,0.0,0.0,0.0
3,1,0.4857829,0.51421714,0.0,0.0,0.0,0.0,0.0,0.0,0.0,0.0,0.0,0.0,0.0
3,1,0.4857829,0.51421714,0.0,0.0,0.0,0.0,0.0,0.0,0.0,0.0,0.0,0.0,0.0
3,1,0.4857829,0.51421714,0.0,0.0,0.0,0.0,0.0,0.0,0.0,0.0,0.0,0.0,0.0
3,1,0.4857829,0.51421714,0.0,0.0,0.0,0.0,0.0,0.0,0.0,0.0,0.0,0.0,0.0
3,1,0.4857829,0.51421714,0.0,0.0,0.0,0.0,0.0,0.0,0.0,0.0,0.0,0.0,0.0
3,1,0.4857829,0.51421714,0.0,0.0,0.0,0.0,0.0,0.0,0.0,0.0,0.0,0.0,0.0
3,1,0.4857829,0.51421714,0.0,0.0,0.0,0.0,0.0,0.0,0.0,0.0,0.0,0.0,0.0
3,1,0.4857829,0.51421714,0.0,0.0,0.0,0.0,0.0,0.0,0.0,0.0,0.0,0.0,0.0
3,1,0.4857829,0.51421714,0.0,0.0,0.0,0.0,0.0,0.0,0.0,0.0,0.0,0.0,0.0
3,1,0.4857829,0.51421714,0.0,0.0,0.0,0.0,0.0,0.0,0.0,0.0,0.0,0.0,0.0
3,1,0.4857829,0.51421714,0.0,0.0,0.0,0.0,0.0,0.0,0.0,0.0,0.0,0.0,0.0
3,1,0.4857829,0.51421714,0.0,0.0,0.0,0.0,0.0,0.0,0.0,0.0,0.0,0.0,0.0
3,1,0.4857829,0.51421714,0.0,0.0,0.0,0.0,0.0,0.0,0.0,0.0,0.0,0.0,0.0
3,1,0.4857829,0.51421714,0.0,0.0,0.0,0.0,0.0,0.0,0.0,0.0,0.0,0.0,0.0
3,1,0.4857829,0.51421714,0.0,0.0,0.0,0.0,0.0,0.0,0.0,0.0,0.0,0.0,0.0
3,1,0.4857829,0.51421714,0.0,0.0,0.0,0.0,0.0,0.0,0.0,0.0,0.0,0.0,0.0
3,1,0.4857829,0.51421714,0.0,0.0,0.0,0.0,0.0,0.0,0.0,0.0,0.0,0.0,0.0
3,1,0.4857829,0.51421714,0.0,0.0,0.0,0.0,0.0,0.0,0.0,0.0,0.0,0.0,0.0
3,1,0.4857829,0.51421714,0.0,0.0,0.0,0.0,0.0,0.0,0.0,0.0,0.0,0.0,0.0
3,1,0.4857829,0.51421714,0.0,0.0,0.0,0.0,0.0,0.0,0.0,0.0,0.0,0.0,0.0
3,1,0.4857829,0.51421714,0.0,0.0,0.0,0.0,0.0,0.0,0.0,0.0,0.0,0.0,0.0
3,1,0.4857829,0.51421714,0.0,0.0,0.0,0.0,0.0,0.0,0.0,0.0,0.0,0.0,0.0
3,1,0.4857829,0.51421714,0.0,0.0,0.0,0.0,0.0,0.0,0.0,0.0,0.0,0.0,0.0
3,1,0.4857829,0.51421714,0.0,0.0,0.0,0.0,0.0,0.0,0.0,0.0,0.0,0.0,0.0
3,1,0.4857829,0.51421714,0.0,0.0,0.0,0.0,0.0,0.0,0.0,0.0,0.0,0.0,0.0
3,1,0.4857829,0.51421714,0.0,0.0,0.0,0.0,0.0,0.0,0.0,0.0,0.0,0.0,0.0
3,1,0.4857829,0.51421714,0.0,0.0,0.0,0.0,0.0,0.0,0.0,0.0,0.0,0.0,0.0
3,1,0.4857829,0.51421714,0.0,0.0,0.0,0.0,0.0,0.0,0.0,0.0,0.0,0.0,0.0
3,1,0.4857829,0.51421714,0.0,0.0,0.0,0.0,0.0,0.0,0.0,0.0,0.0,0.0,0.0
3,1,0.4857829,0.51421714,0.0,0.0,0.0,0.0,0.0,0.0,0.0,0.0,0.0,0.0,0.0
3,1,0.4857829,0.51421714,0.0,0.0,0.0,0.0,0.0,0.0,0.0,0.0,0.0,0.0,0.0
3,1,0.4857829,0.51421714,0.0,0.0,0.0,0.0,0.0,0.0,0.0,0.0,0.0,0.0,0.0
3,1,0.4857829,0.51421714,0.0,0.0,0.0,0.0,0.0,0.0,0.0,0.0,0.0,0.0,0.0
3,1,0.4857829,0.51421714,0.0,0.0,0.0,0.0,0.0,0.0,0.0,0.0,0.0,0.0,0.0
3,1,0.4857829,0.51421714,0.0,0.0,0.0,0.0,0.0,0.0,0.0,0.0,0.0,0.0,0.0
3,1,0.4857829,0.51421714,0.0,0.0,0.0,0.0,0.0,0.0,0.0,0.0,0.0,0.0,0.0
3,1,0.4857829,0.51421714,0.0,0.0,0.0,0.0,0.0,0.0,0.0,0.0,0.0,0.0,0.0
3,1,0.4857829,0.51421714,0.0,0.0,0.0,0.0,0.0,0.0,0.0,0.0,0.0,0.0,0.0
3,1,0.4857829,0.51421714,0.0,0.0,0.0,0.0,0.0,0.0,0.0,0.0,0.0,0.0,0.0
3,1,0.4857829,0.51421714,0.0,0.0,0.0,0.0,0.0,0.0,0.0,0.0,0.0,0.0,0.0
3,1,0.4857829,0.51421714,0.0,0.0,0.0,0.0,0.0,0.0,0.0,0.0,0.0,0.0,0.0
3,1,0.4857829,0.51421714,0.0,0.0,0.0,0.0,0.0,0.0,0.0,0.0,0.0,0.0,0.0
3,1,0.4857829,0.51421714,0.0,0.0,0.0,0.0,0.0,0.0,0.0,0.0,0.0,0.0,0.0
3,1,0.4857829,0.51421714,0.0,0.0,0.0,0.0,0.0,0.0,0.0,0.0,0.0,0.0,0.0
3,1,0.4857829,0.51421714,0.0,0.0,0.0,0.0,0.0,0.0,0.0,0.0,0.0,0.0,0.0
3,1,0.4857829,0.51421714,0.0,0.0,0.0,0.0,0.0,0.0,0.0,0.0,0.0,0.0,0.0
3,1,0.4857829,0.51421714,0.0,0.0,0.0,0.0,0.0,0.0,0.0,0.0,0.0,0.0,0.0
3,1,0.4857829,0.51421714,0.0,0.0,0.0,0.0,0.0,0.0,0.0,0.0,0.0,0.0,0.0
3,1,0.4857829,0.51421714,0.0,0.0,0.0,0.0,0.0,0.0,0.0,0.0,0.0,0.0,0.0
3,1,0.4857829,0.51421714,0.0,0.0,0.0,0.0,0.0,0.0,0.0,0.0,0.0,0.0,0.0
3,1,0.4857829,0.51421714,0.0,0.0,0.0,0.0,0.0,0.0,0.0,0.0,0.0,0.0,0.0
3,1,0.4857829,0.51421714,0.0,0.0,0.0,0.0,0.0,0.0,0.0,0.0,0.0,0.0,0.0
3,1,0.4857829,0.51421714,0.0,0.0,0.0,0.0,0.0,0.0,0.0,0.0,0.0,0.0,0.0
3,1,0.4857829,0.51421714,0.0,0.0,0.0,0.0,0.0,0.0,0.0,0.0,0.0,0.0,0.0
3,1,0.4857829,0.51421714,0.0,0.0,0.0,0.0,0.0,0.0,0.0,0.0,0.0,0.0,0.0
3,1,0.4857829,0.51421714,0.0,0.0,0.0,0.0,0.0,0.0,0.0,0.0,0.0,0.0,0.0
3,1,0.4857829,0.51421714,0.0,0.0,0.0,0.0,0.0,0.0,0.0,0.0,0.0,0.0,0.0
3,1,0.4857829,0.51421714,0.0,0.0,0.0,0.0,0.0,0.0,0.0,0.0,0.0,0.0,0.0
3,1,0.4857829,0.51421714,0.0,0.0,0.0,0.0,0.0,0.0,0.0,0.0,0.0,0.0,0.0
3,1,0.4857829,0.51421714,0.0,0.0,0.0,0.0,0.0,0.0,0.0,0.0,0.0,0.0,0.0
3,1,0.4857829,0.51421714,0.0,0.0,0.0,0.0,0.0,0.0,0.0,0.0,0.0,0.0,0.0
3,1,0.4857829,0.51421714,0.0,0.0,0.0,0.0,0.0,0.0,0.0,0.0,0.0,0.0,0.0
3,1,0.4857829,0.51421714,0.0,0.0,0.0,0.0,0.0,0.0,0.0,0.0,0.0,0.0,0.0
3,1,0.4857829,0.51421714,0.0,0.0,0.0,0.0,0.0,0.0,0.0,0.0,0.0,0.0,0.0
3,1,0.4857829,0.51421714,0.0,0.0,0.0,0.0,0.0,0.0,0.0,0.0,0.0,0.0,0.0
3,1,0.4857829,0.51421714,0.0,0.0,0.0,0.0,0.0,0.0,0.0,0.0,0.0,0.0,0.0
3,1,0.4857829,0.51421714,0.0,0.0,0.0,0.0,0.0,0.0,0.0,0.0,0.0,0.0,0.0
3,1,0.4857829,0.51421714,0.0,0.0,0.0,0.0,0.0,0.0,0.0,0.0,0.0,0.0,0.0
3,1,0.4857829,0.51421714,0.0,0.0,0.0,0.0,0.0,0.0,0.0,0.0,0.0,0.0,0.0
3,1,0.4857829,0.51421714,0.0,0.0,0.0,0.0,0.0,0.0,0.0,0.0,0.0,0.0,0.0
3,1,0.4857829,0.51421714,0.0,0.0,0.0,0.0,0.0,0.0,0.0,0.0,0.0,0.0,0.0
3,1,0.4857829,0.51421714,0.0,0.0,0.0,0.0,0.0,0.0,0.0,0.0,0.0,0.0,0.0
3,1,0.4857829,0.51421714,0.0,0.0,0.0,0.0,0.0,0.0,0.0,0.0,0.0,0.0,0.0
3,1,0.4857829,0.51421714,0.0,0.0,0.0,0.0,0.0,0.0,0.0,0.0,0.0,0.0,0.0
3,1,0.4857829,0.51421714,0.0,0.0,0.0,0.0,0.0,0.0,0.0,0.0,0.0,0.0,0.0
3,1,0.4857829,0.51421714,0.0,0.0,0.0,0.0,0.0,0.0,0.0,0.0,0.0,0.0,0.0
3,1,0.4857829,0.51421714,0.0,0.0,0.0,0.0,0.0,0.0,0.0,0.0,0.0,0.0,0.0
3,1,0.4857829,0.51421714,0.0,0.0,0.0,0.0,0.0,0.0,0.0,0.0,0.0,0.0,0.0
3,1,0.4857829,0.51421714,0.0,0.0,0.0,0.0,0.0,0.0,0.0,0.0,0.0,0.0,0.0
3,1,0.4857829,0.51421714,0.0,0.0,0.0,0.0,0.0,0.0,0.0,0.0,0.0,0.0,0.0
3,1,0.4857829,0.51421714,0.0,0.0,0.0,0.0,0.0,0.0,0.0,0.0,0.0,0.0,0.0
3,1,0.4857829,0.51421714,0.0,0.0,0.0,0.0,0.0,0.0,0.0,0.0,0.0,0.0,0.0
3,1,0.4857829,0.51421714,0.0,0.0,0.0,0.0,0.0,0.0,0.0,0.0,0.0,0.0,0.0
3,1,0.4857829,0.51421714,0.0,0.0,0.0,0.0,0.0,0.0,0.0,0.0,0.0,0.0,0.0
3,1,0.4857829,0.51421714,0.0,0.0,0.0,0.0,0.0,0.0,0.0,0.0,0.0,0.0,0.0
3,1,0.4857829,0.51421714,0.0,0.0,0.0,0.0,0.0,0.0,0.0,0.0,0.0,0.0,0.0
3,1,0.4857829,0.51421714,0.0,0.0,0.0,0.0,0.0,0.0,0.0,0.0,0.0,0.0,0.0
3,1,0.4857829,0.51421714,0.0,0.0,0.0,0.0,0.0,0.0,0.0,0.0,0.0,0.0,0.0
3,1,0.4857829,0.51421714,0.0,0.0,0.0,0.0,0.0,0.0,0.0,0.0,0.0,0.0,0.0
3,1,0.4857829,0.51421714,0.0,0.0,0.0,0.0,0.0,0.0,0.0,0.0,0.0,0.0,0.0
3,1,0.4857829,0.51421714,0.0,0.0,0.0,0.0,0.0,0.0,0.0,0.0,0.0,0.0,0.0
3,1,0.4857829,0.51421714,0.0,0.0,0.0,0.0,0.0,0.0,0.0,0.0,0.0,0.0,0.0
3,1,0.4857829,0.51421714,0.0,0.0,0.0,0.0,0.0,0.0,0.0,0.0,0.0,0.0,0.0
3,1,0.4857829,0.51421714,0.0,0.0,0.0,0.0,0.0,0.0,0.0,0.0,0.0,0.0,0.0
3,1,0.4857829,0.51421714,0.0,0.0,0.0,0.0,0.0,0.0,0.0,0.0,0.0,0.0,0.0
3,1,0.4857829,0.51421714,0.0,0.0,0.0,0.0,0.0,0.0,0.0,0.0,0.0,0.0,0.0
3,1,0.4857829,0.51421714,0.0,0.0,0.0,0.0,0.0,0.0,0.0,0.0,0.0,0.0,0.0
3,1,0.4857829,0.51421714,0.0,0.0,0.0,0.0,0.0,0.0,0.0,0.0,0.0,0.0,0.0
3,1,0.4857829,0.51421714,0.0,0.0,0.0,0.0,0.0,0.0,0.0,0.0,0.0,0.0,0.0
3,1,0.4857829,0.51421714,0.0,0.0,0.0,0.0,0.0,0.0,0.0,0.0,0.0,0.0,0.0
3,1,0.4857829,0.51421714,0.0,0.0,0.0,0.0,0.0,0.0,0.0,0.0,0.0,0.0,0.0
3,1,0.4857829,0.51421714,0.0,0.0,0.0,0.0,0.0,0.0,0.0,0.0,0.0,0.0,0.0
3,1,0.4857829,0.51421714,0.0,0.0,0.0,0.0,0.0,0.0,0.0,0.0,0.0,0.0,0.0
3,1,0.4857829,0.51421714,0.0,0.0,0.0,0.0,0.0,0.0,0.0,0.0,0.0,0.0,0.0
3,1,0.4857829,0.51421714,0.0,0.0,0.0,0.0,0.0,0.0,0.0,0.0,0.0,0.0,0.0
3,1,0.4857829,0.51421714,0.0,0.0,0.0,0.0,0.0,0.0,0.0,0.0,0.0,0.0,0.0
3,1,0.4857829,0.51421714,0.0,0.0,0.0,0.0,0.0,0.0,0.0,0.0,0.0,0.0,0.0
3,1,0.4857829,0.51421714,0.0,0.0,0.0,0.0,0.0,0.0,0.0,0.0,0.0,0.0,0.0
3,0,0.48578286,0.4529527,0.0,0.0,0.0,0.0,0.0,0.061264373,0.0,0.0,0.0,0.0,0.0
3,0,0.48578286,0.4529527,0.0,0.0,0.0,0.0,0.0,0.061264373,0.0,0.0,0.0,0.0,0.0
3,0,0.48578286,0.4529527,0.0,0.0,0.0,0.0,0.0,0.061264373,0.0,0.0,0.0,0.0,0.0
3,0,0.48578286,0.4529527,0.0,0.0,0.0,0.0,0.0,0.061264373,0.0,0.0,0.0,0.0,0.0
3,0,0.48578286,0.4529527,0.0,0.0,0.0,0.0,0.0,0.061264373,0.0,0.0,0.0,0.0,0.0
3,0,0.48578286,0.4529527,0.0,0.0,0.0,0.0,0.0,0.061264373,0.0,0.0,0.0,0.0,0.0
3,0,0.48578286,0.4529527,0.0,0.0,0.0,0.0,0.0,0.061264373,0.0,0.0,0.0,0.0,0.0
3,0,0.48578286,0.4529527,0.0,0.0,0.0,0.0,0.0,0.061264373,0.0,0.0,0.0,0.0,0.0
3,0,0.48578286,0.4529527,0.0,0.0,0.0,0.0,0.0,0.061264373,0.0,0.0,0.0,0.0,0.0
3,0,0.48578286,0.4529527,0.0,0.0,0.0,0.0,0.0,0.061264373,0.0,0.0,0.0,0.0,0.0
3,0,0.48578286,0.4529527,0.0,0.0,0.0,0.0,0.0,0.061264373,0.0,0.0,0.0,0.0,0.0
3,0,0.48578286,0.4529527,0.0,0.0,0.0,0.0,0.0,0.061264373,0.0,0.0,0.0,0.0,0.0
3,0,0.48578286,0.4529527,0.0,0.0,0.0,0.0,0.0,0.061264373,0.0,0.0,0.0,0.0,0.0
3,0,0.48578286,0.4529527,0.0,0.0,0.0,0.0,0.0,0.061264373,0.0,0.0,0.0,0.0,0.0
3,0,0.48578286,0.4529527,0.0,0.0,0.0,0.0,0.0,0.061264373,0.0,0.0,0.0,0.0,0.0
3,0,0.48578286,0.4529527,0.0,0.0,0.0,0.0,0.0,0.061264373,0.0,0.0,0.0,0.0,0.0
3,0,0.48578286,0.4529527,0.0,0.0,0.0,0.0,0.0,0.061264373,0.0,0.0,0.0,0.0,0.0
3,0,0.48578286,0.4529527,0.0,0.0,0.0,0.0,0.0,0.061264373,0.0,0.0,0.0,0.0,0.0
3,0,0.48578286,0.4529527,0.0,0.0,0.0,0.0,0.0,0.061264373,0.0,0.0,0.0,0.0,0.0
3,0,0.48578286,0.4529527,0.0,0.0,0.0,0.0,0.0,0.061264373,0.0,0.0,0.0,0.0,0.0
3,0,0.48578286,0.4529527,0.0,0.0,0.0,0.0,0.0,0.061264373,0.0,0.0,0.0,0.0,0.0
3,0,0.48578286,0.4529527,0.0,0.0,0.0,0.0,0.0,0.061264373,0.0,0.0,0.0,0.0,0.0
3,0,0.48578286,0.4529527,0.0,0.0,0.0,0.0,0.0,0.061264373,0.0,0.0,0.0,0.0,0.0
3,0,0.48578286,0.4529527,0.0,0.0,0.0,0.0,0.0,0.061264373,0.0,0.0,0.0,0.0,0.0
3,0,0.48578286,0.4529527,0.0,0.0,0.0,0.0,0.0,0.061264373,0.0,0.0,0.0,0.0,0.0
3,0,0.48578286,0.4529527,0.0,0.0,0.0,0.0,0.0,0.061264373,0.0,0.0,0.0,0.0,0.0
3,0,0.48578286,0.4529527,0.0,0.0,0.0,0.0,0.0,0.061264373,0.0,0.0,0.0,0.0,0.0
3,0,0.48578286,0.4529527,0.0,0.0,0.0,0.0,0.0,0.061264373,0.0,0.0,0.0,0.0,0.0
3,0,0.48578286,0.4529527,0.0,0.0,0.0,0.0,0.0,0.061264373,0.0,0.0,0.0,0.0,0.0
3,0,0.48578286,0.4529527,0.0,0.0,0.0,0.0,0.0,0.061264373,0.0,0.0,0.0,0.0,0.0
3,0,0.48578286,0.4529527,0.0,0.0,0.0,0.0,0.0,0.061264373,0.0,0.0,0.0,0.0,0.0
3,0,0.48578286,0.4529527,0.0,0.0,0.0,0.0,0.0,0.061264373,0.0,0.0,0.0,0.0,0.0
3,0,0.48578286,0.4529527,0.0,0.0,0.0,0.0,0.0,0.061264373,0.0,0.0,0.0,0.0,0.0
3,0,0.48578286,0.4529527,0.0,0.0,0.0,0.0,0.0,0.061264373,0.0,0.0,0.0,0.0,0.0
3,0,0.48578286,0.4529527,0.0,0.0,0.0,0.0,0.0,0.061264373,0.0,0.0,0.0,0.0,0.0
3,0,0.48578286,0.4529527,0.0,0.0,0.0,0.0,0.0,0.061264373,0.0,0.0,0.0,0.0,0.0
3,0,0.48578286,0.4529527,0.0,0.0,0.0,0.0,0.0,0.061264373,0.0,0.0,0.0,0.0,0.0
3,0,0.48578286,0.4529527,0.0,0.0,0.0,0.0,0.0,0.061264373,0.0,0.0,0.0,0.0,0.0
3,0,0.48578286,0.4529527,0.0,0.0,0.0,0.0,0.0,0.061264373,0.0,0.0,0.0,0.0,0.0
3,0,0.48578286,0.4529527,0.0,0.0,0.0,0.0,0.0,0.061264373,0.0,0.0,0.0,0.0,0.0
3,0,0.48578286,0.4529527,0.0,0.0,0.0,0.0,0.0,0.061264373,0.0,0.0,0.0,0.0,0.0
3,0,0.48578286,0.4529527,0.0,0.0,0.0,0.0,0.0,0.061264373,0.0,0.0,0.0,0.0,0.0
3,0,0.48578286,0.4529527,0.0,0.0,0.0,0.0,0.0,0.061264373,0.0,0.0,0.0,0.0,0.0
3,0,0.48578286,0.4529527,0.0,0.0,0.0,0.0,0.0,0.061264373,0.0,0.0,0.0,0.0,0.0
3,0,0.48578286,0.4529527,0.0,0.0,0.0,0.0,0.0,0.061264373,0.0,0.0,0.0,0.0,0.0
3,0,0.48578286,0.4529527,0.0,0.0,0.0,0.0,0.0,0.061264373,0.0,0.0,0.0,0.0,0.0
3,0,0.48578286,0.4529527,0.0,0.0,0.0,0.0,0.0,0.061264373,0.0,0.0,0.0,0.0,0.0
3,0,0.48578286,0.4529527,0.0,0.0,0.0,0.0,0.0,0.061264373,0.0,0.0,0.0,0.0,0.0
3,0,0.48578286,0.4529527,0.0,0.0,0.0,0.0,0.0,0.061264373,0.0,0.0,0.0,0.0,0.0
3,0,0.48578286,0.4529527,0.0,0.0,0.0,0.0,0.0,0.061264373,0.0,0.0,0.0,0.0,0.0
3,0,0.48578286,0.4529527,0.0,0.0,0.0,0.0,0.0,0.061264373,0.0,0.0,0.0,0.0,0.0
3,0,0.48578286,0.4529527,0.0,0.0,0.0,0.0,0.0,0.061264373,0.0,0.0,0.0,0.0,0.0
3,0,0.48578286,0.4529527,0.0,0.0,0.0,0.0,0.0,0.061264373,0.0,0.0,0.0,0.0,0.0
3,0,0.48578286,0.4529527,0.0,0.0,0.0,0.0,0.0,0.061264373,0.0,0.0,0.0,0.0,0.0
3,0,0.48578286,0.4529527,0.0,0.0,0.0,0.0,0.0,0.061264373,0.0,0.0,0.0,0.0,0.0
3,0,0.48578286,0.4529527,0.0,0.0,0.0,0.0,0.0,0.061264373,0.0,0.0,0.0,0.0,0.0
3,0,0.48578286,0.4529527,0.0,0.0,0.0,0.0,0.0,0.061264373,0.0,0.0,0.0,0.0,0.0
3,0,0.48578286,0.4529527,0.0,0.0,0.0,0.0,0.0,0.061264373,0.0,0.0,0.0,0.0,0.0
3,0,0.48578286,0.4529527,0.0,0.0,0.0,0.0,0.0,0.061264373,0.0,0.0,0.0,0.0,0.0
3,0,0.48578286,0.4529527,0.0,0.0,0.0,0.0,0.0,0.061264373,0.0,0.0,0.0,0.0,0.0
3,0,0.48578286,0.4529527,0.0,0.0,0.0,0.0,0.0,0.061264373,0.0,0.0,0.0,0.0,0.0
3,0,0.48578286,0.4529527,0.0,0.0,0.0,0.0,0.0,0.061264373,0.0,0.0,0.0,0.0,0.0
3,0,0.48578286,0.4529527,0.0,0.0,0.0,0.0,0.0,0.061264373,0.0,0.0,0.0,0.0,0.0
3,0,0.48578286,0.4529527,0.0,0.0,0.0,0.0,0.0,0.061264373,0.0,0.0,0.0,0.0,0.0
3,0,0.48578286,0.4529527,0.0,0.0,0.0,0.0,0.0,0.061264373,0.0,0.0,0.0,0.0,0.0
3,0,0.48578286,0.4529527,0.0,0.0,0.0,0.0,0.0,0.061264373,0.0,0.0,0.0,0.0,0.0
3,0,0.48578286,0.4529527,0.0,0.0,0.0,0.0,0.0,0.061264373,0.0,0.0,0.0,0.0,0.0
3,0,0.48578286,0.4529527,0.0,0.0,0.0,0.0,0.0,0.061264373,0.0,0.0,0.0,0.0,0.0
3,0,0.48578286,0.4529527,0.0,0.0,0.0,0.0,0.0,0.061264373,0.0,0.0,0.0,0.0,0.0
3,0,0.48578286,0.4529527,0.0,0.0,0.0,0.0,0.0,0.061264373,0.0,0.0,0.0,0.0,0.0
3,0,0.48578286,0.4529527,0.0,0.0,0.0,0.0,0.0,0.061264373,0.0,0.0,0.0,0.0,0.0
3,0,0.48578286,0.4529527,0.0,0.0,0.0,0.0,0.0,0.061264373,0.0,0.0,0.0,0.0,0.0
3,0,0.48578286,0.4529527,0.0,0.0,0.0,0.0,0.0,0.061264373,0.0,0.0,0.0,0.0,0.0
3,0,0.48578286,0.4529527,0.0,0.0,0.0,0.0,0.0,0.061264373,0.0,0.0,0.0,0.0,0.0
3,0,0.48578286,0.4529527,0.0,0.0,0.0,0.0,0.0,0.061264373,0.0,0.0,0.0,0.0,0.0
3,0,0.48578286,0.4529527,0.0,0.0,0.0,0.0,0.0,0.061264373,0.0,0.0,0.0,0.0,0.0
3,0,0.48578286,0.4529527,0.0,0.0,0.0,0.0,0.0,0.061264373,0.0,0.0,0.0,0.0,0.0
3,0,0.48578286,0.4529527,0.0,0.0,0.0,0.0,0.0,0.061264373,0.0,0.0,0.0,0.0,0.0
3,0,0.48578286,0.4529527,0.0,0.0,0.0,0.0,0.0,0.061264373,0.0,0.0,0.0,0.0,0.0
3,0,0.48578286,0.4529527,0.0,0.0,0.0,0.0,0.0,0.061264373,0.0,0.0,0.0,0.0,0.0
3,0,0.48578286,0.4529527,0.0,0.0,0.0,0.0,0.0,0.061264373,0.0,0.0,0.0,0.0,0.0
3,0,0.48578286,0.4529527,0.0,0.0,0.0,0.0,0.0,0.061264373,0.0,0.0,0.0,0.0,0.0
3,0,0.48578286,0.4529527,0.0,0.0,0.0,0.0,0.0,0.061264373,0.0,0.0,0.0,0.0,0.0
3,0,0.48578286,0.4529527,0.0,0.0,0.0,0.0,0.0,0.061264373,0.0,0.0,0.0,0.0,0.0
3,0,0.48578286,0.4529527,0.0,0.0,0.0,0.0,0.0,0.061264373,0.0,0.0,0.0,0.0,0.0
3,0,0.48578286,0.4529527,0.0,0.0,0.0,0.0,0.0,0.061264373,0.0,0.0,0.0,0.0,0.0
3,0,0.48578286,0.4529527,0.0,0.0,0.0,0.0,0.0,0.061264373,0.0,0.0,0.0,0.0,0.0
3,0,0.48578286,0.4529527,0.0,0.0,0.0,0.0,0.0,0.061264373,0.0,0.0,0.0,0.0,0.0
3,0,0.48578286,0.4529527,0.0,0.0,0.0,0.0,0.0,0.061264373,0.0,0.0,0.0,0.0,0.0
3,0,0.48578286,0.4529527,0.0,0.0,0.0,0.0,0.0,0.061264373,0.0,0.0,0.0,0.0,0.0
3,0,0.48578286,0.4529527,0.0,0.0,0.0,0.0,0.0,0.061264373,0.0,0.0,0.0,0.0,0.0
3,0,0.48578286,0.4529527,0.0,0.0,0.0,0.0,0.0,0.061264373,0.0,0.0,0.0,0.0,0.0
3,0,0.48578286,0.4529527,0.0,0.0,0.0,0.0,0.0,0.061264373,0.0,0.0,0.0,0.0,0.0
3,0,0.48578286,0.4529527,0.0,0.0,0.0,0.0,0.0,0.061264373,0.0,0.0,0.0,0.0,0.0
3,0,0.48578286,0.4529527,0.0,0.0,0.0,0.0,0.0,0.061264373,0.0,0.0,0.0,0.0,0.0
3,0,0.48578286,0.4529527,0.0,0.0,0.0,0.0,0.0,0.061264373,0.0,0.0,0.0,0.0,0.0
3,0,0.48578286,0.4529527,0.0,0.0,0.0,0.0,0.0,0.061264373,0.0,0.0,0.0,0.0,0.0
3,0,0.48578286,0.4529527,0.0,0.0,0.0,0.0,0.0,0.061264373,0.0,0.0,0.0,0.0,0.0
3,0,0.48578286,0.4529527,0.0,0.0,0.0,0.0,0.0,0.061264373,0.0,0.0,0.0,0.0,0.0
3,0,0.48578286,0.4529527,0.0,0.0,0.0,0.0,0.0,0.061264373,0.0,0.0,0.0,0.0,0.0
3,0,0.48578286,0.4529527,0.0,0.0,0.0,0.0,0.0,0.061264373,0.0,0.0,0.0,0.0,0.0
3,0,0.48578286,0.4529527,0.0,0.0,0.0,0.0,0.0,0.061264373,0.0,0.0,0.0,0.0,0.0
3,0,0.48578286,0.4529527,0.0,0.0,0.0,0.0,0.0,0.061264373,0.0,0.0,0.0,0.0,0.0
3,0,0.48578286,0.4529527,0.0,0.0,0.0,0.0,0.0,0.061264373,0.0,0.0,0.0,0.0,0.0
3,0,0.48578286,0.4529527,0.0,0.0,0.0,0.0,0.0,0.061264373,0.0,0.0,0.0,0.0,0.0
3,0,0.48578286,0.4529527,0.0,0.0,0.0,0.0,0.0,0.061264373,0.0,0.0,0.0,0.0,0.0
3,0,0.48578286,0.4529527,0.0,0.0,0.0,0.0,0.0,0.061264373,0.0,0.0,0.0,0.0,0.0
3,0,0.48578286,0.4529527,0.0,0.0,0.0,0.0,0.0,0.061264373,0.0,0.0,0.0,0.0,0.0
3,0,0.48578286,0.4529527,0.0,0.0,0.0,0.0,0.0,0.061264373,0.0,0.0,0.0,0.0,0.0
3,0,0.48578286,0.4529527,0.0,0.0,0.0,0.0,0.0,0.061264373,0.0,0.0,0.0,0.0,0.0
3,0,0.48578286,0.4529527,0.0,0.0,0.0,0.0,0.0,0.061264373,0.0,0.0,0.0,0.0,0.0
3,0,0.48578286,0.4529527,0.0,0.0,0.0,0.0,0.0,0.061264373,0.0,0.0,0.0,0.0,0.0
3,0,0.48578286,0.4529527,0.0,0.0,0.0,0.0,0.0,0.061264373,0.0,0.0,0.0,0.0,0.0
3,0,0.48578286,0.4529527,0.0,0.0,0.0,0.0,0.0,0.061264373,0.0,0.0,0.0,0.0,0.0
3,0,0.48578286,0.4529527,0.0,0.0,0.0,0.0,0.0,0.061264373,0.0,0.0,0.0,0.0,0.0
3,0,0.48578286,0.4529527,0.0,0.0,0.0,0.0,0.0,0.061264373,0.0,0.0,0.0,0.0,0.0
3,0,0.48578286,0.4529527,0.0,0.0,0.0,0.0,0.0,0.061264373,0.0,0.0,0.0,0.0,0.0
3,0,0.48578286,0.4529527,0.0,0.0,0.0,0.0,0.0,0.061264373,0.0,0.0,0.0,0.0,0.0
3,0,0.48578286,0.4529527,0.0,0.0,0.0,0.0,0.0,0.061264373,0.0,0.0,0.0,0.0,0.0
3,0,0.48578286,0.4529527,0.0,0.0,0.0,0.0,0.0,0.061264373,0.0,0.0,0.0,0.0,0.0
3,0,0.48578286,0.4529527,0.0,0.0,0.0,0.0,0.0,0.061264373,0.0,0.0,0.0,0.0,0.0
3,0,0.48578286,0.4529527,0.0,0.0,0.0,0.0,0.0,0.061264373,0.0,0.0,0.0,0.0,0.0
3,0,0.48578286,0.4529527,0.0,0.0,0.0,0.0,0.0,0.061264373,0.0,0.0,0.0,0.0,0.0
3,0,0.48578286,0.4529527,0.0,0.0,0.0,0.0,0.0,0.061264373,0.0,0.0,0.0,0.0,0.0
3,0,0.48578286,0.4529527,0.0,0.0,0.0,0.0,0.0,0.061264373,0.0,0.0,0.0,0.0,0.0
3,0,0.48578286,0.4529527,0.0,0.0,0.0,0.0,0.0,0.061264373,0.0,0.0,0.0,0.0,0.0
3,0,0.48578286,0.4529527,0.0,0.0,0.0,0.0,0.0,0.061264373,0.0,0.0,0.0,0.0,0.0
3,0,0.48578286,0.4529527,0.0,0.0,0.0,0.0,0.0,0.061264373,0.0,0.0,0.0,0.0,0.0
3,0,0.48578286,0.4529527,0.0,0.0,0.0,0.0,0.0,0.061264373,0.0,0.0,0.0,0.0,0.0
3,0,0.48578286,0.4529527,0.0,0.0,0.0,0.0,0.0,0.061264373,0.0,0.0,0.0,0.0,0.0
3,0,0.48578286,0.4529527,0.0,0.0,0.0,0.0,0.0,0.061264373,0.0,0.0,0.0,0.0,0.0
3,0,0.48578286,0.4529527,0.0,0.0,0.0,0.0,0.0,0.061264373,0.0,0.0,0.0,0.0,0.0
3,0,0.48578286,0.4529527,0.0,0.0,0.0,0.0,0.0,0.061264373,0.0,0.0,0.0,0.0,0.0
3,0,0.48578286,0.4529527,0.0,0.0,0.0,0.0,0.0,0.061264373,0.0,0.0,0.0,0.0,0.0
3,0,0.48578286,0.4529527,0.0,0.0,0.0,0.0,0.0,0.061264373,0.0,0.0,0.0,0.0,0.0
3,0,0.48578286,0.4529527,0.0,0.0,0.0,0.0,0.0,0.061264373,0.0,0.0,0.0,0.0,0.0
3,0,0.48578286,0.4529527,0.0,0.0,0.0,0.0,0.0,0.061264373,0.0,0.0,0.0,0.0,0.0
3,0,0.48578286,0.4529527,0.0,0.0,0.0,0.0,0.0,0.061264373,0.0,0.0,0.0,0.0,0.0
3,0,0.48578286,0.4529527,0.0,0.0,0.0,0.0,0.0,0.061264373,0.0,0.0,0.0,0.0,0.0
3,0,0.48578286,0.4529527,0.0,0.0,0.0,0.0,0.0,0.061264373,0.0,0.0,0.0,0.0,0.0
3,0,0.48578286,0.4529527,0.0,0.0,0.0,0.0,0.0,0.061264373,0.0,0.0,0.0,0.0,0.0
3,0,0.48578286,0.4529527,0.0,0.0,0.0,0.0,0.0,0.061264373,0.0,0.0,0.0,0.0,0.0
3,0,0.48578286,0.4529527,0.0,0.0,0.0,0.0,0.0,0.061264373,0.0,0.0,0.0,0.0,0.0
3,0,0.48578286,0.4529527,0.0,0.0,0.0,0.0,0.0,0.061264373,0.0,0.0,0.0,0.0,0.0
3,0,0.48578286,0.4529527,0.0,0.0,0.0,0.0,0.0,0.061264373,0.0,0.0,0.0,0.0,0.0
3,0,0.48578286,0.4529527,0.0,0.0,0.0,0.0,0.0,0.061264373,0.0,0.0,0.0,0.0,0.0
3,0,0.48578286,0.4529527,0.0,0.0,0.0,0.0,0.0,0.061264373,0.0,0.0,0.0,0.0,0.0
3,0,0.48578286,0.4529527,0.0,0.0,0.0,0.0,0.0,0.061264373,0.0,0.0,0.0,0.0,0.0
3,0,0.48578286,0.4529527,0.0,0.0,0.0,0.0,0.0,0.061264373,0.0,0.0,0.0,0.0,0.0
3,0,0.48578286,0.4529527,0.0,0.0,0.0,0.0,0.0,0.061264373,0.0,0.0,0.0,0.0,0.0
3,0,0.48578286,0.4529527,0.0,0.0,0.0,0.0,0.0,0.061264373,0.0,0.0,0.0,0.0,0.0
3,0,0.48578286,0.4529527,0.0,0.0,0.0,0.0,0.0,0.061264373,0.0,0.0,0.0,0.0,0.0
3,0,0.48578286,0.4529527,0.0,0.0,0.0,0.0,0.0,0.061264373,0.0,0.0,0.0,0.0,0.0
3,0,0.48578286,0.4529527,0.0,0.0,0.0,0.0,0.0,0.061264373,0.0,0.0,0.0,0.0,0.0
3,0,0.48578286,0.4529527,0.0,0.0,0.0,0.0,0.0,0.061264373,0.0,0.0,0.0,0.0,0.0
3,0,0.48578286,0.4529527,0.0,0.0,0.0,0.0,0.0,0.061264373,0.0,0.0,0.0,0.0,0.0
3,0,0.48578286,0.4529527,0.0,0.0,0.0,0.0,0.0,0.061264373,0.0,0.0,0.0,0.0,0.0
3,0,0.5509729,0.38776278,0.0,0.0,0.0,0.0,0.0,0.061264377,0.0,0.0,0.0,0.0,0.0
3,0,0.5509729,0.38776278,0.0,0.0,0.0,0.0,0.0,0.061264377,0.0,0.0,0.0,0.0,0.0
3,0,0.5509729,0.38776278,0.0,0.0,0.0,0.0,0.0,0.061264377,0.0,0.0,0.0,0.0,0.0
3,0,0.5509729,0.38776278,0.0,0.0,0.0,0.0,0.0,0.061264377,0.0,0.0,0.0,0.0,0.0
3,0,0.5509729,0.38776278,0.0,0.0,0.0,0.0,0.0,0.061264377,0.0,0.0,0.0,0.0,0.0
3,0,0.5509729,0.38776278,0.0,0.0,0.0,0.0,0.0,0.061264377,0.0,0.0,0.0,0.0,0.0
3,0,0.5509729,0.38776278,0.0,0.0,0.0,0.0,0.0,0.061264377,0.0,0.0,0.0,0.0,0.0
3,0,0.5509729,0.38776278,0.0,0.0,0.0,0.0,0.0,0.061264377,0.0,0.0,0.0,0.0,0.0
3,0,0.49296522,0.38776276,0.0,0.0,0.05800764,0.0,0.0,0.061264373,0.0,0.0,0.0,0.0,0.0
3,0,0.49296522,0.38776276,0.0,0.0,0.05800764,0.0,0.0,0.061264373,0.0,0.0,0.0,0.0,0.0
3,0,0.49296522,0.38776276,0.0,0.0,0.05800764,0.0,0.0,0.061264373,0.0,0.0,0.0,0.0,0.0
3,0,0.49296522,0.38776276,0.0,0.0,0.05800764,0.0,0.0,0.061264373,0.0,0.0,0.0,0.0,0.0
3,0,0.49296522,0.38776276,0.0,0.0,0.05800764,0.0,0.0,0.061264373,0.0,0.0,0.0,0.0,0.0
3,0,0.49296522,0.38776276,0.0,0.0,0.05800764,0.0,0.0,0.061264373,0.0,0.0,0.0,0.0,0.0
3,0,0.49296522,0.38776276,0.0,0.0,0.05800764,0.0,0.0,0.061264373,0.0,0.0,0.0,0.0,0.0
3,0,0.49296522,0.38776276,0.0,0.0,0.05800764,0.0,0.0,0.061264373,0.0,0.0,0.0,0.0,0.0
3,0,0.49296522,0.38776276,0.0,0.0,0.05800764,0.0,0.0,0.061264373,0.0,0.0,0.0,0.0,0.0
3,0,0.49296522,0.38776276,0.0,0.0,0.05800764,0.0,0.0,0.061264373,0.0,0.0,0.0,0.0,0.0
3,0,0.49296522,0.38776276,0.0,0.0,0.05800764,0.0,0.0,0.061264373,0.0,0.0,0.0,0.0,0.0
3,0,0.49296522,0.38776276,0.0,0.0,0.05800764,0.0,0.0,0.061264373,0.0,0.0,0.0,0.0,0.0
3,0,0.49296522,0.38776276,0.0,0.0,0.05800764,0.0,0.0,0.061264373,0.0,0.0,0.0,0.0,0.0
3,0,0.49296522,0.38776276,0.0,0.0,0.05800764,0.0,0.0,0.061264373,0.0,0.0,0.0,0.0,0.0
3,0,0.49296522,0.38776276,0.0,0.0,0.05800764,0.0,0.0,0.061264373,0.0,0.0,0.0,0.0,0.0
3,0,0.49296522,0.38776276,0.0,0.0,0.05800764,0.0,0.0,0.061264373,0.0,0.0,0.0,0.0,0.0
3,0,0.49296522,0.38776276,0.0,0.0,0.05800764,0.0,0.0,0.061264373,0.0,0.0,0.0,0.0,0.0
3,0,0.49296522,0.38776276,0.0,0.0,0.05800764,0.0,0.0,0.061264373,0.0,0.0,0.0,0.0,0.0
3,0,0.49296522,0.38776276,0.0,0.0,0.05800764,0.0,0.0,0.061264373,0.0,0.0,0.0,0.0,0.0
3,0,0.49296522,0.38776276,0.0,0.0,0.05800764,0.0,0.0,0.061264373,0.0,0.0,0.0,0.0,0.0
3,0,0.49296522,0.38776276,0.0,0.0,0.05800764,0.0,0.0,0.061264373,0.0,0.0,0.0,0.0,0.0
3,0,0.49296522,0.38776276,0.0,0.0,0.05800764,0.0,0.0,0.061264373,0.0,0.0,0.0,0.0,0.0
3,0,0.49296522,0.38776276,0.0,0.0,0.05800764,0.0,0.0,0.061264373,0.0,0.0,0.0,0.0,0.0
3,0,0.49296522,0.38776276,0.0,0.0,0.05800764,0.0,0.0,0.061264373,0.0,0.0,0.0,0.0,0.0
3,0,0.49296522,0.38776276,0.0,0.0,0.05800764,0.0,0.0,0.061264373,0.0,0.0,0.0,0.0,0.0
3,0,0.49296522,0.38776276,0.0,0.0,0.05800764,0.0,0.0,0.061264373,0.0,0.0,0.0,0.0,0.0
3,0,0.49296522,0.38776276,0.0,0.0,0.05800764,0.0,0.0,0.061264373,0.0,0.0,0.0,0.0,0.0
3,0,0.49296522,0.38776276,0.0,0.0,0.05800764,0.0,0.0,0.061264373,0.0,0.0,0.0,0.0,0.0
3,0,0.49296522,0.38776276,0.0,0.0,0.05800764,0.0,0.0,0.061264373,0.0,0.0,0.0,0.0,0.0
3,0,0.49296522,0.38776276,0.0,0.0,0.05800764,0.0,0.0,0.061264373,0.0,0.0,0.0,0.0,0.0
3,0,0.49296522,0.38776276,0.0,0.0,0.05800764,0.0,0.0,0.061264373,0.0,0.0,0.0,0.0,0.0
3,0,0.49296522,0.38776276,0.0,0.0,0.05800764,0.0,0.0,0.061264373,0.0,0.0,0.0,0.0,0.0
3,0,0.49296522,0.38776276,0.0,0.0,0.05800764,0.0,0.0,0.061264373,0.0,0.0,0.0,0.0,0.0
3,0,0.49296522,0.38776276,0.0,0.0,0.05800764,0.0,0.0,0.061264373,0.0,0.0,0.0,0.0,0.0
3,0,0.49296522,0.38776276,0.0,0.0,0.05800764,0.0,0.0,0.061264373,0.0,0.0,0.0,0.0,0.0
3,0,0.49296522,0.38776276,0.0,0.0,0.05800764,0.0,0.0,0.061264373,0.0,0.0,0.0,0.0,0.0
3,0,0.49296522,0.38776276,0.0,0.0,0.05800764,0.0,0.0,0.061264373,0.0,0.0,0.0,0.0,0.0
3,0,0.49296522,0.38776276,0.0,0.0,0.05800764,0.0,0.0,0.061264373,0.0,0.0,0.0,0.0,0.0
3,0,0.49296522,0.38776276,0.0,0.0,0.05800764,0.0,0.0,0.061264373,0.0,0.0,0.0,0.0,0.0
3,0,0.49296522,0.38776276,0.0,0.0,0.05800764,0.0,0.0,0.061264373,0.0,0.0,0.0,0.0,0.0
3,0,0.49296522,0.38776276,0.0,0.0,0.05800764,0.0,0.0,0.061264373,0.0,0.0,0.0,0.0,0.0
3,0,0.49296522,0.38776276,0.0,0.0,0.05800764,0.0,0.0,0.061264373,0.0,0.0,0.0,0.0,0.0
3,0,0.49296522,0.38776276,0.0,0.0,0.05800764,0.0,0.0,0.061264373,0.0,0.0,0.0,0.0,0.0
3,0,0.49296522,0.38776276,0.0,0.0,0.05800764,0.0,0.0,0.061264373,0.0,0.0,0.0,0.0,0.0
3,0,0.49296522,0.38776276,0.0,0.0,0.05800764,0.0,0.0,0.061264373,0.0,0.0,0.0,0.0,0.0
3,0,0.49296522,0.38776276,0.0,0.0,0.05800764,0.0,0.0,0.061264373,0.0,0.0,0.0,0.0,0.0
3,0,0.49296522,0.38776276,0.0,0.0,0.05800764,0.0,0.0,0.061264373,0.0,0.0,0.0,0.0,0.0
3,0,0.49296522,0.38776276,0.0,0.0,0.05800764,0.0,0.0,0.061264373,0.0,0.0,0.0,0.0,0.0
3,0,0.49296522,0.38776276,0.0,0.0,0.05800764,0.0,0.0,0.061264373,0.0,0.0,0.0,0.0,0.0
3,0,0.49296522,0.38776276,0.0,0.0,0.05800764,0.0,0.0,0.061264373,0.0,0.0,0.0,0.0,0.0
3,0,0.49296522,0.38776276,0.0,0.0,0.05800764,0.0,0.0,0.061264373,0.0,0.0,0.0,0.0,0.0
3,0,0.49296522,0.38776276,0.0,0.0,0.05800764,0.0,0.0,0.061264373,0.0,0.0,0.0,0.0,0.0
3,0,0.49296522,0.38776276,0.0,0.0,0.05800764,0.0,0.0,0.061264373,0.0,0.0,0.0,0.0,0.0
3,0,0.49296522,0.38776276,0.0,0.0,0.05800764,0.0,0.0,0.061264373,0.0,0.0,0.0,0.0,0.0
3,0,0.49296522,0.38776276,0.0,0.0,0.05800764,0.0,0.0,0.061264373,0.0,0.0,0.0,0.0,0.0
3,0,0.49296522,0.38776276,0.0,0.0,0.05800764,0.0,0.0,0.061264373,0.0,0.0,0.0,0.0,0.0
3,0,0.49296522,0.38776276,0.0,0.0,0.05800764,0.0,0.0,0.061264373,0.0,0.0,0.0,0.0,0.0
3,0,0.49296522,0.38776276,0.0,0.0,0.05800764,0.0,0.0,0.061264373,0.0,0.0,0.0,0.0,0.0
3,0,0.49296522,0.38776276,0.0,0.0,0.05800764,0.0,0.0,0.061264373,0.0,0.0,0.0,0.0,0.0
3,0,0.49296522,0.38776276,0.0,0.0,0.05800764,0.0,0.0,0.061264373,0.0,0.0,0.0,0.0,0.0
3,0,0.49296522,0.38776276,0.0,0.0,0.05800764,0.0,0.0,0.061264373,0.0,0.0,0.0,0.0,0.0
3,0,0.49296522,0.38776276,0.0,0.0,0.05800764,0.0,0.0,0.061264373,0.0,0.0,0.0,0.0,0.0
3,0,0.49296522,0.38776276,0.0,0.0,0.05800764,0.0,0.0,0.061264373,0.0,0.0,0.0,0.0,0.0
3,0,0.49296522,0.38776276,0.0,0.0,0.05800764,0.0,0.0,0.061264373,0.0,0.0,0.0,0.0,0.0
3,0,0.49296522,0.38776276,0.0,0.0,0.05800764,0.0,0.0,0.061264373,0.0,0.0,0.0,0.0,0.0
3,0,0.49296522,0.38776276,0.0,0.0,0.05800764,0.0,0.0,0.061264373,0.0,0.0,0.0,0.0,0.0
3,0,0.49296522,0.38776276,0.0,0.0,0.05800764,0.0,0.0,0.061264373,0.0,0.0,0.0,0.0,0.0
3,0,0.49296522,0.38776276,0.0,0.0,0.05800764,0.0,0.0,0.061264373,0.0,0.0,0.0,0.0,0.0
3,0,0.49296522,0.38776276,0.0,0.0,0.05800764,0.0,0.0,0.061264373,0.0,0.0,0.0,0.0,0.0
3,0,0.49296522,0.38776276,0.0,0.0,0.05800764,0.0,0.0,0.061264373,0.0,0.0,0.0,0.0,0.0
3,0,0.49296522,0.38776276,0.0,0.0,0.05800764,0.0,0.0,0.061264373,0.0,0.0,0.0,0.0,0.0
3,0,0.49296522,0.38776276,0.0,0.0,0.05800764,0.0,0.0,0.061264373,0.0,0.0,0.0,0.0,0.0
3,0,0.49296522,0.38776276,0.0,0.0,0.05800764,0.0,0.0,0.061264373,0.0,0.0,0.0,0.0,0.0
3,0,0.49296522,0.38776276,0.0,0.0,0.05800764,0.0,0.0,0.061264373,0.0,0.0,0.0,0.0,0.0
3,0,0.49296522,0.38776276,0.0,0.0,0.05800764,0.0,0.0,0.061264373,0.0,0.0,0.0,0.0,0.0
3,0,0.49296522,0.38776276,0.0,0.0,0.05800764,0.0,0.0,0.061264373,0.0,0.0,0.0,0.0,0.0
3,0,0.49296522,0.38776276,0.0,0.0,0.05800764,0.0,0.0,0.061264373,0.0,0.0,0.0,0.0,0.0
3,0,0.49296522,0.38776276,0.0,0.0,0.05800764,0.0,0.0,0.061264373,0.0,0.0,0.0,0.0,0.0
3,0,0.49296522,0.38776276,0.0,0.0,0.05800764,0.0,0.0,0.061264373,0.0,0.0,0.0,0.0,0.0
3,0,0.49296522,0.38776276,0.0,0.0,0.05800764,0.0,0.0,0.061264373,0.0,0.0,0.0,0.0,0.0
3,0,0.49296522,0.38776276,0.0,0.0,0.05800764,0.0,0.0,0.061264373,0.0,0.0,0.0,0.0,0.0
3,0,0.49296522,0.38776276,0.0,0.0,0.05800764,0.0,0.0,0.061264373,0.0,0.0,0.0,0.0,0.0
3,0,0.49296522,0.38776276,0.0,0.0,0.05800764,0.0,0.0,0.061264373,0.0,0.0,0.0,0.0,0.0
3,0,0.49296522,0.38776276,0.0,0.0,0.05800764,0.0,0.0,0.061264373,0.0,0.0,0.0,0.0,0.0
3,0,0.49296522,0.38776276,0.0,0.0,0.05800764,0.0,0.0,0.061264373,0.0,0.0,0.0,0.0,0.0
3,0,0.49296522,0.38776276,0.0,0.0,0.05800764,0.0,0.0,0.061264373,0.0,0.0,0.0,0.0,0.0
3,0,0.49296522,0.38776276,0.0,0.0,0.05800764,0.0,0.0,0.061264373,0.0,0.0,0.0,0.0,0.0
3,0,0.49296522,0.38776276,0.0,0.0,0.05800764,0.0,0.0,0.061264373,0.0,0.0,0.0,0.0,0.0
3,0,0.49296522,0.38776276,0.0,0.0,0.05800764,0.0,0.0,0.061264373,0.0,0.0,0.0,0.0,0.0
3,0,0.49296522,0.38776276,0.0,0.0,0.05800764,0.0,0.0,0.061264373,0.0,0.0,0.0,0.0,0.0
3,0,0.49296522,0.38776276,0.0,0.0,0.05800764,0.0,0.0,0.061264373,0.0,0.0,0.0,0.0,0.0
3,0,0.49296522,0.38776276,0.0,0.0,0.05800764,0.0,0.0,0.061264373,0.0,0.0,0.0,0.0,0.0
3,0,0.49296522,0.38776276,0.0,0.0,0.05800764,0.0,0.0,0.061264373,0.0,0.0,0.0,0.0,0.0
3,0,0.49296522,0.38776276,0.0,0.0,0.05800764,0.0,0.0,0.061264373,0.0,0.0,0.0,0.0,0.0
3,0,0.49296522,0.38776276,0.0,0.0,0.05800764,0.0,0.0,0.061264373,0.0,0.0,0.0,0.0,0.0
3,0,0.49296522,0.38776276,0.0,0.0,0.05800764,0.0,0.0,0.061264373,0.0,0.0,0.0,0.0,0.0
3,0,0.49296522,0.38776276,0.0,0.0,0.05800764,0.0,0.0,0.061264373,0.0,0.0,0.0,0.0,0.0
3,0,0.49296522,0.38776276,0.0,0.0,0.05800764,0.0,0.0,0.061264373,0.0,0.0,0.0,0.0,0.0
3,0,0.49296522,0.38776276,0.0,0.0,0.05800764,0.0,0.0,0.061264373,0.0,0.0,0.0,0.0,0.0
3,0,0.49296522,0.38776276,0.0,0.0,0.05800764,0.0,0.0,0.061264373,0.0,0.0,0.0,0.0,0.0
3,0,0.49296522,0.38776276,0.0,0.0,0.05800764,0.0,0.0,0.061264373,0.0,0.0,0.0,0.0,0.0
3,0,0.49296522,0.38776276,0.0,0.0,0.05800764,0.0,0.0,0.061264373,0.0,0.0,0.0,0.0,0.0
3,0,0.49296522,0.38776276,0.0,0.0,0.05800764,0.0,0.0,0.061264373,0.0,0.0,0.0,0.0,0.0
3,0,0.49296522,0.38776276,0.0,0.0,0.05800764,0.0,0.0,0.061264373,0.0,0.0,0.0,0.0,0.0
3,0,0.49296522,0.38776276,0.0,0.0,0.05800764,0.0,0.0,0.061264373,0.0,0.0,0.0,0.0,0.0
3,0,0.49296522,0.38776276,0.0,0.0,0.05800764,0.0,0.0,0.061264373,0.0,0.0,0.0,0.0,0.0
3,0,0.49296522,0.38776276,0.0,0.0,0.05800764,0.0,0.0,0.061264373,0.0,0.0,0.0,0.0,0.0
3,0,0.49296522,0.44902712,0.0,0.0,0.05800764,0.0,0.0,0.0,0.0,0.0,0.0,0.0,0.0
3,0,0.49296522,0.44902712,0.0,0.0,0.05800764,0.0,0.0,0.0,0.0,0.0,0.0,0.0,0.0
3,0,0.49296522,0.44902712,0.0,0.0,0.05800764,0.0,0.0,0.0,0.0,0.0,0.0,0.0,0.0
3,0,0.49296522,0.44902712,0.0,0.0,0.05800764,0.0,0.0,0.0,0.0,0.0,0.0,0.0,0.0
3,0,0.49296522,0.44902712,0.0,0.0,0.05800764,0.0,0.0,0.0,0.0,0.0,0.0,0.0,0.0
3,0,0.49296522,0.44902712,0.0,0.0,0.05800764,0.0,0.0,0.0,0.0,0.0,0.0,0.0,0.0
3,0,0.49296522,0.44902712,0.0,0.0,0.05800764,0.0,0.0,0.0,0.0,0.0,0.0,0.0,0.0
3,0,0.49296522,0.44902712,0.0,0.0,0.05800764,0.0,0.0,0.0,0.0,0.0,0.0,0.0,0.0
3,0,0.49296522,0.44902712,0.0,0.0,0.05800764,0.0,0.0,0.0,0.0,0.0,0.0,0.0,0.0
3,0,0.49296522,0.44902712,0.0,0.0,0.05800764,0.0,0.0,0.0,0.0,0.0,0.0,0.0,0.0
3,0,0.49296522,0.44902712,0.0,0.0,0.05800764,0.0,0.0,0.0,0.0,0.0,0.0,0.0,0.0
3,0,0.49296522,0.44902712,0.0,0.0,0.05800764,0.0,0.0,0.0,0.0,0.0,0.0,0.0,0.0
3,0,0.49296522,0.44902712,0.0,0.0,0.05800764,0.0,0.0,0.0,0.0,0.0,0.0,0.0,0.0
3,0,0.49296522,0.44902712,0.0,0.0,0.05800764,0.0,0.0,0.0,0.0,0.0,0.0,0.0,0.0
3,0,0.49296522,0.44902712,0.0,0.0,0.05800764,0.0,0.0,0.0,0.0,0.0,0.0,0.0,0.0
3,0,0.49296522,0.44902712,0.0,0.0,0.05800764,0.0,0.0,0.0,0.0,0.0,0.0,0.0,0.0
3,0,0.49296522,0.44902712,0.0,0.0,0.05800764,0.0,0.0,0.0,0.0,0.0,0.0,0.0,0.0
3,0,0.49296522,0.44902712,0.0,0.0,0.05800764,0.0,0.0,0.0,0.0,0.0,0.0,0.0,0.0
3,0,0.49296522,0.44902712,0.0,0.0,0.05800764,0.0,0.0,0.0,0.0,0.0,0.0,0.0,0.0
3,0,0.49296522,0.44902712,0.0,0.0,0.05800764,0.0,0.0,0.0,0.0,0.0,0.0,0.0,0.0
3,0,0.49296522,0.44902712,0.0,0.0,0.05800764,0.0,0.0,0.0,0.0,0.0,0.0,0.0,0.0
3,0,0.49296522,0.44902712,0.0,0.0,0.05800764,0.0,0.0,0.0,0.0,0.0,0.0,0.0,0.0
3,0,0.49296522,0.44902712,0.0,0.0,0.05800764,0.0,0.0,0.0,0.0,0.0,0.0,0.0,0.0
3,0,0.49296522,0.44902712,0.0,0.0,0.05800764,0.0,0.0,0.0,0.0,0.0,0.0,0.0,0.0
3,0,0.49296522,0.44902712,0.0,0.0,0.05800764,0.0,0.0,0.0,0.0,0.0,0.0,0.0,0.0
3,0,0.49296522,0.44902712,0.0,0.0,0.05800764,0.0,0.0,0.0,0.0,0.0,0.0,0.0,0.0
3,0,0.49296522,0.44902712,0.0,0.0,0.05800764,0.0,0.0,0.0,0.0,0.0,0.0,0.0,0.0
3,0,0.49296522,0.44902712,0.0,0.0,0.05800764,0.0,0.0,0.0,0.0,0.0,0.0,0.0,0.0
3,0,0.49296522,0.44902712,0.0,0.0,0.05800764,0.0,0.0,0.0,0.0,0.0,0.0,0.0,0.0
3,0,0.49296522,0.44902712,0.0,0.0,0.05800764,0.0,0.0,0.0,0.0,0.0,0.0,0.0,0.0
3,0,0.49296522,0.44902712,0.0,0.0,0.05800764,0.0,0.0,0.0,0.0,0.0,0.0,0.0,0.0
3,0,0.49296522,0.44902712,0.0,0.0,0.05800764,0.0,0.0,0.0,0.0,0.0,0.0,0.0,0.0
3,0,0.49296522,0.44902712,0.0,0.0,0.05800764,0.0,0.0,0.0,0.0,0.0,0.0,0.0,0.0
3,0,0.49296522,0.44902712,0.0,0.0,0.05800764,0.0,0.0,0.0,0.0,0.0,0.0,0.0,0.0
3,0,0.49296522,0.44902712,0.0,0.0,0.05800764,0.0,0.0,0.0,0.0,0.0,0.0,0.0,0.0
3,0,0.49296522,0.44902712,0.0,0.0,0.05800764,0.0,0.0,0.0,0.0,0.0,0.0,0.0,0.0
3,0,0.49296522,0.44902712,0.0,0.0,0.05800764,0.0,0.0,0.0,0.0,0.0,0.0,0.0,0.0
3,0,0.49296522,0.44902712,0.0,0.0,0.05800764,0.0,0.0,0.0,0.0,0.0,0.0,0.0,0.0
3,0,0.49296522,0.44902712,0.0,0.0,0.05800764,0.0,0.0,0.0,0.0,0.0,0.0,0.0,0.0
3,0,0.49296522,0.44902712,0.0,0.0,0.05800764,0.0,0.0,0.0,0.0,0.0,0.0,0.0,0.0
3,0,0.49296522,0.44902712,0.0,0.0,0.05800764,0.0,0.0,0.0,0.0,0.0,0.0,0.0,0.0
3,0,0.49296522,0.44902712,0.0,0.0,0.05800764,0.0,0.0,0.0,0.0,0.0,0.0,0.0,0.0
3,0,0.49296522,0.44902712,0.0,0.0,0.05800764,0.0,0.0,0.0,0.0,0.0,0.0,0.0,0.0
3,0,0.49296522,0.44902712,0.0,0.0,0.05800764,0.0,0.0,0.0,0.0,0.0,0.0,0.0,0.0
3,0,0.49296522,0.44902712,0.0,0.0,0.05800764,0.0,0.0,0.0,0.0,0.0,0.0,0.0,0.0
3,0,0.49296522,0.44902712,0.0,0.0,0.05800764,0.0,0.0,0.0,0.0,0.0,0.0,0.0,0.0
3,0,0.49296522,0.44902712,0.0,0.0,0.05800764,0.0,0.0,0.0,0.0,0.0,0.0,0.0,0.0
3,0,0.49296522,0.44902712,0.0,0.0,0.05800764,0.0,0.0,0.0,0.0,0.0,0.0,0.0,0.0
3,0,0.49296522,0.44902712,0.0,0.0,0.05800764,0.0,0.0,0.0,0.0,0.0,0.0,0.0,0.0
3,0,0.49296522,0.44902712,0.0,0.0,0.05800764,0.0,0.0,0.0,0.0,0.0,0.0,0.0,0.0
3,0,0.49296522,0.44902712,0.0,0.0,0.05800764,0.0,0.0,0.0,0.0,0.0,0.0,0.0,0.0
3,0,0.49296522,0.44902712,0.0,0.0,0.05800764,0.0,0.0,0.0,0.0,0.0,0.0,0.0,0.0
3,0,0.49296522,0.44902712,0.0,0.0,0.05800764,0.0,0.0,0.0,0.0,0.0,0.0,0.0,0.0
3,0,0.49296522,0.44902712,0.0,0.0,0.05800764,0.0,0.0,0.0,0.0,0.0,0.0,0.0,0.0
3,0,0.49296522,0.44902712,0.0,0.0,0.05800764,0.0,0.0,0.0,0.0,0.0,0.0,0.0,0.0
3,0,0.49296522,0.44902712,0.0,0.0,0.05800764,0.0,0.0,0.0,0.0,0.0,0.0,0.0,0.0
3,0,0.49296522,0.44902712,0.0,0.0,0.05800764,0.0,0.0,0.0,0.0,0.0,0.0,0.0,0.0
3,0,0.49296522,0.44902712,0.0,0.0,0.05800764,0.0,0.0,0.0,0.0,0.0,0.0,0.0,0.0
3,0,0.49296522,0.44902712,0.0,0.0,0.05800764,0.0,0.0,0.0,0.0,0.0,0.0,0.0,0.0
3,0,0.49296522,0.44902712,0.0,0.0,0.05800764,0.0,0.0,0.0,0.0,0.0,0.0,0.0,0.0
3,0,0.49296522,0.44902712,0.0,0.0,0.05800764,0.0,0.0,0.0,0.0,0.0,0.0,0.0,0.0
3,0,0.49296522,0.44902712,0.0,0.0,0.05800764,0.0,0.0,0.0,0.0,0.0,0.0,0.0,0.0
3,0,0.49296522,0.44902712,0.0,0.0,0.05800764,0.0,0.0,0.0,0.0,0.0,0.0,0.0,0.0
3,0,0.49296522,0.44902712,0.0,0.0,0.05800764,0.0,0.0,0.0,0.0,0.0,0.0,0.0,0.0
3,0,0.49296522,0.44902712,0.0,0.0,0.05800764,0.0,0.0,0.0,0.0,0.0,0.0,0.0,0.0
3,0,0.49296522,0.44902712,0.0,0.0,0.05800764,0.0,0.0,0.0,0.0,0.0,0.0,0.0,0.0
3,0,0.49296522,0.44902712,0.0,0.0,0.05800764,0.0,0.0,0.0,0.0,0.0,0.0,0.0,0.0
3,0,0.49296522,0.44902712,0.0,0.0,0.05800764,0.0,0.0,0.0,0.0,0.0,0.0,0.0,0.0
3,0,0.49296522,0.44902712,0.0,0.0,0.05800764,0.0,0.0,0.0,0.0,0.0,0.0,0.0,0.0
3,0,0.49296522,0.44902712,0.0,0.0,0.05800764,0.0,0.0,0.0,0.0,0.0,0.0,0.0,0.0
3,0,0.49296522,0.44902712,0.0,0.0,0.05800764,0.0,0.0,0.0,0.0,0.0,0.0,0.0,0.0
3,0,0.49296522,0.44902712,0.0,0.0,0.05800764,0.0,0.0,0.0,0.0,0.0,0.0,0.0,0.0
3,0,0.49296522,0.44902712,0.0,0.0,0.05800764,0.0,0.0,0.0,0.0,0.0,0.0,0.0,0.0
3,0,0.49296522,0.44902712,0.0,0.0,0.05800764,0.0,0.0,0.0,0.0,0.0,0.0,0.0,0.0
3,0,0.49296522,0.44902712,0.0,0.0,0.05800764,0.0,0.0,0.0,0.0,0.0,0.0,0.0,0.0
3,0,0.49296522,0.44902712,0.0,0.0,0.05800764,0.0,0.0,0.0,0.0,0.0,0.0,0.0,0.0
3,0,0.49296522,0.44902712,0.0,0.0,0.05800764,0.0,0.0,0.0,0.0,0.0,0.0,0.0,0.0
3,0,0.49296522,0.44902712,0.0,0.0,0.05800764,0.0,0.0,0.0,0.0,0.0,0.0,0.0,0.0
3,0,0.49296522,0.44902712,0.0,0.0,0.05800764,0.0,0.0,0.0,0.0,0.0,0.0,0.0,0.0
3,0,0.49296522,0.44902712,0.0,0.0,0.05800764,0.0,0.0,0.0,0.0,0.0,0.0,0.0,0.0
3,0,0.49296522,0.44902712,0.0,0.0,0.05800764,0.0,0.0,0.0,0.0,0.0,0.0,0.0,0.0
3,0,0.49296522,0.44902712,0.0,0.0,0.05800764,0.0,0.0,0.0,0.0,0.0,0.0,0.0,0.0
3,0,0.49296522,0.44902712,0.0,0.0,0.05800764,0.0,0.0,0.0,0.0,0.0,0.0,0.0,0.0
3,0,0.49296522,0.44902712,0.0,0.0,0.05800764,0.0,0.0,0.0,0.0,0.0,0.0,0.0,0.0
3,0,0.49296522,0.44902712,0.0,0.0,0.05800764,0.0,0.0,0.0,0.0,0.0,0.0,0.0,0.0
3,0,0.49296522,0.44902712,0.0,0.0,0.05800764,0.0,0.0,0.0,0.0,0.0,0.0,0.0,0.0
3,0,0.49296522,0.44902712,0.0,0.0,0.05800764,0.0,0.0,0.0,0.0,0.0,0.0,0.0,0.0
3,0,0.49296522,0.44902712,0.0,0.0,0.05800764,0.0,0.0,0.0,0.0,0.0,0.0,0.0,0.0
3,0,0.49296522,0.44902712,0.0,0.0,0.05800764,0.0,0.0,0.0,0.0,0.0,0.0,0.0,0.0
3,0,0.49296522,0.44902712,0.0,0.0,0.05800764,0.0,0.0,0.0,0.0,0.0,0.0,0.0,0.0
3,0,0.49296522,0.44902712,0.0,0.0,0.05800764,0.0,0.0,0.0,0.0,0.0,0.0,0.0,0.0
3,0,0.49296522,0.44902712,0.0,0.0,0.05800764,0.0,0.0,0.0,0.0,0.0,0.0,0.0,0.0
3,0,0.49296522,0.44902712,0.0,0.0,0.05800764,0.0,0.0,0.0,0.0,0.0,0.0,0.0,0.0
3,1,0.42777526,0.51421714,0.0,0.0,0.058007643,0.0,0.0,0.0,0.0,0.0,0.0,0.0,0.0
3,1,0.42777526,0.51421714,0.0,0.0,0.058007643,0.0,0.0,0.0,0.0,0.0,0.0,0.0,0.0
3,1,0.42777526,0.51421714,0.0,0.0,0.058007643,0.0,0.0,0.0,0.0,0.0,0.0,0.0,0.0
3,1,0.42777526,0.51421714,0.0,0.0,0.058007643,0.0,0.0,0.0,0.0,0.0,0.0,0.0,0.0
3,1,0.42777526,0.51421714,0.0,0.0,0.058007643,0.0,0.0,0.0,0.0,0.0,0.0,0.0,0.0
3,1,0.42777526,0.51421714,0.0,0.0,0.058007643,0.0,0.0,0.0,0.0,0.0,0.0,0.0,0.0
3,1,0.42777526,0.51421714,0.0,0.0,0.058007643,0.0,0.0,0.0,0.0,0.0,0.0,0.0,0.0
3,1,0.42777526,0.51421714,0.0,0.0,0.058007643,0.0,0.0,0.0,0.0,0.0,0.0,0.0,0.0
3,1,0.42777526,0.51421714,0.0,0.0,0.058007643,0.0,0.0,0.0,0.0,0.0,0.0,0.0,0.0
3,1,0.42777526,0.51421714,0.0,0.0,0.058007643,0.0,0.0,0.0,0.0,0.0,0.0,0.0,0.0
3,1,0.42777526,0.51421714,0.0,0.0,0.058007643,0.0,0.0,0.0,0.0,0.0,0.0,0.0,0.0
3,1,0.42777526,0.51421714,0.0,0.0,0.058007643,0.0,0.0,0.0,0.0,0.0,0.0,0.0,0.0
3,1,0.42777526,0.51421714,0.0,0.0,0.058007643,0.0,0.0,0.0,0.0,0.0,0.0,0.0,0.0
3,1,0.42777526,0.51421714,0.0,0.0,0.058007643,0.0,0.0,0.0,0.0,0.0,0.0,0.0,0.0
3,1,0.42777526,0.51421714,0.0,0.0,0.058007643,0.0,0.0,0.0,0.0,0.0,0.0,0.0,0.0
3,1,0.42777526,0.51421714,0.0,0.0,0.058007643,0.0,0.0,0.0,0.0,0.0,0.0,0.0,0.0
3,1,0.37097824,0.5710141,0.0,0.0,0.058007643,0.0,0.0,0.0,0.0,0.0,0.0,0.0,0.0
3,1,0.37097824,0.5710141,0.0,0.0,0.058007643,0.0,0.0,0.0,0.0,0.0,0.0,0.0,0.0
3,1,0.37097824,0.5710141,0.0,0.0,0.058007643,0.0,0.0,0.0,0.0,0.0,0.0,0.0,0.0
3,1,0.37097824,0.5710141,0.0,0.0,0.058007643,0.0,0.0,0.0,0.0,0.0,0.0,0.0,0.0
3,1,0.37097824,0.5710141,0.0,0.0,0.058007643,0.0,0.0,0.0,0.0,0.0,0.0,0.0,0.0
3,1,0.37097824,0.5710141,0.0,0.0,0.058007643,0.0,0.0,0.0,0.0,0.0,0.0,0.0,0.0
3,1,0.37097824,0.5710141,0.0,0.0,0.058007643,0.0,0.0,0.0,0.0,0.0,0.0,0.0,0.0
3,1,0.37097824,0.5710141,0.0,0.0,0.058007643,0.0,0.0,0.0,0.0,0.0,0.0,0.0,0.0
3,1,0.37097824,0.5710141,0.0,0.0,0.058007643,0.0,0.0,0.0,0.0,0.0,0.0,0.0,0.0
3,1,0.30272126,0.6392711,0.0,0.0,0.058007646,0.0,0.0,0.0,0.0,0.0,0.0,0.0,0.0
3,1,0.30272126,0.6392711,0.0,0.0,0.058007646,0.0,0.0,0.0,0.0,0.0,0.0,0.0,0.0
3,1,0.30272126,0.6392711,0.0,0.0,0.058007646,0.0,0.0,0.0,0.0,0.0,0.0,0.0,0.0
3,1,0.30272126,0.6392711,0.0,0.0,0.058007646,0.0,0.0,0.0,0.0,0.0,0.0,0.0,0.0
3,1,0.30272126,0.6392711,0.0,0.0,0.058007646,0.0,0.0,0.0,0.0,0.0,0.0,0.0,0.0
3,1,0.30272126,0.6392711,0.0,0.0,0.058007646,0.0,0.0,0.0,0.0,0.0,0.0,0.0,0.0
3,1,0.30272126,0.6392711,0.0,0.0,0.058007646,0.0,0.0,0.0,0.0,0.0,0.0,0.0,0.0
3,1,0.30272126,0.6392711,0.0,0.0,0.058007646,0.0,0.0,0.0,0.0,0.0,0.0,0.0,0.0
3,1,0.30272126,0.6392711,0.0,0.0,0.058007646,0.0,0.0,0.0,0.0,0.0,0.0,0.0,0.0
3,1,0.30272126,0.6392711,0.0,0.0,0.058007646,0.0,0.0,0.0,0.0,0.0,0.0,0.0,0.0
3,1,0.30272126,0.6392711,0.0,0.0,0.058007646,0.0,0.0,0.0,0.0,0.0,0.0,0.0,0.0
3,1,0.30272126,0.6392711,0.0,0.0,0.058007646,0.0,0.0,0.0,0.0,0.0,0.0,0.0,0.0
3,1,0.30272126,0.6392711,0.0,0.0,0.058007646,0.0,0.0,0.0,0.0,0.0,0.0,0.0,0.0
3,1,0.30272126,0.6392711,0.0,0.0,0.058007646,0.0,0.0,0.0,0.0,0.0,0.0,0.0,0.0
3,1,0.30272126,0.6392711,0.0,0.0,0.058007646,0.0,0.0,0.0,0.0,0.0,0.0,0.0,0.0
3,1,0.30272126,0.6392711,0.0,0.0,0.058007646,0.0,0.0,0.0,0.0,0.0,0.0,0.0,0.0
3,1,0.30272126,0.6392711,0.0,0.0,0.058007646,0.0,0.0,0.0,0.0,0.0,0.0,0.0,0.0
3,1,0.30272126,0.6392711,0.0,0.0,0.058007646,0.0,0.0,0.0,0.0,0.0,0.0,0.0,0.0
3,1,0.30272126,0.6392711,0.0,0.0,0.058007646,0.0,0.0,0.0,0.0,0.0,0.0,0.0,0.0
3,1,0.30272126,0.6392711,0.0,0.0,0.058007646,0.0,0.0,0.0,0.0,0.0,0.0,0.0,0.0
3,1,0.30272126,0.6392711,0.0,0.0,0.058007646,0.0,0.0,0.0,0.0,0.0,0.0,0.0,0.0
3,1,0.30272126,0.6392711,0.0,0.0,0.058007646,0.0,0.0,0.0,0.0,0.0,0.0,0.0,0.0
3,1,0.30272126,0.6392711,0.0,0.0,0.058007646,0.0,0.0,0.0,0.0,0.0,0.0,0.0,0.0
3,1,0.30272126,0.6392711,0.0,0.0,0.058007646,0.0,0.0,0.0,0.0,0.0,0.0,0.0,0.0
3,1,0.30272126,0.6392711,0.0,0.0,0.058007646,0.0,0.0,0.0,0.0,0.0,0.0,0.0,0.0
3,1,0.30272126,0.6392711,0.0,0.0,0.058007646,0.0,0.0,0.0,0.0,0.0,0.0,0.0,0.0
3,1,0.30272126,0.6392711,0.0,0.0,0.058007646,0.0,0.0,0.0,0.0,0.0,0.0,0.0,0.0
3,1,0.30272126,0.6392711,0.0,0.0,0.058007646,0.0,0.0,0.0,0.0,0.0,0.0,0.0,0.0
3,1,0.30272126,0.6392711,0.0,0.0,0.058007646,0.0,0.0,0.0,0.0,0.0,0.0,0.0,0.0
3,1,0.30272126,0.6392711,0.0,0.0,0.058007646,0.0,0.0,0.0,0.0,0.0,0.0,0.0,0.0
3,1,0.30272126,0.6392711,0.0,0.0,0.058007646,0.0,0.0,0.0,0.0,0.0,0.0,0.0,0.0
3,1,0.30272126,0.6392711,0.0,0.0,0.058007646,0.0,0.0,0.0,0.0,0.0,0.0,0.0,0.0
3,1,0.30272126,0.6392711,0.0,0.0,0.058007646,0.0,0.0,0.0,0.0,0.0,0.0,0.0,0.0
3,1,0.30272126,0.6392711,0.0,0.0,0.058007646,0.0,0.0,0.0,0.0,0.0,0.0,0.0,0.0
3,1,0.30272126,0.6392711,0.0,0.0,0.058007646,0.0,0.0,0.0,0.0,0.0,0.0,0.0,0.0
3,1,0.30272126,0.6392711,0.0,0.0,0.058007646,0.0,0.0,0.0,0.0,0.0,0.0,0.0,0.0
3,1,0.30272126,0.6392711,0.0,0.0,0.058007646,0.0,0.0,0.0,0.0,0.0,0.0,0.0,0.0
3,1,0.30272126,0.6392711,0.0,0.0,0.058007646,0.0,0.0,0.0,0.0,0.0,0.0,0.0,0.0
3,1,0.30272126,0.6392711,0.0,0.0,0.058007646,0.0,0.0,0.0,0.0,0.0,0.0,0.0,0.0
3,1,0.30272126,0.6392711,0.0,0.0,0.058007646,0.0,0.0,0.0,0.0,0.0,0.0,0.0,0.0
3,1,0.30272126,0.6392711,0.0,0.0,0.058007646,0.0,0.0,0.0,0.0,0.0,0.0,0.0,0.0
3,1,0.30272126,0.6392711,0.0,0.0,0.058007646,0.0,0.0,0.0,0.0,0.0,0.0,0.0,0.0
3,1,0.30272126,0.6392711,0.0,0.0,0.058007646,0.0,0.0,0.0,0.0,0.0,0.0,0.0,0.0
3,1,0.30272126,0.6392711,0.0,0.0,0.058007646,0.0,0.0,0.0,0.0,0.0,0.0,0.0,0.0
3,1,0.30272126,0.6392711,0.0,0.0,0.058007646,0.0,0.0,0.0,0.0,0.0,0.0,0.0,0.0
3,1,0.30272126,0.6392711,0.0,0.0,0.058007646,0.0,0.0,0.0,0.0,0.0,0.0,0.0,0.0
3,1,0.30272126,0.6392711,0.0,0.0,0.058007646,0.0,0.0,0.0,0.0,0.0,0.0,0.0,0.0
3,1,0.30272126,0.6392711,0.0,0.0,0.058007646,0.0,0.0,0.0,0.0,0.0,0.0,0.0,0.0
3,1,0.30272126,0.6392711,0.0,0.0,0.058007646,0.0,0.0,0.0,0.0,0.0,0.0,0.0,0.0
3,1,0.30272126,0.6392711,0.0,0.0,0.058007646,0.0,0.0,0.0,0.0,0.0,0.0,0.0,0.0
3,1,0.30272126,0.6392711,0.0,0.0,0.058007646,0.0,0.0,0.0,0.0,0.0,0.0,0.0,0.0
3,1,0.30272126,0.6392711,0.0,0.0,0.058007646,0.0,0.0,0.0,0.0,0.0,0.0,0.0,0.0
3,1,0.30272126,0.6392711,0.0,0.0,0.058007646,0.0,0.0,0.0,0.0,0.0,0.0,0.0,0.0
3,1,0.30272126,0.6392711,0.0,0.0,0.058007646,0.0,0.0,0.0,0.0,0.0,0.0,0.0,0.0
3,1,0.30272126,0.6392711,0.0,0.0,0.058007646,0.0,0.0,0.0,0.0,0.0,0.0,0.0,0.0
3,1,0.30272126,0.6392711,0.0,0.0,0.058007646,0.0,0.0,0.0,0.0,0.0,0.0,0.0,0.0
3,1,0.30272126,0.6392711,0.0,0.0,0.058007646,0.0,0.0,0.0,0.0,0.0,0.0,0.0,0.0
3,1,0.30272126,0.6392711,0.0,0.0,0.058007646,0.0,0.0,0.0,0.0,0.0,0.0,0.0,0.0
3,1,0.30272126,0.6392711,0.0,0.0,0.058007646,0.0,0.0,0.0,0.0,0.0,0.0,0.0,0.0
3,1,0.30272126,0.6392711,0.0,0.0,0.058007646,0.0,0.0,0.0,0.0,0.0,0.0,0.0,0.0
3,1,0.30272126,0.6392711,0.0,0.0,0.058007646,0.0,0.0,0.0,0.0,0.0,0.0,0.0,0.0
3,1,0.30272126,0.6392711,0.0,0.0,0.058007646,0.0,0.0,0.0,0.0,0.0,0.0,0.0,0.0
3,1,0.30272126,0.6392711,0.0,0.0,0.058007646,0.0,0.0,0.0,0.0,0.0,0.0,0.0,0.0
3,1,0.30272126,0.6392711,0.0,0.0,0.058007646,0.0,0.0,0.0,0.0,0.0,0.0,0.0,0.0
3,1,0.30272126,0.6392711,0.0,0.0,0.058007646,0.0,0.0,0.0,0.0,0.0,0.0,0.0,0.0
3,1,0.30272126,0.6392711,0.0,0.0,0.058007646,0.0,0.0,0.0,0.0,0.0,0.0,0.0,0.0
3,1,0.30272126,0.6392711,0.0,0.0,0.058007646,0.0,0.0,0.0,0.0,0.0,0.0,0.0,0.0
3,1,0.30272126,0.6392711,0.0,0.0,0.058007646,0.0,0.0,0.0,0.0,0.0,0.0,0.0,0.0
3,1,0.30272126,0.6392711,0.0,0.0,0.058007646,0.0,0.0,0.0,0.0,0.0,0.0,0.0,0.0
3,1,0.30272126,0.6392711,0.0,0.0,0.058007646,0.0,0.0,0.0,0.0,0.0,0.0,0.0,0.0
3,1,0.30272126,0.6392711,0.0,0.0,0.058007646,0.0,0.0,0.0,0.0,0.0,0.0,0.0,0.0
3,1,0.30272126,0.6392711,0.0,0.0,0.058007646,0.0,0.0,0.0,0.0,0.0,0.0,0.0,0.0
3,1,0.30272126,0.6392711,0.0,0.0,0.058007646,0.0,0.0,0.0,0.0,0.0,0.0,0.0,0.0
3,1,0.30272126,0.6392711,0.0,0.0,0.058007646,0.0,0.0,0.0,0.0,0.0,0.0,0.0,0.0
3,1,0.30272126,0.6392711,0.0,0.0,0.058007646,0.0,0.0,0.0,0.0,0.0,0.0,0.0,0.0
3,1,0.30272126,0.6392711,0.0,0.0,0.058007646,0.0,0.0,0.0,0.0,0.0,0.0,0.0,0.0
3,1,0.30272126,0.6392711,0.0,0.0,0.058007646,0.0,0.0,0.0,0.0,0.0,0.0,0.0,0.0
3,1,0.30272126,0.6392711,0.0,0.0,0.058007646,0.0,0.0,0.0,0.0,0.0,0.0,0.0,0.0
3,1,0.30272126,0.6392711,0.0,0.0,0.058007646,0.0,0.0,0.0,0.0,0.0,0.0,0.0,0.0
3,1,0.30272126,0.6392711,0.0,0.0,0.058007646,0.0,0.0,0.0,0.0,0.0,0.0,0.0,0.0
3,1,0.30272126,0.6392711,0.0,0.0,0.058007646,0.0,0.0,0.0,0.0,0.0,0.0,0.0,0.0
3,1,0.30272126,0.6392711,0.0,0.0,0.058007646,0.0,0.0,0.0,0.0,0.0,0.0,0.0,0.0
3,1,0.30272126,0.6392711,0.0,0.0,0.058007646,0.0,0.0,0.0,0.0,0.0,0.0,0.0,0.0
3,1,0.30272126,0.6392711,0.0,0.0,0.058007646,0.0,0.0,0.0,0.0,0.0,0.0,0.0,0.0
3,1,0.30272126,0.6392711,0.0,0.0,0.058007646,0.0,0.0,0.0,0.0,0.0,0.0,0.0,0.0
3,1,0.30272126,0.6392711,0.0,0.0,0.058007646,0.0,0.0,0.0,0.0,0.0,0.0,0.0,0.0
3,1,0.30272126,0.6392711,0.0,0.0,0.058007646,0.0,0.0,0.0,0.0,0.0,0.0,0.0,0.0
3,1,0.30272126,0.6392711,0.0,0.0,0.058007646,0.0,0.0,0.0,0.0,0.0,0.0,0.0,0.0
3,1,0.30272126,0.6392711,0.0,0.0,0.058007646,0.0,0.0,0.0,0.0,0.0,0.0,0.0,0.0
3,1,0.30272126,0.6392711,0.0,0.0,0.058007646,0.0,0.0,0.0,0.0,0.0,0.0,0.0,0.0
3,1,0.30272126,0.6392711,0.0,0.0,0.058007646,0.0,0.0,0.0,0.0,0.0,0.0,0.0,0.0
3,1,0.30272126,0.6392711,0.0,0.0,0.058007646,0.0,0.0,0.0,0.0,0.0,0.0,0.0,0.0
3,1,0.30272126,0.6392711,0.0,0.0,0.058007646,0.0,0.0,0.0,0.0,0.0,0.0,0.0,0.0
3,1,0.30272126,0.6392711,0.0,0.0,0.058007646,0.0,0.0,0.0,0.0,0.0,0.0,0.0,0.0
3,1,0.30272126,0.6392711,0.0,0.0,0.058007646,0.0,0.0,0.0,0.0,0.0,0.0,0.0,0.0
3,1,0.30272126,0.6392711,0.0,0.0,0.058007646,0.0,0.0,0.0,0.0,0.0,0.0,0.0,0.0
3,1,0.30272126,0.6392711,0.0,0.0,0.058007646,0.0,0.0,0.0,0.0,0.0,0.0,0.0,0.0
3,1,0.30272126,0.6392711,0.0,0.0,0.058007646,0.0,0.0,0.0,0.0,0.0,0.0,0.0,0.0
3,1,0.30272126,0.6392711,0.0,0.0,0.058007646,0.0,0.0,0.0,0.0,0.0,0.0,0.0,0.0
3,1,0.30272126,0.6392711,0.0,0.0,0.058007646,0.0,0.0,0.0,0.0,0.0,0.0,0.0,0.0
3,1,0.30272126,0.6392711,0.0,0.0,0.058007646,0.0,0.0,0.0,0.0,0.0,0.0,0.0,0.0
3,1,0.30272126,0.6392711,0.0,0.0,0.058007646,0.0,0.0,0.0,0.0,0.0,0.0,0.0,0.0
3,1,0.30272126,0.6392711,0.0,0.0,0.058007646,0.0,0.0,0.0,0.0,0.0,0.0,0.0,0.0
3,1,0.30272126,0.6392711,0.0,0.0,0.058007646,0.0,0.0,0.0,0.0,0.0,0.0,0.0,0.0
3,1,0.30272126,0.6392711,0.0,0.0,0.058007646,0.0,0.0,0.0,0.0,0.0,0.0,0.0,0.0
3,1,0.30272126,0.6392711,0.0,0.0,0.058007646,0.0,0.0,0.0,0.0,0.0,0.0,0.0,0.0
3,1,0.30272126,0.6392711,0.0,0.0,0.058007646,0.0,0.0,0.0,0.0,0.0,0.0,0.0,0.0
3,1,0.30272126,0.6392711,0.0,0.0,0.058007646,0.0,0.0,0.0,0.0,0.0,0.0,0.0,0.0
3,1,0.30272126,0.6392711,0.0,0.0,0.058007646,0.0,0.0,0.0,0.0,0.0,0.0,0.0,0.0
3,1,0.30272126,0.6392711,0.0,0.0,0.058007646,0.0,0.0,0.0,0.0,0.0,0.0,0.0,0.0
3,1,0.30272126,0.6392711,0.0,0.0,0.058007646,0.0,0.0,0.0,0.0,0.0,0.0,0.0,0.0
3,1,0.30272126,0.6392711,0.0,0.0,0.058007646,0.0,0.0,0.0,0.0,0.0,0.0,0.0,0.0
3,1,0.30272126,0.6392711,0.0,0.0,0.058007646,0.0,0.0,0.0,0.0,0.0,0.0,0.0,0.0
3,1,0.30272126,0.6392711,0.0,0.0,0.058007646,0.0,0.0,0.0,0.0,0.0,0.0,0.0,0.0
3,1,0.30272126,0.6392711,0.0,0.0,0.058007646,0.0,0.0,0.0,0.0,0.0,0.0,0.0,0.0
3,1,0.30272126,0.6392711,0.0,0.0,0.058007646,0.0,0.0,0.0,0.0,0.0,0.0,0.0,0.0
3,1,0.30272126,0.6392711,0.0,0.0,0.058007646,0.0,0.0,0.0,0.0,0.0,0.0,0.0,0.0
3,1,0.30272126,0.6392711,0.0,0.0,0.058007646,0.0,0.0,0.0,0.0,0.0,0.0,0.0,0.0
3,1,0.30272126,0.6392711,0.0,0.0,0.058007646,0.0,0.0,0.0,0.0,0.0,0.0,0.0,0.0
3,1,0.30272126,0.6392711,0.0,0.0,0.058007646,0.0,0.0,0.0,0.0,0.0,0.0,0.0,0.0
3,1,0.30272126,0.6392711,0.0,0.0,0.058007646,0.0,0.0,0.0,0.0,0.0,0.0,0.0,0.0
3,1,0.30272126,0.6392711,0.0,0.0,0.058007646,0.0,0.0,0.0,0.0,0.0,0.0,0.0,0.0
3,1,0.30272126,0.6392711,0.0,0.0,0.058007646,0.0,0.0,0.0,0.0,0.0,0.0,0.0,0.0
3,1,0.30272126,0.6392711,0.0,0.0,0.058007646,0.0,0.0,0.0,0.0,0.0,0.0,0.0,0.0
3,1,0.30272126,0.6392711,0.0,0.0,0.058007646,0.0,0.0,0.0,0.0,0.0,0.0,0.0,0.0
3,1,0.30272126,0.6392711,0.0,0.0,0.058007646,0.0,0.0,0.0,0.0,0.0,0.0,0.0,0.0
3,1,0.30272126,0.6392711,0.0,0.0,0.058007646,0.0,0.0,0.0,0.0,0.0,0.0,0.0,0.0
3,1,0.30272126,0.6392711,0.0,0.0,0.058007646,0.0,0.0,0.0,0.0,0.0,0.0,0.0,0.0
3,1,0.30272126,0.6392711,0.0,0.0,0.058007646,0.0,0.0,0.0,0.0,0.0,0.0,0.0,0.0
3,1,0.30272126,0.6392711,0.0,0.0,0.058007646,0.0,0.0,0.0,0.0,0.0,0.0,0.0,0.0
3,1,0.30272126,0.6392711,0.0,0.0,0.058007646,0.0,0.0,0.0,0.0,0.0,0.0,0.0,0.0
3,1,0.30272126,0.6392711,0.0,0.0,0.058007646,0.0,0.0,0.0,0.0,0.0,0.0,0.0,0.0
3,1,0.30272126,0.6392711,0.0,0.0,0.058007646,0.0,0.0,0.0,0.0,0.0,0.0,0.0,0.0
3,1,0.30272126,0.6392711,0.0,0.0,0.058007646,0.0,0.0,0.0,0.0,0.0,0.0,0.0,0.0
3,1,0.30272126,0.6392711,0.0,0.0,0.058007646,0.0,0.0,0.0,0.0,0.0,0.0,0.0,0.0
3,1,0.30272126,0.6392711,0.0,0.0,0.058007646,0.0,0.0,0.0,0.0,0.0,0.0,0.0,0.0
3,1,0.30272126,0.6392711,0.0,0.0,0.058007646,0.0,0.0,0.0,0.0,0.0,0.0,0.0,0.0
3,1,0.30272126,0.6392711,0.0,0.0,0.058007646,0.0,0.0,0.0,0.0,0.0,0.0,0.0,0.0
3,1,0.30272126,0.6392711,0.0,0.0,0.058007646,0.0,0.0,0.0,0.0,0.0,0.0,0.0,0.0
3,1,0.30272126,0.6392711,0.0,0.0,0.058007646,0.0,0.0,0.0,0.0,0.0,0.0,0.0,0.0
3,1,0.30272126,0.6392711,0.0,0.0,0.058007646,0.0,0.0,0.0,0.0,0.0,0.0,0.0,0.0
3,1,0.30272126,0.6392711,0.0,0.0,0.058007646,0.0,0.0,0.0,0.0,0.0,0.0,0.0,0.0
3,1,0.30272126,0.6392711,0.0,0.0,0.058007646,0.0,0.0,0.0,0.0,0.0,0.0,0.0,0.0
3,1,0.30272126,0.6392711,0.0,0.0,0.058007646,0.0,0.0,0.0,0.0,0.0,0.0,0.0,0.0
3,1,0.30272126,0.6392711,0.0,0.0,0.058007646,0.0,0.0,0.0,0.0,0.0,0.0,0.0,0.0
3,1,0.30272126,0.6392711,0.0,0.0,0.058007646,0.0,0.0,0.0,0.0,0.0,0.0,0.0,0.0
3,1,0.30272126,0.6392711,0.0,0.0,0.058007646,0.0,0.0,0.0,0.0,0.0,0.0,0.0,0.0
3,1,0.30272126,0.6392711,0.0,0.0,0.058007646,0.0,0.0,0.0,0.0,0.0,0.0,0.0,0.0
3,1,0.30272126,0.6392711,0.0,0.0,0.058007646,0.0,0.0,0.0,0.0,0.0,0.0,0.0,0.0
3,1,0.30272126,0.6392711,0.0,0.0,0.058007646,0.0,0.0,0.0,0.0,0.0,0.0,0.0,0.0
3,1,0.30272126,0.6392711,0.0,0.0,0.058007646,0.0,0.0,0.0,0.0,0.0,0.0,0.0,0.0
3,1,0.30272126,0.6392711,0.0,0.0,0.058007646,0.0,0.0,0.0,0.0,0.0,0.0,0.0,0.0
3,1,0.30272126,0.6392711,0.0,0.0,0.058007646,0.0,0.0,0.0,0.0,0.0,0.0,0.0,0.0
3,1,0.30272126,0.6392711,0.0,0.0,0.058007646,0.0,0.0,0.0,0.0,0.0,0.0,0.0,0.0
3,1,0.30272126,0.6392711,0.0,0.0,0.058007646,0.0,0.0,0.0,0.0,0.0,0.0,0.0,0.0
3,1,0.30272126,0.6392711,0.0,0.0,0.058007646,0.0,0.0,0.0,0.0,0.0,0.0,0.0,0.0
3,1,0.30272126,0.6392711,0.0,0.0,0.058007646,0.0,0.0,0.0,0.0,0.0,0.0,0.0,0.0
3,1,0.30272126,0.6392711,0.0,0.0,0.058007646,0.0,0.0,0.0,0.0,0.0,0.0,0.0,0.0
3,1,0.30272126,0.6392711,0.0,0.0,0.058007646,0.0,0.0,0.0,0.0,0.0,0.0,0.0,0.0
3,1,0.30272126,0.6392711,0.0,0.0,0.058007646,0.0,0.0,0.0,0.0,0.0,0.0,0.0,0.0
3,1,0.30272126,0.6392711,0.0,0.0,0.058007646,0.0,0.0,0.0,0.0,0.0,0.0,0.0,0.0
3,1,0.30272126,0.6392711,0.0,0.0,0.058007646,0.0,0.0,0.0,0.0,0.0,0.0,0.0,0.0
3,1,0.30272126,0.6392711,0.0,0.0,0.058007646,0.0,0.0,0.0,0.0,0.0,0.0,0.0,0.0
3,1,0.30272126,0.6392711,0.0,0.0,0.058007646,0.0,0.0,0.0,0.0,0.0,0.0,0.0,0.0
3,1,0.30272126,0.6392711,0.0,0.0,0.058007646,0.0,0.0,0.0,0.0,0.0,0.0,0.0,0.0
3,1,0.30272126,0.6392711,0.0,0.0,0.058007646,0.0,0.0,0.0,0.0,0.0,0.0,0.0,0.0
3,1,0.30272126,0.6392711,0.0,0.0,0.058007646,0.0,0.0,0.0,0.0,0.0,0.0,0.0,0.0
3,1,0.30272126,0.6392711,0.0,0.0,0.058007646,0.0,0.0,0.0,0.0,0.0,0.0,0.0,0.0
3,1,0.30272126,0.6392711,0.0,0.0,0.058007646,0.0,0.0,0.0,0.0,0.0,0.0,0.0,0.0
3,1,0.30272126,0.6392711,0.0,0.0,0.058007646,0.0,0.0,0.0,0.0,0.0,0.0,0.0,0.0
3,1,0.30272126,0.6392711,0.0,0.0,0.058007646,0.0,0.0,0.0,0.0,0.0,0.0,0.0,0.0
3,1,0.30272126,0.6392711,0.0,0.0,0.058007646,0.0,0.0,0.0,0.0,0.0,0.0,0.0,0.0
3,1,0.30272126,0.6392711,0.0,0.0,0.058007646,0.0,0.0,0.0,0.0,0.0,0.0,0.0,0.0
3,1,0.30272126,0.6392711,0.0,0.0,0.058007646,0.0,0.0,0.0,0.0,0.0,0.0,0.0,0.0
3,1,0.30272126,0.6392711,0.0,0.0,0.058007646,0.0,0.0,0.0,0.0,0.0,0.0,0.0,0.0
3,1,0.30272126,0.6392711,0.0,0.0,0.058007646,0.0,0.0,0.0,0.0,0.0,0.0,0.0,0.0
3,1,0.30272126,0.6392711,0.0,0.0,0.058007646,0.0,0.0,0.0,0.0,0.0,0.0,0.0,0.0
3,1,0.30272126,0.6392711,0.0,0.0,0.058007646,0.0,0.0,0.0,0.0,0.0,0.0,0.0,0.0
3,1,0.30272126,0.6392711,0.0,0.0,0.058007646,0.0,0.0,0.0,0.0,0.0,0.0,0.0,0.0
3,1,0.30272126,0.6392711,0.0,0.0,0.058007646,0.0,0.0,0.0,0.0,0.0,0.0,0.0,0.0
3,1,0.30272126,0.6392711,0.0,0.0,0.058007646,0.0,0.0,0.0,0.0,0.0,0.0,0.0,0.0
3,1,0.30272126,0.6392711,0.0,0.0,0.058007646,0.0,0.0,0.0,0.0,0.0,0.0,0.0,0.0
3,1,0.30272126,0.6392711,0.0,0.0,0.058007646,0.0,0.0,0.0,0.0,0.0,0.0,0.0,0.0
3,1,0.36791125,0.5740811,0.0,0.0,0.058007643,0.0,0.0,0.0,0.0,0.0,0.0,0.0,0.0
3,1,0.36791125,0.5740811,0.0,0.0,0.058007643,0.0,0.0,0.0,0.0,0.0,0.0,0.0,0.0
3,1,0.36791125,0.5740811,0.0,0.0,0.058007643,0.0,0.0,0.0,0.0,0.0,0.0,0.0,0.0
3,1,0.36791125,0.5740811,0.0,0.0,0.058007643,0.0,0.0,0.0,0.0,0.0,0.0,0.0,0.0
3,1,0.36791125,0.5740811,0.0,0.0,0.058007643,0.0,0.0,0.0,0.0,0.0,0.0,0.0,0.0
3,1,0.36791125,0.5740811,0.0,0.0,0.058007643,0.0,0.0,0.0,0.0,0.0,0.0,0.0,0.0
3,1,0.36791125,0.5740811,0.0,0.0,0.058007643,0.0,0.0,0.0,0.0,0.0,0.0,0.0,0.0
3,1,0.36791125,0.5740811,0.0,0.0,0.058007643,0.0,0.0,0.0,0.0,0.0,0.0,0.0,0.0
3,1,0.36791125,0.5740811,0.0,0.0,0.058007643,0.0,0.0,0.0,0.0,0.0,0.0,0.0,0.0
3,1,0.36791125,0.5740811,0.0,0.0,0.058007643,0.0,0.0,0.0,0.0,0.0,0.0,0.0,0.0
3,1,0.36791125,0.5740811,0.0,0.0,0.058007643,0.0,0.0,0.0,0.0,0.0,0.0,0.0,0.0
3,1,0.36791125,0.5740811,0.0,0.0,0.058007643,0.0,0.0,0.0,0.0,0.0,0.0,0.0,0.0
3,1,0.36791125,0.5740811,0.0,0.0,0.058007643,0.0,0.0,0.0,0.0,0.0,0.0,0.0,0.0
3,1,0.36791125,0.5740811,0.0,0.0,0.058007643,0.0,0.0,0.0,0.0,0.0,0.0,0.0,0.0
3,1,0.36791125,0.5740811,0.0,0.0,0.058007643,0.0,0.0,0.0,0.0,0.0,0.0,0.0,0.0
3,1,0.36791125,0.5740811,0.0,0.0,0.058007643,0.0,0.0,0.0,0.0,0.0,0.0,0.0,0.0
3,1,0.36791125,0.5740811,0.0,0.0,0.058007643,0.0,0.0,0.0,0.0,0.0,0.0,0.0,0.0
3,1,0.36791125,0.5740811,0.0,0.0,0.058007643,0.0,0.0,0.0,0.0,0.0,0.0,0.0,0.0
3,1,0.3081801,0.6338123,0.0,0.0,0.058007646,0.0,0.0,0.0,0.0,0.0,0.0,0.0,0.0
3,1,0.3081801,0.6338123,0.0,0.0,0.058007646,0.0,0.0,0.0,0.0,0.0,0.0,0.0,0.0
3,1,0.3081801,0.6338123,0.0,0.0,0.058007646,0.0,0.0,0.0,0.0,0.0,0.0,0.0,0.0
3,1,0.3081801,0.6338123,0.0,0.0,0.058007646,0.0,0.0,0.0,0.0,0.0,0.0,0.0,0.0
3,1,0.3081801,0.6338123,0.0,0.0,0.058007646,0.0,0.0,0.0,0.0,0.0,0.0,0.0,0.0
3,1,0.3081801,0.6338123,0.0,0.0,0.058007646,0.0,0.0,0.0,0.0,0.0,0.0,0.0,0.0
3,1,0.3081801,0.6338123,0.0,0.0,0.058007646,0.0,0.0,0.0,0.0,0.0,0.0,0.0,0.0
3,1,0.3081801,0.6338123,0.0,0.0,0.058007646,0.0,0.0,0.0,0.0,0.0,0.0,0.0,0.0
3,1,0.3081801,0.6338123,0.0,0.0,0.058007646,0.0,0.0,0.0,0.0,0.0,0.0,0.0,0.0
3,1,0.3081801,0.6338123,0.0,0.0,0.058007646,0.0,0.0,0.0,0.0,0.0,0.0,0.0,0.0
3,1,0.3081801,0.6338123,0.0,0.0,0.058007646,0.0,0.0,0.0,0.0,0.0,0.0,0.0,0.0
3,1,0.3081801,0.6338123,0.0,0.0,0.058007646,0.0,0.0,0.0,0.0,0.0,0.0,0.0,0.0
3,1,0.3081801,0.6338123,0.0,0.0,0.058007646,0.0,0.0,0.0,0.0,0.0,0.0,0.0,0.0
3,1,0.3081801,0.6338123,0.0,0.0,0.058007646,0.0,0.0,0.0,0.0,0.0,0.0,0.0,0.0
3,1,0.3081801,0.6338123,0.0,0.0,0.058007646,0.0,0.0,0.0,0.0,0.0,0.0,0.0,0.0
3,1,0.3081801,0.6338123,0.0,0.0,0.058007646,0.0,0.0,0.0,0.0,0.0,0.0,0.0,0.0
3,1,0.3081801,0.6338123,0.0,0.0,0.058007646,0.0,0.0,0.0,0.0,0.0,0.0,0.0,0.0
3,1,0.3081801,0.6338123,0.0,0.0,0.058007646,0.0,0.0,0.0,0.0,0.0,0.0,0.0,0.0
3,1,0.3081801,0.6338123,0.0,0.0,0.058007646,0.0,0.0,0.0,0.0,0.0,0.0,0.0,0.0
3,1,0.3081801,0.6338123,0.0,0.0,0.058007646,0.0,0.0,0.0,0.0,0.0,0.0,0.0,0.0
3,1,0.3081801,0.6338123,0.0,0.0,0.058007646,0.0,0.0,0.0,0.0,0.0,0.0,0.0,0.0
3,1,0.3081801,0.6338123,0.0,0.0,0.058007646,0.0,0.0,0.0,0.0,0.0,0.0,0.0,0.0
3,1,0.3081801,0.6338123,0.0,0.0,0.058007646,0.0,0.0,0.0,0.0,0.0,0.0,0.0,0.0
3,1,0.3081801,0.6338123,0.0,0.0,0.058007646,0.0,0.0,0.0,0.0,0.0,0.0,0.0,0.0
3,1,0.3081801,0.6338123,0.0,0.0,0.058007646,0.0,0.0,0.0,0.0,0.0,0.0,0.0,0.0
3,1,0.3081801,0.6338123,0.0,0.0,0.058007646,0.0,0.0,0.0,0.0,0.0,0.0,0.0,0.0
3,1,0.3081801,0.6338123,0.0,0.0,0.058007646,0.0,0.0,0.0,0.0,0.0,0.0,0.0,0.0
3,1,0.3081801,0.6338123,0.0,0.0,0.058007646,0.0,0.0,0.0,0.0,0.0,0.0,0.0,0.0
3,1,0.3081801,0.6338123,0.0,0.0,0.058007646,0.0,0.0,0.0,0.0,0.0,0.0,0.0,0.0
3,1,0.3081801,0.6338123,0.0,0.0,0.058007646,0.0,0.0,0.0,0.0,0.0,0.0,0.0,0.0
3,1,0.3081801,0.6338123,0.0,0.0,0.058007646,0.0,0.0,0.0,0.0,0.0,0.0,0.0,0.0
3,1,0.3081801,0.6338123,0.0,0.0,0.058007646,0.0,0.0,0.0,0.0,0.0,0.0,0.0,0.0
3,1,0.3081801,0.6338123,0.0,0.0,0.058007646,0.0,0.0,0.0,0.0,0.0,0.0,0.0,0.0
3,1,0.3081801,0.6338123,0.0,0.0,0.058007646,0.0,0.0,0.0,0.0,0.0,0.0,0.0,0.0
3,1,0.3081801,0.6338123,0.0,0.0,0.058007646,0.0,0.0,0.0,0.0,0.0,0.0,0.0,0.0
3,1,0.3081801,0.6338123,0.0,0.0,0.058007646,0.0,0.0,0.0,0.0,0.0,0.0,0.0,0.0
3,1,0.3081801,0.6338123,0.0,0.0,0.058007646,0.0,0.0,0.0,0.0,0.0,0.0,0.0,0.0
3,1,0.3081801,0.6338123,0.0,0.0,0.058007646,0.0,0.0,0.0,0.0,0.0,0.0,0.0,0.0
3,1,0.3081801,0.6338123,0.0,0.0,0.058007646,0.0,0.0,0.0,0.0,0.0,0.0,0.0,0.0
3,1,0.3081801,0.6338123,0.0,0.0,0.058007646,0.0,0.0,0.0,0.0,0.0,0.0,0.0,0.0
3,1,0.3081801,0.6338123,0.0,0.0,0.058007646,0.0,0.0,0.0,0.0,0.0,0.0,0.0,0.0
3,1,0.3081801,0.6338123,0.0,0.0,0.058007646,0.0,0.0,0.0,0.0,0.0,0.0,0.0,0.0
3,1,0.3081801,0.6338123,0.0,0.0,0.058007646,0.0,0.0,0.0,0.0,0.0,0.0,0.0,0.0
3,1,0.3081801,0.6338123,0.0,0.0,0.058007646,0.0,0.0,0.0,0.0,0.0,0.0,0.0,0.0
3,1,0.3081801,0.6338123,0.0,0.0,0.058007646,0.0,0.0,0.0,0.0,0.0,0.0,0.0,0.0
3,1,0.3081801,0.6338123,0.0,0.0,0.058007646,0.0,0.0,0.0,0.0,0.0,0.0,0.0,0.0
3,1,0.3081801,0.6338123,0.0,0.0,0.058007646,0.0,0.0,0.0,0.0,0.0,0.0,0.0,0.0
3,1,0.3081801,0.6338123,0.0,0.0,0.058007646,0.0,0.0,0.0,0.0,0.0,0.0,0.0,0.0
3,1,0.3081801,0.6338123,0.0,0.0,0.058007646,0.0,0.0,0.0,0.0,0.0,0.0,0.0,0.0
3,1,0.3081801,0.6338123,0.0,0.0,0.058007646,0.0,0.0,0.0,0.0,0.0,0.0,0.0,0.0
3,1,0.3081801,0.6338123,0.0,0.0,0.058007646,0.0,0.0,0.0,0.0,0.0,0.0,0.0,0.0
3,1,0.3081801,0.6338123,0.0,0.0,0.058007646,0.0,0.0,0.0,0.0,0.0,0.0,0.0,0.0
3,1,0.3081801,0.6338123,0.0,0.0,0.058007646,0.0,0.0,0.0,0.0,0.0,0.0,0.0,0.0
3,1,0.3081801,0.6338123,0.0,0.0,0.058007646,0.0,0.0,0.0,0.0,0.0,0.0,0.0,0.0
3,1,0.36618775,0.6338123,0.0,0.0,0.0,0.0,0.0,0.0,0.0,0.0,0.0,0.0,0.0
3,1,0.36618775,0.6338123,0.0,0.0,0.0,0.0,0.0,0.0,0.0,0.0,0.0,0.0,0.0
3,1,0.36618775,0.6338123,0.0,0.0,0.0,0.0,0.0,0.0,0.0,0.0,0.0,0.0,0.0
3,1,0.36618775,0.6338123,0.0,0.0,0.0,0.0,0.0,0.0,0.0,0.0,0.0,0.0,0.0
3,1,0.36618775,0.6338123,0.0,0.0,0.0,0.0,0.0,0.0,0.0,0.0,0.0,0.0,0.0
3,1,0.36618775,0.6338123,0.0,0.0,0.0,0.0,0.0,0.0,0.0,0.0,0.0,0.0,0.0
3,1,0.36618775,0.6338123,0.0,0.0,0.0,0.0,0.0,0.0,0.0,0.0,0.0,0.0,0.0
3,1,0.36618775,0.6338123,0.0,0.0,0.0,0.0,0.0,0.0,0.0,0.0,0.0,0.0,0.0
3,1,0.36618775,0.6338123,0.0,0.0,0.0,0.0,0.0,0.0,0.0,0.0,0.0,0.0,0.0
3,1,0.36618775,0.6338123,0.0,0.0,0.0,0.0,0.0,0.0,0.0,0.0,0.0,0.0,0.0
3,1,0.36618775,0.6338123,0.0,0.0,0.0,0.0,0.0,0.0,0.0,0.0,0.0,0.0,0.0
3,1,0.36618775,0.6338123,0.0,0.0,0.0,0.0,0.0,0.0,0.0,0.0,0.0,0.0,0.0
3,1,0.36618775,0.6338123,0.0,0.0,0.0,0.0,0.0,0.0,0.0,0.0,0.0,0.0,0.0
3,1,0.36618775,0.6338123,0.0,0.0,0.0,0.0,0.0,0.0,0.0,0.0,0.0,0.0,0.0
3,1,0.36618775,0.6338123,0.0,0.0,0.0,0.0,0.0,0.0,0.0,0.0,0.0,0.0,0.0
3,1,0.36618775,0.6338123,0.0,0.0,0.0,0.0,0.0,0.0,0.0,0.0,0.0,0.0,0.0
3,1,0.36618775,0.6338123,0.0,0.0,0.0,0.0,0.0,0.0,0.0,0.0,0.0,0.0,0.0
3,1,0.36618775,0.6338123,0.0,0.0,0.0,0.0,0.0,0.0,0.0,0.0,0.0,0.0,0.0
3,1,0.36618775,0.6338123,0.0,0.0,0.0,0.0,0.0,0.0,0.0,0.0,0.0,0.0,0.0
3,1,0.36618775,0.6338123,0.0,0.0,0.0,0.0,0.0,0.0,0.0,0.0,0.0,0.0,0.0
3,1,0.36618775,0.6338123,0.0,0.0,0.0,0.0,0.0,0.0,0.0,0.0,0.0,0.0,0.0
3,1,0.36618775,0.6338123,0.0,0.0,0.0,0.0,0.0,0.0,0.0,0.0,0.0,0.0,0.0
3,1,0.36618775,0.6338123,0.0,0.0,0.0,0.0,0.0,0.0,0.0,0.0,0.0,0.0,0.0
3,1,0.36618775,0.6338123,0.0,0.0,0.0,0.0,0.0,0.0,0.0,0.0,0.0,0.0,0.0
3,1,0.36618775,0.6338123,0.0,0.0,0.0,0.0,0.0,0.0,0.0,0.0,0.0,0.0,0.0
3,1,0.36618775,0.6338123,0.0,0.0,0.0,0.0,0.0,0.0,0.0,0.0,0.0,0.0,0.0
3,1,0.36618775,0.6338123,0.0,0.0,0.0,0.0,0.0,0.0,0.0,0.0,0.0,0.0,0.0
3,1,0.36618775,0.6338123,0.0,0.0,0.0,0.0,0.0,0.0,0.0,0.0,0.0,0.0,0.0
3,1,0.36618775,0.6338123,0.0,0.0,0.0,0.0,0.0,0.0,0.0,0.0,0.0,0.0,0.0
3,1,0.36618775,0.6338123,0.0,0.0,0.0,0.0,0.0,0.0,0.0,0.0,0.0,0.0,0.0
3,1,0.36618775,0.6338123,0.0,0.0,0.0,0.0,0.0,0.0,0.0,0.0,0.0,0.0,0.0
3,1,0.36618775,0.6338123,0.0,0.0,0.0,0.0,0.0,0.0,0.0,0.0,0.0,0.0,0.0
3,1,0.36618775,0.6338123,0.0,0.0,0.0,0.0,0.0,0.0,0.0,0.0,0.0,0.0,0.0
3,1,0.36618775,0.6338123,0.0,0.0,0.0,0.0,0.0,0.0,0.0,0.0,0.0,0.0,0.0
3,1,0.36618775,0.6338123,0.0,0.0,0.0,0.0,0.0,0.0,0.0,0.0,0.0,0.0,0.0
3,1,0.36618775,0.6338123,0.0,0.0,0.0,0.0,0.0,0.0,0.0,0.0,0.0,0.0,0.0
3,1,0.36618775,0.6338123,0.0,0.0,0.0,0.0,0.0,0.0,0.0,0.0,0.0,0.0,0.0
3,1,0.36618775,0.6338123,0.0,0.0,0.0,0.0,0.0,0.0,0.0,0.0,0.0,0.0,0.0
3,1,0.36618775,0.6338123,0.0,0.0,0.0,0.0,0.0,0.0,0.0,0.0,0.0,0.0,0.0
3,1,0.36618775,0.6338123,0.0,0.0,0.0,0.0,0.0,0.0,0.0,0.0,0.0,0.0,0.0
3,1,0.36618775,0.6338123,0.0,0.0,0.0,0.0,0.0,0.0,0.0,0.0,0.0,0.0,0.0
3,1,0.36618775,0.6338123,0.0,0.0,0.0,0.0,0.0,0.0,0.0,0.0,0.0,0.0,0.0
3,1,0.36618775,0.6338123,0.0,0.0,0.0,0.0,0.0,0.0,0.0,0.0,0.0,0.0,0.0
3,1,0.36618775,0.6338123,0.0,0.0,0.0,0.0,0.0,0.0,0.0,0.0,0.0,0.0,0.0
3,1,0.36618775,0.6338123,0.0,0.0,0.0,0.0,0.0,0.0,0.0,0.0,0.0,0.0,0.0
3,1,0.36618775,0.6338123,0.0,0.0,0.0,0.0,0.0,0.0,0.0,0.0,0.0,0.0,0.0
3,1,0.36618775,0.6338123,0.0,0.0,0.0,0.0,0.0,0.0,0.0,0.0,0.0,0.0,0.0
3,1,0.36618775,0.6338123,0.0,0.0,0.0,0.0,0.0,0.0,0.0,0.0,0.0,0.0,0.0
3,1,0.36618775,0.6338123,0.0,0.0,0.0,0.0,0.0,0.0,0.0,0.0,0.0,0.0,0.0
3,1,0.36618775,0.6338123,0.0,0.0,0.0,0.0,0.0,0.0,0.0,0.0,0.0,0.0,0.0
3,1,0.36618775,0.6338123,0.0,0.0,0.0,0.0,0.0,0.0,0.0,0.0,0.0,0.0,0.0
3,1,0.36618775,0.6338123,0.0,0.0,0.0,0.0,0.0,0.0,0.0,0.0,0.0,0.0,0.0
3,1,0.36618775,0.6338123,0.0,0.0,0.0,0.0,0.0,0.0,0.0,0.0,0.0,0.0,0.0
3,1,0.36618775,0.6338123,0.0,0.0,0.0,0.0,0.0,0.0,0.0,0.0,0.0,0.0,0.0
3,1,0.36618775,0.6338123,0.0,0.0,0.0,0.0,0.0,0.0,0.0,0.0,0.0,0.0,0.0
3,1,0.36618775,0.6338123,0.0,0.0,0.0,0.0,0.0,0.0,0.0,0.0,0.0,0.0,0.0
3,1,0.36618775,0.6338123,0.0,0.0,0.0,0.0,0.0,0.0,0.0,0.0,0.0,0.0,0.0
3,1,0.36618775,0.6338123,0.0,0.0,0.0,0.0,0.0,0.0,0.0,0.0,0.0,0.0,0.0
3,1,0.36618775,0.6338123,0.0,0.0,0.0,0.0,0.0,0.0,0.0,0.0,0.0,0.0,0.0
3,1,0.36618775,0.6338123,0.0,0.0,0.0,0.0,0.0,0.0,0.0,0.0,0.0,0.0,0.0
3,1,0.36618775,0.6338123,0.0,0.0,0.0,0.0,0.0,0.0,0.0,0.0,0.0,0.0,0.0
3,1,0.36618775,0.6338123,0.0,0.0,0.0,0.0,0.0,0.0,0.0,0.0,0.0,0.0,0.0
3,1,0.36618775,0.6338123,0.0,0.0,0.0,0.0,0.0,0.0,0.0,0.0,0.0,0.0,0.0
3,1,0.36618775,0.6338123,0.0,0.0,0.0,0.0,0.0,0.0,0.0,0.0,0.0,0.0,0.0
3,1,0.36618775,0.6338123,0.0,0.0,0.0,0.0,0.0,0.0,0.0,0.0,0.0,0.0,0.0
3,1,0.36618775,0.6338123,0.0,0.0,0.0,0.0,0.0,0.0,0.0,0.0,0.0,0.0,0.0
3,1,0.36618775,0.6338123,0.0,0.0,0.0,0.0,0.0,0.0,0.0,0.0,0.0,0.0,0.0
3,1,0.36618775,0.6338123,0.0,0.0,0.0,0.0,0.0,0.0,0.0,0.0,0.0,0.0,0.0
3,1,0.36618775,0.6338123,0.0,0.0,0.0,0.0,0.0,0.0,0.0,0.0,0.0,0.0,0.0
3,1,0.36618775,0.6338123,0.0,0.0,0.0,0.0,0.0,0.0,0.0,0.0,0.0,0.0,0.0
3,1,0.36618775,0.6338123,0.0,0.0,0.0,0.0,0.0,0.0,0.0,0.0,0.0,0.0,0.0
3,1,0.36618775,0.6338123,0.0,0.0,0.0,0.0,0.0,0.0,0.0,0.0,0.0,0.0,0.0
3,1,0.36618775,0.6338123,0.0,0.0,0.0,0.0,0.0,0.0,0.0,0.0,0.0,0.0,0.0
3,1,0.36618775,0.6338123,0.0,0.0,0.0,0.0,0.0,0.0,0.0,0.0,0.0,0.0,0.0
3,1,0.36618775,0.6338123,0.0,0.0,0.0,0.0,0.0,0.0,0.0,0.0,0.0,0.0,0.0
3,1,0.36618775,0.6338123,0.0,0.0,0.0,0.0,0.0,0.0,0.0,0.0,0.0,0.0,0.0
3,1,0.36618775,0.6338123,0.0,0.0,0.0,0.0,0.0,0.0,0.0,0.0,0.0,0.0,0.0
3,1,0.36618775,0.6338123,0.0,0.0,0.0,0.0,0.0,0.0,0.0,0.0,0.0,0.0,0.0
3,1,0.36618775,0.6338123,0.0,0.0,0.0,0.0,0.0,0.0,0.0,0.0,0.0,0.0,0.0
3,1,0.36618775,0.6338123,0.0,0.0,0.0,0.0,0.0,0.0,0.0,0.0,0.0,0.0,0.0
3,1,0.36618775,0.6338123,0.0,0.0,0.0,0.0,0.0,0.0,0.0,0.0,0.0,0.0,0.0
3,1,0.36618775,0.6338123,0.0,0.0,0.0,0.0,0.0,0.0,0.0,0.0,0.0,0.0,0.0
3,1,0.36618775,0.6338123,0.0,0.0,0.0,0.0,0.0,0.0,0.0,0.0,0.0,0.0,0.0
3,1,0.36618775,0.6338123,0.0,0.0,0.0,0.0,0.0,0.0,0.0,0.0,0.0,0.0,0.0
3,1,0.36618775,0.6338123,0.0,0.0,0.0,0.0,0.0,0.0,0.0,0.0,0.0,0.0,0.0
3,1,0.36618775,0.6338123,0.0,0.0,0.0,0.0,0.0,0.0,0.0,0.0,0.0,0.0,0.0
3,1,0.36618775,0.6338123,0.0,0.0,0.0,0.0,0.0,0.0,0.0,0.0,0.0,0.0,0.0
3,1,0.36618775,0.6338123,0.0,0.0,0.0,0.0,0.0,0.0,0.0,0.0,0.0,0.0,0.0
3,1,0.36618775,0.6338123,0.0,0.0,0.0,0.0,0.0,0.0,0.0,0.0,0.0,0.0,0.0
3,1,0.36618775,0.6338123,0.0,0.0,0.0,0.0,0.0,0.0,0.0,0.0,0.0,0.0,0.0
3,1,0.36618775,0.6338123,0.0,0.0,0.0,0.0,0.0,0.0,0.0,0.0,0.0,0.0,0.0
3,1,0.36618775,0.6338123,0.0,0.0,0.0,0.0,0.0,0.0,0.0,0.0,0.0,0.0,0.0
3,1,0.36618775,0.6338123,0.0,0.0,0.0,0.0,0.0,0.0,0.0,0.0,0.0,0.0,0.0
3,1,0.36618775,0.6338123,0.0,0.0,0.0,0.0,0.0,0.0,0.0,0.0,0.0,0.0,0.0
3,1,0.36618775,0.6338123,0.0,0.0,0.0,0.0,0.0,0.0,0.0,0.0,0.0,0.0,0.0
3,1,0.36618775,0.6338123,0.0,0.0,0.0,0.0,0.0,0.0,0.0,0.0,0.0,0.0,0.0
3,1,0.36618775,0.6338123,0.0,0.0,0.0,0.0,0.0,0.0,0.0,0.0,0.0,0.0,0.0
3,1,0.36618775,0.6338123,0.0,0.0,0.0,0.0,0.0,0.0,0.0,0.0,0.0,0.0,0.0
3,1,0.36618775,0.6338123,0.0,0.0,0.0,0.0,0.0,0.0,0.0,0.0,0.0,0.0,0.0
3,1,0.36618775,0.6338123,0.0,0.0,0.0,0.0,0.0,0.0,0.0,0.0,0.0,0.0,0.0
3,1,0.36618775,0.6338123,0.0,0.0,0.0,0.0,0.0,0.0,0.0,0.0,0.0,0.0,0.0
3,1,0.36618775,0.6338123,0.0,0.0,0.0,0.0,0.0,0.0,0.0,0.0,0.0,0.0,0.0
3,1,0.36618775,0.6338123,0.0,0.0,0.0,0.0,0.0,0.0,0.0,0.0,0.0,0.0,0.0
3,1,0.36618775,0.6338123,0.0,0.0,0.0,0.0,0.0,0.0,0.0,0.0,0.0,0.0,0.0
3,1,0.36618775,0.6338123,0.0,0.0,0.0,0.0,0.0,0.0,0.0,0.0,0.0,0.0,0.0
3,1,0.36618775,0.6338123,0.0,0.0,0.0,0.0,0.0,0.0,0.0,0.0,0.0,0.0,0.0
3,1,0.36618775,0.6338123,0.0,0.0,0.0,0.0,0.0,0.0,0.0,0.0,0.0,0.0,0.0
3,1,0.36618775,0.6338123,0.0,0.0,0.0,0.0,0.0,0.0,0.0,0.0,0.0,0.0,0.0
3,1,0.36618775,0.6338123,0.0,0.0,0.0,0.0,0.0,0.0,0.0,0.0,0.0,0.0,0.0
3,1,0.36618775,0.6338123,0.0,0.0,0.0,0.0,0.0,0.0,0.0,0.0,0.0,0.0,0.0
3,1,0.36618775,0.6338123,0.0,0.0,0.0,0.0,0.0,0.0,0.0,0.0,0.0,0.0,0.0
3,1,0.36618775,0.6338123,0.0,0.0,0.0,0.0,0.0,0.0,0.0,0.0,0.0,0.0,0.0
3,1,0.36618775,0.6338123,0.0,0.0,0.0,0.0,0.0,0.0,0.0,0.0,0.0,0.0,0.0
3,1,0.36618775,0.6338123,0.0,0.0,0.0,0.0,0.0,0.0,0.0,0.0,0.0,0.0,0.0
3,1,0.36618775,0.6338123,0.0,0.0,0.0,0.0,0.0,0.0,0.0,0.0,0.0,0.0,0.0
3,1,0.36618775,0.6338123,0.0,0.0,0.0,0.0,0.0,0.0,0.0,0.0,0.0,0.0,0.0
3,1,0.36618775,0.6338123,0.0,0.0,0.0,0.0,0.0,0.0,0.0,0.0,0.0,0.0,0.0
3,1,0.36618775,0.6338123,0.0,0.0,0.0,0.0,0.0,0.0,0.0,0.0,0.0,0.0,0.0
3,1,0.36618775,0.6338123,0.0,0.0,0.0,0.0,0.0,0.0,0.0,0.0,0.0,0.0,0.0
3,1,0.36618775,0.6338123,0.0,0.0,0.0,0.0,0.0,0.0,0.0,0.0,0.0,0.0,0.0
3,1,0.36618775,0.6338123,0.0,0.0,0.0,0.0,0.0,0.0,0.0,0.0,0.0,0.0,0.0
3,1,0.36618775,0.6338123,0.0,0.0,0.0,0.0,0.0,0.0,0.0,0.0,0.0,0.0,0.0
3,1,0.36618775,0.6338123,0.0,0.0,0.0,0.0,0.0,0.0,0.0,0.0,0.0,0.0,0.0
3,1,0.36618775,0.6338123,0.0,0.0,0.0,0.0,0.0,0.0,0.0,0.0,0.0,0.0,0.0
3,1,0.36618775,0.6338123,0.0,0.0,0.0,0.0,0.0,0.0,0.0,0.0,0.0,0.0,0.0
3,1,0.36618775,0.6338123,0.0,0.0,0.0,0.0,0.0,0.0,0.0,0.0,0.0,0.0,0.0
3,1,0.36618775,0.6338123,0.0,0.0,0.0,0.0,0.0,0.0,0.0,0.0,0.0,0.0,0.0
3,1,0.36618775,0.6338123,0.0,0.0,0.0,0.0,0.0,0.0,0.0,0.0,0.0,0.0,0.0
3,1,0.36618775,0.6338123,0.0,0.0,0.0,0.0,0.0,0.0,0.0,0.0,0.0,0.0,0.0
3,1,0.36618775,0.6338123,0.0,0.0,0.0,0.0,0.0,0.0,0.0,0.0,0.0,0.0,0.0
3,1,0.36618775,0.6338123,0.0,0.0,0.0,0.0,0.0,0.0,0.0,0.0,0.0,0.0,0.0
3,1,0.36618775,0.6338123,0.0,0.0,0.0,0.0,0.0,0.0,0.0,0.0,0.0,0.0,0.0
3,1,0.36618775,0.6338123,0.0,0.0,0.0,0.0,0.0,0.0,0.0,0.0,0.0,0.0,0.0
3,1,0.36618775,0.6338123,0.0,0.0,0.0,0.0,0.0,0.0,0.0,0.0,0.0,0.0,0.0
3,1,0.36618775,0.6338123,0.0,0.0,0.0,0.0,0.0,0.0,0.0,0.0,0.0,0.0,0.0
3,1,0.36618775,0.6338123,0.0,0.0,0.0,0.0,0.0,0.0,0.0,0.0,0.0,0.0,0.0
3,1,0.36304426,0.63695574,0.0,0.0,0.0,0.0,0.0,0.0,0.0,0.0,0.0,0.0,0.0
3,1,0.36304426,0.63695574,0.0,0.0,0.0,0.0,0.0,0.0,0.0,0.0,0.0,0.0,0.0
3,1,0.36304426,0.63695574,0.0,0.0,0.0,0.0,0.0,0.0,0.0,0.0,0.0,0.0,0.0
3,1,0.36304426,0.63695574,0.0,0.0,0.0,0.0,0.0,0.0,0.0,0.0,0.0,0.0,0.0
3,1,0.36304426,0.63695574,0.0,0.0,0.0,0.0,0.0,0.0,0.0,0.0,0.0,0.0,0.0
3,1,0.36304426,0.63695574,0.0,0.0,0.0,0.0,0.0,0.0,0.0,0.0,0.0,0.0,0.0
3,1,0.36304426,0.63695574,0.0,0.0,0.0,0.0,0.0,0.0,0.0,0.0,0.0,0.0,0.0
3,1,0.36304426,0.63695574,0.0,0.0,0.0,0.0,0.0,0.0,0.0,0.0,0.0,0.0,0.0
3,1,0.36304426,0.63695574,0.0,0.0,0.0,0.0,0.0,0.0,0.0,0.0,0.0,0.0,0.0
3,1,0.36304426,0.63695574,0.0,0.0,0.0,0.0,0.0,0.0,0.0,0.0,0.0,0.0,0.0
3,1,0.36304426,0.63695574,0.0,0.0,0.0,0.0,0.0,0.0,0.0,0.0,0.0,0.0,0.0
3,1,0.36304426,0.63695574,0.0,0.0,0.0,0.0,0.0,0.0,0.0,0.0,0.0,0.0,0.0
3,1,0.36304426,0.63695574,0.0,0.0,0.0,0.0,0.0,0.0,0.0,0.0,0.0,0.0,0.0
3,1,0.36304426,0.63695574,0.0,0.0,0.0,0.0,0.0,0.0,0.0,0.0,0.0,0.0,0.0
3,1,0.36304426,0.63695574,0.0,0.0,0.0,0.0,0.0,0.0,0.0,0.0,0.0,0.0,0.0
3,1,0.36304426,0.63695574,0.0,0.0,0.0,0.0,0.0,0.0,0.0,0.0,0.0,0.0,0.0
3,1,0.36304426,0.63695574,0.0,0.0,0.0,0.0,0.0,0.0,0.0,0.0,0.0,0.0,0.0
3,1,0.36304426,0.63695574,0.0,0.0,0.0,0.0,0.0,0.0,0.0,0.0,0.0,0.0,0.0
3,1,0.36304426,0.63695574,0.0,0.0,0.0,0.0,0.0,0.0,0.0,0.0,0.0,0.0,0.0
3,1,0.36304426,0.63695574,0.0,0.0,0.0,0.0,0.0,0.0,0.0,0.0,0.0,0.0,0.0
3,1,0.36304426,0.63695574,0.0,0.0,0.0,0.0,0.0,0.0,0.0,0.0,0.0,0.0,0.0
3,1,0.36304426,0.63695574,0.0,0.0,0.0,0.0,0.0,0.0,0.0,0.0,0.0,0.0,0.0
3,1,0.36304426,0.63695574,0.0,0.0,0.0,0.0,0.0,0.0,0.0,0.0,0.0,0.0,0.0
3,1,0.36304426,0.63695574,0.0,0.0,0.0,0.0,0.0,0.0,0.0,0.0,0.0,0.0,0.0
3,1,0.30129176,0.69870824,0.0,0.0,0.0,0.0,0.0,0.0,0.0,0.0,0.0,0.0,0.0
3,1,0.30129176,0.69870824,0.0,0.0,0.0,0.0,0.0,0.0,0.0,0.0,0.0,0.0,0.0
3,1,0.30129176,0.69870824,0.0,0.0,0.0,0.0,0.0,0.0,0.0,0.0,0.0,0.0,0.0
3,1,0.30129176,0.69870824,0.0,0.0,0.0,0.0,0.0,0.0,0.0,0.0,0.0,0.0,0.0
3,1,0.30129176,0.69870824,0.0,0.0,0.0,0.0,0.0,0.0,0.0,0.0,0.0,0.0,0.0
3,1,0.30129176,0.69870824,0.0,0.0,0.0,0.0,0.0,0.0,0.0,0.0,0.0,0.0,0.0
3,1,0.30129176,0.69870824,0.0,0.0,0.0,0.0,0.0,0.0,0.0,0.0,0.0,0.0,0.0
3,1,0.30129176,0.69870824,0.0,0.0,0.0,0.0,0.0,0.0,0.0,0.0,0.0,0.0,0.0
3,1,0.30129176,0.69870824,0.0,0.0,0.0,0.0,0.0,0.0,0.0,0.0,0.0,0.0,0.0
3,1,0.30129176,0.69870824,0.0,0.0,0.0,0.0,0.0,0.0,0.0,0.0,0.0,0.0,0.0
3,1,0.30129176,0.69870824,0.0,0.0,0.0,0.0,0.0,0.0,0.0,0.0,0.0,0.0,0.0
3,1,0.30129176,0.69870824,0.0,0.0,0.0,0.0,0.0,0.0,0.0,0.0,0.0,0.0,0.0
3,1,0.30129176,0.69870824,0.0,0.0,0.0,0.0,0.0,0.0,0.0,0.0,0.0,0.0,0.0
3,1,0.30129176,0.69870824,0.0,0.0,0.0,0.0,0.0,0.0,0.0,0.0,0.0,0.0,0.0
3,1,0.30129176,0.69870824,0.0,0.0,0.0,0.0,0.0,0.0,0.0,0.0,0.0,0.0,0.0
3,1,0.30129176,0.69870824,0.0,0.0,0.0,0.0,0.0,0.0,0.0,0.0,0.0,0.0,0.0
3,1,0.30129176,0.69870824,0.0,0.0,0.0,0.0,0.0,0.0,0.0,0.0,0.0,0.0,0.0
3,1,0.30129176,0.69870824,0.0,0.0,0.0,0.0,0.0,0.0,0.0,0.0,0.0,0.0,0.0
3,1,0.30129176,0.69870824,0.0,0.0,0.0,0.0,0.0,0.0,0.0,0.0,0.0,0.0,0.0
3,1,0.30129176,0.69870824,0.0,0.0,0.0,0.0,0.0,0.0,0.0,0.0,0.0,0.0,0.0
3,1,0.30129176,0.69870824,0.0,0.0,0.0,0.0,0.0,0.0,0.0,0.0,0.0,0.0,0.0
3,1,0.30129176,0.69870824,0.0,0.0,0.0,0.0,0.0,0.0,0.0,0.0,0.0,0.0,0.0
3,1,0.30129176,0.69870824,0.0,0.0,0.0,0.0,0.0,0.0,0.0,0.0,0.0,0.0,0.0
3,1,0.30129176,0.69870824,0.0,0.0,0.0,0.0,0.0,0.0,0.0,0.0,0.0,0.0,0.0
3,1,0.30129176,0.69870824,0.0,0.0,0.0,0.0,0.0,0.0,0.0,0.0,0.0,0.0,0.0
3,1,0.30129176,0.69870824,0.0,0.0,0.0,0.0,0.0,0.0,0.0,0.0,0.0,0.0,0.0
3,1,0.30129176,0.69870824,0.0,0.0,0.0,0.0,0.0,0.0,0.0,0.0,0.0,0.0,0.0
3,1,0.30129176,0.69870824,0.0,0.0,0.0,0.0,0.0,0.0,0.0,0.0,0.0,0.0,0.0
3,1,0.30129176,0.69870824,0.0,0.0,0.0,0.0,0.0,0.0,0.0,0.0,0.0,0.0,0.0
3,1,0.30129176,0.69870824,0.0,0.0,0.0,0.0,0.0,0.0,0.0,0.0,0.0,0.0,0.0
3,1,0.30129176,0.69870824,0.0,0.0,0.0,0.0,0.0,0.0,0.0,0.0,0.0,0.0,0.0
3,1,0.30129176,0.69870824,0.0,0.0,0.0,0.0,0.0,0.0,0.0,0.0,0.0,0.0,0.0
3,1,0.30129176,0.69870824,0.0,0.0,0.0,0.0,0.0,0.0,0.0,0.0,0.0,0.0,0.0
3,1,0.30129176,0.69870824,0.0,0.0,0.0,0.0,0.0,0.0,0.0,0.0,0.0,0.0,0.0
3,1,0.30129176,0.69870824,0.0,0.0,0.0,0.0,0.0,0.0,0.0,0.0,0.0,0.0,0.0
3,1,0.30129176,0.69870824,0.0,0.0,0.0,0.0,0.0,0.0,0.0,0.0,0.0,0.0,0.0
3,1,0.30129176,0.69870824,0.0,0.0,0.0,0.0,0.0,0.0,0.0,0.0,0.0,0.0,0.0
3,1,0.30129176,0.69870824,0.0,0.0,0.0,0.0,0.0,0.0,0.0,0.0,0.0,0.0,0.0
3,1,0.30129176,0.69870824,0.0,0.0,0.0,0.0,0.0,0.0,0.0,0.0,0.0,0.0,0.0
3,1,0.30129176,0.69870824,0.0,0.0,0.0,0.0,0.0,0.0,0.0,0.0,0.0,0.0,0.0
3,1,0.30129176,0.69870824,0.0,0.0,0.0,0.0,0.0,0.0,0.0,0.0,0.0,0.0,0.0
3,1,0.30129176,0.69870824,0.0,0.0,0.0,0.0,0.0,0.0,0.0,0.0,0.0,0.0,0.0
3,1,0.30129176,0.69870824,0.0,0.0,0.0,0.0,0.0,0.0,0.0,0.0,0.0,0.0,0.0
3,1,0.30129176,0.69870824,0.0,0.0,0.0,0.0,0.0,0.0,0.0,0.0,0.0,0.0,0.0
3,1,0.30129176,0.69870824,0.0,0.0,0.0,0.0,0.0,0.0,0.0,0.0,0.0,0.0,0.0
3,1,0.30129176,0.69870824,0.0,0.0,0.0,0.0,0.0,0.0,0.0,0.0,0.0,0.0,0.0
3,1,0.30129176,0.69870824,0.0,0.0,0.0,0.0,0.0,0.0,0.0,0.0,0.0,0.0,0.0
3,1,0.30129176,0.69870824,0.0,0.0,0.0,0.0,0.0,0.0,0.0,0.0,0.0,0.0,0.0
3,1,0.30129176,0.69870824,0.0,0.0,0.0,0.0,0.0,0.0,0.0,0.0,0.0,0.0,0.0
3,1,0.30129176,0.69870824,0.0,0.0,0.0,0.0,0.0,0.0,0.0,0.0,0.0,0.0,0.0
3,1,0.30129176,0.69870824,0.0,0.0,0.0,0.0,0.0,0.0,0.0,0.0,0.0,0.0,0.0
3,1,0.30129176,0.69870824,0.0,0.0,0.0,0.0,0.0,0.0,0.0,0.0,0.0,0.0,0.0
3,1,0.30129176,0.69870824,0.0,0.0,0.0,0.0,0.0,0.0,0.0,0.0,0.0,0.0,0.0
3,1,0.30129176,0.69870824,0.0,0.0,0.0,0.0,0.0,0.0,0.0,0.0,0.0,0.0,0.0
3,1,0.30129176,0.69870824,0.0,0.0,0.0,0.0,0.0,0.0,0.0,0.0,0.0,0.0,0.0
3,1,0.30129176,0.69870824,0.0,0.0,0.0,0.0,0.0,0.0,0.0,0.0,0.0,0.0,0.0
3,1,0.30129176,0.69870824,0.0,0.0,0.0,0.0,0.0,0.0,0.0,0.0,0.0,0.0,0.0
3,1,0.30129176,0.69870824,0.0,0.0,0.0,0.0,0.0,0.0,0.0,0.0,0.0,0.0,0.0
3,1,0.30129176,0.69870824,0.0,0.0,0.0,0.0,0.0,0.0,0.0,0.0,0.0,0.0,0.0
3,1,0.30129176,0.69870824,0.0,0.0,0.0,0.0,0.0,0.0,0.0,0.0,0.0,0.0,0.0
3,1,0.30129176,0.69870824,0.0,0.0,0.0,0.0,0.0,0.0,0.0,0.0,0.0,0.0,0.0
3,1,0.30129176,0.69870824,0.0,0.0,0.0,0.0,0.0,0.0,0.0,0.0,0.0,0.0,0.0
3,1,0.30129176,0.69870824,0.0,0.0,0.0,0.0,0.0,0.0,0.0,0.0,0.0,0.0,0.0
3,1,0.30129176,0.69870824,0.0,0.0,0.0,0.0,0.0,0.0,0.0,0.0,0.0,0.0,0.0
3,1,0.30129176,0.69870824,0.0,0.0,0.0,0.0,0.0,0.0,0.0,0.0,0.0,0.0,0.0
3,1,0.30129176,0.69870824,0.0,0.0,0.0,0.0,0.0,0.0,0.0,0.0,0.0,0.0,0.0
3,1,0.30129176,0.69870824,0.0,0.0,0.0,0.0,0.0,0.0,0.0,0.0,0.0,0.0,0.0
3,1,0.30129176,0.69870824,0.0,0.0,0.0,0.0,0.0,0.0,0.0,0.0,0.0,0.0,0.0
3,1,0.30129176,0.69870824,0.0,0.0,0.0,0.0,0.0,0.0,0.0,0.0,0.0,0.0,0.0
3,1,0.30129176,0.69870824,0.0,0.0,0.0,0.0,0.0,0.0,0.0,0.0,0.0,0.0,0.0
3,1,0.30129176,0.69870824,0.0,0.0,0.0,0.0,0.0,0.0,0.0,0.0,0.0,0.0,0.0
3,1,0.30129176,0.69870824,0.0,0.0,0.0,0.0,0.0,0.0,0.0,0.0,0.0,0.0,0.0
3,1,0.30129176,0.69870824,0.0,0.0,0.0,0.0,0.0,0.0,0.0,0.0,0.0,0.0,0.0
3,1,0.30129176,0.69870824,0.0,0.0,0.0,0.0,0.0,0.0,0.0,0.0,0.0,0.0,0.0
3,1,0.30129176,0.69870824,0.0,0.0,0.0,0.0,0.0,0.0,0.0,0.0,0.0,0.0,0.0
3,1,0.30129176,0.69870824,0.0,0.0,0.0,0.0,0.0,0.0,0.0,0.0,0.0,0.0,0.0
3,1,0.30129176,0.69870824,0.0,0.0,0.0,0.0,0.0,0.0,0.0,0.0,0.0,0.0,0.0
3,1,0.30129176,0.69870824,0.0,0.0,0.0,0.0,0.0,0.0,0.0,0.0,0.0,0.0,0.0
3,1,0.30129176,0.69870824,0.0,0.0,0.0,0.0,0.0,0.0,0.0,0.0,0.0,0.0,0.0
3,1,0.30129176,0.69870824,0.0,0.0,0.0,0.0,0.0,0.0,0.0,0.0,0.0,0.0,0.0
3,1,0.23940349,0.7605965,0.0,0.0,0.0,0.0,0.0,0.0,0.0,0.0,0.0,0.0,0.0
3,1,0.23940349,0.7605965,0.0,0.0,0.0,0.0,0.0,0.0,0.0,0.0,0.0,0.0,0.0
3,1,0.23940349,0.7605965,0.0,0.0,0.0,0.0,0.0,0.0,0.0,0.0,0.0,0.0,0.0
3,1,0.23940349,0.7605965,0.0,0.0,0.0,0.0,0.0,0.0,0.0,0.0,0.0,0.0,0.0
3,1,0.23940349,0.7605965,0.0,0.0,0.0,0.0,0.0,0.0,0.0,0.0,0.0,0.0,0.0
3,1,0.23940349,0.7605965,0.0,0.0,0.0,0.0,0.0,0.0,0.0,0.0,0.0,0.0,0.0
3,1,0.23940349,0.7605965,0.0,0.0,0.0,0.0,0.0,0.0,0.0,0.0,0.0,0.0,0.0
3,1,0.23940349,0.7605965,0.0,0.0,0.0,0.0,0.0,0.0,0.0,0.0,0.0,0.0,0.0
3,1,0.23940349,0.7605965,0.0,0.0,0.0,0.0,0.0,0.0,0.0,0.0,0.0,0.0,0.0
3,1,0.23940349,0.7605965,0.0,0.0,0.0,0.0,0.0,0.0,0.0,0.0,0.0,0.0,0.0
3,1,0.23940349,0.7605965,0.0,0.0,0.0,0.0,0.0,0.0,0.0,0.0,0.0,0.0,0.0
3,1,0.23940349,0.7605965,0.0,0.0,0.0,0.0,0.0,0.0,0.0,0.0,0.0,0.0,0.0
3,1,0.23940349,0.7605965,0.0,0.0,0.0,0.0,0.0,0.0,0.0,0.0,0.0,0.0,0.0
3,1,0.23940349,0.7605965,0.0,0.0,0.0,0.0,0.0,0.0,0.0,0.0,0.0,0.0,0.0
3,1,0.23940349,0.7605965,0.0,0.0,0.0,0.0,0.0,0.0,0.0,0.0,0.0,0.0,0.0
3,1,0.23940349,0.7605965,0.0,0.0,0.0,0.0,0.0,0.0,0.0,0.0,0.0,0.0,0.0
3,1,0.23940349,0.7605965,0.0,0.0,0.0,0.0,0.0,0.0,0.0,0.0,0.0,0.0,0.0
3,1,0.23940349,0.7605965,0.0,0.0,0.0,0.0,0.0,0.0,0.0,0.0,0.0,0.0,0.0
3,1,0.23940349,0.7605965,0.0,0.0,0.0,0.0,0.0,0.0,0.0,0.0,0.0,0.0,0.0
3,1,0.23940349,0.7605965,0.0,0.0,0.0,0.0,0.0,0.0,0.0,0.0,0.0,0.0,0.0
3,1,0.23940349,0.7605965,0.0,0.0,0.0,0.0,0.0,0.0,0.0,0.0,0.0,0.0,0.0
3,1,0.23940349,0.7605965,0.0,0.0,0.0,0.0,0.0,0.0,0.0,0.0,0.0,0.0,0.0
3,1,0.23940349,0.7605965,0.0,0.0,0.0,0.0,0.0,0.0,0.0,0.0,0.0,0.0,0.0
3,1,0.23940349,0.7605965,0.0,0.0,0.0,0.0,0.0,0.0,0.0,0.0,0.0,0.0,0.0
3,1,0.23940349,0.6930131,0.0,0.0,0.0,0.067583494,0.0,0.0,0.0,0.0,0.0,0.0,0.0
3,1,0.23940349,0.6930131,0.0,0.0,0.0,0.067583494,0.0,0.0,0.0,0.0,0.0,0.0,0.0
3,1,0.23940349,0.6930131,0.0,0.0,0.0,0.067583494,0.0,0.0,0.0,0.0,0.0,0.0,0.0
3,1,0.23940349,0.6930131,0.0,0.0,0.0,0.067583494,0.0,0.0,0.0,0.0,0.0,0.0,0.0
3,1,0.23940349,0.6930131,0.0,0.0,0.0,0.067583494,0.0,0.0,0.0,0.0,0.0,0.0,0.0
3,1,0.23940349,0.6930131,0.0,0.0,0.0,0.067583494,0.0,0.0,0.0,0.0,0.0,0.0,0.0
3,1,0.23940349,0.6930131,0.0,0.0,0.0,0.067583494,0.0,0.0,0.0,0.0,0.0,0.0,0.0
3,1,0.23940349,0.6930131,0.0,0.0,0.0,0.067583494,0.0,0.0,0.0,0.0,0.0,0.0,0.0
3,1,0.23940349,0.6930131,0.0,0.0,0.0,0.067583494,0.0,0.0,0.0,0.0,0.0,0.0,0.0
3,1,0.23940349,0.6930131,0.0,0.0,0.0,0.067583494,0.0,0.0,0.0,0.0,0.0,0.0,0.0
3,1,0.23940349,0.6930131,0.0,0.0,0.0,0.067583494,0.0,0.0,0.0,0.0,0.0,0.0,0.0
3,1,0.23940349,0.6930131,0.0,0.0,0.0,0.067583494,0.0,0.0,0.0,0.0,0.0,0.0,0.0
3,1,0.23940349,0.6930131,0.0,0.0,0.0,0.067583494,0.0,0.0,0.0,0.0,0.0,0.0,0.0
3,1,0.23940349,0.6930131,0.0,0.0,0.0,0.067583494,0.0,0.0,0.0,0.0,0.0,0.0,0.0
3,1,0.23940349,0.6930131,0.0,0.0,0.0,0.067583494,0.0,0.0,0.0,0.0,0.0,0.0,0.0
3,1,0.23940349,0.6930131,0.0,0.0,0.0,0.067583494,0.0,0.0,0.0,0.0,0.0,0.0,0.0
3,1,0.23940349,0.6930131,0.0,0.0,0.0,0.067583494,0.0,0.0,0.0,0.0,0.0,0.0,0.0
3,1,0.23940349,0.6930131,0.0,0.0,0.0,0.067583494,0.0,0.0,0.0,0.0,0.0,0.0,0.0
3,1,0.23940349,0.6930131,0.0,0.0,0.0,0.067583494,0.0,0.0,0.0,0.0,0.0,0.0,0.0
3,1,0.23940349,0.6930131,0.0,0.0,0.0,0.067583494,0.0,0.0,0.0,0.0,0.0,0.0,0.0
3,1,0.23940349,0.6930131,0.0,0.0,0.0,0.067583494,0.0,0.0,0.0,0.0,0.0,0.0,0.0
3,1,0.23940349,0.6930131,0.0,0.0,0.0,0.067583494,0.0,0.0,0.0,0.0,0.0,0.0,0.0
3,1,0.23940349,0.6930131,0.0,0.0,0.0,0.067583494,0.0,0.0,0.0,0.0,0.0,0.0,0.0
3,1,0.23940349,0.6930131,0.0,0.0,0.0,0.067583494,0.0,0.0,0.0,0.0,0.0,0.0,0.0
3,1,0.23940349,0.6930131,0.0,0.0,0.0,0.067583494,0.0,0.0,0.0,0.0,0.0,0.0,0.0
3,1,0.23940349,0.6930131,0.0,0.0,0.0,0.067583494,0.0,0.0,0.0,0.0,0.0,0.0,0.0
3,1,0.23940349,0.6930131,0.0,0.0,0.0,0.067583494,0.0,0.0,0.0,0.0,0.0,0.0,0.0
3,1,0.23940349,0.6930131,0.0,0.0,0.0,0.067583494,0.0,0.0,0.0,0.0,0.0,0.0,0.0
3,1,0.23940349,0.6930131,0.0,0.0,0.0,0.067583494,0.0,0.0,0.0,0.0,0.0,0.0,0.0
3,1,0.23940349,0.6930131,0.0,0.0,0.0,0.067583494,0.0,0.0,0.0,0.0,0.0,0.0,0.0
3,1,0.23940349,0.6930131,0.0,0.0,0.0,0.067583494,0.0,0.0,0.0,0.0,0.0,0.0,0.0
3,1,0.23940349,0.6930131,0.0,0.0,0.0,0.067583494,0.0,0.0,0.0,0.0,0.0,0.0,0.0
3,1,0.23940349,0.63328195,0.059731144,0.0,0.0,0.067583494,0.0,0.0,0.0,0.0,0.0,0.0,0.0
3,1,0.23940349,0.63328195,0.059731144,0.0,0.0,0.067583494,0.0,0.0,0.0,0.0,0.0,0.0,0.0
3,1,0.23940349,0.63328195,0.059731144,0.0,0.0,0.067583494,0.0,0.0,0.0,0.0,0.0,0.0,0.0
3,1,0.23940349,0.63328195,0.059731144,0.0,0.0,0.067583494,0.0,0.0,0.0,0.0,0.0,0.0,0.0
3,1,0.23940349,0.63328195,0.059731144,0.0,0.0,0.067583494,0.0,0.0,0.0,0.0,0.0,0.0,0.0
3,1,0.23940349,0.63328195,0.059731144,0.0,0.0,0.067583494,0.0,0.0,0.0,0.0,0.0,0.0,0.0
3,1,0.23940349,0.63328195,0.059731144,0.0,0.0,0.067583494,0.0,0.0,0.0,0.0,0.0,0.0,0.0
3,1,0.23940349,0.63328195,0.059731144,0.0,0.0,0.067583494,0.0,0.0,0.0,0.0,0.0,0.0,0.0
3,1,0.23940349,0.63328195,0.059731144,0.0,0.0,0.067583494,0.0,0.0,0.0,0.0,0.0,0.0,0.0
3,1,0.23940349,0.63328195,0.059731144,0.0,0.0,0.067583494,0.0,0.0,0.0,0.0,0.0,0.0,0.0
3,1,0.23940349,0.63328195,0.059731144,0.0,0.0,0.067583494,0.0,0.0,0.0,0.0,0.0,0.0,0.0
3,1,0.23940349,0.63328195,0.059731144,0.0,0.0,0.067583494,0.0,0.0,0.0,0.0,0.0,0.0,0.0
3,1,0.23940349,0.63328195,0.059731144,0.0,0.0,0.067583494,0.0,0.0,0.0,0.0,0.0,0.0,0.0
3,1,0.23940349,0.63328195,0.059731144,0.0,0.0,0.067583494,0.0,0.0,0.0,0.0,0.0,0.0,0.0
3,1,0.23940349,0.63328195,0.059731144,0.0,0.0,0.067583494,0.0,0.0,0.0,0.0,0.0,0.0,0.0
3,1,0.23940349,0.63328195,0.059731144,0.0,0.0,0.067583494,0.0,0.0,0.0,0.0,0.0,0.0,0.0
3,1,0.23940349,0.63328195,0.059731144,0.0,0.0,0.067583494,0.0,0.0,0.0,0.0,0.0,0.0,0.0
3,1,0.23940349,0.63328195,0.059731144,0.0,0.0,0.067583494,0.0,0.0,0.0,0.0,0.0,0.0,0.0
3,1,0.23940349,0.63328195,0.059731144,0.0,0.0,0.067583494,0.0,0.0,0.0,0.0,0.0,0.0,0.0
3,1,0.23940349,0.63328195,0.059731144,0.0,0.0,0.067583494,0.0,0.0,0.0,0.0,0.0,0.0,0.0
3,1,0.23940349,0.63328195,0.059731144,0.0,0.0,0.067583494,0.0,0.0,0.0,0.0,0.0,0.0,0.0
3,1,0.23940349,0.63328195,0.059731144,0.0,0.0,0.067583494,0.0,0.0,0.0,0.0,0.0,0.0,0.0
3,1,0.17735696,0.6332819,0.05973114,0.0,0.0,0.12963,0.0,0.0,0.0,0.0,0.0,0.0,0.0
3,1,0.17735696,0.6332819,0.05973114,0.0,0.0,0.12963,0.0,0.0,0.0,0.0,0.0,0.0,0.0
3,1,0.11934931,0.69128954,0.05973114,0.0,0.0,0.12963,0.0,0.0,0.0,0.0,0.0,0.0,0.0
3,1,0.11934931,0.69128954,0.05973114,0.0,0.0,0.12963,0.0,0.0,0.0,0.0,0.0,0.0,0.0
3,1,0.11934931,0.69128954,0.05973114,0.0,0.0,0.12963,0.0,0.0,0.0,0.0,0.0,0.0,0.0
3,1,0.11934931,0.69128954,0.05973114,0.0,0.0,0.12963,0.0,0.0,0.0,0.0,0.0,0.0,0.0
3,1,0.11934931,0.69128954,0.05973114,0.0,0.0,0.12963,0.0,0.0,0.0,0.0,0.0,0.0,0.0
3,1,0.11934931,0.69128954,0.05973114,0.0,0.0,0.12963,0.0,0.0,0.0,0.0,0.0,0.0,0.0
3,1,0.11934931,0.69128954,0.05973114,0.0,0.0,0.12963,0.0,0.0,0.0,0.0,0.0,0.0,0.0
3,1,0.11934931,0.69128954,0.05973114,0.0,0.0,0.12963,0.0,0.0,0.0,0.0,0.0,0.0,0.0
3,1,0.11934931,0.69128954,0.05973114,0.0,0.0,0.12963,0.0,0.0,0.0,0.0,0.0,0.0,0.0
3,1,0.11934931,0.69128954,0.05973114,0.0,0.0,0.12963,0.0,0.0,0.0,0.0,0.0,0.0,0.0
3,1,0.11934931,0.69128954,0.05973114,0.0,0.0,0.12963,0.0,0.0,0.0,0.0,0.0,0.0,0.0
3,1,0.11934931,0.69128954,0.05973114,0.0,0.0,0.12963,0.0,0.0,0.0,0.0,0.0,0.0,0.0
3,1,0.11934931,0.69128954,0.05973114,0.0,0.0,0.12963,0.0,0.0,0.0,0.0,0.0,0.0,0.0
3,1,0.11934931,0.69128954,0.05973114,0.0,0.0,0.12963,0.0,0.0,0.0,0.0,0.0,0.0,0.0
3,1,0.11934931,0.69128954,0.05973114,0.0,0.0,0.12963,0.0,0.0,0.0,0.0,0.0,0.0,0.0
3,1,0.11934931,0.69128954,0.05973114,0.0,0.0,0.12963,0.0,0.0,0.0,0.0,0.0,0.0,0.0
3,1,0.11934931,0.69128954,0.05973114,0.0,0.0,0.12963,0.0,0.0,0.0,0.0,0.0,0.0,0.0
3,1,0.11934931,0.69128954,0.05973114,0.0,0.0,0.12963,0.0,0.0,0.0,0.0,0.0,0.0,0.0
3,1,0.11934931,0.69128954,0.05973114,0.0,0.0,0.12963,0.0,0.0,0.0,0.0,0.0,0.0,0.0
3,1,0.11934931,0.69128954,0.05973114,0.0,0.0,0.12963,0.0,0.0,0.0,0.0,0.0,0.0,0.0
3,1,0.11934931,0.69128954,0.05973114,0.0,0.0,0.12963,0.0,0.0,0.0,0.0,0.0,0.0,0.0
3,1,0.11934931,0.69128954,0.05973114,0.0,0.0,0.12963,0.0,0.0,0.0,0.0,0.0,0.0,0.0
3,1,0.11934931,0.69128954,0.05973114,0.0,0.0,0.12963,0.0,0.0,0.0,0.0,0.0,0.0,0.0
3,1,0.11934931,0.69128954,0.05973114,0.0,0.0,0.12963,0.0,0.0,0.0,0.0,0.0,0.0,0.0
3,1,0.11934931,0.69128954,0.05973114,0.0,0.0,0.12963,0.0,0.0,0.0,0.0,0.0,0.0,0.0
3,1,0.11934931,0.69128954,0.05973114,0.0,0.0,0.12963,0.0,0.0,0.0,0.0,0.0,0.0,0.0
3,1,0.11934931,0.69128954,0.05973114,0.0,0.0,0.12963,0.0,0.0,0.0,0.0,0.0,0.0,0.0
3,1,0.11934931,0.69128954,0.05973114,0.0,0.0,0.12963,0.0,0.0,0.0,0.0,0.0,0.0,0.0
3,1,0.11934931,0.69128954,0.05973114,0.0,0.0,0.12963,0.0,0.0,0.0,0.0,0.0,0.0,0.0
3,1,0.11934931,0.69128954,0.05973114,0.0,0.0,0.12963,0.0,0.0,0.0,0.0,0.0,0.0,0.0
3,1,0.11934931,0.69128954,0.05973114,0.0,0.0,0.12963,0.0,0.0,0.0,0.0,0.0,0.0,0.0
3,1,0.11934931,0.69128954,0.05973114,0.0,0.0,0.12963,0.0,0.0,0.0,0.0,0.0,0.0,0.0
3,1,0.06291972,0.7477191,0.05973114,0.0,0.0,0.12963,0.0,0.0,0.0,0.0,0.0,0.0,0.0
3,1,0.06291972,0.7477191,0.05973114,0.0,0.0,0.12963,0.0,0.0,0.0,0.0,0.0,0.0,0.0
3,1,0.06291972,0.7477191,0.05973114,0.0,0.0,0.12963,0.0,0.0,0.0,0.0,0.0,0.0,0.0
3,1,0.06291972,0.7477191,0.05973114,0.0,0.0,0.12963,0.0,0.0,0.0,0.0,0.0,0.0,0.0
3,1,0.06291972,0.7477191,0.05973114,0.0,0.0,0.12963,0.0,0.0,0.0,0.0,0.0,0.0,0.0
3,1,0.06291972,0.7477191,0.05973114,0.0,0.0,0.12963,0.0,0.0,0.0,0.0,0.0,0.0,0.0
3,1,0.06291972,0.7477191,0.05973114,0.0,0.0,0.12963,0.0,0.0,0.0,0.0,0.0,0.0,0.0
3,1,0.06291972,0.7477191,0.05973114,0.0,0.0,0.12963,0.0,0.0,0.0,0.0,0.0,0.0,0.0
3,1,0.06291972,0.7477191,0.05973114,0.0,0.0,0.12963,0.0,0.0,0.0,0.0,0.0,0.0,0.0
3,1,0.06291972,0.7477191,0.05973114,0.0,0.0,0.12963,0.0,0.0,0.0,0.0,0.0,0.0,0.0
3,1,0.06291972,0.7477191,0.05973114,0.0,0.0,0.12963,0.0,0.0,0.0,0.0,0.0,0.0,0.0
3,1,0.06291972,0.7477191,0.05973114,0.0,0.0,0.12963,0.0,0.0,0.0,0.0,0.0,0.0,0.0
3,1,0.06291972,0.7477191,0.05973114,0.0,0.0,0.12963,0.0,0.0,0.0,0.0,0.0,0.0,0.0
3,1,0.06291972,0.7477191,0.05973114,0.0,0.0,0.12963,0.0,0.0,0.0,0.0,0.0,0.0,0.0
3,1,0.06291972,0.7477191,0.05973114,0.0,0.0,0.12963,0.0,0.0,0.0,0.0,0.0,0.0,0.0
3,1,0.06291972,0.7477191,0.05973114,0.0,0.0,0.12963,0.0,0.0,0.0,0.0,0.0,0.0,0.0
3,1,0.06291972,0.7477191,0.05973114,0.0,0.0,0.12963,0.0,0.0,0.0,0.0,0.0,0.0,0.0
3,1,0.06291972,0.7477191,0.05973114,0.0,0.0,0.12963,0.0,0.0,0.0,0.0,0.0,0.0,0.0
3,1,0.06291972,0.7477191,0.05973114,0.0,0.0,0.12963,0.0,0.0,0.0,0.0,0.0,0.0,0.0
3,1,0.06291972,0.7477191,0.05973114,0.0,0.0,0.12963,0.0,0.0,0.0,0.0,0.0,0.0,0.0
3,1,0.06291972,0.7477191,0.05973114,0.0,0.0,0.12963,0.0,0.0,0.0,0.0,0.0,0.0,0.0
3,1,0.06291972,0.7477191,0.05973114,0.0,0.0,0.12963,0.0,0.0,0.0,0.0,0.0,0.0,0.0
3,1,0.06291972,0.7477191,0.05973114,0.0,0.0,0.12963,0.0,0.0,0.0,0.0,0.0,0.0,0.0
3,1,0.06291972,0.7477191,0.05973114,0.0,0.0,0.12963,0.0,0.0,0.0,0.0,0.0,0.0,0.0
3,1,0.0,0.81063884,0.05973114,0.0,0.0,0.12963,0.0,0.0,0.0,0.0,0.0,0.0,0.0
3,1,0.0,0.81063884,0.05973114,0.0,0.0,0.12963,0.0,0.0,0.0,0.0,0.0,0.0,0.0
3,1,0.0,0.81063884,0.05973114,0.0,0.0,0.12963,0.0,0.0,0.0,0.0,0.0,0.0,0.0
3,1,0.0,0.81063884,0.05973114,0.0,0.0,0.12963,0.0,0.0,0.0,0.0,0.0,0.0,0.0
3,1,0.0,0.81063884,0.05973114,0.0,0.0,0.12963,0.0,0.0,0.0,0.0,0.0,0.0,0.0
3,1,0.0,0.81063884,0.05973114,0.0,0.0,0.12963,0.0,0.0,0.0,0.0,0.0,0.0,0.0
3,1,0.0,0.81063884,0.05973114,0.0,0.0,0.12963,0.0,0.0,0.0,0.0,0.0,0.0,0.0
3,1,0.0,0.81063884,0.05973114,0.0,0.0,0.12963,0.0,0.0,0.0,0.0,0.0,0.0,0.0
3,1,0.0,0.81063884,0.05973114,0.0,0.0,0.12963,0.0,0.0,0.0,0.0,0.0,0.0,0.0
3,1,0.0,0.81063884,0.05973114,0.0,0.0,0.12963,0.0,0.0,0.0,0.0,0.0,0.0,0.0
3,1,0.0,0.81063884,0.05973114,0.0,0.0,0.12963,0.0,0.0,0.0,0.0,0.0,0.0,0.0
3,1,0.0,0.81063884,0.05973114,0.0,0.0,0.12963,0.0,0.0,0.0,0.0,0.0,0.0,0.0
3,1,0.0,0.81063884,0.05973114,0.0,0.0,0.12963,0.0,0.0,0.0,0.0,0.0,0.0,0.0
3,1,0.0,0.81063884,0.05973114,0.0,0.0,0.12963,0.0,0.0,0.0,0.0,0.0,0.0,0.0
3,1,0.0,0.81063884,0.05973114,0.0,0.0,0.12963,0.0,0.0,0.0,0.0,0.0,0.0,0.0
3,1,0.0,0.81063884,0.05973114,0.0,0.0,0.12963,0.0,0.0,0.0,0.0,0.0,0.0,0.0
3,1,0.0,0.81063884,0.05973114,0.0,0.0,0.12963,0.0,0.0,0.0,0.0,0.0,0.0,0.0
3,1,0.0,0.81063884,0.05973114,0.0,0.0,0.12963,0.0,0.0,0.0,0.0,0.0,0.0,0.0
3,1,0.0,0.81063884,0.05973114,0.0,0.0,0.12963,0.0,0.0,0.0,0.0,0.0,0.0,0.0
3,1,0.0,0.81063884,0.05973114,0.0,0.0,0.12963,0.0,0.0,0.0,0.0,0.0,0.0,0.0
3,1,0.0,0.81063884,0.05973114,0.0,0.0,0.12963,0.0,0.0,0.0,0.0,0.0,0.0,0.0
3,1,0.0,0.81063884,0.05973114,0.0,0.0,0.12963,0.0,0.0,0.0,0.0,0.0,0.0,0.0
3,1,0.0,0.81063884,0.05973114,0.0,0.0,0.12963,0.0,0.0,0.0,0.0,0.0,0.0,0.0
3,1,0.0,0.81063884,0.05973114,0.0,0.0,0.12963,0.0,0.0,0.0,0.0,0.0,0.0,0.0
3,1,0.0,0.81063884,0.05973114,0.0,0.0,0.12963,0.0,0.0,0.0,0.0,0.0,0.0,0.0
3,1,0.0,0.81063884,0.05973114,0.0,0.0,0.12963,0.0,0.0,0.0,0.0,0.0,0.0,0.0
3,1,0.0,0.81063884,0.05973114,0.0,0.0,0.12963,0.0,0.0,0.0,0.0,0.0,0.0,0.0
3,1,0.0,0.81063884,0.05973114,0.0,0.0,0.12963,0.0,0.0,0.0,0.0,0.0,0.0,0.0
3,1,0.0,0.81063884,0.05973114,0.0,0.0,0.12963,0.0,0.0,0.0,0.0,0.0,0.0,0.0
3,1,0.0,0.81063884,0.05973114,0.0,0.0,0.12963,0.0,0.0,0.0,0.0,0.0,0.0,0.0
3,1,0.0,0.81063884,0.05973114,0.0,0.0,0.12963,0.0,0.0,0.0,0.0,0.0,0.0,0.0
3,1,0.0,0.81063884,0.05973114,0.0,0.0,0.12963,0.0,0.0,0.0,0.0,0.0,0.0,0.0
3,1,0.0,0.81063884,0.05973114,0.0,0.0,0.12963,0.0,0.0,0.0,0.0,0.0,0.0,0.0
3,1,0.0,0.81063884,0.05973114,0.0,0.0,0.12963,0.0,0.0,0.0,0.0,0.0,0.0,0.0
3,1,0.0,0.81063884,0.05973114,0.0,0.0,0.12963,0.0,0.0,0.0,0.0,0.0,0.0,0.0
3,1,0.0,0.81063884,0.05973114,0.0,0.0,0.12963,0.0,0.0,0.0,0.0,0.0,0.0,0.0
3,1,0.0,0.81063884,0.05973114,0.0,0.0,0.12963,0.0,0.0,0.0,0.0,0.0,0.0,0.0
3,1,0.0,0.81063884,0.05973114,0.0,0.0,0.12963,0.0,0.0,0.0,0.0,0.0,0.0,0.0
3,1,0.0,0.81063884,0.05973114,0.0,0.0,0.12963,0.0,0.0,0.0,0.0,0.0,0.0,0.0
3,1,0.0,0.81063884,0.05973114,0.0,0.0,0.12963,0.0,0.0,0.0,0.0,0.0,0.0,0.0
3,1,0.0,0.81063884,0.05973114,0.0,0.0,0.12963,0.0,0.0,0.0,0.0,0.0,0.0,0.0
3,1,0.0,0.81063884,0.05973114,0.0,0.0,0.12963,0.0,0.0,0.0,0.0,0.0,0.0,0.0
3,1,0.0,0.81063884,0.05973114,0.0,0.0,0.12963,0.0,0.0,0.0,0.0,0.0,0.0,0.0
3,1,0.0,0.81063884,0.05973114,0.0,0.0,0.12963,0.0,0.0,0.0,0.0,0.0,0.0,0.0
3,1,0.0,0.81063884,0.05973114,0.0,0.0,0.12963,0.0,0.0,0.0,0.0,0.0,0.0,0.0
3,1,0.0,0.81063884,0.05973114,0.0,0.0,0.12963,0.0,0.0,0.0,0.0,0.0,0.0,0.0
3,1,0.0,0.81063884,0.05973114,0.0,0.0,0.12963,0.0,0.0,0.0,0.0,0.0,0.0,0.0
3,1,0.0,0.81063884,0.05973114,0.0,0.0,0.12963,0.0,0.0,0.0,0.0,0.0,0.0,0.0
3,1,0.0,0.81063884,0.05973114,0.0,0.0,0.12963,0.0,0.0,0.0,0.0,0.0,0.0,0.0
3,1,0.0,0.81063884,0.05973114,0.0,0.0,0.12963,0.0,0.0,0.0,0.0,0.0,0.0,0.0
3,1,0.0,0.81063884,0.05973114,0.0,0.0,0.12963,0.0,0.0,0.0,0.0,0.0,0.0,0.0
3,1,0.0,0.81063884,0.05973114,0.0,0.0,0.12963,0.0,0.0,0.0,0.0,0.0,0.0,0.0
3,1,0.0,0.81063884,0.05973114,0.0,0.0,0.12963,0.0,0.0,0.0,0.0,0.0,0.0,0.0
3,1,0.0,0.81063884,0.05973114,0.0,0.0,0.12963,0.0,0.0,0.0,0.0,0.0,0.0,0.0
3,1,0.0,0.81063884,0.05973114,0.0,0.0,0.12963,0.0,0.0,0.0,0.0,0.0,0.0,0.0
3,1,0.0,0.81063884,0.05973114,0.0,0.0,0.12963,0.0,0.0,0.0,0.0,0.0,0.0,0.0
3,1,0.0,0.81063884,0.05973114,0.0,0.0,0.12963,0.0,0.0,0.0,0.0,0.0,0.0,0.0
3,1,0.0,0.81063884,0.05973114,0.0,0.0,0.12963,0.0,0.0,0.0,0.0,0.0,0.0,0.0
3,1,0.0,0.81063884,0.05973114,0.0,0.0,0.12963,0.0,0.0,0.0,0.0,0.0,0.0,0.0
3,1,0.0,0.81063884,0.05973114,0.0,0.0,0.12963,0.0,0.0,0.0,0.0,0.0,0.0,0.0
3,1,0.0,0.81063884,0.05973114,0.0,0.0,0.12963,0.0,0.0,0.0,0.0,0.0,0.0,0.0
3,1,0.0,0.81063884,0.05973114,0.0,0.0,0.12963,0.0,0.0,0.0,0.0,0.0,0.0,0.0
3,1,0.0,0.81063884,0.05973114,0.0,0.0,0.12963,0.0,0.0,0.0,0.0,0.0,0.0,0.0
3,1,0.0,0.81063884,0.05973114,0.0,0.0,0.12963,0.0,0.0,0.0,0.0,0.0,0.0,0.0
3,1,0.0,0.81063884,0.05973114,0.0,0.0,0.12963,0.0,0.0,0.0,0.0,0.0,0.0,0.0
3,1,0.0,0.81063884,0.05973114,0.0,0.0,0.12963,0.0,0.0,0.0,0.0,0.0,0.0,0.0
3,1,0.0,0.81063884,0.05973114,0.0,0.0,0.12963,0.0,0.0,0.0,0.0,0.0,0.0,0.0
3,1,0.0,0.81063884,0.05973114,0.0,0.0,0.12963,0.0,0.0,0.0,0.0,0.0,0.0,0.0
3,1,0.0,0.81063884,0.05973114,0.0,0.0,0.12963,0.0,0.0,0.0,0.0,0.0,0.0,0.0
3,1,0.0,0.81063884,0.05973114,0.0,0.0,0.12963,0.0,0.0,0.0,0.0,0.0,0.0,0.0
3,1,0.0,0.81063884,0.05973114,0.0,0.0,0.12963,0.0,0.0,0.0,0.0,0.0,0.0,0.0
3,1,0.0,0.81063884,0.05973114,0.0,0.0,0.12963,0.0,0.0,0.0,0.0,0.0,0.0,0.0
3,1,0.0,0.81063884,0.05973114,0.0,0.0,0.12963,0.0,0.0,0.0,0.0,0.0,0.0,0.0
3,1,0.0,0.81063884,0.05973114,0.0,0.0,0.12963,0.0,0.0,0.0,0.0,0.0,0.0,0.0
3,1,0.0,0.81063884,0.05973114,0.0,0.0,0.12963,0.0,0.0,0.0,0.0,0.0,0.0,0.0
3,1,0.0,0.81063884,0.05973114,0.0,0.0,0.12963,0.0,0.0,0.0,0.0,0.0,0.0,0.0
3,1,0.0,0.81063884,0.05973114,0.0,0.0,0.12963,0.0,0.0,0.0,0.0,0.0,0.0,0.0
3,1,0.0,0.81063884,0.05973114,0.0,0.0,0.12963,0.0,0.0,0.0,0.0,0.0,0.0,0.0
3,1,0.0,0.81063884,0.05973114,0.0,0.0,0.12963,0.0,0.0,0.0,0.0,0.0,0.0,0.0
3,1,0.0,0.81063884,0.05973114,0.0,0.0,0.12963,0.0,0.0,0.0,0.0,0.0,0.0,0.0
3,1,0.0,0.81063884,0.05973114,0.0,0.0,0.12963,0.0,0.0,0.0,0.0,0.0,0.0,0.0
3,1,0.0,0.81063884,0.05973114,0.0,0.0,0.12963,0.0,0.0,0.0,0.0,0.0,0.0,0.0
3,1,0.0,0.81063884,0.05973114,0.0,0.0,0.12963,0.0,0.0,0.0,0.0,0.0,0.0,0.0
3,1,0.0,0.81063884,0.05973114,0.0,0.0,0.12963,0.0,0.0,0.0,0.0,0.0,0.0,0.0
3,1,0.0,0.81063884,0.05973114,0.0,0.0,0.12963,0.0,0.0,0.0,0.0,0.0,0.0,0.0
3,1,0.0,0.81063884,0.05973114,0.0,0.0,0.12963,0.0,0.0,0.0,0.0,0.0,0.0,0.0
3,1,0.0,0.81063884,0.05973114,0.0,0.0,0.12963,0.0,0.0,0.0,0.0,0.0,0.0,0.0
3,1,0.0,0.81063884,0.05973114,0.0,0.0,0.12963,0.0,0.0,0.0,0.0,0.0,0.0,0.0
3,1,0.0,0.81063884,0.05973114,0.0,0.0,0.12963,0.0,0.0,0.0,0.0,0.0,0.0,0.0
3,1,0.0,0.81063884,0.05973114,0.0,0.0,0.12963,0.0,0.0,0.0,0.0,0.0,0.0,0.0
3,1,0.0,0.81063884,0.05973114,0.0,0.0,0.12963,0.0,0.0,0.0,0.0,0.0,0.0,0.0
3,1,0.0,0.81063884,0.05973114,0.0,0.0,0.12963,0.0,0.0,0.0,0.0,0.0,0.0,0.0
3,1,0.0,0.81063884,0.05973114,0.0,0.0,0.12963,0.0,0.0,0.0,0.0,0.0,0.0,0.0
3,1,0.0,0.81063884,0.05973114,0.0,0.0,0.12963,0.0,0.0,0.0,0.0,0.0,0.0,0.0
3,1,0.0,0.81063884,0.05973114,0.0,0.0,0.12963,0.0,0.0,0.0,0.0,0.0,0.0,0.0
3,1,0.0,0.81063884,0.05973114,0.0,0.0,0.12963,0.0,0.0,0.0,0.0,0.0,0.0,0.0
3,1,0.0,0.81063884,0.05973114,0.0,0.0,0.12963,0.0,0.0,0.0,0.0,0.0,0.0,0.0
3,1,0.0,0.81063884,0.05973114,0.0,0.0,0.12963,0.0,0.0,0.0,0.0,0.0,0.0,0.0
3,1,0.0,0.81063884,0.05973114,0.0,0.0,0.12963,0.0,0.0,0.0,0.0,0.0,0.0,0.0
3,1,0.0,0.81063884,0.05973114,0.0,0.0,0.12963,0.0,0.0,0.0,0.0,0.0,0.0,0.0
3,1,0.0,0.81063884,0.05973114,0.0,0.0,0.12963,0.0,0.0,0.0,0.0,0.0,0.0,0.0
3,1,0.0,0.81063884,0.05973114,0.0,0.0,0.12963,0.0,0.0,0.0,0.0,0.0,0.0,0.0
3,1,0.0,0.81063884,0.05973114,0.0,0.0,0.12963,0.0,0.0,0.0,0.0,0.0,0.0,0.0
3,1,0.0,0.81063884,0.05973114,0.0,0.0,0.12963,0.0,0.0,0.0,0.0,0.0,0.0,0.0
3,1,0.05800764,0.75263125,0.05973114,0.0,0.0,0.12963,0.0,0.0,0.0,0.0,0.0,0.0,0.0
3,1,0.05800764,0.75263125,0.05973114,0.0,0.0,0.12963,0.0,0.0,0.0,0.0,0.0,0.0,0.0
3,1,0.05800764,0.75263125,0.05973114,0.0,0.0,0.12963,0.0,0.0,0.0,0.0,0.0,0.0,0.0
3,1,0.05800764,0.75263125,0.05973114,0.0,0.0,0.12963,0.0,0.0,0.0,0.0,0.0,0.0,0.0
3,1,0.05800764,0.75263125,0.05973114,0.0,0.0,0.12963,0.0,0.0,0.0,0.0,0.0,0.0,0.0
3,1,0.05800764,0.75263125,0.05973114,0.0,0.0,0.12963,0.0,0.0,0.0,0.0,0.0,0.0,0.0
3,1,0.05800764,0.75263125,0.05973114,0.0,0.0,0.12963,0.0,0.0,0.0,0.0,0.0,0.0,0.0
3,1,0.05800764,0.75263125,0.05973114,0.0,0.0,0.12963,0.0,0.0,0.0,0.0,0.0,0.0,0.0
3,1,0.05800764,0.75263125,0.05973114,0.0,0.0,0.12963,0.0,0.0,0.0,0.0,0.0,0.0,0.0
3,1,0.05800764,0.75263125,0.05973114,0.0,0.0,0.12963,0.0,0.0,0.0,0.0,0.0,0.0,0.0
3,1,0.05800764,0.75263125,0.05973114,0.0,0.0,0.12963,0.0,0.0,0.0,0.0,0.0,0.0,0.0
3,1,0.05800764,0.75263125,0.05973114,0.0,0.0,0.12963,0.0,0.0,0.0,0.0,0.0,0.0,0.0
3,1,0.05800764,0.75263125,0.05973114,0.0,0.0,0.12963,0.0,0.0,0.0,0.0,0.0,0.0,0.0
3,1,0.05800764,0.75263125,0.05973114,0.0,0.0,0.12963,0.0,0.0,0.0,0.0,0.0,0.0,0.0
3,1,0.05800764,0.75263125,0.05973114,0.0,0.0,0.12963,0.0,0.0,0.0,0.0,0.0,0.0,0.0
3,1,0.05800764,0.75263125,0.05973114,0.0,0.0,0.12963,0.0,0.0,0.0,0.0,0.0,0.0,0.0
3,1,0.05800764,0.75263125,0.05973114,0.0,0.0,0.12963,0.0,0.0,0.0,0.0,0.0,0.0,0.0
3,1,0.05800764,0.75263125,0.05973114,0.0,0.0,0.12963,0.0,0.0,0.0,0.0,0.0,0.0,0.0
3,1,0.05800764,0.75263125,0.05973114,0.0,0.0,0.12963,0.0,0.0,0.0,0.0,0.0,0.0,0.0
3,1,0.05800764,0.75263125,0.05973114,0.0,0.0,0.12963,0.0,0.0,0.0,0.0,0.0,0.0,0.0
3,1,0.05800764,0.75263125,0.05973114,0.0,0.0,0.12963,0.0,0.0,0.0,0.0,0.0,0.0,0.0
3,1,0.05800764,0.75263125,0.05973114,0.0,0.0,0.12963,0.0,0.0,0.0,0.0,0.0,0.0,0.0
3,1,0.05800764,0.75263125,0.05973114,0.0,0.0,0.12963,0.0,0.0,0.0,0.0,0.0,0.0,0.0
3,1,0.05800764,0.75263125,0.05973114,0.0,0.0,0.12963,0.0,0.0,0.0,0.0,0.0,0.0,0.0
3,1,0.05800764,0.75263125,0.05973114,0.0,0.0,0.12963,0.0,0.0,0.0,0.0,0.0,0.0,0.0
3,1,0.05800764,0.75263125,0.05973114,0.0,0.0,0.12963,0.0,0.0,0.0,0.0,0.0,0.0,0.0
3,1,0.05800764,0.75263125,0.05973114,0.0,0.0,0.12963,0.0,0.0,0.0,0.0,0.0,0.0,0.0
3,1,0.05800764,0.75263125,0.05973114,0.0,0.0,0.12963,0.0,0.0,0.0,0.0,0.0,0.0,0.0
3,1,0.05800764,0.75263125,0.05973114,0.0,0.0,0.12963,0.0,0.0,0.0,0.0,0.0,0.0,0.0
3,1,0.05800764,0.75263125,0.05973114,0.0,0.0,0.12963,0.0,0.0,0.0,0.0,0.0,0.0,0.0
3,1,0.05800764,0.75263125,0.05973114,0.0,0.0,0.12963,0.0,0.0,0.0,0.0,0.0,0.0,0.0
3,1,0.05800764,0.75263125,0.05973114,0.0,0.0,0.12963,0.0,0.0,0.0,0.0,0.0,0.0,0.0
3,1,0.114437245,0.6962016,0.05973115,0.0,0.0,0.12963001,0.0,0.0,0.0,0.0,0.0,0.0,0.0
3,1,0.114437245,0.6962016,0.05973115,0.0,0.0,0.12963001,0.0,0.0,0.0,0.0,0.0,0.0,0.0
3,1,0.114437245,0.6962016,0.05973115,0.0,0.0,0.12963001,0.0,0.0,0.0,0.0,0.0,0.0,0.0
3,1,0.114437245,0.6962016,0.05973115,0.0,0.0,0.12963001,0.0,0.0,0.0,0.0,0.0,0.0,0.0
3,1,0.114437245,0.6962016,0.05973115,0.0,0.0,0.12963001,0.0,0.0,0.0,0.0,0.0,0.0,0.0
3,1,0.114437245,0.6962016,0.05973115,0.0,0.0,0.12963001,0.0,0.0,0.0,0.0,0.0,0.0,0.0
3,1,0.114437245,0.6962016,0.05973115,0.0,0.0,0.12963001,0.0,0.0,0.0,0.0,0.0,0.0,0.0
3,1,0.114437245,0.6962016,0.05973115,0.0,0.0,0.12963001,0.0,0.0,0.0,0.0,0.0,0.0,0.0
3,1,0.114437245,0.6962016,0.05973115,0.0,0.0,0.12963001,0.0,0.0,0.0,0.0,0.0,0.0,0.0
3,1,0.114437245,0.6962016,0.05973115,0.0,0.0,0.12963001,0.0,0.0,0.0,0.0,0.0,0.0,0.0
3,1,0.114437245,0.6962016,0.05973115,0.0,0.0,0.12963001,0.0,0.0,0.0,0.0,0.0,0.0,0.0
3,1,0.114437245,0.6962016,0.05973115,0.0,0.0,0.12963001,0.0,0.0,0.0,0.0,0.0,0.0,0.0
3,1,0.114437245,0.6962016,0.05973115,0.0,0.0,0.12963001,0.0,0.0,0.0,0.0,0.0,0.0,0.0
3,1,0.114437245,0.6962016,0.05973115,0.0,0.0,0.12963001,0.0,0.0,0.0,0.0,0.0,0.0,0.0
3,1,0.17648375,0.6962016,0.05973115,0.0,0.0,0.067583494,0.0,0.0,0.0,0.0,0.0,0.0,0.0
3,1,0.17648375,0.6962016,0.05973115,0.0,0.0,0.067583494,0.0,0.0,0.0,0.0,0.0,0.0,0.0
3,1,0.17648375,0.6962016,0.05973115,0.0,0.0,0.067583494,0.0,0.0,0.0,0.0,0.0,0.0,0.0
3,1,0.17648375,0.6962016,0.05973115,0.0,0.0,0.067583494,0.0,0.0,0.0,0.0,0.0,0.0,0.0
3,1,0.17648375,0.6962016,0.05973115,0.0,0.0,0.067583494,0.0,0.0,0.0,0.0,0.0,0.0,0.0
3,1,0.17648375,0.6962016,0.05973115,0.0,0.0,0.067583494,0.0,0.0,0.0,0.0,0.0,0.0,0.0
3,1,0.17648375,0.6962016,0.05973115,0.0,0.0,0.067583494,0.0,0.0,0.0,0.0,0.0,0.0,0.0
3,1,0.17648375,0.6962016,0.05973115,0.0,0.0,0.067583494,0.0,0.0,0.0,0.0,0.0,0.0,0.0
3,1,0.17648375,0.6962016,0.05973115,0.0,0.0,0.067583494,0.0,0.0,0.0,0.0,0.0,0.0,0.0
3,1,0.17648375,0.6962016,0.05973115,0.0,0.0,0.067583494,0.0,0.0,0.0,0.0,0.0,0.0,0.0
3,1,0.17648375,0.6962016,0.05973115,0.0,0.0,0.067583494,0.0,0.0,0.0,0.0,0.0,0.0,0.0
3,1,0.17648375,0.6962016,0.05973115,0.0,0.0,0.067583494,0.0,0.0,0.0,0.0,0.0,0.0,0.0
3,1,0.17648375,0.6962016,0.05973115,0.0,0.0,0.067583494,0.0,0.0,0.0,0.0,0.0,0.0,0.0
3,1,0.17648375,0.6962016,0.05973115,0.0,0.0,0.067583494,0.0,0.0,0.0,0.0,0.0,0.0,0.0
3,1,0.17648375,0.6962016,0.05973115,0.0,0.0,0.067583494,0.0,0.0,0.0,0.0,0.0,0.0,0.0
3,1,0.17648375,0.6962016,0.05973115,0.0,0.0,0.067583494,0.0,0.0,0.0,0.0,0.0,0.0,0.0
3,1,0.17648375,0.6962016,0.05973115,0.0,0.0,0.067583494,0.0,0.0,0.0,0.0,0.0,0.0,0.0
3,1,0.17648375,0.6962016,0.05973115,0.0,0.0,0.067583494,0.0,0.0,0.0,0.0,0.0,0.0,0.0
3,1,0.23940349,0.63328195,0.059731144,0.0,0.0,0.067583494,0.0,0.0,0.0,0.0,0.0,0.0,0.0
3,1,0.23940349,0.63328195,0.059731144,0.0,0.0,0.067583494,0.0,0.0,0.0,0.0,0.0,0.0,0.0
3,1,0.23940349,0.63328195,0.059731144,0.0,0.0,0.067583494,0.0,0.0,0.0,0.0,0.0,0.0,0.0
3,1,0.23940349,0.63328195,0.059731144,0.0,0.0,0.067583494,0.0,0.0,0.0,0.0,0.0,0.0,0.0
3,1,0.23940349,0.63328195,0.059731144,0.0,0.0,0.067583494,0.0,0.0,0.0,0.0,0.0,0.0,0.0
3,1,0.23940349,0.63328195,0.059731144,0.0,0.0,0.067583494,0.0,0.0,0.0,0.0,0.0,0.0,0.0
3,1,0.23940349,0.63328195,0.059731144,0.0,0.0,0.067583494,0.0,0.0,0.0,0.0,0.0,0.0,0.0
3,1,0.23940349,0.63328195,0.059731144,0.0,0.0,0.067583494,0.0,0.0,0.0,0.0,0.0,0.0,0.0
3,1,0.23940349,0.63328195,0.059731144,0.0,0.0,0.067583494,0.0,0.0,0.0,0.0,0.0,0.0,0.0
3,1,0.23940349,0.63328195,0.059731144,0.0,0.0,0.067583494,0.0,0.0,0.0,0.0,0.0,0.0,0.0
3,1,0.23940349,0.63328195,0.059731144,0.0,0.0,0.067583494,0.0,0.0,0.0,0.0,0.0,0.0,0.0
3,1,0.23940349,0.63328195,0.059731144,0.0,0.0,0.067583494,0.0,0.0,0.0,0.0,0.0,0.0,0.0
3,1,0.23940349,0.63328195,0.059731144,0.0,0.0,0.067583494,0.0,0.0,0.0,0.0,0.0,0.0,0.0
3,1,0.23940349,0.63328195,0.059731144,0.0,0.0,0.067583494,0.0,0.0,0.0,0.0,0.0,0.0,0.0
3,1,0.23940349,0.63328195,0.059731144,0.0,0.0,0.067583494,0.0,0.0,0.0,0.0,0.0,0.0,0.0
3,1,0.23940349,0.63328195,0.059731144,0.0,0.0,0.067583494,0.0,0.0,0.0,0.0,0.0,0.0,0.0
3,1,0.23940349,0.63328195,0.059731144,0.0,0.0,0.067583494,0.0,0.0,0.0,0.0,0.0,0.0,0.0
3,1,0.23940349,0.63328195,0.059731144,0.0,0.0,0.067583494,0.0,0.0,0.0,0.0,0.0,0.0,0.0
3,1,0.23940349,0.63328195,0.059731144,0.0,0.0,0.067583494,0.0,0.0,0.0,0.0,0.0,0.0,0.0
3,1,0.23940349,0.63328195,0.059731144,0.0,0.0,0.067583494,0.0,0.0,0.0,0.0,0.0,0.0,0.0
3,1,0.23940349,0.63328195,0.059731144,0.0,0.0,0.067583494,0.0,0.0,0.0,0.0,0.0,0.0,0.0
3,1,0.23940349,0.63328195,0.059731144,0.0,0.0,0.067583494,0.0,0.0,0.0,0.0,0.0,0.0,0.0
3,1,0.23940349,0.63328195,0.059731144,0.0,0.0,0.067583494,0.0,0.0,0.0,0.0,0.0,0.0,0.0
3,1,0.23940349,0.63328195,0.059731144,0.0,0.0,0.067583494,0.0,0.0,0.0,0.0,0.0,0.0,0.0
3,1,0.23940349,0.63328195,0.059731144,0.0,0.0,0.067583494,0.0,0.0,0.0,0.0,0.0,0.0,0.0
3,1,0.23940349,0.63328195,0.059731144,0.0,0.0,0.067583494,0.0,0.0,0.0,0.0,0.0,0.0,0.0
3,1,0.23940349,0.63328195,0.059731144,0.0,0.0,0.067583494,0.0,0.0,0.0,0.0,0.0,0.0,0.0
3,1,0.23940349,0.63328195,0.059731144,0.0,0.0,0.067583494,0.0,0.0,0.0,0.0,0.0,0.0,0.0
3,1,0.23940349,0.63328195,0.059731144,0.0,0.0,0.067583494,0.0,0.0,0.0,0.0,0.0,0.0,0.0
3,1,0.23940349,0.63328195,0.059731144,0.0,0.0,0.067583494,0.0,0.0,0.0,0.0,0.0,0.0,0.0
3,1,0.23940349,0.63328195,0.059731144,0.0,0.0,0.067583494,0.0,0.0,0.0,0.0,0.0,0.0,0.0
3,1,0.23940349,0.63328195,0.059731144,0.0,0.0,0.067583494,0.0,0.0,0.0,0.0,0.0,0.0,0.0
3,1,0.23940349,0.63328195,0.059731144,0.0,0.0,0.067583494,0.0,0.0,0.0,0.0,0.0,0.0,0.0
3,1,0.23940349,0.63328195,0.059731144,0.0,0.0,0.067583494,0.0,0.0,0.0,0.0,0.0,0.0,0.0
3,1,0.23940349,0.63328195,0.059731144,0.0,0.0,0.067583494,0.0,0.0,0.0,0.0,0.0,0.0,0.0
3,1,0.23940349,0.63328195,0.059731144,0.0,0.0,0.067583494,0.0,0.0,0.0,0.0,0.0,0.0,0.0
3,1,0.23940349,0.63328195,0.059731144,0.0,0.0,0.067583494,0.0,0.0,0.0,0.0,0.0,0.0,0.0
3,1,0.23940349,0.63328195,0.059731144,0.0,0.0,0.067583494,0.0,0.0,0.0,0.0,0.0,0.0,0.0
3,1,0.23940349,0.63328195,0.059731144,0.0,0.0,0.067583494,0.0,0.0,0.0,0.0,0.0,0.0,0.0
3,1,0.23940349,0.63328195,0.059731144,0.0,0.0,0.067583494,0.0,0.0,0.0,0.0,0.0,0.0,0.0
3,1,0.23940349,0.63328195,0.059731144,0.0,0.0,0.067583494,0.0,0.0,0.0,0.0,0.0,0.0,0.0
3,1,0.23940349,0.63328195,0.059731144,0.0,0.0,0.067583494,0.0,0.0,0.0,0.0,0.0,0.0,0.0
3,1,0.23940349,0.63328195,0.059731144,0.0,0.0,0.067583494,0.0,0.0,0.0,0.0,0.0,0.0,0.0
3,1,0.23940349,0.63328195,0.059731144,0.0,0.0,0.067583494,0.0,0.0,0.0,0.0,0.0,0.0,0.0
3,1,0.23940349,0.63328195,0.059731144,0.0,0.0,0.067583494,0.0,0.0,0.0,0.0,0.0,0.0,0.0
3,1,0.23940349,0.63328195,0.059731144,0.0,0.0,0.067583494,0.0,0.0,0.0,0.0,0.0,0.0,0.0
3,1,0.23940349,0.6930131,0.0,0.0,0.0,0.067583494,0.0,0.0,0.0,0.0,0.0,0.0,0.0
3,1,0.23940349,0.6930131,0.0,0.0,0.0,0.067583494,0.0,0.0,0.0,0.0,0.0,0.0,0.0
3,1,0.23940349,0.6930131,0.0,0.0,0.0,0.067583494,0.0,0.0,0.0,0.0,0.0,0.0,0.0
3,1,0.23940349,0.6930131,0.0,0.0,0.0,0.067583494,0.0,0.0,0.0,0.0,0.0,0.0,0.0
3,1,0.23940349,0.6930131,0.0,0.0,0.0,0.067583494,0.0,0.0,0.0,0.0,0.0,0.0,0.0
3,1,0.23940349,0.6930131,0.0,0.0,0.0,0.067583494,0.0,0.0,0.0,0.0,0.0,0.0,0.0
3,1,0.23940349,0.6930131,0.0,0.0,0.0,0.067583494,0.0,0.0,0.0,0.0,0.0,0.0,0.0
3,1,0.23940349,0.6930131,0.0,0.0,0.0,0.067583494,0.0,0.0,0.0,0.0,0.0,0.0,0.0
3,1,0.23940349,0.6930131,0.0,0.0,0.0,0.067583494,0.0,0.0,0.0,0.0,0.0,0.0,0.0
3,1,0.23940349,0.6930131,0.0,0.0,0.0,0.067583494,0.0,0.0,0.0,0.0,0.0,0.0,0.0
3,1,0.23940349,0.6930131,0.0,0.0,0.0,0.067583494,0.0,0.0,0.0,0.0,0.0,0.0,0.0
3,1,0.23940349,0.6930131,0.0,0.0,0.0,0.067583494,0.0,0.0,0.0,0.0,0.0,0.0,0.0
3,1,0.23940349,0.6930131,0.0,0.0,0.0,0.067583494,0.0,0.0,0.0,0.0,0.0,0.0,0.0
3,1,0.23940349,0.6930131,0.0,0.0,0.0,0.067583494,0.0,0.0,0.0,0.0,0.0,0.0,0.0
3,1,0.23940349,0.6930131,0.0,0.0,0.0,0.067583494,0.0,0.0,0.0,0.0,0.0,0.0,0.0
3,1,0.23940349,0.6930131,0.0,0.0,0.0,0.067583494,0.0,0.0,0.0,0.0,0.0,0.0,0.0
3,1,0.23940349,0.6930131,0.0,0.0,0.0,0.067583494,0.0,0.0,0.0,0.0,0.0,0.0,0.0
3,1,0.23940349,0.6930131,0.0,0.0,0.0,0.067583494,0.0,0.0,0.0,0.0,0.0,0.0,0.0
3,1,0.23940349,0.6930131,0.0,0.0,0.0,0.067583494,0.0,0.0,0.0,0.0,0.0,0.0,0.0
3,1,0.23940349,0.6930131,0.0,0.0,0.0,0.067583494,0.0,0.0,0.0,0.0,0.0,0.0,0.0
3,1,0.23940349,0.6930131,0.0,0.0,0.0,0.067583494,0.0,0.0,0.0,0.0,0.0,0.0,0.0
3,1,0.23940349,0.6930131,0.0,0.0,0.0,0.067583494,0.0,0.0,0.0,0.0,0.0,0.0,0.0
3,1,0.23940349,0.6930131,0.0,0.0,0.0,0.067583494,0.0,0.0,0.0,0.0,0.0,0.0,0.0
3,1,0.23940349,0.6930131,0.0,0.0,0.0,0.067583494,0.0,0.0,0.0,0.0,0.0,0.0,0.0
3,1,0.23940349,0.6930131,0.0,0.0,0.0,0.067583494,0.0,0.0,0.0,0.0,0.0,0.0,0.0
3,1,0.23940349,0.6930131,0.0,0.0,0.0,0.067583494,0.0,0.0,0.0,0.0,0.0,0.0,0.0
3,1,0.23940349,0.6930131,0.0,0.0,0.0,0.067583494,0.0,0.0,0.0,0.0,0.0,0.0,0.0
3,1,0.23940349,0.6930131,0.0,0.0,0.0,0.067583494,0.0,0.0,0.0,0.0,0.0,0.0,0.0
3,1,0.23940349,0.6930131,0.0,0.0,0.0,0.067583494,0.0,0.0,0.0,0.0,0.0,0.0,0.0
3,1,0.23940349,0.6930131,0.0,0.0,0.0,0.067583494,0.0,0.0,0.0,0.0,0.0,0.0,0.0
3,1,0.23940349,0.6930131,0.0,0.0,0.0,0.067583494,0.0,0.0,0.0,0.0,0.0,0.0,0.0
3,1,0.23940349,0.6930131,0.0,0.0,0.0,0.067583494,0.0,0.0,0.0,0.0,0.0,0.0,0.0
3,1,0.23940349,0.6930131,0.0,0.0,0.0,0.067583494,0.0,0.0,0.0,0.0,0.0,0.0,0.0
3,1,0.23940349,0.6930131,0.0,0.0,0.0,0.067583494,0.0,0.0,0.0,0.0,0.0,0.0,0.0
3,1,0.23940349,0.6930131,0.0,0.0,0.0,0.067583494,0.0,0.0,0.0,0.0,0.0,0.0,0.0
3,1,0.23940349,0.6930131,0.0,0.0,0.0,0.067583494,0.0,0.0,0.0,0.0,0.0,0.0,0.0
3,1,0.23940349,0.6930131,0.0,0.0,0.0,0.067583494,0.0,0.0,0.0,0.0,0.0,0.0,0.0
3,1,0.23940349,0.6930131,0.0,0.0,0.0,0.067583494,0.0,0.0,0.0,0.0,0.0,0.0,0.0
3,1,0.23940349,0.6930131,0.0,0.0,0.0,0.067583494,0.0,0.0,0.0,0.0,0.0,0.0,0.0
3,1,0.23940349,0.6930131,0.0,0.0,0.0,0.067583494,0.0,0.0,0.0,0.0,0.0,0.0,0.0
3,1,0.23940349,0.6930131,0.0,0.0,0.0,0.067583494,0.0,0.0,0.0,0.0,0.0,0.0,0.0
3,1,0.23940349,0.6930131,0.0,0.0,0.0,0.067583494,0.0,0.0,0.0,0.0,0.0,0.0,0.0
3,1,0.23940349,0.6930131,0.0,0.0,0.0,0.067583494,0.0,0.0,0.0,0.0,0.0,0.0,0.0
3,1,0.23940349,0.6930131,0.0,0.0,0.0,0.067583494,0.0,0.0,0.0,0.0,0.0,0.0,0.0
3,1,0.23940349,0.6930131,0.0,0.0,0.0,0.067583494,0.0,0.0,0.0,0.0,0.0,0.0,0.0
3,1,0.23940349,0.6930131,0.0,0.0,0.0,0.067583494,0.0,0.0,0.0,0.0,0.0,0.0,0.0
3,1,0.23940349,0.6930131,0.0,0.0,0.0,0.067583494,0.0,0.0,0.0,0.0,0.0,0.0,0.0
3,1,0.23940349,0.6930131,0.0,0.0,0.0,0.067583494,0.0,0.0,0.0,0.0,0.0,0.0,0.0
3,1,0.23940349,0.6930131,0.0,0.0,0.0,0.067583494,0.0,0.0,0.0,0.0,0.0,0.0,0.0
3,1,0.23940349,0.6930131,0.0,0.0,0.0,0.067583494,0.0,0.0,0.0,0.0,0.0,0.0,0.0
3,1,0.23940349,0.6930131,0.0,0.0,0.0,0.067583494,0.0,0.0,0.0,0.0,0.0,0.0,0.0
3,1,0.23940349,0.6930131,0.0,0.0,0.0,0.067583494,0.0,0.0,0.0,0.0,0.0,0.0,0.0
3,1,0.23940349,0.6930131,0.0,0.0,0.0,0.067583494,0.0,0.0,0.0,0.0,0.0,0.0,0.0
3,1,0.23940349,0.6930131,0.0,0.0,0.0,0.067583494,0.0,0.0,0.0,0.0,0.0,0.0,0.0
3,1,0.23940349,0.6930131,0.0,0.0,0.0,0.067583494,0.0,0.0,0.0,0.0,0.0,0.0,0.0
3,1,0.23940349,0.6930131,0.0,0.0,0.0,0.067583494,0.0,0.0,0.0,0.0,0.0,0.0,0.0
3,1,0.23940349,0.6930131,0.0,0.0,0.0,0.067583494,0.0,0.0,0.0,0.0,0.0,0.0,0.0
3,1,0.23940349,0.6930131,0.0,0.0,0.0,0.067583494,0.0,0.0,0.0,0.0,0.0,0.0,0.0
3,1,0.23940349,0.6930131,0.0,0.0,0.0,0.067583494,0.0,0.0,0.0,0.0,0.0,0.0,0.0
3,1,0.23940349,0.6930131,0.0,0.0,0.0,0.067583494,0.0,0.0,0.0,0.0,0.0,0.0,0.0
3,1,0.23940349,0.6930131,0.0,0.0,0.0,0.067583494,0.0,0.0,0.0,0.0,0.0,0.0,0.0
3,1,0.23940349,0.6930131,0.0,0.0,0.0,0.067583494,0.0,0.0,0.0,0.0,0.0,0.0,0.0
3,1,0.23940349,0.6930131,0.0,0.0,0.0,0.067583494,0.0,0.0,0.0,0.0,0.0,0.0,0.0
3,1,0.23940349,0.6930131,0.0,0.0,0.0,0.067583494,0.0,0.0,0.0,0.0,0.0,0.0,0.0
3,1,0.23940349,0.6930131,0.0,0.0,0.0,0.067583494,0.0,0.0,0.0,0.0,0.0,0.0,0.0
3,1,0.23940349,0.6930131,0.0,0.0,0.0,0.067583494,0.0,0.0,0.0,0.0,0.0,0.0,0.0
3,1,0.23940349,0.6930131,0.0,0.0,0.0,0.067583494,0.0,0.0,0.0,0.0,0.0,0.0,0.0
3,1,0.23940349,0.6930131,0.0,0.0,0.0,0.067583494,0.0,0.0,0.0,0.0,0.0,0.0,0.0
3,1,0.23940349,0.6930131,0.0,0.0,0.0,0.067583494,0.0,0.0,0.0,0.0,0.0,0.0,0.0
3,1,0.23940349,0.6930131,0.0,0.0,0.0,0.067583494,0.0,0.0,0.0,0.0,0.0,0.0,0.0
3,1,0.23940349,0.6930131,0.0,0.0,0.0,0.067583494,0.0,0.0,0.0,0.0,0.0,0.0,0.0
3,1,0.23940349,0.6930131,0.0,0.0,0.0,0.067583494,0.0,0.0,0.0,0.0,0.0,0.0,0.0
3,1,0.23940349,0.6930131,0.0,0.0,0.0,0.067583494,0.0,0.0,0.0,0.0,0.0,0.0,0.0
3,1,0.23940349,0.6930131,0.0,0.0,0.0,0.067583494,0.0,0.0,0.0,0.0,0.0,0.0,0.0
3,1,0.23940349,0.6930131,0.0,0.0,0.0,0.067583494,0.0,0.0,0.0,0.0,0.0,0.0,0.0
3,1,0.23940349,0.6930131,0.0,0.0,0.0,0.067583494,0.0,0.0,0.0,0.0,0.0,0.0,0.0
3,1,0.23940349,0.6930131,0.0,0.0,0.0,0.067583494,0.0,0.0,0.0,0.0,0.0,0.0,0.0
3,1,0.23940349,0.6930131,0.0,0.0,0.0,0.067583494,0.0,0.0,0.0,0.0,0.0,0.0,0.0
3,1,0.23940349,0.6930131,0.0,0.0,0.0,0.067583494,0.0,0.0,0.0,0.0,0.0,0.0,0.0
3,1,0.23940349,0.6930131,0.0,0.0,0.0,0.067583494,0.0,0.0,0.0,0.0,0.0,0.0,0.0
3,1,0.23940349,0.6930131,0.0,0.0,0.0,0.067583494,0.0,0.0,0.0,0.0,0.0,0.0,0.0
3,1,0.23940349,0.6930131,0.0,0.0,0.0,0.067583494,0.0,0.0,0.0,0.0,0.0,0.0,0.0
3,1,0.23940349,0.6930131,0.0,0.0,0.0,0.067583494,0.0,0.0,0.0,0.0,0.0,0.0,0.0
3,1,0.23940349,0.6930131,0.0,0.0,0.0,0.067583494,0.0,0.0,0.0,0.0,0.0,0.0,0.0
3,1,0.23940349,0.6930131,0.0,0.0,0.0,0.067583494,0.0,0.0,0.0,0.0,0.0,0.0,0.0
3,1,0.23940349,0.6930131,0.0,0.0,0.0,0.067583494,0.0,0.0,0.0,0.0,0.0,0.0,0.0
3,1,0.23940349,0.6930131,0.0,0.0,0.0,0.067583494,0.0,0.0,0.0,0.0,0.0,0.0,0.0
3,1,0.23940349,0.6930131,0.0,0.0,0.0,0.067583494,0.0,0.0,0.0,0.0,0.0,0.0,0.0
3,1,0.23940349,0.6930131,0.0,0.0,0.0,0.067583494,0.0,0.0,0.0,0.0,0.0,0.0,0.0
3,1,0.23940349,0.6930131,0.0,0.0,0.0,0.067583494,0.0,0.0,0.0,0.0,0.0,0.0,0.0
3,1,0.23940349,0.6930131,0.0,0.0,0.0,0.067583494,0.0,0.0,0.0,0.0,0.0,0.0,0.0
3,1,0.23940349,0.6930131,0.0,0.0,0.0,0.067583494,0.0,0.0,0.0,0.0,0.0,0.0,0.0
3,1,0.23940349,0.6930131,0.0,0.0,0.0,0.067583494,0.0,0.0,0.0,0.0,0.0,0.0,0.0
3,1,0.23940349,0.6930131,0.0,0.0,0.0,0.067583494,0.0,0.0,0.0,0.0,0.0,0.0,0.0
3,1,0.23940349,0.6930131,0.0,0.0,0.0,0.067583494,0.0,0.0,0.0,0.0,0.0,0.0,0.0
3,1,0.23940349,0.6930131,0.0,0.0,0.0,0.067583494,0.0,0.0,0.0,0.0,0.0,0.0,0.0
3,1,0.23940349,0.6930131,0.0,0.0,0.0,0.067583494,0.0,0.0,0.0,0.0,0.0,0.0,0.0
3,1,0.23940349,0.6930131,0.0,0.0,0.0,0.067583494,0.0,0.0,0.0,0.0,0.0,0.0,0.0
3,1,0.23940349,0.6930131,0.0,0.0,0.0,0.067583494,0.0,0.0,0.0,0.0,0.0,0.0,0.0
3,1,0.23940349,0.6930131,0.0,0.0,0.0,0.067583494,0.0,0.0,0.0,0.0,0.0,0.0,0.0
3,1,0.23940349,0.6930131,0.0,0.0,0.0,0.067583494,0.0,0.0,0.0,0.0,0.0,0.0,0.0
3,1,0.23940349,0.6930131,0.0,0.0,0.0,0.067583494,0.0,0.0,0.0,0.0,0.0,0.0,0.0
3,1,0.23940349,0.6930131,0.0,0.0,0.0,0.067583494,0.0,0.0,0.0,0.0,0.0,0.0,0.0
3,1,0.23940349,0.6930131,0.0,0.0,0.0,0.067583494,0.0,0.0,0.0,0.0,0.0,0.0,0.0
3,1,0.23940349,0.6930131,0.0,0.0,0.0,0.067583494,0.0,0.0,0.0,0.0,0.0,0.0,0.0
3,1,0.23940349,0.6930131,0.0,0.0,0.0,0.067583494,0.0,0.0,0.0,0.0,0.0,0.0,0.0
3,1,0.23940349,0.6930131,0.0,0.0,0.0,0.067583494,0.0,0.0,0.0,0.0,0.0,0.0,0.0
3,1,0.23940349,0.6930131,0.0,0.0,0.0,0.067583494,0.0,0.0,0.0,0.0,0.0,0.0,0.0
3,1,0.23940349,0.6930131,0.0,0.0,0.0,0.067583494,0.0,0.0,0.0,0.0,0.0,0.0,0.0
3,1,0.23940349,0.6930131,0.0,0.0,0.0,0.067583494,0.0,0.0,0.0,0.0,0.0,0.0,0.0
3,1,0.23940349,0.6930131,0.0,0.0,0.0,0.067583494,0.0,0.0,0.0,0.0,0.0,0.0,0.0
3,1,0.23940349,0.6930131,0.0,0.0,0.0,0.067583494,0.0,0.0,0.0,0.0,0.0,0.0,0.0
3,1,0.23940349,0.6930131,0.0,0.0,0.0,0.067583494,0.0,0.0,0.0,0.0,0.0,0.0,0.0
3,1,0.23940349,0.6930131,0.0,0.0,0.0,0.067583494,0.0,0.0,0.0,0.0,0.0,0.0,0.0
3,1,0.23940349,0.6930131,0.0,0.0,0.0,0.067583494,0.0,0.0,0.0,0.0,0.0,0.0,0.0
3,1,0.23940349,0.6930131,0.0,0.0,0.0,0.067583494,0.0,0.0,0.0,0.0,0.0,0.0,0.0
3,1,0.23940349,0.6930131,0.0,0.0,0.0,0.067583494,0.0,0.0,0.0,0.0,0.0,0.0,0.0
3,1,0.23940349,0.6930131,0.0,0.0,0.0,0.067583494,0.0,0.0,0.0,0.0,0.0,0.0,0.0
3,1,0.23940349,0.6930131,0.0,0.0,0.0,0.067583494,0.0,0.0,0.0,0.0,0.0,0.0,0.0
3,1,0.23940349,0.6930131,0.0,0.0,0.0,0.067583494,0.0,0.0,0.0,0.0,0.0,0.0,0.0
3,1,0.23940349,0.6930131,0.0,0.0,0.0,0.067583494,0.0,0.0,0.0,0.0,0.0,0.0,0.0
3,1,0.23940349,0.6930131,0.0,0.0,0.0,0.067583494,0.0,0.0,0.0,0.0,0.0,0.0,0.0
3,1,0.23940349,0.6930131,0.0,0.0,0.0,0.067583494,0.0,0.0,0.0,0.0,0.0,0.0,0.0
3,1,0.23940349,0.6930131,0.0,0.0,0.0,0.067583494,0.0,0.0,0.0,0.0,0.0,0.0,0.0
3,1,0.23940349,0.6930131,0.0,0.0,0.0,0.067583494,0.0,0.0,0.0,0.0,0.0,0.0,0.0
3,1,0.23940349,0.6930131,0.0,0.0,0.0,0.067583494,0.0,0.0,0.0,0.0,0.0,0.0,0.0
3,1,0.23940349,0.6930131,0.0,0.0,0.0,0.067583494,0.0,0.0,0.0,0.0,0.0,0.0,0.0
3,1,0.23940349,0.6930131,0.0,0.0,0.0,0.067583494,0.0,0.0,0.0,0.0,0.0,0.0,0.0
3,1,0.23940349,0.6930131,0.0,0.0,0.0,0.067583494,0.0,0.0,0.0,0.0,0.0,0.0,0.0
3,1,0.23940349,0.6930131,0.0,0.0,0.0,0.067583494,0.0,0.0,0.0,0.0,0.0,0.0,0.0
3,1,0.23940349,0.6930131,0.0,0.0,0.0,0.067583494,0.0,0.0,0.0,0.0,0.0,0.0,0.0
3,1,0.23940349,0.6930131,0.0,0.0,0.0,0.067583494,0.0,0.0,0.0,0.0,0.0,0.0,0.0
3,1,0.23940349,0.6930131,0.0,0.0,0.0,0.067583494,0.0,0.0,0.0,0.0,0.0,0.0,0.0
3,1,0.23940349,0.6930131,0.0,0.0,0.0,0.067583494,0.0,0.0,0.0,0.0,0.0,0.0,0.0
3,1,0.23940349,0.6930131,0.0,0.0,0.0,0.067583494,0.0,0.0,0.0,0.0,0.0,0.0,0.0
3,1,0.23940349,0.6930131,0.0,0.0,0.0,0.067583494,0.0,0.0,0.0,0.0,0.0,0.0,0.0
3,1,0.23940349,0.6930131,0.0,0.0,0.0,0.067583494,0.0,0.0,0.0,0.0,0.0,0.0,0.0
3,1,0.23940349,0.6930131,0.0,0.0,0.0,0.067583494,0.0,0.0,0.0,0.0,0.0,0.0,0.0
3,1,0.23940349,0.6930131,0.0,0.0,0.0,0.067583494,0.0,0.0,0.0,0.0,0.0,0.0,0.0
3,1,0.23940349,0.6930131,0.0,0.0,0.0,0.067583494,0.0,0.0,0.0,0.0,0.0,0.0,0.0
3,1,0.23940349,0.6930131,0.0,0.0,0.0,0.067583494,0.0,0.0,0.0,0.0,0.0,0.0,0.0
3,1,0.23940349,0.6930131,0.0,0.0,0.0,0.067583494,0.0,0.0,0.0,0.0,0.0,0.0,0.0
3,1,0.23940349,0.6930131,0.0,0.0,0.0,0.067583494,0.0,0.0,0.0,0.0,0.0,0.0,0.0
3,1,0.23940349,0.6930131,0.0,0.0,0.0,0.067583494,0.0,0.0,0.0,0.0,0.0,0.0,0.0
3,1,0.23940349,0.6930131,0.0,0.0,0.0,0.067583494,0.0,0.0,0.0,0.0,0.0,0.0,0.0
3,1,0.23940349,0.6930131,0.0,0.0,0.0,0.067583494,0.0,0.0,0.0,0.0,0.0,0.0,0.0
3,1,0.23940349,0.6930131,0.0,0.0,0.0,0.067583494,0.0,0.0,0.0,0.0,0.0,0.0,0.0
3,1,0.23940349,0.6930131,0.0,0.0,0.0,0.067583494,0.0,0.0,0.0,0.0,0.0,0.0,0.0
3,1,0.23940349,0.6930131,0.0,0.0,0.0,0.067583494,0.0,0.0,0.0,0.0,0.0,0.0,0.0
3,1,0.23940349,0.6930131,0.0,0.0,0.0,0.067583494,0.0,0.0,0.0,0.0,0.0,0.0,0.0
3,1,0.23940349,0.6930131,0.0,0.0,0.0,0.067583494,0.0,0.0,0.0,0.0,0.0,0.0,0.0
3,1,0.23940349,0.6930131,0.0,0.0,0.0,0.067583494,0.0,0.0,0.0,0.0,0.0,0.0,0.0
3,1,0.23940349,0.6930131,0.0,0.0,0.0,0.067583494,0.0,0.0,0.0,0.0,0.0,0.0,0.0
3,1,0.23940349,0.6930131,0.0,0.0,0.0,0.067583494,0.0,0.0,0.0,0.0,0.0,0.0,0.0
3,1,0.23940349,0.6930131,0.0,0.0,0.0,0.067583494,0.0,0.0,0.0,0.0,0.0,0.0,0.0
3,1,0.23940349,0.6930131,0.0,0.0,0.0,0.067583494,0.0,0.0,0.0,0.0,0.0,0.0,0.0
3,1,0.23940349,0.6930131,0.0,0.0,0.0,0.067583494,0.0,0.0,0.0,0.0,0.0,0.0,0.0
3,1,0.23940349,0.6930131,0.0,0.0,0.0,0.067583494,0.0,0.0,0.0,0.0,0.0,0.0,0.0
3,1,0.23940349,0.6930131,0.0,0.0,0.0,0.067583494,0.0,0.0,0.0,0.0,0.0,0.0,0.0
3,1,0.23940349,0.6930131,0.0,0.0,0.0,0.067583494,0.0,0.0,0.0,0.0,0.0,0.0,0.0
3,1,0.23940349,0.6930131,0.0,0.0,0.0,0.067583494,0.0,0.0,0.0,0.0,0.0,0.0,0.0
3,1,0.23940349,0.6930131,0.0,0.0,0.0,0.067583494,0.0,0.0,0.0,0.0,0.0,0.0,0.0
3,1,0.23940349,0.6930131,0.0,0.0,0.0,0.067583494,0.0,0.0,0.0,0.0,0.0,0.0,0.0
3,1,0.23940349,0.6930131,0.0,0.0,0.0,0.067583494,0.0,0.0,0.0,0.0,0.0,0.0,0.0
3,1,0.23940349,0.6930131,0.0,0.0,0.0,0.067583494,0.0,0.0,0.0,0.0,0.0,0.0,0.0
3,1,0.23940349,0.6930131,0.0,0.0,0.0,0.067583494,0.0,0.0,0.0,0.0,0.0,0.0,0.0
3,1,0.23940349,0.6930131,0.0,0.0,0.0,0.067583494,0.0,0.0,0.0,0.0,0.0,0.0,0.0
3,1,0.23940349,0.6930131,0.0,0.0,0.0,0.067583494,0.0,0.0,0.0,0.0,0.0,0.0,0.0
3,1,0.23940349,0.6930131,0.0,0.0,0.0,0.067583494,0.0,0.0,0.0,0.0,0.0,0.0,0.0
3,1,0.23940349,0.6930131,0.0,0.0,0.0,0.067583494,0.0,0.0,0.0,0.0,0.0,0.0,0.0
3,1,0.23940349,0.6930131,0.0,0.0,0.0,0.067583494,0.0,0.0,0.0,0.0,0.0,0.0,0.0
3,1,0.23940349,0.6930131,0.0,0.0,0.0,0.067583494,0.0,0.0,0.0,0.0,0.0,0.0,0.0
3,1,0.23940349,0.6930131,0.0,0.0,0.0,0.067583494,0.0,0.0,0.0,0.0,0.0,0.0,0.0
3,1,0.23940349,0.6930131,0.0,0.0,0.0,0.067583494,0.0,0.0,0.0,0.0,0.0,0.0,0.0
3,1,0.23940349,0.6930131,0.0,0.0,0.0,0.067583494,0.0,0.0,0.0,0.0,0.0,0.0,0.0
3,1,0.23940349,0.6930131,0.0,0.0,0.0,0.067583494,0.0,0.0,0.0,0.0,0.0,0.0,0.0
3,1,0.23940349,0.6930131,0.0,0.0,0.0,0.067583494,0.0,0.0,0.0,0.0,0.0,0.0,0.0
3,1,0.23940349,0.6930131,0.0,0.0,0.0,0.067583494,0.0,0.0,0.0,0.0,0.0,0.0,0.0
3,1,0.23940349,0.6930131,0.0,0.0,0.0,0.067583494,0.0,0.0,0.0,0.0,0.0,0.0,0.0
3,1,0.23940349,0.6930131,0.0,0.0,0.0,0.067583494,0.0,0.0,0.0,0.0,0.0,0.0,0.0
3,1,0.23940349,0.6930131,0.0,0.0,0.0,0.067583494,0.0,0.0,0.0,0.0,0.0,0.0,0.0
3,1,0.23940349,0.6930131,0.0,0.0,0.0,0.067583494,0.0,0.0,0.0,0.0,0.0,0.0,0.0
3,1,0.23940349,0.6930131,0.0,0.0,0.0,0.067583494,0.0,0.0,0.0,0.0,0.0,0.0,0.0
3,1,0.23940349,0.6930131,0.0,0.0,0.0,0.067583494,0.0,0.0,0.0,0.0,0.0,0.0,0.0
3,1,0.23940349,0.6930131,0.0,0.0,0.0,0.067583494,0.0,0.0,0.0,0.0,0.0,0.0,0.0
3,1,0.23940349,0.6930131,0.0,0.0,0.0,0.067583494,0.0,0.0,0.0,0.0,0.0,0.0,0.0
3,1,0.23940349,0.6930131,0.0,0.0,0.0,0.067583494,0.0,0.0,0.0,0.0,0.0,0.0,0.0
3,1,0.23940349,0.6930131,0.0,0.0,0.0,0.067583494,0.0,0.0,0.0,0.0,0.0,0.0,0.0
3,1,0.23940349,0.6930131,0.0,0.0,0.0,0.067583494,0.0,0.0,0.0,0.0,0.0,0.0,0.0
3,1,0.23940349,0.6930131,0.0,0.0,0.0,0.067583494,0.0,0.0,0.0,0.0,0.0,0.0,0.0
3,1,0.23940349,0.6930131,0.0,0.0,0.0,0.067583494,0.0,0.0,0.0,0.0,0.0,0.0,0.0
3,1,0.23940349,0.6930131,0.0,0.0,0.0,0.067583494,0.0,0.0,0.0,0.0,0.0,0.0,0.0
3,1,0.23940349,0.6930131,0.0,0.0,0.0,0.067583494,0.0,0.0,0.0,0.0,0.0,0.0,0.0
3,1,0.23940349,0.6930131,0.0,0.0,0.0,0.067583494,0.0,0.0,0.0,0.0,0.0,0.0,0.0
3,1,0.23940349,0.6930131,0.0,0.0,0.0,0.067583494,0.0,0.0,0.0,0.0,0.0,0.0,0.0
3,1,0.23940349,0.6930131,0.0,0.0,0.0,0.067583494,0.0,0.0,0.0,0.0,0.0,0.0,0.0
3,1,0.23940349,0.6930131,0.0,0.0,0.0,0.067583494,0.0,0.0,0.0,0.0,0.0,0.0,0.0
3,1,0.23940349,0.6930131,0.0,0.0,0.0,0.067583494,0.0,0.0,0.0,0.0,0.0,0.0,0.0
3,1,0.23940349,0.6930131,0.0,0.0,0.0,0.067583494,0.0,0.0,0.0,0.0,0.0,0.0,0.0
3,1,0.23940349,0.6930131,0.0,0.0,0.0,0.067583494,0.0,0.0,0.0,0.0,0.0,0.0,0.0
3,1,0.23940349,0.6930131,0.0,0.0,0.0,0.067583494,0.0,0.0,0.0,0.0,0.0,0.0,0.0
3,1,0.23940349,0.6930131,0.0,0.0,0.0,0.067583494,0.0,0.0,0.0,0.0,0.0,0.0,0.0
3,1,0.23940349,0.6930131,0.0,0.0,0.0,0.067583494,0.0,0.0,0.0,0.0,0.0,0.0,0.0
3,1,0.23940349,0.6930131,0.0,0.0,0.0,0.067583494,0.0,0.0,0.0,0.0,0.0,0.0,0.0
3,1,0.23940349,0.6930131,0.0,0.0,0.0,0.067583494,0.0,0.0,0.0,0.0,0.0,0.0,0.0
3,1,0.23940349,0.6930131,0.0,0.0,0.0,0.067583494,0.0,0.0,0.0,0.0,0.0,0.0,0.0
3,1,0.23940349,0.6930131,0.0,0.0,0.0,0.067583494,0.0,0.0,0.0,0.0,0.0,0.0,0.0
3,1,0.23940349,0.6930131,0.0,0.0,0.0,0.067583494,0.0,0.0,0.0,0.0,0.0,0.0,0.0
3,1,0.23940349,0.6930131,0.0,0.0,0.0,0.067583494,0.0,0.0,0.0,0.0,0.0,0.0,0.0
3,1,0.23940349,0.6930131,0.0,0.0,0.0,0.067583494,0.0,0.0,0.0,0.0,0.0,0.0,0.0
3,1,0.18139581,0.693013,0.0,0.0,0.05800764,0.06758349,0.0,0.0,0.0,0.0,0.0,0.0,0.0
3,1,0.18139581,0.693013,0.0,0.0,0.05800764,0.06758349,0.0,0.0,0.0,0.0,0.0,0.0,0.0
3,1,0.18139581,0.693013,0.0,0.0,0.05800764,0.06758349,0.0,0.0,0.0,0.0,0.0,0.0,0.0
3,1,0.18139581,0.693013,0.0,0.0,0.05800764,0.06758349,0.0,0.0,0.0,0.0,0.0,0.0,0.0
3,1,0.18139581,0.693013,0.0,0.0,0.05800764,0.06758349,0.0,0.0,0.0,0.0,0.0,0.0,0.0
3,1,0.18139581,0.693013,0.0,0.0,0.05800764,0.06758349,0.0,0.0,0.0,0.0,0.0,0.0,0.0
3,1,0.18139581,0.693013,0.0,0.0,0.05800764,0.06758349,0.0,0.0,0.0,0.0,0.0,0.0,0.0
3,1,0.18139581,0.693013,0.0,0.0,0.05800764,0.06758349,0.0,0.0,0.0,0.0,0.0,0.0,0.0
3,1,0.18139581,0.693013,0.0,0.0,0.05800764,0.06758349,0.0,0.0,0.0,0.0,0.0,0.0,0.0
3,1,0.18139581,0.693013,0.0,0.0,0.05800764,0.06758349,0.0,0.0,0.0,0.0,0.0,0.0,0.0
3,1,0.18139581,0.693013,0.0,0.0,0.05800764,0.06758349,0.0,0.0,0.0,0.0,0.0,0.0,0.0
3,1,0.18139581,0.693013,0.0,0.0,0.05800764,0.06758349,0.0,0.0,0.0,0.0,0.0,0.0,0.0
3,1,0.18139581,0.693013,0.0,0.0,0.05800764,0.06758349,0.0,0.0,0.0,0.0,0.0,0.0,0.0
3,1,0.18139581,0.693013,0.0,0.0,0.05800764,0.06758349,0.0,0.0,0.0,0.0,0.0,0.0,0.0
3,1,0.18139581,0.693013,0.0,0.0,0.05800764,0.06758349,0.0,0.0,0.0,0.0,0.0,0.0,0.0
3,1,0.18139581,0.693013,0.0,0.0,0.05800764,0.06758349,0.0,0.0,0.0,0.0,0.0,0.0,0.0
3,1,0.18139581,0.693013,0.0,0.0,0.05800764,0.06758349,0.0,0.0,0.0,0.0,0.0,0.0,0.0
3,1,0.18139581,0.693013,0.0,0.0,0.05800764,0.06758349,0.0,0.0,0.0,0.0,0.0,0.0,0.0
3,1,0.18139581,0.693013,0.0,0.0,0.05800764,0.06758349,0.0,0.0,0.0,0.0,0.0,0.0,0.0
3,1,0.18139581,0.693013,0.0,0.0,0.05800764,0.06758349,0.0,0.0,0.0,0.0,0.0,0.0,0.0
3,1,0.18139581,0.693013,0.0,0.0,0.05800764,0.06758349,0.0,0.0,0.0,0.0,0.0,0.0,0.0
3,1,0.18139581,0.693013,0.0,0.0,0.05800764,0.06758349,0.0,0.0,0.0,0.0,0.0,0.0,0.0
3,1,0.18139581,0.693013,0.0,0.0,0.05800764,0.06758349,0.0,0.0,0.0,0.0,0.0,0.0,0.0
3,1,0.18139581,0.693013,0.0,0.0,0.05800764,0.06758349,0.0,0.0,0.0,0.0,0.0,0.0,0.0
3,1,0.18139581,0.693013,0.0,0.0,0.05800764,0.06758349,0.0,0.0,0.0,0.0,0.0,0.0,0.0
3,1,0.18139581,0.693013,0.0,0.0,0.05800764,0.06758349,0.0,0.0,0.0,0.0,0.0,0.0,0.0
3,1,0.18139581,0.693013,0.0,0.0,0.05800764,0.06758349,0.0,0.0,0.0,0.0,0.0,0.0,0.0
3,1,0.18139581,0.693013,0.0,0.0,0.05800764,0.06758349,0.0,0.0,0.0,0.0,0.0,0.0,0.0
3,1,0.18139581,0.693013,0.0,0.0,0.05800764,0.06758349,0.0,0.0,0.0,0.0,0.0,0.0,0.0
3,1,0.18139581,0.693013,0.0,0.0,0.05800764,0.06758349,0.0,0.0,0.0,0.0,0.0,0.0,0.0
3,1,0.18139581,0.693013,0.0,0.0,0.05800764,0.06758349,0.0,0.0,0.0,0.0,0.0,0.0,0.0
3,1,0.18139581,0.693013,0.0,0.0,0.05800764,0.06758349,0.0,0.0,0.0,0.0,0.0,0.0,0.0
3,1,0.18139581,0.693013,0.0,0.0,0.05800764,0.06758349,0.0,0.0,0.0,0.0,0.0,0.0,0.0
3,1,0.18139581,0.693013,0.0,0.0,0.05800764,0.06758349,0.0,0.0,0.0,0.0,0.0,0.0,0.0
3,1,0.18139581,0.693013,0.0,0.0,0.05800764,0.06758349,0.0,0.0,0.0,0.0,0.0,0.0,0.0
3,1,0.18139581,0.693013,0.0,0.0,0.05800764,0.06758349,0.0,0.0,0.0,0.0,0.0,0.0,0.0
3,1,0.18139581,0.693013,0.0,0.0,0.05800764,0.06758349,0.0,0.0,0.0,0.0,0.0,0.0,0.0
3,1,0.18139581,0.693013,0.0,0.0,0.05800764,0.06758349,0.0,0.0,0.0,0.0,0.0,0.0,0.0
3,1,0.18139581,0.693013,0.0,0.0,0.05800764,0.06758349,0.0,0.0,0.0,0.0,0.0,0.0,0.0
3,1,0.18139581,0.693013,0.0,0.0,0.05800764,0.06758349,0.0,0.0,0.0,0.0,0.0,0.0,0.0
3,1,0.18139581,0.693013,0.0,0.0,0.05800764,0.06758349,0.0,0.0,0.0,0.0,0.0,0.0,0.0
3,1,0.18139581,0.693013,0.0,0.0,0.05800764,0.06758349,0.0,0.0,0.0,0.0,0.0,0.0,0.0
3,1,0.18139581,0.693013,0.0,0.0,0.05800764,0.06758349,0.0,0.0,0.0,0.0,0.0,0.0,0.0
3,1,0.18139581,0.693013,0.0,0.0,0.05800764,0.06758349,0.0,0.0,0.0,0.0,0.0,0.0,0.0
3,1,0.18139581,0.693013,0.0,0.0,0.05800764,0.06758349,0.0,0.0,0.0,0.0,0.0,0.0,0.0
3,1,0.18139581,0.693013,0.0,0.0,0.05800764,0.06758349,0.0,0.0,0.0,0.0,0.0,0.0,0.0
3,1,0.18139581,0.693013,0.0,0.0,0.05800764,0.06758349,0.0,0.0,0.0,0.0,0.0,0.0,0.0
3,1,0.18139581,0.693013,0.0,0.0,0.05800764,0.06758349,0.0,0.0,0.0,0.0,0.0,0.0,0.0
3,1,0.18139581,0.693013,0.0,0.0,0.05800764,0.06758349,0.0,0.0,0.0,0.0,0.0,0.0,0.0
3,1,0.18139581,0.693013,0.0,0.0,0.05800764,0.06758349,0.0,0.0,0.0,0.0,0.0,0.0,0.0
3,1,0.18139581,0.693013,0.0,0.0,0.05800764,0.06758349,0.0,0.0,0.0,0.0,0.0,0.0,0.0
3,1,0.18139581,0.693013,0.0,0.0,0.05800764,0.06758349,0.0,0.0,0.0,0.0,0.0,0.0,0.0
3,1,0.18139581,0.693013,0.0,0.0,0.05800764,0.06758349,0.0,0.0,0.0,0.0,0.0,0.0,0.0
3,1,0.18139581,0.693013,0.0,0.0,0.05800764,0.06758349,0.0,0.0,0.0,0.0,0.0,0.0,0.0
3,1,0.18139581,0.693013,0.0,0.0,0.05800764,0.06758349,0.0,0.0,0.0,0.0,0.0,0.0,0.0
3,1,0.18139581,0.693013,0.0,0.0,0.05800764,0.06758349,0.0,0.0,0.0,0.0,0.0,0.0,0.0
3,1,0.18139581,0.693013,0.0,0.0,0.05800764,0.06758349,0.0,0.0,0.0,0.0,0.0,0.0,0.0
3,1,0.18139581,0.693013,0.0,0.0,0.05800764,0.06758349,0.0,0.0,0.0,0.0,0.0,0.0,0.0
3,1,0.18139581,0.693013,0.0,0.0,0.05800764,0.06758349,0.0,0.0,0.0,0.0,0.0,0.0,0.0
3,1,0.18139581,0.693013,0.0,0.0,0.05800764,0.06758349,0.0,0.0,0.0,0.0,0.0,0.0,0.0
3,1,0.18139581,0.693013,0.0,0.0,0.05800764,0.06758349,0.0,0.0,0.0,0.0,0.0,0.0,0.0
3,1,0.18139581,0.693013,0.0,0.0,0.05800764,0.06758349,0.0,0.0,0.0,0.0,0.0,0.0,0.0
3,1,0.18139581,0.693013,0.0,0.0,0.05800764,0.06758349,0.0,0.0,0.0,0.0,0.0,0.0,0.0
3,1,0.18139581,0.693013,0.0,0.0,0.05800764,0.06758349,0.0,0.0,0.0,0.0,0.0,0.0,0.0
3,1,0.11934931,0.75505954,0.0,0.0,0.05800764,0.06758349,0.0,0.0,0.0,0.0,0.0,0.0,0.0
3,1,0.11934931,0.75505954,0.0,0.0,0.05800764,0.06758349,0.0,0.0,0.0,0.0,0.0,0.0,0.0
3,1,0.11934931,0.75505954,0.0,0.0,0.05800764,0.06758349,0.0,0.0,0.0,0.0,0.0,0.0,0.0
3,1,0.11934931,0.75505954,0.0,0.0,0.05800764,0.06758349,0.0,0.0,0.0,0.0,0.0,0.0,0.0
3,1,0.11934931,0.75505954,0.0,0.0,0.05800764,0.06758349,0.0,0.0,0.0,0.0,0.0,0.0,0.0
3,1,0.11934931,0.75505954,0.0,0.0,0.05800764,0.06758349,0.0,0.0,0.0,0.0,0.0,0.0,0.0
3,1,0.11934931,0.75505954,0.0,0.0,0.05800764,0.06758349,0.0,0.0,0.0,0.0,0.0,0.0,0.0
3,1,0.11934931,0.75505954,0.0,0.0,0.05800764,0.06758349,0.0,0.0,0.0,0.0,0.0,0.0,0.0
3,1,0.11934931,0.75505954,0.0,0.0,0.05800764,0.06758349,0.0,0.0,0.0,0.0,0.0,0.0,0.0
3,1,0.11934931,0.75505954,0.0,0.0,0.05800764,0.06758349,0.0,0.0,0.0,0.0,0.0,0.0,0.0
3,1,0.11934931,0.75505954,0.0,0.0,0.05800764,0.06758349,0.0,0.0,0.0,0.0,0.0,0.0,0.0
3,1,0.11934931,0.75505954,0.0,0.0,0.05800764,0.06758349,0.0,0.0,0.0,0.0,0.0,0.0,0.0
3,1,0.11934931,0.75505954,0.0,0.0,0.05800764,0.06758349,0.0,0.0,0.0,0.0,0.0,0.0,0.0
3,1,0.11934931,0.75505954,0.0,0.0,0.05800764,0.06758349,0.0,0.0,0.0,0.0,0.0,0.0,0.0
3,1,0.11934931,0.75505954,0.0,0.0,0.05800764,0.06758349,0.0,0.0,0.0,0.0,0.0,0.0,0.0
3,1,0.11934931,0.75505954,0.0,0.0,0.05800764,0.06758349,0.0,0.0,0.0,0.0,0.0,0.0,0.0
3,1,0.18110181,0.69330704,0.0,0.0,0.05800764,0.06758349,0.0,0.0,0.0,0.0,0.0,0.0,0.0
3,1,0.18110181,0.69330704,0.0,0.0,0.05800764,0.06758349,0.0,0.0,0.0,0.0,0.0,0.0,0.0
3,1,0.18110181,0.69330704,0.0,0.0,0.05800764,0.06758349,0.0,0.0,0.0,0.0,0.0,0.0,0.0
3,1,0.18110181,0.69330704,0.0,0.0,0.05800764,0.06758349,0.0,0.0,0.0,0.0,0.0,0.0,0.0
3,1,0.18110181,0.69330704,0.0,0.0,0.05800764,0.06758349,0.0,0.0,0.0,0.0,0.0,0.0,0.0
3,1,0.18110181,0.69330704,0.0,0.0,0.05800764,0.06758349,0.0,0.0,0.0,0.0,0.0,0.0,0.0
3,1,0.18110181,0.69330704,0.0,0.0,0.05800764,0.06758349,0.0,0.0,0.0,0.0,0.0,0.0,0.0
3,1,0.18110181,0.69330704,0.0,0.0,0.05800764,0.06758349,0.0,0.0,0.0,0.0,0.0,0.0,0.0
3,1,0.18110181,0.69330704,0.0,0.0,0.05800764,0.06758349,0.0,0.0,0.0,0.0,0.0,0.0,0.0
3,1,0.18110181,0.69330704,0.0,0.0,0.05800764,0.06758349,0.0,0.0,0.0,0.0,0.0,0.0,0.0
3,1,0.18110181,0.69330704,0.0,0.0,0.05800764,0.06758349,0.0,0.0,0.0,0.0,0.0,0.0,0.0
3,1,0.18110181,0.69330704,0.0,0.0,0.05800764,0.06758349,0.0,0.0,0.0,0.0,0.0,0.0,0.0
3,1,0.18110181,0.69330704,0.0,0.0,0.05800764,0.06758349,0.0,0.0,0.0,0.0,0.0,0.0,0.0
3,1,0.18110181,0.69330704,0.0,0.0,0.05800764,0.06758349,0.0,0.0,0.0,0.0,0.0,0.0,0.0
3,1,0.18110181,0.69330704,0.0,0.0,0.05800764,0.06758349,0.0,0.0,0.0,0.0,0.0,0.0,0.0
3,1,0.18110181,0.69330704,0.0,0.0,0.05800764,0.06758349,0.0,0.0,0.0,0.0,0.0,0.0,0.0
3,1,0.18110181,0.69330704,0.0,0.0,0.05800764,0.06758349,0.0,0.0,0.0,0.0,0.0,0.0,0.0
3,1,0.18110181,0.69330704,0.0,0.0,0.05800764,0.06758349,0.0,0.0,0.0,0.0,0.0,0.0,0.0
3,1,0.18110181,0.69330704,0.0,0.0,0.05800764,0.06758349,0.0,0.0,0.0,0.0,0.0,0.0,0.0
3,1,0.18110181,0.69330704,0.0,0.0,0.05800764,0.06758349,0.0,0.0,0.0,0.0,0.0,0.0,0.0
3,1,0.18110181,0.69330704,0.0,0.0,0.05800764,0.06758349,0.0,0.0,0.0,0.0,0.0,0.0,0.0
3,1,0.18110181,0.69330704,0.0,0.0,0.05800764,0.06758349,0.0,0.0,0.0,0.0,0.0,0.0,0.0
3,1,0.18110181,0.69330704,0.0,0.0,0.05800764,0.06758349,0.0,0.0,0.0,0.0,0.0,0.0,0.0
3,1,0.18110181,0.69330704,0.0,0.0,0.05800764,0.06758349,0.0,0.0,0.0,0.0,0.0,0.0,0.0
3,1,0.18110181,0.69330704,0.0,0.0,0.05800764,0.06758349,0.0,0.0,0.0,0.0,0.0,0.0,0.0
3,1,0.18110181,0.69330704,0.0,0.0,0.05800764,0.06758349,0.0,0.0,0.0,0.0,0.0,0.0,0.0
3,1,0.18110181,0.69330704,0.0,0.0,0.05800764,0.06758349,0.0,0.0,0.0,0.0,0.0,0.0,0.0
3,1,0.18110181,0.69330704,0.0,0.0,0.05800764,0.06758349,0.0,0.0,0.0,0.0,0.0,0.0,0.0
3,1,0.18110181,0.69330704,0.0,0.0,0.05800764,0.06758349,0.0,0.0,0.0,0.0,0.0,0.0,0.0
3,1,0.18110181,0.69330704,0.0,0.0,0.05800764,0.06758349,0.0,0.0,0.0,0.0,0.0,0.0,0.0
3,1,0.18110181,0.69330704,0.0,0.0,0.05800764,0.06758349,0.0,0.0,0.0,0.0,0.0,0.0,0.0
3,1,0.18110181,0.69330704,0.0,0.0,0.05800764,0.06758349,0.0,0.0,0.0,0.0,0.0,0.0,0.0
3,1,0.18110181,0.69330704,0.0,0.0,0.05800764,0.06758349,0.0,0.0,0.0,0.0,0.0,0.0,0.0
3,1,0.18110181,0.69330704,0.0,0.0,0.05800764,0.06758349,0.0,0.0,0.0,0.0,0.0,0.0,0.0
3,1,0.18110181,0.69330704,0.0,0.0,0.05800764,0.06758349,0.0,0.0,0.0,0.0,0.0,0.0,0.0
3,1,0.18110181,0.69330704,0.0,0.0,0.05800764,0.06758349,0.0,0.0,0.0,0.0,0.0,0.0,0.0
3,1,0.24314831,0.6312605,0.0,0.0,0.05800764,0.06758349,0.0,0.0,0.0,0.0,0.0,0.0,0.0
3,1,0.24314831,0.6312605,0.0,0.0,0.05800764,0.06758349,0.0,0.0,0.0,0.0,0.0,0.0,0.0
3,1,0.24314831,0.6312605,0.0,0.0,0.05800764,0.06758349,0.0,0.0,0.0,0.0,0.0,0.0,0.0
3,1,0.24314831,0.6312605,0.0,0.0,0.05800764,0.06758349,0.0,0.0,0.0,0.0,0.0,0.0,0.0
3,1,0.24314831,0.6312605,0.0,0.0,0.05800764,0.06758349,0.0,0.0,0.0,0.0,0.0,0.0,0.0
3,1,0.24314831,0.6312605,0.0,0.0,0.05800764,0.06758349,0.0,0.0,0.0,0.0,0.0,0.0,0.0
3,1,0.24314831,0.6312605,0.0,0.0,0.05800764,0.06758349,0.0,0.0,0.0,0.0,0.0,0.0,0.0
3,1,0.24314831,0.6312605,0.0,0.0,0.05800764,0.06758349,0.0,0.0,0.0,0.0,0.0,0.0,0.0
3,1,0.24314831,0.6312605,0.0,0.0,0.05800764,0.06758349,0.0,0.0,0.0,0.0,0.0,0.0,0.0
3,1,0.24314831,0.6312605,0.0,0.0,0.05800764,0.06758349,0.0,0.0,0.0,0.0,0.0,0.0,0.0
3,1,0.24314831,0.6312605,0.0,0.0,0.05800764,0.06758349,0.0,0.0,0.0,0.0,0.0,0.0,0.0
3,1,0.24314831,0.6312605,0.0,0.0,0.05800764,0.06758349,0.0,0.0,0.0,0.0,0.0,0.0,0.0
3,1,0.24314831,0.6312605,0.0,0.0,0.05800764,0.06758349,0.0,0.0,0.0,0.0,0.0,0.0,0.0
3,1,0.24314831,0.6312605,0.0,0.0,0.05800764,0.06758349,0.0,0.0,0.0,0.0,0.0,0.0,0.0
3,1,0.24314831,0.6312605,0.0,0.0,0.05800764,0.06758349,0.0,0.0,0.0,0.0,0.0,0.0,0.0
3,1,0.24314831,0.6312605,0.0,0.0,0.05800764,0.06758349,0.0,0.0,0.0,0.0,0.0,0.0,0.0
3,1,0.24314831,0.6312605,0.0,0.0,0.05800764,0.06758349,0.0,0.0,0.0,0.0,0.0,0.0,0.0
3,1,0.24314831,0.6312605,0.0,0.0,0.05800764,0.06758349,0.0,0.0,0.0,0.0,0.0,0.0,0.0
3,1,0.24314831,0.6312605,0.0,0.0,0.05800764,0.06758349,0.0,0.0,0.0,0.0,0.0,0.0,0.0
3,1,0.24314831,0.6312605,0.0,0.0,0.05800764,0.06758349,0.0,0.0,0.0,0.0,0.0,0.0,0.0
3,1,0.1802286,0.69418025,0.0,0.0,0.05800764,0.06758349,0.0,0.0,0.0,0.0,0.0,0.0,0.0
3,1,0.1802286,0.69418025,0.0,0.0,0.05800764,0.06758349,0.0,0.0,0.0,0.0,0.0,0.0,0.0
3,1,0.1802286,0.69418025,0.0,0.0,0.05800764,0.06758349,0.0,0.0,0.0,0.0,0.0,0.0,0.0
3,1,0.1802286,0.69418025,0.0,0.0,0.05800764,0.06758349,0.0,0.0,0.0,0.0,0.0,0.0,0.0
3,1,0.1802286,0.69418025,0.0,0.0,0.05800764,0.06758349,0.0,0.0,0.0,0.0,0.0,0.0,0.0
3,1,0.1802286,0.69418025,0.0,0.0,0.05800764,0.06758349,0.0,0.0,0.0,0.0,0.0,0.0,0.0
3,1,0.1802286,0.69418025,0.0,0.0,0.05800764,0.06758349,0.0,0.0,0.0,0.0,0.0,0.0,0.0
3,1,0.1802286,0.69418025,0.0,0.0,0.05800764,0.06758349,0.0,0.0,0.0,0.0,0.0,0.0,0.0
3,1,0.1802286,0.69418025,0.0,0.0,0.05800764,0.06758349,0.0,0.0,0.0,0.0,0.0,0.0,0.0
3,1,0.1802286,0.69418025,0.0,0.0,0.05800764,0.06758349,0.0,0.0,0.0,0.0,0.0,0.0,0.0
3,1,0.1802286,0.69418025,0.0,0.0,0.05800764,0.06758349,0.0,0.0,0.0,0.0,0.0,0.0,0.0
3,1,0.1802286,0.69418025,0.0,0.0,0.05800764,0.06758349,0.0,0.0,0.0,0.0,0.0,0.0,0.0
3,1,0.1802286,0.69418025,0.0,0.0,0.05800764,0.06758349,0.0,0.0,0.0,0.0,0.0,0.0,0.0
3,1,0.1802286,0.69418025,0.0,0.0,0.05800764,0.06758349,0.0,0.0,0.0,0.0,0.0,0.0,0.0
3,1,0.1802286,0.69418025,0.0,0.0,0.05800764,0.06758349,0.0,0.0,0.0,0.0,0.0,0.0,0.0
3,1,0.1802286,0.69418025,0.0,0.0,0.05800764,0.06758349,0.0,0.0,0.0,0.0,0.0,0.0,0.0
3,1,0.1802286,0.69418025,0.0,0.0,0.05800764,0.06758349,0.0,0.0,0.0,0.0,0.0,0.0,0.0
3,1,0.1802286,0.69418025,0.0,0.0,0.05800764,0.06758349,0.0,0.0,0.0,0.0,0.0,0.0,0.0
3,1,0.1802286,0.69418025,0.0,0.0,0.05800764,0.06758349,0.0,0.0,0.0,0.0,0.0,0.0,0.0
3,1,0.1802286,0.69418025,0.0,0.0,0.05800764,0.06758349,0.0,0.0,0.0,0.0,0.0,0.0,0.0
3,1,0.1802286,0.69418025,0.0,0.0,0.05800764,0.06758349,0.0,0.0,0.0,0.0,0.0,0.0,0.0
3,1,0.1802286,0.69418025,0.0,0.0,0.05800764,0.06758349,0.0,0.0,0.0,0.0,0.0,0.0,0.0
3,1,0.1802286,0.69418025,0.0,0.0,0.05800764,0.06758349,0.0,0.0,0.0,0.0,0.0,0.0,0.0
3,1,0.1802286,0.69418025,0.0,0.0,0.05800764,0.06758349,0.0,0.0,0.0,0.0,0.0,0.0,0.0
3,1,0.1802286,0.69418025,0.0,0.0,0.05800764,0.06758349,0.0,0.0,0.0,0.0,0.0,0.0,0.0
3,1,0.1802286,0.69418025,0.0,0.0,0.05800764,0.06758349,0.0,0.0,0.0,0.0,0.0,0.0,0.0
3,1,0.1802286,0.69418025,0.0,0.0,0.05800764,0.06758349,0.0,0.0,0.0,0.0,0.0,0.0,0.0
3,1,0.1802286,0.69418025,0.0,0.0,0.05800764,0.06758349,0.0,0.0,0.0,0.0,0.0,0.0,0.0
3,1,0.1802286,0.69418025,0.0,0.0,0.05800764,0.06758349,0.0,0.0,0.0,0.0,0.0,0.0,0.0
3,1,0.1802286,0.69418025,0.0,0.0,0.05800764,0.06758349,0.0,0.0,0.0,0.0,0.0,0.0,0.0
3,1,0.1802286,0.69418025,0.0,0.0,0.05800764,0.06758349,0.0,0.0,0.0,0.0,0.0,0.0,0.0
3,1,0.1802286,0.69418025,0.0,0.0,0.05800764,0.06758349,0.0,0.0,0.0,0.0,0.0,0.0,0.0
3,1,0.1802286,0.69418025,0.0,0.0,0.05800764,0.06758349,0.0,0.0,0.0,0.0,0.0,0.0,0.0
3,1,0.1802286,0.69418025,0.0,0.0,0.05800764,0.06758349,0.0,0.0,0.0,0.0,0.0,0.0,0.0
3,1,0.1802286,0.69418025,0.0,0.0,0.05800764,0.06758349,0.0,0.0,0.0,0.0,0.0,0.0,0.0
3,1,0.1802286,0.69418025,0.0,0.0,0.05800764,0.06758349,0.0,0.0,0.0,0.0,0.0,0.0,0.0
3,1,0.1802286,0.69418025,0.0,0.0,0.05800764,0.06758349,0.0,0.0,0.0,0.0,0.0,0.0,0.0
3,1,0.1802286,0.69418025,0.0,0.0,0.05800764,0.06758349,0.0,0.0,0.0,0.0,0.0,0.0,0.0
3,1,0.1802286,0.69418025,0.0,0.0,0.05800764,0.06758349,0.0,0.0,0.0,0.0,0.0,0.0,0.0
3,1,0.1802286,0.69418025,0.0,0.0,0.05800764,0.06758349,0.0,0.0,0.0,0.0,0.0,0.0,0.0
3,1,0.1802286,0.69418025,0.0,0.0,0.05800764,0.06758349,0.0,0.0,0.0,0.0,0.0,0.0,0.0
3,1,0.1802286,0.69418025,0.0,0.0,0.05800764,0.06758349,0.0,0.0,0.0,0.0,0.0,0.0,0.0
3,1,0.1802286,0.69418025,0.0,0.0,0.05800764,0.06758349,0.0,0.0,0.0,0.0,0.0,0.0,0.0
3,1,0.1802286,0.69418025,0.0,0.0,0.05800764,0.06758349,0.0,0.0,0.0,0.0,0.0,0.0,0.0
3,1,0.1802286,0.69418025,0.0,0.0,0.05800764,0.06758349,0.0,0.0,0.0,0.0,0.0,0.0,0.0
3,1,0.1802286,0.69418025,0.0,0.0,0.05800764,0.06758349,0.0,0.0,0.0,0.0,0.0,0.0,0.0
3,1,0.1802286,0.69418025,0.0,0.0,0.05800764,0.06758349,0.0,0.0,0.0,0.0,0.0,0.0,0.0
3,1,0.1802286,0.69418025,0.0,0.0,0.05800764,0.06758349,0.0,0.0,0.0,0.0,0.0,0.0,0.0
3,1,0.1802286,0.69418025,0.0,0.0,0.05800764,0.06758349,0.0,0.0,0.0,0.0,0.0,0.0,0.0
3,1,0.1802286,0.69418025,0.0,0.0,0.05800764,0.06758349,0.0,0.0,0.0,0.0,0.0,0.0,0.0
3,1,0.1802286,0.69418025,0.0,0.0,0.05800764,0.06758349,0.0,0.0,0.0,0.0,0.0,0.0,0.0
3,1,0.1802286,0.69418025,0.0,0.0,0.05800764,0.06758349,0.0,0.0,0.0,0.0,0.0,0.0,0.0
3,1,0.1802286,0.69418025,0.0,0.0,0.05800764,0.06758349,0.0,0.0,0.0,0.0,0.0,0.0,0.0
3,1,0.1802286,0.69418025,0.0,0.0,0.05800764,0.06758349,0.0,0.0,0.0,0.0,0.0,0.0,0.0
3,1,0.1802286,0.69418025,0.0,0.0,0.05800764,0.06758349,0.0,0.0,0.0,0.0,0.0,0.0,0.0
3,1,0.1802286,0.69418025,0.0,0.0,0.05800764,0.06758349,0.0,0.0,0.0,0.0,0.0,0.0,0.0
3,1,0.1802286,0.69418025,0.0,0.0,0.05800764,0.06758349,0.0,0.0,0.0,0.0,0.0,0.0,0.0
3,1,0.1802286,0.69418025,0.0,0.0,0.05800764,0.06758349,0.0,0.0,0.0,0.0,0.0,0.0,0.0
3,1,0.11818209,0.7562268,0.0,0.0,0.05800764,0.06758349,0.0,0.0,0.0,0.0,0.0,0.0,0.0
3,1,0.11818209,0.7562268,0.0,0.0,0.05800764,0.06758349,0.0,0.0,0.0,0.0,0.0,0.0,0.0
3,1,0.11818209,0.7562268,0.0,0.0,0.05800764,0.06758349,0.0,0.0,0.0,0.0,0.0,0.0,0.0
3,1,0.11818209,0.7562268,0.0,0.0,0.05800764,0.06758349,0.0,0.0,0.0,0.0,0.0,0.0,0.0
3,1,0.11818209,0.7562268,0.0,0.0,0.05800764,0.06758349,0.0,0.0,0.0,0.0,0.0,0.0,0.0
3,1,0.11818209,0.7562268,0.0,0.0,0.05800764,0.06758349,0.0,0.0,0.0,0.0,0.0,0.0,0.0
3,1,0.11818209,0.7562268,0.0,0.0,0.05800764,0.06758349,0.0,0.0,0.0,0.0,0.0,0.0,0.0
3,1,0.11818209,0.7562268,0.0,0.0,0.05800764,0.06758349,0.0,0.0,0.0,0.0,0.0,0.0,0.0
3,1,0.11818209,0.7562268,0.0,0.0,0.05800764,0.06758349,0.0,0.0,0.0,0.0,0.0,0.0,0.0
3,1,0.11818209,0.7562268,0.0,0.0,0.05800764,0.06758349,0.0,0.0,0.0,0.0,0.0,0.0,0.0
3,1,0.11818209,0.7562268,0.0,0.0,0.05800764,0.06758349,0.0,0.0,0.0,0.0,0.0,0.0,0.0
3,1,0.11818209,0.7562268,0.0,0.0,0.05800764,0.06758349,0.0,0.0,0.0,0.0,0.0,0.0,0.0
3,1,0.11818209,0.7562268,0.0,0.0,0.05800764,0.06758349,0.0,0.0,0.0,0.0,0.0,0.0,0.0
3,1,0.11818209,0.7562268,0.0,0.0,0.05800764,0.06758349,0.0,0.0,0.0,0.0,0.0,0.0,0.0
3,1,0.11818209,0.7562268,0.0,0.0,0.05800764,0.06758349,0.0,0.0,0.0,0.0,0.0,0.0,0.0
3,1,0.11818209,0.7562268,0.0,0.0,0.05800764,0.06758349,0.0,0.0,0.0,0.0,0.0,0.0,0.0
3,1,0.11818209,0.7562268,0.0,0.0,0.05800764,0.06758349,0.0,0.0,0.0,0.0,0.0,0.0,0.0
3,1,0.11818209,0.7562268,0.0,0.0,0.05800764,0.06758349,0.0,0.0,0.0,0.0,0.0,0.0,0.0
3,1,0.11818209,0.7562268,0.0,0.0,0.05800764,0.06758349,0.0,0.0,0.0,0.0,0.0,0.0,0.0
3,1,0.11818209,0.7562268,0.0,0.0,0.05800764,0.06758349,0.0,0.0,0.0,0.0,0.0,0.0,0.0
3,1,0.11818209,0.7562268,0.0,0.0,0.05800764,0.06758349,0.0,0.0,0.0,0.0,0.0,0.0,0.0
3,1,0.11818209,0.7562268,0.0,0.0,0.05800764,0.06758349,0.0,0.0,0.0,0.0,0.0,0.0,0.0
3,1,0.11818209,0.7562268,0.0,0.0,0.05800764,0.06758349,0.0,0.0,0.0,0.0,0.0,0.0,0.0
3,1,0.11818209,0.7562268,0.0,0.0,0.05800764,0.06758349,0.0,0.0,0.0,0.0,0.0,0.0,0.0
3,1,0.11818209,0.7562268,0.0,0.0,0.05800764,0.06758349,0.0,0.0,0.0,0.0,0.0,0.0,0.0
3,1,0.11818209,0.7562268,0.0,0.0,0.05800764,0.06758349,0.0,0.0,0.0,0.0,0.0,0.0,0.0
3,1,0.11818209,0.7562268,0.0,0.0,0.05800764,0.06758349,0.0,0.0,0.0,0.0,0.0,0.0,0.0
3,1,0.11818209,0.7562268,0.0,0.0,0.05800764,0.06758349,0.0,0.0,0.0,0.0,0.0,0.0,0.0
3,1,0.11818209,0.7562268,0.0,0.0,0.05800764,0.06758349,0.0,0.0,0.0,0.0,0.0,0.0,0.0
3,1,0.11818209,0.7562268,0.0,0.0,0.05800764,0.06758349,0.0,0.0,0.0,0.0,0.0,0.0,0.0
3,1,0.11818209,0.7562268,0.0,0.0,0.05800764,0.06758349,0.0,0.0,0.0,0.0,0.0,0.0,0.0
3,1,0.11818209,0.7562268,0.0,0.0,0.05800764,0.06758349,0.0,0.0,0.0,0.0,0.0,0.0,0.0
3,1,0.11818209,0.7562268,0.0,0.0,0.05800764,0.06758349,0.0,0.0,0.0,0.0,0.0,0.0,0.0
3,1,0.11818209,0.7562268,0.0,0.0,0.05800764,0.06758349,0.0,0.0,0.0,0.0,0.0,0.0,0.0
3,1,0.11818209,0.7562268,0.0,0.0,0.05800764,0.06758349,0.0,0.0,0.0,0.0,0.0,0.0,0.0
3,1,0.11818209,0.7562268,0.0,0.0,0.05800764,0.06758349,0.0,0.0,0.0,0.0,0.0,0.0,0.0
3,1,0.11818209,0.7562268,0.0,0.0,0.05800764,0.06758349,0.0,0.0,0.0,0.0,0.0,0.0,0.0
3,1,0.11818209,0.7562268,0.0,0.0,0.05800764,0.06758349,0.0,0.0,0.0,0.0,0.0,0.0,0.0
3,1,0.11818209,0.7562268,0.0,0.0,0.05800764,0.06758349,0.0,0.0,0.0,0.0,0.0,0.0,0.0
3,1,0.11818209,0.7562268,0.0,0.0,0.05800764,0.06758349,0.0,0.0,0.0,0.0,0.0,0.0,0.0
3,1,0.11818209,0.7562268,0.0,0.0,0.05800764,0.06758349,0.0,0.0,0.0,0.0,0.0,0.0,0.0
3,1,0.11818209,0.7562268,0.0,0.0,0.05800764,0.06758349,0.0,0.0,0.0,0.0,0.0,0.0,0.0
3,1,0.11818209,0.7562268,0.0,0.0,0.05800764,0.06758349,0.0,0.0,0.0,0.0,0.0,0.0,0.0
3,1,0.11818209,0.7562268,0.0,0.0,0.05800764,0.06758349,0.0,0.0,0.0,0.0,0.0,0.0,0.0
3,1,0.11818209,0.7562268,0.0,0.0,0.05800764,0.06758349,0.0,0.0,0.0,0.0,0.0,0.0,0.0
3,1,0.11818209,0.7562268,0.0,0.0,0.05800764,0.06758349,0.0,0.0,0.0,0.0,0.0,0.0,0.0
3,1,0.11818209,0.7562268,0.0,0.0,0.05800764,0.06758349,0.0,0.0,0.0,0.0,0.0,0.0,0.0
3,1,0.11818209,0.7562268,0.0,0.0,0.05800764,0.06758349,0.0,0.0,0.0,0.0,0.0,0.0,0.0
3,1,0.11818209,0.7562268,0.0,0.0,0.05800764,0.06758349,0.0,0.0,0.0,0.0,0.0,0.0,0.0
3,1,0.11818209,0.7562268,0.0,0.0,0.05800764,0.06758349,0.0,0.0,0.0,0.0,0.0,0.0,0.0
3,1,0.11818209,0.7562268,0.0,0.0,0.05800764,0.06758349,0.0,0.0,0.0,0.0,0.0,0.0,0.0
3,1,0.11818209,0.7562268,0.0,0.0,0.05800764,0.06758349,0.0,0.0,0.0,0.0,0.0,0.0,0.0
3,1,0.11818209,0.7562268,0.0,0.0,0.05800764,0.06758349,0.0,0.0,0.0,0.0,0.0,0.0,0.0
3,1,0.11818209,0.7562268,0.0,0.0,0.05800764,0.06758349,0.0,0.0,0.0,0.0,0.0,0.0,0.0
3,1,0.11818209,0.7562268,0.0,0.0,0.05800764,0.06758349,0.0,0.0,0.0,0.0,0.0,0.0,0.0
3,1,0.11818209,0.7562268,0.0,0.0,0.05800764,0.06758349,0.0,0.0,0.0,0.0,0.0,0.0,0.0
3,1,0.11818209,0.7562268,0.0,0.0,0.05800764,0.06758349,0.0,0.0,0.0,0.0,0.0,0.0,0.0
3,1,0.11818209,0.7562268,0.0,0.0,0.05800764,0.06758349,0.0,0.0,0.0,0.0,0.0,0.0,0.0
3,1,0.11818209,0.7562268,0.0,0.0,0.05800764,0.06758349,0.0,0.0,0.0,0.0,0.0,0.0,0.0
3,1,0.11818209,0.7562268,0.0,0.0,0.05800764,0.06758349,0.0,0.0,0.0,0.0,0.0,0.0,0.0
3,1,0.11818209,0.7562268,0.0,0.0,0.05800764,0.06758349,0.0,0.0,0.0,0.0,0.0,0.0,0.0
3,1,0.11818209,0.7562268,0.0,0.0,0.05800764,0.06758349,0.0,0.0,0.0,0.0,0.0,0.0,0.0
3,1,0.11818209,0.7562268,0.0,0.0,0.05800764,0.06758349,0.0,0.0,0.0,0.0,0.0,0.0,0.0
3,1,0.11818209,0.7562268,0.0,0.0,0.05800764,0.06758349,0.0,0.0,0.0,0.0,0.0,0.0,0.0
3,1,0.11818209,0.7562268,0.0,0.0,0.05800764,0.06758349,0.0,0.0,0.0,0.0,0.0,0.0,0.0
3,1,0.11818209,0.7562268,0.0,0.0,0.05800764,0.06758349,0.0,0.0,0.0,0.0,0.0,0.0,0.0
3,1,0.11818209,0.7562268,0.0,0.0,0.05800764,0.06758349,0.0,0.0,0.0,0.0,0.0,0.0,0.0
3,1,0.11818209,0.7562268,0.0,0.0,0.05800764,0.06758349,0.0,0.0,0.0,0.0,0.0,0.0,0.0
3,1,0.11818209,0.7562268,0.0,0.0,0.05800764,0.06758349,0.0,0.0,0.0,0.0,0.0,0.0,0.0
3,1,0.11818209,0.7562268,0.0,0.0,0.05800764,0.06758349,0.0,0.0,0.0,0.0,0.0,0.0,0.0
3,1,0.11818209,0.7562268,0.0,0.0,0.05800764,0.06758349,0.0,0.0,0.0,0.0,0.0,0.0,0.0
3,1,0.11818209,0.7562268,0.0,0.0,0.05800764,0.06758349,0.0,0.0,0.0,0.0,0.0,0.0,0.0
3,1,0.11818209,0.7562268,0.0,0.0,0.05800764,0.06758349,0.0,0.0,0.0,0.0,0.0,0.0,0.0
3,1,0.11818209,0.7562268,0.0,0.0,0.05800764,0.06758349,0.0,0.0,0.0,0.0,0.0,0.0,0.0
3,1,0.11818209,0.7562268,0.0,0.0,0.05800764,0.06758349,0.0,0.0,0.0,0.0,0.0,0.0,0.0
3,1,0.11818209,0.7562268,0.0,0.0,0.05800764,0.06758349,0.0,0.0,0.0,0.0,0.0,0.0,0.0
3,1,0.11818209,0.7562268,0.0,0.0,0.05800764,0.06758349,0.0,0.0,0.0,0.0,0.0,0.0,0.0
3,1,0.11818209,0.7562268,0.0,0.0,0.05800764,0.06758349,0.0,0.0,0.0,0.0,0.0,0.0,0.0
3,1,0.11818209,0.7562268,0.0,0.0,0.05800764,0.06758349,0.0,0.0,0.0,0.0,0.0,0.0,0.0
3,1,0.11818209,0.7562268,0.0,0.0,0.05800764,0.06758349,0.0,0.0,0.0,0.0,0.0,0.0,0.0
3,1,0.11818209,0.7562268,0.0,0.0,0.05800764,0.06758349,0.0,0.0,0.0,0.0,0.0,0.0,0.0
3,1,0.11818209,0.7562268,0.0,0.0,0.05800764,0.06758349,0.0,0.0,0.0,0.0,0.0,0.0,0.0
3,1,0.11818209,0.7562268,0.0,0.0,0.05800764,0.06758349,0.0,0.0,0.0,0.0,0.0,0.0,0.0
3,1,0.11818209,0.7562268,0.0,0.0,0.05800764,0.06758349,0.0,0.0,0.0,0.0,0.0,0.0,0.0
3,1,0.11818209,0.7562268,0.0,0.0,0.05800764,0.06758349,0.0,0.0,0.0,0.0,0.0,0.0,0.0
3,1,0.11818209,0.7562268,0.0,0.0,0.05800764,0.06758349,0.0,0.0,0.0,0.0,0.0,0.0,0.0
3,1,0.11818209,0.7562268,0.0,0.0,0.05800764,0.06758349,0.0,0.0,0.0,0.0,0.0,0.0,0.0
3,1,0.11818209,0.7562268,0.0,0.0,0.05800764,0.06758349,0.0,0.0,0.0,0.0,0.0,0.0,0.0
3,1,0.11818209,0.7562268,0.0,0.0,0.05800764,0.06758349,0.0,0.0,0.0,0.0,0.0,0.0,0.0
3,1,0.11818209,0.7562268,0.0,0.0,0.05800764,0.06758349,0.0,0.0,0.0,0.0,0.0,0.0,0.0
3,1,0.11818209,0.7562268,0.0,0.0,0.05800764,0.06758349,0.0,0.0,0.0,0.0,0.0,0.0,0.0
3,1,0.11818209,0.7562268,0.0,0.0,0.05800764,0.06758349,0.0,0.0,0.0,0.0,0.0,0.0,0.0
3,1,0.11818209,0.7562268,0.0,0.0,0.05800764,0.06758349,0.0,0.0,0.0,0.0,0.0,0.0,0.0
3,1,0.11818209,0.7562268,0.0,0.0,0.05800764,0.06758349,0.0,0.0,0.0,0.0,0.0,0.0,0.0
3,1,0.11818209,0.7562268,0.0,0.0,0.05800764,0.06758349,0.0,0.0,0.0,0.0,0.0,0.0,0.0
3,1,0.11818209,0.7562268,0.0,0.0,0.05800764,0.06758349,0.0,0.0,0.0,0.0,0.0,0.0,0.0
3,1,0.11818209,0.7562268,0.0,0.0,0.05800764,0.06758349,0.0,0.0,0.0,0.0,0.0,0.0,0.0
3,1,0.11818209,0.7562268,0.0,0.0,0.05800764,0.06758349,0.0,0.0,0.0,0.0,0.0,0.0,0.0
3,1,0.11818209,0.7562268,0.0,0.0,0.05800764,0.06758349,0.0,0.0,0.0,0.0,0.0,0.0,0.0
3,1,0.11818209,0.7562268,0.0,0.0,0.05800764,0.06758349,0.0,0.0,0.0,0.0,0.0,0.0,0.0
3,1,0.11818209,0.7562268,0.0,0.0,0.05800764,0.06758349,0.0,0.0,0.0,0.0,0.0,0.0,0.0
3,1,0.11818209,0.7562268,0.0,0.0,0.05800764,0.06758349,0.0,0.0,0.0,0.0,0.0,0.0,0.0
3,1,0.11818209,0.7562268,0.0,0.0,0.05800764,0.06758349,0.0,0.0,0.0,0.0,0.0,0.0,0.0
3,1,0.11818209,0.7562268,0.0,0.0,0.05800764,0.06758349,0.0,0.0,0.0,0.0,0.0,0.0,0.0
3,1,0.11818209,0.7562268,0.0,0.0,0.05800764,0.06758349,0.0,0.0,0.0,0.0,0.0,0.0,0.0
3,1,0.11818209,0.7562268,0.0,0.0,0.05800764,0.06758349,0.0,0.0,0.0,0.0,0.0,0.0,0.0
3,1,0.11818209,0.7562268,0.0,0.0,0.05800764,0.06758349,0.0,0.0,0.0,0.0,0.0,0.0,0.0
3,1,0.11818209,0.7562268,0.0,0.0,0.05800764,0.06758349,0.0,0.0,0.0,0.0,0.0,0.0,0.0
3,1,0.11818209,0.7562268,0.0,0.0,0.05800764,0.06758349,0.0,0.0,0.0,0.0,0.0,0.0,0.0
3,1,0.11818209,0.7562268,0.0,0.0,0.05800764,0.06758349,0.0,0.0,0.0,0.0,0.0,0.0,0.0
3,1,0.18110183,0.76089054,0.0,0.0,0.058007643,0.0,0.0,0.0,0.0,0.0,0.0,0.0,0.0
3,1,0.18110183,0.76089054,0.0,0.0,0.058007643,0.0,0.0,0.0,0.0,0.0,0.0,0.0,0.0
3,1,0.18110183,0.76089054,0.0,0.0,0.058007643,0.0,0.0,0.0,0.0,0.0,0.0,0.0,0.0
3,1,0.18110183,0.76089054,0.0,0.0,0.058007643,0.0,0.0,0.0,0.0,0.0,0.0,0.0,0.0
3,1,0.18110183,0.76089054,0.0,0.0,0.058007643,0.0,0.0,0.0,0.0,0.0,0.0,0.0,0.0
3,1,0.18110183,0.76089054,0.0,0.0,0.058007643,0.0,0.0,0.0,0.0,0.0,0.0,0.0,0.0
3,1,0.18110183,0.76089054,0.0,0.0,0.058007643,0.0,0.0,0.0,0.0,0.0,0.0,0.0,0.0
3,1,0.18110183,0.76089054,0.0,0.0,0.058007643,0.0,0.0,0.0,0.0,0.0,0.0,0.0,0.0
3,1,0.18110183,0.76089054,0.0,0.0,0.058007643,0.0,0.0,0.0,0.0,0.0,0.0,0.0,0.0
3,1,0.18110183,0.76089054,0.0,0.0,0.058007643,0.0,0.0,0.0,0.0,0.0,0.0,0.0,0.0
3,1,0.18110183,0.76089054,0.0,0.0,0.058007643,0.0,0.0,0.0,0.0,0.0,0.0,0.0,0.0
3,1,0.18110183,0.76089054,0.0,0.0,0.058007643,0.0,0.0,0.0,0.0,0.0,0.0,0.0,0.0
3,1,0.18110183,0.76089054,0.0,0.0,0.058007643,0.0,0.0,0.0,0.0,0.0,0.0,0.0,0.0
3,1,0.18110183,0.76089054,0.0,0.0,0.058007643,0.0,0.0,0.0,0.0,0.0,0.0,0.0,0.0
3,1,0.18110183,0.76089054,0.0,0.0,0.058007643,0.0,0.0,0.0,0.0,0.0,0.0,0.0,0.0
3,1,0.18110183,0.76089054,0.0,0.0,0.058007643,0.0,0.0,0.0,0.0,0.0,0.0,0.0,0.0
3,1,0.23910946,0.76089054,0.0,0.0,0.0,0.0,0.0,0.0,0.0,0.0,0.0,0.0,0.0
3,1,0.23910946,0.76089054,0.0,0.0,0.0,0.0,0.0,0.0,0.0,0.0,0.0,0.0,0.0
3,1,0.23910946,0.76089054,0.0,0.0,0.0,0.0,0.0,0.0,0.0,0.0,0.0,0.0,0.0
3,1,0.23910946,0.76089054,0.0,0.0,0.0,0.0,0.0,0.0,0.0,0.0,0.0,0.0,0.0
3,1,0.23910946,0.76089054,0.0,0.0,0.0,0.0,0.0,0.0,0.0,0.0,0.0,0.0,0.0
3,1,0.23910946,0.76089054,0.0,0.0,0.0,0.0,0.0,0.0,0.0,0.0,0.0,0.0,0.0
3,1,0.23910946,0.76089054,0.0,0.0,0.0,0.0,0.0,0.0,0.0,0.0,0.0,0.0,0.0
3,1,0.23910946,0.76089054,0.0,0.0,0.0,0.0,0.0,0.0,0.0,0.0,0.0,0.0,0.0
3,1,0.23910946,0.76089054,0.0,0.0,0.0,0.0,0.0,0.0,0.0,0.0,0.0,0.0,0.0
3,1,0.23910946,0.76089054,0.0,0.0,0.0,0.0,0.0,0.0,0.0,0.0,0.0,0.0,0.0
3,1,0.23910946,0.76089054,0.0,0.0,0.0,0.0,0.0,0.0,0.0,0.0,0.0,0.0,0.0
3,1,0.23910946,0.76089054,0.0,0.0,0.0,0.0,0.0,0.0,0.0,0.0,0.0,0.0,0.0
3,1,0.23910946,0.76089054,0.0,0.0,0.0,0.0,0.0,0.0,0.0,0.0,0.0,0.0,0.0
3,1,0.23910946,0.76089054,0.0,0.0,0.0,0.0,0.0,0.0,0.0,0.0,0.0,0.0,0.0
3,1,0.23910946,0.76089054,0.0,0.0,0.0,0.0,0.0,0.0,0.0,0.0,0.0,0.0,0.0
3,1,0.23910946,0.76089054,0.0,0.0,0.0,0.0,0.0,0.0,0.0,0.0,0.0,0.0,0.0
3,1,0.23910946,0.76089054,0.0,0.0,0.0,0.0,0.0,0.0,0.0,0.0,0.0,0.0,0.0
3,1,0.23910946,0.76089054,0.0,0.0,0.0,0.0,0.0,0.0,0.0,0.0,0.0,0.0,0.0
3,1,0.23910946,0.76089054,0.0,0.0,0.0,0.0,0.0,0.0,0.0,0.0,0.0,0.0,0.0
3,1,0.23910946,0.76089054,0.0,0.0,0.0,0.0,0.0,0.0,0.0,0.0,0.0,0.0,0.0
3,1,0.23910946,0.76089054,0.0,0.0,0.0,0.0,0.0,0.0,0.0,0.0,0.0,0.0,0.0
3,1,0.23910946,0.76089054,0.0,0.0,0.0,0.0,0.0,0.0,0.0,0.0,0.0,0.0,0.0
3,1,0.23910946,0.76089054,0.0,0.0,0.0,0.0,0.0,0.0,0.0,0.0,0.0,0.0,0.0
3,1,0.23910946,0.76089054,0.0,0.0,0.0,0.0,0.0,0.0,0.0,0.0,0.0,0.0,0.0
3,1,0.23910946,0.76089054,0.0,0.0,0.0,0.0,0.0,0.0,0.0,0.0,0.0,0.0,0.0
3,1,0.23910946,0.76089054,0.0,0.0,0.0,0.0,0.0,0.0,0.0,0.0,0.0,0.0,0.0
3,1,0.23910946,0.76089054,0.0,0.0,0.0,0.0,0.0,0.0,0.0,0.0,0.0,0.0,0.0
3,1,0.23910946,0.76089054,0.0,0.0,0.0,0.0,0.0,0.0,0.0,0.0,0.0,0.0,0.0
3,1,0.23910946,0.76089054,0.0,0.0,0.0,0.0,0.0,0.0,0.0,0.0,0.0,0.0,0.0
3,1,0.23910946,0.76089054,0.0,0.0,0.0,0.0,0.0,0.0,0.0,0.0,0.0,0.0,0.0
3,1,0.23910946,0.76089054,0.0,0.0,0.0,0.0,0.0,0.0,0.0,0.0,0.0,0.0,0.0
3,1,0.23910946,0.76089054,0.0,0.0,0.0,0.0,0.0,0.0,0.0,0.0,0.0,0.0,0.0
3,1,0.23910946,0.69008064,0.0,0.0,0.07080989,0.0,0.0,0.0,0.0,0.0,0.0,0.0,0.0
3,1,0.23910946,0.69008064,0.0,0.0,0.07080989,0.0,0.0,0.0,0.0,0.0,0.0,0.0,0.0
3,1,0.23910946,0.69008064,0.0,0.0,0.07080989,0.0,0.0,0.0,0.0,0.0,0.0,0.0,0.0
3,1,0.23910946,0.69008064,0.0,0.0,0.07080989,0.0,0.0,0.0,0.0,0.0,0.0,0.0,0.0
3,1,0.23910946,0.69008064,0.0,0.0,0.07080989,0.0,0.0,0.0,0.0,0.0,0.0,0.0,0.0
3,1,0.23910946,0.69008064,0.0,0.0,0.07080989,0.0,0.0,0.0,0.0,0.0,0.0,0.0,0.0
3,1,0.23910946,0.69008064,0.0,0.0,0.07080989,0.0,0.0,0.0,0.0,0.0,0.0,0.0,0.0
3,1,0.23910946,0.69008064,0.0,0.0,0.07080989,0.0,0.0,0.0,0.0,0.0,0.0,0.0,0.0
3,1,0.23910946,0.69008064,0.0,0.0,0.07080989,0.0,0.0,0.0,0.0,0.0,0.0,0.0,0.0
3,1,0.23910946,0.69008064,0.0,0.0,0.07080989,0.0,0.0,0.0,0.0,0.0,0.0,0.0,0.0
3,1,0.23910946,0.69008064,0.0,0.0,0.07080989,0.0,0.0,0.0,0.0,0.0,0.0,0.0,0.0
3,1,0.23910946,0.69008064,0.0,0.0,0.07080989,0.0,0.0,0.0,0.0,0.0,0.0,0.0,0.0
3,1,0.23910946,0.69008064,0.0,0.0,0.07080989,0.0,0.0,0.0,0.0,0.0,0.0,0.0,0.0
3,1,0.23910946,0.69008064,0.0,0.0,0.07080989,0.0,0.0,0.0,0.0,0.0,0.0,0.0,0.0
3,1,0.23910946,0.69008064,0.0,0.0,0.07080989,0.0,0.0,0.0,0.0,0.0,0.0,0.0,0.0
3,1,0.23910946,0.69008064,0.0,0.0,0.07080989,0.0,0.0,0.0,0.0,0.0,0.0,0.0,0.0
3,1,0.23910946,0.69008064,0.0,0.0,0.07080989,0.0,0.0,0.0,0.0,0.0,0.0,0.0,0.0
3,1,0.23910946,0.69008064,0.0,0.0,0.07080989,0.0,0.0,0.0,0.0,0.0,0.0,0.0,0.0
3,1,0.23910946,0.69008064,0.0,0.0,0.07080989,0.0,0.0,0.0,0.0,0.0,0.0,0.0,0.0
3,1,0.23910946,0.69008064,0.0,0.0,0.07080989,0.0,0.0,0.0,0.0,0.0,0.0,0.0,0.0
3,1,0.23910946,0.69008064,0.0,0.0,0.07080989,0.0,0.0,0.0,0.0,0.0,0.0,0.0,0.0
3,1,0.23910946,0.69008064,0.0,0.0,0.07080989,0.0,0.0,0.0,0.0,0.0,0.0,0.0,0.0
3,1,0.23910946,0.69008064,0.0,0.0,0.07080989,0.0,0.0,0.0,0.0,0.0,0.0,0.0,0.0
3,1,0.23910946,0.69008064,0.0,0.0,0.07080989,0.0,0.0,0.0,0.0,0.0,0.0,0.0,0.0
3,1,0.23910946,0.69008064,0.0,0.0,0.07080989,0.0,0.0,0.0,0.0,0.0,0.0,0.0,0.0
3,1,0.23910946,0.69008064,0.0,0.0,0.07080989,0.0,0.0,0.0,0.0,0.0,0.0,0.0,0.0
3,1,0.23910946,0.69008064,0.0,0.0,0.07080989,0.0,0.0,0.0,0.0,0.0,0.0,0.0,0.0
3,1,0.23910946,0.69008064,0.0,0.0,0.07080989,0.0,0.0,0.0,0.0,0.0,0.0,0.0,0.0
3,1,0.23910946,0.69008064,0.0,0.0,0.07080989,0.0,0.0,0.0,0.0,0.0,0.0,0.0,0.0
3,1,0.23910946,0.69008064,0.0,0.0,0.07080989,0.0,0.0,0.0,0.0,0.0,0.0,0.0,0.0
3,1,0.23910946,0.69008064,0.0,0.0,0.07080989,0.0,0.0,0.0,0.0,0.0,0.0,0.0,0.0
3,1,0.23910946,0.69008064,0.0,0.0,0.07080989,0.0,0.0,0.0,0.0,0.0,0.0,0.0,0.0
3,1,0.23910946,0.69008064,0.0,0.0,0.07080989,0.0,0.0,0.0,0.0,0.0,0.0,0.0,0.0
3,1,0.23910946,0.69008064,0.0,0.0,0.07080989,0.0,0.0,0.0,0.0,0.0,0.0,0.0,0.0
3,1,0.23910946,0.69008064,0.0,0.0,0.07080989,0.0,0.0,0.0,0.0,0.0,0.0,0.0,0.0
3,1,0.23910946,0.69008064,0.0,0.0,0.07080989,0.0,0.0,0.0,0.0,0.0,0.0,0.0,0.0
3,1,0.23910946,0.69008064,0.0,0.0,0.07080989,0.0,0.0,0.0,0.0,0.0,0.0,0.0,0.0
3,1,0.23910946,0.69008064,0.0,0.0,0.07080989,0.0,0.0,0.0,0.0,0.0,0.0,0.0,0.0
3,1,0.23910946,0.69008064,0.0,0.0,0.07080989,0.0,0.0,0.0,0.0,0.0,0.0,0.0,0.0
3,1,0.23910946,0.69008064,0.0,0.0,0.07080989,0.0,0.0,0.0,0.0,0.0,0.0,0.0,0.0
3,1,0.23910946,0.69008064,0.0,0.0,0.07080989,0.0,0.0,0.0,0.0,0.0,0.0,0.0,0.0
3,1,0.23910946,0.69008064,0.0,0.0,0.07080989,0.0,0.0,0.0,0.0,0.0,0.0,0.0,0.0
3,1,0.23910946,0.69008064,0.0,0.0,0.07080989,0.0,0.0,0.0,0.0,0.0,0.0,0.0,0.0
3,1,0.23910946,0.69008064,0.0,0.0,0.07080989,0.0,0.0,0.0,0.0,0.0,0.0,0.0,0.0
3,1,0.23910946,0.69008064,0.0,0.0,0.07080989,0.0,0.0,0.0,0.0,0.0,0.0,0.0,0.0
3,1,0.23910946,0.69008064,0.0,0.0,0.07080989,0.0,0.0,0.0,0.0,0.0,0.0,0.0,0.0
3,1,0.23910946,0.69008064,0.0,0.0,0.07080989,0.0,0.0,0.0,0.0,0.0,0.0,0.0,0.0
3,1,0.23910946,0.69008064,0.0,0.0,0.07080989,0.0,0.0,0.0,0.0,0.0,0.0,0.0,0.0
3,1,0.23910946,0.69008064,0.0,0.0,0.07080989,0.0,0.0,0.0,0.0,0.0,0.0,0.0,0.0
3,1,0.23910946,0.69008064,0.0,0.0,0.07080989,0.0,0.0,0.0,0.0,0.0,0.0,0.0,0.0
3,1,0.23910946,0.69008064,0.0,0.0,0.07080989,0.0,0.0,0.0,0.0,0.0,0.0,0.0,0.0
3,1,0.23910946,0.69008064,0.0,0.0,0.07080989,0.0,0.0,0.0,0.0,0.0,0.0,0.0,0.0
3,1,0.23910946,0.69008064,0.0,0.0,0.07080989,0.0,0.0,0.0,0.0,0.0,0.0,0.0,0.0
3,1,0.23910946,0.69008064,0.0,0.0,0.07080989,0.0,0.0,0.0,0.0,0.0,0.0,0.0,0.0
3,1,0.23910946,0.69008064,0.0,0.0,0.07080989,0.0,0.0,0.0,0.0,0.0,0.0,0.0,0.0
3,1,0.23910946,0.69008064,0.0,0.0,0.07080989,0.0,0.0,0.0,0.0,0.0,0.0,0.0,0.0
3,1,0.23910946,0.69008064,0.0,0.0,0.07080989,0.0,0.0,0.0,0.0,0.0,0.0,0.0,0.0
3,1,0.23910946,0.69008064,0.0,0.0,0.07080989,0.0,0.0,0.0,0.0,0.0,0.0,0.0,0.0
3,1,0.23910946,0.69008064,0.0,0.0,0.07080989,0.0,0.0,0.0,0.0,0.0,0.0,0.0,0.0
3,1,0.23910946,0.69008064,0.0,0.0,0.07080989,0.0,0.0,0.0,0.0,0.0,0.0,0.0,0.0
3,1,0.23910946,0.69008064,0.0,0.0,0.07080989,0.0,0.0,0.0,0.0,0.0,0.0,0.0,0.0
3,1,0.23910946,0.69008064,0.0,0.0,0.07080989,0.0,0.0,0.0,0.0,0.0,0.0,0.0,0.0
3,1,0.23910946,0.69008064,0.0,0.0,0.07080989,0.0,0.0,0.0,0.0,0.0,0.0,0.0,0.0
3,1,0.23910946,0.69008064,0.0,0.0,0.07080989,0.0,0.0,0.0,0.0,0.0,0.0,0.0,0.0
3,1,0.23910946,0.69008064,0.0,0.0,0.07080989,0.0,0.0,0.0,0.0,0.0,0.0,0.0,0.0
3,1,0.23910946,0.69008064,0.0,0.0,0.07080989,0.0,0.0,0.0,0.0,0.0,0.0,0.0,0.0
3,1,0.23910946,0.69008064,0.0,0.0,0.07080989,0.0,0.0,0.0,0.0,0.0,0.0,0.0,0.0
3,1,0.23910946,0.69008064,0.0,0.0,0.07080989,0.0,0.0,0.0,0.0,0.0,0.0,0.0,0.0
3,1,0.23910946,0.69008064,0.0,0.0,0.07080989,0.0,0.0,0.0,0.0,0.0,0.0,0.0,0.0
3,1,0.23910946,0.69008064,0.0,0.0,0.07080989,0.0,0.0,0.0,0.0,0.0,0.0,0.0,0.0
3,1,0.23910946,0.69008064,0.0,0.0,0.07080989,0.0,0.0,0.0,0.0,0.0,0.0,0.0,0.0
3,1,0.23910946,0.69008064,0.0,0.0,0.07080989,0.0,0.0,0.0,0.0,0.0,0.0,0.0,0.0
3,1,0.23910946,0.69008064,0.0,0.0,0.07080989,0.0,0.0,0.0,0.0,0.0,0.0,0.0,0.0
3,1,0.23910946,0.69008064,0.0,0.0,0.07080989,0.0,0.0,0.0,0.0,0.0,0.0,0.0,0.0
3,1,0.23910946,0.69008064,0.0,0.0,0.07080989,0.0,0.0,0.0,0.0,0.0,0.0,0.0,0.0
3,1,0.23910946,0.69008064,0.0,0.0,0.07080989,0.0,0.0,0.0,0.0,0.0,0.0,0.0,0.0
3,1,0.23910946,0.69008064,0.0,0.0,0.07080989,0.0,0.0,0.0,0.0,0.0,0.0,0.0,0.0
3,1,0.23910946,0.69008064,0.0,0.0,0.07080989,0.0,0.0,0.0,0.0,0.0,0.0,0.0,0.0
3,1,0.23910946,0.69008064,0.0,0.0,0.07080989,0.0,0.0,0.0,0.0,0.0,0.0,0.0,0.0
3,1,0.23910946,0.69008064,0.0,0.0,0.07080989,0.0,0.0,0.0,0.0,0.0,0.0,0.0,0.0
3,1,0.23910946,0.69008064,0.0,0.0,0.07080989,0.0,0.0,0.0,0.0,0.0,0.0,0.0,0.0
3,1,0.23910946,0.69008064,0.0,0.0,0.07080989,0.0,0.0,0.0,0.0,0.0,0.0,0.0,0.0
3,1,0.23910946,0.69008064,0.0,0.0,0.07080989,0.0,0.0,0.0,0.0,0.0,0.0,0.0,0.0
3,1,0.23910946,0.69008064,0.0,0.0,0.07080989,0.0,0.0,0.0,0.0,0.0,0.0,0.0,0.0
3,1,0.23910946,0.69008064,0.0,0.0,0.07080989,0.0,0.0,0.0,0.0,0.0,0.0,0.0,0.0
3,1,0.23910946,0.69008064,0.0,0.0,0.07080989,0.0,0.0,0.0,0.0,0.0,0.0,0.0,0.0
3,1,0.23910946,0.69008064,0.0,0.0,0.07080989,0.0,0.0,0.0,0.0,0.0,0.0,0.0,0.0
3,1,0.23910946,0.69008064,0.0,0.0,0.07080989,0.0,0.0,0.0,0.0,0.0,0.0,0.0,0.0
3,1,0.23910946,0.69008064,0.0,0.0,0.07080989,0.0,0.0,0.0,0.0,0.0,0.0,0.0,0.0
3,1,0.23910946,0.69008064,0.0,0.0,0.07080989,0.0,0.0,0.0,0.0,0.0,0.0,0.0,0.0
3,1,0.23910946,0.69008064,0.0,0.0,0.07080989,0.0,0.0,0.0,0.0,0.0,0.0,0.0,0.0
3,1,0.23910946,0.69008064,0.0,0.0,0.07080989,0.0,0.0,0.0,0.0,0.0,0.0,0.0,0.0
3,1,0.23910946,0.69008064,0.0,0.0,0.07080989,0.0,0.0,0.0,0.0,0.0,0.0,0.0,0.0
3,1,0.23910946,0.69008064,0.0,0.0,0.07080989,0.0,0.0,0.0,0.0,0.0,0.0,0.0,0.0
3,1,0.23910946,0.69008064,0.0,0.0,0.07080989,0.0,0.0,0.0,0.0,0.0,0.0,0.0,0.0
3,1,0.23910946,0.69008064,0.0,0.0,0.07080989,0.0,0.0,0.0,0.0,0.0,0.0,0.0,0.0
3,1,0.23910946,0.69008064,0.0,0.0,0.07080989,0.0,0.0,0.0,0.0,0.0,0.0,0.0,0.0
3,1,0.23910946,0.69008064,0.0,0.0,0.07080989,0.0,0.0,0.0,0.0,0.0,0.0,0.0,0.0
3,1,0.23910946,0.69008064,0.0,0.0,0.07080989,0.0,0.0,0.0,0.0,0.0,0.0,0.0,0.0
3,1,0.23910946,0.69008064,0.0,0.0,0.07080989,0.0,0.0,0.0,0.0,0.0,0.0,0.0,0.0
3,1,0.23910946,0.69008064,0.0,0.0,0.07080989,0.0,0.0,0.0,0.0,0.0,0.0,0.0,0.0
3,1,0.23910946,0.69008064,0.0,0.0,0.07080989,0.0,0.0,0.0,0.0,0.0,0.0,0.0,0.0
3,1,0.23910946,0.69008064,0.0,0.0,0.07080989,0.0,0.0,0.0,0.0,0.0,0.0,0.0,0.0
3,1,0.23910946,0.69008064,0.0,0.0,0.07080989,0.0,0.0,0.0,0.0,0.0,0.0,0.0,0.0
3,1,0.23910946,0.69008064,0.0,0.0,0.07080989,0.0,0.0,0.0,0.0,0.0,0.0,0.0,0.0
3,1,0.23910946,0.69008064,0.0,0.0,0.07080989,0.0,0.0,0.0,0.0,0.0,0.0,0.0,0.0
3,1,0.23910946,0.69008064,0.0,0.0,0.07080989,0.0,0.0,0.0,0.0,0.0,0.0,0.0,0.0
3,1,0.23910946,0.69008064,0.0,0.0,0.07080989,0.0,0.0,0.0,0.0,0.0,0.0,0.0,0.0
3,1,0.23910946,0.69008064,0.0,0.0,0.07080989,0.0,0.0,0.0,0.0,0.0,0.0,0.0,0.0
3,1,0.23910946,0.69008064,0.0,0.0,0.07080989,0.0,0.0,0.0,0.0,0.0,0.0,0.0,0.0
3,1,0.23910946,0.69008064,0.0,0.0,0.07080989,0.0,0.0,0.0,0.0,0.0,0.0,0.0,0.0
3,1,0.23910946,0.69008064,0.0,0.0,0.07080989,0.0,0.0,0.0,0.0,0.0,0.0,0.0,0.0
3,1,0.23910946,0.69008064,0.0,0.0,0.07080989,0.0,0.0,0.0,0.0,0.0,0.0,0.0,0.0
3,1,0.23910946,0.69008064,0.0,0.0,0.07080989,0.0,0.0,0.0,0.0,0.0,0.0,0.0,0.0
3,1,0.23910946,0.69008064,0.0,0.0,0.07080989,0.0,0.0,0.0,0.0,0.0,0.0,0.0,0.0
3,1,0.23910946,0.69008064,0.0,0.0,0.07080989,0.0,0.0,0.0,0.0,0.0,0.0,0.0,0.0
3,1,0.23910946,0.69008064,0.0,0.0,0.07080989,0.0,0.0,0.0,0.0,0.0,0.0,0.0,0.0
3,1,0.23910946,0.69008064,0.0,0.0,0.07080989,0.0,0.0,0.0,0.0,0.0,0.0,0.0,0.0
3,1,0.23910946,0.69008064,0.0,0.0,0.07080989,0.0,0.0,0.0,0.0,0.0,0.0,0.0,0.0
3,1,0.23910946,0.69008064,0.0,0.0,0.07080989,0.0,0.0,0.0,0.0,0.0,0.0,0.0,0.0
3,1,0.23910946,0.69008064,0.0,0.0,0.07080989,0.0,0.0,0.0,0.0,0.0,0.0,0.0,0.0
3,1,0.23910946,0.69008064,0.0,0.0,0.07080989,0.0,0.0,0.0,0.0,0.0,0.0,0.0,0.0
3,1,0.23910946,0.69008064,0.0,0.0,0.07080989,0.0,0.0,0.0,0.0,0.0,0.0,0.0,0.0
3,1,0.23910946,0.69008064,0.0,0.0,0.07080989,0.0,0.0,0.0,0.0,0.0,0.0,0.0,0.0
3,1,0.23910946,0.69008064,0.0,0.0,0.07080989,0.0,0.0,0.0,0.0,0.0,0.0,0.0,0.0
3,1,0.23910946,0.69008064,0.0,0.0,0.07080989,0.0,0.0,0.0,0.0,0.0,0.0,0.0,0.0
3,1,0.23910946,0.69008064,0.0,0.0,0.07080989,0.0,0.0,0.0,0.0,0.0,0.0,0.0,0.0
3,1,0.23910946,0.69008064,0.0,0.0,0.07080989,0.0,0.0,0.0,0.0,0.0,0.0,0.0,0.0
3,1,0.23910946,0.76089054,0.0,0.0,0.0,0.0,0.0,0.0,0.0,0.0,0.0,0.0,0.0
3,1,0.23910946,0.76089054,0.0,0.0,0.0,0.0,0.0,0.0,0.0,0.0,0.0,0.0,0.0
3,1,0.23910946,0.76089054,0.0,0.0,0.0,0.0,0.0,0.0,0.0,0.0,0.0,0.0,0.0
3,1,0.23910946,0.76089054,0.0,0.0,0.0,0.0,0.0,0.0,0.0,0.0,0.0,0.0,0.0
3,1,0.23910946,0.76089054,0.0,0.0,0.0,0.0,0.0,0.0,0.0,0.0,0.0,0.0,0.0
3,1,0.23910946,0.76089054,0.0,0.0,0.0,0.0,0.0,0.0,0.0,0.0,0.0,0.0,0.0
3,1,0.23910946,0.76089054,0.0,0.0,0.0,0.0,0.0,0.0,0.0,0.0,0.0,0.0,0.0
3,1,0.23910946,0.76089054,0.0,0.0,0.0,0.0,0.0,0.0,0.0,0.0,0.0,0.0,0.0
3,1,0.23910946,0.76089054,0.0,0.0,0.0,0.0,0.0,0.0,0.0,0.0,0.0,0.0,0.0
3,1,0.23910946,0.76089054,0.0,0.0,0.0,0.0,0.0,0.0,0.0,0.0,0.0,0.0,0.0
3,1,0.23910946,0.76089054,0.0,0.0,0.0,0.0,0.0,0.0,0.0,0.0,0.0,0.0,0.0
3,1,0.23910946,0.76089054,0.0,0.0,0.0,0.0,0.0,0.0,0.0,0.0,0.0,0.0,0.0
3,1,0.23910946,0.76089054,0.0,0.0,0.0,0.0,0.0,0.0,0.0,0.0,0.0,0.0,0.0
3,1,0.23910946,0.76089054,0.0,0.0,0.0,0.0,0.0,0.0,0.0,0.0,0.0,0.0,0.0
3,1,0.23910946,0.76089054,0.0,0.0,0.0,0.0,0.0,0.0,0.0,0.0,0.0,0.0,0.0
3,1,0.23910946,0.76089054,0.0,0.0,0.0,0.0,0.0,0.0,0.0,0.0,0.0,0.0,0.0
3,1,0.23910946,0.76089054,0.0,0.0,0.0,0.0,0.0,0.0,0.0,0.0,0.0,0.0,0.0
3,1,0.23910946,0.76089054,0.0,0.0,0.0,0.0,0.0,0.0,0.0,0.0,0.0,0.0,0.0
3,1,0.23910946,0.76089054,0.0,0.0,0.0,0.0,0.0,0.0,0.0,0.0,0.0,0.0,0.0
3,1,0.23910946,0.76089054,0.0,0.0,0.0,0.0,0.0,0.0,0.0,0.0,0.0,0.0,0.0
3,1,0.23910946,0.76089054,0.0,0.0,0.0,0.0,0.0,0.0,0.0,0.0,0.0,0.0,0.0
3,1,0.23910946,0.76089054,0.0,0.0,0.0,0.0,0.0,0.0,0.0,0.0,0.0,0.0,0.0
3,1,0.23910946,0.76089054,0.0,0.0,0.0,0.0,0.0,0.0,0.0,0.0,0.0,0.0,0.0
3,1,0.23910946,0.76089054,0.0,0.0,0.0,0.0,0.0,0.0,0.0,0.0,0.0,0.0,0.0
3,1,0.23910946,0.76089054,0.0,0.0,0.0,0.0,0.0,0.0,0.0,0.0,0.0,0.0,0.0
3,1,0.23910946,0.76089054,0.0,0.0,0.0,0.0,0.0,0.0,0.0,0.0,0.0,0.0,0.0
3,1,0.23910946,0.76089054,0.0,0.0,0.0,0.0,0.0,0.0,0.0,0.0,0.0,0.0,0.0
3,1,0.23910946,0.76089054,0.0,0.0,0.0,0.0,0.0,0.0,0.0,0.0,0.0,0.0,0.0
3,1,0.23910946,0.76089054,0.0,0.0,0.0,0.0,0.0,0.0,0.0,0.0,0.0,0.0,0.0
3,1,0.23910946,0.76089054,0.0,0.0,0.0,0.0,0.0,0.0,0.0,0.0,0.0,0.0,0.0
3,1,0.23910946,0.76089054,0.0,0.0,0.0,0.0,0.0,0.0,0.0,0.0,0.0,0.0,0.0
3,1,0.23910946,0.76089054,0.0,0.0,0.0,0.0,0.0,0.0,0.0,0.0,0.0,0.0,0.0
3,1,0.23910946,0.76089054,0.0,0.0,0.0,0.0,0.0,0.0,0.0,0.0,0.0,0.0,0.0
3,1,0.23910946,0.76089054,0.0,0.0,0.0,0.0,0.0,0.0,0.0,0.0,0.0,0.0,0.0
3,1,0.23910946,0.76089054,0.0,0.0,0.0,0.0,0.0,0.0,0.0,0.0,0.0,0.0,0.0
3,1,0.23910946,0.76089054,0.0,0.0,0.0,0.0,0.0,0.0,0.0,0.0,0.0,0.0,0.0
3,1,0.23910946,0.76089054,0.0,0.0,0.0,0.0,0.0,0.0,0.0,0.0,0.0,0.0,0.0
3,1,0.23910946,0.76089054,0.0,0.0,0.0,0.0,0.0,0.0,0.0,0.0,0.0,0.0,0.0
3,1,0.23910946,0.76089054,0.0,0.0,0.0,0.0,0.0,0.0,0.0,0.0,0.0,0.0,0.0
3,1,0.23910946,0.76089054,0.0,0.0,0.0,0.0,0.0,0.0,0.0,0.0,0.0,0.0,0.0
3,1,0.23910946,0.76089054,0.0,0.0,0.0,0.0,0.0,0.0,0.0,0.0,0.0,0.0,0.0
3,1,0.23910946,0.76089054,0.0,0.0,0.0,0.0,0.0,0.0,0.0,0.0,0.0,0.0,0.0
3,1,0.23910946,0.76089054,0.0,0.0,0.0,0.0,0.0,0.0,0.0,0.0,0.0,0.0,0.0
3,1,0.23910946,0.76089054,0.0,0.0,0.0,0.0,0.0,0.0,0.0,0.0,0.0,0.0,0.0
3,1,0.23910946,0.76089054,0.0,0.0,0.0,0.0,0.0,0.0,0.0,0.0,0.0,0.0,0.0
3,1,0.23910946,0.76089054,0.0,0.0,0.0,0.0,0.0,0.0,0.0,0.0,0.0,0.0,0.0
3,1,0.23910946,0.76089054,0.0,0.0,0.0,0.0,0.0,0.0,0.0,0.0,0.0,0.0,0.0
3,1,0.23910946,0.76089054,0.0,0.0,0.0,0.0,0.0,0.0,0.0,0.0,0.0,0.0,0.0
3,1,0.23910946,0.76089054,0.0,0.0,0.0,0.0,0.0,0.0,0.0,0.0,0.0,0.0,0.0
3,1,0.23910946,0.76089054,0.0,0.0,0.0,0.0,0.0,0.0,0.0,0.0,0.0,0.0,0.0
3,1,0.23910946,0.76089054,0.0,0.0,0.0,0.0,0.0,0.0,0.0,0.0,0.0,0.0,0.0
3,1,0.23910946,0.76089054,0.0,0.0,0.0,0.0,0.0,0.0,0.0,0.0,0.0,0.0,0.0
3,1,0.23910946,0.76089054,0.0,0.0,0.0,0.0,0.0,0.0,0.0,0.0,0.0,0.0,0.0
3,1,0.23910946,0.76089054,0.0,0.0,0.0,0.0,0.0,0.0,0.0,0.0,0.0,0.0,0.0
3,1,0.23910946,0.76089054,0.0,0.0,0.0,0.0,0.0,0.0,0.0,0.0,0.0,0.0,0.0
3,1,0.23910946,0.76089054,0.0,0.0,0.0,0.0,0.0,0.0,0.0,0.0,0.0,0.0,0.0
3,1,0.23910946,0.76089054,0.0,0.0,0.0,0.0,0.0,0.0,0.0,0.0,0.0,0.0,0.0
3,1,0.23910946,0.76089054,0.0,0.0,0.0,0.0,0.0,0.0,0.0,0.0,0.0,0.0,0.0
3,1,0.23910946,0.76089054,0.0,0.0,0.0,0.0,0.0,0.0,0.0,0.0,0.0,0.0,0.0
3,1,0.23910946,0.76089054,0.0,0.0,0.0,0.0,0.0,0.0,0.0,0.0,0.0,0.0,0.0
3,1,0.23910946,0.76089054,0.0,0.0,0.0,0.0,0.0,0.0,0.0,0.0,0.0,0.0,0.0
3,1,0.23910946,0.76089054,0.0,0.0,0.0,0.0,0.0,0.0,0.0,0.0,0.0,0.0,0.0
3,1,0.23910946,0.76089054,0.0,0.0,0.0,0.0,0.0,0.0,0.0,0.0,0.0,0.0,0.0
3,1,0.23910946,0.76089054,0.0,0.0,0.0,0.0,0.0,0.0,0.0,0.0,0.0,0.0,0.0
3,1,0.23910946,0.76089054,0.0,0.0,0.0,0.0,0.0,0.0,0.0,0.0,0.0,0.0,0.0
3,1,0.23910946,0.76089054,0.0,0.0,0.0,0.0,0.0,0.0,0.0,0.0,0.0,0.0,0.0
3,1,0.29884064,0.7011594,0.0,0.0,0.0,0.0,0.0,0.0,0.0,0.0,0.0,0.0,0.0
3,1,0.29884064,0.7011594,0.0,0.0,0.0,0.0,0.0,0.0,0.0,0.0,0.0,0.0,0.0
3,1,0.29884064,0.7011594,0.0,0.0,0.0,0.0,0.0,0.0,0.0,0.0,0.0,0.0,0.0
3,1,0.29884064,0.7011594,0.0,0.0,0.0,0.0,0.0,0.0,0.0,0.0,0.0,0.0,0.0
3,1,0.29884064,0.7011594,0.0,0.0,0.0,0.0,0.0,0.0,0.0,0.0,0.0,0.0,0.0
3,1,0.29884064,0.7011594,0.0,0.0,0.0,0.0,0.0,0.0,0.0,0.0,0.0,0.0,0.0
3,1,0.29884064,0.7011594,0.0,0.0,0.0,0.0,0.0,0.0,0.0,0.0,0.0,0.0,0.0
3,1,0.29884064,0.7011594,0.0,0.0,0.0,0.0,0.0,0.0,0.0,0.0,0.0,0.0,0.0
3,1,0.29884064,0.7011594,0.0,0.0,0.0,0.0,0.0,0.0,0.0,0.0,0.0,0.0,0.0
3,1,0.29884064,0.7011594,0.0,0.0,0.0,0.0,0.0,0.0,0.0,0.0,0.0,0.0,0.0
3,1,0.29884064,0.7011594,0.0,0.0,0.0,0.0,0.0,0.0,0.0,0.0,0.0,0.0,0.0
3,1,0.29884064,0.7011594,0.0,0.0,0.0,0.0,0.0,0.0,0.0,0.0,0.0,0.0,0.0
3,1,0.29884064,0.7011594,0.0,0.0,0.0,0.0,0.0,0.0,0.0,0.0,0.0,0.0,0.0
3,1,0.29884064,0.7011594,0.0,0.0,0.0,0.0,0.0,0.0,0.0,0.0,0.0,0.0,0.0
3,1,0.29884064,0.7011594,0.0,0.0,0.0,0.0,0.0,0.0,0.0,0.0,0.0,0.0,0.0
3,1,0.29884064,0.7011594,0.0,0.0,0.0,0.0,0.0,0.0,0.0,0.0,0.0,0.0,0.0
3,1,0.29884064,0.7011594,0.0,0.0,0.0,0.0,0.0,0.0,0.0,0.0,0.0,0.0,0.0
3,1,0.29884064,0.7011594,0.0,0.0,0.0,0.0,0.0,0.0,0.0,0.0,0.0,0.0,0.0
3,1,0.29884064,0.7011594,0.0,0.0,0.0,0.0,0.0,0.0,0.0,0.0,0.0,0.0,0.0
3,1,0.29884064,0.7011594,0.0,0.0,0.0,0.0,0.0,0.0,0.0,0.0,0.0,0.0,0.0
3,1,0.29884064,0.7011594,0.0,0.0,0.0,0.0,0.0,0.0,0.0,0.0,0.0,0.0,0.0
3,1,0.29884064,0.7011594,0.0,0.0,0.0,0.0,0.0,0.0,0.0,0.0,0.0,0.0,0.0
3,1,0.29884064,0.7011594,0.0,0.0,0.0,0.0,0.0,0.0,0.0,0.0,0.0,0.0,0.0
3,1,0.29884064,0.7011594,0.0,0.0,0.0,0.0,0.0,0.0,0.0,0.0,0.0,0.0,0.0
3,1,0.29884064,0.7011594,0.0,0.0,0.0,0.0,0.0,0.0,0.0,0.0,0.0,0.0,0.0
3,1,0.29884064,0.7011594,0.0,0.0,0.0,0.0,0.0,0.0,0.0,0.0,0.0,0.0,0.0
3,1,0.29884064,0.7011594,0.0,0.0,0.0,0.0,0.0,0.0,0.0,0.0,0.0,0.0,0.0
3,1,0.29884064,0.7011594,0.0,0.0,0.0,0.0,0.0,0.0,0.0,0.0,0.0,0.0,0.0
3,1,0.29884064,0.7011594,0.0,0.0,0.0,0.0,0.0,0.0,0.0,0.0,0.0,0.0,0.0
3,1,0.29884064,0.7011594,0.0,0.0,0.0,0.0,0.0,0.0,0.0,0.0,0.0,0.0,0.0
3,1,0.29884064,0.7011594,0.0,0.0,0.0,0.0,0.0,0.0,0.0,0.0,0.0,0.0,0.0
3,1,0.29884064,0.7011594,0.0,0.0,0.0,0.0,0.0,0.0,0.0,0.0,0.0,0.0,0.0
3,1,0.29884064,0.7011594,0.0,0.0,0.0,0.0,0.0,0.0,0.0,0.0,0.0,0.0,0.0
3,1,0.29884064,0.7011594,0.0,0.0,0.0,0.0,0.0,0.0,0.0,0.0,0.0,0.0,0.0
3,1,0.29884064,0.7011594,0.0,0.0,0.0,0.0,0.0,0.0,0.0,0.0,0.0,0.0,0.0
3,1,0.29884064,0.7011594,0.0,0.0,0.0,0.0,0.0,0.0,0.0,0.0,0.0,0.0,0.0
3,1,0.29884064,0.7011594,0.0,0.0,0.0,0.0,0.0,0.0,0.0,0.0,0.0,0.0,0.0
3,1,0.29884064,0.7011594,0.0,0.0,0.0,0.0,0.0,0.0,0.0,0.0,0.0,0.0,0.0
3,1,0.29884064,0.7011594,0.0,0.0,0.0,0.0,0.0,0.0,0.0,0.0,0.0,0.0,0.0
3,1,0.29884064,0.7011594,0.0,0.0,0.0,0.0,0.0,0.0,0.0,0.0,0.0,0.0,0.0
3,1,0.29884064,0.7011594,0.0,0.0,0.0,0.0,0.0,0.0,0.0,0.0,0.0,0.0,0.0
3,1,0.29884064,0.7011594,0.0,0.0,0.0,0.0,0.0,0.0,0.0,0.0,0.0,0.0,0.0
3,1,0.29884064,0.7011594,0.0,0.0,0.0,0.0,0.0,0.0,0.0,0.0,0.0,0.0,0.0
3,1,0.29884064,0.7011594,0.0,0.0,0.0,0.0,0.0,0.0,0.0,0.0,0.0,0.0,0.0
3,1,0.29884064,0.7011594,0.0,0.0,0.0,0.0,0.0,0.0,0.0,0.0,0.0,0.0,0.0
3,1,0.29884064,0.7011594,0.0,0.0,0.0,0.0,0.0,0.0,0.0,0.0,0.0,0.0,0.0
3,1,0.29884064,0.7011594,0.0,0.0,0.0,0.0,0.0,0.0,0.0,0.0,0.0,0.0,0.0
3,1,0.29884064,0.7011594,0.0,0.0,0.0,0.0,0.0,0.0,0.0,0.0,0.0,0.0,0.0
3,1,0.29884064,0.7011594,0.0,0.0,0.0,0.0,0.0,0.0,0.0,0.0,0.0,0.0,0.0
3,1,0.29884064,0.7011594,0.0,0.0,0.0,0.0,0.0,0.0,0.0,0.0,0.0,0.0,0.0
3,1,0.29884064,0.7011594,0.0,0.0,0.0,0.0,0.0,0.0,0.0,0.0,0.0,0.0,0.0
3,1,0.29884064,0.7011594,0.0,0.0,0.0,0.0,0.0,0.0,0.0,0.0,0.0,0.0,0.0
3,1,0.29884064,0.7011594,0.0,0.0,0.0,0.0,0.0,0.0,0.0,0.0,0.0,0.0,0.0
3,1,0.29884064,0.7011594,0.0,0.0,0.0,0.0,0.0,0.0,0.0,0.0,0.0,0.0,0.0
3,1,0.2370881,0.7629119,0.0,0.0,0.0,0.0,0.0,0.0,0.0,0.0,0.0,0.0,0.0
3,1,0.2370881,0.7629119,0.0,0.0,0.0,0.0,0.0,0.0,0.0,0.0,0.0,0.0,0.0
3,1,0.2370881,0.7629119,0.0,0.0,0.0,0.0,0.0,0.0,0.0,0.0,0.0,0.0,0.0
3,1,0.2370881,0.7629119,0.0,0.0,0.0,0.0,0.0,0.0,0.0,0.0,0.0,0.0,0.0
3,1,0.2370881,0.7629119,0.0,0.0,0.0,0.0,0.0,0.0,0.0,0.0,0.0,0.0,0.0
3,1,0.2370881,0.7629119,0.0,0.0,0.0,0.0,0.0,0.0,0.0,0.0,0.0,0.0,0.0
3,1,0.2370881,0.7629119,0.0,0.0,0.0,0.0,0.0,0.0,0.0,0.0,0.0,0.0,0.0
3,1,0.2370881,0.7629119,0.0,0.0,0.0,0.0,0.0,0.0,0.0,0.0,0.0,0.0,0.0
3,1,0.2370881,0.7629119,0.0,0.0,0.0,0.0,0.0,0.0,0.0,0.0,0.0,0.0,0.0
3,1,0.2370881,0.7629119,0.0,0.0,0.0,0.0,0.0,0.0,0.0,0.0,0.0,0.0,0.0
3,1,0.2370881,0.7629119,0.0,0.0,0.0,0.0,0.0,0.0,0.0,0.0,0.0,0.0,0.0
3,1,0.2370881,0.7629119,0.0,0.0,0.0,0.0,0.0,0.0,0.0,0.0,0.0,0.0,0.0
3,1,0.2370881,0.7629119,0.0,0.0,0.0,0.0,0.0,0.0,0.0,0.0,0.0,0.0,0.0
3,1,0.2370881,0.7629119,0.0,0.0,0.0,0.0,0.0,0.0,0.0,0.0,0.0,0.0,0.0
3,1,0.2370881,0.7629119,0.0,0.0,0.0,0.0,0.0,0.0,0.0,0.0,0.0,0.0,0.0
3,1,0.2370881,0.7629119,0.0,0.0,0.0,0.0,0.0,0.0,0.0,0.0,0.0,0.0,0.0
3,1,0.2370881,0.7629119,0.0,0.0,0.0,0.0,0.0,0.0,0.0,0.0,0.0,0.0,0.0
3,1,0.2370881,0.7629119,0.0,0.0,0.0,0.0,0.0,0.0,0.0,0.0,0.0,0.0,0.0
3,1,0.2370881,0.7629119,0.0,0.0,0.0,0.0,0.0,0.0,0.0,0.0,0.0,0.0,0.0
3,1,0.2370881,0.7629119,0.0,0.0,0.0,0.0,0.0,0.0,0.0,0.0,0.0,0.0,0.0
3,1,0.2370881,0.7629119,0.0,0.0,0.0,0.0,0.0,0.0,0.0,0.0,0.0,0.0,0.0
3,1,0.2370881,0.7629119,0.0,0.0,0.0,0.0,0.0,0.0,0.0,0.0,0.0,0.0,0.0
3,1,0.2370881,0.7629119,0.0,0.0,0.0,0.0,0.0,0.0,0.0,0.0,0.0,0.0,0.0
3,1,0.2370881,0.7629119,0.0,0.0,0.0,0.0,0.0,0.0,0.0,0.0,0.0,0.0,0.0
3,1,0.2370881,0.7629119,0.0,0.0,0.0,0.0,0.0,0.0,0.0,0.0,0.0,0.0,0.0
3,1,0.2370881,0.7629119,0.0,0.0,0.0,0.0,0.0,0.0,0.0,0.0,0.0,0.0,0.0
3,1,0.2370881,0.7629119,0.0,0.0,0.0,0.0,0.0,0.0,0.0,0.0,0.0,0.0,0.0
3,1,0.2370881,0.7629119,0.0,0.0,0.0,0.0,0.0,0.0,0.0,0.0,0.0,0.0,0.0
3,1,0.2370881,0.7629119,0.0,0.0,0.0,0.0,0.0,0.0,0.0,0.0,0.0,0.0,0.0
3,1,0.2370881,0.7629119,0.0,0.0,0.0,0.0,0.0,0.0,0.0,0.0,0.0,0.0,0.0
3,1,0.2370881,0.7629119,0.0,0.0,0.0,0.0,0.0,0.0,0.0,0.0,0.0,0.0,0.0
3,1,0.2370881,0.7629119,0.0,0.0,0.0,0.0,0.0,0.0,0.0,0.0,0.0,0.0,0.0
3,1,0.2370881,0.7629119,0.0,0.0,0.0,0.0,0.0,0.0,0.0,0.0,0.0,0.0,0.0
3,1,0.2370881,0.7629119,0.0,0.0,0.0,0.0,0.0,0.0,0.0,0.0,0.0,0.0,0.0
3,1,0.2370881,0.7629119,0.0,0.0,0.0,0.0,0.0,0.0,0.0,0.0,0.0,0.0,0.0
3,1,0.2370881,0.7629119,0.0,0.0,0.0,0.0,0.0,0.0,0.0,0.0,0.0,0.0,0.0
3,1,0.2370881,0.7629119,0.0,0.0,0.0,0.0,0.0,0.0,0.0,0.0,0.0,0.0,0.0
3,1,0.2370881,0.7629119,0.0,0.0,0.0,0.0,0.0,0.0,0.0,0.0,0.0,0.0,0.0
3,1,0.2370881,0.7629119,0.0,0.0,0.0,0.0,0.0,0.0,0.0,0.0,0.0,0.0,0.0
3,1,0.2370881,0.7629119,0.0,0.0,0.0,0.0,0.0,0.0,0.0,0.0,0.0,0.0,0.0
3,1,0.17735697,0.7629119,0.059731144,0.0,0.0,0.0,0.0,0.0,0.0,0.0,0.0,0.0,0.0
3,1,0.17735697,0.7629119,0.059731144,0.0,0.0,0.0,0.0,0.0,0.0,0.0,0.0,0.0,0.0
3,1,0.17735697,0.7629119,0.059731144,0.0,0.0,0.0,0.0,0.0,0.0,0.0,0.0,0.0,0.0
3,1,0.17735697,0.7629119,0.059731144,0.0,0.0,0.0,0.0,0.0,0.0,0.0,0.0,0.0,0.0
3,1,0.17735697,0.7629119,0.059731144,0.0,0.0,0.0,0.0,0.0,0.0,0.0,0.0,0.0,0.0
3,1,0.17735697,0.7629119,0.059731144,0.0,0.0,0.0,0.0,0.0,0.0,0.0,0.0,0.0,0.0
3,1,0.17735697,0.7629119,0.059731144,0.0,0.0,0.0,0.0,0.0,0.0,0.0,0.0,0.0,0.0
3,1,0.17735697,0.7629119,0.059731144,0.0,0.0,0.0,0.0,0.0,0.0,0.0,0.0,0.0,0.0
3,1,0.17735697,0.7629119,0.059731144,0.0,0.0,0.0,0.0,0.0,0.0,0.0,0.0,0.0,0.0
3,1,0.17735697,0.7629119,0.059731144,0.0,0.0,0.0,0.0,0.0,0.0,0.0,0.0,0.0,0.0
3,1,0.17735697,0.7629119,0.059731144,0.0,0.0,0.0,0.0,0.0,0.0,0.0,0.0,0.0,0.0
3,1,0.17735697,0.7629119,0.059731144,0.0,0.0,0.0,0.0,0.0,0.0,0.0,0.0,0.0,0.0
3,1,0.17735697,0.7629119,0.059731144,0.0,0.0,0.0,0.0,0.0,0.0,0.0,0.0,0.0,0.0
3,1,0.17735697,0.7629119,0.059731144,0.0,0.0,0.0,0.0,0.0,0.0,0.0,0.0,0.0,0.0
3,1,0.17735697,0.7629119,0.059731144,0.0,0.0,0.0,0.0,0.0,0.0,0.0,0.0,0.0,0.0
3,1,0.17735697,0.7629119,0.059731144,0.0,0.0,0.0,0.0,0.0,0.0,0.0,0.0,0.0,0.0
3,1,0.17735697,0.7629119,0.059731144,0.0,0.0,0.0,0.0,0.0,0.0,0.0,0.0,0.0,0.0
3,1,0.17735697,0.7629119,0.059731144,0.0,0.0,0.0,0.0,0.0,0.0,0.0,0.0,0.0,0.0
3,1,0.17735697,0.7629119,0.059731144,0.0,0.0,0.0,0.0,0.0,0.0,0.0,0.0,0.0,0.0
3,1,0.17735697,0.7629119,0.059731144,0.0,0.0,0.0,0.0,0.0,0.0,0.0,0.0,0.0,0.0
3,1,0.17735697,0.7629119,0.059731144,0.0,0.0,0.0,0.0,0.0,0.0,0.0,0.0,0.0,0.0
3,1,0.17735697,0.7629119,0.059731144,0.0,0.0,0.0,0.0,0.0,0.0,0.0,0.0,0.0,0.0
3,1,0.17735697,0.7629119,0.059731144,0.0,0.0,0.0,0.0,0.0,0.0,0.0,0.0,0.0,0.0
3,1,0.17735697,0.7629119,0.059731144,0.0,0.0,0.0,0.0,0.0,0.0,0.0,0.0,0.0,0.0
3,1,0.17735697,0.7629119,0.059731144,0.0,0.0,0.0,0.0,0.0,0.0,0.0,0.0,0.0,0.0
3,1,0.17735697,0.7629119,0.059731144,0.0,0.0,0.0,0.0,0.0,0.0,0.0,0.0,0.0,0.0
3,1,0.17735697,0.7629119,0.059731144,0.0,0.0,0.0,0.0,0.0,0.0,0.0,0.0,0.0,0.0
3,1,0.17735697,0.7629119,0.059731144,0.0,0.0,0.0,0.0,0.0,0.0,0.0,0.0,0.0,0.0
3,1,0.17735697,0.7629119,0.059731144,0.0,0.0,0.0,0.0,0.0,0.0,0.0,0.0,0.0,0.0
3,1,0.17735697,0.7629119,0.059731144,0.0,0.0,0.0,0.0,0.0,0.0,0.0,0.0,0.0,0.0
3,1,0.17735697,0.7629119,0.059731144,0.0,0.0,0.0,0.0,0.0,0.0,0.0,0.0,0.0,0.0
3,1,0.17735697,0.7629119,0.059731144,0.0,0.0,0.0,0.0,0.0,0.0,0.0,0.0,0.0,0.0
3,1,0.12092737,0.8193415,0.059731144,0.0,0.0,0.0,0.0,0.0,0.0,0.0,0.0,0.0,0.0
3,1,0.12092737,0.8193415,0.059731144,0.0,0.0,0.0,0.0,0.0,0.0,0.0,0.0,0.0,0.0
3,1,0.12092737,0.8193415,0.059731144,0.0,0.0,0.0,0.0,0.0,0.0,0.0,0.0,0.0,0.0
3,1,0.12092737,0.8193415,0.059731144,0.0,0.0,0.0,0.0,0.0,0.0,0.0,0.0,0.0,0.0
3,1,0.12092737,0.8193415,0.059731144,0.0,0.0,0.0,0.0,0.0,0.0,0.0,0.0,0.0,0.0
3,1,0.12092737,0.8193415,0.059731144,0.0,0.0,0.0,0.0,0.0,0.0,0.0,0.0,0.0,0.0
3,1,0.12092737,0.8193415,0.059731144,0.0,0.0,0.0,0.0,0.0,0.0,0.0,0.0,0.0,0.0
3,1,0.12092737,0.8193415,0.059731144,0.0,0.0,0.0,0.0,0.0,0.0,0.0,0.0,0.0,0.0
3,1,0.12092737,0.8193415,0.059731144,0.0,0.0,0.0,0.0,0.0,0.0,0.0,0.0,0.0,0.0
3,1,0.12092737,0.8193415,0.059731144,0.0,0.0,0.0,0.0,0.0,0.0,0.0,0.0,0.0,0.0
3,1,0.12092737,0.8193415,0.059731144,0.0,0.0,0.0,0.0,0.0,0.0,0.0,0.0,0.0,0.0
3,1,0.12092737,0.8193415,0.059731144,0.0,0.0,0.0,0.0,0.0,0.0,0.0,0.0,0.0,0.0
3,1,0.12092737,0.8193415,0.059731144,0.0,0.0,0.0,0.0,0.0,0.0,0.0,0.0,0.0,0.0
3,1,0.12092737,0.8193415,0.059731144,0.0,0.0,0.0,0.0,0.0,0.0,0.0,0.0,0.0,0.0
3,1,0.12092737,0.8193415,0.059731144,0.0,0.0,0.0,0.0,0.0,0.0,0.0,0.0,0.0,0.0
3,1,0.12092737,0.8193415,0.059731144,0.0,0.0,0.0,0.0,0.0,0.0,0.0,0.0,0.0,0.0
3,1,0.12092737,0.8193415,0.059731144,0.0,0.0,0.0,0.0,0.0,0.0,0.0,0.0,0.0,0.0
3,1,0.12092737,0.8193415,0.059731144,0.0,0.0,0.0,0.0,0.0,0.0,0.0,0.0,0.0,0.0
3,1,0.12092737,0.8193415,0.059731144,0.0,0.0,0.0,0.0,0.0,0.0,0.0,0.0,0.0,0.0
3,1,0.12092737,0.8193415,0.059731144,0.0,0.0,0.0,0.0,0.0,0.0,0.0,0.0,0.0,0.0
3,1,0.12092737,0.8193415,0.059731144,0.0,0.0,0.0,0.0,0.0,0.0,0.0,0.0,0.0,0.0
3,1,0.12092737,0.8193415,0.059731144,0.0,0.0,0.0,0.0,0.0,0.0,0.0,0.0,0.0,0.0
3,1,0.12092737,0.8193415,0.059731144,0.0,0.0,0.0,0.0,0.0,0.0,0.0,0.0,0.0,0.0
3,1,0.12092737,0.8193415,0.059731144,0.0,0.0,0.0,0.0,0.0,0.0,0.0,0.0,0.0,0.0
3,1,0.12092737,0.8193415,0.059731144,0.0,0.0,0.0,0.0,0.0,0.0,0.0,0.0,0.0,0.0
3,1,0.12092737,0.8193415,0.059731144,0.0,0.0,0.0,0.0,0.0,0.0,0.0,0.0,0.0,0.0
3,1,0.12092737,0.8193415,0.059731144,0.0,0.0,0.0,0.0,0.0,0.0,0.0,0.0,0.0,0.0
3,1,0.12092737,0.8193415,0.059731144,0.0,0.0,0.0,0.0,0.0,0.0,0.0,0.0,0.0,0.0
3,1,0.12092737,0.8193415,0.059731144,0.0,0.0,0.0,0.0,0.0,0.0,0.0,0.0,0.0,0.0
3,1,0.12092737,0.8193415,0.059731144,0.0,0.0,0.0,0.0,0.0,0.0,0.0,0.0,0.0,0.0
3,1,0.12092737,0.8193415,0.059731144,0.0,0.0,0.0,0.0,0.0,0.0,0.0,0.0,0.0,0.0
3,1,0.12092737,0.8193415,0.059731144,0.0,0.0,0.0,0.0,0.0,0.0,0.0,0.0,0.0,0.0
3,1,0.12092737,0.8193415,0.059731144,0.0,0.0,0.0,0.0,0.0,0.0,0.0,0.0,0.0,0.0
3,1,0.12092737,0.8193415,0.059731144,0.0,0.0,0.0,0.0,0.0,0.0,0.0,0.0,0.0,0.0
3,1,0.12092737,0.8193415,0.059731144,0.0,0.0,0.0,0.0,0.0,0.0,0.0,0.0,0.0,0.0
3,1,0.12092737,0.8193415,0.059731144,0.0,0.0,0.0,0.0,0.0,0.0,0.0,0.0,0.0,0.0
3,1,0.12092737,0.8193415,0.059731144,0.0,0.0,0.0,0.0,0.0,0.0,0.0,0.0,0.0,0.0
3,1,0.12092737,0.8193415,0.059731144,0.0,0.0,0.0,0.0,0.0,0.0,0.0,0.0,0.0,0.0
3,1,0.12092737,0.8193415,0.059731144,0.0,0.0,0.0,0.0,0.0,0.0,0.0,0.0,0.0,0.0
3,1,0.12092737,0.8193415,0.059731144,0.0,0.0,0.0,0.0,0.0,0.0,0.0,0.0,0.0,0.0
3,1,0.12092737,0.8193415,0.059731144,0.0,0.0,0.0,0.0,0.0,0.0,0.0,0.0,0.0,0.0
3,1,0.12092737,0.8193415,0.059731144,0.0,0.0,0.0,0.0,0.0,0.0,0.0,0.0,0.0,0.0
3,1,0.12092737,0.8193415,0.059731144,0.0,0.0,0.0,0.0,0.0,0.0,0.0,0.0,0.0,0.0
3,1,0.12092737,0.8193415,0.059731144,0.0,0.0,0.0,0.0,0.0,0.0,0.0,0.0,0.0,0.0
3,1,0.12092737,0.8193415,0.059731144,0.0,0.0,0.0,0.0,0.0,0.0,0.0,0.0,0.0,0.0
3,1,0.12092737,0.8193415,0.059731144,0.0,0.0,0.0,0.0,0.0,0.0,0.0,0.0,0.0,0.0
3,1,0.12092737,0.8193415,0.059731144,0.0,0.0,0.0,0.0,0.0,0.0,0.0,0.0,0.0,0.0
3,1,0.12092737,0.8193415,0.059731144,0.0,0.0,0.0,0.0,0.0,0.0,0.0,0.0,0.0,0.0
3,1,0.12092737,0.8193415,0.059731144,0.0,0.0,0.0,0.0,0.0,0.0,0.0,0.0,0.0,0.0
3,1,0.12092737,0.8193415,0.059731144,0.0,0.0,0.0,0.0,0.0,0.0,0.0,0.0,0.0,0.0
3,1,0.12092737,0.8193415,0.059731144,0.0,0.0,0.0,0.0,0.0,0.0,0.0,0.0,0.0,0.0
3,1,0.12092737,0.8193415,0.059731144,0.0,0.0,0.0,0.0,0.0,0.0,0.0,0.0,0.0,0.0
3,1,0.12092737,0.8193415,0.059731144,0.0,0.0,0.0,0.0,0.0,0.0,0.0,0.0,0.0,0.0
3,1,0.12092737,0.8193415,0.059731144,0.0,0.0,0.0,0.0,0.0,0.0,0.0,0.0,0.0,0.0
3,1,0.12092737,0.8193415,0.059731144,0.0,0.0,0.0,0.0,0.0,0.0,0.0,0.0,0.0,0.0
3,1,0.12092737,0.8193415,0.059731144,0.0,0.0,0.0,0.0,0.0,0.0,0.0,0.0,0.0,0.0
3,1,0.12092737,0.8193415,0.059731144,0.0,0.0,0.0,0.0,0.0,0.0,0.0,0.0,0.0,0.0
3,1,0.12092737,0.8193415,0.059731144,0.0,0.0,0.0,0.0,0.0,0.0,0.0,0.0,0.0,0.0
3,1,0.12092737,0.8193415,0.059731144,0.0,0.0,0.0,0.0,0.0,0.0,0.0,0.0,0.0,0.0
3,1,0.12092737,0.8193415,0.059731144,0.0,0.0,0.0,0.0,0.0,0.0,0.0,0.0,0.0,0.0
3,1,0.12092737,0.8193415,0.059731144,0.0,0.0,0.0,0.0,0.0,0.0,0.0,0.0,0.0,0.0
3,1,0.12092737,0.8193415,0.059731144,0.0,0.0,0.0,0.0,0.0,0.0,0.0,0.0,0.0,0.0
3,1,0.12092737,0.8193415,0.059731144,0.0,0.0,0.0,0.0,0.0,0.0,0.0,0.0,0.0,0.0
3,1,0.12092737,0.8193415,0.059731144,0.0,0.0,0.0,0.0,0.0,0.0,0.0,0.0,0.0,0.0
3,1,0.12092737,0.8193415,0.059731144,0.0,0.0,0.0,0.0,0.0,0.0,0.0,0.0,0.0,0.0
3,1,0.12092737,0.8193415,0.059731144,0.0,0.0,0.0,0.0,0.0,0.0,0.0,0.0,0.0,0.0
3,1,0.12092737,0.8193415,0.059731144,0.0,0.0,0.0,0.0,0.0,0.0,0.0,0.0,0.0,0.0
3,1,0.12092737,0.8193415,0.059731144,0.0,0.0,0.0,0.0,0.0,0.0,0.0,0.0,0.0,0.0
3,1,0.12092737,0.8193415,0.059731144,0.0,0.0,0.0,0.0,0.0,0.0,0.0,0.0,0.0,0.0
3,1,0.12092737,0.8193415,0.059731144,0.0,0.0,0.0,0.0,0.0,0.0,0.0,0.0,0.0,0.0
3,1,0.12092737,0.8193415,0.059731144,0.0,0.0,0.0,0.0,0.0,0.0,0.0,0.0,0.0,0.0
3,1,0.12092737,0.8193415,0.059731144,0.0,0.0,0.0,0.0,0.0,0.0,0.0,0.0,0.0,0.0
3,1,0.12092737,0.8193415,0.059731144,0.0,0.0,0.0,0.0,0.0,0.0,0.0,0.0,0.0,0.0
3,1,0.12092737,0.8193415,0.059731144,0.0,0.0,0.0,0.0,0.0,0.0,0.0,0.0,0.0,0.0
3,1,0.12092737,0.8193415,0.059731144,0.0,0.0,0.0,0.0,0.0,0.0,0.0,0.0,0.0,0.0
3,1,0.12092737,0.8193415,0.059731144,0.0,0.0,0.0,0.0,0.0,0.0,0.0,0.0,0.0,0.0
3,1,0.12092737,0.8193415,0.059731144,0.0,0.0,0.0,0.0,0.0,0.0,0.0,0.0,0.0,0.0
3,1,0.18918435,0.7510845,0.059731144,0.0,0.0,0.0,0.0,0.0,0.0,0.0,0.0,0.0,0.0
3,1,0.18918435,0.7510845,0.059731144,0.0,0.0,0.0,0.0,0.0,0.0,0.0,0.0,0.0,0.0
3,1,0.18918435,0.7510845,0.059731144,0.0,0.0,0.0,0.0,0.0,0.0,0.0,0.0,0.0,0.0
3,1,0.18918435,0.7510845,0.059731144,0.0,0.0,0.0,0.0,0.0,0.0,0.0,0.0,0.0,0.0
3,1,0.18918435,0.7510845,0.059731144,0.0,0.0,0.0,0.0,0.0,0.0,0.0,0.0,0.0,0.0
3,1,0.18918435,0.7510845,0.059731144,0.0,0.0,0.0,0.0,0.0,0.0,0.0,0.0,0.0,0.0
3,1,0.18918435,0.7510845,0.059731144,0.0,0.0,0.0,0.0,0.0,0.0,0.0,0.0,0.0,0.0
3,1,0.18918435,0.7510845,0.059731144,0.0,0.0,0.0,0.0,0.0,0.0,0.0,0.0,0.0,0.0
3,1,0.18918435,0.7510845,0.059731144,0.0,0.0,0.0,0.0,0.0,0.0,0.0,0.0,0.0,0.0
3,1,0.18918435,0.7510845,0.059731144,0.0,0.0,0.0,0.0,0.0,0.0,0.0,0.0,0.0,0.0
3,1,0.18918435,0.7510845,0.059731144,0.0,0.0,0.0,0.0,0.0,0.0,0.0,0.0,0.0,0.0
3,1,0.18918435,0.7510845,0.059731144,0.0,0.0,0.0,0.0,0.0,0.0,0.0,0.0,0.0,0.0
3,1,0.18918435,0.7510845,0.059731144,0.0,0.0,0.0,0.0,0.0,0.0,0.0,0.0,0.0,0.0
3,1,0.18918435,0.7510845,0.059731144,0.0,0.0,0.0,0.0,0.0,0.0,0.0,0.0,0.0,0.0
3,1,0.18918435,0.7510845,0.059731144,0.0,0.0,0.0,0.0,0.0,0.0,0.0,0.0,0.0,0.0
3,1,0.18918435,0.7510845,0.059731144,0.0,0.0,0.0,0.0,0.0,0.0,0.0,0.0,0.0,0.0
3,1,0.18918435,0.7510845,0.059731144,0.0,0.0,0.0,0.0,0.0,0.0,0.0,0.0,0.0,0.0
3,1,0.18918435,0.7510845,0.059731144,0.0,0.0,0.0,0.0,0.0,0.0,0.0,0.0,0.0,0.0
3,1,0.18918435,0.7510845,0.059731144,0.0,0.0,0.0,0.0,0.0,0.0,0.0,0.0,0.0,0.0
3,1,0.18918435,0.7510845,0.059731144,0.0,0.0,0.0,0.0,0.0,0.0,0.0,0.0,0.0,0.0
3,1,0.18918435,0.7510845,0.059731144,0.0,0.0,0.0,0.0,0.0,0.0,0.0,0.0,0.0,0.0
3,1,0.18918435,0.7510845,0.059731144,0.0,0.0,0.0,0.0,0.0,0.0,0.0,0.0,0.0,0.0
3,1,0.18918435,0.7510845,0.059731144,0.0,0.0,0.0,0.0,0.0,0.0,0.0,0.0,0.0,0.0
3,1,0.18918435,0.7510845,0.059731144,0.0,0.0,0.0,0.0,0.0,0.0,0.0,0.0,0.0,0.0
3,1,0.18918435,0.7510845,0.059731144,0.0,0.0,0.0,0.0,0.0,0.0,0.0,0.0,0.0,0.0
3,1,0.18918435,0.7510845,0.059731144,0.0,0.0,0.0,0.0,0.0,0.0,0.0,0.0,0.0,0.0
3,1,0.18918435,0.7510845,0.059731144,0.0,0.0,0.0,0.0,0.0,0.0,0.0,0.0,0.0,0.0
3,1,0.18918435,0.7510845,0.059731144,0.0,0.0,0.0,0.0,0.0,0.0,0.0,0.0,0.0,0.0
3,1,0.18918435,0.7510845,0.059731144,0.0,0.0,0.0,0.0,0.0,0.0,0.0,0.0,0.0,0.0
3,1,0.18918435,0.7510845,0.059731144,0.0,0.0,0.0,0.0,0.0,0.0,0.0,0.0,0.0,0.0
3,1,0.18918435,0.7510845,0.059731144,0.0,0.0,0.0,0.0,0.0,0.0,0.0,0.0,0.0,0.0
3,1,0.18918435,0.7510845,0.059731144,0.0,0.0,0.0,0.0,0.0,0.0,0.0,0.0,0.0,0.0
3,1,0.18918435,0.7510845,0.059731144,0.0,0.0,0.0,0.0,0.0,0.0,0.0,0.0,0.0,0.0
3,1,0.18918435,0.7510845,0.059731144,0.0,0.0,0.0,0.0,0.0,0.0,0.0,0.0,0.0,0.0
3,1,0.18918435,0.7510845,0.059731144,0.0,0.0,0.0,0.0,0.0,0.0,0.0,0.0,0.0,0.0
3,1,0.18918435,0.7510845,0.059731144,0.0,0.0,0.0,0.0,0.0,0.0,0.0,0.0,0.0,0.0
3,1,0.18918435,0.7510845,0.059731144,0.0,0.0,0.0,0.0,0.0,0.0,0.0,0.0,0.0,0.0
3,1,0.18918435,0.7510845,0.059731144,0.0,0.0,0.0,0.0,0.0,0.0,0.0,0.0,0.0,0.0
3,1,0.18918435,0.7510845,0.059731144,0.0,0.0,0.0,0.0,0.0,0.0,0.0,0.0,0.0,0.0
3,1,0.18918435,0.7510845,0.059731144,0.0,0.0,0.0,0.0,0.0,0.0,0.0,0.0,0.0,0.0
3,1,0.18918435,0.7510845,0.059731144,0.0,0.0,0.0,0.0,0.0,0.0,0.0,0.0,0.0,0.0
3,1,0.18918435,0.7510845,0.059731144,0.0,0.0,0.0,0.0,0.0,0.0,0.0,0.0,0.0,0.0
3,1,0.18918435,0.7510845,0.059731144,0.0,0.0,0.0,0.0,0.0,0.0,0.0,0.0,0.0,0.0
3,1,0.18918435,0.7510845,0.059731144,0.0,0.0,0.0,0.0,0.0,0.0,0.0,0.0,0.0,0.0
3,1,0.18918435,0.7510845,0.059731144,0.0,0.0,0.0,0.0,0.0,0.0,0.0,0.0,0.0,0.0
3,1,0.18918435,0.7510845,0.059731144,0.0,0.0,0.0,0.0,0.0,0.0,0.0,0.0,0.0,0.0
3,1,0.18918435,0.7510845,0.059731144,0.0,0.0,0.0,0.0,0.0,0.0,0.0,0.0,0.0,0.0
3,1,0.18918435,0.7510845,0.059731144,0.0,0.0,0.0,0.0,0.0,0.0,0.0,0.0,0.0,0.0
3,1,0.18918435,0.7510845,0.059731144,0.0,0.0,0.0,0.0,0.0,0.0,0.0,0.0,0.0,0.0
3,1,0.18918435,0.7510845,0.059731144,0.0,0.0,0.0,0.0,0.0,0.0,0.0,0.0,0.0,0.0
3,1,0.18918435,0.7510845,0.059731144,0.0,0.0,0.0,0.0,0.0,0.0,0.0,0.0,0.0,0.0
3,1,0.18918435,0.7510845,0.059731144,0.0,0.0,0.0,0.0,0.0,0.0,0.0,0.0,0.0,0.0
3,1,0.18918435,0.7510845,0.059731144,0.0,0.0,0.0,0.0,0.0,0.0,0.0,0.0,0.0,0.0
3,1,0.18918435,0.7510845,0.059731144,0.0,0.0,0.0,0.0,0.0,0.0,0.0,0.0,0.0,0.0
3,1,0.18918435,0.7510845,0.059731144,0.0,0.0,0.0,0.0,0.0,0.0,0.0,0.0,0.0,0.0
3,1,0.18918435,0.7510845,0.059731144,0.0,0.0,0.0,0.0,0.0,0.0,0.0,0.0,0.0,0.0
3,1,0.18918435,0.6898201,0.059731144,0.061264377,0.0,0.0,0.0,0.0,0.0,0.0,0.0,0.0,0.0
3,1,0.18918435,0.6898201,0.059731144,0.061264377,0.0,0.0,0.0,0.0,0.0,0.0,0.0,0.0,0.0
3,1,0.18918435,0.6898201,0.059731144,0.061264377,0.0,0.0,0.0,0.0,0.0,0.0,0.0,0.0,0.0
3,1,0.18918435,0.6898201,0.059731144,0.061264377,0.0,0.0,0.0,0.0,0.0,0.0,0.0,0.0,0.0
3,1,0.18918435,0.6898201,0.059731144,0.061264377,0.0,0.0,0.0,0.0,0.0,0.0,0.0,0.0,0.0
3,1,0.18918435,0.6898201,0.059731144,0.061264377,0.0,0.0,0.0,0.0,0.0,0.0,0.0,0.0,0.0
3,1,0.18918435,0.6898201,0.059731144,0.061264377,0.0,0.0,0.0,0.0,0.0,0.0,0.0,0.0,0.0
3,1,0.18918435,0.6898201,0.059731144,0.061264377,0.0,0.0,0.0,0.0,0.0,0.0,0.0,0.0,0.0
3,1,0.18918435,0.6898201,0.059731144,0.061264377,0.0,0.0,0.0,0.0,0.0,0.0,0.0,0.0,0.0
3,1,0.18918435,0.6898201,0.059731144,0.061264377,0.0,0.0,0.0,0.0,0.0,0.0,0.0,0.0,0.0
3,1,0.18918435,0.6898201,0.059731144,0.061264377,0.0,0.0,0.0,0.0,0.0,0.0,0.0,0.0,0.0
3,1,0.18918435,0.6898201,0.059731144,0.061264377,0.0,0.0,0.0,0.0,0.0,0.0,0.0,0.0,0.0
3,1,0.18918435,0.6898201,0.059731144,0.061264377,0.0,0.0,0.0,0.0,0.0,0.0,0.0,0.0,0.0
3,1,0.18918435,0.62777364,0.059731144,0.061264377,0.0,0.06204651,0.0,0.0,0.0,0.0,0.0,0.0,0.0
3,1,0.18918435,0.62777364,0.059731144,0.061264377,0.0,0.06204651,0.0,0.0,0.0,0.0,0.0,0.0,0.0
3,1,0.18918435,0.62777364,0.059731144,0.061264377,0.0,0.06204651,0.0,0.0,0.0,0.0,0.0,0.0,0.0
3,1,0.18918435,0.62777364,0.059731144,0.061264377,0.0,0.06204651,0.0,0.0,0.0,0.0,0.0,0.0,0.0
3,1,0.18918435,0.62777364,0.059731144,0.061264377,0.0,0.06204651,0.0,0.0,0.0,0.0,0.0,0.0,0.0
3,1,0.18918435,0.62777364,0.059731144,0.061264377,0.0,0.06204651,0.0,0.0,0.0,0.0,0.0,0.0,0.0
3,1,0.18918435,0.62777364,0.059731144,0.061264377,0.0,0.06204651,0.0,0.0,0.0,0.0,0.0,0.0,0.0
3,1,0.18918435,0.62777364,0.059731144,0.061264377,0.0,0.06204651,0.0,0.0,0.0,0.0,0.0,0.0,0.0
3,1,0.18918435,0.62777364,0.059731144,0.061264377,0.0,0.06204651,0.0,0.0,0.0,0.0,0.0,0.0,0.0
3,1,0.18918435,0.62777364,0.059731144,0.061264377,0.0,0.06204651,0.0,0.0,0.0,0.0,0.0,0.0,0.0
3,1,0.18918435,0.62777364,0.059731144,0.061264377,0.0,0.06204651,0.0,0.0,0.0,0.0,0.0,0.0,0.0
3,1,0.18918435,0.62777364,0.059731144,0.061264377,0.0,0.06204651,0.0,0.0,0.0,0.0,0.0,0.0,0.0
3,1,0.18918435,0.62777364,0.059731144,0.061264377,0.0,0.06204651,0.0,0.0,0.0,0.0,0.0,0.0,0.0
3,1,0.18918435,0.62777364,0.059731144,0.061264377,0.0,0.06204651,0.0,0.0,0.0,0.0,0.0,0.0,0.0
3,1,0.18918435,0.571344,0.059731144,0.061264377,0.0,0.06204651,0.056429595,0.0,0.0,0.0,0.0,0.0,0.0
3,1,0.18918435,0.571344,0.059731144,0.061264377,0.0,0.06204651,0.056429595,0.0,0.0,0.0,0.0,0.0,0.0
3,1,0.18918435,0.571344,0.059731144,0.061264377,0.0,0.06204651,0.056429595,0.0,0.0,0.0,0.0,0.0,0.0
3,1,0.18918435,0.571344,0.059731144,0.061264377,0.0,0.06204651,0.056429595,0.0,0.0,0.0,0.0,0.0,0.0
3,1,0.18918435,0.571344,0.059731144,0.061264377,0.0,0.06204651,0.056429595,0.0,0.0,0.0,0.0,0.0,0.0
3,1,0.18918435,0.571344,0.059731144,0.061264377,0.0,0.06204651,0.056429595,0.0,0.0,0.0,0.0,0.0,0.0
3,1,0.18918435,0.571344,0.059731144,0.061264377,0.0,0.06204651,0.056429595,0.0,0.0,0.0,0.0,0.0,0.0
3,1,0.18918435,0.571344,0.059731144,0.061264377,0.0,0.06204651,0.056429595,0.0,0.0,0.0,0.0,0.0,0.0
3,1,0.2489155,0.571344,0.0,0.061264377,0.0,0.06204651,0.056429595,0.0,0.0,0.0,0.0,0.0,0.0
3,1,0.2489155,0.571344,0.0,0.061264377,0.0,0.06204651,0.056429595,0.0,0.0,0.0,0.0,0.0,0.0
3,1,0.2489155,0.571344,0.0,0.061264377,0.0,0.06204651,0.056429595,0.0,0.0,0.0,0.0,0.0,0.0
3,1,0.2489155,0.571344,0.0,0.061264377,0.0,0.06204651,0.056429595,0.0,0.0,0.0,0.0,0.0,0.0
3,1,0.2489155,0.571344,0.0,0.123310894,0.0,0.0,0.056429595,0.0,0.0,0.0,0.0,0.0,0.0
3,1,0.2489155,0.571344,0.0,0.123310894,0.0,0.0,0.056429595,0.0,0.0,0.0,0.0,0.0,0.0
3,1,0.2489155,0.571344,0.0,0.123310894,0.0,0.0,0.056429595,0.0,0.0,0.0,0.0,0.0,0.0
3,1,0.2489155,0.571344,0.0,0.123310894,0.0,0.0,0.056429595,0.0,0.0,0.0,0.0,0.0,0.0
3,1,0.2489155,0.571344,0.0,0.123310894,0.0,0.0,0.056429595,0.0,0.0,0.0,0.0,0.0,0.0
3,1,0.2489155,0.571344,0.0,0.123310894,0.0,0.0,0.056429595,0.0,0.0,0.0,0.0,0.0,0.0
3,1,0.2489155,0.571344,0.0,0.123310894,0.0,0.0,0.056429595,0.0,0.0,0.0,0.0,0.0,0.0
3,1,0.2489155,0.571344,0.0,0.123310894,0.0,0.0,0.056429595,0.0,0.0,0.0,0.0,0.0,0.0
3,1,0.2489155,0.571344,0.0,0.123310894,0.0,0.0,0.056429595,0.0,0.0,0.0,0.0,0.0,0.0
3,1,0.2489155,0.571344,0.0,0.123310894,0.0,0.0,0.056429595,0.0,0.0,0.0,0.0,0.0,0.0
3,1,0.2489155,0.571344,0.0,0.123310894,0.0,0.0,0.056429595,0.0,0.0,0.0,0.0,0.0,0.0
3,1,0.2489155,0.571344,0.0,0.123310894,0.0,0.0,0.056429595,0.0,0.0,0.0,0.0,0.0,0.0
3,1,0.2489155,0.571344,0.0,0.123310894,0.0,0.0,0.056429595,0.0,0.0,0.0,0.0,0.0,0.0
3,1,0.2489155,0.571344,0.0,0.123310894,0.0,0.0,0.056429595,0.0,0.0,0.0,0.0,0.0,0.0
3,1,0.2489155,0.571344,0.0,0.123310894,0.0,0.0,0.056429595,0.0,0.0,0.0,0.0,0.0,0.0
3,1,0.2489155,0.571344,0.0,0.123310894,0.0,0.0,0.056429595,0.0,0.0,0.0,0.0,0.0,0.0
3,1,0.2489155,0.571344,0.0,0.123310894,0.0,0.0,0.056429595,0.0,0.0,0.0,0.0,0.0,0.0
3,1,0.2489155,0.571344,0.0,0.123310894,0.0,0.0,0.056429595,0.0,0.0,0.0,0.0,0.0,0.0
3,1,0.2489155,0.51454705,0.0,0.18010789,0.0,0.0,0.056429595,0.0,0.0,0.0,0.0,0.0,0.0
3,1,0.2489155,0.51454705,0.0,0.18010789,0.0,0.0,0.056429595,0.0,0.0,0.0,0.0,0.0,0.0
3,1,0.18599576,0.52056545,0.0,0.18010788,0.0,0.0,0.113330886,0.0,0.0,0.0,0.0,0.0,0.0
3,1,0.18599576,0.52056545,0.0,0.18010788,0.0,0.0,0.113330886,0.0,0.0,0.0,0.0,0.0,0.0
3,1,0.18599576,0.52056545,0.0,0.18010788,0.0,0.0,0.113330886,0.0,0.0,0.0,0.0,0.0,0.0
3,1,0.18599576,0.52056545,0.0,0.18010788,0.0,0.0,0.113330886,0.0,0.0,0.0,0.0,0.0,0.0
3,1,0.18599576,0.52056545,0.0,0.18010788,0.0,0.0,0.113330886,0.0,0.0,0.0,0.0,0.0,0.0
3,1,0.18599576,0.52056545,0.0,0.18010788,0.0,0.0,0.113330886,0.0,0.0,0.0,0.0,0.0,0.0
3,1,0.18599576,0.52056545,0.0,0.18010788,0.0,0.0,0.113330886,0.0,0.0,0.0,0.0,0.0,0.0
3,1,0.18599576,0.52056545,0.0,0.18010788,0.0,0.0,0.113330886,0.0,0.0,0.0,0.0,0.0,0.0
3,1,0.18599576,0.52056545,0.0,0.18010788,0.0,0.0,0.113330886,0.0,0.0,0.0,0.0,0.0,0.0
3,1,0.18599576,0.52056545,0.0,0.18010788,0.0,0.0,0.113330886,0.0,0.0,0.0,0.0,0.0,0.0
3,1,0.18599576,0.52056545,0.0,0.18010788,0.0,0.0,0.113330886,0.0,0.0,0.0,0.0,0.0,0.0
3,1,0.18599576,0.52056545,0.0,0.18010788,0.0,0.0,0.113330886,0.0,0.0,0.0,0.0,0.0,0.0
3,1,0.18599576,0.52056545,0.0,0.18010788,0.0,0.0,0.113330886,0.0,0.0,0.0,0.0,0.0,0.0
3,1,0.18599576,0.52056545,0.0,0.18010788,0.0,0.0,0.113330886,0.0,0.0,0.0,0.0,0.0,0.0
3,1,0.18599576,0.52056545,0.0,0.18010788,0.0,0.0,0.113330886,0.0,0.0,0.0,0.0,0.0,0.0
3,1,0.18599576,0.52056545,0.0,0.18010788,0.0,0.0,0.113330886,0.0,0.0,0.0,0.0,0.0,0.0
3,1,0.18599576,0.52056545,0.0,0.18010788,0.0,0.0,0.113330886,0.0,0.0,0.0,0.0,0.0,0.0
3,1,0.18599576,0.52056545,0.0,0.18010788,0.0,0.0,0.113330886,0.0,0.0,0.0,0.0,0.0,0.0
3,1,0.18599576,0.52056545,0.0,0.18010788,0.0,0.0,0.113330886,0.0,0.0,0.0,0.0,0.0,0.0
3,1,0.18599576,0.52056545,0.0,0.18010788,0.0,0.0,0.113330886,0.0,0.0,0.0,0.0,0.0,0.0
3,1,0.18599576,0.52056545,0.0,0.18010788,0.0,0.0,0.113330886,0.0,0.0,0.0,0.0,0.0,0.0
3,1,0.18599576,0.52056545,0.0,0.18010788,0.0,0.0,0.113330886,0.0,0.0,0.0,0.0,0.0,0.0
3,1,0.18599576,0.52056545,0.0,0.18010788,0.0,0.0,0.113330886,0.0,0.0,0.0,0.0,0.0,0.0
3,1,0.18599576,0.52056545,0.0,0.18010788,0.0,0.0,0.113330886,0.0,0.0,0.0,0.0,0.0,0.0
3,1,0.18599576,0.52056545,0.0,0.18010788,0.0,0.0,0.113330886,0.0,0.0,0.0,0.0,0.0,0.0
3,1,0.18599576,0.52056545,0.0,0.18010788,0.0,0.0,0.113330886,0.0,0.0,0.0,0.0,0.0,0.0
3,1,0.18599576,0.52056545,0.0,0.18010788,0.0,0.0,0.113330886,0.0,0.0,0.0,0.0,0.0,0.0
3,1,0.18599576,0.52056545,0.0,0.18010788,0.0,0.0,0.113330886,0.0,0.0,0.0,0.0,0.0,0.0
3,1,0.18599576,0.52056545,0.0,0.18010788,0.0,0.0,0.113330886,0.0,0.0,0.0,0.0,0.0,0.0
3,1,0.18599576,0.52056545,0.0,0.18010788,0.0,0.0,0.113330886,0.0,0.0,0.0,0.0,0.0,0.0
3,1,0.18599576,0.52056545,0.0,0.18010788,0.0,0.0,0.113330886,0.0,0.0,0.0,0.0,0.0,0.0
3,1,0.18599576,0.52056545,0.0,0.18010788,0.0,0.0,0.113330886,0.0,0.0,0.0,0.0,0.0,0.0
3,1,0.18599577,0.4553755,0.0,0.30172747,0.0,0.0,0.056901295,0.0,0.0,0.0,0.0,0.0,0.0
3,1,0.18599577,0.4553755,0.0,0.30172747,0.0,0.0,0.056901295,0.0,0.0,0.0,0.0,0.0,0.0
3,1,0.18599577,0.4553755,0.0,0.30172747,0.0,0.0,0.056901295,0.0,0.0,0.0,0.0,0.0,0.0
3,1,0.18599577,0.4553755,0.0,0.30172747,0.0,0.0,0.056901295,0.0,0.0,0.0,0.0,0.0,0.0
3,1,0.18599577,0.4553755,0.0,0.30172747,0.0,0.0,0.056901295,0.0,0.0,0.0,0.0,0.0,0.0
3,1,0.18599577,0.4553755,0.0,0.30172747,0.0,0.0,0.056901295,0.0,0.0,0.0,0.0,0.0,0.0
3,1,0.18599577,0.4553755,0.0,0.30172747,0.0,0.0,0.056901295,0.0,0.0,0.0,0.0,0.0,0.0
3,1,0.18599577,0.4553755,0.0,0.30172747,0.0,0.0,0.056901295,0.0,0.0,0.0,0.0,0.0,0.0
3,1,0.18599577,0.4553755,0.0,0.30172747,0.0,0.0,0.056901295,0.0,0.0,0.0,0.0,0.0,0.0
3,1,0.18599577,0.4553755,0.0,0.30172747,0.0,0.0,0.056901295,0.0,0.0,0.0,0.0,0.0,0.0
3,1,0.18599577,0.4553755,0.0,0.30172747,0.0,0.0,0.056901295,0.0,0.0,0.0,0.0,0.0,0.0
3,1,0.18599577,0.4553755,0.0,0.30172747,0.0,0.0,0.056901295,0.0,0.0,0.0,0.0,0.0,0.0
3,1,0.18599577,0.4553755,0.0,0.30172747,0.0,0.0,0.056901295,0.0,0.0,0.0,0.0,0.0,0.0
3,1,0.18599577,0.4553755,0.0,0.30172747,0.0,0.0,0.056901295,0.0,0.0,0.0,0.0,0.0,0.0
3,1,0.18599577,0.4553755,0.0,0.30172747,0.0,0.0,0.056901295,0.0,0.0,0.0,0.0,0.0,0.0
3,1,0.18599577,0.4553755,0.0,0.30172747,0.0,0.0,0.056901295,0.0,0.0,0.0,0.0,0.0,0.0
3,1,0.18599577,0.4553755,0.0,0.30172747,0.0,0.0,0.056901295,0.0,0.0,0.0,0.0,0.0,0.0
3,1,0.18599577,0.4553755,0.0,0.30172747,0.0,0.0,0.056901295,0.0,0.0,0.0,0.0,0.0,0.0
3,1,0.18599577,0.4553755,0.0,0.30172747,0.0,0.0,0.056901295,0.0,0.0,0.0,0.0,0.0,0.0
3,1,0.18599577,0.4553755,0.0,0.30172747,0.0,0.0,0.056901295,0.0,0.0,0.0,0.0,0.0,0.0
3,1,0.18599577,0.4553755,0.0,0.30172747,0.0,0.0,0.056901295,0.0,0.0,0.0,0.0,0.0,0.0
3,1,0.18599577,0.4553755,0.0,0.30172747,0.0,0.0,0.056901295,0.0,0.0,0.0,0.0,0.0,0.0
3,1,0.18599577,0.4553755,0.0,0.30172747,0.0,0.0,0.056901295,0.0,0.0,0.0,0.0,0.0,0.0
3,1,0.18599577,0.4553755,0.0,0.30172747,0.0,0.0,0.056901295,0.0,0.0,0.0,0.0,0.0,0.0
3,1,0.18599577,0.4553755,0.0,0.30172747,0.0,0.0,0.056901295,0.0,0.0,0.0,0.0,0.0,0.0
3,1,0.18599577,0.4553755,0.0,0.30172747,0.0,0.0,0.056901295,0.0,0.0,0.0,0.0,0.0,0.0
3,1,0.18599577,0.4553755,0.0,0.30172747,0.0,0.0,0.056901295,0.0,0.0,0.0,0.0,0.0,0.0
3,1,0.18599577,0.4553755,0.0,0.30172747,0.0,0.0,0.056901295,0.0,0.0,0.0,0.0,0.0,0.0
3,1,0.18599577,0.4553755,0.0,0.30172747,0.0,0.0,0.056901295,0.0,0.0,0.0,0.0,0.0,0.0
3,1,0.18599577,0.4553755,0.0,0.30172747,0.0,0.0,0.056901295,0.0,0.0,0.0,0.0,0.0,0.0
3,1,0.18599577,0.4553755,0.0,0.30172747,0.0,0.0,0.056901295,0.0,0.0,0.0,0.0,0.0,0.0
3,1,0.18599577,0.4553755,0.0,0.30172747,0.0,0.0,0.056901295,0.0,0.0,0.0,0.0,0.0,0.0
3,1,0.18599577,0.4553755,0.0,0.30172747,0.0,0.0,0.056901295,0.0,0.0,0.0,0.0,0.0,0.0
3,1,0.18599577,0.4553755,0.0,0.30172747,0.0,0.0,0.056901295,0.0,0.0,0.0,0.0,0.0,0.0
3,1,0.18599577,0.4553755,0.0,0.30172747,0.0,0.0,0.056901295,0.0,0.0,0.0,0.0,0.0,0.0
3,1,0.18599577,0.4553755,0.0,0.30172747,0.0,0.0,0.056901295,0.0,0.0,0.0,0.0,0.0,0.0
3,1,0.18599577,0.4553755,0.0,0.30172747,0.0,0.0,0.056901295,0.0,0.0,0.0,0.0,0.0,0.0
3,1,0.18599577,0.4553755,0.0,0.30172747,0.0,0.0,0.056901295,0.0,0.0,0.0,0.0,0.0,0.0
3,1,0.18599577,0.4553755,0.0,0.30172747,0.0,0.0,0.056901295,0.0,0.0,0.0,0.0,0.0,0.0
3,1,0.18599577,0.4553755,0.0,0.30172747,0.0,0.0,0.056901295,0.0,0.0,0.0,0.0,0.0,0.0
3,1,0.18599577,0.4553755,0.0,0.30172747,0.0,0.0,0.056901295,0.0,0.0,0.0,0.0,0.0,0.0
3,1,0.18599577,0.4553755,0.0,0.30172747,0.0,0.0,0.056901295,0.0,0.0,0.0,0.0,0.0,0.0
3,1,0.18599577,0.4553755,0.0,0.30172747,0.0,0.0,0.056901295,0.0,0.0,0.0,0.0,0.0,0.0
3,1,0.18599577,0.4553755,0.0,0.30172747,0.0,0.0,0.056901295,0.0,0.0,0.0,0.0,0.0,0.0
3,1,0.18599577,0.4553755,0.0,0.30172747,0.0,0.0,0.056901295,0.0,0.0,0.0,0.0,0.0,0.0
3,1,0.18599577,0.4553755,0.0,0.30172747,0.0,0.0,0.056901295,0.0,0.0,0.0,0.0,0.0,0.0
3,1,0.18599579,0.39001754,0.0,0.36708546,0.0,0.0,0.0569013,0.0,0.0,0.0,0.0,0.0,0.0
3,1,0.18599579,0.39001754,0.0,0.36708546,0.0,0.0,0.0569013,0.0,0.0,0.0,0.0,0.0,0.0
3,1,0.18599579,0.39001754,0.0,0.36708546,0.0,0.0,0.0569013,0.0,0.0,0.0,0.0,0.0,0.0
3,1,0.18599579,0.39001754,0.0,0.36708546,0.0,0.0,0.0569013,0.0,0.0,0.0,0.0,0.0,0.0
3,1,0.18599579,0.39001754,0.0,0.36708546,0.0,0.0,0.0569013,0.0,0.0,0.0,0.0,0.0,0.0
3,1,0.18599579,0.39001754,0.0,0.36708546,0.0,0.0,0.0569013,0.0,0.0,0.0,0.0,0.0,0.0
3,1,0.18599579,0.39001754,0.0,0.36708546,0.0,0.0,0.0569013,0.0,0.0,0.0,0.0,0.0,0.0
3,1,0.18599579,0.39001754,0.0,0.36708546,0.0,0.0,0.0569013,0.0,0.0,0.0,0.0,0.0,0.0
3,1,0.18599579,0.39001754,0.0,0.36708546,0.0,0.0,0.0569013,0.0,0.0,0.0,0.0,0.0,0.0
3,1,0.18599579,0.39001754,0.0,0.36708546,0.0,0.0,0.0569013,0.0,0.0,0.0,0.0,0.0,0.0
3,1,0.18599579,0.39001754,0.0,0.36708546,0.0,0.0,0.0569013,0.0,0.0,0.0,0.0,0.0,0.0
3,1,0.18599579,0.39001754,0.0,0.36708546,0.0,0.0,0.0569013,0.0,0.0,0.0,0.0,0.0,0.0
3,1,0.18599579,0.39001754,0.0,0.36708546,0.0,0.0,0.0569013,0.0,0.0,0.0,0.0,0.0,0.0
3,1,0.18599579,0.39001754,0.0,0.36708546,0.0,0.0,0.0569013,0.0,0.0,0.0,0.0,0.0,0.0
3,3,0.18599577,0.3249539,0.0,0.43214905,0.0,0.0,0.056901295,0.0,0.0,0.0,0.0,0.0,0.0
3,3,0.18599577,0.3249539,0.0,0.43214905,0.0,0.0,0.056901295,0.0,0.0,0.0,0.0,0.0,0.0
3,3,0.18599577,0.3249539,0.0,0.43214905,0.0,0.0,0.056901295,0.0,0.0,0.0,0.0,0.0,0.0
3,3,0.18599577,0.3249539,0.0,0.43214905,0.0,0.0,0.056901295,0.0,0.0,0.0,0.0,0.0,0.0
3,3,0.12798813,0.2630656,0.0,0.4940373,0.05800764,0.0,0.05690129,0.0,0.0,0.0,0.0,0.0,0.0
3,3,0.12798813,0.2630656,0.0,0.4940373,0.05800764,0.0,0.05690129,0.0,0.0,0.0,0.0,0.0,0.0
3,3,0.12798813,0.2630656,0.0,0.4940373,0.05800764,0.0,0.05690129,0.0,0.0,0.0,0.0,0.0,0.0
3,3,0.12798813,0.2630656,0.0,0.4940373,0.05800764,0.0,0.05690129,0.0,0.0,0.0,0.0,0.0,0.0
3,3,0.12798813,0.2630656,0.0,0.4940373,0.05800764,0.0,0.05690129,0.0,0.0,0.0,0.0,0.0,0.0
3,3,0.12798813,0.2630656,0.0,0.4940373,0.05800764,0.0,0.05690129,0.0,0.0,0.0,0.0,0.0,0.0
3,3,0.12798813,0.2630656,0.0,0.4940373,0.05800764,0.0,0.05690129,0.0,0.0,0.0,0.0,0.0,0.0
3,3,0.12798813,0.2630656,0.0,0.4940373,0.05800764,0.0,0.05690129,0.0,0.0,0.0,0.0,0.0,0.0
3,3,0.12798813,0.2630656,0.0,0.4940373,0.05800764,0.0,0.05690129,0.0,0.0,0.0,0.0,0.0,0.0
3,3,0.12798813,0.2630656,0.0,0.4940373,0.05800764,0.0,0.05690129,0.0,0.0,0.0,0.0,0.0,0.0
3,3,0.12798813,0.2630656,0.0,0.4940373,0.05800764,0.0,0.05690129,0.0,0.0,0.0,0.0,0.0,0.0
3,3,0.12798813,0.2630656,0.0,0.4940373,0.05800764,0.0,0.05690129,0.0,0.0,0.0,0.0,0.0,0.0
3,3,0.12798813,0.2630656,0.0,0.4940373,0.05800764,0.0,0.05690129,0.0,0.0,0.0,0.0,0.0,0.0
3,3,0.12798813,0.2630656,0.0,0.4940373,0.05800764,0.0,0.05690129,0.0,0.0,0.0,0.0,0.0,0.0
3,3,0.12798813,0.2630656,0.0,0.4940373,0.05800764,0.0,0.05690129,0.0,0.0,0.0,0.0,0.0,0.0
3,3,0.12798813,0.2630656,0.0,0.4940373,0.05800764,0.0,0.05690129,0.0,0.0,0.0,0.0,0.0,0.0
3,3,0.12798813,0.2630656,0.0,0.4940373,0.05800764,0.0,0.05690129,0.0,0.0,0.0,0.0,0.0,0.0
3,3,0.12798813,0.2630656,0.0,0.4940373,0.05800764,0.0,0.05690129,0.0,0.0,0.0,0.0,0.0,0.0
3,3,0.12798813,0.2630656,0.0,0.4940373,0.05800764,0.0,0.05690129,0.0,0.0,0.0,0.0,0.0,0.0
3,3,0.12798813,0.2630656,0.0,0.4940373,0.05800764,0.0,0.05690129,0.0,0.0,0.0,0.0,0.0,0.0
3,3,0.12798813,0.2630656,0.0,0.4940373,0.05800764,0.0,0.05690129,0.0,0.0,0.0,0.0,0.0,0.0
3,3,0.12798813,0.2630656,0.0,0.4940373,0.05800764,0.0,0.05690129,0.0,0.0,0.0,0.0,0.0,0.0
3,3,0.12798813,0.2630656,0.0,0.4940373,0.05800764,0.0,0.05690129,0.0,0.0,0.0,0.0,0.0,0.0
3,3,0.12798813,0.2630656,0.0,0.4940373,0.05800764,0.0,0.05690129,0.0,0.0,0.0,0.0,0.0,0.0
3,3,0.12798813,0.2630656,0.0,0.4940373,0.05800764,0.0,0.05690129,0.0,0.0,0.0,0.0,0.0,0.0
3,3,0.12798813,0.2630656,0.0,0.4940373,0.05800764,0.0,0.05690129,0.0,0.0,0.0,0.0,0.0,0.0
3,3,0.12798813,0.2630656,0.0,0.4940373,0.05800764,0.0,0.05690129,0.0,0.0,0.0,0.0,0.0,0.0
3,3,0.12798813,0.2630656,0.0,0.4940373,0.05800764,0.0,0.05690129,0.0,0.0,0.0,0.0,0.0,0.0
3,3,0.12798813,0.2630656,0.0,0.4940373,0.05800764,0.0,0.05690129,0.0,0.0,0.0,0.0,0.0,0.0
3,3,0.12798813,0.2630656,0.0,0.4940373,0.05800764,0.0,0.05690129,0.0,0.0,0.0,0.0,0.0,0.0
3,3,0.12798813,0.2630656,0.0,0.4940373,0.05800764,0.0,0.05690129,0.0,0.0,0.0,0.0,0.0,0.0
3,3,0.12798813,0.2630656,0.0,0.4940373,0.05800764,0.0,0.05690129,0.0,0.0,0.0,0.0,0.0,0.0
3,3,0.12798813,0.2630656,0.0,0.5509386,0.05800764,0.0,0.0,0.0,0.0,0.0,0.0,0.0,0.0
3,3,0.12798813,0.2630656,0.0,0.5509386,0.05800764,0.0,0.0,0.0,0.0,0.0,0.0,0.0,0.0
3,3,0.12798813,0.2630656,0.0,0.5509386,0.05800764,0.0,0.0,0.0,0.0,0.0,0.0,0.0,0.0
3,3,0.12798813,0.2630656,0.0,0.5509386,0.05800764,0.0,0.0,0.0,0.0,0.0,0.0,0.0,0.0
3,3,0.12798813,0.2630656,0.0,0.5509386,0.05800764,0.0,0.0,0.0,0.0,0.0,0.0,0.0,0.0
3,3,0.12798813,0.2630656,0.0,0.5509386,0.05800764,0.0,0.0,0.0,0.0,0.0,0.0,0.0,0.0
3,3,0.12798813,0.2630656,0.0,0.5509386,0.05800764,0.0,0.0,0.0,0.0,0.0,0.0,0.0,0.0
3,3,0.12798813,0.2630656,0.0,0.5509386,0.05800764,0.0,0.0,0.0,0.0,0.0,0.0,0.0,0.0
3,3,0.12798813,0.2013131,0.0,0.48561287,0.18508591,0.0,0.0,0.0,0.0,0.0,0.0,0.0,0.0
3,3,0.12798813,0.2013131,0.0,0.48561287,0.18508591,0.0,0.0,0.0,0.0,0.0,0.0,0.0,0.0
3,3,0.12798813,0.2013131,0.0,0.48561287,0.18508591,0.0,0.0,0.0,0.0,0.0,0.0,0.0,0.0
3,3,0.12798813,0.2013131,0.0,0.48561287,0.18508591,0.0,0.0,0.0,0.0,0.0,0.0,0.0,0.0
3,3,0.12798813,0.2013131,0.0,0.48561287,0.18508591,0.0,0.0,0.0,0.0,0.0,0.0,0.0,0.0
3,3,0.12798813,0.2013131,0.0,0.48561287,0.18508591,0.0,0.0,0.0,0.0,0.0,0.0,0.0,0.0
3,3,0.12798813,0.2013131,0.0,0.48561287,0.18508591,0.0,0.0,0.0,0.0,0.0,0.0,0.0,0.0
3,3,0.12798813,0.2013131,0.0,0.48561287,0.18508591,0.0,0.0,0.0,0.0,0.0,0.0,0.0,0.0
3,3,0.12798813,0.2013131,0.0,0.48561287,0.18508591,0.0,0.0,0.0,0.0,0.0,0.0,0.0,0.0
3,3,0.12798813,0.2013131,0.0,0.48561287,0.18508591,0.0,0.0,0.0,0.0,0.0,0.0,0.0,0.0
3,3,0.12798813,0.2013131,0.0,0.48561287,0.18508591,0.0,0.0,0.0,0.0,0.0,0.0,0.0,0.0
3,3,0.12798813,0.2013131,0.0,0.48561287,0.18508591,0.0,0.0,0.0,0.0,0.0,0.0,0.0,0.0
3,3,0.12798813,0.2013131,0.0,0.48561287,0.18508591,0.0,0.0,0.0,0.0,0.0,0.0,0.0,0.0
3,3,0.12798813,0.2013131,0.0,0.48561287,0.18508591,0.0,0.0,0.0,0.0,0.0,0.0,0.0,0.0
3,3,0.12798813,0.2013131,0.0,0.48561287,0.18508591,0.0,0.0,0.0,0.0,0.0,0.0,0.0,0.0
3,3,0.12798813,0.2013131,0.0,0.48561287,0.18508591,0.0,0.0,0.0,0.0,0.0,0.0,0.0,0.0
3,3,0.12798813,0.2013131,0.0,0.48561287,0.18508591,0.0,0.0,0.0,0.0,0.0,0.0,0.0,0.0
3,3,0.12798813,0.2013131,0.0,0.48561287,0.18508591,0.0,0.0,0.0,0.0,0.0,0.0,0.0,0.0
3,3,0.12798813,0.2013131,0.0,0.48561287,0.18508591,0.0,0.0,0.0,0.0,0.0,0.0,0.0,0.0
3,3,0.12798813,0.2013131,0.0,0.48561287,0.18508591,0.0,0.0,0.0,0.0,0.0,0.0,0.0,0.0
3,3,0.12798813,0.2013131,0.0,0.48561287,0.18508591,0.0,0.0,0.0,0.0,0.0,0.0,0.0,0.0
3,3,0.12798813,0.2013131,0.0,0.48561287,0.18508591,0.0,0.0,0.0,0.0,0.0,0.0,0.0,0.0
3,3,0.12798813,0.2013131,0.0,0.48561287,0.18508591,0.0,0.0,0.0,0.0,0.0,0.0,0.0,0.0
3,3,0.12798813,0.2013131,0.0,0.48561287,0.18508591,0.0,0.0,0.0,0.0,0.0,0.0,0.0,0.0
3,3,0.12798813,0.2013131,0.0,0.48561287,0.18508591,0.0,0.0,0.0,0.0,0.0,0.0,0.0,0.0
3,3,0.12798813,0.2013131,0.0,0.48561287,0.18508591,0.0,0.0,0.0,0.0,0.0,0.0,0.0,0.0
3,3,0.12798813,0.2013131,0.0,0.48561287,0.18508591,0.0,0.0,0.0,0.0,0.0,0.0,0.0,0.0
3,3,0.12798813,0.2013131,0.0,0.48561287,0.18508591,0.0,0.0,0.0,0.0,0.0,0.0,0.0,0.0
3,3,0.12798813,0.2013131,0.0,0.48561287,0.18508591,0.0,0.0,0.0,0.0,0.0,0.0,0.0,0.0
3,3,0.12798813,0.2013131,0.0,0.48561287,0.18508591,0.0,0.0,0.0,0.0,0.0,0.0,0.0,0.0
3,3,0.12798813,0.2013131,0.0,0.48561287,0.18508591,0.0,0.0,0.0,0.0,0.0,0.0,0.0,0.0
3,3,0.12798813,0.2013131,0.0,0.48561287,0.18508591,0.0,0.0,0.0,0.0,0.0,0.0,0.0,0.0
3,3,0.12798813,0.13839337,0.0,0.5485326,0.18508591,0.0,0.0,0.0,0.0,0.0,0.0,0.0,0.0
3,3,0.12798813,0.13839337,0.0,0.5485326,0.18508591,0.0,0.0,0.0,0.0,0.0,0.0,0.0,0.0
3,3,0.12798813,0.13839337,0.0,0.5485326,0.18508591,0.0,0.0,0.0,0.0,0.0,0.0,0.0,0.0
3,3,0.12798813,0.13839337,0.0,0.5485326,0.18508591,0.0,0.0,0.0,0.0,0.0,0.0,0.0,0.0
3,3,0.12798813,0.13839337,0.0,0.5485326,0.18508591,0.0,0.0,0.0,0.0,0.0,0.0,0.0,0.0
3,3,0.12798813,0.13839337,0.0,0.5485326,0.18508591,0.0,0.0,0.0,0.0,0.0,0.0,0.0,0.0
3,3,0.12798813,0.13839337,0.0,0.5485326,0.18508591,0.0,0.0,0.0,0.0,0.0,0.0,0.0,0.0
3,3,0.12798813,0.13839337,0.0,0.5485326,0.18508591,0.0,0.0,0.0,0.0,0.0,0.0,0.0,0.0
4,3,0.12798813,0.13839337,0.0,0.5485326,0.18508591,0.0,0.0,0.0,0.0,0.0,0.0,0.0,0.0
4,3,0.12798813,0.13839337,0.0,0.5485326,0.18508591,0.0,0.0,0.0,0.0,0.0,0.0,0.0,0.0
4,3,0.12798813,0.13839337,0.0,0.5485326,0.18508591,0.0,0.0,0.0,0.0,0.0,0.0,0.0,0.0
4,3,0.12798813,0.13839337,0.0,0.5485326,0.18508591,0.0,0.0,0.0,0.0,0.0,0.0,0.0,0.0
4,3,0.19305176,0.13839339,0.0,0.48346895,0.18508591,0.0,0.0,0.0,0.0,0.0,0.0,0.0,0.0
4,3,0.19305176,0.13839339,0.0,0.48346895,0.18508591,0.0,0.0,0.0,0.0,0.0,0.0,0.0,0.0
4,3,0.13332061,0.13839339,0.0,0.54320014,0.18508592,0.0,0.0,0.0,0.0,0.0,0.0,0.0,0.0
4,3,0.13332061,0.13839339,0.0,0.54320014,0.18508592,0.0,0.0,0.0,0.0,0.0,0.0,0.0,0.0
4,3,0.13332061,0.13839339,0.0,0.54320014,0.18508592,0.0,0.0,0.0,0.0,0.0,0.0,0.0,0.0
4,3,0.13332061,0.13839339,0.0,0.54320014,0.18508592,0.0,0.0,0.0,0.0,0.0,0.0,0.0,0.0
4,3,0.13332061,0.13839339,0.0,0.54320014,0.18508592,0.0,0.0,0.0,0.0,0.0,0.0,0.0,0.0
4,3,0.13332061,0.13839339,0.0,0.54320014,0.18508592,0.0,0.0,0.0,0.0,0.0,0.0,0.0,0.0
4,3,0.13332061,0.13839339,0.0,0.54320014,0.18508592,0.0,0.0,0.0,0.0,0.0,0.0,0.0,0.0
4,3,0.13332061,0.13839339,0.0,0.54320014,0.18508592,0.0,0.0,0.0,0.0,0.0,0.0,0.0,0.0
4,3,0.13332061,0.13839339,0.0,0.54320014,0.18508592,0.0,0.0,0.0,0.0,0.0,0.0,0.0,0.0
4,3,0.13332061,0.13839339,0.0,0.54320014,0.18508592,0.0,0.0,0.0,0.0,0.0,0.0,0.0,0.0
4,3,0.13332061,0.13839339,0.056429595,0.48677054,0.18508592,0.0,0.0,0.0,0.0,0.0,0.0,0.0,0.0
4,3,0.13332061,0.13839339,0.056429595,0.48677054,0.18508592,0.0,0.0,0.0,0.0,0.0,0.0,0.0,0.0
4,3,0.13332061,0.13839339,0.056429595,0.48677054,0.18508592,0.0,0.0,0.0,0.0,0.0,0.0,0.0,0.0
4,3,0.13332061,0.13839339,0.056429595,0.48677054,0.18508592,0.0,0.0,0.0,0.0,0.0,0.0,0.0,0.0
4,3,0.13332061,0.13839339,0.056429595,0.48677054,0.18508592,0.0,0.0,0.0,0.0,0.0,0.0,0.0,0.0
4,3,0.13332061,0.13839339,0.056429595,0.48677054,0.18508592,0.0,0.0,0.0,0.0,0.0,0.0,0.0,0.0
4,3,0.13332061,0.13839339,0.056429595,0.48677054,0.18508592,0.0,0.0,0.0,0.0,0.0,0.0,0.0,0.0
4,3,0.13332061,0.13839339,0.056429595,0.48677054,0.18508592,0.0,0.0,0.0,0.0,0.0,0.0,0.0,0.0
4,3,0.13332061,0.13839339,0.056429595,0.48677054,0.18508592,0.0,0.0,0.0,0.0,0.0,0.0,0.0,0.0
4,3,0.06506362,0.13839337,0.05642959,0.4867705,0.2533429,0.0,0.0,0.0,0.0,0.0,0.0,0.0,0.0
4,3,0.06506362,0.13839337,0.05642959,0.4867705,0.2533429,0.0,0.0,0.0,0.0,0.0,0.0,0.0,0.0
4,3,0.06506362,0.13839337,0.05642959,0.4867705,0.2533429,0.0,0.0,0.0,0.0,0.0,0.0,0.0,0.0
4,3,0.06506362,0.13839337,0.05642959,0.4867705,0.2533429,0.0,0.0,0.0,0.0,0.0,0.0,0.0,0.0
4,3,0.06506362,0.13839337,0.05642959,0.4867705,0.2533429,0.0,0.0,0.0,0.0,0.0,0.0,0.0,0.0
4,3,0.06506362,0.13839337,0.05642959,0.4867705,0.2533429,0.0,0.0,0.0,0.0,0.0,0.0,0.0,0.0
4,3,0.06506362,0.13839337,0.05642959,0.4867705,0.2533429,0.0,0.0,0.0,0.0,0.0,0.0,0.0,0.0
4,3,0.06506362,0.13839337,0.05642959,0.4867705,0.2533429,0.0,0.0,0.0,0.0,0.0,0.0,0.0,0.0
4,3,0.06506362,0.13839337,0.05642959,0.4867705,0.2533429,0.0,0.0,0.0,0.0,0.0,0.0,0.0,0.0
4,3,0.06506362,0.13839337,0.05642959,0.4867705,0.2533429,0.0,0.0,0.0,0.0,0.0,0.0,0.0,0.0
4,3,0.06506362,0.13839337,0.05642959,0.4867705,0.2533429,0.0,0.0,0.0,0.0,0.0,0.0,0.0,0.0
4,3,0.06506362,0.13839337,0.05642959,0.4867705,0.2533429,0.0,0.0,0.0,0.0,0.0,0.0,0.0,0.0
4,3,0.06506362,0.13839337,0.05642959,0.4867705,0.2533429,0.0,0.0,0.0,0.0,0.0,0.0,0.0,0.0
4,3,0.06506362,0.13839337,0.05642959,0.42141256,0.31870082,0.0,0.0,0.0,0.0,0.0,0.0,0.0,0.0
4,3,0.06506362,0.13839337,0.05642959,0.42141256,0.31870082,0.0,0.0,0.0,0.0,0.0,0.0,0.0,0.0
4,4,0.06506362,0.13839337,0.05642959,0.35966006,0.38045335,0.0,0.0,0.0,0.0,0.0,0.0,0.0,0.0
4,4,0.06506362,0.13839337,0.05642959,0.35966006,0.38045335,0.0,0.0,0.0,0.0,0.0,0.0,0.0,0.0
4,4,0.06506362,0.13839337,0.05642959,0.35966006,0.38045335,0.0,0.0,0.0,0.0,0.0,0.0,0.0,0.0
4,4,0.06506362,0.13839337,0.05642959,0.35966006,0.38045335,0.0,0.0,0.0,0.0,0.0,0.0,0.0,0.0
4,4,0.06506362,0.13839337,0.05642959,0.30286303,0.43725035,0.0,0.0,0.0,0.0,0.0,0.0,0.0,0.0
4,4,0.06506362,0.13839337,0.05642959,0.30286303,0.43725035,0.0,0.0,0.0,0.0,0.0,0.0,0.0,0.0
4,4,0.06506362,0.13839337,0.05642959,0.30286303,0.43725035,0.0,0.0,0.0,0.0,0.0,0.0,0.0,0.0
4,4,0.06506362,0.13839337,0.05642959,0.30286303,0.43725035,0.0,0.0,0.0,0.0,0.0,0.0,0.0,0.0
4,4,0.0,0.13839339,0.0,0.23994333,0.62166333,0.0,0.0,0.0,0.0,0.0,0.0,0.0,0.0
4,4,0.0,0.13839339,0.0,0.23994333,0.62166333,0.0,0.0,0.0,0.0,0.0,0.0,0.0,0.0
4,4,0.0,0.13839339,0.0,0.18021218,0.68139446,0.0,0.0,0.0,0.0,0.0,0.0,0.0,0.0
4,4,0.0,0.13839339,0.0,0.18021218,0.68139446,0.0,0.0,0.0,0.0,0.0,0.0,0.0,0.0
4,4,0.0,0.13839339,0.0,0.18021218,0.68139446,0.0,0.0,0.0,0.0,0.0,0.0,0.0,0.0
4,4,0.0,0.13839339,0.0,0.18021218,0.68139446,0.0,0.0,0.0,0.0,0.0,0.0,0.0,0.0
4,4,0.0,0.13839339,0.0,0.18021218,0.68139446,0.0,0.0,0.0,0.0,0.0,0.0,0.0,0.0
4,4,0.0,0.13839339,0.0,0.18021218,0.68139446,0.0,0.0,0.0,0.0,0.0,0.0,0.0,0.0
4,4,0.0,0.13839339,0.0,0.18021218,0.68139446,0.0,0.0,0.0,0.0,0.0,0.0,0.0,0.0
4,4,0.0,0.13839339,0.0,0.18021218,0.68139446,0.0,0.0,0.0,0.0,0.0,0.0,0.0,0.0
4,4,0.0,0.13839339,0.0,0.18021218,0.68139446,0.0,0.0,0.0,0.0,0.0,0.0,0.0,0.0
4,4,0.0,0.13839339,0.0,0.18021218,0.68139446,0.0,0.0,0.0,0.0,0.0,0.0,0.0,0.0
4,4,0.0,0.13839339,0.0,0.18021218,0.68139446,0.0,0.0,0.0,0.0,0.0,0.0,0.0,0.0
4,4,0.0,0.13839339,0.0,0.18021218,0.68139446,0.0,0.0,0.0,0.0,0.0,0.0,0.0,0.0
4,4,0.0,0.07080989,0.0,0.18021218,0.7489779,0.0,0.0,0.0,0.0,0.0,0.0,0.0,0.0
4,4,0.0,0.07080989,0.0,0.18021218,0.7489779,0.0,0.0,0.0,0.0,0.0,0.0,0.0,0.0
4,4,0.0,0.07080989,0.0,0.18021218,0.7489779,0.0,0.0,0.0,0.0,0.0,0.0,0.0,0.0
4,4,0.0,0.07080989,0.0,0.18021218,0.7489779,0.0,0.0,0.0,0.0,0.0,0.0,0.0,0.0
4,4,0.0,0.07080989,0.0,0.18021218,0.7489779,0.0,0.0,0.0,0.0,0.0,0.0,0.0,0.0
4,4,0.0,0.07080989,0.0,0.18021218,0.7489779,0.0,0.0,0.0,0.0,0.0,0.0,0.0,0.0
4,4,0.0,0.07080989,0.0,0.18021218,0.7489779,0.0,0.0,0.0,0.0,0.0,0.0,0.0,0.0
4,4,0.0,0.07080989,0.0,0.18021218,0.7489779,0.0,0.0,0.0,0.0,0.0,0.0,0.0,0.0
4,4,0.0,0.07080989,0.0,0.18021218,0.7489779,0.0,0.0,0.0,0.0,0.0,0.0,0.0,0.0
4,4,0.0,0.07080989,0.0,0.18021218,0.7489779,0.0,0.0,0.0,0.0,0.0,0.0,0.0,0.0
4,4,0.0,0.07080989,0.0,0.18021218,0.7489779,0.0,0.0,0.0,0.0,0.0,0.0,0.0,0.0
4,4,0.0,0.07080989,0.0,0.18021218,0.7489779,0.0,0.0,0.0,0.0,0.0,0.0,0.0,0.0
4,4,0.0,0.07080989,0.0,0.18021218,0.7489779,0.0,0.0,0.0,0.0,0.0,0.0,0.0,0.0
4,4,0.0,0.07080989,0.0,0.18021218,0.7489779,0.0,0.0,0.0,0.0,0.0,0.0,0.0,0.0
4,4,0.0,0.07080989,0.0,0.18021218,0.7489779,0.0,0.0,0.0,0.0,0.0,0.0,0.0,0.0
4,4,0.0,0.07080989,0.0,0.18021218,0.7489779,0.0,0.0,0.0,0.0,0.0,0.0,0.0,0.0
4,4,0.0,0.07080989,0.0,0.18021218,0.7489779,0.0,0.0,0.0,0.0,0.0,0.0,0.0,0.0
4,4,0.0,0.07080989,0.0,0.18021218,0.7489779,0.0,0.0,0.0,0.0,0.0,0.0,0.0,0.0
4,4,0.0,0.07080989,0.0,0.06204651,0.8671436,0.0,0.0,0.0,0.0,0.0,0.0,0.0,0.0
4,4,0.0,0.07080989,0.0,0.06204651,0.8671436,0.0,0.0,0.0,0.0,0.0,0.0,0.0,0.0
4,4,0.0,0.07080989,0.0,0.06204651,0.8671436,0.0,0.0,0.0,0.0,0.0,0.0,0.0,0.0
4,4,0.0,0.07080989,0.0,0.06204651,0.8671436,0.0,0.0,0.0,0.0,0.0,0.0,0.0,0.0
4,4,0.0,0.07080989,0.0,0.06204651,0.8671436,0.0,0.0,0.0,0.0,0.0,0.0,0.0,0.0
4,4,0.0,0.07080989,0.0,0.06204651,0.8671436,0.0,0.0,0.0,0.0,0.0,0.0,0.0,0.0
4,4,0.0,0.07080989,0.0,0.06204651,0.8671436,0.0,0.0,0.0,0.0,0.0,0.0,0.0,0.0
4,4,0.0,0.07080989,0.0,0.06204651,0.8671436,0.0,0.0,0.0,0.0,0.0,0.0,0.0,0.0
4,4,0.0,0.07080989,0.0,0.06204651,0.8671436,0.0,0.0,0.0,0.0,0.0,0.0,0.0,0.0
4,4,0.0,0.07080989,0.0,0.06204651,0.8671436,0.0,0.0,0.0,0.0,0.0,0.0,0.0,0.0
4,4,0.0,0.07080989,0.06204651,0.0,0.8671436,0.0,0.0,0.0,0.0,0.0,0.0,0.0,0.0
4,4,0.0,0.07080989,0.06204651,0.0,0.8671436,0.0,0.0,0.0,0.0,0.0,0.0,0.0,0.0
4,4,0.0,0.07080989,0.06204651,0.0,0.8671436,0.0,0.0,0.0,0.0,0.0,0.0,0.0,0.0
4,4,0.0,0.07080989,0.06204651,0.0,0.8671436,0.0,0.0,0.0,0.0,0.0,0.0,0.0,0.0
4,4,0.0,0.07080989,0.06204651,0.0,0.8671436,0.0,0.0,0.0,0.0,0.0,0.0,0.0,0.0
4,4,0.0,0.07080989,0.06204651,0.0,0.8671436,0.0,0.0,0.0,0.0,0.0,0.0,0.0,0.0
4,4,0.0,0.07080989,0.06204651,0.0,0.8671436,0.0,0.0,0.0,0.0,0.0,0.0,0.0,0.0
4,4,0.0,0.07080989,0.06204651,0.0,0.8671436,0.0,0.0,0.0,0.0,0.0,0.0,0.0,0.0
4,4,0.0,0.07080989,0.06204651,0.0,0.8671436,0.0,0.0,0.0,0.0,0.0,0.0,0.0,0.0
4,4,0.0,0.07080989,0.06204651,0.0,0.8671436,0.0,0.0,0.0,0.0,0.0,0.0,0.0,0.0
4,4,0.0,0.07080989,0.06204651,0.0,0.8671436,0.0,0.0,0.0,0.0,0.0,0.0,0.0,0.0
4,4,0.0,0.07080989,0.06204651,0.0,0.8671436,0.0,0.0,0.0,0.0,0.0,0.0,0.0,0.0
4,4,0.0,0.07080989,0.06204651,0.0,0.8671436,0.0,0.0,0.0,0.0,0.0,0.0,0.0,0.0
4,4,0.0,0.07080989,0.06204651,0.0,0.8671436,0.0,0.0,0.0,0.0,0.0,0.0,0.0,0.0
4,4,0.0,0.07080989,0.06204651,0.0,0.8671436,0.0,0.0,0.0,0.0,0.0,0.0,0.0,0.0
4,4,0.0,0.07080989,0.06204651,0.0,0.8671436,0.0,0.0,0.0,0.0,0.0,0.0,0.0,0.0
4,4,0.0,0.07080989,0.06204651,0.0,0.8671436,0.0,0.0,0.0,0.0,0.0,0.0,0.0,0.0
4,4,0.0,0.07080989,0.06204651,0.0,0.8671436,0.0,0.0,0.0,0.0,0.0,0.0,0.0,0.0
4,4,0.0,0.07080989,0.06204651,0.0,0.8671436,0.0,0.0,0.0,0.0,0.0,0.0,0.0,0.0
4,4,0.0,0.07080989,0.06204651,0.0,0.8671436,0.0,0.0,0.0,0.0,0.0,0.0,0.0,0.0
4,4,0.0,0.07080989,0.06204651,0.0,0.8671436,0.0,0.0,0.0,0.0,0.0,0.0,0.0,0.0
4,4,0.0,0.07080989,0.06204651,0.0,0.8671436,0.0,0.0,0.0,0.0,0.0,0.0,0.0,0.0
4,4,0.0,0.07080989,0.06204651,0.0,0.8671436,0.0,0.0,0.0,0.0,0.0,0.0,0.0,0.0
4,4,0.0,0.07080989,0.06204651,0.0,0.8671436,0.0,0.0,0.0,0.0,0.0,0.0,0.0,0.0
4,4,0.0,0.07080989,0.06204651,0.0,0.8671436,0.0,0.0,0.0,0.0,0.0,0.0,0.0,0.0
4,4,0.0,0.07080989,0.06204651,0.0,0.8671436,0.0,0.0,0.0,0.0,0.0,0.0,0.0,0.0
4,4,0.0,0.07080989,0.0,0.0,0.9291901,0.0,0.0,0.0,0.0,0.0,0.0,0.0,0.0
4,4,0.0,0.07080989,0.0,0.0,0.9291901,0.0,0.0,0.0,0.0,0.0,0.0,0.0,0.0
4,4,0.0,0.07080989,0.0,0.0,0.9291901,0.0,0.0,0.0,0.0,0.0,0.0,0.0,0.0
4,4,0.0,0.07080989,0.0,0.0,0.9291901,0.0,0.0,0.0,0.0,0.0,0.0,0.0,0.0
4,4,0.0,0.07080989,0.0,0.0,0.9291901,0.0,0.0,0.0,0.0,0.0,0.0,0.0,0.0
4,4,0.0,0.07080989,0.0,0.0,0.9291901,0.0,0.0,0.0,0.0,0.0,0.0,0.0,0.0
4,4,0.0,0.07080989,0.0,0.0,0.9291901,0.0,0.0,0.0,0.0,0.0,0.0,0.0,0.0
4,4,0.0,0.07080989,0.0,0.0,0.9291901,0.0,0.0,0.0,0.0,0.0,0.0,0.0,0.0
4,4,0.0,0.07080989,0.0,0.0,0.9291901,0.0,0.0,0.0,0.0,0.0,0.0,0.0,0.0
4,4,0.0,0.07080989,0.0,0.0,0.9291901,0.0,0.0,0.0,0.0,0.0,0.0,0.0,0.0
4,4,0.0,0.07080989,0.0,0.0,0.9291901,0.0,0.0,0.0,0.0,0.0,0.0,0.0,0.0
4,4,0.0,0.07080989,0.0,0.0,0.9291901,0.0,0.0,0.0,0.0,0.0,0.0,0.0,0.0
4,4,0.0,0.07080989,0.0,0.0,0.9291901,0.0,0.0,0.0,0.0,0.0,0.0,0.0,0.0
4,4,0.0,0.07080989,0.0,0.0,0.9291901,0.0,0.0,0.0,0.0,0.0,0.0,0.0,0.0
4,4,0.0,0.07080989,0.0,0.0,0.9291901,0.0,0.0,0.0,0.0,0.0,0.0,0.0,0.0
4,4,0.0,0.07080989,0.0,0.0,0.9291901,0.0,0.0,0.0,0.0,0.0,0.0,0.0,0.0
4,4,0.0,0.07080989,0.0,0.0,0.9291901,0.0,0.0,0.0,0.0,0.0,0.0,0.0,0.0
4,4,0.0,0.07080989,0.0,0.0,0.9291901,0.0,0.0,0.0,0.0,0.0,0.0,0.0,0.0
4,4,0.0,0.07080989,0.0,0.0,0.9291901,0.0,0.0,0.0,0.0,0.0,0.0,0.0,0.0
4,4,0.0,0.07080989,0.0,0.0,0.9291901,0.0,0.0,0.0,0.0,0.0,0.0,0.0,0.0
4,4,0.0,0.07080989,0.0,0.0,0.9291901,0.0,0.0,0.0,0.0,0.0,0.0,0.0,0.0
4,4,0.0,0.07080989,0.0,0.0,0.9291901,0.0,0.0,0.0,0.0,0.0,0.0,0.0,0.0
4,4,0.0,0.07080989,0.0,0.0,0.9291901,0.0,0.0,0.0,0.0,0.0,0.0,0.0,0.0
4,4,0.0,0.07080989,0.0,0.0,0.9291901,0.0,0.0,0.0,0.0,0.0,0.0,0.0,0.0
4,4,0.0,0.07080989,0.0,0.0,0.9291901,0.0,0.0,0.0,0.0,0.0,0.0,0.0,0.0
4,4,0.0,0.07080989,0.0,0.0,0.9291901,0.0,0.0,0.0,0.0,0.0,0.0,0.0,0.0
4,4,0.0,0.07080989,0.0,0.0,0.9291901,0.0,0.0,0.0,0.0,0.0,0.0,0.0,0.0
4,4,0.0,0.07080989,0.0,0.0,0.9291901,0.0,0.0,0.0,0.0,0.0,0.0,0.0,0.0
4,4,0.0,0.07080989,0.0,0.0,0.9291901,0.0,0.0,0.0,0.0,0.0,0.0,0.0,0.0
4,4,0.0,0.07080989,0.0,0.0,0.9291901,0.0,0.0,0.0,0.0,0.0,0.0,0.0,0.0
4,4,0.0,0.07080989,0.0,0.0,0.9291901,0.0,0.0,0.0,0.0,0.0,0.0,0.0,0.0
4,4,0.0,0.07080989,0.0,0.0,0.9291901,0.0,0.0,0.0,0.0,0.0,0.0,0.0,0.0
4,4,0.0,0.07080989,0.0,0.0,0.9291901,0.0,0.0,0.0,0.0,0.0,0.0,0.0,0.0
4,4,0.0,0.07080989,0.0,0.0,0.9291901,0.0,0.0,0.0,0.0,0.0,0.0,0.0,0.0
4,4,0.0,0.07080989,0.0,0.0,0.9291901,0.0,0.0,0.0,0.0,0.0,0.0,0.0,0.0
4,4,0.0,0.07080989,0.0,0.0,0.9291901,0.0,0.0,0.0,0.0,0.0,0.0,0.0,0.0
4,4,0.0,0.07080989,0.0,0.0,0.9291901,0.0,0.0,0.0,0.0,0.0,0.0,0.0,0.0
4,4,0.0,0.07080989,0.0,0.0,0.9291901,0.0,0.0,0.0,0.0,0.0,0.0,0.0,0.0
4,4,0.0,0.07080989,0.0,0.0,0.9291901,0.0,0.0,0.0,0.0,0.0,0.0,0.0,0.0
4,4,0.0,0.07080989,0.0,0.0,0.9291901,0.0,0.0,0.0,0.0,0.0,0.0,0.0,0.0
4,4,0.0,0.07080989,0.0,0.0,0.9291901,0.0,0.0,0.0,0.0,0.0,0.0,0.0,0.0
4,4,0.0,0.07080989,0.0,0.0,0.9291901,0.0,0.0,0.0,0.0,0.0,0.0,0.0,0.0
4,4,0.0,0.07080989,0.0,0.0,0.9291901,0.0,0.0,0.0,0.0,0.0,0.0,0.0,0.0
4,4,0.0,0.07080989,0.0,0.0,0.9291901,0.0,0.0,0.0,0.0,0.0,0.0,0.0,0.0
4,4,0.0,0.07080989,0.0,0.0,0.9291901,0.0,0.0,0.0,0.0,0.0,0.0,0.0,0.0
4,4,0.0,0.07080989,0.0,0.0,0.9291901,0.0,0.0,0.0,0.0,0.0,0.0,0.0,0.0
4,4,0.0,0.07080989,0.0,0.0,0.9291901,0.0,0.0,0.0,0.0,0.0,0.0,0.0,0.0
4,4,0.0,0.07080989,0.0,0.0,0.9291901,0.0,0.0,0.0,0.0,0.0,0.0,0.0,0.0
4,4,0.0,0.07080989,0.0,0.0,0.9291901,0.0,0.0,0.0,0.0,0.0,0.0,0.0,0.0
4,4,0.0,0.07080989,0.0,0.0,0.9291901,0.0,0.0,0.0,0.0,0.0,0.0,0.0,0.0
4,4,0.0,0.07080989,0.0,0.0,0.9291901,0.0,0.0,0.0,0.0,0.0,0.0,0.0,0.0
4,4,0.0,0.07080989,0.0,0.0,0.9291901,0.0,0.0,0.0,0.0,0.0,0.0,0.0,0.0
4,4,0.0,0.07080989,0.0,0.0,0.9291901,0.0,0.0,0.0,0.0,0.0,0.0,0.0,0.0
4,4,0.0,0.07080989,0.0,0.0,0.9291901,0.0,0.0,0.0,0.0,0.0,0.0,0.0,0.0
4,4,0.0,0.07080989,0.0,0.0,0.9291901,0.0,0.0,0.0,0.0,0.0,0.0,0.0,0.0
4,4,0.0,0.07080989,0.0,0.0,0.9291901,0.0,0.0,0.0,0.0,0.0,0.0,0.0,0.0
4,4,0.0,0.07080989,0.0,0.0,0.9291901,0.0,0.0,0.0,0.0,0.0,0.0,0.0,0.0
4,4,0.0,0.07080989,0.0,0.0,0.9291901,0.0,0.0,0.0,0.0,0.0,0.0,0.0,0.0
4,4,0.0,0.07080989,0.0,0.0,0.9291901,0.0,0.0,0.0,0.0,0.0,0.0,0.0,0.0
4,4,0.0,0.07080989,0.0,0.0,0.9291901,0.0,0.0,0.0,0.0,0.0,0.0,0.0,0.0
4,4,0.0,0.07080989,0.0,0.0,0.9291901,0.0,0.0,0.0,0.0,0.0,0.0,0.0,0.0
4,4,0.0,0.07080989,0.0,0.0,0.9291901,0.0,0.0,0.0,0.0,0.0,0.0,0.0,0.0
4,4,0.0,0.07080989,0.0,0.0,0.9291901,0.0,0.0,0.0,0.0,0.0,0.0,0.0,0.0
4,4,0.0,0.07080989,0.0,0.0,0.9291901,0.0,0.0,0.0,0.0,0.0,0.0,0.0,0.0
4,4,0.0,0.07080989,0.0,0.0,0.9291901,0.0,0.0,0.0,0.0,0.0,0.0,0.0,0.0
4,4,0.0,0.07080989,0.0,0.0,0.9291901,0.0,0.0,0.0,0.0,0.0,0.0,0.0,0.0
4,4,0.0,0.07080989,0.0,0.0,0.9291901,0.0,0.0,0.0,0.0,0.0,0.0,0.0,0.0
4,4,0.0,0.07080989,0.0,0.0,0.9291901,0.0,0.0,0.0,0.0,0.0,0.0,0.0,0.0
4,4,0.0,0.07080989,0.0,0.0,0.9291901,0.0,0.0,0.0,0.0,0.0,0.0,0.0,0.0
4,4,0.0,0.07080989,0.0,0.0,0.9291901,0.0,0.0,0.0,0.0,0.0,0.0,0.0,0.0
4,4,0.0,0.07080989,0.0,0.0,0.9291901,0.0,0.0,0.0,0.0,0.0,0.0,0.0,0.0
4,4,0.0,0.07080989,0.0,0.0,0.9291901,0.0,0.0,0.0,0.0,0.0,0.0,0.0,0.0
4,4,0.0,0.07080989,0.0,0.0,0.9291901,0.0,0.0,0.0,0.0,0.0,0.0,0.0,0.0
4,4,0.0,0.07080989,0.0,0.0,0.9291901,0.0,0.0,0.0,0.0,0.0,0.0,0.0,0.0
4,4,0.0,0.07080989,0.0,0.0,0.9291901,0.0,0.0,0.0,0.0,0.0,0.0,0.0,0.0
4,4,0.0,0.07080989,0.0,0.0,0.9291901,0.0,0.0,0.0,0.0,0.0,0.0,0.0,0.0
4,4,0.0,0.07080989,0.0,0.0,0.9291901,0.0,0.0,0.0,0.0,0.0,0.0,0.0,0.0
4,4,0.0,0.07080989,0.0,0.0,0.9291901,0.0,0.0,0.0,0.0,0.0,0.0,0.0,0.0
4,4,0.0,0.07080989,0.0,0.0,0.9291901,0.0,0.0,0.0,0.0,0.0,0.0,0.0,0.0
4,4,0.0,0.07080989,0.0,0.0,0.9291901,0.0,0.0,0.0,0.0,0.0,0.0,0.0,0.0
4,4,0.0,0.07080989,0.0,0.0,0.9291901,0.0,0.0,0.0,0.0,0.0,0.0,0.0,0.0
4,4,0.0,0.07080989,0.0,0.0,0.9291901,0.0,0.0,0.0,0.0,0.0,0.0,0.0,0.0
4,4,0.0,0.07080989,0.0,0.0,0.9291901,0.0,0.0,0.0,0.0,0.0,0.0,0.0,0.0
4,4,0.0,0.07080989,0.0,0.0,0.9291901,0.0,0.0,0.0,0.0,0.0,0.0,0.0,0.0
4,4,0.0,0.07080989,0.0,0.0,0.9291901,0.0,0.0,0.0,0.0,0.0,0.0,0.0,0.0
4,4,0.0,0.07080989,0.0,0.0,0.9291901,0.0,0.0,0.0,0.0,0.0,0.0,0.0,0.0
4,4,0.0,0.07080989,0.0,0.0,0.9291901,0.0,0.0,0.0,0.0,0.0,0.0,0.0,0.0
4,4,0.0,0.07080989,0.0,0.0,0.9291901,0.0,0.0,0.0,0.0,0.0,0.0,0.0,0.0
4,4,0.0,0.07080989,0.0,0.0,0.9291901,0.0,0.0,0.0,0.0,0.0,0.0,0.0,0.0
4,4,0.0,0.07080989,0.0,0.0,0.9291901,0.0,0.0,0.0,0.0,0.0,0.0,0.0,0.0
4,4,0.0,0.07080989,0.0,0.0,0.9291901,0.0,0.0,0.0,0.0,0.0,0.0,0.0,0.0
4,4,0.0,0.07080989,0.0,0.0,0.9291901,0.0,0.0,0.0,0.0,0.0,0.0,0.0,0.0
4,4,0.0,0.0,0.0,0.0,1.0,0.0,0.0,0.0,0.0,0.0,0.0,0.0,0.0
4,4,0.0,0.0,0.0,0.0,1.0,0.0,0.0,0.0,0.0,0.0,0.0,0.0,0.0
4,4,0.0,0.0,0.0,0.0,1.0,0.0,0.0,0.0,0.0,0.0,0.0,0.0,0.0
4,4,0.0,0.0,0.0,0.0,1.0,0.0,0.0,0.0,0.0,0.0,0.0,0.0,0.0
4,4,0.0,0.0,0.0,0.0,1.0,0.0,0.0,0.0,0.0,0.0,0.0,0.0,0.0
4,4,0.0,0.0,0.0,0.0,1.0,0.0,0.0,0.0,0.0,0.0,0.0,0.0,0.0
4,4,0.0,0.0,0.0,0.0,1.0,0.0,0.0,0.0,0.0,0.0,0.0,0.0,0.0
4,4,0.0,0.0,0.0,0.0,1.0,0.0,0.0,0.0,0.0,0.0,0.0,0.0,0.0
4,4,0.0,0.0,0.0,0.0,1.0,0.0,0.0,0.0,0.0,0.0,0.0,0.0,0.0
4,4,0.0,0.0,0.0,0.0,1.0,0.0,0.0,0.0,0.0,0.0,0.0,0.0,0.0
4,4,0.0,0.0,0.0,0.0,1.0,0.0,0.0,0.0,0.0,0.0,0.0,0.0,0.0
4,4,0.0,0.0,0.0,0.0,1.0,0.0,0.0,0.0,0.0,0.0,0.0,0.0,0.0
4,4,0.0,0.0,0.0,0.0,1.0,0.0,0.0,0.0,0.0,0.0,0.0,0.0,0.0
4,4,0.0,0.0,0.0,0.0,1.0,0.0,0.0,0.0,0.0,0.0,0.0,0.0,0.0
4,4,0.0,0.0,0.0,0.0,1.0,0.0,0.0,0.0,0.0,0.0,0.0,0.0,0.0
4,4,0.0,0.0,0.0,0.0,1.0,0.0,0.0,0.0,0.0,0.0,0.0,0.0,0.0
4,4,0.0,0.0,0.0,0.0,1.0,0.0,0.0,0.0,0.0,0.0,0.0,0.0,0.0
4,4,0.0,0.0,0.0,0.0,1.0,0.0,0.0,0.0,0.0,0.0,0.0,0.0,0.0
4,4,0.0,0.0,0.0,0.0,1.0,0.0,0.0,0.0,0.0,0.0,0.0,0.0,0.0
4,4,0.0,0.0,0.0,0.0,1.0,0.0,0.0,0.0,0.0,0.0,0.0,0.0,0.0
4,4,0.0,0.0,0.0,0.0,1.0,0.0,0.0,0.0,0.0,0.0,0.0,0.0,0.0
4,4,0.0,0.0,0.0,0.0,1.0,0.0,0.0,0.0,0.0,0.0,0.0,0.0,0.0
4,4,0.0,0.0,0.0,0.0,1.0,0.0,0.0,0.0,0.0,0.0,0.0,0.0,0.0
4,4,0.0,0.0,0.0,0.0,1.0,0.0,0.0,0.0,0.0,0.0,0.0,0.0,0.0
4,4,0.0,0.0,0.0,0.0,1.0,0.0,0.0,0.0,0.0,0.0,0.0,0.0,0.0
4,4,0.0,0.0,0.0,0.0,1.0,0.0,0.0,0.0,0.0,0.0,0.0,0.0,0.0
4,4,0.0,0.0,0.0,0.0,1.0,0.0,0.0,0.0,0.0,0.0,0.0,0.0,0.0
4,4,0.0,0.0,0.0,0.0,1.0,0.0,0.0,0.0,0.0,0.0,0.0,0.0,0.0
4,4,0.0,0.0,0.0,0.0,1.0,0.0,0.0,0.0,0.0,0.0,0.0,0.0,0.0
4,4,0.0,0.0,0.0,0.0,1.0,0.0,0.0,0.0,0.0,0.0,0.0,0.0,0.0
4,4,0.0,0.0,0.0,0.0,1.0,0.0,0.0,0.0,0.0,0.0,0.0,0.0,0.0
4,4,0.0,0.0,0.0,0.0,1.0,0.0,0.0,0.0,0.0,0.0,0.0,0.0,0.0
4,4,0.0,0.0,0.0,0.0,1.0,0.0,0.0,0.0,0.0,0.0,0.0,0.0,0.0
4,4,0.0,0.0,0.0,0.0,1.0,0.0,0.0,0.0,0.0,0.0,0.0,0.0,0.0
4,4,0.0,0.0,0.0,0.0,1.0,0.0,0.0,0.0,0.0,0.0,0.0,0.0,0.0
4,4,0.0,0.0,0.0,0.0,1.0,0.0,0.0,0.0,0.0,0.0,0.0,0.0,0.0
4,4,0.0,0.0,0.0,0.0,1.0,0.0,0.0,0.0,0.0,0.0,0.0,0.0,0.0
4,4,0.0,0.0,0.0,0.0,1.0,0.0,0.0,0.0,0.0,0.0,0.0,0.0,0.0
4,4,0.0,0.0,0.0,0.0,1.0,0.0,0.0,0.0,0.0,0.0,0.0,0.0,0.0
4,4,0.0,0.0,0.0,0.0,1.0,0.0,0.0,0.0,0.0,0.0,0.0,0.0,0.0
4,4,0.0,0.0,0.0,0.0,1.0,0.0,0.0,0.0,0.0,0.0,0.0,0.0,0.0
4,4,0.0,0.0,0.0,0.0,1.0,0.0,0.0,0.0,0.0,0.0,0.0,0.0,0.0
4,4,0.0,0.0,0.0,0.0,1.0,0.0,0.0,0.0,0.0,0.0,0.0,0.0,0.0
4,4,0.0,0.0,0.0,0.0,1.0,0.0,0.0,0.0,0.0,0.0,0.0,0.0,0.0
4,4,0.0,0.0,0.0,0.0,1.0,0.0,0.0,0.0,0.0,0.0,0.0,0.0,0.0
4,4,0.0,0.0,0.0,0.0,1.0,0.0,0.0,0.0,0.0,0.0,0.0,0.0,0.0
4,4,0.0,0.0,0.0,0.0,1.0,0.0,0.0,0.0,0.0,0.0,0.0,0.0,0.0
4,4,0.0,0.0,0.0,0.0,1.0,0.0,0.0,0.0,0.0,0.0,0.0,0.0,0.0
4,4,0.0,0.0,0.0,0.0,1.0,0.0,0.0,0.0,0.0,0.0,0.0,0.0,0.0
4,4,0.0,0.0,0.0,0.0,1.0,0.0,0.0,0.0,0.0,0.0,0.0,0.0,0.0
4,4,0.0,0.0,0.0,0.0,1.0,0.0,0.0,0.0,0.0,0.0,0.0,0.0,0.0
4,4,0.0,0.0,0.0,0.0,1.0,0.0,0.0,0.0,0.0,0.0,0.0,0.0,0.0
4,4,0.0,0.0,0.0,0.0,1.0,0.0,0.0,0.0,0.0,0.0,0.0,0.0,0.0
4,4,0.0,0.0,0.0,0.0,1.0,0.0,0.0,0.0,0.0,0.0,0.0,0.0,0.0
4,4,0.0,0.0,0.0,0.0,1.0,0.0,0.0,0.0,0.0,0.0,0.0,0.0,0.0
4,4,0.0,0.0,0.0,0.0,1.0,0.0,0.0,0.0,0.0,0.0,0.0,0.0,0.0
4,4,0.0,0.0,0.0,0.0,1.0,0.0,0.0,0.0,0.0,0.0,0.0,0.0,0.0
4,4,0.0,0.0,0.0,0.0,1.0,0.0,0.0,0.0,0.0,0.0,0.0,0.0,0.0
4,4,0.0,0.0,0.0,0.0,1.0,0.0,0.0,0.0,0.0,0.0,0.0,0.0,0.0
4,4,0.0,0.0,0.0,0.0,1.0,0.0,0.0,0.0,0.0,0.0,0.0,0.0,0.0
4,4,0.0,0.0,0.0,0.0,1.0,0.0,0.0,0.0,0.0,0.0,0.0,0.0,0.0
4,4,0.0,0.0,0.0,0.0,1.0,0.0,0.0,0.0,0.0,0.0,0.0,0.0,0.0
4,4,0.0,0.0,0.0,0.0,1.0,0.0,0.0,0.0,0.0,0.0,0.0,0.0,0.0
4,4,0.0,0.0,0.0,0.0,1.0,0.0,0.0,0.0,0.0,0.0,0.0,0.0,0.0
4,4,0.0,0.0,0.0,0.0,1.0,0.0,0.0,0.0,0.0,0.0,0.0,0.0,0.0
4,4,0.0,0.0,0.0,0.0,1.0,0.0,0.0,0.0,0.0,0.0,0.0,0.0,0.0
4,4,0.0,0.0,0.0,0.0,1.0,0.0,0.0,0.0,0.0,0.0,0.0,0.0,0.0
4,4,0.0,0.0,0.0,0.0,1.0,0.0,0.0,0.0,0.0,0.0,0.0,0.0,0.0
4,4,0.0,0.0,0.0,0.0,1.0,0.0,0.0,0.0,0.0,0.0,0.0,0.0,0.0
4,4,0.0,0.0,0.0,0.0,1.0,0.0,0.0,0.0,0.0,0.0,0.0,0.0,0.0
4,4,0.0,0.0,0.0,0.0,1.0,0.0,0.0,0.0,0.0,0.0,0.0,0.0,0.0
4,4,0.0,0.0,0.0,0.0,1.0,0.0,0.0,0.0,0.0,0.0,0.0,0.0,0.0
4,4,0.0,0.0,0.0,0.0,1.0,0.0,0.0,0.0,0.0,0.0,0.0,0.0,0.0
4,4,0.0,0.0,0.0,0.0,1.0,0.0,0.0,0.0,0.0,0.0,0.0,0.0,0.0
4,4,0.0,0.0,0.0,0.0,1.0,0.0,0.0,0.0,0.0,0.0,0.0,0.0,0.0
4,4,0.0,0.0,0.0,0.0,1.0,0.0,0.0,0.0,0.0,0.0,0.0,0.0,0.0
4,4,0.0,0.0,0.0,0.0,1.0,0.0,0.0,0.0,0.0,0.0,0.0,0.0,0.0
4,4,0.0,0.0,0.0,0.0,1.0,0.0,0.0,0.0,0.0,0.0,0.0,0.0,0.0
4,4,0.0,0.0,0.0,0.0,1.0,0.0,0.0,0.0,0.0,0.0,0.0,0.0,0.0
4,4,0.0,0.0,0.0,0.0,1.0,0.0,0.0,0.0,0.0,0.0,0.0,0.0,0.0
4,4,0.0,0.0,0.0,0.0,1.0,0.0,0.0,0.0,0.0,0.0,0.0,0.0,0.0
4,4,0.0,0.0,0.0,0.0,1.0,0.0,0.0,0.0,0.0,0.0,0.0,0.0,0.0
4,4,0.0,0.0,0.0,0.0,1.0,0.0,0.0,0.0,0.0,0.0,0.0,0.0,0.0
4,4,0.0,0.0,0.0,0.0,1.0,0.0,0.0,0.0,0.0,0.0,0.0,0.0,0.0
4,4,0.0,0.0,0.0,0.0,1.0,0.0,0.0,0.0,0.0,0.0,0.0,0.0,0.0
4,4,0.0,0.0,0.0,0.0,1.0,0.0,0.0,0.0,0.0,0.0,0.0,0.0,0.0
4,4,0.0,0.0,0.0,0.0,1.0,0.0,0.0,0.0,0.0,0.0,0.0,0.0,0.0
4,4,0.0,0.0,0.0,0.0,1.0,0.0,0.0,0.0,0.0,0.0,0.0,0.0,0.0
4,4,0.0,0.0,0.0,0.0,1.0,0.0,0.0,0.0,0.0,0.0,0.0,0.0,0.0
4,4,0.0,0.0,0.0,0.0,1.0,0.0,0.0,0.0,0.0,0.0,0.0,0.0,0.0
4,4,0.0,0.0,0.0,0.0,1.0,0.0,0.0,0.0,0.0,0.0,0.0,0.0,0.0
4,4,0.0,0.0,0.0,0.0,1.0,0.0,0.0,0.0,0.0,0.0,0.0,0.0,0.0
4,4,0.0,0.0,0.0,0.0,1.0,0.0,0.0,0.0,0.0,0.0,0.0,0.0,0.0
4,4,0.0,0.0,0.0,0.0,1.0,0.0,0.0,0.0,0.0,0.0,0.0,0.0,0.0
4,4,0.0,0.0,0.0,0.0,1.0,0.0,0.0,0.0,0.0,0.0,0.0,0.0,0.0
4,4,0.0,0.0,0.0,0.0,1.0,0.0,0.0,0.0,0.0,0.0,0.0,0.0,0.0
4,4,0.0,0.0,0.0,0.0,1.0,0.0,0.0,0.0,0.0,0.0,0.0,0.0,0.0
4,4,0.0,0.0,0.0,0.0,1.0,0.0,0.0,0.0,0.0,0.0,0.0,0.0,0.0
4,4,0.0,0.0,0.0,0.0,1.0,0.0,0.0,0.0,0.0,0.0,0.0,0.0,0.0
4,4,0.0,0.0,0.0,0.0,1.0,0.0,0.0,0.0,0.0,0.0,0.0,0.0,0.0
4,4,0.0,0.0,0.0,0.0,1.0,0.0,0.0,0.0,0.0,0.0,0.0,0.0,0.0
4,4,0.0,0.0,0.0,0.0,1.0,0.0,0.0,0.0,0.0,0.0,0.0,0.0,0.0
4,4,0.0,0.0,0.0,0.0,1.0,0.0,0.0,0.0,0.0,0.0,0.0,0.0,0.0
4,4,0.0,0.0,0.0,0.0,1.0,0.0,0.0,0.0,0.0,0.0,0.0,0.0,0.0
4,4,0.0,0.0,0.0,0.0,1.0,0.0,0.0,0.0,0.0,0.0,0.0,0.0,0.0
4,4,0.0,0.0,0.0,0.0,1.0,0.0,0.0,0.0,0.0,0.0,0.0,0.0,0.0
4,4,0.0,0.0,0.0,0.0,1.0,0.0,0.0,0.0,0.0,0.0,0.0,0.0,0.0
4,4,0.0,0.0,0.0,0.0,1.0,0.0,0.0,0.0,0.0,0.0,0.0,0.0,0.0
4,4,0.0,0.0,0.0,0.0,1.0,0.0,0.0,0.0,0.0,0.0,0.0,0.0,0.0
4,4,0.0,0.0,0.0,0.0,1.0,0.0,0.0,0.0,0.0,0.0,0.0,0.0,0.0
4,4,0.0,0.0,0.0,0.0,1.0,0.0,0.0,0.0,0.0,0.0,0.0,0.0,0.0
4,4,0.0,0.0,0.0,0.0,1.0,0.0,0.0,0.0,0.0,0.0,0.0,0.0,0.0
4,4,0.0,0.0,0.0,0.0,1.0,0.0,0.0,0.0,0.0,0.0,0.0,0.0,0.0
4,4,0.0,0.0,0.0,0.0,1.0,0.0,0.0,0.0,0.0,0.0,0.0,0.0,0.0
4,4,0.0,0.0,0.0,0.0,1.0,0.0,0.0,0.0,0.0,0.0,0.0,0.0,0.0
4,4,0.0,0.0,0.0,0.0,1.0,0.0,0.0,0.0,0.0,0.0,0.0,0.0,0.0
4,4,0.0,0.0,0.0,0.0,1.0,0.0,0.0,0.0,0.0,0.0,0.0,0.0,0.0
4,4,0.0,0.0,0.0,0.0,1.0,0.0,0.0,0.0,0.0,0.0,0.0,0.0,0.0
4,4,0.0,0.0,0.0,0.0,1.0,0.0,0.0,0.0,0.0,0.0,0.0,0.0,0.0
4,4,0.0,0.0,0.0,0.0,1.0,0.0,0.0,0.0,0.0,0.0,0.0,0.0,0.0
4,4,0.0,0.0,0.0,0.0,1.0,0.0,0.0,0.0,0.0,0.0,0.0,0.0,0.0
4,4,0.0,0.0,0.0,0.0,1.0,0.0,0.0,0.0,0.0,0.0,0.0,0.0,0.0
4,4,0.0,0.0,0.0,0.0,1.0,0.0,0.0,0.0,0.0,0.0,0.0,0.0,0.0
4,4,0.0,0.0,0.0,0.0,1.0,0.0,0.0,0.0,0.0,0.0,0.0,0.0,0.0
4,4,0.0,0.0,0.0,0.0,1.0,0.0,0.0,0.0,0.0,0.0,0.0,0.0,0.0
4,4,0.0,0.0,0.0,0.0,1.0,0.0,0.0,0.0,0.0,0.0,0.0,0.0,0.0
4,4,0.0,0.0,0.0,0.0,1.0,0.0,0.0,0.0,0.0,0.0,0.0,0.0,0.0
4,4,0.0,0.0,0.0,0.0,1.0,0.0,0.0,0.0,0.0,0.0,0.0,0.0,0.0
4,4,0.0,0.0,0.0,0.0,1.0,0.0,0.0,0.0,0.0,0.0,0.0,0.0,0.0
4,4,0.0,0.0,0.0,0.0,1.0,0.0,0.0,0.0,0.0,0.0,0.0,0.0,0.0
4,4,0.0,0.0,0.0,0.0,1.0,0.0,0.0,0.0,0.0,0.0,0.0,0.0,0.0
4,4,0.0,0.0,0.0,0.0,1.0,0.0,0.0,0.0,0.0,0.0,0.0,0.0,0.0
4,4,0.0,0.0,0.0,0.0,1.0,0.0,0.0,0.0,0.0,0.0,0.0,0.0,0.0
4,4,0.0,0.0,0.0,0.0,1.0,0.0,0.0,0.0,0.0,0.0,0.0,0.0,0.0
4,4,0.0,0.0,0.0,0.0,1.0,0.0,0.0,0.0,0.0,0.0,0.0,0.0,0.0
4,4,0.0,0.0,0.0,0.0,1.0,0.0,0.0,0.0,0.0,0.0,0.0,0.0,0.0
4,4,0.0,0.0,0.0,0.0,1.0,0.0,0.0,0.0,0.0,0.0,0.0,0.0,0.0
4,4,0.0,0.0,0.0,0.0,1.0,0.0,0.0,0.0,0.0,0.0,0.0,0.0,0.0
4,4,0.0,0.0,0.0,0.0,1.0,0.0,0.0,0.0,0.0,0.0,0.0,0.0,0.0
4,4,0.0,0.0,0.0,0.0,1.0,0.0,0.0,0.0,0.0,0.0,0.0,0.0,0.0
4,4,0.0,0.0,0.0,0.0,1.0,0.0,0.0,0.0,0.0,0.0,0.0,0.0,0.0
4,4,0.0,0.0,0.0,0.0,1.0,0.0,0.0,0.0,0.0,0.0,0.0,0.0,0.0
4,4,0.0,0.0,0.0,0.0,1.0,0.0,0.0,0.0,0.0,0.0,0.0,0.0,0.0
4,4,0.0,0.0,0.0,0.0,1.0,0.0,0.0,0.0,0.0,0.0,0.0,0.0,0.0
4,4,0.0,0.0,0.0,0.0,1.0,0.0,0.0,0.0,0.0,0.0,0.0,0.0,0.0
4,4,0.0,0.0,0.0,0.0,1.0,0.0,0.0,0.0,0.0,0.0,0.0,0.0,0.0
4,4,0.0,0.0,0.0,0.0,1.0,0.0,0.0,0.0,0.0,0.0,0.0,0.0,0.0
4,4,0.0,0.0,0.0,0.0,1.0,0.0,0.0,0.0,0.0,0.0,0.0,0.0,0.0
4,4,0.0,0.0,0.0,0.0,1.0,0.0,0.0,0.0,0.0,0.0,0.0,0.0,0.0
4,4,0.0,0.0,0.0,0.0,1.0,0.0,0.0,0.0,0.0,0.0,0.0,0.0,0.0
4,4,0.0,0.0,0.0,0.0,1.0,0.0,0.0,0.0,0.0,0.0,0.0,0.0,0.0
4,4,0.0,0.0,0.0,0.0,1.0,0.0,0.0,0.0,0.0,0.0,0.0,0.0,0.0
4,4,0.0,0.0,0.0,0.0,1.0,0.0,0.0,0.0,0.0,0.0,0.0,0.0,0.0
4,4,0.0,0.0,0.0,0.0,1.0,0.0,0.0,0.0,0.0,0.0,0.0,0.0,0.0
4,4,0.0,0.0,0.0,0.0,1.0,0.0,0.0,0.0,0.0,0.0,0.0,0.0,0.0
4,4,0.0,0.0,0.0,0.0,1.0,0.0,0.0,0.0,0.0,0.0,0.0,0.0,0.0
4,4,0.0,0.0,0.0,0.0,1.0,0.0,0.0,0.0,0.0,0.0,0.0,0.0,0.0
4,4,0.0,0.0,0.0,0.0,1.0,0.0,0.0,0.0,0.0,0.0,0.0,0.0,0.0
4,4,0.0,0.0,0.0,0.0,1.0,0.0,0.0,0.0,0.0,0.0,0.0,0.0,0.0
4,4,0.0,0.0,0.0,0.0,1.0,0.0,0.0,0.0,0.0,0.0,0.0,0.0,0.0
4,4,0.0,0.0,0.0,0.0,1.0,0.0,0.0,0.0,0.0,0.0,0.0,0.0,0.0
4,4,0.0,0.0,0.0,0.0,1.0,0.0,0.0,0.0,0.0,0.0,0.0,0.0,0.0
4,4,0.0,0.0,0.0,0.0,1.0,0.0,0.0,0.0,0.0,0.0,0.0,0.0,0.0
4,4,0.0,0.0,0.0,0.0,1.0,0.0,0.0,0.0,0.0,0.0,0.0,0.0,0.0
4,4,0.0,0.0,0.0,0.0,1.0,0.0,0.0,0.0,0.0,0.0,0.0,0.0,0.0
4,4,0.0,0.0,0.0,0.0,1.0,0.0,0.0,0.0,0.0,0.0,0.0,0.0,0.0
4,4,0.0,0.0,0.0,0.0,1.0,0.0,0.0,0.0,0.0,0.0,0.0,0.0,0.0
4,4,0.0,0.0,0.0,0.0,1.0,0.0,0.0,0.0,0.0,0.0,0.0,0.0,0.0
4,4,0.0,0.0,0.0,0.0,1.0,0.0,0.0,0.0,0.0,0.0,0.0,0.0,0.0
4,4,0.0,0.0,0.0,0.0,1.0,0.0,0.0,0.0,0.0,0.0,0.0,0.0,0.0
4,4,0.0,0.0,0.0,0.0,1.0,0.0,0.0,0.0,0.0,0.0,0.0,0.0,0.0
4,4,0.0,0.0,0.0,0.0,1.0,0.0,0.0,0.0,0.0,0.0,0.0,0.0,0.0
4,4,0.0,0.0,0.0,0.0,1.0,0.0,0.0,0.0,0.0,0.0,0.0,0.0,0.0
4,4,0.0,0.0,0.0,0.0,1.0,0.0,0.0,0.0,0.0,0.0,0.0,0.0,0.0
4,4,0.0,0.0,0.0,0.0,1.0,0.0,0.0,0.0,0.0,0.0,0.0,0.0,0.0
4,4,0.0,0.0,0.0,0.0,1.0,0.0,0.0,0.0,0.0,0.0,0.0,0.0,0.0
4,4,0.0,0.0,0.0,0.0,1.0,0.0,0.0,0.0,0.0,0.0,0.0,0.0,0.0
4,4,0.0,0.0,0.0,0.0,1.0,0.0,0.0,0.0,0.0,0.0,0.0,0.0,0.0
4,4,0.0,0.0,0.0,0.0,1.0,0.0,0.0,0.0,0.0,0.0,0.0,0.0,0.0
4,4,0.0,0.0,0.0,0.0,1.0,0.0,0.0,0.0,0.0,0.0,0.0,0.0,0.0
4,4,0.0,0.0,0.0,0.0,1.0,0.0,0.0,0.0,0.0,0.0,0.0,0.0,0.0
4,4,0.0,0.0,0.0,0.0,1.0,0.0,0.0,0.0,0.0,0.0,0.0,0.0,0.0
4,4,0.0,0.0,0.0,0.0,1.0,0.0,0.0,0.0,0.0,0.0,0.0,0.0,0.0
4,4,0.0,0.0,0.0,0.0,1.0,0.0,0.0,0.0,0.0,0.0,0.0,0.0,0.0
4,4,0.0,0.0,0.0,0.0,1.0,0.0,0.0,0.0,0.0,0.0,0.0,0.0,0.0
4,4,0.0,0.0,0.0,0.0,1.0,0.0,0.0,0.0,0.0,0.0,0.0,0.0,0.0
4,4,0.0,0.0,0.0,0.0,1.0,0.0,0.0,0.0,0.0,0.0,0.0,0.0,0.0
4,4,0.0,0.0,0.0,0.0,1.0,0.0,0.0,0.0,0.0,0.0,0.0,0.0,0.0
4,4,0.0,0.0,0.0,0.0,1.0,0.0,0.0,0.0,0.0,0.0,0.0,0.0,0.0
4,4,0.0,0.0,0.0,0.0,1.0,0.0,0.0,0.0,0.0,0.0,0.0,0.0,0.0
4,4,0.0,0.0,0.0,0.0,1.0,0.0,0.0,0.0,0.0,0.0,0.0,0.0,0.0
4,4,0.0,0.0,0.0,0.0,1.0,0.0,0.0,0.0,0.0,0.0,0.0,0.0,0.0
4,4,0.0,0.0,0.0,0.0,1.0,0.0,0.0,0.0,0.0,0.0,0.0,0.0,0.0
4,4,0.0,0.0,0.0,0.0,1.0,0.0,0.0,0.0,0.0,0.0,0.0,0.0,0.0
4,4,0.0,0.0,0.0,0.0,1.0,0.0,0.0,0.0,0.0,0.0,0.0,0.0,0.0
4,4,0.0,0.0,0.0,0.0,1.0,0.0,0.0,0.0,0.0,0.0,0.0,0.0,0.0
4,4,0.0,0.0,0.0,0.0,1.0,0.0,0.0,0.0,0.0,0.0,0.0,0.0,0.0
4,4,0.0,0.0,0.0,0.0,1.0,0.0,0.0,0.0,0.0,0.0,0.0,0.0,0.0
4,4,0.0,0.0,0.0,0.0,1.0,0.0,0.0,0.0,0.0,0.0,0.0,0.0,0.0
4,4,0.0,0.0,0.0,0.0,1.0,0.0,0.0,0.0,0.0,0.0,0.0,0.0,0.0
4,4,0.0,0.0,0.0,0.0,1.0,0.0,0.0,0.0,0.0,0.0,0.0,0.0,0.0
4,4,0.0,0.0,0.0,0.0,1.0,0.0,0.0,0.0,0.0,0.0,0.0,0.0,0.0
4,4,0.0,0.0,0.0,0.0,1.0,0.0,0.0,0.0,0.0,0.0,0.0,0.0,0.0
4,4,0.0,0.0,0.0,0.0,1.0,0.0,0.0,0.0,0.0,0.0,0.0,0.0,0.0
4,4,0.0,0.0,0.0,0.0,1.0,0.0,0.0,0.0,0.0,0.0,0.0,0.0,0.0
4,4,0.0,0.0,0.0,0.0,1.0,0.0,0.0,0.0,0.0,0.0,0.0,0.0,0.0
4,4,0.0,0.0,0.0,0.0,1.0,0.0,0.0,0.0,0.0,0.0,0.0,0.0,0.0
4,4,0.0,0.0,0.0,0.0,1.0,0.0,0.0,0.0,0.0,0.0,0.0,0.0,0.0
4,4,0.0,0.0,0.0,0.0,1.0,0.0,0.0,0.0,0.0,0.0,0.0,0.0,0.0
4,4,0.0,0.0,0.0,0.0,1.0,0.0,0.0,0.0,0.0,0.0,0.0,0.0,0.0
4,4,0.0,0.0,0.0,0.0,1.0,0.0,0.0,0.0,0.0,0.0,0.0,0.0,0.0
4,4,0.0,0.0,0.0,0.0,1.0,0.0,0.0,0.0,0.0,0.0,0.0,0.0,0.0
4,4,0.0,0.0,0.0,0.0,1.0,0.0,0.0,0.0,0.0,0.0,0.0,0.0,0.0
4,4,0.0,0.0,0.0,0.0,1.0,0.0,0.0,0.0,0.0,0.0,0.0,0.0,0.0
4,4,0.0,0.0,0.0,0.0,1.0,0.0,0.0,0.0,0.0,0.0,0.0,0.0,0.0
4,4,0.0,0.0,0.0,0.0,1.0,0.0,0.0,0.0,0.0,0.0,0.0,0.0,0.0
4,4,0.0,0.0,0.0,0.0,1.0,0.0,0.0,0.0,0.0,0.0,0.0,0.0,0.0
4,4,0.0,0.0,0.0,0.0,1.0,0.0,0.0,0.0,0.0,0.0,0.0,0.0,0.0
4,4,0.0,0.0,0.0,0.0,1.0,0.0,0.0,0.0,0.0,0.0,0.0,0.0,0.0
4,4,0.0,0.0,0.0,0.0,1.0,0.0,0.0,0.0,0.0,0.0,0.0,0.0,0.0
4,4,0.0,0.0,0.0,0.0,1.0,0.0,0.0,0.0,0.0,0.0,0.0,0.0,0.0
4,4,0.0,0.0,0.0,0.0,1.0,0.0,0.0,0.0,0.0,0.0,0.0,0.0,0.0
4,4,0.0,0.0,0.0,0.0,1.0,0.0,0.0,0.0,0.0,0.0,0.0,0.0,0.0
4,4,0.0,0.0,0.0,0.0,1.0,0.0,0.0,0.0,0.0,0.0,0.0,0.0,0.0
4,4,0.0,0.0,0.0,0.0,1.0,0.0,0.0,0.0,0.0,0.0,0.0,0.0,0.0
4,4,0.0,0.0,0.0,0.0,1.0,0.0,0.0,0.0,0.0,0.0,0.0,0.0,0.0
4,4,0.0,0.0,0.0,0.0,1.0,0.0,0.0,0.0,0.0,0.0,0.0,0.0,0.0
4,4,0.0,0.0,0.0,0.0,1.0,0.0,0.0,0.0,0.0,0.0,0.0,0.0,0.0
4,4,0.0,0.0,0.0,0.0,1.0,0.0,0.0,0.0,0.0,0.0,0.0,0.0,0.0
4,4,0.0,0.0,0.0,0.0,1.0,0.0,0.0,0.0,0.0,0.0,0.0,0.0,0.0
4,4,0.0,0.0,0.0,0.0,1.0,0.0,0.0,0.0,0.0,0.0,0.0,0.0,0.0
4,4,0.0,0.0,0.0,0.0,1.0,0.0,0.0,0.0,0.0,0.0,0.0,0.0,0.0
4,4,0.0,0.0,0.0,0.0,1.0,0.0,0.0,0.0,0.0,0.0,0.0,0.0,0.0
4,4,0.0,0.0,0.0,0.0,1.0,0.0,0.0,0.0,0.0,0.0,0.0,0.0,0.0
4,4,0.0,0.0,0.0,0.0,1.0,0.0,0.0,0.0,0.0,0.0,0.0,0.0,0.0
4,4,0.0,0.0,0.0,0.0,1.0,0.0,0.0,0.0,0.0,0.0,0.0,0.0,0.0
4,4,0.0,0.0,0.0,0.0,1.0,0.0,0.0,0.0,0.0,0.0,0.0,0.0,0.0
4,4,0.0,0.0,0.0,0.0,1.0,0.0,0.0,0.0,0.0,0.0,0.0,0.0,0.0
4,4,0.0,0.0,0.0,0.0,1.0,0.0,0.0,0.0,0.0,0.0,0.0,0.0,0.0
4,4,0.0,0.0,0.0,0.0,1.0,0.0,0.0,0.0,0.0,0.0,0.0,0.0,0.0
4,4,0.0,0.0,0.0,0.0,1.0,0.0,0.0,0.0,0.0,0.0,0.0,0.0,0.0
4,4,0.0,0.0,0.0,0.0,1.0,0.0,0.0,0.0,0.0,0.0,0.0,0.0,0.0
4,4,0.0,0.0,0.0,0.0,1.0,0.0,0.0,0.0,0.0,0.0,0.0,0.0,0.0
4,4,0.0,0.0,0.0,0.0,1.0,0.0,0.0,0.0,0.0,0.0,0.0,0.0,0.0
4,4,0.0,0.0,0.0,0.0,1.0,0.0,0.0,0.0,0.0,0.0,0.0,0.0,0.0
4,4,0.0,0.0,0.0,0.0,1.0,0.0,0.0,0.0,0.0,0.0,0.0,0.0,0.0
4,4,0.0,0.0,0.0,0.0,1.0,0.0,0.0,0.0,0.0,0.0,0.0,0.0,0.0
4,4,0.0,0.0,0.0,0.0,1.0,0.0,0.0,0.0,0.0,0.0,0.0,0.0,0.0
4,4,0.0,0.0,0.0,0.0,1.0,0.0,0.0,0.0,0.0,0.0,0.0,0.0,0.0
4,4,0.0,0.0,0.0,0.0,1.0,0.0,0.0,0.0,0.0,0.0,0.0,0.0,0.0
4,4,0.0,0.0,0.0,0.0,1.0,0.0,0.0,0.0,0.0,0.0,0.0,0.0,0.0
4,4,0.0,0.0,0.0,0.0,1.0,0.0,0.0,0.0,0.0,0.0,0.0,0.0,0.0
4,4,0.0,0.0,0.0,0.0,1.0,0.0,0.0,0.0,0.0,0.0,0.0,0.0,0.0
4,4,0.0,0.0,0.0,0.0,1.0,0.0,0.0,0.0,0.0,0.0,0.0,0.0,0.0
4,4,0.0,0.0,0.0,0.0,1.0,0.0,0.0,0.0,0.0,0.0,0.0,0.0,0.0
4,4,0.0,0.0,0.0,0.0,1.0,0.0,0.0,0.0,0.0,0.0,0.0,0.0,0.0
4,4,0.0,0.07080989,0.0,0.0,0.9291901,0.0,0.0,0.0,0.0,0.0,0.0,0.0,0.0
4,4,0.0,0.07080989,0.0,0.0,0.9291901,0.0,0.0,0.0,0.0,0.0,0.0,0.0,0.0
4,4,0.0,0.07080989,0.0,0.0,0.9291901,0.0,0.0,0.0,0.0,0.0,0.0,0.0,0.0
4,4,0.0,0.07080989,0.0,0.0,0.9291901,0.0,0.0,0.0,0.0,0.0,0.0,0.0,0.0
4,4,0.0,0.07080989,0.0,0.0,0.9291901,0.0,0.0,0.0,0.0,0.0,0.0,0.0,0.0
4,4,0.0,0.07080989,0.0,0.0,0.9291901,0.0,0.0,0.0,0.0,0.0,0.0,0.0,0.0
4,4,0.0,0.07080989,0.0,0.0,0.9291901,0.0,0.0,0.0,0.0,0.0,0.0,0.0,0.0
4,4,0.0,0.07080989,0.0,0.0,0.9291901,0.0,0.0,0.0,0.0,0.0,0.0,0.0,0.0
4,4,0.0,0.07080989,0.0,0.0,0.9291901,0.0,0.0,0.0,0.0,0.0,0.0,0.0,0.0
4,4,0.0,0.07080989,0.0,0.0,0.9291901,0.0,0.0,0.0,0.0,0.0,0.0,0.0,0.0
4,4,0.0,0.07080989,0.0,0.0,0.9291901,0.0,0.0,0.0,0.0,0.0,0.0,0.0,0.0
4,4,0.0,0.07080989,0.0,0.0,0.9291901,0.0,0.0,0.0,0.0,0.0,0.0,0.0,0.0
4,4,0.0,0.07080989,0.0,0.0,0.9291901,0.0,0.0,0.0,0.0,0.0,0.0,0.0,0.0
4,4,0.0,0.07080989,0.0,0.0,0.9291901,0.0,0.0,0.0,0.0,0.0,0.0,0.0,0.0
4,4,0.0,0.07080989,0.0,0.0,0.9291901,0.0,0.0,0.0,0.0,0.0,0.0,0.0,0.0
4,4,0.0,0.07080989,0.0,0.0,0.9291901,0.0,0.0,0.0,0.0,0.0,0.0,0.0,0.0
4,4,0.0,0.07080989,0.0,0.0,0.9291901,0.0,0.0,0.0,0.0,0.0,0.0,0.0,0.0
4,4,0.0,0.07080989,0.0,0.0,0.9291901,0.0,0.0,0.0,0.0,0.0,0.0,0.0,0.0
4,4,0.0,0.07080989,0.0,0.0,0.9291901,0.0,0.0,0.0,0.0,0.0,0.0,0.0,0.0
4,4,0.0,0.07080989,0.0,0.0,0.9291901,0.0,0.0,0.0,0.0,0.0,0.0,0.0,0.0
4,4,0.0,0.07080989,0.0,0.0,0.9291901,0.0,0.0,0.0,0.0,0.0,0.0,0.0,0.0
4,4,0.0,0.07080989,0.0,0.0,0.9291901,0.0,0.0,0.0,0.0,0.0,0.0,0.0,0.0
4,4,0.0,0.07080989,0.0,0.0,0.9291901,0.0,0.0,0.0,0.0,0.0,0.0,0.0,0.0
4,4,0.0,0.07080989,0.0,0.0,0.9291901,0.0,0.0,0.0,0.0,0.0,0.0,0.0,0.0
4,4,0.0,0.07080989,0.0,0.0,0.9291901,0.0,0.0,0.0,0.0,0.0,0.0,0.0,0.0
4,4,0.0,0.07080989,0.0,0.0,0.9291901,0.0,0.0,0.0,0.0,0.0,0.0,0.0,0.0
4,4,0.0,0.07080989,0.0,0.0,0.9291901,0.0,0.0,0.0,0.0,0.0,0.0,0.0,0.0
4,4,0.0,0.07080989,0.0,0.0,0.9291901,0.0,0.0,0.0,0.0,0.0,0.0,0.0,0.0
4,4,0.0,0.07080989,0.0,0.0,0.9291901,0.0,0.0,0.0,0.0,0.0,0.0,0.0,0.0
4,4,0.0,0.07080989,0.0,0.0,0.9291901,0.0,0.0,0.0,0.0,0.0,0.0,0.0,0.0
4,4,0.0,0.07080989,0.0,0.0,0.9291901,0.0,0.0,0.0,0.0,0.0,0.0,0.0,0.0
4,4,0.0,0.07080989,0.0,0.0,0.9291901,0.0,0.0,0.0,0.0,0.0,0.0,0.0,0.0
4,4,0.0,0.07080989,0.0,0.0,0.9291901,0.0,0.0,0.0,0.0,0.0,0.0,0.0,0.0
4,4,0.0,0.07080989,0.0,0.0,0.9291901,0.0,0.0,0.0,0.0,0.0,0.0,0.0,0.0
4,4,0.0,0.07080989,0.0,0.0,0.9291901,0.0,0.0,0.0,0.0,0.0,0.0,0.0,0.0
4,4,0.0,0.07080989,0.0,0.0,0.9291901,0.0,0.0,0.0,0.0,0.0,0.0,0.0,0.0
4,4,0.0,0.07080989,0.0,0.0,0.9291901,0.0,0.0,0.0,0.0,0.0,0.0,0.0,0.0
4,4,0.0,0.07080989,0.0,0.0,0.9291901,0.0,0.0,0.0,0.0,0.0,0.0,0.0,0.0
4,4,0.0,0.07080989,0.0,0.0,0.8609331,0.06825699,0.0,0.0,0.0,0.0,0.0,0.0,0.0
4,4,0.0,0.07080989,0.0,0.0,0.8609331,0.06825699,0.0,0.0,0.0,0.0,0.0,0.0,0.0
4,4,0.0,0.07080989,0.0,0.0,0.8609331,0.06825699,0.0,0.0,0.0,0.0,0.0,0.0,0.0
4,4,0.0,0.07080989,0.0,0.0,0.8609331,0.06825699,0.0,0.0,0.0,0.0,0.0,0.0,0.0
4,4,0.0,0.07080989,0.0,0.0,0.8609331,0.06825699,0.0,0.0,0.0,0.0,0.0,0.0,0.0
4,4,0.0,0.07080989,0.0,0.0,0.8609331,0.06825699,0.0,0.0,0.0,0.0,0.0,0.0,0.0
4,4,0.0,0.07080989,0.0,0.0,0.8609331,0.06825699,0.0,0.0,0.0,0.0,0.0,0.0,0.0
4,4,0.0,0.07080989,0.0,0.0,0.8609331,0.06825699,0.0,0.0,0.0,0.0,0.0,0.0,0.0
4,4,0.0,0.07080989,0.0,0.0,0.8609331,0.06825699,0.0,0.0,0.0,0.0,0.0,0.0,0.0
4,4,0.0,0.07080989,0.0,0.0,0.8609331,0.06825699,0.0,0.0,0.0,0.0,0.0,0.0,0.0
4,4,0.0,0.07080989,0.0,0.0,0.8609331,0.06825699,0.0,0.0,0.0,0.0,0.0,0.0,0.0
4,4,0.0,0.07080989,0.0,0.0,0.8609331,0.06825699,0.0,0.0,0.0,0.0,0.0,0.0,0.0
4,4,0.0,0.07080989,0.0,0.0,0.8609331,0.06825699,0.0,0.0,0.0,0.0,0.0,0.0,0.0
4,4,0.0,0.07080989,0.0,0.0,0.8609331,0.06825699,0.0,0.0,0.0,0.0,0.0,0.0,0.0
4,4,0.0,0.07080989,0.0,0.0,0.8609331,0.06825699,0.0,0.0,0.0,0.0,0.0,0.0,0.0
4,4,0.0,0.07080989,0.0,0.0,0.8609331,0.06825699,0.0,0.0,0.0,0.0,0.0,0.0,0.0
4,4,0.0,0.07080989,0.0,0.0,0.8609331,0.06825699,0.0,0.0,0.0,0.0,0.0,0.0,0.0
4,4,0.0,0.07080989,0.0,0.0,0.8609331,0.06825699,0.0,0.0,0.0,0.0,0.0,0.0,0.0
4,4,0.0,0.07080989,0.0,0.0,0.8609331,0.06825699,0.0,0.0,0.0,0.0,0.0,0.0,0.0
4,4,0.0,0.07080989,0.0,0.0,0.8609331,0.06825699,0.0,0.0,0.0,0.0,0.0,0.0,0.0
4,4,0.0,0.07080989,0.0,0.0,0.8609331,0.06825699,0.0,0.0,0.0,0.0,0.0,0.0,0.0
4,4,0.0,0.07080989,0.0,0.0,0.8609331,0.06825699,0.0,0.0,0.0,0.0,0.0,0.0,0.0
4,4,0.0,0.07080989,0.0,0.0,0.7933496,0.13584048,0.0,0.0,0.0,0.0,0.0,0.0,0.0
4,4,0.0,0.07080989,0.0,0.0,0.7933496,0.13584048,0.0,0.0,0.0,0.0,0.0,0.0,0.0
4,4,0.0,0.07080989,0.0,0.0,0.7933496,0.13584048,0.0,0.0,0.0,0.0,0.0,0.0,0.0
4,4,0.0,0.07080989,0.0,0.0,0.7933496,0.13584048,0.0,0.0,0.0,0.0,0.0,0.0,0.0
4,4,0.0,0.07080989,0.0,0.0,0.7933496,0.13584048,0.0,0.0,0.0,0.0,0.0,0.0,0.0
4,4,0.0,0.07080989,0.0,0.0,0.7933496,0.13584048,0.0,0.0,0.0,0.0,0.0,0.0,0.0
4,4,0.0,0.07080989,0.0,0.0,0.7320853,0.19710486,0.0,0.0,0.0,0.0,0.0,0.0,0.0
4,4,0.0,0.07080989,0.0,0.0,0.7320853,0.19710486,0.0,0.0,0.0,0.0,0.0,0.0,0.0
4,4,0.0,0.070809886,0.0,0.0,0.66702163,0.26216847,0.0,0.0,0.0,0.0,0.0,0.0,0.0
4,4,0.0,0.070809886,0.0,0.0,0.66702163,0.26216847,0.0,0.0,0.0,0.0,0.0,0.0,0.0
4,4,0.0,0.070809886,0.0,0.0,0.66702163,0.26216847,0.0,0.0,0.0,0.0,0.0,0.0,0.0
4,4,0.0,0.070809886,0.0,0.0,0.66702163,0.26216847,0.0,0.0,0.0,0.0,0.0,0.0,0.0
4,4,0.0,0.070809886,0.0,0.0,0.66702163,0.26216847,0.0,0.0,0.0,0.0,0.0,0.0,0.0
4,4,0.0,0.070809886,0.0,0.0,0.66702163,0.26216847,0.0,0.0,0.0,0.0,0.0,0.0,0.0
4,4,0.0,0.070809886,0.0,0.0,0.66702163,0.26216847,0.0,0.0,0.0,0.0,0.0,0.0,0.0
4,4,0.0,0.070809886,0.0,0.0,0.66702163,0.26216847,0.0,0.0,0.0,0.0,0.0,0.0,0.0
4,4,0.0,0.070809886,0.0,0.0,0.66702163,0.26216847,0.0,0.0,0.0,0.0,0.0,0.0,0.0
4,4,0.0,0.070809886,0.0,0.0,0.66702163,0.26216847,0.0,0.0,0.0,0.0,0.0,0.0,0.0
4,4,0.0,0.070809886,0.0,0.0,0.66702163,0.26216847,0.0,0.0,0.0,0.0,0.0,0.0,0.0
4,4,0.0,0.070809886,0.0,0.0,0.66702163,0.26216847,0.0,0.0,0.0,0.0,0.0,0.0,0.0
4,4,0.0,0.070809886,0.0,0.0,0.66702163,0.26216847,0.0,0.0,0.0,0.0,0.0,0.0,0.0
4,4,0.0,0.070809886,0.0,0.0,0.66702163,0.26216847,0.0,0.0,0.0,0.0,0.0,0.0,0.0
4,4,0.0,0.070809886,0.0,0.0,0.66702163,0.26216847,0.0,0.0,0.0,0.0,0.0,0.0,0.0
4,4,0.0,0.070809886,0.0,0.0,0.66702163,0.26216847,0.0,0.0,0.0,0.0,0.0,0.0,0.0
4,4,0.0,0.07080989,0.0,0.0,0.6016637,0.32752645,0.0,0.0,0.0,0.0,0.0,0.0,0.0
4,4,0.0,0.07080989,0.0,0.0,0.6016637,0.32752645,0.0,0.0,0.0,0.0,0.0,0.0,0.0
4,4,0.0,0.07080989,0.0,0.0,0.6016637,0.32752645,0.0,0.0,0.0,0.0,0.0,0.0,0.0
4,4,0.0,0.07080989,0.0,0.0,0.6016637,0.32752645,0.0,0.0,0.0,0.0,0.0,0.0,0.0
4,4,0.0,0.07080989,0.0,0.0,0.6016637,0.32752645,0.0,0.0,0.0,0.0,0.0,0.0,0.0
4,4,0.0,0.07080989,0.0,0.0,0.6016637,0.32752645,0.0,0.0,0.0,0.0,0.0,0.0,0.0
4,4,0.0,0.07080989,0.0,0.0,0.6016637,0.32752645,0.0,0.0,0.0,0.0,0.0,0.0,0.0
4,4,0.0,0.07080989,0.0,0.0,0.6016637,0.32752645,0.0,0.0,0.0,0.0,0.0,0.0,0.0
4,4,0.0,0.07080989,0.0,0.0,0.6016637,0.32752645,0.0,0.0,0.0,0.0,0.0,0.0,0.0
4,4,0.0,0.07080989,0.0,0.0,0.6016637,0.32752645,0.0,0.0,0.0,0.0,0.0,0.0,0.0
4,4,0.0,0.07080989,0.0,0.0,0.5396172,0.38957295,0.0,0.0,0.0,0.0,0.0,0.0,0.0
4,4,0.0,0.07080989,0.0,0.0,0.5396172,0.38957295,0.0,0.0,0.0,0.0,0.0,0.0,0.0
4,4,0.0,0.07080989,0.0,0.0,0.4831876,0.38957295,0.056429595,0.0,0.0,0.0,0.0,0.0,0.0
4,4,0.0,0.07080989,0.0,0.0,0.4831876,0.38957295,0.056429595,0.0,0.0,0.0,0.0,0.0,0.0
4,4,0.0,0.07080989,0.0,0.0,0.4831876,0.38957295,0.056429595,0.0,0.0,0.0,0.0,0.0,0.0
4,4,0.0,0.07080989,0.0,0.0,0.4831876,0.38957295,0.056429595,0.0,0.0,0.0,0.0,0.0,0.0
4,4,0.0,0.07080989,0.0,0.0,0.4831876,0.38957295,0.056429595,0.0,0.0,0.0,0.0,0.0,0.0
4,4,0.0,0.07080989,0.0,0.0,0.4831876,0.38957295,0.056429595,0.0,0.0,0.0,0.0,0.0,0.0
4,4,0.0,0.07080989,0.0,0.0,0.4831876,0.38957295,0.056429595,0.0,0.0,0.0,0.0,0.0,0.0
4,4,0.0,0.07080989,0.0,0.0,0.4831876,0.38957295,0.056429595,0.0,0.0,0.0,0.0,0.0,0.0
4,4,0.0,0.07080989,0.0,0.0,0.4831876,0.38957295,0.056429595,0.0,0.0,0.0,0.0,0.0,0.0
4,4,0.0,0.07080989,0.0,0.0,0.4831876,0.38957295,0.056429595,0.0,0.0,0.0,0.0,0.0,0.0
4,4,0.0,0.07080989,0.0,0.0,0.4831876,0.38957295,0.056429595,0.0,0.0,0.0,0.0,0.0,0.0
4,4,0.0,0.07080989,0.0,0.0,0.4831876,0.38957295,0.056429595,0.0,0.0,0.0,0.0,0.0,0.0
4,4,0.0,0.07080989,0.0,0.0,0.4831876,0.38957295,0.056429595,0.0,0.0,0.0,0.0,0.0,0.0
4,4,0.0,0.07080989,0.0,0.0,0.4831876,0.38957295,0.056429595,0.0,0.0,0.0,0.0,0.0,0.0
4,4,0.0,0.07080989,0.0,0.0,0.4831876,0.38957295,0.056429595,0.0,0.0,0.0,0.0,0.0,0.0
4,4,0.0,0.07080989,0.0,0.0,0.4831876,0.38957295,0.056429595,0.0,0.0,0.0,0.0,0.0,0.0
4,4,0.0,0.07080989,0.0,0.0,0.4831876,0.38957295,0.056429595,0.0,0.0,0.0,0.0,0.0,0.0
4,4,0.0,0.07080989,0.0,0.0,0.4831876,0.38957295,0.056429595,0.0,0.0,0.0,0.0,0.0,0.0
4,4,0.0,0.07080989,0.0,0.0,0.4831876,0.38957295,0.056429595,0.0,0.0,0.0,0.0,0.0,0.0
4,4,0.0,0.07080989,0.0,0.0,0.4831876,0.38957295,0.056429595,0.0,0.0,0.0,0.0,0.0,0.0
4,4,0.0,0.07080989,0.0,0.0,0.4831876,0.38957295,0.056429595,0.0,0.0,0.0,0.0,0.0,0.0
4,4,0.0,0.07080989,0.0,0.0,0.4831876,0.38957295,0.056429595,0.0,0.0,0.0,0.0,0.0,0.0
4,4,0.0,0.07080989,0.0,0.0,0.4831876,0.38957295,0.056429595,0.0,0.0,0.0,0.0,0.0,0.0
4,4,0.0,0.07080989,0.0,0.0,0.4831876,0.38957295,0.056429595,0.0,0.0,0.0,0.0,0.0,0.0
4,5,0.0,0.070809886,0.0,0.0,0.41799757,0.45476294,0.05642959,0.0,0.0,0.0,0.0,0.0,0.0
4,5,0.0,0.070809886,0.0,0.0,0.41799757,0.45476294,0.05642959,0.0,0.0,0.0,0.0,0.0,0.0
4,5,0.0,0.070809886,0.0,0.0,0.41799757,0.45476294,0.05642959,0.0,0.0,0.0,0.0,0.0,0.0
4,5,0.0,0.070809886,0.0,0.0,0.41799757,0.45476294,0.05642959,0.0,0.0,0.0,0.0,0.0,0.0
4,5,0.0,0.070809886,0.0,0.0,0.41799757,0.45476294,0.05642959,0.0,0.0,0.0,0.0,0.0,0.0
4,5,0.0,0.070809886,0.0,0.0,0.41799757,0.45476294,0.05642959,0.0,0.0,0.0,0.0,0.0,0.0
4,5,0.0,0.070809886,0.0,0.0,0.41799757,0.45476294,0.05642959,0.0,0.0,0.0,0.0,0.0,0.0
4,5,0.0,0.070809886,0.0,0.0,0.41799757,0.45476294,0.05642959,0.0,0.0,0.0,0.0,0.0,0.0
4,5,0.0,0.070809886,0.0,0.0,0.41799757,0.45476294,0.05642959,0.0,0.0,0.0,0.0,0.0,0.0
4,5,0.0,0.070809886,0.0,0.0,0.41799757,0.45476294,0.05642959,0.0,0.0,0.0,0.0,0.0,0.0
4,5,0.0,0.070809886,0.0,0.0,0.41799757,0.45476294,0.05642959,0.0,0.0,0.0,0.0,0.0,0.0
4,5,0.0,0.070809886,0.0,0.0,0.41799757,0.45476294,0.05642959,0.0,0.0,0.0,0.0,0.0,0.0
4,5,0.0,0.070809886,0.0,0.0,0.41799757,0.45476294,0.05642959,0.0,0.0,0.0,0.0,0.0,0.0
4,5,0.0,0.070809886,0.0,0.0,0.41799757,0.45476294,0.05642959,0.0,0.0,0.0,0.0,0.0,0.0
4,5,0.0,0.070809886,0.0,0.0,0.41799757,0.45476294,0.05642959,0.0,0.0,0.0,0.0,0.0,0.0
4,5,0.0,0.070809886,0.0,0.0,0.41799757,0.45476294,0.05642959,0.0,0.0,0.0,0.0,0.0,0.0
4,5,0.0,0.070809886,0.0,0.0,0.41799757,0.45476294,0.05642959,0.0,0.0,0.0,0.0,0.0,0.0
4,5,0.0,0.070809886,0.0,0.0,0.41799757,0.45476294,0.05642959,0.0,0.0,0.0,0.0,0.0,0.0
4,5,0.0,0.070809886,0.0,0.0,0.41799757,0.45476294,0.05642959,0.0,0.0,0.0,0.0,0.0,0.0
4,5,0.0,0.070809886,0.0,0.0,0.41799757,0.45476294,0.05642959,0.0,0.0,0.0,0.0,0.0,0.0
4,5,0.0,0.070809886,0.0,0.0,0.41799757,0.45476294,0.05642959,0.0,0.0,0.0,0.0,0.0,0.0
4,5,0.0,0.070809886,0.0,0.0,0.41799757,0.45476294,0.05642959,0.0,0.0,0.0,0.0,0.0,0.0
4,5,0.0,0.070809886,0.0,0.0,0.41799757,0.45476294,0.05642959,0.0,0.0,0.0,0.0,0.0,0.0
4,5,0.0,0.070809886,0.0,0.0,0.41799757,0.45476294,0.05642959,0.0,0.0,0.0,0.0,0.0,0.0
4,5,0.0,0.070809886,0.0,0.0,0.41799757,0.45476294,0.05642959,0.0,0.0,0.0,0.0,0.0,0.0
4,5,0.0,0.070809886,0.0,0.0,0.41799757,0.45476294,0.05642959,0.0,0.0,0.0,0.0,0.0,0.0
4,5,0.0,0.070809886,0.0,0.0,0.41799757,0.45476294,0.05642959,0.0,0.0,0.0,0.0,0.0,0.0
4,5,0.0,0.070809886,0.0,0.0,0.41799757,0.45476294,0.05642959,0.0,0.0,0.0,0.0,0.0,0.0
4,5,0.0,0.070809886,0.0,0.0,0.41799757,0.45476294,0.05642959,0.0,0.0,0.0,0.0,0.0,0.0
4,5,0.0,0.070809886,0.0,0.0,0.41799757,0.45476294,0.05642959,0.0,0.0,0.0,0.0,0.0,0.0
4,5,0.0,0.070809886,0.0,0.0,0.41799757,0.45476294,0.05642959,0.0,0.0,0.0,0.0,0.0,0.0
4,5,0.0,0.070809886,0.0,0.0,0.41799757,0.45476294,0.05642959,0.0,0.0,0.0,0.0,0.0,0.0
4,5,0.0,0.070809886,0.0,0.0,0.41799757,0.45476294,0.05642959,0.0,0.0,0.0,0.0,0.0,0.0
4,5,0.0,0.070809886,0.0,0.0,0.41799757,0.45476294,0.05642959,0.0,0.0,0.0,0.0,0.0,0.0
4,5,0.0,0.070809886,0.0,0.0,0.41799757,0.45476294,0.05642959,0.0,0.0,0.0,0.0,0.0,0.0
4,5,0.0,0.070809886,0.0,0.0,0.41799757,0.45476294,0.05642959,0.0,0.0,0.0,0.0,0.0,0.0
4,5,0.0,0.070809886,0.0,0.0,0.41799757,0.45476294,0.05642959,0.0,0.0,0.0,0.0,0.0,0.0
4,5,0.0,0.070809886,0.0,0.0,0.41799757,0.45476294,0.05642959,0.0,0.0,0.0,0.0,0.0,0.0
4,5,0.0,0.070809886,0.0,0.0,0.41799757,0.45476294,0.05642959,0.0,0.0,0.0,0.0,0.0,0.0
4,5,0.0,0.070809886,0.0,0.0,0.41799757,0.45476294,0.05642959,0.0,0.0,0.0,0.0,0.0,0.0
4,5,0.0,0.070809886,0.0,0.0,0.41799757,0.45476294,0.05642959,0.0,0.0,0.0,0.0,0.0,0.0
4,5,0.0,0.070809886,0.0,0.0,0.41799757,0.45476294,0.05642959,0.0,0.0,0.0,0.0,0.0,0.0
4,5,0.0,0.070809886,0.0,0.0,0.41799757,0.45476294,0.05642959,0.0,0.0,0.0,0.0,0.0,0.0
4,5,0.0,0.070809886,0.0,0.0,0.41799757,0.45476294,0.05642959,0.0,0.0,0.0,0.0,0.0,0.0
4,5,0.0,0.070809886,0.0,0.0,0.41799757,0.45476294,0.05642959,0.0,0.0,0.0,0.0,0.0,0.0
4,5,0.0,0.070809886,0.0,0.0,0.41799757,0.45476294,0.05642959,0.0,0.0,0.0,0.0,0.0,0.0
4,5,0.0,0.070809886,0.0,0.0,0.41799757,0.45476294,0.05642959,0.0,0.0,0.0,0.0,0.0,0.0
4,5,0.0,0.070809886,0.0,0.0,0.41799757,0.45476294,0.05642959,0.0,0.0,0.0,0.0,0.0,0.0
4,5,0.0,0.070809886,0.0,0.0,0.41799757,0.45476294,0.05642959,0.0,0.0,0.0,0.0,0.0,0.0
4,5,0.0,0.070809886,0.0,0.0,0.41799757,0.45476294,0.05642959,0.0,0.0,0.0,0.0,0.0,0.0
4,5,0.0,0.070809886,0.0,0.0,0.41799757,0.45476294,0.05642959,0.0,0.0,0.0,0.0,0.0,0.0
4,5,0.0,0.070809886,0.0,0.0,0.41799757,0.45476294,0.05642959,0.0,0.0,0.0,0.0,0.0,0.0
4,5,0.0,0.070809886,0.0,0.0,0.41799757,0.45476294,0.05642959,0.0,0.0,0.0,0.0,0.0,0.0
4,5,0.0,0.070809886,0.0,0.0,0.41799757,0.45476294,0.05642959,0.0,0.0,0.0,0.0,0.0,0.0
4,5,0.0,0.070809886,0.0,0.0,0.41799757,0.45476294,0.05642959,0.0,0.0,0.0,0.0,0.0,0.0
4,5,0.0,0.070809886,0.0,0.0,0.41799757,0.45476294,0.05642959,0.0,0.0,0.0,0.0,0.0,0.0
4,5,0.0,0.070809886,0.0,0.0,0.41799757,0.45476294,0.05642959,0.0,0.0,0.0,0.0,0.0,0.0
4,5,0.0,0.070809886,0.0,0.0,0.41799757,0.45476294,0.05642959,0.0,0.0,0.0,0.0,0.0,0.0
4,5,0.0,0.070809886,0.0,0.0,0.41799757,0.45476294,0.05642959,0.0,0.0,0.0,0.0,0.0,0.0
4,5,0.0,0.070809886,0.0,0.0,0.41799757,0.45476294,0.05642959,0.0,0.0,0.0,0.0,0.0,0.0
4,5,0.0,0.070809886,0.0,0.0,0.41799757,0.45476294,0.05642959,0.0,0.0,0.0,0.0,0.0,0.0
4,5,0.0,0.070809886,0.0,0.0,0.41799757,0.45476294,0.05642959,0.0,0.0,0.0,0.0,0.0,0.0
4,5,0.0,0.070809886,0.0,0.0,0.41799757,0.45476294,0.05642959,0.0,0.0,0.0,0.0,0.0,0.0
4,5,0.0,0.070809886,0.0,0.0,0.41799757,0.45476294,0.05642959,0.0,0.0,0.0,0.0,0.0,0.0
4,5,0.0,0.070809886,0.0,0.0,0.41799757,0.45476294,0.05642959,0.0,0.0,0.0,0.0,0.0,0.0
4,5,0.0,0.070809886,0.0,0.0,0.41799757,0.45476294,0.05642959,0.0,0.0,0.0,0.0,0.0,0.0
4,5,0.0,0.070809886,0.0,0.0,0.41799757,0.45476294,0.05642959,0.0,0.0,0.0,0.0,0.0,0.0
4,5,0.0,0.070809886,0.0,0.0,0.41799757,0.45476294,0.05642959,0.0,0.0,0.0,0.0,0.0,0.0
4,5,0.0,0.070809886,0.0,0.0,0.41799757,0.45476294,0.05642959,0.0,0.0,0.0,0.0,0.0,0.0
4,5,0.0,0.070809886,0.0,0.0,0.41799757,0.45476294,0.05642959,0.0,0.0,0.0,0.0,0.0,0.0
4,5,0.0,0.070809886,0.0,0.0,0.41799757,0.45476294,0.05642959,0.0,0.0,0.0,0.0,0.0,0.0
4,5,0.0,0.070809886,0.0,0.0,0.41799757,0.45476294,0.05642959,0.0,0.0,0.0,0.0,0.0,0.0
4,5,0.0,0.070809886,0.05973114,0.0,0.35826644,0.45476294,0.05642959,0.0,0.0,0.0,0.0,0.0,0.0
4,5,0.0,0.070809886,0.05973114,0.0,0.35826644,0.45476294,0.05642959,0.0,0.0,0.0,0.0,0.0,0.0
4,5,0.0,0.070809886,0.05973114,0.0,0.35826644,0.45476294,0.05642959,0.0,0.0,0.0,0.0,0.0,0.0
4,5,0.0,0.070809886,0.05973114,0.0,0.35826644,0.45476294,0.05642959,0.0,0.0,0.0,0.0,0.0,0.0
4,5,0.0,0.070809886,0.05973114,0.0,0.35826644,0.45476294,0.05642959,0.0,0.0,0.0,0.0,0.0,0.0
4,5,0.0,0.070809886,0.05973114,0.0,0.35826644,0.45476294,0.05642959,0.0,0.0,0.0,0.0,0.0,0.0
4,5,0.0,0.070809886,0.05973114,0.0,0.35826644,0.45476294,0.05642959,0.0,0.0,0.0,0.0,0.0,0.0
4,5,0.0,0.070809886,0.05973114,0.0,0.35826644,0.45476294,0.05642959,0.0,0.0,0.0,0.0,0.0,0.0
4,5,0.0,0.070809886,0.05973114,0.0,0.35826644,0.45476294,0.05642959,0.0,0.0,0.0,0.0,0.0,0.0
4,5,0.0,0.070809886,0.05973114,0.0,0.35826644,0.45476294,0.05642959,0.0,0.0,0.0,0.0,0.0,0.0
4,5,0.0,0.070809886,0.05973114,0.0,0.35826644,0.45476294,0.05642959,0.0,0.0,0.0,0.0,0.0,0.0
4,5,0.0,0.070809886,0.05973114,0.0,0.35826644,0.45476294,0.05642959,0.0,0.0,0.0,0.0,0.0,0.0
4,5,0.0,0.070809886,0.05973114,0.0,0.35826644,0.45476294,0.05642959,0.0,0.0,0.0,0.0,0.0,0.0
4,5,0.0,0.070809886,0.05973114,0.0,0.35826644,0.45476294,0.05642959,0.0,0.0,0.0,0.0,0.0,0.0
4,5,0.0,0.070809886,0.05973114,0.0,0.35826644,0.45476294,0.05642959,0.0,0.0,0.0,0.0,0.0,0.0
4,5,0.0,0.070809886,0.05973114,0.0,0.35826644,0.45476294,0.05642959,0.0,0.0,0.0,0.0,0.0,0.0
4,5,0.0,0.070809886,0.05973114,0.0,0.35826644,0.45476294,0.05642959,0.0,0.0,0.0,0.0,0.0,0.0
4,5,0.0,0.070809886,0.05973114,0.0,0.35826644,0.45476294,0.05642959,0.0,0.0,0.0,0.0,0.0,0.0
4,5,0.0,0.070809886,0.05973114,0.0,0.35826644,0.45476294,0.05642959,0.0,0.0,0.0,0.0,0.0,0.0
4,5,0.0,0.070809886,0.05973114,0.0,0.35826644,0.45476294,0.05642959,0.0,0.0,0.0,0.0,0.0,0.0
4,5,0.0,0.070809886,0.05973114,0.0,0.35826644,0.45476294,0.05642959,0.0,0.0,0.0,0.0,0.0,0.0
4,5,0.0,0.070809886,0.05973114,0.0,0.35826644,0.45476294,0.05642959,0.0,0.0,0.0,0.0,0.0,0.0
4,5,0.0,0.070809886,0.05973114,0.0,0.35826644,0.45476294,0.05642959,0.0,0.0,0.0,0.0,0.0,0.0
4,5,0.0,0.070809886,0.05973114,0.0,0.35826644,0.45476294,0.05642959,0.0,0.0,0.0,0.0,0.0,0.0
4,5,0.0,0.070809886,0.05973114,0.0,0.35826644,0.45476294,0.05642959,0.0,0.0,0.0,0.0,0.0,0.0
4,5,0.0,0.070809886,0.05973114,0.0,0.35826644,0.45476294,0.05642959,0.0,0.0,0.0,0.0,0.0,0.0
4,5,0.0,0.070809886,0.05973114,0.0,0.35826644,0.45476294,0.05642959,0.0,0.0,0.0,0.0,0.0,0.0
4,5,0.0,0.070809886,0.05973114,0.0,0.35826644,0.45476294,0.05642959,0.0,0.0,0.0,0.0,0.0,0.0
4,5,0.0,0.070809886,0.05973114,0.0,0.35826644,0.45476294,0.05642959,0.0,0.0,0.0,0.0,0.0,0.0
4,5,0.0,0.070809886,0.05973114,0.0,0.35826644,0.45476294,0.05642959,0.0,0.0,0.0,0.0,0.0,0.0
4,5,0.0,0.070809886,0.05973114,0.0,0.35826644,0.45476294,0.05642959,0.0,0.0,0.0,0.0,0.0,0.0
4,5,0.0,0.070809886,0.05973114,0.0,0.35826644,0.45476294,0.05642959,0.0,0.0,0.0,0.0,0.0,0.0
4,5,0.0,0.070809886,0.05973114,0.0,0.35826644,0.45476294,0.05642959,0.0,0.0,0.0,0.0,0.0,0.0
4,5,0.0,0.070809886,0.05973114,0.0,0.35826644,0.45476294,0.05642959,0.0,0.0,0.0,0.0,0.0,0.0
4,5,0.0,0.070809886,0.05973114,0.0,0.35826644,0.45476294,0.05642959,0.0,0.0,0.0,0.0,0.0,0.0
4,5,0.0,0.070809886,0.05973114,0.0,0.35826644,0.45476294,0.05642959,0.0,0.0,0.0,0.0,0.0,0.0
4,5,0.0,0.070809886,0.05973114,0.0,0.35826644,0.45476294,0.05642959,0.0,0.0,0.0,0.0,0.0,0.0
4,5,0.0,0.070809886,0.05973114,0.0,0.35826644,0.45476294,0.05642959,0.0,0.0,0.0,0.0,0.0,0.0
4,5,0.0,0.070809886,0.05973114,0.0,0.35826644,0.45476294,0.05642959,0.0,0.0,0.0,0.0,0.0,0.0
4,5,0.0,0.070809886,0.05973114,0.0,0.35826644,0.45476294,0.05642959,0.0,0.0,0.0,0.0,0.0,0.0
4,5,0.0,0.070809886,0.05973114,0.0,0.35826644,0.45476294,0.05642959,0.0,0.0,0.0,0.0,0.0,0.0
4,5,0.0,0.070809886,0.05973114,0.0,0.35826644,0.45476294,0.05642959,0.0,0.0,0.0,0.0,0.0,0.0
4,5,0.0,0.070809886,0.05973114,0.0,0.35826644,0.45476294,0.05642959,0.0,0.0,0.0,0.0,0.0,0.0
4,5,0.0,0.070809886,0.05973114,0.0,0.35826644,0.45476294,0.05642959,0.0,0.0,0.0,0.0,0.0,0.0
4,5,0.0,0.070809886,0.05973114,0.0,0.35826644,0.45476294,0.05642959,0.0,0.0,0.0,0.0,0.0,0.0
4,5,0.0,0.070809886,0.05973114,0.0,0.35826644,0.45476294,0.05642959,0.0,0.0,0.0,0.0,0.0,0.0
4,5,0.0,0.070809886,0.05973114,0.0,0.35826644,0.45476294,0.05642959,0.0,0.0,0.0,0.0,0.0,0.0
4,5,0.0,0.070809886,0.05973114,0.0,0.35826644,0.45476294,0.05642959,0.0,0.0,0.0,0.0,0.0,0.0
4,5,0.0,0.070809886,0.05973114,0.0,0.35826644,0.45476294,0.05642959,0.0,0.0,0.0,0.0,0.0,0.0
4,5,0.0,0.070809886,0.05973114,0.0,0.35826644,0.45476294,0.05642959,0.0,0.0,0.0,0.0,0.0,0.0
4,5,0.0,0.070809886,0.05973114,0.0,0.35826644,0.45476294,0.05642959,0.0,0.0,0.0,0.0,0.0,0.0
4,5,0.0,0.070809886,0.05973114,0.0,0.35826644,0.45476294,0.05642959,0.0,0.0,0.0,0.0,0.0,0.0
4,5,0.0,0.070809886,0.05973114,0.0,0.30146945,0.45476294,0.11322659,0.0,0.0,0.0,0.0,0.0,0.0
4,5,0.0,0.070809886,0.05973114,0.0,0.30146945,0.45476294,0.11322659,0.0,0.0,0.0,0.0,0.0,0.0
4,5,0.0,0.070809886,0.05973114,0.0,0.30146945,0.45476294,0.11322659,0.0,0.0,0.0,0.0,0.0,0.0
4,5,0.0,0.070809886,0.05973114,0.0,0.30146945,0.45476294,0.11322659,0.0,0.0,0.0,0.0,0.0,0.0
4,5,0.0,0.070809886,0.05973114,0.0,0.30146945,0.45476294,0.11322659,0.0,0.0,0.0,0.0,0.0,0.0
4,5,0.0,0.070809886,0.05973114,0.0,0.30146945,0.45476294,0.11322659,0.0,0.0,0.0,0.0,0.0,0.0
4,5,0.0,0.070809886,0.05973114,0.0,0.30146945,0.45476294,0.11322659,0.0,0.0,0.0,0.0,0.0,0.0
4,5,0.0,0.070809886,0.05973114,0.0,0.30146945,0.45476294,0.11322659,0.0,0.0,0.0,0.0,0.0,0.0
4,5,0.0,0.070809886,0.05973114,0.0,0.30146945,0.45476294,0.11322659,0.0,0.0,0.0,0.0,0.0,0.0
4,5,0.0,0.070809886,0.05973114,0.0,0.30146945,0.45476294,0.11322659,0.0,0.0,0.0,0.0,0.0,0.0
4,5,0.0,0.070809886,0.05973114,0.0,0.30146945,0.45476294,0.11322659,0.0,0.0,0.0,0.0,0.0,0.0
4,5,0.0,0.070809886,0.05973114,0.0,0.30146945,0.45476294,0.11322659,0.0,0.0,0.0,0.0,0.0,0.0
4,5,0.0,0.0,0.05973114,0.0,0.3093596,0.5176826,0.11322659,0.0,0.0,0.0,0.0,0.0,0.0
4,5,0.0,0.0,0.05973114,0.0,0.3093596,0.5176826,0.11322659,0.0,0.0,0.0,0.0,0.0,0.0
4,5,0.0,0.0,0.05973114,0.0,0.3093596,0.5176826,0.11322659,0.0,0.0,0.0,0.0,0.0,0.0
4,5,0.0,0.0,0.05973114,0.0,0.3093596,0.5176826,0.11322659,0.0,0.0,0.0,0.0,0.0,0.0
4,5,0.0,0.0,0.05973114,0.0,0.3093596,0.5176826,0.11322659,0.0,0.0,0.0,0.0,0.0,0.0
4,5,0.0,0.0,0.05973114,0.0,0.3093596,0.5176826,0.11322659,0.0,0.0,0.0,0.0,0.0,0.0
4,5,0.0,0.0,0.05973114,0.0,0.3093596,0.5176826,0.11322659,0.0,0.0,0.0,0.0,0.0,0.0
4,5,0.0,0.0,0.05973114,0.0,0.3093596,0.5176826,0.11322659,0.0,0.0,0.0,0.0,0.0,0.0
4,5,0.0,0.0,0.05973114,0.0,0.3093596,0.5176826,0.11322659,0.0,0.0,0.0,0.0,0.0,0.0
4,5,0.0,0.0,0.05973114,0.0,0.3093596,0.5176826,0.11322659,0.0,0.0,0.0,0.0,0.0,0.0
4,5,0.0,0.0,0.05973114,0.0,0.3093596,0.5176826,0.11322659,0.0,0.0,0.0,0.0,0.0,0.0
4,5,0.0,0.0,0.05973114,0.0,0.3093596,0.5176826,0.11322659,0.0,0.0,0.0,0.0,0.0,0.0
4,5,0.0,0.0,0.05973114,0.0,0.3093596,0.5176826,0.11322659,0.0,0.0,0.0,0.0,0.0,0.0
4,5,0.0,0.0,0.05973114,0.0,0.3093596,0.5176826,0.11322659,0.0,0.0,0.0,0.0,0.0,0.0
4,5,0.0,0.0,0.05973114,0.0,0.3093596,0.5176826,0.11322659,0.0,0.0,0.0,0.0,0.0,0.0
4,5,0.0,0.0,0.05973114,0.0,0.3093596,0.5176826,0.11322659,0.0,0.0,0.0,0.0,0.0,0.0
4,5,0.0,0.0,0.05973114,0.0,0.3093596,0.5176826,0.11322659,0.0,0.0,0.0,0.0,0.0,0.0
4,5,0.0,0.0,0.05973114,0.0,0.3093596,0.5176826,0.11322659,0.0,0.0,0.0,0.0,0.0,0.0
4,5,0.0,0.0,0.05973114,0.0,0.3093596,0.5176826,0.11322659,0.0,0.0,0.0,0.0,0.0,0.0
4,5,0.0,0.0,0.05973114,0.0,0.3093596,0.5176826,0.11322659,0.0,0.0,0.0,0.0,0.0,0.0
4,5,0.0,0.0,0.05973114,0.0,0.3093596,0.5176826,0.11322659,0.0,0.0,0.0,0.0,0.0,0.0
4,5,0.0,0.0,0.05973114,0.0,0.3093596,0.5176826,0.11322659,0.0,0.0,0.0,0.0,0.0,0.0
4,5,0.0,0.0,0.05973114,0.0,0.3093596,0.5176826,0.11322659,0.0,0.0,0.0,0.0,0.0,0.0
4,5,0.0,0.0,0.05973114,0.0,0.3093596,0.5176826,0.11322659,0.0,0.0,0.0,0.0,0.0,0.0
4,5,0.0,0.0,0.05973114,0.0,0.3093596,0.5176826,0.11322659,0.0,0.0,0.0,0.0,0.0,0.0
4,5,0.0,0.0,0.05973114,0.0,0.3093596,0.5176826,0.11322659,0.0,0.0,0.0,0.0,0.0,0.0
4,5,0.0,0.0,0.05973114,0.0,0.3093596,0.5176826,0.11322659,0.0,0.0,0.0,0.0,0.0,0.0
4,5,0.0,0.0,0.05973114,0.0,0.3093596,0.5176826,0.11322659,0.0,0.0,0.0,0.0,0.0,0.0
4,5,0.0,0.0,0.05973114,0.0,0.3093596,0.5176826,0.11322659,0.0,0.0,0.0,0.0,0.0,0.0
4,5,0.0,0.0,0.05973114,0.0,0.3093596,0.5176826,0.11322659,0.0,0.0,0.0,0.0,0.0,0.0
4,5,0.0,0.0,0.05973114,0.0,0.3093596,0.5176826,0.11322659,0.0,0.0,0.0,0.0,0.0,0.0
4,5,0.0,0.0,0.05973114,0.0,0.3093596,0.5176826,0.11322659,0.0,0.0,0.0,0.0,0.0,0.0
4,5,0.0,0.0,0.05973114,0.0,0.3093596,0.5176826,0.11322659,0.0,0.0,0.0,0.0,0.0,0.0
4,5,0.0,0.0,0.05973114,0.0,0.3093596,0.5176826,0.11322659,0.0,0.0,0.0,0.0,0.0,0.0
4,5,0.0,0.0,0.05973114,0.0,0.3093596,0.5176826,0.11322659,0.0,0.0,0.0,0.0,0.0,0.0
4,5,0.0,0.0,0.05973114,0.0,0.3093596,0.5176826,0.11322659,0.0,0.0,0.0,0.0,0.0,0.0
4,5,0.0,0.0,0.05973114,0.0,0.3093596,0.5176826,0.11322659,0.0,0.0,0.0,0.0,0.0,0.0
4,5,0.0,0.0,0.05973114,0.0,0.3093596,0.5176826,0.11322659,0.0,0.0,0.0,0.0,0.0,0.0
4,5,0.0,0.0,0.05973114,0.0,0.3093596,0.5176826,0.11322659,0.0,0.0,0.0,0.0,0.0,0.0
4,5,0.0,0.0,0.05973114,0.0,0.3093596,0.5176826,0.11322659,0.0,0.0,0.0,0.0,0.0,0.0
4,5,0.0,0.0,0.05973114,0.0,0.3093596,0.5176826,0.11322659,0.0,0.0,0.0,0.0,0.0,0.0
4,5,0.0,0.0,0.05973114,0.0,0.3093596,0.5176826,0.11322659,0.0,0.0,0.0,0.0,0.0,0.0
4,5,0.0,0.0,0.05973114,0.0,0.3093596,0.5176826,0.11322659,0.0,0.0,0.0,0.0,0.0,0.0
4,5,0.0,0.0,0.05973114,0.0,0.3093596,0.5176826,0.11322659,0.0,0.0,0.0,0.0,0.0,0.0
4,5,0.0,0.0,0.05973114,0.0,0.3093596,0.5176826,0.11322659,0.0,0.0,0.0,0.0,0.0,0.0
4,5,0.0,0.0,0.05973114,0.0,0.3093596,0.5176826,0.11322659,0.0,0.0,0.0,0.0,0.0,0.0
4,5,0.0,0.0,0.05973114,0.0,0.3093596,0.5176826,0.11322659,0.0,0.0,0.0,0.0,0.0,0.0
4,5,0.0,0.0,0.05973114,0.0,0.3093596,0.5176826,0.11322659,0.0,0.0,0.0,0.0,0.0,0.0
4,5,0.0,0.0,0.05973114,0.0,0.3093596,0.5176826,0.11322659,0.0,0.0,0.0,0.0,0.0,0.0
4,5,0.0,0.0,0.05973114,0.0,0.3093596,0.5176826,0.11322659,0.0,0.0,0.0,0.0,0.0,0.0
4,5,0.0,0.0,0.05973114,0.0,0.3093596,0.5176826,0.11322659,0.0,0.0,0.0,0.0,0.0,0.0
4,5,0.0,0.0,0.05973114,0.0,0.3093596,0.5176826,0.11322659,0.0,0.0,0.0,0.0,0.0,0.0
4,5,0.0,0.0,0.05973114,0.0,0.3093596,0.5176826,0.11322659,0.0,0.0,0.0,0.0,0.0,0.0
4,5,0.0,0.0,0.05973114,0.0,0.3093596,0.5176826,0.11322659,0.0,0.0,0.0,0.0,0.0,0.0
4,5,0.0,0.0,0.05973114,0.0,0.3093596,0.5176826,0.11322659,0.0,0.0,0.0,0.0,0.0,0.0
4,5,0.0,0.0,0.05973114,0.0,0.3093596,0.5176826,0.11322659,0.0,0.0,0.0,0.0,0.0,0.0
4,5,0.0,0.0,0.05973114,0.0,0.3093596,0.5176826,0.11322659,0.0,0.0,0.0,0.0,0.0,0.0
4,5,0.0,0.0,0.05973114,0.0,0.3093596,0.5176826,0.11322659,0.0,0.0,0.0,0.0,0.0,0.0
4,5,0.0,0.0,0.05973114,0.0,0.3093596,0.5176826,0.11322659,0.0,0.0,0.0,0.0,0.0,0.0
4,5,0.0,0.0,0.05973114,0.0,0.3093596,0.5176826,0.11322659,0.0,0.0,0.0,0.0,0.0,0.0
4,5,0.0,0.0,0.05973114,0.0,0.3093596,0.5176826,0.11322659,0.0,0.0,0.0,0.0,0.0,0.0
4,5,0.0,0.0,0.05973114,0.0,0.3093596,0.5176826,0.11322659,0.0,0.0,0.0,0.0,0.0,0.0
4,5,0.0,0.0,0.05973114,0.0,0.3093596,0.5176826,0.11322659,0.0,0.0,0.0,0.0,0.0,0.0
4,5,0.0,0.0,0.05973114,0.0,0.3093596,0.5176826,0.11322659,0.0,0.0,0.0,0.0,0.0,0.0
4,5,0.0,0.0,0.05973114,0.0,0.3093596,0.5176826,0.11322659,0.0,0.0,0.0,0.0,0.0,0.0
4,5,0.0,0.0,0.05973114,0.0,0.3093596,0.5176826,0.11322659,0.0,0.0,0.0,0.0,0.0,0.0
4,5,0.0,0.0,0.05973114,0.0,0.3093596,0.5176826,0.11322659,0.0,0.0,0.0,0.0,0.0,0.0
4,5,0.0,0.0,0.05973114,0.0,0.3093596,0.5176826,0.11322659,0.0,0.0,0.0,0.0,0.0,0.0
4,5,0.0,0.0,0.05973114,0.0,0.3093596,0.5176826,0.11322659,0.0,0.0,0.0,0.0,0.0,0.0
4,5,0.0,0.0,0.05973114,0.0,0.3093596,0.5176826,0.11322659,0.0,0.0,0.0,0.0,0.0,0.0
4,5,0.0,0.0,0.05973114,0.0,0.3093596,0.5176826,0.11322659,0.0,0.0,0.0,0.0,0.0,0.0
4,5,0.0,0.0,0.05973114,0.0,0.3093596,0.5176826,0.11322659,0.0,0.0,0.0,0.0,0.0,0.0
4,5,0.0,0.0,0.05973114,0.0,0.3093596,0.5176826,0.11322659,0.0,0.0,0.0,0.0,0.0,0.0
4,5,0.0,0.0,0.05973114,0.0,0.3093596,0.5176826,0.11322659,0.0,0.0,0.0,0.0,0.0,0.0
4,5,0.0,0.0,0.05973114,0.0,0.3093596,0.5176826,0.11322659,0.0,0.0,0.0,0.0,0.0,0.0
4,5,0.0,0.0,0.05973114,0.0,0.3093596,0.5176826,0.11322659,0.0,0.0,0.0,0.0,0.0,0.0
4,5,0.0,0.0,0.05973114,0.0,0.3093596,0.5176826,0.11322659,0.0,0.0,0.0,0.0,0.0,0.0
4,5,0.0,0.0,0.05973114,0.0,0.3093596,0.5176826,0.11322659,0.0,0.0,0.0,0.0,0.0,0.0
4,5,0.0,0.0,0.05973114,0.0,0.3093596,0.5176826,0.11322659,0.0,0.0,0.0,0.0,0.0,0.0
4,5,0.0,0.0,0.05973114,0.0,0.3093596,0.5176826,0.11322659,0.0,0.0,0.0,0.0,0.0,0.0
4,5,0.0,0.0,0.05973114,0.0,0.3093596,0.5176826,0.11322659,0.0,0.0,0.0,0.0,0.0,0.0
4,5,0.0,0.0,0.05973114,0.0,0.3093596,0.5176826,0.11322659,0.0,0.0,0.0,0.0,0.0,0.0
4,5,0.0,0.0,0.05973114,0.0,0.3093596,0.5176826,0.11322659,0.0,0.0,0.0,0.0,0.0,0.0
4,5,0.0,0.0,0.05973114,0.0,0.3093596,0.5176826,0.11322659,0.0,0.0,0.0,0.0,0.0,0.0
4,5,0.0,0.0,0.05973114,0.0,0.3093596,0.5176826,0.11322659,0.0,0.0,0.0,0.0,0.0,0.0
4,5,0.0,0.0,0.05973114,0.0,0.3093596,0.5176826,0.11322659,0.0,0.0,0.0,0.0,0.0,0.0
4,5,0.0,0.0,0.05973114,0.0,0.3093596,0.5176826,0.11322659,0.0,0.0,0.0,0.0,0.0,0.0
4,5,0.0,0.0,0.05973114,0.0,0.3093596,0.5176826,0.11322659,0.0,0.0,0.0,0.0,0.0,0.0
4,5,0.0,0.0,0.05973114,0.0,0.3093596,0.5176826,0.11322659,0.0,0.0,0.0,0.0,0.0,0.0
4,5,0.0,0.0,0.05973114,0.0,0.3093596,0.5176826,0.11322659,0.0,0.0,0.0,0.0,0.0,0.0
4,5,0.0,0.0,0.05973114,0.0,0.3093596,0.5176826,0.11322659,0.0,0.0,0.0,0.0,0.0,0.0
4,5,0.0,0.0,0.05973114,0.0,0.3093596,0.5176826,0.11322659,0.0,0.0,0.0,0.0,0.0,0.0
4,5,0.0,0.0,0.05973114,0.0,0.3093596,0.5176826,0.11322659,0.0,0.0,0.0,0.0,0.0,0.0
4,5,0.0,0.0,0.05973114,0.0,0.3093596,0.5176826,0.11322659,0.0,0.0,0.0,0.0,0.0,0.0
4,5,0.0,0.0,0.05973114,0.0,0.3093596,0.5176826,0.11322659,0.0,0.0,0.0,0.0,0.0,0.0
4,5,0.0,0.0,0.05973114,0.0,0.3093596,0.5176826,0.11322659,0.0,0.0,0.0,0.0,0.0,0.0
4,5,0.0,0.0,0.05973114,0.0,0.3093596,0.5176826,0.11322659,0.0,0.0,0.0,0.0,0.0,0.0
4,5,0.0,0.0,0.05973114,0.0,0.3093596,0.5176826,0.11322659,0.0,0.0,0.0,0.0,0.0,0.0
4,5,0.0,0.0,0.05973114,0.0,0.3093596,0.5176826,0.11322659,0.0,0.0,0.0,0.0,0.0,0.0
4,5,0.0,0.0,0.05973114,0.0,0.3093596,0.5176826,0.11322659,0.0,0.0,0.0,0.0,0.0,0.0
4,5,0.0,0.0,0.05973114,0.0,0.3093596,0.5176826,0.11322659,0.0,0.0,0.0,0.0,0.0,0.0
4,5,0.0,0.0,0.05973114,0.0,0.3093596,0.5176826,0.11322659,0.0,0.0,0.0,0.0,0.0,0.0
4,5,0.0,0.0,0.05973114,0.0,0.3093596,0.5176826,0.11322659,0.0,0.0,0.0,0.0,0.0,0.0
4,5,0.0,0.0,0.05973114,0.0,0.3093596,0.5176826,0.11322659,0.0,0.0,0.0,0.0,0.0,0.0
4,5,0.0,0.0,0.05973114,0.0,0.3093596,0.5176826,0.11322659,0.0,0.0,0.0,0.0,0.0,0.0
4,5,0.0,0.0,0.05973114,0.0,0.3093596,0.5176826,0.11322659,0.0,0.0,0.0,0.0,0.0,0.0
4,5,0.0,0.0,0.05973114,0.0,0.3093596,0.5176826,0.11322659,0.0,0.0,0.0,0.0,0.0,0.0
4,5,0.0,0.0,0.05973114,0.0,0.3093596,0.5176826,0.11322659,0.0,0.0,0.0,0.0,0.0,0.0
4,5,0.0,0.0,0.05973114,0.0,0.3093596,0.5176826,0.11322659,0.0,0.0,0.0,0.0,0.0,0.0
4,5,0.0,0.0,0.05973114,0.0,0.3093596,0.5176826,0.11322659,0.0,0.0,0.0,0.0,0.0,0.0
4,5,0.0,0.0,0.05973114,0.0,0.3093596,0.5176826,0.11322659,0.0,0.0,0.0,0.0,0.0,0.0
4,5,0.0,0.0,0.05973114,0.0,0.3093596,0.5176826,0.11322659,0.0,0.0,0.0,0.0,0.0,0.0
4,5,0.0,0.0,0.059731144,0.0,0.37227932,0.45476297,0.1132266,0.0,0.0,0.0,0.0,0.0,0.0
4,5,0.0,0.0,0.059731144,0.0,0.37227932,0.45476297,0.1132266,0.0,0.0,0.0,0.0,0.0,0.0
4,5,0.0,0.0,0.059731144,0.0,0.37227932,0.45476297,0.1132266,0.0,0.0,0.0,0.0,0.0,0.0
4,5,0.0,0.0,0.059731144,0.0,0.37227932,0.45476297,0.1132266,0.0,0.0,0.0,0.0,0.0,0.0
4,5,0.0,0.0,0.059731144,0.0,0.37227932,0.45476297,0.1132266,0.0,0.0,0.0,0.0,0.0,0.0
4,5,0.0,0.0,0.059731144,0.0,0.37227932,0.45476297,0.1132266,0.0,0.0,0.0,0.0,0.0,0.0
4,5,0.0,0.0,0.059731144,0.0,0.37227932,0.45476297,0.1132266,0.0,0.0,0.0,0.0,0.0,0.0
4,5,0.0,0.0,0.059731144,0.0,0.37227932,0.45476297,0.1132266,0.0,0.0,0.0,0.0,0.0,0.0
4,5,0.0,0.0,0.059731144,0.0,0.37227932,0.45476297,0.1132266,0.0,0.0,0.0,0.0,0.0,0.0
4,5,0.0,0.0,0.059731144,0.0,0.37227932,0.45476297,0.1132266,0.0,0.0,0.0,0.0,0.0,0.0
4,5,0.0,0.0,0.059731144,0.0,0.37227932,0.45476297,0.1132266,0.0,0.0,0.0,0.0,0.0,0.0
4,5,0.0,0.0,0.059731144,0.0,0.37227932,0.45476297,0.1132266,0.0,0.0,0.0,0.0,0.0,0.0
4,5,0.0,0.0,0.059731144,0.0,0.37227932,0.45476297,0.1132266,0.0,0.0,0.0,0.0,0.0,0.0
4,5,0.0,0.0,0.059731144,0.0,0.37227932,0.45476297,0.1132266,0.0,0.0,0.0,0.0,0.0,0.0
4,5,0.0,0.0,0.059731144,0.0,0.37227932,0.45476297,0.1132266,0.0,0.0,0.0,0.0,0.0,0.0
4,5,0.0,0.0,0.059731144,0.0,0.37227932,0.45476297,0.1132266,0.0,0.0,0.0,0.0,0.0,0.0
4,5,0.0,0.0,0.059731144,0.0,0.37227932,0.45476297,0.1132266,0.0,0.0,0.0,0.0,0.0,0.0
4,5,0.0,0.0,0.059731144,0.0,0.37227932,0.45476297,0.1132266,0.0,0.0,0.0,0.0,0.0,0.0
4,5,0.0,0.0,0.059731144,0.0,0.37227932,0.45476297,0.1132266,0.0,0.0,0.0,0.0,0.0,0.0
4,5,0.0,0.0,0.059731144,0.0,0.37227932,0.45476297,0.1132266,0.0,0.0,0.0,0.0,0.0,0.0
4,5,0.0,0.0,0.059731144,0.0,0.37227932,0.45476297,0.1132266,0.0,0.0,0.0,0.0,0.0,0.0
4,5,0.0,0.0,0.059731144,0.0,0.37227932,0.45476297,0.1132266,0.0,0.0,0.0,0.0,0.0,0.0
4,5,0.0,0.0,0.059731144,0.0,0.37227932,0.45476297,0.1132266,0.0,0.0,0.0,0.0,0.0,0.0
4,5,0.0,0.0,0.059731144,0.0,0.37227932,0.45476297,0.1132266,0.0,0.0,0.0,0.0,0.0,0.0
4,5,0.0,0.0,0.059731144,0.0,0.37227932,0.45476297,0.1132266,0.0,0.0,0.0,0.0,0.0,0.0
4,5,0.0,0.0,0.059731144,0.0,0.37227932,0.45476297,0.1132266,0.0,0.0,0.0,0.0,0.0,0.0
4,5,0.0,0.0,0.059731144,0.0,0.37227932,0.45476297,0.1132266,0.0,0.0,0.0,0.0,0.0,0.0
4,5,0.0,0.0,0.059731144,0.0,0.37227932,0.45476297,0.1132266,0.0,0.0,0.0,0.0,0.0,0.0
4,5,0.0,0.0,0.059731144,0.0,0.37227932,0.45476297,0.1132266,0.0,0.0,0.0,0.0,0.0,0.0
4,5,0.0,0.0,0.059731144,0.0,0.37227932,0.45476297,0.1132266,0.0,0.0,0.0,0.0,0.0,0.0
4,5,0.0,0.0,0.059731144,0.0,0.37227932,0.45476297,0.1132266,0.0,0.0,0.0,0.0,0.0,0.0
4,5,0.0,0.0,0.059731144,0.0,0.37227932,0.45476297,0.1132266,0.0,0.0,0.0,0.0,0.0,0.0
4,5,0.0,0.0,0.059731144,0.0,0.37227932,0.45476297,0.1132266,0.0,0.0,0.0,0.0,0.0,0.0
4,5,0.0,0.0,0.059731144,0.0,0.37227932,0.45476297,0.1132266,0.0,0.0,0.0,0.0,0.0,0.0
4,5,0.0,0.0,0.059731144,0.0,0.37227932,0.45476297,0.1132266,0.0,0.0,0.0,0.0,0.0,0.0
4,5,0.0,0.0,0.059731144,0.0,0.37227932,0.45476297,0.1132266,0.0,0.0,0.0,0.0,0.0,0.0
4,5,0.0,0.0,0.059731144,0.0,0.37227932,0.45476297,0.1132266,0.0,0.0,0.0,0.0,0.0,0.0
4,5,0.0,0.0,0.059731144,0.0,0.37227932,0.45476297,0.1132266,0.0,0.0,0.0,0.0,0.0,0.0
4,5,0.0,0.0,0.059731144,0.0,0.37227932,0.45476297,0.1132266,0.0,0.0,0.0,0.0,0.0,0.0
4,5,0.0,0.0,0.059731144,0.0,0.37227932,0.45476297,0.1132266,0.0,0.0,0.0,0.0,0.0,0.0
4,5,0.0,0.0,0.059731144,0.0,0.37227932,0.45476297,0.1132266,0.0,0.0,0.0,0.0,0.0,0.0
4,5,0.0,0.0,0.059731144,0.0,0.37227932,0.45476297,0.1132266,0.0,0.0,0.0,0.0,0.0,0.0
4,5,0.0,0.0,0.059731144,0.0,0.37227932,0.45476297,0.1132266,0.0,0.0,0.0,0.0,0.0,0.0
4,4,0.0,0.0,0.059731144,0.0,0.44053632,0.38650596,0.1132266,0.0,0.0,0.0,0.0,0.0,0.0
4,4,0.0,0.0,0.059731144,0.0,0.44053632,0.38650596,0.1132266,0.0,0.0,0.0,0.0,0.0,0.0
4,4,0.0,0.0,0.059731144,0.0,0.44053632,0.38650596,0.1132266,0.0,0.0,0.0,0.0,0.0,0.0
4,4,0.0,0.0,0.059731144,0.0,0.44053632,0.38650596,0.1132266,0.0,0.0,0.0,0.0,0.0,0.0
4,4,0.0,0.0,0.059731144,0.0,0.44053632,0.38650596,0.1132266,0.0,0.0,0.0,0.0,0.0,0.0
4,4,0.0,0.0,0.059731144,0.0,0.44053632,0.38650596,0.1132266,0.0,0.0,0.0,0.0,0.0,0.0
4,4,0.0,0.0,0.059731144,0.0,0.44053632,0.38650596,0.1132266,0.0,0.0,0.0,0.0,0.0,0.0
4,4,0.0,0.0,0.059731144,0.0,0.44053632,0.38650596,0.1132266,0.0,0.0,0.0,0.0,0.0,0.0
4,4,0.0,0.0,0.059731144,0.0,0.44053632,0.38650596,0.1132266,0.0,0.0,0.0,0.0,0.0,0.0
4,4,0.0,0.0,0.059731144,0.0,0.5056,0.3214423,0.1132266,0.0,0.0,0.0,0.0,0.0,0.0
4,4,0.0,0.0,0.059731144,0.0,0.5056,0.3214423,0.1132266,0.0,0.0,0.0,0.0,0.0,0.0
4,4,0.0,0.0,0.059731144,0.0,0.5056,0.3214423,0.1132266,0.0,0.0,0.0,0.0,0.0,0.0
4,4,0.0,0.0,0.059731144,0.0,0.5056,0.3214423,0.1132266,0.0,0.0,0.0,0.0,0.0,0.0
4,4,0.0,0.0,0.059731144,0.0,0.5056,0.3214423,0.1132266,0.0,0.0,0.0,0.0,0.0,0.0
4,4,0.0,0.0,0.059731144,0.0,0.5056,0.3214423,0.1132266,0.0,0.0,0.0,0.0,0.0,0.0
4,4,0.0,0.0,0.059731144,0.0,0.5056,0.3214423,0.1132266,0.0,0.0,0.0,0.0,0.0,0.0
4,4,0.0,0.0,0.059731144,0.0,0.5056,0.3214423,0.1132266,0.0,0.0,0.0,0.0,0.0,0.0
4,4,0.0,0.0,0.059731144,0.0,0.5668644,0.26017794,0.1132266,0.0,0.0,0.0,0.0,0.0,0.0
4,4,0.0,0.0,0.059731144,0.0,0.5668644,0.26017794,0.1132266,0.0,0.0,0.0,0.0,0.0,0.0
4,4,0.0,0.0,0.059731144,0.0,0.5668644,0.26017794,0.1132266,0.0,0.0,0.0,0.0,0.0,0.0
4,4,0.0,0.0,0.059731144,0.0,0.62366134,0.26017794,0.056429595,0.0,0.0,0.0,0.0,0.0,0.0
4,4,0.0,0.0,0.059731144,0.0,0.7508979,0.13294144,0.056429595,0.0,0.0,0.0,0.0,0.0,0.0
4,4,0.0,0.0,0.059731144,0.0,0.7508979,0.13294144,0.056429595,0.0,0.0,0.0,0.0,0.0,0.0
4,4,0.0,0.0,0.059731144,0.0,0.7508979,0.13294144,0.056429595,0.0,0.0,0.0,0.0,0.0,0.0
4,4,0.0,0.0,0.059731144,0.0,0.7508979,0.13294144,0.056429595,0.0,0.0,0.0,0.0,0.0,0.0
4,4,0.0,0.0,0.0,0.0,0.81062895,0.13294144,0.056429595,0.0,0.0,0.0,0.0,0.0,0.0
4,4,0.0,0.0,0.0,0.0,0.81062895,0.13294144,0.056429595,0.0,0.0,0.0,0.0,0.0,0.0
4,4,0.0,0.0,0.0,0.0,0.81062895,0.13294144,0.056429595,0.0,0.0,0.0,0.0,0.0,0.0
4,4,0.0,0.0,0.0,0.0,0.81062895,0.13294144,0.056429595,0.0,0.0,0.0,0.0,0.0,0.0
4,4,0.0,0.0,0.0,0.0,0.81062895,0.13294144,0.056429595,0.0,0.0,0.0,0.0,0.0,0.0
4,4,0.0,0.0,0.0,0.0,0.81062895,0.13294144,0.056429595,0.0,0.0,0.0,0.0,0.0,0.0
4,4,0.0,0.0,0.0,0.0,0.81062895,0.13294144,0.056429595,0.0,0.0,0.0,0.0,0.0,0.0
4,4,0.0,0.0,0.0,0.0,0.81062895,0.13294144,0.056429595,0.0,0.0,0.0,0.0,0.0,0.0
4,4,0.0,0.0,0.0,0.0,0.81062895,0.13294144,0.056429595,0.0,0.0,0.0,0.0,0.0,0.0
4,4,0.0,0.0,0.0,0.0,0.81062895,0.13294144,0.056429595,0.0,0.0,0.0,0.0,0.0,0.0
4,4,0.0,0.0,0.0,0.0,0.81062895,0.13294144,0.056429595,0.0,0.0,0.0,0.0,0.0,0.0
4,4,0.0,0.0,0.0,0.0,0.81062895,0.13294144,0.056429595,0.0,0.0,0.0,0.0,0.0,0.0
4,4,0.0,0.0,0.0,0.0,0.8670586,0.13294144,0.0,0.0,0.0,0.0,0.0,0.0,0.0
4,4,0.0,0.0,0.0,0.0,0.8670586,0.13294144,0.0,0.0,0.0,0.0,0.0,0.0,0.0
4,4,0.0,0.0,0.0,0.0,0.8670586,0.13294144,0.0,0.0,0.0,0.0,0.0,0.0,0.0
4,4,0.0,0.0,0.0,0.0,0.8670586,0.13294144,0.0,0.0,0.0,0.0,0.0,0.0,0.0
4,4,0.0,0.0,0.0,0.0,0.8670586,0.13294144,0.0,0.0,0.0,0.0,0.0,0.0,0.0
4,4,0.0,0.0,0.0,0.0,0.8670586,0.13294144,0.0,0.0,0.0,0.0,0.0,0.0,0.0
4,4,0.0,0.0,0.0,0.0,0.8670586,0.13294144,0.0,0.0,0.0,0.0,0.0,0.0,0.0
4,4,0.0,0.0,0.0,0.0,0.8670586,0.13294144,0.0,0.0,0.0,0.0,0.0,0.0,0.0
4,4,0.0,0.0,0.0,0.0,0.8670586,0.13294144,0.0,0.0,0.0,0.0,0.0,0.0,0.0
4,4,0.0,0.0,0.0,0.0,0.8670586,0.13294144,0.0,0.0,0.0,0.0,0.0,0.0,0.0
4,4,0.0,0.0,0.0,0.0,0.93241656,0.067583494,0.0,0.0,0.0,0.0,0.0,0.0,0.0
4,4,0.0,0.0,0.0,0.0,0.93241656,0.067583494,0.0,0.0,0.0,0.0,0.0,0.0,0.0
4,4,0.0,0.0,0.0,0.0,0.93241656,0.067583494,0.0,0.0,0.0,0.0,0.0,0.0,0.0
4,4,0.0,0.0,0.0,0.0,0.93241656,0.067583494,0.0,0.0,0.0,0.0,0.0,0.0,0.0
4,4,0.0,0.0,0.0,0.0,0.93241656,0.067583494,0.0,0.0,0.0,0.0,0.0,0.0,0.0
4,4,0.0,0.0,0.0,0.0,0.93241656,0.067583494,0.0,0.0,0.0,0.0,0.0,0.0,0.0
4,4,0.0,0.0,0.0,0.0,0.93241656,0.067583494,0.0,0.0,0.0,0.0,0.0,0.0,0.0
4,4,0.0,0.0,0.0,0.0,0.93241656,0.067583494,0.0,0.0,0.0,0.0,0.0,0.0,0.0
4,4,0.0,0.0,0.0,0.0,0.93241656,0.067583494,0.0,0.0,0.0,0.0,0.0,0.0,0.0
4,4,0.0,0.0,0.0,0.0,0.93241656,0.067583494,0.0,0.0,0.0,0.0,0.0,0.0,0.0
4,4,0.0,0.0,0.0,0.0,0.93241656,0.067583494,0.0,0.0,0.0,0.0,0.0,0.0,0.0
4,4,0.0,0.0,0.0,0.0,0.93241656,0.067583494,0.0,0.0,0.0,0.0,0.0,0.0,0.0
4,4,0.0,0.0,0.0,0.0,0.93241656,0.067583494,0.0,0.0,0.0,0.0,0.0,0.0,0.0
4,4,0.0,0.0,0.0,0.0,0.93241656,0.067583494,0.0,0.0,0.0,0.0,0.0,0.0,0.0
4,4,0.0,0.0,0.0,0.0,0.93241656,0.067583494,0.0,0.0,0.0,0.0,0.0,0.0,0.0
4,4,0.0,0.0,0.0,0.0,0.93241656,0.067583494,0.0,0.0,0.0,0.0,0.0,0.0,0.0
4,4,0.0,0.0,0.0,0.0,0.93241656,0.067583494,0.0,0.0,0.0,0.0,0.0,0.0,0.0
4,4,0.0,0.0,0.0,0.0,0.93241656,0.067583494,0.0,0.0,0.0,0.0,0.0,0.0,0.0
4,4,0.0,0.0,0.0,0.0,0.93241656,0.067583494,0.0,0.0,0.0,0.0,0.0,0.0,0.0
4,4,0.0,0.0,0.0,0.0,0.93241656,0.067583494,0.0,0.0,0.0,0.0,0.0,0.0,0.0
4,4,0.0,0.0,0.0,0.0,0.93241656,0.067583494,0.0,0.0,0.0,0.0,0.0,0.0,0.0
4,4,0.0,0.0,0.0,0.0,0.93241656,0.067583494,0.0,0.0,0.0,0.0,0.0,0.0,0.0
4,4,0.0,0.0,0.0,0.0,0.93241656,0.067583494,0.0,0.0,0.0,0.0,0.0,0.0,0.0
4,4,0.0,0.0,0.0,0.0,0.93241656,0.067583494,0.0,0.0,0.0,0.0,0.0,0.0,0.0
4,4,0.0,0.0,0.0,0.0,0.93241656,0.067583494,0.0,0.0,0.0,0.0,0.0,0.0,0.0
4,4,0.0,0.0,0.0,0.0,0.93241656,0.067583494,0.0,0.0,0.0,0.0,0.0,0.0,0.0
4,4,0.0,0.0,0.0,0.0,0.93241656,0.067583494,0.0,0.0,0.0,0.0,0.0,0.0,0.0
4,4,0.0,0.0,0.0,0.0,0.93241656,0.067583494,0.0,0.0,0.0,0.0,0.0,0.0,0.0
4,4,0.0,0.0,0.0,0.0,0.93241656,0.067583494,0.0,0.0,0.0,0.0,0.0,0.0,0.0
4,4,0.0,0.0,0.0,0.0,0.93241656,0.067583494,0.0,0.0,0.0,0.0,0.0,0.0,0.0
4,4,0.0,0.0,0.0,0.0,0.93241656,0.067583494,0.0,0.0,0.0,0.0,0.0,0.0,0.0
4,4,0.0,0.0,0.0,0.0,0.93241656,0.067583494,0.0,0.0,0.0,0.0,0.0,0.0,0.0
4,4,0.0,0.0,0.0,0.0,0.93241656,0.067583494,0.0,0.0,0.0,0.0,0.0,0.0,0.0
4,4,0.0,0.0,0.0,0.0,0.93241656,0.067583494,0.0,0.0,0.0,0.0,0.0,0.0,0.0
4,4,0.0,0.0,0.0,0.0,0.93241656,0.067583494,0.0,0.0,0.0,0.0,0.0,0.0,0.0
4,4,0.0,0.0,0.0,0.0,0.93241656,0.067583494,0.0,0.0,0.0,0.0,0.0,0.0,0.0
4,4,0.0,0.0,0.0,0.0,0.93241656,0.067583494,0.0,0.0,0.0,0.0,0.0,0.0,0.0
4,4,0.0,0.0,0.0,0.0,0.93241656,0.067583494,0.0,0.0,0.0,0.0,0.0,0.0,0.0
4,4,0.0,0.0,0.0,0.0,0.93241656,0.067583494,0.0,0.0,0.0,0.0,0.0,0.0,0.0
4,4,0.0,0.0,0.0,0.0,0.93241656,0.067583494,0.0,0.0,0.0,0.0,0.0,0.0,0.0
4,4,0.0,0.0,0.0,0.0,0.93241656,0.067583494,0.0,0.0,0.0,0.0,0.0,0.0,0.0
4,4,0.0,0.0,0.0,0.0,0.93241656,0.067583494,0.0,0.0,0.0,0.0,0.0,0.0,0.0
4,4,0.0,0.0,0.0,0.0,0.93241656,0.067583494,0.0,0.0,0.0,0.0,0.0,0.0,0.0
4,4,0.0,0.0,0.0,0.0,0.93241656,0.067583494,0.0,0.0,0.0,0.0,0.0,0.0,0.0
4,4,0.0,0.0,0.0,0.0,0.93241656,0.067583494,0.0,0.0,0.0,0.0,0.0,0.0,0.0
4,4,0.0,0.0,0.0,0.0,0.93241656,0.067583494,0.0,0.0,0.0,0.0,0.0,0.0,0.0
4,4,0.0,0.0,0.0,0.0,0.93241656,0.067583494,0.0,0.0,0.0,0.0,0.0,0.0,0.0
4,4,0.0,0.0,0.0,0.0,0.93241656,0.067583494,0.0,0.0,0.0,0.0,0.0,0.0,0.0
4,4,0.0,0.0,0.0,0.0,0.93241656,0.067583494,0.0,0.0,0.0,0.0,0.0,0.0,0.0
4,4,0.0,0.0,0.0,0.0,0.93241656,0.067583494,0.0,0.0,0.0,0.0,0.0,0.0,0.0
4,4,0.0,0.0,0.0,0.0,0.93241656,0.067583494,0.0,0.0,0.0,0.0,0.0,0.0,0.0
4,4,0.0,0.0,0.0,0.0,0.93241656,0.067583494,0.0,0.0,0.0,0.0,0.0,0.0,0.0
4,4,0.0,0.0,0.0,0.0,0.93241656,0.067583494,0.0,0.0,0.0,0.0,0.0,0.0,0.0
4,4,0.0,0.0,0.0,0.0,0.93241656,0.067583494,0.0,0.0,0.0,0.0,0.0,0.0,0.0
4,4,0.0,0.0,0.0,0.0,0.93241656,0.067583494,0.0,0.0,0.0,0.0,0.0,0.0,0.0
4,4,0.0,0.0,0.0,0.0,0.93241656,0.067583494,0.0,0.0,0.0,0.0,0.0,0.0,0.0
4,4,0.0,0.0,0.0,0.0,0.93241656,0.067583494,0.0,0.0,0.0,0.0,0.0,0.0,0.0
4,4,0.0,0.0,0.0,0.0,0.93241656,0.067583494,0.0,0.0,0.0,0.0,0.0,0.0,0.0
4,4,0.0,0.0,0.0,0.0,0.93241656,0.067583494,0.0,0.0,0.0,0.0,0.0,0.0,0.0
4,4,0.0,0.0,0.0,0.0,0.93241656,0.067583494,0.0,0.0,0.0,0.0,0.0,0.0,0.0
4,4,0.0,0.0,0.0,0.0,0.93241656,0.067583494,0.0,0.0,0.0,0.0,0.0,0.0,0.0
4,4,0.0,0.0,0.0,0.0,0.93241656,0.067583494,0.0,0.0,0.0,0.0,0.0,0.0,0.0
4,4,0.0,0.0,0.0,0.0,0.93241656,0.067583494,0.0,0.0,0.0,0.0,0.0,0.0,0.0
4,4,0.0,0.0,0.0,0.0,0.93241656,0.067583494,0.0,0.0,0.0,0.0,0.0,0.0,0.0
4,4,0.0,0.0,0.0,0.0,0.93241656,0.067583494,0.0,0.0,0.0,0.0,0.0,0.0,0.0
4,4,0.0,0.0,0.0,0.0,0.93241656,0.067583494,0.0,0.0,0.0,0.0,0.0,0.0,0.0
4,4,0.0,0.0,0.0,0.0,0.93241656,0.067583494,0.0,0.0,0.0,0.0,0.0,0.0,0.0
4,4,0.0,0.0,0.0,0.0,0.93241656,0.067583494,0.0,0.0,0.0,0.0,0.0,0.0,0.0
4,4,0.0,0.0,0.0,0.0,0.93241656,0.067583494,0.0,0.0,0.0,0.0,0.0,0.0,0.0
4,4,0.0,0.0,0.0,0.0,0.93241656,0.067583494,0.0,0.0,0.0,0.0,0.0,0.0,0.0
4,4,0.0,0.0,0.0,0.0,0.93241656,0.067583494,0.0,0.0,0.0,0.0,0.0,0.0,0.0
4,4,0.0,0.0,0.0,0.0,0.93241656,0.067583494,0.0,0.0,0.0,0.0,0.0,0.0,0.0
4,4,0.0,0.0,0.0,0.0,0.93241656,0.067583494,0.0,0.0,0.0,0.0,0.0,0.0,0.0
4,4,0.0,0.0,0.0,0.0,0.93241656,0.067583494,0.0,0.0,0.0,0.0,0.0,0.0,0.0
4,4,0.0,0.0,0.0,0.0,0.93241656,0.067583494,0.0,0.0,0.0,0.0,0.0,0.0,0.0
4,4,0.0,0.0,0.0,0.0,0.93241656,0.067583494,0.0,0.0,0.0,0.0,0.0,0.0,0.0
4,4,0.0,0.0,0.0,0.0,0.93241656,0.067583494,0.0,0.0,0.0,0.0,0.0,0.0,0.0
4,4,0.0,0.0,0.0,0.0,0.93241656,0.067583494,0.0,0.0,0.0,0.0,0.0,0.0,0.0
4,4,0.0,0.0,0.0,0.0,0.93241656,0.067583494,0.0,0.0,0.0,0.0,0.0,0.0,0.0
4,4,0.0,0.0,0.0,0.0,0.93241656,0.067583494,0.0,0.0,0.0,0.0,0.0,0.0,0.0
4,4,0.0,0.0,0.0,0.0,0.93241656,0.067583494,0.0,0.0,0.0,0.0,0.0,0.0,0.0
4,4,0.0,0.0,0.0,0.0,0.93241656,0.067583494,0.0,0.0,0.0,0.0,0.0,0.0,0.0
4,4,0.0,0.0,0.0,0.0,0.93241656,0.067583494,0.0,0.0,0.0,0.0,0.0,0.0,0.0
4,4,0.0,0.0,0.0,0.0,0.93241656,0.067583494,0.0,0.0,0.0,0.0,0.0,0.0,0.0
4,4,0.0,0.0,0.0,0.0,0.93241656,0.067583494,0.0,0.0,0.0,0.0,0.0,0.0,0.0
4,4,0.0,0.0,0.0,0.0,0.93241656,0.067583494,0.0,0.0,0.0,0.0,0.0,0.0,0.0
4,4,0.0,0.0,0.0,0.0,0.93241656,0.067583494,0.0,0.0,0.0,0.0,0.0,0.0,0.0
4,4,0.0,0.0,0.0,0.0,0.93241656,0.067583494,0.0,0.0,0.0,0.0,0.0,0.0,0.0
4,4,0.0,0.0,0.0,0.0,0.93241656,0.067583494,0.0,0.0,0.0,0.0,0.0,0.0,0.0
4,4,0.0,0.0,0.0,0.0,0.93241656,0.067583494,0.0,0.0,0.0,0.0,0.0,0.0,0.0
4,4,0.0,0.0,0.0,0.0,0.93241656,0.067583494,0.0,0.0,0.0,0.0,0.0,0.0,0.0
4,4,0.0,0.0,0.0,0.0,0.93241656,0.067583494,0.0,0.0,0.0,0.0,0.0,0.0,0.0
4,4,0.0,0.0,0.0,0.0,0.93241656,0.067583494,0.0,0.0,0.0,0.0,0.0,0.0,0.0
4,4,0.0,0.0,0.0,0.0,0.93241656,0.067583494,0.0,0.0,0.0,0.0,0.0,0.0,0.0
4,4,0.0,0.0,0.0,0.0,0.93241656,0.067583494,0.0,0.0,0.0,0.0,0.0,0.0,0.0
4,4,0.0,0.0,0.0,0.0,0.93241656,0.067583494,0.0,0.0,0.0,0.0,0.0,0.0,0.0
4,4,0.0,0.0,0.0,0.0,0.93241656,0.067583494,0.0,0.0,0.0,0.0,0.0,0.0,0.0
4,4,0.0,0.0,0.0,0.0,0.93241656,0.067583494,0.0,0.0,0.0,0.0,0.0,0.0,0.0
4,4,0.0,0.0,0.0,0.0,0.93241656,0.067583494,0.0,0.0,0.0,0.0,0.0,0.0,0.0
4,4,0.0,0.0,0.0,0.0,0.93241656,0.067583494,0.0,0.0,0.0,0.0,0.0,0.0,0.0
4,4,0.0,0.0,0.0,0.0,0.93241656,0.067583494,0.0,0.0,0.0,0.0,0.0,0.0,0.0
4,4,0.0,0.0,0.0,0.0,0.93241656,0.067583494,0.0,0.0,0.0,0.0,0.0,0.0,0.0
4,4,0.0,0.0,0.0,0.0,0.93241656,0.067583494,0.0,0.0,0.0,0.0,0.0,0.0,0.0
4,4,0.0,0.0,0.0,0.0,0.93241656,0.067583494,0.0,0.0,0.0,0.0,0.0,0.0,0.0
4,4,0.0,0.0,0.0,0.0,0.93241656,0.067583494,0.0,0.0,0.0,0.0,0.0,0.0,0.0
4,4,0.0,0.0,0.0,0.0,0.93241656,0.067583494,0.0,0.0,0.0,0.0,0.0,0.0,0.0
4,4,0.0,0.0,0.0,0.0,0.93241656,0.067583494,0.0,0.0,0.0,0.0,0.0,0.0,0.0
4,4,0.0,0.0,0.0,0.0,0.93241656,0.067583494,0.0,0.0,0.0,0.0,0.0,0.0,0.0
4,4,0.0,0.0,0.0,0.0,0.93241656,0.067583494,0.0,0.0,0.0,0.0,0.0,0.0,0.0
4,4,0.0,0.0,0.0,0.0,0.93241656,0.067583494,0.0,0.0,0.0,0.0,0.0,0.0,0.0
4,4,0.0,0.0,0.0,0.0,0.93241656,0.067583494,0.0,0.0,0.0,0.0,0.0,0.0,0.0
4,4,0.0,0.0,0.0,0.0,0.93241656,0.067583494,0.0,0.0,0.0,0.0,0.0,0.0,0.0
4,4,0.0,0.0,0.0,0.0,0.93241656,0.067583494,0.0,0.0,0.0,0.0,0.0,0.0,0.0
4,4,0.0,0.0,0.0,0.0,0.93241656,0.067583494,0.0,0.0,0.0,0.0,0.0,0.0,0.0
4,4,0.0,0.0,0.0,0.0,0.93241656,0.067583494,0.0,0.0,0.0,0.0,0.0,0.0,0.0
4,4,0.0,0.0,0.0,0.0,0.93241656,0.067583494,0.0,0.0,0.0,0.0,0.0,0.0,0.0
4,4,0.0,0.0,0.0,0.0,0.93241656,0.067583494,0.0,0.0,0.0,0.0,0.0,0.0,0.0
4,4,0.0,0.0,0.0,0.0,0.93241656,0.067583494,0.0,0.0,0.0,0.0,0.0,0.0,0.0
4,4,0.0,0.0,0.0,0.0,0.93241656,0.067583494,0.0,0.0,0.0,0.0,0.0,0.0,0.0
4,4,0.0,0.0,0.0,0.0,0.93241656,0.067583494,0.0,0.0,0.0,0.0,0.0,0.0,0.0
4,4,0.0,0.0,0.0,0.0,0.93241656,0.067583494,0.0,0.0,0.0,0.0,0.0,0.0,0.0
4,4,0.0,0.0,0.0,0.0,0.93241656,0.067583494,0.0,0.0,0.0,0.0,0.0,0.0,0.0
4,4,0.0,0.0,0.0,0.0,0.93241656,0.067583494,0.0,0.0,0.0,0.0,0.0,0.0,0.0
4,4,0.0,0.0,0.0,0.0,0.93241656,0.067583494,0.0,0.0,0.0,0.0,0.0,0.0,0.0
4,4,0.0,0.0,0.0,0.0,0.93241656,0.067583494,0.0,0.0,0.0,0.0,0.0,0.0,0.0
4,4,0.0,0.0,0.0,0.0,0.93241656,0.067583494,0.0,0.0,0.0,0.0,0.0,0.0,0.0
4,4,0.0,0.0,0.0,0.0,0.93241656,0.067583494,0.0,0.0,0.0,0.0,0.0,0.0,0.0
4,4,0.0,0.0,0.0,0.0,0.93241656,0.067583494,0.0,0.0,0.0,0.0,0.0,0.0,0.0
4,4,0.0,0.0,0.0,0.0,0.93241656,0.067583494,0.0,0.0,0.0,0.0,0.0,0.0,0.0
4,4,0.0,0.0,0.0,0.0,0.93241656,0.067583494,0.0,0.0,0.0,0.0,0.0,0.0,0.0
4,4,0.0,0.0,0.0,0.0,0.93241656,0.067583494,0.0,0.0,0.0,0.0,0.0,0.0,0.0
4,4,0.0,0.0,0.0,0.0,0.93241656,0.067583494,0.0,0.0,0.0,0.0,0.0,0.0,0.0
4,4,0.0,0.0,0.0,0.0,0.93241656,0.067583494,0.0,0.0,0.0,0.0,0.0,0.0,0.0
4,4,0.0,0.0,0.0,0.0,0.93241656,0.067583494,0.0,0.0,0.0,0.0,0.0,0.0,0.0
4,4,0.0,0.0,0.0,0.0,0.93241656,0.067583494,0.0,0.0,0.0,0.0,0.0,0.0,0.0
4,4,0.0,0.0,0.0,0.0,0.93241656,0.067583494,0.0,0.0,0.0,0.0,0.0,0.0,0.0
4,4,0.0,0.0,0.0,0.0,0.93241656,0.067583494,0.0,0.0,0.0,0.0,0.0,0.0,0.0
4,4,0.0,0.0,0.0,0.0,0.93241656,0.067583494,0.0,0.0,0.0,0.0,0.0,0.0,0.0
4,4,0.0,0.0,0.0,0.0,0.93241656,0.067583494,0.0,0.0,0.0,0.0,0.0,0.0,0.0
4,4,0.0,0.0,0.0,0.0,0.93241656,0.067583494,0.0,0.0,0.0,0.0,0.0,0.0,0.0
4,4,0.0,0.0,0.0,0.0,0.93241656,0.067583494,0.0,0.0,0.0,0.0,0.0,0.0,0.0
4,4,0.0,0.0,0.0,0.0,0.93241656,0.067583494,0.0,0.0,0.0,0.0,0.0,0.0,0.0
4,4,0.0,0.0,0.0,0.0,0.93241656,0.067583494,0.0,0.0,0.0,0.0,0.0,0.0,0.0
4,4,0.0,0.0,0.0,0.0,0.93241656,0.067583494,0.0,0.0,0.0,0.0,0.0,0.0,0.0
4,4,0.0,0.0,0.0,0.0,0.93241656,0.067583494,0.0,0.0,0.0,0.0,0.0,0.0,0.0
4,4,0.0,0.0,0.0,0.0,0.93241656,0.067583494,0.0,0.0,0.0,0.0,0.0,0.0,0.0
4,4,0.0,0.0,0.0,0.0,0.93241656,0.067583494,0.0,0.0,0.0,0.0,0.0,0.0,0.0
4,4,0.0,0.0,0.0,0.0,0.93241656,0.067583494,0.0,0.0,0.0,0.0,0.0,0.0,0.0
4,4,0.0,0.0,0.0,0.0,0.93241656,0.067583494,0.0,0.0,0.0,0.0,0.0,0.0,0.0
4,4,0.0,0.0,0.0,0.0,0.93241656,0.067583494,0.0,0.0,0.0,0.0,0.0,0.0,0.0
4,4,0.0,0.0,0.0,0.0,0.93241656,0.067583494,0.0,0.0,0.0,0.0,0.0,0.0,0.0
4,4,0.0,0.0,0.0,0.0,0.93241656,0.067583494,0.0,0.0,0.0,0.0,0.0,0.0,0.0
4,4,0.0,0.0,0.0,0.0,0.93241656,0.067583494,0.0,0.0,0.0,0.0,0.0,0.0,0.0
4,4,0.0,0.0,0.0,0.0,0.93241656,0.067583494,0.0,0.0,0.0,0.0,0.0,0.0,0.0
4,4,0.0,0.0,0.0,0.0,0.93241656,0.067583494,0.0,0.0,0.0,0.0,0.0,0.0,0.0
4,4,0.0,0.0,0.0,0.0,0.93241656,0.067583494,0.0,0.0,0.0,0.0,0.0,0.0,0.0
4,4,0.0,0.0,0.0,0.0,0.93241656,0.067583494,0.0,0.0,0.0,0.0,0.0,0.0,0.0
4,4,0.0,0.0,0.0,0.0,0.93241656,0.067583494,0.0,0.0,0.0,0.0,0.0,0.0,0.0
4,4,0.0,0.0,0.0,0.0,0.93241656,0.067583494,0.0,0.0,0.0,0.0,0.0,0.0,0.0
4,4,0.0,0.0,0.0,0.0,0.93241656,0.067583494,0.0,0.0,0.0,0.0,0.0,0.0,0.0
4,4,0.0,0.0,0.0,0.0,0.93241656,0.067583494,0.0,0.0,0.0,0.0,0.0,0.0,0.0
4,4,0.0,0.0,0.0,0.0,0.93241656,0.067583494,0.0,0.0,0.0,0.0,0.0,0.0,0.0
4,4,0.0,0.0,0.0,0.0,0.93241656,0.067583494,0.0,0.0,0.0,0.0,0.0,0.0,0.0
4,4,0.0,0.0,0.0,0.0,0.93241656,0.067583494,0.0,0.0,0.0,0.0,0.0,0.0,0.0
4,4,0.0,0.0,0.0,0.0,0.93241656,0.067583494,0.0,0.0,0.0,0.0,0.0,0.0,0.0
4,4,0.0,0.0,0.0,0.0,0.93241656,0.067583494,0.0,0.0,0.0,0.0,0.0,0.0,0.0
4,4,0.0,0.0,0.0,0.0,0.93241656,0.067583494,0.0,0.0,0.0,0.0,0.0,0.0,0.0
4,4,0.0,0.0,0.0,0.0,0.93241656,0.067583494,0.0,0.0,0.0,0.0,0.0,0.0,0.0
4,4,0.0,0.0,0.0,0.0,0.93241656,0.067583494,0.0,0.0,0.0,0.0,0.0,0.0,0.0
4,4,0.0,0.0,0.0,0.0,0.93241656,0.067583494,0.0,0.0,0.0,0.0,0.0,0.0,0.0
4,4,0.0,0.0,0.0,0.0,0.93241656,0.067583494,0.0,0.0,0.0,0.0,0.0,0.0,0.0
4,4,0.0,0.0,0.0,0.0,0.93241656,0.067583494,0.0,0.0,0.0,0.0,0.0,0.0,0.0
4,4,0.0,0.0,0.0,0.0,0.93241656,0.067583494,0.0,0.0,0.0,0.0,0.0,0.0,0.0
4,4,0.0,0.0,0.0,0.0,0.93241656,0.067583494,0.0,0.0,0.0,0.0,0.0,0.0,0.0
4,4,0.0,0.0,0.0,0.0,0.93241656,0.067583494,0.0,0.0,0.0,0.0,0.0,0.0,0.0
4,4,0.0,0.0,0.0,0.0,0.93241656,0.067583494,0.0,0.0,0.0,0.0,0.0,0.0,0.0
4,4,0.0,0.0,0.0,0.0,0.93241656,0.067583494,0.0,0.0,0.0,0.0,0.0,0.0,0.0
4,4,0.0,0.0,0.0,0.0,0.93241656,0.067583494,0.0,0.0,0.0,0.0,0.0,0.0,0.0
4,4,0.0,0.0,0.0,0.0,0.93241656,0.067583494,0.0,0.0,0.0,0.0,0.0,0.0,0.0
4,4,0.0,0.0,0.0,0.0,0.93241656,0.067583494,0.0,0.0,0.0,0.0,0.0,0.0,0.0
4,4,0.0,0.0,0.0,0.0,0.93241656,0.067583494,0.0,0.0,0.0,0.0,0.0,0.0,0.0
4,4,0.0,0.0,0.0,0.0,0.93241656,0.067583494,0.0,0.0,0.0,0.0,0.0,0.0,0.0
4,4,0.0,0.0,0.0,0.0,0.93241656,0.067583494,0.0,0.0,0.0,0.0,0.0,0.0,0.0
4,4,0.0,0.0,0.0,0.0,0.93241656,0.067583494,0.0,0.0,0.0,0.0,0.0,0.0,0.0
4,4,0.0,0.0,0.0,0.0,0.93241656,0.067583494,0.0,0.0,0.0,0.0,0.0,0.0,0.0
4,4,0.0,0.0,0.0,0.0,0.93241656,0.067583494,0.0,0.0,0.0,0.0,0.0,0.0,0.0
4,4,0.0,0.0,0.0,0.0,0.93241656,0.067583494,0.0,0.0,0.0,0.0,0.0,0.0,0.0
4,4,0.0,0.0,0.0,0.0,0.93241656,0.067583494,0.0,0.0,0.0,0.0,0.0,0.0,0.0
4,4,0.0,0.0,0.0,0.0,0.93241656,0.067583494,0.0,0.0,0.0,0.0,0.0,0.0,0.0
4,4,0.0,0.0,0.0,0.0,0.93241656,0.067583494,0.0,0.0,0.0,0.0,0.0,0.0,0.0
4,4,0.0,0.0,0.0,0.0,0.93241656,0.067583494,0.0,0.0,0.0,0.0,0.0,0.0,0.0
4,4,0.0,0.0,0.0,0.0,0.93241656,0.067583494,0.0,0.0,0.0,0.0,0.0,0.0,0.0
4,4,0.0,0.0,0.0,0.0,0.93241656,0.067583494,0.0,0.0,0.0,0.0,0.0,0.0,0.0
4,4,0.0,0.0,0.0,0.0,0.93241656,0.067583494,0.0,0.0,0.0,0.0,0.0,0.0,0.0
4,4,0.0,0.0,0.0,0.0,0.93241656,0.067583494,0.0,0.0,0.0,0.0,0.0,0.0,0.0
4,4,0.0,0.0,0.0,0.0,0.93241656,0.067583494,0.0,0.0,0.0,0.0,0.0,0.0,0.0
4,4,0.0,0.0,0.0,0.0,0.93241656,0.067583494,0.0,0.0,0.0,0.0,0.0,0.0,0.0
4,4,0.0,0.0,0.0,0.0,0.93241656,0.067583494,0.0,0.0,0.0,0.0,0.0,0.0,0.0
4,4,0.0,0.0,0.0,0.0,0.93241656,0.067583494,0.0,0.0,0.0,0.0,0.0,0.0,0.0
4,4,0.0,0.0,0.0,0.0,0.93241656,0.067583494,0.0,0.0,0.0,0.0,0.0,0.0,0.0
4,4,0.0,0.0,0.0,0.0,0.93241656,0.067583494,0.0,0.0,0.0,0.0,0.0,0.0,0.0
4,4,0.0,0.0,0.0,0.0,0.93241656,0.067583494,0.0,0.0,0.0,0.0,0.0,0.0,0.0
4,4,0.0,0.0,0.0,0.0,0.93241656,0.067583494,0.0,0.0,0.0,0.0,0.0,0.0,0.0
4,4,0.0,0.0,0.0,0.0,0.93241656,0.067583494,0.0,0.0,0.0,0.0,0.0,0.0,0.0
4,4,0.0,0.0,0.0,0.0,0.93241656,0.067583494,0.0,0.0,0.0,0.0,0.0,0.0,0.0
4,4,0.0,0.0,0.0,0.0,0.93241656,0.067583494,0.0,0.0,0.0,0.0,0.0,0.0,0.0
4,4,0.0,0.0,0.0,0.0,0.93241656,0.067583494,0.0,0.0,0.0,0.0,0.0,0.0,0.0
4,4,0.0,0.0,0.0,0.0,0.93241656,0.067583494,0.0,0.0,0.0,0.0,0.0,0.0,0.0
4,4,0.0,0.0,0.0,0.0,0.93241656,0.067583494,0.0,0.0,0.0,0.0,0.0,0.0,0.0
4,4,0.0,0.0,0.0,0.0,0.93241656,0.067583494,0.0,0.0,0.0,0.0,0.0,0.0,0.0
4,4,0.0,0.0,0.0,0.0,0.93241656,0.067583494,0.0,0.0,0.0,0.0,0.0,0.0,0.0
4,4,0.0,0.0,0.0,0.0,0.93241656,0.067583494,0.0,0.0,0.0,0.0,0.0,0.0,0.0
4,4,0.0,0.0,0.0,0.0,0.93241656,0.067583494,0.0,0.0,0.0,0.0,0.0,0.0,0.0
4,4,0.0,0.0,0.0,0.0,0.93241656,0.067583494,0.0,0.0,0.0,0.0,0.0,0.0,0.0
4,4,0.0,0.0,0.0,0.0,0.93241656,0.067583494,0.0,0.0,0.0,0.0,0.0,0.0,0.0
4,4,0.0,0.0,0.0,0.0,0.93241656,0.067583494,0.0,0.0,0.0,0.0,0.0,0.0,0.0
4,4,0.0,0.0,0.0,0.0,0.93241656,0.067583494,0.0,0.0,0.0,0.0,0.0,0.0,0.0
4,4,0.0,0.0,0.0,0.0,0.93241656,0.067583494,0.0,0.0,0.0,0.0,0.0,0.0,0.0
4,4,0.0,0.0,0.0,0.0,0.93241656,0.067583494,0.0,0.0,0.0,0.0,0.0,0.0,0.0
4,4,0.0,0.0,0.0,0.0,0.93241656,0.067583494,0.0,0.0,0.0,0.0,0.0,0.0,0.0
4,4,0.0,0.0,0.0,0.0,0.93241656,0.067583494,0.0,0.0,0.0,0.0,0.0,0.0,0.0
4,4,0.0,0.0,0.0,0.0,0.93241656,0.067583494,0.0,0.0,0.0,0.0,0.0,0.0,0.0
4,4,0.0,0.0,0.0,0.0,0.93241656,0.067583494,0.0,0.0,0.0,0.0,0.0,0.0,0.0
4,4,0.0,0.0,0.0,0.0,0.93241656,0.067583494,0.0,0.0,0.0,0.0,0.0,0.0,0.0
4,4,0.0,0.0,0.0,0.0,0.93241656,0.067583494,0.0,0.0,0.0,0.0,0.0,0.0,0.0
4,4,0.0,0.0,0.0,0.0,0.93241656,0.067583494,0.0,0.0,0.0,0.0,0.0,0.0,0.0
4,4,0.0,0.0,0.0,0.0,0.93241656,0.067583494,0.0,0.0,0.0,0.0,0.0,0.0,0.0
4,4,0.0,0.0,0.0,0.0,0.93241656,0.067583494,0.0,0.0,0.0,0.0,0.0,0.0,0.0
4,4,0.0,0.0,0.0,0.0,0.93241656,0.067583494,0.0,0.0,0.0,0.0,0.0,0.0,0.0
4,4,0.0,0.0,0.0,0.0,0.93241656,0.067583494,0.0,0.0,0.0,0.0,0.0,0.0,0.0
4,4,0.0,0.0,0.0,0.0,0.93241656,0.067583494,0.0,0.0,0.0,0.0,0.0,0.0,0.0
4,4,0.0,0.0,0.0,0.0,0.93241656,0.067583494,0.0,0.0,0.0,0.0,0.0,0.0,0.0
4,4,0.0,0.0,0.0,0.0,0.93241656,0.067583494,0.0,0.0,0.0,0.0,0.0,0.0,0.0
4,4,0.0,0.0,0.0,0.0,0.93241656,0.067583494,0.0,0.0,0.0,0.0,0.0,0.0,0.0
4,4,0.0,0.0,0.0,0.0,0.93241656,0.067583494,0.0,0.0,0.0,0.0,0.0,0.0,0.0
4,4,0.0,0.0,0.0,0.0,0.93241656,0.067583494,0.0,0.0,0.0,0.0,0.0,0.0,0.0
4,4,0.0,0.0,0.0,0.0,0.93241656,0.067583494,0.0,0.0,0.0,0.0,0.0,0.0,0.0
4,4,0.0,0.0,0.0,0.0,0.93241656,0.067583494,0.0,0.0,0.0,0.0,0.0,0.0,0.0
4,4,0.0,0.0,0.0,0.0,0.93241656,0.067583494,0.0,0.0,0.0,0.0,0.0,0.0,0.0
4,4,0.0,0.0,0.0,0.0,0.93241656,0.067583494,0.0,0.0,0.0,0.0,0.0,0.0,0.0
4,4,0.0,0.0,0.0,0.0,0.93241656,0.067583494,0.0,0.0,0.0,0.0,0.0,0.0,0.0
4,4,0.0,0.0,0.0,0.0,0.93241656,0.067583494,0.0,0.0,0.0,0.0,0.0,0.0,0.0
4,4,0.0,0.0,0.0,0.0,0.93241656,0.067583494,0.0,0.0,0.0,0.0,0.0,0.0,0.0
4,4,0.0,0.0,0.0,0.0,0.93241656,0.067583494,0.0,0.0,0.0,0.0,0.0,0.0,0.0
4,4,0.0,0.0,0.0,0.0,0.93241656,0.067583494,0.0,0.0,0.0,0.0,0.0,0.0,0.0
4,4,0.0,0.0,0.0,0.0,0.93241656,0.067583494,0.0,0.0,0.0,0.0,0.0,0.0,0.0
4,4,0.0,0.0,0.0,0.0,0.93241656,0.067583494,0.0,0.0,0.0,0.0,0.0,0.0,0.0
4,4,0.0,0.0,0.0,0.0,0.93241656,0.067583494,0.0,0.0,0.0,0.0,0.0,0.0,0.0
4,4,0.0,0.0,0.0,0.0,0.93241656,0.067583494,0.0,0.0,0.0,0.0,0.0,0.0,0.0
4,4,0.0,0.0,0.0,0.0,0.93241656,0.067583494,0.0,0.0,0.0,0.0,0.0,0.0,0.0
4,4,0.0,0.0,0.0,0.0,0.93241656,0.067583494,0.0,0.0,0.0,0.0,0.0,0.0,0.0
4,4,0.0,0.0,0.0,0.0,0.93241656,0.067583494,0.0,0.0,0.0,0.0,0.0,0.0,0.0
4,4,0.0,0.0,0.0,0.0,0.93241656,0.067583494,0.0,0.0,0.0,0.0,0.0,0.0,0.0
4,4,0.0,0.0,0.0,0.0,0.93241656,0.067583494,0.0,0.0,0.0,0.0,0.0,0.0,0.0
4,4,0.0,0.0,0.0,0.0,0.93241656,0.067583494,0.0,0.0,0.0,0.0,0.0,0.0,0.0
4,4,0.0,0.0,0.0,0.0,0.93241656,0.067583494,0.0,0.0,0.0,0.0,0.0,0.0,0.0
4,4,0.0,0.0,0.0,0.0,0.93241656,0.067583494,0.0,0.0,0.0,0.0,0.0,0.0,0.0
4,4,0.0,0.0,0.0,0.0,0.93241656,0.067583494,0.0,0.0,0.0,0.0,0.0,0.0,0.0
4,4,0.0,0.0,0.0,0.0,0.93241656,0.067583494,0.0,0.0,0.0,0.0,0.0,0.0,0.0
4,4,0.0,0.0,0.0,0.0,0.93241656,0.067583494,0.0,0.0,0.0,0.0,0.0,0.0,0.0
4,4,0.0,0.0,0.0,0.0,0.93241656,0.067583494,0.0,0.0,0.0,0.0,0.0,0.0,0.0
4,4,0.0,0.0,0.0,0.0,0.93241656,0.067583494,0.0,0.0,0.0,0.0,0.0,0.0,0.0
4,4,0.0,0.0,0.0,0.0,0.93241656,0.067583494,0.0,0.0,0.0,0.0,0.0,0.0,0.0
4,4,0.0,0.0,0.0,0.0,0.93241656,0.067583494,0.0,0.0,0.0,0.0,0.0,0.0,0.0
4,4,0.0,0.0,0.0,0.0,0.93241656,0.067583494,0.0,0.0,0.0,0.0,0.0,0.0,0.0
4,4,0.0,0.0,0.0,0.0,0.93241656,0.067583494,0.0,0.0,0.0,0.0,0.0,0.0,0.0
4,4,0.0,0.0,0.0,0.0,0.93241656,0.067583494,0.0,0.0,0.0,0.0,0.0,0.0,0.0
4,4,0.0,0.0,0.0,0.0,0.93241656,0.067583494,0.0,0.0,0.0,0.0,0.0,0.0,0.0
4,4,0.0,0.0,0.0,0.0,0.93241656,0.067583494,0.0,0.0,0.0,0.0,0.0,0.0,0.0
4,4,0.0,0.0,0.0,0.0,0.93241656,0.067583494,0.0,0.0,0.0,0.0,0.0,0.0,0.0
4,4,0.0,0.0,0.0,0.0,0.93241656,0.067583494,0.0,0.0,0.0,0.0,0.0,0.0,0.0
4,4,0.0,0.0,0.0,0.0,0.93241656,0.067583494,0.0,0.0,0.0,0.0,0.0,0.0,0.0
4,4,0.0,0.0,0.0,0.0,0.93241656,0.067583494,0.0,0.0,0.0,0.0,0.0,0.0,0.0
4,4,0.0,0.0,0.0,0.0,0.93241656,0.067583494,0.0,0.0,0.0,0.0,0.0,0.0,0.0
4,4,0.0,0.0,0.0,0.0,0.93241656,0.067583494,0.0,0.0,0.0,0.0,0.0,0.0,0.0
4,4,0.0,0.0,0.0,0.0,0.93241656,0.067583494,0.0,0.0,0.0,0.0,0.0,0.0,0.0
4,4,0.0,0.0,0.0,0.0,0.93241656,0.067583494,0.0,0.0,0.0,0.0,0.0,0.0,0.0
4,4,0.0,0.0,0.0,0.0,0.93241656,0.067583494,0.0,0.0,0.0,0.0,0.0,0.0,0.0
4,4,0.0,0.0,0.0,0.0,0.93241656,0.067583494,0.0,0.0,0.0,0.0,0.0,0.0,0.0
4,4,0.0,0.0,0.0,0.0,0.93241656,0.067583494,0.0,0.0,0.0,0.0,0.0,0.0,0.0
4,4,0.0,0.0,0.0,0.0,0.93241656,0.067583494,0.0,0.0,0.0,0.0,0.0,0.0,0.0
4,4,0.0,0.0,0.0,0.0,0.93241656,0.067583494,0.0,0.0,0.0,0.0,0.0,0.0,0.0
4,4,0.0,0.0,0.0,0.0,0.93241656,0.067583494,0.0,0.0,0.0,0.0,0.0,0.0,0.0
4,4,0.0,0.0,0.0,0.0,0.93241656,0.067583494,0.0,0.0,0.0,0.0,0.0,0.0,0.0
4,4,0.0,0.0,0.0,0.0,0.93241656,0.067583494,0.0,0.0,0.0,0.0,0.0,0.0,0.0
4,4,0.0,0.0,0.0,0.0,0.93241656,0.067583494,0.0,0.0,0.0,0.0,0.0,0.0,0.0
4,4,0.0,0.0,0.0,0.0,0.93241656,0.067583494,0.0,0.0,0.0,0.0,0.0,0.0,0.0
4,4,0.0,0.0,0.0,0.0,0.93241656,0.067583494,0.0,0.0,0.0,0.0,0.0,0.0,0.0
4,4,0.0,0.0,0.0,0.0,0.93241656,0.067583494,0.0,0.0,0.0,0.0,0.0,0.0,0.0
4,4,0.0,0.0,0.0,0.0,0.93241656,0.067583494,0.0,0.0,0.0,0.0,0.0,0.0,0.0
4,4,0.0,0.0,0.0,0.0,0.93241656,0.067583494,0.0,0.0,0.0,0.0,0.0,0.0,0.0
4,4,0.0,0.0,0.0,0.0,0.93241656,0.067583494,0.0,0.0,0.0,0.0,0.0,0.0,0.0
4,4,0.0,0.0,0.0,0.0,0.93241656,0.067583494,0.0,0.0,0.0,0.0,0.0,0.0,0.0
4,4,0.0,0.0,0.0,0.0,0.93241656,0.067583494,0.0,0.0,0.0,0.0,0.0,0.0,0.0
4,4,0.0,0.0,0.0,0.0,0.93241656,0.067583494,0.0,0.0,0.0,0.0,0.0,0.0,0.0
4,4,0.0,0.0,0.0,0.0,0.93241656,0.067583494,0.0,0.0,0.0,0.0,0.0,0.0,0.0
4,4,0.0,0.0,0.0,0.0,0.93241656,0.067583494,0.0,0.0,0.0,0.0,0.0,0.0,0.0
4,4,0.0,0.0,0.0,0.0,0.93241656,0.067583494,0.0,0.0,0.0,0.0,0.0,0.0,0.0
4,4,0.0,0.0,0.0,0.0,0.93241656,0.067583494,0.0,0.0,0.0,0.0,0.0,0.0,0.0
4,4,0.0,0.0,0.0,0.0,0.93241656,0.067583494,0.0,0.0,0.0,0.0,0.0,0.0,0.0
4,4,0.0,0.0,0.0,0.0,0.93241656,0.067583494,0.0,0.0,0.0,0.0,0.0,0.0,0.0
4,4,0.0,0.0,0.0,0.0,0.93241656,0.067583494,0.0,0.0,0.0,0.0,0.0,0.0,0.0
4,4,0.0,0.0,0.0,0.0,0.93241656,0.067583494,0.0,0.0,0.0,0.0,0.0,0.0,0.0
4,4,0.0,0.0,0.0,0.0,0.93241656,0.067583494,0.0,0.0,0.0,0.0,0.0,0.0,0.0
4,4,0.0,0.0,0.0,0.0,0.93241656,0.067583494,0.0,0.0,0.0,0.0,0.0,0.0,0.0
4,4,0.0,0.0,0.0,0.0,0.93241656,0.067583494,0.0,0.0,0.0,0.0,0.0,0.0,0.0
4,4,0.0,0.0,0.0,0.0,0.8670586,0.13294144,0.0,0.0,0.0,0.0,0.0,0.0,0.0
4,4,0.0,0.0,0.0,0.0,0.8670586,0.13294144,0.0,0.0,0.0,0.0,0.0,0.0,0.0
4,4,0.0,0.0,0.0,0.0,0.8670586,0.13294144,0.0,0.0,0.0,0.0,0.0,0.0,0.0
4,4,0.0,0.0,0.0,0.0,0.8670586,0.13294144,0.0,0.0,0.0,0.0,0.0,0.0,0.0
4,4,0.0,0.07080989,0.0,0.0,0.7962487,0.13294144,0.0,0.0,0.0,0.0,0.0,0.0,0.0
4,4,0.0,0.07080989,0.0,0.0,0.7962487,0.13294144,0.0,0.0,0.0,0.0,0.0,0.0,0.0
4,4,0.0,0.07080989,0.0,0.0,0.7962487,0.13294144,0.0,0.0,0.0,0.0,0.0,0.0,0.0
4,4,0.0,0.07080989,0.0,0.0,0.7962487,0.13294144,0.0,0.0,0.0,0.0,0.0,0.0,0.0
4,4,0.0,0.07080989,0.0,0.0,0.7311851,0.19800507,0.0,0.0,0.0,0.0,0.0,0.0,0.0
4,4,0.0,0.07080989,0.0,0.0,0.7311851,0.19800507,0.0,0.0,0.0,0.0,0.0,0.0,0.0
4,4,0.0,0.07080989,0.0,0.0,0.7311851,0.19800507,0.0,0.0,0.0,0.0,0.0,0.0,0.0
4,4,0.0,0.07080989,0.0,0.0,0.7311851,0.19800507,0.0,0.0,0.0,0.0,0.0,0.0,0.0
4,4,0.0,0.07080989,0.0,0.0,0.7311851,0.19800507,0.0,0.0,0.0,0.0,0.0,0.0,0.0
4,4,0.0,0.07080989,0.0,0.0,0.7311851,0.19800507,0.0,0.0,0.0,0.0,0.0,0.0,0.0
4,4,0.0,0.07080989,0.0,0.0,0.7311851,0.19800507,0.0,0.0,0.0,0.0,0.0,0.0,0.0
4,4,0.0,0.07080989,0.0,0.0,0.7311851,0.19800507,0.0,0.0,0.0,0.0,0.0,0.0,0.0
4,4,0.0,0.07080989,0.0,0.0,0.7311851,0.19800507,0.0,0.0,0.0,0.0,0.0,0.0,0.0
4,4,0.0,0.07080989,0.0,0.0,0.7311851,0.19800507,0.0,0.0,0.0,0.0,0.0,0.0,0.0
4,4,0.0,0.07080989,0.0,0.0,0.7311851,0.19800507,0.0,0.0,0.0,0.0,0.0,0.0,0.0
4,4,0.0,0.07080989,0.0,0.0,0.7311851,0.19800507,0.0,0.0,0.0,0.0,0.0,0.0,0.0
4,4,0.0,0.07080989,0.0,0.0,0.7311851,0.19800507,0.0,0.0,0.0,0.0,0.0,0.0,0.0
4,4,0.0,0.07080989,0.0,0.0,0.7311851,0.19800507,0.0,0.0,0.0,0.0,0.0,0.0,0.0
4,4,0.0,0.07080989,0.0,0.0,0.7311851,0.19800507,0.0,0.0,0.0,0.0,0.0,0.0,0.0
4,4,0.0,0.07080989,0.0,0.0,0.7311851,0.19800507,0.0,0.0,0.0,0.0,0.0,0.0,0.0
4,4,0.0,0.07080989,0.0,0.0,0.7311851,0.19800507,0.0,0.0,0.0,0.0,0.0,0.0,0.0
4,4,0.0,0.07080989,0.0,0.0,0.7311851,0.19800507,0.0,0.0,0.0,0.0,0.0,0.0,0.0
4,4,0.0,0.07080989,0.0,0.0,0.7311851,0.19800507,0.0,0.0,0.0,0.0,0.0,0.0,0.0
4,4,0.0,0.07080989,0.0,0.0,0.7311851,0.19800507,0.0,0.0,0.0,0.0,0.0,0.0,0.0
4,4,0.0,0.07080989,0.0,0.0,0.7311851,0.19800507,0.0,0.0,0.0,0.0,0.0,0.0,0.0
4,4,0.0,0.07080989,0.0,0.0,0.7311851,0.19800507,0.0,0.0,0.0,0.0,0.0,0.0,0.0
4,4,0.0,0.07080989,0.0,0.0,0.7311851,0.19800507,0.0,0.0,0.0,0.0,0.0,0.0,0.0
4,4,0.0,0.07080989,0.0,0.0,0.7311851,0.19800507,0.0,0.0,0.0,0.0,0.0,0.0,0.0
4,4,0.0,0.07080989,0.0,0.0,0.7311851,0.19800507,0.0,0.0,0.0,0.0,0.0,0.0,0.0
4,4,0.0,0.07080989,0.0,0.0,0.7311851,0.19800507,0.0,0.0,0.0,0.0,0.0,0.0,0.0
4,4,0.0,0.07080989,0.0,0.0,0.7311851,0.19800507,0.0,0.0,0.0,0.0,0.0,0.0,0.0
4,4,0.0,0.07080989,0.0,0.0,0.7311851,0.19800507,0.0,0.0,0.0,0.0,0.0,0.0,0.0
4,4,0.0,0.07080989,0.0,0.0,0.7311851,0.19800507,0.0,0.0,0.0,0.0,0.0,0.0,0.0
4,4,0.0,0.07080989,0.0,0.0,0.7311851,0.19800507,0.0,0.0,0.0,0.0,0.0,0.0,0.0
4,4,0.0,0.07080989,0.0,0.0,0.7311851,0.19800507,0.0,0.0,0.0,0.0,0.0,0.0,0.0
4,4,0.0,0.07080989,0.0,0.0,0.7311851,0.19800507,0.0,0.0,0.0,0.0,0.0,0.0,0.0
4,4,0.0,0.07080989,0.0,0.0,0.7311851,0.19800507,0.0,0.0,0.0,0.0,0.0,0.0,0.0
4,4,0.0,0.07080989,0.0,0.0,0.7311851,0.19800507,0.0,0.0,0.0,0.0,0.0,0.0,0.0
4,4,0.0,0.07080989,0.0,0.0,0.7311851,0.19800507,0.0,0.0,0.0,0.0,0.0,0.0,0.0
4,4,0.0,0.07080989,0.0,0.0,0.7311851,0.19800507,0.0,0.0,0.0,0.0,0.0,0.0,0.0
4,4,0.0,0.07080989,0.0,0.0,0.7311851,0.19800507,0.0,0.0,0.0,0.0,0.0,0.0,0.0
4,4,0.0,0.07080989,0.0,0.0,0.7311851,0.19800507,0.0,0.0,0.0,0.0,0.0,0.0,0.0
4,4,0.0,0.07080989,0.0,0.0,0.7311851,0.19800507,0.0,0.0,0.0,0.0,0.0,0.0,0.0
4,4,0.0,0.07080989,0.0,0.0,0.7311851,0.19800507,0.0,0.0,0.0,0.0,0.0,0.0,0.0
4,4,0.0,0.07080989,0.0,0.0,0.7311851,0.19800507,0.0,0.0,0.0,0.0,0.0,0.0,0.0
4,4,0.0,0.07080989,0.0,0.0,0.7311851,0.19800507,0.0,0.0,0.0,0.0,0.0,0.0,0.0
4,4,0.0,0.07080989,0.0,0.0,0.7311851,0.19800507,0.0,0.0,0.0,0.0,0.0,0.0,0.0
4,4,0.0,0.07080989,0.0,0.0,0.7311851,0.19800507,0.0,0.0,0.0,0.0,0.0,0.0,0.0
4,4,0.0,0.07080989,0.0,0.0,0.7311851,0.19800507,0.0,0.0,0.0,0.0,0.0,0.0,0.0
4,4,0.0,0.07080989,0.0,0.0,0.7311851,0.19800507,0.0,0.0,0.0,0.0,0.0,0.0,0.0
4,4,0.0,0.07080989,0.0,0.0,0.7311851,0.19800507,0.0,0.0,0.0,0.0,0.0,0.0,0.0
4,4,0.0,0.07080989,0.0,0.0,0.7311851,0.19800507,0.0,0.0,0.0,0.0,0.0,0.0,0.0
4,4,0.0,0.07080989,0.0,0.0,0.7311851,0.19800507,0.0,0.0,0.0,0.0,0.0,0.0,0.0
4,4,0.0,0.07080989,0.0,0.0,0.7311851,0.19800507,0.0,0.0,0.0,0.0,0.0,0.0,0.0
4,4,0.0,0.07080989,0.0,0.0,0.7311851,0.19800507,0.0,0.0,0.0,0.0,0.0,0.0,0.0
4,4,0.0,0.07080989,0.0,0.0,0.7311851,0.19800507,0.0,0.0,0.0,0.0,0.0,0.0,0.0
4,4,0.0,0.07080989,0.0,0.0,0.7311851,0.19800507,0.0,0.0,0.0,0.0,0.0,0.0,0.0
4,4,0.0,0.07080989,0.0,0.0,0.7311851,0.19800507,0.0,0.0,0.0,0.0,0.0,0.0,0.0
4,4,0.0,0.07080989,0.0,0.0,0.7311851,0.19800507,0.0,0.0,0.0,0.0,0.0,0.0,0.0
4,4,0.0,0.07080989,0.0,0.0,0.7311851,0.19800507,0.0,0.0,0.0,0.0,0.0,0.0,0.0
4,4,0.0,0.07080989,0.0,0.0,0.7311851,0.19800507,0.0,0.0,0.0,0.0,0.0,0.0,0.0
4,4,0.0,0.07080989,0.0,0.0,0.7311851,0.19800507,0.0,0.0,0.0,0.0,0.0,0.0,0.0
4,4,0.0,0.07080989,0.0,0.0,0.7311851,0.19800507,0.0,0.0,0.0,0.0,0.0,0.0,0.0
4,4,0.0,0.07080989,0.0,0.0,0.7311851,0.19800507,0.0,0.0,0.0,0.0,0.0,0.0,0.0
4,4,0.0,0.07080989,0.0,0.0,0.7311851,0.19800507,0.0,0.0,0.0,0.0,0.0,0.0,0.0
4,4,0.0,0.07080989,0.0,0.0,0.7311851,0.19800507,0.0,0.0,0.0,0.0,0.0,0.0,0.0
4,4,0.0,0.07080989,0.0,0.0,0.7311851,0.19800507,0.0,0.0,0.0,0.0,0.0,0.0,0.0
4,4,0.0,0.07080989,0.0,0.0,0.7311851,0.19800507,0.0,0.0,0.0,0.0,0.0,0.0,0.0
4,4,0.0,0.07080989,0.0,0.0,0.7311851,0.19800507,0.0,0.0,0.0,0.0,0.0,0.0,0.0
4,4,0.0,0.07080989,0.0,0.0,0.7311851,0.19800507,0.0,0.0,0.0,0.0,0.0,0.0,0.0
4,4,0.0,0.07080989,0.0,0.0,0.7311851,0.19800507,0.0,0.0,0.0,0.0,0.0,0.0,0.0
4,4,0.0,0.07080989,0.0,0.0,0.7311851,0.19800507,0.0,0.0,0.0,0.0,0.0,0.0,0.0
4,4,0.0,0.07080989,0.0,0.0,0.7311851,0.19800507,0.0,0.0,0.0,0.0,0.0,0.0,0.0
4,4,0.0,0.07080989,0.0,0.0,0.7311851,0.19800507,0.0,0.0,0.0,0.0,0.0,0.0,0.0
4,4,0.0,0.07080989,0.0,0.0,0.7311851,0.19800507,0.0,0.0,0.0,0.0,0.0,0.0,0.0
4,4,0.0,0.07080989,0.0,0.0,0.7311851,0.19800507,0.0,0.0,0.0,0.0,0.0,0.0,0.0
4,4,0.0,0.07080989,0.0,0.0,0.7311851,0.19800507,0.0,0.0,0.0,0.0,0.0,0.0,0.0
4,4,0.0,0.07080989,0.0,0.0,0.7311851,0.19800507,0.0,0.0,0.0,0.0,0.0,0.0,0.0
4,4,0.0,0.07080989,0.0,0.0,0.7311851,0.19800507,0.0,0.0,0.0,0.0,0.0,0.0,0.0
4,4,0.0,0.07080989,0.0,0.0,0.7311851,0.19800507,0.0,0.0,0.0,0.0,0.0,0.0,0.0
4,4,0.0,0.070809886,0.0,0.0,0.66599506,0.26319504,0.0,0.0,0.0,0.0,0.0,0.0,0.0
4,4,0.0,0.070809886,0.0,0.0,0.66599506,0.26319504,0.0,0.0,0.0,0.0,0.0,0.0,0.0
4,4,0.0,0.070809886,0.0,0.0,0.66599506,0.26319504,0.0,0.0,0.0,0.0,0.0,0.0,0.0
4,4,0.0,0.070809886,0.0,0.0,0.66599506,0.26319504,0.0,0.0,0.0,0.0,0.0,0.0,0.0
4,4,0.0,0.070809886,0.0,0.0,0.66599506,0.26319504,0.0,0.0,0.0,0.0,0.0,0.0,0.0
4,4,0.0,0.070809886,0.0,0.0,0.66599506,0.26319504,0.0,0.0,0.0,0.0,0.0,0.0,0.0
4,4,0.0,0.070809886,0.0,0.0,0.66599506,0.26319504,0.0,0.0,0.0,0.0,0.0,0.0,0.0
4,4,0.0,0.070809886,0.0,0.0,0.66599506,0.26319504,0.0,0.0,0.0,0.0,0.0,0.0,0.0
4,4,0.0,0.070809886,0.0,0.0,0.66599506,0.26319504,0.0,0.0,0.0,0.0,0.0,0.0,0.0
4,4,0.0,0.070809886,0.0,0.0,0.66599506,0.26319504,0.0,0.0,0.0,0.0,0.0,0.0,0.0
4,4,0.0,0.070809886,0.0,0.0,0.66599506,0.26319504,0.0,0.0,0.0,0.0,0.0,0.0,0.0
4,4,0.0,0.070809886,0.0,0.0,0.66599506,0.26319504,0.0,0.0,0.0,0.0,0.0,0.0,0.0
4,4,0.0,0.070809886,0.0,0.0,0.66599506,0.26319504,0.0,0.0,0.0,0.0,0.0,0.0,0.0
4,4,0.0,0.070809886,0.0,0.0,0.66599506,0.26319504,0.0,0.0,0.0,0.0,0.0,0.0,0.0
4,4,0.0,0.070809886,0.0,0.0,0.66599506,0.26319504,0.0,0.0,0.0,0.0,0.0,0.0,0.0
4,4,0.0,0.070809886,0.0,0.0,0.66599506,0.26319504,0.0,0.0,0.0,0.0,0.0,0.0,0.0
4,4,0.0,0.070809886,0.0,0.0,0.66599506,0.26319504,0.0,0.0,0.0,0.0,0.0,0.0,0.0
4,4,0.0,0.070809886,0.0,0.0,0.66599506,0.26319504,0.0,0.0,0.0,0.0,0.0,0.0,0.0
4,4,0.0,0.070809886,0.0,0.0,0.66599506,0.26319504,0.0,0.0,0.0,0.0,0.0,0.0,0.0
4,4,0.0,0.070809886,0.0,0.0,0.66599506,0.26319504,0.0,0.0,0.0,0.0,0.0,0.0,0.0
4,4,0.0,0.070809886,0.0,0.0,0.66599506,0.26319504,0.0,0.0,0.0,0.0,0.0,0.0,0.0
4,4,0.0,0.070809886,0.0,0.0,0.66599506,0.26319504,0.0,0.0,0.0,0.0,0.0,0.0,0.0
4,4,0.0,0.070809886,0.0,0.0,0.66599506,0.26319504,0.0,0.0,0.0,0.0,0.0,0.0,0.0
4,4,0.0,0.070809886,0.0,0.0,0.66599506,0.26319504,0.0,0.0,0.0,0.0,0.0,0.0,0.0
4,4,0.0,0.070809886,0.0,0.0,0.66599506,0.26319504,0.0,0.0,0.0,0.0,0.0,0.0,0.0
4,4,0.0,0.070809886,0.0,0.0,0.66599506,0.26319504,0.0,0.0,0.0,0.0,0.0,0.0,0.0
4,4,0.0,0.070809886,0.0,0.0,0.66599506,0.26319504,0.0,0.0,0.0,0.0,0.0,0.0,0.0
4,4,0.0,0.070809886,0.0,0.0,0.66599506,0.26319504,0.0,0.0,0.0,0.0,0.0,0.0,0.0
4,4,0.0,0.070809886,0.0,0.0,0.66599506,0.26319504,0.0,0.0,0.0,0.0,0.0,0.0,0.0
4,4,0.0,0.070809886,0.0,0.0,0.66599506,0.26319504,0.0,0.0,0.0,0.0,0.0,0.0,0.0
4,4,0.0,0.070809886,0.0,0.0,0.66599506,0.26319504,0.0,0.0,0.0,0.0,0.0,0.0,0.0
4,4,0.0,0.070809886,0.0,0.0,0.66599506,0.26319504,0.0,0.0,0.0,0.0,0.0,0.0,0.0
4,4,0.0,0.070809886,0.0,0.0,0.66599506,0.26319504,0.0,0.0,0.0,0.0,0.0,0.0,0.0
4,4,0.0,0.070809886,0.0,0.0,0.66599506,0.26319504,0.0,0.0,0.0,0.0,0.0,0.0,0.0
4,4,0.0,0.070809886,0.0,0.0,0.66599506,0.26319504,0.0,0.0,0.0,0.0,0.0,0.0,0.0
4,4,0.0,0.070809886,0.0,0.0,0.66599506,0.26319504,0.0,0.0,0.0,0.0,0.0,0.0,0.0
4,4,0.0,0.070809886,0.0,0.0,0.66599506,0.26319504,0.0,0.0,0.0,0.0,0.0,0.0,0.0
4,4,0.0,0.070809886,0.0,0.0,0.66599506,0.26319504,0.0,0.0,0.0,0.0,0.0,0.0,0.0
4,4,0.0,0.070809886,0.0,0.0,0.66599506,0.26319504,0.0,0.0,0.0,0.0,0.0,0.0,0.0
4,4,0.0,0.070809886,0.0,0.0,0.66599506,0.26319504,0.0,0.0,0.0,0.0,0.0,0.0,0.0
4,4,0.0,0.070809886,0.0,0.0,0.66599506,0.26319504,0.0,0.0,0.0,0.0,0.0,0.0,0.0
4,4,0.0,0.070809886,0.0,0.0,0.66599506,0.26319504,0.0,0.0,0.0,0.0,0.0,0.0,0.0
4,4,0.0,0.070809886,0.0,0.0,0.66599506,0.26319504,0.0,0.0,0.0,0.0,0.0,0.0,0.0
4,4,0.0,0.070809886,0.0,0.0,0.66599506,0.26319504,0.0,0.0,0.0,0.0,0.0,0.0,0.0
4,4,0.0,0.070809886,0.0,0.0,0.66599506,0.26319504,0.0,0.0,0.0,0.0,0.0,0.0,0.0
4,4,0.0,0.070809886,0.0,0.0,0.66599506,0.26319504,0.0,0.0,0.0,0.0,0.0,0.0,0.0
4,4,0.0,0.070809886,0.0,0.0,0.66599506,0.26319504,0.0,0.0,0.0,0.0,0.0,0.0,0.0
4,4,0.0,0.070809886,0.0,0.0,0.66599506,0.26319504,0.0,0.0,0.0,0.0,0.0,0.0,0.0
4,4,0.0,0.070809886,0.0,0.0,0.66599506,0.26319504,0.0,0.0,0.0,0.0,0.0,0.0,0.0
4,4,0.0,0.070809886,0.0,0.0,0.66599506,0.26319504,0.0,0.0,0.0,0.0,0.0,0.0,0.0
4,4,0.0,0.070809886,0.0,0.0,0.66599506,0.26319504,0.0,0.0,0.0,0.0,0.0,0.0,0.0
4,4,0.0,0.070809886,0.0,0.0,0.66599506,0.26319504,0.0,0.0,0.0,0.0,0.0,0.0,0.0
4,4,0.0,0.070809886,0.0,0.0,0.66599506,0.26319504,0.0,0.0,0.0,0.0,0.0,0.0,0.0
4,4,0.0,0.070809886,0.0,0.0,0.66599506,0.26319504,0.0,0.0,0.0,0.0,0.0,0.0,0.0
4,4,0.0,0.070809886,0.0,0.0,0.66599506,0.26319504,0.0,0.0,0.0,0.0,0.0,0.0,0.0
4,4,0.0,0.070809886,0.0,0.0,0.66599506,0.26319504,0.0,0.0,0.0,0.0,0.0,0.0,0.0
4,4,0.0,0.070809886,0.0,0.0,0.66599506,0.26319504,0.0,0.0,0.0,0.0,0.0,0.0,0.0
4,4,0.0,0.070809886,0.0,0.0,0.66599506,0.26319504,0.0,0.0,0.0,0.0,0.0,0.0,0.0
4,4,0.0,0.070809886,0.0,0.0,0.66599506,0.26319504,0.0,0.0,0.0,0.0,0.0,0.0,0.0
4,4,0.0,0.070809886,0.0,0.0,0.66599506,0.26319504,0.0,0.0,0.0,0.0,0.0,0.0,0.0
4,4,0.0,0.070809886,0.0,0.0,0.66599506,0.26319504,0.0,0.0,0.0,0.0,0.0,0.0,0.0
4,4,0.0,0.070809886,0.0,0.0,0.66599506,0.26319504,0.0,0.0,0.0,0.0,0.0,0.0,0.0
4,4,0.0,0.070809886,0.0,0.0,0.66599506,0.26319504,0.0,0.0,0.0,0.0,0.0,0.0,0.0
4,4,0.0,0.070809886,0.0,0.0,0.66599506,0.26319504,0.0,0.0,0.0,0.0,0.0,0.0,0.0
4,4,0.0,0.070809886,0.0,0.0,0.66599506,0.26319504,0.0,0.0,0.0,0.0,0.0,0.0,0.0
4,4,0.0,0.070809886,0.0,0.0,0.66599506,0.26319504,0.0,0.0,0.0,0.0,0.0,0.0,0.0
4,4,0.0,0.070809886,0.0,0.0,0.66599506,0.26319504,0.0,0.0,0.0,0.0,0.0,0.0,0.0
4,4,0.0,0.070809886,0.0,0.0,0.66599506,0.26319504,0.0,0.0,0.0,0.0,0.0,0.0,0.0
4,4,0.0,0.070809886,0.0,0.0,0.66599506,0.26319504,0.0,0.0,0.0,0.0,0.0,0.0,0.0
4,4,0.0,0.070809886,0.0,0.0,0.66599506,0.26319504,0.0,0.0,0.0,0.0,0.0,0.0,0.0
4,4,0.0,0.070809886,0.0,0.0,0.66599506,0.26319504,0.0,0.0,0.0,0.0,0.0,0.0,0.0
4,4,0.0,0.070809886,0.0,0.0,0.66599506,0.26319504,0.0,0.0,0.0,0.0,0.0,0.0,0.0
4,4,0.0,0.070809886,0.0,0.0,0.66599506,0.26319504,0.0,0.0,0.0,0.0,0.0,0.0,0.0
4,4,0.0,0.070809886,0.0,0.0,0.66599506,0.26319504,0.0,0.0,0.0,0.0,0.0,0.0,0.0
4,4,0.0,0.070809886,0.0,0.0,0.66599506,0.26319504,0.0,0.0,0.0,0.0,0.0,0.0,0.0
4,4,0.0,0.070809886,0.0,0.0,0.66599506,0.26319504,0.0,0.0,0.0,0.0,0.0,0.0,0.0
4,4,0.0,0.070809886,0.0,0.0,0.66599506,0.26319504,0.0,0.0,0.0,0.0,0.0,0.0,0.0
4,4,0.0,0.070809886,0.0,0.0,0.66599506,0.26319504,0.0,0.0,0.0,0.0,0.0,0.0,0.0
4,4,0.0,0.070809886,0.0,0.0,0.66599506,0.26319504,0.0,0.0,0.0,0.0,0.0,0.0,0.0
4,4,0.0,0.070809886,0.0,0.0,0.66599506,0.26319504,0.0,0.0,0.0,0.0,0.0,0.0,0.0
4,4,0.0,0.070809886,0.0,0.0,0.66599506,0.26319504,0.0,0.0,0.0,0.0,0.0,0.0,0.0
4,4,0.0,0.070809886,0.0,0.0,0.66599506,0.26319504,0.0,0.0,0.0,0.0,0.0,0.0,0.0
4,4,0.0,0.070809886,0.0,0.0,0.66599506,0.26319504,0.0,0.0,0.0,0.0,0.0,0.0,0.0
4,4,0.0,0.070809886,0.0,0.0,0.66599506,0.26319504,0.0,0.0,0.0,0.0,0.0,0.0,0.0
4,4,0.0,0.070809886,0.0,0.0,0.66599506,0.26319504,0.0,0.0,0.0,0.0,0.0,0.0,0.0
4,4,0.0,0.070809886,0.0,0.0,0.66599506,0.26319504,0.0,0.0,0.0,0.0,0.0,0.0,0.0
4,4,0.0,0.070809886,0.0,0.0,0.66599506,0.26319504,0.0,0.0,0.0,0.0,0.0,0.0,0.0
4,4,0.0,0.070809886,0.0,0.0,0.66599506,0.26319504,0.0,0.0,0.0,0.0,0.0,0.0,0.0
4,4,0.0,0.070809886,0.0,0.0,0.66599506,0.26319504,0.0,0.0,0.0,0.0,0.0,0.0,0.0
4,4,0.0,0.070809886,0.0,0.0,0.66599506,0.26319504,0.0,0.0,0.0,0.0,0.0,0.0,0.0
4,4,0.0,0.070809886,0.0,0.0,0.66599506,0.26319504,0.0,0.0,0.0,0.0,0.0,0.0,0.0
4,4,0.0,0.070809886,0.0,0.0,0.66599506,0.26319504,0.0,0.0,0.0,0.0,0.0,0.0,0.0
4,4,0.0,0.070809886,0.0,0.0,0.66599506,0.26319504,0.0,0.0,0.0,0.0,0.0,0.0,0.0
4,4,0.0,0.070809886,0.0,0.0,0.66599506,0.26319504,0.0,0.0,0.0,0.0,0.0,0.0,0.0
4,4,0.0,0.070809886,0.0,0.0,0.66599506,0.26319504,0.0,0.0,0.0,0.0,0.0,0.0,0.0
4,4,0.0,0.070809886,0.0,0.0,0.66599506,0.26319504,0.0,0.0,0.0,0.0,0.0,0.0,0.0
4,4,0.0,0.070809886,0.0,0.0,0.66599506,0.26319504,0.0,0.0,0.0,0.0,0.0,0.0,0.0
4,4,0.0,0.070809886,0.0,0.0,0.66599506,0.26319504,0.0,0.0,0.0,0.0,0.0,0.0,0.0
4,4,0.0,0.070809886,0.0,0.0,0.66599506,0.26319504,0.0,0.0,0.0,0.0,0.0,0.0,0.0
4,4,0.0,0.070809886,0.0,0.0,0.66599506,0.26319504,0.0,0.0,0.0,0.0,0.0,0.0,0.0
4,4,0.0,0.070809886,0.0,0.0,0.66599506,0.26319504,0.0,0.0,0.0,0.0,0.0,0.0,0.0
4,4,0.0,0.070809886,0.0,0.0,0.66599506,0.26319504,0.0,0.0,0.0,0.0,0.0,0.0,0.0
4,4,0.0,0.070809886,0.0,0.0,0.66599506,0.26319504,0.0,0.0,0.0,0.0,0.0,0.0,0.0
4,4,0.0,0.070809886,0.0,0.0,0.66599506,0.26319504,0.0,0.0,0.0,0.0,0.0,0.0,0.0
4,4,0.0,0.07080989,0.0,0.0,0.7311851,0.19800507,0.0,0.0,0.0,0.0,0.0,0.0,0.0
4,4,0.0,0.07080989,0.0,0.0,0.7311851,0.19800507,0.0,0.0,0.0,0.0,0.0,0.0,0.0
4,4,0.0,0.07080989,0.0,0.0,0.7311851,0.19800507,0.0,0.0,0.0,0.0,0.0,0.0,0.0
4,4,0.0,0.07080989,0.0,0.0,0.7311851,0.19800507,0.0,0.0,0.0,0.0,0.0,0.0,0.0
4,4,0.0,0.07080989,0.0,0.0,0.7311851,0.19800507,0.0,0.0,0.0,0.0,0.0,0.0,0.0
4,4,0.0,0.07080989,0.0,0.0,0.7311851,0.19800507,0.0,0.0,0.0,0.0,0.0,0.0,0.0
4,4,0.0,0.07080989,0.0,0.0,0.7311851,0.19800507,0.0,0.0,0.0,0.0,0.0,0.0,0.0
4,4,0.0,0.07080989,0.0,0.0,0.7311851,0.19800507,0.0,0.0,0.0,0.0,0.0,0.0,0.0
4,4,0.0,0.07080989,0.0,0.0,0.7311851,0.19800507,0.0,0.0,0.0,0.0,0.0,0.0,0.0
4,4,0.0,0.07080989,0.0,0.0,0.7311851,0.19800507,0.0,0.0,0.0,0.0,0.0,0.0,0.0
4,4,0.0,0.07080989,0.0,0.0,0.7311851,0.19800507,0.0,0.0,0.0,0.0,0.0,0.0,0.0
4,4,0.0,0.07080989,0.0,0.0,0.7311851,0.19800507,0.0,0.0,0.0,0.0,0.0,0.0,0.0
4,4,0.0,0.07080989,0.0,0.0,0.7311851,0.19800507,0.0,0.0,0.0,0.0,0.0,0.0,0.0
4,4,0.0,0.07080989,0.0,0.0,0.7311851,0.19800507,0.0,0.0,0.0,0.0,0.0,0.0,0.0
4,4,0.0,0.07080989,0.0,0.0,0.7311851,0.19800507,0.0,0.0,0.0,0.0,0.0,0.0,0.0
4,4,0.0,0.07080989,0.0,0.0,0.7311851,0.19800507,0.0,0.0,0.0,0.0,0.0,0.0,0.0
4,4,0.0,0.07080989,0.0,0.0,0.7311851,0.19800507,0.0,0.0,0.0,0.0,0.0,0.0,0.0
4,4,0.0,0.07080989,0.0,0.0,0.7311851,0.19800507,0.0,0.0,0.0,0.0,0.0,0.0,0.0
4,4,0.0,0.07080989,0.0,0.0,0.7311851,0.19800507,0.0,0.0,0.0,0.0,0.0,0.0,0.0
4,4,0.0,0.07080989,0.0,0.0,0.7311851,0.19800507,0.0,0.0,0.0,0.0,0.0,0.0,0.0
4,4,0.0,0.07080989,0.0,0.0,0.7311851,0.19800507,0.0,0.0,0.0,0.0,0.0,0.0,0.0
4,4,0.0,0.07080989,0.0,0.0,0.7311851,0.19800507,0.0,0.0,0.0,0.0,0.0,0.0,0.0
4,4,0.0,0.07080989,0.0,0.0,0.7311851,0.19800507,0.0,0.0,0.0,0.0,0.0,0.0,0.0
4,4,0.0,0.07080989,0.0,0.0,0.7311851,0.19800507,0.0,0.0,0.0,0.0,0.0,0.0,0.0
4,4,0.0,0.07080989,0.0,0.0,0.7311851,0.19800507,0.0,0.0,0.0,0.0,0.0,0.0,0.0
4,4,0.0,0.07080989,0.0,0.0,0.7311851,0.19800507,0.0,0.0,0.0,0.0,0.0,0.0,0.0
4,4,0.0,0.07080989,0.0,0.0,0.7311851,0.19800507,0.0,0.0,0.0,0.0,0.0,0.0,0.0
4,4,0.0,0.07080989,0.0,0.0,0.7311851,0.19800507,0.0,0.0,0.0,0.0,0.0,0.0,0.0
4,4,0.0,0.07080989,0.0,0.0,0.7311851,0.19800507,0.0,0.0,0.0,0.0,0.0,0.0,0.0
4,4,0.0,0.07080989,0.0,0.0,0.7311851,0.19800507,0.0,0.0,0.0,0.0,0.0,0.0,0.0
4,4,0.0,0.07080989,0.0,0.0,0.7311851,0.19800507,0.0,0.0,0.0,0.0,0.0,0.0,0.0
4,4,0.0,0.07080989,0.0,0.0,0.7311851,0.19800507,0.0,0.0,0.0,0.0,0.0,0.0,0.0
4,4,0.0,0.07080989,0.0,0.0,0.7311851,0.19800507,0.0,0.0,0.0,0.0,0.0,0.0,0.0
4,4,0.0,0.07080989,0.0,0.0,0.7311851,0.19800507,0.0,0.0,0.0,0.0,0.0,0.0,0.0
4,4,0.0,0.07080989,0.0,0.0,0.7311851,0.19800507,0.0,0.0,0.0,0.0,0.0,0.0,0.0
4,4,0.0,0.07080989,0.0,0.0,0.7311851,0.19800507,0.0,0.0,0.0,0.0,0.0,0.0,0.0
4,4,0.0,0.07080989,0.0,0.0,0.7311851,0.19800507,0.0,0.0,0.0,0.0,0.0,0.0,0.0
4,4,0.0,0.07080989,0.0,0.0,0.7311851,0.19800507,0.0,0.0,0.0,0.0,0.0,0.0,0.0
4,4,0.0,0.07080989,0.0,0.0,0.7311851,0.19800507,0.0,0.0,0.0,0.0,0.0,0.0,0.0
4,4,0.0,0.07080989,0.0,0.0,0.7311851,0.19800507,0.0,0.0,0.0,0.0,0.0,0.0,0.0
4,4,0.0,0.07080989,0.0,0.0,0.7311851,0.19800507,0.0,0.0,0.0,0.0,0.0,0.0,0.0
4,4,0.0,0.07080989,0.0,0.0,0.7311851,0.19800507,0.0,0.0,0.0,0.0,0.0,0.0,0.0
4,4,0.0,0.07080989,0.0,0.0,0.7311851,0.19800507,0.0,0.0,0.0,0.0,0.0,0.0,0.0
4,4,0.0,0.07080989,0.0,0.0,0.7311851,0.19800507,0.0,0.0,0.0,0.0,0.0,0.0,0.0
4,4,0.0,0.07080989,0.0,0.0,0.7311851,0.19800507,0.0,0.0,0.0,0.0,0.0,0.0,0.0
4,4,0.0,0.07080989,0.0,0.0,0.7311851,0.19800507,0.0,0.0,0.0,0.0,0.0,0.0,0.0
4,4,0.0,0.07080989,0.0,0.0,0.7311851,0.19800507,0.0,0.0,0.0,0.0,0.0,0.0,0.0
4,4,0.0,0.07080989,0.0,0.0,0.7311851,0.19800507,0.0,0.0,0.0,0.0,0.0,0.0,0.0
4,4,0.0,0.07080989,0.0,0.0,0.7311851,0.19800507,0.0,0.0,0.0,0.0,0.0,0.0,0.0
4,4,0.0,0.07080989,0.0,0.0,0.7311851,0.19800507,0.0,0.0,0.0,0.0,0.0,0.0,0.0
4,4,0.0,0.07080989,0.0,0.0,0.7311851,0.19800507,0.0,0.0,0.0,0.0,0.0,0.0,0.0
4,4,0.0,0.07080989,0.0,0.0,0.7311851,0.19800507,0.0,0.0,0.0,0.0,0.0,0.0,0.0
4,4,0.0,0.07080989,0.0,0.0,0.7311851,0.19800507,0.0,0.0,0.0,0.0,0.0,0.0,0.0
4,4,0.0,0.07080989,0.0,0.0,0.7311851,0.19800507,0.0,0.0,0.0,0.0,0.0,0.0,0.0
4,4,0.0,0.07080989,0.0,0.0,0.7311851,0.19800507,0.0,0.0,0.0,0.0,0.0,0.0,0.0
4,4,0.0,0.07080989,0.0,0.0,0.7311851,0.19800507,0.0,0.0,0.0,0.0,0.0,0.0,0.0
4,4,0.0,0.07080989,0.0,0.0,0.7311851,0.19800507,0.0,0.0,0.0,0.0,0.0,0.0,0.0
4,4,0.0,0.07080989,0.0,0.0,0.7311851,0.19800507,0.0,0.0,0.0,0.0,0.0,0.0,0.0
4,4,0.0,0.07080989,0.0,0.0,0.7311851,0.19800507,0.0,0.0,0.0,0.0,0.0,0.0,0.0
4,4,0.0,0.07080989,0.0,0.0,0.7311851,0.19800507,0.0,0.0,0.0,0.0,0.0,0.0,0.0
4,4,0.0,0.07080989,0.0,0.0,0.7311851,0.19800507,0.0,0.0,0.0,0.0,0.0,0.0,0.0
4,4,0.0,0.07080989,0.0,0.0,0.7311851,0.19800507,0.0,0.0,0.0,0.0,0.0,0.0,0.0
4,4,0.0,0.07080989,0.0,0.0,0.7311851,0.19800507,0.0,0.0,0.0,0.0,0.0,0.0,0.0
4,4,0.0,0.07080989,0.0,0.0,0.7311851,0.19800507,0.0,0.0,0.0,0.0,0.0,0.0,0.0
4,4,0.0,0.07080989,0.0,0.0,0.7311851,0.19800507,0.0,0.0,0.0,0.0,0.0,0.0,0.0
4,4,0.0,0.07080989,0.0,0.0,0.7311851,0.19800507,0.0,0.0,0.0,0.0,0.0,0.0,0.0
4,4,0.0,0.07080989,0.0,0.0,0.7311851,0.19800507,0.0,0.0,0.0,0.0,0.0,0.0,0.0
4,4,0.0,0.07080989,0.0,0.0,0.7311851,0.19800507,0.0,0.0,0.0,0.0,0.0,0.0,0.0
4,4,0.0,0.07080989,0.0,0.0,0.7311851,0.19800507,0.0,0.0,0.0,0.0,0.0,0.0,0.0
4,4,0.0,0.07080989,0.0,0.0,0.7311851,0.19800507,0.0,0.0,0.0,0.0,0.0,0.0,0.0
4,4,0.0,0.07080989,0.0,0.0,0.7311851,0.19800507,0.0,0.0,0.0,0.0,0.0,0.0,0.0
4,4,0.0,0.07080989,0.0,0.0,0.7311851,0.19800507,0.0,0.0,0.0,0.0,0.0,0.0,0.0
4,4,0.0,0.07080989,0.0,0.0,0.7311851,0.19800507,0.0,0.0,0.0,0.0,0.0,0.0,0.0
4,4,0.0,0.07080989,0.0,0.0,0.7311851,0.19800507,0.0,0.0,0.0,0.0,0.0,0.0,0.0
4,4,0.0,0.07080989,0.0,0.0,0.7311851,0.19800507,0.0,0.0,0.0,0.0,0.0,0.0,0.0
4,4,0.0,0.07080989,0.0,0.0,0.7311851,0.19800507,0.0,0.0,0.0,0.0,0.0,0.0,0.0
4,4,0.0,0.07080989,0.0,0.0,0.7311851,0.19800507,0.0,0.0,0.0,0.0,0.0,0.0,0.0
4,4,0.0,0.07080989,0.0,0.0,0.7311851,0.19800507,0.0,0.0,0.0,0.0,0.0,0.0,0.0
4,4,0.0,0.07080989,0.0,0.0,0.7311851,0.19800507,0.0,0.0,0.0,0.0,0.0,0.0,0.0
4,4,0.0,0.07080989,0.0,0.0,0.7311851,0.19800507,0.0,0.0,0.0,0.0,0.0,0.0,0.0
4,4,0.0,0.07080989,0.0,0.0,0.7311851,0.19800507,0.0,0.0,0.0,0.0,0.0,0.0,0.0
4,4,0.0,0.07080989,0.0,0.0,0.7311851,0.19800507,0.0,0.0,0.0,0.0,0.0,0.0,0.0
4,4,0.0,0.07080989,0.0,0.0,0.7311851,0.19800507,0.0,0.0,0.0,0.0,0.0,0.0,0.0
4,4,0.0,0.07080989,0.0,0.0,0.7311851,0.19800507,0.0,0.0,0.0,0.0,0.0,0.0,0.0
4,4,0.0,0.07080989,0.0,0.0,0.7962487,0.13294144,0.0,0.0,0.0,0.0,0.0,0.0,0.0
4,4,0.0,0.07080989,0.0,0.0,0.7962487,0.13294144,0.0,0.0,0.0,0.0,0.0,0.0,0.0
4,4,0.0,0.07080989,0.0,0.0,0.7962487,0.13294144,0.0,0.0,0.0,0.0,0.0,0.0,0.0
4,4,0.0,0.07080989,0.0,0.0,0.7962487,0.13294144,0.0,0.0,0.0,0.0,0.0,0.0,0.0
4,4,0.0,0.07080989,0.0,0.0,0.7962487,0.13294144,0.0,0.0,0.0,0.0,0.0,0.0,0.0
4,4,0.0,0.07080989,0.0,0.0,0.7962487,0.13294144,0.0,0.0,0.0,0.0,0.0,0.0,0.0
4,4,0.0,0.07080989,0.0,0.0,0.7962487,0.13294144,0.0,0.0,0.0,0.0,0.0,0.0,0.0
4,4,0.0,0.07080989,0.0,0.0,0.7962487,0.13294144,0.0,0.0,0.0,0.0,0.0,0.0,0.0
4,4,0.0,0.07080989,0.0,0.0,0.7962487,0.13294144,0.0,0.0,0.0,0.0,0.0,0.0,0.0
4,4,0.0,0.07080989,0.0,0.0,0.7962487,0.13294144,0.0,0.0,0.0,0.0,0.0,0.0,0.0
4,4,0.0,0.07080989,0.0,0.0,0.7962487,0.13294144,0.0,0.0,0.0,0.0,0.0,0.0,0.0
4,4,0.0,0.07080989,0.0,0.0,0.7962487,0.13294144,0.0,0.0,0.0,0.0,0.0,0.0,0.0
4,4,0.0,0.07080989,0.0,0.0,0.7962487,0.13294144,0.0,0.0,0.0,0.0,0.0,0.0,0.0
4,4,0.0,0.07080989,0.0,0.0,0.7962487,0.13294144,0.0,0.0,0.0,0.0,0.0,0.0,0.0
4,4,0.0,0.07080989,0.0,0.0,0.7962487,0.13294144,0.0,0.0,0.0,0.0,0.0,0.0,0.0
4,4,0.0,0.07080989,0.0,0.0,0.7962487,0.13294144,0.0,0.0,0.0,0.0,0.0,0.0,0.0
4,4,0.0,0.07080989,0.0,0.0,0.7962487,0.13294144,0.0,0.0,0.0,0.0,0.0,0.0,0.0
4,4,0.0,0.07080989,0.0,0.0,0.7962487,0.13294144,0.0,0.0,0.0,0.0,0.0,0.0,0.0
4,4,0.0,0.07080989,0.0,0.0,0.7962487,0.13294144,0.0,0.0,0.0,0.0,0.0,0.0,0.0
4,4,0.0,0.07080989,0.0,0.0,0.7962487,0.13294144,0.0,0.0,0.0,0.0,0.0,0.0,0.0
4,4,0.0,0.07080989,0.0,0.0,0.7962487,0.13294144,0.0,0.0,0.0,0.0,0.0,0.0,0.0
4,4,0.0,0.07080989,0.0,0.0,0.7962487,0.13294144,0.0,0.0,0.0,0.0,0.0,0.0,0.0
4,4,0.0,0.07080989,0.0,0.0,0.7962487,0.13294144,0.0,0.0,0.0,0.0,0.0,0.0,0.0
4,4,0.0,0.07080989,0.0,0.0,0.7962487,0.13294144,0.0,0.0,0.0,0.0,0.0,0.0,0.0
4,4,0.0,0.07080989,0.0,0.0,0.7962487,0.13294144,0.0,0.0,0.0,0.0,0.0,0.0,0.0
4,4,0.0,0.07080989,0.0,0.0,0.7962487,0.13294144,0.0,0.0,0.0,0.0,0.0,0.0,0.0
4,4,0.0,0.07080989,0.0,0.0,0.7962487,0.13294144,0.0,0.0,0.0,0.0,0.0,0.0,0.0
4,4,0.0,0.07080989,0.0,0.0,0.7962487,0.13294144,0.0,0.0,0.0,0.0,0.0,0.0,0.0
4,4,0.0,0.07080989,0.0,0.0,0.7962487,0.13294144,0.0,0.0,0.0,0.0,0.0,0.0,0.0
4,4,0.0,0.07080989,0.0,0.0,0.7962487,0.13294144,0.0,0.0,0.0,0.0,0.0,0.0,0.0
4,4,0.0,0.07080989,0.0,0.0,0.7962487,0.13294144,0.0,0.0,0.0,0.0,0.0,0.0,0.0
4,4,0.0,0.07080989,0.0,0.0,0.7962487,0.13294144,0.0,0.0,0.0,0.0,0.0,0.0,0.0
4,4,0.0,0.07080989,0.0,0.0,0.7962487,0.13294144,0.0,0.0,0.0,0.0,0.0,0.0,0.0
4,4,0.0,0.07080989,0.0,0.0,0.7962487,0.13294144,0.0,0.0,0.0,0.0,0.0,0.0,0.0
4,4,0.0,0.07080989,0.0,0.0,0.86160666,0.067583494,0.0,0.0,0.0,0.0,0.0,0.0,0.0
4,4,0.0,0.07080989,0.0,0.0,0.86160666,0.067583494,0.0,0.0,0.0,0.0,0.0,0.0,0.0
4,4,0.0,0.07080989,0.0,0.0,0.86160666,0.067583494,0.0,0.0,0.0,0.0,0.0,0.0,0.0
4,4,0.0,0.07080989,0.0,0.0,0.86160666,0.067583494,0.0,0.0,0.0,0.0,0.0,0.0,0.0
4,4,0.0,0.07080989,0.0,0.0,0.86160666,0.067583494,0.0,0.0,0.0,0.0,0.0,0.0,0.0
4,4,0.0,0.07080989,0.0,0.0,0.86160666,0.067583494,0.0,0.0,0.0,0.0,0.0,0.0,0.0
4,4,0.0,0.07080989,0.0,0.0,0.86160666,0.067583494,0.0,0.0,0.0,0.0,0.0,0.0,0.0
4,4,0.0,0.07080989,0.0,0.0,0.86160666,0.067583494,0.0,0.0,0.0,0.0,0.0,0.0,0.0
4,4,0.0,0.07080989,0.0,0.0,0.86160666,0.067583494,0.0,0.0,0.0,0.0,0.0,0.0,0.0
4,4,0.0,0.07080989,0.0,0.0,0.86160666,0.067583494,0.0,0.0,0.0,0.0,0.0,0.0,0.0
4,4,0.0,0.07080989,0.0,0.0,0.86160666,0.067583494,0.0,0.0,0.0,0.0,0.0,0.0,0.0
4,4,0.0,0.07080989,0.0,0.0,0.86160666,0.067583494,0.0,0.0,0.0,0.0,0.0,0.0,0.0
4,4,0.0,0.07080989,0.0,0.0,0.86160666,0.067583494,0.0,0.0,0.0,0.0,0.0,0.0,0.0
4,4,0.0,0.07080989,0.0,0.0,0.86160666,0.067583494,0.0,0.0,0.0,0.0,0.0,0.0,0.0
4,4,0.0,0.07080989,0.0,0.0,0.86160666,0.067583494,0.0,0.0,0.0,0.0,0.0,0.0,0.0
4,4,0.0,0.07080989,0.0,0.0,0.86160666,0.067583494,0.0,0.0,0.0,0.0,0.0,0.0,0.0
4,4,0.0,0.07080989,0.0,0.0,0.86160666,0.067583494,0.0,0.0,0.0,0.0,0.0,0.0,0.0
4,4,0.0,0.07080989,0.0,0.0,0.86160666,0.067583494,0.0,0.0,0.0,0.0,0.0,0.0,0.0
4,4,0.0,0.07080989,0.0,0.0,0.86160666,0.067583494,0.0,0.0,0.0,0.0,0.0,0.0,0.0
4,4,0.0,0.07080989,0.0,0.0,0.86160666,0.067583494,0.0,0.0,0.0,0.0,0.0,0.0,0.0
4,4,0.0,0.07080989,0.0,0.0,0.86160666,0.067583494,0.0,0.0,0.0,0.0,0.0,0.0,0.0
4,4,0.0,0.07080989,0.0,0.0,0.86160666,0.067583494,0.0,0.0,0.0,0.0,0.0,0.0,0.0
4,4,0.0,0.07080989,0.0,0.0,0.86160666,0.067583494,0.0,0.0,0.0,0.0,0.0,0.0,0.0
4,4,0.0,0.07080989,0.0,0.0,0.86160666,0.067583494,0.0,0.0,0.0,0.0,0.0,0.0,0.0
4,4,0.0,0.07080989,0.0,0.0,0.86160666,0.067583494,0.0,0.0,0.0,0.0,0.0,0.0,0.0
4,4,0.0,0.07080989,0.0,0.0,0.86160666,0.067583494,0.0,0.0,0.0,0.0,0.0,0.0,0.0
4,4,0.0,0.07080989,0.0,0.0,0.86160666,0.067583494,0.0,0.0,0.0,0.0,0.0,0.0,0.0
4,4,0.0,0.07080989,0.0,0.0,0.86160666,0.067583494,0.0,0.0,0.0,0.0,0.0,0.0,0.0
4,4,0.0,0.07080989,0.0,0.0,0.86160666,0.067583494,0.0,0.0,0.0,0.0,0.0,0.0,0.0
4,4,0.0,0.07080989,0.0,0.0,0.86160666,0.067583494,0.0,0.0,0.0,0.0,0.0,0.0,0.0
4,4,0.0,0.07080989,0.0,0.0,0.86160666,0.067583494,0.0,0.0,0.0,0.0,0.0,0.0,0.0
4,4,0.0,0.07080989,0.0,0.0,0.86160666,0.067583494,0.0,0.0,0.0,0.0,0.0,0.0,0.0
4,4,0.0,0.07080989,0.0,0.0,0.86160666,0.067583494,0.0,0.0,0.0,0.0,0.0,0.0,0.0
4,4,0.0,0.07080989,0.0,0.0,0.86160666,0.067583494,0.0,0.0,0.0,0.0,0.0,0.0,0.0
4,4,0.0,0.07080989,0.0,0.0,0.86160666,0.067583494,0.0,0.0,0.0,0.0,0.0,0.0,0.0
4,4,0.0,0.07080989,0.0,0.0,0.86160666,0.067583494,0.0,0.0,0.0,0.0,0.0,0.0,0.0
4,4,0.0,0.07080989,0.0,0.0,0.86160666,0.067583494,0.0,0.0,0.0,0.0,0.0,0.0,0.0
4,4,0.0,0.07080989,0.0,0.0,0.86160666,0.067583494,0.0,0.0,0.0,0.0,0.0,0.0,0.0
4,4,0.0,0.07080989,0.0,0.0,0.86160666,0.067583494,0.0,0.0,0.0,0.0,0.0,0.0,0.0
4,4,0.0,0.07080989,0.0,0.0,0.86160666,0.067583494,0.0,0.0,0.0,0.0,0.0,0.0,0.0
4,4,0.0,0.07080989,0.0,0.0,0.86160666,0.067583494,0.0,0.0,0.0,0.0,0.0,0.0,0.0
4,4,0.0,0.07080989,0.0,0.0,0.86160666,0.067583494,0.0,0.0,0.0,0.0,0.0,0.0,0.0
4,4,0.0,0.07080989,0.0,0.0,0.86160666,0.067583494,0.0,0.0,0.0,0.0,0.0,0.0,0.0
4,4,0.0,0.07080989,0.0,0.0,0.86160666,0.067583494,0.0,0.0,0.0,0.0,0.0,0.0,0.0
4,4,0.0,0.07080989,0.0,0.0,0.86160666,0.067583494,0.0,0.0,0.0,0.0,0.0,0.0,0.0
4,4,0.0,0.07080989,0.0,0.0,0.86160666,0.067583494,0.0,0.0,0.0,0.0,0.0,0.0,0.0
4,4,0.0,0.07080989,0.0,0.0,0.86160666,0.067583494,0.0,0.0,0.0,0.0,0.0,0.0,0.0
4,4,0.0,0.07080989,0.0,0.0,0.86160666,0.067583494,0.0,0.0,0.0,0.0,0.0,0.0,0.0
4,4,0.0,0.07080989,0.0,0.0,0.86160666,0.067583494,0.0,0.0,0.0,0.0,0.0,0.0,0.0
4,4,0.0,0.07080989,0.0,0.0,0.86160666,0.067583494,0.0,0.0,0.0,0.0,0.0,0.0,0.0
4,4,0.0,0.07080989,0.0,0.0,0.86160666,0.067583494,0.0,0.0,0.0,0.0,0.0,0.0,0.0
4,4,0.0,0.07080989,0.0,0.0,0.86160666,0.067583494,0.0,0.0,0.0,0.0,0.0,0.0,0.0
4,4,0.0,0.07080989,0.0,0.0,0.86160666,0.067583494,0.0,0.0,0.0,0.0,0.0,0.0,0.0
4,4,0.0,0.07080989,0.0,0.0,0.86160666,0.067583494,0.0,0.0,0.0,0.0,0.0,0.0,0.0
4,4,0.0,0.07080989,0.0,0.0,0.86160666,0.067583494,0.0,0.0,0.0,0.0,0.0,0.0,0.0
4,4,0.0,0.07080989,0.0,0.0,0.86160666,0.067583494,0.0,0.0,0.0,0.0,0.0,0.0,0.0
4,4,0.0,0.07080989,0.0,0.0,0.86160666,0.067583494,0.0,0.0,0.0,0.0,0.0,0.0,0.0
4,4,0.0,0.07080989,0.0,0.0,0.86160666,0.067583494,0.0,0.0,0.0,0.0,0.0,0.0,0.0
4,4,0.0,0.07080989,0.0,0.0,0.86160666,0.067583494,0.0,0.0,0.0,0.0,0.0,0.0,0.0
4,4,0.0,0.07080989,0.0,0.0,0.86160666,0.067583494,0.0,0.0,0.0,0.0,0.0,0.0,0.0
4,4,0.0,0.07080989,0.0,0.0,0.86160666,0.067583494,0.0,0.0,0.0,0.0,0.0,0.0,0.0
4,4,0.0,0.07080989,0.0,0.0,0.86160666,0.067583494,0.0,0.0,0.0,0.0,0.0,0.0,0.0
4,4,0.0,0.07080989,0.0,0.0,0.86160666,0.067583494,0.0,0.0,0.0,0.0,0.0,0.0,0.0
4,4,0.0,0.07080989,0.0,0.0,0.86160666,0.067583494,0.0,0.0,0.0,0.0,0.0,0.0,0.0
4,4,0.0,0.07080989,0.0,0.0,0.86160666,0.067583494,0.0,0.0,0.0,0.0,0.0,0.0,0.0
4,4,0.0,0.07080989,0.0,0.0,0.86160666,0.067583494,0.0,0.0,0.0,0.0,0.0,0.0,0.0
4,4,0.0,0.07080989,0.0,0.0,0.86160666,0.067583494,0.0,0.0,0.0,0.0,0.0,0.0,0.0
4,4,0.0,0.07080989,0.0,0.0,0.86160666,0.067583494,0.0,0.0,0.0,0.0,0.0,0.0,0.0
4,4,0.0,0.07080989,0.0,0.0,0.86160666,0.067583494,0.0,0.0,0.0,0.0,0.0,0.0,0.0
4,4,0.0,0.07080989,0.0,0.0,0.86160666,0.067583494,0.0,0.0,0.0,0.0,0.0,0.0,0.0
4,4,0.0,0.07080989,0.0,0.0,0.86160666,0.067583494,0.0,0.0,0.0,0.0,0.0,0.0,0.0
4,4,0.0,0.07080989,0.0,0.0,0.86160666,0.067583494,0.0,0.0,0.0,0.0,0.0,0.0,0.0
4,4,0.0,0.07080989,0.0,0.0,0.86160666,0.067583494,0.0,0.0,0.0,0.0,0.0,0.0,0.0
4,4,0.0,0.07080989,0.0,0.0,0.86160666,0.067583494,0.0,0.0,0.0,0.0,0.0,0.0,0.0
4,4,0.0,0.07080989,0.0,0.0,0.86160666,0.067583494,0.0,0.0,0.0,0.0,0.0,0.0,0.0
4,4,0.0,0.07080989,0.0,0.0,0.86160666,0.067583494,0.0,0.0,0.0,0.0,0.0,0.0,0.0
4,4,0.0,0.07080989,0.0,0.0,0.86160666,0.067583494,0.0,0.0,0.0,0.0,0.0,0.0,0.0
4,4,0.0,0.07080989,0.0,0.0,0.86160666,0.067583494,0.0,0.0,0.0,0.0,0.0,0.0,0.0
4,4,0.0,0.07080989,0.0,0.0,0.86160666,0.067583494,0.0,0.0,0.0,0.0,0.0,0.0,0.0
4,4,0.0,0.07080989,0.0,0.0,0.86160666,0.067583494,0.0,0.0,0.0,0.0,0.0,0.0,0.0
4,4,0.0,0.07080989,0.0,0.0,0.86160666,0.067583494,0.0,0.0,0.0,0.0,0.0,0.0,0.0
4,4,0.0,0.07080989,0.0,0.0,0.86160666,0.067583494,0.0,0.0,0.0,0.0,0.0,0.0,0.0
4,4,0.0,0.0,0.0,0.0,0.93241656,0.067583494,0.0,0.0,0.0,0.0,0.0,0.0,0.0
4,4,0.0,0.0,0.0,0.0,0.93241656,0.067583494,0.0,0.0,0.0,0.0,0.0,0.0,0.0
4,4,0.0,0.0,0.0,0.0,0.93241656,0.067583494,0.0,0.0,0.0,0.0,0.0,0.0,0.0
4,4,0.0,0.0,0.0,0.0,0.93241656,0.067583494,0.0,0.0,0.0,0.0,0.0,0.0,0.0
4,4,0.0,0.0,0.0,0.0,0.93241656,0.067583494,0.0,0.0,0.0,0.0,0.0,0.0,0.0
4,4,0.0,0.0,0.0,0.0,0.93241656,0.067583494,0.0,0.0,0.0,0.0,0.0,0.0,0.0
4,4,0.0,0.0,0.0,0.0,0.93241656,0.067583494,0.0,0.0,0.0,0.0,0.0,0.0,0.0
4,4,0.0,0.0,0.0,0.0,0.93241656,0.067583494,0.0,0.0,0.0,0.0,0.0,0.0,0.0
4,4,0.0,0.0,0.0,0.0,0.93241656,0.067583494,0.0,0.0,0.0,0.0,0.0,0.0,0.0
4,4,0.0,0.0,0.0,0.0,0.93241656,0.067583494,0.0,0.0,0.0,0.0,0.0,0.0,0.0
4,4,0.0,0.0,0.0,0.0,0.93241656,0.067583494,0.0,0.0,0.0,0.0,0.0,0.0,0.0
4,4,0.0,0.0,0.0,0.0,0.93241656,0.067583494,0.0,0.0,0.0,0.0,0.0,0.0,0.0
4,4,0.0,0.0,0.0,0.0,0.93241656,0.067583494,0.0,0.0,0.0,0.0,0.0,0.0,0.0
4,4,0.0,0.0,0.0,0.0,0.93241656,0.067583494,0.0,0.0,0.0,0.0,0.0,0.0,0.0
4,4,0.0,0.0,0.0,0.0,0.93241656,0.067583494,0.0,0.0,0.0,0.0,0.0,0.0,0.0
4,4,0.0,0.0,0.0,0.0,0.93241656,0.067583494,0.0,0.0,0.0,0.0,0.0,0.0,0.0
4,4,0.0,0.0,0.0,0.0,0.93241656,0.067583494,0.0,0.0,0.0,0.0,0.0,0.0,0.0
4,4,0.0,0.0,0.0,0.0,0.93241656,0.067583494,0.0,0.0,0.0,0.0,0.0,0.0,0.0
4,4,0.0,0.0,0.0,0.0,0.93241656,0.067583494,0.0,0.0,0.0,0.0,0.0,0.0,0.0
4,4,0.0,0.0,0.0,0.0,0.93241656,0.067583494,0.0,0.0,0.0,0.0,0.0,0.0,0.0
4,4,0.0,0.0,0.0,0.0,0.93241656,0.067583494,0.0,0.0,0.0,0.0,0.0,0.0,0.0
4,4,0.0,0.0,0.0,0.0,0.93241656,0.067583494,0.0,0.0,0.0,0.0,0.0,0.0,0.0
4,4,0.0,0.0,0.0,0.0,0.93241656,0.067583494,0.0,0.0,0.0,0.0,0.0,0.0,0.0
4,4,0.0,0.0,0.0,0.0,0.93241656,0.067583494,0.0,0.0,0.0,0.0,0.0,0.0,0.0
4,4,0.0,0.0,0.0,0.0,0.93241656,0.067583494,0.0,0.0,0.0,0.0,0.0,0.0,0.0
4,4,0.0,0.0,0.0,0.0,0.93241656,0.067583494,0.0,0.0,0.0,0.0,0.0,0.0,0.0
4,4,0.0,0.0,0.0,0.0,0.93241656,0.067583494,0.0,0.0,0.0,0.0,0.0,0.0,0.0
4,4,0.0,0.0,0.0,0.0,0.93241656,0.067583494,0.0,0.0,0.0,0.0,0.0,0.0,0.0
4,4,0.0,0.0,0.0,0.0,0.93241656,0.067583494,0.0,0.0,0.0,0.0,0.0,0.0,0.0
4,4,0.0,0.0,0.0,0.0,0.93241656,0.067583494,0.0,0.0,0.0,0.0,0.0,0.0,0.0
4,4,0.0,0.0,0.0,0.0,0.93241656,0.067583494,0.0,0.0,0.0,0.0,0.0,0.0,0.0
4,4,0.0,0.0,0.0,0.0,0.93241656,0.067583494,0.0,0.0,0.0,0.0,0.0,0.0,0.0
4,4,0.0,0.0,0.0,0.0,0.93241656,0.067583494,0.0,0.0,0.0,0.0,0.0,0.0,0.0
4,4,0.0,0.0,0.0,0.0,0.93241656,0.067583494,0.0,0.0,0.0,0.0,0.0,0.0,0.0
4,4,0.0,0.0,0.0,0.0,0.93241656,0.067583494,0.0,0.0,0.0,0.0,0.0,0.0,0.0
4,4,0.0,0.0,0.0,0.0,0.93241656,0.067583494,0.0,0.0,0.0,0.0,0.0,0.0,0.0
4,4,0.0,0.0,0.0,0.0,0.93241656,0.067583494,0.0,0.0,0.0,0.0,0.0,0.0,0.0
4,4,0.0,0.0,0.0,0.0,0.93241656,0.067583494,0.0,0.0,0.0,0.0,0.0,0.0,0.0
4,4,0.0,0.0,0.0,0.0,0.93241656,0.067583494,0.0,0.0,0.0,0.0,0.0,0.0,0.0
4,4,0.0,0.0,0.0,0.0,0.93241656,0.067583494,0.0,0.0,0.0,0.0,0.0,0.0,0.0
4,4,0.0,0.0,0.0,0.0,0.93241656,0.067583494,0.0,0.0,0.0,0.0,0.0,0.0,0.0
4,4,0.0,0.0,0.0,0.0,0.93241656,0.067583494,0.0,0.0,0.0,0.0,0.0,0.0,0.0
4,4,0.0,0.0,0.0,0.0,1.0,0.0,0.0,0.0,0.0,0.0,0.0,0.0,0.0
4,4,0.0,0.0,0.0,0.0,1.0,0.0,0.0,0.0,0.0,0.0,0.0,0.0,0.0
4,4,0.0,0.0,0.0,0.0,1.0,0.0,0.0,0.0,0.0,0.0,0.0,0.0,0.0
4,4,0.0,0.0,0.0,0.0,1.0,0.0,0.0,0.0,0.0,0.0,0.0,0.0,0.0
4,4,0.0,0.0,0.0,0.0,1.0,0.0,0.0,0.0,0.0,0.0,0.0,0.0,0.0
4,4,0.0,0.0,0.0,0.0,1.0,0.0,0.0,0.0,0.0,0.0,0.0,0.0,0.0
4,4,0.0,0.0,0.0,0.0,1.0,0.0,0.0,0.0,0.0,0.0,0.0,0.0,0.0
4,4,0.0,0.0,0.0,0.0,1.0,0.0,0.0,0.0,0.0,0.0,0.0,0.0,0.0
4,4,0.0,0.0,0.0,0.0,1.0,0.0,0.0,0.0,0.0,0.0,0.0,0.0,0.0
4,4,0.0,0.0,0.0,0.0,1.0,0.0,0.0,0.0,0.0,0.0,0.0,0.0,0.0
4,4,0.0,0.0,0.0,0.0,1.0,0.0,0.0,0.0,0.0,0.0,0.0,0.0,0.0
4,4,0.0,0.0,0.0,0.0,1.0,0.0,0.0,0.0,0.0,0.0,0.0,0.0,0.0
4,4,0.0,0.0,0.0,0.0,1.0,0.0,0.0,0.0,0.0,0.0,0.0,0.0,0.0
4,4,0.0,0.0,0.0,0.0,1.0,0.0,0.0,0.0,0.0,0.0,0.0,0.0,0.0
4,4,0.0,0.0,0.0,0.0,1.0,0.0,0.0,0.0,0.0,0.0,0.0,0.0,0.0
4,4,0.0,0.0,0.0,0.0,1.0,0.0,0.0,0.0,0.0,0.0,0.0,0.0,0.0
4,4,0.0,0.0,0.0,0.0,1.0,0.0,0.0,0.0,0.0,0.0,0.0,0.0,0.0
4,4,0.0,0.0,0.0,0.0,1.0,0.0,0.0,0.0,0.0,0.0,0.0,0.0,0.0
4,4,0.0,0.0,0.0,0.0,1.0,0.0,0.0,0.0,0.0,0.0,0.0,0.0,0.0
4,4,0.0,0.0,0.0,0.0,1.0,0.0,0.0,0.0,0.0,0.0,0.0,0.0,0.0
4,4,0.0,0.0,0.0,0.0,1.0,0.0,0.0,0.0,0.0,0.0,0.0,0.0,0.0
4,4,0.0,0.0,0.0,0.0,1.0,0.0,0.0,0.0,0.0,0.0,0.0,0.0,0.0
4,4,0.0,0.06175251,0.0,0.0,0.8813462,0.0,0.056901295,0.0,0.0,0.0,0.0,0.0,0.0
4,4,0.0,0.06175251,0.0,0.0,0.8813462,0.0,0.056901295,0.0,0.0,0.0,0.0,0.0,0.0
4,4,0.0,0.06175251,0.0,0.0,0.8813462,0.0,0.056901295,0.0,0.0,0.0,0.0,0.0,0.0
4,4,0.0,0.06175251,0.0,0.0,0.8813462,0.0,0.056901295,0.0,0.0,0.0,0.0,0.0,0.0
4,4,0.0,0.06175251,0.0,0.0,0.8813462,0.0,0.056901295,0.0,0.0,0.0,0.0,0.0,0.0
4,4,0.0,0.06175251,0.0,0.0,0.8813462,0.0,0.056901295,0.0,0.0,0.0,0.0,0.0,0.0
4,4,0.0,0.06175251,0.0,0.0,0.8813462,0.0,0.056901295,0.0,0.0,0.0,0.0,0.0,0.0
4,4,0.0,0.06175251,0.0,0.0,0.8813462,0.0,0.056901295,0.0,0.0,0.0,0.0,0.0,0.0
4,4,0.0,0.06175251,0.0,0.0,0.8813462,0.0,0.056901295,0.0,0.0,0.0,0.0,0.0,0.0
4,4,0.0,0.06175251,0.0,0.0,0.8813462,0.0,0.056901295,0.0,0.0,0.0,0.0,0.0,0.0
4,4,0.0,0.06175251,0.0,0.0,0.8813462,0.0,0.056901295,0.0,0.0,0.0,0.0,0.0,0.0
4,4,0.0,0.06175251,0.0,0.0,0.8813462,0.0,0.056901295,0.0,0.0,0.0,0.0,0.0,0.0
4,4,0.0,0.06175251,0.0,0.0,0.8813462,0.0,0.056901295,0.0,0.0,0.0,0.0,0.0,0.0
4,4,0.0,0.06175251,0.0,0.0,0.8813462,0.0,0.056901295,0.0,0.0,0.0,0.0,0.0,0.0
4,4,0.0,0.06175251,0.0,0.0,0.8813462,0.0,0.056901295,0.0,0.0,0.0,0.0,0.0,0.0
4,4,0.0,0.06175251,0.0,0.0,0.8813462,0.0,0.056901295,0.0,0.0,0.0,0.0,0.0,0.0
4,4,0.0,0.06175251,0.0,0.0,0.8813462,0.0,0.056901295,0.0,0.0,0.0,0.0,0.0,0.0
4,4,0.0,0.06175251,0.0,0.0,0.8813462,0.0,0.056901295,0.0,0.0,0.0,0.0,0.0,0.0
4,4,0.0,0.06175251,0.0,0.0,0.8813462,0.0,0.056901295,0.0,0.0,0.0,0.0,0.0,0.0
4,4,0.0,0.06175251,0.0,0.0,0.8813462,0.0,0.056901295,0.0,0.0,0.0,0.0,0.0,0.0
4,4,0.0,0.06175251,0.0,0.0,0.8813462,0.0,0.056901295,0.0,0.0,0.0,0.0,0.0,0.0
4,4,0.0,0.06175251,0.0,0.0,0.8813462,0.0,0.056901295,0.0,0.0,0.0,0.0,0.0,0.0
4,4,0.0,0.06175251,0.0,0.0,0.8813462,0.0,0.056901295,0.0,0.0,0.0,0.0,0.0,0.0
4,4,0.0,0.06175251,0.0,0.0,0.8813462,0.0,0.056901295,0.0,0.0,0.0,0.0,0.0,0.0
4,4,0.0,0.06175251,0.0,0.0,0.8813462,0.0,0.056901295,0.0,0.0,0.0,0.0,0.0,0.0
4,4,0.0,0.06175251,0.0,0.0,0.8813462,0.0,0.056901295,0.0,0.0,0.0,0.0,0.0,0.0
4,4,0.0,0.06175251,0.0,0.0,0.8813462,0.0,0.056901295,0.0,0.0,0.0,0.0,0.0,0.0
4,4,0.0,0.06175251,0.0,0.0,0.8813462,0.0,0.056901295,0.0,0.0,0.0,0.0,0.0,0.0
4,4,0.0,0.06175251,0.0,0.0,0.8813462,0.0,0.056901295,0.0,0.0,0.0,0.0,0.0,0.0
4,4,0.0,0.06175251,0.0,0.0,0.8813462,0.0,0.056901295,0.0,0.0,0.0,0.0,0.0,0.0
4,4,0.0,0.06175251,0.0,0.0,0.8813462,0.0,0.056901295,0.0,0.0,0.0,0.0,0.0,0.0
4,4,0.0,0.06175251,0.0,0.0,0.8813462,0.0,0.056901295,0.0,0.0,0.0,0.0,0.0,0.0
4,4,0.0,0.06175251,0.0,0.0,0.8813462,0.0,0.056901295,0.0,0.0,0.0,0.0,0.0,0.0
4,4,0.0,0.06175251,0.0,0.0,0.8813462,0.0,0.056901295,0.0,0.0,0.0,0.0,0.0,0.0
4,4,0.0,0.06175251,0.0,0.0,0.8813462,0.0,0.056901295,0.0,0.0,0.0,0.0,0.0,0.0
4,4,0.0,0.06175251,0.0,0.0,0.8813462,0.0,0.056901295,0.0,0.0,0.0,0.0,0.0,0.0
4,4,0.0,0.06175251,0.0,0.0,0.8813462,0.0,0.056901295,0.0,0.0,0.0,0.0,0.0,0.0
4,4,0.0,0.06175251,0.0,0.0,0.8813462,0.0,0.056901295,0.0,0.0,0.0,0.0,0.0,0.0
4,4,0.0,0.06175251,0.0,0.0,0.8813462,0.0,0.056901295,0.0,0.0,0.0,0.0,0.0,0.0
4,4,0.0,0.06175251,0.0,0.0,0.8813462,0.0,0.056901295,0.0,0.0,0.0,0.0,0.0,0.0
4,4,0.0,0.0,0.0,0.0,0.8813462,0.0,0.118653804,0.0,0.0,0.0,0.0,0.0,0.0
4,4,0.0,0.0,0.0,0.0,0.8813462,0.0,0.118653804,0.0,0.0,0.0,0.0,0.0,0.0
4,4,0.0,0.0,0.0,0.0,0.8813462,0.0,0.118653804,0.0,0.0,0.0,0.0,0.0,0.0
4,4,0.0,0.0,0.0,0.0,0.8813462,0.0,0.118653804,0.0,0.0,0.0,0.0,0.0,0.0
4,4,0.0,0.0,0.0,0.0,0.8813462,0.0,0.118653804,0.0,0.0,0.0,0.0,0.0,0.0
4,4,0.0,0.0,0.0,0.0,0.8813462,0.0,0.118653804,0.0,0.0,0.0,0.0,0.0,0.0
4,4,0.0,0.0,0.0,0.0,0.8813462,0.0,0.118653804,0.0,0.0,0.0,0.0,0.0,0.0
4,4,0.0,0.0,0.0,0.0,0.8813462,0.0,0.118653804,0.0,0.0,0.0,0.0,0.0,0.0
4,4,0.0,0.0,0.06291972,0.0,0.8184265,0.0,0.118653804,0.0,0.0,0.0,0.0,0.0,0.0
4,4,0.0,0.0,0.06291972,0.0,0.8184265,0.0,0.118653804,0.0,0.0,0.0,0.0,0.0,0.0
4,4,0.0,0.0,0.06291972,0.0,0.8184265,0.0,0.118653804,0.0,0.0,0.0,0.0,0.0,0.0
4,4,0.0,0.0,0.06291972,0.0,0.8184265,0.0,0.118653804,0.0,0.0,0.0,0.0,0.0,0.0
4,4,0.0,0.0,0.06291972,0.0,0.8184265,0.0,0.118653804,0.0,0.0,0.0,0.0,0.0,0.0
4,4,0.0,0.0,0.06291972,0.0,0.8184265,0.0,0.118653804,0.0,0.0,0.0,0.0,0.0,0.0
4,4,0.0,0.0,0.06291972,0.0,0.8184265,0.0,0.118653804,0.0,0.0,0.0,0.0,0.0,0.0
4,4,0.0,0.0,0.06291972,0.0,0.8184265,0.0,0.118653804,0.0,0.0,0.0,0.0,0.0,0.0
4,4,0.0,0.0,0.06291972,0.0,0.8184265,0.0,0.118653804,0.0,0.0,0.0,0.0,0.0,0.0
4,4,0.0,0.0,0.06291972,0.0,0.8184265,0.0,0.118653804,0.0,0.0,0.0,0.0,0.0,0.0
4,4,0.0,0.0,0.06291972,0.0,0.8184265,0.0,0.118653804,0.0,0.0,0.0,0.0,0.0,0.0
4,4,0.0,0.0,0.06291972,0.0,0.8184265,0.0,0.118653804,0.0,0.0,0.0,0.0,0.0,0.0
4,4,0.0,0.0,0.06291972,0.0,0.8184265,0.0,0.118653804,0.0,0.0,0.0,0.0,0.0,0.0
4,4,0.0,0.0,0.06291972,0.0,0.8184265,0.0,0.118653804,0.0,0.0,0.0,0.0,0.0,0.0
4,4,0.0,0.0,0.06291972,0.0,0.8184265,0.0,0.118653804,0.0,0.0,0.0,0.0,0.0,0.0
4,4,0.0,0.0,0.06291972,0.0,0.8184265,0.0,0.118653804,0.0,0.0,0.0,0.0,0.0,0.0
4,4,0.0,0.0,0.06291972,0.0,0.7476166,0.0,0.118653804,0.0,0.0,0.0,0.07080989,0.0,0.0
4,4,0.0,0.0,0.06291972,0.0,0.7476166,0.0,0.118653804,0.0,0.0,0.0,0.07080989,0.0,0.0
4,4,0.0,0.0,0.06291972,0.0,0.7476166,0.0,0.118653804,0.0,0.0,0.0,0.07080989,0.0,0.0
4,4,0.0,0.0,0.06291972,0.0,0.7476166,0.0,0.118653804,0.0,0.0,0.0,0.07080989,0.0,0.0
4,4,0.0,0.0,0.06291972,0.0,0.7476166,0.0,0.118653804,0.0,0.0,0.0,0.07080989,0.0,0.0
4,4,0.0,0.0,0.06291972,0.0,0.7476166,0.0,0.118653804,0.0,0.0,0.0,0.07080989,0.0,0.0
4,4,0.0,0.0,0.06291972,0.0,0.7476166,0.0,0.118653804,0.0,0.0,0.0,0.07080989,0.0,0.0
4,4,0.0,0.0,0.06291972,0.0,0.7476166,0.0,0.118653804,0.0,0.0,0.0,0.07080989,0.0,0.0
4,4,0.0,0.0,0.06291972,0.0,0.7476166,0.0,0.118653804,0.0,0.0,0.0,0.07080989,0.0,0.0
4,4,0.0,0.0,0.06291972,0.0,0.7476166,0.0,0.118653804,0.0,0.0,0.0,0.07080989,0.0,0.0
4,4,0.0,0.0,0.06291972,0.0,0.7476166,0.0,0.118653804,0.0,0.0,0.0,0.07080989,0.0,0.0
4,4,0.0,0.0,0.06291972,0.0,0.7476166,0.0,0.118653804,0.0,0.0,0.0,0.07080989,0.0,0.0
4,4,0.0,0.0,0.06291972,0.0,0.6878854,0.0,0.17838494,0.0,0.0,0.0,0.070809886,0.0,0.0
4,4,0.0,0.0,0.06291972,0.0,0.6878854,0.0,0.17838494,0.0,0.0,0.0,0.070809886,0.0,0.0
4,4,0.0,0.0,0.06291972,0.0,0.6878854,0.0,0.17838494,0.0,0.0,0.0,0.070809886,0.0,0.0
4,4,0.0,0.0,0.06291972,0.0,0.6878854,0.0,0.17838494,0.0,0.0,0.0,0.070809886,0.0,0.0
4,4,0.0,0.0,0.06291972,0.0,0.6878854,0.0,0.17838494,0.0,0.0,0.0,0.070809886,0.0,0.0
4,4,0.0,0.0,0.06291972,0.0,0.6878854,0.0,0.17838494,0.0,0.0,0.0,0.070809886,0.0,0.0
4,4,0.0,0.0,0.06291972,0.0,0.6878854,0.0,0.17838494,0.0,0.0,0.0,0.070809886,0.0,0.0
4,4,0.0,0.0,0.06291972,0.0,0.6878854,0.0,0.17838494,0.0,0.0,0.0,0.070809886,0.0,0.0
4,4,0.0,0.0,0.06291972,0.0,0.6228218,0.06506362,0.17838496,0.0,0.0,0.0,0.07080989,0.0,0.0
4,4,0.0,0.0,0.06291972,0.0,0.6228218,0.06506362,0.17838496,0.0,0.0,0.0,0.07080989,0.0,0.0
4,4,0.0,0.0,0.06291972,0.0,0.6228218,0.06506362,0.17838496,0.0,0.0,0.0,0.07080989,0.0,0.0
4,4,0.0,0.0,0.06291972,0.0,0.6228218,0.06506362,0.17838496,0.0,0.0,0.0,0.07080989,0.0,0.0
4,4,0.0,0.0,0.06291972,0.0,0.6228218,0.06506362,0.17838496,0.0,0.0,0.0,0.07080989,0.0,0.0
4,4,0.0,0.0,0.06291972,0.0,0.6228218,0.06506362,0.17838496,0.0,0.0,0.0,0.07080989,0.0,0.0
4,4,0.0,0.0,0.06291972,0.0,0.6228218,0.06506362,0.17838496,0.0,0.0,0.0,0.07080989,0.0,0.0
4,4,0.0,0.0,0.06291972,0.0,0.6228218,0.06506362,0.17838496,0.0,0.0,0.0,0.07080989,0.0,0.0
4,4,0.0,0.0,0.06291973,0.0,0.5574639,0.065063626,0.24374291,0.0,0.0,0.0,0.07080989,0.0,0.0
4,4,0.0,0.0,0.06291973,0.0,0.5574639,0.065063626,0.24374291,0.0,0.0,0.0,0.07080989,0.0,0.0
4,4,0.0,0.0,0.06291973,0.0,0.5574639,0.065063626,0.24374291,0.0,0.0,0.0,0.07080989,0.0,0.0
4,4,0.0,0.0,0.06291973,0.0,0.5574639,0.065063626,0.24374291,0.0,0.0,0.0,0.07080989,0.0,0.0
4,4,0.0,0.0,0.06291973,0.0,0.5010343,0.065063626,0.3001725,0.0,0.0,0.0,0.07080989,0.0,0.0
4,4,0.0,0.0,0.06291973,0.0,0.5010343,0.065063626,0.3001725,0.0,0.0,0.0,0.07080989,0.0,0.0
4,4,0.0,0.0,0.06291973,0.0,0.5010343,0.065063626,0.3001725,0.0,0.0,0.0,0.07080989,0.0,0.0
4,4,0.0,0.0,0.06291973,0.0,0.5010343,0.065063626,0.3001725,0.0,0.0,0.0,0.07080989,0.0,0.0
4,4,0.0,0.0,0.06291973,0.0,0.5010343,0.065063626,0.3001725,0.0,0.0,0.0,0.07080989,0.0,0.0
4,4,0.0,0.0,0.06291972,0.0,0.44423726,0.06506362,0.3569695,0.0,0.0,0.0,0.07080989,0.0,0.0
4,4,0.0,0.0,0.06291972,0.0,0.44423726,0.06506362,0.3569695,0.0,0.0,0.0,0.07080989,0.0,0.0
4,4,0.0,0.0,0.06291972,0.0,0.44423726,0.06506362,0.3569695,0.0,0.0,0.0,0.07080989,0.0,0.0
4,4,0.0,0.0,0.06291972,0.0,0.44423726,0.06506362,0.3569695,0.0,0.0,0.0,0.07080989,0.0,0.0
4,4,0.0,0.0,0.06291972,0.0,0.44423726,0.06506362,0.3569695,0.0,0.0,0.0,0.07080989,0.0,0.0
4,4,0.0,0.0,0.06291972,0.0,0.44423726,0.06506362,0.3569695,0.0,0.0,0.0,0.07080989,0.0,0.0
4,4,0.0,0.0,0.06291972,0.0,0.44423726,0.06506362,0.3569695,0.0,0.0,0.0,0.07080989,0.0,0.0
4,4,0.0,0.0,0.06291972,0.0,0.44423726,0.06506362,0.3569695,0.0,0.0,0.0,0.07080989,0.0,0.0
4,4,0.0,0.0,0.06291972,0.0,0.44423726,0.06506362,0.3569695,0.0,0.0,0.0,0.07080989,0.0,0.0
4,4,0.0,0.0,0.06291972,0.0,0.44423726,0.06506362,0.3569695,0.0,0.0,0.0,0.07080989,0.0,0.0
4,4,0.0,0.0,0.06291972,0.0,0.44423726,0.06506362,0.3569695,0.0,0.0,0.0,0.07080989,0.0,0.0
4,4,0.0,0.0,0.06291972,0.0,0.44423726,0.06506362,0.3569695,0.0,0.0,0.0,0.07080989,0.0,0.0
4,4,0.0,0.0,0.06291972,0.0,0.44423726,0.06506362,0.3569695,0.0,0.0,0.0,0.07080989,0.0,0.0
4,4,0.0,0.0,0.06291972,0.0,0.44423726,0.06506362,0.3569695,0.0,0.0,0.0,0.07080989,0.0,0.0
4,4,0.0,0.0,0.06291972,0.0,0.44423726,0.06506362,0.3569695,0.0,0.0,0.0,0.07080989,0.0,0.0
4,4,0.0,0.0,0.06291972,0.0,0.44423726,0.06506362,0.3569695,0.0,0.0,0.0,0.07080989,0.0,0.0
4,4,0.0,0.0,0.06291972,0.0,0.44423726,0.06506362,0.3569695,0.0,0.0,0.0,0.07080989,0.0,0.0
4,4,0.0,0.0,0.06291972,0.0,0.44423726,0.06506362,0.3569695,0.0,0.0,0.0,0.07080989,0.0,0.0
4,4,0.0,0.0,0.06291972,0.0,0.44423726,0.06506362,0.3569695,0.0,0.0,0.0,0.07080989,0.0,0.0
4,4,0.0,0.0,0.06291972,0.0,0.44423726,0.06506362,0.3569695,0.0,0.0,0.0,0.07080989,0.0,0.0
4,4,0.0,0.0,0.06291972,0.0,0.44423726,0.06506362,0.3569695,0.0,0.0,0.0,0.07080989,0.0,0.0
4,4,0.0,0.0,0.06291972,0.0,0.44423726,0.06506362,0.3569695,0.0,0.0,0.0,0.07080989,0.0,0.0
4,4,0.0,0.0,0.06291972,0.0,0.44423726,0.06506362,0.3569695,0.0,0.0,0.0,0.07080989,0.0,0.0
4,4,0.0,0.0,0.06291972,0.0,0.44423726,0.06506362,0.3569695,0.0,0.0,0.0,0.07080989,0.0,0.0
4,4,0.0,0.0,0.06291972,0.0,0.44423726,0.06506362,0.3569695,0.0,0.0,0.0,0.07080989,0.0,0.0
4,4,0.0,0.0,0.06291972,0.0,0.44423726,0.06506362,0.3569695,0.0,0.0,0.0,0.07080989,0.0,0.0
4,4,0.0,0.0,0.06291972,0.0,0.44423726,0.06506362,0.3569695,0.0,0.0,0.0,0.07080989,0.0,0.0
4,4,0.0,0.0,0.06291972,0.0,0.44423726,0.06506362,0.3569695,0.0,0.0,0.0,0.07080989,0.0,0.0
4,4,0.0,0.0,0.06291972,0.0,0.44423726,0.06506362,0.3569695,0.0,0.0,0.0,0.07080989,0.0,0.0
4,4,0.0,0.0,0.06291972,0.0,0.44423726,0.06506362,0.3569695,0.0,0.0,0.0,0.07080989,0.0,0.0
4,4,0.0,0.0,0.06291972,0.0,0.44423726,0.06506362,0.3569695,0.0,0.0,0.0,0.07080989,0.0,0.0
4,4,0.0,0.0,0.06291972,0.0,0.44423726,0.06506362,0.3569695,0.0,0.0,0.0,0.07080989,0.0,0.0
4,4,0.0,0.0,0.06291972,0.0,0.44423726,0.06506362,0.3569695,0.0,0.0,0.0,0.07080989,0.0,0.0
4,4,0.0,0.0,0.06291972,0.0,0.44423726,0.06506362,0.3569695,0.0,0.0,0.0,0.07080989,0.0,0.0
4,4,0.0,0.0,0.06291972,0.0,0.44423726,0.06506362,0.3569695,0.0,0.0,0.0,0.07080989,0.0,0.0
4,4,0.0,0.0,0.06291972,0.0,0.44423726,0.06506362,0.3569695,0.0,0.0,0.0,0.07080989,0.0,0.0
4,4,0.0,0.0,0.06291972,0.0,0.44423726,0.06506362,0.3569695,0.0,0.0,0.0,0.07080989,0.0,0.0
4,4,0.0,0.0,0.06291972,0.0,0.44423726,0.06506362,0.3569695,0.0,0.0,0.0,0.07080989,0.0,0.0
4,4,0.0,0.0,0.06291972,0.0,0.44423726,0.06506362,0.3569695,0.0,0.0,0.0,0.07080989,0.0,0.0
4,4,0.0,0.0,0.06291972,0.0,0.44423726,0.06506362,0.3569695,0.0,0.0,0.0,0.07080989,0.0,0.0
4,4,0.0,0.0,0.06291972,0.0,0.44423726,0.06506362,0.3569695,0.0,0.0,0.0,0.07080989,0.0,0.0
4,4,0.0,0.0,0.06291972,0.0,0.44423726,0.06506362,0.3569695,0.0,0.0,0.0,0.07080989,0.0,0.0
4,4,0.0,0.0,0.06291972,0.0,0.44423726,0.06506362,0.3569695,0.0,0.0,0.0,0.07080989,0.0,0.0
4,4,0.0,0.0,0.06291972,0.0,0.44423726,0.06506362,0.3569695,0.0,0.0,0.0,0.07080989,0.0,0.0
4,4,0.0,0.0,0.06291972,0.0,0.44423726,0.06506362,0.3569695,0.0,0.0,0.0,0.07080989,0.0,0.0
4,4,0.0,0.0,0.06291972,0.0,0.44423726,0.06506362,0.3569695,0.0,0.0,0.0,0.07080989,0.0,0.0
4,4,0.0,0.0,0.06291972,0.0,0.44423726,0.06506362,0.3569695,0.0,0.0,0.0,0.07080989,0.0,0.0
4,4,0.0,0.0,0.06291972,0.0,0.44423726,0.06506362,0.3569695,0.0,0.0,0.0,0.07080989,0.0,0.0
4,4,0.0,0.0,0.06291972,0.0,0.44423726,0.06506362,0.3569695,0.0,0.0,0.0,0.07080989,0.0,0.0
4,4,0.0,0.0,0.06291972,0.0,0.44423726,0.06506362,0.3569695,0.0,0.0,0.0,0.07080989,0.0,0.0
4,4,0.0,0.0,0.06291972,0.0,0.44423726,0.06506362,0.3569695,0.0,0.0,0.0,0.07080989,0.0,0.0
4,4,0.0,0.0,0.06291972,0.0,0.37904727,0.1302536,0.35696948,0.0,0.0,0.0,0.070809886,0.0,0.0
4,4,0.0,0.0,0.06291972,0.0,0.37904727,0.1302536,0.35696948,0.0,0.0,0.0,0.070809886,0.0,0.0
4,4,0.0,0.0,0.06291972,0.0,0.37904727,0.1302536,0.35696948,0.0,0.0,0.0,0.070809886,0.0,0.0
4,4,0.0,0.0,0.06291972,0.0,0.37904727,0.1302536,0.35696948,0.0,0.0,0.0,0.070809886,0.0,0.0
4,4,0.0,0.0,0.06291972,0.0,0.37904727,0.1302536,0.35696948,0.0,0.0,0.0,0.070809886,0.0,0.0
4,4,0.0,0.0,0.06291972,0.0,0.37904727,0.1302536,0.35696948,0.0,0.0,0.0,0.070809886,0.0,0.0
4,4,0.0,0.0,0.06291972,0.0,0.37904727,0.1302536,0.35696948,0.0,0.0,0.0,0.070809886,0.0,0.0
4,4,0.0,0.0,0.06291972,0.0,0.37904727,0.1302536,0.35696948,0.0,0.0,0.0,0.070809886,0.0,0.0
4,6,0.0,0.0,0.06291972,0.0,0.32103965,0.13025361,0.41497713,0.0,0.0,0.0,0.07080989,0.0,0.0
4,6,0.0,0.0,0.06291972,0.0,0.32103965,0.13025361,0.41497713,0.0,0.0,0.0,0.07080989,0.0,0.0
4,6,0.0,0.0,0.06291972,0.0,0.32103965,0.13025361,0.41497713,0.0,0.0,0.0,0.07080989,0.0,0.0
4,6,0.0,0.0,0.06291972,0.0,0.32103965,0.13025361,0.41497713,0.0,0.0,0.0,0.07080989,0.0,0.0
4,6,0.0,0.0,0.06291972,0.0,0.32103965,0.13025361,0.41497713,0.0,0.0,0.0,0.07080989,0.0,0.0
4,6,0.0,0.0,0.06291972,0.0,0.32103965,0.13025361,0.41497713,0.0,0.0,0.0,0.07080989,0.0,0.0
4,6,0.0,0.0,0.06291972,0.0,0.32103965,0.13025361,0.41497713,0.0,0.0,0.0,0.07080989,0.0,0.0
4,6,0.0,0.0,0.06291972,0.0,0.32103965,0.13025361,0.41497713,0.0,0.0,0.0,0.07080989,0.0,0.0
4,6,0.0,0.0,0.06291972,0.0,0.32103965,0.13025361,0.41497713,0.0,0.0,0.0,0.07080989,0.0,0.0
4,6,0.0,0.0,0.06291972,0.0,0.32103965,0.13025361,0.41497713,0.0,0.0,0.0,0.07080989,0.0,0.0
4,6,0.0,0.0,0.06291972,0.0,0.32103965,0.13025361,0.41497713,0.0,0.0,0.0,0.07080989,0.0,0.0
4,6,0.0,0.0,0.06291972,0.0,0.32103965,0.13025361,0.41497713,0.0,0.0,0.0,0.07080989,0.0,0.0
4,6,0.0,0.0,0.06291972,0.0,0.32103965,0.13025361,0.41497713,0.0,0.0,0.0,0.07080989,0.0,0.0
4,6,0.0,0.0,0.06291972,0.0,0.32103965,0.13025361,0.41497713,0.0,0.0,0.0,0.07080989,0.0,0.0
4,6,0.0,0.0,0.06291972,0.0,0.32103965,0.13025361,0.41497713,0.0,0.0,0.0,0.07080989,0.0,0.0
4,6,0.0,0.0,0.06291972,0.0,0.32103965,0.13025361,0.41497713,0.0,0.0,0.0,0.07080989,0.0,0.0
4,6,0.0,0.0,0.06291972,0.0,0.32103965,0.13025361,0.41497713,0.0,0.0,0.0,0.07080989,0.0,0.0
4,6,0.0,0.0,0.06291972,0.0,0.32103965,0.13025361,0.41497713,0.0,0.0,0.0,0.07080989,0.0,0.0
4,6,0.0,0.0,0.06291972,0.0,0.32103965,0.13025361,0.41497713,0.0,0.0,0.0,0.07080989,0.0,0.0
4,6,0.0,0.0,0.06291972,0.0,0.32103965,0.13025361,0.41497713,0.0,0.0,0.0,0.07080989,0.0,0.0
4,6,0.0,0.0,0.06291972,0.0,0.32103965,0.13025361,0.41497713,0.0,0.0,0.0,0.07080989,0.0,0.0
4,6,0.0,0.0,0.06291972,0.0,0.32103965,0.13025361,0.41497713,0.0,0.0,0.0,0.07080989,0.0,0.0
4,6,0.0,0.0,0.06291972,0.0,0.32103965,0.13025361,0.41497713,0.0,0.0,0.0,0.07080989,0.0,0.0
4,6,0.0,0.0,0.06291972,0.0,0.32103965,0.13025361,0.41497713,0.0,0.0,0.0,0.07080989,0.0,0.0
4,6,0.0,0.0,0.06291972,0.0,0.32103965,0.13025361,0.41497713,0.0,0.0,0.0,0.07080989,0.0,0.0
4,6,0.0,0.0,0.06291972,0.0,0.32103965,0.13025361,0.41497713,0.0,0.0,0.0,0.07080989,0.0,0.0
4,6,0.0,0.0,0.06291972,0.0,0.32103965,0.13025361,0.41497713,0.0,0.0,0.0,0.07080989,0.0,0.0
4,6,0.0,0.0,0.06291972,0.0,0.32103965,0.13025361,0.41497713,0.0,0.0,0.0,0.07080989,0.0,0.0
4,6,0.0,0.0,0.06291972,0.0,0.32103965,0.13025361,0.41497713,0.0,0.0,0.0,0.07080989,0.0,0.0
4,6,0.0,0.0,0.06291972,0.0,0.32103965,0.13025361,0.41497713,0.0,0.0,0.0,0.07080989,0.0,0.0
4,6,0.0,0.0,0.06291972,0.0,0.32103965,0.13025361,0.41497713,0.0,0.0,0.0,0.07080989,0.0,0.0
4,6,0.0,0.0,0.06291972,0.0,0.32103965,0.13025361,0.41497713,0.0,0.0,0.0,0.07080989,0.0,0.0
4,6,0.0,0.0,0.06291972,0.0,0.39184955,0.1302536,0.4149771,0.0,0.0,0.0,0.0,0.0,0.0
4,6,0.0,0.0,0.06291972,0.0,0.39184955,0.1302536,0.4149771,0.0,0.0,0.0,0.0,0.0,0.0
4,6,0.0,0.0,0.06291972,0.0,0.39184955,0.1302536,0.4149771,0.0,0.0,0.0,0.0,0.0,0.0
4,6,0.0,0.0,0.06291972,0.0,0.39184955,0.1302536,0.4149771,0.0,0.0,0.0,0.0,0.0,0.0
4,6,0.0,0.0,0.06291972,0.0,0.39184955,0.1302536,0.4149771,0.0,0.0,0.0,0.0,0.0,0.0
4,6,0.0,0.0,0.06291972,0.0,0.39184955,0.1302536,0.4149771,0.0,0.0,0.0,0.0,0.0,0.0
4,6,0.0,0.0,0.06291972,0.0,0.39184955,0.1302536,0.4149771,0.0,0.0,0.0,0.0,0.0,0.0
4,6,0.0,0.0,0.06291972,0.0,0.39184955,0.1302536,0.4149771,0.0,0.0,0.0,0.0,0.0,0.0
4,6,0.0,0.0,0.06291972,0.0,0.39184955,0.1302536,0.4149771,0.0,0.0,0.0,0.0,0.0,0.0
4,6,0.0,0.0,0.06291972,0.0,0.39184955,0.1302536,0.4149771,0.0,0.0,0.0,0.0,0.0,0.0
4,6,0.0,0.0,0.06291972,0.0,0.39184955,0.1302536,0.4149771,0.0,0.0,0.0,0.0,0.0,0.0
4,6,0.0,0.0,0.06291972,0.0,0.39184955,0.1302536,0.4149771,0.0,0.0,0.0,0.0,0.0,0.0
4,6,0.0,0.0,0.06291972,0.0,0.39184955,0.1302536,0.4149771,0.0,0.0,0.0,0.0,0.0,0.0
4,6,0.0,0.0,0.06291972,0.0,0.39184955,0.1302536,0.4149771,0.0,0.0,0.0,0.0,0.0,0.0
4,6,0.0,0.0,0.06291972,0.0,0.39184955,0.1302536,0.4149771,0.0,0.0,0.0,0.0,0.0,0.0
4,6,0.0,0.0,0.06291972,0.0,0.39184955,0.1302536,0.4149771,0.0,0.0,0.0,0.0,0.0,0.0
4,6,0.0,0.0,0.06291972,0.0,0.39184955,0.1302536,0.4149771,0.0,0.0,0.0,0.0,0.0,0.0
4,6,0.0,0.0,0.06291972,0.0,0.39184955,0.1302536,0.4149771,0.0,0.0,0.0,0.0,0.0,0.0
4,6,0.0,0.0,0.06291972,0.0,0.39184955,0.1302536,0.4149771,0.0,0.0,0.0,0.0,0.0,0.0
4,6,0.0,0.0,0.06291972,0.0,0.39184955,0.1302536,0.4149771,0.0,0.0,0.0,0.0,0.0,0.0
4,6,0.0,0.0,0.06291972,0.0,0.39184955,0.1302536,0.4149771,0.0,0.0,0.0,0.0,0.0,0.0
4,6,0.0,0.0,0.06291972,0.0,0.39184955,0.1302536,0.4149771,0.0,0.0,0.0,0.0,0.0,0.0
4,6,0.0,0.0,0.06291972,0.0,0.39184955,0.1302536,0.4149771,0.0,0.0,0.0,0.0,0.0,0.0
4,6,0.0,0.0,0.06291972,0.0,0.39184955,0.1302536,0.4149771,0.0,0.0,0.0,0.0,0.0,0.0
4,6,0.0,0.0,0.06291972,0.0,0.39184955,0.1302536,0.4149771,0.0,0.0,0.0,0.0,0.0,0.0
4,6,0.0,0.0,0.06291972,0.0,0.39184955,0.1302536,0.4149771,0.0,0.0,0.0,0.0,0.0,0.0
4,6,0.0,0.0,0.06291972,0.0,0.39184955,0.1302536,0.4149771,0.0,0.0,0.0,0.0,0.0,0.0
4,6,0.0,0.0,0.06291972,0.0,0.39184955,0.1302536,0.4149771,0.0,0.0,0.0,0.0,0.0,0.0
4,6,0.0,0.0,0.06291972,0.0,0.39184955,0.1302536,0.4149771,0.0,0.0,0.0,0.0,0.0,0.0
4,6,0.0,0.0,0.06291972,0.0,0.39184955,0.1302536,0.4149771,0.0,0.0,0.0,0.0,0.0,0.0
4,6,0.0,0.0,0.06291972,0.0,0.39184955,0.1302536,0.4149771,0.0,0.0,0.0,0.0,0.0,0.0
4,6,0.0,0.0,0.06291972,0.0,0.39184955,0.1302536,0.4149771,0.0,0.0,0.0,0.0,0.0,0.0
4,6,0.0,0.0,0.06291972,0.0,0.39184955,0.1302536,0.4149771,0.0,0.0,0.0,0.0,0.0,0.0
4,6,0.0,0.0,0.06291972,0.0,0.39184955,0.1302536,0.4149771,0.0,0.0,0.0,0.0,0.0,0.0
4,6,0.0,0.0,0.06291972,0.0,0.39184955,0.1302536,0.4149771,0.0,0.0,0.0,0.0,0.0,0.0
4,6,0.0,0.0,0.06291972,0.0,0.39184955,0.1302536,0.4149771,0.0,0.0,0.0,0.0,0.0,0.0
4,6,0.0,0.0,0.06291972,0.0,0.39184955,0.1302536,0.4149771,0.0,0.0,0.0,0.0,0.0,0.0
4,6,0.0,0.0,0.06291972,0.0,0.39184955,0.1302536,0.4149771,0.0,0.0,0.0,0.0,0.0,0.0
4,6,0.0,0.0,0.06291972,0.0,0.39184955,0.1302536,0.4149771,0.0,0.0,0.0,0.0,0.0,0.0
4,6,0.0,0.0,0.06291972,0.0,0.39184955,0.1302536,0.4149771,0.0,0.0,0.0,0.0,0.0,0.0
4,6,0.0,0.0,0.06291972,0.0,0.39184955,0.1302536,0.4149771,0.0,0.0,0.0,0.0,0.0,0.0
4,6,0.0,0.0,0.06291972,0.0,0.39184955,0.1302536,0.4149771,0.0,0.0,0.0,0.0,0.0,0.0
4,6,0.0,0.0,0.06291972,0.0,0.39184955,0.1302536,0.4149771,0.0,0.0,0.0,0.0,0.0,0.0
4,6,0.0,0.0,0.06291972,0.0,0.39184955,0.1302536,0.4149771,0.0,0.0,0.0,0.0,0.0,0.0
4,6,0.0,0.0,0.06291972,0.0,0.39184955,0.1302536,0.4149771,0.0,0.0,0.0,0.0,0.0,0.0
4,6,0.0,0.0,0.06291972,0.0,0.39184955,0.1302536,0.4149771,0.0,0.0,0.0,0.0,0.0,0.0
4,6,0.0,0.0,0.06291972,0.0,0.39184955,0.1302536,0.4149771,0.0,0.0,0.0,0.0,0.0,0.0
4,6,0.0,0.0,0.06291972,0.0,0.39184955,0.1302536,0.4149771,0.0,0.0,0.0,0.0,0.0,0.0
4,6,0.0,0.0,0.06291972,0.0,0.39184955,0.1302536,0.4149771,0.0,0.0,0.0,0.0,0.0,0.0
4,6,0.0,0.0,0.06291972,0.0,0.39184955,0.1302536,0.4149771,0.0,0.0,0.0,0.0,0.0,0.0
4,6,0.0,0.0,0.06291972,0.0,0.39184955,0.1302536,0.4149771,0.0,0.0,0.0,0.0,0.0,0.0
4,6,0.0,0.0,0.06291972,0.0,0.39184955,0.1302536,0.4149771,0.0,0.0,0.0,0.0,0.0,0.0
4,6,0.0,0.0,0.06291972,0.0,0.39184955,0.1302536,0.4149771,0.0,0.0,0.0,0.0,0.0,0.0
4,6,0.0,0.0,0.06291972,0.0,0.39184955,0.1302536,0.4149771,0.0,0.0,0.0,0.0,0.0,0.0
4,6,0.0,0.0,0.06291972,0.0,0.39184955,0.1302536,0.4149771,0.0,0.0,0.0,0.0,0.0,0.0
4,6,0.0,0.0,0.06291972,0.0,0.39184955,0.1302536,0.4149771,0.0,0.0,0.0,0.0,0.0,0.0
4,6,0.0,0.0,0.06291972,0.0,0.39184955,0.1302536,0.4149771,0.0,0.0,0.0,0.0,0.0,0.0
4,6,0.0,0.0,0.06291972,0.0,0.39184955,0.1302536,0.4149771,0.0,0.0,0.0,0.0,0.0,0.0
4,6,0.0,0.0,0.06291972,0.0,0.39184955,0.1302536,0.4149771,0.0,0.0,0.0,0.0,0.0,0.0
4,6,0.0,0.0,0.06291972,0.0,0.39184955,0.1302536,0.4149771,0.0,0.0,0.0,0.0,0.0,0.0
4,6,0.0,0.0,0.06291972,0.0,0.39184955,0.1302536,0.4149771,0.0,0.0,0.0,0.0,0.0,0.0
4,6,0.0,0.0,0.06291972,0.0,0.39184955,0.1302536,0.4149771,0.0,0.0,0.0,0.0,0.0,0.0
4,6,0.0,0.0,0.06291972,0.0,0.39184955,0.1302536,0.4149771,0.0,0.0,0.0,0.0,0.0,0.0
4,6,0.0,0.0,0.06291972,0.0,0.39184955,0.1302536,0.4149771,0.0,0.0,0.0,0.0,0.0,0.0
4,6,0.0,0.0,0.06291972,0.0,0.39184955,0.1302536,0.4149771,0.0,0.0,0.0,0.0,0.0,0.0
4,6,0.0,0.0,0.06291972,0.0,0.39184955,0.1302536,0.4149771,0.0,0.0,0.0,0.0,0.0,0.0
4,6,0.0,0.0,0.06291972,0.0,0.39184955,0.1302536,0.4149771,0.0,0.0,0.0,0.0,0.0,0.0
4,6,0.0,0.0,0.06291972,0.0,0.39184955,0.1302536,0.4149771,0.0,0.0,0.0,0.0,0.0,0.0
4,6,0.0,0.0,0.06291972,0.0,0.39184955,0.1302536,0.4149771,0.0,0.0,0.0,0.0,0.0,0.0
4,6,0.0,0.0,0.06291972,0.0,0.39184955,0.1302536,0.4149771,0.0,0.0,0.0,0.0,0.0,0.0
4,4,0.0,0.0,0.06291972,0.0,0.39184955,0.19561155,0.34961915,0.0,0.0,0.0,0.0,0.0,0.0
4,4,0.0,0.0,0.06291972,0.0,0.39184955,0.19561155,0.34961915,0.0,0.0,0.0,0.0,0.0,0.0
4,4,0.0,0.0,0.06291972,0.0,0.39184955,0.19561155,0.34961915,0.0,0.0,0.0,0.0,0.0,0.0
4,4,0.0,0.0,0.06291972,0.0,0.39184955,0.19561155,0.34961915,0.0,0.0,0.0,0.0,0.0,0.0
4,4,0.0,0.0,0.06291972,0.0,0.39184955,0.19561155,0.34961915,0.0,0.0,0.0,0.0,0.0,0.0
4,4,0.0,0.0,0.06291972,0.0,0.39184955,0.19561155,0.34961915,0.0,0.0,0.0,0.0,0.0,0.0
4,4,0.0,0.0,0.06291972,0.0,0.39184955,0.19561155,0.34961915,0.0,0.0,0.0,0.0,0.0,0.0
4,4,0.0,0.0,0.06291972,0.0,0.39184955,0.19561155,0.34961915,0.0,0.0,0.0,0.0,0.0,0.0
4,4,0.0,0.0,0.06291972,0.0,0.39184955,0.19561155,0.34961915,0.0,0.0,0.0,0.0,0.0,0.0
4,4,0.0,0.0,0.06291972,0.0,0.39184955,0.19561155,0.34961915,0.0,0.0,0.0,0.0,0.0,0.0
4,4,0.0,0.0,0.06291972,0.0,0.39184955,0.19561155,0.34961915,0.0,0.0,0.0,0.0,0.0,0.0
4,4,0.0,0.0,0.06291972,0.0,0.39184955,0.19561155,0.34961915,0.0,0.0,0.0,0.0,0.0,0.0
4,4,0.0,0.0,0.06291972,0.0,0.39184955,0.19561155,0.34961915,0.0,0.0,0.0,0.0,0.0,0.0
4,4,0.0,0.0,0.06291972,0.0,0.39184955,0.19561155,0.34961915,0.0,0.0,0.0,0.0,0.0,0.0
4,4,0.0,0.0,0.06291972,0.0,0.39184955,0.19561155,0.34961915,0.0,0.0,0.0,0.0,0.0,0.0
4,4,0.0,0.0,0.06291972,0.0,0.39184955,0.19561155,0.34961915,0.0,0.0,0.0,0.0,0.0,0.0
4,4,0.0,0.0,0.06291972,0.0,0.39184955,0.19561155,0.34961915,0.0,0.0,0.0,0.0,0.0,0.0
4,4,0.0,0.0,0.06291972,0.0,0.39184955,0.19561155,0.34961915,0.0,0.0,0.0,0.0,0.0,0.0
4,4,0.0,0.0,0.06291972,0.0,0.39184955,0.19561155,0.34961915,0.0,0.0,0.0,0.0,0.0,0.0
4,4,0.0,0.0,0.06291972,0.0,0.39184955,0.19561155,0.34961915,0.0,0.0,0.0,0.0,0.0,0.0
4,4,0.0,0.0,0.06291972,0.0,0.39184955,0.19561155,0.34961915,0.0,0.0,0.0,0.0,0.0,0.0
4,4,0.0,0.0,0.06291972,0.0,0.39184955,0.19561155,0.34961915,0.0,0.0,0.0,0.0,0.0,0.0
4,4,0.0,0.0,0.06291972,0.0,0.39184955,0.19561155,0.34961915,0.0,0.0,0.0,0.0,0.0,0.0
4,4,0.0,0.0,0.06291972,0.0,0.39184955,0.19561155,0.34961915,0.0,0.0,0.0,0.0,0.0,0.0
4,4,0.0,0.0,0.06291972,0.0,0.39184955,0.19561155,0.34961915,0.0,0.0,0.0,0.0,0.0,0.0
4,4,0.0,0.0,0.06291972,0.0,0.39184955,0.19561155,0.34961915,0.0,0.0,0.0,0.0,0.0,0.0
4,4,0.0,0.0,0.06291972,0.0,0.39184955,0.19561155,0.34961915,0.0,0.0,0.0,0.0,0.0,0.0
4,4,0.0,0.0,0.06291972,0.0,0.39184955,0.19561155,0.34961915,0.0,0.0,0.0,0.0,0.0,0.0
4,4,0.0,0.0,0.06291972,0.0,0.39184955,0.19561155,0.34961915,0.0,0.0,0.0,0.0,0.0,0.0
4,4,0.0,0.0,0.06291972,0.0,0.39184955,0.19561155,0.34961915,0.0,0.0,0.0,0.0,0.0,0.0
4,4,0.0,0.0,0.06291972,0.0,0.39184955,0.19561155,0.34961915,0.0,0.0,0.0,0.0,0.0,0.0
4,4,0.0,0.0,0.06291972,0.0,0.39184955,0.19561155,0.34961915,0.0,0.0,0.0,0.0,0.0,0.0
4,4,0.0,0.0,0.06291972,0.0,0.39184955,0.19561155,0.34961915,0.0,0.0,0.0,0.0,0.0,0.0
4,4,0.0,0.0,0.06291972,0.0,0.39184955,0.19561155,0.34961915,0.0,0.0,0.0,0.0,0.0,0.0
4,4,0.0,0.0,0.06291972,0.0,0.39184955,0.19561155,0.34961915,0.0,0.0,0.0,0.0,0.0,0.0
4,4,0.0,0.0,0.06291972,0.0,0.39184955,0.19561155,0.34961915,0.0,0.0,0.0,0.0,0.0,0.0
4,4,0.0,0.0,0.06291972,0.0,0.39184955,0.19561155,0.34961915,0.0,0.0,0.0,0.0,0.0,0.0
4,4,0.0,0.0,0.06291972,0.0,0.39184955,0.19561155,0.34961915,0.0,0.0,0.0,0.0,0.0,0.0
4,4,0.0,0.0,0.06291972,0.0,0.39184955,0.19561155,0.34961915,0.0,0.0,0.0,0.0,0.0,0.0
4,4,0.0,0.0,0.06291972,0.0,0.39184955,0.19561155,0.34961915,0.0,0.0,0.0,0.0,0.0,0.0
4,4,0.0,0.0,0.06291972,0.0,0.39184955,0.19561155,0.34961915,0.0,0.0,0.0,0.0,0.0,0.0
4,4,0.0,0.0,0.06291972,0.0,0.39184955,0.19561155,0.34961915,0.0,0.0,0.0,0.0,0.0,0.0
4,4,0.0,0.0,0.06291972,0.0,0.39184955,0.19561155,0.34961915,0.0,0.0,0.0,0.0,0.0,0.0
4,4,0.0,0.0,0.06291972,0.0,0.39184955,0.19561155,0.34961915,0.0,0.0,0.0,0.0,0.0,0.0
4,4,0.0,0.0,0.06291972,0.0,0.39184955,0.19561155,0.34961915,0.0,0.0,0.0,0.0,0.0,0.0
4,4,0.0,0.0,0.06291972,0.0,0.39184955,0.19561155,0.34961915,0.0,0.0,0.0,0.0,0.0,0.0
4,4,0.0,0.0,0.06291972,0.0,0.39184955,0.19561155,0.34961915,0.0,0.0,0.0,0.0,0.0,0.0
4,4,0.0,0.0,0.06291972,0.0,0.39184955,0.19561155,0.34961915,0.0,0.0,0.0,0.0,0.0,0.0
4,4,0.0,0.0,0.06291972,0.0,0.39184955,0.19561155,0.34961915,0.0,0.0,0.0,0.0,0.0,0.0
4,4,0.0,0.0,0.06291972,0.0,0.39184955,0.19561155,0.34961915,0.0,0.0,0.0,0.0,0.0,0.0
4,4,0.0,0.0,0.06291972,0.0,0.39184955,0.19561155,0.34961915,0.0,0.0,0.0,0.0,0.0,0.0
4,4,0.0,0.0,0.06291972,0.0,0.39184955,0.19561155,0.34961915,0.0,0.0,0.0,0.0,0.0,0.0
4,4,0.0,0.0,0.06291972,0.0,0.39184955,0.19561155,0.34961915,0.0,0.0,0.0,0.0,0.0,0.0
4,4,0.0,0.0,0.06291972,0.0,0.39184955,0.19561155,0.34961915,0.0,0.0,0.0,0.0,0.0,0.0
4,4,0.0,0.0,0.06291972,0.0,0.39184955,0.19561155,0.34961915,0.0,0.0,0.0,0.0,0.0,0.0
4,4,0.0,0.0,0.06291972,0.0,0.39184955,0.19561155,0.34961915,0.0,0.0,0.0,0.0,0.0,0.0
4,4,0.0,0.0,0.06291972,0.0,0.39184955,0.19561155,0.34961915,0.0,0.0,0.0,0.0,0.0,0.0
4,4,0.0,0.0,0.06291972,0.0,0.39184955,0.19561155,0.34961915,0.0,0.0,0.0,0.0,0.0,0.0
4,4,0.0,0.070809886,0.06291972,0.0,0.5541307,0.19561155,0.116528146,0.0,0.0,0.0,0.0,0.0,0.0
4,4,0.0,0.070809886,0.06291972,0.0,0.5541307,0.19561155,0.116528146,0.0,0.0,0.0,0.0,0.0,0.0
4,4,0.0,0.070809886,0.06291972,0.0,0.5541307,0.19561155,0.116528146,0.0,0.0,0.0,0.0,0.0,0.0
4,4,0.0,0.070809886,0.06291972,0.0,0.5541307,0.19561155,0.116528146,0.0,0.0,0.0,0.0,0.0,0.0
4,4,0.0,0.070809886,0.06291972,0.0,0.5541307,0.19561155,0.116528146,0.0,0.0,0.0,0.0,0.0,0.0
4,4,0.0,0.070809886,0.06291972,0.0,0.5541307,0.19561155,0.116528146,0.0,0.0,0.0,0.0,0.0,0.0
4,4,0.0,0.07080989,0.12265087,0.0,0.5541307,0.19561157,0.056797005,0.0,0.0,0.0,0.0,0.0,0.0
4,4,0.0,0.07080989,0.12265087,0.0,0.5541307,0.19561157,0.056797005,0.0,0.0,0.0,0.0,0.0,0.0
4,4,0.0,0.070809886,0.05973114,0.0,0.61705035,0.19561155,0.056797,0.0,0.0,0.0,0.0,0.0,0.0
4,4,0.0,0.070809886,0.05973114,0.0,0.61705035,0.19561155,0.056797,0.0,0.0,0.0,0.0,0.0,0.0
4,4,0.0,0.070809886,0.05973114,0.0,0.61705035,0.19561155,0.056797,0.0,0.0,0.0,0.0,0.0,0.0
4,4,0.0,0.070809886,0.05973114,0.0,0.61705035,0.19561155,0.056797,0.0,0.0,0.0,0.0,0.0,0.0
4,4,0.0,0.070809886,0.05973114,0.0,0.61705035,0.19561155,0.056797,0.0,0.0,0.0,0.0,0.0,0.0
4,4,0.0,0.070809886,0.05973114,0.0,0.61705035,0.19561155,0.056797,0.0,0.0,0.0,0.0,0.0,0.0
4,4,0.0,0.070809886,0.05973114,0.0,0.61705035,0.19561155,0.056797,0.0,0.0,0.0,0.0,0.0,0.0
4,4,0.0,0.070809886,0.05973114,0.0,0.61705035,0.19561155,0.056797,0.0,0.0,0.0,0.0,0.0,0.0
4,4,0.0,0.070809886,0.05973114,0.0,0.61705035,0.19561155,0.056797,0.0,0.0,0.0,0.0,0.0,0.0
4,4,0.0,0.070809886,0.05973114,0.0,0.61705035,0.19561155,0.056797,0.0,0.0,0.0,0.0,0.0,0.0
4,4,0.0,0.070809886,0.05973114,0.0,0.61705035,0.19561155,0.056797,0.0,0.0,0.0,0.0,0.0,0.0
4,4,0.0,0.070809886,0.05973114,0.0,0.61705035,0.19561155,0.056797,0.0,0.0,0.0,0.0,0.0,0.0
4,4,0.0,0.070809886,0.05973114,0.0,0.61705035,0.19561155,0.056797,0.0,0.0,0.0,0.0,0.0,0.0
4,4,0.0,0.070809886,0.05973114,0.0,0.61705035,0.19561155,0.056797,0.0,0.0,0.0,0.0,0.0,0.0
4,4,0.0,0.070809886,0.05973114,0.0,0.61705035,0.19561155,0.056797,0.0,0.0,0.0,0.0,0.0,0.0
4,4,0.0,0.070809886,0.05973114,0.0,0.61705035,0.19561155,0.056797,0.0,0.0,0.0,0.0,0.0,0.0
4,4,0.0,0.070809886,0.05973114,0.0,0.61705035,0.19561155,0.056797,0.0,0.0,0.0,0.0,0.0,0.0
4,4,0.0,0.070809886,0.05973114,0.0,0.61705035,0.19561155,0.056797,0.0,0.0,0.0,0.0,0.0,0.0
4,4,0.0,0.070809886,0.05973114,0.0,0.61705035,0.19561155,0.056797,0.0,0.0,0.0,0.0,0.0,0.0
4,4,0.0,0.070809886,0.05973114,0.0,0.61705035,0.19561155,0.056797,0.0,0.0,0.0,0.0,0.0,0.0
4,4,0.0,0.070809886,0.05973114,0.0,0.61705035,0.19561155,0.056797,0.0,0.0,0.0,0.0,0.0,0.0
4,4,0.0,0.070809886,0.05973114,0.0,0.61705035,0.19561155,0.056797,0.0,0.0,0.0,0.0,0.0,0.0
4,4,0.0,0.070809886,0.05973114,0.0,0.61705035,0.19561155,0.056797,0.0,0.0,0.0,0.0,0.0,0.0
4,4,0.0,0.070809886,0.05973114,0.0,0.61705035,0.19561155,0.056797,0.0,0.0,0.0,0.0,0.0,0.0
4,4,0.0,0.070809886,0.05973114,0.0,0.61705035,0.19561155,0.056797,0.0,0.0,0.0,0.0,0.0,0.0
4,4,0.0,0.070809886,0.05973114,0.0,0.61705035,0.19561155,0.056797,0.0,0.0,0.0,0.0,0.0,0.0
4,4,0.0,0.070809886,0.05973114,0.0,0.61705035,0.19561155,0.056797,0.0,0.0,0.0,0.0,0.0,0.0
4,4,0.0,0.070809886,0.05973114,0.0,0.61705035,0.19561155,0.056797,0.0,0.0,0.0,0.0,0.0,0.0
4,4,0.0,0.070809886,0.059731137,0.0,0.54946685,0.26319504,0.056796998,0.0,0.0,0.0,0.0,0.0,0.0
4,4,0.0,0.070809886,0.059731137,0.0,0.54946685,0.26319504,0.056796998,0.0,0.0,0.0,0.0,0.0,0.0
4,4,0.0,0.070809886,0.059731137,0.0,0.54946685,0.26319504,0.056796998,0.0,0.0,0.0,0.0,0.0,0.0
4,4,0.0,0.070809886,0.059731137,0.0,0.54946685,0.26319504,0.056796998,0.0,0.0,0.0,0.0,0.0,0.0
4,4,0.0,0.070809886,0.05973114,0.0,0.6146569,0.19800505,0.056797,0.0,0.0,0.0,0.0,0.0,0.0
4,4,0.0,0.070809886,0.05973114,0.0,0.6146569,0.19800505,0.056797,0.0,0.0,0.0,0.0,0.0,0.0
4,4,0.0,0.070809886,0.05973114,0.0,0.6146569,0.19800505,0.056797,0.0,0.0,0.0,0.0,0.0,0.0
4,4,0.0,0.070809886,0.05973114,0.0,0.6146569,0.19800505,0.056797,0.0,0.0,0.0,0.0,0.0,0.0
4,4,0.0,0.070809886,0.05973114,0.0,0.6146569,0.19800505,0.056797,0.0,0.0,0.0,0.0,0.0,0.0
4,4,0.0,0.070809886,0.05973114,0.0,0.6146569,0.19800505,0.056797,0.0,0.0,0.0,0.0,0.0,0.0
4,4,0.0,0.070809886,0.05973114,0.0,0.6146569,0.19800505,0.056797,0.0,0.0,0.0,0.0,0.0,0.0
4,4,0.0,0.070809886,0.05973114,0.0,0.6146569,0.19800505,0.056797,0.0,0.0,0.0,0.0,0.0,0.0
4,4,0.0,0.070809886,0.05973114,0.0,0.6146569,0.19800505,0.056797,0.0,0.0,0.0,0.0,0.0,0.0
4,4,0.0,0.070809886,0.05973114,0.0,0.6146569,0.19800505,0.056797,0.0,0.0,0.0,0.0,0.0,0.0
4,4,0.0,0.07080989,0.0,0.0,0.67438805,0.19800507,0.056797005,0.0,0.0,0.0,0.0,0.0,0.0
4,4,0.0,0.07080989,0.0,0.0,0.67438805,0.19800507,0.056797005,0.0,0.0,0.0,0.0,0.0,0.0
4,4,0.0,0.07080989,0.0,0.0,0.67438805,0.19800507,0.056797005,0.0,0.0,0.0,0.0,0.0,0.0
4,4,0.0,0.07080989,0.0,0.0,0.67438805,0.19800507,0.056797005,0.0,0.0,0.0,0.0,0.0,0.0
4,4,0.0,0.07080989,0.0,0.0,0.67438805,0.19800507,0.056797005,0.0,0.0,0.0,0.0,0.0,0.0
4,4,0.0,0.07080989,0.0,0.0,0.67438805,0.19800507,0.056797005,0.0,0.0,0.0,0.0,0.0,0.0
4,4,0.0,0.07080989,0.0,0.0,0.67438805,0.19800507,0.056797005,0.0,0.0,0.0,0.0,0.0,0.0
4,4,0.0,0.07080989,0.0,0.0,0.67438805,0.19800507,0.056797005,0.0,0.0,0.0,0.0,0.0,0.0
4,4,0.0,0.07080989,0.0,0.0,0.67438805,0.19800507,0.056797005,0.0,0.0,0.0,0.0,0.0,0.0
4,4,0.0,0.07080989,0.0,0.0,0.67438805,0.19800507,0.056797005,0.0,0.0,0.0,0.0,0.0,0.0
4,4,0.0,0.07080989,0.0,0.0,0.67438805,0.19800507,0.056797005,0.0,0.0,0.0,0.0,0.0,0.0
4,4,0.0,0.07080989,0.0,0.0,0.67438805,0.19800507,0.056797005,0.0,0.0,0.0,0.0,0.0,0.0
4,4,0.0,0.07080989,0.0,0.0,0.67438805,0.19800507,0.056797005,0.0,0.0,0.0,0.0,0.0,0.0
4,4,0.0,0.07080989,0.0,0.0,0.67438805,0.19800507,0.056797005,0.0,0.0,0.0,0.0,0.0,0.0
4,4,0.0,0.07080989,0.0,0.0,0.67438805,0.19800507,0.056797005,0.0,0.0,0.0,0.0,0.0,0.0
4,4,0.0,0.07080989,0.0,0.0,0.67438805,0.19800507,0.056797005,0.0,0.0,0.0,0.0,0.0,0.0
4,4,0.0,0.07080989,0.0,0.0,0.67438805,0.19800507,0.056797005,0.0,0.0,0.0,0.0,0.0,0.0
4,4,0.0,0.07080989,0.0,0.0,0.67438805,0.19800507,0.056797005,0.0,0.0,0.0,0.0,0.0,0.0
4,4,0.0,0.07080989,0.0,0.0,0.67438805,0.19800507,0.056797005,0.0,0.0,0.0,0.0,0.0,0.0
4,4,0.0,0.07080989,0.0,0.0,0.67438805,0.19800507,0.056797005,0.0,0.0,0.0,0.0,0.0,0.0
4,4,0.0,0.07080989,0.0,0.0,0.67438805,0.19800507,0.056797005,0.0,0.0,0.0,0.0,0.0,0.0
4,4,0.0,0.07080989,0.0,0.0,0.67438805,0.19800507,0.056797005,0.0,0.0,0.0,0.0,0.0,0.0
4,4,0.0,0.070809886,0.0,0.0,0.7394517,0.13294144,0.056797,0.0,0.0,0.0,0.0,0.0,0.0
4,4,0.0,0.070809886,0.0,0.0,0.7394517,0.13294144,0.056797,0.0,0.0,0.0,0.0,0.0,0.0
4,4,0.0,0.070809886,0.0,0.0,0.7394517,0.13294144,0.056797,0.0,0.0,0.0,0.0,0.0,0.0
4,4,0.0,0.070809886,0.0,0.0,0.7394517,0.13294144,0.056797,0.0,0.0,0.0,0.0,0.0,0.0
4,4,0.0,0.070809886,0.0,0.0,0.7394517,0.13294144,0.056797,0.0,0.0,0.0,0.0,0.0,0.0
4,4,0.0,0.070809886,0.0,0.0,0.7394517,0.13294144,0.056797,0.0,0.0,0.0,0.0,0.0,0.0
4,4,0.0,0.070809886,0.0,0.0,0.7394517,0.13294144,0.056797,0.0,0.0,0.0,0.0,0.0,0.0
4,4,0.0,0.070809886,0.0,0.0,0.7394517,0.13294144,0.056797,0.0,0.0,0.0,0.0,0.0,0.0
4,4,0.0,0.1325624,0.0,0.0,0.6776992,0.13294144,0.056797,0.0,0.0,0.0,0.0,0.0,0.0
4,4,0.0,0.1325624,0.0,0.0,0.6776992,0.13294144,0.056797,0.0,0.0,0.0,0.0,0.0,0.0
4,4,0.0,0.1325624,0.0,0.0,0.6776992,0.13294144,0.056797,0.0,0.0,0.0,0.0,0.0,0.0
4,4,0.0,0.1325624,0.0,0.0,0.6776992,0.13294144,0.056797,0.0,0.0,0.0,0.0,0.0,0.0
4,4,0.0,0.1325624,0.0,0.0,0.6776992,0.13294144,0.056797,0.0,0.0,0.0,0.0,0.0,0.0
4,4,0.0,0.1325624,0.0,0.0,0.6776992,0.13294144,0.056797,0.0,0.0,0.0,0.0,0.0,0.0
4,4,0.0,0.1325624,0.0,0.0,0.6776992,0.13294144,0.056797,0.0,0.0,0.0,0.0,0.0,0.0
4,4,0.0,0.1325624,0.0,0.0,0.6776992,0.13294144,0.056797,0.0,0.0,0.0,0.0,0.0,0.0
4,4,0.0,0.1325624,0.0,0.0,0.6776992,0.13294144,0.056797,0.0,0.0,0.0,0.0,0.0,0.0
4,4,0.0,0.1325624,0.0,0.0,0.6776992,0.13294144,0.056797,0.0,0.0,0.0,0.0,0.0,0.0
4,4,0.0,0.1325624,0.0,0.0,0.6776992,0.13294144,0.056797,0.0,0.0,0.0,0.0,0.0,0.0
4,4,0.0,0.1325624,0.0,0.0,0.6776992,0.13294144,0.056797,0.0,0.0,0.0,0.0,0.0,0.0
4,4,0.0,0.1325624,0.0,0.0,0.6776992,0.13294144,0.056797,0.0,0.0,0.0,0.0,0.0,0.0
4,4,0.0,0.1325624,0.0,0.0,0.6776992,0.13294144,0.056797,0.0,0.0,0.0,0.0,0.0,0.0
4,4,0.0,0.1325624,0.0,0.0,0.6776992,0.13294144,0.056797,0.0,0.0,0.0,0.0,0.0,0.0
4,4,0.0,0.1325624,0.0,0.0,0.6776992,0.13294144,0.056797,0.0,0.0,0.0,0.0,0.0,0.0
4,4,0.0,0.1325624,0.0,0.0,0.6776992,0.13294144,0.056797,0.0,0.0,0.0,0.0,0.0,0.0
4,4,0.0,0.1325624,0.0,0.0,0.6776992,0.13294144,0.056797,0.0,0.0,0.0,0.0,0.0,0.0
4,4,0.0,0.1325624,0.0,0.0,0.6776992,0.13294144,0.056797,0.0,0.0,0.0,0.0,0.0,0.0
4,4,0.0,0.1325624,0.0,0.0,0.6776992,0.13294144,0.056797,0.0,0.0,0.0,0.0,0.0,0.0
4,4,0.0,0.1325624,0.0,0.0,0.6776992,0.13294144,0.056797,0.0,0.0,0.0,0.0,0.0,0.0
4,4,0.0,0.1325624,0.0,0.0,0.6776992,0.13294144,0.056797,0.0,0.0,0.0,0.0,0.0,0.0
4,4,0.0,0.1325624,0.0,0.0,0.6776992,0.13294144,0.056797,0.0,0.0,0.0,0.0,0.0,0.0
4,4,0.0,0.1325624,0.0,0.0,0.6776992,0.13294144,0.056797,0.0,0.0,0.0,0.0,0.0,0.0
4,4,0.0,0.1325624,0.0,0.0,0.6776992,0.13294144,0.056797,0.0,0.0,0.0,0.0,0.0,0.0
4,4,0.0,0.1325624,0.0,0.0,0.6776992,0.13294144,0.056797,0.0,0.0,0.0,0.0,0.0,0.0
4,4,0.0,0.1325624,0.0,0.0,0.6776992,0.13294144,0.056797,0.0,0.0,0.0,0.0,0.0,0.0
4,4,0.0,0.1325624,0.0,0.0,0.6776992,0.13294144,0.056797,0.0,0.0,0.0,0.0,0.0,0.0
4,4,0.0,0.1325624,0.0,0.0,0.6776992,0.13294144,0.056797,0.0,0.0,0.0,0.0,0.0,0.0
4,4,0.0,0.1325624,0.0,0.0,0.6776992,0.13294144,0.056797,0.0,0.0,0.0,0.0,0.0,0.0
4,4,0.0,0.1325624,0.0,0.0,0.6776992,0.13294144,0.056797,0.0,0.0,0.0,0.0,0.0,0.0
4,4,0.0,0.1325624,0.0,0.0,0.6776992,0.13294144,0.056797,0.0,0.0,0.0,0.0,0.0,0.0
4,4,0.0,0.1325624,0.0,0.0,0.6776992,0.13294144,0.056797,0.0,0.0,0.0,0.0,0.0,0.0
4,4,0.0,0.1325624,0.0,0.0,0.6776992,0.13294144,0.056797,0.0,0.0,0.0,0.0,0.0,0.0
4,4,0.0,0.1325624,0.0,0.0,0.6776992,0.13294144,0.056797,0.0,0.0,0.0,0.0,0.0,0.0
4,4,0.0,0.1325624,0.0,0.0,0.6776992,0.13294144,0.056797,0.0,0.0,0.0,0.0,0.0,0.0
4,4,0.0,0.1325624,0.0,0.0,0.6776992,0.13294144,0.056797,0.0,0.0,0.0,0.0,0.0,0.0
4,4,0.0,0.1325624,0.0,0.0,0.6776992,0.13294144,0.056797,0.0,0.0,0.0,0.0,0.0,0.0
4,4,0.0,0.1325624,0.0,0.0,0.6776992,0.13294144,0.056797,0.0,0.0,0.0,0.0,0.0,0.0
4,4,0.0,0.1325624,0.0,0.0,0.6776992,0.13294144,0.056797,0.0,0.0,0.0,0.0,0.0,0.0
4,4,0.0,0.1325624,0.0,0.0,0.6776992,0.13294144,0.056797,0.0,0.0,0.0,0.0,0.0,0.0
4,4,0.0,0.1325624,0.0,0.0,0.6776992,0.13294144,0.056797,0.0,0.0,0.0,0.0,0.0,0.0
4,4,0.0,0.1325624,0.0,0.0,0.6776992,0.13294144,0.056797,0.0,0.0,0.0,0.0,0.0,0.0
4,4,0.0,0.1325624,0.0,0.0,0.6776992,0.13294144,0.056797,0.0,0.0,0.0,0.0,0.0,0.0
4,4,0.0,0.1325624,0.0,0.0,0.6776992,0.13294144,0.056797,0.0,0.0,0.0,0.0,0.0,0.0
4,4,0.0,0.1325624,0.0,0.0,0.6776992,0.13294144,0.056797,0.0,0.0,0.0,0.0,0.0,0.0
4,4,0.0,0.1325624,0.0,0.0,0.6776992,0.13294144,0.056797,0.0,0.0,0.0,0.0,0.0,0.0
4,4,0.0,0.1325624,0.0,0.0,0.6776992,0.13294144,0.056797,0.0,0.0,0.0,0.0,0.0,0.0
4,4,0.0,0.1325624,0.0,0.0,0.6776992,0.13294144,0.056797,0.0,0.0,0.0,0.0,0.0,0.0
4,4,0.0,0.1325624,0.0,0.0,0.6776992,0.13294144,0.056797,0.0,0.0,0.0,0.0,0.0,0.0
4,4,0.0,0.1325624,0.0,0.0,0.6776992,0.13294144,0.056797,0.0,0.0,0.0,0.0,0.0,0.0
4,4,0.0,0.1325624,0.0,0.0,0.6776992,0.13294144,0.056797,0.0,0.0,0.0,0.0,0.0,0.0
4,4,0.0,0.1325624,0.0,0.0,0.6776992,0.13294144,0.056797,0.0,0.0,0.0,0.0,0.0,0.0
4,4,0.0,0.1325624,0.0,0.0,0.6776992,0.13294144,0.056797,0.0,0.0,0.0,0.0,0.0,0.0
4,4,0.0,0.1325624,0.0,0.0,0.6776992,0.13294144,0.056797,0.0,0.0,0.0,0.0,0.0,0.0
4,4,0.0,0.1325624,0.0,0.0,0.6776992,0.13294144,0.056797,0.0,0.0,0.0,0.0,0.0,0.0
4,4,0.0,0.1325624,0.0,0.0,0.6776992,0.13294144,0.056797,0.0,0.0,0.0,0.0,0.0,0.0
4,4,0.0,0.1325624,0.0,0.0,0.6776992,0.13294144,0.056797,0.0,0.0,0.0,0.0,0.0,0.0
4,4,0.0,0.1325624,0.0,0.0,0.6776992,0.13294144,0.056797,0.0,0.0,0.0,0.0,0.0,0.0
4,4,0.0,0.1325624,0.0,0.0,0.6776992,0.13294144,0.056797,0.0,0.0,0.0,0.0,0.0,0.0
4,4,0.0,0.1325624,0.0,0.0,0.6776992,0.13294144,0.056797,0.0,0.0,0.0,0.0,0.0,0.0
4,4,0.0,0.1325624,0.0,0.0,0.6776992,0.13294144,0.056797,0.0,0.0,0.0,0.0,0.0,0.0
4,4,0.0,0.1325624,0.0,0.0,0.6776992,0.13294144,0.056797,0.0,0.0,0.0,0.0,0.0,0.0
4,4,0.0,0.1325624,0.0,0.0,0.6776992,0.13294144,0.056797,0.0,0.0,0.0,0.0,0.0,0.0
4,4,0.0,0.1325624,0.0,0.0,0.6776992,0.13294144,0.056797,0.0,0.0,0.0,0.0,0.0,0.0
4,4,0.0,0.1325624,0.0,0.0,0.6776992,0.13294144,0.056797,0.0,0.0,0.0,0.0,0.0,0.0
4,4,0.0,0.1325624,0.0,0.0,0.74305713,0.067583494,0.056797005,0.0,0.0,0.0,0.0,0.0,0.0
4,4,0.0,0.1325624,0.0,0.0,0.74305713,0.067583494,0.056797005,0.0,0.0,0.0,0.0,0.0,0.0
4,4,0.0,0.1325624,0.0,0.0,0.74305713,0.067583494,0.056797005,0.0,0.0,0.0,0.0,0.0,0.0
4,4,0.0,0.1325624,0.0,0.0,0.74305713,0.067583494,0.056797005,0.0,0.0,0.0,0.0,0.0,0.0
4,4,0.0,0.1325624,0.0,0.0,0.74305713,0.067583494,0.056797005,0.0,0.0,0.0,0.0,0.0,0.0
4,4,0.0,0.1325624,0.0,0.0,0.74305713,0.067583494,0.056797005,0.0,0.0,0.0,0.0,0.0,0.0
4,4,0.0,0.1325624,0.0,0.0,0.74305713,0.067583494,0.056797005,0.0,0.0,0.0,0.0,0.0,0.0
4,4,0.0,0.1325624,0.0,0.0,0.74305713,0.067583494,0.056797005,0.0,0.0,0.0,0.0,0.0,0.0
4,4,0.0,0.1325624,0.0,0.0,0.74305713,0.067583494,0.056797005,0.0,0.0,0.0,0.0,0.0,0.0
4,4,0.0,0.1325624,0.0,0.0,0.74305713,0.067583494,0.056797005,0.0,0.0,0.0,0.0,0.0,0.0
4,4,0.0,0.1325624,0.0,0.0,0.74305713,0.067583494,0.056797005,0.0,0.0,0.0,0.0,0.0,0.0
4,4,0.0,0.1325624,0.0,0.0,0.74305713,0.067583494,0.056797005,0.0,0.0,0.0,0.0,0.0,0.0
4,4,0.0,0.1325624,0.0,0.0,0.74305713,0.067583494,0.056797005,0.0,0.0,0.0,0.0,0.0,0.0
4,4,0.0,0.1325624,0.0,0.0,0.74305713,0.067583494,0.056797005,0.0,0.0,0.0,0.0,0.0,0.0
4,4,0.0,0.1325624,0.0,0.0,0.74305713,0.067583494,0.056797005,0.0,0.0,0.0,0.0,0.0,0.0
4,4,0.0,0.1325624,0.0,0.0,0.74305713,0.067583494,0.056797005,0.0,0.0,0.0,0.0,0.0,0.0
4,4,0.0,0.1325624,0.0,0.0,0.74305713,0.067583494,0.056797005,0.0,0.0,0.0,0.0,0.0,0.0
4,4,0.0,0.1325624,0.0,0.0,0.74305713,0.067583494,0.056797005,0.0,0.0,0.0,0.0,0.0,0.0
4,4,0.0,0.1325624,0.0,0.0,0.74305713,0.067583494,0.056797005,0.0,0.0,0.0,0.0,0.0,0.0
4,4,0.0,0.1325624,0.0,0.0,0.74305713,0.067583494,0.056797005,0.0,0.0,0.0,0.0,0.0,0.0
4,4,0.0,0.1325624,0.0,0.0,0.74305713,0.067583494,0.056797005,0.0,0.0,0.0,0.0,0.0,0.0
4,4,0.0,0.1325624,0.0,0.0,0.74305713,0.067583494,0.056797005,0.0,0.0,0.0,0.0,0.0,0.0
4,4,0.0,0.1325624,0.0,0.0,0.74305713,0.067583494,0.056797005,0.0,0.0,0.0,0.0,0.0,0.0
4,4,0.0,0.1325624,0.0,0.0,0.74305713,0.067583494,0.056797005,0.0,0.0,0.0,0.0,0.0,0.0
4,4,0.0,0.1325624,0.0,0.0,0.74305713,0.067583494,0.056797005,0.0,0.0,0.0,0.0,0.0,0.0
4,4,0.0,0.1325624,0.0,0.0,0.74305713,0.067583494,0.056797005,0.0,0.0,0.0,0.0,0.0,0.0
4,4,0.0,0.1325624,0.0,0.0,0.74305713,0.067583494,0.056797005,0.0,0.0,0.0,0.0,0.0,0.0
4,4,0.0,0.1325624,0.0,0.0,0.74305713,0.067583494,0.056797005,0.0,0.0,0.0,0.0,0.0,0.0
4,4,0.0,0.1325624,0.0,0.0,0.74305713,0.067583494,0.056797005,0.0,0.0,0.0,0.0,0.0,0.0
4,4,0.0,0.1325624,0.0,0.0,0.74305713,0.067583494,0.056797005,0.0,0.0,0.0,0.0,0.0,0.0
4,4,0.0,0.1325624,0.0,0.0,0.74305713,0.067583494,0.056797005,0.0,0.0,0.0,0.0,0.0,0.0
4,4,0.0,0.1325624,0.0,0.0,0.74305713,0.067583494,0.056797005,0.0,0.0,0.0,0.0,0.0,0.0
4,4,0.0,0.1325624,0.0,0.0,0.74305713,0.067583494,0.056797005,0.0,0.0,0.0,0.0,0.0,0.0
4,4,0.0,0.1325624,0.0,0.0,0.74305713,0.067583494,0.056797005,0.0,0.0,0.0,0.0,0.0,0.0
4,4,0.0,0.1325624,0.0,0.0,0.74305713,0.067583494,0.056797005,0.0,0.0,0.0,0.0,0.0,0.0
4,4,0.0,0.1325624,0.0,0.0,0.74305713,0.067583494,0.056797005,0.0,0.0,0.0,0.0,0.0,0.0
4,4,0.0,0.1325624,0.0,0.0,0.74305713,0.067583494,0.056797005,0.0,0.0,0.0,0.0,0.0,0.0
4,4,0.0,0.1325624,0.0,0.0,0.74305713,0.067583494,0.056797005,0.0,0.0,0.0,0.0,0.0,0.0
4,4,0.0,0.1325624,0.0,0.0,0.74305713,0.067583494,0.056797005,0.0,0.0,0.0,0.0,0.0,0.0
4,4,0.0,0.1325624,0.0,0.0,0.74305713,0.067583494,0.056797005,0.0,0.0,0.0,0.0,0.0,0.0
4,4,0.0,0.1325624,0.0,0.0,0.74305713,0.067583494,0.056797005,0.0,0.0,0.0,0.0,0.0,0.0
4,4,0.0,0.1325624,0.0,0.0,0.74305713,0.067583494,0.056797005,0.0,0.0,0.0,0.0,0.0,0.0
4,4,0.0,0.1325624,0.0,0.0,0.74305713,0.067583494,0.056797005,0.0,0.0,0.0,0.0,0.0,0.0
4,4,0.0,0.1325624,0.0,0.0,0.74305713,0.067583494,0.056797005,0.0,0.0,0.0,0.0,0.0,0.0
4,4,0.0,0.1325624,0.0,0.0,0.79985416,0.067583494,0.0,0.0,0.0,0.0,0.0,0.0,0.0
4,4,0.0,0.1325624,0.0,0.0,0.79985416,0.067583494,0.0,0.0,0.0,0.0,0.0,0.0,0.0
4,4,0.0,0.1325624,0.0,0.0,0.79985416,0.067583494,0.0,0.0,0.0,0.0,0.0,0.0,0.0
4,4,0.0,0.1325624,0.0,0.0,0.79985416,0.067583494,0.0,0.0,0.0,0.0,0.0,0.0,0.0
4,4,0.0,0.1325624,0.0,0.0,0.79985416,0.067583494,0.0,0.0,0.0,0.0,0.0,0.0,0.0
4,4,0.0,0.1325624,0.0,0.0,0.79985416,0.067583494,0.0,0.0,0.0,0.0,0.0,0.0,0.0
4,4,0.0,0.1325624,0.0,0.0,0.79985416,0.067583494,0.0,0.0,0.0,0.0,0.0,0.0,0.0
4,4,0.0,0.1325624,0.0,0.0,0.79985416,0.067583494,0.0,0.0,0.0,0.0,0.0,0.0,0.0
4,4,0.0,0.1325624,0.0,0.0,0.79985416,0.067583494,0.0,0.0,0.0,0.0,0.0,0.0,0.0
4,4,0.0,0.1325624,0.0,0.0,0.79985416,0.067583494,0.0,0.0,0.0,0.0,0.0,0.0,0.0
4,4,0.0,0.1325624,0.0,0.0,0.79985416,0.067583494,0.0,0.0,0.0,0.0,0.0,0.0,0.0
4,4,0.0,0.1325624,0.0,0.0,0.79985416,0.067583494,0.0,0.0,0.0,0.0,0.0,0.0,0.0
4,4,0.0,0.1325624,0.0,0.0,0.79985416,0.067583494,0.0,0.0,0.0,0.0,0.0,0.0,0.0
4,4,0.0,0.1325624,0.0,0.0,0.79985416,0.067583494,0.0,0.0,0.0,0.0,0.0,0.0,0.0
4,4,0.0,0.1325624,0.0,0.0,0.79985416,0.067583494,0.0,0.0,0.0,0.0,0.0,0.0,0.0
4,4,0.0,0.1325624,0.0,0.0,0.79985416,0.067583494,0.0,0.0,0.0,0.0,0.0,0.0,0.0
4,4,0.0,0.1325624,0.0,0.0,0.79985416,0.067583494,0.0,0.0,0.0,0.0,0.0,0.0,0.0
4,4,0.0,0.1325624,0.0,0.0,0.79985416,0.067583494,0.0,0.0,0.0,0.0,0.0,0.0,0.0
4,4,0.0,0.1325624,0.0,0.0,0.79985416,0.067583494,0.0,0.0,0.0,0.0,0.0,0.0,0.0
4,4,0.0,0.1325624,0.0,0.0,0.79985416,0.067583494,0.0,0.0,0.0,0.0,0.0,0.0,0.0
4,4,0.0,0.1325624,0.0,0.0,0.79985416,0.067583494,0.0,0.0,0.0,0.0,0.0,0.0,0.0
4,4,0.0,0.1325624,0.0,0.0,0.79985416,0.067583494,0.0,0.0,0.0,0.0,0.0,0.0,0.0
4,4,0.0,0.1325624,0.0,0.0,0.79985416,0.067583494,0.0,0.0,0.0,0.0,0.0,0.0,0.0
4,4,0.0,0.1325624,0.0,0.0,0.79985416,0.067583494,0.0,0.0,0.0,0.0,0.0,0.0,0.0
4,4,0.0,0.1325624,0.0,0.0,0.79985416,0.067583494,0.0,0.0,0.0,0.0,0.0,0.0,0.0
4,4,0.0,0.1325624,0.0,0.0,0.79985416,0.067583494,0.0,0.0,0.0,0.0,0.0,0.0,0.0
4,4,0.0,0.1325624,0.0,0.0,0.79985416,0.067583494,0.0,0.0,0.0,0.0,0.0,0.0,0.0
4,4,0.0,0.1325624,0.0,0.0,0.79985416,0.067583494,0.0,0.0,0.0,0.0,0.0,0.0,0.0
4,4,0.0,0.1325624,0.0,0.0,0.79985416,0.067583494,0.0,0.0,0.0,0.0,0.0,0.0,0.0
4,4,0.0,0.1325624,0.0,0.0,0.79985416,0.067583494,0.0,0.0,0.0,0.0,0.0,0.0,0.0
4,4,0.0,0.1325624,0.0,0.0,0.79985416,0.067583494,0.0,0.0,0.0,0.0,0.0,0.0,0.0
4,4,0.0,0.1325624,0.0,0.0,0.79985416,0.067583494,0.0,0.0,0.0,0.0,0.0,0.0,0.0
4,4,0.0,0.1325624,0.0,0.0,0.79985416,0.067583494,0.0,0.0,0.0,0.0,0.0,0.0,0.0
4,4,0.0,0.1325624,0.0,0.0,0.79985416,0.067583494,0.0,0.0,0.0,0.0,0.0,0.0,0.0
4,4,0.0,0.1325624,0.0,0.0,0.79985416,0.067583494,0.0,0.0,0.0,0.0,0.0,0.0,0.0
4,4,0.0,0.1325624,0.0,0.0,0.79985416,0.067583494,0.0,0.0,0.0,0.0,0.0,0.0,0.0
4,4,0.0,0.1325624,0.0,0.0,0.79985416,0.067583494,0.0,0.0,0.0,0.0,0.0,0.0,0.0
4,4,0.0,0.1325624,0.0,0.0,0.79985416,0.067583494,0.0,0.0,0.0,0.0,0.0,0.0,0.0
4,4,0.0,0.1325624,0.0,0.0,0.79985416,0.067583494,0.0,0.0,0.0,0.0,0.0,0.0,0.0
4,4,0.0,0.1325624,0.0,0.0,0.79985416,0.067583494,0.0,0.0,0.0,0.0,0.0,0.0,0.0
4,4,0.0,0.1325624,0.0,0.0,0.79985416,0.067583494,0.0,0.0,0.0,0.0,0.0,0.0,0.0
4,4,0.0,0.1325624,0.0,0.0,0.79985416,0.067583494,0.0,0.0,0.0,0.0,0.0,0.0,0.0
4,4,0.0,0.1325624,0.0,0.0,0.79985416,0.067583494,0.0,0.0,0.0,0.0,0.0,0.0,0.0
4,4,0.0,0.1325624,0.0,0.0,0.79985416,0.067583494,0.0,0.0,0.0,0.0,0.0,0.0,0.0
4,4,0.0,0.1325624,0.0,0.0,0.79985416,0.067583494,0.0,0.0,0.0,0.0,0.0,0.0,0.0
4,4,0.0,0.1325624,0.0,0.0,0.79985416,0.067583494,0.0,0.0,0.0,0.0,0.0,0.0,0.0
4,4,0.0,0.1325624,0.0,0.0,0.79985416,0.067583494,0.0,0.0,0.0,0.0,0.0,0.0,0.0
4,4,0.0,0.1325624,0.0,0.0,0.79985416,0.067583494,0.0,0.0,0.0,0.0,0.0,0.0,0.0
4,4,0.0,0.1325624,0.0,0.0,0.79985416,0.067583494,0.0,0.0,0.0,0.0,0.0,0.0,0.0
4,4,0.0,0.1325624,0.0,0.0,0.79985416,0.067583494,0.0,0.0,0.0,0.0,0.0,0.0,0.0
4,4,0.0,0.1325624,0.0,0.0,0.79985416,0.067583494,0.0,0.0,0.0,0.0,0.0,0.0,0.0
4,4,0.0,0.1325624,0.0,0.0,0.79985416,0.067583494,0.0,0.0,0.0,0.0,0.0,0.0,0.0
4,4,0.0,0.1325624,0.0,0.0,0.79985416,0.067583494,0.0,0.0,0.0,0.0,0.0,0.0,0.0
4,4,0.0,0.1325624,0.0,0.0,0.79985416,0.067583494,0.0,0.0,0.0,0.0,0.0,0.0,0.0
4,4,0.0,0.1325624,0.0,0.0,0.79985416,0.067583494,0.0,0.0,0.0,0.0,0.0,0.0,0.0
4,4,0.0,0.1325624,0.0,0.0,0.79985416,0.067583494,0.0,0.0,0.0,0.0,0.0,0.0,0.0
4,4,0.0,0.1325624,0.0,0.0,0.79985416,0.067583494,0.0,0.0,0.0,0.0,0.0,0.0,0.0
4,4,0.0,0.1325624,0.0,0.0,0.79985416,0.067583494,0.0,0.0,0.0,0.0,0.0,0.0,0.0
4,4,0.0,0.1325624,0.0,0.0,0.79985416,0.067583494,0.0,0.0,0.0,0.0,0.0,0.0,0.0
4,4,0.0,0.1325624,0.0,0.0,0.79985416,0.067583494,0.0,0.0,0.0,0.0,0.0,0.0,0.0
4,4,0.0,0.1325624,0.0,0.0,0.79985416,0.067583494,0.0,0.0,0.0,0.0,0.0,0.0,0.0
4,4,0.0,0.1325624,0.0,0.0,0.79985416,0.067583494,0.0,0.0,0.0,0.0,0.0,0.0,0.0
4,4,0.0,0.1325624,0.0,0.0,0.79985416,0.067583494,0.0,0.0,0.0,0.0,0.0,0.0,0.0
4,4,0.0,0.1325624,0.0,0.0,0.79985416,0.067583494,0.0,0.0,0.0,0.0,0.0,0.0,0.0
4,4,0.0,0.1325624,0.0,0.0,0.79985416,0.067583494,0.0,0.0,0.0,0.0,0.0,0.0,0.0
4,4,0.0,0.1325624,0.0,0.0,0.79985416,0.067583494,0.0,0.0,0.0,0.0,0.0,0.0,0.0
4,4,0.0,0.061752502,0.0,0.0,0.87066394,0.06758349,0.0,0.0,0.0,0.0,0.0,0.0,0.0
4,4,0.0,0.061752502,0.0,0.0,0.87066394,0.06758349,0.0,0.0,0.0,0.0,0.0,0.0,0.0
4,4,0.0,0.061752502,0.0,0.0,0.87066394,0.06758349,0.0,0.0,0.0,0.0,0.0,0.0,0.0
4,4,0.0,0.061752502,0.0,0.0,0.87066394,0.06758349,0.0,0.0,0.0,0.0,0.0,0.0,0.0
4,4,0.0,0.061752502,0.0,0.0,0.87066394,0.06758349,0.0,0.0,0.0,0.0,0.0,0.0,0.0
4,4,0.0,0.061752502,0.0,0.0,0.87066394,0.06758349,0.0,0.0,0.0,0.0,0.0,0.0,0.0
4,4,0.0,0.061752502,0.0,0.0,0.87066394,0.06758349,0.0,0.0,0.0,0.0,0.0,0.0,0.0
4,4,0.0,0.061752502,0.0,0.0,0.87066394,0.06758349,0.0,0.0,0.0,0.0,0.0,0.0,0.0
4,4,0.0,0.061752502,0.0,0.0,0.87066394,0.06758349,0.0,0.0,0.0,0.0,0.0,0.0,0.0
4,4,0.0,0.061752502,0.0,0.0,0.87066394,0.06758349,0.0,0.0,0.0,0.0,0.0,0.0,0.0
4,4,0.0,0.061752502,0.0,0.0,0.87066394,0.06758349,0.0,0.0,0.0,0.0,0.0,0.0,0.0
4,4,0.0,0.061752502,0.0,0.0,0.87066394,0.06758349,0.0,0.0,0.0,0.0,0.0,0.0,0.0
4,4,0.0,0.061752502,0.0,0.0,0.87066394,0.06758349,0.0,0.0,0.0,0.0,0.0,0.0,0.0
4,4,0.0,0.061752502,0.0,0.0,0.87066394,0.06758349,0.0,0.0,0.0,0.0,0.0,0.0,0.0
4,4,0.0,0.061752502,0.0,0.0,0.87066394,0.06758349,0.0,0.0,0.0,0.0,0.0,0.0,0.0
4,4,0.0,0.061752502,0.0,0.0,0.87066394,0.06758349,0.0,0.0,0.0,0.0,0.0,0.0,0.0
4,4,0.0,0.061752502,0.0,0.0,0.87066394,0.06758349,0.0,0.0,0.0,0.0,0.0,0.0,0.0
4,4,0.0,0.061752502,0.0,0.0,0.87066394,0.06758349,0.0,0.0,0.0,0.0,0.0,0.0,0.0
4,4,0.0,0.061752502,0.0,0.0,0.87066394,0.06758349,0.0,0.0,0.0,0.0,0.0,0.0,0.0
4,4,0.0,0.061752502,0.0,0.0,0.87066394,0.06758349,0.0,0.0,0.0,0.0,0.0,0.0,0.0
4,4,0.0,0.061752502,0.0,0.0,0.87066394,0.06758349,0.0,0.0,0.0,0.0,0.0,0.0,0.0
4,4,0.0,0.061752502,0.0,0.0,0.87066394,0.06758349,0.0,0.0,0.0,0.0,0.0,0.0,0.0
4,4,0.0,0.061752502,0.0,0.0,0.87066394,0.06758349,0.0,0.0,0.0,0.0,0.0,0.0,0.0
4,4,0.0,0.061752502,0.0,0.0,0.87066394,0.06758349,0.0,0.0,0.0,0.0,0.0,0.0,0.0
4,4,0.0,0.061752502,0.0,0.0,0.87066394,0.06758349,0.0,0.0,0.0,0.0,0.0,0.0,0.0
4,4,0.0,0.061752502,0.0,0.0,0.87066394,0.06758349,0.0,0.0,0.0,0.0,0.0,0.0,0.0
4,4,0.0,0.061752502,0.0,0.0,0.87066394,0.06758349,0.0,0.0,0.0,0.0,0.0,0.0,0.0
4,4,0.0,0.061752502,0.0,0.0,0.87066394,0.06758349,0.0,0.0,0.0,0.0,0.0,0.0,0.0
4,4,0.0,0.061752502,0.0,0.0,0.87066394,0.06758349,0.0,0.0,0.0,0.0,0.0,0.0,0.0
4,4,0.0,0.061752502,0.0,0.0,0.87066394,0.06758349,0.0,0.0,0.0,0.0,0.0,0.0,0.0
4,4,0.0,0.061752502,0.0,0.0,0.87066394,0.06758349,0.0,0.0,0.0,0.0,0.0,0.0,0.0
4,4,0.0,0.061752502,0.0,0.0,0.87066394,0.06758349,0.0,0.0,0.0,0.0,0.0,0.0,0.0
4,4,0.0,0.061752502,0.0,0.0,0.87066394,0.06758349,0.0,0.0,0.0,0.0,0.0,0.0,0.0
4,4,0.0,0.061752502,0.0,0.0,0.87066394,0.06758349,0.0,0.0,0.0,0.0,0.0,0.0,0.0
4,4,0.0,0.061752502,0.0,0.0,0.87066394,0.06758349,0.0,0.0,0.0,0.0,0.0,0.0,0.0
4,4,0.0,0.061752502,0.0,0.0,0.87066394,0.06758349,0.0,0.0,0.0,0.0,0.0,0.0,0.0
4,4,0.0,0.061752502,0.0,0.0,0.87066394,0.06758349,0.0,0.0,0.0,0.0,0.0,0.0,0.0
4,4,0.0,0.061752502,0.0,0.0,0.87066394,0.06758349,0.0,0.0,0.0,0.0,0.0,0.0,0.0
4,4,0.0,0.061752502,0.0,0.0,0.87066394,0.06758349,0.0,0.0,0.0,0.0,0.0,0.0,0.0
4,4,0.0,0.061752502,0.0,0.0,0.87066394,0.06758349,0.0,0.0,0.0,0.0,0.0,0.0,0.0
4,4,0.0,0.061752502,0.0,0.0,0.87066394,0.06758349,0.0,0.0,0.0,0.0,0.0,0.0,0.0
4,4,0.0,0.061752502,0.0,0.0,0.87066394,0.06758349,0.0,0.0,0.0,0.0,0.0,0.0,0.0
4,4,0.0,0.061752502,0.0,0.0,0.87066394,0.06758349,0.0,0.0,0.0,0.0,0.0,0.0,0.0
4,4,0.0,0.061752502,0.0,0.0,0.87066394,0.06758349,0.0,0.0,0.0,0.0,0.0,0.0,0.0
4,4,0.0,0.061752502,0.0,0.0,0.87066394,0.06758349,0.0,0.0,0.0,0.0,0.0,0.0,0.0
4,4,0.0,0.061752502,0.0,0.0,0.87066394,0.06758349,0.0,0.0,0.0,0.0,0.0,0.0,0.0
4,4,0.0,0.061752502,0.0,0.0,0.87066394,0.06758349,0.0,0.0,0.0,0.0,0.0,0.0,0.0
4,4,0.0,0.061752502,0.0,0.0,0.87066394,0.06758349,0.0,0.0,0.0,0.0,0.0,0.0,0.0
4,4,0.0,0.061752502,0.0,0.0,0.87066394,0.06758349,0.0,0.0,0.0,0.0,0.0,0.0,0.0
4,4,0.0,0.061752502,0.0,0.0,0.87066394,0.06758349,0.0,0.0,0.0,0.0,0.0,0.0,0.0
4,4,0.0,0.061752502,0.0,0.0,0.87066394,0.06758349,0.0,0.0,0.0,0.0,0.0,0.0,0.0
4,4,0.0,0.061752502,0.0,0.0,0.87066394,0.06758349,0.0,0.0,0.0,0.0,0.0,0.0,0.0
4,4,0.0,0.061752502,0.0,0.0,0.87066394,0.06758349,0.0,0.0,0.0,0.0,0.0,0.0,0.0
4,4,0.0,0.061752502,0.0,0.0,0.87066394,0.06758349,0.0,0.0,0.0,0.0,0.0,0.0,0.0
4,4,0.0,0.061752502,0.0,0.0,0.87066394,0.06758349,0.0,0.0,0.0,0.0,0.0,0.0,0.0
4,4,0.0,0.061752502,0.0,0.0,0.87066394,0.06758349,0.0,0.0,0.0,0.0,0.0,0.0,0.0
4,4,0.0,0.061752502,0.0,0.0,0.87066394,0.06758349,0.0,0.0,0.0,0.0,0.0,0.0,0.0
4,4,0.0,0.061752502,0.0,0.0,0.87066394,0.06758349,0.0,0.0,0.0,0.0,0.0,0.0,0.0
4,4,0.0,0.061752502,0.0,0.0,0.87066394,0.06758349,0.0,0.0,0.0,0.0,0.0,0.0,0.0
4,4,0.0,0.061752502,0.0,0.0,0.87066394,0.06758349,0.0,0.0,0.0,0.0,0.0,0.0,0.0
4,4,0.0,0.061752502,0.0,0.0,0.87066394,0.06758349,0.0,0.0,0.0,0.0,0.0,0.0,0.0
4,4,0.0,0.061752502,0.0,0.0,0.87066394,0.06758349,0.0,0.0,0.0,0.0,0.0,0.0,0.0
4,4,0.0,0.061752502,0.0,0.0,0.87066394,0.06758349,0.0,0.0,0.0,0.0,0.0,0.0,0.0
4,4,0.0,0.061752502,0.0,0.0,0.87066394,0.06758349,0.0,0.0,0.0,0.0,0.0,0.0,0.0
4,4,0.0,0.061752502,0.0,0.0,0.87066394,0.06758349,0.0,0.0,0.0,0.0,0.0,0.0,0.0
4,4,0.0,0.061752502,0.0,0.0,0.87066394,0.06758349,0.0,0.0,0.0,0.0,0.0,0.0,0.0
4,4,0.0,0.061752502,0.0,0.0,0.87066394,0.06758349,0.0,0.0,0.0,0.0,0.0,0.0,0.0
4,4,0.0,0.061752502,0.0,0.0,0.87066394,0.06758349,0.0,0.0,0.0,0.0,0.0,0.0,0.0
4,4,0.0,0.061752502,0.0,0.0,0.87066394,0.06758349,0.0,0.0,0.0,0.0,0.0,0.0,0.0
4,4,0.0,0.061752502,0.0,0.0,0.87066394,0.06758349,0.0,0.0,0.0,0.0,0.0,0.0,0.0
4,4,0.0,0.061752502,0.0,0.0,0.87066394,0.06758349,0.0,0.0,0.0,0.0,0.0,0.0,0.0
4,4,0.0,0.061752502,0.0,0.0,0.87066394,0.06758349,0.0,0.0,0.0,0.0,0.0,0.0,0.0
4,4,0.0,0.061752502,0.0,0.0,0.87066394,0.06758349,0.0,0.0,0.0,0.0,0.0,0.0,0.0
4,4,0.0,0.061752502,0.0,0.0,0.87066394,0.06758349,0.0,0.0,0.0,0.0,0.0,0.0,0.0
4,4,0.0,0.061752502,0.0,0.0,0.80939955,0.06758349,0.0,0.06126437,0.0,0.0,0.0,0.0,0.0
4,4,0.0,0.061752502,0.0,0.0,0.80939955,0.06758349,0.0,0.06126437,0.0,0.0,0.0,0.0,0.0
4,4,0.0,0.061752502,0.0,0.0,0.80939955,0.06758349,0.0,0.06126437,0.0,0.0,0.0,0.0,0.0
4,4,0.0,0.061752502,0.0,0.0,0.80939955,0.06758349,0.0,0.06126437,0.0,0.0,0.0,0.0,0.0
4,4,0.0,0.061752502,0.0,0.0,0.80939955,0.06758349,0.0,0.06126437,0.0,0.0,0.0,0.0,0.0
4,4,0.0,0.061752502,0.0,0.0,0.80939955,0.06758349,0.0,0.06126437,0.0,0.0,0.0,0.0,0.0
4,4,0.0,0.061752502,0.0,0.0,0.80939955,0.06758349,0.0,0.06126437,0.0,0.0,0.0,0.0,0.0
4,4,0.0,0.061752502,0.0,0.0,0.80939955,0.06758349,0.0,0.06126437,0.0,0.0,0.0,0.0,0.0
4,4,0.0,0.061752502,0.0,0.0,0.80939955,0.06758349,0.0,0.06126437,0.0,0.0,0.0,0.0,0.0
4,4,0.0,0.061752502,0.0,0.0,0.80939955,0.06758349,0.0,0.06126437,0.0,0.0,0.0,0.0,0.0
4,4,0.0,0.061752502,0.0,0.0,0.80939955,0.06758349,0.0,0.06126437,0.0,0.0,0.0,0.0,0.0
4,4,0.0,0.061752502,0.0,0.0,0.80939955,0.06758349,0.0,0.06126437,0.0,0.0,0.0,0.0,0.0
4,4,0.0,0.061752502,0.0,0.0,0.80939955,0.06758349,0.0,0.06126437,0.0,0.0,0.0,0.0,0.0
4,4,0.0,0.061752502,0.0,0.0,0.80939955,0.06758349,0.0,0.06126437,0.0,0.0,0.0,0.0,0.0
4,4,0.0,0.124672234,0.0,0.0,0.7464799,0.067583494,0.0,0.061264377,0.0,0.0,0.0,0.0,0.0
4,4,0.0,0.124672234,0.0,0.0,0.7464799,0.067583494,0.0,0.061264377,0.0,0.0,0.0,0.0,0.0
4,4,0.0,0.124672234,0.0,0.0,0.7464799,0.067583494,0.0,0.061264377,0.0,0.0,0.0,0.0,0.0
4,4,0.0,0.124672234,0.0,0.0,0.7464799,0.067583494,0.0,0.061264377,0.0,0.0,0.0,0.0,0.0
4,4,0.0,0.124672234,0.0,0.0,0.7464799,0.067583494,0.0,0.061264377,0.0,0.0,0.0,0.0,0.0
4,4,0.0,0.124672234,0.0,0.0,0.7464799,0.067583494,0.0,0.061264377,0.0,0.0,0.0,0.0,0.0
4,4,0.0,0.124672234,0.0,0.0,0.7464799,0.067583494,0.0,0.061264377,0.0,0.0,0.0,0.0,0.0
4,4,0.0,0.124672234,0.0,0.0,0.7464799,0.067583494,0.0,0.061264377,0.0,0.0,0.0,0.0,0.0
4,4,0.06204651,0.124672234,0.0,0.0,0.6844334,0.067583494,0.0,0.061264377,0.0,0.0,0.0,0.0,0.0
4,4,0.06204651,0.124672234,0.0,0.0,0.6844334,0.067583494,0.0,0.061264377,0.0,0.0,0.0,0.0,0.0
4,4,0.06204651,0.124672234,0.0,0.0,0.6844334,0.067583494,0.0,0.061264377,0.0,0.0,0.0,0.0,0.0
4,4,0.06204651,0.124672234,0.0,0.0,0.6844334,0.067583494,0.0,0.061264377,0.0,0.0,0.0,0.0,0.0
4,4,0.06204651,0.124672234,0.0,0.0,0.6844334,0.067583494,0.0,0.061264377,0.0,0.0,0.0,0.0,0.0
4,4,0.06204651,0.124672234,0.0,0.0,0.6844334,0.067583494,0.0,0.061264377,0.0,0.0,0.0,0.0,0.0
4,4,0.06204651,0.124672234,0.0,0.0,0.6844334,0.067583494,0.0,0.061264377,0.0,0.0,0.0,0.0,0.0
4,4,0.06204651,0.124672234,0.0,0.0,0.6844334,0.067583494,0.0,0.061264377,0.0,0.0,0.0,0.0,0.0
4,4,0.06204651,0.18656053,0.0,0.0,0.6225451,0.067583494,0.0,0.061264377,0.0,0.0,0.0,0.0,0.0
4,4,0.06204651,0.18656053,0.0,0.0,0.6225451,0.067583494,0.0,0.061264377,0.0,0.0,0.0,0.0,0.0
4,4,0.06204651,0.18656053,0.0,0.0,0.6225451,0.067583494,0.0,0.061264377,0.0,0.0,0.0,0.0,0.0
4,4,0.06204651,0.18656053,0.0,0.0,0.6225451,0.067583494,0.0,0.061264377,0.0,0.0,0.0,0.0,0.0
4,4,0.06204651,0.18656053,0.0,0.0,0.6225451,0.067583494,0.0,0.061264377,0.0,0.0,0.0,0.0,0.0
4,4,0.06204651,0.18656053,0.0,0.0,0.6225451,0.067583494,0.0,0.061264377,0.0,0.0,0.0,0.0,0.0
4,4,0.06204651,0.18656053,0.0,0.0,0.6225451,0.067583494,0.0,0.061264377,0.0,0.0,0.0,0.0,0.0
4,4,0.06204651,0.18656053,0.0,0.0,0.6225451,0.067583494,0.0,0.061264377,0.0,0.0,0.0,0.0,0.0
4,4,0.06204651,0.18656053,0.0,0.0,0.6225451,0.067583494,0.0,0.061264377,0.0,0.0,0.0,0.0,0.0
4,4,0.06204651,0.18656053,0.0,0.0,0.6225451,0.067583494,0.0,0.061264377,0.0,0.0,0.0,0.0,0.0
4,4,0.06204651,0.18656053,0.0,0.0,0.6225451,0.067583494,0.0,0.061264377,0.0,0.0,0.0,0.0,0.0
4,4,0.06204651,0.18656053,0.0,0.0,0.6225451,0.067583494,0.0,0.061264377,0.0,0.0,0.0,0.0,0.0
4,4,0.06204651,0.18656053,0.0,0.0,0.6225451,0.067583494,0.0,0.061264377,0.0,0.0,0.0,0.0,0.0
4,4,0.06204651,0.18656053,0.0,0.0,0.6225451,0.067583494,0.0,0.061264377,0.0,0.0,0.0,0.0,0.0
4,4,0.06204651,0.18656053,0.0,0.0,0.6225451,0.067583494,0.0,0.061264377,0.0,0.0,0.0,0.0,0.0
4,4,0.06204651,0.18656053,0.0,0.0,0.6225451,0.067583494,0.0,0.061264377,0.0,0.0,0.0,0.0,0.0
4,4,0.06204651,0.18656053,0.0,0.0,0.6225451,0.067583494,0.0,0.061264377,0.0,0.0,0.0,0.0,0.0
4,4,0.06204651,0.18656053,0.0,0.0,0.6225451,0.067583494,0.0,0.061264377,0.0,0.0,0.0,0.0,0.0
4,4,0.06204651,0.18656053,0.0,0.0,0.6225451,0.067583494,0.0,0.061264377,0.0,0.0,0.0,0.0,0.0
4,4,0.06204651,0.18656053,0.0,0.0,0.6225451,0.067583494,0.0,0.061264377,0.0,0.0,0.0,0.0,0.0
4,4,0.06204651,0.18656053,0.0,0.0,0.55748147,0.13264711,0.0,0.061264377,0.0,0.0,0.0,0.0,0.0
4,4,0.06204651,0.18656053,0.0,0.0,0.55748147,0.13264711,0.0,0.061264377,0.0,0.0,0.0,0.0,0.0
4,4,0.06204651,0.18656053,0.0,0.0,0.55748147,0.13264711,0.0,0.061264377,0.0,0.0,0.0,0.0,0.0
4,4,0.06204651,0.18656053,0.0,0.0,0.55748147,0.13264711,0.0,0.061264377,0.0,0.0,0.0,0.0,0.0
4,4,0.06204651,0.18656053,0.0,0.0,0.55748147,0.13264711,0.0,0.061264377,0.0,0.0,0.0,0.0,0.0
4,4,0.06204651,0.18656053,0.0,0.0,0.55748147,0.13264711,0.0,0.061264377,0.0,0.0,0.0,0.0,0.0
4,4,0.06204651,0.18656053,0.0,0.0,0.55748147,0.13264711,0.0,0.061264377,0.0,0.0,0.0,0.0,0.0
4,4,0.06204651,0.18656053,0.0,0.0,0.55748147,0.13264711,0.0,0.061264377,0.0,0.0,0.0,0.0,0.0
4,4,0.06204651,0.18656053,0.0,0.0,0.55748147,0.13264711,0.0,0.061264377,0.0,0.0,0.0,0.0,0.0
4,4,0.06204651,0.18656053,0.0,0.0,0.55748147,0.13264711,0.0,0.061264377,0.0,0.0,0.0,0.0,0.0
4,4,0.06204651,0.18656053,0.0,0.0,0.55748147,0.13264711,0.0,0.061264377,0.0,0.0,0.0,0.0,0.0
4,4,0.06204651,0.18656053,0.0,0.0,0.55748147,0.13264711,0.0,0.061264377,0.0,0.0,0.0,0.0,0.0
4,4,0.06204651,0.18656053,0.0,0.0,0.55748147,0.13264711,0.0,0.061264377,0.0,0.0,0.0,0.0,0.0
4,4,0.06204651,0.18656053,0.0,0.0,0.55748147,0.13264711,0.0,0.061264377,0.0,0.0,0.0,0.0,0.0
4,4,0.06204651,0.18656053,0.0,0.0,0.55748147,0.13264711,0.0,0.061264377,0.0,0.0,0.0,0.0,0.0
4,4,0.06204651,0.18656053,0.0,0.0,0.55748147,0.13264711,0.0,0.061264377,0.0,0.0,0.0,0.0,0.0
4,4,0.06204651,0.18656053,0.0,0.0,0.55748147,0.13264711,0.0,0.061264377,0.0,0.0,0.0,0.0,0.0
4,4,0.06204651,0.18656053,0.0,0.0,0.55748147,0.13264711,0.0,0.061264377,0.0,0.0,0.0,0.0,0.0
4,4,0.06204651,0.18656053,0.0,0.0,0.55748147,0.13264711,0.0,0.061264377,0.0,0.0,0.0,0.0,0.0
4,4,0.06204651,0.18656053,0.0,0.0,0.55748147,0.13264711,0.0,0.061264377,0.0,0.0,0.0,0.0,0.0
4,4,0.06204651,0.18656053,0.0,0.0,0.55748147,0.13264711,0.0,0.061264377,0.0,0.0,0.0,0.0,0.0
4,4,0.06204651,0.18656053,0.0,0.0,0.55748147,0.13264711,0.0,0.061264377,0.0,0.0,0.0,0.0,0.0
4,4,0.06204651,0.18656053,0.0,0.0,0.55748147,0.13264711,0.0,0.061264377,0.0,0.0,0.0,0.0,0.0
4,4,0.06204651,0.18656053,0.0,0.0,0.55748147,0.13264711,0.0,0.061264377,0.0,0.0,0.0,0.0,0.0
4,4,0.06204651,0.18656053,0.0,0.0,0.55748147,0.13264711,0.0,0.061264377,0.0,0.0,0.0,0.0,0.0
4,4,0.06204651,0.18656053,0.0,0.0,0.55748147,0.13264711,0.0,0.061264377,0.0,0.0,0.0,0.0,0.0
4,4,0.06204651,0.18656053,0.0,0.0,0.55748147,0.13264711,0.0,0.061264377,0.0,0.0,0.0,0.0,0.0
4,4,0.06204651,0.18656053,0.0,0.0,0.55748147,0.13264711,0.0,0.061264377,0.0,0.0,0.0,0.0,0.0
4,4,0.06204651,0.18656053,0.0,0.0,0.55748147,0.13264711,0.0,0.061264377,0.0,0.0,0.0,0.0,0.0
4,4,0.06204651,0.18656053,0.0,0.0,0.55748147,0.13264711,0.0,0.061264377,0.0,0.0,0.0,0.0,0.0
4,4,0.06204651,0.18656053,0.0,0.0,0.5006845,0.13264711,0.056797005,0.061264377,0.0,0.0,0.0,0.0,0.0
4,4,0.06204651,0.18656053,0.0,0.0,0.5006845,0.13264711,0.056797005,0.061264377,0.0,0.0,0.0,0.0,0.0
4,4,0.06204651,0.18656053,0.0,0.0,0.5006845,0.13264711,0.056797005,0.061264377,0.0,0.0,0.0,0.0,0.0
4,4,0.06204651,0.18656053,0.0,0.0,0.5006845,0.13264711,0.056797005,0.061264377,0.0,0.0,0.0,0.0,0.0
4,4,0.06204651,0.18656053,0.0,0.0,0.5006845,0.13264711,0.056797005,0.061264377,0.0,0.0,0.0,0.0,0.0
4,4,0.06204651,0.18656053,0.0,0.0,0.5006845,0.13264711,0.056797005,0.061264377,0.0,0.0,0.0,0.0,0.0
4,4,0.06204651,0.18656053,0.0,0.0,0.5006845,0.13264711,0.056797005,0.061264377,0.0,0.0,0.0,0.0,0.0
4,4,0.06204651,0.18656053,0.0,0.0,0.5006845,0.13264711,0.056797005,0.061264377,0.0,0.0,0.0,0.0,0.0
4,4,0.06204651,0.18656053,0.0,0.0,0.5006845,0.13264711,0.056797005,0.061264377,0.0,0.0,0.0,0.0,0.0
4,4,0.06204651,0.18656053,0.0,0.0,0.5006845,0.13264711,0.056797005,0.061264377,0.0,0.0,0.0,0.0,0.0
4,4,0.06204651,0.18656053,0.0,0.0,0.5006845,0.13264711,0.056797005,0.061264377,0.0,0.0,0.0,0.0,0.0
4,4,0.06204651,0.18656053,0.0,0.0,0.5006845,0.13264711,0.056797005,0.061264377,0.0,0.0,0.0,0.0,0.0
4,4,0.06204651,0.18656053,0.0,0.0,0.5006845,0.13264711,0.056797005,0.061264377,0.0,0.0,0.0,0.0,0.0
4,4,0.06204651,0.18656053,0.0,0.0,0.5006845,0.13264711,0.056797005,0.061264377,0.0,0.0,0.0,0.0,0.0
4,4,0.06204651,0.18656053,0.0,0.0,0.5006845,0.13264711,0.056797005,0.061264377,0.0,0.0,0.0,0.0,0.0
4,4,0.06204651,0.18656053,0.0,0.0,0.5006845,0.13264711,0.056797005,0.061264377,0.0,0.0,0.0,0.0,0.0
4,4,0.06204651,0.18656053,0.0,0.0,0.5006845,0.13264711,0.056797005,0.061264377,0.0,0.0,0.0,0.0,0.0
4,4,0.06204651,0.18656053,0.0,0.0,0.5006845,0.13264711,0.056797005,0.061264377,0.0,0.0,0.0,0.0,0.0
4,4,0.06204651,0.18656053,0.0,0.0,0.5006845,0.13264711,0.056797005,0.061264377,0.0,0.0,0.0,0.0,0.0
4,4,0.06204651,0.18656053,0.0,0.0,0.5006845,0.13264711,0.056797005,0.061264377,0.0,0.0,0.0,0.0,0.0
4,4,0.06204651,0.18656053,0.0,0.0,0.5006845,0.13264711,0.056797005,0.061264377,0.0,0.0,0.0,0.0,0.0
4,4,0.06204651,0.18656053,0.0,0.0,0.5006845,0.13264711,0.056797005,0.061264377,0.0,0.0,0.0,0.0,0.0
4,4,0.06204651,0.18656053,0.0,0.0,0.5006845,0.13264711,0.056797005,0.061264377,0.0,0.0,0.0,0.0,0.0
4,4,0.06204651,0.18656053,0.0,0.0,0.5006845,0.13264711,0.056797005,0.061264377,0.0,0.0,0.0,0.0,0.0
4,4,0.06204651,0.18656053,0.0,0.0,0.5006845,0.13264711,0.056797005,0.061264377,0.0,0.0,0.0,0.0,0.0
4,4,0.06204651,0.18656053,0.0,0.0,0.5006845,0.13264711,0.056797005,0.061264377,0.0,0.0,0.0,0.0,0.0
4,4,0.06204651,0.18656053,0.0,0.0,0.5006845,0.13264711,0.056797005,0.061264377,0.0,0.0,0.0,0.0,0.0
4,4,0.06204651,0.18656053,0.0,0.0,0.5006845,0.13264711,0.056797005,0.061264377,0.0,0.0,0.0,0.0,0.0
4,4,0.06204651,0.18656053,0.0,0.0,0.5006845,0.13264711,0.056797005,0.061264377,0.0,0.0,0.0,0.0,0.0
4,4,0.06204651,0.18656053,0.0,0.0,0.5006845,0.13264711,0.056797005,0.061264377,0.0,0.0,0.0,0.0,0.0
4,4,0.06204651,0.18656053,0.0,0.0,0.5006845,0.13264711,0.056797005,0.061264377,0.0,0.0,0.0,0.0,0.0
4,4,0.06204651,0.18656053,0.0,0.0,0.5006845,0.13264711,0.056797005,0.061264377,0.0,0.0,0.0,0.0,0.0
4,4,0.06204651,0.18656053,0.0,0.0,0.5006845,0.13264711,0.056797005,0.061264377,0.0,0.0,0.0,0.0,0.0
4,4,0.06204651,0.18656053,0.0,0.0,0.5006845,0.13264711,0.056797005,0.061264377,0.0,0.0,0.0,0.0,0.0
4,4,0.06204651,0.18656053,0.0,0.0,0.5006845,0.13264711,0.056797005,0.061264377,0.0,0.0,0.0,0.0,0.0
4,4,0.06204651,0.18656053,0.0,0.0,0.5006845,0.13264711,0.056797005,0.061264377,0.0,0.0,0.0,0.0,0.0
4,4,0.06204651,0.18656053,0.0,0.0,0.5006845,0.13264711,0.056797005,0.061264377,0.0,0.0,0.0,0.0,0.0
4,4,0.06204651,0.18656053,0.0,0.0,0.5006845,0.13264711,0.056797005,0.061264377,0.0,0.0,0.0,0.0,0.0
4,4,0.06204651,0.18656053,0.0,0.0,0.5006845,0.13264711,0.056797005,0.061264377,0.0,0.0,0.0,0.0,0.0
4,4,0.06204651,0.18656053,0.0,0.0,0.5006845,0.13264711,0.056797005,0.061264377,0.0,0.0,0.0,0.0,0.0
4,4,0.06204651,0.18656053,0.0,0.0,0.5006845,0.13264711,0.056797005,0.061264377,0.0,0.0,0.0,0.0,0.0
4,4,0.06204651,0.18656053,0.0,0.0,0.5006845,0.13264711,0.056797005,0.061264377,0.0,0.0,0.0,0.0,0.0
4,4,0.06204651,0.18656053,0.0,0.0,0.5006845,0.13264711,0.056797005,0.061264377,0.0,0.0,0.0,0.0,0.0
4,4,0.06204651,0.18656053,0.0,0.0,0.5006845,0.13264711,0.056797005,0.061264377,0.0,0.0,0.0,0.0,0.0
4,4,0.06204651,0.18656053,0.0,0.0,0.5006845,0.13264711,0.056797005,0.061264377,0.0,0.0,0.0,0.0,0.0
4,4,0.06204651,0.18656053,0.0,0.0,0.5006845,0.13264711,0.056797005,0.061264377,0.0,0.0,0.0,0.0,0.0
4,4,0.0,0.24860701,0.0,0.0,0.4354945,0.1978371,0.056797005,0.061264377,0.0,0.0,0.0,0.0,0.0
4,4,0.0,0.24860701,0.0,0.0,0.4354945,0.1978371,0.056797005,0.061264377,0.0,0.0,0.0,0.0,0.0
4,4,0.0,0.24860701,0.0,0.0,0.4354945,0.1978371,0.056797005,0.061264377,0.0,0.0,0.0,0.0,0.0
4,4,0.0,0.24860701,0.0,0.0,0.4354945,0.1978371,0.056797005,0.061264377,0.0,0.0,0.0,0.0,0.0
4,4,0.0,0.24860701,0.0,0.0,0.4354945,0.1978371,0.056797005,0.061264377,0.0,0.0,0.0,0.0,0.0
4,4,0.0,0.24860701,0.0,0.0,0.4354945,0.1978371,0.056797005,0.061264377,0.0,0.0,0.0,0.0,0.0
4,4,0.0,0.24860701,0.0,0.0,0.4354945,0.1978371,0.056797005,0.061264377,0.0,0.0,0.0,0.0,0.0
4,4,0.0,0.24860701,0.0,0.0,0.4354945,0.1978371,0.056797005,0.061264377,0.0,0.0,0.0,0.0,0.0
4,4,0.0,0.24860701,0.0,0.0,0.4354945,0.1978371,0.056797005,0.061264377,0.0,0.0,0.0,0.0,0.0
4,4,0.0,0.24860701,0.0,0.0,0.4354945,0.1978371,0.056797005,0.061264377,0.0,0.0,0.0,0.0,0.0
4,4,0.0,0.24860701,0.0,0.0,0.4354945,0.1978371,0.056797005,0.061264377,0.0,0.0,0.0,0.0,0.0
4,4,0.0,0.24860701,0.0,0.0,0.4354945,0.1978371,0.056797005,0.061264377,0.0,0.0,0.0,0.0,0.0
4,4,0.0,0.24860701,0.0,0.0,0.4354945,0.1978371,0.056797005,0.061264377,0.0,0.0,0.0,0.0,0.0
4,4,0.0,0.24860701,0.0,0.0,0.4354945,0.1978371,0.056797005,0.061264377,0.0,0.0,0.0,0.0,0.0
4,4,0.0,0.24860701,0.0,0.0,0.4354945,0.1978371,0.056797005,0.061264377,0.0,0.0,0.0,0.0,0.0
4,4,0.0,0.24860701,0.0,0.0,0.4354945,0.1978371,0.056797005,0.061264377,0.0,0.0,0.0,0.0,0.0
4,4,0.0,0.24860701,0.0,0.0,0.4354945,0.1978371,0.056797005,0.061264377,0.0,0.0,0.0,0.0,0.0
4,4,0.0,0.24860701,0.0,0.0,0.4354945,0.1978371,0.056797005,0.061264377,0.0,0.0,0.0,0.0,0.0
4,4,0.0,0.24860701,0.0,0.0,0.4354945,0.1978371,0.056797005,0.061264377,0.0,0.0,0.0,0.0,0.0
4,4,0.0,0.24860701,0.0,0.0,0.4354945,0.1978371,0.056797005,0.061264377,0.0,0.0,0.0,0.0,0.0
4,4,0.0,0.24860701,0.0,0.0,0.4354945,0.1978371,0.056797005,0.061264377,0.0,0.0,0.0,0.0,0.0
4,4,0.0,0.24860701,0.0,0.0,0.4354945,0.1978371,0.056797005,0.061264377,0.0,0.0,0.0,0.0,0.0
4,4,0.0,0.24860701,0.0,0.0,0.4354945,0.1978371,0.056797005,0.061264377,0.0,0.0,0.0,0.0,0.0
4,4,0.0,0.24860701,0.0,0.0,0.4354945,0.1978371,0.056797005,0.061264377,0.0,0.0,0.0,0.0,0.0
4,4,0.0,0.24860701,0.0,0.0,0.4354945,0.1978371,0.056797005,0.061264377,0.0,0.0,0.0,0.0,0.0
4,4,0.0,0.24860701,0.0,0.0,0.4354945,0.1978371,0.056797005,0.061264377,0.0,0.0,0.0,0.0,0.0
4,4,0.0,0.24860701,0.0,0.0,0.4354945,0.1978371,0.056797005,0.061264377,0.0,0.0,0.0,0.0,0.0
4,4,0.0,0.24860701,0.0,0.0,0.4354945,0.1978371,0.056797005,0.061264377,0.0,0.0,0.0,0.0,0.0
4,4,0.0,0.24860701,0.0,0.0,0.4354945,0.1978371,0.056797005,0.061264377,0.0,0.0,0.0,0.0,0.0
4,4,0.0,0.24860701,0.0,0.0,0.4354945,0.1978371,0.056797005,0.061264377,0.0,0.0,0.0,0.0,0.0
4,4,0.0,0.24860701,0.0,0.0,0.4354945,0.1978371,0.056797005,0.061264377,0.0,0.0,0.0,0.0,0.0
4,4,0.0,0.24860701,0.0,0.0,0.4354945,0.1978371,0.056797005,0.061264377,0.0,0.0,0.0,0.0,0.0
4,4,0.0,0.24860701,0.0,0.0,0.4354945,0.1978371,0.056797005,0.061264377,0.0,0.0,0.0,0.0,0.0
4,4,0.0,0.24860701,0.0,0.0,0.4354945,0.1978371,0.056797005,0.061264377,0.0,0.0,0.0,0.0,0.0
4,4,0.0,0.24860701,0.0,0.0,0.4354945,0.1978371,0.056797005,0.061264377,0.0,0.0,0.0,0.0,0.0
4,4,0.0,0.24860701,0.0,0.0,0.4354945,0.1978371,0.056797005,0.061264377,0.0,0.0,0.0,0.0,0.0
4,4,0.0,0.24860701,0.0,0.0,0.4354945,0.1978371,0.056797005,0.061264377,0.0,0.0,0.0,0.0,0.0
4,4,0.0,0.24860701,0.0,0.0,0.4354945,0.1978371,0.056797005,0.061264377,0.0,0.0,0.0,0.0,0.0
4,4,0.0,0.24860701,0.0,0.0,0.4354945,0.1978371,0.056797005,0.061264377,0.0,0.0,0.0,0.0,0.0
4,4,0.0,0.24860701,0.0,0.0,0.4354945,0.1978371,0.056797005,0.061264377,0.0,0.0,0.0,0.0,0.0
4,4,0.0,0.24860701,0.0,0.0,0.4354945,0.1978371,0.056797005,0.061264377,0.0,0.0,0.0,0.0,0.0
4,4,0.0,0.24860701,0.0,0.0,0.4354945,0.1978371,0.056797005,0.061264377,0.0,0.0,0.0,0.0,0.0
4,4,0.0,0.24860701,0.0,0.0,0.4354945,0.1978371,0.056797005,0.061264377,0.0,0.0,0.0,0.0,0.0
4,4,0.0,0.24860701,0.0,0.0,0.4354945,0.1978371,0.056797005,0.061264377,0.0,0.0,0.0,0.0,0.0
4,4,0.0,0.24860701,0.0,0.0,0.4354945,0.1978371,0.056797005,0.061264377,0.0,0.0,0.0,0.0,0.0
4,4,0.0,0.24860701,0.0,0.0,0.4354945,0.1978371,0.056797005,0.061264377,0.0,0.0,0.0,0.0,0.0
4,4,0.0,0.24860701,0.0,0.0,0.4354945,0.1978371,0.056797005,0.061264377,0.0,0.0,0.0,0.0,0.0
4,4,0.0,0.24860701,0.0,0.0,0.4354945,0.1978371,0.056797005,0.061264377,0.0,0.0,0.0,0.0,0.0
4,4,0.0,0.24860701,0.0,0.0,0.4354945,0.1978371,0.056797005,0.061264377,0.0,0.0,0.0,0.0,0.0
4,4,0.0,0.24860701,0.0,0.0,0.4354945,0.1978371,0.056797005,0.061264377,0.0,0.0,0.0,0.0,0.0
4,4,0.0,0.24860701,0.0,0.0,0.4354945,0.1978371,0.056797005,0.061264377,0.0,0.0,0.0,0.0,0.0
4,4,0.0,0.24860701,0.0,0.0,0.4354945,0.1978371,0.056797005,0.061264377,0.0,0.0,0.0,0.0,0.0
4,4,0.0,0.24860701,0.0,0.0,0.4354945,0.1978371,0.056797005,0.061264377,0.0,0.0,0.0,0.0,0.0
4,4,0.0,0.24860701,0.0,0.0,0.4354945,0.1978371,0.056797005,0.061264377,0.0,0.0,0.0,0.0,0.0
4,4,0.0,0.24860701,0.0,0.0,0.4354945,0.1978371,0.056797005,0.061264377,0.0,0.0,0.0,0.0,0.0
4,4,0.0,0.24860701,0.0,0.0,0.4354945,0.1978371,0.056797005,0.061264377,0.0,0.0,0.0,0.0,0.0
4,4,0.0,0.24860701,0.0,0.0,0.4354945,0.1978371,0.056797005,0.061264377,0.0,0.0,0.0,0.0,0.0
4,4,0.0,0.24860701,0.0,0.0,0.4354945,0.1978371,0.056797005,0.061264377,0.0,0.0,0.0,0.0,0.0
4,4,0.0,0.24860701,0.0,0.0,0.4354945,0.1978371,0.056797005,0.061264377,0.0,0.0,0.0,0.0,0.0
4,4,0.0,0.24860701,0.0,0.0,0.4354945,0.1978371,0.056797005,0.061264377,0.0,0.0,0.0,0.0,0.0
4,4,0.0,0.24860701,0.0,0.0,0.4354945,0.1978371,0.056797005,0.061264377,0.0,0.0,0.0,0.0,0.0
4,4,0.0,0.24860701,0.0,0.0,0.4354945,0.1978371,0.056797005,0.061264377,0.0,0.0,0.0,0.0,0.0
4,4,0.0,0.24860701,0.0,0.0,0.4354945,0.1978371,0.056797005,0.061264377,0.0,0.0,0.0,0.0,0.0
4,4,0.0,0.24860701,0.0,0.0,0.4354945,0.1978371,0.056797005,0.061264377,0.0,0.0,0.0,0.0,0.0
4,4,0.0,0.24860701,0.0,0.0,0.4354945,0.1978371,0.056797005,0.061264377,0.0,0.0,0.0,0.0,0.0
4,4,0.0,0.24860701,0.0,0.0,0.4354945,0.1978371,0.056797005,0.061264377,0.0,0.0,0.0,0.0,0.0
4,4,0.0,0.24860701,0.0,0.0,0.4354945,0.1978371,0.056797005,0.061264377,0.0,0.0,0.0,0.0,0.0
4,4,0.0,0.24860701,0.0,0.0,0.4354945,0.1978371,0.056797005,0.061264377,0.0,0.0,0.0,0.0,0.0
4,4,0.0,0.24860701,0.0,0.0,0.4354945,0.1978371,0.056797005,0.061264377,0.0,0.0,0.0,0.0,0.0
4,4,0.0,0.24860701,0.0,0.0,0.4354945,0.1978371,0.056797005,0.061264377,0.0,0.0,0.0,0.0,0.0
4,4,0.0,0.24860701,0.0,0.0,0.4354945,0.1978371,0.056797005,0.061264377,0.0,0.0,0.0,0.0,0.0
4,4,0.0,0.24860701,0.0,0.0,0.4354945,0.1978371,0.056797005,0.061264377,0.0,0.0,0.0,0.0,0.0
4,4,0.0,0.24860701,0.0,0.0,0.4354945,0.1978371,0.056797005,0.061264377,0.0,0.0,0.0,0.0,0.0
4,4,0.0,0.24860701,0.0,0.0,0.4354945,0.1978371,0.056797005,0.061264377,0.0,0.0,0.0,0.0,0.0
4,4,0.0,0.24860701,0.0,0.0,0.4354945,0.1978371,0.056797005,0.061264377,0.0,0.0,0.0,0.0,0.0
4,4,0.0,0.24860701,0.0,0.0,0.4354945,0.1978371,0.056797005,0.061264377,0.0,0.0,0.0,0.0,0.0
4,4,0.0,0.24860701,0.0,0.0,0.4354945,0.1978371,0.056797005,0.061264377,0.0,0.0,0.0,0.0,0.0
4,4,0.0,0.24860701,0.0,0.0,0.4354945,0.1978371,0.056797005,0.061264377,0.0,0.0,0.0,0.0,0.0
4,4,0.0,0.24860701,0.0,0.0,0.4354945,0.1978371,0.056797005,0.061264377,0.0,0.0,0.0,0.0,0.0
4,4,0.0,0.24860701,0.0,0.0,0.4354945,0.1978371,0.056797005,0.061264377,0.0,0.0,0.0,0.0,0.0
4,4,0.0,0.24860701,0.0,0.0,0.4354945,0.1978371,0.056797005,0.061264377,0.0,0.0,0.0,0.0,0.0
4,4,0.0,0.24860701,0.0,0.0,0.4354945,0.1978371,0.056797005,0.061264377,0.0,0.0,0.0,0.0,0.0
4,4,0.0,0.24860701,0.0,0.0,0.4354945,0.1978371,0.056797005,0.061264377,0.0,0.0,0.0,0.0,0.0
4,4,0.0,0.24860701,0.0,0.0,0.4354945,0.1978371,0.056797005,0.061264377,0.0,0.0,0.0,0.0,0.0
4,4,0.0,0.24860701,0.0,0.0,0.4354945,0.1978371,0.056797005,0.061264377,0.0,0.0,0.0,0.0,0.0
4,4,0.0,0.24860701,0.0,0.0,0.4354945,0.1978371,0.056797005,0.061264377,0.0,0.0,0.0,0.0,0.0
4,4,0.0,0.24860701,0.0,0.0,0.4354945,0.1978371,0.056797005,0.061264377,0.0,0.0,0.0,0.0,0.0
4,4,0.0,0.24860701,0.0,0.0,0.4354945,0.1978371,0.056797005,0.061264377,0.0,0.0,0.0,0.0,0.0
4,4,0.0,0.24860701,0.0,0.0,0.4354945,0.1978371,0.056797005,0.061264377,0.0,0.0,0.0,0.0,0.0
4,4,0.0,0.24860701,0.0,0.0,0.4354945,0.1978371,0.056797005,0.061264377,0.0,0.0,0.0,0.0,0.0
4,4,0.0,0.24860701,0.0,0.0,0.4354945,0.1978371,0.056797005,0.061264377,0.0,0.0,0.0,0.0,0.0
4,4,0.0,0.24860701,0.0,0.0,0.4354945,0.1978371,0.056797005,0.061264377,0.0,0.0,0.0,0.0,0.0
4,4,0.0,0.24860701,0.0,0.0,0.4354945,0.1978371,0.056797005,0.061264377,0.0,0.0,0.0,0.0,0.0
4,4,0.0,0.24860701,0.0,0.0,0.4354945,0.1978371,0.056797005,0.061264377,0.0,0.0,0.0,0.0,0.0
4,4,0.0,0.24860701,0.0,0.0,0.4354945,0.1978371,0.056797005,0.061264377,0.0,0.0,0.0,0.0,0.0
4,4,0.0,0.24860701,0.0,0.0,0.4354945,0.1978371,0.056797005,0.061264377,0.0,0.0,0.0,0.0,0.0
4,4,0.0,0.24860701,0.0,0.0,0.4354945,0.1978371,0.056797005,0.061264377,0.0,0.0,0.0,0.0,0.0
4,4,0.0,0.24860701,0.0,0.0,0.4354945,0.1978371,0.056797005,0.061264377,0.0,0.0,0.0,0.0,0.0
4,4,0.0,0.24860701,0.0,0.0,0.4354945,0.1978371,0.056797005,0.061264377,0.0,0.0,0.0,0.0,0.0
4,4,0.0,0.24860701,0.0,0.0,0.4354945,0.1978371,0.056797005,0.061264377,0.0,0.0,0.0,0.0,0.0
4,4,0.0,0.24860701,0.0,0.0,0.4354945,0.1978371,0.056797005,0.061264377,0.0,0.0,0.0,0.0,0.0
4,4,0.0,0.24860701,0.0,0.0,0.4354945,0.1978371,0.056797005,0.061264377,0.0,0.0,0.0,0.0,0.0
4,4,0.0,0.24860701,0.0,0.0,0.4354945,0.1978371,0.056797005,0.061264377,0.0,0.0,0.0,0.0,0.0
4,4,0.0,0.24860701,0.0,0.0,0.4354945,0.1978371,0.056797005,0.061264377,0.0,0.0,0.0,0.0,0.0
4,4,0.0,0.24860701,0.0,0.0,0.5006845,0.13264711,0.056797005,0.061264377,0.0,0.0,0.0,0.0,0.0
4,4,0.0,0.24860701,0.0,0.0,0.5006845,0.13264711,0.056797005,0.061264377,0.0,0.0,0.0,0.0,0.0
4,4,0.0,0.24860701,0.0,0.0,0.5006845,0.13264711,0.056797005,0.061264377,0.0,0.0,0.0,0.0,0.0
4,4,0.0,0.24860701,0.0,0.0,0.5006845,0.13264711,0.056797005,0.061264377,0.0,0.0,0.0,0.0,0.0
4,4,0.0,0.24860701,0.0,0.0,0.5006845,0.13264711,0.056797005,0.061264377,0.0,0.0,0.0,0.0,0.0
4,4,0.0,0.24860701,0.0,0.0,0.5006845,0.13264711,0.056797005,0.061264377,0.0,0.0,0.0,0.0,0.0
4,4,0.0,0.24860701,0.0,0.0,0.5006845,0.13264711,0.056797005,0.061264377,0.0,0.0,0.0,0.0,0.0
4,4,0.0,0.24860701,0.0,0.0,0.5006845,0.13264711,0.056797005,0.061264377,0.0,0.0,0.0,0.0,0.0
4,4,0.0,0.24860701,0.0,0.0,0.5006845,0.13264711,0.056797005,0.061264377,0.0,0.0,0.0,0.0,0.0
4,4,0.0,0.24860701,0.0,0.0,0.5006845,0.13264711,0.056797005,0.061264377,0.0,0.0,0.0,0.0,0.0
4,4,0.0,0.24860701,0.0,0.0,0.5006845,0.13264711,0.056797005,0.061264377,0.0,0.0,0.0,0.0,0.0
4,4,0.0,0.24860701,0.0,0.0,0.5006845,0.13264711,0.056797005,0.061264377,0.0,0.0,0.0,0.0,0.0
4,4,0.0,0.24860701,0.0,0.0,0.5006845,0.13264711,0.056797005,0.061264377,0.0,0.0,0.0,0.0,0.0
4,4,0.0,0.24860701,0.0,0.0,0.5006845,0.13264711,0.056797005,0.061264377,0.0,0.0,0.0,0.0,0.0
4,4,0.0,0.24860701,0.0,0.0,0.5006845,0.13264711,0.056797005,0.061264377,0.0,0.0,0.0,0.0,0.0
4,4,0.0,0.24860701,0.0,0.0,0.5006845,0.13264711,0.056797005,0.061264377,0.0,0.0,0.0,0.0,0.0
4,4,0.0,0.24860701,0.0,0.0,0.5006845,0.13264711,0.056797005,0.061264377,0.0,0.0,0.0,0.0,0.0
4,4,0.0,0.24860701,0.0,0.0,0.5006845,0.13264711,0.056797005,0.061264377,0.0,0.0,0.0,0.0,0.0
4,4,0.0,0.24860701,0.0,0.0,0.5006845,0.13264711,0.056797005,0.061264377,0.0,0.0,0.0,0.0,0.0
4,4,0.0,0.24860701,0.0,0.0,0.5006845,0.13264711,0.056797005,0.061264377,0.0,0.0,0.0,0.0,0.0
4,4,0.0,0.24860701,0.0,0.0,0.5006845,0.13264711,0.056797005,0.061264377,0.0,0.0,0.0,0.0,0.0
4,4,0.0,0.24860701,0.0,0.0,0.5006845,0.13264711,0.056797005,0.061264377,0.0,0.0,0.0,0.0,0.0
4,4,0.0,0.24860701,0.0,0.0,0.5006845,0.13264711,0.056797005,0.061264377,0.0,0.0,0.0,0.0,0.0
4,4,0.0,0.24860701,0.0,0.0,0.5006845,0.13264711,0.056797005,0.061264377,0.0,0.0,0.0,0.0,0.0
4,4,0.0,0.24860701,0.0,0.0,0.5006845,0.13264711,0.056797005,0.061264377,0.0,0.0,0.0,0.0,0.0
4,4,0.0,0.24860701,0.0,0.0,0.5006845,0.13264711,0.056797005,0.061264377,0.0,0.0,0.0,0.0,0.0
4,4,0.0,0.24860701,0.0,0.0,0.5006845,0.13264711,0.056797005,0.061264377,0.0,0.0,0.0,0.0,0.0
4,4,0.0,0.24860701,0.0,0.0,0.5006845,0.13264711,0.056797005,0.061264377,0.0,0.0,0.0,0.0,0.0
4,4,0.0,0.24860701,0.0,0.0,0.5006845,0.13264711,0.056797005,0.061264377,0.0,0.0,0.0,0.0,0.0
4,4,0.0,0.24860701,0.0,0.0,0.5006845,0.13264711,0.056797005,0.061264377,0.0,0.0,0.0,0.0,0.0
4,4,0.0,0.24860701,0.0,0.0,0.5006845,0.13264711,0.056797005,0.061264377,0.0,0.0,0.0,0.0,0.0
4,4,0.0,0.24860701,0.0,0.0,0.5006845,0.13264711,0.056797005,0.061264377,0.0,0.0,0.0,0.0,0.0
4,4,0.0,0.24860701,0.0,0.0,0.5006845,0.13264711,0.056797005,0.061264377,0.0,0.0,0.0,0.0,0.0
4,4,0.0,0.24860701,0.0,0.0,0.5006845,0.13264711,0.056797005,0.061264377,0.0,0.0,0.0,0.0,0.0
4,4,0.0,0.24860701,0.0,0.0,0.5006845,0.13264711,0.056797005,0.061264377,0.0,0.0,0.0,0.0,0.0
4,4,0.0,0.24860701,0.0,0.0,0.5006845,0.13264711,0.056797005,0.061264377,0.0,0.0,0.0,0.0,0.0
4,4,0.0,0.24860701,0.0,0.0,0.5006845,0.13264711,0.056797005,0.061264377,0.0,0.0,0.0,0.0,0.0
4,4,0.0,0.24860701,0.0,0.0,0.55748147,0.13264711,0.0,0.061264377,0.0,0.0,0.0,0.0,0.0
4,4,0.0,0.24860701,0.0,0.0,0.55748147,0.13264711,0.0,0.061264377,0.0,0.0,0.0,0.0,0.0
4,4,0.0,0.24860701,0.0,0.0,0.55748147,0.13264711,0.0,0.061264377,0.0,0.0,0.0,0.0,0.0
4,4,0.0,0.24860701,0.0,0.0,0.6225451,0.067583494,0.0,0.061264377,0.0,0.0,0.0,0.0,0.0
4,4,0.0,0.24860701,0.0,0.0,0.6225451,0.067583494,0.0,0.061264377,0.0,0.0,0.0,0.0,0.0
4,4,0.0,0.24860701,0.0,0.0,0.6225451,0.067583494,0.0,0.061264377,0.0,0.0,0.0,0.0,0.0
4,4,0.0,0.24860701,0.0,0.0,0.6225451,0.067583494,0.0,0.061264377,0.0,0.0,0.0,0.0,0.0
4,4,0.0,0.24860701,0.0,0.0,0.6225451,0.067583494,0.0,0.061264377,0.0,0.0,0.0,0.0,0.0
4,4,0.0,0.24860701,0.0,0.0,0.6225451,0.067583494,0.0,0.061264377,0.0,0.0,0.0,0.0,0.0
4,4,0.0,0.24860701,0.0,0.0,0.6225451,0.067583494,0.0,0.061264377,0.0,0.0,0.0,0.0,0.0
4,4,0.0,0.24860701,0.0,0.0,0.6225451,0.067583494,0.0,0.061264377,0.0,0.0,0.0,0.0,0.0
4,4,0.0,0.24860701,0.0,0.0,0.6225451,0.067583494,0.0,0.061264377,0.0,0.0,0.0,0.0,0.0
4,4,0.0,0.24860701,0.0,0.0,0.6225451,0.067583494,0.0,0.061264377,0.0,0.0,0.0,0.0,0.0
4,4,0.0,0.24860701,0.0,0.0,0.6225451,0.067583494,0.0,0.061264377,0.0,0.0,0.0,0.0,0.0
4,4,0.0,0.24860701,0.0,0.0,0.6225451,0.067583494,0.0,0.061264377,0.0,0.0,0.0,0.0,0.0
4,4,0.0,0.18656051,0.0,0.0,0.6845916,0.06758349,0.0,0.06126437,0.0,0.0,0.0,0.0,0.0
4,4,0.0,0.18656051,0.0,0.0,0.6845916,0.06758349,0.0,0.06126437,0.0,0.0,0.0,0.0,0.0
4,4,0.0,0.18656051,0.0,0.0,0.6845916,0.06758349,0.0,0.06126437,0.0,0.0,0.0,0.0,0.0
4,4,0.0,0.18656051,0.0,0.0,0.6845916,0.06758349,0.0,0.06126437,0.0,0.0,0.0,0.0,0.0
4,4,0.0,0.18656051,0.0,0.0,0.6845916,0.06758349,0.0,0.06126437,0.0,0.0,0.0,0.0,0.0
4,4,0.0,0.18656051,0.0,0.0,0.6845916,0.06758349,0.0,0.06126437,0.0,0.0,0.0,0.0,0.0
4,4,0.0,0.18656051,0.0,0.0,0.6845916,0.06758349,0.0,0.06126437,0.0,0.0,0.0,0.0,0.0
4,4,0.0,0.18656051,0.0,0.0,0.6845916,0.06758349,0.0,0.06126437,0.0,0.0,0.0,0.0,0.0
4,4,0.0,0.18656051,0.0,0.0,0.6845916,0.06758349,0.0,0.06126437,0.0,0.0,0.0,0.0,0.0
4,4,0.0,0.18656051,0.0,0.0,0.6845916,0.06758349,0.0,0.06126437,0.0,0.0,0.0,0.0,0.0
4,4,0.0,0.18656051,0.0,0.0,0.6845916,0.06758349,0.0,0.06126437,0.0,0.0,0.0,0.0,0.0
4,4,0.0,0.18656051,0.0,0.0,0.6845916,0.06758349,0.0,0.06126437,0.0,0.0,0.0,0.0,0.0
4,4,0.0,0.12364078,0.0,0.0,0.7475113,0.06758349,0.0,0.06126437,0.0,0.0,0.0,0.0,0.0
4,4,0.0,0.12364078,0.0,0.0,0.7475113,0.06758349,0.0,0.06126437,0.0,0.0,0.0,0.0,0.0
4,4,0.0,0.12364078,0.0,0.0,0.7475113,0.06758349,0.0,0.06126437,0.0,0.0,0.0,0.0,0.0
4,4,0.0,0.12364078,0.0,0.0,0.7475113,0.06758349,0.0,0.06126437,0.0,0.0,0.0,0.0,0.0
4,4,0.0,0.12364078,0.0,0.0,0.7475113,0.06758349,0.0,0.06126437,0.0,0.0,0.0,0.0,0.0
4,4,0.0,0.12364078,0.0,0.0,0.7475113,0.06758349,0.0,0.06126437,0.0,0.0,0.0,0.0,0.0
4,4,0.0,0.12364078,0.0,0.0,0.7475113,0.06758349,0.0,0.06126437,0.0,0.0,0.0,0.0,0.0
4,4,0.0,0.12364078,0.0,0.0,0.7475113,0.06758349,0.0,0.06126437,0.0,0.0,0.0,0.0,0.0
4,4,0.0,0.12364078,0.0,0.0,0.7475113,0.06758349,0.0,0.06126437,0.0,0.0,0.0,0.0,0.0
4,4,0.0,0.12364078,0.0,0.0,0.7475113,0.06758349,0.0,0.06126437,0.0,0.0,0.0,0.0,0.0
4,4,0.0,0.12364078,0.0,0.0,0.7475113,0.06758349,0.0,0.06126437,0.0,0.0,0.0,0.0,0.0
4,4,0.0,0.12364078,0.0,0.0,0.7475113,0.06758349,0.0,0.06126437,0.0,0.0,0.0,0.0,0.0
4,4,0.0,0.12364078,0.0,0.0,0.7475113,0.06758349,0.0,0.06126437,0.0,0.0,0.0,0.0,0.0
4,4,0.0,0.12364078,0.0,0.0,0.7475113,0.06758349,0.0,0.06126437,0.0,0.0,0.0,0.0,0.0
4,4,0.0,0.12364078,0.0,0.0,0.7475113,0.06758349,0.0,0.06126437,0.0,0.0,0.0,0.0,0.0
4,4,0.0,0.12364078,0.0,0.0,0.7475113,0.06758349,0.0,0.06126437,0.0,0.0,0.0,0.0,0.0
4,4,0.0,0.06188828,0.0,0.0,0.80926377,0.06758349,0.0,0.06126437,0.0,0.0,0.0,0.0,0.0
4,4,0.0,0.06188828,0.0,0.0,0.80926377,0.06758349,0.0,0.06126437,0.0,0.0,0.0,0.0,0.0
4,4,0.0,0.06188828,0.0,0.0,0.80926377,0.06758349,0.0,0.06126437,0.0,0.0,0.0,0.0,0.0
4,4,0.0,0.06188828,0.0,0.0,0.80926377,0.06758349,0.0,0.06126437,0.0,0.0,0.0,0.0,0.0
4,4,0.0,0.06188828,0.0,0.0,0.80926377,0.06758349,0.0,0.06126437,0.0,0.0,0.0,0.0,0.0
4,4,0.0,0.06188828,0.0,0.0,0.80926377,0.06758349,0.0,0.06126437,0.0,0.0,0.0,0.0,0.0
4,4,0.0,0.06188828,0.0,0.0,0.80926377,0.06758349,0.0,0.06126437,0.0,0.0,0.0,0.0,0.0
4,4,0.0,0.06188828,0.0,0.0,0.80926377,0.06758349,0.0,0.06126437,0.0,0.0,0.0,0.0,0.0
4,4,0.0,0.06188828,0.0,0.0,0.80926377,0.06758349,0.0,0.06126437,0.0,0.0,0.0,0.0,0.0
4,4,0.0,0.06188828,0.0,0.0,0.80926377,0.06758349,0.0,0.06126437,0.0,0.0,0.0,0.0,0.0
4,4,0.0,0.06188828,0.0,0.0,0.80926377,0.06758349,0.0,0.06126437,0.0,0.0,0.0,0.0,0.0
4,4,0.0,0.06188828,0.0,0.0,0.80926377,0.06758349,0.0,0.06126437,0.0,0.0,0.0,0.0,0.0
4,4,0.0,0.06188828,0.0,0.0,0.80926377,0.06758349,0.0,0.06126437,0.0,0.0,0.0,0.0,0.0
4,4,0.0,0.06188828,0.0,0.0,0.80926377,0.06758349,0.0,0.06126437,0.0,0.0,0.0,0.0,0.0
4,4,0.0,0.06188828,0.0,0.0,0.80926377,0.06758349,0.0,0.06126437,0.0,0.0,0.0,0.0,0.0
4,4,0.0,0.06188828,0.0,0.0,0.80926377,0.06758349,0.0,0.06126437,0.0,0.0,0.0,0.0,0.0
4,4,0.0,0.06188828,0.0,0.0,0.80926377,0.06758349,0.0,0.06126437,0.0,0.0,0.0,0.0,0.0
4,4,0.0,0.06188828,0.0,0.0,0.80926377,0.06758349,0.0,0.06126437,0.0,0.0,0.0,0.0,0.0
4,4,0.0,0.06188828,0.0,0.0,0.80926377,0.06758349,0.0,0.06126437,0.0,0.0,0.0,0.0,0.0
4,4,0.0,0.06188828,0.0,0.0,0.80926377,0.06758349,0.0,0.06126437,0.0,0.0,0.0,0.0,0.0
4,4,0.0,0.06188828,0.0,0.0,0.80926377,0.06758349,0.0,0.06126437,0.0,0.0,0.0,0.0,0.0
4,4,0.0,0.06188828,0.0,0.0,0.80926377,0.06758349,0.0,0.06126437,0.0,0.0,0.0,0.0,0.0
4,4,0.0,0.06188828,0.0,0.0,0.80926377,0.06758349,0.0,0.06126437,0.0,0.0,0.0,0.0,0.0
4,4,0.0,0.06188828,0.0,0.0,0.80926377,0.06758349,0.0,0.06126437,0.0,0.0,0.0,0.0,0.0
4,4,0.0,0.06188828,0.0,0.0,0.80926377,0.06758349,0.0,0.06126437,0.0,0.0,0.0,0.0,0.0
4,4,0.0,0.06188828,0.0,0.0,0.80926377,0.06758349,0.0,0.06126437,0.0,0.0,0.0,0.0,0.0
4,4,0.0,0.06188828,0.0,0.0,0.80926377,0.06758349,0.0,0.06126437,0.0,0.0,0.0,0.0,0.0
4,4,0.0,0.06188828,0.0,0.0,0.80926377,0.06758349,0.0,0.06126437,0.0,0.0,0.0,0.0,0.0
4,4,0.0,0.06188828,0.0,0.0,0.80926377,0.06758349,0.0,0.06126437,0.0,0.0,0.0,0.0,0.0
4,4,0.0,0.06188828,0.0,0.0,0.80926377,0.06758349,0.0,0.06126437,0.0,0.0,0.0,0.0,0.0
4,4,0.0,0.06188828,0.0,0.0,0.80926377,0.06758349,0.0,0.06126437,0.0,0.0,0.0,0.0,0.0
4,4,0.0,0.06188828,0.0,0.0,0.80926377,0.06758349,0.0,0.06126437,0.0,0.0,0.0,0.0,0.0
4,4,0.0,0.06188828,0.0,0.0,0.80926377,0.06758349,0.0,0.06126437,0.0,0.0,0.0,0.0,0.0
4,4,0.0,0.06188828,0.0,0.0,0.80926377,0.06758349,0.0,0.06126437,0.0,0.0,0.0,0.0,0.0
4,4,0.0,0.06188828,0.0,0.0,0.80926377,0.06758349,0.0,0.06126437,0.0,0.0,0.0,0.0,0.0
4,4,0.0,0.06188828,0.0,0.0,0.80926377,0.06758349,0.0,0.06126437,0.0,0.0,0.0,0.0,0.0
4,4,0.0,0.06188828,0.0,0.0,0.80926377,0.06758349,0.0,0.06126437,0.0,0.0,0.0,0.0,0.0
4,4,0.0,0.06188828,0.0,0.0,0.80926377,0.06758349,0.0,0.06126437,0.0,0.0,0.0,0.0,0.0
4,4,0.0,0.06188828,0.0,0.0,0.80926377,0.06758349,0.0,0.06126437,0.0,0.0,0.0,0.0,0.0
4,4,0.0,0.06188828,0.0,0.0,0.80926377,0.06758349,0.0,0.06126437,0.0,0.0,0.0,0.0,0.0
4,4,0.0,0.0,0.0,0.0,0.87115216,0.067583494,0.0,0.061264377,0.0,0.0,0.0,0.0,0.0
4,4,0.0,0.0,0.0,0.0,0.87115216,0.067583494,0.0,0.061264377,0.0,0.0,0.0,0.0,0.0
4,4,0.0,0.0,0.0,0.0,0.87115216,0.067583494,0.0,0.061264377,0.0,0.0,0.0,0.0,0.0
4,4,0.0,0.0,0.0,0.0,0.87115216,0.067583494,0.0,0.061264377,0.0,0.0,0.0,0.0,0.0
4,4,0.0,0.0,0.0,0.0,0.87115216,0.067583494,0.0,0.061264377,0.0,0.0,0.0,0.0,0.0
4,4,0.0,0.0,0.0,0.0,0.87115216,0.067583494,0.0,0.061264377,0.0,0.0,0.0,0.0,0.0
4,4,0.0,0.0,0.0,0.0,0.87115216,0.067583494,0.0,0.061264377,0.0,0.0,0.0,0.0,0.0
4,4,0.0,0.0,0.0,0.0,0.87115216,0.067583494,0.0,0.061264377,0.0,0.0,0.0,0.0,0.0
4,4,0.0,0.0,0.0,0.0,0.87115216,0.067583494,0.0,0.061264377,0.0,0.0,0.0,0.0,0.0
4,4,0.0,0.0,0.0,0.0,0.87115216,0.067583494,0.0,0.061264377,0.0,0.0,0.0,0.0,0.0
4,4,0.0,0.0,0.0,0.0,0.93241656,0.067583494,0.0,0.0,0.0,0.0,0.0,0.0,0.0
4,4,0.0,0.0,0.0,0.0,0.93241656,0.067583494,0.0,0.0,0.0,0.0,0.0,0.0,0.0
4,4,0.0,0.0,0.0,0.0,0.93241656,0.067583494,0.0,0.0,0.0,0.0,0.0,0.0,0.0
4,4,0.0,0.0,0.0,0.0,0.93241656,0.067583494,0.0,0.0,0.0,0.0,0.0,0.0,0.0
4,4,0.0,0.0,0.0,0.0,0.93241656,0.067583494,0.0,0.0,0.0,0.0,0.0,0.0,0.0
4,4,0.0,0.0,0.0,0.0,0.93241656,0.067583494,0.0,0.0,0.0,0.0,0.0,0.0,0.0
4,4,0.0,0.0,0.0,0.0,0.93241656,0.067583494,0.0,0.0,0.0,0.0,0.0,0.0,0.0
4,4,0.0,0.0,0.0,0.0,0.93241656,0.067583494,0.0,0.0,0.0,0.0,0.0,0.0,0.0
4,4,0.0,0.0,0.0,0.0,0.93241656,0.067583494,0.0,0.0,0.0,0.0,0.0,0.0,0.0
4,4,0.0,0.0,0.0,0.0,0.93241656,0.067583494,0.0,0.0,0.0,0.0,0.0,0.0,0.0
4,4,0.0,0.0,0.0,0.0,0.93241656,0.067583494,0.0,0.0,0.0,0.0,0.0,0.0,0.0
4,4,0.0,0.0,0.0,0.0,0.93241656,0.067583494,0.0,0.0,0.0,0.0,0.0,0.0,0.0
4,4,0.0,0.0,0.0,0.0,0.93241656,0.067583494,0.0,0.0,0.0,0.0,0.0,0.0,0.0
4,4,0.0,0.0,0.0,0.0,0.93241656,0.067583494,0.0,0.0,0.0,0.0,0.0,0.0,0.0
4,4,0.0,0.0,0.0,0.0,0.93241656,0.067583494,0.0,0.0,0.0,0.0,0.0,0.0,0.0
4,4,0.0,0.0,0.0,0.0,0.93241656,0.067583494,0.0,0.0,0.0,0.0,0.0,0.0,0.0
4,4,0.0,0.0,0.0,0.0,0.93241656,0.067583494,0.0,0.0,0.0,0.0,0.0,0.0,0.0
4,4,0.0,0.0,0.0,0.0,0.93241656,0.067583494,0.0,0.0,0.0,0.0,0.0,0.0,0.0
4,4,0.0,0.0,0.0,0.0,1.0,0.0,0.0,0.0,0.0,0.0,0.0,0.0,0.0
4,4,0.0,0.0,0.0,0.0,1.0,0.0,0.0,0.0,0.0,0.0,0.0,0.0,0.0
4,4,0.0,0.0,0.0,0.0,1.0,0.0,0.0,0.0,0.0,0.0,0.0,0.0,0.0
4,4,0.0,0.0,0.0,0.0,1.0,0.0,0.0,0.0,0.0,0.0,0.0,0.0,0.0
4,4,0.0,0.0,0.0,0.0,1.0,0.0,0.0,0.0,0.0,0.0,0.0,0.0,0.0
4,4,0.0,0.0,0.0,0.0,1.0,0.0,0.0,0.0,0.0,0.0,0.0,0.0,0.0
4,4,0.0,0.0,0.0,0.0,1.0,0.0,0.0,0.0,0.0,0.0,0.0,0.0,0.0
4,4,0.0,0.0,0.0,0.0,1.0,0.0,0.0,0.0,0.0,0.0,0.0,0.0,0.0
4,4,0.0,0.0,0.0,0.0,1.0,0.0,0.0,0.0,0.0,0.0,0.0,0.0,0.0
4,4,0.0,0.0,0.0,0.0,1.0,0.0,0.0,0.0,0.0,0.0,0.0,0.0,0.0
4,4,0.0,0.0,0.0,0.0,1.0,0.0,0.0,0.0,0.0,0.0,0.0,0.0,0.0
4,4,0.0,0.0,0.0,0.0,1.0,0.0,0.0,0.0,0.0,0.0,0.0,0.0,0.0
4,4,0.0,0.0,0.0,0.0,1.0,0.0,0.0,0.0,0.0,0.0,0.0,0.0,0.0
4,4,0.0,0.0,0.0,0.0,1.0,0.0,0.0,0.0,0.0,0.0,0.0,0.0,0.0
4,4,0.0,0.0,0.0,0.0,1.0,0.0,0.0,0.0,0.0,0.0,0.0,0.0,0.0
4,4,0.0,0.0,0.0,0.0,1.0,0.0,0.0,0.0,0.0,0.0,0.0,0.0,0.0
4,4,0.0,0.0,0.0,0.0,1.0,0.0,0.0,0.0,0.0,0.0,0.0,0.0,0.0
4,4,0.0,0.0,0.0,0.0,1.0,0.0,0.0,0.0,0.0,0.0,0.0,0.0,0.0
4,4,0.0,0.0,0.0,0.0,1.0,0.0,0.0,0.0,0.0,0.0,0.0,0.0,0.0
4,4,0.0,0.0,0.0,0.0,1.0,0.0,0.0,0.0,0.0,0.0,0.0,0.0,0.0
4,4,0.0,0.0,0.0,0.0,1.0,0.0,0.0,0.0,0.0,0.0,0.0,0.0,0.0
4,4,0.0,0.0,0.0,0.0,1.0,0.0,0.0,0.0,0.0,0.0,0.0,0.0,0.0
4,4,0.0,0.0,0.0,0.0,1.0,0.0,0.0,0.0,0.0,0.0,0.0,0.0,0.0
4,4,0.0,0.0,0.0,0.0,1.0,0.0,0.0,0.0,0.0,0.0,0.0,0.0,0.0
4,4,0.0,0.0,0.0,0.0,1.0,0.0,0.0,0.0,0.0,0.0,0.0,0.0,0.0
4,4,0.0,0.0,0.0,0.0,1.0,0.0,0.0,0.0,0.0,0.0,0.0,0.0,0.0
4,4,0.0,0.0,0.0,0.0,1.0,0.0,0.0,0.0,0.0,0.0,0.0,0.0,0.0
4,4,0.0,0.0,0.0,0.0,1.0,0.0,0.0,0.0,0.0,0.0,0.0,0.0,0.0
4,4,0.0,0.0,0.0,0.0,1.0,0.0,0.0,0.0,0.0,0.0,0.0,0.0,0.0
4,4,0.0,0.0,0.0,0.0,1.0,0.0,0.0,0.0,0.0,0.0,0.0,0.0,0.0
4,4,0.0,0.0,0.0,0.0,1.0,0.0,0.0,0.0,0.0,0.0,0.0,0.0,0.0
4,4,0.0,0.0,0.0,0.0,1.0,0.0,0.0,0.0,0.0,0.0,0.0,0.0,0.0
4,4,0.0,0.0,0.0,0.0,1.0,0.0,0.0,0.0,0.0,0.0,0.0,0.0,0.0
4,4,0.0,0.0,0.0,0.0,1.0,0.0,0.0,0.0,0.0,0.0,0.0,0.0,0.0
4,4,0.0,0.0,0.0,0.0,1.0,0.0,0.0,0.0,0.0,0.0,0.0,0.0,0.0
4,4,0.0,0.0,0.0,0.0,1.0,0.0,0.0,0.0,0.0,0.0,0.0,0.0,0.0
4,4,0.0,0.0,0.0,0.0,1.0,0.0,0.0,0.0,0.0,0.0,0.0,0.0,0.0
4,4,0.0,0.0,0.0,0.0,1.0,0.0,0.0,0.0,0.0,0.0,0.0,0.0,0.0
4,4,0.0,0.0,0.0,0.0,1.0,0.0,0.0,0.0,0.0,0.0,0.0,0.0,0.0
4,4,0.0,0.0,0.0,0.0,1.0,0.0,0.0,0.0,0.0,0.0,0.0,0.0,0.0
4,4,0.0,0.0,0.0,0.0,1.0,0.0,0.0,0.0,0.0,0.0,0.0,0.0,0.0
4,4,0.0,0.0,0.0,0.0,1.0,0.0,0.0,0.0,0.0,0.0,0.0,0.0,0.0
4,4,0.0,0.0,0.0,0.0,1.0,0.0,0.0,0.0,0.0,0.0,0.0,0.0,0.0
4,4,0.0,0.0,0.0,0.0,1.0,0.0,0.0,0.0,0.0,0.0,0.0,0.0,0.0
4,4,0.0,0.0,0.0,0.0,1.0,0.0,0.0,0.0,0.0,0.0,0.0,0.0,0.0
4,4,0.0,0.0,0.0,0.0,1.0,0.0,0.0,0.0,0.0,0.0,0.0,0.0,0.0
4,4,0.0,0.0,0.0,0.0,1.0,0.0,0.0,0.0,0.0,0.0,0.0,0.0,0.0
4,4,0.0,0.0,0.0,0.0,1.0,0.0,0.0,0.0,0.0,0.0,0.0,0.0,0.0
4,4,0.0,0.0,0.0,0.0,1.0,0.0,0.0,0.0,0.0,0.0,0.0,0.0,0.0
4,4,0.0,0.0,0.0,0.0,1.0,0.0,0.0,0.0,0.0,0.0,0.0,0.0,0.0
4,4,0.0,0.0,0.0,0.0,1.0,0.0,0.0,0.0,0.0,0.0,0.0,0.0,0.0
4,4,0.0,0.0,0.0,0.0,1.0,0.0,0.0,0.0,0.0,0.0,0.0,0.0,0.0
4,4,0.0,0.0,0.0,0.0,1.0,0.0,0.0,0.0,0.0,0.0,0.0,0.0,0.0
4,4,0.0,0.0,0.0,0.0,1.0,0.0,0.0,0.0,0.0,0.0,0.0,0.0,0.0
4,4,0.0,0.0,0.0,0.0,1.0,0.0,0.0,0.0,0.0,0.0,0.0,0.0,0.0
4,4,0.0,0.0,0.0,0.0,1.0,0.0,0.0,0.0,0.0,0.0,0.0,0.0,0.0
4,4,0.0,0.0,0.0,0.0,1.0,0.0,0.0,0.0,0.0,0.0,0.0,0.0,0.0
4,4,0.0,0.0,0.0,0.0,1.0,0.0,0.0,0.0,0.0,0.0,0.0,0.0,0.0
4,4,0.0,0.0,0.0,0.0,1.0,0.0,0.0,0.0,0.0,0.0,0.0,0.0,0.0
4,4,0.0,0.0,0.0,0.0,1.0,0.0,0.0,0.0,0.0,0.0,0.0,0.0,0.0
4,4,0.0,0.0,0.0,0.0,1.0,0.0,0.0,0.0,0.0,0.0,0.0,0.0,0.0
4,4,0.0,0.0,0.0,0.0,1.0,0.0,0.0,0.0,0.0,0.0,0.0,0.0,0.0
4,4,0.0,0.0,0.0,0.0,1.0,0.0,0.0,0.0,0.0,0.0,0.0,0.0,0.0
4,4,0.0,0.0,0.0,0.0,1.0,0.0,0.0,0.0,0.0,0.0,0.0,0.0,0.0
4,4,0.0,0.0,0.0,0.0,1.0,0.0,0.0,0.0,0.0,0.0,0.0,0.0,0.0
4,4,0.0,0.0,0.0,0.0,1.0,0.0,0.0,0.0,0.0,0.0,0.0,0.0,0.0
4,4,0.0,0.0,0.0,0.0,1.0,0.0,0.0,0.0,0.0,0.0,0.0,0.0,0.0
4,4,0.0,0.0,0.0,0.0,1.0,0.0,0.0,0.0,0.0,0.0,0.0,0.0,0.0
4,4,0.0,0.0,0.0,0.0,1.0,0.0,0.0,0.0,0.0,0.0,0.0,0.0,0.0
4,4,0.0,0.0,0.0,0.0,1.0,0.0,0.0,0.0,0.0,0.0,0.0,0.0,0.0
4,4,0.0,0.0,0.0,0.0,1.0,0.0,0.0,0.0,0.0,0.0,0.0,0.0,0.0
4,4,0.0,0.0,0.0,0.0,1.0,0.0,0.0,0.0,0.0,0.0,0.0,0.0,0.0
4,4,0.0,0.0,0.0,0.0,1.0,0.0,0.0,0.0,0.0,0.0,0.0,0.0,0.0
4,4,0.0,0.0,0.0,0.0,1.0,0.0,0.0,0.0,0.0,0.0,0.0,0.0,0.0
4,4,0.0,0.0,0.0,0.0,1.0,0.0,0.0,0.0,0.0,0.0,0.0,0.0,0.0
4,4,0.0,0.0,0.0,0.0,1.0,0.0,0.0,0.0,0.0,0.0,0.0,0.0,0.0
4,4,0.0,0.0,0.0,0.0,1.0,0.0,0.0,0.0,0.0,0.0,0.0,0.0,0.0
4,4,0.0,0.0,0.0,0.0,1.0,0.0,0.0,0.0,0.0,0.0,0.0,0.0,0.0
4,4,0.0,0.0,0.0,0.0,1.0,0.0,0.0,0.0,0.0,0.0,0.0,0.0,0.0
4,4,0.0,0.0,0.0,0.0,1.0,0.0,0.0,0.0,0.0,0.0,0.0,0.0,0.0
4,4,0.0,0.0,0.0,0.0,1.0,0.0,0.0,0.0,0.0,0.0,0.0,0.0,0.0
4,4,0.0,0.0,0.0,0.0,1.0,0.0,0.0,0.0,0.0,0.0,0.0,0.0,0.0
4,4,0.0,0.0,0.0,0.0,1.0,0.0,0.0,0.0,0.0,0.0,0.0,0.0,0.0
4,4,0.0,0.0,0.0,0.0,1.0,0.0,0.0,0.0,0.0,0.0,0.0,0.0,0.0
4,4,0.0,0.0,0.0,0.0,1.0,0.0,0.0,0.0,0.0,0.0,0.0,0.0,0.0
4,4,0.0,0.0,0.0,0.0,1.0,0.0,0.0,0.0,0.0,0.0,0.0,0.0,0.0
4,4,0.0,0.0,0.0,0.0,1.0,0.0,0.0,0.0,0.0,0.0,0.0,0.0,0.0
4,4,0.0,0.0,0.0,0.0,1.0,0.0,0.0,0.0,0.0,0.0,0.0,0.0,0.0
4,4,0.0,0.0,0.0,0.0,1.0,0.0,0.0,0.0,0.0,0.0,0.0,0.0,0.0
4,4,0.0,0.0,0.0,0.0,1.0,0.0,0.0,0.0,0.0,0.0,0.0,0.0,0.0
4,4,0.0,0.0,0.0,0.0,1.0,0.0,0.0,0.0,0.0,0.0,0.0,0.0,0.0
4,4,0.0,0.0,0.0,0.0,1.0,0.0,0.0,0.0,0.0,0.0,0.0,0.0,0.0
4,4,0.0,0.0,0.0,0.0,1.0,0.0,0.0,0.0,0.0,0.0,0.0,0.0,0.0
4,4,0.0,0.0,0.0,0.0,1.0,0.0,0.0,0.0,0.0,0.0,0.0,0.0,0.0
4,4,0.0,0.0,0.0,0.0,1.0,0.0,0.0,0.0,0.0,0.0,0.0,0.0,0.0
4,4,0.0,0.0,0.0,0.0,1.0,0.0,0.0,0.0,0.0,0.0,0.0,0.0,0.0
4,4,0.0,0.0,0.0,0.0,1.0,0.0,0.0,0.0,0.0,0.0,0.0,0.0,0.0
4,4,0.0,0.0,0.0,0.0,1.0,0.0,0.0,0.0,0.0,0.0,0.0,0.0,0.0
4,4,0.0,0.0,0.0,0.0,1.0,0.0,0.0,0.0,0.0,0.0,0.0,0.0,0.0
4,4,0.0,0.0,0.0,0.0,1.0,0.0,0.0,0.0,0.0,0.0,0.0,0.0,0.0
4,4,0.0,0.0,0.0,0.0,1.0,0.0,0.0,0.0,0.0,0.0,0.0,0.0,0.0
4,4,0.0,0.0,0.0,0.0,1.0,0.0,0.0,0.0,0.0,0.0,0.0,0.0,0.0
4,4,0.0,0.0,0.0,0.0,1.0,0.0,0.0,0.0,0.0,0.0,0.0,0.0,0.0
4,4,0.0,0.0,0.0,0.0,1.0,0.0,0.0,0.0,0.0,0.0,0.0,0.0,0.0
4,4,0.0,0.0,0.0,0.0,1.0,0.0,0.0,0.0,0.0,0.0,0.0,0.0,0.0
4,4,0.0,0.0,0.0,0.0,1.0,0.0,0.0,0.0,0.0,0.0,0.0,0.0,0.0
4,4,0.0,0.0,0.0,0.0,1.0,0.0,0.0,0.0,0.0,0.0,0.0,0.0,0.0
4,4,0.0,0.0,0.0,0.0,1.0,0.0,0.0,0.0,0.0,0.0,0.0,0.0,0.0
4,4,0.0,0.0,0.0,0.0,1.0,0.0,0.0,0.0,0.0,0.0,0.0,0.0,0.0
4,4,0.0,0.0,0.0,0.0,1.0,0.0,0.0,0.0,0.0,0.0,0.0,0.0,0.0
4,4,0.0,0.0,0.0,0.0,1.0,0.0,0.0,0.0,0.0,0.0,0.0,0.0,0.0
4,4,0.0,0.0,0.0,0.0,1.0,0.0,0.0,0.0,0.0,0.0,0.0,0.0,0.0
4,4,0.0,0.0,0.0,0.0,1.0,0.0,0.0,0.0,0.0,0.0,0.0,0.0,0.0
4,4,0.0,0.0,0.0,0.0,1.0,0.0,0.0,0.0,0.0,0.0,0.0,0.0,0.0
4,4,0.0,0.0,0.0,0.0,1.0,0.0,0.0,0.0,0.0,0.0,0.0,0.0,0.0
4,4,0.0,0.0,0.0,0.0,1.0,0.0,0.0,0.0,0.0,0.0,0.0,0.0,0.0
4,4,0.0,0.0,0.0,0.0,1.0,0.0,0.0,0.0,0.0,0.0,0.0,0.0,0.0
4,4,0.0,0.0,0.0,0.0,1.0,0.0,0.0,0.0,0.0,0.0,0.0,0.0,0.0
4,4,0.0,0.0,0.0,0.0,1.0,0.0,0.0,0.0,0.0,0.0,0.0,0.0,0.0
4,4,0.0,0.0,0.0,0.0,1.0,0.0,0.0,0.0,0.0,0.0,0.0,0.0,0.0
4,4,0.0,0.0,0.0,0.0,1.0,0.0,0.0,0.0,0.0,0.0,0.0,0.0,0.0
4,4,0.0,0.0,0.0,0.0,1.0,0.0,0.0,0.0,0.0,0.0,0.0,0.0,0.0
4,4,0.0,0.0,0.0,0.0,1.0,0.0,0.0,0.0,0.0,0.0,0.0,0.0,0.0
4,4,0.0,0.0,0.0,0.0,1.0,0.0,0.0,0.0,0.0,0.0,0.0,0.0,0.0
4,4,0.0,0.0,0.0,0.0,1.0,0.0,0.0,0.0,0.0,0.0,0.0,0.0,0.0
4,4,0.0,0.0,0.0,0.0,1.0,0.0,0.0,0.0,0.0,0.0,0.0,0.0,0.0
4,4,0.0,0.0,0.0,0.0,1.0,0.0,0.0,0.0,0.0,0.0,0.0,0.0,0.0
4,4,0.0,0.0,0.0,0.0,1.0,0.0,0.0,0.0,0.0,0.0,0.0,0.0,0.0
4,4,0.0,0.0,0.0,0.0,1.0,0.0,0.0,0.0,0.0,0.0,0.0,0.0,0.0
4,4,0.0,0.0,0.0,0.0,1.0,0.0,0.0,0.0,0.0,0.0,0.0,0.0,0.0
4,4,0.0,0.0,0.0,0.0,1.0,0.0,0.0,0.0,0.0,0.0,0.0,0.0,0.0
4,4,0.0,0.0,0.0,0.0,1.0,0.0,0.0,0.0,0.0,0.0,0.0,0.0,0.0
4,4,0.0,0.0,0.0,0.0,1.0,0.0,0.0,0.0,0.0,0.0,0.0,0.0,0.0
4,4,0.0,0.0,0.0,0.0,1.0,0.0,0.0,0.0,0.0,0.0,0.0,0.0,0.0
4,4,0.0,0.0,0.0,0.0,1.0,0.0,0.0,0.0,0.0,0.0,0.0,0.0,0.0
4,4,0.0,0.0,0.0,0.0,1.0,0.0,0.0,0.0,0.0,0.0,0.0,0.0,0.0
4,4,0.0,0.0,0.0,0.0,1.0,0.0,0.0,0.0,0.0,0.0,0.0,0.0,0.0
4,4,0.0,0.0,0.0,0.0,1.0,0.0,0.0,0.0,0.0,0.0,0.0,0.0,0.0
4,4,0.0,0.0,0.0,0.0,1.0,0.0,0.0,0.0,0.0,0.0,0.0,0.0,0.0
4,4,0.0,0.0,0.0,0.0,1.0,0.0,0.0,0.0,0.0,0.0,0.0,0.0,0.0
4,4,0.0,0.0,0.0,0.0,1.0,0.0,0.0,0.0,0.0,0.0,0.0,0.0,0.0
4,4,0.0,0.0,0.0,0.0,1.0,0.0,0.0,0.0,0.0,0.0,0.0,0.0,0.0
4,4,0.0,0.0,0.0,0.0,1.0,0.0,0.0,0.0,0.0,0.0,0.0,0.0,0.0
4,4,0.0,0.0,0.0,0.0,1.0,0.0,0.0,0.0,0.0,0.0,0.0,0.0,0.0
4,4,0.0,0.0,0.0,0.0,1.0,0.0,0.0,0.0,0.0,0.0,0.0,0.0,0.0
4,4,0.0,0.0,0.0,0.0,1.0,0.0,0.0,0.0,0.0,0.0,0.0,0.0,0.0
4,4,0.0,0.0,0.0,0.0,1.0,0.0,0.0,0.0,0.0,0.0,0.0,0.0,0.0
4,4,0.0,0.0,0.0,0.0,1.0,0.0,0.0,0.0,0.0,0.0,0.0,0.0,0.0
4,4,0.0,0.0,0.0,0.0,1.0,0.0,0.0,0.0,0.0,0.0,0.0,0.0,0.0
4,4,0.0,0.0,0.0,0.0,1.0,0.0,0.0,0.0,0.0,0.0,0.0,0.0,0.0
4,4,0.0,0.0,0.0,0.0,1.0,0.0,0.0,0.0,0.0,0.0,0.0,0.0,0.0
4,4,0.0,0.0,0.0,0.0,1.0,0.0,0.0,0.0,0.0,0.0,0.0,0.0,0.0
4,4,0.0,0.0,0.0,0.0,1.0,0.0,0.0,0.0,0.0,0.0,0.0,0.0,0.0
4,4,0.0,0.0,0.0,0.0,1.0,0.0,0.0,0.0,0.0,0.0,0.0,0.0,0.0
4,4,0.0,0.0,0.0,0.0,1.0,0.0,0.0,0.0,0.0,0.0,0.0,0.0,0.0
4,4,0.0,0.0,0.0,0.0,1.0,0.0,0.0,0.0,0.0,0.0,0.0,0.0,0.0
4,4,0.0,0.0,0.0,0.0,1.0,0.0,0.0,0.0,0.0,0.0,0.0,0.0,0.0
4,4,0.0,0.0,0.0,0.0,1.0,0.0,0.0,0.0,0.0,0.0,0.0,0.0,0.0
4,4,0.0,0.0,0.0,0.0,1.0,0.0,0.0,0.0,0.0,0.0,0.0,0.0,0.0
4,4,0.0,0.0,0.0,0.0,1.0,0.0,0.0,0.0,0.0,0.0,0.0,0.0,0.0
4,4,0.0,0.0,0.0,0.0,1.0,0.0,0.0,0.0,0.0,0.0,0.0,0.0,0.0
4,4,0.0,0.0,0.0,0.0,1.0,0.0,0.0,0.0,0.0,0.0,0.0,0.0,0.0
4,4,0.0,0.0,0.0,0.0,1.0,0.0,0.0,0.0,0.0,0.0,0.0,0.0,0.0
4,4,0.0,0.0,0.0,0.0,1.0,0.0,0.0,0.0,0.0,0.0,0.0,0.0,0.0
4,4,0.0,0.0,0.0,0.0,1.0,0.0,0.0,0.0,0.0,0.0,0.0,0.0,0.0
4,4,0.0,0.0,0.0,0.0,1.0,0.0,0.0,0.0,0.0,0.0,0.0,0.0,0.0
4,4,0.0,0.0,0.0,0.0,1.0,0.0,0.0,0.0,0.0,0.0,0.0,0.0,0.0
4,4,0.0,0.0,0.0,0.0,1.0,0.0,0.0,0.0,0.0,0.0,0.0,0.0,0.0
4,4,0.0,0.0,0.0,0.0,1.0,0.0,0.0,0.0,0.0,0.0,0.0,0.0,0.0
4,4,0.0,0.0,0.0,0.0,1.0,0.0,0.0,0.0,0.0,0.0,0.0,0.0,0.0
4,4,0.0,0.0,0.0,0.0,1.0,0.0,0.0,0.0,0.0,0.0,0.0,0.0,0.0
4,4,0.0,0.0,0.0,0.0,1.0,0.0,0.0,0.0,0.0,0.0,0.0,0.0,0.0
4,4,0.0,0.0,0.0,0.0,1.0,0.0,0.0,0.0,0.0,0.0,0.0,0.0,0.0
4,4,0.0,0.0,0.0,0.0,1.0,0.0,0.0,0.0,0.0,0.0,0.0,0.0,0.0
4,4,0.0,0.0,0.0,0.0,1.0,0.0,0.0,0.0,0.0,0.0,0.0,0.0,0.0
4,4,0.0,0.0,0.0,0.0,1.0,0.0,0.0,0.0,0.0,0.0,0.0,0.0,0.0
4,4,0.0,0.0,0.0,0.0,1.0,0.0,0.0,0.0,0.0,0.0,0.0,0.0,0.0
4,4,0.0,0.0,0.0,0.0,1.0,0.0,0.0,0.0,0.0,0.0,0.0,0.0,0.0
4,4,0.0,0.0,0.0,0.0,1.0,0.0,0.0,0.0,0.0,0.0,0.0,0.0,0.0
4,4,0.0,0.0,0.0,0.0,1.0,0.0,0.0,0.0,0.0,0.0,0.0,0.0,0.0
4,4,0.0,0.0,0.0,0.0,1.0,0.0,0.0,0.0,0.0,0.0,0.0,0.0,0.0
4,4,0.0,0.0,0.0,0.0,1.0,0.0,0.0,0.0,0.0,0.0,0.0,0.0,0.0
4,4,0.0,0.0,0.0,0.0,1.0,0.0,0.0,0.0,0.0,0.0,0.0,0.0,0.0
4,4,0.0,0.0,0.0,0.0,1.0,0.0,0.0,0.0,0.0,0.0,0.0,0.0,0.0
4,4,0.0,0.0,0.0,0.0,1.0,0.0,0.0,0.0,0.0,0.0,0.0,0.0,0.0
4,4,0.0,0.0,0.0,0.0,1.0,0.0,0.0,0.0,0.0,0.0,0.0,0.0,0.0
4,4,0.0,0.0,0.0,0.0,1.0,0.0,0.0,0.0,0.0,0.0,0.0,0.0,0.0
4,4,0.0,0.0,0.0,0.0,1.0,0.0,0.0,0.0,0.0,0.0,0.0,0.0,0.0
4,4,0.0,0.07080989,0.0,0.0,0.9291901,0.0,0.0,0.0,0.0,0.0,0.0,0.0,0.0
4,4,0.0,0.07080989,0.0,0.0,0.9291901,0.0,0.0,0.0,0.0,0.0,0.0,0.0,0.0
4,4,0.0,0.07080989,0.0,0.0,0.9291901,0.0,0.0,0.0,0.0,0.0,0.0,0.0,0.0
4,4,0.0,0.07080989,0.0,0.0,0.9291901,0.0,0.0,0.0,0.0,0.0,0.0,0.0,0.0
4,4,0.0,0.07080989,0.0,0.0,0.9291901,0.0,0.0,0.0,0.0,0.0,0.0,0.0,0.0
4,4,0.0,0.07080989,0.0,0.0,0.9291901,0.0,0.0,0.0,0.0,0.0,0.0,0.0,0.0
4,4,0.0,0.07080989,0.0,0.0,0.9291901,0.0,0.0,0.0,0.0,0.0,0.0,0.0,0.0
4,4,0.0,0.07080989,0.0,0.0,0.9291901,0.0,0.0,0.0,0.0,0.0,0.0,0.0,0.0
4,4,0.0,0.07080989,0.0,0.0,0.9291901,0.0,0.0,0.0,0.0,0.0,0.0,0.0,0.0
4,4,0.0,0.07080989,0.0,0.0,0.9291901,0.0,0.0,0.0,0.0,0.0,0.0,0.0,0.0
4,4,0.0,0.07080989,0.0,0.0,0.9291901,0.0,0.0,0.0,0.0,0.0,0.0,0.0,0.0
4,4,0.0,0.07080989,0.0,0.0,0.9291901,0.0,0.0,0.0,0.0,0.0,0.0,0.0,0.0
4,4,0.0,0.07080989,0.0,0.0,0.9291901,0.0,0.0,0.0,0.0,0.0,0.0,0.0,0.0
4,4,0.0,0.07080989,0.0,0.0,0.9291901,0.0,0.0,0.0,0.0,0.0,0.0,0.0,0.0
4,4,0.0,0.07080989,0.0,0.0,0.9291901,0.0,0.0,0.0,0.0,0.0,0.0,0.0,0.0
4,4,0.0,0.07080989,0.0,0.0,0.9291901,0.0,0.0,0.0,0.0,0.0,0.0,0.0,0.0
4,4,0.0,0.07080989,0.0,0.0,0.9291901,0.0,0.0,0.0,0.0,0.0,0.0,0.0,0.0
4,4,0.0,0.07080989,0.0,0.0,0.9291901,0.0,0.0,0.0,0.0,0.0,0.0,0.0,0.0
4,4,0.0,0.07080989,0.0,0.0,0.9291901,0.0,0.0,0.0,0.0,0.0,0.0,0.0,0.0
4,4,0.0,0.07080989,0.0,0.0,0.9291901,0.0,0.0,0.0,0.0,0.0,0.0,0.0,0.0
4,4,0.0,0.07080989,0.0,0.0,0.9291901,0.0,0.0,0.0,0.0,0.0,0.0,0.0,0.0
4,4,0.0,0.07080989,0.0,0.0,0.9291901,0.0,0.0,0.0,0.0,0.0,0.0,0.0,0.0
4,4,0.0,0.07080989,0.0,0.0,0.9291901,0.0,0.0,0.0,0.0,0.0,0.0,0.0,0.0
4,4,0.0,0.07080989,0.0,0.0,0.9291901,0.0,0.0,0.0,0.0,0.0,0.0,0.0,0.0
4,4,0.0,0.07080989,0.0,0.0,0.9291901,0.0,0.0,0.0,0.0,0.0,0.0,0.0,0.0
4,4,0.0,0.07080989,0.0,0.0,0.9291901,0.0,0.0,0.0,0.0,0.0,0.0,0.0,0.0
4,4,0.0,0.07080989,0.0,0.0,0.9291901,0.0,0.0,0.0,0.0,0.0,0.0,0.0,0.0
4,4,0.0,0.07080989,0.0,0.0,0.9291901,0.0,0.0,0.0,0.0,0.0,0.0,0.0,0.0
4,4,0.0,0.07080989,0.0,0.0,0.9291901,0.0,0.0,0.0,0.0,0.0,0.0,0.0,0.0
4,4,0.0,0.07080989,0.0,0.0,0.9291901,0.0,0.0,0.0,0.0,0.0,0.0,0.0,0.0
4,4,0.0,0.07080989,0.0,0.0,0.9291901,0.0,0.0,0.0,0.0,0.0,0.0,0.0,0.0
4,4,0.0,0.07080989,0.0,0.0,0.9291901,0.0,0.0,0.0,0.0,0.0,0.0,0.0,0.0
4,4,0.0,0.07080989,0.0,0.0,0.9291901,0.0,0.0,0.0,0.0,0.0,0.0,0.0,0.0
4,4,0.0,0.07080989,0.0,0.0,0.9291901,0.0,0.0,0.0,0.0,0.0,0.0,0.0,0.0
4,4,0.0,0.07080989,0.0,0.0,0.9291901,0.0,0.0,0.0,0.0,0.0,0.0,0.0,0.0
4,4,0.0,0.07080989,0.0,0.0,0.9291901,0.0,0.0,0.0,0.0,0.0,0.0,0.0,0.0
4,4,0.0,0.07080989,0.0,0.0,0.9291901,0.0,0.0,0.0,0.0,0.0,0.0,0.0,0.0
4,4,0.0,0.07080989,0.0,0.0,0.9291901,0.0,0.0,0.0,0.0,0.0,0.0,0.0,0.0
4,4,0.0,0.07080989,0.0,0.0,0.9291901,0.0,0.0,0.0,0.0,0.0,0.0,0.0,0.0
4,4,0.0,0.07080989,0.0,0.0,0.9291901,0.0,0.0,0.0,0.0,0.0,0.0,0.0,0.0
4,4,0.0,0.07080989,0.0,0.0,0.9291901,0.0,0.0,0.0,0.0,0.0,0.0,0.0,0.0
4,4,0.0,0.07080989,0.0,0.0,0.9291901,0.0,0.0,0.0,0.0,0.0,0.0,0.0,0.0
4,4,0.0,0.07080989,0.0,0.0,0.9291901,0.0,0.0,0.0,0.0,0.0,0.0,0.0,0.0
4,4,0.0,0.07080989,0.0,0.0,0.9291901,0.0,0.0,0.0,0.0,0.0,0.0,0.0,0.0
4,4,0.0,0.07080989,0.0,0.0,0.9291901,0.0,0.0,0.0,0.0,0.0,0.0,0.0,0.0
4,4,0.0,0.07080989,0.0,0.0,0.9291901,0.0,0.0,0.0,0.0,0.0,0.0,0.0,0.0
4,4,0.0,0.07080989,0.0,0.0,0.9291901,0.0,0.0,0.0,0.0,0.0,0.0,0.0,0.0
4,4,0.0,0.07080989,0.0,0.0,0.9291901,0.0,0.0,0.0,0.0,0.0,0.0,0.0,0.0
4,4,0.0,0.07080989,0.0,0.0,0.9291901,0.0,0.0,0.0,0.0,0.0,0.0,0.0,0.0
4,4,0.0,0.07080989,0.0,0.0,0.9291901,0.0,0.0,0.0,0.0,0.0,0.0,0.0,0.0
4,4,0.0,0.07080989,0.0,0.0,0.9291901,0.0,0.0,0.0,0.0,0.0,0.0,0.0,0.0
4,4,0.0,0.07080989,0.0,0.0,0.9291901,0.0,0.0,0.0,0.0,0.0,0.0,0.0,0.0
4,4,0.0,0.07080989,0.0,0.0,0.9291901,0.0,0.0,0.0,0.0,0.0,0.0,0.0,0.0
4,4,0.0,0.07080989,0.0,0.0,0.9291901,0.0,0.0,0.0,0.0,0.0,0.0,0.0,0.0
4,4,0.0,0.07080989,0.0,0.0,0.9291901,0.0,0.0,0.0,0.0,0.0,0.0,0.0,0.0
4,4,0.0,0.07080989,0.0,0.0,0.9291901,0.0,0.0,0.0,0.0,0.0,0.0,0.0,0.0
4,4,0.0,0.07080989,0.0,0.0,0.9291901,0.0,0.0,0.0,0.0,0.0,0.0,0.0,0.0
4,4,0.0,0.07080989,0.0,0.0,0.9291901,0.0,0.0,0.0,0.0,0.0,0.0,0.0,0.0
4,4,0.0,0.07080989,0.0,0.0,0.9291901,0.0,0.0,0.0,0.0,0.0,0.0,0.0,0.0
4,4,0.0,0.07080989,0.0,0.0,0.9291901,0.0,0.0,0.0,0.0,0.0,0.0,0.0,0.0
4,4,0.0,0.07080989,0.0,0.0,0.9291901,0.0,0.0,0.0,0.0,0.0,0.0,0.0,0.0
4,4,0.0,0.07080989,0.0,0.0,0.9291901,0.0,0.0,0.0,0.0,0.0,0.0,0.0,0.0
4,4,0.0,0.07080989,0.0,0.0,0.9291901,0.0,0.0,0.0,0.0,0.0,0.0,0.0,0.0
4,4,0.0,0.07080989,0.0,0.0,0.9291901,0.0,0.0,0.0,0.0,0.0,0.0,0.0,0.0
4,4,0.0,0.07080989,0.0,0.0,0.9291901,0.0,0.0,0.0,0.0,0.0,0.0,0.0,0.0
4,4,0.0,0.07080989,0.0,0.0,0.9291901,0.0,0.0,0.0,0.0,0.0,0.0,0.0,0.0
4,4,0.0,0.07080989,0.0,0.0,0.8679257,0.0,0.0,0.061264377,0.0,0.0,0.0,0.0,0.0
4,4,0.0,0.07080989,0.0,0.0,0.8679257,0.0,0.0,0.061264377,0.0,0.0,0.0,0.0,0.0
4,4,0.0,0.07080989,0.0,0.0,0.8679257,0.0,0.0,0.061264377,0.0,0.0,0.0,0.0,0.0
4,4,0.0,0.07080989,0.0,0.0,0.8679257,0.0,0.0,0.061264377,0.0,0.0,0.0,0.0,0.0
4,4,0.0,0.07080989,0.0,0.0,0.8679257,0.0,0.0,0.061264377,0.0,0.0,0.0,0.0,0.0
4,4,0.0,0.07080989,0.0,0.0,0.8679257,0.0,0.0,0.061264377,0.0,0.0,0.0,0.0,0.0
4,4,0.0,0.07080989,0.0,0.0,0.8679257,0.0,0.0,0.061264377,0.0,0.0,0.0,0.0,0.0
4,4,0.0,0.07080989,0.0,0.0,0.8679257,0.0,0.0,0.061264377,0.0,0.0,0.0,0.0,0.0
4,4,0.0,0.07080989,0.0,0.0,0.8679257,0.0,0.0,0.061264377,0.0,0.0,0.0,0.0,0.0
4,4,0.0,0.07080989,0.0,0.0,0.8679257,0.0,0.0,0.061264377,0.0,0.0,0.0,0.0,0.0
4,4,0.0,0.07080989,0.0,0.0,0.8679257,0.0,0.0,0.061264377,0.0,0.0,0.0,0.0,0.0
4,4,0.0,0.07080989,0.0,0.0,0.8679257,0.0,0.0,0.061264377,0.0,0.0,0.0,0.0,0.0
4,4,0.0,0.07080989,0.0,0.0,0.8679257,0.0,0.0,0.061264377,0.0,0.0,0.0,0.0,0.0
4,4,0.0,0.07080989,0.0,0.0,0.8679257,0.0,0.0,0.061264377,0.0,0.0,0.0,0.0,0.0
4,4,0.0,0.07080989,0.0,0.0,0.8679257,0.0,0.0,0.061264377,0.0,0.0,0.0,0.0,0.0
4,4,0.0,0.07080989,0.0,0.0,0.8679257,0.0,0.0,0.061264377,0.0,0.0,0.0,0.0,0.0
4,4,0.0,0.07080989,0.0,0.0,0.8679257,0.0,0.0,0.061264377,0.0,0.0,0.0,0.0,0.0
4,4,0.0,0.07080989,0.0,0.0,0.8679257,0.0,0.0,0.061264377,0.0,0.0,0.0,0.0,0.0
4,4,0.0,0.07080989,0.0,0.0,0.8679257,0.0,0.0,0.061264377,0.0,0.0,0.0,0.0,0.0
4,4,0.0,0.07080989,0.0,0.0,0.8679257,0.0,0.0,0.061264377,0.0,0.0,0.0,0.0,0.0
4,4,0.0,0.07080989,0.0,0.0,0.8679257,0.0,0.0,0.061264377,0.0,0.0,0.0,0.0,0.0
4,4,0.0,0.07080989,0.0,0.0,0.8679257,0.0,0.0,0.061264377,0.0,0.0,0.0,0.0,0.0
4,4,0.0,0.07080989,0.0,0.0,0.8679257,0.0,0.0,0.061264377,0.0,0.0,0.0,0.0,0.0
4,4,0.0,0.07080989,0.0,0.0,0.8679257,0.0,0.0,0.061264377,0.0,0.0,0.0,0.0,0.0
4,4,0.0,0.07080989,0.0,0.0,0.8679257,0.0,0.0,0.061264377,0.0,0.0,0.0,0.0,0.0
4,4,0.0,0.07080989,0.0,0.0,0.8679257,0.0,0.0,0.061264377,0.0,0.0,0.0,0.0,0.0
4,4,0.0,0.07080989,0.0,0.0,0.8679257,0.0,0.0,0.061264377,0.0,0.0,0.0,0.0,0.0
4,4,0.0,0.07080989,0.0,0.0,0.8679257,0.0,0.0,0.061264377,0.0,0.0,0.0,0.0,0.0
4,4,0.0,0.07080989,0.0,0.0,0.8679257,0.0,0.0,0.061264377,0.0,0.0,0.0,0.0,0.0
4,4,0.0,0.07080989,0.0,0.0,0.8679257,0.0,0.0,0.061264377,0.0,0.0,0.0,0.0,0.0
4,4,0.0,0.07080989,0.0,0.0,0.8679257,0.0,0.0,0.061264377,0.0,0.0,0.0,0.0,0.0
4,4,0.0,0.07080989,0.0,0.0,0.8679257,0.0,0.0,0.061264377,0.0,0.0,0.0,0.0,0.0
4,4,0.0,0.07080989,0.0,0.0,0.8679257,0.0,0.0,0.061264377,0.0,0.0,0.0,0.0,0.0
4,4,0.0,0.07080989,0.0,0.0,0.8679257,0.0,0.0,0.061264377,0.0,0.0,0.0,0.0,0.0
4,4,0.0,0.07080989,0.0,0.0,0.8679257,0.0,0.0,0.061264377,0.0,0.0,0.0,0.0,0.0
4,4,0.0,0.07080989,0.0,0.0,0.8679257,0.0,0.0,0.061264377,0.0,0.0,0.0,0.0,0.0
4,4,0.0,0.07080989,0.0,0.0,0.8679257,0.0,0.0,0.061264377,0.0,0.0,0.0,0.0,0.0
4,4,0.0,0.07080989,0.0,0.0,0.8679257,0.0,0.0,0.061264377,0.0,0.0,0.0,0.0,0.0
4,4,0.0,0.1325624,0.0,0.0,0.80617326,0.0,0.0,0.061264377,0.0,0.0,0.0,0.0,0.0
4,4,0.0,0.1325624,0.0,0.0,0.80617326,0.0,0.0,0.061264377,0.0,0.0,0.0,0.0,0.0
4,4,0.0,0.1325624,0.0,0.0,0.80617326,0.0,0.0,0.061264377,0.0,0.0,0.0,0.0,0.0
4,4,0.0,0.1325624,0.0,0.0,0.80617326,0.0,0.0,0.061264377,0.0,0.0,0.0,0.0,0.0
4,4,0.0,0.1325624,0.0,0.0,0.74937624,0.0,0.056797005,0.061264377,0.0,0.0,0.0,0.0,0.0
4,4,0.0,0.1325624,0.0,0.0,0.74937624,0.0,0.056797005,0.061264377,0.0,0.0,0.0,0.0,0.0
4,4,0.0,0.1325624,0.0,0.0,0.74937624,0.0,0.056797005,0.061264377,0.0,0.0,0.0,0.0,0.0
4,4,0.0,0.1325624,0.0,0.0,0.74937624,0.0,0.056797005,0.061264377,0.0,0.0,0.0,0.0,0.0
4,4,0.0,0.1325624,0.0,0.0,0.74937624,0.0,0.056797005,0.061264377,0.0,0.0,0.0,0.0,0.0
4,4,0.0,0.1325624,0.0,0.0,0.74937624,0.0,0.056797005,0.061264377,0.0,0.0,0.0,0.0,0.0
4,4,0.0,0.1325624,0.0,0.0,0.74937624,0.0,0.056797005,0.061264377,0.0,0.0,0.0,0.0,0.0
4,4,0.0,0.1325624,0.0,0.0,0.74937624,0.0,0.056797005,0.061264377,0.0,0.0,0.0,0.0,0.0
4,4,0.0,0.1325624,0.0,0.0,0.74937624,0.0,0.056797005,0.061264377,0.0,0.0,0.0,0.0,0.0
4,4,0.0,0.1325624,0.0,0.0,0.74937624,0.0,0.056797005,0.061264377,0.0,0.0,0.0,0.0,0.0
4,4,0.0,0.1325624,0.0,0.0,0.74937624,0.0,0.056797005,0.061264377,0.0,0.0,0.0,0.0,0.0
4,4,0.0,0.1325624,0.0,0.0,0.74937624,0.0,0.056797005,0.061264377,0.0,0.0,0.0,0.0,0.0
4,4,0.0,0.19548212,0.0,0.0,0.6864565,0.0,0.056797,0.061264373,0.0,0.0,0.0,0.0,0.0
4,4,0.0,0.19548212,0.0,0.0,0.6864565,0.0,0.056797,0.061264373,0.0,0.0,0.0,0.0,0.0
4,4,0.0,0.19548212,0.0,0.0,0.6864565,0.0,0.056797,0.061264373,0.0,0.0,0.0,0.0,0.0
4,4,0.0,0.19548212,0.0,0.0,0.6864565,0.0,0.056797,0.061264373,0.0,0.0,0.0,0.0,0.0
4,4,0.0,0.19548212,0.0,0.0,0.6864565,0.0,0.056797,0.061264373,0.0,0.0,0.0,0.0,0.0
4,4,0.0,0.19548212,0.0,0.0,0.6864565,0.0,0.056797,0.061264373,0.0,0.0,0.0,0.0,0.0
4,4,0.0,0.19548212,0.0,0.0,0.6864565,0.0,0.056797,0.061264373,0.0,0.0,0.0,0.0,0.0
4,4,0.0,0.19548212,0.0,0.0,0.6864565,0.0,0.056797,0.061264373,0.0,0.0,0.0,0.0,0.0
4,4,0.0,0.19548212,0.0,0.0,0.6864565,0.0,0.056797,0.061264373,0.0,0.0,0.0,0.0,0.0
4,4,0.0,0.19548212,0.0,0.0,0.6864565,0.0,0.056797,0.061264373,0.0,0.0,0.0,0.0,0.0
4,4,0.0,0.19548212,0.0,0.0,0.6864565,0.0,0.056797,0.061264373,0.0,0.0,0.0,0.0,0.0
4,4,0.0,0.19548212,0.0,0.0,0.6864565,0.0,0.056797,0.061264373,0.0,0.0,0.0,0.0,0.0
4,4,0.0,0.19548212,0.0,0.0,0.6864565,0.0,0.056797,0.061264373,0.0,0.0,0.0,0.0,0.0
4,4,0.0,0.19548212,0.0,0.0,0.6864565,0.0,0.056797,0.061264373,0.0,0.0,0.0,0.0,0.0
4,4,0.0,0.19548212,0.0,0.0,0.6864565,0.0,0.056797,0.061264373,0.0,0.0,0.0,0.0,0.0
4,4,0.0,0.19548212,0.0,0.0,0.6864565,0.0,0.056797,0.061264373,0.0,0.0,0.0,0.0,0.0
4,4,0.0,0.19548212,0.0,0.0,0.6864565,0.0,0.056797,0.061264373,0.0,0.0,0.0,0.0,0.0
4,4,0.0,0.19548212,0.0,0.0,0.6864565,0.0,0.056797,0.061264373,0.0,0.0,0.0,0.0,0.0
4,4,0.0,0.19548212,0.0,0.0,0.6864565,0.0,0.056797,0.061264373,0.0,0.0,0.0,0.0,0.0
4,4,0.0,0.19548212,0.0,0.0,0.6864565,0.0,0.056797,0.061264373,0.0,0.0,0.0,0.0,0.0
4,4,0.0,0.19548212,0.0,0.0,0.6864565,0.0,0.056797,0.061264373,0.0,0.0,0.0,0.0,0.0
4,4,0.0,0.19548212,0.0,0.0,0.6864565,0.0,0.056797,0.061264373,0.0,0.0,0.0,0.0,0.0
4,4,0.0,0.19548212,0.0,0.0,0.6864565,0.0,0.056797,0.061264373,0.0,0.0,0.0,0.0,0.0
4,4,0.0,0.19548212,0.0,0.0,0.6864565,0.0,0.056797,0.061264373,0.0,0.0,0.0,0.0,0.0
4,4,0.0,0.19548212,0.0,0.0,0.6213929,0.06506362,0.056797005,0.061264377,0.0,0.0,0.0,0.0,0.0
4,4,0.0,0.19548212,0.0,0.0,0.6213929,0.06506362,0.056797005,0.061264377,0.0,0.0,0.0,0.0,0.0
4,4,0.0,0.19548212,0.0,0.0,0.6213929,0.06506362,0.056797005,0.061264377,0.0,0.0,0.0,0.0,0.0
4,4,0.0,0.19548212,0.0,0.0,0.6213929,0.06506362,0.056797005,0.061264377,0.0,0.0,0.0,0.0,0.0
4,4,0.0,0.19548212,0.0,0.0,0.5538094,0.1326471,0.056797,0.061264373,0.0,0.0,0.0,0.0,0.0
4,4,0.0,0.19548212,0.0,0.0,0.5538094,0.1326471,0.056797,0.061264373,0.0,0.0,0.0,0.0,0.0
4,4,0.0,0.19548212,0.0,0.0,0.5538094,0.1326471,0.056797,0.061264373,0.0,0.0,0.0,0.0,0.0
4,4,0.0,0.19548212,0.0,0.0,0.5538094,0.1326471,0.056797,0.061264373,0.0,0.0,0.0,0.0,0.0
4,4,0.0,0.19548212,0.0,0.0,0.5538094,0.1326471,0.056797,0.061264373,0.0,0.0,0.0,0.0,0.0
4,4,0.0,0.19548212,0.0,0.0,0.5538094,0.1326471,0.056797,0.061264373,0.0,0.0,0.0,0.0,0.0
4,4,0.0,0.19548212,0.0,0.0,0.5538094,0.1326471,0.056797,0.061264373,0.0,0.0,0.0,0.0,0.0
4,4,0.0,0.19548212,0.0,0.0,0.5538094,0.1326471,0.056797,0.061264373,0.0,0.0,0.0,0.0,0.0
4,4,0.0,0.19548212,0.0,0.0,0.5538094,0.1326471,0.056797,0.061264373,0.0,0.0,0.0,0.0,0.0
4,4,0.0,0.19548212,0.0,0.0,0.5538094,0.1326471,0.056797,0.061264373,0.0,0.0,0.0,0.0,0.0
4,4,0.0,0.25752863,0.0,0.0,0.49176288,0.13264711,0.056797005,0.061264377,0.0,0.0,0.0,0.0,0.0
4,4,0.0,0.25752863,0.0,0.0,0.49176288,0.13264711,0.056797005,0.061264377,0.0,0.0,0.0,0.0,0.0
4,4,0.0,0.25752863,0.0,0.0,0.49176288,0.13264711,0.056797005,0.061264377,0.0,0.0,0.0,0.0,0.0
4,4,0.0,0.25752863,0.0,0.0,0.49176288,0.13264711,0.056797005,0.061264377,0.0,0.0,0.0,0.0,0.0
4,4,0.0,0.25752863,0.0,0.0,0.49176288,0.13264711,0.056797005,0.061264377,0.0,0.0,0.0,0.0,0.0
4,4,0.0,0.25752863,0.0,0.0,0.49176288,0.13264711,0.056797005,0.061264377,0.0,0.0,0.0,0.0,0.0
4,4,0.0,0.25752863,0.0,0.0,0.49176288,0.13264711,0.056797005,0.061264377,0.0,0.0,0.0,0.0,0.0
4,4,0.0,0.25752863,0.0,0.0,0.49176288,0.13264711,0.056797005,0.061264377,0.0,0.0,0.0,0.0,0.0
4,4,0.0,0.25752863,0.0,0.0,0.49176288,0.13264711,0.056797005,0.061264377,0.0,0.0,0.0,0.0,0.0
4,4,0.0,0.25752863,0.0,0.0,0.49176288,0.13264711,0.056797005,0.061264377,0.0,0.0,0.0,0.0,0.0
4,4,0.0,0.25752863,0.0,0.0,0.49176288,0.13264711,0.056797005,0.061264377,0.0,0.0,0.0,0.0,0.0
4,4,0.0,0.25752863,0.0,0.0,0.49176288,0.13264711,0.056797005,0.061264377,0.0,0.0,0.0,0.0,0.0
4,4,0.0,0.25752863,0.0,0.0,0.49176288,0.13264711,0.056797005,0.061264377,0.0,0.0,0.0,0.0,0.0
4,4,0.0,0.25752863,0.0,0.0,0.49176288,0.13264711,0.056797005,0.061264377,0.0,0.0,0.0,0.0,0.0
4,4,0.0,0.25752863,0.0,0.0,0.49176288,0.13264711,0.056797005,0.061264377,0.0,0.0,0.0,0.0,0.0
4,4,0.0,0.25752863,0.0,0.0,0.49176288,0.13264711,0.056797005,0.061264377,0.0,0.0,0.0,0.0,0.0
4,4,0.0,0.25752863,0.0,0.0,0.49176288,0.13264711,0.056797005,0.061264377,0.0,0.0,0.0,0.0,0.0
4,4,0.0,0.25752863,0.0,0.0,0.49176288,0.13264711,0.056797005,0.061264377,0.0,0.0,0.0,0.0,0.0
4,4,0.0,0.25752863,0.0,0.0,0.49176288,0.13264711,0.056797005,0.061264377,0.0,0.0,0.0,0.0,0.0
4,4,0.0,0.25752863,0.0,0.0,0.49176288,0.13264711,0.056797005,0.061264377,0.0,0.0,0.0,0.0,0.0
4,4,0.0,0.25752863,0.0,0.0,0.49176288,0.13264711,0.056797005,0.061264377,0.0,0.0,0.0,0.0,0.0
4,4,0.0,0.25752863,0.0,0.0,0.49176288,0.13264711,0.056797005,0.061264377,0.0,0.0,0.0,0.0,0.0
4,4,0.0,0.25752863,0.0,0.0,0.49176288,0.13264711,0.056797005,0.061264377,0.0,0.0,0.0,0.0,0.0
4,4,0.0,0.25752863,0.0,0.0,0.49176288,0.13264711,0.056797005,0.061264377,0.0,0.0,0.0,0.0,0.0
4,4,0.0,0.25752863,0.0,0.0,0.49176288,0.13264711,0.056797005,0.061264377,0.0,0.0,0.0,0.0,0.0
4,4,0.0,0.25752863,0.0,0.0,0.49176288,0.13264711,0.056797005,0.061264377,0.0,0.0,0.0,0.0,0.0
4,4,0.0,0.3194169,0.0,0.0,0.3646846,0.1978371,0.056797005,0.061264377,0.0,0.0,0.0,0.0,0.0
4,4,0.0,0.3194169,0.0,0.0,0.3646846,0.1978371,0.056797005,0.061264377,0.0,0.0,0.0,0.0,0.0
4,4,0.0,0.3194169,0.0,0.0,0.3646846,0.1978371,0.056797005,0.061264377,0.0,0.0,0.0,0.0,0.0
4,4,0.0,0.3194169,0.0,0.0,0.3646846,0.1978371,0.056797005,0.061264377,0.0,0.0,0.0,0.0,0.0
4,4,0.0,0.3194169,0.0,0.0,0.3646846,0.1978371,0.056797005,0.061264377,0.0,0.0,0.0,0.0,0.0
4,4,0.0,0.3194169,0.0,0.0,0.3646846,0.1978371,0.056797005,0.061264377,0.0,0.0,0.0,0.0,0.0
4,4,0.0,0.3194169,0.0,0.0,0.3646846,0.1978371,0.056797005,0.061264377,0.0,0.0,0.0,0.0,0.0
4,4,0.0,0.3194169,0.0,0.0,0.3646846,0.1978371,0.056797005,0.061264377,0.0,0.0,0.0,0.0,0.0
4,4,0.0,0.3194169,0.0,0.0,0.3646846,0.1978371,0.056797005,0.061264377,0.0,0.0,0.0,0.0,0.0
4,4,0.0,0.3194169,0.0,0.0,0.3646846,0.1978371,0.056797005,0.061264377,0.0,0.0,0.0,0.0,0.0
4,4,0.0,0.3194169,0.0,0.0,0.3646846,0.1978371,0.056797005,0.061264377,0.0,0.0,0.0,0.0,0.0
4,4,0.0,0.3194169,0.0,0.0,0.3646846,0.1978371,0.056797005,0.061264377,0.0,0.0,0.0,0.0,0.0
4,4,0.0,0.3194169,0.0,0.0,0.3646846,0.1978371,0.056797005,0.061264377,0.0,0.0,0.0,0.0,0.0
4,4,0.0,0.3194169,0.0,0.0,0.3646846,0.1978371,0.056797005,0.061264377,0.0,0.0,0.0,0.0,0.0
4,4,0.0,0.3194169,0.0,0.0,0.3646846,0.1978371,0.056797005,0.061264377,0.0,0.0,0.0,0.0,0.0
4,4,0.0,0.3194169,0.0,0.0,0.3646846,0.1978371,0.056797005,0.061264377,0.0,0.0,0.0,0.0,0.0
4,4,0.0,0.3194169,0.0,0.0,0.3646846,0.1978371,0.056797005,0.061264377,0.0,0.0,0.0,0.0,0.0
4,4,0.0,0.3194169,0.0,0.0,0.3646846,0.1978371,0.056797005,0.061264377,0.0,0.0,0.0,0.0,0.0
4,4,0.0,0.3194169,0.0,0.0,0.3646846,0.1978371,0.056797005,0.061264377,0.0,0.0,0.0,0.0,0.0
4,4,0.0,0.3194169,0.0,0.0,0.3646846,0.1978371,0.056797005,0.061264377,0.0,0.0,0.0,0.0,0.0
4,4,0.0,0.3194169,0.0,0.0,0.3646846,0.1978371,0.056797005,0.061264377,0.0,0.0,0.0,0.0,0.0
4,4,0.0,0.3194169,0.0,0.0,0.3646846,0.1978371,0.056797005,0.061264377,0.0,0.0,0.0,0.0,0.0
4,4,0.0,0.3194169,0.0,0.0,0.3646846,0.1978371,0.056797005,0.061264377,0.0,0.0,0.0,0.0,0.0
4,4,0.0,0.3194169,0.0,0.0,0.3646846,0.1978371,0.056797005,0.061264377,0.0,0.0,0.0,0.0,0.0
4,4,0.0,0.3194169,0.0,0.0,0.3646846,0.1978371,0.056797005,0.061264377,0.0,0.0,0.0,0.0,0.0
4,4,0.0,0.3194169,0.0,0.0,0.3646846,0.1978371,0.056797005,0.061264377,0.0,0.0,0.0,0.0,0.0
4,4,0.0,0.3194169,0.0,0.0,0.3646846,0.1978371,0.056797005,0.061264377,0.0,0.0,0.0,0.0,0.0
4,4,0.0,0.3194169,0.0,0.0,0.3646846,0.1978371,0.056797005,0.061264377,0.0,0.0,0.0,0.0,0.0
4,4,0.0,0.3194169,0.0,0.0,0.3646846,0.1978371,0.056797005,0.061264377,0.0,0.0,0.0,0.0,0.0
4,4,0.0,0.3194169,0.0,0.0,0.3646846,0.1978371,0.056797005,0.061264377,0.0,0.0,0.0,0.0,0.0
4,4,0.0,0.3194169,0.0,0.0,0.3646846,0.1978371,0.056797005,0.061264377,0.0,0.0,0.0,0.0,0.0
4,4,0.0,0.3194169,0.0,0.0,0.3646846,0.1978371,0.056797005,0.061264377,0.0,0.0,0.0,0.0,0.0
4,4,0.0,0.3194169,0.0,0.0,0.3646846,0.1978371,0.056797005,0.061264377,0.0,0.0,0.0,0.0,0.0
4,4,0.0,0.3194169,0.0,0.0,0.3646846,0.1978371,0.056797005,0.061264377,0.0,0.0,0.0,0.0,0.0
4,4,0.0,0.3194169,0.0,0.0,0.3646846,0.1978371,0.056797005,0.061264377,0.0,0.0,0.0,0.0,0.0
4,4,0.0,0.3194169,0.0,0.0,0.3646846,0.1978371,0.056797005,0.061264377,0.0,0.0,0.0,0.0,0.0
4,4,0.0,0.3194169,0.0,0.0,0.3646846,0.1978371,0.056797005,0.061264377,0.0,0.0,0.0,0.0,0.0
4,4,0.0,0.3194169,0.0,0.0,0.3646846,0.1978371,0.056797005,0.061264377,0.0,0.0,0.0,0.0,0.0
4,4,0.0,0.3194169,0.0,0.0,0.3646846,0.1978371,0.056797005,0.061264377,0.0,0.0,0.0,0.0,0.0
4,4,0.0,0.3194169,0.0,0.0,0.3646846,0.1978371,0.056797005,0.061264377,0.0,0.0,0.0,0.0,0.0
4,4,0.0,0.3194169,0.0,0.0,0.3646846,0.1978371,0.056797005,0.061264377,0.0,0.0,0.0,0.0,0.0
4,4,0.0,0.3194169,0.0,0.0,0.3646846,0.1978371,0.056797005,0.061264377,0.0,0.0,0.0,0.0,0.0
4,4,0.0,0.3194169,0.0,0.0,0.3646846,0.1978371,0.056797005,0.061264377,0.0,0.0,0.0,0.0,0.0
4,4,0.0,0.3194169,0.0,0.0,0.3646846,0.1978371,0.056797005,0.061264377,0.0,0.0,0.0,0.0,0.0
4,4,0.0,0.3194169,0.0,0.0,0.3646846,0.1978371,0.056797005,0.061264377,0.0,0.0,0.0,0.0,0.0
4,4,0.0,0.3194169,0.0,0.0,0.3646846,0.1978371,0.056797005,0.061264377,0.0,0.0,0.0,0.0,0.0
4,4,0.0,0.3194169,0.0,0.0,0.3646846,0.1978371,0.056797005,0.061264377,0.0,0.0,0.0,0.0,0.0
4,4,0.0,0.3194169,0.0,0.0,0.3646846,0.1978371,0.056797005,0.061264377,0.0,0.0,0.0,0.0,0.0
4,4,0.0,0.3194169,0.0,0.0,0.3646846,0.1978371,0.056797005,0.061264377,0.0,0.0,0.0,0.0,0.0
4,4,0.0,0.3194169,0.0,0.0,0.3646846,0.1978371,0.056797005,0.061264377,0.0,0.0,0.0,0.0,0.0
4,4,0.0,0.3194169,0.0,0.0,0.3646846,0.1978371,0.056797005,0.061264377,0.0,0.0,0.0,0.0,0.0
4,4,0.0,0.3194169,0.0,0.0,0.3646846,0.1978371,0.056797005,0.061264377,0.0,0.0,0.0,0.0,0.0
4,4,0.0,0.3194169,0.0,0.0,0.3646846,0.1978371,0.056797005,0.061264377,0.0,0.0,0.0,0.0,0.0
4,4,0.0,0.3194169,0.0,0.0,0.3646846,0.1978371,0.056797005,0.061264377,0.0,0.0,0.0,0.0,0.0
4,4,0.0,0.3194169,0.0,0.0,0.3646846,0.1978371,0.056797005,0.061264377,0.0,0.0,0.0,0.0,0.0
4,4,0.0,0.3194169,0.0,0.0,0.3646846,0.1978371,0.056797005,0.061264377,0.0,0.0,0.0,0.0,0.0
4,4,0.0,0.3194169,0.0,0.0,0.3646846,0.1978371,0.056797005,0.061264377,0.0,0.0,0.0,0.0,0.0
4,4,0.0,0.3194169,0.0,0.0,0.3646846,0.1978371,0.056797005,0.061264377,0.0,0.0,0.0,0.0,0.0
4,4,0.0,0.3194169,0.0,0.0,0.3646846,0.1978371,0.056797005,0.061264377,0.0,0.0,0.0,0.0,0.0
4,4,0.0,0.3194169,0.0,0.0,0.3646846,0.1978371,0.056797005,0.061264377,0.0,0.0,0.0,0.0,0.0
4,4,0.0,0.3194169,0.0,0.0,0.3646846,0.1978371,0.056797005,0.061264377,0.0,0.0,0.0,0.0,0.0
4,4,0.0,0.3194169,0.0,0.0,0.3646846,0.1978371,0.056797005,0.061264377,0.0,0.0,0.0,0.0,0.0
4,4,0.0,0.3194169,0.0,0.0,0.3646846,0.1978371,0.056797005,0.061264377,0.0,0.0,0.0,0.0,0.0
4,4,0.0,0.3194169,0.0,0.0,0.3646846,0.1978371,0.056797005,0.061264377,0.0,0.0,0.0,0.0,0.0
4,4,0.0,0.3194169,0.0,0.0,0.3646846,0.1978371,0.056797005,0.061264377,0.0,0.0,0.0,0.0,0.0
4,4,0.0,0.3194169,0.0,0.0,0.3646846,0.1978371,0.056797005,0.061264377,0.0,0.0,0.0,0.0,0.0
4,4,0.0,0.3194169,0.0,0.0,0.3646846,0.1978371,0.056797005,0.061264377,0.0,0.0,0.0,0.0,0.0
4,4,0.0,0.3194169,0.0,0.0,0.3646846,0.1978371,0.056797005,0.061264377,0.0,0.0,0.0,0.0,0.0
4,4,0.0,0.3194169,0.0,0.0,0.3646846,0.1978371,0.056797005,0.061264377,0.0,0.0,0.0,0.0,0.0
4,4,0.0,0.3194169,0.0,0.0,0.3646846,0.1978371,0.056797005,0.061264377,0.0,0.0,0.0,0.0,0.0
4,4,0.0,0.3194169,0.0,0.0,0.3646846,0.1978371,0.056797005,0.061264377,0.0,0.0,0.0,0.0,0.0
4,4,0.0,0.3194169,0.0,0.0,0.3646846,0.1978371,0.056797005,0.061264377,0.0,0.0,0.0,0.0,0.0
4,4,0.0,0.3194169,0.0,0.0,0.3646846,0.1978371,0.056797005,0.061264377,0.0,0.0,0.0,0.0,0.0
4,4,0.0,0.3194169,0.0,0.0,0.3646846,0.1978371,0.056797005,0.061264377,0.0,0.0,0.0,0.0,0.0
4,4,0.0,0.3194169,0.0,0.0,0.3646846,0.1978371,0.056797005,0.061264377,0.0,0.0,0.0,0.0,0.0
4,4,0.0,0.3194169,0.0,0.0,0.3646846,0.1978371,0.056797005,0.061264377,0.0,0.0,0.0,0.0,0.0
4,4,0.0,0.3194169,0.0,0.0,0.3646846,0.1978371,0.056797005,0.061264377,0.0,0.0,0.0,0.0,0.0
4,4,0.0,0.3194169,0.0,0.0,0.3646846,0.1978371,0.056797005,0.061264377,0.0,0.0,0.0,0.0,0.0
4,4,0.0,0.3194169,0.0,0.0,0.3646846,0.1978371,0.056797005,0.061264377,0.0,0.0,0.0,0.0,0.0
4,4,0.0,0.3194169,0.0,0.0,0.3646846,0.1978371,0.056797005,0.061264377,0.0,0.0,0.0,0.0,0.0
4,4,0.0,0.3194169,0.0,0.0,0.3646846,0.1978371,0.056797005,0.061264377,0.0,0.0,0.0,0.0,0.0
4,4,0.0,0.3194169,0.0,0.0,0.3646846,0.1978371,0.056797005,0.061264377,0.0,0.0,0.0,0.0,0.0
4,4,0.0,0.3194169,0.0,0.0,0.3646846,0.1978371,0.056797005,0.061264377,0.0,0.0,0.0,0.0,0.0
4,4,0.0,0.3194169,0.0,0.0,0.3646846,0.1978371,0.056797005,0.061264377,0.0,0.0,0.0,0.0,0.0
4,4,0.0,0.3194169,0.0,0.0,0.3646846,0.1978371,0.056797005,0.061264377,0.0,0.0,0.0,0.0,0.0
4,4,0.0,0.3194169,0.0,0.0,0.3646846,0.1978371,0.056797005,0.061264377,0.0,0.0,0.0,0.0,0.0
4,4,0.0,0.3194169,0.0,0.0,0.3646846,0.1978371,0.056797005,0.061264377,0.0,0.0,0.0,0.0,0.0
4,4,0.0,0.3194169,0.0,0.0,0.3646846,0.1978371,0.056797005,0.061264377,0.0,0.0,0.0,0.0,0.0
4,4,0.0,0.3194169,0.0,0.0,0.3646846,0.1978371,0.056797005,0.061264377,0.0,0.0,0.0,0.0,0.0
4,4,0.0,0.3194169,0.0,0.0,0.3646846,0.1978371,0.056797005,0.061264377,0.0,0.0,0.0,0.0,0.0
4,4,0.0,0.3194169,0.0,0.0,0.3646846,0.1978371,0.056797005,0.061264377,0.0,0.0,0.0,0.0,0.0
4,4,0.0,0.3194169,0.0,0.0,0.3646846,0.1978371,0.056797005,0.061264377,0.0,0.0,0.0,0.0,0.0
4,4,0.0,0.3194169,0.0,0.0,0.3646846,0.1978371,0.056797005,0.061264377,0.0,0.0,0.0,0.0,0.0
4,4,0.0,0.3194169,0.0,0.0,0.3646846,0.1978371,0.056797005,0.061264377,0.0,0.0,0.0,0.0,0.0
4,4,0.0,0.3194169,0.0,0.0,0.3646846,0.1978371,0.056797005,0.061264377,0.0,0.0,0.0,0.0,0.0
4,4,0.0,0.3194169,0.0,0.0,0.3646846,0.1978371,0.056797005,0.061264377,0.0,0.0,0.0,0.0,0.0
4,4,0.0,0.3194169,0.0,0.0,0.3646846,0.1978371,0.056797005,0.061264377,0.0,0.0,0.0,0.0,0.0
4,4,0.0,0.3194169,0.0,0.0,0.3646846,0.1978371,0.056797005,0.061264377,0.0,0.0,0.0,0.0,0.0
4,4,0.0,0.3194169,0.0,0.0,0.3646846,0.1978371,0.056797005,0.061264377,0.0,0.0,0.0,0.0,0.0
4,4,0.0,0.3194169,0.0,0.0,0.3646846,0.1978371,0.056797005,0.061264377,0.0,0.0,0.0,0.0,0.0
4,4,0.0,0.3194169,0.0,0.0,0.3646846,0.1978371,0.056797005,0.061264377,0.0,0.0,0.0,0.0,0.0
4,4,0.0,0.3194169,0.0,0.0,0.3646846,0.1978371,0.056797005,0.061264377,0.0,0.0,0.0,0.0,0.0
4,4,0.0,0.3194169,0.0,0.0,0.3646846,0.1978371,0.056797005,0.061264377,0.0,0.0,0.0,0.0,0.0
4,4,0.0,0.3194169,0.0,0.0,0.3646846,0.1978371,0.056797005,0.061264377,0.0,0.0,0.0,0.0,0.0
4,4,0.0,0.3194169,0.0,0.0,0.3646846,0.1978371,0.056797005,0.061264377,0.0,0.0,0.0,0.0,0.0
4,4,0.0,0.3194169,0.0,0.0,0.3646846,0.1978371,0.056797005,0.061264377,0.0,0.0,0.0,0.0,0.0
4,4,0.0,0.3194169,0.0,0.0,0.3646846,0.1978371,0.056797005,0.061264377,0.0,0.0,0.0,0.0,0.0
4,4,0.0,0.3194169,0.0,0.0,0.3646846,0.1978371,0.056797005,0.061264377,0.0,0.0,0.0,0.0,0.0
4,4,0.0,0.3194169,0.0,0.0,0.3646846,0.1978371,0.056797005,0.061264377,0.0,0.0,0.0,0.0,0.0
4,4,0.0,0.3194169,0.0,0.0,0.3646846,0.1978371,0.056797005,0.061264377,0.0,0.0,0.0,0.0,0.0
4,4,0.0,0.3194169,0.0,0.0,0.3646846,0.1978371,0.056797005,0.061264377,0.0,0.0,0.0,0.0,0.0
4,4,0.0,0.3194169,0.0,0.0,0.3646846,0.1978371,0.056797005,0.061264377,0.0,0.0,0.0,0.0,0.0
4,4,0.0,0.3194169,0.0,0.0,0.3646846,0.1978371,0.056797005,0.061264377,0.0,0.0,0.0,0.0,0.0
4,4,0.0,0.3194169,0.0,0.0,0.3646846,0.1978371,0.056797005,0.061264377,0.0,0.0,0.0,0.0,0.0
4,4,0.0,0.3194169,0.0,0.0,0.3646846,0.1978371,0.056797005,0.061264377,0.0,0.0,0.0,0.0,0.0
4,4,0.0,0.3194169,0.0,0.0,0.3646846,0.1978371,0.056797005,0.061264377,0.0,0.0,0.0,0.0,0.0
4,4,0.0,0.3194169,0.0,0.0,0.3646846,0.1978371,0.056797005,0.061264377,0.0,0.0,0.0,0.0,0.0
4,4,0.0,0.3194169,0.0,0.0,0.3646846,0.1978371,0.056797005,0.061264377,0.0,0.0,0.0,0.0,0.0
4,4,0.0,0.3194169,0.0,0.0,0.3646846,0.1978371,0.056797005,0.061264377,0.0,0.0,0.0,0.0,0.0
4,4,0.0,0.3194169,0.0,0.0,0.3646846,0.1978371,0.056797005,0.061264377,0.0,0.0,0.0,0.0,0.0
4,4,0.0,0.3194169,0.0,0.0,0.3646846,0.1978371,0.056797005,0.061264377,0.0,0.0,0.0,0.0,0.0
4,4,0.0,0.3194169,0.0,0.0,0.3646846,0.1978371,0.056797005,0.061264377,0.0,0.0,0.0,0.0,0.0
4,4,0.0,0.3194169,0.0,0.0,0.3646846,0.1978371,0.056797005,0.061264377,0.0,0.0,0.0,0.0,0.0
4,4,0.0,0.3194169,0.0,0.0,0.3646846,0.1978371,0.056797005,0.061264377,0.0,0.0,0.0,0.0,0.0
4,4,0.0,0.3194169,0.0,0.0,0.3646846,0.1978371,0.056797005,0.061264377,0.0,0.0,0.0,0.0,0.0
4,4,0.0,0.3194169,0.0,0.0,0.3646846,0.1978371,0.056797005,0.061264377,0.0,0.0,0.0,0.0,0.0
4,4,0.0,0.3194169,0.0,0.0,0.3646846,0.1978371,0.056797005,0.061264377,0.0,0.0,0.0,0.0,0.0
4,4,0.0,0.3194169,0.0,0.0,0.3646846,0.1978371,0.056797005,0.061264377,0.0,0.0,0.0,0.0,0.0
4,4,0.0,0.3194169,0.0,0.0,0.3646846,0.1978371,0.056797005,0.061264377,0.0,0.0,0.0,0.0,0.0
4,4,0.0,0.3194169,0.0,0.0,0.3646846,0.1978371,0.056797005,0.061264377,0.0,0.0,0.0,0.0,0.0
4,4,0.0,0.3194169,0.0,0.0,0.3646846,0.1978371,0.056797005,0.061264377,0.0,0.0,0.0,0.0,0.0
4,4,0.0,0.3194169,0.0,0.0,0.3646846,0.1978371,0.056797005,0.061264377,0.0,0.0,0.0,0.0,0.0
4,4,0.0,0.3194169,0.0,0.0,0.3646846,0.1978371,0.056797005,0.061264377,0.0,0.0,0.0,0.0,0.0
4,4,0.0,0.3194169,0.0,0.0,0.3646846,0.1978371,0.056797005,0.061264377,0.0,0.0,0.0,0.0,0.0
4,4,0.0,0.3194169,0.0,0.0,0.3646846,0.1978371,0.056797005,0.061264377,0.0,0.0,0.0,0.0,0.0
4,4,0.0,0.3194169,0.0,0.0,0.3646846,0.1978371,0.056797005,0.061264377,0.0,0.0,0.0,0.0,0.0
4,4,0.0,0.3194169,0.0,0.0,0.3646846,0.1978371,0.056797005,0.061264377,0.0,0.0,0.0,0.0,0.0
4,4,0.0,0.3194169,0.0,0.0,0.3646846,0.1978371,0.056797005,0.061264377,0.0,0.0,0.0,0.0,0.0
4,4,0.0,0.3194169,0.0,0.0,0.3646846,0.1978371,0.056797005,0.061264377,0.0,0.0,0.0,0.0,0.0
4,4,0.0,0.3194169,0.0,0.0,0.3646846,0.1978371,0.056797005,0.061264377,0.0,0.0,0.0,0.0,0.0
4,4,0.0,0.3194169,0.0,0.0,0.3646846,0.1978371,0.056797005,0.061264377,0.0,0.0,0.0,0.0,0.0
4,4,0.0,0.3194169,0.0,0.0,0.3646846,0.1978371,0.056797005,0.061264377,0.0,0.0,0.0,0.0,0.0
4,4,0.0,0.3194169,0.0,0.0,0.3646846,0.1978371,0.056797005,0.061264377,0.0,0.0,0.0,0.0,0.0
4,4,0.0,0.3194169,0.0,0.0,0.3646846,0.1978371,0.056797005,0.061264377,0.0,0.0,0.0,0.0,0.0
4,4,0.0,0.3194169,0.0,0.0,0.3646846,0.1978371,0.056797005,0.061264377,0.0,0.0,0.0,0.0,0.0
4,4,0.0,0.3194169,0.0,0.0,0.3646846,0.1978371,0.056797005,0.061264377,0.0,0.0,0.0,0.0,0.0
4,4,0.0,0.3194169,0.0,0.0,0.4214816,0.1978371,0.0,0.061264377,0.0,0.0,0.0,0.0,0.0
4,4,0.0,0.3194169,0.0,0.0,0.4214816,0.1978371,0.0,0.061264377,0.0,0.0,0.0,0.0,0.0
4,4,0.0,0.3194169,0.0,0.0,0.4214816,0.1978371,0.0,0.061264377,0.0,0.0,0.0,0.0,0.0
4,4,0.0,0.3194169,0.0,0.0,0.4214816,0.1978371,0.0,0.061264377,0.0,0.0,0.0,0.0,0.0
4,4,0.0,0.3194169,0.0,0.0,0.4214816,0.1978371,0.0,0.061264377,0.0,0.0,0.0,0.0,0.0
4,4,0.0,0.3194169,0.0,0.0,0.4214816,0.1978371,0.0,0.061264377,0.0,0.0,0.0,0.0,0.0
4,4,0.0,0.3194169,0.0,0.0,0.4214816,0.1978371,0.0,0.061264377,0.0,0.0,0.0,0.0,0.0
4,4,0.0,0.3194169,0.0,0.0,0.4214816,0.1978371,0.0,0.061264377,0.0,0.0,0.0,0.0,0.0
4,4,0.0,0.3194169,0.0,0.0,0.4214816,0.1978371,0.0,0.061264377,0.0,0.0,0.0,0.0,0.0
4,4,0.0,0.3194169,0.0,0.0,0.4214816,0.1978371,0.0,0.061264377,0.0,0.0,0.0,0.0,0.0
4,4,0.0,0.25737038,0.0,0.0,0.4835281,0.19783708,0.0,0.061264373,0.0,0.0,0.0,0.0,0.0
4,4,0.0,0.25737038,0.0,0.0,0.4835281,0.19783708,0.0,0.061264373,0.0,0.0,0.0,0.0,0.0
4,4,0.0,0.25737038,0.0,0.0,0.4835281,0.19783708,0.0,0.061264373,0.0,0.0,0.0,0.0,0.0
4,4,0.0,0.25737038,0.0,0.0,0.4835281,0.19783708,0.0,0.061264373,0.0,0.0,0.0,0.0,0.0
4,4,0.0,0.25737038,0.0,0.0,0.4835281,0.19783708,0.0,0.061264373,0.0,0.0,0.0,0.0,0.0
4,4,0.0,0.25737038,0.0,0.0,0.4835281,0.19783708,0.0,0.061264373,0.0,0.0,0.0,0.0,0.0
4,4,0.0,0.25737038,0.0,0.0,0.4835281,0.19783708,0.0,0.061264373,0.0,0.0,0.0,0.0,0.0
4,4,0.0,0.25737038,0.0,0.0,0.4835281,0.19783708,0.0,0.061264373,0.0,0.0,0.0,0.0,0.0
4,4,0.0,0.25737038,0.0,0.0,0.4835281,0.19783708,0.0,0.061264373,0.0,0.0,0.0,0.0,0.0
4,4,0.0,0.25737038,0.0,0.0,0.4835281,0.19783708,0.0,0.061264373,0.0,0.0,0.0,0.0,0.0
4,4,0.0,0.25737038,0.0,0.0,0.4835281,0.19783708,0.0,0.061264373,0.0,0.0,0.0,0.0,0.0
4,4,0.0,0.25737038,0.0,0.0,0.4835281,0.19783708,0.0,0.061264373,0.0,0.0,0.0,0.0,0.0
4,4,0.0,0.25737038,0.0,0.0,0.4835281,0.19783708,0.0,0.061264373,0.0,0.0,0.0,0.0,0.0
4,4,0.0,0.25737038,0.0,0.0,0.4835281,0.19783708,0.0,0.061264373,0.0,0.0,0.0,0.0,0.0
4,4,0.0,0.25737038,0.0,0.0,0.4835281,0.19783708,0.0,0.061264373,0.0,0.0,0.0,0.0,0.0
4,4,0.0,0.25737038,0.0,0.0,0.4835281,0.19783708,0.0,0.061264373,0.0,0.0,0.0,0.0,0.0
4,4,0.0,0.25737038,0.0,0.0,0.4835281,0.19783708,0.0,0.061264373,0.0,0.0,0.0,0.0,0.0
4,4,0.0,0.25737038,0.0,0.0,0.4835281,0.19783708,0.0,0.061264373,0.0,0.0,0.0,0.0,0.0
4,4,0.0,0.25737038,0.0,0.0,0.4835281,0.19783708,0.0,0.061264373,0.0,0.0,0.0,0.0,0.0
4,4,0.0,0.25737038,0.0,0.0,0.4835281,0.19783708,0.0,0.061264373,0.0,0.0,0.0,0.0,0.0
4,4,0.0,0.25737038,0.0,0.0,0.4835281,0.19783708,0.0,0.061264373,0.0,0.0,0.0,0.0,0.0
4,4,0.0,0.25737038,0.0,0.0,0.4835281,0.19783708,0.0,0.061264373,0.0,0.0,0.0,0.0,0.0
4,4,0.0,0.25737038,0.0,0.0,0.4835281,0.19783708,0.0,0.061264373,0.0,0.0,0.0,0.0,0.0
4,4,0.0,0.25737038,0.0,0.0,0.4835281,0.19783708,0.0,0.061264373,0.0,0.0,0.0,0.0,0.0
4,4,0.0,0.25737038,0.0,0.0,0.54859173,0.13277346,0.0,0.061264373,0.0,0.0,0.0,0.0,0.0
4,4,0.0,0.25737038,0.0,0.0,0.54859173,0.13277346,0.0,0.061264373,0.0,0.0,0.0,0.0,0.0
4,4,0.0,0.25737038,0.0,0.0,0.54859173,0.13277346,0.0,0.061264373,0.0,0.0,0.0,0.0,0.0
4,4,0.0,0.25737038,0.0,0.0,0.54859173,0.13277346,0.0,0.061264373,0.0,0.0,0.0,0.0,0.0
4,4,0.0,0.25737038,0.0,0.0,0.54859173,0.13277346,0.0,0.061264373,0.0,0.0,0.0,0.0,0.0
4,4,0.0,0.25737038,0.0,0.0,0.54859173,0.13277346,0.0,0.061264373,0.0,0.0,0.0,0.0,0.0
4,4,0.0,0.25737038,0.0,0.0,0.54859173,0.13277346,0.0,0.061264373,0.0,0.0,0.0,0.0,0.0
4,4,0.0,0.25737038,0.0,0.0,0.54859173,0.13277346,0.0,0.061264373,0.0,0.0,0.0,0.0,0.0
4,4,0.0,0.25737038,0.0,0.0,0.54859173,0.13277346,0.0,0.061264373,0.0,0.0,0.0,0.0,0.0
4,4,0.0,0.25737038,0.0,0.0,0.54859173,0.13277346,0.0,0.061264373,0.0,0.0,0.0,0.0,0.0
4,4,0.0,0.25737038,0.0,0.0,0.54859173,0.13277346,0.0,0.061264373,0.0,0.0,0.0,0.0,0.0
4,4,0.0,0.25737038,0.0,0.0,0.54859173,0.13277346,0.0,0.061264373,0.0,0.0,0.0,0.0,0.0
4,4,0.0,0.25737038,0.0,0.0,0.54859173,0.13277346,0.0,0.061264373,0.0,0.0,0.0,0.0,0.0
4,4,0.0,0.25737038,0.0,0.0,0.54859173,0.13277346,0.0,0.061264373,0.0,0.0,0.0,0.0,0.0
4,4,0.0,0.25737038,0.0,0.0,0.54859173,0.13277346,0.0,0.061264373,0.0,0.0,0.0,0.0,0.0
4,4,0.0,0.25737038,0.0,0.0,0.54859173,0.13277346,0.0,0.061264373,0.0,0.0,0.0,0.0,0.0
4,4,0.0,0.25737038,0.0,0.0,0.54859173,0.13277346,0.0,0.061264373,0.0,0.0,0.0,0.0,0.0
4,4,0.0,0.25737038,0.0,0.0,0.54859173,0.13277346,0.0,0.061264373,0.0,0.0,0.0,0.0,0.0
4,4,0.0,0.25737038,0.0,0.0,0.54859173,0.13277346,0.0,0.061264373,0.0,0.0,0.0,0.0,0.0
4,4,0.0,0.25737038,0.0,0.0,0.54859173,0.13277346,0.0,0.061264373,0.0,0.0,0.0,0.0,0.0
4,4,0.0,0.06291972,0.0,0.0,0.7430424,0.13277346,0.0,0.061264373,0.0,0.0,0.0,0.0,0.0
4,4,0.0,0.06291972,0.0,0.0,0.7430424,0.13277346,0.0,0.061264373,0.0,0.0,0.0,0.0,0.0
4,4,0.0,0.06291972,0.0,0.0,0.7430424,0.13277346,0.0,0.061264373,0.0,0.0,0.0,0.0,0.0
4,4,0.0,0.06291972,0.0,0.0,0.7430424,0.13277346,0.0,0.061264373,0.0,0.0,0.0,0.0,0.0
4,4,0.0,0.06291972,0.0,0.0,0.7430424,0.13277346,0.0,0.061264373,0.0,0.0,0.0,0.0,0.0
4,4,0.0,0.06291972,0.0,0.0,0.7430424,0.13277346,0.0,0.061264373,0.0,0.0,0.0,0.0,0.0
4,4,0.0,0.06291972,0.0,0.0,0.7430424,0.13277346,0.0,0.061264373,0.0,0.0,0.0,0.0,0.0
4,4,0.0,0.06291972,0.0,0.0,0.7430424,0.13277346,0.0,0.061264373,0.0,0.0,0.0,0.0,0.0
4,4,0.0,0.06291972,0.0,0.0,0.8082324,0.067583494,0.0,0.061264377,0.0,0.0,0.0,0.0,0.0
4,4,0.0,0.06291972,0.0,0.0,0.8082324,0.067583494,0.0,0.061264377,0.0,0.0,0.0,0.0,0.0
4,4,0.0,0.06291972,0.0,0.0,0.8082324,0.067583494,0.0,0.061264377,0.0,0.0,0.0,0.0,0.0
4,4,0.0,0.06291972,0.0,0.0,0.8082324,0.067583494,0.0,0.061264377,0.0,0.0,0.0,0.0,0.0
4,4,0.0,0.06291972,0.0,0.0,0.8082324,0.067583494,0.0,0.061264377,0.0,0.0,0.0,0.0,0.0
4,4,0.0,0.06291972,0.0,0.0,0.8082324,0.067583494,0.0,0.061264377,0.0,0.0,0.0,0.0,0.0
4,4,0.0,0.06291972,0.0,0.0,0.8082324,0.067583494,0.0,0.061264377,0.0,0.0,0.0,0.0,0.0
4,4,0.0,0.06291972,0.0,0.0,0.8082324,0.067583494,0.0,0.061264377,0.0,0.0,0.0,0.0,0.0
4,4,0.0,0.0,0.0,0.0,0.87115216,0.067583494,0.0,0.061264377,0.0,0.0,0.0,0.0,0.0
4,4,0.0,0.0,0.0,0.0,0.87115216,0.067583494,0.0,0.061264377,0.0,0.0,0.0,0.0,0.0
4,4,0.0,0.0,0.0,0.0,0.87115216,0.067583494,0.0,0.061264377,0.0,0.0,0.0,0.0,0.0
4,4,0.0,0.0,0.0,0.0,0.87115216,0.067583494,0.0,0.061264377,0.0,0.0,0.0,0.0,0.0
4,4,0.0,0.0,0.0,0.0,0.87115216,0.067583494,0.0,0.061264377,0.0,0.0,0.0,0.0,0.0
4,4,0.0,0.0,0.0,0.0,0.87115216,0.067583494,0.0,0.061264377,0.0,0.0,0.0,0.0,0.0
4,4,0.0,0.0,0.0,0.0,0.87115216,0.067583494,0.0,0.061264377,0.0,0.0,0.0,0.0,0.0
4,4,0.0,0.0,0.0,0.0,0.87115216,0.067583494,0.0,0.061264377,0.0,0.0,0.0,0.0,0.0
4,4,0.0,0.0,0.0,0.0,0.87115216,0.067583494,0.0,0.061264377,0.0,0.0,0.0,0.0,0.0
4,4,0.0,0.0,0.0,0.0,0.87115216,0.067583494,0.0,0.061264377,0.0,0.0,0.0,0.0,0.0
4,4,0.0,0.0,0.0,0.0,0.87115216,0.067583494,0.0,0.061264377,0.0,0.0,0.0,0.0,0.0
4,4,0.0,0.0,0.0,0.0,0.87115216,0.067583494,0.0,0.061264377,0.0,0.0,0.0,0.0,0.0
4,4,0.0,0.0,0.0,0.0,0.87115216,0.067583494,0.0,0.061264377,0.0,0.0,0.0,0.0,0.0
4,4,0.0,0.0,0.0,0.0,0.87115216,0.067583494,0.0,0.061264377,0.0,0.0,0.0,0.0,0.0
4,4,0.0,0.0,0.0,0.0,0.87115216,0.067583494,0.0,0.061264377,0.0,0.0,0.0,0.0,0.0
4,4,0.0,0.0,0.0,0.0,0.87115216,0.067583494,0.0,0.061264377,0.0,0.0,0.0,0.0,0.0
4,4,0.0,0.0,0.0,0.0,0.87115216,0.067583494,0.0,0.061264377,0.0,0.0,0.0,0.0,0.0
4,4,0.0,0.0,0.0,0.0,0.87115216,0.067583494,0.0,0.061264377,0.0,0.0,0.0,0.0,0.0
4,4,0.0,0.0,0.0,0.0,0.87115216,0.067583494,0.0,0.061264377,0.0,0.0,0.0,0.0,0.0
4,4,0.0,0.0,0.0,0.0,0.87115216,0.067583494,0.0,0.061264377,0.0,0.0,0.0,0.0,0.0
4,4,0.0,0.0,0.0,0.0,0.87115216,0.067583494,0.0,0.061264377,0.0,0.0,0.0,0.0,0.0
4,4,0.0,0.0,0.0,0.0,0.87115216,0.067583494,0.0,0.061264377,0.0,0.0,0.0,0.0,0.0
4,4,0.0,0.0,0.0,0.0,0.87115216,0.067583494,0.0,0.061264377,0.0,0.0,0.0,0.0,0.0
4,4,0.0,0.0,0.0,0.0,0.87115216,0.067583494,0.0,0.061264377,0.0,0.0,0.0,0.0,0.0
4,4,0.0,0.0,0.0,0.0,0.93241656,0.067583494,0.0,0.0,0.0,0.0,0.0,0.0,0.0
4,4,0.0,0.0,0.0,0.0,0.93241656,0.067583494,0.0,0.0,0.0,0.0,0.0,0.0,0.0
4,4,0.0,0.0,0.0,0.0,0.93241656,0.067583494,0.0,0.0,0.0,0.0,0.0,0.0,0.0
4,4,0.0,0.0,0.0,0.0,0.93241656,0.067583494,0.0,0.0,0.0,0.0,0.0,0.0,0.0
4,4,0.0,0.0,0.0,0.0,0.93241656,0.067583494,0.0,0.0,0.0,0.0,0.0,0.0,0.0
4,4,0.0,0.0,0.0,0.0,0.93241656,0.067583494,0.0,0.0,0.0,0.0,0.0,0.0,0.0
4,4,0.0,0.0,0.0,0.0,0.93241656,0.067583494,0.0,0.0,0.0,0.0,0.0,0.0,0.0
4,4,0.0,0.0,0.0,0.0,0.93241656,0.067583494,0.0,0.0,0.0,0.0,0.0,0.0,0.0
4,4,0.0,0.0,0.0,0.0,0.93241656,0.067583494,0.0,0.0,0.0,0.0,0.0,0.0,0.0
4,4,0.0,0.0,0.0,0.0,0.93241656,0.067583494,0.0,0.0,0.0,0.0,0.0,0.0,0.0
4,4,0.0,0.0,0.0,0.0,0.93241656,0.067583494,0.0,0.0,0.0,0.0,0.0,0.0,0.0
4,4,0.0,0.0,0.0,0.0,0.93241656,0.067583494,0.0,0.0,0.0,0.0,0.0,0.0,0.0
4,4,0.0,0.0,0.0,0.0,0.93241656,0.067583494,0.0,0.0,0.0,0.0,0.0,0.0,0.0
4,4,0.0,0.0,0.0,0.0,0.93241656,0.067583494,0.0,0.0,0.0,0.0,0.0,0.0,0.0
4,4,0.0,0.0,0.0,0.0,0.93241656,0.067583494,0.0,0.0,0.0,0.0,0.0,0.0,0.0
4,4,0.0,0.0,0.0,0.0,0.93241656,0.067583494,0.0,0.0,0.0,0.0,0.0,0.0,0.0
4,4,0.0,0.0,0.0,0.0,0.93241656,0.067583494,0.0,0.0,0.0,0.0,0.0,0.0,0.0
4,4,0.0,0.0,0.0,0.0,0.93241656,0.067583494,0.0,0.0,0.0,0.0,0.0,0.0,0.0
4,4,0.0,0.0,0.0,0.0,1.0,0.0,0.0,0.0,0.0,0.0,0.0,0.0,0.0
4,4,0.0,0.0,0.0,0.0,1.0,0.0,0.0,0.0,0.0,0.0,0.0,0.0,0.0
4,4,0.0,0.0,0.0,0.0,1.0,0.0,0.0,0.0,0.0,0.0,0.0,0.0,0.0
4,4,0.0,0.0,0.0,0.0,1.0,0.0,0.0,0.0,0.0,0.0,0.0,0.0,0.0
4,4,0.0,0.0,0.0,0.0,1.0,0.0,0.0,0.0,0.0,0.0,0.0,0.0,0.0
4,4,0.0,0.0,0.0,0.0,1.0,0.0,0.0,0.0,0.0,0.0,0.0,0.0,0.0
4,4,0.0,0.0,0.0,0.0,1.0,0.0,0.0,0.0,0.0,0.0,0.0,0.0,0.0
4,4,0.0,0.0,0.0,0.0,1.0,0.0,0.0,0.0,0.0,0.0,0.0,0.0,0.0
4,4,0.0,0.0,0.0,0.0,1.0,0.0,0.0,0.0,0.0,0.0,0.0,0.0,0.0
4,4,0.0,0.0,0.0,0.0,1.0,0.0,0.0,0.0,0.0,0.0,0.0,0.0,0.0
4,4,0.0,0.0,0.0,0.0,1.0,0.0,0.0,0.0,0.0,0.0,0.0,0.0,0.0
4,4,0.0,0.0,0.0,0.0,1.0,0.0,0.0,0.0,0.0,0.0,0.0,0.0,0.0
4,4,0.0,0.0,0.0,0.0,1.0,0.0,0.0,0.0,0.0,0.0,0.0,0.0,0.0
4,4,0.0,0.0,0.0,0.0,1.0,0.0,0.0,0.0,0.0,0.0,0.0,0.0,0.0
4,4,0.0,0.0,0.0,0.0,1.0,0.0,0.0,0.0,0.0,0.0,0.0,0.0,0.0
4,4,0.0,0.0,0.0,0.0,1.0,0.0,0.0,0.0,0.0,0.0,0.0,0.0,0.0
4,4,0.0,0.0,0.0,0.0,1.0,0.0,0.0,0.0,0.0,0.0,0.0,0.0,0.0
4,4,0.0,0.0,0.0,0.0,1.0,0.0,0.0,0.0,0.0,0.0,0.0,0.0,0.0
4,4,0.0,0.0,0.0,0.0,1.0,0.0,0.0,0.0,0.0,0.0,0.0,0.0,0.0
4,4,0.0,0.0,0.0,0.0,1.0,0.0,0.0,0.0,0.0,0.0,0.0,0.0,0.0
4,4,0.0,0.0,0.0,0.0,1.0,0.0,0.0,0.0,0.0,0.0,0.0,0.0,0.0
4,4,0.0,0.0,0.0,0.0,1.0,0.0,0.0,0.0,0.0,0.0,0.0,0.0,0.0
4,4,0.0,0.0,0.0,0.0,1.0,0.0,0.0,0.0,0.0,0.0,0.0,0.0,0.0
4,4,0.0,0.0,0.0,0.0,1.0,0.0,0.0,0.0,0.0,0.0,0.0,0.0,0.0
4,4,0.0,0.0,0.0,0.0,1.0,0.0,0.0,0.0,0.0,0.0,0.0,0.0,0.0
4,4,0.0,0.0,0.0,0.0,1.0,0.0,0.0,0.0,0.0,0.0,0.0,0.0,0.0
4,4,0.0,0.0,0.0,0.0,1.0,0.0,0.0,0.0,0.0,0.0,0.0,0.0,0.0
4,4,0.0,0.0,0.0,0.0,1.0,0.0,0.0,0.0,0.0,0.0,0.0,0.0,0.0
4,4,0.0,0.0,0.0,0.0,1.0,0.0,0.0,0.0,0.0,0.0,0.0,0.0,0.0
4,4,0.0,0.0,0.0,0.0,1.0,0.0,0.0,0.0,0.0,0.0,0.0,0.0,0.0
4,4,0.0,0.0,0.0,0.0,1.0,0.0,0.0,0.0,0.0,0.0,0.0,0.0,0.0
4,4,0.0,0.0,0.0,0.0,1.0,0.0,0.0,0.0,0.0,0.0,0.0,0.0,0.0
4,4,0.0,0.0,0.0,0.0,1.0,0.0,0.0,0.0,0.0,0.0,0.0,0.0,0.0
4,4,0.0,0.0,0.0,0.0,1.0,0.0,0.0,0.0,0.0,0.0,0.0,0.0,0.0
4,4,0.0,0.0,0.0,0.0,1.0,0.0,0.0,0.0,0.0,0.0,0.0,0.0,0.0
4,4,0.0,0.0,0.0,0.0,1.0,0.0,0.0,0.0,0.0,0.0,0.0,0.0,0.0
4,4,0.0,0.0,0.0,0.0,1.0,0.0,0.0,0.0,0.0,0.0,0.0,0.0,0.0
4,4,0.0,0.0,0.0,0.0,1.0,0.0,0.0,0.0,0.0,0.0,0.0,0.0,0.0
4,4,0.0,0.0,0.0,0.0,1.0,0.0,0.0,0.0,0.0,0.0,0.0,0.0,0.0
4,4,0.0,0.0,0.0,0.0,1.0,0.0,0.0,0.0,0.0,0.0,0.0,0.0,0.0
4,4,0.0,0.0,0.0,0.0,1.0,0.0,0.0,0.0,0.0,0.0,0.0,0.0,0.0
4,4,0.0,0.0,0.0,0.0,1.0,0.0,0.0,0.0,0.0,0.0,0.0,0.0,0.0
4,4,0.0,0.0,0.0,0.0,1.0,0.0,0.0,0.0,0.0,0.0,0.0,0.0,0.0
4,4,0.0,0.0,0.0,0.0,1.0,0.0,0.0,0.0,0.0,0.0,0.0,0.0,0.0
4,4,0.0,0.0,0.0,0.0,1.0,0.0,0.0,0.0,0.0,0.0,0.0,0.0,0.0
4,4,0.0,0.0,0.0,0.0,1.0,0.0,0.0,0.0,0.0,0.0,0.0,0.0,0.0
4,4,0.0,0.0,0.0,0.0,1.0,0.0,0.0,0.0,0.0,0.0,0.0,0.0,0.0
4,4,0.0,0.0,0.0,0.0,1.0,0.0,0.0,0.0,0.0,0.0,0.0,0.0,0.0
4,4,0.0,0.0,0.0,0.0,1.0,0.0,0.0,0.0,0.0,0.0,0.0,0.0,0.0
4,4,0.0,0.0,0.0,0.0,1.0,0.0,0.0,0.0,0.0,0.0,0.0,0.0,0.0
4,4,0.0,0.0,0.0,0.0,1.0,0.0,0.0,0.0,0.0,0.0,0.0,0.0,0.0
4,4,0.0,0.0,0.0,0.0,1.0,0.0,0.0,0.0,0.0,0.0,0.0,0.0,0.0
4,4,0.0,0.0,0.0,0.0,1.0,0.0,0.0,0.0,0.0,0.0,0.0,0.0,0.0
4,4,0.0,0.0,0.0,0.0,1.0,0.0,0.0,0.0,0.0,0.0,0.0,0.0,0.0
4,4,0.0,0.0,0.0,0.0,1.0,0.0,0.0,0.0,0.0,0.0,0.0,0.0,0.0
4,4,0.0,0.0,0.0,0.0,1.0,0.0,0.0,0.0,0.0,0.0,0.0,0.0,0.0
4,4,0.0,0.0,0.0,0.0,1.0,0.0,0.0,0.0,0.0,0.0,0.0,0.0,0.0
4,4,0.0,0.0,0.0,0.0,1.0,0.0,0.0,0.0,0.0,0.0,0.0,0.0,0.0
4,4,0.0,0.0,0.0,0.0,1.0,0.0,0.0,0.0,0.0,0.0,0.0,0.0,0.0
4,4,0.0,0.0,0.0,0.0,1.0,0.0,0.0,0.0,0.0,0.0,0.0,0.0,0.0
4,4,0.0,0.0,0.0,0.0,1.0,0.0,0.0,0.0,0.0,0.0,0.0,0.0,0.0
4,4,0.0,0.0,0.0,0.0,1.0,0.0,0.0,0.0,0.0,0.0,0.0,0.0,0.0
4,4,0.0,0.0,0.0,0.0,1.0,0.0,0.0,0.0,0.0,0.0,0.0,0.0,0.0
4,4,0.0,0.0,0.0,0.0,1.0,0.0,0.0,0.0,0.0,0.0,0.0,0.0,0.0
4,4,0.0,0.0,0.0,0.0,1.0,0.0,0.0,0.0,0.0,0.0,0.0,0.0,0.0
4,4,0.0,0.0,0.0,0.0,1.0,0.0,0.0,0.0,0.0,0.0,0.0,0.0,0.0
4,4,0.0,0.0,0.0,0.0,1.0,0.0,0.0,0.0,0.0,0.0,0.0,0.0,0.0
4,4,0.0,0.0,0.0,0.0,1.0,0.0,0.0,0.0,0.0,0.0,0.0,0.0,0.0
4,4,0.0,0.0,0.0,0.0,1.0,0.0,0.0,0.0,0.0,0.0,0.0,0.0,0.0
4,4,0.0,0.0,0.0,0.0,1.0,0.0,0.0,0.0,0.0,0.0,0.0,0.0,0.0
4,4,0.0,0.0,0.0,0.0,1.0,0.0,0.0,0.0,0.0,0.0,0.0,0.0,0.0
4,4,0.0,0.0,0.0,0.0,1.0,0.0,0.0,0.0,0.0,0.0,0.0,0.0,0.0
4,4,0.0,0.0,0.0,0.0,1.0,0.0,0.0,0.0,0.0,0.0,0.0,0.0,0.0
4,4,0.0,0.0,0.0,0.0,1.0,0.0,0.0,0.0,0.0,0.0,0.0,0.0,0.0
4,4,0.0,0.0,0.0,0.0,1.0,0.0,0.0,0.0,0.0,0.0,0.0,0.0,0.0
4,4,0.0,0.0,0.0,0.0,1.0,0.0,0.0,0.0,0.0,0.0,0.0,0.0,0.0
4,4,0.0,0.0,0.0,0.0,1.0,0.0,0.0,0.0,0.0,0.0,0.0,0.0,0.0
4,4,0.0,0.0,0.0,0.0,1.0,0.0,0.0,0.0,0.0,0.0,0.0,0.0,0.0
4,4,0.0,0.0,0.0,0.0,1.0,0.0,0.0,0.0,0.0,0.0,0.0,0.0,0.0
4,4,0.0,0.0,0.0,0.0,1.0,0.0,0.0,0.0,0.0,0.0,0.0,0.0,0.0
4,4,0.0,0.0,0.0,0.0,1.0,0.0,0.0,0.0,0.0,0.0,0.0,0.0,0.0
4,4,0.0,0.0,0.0,0.0,1.0,0.0,0.0,0.0,0.0,0.0,0.0,0.0,0.0
4,4,0.0,0.0,0.0,0.0,1.0,0.0,0.0,0.0,0.0,0.0,0.0,0.0,0.0
4,4,0.0,0.0,0.0,0.0,1.0,0.0,0.0,0.0,0.0,0.0,0.0,0.0,0.0
4,4,0.0,0.0,0.0,0.0,1.0,0.0,0.0,0.0,0.0,0.0,0.0,0.0,0.0
4,4,0.0,0.0,0.0,0.0,1.0,0.0,0.0,0.0,0.0,0.0,0.0,0.0,0.0
4,4,0.0,0.0,0.0,0.0,1.0,0.0,0.0,0.0,0.0,0.0,0.0,0.0,0.0
4,4,0.0,0.0,0.0,0.0,1.0,0.0,0.0,0.0,0.0,0.0,0.0,0.0,0.0
4,4,0.0,0.0,0.0,0.0,1.0,0.0,0.0,0.0,0.0,0.0,0.0,0.0,0.0
4,4,0.0,0.0,0.0,0.0,1.0,0.0,0.0,0.0,0.0,0.0,0.0,0.0,0.0
4,4,0.0,0.0,0.0,0.0,1.0,0.0,0.0,0.0,0.0,0.0,0.0,0.0,0.0
4,4,0.0,0.0,0.0,0.0,1.0,0.0,0.0,0.0,0.0,0.0,0.0,0.0,0.0
4,4,0.0,0.0,0.0,0.0,1.0,0.0,0.0,0.0,0.0,0.0,0.0,0.0,0.0
4,4,0.0,0.0,0.0,0.0,1.0,0.0,0.0,0.0,0.0,0.0,0.0,0.0,0.0
4,4,0.0,0.0,0.0,0.0,1.0,0.0,0.0,0.0,0.0,0.0,0.0,0.0,0.0
4,4,0.0,0.0,0.0,0.0,1.0,0.0,0.0,0.0,0.0,0.0,0.0,0.0,0.0
4,4,0.0,0.0,0.0,0.0,1.0,0.0,0.0,0.0,0.0,0.0,0.0,0.0,0.0
4,4,0.0,0.0,0.0,0.0,1.0,0.0,0.0,0.0,0.0,0.0,0.0,0.0,0.0
4,4,0.0,0.0,0.0,0.0,1.0,0.0,0.0,0.0,0.0,0.0,0.0,0.0,0.0
4,4,0.0,0.0,0.0,0.0,1.0,0.0,0.0,0.0,0.0,0.0,0.0,0.0,0.0
4,4,0.0,0.0,0.0,0.0,1.0,0.0,0.0,0.0,0.0,0.0,0.0,0.0,0.0
4,4,0.0,0.0,0.0,0.0,1.0,0.0,0.0,0.0,0.0,0.0,0.0,0.0,0.0
4,4,0.0,0.0,0.0,0.0,1.0,0.0,0.0,0.0,0.0,0.0,0.0,0.0,0.0
4,4,0.0,0.0,0.0,0.0,1.0,0.0,0.0,0.0,0.0,0.0,0.0,0.0,0.0
4,4,0.0,0.0,0.0,0.0,1.0,0.0,0.0,0.0,0.0,0.0,0.0,0.0,0.0
4,4,0.0,0.0,0.0,0.0,1.0,0.0,0.0,0.0,0.0,0.0,0.0,0.0,0.0
4,4,0.0,0.0,0.0,0.0,1.0,0.0,0.0,0.0,0.0,0.0,0.0,0.0,0.0
4,4,0.0,0.0,0.0,0.0,1.0,0.0,0.0,0.0,0.0,0.0,0.0,0.0,0.0
4,4,0.0,0.0,0.0,0.0,1.0,0.0,0.0,0.0,0.0,0.0,0.0,0.0,0.0
4,4,0.0,0.0,0.0,0.0,1.0,0.0,0.0,0.0,0.0,0.0,0.0,0.0,0.0
4,4,0.0,0.0,0.0,0.0,1.0,0.0,0.0,0.0,0.0,0.0,0.0,0.0,0.0
4,4,0.0,0.0,0.0,0.0,1.0,0.0,0.0,0.0,0.0,0.0,0.0,0.0,0.0
4,4,0.0,0.0,0.0,0.0,1.0,0.0,0.0,0.0,0.0,0.0,0.0,0.0,0.0
4,4,0.0,0.0,0.0,0.0,1.0,0.0,0.0,0.0,0.0,0.0,0.0,0.0,0.0
4,4,0.0,0.0,0.0,0.0,1.0,0.0,0.0,0.0,0.0,0.0,0.0,0.0,0.0
4,4,0.0,0.0,0.0,0.0,1.0,0.0,0.0,0.0,0.0,0.0,0.0,0.0,0.0
4,4,0.0,0.0,0.0,0.0,1.0,0.0,0.0,0.0,0.0,0.0,0.0,0.0,0.0
4,4,0.0,0.0,0.0,0.0,1.0,0.0,0.0,0.0,0.0,0.0,0.0,0.0,0.0
4,4,0.0,0.0,0.0,0.0,1.0,0.0,0.0,0.0,0.0,0.0,0.0,0.0,0.0
4,4,0.0,0.0,0.0,0.0,1.0,0.0,0.0,0.0,0.0,0.0,0.0,0.0,0.0
4,4,0.0,0.0,0.0,0.0,1.0,0.0,0.0,0.0,0.0,0.0,0.0,0.0,0.0
4,4,0.0,0.0,0.0,0.0,1.0,0.0,0.0,0.0,0.0,0.0,0.0,0.0,0.0
4,4,0.0,0.0,0.0,0.0,1.0,0.0,0.0,0.0,0.0,0.0,0.0,0.0,0.0
4,4,0.0,0.0,0.0,0.0,1.0,0.0,0.0,0.0,0.0,0.0,0.0,0.0,0.0
4,4,0.0,0.0,0.0,0.0,1.0,0.0,0.0,0.0,0.0,0.0,0.0,0.0,0.0
4,4,0.0,0.0,0.0,0.0,1.0,0.0,0.0,0.0,0.0,0.0,0.0,0.0,0.0
4,4,0.0,0.0,0.0,0.0,1.0,0.0,0.0,0.0,0.0,0.0,0.0,0.0,0.0
4,4,0.0,0.0,0.0,0.0,1.0,0.0,0.0,0.0,0.0,0.0,0.0,0.0,0.0
4,4,0.0,0.0,0.0,0.0,1.0,0.0,0.0,0.0,0.0,0.0,0.0,0.0,0.0
4,4,0.0,0.0,0.0,0.0,1.0,0.0,0.0,0.0,0.0,0.0,0.0,0.0,0.0
4,4,0.0,0.0,0.0,0.0,1.0,0.0,0.0,0.0,0.0,0.0,0.0,0.0,0.0
4,4,0.0,0.0,0.0,0.0,1.0,0.0,0.0,0.0,0.0,0.0,0.0,0.0,0.0
4,4,0.0,0.0,0.0,0.0,1.0,0.0,0.0,0.0,0.0,0.0,0.0,0.0,0.0
4,4,0.0,0.0,0.0,0.0,1.0,0.0,0.0,0.0,0.0,0.0,0.0,0.0,0.0
4,4,0.0,0.0,0.0,0.0,1.0,0.0,0.0,0.0,0.0,0.0,0.0,0.0,0.0
4,4,0.0,0.0,0.0,0.0,1.0,0.0,0.0,0.0,0.0,0.0,0.0,0.0,0.0
4,4,0.0,0.0,0.0,0.0,1.0,0.0,0.0,0.0,0.0,0.0,0.0,0.0,0.0
4,4,0.0,0.0,0.0,0.0,1.0,0.0,0.0,0.0,0.0,0.0,0.0,0.0,0.0
4,4,0.0,0.0,0.0,0.0,1.0,0.0,0.0,0.0,0.0,0.0,0.0,0.0,0.0
4,4,0.0,0.0,0.0,0.0,1.0,0.0,0.0,0.0,0.0,0.0,0.0,0.0,0.0
4,4,0.0,0.0,0.0,0.0,1.0,0.0,0.0,0.0,0.0,0.0,0.0,0.0,0.0
4,4,0.0,0.0,0.0,0.0,1.0,0.0,0.0,0.0,0.0,0.0,0.0,0.0,0.0
4,4,0.0,0.0,0.0,0.0,1.0,0.0,0.0,0.0,0.0,0.0,0.0,0.0,0.0
4,4,0.0,0.0,0.0,0.0,1.0,0.0,0.0,0.0,0.0,0.0,0.0,0.0,0.0
4,4,0.0,0.0,0.0,0.0,1.0,0.0,0.0,0.0,0.0,0.0,0.0,0.0,0.0
4,4,0.0,0.0,0.0,0.0,1.0,0.0,0.0,0.0,0.0,0.0,0.0,0.0,0.0
4,4,0.0,0.0,0.0,0.0,1.0,0.0,0.0,0.0,0.0,0.0,0.0,0.0,0.0
4,4,0.0,0.0,0.0,0.0,1.0,0.0,0.0,0.0,0.0,0.0,0.0,0.0,0.0
4,4,0.0,0.0,0.0,0.0,1.0,0.0,0.0,0.0,0.0,0.0,0.0,0.0,0.0
4,4,0.0,0.0,0.0,0.0,1.0,0.0,0.0,0.0,0.0,0.0,0.0,0.0,0.0
4,4,0.0,0.0,0.0,0.0,1.0,0.0,0.0,0.0,0.0,0.0,0.0,0.0,0.0
4,4,0.0,0.0,0.0,0.0,1.0,0.0,0.0,0.0,0.0,0.0,0.0,0.0,0.0
4,4,0.0,0.0,0.0,0.0,1.0,0.0,0.0,0.0,0.0,0.0,0.0,0.0,0.0
4,4,0.0,0.0,0.0,0.0,1.0,0.0,0.0,0.0,0.0,0.0,0.0,0.0,0.0
4,4,0.0,0.0,0.0,0.0,1.0,0.0,0.0,0.0,0.0,0.0,0.0,0.0,0.0
4,4,0.0,0.0,0.0,0.0,1.0,0.0,0.0,0.0,0.0,0.0,0.0,0.0,0.0
4,4,0.0,0.0,0.0,0.0,1.0,0.0,0.0,0.0,0.0,0.0,0.0,0.0,0.0
4,4,0.0,0.0,0.0,0.0,1.0,0.0,0.0,0.0,0.0,0.0,0.0,0.0,0.0
4,4,0.0,0.0,0.0,0.0,1.0,0.0,0.0,0.0,0.0,0.0,0.0,0.0,0.0
4,4,0.0,0.0,0.0,0.0,1.0,0.0,0.0,0.0,0.0,0.0,0.0,0.0,0.0
4,4,0.0,0.0,0.0,0.0,1.0,0.0,0.0,0.0,0.0,0.0,0.0,0.0,0.0
4,4,0.0,0.0,0.0,0.0,1.0,0.0,0.0,0.0,0.0,0.0,0.0,0.0,0.0
4,4,0.0,0.0,0.0,0.0,1.0,0.0,0.0,0.0,0.0,0.0,0.0,0.0,0.0
4,4,0.0,0.0,0.0,0.0,1.0,0.0,0.0,0.0,0.0,0.0,0.0,0.0,0.0
4,4,0.0,0.0,0.0,0.0,1.0,0.0,0.0,0.0,0.0,0.0,0.0,0.0,0.0
4,4,0.0,0.0,0.0,0.0,1.0,0.0,0.0,0.0,0.0,0.0,0.0,0.0,0.0
4,4,0.0,0.0,0.0,0.0,1.0,0.0,0.0,0.0,0.0,0.0,0.0,0.0,0.0
4,4,0.0,0.0,0.0,0.0,1.0,0.0,0.0,0.0,0.0,0.0,0.0,0.0,0.0
4,4,0.0,0.0,0.0,0.0,1.0,0.0,0.0,0.0,0.0,0.0,0.0,0.0,0.0
4,4,0.0,0.0,0.0,0.0,1.0,0.0,0.0,0.0,0.0,0.0,0.0,0.0,0.0
4,4,0.0,0.0,0.0,0.0,1.0,0.0,0.0,0.0,0.0,0.0,0.0,0.0,0.0
4,4,0.0,0.0,0.0,0.0,1.0,0.0,0.0,0.0,0.0,0.0,0.0,0.0,0.0
4,4,0.0,0.0,0.0,0.0,1.0,0.0,0.0,0.0,0.0,0.0,0.0,0.0,0.0
4,4,0.0,0.0,0.0,0.0,1.0,0.0,0.0,0.0,0.0,0.0,0.0,0.0,0.0
4,4,0.0,0.0,0.0,0.0,1.0,0.0,0.0,0.0,0.0,0.0,0.0,0.0,0.0
4,4,0.0,0.0,0.0,0.0,1.0,0.0,0.0,0.0,0.0,0.0,0.0,0.0,0.0
4,4,0.0,0.0,0.0,0.0,1.0,0.0,0.0,0.0,0.0,0.0,0.0,0.0,0.0
4,4,0.0,0.0,0.0,0.0,1.0,0.0,0.0,0.0,0.0,0.0,0.0,0.0,0.0
4,4,0.0,0.0,0.0,0.0,1.0,0.0,0.0,0.0,0.0,0.0,0.0,0.0,0.0
4,4,0.0,0.0,0.0,0.0,1.0,0.0,0.0,0.0,0.0,0.0,0.0,0.0,0.0
4,4,0.0,0.0,0.0,0.0,1.0,0.0,0.0,0.0,0.0,0.0,0.0,0.0,0.0
4,4,0.0,0.0,0.0,0.0,1.0,0.0,0.0,0.0,0.0,0.0,0.0,0.0,0.0
4,4,0.0,0.0,0.0,0.0,1.0,0.0,0.0,0.0,0.0,0.0,0.0,0.0,0.0
4,4,0.0,0.0,0.0,0.0,1.0,0.0,0.0,0.0,0.0,0.0,0.0,0.0,0.0
4,4,0.0,0.0,0.0,0.0,1.0,0.0,0.0,0.0,0.0,0.0,0.0,0.0,0.0
4,4,0.0,0.0,0.0,0.0,1.0,0.0,0.0,0.0,0.0,0.0,0.0,0.0,0.0
4,4,0.0,0.0,0.0,0.0,1.0,0.0,0.0,0.0,0.0,0.0,0.0,0.0,0.0
4,4,0.0,0.0,0.0,0.0,1.0,0.0,0.0,0.0,0.0,0.0,0.0,0.0,0.0
4,4,0.0,0.0,0.0,0.0,1.0,0.0,0.0,0.0,0.0,0.0,0.0,0.0,0.0
4,4,0.0,0.0,0.0,0.0,1.0,0.0,0.0,0.0,0.0,0.0,0.0,0.0,0.0
4,4,0.0,0.0,0.0,0.0,1.0,0.0,0.0,0.0,0.0,0.0,0.0,0.0,0.0
4,4,0.0,0.0,0.0,0.0,1.0,0.0,0.0,0.0,0.0,0.0,0.0,0.0,0.0
4,4,0.0,0.0,0.0,0.0,1.0,0.0,0.0,0.0,0.0,0.0,0.0,0.0,0.0
4,4,0.0,0.0,0.0,0.0,1.0,0.0,0.0,0.0,0.0,0.0,0.0,0.0,0.0
4,4,0.0,0.0,0.0,0.0,1.0,0.0,0.0,0.0,0.0,0.0,0.0,0.0,0.0
4,4,0.0,0.0,0.0,0.0,1.0,0.0,0.0,0.0,0.0,0.0,0.0,0.0,0.0
4,4,0.0,0.0,0.0,0.0,1.0,0.0,0.0,0.0,0.0,0.0,0.0,0.0,0.0
4,4,0.0,0.0,0.0,0.0,1.0,0.0,0.0,0.0,0.0,0.0,0.0,0.0,0.0
4,4,0.0,0.0,0.0,0.0,1.0,0.0,0.0,0.0,0.0,0.0,0.0,0.0,0.0
4,4,0.0,0.0,0.0,0.0,1.0,0.0,0.0,0.0,0.0,0.0,0.0,0.0,0.0
4,4,0.0,0.0,0.0,0.0,1.0,0.0,0.0,0.0,0.0,0.0,0.0,0.0,0.0
4,4,0.0,0.0,0.0,0.0,1.0,0.0,0.0,0.0,0.0,0.0,0.0,0.0,0.0
4,4,0.0,0.0,0.0,0.0,1.0,0.0,0.0,0.0,0.0,0.0,0.0,0.0,0.0
4,4,0.0,0.0,0.0,0.0,1.0,0.0,0.0,0.0,0.0,0.0,0.0,0.0,0.0
4,4,0.0,0.0,0.0,0.0,1.0,0.0,0.0,0.0,0.0,0.0,0.0,0.0,0.0
4,4,0.0,0.0,0.0,0.0,1.0,0.0,0.0,0.0,0.0,0.0,0.0,0.0,0.0
4,4,0.0,0.0,0.0,0.0,1.0,0.0,0.0,0.0,0.0,0.0,0.0,0.0,0.0
4,4,0.0,0.0,0.0,0.0,1.0,0.0,0.0,0.0,0.0,0.0,0.0,0.0,0.0
4,4,0.0,0.0,0.0,0.0,1.0,0.0,0.0,0.0,0.0,0.0,0.0,0.0,0.0
4,4,0.0,0.0,0.0,0.0,1.0,0.0,0.0,0.0,0.0,0.0,0.0,0.0,0.0
4,4,0.0,0.0,0.0,0.0,1.0,0.0,0.0,0.0,0.0,0.0,0.0,0.0,0.0
4,4,0.0,0.0,0.0,0.0,1.0,0.0,0.0,0.0,0.0,0.0,0.0,0.0,0.0
4,4,0.0,0.0,0.0,0.0,1.0,0.0,0.0,0.0,0.0,0.0,0.0,0.0,0.0
4,4,0.0,0.0,0.0,0.0,1.0,0.0,0.0,0.0,0.0,0.0,0.0,0.0,0.0
4,4,0.0,0.0,0.0,0.0,1.0,0.0,0.0,0.0,0.0,0.0,0.0,0.0,0.0
4,4,0.0,0.0,0.0,0.0,1.0,0.0,0.0,0.0,0.0,0.0,0.0,0.0,0.0
4,4,0.0,0.0,0.0,0.0,1.0,0.0,0.0,0.0,0.0,0.0,0.0,0.0,0.0
4,4,0.0,0.0,0.0,0.0,1.0,0.0,0.0,0.0,0.0,0.0,0.0,0.0,0.0
4,4,0.0,0.0,0.0,0.0,1.0,0.0,0.0,0.0,0.0,0.0,0.0,0.0,0.0
4,4,0.0,0.0,0.0,0.0,1.0,0.0,0.0,0.0,0.0,0.0,0.0,0.0,0.0
4,4,0.0,0.0,0.0,0.0,1.0,0.0,0.0,0.0,0.0,0.0,0.0,0.0,0.0
4,4,0.0,0.0,0.0,0.0,1.0,0.0,0.0,0.0,0.0,0.0,0.0,0.0,0.0
4,4,0.0,0.0,0.0,0.0,1.0,0.0,0.0,0.0,0.0,0.0,0.0,0.0,0.0
4,4,0.0,0.0,0.0,0.0,1.0,0.0,0.0,0.0,0.0,0.0,0.0,0.0,0.0
4,4,0.0,0.0,0.0,0.0,1.0,0.0,0.0,0.0,0.0,0.0,0.0,0.0,0.0
4,4,0.0,0.0,0.0,0.0,1.0,0.0,0.0,0.0,0.0,0.0,0.0,0.0,0.0
4,4,0.0,0.0,0.0,0.0,1.0,0.0,0.0,0.0,0.0,0.0,0.0,0.0,0.0
4,4,0.0,0.0,0.0,0.0,1.0,0.0,0.0,0.0,0.0,0.0,0.0,0.0,0.0
4,4,0.0,0.0,0.0,0.0,1.0,0.0,0.0,0.0,0.0,0.0,0.0,0.0,0.0
4,4,0.0,0.0,0.0,0.0,1.0,0.0,0.0,0.0,0.0,0.0,0.0,0.0,0.0
4,4,0.0,0.0,0.0,0.0,1.0,0.0,0.0,0.0,0.0,0.0,0.0,0.0,0.0
4,4,0.0,0.0,0.0,0.0,1.0,0.0,0.0,0.0,0.0,0.0,0.0,0.0,0.0
4,4,0.0,0.0,0.0,0.0,1.0,0.0,0.0,0.0,0.0,0.0,0.0,0.0,0.0
4,4,0.0,0.0,0.0,0.0,1.0,0.0,0.0,0.0,0.0,0.0,0.0,0.0,0.0
4,4,0.0,0.0,0.0,0.0,1.0,0.0,0.0,0.0,0.0,0.0,0.0,0.0,0.0
4,4,0.0,0.0,0.0,0.0,1.0,0.0,0.0,0.0,0.0,0.0,0.0,0.0,0.0
4,4,0.0,0.0,0.0,0.0,1.0,0.0,0.0,0.0,0.0,0.0,0.0,0.0,0.0
4,4,0.0,0.0,0.0,0.0,1.0,0.0,0.0,0.0,0.0,0.0,0.0,0.0,0.0
4,4,0.0,0.0,0.0,0.0,1.0,0.0,0.0,0.0,0.0,0.0,0.0,0.0,0.0
4,4,0.0,0.0,0.0,0.0,1.0,0.0,0.0,0.0,0.0,0.0,0.0,0.0,0.0
4,4,0.0,0.0,0.0,0.0,1.0,0.0,0.0,0.0,0.0,0.0,0.0,0.0,0.0
4,4,0.0,0.0,0.0,0.0,1.0,0.0,0.0,0.0,0.0,0.0,0.0,0.0,0.0
4,4,0.0,0.0,0.0,0.0,1.0,0.0,0.0,0.0,0.0,0.0,0.0,0.0,0.0
4,4,0.0,0.0,0.0,0.0,1.0,0.0,0.0,0.0,0.0,0.0,0.0,0.0,0.0
4,4,0.0,0.0,0.0,0.0,1.0,0.0,0.0,0.0,0.0,0.0,0.0,0.0,0.0
4,4,0.0,0.0,0.0,0.0,1.0,0.0,0.0,0.0,0.0,0.0,0.0,0.0,0.0
4,4,0.0,0.0,0.0,0.0,1.0,0.0,0.0,0.0,0.0,0.0,0.0,0.0,0.0
4,4,0.0,0.0,0.0,0.0,1.0,0.0,0.0,0.0,0.0,0.0,0.0,0.0,0.0
4,4,0.0,0.0,0.0,0.0,1.0,0.0,0.0,0.0,0.0,0.0,0.0,0.0,0.0
4,4,0.0,0.0,0.0,0.0,1.0,0.0,0.0,0.0,0.0,0.0,0.0,0.0,0.0
4,4,0.0,0.0,0.0,0.0,1.0,0.0,0.0,0.0,0.0,0.0,0.0,0.0,0.0
4,4,0.0,0.0,0.0,0.0,1.0,0.0,0.0,0.0,0.0,0.0,0.0,0.0,0.0
4,4,0.0,0.0,0.0,0.0,1.0,0.0,0.0,0.0,0.0,0.0,0.0,0.0,0.0
4,4,0.0,0.0,0.0,0.0,1.0,0.0,0.0,0.0,0.0,0.0,0.0,0.0,0.0
4,4,0.0,0.0,0.0,0.0,1.0,0.0,0.0,0.0,0.0,0.0,0.0,0.0,0.0
4,4,0.0,0.0,0.0,0.0,1.0,0.0,0.0,0.0,0.0,0.0,0.0,0.0,0.0
4,4,0.0,0.0,0.0,0.0,1.0,0.0,0.0,0.0,0.0,0.0,0.0,0.0,0.0
4,4,0.0,0.0,0.0,0.0,1.0,0.0,0.0,0.0,0.0,0.0,0.0,0.0,0.0
4,4,0.0,0.0,0.0,0.0,1.0,0.0,0.0,0.0,0.0,0.0,0.0,0.0,0.0
4,4,0.0,0.0,0.0,0.0,1.0,0.0,0.0,0.0,0.0,0.0,0.0,0.0,0.0
4,4,0.0,0.0,0.0,0.0,1.0,0.0,0.0,0.0,0.0,0.0,0.0,0.0,0.0
4,4,0.0,0.0,0.0,0.0,1.0,0.0,0.0,0.0,0.0,0.0,0.0,0.0,0.0
4,4,0.0,0.0,0.0,0.0,1.0,0.0,0.0,0.0,0.0,0.0,0.0,0.0,0.0
4,4,0.0,0.0,0.0,0.0,1.0,0.0,0.0,0.0,0.0,0.0,0.0,0.0,0.0
4,4,0.0,0.0,0.0,0.0,1.0,0.0,0.0,0.0,0.0,0.0,0.0,0.0,0.0
4,4,0.0,0.0,0.0,0.0,1.0,0.0,0.0,0.0,0.0,0.0,0.0,0.0,0.0
4,4,0.0,0.0,0.0,0.0,1.0,0.0,0.0,0.0,0.0,0.0,0.0,0.0,0.0
4,4,0.0,0.0,0.0,0.0,1.0,0.0,0.0,0.0,0.0,0.0,0.0,0.0,0.0
4,4,0.0,0.0,0.0,0.0,1.0,0.0,0.0,0.0,0.0,0.0,0.0,0.0,0.0
4,4,0.0,0.0,0.0,0.0,1.0,0.0,0.0,0.0,0.0,0.0,0.0,0.0,0.0
4,4,0.0,0.0,0.0,0.0,1.0,0.0,0.0,0.0,0.0,0.0,0.0,0.0,0.0
4,4,0.0,0.0,0.0,0.0,1.0,0.0,0.0,0.0,0.0,0.0,0.0,0.0,0.0
4,4,0.0,0.0,0.0,0.0,1.0,0.0,0.0,0.0,0.0,0.0,0.0,0.0,0.0
4,4,0.0,0.0,0.0,0.0,1.0,0.0,0.0,0.0,0.0,0.0,0.0,0.0,0.0
4,4,0.0,0.0,0.0,0.0,1.0,0.0,0.0,0.0,0.0,0.0,0.0,0.0,0.0
4,4,0.0,0.0,0.0,0.0,1.0,0.0,0.0,0.0,0.0,0.0,0.0,0.0,0.0
4,4,0.0,0.0,0.0,0.0,1.0,0.0,0.0,0.0,0.0,0.0,0.0,0.0,0.0
4,4,0.0,0.0,0.0,0.0,1.0,0.0,0.0,0.0,0.0,0.0,0.0,0.0,0.0
4,4,0.0,0.0,0.0,0.0,1.0,0.0,0.0,0.0,0.0,0.0,0.0,0.0,0.0
4,4,0.0,0.0,0.0,0.0,1.0,0.0,0.0,0.0,0.0,0.0,0.0,0.0,0.0
4,4,0.0,0.0,0.0,0.0,1.0,0.0,0.0,0.0,0.0,0.0,0.0,0.0,0.0
4,4,0.0,0.0,0.0,0.0,1.0,0.0,0.0,0.0,0.0,0.0,0.0,0.0,0.0
4,4,0.0,0.0,0.0,0.0,1.0,0.0,0.0,0.0,0.0,0.0,0.0,0.0,0.0
4,4,0.0,0.0,0.0,0.0,1.0,0.0,0.0,0.0,0.0,0.0,0.0,0.0,0.0
4,4,0.0,0.0,0.0,0.0,1.0,0.0,0.0,0.0,0.0,0.0,0.0,0.0,0.0
4,4,0.0,0.0,0.0,0.0,1.0,0.0,0.0,0.0,0.0,0.0,0.0,0.0,0.0
4,4,0.0,0.0,0.0,0.0,1.0,0.0,0.0,0.0,0.0,0.0,0.0,0.0,0.0
4,4,0.0,0.0,0.0,0.0,1.0,0.0,0.0,0.0,0.0,0.0,0.0,0.0,0.0
4,4,0.0,0.0,0.0,0.0,1.0,0.0,0.0,0.0,0.0,0.0,0.0,0.0,0.0
4,4,0.0,0.0,0.0,0.0,1.0,0.0,0.0,0.0,0.0,0.0,0.0,0.0,0.0
4,4,0.0,0.0,0.0,0.0,1.0,0.0,0.0,0.0,0.0,0.0,0.0,0.0,0.0
4,4,0.0,0.0,0.0,0.0,1.0,0.0,0.0,0.0,0.0,0.0,0.0,0.0,0.0
4,4,0.0,0.0,0.0,0.0,1.0,0.0,0.0,0.0,0.0,0.0,0.0,0.0,0.0
4,4,0.0,0.0,0.0,0.0,1.0,0.0,0.0,0.0,0.0,0.0,0.0,0.0,0.0
4,4,0.0,0.0,0.0,0.0,1.0,0.0,0.0,0.0,0.0,0.0,0.0,0.0,0.0
4,4,0.0,0.0,0.0,0.0,1.0,0.0,0.0,0.0,0.0,0.0,0.0,0.0,0.0
4,4,0.0,0.0,0.0,0.0,1.0,0.0,0.0,0.0,0.0,0.0,0.0,0.0,0.0
4,4,0.0,0.0,0.0,0.0,1.0,0.0,0.0,0.0,0.0,0.0,0.0,0.0,0.0
4,4,0.0,0.0,0.0,0.0,1.0,0.0,0.0,0.0,0.0,0.0,0.0,0.0,0.0
4,4,0.0,0.0,0.0,0.0,1.0,0.0,0.0,0.0,0.0,0.0,0.0,0.0,0.0
4,4,0.0,0.0,0.0,0.0,1.0,0.0,0.0,0.0,0.0,0.0,0.0,0.0,0.0
4,4,0.0,0.0,0.0,0.0,1.0,0.0,0.0,0.0,0.0,0.0,0.0,0.0,0.0
4,4,0.0,0.0,0.0,0.0,1.0,0.0,0.0,0.0,0.0,0.0,0.0,0.0,0.0
4,4,0.0,0.0,0.0,0.0,1.0,0.0,0.0,0.0,0.0,0.0,0.0,0.0,0.0
4,4,0.0,0.0,0.0,0.0,1.0,0.0,0.0,0.0,0.0,0.0,0.0,0.0,0.0
4,4,0.0,0.0,0.0,0.0,1.0,0.0,0.0,0.0,0.0,0.0,0.0,0.0,0.0
4,4,0.0,0.0,0.0,0.0,1.0,0.0,0.0,0.0,0.0,0.0,0.0,0.0,0.0
4,4,0.0,0.0,0.0,0.0,1.0,0.0,0.0,0.0,0.0,0.0,0.0,0.0,0.0
4,4,0.0,0.0,0.0,0.0,1.0,0.0,0.0,0.0,0.0,0.0,0.0,0.0,0.0
4,4,0.0,0.0,0.0,0.0,1.0,0.0,0.0,0.0,0.0,0.0,0.0,0.0,0.0
4,4,0.0,0.0,0.0,0.0,1.0,0.0,0.0,0.0,0.0,0.0,0.0,0.0,0.0
4,4,0.0,0.0,0.0,0.0,1.0,0.0,0.0,0.0,0.0,0.0,0.0,0.0,0.0
4,4,0.0,0.0,0.0,0.0,1.0,0.0,0.0,0.0,0.0,0.0,0.0,0.0,0.0
4,4,0.0,0.0,0.0,0.0,1.0,0.0,0.0,0.0,0.0,0.0,0.0,0.0,0.0
4,4,0.0,0.0,0.0,0.0,1.0,0.0,0.0,0.0,0.0,0.0,0.0,0.0,0.0
4,4,0.0,0.0,0.0,0.0,1.0,0.0,0.0,0.0,0.0,0.0,0.0,0.0,0.0
4,4,0.0,0.0,0.0,0.0,1.0,0.0,0.0,0.0,0.0,0.0,0.0,0.0,0.0
4,4,0.0,0.0,0.0,0.0,1.0,0.0,0.0,0.0,0.0,0.0,0.0,0.0,0.0
4,4,0.0,0.0,0.0,0.0,1.0,0.0,0.0,0.0,0.0,0.0,0.0,0.0,0.0
4,4,0.0,0.0,0.0,0.0,1.0,0.0,0.0,0.0,0.0,0.0,0.0,0.0,0.0
4,4,0.0,0.0,0.0,0.0,1.0,0.0,0.0,0.0,0.0,0.0,0.0,0.0,0.0
4,4,0.0,0.0,0.0,0.0,1.0,0.0,0.0,0.0,0.0,0.0,0.0,0.0,0.0
4,4,0.0,0.0,0.0,0.0,1.0,0.0,0.0,0.0,0.0,0.0,0.0,0.0,0.0
4,4,0.0,0.0,0.0,0.0,1.0,0.0,0.0,0.0,0.0,0.0,0.0,0.0,0.0
4,4,0.0,0.0,0.0,0.0,1.0,0.0,0.0,0.0,0.0,0.0,0.0,0.0,0.0
4,4,0.0,0.0,0.0,0.0,1.0,0.0,0.0,0.0,0.0,0.0,0.0,0.0,0.0
4,4,0.0,0.0,0.0,0.0,1.0,0.0,0.0,0.0,0.0,0.0,0.0,0.0,0.0
4,4,0.0,0.0,0.0,0.0,1.0,0.0,0.0,0.0,0.0,0.0,0.0,0.0,0.0
4,4,0.0,0.0,0.0,0.0,1.0,0.0,0.0,0.0,0.0,0.0,0.0,0.0,0.0
4,4,0.0,0.0,0.0,0.0,1.0,0.0,0.0,0.0,0.0,0.0,0.0,0.0,0.0
4,4,0.0,0.0,0.0,0.0,1.0,0.0,0.0,0.0,0.0,0.0,0.0,0.0,0.0
4,4,0.0,0.0,0.0,0.0,1.0,0.0,0.0,0.0,0.0,0.0,0.0,0.0,0.0
4,4,0.0,0.0,0.0,0.0,1.0,0.0,0.0,0.0,0.0,0.0,0.0,0.0,0.0
4,4,0.0,0.0,0.0,0.0,1.0,0.0,0.0,0.0,0.0,0.0,0.0,0.0,0.0
4,4,0.0,0.0,0.0,0.0,1.0,0.0,0.0,0.0,0.0,0.0,0.0,0.0,0.0
4,4,0.0,0.0,0.0,0.0,1.0,0.0,0.0,0.0,0.0,0.0,0.0,0.0,0.0
4,4,0.0,0.0,0.0,0.0,1.0,0.0,0.0,0.0,0.0,0.0,0.0,0.0,0.0
4,4,0.0,0.0,0.0,0.0,1.0,0.0,0.0,0.0,0.0,0.0,0.0,0.0,0.0
4,4,0.0,0.0,0.0,0.0,1.0,0.0,0.0,0.0,0.0,0.0,0.0,0.0,0.0
4,4,0.0,0.0,0.0,0.0,1.0,0.0,0.0,0.0,0.0,0.0,0.0,0.0,0.0
4,4,0.0,0.0,0.0,0.0,1.0,0.0,0.0,0.0,0.0,0.0,0.0,0.0,0.0
4,4,0.0,0.0,0.0,0.0,1.0,0.0,0.0,0.0,0.0,0.0,0.0,0.0,0.0
4,4,0.0,0.0,0.0,0.0,1.0,0.0,0.0,0.0,0.0,0.0,0.0,0.0,0.0
4,4,0.0,0.0,0.0,0.0,1.0,0.0,0.0,0.0,0.0,0.0,0.0,0.0,0.0
4,4,0.0,0.0,0.0,0.0,1.0,0.0,0.0,0.0,0.0,0.0,0.0,0.0,0.0
4,4,0.0,0.0,0.0,0.0,1.0,0.0,0.0,0.0,0.0,0.0,0.0,0.0,0.0
4,4,0.0,0.0,0.0,0.0,1.0,0.0,0.0,0.0,0.0,0.0,0.0,0.0,0.0
4,4,0.0,0.0,0.0,0.0,1.0,0.0,0.0,0.0,0.0,0.0,0.0,0.0,0.0
4,4,0.0,0.0,0.0,0.0,1.0,0.0,0.0,0.0,0.0,0.0,0.0,0.0,0.0
4,4,0.0,0.0,0.0,0.0,1.0,0.0,0.0,0.0,0.0,0.0,0.0,0.0,0.0
4,4,0.0,0.0,0.0,0.0,1.0,0.0,0.0,0.0,0.0,0.0,0.0,0.0,0.0
4,4,0.0,0.0,0.0,0.0,1.0,0.0,0.0,0.0,0.0,0.0,0.0,0.0,0.0
4,4,0.0,0.0,0.0,0.0,1.0,0.0,0.0,0.0,0.0,0.0,0.0,0.0,0.0
4,4,0.0,0.0,0.0,0.0,1.0,0.0,0.0,0.0,0.0,0.0,0.0,0.0,0.0
4,4,0.0,0.0,0.0,0.0,1.0,0.0,0.0,0.0,0.0,0.0,0.0,0.0,0.0
4,4,0.0,0.0,0.0,0.0,1.0,0.0,0.0,0.0,0.0,0.0,0.0,0.0,0.0
4,4,0.0,0.0,0.0,0.0,1.0,0.0,0.0,0.0,0.0,0.0,0.0,0.0,0.0
4,4,0.0,0.0,0.0,0.0,1.0,0.0,0.0,0.0,0.0,0.0,0.0,0.0,0.0
4,4,0.0,0.0,0.0,0.0,1.0,0.0,0.0,0.0,0.0,0.0,0.0,0.0,0.0
4,4,0.0,0.0,0.0,0.0,1.0,0.0,0.0,0.0,0.0,0.0,0.0,0.0,0.0
4,4,0.0,0.0,0.0,0.0,1.0,0.0,0.0,0.0,0.0,0.0,0.0,0.0,0.0
4,4,0.0,0.0,0.0,0.0,1.0,0.0,0.0,0.0,0.0,0.0,0.0,0.0,0.0
4,4,0.0,0.0,0.0,0.0,1.0,0.0,0.0,0.0,0.0,0.0,0.0,0.0,0.0
4,4,0.0,0.0,0.0,0.0,1.0,0.0,0.0,0.0,0.0,0.0,0.0,0.0,0.0
4,4,0.0,0.0,0.0,0.0,1.0,0.0,0.0,0.0,0.0,0.0,0.0,0.0,0.0
4,4,0.0,0.0,0.0,0.0,1.0,0.0,0.0,0.0,0.0,0.0,0.0,0.0,0.0
4,4,0.0,0.0,0.0,0.0,1.0,0.0,0.0,0.0,0.0,0.0,0.0,0.0,0.0
4,4,0.0,0.0,0.0,0.0,1.0,0.0,0.0,0.0,0.0,0.0,0.0,0.0,0.0
4,4,0.0,0.0,0.0,0.0,1.0,0.0,0.0,0.0,0.0,0.0,0.0,0.0,0.0
4,4,0.0,0.0,0.0,0.0,1.0,0.0,0.0,0.0,0.0,0.0,0.0,0.0,0.0
4,4,0.0,0.0,0.0,0.0,1.0,0.0,0.0,0.0,0.0,0.0,0.0,0.0,0.0
4,4,0.0,0.0,0.0,0.0,1.0,0.0,0.0,0.0,0.0,0.0,0.0,0.0,0.0
4,4,0.0,0.0,0.0,0.0,1.0,0.0,0.0,0.0,0.0,0.0,0.0,0.0,0.0
4,4,0.0,0.0,0.0,0.0,1.0,0.0,0.0,0.0,0.0,0.0,0.0,0.0,0.0
4,4,0.0,0.0,0.0,0.0,1.0,0.0,0.0,0.0,0.0,0.0,0.0,0.0,0.0
4,4,0.0,0.0,0.0,0.0,1.0,0.0,0.0,0.0,0.0,0.0,0.0,0.0,0.0
4,4,0.0,0.0,0.0,0.0,1.0,0.0,0.0,0.0,0.0,0.0,0.0,0.0,0.0
4,4,0.0,0.0,0.0,0.0,1.0,0.0,0.0,0.0,0.0,0.0,0.0,0.0,0.0
4,4,0.0,0.0,0.0,0.0,1.0,0.0,0.0,0.0,0.0,0.0,0.0,0.0,0.0
4,4,0.0,0.0,0.0,0.0,1.0,0.0,0.0,0.0,0.0,0.0,0.0,0.0,0.0
4,4,0.0,0.0,0.0,0.0,1.0,0.0,0.0,0.0,0.0,0.0,0.0,0.0,0.0
4,4,0.0,0.0,0.0,0.0,1.0,0.0,0.0,0.0,0.0,0.0,0.0,0.0,0.0
4,4,0.0,0.0,0.0,0.0,1.0,0.0,0.0,0.0,0.0,0.0,0.0,0.0,0.0
4,4,0.0,0.0,0.0,0.0,1.0,0.0,0.0,0.0,0.0,0.0,0.0,0.0,0.0
4,4,0.0,0.0,0.0,0.0,1.0,0.0,0.0,0.0,0.0,0.0,0.0,0.0,0.0
4,4,0.0,0.0,0.0,0.0,1.0,0.0,0.0,0.0,0.0,0.0,0.0,0.0,0.0
4,4,0.0,0.0,0.0,0.0,1.0,0.0,0.0,0.0,0.0,0.0,0.0,0.0,0.0
4,4,0.0,0.0,0.0,0.0,1.0,0.0,0.0,0.0,0.0,0.0,0.0,0.0,0.0
4,4,0.0,0.0,0.0,0.0,1.0,0.0,0.0,0.0,0.0,0.0,0.0,0.0,0.0
4,4,0.0,0.0,0.0,0.0,1.0,0.0,0.0,0.0,0.0,0.0,0.0,0.0,0.0
4,4,0.0,0.0,0.0,0.0,1.0,0.0,0.0,0.0,0.0,0.0,0.0,0.0,0.0
4,4,0.0,0.0,0.0,0.0,1.0,0.0,0.0,0.0,0.0,0.0,0.0,0.0,0.0
4,4,0.0,0.0,0.0,0.0,1.0,0.0,0.0,0.0,0.0,0.0,0.0,0.0,0.0
4,4,0.0,0.0,0.0,0.0,1.0,0.0,0.0,0.0,0.0,0.0,0.0,0.0,0.0
4,4,0.0,0.0,0.0,0.0,1.0,0.0,0.0,0.0,0.0,0.0,0.0,0.0,0.0
4,4,0.0,0.0,0.0,0.0,1.0,0.0,0.0,0.0,0.0,0.0,0.0,0.0,0.0
4,4,0.0,0.0,0.0,0.0,1.0,0.0,0.0,0.0,0.0,0.0,0.0,0.0,0.0
4,4,0.0,0.0,0.0,0.0,1.0,0.0,0.0,0.0,0.0,0.0,0.0,0.0,0.0
4,4,0.0,0.0,0.0,0.0,1.0,0.0,0.0,0.0,0.0,0.0,0.0,0.0,0.0
4,4,0.0,0.0,0.0,0.0,1.0,0.0,0.0,0.0,0.0,0.0,0.0,0.0,0.0
4,4,0.0,0.0,0.0,0.0,1.0,0.0,0.0,0.0,0.0,0.0,0.0,0.0,0.0
4,4,0.0,0.0,0.0,0.0,1.0,0.0,0.0,0.0,0.0,0.0,0.0,0.0,0.0
4,4,0.0,0.0,0.0,0.0,1.0,0.0,0.0,0.0,0.0,0.0,0.0,0.0,0.0
4,4,0.0,0.0,0.0,0.0,1.0,0.0,0.0,0.0,0.0,0.0,0.0,0.0,0.0
4,4,0.0,0.0,0.0,0.0,1.0,0.0,0.0,0.0,0.0,0.0,0.0,0.0,0.0
4,4,0.0,0.0,0.0,0.0,1.0,0.0,0.0,0.0,0.0,0.0,0.0,0.0,0.0
4,4,0.0,0.0,0.0,0.0,1.0,0.0,0.0,0.0,0.0,0.0,0.0,0.0,0.0
4,4,0.0,0.0,0.0,0.0,1.0,0.0,0.0,0.0,0.0,0.0,0.0,0.0,0.0
4,4,0.0,0.0,0.0,0.0,1.0,0.0,0.0,0.0,0.0,0.0,0.0,0.0,0.0
4,4,0.0,0.0,0.0,0.0,1.0,0.0,0.0,0.0,0.0,0.0,0.0,0.0,0.0
4,4,0.0,0.0,0.0,0.0,1.0,0.0,0.0,0.0,0.0,0.0,0.0,0.0,0.0
4,4,0.0,0.0,0.0,0.0,1.0,0.0,0.0,0.0,0.0,0.0,0.0,0.0,0.0
4,4,0.0,0.0,0.0,0.0,1.0,0.0,0.0,0.0,0.0,0.0,0.0,0.0,0.0
4,4,0.0,0.0,0.0,0.0,1.0,0.0,0.0,0.0,0.0,0.0,0.0,0.0,0.0
4,4,0.0,0.0,0.0,0.0,1.0,0.0,0.0,0.0,0.0,0.0,0.0,0.0,0.0
4,4,0.0,0.0,0.0,0.0,1.0,0.0,0.0,0.0,0.0,0.0,0.0,0.0,0.0
4,4,0.0,0.0,0.0,0.0,1.0,0.0,0.0,0.0,0.0,0.0,0.0,0.0,0.0
4,4,0.0,0.0,0.0,0.0,1.0,0.0,0.0,0.0,0.0,0.0,0.0,0.0,0.0
4,4,0.0,0.0,0.0,0.0,1.0,0.0,0.0,0.0,0.0,0.0,0.0,0.0,0.0
4,4,0.0,0.0,0.0,0.0,1.0,0.0,0.0,0.0,0.0,0.0,0.0,0.0,0.0
4,4,0.0,0.0,0.0,0.0,1.0,0.0,0.0,0.0,0.0,0.0,0.0,0.0,0.0
4,4,0.0,0.0,0.0,0.0,1.0,0.0,0.0,0.0,0.0,0.0,0.0,0.0,0.0
4,4,0.0,0.0,0.0,0.0,1.0,0.0,0.0,0.0,0.0,0.0,0.0,0.0,0.0
4,4,0.0,0.0,0.0,0.0,1.0,0.0,0.0,0.0,0.0,0.0,0.0,0.0,0.0
4,4,0.0,0.0,0.0,0.0,1.0,0.0,0.0,0.0,0.0,0.0,0.0,0.0,0.0
4,4,0.0,0.0,0.0,0.0,1.0,0.0,0.0,0.0,0.0,0.0,0.0,0.0,0.0
4,4,0.0,0.0,0.0,0.0,1.0,0.0,0.0,0.0,0.0,0.0,0.0,0.0,0.0
4,4,0.0,0.0,0.0,0.0,1.0,0.0,0.0,0.0,0.0,0.0,0.0,0.0,0.0
4,4,0.0,0.0,0.0,0.0,1.0,0.0,0.0,0.0,0.0,0.0,0.0,0.0,0.0
4,4,0.0,0.0,0.0,0.0,1.0,0.0,0.0,0.0,0.0,0.0,0.0,0.0,0.0
4,4,0.0,0.0,0.0,0.0,1.0,0.0,0.0,0.0,0.0,0.0,0.0,0.0,0.0
4,4,0.0,0.0,0.0,0.0,1.0,0.0,0.0,0.0,0.0,0.0,0.0,0.0,0.0
4,4,0.0,0.0,0.0,0.0,1.0,0.0,0.0,0.0,0.0,0.0,0.0,0.0,0.0
4,4,0.0,0.0,0.0,0.0,1.0,0.0,0.0,0.0,0.0,0.0,0.0,0.0,0.0
4,4,0.0,0.0,0.0,0.0,1.0,0.0,0.0,0.0,0.0,0.0,0.0,0.0,0.0
4,4,0.0,0.0,0.0,0.0,1.0,0.0,0.0,0.0,0.0,0.0,0.0,0.0,0.0
4,4,0.0,0.0,0.0,0.0,1.0,0.0,0.0,0.0,0.0,0.0,0.0,0.0,0.0
4,4,0.0,0.0,0.0,0.0,1.0,0.0,0.0,0.0,0.0,0.0,0.0,0.0,0.0
4,4,0.0,0.0,0.0,0.0,1.0,0.0,0.0,0.0,0.0,0.0,0.0,0.0,0.0
4,4,0.0,0.0,0.0,0.0,1.0,0.0,0.0,0.0,0.0,0.0,0.0,0.0,0.0
4,4,0.0,0.0,0.0,0.0,1.0,0.0,0.0,0.0,0.0,0.0,0.0,0.0,0.0
4,4,0.0,0.0,0.0,0.0,1.0,0.0,0.0,0.0,0.0,0.0,0.0,0.0,0.0
4,4,0.0,0.0,0.0,0.0,1.0,0.0,0.0,0.0,0.0,0.0,0.0,0.0,0.0
4,4,0.0,0.0,0.0,0.0,1.0,0.0,0.0,0.0,0.0,0.0,0.0,0.0,0.0
4,4,0.0,0.0,0.0,0.0,1.0,0.0,0.0,0.0,0.0,0.0,0.0,0.0,0.0
4,4,0.0,0.0,0.0,0.0,1.0,0.0,0.0,0.0,0.0,0.0,0.0,0.0,0.0
4,4,0.0,0.0,0.0,0.0,1.0,0.0,0.0,0.0,0.0,0.0,0.0,0.0,0.0
4,4,0.0,0.0,0.0,0.0,1.0,0.0,0.0,0.0,0.0,0.0,0.0,0.0,0.0
4,4,0.0,0.0,0.0,0.0,1.0,0.0,0.0,0.0,0.0,0.0,0.0,0.0,0.0
4,4,0.0,0.0,0.0,0.0,1.0,0.0,0.0,0.0,0.0,0.0,0.0,0.0,0.0
4,4,0.0,0.0,0.0,0.0,1.0,0.0,0.0,0.0,0.0,0.0,0.0,0.0,0.0
4,4,0.0,0.0,0.0,0.0,1.0,0.0,0.0,0.0,0.0,0.0,0.0,0.0,0.0
4,4,0.0,0.0,0.0,0.0,1.0,0.0,0.0,0.0,0.0,0.0,0.0,0.0,0.0
4,4,0.0,0.0,0.0,0.0,1.0,0.0,0.0,0.0,0.0,0.0,0.0,0.0,0.0
4,4,0.0,0.0,0.0,0.0,1.0,0.0,0.0,0.0,0.0,0.0,0.0,0.0,0.0
4,4,0.0,0.0,0.0,0.0,1.0,0.0,0.0,0.0,0.0,0.0,0.0,0.0,0.0
4,4,0.0,0.0,0.0,0.0,1.0,0.0,0.0,0.0,0.0,0.0,0.0,0.0,0.0
4,4,0.0,0.0,0.0,0.0,1.0,0.0,0.0,0.0,0.0,0.0,0.0,0.0,0.0
4,4,0.0,0.0,0.0,0.0,1.0,0.0,0.0,0.0,0.0,0.0,0.0,0.0,0.0
4,4,0.0,0.0,0.0,0.0,1.0,0.0,0.0,0.0,0.0,0.0,0.0,0.0,0.0
4,4,0.0,0.0,0.0,0.0,1.0,0.0,0.0,0.0,0.0,0.0,0.0,0.0,0.0
4,4,0.0,0.0,0.0,0.0,1.0,0.0,0.0,0.0,0.0,0.0,0.0,0.0,0.0
4,4,0.0,0.0,0.0,0.0,1.0,0.0,0.0,0.0,0.0,0.0,0.0,0.0,0.0
4,4,0.0,0.0,0.0,0.0,1.0,0.0,0.0,0.0,0.0,0.0,0.0,0.0,0.0
4,4,0.0,0.0,0.0,0.0,1.0,0.0,0.0,0.0,0.0,0.0,0.0,0.0,0.0
4,4,0.0,0.0,0.0,0.0,1.0,0.0,0.0,0.0,0.0,0.0,0.0,0.0,0.0
4,4,0.0,0.0,0.0,0.0,1.0,0.0,0.0,0.0,0.0,0.0,0.0,0.0,0.0
4,4,0.0,0.0,0.0,0.0,1.0,0.0,0.0,0.0,0.0,0.0,0.0,0.0,0.0
4,4,0.0,0.0,0.0,0.0,1.0,0.0,0.0,0.0,0.0,0.0,0.0,0.0,0.0
4,4,0.0,0.0,0.0,0.0,1.0,0.0,0.0,0.0,0.0,0.0,0.0,0.0,0.0
4,4,0.0,0.0,0.0,0.0,1.0,0.0,0.0,0.0,0.0,0.0,0.0,0.0,0.0
4,4,0.0,0.0,0.0,0.0,1.0,0.0,0.0,0.0,0.0,0.0,0.0,0.0,0.0
4,4,0.0,0.0,0.0,0.0,1.0,0.0,0.0,0.0,0.0,0.0,0.0,0.0,0.0
4,4,0.0,0.0,0.0,0.0,1.0,0.0,0.0,0.0,0.0,0.0,0.0,0.0,0.0
4,4,0.0,0.0,0.0,0.0,1.0,0.0,0.0,0.0,0.0,0.0,0.0,0.0,0.0
4,4,0.0,0.0,0.0,0.0,1.0,0.0,0.0,0.0,0.0,0.0,0.0,0.0,0.0
4,4,0.0,0.0,0.0,0.0,1.0,0.0,0.0,0.0,0.0,0.0,0.0,0.0,0.0
4,4,0.0,0.0,0.0,0.0,1.0,0.0,0.0,0.0,0.0,0.0,0.0,0.0,0.0
4,4,0.0,0.0,0.0,0.0,1.0,0.0,0.0,0.0,0.0,0.0,0.0,0.0,0.0
4,4,0.0,0.0,0.0,0.0,1.0,0.0,0.0,0.0,0.0,0.0,0.0,0.0,0.0
4,4,0.0,0.0,0.0,0.0,1.0,0.0,0.0,0.0,0.0,0.0,0.0,0.0,0.0
4,4,0.0,0.0,0.0,0.0,1.0,0.0,0.0,0.0,0.0,0.0,0.0,0.0,0.0
4,4,0.0,0.0,0.0,0.0,1.0,0.0,0.0,0.0,0.0,0.0,0.0,0.0,0.0
4,4,0.0,0.0,0.0,0.0,1.0,0.0,0.0,0.0,0.0,0.0,0.0,0.0,0.0
4,4,0.0,0.0,0.0,0.0,1.0,0.0,0.0,0.0,0.0,0.0,0.0,0.0,0.0
4,4,0.0,0.0,0.0,0.0,1.0,0.0,0.0,0.0,0.0,0.0,0.0,0.0,0.0
4,4,0.0,0.0,0.0,0.0,1.0,0.0,0.0,0.0,0.0,0.0,0.0,0.0,0.0
4,4,0.0,0.0,0.0,0.0,1.0,0.0,0.0,0.0,0.0,0.0,0.0,0.0,0.0
4,4,0.0,0.0,0.0,0.0,1.0,0.0,0.0,0.0,0.0,0.0,0.0,0.0,0.0
4,4,0.0,0.0,0.0,0.0,1.0,0.0,0.0,0.0,0.0,0.0,0.0,0.0,0.0
4,4,0.0,0.0,0.0,0.0,1.0,0.0,0.0,0.0,0.0,0.0,0.0,0.0,0.0
4,4,0.0,0.0,0.0,0.0,1.0,0.0,0.0,0.0,0.0,0.0,0.0,0.0,0.0
4,4,0.0,0.0,0.0,0.0,1.0,0.0,0.0,0.0,0.0,0.0,0.0,0.0,0.0
4,4,0.0,0.0,0.0,0.0,1.0,0.0,0.0,0.0,0.0,0.0,0.0,0.0,0.0
4,4,0.0,0.0,0.0,0.0,1.0,0.0,0.0,0.0,0.0,0.0,0.0,0.0,0.0
4,4,0.0,0.0,0.0,0.0,1.0,0.0,0.0,0.0,0.0,0.0,0.0,0.0,0.0
4,4,0.0,0.0,0.0,0.0,1.0,0.0,0.0,0.0,0.0,0.0,0.0,0.0,0.0
4,4,0.0,0.0,0.0,0.0,1.0,0.0,0.0,0.0,0.0,0.0,0.0,0.0,0.0
4,4,0.0,0.0,0.0,0.0,1.0,0.0,0.0,0.0,0.0,0.0,0.0,0.0,0.0
4,4,0.0,0.0,0.0,0.0,1.0,0.0,0.0,0.0,0.0,0.0,0.0,0.0,0.0
4,4,0.0,0.0,0.0,0.0,1.0,0.0,0.0,0.0,0.0,0.0,0.0,0.0,0.0
4,4,0.0,0.0,0.0,0.0,1.0,0.0,0.0,0.0,0.0,0.0,0.0,0.0,0.0
4,4,0.0,0.0,0.0,0.0,1.0,0.0,0.0,0.0,0.0,0.0,0.0,0.0,0.0
4,4,0.0,0.0,0.0,0.0,1.0,0.0,0.0,0.0,0.0,0.0,0.0,0.0,0.0
4,4,0.0,0.0,0.0,0.0,1.0,0.0,0.0,0.0,0.0,0.0,0.0,0.0,0.0
4,4,0.0,0.0,0.0,0.0,1.0,0.0,0.0,0.0,0.0,0.0,0.0,0.0,0.0
4,4,0.0,0.0,0.0,0.0,1.0,0.0,0.0,0.0,0.0,0.0,0.0,0.0,0.0
4,4,0.0,0.0,0.0,0.0,1.0,0.0,0.0,0.0,0.0,0.0,0.0,0.0,0.0
4,4,0.0,0.0,0.0,0.0,1.0,0.0,0.0,0.0,0.0,0.0,0.0,0.0,0.0
4,4,0.0,0.0,0.0,0.0,1.0,0.0,0.0,0.0,0.0,0.0,0.0,0.0,0.0
4,4,0.0,0.0,0.0,0.0,1.0,0.0,0.0,0.0,0.0,0.0,0.0,0.0,0.0
4,4,0.0,0.0,0.0,0.0,1.0,0.0,0.0,0.0,0.0,0.0,0.0,0.0,0.0
4,4,0.0,0.0,0.0,0.0,1.0,0.0,0.0,0.0,0.0,0.0,0.0,0.0,0.0
4,4,0.0,0.0,0.0,0.0,1.0,0.0,0.0,0.0,0.0,0.0,0.0,0.0,0.0
4,4,0.0,0.0,0.0,0.0,1.0,0.0,0.0,0.0,0.0,0.0,0.0,0.0,0.0
4,4,0.0,0.0,0.0,0.0,1.0,0.0,0.0,0.0,0.0,0.0,0.0,0.0,0.0
4,4,0.0,0.0,0.0,0.0,1.0,0.0,0.0,0.0,0.0,0.0,0.0,0.0,0.0
4,4,0.0,0.0,0.0,0.0,1.0,0.0,0.0,0.0,0.0,0.0,0.0,0.0,0.0
4,4,0.0,0.0,0.0,0.0,1.0,0.0,0.0,0.0,0.0,0.0,0.0,0.0,0.0
4,4,0.0,0.0,0.0,0.0,1.0,0.0,0.0,0.0,0.0,0.0,0.0,0.0,0.0
4,4,0.0,0.0,0.0,0.0,1.0,0.0,0.0,0.0,0.0,0.0,0.0,0.0,0.0
4,4,0.0,0.0,0.0,0.0,1.0,0.0,0.0,0.0,0.0,0.0,0.0,0.0,0.0
4,4,0.0,0.0,0.0,0.0,1.0,0.0,0.0,0.0,0.0,0.0,0.0,0.0,0.0
4,4,0.0,0.0,0.0,0.0,1.0,0.0,0.0,0.0,0.0,0.0,0.0,0.0,0.0
4,4,0.0,0.0,0.0,0.0,1.0,0.0,0.0,0.0,0.0,0.0,0.0,0.0,0.0
4,4,0.0,0.0,0.0,0.0,1.0,0.0,0.0,0.0,0.0,0.0,0.0,0.0,0.0
4,4,0.0,0.0,0.0,0.0,1.0,0.0,0.0,0.0,0.0,0.0,0.0,0.0,0.0
4,4,0.0,0.0,0.0,0.0,1.0,0.0,0.0,0.0,0.0,0.0,0.0,0.0,0.0
4,4,0.0,0.0,0.0,0.0,1.0,0.0,0.0,0.0,0.0,0.0,0.0,0.0,0.0
4,4,0.0,0.0,0.0,0.0,1.0,0.0,0.0,0.0,0.0,0.0,0.0,0.0,0.0
4,4,0.0,0.0,0.0,0.0,1.0,0.0,0.0,0.0,0.0,0.0,0.0,0.0,0.0
4,4,0.0,0.0,0.0,0.0,1.0,0.0,0.0,0.0,0.0,0.0,0.0,0.0,0.0
4,4,0.0,0.0,0.0,0.0,1.0,0.0,0.0,0.0,0.0,0.0,0.0,0.0,0.0
4,4,0.0,0.0,0.0,0.0,1.0,0.0,0.0,0.0,0.0,0.0,0.0,0.0,0.0
4,4,0.0,0.0,0.0,0.0,1.0,0.0,0.0,0.0,0.0,0.0,0.0,0.0,0.0
4,4,0.0,0.0,0.0,0.0,1.0,0.0,0.0,0.0,0.0,0.0,0.0,0.0,0.0
4,4,0.0,0.0,0.0,0.0,1.0,0.0,0.0,0.0,0.0,0.0,0.0,0.0,0.0
4,4,0.0,0.0,0.0,0.0,1.0,0.0,0.0,0.0,0.0,0.0,0.0,0.0,0.0
4,4,0.0,0.0,0.0,0.0,1.0,0.0,0.0,0.0,0.0,0.0,0.0,0.0,0.0
4,4,0.0,0.0,0.0,0.0,1.0,0.0,0.0,0.0,0.0,0.0,0.0,0.0,0.0
4,4,0.0,0.0,0.0,0.0,1.0,0.0,0.0,0.0,0.0,0.0,0.0,0.0,0.0
4,4,0.0,0.0,0.0,0.0,1.0,0.0,0.0,0.0,0.0,0.0,0.0,0.0,0.0
4,4,0.0,0.0,0.0,0.0,1.0,0.0,0.0,0.0,0.0,0.0,0.0,0.0,0.0
4,4,0.0,0.0,0.0,0.0,1.0,0.0,0.0,0.0,0.0,0.0,0.0,0.0,0.0
4,4,0.0,0.0,0.0,0.0,1.0,0.0,0.0,0.0,0.0,0.0,0.0,0.0,0.0
4,4,0.0,0.0,0.0,0.0,1.0,0.0,0.0,0.0,0.0,0.0,0.0,0.0,0.0
4,4,0.0,0.0,0.0,0.0,1.0,0.0,0.0,0.0,0.0,0.0,0.0,0.0,0.0
4,4,0.0,0.0,0.0,0.0,1.0,0.0,0.0,0.0,0.0,0.0,0.0,0.0,0.0
4,4,0.0,0.0,0.0,0.0,1.0,0.0,0.0,0.0,0.0,0.0,0.0,0.0,0.0
4,4,0.0,0.0,0.0,0.0,1.0,0.0,0.0,0.0,0.0,0.0,0.0,0.0,0.0
4,4,0.0,0.0,0.0,0.0,1.0,0.0,0.0,0.0,0.0,0.0,0.0,0.0,0.0
4,4,0.0,0.0,0.0,0.0,1.0,0.0,0.0,0.0,0.0,0.0,0.0,0.0,0.0
4,4,0.0,0.0,0.0,0.0,1.0,0.0,0.0,0.0,0.0,0.0,0.0,0.0,0.0
4,4,0.0,0.0,0.0,0.0,1.0,0.0,0.0,0.0,0.0,0.0,0.0,0.0,0.0
4,4,0.0,0.0,0.0,0.0,1.0,0.0,0.0,0.0,0.0,0.0,0.0,0.0,0.0
4,4,0.0,0.0,0.0,0.0,1.0,0.0,0.0,0.0,0.0,0.0,0.0,0.0,0.0
4,4,0.0,0.0,0.0,0.0,1.0,0.0,0.0,0.0,0.0,0.0,0.0,0.0,0.0
4,4,0.0,0.0,0.0,0.0,1.0,0.0,0.0,0.0,0.0,0.0,0.0,0.0,0.0
4,4,0.0,0.0,0.0,0.0,1.0,0.0,0.0,0.0,0.0,0.0,0.0,0.0,0.0
4,4,0.0,0.0,0.0,0.0,1.0,0.0,0.0,0.0,0.0,0.0,0.0,0.0,0.0
4,4,0.0,0.0,0.0,0.0,1.0,0.0,0.0,0.0,0.0,0.0,0.0,0.0,0.0
4,4,0.0,0.0,0.0,0.0,1.0,0.0,0.0,0.0,0.0,0.0,0.0,0.0,0.0
4,4,0.0,0.0,0.0,0.0,1.0,0.0,0.0,0.0,0.0,0.0,0.0,0.0,0.0
4,4,0.0,0.0,0.0,0.0,1.0,0.0,0.0,0.0,0.0,0.0,0.0,0.0,0.0
4,4,0.0,0.0,0.0,0.0,1.0,0.0,0.0,0.0,0.0,0.0,0.0,0.0,0.0
4,4,0.0,0.0,0.0,0.0,1.0,0.0,0.0,0.0,0.0,0.0,0.0,0.0,0.0
4,4,0.0,0.0,0.0,0.0,1.0,0.0,0.0,0.0,0.0,0.0,0.0,0.0,0.0
4,4,0.0,0.0,0.0,0.0,1.0,0.0,0.0,0.0,0.0,0.0,0.0,0.0,0.0
4,4,0.0,0.0,0.0,0.0,1.0,0.0,0.0,0.0,0.0,0.0,0.0,0.0,0.0
4,4,0.0,0.0,0.0,0.0,1.0,0.0,0.0,0.0,0.0,0.0,0.0,0.0,0.0
4,4,0.0,0.0,0.0,0.0,1.0,0.0,0.0,0.0,0.0,0.0,0.0,0.0,0.0
4,4,0.0,0.0,0.0,0.0,1.0,0.0,0.0,0.0,0.0,0.0,0.0,0.0,0.0
4,4,0.0,0.0,0.0,0.0,1.0,0.0,0.0,0.0,0.0,0.0,0.0,0.0,0.0
4,4,0.0,0.0,0.0,0.0,1.0,0.0,0.0,0.0,0.0,0.0,0.0,0.0,0.0
4,4,0.0,0.0,0.0,0.0,1.0,0.0,0.0,0.0,0.0,0.0,0.0,0.0,0.0
4,4,0.0,0.0,0.0,0.0,1.0,0.0,0.0,0.0,0.0,0.0,0.0,0.0,0.0
4,4,0.0,0.0,0.0,0.0,1.0,0.0,0.0,0.0,0.0,0.0,0.0,0.0,0.0
4,4,0.0,0.0,0.0,0.0,1.0,0.0,0.0,0.0,0.0,0.0,0.0,0.0,0.0
4,4,0.0,0.0,0.0,0.0,1.0,0.0,0.0,0.0,0.0,0.0,0.0,0.0,0.0
4,4,0.0,0.0,0.0,0.0,1.0,0.0,0.0,0.0,0.0,0.0,0.0,0.0,0.0
4,4,0.0,0.0,0.0,0.0,1.0,0.0,0.0,0.0,0.0,0.0,0.0,0.0,0.0
4,4,0.0,0.0,0.0,0.0,1.0,0.0,0.0,0.0,0.0,0.0,0.0,0.0,0.0
4,4,0.0,0.0,0.0,0.0,1.0,0.0,0.0,0.0,0.0,0.0,0.0,0.0,0.0
4,4,0.0,0.0,0.0,0.0,1.0,0.0,0.0,0.0,0.0,0.0,0.0,0.0,0.0
4,4,0.0,0.0,0.0,0.0,1.0,0.0,0.0,0.0,0.0,0.0,0.0,0.0,0.0
4,4,0.0,0.0,0.0,0.0,1.0,0.0,0.0,0.0,0.0,0.0,0.0,0.0,0.0
4,4,0.0,0.0,0.0,0.0,1.0,0.0,0.0,0.0,0.0,0.0,0.0,0.0,0.0
4,4,0.0,0.0,0.0,0.0,1.0,0.0,0.0,0.0,0.0,0.0,0.0,0.0,0.0
4,4,0.0,0.0,0.0,0.0,1.0,0.0,0.0,0.0,0.0,0.0,0.0,0.0,0.0
4,4,0.0,0.0,0.0,0.0,1.0,0.0,0.0,0.0,0.0,0.0,0.0,0.0,0.0
4,4,0.0,0.0,0.0,0.0,1.0,0.0,0.0,0.0,0.0,0.0,0.0,0.0,0.0
4,4,0.0,0.0,0.0,0.0,1.0,0.0,0.0,0.0,0.0,0.0,0.0,0.0,0.0
4,4,0.0,0.0,0.0,0.0,1.0,0.0,0.0,0.0,0.0,0.0,0.0,0.0,0.0
4,4,0.0,0.0,0.0,0.0,1.0,0.0,0.0,0.0,0.0,0.0,0.0,0.0,0.0
4,4,0.0,0.0,0.0,0.0,1.0,0.0,0.0,0.0,0.0,0.0,0.0,0.0,0.0
4,4,0.0,0.0,0.0,0.0,1.0,0.0,0.0,0.0,0.0,0.0,0.0,0.0,0.0
4,4,0.0,0.0,0.0,0.0,1.0,0.0,0.0,0.0,0.0,0.0,0.0,0.0,0.0
4,4,0.0,0.0,0.0,0.0,1.0,0.0,0.0,0.0,0.0,0.0,0.0,0.0,0.0
4,4,0.0,0.0,0.0,0.0,1.0,0.0,0.0,0.0,0.0,0.0,0.0,0.0,0.0
4,4,0.0,0.0,0.0,0.0,1.0,0.0,0.0,0.0,0.0,0.0,0.0,0.0,0.0
4,4,0.0,0.0,0.0,0.0,1.0,0.0,0.0,0.0,0.0,0.0,0.0,0.0,0.0
4,4,0.0,0.0,0.0,0.0,1.0,0.0,0.0,0.0,0.0,0.0,0.0,0.0,0.0
4,4,0.0,0.0,0.0,0.0,1.0,0.0,0.0,0.0,0.0,0.0,0.0,0.0,0.0
4,4,0.0,0.0,0.0,0.0,1.0,0.0,0.0,0.0,0.0,0.0,0.0,0.0,0.0
4,4,0.0,0.0,0.0,0.0,1.0,0.0,0.0,0.0,0.0,0.0,0.0,0.0,0.0
4,4,0.0,0.0,0.0,0.0,1.0,0.0,0.0,0.0,0.0,0.0,0.0,0.0,0.0
4,4,0.0,0.0,0.0,0.0,1.0,0.0,0.0,0.0,0.0,0.0,0.0,0.0,0.0
4,4,0.0,0.0,0.0,0.0,1.0,0.0,0.0,0.0,0.0,0.0,0.0,0.0,0.0
4,4,0.0,0.0,0.0,0.0,1.0,0.0,0.0,0.0,0.0,0.0,0.0,0.0,0.0
4,4,0.0,0.0,0.0,0.0,1.0,0.0,0.0,0.0,0.0,0.0,0.0,0.0,0.0
4,4,0.0,0.0,0.0,0.0,1.0,0.0,0.0,0.0,0.0,0.0,0.0,0.0,0.0
4,4,0.0,0.0,0.0,0.0,1.0,0.0,0.0,0.0,0.0,0.0,0.0,0.0,0.0
4,4,0.0,0.0,0.0,0.0,1.0,0.0,0.0,0.0,0.0,0.0,0.0,0.0,0.0
4,4,0.0,0.0,0.0,0.0,1.0,0.0,0.0,0.0,0.0,0.0,0.0,0.0,0.0
4,4,0.0,0.0,0.0,0.0,1.0,0.0,0.0,0.0,0.0,0.0,0.0,0.0,0.0
4,4,0.0,0.0,0.0,0.0,1.0,0.0,0.0,0.0,0.0,0.0,0.0,0.0,0.0
4,4,0.0,0.0,0.0,0.0,1.0,0.0,0.0,0.0,0.0,0.0,0.0,0.0,0.0
4,4,0.0,0.0,0.0,0.0,1.0,0.0,0.0,0.0,0.0,0.0,0.0,0.0,0.0
4,4,0.0,0.0,0.0,0.0,1.0,0.0,0.0,0.0,0.0,0.0,0.0,0.0,0.0
4,4,0.0,0.0,0.0,0.0,1.0,0.0,0.0,0.0,0.0,0.0,0.0,0.0,0.0
4,4,0.0,0.0,0.0,0.0,1.0,0.0,0.0,0.0,0.0,0.0,0.0,0.0,0.0
4,4,0.0,0.0,0.0,0.0,1.0,0.0,0.0,0.0,0.0,0.0,0.0,0.0,0.0
4,4,0.0,0.0,0.0,0.0,1.0,0.0,0.0,0.0,0.0,0.0,0.0,0.0,0.0
4,4,0.0,0.0,0.0,0.0,1.0,0.0,0.0,0.0,0.0,0.0,0.0,0.0,0.0
4,4,0.0,0.0,0.0,0.0,1.0,0.0,0.0,0.0,0.0,0.0,0.0,0.0,0.0
4,4,0.0,0.0,0.0,0.0,1.0,0.0,0.0,0.0,0.0,0.0,0.0,0.0,0.0
4,4,0.0,0.0,0.0,0.0,1.0,0.0,0.0,0.0,0.0,0.0,0.0,0.0,0.0
4,4,0.0,0.0,0.0,0.0,1.0,0.0,0.0,0.0,0.0,0.0,0.0,0.0,0.0
4,4,0.0,0.0,0.0,0.0,1.0,0.0,0.0,0.0,0.0,0.0,0.0,0.0,0.0
4,4,0.0,0.0,0.0,0.0,1.0,0.0,0.0,0.0,0.0,0.0,0.0,0.0,0.0
4,4,0.0,0.0,0.0,0.0,1.0,0.0,0.0,0.0,0.0,0.0,0.0,0.0,0.0
4,4,0.0,0.0,0.0,0.0,1.0,0.0,0.0,0.0,0.0,0.0,0.0,0.0,0.0
4,4,0.0,0.0,0.0,0.0,1.0,0.0,0.0,0.0,0.0,0.0,0.0,0.0,0.0
4,4,0.0,0.0,0.0,0.0,1.0,0.0,0.0,0.0,0.0,0.0,0.0,0.0,0.0
4,4,0.0,0.0,0.0,0.0,1.0,0.0,0.0,0.0,0.0,0.0,0.0,0.0,0.0
4,4,0.0,0.0,0.0,0.0,1.0,0.0,0.0,0.0,0.0,0.0,0.0,0.0,0.0
4,4,0.0,0.0,0.0,0.0,1.0,0.0,0.0,0.0,0.0,0.0,0.0,0.0,0.0
4,4,0.0,0.0,0.0,0.0,1.0,0.0,0.0,0.0,0.0,0.0,0.0,0.0,0.0
4,4,0.0,0.0,0.0,0.0,1.0,0.0,0.0,0.0,0.0,0.0,0.0,0.0,0.0
4,4,0.0,0.0,0.0,0.0,1.0,0.0,0.0,0.0,0.0,0.0,0.0,0.0,0.0
4,4,0.0,0.0,0.0,0.0,1.0,0.0,0.0,0.0,0.0,0.0,0.0,0.0,0.0
4,4,0.0,0.0,0.0,0.0,1.0,0.0,0.0,0.0,0.0,0.0,0.0,0.0,0.0
4,4,0.0,0.0,0.0,0.0,1.0,0.0,0.0,0.0,0.0,0.0,0.0,0.0,0.0
4,4,0.0,0.0,0.0,0.0,1.0,0.0,0.0,0.0,0.0,0.0,0.0,0.0,0.0
4,4,0.0,0.0,0.0,0.0,1.0,0.0,0.0,0.0,0.0,0.0,0.0,0.0,0.0
4,4,0.0,0.0,0.0,0.0,1.0,0.0,0.0,0.0,0.0,0.0,0.0,0.0,0.0
4,4,0.0,0.0,0.0,0.0,1.0,0.0,0.0,0.0,0.0,0.0,0.0,0.0,0.0
4,4,0.0,0.0,0.0,0.0,1.0,0.0,0.0,0.0,0.0,0.0,0.0,0.0,0.0
4,4,0.0,0.0,0.0,0.0,1.0,0.0,0.0,0.0,0.0,0.0,0.0,0.0,0.0
4,4,0.0,0.0,0.0,0.0,1.0,0.0,0.0,0.0,0.0,0.0,0.0,0.0,0.0
4,4,0.0,0.0,0.0,0.0,1.0,0.0,0.0,0.0,0.0,0.0,0.0,0.0,0.0
4,4,0.0,0.0,0.0,0.0,1.0,0.0,0.0,0.0,0.0,0.0,0.0,0.0,0.0
4,4,0.0,0.0,0.0,0.0,1.0,0.0,0.0,0.0,0.0,0.0,0.0,0.0,0.0
4,4,0.0,0.0,0.0,0.0,1.0,0.0,0.0,0.0,0.0,0.0,0.0,0.0,0.0
4,4,0.0,0.0,0.0,0.0,1.0,0.0,0.0,0.0,0.0,0.0,0.0,0.0,0.0
4,4,0.0,0.0,0.0,0.0,1.0,0.0,0.0,0.0,0.0,0.0,0.0,0.0,0.0
4,4,0.0,0.0,0.0,0.0,1.0,0.0,0.0,0.0,0.0,0.0,0.0,0.0,0.0
4,4,0.0,0.0,0.0,0.0,1.0,0.0,0.0,0.0,0.0,0.0,0.0,0.0,0.0
4,4,0.0,0.0,0.0,0.0,1.0,0.0,0.0,0.0,0.0,0.0,0.0,0.0,0.0
4,4,0.0,0.0,0.0,0.0,1.0,0.0,0.0,0.0,0.0,0.0,0.0,0.0,0.0
4,4,0.0,0.0,0.0,0.0,1.0,0.0,0.0,0.0,0.0,0.0,0.0,0.0,0.0
4,4,0.0,0.0,0.0,0.0,1.0,0.0,0.0,0.0,0.0,0.0,0.0,0.0,0.0
5,4,0.0,0.0,0.0,0.0,1.0,0.0,0.0,0.0,0.0,0.0,0.0,0.0,0.0
5,4,0.0,0.0,0.0,0.0,1.0,0.0,0.0,0.0,0.0,0.0,0.0,0.0,0.0
5,4,0.0,0.0,0.0,0.0,1.0,0.0,0.0,0.0,0.0,0.0,0.0,0.0,0.0
5,4,0.0,0.0,0.0,0.0,1.0,0.0,0.0,0.0,0.0,0.0,0.0,0.0,0.0
5,4,0.0,0.0,0.0,0.0,1.0,0.0,0.0,0.0,0.0,0.0,0.0,0.0,0.0
5,4,0.0,0.0,0.0,0.0,1.0,0.0,0.0,0.0,0.0,0.0,0.0,0.0,0.0
5,4,0.0,0.0,0.0,0.0,1.0,0.0,0.0,0.0,0.0,0.0,0.0,0.0,0.0
5,4,0.0,0.0,0.0,0.0,1.0,0.0,0.0,0.0,0.0,0.0,0.0,0.0,0.0
5,4,0.0,0.0,0.0,0.0,1.0,0.0,0.0,0.0,0.0,0.0,0.0,0.0,0.0
5,4,0.0,0.0,0.0,0.0,1.0,0.0,0.0,0.0,0.0,0.0,0.0,0.0,0.0
5,4,0.0,0.0,0.0,0.0,1.0,0.0,0.0,0.0,0.0,0.0,0.0,0.0,0.0
5,4,0.0,0.0,0.0,0.0,1.0,0.0,0.0,0.0,0.0,0.0,0.0,0.0,0.0
5,4,0.0,0.0,0.0,0.0,1.0,0.0,0.0,0.0,0.0,0.0,0.0,0.0,0.0
5,4,0.0,0.0,0.0,0.0,1.0,0.0,0.0,0.0,0.0,0.0,0.0,0.0,0.0
5,4,0.0,0.0,0.0,0.0,1.0,0.0,0.0,0.0,0.0,0.0,0.0,0.0,0.0
5,4,0.0,0.0,0.0,0.0,1.0,0.0,0.0,0.0,0.0,0.0,0.0,0.0,0.0
5,4,0.0,0.0,0.0,0.0,1.0,0.0,0.0,0.0,0.0,0.0,0.0,0.0,0.0
5,4,0.0,0.0,0.0,0.0,1.0,0.0,0.0,0.0,0.0,0.0,0.0,0.0,0.0
5,4,0.0,0.0,0.0,0.0,1.0,0.0,0.0,0.0,0.0,0.0,0.0,0.0,0.0
5,4,0.0,0.0,0.0,0.0,1.0,0.0,0.0,0.0,0.0,0.0,0.0,0.0,0.0
5,4,0.0,0.0,0.0,0.0,1.0,0.0,0.0,0.0,0.0,0.0,0.0,0.0,0.0
5,4,0.0,0.0,0.0,0.0,1.0,0.0,0.0,0.0,0.0,0.0,0.0,0.0,0.0
5,4,0.0,0.0,0.0,0.0,1.0,0.0,0.0,0.0,0.0,0.0,0.0,0.0,0.0
5,4,0.0,0.0,0.0,0.0,1.0,0.0,0.0,0.0,0.0,0.0,0.0,0.0,0.0
5,4,0.0,0.0,0.0,0.0,1.0,0.0,0.0,0.0,0.0,0.0,0.0,0.0,0.0
5,4,0.0,0.0,0.0,0.0,1.0,0.0,0.0,0.0,0.0,0.0,0.0,0.0,0.0
5,4,0.0,0.0,0.0,0.0,1.0,0.0,0.0,0.0,0.0,0.0,0.0,0.0,0.0
5,4,0.0,0.0,0.0,0.0,1.0,0.0,0.0,0.0,0.0,0.0,0.0,0.0,0.0
5,4,0.0,0.0,0.0,0.0,1.0,0.0,0.0,0.0,0.0,0.0,0.0,0.0,0.0
5,4,0.0,0.0,0.0,0.0,1.0,0.0,0.0,0.0,0.0,0.0,0.0,0.0,0.0
5,4,0.0,0.0,0.0,0.0,1.0,0.0,0.0,0.0,0.0,0.0,0.0,0.0,0.0
5,4,0.0,0.0,0.0,0.0,1.0,0.0,0.0,0.0,0.0,0.0,0.0,0.0,0.0
5,4,0.0,0.0,0.0,0.0,1.0,0.0,0.0,0.0,0.0,0.0,0.0,0.0,0.0
5,4,0.0,0.0,0.0,0.0,1.0,0.0,0.0,0.0,0.0,0.0,0.0,0.0,0.0
5,4,0.0,0.0,0.0,0.0,1.0,0.0,0.0,0.0,0.0,0.0,0.0,0.0,0.0
5,4,0.0,0.0,0.0,0.0,1.0,0.0,0.0,0.0,0.0,0.0,0.0,0.0,0.0
5,4,0.0,0.0,0.0,0.0,1.0,0.0,0.0,0.0,0.0,0.0,0.0,0.0,0.0
5,4,0.0,0.0,0.0,0.0,1.0,0.0,0.0,0.0,0.0,0.0,0.0,0.0,0.0
5,4,0.0,0.0,0.0,0.0,1.0,0.0,0.0,0.0,0.0,0.0,0.0,0.0,0.0
5,4,0.0,0.0,0.0,0.0,1.0,0.0,0.0,0.0,0.0,0.0,0.0,0.0,0.0
5,4,0.0,0.0,0.0,0.0,1.0,0.0,0.0,0.0,0.0,0.0,0.0,0.0,0.0
5,4,0.0,0.0,0.0,0.0,1.0,0.0,0.0,0.0,0.0,0.0,0.0,0.0,0.0
5,4,0.0,0.0,0.0,0.0,1.0,0.0,0.0,0.0,0.0,0.0,0.0,0.0,0.0
5,4,0.0,0.0,0.0,0.0,1.0,0.0,0.0,0.0,0.0,0.0,0.0,0.0,0.0
5,4,0.0,0.0,0.0,0.0,1.0,0.0,0.0,0.0,0.0,0.0,0.0,0.0,0.0
5,4,0.0,0.0,0.0,0.0,1.0,0.0,0.0,0.0,0.0,0.0,0.0,0.0,0.0
5,4,0.0,0.0,0.0,0.0,1.0,0.0,0.0,0.0,0.0,0.0,0.0,0.0,0.0
5,4,0.0,0.0,0.0,0.0,1.0,0.0,0.0,0.0,0.0,0.0,0.0,0.0,0.0
5,4,0.0,0.0,0.0,0.0,1.0,0.0,0.0,0.0,0.0,0.0,0.0,0.0,0.0
5,4,0.0,0.0,0.0,0.0,1.0,0.0,0.0,0.0,0.0,0.0,0.0,0.0,0.0
5,4,0.0,0.0,0.0,0.0,1.0,0.0,0.0,0.0,0.0,0.0,0.0,0.0,0.0
5,4,0.0,0.0,0.0,0.0,1.0,0.0,0.0,0.0,0.0,0.0,0.0,0.0,0.0
5,4,0.0,0.0,0.0,0.0,1.0,0.0,0.0,0.0,0.0,0.0,0.0,0.0,0.0
5,4,0.0,0.0,0.0,0.0,1.0,0.0,0.0,0.0,0.0,0.0,0.0,0.0,0.0
5,4,0.0,0.0,0.0,0.0,1.0,0.0,0.0,0.0,0.0,0.0,0.0,0.0,0.0
5,4,0.0,0.0,0.0,0.0,1.0,0.0,0.0,0.0,0.0,0.0,0.0,0.0,0.0
5,4,0.0,0.0,0.0,0.0,1.0,0.0,0.0,0.0,0.0,0.0,0.0,0.0,0.0
5,4,0.0,0.0,0.0,0.0,1.0,0.0,0.0,0.0,0.0,0.0,0.0,0.0,0.0
5,4,0.0,0.0,0.0,0.0,1.0,0.0,0.0,0.0,0.0,0.0,0.0,0.0,0.0
5,4,0.0,0.0,0.0,0.0,1.0,0.0,0.0,0.0,0.0,0.0,0.0,0.0,0.0
5,4,0.0,0.0,0.0,0.0,1.0,0.0,0.0,0.0,0.0,0.0,0.0,0.0,0.0
5,4,0.0,0.0,0.0,0.0,1.0,0.0,0.0,0.0,0.0,0.0,0.0,0.0,0.0
5,4,0.0,0.0,0.0,0.0,1.0,0.0,0.0,0.0,0.0,0.0,0.0,0.0,0.0
5,4,0.0,0.0,0.0,0.0,1.0,0.0,0.0,0.0,0.0,0.0,0.0,0.0,0.0
5,4,0.0,0.0,0.0,0.0,1.0,0.0,0.0,0.0,0.0,0.0,0.0,0.0,0.0
5,4,0.0,0.0,0.0,0.0,1.0,0.0,0.0,0.0,0.0,0.0,0.0,0.0,0.0
5,4,0.0,0.0,0.0,0.0,1.0,0.0,0.0,0.0,0.0,0.0,0.0,0.0,0.0
5,4,0.0,0.0,0.0,0.0,1.0,0.0,0.0,0.0,0.0,0.0,0.0,0.0,0.0
5,4,0.0,0.0,0.0,0.0,1.0,0.0,0.0,0.0,0.0,0.0,0.0,0.0,0.0
5,4,0.0,0.0,0.0,0.0,1.0,0.0,0.0,0.0,0.0,0.0,0.0,0.0,0.0
5,4,0.0,0.0,0.0,0.0,1.0,0.0,0.0,0.0,0.0,0.0,0.0,0.0,0.0
5,4,0.0,0.0,0.0,0.0,1.0,0.0,0.0,0.0,0.0,0.0,0.0,0.0,0.0
5,4,0.0,0.0,0.0,0.0,1.0,0.0,0.0,0.0,0.0,0.0,0.0,0.0,0.0
5,4,0.0,0.0,0.0,0.0,1.0,0.0,0.0,0.0,0.0,0.0,0.0,0.0,0.0
5,4,0.0,0.0,0.0,0.0,1.0,0.0,0.0,0.0,0.0,0.0,0.0,0.0,0.0
5,4,0.0,0.0,0.0,0.0,1.0,0.0,0.0,0.0,0.0,0.0,0.0,0.0,0.0
5,4,0.0,0.0,0.0,0.0,1.0,0.0,0.0,0.0,0.0,0.0,0.0,0.0,0.0
5,4,0.0,0.0,0.0,0.0,1.0,0.0,0.0,0.0,0.0,0.0,0.0,0.0,0.0
5,4,0.0,0.0,0.0,0.0,1.0,0.0,0.0,0.0,0.0,0.0,0.0,0.0,0.0
5,4,0.0,0.0,0.0,0.0,1.0,0.0,0.0,0.0,0.0,0.0,0.0,0.0,0.0
5,4,0.0,0.0,0.0,0.0,1.0,0.0,0.0,0.0,0.0,0.0,0.0,0.0,0.0
5,4,0.0,0.0,0.0,0.0,1.0,0.0,0.0,0.0,0.0,0.0,0.0,0.0,0.0
5,4,0.0,0.0,0.0,0.0,1.0,0.0,0.0,0.0,0.0,0.0,0.0,0.0,0.0
5,4,0.0,0.0,0.0,0.0,1.0,0.0,0.0,0.0,0.0,0.0,0.0,0.0,0.0
5,4,0.0,0.0,0.0,0.0,1.0,0.0,0.0,0.0,0.0,0.0,0.0,0.0,0.0
5,4,0.0,0.0,0.0,0.0,1.0,0.0,0.0,0.0,0.0,0.0,0.0,0.0,0.0
5,4,0.0,0.0,0.0,0.0,1.0,0.0,0.0,0.0,0.0,0.0,0.0,0.0,0.0
5,4,0.0,0.0,0.0,0.0,1.0,0.0,0.0,0.0,0.0,0.0,0.0,0.0,0.0
5,4,0.0,0.0,0.0,0.0,1.0,0.0,0.0,0.0,0.0,0.0,0.0,0.0,0.0
5,4,0.0,0.0,0.0,0.0,1.0,0.0,0.0,0.0,0.0,0.0,0.0,0.0,0.0
5,4,0.0,0.0,0.0,0.0,1.0,0.0,0.0,0.0,0.0,0.0,0.0,0.0,0.0
5,4,0.0,0.0,0.0,0.0,1.0,0.0,0.0,0.0,0.0,0.0,0.0,0.0,0.0
5,4,0.0,0.0,0.0,0.0,1.0,0.0,0.0,0.0,0.0,0.0,0.0,0.0,0.0
5,4,0.0,0.0,0.0,0.0,1.0,0.0,0.0,0.0,0.0,0.0,0.0,0.0,0.0
5,4,0.0,0.0,0.0,0.0,1.0,0.0,0.0,0.0,0.0,0.0,0.0,0.0,0.0
5,4,0.0,0.0,0.0,0.0,1.0,0.0,0.0,0.0,0.0,0.0,0.0,0.0,0.0
5,4,0.0,0.0,0.0,0.0,1.0,0.0,0.0,0.0,0.0,0.0,0.0,0.0,0.0
5,4,0.0,0.0,0.0,0.0,1.0,0.0,0.0,0.0,0.0,0.0,0.0,0.0,0.0
5,4,0.0,0.0,0.0,0.0,1.0,0.0,0.0,0.0,0.0,0.0,0.0,0.0,0.0
5,4,0.0,0.0,0.0,0.0,1.0,0.0,0.0,0.0,0.0,0.0,0.0,0.0,0.0
5,4,0.0,0.0,0.0,0.0,1.0,0.0,0.0,0.0,0.0,0.0,0.0,0.0,0.0
5,4,0.0,0.0,0.0,0.0,1.0,0.0,0.0,0.0,0.0,0.0,0.0,0.0,0.0
5,4,0.0,0.0,0.0,0.0,1.0,0.0,0.0,0.0,0.0,0.0,0.0,0.0,0.0
5,4,0.0,0.0,0.0,0.0,1.0,0.0,0.0,0.0,0.0,0.0,0.0,0.0,0.0
5,4,0.0,0.0,0.0,0.0,1.0,0.0,0.0,0.0,0.0,0.0,0.0,0.0,0.0
5,4,0.0,0.0,0.0,0.0,1.0,0.0,0.0,0.0,0.0,0.0,0.0,0.0,0.0
5,4,0.0,0.0,0.0,0.0,1.0,0.0,0.0,0.0,0.0,0.0,0.0,0.0,0.0
5,4,0.0,0.0,0.0,0.0,1.0,0.0,0.0,0.0,0.0,0.0,0.0,0.0,0.0
5,4,0.0,0.0,0.0,0.0,1.0,0.0,0.0,0.0,0.0,0.0,0.0,0.0,0.0
5,4,0.0,0.0,0.0,0.0,1.0,0.0,0.0,0.0,0.0,0.0,0.0,0.0,0.0
5,4,0.0,0.0,0.0,0.0,1.0,0.0,0.0,0.0,0.0,0.0,0.0,0.0,0.0
5,4,0.0,0.0,0.0,0.0,1.0,0.0,0.0,0.0,0.0,0.0,0.0,0.0,0.0
5,4,0.0,0.0,0.0,0.0,1.0,0.0,0.0,0.0,0.0,0.0,0.0,0.0,0.0
5,4,0.0,0.0,0.0,0.0,1.0,0.0,0.0,0.0,0.0,0.0,0.0,0.0,0.0
5,4,0.0,0.0,0.0,0.0,1.0,0.0,0.0,0.0,0.0,0.0,0.0,0.0,0.0
5,4,0.0,0.0,0.0,0.0,1.0,0.0,0.0,0.0,0.0,0.0,0.0,0.0,0.0
5,4,0.0,0.0,0.0,0.0,1.0,0.0,0.0,0.0,0.0,0.0,0.0,0.0,0.0
5,4,0.0,0.0,0.0,0.0,1.0,0.0,0.0,0.0,0.0,0.0,0.0,0.0,0.0
5,4,0.0,0.0,0.0,0.0,1.0,0.0,0.0,0.0,0.0,0.0,0.0,0.0,0.0
5,4,0.0,0.0,0.0,0.0,1.0,0.0,0.0,0.0,0.0,0.0,0.0,0.0,0.0
5,4,0.0,0.0,0.0,0.0,1.0,0.0,0.0,0.0,0.0,0.0,0.0,0.0,0.0
5,4,0.0,0.0,0.0,0.0,1.0,0.0,0.0,0.0,0.0,0.0,0.0,0.0,0.0
5,4,0.0,0.0,0.0,0.0,1.0,0.0,0.0,0.0,0.0,0.0,0.0,0.0,0.0
5,4,0.0,0.0,0.0,0.0,1.0,0.0,0.0,0.0,0.0,0.0,0.0,0.0,0.0
5,4,0.0,0.0,0.0,0.0,1.0,0.0,0.0,0.0,0.0,0.0,0.0,0.0,0.0
5,4,0.0,0.0,0.0,0.0,1.0,0.0,0.0,0.0,0.0,0.0,0.0,0.0,0.0
5,4,0.0,0.0,0.0,0.0,1.0,0.0,0.0,0.0,0.0,0.0,0.0,0.0,0.0
5,4,0.0,0.0,0.0,0.0,1.0,0.0,0.0,0.0,0.0,0.0,0.0,0.0,0.0
5,4,0.0,0.0,0.0,0.0,1.0,0.0,0.0,0.0,0.0,0.0,0.0,0.0,0.0
5,4,0.0,0.0,0.0,0.0,1.0,0.0,0.0,0.0,0.0,0.0,0.0,0.0,0.0
5,4,0.0,0.0,0.0,0.0,1.0,0.0,0.0,0.0,0.0,0.0,0.0,0.0,0.0
5,4,0.0,0.0,0.0,0.0,1.0,0.0,0.0,0.0,0.0,0.0,0.0,0.0,0.0
5,4,0.0,0.0,0.0,0.0,1.0,0.0,0.0,0.0,0.0,0.0,0.0,0.0,0.0
5,4,0.0,0.0,0.0,0.0,1.0,0.0,0.0,0.0,0.0,0.0,0.0,0.0,0.0
5,4,0.0,0.0,0.0,0.0,1.0,0.0,0.0,0.0,0.0,0.0,0.0,0.0,0.0
5,4,0.0,0.0,0.0,0.0,1.0,0.0,0.0,0.0,0.0,0.0,0.0,0.0,0.0
5,4,0.0,0.0,0.0,0.0,1.0,0.0,0.0,0.0,0.0,0.0,0.0,0.0,0.0
5,4,0.0,0.0,0.0,0.0,1.0,0.0,0.0,0.0,0.0,0.0,0.0,0.0,0.0
5,4,0.0,0.0,0.0,0.0,1.0,0.0,0.0,0.0,0.0,0.0,0.0,0.0,0.0
5,4,0.0,0.0,0.0,0.0,1.0,0.0,0.0,0.0,0.0,0.0,0.0,0.0,0.0
5,4,0.0,0.0,0.0,0.0,1.0,0.0,0.0,0.0,0.0,0.0,0.0,0.0,0.0
5,4,0.0,0.0,0.0,0.0,1.0,0.0,0.0,0.0,0.0,0.0,0.0,0.0,0.0
5,4,0.0,0.0,0.0,0.0,1.0,0.0,0.0,0.0,0.0,0.0,0.0,0.0,0.0
5,4,0.0,0.0,0.0,0.0,1.0,0.0,0.0,0.0,0.0,0.0,0.0,0.0,0.0
5,4,0.0,0.0,0.0,0.0,1.0,0.0,0.0,0.0,0.0,0.0,0.0,0.0,0.0
5,4,0.0,0.0,0.0,0.0,1.0,0.0,0.0,0.0,0.0,0.0,0.0,0.0,0.0
5,4,0.0,0.0,0.0,0.0,1.0,0.0,0.0,0.0,0.0,0.0,0.0,0.0,0.0
5,4,0.0,0.0,0.0,0.0,1.0,0.0,0.0,0.0,0.0,0.0,0.0,0.0,0.0
5,4,0.0,0.0,0.0,0.0,1.0,0.0,0.0,0.0,0.0,0.0,0.0,0.0,0.0
5,4,0.0,0.0,0.0,0.0,1.0,0.0,0.0,0.0,0.0,0.0,0.0,0.0,0.0
5,4,0.0,0.0,0.0,0.0,1.0,0.0,0.0,0.0,0.0,0.0,0.0,0.0,0.0
5,4,0.0,0.0,0.0,0.0,1.0,0.0,0.0,0.0,0.0,0.0,0.0,0.0,0.0
5,4,0.0,0.0,0.0,0.0,1.0,0.0,0.0,0.0,0.0,0.0,0.0,0.0,0.0
5,4,0.0,0.0,0.0,0.0,1.0,0.0,0.0,0.0,0.0,0.0,0.0,0.0,0.0
5,4,0.0,0.0,0.0,0.0,1.0,0.0,0.0,0.0,0.0,0.0,0.0,0.0,0.0
5,4,0.0,0.0,0.0,0.0,1.0,0.0,0.0,0.0,0.0,0.0,0.0,0.0,0.0
5,4,0.0,0.0,0.0,0.0,1.0,0.0,0.0,0.0,0.0,0.0,0.0,0.0,0.0
5,4,0.0,0.0,0.0,0.0,1.0,0.0,0.0,0.0,0.0,0.0,0.0,0.0,0.0
5,4,0.0,0.0,0.0,0.0,1.0,0.0,0.0,0.0,0.0,0.0,0.0,0.0,0.0
5,4,0.0,0.0,0.0,0.0,1.0,0.0,0.0,0.0,0.0,0.0,0.0,0.0,0.0
5,4,0.0,0.0,0.0,0.0,1.0,0.0,0.0,0.0,0.0,0.0,0.0,0.0,0.0
5,4,0.0,0.0,0.0,0.0,1.0,0.0,0.0,0.0,0.0,0.0,0.0,0.0,0.0
5,4,0.0,0.0,0.0,0.0,1.0,0.0,0.0,0.0,0.0,0.0,0.0,0.0,0.0
5,4,0.0,0.0,0.0,0.0,1.0,0.0,0.0,0.0,0.0,0.0,0.0,0.0,0.0
5,4,0.0,0.0,0.0,0.0,1.0,0.0,0.0,0.0,0.0,0.0,0.0,0.0,0.0
5,4,0.0,0.0,0.0,0.0,1.0,0.0,0.0,0.0,0.0,0.0,0.0,0.0,0.0
5,4,0.0,0.0,0.0,0.0,1.0,0.0,0.0,0.0,0.0,0.0,0.0,0.0,0.0
5,4,0.0,0.0,0.0,0.0,1.0,0.0,0.0,0.0,0.0,0.0,0.0,0.0,0.0
5,4,0.0,0.0,0.0,0.0,1.0,0.0,0.0,0.0,0.0,0.0,0.0,0.0,0.0
5,4,0.0,0.0,0.0,0.0,1.0,0.0,0.0,0.0,0.0,0.0,0.0,0.0,0.0
5,4,0.0,0.0,0.0,0.0,1.0,0.0,0.0,0.0,0.0,0.0,0.0,0.0,0.0
5,4,0.0,0.0,0.0,0.0,1.0,0.0,0.0,0.0,0.0,0.0,0.0,0.0,0.0
5,4,0.0,0.0,0.0,0.0,1.0,0.0,0.0,0.0,0.0,0.0,0.0,0.0,0.0
5,4,0.0,0.0,0.0,0.0,1.0,0.0,0.0,0.0,0.0,0.0,0.0,0.0,0.0
5,4,0.0,0.0,0.0,0.0,1.0,0.0,0.0,0.0,0.0,0.0,0.0,0.0,0.0
5,4,0.0,0.0,0.0,0.0,1.0,0.0,0.0,0.0,0.0,0.0,0.0,0.0,0.0
5,4,0.0,0.0,0.0,0.0,1.0,0.0,0.0,0.0,0.0,0.0,0.0,0.0,0.0
5,4,0.0,0.0,0.0,0.0,1.0,0.0,0.0,0.0,0.0,0.0,0.0,0.0,0.0
5,4,0.0,0.0,0.0,0.0,1.0,0.0,0.0,0.0,0.0,0.0,0.0,0.0,0.0
5,4,0.0,0.0,0.0,0.0,1.0,0.0,0.0,0.0,0.0,0.0,0.0,0.0,0.0
5,4,0.0,0.0,0.0,0.0,1.0,0.0,0.0,0.0,0.0,0.0,0.0,0.0,0.0
5,4,0.0,0.0,0.0,0.0,1.0,0.0,0.0,0.0,0.0,0.0,0.0,0.0,0.0
5,4,0.0,0.0,0.0,0.0,1.0,0.0,0.0,0.0,0.0,0.0,0.0,0.0,0.0
5,4,0.0,0.0,0.0,0.0,1.0,0.0,0.0,0.0,0.0,0.0,0.0,0.0,0.0
5,4,0.0,0.0,0.0,0.0,1.0,0.0,0.0,0.0,0.0,0.0,0.0,0.0,0.0
5,4,0.0,0.0,0.0,0.0,1.0,0.0,0.0,0.0,0.0,0.0,0.0,0.0,0.0
5,4,0.0,0.0,0.0,0.0,1.0,0.0,0.0,0.0,0.0,0.0,0.0,0.0,0.0
5,4,0.0,0.0,0.0,0.0,1.0,0.0,0.0,0.0,0.0,0.0,0.0,0.0,0.0
5,4,0.0,0.0,0.0,0.0,1.0,0.0,0.0,0.0,0.0,0.0,0.0,0.0,0.0
5,4,0.0,0.0,0.0,0.0,1.0,0.0,0.0,0.0,0.0,0.0,0.0,0.0,0.0
5,4,0.0,0.0,0.0,0.0,1.0,0.0,0.0,0.0,0.0,0.0,0.0,0.0,0.0
5,4,0.0,0.0,0.0,0.0,1.0,0.0,0.0,0.0,0.0,0.0,0.0,0.0,0.0
5,4,0.0,0.0,0.0,0.0,1.0,0.0,0.0,0.0,0.0,0.0,0.0,0.0,0.0
5,4,0.0,0.0,0.0,0.0,1.0,0.0,0.0,0.0,0.0,0.0,0.0,0.0,0.0
5,4,0.0,0.0,0.0,0.0,1.0,0.0,0.0,0.0,0.0,0.0,0.0,0.0,0.0
5,4,0.0,0.0,0.0,0.0,1.0,0.0,0.0,0.0,0.0,0.0,0.0,0.0,0.0
5,4,0.0,0.0,0.0,0.0,1.0,0.0,0.0,0.0,0.0,0.0,0.0,0.0,0.0
5,4,0.0,0.0,0.0,0.0,1.0,0.0,0.0,0.0,0.0,0.0,0.0,0.0,0.0
5,4,0.0,0.0,0.0,0.0,1.0,0.0,0.0,0.0,0.0,0.0,0.0,0.0,0.0
5,4,0.0,0.0,0.0,0.0,1.0,0.0,0.0,0.0,0.0,0.0,0.0,0.0,0.0
5,4,0.0,0.0,0.0,0.0,1.0,0.0,0.0,0.0,0.0,0.0,0.0,0.0,0.0
5,4,0.0,0.0,0.0,0.0,1.0,0.0,0.0,0.0,0.0,0.0,0.0,0.0,0.0
5,4,0.0,0.0,0.0,0.0,1.0,0.0,0.0,0.0,0.0,0.0,0.0,0.0,0.0
5,4,0.0,0.0,0.0,0.0,1.0,0.0,0.0,0.0,0.0,0.0,0.0,0.0,0.0
5,4,0.0,0.0,0.0,0.0,1.0,0.0,0.0,0.0,0.0,0.0,0.0,0.0,0.0
5,4,0.0,0.0,0.0,0.0,1.0,0.0,0.0,0.0,0.0,0.0,0.0,0.0,0.0
5,4,0.0,0.0,0.0,0.0,1.0,0.0,0.0,0.0,0.0,0.0,0.0,0.0,0.0
5,4,0.0,0.0,0.0,0.0,1.0,0.0,0.0,0.0,0.0,0.0,0.0,0.0,0.0
5,4,0.0,0.0,0.0,0.0,1.0,0.0,0.0,0.0,0.0,0.0,0.0,0.0,0.0
5,4,0.0,0.0,0.0,0.0,1.0,0.0,0.0,0.0,0.0,0.0,0.0,0.0,0.0
5,4,0.0,0.0,0.0,0.0,1.0,0.0,0.0,0.0,0.0,0.0,0.0,0.0,0.0
5,4,0.0,0.0,0.0,0.0,1.0,0.0,0.0,0.0,0.0,0.0,0.0,0.0,0.0
5,4,0.0,0.0,0.0,0.0,1.0,0.0,0.0,0.0,0.0,0.0,0.0,0.0,0.0
5,4,0.0,0.0,0.0,0.0,1.0,0.0,0.0,0.0,0.0,0.0,0.0,0.0,0.0
5,4,0.0,0.0,0.0,0.0,1.0,0.0,0.0,0.0,0.0,0.0,0.0,0.0,0.0
5,4,0.0,0.0,0.0,0.0,1.0,0.0,0.0,0.0,0.0,0.0,0.0,0.0,0.0
5,4,0.0,0.0,0.0,0.0,1.0,0.0,0.0,0.0,0.0,0.0,0.0,0.0,0.0
5,4,0.0,0.0,0.0,0.0,1.0,0.0,0.0,0.0,0.0,0.0,0.0,0.0,0.0
5,4,0.0,0.0,0.0,0.0,1.0,0.0,0.0,0.0,0.0,0.0,0.0,0.0,0.0
5,4,0.0,0.0,0.0,0.0,1.0,0.0,0.0,0.0,0.0,0.0,0.0,0.0,0.0
5,4,0.0,0.0,0.0,0.0,1.0,0.0,0.0,0.0,0.0,0.0,0.0,0.0,0.0
5,4,0.0,0.0,0.0,0.0,1.0,0.0,0.0,0.0,0.0,0.0,0.0,0.0,0.0
5,4,0.0,0.0,0.0,0.0,1.0,0.0,0.0,0.0,0.0,0.0,0.0,0.0,0.0
5,4,0.0,0.0,0.0,0.0,1.0,0.0,0.0,0.0,0.0,0.0,0.0,0.0,0.0
5,4,0.0,0.0,0.0,0.0,1.0,0.0,0.0,0.0,0.0,0.0,0.0,0.0,0.0
5,4,0.0,0.0,0.0,0.0,1.0,0.0,0.0,0.0,0.0,0.0,0.0,0.0,0.0
5,4,0.0,0.0,0.0,0.0,1.0,0.0,0.0,0.0,0.0,0.0,0.0,0.0,0.0
5,4,0.0,0.0,0.0,0.0,1.0,0.0,0.0,0.0,0.0,0.0,0.0,0.0,0.0
5,4,0.0,0.0,0.0,0.0,1.0,0.0,0.0,0.0,0.0,0.0,0.0,0.0,0.0
5,4,0.0,0.0,0.0,0.0,1.0,0.0,0.0,0.0,0.0,0.0,0.0,0.0,0.0
5,4,0.0,0.0,0.0,0.0,1.0,0.0,0.0,0.0,0.0,0.0,0.0,0.0,0.0
5,4,0.0,0.0,0.0,0.0,1.0,0.0,0.0,0.0,0.0,0.0,0.0,0.0,0.0
5,4,0.0,0.0,0.0,0.0,1.0,0.0,0.0,0.0,0.0,0.0,0.0,0.0,0.0
5,4,0.0,0.0,0.0,0.0,1.0,0.0,0.0,0.0,0.0,0.0,0.0,0.0,0.0
5,4,0.0,0.0,0.0,0.0,1.0,0.0,0.0,0.0,0.0,0.0,0.0,0.0,0.0
5,4,0.0,0.0,0.0,0.0,1.0,0.0,0.0,0.0,0.0,0.0,0.0,0.0,0.0
5,4,0.0,0.0,0.0,0.0,1.0,0.0,0.0,0.0,0.0,0.0,0.0,0.0,0.0
5,4,0.0,0.0,0.0,0.0,1.0,0.0,0.0,0.0,0.0,0.0,0.0,0.0,0.0
5,4,0.0,0.0,0.0,0.0,1.0,0.0,0.0,0.0,0.0,0.0,0.0,0.0,0.0
5,4,0.0,0.0,0.0,0.0,1.0,0.0,0.0,0.0,0.0,0.0,0.0,0.0,0.0
5,4,0.0,0.0,0.0,0.0,1.0,0.0,0.0,0.0,0.0,0.0,0.0,0.0,0.0
5,4,0.0,0.0,0.0,0.0,1.0,0.0,0.0,0.0,0.0,0.0,0.0,0.0,0.0
5,4,0.0,0.0,0.0,0.0,1.0,0.0,0.0,0.0,0.0,0.0,0.0,0.0,0.0
5,4,0.0,0.0,0.0,0.0,1.0,0.0,0.0,0.0,0.0,0.0,0.0,0.0,0.0
5,4,0.0,0.0,0.0,0.0,1.0,0.0,0.0,0.0,0.0,0.0,0.0,0.0,0.0
5,4,0.0,0.0,0.0,0.0,1.0,0.0,0.0,0.0,0.0,0.0,0.0,0.0,0.0
5,4,0.0,0.0,0.0,0.0,1.0,0.0,0.0,0.0,0.0,0.0,0.0,0.0,0.0
5,4,0.0,0.0,0.0,0.0,1.0,0.0,0.0,0.0,0.0,0.0,0.0,0.0,0.0
5,4,0.0,0.0,0.0,0.0,1.0,0.0,0.0,0.0,0.0,0.0,0.0,0.0,0.0
5,4,0.0,0.0,0.0,0.0,1.0,0.0,0.0,0.0,0.0,0.0,0.0,0.0,0.0
5,4,0.0,0.0,0.0,0.0,1.0,0.0,0.0,0.0,0.0,0.0,0.0,0.0,0.0
5,4,0.0,0.0,0.0,0.0,1.0,0.0,0.0,0.0,0.0,0.0,0.0,0.0,0.0
5,4,0.0,0.0,0.0,0.0,1.0,0.0,0.0,0.0,0.0,0.0,0.0,0.0,0.0
5,4,0.0,0.0,0.0,0.0,1.0,0.0,0.0,0.0,0.0,0.0,0.0,0.0,0.0
5,4,0.0,0.0,0.0,0.0,1.0,0.0,0.0,0.0,0.0,0.0,0.0,0.0,0.0
5,4,0.0,0.0,0.0,0.0,1.0,0.0,0.0,0.0,0.0,0.0,0.0,0.0,0.0
5,4,0.0,0.0,0.0,0.0,1.0,0.0,0.0,0.0,0.0,0.0,0.0,0.0,0.0
5,4,0.0,0.0,0.0,0.0,1.0,0.0,0.0,0.0,0.0,0.0,0.0,0.0,0.0
5,4,0.0,0.0,0.0,0.0,1.0,0.0,0.0,0.0,0.0,0.0,0.0,0.0,0.0
5,4,0.0,0.0,0.0,0.0,1.0,0.0,0.0,0.0,0.0,0.0,0.0,0.0,0.0
5,4,0.0,0.0,0.0,0.0,1.0,0.0,0.0,0.0,0.0,0.0,0.0,0.0,0.0
5,4,0.0,0.0,0.0,0.0,1.0,0.0,0.0,0.0,0.0,0.0,0.0,0.0,0.0
5,4,0.0,0.0,0.0,0.0,1.0,0.0,0.0,0.0,0.0,0.0,0.0,0.0,0.0
5,4,0.0,0.0,0.0,0.0,1.0,0.0,0.0,0.0,0.0,0.0,0.0,0.0,0.0
5,4,0.0,0.0,0.0,0.0,1.0,0.0,0.0,0.0,0.0,0.0,0.0,0.0,0.0
5,4,0.0,0.0,0.0,0.0,1.0,0.0,0.0,0.0,0.0,0.0,0.0,0.0,0.0
5,4,0.0,0.0,0.0,0.0,1.0,0.0,0.0,0.0,0.0,0.0,0.0,0.0,0.0
5,4,0.0,0.0,0.0,0.0,1.0,0.0,0.0,0.0,0.0,0.0,0.0,0.0,0.0
5,4,0.0,0.0,0.0,0.0,1.0,0.0,0.0,0.0,0.0,0.0,0.0,0.0,0.0
5,4,0.0,0.0,0.0,0.0,1.0,0.0,0.0,0.0,0.0,0.0,0.0,0.0,0.0
5,4,0.0,0.0,0.0,0.0,1.0,0.0,0.0,0.0,0.0,0.0,0.0,0.0,0.0
5,4,0.0,0.0,0.0,0.0,1.0,0.0,0.0,0.0,0.0,0.0,0.0,0.0,0.0
5,4,0.0,0.0,0.0,0.0,1.0,0.0,0.0,0.0,0.0,0.0,0.0,0.0,0.0
5,4,0.0,0.0,0.0,0.0,1.0,0.0,0.0,0.0,0.0,0.0,0.0,0.0,0.0
5,4,0.0,0.0,0.0,0.0,1.0,0.0,0.0,0.0,0.0,0.0,0.0,0.0,0.0
5,4,0.0,0.0,0.0,0.0,1.0,0.0,0.0,0.0,0.0,0.0,0.0,0.0,0.0
5,4,0.0,0.0,0.0,0.0,1.0,0.0,0.0,0.0,0.0,0.0,0.0,0.0,0.0
5,4,0.0,0.0,0.0,0.0,1.0,0.0,0.0,0.0,0.0,0.0,0.0,0.0,0.0
5,4,0.0,0.0,0.0,0.0,1.0,0.0,0.0,0.0,0.0,0.0,0.0,0.0,0.0
5,4,0.0,0.0,0.0,0.0,1.0,0.0,0.0,0.0,0.0,0.0,0.0,0.0,0.0
5,4,0.0,0.06175251,0.0,0.0,0.9382475,0.0,0.0,0.0,0.0,0.0,0.0,0.0,0.0
5,4,0.0,0.06175251,0.0,0.0,0.9382475,0.0,0.0,0.0,0.0,0.0,0.0,0.0,0.0
5,4,0.0,0.06175251,0.0,0.0,0.9382475,0.0,0.0,0.0,0.0,0.0,0.0,0.0,0.0
5,4,0.0,0.06175251,0.0,0.0,0.9382475,0.0,0.0,0.0,0.0,0.0,0.0,0.0,0.0
5,4,0.0,0.06175251,0.0,0.0,0.9382475,0.0,0.0,0.0,0.0,0.0,0.0,0.0,0.0
5,4,0.0,0.06175251,0.0,0.0,0.9382475,0.0,0.0,0.0,0.0,0.0,0.0,0.0,0.0
5,4,0.0,0.06175251,0.0,0.0,0.9382475,0.0,0.0,0.0,0.0,0.0,0.0,0.0,0.0
5,4,0.0,0.06175251,0.0,0.0,0.9382475,0.0,0.0,0.0,0.0,0.0,0.0,0.0,0.0
5,4,0.0,0.06175251,0.0,0.0,0.9382475,0.0,0.0,0.0,0.0,0.0,0.0,0.0,0.0
5,4,0.0,0.06175251,0.0,0.0,0.9382475,0.0,0.0,0.0,0.0,0.0,0.0,0.0,0.0
5,4,0.0,0.06175251,0.0,0.0,0.9382475,0.0,0.0,0.0,0.0,0.0,0.0,0.0,0.0
5,4,0.0,0.06175251,0.0,0.0,0.9382475,0.0,0.0,0.0,0.0,0.0,0.0,0.0,0.0
5,4,0.0,0.06175251,0.0,0.0,0.9382475,0.0,0.0,0.0,0.0,0.0,0.0,0.0,0.0
5,4,0.0,0.06175251,0.0,0.0,0.9382475,0.0,0.0,0.0,0.0,0.0,0.0,0.0,0.0
5,4,0.0,0.06175251,0.0,0.0,0.9382475,0.0,0.0,0.0,0.0,0.0,0.0,0.0,0.0
5,4,0.0,0.06175251,0.0,0.0,0.9382475,0.0,0.0,0.0,0.0,0.0,0.0,0.0,0.0
5,4,0.0,0.06175251,0.0,0.0,0.9382475,0.0,0.0,0.0,0.0,0.0,0.0,0.0,0.0
5,4,0.0,0.06175251,0.0,0.0,0.9382475,0.0,0.0,0.0,0.0,0.0,0.0,0.0,0.0
5,4,0.0,0.06175251,0.0,0.0,0.9382475,0.0,0.0,0.0,0.0,0.0,0.0,0.0,0.0
5,4,0.0,0.06175251,0.0,0.0,0.9382475,0.0,0.0,0.0,0.0,0.0,0.0,0.0,0.0
5,4,0.0,0.06175251,0.0,0.0,0.9382475,0.0,0.0,0.0,0.0,0.0,0.0,0.0,0.0
5,4,0.0,0.06175251,0.0,0.0,0.9382475,0.0,0.0,0.0,0.0,0.0,0.0,0.0,0.0
5,4,0.0,0.06175251,0.0,0.0,0.9382475,0.0,0.0,0.0,0.0,0.0,0.0,0.0,0.0
5,4,0.0,0.06175251,0.0,0.0,0.9382475,0.0,0.0,0.0,0.0,0.0,0.0,0.0,0.0
5,4,0.0,0.06175251,0.0,0.0,0.9382475,0.0,0.0,0.0,0.0,0.0,0.0,0.0,0.0
5,4,0.0,0.06175251,0.0,0.0,0.9382475,0.0,0.0,0.0,0.0,0.0,0.0,0.0,0.0
5,4,0.0,0.06175251,0.0,0.0,0.9382475,0.0,0.0,0.0,0.0,0.0,0.0,0.0,0.0
5,4,0.0,0.06175251,0.0,0.0,0.9382475,0.0,0.0,0.0,0.0,0.0,0.0,0.0,0.0
5,4,0.0,0.06175251,0.0,0.0,0.9382475,0.0,0.0,0.0,0.0,0.0,0.0,0.0,0.0
5,4,0.0,0.06175251,0.0,0.0,0.9382475,0.0,0.0,0.0,0.0,0.0,0.0,0.0,0.0
5,4,0.0,0.06175251,0.0,0.0,0.8769831,0.061264377,0.0,0.0,0.0,0.0,0.0,0.0,0.0
5,4,0.0,0.06175251,0.0,0.0,0.8769831,0.061264377,0.0,0.0,0.0,0.0,0.0,0.0,0.0
5,4,0.0,0.06175251,0.0,0.0,0.8769831,0.061264377,0.0,0.0,0.0,0.0,0.0,0.0,0.0
5,4,0.0,0.06175251,0.0,0.0,0.8769831,0.061264377,0.0,0.0,0.0,0.0,0.0,0.0,0.0
5,4,0.0,0.06175251,0.0,0.0,0.8769831,0.061264377,0.0,0.0,0.0,0.0,0.0,0.0,0.0
5,4,0.0,0.06175251,0.0,0.0,0.8769831,0.061264377,0.0,0.0,0.0,0.0,0.0,0.0,0.0
5,4,0.0,0.06175251,0.0,0.0,0.8769831,0.061264377,0.0,0.0,0.0,0.0,0.0,0.0,0.0
5,4,0.0,0.06175251,0.0,0.0,0.8769831,0.061264377,0.0,0.0,0.0,0.0,0.0,0.0,0.0
5,4,0.0,0.06175251,0.0,0.0,0.8769831,0.061264377,0.0,0.0,0.0,0.0,0.0,0.0,0.0
5,4,0.0,0.06175251,0.0,0.0,0.8769831,0.061264377,0.0,0.0,0.0,0.0,0.0,0.0,0.0
5,4,0.0,0.06175251,0.0,0.0,0.8769831,0.061264377,0.0,0.0,0.0,0.0,0.0,0.0,0.0
5,4,0.0,0.06175251,0.0,0.0,0.8769831,0.061264377,0.0,0.0,0.0,0.0,0.0,0.0,0.0
5,4,0.0,0.06175251,0.0,0.0,0.8769831,0.061264377,0.0,0.0,0.0,0.0,0.0,0.0,0.0
5,4,0.0,0.06175251,0.0,0.0,0.8769831,0.061264377,0.0,0.0,0.0,0.0,0.0,0.0,0.0
5,4,0.0,0.06175251,0.0,0.0,0.8769831,0.061264377,0.0,0.0,0.0,0.0,0.0,0.0,0.0
5,4,0.0,0.06175251,0.0,0.0,0.8769831,0.061264377,0.0,0.0,0.0,0.0,0.0,0.0,0.0
5,4,0.0,0.06175251,0.0,0.0,0.8769831,0.061264377,0.0,0.0,0.0,0.0,0.0,0.0,0.0
5,4,0.0,0.06175251,0.0,0.0,0.8769831,0.061264377,0.0,0.0,0.0,0.0,0.0,0.0,0.0
5,4,0.0,0.06175251,0.0,0.0,0.8769831,0.061264377,0.0,0.0,0.0,0.0,0.0,0.0,0.0
5,4,0.0,0.06175251,0.0,0.0,0.8769831,0.061264377,0.0,0.0,0.0,0.0,0.0,0.0,0.0
5,4,0.0,0.06175251,0.0,0.0,0.8769831,0.061264377,0.0,0.0,0.0,0.0,0.0,0.0,0.0
5,4,0.0,0.06175251,0.0,0.0,0.8769831,0.061264377,0.0,0.0,0.0,0.0,0.0,0.0,0.0
5,4,0.0,0.06175251,0.0,0.0,0.8769831,0.061264377,0.0,0.0,0.0,0.0,0.0,0.0,0.0
5,4,0.0,0.06175251,0.0,0.0,0.8769831,0.061264377,0.0,0.0,0.0,0.0,0.0,0.0,0.0
5,4,0.0,0.06175251,0.0,0.0,0.8769831,0.061264377,0.0,0.0,0.0,0.0,0.0,0.0,0.0
5,4,0.0,0.06175251,0.0,0.0,0.8769831,0.061264377,0.0,0.0,0.0,0.0,0.0,0.0,0.0
5,4,0.0,0.06175251,0.0,0.0,0.8769831,0.061264377,0.0,0.0,0.0,0.0,0.0,0.0,0.0
5,4,0.0,0.06175251,0.0,0.0,0.8769831,0.061264377,0.0,0.0,0.0,0.0,0.0,0.0,0.0
5,4,0.0,0.06175251,0.0,0.0,0.8769831,0.061264377,0.0,0.0,0.0,0.0,0.0,0.0,0.0
5,4,0.0,0.06175251,0.0,0.0,0.8769831,0.061264377,0.0,0.0,0.0,0.0,0.0,0.0,0.0
5,4,0.0,0.06175251,0.0,0.0,0.8769831,0.061264377,0.0,0.0,0.0,0.0,0.0,0.0,0.0
5,4,0.0,0.06175251,0.0,0.0,0.8769831,0.061264377,0.0,0.0,0.0,0.0,0.0,0.0,0.0
5,4,0.0,0.06175251,0.0,0.0,0.8769831,0.061264377,0.0,0.0,0.0,0.0,0.0,0.0,0.0
5,4,0.0,0.06175251,0.0,0.0,0.8769831,0.061264377,0.0,0.0,0.0,0.0,0.0,0.0,0.0
5,4,0.0,0.06175251,0.0,0.0,0.8769831,0.061264377,0.0,0.0,0.0,0.0,0.0,0.0,0.0
5,4,0.0,0.06175251,0.0,0.0,0.8769831,0.061264377,0.0,0.0,0.0,0.0,0.0,0.0,0.0
5,4,0.0,0.06175251,0.0,0.0,0.8769831,0.061264377,0.0,0.0,0.0,0.0,0.0,0.0,0.0
5,4,0.0,0.06175251,0.0,0.0,0.8769831,0.061264377,0.0,0.0,0.0,0.0,0.0,0.0,0.0
5,4,0.0,0.06175251,0.0,0.0,0.8769831,0.061264377,0.0,0.0,0.0,0.0,0.0,0.0,0.0
5,4,0.0,0.06175251,0.0,0.0,0.8769831,0.061264377,0.0,0.0,0.0,0.0,0.0,0.0,0.0
5,4,0.0,0.06175251,0.0,0.0,0.8769831,0.061264377,0.0,0.0,0.0,0.0,0.0,0.0,0.0
5,4,0.0,0.06175251,0.0,0.0,0.8769831,0.061264377,0.0,0.0,0.0,0.0,0.0,0.0,0.0
5,4,0.0,0.06175251,0.0,0.0,0.8769831,0.061264377,0.0,0.0,0.0,0.0,0.0,0.0,0.0
5,4,0.0,0.06175251,0.0,0.0,0.8769831,0.061264377,0.0,0.0,0.0,0.0,0.0,0.0,0.0
5,4,0.0,0.06175251,0.0,0.0,0.8769831,0.061264377,0.0,0.0,0.0,0.0,0.0,0.0,0.0
5,4,0.0,0.06175251,0.0,0.0,0.8769831,0.061264377,0.0,0.0,0.0,0.0,0.0,0.0,0.0
5,4,0.0,0.06175251,0.0,0.0,0.8769831,0.061264377,0.0,0.0,0.0,0.0,0.0,0.0,0.0
5,4,0.0,0.06175251,0.0,0.0,0.8769831,0.061264377,0.0,0.0,0.0,0.0,0.0,0.0,0.0
5,4,0.0,0.06175251,0.0,0.0,0.8769831,0.061264377,0.0,0.0,0.0,0.0,0.0,0.0,0.0
5,4,0.0,0.06175251,0.0,0.0,0.8769831,0.061264377,0.0,0.0,0.0,0.0,0.0,0.0,0.0
5,4,0.0,0.06175251,0.0,0.0,0.8769831,0.061264377,0.0,0.0,0.0,0.0,0.0,0.0,0.0
5,4,0.0,0.06175251,0.0,0.0,0.8769831,0.061264377,0.0,0.0,0.0,0.0,0.0,0.0,0.0
5,4,0.0,0.06175251,0.0,0.0,0.8769831,0.061264377,0.0,0.0,0.0,0.0,0.0,0.0,0.0
5,4,0.0,0.06175251,0.0,0.0,0.8769831,0.061264377,0.0,0.0,0.0,0.0,0.0,0.0,0.0
5,4,0.0,0.06175251,0.0,0.0,0.8769831,0.061264377,0.0,0.0,0.0,0.0,0.0,0.0,0.0
5,4,0.0,0.06175251,0.0,0.0,0.8769831,0.061264377,0.0,0.0,0.0,0.0,0.0,0.0,0.0
5,4,0.0,0.06175251,0.0,0.0,0.8769831,0.061264377,0.0,0.0,0.0,0.0,0.0,0.0,0.0
5,4,0.0,0.06175251,0.0,0.0,0.8769831,0.061264377,0.0,0.0,0.0,0.0,0.0,0.0,0.0
5,4,0.0,0.06175251,0.0,0.0,0.8769831,0.061264377,0.0,0.0,0.0,0.0,0.0,0.0,0.0
5,4,0.0,0.06175251,0.0,0.0,0.8769831,0.061264377,0.0,0.0,0.0,0.0,0.0,0.0,0.0
5,4,0.0,0.06175251,0.0,0.0,0.8769831,0.061264377,0.0,0.0,0.0,0.0,0.0,0.0,0.0
5,4,0.0,0.06175251,0.0,0.0,0.8769831,0.061264377,0.0,0.0,0.0,0.0,0.0,0.0,0.0
5,4,0.0,0.06175251,0.0,0.0,0.8769831,0.061264377,0.0,0.0,0.0,0.0,0.0,0.0,0.0
5,4,0.0,0.06175251,0.0,0.0,0.8769831,0.061264377,0.0,0.0,0.0,0.0,0.0,0.0,0.0
5,4,0.0,0.06175251,0.0,0.0,0.8769831,0.061264377,0.0,0.0,0.0,0.0,0.0,0.0,0.0
5,4,0.0,0.06175251,0.0,0.0,0.8769831,0.061264377,0.0,0.0,0.0,0.0,0.0,0.0,0.0
5,4,0.0,0.06175251,0.0,0.0,0.8769831,0.061264377,0.0,0.0,0.0,0.0,0.0,0.0,0.0
5,4,0.0,0.06175251,0.0,0.0,0.8769831,0.061264377,0.0,0.0,0.0,0.0,0.0,0.0,0.0
5,4,0.0,0.06175251,0.0,0.0,0.8769831,0.061264377,0.0,0.0,0.0,0.0,0.0,0.0,0.0
5,4,0.0,0.06175251,0.0,0.0,0.8769831,0.061264377,0.0,0.0,0.0,0.0,0.0,0.0,0.0
5,4,0.0,0.06175251,0.0,0.0,0.8769831,0.061264377,0.0,0.0,0.0,0.0,0.0,0.0,0.0
5,4,0.0,0.06175251,0.0,0.0,0.8769831,0.061264377,0.0,0.0,0.0,0.0,0.0,0.0,0.0
5,4,0.0,0.06175251,0.0,0.0,0.8769831,0.061264377,0.0,0.0,0.0,0.0,0.0,0.0,0.0
5,4,0.0,0.06175251,0.0,0.0,0.8769831,0.061264377,0.0,0.0,0.0,0.0,0.0,0.0,0.0
5,4,0.0,0.06175251,0.0,0.0,0.8769831,0.061264377,0.0,0.0,0.0,0.0,0.0,0.0,0.0
5,4,0.0,0.06175251,0.0,0.0,0.8769831,0.061264377,0.0,0.0,0.0,0.0,0.0,0.0,0.0
5,4,0.0,0.06175251,0.0,0.0,0.8769831,0.061264377,0.0,0.0,0.0,0.0,0.0,0.0,0.0
5,4,0.0,0.06175251,0.0,0.0,0.8769831,0.061264377,0.0,0.0,0.0,0.0,0.0,0.0,0.0
5,4,0.0,0.06175251,0.0,0.0,0.8769831,0.061264377,0.0,0.0,0.0,0.0,0.0,0.0,0.0
5,4,0.0,0.06175251,0.0,0.0,0.8769831,0.061264377,0.0,0.0,0.0,0.0,0.0,0.0,0.0
5,4,0.0,0.06175251,0.0,0.0,0.8769831,0.061264377,0.0,0.0,0.0,0.0,0.0,0.0,0.0
5,4,0.0,0.06175251,0.0,0.0,0.8769831,0.061264377,0.0,0.0,0.0,0.0,0.0,0.0,0.0
5,4,0.0,0.06175251,0.0,0.0,0.8769831,0.061264377,0.0,0.0,0.0,0.0,0.0,0.0,0.0
5,4,0.0,0.06175251,0.0,0.0,0.8769831,0.061264377,0.0,0.0,0.0,0.0,0.0,0.0,0.0
5,4,0.0,0.06175251,0.0,0.0,0.8769831,0.061264377,0.0,0.0,0.0,0.0,0.0,0.0,0.0
5,4,0.0,0.06175251,0.0,0.0,0.8769831,0.061264377,0.0,0.0,0.0,0.0,0.0,0.0,0.0
5,4,0.0,0.06175251,0.0,0.0,0.8769831,0.061264377,0.0,0.0,0.0,0.0,0.0,0.0,0.0
5,4,0.0,0.06175251,0.0,0.0,0.8769831,0.061264377,0.0,0.0,0.0,0.0,0.0,0.0,0.0
5,4,0.0,0.06175251,0.0,0.0,0.8769831,0.061264377,0.0,0.0,0.0,0.0,0.0,0.0,0.0
5,4,0.0,0.06175251,0.0,0.0,0.8769831,0.061264377,0.0,0.0,0.0,0.0,0.0,0.0,0.0
5,4,0.05800764,0.061752506,0.0,0.0,0.81897545,0.061264373,0.0,0.0,0.0,0.0,0.0,0.0,0.0
5,4,0.05800764,0.061752506,0.0,0.0,0.81897545,0.061264373,0.0,0.0,0.0,0.0,0.0,0.0,0.0
5,4,0.05800764,0.061752506,0.0,0.0,0.81897545,0.061264373,0.0,0.0,0.0,0.0,0.0,0.0,0.0
5,4,0.05800764,0.061752506,0.0,0.0,0.81897545,0.061264373,0.0,0.0,0.0,0.0,0.0,0.0,0.0
5,4,0.05800764,0.061752506,0.0,0.0,0.81897545,0.061264373,0.0,0.0,0.0,0.0,0.0,0.0,0.0
5,4,0.05800764,0.061752506,0.0,0.0,0.81897545,0.061264373,0.0,0.0,0.0,0.0,0.0,0.0,0.0
5,4,0.05800764,0.061752506,0.0,0.0,0.81897545,0.061264373,0.0,0.0,0.0,0.0,0.0,0.0,0.0
5,4,0.05800764,0.061752506,0.0,0.0,0.81897545,0.061264373,0.0,0.0,0.0,0.0,0.0,0.0,0.0
5,4,0.05800764,0.061752506,0.0,0.0,0.81897545,0.061264373,0.0,0.0,0.0,0.0,0.0,0.0,0.0
5,4,0.05800764,0.061752506,0.0,0.0,0.81897545,0.061264373,0.0,0.0,0.0,0.0,0.0,0.0,0.0
5,4,0.05800764,0.061752506,0.0,0.0,0.81897545,0.061264373,0.0,0.0,0.0,0.0,0.0,0.0,0.0
5,4,0.05800764,0.061752506,0.0,0.0,0.81897545,0.061264373,0.0,0.0,0.0,0.0,0.0,0.0,0.0
5,4,0.05800764,0.061752506,0.0,0.0,0.81897545,0.061264373,0.0,0.0,0.0,0.0,0.0,0.0,0.0
5,4,0.05800764,0.061752506,0.0,0.0,0.81897545,0.061264373,0.0,0.0,0.0,0.0,0.0,0.0,0.0
5,4,0.05800764,0.061752506,0.0,0.0,0.81897545,0.061264373,0.0,0.0,0.0,0.0,0.0,0.0,0.0
5,4,0.05800764,0.061752506,0.0,0.0,0.81897545,0.061264373,0.0,0.0,0.0,0.0,0.0,0.0,0.0
5,4,0.05800764,0.061752506,0.0,0.0,0.81897545,0.061264373,0.0,0.0,0.0,0.0,0.0,0.0,0.0
5,4,0.05800764,0.061752506,0.0,0.0,0.81897545,0.061264373,0.0,0.0,0.0,0.0,0.0,0.0,0.0
5,4,0.05800764,0.061752506,0.0,0.0,0.81897545,0.061264373,0.0,0.0,0.0,0.0,0.0,0.0,0.0
5,4,0.05800764,0.061752506,0.0,0.0,0.81897545,0.061264373,0.0,0.0,0.0,0.0,0.0,0.0,0.0
5,4,0.05800764,0.061752506,0.0,0.0,0.81897545,0.061264373,0.0,0.0,0.0,0.0,0.0,0.0,0.0
5,4,0.05800764,0.061752506,0.0,0.0,0.81897545,0.061264373,0.0,0.0,0.0,0.0,0.0,0.0,0.0
5,4,0.05800764,0.061752506,0.0,0.0,0.81897545,0.061264373,0.0,0.0,0.0,0.0,0.0,0.0,0.0
5,4,0.05800764,0.061752506,0.0,0.0,0.81897545,0.061264373,0.0,0.0,0.0,0.0,0.0,0.0,0.0
5,4,0.05800764,0.061752506,0.0,0.0,0.81897545,0.061264373,0.0,0.0,0.0,0.0,0.0,0.0,0.0
5,4,0.05800764,0.061752506,0.0,0.0,0.81897545,0.061264373,0.0,0.0,0.0,0.0,0.0,0.0,0.0
5,4,0.05800764,0.061752506,0.0,0.0,0.81897545,0.061264373,0.0,0.0,0.0,0.0,0.0,0.0,0.0
5,4,0.05800764,0.061752506,0.0,0.0,0.81897545,0.061264373,0.0,0.0,0.0,0.0,0.0,0.0,0.0
5,4,0.05800764,0.061752506,0.0,0.0,0.81897545,0.061264373,0.0,0.0,0.0,0.0,0.0,0.0,0.0
5,4,0.05800764,0.061752506,0.0,0.0,0.81897545,0.061264373,0.0,0.0,0.0,0.0,0.0,0.0,0.0
5,4,0.05800764,0.061752506,0.0,0.0,0.81897545,0.061264373,0.0,0.0,0.0,0.0,0.0,0.0,0.0
5,4,0.05800764,0.061752506,0.0,0.0,0.81897545,0.061264373,0.0,0.0,0.0,0.0,0.0,0.0,0.0
5,4,0.05800764,0.061752506,0.0,0.0,0.81897545,0.061264373,0.0,0.0,0.0,0.0,0.0,0.0,0.0
5,4,0.05800764,0.061752506,0.0,0.0,0.81897545,0.061264373,0.0,0.0,0.0,0.0,0.0,0.0,0.0
5,4,0.05800764,0.061752506,0.0,0.0,0.81897545,0.061264373,0.0,0.0,0.0,0.0,0.0,0.0,0.0
5,4,0.05800764,0.061752506,0.0,0.0,0.81897545,0.061264373,0.0,0.0,0.0,0.0,0.0,0.0,0.0
5,4,0.05800764,0.061752506,0.0,0.0,0.81897545,0.061264373,0.0,0.0,0.0,0.0,0.0,0.0,0.0
5,4,0.05800764,0.061752506,0.0,0.0,0.81897545,0.061264373,0.0,0.0,0.0,0.0,0.0,0.0,0.0
5,4,0.05800764,0.061752506,0.0,0.0,0.81897545,0.061264373,0.0,0.0,0.0,0.0,0.0,0.0,0.0
5,4,0.05800764,0.061752506,0.0,0.0,0.81897545,0.061264373,0.0,0.0,0.0,0.0,0.0,0.0,0.0
5,4,0.05800764,0.061752506,0.0,0.0,0.81897545,0.061264373,0.0,0.0,0.0,0.0,0.0,0.0,0.0
5,4,0.05800764,0.061752506,0.0,0.0,0.81897545,0.061264373,0.0,0.0,0.0,0.0,0.0,0.0,0.0
5,4,0.05800764,0.061752506,0.0,0.0,0.81897545,0.061264373,0.0,0.0,0.0,0.0,0.0,0.0,0.0
5,4,0.05800764,0.061752506,0.0,0.0,0.81897545,0.061264373,0.0,0.0,0.0,0.0,0.0,0.0,0.0
5,4,0.05800764,0.061752506,0.0,0.0,0.81897545,0.061264373,0.0,0.0,0.0,0.0,0.0,0.0,0.0
5,4,0.05800764,0.061752506,0.0,0.0,0.81897545,0.061264373,0.0,0.0,0.0,0.0,0.0,0.0,0.0
5,4,0.05800764,0.061752506,0.0,0.0,0.81897545,0.061264373,0.0,0.0,0.0,0.0,0.0,0.0,0.0
5,4,0.05800764,0.061752506,0.0,0.0,0.81897545,0.061264373,0.0,0.0,0.0,0.0,0.0,0.0,0.0
5,4,0.12307126,0.06175251,0.0,0.0,0.75391185,0.061264377,0.0,0.0,0.0,0.0,0.0,0.0,0.0
5,4,0.12307126,0.06175251,0.0,0.0,0.75391185,0.061264377,0.0,0.0,0.0,0.0,0.0,0.0,0.0
5,4,0.12307126,0.06175251,0.0,0.0,0.75391185,0.061264377,0.0,0.0,0.0,0.0,0.0,0.0,0.0
5,4,0.12307126,0.06175251,0.0,0.0,0.75391185,0.061264377,0.0,0.0,0.0,0.0,0.0,0.0,0.0
5,4,0.12307126,0.06175251,0.0,0.0,0.75391185,0.061264377,0.0,0.0,0.0,0.0,0.0,0.0,0.0
5,4,0.12307126,0.06175251,0.0,0.0,0.75391185,0.061264377,0.0,0.0,0.0,0.0,0.0,0.0,0.0
5,4,0.12307126,0.06175251,0.0,0.0,0.75391185,0.061264377,0.0,0.0,0.0,0.0,0.0,0.0,0.0
5,4,0.12307126,0.06175251,0.0,0.0,0.75391185,0.061264377,0.0,0.0,0.0,0.0,0.0,0.0,0.0
5,4,0.12307126,0.06175251,0.0,0.0,0.75391185,0.061264377,0.0,0.0,0.0,0.0,0.0,0.0,0.0
5,4,0.12307126,0.06175251,0.0,0.0,0.75391185,0.061264377,0.0,0.0,0.0,0.0,0.0,0.0,0.0
5,4,0.12307126,0.06175251,0.0,0.0,0.75391185,0.061264377,0.0,0.0,0.0,0.0,0.0,0.0,0.0
5,4,0.12307126,0.06175251,0.0,0.0,0.75391185,0.061264377,0.0,0.0,0.0,0.0,0.0,0.0,0.0
5,4,0.12307126,0.06175251,0.0,0.0,0.75391185,0.061264377,0.0,0.0,0.0,0.0,0.0,0.0,0.0
5,4,0.12307126,0.06175251,0.0,0.0,0.75391185,0.061264377,0.0,0.0,0.0,0.0,0.0,0.0,0.0
5,4,0.12307126,0.06175251,0.0,0.0,0.75391185,0.061264377,0.0,0.0,0.0,0.0,0.0,0.0,0.0
5,4,0.12307126,0.06175251,0.0,0.0,0.75391185,0.061264377,0.0,0.0,0.0,0.0,0.0,0.0,0.0
5,4,0.12307126,0.06175251,0.0,0.0,0.75391185,0.061264377,0.0,0.0,0.0,0.0,0.0,0.0,0.0
5,4,0.12307126,0.06175251,0.0,0.0,0.75391185,0.061264377,0.0,0.0,0.0,0.0,0.0,0.0,0.0
5,4,0.12307126,0.06175251,0.0,0.0,0.75391185,0.061264377,0.0,0.0,0.0,0.0,0.0,0.0,0.0
5,4,0.12307126,0.06175251,0.0,0.0,0.75391185,0.061264377,0.0,0.0,0.0,0.0,0.0,0.0,0.0
5,4,0.12307126,0.06175251,0.0,0.0,0.75391185,0.061264377,0.0,0.0,0.0,0.0,0.0,0.0,0.0
5,4,0.12307126,0.06175251,0.0,0.0,0.75391185,0.061264377,0.0,0.0,0.0,0.0,0.0,0.0,0.0
5,4,0.12307126,0.06175251,0.0,0.0,0.75391185,0.061264377,0.0,0.0,0.0,0.0,0.0,0.0,0.0
5,4,0.12307126,0.06175251,0.0,0.0,0.75391185,0.061264377,0.0,0.0,0.0,0.0,0.0,0.0,0.0
5,4,0.12307126,0.06175251,0.0,0.0,0.75391185,0.061264377,0.0,0.0,0.0,0.0,0.0,0.0,0.0
5,4,0.12307126,0.06175251,0.0,0.0,0.75391185,0.061264377,0.0,0.0,0.0,0.0,0.0,0.0,0.0
5,4,0.12307126,0.06175251,0.0,0.0,0.75391185,0.061264377,0.0,0.0,0.0,0.0,0.0,0.0,0.0
5,4,0.12307126,0.06175251,0.0,0.0,0.75391185,0.061264377,0.0,0.0,0.0,0.0,0.0,0.0,0.0
5,4,0.12307126,0.06175251,0.0,0.0,0.75391185,0.061264377,0.0,0.0,0.0,0.0,0.0,0.0,0.0
5,4,0.12307126,0.06175251,0.0,0.0,0.75391185,0.061264377,0.0,0.0,0.0,0.0,0.0,0.0,0.0
5,4,0.12307126,0.06175251,0.0,0.0,0.75391185,0.061264377,0.0,0.0,0.0,0.0,0.0,0.0,0.0
5,4,0.12307126,0.06175251,0.0,0.0,0.75391185,0.061264377,0.0,0.0,0.0,0.0,0.0,0.0,0.0
5,4,0.12307125,0.0,0.0,0.0,0.81566435,0.061264373,0.0,0.0,0.0,0.0,0.0,0.0,0.0
5,4,0.12307125,0.0,0.0,0.0,0.81566435,0.061264373,0.0,0.0,0.0,0.0,0.0,0.0,0.0
5,4,0.12307125,0.0,0.0,0.0,0.81566435,0.061264373,0.0,0.0,0.0,0.0,0.0,0.0,0.0
5,4,0.12307125,0.0,0.0,0.0,0.81566435,0.061264373,0.0,0.0,0.0,0.0,0.0,0.0,0.0
5,4,0.12307125,0.0,0.0,0.0,0.81566435,0.061264373,0.0,0.0,0.0,0.0,0.0,0.0,0.0
5,4,0.12307125,0.0,0.0,0.0,0.81566435,0.061264373,0.0,0.0,0.0,0.0,0.0,0.0,0.0
5,4,0.12307125,0.0,0.0,0.0,0.81566435,0.061264373,0.0,0.0,0.0,0.0,0.0,0.0,0.0
5,4,0.12307125,0.0,0.0,0.0,0.81566435,0.061264373,0.0,0.0,0.0,0.0,0.0,0.0,0.0
5,4,0.12307125,0.0,0.0,0.0,0.81566435,0.061264373,0.0,0.0,0.0,0.0,0.0,0.0,0.0
5,4,0.12307125,0.0,0.0,0.0,0.81566435,0.061264373,0.0,0.0,0.0,0.0,0.0,0.0,0.0
5,4,0.12307125,0.0,0.0,0.0,0.81566435,0.061264373,0.0,0.0,0.0,0.0,0.0,0.0,0.0
5,4,0.12307125,0.0,0.0,0.0,0.81566435,0.061264373,0.0,0.0,0.0,0.0,0.0,0.0,0.0
5,4,0.12307125,0.0,0.0,0.0,0.81566435,0.061264373,0.0,0.0,0.0,0.0,0.0,0.0,0.0
5,4,0.12307125,0.0,0.0,0.0,0.81566435,0.061264373,0.0,0.0,0.0,0.0,0.0,0.0,0.0
5,4,0.12307125,0.0,0.0,0.0,0.81566435,0.061264373,0.0,0.0,0.0,0.0,0.0,0.0,0.0
5,4,0.12307125,0.0,0.0,0.0,0.81566435,0.061264373,0.0,0.0,0.0,0.0,0.0,0.0,0.0
5,4,0.12307125,0.0,0.0,0.0,0.81566435,0.061264373,0.0,0.0,0.0,0.0,0.0,0.0,0.0
5,4,0.12307125,0.0,0.0,0.0,0.81566435,0.061264373,0.0,0.0,0.0,0.0,0.0,0.0,0.0
5,4,0.12307125,0.0,0.0,0.0,0.81566435,0.061264373,0.0,0.0,0.0,0.0,0.0,0.0,0.0
5,4,0.12307125,0.0,0.0,0.0,0.81566435,0.061264373,0.0,0.0,0.0,0.0,0.0,0.0,0.0
5,4,0.12307125,0.0,0.0,0.0,0.81566435,0.061264373,0.0,0.0,0.0,0.0,0.0,0.0,0.0
5,4,0.12307125,0.0,0.0,0.0,0.81566435,0.061264373,0.0,0.0,0.0,0.0,0.0,0.0,0.0
5,4,0.12307125,0.0,0.0,0.0,0.81566435,0.061264373,0.0,0.0,0.0,0.0,0.0,0.0,0.0
5,4,0.12307125,0.0,0.0,0.0,0.81566435,0.061264373,0.0,0.0,0.0,0.0,0.0,0.0,0.0
5,4,0.12307125,0.0,0.0,0.0,0.81566435,0.061264373,0.0,0.0,0.0,0.0,0.0,0.0,0.0
5,4,0.12307125,0.0,0.0,0.0,0.81566435,0.061264373,0.0,0.0,0.0,0.0,0.0,0.0,0.0
5,4,0.12307125,0.0,0.0,0.0,0.81566435,0.061264373,0.0,0.0,0.0,0.0,0.0,0.0,0.0
5,4,0.12307125,0.0,0.0,0.0,0.81566435,0.061264373,0.0,0.0,0.0,0.0,0.0,0.0,0.0
5,4,0.12307125,0.0,0.0,0.0,0.81566435,0.061264373,0.0,0.0,0.0,0.0,0.0,0.0,0.0
5,4,0.12307125,0.0,0.0,0.0,0.81566435,0.061264373,0.0,0.0,0.0,0.0,0.0,0.0,0.0
5,4,0.12307125,0.0,0.0,0.0,0.81566435,0.061264373,0.0,0.0,0.0,0.0,0.0,0.0,0.0
5,4,0.12307125,0.0,0.0,0.0,0.81566435,0.061264373,0.0,0.0,0.0,0.0,0.0,0.0,0.0
5,4,0.12307125,0.0,0.0,0.0,0.81566435,0.061264373,0.0,0.0,0.0,0.0,0.0,0.0,0.0
5,4,0.12307125,0.0,0.0,0.0,0.81566435,0.061264373,0.0,0.0,0.0,0.0,0.0,0.0,0.0
5,4,0.12307125,0.0,0.0,0.0,0.81566435,0.061264373,0.0,0.0,0.0,0.0,0.0,0.0,0.0
5,4,0.12307125,0.0,0.0,0.0,0.81566435,0.061264373,0.0,0.0,0.0,0.0,0.0,0.0,0.0
5,4,0.12307125,0.0,0.0,0.0,0.81566435,0.061264373,0.0,0.0,0.0,0.0,0.0,0.0,0.0
5,4,0.12307125,0.0,0.0,0.0,0.81566435,0.061264373,0.0,0.0,0.0,0.0,0.0,0.0,0.0
5,4,0.12307125,0.0,0.0,0.0,0.81566435,0.061264373,0.0,0.0,0.0,0.0,0.0,0.0,0.0
5,4,0.12307125,0.0,0.0,0.0,0.81566435,0.061264373,0.0,0.0,0.0,0.0,0.0,0.0,0.0
5,4,0.12307125,0.0,0.0,0.0,0.81566435,0.061264373,0.0,0.0,0.0,0.0,0.0,0.0,0.0
5,4,0.12307125,0.0,0.0,0.0,0.81566435,0.061264373,0.0,0.0,0.0,0.0,0.0,0.0,0.0
5,4,0.12307125,0.0,0.0,0.0,0.81566435,0.061264373,0.0,0.0,0.0,0.0,0.0,0.0,0.0
5,4,0.12307125,0.0,0.0,0.0,0.81566435,0.061264373,0.0,0.0,0.0,0.0,0.0,0.0,0.0
5,4,0.12307125,0.0,0.0,0.0,0.81566435,0.061264373,0.0,0.0,0.0,0.0,0.0,0.0,0.0
5,4,0.12307125,0.0,0.0,0.0,0.81566435,0.061264373,0.0,0.0,0.0,0.0,0.0,0.0,0.0
5,4,0.12307125,0.0,0.0,0.0,0.81566435,0.061264373,0.0,0.0,0.0,0.0,0.0,0.0,0.0
5,4,0.12307125,0.0,0.0,0.0,0.81566435,0.061264373,0.0,0.0,0.0,0.0,0.0,0.0,0.0
5,4,0.12307125,0.0,0.0,0.0,0.81566435,0.061264373,0.0,0.0,0.0,0.0,0.0,0.0,0.0
5,4,0.12307125,0.0,0.0,0.0,0.81566435,0.061264373,0.0,0.0,0.0,0.0,0.0,0.0,0.0
5,4,0.12307125,0.0,0.0,0.0,0.81566435,0.061264373,0.0,0.0,0.0,0.0,0.0,0.0,0.0
5,4,0.12307125,0.0,0.0,0.0,0.81566435,0.061264373,0.0,0.0,0.0,0.0,0.0,0.0,0.0
5,4,0.12307125,0.0,0.0,0.0,0.81566435,0.061264373,0.0,0.0,0.0,0.0,0.0,0.0,0.0
5,4,0.12307125,0.0,0.0,0.0,0.81566435,0.061264373,0.0,0.0,0.0,0.0,0.0,0.0,0.0
5,4,0.12307125,0.0,0.0,0.0,0.81566435,0.061264373,0.0,0.0,0.0,0.0,0.0,0.0,0.0
5,4,0.12307125,0.0,0.0,0.0,0.81566435,0.061264373,0.0,0.0,0.0,0.0,0.0,0.0,0.0
5,4,0.12307125,0.0,0.0,0.0,0.81566435,0.061264373,0.0,0.0,0.0,0.0,0.0,0.0,0.0
5,4,0.12307125,0.0,0.0,0.0,0.81566435,0.061264373,0.0,0.0,0.0,0.0,0.0,0.0,0.0
5,4,0.12307125,0.0,0.0,0.0,0.81566435,0.061264373,0.0,0.0,0.0,0.0,0.0,0.0,0.0
5,4,0.12307125,0.0,0.0,0.0,0.81566435,0.061264373,0.0,0.0,0.0,0.0,0.0,0.0,0.0
5,4,0.12307125,0.0,0.0,0.0,0.81566435,0.061264373,0.0,0.0,0.0,0.0,0.0,0.0,0.0
5,4,0.12307125,0.0,0.0,0.0,0.81566435,0.061264373,0.0,0.0,0.0,0.0,0.0,0.0,0.0
5,4,0.12307125,0.0,0.0,0.0,0.81566435,0.061264373,0.0,0.0,0.0,0.0,0.0,0.0,0.0
5,4,0.12307125,0.0,0.0,0.0,0.81566435,0.061264373,0.0,0.0,0.0,0.0,0.0,0.0,0.0
5,4,0.12307125,0.0,0.0,0.0,0.81566435,0.061264373,0.0,0.0,0.0,0.0,0.0,0.0,0.0
5,4,0.12307125,0.0,0.0,0.0,0.81566435,0.061264373,0.0,0.0,0.0,0.0,0.0,0.0,0.0
5,4,0.12307125,0.0,0.0,0.0,0.81566435,0.061264373,0.0,0.0,0.0,0.0,0.0,0.0,0.0
5,4,0.12307125,0.0,0.0,0.0,0.81566435,0.061264373,0.0,0.0,0.0,0.0,0.0,0.0,0.0
5,4,0.12307125,0.0,0.0,0.0,0.81566435,0.061264373,0.0,0.0,0.0,0.0,0.0,0.0,0.0
5,4,0.12307125,0.0,0.0,0.0,0.81566435,0.061264373,0.0,0.0,0.0,0.0,0.0,0.0,0.0
5,4,0.12307125,0.0,0.0,0.0,0.81566435,0.061264373,0.0,0.0,0.0,0.0,0.0,0.0,0.0
5,4,0.12307125,0.0,0.0,0.0,0.81566435,0.061264373,0.0,0.0,0.0,0.0,0.0,0.0,0.0
5,4,0.12307125,0.0,0.0,0.0,0.81566435,0.061264373,0.0,0.0,0.0,0.0,0.0,0.0,0.0
5,4,0.12307125,0.0,0.0,0.0,0.81566435,0.061264373,0.0,0.0,0.0,0.0,0.0,0.0,0.0
5,4,0.12307125,0.0,0.0,0.0,0.81566435,0.061264373,0.0,0.0,0.0,0.0,0.0,0.0,0.0
5,4,0.12307125,0.0,0.0,0.0,0.81566435,0.061264373,0.0,0.0,0.0,0.0,0.0,0.0,0.0
5,4,0.12307125,0.0,0.0,0.0,0.81566435,0.061264373,0.0,0.0,0.0,0.0,0.0,0.0,0.0
5,4,0.12307125,0.0,0.0,0.0,0.81566435,0.061264373,0.0,0.0,0.0,0.0,0.0,0.0,0.0
5,4,0.12307125,0.0,0.0,0.0,0.81566435,0.061264373,0.0,0.0,0.0,0.0,0.0,0.0,0.0
5,4,0.12307125,0.0,0.0,0.0,0.81566435,0.061264373,0.0,0.0,0.0,0.0,0.0,0.0,0.0
5,4,0.06506362,0.0,0.0,0.0,0.873672,0.061264377,0.0,0.0,0.0,0.0,0.0,0.0,0.0
5,4,0.06506362,0.0,0.0,0.0,0.873672,0.061264377,0.0,0.0,0.0,0.0,0.0,0.0,0.0
5,4,0.06506362,0.0,0.0,0.0,0.873672,0.061264377,0.0,0.0,0.0,0.0,0.0,0.0,0.0
5,4,0.06506362,0.0,0.0,0.0,0.873672,0.061264377,0.0,0.0,0.0,0.0,0.0,0.0,0.0
5,4,0.06506362,0.0,0.0,0.0,0.873672,0.061264377,0.0,0.0,0.0,0.0,0.0,0.0,0.0
5,4,0.06506362,0.0,0.0,0.0,0.873672,0.061264377,0.0,0.0,0.0,0.0,0.0,0.0,0.0
5,4,0.06506362,0.0,0.0,0.0,0.873672,0.061264377,0.0,0.0,0.0,0.0,0.0,0.0,0.0
5,4,0.06506362,0.0,0.0,0.0,0.873672,0.061264377,0.0,0.0,0.0,0.0,0.0,0.0,0.0
5,4,0.06506362,0.0,0.0,0.0,0.873672,0.061264377,0.0,0.0,0.0,0.0,0.0,0.0,0.0
5,4,0.06506362,0.0,0.0,0.0,0.873672,0.061264377,0.0,0.0,0.0,0.0,0.0,0.0,0.0
5,4,0.06506362,0.0,0.0,0.0,0.873672,0.061264377,0.0,0.0,0.0,0.0,0.0,0.0,0.0
5,4,0.06506362,0.0,0.0,0.0,0.873672,0.061264377,0.0,0.0,0.0,0.0,0.0,0.0,0.0
5,4,0.06506362,0.0,0.0,0.0,0.873672,0.061264377,0.0,0.0,0.0,0.0,0.0,0.0,0.0
5,4,0.06506362,0.0,0.0,0.0,0.873672,0.061264377,0.0,0.0,0.0,0.0,0.0,0.0,0.0
5,4,0.06506362,0.0,0.0,0.0,0.873672,0.061264377,0.0,0.0,0.0,0.0,0.0,0.0,0.0
5,4,0.06506362,0.0,0.0,0.0,0.873672,0.061264377,0.0,0.0,0.0,0.0,0.0,0.0,0.0
5,4,0.06506362,0.0,0.0,0.0,0.873672,0.061264377,0.0,0.0,0.0,0.0,0.0,0.0,0.0
5,4,0.06506362,0.0,0.0,0.0,0.873672,0.061264377,0.0,0.0,0.0,0.0,0.0,0.0,0.0
5,4,0.06506362,0.0,0.0,0.0,0.873672,0.061264377,0.0,0.0,0.0,0.0,0.0,0.0,0.0
5,4,0.06506362,0.0,0.0,0.0,0.873672,0.061264377,0.0,0.0,0.0,0.0,0.0,0.0,0.0
5,4,0.0,0.0,0.0,0.0,0.9387356,0.061264377,0.0,0.0,0.0,0.0,0.0,0.0,0.0
5,4,0.0,0.0,0.0,0.0,0.9387356,0.061264377,0.0,0.0,0.0,0.0,0.0,0.0,0.0
5,4,0.0,0.0,0.0,0.0,0.9387356,0.061264377,0.0,0.0,0.0,0.0,0.0,0.0,0.0
5,4,0.0,0.0,0.0,0.0,0.9387356,0.061264377,0.0,0.0,0.0,0.0,0.0,0.0,0.0
5,4,0.0,0.0,0.0,0.0,0.9387356,0.061264377,0.0,0.0,0.0,0.0,0.0,0.0,0.0
5,4,0.0,0.0,0.0,0.0,0.9387356,0.061264377,0.0,0.0,0.0,0.0,0.0,0.0,0.0
5,4,0.0,0.0,0.0,0.0,0.9387356,0.061264377,0.0,0.0,0.0,0.0,0.0,0.0,0.0
5,4,0.0,0.0,0.0,0.0,0.9387356,0.061264377,0.0,0.0,0.0,0.0,0.0,0.0,0.0
5,4,0.0,0.0,0.0,0.0,0.9387356,0.061264377,0.0,0.0,0.0,0.0,0.0,0.0,0.0
5,4,0.0,0.0,0.0,0.0,0.9387356,0.061264377,0.0,0.0,0.0,0.0,0.0,0.0,0.0
5,4,0.0,0.0,0.0,0.0,0.9387356,0.061264377,0.0,0.0,0.0,0.0,0.0,0.0,0.0
5,4,0.0,0.0,0.0,0.0,0.9387356,0.061264377,0.0,0.0,0.0,0.0,0.0,0.0,0.0
5,4,0.0,0.0,0.0,0.0,0.9387356,0.061264377,0.0,0.0,0.0,0.0,0.0,0.0,0.0
5,4,0.0,0.0,0.0,0.0,0.9387356,0.061264377,0.0,0.0,0.0,0.0,0.0,0.0,0.0
5,4,0.0,0.0,0.0,0.0,0.9387356,0.061264377,0.0,0.0,0.0,0.0,0.0,0.0,0.0
5,4,0.0,0.0,0.0,0.0,0.9387356,0.061264377,0.0,0.0,0.0,0.0,0.0,0.0,0.0
5,4,0.0,0.0,0.0,0.0,0.9387356,0.061264377,0.0,0.0,0.0,0.0,0.0,0.0,0.0
5,4,0.0,0.0,0.0,0.0,0.9387356,0.061264377,0.0,0.0,0.0,0.0,0.0,0.0,0.0
5,4,0.0,0.0,0.0,0.0,0.9387356,0.061264377,0.0,0.0,0.0,0.0,0.0,0.0,0.0
5,4,0.0,0.0,0.0,0.0,0.9387356,0.061264377,0.0,0.0,0.0,0.0,0.0,0.0,0.0
5,4,0.0,0.0,0.0,0.0,0.9387356,0.061264377,0.0,0.0,0.0,0.0,0.0,0.0,0.0
5,4,0.0,0.0,0.0,0.0,0.9387356,0.061264377,0.0,0.0,0.0,0.0,0.0,0.0,0.0
5,4,0.0,0.0,0.0,0.0,0.9387356,0.061264377,0.0,0.0,0.0,0.0,0.0,0.0,0.0
5,4,0.0,0.0,0.0,0.0,0.9387356,0.061264377,0.0,0.0,0.0,0.0,0.0,0.0,0.0
5,4,0.0,0.0,0.0,0.0,0.9387356,0.061264377,0.0,0.0,0.0,0.0,0.0,0.0,0.0
5,4,0.0,0.0,0.0,0.0,0.9387356,0.061264377,0.0,0.0,0.0,0.0,0.0,0.0,0.0
5,4,0.0,0.0,0.0,0.0,0.9387356,0.061264377,0.0,0.0,0.0,0.0,0.0,0.0,0.0
5,4,0.0,0.0,0.0,0.0,0.9387356,0.061264377,0.0,0.0,0.0,0.0,0.0,0.0,0.0
5,4,0.0,0.0,0.0,0.0,0.9387356,0.061264377,0.0,0.0,0.0,0.0,0.0,0.0,0.0
5,4,0.0,0.0,0.0,0.0,0.9387356,0.061264377,0.0,0.0,0.0,0.0,0.0,0.0,0.0
5,4,0.0,0.0,0.0,0.0,0.9387356,0.061264377,0.0,0.0,0.0,0.0,0.0,0.0,0.0
5,4,0.0,0.0,0.0,0.0,0.9387356,0.061264377,0.0,0.0,0.0,0.0,0.0,0.0,0.0
5,4,0.0,0.0,0.0,0.0,0.9387356,0.061264377,0.0,0.0,0.0,0.0,0.0,0.0,0.0
5,4,0.0,0.0,0.0,0.0,0.9387356,0.061264377,0.0,0.0,0.0,0.0,0.0,0.0,0.0
5,4,0.0,0.0,0.0,0.0,0.9387356,0.061264377,0.0,0.0,0.0,0.0,0.0,0.0,0.0
5,4,0.0,0.0,0.0,0.0,0.9387356,0.061264377,0.0,0.0,0.0,0.0,0.0,0.0,0.0
5,4,0.0,0.0,0.0,0.0,0.9387356,0.061264377,0.0,0.0,0.0,0.0,0.0,0.0,0.0
5,4,0.0,0.0,0.0,0.0,0.9387356,0.061264377,0.0,0.0,0.0,0.0,0.0,0.0,0.0
5,4,0.0,0.0,0.0,0.0,0.9387356,0.061264377,0.0,0.0,0.0,0.0,0.0,0.0,0.0
5,4,0.0,0.0,0.0,0.0,0.9387356,0.061264377,0.0,0.0,0.0,0.0,0.0,0.0,0.0
5,4,0.0,0.0,0.0,0.0,0.9387356,0.061264377,0.0,0.0,0.0,0.0,0.0,0.0,0.0
5,4,0.0,0.0,0.0,0.0,0.9387356,0.061264377,0.0,0.0,0.0,0.0,0.0,0.0,0.0
5,4,0.0,0.0,0.0,0.0,0.9387356,0.061264377,0.0,0.0,0.0,0.0,0.0,0.0,0.0
5,4,0.0,0.0,0.0,0.0,0.9387356,0.061264377,0.0,0.0,0.0,0.0,0.0,0.0,0.0
5,4,0.0,0.0,0.0,0.0,0.9387356,0.061264377,0.0,0.0,0.0,0.0,0.0,0.0,0.0
5,4,0.0,0.0,0.0,0.0,0.9387356,0.061264377,0.0,0.0,0.0,0.0,0.0,0.0,0.0
5,4,0.0,0.0,0.0,0.0,0.9387356,0.061264377,0.0,0.0,0.0,0.0,0.0,0.0,0.0
5,4,0.0,0.0,0.0,0.0,0.9387356,0.061264377,0.0,0.0,0.0,0.0,0.0,0.0,0.0
5,4,0.0,0.0,0.0,0.0,0.9387356,0.061264377,0.0,0.0,0.0,0.0,0.0,0.0,0.0
5,4,0.0,0.0,0.0,0.0,0.9387356,0.061264377,0.0,0.0,0.0,0.0,0.0,0.0,0.0
5,4,0.0,0.0,0.0,0.0,0.9387356,0.061264377,0.0,0.0,0.0,0.0,0.0,0.0,0.0
5,4,0.0,0.0,0.0,0.0,0.9387356,0.061264377,0.0,0.0,0.0,0.0,0.0,0.0,0.0
5,4,0.0,0.0,0.0,0.0,0.9387356,0.061264377,0.0,0.0,0.0,0.0,0.0,0.0,0.0
5,4,0.0,0.0,0.0,0.0,0.9387356,0.061264377,0.0,0.0,0.0,0.0,0.0,0.0,0.0
5,4,0.0,0.0,0.0,0.0,0.9387356,0.061264377,0.0,0.0,0.0,0.0,0.0,0.0,0.0
5,4,0.0,0.0,0.0,0.0,0.9387356,0.061264377,0.0,0.0,0.0,0.0,0.0,0.0,0.0
5,4,0.0,0.0,0.0,0.0,0.9387356,0.061264377,0.0,0.0,0.0,0.0,0.0,0.0,0.0
5,4,0.0,0.0,0.0,0.0,0.9387356,0.061264377,0.0,0.0,0.0,0.0,0.0,0.0,0.0
5,4,0.0,0.0,0.0,0.0,0.9387356,0.061264377,0.0,0.0,0.0,0.0,0.0,0.0,0.0
5,4,0.0,0.0,0.0,0.0,0.9387356,0.061264377,0.0,0.0,0.0,0.0,0.0,0.0,0.0
5,4,0.0,0.0,0.0,0.0,0.9387356,0.061264377,0.0,0.0,0.0,0.0,0.0,0.0,0.0
5,4,0.0,0.0,0.0,0.0,0.9387356,0.061264377,0.0,0.0,0.0,0.0,0.0,0.0,0.0
5,4,0.0,0.0,0.0,0.0,0.9387356,0.061264377,0.0,0.0,0.0,0.0,0.0,0.0,0.0
5,4,0.0,0.0,0.0,0.0,0.9387356,0.061264377,0.0,0.0,0.0,0.0,0.0,0.0,0.0
5,4,0.0,0.0,0.0,0.0,0.9387356,0.061264377,0.0,0.0,0.0,0.0,0.0,0.0,0.0
5,4,0.0,0.0,0.0,0.0,0.9387356,0.061264377,0.0,0.0,0.0,0.0,0.0,0.0,0.0
5,4,0.0,0.0,0.0,0.0,0.9387356,0.061264377,0.0,0.0,0.0,0.0,0.0,0.0,0.0
5,4,0.0,0.0,0.0,0.0,0.9387356,0.061264377,0.0,0.0,0.0,0.0,0.0,0.0,0.0
5,4,0.0,0.0,0.0,0.0,0.9387356,0.061264377,0.0,0.0,0.0,0.0,0.0,0.0,0.0
5,4,0.0,0.0,0.0,0.0,0.9387356,0.061264377,0.0,0.0,0.0,0.0,0.0,0.0,0.0
5,4,0.0,0.0,0.0,0.0,0.9387356,0.061264377,0.0,0.0,0.0,0.0,0.0,0.0,0.0
5,4,0.0,0.0,0.0,0.0,0.9387356,0.061264377,0.0,0.0,0.0,0.0,0.0,0.0,0.0
5,4,0.0,0.0,0.0,0.0,0.9387356,0.061264377,0.0,0.0,0.0,0.0,0.0,0.0,0.0
5,4,0.0,0.0,0.0,0.0,0.9387356,0.061264377,0.0,0.0,0.0,0.0,0.0,0.0,0.0
5,4,0.0,0.0,0.0,0.0,0.9387356,0.061264377,0.0,0.0,0.0,0.0,0.0,0.0,0.0
5,4,0.0,0.0,0.0,0.0,0.9387356,0.061264377,0.0,0.0,0.0,0.0,0.0,0.0,0.0
5,4,0.0,0.0,0.0,0.0,0.9387356,0.061264377,0.0,0.0,0.0,0.0,0.0,0.0,0.0
5,4,0.0,0.0,0.0,0.0,0.9387356,0.061264377,0.0,0.0,0.0,0.0,0.0,0.0,0.0
5,4,0.0,0.0,0.0,0.0,0.9387356,0.061264377,0.0,0.0,0.0,0.0,0.0,0.0,0.0
5,4,0.0,0.0,0.0,0.0,0.9387356,0.061264377,0.0,0.0,0.0,0.0,0.0,0.0,0.0
5,4,0.0,0.0,0.0,0.0,0.9387356,0.061264377,0.0,0.0,0.0,0.0,0.0,0.0,0.0
5,4,0.0,0.0,0.0,0.0,0.9387356,0.061264377,0.0,0.0,0.0,0.0,0.0,0.0,0.0
5,4,0.0,0.0,0.0,0.0,0.9387356,0.061264377,0.0,0.0,0.0,0.0,0.0,0.0,0.0
5,4,0.0,0.0,0.0,0.0,0.9387356,0.061264377,0.0,0.0,0.0,0.0,0.0,0.0,0.0
5,4,0.0,0.0,0.0,0.0,0.9387356,0.061264377,0.0,0.0,0.0,0.0,0.0,0.0,0.0
5,4,0.0,0.0,0.0,0.0,0.9387356,0.061264377,0.0,0.0,0.0,0.0,0.0,0.0,0.0
5,4,0.0,0.0,0.0,0.0,0.9387356,0.061264377,0.0,0.0,0.0,0.0,0.0,0.0,0.0
5,4,0.0,0.0,0.0,0.0,0.9387356,0.061264377,0.0,0.0,0.0,0.0,0.0,0.0,0.0
5,4,0.0,0.0,0.0,0.0,0.9387356,0.061264377,0.0,0.0,0.0,0.0,0.0,0.0,0.0
5,4,0.0,0.0,0.0,0.0,0.9387356,0.061264377,0.0,0.0,0.0,0.0,0.0,0.0,0.0
5,4,0.0,0.0,0.0,0.0,0.9387356,0.061264377,0.0,0.0,0.0,0.0,0.0,0.0,0.0
5,4,0.0,0.0,0.0,0.0,0.9387356,0.061264377,0.0,0.0,0.0,0.0,0.0,0.0,0.0
5,4,0.0,0.0,0.0,0.0,1.0,0.0,0.0,0.0,0.0,0.0,0.0,0.0,0.0
5,4,0.0,0.0,0.0,0.0,1.0,0.0,0.0,0.0,0.0,0.0,0.0,0.0,0.0
5,4,0.0,0.0,0.0,0.0,1.0,0.0,0.0,0.0,0.0,0.0,0.0,0.0,0.0
5,4,0.0,0.0,0.0,0.0,1.0,0.0,0.0,0.0,0.0,0.0,0.0,0.0,0.0
5,4,0.0,0.0,0.0,0.0,1.0,0.0,0.0,0.0,0.0,0.0,0.0,0.0,0.0
5,4,0.0,0.0,0.0,0.0,1.0,0.0,0.0,0.0,0.0,0.0,0.0,0.0,0.0
5,4,0.0,0.0,0.0,0.0,1.0,0.0,0.0,0.0,0.0,0.0,0.0,0.0,0.0
5,4,0.0,0.0,0.0,0.0,1.0,0.0,0.0,0.0,0.0,0.0,0.0,0.0,0.0
5,4,0.0,0.0,0.0,0.0,1.0,0.0,0.0,0.0,0.0,0.0,0.0,0.0,0.0
5,4,0.0,0.0,0.0,0.0,1.0,0.0,0.0,0.0,0.0,0.0,0.0,0.0,0.0
5,4,0.0,0.0,0.0,0.0,1.0,0.0,0.0,0.0,0.0,0.0,0.0,0.0,0.0
5,4,0.0,0.0,0.0,0.0,1.0,0.0,0.0,0.0,0.0,0.0,0.0,0.0,0.0
5,4,0.0,0.0,0.0,0.0,1.0,0.0,0.0,0.0,0.0,0.0,0.0,0.0,0.0
5,4,0.0,0.0,0.0,0.0,1.0,0.0,0.0,0.0,0.0,0.0,0.0,0.0,0.0
5,4,0.0,0.0,0.0,0.0,1.0,0.0,0.0,0.0,0.0,0.0,0.0,0.0,0.0
5,4,0.0,0.0,0.0,0.0,1.0,0.0,0.0,0.0,0.0,0.0,0.0,0.0,0.0
5,4,0.0,0.0,0.0,0.0,1.0,0.0,0.0,0.0,0.0,0.0,0.0,0.0,0.0
5,4,0.0,0.0,0.0,0.0,1.0,0.0,0.0,0.0,0.0,0.0,0.0,0.0,0.0
5,4,0.0,0.0,0.0,0.0,1.0,0.0,0.0,0.0,0.0,0.0,0.0,0.0,0.0
5,4,0.0,0.0,0.0,0.0,1.0,0.0,0.0,0.0,0.0,0.0,0.0,0.0,0.0
5,4,0.0,0.0,0.0,0.0,1.0,0.0,0.0,0.0,0.0,0.0,0.0,0.0,0.0
5,4,0.0,0.0,0.0,0.0,1.0,0.0,0.0,0.0,0.0,0.0,0.0,0.0,0.0
5,4,0.0,0.0,0.0,0.0,1.0,0.0,0.0,0.0,0.0,0.0,0.0,0.0,0.0
5,4,0.0,0.0,0.0,0.0,1.0,0.0,0.0,0.0,0.0,0.0,0.0,0.0,0.0
5,4,0.0,0.0,0.0,0.0,1.0,0.0,0.0,0.0,0.0,0.0,0.0,0.0,0.0
5,4,0.0,0.0,0.0,0.0,1.0,0.0,0.0,0.0,0.0,0.0,0.0,0.0,0.0
5,4,0.0,0.0,0.0,0.0,1.0,0.0,0.0,0.0,0.0,0.0,0.0,0.0,0.0
5,4,0.0,0.0,0.0,0.0,1.0,0.0,0.0,0.0,0.0,0.0,0.0,0.0,0.0
5,4,0.0,0.0,0.0,0.0,1.0,0.0,0.0,0.0,0.0,0.0,0.0,0.0,0.0
5,4,0.0,0.0,0.0,0.0,1.0,0.0,0.0,0.0,0.0,0.0,0.0,0.0,0.0
5,4,0.0,0.0,0.0,0.0,1.0,0.0,0.0,0.0,0.0,0.0,0.0,0.0,0.0
5,4,0.0,0.0,0.0,0.0,1.0,0.0,0.0,0.0,0.0,0.0,0.0,0.0,0.0
5,4,0.0,0.0,0.0,0.0,1.0,0.0,0.0,0.0,0.0,0.0,0.0,0.0,0.0
5,4,0.0,0.0,0.0,0.0,1.0,0.0,0.0,0.0,0.0,0.0,0.0,0.0,0.0
5,4,0.0,0.0,0.0,0.0,1.0,0.0,0.0,0.0,0.0,0.0,0.0,0.0,0.0
5,4,0.0,0.0,0.0,0.0,1.0,0.0,0.0,0.0,0.0,0.0,0.0,0.0,0.0
5,4,0.0,0.0,0.0,0.0,1.0,0.0,0.0,0.0,0.0,0.0,0.0,0.0,0.0
5,4,0.0,0.0,0.0,0.0,1.0,0.0,0.0,0.0,0.0,0.0,0.0,0.0,0.0
5,4,0.0,0.0,0.0,0.0,1.0,0.0,0.0,0.0,0.0,0.0,0.0,0.0,0.0
5,4,0.0,0.0,0.0,0.0,1.0,0.0,0.0,0.0,0.0,0.0,0.0,0.0,0.0
5,4,0.0,0.0,0.0,0.0,1.0,0.0,0.0,0.0,0.0,0.0,0.0,0.0,0.0
5,4,0.0,0.0,0.0,0.0,1.0,0.0,0.0,0.0,0.0,0.0,0.0,0.0,0.0
5,4,0.0,0.0,0.0,0.0,1.0,0.0,0.0,0.0,0.0,0.0,0.0,0.0,0.0
5,4,0.0,0.0,0.0,0.0,1.0,0.0,0.0,0.0,0.0,0.0,0.0,0.0,0.0
5,4,0.0,0.0,0.0,0.0,1.0,0.0,0.0,0.0,0.0,0.0,0.0,0.0,0.0
5,4,0.0,0.0,0.0,0.0,1.0,0.0,0.0,0.0,0.0,0.0,0.0,0.0,0.0
5,4,0.0,0.0,0.0,0.0,1.0,0.0,0.0,0.0,0.0,0.0,0.0,0.0,0.0
5,4,0.0,0.0,0.0,0.0,1.0,0.0,0.0,0.0,0.0,0.0,0.0,0.0,0.0
5,4,0.0,0.0,0.0,0.0,1.0,0.0,0.0,0.0,0.0,0.0,0.0,0.0,0.0
5,4,0.0,0.0,0.0,0.0,1.0,0.0,0.0,0.0,0.0,0.0,0.0,0.0,0.0
5,4,0.0,0.0,0.0,0.0,1.0,0.0,0.0,0.0,0.0,0.0,0.0,0.0,0.0
5,4,0.0,0.0,0.0,0.0,1.0,0.0,0.0,0.0,0.0,0.0,0.0,0.0,0.0
5,4,0.0,0.0,0.0,0.0,1.0,0.0,0.0,0.0,0.0,0.0,0.0,0.0,0.0
5,4,0.0,0.0,0.0,0.0,1.0,0.0,0.0,0.0,0.0,0.0,0.0,0.0,0.0
5,4,0.0,0.0,0.0,0.0,1.0,0.0,0.0,0.0,0.0,0.0,0.0,0.0,0.0
5,4,0.0,0.0,0.0,0.0,1.0,0.0,0.0,0.0,0.0,0.0,0.0,0.0,0.0
5,4,0.0,0.0,0.0,0.0,1.0,0.0,0.0,0.0,0.0,0.0,0.0,0.0,0.0
5,4,0.0,0.0,0.0,0.0,1.0,0.0,0.0,0.0,0.0,0.0,0.0,0.0,0.0
5,4,0.0,0.0,0.0,0.0,1.0,0.0,0.0,0.0,0.0,0.0,0.0,0.0,0.0
5,4,0.0,0.0,0.0,0.0,1.0,0.0,0.0,0.0,0.0,0.0,0.0,0.0,0.0
5,4,0.0,0.0,0.0,0.0,1.0,0.0,0.0,0.0,0.0,0.0,0.0,0.0,0.0
5,4,0.0,0.0,0.0,0.0,1.0,0.0,0.0,0.0,0.0,0.0,0.0,0.0,0.0
5,4,0.0,0.0,0.0,0.0,1.0,0.0,0.0,0.0,0.0,0.0,0.0,0.0,0.0
5,4,0.0,0.0,0.0,0.0,1.0,0.0,0.0,0.0,0.0,0.0,0.0,0.0,0.0
5,4,0.0,0.0,0.0,0.0,1.0,0.0,0.0,0.0,0.0,0.0,0.0,0.0,0.0
5,4,0.0,0.0,0.0,0.0,1.0,0.0,0.0,0.0,0.0,0.0,0.0,0.0,0.0
5,4,0.0,0.0,0.0,0.0,1.0,0.0,0.0,0.0,0.0,0.0,0.0,0.0,0.0
5,4,0.0,0.0,0.0,0.0,1.0,0.0,0.0,0.0,0.0,0.0,0.0,0.0,0.0
5,4,0.0,0.0,0.0,0.0,1.0,0.0,0.0,0.0,0.0,0.0,0.0,0.0,0.0
5,4,0.0,0.0,0.0,0.0,1.0,0.0,0.0,0.0,0.0,0.0,0.0,0.0,0.0
5,4,0.0,0.0,0.0,0.0,1.0,0.0,0.0,0.0,0.0,0.0,0.0,0.0,0.0
5,4,0.0,0.0,0.0,0.0,1.0,0.0,0.0,0.0,0.0,0.0,0.0,0.0,0.0
5,4,0.0,0.0,0.0,0.0,1.0,0.0,0.0,0.0,0.0,0.0,0.0,0.0,0.0
5,4,0.0,0.0,0.0,0.0,1.0,0.0,0.0,0.0,0.0,0.0,0.0,0.0,0.0
5,4,0.0,0.0,0.0,0.0,1.0,0.0,0.0,0.0,0.0,0.0,0.0,0.0,0.0
5,4,0.0,0.0,0.0,0.0,1.0,0.0,0.0,0.0,0.0,0.0,0.0,0.0,0.0
5,4,0.0,0.0,0.0,0.0,1.0,0.0,0.0,0.0,0.0,0.0,0.0,0.0,0.0
5,4,0.0,0.0,0.0,0.0,1.0,0.0,0.0,0.0,0.0,0.0,0.0,0.0,0.0
5,4,0.0,0.0,0.0,0.0,1.0,0.0,0.0,0.0,0.0,0.0,0.0,0.0,0.0
5,4,0.0,0.0,0.0,0.0,1.0,0.0,0.0,0.0,0.0,0.0,0.0,0.0,0.0
5,4,0.0,0.0,0.0,0.0,1.0,0.0,0.0,0.0,0.0,0.0,0.0,0.0,0.0
5,4,0.0,0.0,0.0,0.0,1.0,0.0,0.0,0.0,0.0,0.0,0.0,0.0,0.0
5,4,0.0,0.0,0.0,0.0,1.0,0.0,0.0,0.0,0.0,0.0,0.0,0.0,0.0
5,4,0.0,0.0,0.0,0.0,1.0,0.0,0.0,0.0,0.0,0.0,0.0,0.0,0.0
5,4,0.0,0.0,0.0,0.0,1.0,0.0,0.0,0.0,0.0,0.0,0.0,0.0,0.0
5,4,0.0,0.0,0.0,0.0,1.0,0.0,0.0,0.0,0.0,0.0,0.0,0.0,0.0
5,4,0.0,0.0,0.0,0.0,1.0,0.0,0.0,0.0,0.0,0.0,0.0,0.0,0.0
5,4,0.0,0.0,0.0,0.0,1.0,0.0,0.0,0.0,0.0,0.0,0.0,0.0,0.0
5,4,0.0,0.0,0.0,0.0,1.0,0.0,0.0,0.0,0.0,0.0,0.0,0.0,0.0
5,4,0.0,0.0,0.0,0.0,1.0,0.0,0.0,0.0,0.0,0.0,0.0,0.0,0.0
5,4,0.0,0.0,0.0,0.0,1.0,0.0,0.0,0.0,0.0,0.0,0.0,0.0,0.0
5,4,0.0,0.0,0.0,0.0,1.0,0.0,0.0,0.0,0.0,0.0,0.0,0.0,0.0
5,4,0.0,0.0,0.0,0.0,1.0,0.0,0.0,0.0,0.0,0.0,0.0,0.0,0.0
5,4,0.0,0.0,0.0,0.0,1.0,0.0,0.0,0.0,0.0,0.0,0.0,0.0,0.0
5,4,0.0,0.0,0.0,0.0,1.0,0.0,0.0,0.0,0.0,0.0,0.0,0.0,0.0
5,4,0.0,0.0,0.0,0.0,1.0,0.0,0.0,0.0,0.0,0.0,0.0,0.0,0.0
5,4,0.0,0.0,0.0,0.0,1.0,0.0,0.0,0.0,0.0,0.0,0.0,0.0,0.0
5,4,0.0,0.0,0.0,0.0,1.0,0.0,0.0,0.0,0.0,0.0,0.0,0.0,0.0
5,4,0.0,0.0,0.0,0.0,1.0,0.0,0.0,0.0,0.0,0.0,0.0,0.0,0.0
5,4,0.0,0.0,0.0,0.0,1.0,0.0,0.0,0.0,0.0,0.0,0.0,0.0,0.0
5,4,0.0,0.0,0.0,0.0,1.0,0.0,0.0,0.0,0.0,0.0,0.0,0.0,0.0
5,4,0.0,0.0,0.0,0.0,1.0,0.0,0.0,0.0,0.0,0.0,0.0,0.0,0.0
5,4,0.0,0.0,0.0,0.0,1.0,0.0,0.0,0.0,0.0,0.0,0.0,0.0,0.0
5,4,0.0,0.0,0.0,0.0,1.0,0.0,0.0,0.0,0.0,0.0,0.0,0.0,0.0
5,4,0.0,0.0,0.0,0.0,1.0,0.0,0.0,0.0,0.0,0.0,0.0,0.0,0.0
5,4,0.0,0.0,0.0,0.0,1.0,0.0,0.0,0.0,0.0,0.0,0.0,0.0,0.0
5,4,0.0,0.0,0.0,0.0,1.0,0.0,0.0,0.0,0.0,0.0,0.0,0.0,0.0
5,4,0.0,0.0,0.0,0.0,1.0,0.0,0.0,0.0,0.0,0.0,0.0,0.0,0.0
5,4,0.0,0.0,0.0,0.0,1.0,0.0,0.0,0.0,0.0,0.0,0.0,0.0,0.0
5,4,0.0,0.0,0.0,0.0,1.0,0.0,0.0,0.0,0.0,0.0,0.0,0.0,0.0
5,4,0.0,0.0,0.0,0.0,1.0,0.0,0.0,0.0,0.0,0.0,0.0,0.0,0.0
5,4,0.0,0.0,0.0,0.0,1.0,0.0,0.0,0.0,0.0,0.0,0.0,0.0,0.0
5,4,0.0,0.0,0.0,0.0,1.0,0.0,0.0,0.0,0.0,0.0,0.0,0.0,0.0
5,4,0.0,0.0,0.0,0.0,1.0,0.0,0.0,0.0,0.0,0.0,0.0,0.0,0.0
5,4,0.0,0.0,0.0,0.0,1.0,0.0,0.0,0.0,0.0,0.0,0.0,0.0,0.0
5,4,0.0,0.0,0.0,0.0,1.0,0.0,0.0,0.0,0.0,0.0,0.0,0.0,0.0
5,4,0.0,0.0,0.0,0.0,1.0,0.0,0.0,0.0,0.0,0.0,0.0,0.0,0.0
5,4,0.0,0.0,0.0,0.0,1.0,0.0,0.0,0.0,0.0,0.0,0.0,0.0,0.0
5,4,0.0,0.0,0.0,0.0,1.0,0.0,0.0,0.0,0.0,0.0,0.0,0.0,0.0
5,4,0.0,0.0,0.0,0.0,1.0,0.0,0.0,0.0,0.0,0.0,0.0,0.0,0.0
5,4,0.0,0.0,0.0,0.0,1.0,0.0,0.0,0.0,0.0,0.0,0.0,0.0,0.0
5,4,0.0,0.0,0.0,0.0,1.0,0.0,0.0,0.0,0.0,0.0,0.0,0.0,0.0
5,4,0.0,0.0,0.0,0.0,1.0,0.0,0.0,0.0,0.0,0.0,0.0,0.0,0.0
5,4,0.0,0.0,0.0,0.0,1.0,0.0,0.0,0.0,0.0,0.0,0.0,0.0,0.0
5,4,0.0,0.0,0.0,0.0,1.0,0.0,0.0,0.0,0.0,0.0,0.0,0.0,0.0
5,4,0.0,0.0,0.0,0.0,1.0,0.0,0.0,0.0,0.0,0.0,0.0,0.0,0.0
5,4,0.0,0.0,0.0,0.0,1.0,0.0,0.0,0.0,0.0,0.0,0.0,0.0,0.0
5,4,0.0,0.0,0.0,0.0,1.0,0.0,0.0,0.0,0.0,0.0,0.0,0.0,0.0
5,4,0.0,0.0,0.0,0.0,1.0,0.0,0.0,0.0,0.0,0.0,0.0,0.0,0.0
5,4,0.0,0.0,0.0,0.0,1.0,0.0,0.0,0.0,0.0,0.0,0.0,0.0,0.0
5,4,0.0,0.0,0.0,0.0,1.0,0.0,0.0,0.0,0.0,0.0,0.0,0.0,0.0
5,4,0.0,0.0,0.0,0.0,1.0,0.0,0.0,0.0,0.0,0.0,0.0,0.0,0.0
5,4,0.0,0.0,0.0,0.0,1.0,0.0,0.0,0.0,0.0,0.0,0.0,0.0,0.0
5,4,0.0,0.0,0.0,0.0,1.0,0.0,0.0,0.0,0.0,0.0,0.0,0.0,0.0
5,4,0.0,0.0,0.0,0.0,1.0,0.0,0.0,0.0,0.0,0.0,0.0,0.0,0.0
5,4,0.0,0.0,0.0,0.0,1.0,0.0,0.0,0.0,0.0,0.0,0.0,0.0,0.0
5,4,0.0,0.0,0.0,0.0,1.0,0.0,0.0,0.0,0.0,0.0,0.0,0.0,0.0
5,4,0.0,0.0,0.0,0.0,1.0,0.0,0.0,0.0,0.0,0.0,0.0,0.0,0.0
5,4,0.0,0.0,0.0,0.0,1.0,0.0,0.0,0.0,0.0,0.0,0.0,0.0,0.0
5,4,0.0,0.0,0.0,0.0,1.0,0.0,0.0,0.0,0.0,0.0,0.0,0.0,0.0
5,4,0.0,0.0,0.0,0.0,1.0,0.0,0.0,0.0,0.0,0.0,0.0,0.0,0.0
5,4,0.0,0.0,0.0,0.0,1.0,0.0,0.0,0.0,0.0,0.0,0.0,0.0,0.0
5,4,0.0,0.0,0.0,0.0,1.0,0.0,0.0,0.0,0.0,0.0,0.0,0.0,0.0
5,4,0.0,0.0,0.0,0.0,1.0,0.0,0.0,0.0,0.0,0.0,0.0,0.0,0.0
5,4,0.0,0.0,0.0,0.0,1.0,0.0,0.0,0.0,0.0,0.0,0.0,0.0,0.0
5,4,0.0,0.0,0.0,0.0,1.0,0.0,0.0,0.0,0.0,0.0,0.0,0.0,0.0
5,4,0.0,0.0,0.0,0.0,1.0,0.0,0.0,0.0,0.0,0.0,0.0,0.0,0.0
5,4,0.0,0.0,0.0,0.0,1.0,0.0,0.0,0.0,0.0,0.0,0.0,0.0,0.0
5,4,0.0,0.0,0.0,0.0,1.0,0.0,0.0,0.0,0.0,0.0,0.0,0.0,0.0
5,4,0.0,0.0,0.0,0.0,1.0,0.0,0.0,0.0,0.0,0.0,0.0,0.0,0.0
5,4,0.0,0.0,0.0,0.0,1.0,0.0,0.0,0.0,0.0,0.0,0.0,0.0,0.0
5,4,0.0,0.0,0.0,0.0,1.0,0.0,0.0,0.0,0.0,0.0,0.0,0.0,0.0
5,4,0.0,0.0,0.0,0.0,1.0,0.0,0.0,0.0,0.0,0.0,0.0,0.0,0.0
5,4,0.0,0.0,0.0,0.0,1.0,0.0,0.0,0.0,0.0,0.0,0.0,0.0,0.0
5,4,0.0,0.0,0.0,0.0,1.0,0.0,0.0,0.0,0.0,0.0,0.0,0.0,0.0
5,4,0.0,0.0,0.0,0.0,1.0,0.0,0.0,0.0,0.0,0.0,0.0,0.0,0.0
5,4,0.0,0.0,0.0,0.0,1.0,0.0,0.0,0.0,0.0,0.0,0.0,0.0,0.0
5,4,0.0,0.0,0.0,0.0,1.0,0.0,0.0,0.0,0.0,0.0,0.0,0.0,0.0
5,4,0.0,0.0,0.0,0.0,1.0,0.0,0.0,0.0,0.0,0.0,0.0,0.0,0.0
5,4,0.0,0.0,0.0,0.0,1.0,0.0,0.0,0.0,0.0,0.0,0.0,0.0,0.0
5,4,0.0,0.0,0.0,0.0,1.0,0.0,0.0,0.0,0.0,0.0,0.0,0.0,0.0
5,4,0.0,0.0,0.0,0.0,1.0,0.0,0.0,0.0,0.0,0.0,0.0,0.0,0.0
5,4,0.0,0.0,0.0,0.0,1.0,0.0,0.0,0.0,0.0,0.0,0.0,0.0,0.0
5,4,0.0,0.0,0.0,0.0,1.0,0.0,0.0,0.0,0.0,0.0,0.0,0.0,0.0
5,4,0.0,0.0,0.0,0.0,1.0,0.0,0.0,0.0,0.0,0.0,0.0,0.0,0.0
5,4,0.0,0.0,0.0,0.0,1.0,0.0,0.0,0.0,0.0,0.0,0.0,0.0,0.0
5,4,0.0,0.0,0.0,0.0,1.0,0.0,0.0,0.0,0.0,0.0,0.0,0.0,0.0
5,4,0.0,0.0,0.0,0.0,1.0,0.0,0.0,0.0,0.0,0.0,0.0,0.0,0.0
5,4,0.0,0.0,0.0,0.0,1.0,0.0,0.0,0.0,0.0,0.0,0.0,0.0,0.0
5,4,0.0,0.0,0.0,0.0,1.0,0.0,0.0,0.0,0.0,0.0,0.0,0.0,0.0
5,4,0.0,0.0,0.0,0.0,1.0,0.0,0.0,0.0,0.0,0.0,0.0,0.0,0.0
5,4,0.0,0.0,0.0,0.0,1.0,0.0,0.0,0.0,0.0,0.0,0.0,0.0,0.0
5,4,0.0,0.06506362,0.0,0.0,0.9349364,0.0,0.0,0.0,0.0,0.0,0.0,0.0,0.0
5,4,0.0,0.06506362,0.0,0.0,0.9349364,0.0,0.0,0.0,0.0,0.0,0.0,0.0,0.0
5,4,0.0,0.06506362,0.0,0.0,0.9349364,0.0,0.0,0.0,0.0,0.0,0.0,0.0,0.0
5,4,0.0,0.06506362,0.0,0.0,0.9349364,0.0,0.0,0.0,0.0,0.0,0.0,0.0,0.0
5,4,0.0,0.06506362,0.0,0.0,0.9349364,0.0,0.0,0.0,0.0,0.0,0.0,0.0,0.0
5,4,0.0,0.06506362,0.0,0.0,0.9349364,0.0,0.0,0.0,0.0,0.0,0.0,0.0,0.0
5,4,0.0,0.06506362,0.0,0.0,0.9349364,0.0,0.0,0.0,0.0,0.0,0.0,0.0,0.0
5,4,0.0,0.06506362,0.0,0.0,0.9349364,0.0,0.0,0.0,0.0,0.0,0.0,0.0,0.0
5,4,0.0,0.06506362,0.0,0.0,0.9349364,0.0,0.0,0.0,0.0,0.0,0.0,0.0,0.0
5,4,0.0,0.06506362,0.0,0.0,0.9349364,0.0,0.0,0.0,0.0,0.0,0.0,0.0,0.0
5,4,0.0,0.06506362,0.0,0.0,0.9349364,0.0,0.0,0.0,0.0,0.0,0.0,0.0,0.0
5,4,0.0,0.06506362,0.0,0.0,0.9349364,0.0,0.0,0.0,0.0,0.0,0.0,0.0,0.0
5,4,0.0,0.06506362,0.0,0.0,0.9349364,0.0,0.0,0.0,0.0,0.0,0.0,0.0,0.0
5,4,0.0,0.06506362,0.0,0.0,0.9349364,0.0,0.0,0.0,0.0,0.0,0.0,0.0,0.0
5,4,0.0,0.06506362,0.0,0.0,0.9349364,0.0,0.0,0.0,0.0,0.0,0.0,0.0,0.0
5,4,0.0,0.06506362,0.0,0.0,0.9349364,0.0,0.0,0.0,0.0,0.0,0.0,0.0,0.0
5,4,0.0,0.06506362,0.0,0.0,0.9349364,0.0,0.0,0.0,0.0,0.0,0.0,0.0,0.0
5,4,0.0,0.06506362,0.0,0.0,0.9349364,0.0,0.0,0.0,0.0,0.0,0.0,0.0,0.0
5,4,0.0,0.06506362,0.0,0.0,0.9349364,0.0,0.0,0.0,0.0,0.0,0.0,0.0,0.0
5,4,0.0,0.06506362,0.0,0.0,0.9349364,0.0,0.0,0.0,0.0,0.0,0.0,0.0,0.0
5,4,0.0,0.06506362,0.0,0.0,0.9349364,0.0,0.0,0.0,0.0,0.0,0.0,0.0,0.0
5,4,0.0,0.06506362,0.0,0.0,0.9349364,0.0,0.0,0.0,0.0,0.0,0.0,0.0,0.0
5,4,0.0,0.06506362,0.0,0.0,0.9349364,0.0,0.0,0.0,0.0,0.0,0.0,0.0,0.0
5,4,0.0,0.06506362,0.0,0.0,0.9349364,0.0,0.0,0.0,0.0,0.0,0.0,0.0,0.0
5,4,0.0,0.06506362,0.0,0.0,0.9349364,0.0,0.0,0.0,0.0,0.0,0.0,0.0,0.0
5,4,0.0,0.06506362,0.0,0.0,0.9349364,0.0,0.0,0.0,0.0,0.0,0.0,0.0,0.0
5,4,0.0,0.06506362,0.0,0.0,0.9349364,0.0,0.0,0.0,0.0,0.0,0.0,0.0,0.0
5,4,0.0,0.06506362,0.0,0.0,0.9349364,0.0,0.0,0.0,0.0,0.0,0.0,0.0,0.0
5,4,0.0,0.06506362,0.0,0.0,0.9349364,0.0,0.0,0.0,0.0,0.0,0.0,0.0,0.0
5,4,0.0,0.06506362,0.0,0.0,0.9349364,0.0,0.0,0.0,0.0,0.0,0.0,0.0,0.0
5,4,0.0,0.06506362,0.0,0.0,0.9349364,0.0,0.0,0.0,0.0,0.0,0.0,0.0,0.0
5,4,0.0,0.06506362,0.0,0.0,0.9349364,0.0,0.0,0.0,0.0,0.0,0.0,0.0,0.0
5,4,0.0,0.06506362,0.0,0.0,0.9349364,0.0,0.0,0.0,0.0,0.0,0.0,0.0,0.0
5,4,0.0,0.06506362,0.0,0.0,0.9349364,0.0,0.0,0.0,0.0,0.0,0.0,0.0,0.0
5,4,0.0,0.06506362,0.0,0.0,0.9349364,0.0,0.0,0.0,0.0,0.0,0.0,0.0,0.0
5,4,0.0,0.06506362,0.0,0.0,0.9349364,0.0,0.0,0.0,0.0,0.0,0.0,0.0,0.0
5,4,0.058007643,0.065063626,0.0,0.0,0.87692875,0.0,0.0,0.0,0.0,0.0,0.0,0.0,0.0
5,4,0.058007643,0.065063626,0.0,0.0,0.87692875,0.0,0.0,0.0,0.0,0.0,0.0,0.0,0.0
5,4,0.058007643,0.065063626,0.0,0.0,0.87692875,0.0,0.0,0.0,0.0,0.0,0.0,0.0,0.0
5,4,0.058007643,0.065063626,0.0,0.0,0.87692875,0.0,0.0,0.0,0.0,0.0,0.0,0.0,0.0
5,4,0.058007643,0.065063626,0.0,0.0,0.87692875,0.0,0.0,0.0,0.0,0.0,0.0,0.0,0.0
5,4,0.058007643,0.065063626,0.0,0.0,0.87692875,0.0,0.0,0.0,0.0,0.0,0.0,0.0,0.0
5,4,0.058007643,0.065063626,0.0,0.0,0.87692875,0.0,0.0,0.0,0.0,0.0,0.0,0.0,0.0
5,4,0.058007643,0.065063626,0.0,0.0,0.87692875,0.0,0.0,0.0,0.0,0.0,0.0,0.0,0.0
5,4,0.058007643,0.065063626,0.0,0.0,0.87692875,0.0,0.0,0.0,0.0,0.0,0.0,0.0,0.0
5,4,0.058007643,0.065063626,0.0,0.0,0.87692875,0.0,0.0,0.0,0.0,0.0,0.0,0.0,0.0
5,4,0.058007643,0.065063626,0.0,0.0,0.87692875,0.0,0.0,0.0,0.0,0.0,0.0,0.0,0.0
5,4,0.058007643,0.065063626,0.0,0.0,0.87692875,0.0,0.0,0.0,0.0,0.0,0.0,0.0,0.0
5,4,0.058007643,0.065063626,0.0,0.0,0.87692875,0.0,0.0,0.0,0.0,0.0,0.0,0.0,0.0
5,4,0.058007643,0.065063626,0.0,0.0,0.87692875,0.0,0.0,0.0,0.0,0.0,0.0,0.0,0.0
5,4,0.058007643,0.065063626,0.0,0.0,0.87692875,0.0,0.0,0.0,0.0,0.0,0.0,0.0,0.0
5,4,0.058007643,0.065063626,0.0,0.0,0.87692875,0.0,0.0,0.0,0.0,0.0,0.0,0.0,0.0
5,4,0.058007643,0.065063626,0.0,0.0,0.87692875,0.0,0.0,0.0,0.0,0.0,0.0,0.0,0.0
5,4,0.058007643,0.065063626,0.0,0.0,0.87692875,0.0,0.0,0.0,0.0,0.0,0.0,0.0,0.0
5,4,0.058007643,0.065063626,0.0,0.0,0.87692875,0.0,0.0,0.0,0.0,0.0,0.0,0.0,0.0
5,4,0.058007643,0.065063626,0.0,0.0,0.87692875,0.0,0.0,0.0,0.0,0.0,0.0,0.0,0.0
5,4,0.058007643,0.065063626,0.0,0.0,0.87692875,0.0,0.0,0.0,0.0,0.0,0.0,0.0,0.0
5,4,0.058007643,0.065063626,0.0,0.0,0.87692875,0.0,0.0,0.0,0.0,0.0,0.0,0.0,0.0
5,4,0.058007643,0.065063626,0.0,0.0,0.87692875,0.0,0.0,0.0,0.0,0.0,0.0,0.0,0.0
5,4,0.058007643,0.065063626,0.0,0.0,0.87692875,0.0,0.0,0.0,0.0,0.0,0.0,0.0,0.0
5,4,0.058007643,0.065063626,0.0,0.0,0.87692875,0.0,0.0,0.0,0.0,0.0,0.0,0.0,0.0
5,4,0.058007643,0.065063626,0.0,0.0,0.87692875,0.0,0.0,0.0,0.0,0.0,0.0,0.0,0.0
5,4,0.058007643,0.065063626,0.0,0.0,0.87692875,0.0,0.0,0.0,0.0,0.0,0.0,0.0,0.0
5,4,0.058007643,0.065063626,0.0,0.0,0.87692875,0.0,0.0,0.0,0.0,0.0,0.0,0.0,0.0
5,4,0.058007643,0.065063626,0.0,0.0,0.87692875,0.0,0.0,0.0,0.0,0.0,0.0,0.0,0.0
5,4,0.058007643,0.065063626,0.0,0.0,0.87692875,0.0,0.0,0.0,0.0,0.0,0.0,0.0,0.0
5,4,0.058007643,0.065063626,0.0,0.0,0.87692875,0.0,0.0,0.0,0.0,0.0,0.0,0.0,0.0
5,4,0.058007643,0.065063626,0.0,0.0,0.87692875,0.0,0.0,0.0,0.0,0.0,0.0,0.0,0.0
5,4,0.058007643,0.065063626,0.0,0.0,0.87692875,0.0,0.0,0.0,0.0,0.0,0.0,0.0,0.0
5,4,0.058007643,0.065063626,0.0,0.0,0.87692875,0.0,0.0,0.0,0.0,0.0,0.0,0.0,0.0
5,4,0.058007643,0.065063626,0.0,0.0,0.87692875,0.0,0.0,0.0,0.0,0.0,0.0,0.0,0.0
5,4,0.058007643,0.065063626,0.0,0.0,0.87692875,0.0,0.0,0.0,0.0,0.0,0.0,0.0,0.0
5,4,0.058007643,0.065063626,0.0,0.0,0.87692875,0.0,0.0,0.0,0.0,0.0,0.0,0.0,0.0
5,4,0.058007643,0.065063626,0.0,0.0,0.87692875,0.0,0.0,0.0,0.0,0.0,0.0,0.0,0.0
5,4,0.058007643,0.065063626,0.0,0.0,0.87692875,0.0,0.0,0.0,0.0,0.0,0.0,0.0,0.0
5,4,0.058007643,0.065063626,0.0,0.0,0.87692875,0.0,0.0,0.0,0.0,0.0,0.0,0.0,0.0
5,4,0.058007643,0.065063626,0.0,0.0,0.87692875,0.0,0.0,0.0,0.0,0.0,0.0,0.0,0.0
5,4,0.058007643,0.065063626,0.0,0.0,0.87692875,0.0,0.0,0.0,0.0,0.0,0.0,0.0,0.0
5,4,0.058007643,0.065063626,0.0,0.0,0.87692875,0.0,0.0,0.0,0.0,0.0,0.0,0.0,0.0
5,4,0.058007643,0.065063626,0.0,0.0,0.87692875,0.0,0.0,0.0,0.0,0.0,0.0,0.0,0.0
5,4,0.058007643,0.065063626,0.0,0.0,0.87692875,0.0,0.0,0.0,0.0,0.0,0.0,0.0,0.0
5,4,0.058007643,0.065063626,0.0,0.0,0.87692875,0.0,0.0,0.0,0.0,0.0,0.0,0.0,0.0
5,4,0.058007643,0.065063626,0.0,0.0,0.87692875,0.0,0.0,0.0,0.0,0.0,0.0,0.0,0.0
5,4,0.058007643,0.065063626,0.0,0.0,0.87692875,0.0,0.0,0.0,0.0,0.0,0.0,0.0,0.0
5,4,0.058007643,0.065063626,0.0,0.0,0.87692875,0.0,0.0,0.0,0.0,0.0,0.0,0.0,0.0
5,4,0.058007643,0.065063626,0.0,0.0,0.87692875,0.0,0.0,0.0,0.0,0.0,0.0,0.0,0.0
5,4,0.058007643,0.065063626,0.0,0.0,0.87692875,0.0,0.0,0.0,0.0,0.0,0.0,0.0,0.0
5,4,0.058007643,0.065063626,0.0,0.0,0.87692875,0.0,0.0,0.0,0.0,0.0,0.0,0.0,0.0
5,4,0.058007643,0.065063626,0.0,0.0,0.87692875,0.0,0.0,0.0,0.0,0.0,0.0,0.0,0.0
5,4,0.058007643,0.065063626,0.0,0.0,0.87692875,0.0,0.0,0.0,0.0,0.0,0.0,0.0,0.0
5,4,0.058007643,0.065063626,0.0,0.0,0.87692875,0.0,0.0,0.0,0.0,0.0,0.0,0.0,0.0
5,4,0.058007643,0.065063626,0.0,0.0,0.87692875,0.0,0.0,0.0,0.0,0.0,0.0,0.0,0.0
5,4,0.058007643,0.065063626,0.0,0.0,0.87692875,0.0,0.0,0.0,0.0,0.0,0.0,0.0,0.0
5,4,0.058007643,0.065063626,0.0,0.0,0.87692875,0.0,0.0,0.0,0.0,0.0,0.0,0.0,0.0
5,4,0.058007643,0.065063626,0.0,0.0,0.87692875,0.0,0.0,0.0,0.0,0.0,0.0,0.0,0.0
5,4,0.058007643,0.065063626,0.0,0.0,0.87692875,0.0,0.0,0.0,0.0,0.0,0.0,0.0,0.0
5,4,0.058007643,0.065063626,0.0,0.0,0.87692875,0.0,0.0,0.0,0.0,0.0,0.0,0.0,0.0
5,4,0.058007643,0.065063626,0.0,0.0,0.87692875,0.0,0.0,0.0,0.0,0.0,0.0,0.0,0.0
5,4,0.058007643,0.065063626,0.0,0.0,0.87692875,0.0,0.0,0.0,0.0,0.0,0.0,0.0,0.0
5,4,0.058007643,0.065063626,0.0,0.0,0.87692875,0.0,0.0,0.0,0.0,0.0,0.0,0.0,0.0
5,4,0.058007643,0.065063626,0.0,0.0,0.87692875,0.0,0.0,0.0,0.0,0.0,0.0,0.0,0.0
5,4,0.058007643,0.065063626,0.0,0.0,0.87692875,0.0,0.0,0.0,0.0,0.0,0.0,0.0,0.0
5,4,0.058007643,0.065063626,0.0,0.0,0.87692875,0.0,0.0,0.0,0.0,0.0,0.0,0.0,0.0
5,4,0.058007643,0.065063626,0.0,0.0,0.87692875,0.0,0.0,0.0,0.0,0.0,0.0,0.0,0.0
5,4,0.058007643,0.065063626,0.0,0.0,0.87692875,0.0,0.0,0.0,0.0,0.0,0.0,0.0,0.0
5,4,0.058007643,0.065063626,0.0,0.0,0.87692875,0.0,0.0,0.0,0.0,0.0,0.0,0.0,0.0
5,4,0.058007643,0.065063626,0.0,0.0,0.87692875,0.0,0.0,0.0,0.0,0.0,0.0,0.0,0.0
5,4,0.058007643,0.065063626,0.0,0.0,0.87692875,0.0,0.0,0.0,0.0,0.0,0.0,0.0,0.0
5,4,0.058007643,0.065063626,0.0,0.0,0.87692875,0.0,0.0,0.0,0.0,0.0,0.0,0.0,0.0
5,4,0.058007643,0.065063626,0.0,0.0,0.87692875,0.0,0.0,0.0,0.0,0.0,0.0,0.0,0.0
5,4,0.058007643,0.065063626,0.0,0.0,0.87692875,0.0,0.0,0.0,0.0,0.0,0.0,0.0,0.0
5,4,0.058007643,0.065063626,0.0,0.0,0.87692875,0.0,0.0,0.0,0.0,0.0,0.0,0.0,0.0
5,4,0.058007643,0.065063626,0.0,0.0,0.87692875,0.0,0.0,0.0,0.0,0.0,0.0,0.0,0.0
5,4,0.058007643,0.065063626,0.0,0.0,0.87692875,0.0,0.0,0.0,0.0,0.0,0.0,0.0,0.0
5,4,0.058007643,0.065063626,0.0,0.0,0.87692875,0.0,0.0,0.0,0.0,0.0,0.0,0.0,0.0
5,4,0.058007643,0.065063626,0.0,0.0,0.87692875,0.0,0.0,0.0,0.0,0.0,0.0,0.0,0.0
5,4,0.058007643,0.12681614,0.0,0.0,0.8151762,0.0,0.0,0.0,0.0,0.0,0.0,0.0,0.0
5,4,0.058007643,0.12681614,0.0,0.0,0.8151762,0.0,0.0,0.0,0.0,0.0,0.0,0.0,0.0
5,4,0.058007643,0.12681614,0.0,0.0,0.8151762,0.0,0.0,0.0,0.0,0.0,0.0,0.0,0.0
5,4,0.058007643,0.12681614,0.0,0.0,0.8151762,0.0,0.0,0.0,0.0,0.0,0.0,0.0,0.0
5,4,0.058007643,0.12681614,0.0,0.0,0.8151762,0.0,0.0,0.0,0.0,0.0,0.0,0.0,0.0
5,4,0.058007643,0.12681614,0.0,0.0,0.8151762,0.0,0.0,0.0,0.0,0.0,0.0,0.0,0.0
5,4,0.058007643,0.12681614,0.0,0.0,0.8151762,0.0,0.0,0.0,0.0,0.0,0.0,0.0,0.0
5,4,0.058007643,0.12681614,0.0,0.0,0.8151762,0.0,0.0,0.0,0.0,0.0,0.0,0.0,0.0
5,4,0.058007643,0.12681614,0.0,0.0,0.8151762,0.0,0.0,0.0,0.0,0.0,0.0,0.0,0.0
5,4,0.058007643,0.12681614,0.0,0.0,0.8151762,0.0,0.0,0.0,0.0,0.0,0.0,0.0,0.0
5,4,0.058007643,0.12681614,0.0,0.0,0.8151762,0.0,0.0,0.0,0.0,0.0,0.0,0.0,0.0
5,4,0.058007643,0.12681614,0.0,0.0,0.8151762,0.0,0.0,0.0,0.0,0.0,0.0,0.0,0.0
5,4,0.058007643,0.12681614,0.0,0.0,0.8151762,0.0,0.0,0.0,0.0,0.0,0.0,0.0,0.0
5,4,0.058007643,0.12681614,0.0,0.0,0.8151762,0.0,0.0,0.0,0.0,0.0,0.0,0.0,0.0
5,4,0.058007643,0.12681614,0.0,0.0,0.8151762,0.0,0.0,0.0,0.0,0.0,0.0,0.0,0.0
5,4,0.058007643,0.12681614,0.0,0.0,0.8151762,0.0,0.0,0.0,0.0,0.0,0.0,0.0,0.0
5,4,0.05800764,0.061752506,0.0,0.0,0.88023984,0.0,0.0,0.0,0.0,0.0,0.0,0.0,0.0
5,4,0.05800764,0.061752506,0.0,0.0,0.88023984,0.0,0.0,0.0,0.0,0.0,0.0,0.0,0.0
5,4,0.05800764,0.061752506,0.0,0.0,0.88023984,0.0,0.0,0.0,0.0,0.0,0.0,0.0,0.0
5,4,0.05800764,0.061752506,0.0,0.0,0.88023984,0.0,0.0,0.0,0.0,0.0,0.0,0.0,0.0
5,4,0.05800764,0.061752506,0.0,0.0,0.88023984,0.0,0.0,0.0,0.0,0.0,0.0,0.0,0.0
5,4,0.05800764,0.061752506,0.0,0.0,0.88023984,0.0,0.0,0.0,0.0,0.0,0.0,0.0,0.0
5,4,0.05800764,0.061752506,0.0,0.0,0.88023984,0.0,0.0,0.0,0.0,0.0,0.0,0.0,0.0
5,4,0.05800764,0.061752506,0.0,0.0,0.88023984,0.0,0.0,0.0,0.0,0.0,0.0,0.0,0.0
5,4,0.05800764,0.061752506,0.0,0.0,0.88023984,0.0,0.0,0.0,0.0,0.0,0.0,0.0,0.0
5,4,0.05800764,0.061752506,0.0,0.0,0.88023984,0.0,0.0,0.0,0.0,0.0,0.0,0.0,0.0
5,4,0.05800764,0.061752506,0.0,0.0,0.88023984,0.0,0.0,0.0,0.0,0.0,0.0,0.0,0.0
5,4,0.05800764,0.061752506,0.0,0.0,0.88023984,0.0,0.0,0.0,0.0,0.0,0.0,0.0,0.0
5,4,0.05800764,0.061752506,0.0,0.0,0.88023984,0.0,0.0,0.0,0.0,0.0,0.0,0.0,0.0
5,4,0.05800764,0.061752506,0.0,0.0,0.88023984,0.0,0.0,0.0,0.0,0.0,0.0,0.0,0.0
5,4,0.05800764,0.061752506,0.0,0.0,0.88023984,0.0,0.0,0.0,0.0,0.0,0.0,0.0,0.0
5,4,0.05800764,0.061752506,0.0,0.0,0.88023984,0.0,0.0,0.0,0.0,0.0,0.0,0.0,0.0
5,4,0.05800764,0.061752506,0.0,0.0,0.88023984,0.0,0.0,0.0,0.0,0.0,0.0,0.0,0.0
5,4,0.05800764,0.061752506,0.0,0.0,0.88023984,0.0,0.0,0.0,0.0,0.0,0.0,0.0,0.0
5,4,0.05800764,0.061752506,0.0,0.0,0.88023984,0.0,0.0,0.0,0.0,0.0,0.0,0.0,0.0
5,4,0.05800764,0.061752506,0.0,0.0,0.88023984,0.0,0.0,0.0,0.0,0.0,0.0,0.0,0.0
5,4,0.05800764,0.061752506,0.0,0.0,0.88023984,0.0,0.0,0.0,0.0,0.0,0.0,0.0,0.0
5,4,0.05800764,0.061752506,0.0,0.0,0.88023984,0.0,0.0,0.0,0.0,0.0,0.0,0.0,0.0
5,4,0.05800764,0.061752506,0.0,0.0,0.88023984,0.0,0.0,0.0,0.0,0.0,0.0,0.0,0.0
5,4,0.05800764,0.061752506,0.0,0.0,0.88023984,0.0,0.0,0.0,0.0,0.0,0.0,0.0,0.0
5,4,0.05800764,0.061752506,0.0,0.0,0.88023984,0.0,0.0,0.0,0.0,0.0,0.0,0.0,0.0
5,4,0.05800764,0.061752506,0.0,0.0,0.88023984,0.0,0.0,0.0,0.0,0.0,0.0,0.0,0.0
5,4,0.05800764,0.061752506,0.0,0.0,0.88023984,0.0,0.0,0.0,0.0,0.0,0.0,0.0,0.0
5,4,0.05800764,0.061752506,0.0,0.0,0.88023984,0.0,0.0,0.0,0.0,0.0,0.0,0.0,0.0
5,4,0.05800764,0.061752506,0.0,0.0,0.88023984,0.0,0.0,0.0,0.0,0.0,0.0,0.0,0.0
5,4,0.05800764,0.061752506,0.0,0.0,0.88023984,0.0,0.0,0.0,0.0,0.0,0.0,0.0,0.0
5,4,0.05800764,0.061752506,0.0,0.0,0.88023984,0.0,0.0,0.0,0.0,0.0,0.0,0.0,0.0
5,4,0.05800764,0.061752506,0.0,0.0,0.88023984,0.0,0.0,0.0,0.0,0.0,0.0,0.0,0.0
5,4,0.05800764,0.061752506,0.0,0.0,0.88023984,0.0,0.0,0.0,0.0,0.0,0.0,0.0,0.0
5,4,0.05800764,0.061752506,0.0,0.0,0.88023984,0.0,0.0,0.0,0.0,0.0,0.0,0.0,0.0
5,4,0.05800764,0.061752506,0.0,0.0,0.88023984,0.0,0.0,0.0,0.0,0.0,0.0,0.0,0.0
5,4,0.05800764,0.061752506,0.0,0.0,0.88023984,0.0,0.0,0.0,0.0,0.0,0.0,0.0,0.0
5,4,0.05800764,0.061752506,0.0,0.0,0.88023984,0.0,0.0,0.0,0.0,0.0,0.0,0.0,0.0
5,4,0.05800764,0.061752506,0.0,0.0,0.88023984,0.0,0.0,0.0,0.0,0.0,0.0,0.0,0.0
5,4,0.05800764,0.061752506,0.0,0.0,0.88023984,0.0,0.0,0.0,0.0,0.0,0.0,0.0,0.0
5,4,0.05800764,0.061752506,0.0,0.0,0.88023984,0.0,0.0,0.0,0.0,0.0,0.0,0.0,0.0
5,4,0.05800764,0.061752506,0.0,0.0,0.88023984,0.0,0.0,0.0,0.0,0.0,0.0,0.0,0.0
5,4,0.05800764,0.061752506,0.0,0.0,0.88023984,0.0,0.0,0.0,0.0,0.0,0.0,0.0,0.0
5,4,0.05800764,0.061752506,0.0,0.0,0.88023984,0.0,0.0,0.0,0.0,0.0,0.0,0.0,0.0
5,4,0.05800764,0.061752506,0.0,0.0,0.88023984,0.0,0.0,0.0,0.0,0.0,0.0,0.0,0.0
5,4,0.05800764,0.061752506,0.0,0.0,0.88023984,0.0,0.0,0.0,0.0,0.0,0.0,0.0,0.0
5,4,0.05800764,0.061752506,0.0,0.0,0.88023984,0.0,0.0,0.0,0.0,0.0,0.0,0.0,0.0
5,4,0.05800764,0.061752506,0.0,0.0,0.88023984,0.0,0.0,0.0,0.0,0.0,0.0,0.0,0.0
5,4,0.05800764,0.061752506,0.0,0.0,0.88023984,0.0,0.0,0.0,0.0,0.0,0.0,0.0,0.0
5,4,0.05800764,0.061752506,0.0,0.0,0.88023984,0.0,0.0,0.0,0.0,0.0,0.0,0.0,0.0
5,4,0.05800764,0.061752506,0.0,0.0,0.88023984,0.0,0.0,0.0,0.0,0.0,0.0,0.0,0.0
5,4,0.05800764,0.061752506,0.0,0.0,0.88023984,0.0,0.0,0.0,0.0,0.0,0.0,0.0,0.0
5,4,0.05800764,0.061752506,0.0,0.0,0.88023984,0.0,0.0,0.0,0.0,0.0,0.0,0.0,0.0
5,4,0.05800764,0.061752506,0.0,0.0,0.88023984,0.0,0.0,0.0,0.0,0.0,0.0,0.0,0.0
5,4,0.05800764,0.061752506,0.0,0.0,0.88023984,0.0,0.0,0.0,0.0,0.0,0.0,0.0,0.0
5,4,0.05800764,0.061752506,0.0,0.0,0.88023984,0.0,0.0,0.0,0.0,0.0,0.0,0.0,0.0
5,4,0.05800764,0.061752506,0.0,0.0,0.88023984,0.0,0.0,0.0,0.0,0.0,0.0,0.0,0.0
5,4,0.05800764,0.061752506,0.0,0.0,0.88023984,0.0,0.0,0.0,0.0,0.0,0.0,0.0,0.0
5,4,0.05800764,0.061752506,0.0,0.0,0.88023984,0.0,0.0,0.0,0.0,0.0,0.0,0.0,0.0
5,4,0.05800764,0.061752506,0.0,0.0,0.88023984,0.0,0.0,0.0,0.0,0.0,0.0,0.0,0.0
5,4,0.05800764,0.061752506,0.0,0.0,0.88023984,0.0,0.0,0.0,0.0,0.0,0.0,0.0,0.0
5,4,0.05800764,0.061752506,0.0,0.0,0.88023984,0.0,0.0,0.0,0.0,0.0,0.0,0.0,0.0
5,4,0.05800764,0.061752506,0.0,0.0,0.88023984,0.0,0.0,0.0,0.0,0.0,0.0,0.0,0.0
5,4,0.05800764,0.061752506,0.0,0.0,0.88023984,0.0,0.0,0.0,0.0,0.0,0.0,0.0,0.0
5,4,0.05800764,0.061752506,0.0,0.0,0.88023984,0.0,0.0,0.0,0.0,0.0,0.0,0.0,0.0
5,4,0.0,0.06175251,0.0,0.0,0.9382475,0.0,0.0,0.0,0.0,0.0,0.0,0.0,0.0
5,4,0.0,0.06175251,0.0,0.0,0.9382475,0.0,0.0,0.0,0.0,0.0,0.0,0.0,0.0
5,4,0.0,0.06175251,0.0,0.0,0.9382475,0.0,0.0,0.0,0.0,0.0,0.0,0.0,0.0
5,4,0.0,0.06175251,0.0,0.0,0.9382475,0.0,0.0,0.0,0.0,0.0,0.0,0.0,0.0
5,4,0.0,0.06175251,0.0,0.0,0.9382475,0.0,0.0,0.0,0.0,0.0,0.0,0.0,0.0
5,4,0.0,0.06175251,0.0,0.0,0.9382475,0.0,0.0,0.0,0.0,0.0,0.0,0.0,0.0
5,4,0.0,0.06175251,0.0,0.0,0.9382475,0.0,0.0,0.0,0.0,0.0,0.0,0.0,0.0
5,4,0.0,0.06175251,0.0,0.0,0.9382475,0.0,0.0,0.0,0.0,0.0,0.0,0.0,0.0
5,4,0.0,0.06175251,0.0,0.0,0.9382475,0.0,0.0,0.0,0.0,0.0,0.0,0.0,0.0
5,4,0.0,0.06175251,0.0,0.0,0.9382475,0.0,0.0,0.0,0.0,0.0,0.0,0.0,0.0
5,4,0.0,0.06175251,0.0,0.0,0.9382475,0.0,0.0,0.0,0.0,0.0,0.0,0.0,0.0
5,4,0.0,0.06175251,0.0,0.0,0.9382475,0.0,0.0,0.0,0.0,0.0,0.0,0.0,0.0
5,4,0.0,0.06175251,0.0,0.0,0.9382475,0.0,0.0,0.0,0.0,0.0,0.0,0.0,0.0
5,4,0.0,0.06175251,0.0,0.0,0.9382475,0.0,0.0,0.0,0.0,0.0,0.0,0.0,0.0
5,4,0.0,0.06175251,0.0,0.0,0.9382475,0.0,0.0,0.0,0.0,0.0,0.0,0.0,0.0
5,4,0.0,0.06175251,0.0,0.0,0.9382475,0.0,0.0,0.0,0.0,0.0,0.0,0.0,0.0
5,4,0.0,0.06175251,0.0,0.0,0.9382475,0.0,0.0,0.0,0.0,0.0,0.0,0.0,0.0
5,4,0.0,0.06175251,0.0,0.0,0.9382475,0.0,0.0,0.0,0.0,0.0,0.0,0.0,0.0
5,4,0.0,0.06175251,0.0,0.0,0.9382475,0.0,0.0,0.0,0.0,0.0,0.0,0.0,0.0
5,4,0.0,0.06175251,0.0,0.0,0.9382475,0.0,0.0,0.0,0.0,0.0,0.0,0.0,0.0
5,4,0.0,0.06175251,0.0,0.0,0.9382475,0.0,0.0,0.0,0.0,0.0,0.0,0.0,0.0
5,4,0.0,0.06175251,0.0,0.0,0.9382475,0.0,0.0,0.0,0.0,0.0,0.0,0.0,0.0
5,4,0.0,0.06175251,0.0,0.0,0.9382475,0.0,0.0,0.0,0.0,0.0,0.0,0.0,0.0
5,4,0.0,0.06175251,0.0,0.0,0.9382475,0.0,0.0,0.0,0.0,0.0,0.0,0.0,0.0
5,4,0.0,0.06175251,0.0,0.0,0.9382475,0.0,0.0,0.0,0.0,0.0,0.0,0.0,0.0
5,4,0.0,0.06175251,0.0,0.0,0.9382475,0.0,0.0,0.0,0.0,0.0,0.0,0.0,0.0
5,4,0.0,0.06175251,0.0,0.0,0.9382475,0.0,0.0,0.0,0.0,0.0,0.0,0.0,0.0
5,4,0.0,0.06175251,0.0,0.0,0.9382475,0.0,0.0,0.0,0.0,0.0,0.0,0.0,0.0
5,4,0.0,0.06175251,0.0,0.0,0.9382475,0.0,0.0,0.0,0.0,0.0,0.0,0.0,0.0
5,4,0.0,0.06175251,0.0,0.0,0.9382475,0.0,0.0,0.0,0.0,0.0,0.0,0.0,0.0
5,4,0.0,0.06175251,0.0,0.0,0.9382475,0.0,0.0,0.0,0.0,0.0,0.0,0.0,0.0
5,4,0.0,0.06175251,0.0,0.0,0.9382475,0.0,0.0,0.0,0.0,0.0,0.0,0.0,0.0
5,4,0.0,0.06175251,0.0,0.0,0.9382475,0.0,0.0,0.0,0.0,0.0,0.0,0.0,0.0
5,4,0.0,0.06175251,0.0,0.0,0.9382475,0.0,0.0,0.0,0.0,0.0,0.0,0.0,0.0
5,4,0.0,0.06175251,0.0,0.0,0.9382475,0.0,0.0,0.0,0.0,0.0,0.0,0.0,0.0
5,4,0.0,0.06175251,0.0,0.0,0.9382475,0.0,0.0,0.0,0.0,0.0,0.0,0.0,0.0
5,4,0.0,0.06175251,0.0,0.0,0.9382475,0.0,0.0,0.0,0.0,0.0,0.0,0.0,0.0
5,4,0.0,0.06175251,0.0,0.0,0.9382475,0.0,0.0,0.0,0.0,0.0,0.0,0.0,0.0
5,4,0.0,0.06175251,0.0,0.0,0.9382475,0.0,0.0,0.0,0.0,0.0,0.0,0.0,0.0
5,4,0.0,0.06175251,0.0,0.0,0.9382475,0.0,0.0,0.0,0.0,0.0,0.0,0.0,0.0
5,4,0.0,0.06175251,0.0,0.0,0.9382475,0.0,0.0,0.0,0.0,0.0,0.0,0.0,0.0
5,4,0.0,0.06175251,0.0,0.0,0.9382475,0.0,0.0,0.0,0.0,0.0,0.0,0.0,0.0
5,4,0.0,0.06175251,0.0,0.0,0.9382475,0.0,0.0,0.0,0.0,0.0,0.0,0.0,0.0
5,4,0.0,0.06175251,0.0,0.0,0.9382475,0.0,0.0,0.0,0.0,0.0,0.0,0.0,0.0
5,4,0.0,0.06175251,0.0,0.0,0.9382475,0.0,0.0,0.0,0.0,0.0,0.0,0.0,0.0
5,4,0.0,0.06175251,0.0,0.0,0.9382475,0.0,0.0,0.0,0.0,0.0,0.0,0.0,0.0
5,4,0.0,0.06175251,0.0,0.0,0.9382475,0.0,0.0,0.0,0.0,0.0,0.0,0.0,0.0
5,4,0.0,0.06175251,0.0,0.0,0.9382475,0.0,0.0,0.0,0.0,0.0,0.0,0.0,0.0
5,4,0.0,0.06175251,0.0,0.0,0.9382475,0.0,0.0,0.0,0.0,0.0,0.0,0.0,0.0
5,4,0.0,0.06175251,0.0,0.0,0.9382475,0.0,0.0,0.0,0.0,0.0,0.0,0.0,0.0
5,4,0.0,0.06175251,0.0,0.0,0.9382475,0.0,0.0,0.0,0.0,0.0,0.0,0.0,0.0
5,4,0.0,0.06175251,0.0,0.0,0.9382475,0.0,0.0,0.0,0.0,0.0,0.0,0.0,0.0
5,4,0.0,0.06175251,0.0,0.0,0.9382475,0.0,0.0,0.0,0.0,0.0,0.0,0.0,0.0
5,4,0.0,0.06175251,0.0,0.0,0.9382475,0.0,0.0,0.0,0.0,0.0,0.0,0.0,0.0
5,4,0.0,0.06175251,0.0,0.0,0.9382475,0.0,0.0,0.0,0.0,0.0,0.0,0.0,0.0
5,4,0.0,0.06175251,0.0,0.0,0.9382475,0.0,0.0,0.0,0.0,0.0,0.0,0.0,0.0
5,4,0.0,0.06175251,0.0,0.0,0.9382475,0.0,0.0,0.0,0.0,0.0,0.0,0.0,0.0
5,4,0.0,0.06175251,0.0,0.0,0.9382475,0.0,0.0,0.0,0.0,0.0,0.0,0.0,0.0
5,4,0.0,0.06175251,0.0,0.0,0.9382475,0.0,0.0,0.0,0.0,0.0,0.0,0.0,0.0
5,4,0.0,0.06175251,0.0,0.0,0.9382475,0.0,0.0,0.0,0.0,0.0,0.0,0.0,0.0
5,4,0.0,0.06175251,0.0,0.0,0.9382475,0.0,0.0,0.0,0.0,0.0,0.0,0.0,0.0
5,4,0.0,0.06175251,0.0,0.0,0.9382475,0.0,0.0,0.0,0.0,0.0,0.0,0.0,0.0
5,4,0.0,0.06175251,0.0,0.0,0.9382475,0.0,0.0,0.0,0.0,0.0,0.0,0.0,0.0
5,4,0.0,0.06175251,0.0,0.0,0.9382475,0.0,0.0,0.0,0.0,0.0,0.0,0.0,0.0
5,4,0.0,0.06175251,0.0,0.0,0.9382475,0.0,0.0,0.0,0.0,0.0,0.0,0.0,0.0
5,4,0.0,0.06175251,0.0,0.0,0.9382475,0.0,0.0,0.0,0.0,0.0,0.0,0.0,0.0
5,4,0.0,0.06175251,0.0,0.0,0.9382475,0.0,0.0,0.0,0.0,0.0,0.0,0.0,0.0
5,4,0.0,0.06175251,0.0,0.0,0.9382475,0.0,0.0,0.0,0.0,0.0,0.0,0.0,0.0
5,4,0.0,0.06175251,0.0,0.0,0.9382475,0.0,0.0,0.0,0.0,0.0,0.0,0.0,0.0
5,4,0.0,0.06175251,0.0,0.0,0.9382475,0.0,0.0,0.0,0.0,0.0,0.0,0.0,0.0
5,4,0.0,0.06175251,0.0,0.0,0.9382475,0.0,0.0,0.0,0.0,0.0,0.0,0.0,0.0
5,4,0.0,0.06175251,0.0,0.0,0.9382475,0.0,0.0,0.0,0.0,0.0,0.0,0.0,0.0
5,4,0.0,0.06175251,0.0,0.0,0.9382475,0.0,0.0,0.0,0.0,0.0,0.0,0.0,0.0
5,4,0.0,0.06175251,0.0,0.0,0.9382475,0.0,0.0,0.0,0.0,0.0,0.0,0.0,0.0
5,4,0.0,0.06175251,0.0,0.0,0.9382475,0.0,0.0,0.0,0.0,0.0,0.0,0.0,0.0
5,4,0.0,0.06175251,0.0,0.0,0.9382475,0.0,0.0,0.0,0.0,0.0,0.0,0.0,0.0
5,4,0.0,0.06175251,0.0,0.0,0.9382475,0.0,0.0,0.0,0.0,0.0,0.0,0.0,0.0
5,4,0.0,0.06175251,0.0,0.0,0.9382475,0.0,0.0,0.0,0.0,0.0,0.0,0.0,0.0
5,4,0.0,0.06175251,0.0,0.0,0.9382475,0.0,0.0,0.0,0.0,0.0,0.0,0.0,0.0
5,4,0.0,0.06175251,0.0,0.0,0.9382475,0.0,0.0,0.0,0.0,0.0,0.0,0.0,0.0
5,4,0.0,0.06175251,0.0,0.0,0.9382475,0.0,0.0,0.0,0.0,0.0,0.0,0.0,0.0
5,4,0.0,0.06175251,0.0,0.0,0.9382475,0.0,0.0,0.0,0.0,0.0,0.0,0.0,0.0
5,4,0.0,0.06175251,0.0,0.0,0.9382475,0.0,0.0,0.0,0.0,0.0,0.0,0.0,0.0
5,4,0.0,0.06175251,0.0,0.0,0.9382475,0.0,0.0,0.0,0.0,0.0,0.0,0.0,0.0
5,4,0.0,0.06175251,0.0,0.0,0.9382475,0.0,0.0,0.0,0.0,0.0,0.0,0.0,0.0
5,4,0.0,0.06175251,0.0,0.0,0.9382475,0.0,0.0,0.0,0.0,0.0,0.0,0.0,0.0
5,4,0.0,0.06175251,0.0,0.0,0.9382475,0.0,0.0,0.0,0.0,0.0,0.0,0.0,0.0
5,4,0.0,0.06175251,0.0,0.0,0.9382475,0.0,0.0,0.0,0.0,0.0,0.0,0.0,0.0
5,4,0.0,0.06175251,0.0,0.0,0.9382475,0.0,0.0,0.0,0.0,0.0,0.0,0.0,0.0
5,4,0.0,0.06175251,0.0,0.0,0.9382475,0.0,0.0,0.0,0.0,0.0,0.0,0.0,0.0
5,4,0.0,0.06175251,0.0,0.0,0.9382475,0.0,0.0,0.0,0.0,0.0,0.0,0.0,0.0
5,4,0.0,0.06175251,0.0,0.0,0.9382475,0.0,0.0,0.0,0.0,0.0,0.0,0.0,0.0
5,4,0.0,0.06175251,0.0,0.0,0.9382475,0.0,0.0,0.0,0.0,0.0,0.0,0.0,0.0
5,4,0.0,0.06175251,0.0,0.0,0.9382475,0.0,0.0,0.0,0.0,0.0,0.0,0.0,0.0
5,4,0.0,0.06175251,0.0,0.0,0.9382475,0.0,0.0,0.0,0.0,0.0,0.0,0.0,0.0
5,4,0.0,0.06175251,0.0,0.0,0.9382475,0.0,0.0,0.0,0.0,0.0,0.0,0.0,0.0
5,4,0.0,0.06175251,0.0,0.0,0.9382475,0.0,0.0,0.0,0.0,0.0,0.0,0.0,0.0
5,4,0.0,0.06175251,0.0,0.0,0.9382475,0.0,0.0,0.0,0.0,0.0,0.0,0.0,0.0
5,4,0.0,0.06175251,0.0,0.0,0.9382475,0.0,0.0,0.0,0.0,0.0,0.0,0.0,0.0
5,4,0.0,0.06175251,0.0,0.0,0.9382475,0.0,0.0,0.0,0.0,0.0,0.0,0.0,0.0
5,4,0.0,0.06175251,0.0,0.0,0.9382475,0.0,0.0,0.0,0.0,0.0,0.0,0.0,0.0
5,4,0.0,0.06175251,0.0,0.0,0.9382475,0.0,0.0,0.0,0.0,0.0,0.0,0.0,0.0
5,4,0.0,0.06175251,0.0,0.0,0.9382475,0.0,0.0,0.0,0.0,0.0,0.0,0.0,0.0
5,4,0.0,0.06175251,0.0,0.0,0.9382475,0.0,0.0,0.0,0.0,0.0,0.0,0.0,0.0
5,4,0.0,0.06175251,0.0,0.0,0.9382475,0.0,0.0,0.0,0.0,0.0,0.0,0.0,0.0
5,4,0.0,0.06175251,0.0,0.0,0.9382475,0.0,0.0,0.0,0.0,0.0,0.0,0.0,0.0
5,4,0.0,0.06175251,0.0,0.0,0.9382475,0.0,0.0,0.0,0.0,0.0,0.0,0.0,0.0
5,4,0.0,0.06175251,0.0,0.0,0.9382475,0.0,0.0,0.0,0.0,0.0,0.0,0.0,0.0
5,4,0.0,0.06175251,0.0,0.0,0.9382475,0.0,0.0,0.0,0.0,0.0,0.0,0.0,0.0
5,4,0.0,0.06175251,0.0,0.0,0.9382475,0.0,0.0,0.0,0.0,0.0,0.0,0.0,0.0
5,4,0.0,0.06175251,0.0,0.0,0.9382475,0.0,0.0,0.0,0.0,0.0,0.0,0.0,0.0
5,4,0.0,0.06175251,0.0,0.0,0.9382475,0.0,0.0,0.0,0.0,0.0,0.0,0.0,0.0
5,4,0.0,0.06175251,0.0,0.0,0.9382475,0.0,0.0,0.0,0.0,0.0,0.0,0.0,0.0
5,4,0.0,0.06175251,0.0,0.0,0.9382475,0.0,0.0,0.0,0.0,0.0,0.0,0.0,0.0
5,4,0.0,0.06175251,0.0,0.0,0.9382475,0.0,0.0,0.0,0.0,0.0,0.0,0.0,0.0
5,4,0.0,0.06175251,0.0,0.0,0.9382475,0.0,0.0,0.0,0.0,0.0,0.0,0.0,0.0
5,4,0.0,0.06175251,0.0,0.0,0.9382475,0.0,0.0,0.0,0.0,0.0,0.0,0.0,0.0
5,4,0.0,0.06175251,0.0,0.0,0.9382475,0.0,0.0,0.0,0.0,0.0,0.0,0.0,0.0
5,4,0.0,0.06175251,0.0,0.0,0.9382475,0.0,0.0,0.0,0.0,0.0,0.0,0.0,0.0
5,4,0.0,0.06175251,0.0,0.0,0.9382475,0.0,0.0,0.0,0.0,0.0,0.0,0.0,0.0
5,4,0.0,0.06175251,0.0,0.0,0.9382475,0.0,0.0,0.0,0.0,0.0,0.0,0.0,0.0
5,4,0.0,0.06175251,0.0,0.0,0.9382475,0.0,0.0,0.0,0.0,0.0,0.0,0.0,0.0
5,4,0.0,0.06175251,0.0,0.0,0.9382475,0.0,0.0,0.0,0.0,0.0,0.0,0.0,0.0
5,4,0.0,0.06175251,0.0,0.0,0.9382475,0.0,0.0,0.0,0.0,0.0,0.0,0.0,0.0
5,4,0.0,0.06175251,0.0,0.0,0.9382475,0.0,0.0,0.0,0.0,0.0,0.0,0.0,0.0
5,4,0.0,0.06175251,0.0,0.0,0.9382475,0.0,0.0,0.0,0.0,0.0,0.0,0.0,0.0
5,4,0.0,0.06175251,0.0,0.0,0.9382475,0.0,0.0,0.0,0.0,0.0,0.0,0.0,0.0
5,4,0.0,0.06175251,0.0,0.0,0.9382475,0.0,0.0,0.0,0.0,0.0,0.0,0.0,0.0
5,4,0.0,0.06175251,0.0,0.0,0.9382475,0.0,0.0,0.0,0.0,0.0,0.0,0.0,0.0
5,4,0.0,0.06175251,0.0,0.0,0.9382475,0.0,0.0,0.0,0.0,0.0,0.0,0.0,0.0
5,4,0.0,0.06175251,0.0,0.0,0.9382475,0.0,0.0,0.0,0.0,0.0,0.0,0.0,0.0
5,4,0.0,0.06175251,0.0,0.0,0.9382475,0.0,0.0,0.0,0.0,0.0,0.0,0.0,0.0
5,4,0.0,0.06175251,0.0,0.0,0.9382475,0.0,0.0,0.0,0.0,0.0,0.0,0.0,0.0
5,4,0.0,0.06175251,0.0,0.0,0.9382475,0.0,0.0,0.0,0.0,0.0,0.0,0.0,0.0
5,4,0.0,0.06175251,0.0,0.0,0.9382475,0.0,0.0,0.0,0.0,0.0,0.0,0.0,0.0
5,4,0.0,0.06175251,0.0,0.0,0.9382475,0.0,0.0,0.0,0.0,0.0,0.0,0.0,0.0
5,4,0.0,0.06175251,0.0,0.0,0.9382475,0.0,0.0,0.0,0.0,0.0,0.0,0.0,0.0
5,4,0.0,0.06175251,0.0,0.0,0.9382475,0.0,0.0,0.0,0.0,0.0,0.0,0.0,0.0
5,4,0.0,0.06175251,0.0,0.0,0.9382475,0.0,0.0,0.0,0.0,0.0,0.0,0.0,0.0
5,4,0.0,0.06175251,0.0,0.0,0.9382475,0.0,0.0,0.0,0.0,0.0,0.0,0.0,0.0
5,4,0.0,0.06175251,0.0,0.0,0.9382475,0.0,0.0,0.0,0.0,0.0,0.0,0.0,0.0
5,4,0.0,0.06175251,0.0,0.0,0.9382475,0.0,0.0,0.0,0.0,0.0,0.0,0.0,0.0
5,4,0.0,0.06175251,0.0,0.0,0.9382475,0.0,0.0,0.0,0.0,0.0,0.0,0.0,0.0
5,4,0.0,0.06175251,0.0,0.0,0.9382475,0.0,0.0,0.0,0.0,0.0,0.0,0.0,0.0
5,4,0.0,0.06175251,0.0,0.0,0.9382475,0.0,0.0,0.0,0.0,0.0,0.0,0.0,0.0
5,4,0.0,0.06175251,0.0,0.0,0.9382475,0.0,0.0,0.0,0.0,0.0,0.0,0.0,0.0
5,4,0.0,0.06175251,0.0,0.0,0.9382475,0.0,0.0,0.0,0.0,0.0,0.0,0.0,0.0
5,4,0.0,0.06175251,0.0,0.0,0.9382475,0.0,0.0,0.0,0.0,0.0,0.0,0.0,0.0
5,4,0.0,0.06175251,0.0,0.0,0.9382475,0.0,0.0,0.0,0.0,0.0,0.0,0.0,0.0
5,4,0.0,0.06175251,0.0,0.0,0.9382475,0.0,0.0,0.0,0.0,0.0,0.0,0.0,0.0
5,4,0.0,0.06175251,0.0,0.0,0.9382475,0.0,0.0,0.0,0.0,0.0,0.0,0.0,0.0
5,4,0.0,0.06175251,0.0,0.0,0.9382475,0.0,0.0,0.0,0.0,0.0,0.0,0.0,0.0
5,4,0.0,0.06175251,0.0,0.0,0.9382475,0.0,0.0,0.0,0.0,0.0,0.0,0.0,0.0
5,4,0.0,0.06175251,0.0,0.0,0.9382475,0.0,0.0,0.0,0.0,0.0,0.0,0.0,0.0
5,4,0.0,0.06175251,0.0,0.0,0.9382475,0.0,0.0,0.0,0.0,0.0,0.0,0.0,0.0
5,4,0.0,0.06175251,0.0,0.0,0.9382475,0.0,0.0,0.0,0.0,0.0,0.0,0.0,0.0
5,4,0.0,0.06175251,0.0,0.0,0.9382475,0.0,0.0,0.0,0.0,0.0,0.0,0.0,0.0
5,4,0.0,0.06175251,0.0,0.0,0.9382475,0.0,0.0,0.0,0.0,0.0,0.0,0.0,0.0
5,4,0.0,0.06175251,0.0,0.0,0.9382475,0.0,0.0,0.0,0.0,0.0,0.0,0.0,0.0
5,4,0.0,0.06175251,0.0,0.0,0.9382475,0.0,0.0,0.0,0.0,0.0,0.0,0.0,0.0
5,4,0.0,0.06175251,0.0,0.0,0.9382475,0.0,0.0,0.0,0.0,0.0,0.0,0.0,0.0
5,4,0.0,0.06175251,0.0,0.0,0.9382475,0.0,0.0,0.0,0.0,0.0,0.0,0.0,0.0
5,4,0.0,0.06175251,0.0,0.0,0.9382475,0.0,0.0,0.0,0.0,0.0,0.0,0.0,0.0
5,4,0.0,0.06175251,0.0,0.0,0.9382475,0.0,0.0,0.0,0.0,0.0,0.0,0.0,0.0
5,4,0.0,0.06175251,0.0,0.0,0.9382475,0.0,0.0,0.0,0.0,0.0,0.0,0.0,0.0
5,4,0.0,0.06175251,0.0,0.0,0.9382475,0.0,0.0,0.0,0.0,0.0,0.0,0.0,0.0
5,4,0.0,0.06175251,0.0,0.0,0.9382475,0.0,0.0,0.0,0.0,0.0,0.0,0.0,0.0
5,4,0.0,0.06175251,0.0,0.0,0.9382475,0.0,0.0,0.0,0.0,0.0,0.0,0.0,0.0
5,4,0.0,0.06175251,0.0,0.0,0.9382475,0.0,0.0,0.0,0.0,0.0,0.0,0.0,0.0
5,4,0.0,0.06175251,0.0,0.0,0.9382475,0.0,0.0,0.0,0.0,0.0,0.0,0.0,0.0
5,4,0.0,0.06175251,0.0,0.0,0.9382475,0.0,0.0,0.0,0.0,0.0,0.0,0.0,0.0
5,4,0.0,0.06175251,0.0,0.0,0.9382475,0.0,0.0,0.0,0.0,0.0,0.0,0.0,0.0
5,4,0.0,0.06175251,0.0,0.0,0.9382475,0.0,0.0,0.0,0.0,0.0,0.0,0.0,0.0
5,4,0.0,0.06175251,0.0,0.0,0.9382475,0.0,0.0,0.0,0.0,0.0,0.0,0.0,0.0
5,4,0.0,0.06175251,0.0,0.0,0.9382475,0.0,0.0,0.0,0.0,0.0,0.0,0.0,0.0
5,4,0.0,0.06175251,0.0,0.0,0.9382475,0.0,0.0,0.0,0.0,0.0,0.0,0.0,0.0
5,4,0.0,0.06175251,0.0,0.0,0.9382475,0.0,0.0,0.0,0.0,0.0,0.0,0.0,0.0
5,4,0.0,0.06175251,0.0,0.0,0.9382475,0.0,0.0,0.0,0.0,0.0,0.0,0.0,0.0
5,4,0.0,0.06175251,0.0,0.0,0.9382475,0.0,0.0,0.0,0.0,0.0,0.0,0.0,0.0
5,4,0.0,0.06175251,0.0,0.0,0.9382475,0.0,0.0,0.0,0.0,0.0,0.0,0.0,0.0
5,4,0.0,0.06175251,0.0,0.0,0.9382475,0.0,0.0,0.0,0.0,0.0,0.0,0.0,0.0
5,4,0.0,0.06175251,0.0,0.0,0.9382475,0.0,0.0,0.0,0.0,0.0,0.0,0.0,0.0
5,4,0.0,0.06175251,0.0,0.0,0.9382475,0.0,0.0,0.0,0.0,0.0,0.0,0.0,0.0
5,4,0.0,0.06175251,0.0,0.0,0.9382475,0.0,0.0,0.0,0.0,0.0,0.0,0.0,0.0
5,4,0.0,0.06175251,0.0,0.0,0.9382475,0.0,0.0,0.0,0.0,0.0,0.0,0.0,0.0
5,4,0.0,0.06175251,0.0,0.0,0.9382475,0.0,0.0,0.0,0.0,0.0,0.0,0.0,0.0
5,4,0.0,0.06175251,0.0,0.0,0.9382475,0.0,0.0,0.0,0.0,0.0,0.0,0.0,0.0
5,4,0.0,0.06175251,0.0,0.0,0.9382475,0.0,0.0,0.0,0.0,0.0,0.0,0.0,0.0
5,4,0.0,0.06175251,0.0,0.0,0.9382475,0.0,0.0,0.0,0.0,0.0,0.0,0.0,0.0
5,4,0.0,0.06175251,0.0,0.0,0.9382475,0.0,0.0,0.0,0.0,0.0,0.0,0.0,0.0
5,4,0.0,0.06175251,0.0,0.0,0.9382475,0.0,0.0,0.0,0.0,0.0,0.0,0.0,0.0
5,4,0.0,0.06175251,0.0,0.0,0.9382475,0.0,0.0,0.0,0.0,0.0,0.0,0.0,0.0
5,4,0.0,0.06175251,0.0,0.0,0.9382475,0.0,0.0,0.0,0.0,0.0,0.0,0.0,0.0
5,4,0.0,0.06175251,0.0,0.0,0.9382475,0.0,0.0,0.0,0.0,0.0,0.0,0.0,0.0
5,4,0.0,0.06175251,0.0,0.0,0.9382475,0.0,0.0,0.0,0.0,0.0,0.0,0.0,0.0
5,4,0.0,0.06175251,0.0,0.0,0.9382475,0.0,0.0,0.0,0.0,0.0,0.0,0.0,0.0
5,4,0.0,0.06175251,0.0,0.0,0.9382475,0.0,0.0,0.0,0.0,0.0,0.0,0.0,0.0
5,4,0.0,0.06175251,0.0,0.0,0.9382475,0.0,0.0,0.0,0.0,0.0,0.0,0.0,0.0
5,4,0.0,0.06175251,0.0,0.0,0.9382475,0.0,0.0,0.0,0.0,0.0,0.0,0.0,0.0
5,4,0.0,0.06175251,0.0,0.0,0.9382475,0.0,0.0,0.0,0.0,0.0,0.0,0.0,0.0
5,4,0.0,0.06175251,0.0,0.0,0.9382475,0.0,0.0,0.0,0.0,0.0,0.0,0.0,0.0
5,4,0.0,0.06175251,0.0,0.0,0.9382475,0.0,0.0,0.0,0.0,0.0,0.0,0.0,0.0
5,4,0.0,0.06175251,0.0,0.0,0.9382475,0.0,0.0,0.0,0.0,0.0,0.0,0.0,0.0
5,4,0.0,0.06175251,0.0,0.0,0.9382475,0.0,0.0,0.0,0.0,0.0,0.0,0.0,0.0
5,4,0.0,0.06175251,0.0,0.0,0.9382475,0.0,0.0,0.0,0.0,0.0,0.0,0.0,0.0
5,4,0.0,0.06175251,0.0,0.0,0.9382475,0.0,0.0,0.0,0.0,0.0,0.0,0.0,0.0
5,4,0.0,0.06175251,0.0,0.0,0.9382475,0.0,0.0,0.0,0.0,0.0,0.0,0.0,0.0
5,4,0.0,0.06175251,0.0,0.0,0.9382475,0.0,0.0,0.0,0.0,0.0,0.0,0.0,0.0
5,4,0.0,0.06175251,0.0,0.0,0.9382475,0.0,0.0,0.0,0.0,0.0,0.0,0.0,0.0
5,4,0.0,0.06175251,0.0,0.0,0.9382475,0.0,0.0,0.0,0.0,0.0,0.0,0.0,0.0
5,4,0.0,0.06175251,0.0,0.0,0.9382475,0.0,0.0,0.0,0.0,0.0,0.0,0.0,0.0
5,4,0.0,0.06175251,0.0,0.0,0.9382475,0.0,0.0,0.0,0.0,0.0,0.0,0.0,0.0
5,4,0.0,0.06175251,0.0,0.0,0.9382475,0.0,0.0,0.0,0.0,0.0,0.0,0.0,0.0
5,4,0.0,0.06175251,0.0,0.0,0.9382475,0.0,0.0,0.0,0.0,0.0,0.0,0.0,0.0
5,4,0.0,0.06175251,0.0,0.0,0.9382475,0.0,0.0,0.0,0.0,0.0,0.0,0.0,0.0
5,4,0.0,0.06175251,0.0,0.0,0.9382475,0.0,0.0,0.0,0.0,0.0,0.0,0.0,0.0
5,4,0.0,0.06175251,0.0,0.0,0.9382475,0.0,0.0,0.0,0.0,0.0,0.0,0.0,0.0
5,4,0.0,0.06175251,0.0,0.0,0.9382475,0.0,0.0,0.0,0.0,0.0,0.0,0.0,0.0
5,4,0.0,0.06175251,0.0,0.0,0.9382475,0.0,0.0,0.0,0.0,0.0,0.0,0.0,0.0
5,4,0.0,0.06175251,0.0,0.0,0.9382475,0.0,0.0,0.0,0.0,0.0,0.0,0.0,0.0
5,4,0.0,0.06175251,0.0,0.0,0.9382475,0.0,0.0,0.0,0.0,0.0,0.0,0.0,0.0
5,4,0.0,0.06175251,0.0,0.0,0.9382475,0.0,0.0,0.0,0.0,0.0,0.0,0.0,0.0
5,4,0.0,0.06175251,0.0,0.0,0.9382475,0.0,0.0,0.0,0.0,0.0,0.0,0.0,0.0
5,4,0.0,0.06175251,0.0,0.0,0.9382475,0.0,0.0,0.0,0.0,0.0,0.0,0.0,0.0
5,4,0.0,0.06175251,0.0,0.0,0.9382475,0.0,0.0,0.0,0.0,0.0,0.0,0.0,0.0
5,4,0.0,0.06175251,0.0,0.0,0.9382475,0.0,0.0,0.0,0.0,0.0,0.0,0.0,0.0
5,4,0.0,0.06175251,0.0,0.0,0.9382475,0.0,0.0,0.0,0.0,0.0,0.0,0.0,0.0
5,4,0.0,0.06175251,0.0,0.0,0.9382475,0.0,0.0,0.0,0.0,0.0,0.0,0.0,0.0
5,4,0.0,0.06175251,0.0,0.0,0.9382475,0.0,0.0,0.0,0.0,0.0,0.0,0.0,0.0
5,4,0.0,0.06175251,0.0,0.0,0.9382475,0.0,0.0,0.0,0.0,0.0,0.0,0.0,0.0
5,4,0.0,0.06175251,0.0,0.0,0.9382475,0.0,0.0,0.0,0.0,0.0,0.0,0.0,0.0
5,4,0.0,0.06175251,0.0,0.0,0.9382475,0.0,0.0,0.0,0.0,0.0,0.0,0.0,0.0
5,4,0.0,0.06175251,0.0,0.0,0.9382475,0.0,0.0,0.0,0.0,0.0,0.0,0.0,0.0
5,4,0.0,0.06175251,0.0,0.0,0.9382475,0.0,0.0,0.0,0.0,0.0,0.0,0.0,0.0
5,4,0.0,0.06175251,0.0,0.0,0.9382475,0.0,0.0,0.0,0.0,0.0,0.0,0.0,0.0
5,4,0.0,0.06175251,0.0,0.0,0.9382475,0.0,0.0,0.0,0.0,0.0,0.0,0.0,0.0
5,4,0.0,0.06175251,0.0,0.0,0.9382475,0.0,0.0,0.0,0.0,0.0,0.0,0.0,0.0
5,4,0.0,0.06175251,0.0,0.0,0.9382475,0.0,0.0,0.0,0.0,0.0,0.0,0.0,0.0
5,4,0.0,0.06175251,0.0,0.0,0.9382475,0.0,0.0,0.0,0.0,0.0,0.0,0.0,0.0
5,4,0.0,0.06175251,0.0,0.0,0.9382475,0.0,0.0,0.0,0.0,0.0,0.0,0.0,0.0
5,4,0.0,0.06175251,0.0,0.0,0.9382475,0.0,0.0,0.0,0.0,0.0,0.0,0.0,0.0
5,4,0.0,0.06175251,0.0,0.0,0.9382475,0.0,0.0,0.0,0.0,0.0,0.0,0.0,0.0
5,4,0.0,0.06175251,0.0,0.0,0.9382475,0.0,0.0,0.0,0.0,0.0,0.0,0.0,0.0
5,4,0.0,0.06175251,0.0,0.0,0.9382475,0.0,0.0,0.0,0.0,0.0,0.0,0.0,0.0
5,4,0.0,0.06175251,0.0,0.0,0.9382475,0.0,0.0,0.0,0.0,0.0,0.0,0.0,0.0
5,4,0.0,0.06175251,0.0,0.0,0.9382475,0.0,0.0,0.0,0.0,0.0,0.0,0.0,0.0
5,4,0.0,0.06175251,0.0,0.0,0.9382475,0.0,0.0,0.0,0.0,0.0,0.0,0.0,0.0
5,4,0.0,0.06175251,0.0,0.0,0.9382475,0.0,0.0,0.0,0.0,0.0,0.0,0.0,0.0
5,4,0.0,0.06175251,0.0,0.0,0.9382475,0.0,0.0,0.0,0.0,0.0,0.0,0.0,0.0
5,4,0.0,0.06175251,0.0,0.0,0.9382475,0.0,0.0,0.0,0.0,0.0,0.0,0.0,0.0
5,4,0.0,0.06175251,0.0,0.0,0.9382475,0.0,0.0,0.0,0.0,0.0,0.0,0.0,0.0
5,4,0.0,0.06175251,0.0,0.0,0.9382475,0.0,0.0,0.0,0.0,0.0,0.0,0.0,0.0
5,4,0.0,0.06175251,0.0,0.0,0.9382475,0.0,0.0,0.0,0.0,0.0,0.0,0.0,0.0
5,4,0.0,0.06175251,0.0,0.0,0.9382475,0.0,0.0,0.0,0.0,0.0,0.0,0.0,0.0
5,4,0.0,0.06175251,0.0,0.0,0.9382475,0.0,0.0,0.0,0.0,0.0,0.0,0.0,0.0
5,4,0.0,0.06175251,0.0,0.0,0.9382475,0.0,0.0,0.0,0.0,0.0,0.0,0.0,0.0
5,4,0.0,0.06175251,0.0,0.0,0.9382475,0.0,0.0,0.0,0.0,0.0,0.0,0.0,0.0
5,4,0.0,0.06175251,0.0,0.0,0.9382475,0.0,0.0,0.0,0.0,0.0,0.0,0.0,0.0
5,4,0.0,0.06175251,0.0,0.0,0.9382475,0.0,0.0,0.0,0.0,0.0,0.0,0.0,0.0
5,4,0.0,0.06175251,0.0,0.0,0.9382475,0.0,0.0,0.0,0.0,0.0,0.0,0.0,0.0
5,4,0.0,0.06175251,0.0,0.0,0.9382475,0.0,0.0,0.0,0.0,0.0,0.0,0.0,0.0
5,4,0.0,0.06175251,0.0,0.0,0.9382475,0.0,0.0,0.0,0.0,0.0,0.0,0.0,0.0
5,4,0.0,0.06175251,0.0,0.0,0.9382475,0.0,0.0,0.0,0.0,0.0,0.0,0.0,0.0
5,4,0.0,0.06175251,0.0,0.0,0.9382475,0.0,0.0,0.0,0.0,0.0,0.0,0.0,0.0
5,4,0.0,0.06175251,0.0,0.0,0.9382475,0.0,0.0,0.0,0.0,0.0,0.0,0.0,0.0
5,4,0.0,0.06175251,0.0,0.0,0.9382475,0.0,0.0,0.0,0.0,0.0,0.0,0.0,0.0
5,4,0.0,0.06175251,0.0,0.0,0.9382475,0.0,0.0,0.0,0.0,0.0,0.0,0.0,0.0
5,4,0.0,0.06175251,0.0,0.0,0.9382475,0.0,0.0,0.0,0.0,0.0,0.0,0.0,0.0
5,4,0.0,0.06175251,0.0,0.0,0.9382475,0.0,0.0,0.0,0.0,0.0,0.0,0.0,0.0
5,4,0.0,0.06175251,0.0,0.0,0.9382475,0.0,0.0,0.0,0.0,0.0,0.0,0.0,0.0
5,4,0.0,0.06175251,0.0,0.0,0.9382475,0.0,0.0,0.0,0.0,0.0,0.0,0.0,0.0
5,4,0.0,0.06175251,0.0,0.0,0.9382475,0.0,0.0,0.0,0.0,0.0,0.0,0.0,0.0
5,4,0.0,0.06175251,0.0,0.0,0.9382475,0.0,0.0,0.0,0.0,0.0,0.0,0.0,0.0
5,4,0.0,0.06175251,0.0,0.0,0.9382475,0.0,0.0,0.0,0.0,0.0,0.0,0.0,0.0
5,4,0.0,0.06175251,0.0,0.0,0.9382475,0.0,0.0,0.0,0.0,0.0,0.0,0.0,0.0
5,4,0.0,0.06175251,0.0,0.0,0.9382475,0.0,0.0,0.0,0.0,0.0,0.0,0.0,0.0
5,4,0.0,0.06175251,0.0,0.0,0.9382475,0.0,0.0,0.0,0.0,0.0,0.0,0.0,0.0
5,4,0.0,0.06175251,0.0,0.0,0.9382475,0.0,0.0,0.0,0.0,0.0,0.0,0.0,0.0
5,4,0.0,0.06175251,0.0,0.0,0.9382475,0.0,0.0,0.0,0.0,0.0,0.0,0.0,0.0
5,4,0.0,0.06175251,0.0,0.0,0.9382475,0.0,0.0,0.0,0.0,0.0,0.0,0.0,0.0
5,4,0.0,0.06175251,0.0,0.0,0.9382475,0.0,0.0,0.0,0.0,0.0,0.0,0.0,0.0
5,4,0.0,0.06175251,0.0,0.0,0.9382475,0.0,0.0,0.0,0.0,0.0,0.0,0.0,0.0
5,4,0.0,0.06175251,0.0,0.0,0.9382475,0.0,0.0,0.0,0.0,0.0,0.0,0.0,0.0
5,4,0.0,0.06175251,0.0,0.0,0.9382475,0.0,0.0,0.0,0.0,0.0,0.0,0.0,0.0
5,4,0.0,0.06175251,0.0,0.0,0.9382475,0.0,0.0,0.0,0.0,0.0,0.0,0.0,0.0
5,4,0.0,0.06175251,0.0,0.0,0.9382475,0.0,0.0,0.0,0.0,0.0,0.0,0.0,0.0
5,4,0.0,0.06175251,0.0,0.0,0.9382475,0.0,0.0,0.0,0.0,0.0,0.0,0.0,0.0
5,4,0.0,0.06175251,0.0,0.0,0.9382475,0.0,0.0,0.0,0.0,0.0,0.0,0.0,0.0
5,4,0.0,0.06175251,0.0,0.0,0.9382475,0.0,0.0,0.0,0.0,0.0,0.0,0.0,0.0
5,4,0.0,0.06175251,0.0,0.0,0.9382475,0.0,0.0,0.0,0.0,0.0,0.0,0.0,0.0
5,4,0.0,0.06175251,0.0,0.0,0.9382475,0.0,0.0,0.0,0.0,0.0,0.0,0.0,0.0
5,4,0.0,0.06175251,0.0,0.0,0.9382475,0.0,0.0,0.0,0.0,0.0,0.0,0.0,0.0
5,4,0.0,0.06175251,0.0,0.0,0.9382475,0.0,0.0,0.0,0.0,0.0,0.0,0.0,0.0
5,4,0.0,0.06175251,0.0,0.0,0.9382475,0.0,0.0,0.0,0.0,0.0,0.0,0.0,0.0
5,4,0.0,0.06175251,0.0,0.0,0.9382475,0.0,0.0,0.0,0.0,0.0,0.0,0.0,0.0
5,4,0.0,0.06175251,0.0,0.0,0.9382475,0.0,0.0,0.0,0.0,0.0,0.0,0.0,0.0
5,4,0.0,0.06175251,0.0,0.0,0.9382475,0.0,0.0,0.0,0.0,0.0,0.0,0.0,0.0
5,4,0.0,0.06175251,0.0,0.0,0.9382475,0.0,0.0,0.0,0.0,0.0,0.0,0.0,0.0
5,4,0.0,0.06175251,0.0,0.0,0.9382475,0.0,0.0,0.0,0.0,0.0,0.0,0.0,0.0
5,4,0.0,0.06175251,0.0,0.0,0.9382475,0.0,0.0,0.0,0.0,0.0,0.0,0.0,0.0
5,4,0.0,0.06175251,0.0,0.0,0.9382475,0.0,0.0,0.0,0.0,0.0,0.0,0.0,0.0
5,4,0.0,0.06175251,0.0,0.0,0.9382475,0.0,0.0,0.0,0.0,0.0,0.0,0.0,0.0
5,4,0.0,0.06175251,0.0,0.0,0.9382475,0.0,0.0,0.0,0.0,0.0,0.0,0.0,0.0
5,4,0.0,0.06175251,0.0,0.0,0.9382475,0.0,0.0,0.0,0.0,0.0,0.0,0.0,0.0
5,4,0.0,0.06175251,0.0,0.0,0.9382475,0.0,0.0,0.0,0.0,0.0,0.0,0.0,0.0
5,4,0.0,0.06175251,0.0,0.0,0.9382475,0.0,0.0,0.0,0.0,0.0,0.0,0.0,0.0
5,4,0.0,0.06175251,0.0,0.0,0.9382475,0.0,0.0,0.0,0.0,0.0,0.0,0.0,0.0
5,4,0.0,0.06175251,0.0,0.0,0.9382475,0.0,0.0,0.0,0.0,0.0,0.0,0.0,0.0
5,4,0.0,0.06175251,0.0,0.0,0.9382475,0.0,0.0,0.0,0.0,0.0,0.0,0.0,0.0
5,4,0.0,0.06175251,0.0,0.0,0.9382475,0.0,0.0,0.0,0.0,0.0,0.0,0.0,0.0
5,4,0.0,0.06175251,0.0,0.0,0.9382475,0.0,0.0,0.0,0.0,0.0,0.0,0.0,0.0
5,4,0.0,0.06175251,0.0,0.0,0.9382475,0.0,0.0,0.0,0.0,0.0,0.0,0.0,0.0
5,4,0.0,0.06175251,0.0,0.0,0.9382475,0.0,0.0,0.0,0.0,0.0,0.0,0.0,0.0
5,4,0.0,0.06175251,0.0,0.0,0.9382475,0.0,0.0,0.0,0.0,0.0,0.0,0.0,0.0
5,4,0.0,0.06175251,0.0,0.0,0.9382475,0.0,0.0,0.0,0.0,0.0,0.0,0.0,0.0
5,4,0.0,0.06175251,0.0,0.0,0.9382475,0.0,0.0,0.0,0.0,0.0,0.0,0.0,0.0
5,4,0.0,0.06175251,0.0,0.0,0.9382475,0.0,0.0,0.0,0.0,0.0,0.0,0.0,0.0
5,4,0.0,0.06175251,0.0,0.0,0.9382475,0.0,0.0,0.0,0.0,0.0,0.0,0.0,0.0
5,4,0.0,0.06175251,0.0,0.0,0.9382475,0.0,0.0,0.0,0.0,0.0,0.0,0.0,0.0
5,4,0.0,0.06175251,0.0,0.0,0.9382475,0.0,0.0,0.0,0.0,0.0,0.0,0.0,0.0
5,4,0.0,0.06175251,0.0,0.0,0.9382475,0.0,0.0,0.0,0.0,0.0,0.0,0.0,0.0
5,4,0.0,0.06175251,0.0,0.0,0.9382475,0.0,0.0,0.0,0.0,0.0,0.0,0.0,0.0
5,4,0.0,0.06175251,0.0,0.0,0.9382475,0.0,0.0,0.0,0.0,0.0,0.0,0.0,0.0
5,4,0.0,0.06175251,0.0,0.0,0.9382475,0.0,0.0,0.0,0.0,0.0,0.0,0.0,0.0
5,4,0.0,0.06175251,0.0,0.0,0.9382475,0.0,0.0,0.0,0.0,0.0,0.0,0.0,0.0
5,4,0.0,0.06175251,0.0,0.0,0.9382475,0.0,0.0,0.0,0.0,0.0,0.0,0.0,0.0
5,4,0.0,0.06175251,0.0,0.0,0.9382475,0.0,0.0,0.0,0.0,0.0,0.0,0.0,0.0
5,4,0.0,0.06175251,0.0,0.0,0.9382475,0.0,0.0,0.0,0.0,0.0,0.0,0.0,0.0
5,4,0.0,0.06175251,0.0,0.0,0.9382475,0.0,0.0,0.0,0.0,0.0,0.0,0.0,0.0
5,4,0.0,0.06175251,0.0,0.0,0.9382475,0.0,0.0,0.0,0.0,0.0,0.0,0.0,0.0
5,4,0.0,0.06175251,0.0,0.0,0.9382475,0.0,0.0,0.0,0.0,0.0,0.0,0.0,0.0
5,4,0.0,0.06175251,0.0,0.0,0.9382475,0.0,0.0,0.0,0.0,0.0,0.0,0.0,0.0
5,4,0.0,0.06175251,0.0,0.0,0.9382475,0.0,0.0,0.0,0.0,0.0,0.0,0.0,0.0
5,4,0.0,0.06175251,0.0,0.0,0.9382475,0.0,0.0,0.0,0.0,0.0,0.0,0.0,0.0
5,4,0.0,0.06175251,0.0,0.0,0.9382475,0.0,0.0,0.0,0.0,0.0,0.0,0.0,0.0
5,4,0.0,0.06175251,0.0,0.0,0.9382475,0.0,0.0,0.0,0.0,0.0,0.0,0.0,0.0
5,4,0.0,0.06175251,0.0,0.0,0.9382475,0.0,0.0,0.0,0.0,0.0,0.0,0.0,0.0
5,4,0.0,0.06175251,0.0,0.0,0.9382475,0.0,0.0,0.0,0.0,0.0,0.0,0.0,0.0
5,4,0.0,0.06175251,0.0,0.0,0.9382475,0.0,0.0,0.0,0.0,0.0,0.0,0.0,0.0
5,4,0.0,0.06175251,0.0,0.0,0.9382475,0.0,0.0,0.0,0.0,0.0,0.0,0.0,0.0
5,4,0.0,0.06175251,0.0,0.0,0.9382475,0.0,0.0,0.0,0.0,0.0,0.0,0.0,0.0
5,4,0.0,0.06175251,0.0,0.0,0.9382475,0.0,0.0,0.0,0.0,0.0,0.0,0.0,0.0
5,4,0.0,0.06175251,0.0,0.0,0.9382475,0.0,0.0,0.0,0.0,0.0,0.0,0.0,0.0
5,4,0.0,0.06175251,0.0,0.0,0.9382475,0.0,0.0,0.0,0.0,0.0,0.0,0.0,0.0
5,4,0.0,0.06175251,0.0,0.0,0.9382475,0.0,0.0,0.0,0.0,0.0,0.0,0.0,0.0
5,4,0.0,0.06175251,0.0,0.0,0.9382475,0.0,0.0,0.0,0.0,0.0,0.0,0.0,0.0
5,4,0.0,0.06175251,0.0,0.0,0.9382475,0.0,0.0,0.0,0.0,0.0,0.0,0.0,0.0
5,4,0.0,0.06175251,0.0,0.0,0.9382475,0.0,0.0,0.0,0.0,0.0,0.0,0.0,0.0
5,4,0.0,0.06175251,0.0,0.0,0.9382475,0.0,0.0,0.0,0.0,0.0,0.0,0.0,0.0
5,4,0.0,0.06175251,0.0,0.0,0.9382475,0.0,0.0,0.0,0.0,0.0,0.0,0.0,0.0
5,4,0.0,0.06175251,0.0,0.0,0.9382475,0.0,0.0,0.0,0.0,0.0,0.0,0.0,0.0
5,4,0.0,0.06175251,0.0,0.0,0.9382475,0.0,0.0,0.0,0.0,0.0,0.0,0.0,0.0
5,4,0.0,0.06175251,0.0,0.0,0.9382475,0.0,0.0,0.0,0.0,0.0,0.0,0.0,0.0
5,4,0.0,0.06175251,0.0,0.0,0.9382475,0.0,0.0,0.0,0.0,0.0,0.0,0.0,0.0
5,4,0.0,0.06175251,0.0,0.0,0.9382475,0.0,0.0,0.0,0.0,0.0,0.0,0.0,0.0
5,4,0.0,0.06175251,0.0,0.0,0.9382475,0.0,0.0,0.0,0.0,0.0,0.0,0.0,0.0
5,4,0.0,0.06175251,0.0,0.0,0.9382475,0.0,0.0,0.0,0.0,0.0,0.0,0.0,0.0
5,4,0.0,0.06175251,0.0,0.0,0.9382475,0.0,0.0,0.0,0.0,0.0,0.0,0.0,0.0
5,4,0.0,0.06175251,0.0,0.0,0.9382475,0.0,0.0,0.0,0.0,0.0,0.0,0.0,0.0
5,4,0.0,0.06175251,0.0,0.0,0.9382475,0.0,0.0,0.0,0.0,0.0,0.0,0.0,0.0
5,4,0.0,0.06175251,0.0,0.0,0.9382475,0.0,0.0,0.0,0.0,0.0,0.0,0.0,0.0
5,4,0.0,0.06175251,0.0,0.0,0.9382475,0.0,0.0,0.0,0.0,0.0,0.0,0.0,0.0
5,4,0.0,0.06175251,0.0,0.0,0.9382475,0.0,0.0,0.0,0.0,0.0,0.0,0.0,0.0
5,4,0.0,0.06175251,0.0,0.0,0.9382475,0.0,0.0,0.0,0.0,0.0,0.0,0.0,0.0
5,4,0.0,0.06175251,0.0,0.0,0.9382475,0.0,0.0,0.0,0.0,0.0,0.0,0.0,0.0
5,4,0.0,0.06175251,0.0,0.0,0.9382475,0.0,0.0,0.0,0.0,0.0,0.0,0.0,0.0
5,4,0.0,0.06175251,0.0,0.0,0.9382475,0.0,0.0,0.0,0.0,0.0,0.0,0.0,0.0
5,4,0.0,0.06175251,0.0,0.0,0.9382475,0.0,0.0,0.0,0.0,0.0,0.0,0.0,0.0
5,4,0.0,0.06175251,0.0,0.0,0.9382475,0.0,0.0,0.0,0.0,0.0,0.0,0.0,0.0
5,4,0.0,0.06175251,0.0,0.0,0.9382475,0.0,0.0,0.0,0.0,0.0,0.0,0.0,0.0
5,4,0.0,0.06175251,0.0,0.0,0.9382475,0.0,0.0,0.0,0.0,0.0,0.0,0.0,0.0
5,4,0.0,0.06175251,0.0,0.0,0.9382475,0.0,0.0,0.0,0.0,0.0,0.0,0.0,0.0
5,4,0.0,0.06175251,0.0,0.0,0.9382475,0.0,0.0,0.0,0.0,0.0,0.0,0.0,0.0
5,4,0.0,0.06175251,0.0,0.0,0.9382475,0.0,0.0,0.0,0.0,0.0,0.0,0.0,0.0
5,4,0.0,0.06175251,0.0,0.0,0.9382475,0.0,0.0,0.0,0.0,0.0,0.0,0.0,0.0
5,4,0.0,0.06175251,0.0,0.0,0.9382475,0.0,0.0,0.0,0.0,0.0,0.0,0.0,0.0
5,4,0.0,0.12681614,0.0,0.0,0.87318385,0.0,0.0,0.0,0.0,0.0,0.0,0.0,0.0
5,4,0.0,0.12681614,0.0,0.0,0.87318385,0.0,0.0,0.0,0.0,0.0,0.0,0.0,0.0
5,4,0.0,0.12681614,0.0,0.0,0.87318385,0.0,0.0,0.0,0.0,0.0,0.0,0.0,0.0
5,4,0.0,0.12681614,0.0,0.0,0.87318385,0.0,0.0,0.0,0.0,0.0,0.0,0.0,0.0
5,4,0.0,0.12681614,0.0,0.0,0.87318385,0.0,0.0,0.0,0.0,0.0,0.0,0.0,0.0
5,4,0.0,0.12681614,0.0,0.0,0.87318385,0.0,0.0,0.0,0.0,0.0,0.0,0.0,0.0
5,4,0.0,0.12681614,0.0,0.0,0.87318385,0.0,0.0,0.0,0.0,0.0,0.0,0.0,0.0
5,4,0.0,0.12681614,0.0,0.0,0.87318385,0.0,0.0,0.0,0.0,0.0,0.0,0.0,0.0
5,4,0.0,0.12681614,0.0,0.0,0.87318385,0.0,0.0,0.0,0.0,0.0,0.0,0.0,0.0
5,4,0.0,0.12681614,0.0,0.0,0.87318385,0.0,0.0,0.0,0.0,0.0,0.0,0.0,0.0
5,4,0.0,0.12681614,0.0,0.0,0.87318385,0.0,0.0,0.0,0.0,0.0,0.0,0.0,0.0
5,4,0.0,0.12681614,0.0,0.0,0.87318385,0.0,0.0,0.0,0.0,0.0,0.0,0.0,0.0
5,4,0.0,0.12681614,0.0,0.0,0.87318385,0.0,0.0,0.0,0.0,0.0,0.0,0.0,0.0
5,4,0.0,0.12681614,0.0,0.0,0.87318385,0.0,0.0,0.0,0.0,0.0,0.0,0.0,0.0
5,4,0.0,0.12681614,0.0,0.0,0.87318385,0.0,0.0,0.0,0.0,0.0,0.0,0.0,0.0
5,4,0.0,0.12681614,0.0,0.0,0.87318385,0.0,0.0,0.0,0.0,0.0,0.0,0.0,0.0
5,4,0.0,0.12681614,0.0,0.0,0.87318385,0.0,0.0,0.0,0.0,0.0,0.0,0.0,0.0
5,4,0.0,0.12681614,0.0,0.0,0.87318385,0.0,0.0,0.0,0.0,0.0,0.0,0.0,0.0
5,4,0.0,0.12681614,0.0,0.0,0.87318385,0.0,0.0,0.0,0.0,0.0,0.0,0.0,0.0
5,4,0.0,0.12681614,0.0,0.0,0.87318385,0.0,0.0,0.0,0.0,0.0,0.0,0.0,0.0
5,4,0.0,0.12681614,0.0,0.0,0.87318385,0.0,0.0,0.0,0.0,0.0,0.0,0.0,0.0
5,4,0.0,0.12681614,0.0,0.0,0.87318385,0.0,0.0,0.0,0.0,0.0,0.0,0.0,0.0
5,4,0.0,0.12681614,0.0,0.0,0.87318385,0.0,0.0,0.0,0.0,0.0,0.0,0.0,0.0
5,4,0.0,0.12681614,0.0,0.0,0.87318385,0.0,0.0,0.0,0.0,0.0,0.0,0.0,0.0
5,4,0.0,0.06506362,0.0,0.0,0.9349364,0.0,0.0,0.0,0.0,0.0,0.0,0.0,0.0
5,4,0.0,0.06506362,0.0,0.0,0.9349364,0.0,0.0,0.0,0.0,0.0,0.0,0.0,0.0
5,4,0.0,0.06506362,0.0,0.0,0.9349364,0.0,0.0,0.0,0.0,0.0,0.0,0.0,0.0
5,4,0.0,0.06506362,0.0,0.0,0.9349364,0.0,0.0,0.0,0.0,0.0,0.0,0.0,0.0
5,4,0.0,0.06506362,0.0,0.0,0.9349364,0.0,0.0,0.0,0.0,0.0,0.0,0.0,0.0
5,4,0.0,0.06506362,0.0,0.0,0.9349364,0.0,0.0,0.0,0.0,0.0,0.0,0.0,0.0
5,4,0.0,0.06506362,0.0,0.0,0.9349364,0.0,0.0,0.0,0.0,0.0,0.0,0.0,0.0
5,4,0.0,0.06506362,0.0,0.0,0.9349364,0.0,0.0,0.0,0.0,0.0,0.0,0.0,0.0
5,4,0.0,0.06506362,0.0,0.0,0.9349364,0.0,0.0,0.0,0.0,0.0,0.0,0.0,0.0
5,4,0.0,0.06506362,0.0,0.0,0.9349364,0.0,0.0,0.0,0.0,0.0,0.0,0.0,0.0
5,4,0.0,0.06506362,0.0,0.0,0.9349364,0.0,0.0,0.0,0.0,0.0,0.0,0.0,0.0
5,4,0.0,0.06506362,0.0,0.0,0.9349364,0.0,0.0,0.0,0.0,0.0,0.0,0.0,0.0
5,4,0.0,0.06506362,0.0,0.0,0.9349364,0.0,0.0,0.0,0.0,0.0,0.0,0.0,0.0
5,4,0.0,0.06506362,0.0,0.0,0.9349364,0.0,0.0,0.0,0.0,0.0,0.0,0.0,0.0
5,4,0.0,0.06506362,0.0,0.0,0.9349364,0.0,0.0,0.0,0.0,0.0,0.0,0.0,0.0
5,4,0.0,0.06506362,0.0,0.0,0.9349364,0.0,0.0,0.0,0.0,0.0,0.0,0.0,0.0
5,4,0.0,0.06506362,0.0,0.0,0.9349364,0.0,0.0,0.0,0.0,0.0,0.0,0.0,0.0
5,4,0.0,0.06506362,0.0,0.0,0.9349364,0.0,0.0,0.0,0.0,0.0,0.0,0.0,0.0
5,4,0.0,0.06506362,0.0,0.0,0.9349364,0.0,0.0,0.0,0.0,0.0,0.0,0.0,0.0
5,4,0.0,0.06506362,0.0,0.0,0.9349364,0.0,0.0,0.0,0.0,0.0,0.0,0.0,0.0
5,4,0.0,0.06506362,0.0,0.0,0.9349364,0.0,0.0,0.0,0.0,0.0,0.0,0.0,0.0
5,4,0.0,0.06506362,0.0,0.0,0.9349364,0.0,0.0,0.0,0.0,0.0,0.0,0.0,0.0
5,4,0.0,0.06506362,0.0,0.0,0.9349364,0.0,0.0,0.0,0.0,0.0,0.0,0.0,0.0
5,4,0.0,0.06506362,0.0,0.0,0.9349364,0.0,0.0,0.0,0.0,0.0,0.0,0.0,0.0
5,4,0.0,0.06506362,0.0,0.0,0.9349364,0.0,0.0,0.0,0.0,0.0,0.0,0.0,0.0
5,4,0.0,0.06506362,0.0,0.0,0.9349364,0.0,0.0,0.0,0.0,0.0,0.0,0.0,0.0
5,4,0.0,0.06506362,0.0,0.0,0.9349364,0.0,0.0,0.0,0.0,0.0,0.0,0.0,0.0
5,4,0.0,0.06506362,0.0,0.0,0.9349364,0.0,0.0,0.0,0.0,0.0,0.0,0.0,0.0
5,4,0.0,0.06506362,0.0,0.0,0.9349364,0.0,0.0,0.0,0.0,0.0,0.0,0.0,0.0
5,4,0.0,0.06506362,0.0,0.0,0.9349364,0.0,0.0,0.0,0.0,0.0,0.0,0.0,0.0
5,4,0.0,0.06506362,0.0,0.0,0.9349364,0.0,0.0,0.0,0.0,0.0,0.0,0.0,0.0
5,4,0.0,0.06506362,0.0,0.0,0.9349364,0.0,0.0,0.0,0.0,0.0,0.0,0.0,0.0
5,4,0.0,0.06506362,0.0,0.0,0.9349364,0.0,0.0,0.0,0.0,0.0,0.0,0.0,0.0
5,4,0.0,0.06506362,0.0,0.0,0.9349364,0.0,0.0,0.0,0.0,0.0,0.0,0.0,0.0
5,4,0.0,0.06506362,0.0,0.0,0.9349364,0.0,0.0,0.0,0.0,0.0,0.0,0.0,0.0
5,4,0.0,0.06506362,0.0,0.0,0.9349364,0.0,0.0,0.0,0.0,0.0,0.0,0.0,0.0
5,4,0.0,0.06506362,0.0,0.0,0.9349364,0.0,0.0,0.0,0.0,0.0,0.0,0.0,0.0
5,4,0.0,0.06506362,0.0,0.0,0.9349364,0.0,0.0,0.0,0.0,0.0,0.0,0.0,0.0
5,4,0.0,0.06506362,0.0,0.0,0.9349364,0.0,0.0,0.0,0.0,0.0,0.0,0.0,0.0
5,4,0.0,0.06506362,0.0,0.0,0.9349364,0.0,0.0,0.0,0.0,0.0,0.0,0.0,0.0
5,4,0.0,0.06506362,0.0,0.0,0.9349364,0.0,0.0,0.0,0.0,0.0,0.0,0.0,0.0
5,4,0.0,0.06506362,0.0,0.0,0.9349364,0.0,0.0,0.0,0.0,0.0,0.0,0.0,0.0
5,4,0.0,0.06506362,0.0,0.0,0.9349364,0.0,0.0,0.0,0.0,0.0,0.0,0.0,0.0
5,4,0.0,0.06506362,0.0,0.0,0.9349364,0.0,0.0,0.0,0.0,0.0,0.0,0.0,0.0
5,4,0.0,0.06506362,0.0,0.0,0.9349364,0.0,0.0,0.0,0.0,0.0,0.0,0.0,0.0
5,4,0.0,0.06506362,0.0,0.0,0.9349364,0.0,0.0,0.0,0.0,0.0,0.0,0.0,0.0
5,4,0.0,0.06506362,0.0,0.0,0.9349364,0.0,0.0,0.0,0.0,0.0,0.0,0.0,0.0
5,4,0.0,0.06506362,0.0,0.0,0.9349364,0.0,0.0,0.0,0.0,0.0,0.0,0.0,0.0
5,4,0.0,0.06506362,0.0,0.0,0.9349364,0.0,0.0,0.0,0.0,0.0,0.0,0.0,0.0
5,4,0.0,0.06506362,0.0,0.0,0.9349364,0.0,0.0,0.0,0.0,0.0,0.0,0.0,0.0
5,4,0.0,0.06506362,0.0,0.0,0.9349364,0.0,0.0,0.0,0.0,0.0,0.0,0.0,0.0
5,4,0.0,0.06506362,0.0,0.0,0.9349364,0.0,0.0,0.0,0.0,0.0,0.0,0.0,0.0
5,4,0.0,0.06506362,0.0,0.0,0.9349364,0.0,0.0,0.0,0.0,0.0,0.0,0.0,0.0
5,4,0.0,0.06506362,0.0,0.0,0.9349364,0.0,0.0,0.0,0.0,0.0,0.0,0.0,0.0
5,4,0.0,0.06506362,0.0,0.0,0.9349364,0.0,0.0,0.0,0.0,0.0,0.0,0.0,0.0
5,4,0.0,0.06506362,0.0,0.0,0.9349364,0.0,0.0,0.0,0.0,0.0,0.0,0.0,0.0
5,4,0.0,0.06506362,0.0,0.0,0.9349364,0.0,0.0,0.0,0.0,0.0,0.0,0.0,0.0
5,4,0.0,0.06506362,0.0,0.0,0.9349364,0.0,0.0,0.0,0.0,0.0,0.0,0.0,0.0
5,4,0.0,0.06506362,0.0,0.0,0.9349364,0.0,0.0,0.0,0.0,0.0,0.0,0.0,0.0
5,4,0.0,0.06506362,0.0,0.0,0.9349364,0.0,0.0,0.0,0.0,0.0,0.0,0.0,0.0
5,4,0.0,0.06506362,0.0,0.0,0.9349364,0.0,0.0,0.0,0.0,0.0,0.0,0.0,0.0
5,4,0.0,0.06506362,0.0,0.0,0.9349364,0.0,0.0,0.0,0.0,0.0,0.0,0.0,0.0
5,4,0.0,0.06506362,0.0,0.0,0.9349364,0.0,0.0,0.0,0.0,0.0,0.0,0.0,0.0
5,4,0.0,0.06506362,0.0,0.0,0.9349364,0.0,0.0,0.0,0.0,0.0,0.0,0.0,0.0
5,4,0.0,0.06506362,0.0,0.0,0.9349364,0.0,0.0,0.0,0.0,0.0,0.0,0.0,0.0
5,4,0.0,0.06506362,0.0,0.0,0.9349364,0.0,0.0,0.0,0.0,0.0,0.0,0.0,0.0
5,4,0.0,0.06506362,0.0,0.0,0.9349364,0.0,0.0,0.0,0.0,0.0,0.0,0.0,0.0
5,4,0.0,0.06506362,0.0,0.0,0.9349364,0.0,0.0,0.0,0.0,0.0,0.0,0.0,0.0
5,4,0.0,0.06506362,0.0,0.0,0.9349364,0.0,0.0,0.0,0.0,0.0,0.0,0.0,0.0
5,4,0.0,0.06506362,0.0,0.0,0.9349364,0.0,0.0,0.0,0.0,0.0,0.0,0.0,0.0
5,4,0.0,0.06506362,0.0,0.0,0.9349364,0.0,0.0,0.0,0.0,0.0,0.0,0.0,0.0
5,4,0.0,0.06506362,0.0,0.0,0.9349364,0.0,0.0,0.0,0.0,0.0,0.0,0.0,0.0
5,4,0.0,0.06506362,0.0,0.0,0.9349364,0.0,0.0,0.0,0.0,0.0,0.0,0.0,0.0
5,4,0.0,0.06506362,0.0,0.0,0.9349364,0.0,0.0,0.0,0.0,0.0,0.0,0.0,0.0
5,4,0.0,0.06506362,0.0,0.0,0.9349364,0.0,0.0,0.0,0.0,0.0,0.0,0.0,0.0
5,4,0.0,0.06506362,0.0,0.0,0.9349364,0.0,0.0,0.0,0.0,0.0,0.0,0.0,0.0
5,4,0.0,0.06506362,0.0,0.0,0.9349364,0.0,0.0,0.0,0.0,0.0,0.0,0.0,0.0
5,4,0.0,0.06506362,0.0,0.0,0.9349364,0.0,0.0,0.0,0.0,0.0,0.0,0.0,0.0
5,4,0.0,0.06506362,0.0,0.0,0.9349364,0.0,0.0,0.0,0.0,0.0,0.0,0.0,0.0
5,4,0.0,0.06506362,0.0,0.0,0.9349364,0.0,0.0,0.0,0.0,0.0,0.0,0.0,0.0
5,4,0.0,0.06506362,0.0,0.0,0.9349364,0.0,0.0,0.0,0.0,0.0,0.0,0.0,0.0
5,4,0.0,0.06506362,0.0,0.0,0.9349364,0.0,0.0,0.0,0.0,0.0,0.0,0.0,0.0
5,4,0.0,0.06506362,0.0,0.0,0.9349364,0.0,0.0,0.0,0.0,0.0,0.0,0.0,0.0
5,4,0.0,0.06506362,0.0,0.0,0.9349364,0.0,0.0,0.0,0.0,0.0,0.0,0.0,0.0
5,4,0.0,0.06506362,0.0,0.0,0.9349364,0.0,0.0,0.0,0.0,0.0,0.0,0.0,0.0
5,4,0.0,0.06506362,0.0,0.0,0.9349364,0.0,0.0,0.0,0.0,0.0,0.0,0.0,0.0
5,4,0.0,0.06506362,0.0,0.0,0.9349364,0.0,0.0,0.0,0.0,0.0,0.0,0.0,0.0
5,4,0.0,0.06506362,0.0,0.0,0.9349364,0.0,0.0,0.0,0.0,0.0,0.0,0.0,0.0
5,4,0.0,0.06506362,0.0,0.0,0.9349364,0.0,0.0,0.0,0.0,0.0,0.0,0.0,0.0
5,4,0.0,0.06506362,0.0,0.0,0.9349364,0.0,0.0,0.0,0.0,0.0,0.0,0.0,0.0
5,4,0.0,0.06506362,0.0,0.0,0.9349364,0.0,0.0,0.0,0.0,0.0,0.0,0.0,0.0
5,4,0.0,0.06506362,0.0,0.0,0.9349364,0.0,0.0,0.0,0.0,0.0,0.0,0.0,0.0
5,4,0.0,0.06506362,0.0,0.0,0.9349364,0.0,0.0,0.0,0.0,0.0,0.0,0.0,0.0
5,4,0.0,0.06506362,0.0,0.0,0.9349364,0.0,0.0,0.0,0.0,0.0,0.0,0.0,0.0
5,4,0.0,0.06506362,0.0,0.0,0.9349364,0.0,0.0,0.0,0.0,0.0,0.0,0.0,0.0
5,4,0.0,0.06506362,0.0,0.0,0.9349364,0.0,0.0,0.0,0.0,0.0,0.0,0.0,0.0
5,4,0.0,0.06506362,0.0,0.0,0.9349364,0.0,0.0,0.0,0.0,0.0,0.0,0.0,0.0
5,4,0.0,0.06506362,0.0,0.0,0.9349364,0.0,0.0,0.0,0.0,0.0,0.0,0.0,0.0
5,4,0.0,0.06506362,0.0,0.0,0.9349364,0.0,0.0,0.0,0.0,0.0,0.0,0.0,0.0
5,4,0.0,0.06506362,0.0,0.0,0.9349364,0.0,0.0,0.0,0.0,0.0,0.0,0.0,0.0
5,4,0.0,0.06506362,0.0,0.0,0.9349364,0.0,0.0,0.0,0.0,0.0,0.0,0.0,0.0
5,4,0.0,0.06506362,0.0,0.0,0.9349364,0.0,0.0,0.0,0.0,0.0,0.0,0.0,0.0
5,4,0.0,0.06506362,0.0,0.0,0.9349364,0.0,0.0,0.0,0.0,0.0,0.0,0.0,0.0
5,4,0.0,0.06506362,0.0,0.0,0.9349364,0.0,0.0,0.0,0.0,0.0,0.0,0.0,0.0
5,4,0.0,0.06506362,0.0,0.0,0.9349364,0.0,0.0,0.0,0.0,0.0,0.0,0.0,0.0
5,4,0.0,0.06506362,0.0,0.0,0.9349364,0.0,0.0,0.0,0.0,0.0,0.0,0.0,0.0
5,4,0.0,0.06506362,0.0,0.0,0.9349364,0.0,0.0,0.0,0.0,0.0,0.0,0.0,0.0
5,4,0.0,0.06506362,0.0,0.0,0.9349364,0.0,0.0,0.0,0.0,0.0,0.0,0.0,0.0
5,4,0.0,0.0,0.0,0.0,1.0,0.0,0.0,0.0,0.0,0.0,0.0,0.0,0.0
5,4,0.0,0.0,0.0,0.0,1.0,0.0,0.0,0.0,0.0,0.0,0.0,0.0,0.0
5,4,0.0,0.0,0.0,0.0,1.0,0.0,0.0,0.0,0.0,0.0,0.0,0.0,0.0
5,4,0.0,0.0,0.0,0.0,1.0,0.0,0.0,0.0,0.0,0.0,0.0,0.0,0.0
5,4,0.0,0.0,0.0,0.0,1.0,0.0,0.0,0.0,0.0,0.0,0.0,0.0,0.0
5,4,0.0,0.0,0.0,0.0,1.0,0.0,0.0,0.0,0.0,0.0,0.0,0.0,0.0
5,4,0.0,0.0,0.0,0.0,1.0,0.0,0.0,0.0,0.0,0.0,0.0,0.0,0.0
5,4,0.0,0.0,0.0,0.0,1.0,0.0,0.0,0.0,0.0,0.0,0.0,0.0,0.0
5,4,0.0,0.0,0.0,0.0,1.0,0.0,0.0,0.0,0.0,0.0,0.0,0.0,0.0
5,4,0.0,0.0,0.0,0.0,1.0,0.0,0.0,0.0,0.0,0.0,0.0,0.0,0.0
5,4,0.0,0.0,0.0,0.0,1.0,0.0,0.0,0.0,0.0,0.0,0.0,0.0,0.0
5,4,0.0,0.0,0.0,0.0,1.0,0.0,0.0,0.0,0.0,0.0,0.0,0.0,0.0
5,4,0.0,0.0,0.0,0.0,1.0,0.0,0.0,0.0,0.0,0.0,0.0,0.0,0.0
5,4,0.0,0.0,0.0,0.0,1.0,0.0,0.0,0.0,0.0,0.0,0.0,0.0,0.0
5,4,0.0,0.0,0.0,0.0,1.0,0.0,0.0,0.0,0.0,0.0,0.0,0.0,0.0
5,4,0.0,0.0,0.0,0.0,1.0,0.0,0.0,0.0,0.0,0.0,0.0,0.0,0.0
5,4,0.0,0.0,0.0,0.0,1.0,0.0,0.0,0.0,0.0,0.0,0.0,0.0,0.0
5,4,0.0,0.0,0.0,0.0,1.0,0.0,0.0,0.0,0.0,0.0,0.0,0.0,0.0
5,4,0.0,0.0,0.0,0.0,1.0,0.0,0.0,0.0,0.0,0.0,0.0,0.0,0.0
5,4,0.0,0.0,0.0,0.0,1.0,0.0,0.0,0.0,0.0,0.0,0.0,0.0,0.0
5,4,0.0,0.0,0.0,0.0,1.0,0.0,0.0,0.0,0.0,0.0,0.0,0.0,0.0
5,4,0.0,0.0,0.0,0.0,1.0,0.0,0.0,0.0,0.0,0.0,0.0,0.0,0.0
5,4,0.0,0.0,0.0,0.0,1.0,0.0,0.0,0.0,0.0,0.0,0.0,0.0,0.0
5,4,0.0,0.0,0.0,0.0,1.0,0.0,0.0,0.0,0.0,0.0,0.0,0.0,0.0
5,4,0.0,0.0,0.0,0.0,1.0,0.0,0.0,0.0,0.0,0.0,0.0,0.0,0.0
5,4,0.0,0.0,0.0,0.0,1.0,0.0,0.0,0.0,0.0,0.0,0.0,0.0,0.0
5,4,0.0,0.0,0.0,0.0,1.0,0.0,0.0,0.0,0.0,0.0,0.0,0.0,0.0
5,4,0.0,0.0,0.0,0.0,1.0,0.0,0.0,0.0,0.0,0.0,0.0,0.0,0.0
5,4,0.0,0.0,0.0,0.0,1.0,0.0,0.0,0.0,0.0,0.0,0.0,0.0,0.0
5,4,0.0,0.0,0.0,0.0,1.0,0.0,0.0,0.0,0.0,0.0,0.0,0.0,0.0
5,4,0.0,0.0,0.0,0.0,1.0,0.0,0.0,0.0,0.0,0.0,0.0,0.0,0.0
5,4,0.0,0.0,0.0,0.0,1.0,0.0,0.0,0.0,0.0,0.0,0.0,0.0,0.0
5,4,0.0,0.0,0.0,0.0,1.0,0.0,0.0,0.0,0.0,0.0,0.0,0.0,0.0
5,4,0.0,0.0,0.0,0.0,1.0,0.0,0.0,0.0,0.0,0.0,0.0,0.0,0.0
5,4,0.0,0.0,0.0,0.0,1.0,0.0,0.0,0.0,0.0,0.0,0.0,0.0,0.0
5,4,0.0,0.0,0.0,0.0,1.0,0.0,0.0,0.0,0.0,0.0,0.0,0.0,0.0
5,4,0.0,0.0,0.0,0.0,1.0,0.0,0.0,0.0,0.0,0.0,0.0,0.0,0.0
5,4,0.0,0.0,0.0,0.0,1.0,0.0,0.0,0.0,0.0,0.0,0.0,0.0,0.0
5,4,0.0,0.0,0.0,0.0,1.0,0.0,0.0,0.0,0.0,0.0,0.0,0.0,0.0
5,4,0.0,0.0,0.0,0.0,1.0,0.0,0.0,0.0,0.0,0.0,0.0,0.0,0.0
5,4,0.0,0.0,0.0,0.0,1.0,0.0,0.0,0.0,0.0,0.0,0.0,0.0,0.0
5,4,0.0,0.0,0.0,0.0,1.0,0.0,0.0,0.0,0.0,0.0,0.0,0.0,0.0
5,4,0.0,0.0,0.0,0.0,1.0,0.0,0.0,0.0,0.0,0.0,0.0,0.0,0.0
5,4,0.0,0.0,0.0,0.0,1.0,0.0,0.0,0.0,0.0,0.0,0.0,0.0,0.0
5,4,0.0,0.0,0.0,0.0,1.0,0.0,0.0,0.0,0.0,0.0,0.0,0.0,0.0
5,4,0.0,0.0,0.0,0.0,1.0,0.0,0.0,0.0,0.0,0.0,0.0,0.0,0.0
5,4,0.0,0.0,0.0,0.0,1.0,0.0,0.0,0.0,0.0,0.0,0.0,0.0,0.0
5,4,0.0,0.0,0.0,0.0,1.0,0.0,0.0,0.0,0.0,0.0,0.0,0.0,0.0
5,4,0.0,0.0,0.0,0.0,1.0,0.0,0.0,0.0,0.0,0.0,0.0,0.0,0.0
5,4,0.0,0.0,0.0,0.0,1.0,0.0,0.0,0.0,0.0,0.0,0.0,0.0,0.0
5,4,0.0,0.0,0.0,0.0,1.0,0.0,0.0,0.0,0.0,0.0,0.0,0.0,0.0
5,4,0.0,0.0,0.0,0.0,1.0,0.0,0.0,0.0,0.0,0.0,0.0,0.0,0.0
5,4,0.0,0.0,0.0,0.0,1.0,0.0,0.0,0.0,0.0,0.0,0.0,0.0,0.0
5,4,0.0,0.0,0.0,0.0,1.0,0.0,0.0,0.0,0.0,0.0,0.0,0.0,0.0
5,4,0.0,0.0,0.0,0.0,1.0,0.0,0.0,0.0,0.0,0.0,0.0,0.0,0.0
5,4,0.0,0.0,0.0,0.0,1.0,0.0,0.0,0.0,0.0,0.0,0.0,0.0,0.0
5,4,0.0,0.0,0.0,0.0,1.0,0.0,0.0,0.0,0.0,0.0,0.0,0.0,0.0
5,4,0.0,0.0,0.0,0.0,1.0,0.0,0.0,0.0,0.0,0.0,0.0,0.0,0.0
5,4,0.0,0.0,0.0,0.0,1.0,0.0,0.0,0.0,0.0,0.0,0.0,0.0,0.0
5,4,0.0,0.0,0.0,0.0,1.0,0.0,0.0,0.0,0.0,0.0,0.0,0.0,0.0
5,4,0.0,0.0,0.0,0.0,1.0,0.0,0.0,0.0,0.0,0.0,0.0,0.0,0.0
5,4,0.0,0.0,0.0,0.0,1.0,0.0,0.0,0.0,0.0,0.0,0.0,0.0,0.0
5,4,0.0,0.0,0.0,0.0,1.0,0.0,0.0,0.0,0.0,0.0,0.0,0.0,0.0
5,4,0.0,0.0,0.0,0.0,1.0,0.0,0.0,0.0,0.0,0.0,0.0,0.0,0.0
5,4,0.0,0.0,0.0,0.0,1.0,0.0,0.0,0.0,0.0,0.0,0.0,0.0,0.0
5,4,0.0,0.0,0.0,0.0,1.0,0.0,0.0,0.0,0.0,0.0,0.0,0.0,0.0
5,4,0.0,0.0,0.0,0.0,1.0,0.0,0.0,0.0,0.0,0.0,0.0,0.0,0.0
5,4,0.0,0.0,0.0,0.0,1.0,0.0,0.0,0.0,0.0,0.0,0.0,0.0,0.0
5,4,0.0,0.0,0.0,0.0,1.0,0.0,0.0,0.0,0.0,0.0,0.0,0.0,0.0
5,4,0.0,0.0,0.0,0.0,1.0,0.0,0.0,0.0,0.0,0.0,0.0,0.0,0.0
5,4,0.0,0.0,0.0,0.0,1.0,0.0,0.0,0.0,0.0,0.0,0.0,0.0,0.0
5,4,0.0,0.0,0.0,0.0,1.0,0.0,0.0,0.0,0.0,0.0,0.0,0.0,0.0
5,4,0.0,0.0,0.0,0.0,1.0,0.0,0.0,0.0,0.0,0.0,0.0,0.0,0.0
5,4,0.0,0.0,0.0,0.0,1.0,0.0,0.0,0.0,0.0,0.0,0.0,0.0,0.0
5,4,0.0,0.0,0.0,0.0,1.0,0.0,0.0,0.0,0.0,0.0,0.0,0.0,0.0
5,4,0.0,0.0,0.0,0.0,1.0,0.0,0.0,0.0,0.0,0.0,0.0,0.0,0.0
5,4,0.0,0.0,0.0,0.0,1.0,0.0,0.0,0.0,0.0,0.0,0.0,0.0,0.0
5,4,0.0,0.0,0.0,0.0,1.0,0.0,0.0,0.0,0.0,0.0,0.0,0.0,0.0
5,4,0.0,0.0,0.0,0.0,1.0,0.0,0.0,0.0,0.0,0.0,0.0,0.0,0.0
5,4,0.0,0.0,0.0,0.0,1.0,0.0,0.0,0.0,0.0,0.0,0.0,0.0,0.0
5,4,0.0,0.0,0.0,0.0,1.0,0.0,0.0,0.0,0.0,0.0,0.0,0.0,0.0
5,4,0.0,0.0,0.0,0.0,1.0,0.0,0.0,0.0,0.0,0.0,0.0,0.0,0.0
5,4,0.0,0.0,0.0,0.0,1.0,0.0,0.0,0.0,0.0,0.0,0.0,0.0,0.0
5,4,0.0,0.0,0.0,0.0,1.0,0.0,0.0,0.0,0.0,0.0,0.0,0.0,0.0
5,4,0.0,0.0,0.0,0.0,1.0,0.0,0.0,0.0,0.0,0.0,0.0,0.0,0.0
5,4,0.0,0.0,0.0,0.0,1.0,0.0,0.0,0.0,0.0,0.0,0.0,0.0,0.0
5,4,0.0,0.0,0.0,0.0,1.0,0.0,0.0,0.0,0.0,0.0,0.0,0.0,0.0
5,4,0.0,0.0,0.0,0.0,1.0,0.0,0.0,0.0,0.0,0.0,0.0,0.0,0.0
5,4,0.0,0.0,0.0,0.0,1.0,0.0,0.0,0.0,0.0,0.0,0.0,0.0,0.0
5,4,0.0,0.0,0.0,0.0,1.0,0.0,0.0,0.0,0.0,0.0,0.0,0.0,0.0
5,4,0.0,0.0,0.0,0.0,1.0,0.0,0.0,0.0,0.0,0.0,0.0,0.0,0.0
5,4,0.0,0.0,0.0,0.0,1.0,0.0,0.0,0.0,0.0,0.0,0.0,0.0,0.0
5,4,0.0,0.0,0.0,0.0,1.0,0.0,0.0,0.0,0.0,0.0,0.0,0.0,0.0
5,4,0.0,0.0,0.0,0.0,1.0,0.0,0.0,0.0,0.0,0.0,0.0,0.0,0.0
5,4,0.0,0.0,0.0,0.0,1.0,0.0,0.0,0.0,0.0,0.0,0.0,0.0,0.0
5,4,0.0,0.0,0.0,0.0,1.0,0.0,0.0,0.0,0.0,0.0,0.0,0.0,0.0
5,4,0.0,0.0,0.0,0.0,1.0,0.0,0.0,0.0,0.0,0.0,0.0,0.0,0.0
5,4,0.0,0.0,0.0,0.0,1.0,0.0,0.0,0.0,0.0,0.0,0.0,0.0,0.0
5,4,0.0,0.0,0.0,0.0,1.0,0.0,0.0,0.0,0.0,0.0,0.0,0.0,0.0
5,4,0.0,0.0,0.0,0.0,1.0,0.0,0.0,0.0,0.0,0.0,0.0,0.0,0.0
5,4,0.0,0.0,0.0,0.0,1.0,0.0,0.0,0.0,0.0,0.0,0.0,0.0,0.0
5,4,0.0,0.0,0.0,0.0,1.0,0.0,0.0,0.0,0.0,0.0,0.0,0.0,0.0
5,4,0.0,0.0,0.0,0.0,1.0,0.0,0.0,0.0,0.0,0.0,0.0,0.0,0.0
5,4,0.0,0.0,0.0,0.0,1.0,0.0,0.0,0.0,0.0,0.0,0.0,0.0,0.0
5,4,0.0,0.0,0.0,0.0,1.0,0.0,0.0,0.0,0.0,0.0,0.0,0.0,0.0
5,4,0.0,0.0,0.0,0.0,1.0,0.0,0.0,0.0,0.0,0.0,0.0,0.0,0.0
5,4,0.0,0.0,0.0,0.0,1.0,0.0,0.0,0.0,0.0,0.0,0.0,0.0,0.0
5,4,0.0,0.0,0.0,0.0,1.0,0.0,0.0,0.0,0.0,0.0,0.0,0.0,0.0
5,4,0.0,0.0,0.0,0.0,1.0,0.0,0.0,0.0,0.0,0.0,0.0,0.0,0.0
5,4,0.0,0.0,0.0,0.0,1.0,0.0,0.0,0.0,0.0,0.0,0.0,0.0,0.0
5,4,0.0,0.0,0.0,0.0,1.0,0.0,0.0,0.0,0.0,0.0,0.0,0.0,0.0
5,4,0.0,0.0,0.0,0.0,1.0,0.0,0.0,0.0,0.0,0.0,0.0,0.0,0.0
5,4,0.0,0.0,0.0,0.0,1.0,0.0,0.0,0.0,0.0,0.0,0.0,0.0,0.0
5,4,0.0,0.0,0.0,0.0,1.0,0.0,0.0,0.0,0.0,0.0,0.0,0.0,0.0
5,4,0.0,0.0,0.0,0.0,1.0,0.0,0.0,0.0,0.0,0.0,0.0,0.0,0.0
5,4,0.0,0.0,0.0,0.0,1.0,0.0,0.0,0.0,0.0,0.0,0.0,0.0,0.0
5,4,0.0,0.0,0.0,0.0,1.0,0.0,0.0,0.0,0.0,0.0,0.0,0.0,0.0
5,4,0.0,0.0,0.0,0.0,1.0,0.0,0.0,0.0,0.0,0.0,0.0,0.0,0.0
5,4,0.0,0.0,0.0,0.0,1.0,0.0,0.0,0.0,0.0,0.0,0.0,0.0,0.0
5,4,0.0,0.0,0.0,0.0,1.0,0.0,0.0,0.0,0.0,0.0,0.0,0.0,0.0
5,4,0.0,0.0,0.0,0.0,1.0,0.0,0.0,0.0,0.0,0.0,0.0,0.0,0.0
5,4,0.0,0.0,0.0,0.0,1.0,0.0,0.0,0.0,0.0,0.0,0.0,0.0,0.0
5,4,0.0,0.0,0.0,0.0,1.0,0.0,0.0,0.0,0.0,0.0,0.0,0.0,0.0
5,4,0.0,0.0,0.0,0.0,1.0,0.0,0.0,0.0,0.0,0.0,0.0,0.0,0.0
5,4,0.0,0.0,0.0,0.0,1.0,0.0,0.0,0.0,0.0,0.0,0.0,0.0,0.0
5,4,0.0,0.0,0.0,0.0,1.0,0.0,0.0,0.0,0.0,0.0,0.0,0.0,0.0
5,4,0.0,0.0,0.0,0.0,1.0,0.0,0.0,0.0,0.0,0.0,0.0,0.0,0.0
5,4,0.0,0.0,0.0,0.0,1.0,0.0,0.0,0.0,0.0,0.0,0.0,0.0,0.0
5,4,0.0,0.0,0.0,0.0,1.0,0.0,0.0,0.0,0.0,0.0,0.0,0.0,0.0
5,4,0.0,0.0,0.0,0.0,1.0,0.0,0.0,0.0,0.0,0.0,0.0,0.0,0.0
5,4,0.0,0.0,0.0,0.0,1.0,0.0,0.0,0.0,0.0,0.0,0.0,0.0,0.0
5,4,0.0,0.0,0.0,0.0,1.0,0.0,0.0,0.0,0.0,0.0,0.0,0.0,0.0
5,4,0.0,0.0,0.0,0.0,1.0,0.0,0.0,0.0,0.0,0.0,0.0,0.0,0.0
5,4,0.0,0.0,0.0,0.0,1.0,0.0,0.0,0.0,0.0,0.0,0.0,0.0,0.0
5,4,0.0,0.0,0.0,0.0,1.0,0.0,0.0,0.0,0.0,0.0,0.0,0.0,0.0
5,4,0.0,0.0,0.0,0.0,1.0,0.0,0.0,0.0,0.0,0.0,0.0,0.0,0.0
5,4,0.0,0.0,0.0,0.0,1.0,0.0,0.0,0.0,0.0,0.0,0.0,0.0,0.0
5,4,0.0,0.0,0.0,0.0,1.0,0.0,0.0,0.0,0.0,0.0,0.0,0.0,0.0
5,4,0.0,0.0,0.0,0.0,1.0,0.0,0.0,0.0,0.0,0.0,0.0,0.0,0.0
5,4,0.0,0.0,0.0,0.0,1.0,0.0,0.0,0.0,0.0,0.0,0.0,0.0,0.0
5,4,0.0,0.0,0.0,0.0,1.0,0.0,0.0,0.0,0.0,0.0,0.0,0.0,0.0
5,4,0.0,0.0,0.0,0.0,1.0,0.0,0.0,0.0,0.0,0.0,0.0,0.0,0.0
5,4,0.0,0.0,0.0,0.0,1.0,0.0,0.0,0.0,0.0,0.0,0.0,0.0,0.0
5,4,0.0,0.0,0.0,0.0,1.0,0.0,0.0,0.0,0.0,0.0,0.0,0.0,0.0
5,4,0.0,0.0,0.0,0.0,1.0,0.0,0.0,0.0,0.0,0.0,0.0,0.0,0.0
5,4,0.0,0.0,0.0,0.0,1.0,0.0,0.0,0.0,0.0,0.0,0.0,0.0,0.0
5,4,0.0,0.0,0.0,0.0,1.0,0.0,0.0,0.0,0.0,0.0,0.0,0.0,0.0
5,4,0.0,0.0,0.0,0.0,1.0,0.0,0.0,0.0,0.0,0.0,0.0,0.0,0.0
5,4,0.0,0.0,0.0,0.0,1.0,0.0,0.0,0.0,0.0,0.0,0.0,0.0,0.0
5,4,0.0,0.0,0.0,0.0,1.0,0.0,0.0,0.0,0.0,0.0,0.0,0.0,0.0
5,4,0.0,0.0,0.0,0.0,1.0,0.0,0.0,0.0,0.0,0.0,0.0,0.0,0.0
5,4,0.0,0.0,0.0,0.0,1.0,0.0,0.0,0.0,0.0,0.0,0.0,0.0,0.0
5,4,0.0,0.0,0.0,0.0,1.0,0.0,0.0,0.0,0.0,0.0,0.0,0.0,0.0
5,4,0.0,0.0,0.0,0.0,1.0,0.0,0.0,0.0,0.0,0.0,0.0,0.0,0.0
5,4,0.0,0.0,0.0,0.0,1.0,0.0,0.0,0.0,0.0,0.0,0.0,0.0,0.0
5,4,0.0,0.0,0.0,0.0,1.0,0.0,0.0,0.0,0.0,0.0,0.0,0.0,0.0
5,4,0.0,0.0,0.0,0.0,1.0,0.0,0.0,0.0,0.0,0.0,0.0,0.0,0.0
5,4,0.0,0.0,0.0,0.0,1.0,0.0,0.0,0.0,0.0,0.0,0.0,0.0,0.0
5,4,0.0,0.0,0.0,0.0,1.0,0.0,0.0,0.0,0.0,0.0,0.0,0.0,0.0
5,4,0.0,0.0,0.0,0.0,1.0,0.0,0.0,0.0,0.0,0.0,0.0,0.0,0.0
5,4,0.0,0.0,0.0,0.0,1.0,0.0,0.0,0.0,0.0,0.0,0.0,0.0,0.0
5,4,0.0,0.0,0.0,0.0,1.0,0.0,0.0,0.0,0.0,0.0,0.0,0.0,0.0
5,4,0.0,0.0,0.0,0.0,1.0,0.0,0.0,0.0,0.0,0.0,0.0,0.0,0.0
5,4,0.0,0.0,0.0,0.0,1.0,0.0,0.0,0.0,0.0,0.0,0.0,0.0,0.0
5,4,0.0,0.0,0.0,0.0,1.0,0.0,0.0,0.0,0.0,0.0,0.0,0.0,0.0
5,4,0.0,0.0,0.0,0.0,1.0,0.0,0.0,0.0,0.0,0.0,0.0,0.0,0.0
5,4,0.0,0.0,0.0,0.0,1.0,0.0,0.0,0.0,0.0,0.0,0.0,0.0,0.0
5,4,0.0,0.0,0.0,0.0,1.0,0.0,0.0,0.0,0.0,0.0,0.0,0.0,0.0
5,4,0.0,0.0,0.0,0.0,1.0,0.0,0.0,0.0,0.0,0.0,0.0,0.0,0.0
5,4,0.0,0.0,0.0,0.0,1.0,0.0,0.0,0.0,0.0,0.0,0.0,0.0,0.0
5,4,0.0,0.0,0.0,0.0,1.0,0.0,0.0,0.0,0.0,0.0,0.0,0.0,0.0
5,4,0.0,0.0,0.0,0.0,1.0,0.0,0.0,0.0,0.0,0.0,0.0,0.0,0.0
5,4,0.0,0.0,0.0,0.0,1.0,0.0,0.0,0.0,0.0,0.0,0.0,0.0,0.0
5,4,0.0,0.0,0.0,0.0,1.0,0.0,0.0,0.0,0.0,0.0,0.0,0.0,0.0
5,4,0.0,0.0,0.0,0.0,1.0,0.0,0.0,0.0,0.0,0.0,0.0,0.0,0.0
5,4,0.0,0.0,0.0,0.0,1.0,0.0,0.0,0.0,0.0,0.0,0.0,0.0,0.0
5,4,0.0,0.0,0.0,0.0,1.0,0.0,0.0,0.0,0.0,0.0,0.0,0.0,0.0
5,4,0.0,0.0,0.0,0.0,1.0,0.0,0.0,0.0,0.0,0.0,0.0,0.0,0.0
5,4,0.0,0.0,0.0,0.0,1.0,0.0,0.0,0.0,0.0,0.0,0.0,0.0,0.0
5,4,0.0,0.0,0.0,0.0,1.0,0.0,0.0,0.0,0.0,0.0,0.0,0.0,0.0
5,4,0.0,0.0,0.0,0.0,1.0,0.0,0.0,0.0,0.0,0.0,0.0,0.0,0.0
5,4,0.0,0.0,0.0,0.0,1.0,0.0,0.0,0.0,0.0,0.0,0.0,0.0,0.0
5,4,0.0,0.0,0.0,0.0,1.0,0.0,0.0,0.0,0.0,0.0,0.0,0.0,0.0
5,4,0.0,0.0,0.0,0.0,1.0,0.0,0.0,0.0,0.0,0.0,0.0,0.0,0.0
5,4,0.0,0.0,0.0,0.0,1.0,0.0,0.0,0.0,0.0,0.0,0.0,0.0,0.0
5,4,0.0,0.0,0.0,0.0,1.0,0.0,0.0,0.0,0.0,0.0,0.0,0.0,0.0
5,4,0.0,0.0,0.0,0.0,1.0,0.0,0.0,0.0,0.0,0.0,0.0,0.0,0.0
5,4,0.0,0.0,0.0,0.0,1.0,0.0,0.0,0.0,0.0,0.0,0.0,0.0,0.0
5,4,0.0,0.0,0.0,0.0,1.0,0.0,0.0,0.0,0.0,0.0,0.0,0.0,0.0
5,4,0.0,0.0,0.0,0.0,1.0,0.0,0.0,0.0,0.0,0.0,0.0,0.0,0.0
5,4,0.0,0.0,0.0,0.0,1.0,0.0,0.0,0.0,0.0,0.0,0.0,0.0,0.0
5,4,0.0,0.0,0.0,0.0,1.0,0.0,0.0,0.0,0.0,0.0,0.0,0.0,0.0
5,4,0.0,0.0,0.0,0.0,1.0,0.0,0.0,0.0,0.0,0.0,0.0,0.0,0.0
5,4,0.0,0.0,0.0,0.0,1.0,0.0,0.0,0.0,0.0,0.0,0.0,0.0,0.0
5,4,0.0,0.0,0.0,0.0,1.0,0.0,0.0,0.0,0.0,0.0,0.0,0.0,0.0
5,4,0.0,0.0,0.0,0.0,1.0,0.0,0.0,0.0,0.0,0.0,0.0,0.0,0.0
5,4,0.0,0.0,0.0,0.0,1.0,0.0,0.0,0.0,0.0,0.0,0.0,0.0,0.0
5,4,0.0,0.0,0.0,0.0,1.0,0.0,0.0,0.0,0.0,0.0,0.0,0.0,0.0
5,4,0.0,0.0,0.0,0.0,1.0,0.0,0.0,0.0,0.0,0.0,0.0,0.0,0.0
5,4,0.0,0.0,0.0,0.0,1.0,0.0,0.0,0.0,0.0,0.0,0.0,0.0,0.0
5,4,0.0,0.0,0.0,0.0,1.0,0.0,0.0,0.0,0.0,0.0,0.0,0.0,0.0
5,4,0.0,0.0,0.0,0.0,1.0,0.0,0.0,0.0,0.0,0.0,0.0,0.0,0.0
5,4,0.0,0.0,0.0,0.0,1.0,0.0,0.0,0.0,0.0,0.0,0.0,0.0,0.0
5,4,0.0,0.0,0.0,0.0,1.0,0.0,0.0,0.0,0.0,0.0,0.0,0.0,0.0
5,4,0.0,0.0,0.0,0.0,1.0,0.0,0.0,0.0,0.0,0.0,0.0,0.0,0.0
5,4,0.0,0.0,0.0,0.0,1.0,0.0,0.0,0.0,0.0,0.0,0.0,0.0,0.0
5,4,0.0,0.0,0.0,0.0,1.0,0.0,0.0,0.0,0.0,0.0,0.0,0.0,0.0
5,4,0.0,0.0,0.0,0.0,1.0,0.0,0.0,0.0,0.0,0.0,0.0,0.0,0.0
5,4,0.0,0.0,0.0,0.0,1.0,0.0,0.0,0.0,0.0,0.0,0.0,0.0,0.0
5,4,0.0,0.0,0.0,0.0,1.0,0.0,0.0,0.0,0.0,0.0,0.0,0.0,0.0
5,4,0.0,0.0,0.0,0.0,1.0,0.0,0.0,0.0,0.0,0.0,0.0,0.0,0.0
5,4,0.0,0.0,0.0,0.0,1.0,0.0,0.0,0.0,0.0,0.0,0.0,0.0,0.0
5,4,0.0,0.06175251,0.0,0.0,0.9382475,0.0,0.0,0.0,0.0,0.0,0.0,0.0,0.0
5,4,0.0,0.06175251,0.0,0.0,0.9382475,0.0,0.0,0.0,0.0,0.0,0.0,0.0,0.0
5,4,0.0,0.06175251,0.0,0.0,0.9382475,0.0,0.0,0.0,0.0,0.0,0.0,0.0,0.0
5,4,0.0,0.06175251,0.0,0.0,0.9382475,0.0,0.0,0.0,0.0,0.0,0.0,0.0,0.0
5,4,0.0,0.06175251,0.0,0.0,0.9382475,0.0,0.0,0.0,0.0,0.0,0.0,0.0,0.0
5,4,0.0,0.06175251,0.0,0.0,0.9382475,0.0,0.0,0.0,0.0,0.0,0.0,0.0,0.0
5,4,0.0,0.06175251,0.0,0.0,0.9382475,0.0,0.0,0.0,0.0,0.0,0.0,0.0,0.0
5,4,0.0,0.06175251,0.0,0.0,0.9382475,0.0,0.0,0.0,0.0,0.0,0.0,0.0,0.0
5,4,0.0,0.06175251,0.0,0.0,0.9382475,0.0,0.0,0.0,0.0,0.0,0.0,0.0,0.0
5,4,0.0,0.06175251,0.0,0.0,0.9382475,0.0,0.0,0.0,0.0,0.0,0.0,0.0,0.0
5,4,0.0,0.06175251,0.0,0.0,0.9382475,0.0,0.0,0.0,0.0,0.0,0.0,0.0,0.0
5,4,0.0,0.06175251,0.0,0.0,0.9382475,0.0,0.0,0.0,0.0,0.0,0.0,0.0,0.0
5,4,0.0,0.06175251,0.0,0.0,0.9382475,0.0,0.0,0.0,0.0,0.0,0.0,0.0,0.0
5,4,0.0,0.06175251,0.0,0.0,0.9382475,0.0,0.0,0.0,0.0,0.0,0.0,0.0,0.0
5,4,0.0,0.06175251,0.0,0.0,0.9382475,0.0,0.0,0.0,0.0,0.0,0.0,0.0,0.0
5,4,0.0,0.06175251,0.0,0.0,0.9382475,0.0,0.0,0.0,0.0,0.0,0.0,0.0,0.0
5,4,0.0,0.06175251,0.0,0.0,0.9382475,0.0,0.0,0.0,0.0,0.0,0.0,0.0,0.0
5,4,0.0,0.06175251,0.0,0.0,0.9382475,0.0,0.0,0.0,0.0,0.0,0.0,0.0,0.0
5,4,0.0,0.06175251,0.0,0.0,0.9382475,0.0,0.0,0.0,0.0,0.0,0.0,0.0,0.0
5,4,0.0,0.06175251,0.0,0.0,0.9382475,0.0,0.0,0.0,0.0,0.0,0.0,0.0,0.0
5,4,0.0,0.06175251,0.0,0.0,0.9382475,0.0,0.0,0.0,0.0,0.0,0.0,0.0,0.0
5,4,0.0,0.06175251,0.0,0.0,0.9382475,0.0,0.0,0.0,0.0,0.0,0.0,0.0,0.0
5,4,0.0,0.06175251,0.0,0.0,0.9382475,0.0,0.0,0.0,0.0,0.0,0.0,0.0,0.0
5,4,0.0,0.06175251,0.0,0.0,0.9382475,0.0,0.0,0.0,0.0,0.0,0.0,0.0,0.0
5,4,0.0,0.06175251,0.0,0.0,0.9382475,0.0,0.0,0.0,0.0,0.0,0.0,0.0,0.0
5,4,0.0,0.06175251,0.0,0.0,0.9382475,0.0,0.0,0.0,0.0,0.0,0.0,0.0,0.0
5,4,0.0,0.06175251,0.0,0.0,0.9382475,0.0,0.0,0.0,0.0,0.0,0.0,0.0,0.0
5,4,0.0,0.06175251,0.0,0.0,0.9382475,0.0,0.0,0.0,0.0,0.0,0.0,0.0,0.0
5,4,0.0,0.06175251,0.0,0.0,0.9382475,0.0,0.0,0.0,0.0,0.0,0.0,0.0,0.0
5,4,0.0,0.06175251,0.0,0.0,0.9382475,0.0,0.0,0.0,0.0,0.0,0.0,0.0,0.0
5,4,0.0,0.06175251,0.0,0.0,0.9382475,0.0,0.0,0.0,0.0,0.0,0.0,0.0,0.0
5,4,0.0,0.06175251,0.0,0.0,0.9382475,0.0,0.0,0.0,0.0,0.0,0.0,0.0,0.0
5,4,0.0,0.06175251,0.0,0.0,0.9382475,0.0,0.0,0.0,0.0,0.0,0.0,0.0,0.0
5,4,0.0,0.06175251,0.0,0.0,0.9382475,0.0,0.0,0.0,0.0,0.0,0.0,0.0,0.0
5,4,0.0,0.06175251,0.0,0.0,0.9382475,0.0,0.0,0.0,0.0,0.0,0.0,0.0,0.0
5,4,0.0,0.06175251,0.0,0.0,0.9382475,0.0,0.0,0.0,0.0,0.0,0.0,0.0,0.0
5,4,0.0,0.06175251,0.0,0.0,0.9382475,0.0,0.0,0.0,0.0,0.0,0.0,0.0,0.0
5,4,0.0,0.06175251,0.0,0.0,0.9382475,0.0,0.0,0.0,0.0,0.0,0.0,0.0,0.0
5,4,0.0,0.06175251,0.0,0.0,0.9382475,0.0,0.0,0.0,0.0,0.0,0.0,0.0,0.0
5,4,0.0,0.06175251,0.0,0.0,0.9382475,0.0,0.0,0.0,0.0,0.0,0.0,0.0,0.0
5,4,0.0,0.06175251,0.0,0.0,0.9382475,0.0,0.0,0.0,0.0,0.0,0.0,0.0,0.0
5,4,0.0,0.06175251,0.0,0.0,0.9382475,0.0,0.0,0.0,0.0,0.0,0.0,0.0,0.0
5,4,0.0,0.06175251,0.0,0.0,0.9382475,0.0,0.0,0.0,0.0,0.0,0.0,0.0,0.0
5,4,0.0,0.06175251,0.0,0.0,0.9382475,0.0,0.0,0.0,0.0,0.0,0.0,0.0,0.0
5,4,0.0,0.06175251,0.0,0.0,0.9382475,0.0,0.0,0.0,0.0,0.0,0.0,0.0,0.0
5,4,0.0,0.06175251,0.0,0.0,0.9382475,0.0,0.0,0.0,0.0,0.0,0.0,0.0,0.0
5,4,0.0,0.06175251,0.0,0.0,0.9382475,0.0,0.0,0.0,0.0,0.0,0.0,0.0,0.0
5,4,0.0,0.06175251,0.0,0.0,0.9382475,0.0,0.0,0.0,0.0,0.0,0.0,0.0,0.0
5,4,0.0,0.06175251,0.0,0.0,0.9382475,0.0,0.0,0.0,0.0,0.0,0.0,0.0,0.0
5,4,0.0,0.06175251,0.0,0.0,0.9382475,0.0,0.0,0.0,0.0,0.0,0.0,0.0,0.0
5,4,0.0,0.06175251,0.0,0.0,0.9382475,0.0,0.0,0.0,0.0,0.0,0.0,0.0,0.0
5,4,0.0,0.06175251,0.0,0.0,0.9382475,0.0,0.0,0.0,0.0,0.0,0.0,0.0,0.0
5,4,0.0,0.06175251,0.0,0.0,0.9382475,0.0,0.0,0.0,0.0,0.0,0.0,0.0,0.0
5,4,0.0,0.06175251,0.0,0.0,0.9382475,0.0,0.0,0.0,0.0,0.0,0.0,0.0,0.0
5,4,0.0,0.06175251,0.0,0.0,0.9382475,0.0,0.0,0.0,0.0,0.0,0.0,0.0,0.0
5,4,0.0,0.06175251,0.0,0.0,0.9382475,0.0,0.0,0.0,0.0,0.0,0.0,0.0,0.0
5,4,0.0,0.06175251,0.0,0.0,0.9382475,0.0,0.0,0.0,0.0,0.0,0.0,0.0,0.0
5,4,0.0,0.06175251,0.0,0.0,0.9382475,0.0,0.0,0.0,0.0,0.0,0.0,0.0,0.0
5,4,0.0,0.06175251,0.0,0.0,0.9382475,0.0,0.0,0.0,0.0,0.0,0.0,0.0,0.0
5,4,0.0,0.06175251,0.0,0.0,0.9382475,0.0,0.0,0.0,0.0,0.0,0.0,0.0,0.0
5,4,0.0,0.06175251,0.0,0.0,0.9382475,0.0,0.0,0.0,0.0,0.0,0.0,0.0,0.0
5,4,0.0,0.06175251,0.0,0.0,0.9382475,0.0,0.0,0.0,0.0,0.0,0.0,0.0,0.0
5,4,0.0,0.06175251,0.0,0.0,0.9382475,0.0,0.0,0.0,0.0,0.0,0.0,0.0,0.0
5,4,0.0,0.06175251,0.0,0.0,0.9382475,0.0,0.0,0.0,0.0,0.0,0.0,0.0,0.0
5,4,0.0,0.06175251,0.0,0.0,0.9382475,0.0,0.0,0.0,0.0,0.0,0.0,0.0,0.0
5,4,0.0,0.06175251,0.0,0.0,0.9382475,0.0,0.0,0.0,0.0,0.0,0.0,0.0,0.0
5,4,0.0,0.06175251,0.0,0.0,0.9382475,0.0,0.0,0.0,0.0,0.0,0.0,0.0,0.0
5,4,0.0,0.06175251,0.0,0.0,0.9382475,0.0,0.0,0.0,0.0,0.0,0.0,0.0,0.0
5,4,0.0,0.06175251,0.0,0.0,0.9382475,0.0,0.0,0.0,0.0,0.0,0.0,0.0,0.0
5,4,0.0,0.06175251,0.0,0.0,0.9382475,0.0,0.0,0.0,0.0,0.0,0.0,0.0,0.0
5,4,0.0,0.06175251,0.0,0.0,0.9382475,0.0,0.0,0.0,0.0,0.0,0.0,0.0,0.0
5,4,0.0,0.06175251,0.0,0.0,0.9382475,0.0,0.0,0.0,0.0,0.0,0.0,0.0,0.0
5,4,0.0,0.06175251,0.0,0.0,0.9382475,0.0,0.0,0.0,0.0,0.0,0.0,0.0,0.0
5,4,0.0,0.06175251,0.0,0.0,0.9382475,0.0,0.0,0.0,0.0,0.0,0.0,0.0,0.0
5,4,0.0,0.06175251,0.0,0.0,0.9382475,0.0,0.0,0.0,0.0,0.0,0.0,0.0,0.0
5,4,0.0,0.06175251,0.0,0.0,0.9382475,0.0,0.0,0.0,0.0,0.0,0.0,0.0,0.0
5,4,0.0,0.06175251,0.0,0.0,0.9382475,0.0,0.0,0.0,0.0,0.0,0.0,0.0,0.0
5,4,0.0,0.06175251,0.0,0.0,0.9382475,0.0,0.0,0.0,0.0,0.0,0.0,0.0,0.0
5,4,0.0,0.06175251,0.0,0.0,0.9382475,0.0,0.0,0.0,0.0,0.0,0.0,0.0,0.0
5,4,0.0,0.06175251,0.0,0.0,0.9382475,0.0,0.0,0.0,0.0,0.0,0.0,0.0,0.0
5,4,0.05800764,0.061752506,0.0,0.0,0.88023984,0.0,0.0,0.0,0.0,0.0,0.0,0.0,0.0
5,4,0.05800764,0.061752506,0.0,0.0,0.88023984,0.0,0.0,0.0,0.0,0.0,0.0,0.0,0.0
5,4,0.05800764,0.061752506,0.0,0.0,0.88023984,0.0,0.0,0.0,0.0,0.0,0.0,0.0,0.0
5,4,0.05800764,0.061752506,0.0,0.0,0.88023984,0.0,0.0,0.0,0.0,0.0,0.0,0.0,0.0
5,4,0.05800764,0.061752506,0.0,0.0,0.88023984,0.0,0.0,0.0,0.0,0.0,0.0,0.0,0.0
5,4,0.05800764,0.061752506,0.0,0.0,0.88023984,0.0,0.0,0.0,0.0,0.0,0.0,0.0,0.0
5,4,0.05800764,0.061752506,0.0,0.0,0.88023984,0.0,0.0,0.0,0.0,0.0,0.0,0.0,0.0
5,4,0.05800764,0.061752506,0.0,0.0,0.88023984,0.0,0.0,0.0,0.0,0.0,0.0,0.0,0.0
5,4,0.05800764,0.061752506,0.0,0.0,0.88023984,0.0,0.0,0.0,0.0,0.0,0.0,0.0,0.0
5,4,0.05800764,0.061752506,0.0,0.0,0.88023984,0.0,0.0,0.0,0.0,0.0,0.0,0.0,0.0
5,4,0.05800764,0.061752506,0.0,0.0,0.88023984,0.0,0.0,0.0,0.0,0.0,0.0,0.0,0.0
5,4,0.05800764,0.061752506,0.0,0.0,0.88023984,0.0,0.0,0.0,0.0,0.0,0.0,0.0,0.0
5,4,0.05800764,0.061752506,0.0,0.0,0.88023984,0.0,0.0,0.0,0.0,0.0,0.0,0.0,0.0
5,4,0.05800764,0.061752506,0.0,0.0,0.88023984,0.0,0.0,0.0,0.0,0.0,0.0,0.0,0.0
5,4,0.05800764,0.061752506,0.0,0.0,0.88023984,0.0,0.0,0.0,0.0,0.0,0.0,0.0,0.0
5,4,0.05800764,0.061752506,0.0,0.0,0.88023984,0.0,0.0,0.0,0.0,0.0,0.0,0.0,0.0
5,4,0.05800764,0.061752506,0.0,0.0,0.88023984,0.0,0.0,0.0,0.0,0.0,0.0,0.0,0.0
5,4,0.05800764,0.061752506,0.0,0.0,0.88023984,0.0,0.0,0.0,0.0,0.0,0.0,0.0,0.0
5,4,0.05800764,0.061752506,0.0,0.0,0.88023984,0.0,0.0,0.0,0.0,0.0,0.0,0.0,0.0
5,4,0.05800764,0.061752506,0.0,0.0,0.88023984,0.0,0.0,0.0,0.0,0.0,0.0,0.0,0.0
5,4,0.05800764,0.061752506,0.0,0.0,0.88023984,0.0,0.0,0.0,0.0,0.0,0.0,0.0,0.0
5,4,0.05800764,0.061752506,0.0,0.0,0.88023984,0.0,0.0,0.0,0.0,0.0,0.0,0.0,0.0
5,4,0.05800764,0.061752506,0.0,0.0,0.88023984,0.0,0.0,0.0,0.0,0.0,0.0,0.0,0.0
5,4,0.05800764,0.061752506,0.0,0.0,0.88023984,0.0,0.0,0.0,0.0,0.0,0.0,0.0,0.0
5,4,0.05800764,0.061752506,0.0,0.0,0.88023984,0.0,0.0,0.0,0.0,0.0,0.0,0.0,0.0
5,4,0.05800764,0.061752506,0.0,0.0,0.88023984,0.0,0.0,0.0,0.0,0.0,0.0,0.0,0.0
5,4,0.05800764,0.061752506,0.0,0.0,0.88023984,0.0,0.0,0.0,0.0,0.0,0.0,0.0,0.0
5,4,0.05800764,0.061752506,0.0,0.0,0.88023984,0.0,0.0,0.0,0.0,0.0,0.0,0.0,0.0
5,4,0.05800764,0.061752506,0.0,0.0,0.88023984,0.0,0.0,0.0,0.0,0.0,0.0,0.0,0.0
5,4,0.05800764,0.061752506,0.0,0.0,0.88023984,0.0,0.0,0.0,0.0,0.0,0.0,0.0,0.0
5,4,0.05800764,0.061752506,0.0,0.0,0.88023984,0.0,0.0,0.0,0.0,0.0,0.0,0.0,0.0
5,4,0.05800764,0.061752506,0.0,0.0,0.88023984,0.0,0.0,0.0,0.0,0.0,0.0,0.0,0.0
5,4,0.05800764,0.061752506,0.0,0.0,0.88023984,0.0,0.0,0.0,0.0,0.0,0.0,0.0,0.0
5,4,0.05800764,0.061752506,0.0,0.0,0.88023984,0.0,0.0,0.0,0.0,0.0,0.0,0.0,0.0
5,4,0.05800764,0.061752506,0.0,0.0,0.88023984,0.0,0.0,0.0,0.0,0.0,0.0,0.0,0.0
5,4,0.05800764,0.061752506,0.0,0.0,0.88023984,0.0,0.0,0.0,0.0,0.0,0.0,0.0,0.0
5,4,0.05800764,0.061752506,0.0,0.0,0.88023984,0.0,0.0,0.0,0.0,0.0,0.0,0.0,0.0
5,4,0.05800764,0.061752506,0.0,0.0,0.88023984,0.0,0.0,0.0,0.0,0.0,0.0,0.0,0.0
5,4,0.05800764,0.061752506,0.0,0.0,0.88023984,0.0,0.0,0.0,0.0,0.0,0.0,0.0,0.0
5,4,0.05800764,0.061752506,0.0,0.0,0.88023984,0.0,0.0,0.0,0.0,0.0,0.0,0.0,0.0
5,4,0.05800764,0.061752506,0.0,0.0,0.88023984,0.0,0.0,0.0,0.0,0.0,0.0,0.0,0.0
5,4,0.05800764,0.061752506,0.0,0.0,0.88023984,0.0,0.0,0.0,0.0,0.0,0.0,0.0,0.0
5,4,0.05800764,0.061752506,0.0,0.0,0.88023984,0.0,0.0,0.0,0.0,0.0,0.0,0.0,0.0
5,4,0.05800764,0.061752506,0.0,0.0,0.88023984,0.0,0.0,0.0,0.0,0.0,0.0,0.0,0.0
5,4,0.05800764,0.061752506,0.0,0.0,0.88023984,0.0,0.0,0.0,0.0,0.0,0.0,0.0,0.0
5,4,0.05800764,0.061752506,0.0,0.0,0.88023984,0.0,0.0,0.0,0.0,0.0,0.0,0.0,0.0
5,4,0.05800764,0.061752506,0.0,0.0,0.88023984,0.0,0.0,0.0,0.0,0.0,0.0,0.0,0.0
5,4,0.05800764,0.061752506,0.0,0.0,0.88023984,0.0,0.0,0.0,0.0,0.0,0.0,0.0,0.0
5,4,0.05800764,0.061752506,0.0,0.0,0.88023984,0.0,0.0,0.0,0.0,0.0,0.0,0.0,0.0
5,4,0.05800764,0.061752506,0.0,0.0,0.88023984,0.0,0.0,0.0,0.0,0.0,0.0,0.0,0.0
5,4,0.05800764,0.061752506,0.0,0.0,0.88023984,0.0,0.0,0.0,0.0,0.0,0.0,0.0,0.0
5,4,0.05800764,0.061752506,0.0,0.0,0.88023984,0.0,0.0,0.0,0.0,0.0,0.0,0.0,0.0
5,4,0.05800764,0.061752506,0.0,0.0,0.88023984,0.0,0.0,0.0,0.0,0.0,0.0,0.0,0.0
5,4,0.05800764,0.061752506,0.0,0.0,0.88023984,0.0,0.0,0.0,0.0,0.0,0.0,0.0,0.0
5,4,0.05800764,0.061752506,0.0,0.0,0.88023984,0.0,0.0,0.0,0.0,0.0,0.0,0.0,0.0
5,4,0.05800764,0.061752506,0.0,0.0,0.88023984,0.0,0.0,0.0,0.0,0.0,0.0,0.0,0.0
5,4,0.05800764,0.061752506,0.0,0.0,0.88023984,0.0,0.0,0.0,0.0,0.0,0.0,0.0,0.0
5,4,0.05800764,0.061752506,0.0,0.0,0.88023984,0.0,0.0,0.0,0.0,0.0,0.0,0.0,0.0
5,4,0.05800764,0.061752506,0.0,0.0,0.88023984,0.0,0.0,0.0,0.0,0.0,0.0,0.0,0.0
5,4,0.05800764,0.061752506,0.0,0.0,0.88023984,0.0,0.0,0.0,0.0,0.0,0.0,0.0,0.0
5,4,0.12307127,0.061752513,0.0,0.0,0.81517625,0.0,0.0,0.0,0.0,0.0,0.0,0.0,0.0
5,4,0.12307127,0.061752513,0.0,0.0,0.81517625,0.0,0.0,0.0,0.0,0.0,0.0,0.0,0.0
5,4,0.12307127,0.061752513,0.0,0.0,0.81517625,0.0,0.0,0.0,0.0,0.0,0.0,0.0,0.0
5,4,0.12307127,0.061752513,0.0,0.0,0.81517625,0.0,0.0,0.0,0.0,0.0,0.0,0.0,0.0
5,4,0.12307127,0.061752513,0.0,0.0,0.81517625,0.0,0.0,0.0,0.0,0.0,0.0,0.0,0.0
5,4,0.12307127,0.061752513,0.0,0.0,0.81517625,0.0,0.0,0.0,0.0,0.0,0.0,0.0,0.0
5,4,0.12307127,0.061752513,0.0,0.0,0.81517625,0.0,0.0,0.0,0.0,0.0,0.0,0.0,0.0
5,4,0.12307127,0.061752513,0.0,0.0,0.81517625,0.0,0.0,0.0,0.0,0.0,0.0,0.0,0.0
5,4,0.12307127,0.061752513,0.0,0.0,0.81517625,0.0,0.0,0.0,0.0,0.0,0.0,0.0,0.0
5,4,0.12307127,0.061752513,0.0,0.0,0.81517625,0.0,0.0,0.0,0.0,0.0,0.0,0.0,0.0
5,4,0.12307127,0.061752513,0.0,0.0,0.81517625,0.0,0.0,0.0,0.0,0.0,0.0,0.0,0.0
5,4,0.12307127,0.061752513,0.0,0.0,0.81517625,0.0,0.0,0.0,0.0,0.0,0.0,0.0,0.0
5,4,0.12307127,0.061752513,0.0,0.0,0.81517625,0.0,0.0,0.0,0.0,0.0,0.0,0.0,0.0
5,4,0.12307127,0.061752513,0.0,0.0,0.81517625,0.0,0.0,0.0,0.0,0.0,0.0,0.0,0.0
5,4,0.12307127,0.061752513,0.0,0.0,0.81517625,0.0,0.0,0.0,0.0,0.0,0.0,0.0,0.0
5,4,0.12307127,0.061752513,0.0,0.0,0.81517625,0.0,0.0,0.0,0.0,0.0,0.0,0.0,0.0
5,4,0.12307127,0.061752513,0.0,0.0,0.81517625,0.0,0.0,0.0,0.0,0.0,0.0,0.0,0.0
5,4,0.12307127,0.061752513,0.0,0.0,0.81517625,0.0,0.0,0.0,0.0,0.0,0.0,0.0,0.0
5,4,0.12307127,0.061752513,0.0,0.0,0.81517625,0.0,0.0,0.0,0.0,0.0,0.0,0.0,0.0
5,4,0.12307127,0.061752513,0.0,0.0,0.81517625,0.0,0.0,0.0,0.0,0.0,0.0,0.0,0.0
5,4,0.12307127,0.061752513,0.0,0.0,0.81517625,0.0,0.0,0.0,0.0,0.0,0.0,0.0,0.0
5,4,0.12307127,0.061752513,0.0,0.0,0.81517625,0.0,0.0,0.0,0.0,0.0,0.0,0.0,0.0
5,4,0.12307127,0.061752513,0.0,0.0,0.81517625,0.0,0.0,0.0,0.0,0.0,0.0,0.0,0.0
5,4,0.12307127,0.061752513,0.0,0.0,0.81517625,0.0,0.0,0.0,0.0,0.0,0.0,0.0,0.0
5,4,0.12307127,0.061752513,0.0,0.0,0.81517625,0.0,0.0,0.0,0.0,0.0,0.0,0.0,0.0
5,4,0.12307127,0.061752513,0.0,0.0,0.81517625,0.0,0.0,0.0,0.0,0.0,0.0,0.0,0.0
5,4,0.12307127,0.061752513,0.0,0.0,0.81517625,0.0,0.0,0.0,0.0,0.0,0.0,0.0,0.0
5,4,0.12307127,0.061752513,0.0,0.0,0.81517625,0.0,0.0,0.0,0.0,0.0,0.0,0.0,0.0
5,4,0.12307127,0.061752513,0.0,0.0,0.81517625,0.0,0.0,0.0,0.0,0.0,0.0,0.0,0.0
5,4,0.12307127,0.061752513,0.0,0.0,0.81517625,0.0,0.0,0.0,0.0,0.0,0.0,0.0,0.0
5,4,0.12307127,0.061752513,0.0,0.0,0.81517625,0.0,0.0,0.0,0.0,0.0,0.0,0.0,0.0
5,4,0.12307127,0.061752513,0.0,0.0,0.81517625,0.0,0.0,0.0,0.0,0.0,0.0,0.0,0.0
5,4,0.12307127,0.061752513,0.0,0.0,0.81517625,0.0,0.0,0.0,0.0,0.0,0.0,0.0,0.0
5,4,0.12307127,0.061752513,0.0,0.0,0.81517625,0.0,0.0,0.0,0.0,0.0,0.0,0.0,0.0
5,4,0.12307127,0.061752513,0.0,0.0,0.81517625,0.0,0.0,0.0,0.0,0.0,0.0,0.0,0.0
5,4,0.12307127,0.061752513,0.0,0.0,0.81517625,0.0,0.0,0.0,0.0,0.0,0.0,0.0,0.0
5,4,0.12307127,0.061752513,0.0,0.0,0.81517625,0.0,0.0,0.0,0.0,0.0,0.0,0.0,0.0
5,4,0.12307127,0.061752513,0.0,0.0,0.81517625,0.0,0.0,0.0,0.0,0.0,0.0,0.0,0.0
5,4,0.12307127,0.061752513,0.0,0.0,0.81517625,0.0,0.0,0.0,0.0,0.0,0.0,0.0,0.0
5,4,0.12307127,0.061752513,0.0,0.0,0.81517625,0.0,0.0,0.0,0.0,0.0,0.0,0.0,0.0
5,4,0.18511777,0.06175251,0.0,0.0,0.7531297,0.0,0.0,0.0,0.0,0.0,0.0,0.0,0.0
5,4,0.18511777,0.06175251,0.0,0.0,0.7531297,0.0,0.0,0.0,0.0,0.0,0.0,0.0,0.0
5,4,0.18511777,0.06175251,0.0,0.0,0.7531297,0.0,0.0,0.0,0.0,0.0,0.0,0.0,0.0
5,4,0.18511777,0.06175251,0.0,0.0,0.7531297,0.0,0.0,0.0,0.0,0.0,0.0,0.0,0.0
5,4,0.18511777,0.06175251,0.0,0.0,0.7531297,0.0,0.0,0.0,0.0,0.0,0.0,0.0,0.0
5,4,0.18511777,0.06175251,0.0,0.0,0.7531297,0.0,0.0,0.0,0.0,0.0,0.0,0.0,0.0
5,4,0.18511777,0.06175251,0.0,0.0,0.7531297,0.0,0.0,0.0,0.0,0.0,0.0,0.0,0.0
5,4,0.18511777,0.06175251,0.0,0.0,0.7531297,0.0,0.0,0.0,0.0,0.0,0.0,0.0,0.0
5,4,0.18511777,0.06175251,0.0,0.0,0.7531297,0.0,0.0,0.0,0.0,0.0,0.0,0.0,0.0
5,4,0.18511777,0.06175251,0.0,0.0,0.7531297,0.0,0.0,0.0,0.0,0.0,0.0,0.0,0.0
5,4,0.24484892,0.06175251,0.0,0.0,0.6933986,0.0,0.0,0.0,0.0,0.0,0.0,0.0,0.0
5,4,0.24484892,0.06175251,0.0,0.0,0.6933986,0.0,0.0,0.0,0.0,0.0,0.0,0.0,0.0
5,4,0.24484892,0.06175251,0.0,0.0,0.6933986,0.0,0.0,0.0,0.0,0.0,0.0,0.0,0.0
5,4,0.24484892,0.06175251,0.0,0.0,0.6933986,0.0,0.0,0.0,0.0,0.0,0.0,0.0,0.0
5,4,0.24484892,0.06175251,0.0,0.0,0.6933986,0.0,0.0,0.0,0.0,0.0,0.0,0.0,0.0
5,4,0.24484892,0.06175251,0.0,0.0,0.6933986,0.0,0.0,0.0,0.0,0.0,0.0,0.0,0.0
5,4,0.24484892,0.06175251,0.0,0.0,0.6933986,0.0,0.0,0.0,0.0,0.0,0.0,0.0,0.0
5,4,0.24484892,0.06175251,0.0,0.0,0.6933986,0.0,0.0,0.0,0.0,0.0,0.0,0.0,0.0
5,4,0.24484892,0.06175251,0.0,0.0,0.6933986,0.0,0.0,0.0,0.0,0.0,0.0,0.0,0.0
5,4,0.24484892,0.06175251,0.0,0.0,0.6933986,0.0,0.0,0.0,0.0,0.0,0.0,0.0,0.0
5,4,0.24484892,0.06175251,0.0,0.0,0.6933986,0.0,0.0,0.0,0.0,0.0,0.0,0.0,0.0
5,4,0.24484892,0.06175251,0.0,0.0,0.6933986,0.0,0.0,0.0,0.0,0.0,0.0,0.0,0.0
5,4,0.24484892,0.06175251,0.0,0.0,0.6933986,0.0,0.0,0.0,0.0,0.0,0.0,0.0,0.0
5,4,0.24484892,0.06175251,0.0,0.0,0.6933986,0.0,0.0,0.0,0.0,0.0,0.0,0.0,0.0
5,4,0.24484892,0.06175251,0.0,0.0,0.6933986,0.0,0.0,0.0,0.0,0.0,0.0,0.0,0.0
5,4,0.24484892,0.06175251,0.0,0.0,0.6933986,0.0,0.0,0.0,0.0,0.0,0.0,0.0,0.0
5,4,0.18280241,0.061752506,0.0,0.0,0.75544506,0.0,0.0,0.0,0.0,0.0,0.0,0.0,0.0
5,4,0.18280241,0.061752506,0.0,0.0,0.75544506,0.0,0.0,0.0,0.0,0.0,0.0,0.0,0.0
5,4,0.18280241,0.061752506,0.0,0.0,0.75544506,0.0,0.0,0.0,0.0,0.0,0.0,0.0,0.0
5,4,0.18280241,0.061752506,0.0,0.0,0.75544506,0.0,0.0,0.0,0.0,0.0,0.0,0.0,0.0
5,4,0.18280241,0.061752506,0.0,0.0,0.75544506,0.0,0.0,0.0,0.0,0.0,0.0,0.0,0.0
5,4,0.18280241,0.061752506,0.0,0.0,0.75544506,0.0,0.0,0.0,0.0,0.0,0.0,0.0,0.0
5,4,0.18280241,0.061752506,0.0,0.0,0.75544506,0.0,0.0,0.0,0.0,0.0,0.0,0.0,0.0
5,4,0.18280241,0.061752506,0.0,0.0,0.75544506,0.0,0.0,0.0,0.0,0.0,0.0,0.0,0.0
5,4,0.18280241,0.061752506,0.0,0.0,0.75544506,0.0,0.0,0.0,0.0,0.0,0.0,0.0,0.0
5,4,0.18280241,0.061752506,0.0,0.0,0.75544506,0.0,0.0,0.0,0.0,0.0,0.0,0.0,0.0
5,4,0.18280241,0.061752506,0.0,0.0,0.75544506,0.0,0.0,0.0,0.0,0.0,0.0,0.0,0.0
5,4,0.18280241,0.061752506,0.0,0.0,0.75544506,0.0,0.0,0.0,0.0,0.0,0.0,0.0,0.0
5,4,0.18280241,0.061752506,0.0,0.0,0.75544506,0.0,0.0,0.0,0.0,0.0,0.0,0.0,0.0
5,4,0.18280241,0.061752506,0.0,0.0,0.75544506,0.0,0.0,0.0,0.0,0.0,0.0,0.0,0.0
5,4,0.18280241,0.061752506,0.0,0.0,0.75544506,0.0,0.0,0.0,0.0,0.0,0.0,0.0,0.0
5,4,0.18280241,0.061752506,0.0,0.0,0.75544506,0.0,0.0,0.0,0.0,0.0,0.0,0.0,0.0
5,4,0.18280241,0.061752506,0.0,0.0,0.75544506,0.0,0.0,0.0,0.0,0.0,0.0,0.0,0.0
5,4,0.18280241,0.061752506,0.0,0.0,0.75544506,0.0,0.0,0.0,0.0,0.0,0.0,0.0,0.0
5,4,0.18280241,0.061752506,0.0,0.0,0.75544506,0.0,0.0,0.0,0.0,0.0,0.0,0.0,0.0
5,4,0.18280241,0.061752506,0.0,0.0,0.75544506,0.0,0.0,0.0,0.0,0.0,0.0,0.0,0.0
5,4,0.18280241,0.061752506,0.0,0.0,0.75544506,0.0,0.0,0.0,0.0,0.0,0.0,0.0,0.0
5,4,0.18280241,0.061752506,0.0,0.0,0.75544506,0.0,0.0,0.0,0.0,0.0,0.0,0.0,0.0
5,4,0.18280241,0.061752506,0.0,0.0,0.75544506,0.0,0.0,0.0,0.0,0.0,0.0,0.0,0.0
5,4,0.18280241,0.061752506,0.0,0.0,0.75544506,0.0,0.0,0.0,0.0,0.0,0.0,0.0,0.0
5,4,0.18280241,0.061752506,0.0,0.0,0.75544506,0.0,0.0,0.0,0.0,0.0,0.0,0.0,0.0
5,4,0.18280241,0.061752506,0.0,0.0,0.75544506,0.0,0.0,0.0,0.0,0.0,0.0,0.0,0.0
5,4,0.18280241,0.061752506,0.0,0.0,0.75544506,0.0,0.0,0.0,0.0,0.0,0.0,0.0,0.0
5,4,0.18280241,0.061752506,0.0,0.0,0.75544506,0.0,0.0,0.0,0.0,0.0,0.0,0.0,0.0
5,4,0.18280241,0.061752506,0.0,0.0,0.75544506,0.0,0.0,0.0,0.0,0.0,0.0,0.0,0.0
5,4,0.18280241,0.061752506,0.0,0.0,0.75544506,0.0,0.0,0.0,0.0,0.0,0.0,0.0,0.0
5,4,0.18280241,0.061752506,0.0,0.0,0.75544506,0.0,0.0,0.0,0.0,0.0,0.0,0.0,0.0
5,4,0.18280241,0.061752506,0.0,0.0,0.75544506,0.0,0.0,0.0,0.0,0.0,0.0,0.0,0.0
5,4,0.18280241,0.061752506,0.0,0.0,0.75544506,0.0,0.0,0.0,0.0,0.0,0.0,0.0,0.0
5,4,0.18280241,0.061752506,0.0,0.0,0.75544506,0.0,0.0,0.0,0.0,0.0,0.0,0.0,0.0
5,4,0.12479477,0.06175251,0.0,0.0,0.8134527,0.0,0.0,0.0,0.0,0.0,0.0,0.0,0.0
5,4,0.12479477,0.06175251,0.0,0.0,0.8134527,0.0,0.0,0.0,0.0,0.0,0.0,0.0,0.0
5,4,0.12479477,0.06175251,0.0,0.0,0.8134527,0.0,0.0,0.0,0.0,0.0,0.0,0.0,0.0
5,4,0.12479477,0.06175251,0.0,0.0,0.8134527,0.0,0.0,0.0,0.0,0.0,0.0,0.0,0.0
5,4,0.12479477,0.06175251,0.0,0.0,0.8134527,0.0,0.0,0.0,0.0,0.0,0.0,0.0,0.0
5,4,0.12479477,0.06175251,0.0,0.0,0.8134527,0.0,0.0,0.0,0.0,0.0,0.0,0.0,0.0
5,4,0.12479477,0.06175251,0.0,0.0,0.8134527,0.0,0.0,0.0,0.0,0.0,0.0,0.0,0.0
5,4,0.12479477,0.06175251,0.0,0.0,0.8134527,0.0,0.0,0.0,0.0,0.0,0.0,0.0,0.0
5,4,0.12479477,0.06175251,0.0,0.0,0.8134527,0.0,0.0,0.0,0.0,0.0,0.0,0.0,0.0
5,4,0.12479477,0.06175251,0.0,0.0,0.8134527,0.0,0.0,0.0,0.0,0.0,0.0,0.0,0.0
5,4,0.12479477,0.06175251,0.0,0.0,0.8134527,0.0,0.0,0.0,0.0,0.0,0.0,0.0,0.0
5,4,0.12479477,0.06175251,0.0,0.0,0.8134527,0.0,0.0,0.0,0.0,0.0,0.0,0.0,0.0
5,4,0.12479477,0.06175251,0.0,0.0,0.8134527,0.0,0.0,0.0,0.0,0.0,0.0,0.0,0.0
5,4,0.12479477,0.06175251,0.0,0.0,0.8134527,0.0,0.0,0.0,0.0,0.0,0.0,0.0,0.0
5,4,0.12479477,0.06175251,0.0,0.0,0.8134527,0.0,0.0,0.0,0.0,0.0,0.0,0.0,0.0
5,4,0.12479477,0.06175251,0.0,0.0,0.8134527,0.0,0.0,0.0,0.0,0.0,0.0,0.0,0.0
5,4,0.12479477,0.06175251,0.0,0.0,0.8134527,0.0,0.0,0.0,0.0,0.0,0.0,0.0,0.0
5,4,0.12479477,0.06175251,0.0,0.0,0.8134527,0.0,0.0,0.0,0.0,0.0,0.0,0.0,0.0
5,4,0.18684128,0.06175251,0.0,0.0,0.7514062,0.0,0.0,0.0,0.0,0.0,0.0,0.0,0.0
5,4,0.18684128,0.06175251,0.0,0.0,0.7514062,0.0,0.0,0.0,0.0,0.0,0.0,0.0,0.0
5,4,0.18684128,0.06175251,0.0,0.0,0.7514062,0.0,0.0,0.0,0.0,0.0,0.0,0.0,0.0
5,4,0.18684128,0.06175251,0.0,0.0,0.7514062,0.0,0.0,0.0,0.0,0.0,0.0,0.0,0.0
5,4,0.18684128,0.06175251,0.0,0.0,0.7514062,0.0,0.0,0.0,0.0,0.0,0.0,0.0,0.0
5,4,0.18684128,0.06175251,0.0,0.0,0.7514062,0.0,0.0,0.0,0.0,0.0,0.0,0.0,0.0
5,4,0.18684128,0.06175251,0.0,0.0,0.7514062,0.0,0.0,0.0,0.0,0.0,0.0,0.0,0.0
5,4,0.18684128,0.06175251,0.0,0.0,0.7514062,0.0,0.0,0.0,0.0,0.0,0.0,0.0,0.0
5,4,0.18684128,0.06175251,0.0,0.0,0.7514062,0.0,0.0,0.0,0.0,0.0,0.0,0.0,0.0
5,4,0.18684128,0.06175251,0.0,0.0,0.7514062,0.0,0.0,0.0,0.0,0.0,0.0,0.0,0.0
5,4,0.18684128,0.06175251,0.0,0.0,0.7514062,0.0,0.0,0.0,0.0,0.0,0.0,0.0,0.0
5,4,0.18684128,0.06175251,0.0,0.0,0.7514062,0.0,0.0,0.0,0.0,0.0,0.0,0.0,0.0
5,4,0.18684128,0.06175251,0.0,0.0,0.7514062,0.0,0.0,0.0,0.0,0.0,0.0,0.0,0.0
5,4,0.18684128,0.06175251,0.0,0.0,0.7514062,0.0,0.0,0.0,0.0,0.0,0.0,0.0,0.0
5,4,0.12177765,0.061752517,0.0,0.0,0.81646985,0.0,0.0,0.0,0.0,0.0,0.0,0.0,0.0
5,4,0.12177765,0.061752517,0.0,0.0,0.81646985,0.0,0.0,0.0,0.0,0.0,0.0,0.0,0.0
5,4,0.12177765,0.061752517,0.0,0.0,0.81646985,0.0,0.0,0.0,0.0,0.0,0.0,0.0,0.0
5,4,0.12177765,0.061752517,0.0,0.0,0.81646985,0.0,0.0,0.0,0.0,0.0,0.0,0.0,0.0
5,4,0.12177765,0.061752517,0.0,0.0,0.81646985,0.0,0.0,0.0,0.0,0.0,0.0,0.0,0.0
5,4,0.12177765,0.061752517,0.0,0.0,0.81646985,0.0,0.0,0.0,0.0,0.0,0.0,0.0,0.0
5,4,0.12177765,0.061752517,0.0,0.0,0.81646985,0.0,0.0,0.0,0.0,0.0,0.0,0.0,0.0
5,4,0.12177765,0.061752517,0.0,0.0,0.81646985,0.0,0.0,0.0,0.0,0.0,0.0,0.0,0.0
5,4,0.18366595,0.061752517,0.0,0.0,0.7545816,0.0,0.0,0.0,0.0,0.0,0.0,0.0,0.0
5,4,0.18366595,0.061752517,0.0,0.0,0.7545816,0.0,0.0,0.0,0.0,0.0,0.0,0.0,0.0
5,4,0.18366595,0.061752517,0.0,0.0,0.7545816,0.0,0.0,0.0,0.0,0.0,0.0,0.0,0.0
5,4,0.18366595,0.061752517,0.0,0.0,0.7545816,0.0,0.0,0.0,0.0,0.0,0.0,0.0,0.0
5,4,0.12161943,0.061752517,0.0,0.0,0.8166281,0.0,0.0,0.0,0.0,0.0,0.0,0.0,0.0
5,4,0.12161943,0.061752517,0.0,0.0,0.8166281,0.0,0.0,0.0,0.0,0.0,0.0,0.0,0.0
5,4,0.12161943,0.061752517,0.0,0.0,0.8166281,0.0,0.0,0.0,0.0,0.0,0.0,0.0,0.0
5,4,0.12161943,0.061752517,0.0,0.0,0.8166281,0.0,0.0,0.0,0.0,0.0,0.0,0.0,0.0
5,4,0.12161943,0.061752517,0.0,0.0,0.8166281,0.0,0.0,0.0,0.0,0.0,0.0,0.0,0.0
5,4,0.12161943,0.061752517,0.0,0.0,0.8166281,0.0,0.0,0.0,0.0,0.0,0.0,0.0,0.0
5,4,0.12161943,0.061752517,0.0,0.0,0.8166281,0.0,0.0,0.0,0.0,0.0,0.0,0.0,0.0
5,4,0.12161943,0.061752517,0.0,0.0,0.8166281,0.0,0.0,0.0,0.0,0.0,0.0,0.0,0.0
5,4,0.12161943,0.061752517,0.0,0.0,0.8166281,0.0,0.0,0.0,0.0,0.0,0.0,0.0,0.0
5,4,0.12161943,0.061752517,0.0,0.0,0.8166281,0.0,0.0,0.0,0.0,0.0,0.0,0.0,0.0
5,4,0.12161943,0.061752517,0.0,0.0,0.8166281,0.0,0.0,0.0,0.0,0.0,0.0,0.0,0.0
5,4,0.12161943,0.061752517,0.0,0.0,0.8166281,0.0,0.0,0.0,0.0,0.0,0.0,0.0,0.0
5,4,0.12161943,0.061752517,0.0,0.0,0.8166281,0.0,0.0,0.0,0.0,0.0,0.0,0.0,0.0
5,4,0.12161943,0.061752517,0.0,0.0,0.8166281,0.0,0.0,0.0,0.0,0.0,0.0,0.0,0.0
5,4,0.12161943,0.061752517,0.0,0.0,0.8166281,0.0,0.0,0.0,0.0,0.0,0.0,0.0,0.0
5,4,0.12161943,0.061752517,0.0,0.0,0.8166281,0.0,0.0,0.0,0.0,0.0,0.0,0.0,0.0
5,4,0.12161943,0.061752517,0.0,0.0,0.8166281,0.0,0.0,0.0,0.0,0.0,0.0,0.0,0.0
5,4,0.12161943,0.061752517,0.0,0.0,0.8166281,0.0,0.0,0.0,0.0,0.0,0.0,0.0,0.0
5,4,0.12161943,0.061752517,0.0,0.0,0.8166281,0.0,0.0,0.0,0.0,0.0,0.0,0.0,0.0
5,4,0.12161943,0.061752517,0.0,0.0,0.8166281,0.0,0.0,0.0,0.0,0.0,0.0,0.0,0.0
5,4,0.12161943,0.061752517,0.0,0.0,0.8166281,0.0,0.0,0.0,0.0,0.0,0.0,0.0,0.0
5,4,0.12161943,0.061752517,0.0,0.0,0.8166281,0.0,0.0,0.0,0.0,0.0,0.0,0.0,0.0
5,4,0.12161943,0.061752517,0.0,0.0,0.8166281,0.0,0.0,0.0,0.0,0.0,0.0,0.0,0.0
5,4,0.12161943,0.061752517,0.0,0.0,0.8166281,0.0,0.0,0.0,0.0,0.0,0.0,0.0,0.0
5,4,0.121619426,0.129336,0.0,0.0,0.7490446,0.0,0.0,0.0,0.0,0.0,0.0,0.0,0.0
5,4,0.121619426,0.129336,0.0,0.0,0.7490446,0.0,0.0,0.0,0.0,0.0,0.0,0.0,0.0
5,4,0.121619426,0.129336,0.0,0.0,0.7490446,0.0,0.0,0.0,0.0,0.0,0.0,0.0,0.0
5,4,0.121619426,0.129336,0.0,0.0,0.7490446,0.0,0.0,0.0,0.0,0.0,0.0,0.0,0.0
5,4,0.121619426,0.129336,0.0,0.0,0.7490446,0.0,0.0,0.0,0.0,0.0,0.0,0.0,0.0
5,4,0.121619426,0.129336,0.0,0.0,0.7490446,0.0,0.0,0.0,0.0,0.0,0.0,0.0,0.0
5,4,0.121619426,0.129336,0.0,0.0,0.7490446,0.0,0.0,0.0,0.0,0.0,0.0,0.0,0.0
5,4,0.121619426,0.129336,0.0,0.0,0.7490446,0.0,0.0,0.0,0.0,0.0,0.0,0.0,0.0
5,4,0.121619426,0.129336,0.0,0.0,0.7490446,0.0,0.0,0.0,0.0,0.0,0.0,0.0,0.0
5,4,0.121619426,0.129336,0.0,0.0,0.7490446,0.0,0.0,0.0,0.0,0.0,0.0,0.0,0.0
5,4,0.121619426,0.129336,0.0,0.0,0.7490446,0.0,0.0,0.0,0.0,0.0,0.0,0.0,0.0
5,4,0.121619426,0.129336,0.0,0.0,0.7490446,0.0,0.0,0.0,0.0,0.0,0.0,0.0,0.0
5,4,0.121619426,0.129336,0.0,0.0,0.7490446,0.0,0.0,0.0,0.0,0.0,0.0,0.0,0.0
5,4,0.121619426,0.129336,0.0,0.0,0.7490446,0.0,0.0,0.0,0.0,0.0,0.0,0.0,0.0
5,4,0.121619426,0.129336,0.0,0.0,0.7490446,0.0,0.0,0.0,0.0,0.0,0.0,0.0,0.0
5,4,0.121619426,0.129336,0.0,0.0,0.7490446,0.0,0.0,0.0,0.0,0.0,0.0,0.0,0.0
5,4,0.121619426,0.129336,0.0,0.0,0.7490446,0.0,0.0,0.0,0.0,0.0,0.0,0.0,0.0
5,4,0.121619426,0.129336,0.0,0.0,0.7490446,0.0,0.0,0.0,0.0,0.0,0.0,0.0,0.0
5,4,0.121619426,0.129336,0.0,0.0,0.7490446,0.0,0.0,0.0,0.0,0.0,0.0,0.0,0.0
5,4,0.121619426,0.129336,0.0,0.0,0.7490446,0.0,0.0,0.0,0.0,0.0,0.0,0.0,0.0
5,4,0.121619426,0.129336,0.0,0.0,0.7490446,0.0,0.0,0.0,0.0,0.0,0.0,0.0,0.0
5,4,0.121619426,0.129336,0.0,0.0,0.7490446,0.0,0.0,0.0,0.0,0.0,0.0,0.0,0.0
5,4,0.121619426,0.129336,0.0,0.0,0.7490446,0.0,0.0,0.0,0.0,0.0,0.0,0.0,0.0
5,4,0.121619426,0.129336,0.0,0.0,0.7490446,0.0,0.0,0.0,0.0,0.0,0.0,0.0,0.0
5,4,0.121619426,0.129336,0.0,0.0,0.7490446,0.0,0.0,0.0,0.0,0.0,0.0,0.0,0.0
5,4,0.121619426,0.129336,0.0,0.0,0.7490446,0.0,0.0,0.0,0.0,0.0,0.0,0.0,0.0
5,4,0.121619426,0.129336,0.0,0.0,0.7490446,0.0,0.0,0.0,0.0,0.0,0.0,0.0,0.0
5,4,0.121619426,0.129336,0.0,0.0,0.7490446,0.0,0.0,0.0,0.0,0.0,0.0,0.0,0.0
5,4,0.19242932,0.19452599,0.0,0.0,0.61304474,0.0,0.0,0.0,0.0,0.0,0.0,0.0,0.0
5,4,0.19242932,0.19452599,0.0,0.0,0.61304474,0.0,0.0,0.0,0.0,0.0,0.0,0.0,0.0
5,4,0.19242932,0.19452599,0.0,0.0,0.61304474,0.0,0.0,0.0,0.0,0.0,0.0,0.0,0.0
5,4,0.19242932,0.19452599,0.0,0.0,0.61304474,0.0,0.0,0.0,0.0,0.0,0.0,0.0,0.0
5,4,0.19242932,0.19452599,0.0,0.0,0.61304474,0.0,0.0,0.0,0.0,0.0,0.0,0.0,0.0
5,4,0.19242932,0.19452599,0.0,0.0,0.61304474,0.0,0.0,0.0,0.0,0.0,0.0,0.0,0.0
5,4,0.19242932,0.19452599,0.0,0.0,0.61304474,0.0,0.0,0.0,0.0,0.0,0.0,0.0,0.0
5,4,0.19242932,0.19452599,0.0,0.0,0.61304474,0.0,0.0,0.0,0.0,0.0,0.0,0.0,0.0
5,4,0.19242932,0.19452599,0.0,0.0,0.61304474,0.0,0.0,0.0,0.0,0.0,0.0,0.0,0.0
5,4,0.19242932,0.19452599,0.0,0.0,0.61304474,0.0,0.0,0.0,0.0,0.0,0.0,0.0,0.0
5,4,0.19242932,0.19452599,0.0,0.0,0.61304474,0.0,0.0,0.0,0.0,0.0,0.0,0.0,0.0
5,4,0.19242932,0.19452599,0.0,0.0,0.61304474,0.0,0.0,0.0,0.0,0.0,0.0,0.0,0.0
5,4,0.19242932,0.19452599,0.0,0.0,0.61304474,0.0,0.0,0.0,0.0,0.0,0.0,0.0,0.0
5,4,0.19242932,0.19452599,0.0,0.0,0.61304474,0.0,0.0,0.0,0.0,0.0,0.0,0.0,0.0
5,4,0.19242932,0.19452599,0.0,0.0,0.5562477,0.0,0.056797005,0.0,0.0,0.0,0.0,0.0,0.0
5,4,0.19242932,0.19452599,0.0,0.0,0.5562477,0.0,0.056797005,0.0,0.0,0.0,0.0,0.0,0.0
5,4,0.19242932,0.19452599,0.0,0.0,0.5562477,0.0,0.056797005,0.0,0.0,0.0,0.0,0.0,0.0
5,4,0.19242932,0.19452599,0.0,0.0,0.5562477,0.0,0.056797005,0.0,0.0,0.0,0.0,0.0,0.0
5,4,0.19242932,0.19452599,0.0,0.0,0.5562477,0.0,0.056797005,0.0,0.0,0.0,0.0,0.0,0.0
5,4,0.19242932,0.19452599,0.0,0.0,0.5562477,0.0,0.056797005,0.0,0.0,0.0,0.0,0.0,0.0
5,4,0.19242932,0.19452599,0.0,0.0,0.5562477,0.0,0.056797005,0.0,0.0,0.0,0.0,0.0,0.0
5,4,0.19242932,0.19452599,0.0,0.0,0.5562477,0.0,0.056797005,0.0,0.0,0.0,0.0,0.0,0.0
5,4,0.19242932,0.19452599,0.0,0.0,0.5562477,0.0,0.056797005,0.0,0.0,0.0,0.0,0.0,0.0
5,4,0.19242932,0.19452599,0.0,0.0,0.5562477,0.0,0.056797005,0.0,0.0,0.0,0.0,0.0,0.0
5,4,0.19242932,0.19452599,0.0,0.0,0.5562477,0.0,0.056797005,0.0,0.0,0.0,0.0,0.0,0.0
5,4,0.19242932,0.19452599,0.0,0.0,0.5562477,0.0,0.056797005,0.0,0.0,0.0,0.0,0.0,0.0
5,4,0.19242932,0.19452599,0.0,0.0,0.5562477,0.0,0.056797005,0.0,0.0,0.0,0.0,0.0,0.0
5,4,0.19242932,0.19452599,0.0,0.0,0.5562477,0.0,0.056797005,0.0,0.0,0.0,0.0,0.0,0.0
5,4,0.19242932,0.19452599,0.0,0.0,0.5562477,0.0,0.056797005,0.0,0.0,0.0,0.0,0.0,0.0
5,4,0.19242932,0.19452599,0.0,0.0,0.5562477,0.0,0.056797005,0.0,0.0,0.0,0.0,0.0,0.0
5,4,0.19242932,0.19452599,0.0,0.0,0.5562477,0.0,0.056797005,0.0,0.0,0.0,0.0,0.0,0.0
5,4,0.19242932,0.19452599,0.0,0.0,0.5562477,0.0,0.056797005,0.0,0.0,0.0,0.0,0.0,0.0
5,4,0.19242932,0.19452599,0.0,0.0,0.5562477,0.0,0.056797005,0.0,0.0,0.0,0.0,0.0,0.0
5,4,0.19242932,0.19452599,0.0,0.0,0.5562477,0.0,0.056797005,0.0,0.0,0.0,0.0,0.0,0.0
5,4,0.19242932,0.19452599,0.0,0.0,0.5562477,0.0,0.056797005,0.0,0.0,0.0,0.0,0.0,0.0
5,4,0.19242932,0.19452599,0.0,0.0,0.5562477,0.0,0.056797005,0.0,0.0,0.0,0.0,0.0,0.0
5,4,0.19242932,0.19452599,0.0,0.0,0.5562477,0.0,0.056797005,0.0,0.0,0.0,0.0,0.0,0.0
5,4,0.19242932,0.19452599,0.0,0.0,0.5562477,0.0,0.056797005,0.0,0.0,0.0,0.0,0.0,0.0
5,4,0.19242932,0.19452599,0.0,0.0,0.5562477,0.0,0.056797005,0.0,0.0,0.0,0.0,0.0,0.0
5,4,0.19242932,0.19452599,0.0,0.0,0.5562477,0.0,0.056797005,0.0,0.0,0.0,0.0,0.0,0.0
5,4,0.19242932,0.19452599,0.0,0.0,0.5562477,0.0,0.056797005,0.0,0.0,0.0,0.0,0.0,0.0
5,4,0.19242932,0.19452599,0.0,0.0,0.5562477,0.0,0.056797005,0.0,0.0,0.0,0.0,0.0,0.0
5,4,0.19242932,0.19452599,0.0,0.0,0.5562477,0.0,0.056797005,0.0,0.0,0.0,0.0,0.0,0.0
5,4,0.19242932,0.19452599,0.0,0.0,0.5562477,0.0,0.056797005,0.0,0.0,0.0,0.0,0.0,0.0
5,4,0.19242932,0.19452599,0.0,0.0,0.5562477,0.0,0.056797005,0.0,0.0,0.0,0.0,0.0,0.0
5,4,0.19242932,0.19452599,0.0,0.0,0.5562477,0.0,0.056797005,0.0,0.0,0.0,0.0,0.0,0.0
5,4,0.19242932,0.19452599,0.0,0.0,0.5562477,0.0,0.056797005,0.0,0.0,0.0,0.0,0.0,0.0
5,4,0.19242932,0.19452599,0.0,0.0,0.5562477,0.0,0.056797005,0.0,0.0,0.0,0.0,0.0,0.0
5,4,0.19242932,0.19452599,0.0,0.0,0.5562477,0.0,0.056797005,0.0,0.0,0.0,0.0,0.0,0.0
5,4,0.19242932,0.19452599,0.0,0.0,0.5562477,0.0,0.056797005,0.0,0.0,0.0,0.0,0.0,0.0
5,4,0.19242932,0.19452599,0.0,0.0,0.5562477,0.0,0.056797005,0.0,0.0,0.0,0.0,0.0,0.0
5,4,0.19242932,0.19452599,0.0,0.0,0.5562477,0.0,0.056797005,0.0,0.0,0.0,0.0,0.0,0.0
5,4,0.19242932,0.19452599,0.0,0.0,0.5562477,0.0,0.056797005,0.0,0.0,0.0,0.0,0.0,0.0
5,4,0.19242932,0.19452599,0.0,0.0,0.5562477,0.0,0.056797005,0.0,0.0,0.0,0.0,0.0,0.0
5,4,0.19242932,0.19452599,0.0,0.0,0.5562477,0.0,0.056797005,0.0,0.0,0.0,0.0,0.0,0.0
5,4,0.19242932,0.19452599,0.0,0.0,0.5562477,0.0,0.056797005,0.0,0.0,0.0,0.0,0.0,0.0
5,4,0.1924293,0.25744572,0.0,0.0,0.49332795,0.0,0.056797,0.0,0.0,0.0,0.0,0.0,0.0
5,4,0.1924293,0.25744572,0.0,0.0,0.49332795,0.0,0.056797,0.0,0.0,0.0,0.0,0.0,0.0
5,4,0.1924293,0.25744572,0.0,0.0,0.49332795,0.0,0.056797,0.0,0.0,0.0,0.0,0.0,0.0
5,4,0.1924293,0.25744572,0.0,0.0,0.49332795,0.0,0.056797,0.0,0.0,0.0,0.0,0.0,0.0
5,4,0.1924293,0.25744572,0.0,0.0,0.49332795,0.0,0.056797,0.0,0.0,0.0,0.0,0.0,0.0
5,4,0.1924293,0.25744572,0.0,0.0,0.49332795,0.0,0.056797,0.0,0.0,0.0,0.0,0.0,0.0
5,4,0.1924293,0.25744572,0.0,0.0,0.49332795,0.0,0.056797,0.0,0.0,0.0,0.0,0.0,0.0
5,4,0.1924293,0.25744572,0.0,0.0,0.49332795,0.0,0.056797,0.0,0.0,0.0,0.0,0.0,0.0
5,4,0.1924293,0.25744572,0.0,0.0,0.49332795,0.0,0.056797,0.0,0.0,0.0,0.0,0.0,0.0
5,4,0.1924293,0.25744572,0.0,0.0,0.49332795,0.0,0.056797,0.0,0.0,0.0,0.0,0.0,0.0
5,4,0.1924293,0.25744572,0.0,0.0,0.49332795,0.0,0.056797,0.0,0.0,0.0,0.0,0.0,0.0
5,4,0.1924293,0.25744572,0.0,0.0,0.49332795,0.0,0.056797,0.0,0.0,0.0,0.0,0.0,0.0
5,4,0.1924293,0.25744572,0.0,0.0,0.49332795,0.0,0.056797,0.0,0.0,0.0,0.0,0.0,0.0
5,4,0.1924293,0.25744572,0.0,0.0,0.49332795,0.0,0.056797,0.0,0.0,0.0,0.0,0.0,0.0
5,4,0.1924293,0.25744572,0.0,0.0,0.49332795,0.0,0.056797,0.0,0.0,0.0,0.0,0.0,0.0
5,4,0.1924293,0.25744572,0.0,0.0,0.49332795,0.0,0.056797,0.0,0.0,0.0,0.0,0.0,0.0
5,4,0.1924293,0.25744572,0.0,0.0,0.49332795,0.0,0.056797,0.0,0.0,0.0,0.0,0.0,0.0
5,4,0.1924293,0.25744572,0.0,0.0,0.49332795,0.0,0.056797,0.0,0.0,0.0,0.0,0.0,0.0
5,4,0.1924293,0.25744572,0.0,0.0,0.49332795,0.0,0.056797,0.0,0.0,0.0,0.0,0.0,0.0
5,4,0.1924293,0.25744572,0.0,0.0,0.49332795,0.0,0.056797,0.0,0.0,0.0,0.0,0.0,0.0
5,4,0.1924293,0.25744572,0.0,0.0,0.49332795,0.0,0.056797,0.0,0.0,0.0,0.0,0.0,0.0
5,4,0.1924293,0.25744572,0.0,0.0,0.49332795,0.0,0.056797,0.0,0.0,0.0,0.0,0.0,0.0
5,4,0.1924293,0.25744572,0.0,0.0,0.49332795,0.0,0.056797,0.0,0.0,0.0,0.0,0.0,0.0
5,4,0.1924293,0.25744572,0.0,0.0,0.49332795,0.0,0.056797,0.0,0.0,0.0,0.0,0.0,0.0
5,4,0.1924293,0.25744572,0.0,0.0,0.49332795,0.0,0.056797,0.0,0.0,0.0,0.0,0.0,0.0
5,4,0.1924293,0.25744572,0.0,0.0,0.49332795,0.0,0.056797,0.0,0.0,0.0,0.0,0.0,0.0
5,4,0.1924293,0.25744572,0.0,0.0,0.49332795,0.0,0.056797,0.0,0.0,0.0,0.0,0.0,0.0
5,4,0.1924293,0.25744572,0.0,0.0,0.49332795,0.0,0.056797,0.0,0.0,0.0,0.0,0.0,0.0
5,4,0.1924293,0.25744572,0.0,0.0,0.49332795,0.0,0.056797,0.0,0.0,0.0,0.0,0.0,0.0
5,4,0.1924293,0.25744572,0.0,0.0,0.49332795,0.0,0.056797,0.0,0.0,0.0,0.0,0.0,0.0
5,4,0.1924293,0.25744572,0.0,0.0,0.49332795,0.0,0.056797,0.0,0.0,0.0,0.0,0.0,0.0
5,4,0.1924293,0.25744572,0.0,0.0,0.49332795,0.0,0.056797,0.0,0.0,0.0,0.0,0.0,0.0
5,4,0.1924293,0.25744572,0.0,0.0,0.49332795,0.0,0.056797,0.0,0.0,0.0,0.0,0.0,0.0
5,4,0.1924293,0.25744572,0.0,0.0,0.49332795,0.0,0.056797,0.0,0.0,0.0,0.0,0.0,0.0
5,4,0.1924293,0.25744572,0.0,0.0,0.49332795,0.0,0.056797,0.0,0.0,0.0,0.0,0.0,0.0
5,4,0.1924293,0.25744572,0.0,0.0,0.49332795,0.0,0.056797,0.0,0.0,0.0,0.0,0.0,0.0
5,4,0.1924293,0.25744572,0.0,0.0,0.49332795,0.0,0.056797,0.0,0.0,0.0,0.0,0.0,0.0
5,4,0.1924293,0.25744572,0.0,0.0,0.49332795,0.0,0.056797,0.0,0.0,0.0,0.0,0.0,0.0
5,4,0.1924293,0.25744572,0.0,0.0,0.49332795,0.0,0.056797,0.0,0.0,0.0,0.0,0.0,0.0
5,4,0.1924293,0.25744572,0.0,0.0,0.49332795,0.0,0.056797,0.0,0.0,0.0,0.0,0.0,0.0
5,4,0.1924293,0.25744572,0.0,0.0,0.49332795,0.0,0.056797,0.0,0.0,0.0,0.0,0.0,0.0
5,4,0.1924293,0.25744572,0.0,0.0,0.49332795,0.0,0.056797,0.0,0.0,0.0,0.0,0.0,0.0
5,4,0.1924293,0.25744572,0.0,0.0,0.49332795,0.0,0.056797,0.0,0.0,0.0,0.0,0.0,0.0
5,4,0.1924293,0.25744572,0.0,0.0,0.49332795,0.0,0.056797,0.0,0.0,0.0,0.0,0.0,0.0
5,4,0.1924293,0.25744572,0.0,0.0,0.49332795,0.0,0.056797,0.0,0.0,0.0,0.0,0.0,0.0
5,4,0.1924293,0.25744572,0.0,0.0,0.49332795,0.0,0.056797,0.0,0.0,0.0,0.0,0.0,0.0
5,4,0.1924293,0.25744572,0.0,0.0,0.49332795,0.0,0.056797,0.0,0.0,0.0,0.0,0.0,0.0
5,4,0.1924293,0.25744572,0.0,0.0,0.49332795,0.0,0.056797,0.0,0.0,0.0,0.0,0.0,0.0
5,4,0.1924293,0.25744572,0.0,0.0,0.49332795,0.0,0.056797,0.0,0.0,0.0,0.0,0.0,0.0
5,4,0.1924293,0.25744572,0.0,0.0,0.49332795,0.0,0.056797,0.0,0.0,0.0,0.0,0.0,0.0
5,4,0.1924293,0.25744572,0.0,0.0,0.49332795,0.0,0.056797,0.0,0.0,0.0,0.0,0.0,0.0
5,4,0.1924293,0.25744572,0.0,0.0,0.49332795,0.0,0.056797,0.0,0.0,0.0,0.0,0.0,0.0
5,4,0.1924293,0.25744572,0.0,0.0,0.49332795,0.0,0.056797,0.0,0.0,0.0,0.0,0.0,0.0
5,4,0.1924293,0.25744572,0.0,0.0,0.49332795,0.0,0.056797,0.0,0.0,0.0,0.0,0.0,0.0
5,4,0.1924293,0.25744572,0.0,0.0,0.49332795,0.0,0.056797,0.0,0.0,0.0,0.0,0.0,0.0
5,4,0.1924293,0.25744572,0.0,0.0,0.49332795,0.0,0.056797,0.0,0.0,0.0,0.0,0.0,0.0
5,4,0.1924293,0.25744572,0.0,0.0,0.49332795,0.0,0.056797,0.0,0.0,0.0,0.0,0.0,0.0
5,4,0.1924293,0.25744572,0.0,0.0,0.49332795,0.0,0.056797,0.0,0.0,0.0,0.0,0.0,0.0
5,4,0.1924293,0.25744572,0.0,0.0,0.49332795,0.0,0.056797,0.0,0.0,0.0,0.0,0.0,0.0
5,4,0.1924293,0.25744572,0.0,0.0,0.49332795,0.0,0.056797,0.0,0.0,0.0,0.0,0.0,0.0
5,4,0.1924293,0.25744572,0.0,0.0,0.49332795,0.0,0.056797,0.0,0.0,0.0,0.0,0.0,0.0
5,4,0.1924293,0.25744572,0.0,0.0,0.49332795,0.0,0.056797,0.0,0.0,0.0,0.0,0.0,0.0
5,4,0.1924293,0.25744572,0.0,0.0,0.49332795,0.0,0.056797,0.0,0.0,0.0,0.0,0.0,0.0
5,4,0.1924293,0.25744572,0.0,0.0,0.49332795,0.0,0.056797,0.0,0.0,0.0,0.0,0.0,0.0
5,4,0.1924293,0.25744572,0.0,0.0,0.49332795,0.0,0.056797,0.0,0.0,0.0,0.0,0.0,0.0
5,4,0.1924293,0.25744572,0.0,0.0,0.49332795,0.0,0.056797,0.0,0.0,0.0,0.0,0.0,0.0
5,4,0.1924293,0.25744572,0.0,0.0,0.49332795,0.0,0.056797,0.0,0.0,0.0,0.0,0.0,0.0
5,4,0.1924293,0.25744572,0.0,0.0,0.49332795,0.0,0.056797,0.0,0.0,0.0,0.0,0.0,0.0
5,4,0.1924293,0.25744572,0.0,0.0,0.49332795,0.0,0.056797,0.0,0.0,0.0,0.0,0.0,0.0
5,4,0.1924293,0.25744572,0.0,0.0,0.49332795,0.0,0.056797,0.0,0.0,0.0,0.0,0.0,0.0
5,4,0.1924293,0.25744572,0.0,0.0,0.49332795,0.0,0.056797,0.0,0.0,0.0,0.0,0.0,0.0
5,4,0.1924293,0.25744572,0.0,0.0,0.49332795,0.0,0.056797,0.0,0.0,0.0,0.0,0.0,0.0
5,4,0.1924293,0.314347,0.0,0.0,0.43642664,0.0,0.056797,0.0,0.0,0.0,0.0,0.0,0.0
5,4,0.1924293,0.314347,0.0,0.0,0.43642664,0.0,0.056797,0.0,0.0,0.0,0.0,0.0,0.0
5,4,0.1924293,0.314347,0.0,0.0,0.43642664,0.0,0.056797,0.0,0.0,0.0,0.0,0.0,0.0
5,4,0.1924293,0.314347,0.0,0.0,0.43642664,0.0,0.056797,0.0,0.0,0.0,0.0,0.0,0.0
5,4,0.1924293,0.314347,0.0,0.0,0.43642664,0.0,0.056797,0.0,0.0,0.0,0.0,0.0,0.0
5,4,0.1924293,0.314347,0.0,0.0,0.43642664,0.0,0.056797,0.0,0.0,0.0,0.0,0.0,0.0
5,4,0.1924293,0.314347,0.0,0.0,0.43642664,0.0,0.056797,0.0,0.0,0.0,0.0,0.0,0.0
5,4,0.1924293,0.314347,0.0,0.0,0.43642664,0.0,0.056797,0.0,0.0,0.0,0.0,0.0,0.0
5,4,0.1924293,0.314347,0.0,0.0,0.43642664,0.0,0.056797,0.0,0.0,0.0,0.0,0.0,0.0
5,4,0.1924293,0.314347,0.0,0.0,0.43642664,0.0,0.056797,0.0,0.0,0.0,0.0,0.0,0.0
5,4,0.1924293,0.314347,0.0,0.0,0.43642664,0.0,0.056797,0.0,0.0,0.0,0.0,0.0,0.0
5,4,0.1924293,0.314347,0.0,0.0,0.43642664,0.0,0.056797,0.0,0.0,0.0,0.0,0.0,0.0
5,4,0.1924293,0.314347,0.0,0.0,0.43642664,0.0,0.056797,0.0,0.0,0.0,0.0,0.0,0.0
5,4,0.1924293,0.314347,0.0,0.0,0.43642664,0.0,0.056797,0.0,0.0,0.0,0.0,0.0,0.0
5,4,0.1924293,0.314347,0.0,0.0,0.43642664,0.0,0.056797,0.0,0.0,0.0,0.0,0.0,0.0
5,4,0.1924293,0.314347,0.0,0.0,0.43642664,0.0,0.056797,0.0,0.0,0.0,0.0,0.0,0.0
5,4,0.19242932,0.2525945,0.0,0.06175251,0.43642667,0.0,0.056797005,0.0,0.0,0.0,0.0,0.0,0.0
5,4,0.19242932,0.2525945,0.0,0.06175251,0.43642667,0.0,0.056797005,0.0,0.0,0.0,0.0,0.0,0.0
5,4,0.19242932,0.2525945,0.0,0.06175251,0.43642667,0.0,0.056797005,0.0,0.0,0.0,0.0,0.0,0.0
5,4,0.19242932,0.2525945,0.0,0.06175251,0.43642667,0.0,0.056797005,0.0,0.0,0.0,0.0,0.0,0.0
5,4,0.19242932,0.2525945,0.0,0.06175251,0.43642667,0.0,0.056797005,0.0,0.0,0.0,0.0,0.0,0.0
5,4,0.19242932,0.2525945,0.0,0.06175251,0.43642667,0.0,0.056797005,0.0,0.0,0.0,0.0,0.0,0.0
5,4,0.19242932,0.2525945,0.0,0.06175251,0.43642667,0.0,0.056797005,0.0,0.0,0.0,0.0,0.0,0.0
5,4,0.19242932,0.2525945,0.0,0.06175251,0.43642667,0.0,0.056797005,0.0,0.0,0.0,0.0,0.0,0.0
5,4,0.19242932,0.2525945,0.0,0.06175251,0.43642667,0.0,0.056797005,0.0,0.0,0.0,0.0,0.0,0.0
5,4,0.19242932,0.2525945,0.0,0.06175251,0.43642667,0.0,0.056797005,0.0,0.0,0.0,0.0,0.0,0.0
5,4,0.19242932,0.2525945,0.0,0.06175251,0.43642667,0.0,0.056797005,0.0,0.0,0.0,0.0,0.0,0.0
5,4,0.19242932,0.2525945,0.0,0.06175251,0.43642667,0.0,0.056797005,0.0,0.0,0.0,0.0,0.0,0.0
5,4,0.19242932,0.2525945,0.0,0.06175251,0.37136304,0.0,0.12186062,0.0,0.0,0.0,0.0,0.0,0.0
5,4,0.19242932,0.2525945,0.0,0.06175251,0.37136304,0.0,0.12186062,0.0,0.0,0.0,0.0,0.0,0.0
5,4,0.19242932,0.2525945,0.0,0.06175251,0.37136304,0.0,0.12186062,0.0,0.0,0.0,0.0,0.0,0.0
5,4,0.19242932,0.2525945,0.0,0.06175251,0.37136304,0.0,0.12186062,0.0,0.0,0.0,0.0,0.0,0.0
5,4,0.19242932,0.2525945,0.0,0.06175251,0.37136304,0.0,0.12186062,0.0,0.0,0.0,0.0,0.0,0.0
5,4,0.19242932,0.2525945,0.0,0.06175251,0.37136304,0.0,0.12186062,0.0,0.0,0.0,0.0,0.0,0.0
5,4,0.19242932,0.2525945,0.0,0.06175251,0.37136304,0.0,0.12186062,0.0,0.0,0.0,0.0,0.0,0.0
5,4,0.19242932,0.2525945,0.0,0.06175251,0.37136304,0.0,0.12186062,0.0,0.0,0.0,0.0,0.0,0.0
5,4,0.1924293,0.2525945,0.0,0.061752506,0.42816004,0.0,0.06506362,0.0,0.0,0.0,0.0,0.0,0.0
5,4,0.1924293,0.2525945,0.0,0.061752506,0.42816004,0.0,0.06506362,0.0,0.0,0.0,0.0,0.0,0.0
5,4,0.1924293,0.2525945,0.0,0.061752506,0.42816004,0.0,0.06506362,0.0,0.0,0.0,0.0,0.0,0.0
5,4,0.1924293,0.2525945,0.0,0.061752506,0.42816004,0.0,0.06506362,0.0,0.0,0.0,0.0,0.0,0.0
5,4,0.1924293,0.2525945,0.0,0.061752506,0.42816004,0.0,0.06506362,0.0,0.0,0.0,0.0,0.0,0.0
5,4,0.1924293,0.2525945,0.0,0.061752506,0.42816004,0.0,0.06506362,0.0,0.0,0.0,0.0,0.0,0.0
5,4,0.1924293,0.2525945,0.0,0.061752506,0.42816004,0.0,0.06506362,0.0,0.0,0.0,0.0,0.0,0.0
5,4,0.1924293,0.2525945,0.0,0.061752506,0.42816004,0.0,0.06506362,0.0,0.0,0.0,0.0,0.0,0.0
5,4,0.1924293,0.2525945,0.0,0.061752506,0.42816004,0.0,0.06506362,0.0,0.0,0.0,0.0,0.0,0.0
5,4,0.1924293,0.2525945,0.0,0.061752506,0.42816004,0.0,0.06506362,0.0,0.0,0.0,0.0,0.0,0.0
5,4,0.1924293,0.2525945,0.0,0.061752506,0.42816004,0.0,0.06506362,0.0,0.0,0.0,0.0,0.0,0.0
5,4,0.1924293,0.2525945,0.0,0.061752506,0.42816004,0.0,0.06506362,0.0,0.0,0.0,0.0,0.0,0.0
5,4,0.1924293,0.2525945,0.0,0.061752506,0.42816004,0.0,0.06506362,0.0,0.0,0.0,0.0,0.0,0.0
5,4,0.1924293,0.2525945,0.0,0.061752506,0.42816004,0.0,0.06506362,0.0,0.0,0.0,0.0,0.0,0.0
5,4,0.1924293,0.2525945,0.0,0.061752506,0.42816004,0.0,0.06506362,0.0,0.0,0.0,0.0,0.0,0.0
5,4,0.1924293,0.2525945,0.0,0.061752506,0.42816004,0.0,0.06506362,0.0,0.0,0.0,0.0,0.0,0.0
5,4,0.1924293,0.2525945,0.0,0.061752506,0.42816004,0.0,0.06506362,0.0,0.0,0.0,0.0,0.0,0.0
5,4,0.1924293,0.2525945,0.0,0.061752506,0.42816004,0.0,0.06506362,0.0,0.0,0.0,0.0,0.0,0.0
5,4,0.1924293,0.2525945,0.0,0.061752506,0.42816004,0.0,0.06506362,0.0,0.0,0.0,0.0,0.0,0.0
5,4,0.1924293,0.2525945,0.0,0.061752506,0.42816004,0.0,0.06506362,0.0,0.0,0.0,0.0,0.0,0.0
5,4,0.1924293,0.2525945,0.0,0.061752506,0.42816004,0.0,0.06506362,0.0,0.0,0.0,0.0,0.0,0.0
5,4,0.1924293,0.2525945,0.0,0.061752506,0.42816004,0.0,0.06506362,0.0,0.0,0.0,0.0,0.0,0.0
5,4,0.1924293,0.2525945,0.0,0.061752506,0.42816004,0.0,0.06506362,0.0,0.0,0.0,0.0,0.0,0.0
5,4,0.1924293,0.2525945,0.0,0.061752506,0.42816004,0.0,0.06506362,0.0,0.0,0.0,0.0,0.0,0.0
5,4,0.1924293,0.2525945,0.0,0.061752506,0.42816004,0.0,0.06506362,0.0,0.0,0.0,0.0,0.0,0.0
5,4,0.1924293,0.2525945,0.0,0.061752506,0.42816004,0.0,0.06506362,0.0,0.0,0.0,0.0,0.0,0.0
5,4,0.1924293,0.2525945,0.0,0.061752506,0.42816004,0.0,0.06506362,0.0,0.0,0.0,0.0,0.0,0.0
5,4,0.1924293,0.2525945,0.0,0.061752506,0.42816004,0.0,0.06506362,0.0,0.0,0.0,0.0,0.0,0.0
5,4,0.1924293,0.2525945,0.0,0.061752506,0.42816004,0.0,0.06506362,0.0,0.0,0.0,0.0,0.0,0.0
5,4,0.1924293,0.2525945,0.0,0.061752506,0.42816004,0.0,0.06506362,0.0,0.0,0.0,0.0,0.0,0.0
5,4,0.1924293,0.2525945,0.0,0.061752506,0.42816004,0.0,0.06506362,0.0,0.0,0.0,0.0,0.0,0.0
5,4,0.1924293,0.2525945,0.0,0.061752506,0.42816004,0.0,0.06506362,0.0,0.0,0.0,0.0,0.0,0.0
5,4,0.19242932,0.2525945,0.0,0.06175251,0.3668957,0.061264377,0.06506362,0.0,0.0,0.0,0.0,0.0,0.0
5,4,0.19242932,0.2525945,0.0,0.06175251,0.3668957,0.061264377,0.06506362,0.0,0.0,0.0,0.0,0.0,0.0
5,4,0.19242932,0.2525945,0.0,0.06175251,0.3668957,0.061264377,0.06506362,0.0,0.0,0.0,0.0,0.0,0.0
5,4,0.19242932,0.2525945,0.0,0.06175251,0.3668957,0.061264377,0.06506362,0.0,0.0,0.0,0.0,0.0,0.0
5,4,0.19242932,0.2525945,0.0,0.06175251,0.3668957,0.061264377,0.06506362,0.0,0.0,0.0,0.0,0.0,0.0
5,4,0.19242932,0.2525945,0.0,0.06175251,0.3668957,0.061264377,0.06506362,0.0,0.0,0.0,0.0,0.0,0.0
5,4,0.19242932,0.2525945,0.0,0.06175251,0.3668957,0.061264377,0.06506362,0.0,0.0,0.0,0.0,0.0,0.0
5,4,0.19242932,0.2525945,0.0,0.06175251,0.3668957,0.061264377,0.06506362,0.0,0.0,0.0,0.0,0.0,0.0
5,4,0.19242932,0.2525945,0.0,0.06175251,0.3668957,0.061264377,0.06506362,0.0,0.0,0.0,0.0,0.0,0.0
5,4,0.19242932,0.2525945,0.0,0.06175251,0.3668957,0.061264377,0.06506362,0.0,0.0,0.0,0.0,0.0,0.0
5,4,0.19242932,0.2525945,0.0,0.06175251,0.3668957,0.061264377,0.06506362,0.0,0.0,0.0,0.0,0.0,0.0
5,4,0.19242932,0.2525945,0.0,0.06175251,0.3668957,0.061264377,0.06506362,0.0,0.0,0.0,0.0,0.0,0.0
5,4,0.19242932,0.2525945,0.0,0.06175251,0.3668957,0.061264377,0.06506362,0.0,0.0,0.0,0.0,0.0,0.0
5,4,0.19242932,0.2525945,0.0,0.06175251,0.3668957,0.061264377,0.06506362,0.0,0.0,0.0,0.0,0.0,0.0
5,4,0.19242932,0.2525945,0.0,0.06175251,0.3668957,0.061264377,0.06506362,0.0,0.0,0.0,0.0,0.0,0.0
5,4,0.19242932,0.2525945,0.0,0.06175251,0.3668957,0.061264377,0.06506362,0.0,0.0,0.0,0.0,0.0,0.0
5,4,0.19242932,0.2525945,0.0,0.06175251,0.3668957,0.061264377,0.06506362,0.0,0.0,0.0,0.0,0.0,0.0
5,4,0.19242932,0.2525945,0.0,0.06175251,0.3668957,0.061264377,0.06506362,0.0,0.0,0.0,0.0,0.0,0.0
5,4,0.19242932,0.2525945,0.0,0.06175251,0.3668957,0.061264377,0.06506362,0.0,0.0,0.0,0.0,0.0,0.0
5,4,0.19242932,0.2525945,0.0,0.06175251,0.3668957,0.061264377,0.06506362,0.0,0.0,0.0,0.0,0.0,0.0
5,4,0.19242932,0.2525945,0.0,0.06175251,0.3668957,0.061264377,0.06506362,0.0,0.0,0.0,0.0,0.0,0.0
5,4,0.19242932,0.2525945,0.0,0.06175251,0.3668957,0.061264377,0.06506362,0.0,0.0,0.0,0.0,0.0,0.0
5,4,0.19242932,0.2525945,0.0,0.06175251,0.3668957,0.061264377,0.06506362,0.0,0.0,0.0,0.0,0.0,0.0
5,4,0.19242932,0.2525945,0.0,0.06175251,0.3668957,0.061264377,0.06506362,0.0,0.0,0.0,0.0,0.0,0.0
5,4,0.19242932,0.2525945,0.0,0.06175251,0.3668957,0.061264377,0.06506362,0.0,0.0,0.0,0.0,0.0,0.0
5,4,0.19242932,0.2525945,0.0,0.06175251,0.3668957,0.061264377,0.06506362,0.0,0.0,0.0,0.0,0.0,0.0
5,4,0.19242932,0.2525945,0.0,0.06175251,0.3668957,0.061264377,0.06506362,0.0,0.0,0.0,0.0,0.0,0.0
5,4,0.19242932,0.2525945,0.0,0.06175251,0.3668957,0.061264377,0.06506362,0.0,0.0,0.0,0.0,0.0,0.0
5,4,0.20393743,0.26770073,0.0,0.06544557,0.32903332,0.06492825,0.0689547,0.0,0.0,0.0,0.0,0.0,0.0
5,4,0.20393743,0.26770073,0.0,0.06544557,0.32903332,0.06492825,0.0689547,0.0,0.0,0.0,0.0,0.0,0.0
5,4,0.20393743,0.26770073,0.0,0.06544557,0.32903332,0.06492825,0.0689547,0.0,0.0,0.0,0.0,0.0,0.0
5,4,0.20393743,0.26770073,0.0,0.06544557,0.32903332,0.06492825,0.0689547,0.0,0.0,0.0,0.0,0.0,0.0
5,4,0.20393743,0.26770073,0.0,0.06544557,0.32903332,0.06492825,0.0689547,0.0,0.0,0.0,0.0,0.0,0.0
5,4,0.20393743,0.26770073,0.0,0.06544557,0.32903332,0.06492825,0.0689547,0.0,0.0,0.0,0.0,0.0,0.0
5,4,0.20393743,0.26770073,0.0,0.06544557,0.32903332,0.06492825,0.0689547,0.0,0.0,0.0,0.0,0.0,0.0
5,4,0.20393743,0.26770073,0.0,0.06544557,0.32903332,0.06492825,0.0689547,0.0,0.0,0.0,0.0,0.0,0.0
5,4,0.20393743,0.26770073,0.0,0.06544557,0.32903332,0.06492825,0.0689547,0.0,0.0,0.0,0.0,0.0,0.0
5,4,0.20393743,0.26770073,0.0,0.06544557,0.32903332,0.06492825,0.0689547,0.0,0.0,0.0,0.0,0.0,0.0
5,1,0.20393743,0.26770073,0.0,0.13120273,0.26327613,0.06492825,0.0689547,0.0,0.0,0.0,0.0,0.0,0.0
5,1,0.20393743,0.26770073,0.0,0.13120273,0.26327613,0.06492825,0.0689547,0.0,0.0,0.0,0.0,0.0,0.0
5,1,0.20393743,0.26770073,0.0,0.13120273,0.26327613,0.06492825,0.0689547,0.0,0.0,0.0,0.0,0.0,0.0
5,1,0.20393743,0.26770073,0.0,0.13120273,0.26327613,0.06492825,0.0689547,0.0,0.0,0.0,0.0,0.0,0.0
5,1,0.20393743,0.26770073,0.0,0.13120273,0.26327613,0.06492825,0.0689547,0.0,0.0,0.0,0.0,0.0,0.0
5,1,0.20393743,0.26770073,0.0,0.13120273,0.26327613,0.06492825,0.0689547,0.0,0.0,0.0,0.0,0.0,0.0
5,1,0.20393743,0.26770073,0.0,0.13120273,0.26327613,0.06492825,0.0689547,0.0,0.0,0.0,0.0,0.0,0.0
5,1,0.20393743,0.26770073,0.0,0.13120273,0.26327613,0.06492825,0.0689547,0.0,0.0,0.0,0.0,0.0,0.0
5,1,0.20393743,0.26770073,0.0,0.13120273,0.26327613,0.06492825,0.0689547,0.0,0.0,0.0,0.0,0.0,0.0
5,1,0.20393743,0.26770073,0.0,0.13120273,0.26327613,0.06492825,0.0689547,0.0,0.0,0.0,0.0,0.0,0.0
5,1,0.20393743,0.26770073,0.0,0.13120273,0.26327613,0.06492825,0.0689547,0.0,0.0,0.0,0.0,0.0,0.0
5,1,0.20393743,0.26770073,0.0,0.13120273,0.26327613,0.06492825,0.0689547,0.0,0.0,0.0,0.0,0.0,0.0
5,1,0.20393743,0.26770073,0.0,0.13120273,0.26327613,0.06492825,0.0689547,0.0,0.0,0.0,0.0,0.0,0.0
5,1,0.20393743,0.26770073,0.0,0.13120273,0.26327613,0.06492825,0.0689547,0.0,0.0,0.0,0.0,0.0,0.0
5,1,0.20393743,0.26770073,0.0,0.13120273,0.26327613,0.06492825,0.0689547,0.0,0.0,0.0,0.0,0.0,0.0
5,1,0.20393743,0.26770073,0.0,0.13120273,0.26327613,0.06492825,0.0689547,0.0,0.0,0.0,0.0,0.0,0.0
5,1,0.20393743,0.26770073,0.0,0.13120273,0.26327613,0.06492825,0.0689547,0.0,0.0,0.0,0.0,0.0,0.0
5,1,0.20393743,0.26770073,0.0,0.13120273,0.26327613,0.06492825,0.0689547,0.0,0.0,0.0,0.0,0.0,0.0
5,1,0.20393743,0.26770073,0.0,0.13120273,0.26327613,0.06492825,0.0689547,0.0,0.0,0.0,0.0,0.0,0.0
5,1,0.20393743,0.26770073,0.0,0.13120273,0.26327613,0.06492825,0.0689547,0.0,0.0,0.0,0.0,0.0,0.0
5,1,0.20393743,0.26770073,0.0,0.13120273,0.26327613,0.06492825,0.0689547,0.0,0.0,0.0,0.0,0.0,0.0
5,1,0.20393743,0.26770073,0.0,0.13120273,0.26327613,0.06492825,0.0689547,0.0,0.0,0.0,0.0,0.0,0.0
5,1,0.20393743,0.26770073,0.0,0.13120273,0.26327613,0.06492825,0.0689547,0.0,0.0,0.0,0.0,0.0,0.0
5,1,0.20393743,0.26770073,0.0,0.13120273,0.26327613,0.06492825,0.0689547,0.0,0.0,0.0,0.0,0.0,0.0
5,1,0.20393743,0.26770073,0.0,0.13120273,0.26327613,0.06492825,0.0689547,0.0,0.0,0.0,0.0,0.0,0.0
5,1,0.20393743,0.26770073,0.0,0.13120273,0.26327613,0.06492825,0.0689547,0.0,0.0,0.0,0.0,0.0,0.0
5,1,0.1406341,0.26770073,0.0,0.19450606,0.26327613,0.06492825,0.0689547,0.0,0.0,0.0,0.0,0.0,0.0
5,1,0.1406341,0.26770073,0.0,0.19450606,0.26327613,0.06492825,0.0689547,0.0,0.0,0.0,0.0,0.0,0.0
5,1,0.1406341,0.26770073,0.0,0.19450606,0.26327613,0.06492825,0.0689547,0.0,0.0,0.0,0.0,0.0,0.0
5,1,0.1406341,0.26770073,0.0,0.19450606,0.26327613,0.06492825,0.0689547,0.0,0.0,0.0,0.0,0.0,0.0
5,1,0.1406341,0.26770073,0.0,0.19450606,0.26327613,0.06492825,0.0689547,0.0,0.0,0.0,0.0,0.0,0.0
5,1,0.1406341,0.26770073,0.0,0.19450606,0.26327613,0.06492825,0.0689547,0.0,0.0,0.0,0.0,0.0,0.0
5,1,0.1406341,0.19607547,0.0,0.19450606,0.26563478,0.064928256,0.13822135,0.0,0.0,0.0,0.0,0.0,0.0
5,1,0.1406341,0.19607547,0.0,0.19450606,0.26563478,0.064928256,0.13822135,0.0,0.0,0.0,0.0,0.0,0.0
5,1,0.1406341,0.19607547,0.0,0.19450606,0.26563478,0.064928256,0.13822135,0.0,0.0,0.0,0.0,0.0,0.0
5,1,0.1406341,0.19607547,0.0,0.19450606,0.26563478,0.064928256,0.13822135,0.0,0.0,0.0,0.0,0.0,0.0
5,1,0.1406341,0.19607547,0.0,0.19450606,0.26563478,0.064928256,0.13822135,0.0,0.0,0.0,0.0,0.0,0.0
5,1,0.1406341,0.19607547,0.0,0.19450606,0.26563478,0.064928256,0.13822135,0.0,0.0,0.0,0.0,0.0,0.0
5,1,0.1406341,0.19607547,0.0,0.19450606,0.26563478,0.064928256,0.13822135,0.0,0.0,0.0,0.0,0.0,0.0
5,1,0.1406341,0.19607547,0.0,0.19450606,0.26563478,0.064928256,0.13822135,0.0,0.0,0.0,0.0,0.0,0.0
5,1,0.1406341,0.19607547,0.0,0.19450606,0.26563478,0.064928256,0.13822135,0.0,0.0,0.0,0.0,0.0,0.0
5,1,0.1406341,0.19607547,0.0,0.19450606,0.26563478,0.064928256,0.13822135,0.0,0.0,0.0,0.0,0.0,0.0
5,1,0.1406341,0.19607547,0.0,0.19450606,0.26563478,0.064928256,0.13822135,0.0,0.0,0.0,0.0,0.0,0.0
5,1,0.1406341,0.19607547,0.0,0.19450606,0.26563478,0.064928256,0.13822135,0.0,0.0,0.0,0.0,0.0,0.0
5,1,0.1406341,0.19607547,0.0,0.19450606,0.26563478,0.064928256,0.13822135,0.0,0.0,0.0,0.0,0.0,0.0
5,1,0.1406341,0.19607547,0.0,0.19450606,0.26563478,0.064928256,0.13822135,0.0,0.0,0.0,0.0,0.0,0.0
5,1,0.1406341,0.19607547,0.0,0.19450606,0.26563478,0.064928256,0.13822135,0.0,0.0,0.0,0.0,0.0,0.0
5,1,0.1406341,0.19607547,0.0,0.19450606,0.26563478,0.064928256,0.13822135,0.0,0.0,0.0,0.0,0.0,0.0
5,1,0.1406341,0.19607547,0.0,0.19450606,0.26563478,0.064928256,0.13822135,0.0,0.0,0.0,0.0,0.0,0.0
5,1,0.1406341,0.19607547,0.0,0.19450606,0.26563478,0.064928256,0.13822135,0.0,0.0,0.0,0.0,0.0,0.0
5,1,0.1406341,0.19607547,0.0,0.19450606,0.26563478,0.064928256,0.13822135,0.0,0.0,0.0,0.0,0.0,0.0
5,1,0.1406341,0.19607547,0.0,0.19450606,0.26563478,0.064928256,0.13822135,0.0,0.0,0.0,0.0,0.0,0.0
5,1,0.1406341,0.19607547,0.0,0.19450606,0.26563478,0.064928256,0.13822135,0.0,0.0,0.0,0.0,0.0,0.0
5,1,0.1406341,0.19607547,0.0,0.19450606,0.26563478,0.064928256,0.13822135,0.0,0.0,0.0,0.0,0.0,0.0
5,1,0.1406341,0.19607547,0.0,0.19450606,0.26563478,0.064928256,0.13822135,0.0,0.0,0.0,0.0,0.0,0.0
5,1,0.1406341,0.19607547,0.0,0.19450606,0.19329573,0.06492825,0.13822134,0.07233905,0.0,0.0,0.0,0.0,0.0
5,1,0.1406341,0.19607547,0.0,0.19450606,0.19329573,0.06492825,0.13822134,0.07233905,0.0,0.0,0.0,0.0,0.0
5,1,0.1406341,0.19607547,0.0,0.19450606,0.19329573,0.06492825,0.13822134,0.07233905,0.0,0.0,0.0,0.0,0.0
5,1,0.1406341,0.19607547,0.0,0.19450606,0.19329573,0.06492825,0.13822134,0.07233905,0.0,0.0,0.0,0.0,0.0
5,1,0.1406341,0.19607547,0.0,0.19450606,0.19329573,0.06492825,0.13822134,0.07233905,0.0,0.0,0.0,0.0,0.0
5,1,0.1406341,0.19607547,0.0,0.19450606,0.19329573,0.06492825,0.13822134,0.07233905,0.0,0.0,0.0,0.0,0.0
5,1,0.1406341,0.19607547,0.0,0.19450606,0.19329573,0.06492825,0.13822134,0.07233905,0.0,0.0,0.0,0.0,0.0
5,1,0.1406341,0.19607547,0.0,0.19450606,0.19329573,0.06492825,0.13822134,0.07233905,0.0,0.0,0.0,0.0,0.0
5,1,0.1406341,0.19607547,0.0,0.19450606,0.19329573,0.06492825,0.13822134,0.07233905,0.0,0.0,0.0,0.0,0.0
5,1,0.1406341,0.19607547,0.0,0.19450606,0.19329573,0.06492825,0.13822134,0.07233905,0.0,0.0,0.0,0.0,0.0
5,1,0.1406341,0.19607547,0.0,0.19450606,0.19329573,0.06492825,0.13822134,0.07233905,0.0,0.0,0.0,0.0,0.0
5,1,0.1406341,0.19607547,0.0,0.19450606,0.19329573,0.06492825,0.13822134,0.07233905,0.0,0.0,0.0,0.0,0.0
5,1,0.1406341,0.19607547,0.0,0.19450606,0.19329573,0.06492825,0.13822134,0.07233905,0.0,0.0,0.0,0.0,0.0
5,1,0.1406341,0.19607547,0.0,0.19450606,0.19329573,0.06492825,0.13822134,0.07233905,0.0,0.0,0.0,0.0,0.0
5,1,0.1406341,0.19607547,0.0,0.19450606,0.19329573,0.06492825,0.13822134,0.07233905,0.0,0.0,0.0,0.0,0.0
5,4,0.20393743,0.19607547,0.0,0.13120273,0.19329573,0.06492825,0.13822134,0.07233905,0.0,0.0,0.0,0.0,0.0
5,4,0.20393743,0.19607547,0.0,0.13120273,0.19329573,0.06492825,0.13822134,0.07233905,0.0,0.0,0.0,0.0,0.0
5,4,0.20393743,0.19607547,0.0,0.13120273,0.19329573,0.06492825,0.13822134,0.07233905,0.0,0.0,0.0,0.0,0.0
5,4,0.20393743,0.19607547,0.0,0.13120273,0.19329573,0.06492825,0.13822134,0.07233905,0.0,0.0,0.0,0.0,0.0
5,4,0.20393743,0.19607547,0.0,0.13120273,0.19329573,0.06492825,0.13822134,0.07233905,0.0,0.0,0.0,0.0,0.0
5,4,0.20393743,0.19607547,0.0,0.13120273,0.19329573,0.06492825,0.13822134,0.07233905,0.0,0.0,0.0,0.0,0.0
5,4,0.20393743,0.19607547,0.0,0.13120273,0.19329573,0.06492825,0.13822134,0.07233905,0.0,0.0,0.0,0.0,0.0
5,4,0.20393743,0.19607547,0.0,0.13120273,0.19329573,0.06492825,0.13822134,0.07233905,0.0,0.0,0.0,0.0,0.0
5,4,0.20393743,0.12698683,0.0,0.13120274,0.26238438,0.064928256,0.13822134,0.07233906,0.0,0.0,0.0,0.0,0.0
5,4,0.20393743,0.12698683,0.0,0.13120274,0.26238438,0.064928256,0.13822134,0.07233906,0.0,0.0,0.0,0.0,0.0
5,4,0.20393743,0.12698683,0.0,0.13120274,0.26238438,0.064928256,0.13822134,0.07233906,0.0,0.0,0.0,0.0,0.0
5,4,0.20393743,0.12698683,0.0,0.13120274,0.26238438,0.064928256,0.13822134,0.07233906,0.0,0.0,0.0,0.0,0.0
5,4,0.20393743,0.12698683,0.0,0.13120274,0.26238438,0.064928256,0.13822134,0.07233906,0.0,0.0,0.0,0.0,0.0
5,4,0.20393743,0.12698683,0.0,0.13120274,0.26238438,0.064928256,0.13822134,0.07233906,0.0,0.0,0.0,0.0,0.0
5,4,0.20393743,0.12698683,0.0,0.13120274,0.26238438,0.064928256,0.13822134,0.07233906,0.0,0.0,0.0,0.0,0.0
5,4,0.20393743,0.12698683,0.0,0.13120274,0.26238438,0.064928256,0.13822134,0.07233906,0.0,0.0,0.0,0.0,0.0
5,4,0.20393743,0.12698683,0.0,0.13120274,0.26238438,0.064928256,0.13822134,0.07233906,0.0,0.0,0.0,0.0,0.0
5,4,0.20393743,0.12698683,0.0,0.13120274,0.26238438,0.064928256,0.13822134,0.07233906,0.0,0.0,0.0,0.0,0.0
5,4,0.20393743,0.12698683,0.0,0.13120274,0.26238438,0.064928256,0.13822134,0.07233906,0.0,0.0,0.0,0.0,0.0
5,4,0.20393743,0.12698683,0.0,0.13120274,0.26238438,0.064928256,0.13822134,0.07233906,0.0,0.0,0.0,0.0,0.0
5,4,0.20393743,0.12698683,0.0,0.13120274,0.26238438,0.064928256,0.13822134,0.07233906,0.0,0.0,0.0,0.0,0.0
5,4,0.20393743,0.12698683,0.0,0.13120274,0.26238438,0.064928256,0.13822134,0.07233906,0.0,0.0,0.0,0.0,0.0
5,4,0.20393743,0.12698683,0.0,0.13120274,0.26238438,0.064928256,0.13822134,0.07233906,0.0,0.0,0.0,0.0,0.0
5,4,0.20393743,0.12698683,0.0,0.13120274,0.26238438,0.064928256,0.13822134,0.07233906,0.0,0.0,0.0,0.0,0.0
5,4,0.20393743,0.12698683,0.0,0.13120274,0.26238438,0.064928256,0.13822134,0.07233906,0.0,0.0,0.0,0.0,0.0
5,4,0.20393743,0.12698683,0.0,0.13120274,0.26238438,0.064928256,0.13822134,0.07233906,0.0,0.0,0.0,0.0,0.0
5,4,0.20393743,0.12698683,0.0,0.13120274,0.26238438,0.064928256,0.13822134,0.07233906,0.0,0.0,0.0,0.0,0.0
5,4,0.20393743,0.12698683,0.0,0.13120274,0.26238438,0.064928256,0.13822134,0.07233906,0.0,0.0,0.0,0.0,0.0
5,4,0.20393741,0.12698682,0.068954706,0.13120273,0.26238436,0.06492825,0.06926664,0.07233905,0.0,0.0,0.0,0.0,0.0
5,4,0.20393741,0.12698682,0.068954706,0.13120273,0.26238436,0.06492825,0.06926664,0.07233905,0.0,0.0,0.0,0.0,0.0
5,4,0.20393741,0.12698682,0.068954706,0.13120273,0.26238436,0.06492825,0.06926664,0.07233905,0.0,0.0,0.0,0.0,0.0
5,4,0.20393741,0.12698682,0.068954706,0.13120273,0.26238436,0.06492825,0.06926664,0.07233905,0.0,0.0,0.0,0.0,0.0
5,4,0.20393741,0.12698682,0.068954706,0.13120273,0.26238436,0.06492825,0.06926664,0.07233905,0.0,0.0,0.0,0.0,0.0
5,4,0.20393741,0.12698682,0.068954706,0.13120273,0.26238436,0.06492825,0.06926664,0.07233905,0.0,0.0,0.0,0.0,0.0
5,4,0.20393741,0.12698682,0.068954706,0.13120273,0.26238436,0.06492825,0.06926664,0.07233905,0.0,0.0,0.0,0.0,0.0
5,4,0.20393741,0.12698682,0.068954706,0.13120273,0.26238436,0.06492825,0.06926664,0.07233905,0.0,0.0,0.0,0.0,0.0
5,4,0.20393741,0.12698682,0.068954706,0.13120273,0.26238436,0.06492825,0.06926664,0.07233905,0.0,0.0,0.0,0.0,0.0
5,4,0.20393741,0.12698682,0.068954706,0.13120273,0.26238436,0.06492825,0.06926664,0.07233905,0.0,0.0,0.0,0.0,0.0
5,4,0.20393741,0.12698682,0.068954706,0.13120273,0.26238436,0.06492825,0.06926664,0.07233905,0.0,0.0,0.0,0.0,0.0
5,4,0.20393741,0.12698682,0.068954706,0.13120273,0.26238436,0.06492825,0.06926664,0.07233905,0.0,0.0,0.0,0.0,0.0
5,4,0.20393741,0.12698682,0.068954706,0.13120273,0.26238436,0.06492825,0.06926664,0.07233905,0.0,0.0,0.0,0.0,0.0
5,4,0.20393741,0.12698682,0.068954706,0.13120273,0.26238436,0.06492825,0.06926664,0.07233905,0.0,0.0,0.0,0.0,0.0
5,4,0.20393741,0.12698682,0.068954706,0.13120273,0.26238436,0.06492825,0.06926664,0.07233905,0.0,0.0,0.0,0.0,0.0
5,4,0.20393741,0.12698682,0.068954706,0.13120273,0.26238436,0.06492825,0.06926664,0.07233905,0.0,0.0,0.0,0.0,0.0
5,4,0.20393741,0.12698682,0.068954706,0.13120273,0.26238436,0.06492825,0.06926664,0.07233905,0.0,0.0,0.0,0.0,0.0
5,4,0.20393741,0.12698682,0.068954706,0.13120273,0.26238436,0.06492825,0.06926664,0.07233905,0.0,0.0,0.0,0.0,0.0
5,4,0.20393741,0.12698682,0.068954706,0.13120273,0.26238436,0.06492825,0.06926664,0.07233905,0.0,0.0,0.0,0.0,0.0
5,4,0.20393741,0.12698682,0.068954706,0.13120273,0.26238436,0.06492825,0.06926664,0.07233905,0.0,0.0,0.0,0.0,0.0
5,4,0.1924293,0.119821005,0.06506362,0.1802286,0.24757811,0.061264373,0.065357946,0.06825698,0.0,0.0,0.0,0.0,0.0
5,4,0.1924293,0.119821005,0.06506362,0.1802286,0.24757811,0.061264373,0.065357946,0.06825698,0.0,0.0,0.0,0.0,0.0
5,4,0.1924293,0.119821005,0.06506362,0.1802286,0.24757811,0.061264373,0.065357946,0.06825698,0.0,0.0,0.0,0.0,0.0
5,4,0.1924293,0.119821005,0.06506362,0.1802286,0.24757811,0.061264373,0.065357946,0.06825698,0.0,0.0,0.0,0.0,0.0
5,4,0.1924293,0.119821005,0.06506362,0.1802286,0.24757811,0.061264373,0.065357946,0.06825698,0.0,0.0,0.0,0.0,0.0
5,4,0.1924293,0.119821005,0.06506362,0.1802286,0.24757811,0.061264373,0.065357946,0.06825698,0.0,0.0,0.0,0.0,0.0
5,4,0.1924293,0.119821005,0.06506362,0.1802286,0.24757811,0.061264373,0.065357946,0.06825698,0.0,0.0,0.0,0.0,0.0
5,4,0.1924293,0.119821005,0.06506362,0.1802286,0.24757811,0.061264373,0.065357946,0.06825698,0.0,0.0,0.0,0.0,0.0
5,4,0.1924293,0.119821005,0.06506362,0.1802286,0.24757811,0.061264373,0.065357946,0.06825698,0.0,0.0,0.0,0.0,0.0
5,4,0.1924293,0.119821005,0.06506362,0.1802286,0.24757811,0.061264373,0.065357946,0.06825698,0.0,0.0,0.0,0.0,0.0
5,4,0.1924293,0.119821005,0.06506362,0.1802286,0.24757811,0.061264373,0.065357946,0.06825698,0.0,0.0,0.0,0.0,0.0
5,4,0.1924293,0.119821005,0.06506362,0.1802286,0.24757811,0.061264373,0.065357946,0.06825698,0.0,0.0,0.0,0.0,0.0
5,4,0.1924293,0.119821005,0.06506362,0.1802286,0.24757811,0.061264373,0.065357946,0.06825698,0.0,0.0,0.0,0.0,0.0
5,4,0.1924293,0.119821005,0.06506362,0.1802286,0.24757811,0.061264373,0.065357946,0.06825698,0.0,0.0,0.0,0.0,0.0
5,4,0.1924293,0.119821005,0.06506362,0.1802286,0.24757811,0.061264373,0.065357946,0.06825698,0.0,0.0,0.0,0.0,0.0
5,4,0.1924293,0.119821005,0.06506362,0.1802286,0.24757811,0.061264373,0.065357946,0.06825698,0.0,0.0,0.0,0.0,0.0
5,4,0.1924293,0.119821005,0.06506362,0.1802286,0.24757811,0.061264373,0.065357946,0.06825698,0.0,0.0,0.0,0.0,0.0
5,4,0.1924293,0.119821005,0.06506362,0.1802286,0.24757811,0.061264373,0.065357946,0.06825698,0.0,0.0,0.0,0.0,0.0
5,4,0.1924293,0.119821005,0.06506362,0.1802286,0.24757811,0.061264373,0.065357946,0.06825698,0.0,0.0,0.0,0.0,0.0
5,4,0.1924293,0.119821005,0.06506362,0.1802286,0.24757811,0.061264373,0.065357946,0.06825698,0.0,0.0,0.0,0.0,0.0
5,4,0.1924293,0.119821005,0.06506362,0.1802286,0.24757811,0.061264373,0.065357946,0.06825698,0.0,0.0,0.0,0.0,0.0
5,4,0.1924293,0.119821005,0.06506362,0.1802286,0.24757811,0.061264373,0.065357946,0.06825698,0.0,0.0,0.0,0.0,0.0
5,4,0.1924293,0.119821005,0.06506362,0.1802286,0.24757811,0.061264373,0.065357946,0.06825698,0.0,0.0,0.0,0.0,0.0
5,4,0.1924293,0.119821005,0.06506362,0.1802286,0.24757811,0.061264373,0.065357946,0.06825698,0.0,0.0,0.0,0.0,0.0
5,4,0.1924293,0.119821005,0.06506362,0.1802286,0.24757811,0.061264373,0.065357946,0.06825698,0.0,0.0,0.0,0.0,0.0
5,4,0.1924293,0.119821005,0.06506362,0.1802286,0.24757811,0.061264373,0.065357946,0.06825698,0.0,0.0,0.0,0.0,0.0
5,4,0.1924293,0.119821005,0.06506362,0.1802286,0.24757811,0.061264373,0.065357946,0.06825698,0.0,0.0,0.0,0.0,0.0
5,4,0.1924293,0.119821005,0.06506362,0.1802286,0.24757811,0.061264373,0.065357946,0.06825698,0.0,0.0,0.0,0.0,0.0
5,4,0.1924293,0.119821005,0.06506362,0.1802286,0.24757811,0.061264373,0.065357946,0.06825698,0.0,0.0,0.0,0.0,0.0
5,4,0.1924293,0.119821005,0.06506362,0.1802286,0.24757811,0.061264373,0.065357946,0.06825698,0.0,0.0,0.0,0.0,0.0
5,4,0.1924293,0.119821005,0.06506362,0.1802286,0.24757811,0.061264373,0.065357946,0.06825698,0.0,0.0,0.0,0.0,0.0
5,4,0.1924293,0.119821005,0.06506362,0.1802286,0.24757811,0.061264373,0.065357946,0.06825698,0.0,0.0,0.0,0.0,0.0
5,3,0.12161942,0.119821005,0.06506362,0.2510385,0.24757811,0.061264373,0.065357946,0.06825698,0.0,0.0,0.0,0.0,0.0
5,3,0.12161942,0.119821005,0.06506362,0.2510385,0.24757811,0.061264373,0.065357946,0.06825698,0.0,0.0,0.0,0.0,0.0
5,3,0.12161942,0.119821005,0.06506362,0.2510385,0.24757811,0.061264373,0.065357946,0.06825698,0.0,0.0,0.0,0.0,0.0
5,3,0.12161942,0.119821005,0.06506362,0.2510385,0.24757811,0.061264373,0.065357946,0.06825698,0.0,0.0,0.0,0.0,0.0
5,3,0.12161942,0.119821005,0.06506362,0.2510385,0.24757811,0.061264373,0.065357946,0.06825698,0.0,0.0,0.0,0.0,0.0
5,3,0.12161942,0.119821005,0.06506362,0.2510385,0.24757811,0.061264373,0.065357946,0.06825698,0.0,0.0,0.0,0.0,0.0
5,3,0.12161942,0.119821005,0.06506362,0.2510385,0.24757811,0.061264373,0.065357946,0.06825698,0.0,0.0,0.0,0.0,0.0
5,3,0.12161942,0.119821005,0.06506362,0.2510385,0.24757811,0.061264373,0.065357946,0.06825698,0.0,0.0,0.0,0.0,0.0
5,3,0.12161942,0.119821005,0.06506362,0.2510385,0.24757811,0.061264373,0.065357946,0.06825698,0.0,0.0,0.0,0.0,0.0
5,3,0.12161942,0.119821005,0.06506362,0.2510385,0.24757811,0.061264373,0.065357946,0.06825698,0.0,0.0,0.0,0.0,0.0
5,3,0.12161942,0.119821005,0.06506362,0.2510385,0.24757811,0.061264373,0.065357946,0.06825698,0.0,0.0,0.0,0.0,0.0
5,3,0.12161942,0.119821005,0.06506362,0.2510385,0.24757811,0.061264373,0.065357946,0.06825698,0.0,0.0,0.0,0.0,0.0
5,3,0.12161942,0.119821005,0.06506362,0.2510385,0.24757811,0.061264373,0.065357946,0.06825698,0.0,0.0,0.0,0.0,0.0
5,3,0.12161942,0.119821005,0.06506362,0.2510385,0.24757811,0.061264373,0.065357946,0.06825698,0.0,0.0,0.0,0.0,0.0
5,3,0.12161942,0.119821005,0.06506362,0.2510385,0.24757811,0.061264373,0.065357946,0.06825698,0.0,0.0,0.0,0.0,0.0
5,3,0.12161942,0.119821005,0.06506362,0.2510385,0.24757811,0.061264373,0.065357946,0.06825698,0.0,0.0,0.0,0.0,0.0
5,3,0.12161942,0.119821005,0.06506362,0.2510385,0.24757811,0.061264373,0.065357946,0.06825698,0.0,0.0,0.0,0.0,0.0
5,3,0.12161942,0.119821005,0.06506362,0.2510385,0.24757811,0.061264373,0.065357946,0.06825698,0.0,0.0,0.0,0.0,0.0
5,3,0.12161942,0.119821005,0.06506362,0.2510385,0.24757811,0.061264373,0.065357946,0.06825698,0.0,0.0,0.0,0.0,0.0
5,3,0.12161942,0.119821005,0.06506362,0.2510385,0.24757811,0.061264373,0.065357946,0.06825698,0.0,0.0,0.0,0.0,0.0
5,3,0.12161942,0.119821005,0.06506362,0.2510385,0.24757811,0.061264373,0.065357946,0.06825698,0.0,0.0,0.0,0.0,0.0
5,3,0.12161942,0.119821005,0.06506362,0.2510385,0.24757811,0.061264373,0.065357946,0.06825698,0.0,0.0,0.0,0.0,0.0
5,3,0.12161942,0.119821005,0.06506362,0.2510385,0.24757811,0.061264373,0.065357946,0.06825698,0.0,0.0,0.0,0.0,0.0
5,3,0.12161942,0.119821005,0.06506362,0.2510385,0.24757811,0.061264373,0.065357946,0.06825698,0.0,0.0,0.0,0.0,0.0
5,3,0.12161942,0.119821005,0.06506362,0.2510385,0.24757811,0.061264373,0.065357946,0.06825698,0.0,0.0,0.0,0.0,0.0
5,3,0.12161942,0.119821005,0.06506362,0.2510385,0.24757811,0.061264373,0.065357946,0.06825698,0.0,0.0,0.0,0.0,0.0
5,3,0.12161942,0.119821005,0.06506362,0.2510385,0.24757811,0.061264373,0.065357946,0.06825698,0.0,0.0,0.0,0.0,0.0
5,3,0.12161942,0.119821005,0.06506362,0.2510385,0.24757811,0.061264373,0.065357946,0.06825698,0.0,0.0,0.0,0.0,0.0
5,3,0.12161942,0.119821005,0.06506362,0.2510385,0.24757811,0.061264373,0.065357946,0.06825698,0.0,0.0,0.0,0.0,0.0
5,3,0.12161942,0.119821005,0.06506362,0.2510385,0.24757811,0.061264373,0.065357946,0.06825698,0.0,0.0,0.0,0.0,0.0
5,3,0.12161942,0.119821005,0.06506362,0.2510385,0.24757811,0.061264373,0.065357946,0.06825698,0.0,0.0,0.0,0.0,0.0
5,3,0.12161942,0.119821005,0.06506362,0.2510385,0.24757811,0.061264373,0.065357946,0.06825698,0.0,0.0,0.0,0.0,0.0
5,3,0.121619426,0.18501101,0.065063626,0.25103852,0.18238814,0.061264377,0.06535795,0.06825699,0.0,0.0,0.0,0.0,0.0
5,3,0.121619426,0.18501101,0.065063626,0.25103852,0.18238814,0.061264377,0.06535795,0.06825699,0.0,0.0,0.0,0.0,0.0
5,3,0.121619426,0.18501101,0.065063626,0.25103852,0.18238814,0.061264377,0.06535795,0.06825699,0.0,0.0,0.0,0.0,0.0
5,3,0.121619426,0.18501101,0.065063626,0.25103852,0.18238814,0.061264377,0.06535795,0.06825699,0.0,0.0,0.0,0.0,0.0
5,3,0.12161942,0.185011,0.0,0.2510385,0.18238813,0.061264373,0.13042156,0.06825698,0.0,0.0,0.0,0.0,0.0
5,3,0.12161942,0.185011,0.0,0.2510385,0.18238813,0.061264373,0.13042156,0.06825698,0.0,0.0,0.0,0.0,0.0
5,3,0.12161942,0.185011,0.0,0.2510385,0.18238813,0.061264373,0.13042156,0.06825698,0.0,0.0,0.0,0.0,0.0
5,3,0.12161942,0.185011,0.0,0.2510385,0.18238813,0.061264373,0.13042156,0.06825698,0.0,0.0,0.0,0.0,0.0
5,3,0.12161942,0.185011,0.0,0.2510385,0.18238813,0.061264373,0.13042156,0.06825698,0.0,0.0,0.0,0.0,0.0
5,3,0.12161942,0.185011,0.0,0.2510385,0.18238813,0.061264373,0.13042156,0.06825698,0.0,0.0,0.0,0.0,0.0
5,3,0.12161942,0.185011,0.0,0.2510385,0.18238813,0.061264373,0.13042156,0.06825698,0.0,0.0,0.0,0.0,0.0
5,3,0.12161942,0.185011,0.0,0.2510385,0.18238813,0.061264373,0.13042156,0.06825698,0.0,0.0,0.0,0.0,0.0
5,3,0.12161942,0.185011,0.0,0.2510385,0.18238813,0.061264373,0.13042156,0.06825698,0.0,0.0,0.0,0.0,0.0
5,3,0.12161942,0.185011,0.0,0.2510385,0.18238813,0.061264373,0.13042156,0.06825698,0.0,0.0,0.0,0.0,0.0
5,3,0.12161942,0.185011,0.0,0.2510385,0.18238813,0.061264373,0.13042156,0.06825698,0.0,0.0,0.0,0.0,0.0
5,3,0.12161942,0.185011,0.0,0.2510385,0.18238813,0.061264373,0.13042156,0.06825698,0.0,0.0,0.0,0.0,0.0
5,3,0.12161942,0.185011,0.0,0.2510385,0.18238813,0.061264373,0.13042156,0.06825698,0.0,0.0,0.0,0.0,0.0
5,3,0.12161942,0.185011,0.0,0.2510385,0.18238813,0.061264373,0.13042156,0.06825698,0.0,0.0,0.0,0.0,0.0
5,3,0.12161942,0.185011,0.0,0.2510385,0.18238813,0.061264373,0.13042156,0.06825698,0.0,0.0,0.0,0.0,0.0
5,3,0.12161942,0.185011,0.0,0.2510385,0.18238813,0.061264373,0.13042156,0.06825698,0.0,0.0,0.0,0.0,0.0
5,3,0.12161942,0.185011,0.0,0.2510385,0.18238813,0.061264373,0.13042156,0.06825698,0.0,0.0,0.0,0.0,0.0
5,3,0.12161942,0.185011,0.0,0.2510385,0.18238813,0.061264373,0.13042156,0.06825698,0.0,0.0,0.0,0.0,0.0
5,3,0.12161942,0.185011,0.0,0.2510385,0.18238813,0.061264373,0.13042156,0.06825698,0.0,0.0,0.0,0.0,0.0
5,3,0.12161942,0.185011,0.0,0.2510385,0.18238813,0.061264373,0.13042156,0.06825698,0.0,0.0,0.0,0.0,0.0
5,3,0.12161942,0.185011,0.0,0.2510385,0.18238813,0.061264373,0.13042156,0.06825698,0.0,0.0,0.0,0.0,0.0
5,3,0.12161942,0.185011,0.0,0.2510385,0.18238813,0.061264373,0.13042156,0.06825698,0.0,0.0,0.0,0.0,0.0
5,3,0.12161942,0.185011,0.0,0.2510385,0.18238813,0.061264373,0.13042156,0.06825698,0.0,0.0,0.0,0.0,0.0
5,3,0.12161942,0.185011,0.0,0.2510385,0.18238813,0.061264373,0.13042156,0.06825698,0.0,0.0,0.0,0.0,0.0
5,3,0.12161942,0.185011,0.0,0.2510385,0.18238813,0.061264373,0.13042156,0.06825698,0.0,0.0,0.0,0.0,0.0
5,3,0.12161942,0.185011,0.0,0.2510385,0.18238813,0.061264373,0.13042156,0.06825698,0.0,0.0,0.0,0.0,0.0
5,3,0.12161942,0.185011,0.0,0.2510385,0.18238813,0.061264373,0.13042156,0.06825698,0.0,0.0,0.0,0.0,0.0
5,3,0.12161942,0.185011,0.0,0.2510385,0.18238813,0.061264373,0.13042156,0.06825698,0.0,0.0,0.0,0.0,0.0
5,3,0.12161942,0.12209127,0.06291972,0.2510385,0.18238813,0.061264373,0.13042156,0.06825698,0.0,0.0,0.0,0.0,0.0
5,3,0.12161942,0.12209127,0.06291972,0.2510385,0.18238813,0.061264373,0.13042156,0.06825698,0.0,0.0,0.0,0.0,0.0
5,3,0.121619426,0.12209128,0.06291972,0.2510385,0.25064513,0.061264377,0.13042156,0.0,0.0,0.0,0.0,0.0,0.0
5,3,0.121619426,0.12209128,0.06291972,0.2510385,0.25064513,0.061264377,0.13042156,0.0,0.0,0.0,0.0,0.0,0.0
5,3,0.121619426,0.12209128,0.06291972,0.2510385,0.25064513,0.061264377,0.13042156,0.0,0.0,0.0,0.0,0.0,0.0
5,3,0.121619426,0.12209128,0.06291972,0.2510385,0.25064513,0.061264377,0.13042156,0.0,0.0,0.0,0.0,0.0,0.0
5,3,0.121619426,0.12209128,0.06291972,0.2510385,0.25064513,0.061264377,0.13042156,0.0,0.0,0.0,0.0,0.0,0.0
5,3,0.121619426,0.12209128,0.06291972,0.2510385,0.25064513,0.061264377,0.13042156,0.0,0.0,0.0,0.0,0.0,0.0
5,3,0.121619426,0.12209128,0.06291972,0.2510385,0.25064513,0.061264377,0.13042156,0.0,0.0,0.0,0.0,0.0,0.0
5,3,0.121619426,0.12209128,0.06291972,0.2510385,0.25064513,0.061264377,0.13042156,0.0,0.0,0.0,0.0,0.0,0.0
5,3,0.121619426,0.12209128,0.06291972,0.2510385,0.25064513,0.061264377,0.13042156,0.0,0.0,0.0,0.0,0.0,0.0
5,3,0.121619426,0.12209128,0.06291972,0.2510385,0.25064513,0.061264377,0.13042156,0.0,0.0,0.0,0.0,0.0,0.0
5,3,0.12161942,0.12209127,0.06291972,0.2510385,0.19384812,0.061264373,0.18721858,0.0,0.0,0.0,0.0,0.0,0.0
5,3,0.12161942,0.12209127,0.06291972,0.2510385,0.19384812,0.061264373,0.18721858,0.0,0.0,0.0,0.0,0.0,0.0
5,3,0.12161942,0.12209127,0.06291972,0.2510385,0.19384812,0.061264373,0.18721858,0.0,0.0,0.0,0.0,0.0,0.0
5,3,0.12161942,0.12209127,0.06291972,0.2510385,0.19384812,0.061264373,0.18721858,0.0,0.0,0.0,0.0,0.0,0.0
5,3,0.12161942,0.12209127,0.06291972,0.2510385,0.19384812,0.061264373,0.18721858,0.0,0.0,0.0,0.0,0.0,0.0
5,3,0.12161942,0.12209127,0.06291972,0.2510385,0.19384812,0.061264373,0.18721858,0.0,0.0,0.0,0.0,0.0,0.0
5,4,0.12161942,0.12209127,0.06291972,0.2510385,0.2551125,0.0,0.18721858,0.0,0.0,0.0,0.0,0.0,0.0
5,4,0.12161942,0.12209127,0.06291972,0.2510385,0.2551125,0.0,0.18721858,0.0,0.0,0.0,0.0,0.0,0.0
5,4,0.12161942,0.12209127,0.06291972,0.2510385,0.2551125,0.0,0.18721858,0.0,0.0,0.0,0.0,0.0,0.0
5,4,0.12161942,0.12209127,0.06291972,0.2510385,0.2551125,0.0,0.18721858,0.0,0.0,0.0,0.0,0.0,0.0
5,4,0.12161942,0.12209127,0.06291972,0.2510385,0.2551125,0.0,0.18721858,0.0,0.0,0.0,0.0,0.0,0.0
5,4,0.12161942,0.12209127,0.06291972,0.2510385,0.2551125,0.0,0.18721858,0.0,0.0,0.0,0.0,0.0,0.0
5,4,0.12161942,0.12209127,0.06291972,0.2510385,0.2551125,0.0,0.18721858,0.0,0.0,0.0,0.0,0.0,0.0
5,4,0.12161942,0.12209127,0.06291972,0.2510385,0.2551125,0.0,0.18721858,0.0,0.0,0.0,0.0,0.0,0.0
5,4,0.12161942,0.12209127,0.06291972,0.2510385,0.2551125,0.0,0.18721858,0.0,0.0,0.0,0.0,0.0,0.0
5,4,0.12161942,0.12209127,0.06291972,0.2510385,0.2551125,0.0,0.18721858,0.0,0.0,0.0,0.0,0.0,0.0
5,4,0.12161942,0.12209127,0.06291972,0.2510385,0.2551125,0.0,0.18721858,0.0,0.0,0.0,0.0,0.0,0.0
5,4,0.12161942,0.12209127,0.06291972,0.2510385,0.2551125,0.0,0.18721858,0.0,0.0,0.0,0.0,0.0,0.0
5,4,0.12161942,0.12209127,0.06291972,0.2510385,0.2551125,0.0,0.18721858,0.0,0.0,0.0,0.0,0.0,0.0
5,4,0.12161942,0.12209127,0.06291972,0.2510385,0.2551125,0.0,0.18721858,0.0,0.0,0.0,0.0,0.0,0.0
5,4,0.12161942,0.12209127,0.06291972,0.19460891,0.2551125,0.0,0.24364817,0.0,0.0,0.0,0.0,0.0,0.0
5,4,0.12161942,0.12209127,0.06291972,0.19460891,0.2551125,0.0,0.24364817,0.0,0.0,0.0,0.0,0.0,0.0
5,4,0.12161942,0.12209127,0.06291972,0.19460891,0.2551125,0.0,0.24364817,0.0,0.0,0.0,0.0,0.0,0.0
5,4,0.12161942,0.12209127,0.06291972,0.19460891,0.2551125,0.0,0.24364817,0.0,0.0,0.0,0.0,0.0,0.0
5,4,0.12161942,0.12209127,0.06291972,0.19460891,0.2551125,0.0,0.24364817,0.0,0.0,0.0,0.0,0.0,0.0
5,4,0.12161942,0.12209127,0.06291972,0.19460891,0.2551125,0.0,0.24364817,0.0,0.0,0.0,0.0,0.0,0.0
5,4,0.12161942,0.12209127,0.06291972,0.19460891,0.2551125,0.0,0.24364817,0.0,0.0,0.0,0.0,0.0,0.0
5,4,0.12161942,0.12209127,0.06291972,0.19460891,0.2551125,0.0,0.24364817,0.0,0.0,0.0,0.0,0.0,0.0
5,4,0.12161942,0.12209127,0.06291972,0.19460891,0.2551125,0.0,0.24364817,0.0,0.0,0.0,0.0,0.0,0.0
5,4,0.12161942,0.12209127,0.06291972,0.19460891,0.2551125,0.0,0.24364817,0.0,0.0,0.0,0.0,0.0,0.0
5,4,0.12161942,0.12209127,0.06291972,0.19460891,0.2551125,0.0,0.24364817,0.0,0.0,0.0,0.0,0.0,0.0
5,4,0.12161942,0.12209127,0.06291972,0.19460891,0.2551125,0.0,0.24364817,0.0,0.0,0.0,0.0,0.0,0.0
5,4,0.12161942,0.12209127,0.06291972,0.19460891,0.2551125,0.0,0.24364817,0.0,0.0,0.0,0.0,0.0,0.0
5,4,0.12161942,0.12209127,0.06291972,0.19460891,0.2551125,0.0,0.24364817,0.0,0.0,0.0,0.0,0.0,0.0
5,4,0.12161942,0.12209127,0.06291972,0.1325624,0.317159,0.0,0.24364817,0.0,0.0,0.0,0.0,0.0,0.0
5,4,0.12161942,0.12209127,0.06291972,0.1325624,0.317159,0.0,0.24364817,0.0,0.0,0.0,0.0,0.0,0.0
5,4,0.12161942,0.12209127,0.06291972,0.1325624,0.317159,0.0,0.24364817,0.0,0.0,0.0,0.0,0.0,0.0
5,4,0.12161942,0.12209127,0.06291972,0.1325624,0.317159,0.0,0.24364817,0.0,0.0,0.0,0.0,0.0,0.0
5,4,0.12161942,0.12209127,0.06291972,0.1325624,0.317159,0.0,0.24364817,0.0,0.0,0.0,0.0,0.0,0.0
5,4,0.12161942,0.12209127,0.06291972,0.1325624,0.317159,0.0,0.24364817,0.0,0.0,0.0,0.0,0.0,0.0
5,4,0.12161942,0.12209127,0.06291972,0.1325624,0.317159,0.0,0.24364817,0.0,0.0,0.0,0.0,0.0,0.0
5,4,0.12161942,0.12209127,0.06291972,0.1325624,0.317159,0.0,0.24364817,0.0,0.0,0.0,0.0,0.0,0.0
5,4,0.12161942,0.12209127,0.06291972,0.1325624,0.317159,0.0,0.24364817,0.0,0.0,0.0,0.0,0.0,0.0
5,4,0.12161942,0.12209127,0.06291972,0.1325624,0.317159,0.0,0.24364817,0.0,0.0,0.0,0.0,0.0,0.0
5,4,0.06188829,0.12209128,0.06291972,0.1325624,0.31715903,0.0,0.3033793,0.0,0.0,0.0,0.0,0.0,0.0
5,4,0.06188829,0.12209128,0.06291972,0.1325624,0.31715903,0.0,0.3033793,0.0,0.0,0.0,0.0,0.0,0.0
5,4,0.06188829,0.12209128,0.06291972,0.1325624,0.31715903,0.0,0.3033793,0.0,0.0,0.0,0.0,0.0,0.0
5,4,0.06188829,0.12209128,0.06291972,0.1325624,0.31715903,0.0,0.3033793,0.0,0.0,0.0,0.0,0.0,0.0
5,4,0.06188829,0.12209128,0.06291972,0.1325624,0.31715903,0.0,0.3033793,0.0,0.0,0.0,0.0,0.0,0.0
5,4,0.06188829,0.12209128,0.06291972,0.1325624,0.31715903,0.0,0.3033793,0.0,0.0,0.0,0.0,0.0,0.0
5,4,0.06188829,0.12209128,0.06291972,0.1325624,0.31715903,0.0,0.3033793,0.0,0.0,0.0,0.0,0.0,0.0
5,4,0.06188829,0.12209128,0.06291972,0.1325624,0.31715903,0.0,0.3033793,0.0,0.0,0.0,0.0,0.0,0.0
5,6,0.06188829,0.13599987,0.06291972,0.06175251,0.31715903,0.0,0.3602806,0.0,0.0,0.0,0.0,0.0,0.0
5,6,0.06188829,0.13599987,0.06291972,0.06175251,0.31715903,0.0,0.3602806,0.0,0.0,0.0,0.0,0.0,0.0
5,6,0.06188829,0.13599987,0.06291972,0.06175251,0.31715903,0.0,0.3602806,0.0,0.0,0.0,0.0,0.0,0.0
5,6,0.06188829,0.13599987,0.06291972,0.06175251,0.31715903,0.0,0.3602806,0.0,0.0,0.0,0.0,0.0,0.0
5,6,0.06188829,0.13599987,0.06291972,0.06175251,0.31715903,0.0,0.3602806,0.0,0.0,0.0,0.0,0.0,0.0
5,6,0.06188829,0.13599987,0.06291972,0.06175251,0.31715903,0.0,0.3602806,0.0,0.0,0.0,0.0,0.0,0.0
5,6,0.06188829,0.13599987,0.06291972,0.06175251,0.31715903,0.0,0.3602806,0.0,0.0,0.0,0.0,0.0,0.0
5,6,0.06188829,0.13599987,0.06291972,0.06175251,0.31715903,0.0,0.3602806,0.0,0.0,0.0,0.0,0.0,0.0
5,6,0.06188829,0.13599987,0.06291972,0.06175251,0.31715903,0.0,0.3602806,0.0,0.0,0.0,0.0,0.0,0.0
5,6,0.06188829,0.13599987,0.06291972,0.06175251,0.31715903,0.0,0.3602806,0.0,0.0,0.0,0.0,0.0,0.0
5,6,0.06188829,0.13599987,0.06291972,0.06175251,0.31715903,0.0,0.3602806,0.0,0.0,0.0,0.0,0.0,0.0
5,6,0.06188829,0.13599987,0.06291972,0.06175251,0.31715903,0.0,0.3602806,0.0,0.0,0.0,0.0,0.0,0.0
5,6,0.06188829,0.13599987,0.06291972,0.06175251,0.31715903,0.0,0.3602806,0.0,0.0,0.0,0.0,0.0,0.0
5,6,0.06188829,0.13599987,0.06291972,0.06175251,0.31715903,0.0,0.3602806,0.0,0.0,0.0,0.0,0.0,0.0
5,6,0.06188829,0.13599987,0.06291972,0.06175251,0.31715903,0.0,0.3602806,0.0,0.0,0.0,0.0,0.0,0.0
5,6,0.06188829,0.13599987,0.06291972,0.06175251,0.31715903,0.0,0.3602806,0.0,0.0,0.0,0.0,0.0,0.0
5,6,0.06188829,0.13599987,0.06291972,0.06175251,0.31715903,0.0,0.3602806,0.0,0.0,0.0,0.0,0.0,0.0
5,6,0.06188829,0.13599987,0.06291972,0.06175251,0.31715903,0.0,0.3602806,0.0,0.0,0.0,0.0,0.0,0.0
5,6,0.06188829,0.13599987,0.06291972,0.06175251,0.31715903,0.0,0.3602806,0.0,0.0,0.0,0.0,0.0,0.0
5,6,0.06188829,0.13599987,0.06291972,0.06175251,0.31715903,0.0,0.3602806,0.0,0.0,0.0,0.0,0.0,0.0
5,6,0.06188829,0.13599987,0.06291972,0.06175251,0.31715903,0.0,0.3602806,0.0,0.0,0.0,0.0,0.0,0.0
5,6,0.06188829,0.13599987,0.06291972,0.06175251,0.31715903,0.0,0.3602806,0.0,0.0,0.0,0.0,0.0,0.0
5,6,0.06188829,0.13599987,0.06291972,0.06175251,0.31715903,0.0,0.3602806,0.0,0.0,0.0,0.0,0.0,0.0
5,6,0.06188829,0.13599987,0.06291972,0.06175251,0.31715903,0.0,0.3602806,0.0,0.0,0.0,0.0,0.0,0.0
5,6,0.06188829,0.13599987,0.06291972,0.06175251,0.31715903,0.0,0.3602806,0.0,0.0,0.0,0.0,0.0,0.0
5,6,0.06188829,0.13599987,0.06291972,0.06175251,0.31715903,0.0,0.3602806,0.0,0.0,0.0,0.0,0.0,0.0
5,6,0.06188829,0.13599987,0.06291972,0.06175251,0.31715903,0.0,0.3602806,0.0,0.0,0.0,0.0,0.0,0.0
5,6,0.06188829,0.13599987,0.06291972,0.06175251,0.31715903,0.0,0.3602806,0.0,0.0,0.0,0.0,0.0,0.0
5,6,0.06188829,0.13599987,0.06291972,0.06175251,0.31715903,0.0,0.3602806,0.0,0.0,0.0,0.0,0.0,0.0
5,6,0.06188829,0.13599987,0.06291972,0.06175251,0.31715903,0.0,0.3602806,0.0,0.0,0.0,0.0,0.0,0.0
5,6,0.06188829,0.13599987,0.06291972,0.06175251,0.31715903,0.0,0.3602806,0.0,0.0,0.0,0.0,0.0,0.0
5,6,0.06188829,0.13599987,0.06291972,0.06175251,0.31715903,0.0,0.3602806,0.0,0.0,0.0,0.0,0.0,0.0
5,6,0.06188829,0.13599987,0.06291972,0.06175251,0.31715903,0.0,0.3602806,0.0,0.0,0.0,0.0,0.0,0.0
5,6,0.06188829,0.13599987,0.06291972,0.06175251,0.31715903,0.0,0.3602806,0.0,0.0,0.0,0.0,0.0,0.0
5,6,0.06188829,0.13599987,0.06291972,0.06175251,0.31715903,0.0,0.3602806,0.0,0.0,0.0,0.0,0.0,0.0
5,6,0.06188829,0.13599987,0.06291972,0.06175251,0.31715903,0.0,0.3602806,0.0,0.0,0.0,0.0,0.0,0.0
5,6,0.06188829,0.13599987,0.06291972,0.06175251,0.31715903,0.0,0.3602806,0.0,0.0,0.0,0.0,0.0,0.0
5,6,0.06188829,0.13599987,0.06291972,0.06175251,0.31715903,0.0,0.3602806,0.0,0.0,0.0,0.0,0.0,0.0
5,6,0.06188829,0.13599987,0.06291972,0.06175251,0.31715903,0.0,0.3602806,0.0,0.0,0.0,0.0,0.0,0.0
5,6,0.06188829,0.13599987,0.06291972,0.06175251,0.31715903,0.0,0.3602806,0.0,0.0,0.0,0.0,0.0,0.0
5,6,0.06188829,0.13599987,0.06291972,0.06175251,0.31715903,0.0,0.3602806,0.0,0.0,0.0,0.0,0.0,0.0
5,6,0.06188829,0.13599987,0.06291972,0.06175251,0.31715903,0.0,0.3602806,0.0,0.0,0.0,0.0,0.0,0.0
5,6,0.06188829,0.13599987,0.06291972,0.06175251,0.31715903,0.0,0.3602806,0.0,0.0,0.0,0.0,0.0,0.0
5,6,0.06188829,0.13599987,0.06291972,0.06175251,0.31715903,0.0,0.3602806,0.0,0.0,0.0,0.0,0.0,0.0
5,6,0.06188829,0.13599987,0.06291972,0.06175251,0.31715903,0.0,0.3602806,0.0,0.0,0.0,0.0,0.0,0.0
5,6,0.06188829,0.13599987,0.06291972,0.06175251,0.31715903,0.0,0.3602806,0.0,0.0,0.0,0.0,0.0,0.0
5,6,0.06188829,0.13599987,0.06291972,0.06175251,0.31715903,0.0,0.3602806,0.0,0.0,0.0,0.0,0.0,0.0
5,6,0.06188829,0.13599987,0.06291972,0.06175251,0.31715903,0.0,0.3602806,0.0,0.0,0.0,0.0,0.0,0.0
5,6,0.06188829,0.13599987,0.06291972,0.06175251,0.31715903,0.0,0.3602806,0.0,0.0,0.0,0.0,0.0,0.0
5,6,0.06188829,0.13599987,0.06291972,0.06175251,0.31715903,0.0,0.3602806,0.0,0.0,0.0,0.0,0.0,0.0
5,6,0.06188829,0.13599987,0.06291972,0.06175251,0.31715903,0.0,0.3602806,0.0,0.0,0.0,0.0,0.0,0.0
5,6,0.06188829,0.13599987,0.06291972,0.06175251,0.31715903,0.0,0.3602806,0.0,0.0,0.0,0.0,0.0,0.0
5,6,0.06188829,0.13599987,0.06291972,0.06175251,0.31715903,0.0,0.3602806,0.0,0.0,0.0,0.0,0.0,0.0
5,6,0.06188829,0.13599987,0.06291972,0.06175251,0.31715903,0.0,0.3602806,0.0,0.0,0.0,0.0,0.0,0.0
5,6,0.06188829,0.13599987,0.06291972,0.06175251,0.31715903,0.0,0.3602806,0.0,0.0,0.0,0.0,0.0,0.0
5,6,0.06188829,0.13599987,0.06291972,0.06175251,0.31715903,0.0,0.3602806,0.0,0.0,0.0,0.0,0.0,0.0
5,6,0.06188829,0.13599987,0.06291972,0.06175251,0.31715903,0.0,0.3602806,0.0,0.0,0.0,0.0,0.0,0.0
5,6,0.06188829,0.13599987,0.06291972,0.06175251,0.31715903,0.0,0.3602806,0.0,0.0,0.0,0.0,0.0,0.0
5,6,0.06188829,0.13599987,0.06291972,0.06175251,0.31715903,0.0,0.3602806,0.0,0.0,0.0,0.0,0.0,0.0
5,6,0.06188829,0.13599987,0.06291972,0.06175251,0.31715903,0.0,0.3602806,0.0,0.0,0.0,0.0,0.0,0.0
5,6,0.06188829,0.13599987,0.06291972,0.06175251,0.31715903,0.0,0.3602806,0.0,0.0,0.0,0.0,0.0,0.0
5,6,0.06188829,0.13599987,0.06291972,0.06175251,0.31715903,0.0,0.3602806,0.0,0.0,0.0,0.0,0.0,0.0
5,6,0.06188829,0.13599987,0.06291972,0.06175251,0.31715903,0.0,0.3602806,0.0,0.0,0.0,0.0,0.0,0.0
5,6,0.06188829,0.13599987,0.06291972,0.06175251,0.31715903,0.0,0.3602806,0.0,0.0,0.0,0.0,0.0,0.0
5,6,0.06188829,0.13599987,0.06291972,0.06175251,0.31715903,0.0,0.3602806,0.0,0.0,0.0,0.0,0.0,0.0
5,6,0.06188829,0.13599987,0.06291972,0.06175251,0.31715903,0.0,0.3602806,0.0,0.0,0.0,0.0,0.0,0.0
5,6,0.06188829,0.13599987,0.06291972,0.06175251,0.31715903,0.0,0.3602806,0.0,0.0,0.0,0.0,0.0,0.0
5,6,0.06188829,0.13599987,0.06291972,0.06175251,0.31715903,0.0,0.3602806,0.0,0.0,0.0,0.0,0.0,0.0
5,6,0.06188829,0.13599987,0.06291972,0.06175251,0.31715903,0.0,0.3602806,0.0,0.0,0.0,0.0,0.0,0.0
5,6,0.06188829,0.13599987,0.06291972,0.06175251,0.31715903,0.0,0.3602806,0.0,0.0,0.0,0.0,0.0,0.0
5,6,0.06188829,0.13599987,0.06291972,0.06175251,0.31715903,0.0,0.3602806,0.0,0.0,0.0,0.0,0.0,0.0
5,6,0.06188829,0.13599987,0.06291972,0.06175251,0.31715903,0.0,0.3602806,0.0,0.0,0.0,0.0,0.0,0.0
5,6,0.06188829,0.13599987,0.06291972,0.06175251,0.31715903,0.0,0.3602806,0.0,0.0,0.0,0.0,0.0,0.0
5,6,0.06188829,0.13599987,0.06291972,0.06175251,0.31715903,0.0,0.3602806,0.0,0.0,0.0,0.0,0.0,0.0
5,6,0.06188829,0.13599987,0.06291972,0.06175251,0.31715903,0.0,0.3602806,0.0,0.0,0.0,0.0,0.0,0.0
5,6,0.06188829,0.13599987,0.06291972,0.06175251,0.31715903,0.0,0.3602806,0.0,0.0,0.0,0.0,0.0,0.0
5,6,0.06188829,0.13599987,0.06291972,0.06175251,0.31715903,0.0,0.3602806,0.0,0.0,0.0,0.0,0.0,0.0
5,6,0.06188829,0.13599987,0.06291972,0.06175251,0.31715903,0.0,0.3602806,0.0,0.0,0.0,0.0,0.0,0.0
5,6,0.06188829,0.13599987,0.06291972,0.06175251,0.31715903,0.0,0.3602806,0.0,0.0,0.0,0.0,0.0,0.0
5,6,0.06188829,0.13599987,0.06291972,0.06175251,0.31715903,0.0,0.3602806,0.0,0.0,0.0,0.0,0.0,0.0
5,6,0.06188829,0.13599987,0.06291972,0.06175251,0.31715903,0.0,0.3602806,0.0,0.0,0.0,0.0,0.0,0.0
5,6,0.06188829,0.13599987,0.06291972,0.06175251,0.31715903,0.0,0.3602806,0.0,0.0,0.0,0.0,0.0,0.0
5,6,0.06188829,0.13599987,0.06291972,0.06175251,0.31715903,0.0,0.3602806,0.0,0.0,0.0,0.0,0.0,0.0
5,6,0.06188829,0.13599987,0.06291972,0.06175251,0.31715903,0.0,0.3602806,0.0,0.0,0.0,0.0,0.0,0.0
5,6,0.06188829,0.13599987,0.06291972,0.06175251,0.31715903,0.0,0.3602806,0.0,0.0,0.0,0.0,0.0,0.0
5,6,0.06188829,0.13599987,0.06291972,0.06175251,0.31715903,0.0,0.3602806,0.0,0.0,0.0,0.0,0.0,0.0
5,6,0.06188829,0.13599987,0.06291972,0.06175251,0.31715903,0.0,0.3602806,0.0,0.0,0.0,0.0,0.0,0.0
5,6,0.06188829,0.13599987,0.06291972,0.06175251,0.31715903,0.0,0.3602806,0.0,0.0,0.0,0.0,0.0,0.0
5,6,0.06188829,0.13599987,0.06291972,0.06175251,0.31715903,0.0,0.3602806,0.0,0.0,0.0,0.0,0.0,0.0
5,6,0.06188829,0.13599987,0.06291972,0.06175251,0.31715903,0.0,0.3602806,0.0,0.0,0.0,0.0,0.0,0.0
5,6,0.06188829,0.20358336,0.06291972,0.06175251,0.24957553,0.0,0.3602806,0.0,0.0,0.0,0.0,0.0,0.0
5,6,0.06188829,0.20358336,0.06291972,0.06175251,0.24957553,0.0,0.3602806,0.0,0.0,0.0,0.0,0.0,0.0
5,6,0.06188829,0.20358336,0.06291972,0.06175251,0.24957553,0.0,0.3602806,0.0,0.0,0.0,0.0,0.0,0.0
5,6,0.06188829,0.20358336,0.06291972,0.06175251,0.24957553,0.0,0.3602806,0.0,0.0,0.0,0.0,0.0,0.0
5,6,0.06188829,0.20358336,0.06291972,0.06175251,0.24957553,0.0,0.3602806,0.0,0.0,0.0,0.0,0.0,0.0
5,6,0.06188829,0.20358336,0.06291972,0.06175251,0.24957553,0.0,0.3602806,0.0,0.0,0.0,0.0,0.0,0.0
5,6,0.06188829,0.20358336,0.06291972,0.06175251,0.24957553,0.0,0.3602806,0.0,0.0,0.0,0.0,0.0,0.0
5,6,0.06188829,0.20358336,0.06291972,0.06175251,0.24957553,0.0,0.3602806,0.0,0.0,0.0,0.0,0.0,0.0
5,6,0.06188829,0.20358336,0.06291972,0.06175251,0.24957553,0.0,0.3602806,0.0,0.0,0.0,0.0,0.0,0.0
5,6,0.06188829,0.20358336,0.06291972,0.06175251,0.24957553,0.0,0.3602806,0.0,0.0,0.0,0.0,0.0,0.0
5,6,0.06188829,0.20358336,0.06291972,0.06175251,0.24957553,0.0,0.3602806,0.0,0.0,0.0,0.0,0.0,0.0
5,6,0.06188829,0.20358336,0.06291972,0.06175251,0.24957553,0.0,0.3602806,0.0,0.0,0.0,0.0,0.0,0.0
5,6,0.06188829,0.20358336,0.06291972,0.06175251,0.24957553,0.0,0.3602806,0.0,0.0,0.0,0.0,0.0,0.0
5,6,0.06188829,0.20358336,0.06291972,0.06175251,0.24957553,0.0,0.3602806,0.0,0.0,0.0,0.0,0.0,0.0
5,6,0.06188829,0.20358336,0.06291972,0.06175251,0.24957553,0.0,0.3602806,0.0,0.0,0.0,0.0,0.0,0.0
5,6,0.06188829,0.20358336,0.06291972,0.06175251,0.24957553,0.0,0.3602806,0.0,0.0,0.0,0.0,0.0,0.0
5,6,0.06188829,0.20358336,0.06291972,0.06175251,0.24957553,0.0,0.3602806,0.0,0.0,0.0,0.0,0.0,0.0
5,6,0.06188829,0.20358336,0.06291972,0.06175251,0.24957553,0.0,0.3602806,0.0,0.0,0.0,0.0,0.0,0.0
5,6,0.06188829,0.20358336,0.06291972,0.06175251,0.24957553,0.0,0.3602806,0.0,0.0,0.0,0.0,0.0,0.0
5,6,0.06188829,0.20358336,0.06291972,0.06175251,0.24957553,0.0,0.3602806,0.0,0.0,0.0,0.0,0.0,0.0
5,6,0.06188829,0.20358336,0.06291972,0.06175251,0.24957553,0.0,0.3602806,0.0,0.0,0.0,0.0,0.0,0.0
5,6,0.06188829,0.20358336,0.06291972,0.06175251,0.24957553,0.0,0.3602806,0.0,0.0,0.0,0.0,0.0,0.0
5,6,0.06188829,0.20358336,0.06291972,0.06175251,0.24957553,0.0,0.3602806,0.0,0.0,0.0,0.0,0.0,0.0
5,6,0.06188829,0.20358336,0.06291972,0.06175251,0.24957553,0.0,0.3602806,0.0,0.0,0.0,0.0,0.0,0.0
5,6,0.06188829,0.20358336,0.06291972,0.06175251,0.24957553,0.0,0.3602806,0.0,0.0,0.0,0.0,0.0,0.0
5,6,0.06188829,0.20358336,0.06291972,0.06175251,0.24957553,0.0,0.3602806,0.0,0.0,0.0,0.0,0.0,0.0
5,6,0.06188829,0.20358336,0.06291972,0.06175251,0.24957553,0.0,0.3602806,0.0,0.0,0.0,0.0,0.0,0.0
5,6,0.06188829,0.20358336,0.06291972,0.06175251,0.24957553,0.0,0.3602806,0.0,0.0,0.0,0.0,0.0,0.0
5,6,0.06188829,0.20358336,0.06291972,0.06175251,0.24957553,0.0,0.3602806,0.0,0.0,0.0,0.0,0.0,0.0
5,6,0.06188829,0.20358336,0.06291972,0.06175251,0.24957553,0.0,0.3602806,0.0,0.0,0.0,0.0,0.0,0.0
5,6,0.06188829,0.20358336,0.06291972,0.06175251,0.24957553,0.0,0.3602806,0.0,0.0,0.0,0.0,0.0,0.0
5,6,0.06188829,0.20358336,0.06291972,0.06175251,0.24957553,0.0,0.3602806,0.0,0.0,0.0,0.0,0.0,0.0
5,6,0.06188829,0.20358336,0.06291972,0.06175251,0.24957553,0.0,0.3602806,0.0,0.0,0.0,0.0,0.0,0.0
5,6,0.06188829,0.20358336,0.06291972,0.06175251,0.24957553,0.0,0.3602806,0.0,0.0,0.0,0.0,0.0,0.0
5,6,0.06188829,0.20358336,0.06291972,0.06175251,0.24957553,0.0,0.3602806,0.0,0.0,0.0,0.0,0.0,0.0
5,6,0.06188829,0.20358336,0.06291972,0.06175251,0.24957553,0.0,0.3602806,0.0,0.0,0.0,0.0,0.0,0.0
5,6,0.06188829,0.20358336,0.06291972,0.06175251,0.24957553,0.0,0.3602806,0.0,0.0,0.0,0.0,0.0,0.0
5,6,0.06188829,0.20358336,0.06291972,0.06175251,0.24957553,0.0,0.3602806,0.0,0.0,0.0,0.0,0.0,0.0
5,6,0.06188829,0.20358336,0.06291972,0.06175251,0.24957553,0.0,0.3602806,0.0,0.0,0.0,0.0,0.0,0.0
5,6,0.06188829,0.20358336,0.06291972,0.06175251,0.24957553,0.0,0.3602806,0.0,0.0,0.0,0.0,0.0,0.0
5,6,0.06188829,0.20358336,0.06291972,0.06175251,0.24957553,0.0,0.3602806,0.0,0.0,0.0,0.0,0.0,0.0
5,6,0.06188829,0.20358336,0.06291972,0.06175251,0.24957553,0.0,0.3602806,0.0,0.0,0.0,0.0,0.0,0.0
5,6,0.06188829,0.13599987,0.06291972,0.06175251,0.31715903,0.0,0.3602806,0.0,0.0,0.0,0.0,0.0,0.0
5,6,0.06188829,0.13599987,0.06291972,0.06175251,0.31715903,0.0,0.3602806,0.0,0.0,0.0,0.0,0.0,0.0
5,6,0.06188829,0.13599987,0.06291972,0.06175251,0.31715903,0.0,0.3602806,0.0,0.0,0.0,0.0,0.0,0.0
5,6,0.06188829,0.13599987,0.06291972,0.06175251,0.31715903,0.0,0.3602806,0.0,0.0,0.0,0.0,0.0,0.0
5,6,0.06188829,0.13599987,0.06291972,0.06175251,0.31715903,0.0,0.3602806,0.0,0.0,0.0,0.0,0.0,0.0
5,6,0.06188829,0.13599987,0.06291972,0.06175251,0.31715903,0.0,0.3602806,0.0,0.0,0.0,0.0,0.0,0.0
5,6,0.06188829,0.13599987,0.06291972,0.06175251,0.31715903,0.0,0.3602806,0.0,0.0,0.0,0.0,0.0,0.0
5,6,0.06188829,0.13599987,0.06291972,0.06175251,0.31715903,0.0,0.3602806,0.0,0.0,0.0,0.0,0.0,0.0
5,6,0.06188829,0.13599987,0.06291972,0.06175251,0.31715903,0.0,0.3602806,0.0,0.0,0.0,0.0,0.0,0.0
5,6,0.06188829,0.13599987,0.06291972,0.06175251,0.31715903,0.0,0.3602806,0.0,0.0,0.0,0.0,0.0,0.0
5,6,0.06188829,0.13599987,0.06291972,0.06175251,0.31715903,0.0,0.3602806,0.0,0.0,0.0,0.0,0.0,0.0
5,6,0.06188829,0.13599987,0.06291972,0.06175251,0.31715903,0.0,0.3602806,0.0,0.0,0.0,0.0,0.0,0.0
5,6,0.06188829,0.13599987,0.06291972,0.06175251,0.31715903,0.0,0.3602806,0.0,0.0,0.0,0.0,0.0,0.0
5,6,0.06188829,0.13599987,0.06291972,0.06175251,0.31715903,0.0,0.3602806,0.0,0.0,0.0,0.0,0.0,0.0
5,6,0.06188829,0.13599987,0.06291972,0.06175251,0.31715903,0.0,0.3602806,0.0,0.0,0.0,0.0,0.0,0.0
5,6,0.06188829,0.13599987,0.06291972,0.06175251,0.31715903,0.0,0.3602806,0.0,0.0,0.0,0.0,0.0,0.0
5,6,0.06188829,0.13599987,0.06291972,0.06175251,0.31715903,0.0,0.3602806,0.0,0.0,0.0,0.0,0.0,0.0
5,6,0.06188829,0.13599987,0.06291972,0.06175251,0.31715903,0.0,0.3602806,0.0,0.0,0.0,0.0,0.0,0.0
5,6,0.06188829,0.13599987,0.06291972,0.06175251,0.31715903,0.0,0.3602806,0.0,0.0,0.0,0.0,0.0,0.0
5,6,0.06188829,0.13599987,0.06291972,0.06175251,0.31715903,0.0,0.3602806,0.0,0.0,0.0,0.0,0.0,0.0
5,6,0.06188829,0.13599987,0.06291972,0.06175251,0.31715903,0.0,0.3602806,0.0,0.0,0.0,0.0,0.0,0.0
5,6,0.06188829,0.13599987,0.06291972,0.06175251,0.31715903,0.0,0.3602806,0.0,0.0,0.0,0.0,0.0,0.0
5,6,0.06188829,0.13599987,0.06291972,0.06175251,0.31715903,0.0,0.3602806,0.0,0.0,0.0,0.0,0.0,0.0
5,6,0.06188829,0.13599987,0.06291972,0.06175251,0.31715903,0.0,0.3602806,0.0,0.0,0.0,0.0,0.0,0.0
5,6,0.06188829,0.13599987,0.06291972,0.06175251,0.31715903,0.0,0.3602806,0.0,0.0,0.0,0.0,0.0,0.0
5,6,0.06188829,0.13599987,0.06291972,0.06175251,0.31715903,0.0,0.3602806,0.0,0.0,0.0,0.0,0.0,0.0
5,6,0.06188829,0.13599987,0.06291972,0.06175251,0.31715903,0.0,0.3602806,0.0,0.0,0.0,0.0,0.0,0.0
5,6,0.06188829,0.13599987,0.06291972,0.06175251,0.31715903,0.0,0.3602806,0.0,0.0,0.0,0.0,0.0,0.0
5,6,0.06188829,0.13599987,0.06291972,0.06175251,0.31715903,0.0,0.3602806,0.0,0.0,0.0,0.0,0.0,0.0
5,6,0.06188829,0.13599987,0.06291972,0.06175251,0.31715903,0.0,0.3602806,0.0,0.0,0.0,0.0,0.0,0.0
5,6,0.06188829,0.13599987,0.06291972,0.06175251,0.31715903,0.0,0.3602806,0.0,0.0,0.0,0.0,0.0,0.0
5,6,0.06188829,0.13599987,0.06291972,0.06175251,0.31715903,0.0,0.3602806,0.0,0.0,0.0,0.0,0.0,0.0
5,6,0.06188829,0.13599987,0.06291972,0.06175251,0.31715903,0.0,0.3602806,0.0,0.0,0.0,0.0,0.0,0.0
5,6,0.06188829,0.13599987,0.06291972,0.06175251,0.31715903,0.0,0.3602806,0.0,0.0,0.0,0.0,0.0,0.0
5,6,0.06188829,0.13599987,0.06291972,0.06175251,0.31715903,0.0,0.3602806,0.0,0.0,0.0,0.0,0.0,0.0
5,6,0.06188829,0.13599987,0.06291972,0.06175251,0.31715903,0.0,0.3602806,0.0,0.0,0.0,0.0,0.0,0.0
5,6,0.06188829,0.13599987,0.06291972,0.06175251,0.31715903,0.0,0.3602806,0.0,0.0,0.0,0.0,0.0,0.0
5,6,0.06188829,0.13599987,0.06291972,0.06175251,0.31715903,0.0,0.3602806,0.0,0.0,0.0,0.0,0.0,0.0
5,6,0.06188829,0.13599987,0.06291972,0.06175251,0.31715903,0.0,0.3602806,0.0,0.0,0.0,0.0,0.0,0.0
5,6,0.06188829,0.13599987,0.06291972,0.06175251,0.31715903,0.0,0.3602806,0.0,0.0,0.0,0.0,0.0,0.0
5,6,0.06188829,0.13599987,0.06291972,0.06175251,0.31715903,0.0,0.3602806,0.0,0.0,0.0,0.0,0.0,0.0
5,6,0.06188829,0.13599987,0.06291972,0.06175251,0.31715903,0.0,0.3602806,0.0,0.0,0.0,0.0,0.0,0.0
5,6,0.06188829,0.13599987,0.06291972,0.06175251,0.31715903,0.0,0.3602806,0.0,0.0,0.0,0.0,0.0,0.0
5,6,0.06188829,0.13599987,0.06291972,0.06175251,0.31715903,0.0,0.3602806,0.0,0.0,0.0,0.0,0.0,0.0
5,6,0.06188829,0.13599987,0.06291972,0.06175251,0.31715903,0.0,0.3602806,0.0,0.0,0.0,0.0,0.0,0.0
5,6,0.06188829,0.13599987,0.06291972,0.06175251,0.31715903,0.0,0.3602806,0.0,0.0,0.0,0.0,0.0,0.0
5,6,0.06188829,0.13599987,0.06291972,0.06175251,0.31715903,0.0,0.3602806,0.0,0.0,0.0,0.0,0.0,0.0
5,6,0.06188829,0.13599987,0.1241841,0.06175251,0.25589463,0.0,0.3602806,0.0,0.0,0.0,0.0,0.0,0.0
5,6,0.06188829,0.13599987,0.1241841,0.06175251,0.25589463,0.0,0.3602806,0.0,0.0,0.0,0.0,0.0,0.0
5,6,0.06188829,0.13599987,0.1241841,0.06175251,0.25589463,0.0,0.3602806,0.0,0.0,0.0,0.0,0.0,0.0
5,6,0.06188829,0.13599987,0.1241841,0.06175251,0.25589463,0.0,0.3602806,0.0,0.0,0.0,0.0,0.0,0.0
5,6,0.06188829,0.13599987,0.1241841,0.06175251,0.25589463,0.0,0.3602806,0.0,0.0,0.0,0.0,0.0,0.0
5,6,0.06188829,0.13599987,0.1241841,0.06175251,0.25589463,0.0,0.3602806,0.0,0.0,0.0,0.0,0.0,0.0
5,6,0.06188829,0.13599987,0.1241841,0.06175251,0.25589463,0.0,0.3602806,0.0,0.0,0.0,0.0,0.0,0.0
5,6,0.06188829,0.13599987,0.1241841,0.06175251,0.25589463,0.0,0.3602806,0.0,0.0,0.0,0.0,0.0,0.0
5,6,0.06188829,0.13599987,0.1241841,0.06175251,0.25589463,0.0,0.3602806,0.0,0.0,0.0,0.0,0.0,0.0
5,6,0.06188829,0.13599987,0.1241841,0.06175251,0.25589463,0.0,0.3602806,0.0,0.0,0.0,0.0,0.0,0.0
5,6,0.06188829,0.13599987,0.1241841,0.06175251,0.25589463,0.0,0.3602806,0.0,0.0,0.0,0.0,0.0,0.0
5,6,0.06188829,0.13599987,0.1241841,0.06175251,0.25589463,0.0,0.3602806,0.0,0.0,0.0,0.0,0.0,0.0
5,6,0.06188829,0.13599987,0.1241841,0.06175251,0.25589463,0.0,0.3602806,0.0,0.0,0.0,0.0,0.0,0.0
5,6,0.06188829,0.19290116,0.1241841,0.06175251,0.25589463,0.0,0.3033793,0.0,0.0,0.0,0.0,0.0,0.0
5,6,0.06188829,0.19290116,0.1241841,0.06175251,0.25589463,0.0,0.3033793,0.0,0.0,0.0,0.0,0.0,0.0
5,6,0.06188829,0.19290116,0.1241841,0.06175251,0.25589463,0.0,0.3033793,0.0,0.0,0.0,0.0,0.0,0.0
5,6,0.06188829,0.19290116,0.1241841,0.06175251,0.25589463,0.0,0.3033793,0.0,0.0,0.0,0.0,0.0,0.0
5,6,0.06188829,0.19290116,0.1241841,0.06175251,0.25589463,0.0,0.3033793,0.0,0.0,0.0,0.0,0.0,0.0
5,6,0.06188829,0.19290116,0.1241841,0.06175251,0.25589463,0.0,0.3033793,0.0,0.0,0.0,0.0,0.0,0.0
5,6,0.06188829,0.19290116,0.1241841,0.06175251,0.25589463,0.0,0.3033793,0.0,0.0,0.0,0.0,0.0,0.0
5,6,0.06188829,0.19290116,0.1241841,0.06175251,0.25589463,0.0,0.3033793,0.0,0.0,0.0,0.0,0.0,0.0
5,6,0.06188829,0.19290116,0.1241841,0.06175251,0.25589463,0.0,0.3033793,0.0,0.0,0.0,0.0,0.0,0.0
5,6,0.06188829,0.19290116,0.1241841,0.06175251,0.25589463,0.0,0.3033793,0.0,0.0,0.0,0.0,0.0,0.0
5,6,0.06188829,0.19290116,0.1241841,0.06175251,0.25589463,0.0,0.3033793,0.0,0.0,0.0,0.0,0.0,0.0
5,6,0.06188829,0.19290116,0.1241841,0.06175251,0.25589463,0.0,0.3033793,0.0,0.0,0.0,0.0,0.0,0.0
5,6,0.06188829,0.19290116,0.1241841,0.06175251,0.25589463,0.0,0.3033793,0.0,0.0,0.0,0.0,0.0,0.0
5,6,0.06188829,0.19290116,0.1241841,0.06175251,0.25589463,0.0,0.3033793,0.0,0.0,0.0,0.0,0.0,0.0
5,6,0.06188829,0.19290116,0.1241841,0.06175251,0.25589463,0.0,0.3033793,0.0,0.0,0.0,0.0,0.0,0.0
5,6,0.06188829,0.19290116,0.1241841,0.06175251,0.25589463,0.0,0.3033793,0.0,0.0,0.0,0.0,0.0,0.0
5,6,0.06188829,0.19290116,0.1241841,0.06175251,0.25589463,0.0,0.3033793,0.0,0.0,0.0,0.0,0.0,0.0
5,6,0.06188829,0.19290116,0.1241841,0.06175251,0.25589463,0.0,0.3033793,0.0,0.0,0.0,0.0,0.0,0.0
5,6,0.06188829,0.19290116,0.1241841,0.06175251,0.25589463,0.0,0.3033793,0.0,0.0,0.0,0.0,0.0,0.0
5,6,0.06188829,0.19290116,0.1241841,0.06175251,0.25589463,0.0,0.3033793,0.0,0.0,0.0,0.0,0.0,0.0
5,6,0.06188829,0.19290116,0.1241841,0.06175251,0.25589463,0.0,0.3033793,0.0,0.0,0.0,0.0,0.0,0.0
5,6,0.06188829,0.19290116,0.1241841,0.06175251,0.25589463,0.0,0.3033793,0.0,0.0,0.0,0.0,0.0,0.0
5,6,0.06188829,0.19290116,0.1241841,0.06175251,0.25589463,0.0,0.3033793,0.0,0.0,0.0,0.0,0.0,0.0
5,6,0.06188829,0.19290116,0.1241841,0.06175251,0.25589463,0.0,0.3033793,0.0,0.0,0.0,0.0,0.0,0.0
5,6,0.061888292,0.26048467,0.12418411,0.061752513,0.18831116,0.0,0.30337933,0.0,0.0,0.0,0.0,0.0,0.0
5,6,0.061888292,0.26048467,0.12418411,0.061752513,0.18831116,0.0,0.30337933,0.0,0.0,0.0,0.0,0.0,0.0
5,6,0.061888292,0.26048467,0.12418411,0.061752513,0.18831116,0.0,0.30337933,0.0,0.0,0.0,0.0,0.0,0.0
5,6,0.061888292,0.26048467,0.12418411,0.061752513,0.18831116,0.0,0.30337933,0.0,0.0,0.0,0.0,0.0,0.0
5,6,0.061888292,0.26048467,0.12418411,0.061752513,0.18831116,0.0,0.30337933,0.0,0.0,0.0,0.0,0.0,0.0
5,6,0.061888292,0.26048467,0.12418411,0.061752513,0.18831116,0.0,0.30337933,0.0,0.0,0.0,0.0,0.0,0.0
5,6,0.061888292,0.26048467,0.12418411,0.061752513,0.18831116,0.0,0.30337933,0.0,0.0,0.0,0.0,0.0,0.0
5,6,0.061888292,0.26048467,0.12418411,0.061752513,0.18831116,0.0,0.30337933,0.0,0.0,0.0,0.0,0.0,0.0
5,6,0.061888292,0.26048467,0.12418411,0.061752513,0.18831116,0.0,0.30337933,0.0,0.0,0.0,0.0,0.0,0.0
5,6,0.061888292,0.26048467,0.12418411,0.061752513,0.18831116,0.0,0.30337933,0.0,0.0,0.0,0.0,0.0,0.0
5,6,0.061888292,0.26048467,0.12418411,0.061752513,0.18831116,0.0,0.30337933,0.0,0.0,0.0,0.0,0.0,0.0
5,6,0.061888292,0.26048467,0.12418411,0.061752513,0.18831116,0.0,0.30337933,0.0,0.0,0.0,0.0,0.0,0.0
5,6,0.061888292,0.26048467,0.12418411,0.061752513,0.18831116,0.0,0.30337933,0.0,0.0,0.0,0.0,0.0,0.0
5,6,0.061888292,0.26048467,0.12418411,0.061752513,0.18831116,0.0,0.30337933,0.0,0.0,0.0,0.0,0.0,0.0
5,1,0.06188829,0.26048467,0.1241841,0.06175251,0.2536691,0.0,0.23802137,0.0,0.0,0.0,0.0,0.0,0.0
5,1,0.06188829,0.26048467,0.1241841,0.06175251,0.2536691,0.0,0.23802137,0.0,0.0,0.0,0.0,0.0,0.0
5,1,0.06188829,0.26048467,0.1241841,0.06175251,0.2536691,0.0,0.23802137,0.0,0.0,0.0,0.0,0.0,0.0
5,1,0.06188829,0.26048467,0.1241841,0.06175251,0.2536691,0.0,0.23802137,0.0,0.0,0.0,0.0,0.0,0.0
5,1,0.06188829,0.26048467,0.1241841,0.06175251,0.2536691,0.0,0.23802137,0.0,0.0,0.0,0.0,0.0,0.0
5,1,0.06188829,0.26048467,0.1241841,0.06175251,0.2536691,0.0,0.23802137,0.0,0.0,0.0,0.0,0.0,0.0
5,1,0.06188829,0.26048467,0.1241841,0.06175251,0.2536691,0.0,0.23802137,0.0,0.0,0.0,0.0,0.0,0.0
5,1,0.06188829,0.26048467,0.1241841,0.06175251,0.2536691,0.0,0.23802137,0.0,0.0,0.0,0.0,0.0,0.0
5,1,0.06188829,0.26048467,0.1241841,0.06175251,0.2536691,0.0,0.23802137,0.0,0.0,0.0,0.0,0.0,0.0
5,1,0.06188829,0.26048467,0.1241841,0.06175251,0.2536691,0.0,0.23802137,0.0,0.0,0.0,0.0,0.0,0.0
5,1,0.06188829,0.26048467,0.1241841,0.06175251,0.2536691,0.0,0.23802137,0.0,0.0,0.0,0.0,0.0,0.0
5,1,0.06188829,0.26048467,0.1241841,0.06175251,0.2536691,0.0,0.23802137,0.0,0.0,0.0,0.0,0.0,0.0
5,1,0.12161943,0.26048467,0.12418411,0.061752513,0.2536691,0.0,0.17829023,0.0,0.0,0.0,0.0,0.0,0.0
5,1,0.12161943,0.26048467,0.12418411,0.061752513,0.2536691,0.0,0.17829023,0.0,0.0,0.0,0.0,0.0,0.0
5,1,0.12161943,0.26048467,0.12418411,0.061752513,0.2536691,0.0,0.17829023,0.0,0.0,0.0,0.0,0.0,0.0
5,1,0.12161943,0.26048467,0.12418411,0.061752513,0.2536691,0.0,0.17829023,0.0,0.0,0.0,0.0,0.0,0.0
5,1,0.12161943,0.26048467,0.12418411,0.061752513,0.2536691,0.0,0.17829023,0.0,0.0,0.0,0.0,0.0,0.0
5,1,0.12161943,0.26048467,0.12418411,0.061752513,0.2536691,0.0,0.17829023,0.0,0.0,0.0,0.0,0.0,0.0
5,1,0.12161943,0.26048467,0.12418411,0.061752513,0.2536691,0.0,0.17829023,0.0,0.0,0.0,0.0,0.0,0.0
5,1,0.12161943,0.26048467,0.12418411,0.061752513,0.2536691,0.0,0.17829023,0.0,0.0,0.0,0.0,0.0,0.0
5,1,0.12161943,0.26048467,0.12418411,0.061752513,0.2536691,0.0,0.17829023,0.0,0.0,0.0,0.0,0.0,0.0
5,1,0.12161943,0.26048467,0.12418411,0.061752513,0.2536691,0.0,0.17829023,0.0,0.0,0.0,0.0,0.0,0.0
5,1,0.12161943,0.26048467,0.12418411,0.061752513,0.2536691,0.0,0.17829023,0.0,0.0,0.0,0.0,0.0,0.0
5,1,0.12161943,0.26048467,0.12418411,0.061752513,0.2536691,0.0,0.17829023,0.0,0.0,0.0,0.0,0.0,0.0
5,1,0.12161943,0.26048467,0.12418411,0.061752513,0.2536691,0.0,0.17829023,0.0,0.0,0.0,0.0,0.0,0.0
5,1,0.12161943,0.26048467,0.12418411,0.061752513,0.2536691,0.0,0.17829023,0.0,0.0,0.0,0.0,0.0,0.0
5,1,0.12161943,0.26048467,0.12418411,0.061752513,0.2536691,0.0,0.17829023,0.0,0.0,0.0,0.0,0.0,0.0
5,1,0.12161943,0.26048467,0.12418411,0.061752513,0.2536691,0.0,0.17829023,0.0,0.0,0.0,0.0,0.0,0.0
5,4,0.12161942,0.19290115,0.124184094,0.061752506,0.32125258,0.0,0.17829022,0.0,0.0,0.0,0.0,0.0,0.0
5,4,0.12161942,0.19290115,0.124184094,0.061752506,0.32125258,0.0,0.17829022,0.0,0.0,0.0,0.0,0.0,0.0
5,4,0.12161942,0.19290115,0.124184094,0.061752506,0.32125258,0.0,0.17829022,0.0,0.0,0.0,0.0,0.0,0.0
5,4,0.12161942,0.19290115,0.124184094,0.061752506,0.32125258,0.0,0.17829022,0.0,0.0,0.0,0.0,0.0,0.0
5,4,0.12161942,0.19290115,0.124184094,0.061752506,0.32125258,0.0,0.17829022,0.0,0.0,0.0,0.0,0.0,0.0
5,4,0.12161942,0.19290115,0.124184094,0.061752506,0.32125258,0.0,0.17829022,0.0,0.0,0.0,0.0,0.0,0.0
5,4,0.12161942,0.19290115,0.124184094,0.061752506,0.32125258,0.0,0.17829022,0.0,0.0,0.0,0.0,0.0,0.0
5,4,0.12161942,0.19290115,0.124184094,0.061752506,0.32125258,0.0,0.17829022,0.0,0.0,0.0,0.0,0.0,0.0
5,4,0.12161942,0.19290115,0.124184094,0.061752506,0.32125258,0.0,0.17829022,0.0,0.0,0.0,0.0,0.0,0.0
5,4,0.1828838,0.19290115,0.06291972,0.061752506,0.32125258,0.0,0.17829022,0.0,0.0,0.0,0.0,0.0,0.0
5,4,0.1828838,0.19290115,0.06291972,0.061752506,0.32125258,0.0,0.17829022,0.0,0.0,0.0,0.0,0.0,0.0
5,4,0.1828838,0.19290115,0.06291972,0.061752506,0.32125258,0.0,0.17829022,0.0,0.0,0.0,0.0,0.0,0.0
5,4,0.1828838,0.19290115,0.06291972,0.061752506,0.32125258,0.0,0.17829022,0.0,0.0,0.0,0.0,0.0,0.0
5,4,0.1828838,0.19290115,0.06291972,0.061752506,0.32125258,0.0,0.17829022,0.0,0.0,0.0,0.0,0.0,0.0
5,4,0.1828838,0.19290115,0.06291972,0.061752506,0.32125258,0.0,0.17829022,0.0,0.0,0.0,0.0,0.0,0.0
5,4,0.1828838,0.19290115,0.06291972,0.061752506,0.32125258,0.0,0.17829022,0.0,0.0,0.0,0.0,0.0,0.0
5,4,0.1828838,0.19290115,0.06291972,0.061752506,0.32125258,0.0,0.17829022,0.0,0.0,0.0,0.0,0.0,0.0
5,4,0.1828838,0.19290115,0.06291972,0.061752506,0.32125258,0.0,0.17829022,0.0,0.0,0.0,0.0,0.0,0.0
5,4,0.1828838,0.19290115,0.06291972,0.061752506,0.32125258,0.0,0.17829022,0.0,0.0,0.0,0.0,0.0,0.0
5,4,0.1828838,0.19290115,0.06291972,0.061752506,0.32125258,0.0,0.17829022,0.0,0.0,0.0,0.0,0.0,0.0
5,4,0.1828838,0.19290115,0.06291972,0.061752506,0.32125258,0.0,0.17829022,0.0,0.0,0.0,0.0,0.0,0.0
5,4,0.1828838,0.19290115,0.06291972,0.061752506,0.32125258,0.0,0.17829022,0.0,0.0,0.0,0.0,0.0,0.0
5,4,0.1828838,0.19290115,0.06291972,0.061752506,0.32125258,0.0,0.17829022,0.0,0.0,0.0,0.0,0.0,0.0
5,4,0.1828838,0.19290115,0.06291972,0.061752506,0.32125258,0.0,0.17829022,0.0,0.0,0.0,0.0,0.0,0.0
5,4,0.1828838,0.19290115,0.06291972,0.061752506,0.32125258,0.0,0.17829022,0.0,0.0,0.0,0.0,0.0,0.0
5,4,0.1828838,0.19290115,0.06291972,0.061752506,0.32125258,0.0,0.17829022,0.0,0.0,0.0,0.0,0.0,0.0
5,4,0.1828838,0.19290115,0.06291972,0.061752506,0.32125258,0.0,0.17829022,0.0,0.0,0.0,0.0,0.0,0.0
5,4,0.1828838,0.19290115,0.06291972,0.061752506,0.32125258,0.0,0.17829022,0.0,0.0,0.0,0.0,0.0,0.0
5,4,0.1828838,0.19290115,0.06291972,0.061752506,0.32125258,0.0,0.17829022,0.0,0.0,0.0,0.0,0.0,0.0
5,4,0.1828838,0.19290115,0.06291972,0.061752506,0.32125258,0.0,0.17829022,0.0,0.0,0.0,0.0,0.0,0.0
5,4,0.1828838,0.19290115,0.06291972,0.061752506,0.32125258,0.0,0.17829022,0.0,0.0,0.0,0.0,0.0,0.0
5,4,0.1828838,0.19290115,0.06291972,0.061752506,0.32125258,0.0,0.17829022,0.0,0.0,0.0,0.0,0.0,0.0
5,4,0.1828838,0.19290115,0.06291972,0.061752506,0.32125258,0.0,0.17829022,0.0,0.0,0.0,0.0,0.0,0.0
5,4,0.1828838,0.19290115,0.06291972,0.061752506,0.32125258,0.0,0.17829022,0.0,0.0,0.0,0.0,0.0,0.0
5,4,0.1828838,0.19290115,0.06291972,0.061752506,0.32125258,0.0,0.17829022,0.0,0.0,0.0,0.0,0.0,0.0
5,4,0.1828838,0.19290115,0.06291972,0.061752506,0.32125258,0.0,0.17829022,0.0,0.0,0.0,0.0,0.0,0.0
5,4,0.1828838,0.19290115,0.06291972,0.061752506,0.32125258,0.0,0.17829022,0.0,0.0,0.0,0.0,0.0,0.0
5,4,0.1828838,0.19290115,0.06291972,0.061752506,0.32125258,0.0,0.17829022,0.0,0.0,0.0,0.0,0.0,0.0
5,4,0.1828838,0.19290115,0.06291972,0.061752506,0.32125258,0.0,0.17829022,0.0,0.0,0.0,0.0,0.0,0.0
5,4,0.1828838,0.19290115,0.06291972,0.061752506,0.32125258,0.0,0.17829022,0.0,0.0,0.0,0.0,0.0,0.0
5,4,0.1828838,0.19290115,0.06291972,0.061752506,0.32125258,0.0,0.17829022,0.0,0.0,0.0,0.0,0.0,0.0
5,4,0.1828838,0.19290115,0.06291972,0.061752506,0.32125258,0.0,0.17829022,0.0,0.0,0.0,0.0,0.0,0.0
5,4,0.1828838,0.19290115,0.06291972,0.061752506,0.32125258,0.0,0.17829022,0.0,0.0,0.0,0.0,0.0,0.0
5,4,0.1828838,0.19290115,0.06291972,0.061752506,0.32125258,0.0,0.17829022,0.0,0.0,0.0,0.0,0.0,0.0
5,4,0.1828838,0.19290115,0.06291972,0.061752506,0.32125258,0.0,0.17829022,0.0,0.0,0.0,0.0,0.0,0.0
5,4,0.1828838,0.19290115,0.06291972,0.061752506,0.32125258,0.0,0.17829022,0.0,0.0,0.0,0.0,0.0,0.0
5,4,0.1828838,0.19290115,0.06291972,0.061752506,0.32125258,0.0,0.17829022,0.0,0.0,0.0,0.0,0.0,0.0
5,4,0.1828838,0.19290115,0.06291972,0.061752506,0.32125258,0.0,0.17829022,0.0,0.0,0.0,0.0,0.0,0.0
5,4,0.1828838,0.19290115,0.06291972,0.061752506,0.32125258,0.0,0.17829022,0.0,0.0,0.0,0.0,0.0,0.0
5,4,0.1828838,0.19290115,0.06291972,0.061752506,0.32125258,0.0,0.17829022,0.0,0.0,0.0,0.0,0.0,0.0
5,4,0.1828838,0.19290115,0.06291972,0.061752506,0.32125258,0.0,0.17829022,0.0,0.0,0.0,0.0,0.0,0.0
5,4,0.1828838,0.19290115,0.06291972,0.061752506,0.32125258,0.0,0.17829022,0.0,0.0,0.0,0.0,0.0,0.0
5,4,0.1828838,0.19290115,0.06291972,0.061752506,0.32125258,0.0,0.17829022,0.0,0.0,0.0,0.0,0.0,0.0
5,4,0.1828838,0.19290115,0.06291972,0.061752506,0.32125258,0.0,0.17829022,0.0,0.0,0.0,0.0,0.0,0.0
5,4,0.1828838,0.19290115,0.06291972,0.061752506,0.32125258,0.0,0.17829022,0.0,0.0,0.0,0.0,0.0,0.0
5,4,0.1828838,0.19290115,0.06291972,0.061752506,0.32125258,0.0,0.17829022,0.0,0.0,0.0,0.0,0.0,0.0
5,4,0.1828838,0.19290115,0.06291972,0.061752506,0.32125258,0.0,0.17829022,0.0,0.0,0.0,0.0,0.0,0.0
5,4,0.1828838,0.19290115,0.06291972,0.061752506,0.32125258,0.0,0.17829022,0.0,0.0,0.0,0.0,0.0,0.0
5,4,0.1828838,0.19290115,0.06291972,0.061752506,0.32125258,0.0,0.17829022,0.0,0.0,0.0,0.0,0.0,0.0
5,4,0.1828838,0.19290115,0.06291972,0.061752506,0.32125258,0.0,0.17829022,0.0,0.0,0.0,0.0,0.0,0.0
5,4,0.1828838,0.19290115,0.06291972,0.061752506,0.32125258,0.0,0.17829022,0.0,0.0,0.0,0.0,0.0,0.0
5,4,0.1828838,0.19290115,0.06291972,0.061752506,0.32125258,0.0,0.17829022,0.0,0.0,0.0,0.0,0.0,0.0
5,4,0.1828838,0.19290115,0.06291972,0.061752506,0.32125258,0.0,0.17829022,0.0,0.0,0.0,0.0,0.0,0.0
5,4,0.1828838,0.19290115,0.06291972,0.061752506,0.32125258,0.0,0.17829022,0.0,0.0,0.0,0.0,0.0,0.0
5,4,0.1828838,0.19290115,0.06291972,0.061752506,0.32125258,0.0,0.17829022,0.0,0.0,0.0,0.0,0.0,0.0
5,4,0.1828838,0.19290115,0.06291972,0.061752506,0.32125258,0.0,0.17829022,0.0,0.0,0.0,0.0,0.0,0.0
5,4,0.1828838,0.19290115,0.06291972,0.061752506,0.32125258,0.0,0.17829022,0.0,0.0,0.0,0.0,0.0,0.0
5,4,0.1828838,0.19290115,0.06291972,0.061752506,0.32125258,0.0,0.17829022,0.0,0.0,0.0,0.0,0.0,0.0
5,4,0.1828838,0.19290115,0.06291972,0.061752506,0.32125258,0.0,0.17829022,0.0,0.0,0.0,0.0,0.0,0.0
5,4,0.1828838,0.19290115,0.06291972,0.061752506,0.32125258,0.0,0.17829022,0.0,0.0,0.0,0.0,0.0,0.0
5,4,0.1828838,0.19290115,0.06291972,0.061752506,0.32125258,0.0,0.17829022,0.0,0.0,0.0,0.0,0.0,0.0
5,4,0.1828838,0.19290115,0.06291972,0.061752506,0.32125258,0.0,0.17829022,0.0,0.0,0.0,0.0,0.0,0.0
5,4,0.1828838,0.19290115,0.06291972,0.061752506,0.32125258,0.0,0.17829022,0.0,0.0,0.0,0.0,0.0,0.0
5,4,0.1828838,0.19290115,0.06291972,0.061752506,0.32125258,0.0,0.17829022,0.0,0.0,0.0,0.0,0.0,0.0
5,4,0.1828838,0.19290115,0.06291972,0.061752506,0.32125258,0.0,0.17829022,0.0,0.0,0.0,0.0,0.0,0.0
5,4,0.1828838,0.19290115,0.06291972,0.061752506,0.32125258,0.0,0.17829022,0.0,0.0,0.0,0.0,0.0,0.0
5,4,0.1828838,0.19290115,0.06291972,0.061752506,0.32125258,0.0,0.17829022,0.0,0.0,0.0,0.0,0.0,0.0
5,4,0.1828838,0.19290115,0.06291972,0.061752506,0.32125258,0.0,0.17829022,0.0,0.0,0.0,0.0,0.0,0.0
5,4,0.1828838,0.19290115,0.06291972,0.061752506,0.32125258,0.0,0.17829022,0.0,0.0,0.0,0.0,0.0,0.0
5,4,0.1828838,0.19290115,0.06291972,0.061752506,0.32125258,0.0,0.17829022,0.0,0.0,0.0,0.0,0.0,0.0
5,4,0.1828838,0.19290115,0.06291972,0.061752506,0.32125258,0.0,0.17829022,0.0,0.0,0.0,0.0,0.0,0.0
5,4,0.1828838,0.19290115,0.06291972,0.061752506,0.32125258,0.0,0.17829022,0.0,0.0,0.0,0.0,0.0,0.0
5,4,0.1828838,0.19290115,0.06291972,0.061752506,0.32125258,0.0,0.17829022,0.0,0.0,0.0,0.0,0.0,0.0
5,4,0.1828838,0.19290115,0.06291972,0.061752506,0.32125258,0.0,0.17829022,0.0,0.0,0.0,0.0,0.0,0.0
5,4,0.1828838,0.19290115,0.06291972,0.061752506,0.32125258,0.0,0.17829022,0.0,0.0,0.0,0.0,0.0,0.0
5,4,0.1828838,0.19290115,0.06291972,0.061752506,0.32125258,0.0,0.17829022,0.0,0.0,0.0,0.0,0.0,0.0
5,4,0.1828838,0.19290115,0.06291972,0.061752506,0.32125258,0.0,0.17829022,0.0,0.0,0.0,0.0,0.0,0.0
5,4,0.1828838,0.19290115,0.06291972,0.061752506,0.32125258,0.0,0.17829022,0.0,0.0,0.0,0.0,0.0,0.0
5,4,0.1828838,0.19290115,0.06291972,0.061752506,0.32125258,0.0,0.17829022,0.0,0.0,0.0,0.0,0.0,0.0
5,4,0.1828838,0.19290115,0.06291972,0.061752506,0.32125258,0.0,0.17829022,0.0,0.0,0.0,0.0,0.0,0.0
5,4,0.1828838,0.19290115,0.06291972,0.061752506,0.32125258,0.0,0.17829022,0.0,0.0,0.0,0.0,0.0,0.0
5,4,0.1828838,0.19290115,0.06291972,0.061752506,0.32125258,0.0,0.17829022,0.0,0.0,0.0,0.0,0.0,0.0
5,4,0.1828838,0.19290115,0.06291972,0.061752506,0.32125258,0.0,0.17829022,0.0,0.0,0.0,0.0,0.0,0.0
5,4,0.1828838,0.19290115,0.06291972,0.061752506,0.32125258,0.0,0.17829022,0.0,0.0,0.0,0.0,0.0,0.0
5,4,0.1828838,0.19290115,0.06291972,0.061752506,0.32125258,0.0,0.17829022,0.0,0.0,0.0,0.0,0.0,0.0
5,4,0.1828838,0.19290115,0.06291972,0.061752506,0.32125258,0.0,0.17829022,0.0,0.0,0.0,0.0,0.0,0.0
5,4,0.1828838,0.19290115,0.06291972,0.061752506,0.32125258,0.0,0.17829022,0.0,0.0,0.0,0.0,0.0,0.0
5,4,0.1828838,0.19290115,0.06291972,0.061752506,0.32125258,0.0,0.17829022,0.0,0.0,0.0,0.0,0.0,0.0
5,4,0.1828838,0.19290115,0.06291972,0.061752506,0.32125258,0.0,0.17829022,0.0,0.0,0.0,0.0,0.0,0.0
5,4,0.1828838,0.19290115,0.06291972,0.061752506,0.32125258,0.0,0.17829022,0.0,0.0,0.0,0.0,0.0,0.0
5,4,0.1828838,0.19290115,0.06291972,0.061752506,0.32125258,0.0,0.17829022,0.0,0.0,0.0,0.0,0.0,0.0
5,4,0.1828838,0.19290115,0.06291972,0.061752506,0.32125258,0.0,0.17829022,0.0,0.0,0.0,0.0,0.0,0.0
5,4,0.1828838,0.19290115,0.06291972,0.061752506,0.32125258,0.0,0.17829022,0.0,0.0,0.0,0.0,0.0,0.0
5,4,0.1828838,0.19290115,0.06291972,0.061752506,0.32125258,0.0,0.17829022,0.0,0.0,0.0,0.0,0.0,0.0
5,4,0.1828838,0.19290115,0.06291972,0.061752506,0.32125258,0.0,0.17829022,0.0,0.0,0.0,0.0,0.0,0.0
5,4,0.1828838,0.19290115,0.06291972,0.061752506,0.32125258,0.0,0.17829022,0.0,0.0,0.0,0.0,0.0,0.0
5,4,0.1828838,0.19290115,0.06291972,0.061752506,0.32125258,0.0,0.17829022,0.0,0.0,0.0,0.0,0.0,0.0
5,4,0.1828838,0.19290115,0.06291972,0.061752506,0.32125258,0.0,0.17829022,0.0,0.0,0.0,0.0,0.0,0.0
5,4,0.1828838,0.19290115,0.06291972,0.061752506,0.32125258,0.0,0.17829022,0.0,0.0,0.0,0.0,0.0,0.0
5,4,0.1828838,0.19290115,0.06291972,0.061752506,0.32125258,0.0,0.17829022,0.0,0.0,0.0,0.0,0.0,0.0
5,4,0.1828838,0.19290115,0.06291972,0.061752506,0.32125258,0.0,0.17829022,0.0,0.0,0.0,0.0,0.0,0.0
5,4,0.1828838,0.19290115,0.06291972,0.061752506,0.32125258,0.0,0.17829022,0.0,0.0,0.0,0.0,0.0,0.0
5,4,0.1828838,0.19290115,0.06291972,0.061752506,0.32125258,0.0,0.17829022,0.0,0.0,0.0,0.0,0.0,0.0
5,4,0.1828838,0.19290115,0.06291972,0.061752506,0.32125258,0.0,0.17829022,0.0,0.0,0.0,0.0,0.0,0.0
5,4,0.1828838,0.19290115,0.06291972,0.061752506,0.32125258,0.0,0.17829022,0.0,0.0,0.0,0.0,0.0,0.0
5,4,0.1828838,0.19290115,0.06291972,0.061752506,0.32125258,0.0,0.17829022,0.0,0.0,0.0,0.0,0.0,0.0
5,4,0.1828838,0.19290115,0.06291972,0.061752506,0.32125258,0.0,0.17829022,0.0,0.0,0.0,0.0,0.0,0.0
5,4,0.1828838,0.19290115,0.06291972,0.061752506,0.32125258,0.0,0.17829022,0.0,0.0,0.0,0.0,0.0,0.0
5,4,0.1828838,0.19290115,0.06291972,0.061752506,0.32125258,0.0,0.17829022,0.0,0.0,0.0,0.0,0.0,0.0
5,4,0.1828838,0.19290115,0.06291972,0.061752506,0.32125258,0.0,0.17829022,0.0,0.0,0.0,0.0,0.0,0.0
5,4,0.1828838,0.19290115,0.06291972,0.061752506,0.32125258,0.0,0.17829022,0.0,0.0,0.0,0.0,0.0,0.0
5,4,0.1828838,0.19290115,0.06291972,0.061752506,0.32125258,0.0,0.17829022,0.0,0.0,0.0,0.0,0.0,0.0
5,4,0.1828838,0.19290115,0.06291972,0.061752506,0.32125258,0.0,0.17829022,0.0,0.0,0.0,0.0,0.0,0.0
5,4,0.1828838,0.19290115,0.06291972,0.061752506,0.32125258,0.0,0.17829022,0.0,0.0,0.0,0.0,0.0,0.0
5,4,0.1828838,0.19290115,0.06291972,0.061752506,0.32125258,0.0,0.17829022,0.0,0.0,0.0,0.0,0.0,0.0
5,4,0.1828838,0.19290115,0.06291972,0.061752506,0.32125258,0.0,0.17829022,0.0,0.0,0.0,0.0,0.0,0.0
5,4,0.1828838,0.19290115,0.06291972,0.061752506,0.32125258,0.0,0.17829022,0.0,0.0,0.0,0.0,0.0,0.0
5,4,0.1828838,0.19290115,0.06291972,0.061752506,0.32125258,0.0,0.17829022,0.0,0.0,0.0,0.0,0.0,0.0
5,4,0.1828838,0.19290115,0.06291972,0.061752506,0.32125258,0.0,0.17829022,0.0,0.0,0.0,0.0,0.0,0.0
5,4,0.1828838,0.19290115,0.06291972,0.061752506,0.32125258,0.0,0.17829022,0.0,0.0,0.0,0.0,0.0,0.0
5,4,0.1828838,0.19290115,0.06291972,0.061752506,0.32125258,0.0,0.17829022,0.0,0.0,0.0,0.0,0.0,0.0
5,4,0.1828838,0.19290115,0.06291972,0.061752506,0.32125258,0.0,0.17829022,0.0,0.0,0.0,0.0,0.0,0.0
5,4,0.1828838,0.19290115,0.06291972,0.061752506,0.32125258,0.0,0.17829022,0.0,0.0,0.0,0.0,0.0,0.0
5,4,0.1828838,0.19290115,0.06291972,0.061752506,0.32125258,0.0,0.17829022,0.0,0.0,0.0,0.0,0.0,0.0
5,4,0.18288381,0.19290116,0.06291973,0.0,0.38300508,0.0,0.17829023,0.0,0.0,0.0,0.0,0.0,0.0
5,4,0.18288381,0.19290116,0.06291973,0.0,0.38300508,0.0,0.17829023,0.0,0.0,0.0,0.0,0.0,0.0
5,4,0.18288381,0.19290116,0.06291973,0.0,0.38300508,0.0,0.17829023,0.0,0.0,0.0,0.0,0.0,0.0
5,4,0.18288381,0.19290116,0.06291973,0.0,0.38300508,0.0,0.17829023,0.0,0.0,0.0,0.0,0.0,0.0
5,4,0.18288381,0.19290116,0.06291973,0.0,0.38300508,0.0,0.17829023,0.0,0.0,0.0,0.0,0.0,0.0
5,4,0.18288381,0.19290116,0.06291973,0.0,0.38300508,0.0,0.17829023,0.0,0.0,0.0,0.0,0.0,0.0
5,4,0.18288381,0.19290116,0.06291973,0.0,0.38300508,0.0,0.17829023,0.0,0.0,0.0,0.0,0.0,0.0
5,4,0.18288381,0.19290116,0.06291973,0.0,0.38300508,0.0,0.17829023,0.0,0.0,0.0,0.0,0.0,0.0
5,4,0.18288381,0.19290116,0.06291973,0.0,0.38300508,0.0,0.17829023,0.0,0.0,0.0,0.0,0.0,0.0
5,4,0.18288381,0.19290116,0.06291973,0.0,0.38300508,0.0,0.17829023,0.0,0.0,0.0,0.0,0.0,0.0
5,4,0.121619426,0.19290116,0.06291973,0.0,0.44426948,0.0,0.17829023,0.0,0.0,0.0,0.0,0.0,0.0
5,4,0.121619426,0.19290116,0.06291973,0.0,0.44426948,0.0,0.17829023,0.0,0.0,0.0,0.0,0.0,0.0
5,4,0.121619426,0.19290116,0.06291973,0.0,0.44426948,0.0,0.17829023,0.0,0.0,0.0,0.0,0.0,0.0
5,4,0.121619426,0.19290116,0.06291973,0.0,0.44426948,0.0,0.17829023,0.0,0.0,0.0,0.0,0.0,0.0
5,4,0.121619426,0.19290116,0.06291973,0.0,0.44426948,0.0,0.17829023,0.0,0.0,0.0,0.0,0.0,0.0
5,4,0.121619426,0.19290116,0.06291973,0.0,0.44426948,0.0,0.17829023,0.0,0.0,0.0,0.0,0.0,0.0
5,4,0.121619426,0.19290116,0.06291973,0.0,0.44426948,0.0,0.17829023,0.0,0.0,0.0,0.0,0.0,0.0
5,4,0.121619426,0.19290116,0.06291973,0.0,0.44426948,0.0,0.17829023,0.0,0.0,0.0,0.0,0.0,0.0
5,4,0.121619426,0.19290116,0.06291973,0.0,0.44426948,0.0,0.17829023,0.0,0.0,0.0,0.0,0.0,0.0
5,4,0.121619426,0.19290116,0.06291973,0.0,0.44426948,0.0,0.17829023,0.0,0.0,0.0,0.0,0.0,0.0
5,4,0.121619426,0.19290116,0.06291973,0.0,0.44426948,0.0,0.17829023,0.0,0.0,0.0,0.0,0.0,0.0
5,4,0.121619426,0.19290116,0.06291973,0.0,0.44426948,0.0,0.17829023,0.0,0.0,0.0,0.0,0.0,0.0
5,4,0.121619426,0.19290116,0.06291973,0.0,0.44426948,0.0,0.17829023,0.0,0.0,0.0,0.0,0.0,0.0
5,4,0.121619426,0.19290116,0.06291973,0.0,0.44426948,0.0,0.17829023,0.0,0.0,0.0,0.0,0.0,0.0
5,4,0.121619426,0.19290116,0.06291973,0.0,0.5006991,0.0,0.12186062,0.0,0.0,0.0,0.0,0.0,0.0
5,4,0.121619426,0.19290116,0.06291973,0.0,0.5006991,0.0,0.12186062,0.0,0.0,0.0,0.0,0.0,0.0
5,4,0.121619426,0.19290116,0.06291973,0.0,0.5006991,0.0,0.12186062,0.0,0.0,0.0,0.0,0.0,0.0
5,4,0.121619426,0.19290116,0.06291973,0.0,0.5006991,0.0,0.12186062,0.0,0.0,0.0,0.0,0.0,0.0
5,4,0.121619426,0.19290116,0.06291973,0.0,0.5006991,0.0,0.12186062,0.0,0.0,0.0,0.0,0.0,0.0
5,4,0.121619426,0.19290116,0.06291973,0.0,0.5006991,0.0,0.12186062,0.0,0.0,0.0,0.0,0.0,0.0
5,4,0.121619426,0.19290116,0.06291973,0.0,0.5006991,0.0,0.12186062,0.0,0.0,0.0,0.0,0.0,0.0
5,4,0.121619426,0.19290116,0.06291973,0.0,0.5006991,0.0,0.12186062,0.0,0.0,0.0,0.0,0.0,0.0
5,4,0.121619426,0.12771119,0.06291972,0.0,0.56588906,0.0,0.12186062,0.0,0.0,0.0,0.0,0.0,0.0
5,4,0.121619426,0.12771119,0.06291972,0.0,0.56588906,0.0,0.12186062,0.0,0.0,0.0,0.0,0.0,0.0
5,4,0.121619426,0.12771119,0.06291972,0.0,0.56588906,0.0,0.12186062,0.0,0.0,0.0,0.0,0.0,0.0
5,4,0.121619426,0.12771119,0.06291972,0.0,0.56588906,0.0,0.12186062,0.0,0.0,0.0,0.0,0.0,0.0
5,4,0.121619426,0.12771119,0.06291972,0.0,0.56588906,0.0,0.12186062,0.0,0.0,0.0,0.0,0.0,0.0
5,4,0.121619426,0.12771119,0.06291972,0.0,0.56588906,0.0,0.12186062,0.0,0.0,0.0,0.0,0.0,0.0
5,4,0.121619426,0.12771119,0.06291972,0.0,0.56588906,0.0,0.12186062,0.0,0.0,0.0,0.0,0.0,0.0
5,4,0.121619426,0.12771119,0.06291972,0.0,0.56588906,0.0,0.12186062,0.0,0.0,0.0,0.0,0.0,0.0
5,4,0.121619426,0.12771119,0.06291972,0.0,0.56588906,0.0,0.12186062,0.0,0.0,0.0,0.0,0.0,0.0
5,4,0.121619426,0.12771119,0.06291972,0.0,0.56588906,0.0,0.12186062,0.0,0.0,0.0,0.0,0.0,0.0
5,4,0.121619426,0.12771119,0.06291972,0.0,0.56588906,0.0,0.12186062,0.0,0.0,0.0,0.0,0.0,0.0
5,4,0.121619426,0.12771119,0.06291972,0.0,0.56588906,0.0,0.12186062,0.0,0.0,0.0,0.0,0.0,0.0
5,4,0.12161942,0.12771118,0.06291972,0.0,0.63095266,0.0,0.056797,0.0,0.0,0.0,0.0,0.0,0.0
5,4,0.12161942,0.12771118,0.06291972,0.0,0.63095266,0.0,0.056797,0.0,0.0,0.0,0.0,0.0,0.0
5,4,0.12161942,0.12771118,0.06291972,0.0,0.63095266,0.0,0.056797,0.0,0.0,0.0,0.0,0.0,0.0
5,4,0.12161942,0.12771118,0.06291972,0.0,0.63095266,0.0,0.056797,0.0,0.0,0.0,0.0,0.0,0.0
5,4,0.121619426,0.12771119,0.0,0.0,0.6938724,0.0,0.056797005,0.0,0.0,0.0,0.0,0.0,0.0
5,4,0.121619426,0.12771119,0.0,0.0,0.6938724,0.0,0.056797005,0.0,0.0,0.0,0.0,0.0,0.0
5,4,0.121619426,0.12771119,0.0,0.0,0.6938724,0.0,0.056797005,0.0,0.0,0.0,0.0,0.0,0.0
5,4,0.121619426,0.12771119,0.0,0.0,0.6938724,0.0,0.056797005,0.0,0.0,0.0,0.0,0.0,0.0
5,4,0.121619426,0.12771119,0.0,0.0,0.6938724,0.0,0.056797005,0.0,0.0,0.0,0.0,0.0,0.0
5,4,0.121619426,0.12771119,0.0,0.0,0.6938724,0.0,0.056797005,0.0,0.0,0.0,0.0,0.0,0.0
5,4,0.121619426,0.12771119,0.0,0.0,0.6938724,0.0,0.056797005,0.0,0.0,0.0,0.0,0.0,0.0
5,4,0.1828838,0.12771118,0.0,0.0,0.632608,0.0,0.056797,0.0,0.0,0.0,0.0,0.0,0.0
5,4,0.1828838,0.12771118,0.0,0.0,0.632608,0.0,0.056797,0.0,0.0,0.0,0.0,0.0,0.0
5,4,0.1828838,0.12771118,0.0,0.0,0.632608,0.0,0.056797,0.0,0.0,0.0,0.0,0.0,0.0
5,4,0.1828838,0.12771118,0.0,0.0,0.632608,0.0,0.056797,0.0,0.0,0.0,0.0,0.0,0.0
5,4,0.1828838,0.12771118,0.0,0.0,0.632608,0.0,0.056797,0.0,0.0,0.0,0.0,0.0,0.0
5,4,0.1828838,0.12771118,0.0,0.0,0.632608,0.0,0.056797,0.0,0.0,0.0,0.0,0.0,0.0
5,4,0.1828838,0.12771118,0.0,0.0,0.632608,0.0,0.056797,0.0,0.0,0.0,0.0,0.0,0.0
5,4,0.1828838,0.12771118,0.0,0.0,0.632608,0.0,0.056797,0.0,0.0,0.0,0.0,0.0,0.0
5,4,0.1828838,0.12771118,0.0,0.0,0.632608,0.0,0.056797,0.0,0.0,0.0,0.0,0.0,0.0
5,4,0.1828838,0.12771118,0.0,0.0,0.632608,0.0,0.056797,0.0,0.0,0.0,0.0,0.0,0.0
5,4,0.1828838,0.12771118,0.0,0.0,0.632608,0.0,0.056797,0.0,0.0,0.0,0.0,0.0,0.0
5,4,0.1828838,0.12771118,0.0,0.0,0.632608,0.0,0.056797,0.0,0.0,0.0,0.0,0.0,0.0
5,4,0.1828838,0.12771118,0.0,0.0,0.632608,0.0,0.056797,0.0,0.0,0.0,0.0,0.0,0.0
5,4,0.1828838,0.12771118,0.0,0.0,0.632608,0.0,0.056797,0.0,0.0,0.0,0.0,0.0,0.0
5,4,0.1828838,0.12771118,0.0,0.0,0.632608,0.0,0.056797,0.0,0.0,0.0,0.0,0.0,0.0
5,4,0.1828838,0.12771118,0.0,0.0,0.632608,0.0,0.056797,0.0,0.0,0.0,0.0,0.0,0.0
5,4,0.1828838,0.12771118,0.0,0.0,0.632608,0.0,0.056797,0.0,0.0,0.0,0.0,0.0,0.0
5,4,0.1828838,0.12771118,0.0,0.0,0.632608,0.0,0.056797,0.0,0.0,0.0,0.0,0.0,0.0
5,4,0.1828838,0.12771118,0.0,0.0,0.632608,0.0,0.056797,0.0,0.0,0.0,0.0,0.0,0.0
5,4,0.1828838,0.12771118,0.0,0.0,0.632608,0.0,0.056797,0.0,0.0,0.0,0.0,0.0,0.0
5,4,0.1828838,0.12771118,0.0,0.0,0.632608,0.0,0.056797,0.0,0.0,0.0,0.0,0.0,0.0
5,4,0.2504673,0.12771118,0.0,0.0,0.56502455,0.0,0.056797,0.0,0.0,0.0,0.0,0.0,0.0
5,4,0.2504673,0.12771118,0.0,0.0,0.56502455,0.0,0.056797,0.0,0.0,0.0,0.0,0.0,0.0
5,4,0.2504673,0.12771118,0.0,0.0,0.56502455,0.0,0.056797,0.0,0.0,0.0,0.0,0.0,0.0
5,4,0.2504673,0.12771118,0.0,0.0,0.56502455,0.0,0.056797,0.0,0.0,0.0,0.0,0.0,0.0
5,4,0.2504673,0.12771118,0.0,0.0,0.56502455,0.0,0.056797,0.0,0.0,0.0,0.0,0.0,0.0
5,4,0.2504673,0.12771118,0.0,0.0,0.56502455,0.0,0.056797,0.0,0.0,0.0,0.0,0.0,0.0
5,4,0.2504673,0.12771118,0.0,0.0,0.56502455,0.0,0.056797,0.0,0.0,0.0,0.0,0.0,0.0
5,4,0.2504673,0.12771118,0.0,0.0,0.56502455,0.0,0.056797,0.0,0.0,0.0,0.0,0.0,0.0
5,4,0.2504673,0.12771118,0.0,0.0,0.56502455,0.0,0.056797,0.0,0.0,0.0,0.0,0.0,0.0
5,4,0.2504673,0.12771118,0.0,0.0,0.56502455,0.0,0.056797,0.0,0.0,0.0,0.0,0.0,0.0
5,4,0.2504673,0.12771118,0.0,0.0,0.56502455,0.0,0.056797,0.0,0.0,0.0,0.0,0.0,0.0
5,4,0.2504673,0.12771118,0.0,0.0,0.56502455,0.0,0.056797,0.0,0.0,0.0,0.0,0.0,0.0
5,4,0.2504673,0.12771118,0.0,0.0,0.56502455,0.0,0.056797,0.0,0.0,0.0,0.0,0.0,0.0
5,4,0.2504673,0.12771118,0.0,0.0,0.56502455,0.0,0.056797,0.0,0.0,0.0,0.0,0.0,0.0
5,4,0.2504673,0.12771118,0.0,0.0,0.56502455,0.0,0.056797,0.0,0.0,0.0,0.0,0.0,0.0
5,4,0.2504673,0.12771118,0.0,0.0,0.56502455,0.0,0.056797,0.0,0.0,0.0,0.0,0.0,0.0
5,4,0.2504673,0.12771118,0.0,0.0,0.56502455,0.0,0.056797,0.0,0.0,0.0,0.0,0.0,0.0
5,4,0.2504673,0.12771118,0.0,0.0,0.56502455,0.0,0.056797,0.0,0.0,0.0,0.0,0.0,0.0
5,4,0.2504673,0.12771118,0.0,0.0,0.56502455,0.0,0.056797,0.0,0.0,0.0,0.0,0.0,0.0
5,4,0.2504673,0.12771118,0.0,0.0,0.56502455,0.0,0.056797,0.0,0.0,0.0,0.0,0.0,0.0
5,4,0.2504673,0.12771118,0.0,0.0,0.56502455,0.0,0.056797,0.0,0.0,0.0,0.0,0.0,0.0
5,4,0.2504673,0.12771118,0.0,0.0,0.56502455,0.0,0.056797,0.0,0.0,0.0,0.0,0.0,0.0
5,4,0.2504673,0.12771118,0.0,0.0,0.56502455,0.0,0.056797,0.0,0.0,0.0,0.0,0.0,0.0
5,4,0.2504673,0.12771118,0.0,0.0,0.56502455,0.0,0.056797,0.0,0.0,0.0,0.0,0.0,0.0
5,4,0.2504673,0.12771118,0.0,0.0,0.56502455,0.0,0.056797,0.0,0.0,0.0,0.0,0.0,0.0
5,4,0.2504673,0.12771118,0.0,0.0,0.56502455,0.0,0.056797,0.0,0.0,0.0,0.0,0.0,0.0
5,4,0.2504673,0.12771118,0.0,0.0,0.56502455,0.0,0.056797,0.0,0.0,0.0,0.0,0.0,0.0
5,4,0.2504673,0.12771118,0.0,0.0,0.56502455,0.0,0.056797,0.0,0.0,0.0,0.0,0.0,0.0
5,4,0.2504673,0.12771118,0.0,0.0,0.56502455,0.0,0.056797,0.0,0.0,0.0,0.0,0.0,0.0
5,4,0.2504673,0.12771118,0.0,0.0,0.56502455,0.0,0.056797,0.0,0.0,0.0,0.0,0.0,0.0
5,4,0.2504673,0.12771118,0.0,0.0,0.56502455,0.0,0.056797,0.0,0.0,0.0,0.0,0.0,0.0
5,4,0.2504673,0.12771118,0.0,0.0,0.56502455,0.0,0.056797,0.0,0.0,0.0,0.0,0.0,0.0
5,4,0.2504673,0.12771118,0.0,0.0,0.56502455,0.0,0.056797,0.0,0.0,0.0,0.0,0.0,0.0
5,4,0.2504673,0.12771118,0.0,0.0,0.56502455,0.0,0.056797,0.0,0.0,0.0,0.0,0.0,0.0
5,4,0.2504673,0.12771118,0.0,0.0,0.56502455,0.0,0.056797,0.0,0.0,0.0,0.0,0.0,0.0
5,4,0.2504673,0.12771118,0.0,0.0,0.56502455,0.0,0.056797,0.0,0.0,0.0,0.0,0.0,0.0
5,4,0.2504673,0.12771118,0.0,0.0,0.56502455,0.0,0.056797,0.0,0.0,0.0,0.0,0.0,0.0
5,4,0.2504673,0.12771118,0.0,0.0,0.56502455,0.0,0.056797,0.0,0.0,0.0,0.0,0.0,0.0
5,4,0.2504673,0.12771118,0.0,0.0,0.56502455,0.0,0.056797,0.0,0.0,0.0,0.0,0.0,0.0
5,4,0.2504673,0.12771118,0.0,0.0,0.56502455,0.0,0.056797,0.0,0.0,0.0,0.0,0.0,0.0
5,4,0.2504673,0.12771118,0.0,0.0,0.56502455,0.0,0.056797,0.0,0.0,0.0,0.0,0.0,0.0
5,4,0.2504673,0.12771118,0.0,0.0,0.56502455,0.0,0.056797,0.0,0.0,0.0,0.0,0.0,0.0
5,4,0.2504673,0.12771118,0.0,0.0,0.56502455,0.0,0.056797,0.0,0.0,0.0,0.0,0.0,0.0
5,4,0.2504673,0.12771118,0.0,0.0,0.56502455,0.0,0.056797,0.0,0.0,0.0,0.0,0.0,0.0
5,4,0.25046727,0.07080988,0.0,0.0,0.62192583,0.0,0.056796998,0.0,0.0,0.0,0.0,0.0,0.0
5,4,0.25046727,0.07080988,0.0,0.0,0.62192583,0.0,0.056796998,0.0,0.0,0.0,0.0,0.0,0.0
5,4,0.25046727,0.07080988,0.0,0.0,0.62192583,0.0,0.056796998,0.0,0.0,0.0,0.0,0.0,0.0
5,4,0.25046727,0.07080988,0.0,0.0,0.62192583,0.0,0.056796998,0.0,0.0,0.0,0.0,0.0,0.0
5,4,0.25046727,0.07080988,0.0,0.0,0.62192583,0.0,0.056796998,0.0,0.0,0.0,0.0,0.0,0.0
5,4,0.25046727,0.07080988,0.0,0.0,0.62192583,0.0,0.056796998,0.0,0.0,0.0,0.0,0.0,0.0
5,4,0.25046727,0.07080988,0.0,0.0,0.62192583,0.0,0.056796998,0.0,0.0,0.0,0.0,0.0,0.0
5,4,0.25046727,0.07080988,0.0,0.0,0.62192583,0.0,0.056796998,0.0,0.0,0.0,0.0,0.0,0.0
5,4,0.25046727,0.07080988,0.0,0.0,0.62192583,0.0,0.056796998,0.0,0.0,0.0,0.0,0.0,0.0
5,4,0.25046727,0.07080988,0.0,0.0,0.62192583,0.0,0.056796998,0.0,0.0,0.0,0.0,0.0,0.0
5,4,0.25046727,0.07080988,0.0,0.0,0.62192583,0.0,0.056796998,0.0,0.0,0.0,0.0,0.0,0.0
5,4,0.25046727,0.07080988,0.0,0.0,0.62192583,0.0,0.056796998,0.0,0.0,0.0,0.0,0.0,0.0
5,4,0.25046727,0.07080988,0.0,0.0,0.62192583,0.0,0.056796998,0.0,0.0,0.0,0.0,0.0,0.0
5,4,0.25046727,0.07080988,0.0,0.0,0.62192583,0.0,0.056796998,0.0,0.0,0.0,0.0,0.0,0.0
5,4,0.25046727,0.07080988,0.0,0.0,0.62192583,0.0,0.056796998,0.0,0.0,0.0,0.0,0.0,0.0
5,4,0.25046727,0.07080988,0.0,0.0,0.62192583,0.0,0.056796998,0.0,0.0,0.0,0.0,0.0,0.0
5,4,0.3156573,0.070809886,0.0,0.0,0.5567358,0.0,0.056797,0.0,0.0,0.0,0.0,0.0,0.0
5,4,0.3156573,0.070809886,0.0,0.0,0.5567358,0.0,0.056797,0.0,0.0,0.0,0.0,0.0,0.0
5,4,0.3156573,0.070809886,0.0,0.0,0.5567358,0.0,0.056797,0.0,0.0,0.0,0.0,0.0,0.0
5,4,0.3156573,0.070809886,0.0,0.0,0.5567358,0.0,0.056797,0.0,0.0,0.0,0.0,0.0,0.0
5,4,0.3156573,0.070809886,0.0,0.0,0.5567358,0.0,0.056797,0.0,0.0,0.0,0.0,0.0,0.0
5,4,0.3156573,0.070809886,0.0,0.0,0.5567358,0.0,0.056797,0.0,0.0,0.0,0.0,0.0,0.0
5,4,0.3156573,0.070809886,0.0,0.0,0.5567358,0.0,0.056797,0.0,0.0,0.0,0.0,0.0,0.0
5,4,0.3156573,0.070809886,0.0,0.0,0.5567358,0.0,0.056797,0.0,0.0,0.0,0.0,0.0,0.0
5,4,0.38101524,0.070809886,0.0,0.0,0.49137786,0.0,0.056797,0.0,0.0,0.0,0.0,0.0,0.0
5,4,0.38101524,0.070809886,0.0,0.0,0.49137786,0.0,0.056797,0.0,0.0,0.0,0.0,0.0,0.0
5,4,0.38101524,0.070809886,0.0,0.0,0.49137786,0.0,0.056797,0.0,0.0,0.0,0.0,0.0,0.0
5,4,0.31975085,0.070809886,0.0,0.0,0.5526422,0.0,0.056797,0.0,0.0,0.0,0.0,0.0,0.0
5,4,0.31975088,0.1276069,0.0,0.0,0.5526423,0.0,0.0,0.0,0.0,0.0,0.0,0.0,0.0
5,4,0.31975088,0.1276069,0.0,0.0,0.5526423,0.0,0.0,0.0,0.0,0.0,0.0,0.0,0.0
5,4,0.31975088,0.1276069,0.0,0.0,0.5526423,0.0,0.0,0.0,0.0,0.0,0.0,0.0,0.0
5,4,0.31975088,0.1276069,0.0,0.0,0.5526423,0.0,0.0,0.0,0.0,0.0,0.0,0.0,0.0
5,4,0.31975088,0.1276069,0.0,0.0,0.5526423,0.0,0.0,0.0,0.0,0.0,0.0,0.0,0.0
5,4,0.31975088,0.1276069,0.0,0.0,0.5526423,0.0,0.0,0.0,0.0,0.0,0.0,0.0,0.0
5,4,0.31975088,0.1276069,0.0,0.0,0.5526423,0.0,0.0,0.0,0.0,0.0,0.0,0.0,0.0
5,4,0.31975088,0.1276069,0.0,0.0,0.5526423,0.0,0.0,0.0,0.0,0.0,0.0,0.0,0.0
5,4,0.26001972,0.18733804,0.0,0.0,0.5526423,0.0,0.0,0.0,0.0,0.0,0.0,0.0,0.0
5,4,0.26001972,0.18733804,0.0,0.0,0.5526423,0.0,0.0,0.0,0.0,0.0,0.0,0.0,0.0
5,4,0.26001972,0.18733804,0.0,0.0,0.5526423,0.0,0.0,0.0,0.0,0.0,0.0,0.0,0.0
5,4,0.26001972,0.18733804,0.0,0.0,0.5526423,0.0,0.0,0.0,0.0,0.0,0.0,0.0,0.0
5,4,0.26001972,0.18733804,0.0,0.0,0.5526423,0.0,0.0,0.0,0.0,0.0,0.0,0.0,0.0
5,4,0.26001972,0.18733804,0.0,0.0,0.5526423,0.0,0.0,0.0,0.0,0.0,0.0,0.0,0.0
5,4,0.26001972,0.18733804,0.0,0.0,0.5526423,0.0,0.0,0.0,0.0,0.0,0.0,0.0,0.0
5,4,0.26001972,0.18733804,0.0,0.0,0.5526423,0.0,0.0,0.0,0.0,0.0,0.0,0.0,0.0
5,4,0.26001972,0.18733804,0.0,0.0,0.5526423,0.0,0.0,0.0,0.0,0.0,0.0,0.0,0.0
5,4,0.26001972,0.18733804,0.0,0.0,0.5526423,0.0,0.0,0.0,0.0,0.0,0.0,0.0,0.0
5,4,0.26001972,0.18733804,0.0,0.0,0.5526423,0.0,0.0,0.0,0.0,0.0,0.0,0.0,0.0
5,4,0.26001972,0.18733804,0.0,0.0,0.5526423,0.0,0.0,0.0,0.0,0.0,0.0,0.0,0.0
5,4,0.26001972,0.18733804,0.0,0.0,0.5526423,0.0,0.0,0.0,0.0,0.0,0.0,0.0,0.0
5,4,0.26001972,0.18733804,0.0,0.0,0.5526423,0.0,0.0,0.0,0.0,0.0,0.0,0.0,0.0
5,4,0.26001972,0.18733804,0.0,0.0,0.5526423,0.0,0.0,0.0,0.0,0.0,0.0,0.0,0.0
5,4,0.26001972,0.18733804,0.0,0.0,0.5526423,0.0,0.0,0.0,0.0,0.0,0.0,0.0,0.0
5,4,0.26001972,0.18733804,0.0,0.0,0.5526423,0.0,0.0,0.0,0.0,0.0,0.0,0.0,0.0
5,4,0.26001972,0.18733804,0.0,0.0,0.5526423,0.0,0.0,0.0,0.0,0.0,0.0,0.0,0.0
5,4,0.26001972,0.18733804,0.0,0.0,0.5526423,0.0,0.0,0.0,0.0,0.0,0.0,0.0,0.0
5,4,0.26001972,0.18733804,0.0,0.0,0.5526423,0.0,0.0,0.0,0.0,0.0,0.0,0.0,0.0
5,4,0.26001972,0.18733804,0.0,0.0,0.5526423,0.0,0.0,0.0,0.0,0.0,0.0,0.0,0.0
5,4,0.26001972,0.18733804,0.0,0.0,0.5526423,0.0,0.0,0.0,0.0,0.0,0.0,0.0,0.0
5,4,0.26001972,0.18733804,0.0,0.0,0.5526423,0.0,0.0,0.0,0.0,0.0,0.0,0.0,0.0
5,4,0.26001972,0.18733804,0.0,0.0,0.5526423,0.0,0.0,0.0,0.0,0.0,0.0,0.0,0.0
5,4,0.26001972,0.18733804,0.0,0.0,0.5526423,0.0,0.0,0.0,0.0,0.0,0.0,0.0,0.0
5,4,0.26001972,0.18733804,0.0,0.0,0.5526423,0.0,0.0,0.0,0.0,0.0,0.0,0.0,0.0
5,4,0.26001972,0.18733804,0.0,0.06825699,0.48438528,0.0,0.0,0.0,0.0,0.0,0.0,0.0,0.0
5,4,0.26001972,0.18733804,0.0,0.06825699,0.48438528,0.0,0.0,0.0,0.0,0.0,0.0,0.0,0.0
5,4,0.26001972,0.24423935,0.0,0.06825699,0.427484,0.0,0.0,0.0,0.0,0.0,0.0,0.0,0.0
5,4,0.26001972,0.24423935,0.0,0.06825699,0.427484,0.0,0.0,0.0,0.0,0.0,0.0,0.0,0.0
5,4,0.26001972,0.24423935,0.0,0.06825699,0.427484,0.0,0.0,0.0,0.0,0.0,0.0,0.0,0.0
5,4,0.26001972,0.24423935,0.0,0.06825699,0.427484,0.0,0.0,0.0,0.0,0.0,0.0,0.0,0.0
5,4,0.26001972,0.24423935,0.0,0.13030349,0.36543748,0.0,0.0,0.0,0.0,0.0,0.0,0.0,0.0
5,4,0.26001972,0.24423935,0.0,0.13030349,0.36543748,0.0,0.0,0.0,0.0,0.0,0.0,0.0,0.0
5,4,0.26001972,0.24423935,0.0,0.13030349,0.36543748,0.0,0.0,0.0,0.0,0.0,0.0,0.0,0.0
5,4,0.26001972,0.24423935,0.0,0.13030349,0.36543748,0.0,0.0,0.0,0.0,0.0,0.0,0.0,0.0
5,0,0.3212841,0.24423935,0.0,0.13030349,0.30417308,0.0,0.0,0.0,0.0,0.0,0.0,0.0,0.0
5,0,0.3212841,0.24423935,0.0,0.13030349,0.30417308,0.0,0.0,0.0,0.0,0.0,0.0,0.0,0.0
5,0,0.3212841,0.24423935,0.0,0.13030349,0.30417308,0.0,0.0,0.0,0.0,0.0,0.0,0.0,0.0
5,0,0.3212841,0.24423935,0.0,0.13030349,0.30417308,0.0,0.0,0.0,0.0,0.0,0.0,0.0,0.0
5,0,0.3212841,0.24423935,0.0,0.13030349,0.30417308,0.0,0.0,0.0,0.0,0.0,0.0,0.0,0.0
5,0,0.3212841,0.24423935,0.0,0.13030349,0.30417308,0.0,0.0,0.0,0.0,0.0,0.0,0.0,0.0
5,0,0.3212841,0.24423935,0.0,0.13030349,0.30417308,0.0,0.0,0.0,0.0,0.0,0.0,0.0,0.0
5,0,0.3212841,0.24423935,0.0,0.13030349,0.30417308,0.0,0.0,0.0,0.0,0.0,0.0,0.0,0.0
6,0,0.3212841,0.24423935,0.0,0.13030349,0.30417308,0.0,0.0,0.0,0.0,0.0,0.0,0.0,0.0
6,0,0.3212841,0.24423935,0.0,0.13030349,0.30417308,0.0,0.0,0.0,0.0,0.0,0.0,0.0,0.0
6,0,0.3212841,0.24423935,0.0,0.13030349,0.30417308,0.0,0.0,0.0,0.0,0.0,0.0,0.0,0.0
6,0,0.3212841,0.24423935,0.0,0.13030349,0.30417308,0.0,0.0,0.0,0.0,0.0,0.0,0.0,0.0
6,0,0.3212841,0.24423935,0.0,0.13030349,0.30417308,0.0,0.0,0.0,0.0,0.0,0.0,0.0,0.0
6,0,0.3212841,0.24423935,0.0,0.13030349,0.30417308,0.0,0.0,0.0,0.0,0.0,0.0,0.0,0.0
6,0,0.3212841,0.24423935,0.0,0.13030349,0.30417308,0.0,0.0,0.0,0.0,0.0,0.0,0.0,0.0
6,0,0.3212841,0.24423935,0.0,0.13030349,0.30417308,0.0,0.0,0.0,0.0,0.0,0.0,0.0,0.0
6,0,0.3212841,0.24423935,0.0,0.13030349,0.30417308,0.0,0.0,0.0,0.0,0.0,0.0,0.0,0.0
6,0,0.3212841,0.24423935,0.0,0.13030349,0.30417308,0.0,0.0,0.0,0.0,0.0,0.0,0.0,0.0
6,0,0.3212841,0.24423935,0.0,0.13030349,0.30417308,0.0,0.0,0.0,0.0,0.0,0.0,0.0,0.0
6,0,0.3212841,0.24423935,0.0,0.13030349,0.30417308,0.0,0.0,0.0,0.0,0.0,0.0,0.0,0.0
6,0,0.3212841,0.24423935,0.0,0.13030349,0.30417308,0.0,0.0,0.0,0.0,0.0,0.0,0.0,0.0
6,0,0.3212841,0.24423935,0.0,0.13030349,0.30417308,0.0,0.0,0.0,0.0,0.0,0.0,0.0,0.0
6,0,0.3212841,0.24423935,0.0,0.13030349,0.30417308,0.0,0.0,0.0,0.0,0.0,0.0,0.0,0.0
6,0,0.3212841,0.24423935,0.0,0.13030349,0.30417308,0.0,0.0,0.0,0.0,0.0,0.0,0.0,0.0
6,1,0.3212841,0.36358863,0.0,0.13030349,0.18482377,0.0,0.0,0.0,0.0,0.0,0.0,0.0,0.0
6,1,0.3212841,0.36358863,0.0,0.13030349,0.18482377,0.0,0.0,0.0,0.0,0.0,0.0,0.0,0.0
6,1,0.3212841,0.36358863,0.0,0.13030349,0.18482377,0.0,0.0,0.0,0.0,0.0,0.0,0.0,0.0
6,1,0.3212841,0.36358863,0.0,0.13030349,0.18482377,0.0,0.0,0.0,0.0,0.0,0.0,0.0,0.0
6,1,0.3212841,0.36358863,0.0,0.13030349,0.18482377,0.0,0.0,0.0,0.0,0.0,0.0,0.0,0.0
6,1,0.3212841,0.36358863,0.0,0.13030349,0.18482377,0.0,0.0,0.0,0.0,0.0,0.0,0.0,0.0
6,1,0.3212841,0.36358863,0.0,0.13030349,0.18482377,0.0,0.0,0.0,0.0,0.0,0.0,0.0,0.0
6,1,0.3212841,0.36358863,0.0,0.13030349,0.18482377,0.0,0.0,0.0,0.0,0.0,0.0,0.0,0.0
6,1,0.3212841,0.36358863,0.0,0.13030349,0.18482377,0.0,0.0,0.0,0.0,0.0,0.0,0.0,0.0
6,1,0.3212841,0.36358863,0.0,0.13030349,0.18482377,0.0,0.0,0.0,0.0,0.0,0.0,0.0,0.0
6,1,0.3212841,0.36358863,0.0,0.13030349,0.18482377,0.0,0.0,0.0,0.0,0.0,0.0,0.0,0.0
6,1,0.3212841,0.36358863,0.0,0.13030349,0.18482377,0.0,0.0,0.0,0.0,0.0,0.0,0.0,0.0
6,1,0.3212841,0.36358863,0.0,0.13030349,0.18482377,0.0,0.0,0.0,0.0,0.0,0.0,0.0,0.0
6,1,0.3212841,0.36358863,0.0,0.13030349,0.18482377,0.0,0.0,0.0,0.0,0.0,0.0,0.0,0.0
6,1,0.3212841,0.36358863,0.0,0.13030349,0.18482377,0.0,0.0,0.0,0.0,0.0,0.0,0.0,0.0
6,1,0.3212841,0.36358863,0.0,0.13030349,0.18482377,0.0,0.0,0.0,0.0,0.0,0.0,0.0,0.0
6,1,0.3212841,0.36358863,0.0,0.13030349,0.18482377,0.0,0.0,0.0,0.0,0.0,0.0,0.0,0.0
6,1,0.3212841,0.36358863,0.0,0.13030349,0.18482377,0.0,0.0,0.0,0.0,0.0,0.0,0.0,0.0
6,1,0.3212841,0.36358863,0.0,0.13030349,0.18482377,0.0,0.0,0.0,0.0,0.0,0.0,0.0,0.0
6,1,0.3212841,0.36358863,0.0,0.13030349,0.18482377,0.0,0.0,0.0,0.0,0.0,0.0,0.0,0.0
6,1,0.3212841,0.36358863,0.0,0.13030349,0.18482377,0.0,0.0,0.0,0.0,0.0,0.0,0.0,0.0
6,1,0.3212841,0.36358863,0.0,0.13030349,0.18482377,0.0,0.0,0.0,0.0,0.0,0.0,0.0,0.0
6,1,0.3212841,0.36358863,0.0,0.13030349,0.18482377,0.0,0.0,0.0,0.0,0.0,0.0,0.0,0.0
6,1,0.3212841,0.36358863,0.0,0.13030349,0.18482377,0.0,0.0,0.0,0.0,0.0,0.0,0.0,0.0
6,1,0.25939584,0.36358866,0.0,0.1921918,0.12307127,0.0,0.0,0.061752513,0.0,0.0,0.0,0.0,0.0
6,1,0.25939584,0.36358866,0.0,0.1921918,0.12307127,0.0,0.0,0.061752513,0.0,0.0,0.0,0.0,0.0
6,1,0.25939584,0.36358866,0.0,0.1921918,0.12307127,0.0,0.0,0.061752513,0.0,0.0,0.0,0.0,0.0
6,1,0.25939584,0.36358866,0.0,0.1921918,0.12307127,0.0,0.0,0.061752513,0.0,0.0,0.0,0.0,0.0
6,1,0.25939584,0.36358866,0.0,0.1921918,0.12307127,0.0,0.0,0.061752513,0.0,0.0,0.0,0.0,0.0
6,1,0.25939584,0.36358866,0.0,0.1921918,0.12307127,0.0,0.0,0.061752513,0.0,0.0,0.0,0.0,0.0
6,1,0.25939584,0.36358866,0.0,0.1921918,0.12307127,0.0,0.0,0.061752513,0.0,0.0,0.0,0.0,0.0
6,1,0.25939584,0.36358866,0.0,0.1921918,0.12307127,0.0,0.0,0.061752513,0.0,0.0,0.0,0.0,0.0
6,1,0.2593958,0.29277876,0.0,0.19219178,0.19388115,0.0,0.0,0.06175251,0.0,0.0,0.0,0.0,0.0
6,1,0.2593958,0.29277876,0.0,0.19219178,0.19388115,0.0,0.0,0.06175251,0.0,0.0,0.0,0.0,0.0
6,1,0.2593958,0.29277876,0.0,0.19219178,0.19388115,0.0,0.0,0.06175251,0.0,0.0,0.0,0.0,0.0
6,1,0.2593958,0.29277876,0.0,0.19219178,0.19388115,0.0,0.0,0.06175251,0.0,0.0,0.0,0.0,0.0
6,1,0.2593958,0.29277876,0.0,0.19219178,0.19388115,0.0,0.0,0.06175251,0.0,0.0,0.0,0.0,0.0
6,1,0.2593958,0.29277876,0.0,0.19219178,0.19388115,0.0,0.0,0.06175251,0.0,0.0,0.0,0.0,0.0
6,1,0.2593958,0.29277876,0.0,0.19219178,0.19388115,0.0,0.0,0.06175251,0.0,0.0,0.0,0.0,0.0
6,1,0.2593958,0.29277876,0.0,0.19219178,0.19388115,0.0,0.0,0.06175251,0.0,0.0,0.0,0.0,0.0
6,0,0.31912696,0.23304762,0.0,0.19219178,0.19388115,0.0,0.0,0.06175251,0.0,0.0,0.0,0.0,0.0
6,0,0.31912696,0.23304762,0.0,0.19219178,0.19388115,0.0,0.0,0.06175251,0.0,0.0,0.0,0.0,0.0
6,0,0.31912696,0.23304762,0.0,0.19219178,0.19388115,0.0,0.0,0.06175251,0.0,0.0,0.0,0.0,0.0
6,0,0.31912696,0.23304762,0.0,0.19219178,0.19388115,0.0,0.0,0.06175251,0.0,0.0,0.0,0.0,0.0
6,0,0.31912696,0.23304762,0.0,0.19219178,0.19388115,0.0,0.0,0.06175251,0.0,0.0,0.0,0.0,0.0
6,0,0.31912696,0.23304762,0.0,0.19219178,0.19388115,0.0,0.0,0.06175251,0.0,0.0,0.0,0.0,0.0
6,0,0.31912696,0.23304762,0.0,0.19219178,0.19388115,0.0,0.0,0.06175251,0.0,0.0,0.0,0.0,0.0
6,0,0.31912696,0.23304762,0.0,0.19219178,0.19388115,0.0,0.0,0.06175251,0.0,0.0,0.0,0.0,0.0
6,0,0.31912696,0.23304762,0.06506362,0.19219178,0.12881753,0.0,0.0,0.06175251,0.0,0.0,0.0,0.0,0.0
6,0,0.31912696,0.23304762,0.06506362,0.19219178,0.12881753,0.0,0.0,0.06175251,0.0,0.0,0.0,0.0,0.0
6,0,0.31912696,0.23304762,0.06506362,0.19219178,0.12881753,0.0,0.0,0.06175251,0.0,0.0,0.0,0.0,0.0
6,0,0.31912696,0.23304762,0.06506362,0.19219178,0.12881753,0.0,0.0,0.06175251,0.0,0.0,0.0,0.0,0.0
6,0,0.31912696,0.23304762,0.06506362,0.19219178,0.12881753,0.0,0.0,0.06175251,0.0,0.0,0.0,0.0,0.0
6,0,0.31912696,0.23304762,0.06506362,0.19219178,0.12881753,0.0,0.0,0.06175251,0.0,0.0,0.0,0.0,0.0
6,0,0.31912696,0.23304762,0.06506362,0.19219178,0.12881753,0.0,0.0,0.06175251,0.0,0.0,0.0,0.0,0.0
6,0,0.31912696,0.23304762,0.06506362,0.19219178,0.12881753,0.0,0.0,0.06175251,0.0,0.0,0.0,0.0,0.0
6,0,0.31912696,0.23304762,0.06506362,0.19219178,0.12881753,0.0,0.0,0.06175251,0.0,0.0,0.0,0.0,0.0
6,0,0.31912696,0.23304762,0.06506362,0.19219178,0.12881753,0.0,0.0,0.06175251,0.0,0.0,0.0,0.0,0.0
6,0,0.31912696,0.23304762,0.06506362,0.19219178,0.12881753,0.0,0.0,0.06175251,0.0,0.0,0.0,0.0,0.0
6,0,0.31912696,0.23304762,0.06506362,0.19219178,0.12881753,0.0,0.0,0.06175251,0.0,0.0,0.0,0.0,0.0
6,0,0.31912696,0.23304762,0.06506362,0.19219178,0.12881753,0.0,0.0,0.06175251,0.0,0.0,0.0,0.0,0.0
6,0,0.31912696,0.23304762,0.06506362,0.19219178,0.12881753,0.0,0.0,0.06175251,0.0,0.0,0.0,0.0,0.0
6,0,0.31912696,0.23304762,0.06506362,0.19219178,0.12881753,0.0,0.0,0.06175251,0.0,0.0,0.0,0.0,0.0
6,0,0.31912696,0.23304762,0.06506362,0.19219178,0.12881753,0.0,0.0,0.06175251,0.0,0.0,0.0,0.0,0.0
6,0,0.31912696,0.23304762,0.06506362,0.19219178,0.07080989,0.0,0.0,0.119760156,0.0,0.0,0.0,0.0,0.0
6,0,0.31912696,0.23304762,0.06506362,0.19219178,0.07080989,0.0,0.0,0.119760156,0.0,0.0,0.0,0.0,0.0
6,0,0.31912696,0.23304762,0.06506362,0.19219178,0.07080989,0.0,0.0,0.119760156,0.0,0.0,0.0,0.0,0.0
6,0,0.31912696,0.23304762,0.06506362,0.19219178,0.07080989,0.0,0.0,0.119760156,0.0,0.0,0.0,0.0,0.0
6,0,0.31912696,0.23304762,0.06506362,0.19219178,0.07080989,0.0,0.0,0.119760156,0.0,0.0,0.0,0.0,0.0
6,0,0.31912696,0.23304762,0.06506362,0.19219178,0.07080989,0.0,0.0,0.119760156,0.0,0.0,0.0,0.0,0.0
6,0,0.31912696,0.23304762,0.06506362,0.19219178,0.07080989,0.0,0.0,0.119760156,0.0,0.0,0.0,0.0,0.0
6,0,0.31912696,0.23304762,0.06506362,0.19219178,0.07080989,0.0,0.0,0.119760156,0.0,0.0,0.0,0.0,0.0
6,0,0.31912696,0.23304762,0.06506362,0.19219178,0.07080989,0.0,0.0,0.119760156,0.0,0.0,0.0,0.0,0.0
6,0,0.31912696,0.23304762,0.06506362,0.19219178,0.07080989,0.0,0.0,0.119760156,0.0,0.0,0.0,0.0,0.0
6,0,0.31912696,0.23304762,0.06506362,0.19219178,0.07080989,0.0,0.0,0.119760156,0.0,0.0,0.0,0.0,0.0
6,0,0.31912696,0.23304762,0.06506362,0.19219178,0.07080989,0.0,0.0,0.119760156,0.0,0.0,0.0,0.0,0.0
6,0,0.31912696,0.23304762,0.06506362,0.19219178,0.07080989,0.0,0.0,0.119760156,0.0,0.0,0.0,0.0,0.0
6,0,0.31912696,0.23304762,0.06506362,0.19219178,0.07080989,0.0,0.0,0.119760156,0.0,0.0,0.0,0.0,0.0
6,0,0.33834386,0.18686393,0.068981566,0.203765,0.07507386,0.0,0.0,0.12697177,0.0,0.0,0.0,0.0,0.0
6,0,0.33834386,0.18686393,0.068981566,0.203765,0.07507386,0.0,0.0,0.12697177,0.0,0.0,0.0,0.0,0.0
6,0,0.33834386,0.18686393,0.068981566,0.203765,0.07507386,0.0,0.0,0.12697177,0.0,0.0,0.0,0.0,0.0
6,0,0.33834386,0.18686393,0.068981566,0.203765,0.07507386,0.0,0.0,0.12697177,0.0,0.0,0.0,0.0,0.0
6,0,0.33834386,0.18686393,0.068981566,0.203765,0.07507386,0.0,0.0,0.12697177,0.0,0.0,0.0,0.0,0.0
6,0,0.33834386,0.18686393,0.068981566,0.203765,0.07507386,0.0,0.0,0.12697177,0.0,0.0,0.0,0.0,0.0
6,0,0.33834386,0.18686393,0.068981566,0.203765,0.07507386,0.0,0.0,0.12697177,0.0,0.0,0.0,0.0,0.0
6,0,0.33834386,0.18686393,0.068981566,0.203765,0.07507386,0.0,0.0,0.12697177,0.0,0.0,0.0,0.0,0.0
6,0,0.33834386,0.18686393,0.068981566,0.203765,0.07507386,0.0,0.0,0.12697177,0.0,0.0,0.0,0.0,0.0
6,0,0.33834386,0.18686393,0.068981566,0.203765,0.07507386,0.0,0.0,0.12697177,0.0,0.0,0.0,0.0,0.0
6,0,0.33834386,0.18686393,0.068981566,0.203765,0.07507386,0.0,0.0,0.12697177,0.0,0.0,0.0,0.0,0.0
6,0,0.33834386,0.18686393,0.068981566,0.203765,0.07507386,0.0,0.0,0.12697177,0.0,0.0,0.0,0.0,0.0
6,0,0.33834386,0.18686393,0.068981566,0.203765,0.07507386,0.0,0.0,0.12697177,0.0,0.0,0.0,0.0,0.0
6,0,0.33834386,0.18686393,0.068981566,0.203765,0.07507386,0.0,0.0,0.12697177,0.0,0.0,0.0,0.0,0.0
6,0,0.33834386,0.18686393,0.0,0.203765,0.07507386,0.0,0.0,0.19595334,0.0,0.0,0.0,0.0,0.0
6,0,0.33834386,0.18686393,0.0,0.203765,0.07507386,0.0,0.0,0.19595334,0.0,0.0,0.0,0.0,0.0
6,0,0.33834386,0.18686393,0.0,0.203765,0.07507386,0.0,0.0,0.19595334,0.0,0.0,0.0,0.0,0.0
6,0,0.33834386,0.18686393,0.0,0.203765,0.07507386,0.0,0.0,0.19595334,0.0,0.0,0.0,0.0,0.0
6,0,0.3383439,0.12653619,0.0,0.20376502,0.07507386,0.0,0.0,0.25628108,0.0,0.0,0.0,0.0,0.0
6,0,0.3383439,0.12653619,0.0,0.20376502,0.07507386,0.0,0.0,0.25628108,0.0,0.0,0.0,0.0,0.0
6,0,0.3383439,0.12653619,0.0,0.20376502,0.07507386,0.0,0.0,0.25628108,0.0,0.0,0.0,0.0,0.0
6,0,0.3383439,0.12653619,0.0,0.20376502,0.07507386,0.0,0.0,0.25628108,0.0,0.0,0.0,0.0,0.0
6,0,0.3383439,0.12653619,0.0,0.20376502,0.07507386,0.0,0.0,0.25628108,0.0,0.0,0.0,0.0,0.0
6,0,0.3383439,0.12653619,0.0,0.20376502,0.07507386,0.0,0.0,0.25628108,0.0,0.0,0.0,0.0,0.0
6,0,0.3383439,0.12653619,0.0,0.20376502,0.07507386,0.0,0.0,0.25628108,0.0,0.0,0.0,0.0,0.0
6,0,0.3383439,0.12653619,0.0,0.20376502,0.07507386,0.0,0.0,0.25628108,0.0,0.0,0.0,0.0,0.0
6,0,0.3383439,0.12653619,0.0,0.20376502,0.07507386,0.0,0.0,0.25628108,0.0,0.0,0.0,0.0,0.0
6,0,0.3383439,0.12653619,0.0,0.20376502,0.07507386,0.0,0.0,0.25628108,0.0,0.0,0.0,0.0,0.0
6,0,0.3383439,0.12653619,0.0,0.20376502,0.07507386,0.0,0.0,0.25628108,0.0,0.0,0.0,0.0,0.0
6,0,0.3383439,0.12653619,0.0,0.20376502,0.07507386,0.0,0.0,0.25628108,0.0,0.0,0.0,0.0,0.0
6,0,0.3383439,0.12653619,0.0,0.20376502,0.07507386,0.0,0.0,0.25628108,0.0,0.0,0.0,0.0,0.0
6,0,0.3383439,0.12653619,0.0,0.20376502,0.07507386,0.0,0.0,0.25628108,0.0,0.0,0.0,0.0,0.0
6,0,0.3383439,0.12653619,0.0,0.20376502,0.07507386,0.0,0.0,0.25628108,0.0,0.0,0.0,0.0,0.0
6,7,0.27339032,0.12653619,0.0,0.203765,0.07507386,0.0,0.0,0.3212346,0.0,0.0,0.0,0.0,0.0
6,7,0.20173715,0.12653619,0.0,0.203765,0.07507386,0.07165317,0.0,0.3212346,0.0,0.0,0.0,0.0,0.0
6,7,0.20173715,0.12653619,0.0,0.203765,0.07507386,0.07165317,0.0,0.3212346,0.0,0.0,0.0,0.0,0.0
6,7,0.20173715,0.12653619,0.0,0.203765,0.07507386,0.07165317,0.0,0.3212346,0.0,0.0,0.0,0.0,0.0
6,7,0.20173715,0.12653619,0.0,0.203765,0.07507386,0.07165317,0.0,0.3212346,0.0,0.0,0.0,0.0,0.0
6,7,0.20173715,0.12653619,0.0,0.203765,0.07507386,0.07165317,0.0,0.3212346,0.0,0.0,0.0,0.0,0.0
6,7,0.20173715,0.12653619,0.0,0.203765,0.07507386,0.07165317,0.0,0.3212346,0.0,0.0,0.0,0.0,0.0
6,7,0.20173715,0.12653619,0.0,0.203765,0.07507386,0.07165317,0.0,0.3212346,0.0,0.0,0.0,0.0,0.0
6,7,0.20173715,0.12653619,0.0,0.203765,0.07507386,0.07165317,0.0,0.3212346,0.0,0.0,0.0,0.0,0.0
6,7,0.20173715,0.12653619,0.0,0.203765,0.07507386,0.07165317,0.0,0.3212346,0.0,0.0,0.0,0.0,0.0
6,7,0.20173715,0.12653619,0.0,0.203765,0.07507386,0.07165317,0.0,0.3212346,0.0,0.0,0.0,0.0,0.0
6,7,0.20173715,0.12653619,0.0,0.203765,0.07507386,0.07165317,0.0,0.3212346,0.0,0.0,0.0,0.0,0.0
6,7,0.20173715,0.12653619,0.0,0.203765,0.07507386,0.07165317,0.0,0.3212346,0.0,0.0,0.0,0.0,0.0
6,7,0.20173715,0.12653619,0.0,0.203765,0.07507386,0.07165317,0.0,0.3212346,0.0,0.0,0.0,0.0,0.0
6,7,0.20173715,0.12653619,0.0,0.203765,0.07507386,0.07165317,0.0,0.3212346,0.0,0.0,0.0,0.0,0.0
6,7,0.20173715,0.12653619,0.0,0.203765,0.07507386,0.07165317,0.0,0.3212346,0.0,0.0,0.0,0.0,0.0
6,7,0.20173715,0.12653619,0.0,0.203765,0.07507386,0.07165317,0.0,0.3212346,0.0,0.0,0.0,0.0,0.0
6,7,0.1326216,0.12653619,0.0,0.13798225,0.07507386,0.07165317,0.0,0.39035013,0.0,0.06578277,0.0,0.0,0.0
6,7,0.1326216,0.12653619,0.0,0.13798225,0.07507386,0.07165317,0.0,0.39035013,0.0,0.06578277,0.0,0.0,0.0
6,7,0.1326216,0.12653619,0.0,0.13798225,0.07507386,0.07165317,0.0,0.39035013,0.0,0.06578277,0.0,0.0,0.0
6,7,0.1326216,0.12653619,0.0,0.13798225,0.07507386,0.07165317,0.0,0.39035013,0.0,0.06578277,0.0,0.0,0.0
6,7,0.063327976,0.12653618,0.0,0.13798223,0.07507385,0.07165317,0.0,0.45964372,0.0,0.06578277,0.0,0.0,0.0
6,7,0.063327976,0.12653618,0.0,0.13798223,0.07507385,0.07165317,0.0,0.45964372,0.0,0.06578277,0.0,0.0,0.0
6,7,0.0,0.12653619,0.0,0.13798225,0.07507386,0.07165317,0.0,0.52297175,0.0,0.06578277,0.0,0.0,0.0
6,7,0.0,0.12653619,0.0,0.13798225,0.07507386,0.07165317,0.0,0.52297175,0.0,0.06578277,0.0,0.0,0.0
6,7,0.0,0.12653619,0.0,0.13798225,0.07507386,0.07165317,0.0,0.52297175,0.0,0.06578277,0.0,0.0,0.0
6,7,0.0,0.12653619,0.0,0.13798225,0.07507386,0.07165317,0.0,0.52297175,0.0,0.06578277,0.0,0.0,0.0
6,7,0.0,0.12653619,0.0,0.13798225,0.07507386,0.07165317,0.0,0.52297175,0.0,0.06578277,0.0,0.0,0.0
6,7,0.0,0.12653619,0.0,0.13798225,0.07507386,0.07165317,0.0,0.52297175,0.0,0.06578277,0.0,0.0,0.0
6,7,0.0,0.12653619,0.0,0.13798225,0.07507386,0.07165317,0.0,0.52297175,0.0,0.06578277,0.0,0.0,0.0
6,7,0.0,0.12653619,0.0,0.13798225,0.07507386,0.07165317,0.0,0.52297175,0.0,0.06578277,0.0,0.0,0.0
6,7,0.0,0.12653619,0.0,0.13798225,0.07507386,0.07165317,0.0,0.52297175,0.0,0.06578277,0.0,0.0,0.0
6,7,0.0,0.12653619,0.0,0.13798225,0.07507386,0.07165317,0.0,0.52297175,0.0,0.06578277,0.0,0.0,0.0
6,7,0.0,0.12653619,0.0,0.13798225,0.07507386,0.07165317,0.0,0.52297175,0.0,0.06578277,0.0,0.0,0.0
6,7,0.0,0.12653619,0.0,0.13798225,0.07507386,0.07165317,0.0,0.52297175,0.0,0.06578277,0.0,0.0,0.0
6,7,0.0,0.12653619,0.0,0.13798225,0.07507386,0.07165317,0.0,0.52297175,0.0,0.06578277,0.0,0.0,0.0
6,7,0.0,0.12653619,0.0,0.13798225,0.07507386,0.07165317,0.0,0.52297175,0.0,0.06578277,0.0,0.0,0.0
6,7,0.0,0.12653619,0.0,0.13798225,0.07507386,0.07165317,0.0,0.52297175,0.0,0.06578277,0.0,0.0,0.0
6,7,0.0,0.12653619,0.0,0.13798225,0.07507386,0.07165317,0.0,0.52297175,0.0,0.06578277,0.0,0.0,0.0
6,7,0.0,0.12653619,0.0,0.13798225,0.07507386,0.07165317,0.0,0.52297175,0.0,0.06578277,0.0,0.0,0.0
6,7,0.0,0.12653619,0.0,0.13798225,0.07507386,0.07165317,0.0,0.52297175,0.0,0.06578277,0.0,0.0,0.0
6,7,0.0,0.12653619,0.0,0.13798225,0.07507386,0.07165317,0.0,0.52297175,0.0,0.06578277,0.0,0.0,0.0
6,7,0.0,0.12653619,0.0,0.13798225,0.07507386,0.07165317,0.0,0.52297175,0.0,0.06578277,0.0,0.0,0.0
6,7,0.0,0.12653619,0.0,0.13798225,0.07507386,0.0,0.0,0.66040766,0.0,0.0,0.0,0.0,0.0
6,7,0.0,0.12653619,0.0,0.13798225,0.07507386,0.0,0.0,0.66040766,0.0,0.0,0.0,0.0,0.0
6,7,0.0,0.12653619,0.0,0.13798225,0.07507386,0.0,0.0,0.66040766,0.0,0.0,0.0,0.0,0.0
6,7,0.0,0.12653619,0.0,0.13798225,0.07507386,0.0,0.0,0.66040766,0.0,0.0,0.0,0.0,0.0
6,7,0.0,0.12653619,0.0,0.13798225,0.07507386,0.0,0.0,0.66040766,0.0,0.0,0.0,0.0,0.0
6,7,0.0,0.12653619,0.0,0.13798225,0.07507386,0.0,0.0,0.66040766,0.0,0.0,0.0,0.0,0.0
6,7,0.0,0.06670857,0.0,0.13798225,0.0,0.0,0.0,0.7202353,0.0,0.07507386,0.0,0.0,0.0
6,7,0.0,0.06670857,0.0,0.13798225,0.0,0.0,0.0,0.7202353,0.0,0.07507386,0.0,0.0,0.0
6,7,0.0,0.06670857,0.0,0.13798225,0.0,0.0,0.0,0.7202353,0.0,0.07507386,0.0,0.0,0.0
6,7,0.0,0.06670857,0.0,0.13798225,0.0,0.0,0.0,0.7202353,0.0,0.07507386,0.0,0.0,0.0
6,7,0.0,0.06670857,0.0,0.13798225,0.0,0.0,0.0,0.7202353,0.0,0.07507386,0.0,0.0,0.0
6,7,0.0,0.06670857,0.0,0.13798225,0.0,0.0,0.0,0.7202353,0.0,0.07507386,0.0,0.0,0.0
6,7,0.0,0.06670857,0.0,0.13798225,0.0,0.0,0.0,0.7202353,0.0,0.07507386,0.0,0.0,0.0
6,7,0.0,0.06670857,0.0,0.13798225,0.0,0.0,0.0,0.7202353,0.0,0.07507386,0.0,0.0,0.0
6,7,0.0,0.0,0.0,0.13798225,0.0,0.0,0.0,0.7869439,0.0,0.07507386,0.0,0.0,0.0
6,7,0.0,0.0,0.0,0.13798225,0.0,0.0,0.0,0.7869439,0.0,0.07507386,0.0,0.0,0.0
6,7,0.0,0.0,0.0,0.13798225,0.0,0.0,0.0,0.7869439,0.0,0.07507386,0.0,0.0,0.0
6,7,0.0,0.0,0.0,0.13798225,0.0,0.0,0.0,0.7869439,0.0,0.07507386,0.0,0.0,0.0
6,7,0.0,0.0,0.0,0.13798225,0.0,0.0,0.0,0.7869439,0.0,0.07507386,0.0,0.0,0.0
6,7,0.0,0.0,0.0,0.13798225,0.0,0.0,0.0,0.7869439,0.0,0.07507386,0.0,0.0,0.0
6,7,0.0,0.0,0.0,0.13798225,0.0,0.0,0.0,0.7869439,0.0,0.07507386,0.0,0.0,0.0
6,7,0.0,0.0,0.0,0.13798225,0.0,0.0,0.0,0.7869439,0.0,0.07507386,0.0,0.0,0.0
6,7,0.0,0.0,0.0,0.13798225,0.0,0.0,0.0,0.7869439,0.0,0.07507386,0.0,0.0,0.0
6,7,0.0,0.0,0.0,0.13798225,0.0,0.0,0.0,0.7869439,0.0,0.07507386,0.0,0.0,0.0
6,7,0.0,0.0,0.0,0.13798225,0.0,0.0,0.0,0.7869439,0.0,0.07507386,0.0,0.0,0.0
6,7,0.0,0.0,0.0,0.13798225,0.0,0.0,0.0,0.7869439,0.0,0.07507386,0.0,0.0,0.0
6,7,0.0,0.0,0.0,0.13798225,0.0,0.0,0.0,0.7869439,0.0,0.07507386,0.0,0.0,0.0
6,7,0.0,0.0,0.0,0.13798225,0.0,0.0,0.0,0.7869439,0.0,0.07507386,0.0,0.0,0.0
6,7,0.0,0.0,0.0,0.13798225,0.0,0.0,0.0,0.7869439,0.0,0.07507386,0.0,0.0,0.0
6,7,0.0,0.0,0.0,0.13798225,0.0,0.0,0.0,0.7869439,0.0,0.07507386,0.0,0.0,0.0
6,7,0.0,0.0,0.0,0.07236723,0.0,0.0,0.0,0.8525589,0.0,0.07507386,0.0,0.0,0.0
6,7,0.0,0.0,0.0,0.07236723,0.0,0.0,0.0,0.8525589,0.0,0.07507386,0.0,0.0,0.0
6,7,0.0,0.0,0.0,0.07236723,0.0,0.0,0.0,0.8525589,0.0,0.07507386,0.0,0.0,0.0
6,7,0.0,0.0,0.0,0.07236723,0.0,0.0,0.0,0.8525589,0.0,0.07507386,0.0,0.0,0.0
6,7,0.0,0.0,0.0,0.07236723,0.0,0.0,0.0,0.8525589,0.0,0.07507386,0.0,0.0,0.0
6,7,0.0,0.0,0.0,0.07236723,0.0,0.0,0.0,0.8525589,0.0,0.07507386,0.0,0.0,0.0
6,7,0.0,0.0,0.0,0.07236723,0.0,0.0,0.0,0.8525589,0.0,0.07507386,0.0,0.0,0.0
6,7,0.0,0.0,0.0,0.07236723,0.0,0.0,0.0,0.8525589,0.0,0.07507386,0.0,0.0,0.0
6,7,0.0,0.0,0.0,0.07236723,0.0,0.0,0.0,0.8525589,0.0,0.07507386,0.0,0.0,0.0
6,7,0.0,0.0,0.0,0.07236723,0.0,0.0,0.0,0.8525589,0.0,0.07507386,0.0,0.0,0.0
6,7,0.0,0.0,0.0,0.07236723,0.0,0.0,0.0,0.8525589,0.0,0.07507386,0.0,0.0,0.0
6,7,0.0,0.0,0.0,0.07236723,0.0,0.0,0.0,0.8525589,0.0,0.07507386,0.0,0.0,0.0
6,7,0.0,0.0,0.0,0.07236723,0.0,0.0,0.0,0.8525589,0.0,0.07507386,0.0,0.0,0.0
6,7,0.0,0.0,0.0,0.07236723,0.0,0.0,0.0,0.8525589,0.0,0.07507386,0.0,0.0,0.0
6,7,0.0,0.0,0.0,0.07236723,0.0,0.0,0.0,0.8525589,0.0,0.07507386,0.0,0.0,0.0
6,7,0.0,0.0,0.0,0.07236723,0.0,0.0,0.0,0.8525589,0.0,0.07507386,0.0,0.0,0.0
6,7,0.0,0.0,0.0,0.07236723,0.0,0.0,0.0,0.8525589,0.0,0.07507386,0.0,0.0,0.0
6,7,0.0,0.0,0.0,0.07236723,0.0,0.0,0.0,0.8525589,0.0,0.07507386,0.0,0.0,0.0
6,7,0.0,0.0,0.0,0.07236723,0.0,0.0,0.0,0.8525589,0.0,0.07507386,0.0,0.0,0.0
6,7,0.0,0.0,0.0,0.07236723,0.0,0.0,0.0,0.8525589,0.0,0.07507386,0.0,0.0,0.0
6,7,0.0,0.0,0.0,0.07236723,0.0,0.0,0.0,0.8525589,0.0,0.07507386,0.0,0.0,0.0
6,7,0.0,0.0,0.0,0.07236723,0.0,0.0,0.0,0.8525589,0.0,0.07507386,0.0,0.0,0.0
6,7,0.0,0.0,0.0,0.07236723,0.0,0.0,0.0,0.8525589,0.0,0.07507386,0.0,0.0,0.0
6,7,0.0,0.0,0.0,0.07236723,0.0,0.0,0.0,0.8525589,0.0,0.07507386,0.0,0.0,0.0
6,7,0.0,0.0,0.0,0.07236723,0.0,0.0,0.0,0.8525589,0.0,0.07507386,0.0,0.0,0.0
6,7,0.0,0.0,0.0,0.07236723,0.0,0.0,0.0,0.8525589,0.0,0.07507386,0.0,0.0,0.0
6,7,0.0,0.0,0.0,0.07236723,0.0,0.0,0.0,0.8525589,0.0,0.07507386,0.0,0.0,0.0
6,7,0.0,0.0,0.0,0.07236723,0.0,0.0,0.0,0.8525589,0.0,0.07507386,0.0,0.0,0.0
6,7,0.0,0.0,0.0,0.07236723,0.0,0.0,0.0,0.8525589,0.0,0.07507386,0.0,0.0,0.0
6,7,0.0,0.0,0.0,0.07236723,0.0,0.0,0.0,0.8525589,0.0,0.07507386,0.0,0.0,0.0
6,7,0.0,0.0,0.0,0.07236723,0.0,0.0,0.0,0.8525589,0.0,0.07507386,0.0,0.0,0.0
6,7,0.0,0.0,0.0,0.07236723,0.0,0.0,0.0,0.8525589,0.0,0.07507386,0.0,0.0,0.0
6,7,0.0,0.0,0.0,0.07236723,0.0,0.0,0.0,0.8525589,0.0,0.07507386,0.0,0.0,0.0
6,7,0.0,0.0,0.0,0.07236723,0.0,0.0,0.0,0.8525589,0.0,0.07507386,0.0,0.0,0.0
6,7,0.0,0.0,0.0,0.07236723,0.0,0.0,0.0,0.8525589,0.0,0.07507386,0.0,0.0,0.0
6,7,0.0,0.0,0.0,0.07236723,0.0,0.0,0.0,0.8525589,0.0,0.07507386,0.0,0.0,0.0
6,7,0.0,0.0,0.0,0.07236723,0.0,0.0,0.0,0.8525589,0.0,0.07507386,0.0,0.0,0.0
6,7,0.0,0.0,0.0,0.07236723,0.0,0.0,0.0,0.8525589,0.0,0.07507386,0.0,0.0,0.0
6,7,0.0,0.0,0.0,0.07236723,0.0,0.0,0.0,0.8525589,0.0,0.07507386,0.0,0.0,0.0
6,7,0.0,0.0,0.0,0.07236723,0.0,0.0,0.0,0.8525589,0.0,0.07507386,0.0,0.0,0.0
6,7,0.0,0.0,0.0,0.07236723,0.0,0.0,0.0,0.8525589,0.0,0.07507386,0.0,0.0,0.0
6,7,0.0,0.0,0.0,0.07236723,0.0,0.0,0.0,0.8525589,0.0,0.07507386,0.0,0.0,0.0
6,7,0.0,0.0,0.0,0.07236723,0.0,0.0,0.0,0.8525589,0.0,0.07507386,0.0,0.0,0.0
6,7,0.0,0.0,0.0,0.07236723,0.0,0.0,0.0,0.8525589,0.0,0.07507386,0.0,0.0,0.0
6,7,0.0,0.0,0.0,0.07236723,0.0,0.0,0.0,0.8525589,0.0,0.07507386,0.0,0.0,0.0
6,7,0.0,0.0,0.0,0.07236723,0.0,0.0,0.0,0.8525589,0.0,0.07507386,0.0,0.0,0.0
6,7,0.0,0.0,0.0,0.07236723,0.0,0.0,0.0,0.8525589,0.0,0.07507386,0.0,0.0,0.0
6,7,0.0,0.0,0.0,0.07236723,0.0,0.0,0.0,0.8525589,0.0,0.07507386,0.0,0.0,0.0
6,7,0.0,0.0,0.0,0.07236723,0.0,0.0,0.0,0.8525589,0.0,0.07507386,0.0,0.0,0.0
6,7,0.0,0.0,0.0,0.07236723,0.0,0.0,0.0,0.8525589,0.0,0.07507386,0.0,0.0,0.0
6,7,0.0,0.0,0.0,0.07236723,0.0,0.0,0.0,0.8525589,0.0,0.07507386,0.0,0.0,0.0
6,7,0.0,0.0,0.0,0.07236723,0.0,0.0,0.0,0.8525589,0.0,0.07507386,0.0,0.0,0.0
6,7,0.0,0.0,0.0,0.07236723,0.0,0.0,0.0,0.8525589,0.0,0.07507386,0.0,0.0,0.0
6,7,0.0,0.0,0.0,0.07236723,0.0,0.0,0.0,0.8525589,0.0,0.07507386,0.0,0.0,0.0
6,7,0.0,0.0,0.0,0.07236723,0.0,0.0,0.0,0.8525589,0.0,0.07507386,0.0,0.0,0.0
6,7,0.0,0.0,0.0,0.07236723,0.0,0.0,0.0,0.8525589,0.0,0.07507386,0.0,0.0,0.0
6,7,0.0,0.0,0.0,0.07236723,0.0,0.0,0.0,0.8525589,0.0,0.07507386,0.0,0.0,0.0
6,7,0.0,0.0,0.0,0.07236723,0.0,0.0,0.0,0.8525589,0.0,0.07507386,0.0,0.0,0.0
6,7,0.0,0.0,0.0,0.07236723,0.0,0.0,0.0,0.8525589,0.0,0.07507386,0.0,0.0,0.0
6,7,0.0,0.0,0.0,0.07236723,0.0,0.0,0.0,0.8525589,0.0,0.07507386,0.0,0.0,0.0
6,7,0.0,0.0,0.0,0.07236723,0.0,0.0,0.0,0.8525589,0.0,0.07507386,0.0,0.0,0.0
6,7,0.0,0.0,0.0,0.07236723,0.0,0.0,0.0,0.8525589,0.0,0.07507386,0.0,0.0,0.0
6,7,0.0,0.0,0.0,0.07236723,0.0,0.0,0.0,0.8525589,0.0,0.07507386,0.0,0.0,0.0
6,7,0.0,0.0,0.0,0.07236723,0.0,0.0,0.0,0.8525589,0.0,0.07507386,0.0,0.0,0.0
6,7,0.0,0.0,0.0,0.07236723,0.0,0.0,0.0,0.8525589,0.0,0.07507386,0.0,0.0,0.0
6,7,0.0,0.0,0.0,0.07236723,0.0,0.0,0.0,0.8525589,0.0,0.07507386,0.0,0.0,0.0
6,7,0.0,0.0,0.0,0.07236723,0.0,0.0,0.0,0.8525589,0.0,0.07507386,0.0,0.0,0.0
6,7,0.0,0.0,0.0,0.07236723,0.0,0.0,0.0,0.8525589,0.0,0.07507386,0.0,0.0,0.0
6,7,0.0,0.0,0.0,0.07236723,0.0,0.0,0.0,0.8525589,0.0,0.07507386,0.0,0.0,0.0
6,7,0.0,0.0,0.0,0.07236723,0.0,0.0,0.0,0.8525589,0.0,0.07507386,0.0,0.0,0.0
6,7,0.0,0.0,0.0,0.07236723,0.0,0.0,0.0,0.8525589,0.0,0.07507386,0.0,0.0,0.0
6,7,0.0,0.0,0.0,0.07236723,0.0,0.0,0.0,0.8525589,0.0,0.07507386,0.0,0.0,0.0
6,7,0.0,0.0,0.0,0.07236723,0.0,0.0,0.0,0.8525589,0.0,0.07507386,0.0,0.0,0.0
6,7,0.0,0.0,0.0,0.07236723,0.0,0.0,0.0,0.8525589,0.0,0.07507386,0.0,0.0,0.0
6,7,0.0,0.0,0.0,0.07236723,0.0,0.0,0.0,0.8525589,0.0,0.07507386,0.0,0.0,0.0
6,7,0.0,0.0,0.0,0.07236723,0.0,0.0,0.0,0.8525589,0.0,0.07507386,0.0,0.0,0.0
6,7,0.0,0.0,0.0,0.07236723,0.0,0.0,0.0,0.8525589,0.0,0.07507386,0.0,0.0,0.0
6,7,0.0,0.0,0.0,0.07236723,0.0,0.0,0.0,0.8525589,0.0,0.07507386,0.0,0.0,0.0
6,7,0.0,0.0,0.0,0.07236723,0.0,0.0,0.0,0.8525589,0.0,0.07507386,0.0,0.0,0.0
6,7,0.0,0.0,0.0,0.06825699,0.0,0.0,0.0,0.8609331,0.0,0.07080989,0.0,0.0,0.0
6,7,0.0,0.0,0.0,0.06825699,0.0,0.0,0.0,0.8609331,0.0,0.07080989,0.0,0.0,0.0
6,7,0.0,0.0,0.0,0.06825699,0.0,0.0,0.0,0.8609331,0.0,0.07080989,0.0,0.0,0.0
6,7,0.0,0.0,0.0,0.06825699,0.0,0.0,0.0,0.8609331,0.0,0.07080989,0.0,0.0,0.0
6,7,0.0,0.0,0.0,0.06825699,0.0,0.0,0.0,0.8609331,0.0,0.07080989,0.0,0.0,0.0
6,7,0.0,0.0,0.0,0.06825699,0.0,0.0,0.0,0.8609331,0.0,0.07080989,0.0,0.0,0.0
6,7,0.0,0.0,0.0,0.06825699,0.0,0.0,0.0,0.8609331,0.0,0.07080989,0.0,0.0,0.0
6,7,0.0,0.0,0.0,0.06825699,0.0,0.0,0.0,0.8609331,0.0,0.07080989,0.0,0.0,0.0
6,7,0.0,0.0,0.0,0.06825699,0.0,0.0,0.0,0.8609331,0.0,0.07080989,0.0,0.0,0.0
6,7,0.0,0.0,0.0,0.06825699,0.0,0.0,0.0,0.8609331,0.0,0.07080989,0.0,0.0,0.0
6,7,0.0,0.0,0.0,0.06825699,0.0,0.0,0.0,0.8609331,0.0,0.07080989,0.0,0.0,0.0
6,7,0.0,0.0,0.0,0.06825699,0.0,0.0,0.0,0.8609331,0.0,0.07080989,0.0,0.0,0.0
6,7,0.0,0.0,0.0,0.06825699,0.0,0.0,0.0,0.8609331,0.0,0.07080989,0.0,0.0,0.0
6,7,0.0,0.0,0.0,0.06825699,0.0,0.0,0.0,0.8609331,0.0,0.07080989,0.0,0.0,0.0
6,7,0.0,0.0,0.0,0.06825699,0.0,0.0,0.0,0.8609331,0.0,0.07080989,0.0,0.0,0.0
6,7,0.0,0.0,0.0,0.06825699,0.0,0.0,0.0,0.8609331,0.0,0.07080989,0.0,0.0,0.0
6,7,0.0,0.0,0.0,0.06825699,0.0,0.0,0.0,0.8609331,0.0,0.07080989,0.0,0.0,0.0
6,7,0.0,0.0,0.0,0.06825699,0.0,0.0,0.0,0.8609331,0.0,0.07080989,0.0,0.0,0.0
6,7,0.0,0.0,0.0,0.06825699,0.0,0.0,0.0,0.8609331,0.0,0.07080989,0.0,0.0,0.0
6,7,0.0,0.0,0.0,0.0,0.0,0.0,0.0,0.9291901,0.0,0.07080989,0.0,0.0,0.0
6,7,0.0,0.0,0.0,0.0,0.0,0.0,0.0,0.9291901,0.0,0.07080989,0.0,0.0,0.0
6,7,0.0,0.0,0.0,0.0,0.0,0.0,0.0,0.9291901,0.0,0.07080989,0.0,0.0,0.0
6,7,0.0,0.0,0.0,0.0,0.0,0.0,0.0,0.9291901,0.0,0.07080989,0.0,0.0,0.0
6,7,0.0,0.0,0.0,0.0,0.0,0.0,0.0,0.9291901,0.0,0.07080989,0.0,0.0,0.0
6,7,0.0,0.0,0.0,0.0,0.0,0.0,0.0,0.9291901,0.0,0.07080989,0.0,0.0,0.0
6,7,0.0,0.0,0.0,0.0,0.0,0.0,0.0,1.0,0.0,0.0,0.0,0.0,0.0
6,7,0.0,0.0,0.0,0.0,0.0,0.0,0.0,1.0,0.0,0.0,0.0,0.0,0.0
6,7,0.0,0.0,0.0,0.0,0.0,0.0,0.0,1.0,0.0,0.0,0.0,0.0,0.0
6,7,0.0,0.0,0.0,0.0,0.0,0.0,0.0,1.0,0.0,0.0,0.0,0.0,0.0
6,7,0.0,0.0,0.0,0.0,0.0,0.0,0.0,1.0,0.0,0.0,0.0,0.0,0.0
6,7,0.0,0.0,0.0,0.0,0.0,0.0,0.0,1.0,0.0,0.0,0.0,0.0,0.0
6,7,0.0,0.0,0.0,0.0,0.0,0.0,0.0,1.0,0.0,0.0,0.0,0.0,0.0
6,7,0.0,0.0,0.0,0.0,0.0,0.0,0.0,1.0,0.0,0.0,0.0,0.0,0.0
6,7,0.0,0.0,0.0,0.0,0.0,0.0,0.0,1.0,0.0,0.0,0.0,0.0,0.0
6,7,0.0,0.0,0.0,0.0,0.0,0.0,0.0,1.0,0.0,0.0,0.0,0.0,0.0
6,7,0.0,0.0,0.0,0.0,0.0,0.0,0.0,1.0,0.0,0.0,0.0,0.0,0.0
6,7,0.0,0.0,0.0,0.0,0.0,0.0,0.0,1.0,0.0,0.0,0.0,0.0,0.0
6,7,0.0,0.0,0.0,0.0,0.0,0.0,0.0,1.0,0.0,0.0,0.0,0.0,0.0
6,7,0.0,0.0,0.0,0.0,0.0,0.0,0.0,1.0,0.0,0.0,0.0,0.0,0.0
6,7,0.0,0.0,0.0,0.0,0.0,0.0,0.0,1.0,0.0,0.0,0.0,0.0,0.0
6,7,0.0,0.0,0.0,0.0,0.0,0.0,0.0,1.0,0.0,0.0,0.0,0.0,0.0
6,7,0.0,0.0,0.0,0.0,0.0,0.0,0.0,1.0,0.0,0.0,0.0,0.0,0.0
6,7,0.0,0.0,0.0,0.0,0.0,0.0,0.0,1.0,0.0,0.0,0.0,0.0,0.0
6,7,0.0,0.0,0.0,0.0,0.0,0.0,0.0,1.0,0.0,0.0,0.0,0.0,0.0
6,7,0.0,0.0,0.0,0.0,0.0,0.0,0.0,1.0,0.0,0.0,0.0,0.0,0.0
6,7,0.0,0.0,0.0,0.0,0.0,0.0,0.0,1.0,0.0,0.0,0.0,0.0,0.0
6,7,0.0,0.0,0.0,0.0,0.0,0.0,0.0,1.0,0.0,0.0,0.0,0.0,0.0
6,7,0.0,0.0,0.0,0.0,0.0,0.0,0.0,1.0,0.0,0.0,0.0,0.0,0.0
6,7,0.0,0.0,0.0,0.0,0.0,0.0,0.0,1.0,0.0,0.0,0.0,0.0,0.0
6,7,0.0,0.0,0.0,0.0,0.0,0.0,0.0,1.0,0.0,0.0,0.0,0.0,0.0
6,7,0.0,0.0,0.0,0.0,0.0,0.0,0.0,1.0,0.0,0.0,0.0,0.0,0.0
6,7,0.0,0.0,0.0,0.0,0.0,0.0,0.0,1.0,0.0,0.0,0.0,0.0,0.0
6,7,0.0,0.0,0.0,0.0,0.0,0.0,0.0,1.0,0.0,0.0,0.0,0.0,0.0
6,7,0.0,0.0,0.0,0.0,0.0,0.0,0.0,1.0,0.0,0.0,0.0,0.0,0.0
6,7,0.0,0.0,0.0,0.0,0.0,0.0,0.0,1.0,0.0,0.0,0.0,0.0,0.0
6,7,0.0,0.0,0.0,0.0,0.0,0.0,0.0,1.0,0.0,0.0,0.0,0.0,0.0
6,7,0.0,0.0,0.0,0.0,0.0,0.0,0.0,1.0,0.0,0.0,0.0,0.0,0.0
6,7,0.0,0.0,0.0,0.0,0.0,0.0,0.0,1.0,0.0,0.0,0.0,0.0,0.0
6,7,0.0,0.0,0.0,0.0,0.0,0.0,0.0,1.0,0.0,0.0,0.0,0.0,0.0
6,7,0.0,0.0,0.0,0.0,0.0,0.0,0.0,1.0,0.0,0.0,0.0,0.0,0.0
6,7,0.0,0.0,0.0,0.0,0.0,0.0,0.0,1.0,0.0,0.0,0.0,0.0,0.0
6,7,0.0,0.0,0.0,0.0,0.0,0.0,0.0,1.0,0.0,0.0,0.0,0.0,0.0
6,7,0.0,0.0,0.0,0.0,0.0,0.0,0.0,1.0,0.0,0.0,0.0,0.0,0.0
6,7,0.0,0.0,0.0,0.0,0.0,0.0,0.0,1.0,0.0,0.0,0.0,0.0,0.0
6,7,0.0,0.0,0.0,0.0,0.0,0.0,0.0,1.0,0.0,0.0,0.0,0.0,0.0
6,7,0.0,0.0,0.0,0.0,0.0,0.0,0.0,1.0,0.0,0.0,0.0,0.0,0.0
6,7,0.0,0.0,0.0,0.0,0.0,0.0,0.0,1.0,0.0,0.0,0.0,0.0,0.0
6,7,0.0,0.0,0.0,0.0,0.0,0.0,0.0,1.0,0.0,0.0,0.0,0.0,0.0
6,7,0.0,0.0,0.0,0.0,0.0,0.0,0.0,1.0,0.0,0.0,0.0,0.0,0.0
6,7,0.0,0.0,0.0,0.0,0.0,0.0,0.0,1.0,0.0,0.0,0.0,0.0,0.0
6,7,0.0,0.0,0.0,0.0,0.0,0.0,0.0,1.0,0.0,0.0,0.0,0.0,0.0
6,7,0.0,0.0,0.0,0.0,0.0,0.0,0.0,1.0,0.0,0.0,0.0,0.0,0.0
6,7,0.0,0.0,0.0,0.0,0.0,0.0,0.0,1.0,0.0,0.0,0.0,0.0,0.0
6,7,0.0,0.0,0.0,0.0,0.0,0.0,0.0,1.0,0.0,0.0,0.0,0.0,0.0
6,7,0.0,0.0,0.0,0.0,0.0,0.0,0.0,1.0,0.0,0.0,0.0,0.0,0.0
6,7,0.0,0.0,0.0,0.0,0.0,0.0,0.0,1.0,0.0,0.0,0.0,0.0,0.0
6,7,0.0,0.0,0.0,0.0,0.0,0.0,0.0,1.0,0.0,0.0,0.0,0.0,0.0
6,7,0.0,0.0,0.0,0.0,0.0,0.0,0.0,1.0,0.0,0.0,0.0,0.0,0.0
6,7,0.0,0.0,0.0,0.0,0.0,0.0,0.0,1.0,0.0,0.0,0.0,0.0,0.0
6,7,0.0,0.0,0.0,0.0,0.0,0.0,0.0,1.0,0.0,0.0,0.0,0.0,0.0
6,7,0.0,0.0,0.0,0.0,0.0,0.0,0.0,1.0,0.0,0.0,0.0,0.0,0.0
6,7,0.0,0.0,0.0,0.0,0.0,0.0,0.0,1.0,0.0,0.0,0.0,0.0,0.0
6,7,0.0,0.0,0.0,0.0,0.0,0.0,0.0,1.0,0.0,0.0,0.0,0.0,0.0
6,7,0.0,0.0,0.0,0.0,0.0,0.0,0.0,1.0,0.0,0.0,0.0,0.0,0.0
6,7,0.0,0.0,0.0,0.0,0.0,0.0,0.0,1.0,0.0,0.0,0.0,0.0,0.0
6,7,0.0,0.0,0.0,0.0,0.0,0.0,0.0,1.0,0.0,0.0,0.0,0.0,0.0
6,7,0.0,0.0,0.0,0.0,0.0,0.0,0.0,1.0,0.0,0.0,0.0,0.0,0.0
6,7,0.0,0.0,0.0,0.0,0.0,0.0,0.0,1.0,0.0,0.0,0.0,0.0,0.0
6,7,0.0,0.0,0.0,0.0,0.0,0.0,0.0,1.0,0.0,0.0,0.0,0.0,0.0
6,7,0.0,0.0,0.0,0.0,0.0,0.0,0.0,1.0,0.0,0.0,0.0,0.0,0.0
6,7,0.0,0.0,0.0,0.0,0.0,0.0,0.0,1.0,0.0,0.0,0.0,0.0,0.0
6,7,0.0,0.0,0.0,0.0,0.0,0.0,0.0,1.0,0.0,0.0,0.0,0.0,0.0
6,7,0.0,0.0,0.0,0.0,0.0,0.0,0.0,1.0,0.0,0.0,0.0,0.0,0.0
6,7,0.0,0.0,0.0,0.0,0.0,0.0,0.0,1.0,0.0,0.0,0.0,0.0,0.0
6,7,0.0,0.0,0.0,0.0,0.0,0.0,0.0,1.0,0.0,0.0,0.0,0.0,0.0
6,7,0.0,0.0,0.0,0.0,0.0,0.0,0.0,1.0,0.0,0.0,0.0,0.0,0.0
6,7,0.0,0.0,0.0,0.0,0.0,0.0,0.0,1.0,0.0,0.0,0.0,0.0,0.0
6,7,0.0,0.0,0.0,0.0,0.0,0.0,0.0,1.0,0.0,0.0,0.0,0.0,0.0
6,7,0.0,0.0,0.0,0.0,0.0,0.0,0.0,1.0,0.0,0.0,0.0,0.0,0.0
6,7,0.0,0.0,0.0,0.0,0.0,0.0,0.0,1.0,0.0,0.0,0.0,0.0,0.0
6,7,0.0,0.0,0.0,0.0,0.0,0.0,0.0,1.0,0.0,0.0,0.0,0.0,0.0
6,7,0.0,0.0,0.0,0.0,0.0,0.0,0.0,1.0,0.0,0.0,0.0,0.0,0.0
6,7,0.0,0.0,0.0,0.0,0.0,0.0,0.0,1.0,0.0,0.0,0.0,0.0,0.0
6,7,0.0,0.0,0.0,0.0,0.0,0.0,0.0,1.0,0.0,0.0,0.0,0.0,0.0
6,7,0.0,0.0,0.0,0.0,0.0,0.0,0.0,1.0,0.0,0.0,0.0,0.0,0.0
6,7,0.0,0.0,0.0,0.0,0.0,0.0,0.0,1.0,0.0,0.0,0.0,0.0,0.0
6,7,0.0,0.0,0.0,0.0,0.0,0.0,0.0,1.0,0.0,0.0,0.0,0.0,0.0
6,7,0.0,0.0,0.0,0.0,0.0,0.0,0.0,1.0,0.0,0.0,0.0,0.0,0.0
6,7,0.0,0.0,0.0,0.0,0.0,0.0,0.0,1.0,0.0,0.0,0.0,0.0,0.0
6,7,0.0,0.0,0.0,0.0,0.0,0.0,0.0,1.0,0.0,0.0,0.0,0.0,0.0
6,7,0.0,0.0,0.0,0.0,0.0,0.0,0.0,1.0,0.0,0.0,0.0,0.0,0.0
6,7,0.0,0.0,0.0,0.0,0.0,0.0,0.0,1.0,0.0,0.0,0.0,0.0,0.0
6,7,0.0,0.0,0.0,0.0,0.0,0.0,0.0,1.0,0.0,0.0,0.0,0.0,0.0
6,7,0.0,0.0,0.0,0.0,0.0,0.0,0.0,1.0,0.0,0.0,0.0,0.0,0.0
6,7,0.0,0.0,0.0,0.0,0.0,0.0,0.0,1.0,0.0,0.0,0.0,0.0,0.0
6,7,0.0,0.0,0.0,0.0,0.0,0.0,0.0,1.0,0.0,0.0,0.0,0.0,0.0
6,7,0.0,0.0,0.0,0.0,0.0,0.0,0.0,1.0,0.0,0.0,0.0,0.0,0.0
6,7,0.0,0.0,0.0,0.0,0.0,0.0,0.0,1.0,0.0,0.0,0.0,0.0,0.0
6,7,0.0,0.0,0.0,0.0,0.0,0.0,0.0,1.0,0.0,0.0,0.0,0.0,0.0
6,7,0.0,0.0,0.0,0.0,0.0,0.0,0.0,1.0,0.0,0.0,0.0,0.0,0.0
6,7,0.0,0.0,0.0,0.0,0.0,0.0,0.0,1.0,0.0,0.0,0.0,0.0,0.0
6,7,0.0,0.0,0.0,0.0,0.0,0.0,0.0,1.0,0.0,0.0,0.0,0.0,0.0
6,7,0.0,0.0,0.0,0.0,0.0,0.0,0.0,1.0,0.0,0.0,0.0,0.0,0.0
6,7,0.0,0.0,0.0,0.0,0.0,0.0,0.0,1.0,0.0,0.0,0.0,0.0,0.0
6,7,0.0,0.0,0.0,0.0,0.0,0.0,0.0,1.0,0.0,0.0,0.0,0.0,0.0
6,7,0.0,0.0,0.0,0.0,0.0,0.0,0.0,1.0,0.0,0.0,0.0,0.0,0.0
6,7,0.0,0.0,0.0,0.0,0.0,0.0,0.0,1.0,0.0,0.0,0.0,0.0,0.0
6,7,0.0,0.0,0.0,0.0,0.0,0.0,0.0,1.0,0.0,0.0,0.0,0.0,0.0
6,7,0.0,0.0,0.0,0.0,0.0,0.0,0.0,1.0,0.0,0.0,0.0,0.0,0.0
6,7,0.0,0.0,0.0,0.0,0.0,0.0,0.0,1.0,0.0,0.0,0.0,0.0,0.0
6,7,0.0,0.0,0.0,0.0,0.0,0.0,0.0,1.0,0.0,0.0,0.0,0.0,0.0
6,7,0.0,0.0,0.0,0.0,0.0,0.0,0.0,1.0,0.0,0.0,0.0,0.0,0.0
6,7,0.0,0.0,0.0,0.0,0.0,0.0,0.0,1.0,0.0,0.0,0.0,0.0,0.0
6,7,0.0,0.0,0.0,0.0,0.0,0.0,0.0,1.0,0.0,0.0,0.0,0.0,0.0
6,7,0.0,0.0,0.0,0.0,0.0,0.0,0.0,1.0,0.0,0.0,0.0,0.0,0.0
6,7,0.0,0.0,0.0,0.0,0.0,0.0,0.0,1.0,0.0,0.0,0.0,0.0,0.0
6,7,0.0,0.0,0.0,0.0,0.0,0.0,0.0,1.0,0.0,0.0,0.0,0.0,0.0
6,7,0.0,0.0,0.0,0.0,0.0,0.0,0.0,1.0,0.0,0.0,0.0,0.0,0.0
6,7,0.0,0.0,0.0,0.0,0.0,0.0,0.0,1.0,0.0,0.0,0.0,0.0,0.0
6,7,0.0,0.0,0.0,0.0,0.0,0.0,0.0,1.0,0.0,0.0,0.0,0.0,0.0
6,7,0.0,0.0,0.0,0.0,0.0,0.0,0.0,1.0,0.0,0.0,0.0,0.0,0.0
6,7,0.0,0.0,0.0,0.0,0.0,0.0,0.0,1.0,0.0,0.0,0.0,0.0,0.0
6,7,0.0,0.0,0.0,0.0,0.0,0.0,0.0,1.0,0.0,0.0,0.0,0.0,0.0
6,7,0.0,0.0,0.0,0.0,0.0,0.0,0.0,1.0,0.0,0.0,0.0,0.0,0.0
6,7,0.0,0.0,0.0,0.0,0.0,0.0,0.0,1.0,0.0,0.0,0.0,0.0,0.0
6,7,0.0,0.0,0.0,0.0,0.0,0.0,0.0,1.0,0.0,0.0,0.0,0.0,0.0
6,7,0.0,0.0,0.0,0.0,0.0,0.0,0.0,1.0,0.0,0.0,0.0,0.0,0.0
6,7,0.0,0.0,0.0,0.0,0.0,0.0,0.0,1.0,0.0,0.0,0.0,0.0,0.0
6,7,0.0,0.0,0.0,0.0,0.0,0.0,0.0,1.0,0.0,0.0,0.0,0.0,0.0
6,7,0.0,0.0,0.0,0.0,0.0,0.0,0.0,1.0,0.0,0.0,0.0,0.0,0.0
6,7,0.0,0.0,0.0,0.0,0.0,0.0,0.0,1.0,0.0,0.0,0.0,0.0,0.0
6,7,0.0,0.0,0.0,0.0,0.0,0.0,0.0,1.0,0.0,0.0,0.0,0.0,0.0
6,7,0.0,0.0,0.0,0.0,0.0,0.0,0.0,1.0,0.0,0.0,0.0,0.0,0.0
6,7,0.0,0.0,0.0,0.0,0.0,0.0,0.0,1.0,0.0,0.0,0.0,0.0,0.0
6,7,0.0,0.0,0.0,0.0,0.0,0.0,0.0,1.0,0.0,0.0,0.0,0.0,0.0
6,7,0.0,0.0,0.0,0.0,0.0,0.0,0.0,1.0,0.0,0.0,0.0,0.0,0.0
6,7,0.0,0.0,0.0,0.0,0.0,0.0,0.0,1.0,0.0,0.0,0.0,0.0,0.0
6,7,0.0,0.0,0.0,0.0,0.0,0.0,0.0,1.0,0.0,0.0,0.0,0.0,0.0
6,7,0.0,0.0,0.0,0.0,0.0,0.0,0.0,1.0,0.0,0.0,0.0,0.0,0.0
6,7,0.0,0.0,0.0,0.0,0.0,0.0,0.0,1.0,0.0,0.0,0.0,0.0,0.0
6,7,0.0,0.0,0.0,0.0,0.0,0.0,0.0,1.0,0.0,0.0,0.0,0.0,0.0
6,7,0.0,0.0,0.0,0.0,0.0,0.0,0.0,1.0,0.0,0.0,0.0,0.0,0.0
6,7,0.0,0.0,0.0,0.0,0.0,0.0,0.0,1.0,0.0,0.0,0.0,0.0,0.0
6,7,0.0,0.0,0.0,0.0,0.0,0.0,0.0,1.0,0.0,0.0,0.0,0.0,0.0
6,7,0.0,0.0,0.0,0.0,0.0,0.0,0.0,1.0,0.0,0.0,0.0,0.0,0.0
6,7,0.0,0.0,0.0,0.0,0.0,0.0,0.0,1.0,0.0,0.0,0.0,0.0,0.0
6,7,0.0,0.0,0.0,0.0,0.0,0.0,0.0,1.0,0.0,0.0,0.0,0.0,0.0
6,7,0.0,0.0,0.0,0.0,0.0,0.0,0.0,1.0,0.0,0.0,0.0,0.0,0.0
6,7,0.0,0.0,0.0,0.0,0.0,0.0,0.0,1.0,0.0,0.0,0.0,0.0,0.0
6,7,0.0,0.0,0.0,0.0,0.0,0.0,0.0,1.0,0.0,0.0,0.0,0.0,0.0
6,7,0.0,0.0,0.0,0.0,0.0,0.0,0.0,1.0,0.0,0.0,0.0,0.0,0.0
6,7,0.0,0.0,0.0,0.0,0.0,0.0,0.0,1.0,0.0,0.0,0.0,0.0,0.0
6,7,0.0,0.0,0.0,0.0,0.0,0.0,0.0,1.0,0.0,0.0,0.0,0.0,0.0
6,7,0.0,0.0,0.0,0.0,0.0,0.0,0.0,1.0,0.0,0.0,0.0,0.0,0.0
6,7,0.0,0.0,0.0,0.0,0.0,0.0,0.0,1.0,0.0,0.0,0.0,0.0,0.0
6,7,0.0,0.0,0.0,0.0,0.0,0.0,0.0,1.0,0.0,0.0,0.0,0.0,0.0
6,7,0.0,0.0,0.0,0.0,0.0,0.0,0.0,1.0,0.0,0.0,0.0,0.0,0.0
6,7,0.0,0.0,0.0,0.0,0.0,0.0,0.0,1.0,0.0,0.0,0.0,0.0,0.0
6,7,0.0,0.0,0.0,0.0,0.0,0.0,0.0,1.0,0.0,0.0,0.0,0.0,0.0
6,7,0.0,0.0,0.0,0.0,0.0,0.0,0.0,1.0,0.0,0.0,0.0,0.0,0.0
6,7,0.0,0.0,0.0,0.0,0.0,0.0,0.0,1.0,0.0,0.0,0.0,0.0,0.0
6,7,0.0,0.0,0.0,0.0,0.0,0.0,0.0,1.0,0.0,0.0,0.0,0.0,0.0
6,7,0.0,0.0,0.0,0.0,0.0,0.0,0.0,1.0,0.0,0.0,0.0,0.0,0.0
6,7,0.0,0.0,0.0,0.0,0.0,0.0,0.0,1.0,0.0,0.0,0.0,0.0,0.0
6,7,0.0,0.0,0.0,0.0,0.0,0.0,0.0,1.0,0.0,0.0,0.0,0.0,0.0
6,7,0.0,0.0,0.0,0.0,0.0,0.0,0.0,1.0,0.0,0.0,0.0,0.0,0.0
6,7,0.0,0.0,0.0,0.0,0.0,0.0,0.0,1.0,0.0,0.0,0.0,0.0,0.0
6,7,0.0,0.0,0.0,0.0,0.0,0.0,0.0,1.0,0.0,0.0,0.0,0.0,0.0
6,7,0.0,0.0,0.0,0.0,0.0,0.0,0.0,1.0,0.0,0.0,0.0,0.0,0.0
6,7,0.0,0.0,0.0,0.0,0.0,0.0,0.0,1.0,0.0,0.0,0.0,0.0,0.0
6,7,0.0,0.0,0.0,0.0,0.0,0.0,0.0,1.0,0.0,0.0,0.0,0.0,0.0
6,7,0.0,0.0,0.0,0.0,0.0,0.0,0.0,1.0,0.0,0.0,0.0,0.0,0.0
6,7,0.0,0.0,0.0,0.0,0.0,0.0,0.0,1.0,0.0,0.0,0.0,0.0,0.0
6,7,0.0,0.0,0.0,0.0,0.0,0.0,0.0,1.0,0.0,0.0,0.0,0.0,0.0
6,7,0.0,0.0,0.0,0.0,0.0,0.0,0.0,1.0,0.0,0.0,0.0,0.0,0.0
6,7,0.0,0.0,0.0,0.0,0.0,0.0,0.0,1.0,0.0,0.0,0.0,0.0,0.0
6,7,0.0,0.0,0.0,0.0,0.0,0.0,0.0,1.0,0.0,0.0,0.0,0.0,0.0
6,7,0.0,0.0,0.0,0.0,0.0,0.0,0.0,1.0,0.0,0.0,0.0,0.0,0.0
6,7,0.0,0.0,0.0,0.0,0.0,0.0,0.0,1.0,0.0,0.0,0.0,0.0,0.0
6,7,0.0,0.0,0.0,0.0,0.0,0.0,0.0,1.0,0.0,0.0,0.0,0.0,0.0
6,7,0.0,0.0,0.0,0.0,0.0,0.0,0.0,1.0,0.0,0.0,0.0,0.0,0.0
6,7,0.0,0.0,0.0,0.0,0.0,0.0,0.0,1.0,0.0,0.0,0.0,0.0,0.0
6,7,0.0,0.0,0.0,0.0,0.0,0.0,0.0,1.0,0.0,0.0,0.0,0.0,0.0
6,7,0.0,0.0,0.0,0.0,0.0,0.0,0.0,1.0,0.0,0.0,0.0,0.0,0.0
6,7,0.0,0.0,0.0,0.0,0.0,0.0,0.0,1.0,0.0,0.0,0.0,0.0,0.0
6,7,0.0,0.0,0.0,0.0,0.0,0.0,0.0,1.0,0.0,0.0,0.0,0.0,0.0
6,7,0.0,0.0,0.0,0.0,0.0,0.0,0.0,1.0,0.0,0.0,0.0,0.0,0.0
6,7,0.0,0.0,0.0,0.0,0.0,0.0,0.0,1.0,0.0,0.0,0.0,0.0,0.0
6,7,0.0,0.0,0.0,0.0,0.0,0.0,0.0,1.0,0.0,0.0,0.0,0.0,0.0
6,7,0.0,0.0,0.0,0.0,0.0,0.0,0.0,1.0,0.0,0.0,0.0,0.0,0.0
6,7,0.0,0.0,0.0,0.0,0.0,0.0,0.0,1.0,0.0,0.0,0.0,0.0,0.0
6,7,0.0,0.0,0.0,0.0,0.0,0.0,0.0,1.0,0.0,0.0,0.0,0.0,0.0
6,7,0.0,0.0,0.0,0.0,0.0,0.0,0.0,1.0,0.0,0.0,0.0,0.0,0.0
6,7,0.0,0.0,0.0,0.0,0.0,0.0,0.0,1.0,0.0,0.0,0.0,0.0,0.0
6,7,0.0,0.0,0.0,0.0,0.0,0.0,0.0,1.0,0.0,0.0,0.0,0.0,0.0
6,7,0.0,0.0,0.0,0.0,0.0,0.0,0.0,1.0,0.0,0.0,0.0,0.0,0.0
6,7,0.0,0.0,0.0,0.0,0.0,0.0,0.0,1.0,0.0,0.0,0.0,0.0,0.0
6,7,0.0,0.0,0.0,0.0,0.0,0.0,0.0,1.0,0.0,0.0,0.0,0.0,0.0
6,7,0.0,0.0,0.0,0.0,0.0,0.0,0.0,1.0,0.0,0.0,0.0,0.0,0.0
6,7,0.0,0.0,0.0,0.0,0.0,0.0,0.0,1.0,0.0,0.0,0.0,0.0,0.0
6,7,0.0,0.0,0.0,0.0,0.0,0.0,0.0,1.0,0.0,0.0,0.0,0.0,0.0
6,7,0.0,0.0,0.0,0.0,0.0,0.0,0.0,1.0,0.0,0.0,0.0,0.0,0.0
6,7,0.0,0.0,0.0,0.0,0.0,0.0,0.0,1.0,0.0,0.0,0.0,0.0,0.0
6,7,0.0,0.0,0.0,0.0,0.0,0.0,0.0,1.0,0.0,0.0,0.0,0.0,0.0
6,7,0.0,0.0,0.0,0.0,0.0,0.0,0.0,1.0,0.0,0.0,0.0,0.0,0.0
6,7,0.0,0.0,0.0,0.0,0.0,0.0,0.0,1.0,0.0,0.0,0.0,0.0,0.0
6,7,0.0,0.0,0.0,0.0,0.0,0.0,0.0,1.0,0.0,0.0,0.0,0.0,0.0
6,7,0.0,0.0,0.0,0.0,0.0,0.0,0.0,1.0,0.0,0.0,0.0,0.0,0.0
6,7,0.0,0.0,0.0,0.0,0.0,0.0,0.0,1.0,0.0,0.0,0.0,0.0,0.0
6,7,0.0,0.0,0.0,0.0,0.0,0.0,0.0,1.0,0.0,0.0,0.0,0.0,0.0
6,7,0.0,0.0,0.0,0.0,0.0,0.0,0.0,1.0,0.0,0.0,0.0,0.0,0.0
6,7,0.0,0.0,0.0,0.0,0.0,0.0,0.0,1.0,0.0,0.0,0.0,0.0,0.0
6,7,0.0,0.0,0.0,0.0,0.0,0.0,0.0,1.0,0.0,0.0,0.0,0.0,0.0
6,7,0.0,0.0,0.0,0.0,0.0,0.0,0.0,1.0,0.0,0.0,0.0,0.0,0.0
6,7,0.0,0.0,0.0,0.0,0.0,0.0,0.0,1.0,0.0,0.0,0.0,0.0,0.0
6,7,0.0,0.0,0.0,0.0,0.0,0.0,0.0,1.0,0.0,0.0,0.0,0.0,0.0
6,7,0.0,0.0,0.0,0.0,0.0,0.0,0.0,1.0,0.0,0.0,0.0,0.0,0.0
6,7,0.0,0.0,0.0,0.0,0.0,0.0,0.0,1.0,0.0,0.0,0.0,0.0,0.0
6,7,0.0,0.0,0.0,0.0,0.0,0.0,0.0,1.0,0.0,0.0,0.0,0.0,0.0
6,7,0.0,0.0,0.0,0.0,0.0,0.0,0.0,1.0,0.0,0.0,0.0,0.0,0.0
6,7,0.0,0.0,0.0,0.0,0.0,0.0,0.0,1.0,0.0,0.0,0.0,0.0,0.0
6,7,0.0,0.0,0.0,0.0,0.0,0.0,0.0,1.0,0.0,0.0,0.0,0.0,0.0
6,7,0.0,0.0,0.0,0.0,0.0,0.0,0.0,1.0,0.0,0.0,0.0,0.0,0.0
6,7,0.0,0.0,0.0,0.0,0.0,0.0,0.0,1.0,0.0,0.0,0.0,0.0,0.0
6,7,0.0,0.0,0.0,0.0,0.0,0.0,0.0,1.0,0.0,0.0,0.0,0.0,0.0
6,7,0.0,0.0,0.0,0.0,0.0,0.0,0.0,1.0,0.0,0.0,0.0,0.0,0.0
6,7,0.0,0.0,0.0,0.0,0.0,0.0,0.0,1.0,0.0,0.0,0.0,0.0,0.0
6,7,0.0,0.0,0.0,0.0,0.0,0.0,0.0,1.0,0.0,0.0,0.0,0.0,0.0
6,7,0.0,0.0,0.0,0.0,0.0,0.0,0.0,1.0,0.0,0.0,0.0,0.0,0.0
6,7,0.0,0.0,0.0,0.0,0.0,0.0,0.0,1.0,0.0,0.0,0.0,0.0,0.0
6,7,0.0,0.0,0.0,0.0,0.0,0.0,0.0,1.0,0.0,0.0,0.0,0.0,0.0
6,7,0.0,0.0,0.0,0.0,0.0,0.0,0.0,1.0,0.0,0.0,0.0,0.0,0.0
6,7,0.0,0.0,0.0,0.0,0.0,0.0,0.0,1.0,0.0,0.0,0.0,0.0,0.0
6,7,0.0,0.0,0.0,0.0,0.0,0.0,0.0,1.0,0.0,0.0,0.0,0.0,0.0
6,7,0.0,0.0,0.0,0.0,0.0,0.0,0.0,1.0,0.0,0.0,0.0,0.0,0.0
6,7,0.0,0.0,0.0,0.0,0.0,0.0,0.0,1.0,0.0,0.0,0.0,0.0,0.0
6,7,0.0,0.0,0.0,0.0,0.0,0.0,0.0,1.0,0.0,0.0,0.0,0.0,0.0
6,7,0.0,0.0,0.0,0.0,0.0,0.0,0.0,1.0,0.0,0.0,0.0,0.0,0.0
6,7,0.0,0.0,0.0,0.0,0.0,0.0,0.0,1.0,0.0,0.0,0.0,0.0,0.0
6,7,0.0,0.0,0.0,0.0,0.0,0.0,0.0,1.0,0.0,0.0,0.0,0.0,0.0
6,7,0.0,0.0,0.0,0.0,0.0,0.0,0.0,1.0,0.0,0.0,0.0,0.0,0.0
6,7,0.0,0.0,0.0,0.0,0.0,0.0,0.0,1.0,0.0,0.0,0.0,0.0,0.0
6,7,0.0,0.0,0.0,0.0,0.0,0.0,0.0,1.0,0.0,0.0,0.0,0.0,0.0
6,7,0.0,0.0,0.0,0.0,0.0,0.0,0.0,1.0,0.0,0.0,0.0,0.0,0.0
6,7,0.0,0.0,0.0,0.0,0.0,0.0,0.0,1.0,0.0,0.0,0.0,0.0,0.0
6,7,0.0,0.0,0.0,0.0,0.0,0.0,0.0,1.0,0.0,0.0,0.0,0.0,0.0
6,7,0.0,0.0,0.0,0.0,0.0,0.0,0.0,1.0,0.0,0.0,0.0,0.0,0.0
6,7,0.0,0.0,0.0,0.0,0.0,0.0,0.0,1.0,0.0,0.0,0.0,0.0,0.0
6,7,0.0,0.0,0.0,0.0,0.0,0.0,0.0,1.0,0.0,0.0,0.0,0.0,0.0
6,7,0.0,0.0,0.0,0.0,0.0,0.0,0.0,1.0,0.0,0.0,0.0,0.0,0.0
6,7,0.0,0.0,0.0,0.0,0.0,0.0,0.0,1.0,0.0,0.0,0.0,0.0,0.0
6,7,0.0,0.0,0.0,0.0,0.0,0.0,0.0,1.0,0.0,0.0,0.0,0.0,0.0
6,7,0.0,0.0,0.0,0.0,0.0,0.0,0.0,1.0,0.0,0.0,0.0,0.0,0.0
6,7,0.0,0.0,0.0,0.0,0.0,0.0,0.0,1.0,0.0,0.0,0.0,0.0,0.0
6,7,0.0,0.0,0.0,0.0,0.0,0.0,0.0,1.0,0.0,0.0,0.0,0.0,0.0
6,7,0.0,0.0,0.0,0.0,0.0,0.0,0.0,1.0,0.0,0.0,0.0,0.0,0.0
6,7,0.0,0.0,0.0,0.0,0.0,0.0,0.0,1.0,0.0,0.0,0.0,0.0,0.0
6,7,0.0,0.0,0.0,0.0,0.0,0.0,0.0,1.0,0.0,0.0,0.0,0.0,0.0
6,7,0.0,0.0,0.0,0.0,0.0,0.0,0.0,1.0,0.0,0.0,0.0,0.0,0.0
6,7,0.0,0.0,0.0,0.0,0.0,0.0,0.0,1.0,0.0,0.0,0.0,0.0,0.0
6,7,0.0,0.0,0.0,0.0,0.0,0.0,0.0,1.0,0.0,0.0,0.0,0.0,0.0
6,7,0.0,0.0,0.0,0.0,0.0,0.0,0.0,1.0,0.0,0.0,0.0,0.0,0.0
6,7,0.0,0.0,0.0,0.0,0.0,0.0,0.0,1.0,0.0,0.0,0.0,0.0,0.0
6,7,0.0,0.0,0.0,0.0,0.0,0.0,0.0,1.0,0.0,0.0,0.0,0.0,0.0
6,7,0.0,0.0,0.0,0.0,0.0,0.0,0.0,1.0,0.0,0.0,0.0,0.0,0.0
6,7,0.0,0.0,0.0,0.0,0.0,0.0,0.0,1.0,0.0,0.0,0.0,0.0,0.0
6,7,0.0,0.0,0.0,0.0,0.0,0.0,0.0,1.0,0.0,0.0,0.0,0.0,0.0
6,7,0.0,0.0,0.0,0.0,0.0,0.0,0.0,1.0,0.0,0.0,0.0,0.0,0.0
6,7,0.0,0.0,0.0,0.0,0.0,0.0,0.0,1.0,0.0,0.0,0.0,0.0,0.0
6,7,0.0,0.0,0.0,0.0,0.0,0.0,0.0,1.0,0.0,0.0,0.0,0.0,0.0
6,7,0.0,0.0,0.0,0.0,0.0,0.0,0.0,1.0,0.0,0.0,0.0,0.0,0.0
6,7,0.0,0.0,0.0,0.0,0.0,0.0,0.0,1.0,0.0,0.0,0.0,0.0,0.0
6,7,0.0,0.0,0.0,0.0,0.0,0.0,0.0,1.0,0.0,0.0,0.0,0.0,0.0
6,7,0.0,0.0,0.0,0.0,0.0,0.0,0.0,1.0,0.0,0.0,0.0,0.0,0.0
6,7,0.0,0.0,0.0,0.0,0.0,0.0,0.0,1.0,0.0,0.0,0.0,0.0,0.0
6,7,0.0,0.0,0.0,0.0,0.0,0.0,0.0,1.0,0.0,0.0,0.0,0.0,0.0
6,7,0.0,0.0,0.0,0.0,0.0,0.0,0.0,1.0,0.0,0.0,0.0,0.0,0.0
6,7,0.0,0.0,0.0,0.0,0.0,0.0,0.0,1.0,0.0,0.0,0.0,0.0,0.0
6,7,0.0,0.0,0.0,0.0,0.0,0.0,0.0,1.0,0.0,0.0,0.0,0.0,0.0
6,7,0.0,0.0,0.0,0.0,0.0,0.0,0.0,1.0,0.0,0.0,0.0,0.0,0.0
6,7,0.0,0.0,0.0,0.0,0.0,0.0,0.0,1.0,0.0,0.0,0.0,0.0,0.0
6,7,0.0,0.0,0.0,0.0,0.0,0.0,0.0,1.0,0.0,0.0,0.0,0.0,0.0
6,7,0.0,0.0,0.0,0.0,0.0,0.0,0.0,1.0,0.0,0.0,0.0,0.0,0.0
6,7,0.0,0.0,0.0,0.0,0.0,0.0,0.0,1.0,0.0,0.0,0.0,0.0,0.0
6,7,0.0,0.0,0.0,0.0,0.0,0.0,0.0,1.0,0.0,0.0,0.0,0.0,0.0
6,7,0.0,0.0,0.0,0.0,0.0,0.0,0.0,1.0,0.0,0.0,0.0,0.0,0.0
6,7,0.0,0.0,0.0,0.0,0.0,0.0,0.0,1.0,0.0,0.0,0.0,0.0,0.0
6,7,0.0,0.0,0.0,0.0,0.0,0.0,0.0,1.0,0.0,0.0,0.0,0.0,0.0
6,7,0.0,0.0,0.0,0.0,0.0,0.0,0.0,1.0,0.0,0.0,0.0,0.0,0.0
6,7,0.0,0.0,0.0,0.0,0.0,0.0,0.0,1.0,0.0,0.0,0.0,0.0,0.0
6,7,0.0,0.0,0.0,0.0,0.0,0.0,0.0,1.0,0.0,0.0,0.0,0.0,0.0
6,7,0.0,0.0,0.0,0.0,0.0,0.0,0.0,1.0,0.0,0.0,0.0,0.0,0.0
6,7,0.0,0.0,0.0,0.0,0.0,0.0,0.0,1.0,0.0,0.0,0.0,0.0,0.0
6,7,0.0,0.0,0.0,0.0,0.0,0.0,0.0,1.0,0.0,0.0,0.0,0.0,0.0
6,7,0.0,0.0,0.0,0.0,0.0,0.0,0.0,1.0,0.0,0.0,0.0,0.0,0.0
6,7,0.0,0.0,0.0,0.0,0.0,0.0,0.0,1.0,0.0,0.0,0.0,0.0,0.0
6,7,0.0,0.0,0.0,0.0,0.0,0.0,0.0,1.0,0.0,0.0,0.0,0.0,0.0
6,7,0.0,0.0,0.0,0.0,0.0,0.0,0.0,1.0,0.0,0.0,0.0,0.0,0.0
6,7,0.0,0.0,0.0,0.0,0.0,0.0,0.0,1.0,0.0,0.0,0.0,0.0,0.0
6,7,0.0,0.0,0.0,0.0,0.0,0.0,0.0,1.0,0.0,0.0,0.0,0.0,0.0
6,7,0.0,0.0,0.0,0.0,0.0,0.0,0.0,1.0,0.0,0.0,0.0,0.0,0.0
6,7,0.0,0.0,0.0,0.0,0.0,0.0,0.0,1.0,0.0,0.0,0.0,0.0,0.0
6,7,0.0,0.0,0.0,0.0,0.0,0.0,0.0,1.0,0.0,0.0,0.0,0.0,0.0
6,7,0.0,0.0,0.0,0.0,0.0,0.0,0.0,1.0,0.0,0.0,0.0,0.0,0.0
6,7,0.0,0.0,0.0,0.0,0.0,0.0,0.0,1.0,0.0,0.0,0.0,0.0,0.0
6,7,0.0,0.0,0.0,0.0,0.0,0.0,0.0,1.0,0.0,0.0,0.0,0.0,0.0
6,7,0.0,0.0,0.0,0.0,0.0,0.0,0.0,1.0,0.0,0.0,0.0,0.0,0.0
6,7,0.0,0.0,0.0,0.0,0.0,0.0,0.0,1.0,0.0,0.0,0.0,0.0,0.0
6,7,0.0,0.0,0.0,0.0,0.0,0.0,0.0,1.0,0.0,0.0,0.0,0.0,0.0
6,7,0.0,0.0,0.0,0.0,0.0,0.0,0.0,1.0,0.0,0.0,0.0,0.0,0.0
6,7,0.0,0.0,0.0,0.0,0.0,0.0,0.0,1.0,0.0,0.0,0.0,0.0,0.0
6,7,0.0,0.0,0.0,0.0,0.0,0.0,0.0,1.0,0.0,0.0,0.0,0.0,0.0
6,7,0.0,0.0,0.0,0.0,0.0,0.0,0.0,1.0,0.0,0.0,0.0,0.0,0.0
6,7,0.0,0.0,0.0,0.0,0.0,0.0,0.0,1.0,0.0,0.0,0.0,0.0,0.0
6,7,0.0,0.0,0.0,0.0,0.0,0.0,0.0,1.0,0.0,0.0,0.0,0.0,0.0
6,7,0.0,0.0,0.0,0.0,0.0,0.0,0.0,1.0,0.0,0.0,0.0,0.0,0.0
6,7,0.0,0.0,0.0,0.0,0.0,0.0,0.0,1.0,0.0,0.0,0.0,0.0,0.0
6,7,0.0,0.0,0.0,0.0,0.0,0.0,0.0,1.0,0.0,0.0,0.0,0.0,0.0
6,7,0.0,0.0,0.0,0.0,0.0,0.0,0.0,1.0,0.0,0.0,0.0,0.0,0.0
6,7,0.0,0.0,0.0,0.0,0.0,0.0,0.0,1.0,0.0,0.0,0.0,0.0,0.0
6,7,0.0,0.0,0.0,0.0,0.0,0.0,0.0,1.0,0.0,0.0,0.0,0.0,0.0
6,7,0.0,0.0,0.0,0.0,0.0,0.0,0.0,1.0,0.0,0.0,0.0,0.0,0.0
6,7,0.0,0.0,0.0,0.0,0.0,0.0,0.0,1.0,0.0,0.0,0.0,0.0,0.0
6,7,0.0,0.0,0.0,0.0,0.0,0.0,0.0,1.0,0.0,0.0,0.0,0.0,0.0
6,7,0.0,0.0,0.0,0.0,0.0,0.0,0.0,1.0,0.0,0.0,0.0,0.0,0.0
6,7,0.0,0.0,0.0,0.0,0.0,0.0,0.0,1.0,0.0,0.0,0.0,0.0,0.0
6,7,0.0,0.0,0.0,0.0,0.0,0.0,0.0,1.0,0.0,0.0,0.0,0.0,0.0
6,7,0.0,0.0,0.0,0.0,0.0,0.0,0.0,1.0,0.0,0.0,0.0,0.0,0.0
6,7,0.0,0.0,0.0,0.0,0.0,0.0,0.0,1.0,0.0,0.0,0.0,0.0,0.0
6,7,0.0,0.0,0.0,0.0,0.0,0.0,0.0,1.0,0.0,0.0,0.0,0.0,0.0
6,7,0.0,0.0,0.0,0.0,0.0,0.0,0.0,1.0,0.0,0.0,0.0,0.0,0.0
6,7,0.0,0.0,0.0,0.0,0.0,0.0,0.0,1.0,0.0,0.0,0.0,0.0,0.0
6,7,0.0,0.0,0.0,0.0,0.0,0.0,0.0,1.0,0.0,0.0,0.0,0.0,0.0
6,7,0.0,0.0,0.0,0.0,0.0,0.0,0.0,1.0,0.0,0.0,0.0,0.0,0.0
6,7,0.0,0.0,0.0,0.0,0.0,0.0,0.0,1.0,0.0,0.0,0.0,0.0,0.0
6,7,0.0,0.0,0.0,0.0,0.0,0.0,0.0,1.0,0.0,0.0,0.0,0.0,0.0
6,7,0.0,0.0,0.0,0.0,0.0,0.0,0.0,1.0,0.0,0.0,0.0,0.0,0.0
6,7,0.0,0.0,0.0,0.0,0.0,0.0,0.0,1.0,0.0,0.0,0.0,0.0,0.0
6,7,0.0,0.0,0.0,0.0,0.0,0.0,0.0,1.0,0.0,0.0,0.0,0.0,0.0
6,7,0.0,0.0,0.0,0.0,0.0,0.0,0.0,1.0,0.0,0.0,0.0,0.0,0.0
6,7,0.0,0.0,0.0,0.0,0.0,0.0,0.0,1.0,0.0,0.0,0.0,0.0,0.0
6,7,0.0,0.0,0.0,0.0,0.0,0.0,0.0,1.0,0.0,0.0,0.0,0.0,0.0
6,7,0.0,0.0,0.0,0.0,0.0,0.0,0.0,1.0,0.0,0.0,0.0,0.0,0.0
6,7,0.0,0.0,0.0,0.0,0.0,0.0,0.0,1.0,0.0,0.0,0.0,0.0,0.0
6,7,0.0,0.0,0.0,0.0,0.0,0.0,0.0,1.0,0.0,0.0,0.0,0.0,0.0
6,7,0.0,0.0,0.0,0.0,0.0,0.0,0.0,1.0,0.0,0.0,0.0,0.0,0.0
6,7,0.0,0.0,0.0,0.0,0.0,0.0,0.0,1.0,0.0,0.0,0.0,0.0,0.0
6,7,0.0,0.0,0.0,0.0,0.0,0.0,0.0,1.0,0.0,0.0,0.0,0.0,0.0
6,7,0.0,0.0,0.0,0.0,0.0,0.0,0.0,1.0,0.0,0.0,0.0,0.0,0.0
6,7,0.0,0.0,0.0,0.0,0.0,0.0,0.0,1.0,0.0,0.0,0.0,0.0,0.0
6,7,0.0,0.0,0.0,0.0,0.0,0.0,0.0,1.0,0.0,0.0,0.0,0.0,0.0
6,7,0.0,0.0,0.0,0.0,0.0,0.0,0.0,1.0,0.0,0.0,0.0,0.0,0.0
6,7,0.0,0.0,0.0,0.0,0.0,0.0,0.0,1.0,0.0,0.0,0.0,0.0,0.0
6,7,0.0,0.0,0.0,0.0,0.0,0.0,0.0,1.0,0.0,0.0,0.0,0.0,0.0
6,7,0.0,0.0,0.0,0.0,0.0,0.0,0.0,1.0,0.0,0.0,0.0,0.0,0.0
6,7,0.0,0.0,0.0,0.0,0.0,0.0,0.0,1.0,0.0,0.0,0.0,0.0,0.0
6,7,0.0,0.0,0.0,0.0,0.0,0.0,0.0,1.0,0.0,0.0,0.0,0.0,0.0
6,7,0.0,0.0,0.0,0.0,0.0,0.0,0.0,1.0,0.0,0.0,0.0,0.0,0.0
6,7,0.0,0.0,0.0,0.0,0.0,0.0,0.0,1.0,0.0,0.0,0.0,0.0,0.0
6,7,0.0,0.0,0.0,0.0,0.0,0.0,0.0,1.0,0.0,0.0,0.0,0.0,0.0
6,7,0.0,0.0,0.0,0.0,0.0,0.0,0.0,1.0,0.0,0.0,0.0,0.0,0.0
6,7,0.0,0.0,0.0,0.0,0.0,0.0,0.0,1.0,0.0,0.0,0.0,0.0,0.0
6,7,0.0,0.0,0.0,0.0,0.0,0.0,0.0,1.0,0.0,0.0,0.0,0.0,0.0
6,7,0.0,0.0,0.0,0.0,0.0,0.0,0.0,1.0,0.0,0.0,0.0,0.0,0.0
6,7,0.0,0.0,0.0,0.0,0.0,0.0,0.0,1.0,0.0,0.0,0.0,0.0,0.0
6,7,0.0,0.0,0.0,0.0,0.0,0.0,0.0,1.0,0.0,0.0,0.0,0.0,0.0
6,7,0.0,0.0,0.0,0.0,0.0,0.0,0.0,1.0,0.0,0.0,0.0,0.0,0.0
6,7,0.0,0.0,0.0,0.0,0.0,0.0,0.0,1.0,0.0,0.0,0.0,0.0,0.0
6,7,0.0,0.0,0.0,0.0,0.0,0.0,0.0,1.0,0.0,0.0,0.0,0.0,0.0
6,7,0.0,0.0,0.0,0.0,0.0,0.0,0.0,1.0,0.0,0.0,0.0,0.0,0.0
6,7,0.0,0.0,0.0,0.0,0.0,0.0,0.0,1.0,0.0,0.0,0.0,0.0,0.0
6,7,0.0,0.0,0.0,0.0,0.0,0.0,0.0,1.0,0.0,0.0,0.0,0.0,0.0
6,7,0.0,0.0,0.0,0.0,0.0,0.0,0.0,1.0,0.0,0.0,0.0,0.0,0.0
6,7,0.0,0.0,0.0,0.0,0.0,0.0,0.0,1.0,0.0,0.0,0.0,0.0,0.0
6,7,0.0,0.0,0.0,0.0,0.0,0.0,0.0,1.0,0.0,0.0,0.0,0.0,0.0
6,7,0.0,0.0,0.0,0.0,0.0,0.0,0.0,1.0,0.0,0.0,0.0,0.0,0.0
6,7,0.0,0.0,0.0,0.0,0.0,0.0,0.0,1.0,0.0,0.0,0.0,0.0,0.0
6,7,0.0,0.0,0.0,0.0,0.0,0.0,0.0,1.0,0.0,0.0,0.0,0.0,0.0
6,7,0.0,0.0,0.0,0.0,0.0,0.0,0.0,1.0,0.0,0.0,0.0,0.0,0.0
6,7,0.0,0.0,0.0,0.0,0.0,0.0,0.0,1.0,0.0,0.0,0.0,0.0,0.0
6,7,0.0,0.0,0.0,0.0,0.0,0.0,0.0,1.0,0.0,0.0,0.0,0.0,0.0
6,7,0.0,0.0,0.0,0.0,0.0,0.0,0.0,1.0,0.0,0.0,0.0,0.0,0.0
6,7,0.0,0.0,0.0,0.0,0.0,0.0,0.0,1.0,0.0,0.0,0.0,0.0,0.0
6,7,0.0,0.0,0.0,0.0,0.0,0.0,0.0,1.0,0.0,0.0,0.0,0.0,0.0
6,7,0.0,0.0,0.0,0.0,0.0,0.0,0.0,1.0,0.0,0.0,0.0,0.0,0.0
6,7,0.0,0.0,0.0,0.0,0.0,0.0,0.0,1.0,0.0,0.0,0.0,0.0,0.0
6,7,0.0,0.0,0.0,0.0,0.0,0.0,0.0,1.0,0.0,0.0,0.0,0.0,0.0
6,7,0.0,0.0,0.0,0.0,0.0,0.0,0.0,1.0,0.0,0.0,0.0,0.0,0.0
6,7,0.0,0.0,0.0,0.0,0.0,0.0,0.0,1.0,0.0,0.0,0.0,0.0,0.0
6,7,0.0,0.0,0.0,0.0,0.0,0.0,0.0,1.0,0.0,0.0,0.0,0.0,0.0
6,7,0.0,0.0,0.0,0.0,0.0,0.0,0.0,1.0,0.0,0.0,0.0,0.0,0.0
6,7,0.0,0.0,0.0,0.0,0.0,0.0,0.0,1.0,0.0,0.0,0.0,0.0,0.0
6,7,0.0,0.0,0.0,0.0,0.0,0.0,0.0,1.0,0.0,0.0,0.0,0.0,0.0
6,7,0.0,0.0,0.0,0.0,0.0,0.0,0.0,1.0,0.0,0.0,0.0,0.0,0.0
6,7,0.0,0.0,0.0,0.0,0.0,0.0,0.0,1.0,0.0,0.0,0.0,0.0,0.0
6,7,0.0,0.0,0.0,0.0,0.0,0.0,0.0,1.0,0.0,0.0,0.0,0.0,0.0
6,7,0.0,0.0,0.0,0.0,0.0,0.0,0.0,1.0,0.0,0.0,0.0,0.0,0.0
6,7,0.0,0.0,0.0,0.0,0.0,0.0,0.0,1.0,0.0,0.0,0.0,0.0,0.0
6,7,0.0,0.0,0.0,0.0,0.0,0.0,0.0,1.0,0.0,0.0,0.0,0.0,0.0
6,7,0.0,0.0,0.0,0.0,0.0,0.0,0.0,1.0,0.0,0.0,0.0,0.0,0.0
6,7,0.0,0.0,0.0,0.0,0.0,0.0,0.0,1.0,0.0,0.0,0.0,0.0,0.0
6,7,0.0,0.0,0.0,0.0,0.0,0.0,0.0,1.0,0.0,0.0,0.0,0.0,0.0
6,7,0.0,0.0,0.0,0.0,0.0,0.0,0.0,1.0,0.0,0.0,0.0,0.0,0.0
6,7,0.0,0.0,0.0,0.0,0.0,0.0,0.0,1.0,0.0,0.0,0.0,0.0,0.0
6,7,0.0,0.0,0.0,0.0,0.0,0.0,0.0,1.0,0.0,0.0,0.0,0.0,0.0
6,7,0.0,0.0,0.0,0.0,0.0,0.0,0.0,1.0,0.0,0.0,0.0,0.0,0.0
6,7,0.0,0.0,0.0,0.0,0.0,0.0,0.0,1.0,0.0,0.0,0.0,0.0,0.0
6,7,0.0,0.0,0.0,0.0,0.0,0.0,0.0,1.0,0.0,0.0,0.0,0.0,0.0
6,7,0.0,0.0,0.0,0.0,0.0,0.0,0.0,1.0,0.0,0.0,0.0,0.0,0.0
6,7,0.0,0.0,0.0,0.0,0.0,0.0,0.0,1.0,0.0,0.0,0.0,0.0,0.0
6,7,0.0,0.0,0.0,0.0,0.0,0.0,0.0,1.0,0.0,0.0,0.0,0.0,0.0
6,7,0.0,0.0,0.0,0.0,0.0,0.0,0.0,1.0,0.0,0.0,0.0,0.0,0.0
6,7,0.0,0.0,0.0,0.0,0.0,0.0,0.0,1.0,0.0,0.0,0.0,0.0,0.0
6,7,0.0,0.0,0.0,0.0,0.0,0.0,0.0,1.0,0.0,0.0,0.0,0.0,0.0
6,7,0.0,0.0,0.0,0.0,0.0,0.0,0.0,1.0,0.0,0.0,0.0,0.0,0.0
6,7,0.0,0.0,0.0,0.0,0.0,0.0,0.0,1.0,0.0,0.0,0.0,0.0,0.0
6,7,0.0,0.0,0.0,0.0,0.0,0.0,0.0,1.0,0.0,0.0,0.0,0.0,0.0
6,7,0.0,0.0,0.0,0.0,0.0,0.0,0.0,1.0,0.0,0.0,0.0,0.0,0.0
6,7,0.0,0.0,0.0,0.0,0.0,0.0,0.0,1.0,0.0,0.0,0.0,0.0,0.0
6,7,0.0,0.0,0.0,0.0,0.0,0.0,0.0,1.0,0.0,0.0,0.0,0.0,0.0
6,7,0.0,0.0,0.0,0.0,0.0,0.0,0.0,1.0,0.0,0.0,0.0,0.0,0.0
6,7,0.0,0.0,0.0,0.0,0.0,0.0,0.0,1.0,0.0,0.0,0.0,0.0,0.0
6,7,0.0,0.0,0.0,0.0,0.0,0.0,0.0,1.0,0.0,0.0,0.0,0.0,0.0
6,7,0.0,0.0,0.0,0.0,0.0,0.0,0.0,1.0,0.0,0.0,0.0,0.0,0.0
6,7,0.0,0.0,0.0,0.0,0.0,0.0,0.0,1.0,0.0,0.0,0.0,0.0,0.0
6,7,0.0,0.0,0.0,0.0,0.0,0.0,0.0,1.0,0.0,0.0,0.0,0.0,0.0
6,7,0.0,0.0,0.0,0.0,0.0,0.0,0.0,1.0,0.0,0.0,0.0,0.0,0.0
6,7,0.0,0.0,0.0,0.0,0.0,0.0,0.0,1.0,0.0,0.0,0.0,0.0,0.0
6,7,0.0,0.0,0.0,0.0,0.0,0.0,0.0,1.0,0.0,0.0,0.0,0.0,0.0
6,7,0.0,0.0,0.0,0.0,0.0,0.0,0.0,1.0,0.0,0.0,0.0,0.0,0.0
6,7,0.0,0.0,0.0,0.0,0.0,0.0,0.0,1.0,0.0,0.0,0.0,0.0,0.0
6,7,0.0,0.0,0.0,0.0,0.0,0.0,0.0,1.0,0.0,0.0,0.0,0.0,0.0
6,7,0.0,0.0,0.0,0.0,0.0,0.0,0.0,1.0,0.0,0.0,0.0,0.0,0.0
6,7,0.0,0.0,0.0,0.0,0.0,0.0,0.0,1.0,0.0,0.0,0.0,0.0,0.0
6,7,0.0,0.0,0.0,0.0,0.0,0.0,0.0,1.0,0.0,0.0,0.0,0.0,0.0
6,7,0.0,0.0,0.0,0.0,0.0,0.0,0.0,1.0,0.0,0.0,0.0,0.0,0.0
6,7,0.0,0.0,0.0,0.0,0.0,0.0,0.0,1.0,0.0,0.0,0.0,0.0,0.0
6,7,0.0,0.0,0.0,0.0,0.0,0.0,0.0,1.0,0.0,0.0,0.0,0.0,0.0
6,7,0.0,0.0,0.0,0.0,0.0,0.0,0.0,1.0,0.0,0.0,0.0,0.0,0.0
6,7,0.0,0.0,0.0,0.0,0.0,0.0,0.0,1.0,0.0,0.0,0.0,0.0,0.0
6,7,0.0,0.0,0.0,0.0,0.0,0.0,0.0,1.0,0.0,0.0,0.0,0.0,0.0
6,7,0.0,0.0,0.0,0.0,0.0,0.0,0.0,1.0,0.0,0.0,0.0,0.0,0.0
6,7,0.0,0.0,0.0,0.0,0.0,0.0,0.0,1.0,0.0,0.0,0.0,0.0,0.0
6,7,0.0,0.0,0.0,0.0,0.0,0.0,0.0,1.0,0.0,0.0,0.0,0.0,0.0
6,7,0.0,0.0,0.0,0.0,0.0,0.0,0.0,1.0,0.0,0.0,0.0,0.0,0.0
6,7,0.0,0.0,0.0,0.0,0.0,0.0,0.0,1.0,0.0,0.0,0.0,0.0,0.0
6,7,0.0,0.0,0.0,0.0,0.0,0.0,0.0,1.0,0.0,0.0,0.0,0.0,0.0
6,7,0.0,0.0,0.0,0.0,0.0,0.0,0.0,1.0,0.0,0.0,0.0,0.0,0.0
6,7,0.0,0.0,0.0,0.0,0.0,0.0,0.0,1.0,0.0,0.0,0.0,0.0,0.0
6,7,0.0,0.0,0.0,0.0,0.0,0.0,0.0,1.0,0.0,0.0,0.0,0.0,0.0
6,7,0.0,0.0,0.0,0.0,0.0,0.0,0.0,1.0,0.0,0.0,0.0,0.0,0.0
6,7,0.0,0.0,0.0,0.0,0.0,0.0,0.0,1.0,0.0,0.0,0.0,0.0,0.0
6,7,0.0,0.0,0.0,0.0,0.0,0.0,0.0,1.0,0.0,0.0,0.0,0.0,0.0
6,7,0.0,0.0,0.0,0.0,0.0,0.0,0.0,1.0,0.0,0.0,0.0,0.0,0.0
6,7,0.0,0.0,0.0,0.0,0.0,0.0,0.0,1.0,0.0,0.0,0.0,0.0,0.0
6,7,0.0,0.0,0.0,0.0,0.0,0.0,0.0,1.0,0.0,0.0,0.0,0.0,0.0
6,7,0.0,0.0,0.0,0.0,0.0,0.0,0.0,1.0,0.0,0.0,0.0,0.0,0.0
6,7,0.0,0.0,0.0,0.0,0.0,0.0,0.0,1.0,0.0,0.0,0.0,0.0,0.0
6,7,0.0,0.0,0.0,0.0,0.0,0.0,0.0,1.0,0.0,0.0,0.0,0.0,0.0
6,7,0.0,0.0,0.0,0.0,0.0,0.0,0.0,1.0,0.0,0.0,0.0,0.0,0.0
6,7,0.0,0.0,0.0,0.0,0.0,0.0,0.0,1.0,0.0,0.0,0.0,0.0,0.0
6,7,0.0,0.0,0.0,0.0,0.0,0.0,0.0,1.0,0.0,0.0,0.0,0.0,0.0
6,7,0.0,0.0,0.0,0.0,0.0,0.0,0.0,1.0,0.0,0.0,0.0,0.0,0.0
6,7,0.0,0.0,0.0,0.0,0.0,0.0,0.0,1.0,0.0,0.0,0.0,0.0,0.0
6,7,0.0,0.0,0.0,0.0,0.0,0.0,0.0,1.0,0.0,0.0,0.0,0.0,0.0
6,7,0.0,0.0,0.0,0.0,0.0,0.0,0.0,1.0,0.0,0.0,0.0,0.0,0.0
6,7,0.0,0.0,0.0,0.0,0.0,0.0,0.0,1.0,0.0,0.0,0.0,0.0,0.0
6,7,0.0,0.0,0.0,0.0,0.0,0.0,0.0,1.0,0.0,0.0,0.0,0.0,0.0
6,7,0.0,0.0,0.0,0.0,0.0,0.0,0.0,1.0,0.0,0.0,0.0,0.0,0.0
6,7,0.0,0.0,0.0,0.0,0.0,0.0,0.0,1.0,0.0,0.0,0.0,0.0,0.0
6,7,0.0,0.0,0.0,0.0,0.0,0.0,0.0,1.0,0.0,0.0,0.0,0.0,0.0
6,7,0.0,0.0,0.0,0.0,0.0,0.0,0.0,1.0,0.0,0.0,0.0,0.0,0.0
6,7,0.0,0.0,0.0,0.0,0.0,0.0,0.0,1.0,0.0,0.0,0.0,0.0,0.0
6,7,0.0,0.0,0.0,0.0,0.0,0.0,0.0,1.0,0.0,0.0,0.0,0.0,0.0
6,7,0.0,0.0,0.0,0.0,0.0,0.0,0.0,1.0,0.0,0.0,0.0,0.0,0.0
6,7,0.0,0.0,0.0,0.0,0.0,0.0,0.0,1.0,0.0,0.0,0.0,0.0,0.0
6,7,0.0,0.0,0.0,0.0,0.0,0.0,0.0,1.0,0.0,0.0,0.0,0.0,0.0
6,7,0.0,0.0,0.0,0.0,0.0,0.0,0.0,1.0,0.0,0.0,0.0,0.0,0.0
6,7,0.0,0.0,0.0,0.0,0.0,0.0,0.0,1.0,0.0,0.0,0.0,0.0,0.0
6,7,0.0,0.0,0.0,0.0,0.0,0.0,0.0,1.0,0.0,0.0,0.0,0.0,0.0
6,7,0.0,0.0,0.0,0.0,0.0,0.0,0.0,1.0,0.0,0.0,0.0,0.0,0.0
6,7,0.0,0.0,0.0,0.0,0.0,0.0,0.0,1.0,0.0,0.0,0.0,0.0,0.0
6,7,0.0,0.0,0.0,0.0,0.0,0.0,0.0,1.0,0.0,0.0,0.0,0.0,0.0
6,7,0.0,0.0,0.0,0.0,0.0,0.0,0.0,1.0,0.0,0.0,0.0,0.0,0.0
6,7,0.0,0.0,0.0,0.0,0.0,0.0,0.0,1.0,0.0,0.0,0.0,0.0,0.0
6,7,0.0,0.0,0.0,0.0,0.0,0.0,0.0,1.0,0.0,0.0,0.0,0.0,0.0
6,7,0.0,0.0,0.0,0.0,0.0,0.0,0.0,1.0,0.0,0.0,0.0,0.0,0.0
6,7,0.0,0.0,0.0,0.0,0.0,0.0,0.0,1.0,0.0,0.0,0.0,0.0,0.0
6,7,0.0,0.0,0.0,0.0,0.0,0.0,0.0,1.0,0.0,0.0,0.0,0.0,0.0
6,7,0.0,0.0,0.0,0.0,0.0,0.0,0.0,1.0,0.0,0.0,0.0,0.0,0.0
6,7,0.0,0.0,0.0,0.0,0.0,0.0,0.0,1.0,0.0,0.0,0.0,0.0,0.0
6,7,0.0,0.0,0.0,0.0,0.0,0.0,0.0,1.0,0.0,0.0,0.0,0.0,0.0
6,7,0.0,0.0,0.0,0.0,0.0,0.0,0.0,1.0,0.0,0.0,0.0,0.0,0.0
6,7,0.0,0.0,0.0,0.0,0.0,0.0,0.0,1.0,0.0,0.0,0.0,0.0,0.0
6,7,0.0,0.0,0.0,0.0,0.0,0.0,0.0,1.0,0.0,0.0,0.0,0.0,0.0
6,7,0.0,0.0,0.0,0.0,0.0,0.0,0.0,1.0,0.0,0.0,0.0,0.0,0.0
6,7,0.0,0.0,0.0,0.0,0.0,0.0,0.0,1.0,0.0,0.0,0.0,0.0,0.0
6,7,0.0,0.0,0.0,0.0,0.0,0.0,0.0,1.0,0.0,0.0,0.0,0.0,0.0
6,7,0.0,0.0,0.0,0.0,0.0,0.0,0.0,1.0,0.0,0.0,0.0,0.0,0.0
6,7,0.0,0.0,0.0,0.0,0.0,0.0,0.0,1.0,0.0,0.0,0.0,0.0,0.0
6,7,0.0,0.0,0.0,0.0,0.0,0.0,0.0,1.0,0.0,0.0,0.0,0.0,0.0
6,7,0.0,0.0,0.0,0.0,0.0,0.0,0.0,1.0,0.0,0.0,0.0,0.0,0.0
6,7,0.0,0.0,0.0,0.0,0.0,0.0,0.0,1.0,0.0,0.0,0.0,0.0,0.0
6,7,0.0,0.0,0.0,0.0,0.0,0.0,0.0,1.0,0.0,0.0,0.0,0.0,0.0
6,7,0.0,0.0,0.0,0.0,0.0,0.0,0.0,1.0,0.0,0.0,0.0,0.0,0.0
6,7,0.0,0.0,0.0,0.0,0.0,0.0,0.0,1.0,0.0,0.0,0.0,0.0,0.0
6,7,0.0,0.0,0.0,0.0,0.0,0.0,0.0,1.0,0.0,0.0,0.0,0.0,0.0
6,7,0.0,0.0,0.0,0.0,0.0,0.0,0.0,1.0,0.0,0.0,0.0,0.0,0.0
6,7,0.0,0.0,0.0,0.0,0.0,0.0,0.0,1.0,0.0,0.0,0.0,0.0,0.0
6,7,0.0,0.0,0.0,0.0,0.0,0.0,0.0,1.0,0.0,0.0,0.0,0.0,0.0
6,7,0.0,0.0,0.0,0.0,0.0,0.0,0.0,1.0,0.0,0.0,0.0,0.0,0.0
6,7,0.0,0.0,0.0,0.0,0.0,0.0,0.0,1.0,0.0,0.0,0.0,0.0,0.0
6,7,0.0,0.0,0.0,0.0,0.0,0.0,0.0,1.0,0.0,0.0,0.0,0.0,0.0
6,7,0.0,0.0,0.0,0.0,0.0,0.0,0.0,1.0,0.0,0.0,0.0,0.0,0.0
6,7,0.0,0.0,0.0,0.0,0.0,0.0,0.0,1.0,0.0,0.0,0.0,0.0,0.0
6,7,0.0,0.0,0.0,0.0,0.0,0.0,0.0,1.0,0.0,0.0,0.0,0.0,0.0
6,7,0.0,0.0,0.0,0.0,0.0,0.0,0.0,1.0,0.0,0.0,0.0,0.0,0.0
6,7,0.0,0.0,0.0,0.0,0.0,0.0,0.0,1.0,0.0,0.0,0.0,0.0,0.0
6,7,0.0,0.0,0.0,0.0,0.0,0.0,0.0,1.0,0.0,0.0,0.0,0.0,0.0
6,7,0.0,0.0,0.0,0.0,0.0,0.0,0.0,1.0,0.0,0.0,0.0,0.0,0.0
6,7,0.0,0.0,0.0,0.0,0.0,0.0,0.0,1.0,0.0,0.0,0.0,0.0,0.0
6,7,0.0,0.0,0.0,0.0,0.0,0.0,0.0,1.0,0.0,0.0,0.0,0.0,0.0
6,7,0.0,0.0,0.0,0.0,0.0,0.0,0.0,1.0,0.0,0.0,0.0,0.0,0.0
6,7,0.0,0.0,0.0,0.0,0.0,0.0,0.0,1.0,0.0,0.0,0.0,0.0,0.0
6,7,0.0,0.0,0.0,0.0,0.0,0.0,0.0,1.0,0.0,0.0,0.0,0.0,0.0
6,7,0.0,0.0,0.0,0.0,0.0,0.0,0.0,1.0,0.0,0.0,0.0,0.0,0.0
6,7,0.0,0.0,0.0,0.0,0.0,0.0,0.0,1.0,0.0,0.0,0.0,0.0,0.0
6,7,0.0,0.0,0.0,0.0,0.0,0.0,0.0,1.0,0.0,0.0,0.0,0.0,0.0
6,7,0.0,0.0,0.0,0.0,0.0,0.0,0.0,1.0,0.0,0.0,0.0,0.0,0.0
6,7,0.0,0.0,0.0,0.0,0.0,0.0,0.0,1.0,0.0,0.0,0.0,0.0,0.0
6,7,0.0,0.0,0.0,0.0,0.0,0.0,0.0,1.0,0.0,0.0,0.0,0.0,0.0
6,7,0.0,0.0,0.0,0.0,0.0,0.0,0.0,1.0,0.0,0.0,0.0,0.0,0.0
6,7,0.0,0.0,0.0,0.0,0.0,0.0,0.0,1.0,0.0,0.0,0.0,0.0,0.0
6,7,0.0,0.0,0.0,0.0,0.0,0.0,0.0,1.0,0.0,0.0,0.0,0.0,0.0
6,7,0.0,0.0,0.0,0.0,0.0,0.0,0.0,1.0,0.0,0.0,0.0,0.0,0.0
6,7,0.0,0.0,0.0,0.0,0.0,0.0,0.0,1.0,0.0,0.0,0.0,0.0,0.0
6,7,0.0,0.0,0.0,0.0,0.0,0.0,0.0,1.0,0.0,0.0,0.0,0.0,0.0
6,7,0.0,0.0,0.0,0.0,0.0,0.0,0.0,1.0,0.0,0.0,0.0,0.0,0.0
6,7,0.0,0.0,0.0,0.0,0.0,0.0,0.0,1.0,0.0,0.0,0.0,0.0,0.0
6,7,0.0,0.0,0.0,0.0,0.0,0.0,0.0,1.0,0.0,0.0,0.0,0.0,0.0
6,7,0.0,0.0,0.0,0.0,0.0,0.0,0.0,1.0,0.0,0.0,0.0,0.0,0.0
6,7,0.0,0.0,0.0,0.0,0.0,0.0,0.0,1.0,0.0,0.0,0.0,0.0,0.0
6,7,0.0,0.0,0.0,0.0,0.0,0.0,0.0,1.0,0.0,0.0,0.0,0.0,0.0
6,7,0.0,0.0,0.0,0.0,0.0,0.0,0.0,1.0,0.0,0.0,0.0,0.0,0.0
6,7,0.0,0.0,0.0,0.0,0.0,0.0,0.0,1.0,0.0,0.0,0.0,0.0,0.0
6,7,0.0,0.0,0.0,0.0,0.0,0.0,0.0,1.0,0.0,0.0,0.0,0.0,0.0
6,7,0.0,0.0,0.0,0.0,0.0,0.0,0.0,1.0,0.0,0.0,0.0,0.0,0.0
6,7,0.0,0.0,0.0,0.0,0.0,0.0,0.0,1.0,0.0,0.0,0.0,0.0,0.0
6,7,0.0,0.0,0.0,0.0,0.0,0.0,0.0,1.0,0.0,0.0,0.0,0.0,0.0
6,7,0.0,0.0,0.0,0.0,0.0,0.0,0.0,1.0,0.0,0.0,0.0,0.0,0.0
6,7,0.0,0.0,0.0,0.0,0.0,0.0,0.0,1.0,0.0,0.0,0.0,0.0,0.0
6,7,0.0,0.0,0.0,0.0,0.0,0.0,0.0,1.0,0.0,0.0,0.0,0.0,0.0
6,7,0.0,0.0,0.0,0.0,0.0,0.0,0.0,1.0,0.0,0.0,0.0,0.0,0.0
6,7,0.0,0.0,0.0,0.0,0.0,0.0,0.0,1.0,0.0,0.0,0.0,0.0,0.0
6,7,0.0,0.0,0.0,0.0,0.0,0.0,0.0,1.0,0.0,0.0,0.0,0.0,0.0
6,7,0.0,0.0,0.0,0.0,0.0,0.0,0.0,1.0,0.0,0.0,0.0,0.0,0.0
6,7,0.0,0.0,0.0,0.0,0.0,0.0,0.0,1.0,0.0,0.0,0.0,0.0,0.0
6,7,0.0,0.0,0.0,0.0,0.0,0.0,0.0,1.0,0.0,0.0,0.0,0.0,0.0
6,7,0.0,0.0,0.0,0.0,0.0,0.0,0.0,1.0,0.0,0.0,0.0,0.0,0.0
6,7,0.0,0.0,0.0,0.0,0.0,0.0,0.0,1.0,0.0,0.0,0.0,0.0,0.0
6,7,0.0,0.0,0.0,0.0,0.0,0.0,0.0,1.0,0.0,0.0,0.0,0.0,0.0
6,7,0.0,0.0,0.0,0.0,0.0,0.0,0.0,1.0,0.0,0.0,0.0,0.0,0.0
6,7,0.0,0.0,0.0,0.0,0.0,0.0,0.0,1.0,0.0,0.0,0.0,0.0,0.0
6,7,0.0,0.0,0.0,0.0,0.0,0.0,0.0,1.0,0.0,0.0,0.0,0.0,0.0
6,7,0.0,0.0,0.0,0.0,0.0,0.0,0.0,1.0,0.0,0.0,0.0,0.0,0.0
6,7,0.0,0.0,0.0,0.0,0.0,0.0,0.0,1.0,0.0,0.0,0.0,0.0,0.0
6,7,0.0,0.0,0.0,0.0,0.0,0.0,0.0,1.0,0.0,0.0,0.0,0.0,0.0
6,7,0.0,0.0,0.0,0.0,0.0,0.0,0.0,1.0,0.0,0.0,0.0,0.0,0.0
6,7,0.0,0.0,0.0,0.0,0.0,0.0,0.0,1.0,0.0,0.0,0.0,0.0,0.0
6,7,0.0,0.0,0.0,0.0,0.0,0.0,0.0,1.0,0.0,0.0,0.0,0.0,0.0
6,7,0.0,0.0,0.0,0.0,0.0,0.0,0.0,1.0,0.0,0.0,0.0,0.0,0.0
6,7,0.0,0.0,0.0,0.0,0.0,0.0,0.0,1.0,0.0,0.0,0.0,0.0,0.0
6,7,0.0,0.0,0.0,0.0,0.0,0.0,0.0,1.0,0.0,0.0,0.0,0.0,0.0
6,7,0.0,0.0,0.0,0.0,0.0,0.0,0.0,1.0,0.0,0.0,0.0,0.0,0.0
6,7,0.0,0.0,0.0,0.0,0.0,0.0,0.0,1.0,0.0,0.0,0.0,0.0,0.0
6,7,0.0,0.0,0.0,0.0,0.0,0.0,0.0,1.0,0.0,0.0,0.0,0.0,0.0
6,7,0.0,0.0,0.0,0.0,0.0,0.0,0.0,1.0,0.0,0.0,0.0,0.0,0.0
6,7,0.0,0.0,0.0,0.0,0.0,0.0,0.0,1.0,0.0,0.0,0.0,0.0,0.0
6,7,0.0,0.0,0.0,0.0,0.0,0.0,0.0,1.0,0.0,0.0,0.0,0.0,0.0
6,7,0.0,0.0,0.0,0.0,0.0,0.0,0.0,1.0,0.0,0.0,0.0,0.0,0.0
6,7,0.0,0.0,0.0,0.0,0.0,0.0,0.0,1.0,0.0,0.0,0.0,0.0,0.0
6,7,0.0,0.0,0.0,0.0,0.0,0.0,0.0,1.0,0.0,0.0,0.0,0.0,0.0
6,7,0.0,0.0,0.0,0.0,0.0,0.0,0.0,1.0,0.0,0.0,0.0,0.0,0.0
6,7,0.0,0.0,0.0,0.0,0.0,0.0,0.0,1.0,0.0,0.0,0.0,0.0,0.0
6,7,0.0,0.0,0.0,0.0,0.0,0.0,0.0,1.0,0.0,0.0,0.0,0.0,0.0
6,7,0.0,0.0,0.0,0.0,0.0,0.0,0.0,1.0,0.0,0.0,0.0,0.0,0.0
6,7,0.0,0.0,0.0,0.0,0.0,0.0,0.0,1.0,0.0,0.0,0.0,0.0,0.0
6,7,0.0,0.0,0.0,0.0,0.0,0.0,0.0,1.0,0.0,0.0,0.0,0.0,0.0
6,7,0.0,0.0,0.0,0.0,0.0,0.0,0.0,1.0,0.0,0.0,0.0,0.0,0.0
6,7,0.0,0.0,0.0,0.0,0.0,0.0,0.0,1.0,0.0,0.0,0.0,0.0,0.0
6,7,0.0,0.0,0.0,0.0,0.0,0.0,0.0,1.0,0.0,0.0,0.0,0.0,0.0
6,7,0.0,0.0,0.0,0.0,0.0,0.0,0.0,1.0,0.0,0.0,0.0,0.0,0.0
6,7,0.0,0.0,0.0,0.0,0.0,0.0,0.0,1.0,0.0,0.0,0.0,0.0,0.0
6,7,0.0,0.0,0.0,0.0,0.0,0.0,0.0,1.0,0.0,0.0,0.0,0.0,0.0
6,7,0.0,0.0,0.0,0.0,0.0,0.0,0.0,1.0,0.0,0.0,0.0,0.0,0.0
6,7,0.0,0.0,0.0,0.0,0.0,0.0,0.0,1.0,0.0,0.0,0.0,0.0,0.0
6,7,0.0,0.0,0.0,0.0,0.0,0.0,0.0,1.0,0.0,0.0,0.0,0.0,0.0
6,7,0.0,0.0,0.0,0.0,0.0,0.0,0.0,1.0,0.0,0.0,0.0,0.0,0.0
6,7,0.0,0.0,0.0,0.0,0.0,0.0,0.0,1.0,0.0,0.0,0.0,0.0,0.0
6,7,0.0,0.0,0.0,0.0,0.0,0.0,0.0,1.0,0.0,0.0,0.0,0.0,0.0
6,7,0.0,0.0,0.0,0.0,0.0,0.0,0.0,1.0,0.0,0.0,0.0,0.0,0.0
6,7,0.0,0.0,0.0,0.0,0.0,0.0,0.0,1.0,0.0,0.0,0.0,0.0,0.0
6,7,0.0,0.0,0.0,0.0,0.0,0.0,0.0,1.0,0.0,0.0,0.0,0.0,0.0
6,7,0.0,0.0,0.0,0.0,0.0,0.0,0.0,1.0,0.0,0.0,0.0,0.0,0.0
6,7,0.0,0.0,0.0,0.0,0.0,0.0,0.0,1.0,0.0,0.0,0.0,0.0,0.0
6,7,0.0,0.0,0.0,0.0,0.0,0.0,0.0,1.0,0.0,0.0,0.0,0.0,0.0
6,7,0.0,0.0,0.0,0.0,0.0,0.0,0.0,1.0,0.0,0.0,0.0,0.0,0.0
6,7,0.0,0.0,0.0,0.0,0.0,0.0,0.0,1.0,0.0,0.0,0.0,0.0,0.0
6,7,0.0,0.0,0.0,0.0,0.0,0.0,0.0,1.0,0.0,0.0,0.0,0.0,0.0
6,7,0.0,0.0,0.0,0.0,0.0,0.0,0.0,1.0,0.0,0.0,0.0,0.0,0.0
6,7,0.0,0.0,0.0,0.0,0.0,0.0,0.0,1.0,0.0,0.0,0.0,0.0,0.0
6,7,0.0,0.0,0.0,0.0,0.0,0.0,0.0,1.0,0.0,0.0,0.0,0.0,0.0
6,7,0.0,0.0,0.0,0.0,0.0,0.0,0.0,1.0,0.0,0.0,0.0,0.0,0.0
6,7,0.0,0.0,0.0,0.0,0.0,0.0,0.0,1.0,0.0,0.0,0.0,0.0,0.0
6,7,0.0,0.0,0.0,0.0,0.0,0.0,0.0,1.0,0.0,0.0,0.0,0.0,0.0
6,7,0.0,0.0,0.0,0.0,0.0,0.0,0.0,1.0,0.0,0.0,0.0,0.0,0.0
6,7,0.0,0.0,0.0,0.0,0.0,0.0,0.0,1.0,0.0,0.0,0.0,0.0,0.0
6,7,0.0,0.0,0.0,0.0,0.0,0.0,0.0,1.0,0.0,0.0,0.0,0.0,0.0
6,7,0.0,0.0,0.0,0.0,0.0,0.0,0.0,1.0,0.0,0.0,0.0,0.0,0.0
6,7,0.0,0.0,0.0,0.0,0.0,0.0,0.0,1.0,0.0,0.0,0.0,0.0,0.0
6,7,0.0,0.0,0.0,0.0,0.0,0.0,0.0,1.0,0.0,0.0,0.0,0.0,0.0
6,7,0.0,0.0,0.0,0.0,0.0,0.0,0.0,1.0,0.0,0.0,0.0,0.0,0.0
6,7,0.0,0.0,0.0,0.0,0.0,0.0,0.0,1.0,0.0,0.0,0.0,0.0,0.0
6,7,0.0,0.0,0.0,0.0,0.0,0.0,0.0,1.0,0.0,0.0,0.0,0.0,0.0
6,7,0.0,0.0,0.0,0.0,0.0,0.0,0.0,1.0,0.0,0.0,0.0,0.0,0.0
6,7,0.0,0.0,0.0,0.0,0.0,0.0,0.0,1.0,0.0,0.0,0.0,0.0,0.0
6,7,0.0,0.0,0.0,0.0,0.0,0.0,0.0,1.0,0.0,0.0,0.0,0.0,0.0
6,7,0.0,0.0,0.0,0.0,0.0,0.0,0.0,1.0,0.0,0.0,0.0,0.0,0.0
6,7,0.0,0.0,0.0,0.0,0.0,0.0,0.0,1.0,0.0,0.0,0.0,0.0,0.0
6,7,0.0,0.0,0.0,0.0,0.0,0.0,0.0,1.0,0.0,0.0,0.0,0.0,0.0
6,7,0.0,0.0,0.0,0.0,0.0,0.0,0.0,1.0,0.0,0.0,0.0,0.0,0.0
6,7,0.0,0.0,0.0,0.0,0.0,0.0,0.0,1.0,0.0,0.0,0.0,0.0,0.0
6,7,0.0,0.0,0.0,0.0,0.0,0.0,0.0,1.0,0.0,0.0,0.0,0.0,0.0
6,7,0.0,0.0,0.0,0.0,0.0,0.0,0.0,1.0,0.0,0.0,0.0,0.0,0.0
6,7,0.0,0.0,0.0,0.0,0.0,0.0,0.0,1.0,0.0,0.0,0.0,0.0,0.0
6,7,0.0,0.0,0.0,0.0,0.0,0.0,0.0,1.0,0.0,0.0,0.0,0.0,0.0
6,7,0.0,0.0,0.0,0.0,0.0,0.0,0.0,1.0,0.0,0.0,0.0,0.0,0.0
6,7,0.0,0.0,0.0,0.0,0.0,0.0,0.0,1.0,0.0,0.0,0.0,0.0,0.0
6,7,0.0,0.0,0.0,0.0,0.0,0.0,0.0,1.0,0.0,0.0,0.0,0.0,0.0
6,7,0.0,0.0,0.0,0.0,0.0,0.0,0.0,1.0,0.0,0.0,0.0,0.0,0.0
6,7,0.0,0.0,0.0,0.0,0.0,0.0,0.0,1.0,0.0,0.0,0.0,0.0,0.0
6,7,0.0,0.0,0.0,0.0,0.0,0.0,0.0,1.0,0.0,0.0,0.0,0.0,0.0
6,7,0.0,0.0,0.0,0.0,0.0,0.0,0.0,1.0,0.0,0.0,0.0,0.0,0.0
6,7,0.0,0.0,0.0,0.0,0.0,0.0,0.0,1.0,0.0,0.0,0.0,0.0,0.0
6,7,0.0,0.0,0.0,0.0,0.0,0.0,0.0,1.0,0.0,0.0,0.0,0.0,0.0
6,7,0.0,0.0,0.0,0.0,0.0,0.0,0.0,1.0,0.0,0.0,0.0,0.0,0.0
6,7,0.0,0.0,0.0,0.0,0.0,0.0,0.0,1.0,0.0,0.0,0.0,0.0,0.0
6,7,0.0,0.0,0.0,0.0,0.0,0.0,0.0,1.0,0.0,0.0,0.0,0.0,0.0
6,7,0.0,0.0,0.0,0.0,0.0,0.0,0.0,1.0,0.0,0.0,0.0,0.0,0.0
6,7,0.0,0.0,0.0,0.0,0.0,0.0,0.0,1.0,0.0,0.0,0.0,0.0,0.0
6,7,0.0,0.0,0.0,0.0,0.0,0.0,0.0,1.0,0.0,0.0,0.0,0.0,0.0
6,7,0.0,0.0,0.0,0.0,0.0,0.0,0.0,1.0,0.0,0.0,0.0,0.0,0.0
6,7,0.0,0.0,0.0,0.0,0.0,0.0,0.0,1.0,0.0,0.0,0.0,0.0,0.0
6,7,0.0,0.0,0.0,0.0,0.0,0.0,0.0,1.0,0.0,0.0,0.0,0.0,0.0
6,7,0.0,0.0,0.0,0.0,0.0,0.0,0.0,1.0,0.0,0.0,0.0,0.0,0.0
6,7,0.0,0.0,0.0,0.0,0.0,0.0,0.0,1.0,0.0,0.0,0.0,0.0,0.0
6,7,0.0,0.0,0.0,0.0,0.0,0.0,0.0,1.0,0.0,0.0,0.0,0.0,0.0
6,7,0.0,0.0,0.0,0.0,0.0,0.0,0.0,1.0,0.0,0.0,0.0,0.0,0.0
6,7,0.0,0.0,0.0,0.0,0.0,0.0,0.0,1.0,0.0,0.0,0.0,0.0,0.0
6,7,0.0,0.0,0.0,0.0,0.0,0.0,0.0,1.0,0.0,0.0,0.0,0.0,0.0
6,7,0.0,0.0,0.0,0.0,0.0,0.0,0.0,1.0,0.0,0.0,0.0,0.0,0.0
6,7,0.0,0.0,0.0,0.0,0.0,0.0,0.0,1.0,0.0,0.0,0.0,0.0,0.0
6,7,0.0,0.0,0.0,0.0,0.0,0.0,0.0,1.0,0.0,0.0,0.0,0.0,0.0
6,7,0.0,0.0,0.0,0.0,0.0,0.0,0.0,1.0,0.0,0.0,0.0,0.0,0.0
6,7,0.0,0.0,0.0,0.0,0.0,0.0,0.0,1.0,0.0,0.0,0.0,0.0,0.0
6,7,0.0,0.0,0.0,0.0,0.0,0.0,0.0,1.0,0.0,0.0,0.0,0.0,0.0
6,7,0.0,0.0,0.0,0.0,0.0,0.0,0.0,1.0,0.0,0.0,0.0,0.0,0.0
6,7,0.0,0.0,0.0,0.0,0.0,0.0,0.0,1.0,0.0,0.0,0.0,0.0,0.0
6,7,0.0,0.0,0.0,0.0,0.0,0.0,0.0,1.0,0.0,0.0,0.0,0.0,0.0
6,7,0.0,0.0,0.0,0.0,0.0,0.0,0.0,1.0,0.0,0.0,0.0,0.0,0.0
6,7,0.0,0.0,0.0,0.0,0.0,0.0,0.0,1.0,0.0,0.0,0.0,0.0,0.0
6,7,0.0,0.0,0.0,0.0,0.0,0.0,0.0,1.0,0.0,0.0,0.0,0.0,0.0
6,7,0.0,0.0,0.0,0.0,0.0,0.0,0.0,1.0,0.0,0.0,0.0,0.0,0.0
6,7,0.0,0.0,0.0,0.0,0.0,0.0,0.0,1.0,0.0,0.0,0.0,0.0,0.0
6,7,0.0,0.0,0.0,0.0,0.0,0.0,0.0,1.0,0.0,0.0,0.0,0.0,0.0
6,7,0.0,0.0,0.0,0.0,0.0,0.0,0.0,1.0,0.0,0.0,0.0,0.0,0.0
6,7,0.0,0.0,0.0,0.0,0.0,0.0,0.0,1.0,0.0,0.0,0.0,0.0,0.0
6,7,0.0,0.0,0.0,0.0,0.0,0.0,0.0,1.0,0.0,0.0,0.0,0.0,0.0
6,7,0.0,0.0,0.0,0.0,0.0,0.0,0.0,1.0,0.0,0.0,0.0,0.0,0.0
6,7,0.0,0.0,0.0,0.0,0.0,0.0,0.0,1.0,0.0,0.0,0.0,0.0,0.0
6,7,0.0,0.0,0.0,0.0,0.0,0.0,0.0,1.0,0.0,0.0,0.0,0.0,0.0
6,7,0.0,0.0,0.0,0.0,0.0,0.0,0.0,1.0,0.0,0.0,0.0,0.0,0.0
6,7,0.0,0.0,0.0,0.0,0.0,0.0,0.0,1.0,0.0,0.0,0.0,0.0,0.0
6,7,0.0,0.0,0.0,0.0,0.0,0.0,0.0,1.0,0.0,0.0,0.0,0.0,0.0
6,7,0.0,0.0,0.0,0.0,0.0,0.0,0.0,1.0,0.0,0.0,0.0,0.0,0.0
6,7,0.0,0.0,0.0,0.0,0.0,0.0,0.0,1.0,0.0,0.0,0.0,0.0,0.0
6,7,0.0,0.0,0.0,0.0,0.0,0.0,0.0,1.0,0.0,0.0,0.0,0.0,0.0
6,7,0.0,0.0,0.0,0.0,0.0,0.0,0.0,1.0,0.0,0.0,0.0,0.0,0.0
6,7,0.0,0.0,0.0,0.0,0.0,0.0,0.0,1.0,0.0,0.0,0.0,0.0,0.0
6,7,0.0,0.0,0.0,0.0,0.0,0.0,0.0,1.0,0.0,0.0,0.0,0.0,0.0
6,7,0.0,0.0,0.0,0.0,0.0,0.0,0.0,1.0,0.0,0.0,0.0,0.0,0.0
6,7,0.0,0.0,0.0,0.0,0.0,0.0,0.0,1.0,0.0,0.0,0.0,0.0,0.0
6,7,0.0,0.0,0.0,0.0,0.0,0.0,0.0,1.0,0.0,0.0,0.0,0.0,0.0
6,7,0.0,0.0,0.0,0.0,0.0,0.0,0.0,1.0,0.0,0.0,0.0,0.0,0.0
6,7,0.0,0.0,0.0,0.0,0.0,0.0,0.0,1.0,0.0,0.0,0.0,0.0,0.0
6,7,0.0,0.0,0.0,0.0,0.0,0.0,0.0,1.0,0.0,0.0,0.0,0.0,0.0
6,7,0.0,0.0,0.0,0.0,0.0,0.0,0.0,1.0,0.0,0.0,0.0,0.0,0.0
6,7,0.0,0.0,0.0,0.0,0.0,0.0,0.0,1.0,0.0,0.0,0.0,0.0,0.0
6,7,0.0,0.0,0.0,0.0,0.0,0.0,0.0,1.0,0.0,0.0,0.0,0.0,0.0
6,7,0.0,0.0,0.0,0.0,0.0,0.0,0.0,1.0,0.0,0.0,0.0,0.0,0.0
6,7,0.0,0.0,0.0,0.0,0.0,0.0,0.0,1.0,0.0,0.0,0.0,0.0,0.0
6,7,0.0,0.0,0.0,0.0,0.0,0.0,0.0,1.0,0.0,0.0,0.0,0.0,0.0
6,7,0.0,0.0,0.0,0.0,0.0,0.0,0.0,1.0,0.0,0.0,0.0,0.0,0.0
6,7,0.0,0.0,0.0,0.0,0.0,0.0,0.0,1.0,0.0,0.0,0.0,0.0,0.0
6,7,0.0,0.0,0.0,0.0,0.0,0.0,0.0,1.0,0.0,0.0,0.0,0.0,0.0
6,7,0.0,0.0,0.0,0.0,0.0,0.0,0.0,1.0,0.0,0.0,0.0,0.0,0.0
6,7,0.0,0.0,0.0,0.0,0.0,0.0,0.0,1.0,0.0,0.0,0.0,0.0,0.0
6,7,0.0,0.0,0.0,0.0,0.0,0.0,0.0,1.0,0.0,0.0,0.0,0.0,0.0
6,7,0.0,0.0,0.0,0.0,0.0,0.0,0.0,1.0,0.0,0.0,0.0,0.0,0.0
6,7,0.0,0.0,0.0,0.0,0.0,0.0,0.0,1.0,0.0,0.0,0.0,0.0,0.0
6,7,0.0,0.0,0.0,0.0,0.0,0.0,0.0,1.0,0.0,0.0,0.0,0.0,0.0
6,7,0.0,0.0,0.0,0.0,0.0,0.0,0.0,1.0,0.0,0.0,0.0,0.0,0.0
6,7,0.0,0.0,0.0,0.0,0.0,0.0,0.0,1.0,0.0,0.0,0.0,0.0,0.0
6,7,0.0,0.0,0.0,0.0,0.0,0.0,0.0,1.0,0.0,0.0,0.0,0.0,0.0
6,7,0.0,0.0,0.0,0.0,0.0,0.0,0.0,1.0,0.0,0.0,0.0,0.0,0.0
6,7,0.0,0.0,0.0,0.0,0.0,0.0,0.0,1.0,0.0,0.0,0.0,0.0,0.0
6,7,0.0,0.0,0.0,0.0,0.0,0.0,0.0,1.0,0.0,0.0,0.0,0.0,0.0
6,7,0.0,0.0,0.0,0.0,0.0,0.0,0.0,1.0,0.0,0.0,0.0,0.0,0.0
6,7,0.0,0.0,0.0,0.0,0.0,0.0,0.0,1.0,0.0,0.0,0.0,0.0,0.0
6,7,0.0,0.0,0.0,0.0,0.0,0.0,0.0,1.0,0.0,0.0,0.0,0.0,0.0
6,7,0.0,0.0,0.0,0.0,0.0,0.0,0.0,1.0,0.0,0.0,0.0,0.0,0.0
6,7,0.0,0.0,0.0,0.0,0.0,0.0,0.0,1.0,0.0,0.0,0.0,0.0,0.0
6,7,0.0,0.0,0.0,0.0,0.0,0.0,0.0,1.0,0.0,0.0,0.0,0.0,0.0
6,7,0.0,0.0,0.0,0.0,0.0,0.0,0.0,1.0,0.0,0.0,0.0,0.0,0.0
6,7,0.0,0.0,0.0,0.0,0.0,0.0,0.0,1.0,0.0,0.0,0.0,0.0,0.0
6,7,0.0,0.0,0.0,0.0,0.0,0.0,0.0,1.0,0.0,0.0,0.0,0.0,0.0
6,7,0.0,0.0,0.0,0.0,0.0,0.0,0.0,1.0,0.0,0.0,0.0,0.0,0.0
6,7,0.0,0.0,0.0,0.0,0.0,0.0,0.0,1.0,0.0,0.0,0.0,0.0,0.0
6,7,0.0,0.0,0.0,0.0,0.0,0.0,0.0,1.0,0.0,0.0,0.0,0.0,0.0
6,7,0.0,0.0,0.0,0.0,0.0,0.0,0.0,1.0,0.0,0.0,0.0,0.0,0.0
6,7,0.0,0.0,0.0,0.0,0.0,0.0,0.0,1.0,0.0,0.0,0.0,0.0,0.0
6,7,0.0,0.0,0.0,0.0,0.0,0.0,0.0,1.0,0.0,0.0,0.0,0.0,0.0
6,7,0.0,0.0,0.0,0.0,0.0,0.0,0.0,1.0,0.0,0.0,0.0,0.0,0.0
6,7,0.0,0.0,0.0,0.0,0.0,0.0,0.0,1.0,0.0,0.0,0.0,0.0,0.0
6,7,0.0,0.0,0.0,0.0,0.0,0.0,0.0,1.0,0.0,0.0,0.0,0.0,0.0
6,7,0.0,0.0,0.0,0.0,0.0,0.0,0.0,1.0,0.0,0.0,0.0,0.0,0.0
6,7,0.0,0.0,0.0,0.0,0.0,0.0,0.0,1.0,0.0,0.0,0.0,0.0,0.0
6,7,0.0,0.0,0.0,0.0,0.0,0.0,0.0,1.0,0.0,0.0,0.0,0.0,0.0
6,7,0.0,0.0,0.0,0.0,0.0,0.0,0.0,1.0,0.0,0.0,0.0,0.0,0.0
6,7,0.0,0.0,0.0,0.0,0.0,0.0,0.0,1.0,0.0,0.0,0.0,0.0,0.0
6,7,0.0,0.0,0.0,0.0,0.0,0.0,0.0,1.0,0.0,0.0,0.0,0.0,0.0
6,7,0.0,0.0,0.0,0.0,0.0,0.0,0.0,1.0,0.0,0.0,0.0,0.0,0.0
6,7,0.0,0.0,0.0,0.0,0.0,0.0,0.0,1.0,0.0,0.0,0.0,0.0,0.0
6,7,0.0,0.0,0.0,0.0,0.0,0.0,0.0,1.0,0.0,0.0,0.0,0.0,0.0
6,7,0.0,0.0,0.0,0.0,0.0,0.0,0.0,1.0,0.0,0.0,0.0,0.0,0.0
6,7,0.0,0.0,0.0,0.0,0.0,0.0,0.0,1.0,0.0,0.0,0.0,0.0,0.0
6,7,0.0,0.0,0.0,0.0,0.0,0.0,0.0,1.0,0.0,0.0,0.0,0.0,0.0
6,7,0.0,0.0,0.0,0.0,0.0,0.0,0.0,1.0,0.0,0.0,0.0,0.0,0.0
6,7,0.0,0.0,0.0,0.0,0.0,0.0,0.0,1.0,0.0,0.0,0.0,0.0,0.0
6,7,0.0,0.0,0.0,0.0,0.0,0.0,0.0,1.0,0.0,0.0,0.0,0.0,0.0
6,7,0.0,0.0,0.0,0.0,0.0,0.0,0.0,1.0,0.0,0.0,0.0,0.0,0.0
6,7,0.0,0.0,0.0,0.0,0.0,0.0,0.0,1.0,0.0,0.0,0.0,0.0,0.0
6,7,0.0,0.0,0.0,0.0,0.0,0.0,0.0,1.0,0.0,0.0,0.0,0.0,0.0
6,7,0.0,0.0,0.0,0.0,0.0,0.0,0.0,1.0,0.0,0.0,0.0,0.0,0.0
6,7,0.0,0.0,0.0,0.0,0.0,0.0,0.0,1.0,0.0,0.0,0.0,0.0,0.0
6,7,0.0,0.0,0.0,0.0,0.0,0.0,0.0,1.0,0.0,0.0,0.0,0.0,0.0
6,7,0.0,0.0,0.0,0.0,0.0,0.0,0.0,1.0,0.0,0.0,0.0,0.0,0.0
6,7,0.0,0.0,0.0,0.0,0.0,0.0,0.0,1.0,0.0,0.0,0.0,0.0,0.0
6,7,0.0,0.0,0.0,0.0,0.0,0.0,0.0,1.0,0.0,0.0,0.0,0.0,0.0
6,7,0.0,0.0,0.0,0.0,0.0,0.0,0.0,1.0,0.0,0.0,0.0,0.0,0.0
6,7,0.0,0.0,0.0,0.0,0.0,0.0,0.0,1.0,0.0,0.0,0.0,0.0,0.0
6,7,0.0,0.0,0.0,0.0,0.0,0.0,0.0,1.0,0.0,0.0,0.0,0.0,0.0
6,7,0.0,0.0,0.0,0.0,0.0,0.0,0.0,1.0,0.0,0.0,0.0,0.0,0.0
6,7,0.0,0.0,0.0,0.0,0.0,0.0,0.0,1.0,0.0,0.0,0.0,0.0,0.0
6,7,0.0,0.0,0.0,0.0,0.0,0.0,0.0,1.0,0.0,0.0,0.0,0.0,0.0
6,7,0.0,0.0,0.0,0.0,0.0,0.0,0.0,1.0,0.0,0.0,0.0,0.0,0.0
6,7,0.0,0.0,0.0,0.0,0.0,0.0,0.0,1.0,0.0,0.0,0.0,0.0,0.0
6,7,0.0,0.0,0.0,0.0,0.0,0.0,0.0,1.0,0.0,0.0,0.0,0.0,0.0
6,7,0.0,0.0,0.0,0.0,0.0,0.0,0.0,1.0,0.0,0.0,0.0,0.0,0.0
6,7,0.0,0.0,0.0,0.0,0.0,0.0,0.0,1.0,0.0,0.0,0.0,0.0,0.0
6,7,0.0,0.0,0.0,0.0,0.0,0.0,0.0,1.0,0.0,0.0,0.0,0.0,0.0
6,7,0.0,0.0,0.0,0.0,0.0,0.0,0.0,1.0,0.0,0.0,0.0,0.0,0.0
6,7,0.0,0.0,0.0,0.0,0.0,0.0,0.0,1.0,0.0,0.0,0.0,0.0,0.0
6,7,0.0,0.0,0.0,0.0,0.0,0.0,0.0,1.0,0.0,0.0,0.0,0.0,0.0
6,7,0.0,0.0,0.0,0.0,0.0,0.0,0.0,1.0,0.0,0.0,0.0,0.0,0.0
6,7,0.0,0.0,0.0,0.0,0.0,0.0,0.0,1.0,0.0,0.0,0.0,0.0,0.0
6,7,0.0,0.0,0.0,0.0,0.0,0.0,0.0,1.0,0.0,0.0,0.0,0.0,0.0
6,7,0.0,0.0,0.0,0.0,0.0,0.0,0.0,1.0,0.0,0.0,0.0,0.0,0.0
6,7,0.0,0.0,0.0,0.0,0.0,0.0,0.0,1.0,0.0,0.0,0.0,0.0,0.0
6,7,0.0,0.0,0.0,0.0,0.0,0.0,0.0,1.0,0.0,0.0,0.0,0.0,0.0
6,7,0.0,0.0,0.0,0.0,0.0,0.0,0.0,1.0,0.0,0.0,0.0,0.0,0.0
6,7,0.0,0.0,0.0,0.0,0.0,0.0,0.0,1.0,0.0,0.0,0.0,0.0,0.0
6,7,0.0,0.0,0.0,0.0,0.0,0.0,0.0,1.0,0.0,0.0,0.0,0.0,0.0
6,7,0.0,0.0,0.0,0.0,0.0,0.0,0.0,1.0,0.0,0.0,0.0,0.0,0.0
6,7,0.0,0.0,0.0,0.0,0.0,0.0,0.0,1.0,0.0,0.0,0.0,0.0,0.0
6,7,0.0,0.0,0.0,0.0,0.0,0.0,0.0,1.0,0.0,0.0,0.0,0.0,0.0
6,7,0.0,0.0,0.0,0.0,0.0,0.0,0.0,1.0,0.0,0.0,0.0,0.0,0.0
6,7,0.0,0.0,0.0,0.0,0.0,0.0,0.0,1.0,0.0,0.0,0.0,0.0,0.0
6,7,0.0,0.0,0.0,0.0,0.0,0.0,0.0,1.0,0.0,0.0,0.0,0.0,0.0
6,7,0.0,0.0,0.0,0.0,0.0,0.0,0.0,1.0,0.0,0.0,0.0,0.0,0.0
6,7,0.0,0.0,0.0,0.0,0.0,0.0,0.0,1.0,0.0,0.0,0.0,0.0,0.0
6,7,0.0,0.0,0.0,0.0,0.0,0.0,0.0,1.0,0.0,0.0,0.0,0.0,0.0
6,7,0.0,0.0,0.0,0.0,0.0,0.0,0.0,1.0,0.0,0.0,0.0,0.0,0.0
6,7,0.0,0.0,0.0,0.0,0.0,0.0,0.0,1.0,0.0,0.0,0.0,0.0,0.0
6,7,0.0,0.0,0.0,0.0,0.0,0.0,0.0,1.0,0.0,0.0,0.0,0.0,0.0
6,7,0.0,0.0,0.0,0.0,0.0,0.0,0.0,1.0,0.0,0.0,0.0,0.0,0.0
6,7,0.0,0.0,0.0,0.0,0.0,0.0,0.0,1.0,0.0,0.0,0.0,0.0,0.0
6,7,0.0,0.0,0.0,0.0,0.0,0.0,0.0,1.0,0.0,0.0,0.0,0.0,0.0
6,7,0.0,0.0,0.0,0.0,0.0,0.0,0.0,1.0,0.0,0.0,0.0,0.0,0.0
6,7,0.0,0.0,0.0,0.0,0.0,0.0,0.0,1.0,0.0,0.0,0.0,0.0,0.0
6,7,0.0,0.0,0.0,0.0,0.0,0.0,0.0,1.0,0.0,0.0,0.0,0.0,0.0
6,7,0.0,0.0,0.0,0.0,0.0,0.0,0.0,1.0,0.0,0.0,0.0,0.0,0.0
6,7,0.0,0.0,0.0,0.0,0.0,0.0,0.0,1.0,0.0,0.0,0.0,0.0,0.0
6,7,0.0,0.0,0.0,0.0,0.0,0.0,0.0,1.0,0.0,0.0,0.0,0.0,0.0
6,7,0.0,0.0,0.0,0.0,0.0,0.0,0.0,1.0,0.0,0.0,0.0,0.0,0.0
6,7,0.0,0.0,0.0,0.0,0.0,0.0,0.0,1.0,0.0,0.0,0.0,0.0,0.0
6,7,0.0,0.0,0.0,0.0,0.0,0.0,0.0,1.0,0.0,0.0,0.0,0.0,0.0
6,7,0.0,0.0,0.0,0.0,0.0,0.0,0.0,1.0,0.0,0.0,0.0,0.0,0.0
6,7,0.0,0.0,0.0,0.0,0.0,0.0,0.0,1.0,0.0,0.0,0.0,0.0,0.0
6,7,0.0,0.0,0.0,0.0,0.0,0.0,0.0,1.0,0.0,0.0,0.0,0.0,0.0
6,7,0.0,0.0,0.0,0.0,0.0,0.0,0.0,1.0,0.0,0.0,0.0,0.0,0.0
6,7,0.0,0.0,0.0,0.0,0.0,0.0,0.0,1.0,0.0,0.0,0.0,0.0,0.0
6,7,0.0,0.0,0.0,0.0,0.0,0.0,0.0,1.0,0.0,0.0,0.0,0.0,0.0
6,7,0.0,0.0,0.0,0.0,0.0,0.0,0.0,1.0,0.0,0.0,0.0,0.0,0.0
6,7,0.0,0.0,0.0,0.0,0.0,0.0,0.0,1.0,0.0,0.0,0.0,0.0,0.0
6,7,0.0,0.0,0.0,0.0,0.0,0.0,0.0,1.0,0.0,0.0,0.0,0.0,0.0
6,7,0.0,0.0,0.0,0.0,0.0,0.0,0.0,1.0,0.0,0.0,0.0,0.0,0.0
6,7,0.0,0.0,0.0,0.0,0.0,0.0,0.0,1.0,0.0,0.0,0.0,0.0,0.0
6,7,0.0,0.0,0.0,0.0,0.0,0.0,0.0,1.0,0.0,0.0,0.0,0.0,0.0
6,7,0.0,0.0,0.0,0.0,0.0,0.0,0.0,1.0,0.0,0.0,0.0,0.0,0.0
6,7,0.0,0.0,0.0,0.0,0.0,0.0,0.0,1.0,0.0,0.0,0.0,0.0,0.0
6,7,0.0,0.0,0.0,0.0,0.0,0.0,0.0,1.0,0.0,0.0,0.0,0.0,0.0
6,7,0.0,0.0,0.0,0.0,0.0,0.0,0.0,1.0,0.0,0.0,0.0,0.0,0.0
6,7,0.0,0.0,0.0,0.0,0.0,0.0,0.0,1.0,0.0,0.0,0.0,0.0,0.0
6,7,0.0,0.0,0.0,0.0,0.0,0.0,0.0,1.0,0.0,0.0,0.0,0.0,0.0
6,7,0.0,0.0,0.0,0.0,0.0,0.0,0.0,1.0,0.0,0.0,0.0,0.0,0.0
6,7,0.0,0.0,0.0,0.0,0.0,0.0,0.0,1.0,0.0,0.0,0.0,0.0,0.0
6,7,0.0,0.0,0.0,0.0,0.0,0.0,0.0,1.0,0.0,0.0,0.0,0.0,0.0
6,7,0.0,0.0,0.0,0.0,0.0,0.0,0.0,1.0,0.0,0.0,0.0,0.0,0.0
6,7,0.0,0.0,0.0,0.0,0.0,0.0,0.0,1.0,0.0,0.0,0.0,0.0,0.0
6,7,0.0,0.0,0.0,0.0,0.0,0.0,0.0,1.0,0.0,0.0,0.0,0.0,0.0
6,7,0.0,0.0,0.0,0.0,0.0,0.0,0.0,1.0,0.0,0.0,0.0,0.0,0.0
6,7,0.0,0.0,0.0,0.0,0.0,0.0,0.0,1.0,0.0,0.0,0.0,0.0,0.0
6,7,0.0,0.0,0.0,0.0,0.0,0.0,0.0,1.0,0.0,0.0,0.0,0.0,0.0
6,7,0.0,0.0,0.0,0.0,0.0,0.0,0.0,1.0,0.0,0.0,0.0,0.0,0.0
6,7,0.0,0.0,0.0,0.0,0.0,0.0,0.0,1.0,0.0,0.0,0.0,0.0,0.0
6,7,0.0,0.0,0.0,0.0,0.0,0.0,0.0,1.0,0.0,0.0,0.0,0.0,0.0
6,7,0.0,0.0,0.0,0.0,0.0,0.0,0.0,1.0,0.0,0.0,0.0,0.0,0.0
6,7,0.0,0.0,0.0,0.0,0.0,0.0,0.0,1.0,0.0,0.0,0.0,0.0,0.0
6,7,0.0,0.0,0.0,0.0,0.0,0.0,0.0,1.0,0.0,0.0,0.0,0.0,0.0
6,7,0.0,0.0,0.0,0.0,0.0,0.0,0.0,1.0,0.0,0.0,0.0,0.0,0.0
6,7,0.0,0.0,0.0,0.0,0.0,0.0,0.0,1.0,0.0,0.0,0.0,0.0,0.0
6,7,0.0,0.0,0.0,0.0,0.0,0.0,0.0,1.0,0.0,0.0,0.0,0.0,0.0
6,7,0.0,0.0,0.0,0.0,0.0,0.0,0.0,1.0,0.0,0.0,0.0,0.0,0.0
6,7,0.0,0.0,0.0,0.0,0.0,0.0,0.0,1.0,0.0,0.0,0.0,0.0,0.0
6,7,0.0,0.0,0.0,0.0,0.0,0.0,0.0,1.0,0.0,0.0,0.0,0.0,0.0
6,7,0.0,0.0,0.0,0.0,0.0,0.0,0.0,1.0,0.0,0.0,0.0,0.0,0.0
6,7,0.0,0.0,0.0,0.0,0.0,0.0,0.0,1.0,0.0,0.0,0.0,0.0,0.0
6,7,0.0,0.0,0.0,0.0,0.0,0.0,0.0,1.0,0.0,0.0,0.0,0.0,0.0
6,7,0.0,0.0,0.0,0.0,0.0,0.0,0.0,1.0,0.0,0.0,0.0,0.0,0.0
6,7,0.0,0.0,0.0,0.0,0.0,0.0,0.0,1.0,0.0,0.0,0.0,0.0,0.0
6,7,0.0,0.0,0.0,0.0,0.0,0.0,0.0,1.0,0.0,0.0,0.0,0.0,0.0
6,7,0.0,0.0,0.0,0.0,0.0,0.0,0.0,1.0,0.0,0.0,0.0,0.0,0.0
6,7,0.0,0.0,0.0,0.0,0.0,0.0,0.0,1.0,0.0,0.0,0.0,0.0,0.0
6,7,0.0,0.0,0.0,0.0,0.0,0.0,0.0,1.0,0.0,0.0,0.0,0.0,0.0
6,7,0.0,0.0,0.0,0.0,0.0,0.0,0.0,1.0,0.0,0.0,0.0,0.0,0.0
6,7,0.0,0.0,0.0,0.0,0.0,0.0,0.0,1.0,0.0,0.0,0.0,0.0,0.0
6,7,0.0,0.0,0.0,0.0,0.0,0.0,0.0,1.0,0.0,0.0,0.0,0.0,0.0
6,7,0.0,0.0,0.0,0.0,0.0,0.0,0.0,1.0,0.0,0.0,0.0,0.0,0.0
6,7,0.0,0.0,0.0,0.0,0.0,0.0,0.0,1.0,0.0,0.0,0.0,0.0,0.0
6,7,0.0,0.0,0.0,0.0,0.0,0.0,0.0,1.0,0.0,0.0,0.0,0.0,0.0
6,7,0.0,0.0,0.0,0.0,0.0,0.0,0.0,1.0,0.0,0.0,0.0,0.0,0.0
6,7,0.0,0.0,0.0,0.0,0.0,0.0,0.0,1.0,0.0,0.0,0.0,0.0,0.0
6,7,0.0,0.0,0.0,0.0,0.0,0.0,0.0,1.0,0.0,0.0,0.0,0.0,0.0
6,7,0.0,0.0,0.0,0.0,0.0,0.0,0.0,1.0,0.0,0.0,0.0,0.0,0.0
6,7,0.0,0.0,0.0,0.0,0.0,0.0,0.0,1.0,0.0,0.0,0.0,0.0,0.0
6,7,0.0,0.0,0.0,0.0,0.0,0.0,0.0,1.0,0.0,0.0,0.0,0.0,0.0
6,7,0.0,0.0,0.0,0.0,0.0,0.0,0.0,1.0,0.0,0.0,0.0,0.0,0.0
6,7,0.0,0.0,0.0,0.0,0.0,0.0,0.0,1.0,0.0,0.0,0.0,0.0,0.0
6,7,0.0,0.0,0.0,0.0,0.0,0.0,0.0,1.0,0.0,0.0,0.0,0.0,0.0
6,7,0.0,0.0,0.0,0.0,0.0,0.0,0.0,1.0,0.0,0.0,0.0,0.0,0.0
6,7,0.0,0.0,0.0,0.0,0.0,0.0,0.0,1.0,0.0,0.0,0.0,0.0,0.0
6,7,0.0,0.0,0.0,0.0,0.0,0.0,0.0,1.0,0.0,0.0,0.0,0.0,0.0
6,7,0.0,0.0,0.0,0.0,0.0,0.0,0.0,1.0,0.0,0.0,0.0,0.0,0.0
6,7,0.0,0.0,0.0,0.0,0.0,0.0,0.0,1.0,0.0,0.0,0.0,0.0,0.0
6,7,0.0,0.0,0.0,0.0,0.0,0.0,0.0,1.0,0.0,0.0,0.0,0.0,0.0
6,7,0.0,0.0,0.0,0.0,0.0,0.0,0.0,1.0,0.0,0.0,0.0,0.0,0.0
6,7,0.0,0.0,0.0,0.0,0.0,0.0,0.0,1.0,0.0,0.0,0.0,0.0,0.0
6,7,0.0,0.0,0.0,0.0,0.0,0.0,0.0,1.0,0.0,0.0,0.0,0.0,0.0
6,7,0.0,0.0,0.0,0.0,0.0,0.0,0.0,1.0,0.0,0.0,0.0,0.0,0.0
6,7,0.0,0.0,0.0,0.0,0.0,0.0,0.0,1.0,0.0,0.0,0.0,0.0,0.0
6,7,0.0,0.0,0.0,0.0,0.0,0.0,0.0,1.0,0.0,0.0,0.0,0.0,0.0
6,7,0.0,0.0,0.0,0.0,0.0,0.0,0.0,1.0,0.0,0.0,0.0,0.0,0.0
6,7,0.0,0.0,0.0,0.0,0.0,0.0,0.0,1.0,0.0,0.0,0.0,0.0,0.0
6,7,0.0,0.0,0.0,0.0,0.0,0.0,0.0,1.0,0.0,0.0,0.0,0.0,0.0
6,7,0.0,0.0,0.0,0.0,0.0,0.0,0.0,1.0,0.0,0.0,0.0,0.0,0.0
6,7,0.0,0.0,0.0,0.0,0.0,0.0,0.0,1.0,0.0,0.0,0.0,0.0,0.0
6,7,0.0,0.0,0.0,0.0,0.0,0.0,0.0,1.0,0.0,0.0,0.0,0.0,0.0
6,7,0.0,0.0,0.0,0.0,0.0,0.0,0.0,1.0,0.0,0.0,0.0,0.0,0.0
6,7,0.0,0.0,0.0,0.0,0.0,0.0,0.0,1.0,0.0,0.0,0.0,0.0,0.0
6,7,0.0,0.0,0.0,0.0,0.0,0.0,0.0,1.0,0.0,0.0,0.0,0.0,0.0
6,7,0.0,0.0,0.0,0.0,0.0,0.0,0.0,1.0,0.0,0.0,0.0,0.0,0.0
6,7,0.0,0.0,0.0,0.0,0.0,0.0,0.0,1.0,0.0,0.0,0.0,0.0,0.0
6,7,0.0,0.0,0.0,0.0,0.0,0.0,0.0,1.0,0.0,0.0,0.0,0.0,0.0
6,7,0.0,0.0,0.0,0.0,0.0,0.0,0.0,1.0,0.0,0.0,0.0,0.0,0.0
6,7,0.0,0.0,0.0,0.0,0.0,0.0,0.0,1.0,0.0,0.0,0.0,0.0,0.0
6,7,0.0,0.0,0.0,0.0,0.0,0.0,0.0,1.0,0.0,0.0,0.0,0.0,0.0
6,7,0.0,0.0,0.0,0.0,0.0,0.0,0.0,1.0,0.0,0.0,0.0,0.0,0.0
6,7,0.0,0.0,0.0,0.0,0.0,0.0,0.0,1.0,0.0,0.0,0.0,0.0,0.0
6,7,0.0,0.0,0.0,0.0,0.0,0.0,0.0,1.0,0.0,0.0,0.0,0.0,0.0
6,7,0.0,0.0,0.0,0.0,0.0,0.0,0.0,1.0,0.0,0.0,0.0,0.0,0.0
6,7,0.0,0.0,0.0,0.0,0.0,0.0,0.0,1.0,0.0,0.0,0.0,0.0,0.0
6,7,0.0,0.0,0.0,0.0,0.0,0.0,0.0,1.0,0.0,0.0,0.0,0.0,0.0
6,7,0.0,0.0,0.0,0.0,0.0,0.0,0.0,1.0,0.0,0.0,0.0,0.0,0.0
6,7,0.0,0.0,0.0,0.0,0.0,0.0,0.0,1.0,0.0,0.0,0.0,0.0,0.0
6,7,0.0,0.0,0.0,0.0,0.0,0.0,0.0,1.0,0.0,0.0,0.0,0.0,0.0
6,7,0.0,0.0,0.0,0.0,0.0,0.0,0.0,1.0,0.0,0.0,0.0,0.0,0.0
6,7,0.0,0.0,0.0,0.0,0.0,0.0,0.0,1.0,0.0,0.0,0.0,0.0,0.0
6,7,0.0,0.0,0.0,0.0,0.0,0.0,0.0,1.0,0.0,0.0,0.0,0.0,0.0
6,7,0.0,0.0,0.0,0.0,0.0,0.0,0.0,1.0,0.0,0.0,0.0,0.0,0.0
6,7,0.0,0.0,0.0,0.0,0.0,0.0,0.0,1.0,0.0,0.0,0.0,0.0,0.0
6,7,0.0,0.0,0.0,0.0,0.0,0.0,0.0,1.0,0.0,0.0,0.0,0.0,0.0
6,7,0.0,0.0,0.0,0.0,0.0,0.0,0.0,1.0,0.0,0.0,0.0,0.0,0.0
6,7,0.0,0.0,0.0,0.0,0.0,0.0,0.0,1.0,0.0,0.0,0.0,0.0,0.0
6,7,0.0,0.0,0.0,0.0,0.0,0.0,0.0,1.0,0.0,0.0,0.0,0.0,0.0
6,7,0.0,0.0,0.0,0.0,0.0,0.0,0.0,1.0,0.0,0.0,0.0,0.0,0.0
6,7,0.0,0.0,0.0,0.0,0.0,0.0,0.0,1.0,0.0,0.0,0.0,0.0,0.0
6,7,0.0,0.0,0.0,0.0,0.0,0.0,0.0,1.0,0.0,0.0,0.0,0.0,0.0
6,7,0.0,0.0,0.0,0.0,0.0,0.0,0.0,1.0,0.0,0.0,0.0,0.0,0.0
6,7,0.0,0.0,0.0,0.0,0.0,0.0,0.0,1.0,0.0,0.0,0.0,0.0,0.0
6,7,0.0,0.0,0.0,0.0,0.0,0.0,0.0,1.0,0.0,0.0,0.0,0.0,0.0
6,7,0.0,0.0,0.0,0.0,0.0,0.0,0.0,1.0,0.0,0.0,0.0,0.0,0.0
6,7,0.0,0.0,0.0,0.0,0.0,0.0,0.0,1.0,0.0,0.0,0.0,0.0,0.0
6,7,0.0,0.0,0.0,0.0,0.0,0.0,0.0,1.0,0.0,0.0,0.0,0.0,0.0
6,7,0.0,0.0,0.0,0.0,0.0,0.0,0.0,1.0,0.0,0.0,0.0,0.0,0.0
6,7,0.0,0.0,0.0,0.0,0.0,0.0,0.0,1.0,0.0,0.0,0.0,0.0,0.0
6,7,0.0,0.0,0.0,0.0,0.0,0.0,0.0,1.0,0.0,0.0,0.0,0.0,0.0
6,7,0.0,0.0,0.0,0.0,0.0,0.0,0.0,1.0,0.0,0.0,0.0,0.0,0.0
6,7,0.0,0.0,0.0,0.0,0.0,0.0,0.0,1.0,0.0,0.0,0.0,0.0,0.0
6,7,0.0,0.0,0.0,0.0,0.0,0.0,0.0,1.0,0.0,0.0,0.0,0.0,0.0
6,7,0.0,0.0,0.0,0.0,0.0,0.0,0.0,1.0,0.0,0.0,0.0,0.0,0.0
6,7,0.0,0.0,0.0,0.0,0.0,0.0,0.0,1.0,0.0,0.0,0.0,0.0,0.0
6,7,0.0,0.0,0.0,0.0,0.0,0.0,0.0,1.0,0.0,0.0,0.0,0.0,0.0
6,7,0.0,0.0,0.0,0.0,0.0,0.0,0.0,1.0,0.0,0.0,0.0,0.0,0.0
6,7,0.0,0.0,0.0,0.0,0.0,0.0,0.0,1.0,0.0,0.0,0.0,0.0,0.0
6,7,0.0,0.0,0.0,0.0,0.0,0.0,0.0,1.0,0.0,0.0,0.0,0.0,0.0
6,7,0.0,0.0,0.0,0.0,0.0,0.0,0.0,1.0,0.0,0.0,0.0,0.0,0.0
6,7,0.0,0.0,0.0,0.0,0.0,0.0,0.0,1.0,0.0,0.0,0.0,0.0,0.0
6,7,0.0,0.0,0.0,0.0,0.0,0.0,0.0,1.0,0.0,0.0,0.0,0.0,0.0
6,7,0.0,0.0,0.0,0.0,0.0,0.0,0.0,1.0,0.0,0.0,0.0,0.0,0.0
6,7,0.0,0.0,0.0,0.0,0.0,0.0,0.0,1.0,0.0,0.0,0.0,0.0,0.0
6,7,0.0,0.0,0.0,0.0,0.0,0.0,0.0,1.0,0.0,0.0,0.0,0.0,0.0
6,7,0.0,0.0,0.0,0.0,0.0,0.0,0.0,1.0,0.0,0.0,0.0,0.0,0.0
6,7,0.0,0.0,0.0,0.0,0.0,0.0,0.0,1.0,0.0,0.0,0.0,0.0,0.0
6,7,0.0,0.0,0.0,0.0,0.0,0.0,0.0,1.0,0.0,0.0,0.0,0.0,0.0
6,7,0.0,0.0,0.0,0.0,0.0,0.0,0.0,1.0,0.0,0.0,0.0,0.0,0.0
6,7,0.0,0.0,0.0,0.0,0.0,0.0,0.0,1.0,0.0,0.0,0.0,0.0,0.0
6,7,0.0,0.0,0.0,0.0,0.0,0.0,0.0,1.0,0.0,0.0,0.0,0.0,0.0
6,7,0.0,0.0,0.0,0.0,0.0,0.0,0.0,1.0,0.0,0.0,0.0,0.0,0.0
6,7,0.0,0.0,0.0,0.0,0.0,0.0,0.0,1.0,0.0,0.0,0.0,0.0,0.0
6,7,0.0,0.0,0.0,0.0,0.0,0.0,0.0,1.0,0.0,0.0,0.0,0.0,0.0
6,7,0.0,0.0,0.0,0.0,0.0,0.0,0.0,1.0,0.0,0.0,0.0,0.0,0.0
6,7,0.0,0.0,0.0,0.0,0.0,0.0,0.0,1.0,0.0,0.0,0.0,0.0,0.0
6,7,0.0,0.0,0.0,0.0,0.0,0.0,0.0,1.0,0.0,0.0,0.0,0.0,0.0
6,7,0.0,0.0,0.0,0.0,0.0,0.0,0.0,1.0,0.0,0.0,0.0,0.0,0.0
6,7,0.0,0.0,0.0,0.0,0.0,0.0,0.0,1.0,0.0,0.0,0.0,0.0,0.0
6,7,0.0,0.0,0.0,0.0,0.0,0.0,0.0,1.0,0.0,0.0,0.0,0.0,0.0
6,7,0.0,0.0,0.0,0.0,0.0,0.0,0.0,1.0,0.0,0.0,0.0,0.0,0.0
6,7,0.0,0.0,0.0,0.0,0.0,0.0,0.0,1.0,0.0,0.0,0.0,0.0,0.0
6,7,0.0,0.0,0.0,0.0,0.0,0.0,0.0,1.0,0.0,0.0,0.0,0.0,0.0
6,7,0.0,0.0,0.0,0.0,0.0,0.0,0.0,1.0,0.0,0.0,0.0,0.0,0.0
6,7,0.0,0.0,0.0,0.0,0.0,0.0,0.0,1.0,0.0,0.0,0.0,0.0,0.0
6,7,0.0,0.0,0.0,0.0,0.0,0.0,0.0,1.0,0.0,0.0,0.0,0.0,0.0
6,7,0.0,0.0,0.0,0.0,0.0,0.0,0.0,1.0,0.0,0.0,0.0,0.0,0.0
6,7,0.0,0.0,0.0,0.0,0.0,0.0,0.0,1.0,0.0,0.0,0.0,0.0,0.0
6,7,0.0,0.0,0.0,0.0,0.0,0.0,0.0,1.0,0.0,0.0,0.0,0.0,0.0
6,7,0.0,0.0,0.0,0.0,0.0,0.0,0.0,1.0,0.0,0.0,0.0,0.0,0.0
6,7,0.0,0.0,0.0,0.0,0.0,0.0,0.0,1.0,0.0,0.0,0.0,0.0,0.0
6,7,0.0,0.0,0.0,0.0,0.0,0.0,0.0,1.0,0.0,0.0,0.0,0.0,0.0
6,7,0.0,0.0,0.0,0.0,0.0,0.0,0.0,1.0,0.0,0.0,0.0,0.0,0.0
6,7,0.0,0.0,0.0,0.0,0.0,0.0,0.0,1.0,0.0,0.0,0.0,0.0,0.0
6,7,0.0,0.0,0.0,0.0,0.0,0.0,0.0,1.0,0.0,0.0,0.0,0.0,0.0
6,7,0.0,0.0,0.0,0.0,0.0,0.0,0.0,1.0,0.0,0.0,0.0,0.0,0.0
6,7,0.0,0.0,0.0,0.0,0.0,0.0,0.0,1.0,0.0,0.0,0.0,0.0,0.0
6,7,0.0,0.0,0.0,0.0,0.0,0.0,0.0,1.0,0.0,0.0,0.0,0.0,0.0
6,7,0.0,0.0,0.0,0.0,0.0,0.0,0.0,1.0,0.0,0.0,0.0,0.0,0.0
6,7,0.0,0.0,0.0,0.0,0.0,0.0,0.0,1.0,0.0,0.0,0.0,0.0,0.0
6,7,0.0,0.0,0.0,0.0,0.0,0.0,0.0,1.0,0.0,0.0,0.0,0.0,0.0
6,7,0.0,0.0,0.0,0.0,0.0,0.0,0.0,1.0,0.0,0.0,0.0,0.0,0.0
6,7,0.0,0.0,0.0,0.0,0.0,0.0,0.0,1.0,0.0,0.0,0.0,0.0,0.0
6,7,0.0,0.0,0.0,0.0,0.0,0.0,0.0,1.0,0.0,0.0,0.0,0.0,0.0
6,7,0.0,0.0,0.0,0.0,0.0,0.0,0.0,1.0,0.0,0.0,0.0,0.0,0.0
6,7,0.0,0.0,0.0,0.0,0.0,0.0,0.0,1.0,0.0,0.0,0.0,0.0,0.0
6,7,0.0,0.0,0.0,0.0,0.0,0.0,0.0,1.0,0.0,0.0,0.0,0.0,0.0
6,7,0.0,0.0,0.0,0.0,0.0,0.0,0.0,1.0,0.0,0.0,0.0,0.0,0.0
6,7,0.0,0.0,0.0,0.0,0.0,0.0,0.0,1.0,0.0,0.0,0.0,0.0,0.0
6,7,0.0,0.0,0.0,0.0,0.0,0.0,0.0,1.0,0.0,0.0,0.0,0.0,0.0
6,7,0.0,0.0,0.0,0.0,0.0,0.0,0.0,1.0,0.0,0.0,0.0,0.0,0.0
6,7,0.0,0.0,0.0,0.0,0.0,0.0,0.0,1.0,0.0,0.0,0.0,0.0,0.0
6,7,0.0,0.0,0.0,0.0,0.0,0.0,0.0,1.0,0.0,0.0,0.0,0.0,0.0
6,7,0.0,0.0,0.0,0.0,0.0,0.0,0.0,1.0,0.0,0.0,0.0,0.0,0.0
6,7,0.0,0.0,0.0,0.0,0.0,0.0,0.0,1.0,0.0,0.0,0.0,0.0,0.0
6,7,0.0,0.0,0.0,0.0,0.0,0.0,0.0,1.0,0.0,0.0,0.0,0.0,0.0
6,7,0.0,0.0,0.0,0.0,0.0,0.0,0.0,1.0,0.0,0.0,0.0,0.0,0.0
6,7,0.0,0.0,0.0,0.0,0.0,0.0,0.0,1.0,0.0,0.0,0.0,0.0,0.0
6,7,0.0,0.0,0.0,0.0,0.0,0.0,0.0,1.0,0.0,0.0,0.0,0.0,0.0
6,7,0.0,0.0,0.0,0.0,0.0,0.0,0.0,1.0,0.0,0.0,0.0,0.0,0.0
6,7,0.0,0.0,0.0,0.0,0.0,0.0,0.0,1.0,0.0,0.0,0.0,0.0,0.0
6,7,0.0,0.0,0.0,0.0,0.0,0.0,0.0,1.0,0.0,0.0,0.0,0.0,0.0
6,7,0.0,0.0,0.0,0.0,0.0,0.0,0.0,1.0,0.0,0.0,0.0,0.0,0.0
6,7,0.0,0.0,0.0,0.0,0.0,0.0,0.0,1.0,0.0,0.0,0.0,0.0,0.0
6,7,0.0,0.0,0.0,0.0,0.0,0.0,0.0,1.0,0.0,0.0,0.0,0.0,0.0
6,7,0.0,0.0,0.0,0.0,0.0,0.0,0.0,1.0,0.0,0.0,0.0,0.0,0.0
6,7,0.0,0.0,0.0,0.0,0.0,0.0,0.0,1.0,0.0,0.0,0.0,0.0,0.0
6,7,0.0,0.0,0.0,0.0,0.0,0.0,0.0,1.0,0.0,0.0,0.0,0.0,0.0
6,7,0.0,0.0,0.0,0.0,0.0,0.0,0.0,1.0,0.0,0.0,0.0,0.0,0.0
6,7,0.0,0.0,0.0,0.0,0.0,0.0,0.0,1.0,0.0,0.0,0.0,0.0,0.0
6,7,0.0,0.0,0.0,0.0,0.0,0.0,0.0,1.0,0.0,0.0,0.0,0.0,0.0
6,7,0.0,0.0,0.0,0.0,0.0,0.0,0.0,1.0,0.0,0.0,0.0,0.0,0.0
6,7,0.0,0.0,0.0,0.0,0.0,0.0,0.0,1.0,0.0,0.0,0.0,0.0,0.0
6,7,0.0,0.0,0.0,0.0,0.0,0.0,0.0,1.0,0.0,0.0,0.0,0.0,0.0
6,7,0.0,0.0,0.0,0.0,0.0,0.0,0.0,1.0,0.0,0.0,0.0,0.0,0.0
6,7,0.0,0.0,0.0,0.0,0.0,0.0,0.0,1.0,0.0,0.0,0.0,0.0,0.0
6,7,0.0,0.0,0.0,0.0,0.0,0.0,0.0,1.0,0.0,0.0,0.0,0.0,0.0
6,7,0.0,0.0,0.0,0.0,0.0,0.0,0.0,1.0,0.0,0.0,0.0,0.0,0.0
6,7,0.0,0.0,0.0,0.0,0.0,0.0,0.0,1.0,0.0,0.0,0.0,0.0,0.0
6,7,0.0,0.0,0.0,0.0,0.0,0.0,0.0,1.0,0.0,0.0,0.0,0.0,0.0
6,7,0.0,0.0,0.0,0.0,0.0,0.0,0.0,1.0,0.0,0.0,0.0,0.0,0.0
6,7,0.0,0.0,0.0,0.0,0.0,0.0,0.0,1.0,0.0,0.0,0.0,0.0,0.0
6,7,0.0,0.0,0.0,0.0,0.0,0.0,0.0,1.0,0.0,0.0,0.0,0.0,0.0
6,7,0.0,0.0,0.0,0.0,0.0,0.0,0.0,1.0,0.0,0.0,0.0,0.0,0.0
6,7,0.0,0.0,0.0,0.0,0.0,0.0,0.0,1.0,0.0,0.0,0.0,0.0,0.0
6,7,0.0,0.0,0.0,0.0,0.0,0.0,0.0,1.0,0.0,0.0,0.0,0.0,0.0
6,7,0.0,0.0,0.0,0.0,0.0,0.0,0.0,1.0,0.0,0.0,0.0,0.0,0.0
6,7,0.0,0.0,0.0,0.0,0.0,0.0,0.0,1.0,0.0,0.0,0.0,0.0,0.0
6,7,0.0,0.0,0.0,0.0,0.0,0.0,0.0,1.0,0.0,0.0,0.0,0.0,0.0
6,7,0.0,0.0,0.0,0.0,0.0,0.0,0.0,1.0,0.0,0.0,0.0,0.0,0.0
6,7,0.0,0.0,0.0,0.0,0.0,0.0,0.0,1.0,0.0,0.0,0.0,0.0,0.0
6,7,0.0,0.0,0.0,0.0,0.0,0.0,0.0,1.0,0.0,0.0,0.0,0.0,0.0
6,7,0.0,0.0,0.0,0.0,0.0,0.0,0.0,1.0,0.0,0.0,0.0,0.0,0.0
6,7,0.0,0.0,0.0,0.0,0.0,0.0,0.0,1.0,0.0,0.0,0.0,0.0,0.0
6,7,0.0,0.0,0.0,0.0,0.0,0.0,0.0,1.0,0.0,0.0,0.0,0.0,0.0
6,7,0.0,0.0,0.0,0.0,0.0,0.0,0.0,1.0,0.0,0.0,0.0,0.0,0.0
6,7,0.0,0.0,0.0,0.0,0.0,0.0,0.0,1.0,0.0,0.0,0.0,0.0,0.0
6,7,0.0,0.0,0.0,0.0,0.0,0.0,0.0,1.0,0.0,0.0,0.0,0.0,0.0
6,7,0.0,0.0,0.0,0.0,0.0,0.0,0.0,1.0,0.0,0.0,0.0,0.0,0.0
6,7,0.0,0.0,0.0,0.0,0.0,0.0,0.0,1.0,0.0,0.0,0.0,0.0,0.0
6,7,0.0,0.0,0.0,0.0,0.0,0.0,0.0,1.0,0.0,0.0,0.0,0.0,0.0
6,7,0.0,0.0,0.0,0.0,0.0,0.0,0.0,1.0,0.0,0.0,0.0,0.0,0.0
6,7,0.0,0.0,0.0,0.0,0.0,0.0,0.0,1.0,0.0,0.0,0.0,0.0,0.0
6,7,0.0,0.0,0.0,0.0,0.0,0.0,0.0,1.0,0.0,0.0,0.0,0.0,0.0
6,7,0.0,0.0,0.0,0.0,0.0,0.0,0.0,1.0,0.0,0.0,0.0,0.0,0.0
6,7,0.0,0.0,0.0,0.0,0.0,0.0,0.0,1.0,0.0,0.0,0.0,0.0,0.0
6,7,0.0,0.0,0.0,0.0,0.0,0.0,0.0,1.0,0.0,0.0,0.0,0.0,0.0
6,7,0.0,0.0,0.0,0.0,0.0,0.0,0.0,1.0,0.0,0.0,0.0,0.0,0.0
6,7,0.0,0.0,0.0,0.0,0.0,0.0,0.0,1.0,0.0,0.0,0.0,0.0,0.0
6,7,0.0,0.0,0.0,0.0,0.0,0.0,0.0,1.0,0.0,0.0,0.0,0.0,0.0
6,7,0.0,0.0,0.0,0.0,0.0,0.0,0.0,1.0,0.0,0.0,0.0,0.0,0.0
6,7,0.0,0.0,0.0,0.0,0.0,0.0,0.0,1.0,0.0,0.0,0.0,0.0,0.0
6,7,0.0,0.0,0.0,0.0,0.0,0.0,0.0,1.0,0.0,0.0,0.0,0.0,0.0
6,7,0.0,0.0,0.0,0.0,0.0,0.0,0.0,1.0,0.0,0.0,0.0,0.0,0.0
6,7,0.0,0.0,0.0,0.0,0.0,0.0,0.0,1.0,0.0,0.0,0.0,0.0,0.0
6,7,0.0,0.0,0.0,0.0,0.0,0.0,0.0,1.0,0.0,0.0,0.0,0.0,0.0
6,7,0.0,0.0,0.0,0.0,0.0,0.0,0.0,1.0,0.0,0.0,0.0,0.0,0.0
6,7,0.0,0.0,0.0,0.0,0.0,0.0,0.0,1.0,0.0,0.0,0.0,0.0,0.0
6,7,0.0,0.0,0.0,0.0,0.0,0.0,0.0,1.0,0.0,0.0,0.0,0.0,0.0
6,7,0.0,0.0,0.0,0.0,0.0,0.0,0.0,1.0,0.0,0.0,0.0,0.0,0.0
6,7,0.0,0.0,0.0,0.0,0.0,0.0,0.0,1.0,0.0,0.0,0.0,0.0,0.0
6,7,0.0,0.0,0.0,0.0,0.0,0.0,0.0,1.0,0.0,0.0,0.0,0.0,0.0
6,7,0.0,0.0,0.0,0.0,0.0,0.0,0.0,1.0,0.0,0.0,0.0,0.0,0.0
6,7,0.0,0.0,0.0,0.0,0.0,0.0,0.0,1.0,0.0,0.0,0.0,0.0,0.0
6,7,0.0,0.0,0.0,0.0,0.0,0.0,0.0,1.0,0.0,0.0,0.0,0.0,0.0
6,7,0.0,0.0,0.0,0.0,0.0,0.0,0.0,1.0,0.0,0.0,0.0,0.0,0.0
6,7,0.0,0.0,0.0,0.0,0.0,0.0,0.0,1.0,0.0,0.0,0.0,0.0,0.0
6,7,0.0,0.0,0.0,0.0,0.0,0.0,0.0,1.0,0.0,0.0,0.0,0.0,0.0
6,7,0.0,0.0,0.0,0.0,0.0,0.0,0.0,1.0,0.0,0.0,0.0,0.0,0.0
6,7,0.0,0.0,0.0,0.0,0.0,0.0,0.0,1.0,0.0,0.0,0.0,0.0,0.0
6,7,0.0,0.0,0.0,0.0,0.0,0.0,0.0,1.0,0.0,0.0,0.0,0.0,0.0
6,7,0.0,0.0,0.0,0.0,0.0,0.0,0.0,1.0,0.0,0.0,0.0,0.0,0.0
6,7,0.0,0.0,0.0,0.0,0.0,0.0,0.0,1.0,0.0,0.0,0.0,0.0,0.0
6,7,0.0,0.0,0.0,0.0,0.0,0.0,0.0,1.0,0.0,0.0,0.0,0.0,0.0
6,7,0.0,0.0,0.0,0.0,0.0,0.0,0.0,1.0,0.0,0.0,0.0,0.0,0.0
6,7,0.0,0.0,0.0,0.0,0.0,0.0,0.0,1.0,0.0,0.0,0.0,0.0,0.0
6,7,0.0,0.0,0.0,0.0,0.0,0.0,0.0,1.0,0.0,0.0,0.0,0.0,0.0
6,7,0.0,0.0,0.0,0.0,0.0,0.0,0.0,1.0,0.0,0.0,0.0,0.0,0.0
6,7,0.0,0.0,0.0,0.0,0.0,0.0,0.0,1.0,0.0,0.0,0.0,0.0,0.0
6,7,0.0,0.0,0.0,0.0,0.0,0.0,0.0,1.0,0.0,0.0,0.0,0.0,0.0
6,7,0.0,0.0,0.0,0.0,0.0,0.0,0.0,1.0,0.0,0.0,0.0,0.0,0.0
6,7,0.0,0.0,0.0,0.0,0.0,0.0,0.0,1.0,0.0,0.0,0.0,0.0,0.0
6,7,0.0,0.0,0.0,0.0,0.0,0.0,0.0,1.0,0.0,0.0,0.0,0.0,0.0
6,7,0.0,0.0,0.0,0.0,0.0,0.0,0.0,1.0,0.0,0.0,0.0,0.0,0.0
6,7,0.0,0.0,0.0,0.0,0.0,0.0,0.0,1.0,0.0,0.0,0.0,0.0,0.0
6,7,0.0,0.0,0.0,0.0,0.0,0.0,0.0,1.0,0.0,0.0,0.0,0.0,0.0
6,7,0.0,0.0,0.0,0.0,0.0,0.0,0.0,1.0,0.0,0.0,0.0,0.0,0.0
6,7,0.0,0.0,0.0,0.0,0.0,0.0,0.0,1.0,0.0,0.0,0.0,0.0,0.0
6,7,0.0,0.0,0.0,0.0,0.0,0.0,0.0,1.0,0.0,0.0,0.0,0.0,0.0
6,7,0.0,0.0,0.0,0.0,0.0,0.0,0.0,1.0,0.0,0.0,0.0,0.0,0.0
6,7,0.0,0.0,0.0,0.0,0.0,0.0,0.0,1.0,0.0,0.0,0.0,0.0,0.0
6,7,0.0,0.0,0.0,0.0,0.0,0.0,0.0,1.0,0.0,0.0,0.0,0.0,0.0
6,7,0.0,0.0,0.0,0.0,0.0,0.0,0.0,1.0,0.0,0.0,0.0,0.0,0.0
6,7,0.0,0.0,0.0,0.0,0.0,0.0,0.0,1.0,0.0,0.0,0.0,0.0,0.0
6,7,0.0,0.0,0.0,0.0,0.0,0.0,0.0,1.0,0.0,0.0,0.0,0.0,0.0
6,7,0.0,0.0,0.0,0.0,0.0,0.0,0.0,1.0,0.0,0.0,0.0,0.0,0.0
6,7,0.0,0.0,0.0,0.0,0.0,0.0,0.0,1.0,0.0,0.0,0.0,0.0,0.0
6,7,0.0,0.0,0.0,0.0,0.0,0.0,0.0,1.0,0.0,0.0,0.0,0.0,0.0
6,7,0.0,0.0,0.0,0.0,0.0,0.0,0.0,1.0,0.0,0.0,0.0,0.0,0.0
6,7,0.0,0.0,0.0,0.0,0.0,0.0,0.0,1.0,0.0,0.0,0.0,0.0,0.0
6,7,0.0,0.0,0.0,0.0,0.0,0.0,0.0,1.0,0.0,0.0,0.0,0.0,0.0
6,7,0.0,0.0,0.0,0.0,0.0,0.0,0.0,1.0,0.0,0.0,0.0,0.0,0.0
6,7,0.0,0.0,0.0,0.0,0.0,0.0,0.0,1.0,0.0,0.0,0.0,0.0,0.0
6,7,0.0,0.0,0.0,0.0,0.0,0.0,0.0,1.0,0.0,0.0,0.0,0.0,0.0
6,7,0.0,0.0,0.0,0.0,0.0,0.0,0.0,1.0,0.0,0.0,0.0,0.0,0.0
6,7,0.0,0.0,0.0,0.0,0.0,0.0,0.0,1.0,0.0,0.0,0.0,0.0,0.0
6,7,0.0,0.0,0.0,0.0,0.0,0.0,0.0,1.0,0.0,0.0,0.0,0.0,0.0
6,7,0.0,0.0,0.0,0.0,0.0,0.0,0.0,1.0,0.0,0.0,0.0,0.0,0.0
6,7,0.0,0.0,0.0,0.0,0.0,0.0,0.0,1.0,0.0,0.0,0.0,0.0,0.0
6,7,0.0,0.0,0.0,0.0,0.0,0.0,0.0,1.0,0.0,0.0,0.0,0.0,0.0
6,7,0.0,0.0,0.0,0.0,0.0,0.0,0.0,1.0,0.0,0.0,0.0,0.0,0.0
6,7,0.0,0.0,0.0,0.0,0.0,0.0,0.0,1.0,0.0,0.0,0.0,0.0,0.0
6,7,0.0,0.0,0.0,0.0,0.0,0.0,0.0,1.0,0.0,0.0,0.0,0.0,0.0
6,7,0.0,0.0,0.0,0.0,0.0,0.0,0.0,1.0,0.0,0.0,0.0,0.0,0.0
6,7,0.0,0.0,0.0,0.0,0.0,0.0,0.0,1.0,0.0,0.0,0.0,0.0,0.0
6,7,0.0,0.0,0.0,0.0,0.0,0.0,0.0,1.0,0.0,0.0,0.0,0.0,0.0
6,7,0.0,0.0,0.0,0.0,0.0,0.0,0.0,1.0,0.0,0.0,0.0,0.0,0.0
6,7,0.0,0.0,0.0,0.0,0.0,0.0,0.0,1.0,0.0,0.0,0.0,0.0,0.0
6,7,0.0,0.0,0.0,0.0,0.0,0.0,0.0,1.0,0.0,0.0,0.0,0.0,0.0
6,7,0.0,0.0,0.0,0.0,0.0,0.0,0.0,1.0,0.0,0.0,0.0,0.0,0.0
6,7,0.0,0.0,0.0,0.0,0.0,0.0,0.0,1.0,0.0,0.0,0.0,0.0,0.0
6,7,0.0,0.0,0.0,0.0,0.0,0.0,0.0,1.0,0.0,0.0,0.0,0.0,0.0
6,7,0.0,0.0,0.0,0.0,0.0,0.0,0.0,1.0,0.0,0.0,0.0,0.0,0.0
6,7,0.0,0.0,0.0,0.0,0.0,0.0,0.0,1.0,0.0,0.0,0.0,0.0,0.0
6,7,0.0,0.0,0.0,0.0,0.0,0.0,0.0,1.0,0.0,0.0,0.0,0.0,0.0
6,7,0.0,0.0,0.0,0.0,0.0,0.0,0.0,1.0,0.0,0.0,0.0,0.0,0.0
6,7,0.0,0.0,0.0,0.0,0.0,0.0,0.0,1.0,0.0,0.0,0.0,0.0,0.0
6,7,0.0,0.0,0.0,0.0,0.0,0.0,0.0,1.0,0.0,0.0,0.0,0.0,0.0
6,7,0.0,0.0,0.0,0.0,0.0,0.0,0.0,1.0,0.0,0.0,0.0,0.0,0.0
6,7,0.0,0.0,0.0,0.0,0.0,0.0,0.0,1.0,0.0,0.0,0.0,0.0,0.0
6,7,0.0,0.0,0.0,0.0,0.0,0.0,0.0,1.0,0.0,0.0,0.0,0.0,0.0
6,7,0.0,0.0,0.0,0.0,0.0,0.0,0.0,1.0,0.0,0.0,0.0,0.0,0.0
6,7,0.0,0.0,0.0,0.0,0.0,0.0,0.0,1.0,0.0,0.0,0.0,0.0,0.0
6,7,0.0,0.0,0.0,0.0,0.0,0.0,0.0,1.0,0.0,0.0,0.0,0.0,0.0
6,7,0.0,0.0,0.0,0.0,0.0,0.0,0.0,1.0,0.0,0.0,0.0,0.0,0.0
6,7,0.0,0.0,0.0,0.0,0.0,0.0,0.0,1.0,0.0,0.0,0.0,0.0,0.0
6,7,0.0,0.0,0.0,0.0,0.0,0.0,0.0,1.0,0.0,0.0,0.0,0.0,0.0
6,7,0.0,0.0,0.0,0.0,0.0,0.0,0.0,1.0,0.0,0.0,0.0,0.0,0.0
6,7,0.0,0.0,0.0,0.0,0.0,0.0,0.0,1.0,0.0,0.0,0.0,0.0,0.0
6,7,0.0,0.0,0.0,0.0,0.0,0.0,0.0,1.0,0.0,0.0,0.0,0.0,0.0
6,7,0.0,0.0,0.0,0.0,0.0,0.0,0.0,1.0,0.0,0.0,0.0,0.0,0.0
6,7,0.0,0.0,0.0,0.0,0.0,0.0,0.0,1.0,0.0,0.0,0.0,0.0,0.0
6,7,0.0,0.0,0.0,0.0,0.0,0.0,0.0,1.0,0.0,0.0,0.0,0.0,0.0
6,7,0.0,0.0,0.0,0.0,0.0,0.0,0.0,1.0,0.0,0.0,0.0,0.0,0.0
6,7,0.0,0.0,0.0,0.0,0.0,0.0,0.0,1.0,0.0,0.0,0.0,0.0,0.0
6,7,0.0,0.0,0.0,0.0,0.0,0.0,0.0,1.0,0.0,0.0,0.0,0.0,0.0
6,7,0.0,0.0,0.0,0.0,0.0,0.0,0.0,1.0,0.0,0.0,0.0,0.0,0.0
6,7,0.0,0.0,0.0,0.0,0.0,0.0,0.0,1.0,0.0,0.0,0.0,0.0,0.0
6,7,0.0,0.0,0.0,0.0,0.0,0.0,0.0,1.0,0.0,0.0,0.0,0.0,0.0
6,7,0.0,0.0,0.0,0.0,0.0,0.0,0.0,1.0,0.0,0.0,0.0,0.0,0.0
6,7,0.0,0.0,0.0,0.0,0.0,0.0,0.0,1.0,0.0,0.0,0.0,0.0,0.0
6,7,0.0,0.0,0.0,0.0,0.0,0.0,0.0,1.0,0.0,0.0,0.0,0.0,0.0
6,7,0.0,0.0,0.0,0.0,0.0,0.0,0.0,1.0,0.0,0.0,0.0,0.0,0.0
6,7,0.0,0.0,0.0,0.0,0.0,0.0,0.0,1.0,0.0,0.0,0.0,0.0,0.0
6,7,0.0,0.0,0.0,0.0,0.0,0.0,0.0,1.0,0.0,0.0,0.0,0.0,0.0
6,7,0.0,0.0,0.0,0.0,0.0,0.0,0.0,1.0,0.0,0.0,0.0,0.0,0.0
6,7,0.0,0.0,0.0,0.0,0.0,0.0,0.0,1.0,0.0,0.0,0.0,0.0,0.0
6,7,0.0,0.0,0.0,0.0,0.0,0.0,0.0,1.0,0.0,0.0,0.0,0.0,0.0
6,7,0.0,0.0,0.0,0.0,0.0,0.0,0.0,1.0,0.0,0.0,0.0,0.0,0.0
6,7,0.0,0.0,0.0,0.0,0.0,0.0,0.0,1.0,0.0,0.0,0.0,0.0,0.0
6,7,0.0,0.0,0.0,0.0,0.0,0.0,0.0,1.0,0.0,0.0,0.0,0.0,0.0
6,7,0.0,0.0,0.0,0.0,0.0,0.0,0.0,1.0,0.0,0.0,0.0,0.0,0.0
6,7,0.0,0.0,0.0,0.0,0.0,0.0,0.0,1.0,0.0,0.0,0.0,0.0,0.0
6,7,0.0,0.0,0.0,0.0,0.0,0.0,0.0,1.0,0.0,0.0,0.0,0.0,0.0
6,7,0.0,0.0,0.0,0.0,0.0,0.0,0.0,1.0,0.0,0.0,0.0,0.0,0.0
6,7,0.0,0.0,0.0,0.0,0.0,0.0,0.0,1.0,0.0,0.0,0.0,0.0,0.0
6,7,0.0,0.0,0.0,0.0,0.0,0.0,0.0,1.0,0.0,0.0,0.0,0.0,0.0
6,7,0.0,0.0,0.0,0.0,0.0,0.0,0.0,1.0,0.0,0.0,0.0,0.0,0.0
6,7,0.0,0.0,0.0,0.0,0.0,0.0,0.0,1.0,0.0,0.0,0.0,0.0,0.0
6,7,0.0,0.0,0.0,0.0,0.0,0.0,0.0,1.0,0.0,0.0,0.0,0.0,0.0
6,7,0.0,0.0,0.0,0.0,0.0,0.0,0.0,1.0,0.0,0.0,0.0,0.0,0.0
6,7,0.0,0.0,0.0,0.0,0.0,0.0,0.0,1.0,0.0,0.0,0.0,0.0,0.0
6,7,0.0,0.0,0.0,0.0,0.0,0.0,0.0,1.0,0.0,0.0,0.0,0.0,0.0
6,7,0.0,0.0,0.0,0.0,0.0,0.0,0.0,1.0,0.0,0.0,0.0,0.0,0.0
6,7,0.0,0.0,0.0,0.0,0.0,0.0,0.0,1.0,0.0,0.0,0.0,0.0,0.0
6,7,0.0,0.0,0.0,0.0,0.0,0.0,0.0,1.0,0.0,0.0,0.0,0.0,0.0
6,7,0.0,0.0,0.0,0.0,0.0,0.0,0.0,1.0,0.0,0.0,0.0,0.0,0.0
6,7,0.0,0.0,0.0,0.0,0.0,0.0,0.0,1.0,0.0,0.0,0.0,0.0,0.0
6,7,0.0,0.0,0.0,0.0,0.0,0.0,0.0,1.0,0.0,0.0,0.0,0.0,0.0
6,7,0.0,0.0,0.0,0.0,0.0,0.0,0.0,1.0,0.0,0.0,0.0,0.0,0.0
6,7,0.0,0.0,0.0,0.0,0.0,0.0,0.0,1.0,0.0,0.0,0.0,0.0,0.0
6,7,0.0,0.0,0.0,0.0,0.0,0.0,0.0,1.0,0.0,0.0,0.0,0.0,0.0
6,7,0.0,0.0,0.0,0.0,0.0,0.0,0.0,1.0,0.0,0.0,0.0,0.0,0.0
6,7,0.0,0.0,0.0,0.0,0.0,0.0,0.0,1.0,0.0,0.0,0.0,0.0,0.0
6,7,0.0,0.0,0.0,0.0,0.0,0.0,0.0,1.0,0.0,0.0,0.0,0.0,0.0
6,7,0.0,0.0,0.0,0.0,0.0,0.0,0.0,1.0,0.0,0.0,0.0,0.0,0.0
6,7,0.0,0.0,0.0,0.0,0.0,0.0,0.0,1.0,0.0,0.0,0.0,0.0,0.0
6,7,0.0,0.0,0.0,0.0,0.0,0.0,0.0,1.0,0.0,0.0,0.0,0.0,0.0
6,7,0.0,0.0,0.0,0.0,0.0,0.0,0.0,1.0,0.0,0.0,0.0,0.0,0.0
6,7,0.0,0.0,0.0,0.0,0.0,0.0,0.0,1.0,0.0,0.0,0.0,0.0,0.0
6,7,0.0,0.0,0.0,0.0,0.0,0.0,0.0,1.0,0.0,0.0,0.0,0.0,0.0
6,7,0.0,0.0,0.0,0.0,0.0,0.0,0.0,1.0,0.0,0.0,0.0,0.0,0.0
6,7,0.0,0.0,0.0,0.0,0.0,0.0,0.0,1.0,0.0,0.0,0.0,0.0,0.0
6,7,0.0,0.0,0.0,0.0,0.0,0.0,0.0,1.0,0.0,0.0,0.0,0.0,0.0
6,7,0.0,0.0,0.0,0.0,0.0,0.0,0.0,1.0,0.0,0.0,0.0,0.0,0.0
6,7,0.0,0.0,0.0,0.0,0.0,0.0,0.0,1.0,0.0,0.0,0.0,0.0,0.0
6,7,0.0,0.0,0.0,0.0,0.0,0.0,0.0,1.0,0.0,0.0,0.0,0.0,0.0
6,7,0.0,0.0,0.0,0.0,0.0,0.0,0.0,1.0,0.0,0.0,0.0,0.0,0.0
6,7,0.0,0.0,0.0,0.0,0.0,0.0,0.0,1.0,0.0,0.0,0.0,0.0,0.0
6,7,0.0,0.0,0.0,0.0,0.0,0.0,0.0,1.0,0.0,0.0,0.0,0.0,0.0
6,7,0.0,0.0,0.0,0.0,0.0,0.0,0.0,1.0,0.0,0.0,0.0,0.0,0.0
6,7,0.0,0.0,0.0,0.0,0.0,0.0,0.0,1.0,0.0,0.0,0.0,0.0,0.0
6,7,0.0,0.0,0.0,0.0,0.0,0.0,0.0,1.0,0.0,0.0,0.0,0.0,0.0
6,7,0.0,0.0,0.0,0.0,0.0,0.0,0.0,1.0,0.0,0.0,0.0,0.0,0.0
6,7,0.0,0.0,0.0,0.0,0.0,0.0,0.0,1.0,0.0,0.0,0.0,0.0,0.0
6,7,0.0,0.0,0.0,0.0,0.0,0.0,0.0,1.0,0.0,0.0,0.0,0.0,0.0
6,7,0.0,0.0,0.0,0.0,0.0,0.0,0.0,1.0,0.0,0.0,0.0,0.0,0.0
6,7,0.0,0.0,0.0,0.0,0.0,0.0,0.0,1.0,0.0,0.0,0.0,0.0,0.0
6,7,0.0,0.0,0.0,0.0,0.0,0.0,0.0,1.0,0.0,0.0,0.0,0.0,0.0
6,7,0.0,0.0,0.0,0.0,0.0,0.0,0.0,1.0,0.0,0.0,0.0,0.0,0.0
6,7,0.0,0.0,0.0,0.0,0.0,0.0,0.0,1.0,0.0,0.0,0.0,0.0,0.0
6,7,0.0,0.0,0.0,0.0,0.0,0.0,0.0,1.0,0.0,0.0,0.0,0.0,0.0
6,7,0.0,0.0,0.0,0.0,0.0,0.0,0.0,1.0,0.0,0.0,0.0,0.0,0.0
6,7,0.0,0.0,0.0,0.0,0.0,0.0,0.0,1.0,0.0,0.0,0.0,0.0,0.0
6,7,0.0,0.0,0.0,0.0,0.0,0.0,0.0,1.0,0.0,0.0,0.0,0.0,0.0
6,7,0.0,0.0,0.0,0.0,0.0,0.0,0.0,1.0,0.0,0.0,0.0,0.0,0.0
6,7,0.0,0.0,0.0,0.0,0.0,0.0,0.0,1.0,0.0,0.0,0.0,0.0,0.0
6,7,0.0,0.0,0.0,0.0,0.0,0.0,0.0,1.0,0.0,0.0,0.0,0.0,0.0
6,7,0.0,0.0,0.0,0.0,0.0,0.0,0.0,1.0,0.0,0.0,0.0,0.0,0.0
6,7,0.0,0.0,0.0,0.0,0.0,0.0,0.0,1.0,0.0,0.0,0.0,0.0,0.0
6,7,0.0,0.0,0.0,0.0,0.0,0.0,0.0,1.0,0.0,0.0,0.0,0.0,0.0
6,7,0.0,0.0,0.0,0.0,0.0,0.0,0.0,1.0,0.0,0.0,0.0,0.0,0.0
6,7,0.0,0.0,0.0,0.0,0.0,0.0,0.0,1.0,0.0,0.0,0.0,0.0,0.0
6,7,0.0,0.0,0.0,0.0,0.0,0.0,0.0,1.0,0.0,0.0,0.0,0.0,0.0
6,7,0.0,0.0,0.0,0.0,0.0,0.0,0.0,1.0,0.0,0.0,0.0,0.0,0.0
6,7,0.0,0.0,0.0,0.0,0.0,0.0,0.0,1.0,0.0,0.0,0.0,0.0,0.0
6,7,0.0,0.0,0.0,0.0,0.0,0.0,0.0,1.0,0.0,0.0,0.0,0.0,0.0
6,7,0.0,0.0,0.0,0.0,0.0,0.0,0.0,1.0,0.0,0.0,0.0,0.0,0.0
6,7,0.0,0.0,0.0,0.0,0.0,0.0,0.0,1.0,0.0,0.0,0.0,0.0,0.0
6,7,0.0,0.0,0.0,0.0,0.0,0.0,0.0,1.0,0.0,0.0,0.0,0.0,0.0
6,7,0.0,0.0,0.0,0.0,0.0,0.0,0.0,1.0,0.0,0.0,0.0,0.0,0.0
6,7,0.0,0.0,0.0,0.0,0.0,0.0,0.0,1.0,0.0,0.0,0.0,0.0,0.0
6,7,0.0,0.0,0.0,0.0,0.0,0.0,0.0,1.0,0.0,0.0,0.0,0.0,0.0
6,7,0.0,0.0,0.0,0.0,0.0,0.0,0.0,1.0,0.0,0.0,0.0,0.0,0.0
6,7,0.0,0.0,0.0,0.0,0.0,0.0,0.0,1.0,0.0,0.0,0.0,0.0,0.0
6,7,0.0,0.0,0.0,0.0,0.0,0.0,0.0,1.0,0.0,0.0,0.0,0.0,0.0
6,7,0.0,0.0,0.0,0.0,0.0,0.0,0.0,1.0,0.0,0.0,0.0,0.0,0.0
6,7,0.0,0.0,0.0,0.0,0.0,0.0,0.0,1.0,0.0,0.0,0.0,0.0,0.0
6,7,0.0,0.0,0.0,0.0,0.0,0.0,0.0,1.0,0.0,0.0,0.0,0.0,0.0
6,7,0.0,0.0,0.0,0.0,0.0,0.0,0.0,1.0,0.0,0.0,0.0,0.0,0.0
6,7,0.0,0.0,0.0,0.0,0.0,0.0,0.0,1.0,0.0,0.0,0.0,0.0,0.0
6,7,0.0,0.0,0.0,0.0,0.0,0.0,0.0,1.0,0.0,0.0,0.0,0.0,0.0
6,7,0.0,0.0,0.0,0.0,0.0,0.0,0.0,1.0,0.0,0.0,0.0,0.0,0.0
6,7,0.0,0.0,0.0,0.0,0.0,0.0,0.0,1.0,0.0,0.0,0.0,0.0,0.0
6,7,0.0,0.0,0.0,0.0,0.0,0.0,0.0,1.0,0.0,0.0,0.0,0.0,0.0
6,7,0.0,0.0,0.0,0.0,0.0,0.0,0.0,1.0,0.0,0.0,0.0,0.0,0.0
6,7,0.0,0.0,0.0,0.0,0.0,0.0,0.0,1.0,0.0,0.0,0.0,0.0,0.0
6,7,0.0,0.0,0.0,0.0,0.0,0.0,0.0,1.0,0.0,0.0,0.0,0.0,0.0
6,7,0.0,0.0,0.0,0.0,0.0,0.0,0.0,1.0,0.0,0.0,0.0,0.0,0.0
6,7,0.0,0.0,0.0,0.0,0.0,0.0,0.0,1.0,0.0,0.0,0.0,0.0,0.0
6,7,0.0,0.0,0.0,0.0,0.0,0.0,0.0,1.0,0.0,0.0,0.0,0.0,0.0
6,7,0.0,0.0,0.0,0.0,0.0,0.0,0.0,1.0,0.0,0.0,0.0,0.0,0.0
6,7,0.0,0.0,0.0,0.0,0.0,0.0,0.0,1.0,0.0,0.0,0.0,0.0,0.0
6,7,0.0,0.0,0.0,0.0,0.0,0.0,0.0,1.0,0.0,0.0,0.0,0.0,0.0
6,7,0.0,0.0,0.0,0.0,0.0,0.0,0.0,1.0,0.0,0.0,0.0,0.0,0.0
6,7,0.0,0.0,0.0,0.0,0.0,0.0,0.0,1.0,0.0,0.0,0.0,0.0,0.0
6,7,0.0,0.0,0.0,0.0,0.0,0.0,0.0,1.0,0.0,0.0,0.0,0.0,0.0
6,7,0.0,0.0,0.0,0.0,0.0,0.0,0.0,1.0,0.0,0.0,0.0,0.0,0.0
6,7,0.0,0.0,0.0,0.0,0.0,0.0,0.0,1.0,0.0,0.0,0.0,0.0,0.0
6,7,0.0,0.0,0.0,0.0,0.0,0.0,0.0,1.0,0.0,0.0,0.0,0.0,0.0
6,7,0.0,0.0,0.0,0.0,0.0,0.0,0.0,1.0,0.0,0.0,0.0,0.0,0.0
6,7,0.0,0.0,0.0,0.0,0.0,0.0,0.0,1.0,0.0,0.0,0.0,0.0,0.0
6,7,0.0,0.0,0.0,0.0,0.0,0.0,0.0,1.0,0.0,0.0,0.0,0.0,0.0
6,7,0.0,0.0,0.0,0.0,0.0,0.0,0.0,1.0,0.0,0.0,0.0,0.0,0.0
6,7,0.0,0.0,0.0,0.0,0.0,0.0,0.0,1.0,0.0,0.0,0.0,0.0,0.0
6,7,0.0,0.0,0.0,0.0,0.0,0.0,0.0,1.0,0.0,0.0,0.0,0.0,0.0
6,7,0.0,0.0,0.0,0.0,0.0,0.0,0.0,1.0,0.0,0.0,0.0,0.0,0.0
6,7,0.0,0.0,0.0,0.0,0.0,0.0,0.0,1.0,0.0,0.0,0.0,0.0,0.0
6,7,0.0,0.0,0.0,0.0,0.0,0.0,0.0,1.0,0.0,0.0,0.0,0.0,0.0
6,7,0.0,0.0,0.0,0.0,0.0,0.0,0.0,1.0,0.0,0.0,0.0,0.0,0.0
6,7,0.0,0.0,0.0,0.0,0.0,0.0,0.0,1.0,0.0,0.0,0.0,0.0,0.0
6,7,0.0,0.0,0.0,0.0,0.0,0.0,0.0,1.0,0.0,0.0,0.0,0.0,0.0
6,7,0.0,0.0,0.0,0.0,0.0,0.0,0.0,1.0,0.0,0.0,0.0,0.0,0.0
6,7,0.0,0.0,0.0,0.0,0.0,0.0,0.0,1.0,0.0,0.0,0.0,0.0,0.0
6,7,0.0,0.0,0.0,0.0,0.0,0.0,0.0,1.0,0.0,0.0,0.0,0.0,0.0
6,7,0.0,0.0,0.0,0.0,0.0,0.0,0.0,1.0,0.0,0.0,0.0,0.0,0.0
6,7,0.0,0.0,0.0,0.0,0.0,0.0,0.0,1.0,0.0,0.0,0.0,0.0,0.0
6,7,0.0,0.0,0.0,0.0,0.0,0.0,0.0,1.0,0.0,0.0,0.0,0.0,0.0
6,7,0.0,0.0,0.0,0.0,0.0,0.0,0.0,1.0,0.0,0.0,0.0,0.0,0.0
6,7,0.0,0.0,0.0,0.0,0.0,0.0,0.0,1.0,0.0,0.0,0.0,0.0,0.0
6,7,0.0,0.0,0.0,0.0,0.0,0.0,0.0,1.0,0.0,0.0,0.0,0.0,0.0
6,7,0.0,0.0,0.0,0.0,0.0,0.0,0.0,1.0,0.0,0.0,0.0,0.0,0.0
6,7,0.0,0.0,0.0,0.0,0.0,0.0,0.0,1.0,0.0,0.0,0.0,0.0,0.0
6,7,0.0,0.0,0.0,0.0,0.0,0.0,0.0,1.0,0.0,0.0,0.0,0.0,0.0
6,7,0.0,0.0,0.0,0.0,0.0,0.0,0.0,1.0,0.0,0.0,0.0,0.0,0.0
6,7,0.0,0.0,0.0,0.0,0.0,0.0,0.0,1.0,0.0,0.0,0.0,0.0,0.0
6,7,0.0,0.0,0.0,0.0,0.0,0.0,0.0,1.0,0.0,0.0,0.0,0.0,0.0
6,7,0.0,0.0,0.0,0.0,0.0,0.0,0.0,1.0,0.0,0.0,0.0,0.0,0.0
6,7,0.0,0.0,0.0,0.0,0.0,0.0,0.0,1.0,0.0,0.0,0.0,0.0,0.0
6,7,0.0,0.0,0.0,0.0,0.0,0.0,0.0,1.0,0.0,0.0,0.0,0.0,0.0
6,7,0.0,0.0,0.0,0.0,0.0,0.0,0.0,1.0,0.0,0.0,0.0,0.0,0.0
6,7,0.0,0.0,0.0,0.0,0.0,0.0,0.0,1.0,0.0,0.0,0.0,0.0,0.0
6,7,0.0,0.0,0.0,0.0,0.0,0.0,0.0,1.0,0.0,0.0,0.0,0.0,0.0
6,7,0.0,0.0,0.0,0.0,0.0,0.0,0.0,1.0,0.0,0.0,0.0,0.0,0.0
6,7,0.0,0.0,0.0,0.0,0.0,0.0,0.0,1.0,0.0,0.0,0.0,0.0,0.0
6,7,0.0,0.0,0.0,0.0,0.0,0.0,0.0,1.0,0.0,0.0,0.0,0.0,0.0
6,7,0.0,0.0,0.0,0.0,0.0,0.0,0.0,1.0,0.0,0.0,0.0,0.0,0.0
6,7,0.0,0.0,0.0,0.0,0.0,0.0,0.0,1.0,0.0,0.0,0.0,0.0,0.0
6,7,0.0,0.0,0.0,0.0,0.0,0.0,0.0,1.0,0.0,0.0,0.0,0.0,0.0
6,7,0.0,0.0,0.0,0.0,0.0,0.0,0.0,1.0,0.0,0.0,0.0,0.0,0.0
6,7,0.0,0.0,0.0,0.0,0.0,0.0,0.0,1.0,0.0,0.0,0.0,0.0,0.0
6,7,0.0,0.0,0.0,0.0,0.0,0.0,0.0,1.0,0.0,0.0,0.0,0.0,0.0
6,7,0.0,0.0,0.0,0.0,0.0,0.0,0.0,1.0,0.0,0.0,0.0,0.0,0.0
6,7,0.0,0.0,0.0,0.0,0.0,0.0,0.0,1.0,0.0,0.0,0.0,0.0,0.0
6,7,0.0,0.0,0.0,0.0,0.0,0.0,0.0,1.0,0.0,0.0,0.0,0.0,0.0
6,7,0.0,0.0,0.0,0.0,0.0,0.0,0.0,1.0,0.0,0.0,0.0,0.0,0.0
6,7,0.0,0.0,0.0,0.0,0.0,0.0,0.0,1.0,0.0,0.0,0.0,0.0,0.0
6,7,0.0,0.0,0.0,0.0,0.0,0.0,0.0,1.0,0.0,0.0,0.0,0.0,0.0
6,7,0.0,0.0,0.0,0.0,0.0,0.0,0.0,1.0,0.0,0.0,0.0,0.0,0.0
6,7,0.0,0.0,0.0,0.0,0.0,0.0,0.0,1.0,0.0,0.0,0.0,0.0,0.0
6,7,0.0,0.0,0.0,0.0,0.0,0.0,0.0,1.0,0.0,0.0,0.0,0.0,0.0
6,7,0.0,0.0,0.0,0.0,0.0,0.0,0.0,1.0,0.0,0.0,0.0,0.0,0.0
6,7,0.0,0.0,0.0,0.0,0.0,0.0,0.0,1.0,0.0,0.0,0.0,0.0,0.0
6,7,0.0,0.0,0.0,0.0,0.0,0.0,0.0,1.0,0.0,0.0,0.0,0.0,0.0
6,7,0.0,0.0,0.0,0.0,0.0,0.0,0.0,1.0,0.0,0.0,0.0,0.0,0.0
6,7,0.0,0.0,0.0,0.0,0.0,0.0,0.0,1.0,0.0,0.0,0.0,0.0,0.0
6,7,0.0,0.0,0.0,0.0,0.0,0.0,0.0,1.0,0.0,0.0,0.0,0.0,0.0
6,7,0.0,0.0,0.0,0.0,0.0,0.0,0.0,1.0,0.0,0.0,0.0,0.0,0.0
6,7,0.0,0.0,0.0,0.0,0.0,0.0,0.0,1.0,0.0,0.0,0.0,0.0,0.0
6,7,0.0,0.0,0.0,0.0,0.0,0.0,0.0,1.0,0.0,0.0,0.0,0.0,0.0
6,7,0.0,0.0,0.0,0.0,0.0,0.0,0.0,1.0,0.0,0.0,0.0,0.0,0.0
6,7,0.0,0.0,0.0,0.0,0.0,0.0,0.0,1.0,0.0,0.0,0.0,0.0,0.0
6,7,0.0,0.0,0.0,0.0,0.0,0.0,0.0,1.0,0.0,0.0,0.0,0.0,0.0
6,7,0.0,0.0,0.0,0.0,0.0,0.0,0.0,1.0,0.0,0.0,0.0,0.0,0.0
6,7,0.0,0.0,0.0,0.0,0.0,0.0,0.0,1.0,0.0,0.0,0.0,0.0,0.0
6,7,0.0,0.0,0.0,0.0,0.0,0.0,0.0,1.0,0.0,0.0,0.0,0.0,0.0
6,7,0.0,0.0,0.0,0.0,0.0,0.0,0.0,1.0,0.0,0.0,0.0,0.0,0.0
6,7,0.0,0.0,0.0,0.0,0.0,0.0,0.0,1.0,0.0,0.0,0.0,0.0,0.0
6,7,0.0,0.0,0.0,0.0,0.0,0.0,0.0,1.0,0.0,0.0,0.0,0.0,0.0
6,7,0.0,0.0,0.0,0.0,0.0,0.0,0.0,1.0,0.0,0.0,0.0,0.0,0.0
6,7,0.0,0.0,0.0,0.0,0.0,0.0,0.0,1.0,0.0,0.0,0.0,0.0,0.0
6,7,0.0,0.0,0.0,0.0,0.0,0.0,0.0,1.0,0.0,0.0,0.0,0.0,0.0
6,7,0.0,0.0,0.0,0.0,0.0,0.0,0.0,1.0,0.0,0.0,0.0,0.0,0.0
6,7,0.0,0.0,0.0,0.0,0.0,0.0,0.0,1.0,0.0,0.0,0.0,0.0,0.0
6,7,0.0,0.0,0.0,0.0,0.0,0.0,0.0,1.0,0.0,0.0,0.0,0.0,0.0
6,7,0.0,0.0,0.0,0.0,0.0,0.0,0.0,1.0,0.0,0.0,0.0,0.0,0.0
6,7,0.0,0.0,0.0,0.0,0.0,0.0,0.0,1.0,0.0,0.0,0.0,0.0,0.0
6,7,0.0,0.0,0.0,0.0,0.0,0.0,0.0,1.0,0.0,0.0,0.0,0.0,0.0
6,7,0.0,0.0,0.0,0.0,0.0,0.0,0.0,1.0,0.0,0.0,0.0,0.0,0.0
6,7,0.0,0.0,0.0,0.0,0.0,0.0,0.0,1.0,0.0,0.0,0.0,0.0,0.0
6,7,0.0,0.0,0.0,0.0,0.0,0.0,0.0,1.0,0.0,0.0,0.0,0.0,0.0
6,7,0.0,0.0,0.0,0.0,0.0,0.0,0.0,1.0,0.0,0.0,0.0,0.0,0.0
6,7,0.0,0.0,0.0,0.0,0.0,0.0,0.0,1.0,0.0,0.0,0.0,0.0,0.0
6,7,0.0,0.0,0.0,0.0,0.0,0.0,0.0,1.0,0.0,0.0,0.0,0.0,0.0
6,7,0.0,0.0,0.0,0.0,0.0,0.0,0.0,1.0,0.0,0.0,0.0,0.0,0.0
6,7,0.0,0.0,0.0,0.0,0.0,0.0,0.0,1.0,0.0,0.0,0.0,0.0,0.0
6,7,0.0,0.0,0.0,0.0,0.0,0.0,0.0,1.0,0.0,0.0,0.0,0.0,0.0
6,7,0.0,0.0,0.0,0.0,0.0,0.0,0.0,1.0,0.0,0.0,0.0,0.0,0.0
6,7,0.0,0.0,0.0,0.0,0.0,0.0,0.0,1.0,0.0,0.0,0.0,0.0,0.0
6,7,0.0,0.0,0.0,0.0,0.0,0.0,0.0,1.0,0.0,0.0,0.0,0.0,0.0
6,7,0.0,0.0,0.0,0.0,0.0,0.0,0.0,1.0,0.0,0.0,0.0,0.0,0.0
6,7,0.0,0.0,0.0,0.0,0.0,0.0,0.0,1.0,0.0,0.0,0.0,0.0,0.0
6,7,0.0,0.0,0.0,0.0,0.0,0.0,0.0,1.0,0.0,0.0,0.0,0.0,0.0
6,7,0.0,0.0,0.0,0.0,0.0,0.0,0.0,1.0,0.0,0.0,0.0,0.0,0.0
6,7,0.0,0.0,0.0,0.0,0.0,0.0,0.0,1.0,0.0,0.0,0.0,0.0,0.0
6,7,0.0,0.0,0.0,0.0,0.0,0.0,0.0,1.0,0.0,0.0,0.0,0.0,0.0
6,7,0.0,0.0,0.0,0.0,0.0,0.0,0.0,1.0,0.0,0.0,0.0,0.0,0.0
6,7,0.0,0.0,0.0,0.0,0.0,0.0,0.0,1.0,0.0,0.0,0.0,0.0,0.0
6,7,0.0,0.0,0.0,0.0,0.0,0.0,0.0,1.0,0.0,0.0,0.0,0.0,0.0
6,7,0.0,0.0,0.0,0.0,0.0,0.0,0.0,1.0,0.0,0.0,0.0,0.0,0.0
6,7,0.0,0.0,0.0,0.0,0.0,0.0,0.0,1.0,0.0,0.0,0.0,0.0,0.0
6,7,0.0,0.0,0.0,0.0,0.0,0.0,0.0,1.0,0.0,0.0,0.0,0.0,0.0
6,7,0.0,0.0,0.0,0.0,0.0,0.0,0.0,1.0,0.0,0.0,0.0,0.0,0.0
6,7,0.0,0.0,0.0,0.0,0.0,0.0,0.0,1.0,0.0,0.0,0.0,0.0,0.0
6,7,0.0,0.0,0.0,0.0,0.0,0.0,0.0,1.0,0.0,0.0,0.0,0.0,0.0
6,7,0.0,0.0,0.0,0.0,0.0,0.0,0.0,1.0,0.0,0.0,0.0,0.0,0.0
6,7,0.0,0.0,0.0,0.0,0.0,0.0,0.0,1.0,0.0,0.0,0.0,0.0,0.0
6,7,0.0,0.0,0.0,0.0,0.0,0.0,0.0,1.0,0.0,0.0,0.0,0.0,0.0
6,7,0.0,0.0,0.0,0.0,0.0,0.0,0.0,1.0,0.0,0.0,0.0,0.0,0.0
6,7,0.0,0.0,0.0,0.0,0.0,0.0,0.0,1.0,0.0,0.0,0.0,0.0,0.0
6,7,0.0,0.0,0.0,0.0,0.0,0.0,0.0,1.0,0.0,0.0,0.0,0.0,0.0
6,7,0.0,0.0,0.0,0.0,0.0,0.0,0.0,1.0,0.0,0.0,0.0,0.0,0.0
6,7,0.0,0.0,0.0,0.0,0.0,0.0,0.0,1.0,0.0,0.0,0.0,0.0,0.0
6,7,0.0,0.0,0.0,0.0,0.0,0.0,0.0,1.0,0.0,0.0,0.0,0.0,0.0
6,7,0.0,0.0,0.0,0.0,0.0,0.0,0.0,1.0,0.0,0.0,0.0,0.0,0.0
6,7,0.0,0.0,0.0,0.0,0.0,0.0,0.0,1.0,0.0,0.0,0.0,0.0,0.0
6,7,0.0,0.0,0.0,0.0,0.0,0.0,0.0,1.0,0.0,0.0,0.0,0.0,0.0
6,7,0.0,0.0,0.0,0.0,0.0,0.0,0.0,1.0,0.0,0.0,0.0,0.0,0.0
6,7,0.0,0.0,0.0,0.0,0.0,0.0,0.0,1.0,0.0,0.0,0.0,0.0,0.0
6,7,0.0,0.0,0.0,0.0,0.0,0.0,0.0,1.0,0.0,0.0,0.0,0.0,0.0
6,7,0.0,0.0,0.0,0.0,0.0,0.0,0.0,1.0,0.0,0.0,0.0,0.0,0.0
6,7,0.0,0.0,0.0,0.0,0.0,0.0,0.0,1.0,0.0,0.0,0.0,0.0,0.0
6,7,0.0,0.0,0.0,0.0,0.0,0.0,0.0,1.0,0.0,0.0,0.0,0.0,0.0
6,7,0.0,0.0,0.0,0.0,0.0,0.0,0.0,1.0,0.0,0.0,0.0,0.0,0.0
6,7,0.0,0.0,0.0,0.0,0.0,0.0,0.0,1.0,0.0,0.0,0.0,0.0,0.0
6,7,0.0,0.0,0.0,0.0,0.0,0.0,0.0,1.0,0.0,0.0,0.0,0.0,0.0
6,7,0.0,0.0,0.0,0.0,0.0,0.0,0.0,1.0,0.0,0.0,0.0,0.0,0.0
6,7,0.0,0.0,0.0,0.0,0.0,0.0,0.0,1.0,0.0,0.0,0.0,0.0,0.0
6,7,0.0,0.0,0.0,0.0,0.0,0.0,0.0,1.0,0.0,0.0,0.0,0.0,0.0
6,7,0.0,0.0,0.0,0.0,0.0,0.0,0.0,1.0,0.0,0.0,0.0,0.0,0.0
6,7,0.0,0.0,0.0,0.0,0.0,0.0,0.0,1.0,0.0,0.0,0.0,0.0,0.0
6,7,0.0,0.0,0.0,0.0,0.0,0.0,0.0,1.0,0.0,0.0,0.0,0.0,0.0
6,7,0.0,0.0,0.0,0.0,0.0,0.0,0.0,1.0,0.0,0.0,0.0,0.0,0.0
6,7,0.0,0.0,0.0,0.0,0.0,0.0,0.0,1.0,0.0,0.0,0.0,0.0,0.0
6,7,0.0,0.0,0.0,0.0,0.0,0.0,0.0,1.0,0.0,0.0,0.0,0.0,0.0
6,7,0.0,0.0,0.0,0.0,0.0,0.0,0.0,1.0,0.0,0.0,0.0,0.0,0.0
6,7,0.0,0.0,0.0,0.0,0.0,0.0,0.0,1.0,0.0,0.0,0.0,0.0,0.0
6,7,0.0,0.0,0.0,0.0,0.0,0.0,0.0,1.0,0.0,0.0,0.0,0.0,0.0
6,7,0.0,0.0,0.0,0.0,0.0,0.0,0.0,1.0,0.0,0.0,0.0,0.0,0.0
6,7,0.0,0.0,0.0,0.0,0.0,0.0,0.0,1.0,0.0,0.0,0.0,0.0,0.0
6,7,0.0,0.0,0.0,0.0,0.0,0.0,0.0,1.0,0.0,0.0,0.0,0.0,0.0
6,7,0.0,0.0,0.0,0.0,0.0,0.0,0.0,1.0,0.0,0.0,0.0,0.0,0.0
6,7,0.0,0.0,0.0,0.0,0.0,0.0,0.0,1.0,0.0,0.0,0.0,0.0,0.0
6,7,0.0,0.0,0.0,0.0,0.0,0.0,0.0,1.0,0.0,0.0,0.0,0.0,0.0
6,7,0.0,0.0,0.0,0.0,0.0,0.0,0.0,1.0,0.0,0.0,0.0,0.0,0.0
6,7,0.0,0.0,0.0,0.0,0.0,0.0,0.0,1.0,0.0,0.0,0.0,0.0,0.0
6,7,0.0,0.0,0.0,0.0,0.0,0.0,0.0,1.0,0.0,0.0,0.0,0.0,0.0
6,7,0.0,0.0,0.0,0.0,0.0,0.0,0.0,1.0,0.0,0.0,0.0,0.0,0.0
6,7,0.0,0.0,0.0,0.0,0.0,0.0,0.0,1.0,0.0,0.0,0.0,0.0,0.0
6,7,0.0,0.0,0.0,0.0,0.0,0.0,0.0,1.0,0.0,0.0,0.0,0.0,0.0
6,7,0.0,0.0,0.0,0.0,0.0,0.0,0.0,1.0,0.0,0.0,0.0,0.0,0.0
6,7,0.0,0.0,0.0,0.0,0.0,0.0,0.0,1.0,0.0,0.0,0.0,0.0,0.0
6,7,0.0,0.0,0.0,0.0,0.0,0.0,0.0,1.0,0.0,0.0,0.0,0.0,0.0
6,7,0.0,0.0,0.0,0.0,0.0,0.0,0.0,1.0,0.0,0.0,0.0,0.0,0.0
6,7,0.0,0.0,0.0,0.0,0.0,0.0,0.0,1.0,0.0,0.0,0.0,0.0,0.0
6,7,0.0,0.0,0.0,0.0,0.0,0.0,0.0,1.0,0.0,0.0,0.0,0.0,0.0
6,7,0.0,0.0,0.0,0.0,0.0,0.0,0.0,1.0,0.0,0.0,0.0,0.0,0.0
6,7,0.0,0.0,0.0,0.0,0.0,0.0,0.0,1.0,0.0,0.0,0.0,0.0,0.0
6,7,0.0,0.0,0.0,0.0,0.0,0.0,0.0,1.0,0.0,0.0,0.0,0.0,0.0
6,7,0.0,0.0,0.0,0.0,0.0,0.0,0.0,1.0,0.0,0.0,0.0,0.0,0.0
6,7,0.0,0.0,0.0,0.0,0.0,0.0,0.0,1.0,0.0,0.0,0.0,0.0,0.0
6,7,0.0,0.0,0.0,0.0,0.0,0.0,0.0,1.0,0.0,0.0,0.0,0.0,0.0
6,7,0.0,0.0,0.0,0.0,0.0,0.0,0.0,1.0,0.0,0.0,0.0,0.0,0.0
6,7,0.0,0.0,0.0,0.0,0.0,0.0,0.0,1.0,0.0,0.0,0.0,0.0,0.0
6,7,0.0,0.0,0.0,0.0,0.0,0.0,0.0,1.0,0.0,0.0,0.0,0.0,0.0
6,7,0.0,0.0,0.0,0.0,0.0,0.0,0.0,1.0,0.0,0.0,0.0,0.0,0.0
6,7,0.0,0.0,0.0,0.0,0.0,0.0,0.0,1.0,0.0,0.0,0.0,0.0,0.0
6,7,0.0,0.0,0.0,0.0,0.0,0.0,0.0,1.0,0.0,0.0,0.0,0.0,0.0
6,7,0.0,0.0,0.0,0.0,0.0,0.0,0.0,1.0,0.0,0.0,0.0,0.0,0.0
6,7,0.0,0.0,0.0,0.0,0.0,0.0,0.0,1.0,0.0,0.0,0.0,0.0,0.0
6,7,0.0,0.0,0.0,0.0,0.0,0.0,0.0,1.0,0.0,0.0,0.0,0.0,0.0
6,7,0.0,0.0,0.0,0.0,0.0,0.0,0.0,1.0,0.0,0.0,0.0,0.0,0.0
6,7,0.0,0.0,0.0,0.0,0.0,0.0,0.0,1.0,0.0,0.0,0.0,0.0,0.0
6,7,0.0,0.0,0.0,0.0,0.0,0.0,0.0,1.0,0.0,0.0,0.0,0.0,0.0
6,7,0.0,0.0,0.0,0.0,0.0,0.0,0.0,1.0,0.0,0.0,0.0,0.0,0.0
6,7,0.0,0.0,0.0,0.0,0.0,0.0,0.0,1.0,0.0,0.0,0.0,0.0,0.0
6,7,0.0,0.0,0.0,0.0,0.0,0.0,0.0,1.0,0.0,0.0,0.0,0.0,0.0
6,7,0.0,0.0,0.0,0.0,0.0,0.0,0.0,1.0,0.0,0.0,0.0,0.0,0.0
6,7,0.0,0.0,0.0,0.0,0.0,0.0,0.0,1.0,0.0,0.0,0.0,0.0,0.0
6,7,0.0,0.0,0.0,0.0,0.0,0.0,0.0,1.0,0.0,0.0,0.0,0.0,0.0
6,7,0.0,0.0,0.0,0.0,0.0,0.0,0.0,1.0,0.0,0.0,0.0,0.0,0.0
6,7,0.0,0.0,0.0,0.0,0.0,0.0,0.0,1.0,0.0,0.0,0.0,0.0,0.0
6,7,0.0,0.0,0.0,0.0,0.0,0.0,0.0,1.0,0.0,0.0,0.0,0.0,0.0
6,7,0.0,0.0,0.0,0.0,0.0,0.0,0.0,1.0,0.0,0.0,0.0,0.0,0.0
6,7,0.0,0.0,0.0,0.0,0.0,0.0,0.0,1.0,0.0,0.0,0.0,0.0,0.0
6,7,0.0,0.0,0.0,0.0,0.0,0.0,0.0,1.0,0.0,0.0,0.0,0.0,0.0
6,7,0.0,0.0,0.0,0.0,0.0,0.0,0.0,1.0,0.0,0.0,0.0,0.0,0.0
6,7,0.0,0.0,0.0,0.0,0.0,0.0,0.0,1.0,0.0,0.0,0.0,0.0,0.0
6,7,0.0,0.0,0.0,0.0,0.0,0.0,0.0,1.0,0.0,0.0,0.0,0.0,0.0
6,7,0.0,0.0,0.0,0.0,0.0,0.0,0.0,1.0,0.0,0.0,0.0,0.0,0.0
6,7,0.0,0.0,0.0,0.0,0.0,0.0,0.0,1.0,0.0,0.0,0.0,0.0,0.0
6,7,0.0,0.0,0.0,0.0,0.0,0.0,0.0,1.0,0.0,0.0,0.0,0.0,0.0
6,7,0.0,0.0,0.0,0.0,0.0,0.0,0.0,1.0,0.0,0.0,0.0,0.0,0.0
6,7,0.0,0.0,0.0,0.0,0.0,0.0,0.0,1.0,0.0,0.0,0.0,0.0,0.0
6,7,0.0,0.0,0.0,0.0,0.0,0.0,0.0,1.0,0.0,0.0,0.0,0.0,0.0
6,7,0.0,0.0,0.0,0.0,0.0,0.0,0.0,1.0,0.0,0.0,0.0,0.0,0.0
6,7,0.0,0.0,0.0,0.0,0.0,0.0,0.0,1.0,0.0,0.0,0.0,0.0,0.0
6,7,0.0,0.0,0.0,0.0,0.0,0.0,0.0,1.0,0.0,0.0,0.0,0.0,0.0
6,7,0.0,0.0,0.0,0.0,0.0,0.0,0.0,1.0,0.0,0.0,0.0,0.0,0.0
6,7,0.0,0.0,0.0,0.0,0.0,0.0,0.0,1.0,0.0,0.0,0.0,0.0,0.0
6,7,0.0,0.0,0.0,0.0,0.0,0.0,0.0,1.0,0.0,0.0,0.0,0.0,0.0
6,7,0.0,0.0,0.0,0.0,0.0,0.0,0.0,1.0,0.0,0.0,0.0,0.0,0.0
6,7,0.0,0.0,0.0,0.0,0.0,0.0,0.0,1.0,0.0,0.0,0.0,0.0,0.0
6,7,0.0,0.0,0.0,0.0,0.0,0.0,0.0,1.0,0.0,0.0,0.0,0.0,0.0
6,7,0.0,0.0,0.0,0.0,0.0,0.0,0.0,1.0,0.0,0.0,0.0,0.0,0.0
6,7,0.0,0.0,0.0,0.0,0.0,0.0,0.0,1.0,0.0,0.0,0.0,0.0,0.0
6,7,0.0,0.0,0.0,0.0,0.0,0.0,0.0,1.0,0.0,0.0,0.0,0.0,0.0
6,7,0.0,0.0,0.0,0.0,0.0,0.0,0.0,1.0,0.0,0.0,0.0,0.0,0.0
6,7,0.0,0.0,0.0,0.0,0.0,0.0,0.0,1.0,0.0,0.0,0.0,0.0,0.0
6,7,0.0,0.0,0.0,0.0,0.0,0.0,0.0,1.0,0.0,0.0,0.0,0.0,0.0
6,7,0.0,0.0,0.0,0.0,0.0,0.0,0.0,1.0,0.0,0.0,0.0,0.0,0.0
6,7,0.0,0.0,0.0,0.0,0.0,0.0,0.0,1.0,0.0,0.0,0.0,0.0,0.0
6,7,0.0,0.0,0.0,0.0,0.0,0.0,0.0,1.0,0.0,0.0,0.0,0.0,0.0
6,7,0.0,0.0,0.0,0.0,0.0,0.0,0.0,1.0,0.0,0.0,0.0,0.0,0.0
6,7,0.0,0.0,0.0,0.0,0.0,0.0,0.0,1.0,0.0,0.0,0.0,0.0,0.0
6,7,0.0,0.0,0.0,0.0,0.0,0.0,0.0,1.0,0.0,0.0,0.0,0.0,0.0
6,7,0.0,0.0,0.0,0.0,0.0,0.0,0.0,1.0,0.0,0.0,0.0,0.0,0.0
6,7,0.0,0.0,0.0,0.0,0.0,0.0,0.0,1.0,0.0,0.0,0.0,0.0,0.0
6,7,0.0,0.0,0.0,0.0,0.0,0.0,0.0,1.0,0.0,0.0,0.0,0.0,0.0
6,7,0.0,0.0,0.0,0.0,0.0,0.0,0.0,1.0,0.0,0.0,0.0,0.0,0.0
6,7,0.0,0.0,0.0,0.0,0.0,0.0,0.0,1.0,0.0,0.0,0.0,0.0,0.0
6,7,0.0,0.0,0.0,0.0,0.0,0.0,0.0,1.0,0.0,0.0,0.0,0.0,0.0
6,7,0.0,0.0,0.0,0.0,0.0,0.0,0.0,1.0,0.0,0.0,0.0,0.0,0.0
6,7,0.0,0.0,0.0,0.0,0.0,0.0,0.0,1.0,0.0,0.0,0.0,0.0,0.0
6,7,0.0,0.0,0.0,0.0,0.0,0.0,0.0,1.0,0.0,0.0,0.0,0.0,0.0
6,7,0.0,0.0,0.0,0.0,0.0,0.0,0.0,1.0,0.0,0.0,0.0,0.0,0.0
6,7,0.0,0.0,0.0,0.0,0.0,0.0,0.0,1.0,0.0,0.0,0.0,0.0,0.0
6,7,0.0,0.0,0.0,0.0,0.0,0.0,0.0,1.0,0.0,0.0,0.0,0.0,0.0
6,7,0.0,0.0,0.0,0.0,0.0,0.0,0.0,1.0,0.0,0.0,0.0,0.0,0.0
6,7,0.0,0.0,0.0,0.0,0.0,0.0,0.0,1.0,0.0,0.0,0.0,0.0,0.0
6,7,0.0,0.0,0.0,0.0,0.0,0.0,0.0,1.0,0.0,0.0,0.0,0.0,0.0
6,7,0.0,0.0,0.0,0.0,0.0,0.0,0.0,1.0,0.0,0.0,0.0,0.0,0.0
6,7,0.0,0.0,0.0,0.0,0.0,0.0,0.0,1.0,0.0,0.0,0.0,0.0,0.0
6,7,0.0,0.0,0.0,0.0,0.0,0.0,0.0,1.0,0.0,0.0,0.0,0.0,0.0
6,7,0.0,0.0,0.0,0.0,0.0,0.0,0.0,1.0,0.0,0.0,0.0,0.0,0.0
6,7,0.0,0.0,0.0,0.0,0.0,0.0,0.0,1.0,0.0,0.0,0.0,0.0,0.0
6,7,0.0,0.0,0.0,0.0,0.0,0.0,0.0,1.0,0.0,0.0,0.0,0.0,0.0
6,7,0.0,0.0,0.0,0.0,0.0,0.0,0.0,1.0,0.0,0.0,0.0,0.0,0.0
6,7,0.0,0.0,0.0,0.0,0.0,0.0,0.0,1.0,0.0,0.0,0.0,0.0,0.0
6,7,0.0,0.0,0.0,0.0,0.0,0.0,0.0,1.0,0.0,0.0,0.0,0.0,0.0
6,7,0.0,0.0,0.0,0.0,0.0,0.0,0.0,1.0,0.0,0.0,0.0,0.0,0.0
6,7,0.0,0.0,0.0,0.0,0.0,0.0,0.0,1.0,0.0,0.0,0.0,0.0,0.0
6,7,0.0,0.0,0.0,0.0,0.0,0.0,0.0,1.0,0.0,0.0,0.0,0.0,0.0
6,7,0.0,0.0,0.0,0.0,0.0,0.0,0.0,1.0,0.0,0.0,0.0,0.0,0.0
6,7,0.0,0.0,0.0,0.0,0.0,0.0,0.0,1.0,0.0,0.0,0.0,0.0,0.0
6,7,0.0,0.0,0.0,0.0,0.0,0.0,0.0,1.0,0.0,0.0,0.0,0.0,0.0
6,7,0.0,0.0,0.0,0.0,0.0,0.0,0.0,1.0,0.0,0.0,0.0,0.0,0.0
6,7,0.0,0.0,0.0,0.0,0.0,0.0,0.0,1.0,0.0,0.0,0.0,0.0,0.0
6,7,0.0,0.0,0.0,0.0,0.0,0.0,0.0,1.0,0.0,0.0,0.0,0.0,0.0
6,7,0.0,0.0,0.0,0.0,0.0,0.0,0.0,1.0,0.0,0.0,0.0,0.0,0.0
6,7,0.0,0.0,0.0,0.0,0.0,0.0,0.0,1.0,0.0,0.0,0.0,0.0,0.0
6,7,0.0,0.0,0.0,0.0,0.0,0.0,0.0,1.0,0.0,0.0,0.0,0.0,0.0
6,7,0.0,0.0,0.0,0.0,0.0,0.0,0.0,1.0,0.0,0.0,0.0,0.0,0.0
6,7,0.0,0.0,0.0,0.0,0.0,0.0,0.0,1.0,0.0,0.0,0.0,0.0,0.0
6,7,0.0,0.0,0.0,0.0,0.0,0.0,0.0,1.0,0.0,0.0,0.0,0.0,0.0
6,7,0.0,0.0,0.0,0.0,0.0,0.0,0.0,1.0,0.0,0.0,0.0,0.0,0.0
6,7,0.0,0.0,0.0,0.0,0.0,0.0,0.0,1.0,0.0,0.0,0.0,0.0,0.0
6,7,0.0,0.0,0.0,0.0,0.0,0.0,0.0,1.0,0.0,0.0,0.0,0.0,0.0
6,7,0.0,0.0,0.0,0.0,0.0,0.0,0.0,1.0,0.0,0.0,0.0,0.0,0.0
6,7,0.0,0.0,0.0,0.0,0.0,0.0,0.0,1.0,0.0,0.0,0.0,0.0,0.0
6,7,0.0,0.0,0.0,0.0,0.0,0.0,0.0,1.0,0.0,0.0,0.0,0.0,0.0
6,7,0.0,0.0,0.0,0.0,0.0,0.0,0.0,1.0,0.0,0.0,0.0,0.0,0.0
6,7,0.0,0.0,0.0,0.0,0.0,0.0,0.0,1.0,0.0,0.0,0.0,0.0,0.0
6,7,0.0,0.0,0.0,0.0,0.0,0.0,0.0,1.0,0.0,0.0,0.0,0.0,0.0
6,7,0.0,0.0,0.0,0.0,0.0,0.0,0.0,1.0,0.0,0.0,0.0,0.0,0.0
6,7,0.0,0.0,0.0,0.0,0.0,0.0,0.0,1.0,0.0,0.0,0.0,0.0,0.0
6,7,0.0,0.0,0.0,0.0,0.0,0.0,0.0,1.0,0.0,0.0,0.0,0.0,0.0
6,7,0.0,0.0,0.0,0.0,0.0,0.0,0.0,1.0,0.0,0.0,0.0,0.0,0.0
6,7,0.0,0.0,0.0,0.0,0.0,0.0,0.0,1.0,0.0,0.0,0.0,0.0,0.0
6,7,0.0,0.0,0.0,0.0,0.0,0.0,0.0,1.0,0.0,0.0,0.0,0.0,0.0
6,7,0.0,0.0,0.0,0.0,0.0,0.0,0.0,1.0,0.0,0.0,0.0,0.0,0.0
6,7,0.0,0.0,0.0,0.0,0.0,0.0,0.0,1.0,0.0,0.0,0.0,0.0,0.0
6,7,0.0,0.0,0.0,0.0,0.0,0.0,0.0,1.0,0.0,0.0,0.0,0.0,0.0
6,7,0.0,0.0,0.0,0.0,0.0,0.0,0.0,1.0,0.0,0.0,0.0,0.0,0.0
6,7,0.0,0.0,0.0,0.0,0.0,0.0,0.0,1.0,0.0,0.0,0.0,0.0,0.0
6,7,0.0,0.0,0.0,0.0,0.0,0.0,0.0,1.0,0.0,0.0,0.0,0.0,0.0
6,7,0.0,0.0,0.0,0.0,0.0,0.0,0.0,1.0,0.0,0.0,0.0,0.0,0.0
6,7,0.0,0.0,0.0,0.0,0.0,0.0,0.0,1.0,0.0,0.0,0.0,0.0,0.0
6,7,0.0,0.0,0.0,0.0,0.0,0.0,0.0,1.0,0.0,0.0,0.0,0.0,0.0
6,7,0.0,0.0,0.0,0.0,0.0,0.0,0.0,1.0,0.0,0.0,0.0,0.0,0.0
6,7,0.0,0.0,0.0,0.0,0.0,0.0,0.0,1.0,0.0,0.0,0.0,0.0,0.0
6,7,0.0,0.0,0.0,0.0,0.0,0.0,0.0,1.0,0.0,0.0,0.0,0.0,0.0
6,7,0.0,0.0,0.0,0.0,0.0,0.0,0.0,1.0,0.0,0.0,0.0,0.0,0.0
6,7,0.0,0.0,0.0,0.0,0.0,0.0,0.0,1.0,0.0,0.0,0.0,0.0,0.0
6,7,0.0,0.0,0.0,0.0,0.0,0.0,0.0,1.0,0.0,0.0,0.0,0.0,0.0
6,7,0.0,0.0,0.0,0.0,0.0,0.0,0.0,1.0,0.0,0.0,0.0,0.0,0.0
6,7,0.0,0.0,0.0,0.0,0.0,0.0,0.0,1.0,0.0,0.0,0.0,0.0,0.0
6,7,0.0,0.0,0.0,0.0,0.0,0.0,0.0,1.0,0.0,0.0,0.0,0.0,0.0
6,7,0.0,0.0,0.0,0.0,0.0,0.0,0.0,1.0,0.0,0.0,0.0,0.0,0.0
6,7,0.0,0.0,0.0,0.0,0.0,0.0,0.0,1.0,0.0,0.0,0.0,0.0,0.0
6,7,0.0,0.0,0.0,0.0,0.0,0.0,0.0,1.0,0.0,0.0,0.0,0.0,0.0
6,7,0.0,0.0,0.0,0.0,0.0,0.0,0.0,1.0,0.0,0.0,0.0,0.0,0.0
6,7,0.0,0.0,0.0,0.0,0.0,0.0,0.0,1.0,0.0,0.0,0.0,0.0,0.0
6,7,0.0,0.0,0.0,0.0,0.0,0.0,0.0,1.0,0.0,0.0,0.0,0.0,0.0
6,7,0.0,0.0,0.0,0.0,0.0,0.0,0.0,1.0,0.0,0.0,0.0,0.0,0.0
6,7,0.0,0.0,0.0,0.0,0.0,0.0,0.0,1.0,0.0,0.0,0.0,0.0,0.0
6,7,0.0,0.0,0.0,0.0,0.0,0.0,0.0,1.0,0.0,0.0,0.0,0.0,0.0
6,7,0.0,0.0,0.0,0.0,0.0,0.0,0.0,1.0,0.0,0.0,0.0,0.0,0.0
6,7,0.0,0.0,0.0,0.0,0.0,0.0,0.0,1.0,0.0,0.0,0.0,0.0,0.0
6,7,0.0,0.0,0.0,0.0,0.0,0.0,0.0,1.0,0.0,0.0,0.0,0.0,0.0
6,7,0.0,0.0,0.0,0.0,0.0,0.0,0.0,1.0,0.0,0.0,0.0,0.0,0.0
6,7,0.0,0.0,0.0,0.0,0.0,0.0,0.0,1.0,0.0,0.0,0.0,0.0,0.0
6,7,0.0,0.0,0.0,0.0,0.0,0.0,0.0,1.0,0.0,0.0,0.0,0.0,0.0
6,7,0.0,0.0,0.0,0.0,0.0,0.0,0.0,1.0,0.0,0.0,0.0,0.0,0.0
6,7,0.0,0.0,0.0,0.0,0.0,0.0,0.0,1.0,0.0,0.0,0.0,0.0,0.0
6,7,0.0,0.0,0.0,0.0,0.0,0.0,0.0,1.0,0.0,0.0,0.0,0.0,0.0
6,7,0.0,0.0,0.0,0.0,0.0,0.0,0.0,1.0,0.0,0.0,0.0,0.0,0.0
6,7,0.0,0.0,0.0,0.0,0.0,0.0,0.0,1.0,0.0,0.0,0.0,0.0,0.0
6,7,0.0,0.0,0.0,0.0,0.0,0.0,0.0,1.0,0.0,0.0,0.0,0.0,0.0
6,7,0.0,0.0,0.0,0.0,0.0,0.0,0.0,1.0,0.0,0.0,0.0,0.0,0.0
6,7,0.0,0.0,0.0,0.0,0.0,0.0,0.0,1.0,0.0,0.0,0.0,0.0,0.0
6,7,0.0,0.0,0.0,0.0,0.0,0.0,0.0,1.0,0.0,0.0,0.0,0.0,0.0
6,7,0.0,0.0,0.0,0.0,0.0,0.0,0.0,1.0,0.0,0.0,0.0,0.0,0.0
6,7,0.0,0.0,0.0,0.0,0.0,0.0,0.0,1.0,0.0,0.0,0.0,0.0,0.0
6,7,0.0,0.0,0.0,0.0,0.0,0.0,0.0,1.0,0.0,0.0,0.0,0.0,0.0
6,7,0.0,0.0,0.0,0.0,0.0,0.0,0.0,1.0,0.0,0.0,0.0,0.0,0.0
6,7,0.0,0.0,0.0,0.0,0.0,0.0,0.0,1.0,0.0,0.0,0.0,0.0,0.0
6,7,0.0,0.0,0.0,0.0,0.0,0.0,0.0,1.0,0.0,0.0,0.0,0.0,0.0
6,7,0.0,0.0,0.0,0.0,0.0,0.0,0.0,1.0,0.0,0.0,0.0,0.0,0.0
6,7,0.0,0.0,0.0,0.0,0.0,0.0,0.0,1.0,0.0,0.0,0.0,0.0,0.0
6,7,0.0,0.0,0.0,0.0,0.0,0.0,0.0,1.0,0.0,0.0,0.0,0.0,0.0
6,7,0.0,0.0,0.0,0.0,0.0,0.0,0.0,1.0,0.0,0.0,0.0,0.0,0.0
6,7,0.0,0.0,0.0,0.0,0.0,0.0,0.0,1.0,0.0,0.0,0.0,0.0,0.0
6,7,0.0,0.0,0.0,0.0,0.0,0.0,0.0,1.0,0.0,0.0,0.0,0.0,0.0
6,7,0.0,0.0,0.0,0.0,0.0,0.0,0.0,1.0,0.0,0.0,0.0,0.0,0.0
6,7,0.0,0.0,0.0,0.0,0.0,0.0,0.0,1.0,0.0,0.0,0.0,0.0,0.0
6,7,0.0,0.0,0.0,0.0,0.0,0.0,0.0,1.0,0.0,0.0,0.0,0.0,0.0
6,7,0.0,0.0,0.0,0.0,0.0,0.0,0.0,1.0,0.0,0.0,0.0,0.0,0.0
6,7,0.0,0.0,0.0,0.0,0.0,0.0,0.0,1.0,0.0,0.0,0.0,0.0,0.0
6,7,0.0,0.0,0.0,0.0,0.0,0.0,0.0,1.0,0.0,0.0,0.0,0.0,0.0
6,7,0.0,0.0,0.0,0.0,0.0,0.0,0.0,1.0,0.0,0.0,0.0,0.0,0.0
6,7,0.0,0.0,0.0,0.0,0.0,0.0,0.0,1.0,0.0,0.0,0.0,0.0,0.0
6,7,0.0,0.0,0.0,0.0,0.0,0.0,0.0,1.0,0.0,0.0,0.0,0.0,0.0
6,7,0.0,0.0,0.0,0.0,0.0,0.0,0.0,1.0,0.0,0.0,0.0,0.0,0.0
6,7,0.0,0.0,0.0,0.0,0.0,0.0,0.0,1.0,0.0,0.0,0.0,0.0,0.0
6,7,0.0,0.0,0.0,0.0,0.0,0.0,0.0,1.0,0.0,0.0,0.0,0.0,0.0
6,7,0.0,0.0,0.0,0.0,0.0,0.0,0.0,1.0,0.0,0.0,0.0,0.0,0.0
6,7,0.0,0.0,0.0,0.0,0.0,0.0,0.0,1.0,0.0,0.0,0.0,0.0,0.0
6,7,0.0,0.0,0.0,0.0,0.0,0.0,0.0,1.0,0.0,0.0,0.0,0.0,0.0
6,7,0.0,0.0,0.0,0.0,0.0,0.0,0.0,1.0,0.0,0.0,0.0,0.0,0.0
6,7,0.0,0.0,0.0,0.0,0.0,0.0,0.0,1.0,0.0,0.0,0.0,0.0,0.0
6,7,0.0,0.0,0.0,0.0,0.0,0.0,0.0,1.0,0.0,0.0,0.0,0.0,0.0
6,7,0.0,0.0,0.0,0.0,0.0,0.0,0.0,1.0,0.0,0.0,0.0,0.0,0.0
6,7,0.0,0.0,0.0,0.0,0.0,0.0,0.0,1.0,0.0,0.0,0.0,0.0,0.0
6,7,0.0,0.0,0.0,0.0,0.0,0.0,0.0,1.0,0.0,0.0,0.0,0.0,0.0
6,7,0.0,0.0,0.0,0.0,0.0,0.0,0.0,1.0,0.0,0.0,0.0,0.0,0.0
6,7,0.0,0.0,0.0,0.0,0.0,0.0,0.0,1.0,0.0,0.0,0.0,0.0,0.0
6,7,0.0,0.0,0.0,0.0,0.0,0.0,0.0,1.0,0.0,0.0,0.0,0.0,0.0
6,7,0.0,0.0,0.0,0.0,0.0,0.0,0.0,1.0,0.0,0.0,0.0,0.0,0.0
6,7,0.0,0.0,0.0,0.0,0.0,0.0,0.0,1.0,0.0,0.0,0.0,0.0,0.0
6,7,0.0,0.0,0.0,0.0,0.0,0.0,0.0,1.0,0.0,0.0,0.0,0.0,0.0
6,7,0.0,0.0,0.0,0.0,0.0,0.0,0.0,1.0,0.0,0.0,0.0,0.0,0.0
6,7,0.0,0.0,0.0,0.0,0.0,0.0,0.0,1.0,0.0,0.0,0.0,0.0,0.0
6,7,0.0,0.0,0.0,0.0,0.0,0.0,0.0,1.0,0.0,0.0,0.0,0.0,0.0
6,7,0.0,0.0,0.0,0.0,0.0,0.0,0.0,1.0,0.0,0.0,0.0,0.0,0.0
6,7,0.0,0.0,0.0,0.0,0.0,0.0,0.0,1.0,0.0,0.0,0.0,0.0,0.0
6,7,0.0,0.0,0.0,0.0,0.0,0.0,0.0,1.0,0.0,0.0,0.0,0.0,0.0
6,7,0.0,0.0,0.0,0.0,0.0,0.0,0.0,1.0,0.0,0.0,0.0,0.0,0.0
6,7,0.0,0.0,0.0,0.0,0.0,0.0,0.0,1.0,0.0,0.0,0.0,0.0,0.0
6,7,0.0,0.0,0.0,0.0,0.0,0.0,0.0,1.0,0.0,0.0,0.0,0.0,0.0
6,7,0.0,0.0,0.0,0.0,0.0,0.0,0.0,1.0,0.0,0.0,0.0,0.0,0.0
6,7,0.0,0.0,0.0,0.0,0.0,0.0,0.0,1.0,0.0,0.0,0.0,0.0,0.0
6,7,0.0,0.0,0.0,0.0,0.0,0.0,0.0,1.0,0.0,0.0,0.0,0.0,0.0
6,7,0.0,0.0,0.0,0.0,0.0,0.0,0.0,1.0,0.0,0.0,0.0,0.0,0.0
6,7,0.0,0.0,0.0,0.0,0.0,0.0,0.0,1.0,0.0,0.0,0.0,0.0,0.0
6,7,0.0,0.0,0.0,0.0,0.0,0.0,0.0,1.0,0.0,0.0,0.0,0.0,0.0
6,7,0.0,0.0,0.0,0.0,0.0,0.0,0.0,1.0,0.0,0.0,0.0,0.0,0.0
6,7,0.0,0.0,0.0,0.0,0.0,0.0,0.0,1.0,0.0,0.0,0.0,0.0,0.0
6,7,0.0,0.0,0.0,0.0,0.0,0.0,0.0,1.0,0.0,0.0,0.0,0.0,0.0
6,7,0.0,0.0,0.0,0.0,0.0,0.0,0.0,1.0,0.0,0.0,0.0,0.0,0.0
6,7,0.0,0.0,0.0,0.0,0.0,0.0,0.0,1.0,0.0,0.0,0.0,0.0,0.0
6,7,0.0,0.0,0.0,0.0,0.0,0.0,0.0,1.0,0.0,0.0,0.0,0.0,0.0
6,7,0.0,0.0,0.0,0.0,0.0,0.0,0.0,1.0,0.0,0.0,0.0,0.0,0.0
6,7,0.0,0.0,0.0,0.0,0.0,0.0,0.0,1.0,0.0,0.0,0.0,0.0,0.0
6,7,0.0,0.0,0.0,0.0,0.0,0.0,0.0,1.0,0.0,0.0,0.0,0.0,0.0
6,7,0.0,0.0,0.0,0.0,0.0,0.0,0.0,1.0,0.0,0.0,0.0,0.0,0.0
6,7,0.0,0.0,0.0,0.0,0.0,0.0,0.0,1.0,0.0,0.0,0.0,0.0,0.0
6,7,0.0,0.0,0.0,0.0,0.0,0.0,0.0,1.0,0.0,0.0,0.0,0.0,0.0
6,7,0.0,0.0,0.0,0.0,0.0,0.0,0.0,1.0,0.0,0.0,0.0,0.0,0.0
6,7,0.0,0.0,0.0,0.0,0.0,0.0,0.0,1.0,0.0,0.0,0.0,0.0,0.0
6,7,0.0,0.0,0.0,0.0,0.0,0.0,0.0,1.0,0.0,0.0,0.0,0.0,0.0
6,7,0.0,0.0,0.0,0.0,0.0,0.0,0.0,1.0,0.0,0.0,0.0,0.0,0.0
6,7,0.0,0.0,0.0,0.0,0.0,0.0,0.0,1.0,0.0,0.0,0.0,0.0,0.0
6,7,0.0,0.0,0.0,0.0,0.0,0.0,0.0,1.0,0.0,0.0,0.0,0.0,0.0
6,7,0.0,0.0,0.0,0.0,0.0,0.0,0.0,1.0,0.0,0.0,0.0,0.0,0.0
6,7,0.0,0.0,0.0,0.0,0.0,0.0,0.0,1.0,0.0,0.0,0.0,0.0,0.0
6,7,0.0,0.0,0.0,0.0,0.0,0.0,0.0,1.0,0.0,0.0,0.0,0.0,0.0
6,7,0.0,0.0,0.0,0.0,0.0,0.0,0.0,1.0,0.0,0.0,0.0,0.0,0.0
6,7,0.0,0.0,0.0,0.0,0.0,0.0,0.0,1.0,0.0,0.0,0.0,0.0,0.0
6,7,0.0,0.0,0.0,0.0,0.0,0.0,0.0,1.0,0.0,0.0,0.0,0.0,0.0
6,7,0.0,0.0,0.0,0.0,0.0,0.0,0.0,1.0,0.0,0.0,0.0,0.0,0.0
6,7,0.0,0.0,0.0,0.0,0.0,0.0,0.0,1.0,0.0,0.0,0.0,0.0,0.0
6,7,0.0,0.0,0.0,0.0,0.0,0.0,0.0,1.0,0.0,0.0,0.0,0.0,0.0
6,7,0.0,0.0,0.0,0.0,0.0,0.0,0.0,1.0,0.0,0.0,0.0,0.0,0.0
6,7,0.0,0.0,0.0,0.0,0.0,0.0,0.0,1.0,0.0,0.0,0.0,0.0,0.0
6,7,0.0,0.0,0.0,0.0,0.0,0.0,0.0,1.0,0.0,0.0,0.0,0.0,0.0
6,7,0.0,0.0,0.0,0.0,0.0,0.0,0.0,1.0,0.0,0.0,0.0,0.0,0.0
6,7,0.0,0.0,0.0,0.0,0.0,0.0,0.0,1.0,0.0,0.0,0.0,0.0,0.0
6,7,0.0,0.0,0.0,0.0,0.0,0.0,0.0,1.0,0.0,0.0,0.0,0.0,0.0
6,7,0.0,0.0,0.0,0.0,0.0,0.0,0.0,1.0,0.0,0.0,0.0,0.0,0.0
6,7,0.0,0.0,0.0,0.0,0.0,0.0,0.0,1.0,0.0,0.0,0.0,0.0,0.0
6,7,0.0,0.0,0.0,0.0,0.0,0.0,0.0,1.0,0.0,0.0,0.0,0.0,0.0
6,7,0.0,0.0,0.0,0.0,0.0,0.0,0.0,1.0,0.0,0.0,0.0,0.0,0.0
6,7,0.0,0.0,0.0,0.0,0.0,0.0,0.0,1.0,0.0,0.0,0.0,0.0,0.0
6,7,0.0,0.0,0.0,0.0,0.0,0.0,0.0,1.0,0.0,0.0,0.0,0.0,0.0
6,7,0.0,0.0,0.0,0.0,0.0,0.0,0.0,1.0,0.0,0.0,0.0,0.0,0.0
6,7,0.0,0.0,0.0,0.0,0.0,0.0,0.0,1.0,0.0,0.0,0.0,0.0,0.0
6,7,0.0,0.0,0.0,0.0,0.0,0.0,0.0,1.0,0.0,0.0,0.0,0.0,0.0
6,7,0.0,0.0,0.0,0.0,0.0,0.0,0.0,1.0,0.0,0.0,0.0,0.0,0.0
6,7,0.0,0.0,0.0,0.0,0.0,0.0,0.0,1.0,0.0,0.0,0.0,0.0,0.0
6,7,0.0,0.0,0.0,0.0,0.0,0.0,0.0,1.0,0.0,0.0,0.0,0.0,0.0
6,7,0.0,0.0,0.0,0.0,0.0,0.0,0.0,1.0,0.0,0.0,0.0,0.0,0.0
6,7,0.0,0.0,0.0,0.0,0.0,0.0,0.0,1.0,0.0,0.0,0.0,0.0,0.0
6,7,0.0,0.0,0.0,0.0,0.0,0.0,0.0,1.0,0.0,0.0,0.0,0.0,0.0
6,7,0.0,0.0,0.0,0.0,0.0,0.0,0.0,1.0,0.0,0.0,0.0,0.0,0.0
6,7,0.0,0.0,0.0,0.0,0.0,0.0,0.0,1.0,0.0,0.0,0.0,0.0,0.0
6,7,0.0,0.0,0.0,0.0,0.0,0.0,0.0,1.0,0.0,0.0,0.0,0.0,0.0
6,7,0.0,0.0,0.0,0.0,0.0,0.0,0.0,1.0,0.0,0.0,0.0,0.0,0.0
6,7,0.0,0.0,0.0,0.0,0.0,0.0,0.0,1.0,0.0,0.0,0.0,0.0,0.0
6,7,0.0,0.0,0.0,0.0,0.0,0.0,0.0,1.0,0.0,0.0,0.0,0.0,0.0
6,7,0.0,0.0,0.0,0.0,0.0,0.0,0.0,1.0,0.0,0.0,0.0,0.0,0.0
6,7,0.0,0.0,0.0,0.0,0.0,0.0,0.0,1.0,0.0,0.0,0.0,0.0,0.0
6,7,0.0,0.0,0.0,0.0,0.0,0.0,0.0,1.0,0.0,0.0,0.0,0.0,0.0
6,7,0.0,0.0,0.0,0.0,0.0,0.0,0.0,1.0,0.0,0.0,0.0,0.0,0.0
6,7,0.0,0.0,0.0,0.0,0.0,0.0,0.0,1.0,0.0,0.0,0.0,0.0,0.0
6,7,0.0,0.0,0.0,0.0,0.0,0.0,0.0,1.0,0.0,0.0,0.0,0.0,0.0
6,7,0.0,0.0,0.0,0.0,0.0,0.0,0.0,1.0,0.0,0.0,0.0,0.0,0.0
6,7,0.0,0.0,0.0,0.0,0.0,0.0,0.0,1.0,0.0,0.0,0.0,0.0,0.0
6,7,0.0,0.0,0.0,0.0,0.0,0.0,0.0,1.0,0.0,0.0,0.0,0.0,0.0
6,7,0.0,0.0,0.0,0.0,0.0,0.0,0.0,1.0,0.0,0.0,0.0,0.0,0.0
6,7,0.0,0.0,0.0,0.0,0.0,0.0,0.0,1.0,0.0,0.0,0.0,0.0,0.0
6,7,0.0,0.0,0.0,0.0,0.0,0.0,0.0,1.0,0.0,0.0,0.0,0.0,0.0
6,7,0.0,0.0,0.0,0.0,0.0,0.0,0.0,1.0,0.0,0.0,0.0,0.0,0.0
6,7,0.0,0.0,0.0,0.0,0.0,0.0,0.0,1.0,0.0,0.0,0.0,0.0,0.0
6,7,0.0,0.0,0.0,0.0,0.0,0.0,0.0,1.0,0.0,0.0,0.0,0.0,0.0
6,7,0.0,0.0,0.0,0.0,0.0,0.0,0.0,1.0,0.0,0.0,0.0,0.0,0.0
6,7,0.0,0.0,0.0,0.0,0.0,0.0,0.0,1.0,0.0,0.0,0.0,0.0,0.0
6,7,0.0,0.0,0.0,0.0,0.0,0.0,0.0,1.0,0.0,0.0,0.0,0.0,0.0
6,7,0.0,0.0,0.0,0.0,0.0,0.0,0.0,1.0,0.0,0.0,0.0,0.0,0.0
6,7,0.0,0.0,0.0,0.0,0.0,0.0,0.0,1.0,0.0,0.0,0.0,0.0,0.0
6,7,0.0,0.0,0.0,0.0,0.0,0.0,0.0,1.0,0.0,0.0,0.0,0.0,0.0
6,7,0.0,0.0,0.0,0.0,0.0,0.0,0.0,1.0,0.0,0.0,0.0,0.0,0.0
6,7,0.0,0.0,0.0,0.0,0.0,0.0,0.0,1.0,0.0,0.0,0.0,0.0,0.0
6,7,0.0,0.0,0.0,0.0,0.0,0.0,0.0,1.0,0.0,0.0,0.0,0.0,0.0
6,7,0.0,0.0,0.0,0.0,0.0,0.0,0.0,1.0,0.0,0.0,0.0,0.0,0.0
6,7,0.0,0.0,0.0,0.0,0.0,0.0,0.0,1.0,0.0,0.0,0.0,0.0,0.0
6,7,0.0,0.0,0.0,0.0,0.0,0.0,0.0,1.0,0.0,0.0,0.0,0.0,0.0
6,7,0.0,0.0,0.0,0.0,0.0,0.0,0.0,1.0,0.0,0.0,0.0,0.0,0.0
6,7,0.0,0.0,0.0,0.0,0.0,0.0,0.0,1.0,0.0,0.0,0.0,0.0,0.0
6,7,0.0,0.0,0.0,0.0,0.0,0.0,0.0,1.0,0.0,0.0,0.0,0.0,0.0
6,7,0.0,0.0,0.0,0.0,0.0,0.0,0.0,1.0,0.0,0.0,0.0,0.0,0.0
6,7,0.0,0.0,0.0,0.0,0.0,0.0,0.0,1.0,0.0,0.0,0.0,0.0,0.0
6,7,0.0,0.0,0.0,0.0,0.0,0.0,0.0,1.0,0.0,0.0,0.0,0.0,0.0
6,7,0.0,0.0,0.0,0.0,0.0,0.0,0.0,1.0,0.0,0.0,0.0,0.0,0.0
6,7,0.0,0.0,0.0,0.0,0.0,0.0,0.0,1.0,0.0,0.0,0.0,0.0,0.0
6,7,0.0,0.0,0.0,0.0,0.0,0.0,0.0,1.0,0.0,0.0,0.0,0.0,0.0
6,7,0.0,0.0,0.0,0.0,0.0,0.0,0.0,1.0,0.0,0.0,0.0,0.0,0.0
6,7,0.0,0.0,0.0,0.0,0.0,0.0,0.0,1.0,0.0,0.0,0.0,0.0,0.0
6,7,0.0,0.0,0.0,0.0,0.0,0.0,0.0,1.0,0.0,0.0,0.0,0.0,0.0
6,7,0.0,0.0,0.0,0.0,0.0,0.0,0.0,1.0,0.0,0.0,0.0,0.0,0.0
6,7,0.0,0.0,0.0,0.0,0.0,0.0,0.0,1.0,0.0,0.0,0.0,0.0,0.0
6,7,0.0,0.0,0.0,0.0,0.0,0.0,0.0,1.0,0.0,0.0,0.0,0.0,0.0
6,7,0.0,0.0,0.0,0.0,0.0,0.0,0.0,1.0,0.0,0.0,0.0,0.0,0.0
6,7,0.0,0.0,0.0,0.0,0.0,0.0,0.0,1.0,0.0,0.0,0.0,0.0,0.0
6,7,0.0,0.0,0.0,0.0,0.0,0.0,0.0,1.0,0.0,0.0,0.0,0.0,0.0
6,7,0.0,0.0,0.0,0.0,0.0,0.0,0.0,1.0,0.0,0.0,0.0,0.0,0.0
6,7,0.0,0.0,0.0,0.0,0.0,0.0,0.0,1.0,0.0,0.0,0.0,0.0,0.0
6,7,0.0,0.0,0.0,0.0,0.0,0.0,0.0,1.0,0.0,0.0,0.0,0.0,0.0
6,7,0.0,0.0,0.0,0.0,0.0,0.0,0.0,1.0,0.0,0.0,0.0,0.0,0.0
6,7,0.0,0.0,0.0,0.0,0.0,0.0,0.0,1.0,0.0,0.0,0.0,0.0,0.0
6,7,0.0,0.0,0.0,0.0,0.0,0.0,0.0,1.0,0.0,0.0,0.0,0.0,0.0
6,7,0.0,0.0,0.0,0.0,0.0,0.0,0.0,1.0,0.0,0.0,0.0,0.0,0.0
6,7,0.0,0.0,0.0,0.0,0.0,0.0,0.0,1.0,0.0,0.0,0.0,0.0,0.0
6,7,0.0,0.0,0.0,0.0,0.0,0.0,0.0,1.0,0.0,0.0,0.0,0.0,0.0
6,7,0.0,0.0,0.0,0.0,0.0,0.0,0.0,1.0,0.0,0.0,0.0,0.0,0.0
6,7,0.0,0.0,0.0,0.0,0.0,0.0,0.0,1.0,0.0,0.0,0.0,0.0,0.0
6,7,0.0,0.0,0.0,0.0,0.0,0.0,0.0,1.0,0.0,0.0,0.0,0.0,0.0
6,7,0.0,0.0,0.0,0.0,0.0,0.0,0.0,1.0,0.0,0.0,0.0,0.0,0.0
6,7,0.0,0.0,0.0,0.0,0.0,0.0,0.0,1.0,0.0,0.0,0.0,0.0,0.0
6,7,0.0,0.0,0.0,0.0,0.0,0.0,0.0,1.0,0.0,0.0,0.0,0.0,0.0
6,7,0.0,0.0,0.0,0.0,0.0,0.0,0.0,1.0,0.0,0.0,0.0,0.0,0.0
6,7,0.0,0.0,0.0,0.0,0.0,0.0,0.0,1.0,0.0,0.0,0.0,0.0,0.0
6,7,0.0,0.0,0.0,0.0,0.0,0.0,0.0,1.0,0.0,0.0,0.0,0.0,0.0
6,7,0.0,0.0,0.0,0.0,0.0,0.0,0.0,1.0,0.0,0.0,0.0,0.0,0.0
6,7,0.0,0.0,0.0,0.0,0.0,0.0,0.0,1.0,0.0,0.0,0.0,0.0,0.0
6,7,0.0,0.0,0.0,0.0,0.0,0.0,0.0,1.0,0.0,0.0,0.0,0.0,0.0
6,7,0.0,0.0,0.0,0.0,0.0,0.0,0.0,1.0,0.0,0.0,0.0,0.0,0.0
6,7,0.0,0.0,0.0,0.0,0.0,0.0,0.0,1.0,0.0,0.0,0.0,0.0,0.0
6,7,0.0,0.0,0.0,0.0,0.0,0.0,0.0,1.0,0.0,0.0,0.0,0.0,0.0
6,7,0.0,0.0,0.0,0.0,0.0,0.0,0.0,1.0,0.0,0.0,0.0,0.0,0.0
6,7,0.0,0.0,0.0,0.0,0.0,0.0,0.0,1.0,0.0,0.0,0.0,0.0,0.0
6,7,0.0,0.0,0.0,0.0,0.0,0.0,0.0,1.0,0.0,0.0,0.0,0.0,0.0
6,7,0.0,0.0,0.0,0.0,0.0,0.0,0.0,1.0,0.0,0.0,0.0,0.0,0.0
6,7,0.0,0.0,0.0,0.0,0.0,0.0,0.0,1.0,0.0,0.0,0.0,0.0,0.0
6,7,0.0,0.0,0.0,0.0,0.0,0.0,0.0,1.0,0.0,0.0,0.0,0.0,0.0
6,7,0.0,0.0,0.0,0.0,0.0,0.0,0.0,1.0,0.0,0.0,0.0,0.0,0.0
6,7,0.0,0.0,0.0,0.0,0.0,0.0,0.0,1.0,0.0,0.0,0.0,0.0,0.0
6,7,0.0,0.0,0.0,0.0,0.0,0.0,0.0,1.0,0.0,0.0,0.0,0.0,0.0
6,7,0.0,0.0,0.0,0.0,0.0,0.0,0.0,1.0,0.0,0.0,0.0,0.0,0.0
6,7,0.0,0.0,0.0,0.0,0.0,0.0,0.0,1.0,0.0,0.0,0.0,0.0,0.0
6,7,0.0,0.0,0.0,0.0,0.0,0.0,0.0,1.0,0.0,0.0,0.0,0.0,0.0
6,7,0.0,0.0,0.0,0.0,0.0,0.0,0.0,1.0,0.0,0.0,0.0,0.0,0.0
6,7,0.0,0.0,0.0,0.0,0.0,0.0,0.0,1.0,0.0,0.0,0.0,0.0,0.0
6,7,0.0,0.0,0.0,0.0,0.0,0.0,0.0,1.0,0.0,0.0,0.0,0.0,0.0
6,7,0.0,0.0,0.0,0.0,0.0,0.0,0.0,1.0,0.0,0.0,0.0,0.0,0.0
6,7,0.0,0.0,0.0,0.0,0.0,0.0,0.0,1.0,0.0,0.0,0.0,0.0,0.0
6,7,0.0,0.0,0.0,0.0,0.0,0.0,0.0,1.0,0.0,0.0,0.0,0.0,0.0
6,7,0.0,0.0,0.0,0.0,0.0,0.0,0.0,1.0,0.0,0.0,0.0,0.0,0.0
6,7,0.0,0.0,0.0,0.0,0.0,0.0,0.0,1.0,0.0,0.0,0.0,0.0,0.0
6,7,0.0,0.0,0.0,0.0,0.0,0.0,0.0,1.0,0.0,0.0,0.0,0.0,0.0
6,7,0.0,0.0,0.0,0.0,0.0,0.0,0.0,1.0,0.0,0.0,0.0,0.0,0.0
6,7,0.0,0.0,0.0,0.0,0.0,0.0,0.0,1.0,0.0,0.0,0.0,0.0,0.0
6,7,0.0,0.0,0.0,0.0,0.0,0.0,0.0,1.0,0.0,0.0,0.0,0.0,0.0
6,7,0.0,0.0,0.0,0.0,0.0,0.0,0.0,1.0,0.0,0.0,0.0,0.0,0.0
6,7,0.0,0.0,0.0,0.0,0.0,0.0,0.0,1.0,0.0,0.0,0.0,0.0,0.0
6,7,0.0,0.0,0.0,0.0,0.0,0.0,0.0,1.0,0.0,0.0,0.0,0.0,0.0
6,7,0.0,0.0,0.0,0.0,0.0,0.0,0.0,1.0,0.0,0.0,0.0,0.0,0.0
6,7,0.0,0.0,0.0,0.0,0.0,0.0,0.0,1.0,0.0,0.0,0.0,0.0,0.0
6,7,0.0,0.0,0.0,0.0,0.0,0.0,0.0,1.0,0.0,0.0,0.0,0.0,0.0
6,7,0.0,0.0,0.0,0.0,0.0,0.0,0.0,1.0,0.0,0.0,0.0,0.0,0.0
6,7,0.0,0.0,0.0,0.0,0.0,0.0,0.0,1.0,0.0,0.0,0.0,0.0,0.0
6,7,0.0,0.0,0.0,0.0,0.0,0.0,0.0,1.0,0.0,0.0,0.0,0.0,0.0
6,7,0.0,0.0,0.0,0.0,0.0,0.0,0.0,1.0,0.0,0.0,0.0,0.0,0.0
6,7,0.0,0.0,0.0,0.0,0.0,0.0,0.0,1.0,0.0,0.0,0.0,0.0,0.0
6,7,0.0,0.0,0.0,0.0,0.0,0.0,0.0,1.0,0.0,0.0,0.0,0.0,0.0
6,7,0.0,0.0,0.0,0.0,0.0,0.0,0.0,1.0,0.0,0.0,0.0,0.0,0.0
6,7,0.0,0.0,0.0,0.0,0.0,0.0,0.0,1.0,0.0,0.0,0.0,0.0,0.0
6,7,0.0,0.0,0.0,0.0,0.0,0.0,0.0,1.0,0.0,0.0,0.0,0.0,0.0
6,7,0.0,0.0,0.0,0.0,0.0,0.0,0.0,1.0,0.0,0.0,0.0,0.0,0.0
6,7,0.0,0.0,0.0,0.0,0.0,0.0,0.0,1.0,0.0,0.0,0.0,0.0,0.0
6,7,0.0,0.0,0.0,0.0,0.0,0.0,0.0,1.0,0.0,0.0,0.0,0.0,0.0
6,7,0.0,0.0,0.0,0.0,0.0,0.0,0.0,1.0,0.0,0.0,0.0,0.0,0.0
6,7,0.0,0.0,0.0,0.0,0.0,0.0,0.0,1.0,0.0,0.0,0.0,0.0,0.0
6,7,0.0,0.0,0.0,0.0,0.0,0.0,0.0,1.0,0.0,0.0,0.0,0.0,0.0
6,7,0.0,0.0,0.0,0.0,0.0,0.0,0.0,1.0,0.0,0.0,0.0,0.0,0.0
6,7,0.0,0.0,0.0,0.0,0.0,0.0,0.0,1.0,0.0,0.0,0.0,0.0,0.0
6,7,0.0,0.0,0.0,0.0,0.0,0.0,0.0,1.0,0.0,0.0,0.0,0.0,0.0
6,7,0.0,0.0,0.0,0.0,0.0,0.0,0.0,1.0,0.0,0.0,0.0,0.0,0.0
6,7,0.0,0.0,0.0,0.0,0.0,0.0,0.0,1.0,0.0,0.0,0.0,0.0,0.0
6,7,0.0,0.0,0.0,0.0,0.0,0.0,0.0,1.0,0.0,0.0,0.0,0.0,0.0
6,7,0.0,0.0,0.0,0.0,0.0,0.0,0.0,1.0,0.0,0.0,0.0,0.0,0.0
6,7,0.0,0.0,0.0,0.0,0.0,0.0,0.0,1.0,0.0,0.0,0.0,0.0,0.0
6,7,0.0,0.0,0.0,0.0,0.0,0.0,0.0,1.0,0.0,0.0,0.0,0.0,0.0
6,7,0.0,0.0,0.0,0.0,0.0,0.0,0.0,1.0,0.0,0.0,0.0,0.0,0.0
6,7,0.0,0.0,0.0,0.0,0.0,0.0,0.0,1.0,0.0,0.0,0.0,0.0,0.0
6,7,0.0,0.0,0.0,0.0,0.0,0.0,0.0,1.0,0.0,0.0,0.0,0.0,0.0
6,7,0.0,0.0,0.0,0.0,0.0,0.0,0.0,0.931743,0.06825699,0.0,0.0,0.0,0.0
6,7,0.0,0.0,0.0,0.0,0.0,0.0,0.0,0.931743,0.06825699,0.0,0.0,0.0,0.0
6,7,0.0,0.0,0.0,0.0,0.0,0.0,0.0,0.931743,0.06825699,0.0,0.0,0.0,0.0
6,7,0.0,0.0,0.0,0.0,0.0,0.0,0.0,0.931743,0.06825699,0.0,0.0,0.0,0.0
6,7,0.0,0.0,0.0,0.0,0.0,0.0,0.0,0.931743,0.06825699,0.0,0.0,0.0,0.0
6,7,0.0,0.0,0.0,0.0,0.0,0.0,0.0,0.931743,0.06825699,0.0,0.0,0.0,0.0
6,7,0.0,0.0,0.0,0.0,0.0,0.0,0.0,0.931743,0.06825699,0.0,0.0,0.0,0.0
6,7,0.0,0.0,0.0,0.0,0.0,0.0,0.0,0.931743,0.06825699,0.0,0.0,0.0,0.0
6,7,0.0,0.0,0.0,0.0,0.0,0.0,0.0,0.931743,0.06825699,0.0,0.0,0.0,0.0
6,7,0.0,0.0,0.0,0.0,0.0,0.0,0.0,0.931743,0.06825699,0.0,0.0,0.0,0.0
6,7,0.0,0.0,0.0,0.0,0.0,0.0,0.0,0.931743,0.06825699,0.0,0.0,0.0,0.0
6,7,0.0,0.0,0.0,0.0,0.0,0.0,0.0,0.931743,0.06825699,0.0,0.0,0.0,0.0
6,7,0.0,0.0,0.0,0.0,0.0,0.0,0.0,0.931743,0.06825699,0.0,0.0,0.0,0.0
6,7,0.0,0.0,0.0,0.0,0.0,0.0,0.0,0.931743,0.06825699,0.0,0.0,0.0,0.0
6,7,0.0,0.0,0.0,0.0,0.0,0.0,0.0,0.931743,0.06825699,0.0,0.0,0.0,0.0
6,7,0.0,0.0,0.0,0.0,0.0,0.0,0.0,0.931743,0.06825699,0.0,0.0,0.0,0.0
6,7,0.0,0.0,0.0,0.0,0.0,0.0,0.0,0.931743,0.06825699,0.0,0.0,0.0,0.0
6,7,0.0,0.0,0.0,0.0,0.0,0.0,0.0,0.931743,0.06825699,0.0,0.0,0.0,0.0
6,7,0.0,0.0,0.0,0.0,0.0,0.0,0.0,0.931743,0.06825699,0.0,0.0,0.0,0.0
6,7,0.0,0.0,0.0,0.0,0.0,0.0,0.0,0.931743,0.06825699,0.0,0.0,0.0,0.0
6,7,0.0,0.0,0.0,0.0,0.0,0.0,0.0,0.931743,0.06825699,0.0,0.0,0.0,0.0
6,7,0.0,0.0,0.0,0.0,0.0,0.0,0.0,0.931743,0.06825699,0.0,0.0,0.0,0.0
6,7,0.0,0.0,0.0,0.0,0.0,0.0,0.0,0.931743,0.06825699,0.0,0.0,0.0,0.0
6,7,0.0,0.0,0.0,0.0,0.0,0.0,0.0,0.931743,0.06825699,0.0,0.0,0.0,0.0
6,7,0.0,0.0,0.0,0.0,0.0,0.0,0.0,0.931743,0.06825699,0.0,0.0,0.0,0.0
6,7,0.0,0.0,0.0,0.0,0.0,0.0,0.0,0.931743,0.06825699,0.0,0.0,0.0,0.0
6,7,0.0,0.0,0.0,0.0,0.0,0.0,0.0,0.931743,0.06825699,0.0,0.0,0.0,0.0
6,7,0.0,0.0,0.0,0.0,0.0,0.0,0.0,0.931743,0.06825699,0.0,0.0,0.0,0.0
6,7,0.0,0.0,0.0,0.0,0.0,0.0,0.0,0.931743,0.06825699,0.0,0.0,0.0,0.0
6,7,0.0,0.0,0.0,0.0,0.0,0.0,0.0,0.931743,0.06825699,0.0,0.0,0.0,0.0
6,7,0.0,0.0,0.0,0.0,0.0,0.0,0.0,0.931743,0.06825699,0.0,0.0,0.0,0.0
6,7,0.0,0.0,0.0,0.0,0.0,0.0,0.0,0.931743,0.06825699,0.0,0.0,0.0,0.0
6,7,0.0,0.0,0.0,0.0,0.0,0.0,0.0,0.931743,0.06825699,0.0,0.0,0.0,0.0
6,7,0.0,0.0,0.0,0.0,0.0,0.0,0.0,0.931743,0.06825699,0.0,0.0,0.0,0.0
6,7,0.0,0.0,0.0,0.0,0.0,0.0,0.0,0.931743,0.06825699,0.0,0.0,0.0,0.0
6,7,0.0,0.0,0.0,0.0,0.0,0.0,0.0,0.931743,0.06825699,0.0,0.0,0.0,0.0
6,7,0.0,0.0,0.0,0.0,0.0,0.0,0.0,0.931743,0.06825699,0.0,0.0,0.0,0.0
6,7,0.0,0.0,0.0,0.0,0.0,0.0,0.0,0.931743,0.06825699,0.0,0.0,0.0,0.0
6,7,0.0,0.0,0.0,0.0,0.0,0.0,0.0,0.931743,0.06825699,0.0,0.0,0.0,0.0
6,7,0.0,0.0,0.0,0.0,0.0,0.0,0.0,0.931743,0.06825699,0.0,0.0,0.0,0.0
6,7,0.0,0.0,0.0,0.0,0.0,0.0,0.0,0.931743,0.06825699,0.0,0.0,0.0,0.0
6,7,0.0,0.0,0.0,0.0,0.0,0.0,0.0,0.931743,0.06825699,0.0,0.0,0.0,0.0
6,7,0.0,0.0,0.0,0.0,0.0,0.0,0.0,0.931743,0.06825699,0.0,0.0,0.0,0.0
6,7,0.0,0.0,0.0,0.0,0.0,0.0,0.0,0.931743,0.06825699,0.0,0.0,0.0,0.0
6,7,0.0,0.0,0.0,0.0,0.0,0.0,0.0,0.931743,0.06825699,0.0,0.0,0.0,0.0
6,7,0.0,0.0,0.0,0.0,0.0,0.0,0.0,0.931743,0.06825699,0.0,0.0,0.0,0.0
6,7,0.0,0.0,0.0,0.0,0.0,0.0,0.0,0.931743,0.06825699,0.0,0.0,0.0,0.0
6,7,0.0,0.0,0.0,0.0,0.0,0.0,0.0,0.931743,0.06825699,0.0,0.0,0.0,0.0
6,7,0.0,0.0,0.0,0.0,0.0,0.0,0.0,0.931743,0.06825699,0.0,0.0,0.0,0.0
6,7,0.0,0.0,0.0,0.0,0.0,0.0,0.0,0.931743,0.06825699,0.0,0.0,0.0,0.0
6,7,0.0,0.0,0.0,0.0,0.0,0.0,0.0,0.931743,0.06825699,0.0,0.0,0.0,0.0
6,7,0.0,0.0,0.0,0.0,0.0,0.0,0.0,0.931743,0.06825699,0.0,0.0,0.0,0.0
6,7,0.0,0.0,0.0,0.0,0.0,0.0,0.0,0.931743,0.06825699,0.0,0.0,0.0,0.0
6,7,0.0,0.0,0.0,0.0,0.0,0.0,0.0,0.931743,0.06825699,0.0,0.0,0.0,0.0
6,7,0.0,0.0,0.0,0.0,0.0,0.0,0.0,0.931743,0.06825699,0.0,0.0,0.0,0.0
6,7,0.0,0.0,0.0,0.0,0.0,0.0,0.0,0.931743,0.06825699,0.0,0.0,0.0,0.0
6,7,0.0,0.0,0.0,0.0,0.0,0.0,0.0,0.931743,0.06825699,0.0,0.0,0.0,0.0
6,7,0.0,0.0,0.0,0.0,0.0,0.0,0.0,0.931743,0.06825699,0.0,0.0,0.0,0.0
6,7,0.0,0.0,0.0,0.0,0.0,0.0,0.0,0.931743,0.06825699,0.0,0.0,0.0,0.0
6,7,0.0,0.0,0.0,0.0,0.0,0.0,0.0,0.931743,0.06825699,0.0,0.0,0.0,0.0
6,7,0.0,0.0,0.0,0.0,0.0,0.0,0.0,0.931743,0.06825699,0.0,0.0,0.0,0.0
6,7,0.0,0.0,0.0,0.0,0.0,0.0,0.0,0.931743,0.06825699,0.0,0.0,0.0,0.0
6,7,0.0,0.0,0.0,0.0,0.0,0.0,0.0,0.931743,0.06825699,0.0,0.0,0.0,0.0
6,7,0.0,0.0,0.0,0.0,0.0,0.0,0.0,0.931743,0.06825699,0.0,0.0,0.0,0.0
6,7,0.0,0.0,0.0,0.0,0.0,0.0,0.0,0.931743,0.06825699,0.0,0.0,0.0,0.0
6,7,0.0,0.0,0.0,0.0,0.0,0.0,0.0,0.931743,0.06825699,0.0,0.0,0.0,0.0
6,7,0.0,0.0,0.0,0.0,0.0,0.0,0.0,0.931743,0.06825699,0.0,0.0,0.0,0.0
6,7,0.0,0.0,0.0,0.0,0.0,0.0,0.0,0.931743,0.06825699,0.0,0.0,0.0,0.0
6,7,0.0,0.0,0.0,0.0,0.0,0.0,0.0,0.931743,0.06825699,0.0,0.0,0.0,0.0
6,7,0.0,0.0,0.0,0.0,0.0,0.0,0.0,0.931743,0.06825699,0.0,0.0,0.0,0.0
6,7,0.0,0.0,0.0,0.0,0.0,0.0,0.0,0.931743,0.06825699,0.0,0.0,0.0,0.0
6,7,0.0,0.0,0.0,0.0,0.0,0.0,0.0,0.931743,0.06825699,0.0,0.0,0.0,0.0
6,7,0.0,0.0,0.0,0.0,0.0,0.0,0.0,0.931743,0.06825699,0.0,0.0,0.0,0.0
6,7,0.0,0.0,0.0,0.0,0.0,0.0,0.0,0.931743,0.06825699,0.0,0.0,0.0,0.0
6,7,0.0,0.0,0.0,0.0,0.0,0.0,0.0,0.931743,0.06825699,0.0,0.0,0.0,0.0
6,7,0.0,0.0,0.0,0.0,0.0,0.0,0.0,0.931743,0.06825699,0.0,0.0,0.0,0.0
6,7,0.0,0.0,0.0,0.0,0.0,0.0,0.0,0.931743,0.06825699,0.0,0.0,0.0,0.0
6,7,0.0,0.0,0.0,0.0,0.0,0.0,0.0,0.931743,0.06825699,0.0,0.0,0.0,0.0
6,7,0.0,0.0,0.0,0.0,0.0,0.0,0.0,0.931743,0.06825699,0.0,0.0,0.0,0.0
6,7,0.0,0.0,0.0,0.0,0.0,0.0,0.0,0.931743,0.06825699,0.0,0.0,0.0,0.0
6,7,0.0,0.0,0.0,0.0,0.0,0.0,0.0,0.931743,0.06825699,0.0,0.0,0.0,0.0
6,7,0.0,0.0,0.0,0.0,0.0,0.0,0.0,0.931743,0.06825699,0.0,0.0,0.0,0.0
6,7,0.0,0.0,0.0,0.0,0.0,0.0,0.0,0.931743,0.06825699,0.0,0.0,0.0,0.0
6,7,0.0,0.0,0.0,0.0,0.0,0.0,0.0,0.931743,0.06825699,0.0,0.0,0.0,0.0
6,7,0.0,0.0,0.0,0.0,0.0,0.0,0.0,0.931743,0.06825699,0.0,0.0,0.0,0.0
6,7,0.0,0.0,0.0,0.0,0.0,0.0,0.0,0.931743,0.06825699,0.0,0.0,0.0,0.0
6,7,0.0,0.0,0.0,0.0,0.0,0.0,0.0,0.931743,0.06825699,0.0,0.0,0.0,0.0
6,7,0.0,0.0,0.0,0.0,0.0,0.0,0.0,0.931743,0.06825699,0.0,0.0,0.0,0.0
6,7,0.0,0.0,0.0,0.0,0.0,0.0,0.0,0.931743,0.06825699,0.0,0.0,0.0,0.0
6,7,0.0,0.0,0.0,0.0,0.0,0.0,0.0,0.931743,0.06825699,0.0,0.0,0.0,0.0
6,7,0.0,0.0,0.0,0.0,0.0,0.0,0.0,0.931743,0.06825699,0.0,0.0,0.0,0.0
6,7,0.0,0.0,0.0,0.0,0.0,0.0,0.0,0.931743,0.06825699,0.0,0.0,0.0,0.0
6,7,0.0,0.0,0.0,0.0,0.0,0.0,0.0,0.931743,0.06825699,0.0,0.0,0.0,0.0
6,7,0.0,0.0,0.0,0.0,0.0,0.0,0.0,0.931743,0.06825699,0.0,0.0,0.0,0.0
6,7,0.0,0.0,0.0,0.0,0.0,0.0,0.0,0.931743,0.06825699,0.0,0.0,0.0,0.0
6,7,0.0,0.0,0.0,0.0,0.0,0.0,0.0,0.931743,0.06825699,0.0,0.0,0.0,0.0
6,7,0.0,0.0,0.0,0.0,0.0,0.0,0.0,0.931743,0.06825699,0.0,0.0,0.0,0.0
6,7,0.0,0.0,0.0,0.0,0.0,0.0,0.0,0.931743,0.06825699,0.0,0.0,0.0,0.0
6,7,0.0,0.0,0.0,0.0,0.0,0.0,0.0,0.931743,0.06825699,0.0,0.0,0.0,0.0
6,7,0.0,0.0,0.0,0.0,0.0,0.0,0.0,0.931743,0.06825699,0.0,0.0,0.0,0.0
6,7,0.0,0.0,0.0,0.0,0.0,0.0,0.0,0.931743,0.06825699,0.0,0.0,0.0,0.0
6,7,0.0,0.0,0.0,0.0,0.0,0.0,0.0,0.931743,0.06825699,0.0,0.0,0.0,0.0
6,7,0.0,0.0,0.0,0.0,0.0,0.0,0.0,0.931743,0.06825699,0.0,0.0,0.0,0.0
6,7,0.0,0.0,0.0,0.0,0.0,0.0,0.0,0.931743,0.06825699,0.0,0.0,0.0,0.0
6,7,0.0,0.0,0.0,0.0,0.0,0.0,0.0,0.931743,0.06825699,0.0,0.0,0.0,0.0
6,7,0.0,0.0,0.0,0.0,0.0,0.0,0.0,0.931743,0.06825699,0.0,0.0,0.0,0.0
6,7,0.0,0.0,0.0,0.0,0.0,0.0,0.0,0.931743,0.06825699,0.0,0.0,0.0,0.0
6,7,0.0,0.0,0.0,0.0,0.0,0.0,0.0,0.931743,0.06825699,0.0,0.0,0.0,0.0
6,7,0.0,0.0,0.0,0.0,0.0,0.0,0.0,0.931743,0.06825699,0.0,0.0,0.0,0.0
6,7,0.0,0.0,0.0,0.0,0.0,0.0,0.0,0.931743,0.06825699,0.0,0.0,0.0,0.0
6,7,0.0,0.0,0.0,0.0,0.0,0.0,0.0,0.931743,0.06825699,0.0,0.0,0.0,0.0
6,7,0.0,0.0,0.0,0.0,0.0,0.0,0.0,0.931743,0.06825699,0.0,0.0,0.0,0.0
6,7,0.0,0.0,0.0,0.0,0.0,0.0,0.0,0.931743,0.06825699,0.0,0.0,0.0,0.0
6,7,0.0,0.0,0.0,0.0,0.0,0.0,0.0,0.931743,0.06825699,0.0,0.0,0.0,0.0
6,7,0.0,0.0,0.0,0.0,0.0,0.0,0.0,0.931743,0.06825699,0.0,0.0,0.0,0.0
6,7,0.0,0.0,0.0,0.0,0.0,0.0,0.0,0.931743,0.06825699,0.0,0.0,0.0,0.0
6,7,0.0,0.0,0.0,0.0,0.0,0.0,0.0,0.931743,0.06825699,0.0,0.0,0.0,0.0
6,7,0.0,0.0,0.0,0.0,0.0,0.0,0.0,0.931743,0.06825699,0.0,0.0,0.0,0.0
6,7,0.0,0.0,0.0,0.0,0.0,0.0,0.0,0.931743,0.06825699,0.0,0.0,0.0,0.0
6,7,0.0,0.0,0.0,0.0,0.0,0.0,0.0,0.931743,0.06825699,0.0,0.0,0.0,0.0
6,7,0.0,0.0,0.0,0.0,0.0,0.0,0.0,0.931743,0.06825699,0.0,0.0,0.0,0.0
6,7,0.0,0.0,0.0,0.0,0.0,0.0,0.0,0.931743,0.06825699,0.0,0.0,0.0,0.0
6,7,0.0,0.0,0.0,0.0,0.0,0.0,0.0,0.931743,0.06825699,0.0,0.0,0.0,0.0
6,7,0.0,0.0,0.0,0.0,0.0,0.0,0.0,0.931743,0.06825699,0.0,0.0,0.0,0.0
6,7,0.0,0.0,0.0,0.0,0.0,0.0,0.0,0.931743,0.06825699,0.0,0.0,0.0,0.0
6,7,0.0,0.0,0.0,0.0,0.0,0.0,0.0,0.931743,0.06825699,0.0,0.0,0.0,0.0
6,7,0.0,0.0,0.0,0.0,0.0,0.0,0.0,0.931743,0.06825699,0.0,0.0,0.0,0.0
6,7,0.0,0.0,0.0,0.0,0.0,0.0,0.0,0.931743,0.06825699,0.0,0.0,0.0,0.0
6,7,0.0,0.0,0.0,0.0,0.0,0.0,0.0,0.931743,0.06825699,0.0,0.0,0.0,0.0
6,7,0.0,0.0,0.0,0.0,0.0,0.0,0.0,0.931743,0.06825699,0.0,0.0,0.0,0.0
6,7,0.0,0.0,0.0,0.0,0.0,0.0,0.0,0.931743,0.06825699,0.0,0.0,0.0,0.0
6,7,0.0,0.0,0.0,0.0,0.0,0.0,0.0,0.931743,0.06825699,0.0,0.0,0.0,0.0
6,7,0.0,0.0,0.0,0.0,0.0,0.0,0.0,0.931743,0.06825699,0.0,0.0,0.0,0.0
6,7,0.0,0.0,0.0,0.0,0.0,0.0,0.0,0.931743,0.06825699,0.0,0.0,0.0,0.0
6,7,0.0,0.0,0.0,0.0,0.0,0.0,0.0,0.931743,0.06825699,0.0,0.0,0.0,0.0
6,7,0.0,0.0,0.0,0.0,0.0,0.0,0.0,0.931743,0.06825699,0.0,0.0,0.0,0.0
6,7,0.0,0.0,0.0,0.0,0.0,0.0,0.0,0.931743,0.06825699,0.0,0.0,0.0,0.0
6,7,0.0,0.0,0.0,0.0,0.0,0.0,0.0,0.931743,0.06825699,0.0,0.0,0.0,0.0
6,7,0.0,0.0,0.0,0.0,0.0,0.0,0.0,0.931743,0.06825699,0.0,0.0,0.0,0.0
6,7,0.0,0.0,0.0,0.0,0.0,0.0,0.0,0.931743,0.06825699,0.0,0.0,0.0,0.0
6,7,0.0,0.0,0.0,0.0,0.0,0.0,0.0,0.931743,0.06825699,0.0,0.0,0.0,0.0
6,7,0.0,0.0,0.0,0.0,0.0,0.0,0.0,0.931743,0.06825699,0.0,0.0,0.0,0.0
6,7,0.0,0.0,0.0,0.0,0.0,0.0,0.0,0.931743,0.06825699,0.0,0.0,0.0,0.0
6,7,0.0,0.0,0.0,0.0,0.0,0.0,0.0,0.931743,0.06825699,0.0,0.0,0.0,0.0
6,7,0.0,0.0,0.0,0.0,0.0,0.0,0.0,0.931743,0.06825699,0.0,0.0,0.0,0.0
6,7,0.0,0.0,0.0,0.0,0.0,0.0,0.0,0.931743,0.06825699,0.0,0.0,0.0,0.0
6,7,0.0,0.0,0.0,0.0,0.0,0.0,0.0,0.931743,0.06825699,0.0,0.0,0.0,0.0
6,7,0.0,0.0,0.0,0.0,0.0,0.0,0.0,0.931743,0.06825699,0.0,0.0,0.0,0.0
6,7,0.0,0.0,0.0,0.0,0.0,0.0,0.0,0.931743,0.06825699,0.0,0.0,0.0,0.0
6,7,0.0,0.0,0.0,0.0,0.0,0.0,0.0,0.931743,0.06825699,0.0,0.0,0.0,0.0
6,7,0.0,0.0,0.0,0.0,0.0,0.0,0.0,0.931743,0.06825699,0.0,0.0,0.0,0.0
6,7,0.0,0.0,0.0,0.0,0.0,0.0,0.0,0.931743,0.06825699,0.0,0.0,0.0,0.0
6,7,0.0,0.0,0.0,0.0,0.0,0.0,0.0,0.931743,0.06825699,0.0,0.0,0.0,0.0
6,7,0.0,0.0,0.0,0.0,0.0,0.0,0.0,0.931743,0.06825699,0.0,0.0,0.0,0.0
6,7,0.0,0.0,0.0,0.0,0.0,0.0,0.0,0.931743,0.06825699,0.0,0.0,0.0,0.0
6,7,0.0,0.0,0.0,0.0,0.0,0.0,0.0,0.931743,0.06825699,0.0,0.0,0.0,0.0
6,7,0.0,0.0,0.0,0.0,0.0,0.0,0.0,0.931743,0.06825699,0.0,0.0,0.0,0.0
6,7,0.0,0.0,0.0,0.0,0.0,0.0,0.0,0.931743,0.06825699,0.0,0.0,0.0,0.0
6,7,0.0,0.0,0.0,0.0,0.0,0.0,0.0,0.931743,0.06825699,0.0,0.0,0.0,0.0
6,7,0.0,0.0,0.0,0.0,0.0,0.0,0.0,0.931743,0.06825699,0.0,0.0,0.0,0.0
6,7,0.0,0.0,0.0,0.0,0.0,0.0,0.0,0.931743,0.06825699,0.0,0.0,0.0,0.0
6,7,0.0,0.0,0.0,0.0,0.0,0.0,0.0,0.931743,0.06825699,0.0,0.0,0.0,0.0
6,7,0.0,0.0,0.0,0.0,0.0,0.0,0.0,0.931743,0.06825699,0.0,0.0,0.0,0.0
6,7,0.0,0.0,0.0,0.0,0.0,0.0,0.0,0.931743,0.06825699,0.0,0.0,0.0,0.0
6,7,0.0,0.0,0.0,0.0,0.0,0.0,0.0,0.931743,0.06825699,0.0,0.0,0.0,0.0
6,7,0.0,0.0,0.0,0.0,0.0,0.0,0.0,0.931743,0.06825699,0.0,0.0,0.0,0.0
6,7,0.0,0.0,0.0,0.0,0.0,0.0,0.0,0.931743,0.06825699,0.0,0.0,0.0,0.0
6,7,0.0,0.0,0.0,0.0,0.0,0.0,0.0,0.931743,0.06825699,0.0,0.0,0.0,0.0
6,7,0.0,0.0,0.0,0.0,0.0,0.0,0.0,0.931743,0.06825699,0.0,0.0,0.0,0.0
6,7,0.0,0.0,0.0,0.0,0.0,0.0,0.0,0.931743,0.06825699,0.0,0.0,0.0,0.0
6,7,0.0,0.0,0.0,0.0,0.0,0.0,0.0,0.931743,0.06825699,0.0,0.0,0.0,0.0
6,7,0.0,0.0,0.0,0.0,0.0,0.0,0.0,0.931743,0.06825699,0.0,0.0,0.0,0.0
6,7,0.0,0.0,0.0,0.0,0.0,0.0,0.0,0.931743,0.06825699,0.0,0.0,0.0,0.0
6,7,0.0,0.0,0.0,0.0,0.0,0.0,0.0,0.931743,0.06825699,0.0,0.0,0.0,0.0
6,7,0.0,0.0,0.0,0.0,0.0,0.0,0.0,0.931743,0.06825699,0.0,0.0,0.0,0.0
6,7,0.0,0.0,0.0,0.0,0.0,0.0,0.0,0.931743,0.06825699,0.0,0.0,0.0,0.0
6,7,0.0,0.0,0.0,0.0,0.0,0.0,0.0,0.931743,0.06825699,0.0,0.0,0.0,0.0
6,7,0.0,0.0,0.0,0.0,0.0,0.0,0.0,0.931743,0.06825699,0.0,0.0,0.0,0.0
6,7,0.0,0.0,0.0,0.0,0.0,0.0,0.0,0.931743,0.06825699,0.0,0.0,0.0,0.0
6,7,0.0,0.0,0.0,0.0,0.0,0.0,0.0,0.931743,0.06825699,0.0,0.0,0.0,0.0
6,7,0.0,0.0,0.0,0.0,0.0,0.0,0.0,0.931743,0.06825699,0.0,0.0,0.0,0.0
6,7,0.0,0.0,0.0,0.0,0.0,0.0,0.0,0.931743,0.06825699,0.0,0.0,0.0,0.0
6,7,0.0,0.0,0.0,0.0,0.0,0.0,0.0,0.931743,0.06825699,0.0,0.0,0.0,0.0
6,7,0.0,0.0,0.0,0.0,0.0,0.0,0.0,0.931743,0.06825699,0.0,0.0,0.0,0.0
6,7,0.0,0.0,0.0,0.0,0.0,0.0,0.0,0.931743,0.06825699,0.0,0.0,0.0,0.0
6,7,0.0,0.0,0.0,0.0,0.0,0.0,0.0,0.931743,0.06825699,0.0,0.0,0.0,0.0
6,7,0.0,0.0,0.0,0.0,0.0,0.0,0.0,0.931743,0.06825699,0.0,0.0,0.0,0.0
6,7,0.0,0.0,0.0,0.0,0.0,0.0,0.0,0.931743,0.06825699,0.0,0.0,0.0,0.0
6,7,0.0,0.0,0.0,0.0,0.0,0.0,0.0,0.931743,0.06825699,0.0,0.0,0.0,0.0
6,7,0.0,0.0,0.0,0.0,0.0,0.0,0.0,0.931743,0.06825699,0.0,0.0,0.0,0.0
6,7,0.0,0.0,0.0,0.0,0.0,0.0,0.0,0.931743,0.06825699,0.0,0.0,0.0,0.0
6,7,0.0,0.0,0.0,0.0,0.0,0.0,0.0,0.931743,0.06825699,0.0,0.0,0.0,0.0
6,7,0.0,0.0,0.0,0.0,0.0,0.0,0.0,0.931743,0.06825699,0.0,0.0,0.0,0.0
6,7,0.0,0.0,0.0,0.0,0.0,0.0,0.0,0.931743,0.06825699,0.0,0.0,0.0,0.0
6,7,0.0,0.0,0.0,0.0,0.0,0.0,0.0,0.931743,0.06825699,0.0,0.0,0.0,0.0
6,7,0.0,0.0,0.0,0.0,0.0,0.0,0.0,0.931743,0.06825699,0.0,0.0,0.0,0.0
6,7,0.0,0.0,0.0,0.0,0.0,0.0,0.0,0.931743,0.06825699,0.0,0.0,0.0,0.0
6,7,0.0,0.0,0.0,0.0,0.0,0.0,0.0,0.931743,0.06825699,0.0,0.0,0.0,0.0
6,7,0.0,0.0,0.0,0.0,0.0,0.0,0.0,0.931743,0.06825699,0.0,0.0,0.0,0.0
6,7,0.0,0.0,0.0,0.0,0.0,0.0,0.0,0.931743,0.06825699,0.0,0.0,0.0,0.0
6,7,0.0,0.0,0.0,0.0,0.0,0.0,0.0,0.931743,0.06825699,0.0,0.0,0.0,0.0
6,7,0.0,0.0,0.0,0.0,0.0,0.0,0.0,0.931743,0.06825699,0.0,0.0,0.0,0.0
6,7,0.0,0.0,0.0,0.0,0.0,0.0,0.0,0.931743,0.06825699,0.0,0.0,0.0,0.0
6,7,0.0,0.0,0.0,0.0,0.0,0.0,0.0,0.931743,0.06825699,0.0,0.0,0.0,0.0
6,7,0.0,0.0,0.0,0.0,0.0,0.0,0.0,0.931743,0.06825699,0.0,0.0,0.0,0.0
6,7,0.0,0.0,0.0,0.0,0.0,0.0,0.0,0.931743,0.06825699,0.0,0.0,0.0,0.0
6,7,0.0,0.0,0.0,0.0,0.0,0.0,0.0,0.931743,0.06825699,0.0,0.0,0.0,0.0
6,7,0.0,0.0,0.0,0.0,0.0,0.0,0.0,0.931743,0.06825699,0.0,0.0,0.0,0.0
6,7,0.0,0.0,0.0,0.0,0.0,0.0,0.0,0.931743,0.06825699,0.0,0.0,0.0,0.0
6,7,0.0,0.0,0.0,0.0,0.0,0.0,0.0,0.931743,0.06825699,0.0,0.0,0.0,0.0
6,7,0.0,0.0,0.0,0.0,0.0,0.0,0.0,0.931743,0.06825699,0.0,0.0,0.0,0.0
6,7,0.0,0.0,0.0,0.0,0.0,0.0,0.0,0.931743,0.06825699,0.0,0.0,0.0,0.0
6,7,0.0,0.0,0.0,0.0,0.0,0.0,0.0,1.0,0.0,0.0,0.0,0.0,0.0
6,7,0.0,0.0,0.0,0.0,0.0,0.0,0.0,1.0,0.0,0.0,0.0,0.0,0.0
6,7,0.0,0.0,0.0,0.0,0.0,0.0,0.0,1.0,0.0,0.0,0.0,0.0,0.0
6,7,0.0,0.0,0.0,0.0,0.0,0.0,0.0,1.0,0.0,0.0,0.0,0.0,0.0
6,7,0.0,0.0,0.0,0.0,0.0,0.0,0.0,1.0,0.0,0.0,0.0,0.0,0.0
6,7,0.0,0.0,0.0,0.0,0.0,0.0,0.0,1.0,0.0,0.0,0.0,0.0,0.0
6,7,0.0,0.0,0.0,0.0,0.0,0.0,0.0,1.0,0.0,0.0,0.0,0.0,0.0
6,7,0.0,0.0,0.0,0.0,0.0,0.0,0.0,1.0,0.0,0.0,0.0,0.0,0.0
6,7,0.0,0.0,0.0,0.0,0.0,0.0,0.0,1.0,0.0,0.0,0.0,0.0,0.0
6,7,0.0,0.0,0.0,0.0,0.0,0.0,0.0,1.0,0.0,0.0,0.0,0.0,0.0
6,7,0.0,0.0,0.0,0.0,0.0,0.0,0.0,1.0,0.0,0.0,0.0,0.0,0.0
6,7,0.0,0.0,0.0,0.0,0.0,0.0,0.0,1.0,0.0,0.0,0.0,0.0,0.0
6,7,0.0,0.0,0.0,0.0,0.0,0.0,0.0,1.0,0.0,0.0,0.0,0.0,0.0
6,7,0.0,0.0,0.0,0.0,0.0,0.0,0.0,1.0,0.0,0.0,0.0,0.0,0.0
6,7,0.0,0.0,0.0,0.0,0.0,0.0,0.0,1.0,0.0,0.0,0.0,0.0,0.0
6,7,0.0,0.0,0.0,0.0,0.0,0.0,0.0,1.0,0.0,0.0,0.0,0.0,0.0
6,7,0.0,0.0,0.0,0.0,0.0,0.0,0.0,1.0,0.0,0.0,0.0,0.0,0.0
6,7,0.0,0.0,0.0,0.0,0.0,0.0,0.0,1.0,0.0,0.0,0.0,0.0,0.0
6,7,0.0,0.0,0.0,0.0,0.0,0.0,0.0,1.0,0.0,0.0,0.0,0.0,0.0
6,7,0.0,0.0,0.0,0.0,0.0,0.0,0.0,1.0,0.0,0.0,0.0,0.0,0.0
6,7,0.0,0.0,0.0,0.0,0.0,0.0,0.0,1.0,0.0,0.0,0.0,0.0,0.0
6,7,0.0,0.0,0.0,0.0,0.0,0.0,0.0,1.0,0.0,0.0,0.0,0.0,0.0
6,7,0.0,0.0,0.0,0.0,0.0,0.0,0.0,1.0,0.0,0.0,0.0,0.0,0.0
6,7,0.0,0.0,0.0,0.0,0.0,0.0,0.0,1.0,0.0,0.0,0.0,0.0,0.0
6,7,0.0,0.0,0.0,0.0,0.0,0.0,0.0,1.0,0.0,0.0,0.0,0.0,0.0
6,7,0.0,0.0,0.0,0.0,0.0,0.0,0.0,1.0,0.0,0.0,0.0,0.0,0.0
6,7,0.0,0.0,0.0,0.0,0.0,0.0,0.0,1.0,0.0,0.0,0.0,0.0,0.0
6,7,0.0,0.0,0.0,0.0,0.0,0.0,0.0,1.0,0.0,0.0,0.0,0.0,0.0
6,7,0.0,0.0,0.0,0.0,0.0,0.0,0.0,1.0,0.0,0.0,0.0,0.0,0.0
6,7,0.0,0.0,0.0,0.0,0.0,0.0,0.0,1.0,0.0,0.0,0.0,0.0,0.0
6,7,0.0,0.0,0.0,0.0,0.0,0.0,0.0,1.0,0.0,0.0,0.0,0.0,0.0
6,7,0.0,0.0,0.0,0.0,0.0,0.0,0.0,1.0,0.0,0.0,0.0,0.0,0.0
6,7,0.0,0.0,0.0,0.0,0.0,0.0,0.0,1.0,0.0,0.0,0.0,0.0,0.0
6,7,0.0,0.0,0.0,0.0,0.0,0.0,0.0,1.0,0.0,0.0,0.0,0.0,0.0
6,7,0.0,0.0,0.0,0.0,0.0,0.0,0.0,1.0,0.0,0.0,0.0,0.0,0.0
6,7,0.0,0.0,0.0,0.0,0.0,0.0,0.0,1.0,0.0,0.0,0.0,0.0,0.0
6,7,0.0,0.0,0.0,0.0,0.0,0.0,0.0,1.0,0.0,0.0,0.0,0.0,0.0
6,7,0.0,0.0,0.0,0.0,0.0,0.0,0.0,1.0,0.0,0.0,0.0,0.0,0.0
6,7,0.0,0.0,0.0,0.0,0.0,0.0,0.0,1.0,0.0,0.0,0.0,0.0,0.0
6,7,0.0,0.0,0.0,0.0,0.0,0.0,0.0,1.0,0.0,0.0,0.0,0.0,0.0
6,7,0.0,0.0,0.0,0.0,0.0,0.0,0.0,1.0,0.0,0.0,0.0,0.0,0.0
6,7,0.0,0.0,0.0,0.0,0.0,0.0,0.0,1.0,0.0,0.0,0.0,0.0,0.0
6,7,0.0,0.0,0.0,0.0,0.0,0.0,0.0,1.0,0.0,0.0,0.0,0.0,0.0
6,7,0.0,0.0,0.0,0.0,0.0,0.0,0.0,1.0,0.0,0.0,0.0,0.0,0.0
6,7,0.0,0.0,0.0,0.0,0.0,0.0,0.0,1.0,0.0,0.0,0.0,0.0,0.0
6,7,0.0,0.0,0.0,0.0,0.0,0.0,0.0,1.0,0.0,0.0,0.0,0.0,0.0
6,7,0.0,0.0,0.0,0.0,0.0,0.0,0.0,1.0,0.0,0.0,0.0,0.0,0.0
6,7,0.0,0.0,0.0,0.0,0.0,0.0,0.0,1.0,0.0,0.0,0.0,0.0,0.0
6,7,0.0,0.0,0.0,0.0,0.0,0.0,0.0,1.0,0.0,0.0,0.0,0.0,0.0
6,7,0.0,0.0,0.0,0.0,0.0,0.0,0.0,1.0,0.0,0.0,0.0,0.0,0.0
6,7,0.0,0.0,0.0,0.0,0.0,0.0,0.0,1.0,0.0,0.0,0.0,0.0,0.0
6,7,0.0,0.0,0.0,0.0,0.0,0.0,0.0,1.0,0.0,0.0,0.0,0.0,0.0
6,7,0.0,0.0,0.0,0.0,0.0,0.0,0.0,1.0,0.0,0.0,0.0,0.0,0.0
6,7,0.0,0.0,0.0,0.0,0.0,0.0,0.0,1.0,0.0,0.0,0.0,0.0,0.0
6,7,0.0,0.0,0.0,0.0,0.0,0.0,0.0,1.0,0.0,0.0,0.0,0.0,0.0
6,7,0.0,0.0,0.0,0.0,0.0,0.0,0.0,1.0,0.0,0.0,0.0,0.0,0.0
6,7,0.0,0.0,0.0,0.0,0.0,0.0,0.0,1.0,0.0,0.0,0.0,0.0,0.0
6,7,0.0,0.0,0.0,0.0,0.0,0.0,0.0,1.0,0.0,0.0,0.0,0.0,0.0
6,7,0.0,0.0,0.0,0.0,0.0,0.0,0.0,1.0,0.0,0.0,0.0,0.0,0.0
6,7,0.0,0.0,0.0,0.0,0.0,0.0,0.0,1.0,0.0,0.0,0.0,0.0,0.0
6,7,0.0,0.0,0.0,0.0,0.0,0.0,0.0,1.0,0.0,0.0,0.0,0.0,0.0
6,7,0.0,0.0,0.0,0.0,0.0,0.0,0.0,1.0,0.0,0.0,0.0,0.0,0.0
6,7,0.0,0.0,0.0,0.0,0.0,0.0,0.0,1.0,0.0,0.0,0.0,0.0,0.0
6,7,0.0,0.0,0.0,0.0,0.0,0.0,0.0,1.0,0.0,0.0,0.0,0.0,0.0
6,7,0.0,0.0,0.0,0.0,0.0,0.0,0.0,1.0,0.0,0.0,0.0,0.0,0.0
6,7,0.0,0.0,0.0,0.0,0.0,0.0,0.0,1.0,0.0,0.0,0.0,0.0,0.0
6,7,0.0,0.0,0.0,0.0,0.0,0.0,0.0,1.0,0.0,0.0,0.0,0.0,0.0
6,7,0.0,0.0,0.0,0.0,0.0,0.0,0.0,1.0,0.0,0.0,0.0,0.0,0.0
6,7,0.0,0.0,0.0,0.0,0.0,0.0,0.0,1.0,0.0,0.0,0.0,0.0,0.0
6,7,0.0,0.0,0.0,0.0,0.0,0.0,0.0,1.0,0.0,0.0,0.0,0.0,0.0
6,7,0.0,0.0,0.0,0.0,0.0,0.0,0.0,1.0,0.0,0.0,0.0,0.0,0.0
6,7,0.0,0.0,0.0,0.0,0.0,0.0,0.0,1.0,0.0,0.0,0.0,0.0,0.0
6,7,0.0,0.0,0.0,0.0,0.0,0.0,0.0,1.0,0.0,0.0,0.0,0.0,0.0
6,7,0.0,0.0,0.0,0.0,0.0,0.0,0.0,1.0,0.0,0.0,0.0,0.0,0.0
6,7,0.0,0.0,0.0,0.0,0.0,0.0,0.0,1.0,0.0,0.0,0.0,0.0,0.0
6,7,0.0,0.0,0.0,0.0,0.0,0.0,0.0,1.0,0.0,0.0,0.0,0.0,0.0
6,7,0.0,0.0,0.0,0.0,0.0,0.0,0.0,1.0,0.0,0.0,0.0,0.0,0.0
6,7,0.0,0.0,0.0,0.0,0.0,0.0,0.0,1.0,0.0,0.0,0.0,0.0,0.0
6,7,0.0,0.0,0.0,0.0,0.0,0.0,0.0,1.0,0.0,0.0,0.0,0.0,0.0
6,7,0.0,0.0,0.0,0.0,0.0,0.0,0.0,1.0,0.0,0.0,0.0,0.0,0.0
6,7,0.0,0.0,0.0,0.0,0.0,0.0,0.0,1.0,0.0,0.0,0.0,0.0,0.0
6,7,0.0,0.0,0.0,0.0,0.0,0.0,0.0,1.0,0.0,0.0,0.0,0.0,0.0
6,7,0.0,0.0,0.0,0.0,0.0,0.0,0.0,1.0,0.0,0.0,0.0,0.0,0.0
6,7,0.0,0.0,0.0,0.0,0.0,0.0,0.0,1.0,0.0,0.0,0.0,0.0,0.0
6,7,0.0,0.0,0.0,0.0,0.0,0.0,0.0,1.0,0.0,0.0,0.0,0.0,0.0
6,7,0.0,0.0,0.0,0.0,0.0,0.0,0.0,1.0,0.0,0.0,0.0,0.0,0.0
6,7,0.0,0.0,0.0,0.0,0.0,0.0,0.0,1.0,0.0,0.0,0.0,0.0,0.0
6,7,0.0,0.0,0.0,0.0,0.0,0.0,0.0,1.0,0.0,0.0,0.0,0.0,0.0
6,7,0.0,0.0,0.0,0.0,0.0,0.0,0.0,1.0,0.0,0.0,0.0,0.0,0.0
6,7,0.0,0.0,0.0,0.0,0.0,0.0,0.0,1.0,0.0,0.0,0.0,0.0,0.0
6,7,0.0,0.0,0.0,0.0,0.0,0.0,0.0,1.0,0.0,0.0,0.0,0.0,0.0
6,7,0.0,0.0,0.0,0.0,0.0,0.0,0.0,1.0,0.0,0.0,0.0,0.0,0.0
6,7,0.0,0.0,0.0,0.0,0.0,0.0,0.0,1.0,0.0,0.0,0.0,0.0,0.0
6,7,0.0,0.0,0.0,0.0,0.0,0.0,0.0,1.0,0.0,0.0,0.0,0.0,0.0
6,7,0.0,0.0,0.0,0.0,0.0,0.0,0.0,1.0,0.0,0.0,0.0,0.0,0.0
6,7,0.0,0.0,0.0,0.0,0.0,0.0,0.0,1.0,0.0,0.0,0.0,0.0,0.0
6,7,0.0,0.0,0.0,0.0,0.0,0.0,0.0,1.0,0.0,0.0,0.0,0.0,0.0
6,7,0.0,0.0,0.0,0.0,0.0,0.0,0.0,1.0,0.0,0.0,0.0,0.0,0.0
6,7,0.0,0.0,0.0,0.0,0.0,0.0,0.0,1.0,0.0,0.0,0.0,0.0,0.0
6,7,0.0,0.0,0.0,0.0,0.0,0.0,0.0,1.0,0.0,0.0,0.0,0.0,0.0
6,7,0.0,0.0,0.0,0.0,0.0,0.0,0.0,1.0,0.0,0.0,0.0,0.0,0.0
6,7,0.0,0.0,0.0,0.0,0.0,0.0,0.0,1.0,0.0,0.0,0.0,0.0,0.0
6,7,0.0,0.0,0.0,0.0,0.0,0.0,0.0,1.0,0.0,0.0,0.0,0.0,0.0
6,7,0.0,0.0,0.0,0.0,0.0,0.0,0.0,1.0,0.0,0.0,0.0,0.0,0.0
6,7,0.0,0.0,0.0,0.0,0.0,0.0,0.0,1.0,0.0,0.0,0.0,0.0,0.0
6,7,0.0,0.0,0.0,0.0,0.0,0.0,0.0,1.0,0.0,0.0,0.0,0.0,0.0
6,7,0.0,0.0,0.0,0.0,0.0,0.0,0.0,1.0,0.0,0.0,0.0,0.0,0.0
6,7,0.0,0.0,0.0,0.0,0.0,0.0,0.0,1.0,0.0,0.0,0.0,0.0,0.0
6,7,0.0,0.0,0.0,0.0,0.0,0.0,0.0,1.0,0.0,0.0,0.0,0.0,0.0
6,7,0.0,0.0,0.0,0.0,0.0,0.0,0.0,1.0,0.0,0.0,0.0,0.0,0.0
6,7,0.0,0.0,0.0,0.0,0.0,0.0,0.0,1.0,0.0,0.0,0.0,0.0,0.0
6,7,0.0,0.0,0.0,0.0,0.0,0.0,0.0,1.0,0.0,0.0,0.0,0.0,0.0
6,7,0.0,0.0,0.0,0.0,0.0,0.0,0.0,1.0,0.0,0.0,0.0,0.0,0.0
6,7,0.0,0.0,0.0,0.0,0.0,0.0,0.0,1.0,0.0,0.0,0.0,0.0,0.0
6,7,0.0,0.0,0.0,0.0,0.0,0.0,0.0,1.0,0.0,0.0,0.0,0.0,0.0
6,7,0.0,0.0,0.0,0.0,0.0,0.0,0.0,1.0,0.0,0.0,0.0,0.0,0.0
6,7,0.0,0.0,0.0,0.0,0.0,0.0,0.0,1.0,0.0,0.0,0.0,0.0,0.0
6,7,0.0,0.0,0.0,0.0,0.0,0.0,0.0,1.0,0.0,0.0,0.0,0.0,0.0
6,7,0.0,0.0,0.0,0.0,0.0,0.0,0.0,1.0,0.0,0.0,0.0,0.0,0.0
6,7,0.0,0.0,0.0,0.0,0.0,0.0,0.0,1.0,0.0,0.0,0.0,0.0,0.0
6,7,0.0,0.0,0.0,0.0,0.0,0.0,0.0,1.0,0.0,0.0,0.0,0.0,0.0
6,7,0.0,0.0,0.0,0.0,0.0,0.0,0.0,1.0,0.0,0.0,0.0,0.0,0.0
6,7,0.0,0.0,0.0,0.0,0.0,0.0,0.0,1.0,0.0,0.0,0.0,0.0,0.0
6,7,0.0,0.0,0.0,0.0,0.0,0.0,0.0,1.0,0.0,0.0,0.0,0.0,0.0
6,7,0.0,0.0,0.0,0.0,0.0,0.0,0.0,1.0,0.0,0.0,0.0,0.0,0.0
6,7,0.0,0.0,0.0,0.0,0.0,0.0,0.0,1.0,0.0,0.0,0.0,0.0,0.0
6,7,0.0,0.0,0.0,0.0,0.0,0.0,0.0,1.0,0.0,0.0,0.0,0.0,0.0
6,7,0.0,0.0,0.0,0.0,0.0,0.0,0.0,1.0,0.0,0.0,0.0,0.0,0.0
6,7,0.0,0.0,0.0,0.0,0.0,0.0,0.0,1.0,0.0,0.0,0.0,0.0,0.0
6,7,0.0,0.0,0.0,0.0,0.0,0.0,0.0,1.0,0.0,0.0,0.0,0.0,0.0
6,7,0.0,0.0,0.0,0.0,0.0,0.0,0.0,1.0,0.0,0.0,0.0,0.0,0.0
6,7,0.0,0.0,0.0,0.0,0.0,0.0,0.0,1.0,0.0,0.0,0.0,0.0,0.0
6,7,0.0,0.0,0.0,0.0,0.0,0.0,0.0,1.0,0.0,0.0,0.0,0.0,0.0
6,7,0.0,0.0,0.0,0.0,0.0,0.0,0.0,1.0,0.0,0.0,0.0,0.0,0.0
6,7,0.0,0.0,0.0,0.0,0.0,0.0,0.0,1.0,0.0,0.0,0.0,0.0,0.0
6,7,0.0,0.0,0.0,0.0,0.0,0.0,0.0,1.0,0.0,0.0,0.0,0.0,0.0
6,7,0.0,0.0,0.0,0.0,0.0,0.0,0.0,1.0,0.0,0.0,0.0,0.0,0.0
6,7,0.0,0.0,0.0,0.0,0.0,0.0,0.0,1.0,0.0,0.0,0.0,0.0,0.0
6,7,0.0,0.0,0.0,0.0,0.0,0.0,0.0,1.0,0.0,0.0,0.0,0.0,0.0
6,7,0.0,0.0,0.0,0.0,0.0,0.0,0.0,1.0,0.0,0.0,0.0,0.0,0.0
6,7,0.0,0.0,0.0,0.0,0.0,0.0,0.0,1.0,0.0,0.0,0.0,0.0,0.0
6,7,0.0,0.0,0.0,0.0,0.0,0.0,0.0,1.0,0.0,0.0,0.0,0.0,0.0
6,7,0.0,0.0,0.0,0.0,0.0,0.0,0.0,1.0,0.0,0.0,0.0,0.0,0.0
6,7,0.0,0.0,0.0,0.0,0.0,0.0,0.0,1.0,0.0,0.0,0.0,0.0,0.0
6,7,0.0,0.0,0.0,0.0,0.0,0.0,0.0,1.0,0.0,0.0,0.0,0.0,0.0
6,7,0.0,0.0,0.0,0.0,0.0,0.0,0.0,1.0,0.0,0.0,0.0,0.0,0.0
6,7,0.0,0.0,0.0,0.0,0.0,0.0,0.0,1.0,0.0,0.0,0.0,0.0,0.0
6,7,0.0,0.0,0.0,0.0,0.0,0.0,0.0,1.0,0.0,0.0,0.0,0.0,0.0
6,7,0.0,0.0,0.0,0.0,0.0,0.0,0.0,1.0,0.0,0.0,0.0,0.0,0.0
6,7,0.0,0.0,0.0,0.0,0.0,0.0,0.0,1.0,0.0,0.0,0.0,0.0,0.0
6,7,0.0,0.0,0.0,0.0,0.0,0.0,0.0,1.0,0.0,0.0,0.0,0.0,0.0
6,7,0.0,0.0,0.0,0.0,0.0,0.0,0.0,1.0,0.0,0.0,0.0,0.0,0.0
6,7,0.0,0.0,0.0,0.0,0.0,0.0,0.0,1.0,0.0,0.0,0.0,0.0,0.0
6,7,0.0,0.0,0.0,0.0,0.0,0.0,0.0,1.0,0.0,0.0,0.0,0.0,0.0
6,7,0.0,0.0,0.0,0.0,0.0,0.0,0.0,1.0,0.0,0.0,0.0,0.0,0.0
6,7,0.0,0.0,0.0,0.0,0.0,0.0,0.0,1.0,0.0,0.0,0.0,0.0,0.0
6,7,0.0,0.0,0.0,0.0,0.0,0.0,0.0,1.0,0.0,0.0,0.0,0.0,0.0
6,7,0.0,0.0,0.0,0.0,0.0,0.0,0.0,1.0,0.0,0.0,0.0,0.0,0.0
6,7,0.0,0.0,0.0,0.0,0.0,0.0,0.0,1.0,0.0,0.0,0.0,0.0,0.0
6,7,0.0,0.0,0.0,0.0,0.0,0.0,0.0,1.0,0.0,0.0,0.0,0.0,0.0
6,7,0.0,0.0,0.0,0.0,0.0,0.0,0.0,1.0,0.0,0.0,0.0,0.0,0.0
6,7,0.0,0.0,0.0,0.0,0.0,0.0,0.0,1.0,0.0,0.0,0.0,0.0,0.0
6,7,0.0,0.0,0.0,0.0,0.0,0.0,0.0,1.0,0.0,0.0,0.0,0.0,0.0
6,7,0.0,0.0,0.0,0.0,0.0,0.0,0.0,1.0,0.0,0.0,0.0,0.0,0.0
6,7,0.0,0.0,0.0,0.0,0.0,0.0,0.0,1.0,0.0,0.0,0.0,0.0,0.0
6,7,0.0,0.0,0.0,0.0,0.0,0.0,0.0,1.0,0.0,0.0,0.0,0.0,0.0
6,7,0.0,0.0,0.0,0.0,0.0,0.0,0.0,1.0,0.0,0.0,0.0,0.0,0.0
6,7,0.0,0.0,0.0,0.0,0.0,0.0,0.0,1.0,0.0,0.0,0.0,0.0,0.0
6,7,0.0,0.0,0.0,0.0,0.0,0.0,0.0,1.0,0.0,0.0,0.0,0.0,0.0
6,7,0.0,0.0,0.0,0.0,0.0,0.0,0.0,1.0,0.0,0.0,0.0,0.0,0.0
6,7,0.0,0.0,0.0,0.0,0.0,0.0,0.0,1.0,0.0,0.0,0.0,0.0,0.0
6,7,0.0,0.0,0.0,0.0,0.0,0.0,0.0,1.0,0.0,0.0,0.0,0.0,0.0
6,7,0.0,0.0,0.0,0.0,0.0,0.0,0.0,1.0,0.0,0.0,0.0,0.0,0.0
6,7,0.0,0.0,0.0,0.0,0.0,0.0,0.0,1.0,0.0,0.0,0.0,0.0,0.0
6,7,0.0,0.0,0.0,0.0,0.0,0.0,0.0,1.0,0.0,0.0,0.0,0.0,0.0
6,7,0.0,0.0,0.0,0.0,0.0,0.0,0.0,1.0,0.0,0.0,0.0,0.0,0.0
6,7,0.0,0.0,0.0,0.0,0.0,0.0,0.0,1.0,0.0,0.0,0.0,0.0,0.0
6,7,0.0,0.0,0.0,0.0,0.0,0.0,0.0,1.0,0.0,0.0,0.0,0.0,0.0
6,7,0.0,0.0,0.0,0.0,0.0,0.0,0.0,1.0,0.0,0.0,0.0,0.0,0.0
6,7,0.0,0.0,0.0,0.0,0.0,0.0,0.0,1.0,0.0,0.0,0.0,0.0,0.0
6,7,0.0,0.0,0.0,0.0,0.0,0.0,0.0,1.0,0.0,0.0,0.0,0.0,0.0
6,7,0.0,0.0,0.0,0.0,0.0,0.0,0.0,1.0,0.0,0.0,0.0,0.0,0.0
6,7,0.0,0.0,0.0,0.0,0.0,0.0,0.0,1.0,0.0,0.0,0.0,0.0,0.0
6,7,0.0,0.0,0.0,0.0,0.0,0.0,0.0,1.0,0.0,0.0,0.0,0.0,0.0
6,7,0.0,0.0,0.0,0.0,0.0,0.0,0.0,1.0,0.0,0.0,0.0,0.0,0.0
6,7,0.0,0.0,0.0,0.0,0.0,0.0,0.0,1.0,0.0,0.0,0.0,0.0,0.0
6,7,0.0,0.0,0.0,0.0,0.0,0.0,0.0,1.0,0.0,0.0,0.0,0.0,0.0
6,7,0.0,0.0,0.0,0.0,0.0,0.0,0.0,1.0,0.0,0.0,0.0,0.0,0.0
6,7,0.0,0.0,0.0,0.0,0.0,0.0,0.0,1.0,0.0,0.0,0.0,0.0,0.0
6,7,0.0,0.0,0.0,0.0,0.0,0.0,0.0,1.0,0.0,0.0,0.0,0.0,0.0
6,7,0.0,0.0,0.0,0.0,0.0,0.0,0.0,1.0,0.0,0.0,0.0,0.0,0.0
6,7,0.0,0.0,0.0,0.0,0.0,0.0,0.0,1.0,0.0,0.0,0.0,0.0,0.0
6,7,0.0,0.0,0.0,0.0,0.0,0.0,0.0,1.0,0.0,0.0,0.0,0.0,0.0
6,7,0.0,0.0,0.0,0.0,0.0,0.0,0.0,1.0,0.0,0.0,0.0,0.0,0.0
6,7,0.0,0.0,0.0,0.0,0.0,0.0,0.0,1.0,0.0,0.0,0.0,0.0,0.0
6,7,0.0,0.0,0.0,0.0,0.0,0.0,0.0,1.0,0.0,0.0,0.0,0.0,0.0
6,7,0.0,0.0,0.0,0.0,0.0,0.0,0.0,1.0,0.0,0.0,0.0,0.0,0.0
6,7,0.0,0.0,0.0,0.0,0.0,0.0,0.0,1.0,0.0,0.0,0.0,0.0,0.0
6,7,0.0,0.0,0.0,0.0,0.0,0.0,0.0,1.0,0.0,0.0,0.0,0.0,0.0
6,7,0.0,0.0,0.0,0.0,0.0,0.0,0.0,1.0,0.0,0.0,0.0,0.0,0.0
6,7,0.0,0.0,0.0,0.0,0.0,0.0,0.0,1.0,0.0,0.0,0.0,0.0,0.0
6,7,0.0,0.0,0.0,0.0,0.0,0.0,0.0,1.0,0.0,0.0,0.0,0.0,0.0
6,7,0.0,0.0,0.0,0.0,0.0,0.0,0.0,1.0,0.0,0.0,0.0,0.0,0.0
6,7,0.0,0.0,0.0,0.0,0.0,0.0,0.0,1.0,0.0,0.0,0.0,0.0,0.0
6,7,0.0,0.0,0.0,0.0,0.0,0.0,0.0,1.0,0.0,0.0,0.0,0.0,0.0
6,7,0.0,0.0,0.0,0.0,0.0,0.0,0.0,1.0,0.0,0.0,0.0,0.0,0.0
6,7,0.0,0.0,0.0,0.0,0.0,0.0,0.0,1.0,0.0,0.0,0.0,0.0,0.0
6,7,0.0,0.0,0.0,0.0,0.0,0.0,0.0,1.0,0.0,0.0,0.0,0.0,0.0
6,7,0.0,0.0,0.0,0.0,0.0,0.0,0.0,1.0,0.0,0.0,0.0,0.0,0.0
6,7,0.0,0.0,0.0,0.0,0.0,0.0,0.0,1.0,0.0,0.0,0.0,0.0,0.0
6,7,0.0,0.0,0.0,0.0,0.0,0.0,0.0,1.0,0.0,0.0,0.0,0.0,0.0
6,7,0.0,0.0,0.0,0.0,0.0,0.0,0.0,1.0,0.0,0.0,0.0,0.0,0.0
6,7,0.0,0.0,0.0,0.0,0.0,0.0,0.0,1.0,0.0,0.0,0.0,0.0,0.0
6,7,0.0,0.0,0.0,0.0,0.0,0.0,0.0,1.0,0.0,0.0,0.0,0.0,0.0
6,7,0.0,0.0,0.0,0.0,0.0,0.0,0.0,1.0,0.0,0.0,0.0,0.0,0.0
6,7,0.0,0.0,0.0,0.0,0.0,0.0,0.0,1.0,0.0,0.0,0.0,0.0,0.0
6,7,0.0,0.0,0.0,0.0,0.0,0.0,0.0,1.0,0.0,0.0,0.0,0.0,0.0
6,7,0.0,0.0,0.0,0.0,0.0,0.0,0.0,1.0,0.0,0.0,0.0,0.0,0.0
6,7,0.0,0.0,0.0,0.0,0.0,0.0,0.0,1.0,0.0,0.0,0.0,0.0,0.0
6,7,0.0,0.0,0.0,0.0,0.0,0.0,0.0,1.0,0.0,0.0,0.0,0.0,0.0
6,7,0.0,0.0,0.0,0.0,0.0,0.0,0.0,1.0,0.0,0.0,0.0,0.0,0.0
6,7,0.0,0.0,0.0,0.0,0.0,0.0,0.0,1.0,0.0,0.0,0.0,0.0,0.0
6,7,0.0,0.0,0.0,0.0,0.0,0.0,0.0,1.0,0.0,0.0,0.0,0.0,0.0
6,7,0.0,0.0,0.0,0.0,0.0,0.0,0.0,1.0,0.0,0.0,0.0,0.0,0.0
6,7,0.0,0.0,0.0,0.0,0.0,0.0,0.0,1.0,0.0,0.0,0.0,0.0,0.0
6,7,0.0,0.0,0.0,0.0,0.0,0.0,0.0,1.0,0.0,0.0,0.0,0.0,0.0
6,7,0.0,0.0,0.0,0.0,0.0,0.0,0.0,1.0,0.0,0.0,0.0,0.0,0.0
6,7,0.0,0.0,0.0,0.0,0.0,0.0,0.0,1.0,0.0,0.0,0.0,0.0,0.0
6,7,0.0,0.0,0.0,0.0,0.0,0.0,0.0,1.0,0.0,0.0,0.0,0.0,0.0
6,7,0.0,0.0,0.0,0.0,0.0,0.0,0.0,1.0,0.0,0.0,0.0,0.0,0.0
6,7,0.0,0.0,0.0,0.0,0.0,0.0,0.0,1.0,0.0,0.0,0.0,0.0,0.0
6,7,0.0,0.0,0.0,0.0,0.0,0.0,0.0,1.0,0.0,0.0,0.0,0.0,0.0
6,7,0.0,0.0,0.0,0.0,0.0,0.0,0.0,1.0,0.0,0.0,0.0,0.0,0.0
6,7,0.0,0.0,0.0,0.0,0.0,0.0,0.0,1.0,0.0,0.0,0.0,0.0,0.0
6,7,0.0,0.0,0.0,0.0,0.0,0.0,0.0,1.0,0.0,0.0,0.0,0.0,0.0
6,7,0.0,0.0,0.0,0.0,0.0,0.0,0.0,1.0,0.0,0.0,0.0,0.0,0.0
6,7,0.0,0.0,0.0,0.0,0.0,0.0,0.0,1.0,0.0,0.0,0.0,0.0,0.0
6,7,0.0,0.0,0.0,0.0,0.0,0.0,0.0,1.0,0.0,0.0,0.0,0.0,0.0
6,7,0.0,0.0,0.0,0.0,0.0,0.0,0.0,1.0,0.0,0.0,0.0,0.0,0.0
6,7,0.0,0.0,0.0,0.0,0.0,0.0,0.0,1.0,0.0,0.0,0.0,0.0,0.0
6,7,0.0,0.0,0.0,0.0,0.0,0.0,0.0,1.0,0.0,0.0,0.0,0.0,0.0
6,7,0.0,0.0,0.0,0.0,0.0,0.0,0.0,1.0,0.0,0.0,0.0,0.0,0.0
6,7,0.0,0.0,0.0,0.0,0.0,0.0,0.0,1.0,0.0,0.0,0.0,0.0,0.0
6,7,0.0,0.0,0.0,0.0,0.0,0.0,0.0,1.0,0.0,0.0,0.0,0.0,0.0
6,7,0.0,0.0,0.0,0.0,0.0,0.0,0.0,1.0,0.0,0.0,0.0,0.0,0.0
6,7,0.0,0.0,0.0,0.0,0.0,0.0,0.0,1.0,0.0,0.0,0.0,0.0,0.0
6,7,0.0,0.0,0.0,0.0,0.0,0.0,0.0,1.0,0.0,0.0,0.0,0.0,0.0
6,7,0.0,0.0,0.0,0.0,0.0,0.0,0.0,1.0,0.0,0.0,0.0,0.0,0.0
6,7,0.0,0.0,0.0,0.0,0.0,0.0,0.0,1.0,0.0,0.0,0.0,0.0,0.0
6,7,0.0,0.0,0.0,0.0,0.0,0.0,0.0,1.0,0.0,0.0,0.0,0.0,0.0
6,7,0.0,0.0,0.0,0.0,0.0,0.0,0.0,1.0,0.0,0.0,0.0,0.0,0.0
6,7,0.0,0.0,0.0,0.0,0.0,0.0,0.0,1.0,0.0,0.0,0.0,0.0,0.0
6,7,0.0,0.0,0.0,0.0,0.0,0.0,0.0,1.0,0.0,0.0,0.0,0.0,0.0
6,7,0.0,0.0,0.0,0.0,0.0,0.0,0.0,1.0,0.0,0.0,0.0,0.0,0.0
6,7,0.0,0.0,0.0,0.0,0.0,0.0,0.0,1.0,0.0,0.0,0.0,0.0,0.0
6,7,0.0,0.0,0.0,0.0,0.0,0.0,0.0,1.0,0.0,0.0,0.0,0.0,0.0
6,7,0.0,0.0,0.0,0.0,0.0,0.0,0.0,1.0,0.0,0.0,0.0,0.0,0.0
6,7,0.0,0.0,0.0,0.0,0.0,0.0,0.0,1.0,0.0,0.0,0.0,0.0,0.0
6,7,0.0,0.0,0.0,0.0,0.0,0.0,0.0,1.0,0.0,0.0,0.0,0.0,0.0
6,7,0.0,0.0,0.0,0.0,0.0,0.0,0.0,1.0,0.0,0.0,0.0,0.0,0.0
6,7,0.0,0.0,0.0,0.0,0.0,0.0,0.0,1.0,0.0,0.0,0.0,0.0,0.0
6,7,0.0,0.0,0.0,0.0,0.0,0.0,0.0,1.0,0.0,0.0,0.0,0.0,0.0
6,7,0.0,0.0,0.0,0.0,0.0,0.0,0.0,1.0,0.0,0.0,0.0,0.0,0.0
6,7,0.0,0.0,0.0,0.0,0.0,0.0,0.0,1.0,0.0,0.0,0.0,0.0,0.0
6,7,0.0,0.0,0.0,0.0,0.0,0.0,0.0,1.0,0.0,0.0,0.0,0.0,0.0
6,7,0.0,0.0,0.0,0.0,0.0,0.0,0.0,1.0,0.0,0.0,0.0,0.0,0.0
6,7,0.0,0.0,0.0,0.0,0.0,0.0,0.0,1.0,0.0,0.0,0.0,0.0,0.0
6,7,0.0,0.0,0.0,0.0,0.0,0.0,0.0,1.0,0.0,0.0,0.0,0.0,0.0
6,7,0.0,0.0,0.0,0.0,0.0,0.0,0.0,1.0,0.0,0.0,0.0,0.0,0.0
6,7,0.0,0.0,0.0,0.0,0.0,0.0,0.0,1.0,0.0,0.0,0.0,0.0,0.0
6,7,0.0,0.0,0.0,0.0,0.0,0.0,0.0,1.0,0.0,0.0,0.0,0.0,0.0
6,7,0.0,0.0,0.0,0.0,0.0,0.0,0.0,1.0,0.0,0.0,0.0,0.0,0.0
6,7,0.0,0.0,0.0,0.0,0.0,0.0,0.0,1.0,0.0,0.0,0.0,0.0,0.0
6,7,0.0,0.0,0.0,0.0,0.0,0.0,0.0,1.0,0.0,0.0,0.0,0.0,0.0
6,7,0.0,0.0,0.0,0.0,0.0,0.0,0.0,1.0,0.0,0.0,0.0,0.0,0.0
6,7,0.0,0.0,0.0,0.0,0.0,0.0,0.0,1.0,0.0,0.0,0.0,0.0,0.0
6,7,0.0,0.0,0.0,0.0,0.0,0.0,0.0,1.0,0.0,0.0,0.0,0.0,0.0
6,7,0.0,0.0,0.0,0.0,0.0,0.0,0.0,1.0,0.0,0.0,0.0,0.0,0.0
6,7,0.0,0.0,0.0,0.0,0.0,0.0,0.0,1.0,0.0,0.0,0.0,0.0,0.0
6,7,0.0,0.0,0.0,0.0,0.0,0.0,0.0,1.0,0.0,0.0,0.0,0.0,0.0
6,7,0.0,0.0,0.0,0.0,0.0,0.0,0.0,1.0,0.0,0.0,0.0,0.0,0.0
6,7,0.0,0.0,0.0,0.0,0.0,0.0,0.0,1.0,0.0,0.0,0.0,0.0,0.0
6,7,0.0,0.0,0.0,0.0,0.0,0.0,0.0,1.0,0.0,0.0,0.0,0.0,0.0
6,7,0.0,0.0,0.0,0.0,0.0,0.0,0.0,1.0,0.0,0.0,0.0,0.0,0.0
6,7,0.0,0.0,0.0,0.0,0.0,0.0,0.0,1.0,0.0,0.0,0.0,0.0,0.0
6,7,0.0,0.0,0.0,0.0,0.0,0.0,0.0,1.0,0.0,0.0,0.0,0.0,0.0
6,7,0.0,0.0,0.0,0.0,0.0,0.0,0.0,1.0,0.0,0.0,0.0,0.0,0.0
6,7,0.0,0.0,0.0,0.0,0.0,0.0,0.0,1.0,0.0,0.0,0.0,0.0,0.0
6,7,0.0,0.0,0.0,0.0,0.0,0.0,0.0,1.0,0.0,0.0,0.0,0.0,0.0
6,7,0.0,0.0,0.0,0.0,0.0,0.0,0.0,1.0,0.0,0.0,0.0,0.0,0.0
6,7,0.0,0.0,0.0,0.0,0.0,0.0,0.0,1.0,0.0,0.0,0.0,0.0,0.0
6,7,0.0,0.0,0.0,0.0,0.0,0.0,0.0,1.0,0.0,0.0,0.0,0.0,0.0
6,7,0.0,0.0,0.0,0.0,0.0,0.0,0.0,1.0,0.0,0.0,0.0,0.0,0.0
6,7,0.0,0.0,0.0,0.0,0.0,0.0,0.0,1.0,0.0,0.0,0.0,0.0,0.0
6,7,0.0,0.0,0.0,0.0,0.0,0.0,0.0,1.0,0.0,0.0,0.0,0.0,0.0
6,7,0.0,0.0,0.0,0.0,0.0,0.0,0.0,1.0,0.0,0.0,0.0,0.0,0.0
6,7,0.0,0.0,0.0,0.0,0.0,0.0,0.0,1.0,0.0,0.0,0.0,0.0,0.0
6,7,0.0,0.0,0.0,0.0,0.0,0.0,0.0,1.0,0.0,0.0,0.0,0.0,0.0
6,7,0.0,0.0,0.0,0.0,0.0,0.0,0.0,1.0,0.0,0.0,0.0,0.0,0.0
6,7,0.0,0.0,0.0,0.0,0.0,0.0,0.0,1.0,0.0,0.0,0.0,0.0,0.0
6,7,0.0,0.0,0.0,0.0,0.0,0.0,0.0,1.0,0.0,0.0,0.0,0.0,0.0
6,7,0.0,0.0,0.0,0.0,0.0,0.0,0.0,1.0,0.0,0.0,0.0,0.0,0.0
6,7,0.0,0.0,0.0,0.0,0.0,0.0,0.0,1.0,0.0,0.0,0.0,0.0,0.0
6,7,0.0,0.0,0.0,0.0,0.0,0.0,0.0,1.0,0.0,0.0,0.0,0.0,0.0
6,7,0.0,0.0,0.0,0.0,0.0,0.0,0.0,1.0,0.0,0.0,0.0,0.0,0.0
6,7,0.0,0.0,0.0,0.0,0.0,0.0,0.0,1.0,0.0,0.0,0.0,0.0,0.0
6,7,0.0,0.0,0.0,0.0,0.0,0.0,0.0,1.0,0.0,0.0,0.0,0.0,0.0
6,7,0.0,0.0,0.0,0.0,0.0,0.0,0.0,1.0,0.0,0.0,0.0,0.0,0.0
6,7,0.0,0.0,0.0,0.0,0.0,0.0,0.0,1.0,0.0,0.0,0.0,0.0,0.0
6,7,0.0,0.0,0.0,0.0,0.0,0.0,0.0,1.0,0.0,0.0,0.0,0.0,0.0
6,7,0.0,0.0,0.0,0.0,0.0,0.0,0.0,1.0,0.0,0.0,0.0,0.0,0.0
6,7,0.0,0.0,0.0,0.0,0.0,0.0,0.0,1.0,0.0,0.0,0.0,0.0,0.0
6,7,0.0,0.0,0.0,0.0,0.0,0.0,0.0,1.0,0.0,0.0,0.0,0.0,0.0
6,7,0.0,0.0,0.0,0.0,0.0,0.0,0.0,1.0,0.0,0.0,0.0,0.0,0.0
6,7,0.0,0.0,0.0,0.0,0.0,0.0,0.0,1.0,0.0,0.0,0.0,0.0,0.0
6,7,0.0,0.0,0.0,0.0,0.0,0.0,0.0,1.0,0.0,0.0,0.0,0.0,0.0
6,7,0.0,0.0,0.0,0.0,0.0,0.0,0.0,1.0,0.0,0.0,0.0,0.0,0.0
6,7,0.0,0.0,0.0,0.0,0.0,0.0,0.0,1.0,0.0,0.0,0.0,0.0,0.0
6,7,0.0,0.0,0.0,0.0,0.0,0.0,0.0,1.0,0.0,0.0,0.0,0.0,0.0
6,7,0.0,0.0,0.0,0.0,0.0,0.0,0.0,1.0,0.0,0.0,0.0,0.0,0.0
6,7,0.0,0.0,0.0,0.0,0.0,0.0,0.0,1.0,0.0,0.0,0.0,0.0,0.0
6,7,0.0,0.0,0.0,0.0,0.0,0.0,0.0,1.0,0.0,0.0,0.0,0.0,0.0
6,7,0.0,0.0,0.0,0.0,0.0,0.0,0.0,1.0,0.0,0.0,0.0,0.0,0.0
6,7,0.0,0.0,0.0,0.0,0.0,0.0,0.0,1.0,0.0,0.0,0.0,0.0,0.0
6,7,0.0,0.0,0.0,0.0,0.0,0.0,0.0,1.0,0.0,0.0,0.0,0.0,0.0
6,7,0.0,0.0,0.0,0.0,0.0,0.0,0.0,1.0,0.0,0.0,0.0,0.0,0.0
6,7,0.0,0.0,0.0,0.0,0.0,0.0,0.0,1.0,0.0,0.0,0.0,0.0,0.0
6,7,0.0,0.0,0.0,0.0,0.0,0.0,0.0,1.0,0.0,0.0,0.0,0.0,0.0
6,7,0.0,0.0,0.0,0.0,0.0,0.0,0.0,1.0,0.0,0.0,0.0,0.0,0.0
6,7,0.0,0.0,0.0,0.0,0.0,0.0,0.0,1.0,0.0,0.0,0.0,0.0,0.0
6,7,0.0,0.0,0.0,0.0,0.0,0.0,0.0,1.0,0.0,0.0,0.0,0.0,0.0
6,7,0.0,0.0,0.0,0.0,0.0,0.0,0.0,1.0,0.0,0.0,0.0,0.0,0.0
6,7,0.0,0.0,0.0,0.0,0.0,0.0,0.0,1.0,0.0,0.0,0.0,0.0,0.0
6,7,0.0,0.0,0.0,0.0,0.0,0.0,0.0,1.0,0.0,0.0,0.0,0.0,0.0
6,7,0.0,0.0,0.0,0.0,0.0,0.0,0.0,1.0,0.0,0.0,0.0,0.0,0.0
6,7,0.0,0.0,0.0,0.0,0.0,0.0,0.0,1.0,0.0,0.0,0.0,0.0,0.0
6,7,0.0,0.0,0.0,0.0,0.0,0.0,0.0,1.0,0.0,0.0,0.0,0.0,0.0
6,7,0.0,0.0,0.0,0.0,0.0,0.0,0.0,1.0,0.0,0.0,0.0,0.0,0.0
6,7,0.0,0.0,0.0,0.0,0.0,0.0,0.0,1.0,0.0,0.0,0.0,0.0,0.0
6,7,0.0,0.0,0.0,0.0,0.0,0.0,0.0,1.0,0.0,0.0,0.0,0.0,0.0
6,7,0.0,0.0,0.0,0.0,0.0,0.0,0.0,1.0,0.0,0.0,0.0,0.0,0.0
6,7,0.0,0.0,0.0,0.0,0.0,0.0,0.0,1.0,0.0,0.0,0.0,0.0,0.0
6,7,0.0,0.0,0.0,0.0,0.0,0.0,0.0,1.0,0.0,0.0,0.0,0.0,0.0
6,7,0.0,0.0,0.0,0.0,0.0,0.0,0.0,1.0,0.0,0.0,0.0,0.0,0.0
6,7,0.0,0.0,0.0,0.0,0.0,0.0,0.0,1.0,0.0,0.0,0.0,0.0,0.0
6,7,0.0,0.0,0.0,0.0,0.0,0.0,0.0,1.0,0.0,0.0,0.0,0.0,0.0
6,7,0.0,0.0,0.0,0.0,0.0,0.0,0.0,1.0,0.0,0.0,0.0,0.0,0.0
6,7,0.0,0.0,0.0,0.0,0.0,0.0,0.0,1.0,0.0,0.0,0.0,0.0,0.0
6,7,0.0,0.0,0.0,0.0,0.0,0.0,0.0,1.0,0.0,0.0,0.0,0.0,0.0
6,7,0.0,0.0,0.0,0.0,0.0,0.0,0.0,1.0,0.0,0.0,0.0,0.0,0.0
6,7,0.0,0.0,0.0,0.0,0.0,0.0,0.0,1.0,0.0,0.0,0.0,0.0,0.0
6,7,0.0,0.0,0.0,0.0,0.0,0.0,0.0,1.0,0.0,0.0,0.0,0.0,0.0
6,7,0.0,0.0,0.0,0.0,0.0,0.0,0.0,1.0,0.0,0.0,0.0,0.0,0.0
6,7,0.0,0.0,0.0,0.0,0.0,0.0,0.0,1.0,0.0,0.0,0.0,0.0,0.0
6,7,0.0,0.0,0.0,0.0,0.0,0.0,0.0,1.0,0.0,0.0,0.0,0.0,0.0
6,7,0.0,0.0,0.0,0.0,0.0,0.0,0.0,1.0,0.0,0.0,0.0,0.0,0.0
6,7,0.0,0.0,0.0,0.0,0.0,0.0,0.0,1.0,0.0,0.0,0.0,0.0,0.0
6,7,0.0,0.0,0.0,0.0,0.0,0.0,0.0,1.0,0.0,0.0,0.0,0.0,0.0
6,7,0.0,0.0,0.0,0.0,0.0,0.0,0.0,1.0,0.0,0.0,0.0,0.0,0.0
6,7,0.0,0.0,0.0,0.0,0.0,0.0,0.0,1.0,0.0,0.0,0.0,0.0,0.0
6,7,0.0,0.0,0.0,0.0,0.0,0.0,0.0,1.0,0.0,0.0,0.0,0.0,0.0
6,7,0.0,0.0,0.0,0.0,0.0,0.0,0.0,1.0,0.0,0.0,0.0,0.0,0.0
6,7,0.0,0.0,0.0,0.0,0.0,0.0,0.0,1.0,0.0,0.0,0.0,0.0,0.0
6,7,0.0,0.0,0.0,0.0,0.0,0.0,0.0,1.0,0.0,0.0,0.0,0.0,0.0
6,7,0.0,0.0,0.0,0.0,0.0,0.0,0.0,1.0,0.0,0.0,0.0,0.0,0.0
6,7,0.0,0.0,0.0,0.0,0.0,0.0,0.0,1.0,0.0,0.0,0.0,0.0,0.0
6,7,0.0,0.0,0.0,0.0,0.0,0.0,0.0,1.0,0.0,0.0,0.0,0.0,0.0
6,7,0.0,0.0,0.0,0.0,0.0,0.0,0.0,1.0,0.0,0.0,0.0,0.0,0.0
6,7,0.0,0.0,0.0,0.0,0.0,0.0,0.0,1.0,0.0,0.0,0.0,0.0,0.0
6,7,0.0,0.0,0.0,0.0,0.0,0.0,0.0,1.0,0.0,0.0,0.0,0.0,0.0
6,7,0.0,0.0,0.0,0.0,0.0,0.0,0.0,1.0,0.0,0.0,0.0,0.0,0.0
6,7,0.0,0.0,0.0,0.0,0.0,0.0,0.0,1.0,0.0,0.0,0.0,0.0,0.0
6,7,0.0,0.0,0.0,0.0,0.0,0.0,0.0,1.0,0.0,0.0,0.0,0.0,0.0
6,7,0.0,0.0,0.0,0.0,0.0,0.0,0.0,1.0,0.0,0.0,0.0,0.0,0.0
6,7,0.0,0.0,0.0,0.0,0.0,0.0,0.0,1.0,0.0,0.0,0.0,0.0,0.0
6,7,0.0,0.0,0.0,0.0,0.0,0.0,0.0,1.0,0.0,0.0,0.0,0.0,0.0
6,7,0.0,0.0,0.0,0.0,0.0,0.0,0.0,1.0,0.0,0.0,0.0,0.0,0.0
6,7,0.0,0.0,0.0,0.0,0.0,0.0,0.0,1.0,0.0,0.0,0.0,0.0,0.0
6,7,0.0,0.0,0.0,0.0,0.0,0.0,0.0,1.0,0.0,0.0,0.0,0.0,0.0
6,7,0.0,0.0,0.0,0.0,0.0,0.0,0.0,1.0,0.0,0.0,0.0,0.0,0.0
6,7,0.0,0.0,0.0,0.0,0.0,0.0,0.0,1.0,0.0,0.0,0.0,0.0,0.0
6,7,0.0,0.0,0.0,0.0,0.0,0.0,0.0,1.0,0.0,0.0,0.0,0.0,0.0
6,7,0.0,0.0,0.0,0.0,0.0,0.0,0.0,1.0,0.0,0.0,0.0,0.0,0.0
6,7,0.0,0.0,0.0,0.0,0.0,0.0,0.0,1.0,0.0,0.0,0.0,0.0,0.0
6,7,0.0,0.0,0.0,0.0,0.0,0.0,0.0,1.0,0.0,0.0,0.0,0.0,0.0
6,7,0.0,0.0,0.0,0.0,0.0,0.0,0.0,1.0,0.0,0.0,0.0,0.0,0.0
6,7,0.0,0.0,0.0,0.0,0.0,0.0,0.0,1.0,0.0,0.0,0.0,0.0,0.0
6,7,0.0,0.0,0.0,0.0,0.0,0.0,0.0,1.0,0.0,0.0,0.0,0.0,0.0
6,7,0.0,0.0,0.0,0.0,0.0,0.0,0.0,1.0,0.0,0.0,0.0,0.0,0.0
6,7,0.0,0.0,0.0,0.0,0.0,0.0,0.0,1.0,0.0,0.0,0.0,0.0,0.0
6,7,0.0,0.0,0.0,0.0,0.0,0.0,0.0,1.0,0.0,0.0,0.0,0.0,0.0
6,7,0.0,0.0,0.0,0.0,0.0,0.0,0.0,1.0,0.0,0.0,0.0,0.0,0.0
6,7,0.0,0.0,0.0,0.0,0.0,0.0,0.0,1.0,0.0,0.0,0.0,0.0,0.0
6,7,0.0,0.0,0.0,0.0,0.0,0.0,0.0,1.0,0.0,0.0,0.0,0.0,0.0
6,7,0.0,0.0,0.0,0.0,0.0,0.0,0.0,1.0,0.0,0.0,0.0,0.0,0.0
6,7,0.0,0.0,0.0,0.0,0.0,0.0,0.0,1.0,0.0,0.0,0.0,0.0,0.0
6,7,0.0,0.0,0.0,0.0,0.0,0.0,0.0,1.0,0.0,0.0,0.0,0.0,0.0
6,7,0.0,0.0,0.0,0.0,0.0,0.0,0.0,1.0,0.0,0.0,0.0,0.0,0.0
6,7,0.0,0.0,0.0,0.0,0.0,0.0,0.0,1.0,0.0,0.0,0.0,0.0,0.0
6,7,0.0,0.0,0.0,0.0,0.0,0.0,0.0,1.0,0.0,0.0,0.0,0.0,0.0
6,7,0.0,0.0,0.0,0.0,0.0,0.0,0.0,1.0,0.0,0.0,0.0,0.0,0.0
6,7,0.0,0.0,0.0,0.0,0.0,0.0,0.0,1.0,0.0,0.0,0.0,0.0,0.0
6,7,0.0,0.0,0.0,0.0,0.0,0.0,0.0,1.0,0.0,0.0,0.0,0.0,0.0
6,7,0.0,0.0,0.0,0.0,0.0,0.0,0.0,1.0,0.0,0.0,0.0,0.0,0.0
6,7,0.0,0.0,0.0,0.0,0.0,0.0,0.0,1.0,0.0,0.0,0.0,0.0,0.0
6,7,0.0,0.0,0.0,0.0,0.0,0.0,0.0,1.0,0.0,0.0,0.0,0.0,0.0
6,7,0.0,0.0,0.0,0.0,0.0,0.0,0.0,1.0,0.0,0.0,0.0,0.0,0.0
6,7,0.0,0.0,0.0,0.0,0.0,0.0,0.0,1.0,0.0,0.0,0.0,0.0,0.0
6,7,0.0,0.0,0.0,0.0,0.0,0.0,0.0,1.0,0.0,0.0,0.0,0.0,0.0
6,7,0.0,0.0,0.0,0.0,0.0,0.0,0.0,1.0,0.0,0.0,0.0,0.0,0.0
6,7,0.0,0.0,0.0,0.0,0.0,0.0,0.0,1.0,0.0,0.0,0.0,0.0,0.0
6,7,0.0,0.0,0.0,0.0,0.0,0.0,0.0,1.0,0.0,0.0,0.0,0.0,0.0
6,7,0.0,0.0,0.0,0.0,0.0,0.0,0.0,1.0,0.0,0.0,0.0,0.0,0.0
6,7,0.0,0.0,0.0,0.0,0.0,0.0,0.0,1.0,0.0,0.0,0.0,0.0,0.0
6,7,0.0,0.0,0.0,0.0,0.0,0.0,0.0,1.0,0.0,0.0,0.0,0.0,0.0
6,7,0.0,0.0,0.0,0.0,0.0,0.0,0.0,1.0,0.0,0.0,0.0,0.0,0.0
6,7,0.0,0.0,0.0,0.0,0.0,0.0,0.0,1.0,0.0,0.0,0.0,0.0,0.0
6,7,0.0,0.0,0.0,0.0,0.0,0.0,0.0,1.0,0.0,0.0,0.0,0.0,0.0
6,7,0.0,0.0,0.0,0.0,0.0,0.0,0.0,1.0,0.0,0.0,0.0,0.0,0.0
6,7,0.0,0.0,0.0,0.0,0.0,0.0,0.0,1.0,0.0,0.0,0.0,0.0,0.0
6,7,0.0,0.0,0.0,0.0,0.0,0.0,0.0,1.0,0.0,0.0,0.0,0.0,0.0
6,7,0.0,0.0,0.0,0.0,0.0,0.0,0.0,1.0,0.0,0.0,0.0,0.0,0.0
6,7,0.0,0.0,0.0,0.0,0.0,0.0,0.0,1.0,0.0,0.0,0.0,0.0,0.0
6,7,0.0,0.0,0.0,0.0,0.0,0.0,0.0,1.0,0.0,0.0,0.0,0.0,0.0
6,7,0.0,0.0,0.0,0.0,0.0,0.0,0.0,1.0,0.0,0.0,0.0,0.0,0.0
6,7,0.0,0.0,0.0,0.0,0.0,0.0,0.0,1.0,0.0,0.0,0.0,0.0,0.0
6,7,0.0,0.0,0.0,0.0,0.0,0.0,0.0,1.0,0.0,0.0,0.0,0.0,0.0
6,7,0.0,0.0,0.0,0.0,0.0,0.0,0.0,1.0,0.0,0.0,0.0,0.0,0.0
6,7,0.0,0.0,0.0,0.0,0.0,0.0,0.0,1.0,0.0,0.0,0.0,0.0,0.0
6,7,0.0,0.0,0.0,0.0,0.0,0.0,0.0,1.0,0.0,0.0,0.0,0.0,0.0
6,7,0.0,0.0,0.0,0.0,0.0,0.0,0.0,1.0,0.0,0.0,0.0,0.0,0.0
6,7,0.0,0.0,0.0,0.0,0.0,0.0,0.0,1.0,0.0,0.0,0.0,0.0,0.0
6,7,0.0,0.0,0.0,0.0,0.0,0.0,0.0,1.0,0.0,0.0,0.0,0.0,0.0
6,7,0.0,0.0,0.0,0.0,0.0,0.0,0.0,1.0,0.0,0.0,0.0,0.0,0.0
6,7,0.0,0.0,0.0,0.0,0.0,0.0,0.0,1.0,0.0,0.0,0.0,0.0,0.0
6,7,0.0,0.0,0.0,0.0,0.0,0.0,0.0,1.0,0.0,0.0,0.0,0.0,0.0
6,7,0.0,0.0,0.0,0.0,0.0,0.0,0.0,1.0,0.0,0.0,0.0,0.0,0.0
6,7,0.0,0.0,0.0,0.0,0.0,0.0,0.0,1.0,0.0,0.0,0.0,0.0,0.0
6,7,0.0,0.0,0.0,0.0,0.0,0.0,0.0,1.0,0.0,0.0,0.0,0.0,0.0
6,7,0.0,0.0,0.0,0.0,0.0,0.0,0.0,1.0,0.0,0.0,0.0,0.0,0.0
6,7,0.0,0.0,0.0,0.0,0.0,0.0,0.0,1.0,0.0,0.0,0.0,0.0,0.0
6,7,0.0,0.0,0.0,0.0,0.0,0.0,0.0,1.0,0.0,0.0,0.0,0.0,0.0
6,7,0.0,0.0,0.0,0.0,0.0,0.0,0.0,1.0,0.0,0.0,0.0,0.0,0.0
6,7,0.0,0.0,0.0,0.0,0.0,0.0,0.0,1.0,0.0,0.0,0.0,0.0,0.0
6,7,0.0,0.0,0.0,0.0,0.0,0.0,0.0,1.0,0.0,0.0,0.0,0.0,0.0
6,7,0.0,0.0,0.0,0.0,0.0,0.0,0.0,1.0,0.0,0.0,0.0,0.0,0.0
6,7,0.0,0.0,0.0,0.0,0.0,0.0,0.0,1.0,0.0,0.0,0.0,0.0,0.0
6,7,0.0,0.0,0.0,0.0,0.0,0.0,0.0,1.0,0.0,0.0,0.0,0.0,0.0
6,7,0.0,0.0,0.0,0.0,0.0,0.0,0.0,1.0,0.0,0.0,0.0,0.0,0.0
6,7,0.0,0.0,0.0,0.0,0.0,0.0,0.0,1.0,0.0,0.0,0.0,0.0,0.0
6,7,0.0,0.0,0.0,0.0,0.0,0.0,0.0,1.0,0.0,0.0,0.0,0.0,0.0
6,7,0.0,0.0,0.0,0.0,0.0,0.0,0.0,1.0,0.0,0.0,0.0,0.0,0.0
6,7,0.0,0.0,0.0,0.0,0.0,0.0,0.0,1.0,0.0,0.0,0.0,0.0,0.0
6,7,0.0,0.0,0.0,0.0,0.0,0.0,0.0,1.0,0.0,0.0,0.0,0.0,0.0
6,7,0.0,0.0,0.0,0.0,0.0,0.0,0.0,1.0,0.0,0.0,0.0,0.0,0.0
6,7,0.0,0.0,0.0,0.0,0.0,0.0,0.0,1.0,0.0,0.0,0.0,0.0,0.0
6,7,0.0,0.0,0.0,0.0,0.0,0.0,0.0,1.0,0.0,0.0,0.0,0.0,0.0
6,7,0.0,0.0,0.0,0.0,0.0,0.0,0.0,1.0,0.0,0.0,0.0,0.0,0.0
6,7,0.0,0.0,0.0,0.0,0.0,0.0,0.0,1.0,0.0,0.0,0.0,0.0,0.0
6,7,0.0,0.0,0.0,0.0,0.0,0.0,0.0,1.0,0.0,0.0,0.0,0.0,0.0
6,7,0.0,0.0,0.0,0.0,0.0,0.0,0.0,1.0,0.0,0.0,0.0,0.0,0.0
6,7,0.0,0.0,0.0,0.0,0.0,0.0,0.0,1.0,0.0,0.0,0.0,0.0,0.0
6,7,0.0,0.0,0.0,0.0,0.0,0.0,0.0,1.0,0.0,0.0,0.0,0.0,0.0
6,7,0.0,0.0,0.0,0.0,0.0,0.0,0.0,1.0,0.0,0.0,0.0,0.0,0.0
6,7,0.0,0.0,0.0,0.0,0.0,0.0,0.0,1.0,0.0,0.0,0.0,0.0,0.0
6,7,0.0,0.0,0.0,0.0,0.0,0.0,0.0,1.0,0.0,0.0,0.0,0.0,0.0
6,7,0.0,0.0,0.0,0.0,0.0,0.0,0.0,1.0,0.0,0.0,0.0,0.0,0.0
6,7,0.0,0.0,0.0,0.0,0.0,0.0,0.0,1.0,0.0,0.0,0.0,0.0,0.0
6,7,0.0,0.0,0.0,0.0,0.0,0.0,0.0,1.0,0.0,0.0,0.0,0.0,0.0
6,7,0.0,0.0,0.0,0.0,0.0,0.0,0.0,1.0,0.0,0.0,0.0,0.0,0.0
6,7,0.0,0.0,0.0,0.0,0.0,0.0,0.0,1.0,0.0,0.0,0.0,0.0,0.0
6,7,0.0,0.0,0.0,0.0,0.0,0.0,0.0,1.0,0.0,0.0,0.0,0.0,0.0
6,7,0.0,0.0,0.0,0.0,0.0,0.0,0.0,1.0,0.0,0.0,0.0,0.0,0.0
6,7,0.0,0.0,0.0,0.0,0.0,0.0,0.0,1.0,0.0,0.0,0.0,0.0,0.0
6,7,0.0,0.0,0.0,0.0,0.0,0.0,0.0,1.0,0.0,0.0,0.0,0.0,0.0
6,7,0.0,0.0,0.0,0.0,0.0,0.0,0.0,1.0,0.0,0.0,0.0,0.0,0.0
6,7,0.0,0.0,0.0,0.0,0.0,0.0,0.0,1.0,0.0,0.0,0.0,0.0,0.0
6,7,0.0,0.0,0.0,0.0,0.0,0.0,0.0,1.0,0.0,0.0,0.0,0.0,0.0
6,7,0.0,0.0,0.0,0.0,0.0,0.0,0.0,1.0,0.0,0.0,0.0,0.0,0.0
6,7,0.0,0.0,0.0,0.0,0.0,0.0,0.0,1.0,0.0,0.0,0.0,0.0,0.0
6,7,0.0,0.0,0.0,0.0,0.0,0.0,0.0,1.0,0.0,0.0,0.0,0.0,0.0
6,7,0.0,0.0,0.0,0.0,0.0,0.0,0.0,1.0,0.0,0.0,0.0,0.0,0.0
6,7,0.0,0.0,0.0,0.0,0.0,0.0,0.0,1.0,0.0,0.0,0.0,0.0,0.0
6,7,0.0,0.0,0.0,0.0,0.0,0.0,0.0,1.0,0.0,0.0,0.0,0.0,0.0
6,7,0.0,0.0,0.0,0.0,0.0,0.0,0.0,1.0,0.0,0.0,0.0,0.0,0.0
6,7,0.0,0.0,0.0,0.0,0.0,0.0,0.0,1.0,0.0,0.0,0.0,0.0,0.0
6,7,0.0,0.0,0.0,0.0,0.0,0.0,0.0,1.0,0.0,0.0,0.0,0.0,0.0
6,7,0.0,0.0,0.0,0.0,0.0,0.0,0.0,1.0,0.0,0.0,0.0,0.0,0.0
6,7,0.0,0.0,0.0,0.0,0.0,0.0,0.0,1.0,0.0,0.0,0.0,0.0,0.0
6,7,0.0,0.0,0.0,0.0,0.0,0.0,0.0,1.0,0.0,0.0,0.0,0.0,0.0
6,7,0.0,0.0,0.0,0.0,0.0,0.0,0.0,1.0,0.0,0.0,0.0,0.0,0.0
6,7,0.0,0.0,0.0,0.0,0.0,0.0,0.0,1.0,0.0,0.0,0.0,0.0,0.0
6,7,0.0,0.0,0.0,0.0,0.0,0.0,0.0,1.0,0.0,0.0,0.0,0.0,0.0
6,7,0.0,0.0,0.0,0.0,0.0,0.0,0.0,1.0,0.0,0.0,0.0,0.0,0.0
6,7,0.0,0.0,0.0,0.0,0.0,0.0,0.0,1.0,0.0,0.0,0.0,0.0,0.0
6,7,0.0,0.0,0.0,0.0,0.0,0.0,0.0,1.0,0.0,0.0,0.0,0.0,0.0
6,7,0.0,0.0,0.0,0.0,0.0,0.0,0.0,1.0,0.0,0.0,0.0,0.0,0.0
6,7,0.0,0.0,0.0,0.0,0.0,0.0,0.0,1.0,0.0,0.0,0.0,0.0,0.0
6,7,0.0,0.0,0.0,0.0,0.0,0.0,0.0,1.0,0.0,0.0,0.0,0.0,0.0
6,7,0.0,0.0,0.0,0.0,0.0,0.0,0.0,1.0,0.0,0.0,0.0,0.0,0.0
6,7,0.0,0.0,0.0,0.0,0.0,0.0,0.0,1.0,0.0,0.0,0.0,0.0,0.0
6,7,0.0,0.0,0.0,0.0,0.0,0.0,0.0,1.0,0.0,0.0,0.0,0.0,0.0
6,7,0.0,0.0,0.0,0.0,0.0,0.0,0.0,1.0,0.0,0.0,0.0,0.0,0.0
6,7,0.0,0.0,0.0,0.0,0.0,0.0,0.0,1.0,0.0,0.0,0.0,0.0,0.0
6,7,0.0,0.0,0.0,0.0,0.0,0.0,0.0,1.0,0.0,0.0,0.0,0.0,0.0
6,7,0.0,0.0,0.0,0.0,0.0,0.0,0.0,1.0,0.0,0.0,0.0,0.0,0.0
6,7,0.0,0.0,0.0,0.0,0.0,0.0,0.0,1.0,0.0,0.0,0.0,0.0,0.0
6,7,0.0,0.0,0.0,0.0,0.0,0.0,0.0,1.0,0.0,0.0,0.0,0.0,0.0
6,7,0.0,0.0,0.0,0.0,0.0,0.0,0.0,1.0,0.0,0.0,0.0,0.0,0.0
6,7,0.0,0.0,0.0,0.0,0.0,0.0,0.0,1.0,0.0,0.0,0.0,0.0,0.0
6,7,0.0,0.0,0.0,0.0,0.0,0.0,0.0,1.0,0.0,0.0,0.0,0.0,0.0
6,7,0.0,0.0,0.0,0.0,0.0,0.0,0.0,1.0,0.0,0.0,0.0,0.0,0.0
6,7,0.0,0.0,0.0,0.0,0.0,0.0,0.0,1.0,0.0,0.0,0.0,0.0,0.0
6,7,0.0,0.0,0.0,0.0,0.0,0.0,0.0,1.0,0.0,0.0,0.0,0.0,0.0
6,7,0.0,0.0,0.0,0.0,0.0,0.0,0.0,1.0,0.0,0.0,0.0,0.0,0.0
6,7,0.0,0.0,0.0,0.0,0.0,0.0,0.0,1.0,0.0,0.0,0.0,0.0,0.0
6,7,0.0,0.0,0.0,0.0,0.0,0.0,0.0,1.0,0.0,0.0,0.0,0.0,0.0
6,7,0.0,0.0,0.0,0.0,0.0,0.0,0.0,1.0,0.0,0.0,0.0,0.0,0.0
6,7,0.0,0.0,0.0,0.0,0.0,0.0,0.0,1.0,0.0,0.0,0.0,0.0,0.0
6,7,0.0,0.0,0.0,0.0,0.0,0.0,0.0,1.0,0.0,0.0,0.0,0.0,0.0
6,7,0.0,0.0,0.0,0.0,0.0,0.0,0.0,1.0,0.0,0.0,0.0,0.0,0.0
6,7,0.0,0.0,0.0,0.0,0.0,0.0,0.0,1.0,0.0,0.0,0.0,0.0,0.0
6,7,0.0,0.0,0.0,0.0,0.0,0.0,0.0,1.0,0.0,0.0,0.0,0.0,0.0
6,7,0.0,0.0,0.0,0.0,0.0,0.0,0.0,1.0,0.0,0.0,0.0,0.0,0.0
6,7,0.0,0.0,0.0,0.0,0.0,0.0,0.0,1.0,0.0,0.0,0.0,0.0,0.0
6,7,0.0,0.0,0.0,0.0,0.0,0.0,0.0,1.0,0.0,0.0,0.0,0.0,0.0
6,7,0.0,0.0,0.0,0.0,0.0,0.0,0.0,1.0,0.0,0.0,0.0,0.0,0.0
6,7,0.0,0.0,0.0,0.0,0.0,0.0,0.0,1.0,0.0,0.0,0.0,0.0,0.0
6,7,0.0,0.0,0.0,0.0,0.0,0.0,0.0,1.0,0.0,0.0,0.0,0.0,0.0
6,7,0.0,0.0,0.0,0.0,0.0,0.0,0.0,1.0,0.0,0.0,0.0,0.0,0.0
6,7,0.0,0.0,0.0,0.0,0.0,0.0,0.0,1.0,0.0,0.0,0.0,0.0,0.0
6,7,0.0,0.0,0.0,0.0,0.0,0.0,0.0,1.0,0.0,0.0,0.0,0.0,0.0
6,7,0.0,0.0,0.0,0.0,0.0,0.0,0.0,1.0,0.0,0.0,0.0,0.0,0.0
6,7,0.0,0.0,0.0,0.0,0.0,0.0,0.0,1.0,0.0,0.0,0.0,0.0,0.0
6,7,0.0,0.0,0.0,0.0,0.0,0.0,0.0,1.0,0.0,0.0,0.0,0.0,0.0
6,7,0.0,0.0,0.0,0.0,0.0,0.0,0.0,1.0,0.0,0.0,0.0,0.0,0.0
6,7,0.0,0.0,0.0,0.0,0.0,0.0,0.0,1.0,0.0,0.0,0.0,0.0,0.0
6,7,0.0,0.0,0.0,0.0,0.0,0.0,0.0,1.0,0.0,0.0,0.0,0.0,0.0
6,7,0.0,0.0,0.0,0.0,0.0,0.0,0.0,1.0,0.0,0.0,0.0,0.0,0.0
6,7,0.0,0.0,0.0,0.0,0.0,0.0,0.0,1.0,0.0,0.0,0.0,0.0,0.0
6,7,0.0,0.0,0.0,0.0,0.0,0.0,0.0,1.0,0.0,0.0,0.0,0.0,0.0
6,7,0.0,0.0,0.0,0.0,0.0,0.0,0.0,1.0,0.0,0.0,0.0,0.0,0.0
6,7,0.0,0.0,0.0,0.0,0.0,0.0,0.0,1.0,0.0,0.0,0.0,0.0,0.0
6,7,0.0,0.0,0.0,0.0,0.0,0.0,0.0,1.0,0.0,0.0,0.0,0.0,0.0
6,7,0.0,0.0,0.0,0.0,0.0,0.0,0.0,1.0,0.0,0.0,0.0,0.0,0.0
6,7,0.0,0.0,0.0,0.0,0.0,0.0,0.0,1.0,0.0,0.0,0.0,0.0,0.0
6,7,0.0,0.0,0.0,0.0,0.0,0.0,0.0,1.0,0.0,0.0,0.0,0.0,0.0
6,7,0.0,0.0,0.0,0.0,0.0,0.0,0.0,1.0,0.0,0.0,0.0,0.0,0.0
6,7,0.0,0.0,0.0,0.0,0.0,0.0,0.0,1.0,0.0,0.0,0.0,0.0,0.0
6,7,0.0,0.0,0.0,0.0,0.0,0.0,0.0,1.0,0.0,0.0,0.0,0.0,0.0
6,7,0.0,0.0,0.0,0.0,0.0,0.0,0.0,1.0,0.0,0.0,0.0,0.0,0.0
6,7,0.0,0.0,0.0,0.0,0.0,0.0,0.0,1.0,0.0,0.0,0.0,0.0,0.0
6,7,0.0,0.0,0.0,0.0,0.0,0.0,0.0,1.0,0.0,0.0,0.0,0.0,0.0
6,7,0.0,0.0,0.0,0.0,0.0,0.0,0.0,1.0,0.0,0.0,0.0,0.0,0.0
6,7,0.0,0.0,0.0,0.0,0.0,0.0,0.0,1.0,0.0,0.0,0.0,0.0,0.0
6,7,0.0,0.0,0.0,0.0,0.0,0.0,0.0,1.0,0.0,0.0,0.0,0.0,0.0
6,7,0.0,0.0,0.0,0.0,0.0,0.0,0.0,1.0,0.0,0.0,0.0,0.0,0.0
6,7,0.0,0.0,0.0,0.0,0.0,0.0,0.0,1.0,0.0,0.0,0.0,0.0,0.0
6,7,0.0,0.0,0.0,0.0,0.0,0.0,0.0,1.0,0.0,0.0,0.0,0.0,0.0
6,7,0.0,0.0,0.0,0.0,0.0,0.0,0.0,1.0,0.0,0.0,0.0,0.0,0.0
6,7,0.0,0.0,0.0,0.0,0.0,0.0,0.0,1.0,0.0,0.0,0.0,0.0,0.0
6,7,0.0,0.0,0.0,0.0,0.0,0.0,0.0,1.0,0.0,0.0,0.0,0.0,0.0
6,7,0.0,0.0,0.0,0.0,0.0,0.0,0.0,1.0,0.0,0.0,0.0,0.0,0.0
6,7,0.0,0.0,0.0,0.0,0.0,0.0,0.0,1.0,0.0,0.0,0.0,0.0,0.0
6,7,0.0,0.0,0.0,0.0,0.0,0.0,0.0,1.0,0.0,0.0,0.0,0.0,0.0
6,7,0.0,0.0,0.0,0.0,0.0,0.0,0.0,1.0,0.0,0.0,0.0,0.0,0.0
6,7,0.0,0.0,0.0,0.0,0.0,0.0,0.0,1.0,0.0,0.0,0.0,0.0,0.0
6,7,0.0,0.0,0.0,0.0,0.0,0.0,0.0,1.0,0.0,0.0,0.0,0.0,0.0
6,7,0.0,0.0,0.0,0.0,0.0,0.0,0.0,1.0,0.0,0.0,0.0,0.0,0.0
6,7,0.0,0.0,0.0,0.0,0.0,0.0,0.0,1.0,0.0,0.0,0.0,0.0,0.0
6,7,0.0,0.0,0.0,0.0,0.0,0.0,0.0,1.0,0.0,0.0,0.0,0.0,0.0
6,7,0.0,0.0,0.0,0.0,0.0,0.0,0.0,1.0,0.0,0.0,0.0,0.0,0.0
6,7,0.0,0.0,0.0,0.0,0.0,0.0,0.0,1.0,0.0,0.0,0.0,0.0,0.0
6,7,0.0,0.0,0.0,0.0,0.0,0.0,0.0,1.0,0.0,0.0,0.0,0.0,0.0
6,7,0.0,0.0,0.0,0.0,0.0,0.0,0.0,1.0,0.0,0.0,0.0,0.0,0.0
6,7,0.0,0.0,0.0,0.0,0.0,0.0,0.0,1.0,0.0,0.0,0.0,0.0,0.0
6,7,0.0,0.0,0.0,0.0,0.0,0.0,0.0,1.0,0.0,0.0,0.0,0.0,0.0
6,7,0.0,0.0,0.0,0.0,0.0,0.0,0.0,1.0,0.0,0.0,0.0,0.0,0.0
6,7,0.0,0.0,0.0,0.0,0.0,0.0,0.0,1.0,0.0,0.0,0.0,0.0,0.0
6,7,0.0,0.0,0.0,0.0,0.0,0.0,0.0,1.0,0.0,0.0,0.0,0.0,0.0
6,7,0.0,0.0,0.0,0.0,0.0,0.0,0.0,1.0,0.0,0.0,0.0,0.0,0.0
6,7,0.0,0.0,0.0,0.0,0.0,0.0,0.0,1.0,0.0,0.0,0.0,0.0,0.0
6,7,0.0,0.0,0.0,0.0,0.0,0.0,0.0,1.0,0.0,0.0,0.0,0.0,0.0
6,7,0.0,0.0,0.0,0.0,0.0,0.0,0.0,1.0,0.0,0.0,0.0,0.0,0.0
6,7,0.0,0.0,0.0,0.0,0.0,0.0,0.0,1.0,0.0,0.0,0.0,0.0,0.0
6,7,0.0,0.0,0.0,0.0,0.0,0.0,0.0,1.0,0.0,0.0,0.0,0.0,0.0
6,7,0.0,0.0,0.0,0.0,0.0,0.0,0.0,1.0,0.0,0.0,0.0,0.0,0.0
6,7,0.0,0.0,0.0,0.0,0.0,0.0,0.0,1.0,0.0,0.0,0.0,0.0,0.0
6,7,0.0,0.0,0.0,0.0,0.0,0.0,0.0,1.0,0.0,0.0,0.0,0.0,0.0
6,7,0.0,0.0,0.0,0.0,0.0,0.0,0.0,1.0,0.0,0.0,0.0,0.0,0.0
6,7,0.0,0.0,0.0,0.0,0.0,0.0,0.0,1.0,0.0,0.0,0.0,0.0,0.0
6,7,0.0,0.0,0.0,0.0,0.0,0.0,0.0,1.0,0.0,0.0,0.0,0.0,0.0
6,7,0.0,0.0,0.0,0.0,0.0,0.0,0.0,1.0,0.0,0.0,0.0,0.0,0.0
6,7,0.0,0.0,0.0,0.0,0.0,0.0,0.0,1.0,0.0,0.0,0.0,0.0,0.0
6,7,0.0,0.0,0.0,0.0,0.0,0.0,0.0,1.0,0.0,0.0,0.0,0.0,0.0
6,7,0.0,0.0,0.0,0.0,0.0,0.0,0.0,1.0,0.0,0.0,0.0,0.0,0.0
6,7,0.0,0.0,0.0,0.0,0.0,0.0,0.0,1.0,0.0,0.0,0.0,0.0,0.0
6,7,0.0,0.0,0.0,0.0,0.0,0.0,0.0,1.0,0.0,0.0,0.0,0.0,0.0
6,7,0.0,0.0,0.0,0.0,0.0,0.0,0.0,1.0,0.0,0.0,0.0,0.0,0.0
6,7,0.0,0.0,0.0,0.0,0.0,0.0,0.0,1.0,0.0,0.0,0.0,0.0,0.0
6,7,0.0,0.0,0.0,0.0,0.0,0.0,0.0,1.0,0.0,0.0,0.0,0.0,0.0
6,7,0.0,0.0,0.0,0.0,0.0,0.0,0.0,1.0,0.0,0.0,0.0,0.0,0.0
6,7,0.0,0.0,0.0,0.0,0.0,0.0,0.0,1.0,0.0,0.0,0.0,0.0,0.0
6,7,0.0,0.0,0.0,0.0,0.0,0.0,0.0,1.0,0.0,0.0,0.0,0.0,0.0
6,7,0.0,0.0,0.0,0.0,0.0,0.0,0.0,1.0,0.0,0.0,0.0,0.0,0.0
6,7,0.0,0.0,0.0,0.0,0.0,0.0,0.0,1.0,0.0,0.0,0.0,0.0,0.0
6,7,0.0,0.0,0.0,0.0,0.0,0.0,0.0,1.0,0.0,0.0,0.0,0.0,0.0
6,7,0.0,0.0,0.0,0.0,0.0,0.0,0.0,1.0,0.0,0.0,0.0,0.0,0.0
6,7,0.0,0.0,0.0,0.0,0.0,0.0,0.0,1.0,0.0,0.0,0.0,0.0,0.0
6,7,0.0,0.0,0.0,0.0,0.0,0.0,0.0,1.0,0.0,0.0,0.0,0.0,0.0
6,7,0.0,0.0,0.0,0.0,0.0,0.0,0.0,1.0,0.0,0.0,0.0,0.0,0.0
6,7,0.0,0.0,0.0,0.0,0.0,0.0,0.0,1.0,0.0,0.0,0.0,0.0,0.0
6,7,0.0,0.0,0.0,0.0,0.0,0.0,0.0,1.0,0.0,0.0,0.0,0.0,0.0
6,7,0.0,0.0,0.0,0.0,0.0,0.0,0.0,1.0,0.0,0.0,0.0,0.0,0.0
6,7,0.0,0.0,0.0,0.0,0.0,0.0,0.0,1.0,0.0,0.0,0.0,0.0,0.0
6,7,0.0,0.0,0.0,0.0,0.0,0.0,0.0,1.0,0.0,0.0,0.0,0.0,0.0
6,7,0.0,0.0,0.0,0.0,0.0,0.0,0.0,1.0,0.0,0.0,0.0,0.0,0.0
6,7,0.0,0.0,0.0,0.0,0.0,0.0,0.0,1.0,0.0,0.0,0.0,0.0,0.0
6,7,0.0,0.0,0.0,0.0,0.0,0.0,0.0,1.0,0.0,0.0,0.0,0.0,0.0
6,7,0.0,0.0,0.0,0.0,0.0,0.0,0.0,1.0,0.0,0.0,0.0,0.0,0.0
6,7,0.0,0.0,0.0,0.0,0.0,0.0,0.0,1.0,0.0,0.0,0.0,0.0,0.0
6,7,0.0,0.0,0.0,0.0,0.0,0.0,0.0,1.0,0.0,0.0,0.0,0.0,0.0
6,7,0.0,0.0,0.0,0.0,0.0,0.0,0.0,1.0,0.0,0.0,0.0,0.0,0.0
6,7,0.0,0.0,0.0,0.0,0.0,0.0,0.0,1.0,0.0,0.0,0.0,0.0,0.0
6,7,0.0,0.0,0.0,0.0,0.0,0.0,0.0,1.0,0.0,0.0,0.0,0.0,0.0
6,7,0.0,0.0,0.0,0.0,0.0,0.0,0.0,1.0,0.0,0.0,0.0,0.0,0.0
6,7,0.0,0.0,0.0,0.0,0.0,0.0,0.0,1.0,0.0,0.0,0.0,0.0,0.0
6,7,0.0,0.0,0.0,0.0,0.0,0.0,0.0,1.0,0.0,0.0,0.0,0.0,0.0
6,7,0.0,0.0,0.0,0.0,0.0,0.0,0.0,1.0,0.0,0.0,0.0,0.0,0.0
6,7,0.0,0.0,0.0,0.0,0.0,0.0,0.0,1.0,0.0,0.0,0.0,0.0,0.0
6,7,0.0,0.0,0.0,0.0,0.0,0.0,0.0,1.0,0.0,0.0,0.0,0.0,0.0
6,7,0.0,0.0,0.0,0.0,0.0,0.0,0.0,1.0,0.0,0.0,0.0,0.0,0.0
6,7,0.0,0.0,0.0,0.0,0.0,0.0,0.0,1.0,0.0,0.0,0.0,0.0,0.0
6,7,0.0,0.0,0.0,0.0,0.0,0.0,0.0,1.0,0.0,0.0,0.0,0.0,0.0
6,7,0.0,0.0,0.0,0.0,0.0,0.0,0.0,1.0,0.0,0.0,0.0,0.0,0.0
6,7,0.0,0.0,0.0,0.0,0.0,0.0,0.0,1.0,0.0,0.0,0.0,0.0,0.0
6,7,0.0,0.0,0.0,0.0,0.0,0.0,0.0,1.0,0.0,0.0,0.0,0.0,0.0
6,7,0.0,0.0,0.0,0.0,0.0,0.0,0.0,1.0,0.0,0.0,0.0,0.0,0.0
6,7,0.0,0.0,0.0,0.0,0.0,0.0,0.0,1.0,0.0,0.0,0.0,0.0,0.0
6,7,0.0,0.0,0.0,0.0,0.0,0.0,0.0,1.0,0.0,0.0,0.0,0.0,0.0
6,7,0.0,0.0,0.0,0.0,0.0,0.0,0.0,1.0,0.0,0.0,0.0,0.0,0.0
6,7,0.0,0.0,0.0,0.0,0.0,0.0,0.0,1.0,0.0,0.0,0.0,0.0,0.0
6,7,0.0,0.0,0.0,0.0,0.0,0.0,0.0,1.0,0.0,0.0,0.0,0.0,0.0
6,7,0.0,0.0,0.0,0.0,0.0,0.0,0.0,1.0,0.0,0.0,0.0,0.0,0.0
6,7,0.0,0.0,0.0,0.0,0.0,0.0,0.0,1.0,0.0,0.0,0.0,0.0,0.0
6,7,0.0,0.0,0.0,0.0,0.0,0.0,0.0,1.0,0.0,0.0,0.0,0.0,0.0
6,7,0.0,0.0,0.0,0.0,0.0,0.0,0.0,1.0,0.0,0.0,0.0,0.0,0.0
6,7,0.0,0.0,0.0,0.0,0.0,0.0,0.0,1.0,0.0,0.0,0.0,0.0,0.0
6,7,0.0,0.0,0.0,0.0,0.0,0.0,0.0,1.0,0.0,0.0,0.0,0.0,0.0
6,7,0.0,0.0,0.0,0.0,0.0,0.0,0.0,1.0,0.0,0.0,0.0,0.0,0.0
6,7,0.0,0.0,0.0,0.0,0.0,0.0,0.0,1.0,0.0,0.0,0.0,0.0,0.0
6,7,0.0,0.0,0.0,0.0,0.0,0.0,0.0,1.0,0.0,0.0,0.0,0.0,0.0
6,7,0.0,0.0,0.0,0.0,0.0,0.0,0.0,1.0,0.0,0.0,0.0,0.0,0.0
6,7,0.0,0.0,0.0,0.0,0.0,0.0,0.0,1.0,0.0,0.0,0.0,0.0,0.0
6,7,0.0,0.0,0.0,0.0,0.0,0.0,0.0,1.0,0.0,0.0,0.0,0.0,0.0
6,7,0.0,0.0,0.0,0.0,0.0,0.0,0.0,1.0,0.0,0.0,0.0,0.0,0.0
6,7,0.0,0.0,0.0,0.0,0.0,0.0,0.0,1.0,0.0,0.0,0.0,0.0,0.0
6,7,0.0,0.0,0.0,0.0,0.0,0.0,0.0,1.0,0.0,0.0,0.0,0.0,0.0
6,7,0.0,0.0,0.0,0.0,0.0,0.0,0.0,1.0,0.0,0.0,0.0,0.0,0.0
6,7,0.0,0.0,0.0,0.0,0.0,0.0,0.0,1.0,0.0,0.0,0.0,0.0,0.0
6,7,0.0,0.0,0.0,0.0,0.0,0.0,0.0,1.0,0.0,0.0,0.0,0.0,0.0
6,7,0.0,0.0,0.0,0.0,0.0,0.0,0.0,1.0,0.0,0.0,0.0,0.0,0.0
6,7,0.0,0.0,0.0,0.0,0.0,0.0,0.0,1.0,0.0,0.0,0.0,0.0,0.0
6,7,0.0,0.0,0.0,0.0,0.0,0.0,0.0,1.0,0.0,0.0,0.0,0.0,0.0
6,7,0.0,0.0,0.0,0.0,0.0,0.0,0.0,1.0,0.0,0.0,0.0,0.0,0.0
6,7,0.0,0.0,0.0,0.0,0.0,0.0,0.0,1.0,0.0,0.0,0.0,0.0,0.0
6,7,0.0,0.0,0.0,0.0,0.0,0.0,0.0,1.0,0.0,0.0,0.0,0.0,0.0
6,7,0.0,0.0,0.0,0.0,0.0,0.0,0.0,1.0,0.0,0.0,0.0,0.0,0.0
6,7,0.0,0.0,0.0,0.0,0.0,0.0,0.0,1.0,0.0,0.0,0.0,0.0,0.0
6,7,0.0,0.0,0.0,0.0,0.0,0.0,0.0,1.0,0.0,0.0,0.0,0.0,0.0
6,7,0.0,0.0,0.0,0.0,0.0,0.0,0.0,1.0,0.0,0.0,0.0,0.0,0.0
6,7,0.0,0.0,0.0,0.0,0.0,0.0,0.0,1.0,0.0,0.0,0.0,0.0,0.0
6,7,0.0,0.0,0.0,0.0,0.0,0.0,0.0,1.0,0.0,0.0,0.0,0.0,0.0
6,7,0.0,0.0,0.0,0.0,0.0,0.0,0.0,1.0,0.0,0.0,0.0,0.0,0.0
6,7,0.0,0.0,0.0,0.0,0.0,0.0,0.0,1.0,0.0,0.0,0.0,0.0,0.0
6,7,0.0,0.0,0.0,0.0,0.0,0.0,0.0,1.0,0.0,0.0,0.0,0.0,0.0
6,7,0.0,0.0,0.0,0.0,0.0,0.0,0.0,1.0,0.0,0.0,0.0,0.0,0.0
6,7,0.0,0.0,0.0,0.0,0.0,0.0,0.0,1.0,0.0,0.0,0.0,0.0,0.0
6,7,0.0,0.0,0.0,0.0,0.0,0.0,0.0,1.0,0.0,0.0,0.0,0.0,0.0
6,7,0.0,0.0,0.0,0.0,0.0,0.0,0.0,1.0,0.0,0.0,0.0,0.0,0.0
6,7,0.0,0.0,0.0,0.0,0.0,0.0,0.0,1.0,0.0,0.0,0.0,0.0,0.0
6,7,0.0,0.0,0.0,0.0,0.0,0.0,0.0,1.0,0.0,0.0,0.0,0.0,0.0
6,7,0.0,0.0,0.0,0.0,0.0,0.0,0.0,1.0,0.0,0.0,0.0,0.0,0.0
6,7,0.0,0.0,0.0,0.0,0.0,0.0,0.0,1.0,0.0,0.0,0.0,0.0,0.0
6,7,0.0,0.0,0.0,0.0,0.0,0.0,0.0,1.0,0.0,0.0,0.0,0.0,0.0
6,7,0.0,0.0,0.0,0.0,0.0,0.0,0.0,1.0,0.0,0.0,0.0,0.0,0.0
6,7,0.0,0.0,0.0,0.0,0.0,0.0,0.0,1.0,0.0,0.0,0.0,0.0,0.0
6,7,0.0,0.0,0.0,0.0,0.0,0.0,0.0,1.0,0.0,0.0,0.0,0.0,0.0
6,7,0.0,0.0,0.0,0.0,0.0,0.0,0.0,1.0,0.0,0.0,0.0,0.0,0.0
6,7,0.0,0.0,0.0,0.0,0.0,0.0,0.0,1.0,0.0,0.0,0.0,0.0,0.0
6,7,0.0,0.0,0.0,0.0,0.0,0.0,0.0,1.0,0.0,0.0,0.0,0.0,0.0
6,7,0.0,0.0,0.0,0.0,0.0,0.0,0.0,1.0,0.0,0.0,0.0,0.0,0.0
6,7,0.0,0.0,0.0,0.0,0.0,0.0,0.0,1.0,0.0,0.0,0.0,0.0,0.0
6,7,0.0,0.0,0.0,0.0,0.0,0.0,0.0,1.0,0.0,0.0,0.0,0.0,0.0
6,7,0.0,0.0,0.0,0.0,0.0,0.0,0.0,1.0,0.0,0.0,0.0,0.0,0.0
6,7,0.0,0.0,0.0,0.0,0.0,0.0,0.0,1.0,0.0,0.0,0.0,0.0,0.0
6,7,0.0,0.0,0.0,0.0,0.0,0.0,0.0,1.0,0.0,0.0,0.0,0.0,0.0
6,7,0.0,0.0,0.0,0.0,0.0,0.0,0.0,1.0,0.0,0.0,0.0,0.0,0.0
6,7,0.0,0.0,0.0,0.0,0.0,0.0,0.0,1.0,0.0,0.0,0.0,0.0,0.0
6,7,0.0,0.0,0.0,0.0,0.0,0.0,0.0,1.0,0.0,0.0,0.0,0.0,0.0
6,7,0.0,0.0,0.0,0.0,0.0,0.0,0.0,1.0,0.0,0.0,0.0,0.0,0.0
6,7,0.0,0.0,0.0,0.0,0.0,0.0,0.0,1.0,0.0,0.0,0.0,0.0,0.0
6,7,0.0,0.0,0.0,0.0,0.0,0.0,0.0,1.0,0.0,0.0,0.0,0.0,0.0
6,7,0.0,0.0,0.0,0.0,0.0,0.0,0.0,1.0,0.0,0.0,0.0,0.0,0.0
6,7,0.0,0.0,0.0,0.0,0.0,0.0,0.0,1.0,0.0,0.0,0.0,0.0,0.0
6,7,0.0,0.0,0.0,0.0,0.0,0.0,0.0,1.0,0.0,0.0,0.0,0.0,0.0
6,7,0.0,0.0,0.0,0.0,0.0,0.0,0.0,1.0,0.0,0.0,0.0,0.0,0.0
6,7,0.0,0.0,0.0,0.0,0.0,0.0,0.0,1.0,0.0,0.0,0.0,0.0,0.0
6,7,0.0,0.0,0.0,0.0,0.0,0.0,0.0,1.0,0.0,0.0,0.0,0.0,0.0
6,7,0.0,0.0,0.0,0.0,0.0,0.0,0.0,1.0,0.0,0.0,0.0,0.0,0.0
6,7,0.0,0.0,0.0,0.0,0.0,0.0,0.0,1.0,0.0,0.0,0.0,0.0,0.0
6,7,0.0,0.0,0.0,0.0,0.0,0.0,0.0,1.0,0.0,0.0,0.0,0.0,0.0
6,7,0.0,0.0,0.0,0.0,0.0,0.0,0.0,1.0,0.0,0.0,0.0,0.0,0.0
6,7,0.0,0.0,0.0,0.0,0.0,0.0,0.0,1.0,0.0,0.0,0.0,0.0,0.0
6,7,0.0,0.0,0.0,0.0,0.0,0.0,0.0,1.0,0.0,0.0,0.0,0.0,0.0
6,7,0.0,0.0,0.0,0.0,0.0,0.0,0.0,1.0,0.0,0.0,0.0,0.0,0.0
6,7,0.0,0.0,0.0,0.0,0.0,0.0,0.0,1.0,0.0,0.0,0.0,0.0,0.0
6,7,0.0,0.0,0.0,0.0,0.0,0.0,0.0,1.0,0.0,0.0,0.0,0.0,0.0
6,7,0.0,0.0,0.0,0.0,0.0,0.0,0.0,1.0,0.0,0.0,0.0,0.0,0.0
6,7,0.0,0.0,0.0,0.0,0.0,0.0,0.0,1.0,0.0,0.0,0.0,0.0,0.0
6,7,0.0,0.0,0.0,0.0,0.0,0.0,0.0,1.0,0.0,0.0,0.0,0.0,0.0
6,7,0.0,0.0,0.0,0.0,0.0,0.0,0.0,1.0,0.0,0.0,0.0,0.0,0.0
6,7,0.0,0.0,0.0,0.0,0.0,0.0,0.0,1.0,0.0,0.0,0.0,0.0,0.0
6,7,0.0,0.0,0.0,0.0,0.0,0.0,0.0,1.0,0.0,0.0,0.0,0.0,0.0
6,7,0.0,0.0,0.0,0.0,0.0,0.0,0.0,1.0,0.0,0.0,0.0,0.0,0.0
6,7,0.0,0.0,0.0,0.0,0.0,0.0,0.0,1.0,0.0,0.0,0.0,0.0,0.0
6,7,0.0,0.0,0.0,0.0,0.0,0.0,0.0,1.0,0.0,0.0,0.0,0.0,0.0
6,7,0.0,0.0,0.0,0.0,0.0,0.0,0.0,1.0,0.0,0.0,0.0,0.0,0.0
6,7,0.0,0.0,0.0,0.0,0.0,0.0,0.0,1.0,0.0,0.0,0.0,0.0,0.0
6,7,0.0,0.0,0.0,0.0,0.0,0.0,0.0,1.0,0.0,0.0,0.0,0.0,0.0
6,7,0.0,0.0,0.0,0.0,0.0,0.0,0.0,1.0,0.0,0.0,0.0,0.0,0.0
6,7,0.0,0.0,0.0,0.0,0.0,0.0,0.0,1.0,0.0,0.0,0.0,0.0,0.0
6,7,0.0,0.0,0.0,0.0,0.0,0.0,0.0,1.0,0.0,0.0,0.0,0.0,0.0
6,7,0.0,0.0,0.0,0.0,0.0,0.0,0.0,1.0,0.0,0.0,0.0,0.0,0.0
6,7,0.0,0.0,0.0,0.0,0.0,0.0,0.0,1.0,0.0,0.0,0.0,0.0,0.0
6,7,0.0,0.0,0.0,0.0,0.0,0.0,0.0,1.0,0.0,0.0,0.0,0.0,0.0
6,7,0.0,0.0,0.0,0.0,0.0,0.0,0.0,1.0,0.0,0.0,0.0,0.0,0.0
6,7,0.0,0.0,0.0,0.0,0.0,0.0,0.0,1.0,0.0,0.0,0.0,0.0,0.0
6,7,0.0,0.0,0.0,0.0,0.0,0.0,0.0,1.0,0.0,0.0,0.0,0.0,0.0
6,7,0.0,0.0,0.0,0.0,0.0,0.0,0.0,1.0,0.0,0.0,0.0,0.0,0.0
6,7,0.0,0.0,0.0,0.0,0.0,0.0,0.0,1.0,0.0,0.0,0.0,0.0,0.0
6,7,0.0,0.0,0.0,0.0,0.0,0.0,0.0,1.0,0.0,0.0,0.0,0.0,0.0
6,7,0.0,0.0,0.0,0.0,0.0,0.0,0.0,1.0,0.0,0.0,0.0,0.0,0.0
6,7,0.0,0.0,0.0,0.0,0.0,0.0,0.0,1.0,0.0,0.0,0.0,0.0,0.0
6,7,0.0,0.0,0.0,0.0,0.0,0.0,0.0,1.0,0.0,0.0,0.0,0.0,0.0
6,7,0.0,0.0,0.0,0.0,0.0,0.0,0.0,1.0,0.0,0.0,0.0,0.0,0.0
6,7,0.0,0.0,0.0,0.0,0.0,0.0,0.0,1.0,0.0,0.0,0.0,0.0,0.0
6,7,0.0,0.0,0.0,0.0,0.0,0.0,0.0,1.0,0.0,0.0,0.0,0.0,0.0
6,7,0.0,0.0,0.0,0.0,0.0,0.0,0.0,1.0,0.0,0.0,0.0,0.0,0.0
6,7,0.0,0.0,0.0,0.0,0.0,0.0,0.0,1.0,0.0,0.0,0.0,0.0,0.0
6,7,0.0,0.0,0.0,0.0,0.0,0.0,0.0,1.0,0.0,0.0,0.0,0.0,0.0
6,7,0.0,0.0,0.0,0.0,0.0,0.0,0.0,1.0,0.0,0.0,0.0,0.0,0.0
6,7,0.0,0.0,0.0,0.0,0.0,0.0,0.0,1.0,0.0,0.0,0.0,0.0,0.0
6,7,0.0,0.0,0.0,0.0,0.0,0.0,0.0,1.0,0.0,0.0,0.0,0.0,0.0
6,7,0.0,0.0,0.0,0.0,0.0,0.0,0.0,1.0,0.0,0.0,0.0,0.0,0.0
6,7,0.0,0.0,0.0,0.0,0.0,0.0,0.0,1.0,0.0,0.0,0.0,0.0,0.0
6,7,0.0,0.0,0.0,0.0,0.0,0.0,0.0,1.0,0.0,0.0,0.0,0.0,0.0
6,7,0.0,0.0,0.0,0.0,0.0,0.0,0.0,1.0,0.0,0.0,0.0,0.0,0.0
6,7,0.0,0.0,0.0,0.0,0.0,0.0,0.0,1.0,0.0,0.0,0.0,0.0,0.0
6,7,0.0,0.0,0.0,0.0,0.0,0.0,0.0,1.0,0.0,0.0,0.0,0.0,0.0
6,7,0.0,0.0,0.0,0.0,0.0,0.0,0.0,1.0,0.0,0.0,0.0,0.0,0.0
6,7,0.0,0.0,0.0,0.0,0.0,0.0,0.0,1.0,0.0,0.0,0.0,0.0,0.0
6,7,0.0,0.0,0.0,0.0,0.0,0.0,0.0,1.0,0.0,0.0,0.0,0.0,0.0
6,7,0.0,0.0,0.0,0.0,0.0,0.0,0.0,1.0,0.0,0.0,0.0,0.0,0.0
6,7,0.0,0.0,0.0,0.0,0.0,0.0,0.0,1.0,0.0,0.0,0.0,0.0,0.0
6,7,0.0,0.0,0.0,0.0,0.0,0.0,0.0,1.0,0.0,0.0,0.0,0.0,0.0
6,7,0.0,0.0,0.0,0.0,0.0,0.0,0.0,1.0,0.0,0.0,0.0,0.0,0.0
6,7,0.0,0.0,0.0,0.0,0.0,0.0,0.0,1.0,0.0,0.0,0.0,0.0,0.0
6,7,0.0,0.0,0.0,0.0,0.0,0.0,0.0,1.0,0.0,0.0,0.0,0.0,0.0
6,7,0.0,0.0,0.0,0.0,0.0,0.0,0.0,1.0,0.0,0.0,0.0,0.0,0.0
6,7,0.0,0.0,0.0,0.0,0.0,0.0,0.0,1.0,0.0,0.0,0.0,0.0,0.0
6,7,0.0,0.0,0.0,0.0,0.0,0.0,0.0,1.0,0.0,0.0,0.0,0.0,0.0
6,7,0.0,0.0,0.0,0.0,0.0,0.0,0.0,1.0,0.0,0.0,0.0,0.0,0.0
6,7,0.0,0.0,0.0,0.0,0.0,0.0,0.0,1.0,0.0,0.0,0.0,0.0,0.0
6,7,0.0,0.0,0.0,0.0,0.0,0.0,0.0,1.0,0.0,0.0,0.0,0.0,0.0
6,7,0.0,0.0,0.0,0.0,0.0,0.0,0.0,1.0,0.0,0.0,0.0,0.0,0.0
6,7,0.0,0.0,0.0,0.0,0.0,0.0,0.0,1.0,0.0,0.0,0.0,0.0,0.0
6,7,0.0,0.0,0.0,0.0,0.0,0.0,0.0,1.0,0.0,0.0,0.0,0.0,0.0
6,7,0.0,0.0,0.0,0.0,0.0,0.0,0.0,1.0,0.0,0.0,0.0,0.0,0.0
6,7,0.0,0.0,0.0,0.0,0.0,0.0,0.0,1.0,0.0,0.0,0.0,0.0,0.0
6,7,0.0,0.0,0.0,0.0,0.0,0.0,0.0,1.0,0.0,0.0,0.0,0.0,0.0
6,7,0.0,0.0,0.0,0.0,0.0,0.0,0.0,1.0,0.0,0.0,0.0,0.0,0.0
6,7,0.0,0.0,0.0,0.0,0.0,0.0,0.0,1.0,0.0,0.0,0.0,0.0,0.0
6,7,0.0,0.0,0.0,0.0,0.0,0.0,0.0,1.0,0.0,0.0,0.0,0.0,0.0
6,7,0.0,0.0,0.0,0.0,0.0,0.0,0.0,1.0,0.0,0.0,0.0,0.0,0.0
6,7,0.0,0.0,0.0,0.0,0.0,0.0,0.0,1.0,0.0,0.0,0.0,0.0,0.0
6,7,0.0,0.0,0.0,0.0,0.0,0.0,0.0,1.0,0.0,0.0,0.0,0.0,0.0
6,7,0.0,0.0,0.0,0.0,0.0,0.0,0.0,1.0,0.0,0.0,0.0,0.0,0.0
6,7,0.0,0.0,0.0,0.0,0.0,0.0,0.0,1.0,0.0,0.0,0.0,0.0,0.0
6,7,0.0,0.0,0.0,0.0,0.0,0.0,0.0,1.0,0.0,0.0,0.0,0.0,0.0
6,7,0.0,0.0,0.0,0.0,0.0,0.0,0.0,1.0,0.0,0.0,0.0,0.0,0.0
6,7,0.0,0.0,0.0,0.0,0.0,0.0,0.0,1.0,0.0,0.0,0.0,0.0,0.0
6,7,0.0,0.0,0.0,0.0,0.0,0.0,0.0,1.0,0.0,0.0,0.0,0.0,0.0
6,7,0.0,0.0,0.0,0.0,0.0,0.0,0.0,1.0,0.0,0.0,0.0,0.0,0.0
6,7,0.0,0.0,0.0,0.0,0.0,0.0,0.0,1.0,0.0,0.0,0.0,0.0,0.0
6,7,0.0,0.0,0.0,0.0,0.0,0.0,0.0,1.0,0.0,0.0,0.0,0.0,0.0
6,7,0.0,0.0,0.0,0.0,0.0,0.0,0.0,1.0,0.0,0.0,0.0,0.0,0.0
6,7,0.0,0.0,0.0,0.0,0.0,0.0,0.0,1.0,0.0,0.0,0.0,0.0,0.0
6,7,0.0,0.0,0.0,0.0,0.0,0.0,0.0,1.0,0.0,0.0,0.0,0.0,0.0
6,7,0.0,0.0,0.0,0.0,0.0,0.0,0.0,1.0,0.0,0.0,0.0,0.0,0.0
6,7,0.0,0.0,0.0,0.0,0.0,0.0,0.0,1.0,0.0,0.0,0.0,0.0,0.0
6,7,0.0,0.0,0.0,0.0,0.0,0.0,0.0,1.0,0.0,0.0,0.0,0.0,0.0
6,7,0.0,0.0,0.0,0.0,0.0,0.0,0.0,1.0,0.0,0.0,0.0,0.0,0.0
6,7,0.0,0.0,0.0,0.0,0.0,0.0,0.0,1.0,0.0,0.0,0.0,0.0,0.0
6,7,0.0,0.0,0.0,0.0,0.0,0.0,0.0,1.0,0.0,0.0,0.0,0.0,0.0
6,7,0.0,0.0,0.0,0.0,0.0,0.0,0.0,1.0,0.0,0.0,0.0,0.0,0.0
6,7,0.0,0.0,0.0,0.0,0.0,0.0,0.0,1.0,0.0,0.0,0.0,0.0,0.0
6,7,0.0,0.0,0.0,0.0,0.0,0.0,0.0,1.0,0.0,0.0,0.0,0.0,0.0
6,7,0.0,0.0,0.0,0.0,0.0,0.0,0.0,1.0,0.0,0.0,0.0,0.0,0.0
6,7,0.0,0.0,0.0,0.0,0.0,0.0,0.0,1.0,0.0,0.0,0.0,0.0,0.0
6,7,0.0,0.0,0.0,0.0,0.0,0.0,0.0,1.0,0.0,0.0,0.0,0.0,0.0
6,7,0.0,0.0,0.0,0.0,0.0,0.0,0.0,1.0,0.0,0.0,0.0,0.0,0.0
6,7,0.0,0.0,0.0,0.0,0.0,0.0,0.0,1.0,0.0,0.0,0.0,0.0,0.0
6,7,0.0,0.0,0.0,0.0,0.0,0.0,0.0,1.0,0.0,0.0,0.0,0.0,0.0
6,7,0.0,0.0,0.0,0.0,0.0,0.0,0.0,1.0,0.0,0.0,0.0,0.0,0.0
6,7,0.0,0.0,0.0,0.0,0.0,0.0,0.0,1.0,0.0,0.0,0.0,0.0,0.0
6,7,0.0,0.0,0.0,0.0,0.0,0.0,0.0,1.0,0.0,0.0,0.0,0.0,0.0
6,7,0.0,0.0,0.0,0.0,0.0,0.0,0.0,1.0,0.0,0.0,0.0,0.0,0.0
6,7,0.0,0.0,0.0,0.0,0.0,0.0,0.0,1.0,0.0,0.0,0.0,0.0,0.0
6,7,0.0,0.0,0.0,0.0,0.0,0.0,0.0,1.0,0.0,0.0,0.0,0.0,0.0
6,7,0.0,0.0,0.0,0.0,0.0,0.0,0.0,1.0,0.0,0.0,0.0,0.0,0.0
6,7,0.0,0.0,0.0,0.0,0.0,0.0,0.0,1.0,0.0,0.0,0.0,0.0,0.0
6,7,0.0,0.0,0.0,0.0,0.0,0.0,0.0,1.0,0.0,0.0,0.0,0.0,0.0
6,7,0.0,0.0,0.0,0.0,0.0,0.0,0.0,1.0,0.0,0.0,0.0,0.0,0.0
6,7,0.0,0.0,0.0,0.0,0.0,0.0,0.0,1.0,0.0,0.0,0.0,0.0,0.0
6,7,0.0,0.0,0.0,0.0,0.0,0.0,0.0,1.0,0.0,0.0,0.0,0.0,0.0
6,7,0.0,0.0,0.0,0.0,0.0,0.0,0.0,1.0,0.0,0.0,0.0,0.0,0.0
6,7,0.0,0.0,0.0,0.0,0.0,0.0,0.0,1.0,0.0,0.0,0.0,0.0,0.0
6,7,0.0,0.061264377,0.0,0.0,0.0,0.0,0.0,0.9387356,0.0,0.0,0.0,0.0,0.0
6,7,0.0,0.061264377,0.0,0.0,0.0,0.0,0.0,0.9387356,0.0,0.0,0.0,0.0,0.0
6,7,0.0,0.061264377,0.0,0.0,0.0,0.0,0.0,0.9387356,0.0,0.0,0.0,0.0,0.0
6,7,0.0,0.061264377,0.0,0.0,0.0,0.0,0.0,0.9387356,0.0,0.0,0.0,0.0,0.0
6,7,0.0,0.061264377,0.0,0.0,0.0,0.0,0.0,0.9387356,0.0,0.0,0.0,0.0,0.0
6,7,0.0,0.061264377,0.0,0.0,0.0,0.0,0.0,0.9387356,0.0,0.0,0.0,0.0,0.0
6,7,0.0,0.061264377,0.0,0.0,0.0,0.0,0.0,0.9387356,0.0,0.0,0.0,0.0,0.0
6,7,0.0,0.061264377,0.0,0.0,0.0,0.0,0.0,0.9387356,0.0,0.0,0.0,0.0,0.0
6,7,0.0,0.061264377,0.0,0.0,0.0,0.0,0.0,0.9387356,0.0,0.0,0.0,0.0,0.0
6,7,0.0,0.061264377,0.0,0.0,0.0,0.0,0.0,0.9387356,0.0,0.0,0.0,0.0,0.0
6,7,0.0,0.061264377,0.0,0.0,0.0,0.0,0.0,0.9387356,0.0,0.0,0.0,0.0,0.0
6,7,0.0,0.061264377,0.0,0.0,0.0,0.0,0.0,0.9387356,0.0,0.0,0.0,0.0,0.0
6,7,0.0,0.061264377,0.0,0.0,0.0,0.0,0.0,0.9387356,0.0,0.0,0.0,0.0,0.0
6,7,0.0,0.061264377,0.0,0.0,0.0,0.0,0.0,0.9387356,0.0,0.0,0.0,0.0,0.0
6,7,0.0,0.061264377,0.0,0.0,0.0,0.0,0.0,0.9387356,0.0,0.0,0.0,0.0,0.0
6,7,0.0,0.061264377,0.0,0.0,0.0,0.0,0.0,0.9387356,0.0,0.0,0.0,0.0,0.0
6,7,0.0,0.061264377,0.0,0.0,0.0,0.0,0.0,0.9387356,0.0,0.0,0.0,0.0,0.0
6,7,0.0,0.061264377,0.0,0.0,0.0,0.0,0.0,0.9387356,0.0,0.0,0.0,0.0,0.0
6,7,0.0,0.061264377,0.0,0.0,0.0,0.0,0.0,0.9387356,0.0,0.0,0.0,0.0,0.0
6,7,0.0,0.061264377,0.0,0.0,0.0,0.0,0.0,0.9387356,0.0,0.0,0.0,0.0,0.0
6,7,0.0,0.061264377,0.0,0.0,0.0,0.0,0.0,0.9387356,0.0,0.0,0.0,0.0,0.0
6,7,0.0,0.061264377,0.0,0.0,0.0,0.0,0.0,0.9387356,0.0,0.0,0.0,0.0,0.0
6,7,0.0,0.061264377,0.0,0.0,0.0,0.0,0.0,0.9387356,0.0,0.0,0.0,0.0,0.0
6,7,0.0,0.061264377,0.0,0.0,0.0,0.0,0.0,0.9387356,0.0,0.0,0.0,0.0,0.0
6,7,0.0,0.061264377,0.0,0.0,0.0,0.0,0.0,0.9387356,0.0,0.0,0.0,0.0,0.0
6,7,0.0,0.061264377,0.0,0.0,0.0,0.0,0.0,0.9387356,0.0,0.0,0.0,0.0,0.0
6,7,0.0,0.061264377,0.0,0.0,0.0,0.0,0.0,0.9387356,0.0,0.0,0.0,0.0,0.0
6,7,0.0,0.061264377,0.0,0.0,0.0,0.0,0.0,0.9387356,0.0,0.0,0.0,0.0,0.0
6,7,0.0,0.061264377,0.0,0.0,0.0,0.0,0.0,0.9387356,0.0,0.0,0.0,0.0,0.0
6,7,0.0,0.061264377,0.0,0.0,0.0,0.0,0.0,0.9387356,0.0,0.0,0.0,0.0,0.0
6,7,0.0,0.061264377,0.0,0.0,0.0,0.0,0.0,0.9387356,0.0,0.0,0.0,0.0,0.0
6,7,0.0,0.061264377,0.0,0.0,0.0,0.0,0.0,0.9387356,0.0,0.0,0.0,0.0,0.0
6,7,0.0,0.061264377,0.0,0.0,0.0,0.0,0.0,0.9387356,0.0,0.0,0.0,0.0,0.0
6,7,0.0,0.061264377,0.0,0.0,0.0,0.0,0.0,0.9387356,0.0,0.0,0.0,0.0,0.0
6,7,0.0,0.061264377,0.0,0.0,0.0,0.0,0.0,0.9387356,0.0,0.0,0.0,0.0,0.0
6,7,0.0,0.061264377,0.0,0.0,0.0,0.0,0.0,0.9387356,0.0,0.0,0.0,0.0,0.0
6,7,0.0,0.061264377,0.0,0.0,0.0,0.0,0.0,0.9387356,0.0,0.0,0.0,0.0,0.0
6,7,0.0,0.061264377,0.0,0.0,0.0,0.0,0.0,0.9387356,0.0,0.0,0.0,0.0,0.0
6,7,0.0,0.061264377,0.0,0.0,0.0,0.0,0.0,0.9387356,0.0,0.0,0.0,0.0,0.0
6,7,0.0,0.061264377,0.0,0.0,0.0,0.0,0.0,0.9387356,0.0,0.0,0.0,0.0,0.0
6,7,0.0,0.061264377,0.0,0.0,0.0,0.0,0.0,0.9387356,0.0,0.0,0.0,0.0,0.0
6,7,0.0,0.061264377,0.0,0.0,0.0,0.0,0.0,0.9387356,0.0,0.0,0.0,0.0,0.0
6,7,0.0,0.061264377,0.0,0.0,0.0,0.0,0.0,0.9387356,0.0,0.0,0.0,0.0,0.0
6,7,0.0,0.061264377,0.0,0.0,0.0,0.0,0.0,0.9387356,0.0,0.0,0.0,0.0,0.0
6,7,0.0,0.061264377,0.0,0.0,0.0,0.0,0.0,0.9387356,0.0,0.0,0.0,0.0,0.0
6,7,0.0,0.061264377,0.0,0.0,0.0,0.0,0.0,0.9387356,0.0,0.0,0.0,0.0,0.0
6,7,0.0,0.061264377,0.0,0.0,0.0,0.0,0.0,0.9387356,0.0,0.0,0.0,0.0,0.0
6,7,0.0,0.061264377,0.0,0.0,0.0,0.0,0.0,0.9387356,0.0,0.0,0.0,0.0,0.0
6,7,0.0,0.061264377,0.0,0.0,0.0,0.0,0.0,0.9387356,0.0,0.0,0.0,0.0,0.0
6,7,0.0,0.061264377,0.0,0.0,0.0,0.0,0.0,0.9387356,0.0,0.0,0.0,0.0,0.0
6,7,0.0,0.061264377,0.0,0.0,0.0,0.0,0.0,0.9387356,0.0,0.0,0.0,0.0,0.0
6,7,0.0,0.061264377,0.0,0.0,0.0,0.0,0.0,0.9387356,0.0,0.0,0.0,0.0,0.0
6,7,0.0,0.061264377,0.0,0.0,0.0,0.0,0.0,0.9387356,0.0,0.0,0.0,0.0,0.0
6,7,0.0,0.061264377,0.0,0.0,0.0,0.0,0.0,0.9387356,0.0,0.0,0.0,0.0,0.0
6,7,0.0,0.061264377,0.0,0.0,0.0,0.0,0.0,0.9387356,0.0,0.0,0.0,0.0,0.0
6,7,0.0,0.061264377,0.0,0.0,0.0,0.0,0.0,0.9387356,0.0,0.0,0.0,0.0,0.0
6,7,0.0,0.061264377,0.0,0.0,0.0,0.0,0.0,0.9387356,0.0,0.0,0.0,0.0,0.0
6,7,0.0,0.061264377,0.0,0.0,0.0,0.0,0.0,0.9387356,0.0,0.0,0.0,0.0,0.0
6,7,0.0,0.061264377,0.0,0.0,0.0,0.0,0.0,0.9387356,0.0,0.0,0.0,0.0,0.0
6,7,0.0,0.061264377,0.0,0.0,0.0,0.0,0.0,0.9387356,0.0,0.0,0.0,0.0,0.0
6,7,0.0,0.061264377,0.0,0.0,0.0,0.0,0.0,0.9387356,0.0,0.0,0.0,0.0,0.0
6,7,0.0,0.061264377,0.0,0.0,0.0,0.0,0.0,0.9387356,0.0,0.0,0.0,0.0,0.0
6,7,0.0,0.061264377,0.0,0.0,0.0,0.0,0.0,0.9387356,0.0,0.0,0.0,0.0,0.0
6,7,0.0,0.061264377,0.0,0.0,0.0,0.0,0.0,0.9387356,0.0,0.0,0.0,0.0,0.0
6,7,0.0,0.061264377,0.0,0.0,0.0,0.0,0.0,0.9387356,0.0,0.0,0.0,0.0,0.0
6,7,0.0,0.061264377,0.0,0.0,0.0,0.0,0.0,0.9387356,0.0,0.0,0.0,0.0,0.0
6,7,0.0,0.061264377,0.0,0.0,0.0,0.0,0.0,0.9387356,0.0,0.0,0.0,0.0,0.0
6,7,0.0,0.061264377,0.0,0.0,0.0,0.0,0.0,0.9387356,0.0,0.0,0.0,0.0,0.0
6,7,0.0,0.061264377,0.0,0.0,0.0,0.0,0.0,0.9387356,0.0,0.0,0.0,0.0,0.0
6,7,0.0,0.061264377,0.0,0.0,0.0,0.0,0.0,0.9387356,0.0,0.0,0.0,0.0,0.0
6,7,0.0,0.061264377,0.0,0.0,0.0,0.0,0.0,0.9387356,0.0,0.0,0.0,0.0,0.0
6,7,0.0,0.061264377,0.0,0.0,0.0,0.0,0.0,0.9387356,0.0,0.0,0.0,0.0,0.0
6,7,0.0,0.061264377,0.0,0.0,0.0,0.0,0.0,0.9387356,0.0,0.0,0.0,0.0,0.0
6,7,0.0,0.061264377,0.0,0.0,0.0,0.0,0.0,0.9387356,0.0,0.0,0.0,0.0,0.0
6,7,0.0,0.061264377,0.0,0.0,0.0,0.0,0.0,0.9387356,0.0,0.0,0.0,0.0,0.0
6,7,0.0,0.061264377,0.0,0.0,0.0,0.0,0.0,0.9387356,0.0,0.0,0.0,0.0,0.0
6,7,0.0,0.061264377,0.0,0.0,0.0,0.0,0.0,0.9387356,0.0,0.0,0.0,0.0,0.0
6,7,0.0,0.061264377,0.0,0.0,0.0,0.0,0.0,0.9387356,0.0,0.0,0.0,0.0,0.0
6,7,0.0,0.061264377,0.0,0.0,0.0,0.0,0.0,0.9387356,0.0,0.0,0.0,0.0,0.0
6,7,0.0,0.061264377,0.0,0.0,0.0,0.0,0.0,0.9387356,0.0,0.0,0.0,0.0,0.0
6,7,0.0,0.061264377,0.0,0.0,0.0,0.0,0.0,0.9387356,0.0,0.0,0.0,0.0,0.0
6,7,0.0,0.061264377,0.0,0.0,0.0,0.0,0.0,0.9387356,0.0,0.0,0.0,0.0,0.0
6,7,0.0,0.061264377,0.0,0.0,0.0,0.0,0.0,0.9387356,0.0,0.0,0.0,0.0,0.0
6,7,0.0,0.061264377,0.0,0.0,0.0,0.0,0.0,0.9387356,0.0,0.0,0.0,0.0,0.0
6,7,0.0,0.061264377,0.0,0.0,0.0,0.0,0.0,0.9387356,0.0,0.0,0.0,0.0,0.0
6,7,0.0,0.061264377,0.0,0.0,0.0,0.0,0.0,0.9387356,0.0,0.0,0.0,0.0,0.0
6,7,0.0,0.061264377,0.0,0.0,0.0,0.0,0.0,0.9387356,0.0,0.0,0.0,0.0,0.0
6,7,0.0,0.061264377,0.0,0.0,0.0,0.0,0.0,0.9387356,0.0,0.0,0.0,0.0,0.0
6,7,0.0,0.061264377,0.0,0.0,0.0,0.0,0.0,0.9387356,0.0,0.0,0.0,0.0,0.0
6,7,0.0,0.061264377,0.0,0.0,0.0,0.0,0.0,0.9387356,0.0,0.0,0.0,0.0,0.0
6,7,0.0,0.061264377,0.0,0.0,0.0,0.0,0.0,0.9387356,0.0,0.0,0.0,0.0,0.0
6,7,0.0,0.061264377,0.0,0.0,0.0,0.0,0.0,0.9387356,0.0,0.0,0.0,0.0,0.0
6,7,0.0,0.061264377,0.0,0.0,0.0,0.0,0.0,0.9387356,0.0,0.0,0.0,0.0,0.0
6,7,0.0,0.061264377,0.0,0.0,0.0,0.0,0.0,0.9387356,0.0,0.0,0.0,0.0,0.0
6,7,0.0,0.061264377,0.0,0.0,0.0,0.0,0.0,0.9387356,0.0,0.0,0.0,0.0,0.0
6,7,0.0,0.061264377,0.0,0.0,0.0,0.0,0.0,0.9387356,0.0,0.0,0.0,0.0,0.0
6,7,0.0,0.061264377,0.0,0.0,0.0,0.0,0.0,0.9387356,0.0,0.0,0.0,0.0,0.0
6,7,0.0,0.061264377,0.0,0.0,0.0,0.0,0.0,0.9387356,0.0,0.0,0.0,0.0,0.0
6,7,0.0,0.061264377,0.0,0.0,0.0,0.0,0.0,0.9387356,0.0,0.0,0.0,0.0,0.0
6,7,0.0,0.061264377,0.0,0.0,0.0,0.0,0.0,0.9387356,0.0,0.0,0.0,0.0,0.0
6,7,0.0,0.061264377,0.0,0.0,0.0,0.0,0.0,0.9387356,0.0,0.0,0.0,0.0,0.0
6,7,0.0,0.061264377,0.0,0.0,0.0,0.0,0.0,0.9387356,0.0,0.0,0.0,0.0,0.0
6,7,0.0,0.061264377,0.0,0.0,0.0,0.0,0.0,0.9387356,0.0,0.0,0.0,0.0,0.0
6,7,0.0,0.061264377,0.0,0.0,0.0,0.0,0.0,0.9387356,0.0,0.0,0.0,0.0,0.0
6,7,0.0,0.061264377,0.0,0.0,0.0,0.0,0.0,0.9387356,0.0,0.0,0.0,0.0,0.0
6,7,0.0,0.061264377,0.0,0.0,0.0,0.0,0.0,0.9387356,0.0,0.0,0.0,0.0,0.0
6,7,0.0,0.061264377,0.0,0.0,0.0,0.0,0.0,0.9387356,0.0,0.0,0.0,0.0,0.0
6,7,0.0,0.061264377,0.0,0.0,0.0,0.0,0.0,0.9387356,0.0,0.0,0.0,0.0,0.0
6,7,0.0,0.061264377,0.0,0.0,0.0,0.0,0.0,0.9387356,0.0,0.0,0.0,0.0,0.0
6,7,0.0,0.061264377,0.0,0.0,0.0,0.0,0.0,0.9387356,0.0,0.0,0.0,0.0,0.0
6,7,0.0,0.061264377,0.0,0.0,0.0,0.0,0.0,0.9387356,0.0,0.0,0.0,0.0,0.0
6,7,0.0,0.061264377,0.0,0.0,0.0,0.0,0.0,0.9387356,0.0,0.0,0.0,0.0,0.0
6,7,0.0,0.061264377,0.0,0.0,0.0,0.0,0.0,0.9387356,0.0,0.0,0.0,0.0,0.0
6,7,0.0,0.061264377,0.0,0.0,0.0,0.0,0.0,0.9387356,0.0,0.0,0.0,0.0,0.0
6,7,0.0,0.061264377,0.0,0.0,0.0,0.0,0.0,0.9387356,0.0,0.0,0.0,0.0,0.0
6,7,0.0,0.061264377,0.0,0.0,0.0,0.0,0.0,0.9387356,0.0,0.0,0.0,0.0,0.0
6,7,0.0,0.061264377,0.0,0.0,0.0,0.0,0.0,0.9387356,0.0,0.0,0.0,0.0,0.0
6,7,0.0,0.061264377,0.0,0.0,0.0,0.0,0.0,0.9387356,0.0,0.0,0.0,0.0,0.0
6,7,0.0,0.061264377,0.0,0.0,0.0,0.0,0.0,0.9387356,0.0,0.0,0.0,0.0,0.0
6,7,0.0,0.061264377,0.0,0.0,0.0,0.0,0.0,0.9387356,0.0,0.0,0.0,0.0,0.0
6,7,0.0,0.061264377,0.0,0.0,0.0,0.0,0.0,0.9387356,0.0,0.0,0.0,0.0,0.0
6,7,0.0,0.061264377,0.0,0.0,0.0,0.0,0.0,0.9387356,0.0,0.0,0.0,0.0,0.0
6,7,0.0,0.061264377,0.0,0.0,0.0,0.0,0.0,0.9387356,0.0,0.0,0.0,0.0,0.0
6,7,0.0,0.061264377,0.0,0.0,0.0,0.0,0.0,0.9387356,0.0,0.0,0.0,0.0,0.0
6,7,0.0,0.061264377,0.0,0.0,0.0,0.0,0.0,0.9387356,0.0,0.0,0.0,0.0,0.0
6,7,0.0,0.061264377,0.0,0.0,0.0,0.0,0.0,0.9387356,0.0,0.0,0.0,0.0,0.0
6,7,0.0,0.061264377,0.0,0.0,0.0,0.0,0.0,0.9387356,0.0,0.0,0.0,0.0,0.0
6,7,0.0,0.061264377,0.0,0.0,0.0,0.0,0.0,0.9387356,0.0,0.0,0.0,0.0,0.0
6,7,0.0,0.061264377,0.0,0.0,0.0,0.0,0.0,0.9387356,0.0,0.0,0.0,0.0,0.0
6,7,0.0,0.061264377,0.0,0.0,0.0,0.0,0.0,0.9387356,0.0,0.0,0.0,0.0,0.0
6,7,0.0,0.061264377,0.0,0.0,0.0,0.0,0.0,0.9387356,0.0,0.0,0.0,0.0,0.0
6,7,0.0,0.061264377,0.0,0.0,0.0,0.0,0.0,0.9387356,0.0,0.0,0.0,0.0,0.0
6,7,0.0,0.061264377,0.0,0.0,0.0,0.0,0.0,0.9387356,0.0,0.0,0.0,0.0,0.0
6,7,0.0,0.061264377,0.0,0.0,0.0,0.0,0.0,0.9387356,0.0,0.0,0.0,0.0,0.0
6,7,0.0,0.061264377,0.0,0.0,0.0,0.0,0.0,0.9387356,0.0,0.0,0.0,0.0,0.0
6,7,0.0,0.061264377,0.0,0.0,0.0,0.0,0.0,0.9387356,0.0,0.0,0.0,0.0,0.0
6,7,0.0,0.061264377,0.0,0.0,0.0,0.0,0.0,0.9387356,0.0,0.0,0.0,0.0,0.0
6,7,0.0,0.061264377,0.0,0.0,0.0,0.0,0.0,0.9387356,0.0,0.0,0.0,0.0,0.0
6,7,0.0,0.061264377,0.0,0.0,0.0,0.0,0.0,0.9387356,0.0,0.0,0.0,0.0,0.0
6,7,0.0,0.061264377,0.0,0.0,0.0,0.0,0.0,0.9387356,0.0,0.0,0.0,0.0,0.0
6,7,0.0,0.061264377,0.0,0.0,0.0,0.0,0.0,0.9387356,0.0,0.0,0.0,0.0,0.0
6,7,0.0,0.061264377,0.0,0.0,0.0,0.0,0.0,0.9387356,0.0,0.0,0.0,0.0,0.0
6,7,0.0,0.061264377,0.0,0.0,0.0,0.0,0.0,0.9387356,0.0,0.0,0.0,0.0,0.0
6,7,0.0,0.061264377,0.0,0.0,0.0,0.0,0.0,0.9387356,0.0,0.0,0.0,0.0,0.0
6,7,0.0,0.061264377,0.0,0.0,0.0,0.0,0.0,0.9387356,0.0,0.0,0.0,0.0,0.0
6,7,0.0,0.061264377,0.0,0.0,0.0,0.0,0.0,0.9387356,0.0,0.0,0.0,0.0,0.0
6,7,0.0,0.061264377,0.0,0.0,0.0,0.0,0.0,0.9387356,0.0,0.0,0.0,0.0,0.0
6,7,0.0,0.061264377,0.0,0.0,0.0,0.0,0.0,0.9387356,0.0,0.0,0.0,0.0,0.0
6,7,0.0,0.061264377,0.0,0.0,0.0,0.0,0.0,0.9387356,0.0,0.0,0.0,0.0,0.0
6,7,0.0,0.061264377,0.0,0.0,0.0,0.0,0.0,0.9387356,0.0,0.0,0.0,0.0,0.0
6,7,0.0,0.061264377,0.0,0.0,0.0,0.0,0.0,0.9387356,0.0,0.0,0.0,0.0,0.0
6,7,0.0,0.061264377,0.0,0.0,0.0,0.0,0.0,0.9387356,0.0,0.0,0.0,0.0,0.0
6,7,0.0,0.061264377,0.0,0.0,0.0,0.0,0.0,0.9387356,0.0,0.0,0.0,0.0,0.0
6,7,0.0,0.061264377,0.0,0.0,0.0,0.0,0.0,0.9387356,0.0,0.0,0.0,0.0,0.0
6,7,0.0,0.061264377,0.0,0.0,0.0,0.0,0.0,0.9387356,0.0,0.0,0.0,0.0,0.0
6,7,0.0,0.061264377,0.0,0.0,0.0,0.0,0.0,0.9387356,0.0,0.0,0.0,0.0,0.0
6,7,0.0,0.061264377,0.0,0.0,0.0,0.0,0.0,0.9387356,0.0,0.0,0.0,0.0,0.0
6,7,0.0,0.061264377,0.0,0.0,0.0,0.0,0.0,0.9387356,0.0,0.0,0.0,0.0,0.0
6,7,0.0,0.061264377,0.0,0.0,0.0,0.0,0.0,0.9387356,0.0,0.0,0.0,0.0,0.0
6,7,0.0,0.061264377,0.0,0.0,0.0,0.0,0.0,0.9387356,0.0,0.0,0.0,0.0,0.0
6,7,0.0,0.061264377,0.0,0.0,0.0,0.0,0.0,0.9387356,0.0,0.0,0.0,0.0,0.0
6,7,0.0,0.061264377,0.0,0.0,0.0,0.0,0.0,0.9387356,0.0,0.0,0.0,0.0,0.0
6,7,0.0,0.061264377,0.0,0.0,0.0,0.0,0.0,0.9387356,0.0,0.0,0.0,0.0,0.0
6,7,0.0,0.061264377,0.0,0.0,0.0,0.0,0.0,0.9387356,0.0,0.0,0.0,0.0,0.0
6,7,0.0,0.061264377,0.0,0.0,0.0,0.0,0.0,0.9387356,0.0,0.0,0.0,0.0,0.0
6,7,0.0,0.061264377,0.0,0.0,0.0,0.0,0.0,0.9387356,0.0,0.0,0.0,0.0,0.0
6,7,0.0,0.061264377,0.0,0.0,0.0,0.0,0.0,0.9387356,0.0,0.0,0.0,0.0,0.0
6,7,0.0,0.061264377,0.0,0.0,0.0,0.0,0.0,0.9387356,0.0,0.0,0.0,0.0,0.0
6,7,0.0,0.061264377,0.0,0.0,0.0,0.0,0.0,0.9387356,0.0,0.0,0.0,0.0,0.0
6,7,0.0,0.061264377,0.0,0.0,0.0,0.0,0.0,0.9387356,0.0,0.0,0.0,0.0,0.0
6,7,0.0,0.061264377,0.0,0.0,0.0,0.0,0.0,0.9387356,0.0,0.0,0.0,0.0,0.0
6,7,0.0,0.061264377,0.0,0.0,0.0,0.0,0.0,0.9387356,0.0,0.0,0.0,0.0,0.0
6,7,0.0,0.061264377,0.0,0.0,0.0,0.0,0.0,0.9387356,0.0,0.0,0.0,0.0,0.0
6,7,0.0,0.061264377,0.0,0.0,0.0,0.0,0.0,0.9387356,0.0,0.0,0.0,0.0,0.0
6,7,0.0,0.061264377,0.0,0.0,0.0,0.0,0.0,0.9387356,0.0,0.0,0.0,0.0,0.0
6,7,0.0,0.061264377,0.0,0.0,0.0,0.0,0.0,0.9387356,0.0,0.0,0.0,0.0,0.0
6,7,0.0,0.061264377,0.0,0.0,0.0,0.0,0.0,0.9387356,0.0,0.0,0.0,0.0,0.0
6,7,0.0,0.061264377,0.0,0.0,0.0,0.0,0.0,0.9387356,0.0,0.0,0.0,0.0,0.0
6,7,0.0,0.061264377,0.0,0.0,0.0,0.0,0.0,0.9387356,0.0,0.0,0.0,0.0,0.0
6,7,0.0,0.061264377,0.0,0.0,0.0,0.0,0.0,0.87047863,0.06825699,0.0,0.0,0.0,0.0
6,7,0.0,0.061264377,0.0,0.0,0.0,0.0,0.0,0.87047863,0.06825699,0.0,0.0,0.0,0.0
6,7,0.0,0.061264377,0.0,0.0,0.0,0.0,0.0,0.87047863,0.06825699,0.0,0.0,0.0,0.0
6,7,0.0,0.061264377,0.0,0.0,0.0,0.0,0.0,0.87047863,0.06825699,0.0,0.0,0.0,0.0
6,7,0.0,0.061264377,0.0,0.0,0.0,0.0,0.0,0.87047863,0.06825699,0.0,0.0,0.0,0.0
6,7,0.0,0.061264377,0.0,0.0,0.0,0.0,0.0,0.87047863,0.06825699,0.0,0.0,0.0,0.0
6,7,0.0,0.061264377,0.0,0.0,0.0,0.0,0.0,0.87047863,0.06825699,0.0,0.0,0.0,0.0
6,7,0.0,0.061264377,0.0,0.0,0.0,0.0,0.0,0.87047863,0.06825699,0.0,0.0,0.0,0.0
6,7,0.0,0.061264377,0.0,0.0,0.0,0.0,0.0,0.87047863,0.06825699,0.0,0.0,0.0,0.0
6,7,0.0,0.061264377,0.0,0.0,0.0,0.0,0.0,0.87047863,0.06825699,0.0,0.0,0.0,0.0
6,7,0.0,0.061264377,0.0,0.0,0.0,0.0,0.0,0.87047863,0.06825699,0.0,0.0,0.0,0.0
6,7,0.0,0.061264377,0.0,0.0,0.0,0.0,0.0,0.87047863,0.06825699,0.0,0.0,0.0,0.0
6,7,0.0,0.061264377,0.0,0.0,0.0,0.0,0.0,0.87047863,0.06825699,0.0,0.0,0.0,0.0
6,7,0.0,0.061264377,0.0,0.0,0.0,0.0,0.0,0.87047863,0.06825699,0.0,0.0,0.0,0.0
6,7,0.0,0.061264377,0.0,0.0,0.0,0.0,0.0,0.87047863,0.06825699,0.0,0.0,0.0,0.0
6,7,0.0,0.061264377,0.0,0.0,0.0,0.0,0.0,0.87047863,0.06825699,0.0,0.0,0.0,0.0
6,7,0.0,0.061264377,0.0,0.0,0.0,0.0,0.0,0.87047863,0.06825699,0.0,0.0,0.0,0.0
6,7,0.0,0.061264377,0.0,0.0,0.0,0.0,0.0,0.87047863,0.06825699,0.0,0.0,0.0,0.0
6,7,0.0,0.061264377,0.0,0.0,0.0,0.0,0.0,0.87047863,0.06825699,0.0,0.0,0.0,0.0
6,7,0.0,0.061264377,0.0,0.0,0.0,0.0,0.0,0.87047863,0.06825699,0.0,0.0,0.0,0.0
6,7,0.0,0.061264377,0.0,0.0,0.0,0.0,0.0,0.87047863,0.06825699,0.0,0.0,0.0,0.0
6,7,0.0,0.061264377,0.0,0.0,0.0,0.0,0.0,0.87047863,0.06825699,0.0,0.0,0.0,0.0
6,7,0.0,0.061264377,0.0,0.0,0.0,0.0,0.0,0.87047863,0.06825699,0.0,0.0,0.0,0.0
6,7,0.0,0.061264377,0.0,0.0,0.0,0.0,0.0,0.87047863,0.06825699,0.0,0.0,0.0,0.0
6,7,0.0,0.061264377,0.0,0.0,0.0,0.0,0.0,0.87047863,0.06825699,0.0,0.0,0.0,0.0
6,7,0.0,0.061264377,0.0,0.0,0.0,0.0,0.0,0.87047863,0.06825699,0.0,0.0,0.0,0.0
6,7,0.0,0.061264377,0.0,0.0,0.0,0.0,0.0,0.87047863,0.06825699,0.0,0.0,0.0,0.0
6,7,0.0,0.061264377,0.0,0.0,0.0,0.0,0.0,0.87047863,0.06825699,0.0,0.0,0.0,0.0
6,7,0.0,0.061264377,0.0,0.0,0.0,0.0,0.0,0.87047863,0.06825699,0.0,0.0,0.0,0.0
6,7,0.0,0.061264377,0.0,0.0,0.0,0.0,0.0,0.87047863,0.06825699,0.0,0.0,0.0,0.0
6,7,0.0,0.061264377,0.0,0.0,0.0,0.0,0.0,0.87047863,0.06825699,0.0,0.0,0.0,0.0
6,7,0.0,0.061264377,0.0,0.0,0.0,0.0,0.0,0.87047863,0.06825699,0.0,0.0,0.0,0.0
6,7,0.0,0.061264377,0.0,0.0,0.0,0.0,0.0,0.87047863,0.06825699,0.0,0.0,0.0,0.0
6,7,0.0,0.061264377,0.0,0.0,0.0,0.0,0.0,0.87047863,0.06825699,0.0,0.0,0.0,0.0
6,7,0.0,0.061264377,0.0,0.0,0.0,0.0,0.0,0.87047863,0.06825699,0.0,0.0,0.0,0.0
6,7,0.0,0.061264377,0.0,0.0,0.0,0.0,0.0,0.87047863,0.06825699,0.0,0.0,0.0,0.0
6,7,0.0,0.061264377,0.0,0.0,0.0,0.0,0.0,0.87047863,0.06825699,0.0,0.0,0.0,0.0
6,7,0.0,0.061264377,0.0,0.0,0.0,0.0,0.0,0.87047863,0.06825699,0.0,0.0,0.0,0.0
6,7,0.0,0.061264377,0.0,0.0,0.0,0.0,0.0,0.87047863,0.06825699,0.0,0.0,0.0,0.0
6,7,0.0,0.061264377,0.0,0.0,0.0,0.0,0.0,0.87047863,0.06825699,0.0,0.0,0.0,0.0
6,7,0.0,0.061264377,0.0,0.0,0.0,0.0,0.0,0.87047863,0.06825699,0.0,0.0,0.0,0.0
6,7,0.0,0.061264377,0.0,0.0,0.0,0.0,0.0,0.87047863,0.06825699,0.0,0.0,0.0,0.0
6,7,0.0,0.061264377,0.0,0.0,0.0,0.0,0.0,0.87047863,0.06825699,0.0,0.0,0.0,0.0
6,7,0.0,0.061264377,0.0,0.0,0.0,0.0,0.0,0.87047863,0.06825699,0.0,0.0,0.0,0.0
6,7,0.0,0.061264377,0.0,0.0,0.0,0.0,0.0,0.87047863,0.06825699,0.0,0.0,0.0,0.0
6,7,0.0,0.061264377,0.0,0.0,0.0,0.0,0.0,0.87047863,0.06825699,0.0,0.0,0.0,0.0
6,7,0.0,0.061264377,0.0,0.0,0.0,0.0,0.0,0.87047863,0.06825699,0.0,0.0,0.0,0.0
6,7,0.0,0.061264377,0.0,0.0,0.0,0.0,0.0,0.87047863,0.06825699,0.0,0.0,0.0,0.0
6,7,0.0,0.061264377,0.0,0.0,0.0,0.0,0.0,0.87047863,0.06825699,0.0,0.0,0.0,0.0
6,7,0.0,0.061264377,0.0,0.0,0.0,0.0,0.0,0.87047863,0.06825699,0.0,0.0,0.0,0.0
6,7,0.0,0.061264377,0.0,0.0,0.0,0.0,0.0,0.87047863,0.06825699,0.0,0.0,0.0,0.0
6,7,0.0,0.061264377,0.0,0.0,0.0,0.0,0.0,0.87047863,0.06825699,0.0,0.0,0.0,0.0
6,7,0.0,0.061264377,0.0,0.0,0.0,0.0,0.0,0.87047863,0.06825699,0.0,0.0,0.0,0.0
6,7,0.0,0.061264377,0.0,0.0,0.0,0.0,0.0,0.87047863,0.06825699,0.0,0.0,0.0,0.0
6,7,0.0,0.061264377,0.0,0.0,0.0,0.0,0.0,0.87047863,0.06825699,0.0,0.0,0.0,0.0
6,7,0.0,0.061264377,0.0,0.0,0.0,0.0,0.0,0.87047863,0.06825699,0.0,0.0,0.0,0.0
6,7,0.0,0.061264377,0.0,0.0,0.0,0.0,0.0,0.87047863,0.06825699,0.0,0.0,0.0,0.0
6,7,0.0,0.061264377,0.0,0.0,0.0,0.0,0.0,0.87047863,0.06825699,0.0,0.0,0.0,0.0
6,7,0.0,0.061264377,0.0,0.0,0.0,0.0,0.0,0.87047863,0.06825699,0.0,0.0,0.0,0.0
6,7,0.0,0.061264377,0.0,0.0,0.0,0.0,0.0,0.87047863,0.06825699,0.0,0.0,0.0,0.0
6,7,0.0,0.061264377,0.0,0.0,0.0,0.0,0.0,0.87047863,0.06825699,0.0,0.0,0.0,0.0
6,7,0.0,0.061264377,0.0,0.0,0.0,0.0,0.0,0.87047863,0.06825699,0.0,0.0,0.0,0.0
6,7,0.0,0.061264377,0.0,0.0,0.0,0.0,0.0,0.87047863,0.06825699,0.0,0.0,0.0,0.0
6,7,0.0,0.061264377,0.0,0.0,0.0,0.0,0.0,0.87047863,0.06825699,0.0,0.0,0.0,0.0
6,7,0.0,0.061264377,0.0,0.0,0.0,0.0,0.0,0.87047863,0.06825699,0.0,0.0,0.0,0.0
6,7,0.0,0.061264377,0.0,0.0,0.0,0.0,0.0,0.87047863,0.06825699,0.0,0.0,0.0,0.0
6,7,0.0,0.061264377,0.0,0.0,0.0,0.0,0.0,0.87047863,0.06825699,0.0,0.0,0.0,0.0
6,7,0.0,0.061264377,0.0,0.0,0.0,0.0,0.0,0.87047863,0.06825699,0.0,0.0,0.0,0.0
6,7,0.0,0.061264377,0.0,0.0,0.0,0.0,0.0,0.87047863,0.06825699,0.0,0.0,0.0,0.0
6,7,0.0,0.061264377,0.0,0.0,0.0,0.0,0.0,0.87047863,0.06825699,0.0,0.0,0.0,0.0
6,7,0.0,0.061264377,0.0,0.0,0.0,0.0,0.0,0.87047863,0.06825699,0.0,0.0,0.0,0.0
6,7,0.0,0.061264377,0.0,0.0,0.0,0.0,0.0,0.87047863,0.06825699,0.0,0.0,0.0,0.0
6,7,0.0,0.061264377,0.0,0.0,0.0,0.0,0.0,0.87047863,0.06825699,0.0,0.0,0.0,0.0
6,7,0.0,0.061264377,0.0,0.0,0.0,0.0,0.0,0.87047863,0.06825699,0.0,0.0,0.0,0.0
6,7,0.0,0.061264377,0.0,0.0,0.0,0.0,0.0,0.87047863,0.06825699,0.0,0.0,0.0,0.0
6,7,0.0,0.061264377,0.0,0.0,0.0,0.0,0.0,0.87047863,0.06825699,0.0,0.0,0.0,0.0
6,7,0.0,0.061264377,0.0,0.0,0.0,0.0,0.0,0.87047863,0.06825699,0.0,0.0,0.0,0.0
6,7,0.0,0.061264377,0.0,0.0,0.0,0.0,0.0,0.87047863,0.06825699,0.0,0.0,0.0,0.0
6,7,0.0,0.061264377,0.0,0.0,0.0,0.0,0.0,0.87047863,0.06825699,0.0,0.0,0.0,0.0
6,7,0.0,0.061264377,0.0,0.0,0.0,0.0,0.0,0.87047863,0.06825699,0.0,0.0,0.0,0.0
6,7,0.0,0.061264377,0.0,0.0,0.0,0.0,0.0,0.87047863,0.06825699,0.0,0.0,0.0,0.0
6,7,0.0,0.061264377,0.0,0.0,0.0,0.0,0.0,0.87047863,0.06825699,0.0,0.0,0.0,0.0
6,7,0.0,0.061264377,0.0,0.0,0.0,0.0,0.0,0.87047863,0.06825699,0.0,0.0,0.0,0.0
6,7,0.0,0.061264377,0.0,0.0,0.0,0.0,0.0,0.87047863,0.06825699,0.0,0.0,0.0,0.0
6,7,0.0,0.061264377,0.0,0.0,0.0,0.0,0.0,0.87047863,0.06825699,0.0,0.0,0.0,0.0
6,7,0.0,0.061264377,0.0,0.0,0.0,0.0,0.0,0.87047863,0.06825699,0.0,0.0,0.0,0.0
6,7,0.0,0.061264377,0.0,0.0,0.0,0.0,0.0,0.87047863,0.06825699,0.0,0.0,0.0,0.0
6,7,0.0,0.061264377,0.0,0.0,0.0,0.0,0.0,0.87047863,0.06825699,0.0,0.0,0.0,0.0
6,7,0.0,0.061264377,0.0,0.0,0.0,0.0,0.0,0.87047863,0.06825699,0.0,0.0,0.0,0.0
6,7,0.0,0.061264377,0.0,0.0,0.0,0.0,0.0,0.87047863,0.06825699,0.0,0.0,0.0,0.0
6,7,0.0,0.061264377,0.0,0.0,0.0,0.0,0.0,0.87047863,0.06825699,0.0,0.0,0.0,0.0
6,7,0.0,0.061264377,0.0,0.0,0.0,0.0,0.0,0.87047863,0.06825699,0.0,0.0,0.0,0.0
6,7,0.0,0.061264377,0.0,0.0,0.0,0.0,0.0,0.87047863,0.06825699,0.0,0.0,0.0,0.0
6,7,0.0,0.061264377,0.0,0.0,0.0,0.0,0.0,0.87047863,0.06825699,0.0,0.0,0.0,0.0
6,7,0.0,0.061264377,0.0,0.0,0.0,0.0,0.0,0.87047863,0.06825699,0.0,0.0,0.0,0.0
6,7,0.0,0.061264377,0.0,0.0,0.0,0.0,0.0,0.87047863,0.06825699,0.0,0.0,0.0,0.0
6,7,0.0,0.061264377,0.0,0.0,0.0,0.0,0.0,0.87047863,0.06825699,0.0,0.0,0.0,0.0
6,7,0.0,0.061264377,0.0,0.0,0.0,0.0,0.0,0.87047863,0.06825699,0.0,0.0,0.0,0.0
6,7,0.0,0.061264377,0.0,0.0,0.0,0.0,0.0,0.87047863,0.06825699,0.0,0.0,0.0,0.0
6,7,0.0,0.061264377,0.0,0.0,0.0,0.0,0.0,0.87047863,0.06825699,0.0,0.0,0.0,0.0
6,7,0.0,0.061264377,0.0,0.0,0.0,0.0,0.0,0.87047863,0.06825699,0.0,0.0,0.0,0.0
6,7,0.0,0.061264377,0.0,0.0,0.0,0.0,0.0,0.87047863,0.06825699,0.0,0.0,0.0,0.0
6,7,0.0,0.061264377,0.0,0.0,0.0,0.0,0.0,0.87047863,0.06825699,0.0,0.0,0.0,0.0
6,7,0.0,0.061264377,0.0,0.0,0.0,0.0,0.0,0.87047863,0.06825699,0.0,0.0,0.0,0.0
6,7,0.0,0.061264377,0.0,0.0,0.0,0.0,0.0,0.87047863,0.06825699,0.0,0.0,0.0,0.0
6,7,0.0,0.061264373,0.0,0.0,0.0,0.0,0.0,0.8136816,0.12505399,0.0,0.0,0.0,0.0
6,7,0.0,0.061264373,0.0,0.0,0.0,0.0,0.0,0.8136816,0.12505399,0.0,0.0,0.0,0.0
6,7,0.0,0.061264373,0.0,0.0,0.0,0.0,0.0,0.8136816,0.12505399,0.0,0.0,0.0,0.0
6,7,0.0,0.061264373,0.0,0.0,0.0,0.0,0.0,0.8136816,0.12505399,0.0,0.0,0.0,0.0
6,7,0.0,0.061264373,0.0,0.0,0.0,0.0,0.0,0.8136816,0.12505399,0.0,0.0,0.0,0.0
6,7,0.0,0.061264373,0.0,0.0,0.0,0.0,0.0,0.8136816,0.12505399,0.0,0.0,0.0,0.0
6,7,0.0,0.061264377,0.0,0.0,0.0,0.0,0.0,0.7507619,0.18797372,0.0,0.0,0.0,0.0
6,7,0.0,0.061264377,0.0,0.0,0.0,0.0,0.0,0.7507619,0.18797372,0.0,0.0,0.0,0.0
6,7,0.0,0.061264377,0.0,0.0,0.0,0.0,0.0,0.7507619,0.18797372,0.0,0.0,0.0,0.0
6,7,0.0,0.061264377,0.0,0.0,0.0,0.0,0.0,0.7507619,0.18797372,0.0,0.0,0.0,0.0
6,7,0.0,0.061264377,0.0,0.0,0.0,0.0,0.0,0.7507619,0.18797372,0.0,0.0,0.0,0.0
6,7,0.0,0.061264377,0.0,0.0,0.0,0.0,0.0,0.7507619,0.18797372,0.0,0.0,0.0,0.0
6,7,0.0,0.061264377,0.0,0.0,0.0,0.0,0.0,0.7507619,0.18797372,0.0,0.0,0.0,0.0
6,7,0.0,0.061264377,0.0,0.0,0.0,0.0,0.0,0.7507619,0.18797372,0.0,0.0,0.0,0.0
6,7,0.0,0.061264373,0.0,0.0,0.0,0.0,0.0,0.68900937,0.24972622,0.0,0.0,0.0,0.0
6,7,0.0,0.061264373,0.0,0.0,0.0,0.0,0.0,0.68900937,0.24972622,0.0,0.0,0.0,0.0
6,7,0.0,0.061264373,0.0,0.0,0.0,0.0,0.0,0.68900937,0.24972622,0.0,0.0,0.0,0.0
6,7,0.0,0.061264373,0.0,0.0,0.0,0.0,0.0,0.68900937,0.24972622,0.0,0.0,0.0,0.0
6,7,0.0,0.061264373,0.0,0.0,0.0,0.0,0.0,0.68900937,0.24972622,0.0,0.0,0.0,0.0
6,7,0.0,0.061264373,0.0,0.0,0.0,0.0,0.0,0.68900937,0.24972622,0.0,0.0,0.0,0.0
6,7,0.0,0.061264373,0.0,0.0,0.0,0.0,0.0,0.6214259,0.31730968,0.0,0.0,0.0,0.0
6,7,0.0,0.061264373,0.0,0.0,0.0,0.0,0.0,0.6214259,0.31730968,0.0,0.0,0.0,0.0
6,7,0.0,0.061264373,0.0,0.0,0.0,0.0,0.0,0.6214259,0.31730968,0.0,0.0,0.0,0.0
6,7,0.0,0.061264373,0.0,0.0,0.0,0.0,0.0,0.6214259,0.31730968,0.0,0.0,0.0,0.0
6,7,0.0,0.061264373,0.0,0.0,0.0,0.0,0.0,0.56169474,0.37704083,0.0,0.0,0.0,0.0
6,7,0.0,0.061264373,0.0,0.0,0.0,0.0,0.0,0.56169474,0.37704083,0.0,0.0,0.0,0.0
6,7,0.0,0.061264377,0.0,0.0,0.0,0.0,0.0,0.49663115,0.4421045,0.0,0.0,0.0,0.0
6,7,0.0,0.061264377,0.0,0.0,0.0,0.0,0.0,0.49663115,0.4421045,0.0,0.0,0.0,0.0
6,7,0.0,0.061264377,0.0,0.0,0.0,0.0,0.0,0.49663115,0.4421045,0.0,0.0,0.0,0.0
6,7,0.0,0.061264377,0.0,0.0,0.0,0.0,0.0,0.49663115,0.4421045,0.0,0.0,0.0,0.0
6,7,0.0,0.061264377,0.0,0.0,0.0,0.0,0.0,0.49663115,0.4421045,0.0,0.0,0.0,0.0
6,7,0.0,0.061264377,0.0,0.0,0.0,0.0,0.0,0.49663115,0.4421045,0.0,0.0,0.0,0.0
6,7,0.0,0.061264377,0.0,0.0,0.0,0.0,0.0,0.49663115,0.4421045,0.0,0.0,0.0,0.0
6,7,0.0,0.061264377,0.0,0.0,0.0,0.0,0.0,0.49663115,0.4421045,0.0,0.0,0.0,0.0
6,7,0.0,0.061264377,0.0,0.0,0.0,0.0,0.0,0.49663115,0.4421045,0.0,0.0,0.0,0.0
6,7,0.0,0.061264377,0.0,0.0,0.0,0.0,0.0,0.49663115,0.4421045,0.0,0.0,0.0,0.0
6,7,0.0,0.061264377,0.0,0.0,0.0,0.0,0.0,0.49663115,0.4421045,0.0,0.0,0.0,0.0
6,7,0.0,0.061264377,0.0,0.0,0.0,0.0,0.0,0.49663115,0.4421045,0.0,0.0,0.0,0.0
6,7,0.0,0.061264377,0.0,0.0,0.0,0.0,0.0,0.49663115,0.4421045,0.0,0.0,0.0,0.0
6,7,0.0,0.061264377,0.0,0.0,0.0,0.0,0.0,0.49663115,0.4421045,0.0,0.0,0.0,0.0
6,7,0.0,0.061264377,0.0,0.0,0.0,0.0,0.0,0.49663115,0.4421045,0.0,0.0,0.0,0.0
6,7,0.0,0.061264377,0.0,0.0,0.0,0.0,0.0,0.49663115,0.4421045,0.0,0.0,0.0,0.0
6,7,0.0,0.061264377,0.0,0.0,0.0,0.0,0.0,0.49663115,0.4421045,0.0,0.0,0.0,0.0
6,7,0.0,0.061264377,0.0,0.0,0.0,0.0,0.0,0.49663115,0.4421045,0.0,0.0,0.0,0.0
6,7,0.0,0.061264377,0.0,0.0,0.0,0.0,0.0,0.49663115,0.4421045,0.0,0.0,0.0,0.0
6,7,0.0,0.061264377,0.0,0.0,0.0,0.0,0.0,0.49663115,0.4421045,0.0,0.0,0.0,0.0
6,7,0.0,0.061264377,0.0,0.0,0.0,0.0,0.0,0.49663115,0.4421045,0.0,0.0,0.0,0.0
6,7,0.0,0.061264377,0.0,0.0,0.0,0.0,0.0,0.49663115,0.4421045,0.0,0.0,0.0,0.0
6,7,0.0,0.061264377,0.0,0.0,0.0,0.0,0.0,0.49663115,0.4421045,0.0,0.0,0.0,0.0
6,7,0.0,0.061264377,0.0,0.0,0.0,0.0,0.0,0.49663115,0.4421045,0.0,0.0,0.0,0.0
6,7,0.0,0.061264377,0.0,0.0,0.0,0.0,0.0,0.49663115,0.4421045,0.0,0.0,0.0,0.0
6,7,0.0,0.061264377,0.0,0.0,0.0,0.0,0.0,0.49663115,0.4421045,0.0,0.0,0.0,0.0
6,7,0.0,0.061264377,0.0,0.0,0.0,0.0,0.0,0.49663115,0.4421045,0.0,0.0,0.0,0.0
6,7,0.0,0.061264377,0.0,0.0,0.0,0.0,0.0,0.49663115,0.4421045,0.0,0.0,0.0,0.0
6,7,0.0,0.061264377,0.0,0.0,0.0,0.0,0.0,0.49663115,0.4421045,0.0,0.0,0.0,0.0
6,7,0.0,0.061264377,0.0,0.0,0.0,0.0,0.0,0.49663115,0.4421045,0.0,0.0,0.0,0.0
6,7,0.0,0.061264377,0.0,0.0,0.0,0.0,0.0,0.49663115,0.4421045,0.0,0.0,0.0,0.0
6,7,0.0,0.061264377,0.0,0.0,0.0,0.0,0.0,0.49663115,0.4421045,0.0,0.0,0.0,0.0
6,7,0.0,0.061264377,0.0,0.0,0.0,0.0,0.0,0.49663115,0.4421045,0.0,0.0,0.0,0.0
6,7,0.0,0.061264377,0.0,0.0,0.0,0.0,0.0,0.49663115,0.4421045,0.0,0.0,0.0,0.0
6,7,0.0,0.061264377,0.0,0.0,0.0,0.0,0.0,0.49663115,0.4421045,0.0,0.0,0.0,0.0
6,7,0.0,0.061264377,0.0,0.0,0.0,0.0,0.0,0.49663115,0.4421045,0.0,0.0,0.0,0.0
6,7,0.0,0.061264377,0.0,0.0,0.0,0.0,0.0,0.49663115,0.4421045,0.0,0.0,0.0,0.0
6,7,0.0,0.061264377,0.0,0.0,0.0,0.0,0.0,0.49663115,0.4421045,0.0,0.0,0.0,0.0
6,7,0.0,0.061264377,0.0,0.0,0.0,0.0,0.0,0.49663115,0.4421045,0.0,0.0,0.0,0.0
6,7,0.0,0.061264377,0.0,0.0,0.0,0.0,0.0,0.49663115,0.4421045,0.0,0.0,0.0,0.0
6,7,0.0,0.061264377,0.0,0.0,0.0,0.0,0.0,0.49663115,0.4421045,0.0,0.0,0.0,0.0
6,7,0.0,0.061264377,0.0,0.0,0.0,0.0,0.0,0.49663115,0.4421045,0.0,0.0,0.0,0.0
6,7,0.0,0.061264377,0.0,0.0,0.0,0.0,0.0,0.49663115,0.4421045,0.0,0.0,0.0,0.0
6,7,0.0,0.061264377,0.0,0.0,0.0,0.0,0.0,0.49663115,0.4421045,0.0,0.0,0.0,0.0
6,7,0.0,0.061264377,0.0,0.0,0.0,0.0,0.0,0.49663115,0.4421045,0.0,0.0,0.0,0.0
6,7,0.0,0.061264377,0.0,0.0,0.0,0.0,0.0,0.49663115,0.4421045,0.0,0.0,0.0,0.0
6,7,0.0,0.061264377,0.0,0.0,0.0,0.0,0.0,0.49663115,0.4421045,0.0,0.0,0.0,0.0
6,7,0.0,0.061264377,0.0,0.0,0.0,0.0,0.0,0.49663115,0.4421045,0.0,0.0,0.0,0.0
6,7,0.0,0.061264377,0.0,0.0,0.0,0.0,0.0,0.49663115,0.4421045,0.0,0.0,0.0,0.0
6,7,0.0,0.061264377,0.0,0.0,0.0,0.0,0.0,0.49663115,0.4421045,0.0,0.0,0.0,0.0
6,7,0.0,0.061264377,0.0,0.0,0.0,0.0,0.0,0.49663115,0.4421045,0.0,0.0,0.0,0.0
6,7,0.0,0.061264377,0.0,0.0,0.0,0.0,0.0,0.49663115,0.4421045,0.0,0.0,0.0,0.0
6,8,0.0,0.061264373,0.0,0.0,0.0,0.0,0.0,0.42582124,0.51291436,0.0,0.0,0.0,0.0
6,8,0.0,0.061264373,0.0,0.0,0.0,0.0,0.0,0.42582124,0.51291436,0.0,0.0,0.0,0.0
6,8,0.0,0.061264373,0.0,0.0,0.0,0.0,0.0,0.42582124,0.51291436,0.0,0.0,0.0,0.0
6,8,0.0,0.061264373,0.0,0.0,0.0,0.0,0.0,0.42582124,0.51291436,0.0,0.0,0.0,0.0
6,8,0.0,0.061264373,0.0,0.0,0.0,0.0,0.0,0.42582124,0.51291436,0.0,0.0,0.0,0.0
6,8,0.0,0.061264373,0.0,0.0,0.0,0.0,0.0,0.42582124,0.51291436,0.0,0.0,0.0,0.0
6,8,0.0,0.061264373,0.0,0.0,0.0,0.0,0.0,0.42582124,0.51291436,0.0,0.0,0.0,0.0
6,8,0.0,0.061264373,0.0,0.0,0.0,0.0,0.0,0.42582124,0.51291436,0.0,0.0,0.0,0.0
6,8,0.0,0.061264373,0.0,0.0,0.0,0.0,0.0,0.42582124,0.51291436,0.0,0.0,0.0,0.0
6,8,0.0,0.061264373,0.0,0.0,0.0,0.0,0.0,0.42582124,0.51291436,0.0,0.0,0.0,0.0
6,8,0.0,0.061264373,0.0,0.0,0.0,0.0,0.0,0.42582124,0.51291436,0.0,0.0,0.0,0.0
6,8,0.0,0.061264373,0.0,0.0,0.0,0.0,0.0,0.42582124,0.51291436,0.0,0.0,0.0,0.0
6,8,0.0,0.061264373,0.0,0.0,0.0,0.0,0.0,0.42582124,0.51291436,0.0,0.0,0.0,0.0
6,8,0.0,0.061264373,0.0,0.0,0.0,0.0,0.0,0.42582124,0.51291436,0.0,0.0,0.0,0.0
6,8,0.0,0.061264373,0.0,0.0,0.0,0.0,0.0,0.42582124,0.51291436,0.0,0.0,0.0,0.0
6,8,0.0,0.061264373,0.0,0.0,0.0,0.0,0.0,0.42582124,0.51291436,0.0,0.0,0.0,0.0
6,8,0.0,0.061264373,0.0,0.0,0.0,0.0,0.0,0.42582124,0.51291436,0.0,0.0,0.0,0.0
6,8,0.0,0.061264373,0.0,0.0,0.0,0.0,0.0,0.42582124,0.51291436,0.0,0.0,0.0,0.0
6,8,0.0,0.061264373,0.0,0.0,0.0,0.0,0.0,0.42582124,0.51291436,0.0,0.0,0.0,0.0
6,8,0.0,0.061264373,0.0,0.0,0.0,0.0,0.0,0.42582124,0.51291436,0.0,0.0,0.0,0.0
6,8,0.0,0.061264373,0.0,0.0,0.0,0.0,0.0,0.42582124,0.51291436,0.0,0.0,0.0,0.0
6,8,0.0,0.061264373,0.0,0.0,0.0,0.0,0.0,0.42582124,0.51291436,0.0,0.0,0.0,0.0
6,8,0.0,0.061264373,0.0,0.0,0.0,0.0,0.0,0.42582124,0.51291436,0.0,0.0,0.0,0.0
6,8,0.0,0.061264373,0.0,0.0,0.0,0.0,0.0,0.42582124,0.51291436,0.0,0.0,0.0,0.0
6,8,0.0,0.061264373,0.0,0.0,0.0,0.0,0.0,0.42582124,0.51291436,0.0,0.0,0.0,0.0
6,8,0.0,0.061264373,0.0,0.0,0.0,0.0,0.0,0.42582124,0.51291436,0.0,0.0,0.0,0.0
6,8,0.0,0.061264373,0.0,0.0,0.0,0.0,0.0,0.42582124,0.51291436,0.0,0.0,0.0,0.0
6,8,0.0,0.061264373,0.0,0.0,0.0,0.0,0.0,0.42582124,0.51291436,0.0,0.0,0.0,0.0
6,8,0.0,0.061264373,0.0,0.0,0.0,0.0,0.0,0.42582124,0.51291436,0.0,0.0,0.0,0.0
6,8,0.0,0.061264373,0.0,0.0,0.0,0.0,0.0,0.42582124,0.51291436,0.0,0.0,0.0,0.0
6,8,0.0,0.061264373,0.0,0.0,0.0,0.0,0.0,0.42582124,0.51291436,0.0,0.0,0.0,0.0
6,8,0.0,0.061264373,0.0,0.0,0.0,0.0,0.0,0.42582124,0.51291436,0.0,0.0,0.0,0.0
6,8,0.0,0.061264373,0.0,0.0,0.0,0.0,0.0,0.42582124,0.51291436,0.0,0.0,0.0,0.0
6,8,0.0,0.061264373,0.0,0.0,0.0,0.0,0.0,0.42582124,0.51291436,0.0,0.0,0.0,0.0
6,8,0.0,0.061264373,0.0,0.0,0.0,0.0,0.0,0.42582124,0.51291436,0.0,0.0,0.0,0.0
6,8,0.0,0.061264373,0.0,0.0,0.0,0.0,0.0,0.42582124,0.51291436,0.0,0.0,0.0,0.0
6,8,0.0,0.061264373,0.0,0.0,0.0,0.0,0.0,0.42582124,0.51291436,0.0,0.0,0.0,0.0
6,8,0.0,0.061264373,0.0,0.0,0.0,0.0,0.0,0.42582124,0.51291436,0.0,0.0,0.0,0.0
6,8,0.0,0.061264373,0.0,0.0,0.0,0.0,0.0,0.42582124,0.51291436,0.0,0.0,0.0,0.0
6,8,0.0,0.061264373,0.0,0.0,0.0,0.0,0.0,0.42582124,0.51291436,0.0,0.0,0.0,0.0
6,8,0.0,0.061264373,0.0,0.0,0.0,0.0,0.0,0.42582124,0.51291436,0.0,0.0,0.0,0.0
6,8,0.0,0.061264373,0.0,0.0,0.0,0.0,0.0,0.42582124,0.51291436,0.0,0.0,0.0,0.0
6,8,0.0,0.061264373,0.0,0.0,0.0,0.0,0.0,0.42582124,0.51291436,0.0,0.0,0.0,0.0
6,8,0.0,0.061264373,0.0,0.0,0.0,0.0,0.0,0.42582124,0.51291436,0.0,0.0,0.0,0.0
6,8,0.0,0.061264373,0.0,0.0,0.0,0.0,0.0,0.42582124,0.51291436,0.0,0.0,0.0,0.0
6,8,0.0,0.061264373,0.0,0.0,0.0,0.0,0.0,0.42582124,0.51291436,0.0,0.0,0.0,0.0
6,8,0.0,0.061264373,0.0,0.0,0.0,0.0,0.0,0.42582124,0.51291436,0.0,0.0,0.0,0.0
6,8,0.0,0.061264373,0.0,0.0,0.0,0.0,0.0,0.42582124,0.51291436,0.0,0.0,0.0,0.0
6,8,0.0,0.061264373,0.0,0.0,0.0,0.0,0.0,0.42582124,0.51291436,0.0,0.0,0.0,0.0
6,8,0.0,0.061264373,0.0,0.0,0.0,0.0,0.0,0.42582124,0.51291436,0.0,0.0,0.0,0.0
6,8,0.0,0.061264373,0.0,0.0,0.0,0.0,0.0,0.42582124,0.51291436,0.0,0.0,0.0,0.0
6,8,0.0,0.061264373,0.0,0.0,0.0,0.0,0.0,0.42582124,0.51291436,0.0,0.0,0.0,0.0
6,8,0.0,0.061264373,0.0,0.0,0.0,0.0,0.0,0.42582124,0.51291436,0.0,0.0,0.0,0.0
6,8,0.0,0.061264373,0.0,0.0,0.0,0.0,0.0,0.42582124,0.51291436,0.0,0.0,0.0,0.0
6,8,0.0,0.061264373,0.0,0.0,0.0,0.0,0.0,0.42582124,0.51291436,0.0,0.0,0.0,0.0
6,8,0.0,0.061264373,0.0,0.0,0.0,0.0,0.0,0.42582124,0.51291436,0.0,0.0,0.0,0.0
6,8,0.0,0.061264373,0.0,0.0,0.0,0.0,0.0,0.42582124,0.51291436,0.0,0.0,0.0,0.0
6,8,0.0,0.061264373,0.0,0.0,0.0,0.0,0.0,0.42582124,0.51291436,0.0,0.0,0.0,0.0
6,8,0.0,0.061264373,0.0,0.0,0.0,0.0,0.0,0.42582124,0.51291436,0.0,0.0,0.0,0.0
6,8,0.0,0.061264373,0.0,0.0,0.0,0.0,0.0,0.42582124,0.51291436,0.0,0.0,0.0,0.0
6,8,0.0,0.061264373,0.0,0.0,0.0,0.0,0.0,0.42582124,0.51291436,0.0,0.0,0.0,0.0
6,8,0.0,0.061264373,0.0,0.0,0.0,0.0,0.0,0.42582124,0.51291436,0.0,0.0,0.0,0.0
6,8,0.0,0.061264373,0.0,0.0,0.0,0.0,0.0,0.42582124,0.51291436,0.0,0.0,0.0,0.0
6,8,0.0,0.061264373,0.0,0.0,0.0,0.0,0.0,0.42582124,0.51291436,0.0,0.0,0.0,0.0
6,8,0.0,0.061264373,0.0,0.0,0.0,0.0,0.0,0.42582124,0.51291436,0.0,0.0,0.0,0.0
6,8,0.0,0.061264373,0.0,0.0,0.0,0.0,0.0,0.42582124,0.51291436,0.0,0.0,0.0,0.0
6,8,0.0,0.061264373,0.0,0.0,0.0,0.0,0.0,0.42582124,0.51291436,0.0,0.0,0.0,0.0
6,8,0.0,0.061264373,0.0,0.0,0.0,0.0,0.0,0.42582124,0.51291436,0.0,0.0,0.0,0.0
6,8,0.0,0.061264373,0.0,0.0,0.0,0.0,0.0,0.42582124,0.51291436,0.0,0.0,0.0,0.0
6,8,0.0,0.061264373,0.0,0.0,0.0,0.0,0.0,0.42582124,0.51291436,0.0,0.0,0.0,0.0
6,8,0.0,0.061264373,0.0,0.0,0.0,0.0,0.0,0.42582124,0.51291436,0.0,0.0,0.0,0.0
6,8,0.0,0.061264373,0.0,0.0,0.0,0.0,0.0,0.42582124,0.51291436,0.0,0.0,0.0,0.0
6,8,0.0,0.061264373,0.0,0.0,0.0,0.0,0.0,0.42582124,0.51291436,0.0,0.0,0.0,0.0
6,8,0.0,0.061264373,0.0,0.0,0.0,0.0,0.0,0.42582124,0.51291436,0.0,0.0,0.0,0.0
6,8,0.0,0.061264373,0.0,0.0,0.0,0.0,0.0,0.42582124,0.51291436,0.0,0.0,0.0,0.0
6,8,0.0,0.061264373,0.0,0.0,0.0,0.0,0.0,0.42582124,0.51291436,0.0,0.0,0.0,0.0
6,8,0.0,0.061264373,0.0,0.0,0.0,0.0,0.0,0.42582124,0.51291436,0.0,0.0,0.0,0.0
6,8,0.0,0.061264373,0.0,0.0,0.0,0.0,0.0,0.42582124,0.51291436,0.0,0.0,0.0,0.0
6,8,0.0,0.061264373,0.0,0.0,0.0,0.0,0.0,0.42582124,0.51291436,0.0,0.0,0.0,0.0
6,8,0.0,0.061264373,0.0,0.0,0.0,0.0,0.0,0.42582124,0.51291436,0.0,0.0,0.0,0.0
6,7,0.0,0.061264373,0.0,0.0,0.0,0.0,0.0,0.49088487,0.44785073,0.0,0.0,0.0,0.0
6,7,0.0,0.061264373,0.0,0.0,0.0,0.0,0.0,0.49088487,0.44785073,0.0,0.0,0.0,0.0
6,7,0.0,0.061264373,0.0,0.0,0.0,0.0,0.0,0.49088487,0.44785073,0.0,0.0,0.0,0.0
6,7,0.0,0.061264373,0.0,0.0,0.0,0.0,0.0,0.49088487,0.44785073,0.0,0.0,0.0,0.0
6,7,0.0,0.061264373,0.0,0.0,0.0,0.0,0.0,0.49088487,0.44785073,0.0,0.0,0.0,0.0
6,7,0.0,0.061264373,0.0,0.0,0.0,0.0,0.0,0.49088487,0.44785073,0.0,0.0,0.0,0.0
6,7,0.0,0.061264373,0.0,0.0,0.0,0.0,0.0,0.49088487,0.44785073,0.0,0.0,0.0,0.0
6,7,0.0,0.061264373,0.0,0.0,0.0,0.0,0.0,0.49088487,0.44785073,0.0,0.0,0.0,0.0
6,7,0.0,0.061264373,0.0,0.0,0.0,0.0,0.0,0.49088487,0.44785073,0.0,0.0,0.0,0.0
6,7,0.0,0.061264373,0.0,0.0,0.0,0.0,0.0,0.49088487,0.44785073,0.0,0.0,0.0,0.0
6,7,0.0,0.061264373,0.0,0.0,0.0,0.0,0.0,0.49088487,0.44785073,0.0,0.0,0.0,0.0
6,7,0.0,0.061264373,0.0,0.0,0.0,0.0,0.0,0.49088487,0.44785073,0.0,0.0,0.0,0.0
6,7,0.0,0.061264373,0.0,0.0,0.0,0.0,0.0,0.49088487,0.44785073,0.0,0.0,0.0,0.0
6,7,0.0,0.061264373,0.0,0.0,0.0,0.0,0.0,0.49088487,0.44785073,0.0,0.0,0.0,0.0
6,7,0.0,0.061264373,0.0,0.0,0.0,0.0,0.0,0.49088487,0.44785073,0.0,0.0,0.0,0.0
6,7,0.0,0.061264373,0.0,0.0,0.0,0.0,0.0,0.49088487,0.44785073,0.0,0.0,0.0,0.0
6,7,0.0,0.061264373,0.0,0.0,0.0,0.0,0.0,0.49088487,0.44785073,0.0,0.0,0.0,0.0
6,7,0.0,0.061264373,0.0,0.0,0.0,0.0,0.0,0.49088487,0.44785073,0.0,0.0,0.0,0.0
6,7,0.0,0.061264373,0.0,0.0,0.0,0.0,0.0,0.49088487,0.44785073,0.0,0.0,0.0,0.0
6,7,0.0,0.061264373,0.0,0.0,0.0,0.0,0.0,0.49088487,0.44785073,0.0,0.0,0.0,0.0
6,7,0.0,0.061264373,0.0,0.0,0.0,0.0,0.0,0.49088487,0.44785073,0.0,0.0,0.0,0.0
6,7,0.0,0.061264373,0.0,0.0,0.0,0.0,0.0,0.49088487,0.44785073,0.0,0.0,0.0,0.0
6,7,0.0,0.061264373,0.0,0.0,0.0,0.0,0.0,0.49088487,0.44785073,0.0,0.0,0.0,0.0
6,7,0.0,0.061264373,0.0,0.0,0.0,0.0,0.0,0.49088487,0.44785073,0.0,0.0,0.0,0.0
6,7,0.0,0.061264373,0.0,0.0,0.0,0.0,0.0,0.49088487,0.44785073,0.0,0.0,0.0,0.0
6,7,0.0,0.061264373,0.0,0.0,0.0,0.0,0.0,0.49088487,0.44785073,0.0,0.0,0.0,0.0
6,7,0.0,0.061264373,0.0,0.0,0.0,0.0,0.0,0.49088487,0.44785073,0.0,0.0,0.0,0.0
6,7,0.0,0.061264373,0.0,0.0,0.0,0.0,0.0,0.49088487,0.44785073,0.0,0.0,0.0,0.0
6,7,0.0,0.061264373,0.0,0.0,0.0,0.0,0.0,0.49088487,0.44785073,0.0,0.0,0.0,0.0
6,7,0.0,0.061264373,0.0,0.0,0.0,0.0,0.0,0.49088487,0.44785073,0.0,0.0,0.0,0.0
6,7,0.0,0.061264373,0.0,0.0,0.0,0.0,0.0,0.49088487,0.44785073,0.0,0.0,0.0,0.0
6,7,0.0,0.061264373,0.0,0.0,0.0,0.0,0.0,0.49088487,0.44785073,0.0,0.0,0.0,0.0
6,7,0.0,0.061264373,0.0,0.0,0.0,0.0,0.0,0.49088487,0.44785073,0.0,0.0,0.0,0.0
6,7,0.0,0.061264373,0.0,0.0,0.0,0.0,0.0,0.49088487,0.44785073,0.0,0.0,0.0,0.0
6,7,0.0,0.061264373,0.0,0.0,0.0,0.0,0.0,0.49088487,0.44785073,0.0,0.0,0.0,0.0
6,7,0.0,0.061264373,0.0,0.0,0.0,0.0,0.0,0.49088487,0.44785073,0.0,0.0,0.0,0.0
6,7,0.0,0.061264373,0.0,0.0,0.0,0.0,0.0,0.49088487,0.44785073,0.0,0.0,0.0,0.0
6,7,0.0,0.061264373,0.0,0.0,0.0,0.0,0.0,0.49088487,0.44785073,0.0,0.0,0.0,0.0
6,7,0.0,0.061264373,0.0,0.0,0.0,0.0,0.0,0.49088487,0.44785073,0.0,0.0,0.0,0.0
6,7,0.0,0.061264373,0.0,0.0,0.0,0.0,0.0,0.49088487,0.44785073,0.0,0.0,0.0,0.0
6,7,0.0,0.061264373,0.0,0.0,0.0,0.0,0.0,0.49088487,0.44785073,0.0,0.0,0.0,0.0
6,7,0.0,0.061264373,0.0,0.0,0.0,0.0,0.0,0.49088487,0.44785073,0.0,0.0,0.0,0.0
6,7,0.0,0.061264373,0.0,0.0,0.0,0.0,0.0,0.49088487,0.44785073,0.0,0.0,0.0,0.0
6,7,0.0,0.061264373,0.0,0.0,0.0,0.0,0.0,0.49088487,0.44785073,0.0,0.0,0.0,0.0
6,7,0.0,0.061264373,0.0,0.0,0.0,0.0,0.0,0.49088487,0.44785073,0.0,0.0,0.0,0.0
6,7,0.0,0.061264373,0.0,0.0,0.0,0.0,0.0,0.49088487,0.44785073,0.0,0.0,0.0,0.0
6,7,0.0,0.061264373,0.0,0.0,0.0,0.0,0.0,0.49088487,0.44785073,0.0,0.0,0.0,0.0
6,7,0.0,0.061264373,0.0,0.0,0.0,0.0,0.0,0.49088487,0.44785073,0.0,0.0,0.0,0.0
6,7,0.0,0.061264373,0.0,0.0,0.0,0.0,0.0,0.56169474,0.37704083,0.0,0.0,0.0,0.0
6,7,0.0,0.061264373,0.0,0.0,0.0,0.0,0.0,0.56169474,0.37704083,0.0,0.0,0.0,0.0
6,7,0.0,0.061264373,0.0,0.0,0.0,0.0,0.0,0.56169474,0.37704083,0.0,0.0,0.0,0.0
6,7,0.0,0.061264373,0.0,0.0,0.0,0.0,0.0,0.56169474,0.37704083,0.0,0.0,0.0,0.0
6,7,0.0,0.061264373,0.0,0.0,0.0,0.0,0.0,0.56169474,0.37704083,0.0,0.0,0.0,0.0
6,7,0.0,0.061264373,0.0,0.0,0.0,0.0,0.0,0.56169474,0.37704083,0.0,0.0,0.0,0.0
6,7,0.0,0.061264373,0.0,0.0,0.0,0.0,0.0,0.56169474,0.37704083,0.0,0.0,0.0,0.0
6,7,0.0,0.061264373,0.0,0.0,0.0,0.0,0.0,0.56169474,0.37704083,0.0,0.0,0.0,0.0
6,7,0.0,0.061264373,0.0,0.0,0.0,0.0,0.0,0.6234473,0.31528834,0.0,0.0,0.0,0.0
6,7,0.0,0.061264373,0.0,0.0,0.0,0.0,0.0,0.6234473,0.31528834,0.0,0.0,0.0,0.0
6,7,0.0,0.061264373,0.0,0.0,0.0,0.0,0.0,0.6234473,0.31528834,0.0,0.0,0.0,0.0
6,7,0.0,0.061264373,0.0,0.0,0.0,0.0,0.0,0.6234473,0.31528834,0.0,0.0,0.0,0.0
6,7,0.0,0.061264373,0.0,0.0,0.0,0.0,0.0,0.6234473,0.31528834,0.0,0.0,0.0,0.0
6,7,0.0,0.061264373,0.0,0.0,0.0,0.0,0.0,0.6234473,0.31528834,0.0,0.0,0.0,0.0
6,7,0.0,0.061264373,0.0,0.0,0.0,0.0,0.0,0.68024427,0.25849134,0.0,0.0,0.0,0.0
6,7,0.0,0.061264373,0.0,0.0,0.0,0.0,0.0,0.68024427,0.25849134,0.0,0.0,0.0,0.0
6,7,0.0,0.061264373,0.0,0.0,0.0,0.0,0.0,0.68024427,0.25849134,0.0,0.0,0.0,0.0
6,7,0.0,0.061264373,0.0,0.0,0.0,0.0,0.0,0.68024427,0.25849134,0.0,0.0,0.0,0.0
6,7,0.0,0.061264377,0.0,0.0,0.0,0.0,0.0,0.7399754,0.1987602,0.0,0.0,0.0,0.0
6,7,0.0,0.061264377,0.0,0.0,0.0,0.0,0.0,0.7399754,0.1987602,0.0,0.0,0.0,0.0
6,7,0.0,0.061264377,0.0,0.0,0.0,0.0,0.0,0.7399754,0.1987602,0.0,0.0,0.0,0.0
6,7,0.0,0.061264377,0.0,0.0,0.0,0.0,0.0,0.7399754,0.1987602,0.0,0.0,0.0,0.0
6,7,0.0,0.061264377,0.0,0.0,0.0,0.0,0.0,0.7399754,0.1987602,0.0,0.0,0.0,0.0
6,7,0.0,0.061264377,0.0,0.0,0.0,0.0,0.0,0.7399754,0.1987602,0.0,0.0,0.0,0.0
6,7,0.0,0.061264377,0.0,0.0,0.0,0.0,0.0,0.87047863,0.06825699,0.0,0.0,0.0,0.0
6,7,0.0,0.061264377,0.0,0.0,0.0,0.0,0.0,0.87047863,0.06825699,0.0,0.0,0.0,0.0
6,7,0.0,0.061264377,0.0,0.0,0.0,0.0,0.0,0.87047863,0.06825699,0.0,0.0,0.0,0.0
6,7,0.0,0.061264377,0.0,0.0,0.0,0.0,0.0,0.87047863,0.06825699,0.0,0.0,0.0,0.0
6,7,0.0,0.061264377,0.0,0.0,0.0,0.0,0.0,0.87047863,0.06825699,0.0,0.0,0.0,0.0
6,7,0.0,0.061264377,0.0,0.0,0.0,0.0,0.0,0.87047863,0.06825699,0.0,0.0,0.0,0.0
6,7,0.0,0.061264377,0.0,0.0,0.0,0.0,0.0,0.87047863,0.06825699,0.0,0.0,0.0,0.0
6,7,0.0,0.061264377,0.0,0.0,0.0,0.0,0.0,0.87047863,0.06825699,0.0,0.0,0.0,0.0
6,7,0.0,0.061264377,0.0,0.0,0.0,0.0,0.0,0.87047863,0.06825699,0.0,0.0,0.0,0.0
6,7,0.0,0.061264377,0.0,0.0,0.0,0.0,0.0,0.87047863,0.06825699,0.0,0.0,0.0,0.0
6,7,0.0,0.061264377,0.0,0.0,0.0,0.0,0.0,0.87047863,0.06825699,0.0,0.0,0.0,0.0
6,7,0.0,0.061264377,0.0,0.0,0.0,0.0,0.0,0.87047863,0.06825699,0.0,0.0,0.0,0.0
6,7,0.0,0.061264377,0.0,0.0,0.0,0.0,0.0,0.87047863,0.06825699,0.0,0.0,0.0,0.0
6,7,0.0,0.061264377,0.0,0.0,0.0,0.0,0.0,0.87047863,0.06825699,0.0,0.0,0.0,0.0
6,7,0.0,0.061264377,0.0,0.0,0.0,0.0,0.0,0.87047863,0.06825699,0.0,0.0,0.0,0.0
6,7,0.0,0.061264377,0.0,0.0,0.0,0.0,0.0,0.87047863,0.06825699,0.0,0.0,0.0,0.0
6,7,0.0,0.061264377,0.0,0.0,0.0,0.0,0.0,0.87047863,0.06825699,0.0,0.0,0.0,0.0
6,7,0.0,0.061264377,0.0,0.0,0.0,0.0,0.0,0.87047863,0.06825699,0.0,0.0,0.0,0.0
6,7,0.0,0.061264377,0.0,0.0,0.0,0.0,0.0,0.87047863,0.06825699,0.0,0.0,0.0,0.0
6,7,0.0,0.061264377,0.0,0.0,0.0,0.0,0.0,0.87047863,0.06825699,0.0,0.0,0.0,0.0
6,7,0.0,0.061264377,0.0,0.0,0.0,0.0,0.0,0.87047863,0.06825699,0.0,0.0,0.0,0.0
6,7,0.0,0.061264377,0.0,0.0,0.0,0.0,0.0,0.87047863,0.06825699,0.0,0.0,0.0,0.0
6,7,0.0,0.061264377,0.0,0.0,0.0,0.0,0.0,0.87047863,0.06825699,0.0,0.0,0.0,0.0
6,7,0.0,0.061264377,0.0,0.0,0.0,0.0,0.0,0.87047863,0.06825699,0.0,0.0,0.0,0.0
6,7,0.0,0.0,0.0,0.0,0.0,0.0,0.0,0.931743,0.06825699,0.0,0.0,0.0,0.0
6,7,0.0,0.0,0.0,0.0,0.0,0.0,0.0,0.931743,0.06825699,0.0,0.0,0.0,0.0
6,7,0.0,0.0,0.0,0.0,0.0,0.0,0.0,0.931743,0.06825699,0.0,0.0,0.0,0.0
6,7,0.0,0.0,0.0,0.0,0.0,0.0,0.0,0.931743,0.06825699,0.0,0.0,0.0,0.0
6,7,0.0,0.0,0.0,0.0,0.0,0.0,0.0,0.931743,0.06825699,0.0,0.0,0.0,0.0
6,7,0.0,0.0,0.0,0.0,0.0,0.0,0.0,0.931743,0.06825699,0.0,0.0,0.0,0.0
6,7,0.0,0.0,0.0,0.0,0.0,0.0,0.0,0.931743,0.06825699,0.0,0.0,0.0,0.0
6,7,0.0,0.0,0.0,0.0,0.0,0.0,0.0,0.931743,0.06825699,0.0,0.0,0.0,0.0
6,7,0.0,0.0,0.0,0.0,0.0,0.0,0.0,0.931743,0.06825699,0.0,0.0,0.0,0.0
6,7,0.0,0.0,0.0,0.0,0.0,0.0,0.0,0.931743,0.06825699,0.0,0.0,0.0,0.0
6,7,0.0,0.0,0.0,0.0,0.0,0.0,0.0,1.0,0.0,0.0,0.0,0.0,0.0
6,7,0.0,0.0,0.0,0.0,0.0,0.0,0.0,1.0,0.0,0.0,0.0,0.0,0.0
6,7,0.0,0.0,0.0,0.0,0.0,0.0,0.0,1.0,0.0,0.0,0.0,0.0,0.0
6,7,0.0,0.0,0.0,0.0,0.0,0.0,0.0,1.0,0.0,0.0,0.0,0.0,0.0
6,7,0.0,0.0,0.0,0.0,0.0,0.0,0.0,1.0,0.0,0.0,0.0,0.0,0.0
6,7,0.0,0.0,0.0,0.0,0.0,0.0,0.0,1.0,0.0,0.0,0.0,0.0,0.0
6,7,0.0,0.0,0.0,0.0,0.0,0.0,0.0,1.0,0.0,0.0,0.0,0.0,0.0
6,7,0.0,0.0,0.0,0.0,0.0,0.0,0.0,1.0,0.0,0.0,0.0,0.0,0.0
6,7,0.0,0.0,0.0,0.0,0.0,0.0,0.0,1.0,0.0,0.0,0.0,0.0,0.0
6,7,0.0,0.0,0.0,0.0,0.0,0.0,0.0,1.0,0.0,0.0,0.0,0.0,0.0
6,7,0.0,0.0,0.0,0.0,0.0,0.0,0.0,1.0,0.0,0.0,0.0,0.0,0.0
6,7,0.0,0.0,0.0,0.0,0.0,0.0,0.0,1.0,0.0,0.0,0.0,0.0,0.0
6,7,0.0,0.0,0.0,0.0,0.0,0.0,0.0,1.0,0.0,0.0,0.0,0.0,0.0
6,7,0.0,0.0,0.0,0.0,0.0,0.0,0.0,1.0,0.0,0.0,0.0,0.0,0.0
6,7,0.0,0.0,0.0,0.0,0.0,0.0,0.0,1.0,0.0,0.0,0.0,0.0,0.0
6,7,0.0,0.0,0.0,0.0,0.0,0.0,0.0,1.0,0.0,0.0,0.0,0.0,0.0
6,7,0.0,0.0,0.0,0.0,0.0,0.0,0.0,1.0,0.0,0.0,0.0,0.0,0.0
6,7,0.0,0.0,0.0,0.0,0.0,0.0,0.0,1.0,0.0,0.0,0.0,0.0,0.0
6,7,0.0,0.0,0.0,0.0,0.0,0.0,0.0,1.0,0.0,0.0,0.0,0.0,0.0
6,7,0.0,0.0,0.0,0.0,0.0,0.0,0.0,1.0,0.0,0.0,0.0,0.0,0.0
6,7,0.0,0.0,0.0,0.0,0.0,0.0,0.0,1.0,0.0,0.0,0.0,0.0,0.0
6,7,0.0,0.0,0.0,0.0,0.0,0.0,0.0,1.0,0.0,0.0,0.0,0.0,0.0
6,7,0.0,0.0,0.0,0.0,0.0,0.0,0.0,1.0,0.0,0.0,0.0,0.0,0.0
6,7,0.0,0.0,0.0,0.0,0.0,0.0,0.0,1.0,0.0,0.0,0.0,0.0,0.0
6,7,0.0,0.0,0.0,0.0,0.0,0.0,0.0,1.0,0.0,0.0,0.0,0.0,0.0
6,7,0.0,0.0,0.0,0.0,0.0,0.0,0.0,1.0,0.0,0.0,0.0,0.0,0.0
6,7,0.0,0.0,0.0,0.0,0.0,0.0,0.0,1.0,0.0,0.0,0.0,0.0,0.0
6,7,0.0,0.0,0.0,0.0,0.0,0.0,0.0,1.0,0.0,0.0,0.0,0.0,0.0
6,7,0.0,0.0,0.0,0.0,0.0,0.0,0.0,1.0,0.0,0.0,0.0,0.0,0.0
6,7,0.0,0.0,0.0,0.0,0.0,0.0,0.0,1.0,0.0,0.0,0.0,0.0,0.0
6,7,0.0,0.0,0.0,0.0,0.0,0.0,0.0,1.0,0.0,0.0,0.0,0.0,0.0
6,7,0.0,0.0,0.0,0.0,0.0,0.0,0.0,1.0,0.0,0.0,0.0,0.0,0.0
6,7,0.0,0.0,0.0,0.0,0.0,0.0,0.0,1.0,0.0,0.0,0.0,0.0,0.0
6,7,0.0,0.0,0.0,0.0,0.0,0.0,0.0,1.0,0.0,0.0,0.0,0.0,0.0
6,7,0.0,0.0,0.0,0.0,0.0,0.0,0.0,1.0,0.0,0.0,0.0,0.0,0.0
6,7,0.0,0.0,0.0,0.0,0.0,0.0,0.0,1.0,0.0,0.0,0.0,0.0,0.0
6,7,0.0,0.0,0.0,0.0,0.0,0.0,0.0,1.0,0.0,0.0,0.0,0.0,0.0
6,7,0.0,0.0,0.0,0.0,0.0,0.0,0.0,1.0,0.0,0.0,0.0,0.0,0.0
6,7,0.0,0.0,0.0,0.0,0.0,0.0,0.0,1.0,0.0,0.0,0.0,0.0,0.0
6,7,0.0,0.0,0.0,0.0,0.0,0.0,0.0,1.0,0.0,0.0,0.0,0.0,0.0
6,7,0.0,0.0,0.0,0.0,0.0,0.0,0.0,1.0,0.0,0.0,0.0,0.0,0.0
6,7,0.0,0.0,0.0,0.0,0.0,0.0,0.0,1.0,0.0,0.0,0.0,0.0,0.0
6,7,0.0,0.0,0.0,0.0,0.0,0.0,0.0,1.0,0.0,0.0,0.0,0.0,0.0
6,7,0.0,0.0,0.0,0.0,0.0,0.0,0.0,1.0,0.0,0.0,0.0,0.0,0.0
6,7,0.0,0.0,0.0,0.0,0.0,0.0,0.0,1.0,0.0,0.0,0.0,0.0,0.0
6,7,0.0,0.0,0.0,0.0,0.0,0.0,0.0,1.0,0.0,0.0,0.0,0.0,0.0
6,7,0.0,0.0,0.0,0.0,0.0,0.0,0.0,1.0,0.0,0.0,0.0,0.0,0.0
6,7,0.0,0.0,0.0,0.0,0.0,0.0,0.0,1.0,0.0,0.0,0.0,0.0,0.0
6,7,0.0,0.0,0.0,0.0,0.0,0.0,0.0,1.0,0.0,0.0,0.0,0.0,0.0
6,7,0.0,0.0,0.0,0.0,0.0,0.0,0.0,1.0,0.0,0.0,0.0,0.0,0.0
6,7,0.0,0.0,0.0,0.0,0.0,0.0,0.0,1.0,0.0,0.0,0.0,0.0,0.0
6,7,0.0,0.0,0.0,0.0,0.0,0.0,0.0,1.0,0.0,0.0,0.0,0.0,0.0
6,7,0.0,0.0,0.0,0.0,0.0,0.0,0.0,1.0,0.0,0.0,0.0,0.0,0.0
6,7,0.0,0.0,0.0,0.0,0.0,0.0,0.0,1.0,0.0,0.0,0.0,0.0,0.0
6,7,0.0,0.0,0.0,0.0,0.0,0.0,0.0,1.0,0.0,0.0,0.0,0.0,0.0
6,7,0.0,0.0,0.0,0.0,0.0,0.0,0.0,1.0,0.0,0.0,0.0,0.0,0.0
6,7,0.0,0.0,0.0,0.0,0.0,0.0,0.0,1.0,0.0,0.0,0.0,0.0,0.0
6,7,0.0,0.0,0.0,0.0,0.0,0.0,0.0,1.0,0.0,0.0,0.0,0.0,0.0
6,7,0.0,0.0,0.0,0.0,0.0,0.0,0.0,1.0,0.0,0.0,0.0,0.0,0.0
6,7,0.0,0.0,0.0,0.0,0.0,0.0,0.0,1.0,0.0,0.0,0.0,0.0,0.0
6,7,0.0,0.0,0.0,0.0,0.0,0.0,0.0,1.0,0.0,0.0,0.0,0.0,0.0
6,7,0.0,0.0,0.0,0.0,0.0,0.0,0.0,1.0,0.0,0.0,0.0,0.0,0.0
6,7,0.0,0.0,0.0,0.0,0.0,0.0,0.0,1.0,0.0,0.0,0.0,0.0,0.0
6,7,0.0,0.0,0.0,0.0,0.0,0.0,0.0,1.0,0.0,0.0,0.0,0.0,0.0
6,7,0.0,0.0,0.0,0.0,0.0,0.0,0.0,1.0,0.0,0.0,0.0,0.0,0.0
6,7,0.0,0.0,0.0,0.0,0.0,0.0,0.0,1.0,0.0,0.0,0.0,0.0,0.0
6,7,0.0,0.0,0.0,0.0,0.0,0.0,0.0,1.0,0.0,0.0,0.0,0.0,0.0
6,7,0.0,0.0,0.0,0.0,0.0,0.0,0.0,1.0,0.0,0.0,0.0,0.0,0.0
6,7,0.0,0.0,0.0,0.0,0.0,0.0,0.0,1.0,0.0,0.0,0.0,0.0,0.0
6,7,0.0,0.0,0.0,0.0,0.0,0.0,0.0,1.0,0.0,0.0,0.0,0.0,0.0
6,7,0.0,0.0,0.0,0.0,0.0,0.0,0.0,1.0,0.0,0.0,0.0,0.0,0.0
6,7,0.0,0.0,0.0,0.0,0.0,0.0,0.0,1.0,0.0,0.0,0.0,0.0,0.0
6,7,0.0,0.0,0.0,0.0,0.0,0.0,0.0,1.0,0.0,0.0,0.0,0.0,0.0
6,7,0.0,0.0,0.0,0.0,0.0,0.0,0.0,1.0,0.0,0.0,0.0,0.0,0.0
6,7,0.0,0.0,0.0,0.0,0.0,0.0,0.0,1.0,0.0,0.0,0.0,0.0,0.0
6,7,0.0,0.0,0.0,0.0,0.0,0.0,0.0,1.0,0.0,0.0,0.0,0.0,0.0
6,7,0.0,0.0,0.0,0.0,0.0,0.0,0.0,1.0,0.0,0.0,0.0,0.0,0.0
6,7,0.0,0.0,0.0,0.0,0.0,0.0,0.0,1.0,0.0,0.0,0.0,0.0,0.0
6,7,0.0,0.0,0.0,0.0,0.0,0.0,0.0,1.0,0.0,0.0,0.0,0.0,0.0
6,7,0.0,0.0,0.0,0.0,0.0,0.0,0.0,1.0,0.0,0.0,0.0,0.0,0.0
6,7,0.0,0.0,0.0,0.0,0.0,0.0,0.0,1.0,0.0,0.0,0.0,0.0,0.0
6,7,0.0,0.0,0.0,0.0,0.0,0.0,0.0,1.0,0.0,0.0,0.0,0.0,0.0
6,7,0.0,0.0,0.0,0.0,0.0,0.0,0.0,1.0,0.0,0.0,0.0,0.0,0.0
6,7,0.0,0.0,0.0,0.0,0.0,0.0,0.0,1.0,0.0,0.0,0.0,0.0,0.0
6,7,0.0,0.0,0.0,0.0,0.0,0.0,0.0,1.0,0.0,0.0,0.0,0.0,0.0
6,7,0.0,0.0,0.0,0.0,0.0,0.0,0.0,1.0,0.0,0.0,0.0,0.0,0.0
6,7,0.0,0.0,0.0,0.0,0.0,0.0,0.0,1.0,0.0,0.0,0.0,0.0,0.0
6,7,0.0,0.0,0.0,0.0,0.0,0.0,0.0,1.0,0.0,0.0,0.0,0.0,0.0
6,7,0.0,0.0,0.0,0.0,0.0,0.0,0.0,1.0,0.0,0.0,0.0,0.0,0.0
6,7,0.0,0.0,0.0,0.0,0.0,0.0,0.0,1.0,0.0,0.0,0.0,0.0,0.0
6,7,0.0,0.0,0.0,0.0,0.0,0.0,0.0,1.0,0.0,0.0,0.0,0.0,0.0
6,7,0.0,0.0,0.0,0.0,0.0,0.0,0.0,1.0,0.0,0.0,0.0,0.0,0.0
6,7,0.0,0.0,0.0,0.0,0.0,0.0,0.0,1.0,0.0,0.0,0.0,0.0,0.0
6,7,0.0,0.0,0.0,0.0,0.0,0.0,0.0,1.0,0.0,0.0,0.0,0.0,0.0
6,7,0.0,0.0,0.0,0.0,0.0,0.0,0.0,1.0,0.0,0.0,0.0,0.0,0.0
6,7,0.0,0.0,0.0,0.0,0.0,0.0,0.0,1.0,0.0,0.0,0.0,0.0,0.0
6,7,0.0,0.0,0.0,0.0,0.0,0.0,0.0,1.0,0.0,0.0,0.0,0.0,0.0
6,7,0.0,0.0,0.0,0.0,0.0,0.0,0.0,1.0,0.0,0.0,0.0,0.0,0.0
6,7,0.0,0.0,0.0,0.0,0.0,0.0,0.0,1.0,0.0,0.0,0.0,0.0,0.0
6,7,0.0,0.0,0.0,0.0,0.0,0.0,0.0,1.0,0.0,0.0,0.0,0.0,0.0
6,7,0.0,0.0,0.0,0.0,0.0,0.0,0.0,1.0,0.0,0.0,0.0,0.0,0.0
6,7,0.0,0.0,0.0,0.0,0.0,0.0,0.0,1.0,0.0,0.0,0.0,0.0,0.0
6,7,0.0,0.0,0.0,0.0,0.0,0.0,0.0,1.0,0.0,0.0,0.0,0.0,0.0
6,7,0.0,0.0,0.0,0.0,0.0,0.0,0.0,1.0,0.0,0.0,0.0,0.0,0.0
6,7,0.0,0.0,0.0,0.0,0.0,0.0,0.0,1.0,0.0,0.0,0.0,0.0,0.0
6,7,0.0,0.0,0.0,0.0,0.0,0.0,0.0,1.0,0.0,0.0,0.0,0.0,0.0
6,7,0.0,0.0,0.0,0.0,0.0,0.0,0.0,1.0,0.0,0.0,0.0,0.0,0.0
6,7,0.0,0.0,0.0,0.0,0.0,0.0,0.0,1.0,0.0,0.0,0.0,0.0,0.0
6,7,0.0,0.0,0.0,0.0,0.0,0.0,0.0,1.0,0.0,0.0,0.0,0.0,0.0
6,7,0.0,0.0,0.0,0.0,0.0,0.0,0.0,1.0,0.0,0.0,0.0,0.0,0.0
6,7,0.0,0.0,0.0,0.0,0.0,0.0,0.0,1.0,0.0,0.0,0.0,0.0,0.0
6,7,0.0,0.0,0.0,0.0,0.0,0.0,0.0,1.0,0.0,0.0,0.0,0.0,0.0
6,7,0.0,0.0,0.0,0.0,0.0,0.0,0.0,1.0,0.0,0.0,0.0,0.0,0.0
6,7,0.0,0.0,0.0,0.0,0.0,0.0,0.0,1.0,0.0,0.0,0.0,0.0,0.0
6,7,0.0,0.0,0.0,0.0,0.0,0.0,0.0,1.0,0.0,0.0,0.0,0.0,0.0
6,7,0.0,0.0,0.0,0.0,0.0,0.0,0.0,1.0,0.0,0.0,0.0,0.0,0.0
6,7,0.0,0.0,0.0,0.0,0.0,0.0,0.0,1.0,0.0,0.0,0.0,0.0,0.0
6,7,0.0,0.0,0.0,0.0,0.0,0.0,0.0,1.0,0.0,0.0,0.0,0.0,0.0
6,7,0.0,0.0,0.0,0.0,0.0,0.0,0.0,1.0,0.0,0.0,0.0,0.0,0.0
6,7,0.0,0.0,0.0,0.0,0.0,0.0,0.0,1.0,0.0,0.0,0.0,0.0,0.0
6,7,0.0,0.0,0.0,0.0,0.0,0.0,0.0,1.0,0.0,0.0,0.0,0.0,0.0
6,7,0.0,0.0,0.0,0.0,0.0,0.0,0.0,1.0,0.0,0.0,0.0,0.0,0.0
6,7,0.0,0.0,0.0,0.0,0.0,0.0,0.0,1.0,0.0,0.0,0.0,0.0,0.0
6,7,0.0,0.0,0.0,0.0,0.0,0.0,0.0,1.0,0.0,0.0,0.0,0.0,0.0
6,7,0.0,0.0,0.0,0.0,0.0,0.0,0.0,1.0,0.0,0.0,0.0,0.0,0.0
6,7,0.0,0.0,0.0,0.0,0.0,0.0,0.0,1.0,0.0,0.0,0.0,0.0,0.0
6,7,0.0,0.0,0.0,0.0,0.0,0.0,0.0,1.0,0.0,0.0,0.0,0.0,0.0
6,7,0.0,0.0,0.0,0.0,0.0,0.0,0.0,1.0,0.0,0.0,0.0,0.0,0.0
6,7,0.0,0.0,0.0,0.0,0.0,0.0,0.0,1.0,0.0,0.0,0.0,0.0,0.0
6,7,0.0,0.0,0.0,0.0,0.0,0.0,0.0,1.0,0.0,0.0,0.0,0.0,0.0
6,7,0.0,0.0,0.0,0.0,0.0,0.0,0.0,1.0,0.0,0.0,0.0,0.0,0.0
6,7,0.0,0.0,0.0,0.0,0.0,0.0,0.0,1.0,0.0,0.0,0.0,0.0,0.0
6,7,0.0,0.0,0.0,0.0,0.0,0.0,0.0,1.0,0.0,0.0,0.0,0.0,0.0
6,7,0.0,0.0,0.0,0.0,0.0,0.0,0.0,1.0,0.0,0.0,0.0,0.0,0.0
6,7,0.0,0.0,0.0,0.0,0.0,0.0,0.0,1.0,0.0,0.0,0.0,0.0,0.0
6,7,0.0,0.0,0.0,0.0,0.0,0.0,0.0,1.0,0.0,0.0,0.0,0.0,0.0
6,7,0.0,0.0,0.0,0.0,0.0,0.0,0.0,1.0,0.0,0.0,0.0,0.0,0.0
6,7,0.0,0.0,0.0,0.0,0.0,0.0,0.0,1.0,0.0,0.0,0.0,0.0,0.0
6,7,0.0,0.0,0.0,0.0,0.0,0.0,0.0,1.0,0.0,0.0,0.0,0.0,0.0
6,7,0.0,0.0,0.0,0.0,0.0,0.0,0.0,1.0,0.0,0.0,0.0,0.0,0.0
6,7,0.0,0.0,0.0,0.0,0.0,0.0,0.0,1.0,0.0,0.0,0.0,0.0,0.0
6,7,0.0,0.0,0.0,0.0,0.0,0.0,0.0,1.0,0.0,0.0,0.0,0.0,0.0
6,7,0.0,0.0,0.0,0.0,0.0,0.0,0.0,1.0,0.0,0.0,0.0,0.0,0.0
6,7,0.0,0.0,0.0,0.0,0.0,0.0,0.0,1.0,0.0,0.0,0.0,0.0,0.0
6,7,0.0,0.0,0.0,0.0,0.0,0.0,0.0,1.0,0.0,0.0,0.0,0.0,0.0
6,7,0.0,0.0,0.0,0.0,0.0,0.0,0.0,1.0,0.0,0.0,0.0,0.0,0.0
6,7,0.0,0.0,0.0,0.0,0.0,0.0,0.0,1.0,0.0,0.0,0.0,0.0,0.0
6,7,0.0,0.0,0.0,0.0,0.0,0.0,0.0,1.0,0.0,0.0,0.0,0.0,0.0
6,7,0.0,0.0,0.0,0.0,0.0,0.0,0.0,1.0,0.0,0.0,0.0,0.0,0.0
6,7,0.0,0.0,0.0,0.0,0.0,0.0,0.0,1.0,0.0,0.0,0.0,0.0,0.0
6,7,0.0,0.0,0.0,0.0,0.0,0.0,0.0,1.0,0.0,0.0,0.0,0.0,0.0
6,7,0.0,0.0,0.0,0.0,0.0,0.0,0.0,1.0,0.0,0.0,0.0,0.0,0.0
6,7,0.0,0.0,0.0,0.0,0.0,0.0,0.0,1.0,0.0,0.0,0.0,0.0,0.0
6,7,0.0,0.0,0.0,0.0,0.0,0.0,0.0,1.0,0.0,0.0,0.0,0.0,0.0
6,7,0.0,0.0,0.0,0.0,0.0,0.0,0.0,1.0,0.0,0.0,0.0,0.0,0.0
6,7,0.0,0.0,0.0,0.0,0.0,0.0,0.0,1.0,0.0,0.0,0.0,0.0,0.0
6,7,0.0,0.0,0.0,0.0,0.0,0.0,0.0,1.0,0.0,0.0,0.0,0.0,0.0
6,7,0.0,0.0,0.0,0.0,0.0,0.0,0.0,1.0,0.0,0.0,0.0,0.0,0.0
6,7,0.0,0.0,0.0,0.0,0.0,0.0,0.0,1.0,0.0,0.0,0.0,0.0,0.0
6,7,0.0,0.0,0.0,0.0,0.0,0.0,0.0,1.0,0.0,0.0,0.0,0.0,0.0
6,7,0.0,0.0,0.0,0.0,0.0,0.0,0.0,1.0,0.0,0.0,0.0,0.0,0.0
6,7,0.0,0.0,0.0,0.0,0.0,0.0,0.0,1.0,0.0,0.0,0.0,0.0,0.0
6,7,0.0,0.0,0.0,0.0,0.0,0.0,0.0,1.0,0.0,0.0,0.0,0.0,0.0
6,7,0.0,0.0,0.0,0.0,0.0,0.0,0.0,1.0,0.0,0.0,0.0,0.0,0.0
6,7,0.0,0.0,0.0,0.0,0.0,0.0,0.0,1.0,0.0,0.0,0.0,0.0,0.0
6,7,0.0,0.0,0.0,0.0,0.0,0.0,0.0,1.0,0.0,0.0,0.0,0.0,0.0
6,7,0.0,0.0,0.0,0.0,0.0,0.0,0.0,1.0,0.0,0.0,0.0,0.0,0.0
6,7,0.0,0.0,0.0,0.0,0.0,0.0,0.0,1.0,0.0,0.0,0.0,0.0,0.0
6,7,0.0,0.0,0.0,0.0,0.0,0.0,0.0,1.0,0.0,0.0,0.0,0.0,0.0
6,7,0.0,0.0,0.0,0.0,0.0,0.0,0.0,1.0,0.0,0.0,0.0,0.0,0.0
6,7,0.0,0.0,0.0,0.0,0.0,0.0,0.0,1.0,0.0,0.0,0.0,0.0,0.0
6,7,0.0,0.0,0.0,0.0,0.0,0.0,0.0,1.0,0.0,0.0,0.0,0.0,0.0
6,7,0.0,0.0,0.0,0.0,0.0,0.0,0.0,1.0,0.0,0.0,0.0,0.0,0.0
6,7,0.0,0.0,0.0,0.0,0.0,0.0,0.0,1.0,0.0,0.0,0.0,0.0,0.0
6,7,0.0,0.0,0.0,0.0,0.0,0.0,0.0,1.0,0.0,0.0,0.0,0.0,0.0
6,7,0.0,0.0,0.0,0.0,0.0,0.0,0.0,1.0,0.0,0.0,0.0,0.0,0.0
6,7,0.0,0.0,0.0,0.0,0.0,0.0,0.0,1.0,0.0,0.0,0.0,0.0,0.0
6,7,0.0,0.0,0.0,0.0,0.0,0.0,0.0,1.0,0.0,0.0,0.0,0.0,0.0
6,7,0.0,0.0,0.0,0.0,0.0,0.0,0.0,1.0,0.0,0.0,0.0,0.0,0.0
6,7,0.0,0.0,0.0,0.0,0.0,0.0,0.0,1.0,0.0,0.0,0.0,0.0,0.0
6,7,0.0,0.0,0.0,0.0,0.0,0.0,0.0,1.0,0.0,0.0,0.0,0.0,0.0
6,7,0.0,0.0,0.0,0.0,0.0,0.0,0.0,1.0,0.0,0.0,0.0,0.0,0.0
6,7,0.0,0.0,0.0,0.0,0.0,0.0,0.0,1.0,0.0,0.0,0.0,0.0,0.0
6,7,0.0,0.0,0.0,0.0,0.0,0.0,0.0,1.0,0.0,0.0,0.0,0.0,0.0
6,7,0.0,0.0,0.0,0.0,0.0,0.0,0.0,1.0,0.0,0.0,0.0,0.0,0.0
6,7,0.0,0.0,0.0,0.0,0.0,0.0,0.0,1.0,0.0,0.0,0.0,0.0,0.0
6,7,0.0,0.0,0.0,0.0,0.0,0.0,0.0,1.0,0.0,0.0,0.0,0.0,0.0
6,7,0.0,0.0,0.0,0.0,0.0,0.0,0.0,1.0,0.0,0.0,0.0,0.0,0.0
6,7,0.0,0.0,0.0,0.0,0.0,0.0,0.0,1.0,0.0,0.0,0.0,0.0,0.0
6,7,0.0,0.0,0.0,0.0,0.0,0.0,0.0,1.0,0.0,0.0,0.0,0.0,0.0
6,7,0.0,0.0,0.0,0.0,0.0,0.0,0.0,1.0,0.0,0.0,0.0,0.0,0.0
6,7,0.0,0.0,0.0,0.0,0.0,0.0,0.0,1.0,0.0,0.0,0.0,0.0,0.0
6,7,0.0,0.0,0.0,0.0,0.0,0.0,0.0,1.0,0.0,0.0,0.0,0.0,0.0
6,7,0.0,0.0,0.0,0.0,0.0,0.0,0.0,1.0,0.0,0.0,0.0,0.0,0.0
6,7,0.0,0.0,0.0,0.0,0.0,0.0,0.0,1.0,0.0,0.0,0.0,0.0,0.0
6,7,0.0,0.0,0.0,0.0,0.0,0.0,0.0,1.0,0.0,0.0,0.0,0.0,0.0
6,7,0.0,0.0,0.0,0.0,0.0,0.0,0.0,1.0,0.0,0.0,0.0,0.0,0.0
6,7,0.0,0.0,0.0,0.0,0.0,0.0,0.0,1.0,0.0,0.0,0.0,0.0,0.0
6,7,0.0,0.0,0.0,0.0,0.0,0.0,0.0,1.0,0.0,0.0,0.0,0.0,0.0
6,7,0.0,0.0,0.0,0.0,0.0,0.0,0.0,1.0,0.0,0.0,0.0,0.0,0.0
6,7,0.0,0.0,0.0,0.0,0.0,0.0,0.0,1.0,0.0,0.0,0.0,0.0,0.0
6,7,0.0,0.0,0.0,0.0,0.0,0.0,0.0,1.0,0.0,0.0,0.0,0.0,0.0
6,7,0.0,0.0,0.0,0.0,0.0,0.0,0.0,1.0,0.0,0.0,0.0,0.0,0.0
6,7,0.0,0.0,0.0,0.0,0.0,0.0,0.0,1.0,0.0,0.0,0.0,0.0,0.0
6,7,0.0,0.0,0.0,0.0,0.0,0.0,0.0,1.0,0.0,0.0,0.0,0.0,0.0
6,7,0.0,0.0,0.0,0.0,0.0,0.0,0.0,1.0,0.0,0.0,0.0,0.0,0.0
6,7,0.0,0.0,0.0,0.0,0.0,0.0,0.0,1.0,0.0,0.0,0.0,0.0,0.0
6,7,0.0,0.0,0.0,0.0,0.0,0.0,0.0,1.0,0.0,0.0,0.0,0.0,0.0
6,7,0.0,0.0,0.0,0.0,0.0,0.0,0.0,1.0,0.0,0.0,0.0,0.0,0.0
6,7,0.0,0.0,0.0,0.0,0.0,0.0,0.0,1.0,0.0,0.0,0.0,0.0,0.0
6,7,0.0,0.0,0.0,0.0,0.0,0.0,0.0,1.0,0.0,0.0,0.0,0.0,0.0
6,7,0.0,0.0,0.0,0.0,0.0,0.0,0.0,1.0,0.0,0.0,0.0,0.0,0.0
6,7,0.0,0.0,0.0,0.0,0.0,0.0,0.0,1.0,0.0,0.0,0.0,0.0,0.0
6,7,0.0,0.0,0.0,0.0,0.0,0.0,0.0,1.0,0.0,0.0,0.0,0.0,0.0
6,7,0.0,0.0,0.0,0.0,0.0,0.0,0.0,1.0,0.0,0.0,0.0,0.0,0.0
6,7,0.0,0.0,0.0,0.0,0.0,0.0,0.0,1.0,0.0,0.0,0.0,0.0,0.0
6,7,0.0,0.0,0.0,0.0,0.0,0.0,0.0,1.0,0.0,0.0,0.0,0.0,0.0
6,7,0.0,0.0,0.0,0.0,0.0,0.0,0.0,1.0,0.0,0.0,0.0,0.0,0.0
6,7,0.0,0.0,0.0,0.0,0.0,0.0,0.0,1.0,0.0,0.0,0.0,0.0,0.0
6,7,0.0,0.0,0.0,0.0,0.0,0.0,0.0,1.0,0.0,0.0,0.0,0.0,0.0
6,7,0.0,0.0,0.0,0.0,0.0,0.0,0.0,1.0,0.0,0.0,0.0,0.0,0.0
6,7,0.0,0.0,0.0,0.0,0.0,0.0,0.0,1.0,0.0,0.0,0.0,0.0,0.0
6,7,0.0,0.0,0.0,0.0,0.0,0.0,0.0,1.0,0.0,0.0,0.0,0.0,0.0
6,7,0.0,0.0,0.0,0.0,0.0,0.0,0.0,1.0,0.0,0.0,0.0,0.0,0.0
6,7,0.0,0.0,0.0,0.0,0.0,0.0,0.0,1.0,0.0,0.0,0.0,0.0,0.0
6,7,0.0,0.0,0.0,0.0,0.0,0.0,0.0,1.0,0.0,0.0,0.0,0.0,0.0
6,7,0.0,0.0,0.0,0.0,0.0,0.0,0.0,1.0,0.0,0.0,0.0,0.0,0.0
6,7,0.0,0.0,0.0,0.0,0.0,0.0,0.0,1.0,0.0,0.0,0.0,0.0,0.0
6,7,0.0,0.0,0.0,0.0,0.0,0.0,0.0,1.0,0.0,0.0,0.0,0.0,0.0
6,7,0.0,0.0,0.0,0.0,0.0,0.0,0.0,1.0,0.0,0.0,0.0,0.0,0.0
6,7,0.0,0.0,0.0,0.0,0.0,0.0,0.0,1.0,0.0,0.0,0.0,0.0,0.0
6,7,0.0,0.0,0.0,0.0,0.0,0.0,0.0,1.0,0.0,0.0,0.0,0.0,0.0
6,7,0.0,0.0,0.0,0.0,0.0,0.0,0.0,1.0,0.0,0.0,0.0,0.0,0.0
6,7,0.0,0.0,0.0,0.0,0.0,0.0,0.0,1.0,0.0,0.0,0.0,0.0,0.0
6,7,0.0,0.0,0.0,0.0,0.0,0.0,0.0,1.0,0.0,0.0,0.0,0.0,0.0
6,7,0.0,0.0,0.0,0.0,0.0,0.0,0.0,1.0,0.0,0.0,0.0,0.0,0.0
6,7,0.0,0.0,0.0,0.0,0.0,0.0,0.0,1.0,0.0,0.0,0.0,0.0,0.0
6,7,0.0,0.0,0.0,0.0,0.0,0.0,0.0,1.0,0.0,0.0,0.0,0.0,0.0
6,7,0.0,0.0,0.0,0.0,0.0,0.0,0.0,1.0,0.0,0.0,0.0,0.0,0.0
6,7,0.0,0.0,0.0,0.0,0.0,0.0,0.0,1.0,0.0,0.0,0.0,0.0,0.0
6,7,0.0,0.0,0.0,0.0,0.0,0.0,0.0,1.0,0.0,0.0,0.0,0.0,0.0
6,7,0.0,0.0,0.0,0.0,0.0,0.0,0.0,1.0,0.0,0.0,0.0,0.0,0.0
6,7,0.0,0.0,0.0,0.0,0.0,0.0,0.0,1.0,0.0,0.0,0.0,0.0,0.0
6,7,0.0,0.0,0.0,0.0,0.0,0.0,0.0,1.0,0.0,0.0,0.0,0.0,0.0
6,7,0.0,0.0,0.0,0.0,0.0,0.0,0.0,1.0,0.0,0.0,0.0,0.0,0.0
6,7,0.0,0.0,0.0,0.0,0.0,0.0,0.0,1.0,0.0,0.0,0.0,0.0,0.0
6,7,0.0,0.0,0.0,0.0,0.0,0.0,0.0,1.0,0.0,0.0,0.0,0.0,0.0
6,7,0.0,0.0,0.0,0.0,0.0,0.0,0.0,1.0,0.0,0.0,0.0,0.0,0.0
6,7,0.0,0.0,0.0,0.0,0.0,0.0,0.0,1.0,0.0,0.0,0.0,0.0,0.0
6,7,0.0,0.0,0.0,0.0,0.0,0.0,0.0,1.0,0.0,0.0,0.0,0.0,0.0
6,7,0.0,0.0,0.0,0.0,0.0,0.0,0.0,1.0,0.0,0.0,0.0,0.0,0.0
6,7,0.0,0.0,0.0,0.0,0.0,0.0,0.0,1.0,0.0,0.0,0.0,0.0,0.0
6,7,0.0,0.0,0.0,0.0,0.0,0.0,0.0,1.0,0.0,0.0,0.0,0.0,0.0
6,7,0.0,0.0,0.0,0.0,0.0,0.0,0.0,1.0,0.0,0.0,0.0,0.0,0.0
6,7,0.0,0.0,0.0,0.0,0.0,0.0,0.0,1.0,0.0,0.0,0.0,0.0,0.0
6,7,0.0,0.0,0.0,0.0,0.0,0.0,0.0,1.0,0.0,0.0,0.0,0.0,0.0
6,7,0.0,0.0,0.0,0.0,0.0,0.0,0.0,1.0,0.0,0.0,0.0,0.0,0.0
6,7,0.0,0.0,0.0,0.0,0.0,0.0,0.0,1.0,0.0,0.0,0.0,0.0,0.0
6,7,0.0,0.0,0.0,0.0,0.0,0.0,0.0,1.0,0.0,0.0,0.0,0.0,0.0
6,7,0.0,0.0,0.0,0.0,0.0,0.0,0.0,1.0,0.0,0.0,0.0,0.0,0.0
6,7,0.0,0.0,0.0,0.0,0.0,0.0,0.0,1.0,0.0,0.0,0.0,0.0,0.0
6,7,0.0,0.0,0.0,0.0,0.0,0.0,0.0,1.0,0.0,0.0,0.0,0.0,0.0
6,7,0.0,0.0,0.0,0.0,0.0,0.0,0.0,1.0,0.0,0.0,0.0,0.0,0.0
6,7,0.0,0.0,0.0,0.0,0.0,0.0,0.0,1.0,0.0,0.0,0.0,0.0,0.0
6,7,0.0,0.0,0.0,0.0,0.0,0.0,0.0,1.0,0.0,0.0,0.0,0.0,0.0
6,7,0.0,0.0,0.0,0.0,0.0,0.0,0.0,1.0,0.0,0.0,0.0,0.0,0.0
6,7,0.0,0.0,0.0,0.0,0.0,0.0,0.0,1.0,0.0,0.0,0.0,0.0,0.0
6,7,0.0,0.0,0.0,0.0,0.0,0.0,0.0,1.0,0.0,0.0,0.0,0.0,0.0
6,7,0.0,0.0,0.0,0.0,0.0,0.0,0.0,1.0,0.0,0.0,0.0,0.0,0.0
6,7,0.0,0.0,0.0,0.0,0.0,0.0,0.0,1.0,0.0,0.0,0.0,0.0,0.0
6,7,0.0,0.0,0.0,0.0,0.0,0.0,0.0,1.0,0.0,0.0,0.0,0.0,0.0
6,7,0.0,0.0,0.0,0.0,0.0,0.0,0.0,1.0,0.0,0.0,0.0,0.0,0.0
6,7,0.0,0.0,0.0,0.0,0.0,0.0,0.0,1.0,0.0,0.0,0.0,0.0,0.0
6,7,0.0,0.0,0.0,0.0,0.0,0.0,0.0,1.0,0.0,0.0,0.0,0.0,0.0
6,7,0.0,0.0,0.0,0.0,0.0,0.0,0.0,1.0,0.0,0.0,0.0,0.0,0.0
6,7,0.0,0.0,0.0,0.0,0.0,0.0,0.0,1.0,0.0,0.0,0.0,0.0,0.0
6,7,0.0,0.0,0.0,0.0,0.0,0.0,0.0,1.0,0.0,0.0,0.0,0.0,0.0
6,7,0.0,0.0,0.0,0.0,0.0,0.0,0.0,1.0,0.0,0.0,0.0,0.0,0.0
6,7,0.0,0.0,0.0,0.0,0.0,0.0,0.0,1.0,0.0,0.0,0.0,0.0,0.0
6,7,0.0,0.0,0.0,0.0,0.0,0.0,0.0,1.0,0.0,0.0,0.0,0.0,0.0
6,7,0.0,0.0,0.0,0.0,0.0,0.0,0.0,1.0,0.0,0.0,0.0,0.0,0.0
6,7,0.0,0.0,0.0,0.0,0.0,0.0,0.0,1.0,0.0,0.0,0.0,0.0,0.0
6,7,0.0,0.0,0.0,0.0,0.0,0.0,0.0,1.0,0.0,0.0,0.0,0.0,0.0
6,7,0.0,0.0,0.0,0.0,0.0,0.0,0.0,1.0,0.0,0.0,0.0,0.0,0.0
6,7,0.0,0.0,0.0,0.0,0.0,0.0,0.0,1.0,0.0,0.0,0.0,0.0,0.0
6,7,0.0,0.0,0.0,0.0,0.0,0.0,0.0,1.0,0.0,0.0,0.0,0.0,0.0
6,7,0.0,0.0,0.0,0.0,0.0,0.0,0.0,1.0,0.0,0.0,0.0,0.0,0.0
6,7,0.0,0.0,0.0,0.0,0.0,0.0,0.0,1.0,0.0,0.0,0.0,0.0,0.0
6,7,0.0,0.0,0.0,0.0,0.0,0.0,0.0,1.0,0.0,0.0,0.0,0.0,0.0
6,7,0.0,0.0,0.0,0.0,0.0,0.0,0.0,1.0,0.0,0.0,0.0,0.0,0.0
6,7,0.0,0.0,0.0,0.0,0.0,0.0,0.0,1.0,0.0,0.0,0.0,0.0,0.0
6,7,0.0,0.0,0.0,0.0,0.0,0.0,0.0,1.0,0.0,0.0,0.0,0.0,0.0
6,7,0.0,0.0,0.0,0.0,0.0,0.0,0.0,1.0,0.0,0.0,0.0,0.0,0.0
6,7,0.0,0.0,0.0,0.0,0.0,0.0,0.0,1.0,0.0,0.0,0.0,0.0,0.0
6,7,0.0,0.0,0.0,0.0,0.0,0.0,0.0,1.0,0.0,0.0,0.0,0.0,0.0
6,7,0.0,0.0,0.0,0.0,0.0,0.0,0.0,1.0,0.0,0.0,0.0,0.0,0.0
6,7,0.0,0.0,0.0,0.0,0.0,0.0,0.0,1.0,0.0,0.0,0.0,0.0,0.0
6,7,0.0,0.0,0.0,0.0,0.0,0.0,0.0,1.0,0.0,0.0,0.0,0.0,0.0
6,7,0.0,0.0,0.0,0.0,0.0,0.0,0.0,1.0,0.0,0.0,0.0,0.0,0.0
6,7,0.0,0.0,0.0,0.0,0.0,0.0,0.0,1.0,0.0,0.0,0.0,0.0,0.0
6,7,0.0,0.0,0.0,0.0,0.0,0.0,0.0,1.0,0.0,0.0,0.0,0.0,0.0
6,7,0.0,0.0,0.0,0.0,0.0,0.0,0.0,1.0,0.0,0.0,0.0,0.0,0.0
6,7,0.0,0.0,0.0,0.0,0.0,0.0,0.0,1.0,0.0,0.0,0.0,0.0,0.0
6,7,0.0,0.0,0.0,0.0,0.0,0.0,0.0,1.0,0.0,0.0,0.0,0.0,0.0
6,7,0.0,0.0,0.0,0.0,0.0,0.0,0.0,1.0,0.0,0.0,0.0,0.0,0.0
6,7,0.0,0.0,0.0,0.0,0.0,0.0,0.0,1.0,0.0,0.0,0.0,0.0,0.0
6,7,0.0,0.0,0.0,0.0,0.0,0.0,0.0,1.0,0.0,0.0,0.0,0.0,0.0
6,7,0.0,0.0,0.0,0.0,0.0,0.0,0.0,1.0,0.0,0.0,0.0,0.0,0.0
6,7,0.0,0.0,0.0,0.0,0.0,0.0,0.0,1.0,0.0,0.0,0.0,0.0,0.0
6,7,0.0,0.0,0.0,0.0,0.0,0.0,0.0,1.0,0.0,0.0,0.0,0.0,0.0
6,7,0.0,0.0,0.0,0.0,0.0,0.0,0.0,1.0,0.0,0.0,0.0,0.0,0.0
6,7,0.0,0.0,0.0,0.0,0.0,0.0,0.0,1.0,0.0,0.0,0.0,0.0,0.0
6,7,0.0,0.0,0.0,0.0,0.0,0.0,0.0,1.0,0.0,0.0,0.0,0.0,0.0
6,7,0.0,0.0,0.0,0.0,0.0,0.0,0.0,1.0,0.0,0.0,0.0,0.0,0.0
6,7,0.0,0.0,0.0,0.0,0.0,0.0,0.0,1.0,0.0,0.0,0.0,0.0,0.0
6,7,0.0,0.0,0.0,0.0,0.0,0.0,0.0,1.0,0.0,0.0,0.0,0.0,0.0
6,7,0.0,0.0,0.0,0.0,0.0,0.0,0.0,1.0,0.0,0.0,0.0,0.0,0.0
6,7,0.0,0.0,0.0,0.0,0.0,0.0,0.0,1.0,0.0,0.0,0.0,0.0,0.0
6,7,0.0,0.0,0.0,0.0,0.0,0.0,0.0,1.0,0.0,0.0,0.0,0.0,0.0
6,7,0.0,0.0,0.0,0.0,0.0,0.0,0.0,1.0,0.0,0.0,0.0,0.0,0.0
6,7,0.0,0.0,0.0,0.0,0.0,0.0,0.0,1.0,0.0,0.0,0.0,0.0,0.0
6,7,0.0,0.0,0.0,0.0,0.0,0.0,0.0,1.0,0.0,0.0,0.0,0.0,0.0
6,7,0.0,0.0,0.0,0.0,0.0,0.0,0.0,1.0,0.0,0.0,0.0,0.0,0.0
6,7,0.0,0.0,0.0,0.0,0.0,0.0,0.0,1.0,0.0,0.0,0.0,0.0,0.0
6,7,0.0,0.0,0.0,0.0,0.0,0.0,0.0,1.0,0.0,0.0,0.0,0.0,0.0
6,7,0.0,0.0,0.0,0.0,0.0,0.0,0.0,1.0,0.0,0.0,0.0,0.0,0.0
6,7,0.0,0.0,0.0,0.0,0.0,0.0,0.0,0.9291901,0.07080989,0.0,0.0,0.0,0.0
6,7,0.0,0.0,0.0,0.0,0.0,0.0,0.0,0.9291901,0.07080989,0.0,0.0,0.0,0.0
6,7,0.0,0.0,0.0,0.0,0.0,0.0,0.0,0.9291901,0.07080989,0.0,0.0,0.0,0.0
6,7,0.0,0.0,0.0,0.0,0.0,0.0,0.0,0.9291901,0.07080989,0.0,0.0,0.0,0.0
6,7,0.0,0.0,0.0,0.0,0.0,0.0,0.0,0.9291901,0.07080989,0.0,0.0,0.0,0.0
6,7,0.0,0.0,0.0,0.0,0.0,0.0,0.0,0.9291901,0.07080989,0.0,0.0,0.0,0.0
6,7,0.0,0.0,0.0,0.0,0.0,0.0,0.0,0.9291901,0.07080989,0.0,0.0,0.0,0.0
6,7,0.0,0.0,0.0,0.0,0.0,0.0,0.0,0.9291901,0.07080989,0.0,0.0,0.0,0.0
6,7,0.0,0.0,0.0,0.0,0.0,0.0,0.0,0.9291901,0.07080989,0.0,0.0,0.0,0.0
6,7,0.0,0.0,0.0,0.0,0.0,0.0,0.0,0.9291901,0.07080989,0.0,0.0,0.0,0.0
6,7,0.0,0.0,0.0,0.0,0.0,0.0,0.0,0.9291901,0.07080989,0.0,0.0,0.0,0.0
6,7,0.0,0.0,0.0,0.0,0.0,0.0,0.0,0.9291901,0.07080989,0.0,0.0,0.0,0.0
6,7,0.0,0.0,0.0,0.0,0.0,0.0,0.0,0.9291901,0.07080989,0.0,0.0,0.0,0.0
6,7,0.0,0.0,0.0,0.0,0.0,0.0,0.0,0.9291901,0.07080989,0.0,0.0,0.0,0.0
6,7,0.0,0.0,0.0,0.0,0.0,0.0,0.0,0.9291901,0.07080989,0.0,0.0,0.0,0.0
6,7,0.0,0.0,0.0,0.0,0.0,0.0,0.0,0.9291901,0.07080989,0.0,0.0,0.0,0.0
6,7,0.0,0.0,0.0,0.0,0.0,0.0,0.0,0.9291901,0.07080989,0.0,0.0,0.0,0.0
6,7,0.0,0.0,0.0,0.0,0.0,0.0,0.0,0.9291901,0.07080989,0.0,0.0,0.0,0.0
6,7,0.0,0.0,0.0,0.0,0.0,0.0,0.0,0.9291901,0.07080989,0.0,0.0,0.0,0.0
6,7,0.0,0.0,0.0,0.0,0.0,0.0,0.0,0.9291901,0.07080989,0.0,0.0,0.0,0.0
6,7,0.0,0.0,0.0,0.0,0.0,0.0,0.0,0.9291901,0.07080989,0.0,0.0,0.0,0.0
6,7,0.0,0.0,0.0,0.0,0.0,0.0,0.0,0.9291901,0.07080989,0.0,0.0,0.0,0.0
6,7,0.0,0.0,0.0,0.0,0.0,0.0,0.0,0.9291901,0.07080989,0.0,0.0,0.0,0.0
6,7,0.0,0.0,0.0,0.0,0.0,0.0,0.0,0.9291901,0.07080989,0.0,0.0,0.0,0.0
6,7,0.0,0.0,0.0,0.0,0.0,0.0,0.0,0.9245296,0.07547038,0.0,0.0,0.0,0.0
6,7,0.0,0.0,0.0,0.0,0.0,0.0,0.0,0.9245296,0.07547038,0.0,0.0,0.0,0.0
6,7,0.0,0.0,0.0,0.0,0.0,0.0,0.0,0.9245296,0.07547038,0.0,0.0,0.0,0.0
6,7,0.0,0.0,0.0,0.0,0.0,0.0,0.0,0.9245296,0.07547038,0.0,0.0,0.0,0.0
6,7,0.0,0.0,0.0,0.0,0.0,0.0,0.0,0.9245296,0.07547038,0.0,0.0,0.0,0.0
6,7,0.0,0.0,0.0,0.0,0.0,0.0,0.0,0.9245296,0.07547038,0.0,0.0,0.0,0.0
6,7,0.0,0.0,0.0,0.0,0.0,0.0,0.0,0.9245296,0.07547038,0.0,0.0,0.0,0.0
6,7,0.0,0.0,0.0,0.0,0.0,0.0,0.0,0.9245296,0.07547038,0.0,0.0,0.0,0.0
6,7,0.0,0.0,0.0,0.0,0.0,0.0,0.0,0.9245296,0.07547038,0.0,0.0,0.0,0.0
6,7,0.0,0.0,0.0,0.0,0.0,0.0,0.0,0.9245296,0.07547038,0.0,0.0,0.0,0.0
6,7,0.0,0.0,0.0,0.0,0.0,0.0,0.0,0.9245296,0.07547038,0.0,0.0,0.0,0.0
6,7,0.0,0.0,0.0,0.0,0.0,0.0,0.0,0.9245296,0.07547038,0.0,0.0,0.0,0.0
6,7,0.0,0.0,0.0,0.0,0.0,0.0,0.0,0.9245296,0.07547038,0.0,0.0,0.0,0.0
6,7,0.0,0.0,0.0,0.0,0.0,0.0,0.0,0.9245296,0.07547038,0.0,0.0,0.0,0.0
6,7,0.0,0.0,0.0,0.0,0.0,0.0,0.0,0.9245296,0.07547038,0.0,0.0,0.0,0.0
6,7,0.0,0.0,0.0,0.0,0.0,0.0,0.0,0.9245296,0.07547038,0.0,0.0,0.0,0.0
6,7,0.0,0.0,0.0,0.0,0.0,0.0,0.0,0.9245296,0.07547038,0.0,0.0,0.0,0.0
6,7,0.0,0.0,0.0,0.0,0.0,0.0,0.0,0.9245296,0.07547038,0.0,0.0,0.0,0.0
6,7,0.0,0.0,0.0,0.0,0.0,0.0,0.0,0.9245296,0.07547038,0.0,0.0,0.0,0.0
6,7,0.0,0.0,0.0,0.0,0.0,0.0,0.0,0.9245296,0.07547038,0.0,0.0,0.0,0.0
6,7,0.0,0.0,0.0,0.0,0.0,0.0,0.0,0.9245296,0.07547038,0.0,0.0,0.0,0.0
6,7,0.0,0.0,0.0,0.0,0.0,0.0,0.0,0.9245296,0.07547038,0.0,0.0,0.0,0.0
6,7,0.0,0.0,0.0,0.0,0.0,0.0,0.0,0.9245296,0.07547038,0.0,0.0,0.0,0.0
6,7,0.0,0.0,0.0,0.0,0.0,0.0,0.0,0.9245296,0.07547038,0.0,0.0,0.0,0.0
6,7,0.0,0.0,0.0,0.0,0.0,0.0,0.0,0.9245296,0.07547038,0.0,0.0,0.0,0.0
6,7,0.0,0.0,0.0,0.0,0.0,0.0,0.0,0.9245296,0.07547038,0.0,0.0,0.0,0.0
6,7,0.0,0.0,0.0,0.0,0.0,0.0,0.0,0.9245296,0.07547038,0.0,0.0,0.0,0.0
6,7,0.0,0.0,0.0,0.0,0.0,0.0,0.0,0.9245296,0.07547038,0.0,0.0,0.0,0.0
6,7,0.0,0.0,0.0,0.0,0.0,0.0,0.0,0.9189061,0.081093915,0.0,0.0,0.0,0.0
6,7,0.0,0.0,0.0,0.0,0.0,0.0,0.0,0.9189061,0.081093915,0.0,0.0,0.0,0.0
6,7,0.0,0.0,0.0,0.0,0.0,0.0,0.0,0.912703,0.087297045,0.0,0.0,0.0,0.0
6,7,0.0,0.0,0.0,0.0,0.0,0.0,0.0,0.912703,0.087297045,0.0,0.0,0.0,0.0
6,7,0.0,0.0,0.0,0.0,0.0,0.0,0.0,0.912703,0.087297045,0.0,0.0,0.0,0.0
6,7,0.0,0.0,0.0,0.0,0.0,0.0,0.0,0.912703,0.087297045,0.0,0.0,0.0,0.0
6,7,0.0,0.0,0.0,0.0,0.0,0.0,0.0,0.912703,0.087297045,0.0,0.0,0.0,0.0
6,7,0.0,0.0,0.0,0.0,0.0,0.0,0.0,0.912703,0.087297045,0.0,0.0,0.0,0.0
6,7,0.0,0.0,0.0,0.0,0.0,0.0,0.0,0.912703,0.087297045,0.0,0.0,0.0,0.0
6,7,0.0,0.0,0.0,0.0,0.0,0.0,0.0,0.912703,0.087297045,0.0,0.0,0.0,0.0
6,7,0.0,0.0,0.0,0.0,0.0,0.0,0.0,0.912703,0.087297045,0.0,0.0,0.0,0.0
6,7,0.0,0.0,0.0,0.0,0.0,0.0,0.0,0.912703,0.087297045,0.0,0.0,0.0,0.0
6,7,0.0,0.0,0.0,0.0,0.0,0.0,0.0,0.90597916,0.09402084,0.0,0.0,0.0,0.0
6,7,0.0,0.0,0.0,0.0,0.0,0.0,0.0,0.90597916,0.09402084,0.0,0.0,0.0,0.0
6,7,0.0,0.0,0.0,0.0,0.0,0.0,0.0,0.90597916,0.09402084,0.0,0.0,0.0,0.0
6,7,0.0,0.0,0.0,0.0,0.0,0.0,0.0,0.90597916,0.09402084,0.0,0.0,0.0,0.0
6,7,0.0,0.0,0.0,0.0,0.0,0.0,0.0,0.90597916,0.09402084,0.0,0.0,0.0,0.0
6,7,0.0,0.0,0.0,0.0,0.0,0.0,0.0,0.90597916,0.09402084,0.0,0.0,0.0,0.0
6,7,0.0,0.0,0.0,0.0,0.0,0.0,0.0,0.90597916,0.09402084,0.0,0.0,0.0,0.0
6,7,0.0,0.0,0.0,0.0,0.0,0.0,0.0,0.90597916,0.09402084,0.0,0.0,0.0,0.0
6,7,0.0,0.0,0.0,0.0,0.0,0.0,0.0,0.90597916,0.09402084,0.0,0.0,0.0,0.0
6,7,0.0,0.0,0.0,0.0,0.0,0.0,0.0,0.90597916,0.09402084,0.0,0.0,0.0,0.0
6,7,0.0,0.0,0.0,0.0,0.0,0.0,0.0,0.90597916,0.09402084,0.0,0.0,0.0,0.0
6,7,0.0,0.0,0.0,0.0,0.0,0.0,0.0,0.90597916,0.09402084,0.0,0.0,0.0,0.0
6,7,0.0,0.0,0.0,0.0,0.0,0.0,0.0,0.90597916,0.09402084,0.0,0.0,0.0,0.0
6,7,0.0,0.0,0.0,0.0,0.0,0.0,0.0,0.90597916,0.09402084,0.0,0.0,0.0,0.0
6,7,0.0,0.0,0.0,0.0,0.0,0.0,0.0,0.90597916,0.09402084,0.0,0.0,0.0,0.0
6,7,0.0,0.0,0.0,0.0,0.0,0.0,0.0,0.90597916,0.09402084,0.0,0.0,0.0,0.0
6,7,0.0,0.0,0.0,0.0,0.0,0.0,0.0,0.89706963,0.10293036,0.0,0.0,0.0,0.0
6,7,0.0,0.0,0.0,0.0,0.0,0.0,0.0,0.89706963,0.10293036,0.0,0.0,0.0,0.0
6,7,0.0,0.0,0.0,0.0,0.0,0.0,0.0,0.89706963,0.10293036,0.0,0.0,0.0,0.0
6,7,0.0,0.0,0.0,0.0,0.0,0.0,0.0,0.89706963,0.10293036,0.0,0.0,0.0,0.0
6,7,0.0,0.0,0.0,0.0,0.0,0.0,0.0,0.89706963,0.10293036,0.0,0.0,0.0,0.0
6,7,0.0,0.0,0.0,0.0,0.0,0.0,0.0,0.89706963,0.10293036,0.0,0.0,0.0,0.0
6,7,0.0,0.0,0.0,0.0,0.0,0.0,0.0,0.89706963,0.10293036,0.0,0.0,0.0,0.0
6,7,0.0,0.0,0.0,0.0,0.0,0.0,0.0,0.89706963,0.10293036,0.0,0.0,0.0,0.0
6,7,0.0,0.0,0.0,0.0,0.0,0.0,0.0,0.89706963,0.10293036,0.0,0.0,0.0,0.0
6,7,0.0,0.0,0.0,0.0,0.0,0.0,0.0,0.89706963,0.10293036,0.0,0.0,0.0,0.0
6,7,0.0,0.0,0.0,0.0,0.0,0.0,0.0,0.89706963,0.10293036,0.0,0.0,0.0,0.0
6,7,0.0,0.0,0.0,0.0,0.0,0.0,0.0,0.89706963,0.10293036,0.0,0.0,0.0,0.0
6,7,0.0,0.0,0.0,0.0,0.0,0.0,0.0,0.89706963,0.10293036,0.0,0.0,0.0,0.0
6,7,0.0,0.0,0.0,0.0,0.0,0.0,0.0,0.89706963,0.10293036,0.0,0.0,0.0,0.0
6,7,0.0,0.0,0.0,0.0,0.0,0.0,0.0,0.89706963,0.10293036,0.0,0.0,0.0,0.0
6,7,0.0,0.0,0.0,0.0,0.0,0.0,0.0,0.89706963,0.10293036,0.0,0.0,0.0,0.0
6,7,0.0,0.0,0.0,0.0,0.0,0.0,0.0,0.89706963,0.10293036,0.0,0.0,0.0,0.0
6,7,0.0,0.0,0.0,0.0,0.0,0.0,0.0,0.89706963,0.10293036,0.0,0.0,0.0,0.0
6,7,0.0,0.0,0.0,0.0,0.0,0.0,0.0,0.89706963,0.10293036,0.0,0.0,0.0,0.0
6,7,0.0,0.0,0.0,0.0,0.0,0.0,0.0,0.89706963,0.10293036,0.0,0.0,0.0,0.0
6,7,0.0,0.0,0.0,0.0,0.0,0.0,0.0,0.89706963,0.10293036,0.0,0.0,0.0,0.0
6,7,0.0,0.0,0.0,0.0,0.0,0.0,0.0,0.89706963,0.10293036,0.0,0.0,0.0,0.0
6,7,0.0,0.0,0.0,0.0,0.0,0.0,0.0,0.89706963,0.10293036,0.0,0.0,0.0,0.0
6,7,0.0,0.0,0.0,0.0,0.0,0.0,0.0,0.89706963,0.10293036,0.0,0.0,0.0,0.0
6,7,0.0,0.0,0.0,0.0,0.0,0.0,0.0,0.89706963,0.10293036,0.0,0.0,0.0,0.0
6,7,0.0,0.0,0.0,0.0,0.0,0.0,0.0,0.89706963,0.10293036,0.0,0.0,0.0,0.0
6,7,0.0,0.0,0.0,0.0,0.0,0.0,0.0,0.89706963,0.10293036,0.0,0.0,0.0,0.0
6,7,0.0,0.0,0.0,0.0,0.0,0.0,0.0,0.89706963,0.10293036,0.0,0.0,0.0,0.0
6,7,0.0,0.0,0.0,0.0,0.0,0.0,0.0,0.89706963,0.10293036,0.0,0.0,0.0,0.0
6,7,0.0,0.0,0.0,0.0,0.0,0.0,0.0,0.89706963,0.10293036,0.0,0.0,0.0,0.0
6,7,0.0,0.0,0.0,0.0,0.0,0.0,0.0,0.89706963,0.10293036,0.0,0.0,0.0,0.0
6,7,0.0,0.0,0.0,0.0,0.0,0.0,0.0,0.89706963,0.10293036,0.0,0.0,0.0,0.0
6,7,0.0,0.0,0.0,0.0,0.0,0.0,0.0,0.89706963,0.10293036,0.0,0.0,0.0,0.0
6,7,0.0,0.0,0.0,0.0,0.0,0.0,0.0,0.89706963,0.10293036,0.0,0.0,0.0,0.0
6,7,0.0,0.0,0.0,0.0,0.0,0.0,0.0,0.89706963,0.10293036,0.0,0.0,0.0,0.0
6,7,0.0,0.0,0.0,0.0,0.0,0.0,0.0,0.89706963,0.10293036,0.0,0.0,0.0,0.0
6,7,0.0,0.0,0.0,0.0,0.0,0.0,0.0,0.89706963,0.10293036,0.0,0.0,0.0,0.0
6,7,0.0,0.0,0.0,0.0,0.0,0.0,0.0,0.89706963,0.10293036,0.0,0.0,0.0,0.0
6,7,0.0,0.0,0.0,0.0,0.0,0.0,0.0,0.89706963,0.10293036,0.0,0.0,0.0,0.0
6,7,0.0,0.0,0.0,0.0,0.0,0.0,0.0,0.89706963,0.10293036,0.0,0.0,0.0,0.0
6,7,0.0,0.0,0.0,0.0,0.0,0.0,0.0,0.89706963,0.10293036,0.0,0.0,0.0,0.0
6,7,0.0,0.0,0.0,0.0,0.0,0.0,0.0,0.89706963,0.10293036,0.0,0.0,0.0,0.0
6,7,0.0,0.0,0.0,0.0,0.0,0.0,0.0,0.89706963,0.10293036,0.0,0.0,0.0,0.0
6,7,0.0,0.0,0.0,0.0,0.0,0.0,0.0,0.89706963,0.10293036,0.0,0.0,0.0,0.0
6,7,0.0,0.0,0.0,0.0,0.0,0.0,0.0,0.89706963,0.10293036,0.0,0.0,0.0,0.0
6,7,0.0,0.0,0.0,0.0,0.0,0.0,0.0,0.89706963,0.10293036,0.0,0.0,0.0,0.0
6,7,0.0,0.0,0.0,0.0,0.0,0.0,0.0,0.89706963,0.10293036,0.0,0.0,0.0,0.0
6,7,0.0,0.0,0.0,0.0,0.0,0.0,0.0,0.89706963,0.10293036,0.0,0.0,0.0,0.0
6,7,0.0,0.0,0.0,0.0,0.0,0.0,0.0,1.0,0.0,0.0,0.0,0.0,0.0
6,7,0.0,0.0,0.0,0.0,0.0,0.0,0.0,1.0,0.0,0.0,0.0,0.0,0.0
6,7,0.0,0.0,0.0,0.0,0.0,0.0,0.0,1.0,0.0,0.0,0.0,0.0,0.0
6,7,0.0,0.0,0.0,0.0,0.0,0.0,0.0,1.0,0.0,0.0,0.0,0.0,0.0
6,7,0.0,0.0,0.0,0.0,0.0,0.0,0.0,1.0,0.0,0.0,0.0,0.0,0.0
6,7,0.0,0.0,0.0,0.0,0.0,0.0,0.0,1.0,0.0,0.0,0.0,0.0,0.0
6,7,0.0,0.0,0.0,0.0,0.0,0.0,0.0,1.0,0.0,0.0,0.0,0.0,0.0
6,7,0.0,0.0,0.0,0.0,0.0,0.0,0.0,1.0,0.0,0.0,0.0,0.0,0.0
6,7,0.0,0.0,0.0,0.0,0.0,0.0,0.0,1.0,0.0,0.0,0.0,0.0,0.0
6,7,0.0,0.0,0.0,0.0,0.0,0.0,0.0,1.0,0.0,0.0,0.0,0.0,0.0
6,7,0.0,0.0,0.0,0.0,0.0,0.0,0.0,1.0,0.0,0.0,0.0,0.0,0.0
6,7,0.0,0.0,0.0,0.0,0.0,0.0,0.0,1.0,0.0,0.0,0.0,0.0,0.0
6,7,0.0,0.0,0.0,0.0,0.0,0.0,0.0,1.0,0.0,0.0,0.0,0.0,0.0
6,7,0.0,0.0,0.0,0.0,0.0,0.0,0.0,1.0,0.0,0.0,0.0,0.0,0.0
6,7,0.0,0.0,0.0,0.0,0.0,0.0,0.0,1.0,0.0,0.0,0.0,0.0,0.0
6,7,0.0,0.0,0.0,0.0,0.0,0.0,0.0,1.0,0.0,0.0,0.0,0.0,0.0
6,7,0.0,0.0,0.0,0.0,0.0,0.0,0.0,1.0,0.0,0.0,0.0,0.0,0.0
6,7,0.0,0.0,0.0,0.0,0.0,0.0,0.0,1.0,0.0,0.0,0.0,0.0,0.0
6,7,0.0,0.0,0.0,0.0,0.0,0.0,0.0,1.0,0.0,0.0,0.0,0.0,0.0
6,7,0.0,0.0,0.0,0.0,0.0,0.0,0.0,1.0,0.0,0.0,0.0,0.0,0.0
6,7,0.0,0.0,0.0,0.0,0.0,0.0,0.0,1.0,0.0,0.0,0.0,0.0,0.0
6,7,0.0,0.0,0.0,0.0,0.0,0.0,0.0,1.0,0.0,0.0,0.0,0.0,0.0
6,7,0.0,0.0,0.0,0.0,0.0,0.0,0.0,1.0,0.0,0.0,0.0,0.0,0.0
6,7,0.0,0.0,0.0,0.0,0.0,0.0,0.0,1.0,0.0,0.0,0.0,0.0,0.0
6,7,0.0,0.0,0.0,0.0,0.0,0.0,0.0,1.0,0.0,0.0,0.0,0.0,0.0
6,7,0.0,0.0,0.0,0.0,0.0,0.0,0.0,1.0,0.0,0.0,0.0,0.0,0.0
6,7,0.0,0.0,0.0,0.0,0.0,0.0,0.0,1.0,0.0,0.0,0.0,0.0,0.0
6,7,0.0,0.0,0.0,0.0,0.0,0.0,0.0,1.0,0.0,0.0,0.0,0.0,0.0
6,7,0.0,0.0,0.0,0.0,0.0,0.0,0.0,1.0,0.0,0.0,0.0,0.0,0.0
6,7,0.0,0.0,0.0,0.0,0.0,0.0,0.0,1.0,0.0,0.0,0.0,0.0,0.0
6,7,0.0,0.0,0.0,0.0,0.0,0.0,0.0,1.0,0.0,0.0,0.0,0.0,0.0
6,7,0.0,0.0,0.0,0.0,0.0,0.0,0.0,1.0,0.0,0.0,0.0,0.0,0.0
6,7,0.0,0.0,0.0,0.0,0.0,0.0,0.0,1.0,0.0,0.0,0.0,0.0,0.0
6,7,0.0,0.0,0.0,0.0,0.0,0.0,0.0,1.0,0.0,0.0,0.0,0.0,0.0
6,7,0.0,0.0,0.0,0.0,0.0,0.0,0.0,1.0,0.0,0.0,0.0,0.0,0.0
6,7,0.0,0.0,0.0,0.0,0.0,0.0,0.0,1.0,0.0,0.0,0.0,0.0,0.0
6,7,0.0,0.0,0.0,0.0,0.0,0.0,0.0,1.0,0.0,0.0,0.0,0.0,0.0
6,7,0.0,0.0,0.0,0.0,0.0,0.0,0.0,1.0,0.0,0.0,0.0,0.0,0.0
6,7,0.0,0.0,0.0,0.0,0.0,0.0,0.0,1.0,0.0,0.0,0.0,0.0,0.0
6,7,0.0,0.0,0.0,0.0,0.0,0.0,0.0,1.0,0.0,0.0,0.0,0.0,0.0
6,7,0.0,0.0,0.0,0.0,0.0,0.0,0.0,1.0,0.0,0.0,0.0,0.0,0.0
6,7,0.0,0.0,0.0,0.0,0.0,0.0,0.0,1.0,0.0,0.0,0.0,0.0,0.0
6,7,0.0,0.0,0.0,0.0,0.0,0.0,0.0,1.0,0.0,0.0,0.0,0.0,0.0
6,7,0.0,0.0,0.0,0.0,0.0,0.0,0.0,1.0,0.0,0.0,0.0,0.0,0.0
6,7,0.0,0.0,0.0,0.0,0.0,0.0,0.0,1.0,0.0,0.0,0.0,0.0,0.0
6,7,0.0,0.0,0.0,0.0,0.0,0.0,0.0,1.0,0.0,0.0,0.0,0.0,0.0
6,7,0.0,0.0,0.0,0.0,0.0,0.0,0.0,1.0,0.0,0.0,0.0,0.0,0.0
6,7,0.0,0.0,0.0,0.0,0.0,0.0,0.0,1.0,0.0,0.0,0.0,0.0,0.0
6,7,0.0,0.0,0.0,0.0,0.0,0.0,0.0,1.0,0.0,0.0,0.0,0.0,0.0
6,7,0.0,0.0,0.0,0.0,0.0,0.0,0.0,1.0,0.0,0.0,0.0,0.0,0.0
6,7,0.0,0.0,0.0,0.0,0.0,0.0,0.0,1.0,0.0,0.0,0.0,0.0,0.0
6,7,0.0,0.0,0.0,0.0,0.0,0.0,0.0,1.0,0.0,0.0,0.0,0.0,0.0
6,7,0.0,0.0,0.0,0.0,0.0,0.0,0.0,1.0,0.0,0.0,0.0,0.0,0.0
6,7,0.0,0.0,0.0,0.0,0.0,0.0,0.0,1.0,0.0,0.0,0.0,0.0,0.0
6,7,0.0,0.0,0.0,0.0,0.0,0.0,0.0,1.0,0.0,0.0,0.0,0.0,0.0
6,7,0.0,0.0,0.0,0.0,0.0,0.0,0.0,1.0,0.0,0.0,0.0,0.0,0.0
6,7,0.0,0.0,0.0,0.0,0.0,0.0,0.0,1.0,0.0,0.0,0.0,0.0,0.0
6,7,0.0,0.0,0.0,0.0,0.0,0.0,0.0,1.0,0.0,0.0,0.0,0.0,0.0
6,7,0.0,0.0,0.0,0.0,0.0,0.0,0.0,1.0,0.0,0.0,0.0,0.0,0.0
6,7,0.0,0.0,0.0,0.0,0.0,0.0,0.0,1.0,0.0,0.0,0.0,0.0,0.0
6,7,0.0,0.0,0.0,0.0,0.0,0.0,0.0,1.0,0.0,0.0,0.0,0.0,0.0
6,7,0.0,0.0,0.0,0.0,0.0,0.0,0.0,1.0,0.0,0.0,0.0,0.0,0.0
6,7,0.0,0.0,0.0,0.0,0.0,0.0,0.0,1.0,0.0,0.0,0.0,0.0,0.0
6,7,0.0,0.0,0.0,0.0,0.0,0.0,0.0,1.0,0.0,0.0,0.0,0.0,0.0
6,7,0.0,0.0,0.0,0.0,0.0,0.0,0.0,1.0,0.0,0.0,0.0,0.0,0.0
6,7,0.0,0.0,0.0,0.0,0.0,0.0,0.0,1.0,0.0,0.0,0.0,0.0,0.0
6,7,0.0,0.0,0.0,0.0,0.0,0.0,0.0,1.0,0.0,0.0,0.0,0.0,0.0
6,7,0.0,0.0,0.0,0.0,0.0,0.0,0.0,1.0,0.0,0.0,0.0,0.0,0.0
6,7,0.0,0.0,0.0,0.0,0.0,0.0,0.0,1.0,0.0,0.0,0.0,0.0,0.0
6,7,0.0,0.0,0.0,0.0,0.0,0.0,0.0,1.0,0.0,0.0,0.0,0.0,0.0
6,7,0.0,0.0,0.0,0.0,0.0,0.0,0.0,1.0,0.0,0.0,0.0,0.0,0.0
6,7,0.0,0.0,0.0,0.0,0.0,0.0,0.0,1.0,0.0,0.0,0.0,0.0,0.0
6,7,0.0,0.0,0.0,0.0,0.0,0.0,0.0,1.0,0.0,0.0,0.0,0.0,0.0
6,7,0.0,0.0,0.0,0.0,0.0,0.0,0.0,1.0,0.0,0.0,0.0,0.0,0.0
6,7,0.0,0.0,0.0,0.0,0.0,0.0,0.0,1.0,0.0,0.0,0.0,0.0,0.0
6,7,0.0,0.0,0.0,0.0,0.0,0.0,0.0,1.0,0.0,0.0,0.0,0.0,0.0
6,7,0.0,0.0,0.0,0.0,0.0,0.0,0.0,1.0,0.0,0.0,0.0,0.0,0.0
6,7,0.0,0.0,0.0,0.0,0.0,0.0,0.0,1.0,0.0,0.0,0.0,0.0,0.0
6,7,0.0,0.0,0.0,0.0,0.0,0.0,0.0,1.0,0.0,0.0,0.0,0.0,0.0
6,7,0.0,0.0,0.0,0.0,0.0,0.0,0.0,1.0,0.0,0.0,0.0,0.0,0.0
6,7,0.0,0.0,0.0,0.0,0.0,0.0,0.0,1.0,0.0,0.0,0.0,0.0,0.0
6,7,0.0,0.0,0.0,0.0,0.0,0.0,0.0,1.0,0.0,0.0,0.0,0.0,0.0
6,7,0.0,0.0,0.0,0.0,0.0,0.0,0.0,1.0,0.0,0.0,0.0,0.0,0.0
6,7,0.0,0.0,0.0,0.0,0.0,0.0,0.0,1.0,0.0,0.0,0.0,0.0,0.0
6,7,0.0,0.0,0.0,0.0,0.0,0.0,0.0,0.9061087,0.0,0.093891345,0.0,0.0,0.0
6,7,0.0,0.0,0.0,0.0,0.0,0.0,0.0,0.9061087,0.0,0.093891345,0.0,0.0,0.0
6,7,0.0,0.0,0.0,0.0,0.0,0.0,0.0,0.9061087,0.0,0.093891345,0.0,0.0,0.0
6,7,0.0,0.0,0.0,0.0,0.0,0.0,0.0,0.9061087,0.0,0.093891345,0.0,0.0,0.0
6,7,0.0,0.0,0.0,0.0,0.0,0.0,0.0,0.9061087,0.0,0.093891345,0.0,0.0,0.0
6,7,0.0,0.0,0.0,0.0,0.0,0.0,0.0,0.9061087,0.0,0.093891345,0.0,0.0,0.0
6,7,0.0,0.0,0.0,0.0,0.0,0.0,0.0,0.9061087,0.0,0.093891345,0.0,0.0,0.0
6,7,0.0,0.0,0.0,0.0,0.0,0.0,0.0,0.9061087,0.0,0.093891345,0.0,0.0,0.0
6,7,0.0,0.0,0.0,0.0,0.0,0.0,0.0,0.9061087,0.0,0.093891345,0.0,0.0,0.0
6,7,0.0,0.0,0.0,0.0,0.0,0.0,0.0,0.9061087,0.0,0.093891345,0.0,0.0,0.0
6,7,0.0,0.0,0.0,0.0,0.0,0.0,0.0,0.9061087,0.0,0.093891345,0.0,0.0,0.0
6,7,0.0,0.0,0.0,0.0,0.0,0.0,0.0,0.9061087,0.0,0.093891345,0.0,0.0,0.0
6,7,0.0,0.0,0.0,0.0,0.0,0.0,0.0,0.9061087,0.0,0.093891345,0.0,0.0,0.0
6,7,0.0,0.0,0.0,0.0,0.0,0.0,0.0,0.9061087,0.0,0.093891345,0.0,0.0,0.0
6,7,0.0,0.0,0.0,0.0,0.0,0.0,0.0,0.9061087,0.0,0.093891345,0.0,0.0,0.0
6,7,0.0,0.0,0.0,0.0,0.0,0.0,0.0,0.9061087,0.0,0.093891345,0.0,0.0,0.0
6,7,0.0,0.0,0.0,0.0,0.0,0.0,0.0,0.9061087,0.0,0.093891345,0.0,0.0,0.0
6,7,0.0,0.0,0.0,0.0,0.0,0.0,0.0,0.9061087,0.0,0.093891345,0.0,0.0,0.0
6,7,0.0,0.0,0.0,0.0,0.0,0.0,0.0,0.9061087,0.0,0.093891345,0.0,0.0,0.0
6,7,0.0,0.0,0.0,0.0,0.0,0.0,0.0,0.9061087,0.0,0.093891345,0.0,0.0,0.0
6,7,0.0,0.0,0.0,0.0,0.0,0.0,0.0,0.9061087,0.0,0.093891345,0.0,0.0,0.0
6,7,0.0,0.0,0.0,0.0,0.0,0.0,0.0,0.9061087,0.0,0.093891345,0.0,0.0,0.0
6,7,0.0,0.0,0.0,0.0,0.0,0.0,0.0,0.9061087,0.0,0.093891345,0.0,0.0,0.0
6,7,0.0,0.0,0.0,0.0,0.0,0.0,0.0,0.9061087,0.0,0.093891345,0.0,0.0,0.0
6,7,0.0,0.0,0.0,0.0,0.0,0.0,0.0,0.9061087,0.0,0.093891345,0.0,0.0,0.0
6,7,0.0,0.0,0.0,0.0,0.0,0.0,0.0,0.9061087,0.0,0.093891345,0.0,0.0,0.0
6,7,0.0,0.0,0.0,0.0,0.0,0.0,0.0,0.9061087,0.0,0.093891345,0.0,0.0,0.0
6,7,0.0,0.0,0.0,0.0,0.0,0.0,0.0,0.9061087,0.0,0.093891345,0.0,0.0,0.0
6,7,0.0,0.0,0.0,0.0,0.0,0.0,0.0,0.9061087,0.0,0.093891345,0.0,0.0,0.0
6,7,0.0,0.0,0.0,0.0,0.0,0.0,0.0,0.9061087,0.0,0.093891345,0.0,0.0,0.0
6,7,0.0,0.0,0.0,0.0,0.0,0.0,0.0,0.9061087,0.0,0.093891345,0.0,0.0,0.0
6,7,0.0,0.0,0.0,0.0,0.0,0.0,0.0,0.9061087,0.0,0.093891345,0.0,0.0,0.0
6,7,0.0,0.0,0.0,0.0,0.0,0.0,0.0,0.9061087,0.0,0.093891345,0.0,0.0,0.0
6,7,0.0,0.0,0.0,0.0,0.0,0.0,0.0,0.9061087,0.0,0.093891345,0.0,0.0,0.0
6,7,0.0,0.0,0.0,0.0,0.0,0.0,0.0,0.9061087,0.0,0.093891345,0.0,0.0,0.0
6,7,0.0,0.0,0.0,0.0,0.0,0.0,0.0,0.9061087,0.0,0.093891345,0.0,0.0,0.0
6,7,0.0,0.0,0.0,0.0,0.0,0.0,0.0,0.9061087,0.0,0.093891345,0.0,0.0,0.0
6,7,0.0,0.0,0.0,0.0,0.0,0.0,0.0,0.9061087,0.0,0.093891345,0.0,0.0,0.0
6,7,0.0,0.0,0.0,0.0,0.0,0.0,0.0,0.9061087,0.0,0.093891345,0.0,0.0,0.0
6,7,0.0,0.0,0.0,0.0,0.0,0.0,0.0,0.9061087,0.0,0.093891345,0.0,0.0,0.0
6,7,0.0,0.0,0.0,0.0,0.0,0.0,0.0,0.9061087,0.0,0.093891345,0.0,0.0,0.0
6,7,0.0,0.0,0.0,0.0,0.0,0.0,0.0,0.9061087,0.0,0.093891345,0.0,0.0,0.0
6,7,0.0,0.0,0.0,0.0,0.0,0.0,0.0,0.9061087,0.0,0.093891345,0.0,0.0,0.0
6,7,0.0,0.0,0.0,0.0,0.0,0.0,0.0,0.9061087,0.0,0.093891345,0.0,0.0,0.0
6,7,0.0,0.0,0.0,0.0,0.0,0.0,0.0,0.80438524,0.0,0.19561477,0.0,0.0,0.0
6,7,0.0,0.0,0.0,0.0,0.0,0.0,0.0,0.80438524,0.0,0.19561477,0.0,0.0,0.0
6,7,0.0,0.0,0.0,0.0,0.0,0.0,0.0,0.80438524,0.0,0.19561477,0.0,0.0,0.0
6,7,0.0,0.0,0.0,0.0,0.0,0.0,0.0,0.7063293,0.0,0.29367077,0.0,0.0,0.0
6,7,0.0,0.0,0.0,0.0,0.0,0.0,0.0,0.7063293,0.0,0.29367077,0.0,0.0,0.0
6,7,0.0,0.0,0.0,0.0,0.0,0.0,0.0,0.6247363,0.08159293,0.29367077,0.0,0.0,0.0
6,7,0.0,0.0,0.0,0.0,0.0,0.0,0.0,0.5736082,0.0749154,0.3514764,0.0,0.0,0.0
6,7,0.0,0.0,0.0,0.0,0.0,0.0,0.0,0.5736082,0.0749154,0.3514764,0.0,0.0,0.0
6,7,0.0,0.0,0.0,0.0,0.0,0.0,0.0,0.49197736,0.0749154,0.43310726,0.0,0.0,0.0
6,7,0.0,0.0,0.0,0.0,0.0,0.0,0.0,0.49197736,0.0749154,0.43310726,0.0,0.0,0.0
6,7,0.0,0.0,0.0,0.0,0.0,0.0,0.0,0.49197736,0.0749154,0.43310726,0.0,0.0,0.0
6,7,0.0,0.0,0.0,0.0,0.0,0.0,0.0,0.49197736,0.0749154,0.43310726,0.0,0.0,0.0
6,7,0.0,0.0,0.0,0.0,0.0,0.0,0.0,0.49197736,0.0749154,0.43310726,0.0,0.0,0.0
6,7,0.0,0.0,0.0,0.0,0.0,0.0,0.0,0.49197736,0.0749154,0.43310726,0.0,0.0,0.0
6,9,0.0,0.0,0.0,0.08914281,0.0,0.0,0.0,0.40283453,0.0749154,0.43310726,0.0,0.0,0.0
6,9,0.0,0.0,0.0,0.08914281,0.0,0.0,0.0,0.40283453,0.0749154,0.43310726,0.0,0.0,0.0
6,9,0.0,0.0,0.0,0.08914281,0.0,0.0,0.0,0.40283453,0.0749154,0.43310726,0.0,0.0,0.0
6,9,0.0,0.0,0.0,0.08914281,0.0,0.0,0.0,0.40283453,0.0749154,0.43310726,0.0,0.0,0.0
6,9,0.0,0.0,0.0,0.08914281,0.0,0.0,0.0,0.40283453,0.0749154,0.43310726,0.0,0.0,0.0
6,9,0.0,0.0,0.0,0.08914281,0.0,0.0,0.0,0.40283453,0.0749154,0.43310726,0.0,0.0,0.0
6,9,0.0,0.0,0.0,0.08914281,0.0,0.0,0.0,0.40283453,0.0749154,0.43310726,0.0,0.0,0.0
6,9,0.0,0.0,0.0,0.08914281,0.0,0.0,0.0,0.40283453,0.0749154,0.43310726,0.0,0.0,0.0
6,9,0.0,0.0,0.0,0.08914281,0.0,0.0,0.0,0.40283453,0.0749154,0.43310726,0.0,0.0,0.0
6,9,0.0,0.0,0.0,0.08914281,0.0,0.0,0.0,0.40283453,0.0749154,0.43310726,0.0,0.0,0.0
6,9,0.0,0.0,0.0,0.08914281,0.0,0.0,0.0,0.40283453,0.0749154,0.43310726,0.0,0.0,0.0
6,9,0.0,0.0,0.0,0.08914281,0.0,0.0,0.0,0.40283453,0.0749154,0.43310726,0.0,0.0,0.0
6,9,0.0,0.0,0.0,0.08914281,0.0,0.0,0.0,0.40283453,0.0749154,0.43310726,0.0,0.0,0.0
6,9,0.0,0.0,0.0,0.08914281,0.0,0.0,0.0,0.40283453,0.0749154,0.43310726,0.0,0.0,0.0
7,9,0.0,0.0,0.0,0.08914281,0.0,0.0,0.0,0.40283453,0.0749154,0.43310726,0.0,0.0,0.0
7,9,0.0,0.0,0.0,0.08914281,0.0,0.0,0.0,0.40283453,0.0749154,0.43310726,0.0,0.0,0.0
7,9,0.0,0.0,0.0,0.08914281,0.0,0.0,0.0,0.40283453,0.0749154,0.43310726,0.0,0.0,0.0
7,9,0.0,0.0,0.0,0.08914281,0.0,0.0,0.0,0.40283453,0.0749154,0.43310726,0.0,0.0,0.0
7,9,0.0,0.0,0.0,0.08914281,0.0,0.0,0.0,0.40283453,0.0749154,0.43310726,0.0,0.0,0.0
7,9,0.0,0.0,0.0,0.08914281,0.0,0.0,0.0,0.40283453,0.0749154,0.43310726,0.0,0.0,0.0
7,9,0.0,0.0,0.0,0.08914281,0.0,0.0,0.0,0.40283453,0.0749154,0.43310726,0.0,0.0,0.0
7,9,0.0,0.0,0.0,0.08914281,0.0,0.0,0.0,0.40283453,0.0749154,0.43310726,0.0,0.0,0.0
7,9,0.0,0.0,0.0,0.08914281,0.0,0.0,0.0,0.40283453,0.0749154,0.43310726,0.0,0.0,0.0
7,9,0.0,0.0,0.0,0.08914281,0.0,0.0,0.0,0.40283453,0.0749154,0.43310726,0.0,0.0,0.0
7,9,0.0,0.0,0.0,0.089142814,0.0,0.0,0.0,0.3220267,0.0749154,0.5139152,0.0,0.0,0.0
7,9,0.0,0.0,0.0,0.089142814,0.0,0.0,0.0,0.3220267,0.0749154,0.5139152,0.0,0.0,0.0
7,9,0.0,0.0,0.0,0.16405821,0.0,0.0,0.0,0.3220267,0.0,0.5139152,0.0,0.0,0.0
7,9,0.0,0.0,0.0,0.16405821,0.0,0.0,0.0,0.3220267,0.0,0.5139152,0.0,0.0,0.0
7,9,0.0,0.0,0.0,0.16405821,0.0,0.0,0.0,0.3220267,0.0,0.5139152,0.0,0.0,0.0
7,9,0.0,0.0,0.0,0.16405821,0.0,0.0,0.0,0.3220267,0.0,0.5139152,0.0,0.0,0.0
7,9,0.0,0.0,0.0,0.16405821,0.0,0.0,0.0,0.3220267,0.0,0.5139152,0.0,0.0,0.0
7,9,0.0,0.0,0.0,0.16405821,0.0,0.0,0.0,0.3220267,0.0,0.5139152,0.0,0.0,0.0
7,9,0.0,0.0,0.0,0.16405821,0.0,0.0,0.0,0.3220267,0.0,0.5139152,0.0,0.0,0.0
7,9,0.0,0.0,0.0,0.16405821,0.0,0.0,0.0,0.3220267,0.0,0.5139152,0.0,0.0,0.0
7,9,0.0,0.0,0.0,0.15170182,0.0,0.0,0.0,0.2977726,0.0,0.5505256,0.0,0.0,0.0
7,9,0.0,0.0,0.0,0.15170182,0.0,0.0,0.0,0.2977726,0.0,0.5505256,0.0,0.0,0.0
7,9,0.0,0.0,0.0,0.15170182,0.0,0.0,0.0,0.2977726,0.0,0.5505256,0.0,0.0,0.0
7,9,0.0,0.0,0.0,0.15170182,0.0,0.0,0.0,0.2977726,0.0,0.5505256,0.0,0.0,0.0
7,9,0.0,0.0,0.0,0.15170182,0.0,0.0,0.0,0.2977726,0.0,0.5505256,0.0,0.0,0.0
7,9,0.0,0.0,0.0,0.15170182,0.0,0.0,0.0,0.2977726,0.0,0.5505256,0.0,0.0,0.0
7,9,0.0,0.0,0.0,0.15170182,0.0,0.0,0.0,0.2977726,0.0,0.5505256,0.0,0.0,0.0
7,9,0.0,0.0,0.0,0.15170182,0.0,0.0,0.0,0.2977726,0.0,0.5505256,0.0,0.0,0.0
7,9,0.0,0.0,0.0,0.15170182,0.0,0.0,0.0,0.22103198,0.0,0.62726617,0.0,0.0,0.0
7,9,0.0,0.0,0.0,0.15170182,0.0,0.0,0.0,0.22103198,0.0,0.62726617,0.0,0.0,0.0
7,9,0.0,0.0,0.0,0.15170182,0.0,0.0,0.0,0.22103198,0.0,0.62726617,0.0,0.0,0.0
7,9,0.0,0.0,0.0,0.15170182,0.0,0.0,0.0,0.22103198,0.0,0.62726617,0.0,0.0,0.0
7,9,0.0,0.0,0.0,0.15170184,0.0,0.0,0.0,0.14167655,0.0,0.70662165,0.0,0.0,0.0
7,9,0.0,0.0,0.0,0.15170184,0.0,0.0,0.0,0.14167655,0.0,0.70662165,0.0,0.0,0.0
7,9,0.0,0.0,0.0,0.15170184,0.0,0.0,0.0,0.14167655,0.0,0.70662165,0.0,0.0,0.0
7,9,0.0,0.0,0.0,0.15170184,0.0,0.0,0.0,0.14167655,0.0,0.70662165,0.0,0.0,0.0
7,9,0.0,0.0,0.0,0.15170182,0.0,0.0,0.0,0.07285164,0.0,0.77544653,0.0,0.0,0.0
7,9,0.0,0.0,0.0,0.15170182,0.0,0.0,0.0,0.07285164,0.0,0.77544653,0.0,0.0,0.0
7,9,0.0,0.0,0.0,0.15170182,0.0,0.0,0.0,0.07285164,0.0,0.77544653,0.0,0.0,0.0
7,9,0.0,0.0,0.0,0.15170182,0.0,0.0,0.0,0.07285164,0.0,0.77544653,0.0,0.0,0.0
7,9,0.0,0.0,0.0,0.15170182,0.0,0.0,0.0,0.07285164,0.0,0.77544653,0.0,0.0,0.0
7,9,0.0,0.0,0.0,0.15170182,0.0,0.0,0.0,0.07285164,0.0,0.77544653,0.0,0.0,0.0
7,9,0.0,0.0,0.0,0.15170182,0.0,0.0,0.0,0.07285164,0.0,0.77544653,0.0,0.0,0.0
7,9,0.0,0.0,0.0,0.15170182,0.0,0.0,0.0,0.07285164,0.0,0.77544653,0.0,0.0,0.0
7,9,0.0,0.0,0.0,0.15170182,0.0,0.0,0.0,0.07285164,0.0,0.77544653,0.0,0.0,0.0
7,9,0.0,0.0,0.0,0.15170182,0.0,0.0,0.0,0.07285164,0.0,0.77544653,0.0,0.0,0.0
7,9,0.0,0.0,0.0,0.15170182,0.0,0.0,0.0,0.07285164,0.0,0.77544653,0.0,0.0,0.0
7,9,0.0,0.0,0.0,0.15170182,0.0,0.0,0.0,0.07285164,0.0,0.77544653,0.0,0.0,0.0
7,9,0.0,0.0,0.0,0.15170182,0.0,0.0,0.0,0.07285164,0.0,0.77544653,0.0,0.0,0.0
7,9,0.0,0.0,0.0,0.15170182,0.0,0.0,0.0,0.07285164,0.0,0.77544653,0.0,0.0,0.0
7,9,0.0,0.0,0.0,0.15170182,0.0,0.0,0.0,0.0,0.0,0.8482982,0.0,0.0,0.0
7,9,0.0,0.0,0.0,0.15170182,0.0,0.0,0.0,0.0,0.0,0.8482982,0.0,0.0,0.0
7,9,0.0,0.0,0.0,0.15170182,0.0,0.0,0.0,0.0,0.0,0.8482982,0.0,0.0,0.0
7,9,0.0,0.0,0.0,0.15170182,0.0,0.0,0.0,0.0,0.0,0.8482982,0.0,0.0,0.0
7,9,0.0,0.0,0.0,0.15170182,0.0,0.0,0.0,0.0,0.0,0.8482982,0.0,0.0,0.0
7,9,0.0,0.0,0.0,0.15170182,0.0,0.0,0.0,0.0,0.0,0.8482982,0.0,0.0,0.0
7,9,0.0,0.0,0.0,0.15170182,0.0,0.0,0.0,0.0,0.0,0.8482982,0.0,0.0,0.0
7,9,0.0,0.0,0.0,0.15170182,0.0,0.0,0.0,0.0,0.0,0.8482982,0.0,0.0,0.0
7,9,0.0,0.0,0.0,0.15170182,0.0,0.0,0.0,0.0,0.0,0.8482982,0.0,0.0,0.0
7,9,0.0,0.0,0.0,0.15170182,0.0,0.0,0.0,0.0,0.0,0.8482982,0.0,0.0,0.0
7,9,0.0,0.0,0.0,0.15170182,0.0,0.0,0.0,0.0,0.0,0.8482982,0.0,0.0,0.0
7,9,0.0,0.0,0.0,0.15170182,0.0,0.0,0.0,0.0,0.0,0.8482982,0.0,0.0,0.0
7,9,0.0,0.0,0.0,0.15170182,0.0,0.0,0.0,0.0,0.0,0.8482982,0.0,0.0,0.0
7,9,0.0,0.0,0.0,0.15170182,0.0,0.0,0.0,0.0,0.0,0.8482982,0.0,0.0,0.0
7,9,0.0,0.0,0.0,0.15170182,0.0,0.0,0.0,0.0,0.0,0.8482982,0.0,0.0,0.0
7,9,0.0,0.0,0.0,0.15170182,0.0,0.0,0.0,0.0,0.0,0.8482982,0.0,0.0,0.0
7,9,0.0,0.0,0.0,0.15170182,0.0,0.0,0.0,0.0,0.0,0.8482982,0.0,0.0,0.0
7,9,0.0,0.0,0.0,0.15170182,0.0,0.0,0.0,0.0,0.0,0.8482982,0.0,0.0,0.0
7,9,0.0,0.0,0.0,0.15170182,0.0,0.0,0.0,0.0,0.0,0.8482982,0.0,0.0,0.0
7,9,0.0,0.0,0.0,0.15170182,0.0,0.0,0.0,0.0,0.0,0.8482982,0.0,0.0,0.0
7,9,0.0,0.0,0.0,0.15170182,0.0,0.0,0.0,0.0,0.0,0.8482982,0.0,0.0,0.0
7,9,0.0,0.0,0.0,0.15170182,0.0,0.0,0.0,0.0,0.0,0.8482982,0.0,0.0,0.0
7,9,0.0,0.0,0.0,0.15170182,0.0,0.0,0.0,0.0,0.0,0.8482982,0.0,0.0,0.0
7,9,0.0,0.0,0.0,0.15170182,0.0,0.0,0.0,0.0,0.0,0.8482982,0.0,0.0,0.0
7,9,0.0,0.0,0.0,0.15170182,0.0,0.0,0.0,0.0,0.0,0.8482982,0.0,0.0,0.0
7,9,0.0,0.0,0.0,0.15170182,0.0,0.0,0.0,0.0,0.0,0.8482982,0.0,0.0,0.0
7,9,0.0,0.0,0.0,0.15170182,0.0,0.0,0.0,0.0,0.0,0.8482982,0.0,0.0,0.0
7,9,0.0,0.0,0.0,0.15170182,0.0,0.0,0.0,0.0,0.0,0.8482982,0.0,0.0,0.0
7,9,0.0,0.0,0.0,0.15170182,0.0,0.0,0.0,0.0,0.0,0.8482982,0.0,0.0,0.0
7,9,0.0,0.0,0.0,0.15170182,0.0,0.0,0.0,0.0,0.0,0.8482982,0.0,0.0,0.0
7,9,0.0,0.0,0.0,0.15170182,0.0,0.0,0.0,0.0,0.0,0.8482982,0.0,0.0,0.0
7,9,0.0,0.0,0.0,0.15170182,0.0,0.0,0.0,0.0,0.0,0.8482982,0.0,0.0,0.0
7,9,0.0,0.0,0.0,0.15170182,0.0,0.0,0.0,0.0,0.0,0.8482982,0.0,0.0,0.0
7,9,0.0,0.0,0.0,0.15170182,0.0,0.0,0.0,0.0,0.0,0.8482982,0.0,0.0,0.0
7,9,0.0,0.0,0.0,0.15170182,0.0,0.0,0.0,0.0,0.0,0.8482982,0.0,0.0,0.0
7,9,0.0,0.0,0.0,0.15170182,0.0,0.0,0.0,0.0,0.0,0.8482982,0.0,0.0,0.0
7,9,0.0,0.0,0.0,0.15170182,0.0,0.0,0.0,0.0,0.0,0.8482982,0.0,0.0,0.0
7,9,0.0,0.0,0.0,0.15170182,0.0,0.0,0.0,0.0,0.0,0.8482982,0.0,0.0,0.0
7,9,0.0,0.0,0.0,0.15170182,0.0,0.0,0.0,0.0,0.0,0.8482982,0.0,0.0,0.0
7,9,0.0,0.0,0.0,0.15170182,0.0,0.0,0.0,0.0,0.0,0.8482982,0.0,0.0,0.0
7,9,0.0,0.0,0.0,0.15170182,0.0,0.0,0.0,0.0,0.0,0.8482982,0.0,0.0,0.0
7,9,0.0,0.0,0.0,0.15170182,0.0,0.0,0.0,0.0,0.0,0.8482982,0.0,0.0,0.0
7,9,0.0,0.0,0.0,0.15170182,0.0,0.0,0.0,0.0,0.0,0.8482982,0.0,0.0,0.0
7,9,0.0,0.0,0.0,0.15170182,0.0,0.0,0.0,0.0,0.0,0.8482982,0.0,0.0,0.0
7,9,0.0,0.0,0.0,0.15170182,0.0,0.0,0.0,0.0,0.0,0.8482982,0.0,0.0,0.0
7,9,0.0,0.0,0.0,0.15170182,0.0,0.0,0.0,0.0,0.0,0.8482982,0.0,0.0,0.0
7,9,0.0,0.0,0.0,0.15170182,0.0,0.0,0.0,0.0,0.0,0.8482982,0.0,0.0,0.0
7,9,0.0,0.0,0.0,0.15170182,0.0,0.0,0.0,0.0,0.0,0.8482982,0.0,0.0,0.0
7,9,0.0,0.0,0.0,0.15170182,0.0,0.0,0.0,0.0,0.0,0.8482982,0.0,0.0,0.0
7,9,0.0,0.0,0.0,0.15170182,0.0,0.0,0.0,0.0,0.0,0.8482982,0.0,0.0,0.0
7,9,0.0,0.0,0.0,0.1330543,0.0,0.0,0.0,0.0,0.0,0.86694574,0.0,0.0,0.0
7,9,0.0,0.0,0.0,0.1330543,0.0,0.0,0.0,0.0,0.0,0.86694574,0.0,0.0,0.0
7,9,0.0,0.0,0.0,0.1330543,0.0,0.0,0.0,0.0,0.0,0.86694574,0.0,0.0,0.0
7,9,0.0,0.0,0.0,0.1330543,0.0,0.0,0.0,0.0,0.0,0.86694574,0.0,0.0,0.0
7,9,0.0,0.0,0.0,0.1330543,0.0,0.0,0.0,0.0,0.0,0.86694574,0.0,0.0,0.0
7,9,0.0,0.0,0.0,0.1330543,0.0,0.0,0.0,0.0,0.0,0.86694574,0.0,0.0,0.0
7,9,0.0,0.0,0.0,0.1330543,0.0,0.0,0.0,0.0,0.0,0.86694574,0.0,0.0,0.0
7,9,0.0,0.0,0.0,0.1330543,0.0,0.0,0.0,0.0,0.0,0.86694574,0.0,0.0,0.0
7,9,0.0,0.0,0.0,0.124380484,0.0,0.0,0.0,0.0,0.0,0.87561953,0.0,0.0,0.0
7,9,0.0,0.0,0.0,0.124380484,0.0,0.0,0.0,0.0,0.0,0.87561953,0.0,0.0,0.0
7,9,0.0,0.0,0.0,0.124380484,0.0,0.0,0.0,0.0,0.0,0.87561953,0.0,0.0,0.0
7,9,0.0,0.0,0.0,0.124380484,0.0,0.0,0.0,0.0,0.0,0.87561953,0.0,0.0,0.0
7,9,0.0,0.0,0.0,0.124380484,0.0,0.0,0.0,0.0,0.0,0.87561953,0.0,0.0,0.0
7,9,0.0,0.0,0.0,0.124380484,0.0,0.0,0.0,0.0,0.0,0.87561953,0.0,0.0,0.0
7,9,0.0,0.0,0.0,0.124380484,0.0,0.0,0.0,0.0,0.0,0.87561953,0.0,0.0,0.0
7,9,0.0,0.0,0.0,0.124380484,0.0,0.0,0.0,0.0,0.0,0.87561953,0.0,0.0,0.0
7,9,0.0,0.0,0.0,0.124380484,0.0,0.0,0.0,0.0,0.0,0.87561953,0.0,0.0,0.0
7,9,0.0,0.0,0.0,0.124380484,0.0,0.0,0.0,0.0,0.0,0.87561953,0.0,0.0,0.0
7,9,0.0,0.0,0.0,0.124380484,0.0,0.0,0.0,0.0,0.0,0.87561953,0.0,0.0,0.0
7,9,0.0,0.0,0.0,0.124380484,0.0,0.0,0.0,0.0,0.0,0.87561953,0.0,0.0,0.0
7,9,0.0,0.0,0.0,0.124380484,0.0,0.0,0.0,0.0,0.0,0.87561953,0.0,0.0,0.0
7,9,0.0,0.0,0.0,0.124380484,0.0,0.0,0.0,0.0,0.0,0.87561953,0.0,0.0,0.0
7,9,0.0,0.0,0.0,0.124380484,0.0,0.0,0.0,0.0,0.0,0.87561953,0.0,0.0,0.0
7,9,0.0,0.0,0.0,0.124380484,0.0,0.0,0.0,0.0,0.0,0.87561953,0.0,0.0,0.0
7,9,0.0,0.0,0.0,0.124380484,0.0,0.0,0.0,0.0,0.0,0.87561953,0.0,0.0,0.0
7,9,0.0,0.0,0.0,0.124380484,0.0,0.0,0.0,0.0,0.0,0.87561953,0.0,0.0,0.0
7,9,0.0,0.0,0.0,0.124380484,0.0,0.0,0.0,0.0,0.0,0.87561953,0.0,0.0,0.0
7,9,0.0,0.0,0.0,0.124380484,0.0,0.0,0.0,0.0,0.0,0.87561953,0.0,0.0,0.0
7,9,0.0,0.0,0.0,0.124380484,0.0,0.0,0.0,0.0,0.0,0.87561953,0.0,0.0,0.0
7,9,0.0,0.0,0.0,0.124380484,0.0,0.0,0.0,0.0,0.0,0.87561953,0.0,0.0,0.0
7,9,0.0,0.0,0.0,0.124380484,0.0,0.0,0.0,0.0,0.0,0.87561953,0.0,0.0,0.0
7,9,0.0,0.0,0.0,0.124380484,0.0,0.0,0.0,0.0,0.0,0.87561953,0.0,0.0,0.0
7,9,0.0,0.0,0.0,0.124380484,0.0,0.0,0.0,0.0,0.0,0.87561953,0.0,0.0,0.0
7,9,0.0,0.0,0.0,0.124380484,0.0,0.0,0.0,0.0,0.0,0.87561953,0.0,0.0,0.0
7,9,0.0,0.0,0.0,0.124380484,0.0,0.0,0.0,0.0,0.0,0.87561953,0.0,0.0,0.0
7,9,0.0,0.0,0.0,0.124380484,0.0,0.0,0.0,0.0,0.0,0.87561953,0.0,0.0,0.0
7,9,0.0,0.0,0.0,0.124380484,0.0,0.0,0.0,0.0,0.0,0.87561953,0.0,0.0,0.0
7,9,0.0,0.0,0.0,0.124380484,0.0,0.0,0.0,0.0,0.0,0.87561953,0.0,0.0,0.0
7,9,0.0,0.0,0.0,0.124380484,0.0,0.0,0.0,0.0,0.0,0.87561953,0.0,0.0,0.0
7,9,0.0,0.0,0.0,0.124380484,0.0,0.0,0.0,0.0,0.0,0.87561953,0.0,0.0,0.0
7,9,0.0,0.0,0.0,0.124380484,0.0,0.0,0.0,0.0,0.0,0.87561953,0.0,0.0,0.0
7,9,0.0,0.0,0.0,0.124380484,0.0,0.0,0.0,0.0,0.0,0.87561953,0.0,0.0,0.0
7,9,0.0,0.0,0.0,0.124380484,0.0,0.0,0.0,0.0,0.0,0.87561953,0.0,0.0,0.0
7,9,0.0,0.0,0.0,0.124380484,0.0,0.0,0.0,0.0,0.0,0.87561953,0.0,0.0,0.0
7,9,0.0,0.0,0.0,0.124380484,0.0,0.0,0.0,0.0,0.0,0.87561953,0.0,0.0,0.0
7,9,0.0,0.0,0.0,0.124380484,0.0,0.0,0.0,0.0,0.0,0.87561953,0.0,0.0,0.0
7,9,0.0,0.0,0.0,0.124380484,0.0,0.0,0.0,0.0,0.0,0.87561953,0.0,0.0,0.0
7,9,0.0,0.0,0.0,0.124380484,0.0,0.0,0.0,0.0,0.0,0.87561953,0.0,0.0,0.0
7,9,0.0,0.0,0.0,0.124380484,0.0,0.0,0.0,0.0,0.0,0.87561953,0.0,0.0,0.0
7,9,0.0,0.0,0.0,0.124380484,0.0,0.0,0.0,0.0,0.0,0.87561953,0.0,0.0,0.0
7,9,0.0,0.0,0.0,0.124380484,0.0,0.0,0.0,0.0,0.0,0.87561953,0.0,0.0,0.0
7,9,0.0,0.0,0.0,0.124380484,0.0,0.0,0.0,0.0,0.0,0.87561953,0.0,0.0,0.0
7,9,0.0,0.0,0.0,0.124380484,0.0,0.0,0.0,0.0,0.0,0.87561953,0.0,0.0,0.0
7,9,0.0,0.0,0.0,0.124380484,0.0,0.0,0.0,0.0,0.0,0.87561953,0.0,0.0,0.0
7,9,0.0,0.0,0.0,0.056797,0.0,0.0,0.0,0.0,0.0,0.943203,0.0,0.0,0.0
7,9,0.0,0.0,0.0,0.056797,0.0,0.0,0.0,0.0,0.0,0.943203,0.0,0.0,0.0
7,9,0.0,0.0,0.0,0.056797,0.0,0.0,0.0,0.0,0.0,0.943203,0.0,0.0,0.0
7,9,0.0,0.0,0.0,0.056797,0.0,0.0,0.0,0.0,0.0,0.943203,0.0,0.0,0.0
7,9,0.0,0.0,0.0,0.056797,0.0,0.0,0.0,0.0,0.0,0.943203,0.0,0.0,0.0
7,9,0.0,0.0,0.0,0.056797,0.0,0.0,0.0,0.0,0.0,0.943203,0.0,0.0,0.0
7,9,0.0,0.0,0.0,0.056797,0.0,0.0,0.0,0.0,0.0,0.943203,0.0,0.0,0.0
7,9,0.0,0.0,0.0,0.056797,0.0,0.0,0.0,0.0,0.0,0.943203,0.0,0.0,0.0
7,9,0.0,0.0,0.0,0.056797,0.0,0.0,0.0,0.0,0.0,0.943203,0.0,0.0,0.0
7,9,0.0,0.0,0.0,0.056797,0.0,0.0,0.0,0.0,0.0,0.943203,0.0,0.0,0.0
7,9,0.0,0.0,0.0,0.056797,0.0,0.0,0.0,0.0,0.0,0.943203,0.0,0.0,0.0
7,9,0.0,0.0,0.0,0.056797,0.0,0.0,0.0,0.0,0.0,0.943203,0.0,0.0,0.0
7,9,0.0,0.0,0.0,0.056797,0.0,0.0,0.0,0.0,0.0,0.943203,0.0,0.0,0.0
7,9,0.0,0.0,0.0,0.056797,0.0,0.0,0.0,0.0,0.0,0.943203,0.0,0.0,0.0
7,9,0.0,0.0,0.0,0.056797,0.0,0.0,0.0,0.0,0.0,0.943203,0.0,0.0,0.0
7,9,0.0,0.0,0.0,0.056797,0.0,0.0,0.0,0.0,0.0,0.943203,0.0,0.0,0.0
7,9,0.0,0.0,0.0,0.056797,0.0,0.0,0.0,0.0,0.0,0.943203,0.0,0.0,0.0
7,9,0.0,0.0,0.0,0.056797,0.0,0.0,0.0,0.0,0.0,0.943203,0.0,0.0,0.0
7,9,0.0,0.0,0.0,0.056797,0.0,0.0,0.0,0.0,0.0,0.943203,0.0,0.0,0.0
7,9,0.0,0.0,0.0,0.056797,0.0,0.0,0.0,0.0,0.0,0.943203,0.0,0.0,0.0
7,9,0.0,0.0,0.0,0.056797,0.0,0.0,0.0,0.0,0.0,0.943203,0.0,0.0,0.0
7,9,0.0,0.0,0.0,0.056797,0.0,0.0,0.0,0.0,0.0,0.943203,0.0,0.0,0.0
7,9,0.0,0.0,0.0,0.056797,0.0,0.0,0.0,0.0,0.0,0.943203,0.0,0.0,0.0
7,9,0.0,0.0,0.0,0.056797,0.0,0.0,0.0,0.0,0.0,0.943203,0.0,0.0,0.0
7,9,0.0,0.0,0.0,0.056797,0.0,0.0,0.0,0.0,0.0,0.943203,0.0,0.0,0.0
7,9,0.0,0.0,0.0,0.056797,0.0,0.0,0.0,0.0,0.0,0.943203,0.0,0.0,0.0
7,9,0.0,0.0,0.0,0.056797,0.0,0.0,0.0,0.0,0.0,0.943203,0.0,0.0,0.0
7,9,0.0,0.0,0.0,0.056797,0.0,0.0,0.0,0.0,0.0,0.943203,0.0,0.0,0.0
7,9,0.0,0.0,0.0,0.056797,0.0,0.0,0.0,0.0,0.0,0.943203,0.0,0.0,0.0
7,9,0.0,0.0,0.0,0.056797,0.0,0.0,0.0,0.0,0.0,0.943203,0.0,0.0,0.0
7,9,0.0,0.0,0.0,0.056797,0.0,0.0,0.0,0.0,0.0,0.943203,0.0,0.0,0.0
7,9,0.0,0.0,0.0,0.056797,0.0,0.0,0.0,0.0,0.0,0.943203,0.0,0.0,0.0
7,9,0.0,0.0,0.0,0.056797,0.0,0.0,0.0,0.0,0.0,0.943203,0.0,0.0,0.0
7,9,0.0,0.0,0.0,0.056797,0.0,0.0,0.0,0.0,0.0,0.943203,0.0,0.0,0.0
7,9,0.0,0.0,0.0,0.056797,0.0,0.0,0.0,0.0,0.0,0.943203,0.0,0.0,0.0
7,9,0.0,0.0,0.0,0.056797,0.0,0.0,0.0,0.0,0.0,0.943203,0.0,0.0,0.0
7,9,0.0,0.0,0.0,0.056797,0.0,0.0,0.0,0.0,0.0,0.943203,0.0,0.0,0.0
7,9,0.0,0.0,0.0,0.056797,0.0,0.0,0.0,0.0,0.0,0.943203,0.0,0.0,0.0
7,9,0.0,0.0,0.0,0.056797,0.0,0.0,0.0,0.0,0.0,0.943203,0.0,0.0,0.0
7,9,0.0,0.0,0.0,0.056797,0.0,0.0,0.0,0.0,0.0,0.943203,0.0,0.0,0.0
7,9,0.0,0.0,0.0,0.056797,0.0,0.0,0.0,0.0,0.0,0.943203,0.0,0.0,0.0
7,9,0.0,0.0,0.0,0.056797,0.0,0.0,0.0,0.0,0.0,0.943203,0.0,0.0,0.0
7,9,0.0,0.0,0.0,0.056797,0.0,0.0,0.0,0.0,0.0,0.943203,0.0,0.0,0.0
7,9,0.0,0.0,0.0,0.056797,0.0,0.0,0.0,0.0,0.0,0.943203,0.0,0.0,0.0
7,9,0.0,0.0,0.0,0.056797,0.0,0.0,0.0,0.0,0.0,0.943203,0.0,0.0,0.0
7,9,0.0,0.0,0.0,0.056797,0.0,0.0,0.0,0.0,0.0,0.943203,0.0,0.0,0.0
7,9,0.0,0.0,0.0,0.056797,0.0,0.0,0.0,0.0,0.0,0.943203,0.0,0.0,0.0
7,9,0.0,0.0,0.0,0.056797,0.0,0.0,0.0,0.0,0.0,0.943203,0.0,0.0,0.0
7,9,0.0,0.0,0.0,0.056797,0.0,0.0,0.0,0.0,0.0,0.943203,0.0,0.0,0.0
7,9,0.0,0.0,0.0,0.056797,0.0,0.0,0.0,0.0,0.0,0.943203,0.0,0.0,0.0
7,9,0.0,0.0,0.0,0.056797,0.0,0.0,0.0,0.0,0.0,0.943203,0.0,0.0,0.0
7,9,0.0,0.0,0.0,0.056797,0.0,0.0,0.0,0.0,0.0,0.943203,0.0,0.0,0.0
7,9,0.0,0.0,0.0,0.056797,0.0,0.0,0.0,0.0,0.0,0.943203,0.0,0.0,0.0
7,9,0.0,0.0,0.0,0.056797,0.0,0.0,0.0,0.0,0.0,0.943203,0.0,0.0,0.0
7,9,0.0,0.0,0.0,0.056797,0.0,0.0,0.0,0.0,0.0,0.943203,0.0,0.0,0.0
7,9,0.0,0.0,0.0,0.056797,0.0,0.0,0.0,0.0,0.0,0.943203,0.0,0.0,0.0
7,9,0.0,0.0,0.0,0.056797,0.0,0.0,0.0,0.0,0.0,0.943203,0.0,0.0,0.0
7,9,0.0,0.0,0.0,0.056797,0.0,0.0,0.0,0.0,0.0,0.943203,0.0,0.0,0.0
7,9,0.0,0.0,0.0,0.056797,0.0,0.0,0.0,0.0,0.0,0.943203,0.0,0.0,0.0
7,9,0.0,0.0,0.0,0.056797,0.0,0.0,0.0,0.0,0.0,0.943203,0.0,0.0,0.0
7,9,0.0,0.0,0.0,0.056797,0.0,0.0,0.0,0.0,0.0,0.943203,0.0,0.0,0.0
7,9,0.0,0.0,0.0,0.056797,0.0,0.0,0.0,0.0,0.0,0.943203,0.0,0.0,0.0
7,9,0.0,0.0,0.0,0.056797,0.0,0.0,0.0,0.0,0.0,0.943203,0.0,0.0,0.0
7,9,0.0,0.0,0.0,0.056797,0.0,0.0,0.0,0.0,0.0,0.943203,0.0,0.0,0.0
7,9,0.0,0.0,0.0,0.056797,0.0,0.0,0.0,0.0,0.0,0.943203,0.0,0.0,0.0
7,9,0.0,0.0,0.0,0.056797,0.0,0.0,0.0,0.0,0.0,0.943203,0.0,0.0,0.0
7,9,0.0,0.0,0.0,0.056797,0.0,0.0,0.0,0.0,0.0,0.943203,0.0,0.0,0.0
7,9,0.0,0.0,0.0,0.056797,0.0,0.0,0.0,0.0,0.0,0.943203,0.0,0.0,0.0
7,9,0.0,0.0,0.0,0.056797,0.0,0.0,0.0,0.0,0.0,0.943203,0.0,0.0,0.0
7,9,0.0,0.0,0.0,0.056797,0.0,0.0,0.0,0.0,0.0,0.943203,0.0,0.0,0.0
7,9,0.0,0.0,0.0,0.056797,0.0,0.0,0.0,0.0,0.0,0.943203,0.0,0.0,0.0
7,9,0.0,0.0,0.0,0.056797,0.0,0.0,0.0,0.0,0.0,0.943203,0.0,0.0,0.0
7,9,0.0,0.0,0.0,0.056797,0.0,0.0,0.0,0.0,0.0,0.943203,0.0,0.0,0.0
7,9,0.0,0.0,0.0,0.056797,0.0,0.0,0.0,0.0,0.0,0.943203,0.0,0.0,0.0
7,9,0.0,0.0,0.0,0.056797,0.0,0.0,0.0,0.0,0.0,0.943203,0.0,0.0,0.0
7,9,0.0,0.0,0.0,0.056797,0.0,0.0,0.0,0.0,0.0,0.943203,0.0,0.0,0.0
7,9,0.0,0.0,0.0,0.056797,0.0,0.0,0.0,0.0,0.0,0.943203,0.0,0.0,0.0
7,9,0.0,0.0,0.0,0.056797,0.0,0.0,0.0,0.0,0.0,0.943203,0.0,0.0,0.0
7,9,0.0,0.0,0.0,0.056797,0.0,0.0,0.0,0.0,0.0,0.943203,0.0,0.0,0.0
7,9,0.0,0.0,0.0,0.056797,0.0,0.0,0.0,0.0,0.0,0.943203,0.0,0.0,0.0
7,9,0.0,0.0,0.0,0.056797,0.0,0.0,0.0,0.0,0.0,0.943203,0.0,0.0,0.0
7,9,0.0,0.0,0.0,0.056797,0.0,0.0,0.0,0.0,0.0,0.943203,0.0,0.0,0.0
7,9,0.0,0.0,0.0,0.056797,0.0,0.0,0.0,0.0,0.0,0.943203,0.0,0.0,0.0
7,9,0.0,0.0,0.0,0.056797,0.0,0.0,0.0,0.0,0.0,0.943203,0.0,0.0,0.0
7,9,0.0,0.0,0.0,0.056797,0.0,0.0,0.0,0.0,0.0,0.943203,0.0,0.0,0.0
7,9,0.0,0.0,0.0,0.056797,0.0,0.0,0.0,0.0,0.0,0.943203,0.0,0.0,0.0
7,9,0.0,0.0,0.0,0.056797,0.0,0.0,0.0,0.0,0.0,0.943203,0.0,0.0,0.0
7,9,0.0,0.0,0.0,0.056797,0.0,0.0,0.0,0.0,0.0,0.943203,0.0,0.0,0.0
7,9,0.0,0.0,0.0,0.056797,0.0,0.0,0.0,0.0,0.0,0.943203,0.0,0.0,0.0
7,9,0.0,0.0,0.0,0.056797,0.0,0.0,0.0,0.0,0.0,0.943203,0.0,0.0,0.0
7,9,0.0,0.0,0.0,0.056797,0.0,0.0,0.0,0.0,0.0,0.943203,0.0,0.0,0.0
7,9,0.0,0.0,0.0,0.056797,0.0,0.0,0.0,0.0,0.0,0.943203,0.0,0.0,0.0
7,9,0.0,0.0,0.0,0.056797,0.0,0.0,0.0,0.0,0.0,0.943203,0.0,0.0,0.0
7,9,0.0,0.0,0.0,0.056797,0.0,0.0,0.0,0.0,0.0,0.943203,0.0,0.0,0.0
7,9,0.0,0.0,0.0,0.056797,0.0,0.0,0.0,0.0,0.0,0.943203,0.0,0.0,0.0
7,9,0.0,0.0,0.0,0.056797,0.0,0.0,0.0,0.0,0.0,0.943203,0.0,0.0,0.0
7,9,0.0,0.0,0.0,0.056797,0.0,0.0,0.0,0.0,0.0,0.943203,0.0,0.0,0.0
7,9,0.0,0.0,0.0,0.056797,0.0,0.0,0.0,0.0,0.0,0.943203,0.0,0.0,0.0
7,9,0.0,0.0,0.0,0.056797,0.0,0.0,0.0,0.0,0.0,0.943203,0.0,0.0,0.0
7,9,0.0,0.0,0.0,0.056797,0.0,0.0,0.0,0.0,0.0,0.943203,0.0,0.0,0.0
7,9,0.0,0.0,0.0,0.056797,0.0,0.0,0.0,0.0,0.0,0.943203,0.0,0.0,0.0
7,9,0.0,0.0,0.0,0.056797,0.0,0.0,0.0,0.0,0.0,0.943203,0.0,0.0,0.0
7,9,0.0,0.0,0.0,0.056797,0.0,0.0,0.0,0.0,0.0,0.943203,0.0,0.0,0.0
7,9,0.0,0.0,0.0,0.056797,0.0,0.0,0.0,0.0,0.0,0.943203,0.0,0.0,0.0
7,9,0.0,0.0,0.0,0.056797,0.0,0.0,0.0,0.0,0.0,0.943203,0.0,0.0,0.0
7,9,0.0,0.0,0.0,0.056797,0.0,0.0,0.0,0.0,0.0,0.943203,0.0,0.0,0.0
7,9,0.0,0.0,0.0,0.056797,0.0,0.0,0.0,0.0,0.0,0.943203,0.0,0.0,0.0
7,9,0.0,0.0,0.0,0.056797,0.0,0.0,0.0,0.0,0.0,0.943203,0.0,0.0,0.0
7,9,0.0,0.0,0.0,0.056797,0.0,0.0,0.0,0.0,0.0,0.943203,0.0,0.0,0.0
7,9,0.0,0.0,0.0,0.056797,0.0,0.0,0.0,0.0,0.0,0.943203,0.0,0.0,0.0
7,9,0.0,0.0,0.0,0.056797,0.0,0.0,0.0,0.0,0.0,0.943203,0.0,0.0,0.0
7,9,0.0,0.0,0.0,0.056797,0.0,0.0,0.0,0.0,0.0,0.943203,0.0,0.0,0.0
7,9,0.0,0.0,0.0,0.056797,0.0,0.0,0.0,0.0,0.0,0.943203,0.0,0.0,0.0
7,9,0.0,0.0,0.0,0.056797,0.0,0.0,0.0,0.0,0.0,0.943203,0.0,0.0,0.0
7,9,0.0,0.0,0.0,0.056797,0.0,0.0,0.0,0.0,0.0,0.943203,0.0,0.0,0.0
7,9,0.0,0.0,0.0,0.056797,0.0,0.0,0.0,0.0,0.0,0.943203,0.0,0.0,0.0
7,9,0.0,0.0,0.0,0.056797,0.0,0.0,0.0,0.0,0.0,0.943203,0.0,0.0,0.0
7,9,0.0,0.0,0.0,0.0,0.0,0.0,0.0,0.0,0.0,1.0,0.0,0.0,0.0
7,9,0.0,0.0,0.0,0.0,0.0,0.0,0.0,0.0,0.0,1.0,0.0,0.0,0.0
7,9,0.0,0.0,0.0,0.0,0.0,0.0,0.0,0.0,0.0,1.0,0.0,0.0,0.0
7,9,0.0,0.0,0.0,0.0,0.0,0.0,0.0,0.0,0.0,1.0,0.0,0.0,0.0
7,9,0.0,0.0,0.0,0.0,0.0,0.0,0.0,0.0,0.0,1.0,0.0,0.0,0.0
7,9,0.0,0.0,0.0,0.0,0.0,0.0,0.0,0.0,0.0,1.0,0.0,0.0,0.0
7,9,0.0,0.0,0.0,0.0,0.0,0.0,0.0,0.0,0.0,1.0,0.0,0.0,0.0
7,9,0.0,0.0,0.0,0.0,0.0,0.0,0.0,0.0,0.0,1.0,0.0,0.0,0.0
7,9,0.0,0.0,0.0,0.0,0.0,0.0,0.0,0.0,0.0,1.0,0.0,0.0,0.0
7,9,0.0,0.0,0.0,0.0,0.0,0.0,0.0,0.0,0.0,1.0,0.0,0.0,0.0
7,9,0.0,0.0,0.0,0.0,0.0,0.0,0.0,0.0,0.0,1.0,0.0,0.0,0.0
7,9,0.0,0.0,0.0,0.0,0.0,0.0,0.0,0.0,0.0,1.0,0.0,0.0,0.0
7,9,0.0,0.0,0.0,0.0,0.0,0.0,0.0,0.0,0.0,1.0,0.0,0.0,0.0
7,9,0.0,0.0,0.0,0.0,0.0,0.0,0.0,0.0,0.0,1.0,0.0,0.0,0.0
7,9,0.0,0.0,0.0,0.0,0.0,0.0,0.0,0.0,0.0,1.0,0.0,0.0,0.0
7,9,0.0,0.0,0.0,0.0,0.0,0.0,0.0,0.0,0.0,1.0,0.0,0.0,0.0
7,9,0.0,0.0,0.0,0.0,0.0,0.0,0.0,0.0,0.0,1.0,0.0,0.0,0.0
7,9,0.0,0.0,0.0,0.0,0.0,0.0,0.0,0.0,0.0,1.0,0.0,0.0,0.0
7,9,0.0,0.0,0.0,0.0,0.0,0.0,0.0,0.0,0.0,1.0,0.0,0.0,0.0
7,9,0.0,0.0,0.0,0.0,0.0,0.0,0.0,0.0,0.0,1.0,0.0,0.0,0.0
7,9,0.0,0.0,0.0,0.0,0.0,0.0,0.0,0.0,0.0,1.0,0.0,0.0,0.0
7,9,0.0,0.0,0.0,0.0,0.0,0.0,0.0,0.0,0.0,1.0,0.0,0.0,0.0
7,9,0.0,0.0,0.0,0.0,0.0,0.0,0.0,0.0,0.0,1.0,0.0,0.0,0.0
7,9,0.0,0.0,0.0,0.0,0.0,0.0,0.0,0.0,0.0,1.0,0.0,0.0,0.0
7,9,0.0,0.0,0.0,0.0,0.0,0.0,0.0,0.0,0.0,1.0,0.0,0.0,0.0
7,9,0.0,0.0,0.0,0.0,0.0,0.0,0.0,0.0,0.0,1.0,0.0,0.0,0.0
7,9,0.0,0.0,0.0,0.0,0.0,0.0,0.0,0.0,0.0,1.0,0.0,0.0,0.0
7,9,0.0,0.0,0.0,0.0,0.0,0.0,0.0,0.0,0.0,1.0,0.0,0.0,0.0
7,9,0.0,0.0,0.0,0.0,0.0,0.0,0.0,0.0,0.0,1.0,0.0,0.0,0.0
7,9,0.0,0.0,0.0,0.0,0.0,0.0,0.0,0.0,0.0,1.0,0.0,0.0,0.0
7,9,0.0,0.0,0.0,0.0,0.0,0.0,0.0,0.0,0.0,1.0,0.0,0.0,0.0
7,9,0.0,0.0,0.0,0.0,0.0,0.0,0.0,0.0,0.0,1.0,0.0,0.0,0.0
7,9,0.0,0.0,0.0,0.0,0.0,0.0,0.0,0.0,0.0,1.0,0.0,0.0,0.0
7,9,0.0,0.0,0.0,0.0,0.0,0.0,0.0,0.0,0.0,1.0,0.0,0.0,0.0
7,9,0.0,0.0,0.0,0.0,0.0,0.0,0.0,0.0,0.0,1.0,0.0,0.0,0.0
7,9,0.0,0.0,0.0,0.0,0.0,0.0,0.0,0.0,0.0,1.0,0.0,0.0,0.0
7,9,0.0,0.0,0.0,0.0,0.0,0.0,0.0,0.0,0.0,1.0,0.0,0.0,0.0
7,9,0.0,0.0,0.0,0.0,0.0,0.0,0.0,0.0,0.0,1.0,0.0,0.0,0.0
7,9,0.0,0.0,0.0,0.0,0.0,0.0,0.0,0.0,0.0,1.0,0.0,0.0,0.0
7,9,0.0,0.0,0.0,0.0,0.0,0.0,0.0,0.0,0.0,1.0,0.0,0.0,0.0
7,9,0.0,0.0,0.0,0.0,0.0,0.0,0.0,0.0,0.0,1.0,0.0,0.0,0.0
7,9,0.0,0.0,0.0,0.0,0.0,0.0,0.0,0.0,0.0,1.0,0.0,0.0,0.0
7,9,0.0,0.0,0.0,0.0,0.0,0.0,0.0,0.0,0.0,1.0,0.0,0.0,0.0
7,9,0.0,0.0,0.0,0.0,0.0,0.0,0.0,0.0,0.0,1.0,0.0,0.0,0.0
7,9,0.0,0.0,0.0,0.0,0.0,0.0,0.0,0.0,0.0,1.0,0.0,0.0,0.0
7,9,0.0,0.0,0.0,0.0,0.0,0.0,0.0,0.0,0.0,1.0,0.0,0.0,0.0
7,9,0.0,0.0,0.0,0.0,0.0,0.0,0.0,0.0,0.0,1.0,0.0,0.0,0.0
7,9,0.0,0.0,0.0,0.0,0.0,0.0,0.0,0.0,0.0,1.0,0.0,0.0,0.0
7,9,0.0,0.0,0.0,0.0,0.0,0.0,0.0,0.0,0.0,1.0,0.0,0.0,0.0
7,9,0.0,0.0,0.0,0.0,0.0,0.0,0.0,0.0,0.0,1.0,0.0,0.0,0.0
7,9,0.0,0.0,0.0,0.0,0.0,0.0,0.0,0.0,0.0,1.0,0.0,0.0,0.0
7,9,0.0,0.0,0.0,0.0,0.0,0.0,0.0,0.0,0.0,1.0,0.0,0.0,0.0
7,9,0.0,0.0,0.0,0.0,0.0,0.0,0.0,0.0,0.0,1.0,0.0,0.0,0.0
7,9,0.0,0.0,0.0,0.0,0.0,0.0,0.0,0.0,0.0,1.0,0.0,0.0,0.0
7,9,0.0,0.0,0.0,0.0,0.0,0.0,0.0,0.0,0.0,1.0,0.0,0.0,0.0
7,9,0.0,0.0,0.0,0.0,0.0,0.0,0.0,0.0,0.0,1.0,0.0,0.0,0.0
7,9,0.0,0.0,0.0,0.0,0.0,0.0,0.0,0.0,0.0,1.0,0.0,0.0,0.0
7,9,0.0,0.0,0.0,0.0,0.0,0.0,0.0,0.0,0.0,1.0,0.0,0.0,0.0
7,9,0.0,0.0,0.0,0.0,0.0,0.0,0.0,0.0,0.0,1.0,0.0,0.0,0.0
7,9,0.0,0.0,0.0,0.0,0.0,0.0,0.0,0.0,0.0,1.0,0.0,0.0,0.0
7,9,0.0,0.0,0.0,0.0,0.0,0.0,0.0,0.0,0.0,1.0,0.0,0.0,0.0
7,9,0.0,0.0,0.0,0.0,0.0,0.0,0.0,0.0,0.0,1.0,0.0,0.0,0.0
7,9,0.0,0.0,0.0,0.0,0.0,0.0,0.0,0.0,0.0,1.0,0.0,0.0,0.0
7,9,0.0,0.0,0.0,0.0,0.0,0.0,0.0,0.0,0.0,1.0,0.0,0.0,0.0
7,9,0.0,0.0,0.0,0.0,0.0,0.0,0.0,0.0,0.0,1.0,0.0,0.0,0.0
7,9,0.0,0.0,0.0,0.0,0.0,0.0,0.0,0.0,0.0,1.0,0.0,0.0,0.0
7,9,0.0,0.0,0.0,0.0,0.0,0.0,0.0,0.0,0.0,1.0,0.0,0.0,0.0
7,9,0.0,0.0,0.0,0.0,0.0,0.0,0.0,0.0,0.0,1.0,0.0,0.0,0.0
7,9,0.0,0.0,0.0,0.0,0.0,0.0,0.0,0.0,0.0,1.0,0.0,0.0,0.0
7,9,0.0,0.0,0.0,0.0,0.0,0.0,0.0,0.0,0.0,1.0,0.0,0.0,0.0
7,9,0.0,0.0,0.0,0.0,0.0,0.0,0.0,0.0,0.0,1.0,0.0,0.0,0.0
7,9,0.0,0.0,0.0,0.0,0.0,0.0,0.0,0.0,0.0,1.0,0.0,0.0,0.0
7,9,0.0,0.0,0.0,0.0,0.0,0.0,0.0,0.0,0.0,1.0,0.0,0.0,0.0
7,9,0.0,0.0,0.0,0.0,0.0,0.0,0.0,0.0,0.0,1.0,0.0,0.0,0.0
7,9,0.0,0.0,0.0,0.0,0.0,0.0,0.0,0.0,0.0,1.0,0.0,0.0,0.0
7,9,0.0,0.0,0.0,0.0,0.0,0.0,0.0,0.0,0.0,1.0,0.0,0.0,0.0
7,9,0.0,0.0,0.0,0.0,0.0,0.0,0.0,0.0,0.0,1.0,0.0,0.0,0.0
7,9,0.0,0.0,0.0,0.0,0.0,0.0,0.0,0.0,0.0,1.0,0.0,0.0,0.0
7,9,0.0,0.0,0.0,0.0,0.0,0.0,0.0,0.0,0.0,1.0,0.0,0.0,0.0
7,9,0.0,0.0,0.0,0.0,0.0,0.0,0.0,0.0,0.0,1.0,0.0,0.0,0.0
7,9,0.0,0.0,0.0,0.0,0.0,0.0,0.0,0.0,0.0,1.0,0.0,0.0,0.0
7,9,0.0,0.0,0.0,0.0,0.0,0.0,0.0,0.0,0.0,1.0,0.0,0.0,0.0
7,9,0.0,0.0,0.0,0.0,0.0,0.0,0.0,0.0,0.0,1.0,0.0,0.0,0.0
7,9,0.0,0.0,0.0,0.0,0.0,0.0,0.0,0.0,0.0,1.0,0.0,0.0,0.0
7,9,0.0,0.0,0.0,0.0,0.0,0.0,0.0,0.0,0.0,1.0,0.0,0.0,0.0
7,9,0.0,0.0,0.0,0.0,0.0,0.0,0.0,0.0,0.0,1.0,0.0,0.0,0.0
7,9,0.0,0.0,0.0,0.0,0.0,0.0,0.0,0.0,0.0,1.0,0.0,0.0,0.0
7,9,0.0,0.0,0.0,0.0,0.0,0.0,0.0,0.0,0.0,1.0,0.0,0.0,0.0
7,9,0.0,0.0,0.0,0.0,0.0,0.0,0.0,0.0,0.0,1.0,0.0,0.0,0.0
7,9,0.0,0.0,0.0,0.0,0.0,0.0,0.0,0.0,0.0,1.0,0.0,0.0,0.0
7,9,0.0,0.0,0.0,0.0,0.0,0.0,0.0,0.0,0.0,1.0,0.0,0.0,0.0
7,9,0.0,0.0,0.0,0.0,0.0,0.0,0.0,0.0,0.0,1.0,0.0,0.0,0.0
7,9,0.0,0.0,0.0,0.0,0.0,0.0,0.0,0.0,0.0,1.0,0.0,0.0,0.0
7,9,0.0,0.0,0.0,0.0,0.0,0.0,0.0,0.0,0.0,1.0,0.0,0.0,0.0
7,9,0.0,0.0,0.0,0.0,0.0,0.0,0.0,0.0,0.0,1.0,0.0,0.0,0.0
7,9,0.0,0.0,0.0,0.0,0.0,0.0,0.0,0.0,0.0,1.0,0.0,0.0,0.0
7,9,0.0,0.0,0.0,0.0,0.0,0.0,0.0,0.0,0.0,1.0,0.0,0.0,0.0
7,9,0.0,0.0,0.0,0.0,0.0,0.0,0.0,0.0,0.0,1.0,0.0,0.0,0.0
7,9,0.0,0.0,0.0,0.0,0.0,0.0,0.0,0.0,0.0,1.0,0.0,0.0,0.0
7,9,0.0,0.0,0.0,0.0,0.0,0.0,0.0,0.0,0.0,1.0,0.0,0.0,0.0
7,9,0.0,0.0,0.0,0.0,0.0,0.0,0.0,0.0,0.0,1.0,0.0,0.0,0.0
7,9,0.0,0.0,0.0,0.0,0.0,0.0,0.0,0.0,0.0,1.0,0.0,0.0,0.0
7,9,0.0,0.0,0.0,0.0,0.0,0.0,0.0,0.0,0.0,1.0,0.0,0.0,0.0
7,9,0.0,0.0,0.0,0.0,0.0,0.0,0.0,0.0,0.0,1.0,0.0,0.0,0.0
7,9,0.0,0.0,0.0,0.0,0.0,0.0,0.0,0.0,0.0,1.0,0.0,0.0,0.0
7,9,0.0,0.0,0.0,0.0,0.0,0.0,0.0,0.0,0.0,1.0,0.0,0.0,0.0
7,9,0.0,0.0,0.0,0.0,0.0,0.0,0.0,0.0,0.0,1.0,0.0,0.0,0.0
7,9,0.0,0.0,0.0,0.0,0.0,0.0,0.0,0.0,0.0,1.0,0.0,0.0,0.0
7,9,0.0,0.0,0.0,0.0,0.0,0.0,0.0,0.0,0.0,1.0,0.0,0.0,0.0
7,9,0.0,0.0,0.0,0.0,0.0,0.0,0.0,0.0,0.0,1.0,0.0,0.0,0.0
7,9,0.0,0.0,0.0,0.0,0.0,0.0,0.0,0.0,0.0,1.0,0.0,0.0,0.0
7,9,0.0,0.0,0.0,0.0,0.0,0.0,0.0,0.0,0.0,1.0,0.0,0.0,0.0
7,9,0.0,0.0,0.0,0.0,0.0,0.0,0.0,0.0,0.0,1.0,0.0,0.0,0.0
7,9,0.0,0.0,0.0,0.0,0.0,0.0,0.0,0.0,0.0,1.0,0.0,0.0,0.0
7,9,0.0,0.0,0.0,0.0,0.0,0.0,0.0,0.0,0.0,1.0,0.0,0.0,0.0
7,9,0.0,0.0,0.0,0.0,0.0,0.0,0.0,0.0,0.0,1.0,0.0,0.0,0.0
7,9,0.0,0.0,0.0,0.0,0.0,0.0,0.0,0.0,0.0,1.0,0.0,0.0,0.0
7,9,0.0,0.0,0.0,0.0,0.0,0.0,0.0,0.0,0.0,1.0,0.0,0.0,0.0
7,9,0.0,0.0,0.0,0.0,0.0,0.0,0.0,0.0,0.0,1.0,0.0,0.0,0.0
7,9,0.0,0.0,0.0,0.0,0.0,0.0,0.0,0.0,0.0,1.0,0.0,0.0,0.0
7,9,0.0,0.0,0.0,0.0,0.0,0.0,0.0,0.0,0.0,1.0,0.0,0.0,0.0
7,9,0.0,0.0,0.0,0.0,0.0,0.0,0.0,0.0,0.0,1.0,0.0,0.0,0.0
7,9,0.0,0.0,0.0,0.0,0.0,0.0,0.0,0.0,0.0,1.0,0.0,0.0,0.0
7,9,0.0,0.0,0.0,0.0,0.0,0.0,0.0,0.0,0.0,1.0,0.0,0.0,0.0
7,9,0.0,0.0,0.0,0.0,0.0,0.0,0.0,0.0,0.0,1.0,0.0,0.0,0.0
7,9,0.0,0.0,0.0,0.0,0.0,0.0,0.0,0.0,0.0,1.0,0.0,0.0,0.0
7,9,0.0,0.0,0.0,0.0,0.0,0.0,0.0,0.0,0.0,1.0,0.0,0.0,0.0
7,9,0.0,0.0,0.0,0.0,0.0,0.0,0.0,0.0,0.0,1.0,0.0,0.0,0.0
7,9,0.0,0.0,0.0,0.0,0.0,0.0,0.0,0.0,0.0,1.0,0.0,0.0,0.0
7,9,0.0,0.0,0.0,0.0,0.0,0.0,0.0,0.0,0.0,1.0,0.0,0.0,0.0
7,9,0.0,0.0,0.0,0.0,0.0,0.0,0.0,0.0,0.0,1.0,0.0,0.0,0.0
7,9,0.0,0.0,0.0,0.0,0.0,0.0,0.0,0.0,0.0,1.0,0.0,0.0,0.0
7,9,0.0,0.0,0.0,0.0,0.0,0.0,0.0,0.0,0.0,1.0,0.0,0.0,0.0
7,9,0.0,0.0,0.0,0.0,0.0,0.0,0.0,0.0,0.0,1.0,0.0,0.0,0.0
7,9,0.0,0.0,0.0,0.0,0.0,0.0,0.0,0.0,0.0,1.0,0.0,0.0,0.0
7,9,0.0,0.0,0.0,0.0,0.0,0.0,0.0,0.0,0.0,1.0,0.0,0.0,0.0
7,9,0.0,0.0,0.0,0.0,0.0,0.0,0.0,0.0,0.0,1.0,0.0,0.0,0.0
7,9,0.0,0.0,0.0,0.0,0.0,0.0,0.0,0.0,0.0,1.0,0.0,0.0,0.0
7,9,0.0,0.0,0.0,0.0,0.0,0.0,0.0,0.0,0.0,1.0,0.0,0.0,0.0
7,9,0.0,0.0,0.0,0.0,0.0,0.0,0.0,0.0,0.0,1.0,0.0,0.0,0.0
7,9,0.0,0.0,0.0,0.0,0.0,0.0,0.0,0.0,0.0,1.0,0.0,0.0,0.0
7,9,0.0,0.0,0.0,0.0,0.0,0.0,0.0,0.0,0.0,1.0,0.0,0.0,0.0
7,9,0.0,0.0,0.0,0.0,0.0,0.0,0.0,0.0,0.0,1.0,0.0,0.0,0.0
7,9,0.0,0.0,0.0,0.0,0.0,0.0,0.0,0.0,0.0,1.0,0.0,0.0,0.0
7,9,0.0,0.0,0.0,0.0,0.0,0.0,0.0,0.0,0.0,1.0,0.0,0.0,0.0
7,9,0.0,0.0,0.0,0.0,0.0,0.0,0.0,0.0,0.0,1.0,0.0,0.0,0.0
7,9,0.0,0.0,0.0,0.0,0.0,0.0,0.0,0.0,0.0,1.0,0.0,0.0,0.0
7,9,0.0,0.0,0.0,0.0,0.0,0.0,0.0,0.0,0.0,1.0,0.0,0.0,0.0
7,9,0.0,0.0,0.0,0.0,0.0,0.0,0.0,0.0,0.0,1.0,0.0,0.0,0.0
7,9,0.0,0.0,0.0,0.0,0.0,0.0,0.0,0.0,0.0,1.0,0.0,0.0,0.0
7,9,0.0,0.0,0.0,0.0,0.0,0.0,0.0,0.0,0.0,1.0,0.0,0.0,0.0
7,9,0.0,0.0,0.0,0.0,0.0,0.0,0.0,0.0,0.0,1.0,0.0,0.0,0.0
7,9,0.0,0.0,0.0,0.0,0.0,0.0,0.0,0.0,0.0,1.0,0.0,0.0,0.0
7,9,0.0,0.0,0.0,0.0,0.0,0.0,0.0,0.0,0.0,1.0,0.0,0.0,0.0
7,9,0.0,0.0,0.0,0.0,0.0,0.0,0.0,0.0,0.0,1.0,0.0,0.0,0.0
7,9,0.0,0.0,0.0,0.0,0.0,0.0,0.0,0.0,0.0,1.0,0.0,0.0,0.0
7,9,0.0,0.0,0.0,0.0,0.0,0.0,0.0,0.0,0.0,1.0,0.0,0.0,0.0
7,9,0.0,0.0,0.0,0.0,0.0,0.0,0.0,0.0,0.0,1.0,0.0,0.0,0.0
7,9,0.0,0.0,0.0,0.0,0.0,0.0,0.0,0.0,0.0,1.0,0.0,0.0,0.0
7,9,0.0,0.0,0.0,0.0,0.0,0.0,0.0,0.0,0.0,1.0,0.0,0.0,0.0
7,9,0.0,0.0,0.0,0.0,0.0,0.0,0.0,0.0,0.0,1.0,0.0,0.0,0.0
7,9,0.0,0.0,0.0,0.0,0.0,0.0,0.0,0.0,0.0,1.0,0.0,0.0,0.0
7,9,0.0,0.0,0.0,0.0,0.0,0.0,0.0,0.0,0.0,1.0,0.0,0.0,0.0
7,9,0.0,0.0,0.0,0.0,0.0,0.0,0.0,0.0,0.0,1.0,0.0,0.0,0.0
7,9,0.0,0.0,0.0,0.0,0.0,0.0,0.0,0.0,0.0,1.0,0.0,0.0,0.0
7,9,0.0,0.0,0.0,0.0,0.0,0.0,0.0,0.0,0.0,1.0,0.0,0.0,0.0
7,9,0.0,0.0,0.0,0.0,0.0,0.0,0.0,0.0,0.0,1.0,0.0,0.0,0.0
7,9,0.0,0.0,0.0,0.0,0.0,0.0,0.0,0.0,0.0,1.0,0.0,0.0,0.0
7,9,0.0,0.0,0.0,0.0,0.0,0.0,0.0,0.0,0.0,1.0,0.0,0.0,0.0
7,9,0.0,0.0,0.0,0.0,0.0,0.0,0.0,0.0,0.0,1.0,0.0,0.0,0.0
7,9,0.0,0.0,0.0,0.0,0.0,0.0,0.0,0.0,0.0,1.0,0.0,0.0,0.0
7,9,0.0,0.0,0.0,0.0,0.0,0.0,0.0,0.0,0.0,1.0,0.0,0.0,0.0
7,9,0.0,0.0,0.0,0.0,0.0,0.0,0.0,0.0,0.0,1.0,0.0,0.0,0.0
7,9,0.0,0.0,0.0,0.0,0.0,0.0,0.0,0.0,0.0,1.0,0.0,0.0,0.0
7,9,0.0,0.0,0.0,0.0,0.0,0.0,0.0,0.0,0.0,1.0,0.0,0.0,0.0
7,9,0.0,0.0,0.0,0.0,0.0,0.0,0.0,0.0,0.0,1.0,0.0,0.0,0.0
7,9,0.0,0.0,0.0,0.0,0.0,0.0,0.0,0.0,0.0,1.0,0.0,0.0,0.0
7,9,0.0,0.0,0.0,0.0,0.0,0.0,0.0,0.0,0.0,1.0,0.0,0.0,0.0
7,9,0.0,0.0,0.0,0.0,0.0,0.0,0.0,0.0,0.0,1.0,0.0,0.0,0.0
7,9,0.0,0.0,0.0,0.0,0.0,0.0,0.0,0.0,0.0,1.0,0.0,0.0,0.0
7,9,0.0,0.0,0.0,0.0,0.0,0.0,0.0,0.0,0.0,1.0,0.0,0.0,0.0
7,9,0.0,0.0,0.0,0.0,0.0,0.0,0.0,0.0,0.0,1.0,0.0,0.0,0.0
7,9,0.0,0.0,0.0,0.0,0.0,0.0,0.0,0.0,0.0,1.0,0.0,0.0,0.0
7,9,0.0,0.0,0.0,0.0,0.0,0.0,0.0,0.0,0.0,1.0,0.0,0.0,0.0
7,9,0.0,0.0,0.0,0.0,0.0,0.0,0.0,0.0,0.0,1.0,0.0,0.0,0.0
7,9,0.0,0.0,0.0,0.0,0.0,0.0,0.0,0.0,0.0,1.0,0.0,0.0,0.0
7,9,0.0,0.0,0.0,0.0,0.0,0.0,0.0,0.0,0.0,1.0,0.0,0.0,0.0
7,9,0.0,0.0,0.0,0.0,0.0,0.0,0.0,0.0,0.0,1.0,0.0,0.0,0.0
7,9,0.0,0.0,0.0,0.0,0.0,0.0,0.0,0.0,0.0,1.0,0.0,0.0,0.0
7,9,0.0,0.0,0.0,0.0,0.0,0.0,0.0,0.0,0.0,1.0,0.0,0.0,0.0
7,9,0.0,0.0,0.0,0.0,0.0,0.0,0.0,0.0,0.0,1.0,0.0,0.0,0.0
7,9,0.0,0.0,0.0,0.0,0.0,0.0,0.0,0.0,0.0,1.0,0.0,0.0,0.0
7,9,0.0,0.0,0.0,0.0,0.0,0.0,0.0,0.0,0.0,1.0,0.0,0.0,0.0
7,9,0.0,0.0,0.0,0.0,0.0,0.0,0.0,0.0,0.0,1.0,0.0,0.0,0.0
7,9,0.0,0.0,0.0,0.0,0.0,0.0,0.0,0.0,0.0,1.0,0.0,0.0,0.0
7,9,0.0,0.0,0.0,0.0,0.0,0.0,0.0,0.0,0.0,1.0,0.0,0.0,0.0
7,9,0.0,0.0,0.0,0.0,0.0,0.0,0.0,0.0,0.0,1.0,0.0,0.0,0.0
7,9,0.0,0.0,0.0,0.0,0.0,0.0,0.0,0.0,0.0,1.0,0.0,0.0,0.0
7,9,0.0,0.0,0.0,0.0,0.0,0.0,0.0,0.0,0.0,1.0,0.0,0.0,0.0
7,9,0.0,0.0,0.0,0.0,0.0,0.0,0.0,0.0,0.0,1.0,0.0,0.0,0.0
7,9,0.0,0.0,0.0,0.0,0.0,0.0,0.0,0.0,0.0,1.0,0.0,0.0,0.0
7,9,0.0,0.0,0.0,0.0,0.0,0.0,0.0,0.0,0.0,1.0,0.0,0.0,0.0
7,9,0.0,0.0,0.0,0.0,0.0,0.0,0.0,0.0,0.0,1.0,0.0,0.0,0.0
7,9,0.0,0.0,0.0,0.0,0.0,0.0,0.0,0.0,0.0,1.0,0.0,0.0,0.0
7,9,0.0,0.0,0.0,0.0,0.0,0.0,0.0,0.0,0.0,1.0,0.0,0.0,0.0
7,9,0.0,0.0,0.0,0.0,0.0,0.0,0.0,0.0,0.0,1.0,0.0,0.0,0.0
7,9,0.0,0.0,0.0,0.0,0.0,0.0,0.0,0.0,0.0,1.0,0.0,0.0,0.0
7,9,0.0,0.0,0.0,0.0,0.0,0.0,0.0,0.0,0.0,1.0,0.0,0.0,0.0
7,9,0.0,0.0,0.0,0.0,0.0,0.0,0.0,0.0,0.0,1.0,0.0,0.0,0.0
7,9,0.0,0.0,0.0,0.0,0.0,0.0,0.0,0.0,0.0,1.0,0.0,0.0,0.0
7,9,0.0,0.0,0.0,0.0,0.0,0.0,0.0,0.0,0.0,1.0,0.0,0.0,0.0
7,9,0.0,0.0,0.0,0.0,0.0,0.0,0.0,0.0,0.0,1.0,0.0,0.0,0.0
7,9,0.0,0.0,0.0,0.0,0.0,0.0,0.0,0.0,0.0,1.0,0.0,0.0,0.0
7,9,0.0,0.0,0.0,0.0,0.0,0.0,0.0,0.0,0.0,1.0,0.0,0.0,0.0
7,9,0.0,0.0,0.0,0.0,0.0,0.0,0.0,0.0,0.0,1.0,0.0,0.0,0.0
7,9,0.0,0.0,0.0,0.0,0.0,0.0,0.0,0.0,0.0,1.0,0.0,0.0,0.0
7,9,0.0,0.0,0.0,0.0,0.0,0.0,0.0,0.0,0.0,1.0,0.0,0.0,0.0
7,9,0.0,0.0,0.0,0.0,0.0,0.0,0.0,0.0,0.0,1.0,0.0,0.0,0.0
7,9,0.0,0.0,0.0,0.0,0.0,0.0,0.0,0.0,0.0,1.0,0.0,0.0,0.0
7,9,0.0,0.0,0.0,0.0,0.0,0.0,0.0,0.0,0.0,1.0,0.0,0.0,0.0
7,9,0.0,0.0,0.0,0.0,0.0,0.0,0.0,0.0,0.0,1.0,0.0,0.0,0.0
7,9,0.0,0.0,0.0,0.0,0.0,0.0,0.0,0.0,0.0,1.0,0.0,0.0,0.0
7,9,0.0,0.0,0.0,0.0,0.0,0.0,0.0,0.0,0.0,1.0,0.0,0.0,0.0
7,9,0.0,0.0,0.0,0.0,0.0,0.0,0.0,0.0,0.0,1.0,0.0,0.0,0.0
7,9,0.0,0.0,0.0,0.0,0.0,0.0,0.0,0.0,0.0,1.0,0.0,0.0,0.0
7,9,0.0,0.0,0.0,0.0,0.0,0.0,0.0,0.0,0.0,1.0,0.0,0.0,0.0
7,9,0.0,0.0,0.0,0.0,0.0,0.0,0.0,0.0,0.0,1.0,0.0,0.0,0.0
7,9,0.0,0.0,0.0,0.0,0.0,0.0,0.0,0.0,0.0,1.0,0.0,0.0,0.0
7,9,0.0,0.0,0.0,0.0,0.0,0.0,0.0,0.0,0.0,1.0,0.0,0.0,0.0
7,9,0.0,0.0,0.0,0.0,0.0,0.0,0.0,0.0,0.0,1.0,0.0,0.0,0.0
7,9,0.0,0.0,0.0,0.0,0.0,0.0,0.0,0.0,0.0,1.0,0.0,0.0,0.0
7,9,0.0,0.0,0.0,0.0,0.0,0.0,0.0,0.0,0.0,1.0,0.0,0.0,0.0
7,9,0.0,0.0,0.0,0.0,0.0,0.0,0.0,0.0,0.0,1.0,0.0,0.0,0.0
7,9,0.0,0.0,0.0,0.0,0.0,0.0,0.0,0.0,0.0,1.0,0.0,0.0,0.0
7,9,0.0,0.0,0.0,0.0,0.0,0.0,0.0,0.0,0.0,1.0,0.0,0.0,0.0
7,9,0.0,0.0,0.0,0.0,0.0,0.0,0.0,0.0,0.0,1.0,0.0,0.0,0.0
7,9,0.0,0.0,0.0,0.0,0.0,0.0,0.0,0.0,0.0,1.0,0.0,0.0,0.0
7,9,0.0,0.0,0.0,0.0,0.0,0.0,0.0,0.0,0.0,1.0,0.0,0.0,0.0
7,9,0.0,0.0,0.0,0.0,0.0,0.0,0.0,0.0,0.0,1.0,0.0,0.0,0.0
7,9,0.0,0.0,0.0,0.0,0.0,0.0,0.0,0.0,0.0,1.0,0.0,0.0,0.0
7,9,0.0,0.0,0.0,0.0,0.0,0.0,0.0,0.0,0.0,1.0,0.0,0.0,0.0
7,9,0.0,0.0,0.0,0.0,0.0,0.0,0.0,0.0,0.0,1.0,0.0,0.0,0.0
7,9,0.0,0.0,0.0,0.0,0.0,0.0,0.0,0.0,0.0,1.0,0.0,0.0,0.0
7,9,0.0,0.0,0.0,0.0,0.0,0.0,0.0,0.0,0.0,1.0,0.0,0.0,0.0
7,9,0.0,0.0,0.0,0.0,0.0,0.0,0.0,0.0,0.0,1.0,0.0,0.0,0.0
7,9,0.0,0.0,0.0,0.0,0.0,0.0,0.0,0.0,0.0,1.0,0.0,0.0,0.0
7,9,0.0,0.0,0.0,0.0,0.0,0.0,0.0,0.0,0.0,1.0,0.0,0.0,0.0
7,9,0.0,0.0,0.0,0.0,0.0,0.0,0.0,0.0,0.0,1.0,0.0,0.0,0.0
7,9,0.0,0.0,0.0,0.0,0.0,0.0,0.0,0.0,0.0,1.0,0.0,0.0,0.0
7,9,0.0,0.0,0.0,0.0,0.0,0.0,0.0,0.0,0.0,1.0,0.0,0.0,0.0
7,9,0.0,0.0,0.0,0.0,0.0,0.0,0.0,0.0,0.0,1.0,0.0,0.0,0.0
7,9,0.0,0.0,0.0,0.0,0.0,0.0,0.0,0.0,0.0,1.0,0.0,0.0,0.0
7,9,0.0,0.0,0.0,0.0,0.0,0.0,0.0,0.0,0.0,1.0,0.0,0.0,0.0
7,9,0.0,0.0,0.0,0.0,0.0,0.0,0.0,0.0,0.0,1.0,0.0,0.0,0.0
7,9,0.0,0.0,0.0,0.0,0.0,0.0,0.0,0.0,0.0,1.0,0.0,0.0,0.0
7,9,0.0,0.0,0.0,0.0,0.0,0.0,0.0,0.0,0.0,1.0,0.0,0.0,0.0
7,9,0.0,0.0,0.0,0.0,0.0,0.0,0.0,0.0,0.0,1.0,0.0,0.0,0.0
7,9,0.0,0.0,0.0,0.0,0.0,0.0,0.0,0.0,0.0,1.0,0.0,0.0,0.0
7,9,0.0,0.0,0.0,0.0,0.0,0.0,0.0,0.0,0.0,1.0,0.0,0.0,0.0
7,9,0.0,0.0,0.0,0.0,0.0,0.0,0.0,0.0,0.0,1.0,0.0,0.0,0.0
7,9,0.0,0.0,0.0,0.0,0.0,0.0,0.0,0.0,0.0,1.0,0.0,0.0,0.0
7,9,0.0,0.0,0.0,0.0,0.0,0.0,0.0,0.0,0.0,1.0,0.0,0.0,0.0
7,9,0.0,0.0,0.0,0.0,0.0,0.0,0.0,0.0,0.0,1.0,0.0,0.0,0.0
7,9,0.0,0.0,0.0,0.0,0.0,0.0,0.0,0.0,0.0,1.0,0.0,0.0,0.0
7,9,0.0,0.0,0.0,0.0,0.0,0.0,0.0,0.0,0.0,1.0,0.0,0.0,0.0
7,9,0.0,0.0,0.0,0.0,0.0,0.0,0.0,0.0,0.0,1.0,0.0,0.0,0.0
7,9,0.0,0.0,0.0,0.0,0.0,0.0,0.0,0.0,0.0,1.0,0.0,0.0,0.0
7,9,0.0,0.0,0.0,0.0,0.0,0.0,0.0,0.0,0.0,1.0,0.0,0.0,0.0
7,9,0.0,0.0,0.0,0.0,0.0,0.0,0.0,0.0,0.0,1.0,0.0,0.0,0.0
7,9,0.0,0.0,0.0,0.0,0.0,0.0,0.0,0.0,0.0,1.0,0.0,0.0,0.0
7,9,0.0,0.0,0.0,0.0,0.0,0.0,0.0,0.0,0.0,1.0,0.0,0.0,0.0
7,9,0.0,0.0,0.0,0.0,0.0,0.0,0.0,0.0,0.0,1.0,0.0,0.0,0.0
7,9,0.0,0.0,0.0,0.0,0.0,0.0,0.0,0.0,0.0,1.0,0.0,0.0,0.0
7,9,0.0,0.0,0.0,0.0,0.0,0.0,0.0,0.0,0.0,1.0,0.0,0.0,0.0
7,9,0.0,0.0,0.0,0.0,0.0,0.0,0.0,0.0,0.0,1.0,0.0,0.0,0.0
7,9,0.0,0.0,0.0,0.0,0.0,0.0,0.0,0.0,0.0,1.0,0.0,0.0,0.0
7,9,0.0,0.0,0.0,0.0,0.0,0.0,0.0,0.0,0.0,1.0,0.0,0.0,0.0
7,9,0.0,0.0,0.0,0.0,0.0,0.0,0.0,0.0,0.0,1.0,0.0,0.0,0.0
7,9,0.0,0.0,0.0,0.0,0.0,0.0,0.0,0.0,0.0,1.0,0.0,0.0,0.0
7,9,0.0,0.0,0.0,0.0,0.0,0.0,0.0,0.0,0.0,1.0,0.0,0.0,0.0
7,9,0.0,0.0,0.0,0.0,0.0,0.0,0.0,0.0,0.0,1.0,0.0,0.0,0.0
7,9,0.0,0.0,0.0,0.0,0.0,0.0,0.0,0.0,0.0,1.0,0.0,0.0,0.0
7,9,0.0,0.0,0.0,0.0,0.0,0.0,0.0,0.0,0.0,1.0,0.0,0.0,0.0
7,9,0.0,0.0,0.0,0.0,0.0,0.0,0.0,0.0,0.0,1.0,0.0,0.0,0.0
7,9,0.0,0.0,0.0,0.0,0.0,0.0,0.0,0.0,0.0,1.0,0.0,0.0,0.0
7,9,0.0,0.0,0.0,0.0,0.0,0.0,0.0,0.0,0.0,1.0,0.0,0.0,0.0
7,9,0.0,0.0,0.0,0.0,0.0,0.0,0.0,0.0,0.0,1.0,0.0,0.0,0.0
7,9,0.0,0.0,0.0,0.0,0.0,0.0,0.0,0.0,0.0,1.0,0.0,0.0,0.0
7,9,0.0,0.0,0.0,0.0,0.0,0.0,0.0,0.0,0.0,1.0,0.0,0.0,0.0
7,9,0.0,0.0,0.0,0.0,0.0,0.0,0.0,0.0,0.0,1.0,0.0,0.0,0.0
7,9,0.0,0.0,0.0,0.0,0.0,0.0,0.0,0.0,0.0,1.0,0.0,0.0,0.0
7,9,0.0,0.0,0.0,0.0,0.0,0.0,0.0,0.0,0.0,1.0,0.0,0.0,0.0
7,9,0.0,0.0,0.0,0.0,0.0,0.0,0.0,0.0,0.0,1.0,0.0,0.0,0.0
7,9,0.0,0.0,0.0,0.0,0.0,0.0,0.0,0.0,0.0,1.0,0.0,0.0,0.0
7,9,0.0,0.0,0.0,0.0,0.0,0.0,0.0,0.0,0.0,1.0,0.0,0.0,0.0
7,9,0.0,0.0,0.0,0.0,0.0,0.0,0.0,0.0,0.0,1.0,0.0,0.0,0.0
7,9,0.0,0.0,0.0,0.0,0.0,0.0,0.0,0.0,0.0,1.0,0.0,0.0,0.0
7,9,0.0,0.0,0.0,0.0,0.0,0.0,0.0,0.0,0.0,1.0,0.0,0.0,0.0
7,9,0.0,0.0,0.0,0.0,0.0,0.0,0.0,0.0,0.0,1.0,0.0,0.0,0.0
7,9,0.0,0.0,0.0,0.0,0.0,0.0,0.0,0.0,0.0,1.0,0.0,0.0,0.0
7,9,0.0,0.0,0.0,0.0,0.0,0.0,0.0,0.0,0.0,1.0,0.0,0.0,0.0
7,9,0.0,0.0,0.0,0.0,0.0,0.0,0.0,0.0,0.0,1.0,0.0,0.0,0.0
7,9,0.0,0.0,0.0,0.0,0.0,0.0,0.0,0.0,0.0,1.0,0.0,0.0,0.0
7,9,0.0,0.0,0.0,0.0,0.0,0.0,0.0,0.0,0.0,1.0,0.0,0.0,0.0
7,9,0.0,0.0,0.0,0.0,0.0,0.0,0.0,0.0,0.0,1.0,0.0,0.0,0.0
7,9,0.0,0.0,0.0,0.0,0.0,0.0,0.0,0.0,0.0,1.0,0.0,0.0,0.0
7,9,0.0,0.0,0.0,0.0,0.0,0.0,0.0,0.0,0.0,1.0,0.0,0.0,0.0
7,9,0.0,0.0,0.0,0.0,0.0,0.0,0.0,0.0,0.0,1.0,0.0,0.0,0.0
7,9,0.0,0.0,0.0,0.0,0.0,0.0,0.0,0.0,0.0,1.0,0.0,0.0,0.0
7,9,0.0,0.0,0.0,0.0,0.0,0.0,0.0,0.0,0.0,1.0,0.0,0.0,0.0
7,9,0.0,0.0,0.0,0.0,0.0,0.0,0.0,0.0,0.0,1.0,0.0,0.0,0.0
7,9,0.0,0.0,0.0,0.0,0.0,0.0,0.0,0.0,0.0,1.0,0.0,0.0,0.0
7,9,0.0,0.0,0.0,0.0,0.0,0.0,0.0,0.0,0.0,1.0,0.0,0.0,0.0
7,9,0.0,0.0,0.0,0.0,0.0,0.0,0.0,0.0,0.0,1.0,0.0,0.0,0.0
7,9,0.0,0.0,0.0,0.0,0.0,0.0,0.0,0.0,0.0,1.0,0.0,0.0,0.0
7,9,0.0,0.0,0.0,0.0,0.0,0.0,0.0,0.0,0.0,1.0,0.0,0.0,0.0
7,9,0.0,0.0,0.0,0.0,0.0,0.0,0.0,0.0,0.0,1.0,0.0,0.0,0.0
7,9,0.0,0.0,0.0,0.0,0.0,0.0,0.0,0.0,0.0,1.0,0.0,0.0,0.0
7,9,0.0,0.0,0.0,0.0,0.0,0.0,0.0,0.0,0.0,1.0,0.0,0.0,0.0
7,9,0.0,0.0,0.0,0.0,0.0,0.0,0.0,0.0,0.0,1.0,0.0,0.0,0.0
7,9,0.0,0.0,0.0,0.0,0.0,0.0,0.0,0.0,0.0,1.0,0.0,0.0,0.0
7,9,0.0,0.0,0.0,0.0,0.0,0.0,0.0,0.0,0.0,1.0,0.0,0.0,0.0
7,9,0.0,0.0,0.0,0.0,0.0,0.0,0.0,0.0,0.0,1.0,0.0,0.0,0.0
7,9,0.0,0.0,0.0,0.0,0.0,0.0,0.0,0.0,0.0,1.0,0.0,0.0,0.0
7,9,0.0,0.0,0.0,0.0,0.0,0.0,0.0,0.0,0.0,1.0,0.0,0.0,0.0
7,9,0.0,0.0,0.0,0.0,0.0,0.0,0.0,0.0,0.0,1.0,0.0,0.0,0.0
7,9,0.0,0.0,0.0,0.0,0.0,0.0,0.0,0.0,0.0,1.0,0.0,0.0,0.0
7,9,0.0,0.0,0.0,0.0,0.0,0.0,0.0,0.0,0.0,1.0,0.0,0.0,0.0
7,9,0.0,0.0,0.0,0.0,0.0,0.0,0.0,0.0,0.0,1.0,0.0,0.0,0.0
7,9,0.0,0.0,0.0,0.0,0.0,0.0,0.0,0.0,0.0,1.0,0.0,0.0,0.0
7,9,0.0,0.0,0.0,0.0,0.0,0.0,0.0,0.0,0.0,1.0,0.0,0.0,0.0
7,9,0.0,0.0,0.0,0.0,0.0,0.0,0.0,0.0,0.0,1.0,0.0,0.0,0.0
7,9,0.0,0.0,0.0,0.0,0.0,0.0,0.0,0.0,0.0,1.0,0.0,0.0,0.0
7,9,0.0,0.0,0.0,0.0,0.0,0.0,0.0,0.0,0.0,1.0,0.0,0.0,0.0
7,9,0.0,0.0,0.0,0.0,0.0,0.0,0.0,0.0,0.0,1.0,0.0,0.0,0.0
7,9,0.0,0.0,0.0,0.0,0.0,0.0,0.0,0.0,0.0,1.0,0.0,0.0,0.0
7,9,0.0,0.0,0.0,0.0,0.0,0.0,0.0,0.0,0.0,1.0,0.0,0.0,0.0
7,9,0.0,0.0,0.0,0.0,0.0,0.0,0.0,0.0,0.0,1.0,0.0,0.0,0.0
7,9,0.0,0.0,0.0,0.0,0.0,0.0,0.0,0.0,0.0,1.0,0.0,0.0,0.0
7,9,0.0,0.0,0.0,0.0,0.0,0.0,0.0,0.0,0.0,1.0,0.0,0.0,0.0
7,9,0.0,0.0,0.0,0.0,0.0,0.0,0.0,0.0,0.0,1.0,0.0,0.0,0.0
7,9,0.0,0.0,0.0,0.0,0.0,0.0,0.0,0.07080989,0.0,0.9291901,0.0,0.0,0.0
7,9,0.0,0.0,0.0,0.0,0.0,0.0,0.0,0.07080989,0.0,0.9291901,0.0,0.0,0.0
7,9,0.0,0.0,0.0,0.0,0.0,0.0,0.0,0.07080989,0.0,0.9291901,0.0,0.0,0.0
7,9,0.0,0.0,0.0,0.0,0.0,0.0,0.0,0.07080989,0.0,0.9291901,0.0,0.0,0.0
7,9,0.0,0.0,0.0,0.0,0.0,0.0,0.0,0.07080989,0.0,0.9291901,0.0,0.0,0.0
7,9,0.0,0.0,0.0,0.0,0.0,0.0,0.0,0.07080989,0.0,0.9291901,0.0,0.0,0.0
7,9,0.0,0.0,0.0,0.0,0.0,0.0,0.0,0.07080989,0.0,0.9291901,0.0,0.0,0.0
7,9,0.0,0.0,0.0,0.0,0.0,0.0,0.0,0.07080989,0.0,0.9291901,0.0,0.0,0.0
7,9,0.0,0.0,0.0,0.0,0.0,0.0,0.0,0.07080989,0.0,0.9291901,0.0,0.0,0.0
7,9,0.0,0.0,0.0,0.0,0.0,0.0,0.0,0.07080989,0.0,0.9291901,0.0,0.0,0.0
7,9,0.0,0.0,0.0,0.0,0.0,0.0,0.0,0.07080989,0.0,0.9291901,0.0,0.0,0.0
7,9,0.0,0.0,0.0,0.0,0.0,0.0,0.0,0.07080989,0.0,0.9291901,0.0,0.0,0.0
7,9,0.0,0.0,0.0,0.0,0.0,0.0,0.0,0.07080989,0.0,0.9291901,0.0,0.0,0.0
7,9,0.0,0.0,0.0,0.0,0.0,0.0,0.0,0.07080989,0.0,0.9291901,0.0,0.0,0.0
7,9,0.0,0.0,0.0,0.0,0.0,0.0,0.0,0.07080989,0.0,0.9291901,0.0,0.0,0.0
7,9,0.0,0.0,0.0,0.0,0.0,0.0,0.0,0.07080989,0.0,0.9291901,0.0,0.0,0.0
7,9,0.0,0.0,0.0,0.0,0.0,0.0,0.0,0.07080989,0.0,0.9291901,0.0,0.0,0.0
7,9,0.0,0.0,0.0,0.0,0.0,0.0,0.0,0.07080989,0.0,0.9291901,0.0,0.0,0.0
7,9,0.0,0.0,0.0,0.0,0.0,0.0,0.0,0.07080989,0.0,0.9291901,0.0,0.0,0.0
7,9,0.0,0.0,0.0,0.0,0.0,0.0,0.0,0.07080989,0.0,0.9291901,0.0,0.0,0.0
7,9,0.0,0.0,0.0,0.0,0.0,0.0,0.0,0.07080989,0.0,0.9291901,0.0,0.0,0.0
7,9,0.0,0.0,0.0,0.0,0.0,0.0,0.0,0.07080989,0.0,0.9291901,0.0,0.0,0.0
7,9,0.0,0.0,0.0,0.0,0.0,0.0,0.0,0.07080989,0.0,0.9291901,0.0,0.0,0.0
7,9,0.0,0.0,0.0,0.0,0.0,0.0,0.0,0.07080989,0.0,0.9291901,0.0,0.0,0.0
7,9,0.0,0.0,0.0,0.0,0.0,0.0,0.0,0.07080989,0.0,0.9291901,0.0,0.0,0.0
7,9,0.0,0.0,0.0,0.0,0.0,0.0,0.0,0.07080989,0.0,0.9291901,0.0,0.0,0.0
7,9,0.0,0.0,0.0,0.0,0.0,0.0,0.0,0.07080989,0.0,0.9291901,0.0,0.0,0.0
7,9,0.0,0.0,0.0,0.0,0.0,0.0,0.0,0.07080989,0.0,0.9291901,0.0,0.0,0.0
7,9,0.0,0.0,0.0,0.0,0.0,0.0,0.0,0.07080989,0.0,0.9291901,0.0,0.0,0.0
7,9,0.0,0.0,0.0,0.0,0.0,0.0,0.0,0.07080989,0.0,0.9291901,0.0,0.0,0.0
7,9,0.0,0.0,0.0,0.0,0.0,0.0,0.0,0.07080989,0.0,0.9291901,0.0,0.0,0.0
7,9,0.0,0.0,0.0,0.0,0.0,0.0,0.0,0.07080989,0.0,0.9291901,0.0,0.0,0.0
7,9,0.0,0.0,0.0,0.0,0.0,0.0,0.0,0.07080989,0.0,0.9291901,0.0,0.0,0.0
7,9,0.0,0.0,0.0,0.0,0.0,0.0,0.0,0.07080989,0.0,0.9291901,0.0,0.0,0.0
7,9,0.0,0.0,0.0,0.0,0.0,0.0,0.0,0.07080989,0.0,0.9291901,0.0,0.0,0.0
7,9,0.0,0.0,0.0,0.0,0.0,0.0,0.0,0.07080989,0.0,0.9291901,0.0,0.0,0.0
7,9,0.0,0.0,0.0,0.0,0.0,0.0,0.0,0.07080989,0.0,0.9291901,0.0,0.0,0.0
7,9,0.0,0.0,0.0,0.0,0.0,0.0,0.0,0.07080989,0.0,0.9291901,0.0,0.0,0.0
7,9,0.0,0.0,0.0,0.0,0.0,0.0,0.0,0.07080989,0.0,0.9291901,0.0,0.0,0.0
7,9,0.0,0.0,0.0,0.0,0.0,0.0,0.0,0.07080989,0.0,0.9291901,0.0,0.0,0.0
7,9,0.0,0.0,0.0,0.0,0.0,0.0,0.0,0.07080989,0.0,0.9291901,0.0,0.0,0.0
7,9,0.0,0.0,0.0,0.0,0.0,0.0,0.0,0.07080989,0.0,0.9291901,0.0,0.0,0.0
7,9,0.0,0.0,0.0,0.0,0.0,0.0,0.0,0.07080989,0.0,0.9291901,0.0,0.0,0.0
7,9,0.0,0.0,0.0,0.0,0.0,0.0,0.0,0.07080989,0.0,0.9291901,0.0,0.0,0.0
7,9,0.0,0.0,0.0,0.0,0.0,0.0,0.0,0.07080989,0.0,0.9291901,0.0,0.0,0.0
7,9,0.0,0.0,0.0,0.0,0.0,0.0,0.0,0.07080989,0.0,0.9291901,0.0,0.0,0.0
7,9,0.0,0.0,0.0,0.0,0.0,0.0,0.0,0.07080989,0.0,0.9291901,0.0,0.0,0.0
7,9,0.0,0.0,0.0,0.0,0.0,0.0,0.0,0.07080989,0.0,0.9291901,0.0,0.0,0.0
7,9,0.0,0.0,0.0,0.0,0.0,0.0,0.0,0.07080989,0.0,0.9291901,0.0,0.0,0.0
7,9,0.0,0.0,0.0,0.0,0.0,0.0,0.0,0.07080989,0.0,0.9291901,0.0,0.0,0.0
7,9,0.0,0.0,0.0,0.0,0.0,0.0,0.0,0.07080989,0.0,0.9291901,0.0,0.0,0.0
7,9,0.0,0.0,0.0,0.0,0.0,0.0,0.0,0.07080989,0.0,0.9291901,0.0,0.0,0.0
7,9,0.0,0.0,0.0,0.0,0.0,0.0,0.0,0.07080989,0.0,0.9291901,0.0,0.0,0.0
7,9,0.0,0.0,0.0,0.0,0.0,0.0,0.0,0.07080989,0.0,0.9291901,0.0,0.0,0.0
7,9,0.0,0.0,0.0,0.0,0.0,0.0,0.0,0.07080989,0.0,0.9291901,0.0,0.0,0.0
7,9,0.0,0.0,0.0,0.0,0.0,0.0,0.0,0.07080989,0.0,0.9291901,0.0,0.0,0.0
7,9,0.0,0.0,0.0,0.0,0.0,0.0,0.0,0.07080989,0.0,0.9291901,0.0,0.0,0.0
7,9,0.0,0.0,0.0,0.0,0.0,0.0,0.0,0.07080989,0.0,0.9291901,0.0,0.0,0.0
7,9,0.0,0.0,0.0,0.0,0.0,0.0,0.0,0.07080989,0.0,0.9291901,0.0,0.0,0.0
7,9,0.0,0.0,0.0,0.0,0.0,0.0,0.0,0.07080989,0.0,0.9291901,0.0,0.0,0.0
7,9,0.0,0.0,0.0,0.0,0.0,0.0,0.0,0.07080989,0.0,0.9291901,0.0,0.0,0.0
7,9,0.0,0.0,0.0,0.0,0.0,0.0,0.0,0.07080989,0.0,0.9291901,0.0,0.0,0.0
7,9,0.0,0.0,0.0,0.0,0.0,0.0,0.0,0.07080989,0.0,0.9291901,0.0,0.0,0.0
7,9,0.0,0.0,0.0,0.0,0.0,0.0,0.0,0.07080989,0.0,0.9291901,0.0,0.0,0.0
7,9,0.0,0.0,0.0,0.0,0.0,0.0,0.0,0.07080989,0.0,0.9291901,0.0,0.0,0.0
7,9,0.0,0.0,0.0,0.0,0.0,0.0,0.0,0.07080989,0.0,0.9291901,0.0,0.0,0.0
7,9,0.0,0.0,0.0,0.0,0.0,0.0,0.0,0.07080989,0.0,0.9291901,0.0,0.0,0.0
7,9,0.0,0.0,0.0,0.0,0.0,0.0,0.0,0.07080989,0.0,0.9291901,0.0,0.0,0.0
7,9,0.0,0.0,0.0,0.0,0.0,0.0,0.0,0.07080989,0.0,0.9291901,0.0,0.0,0.0
7,9,0.0,0.0,0.0,0.0,0.0,0.0,0.0,0.07080989,0.0,0.9291901,0.0,0.0,0.0
7,9,0.0,0.0,0.0,0.0,0.0,0.0,0.0,0.07080989,0.0,0.9291901,0.0,0.0,0.0
7,9,0.0,0.0,0.0,0.0,0.0,0.0,0.0,0.07080989,0.0,0.9291901,0.0,0.0,0.0
7,9,0.0,0.0,0.0,0.0,0.0,0.0,0.0,0.07080989,0.0,0.9291901,0.0,0.0,0.0
7,9,0.0,0.0,0.0,0.0,0.0,0.0,0.0,0.07080989,0.0,0.9291901,0.0,0.0,0.0
7,9,0.0,0.0,0.0,0.0,0.0,0.0,0.0,0.07080989,0.0,0.9291901,0.0,0.0,0.0
7,9,0.0,0.0,0.0,0.0,0.0,0.0,0.0,0.07080989,0.0,0.9291901,0.0,0.0,0.0
7,9,0.0,0.0,0.0,0.0,0.0,0.0,0.0,0.07080989,0.0,0.9291901,0.0,0.0,0.0
7,9,0.0,0.0,0.0,0.0,0.0,0.0,0.0,0.07080989,0.0,0.9291901,0.0,0.0,0.0
7,9,0.0,0.0,0.0,0.0,0.0,0.0,0.0,0.07080989,0.0,0.9291901,0.0,0.0,0.0
7,9,0.0,0.0,0.0,0.0,0.0,0.0,0.0,0.07080989,0.0,0.9291901,0.0,0.0,0.0
7,9,0.0,0.0,0.0,0.0,0.0,0.0,0.0,0.07080989,0.0,0.9291901,0.0,0.0,0.0
7,9,0.0,0.0,0.0,0.0,0.0,0.0,0.0,0.07080989,0.0,0.9291901,0.0,0.0,0.0
7,9,0.0,0.0,0.0,0.0,0.0,0.0,0.0,0.07080989,0.0,0.9291901,0.0,0.0,0.0
7,9,0.0,0.0,0.0,0.0,0.0,0.0,0.0,0.07080989,0.0,0.9291901,0.0,0.0,0.0
7,9,0.0,0.0,0.0,0.0,0.0,0.0,0.0,0.07080989,0.0,0.9291901,0.0,0.0,0.0
7,9,0.0,0.0,0.0,0.0,0.0,0.0,0.0,0.07080989,0.0,0.9291901,0.0,0.0,0.0
7,9,0.0,0.0,0.0,0.0,0.0,0.0,0.0,0.07080989,0.0,0.9291901,0.0,0.0,0.0
7,9,0.0,0.0,0.0,0.0,0.0,0.0,0.0,0.07080989,0.0,0.9291901,0.0,0.0,0.0
7,9,0.0,0.0,0.0,0.0,0.0,0.0,0.0,0.07080989,0.0,0.9291901,0.0,0.0,0.0
7,9,0.0,0.0,0.0,0.0,0.0,0.0,0.0,0.07080989,0.0,0.9291901,0.0,0.0,0.0
7,9,0.0,0.0,0.0,0.0,0.0,0.0,0.0,0.07080989,0.0,0.9291901,0.0,0.0,0.0
7,9,0.0,0.0,0.0,0.0,0.0,0.0,0.0,0.07080989,0.0,0.9291901,0.0,0.0,0.0
7,9,0.0,0.0,0.0,0.0,0.0,0.0,0.0,0.07080989,0.0,0.9291901,0.0,0.0,0.0
7,9,0.0,0.0,0.0,0.0,0.0,0.0,0.0,0.07080989,0.0,0.9291901,0.0,0.0,0.0
7,9,0.0,0.0,0.0,0.0,0.0,0.0,0.0,0.07080989,0.0,0.9291901,0.0,0.0,0.0
7,9,0.0,0.0,0.0,0.0,0.0,0.0,0.0,0.07080989,0.0,0.9291901,0.0,0.0,0.0
7,9,0.0,0.0,0.0,0.0,0.0,0.0,0.0,0.07080989,0.0,0.9291901,0.0,0.0,0.0
7,9,0.0,0.0,0.0,0.0,0.0,0.0,0.0,0.07080989,0.0,0.9291901,0.0,0.0,0.0
7,9,0.0,0.0,0.0,0.0,0.0,0.0,0.0,0.07080989,0.0,0.9291901,0.0,0.0,0.0
7,9,0.0,0.0,0.0,0.0,0.0,0.0,0.0,0.07080989,0.0,0.9291901,0.0,0.0,0.0
7,9,0.0,0.0,0.0,0.0,0.0,0.0,0.0,0.07080989,0.0,0.9291901,0.0,0.0,0.0
7,9,0.0,0.0,0.0,0.0,0.0,0.0,0.0,0.07080989,0.0,0.9291901,0.0,0.0,0.0
7,9,0.0,0.0,0.0,0.0,0.0,0.0,0.0,0.07080989,0.0,0.9291901,0.0,0.0,0.0
7,9,0.0,0.0,0.0,0.0,0.0,0.0,0.0,0.07080989,0.0,0.9291901,0.0,0.0,0.0
7,9,0.0,0.0,0.0,0.0,0.0,0.0,0.0,0.07080989,0.0,0.9291901,0.0,0.0,0.0
7,9,0.0,0.0,0.0,0.0,0.0,0.0,0.0,0.07080989,0.0,0.9291901,0.0,0.0,0.0
7,9,0.0,0.0,0.0,0.0,0.0,0.0,0.0,0.07080989,0.0,0.9291901,0.0,0.0,0.0
7,9,0.0,0.0,0.0,0.0,0.0,0.0,0.0,0.07080989,0.0,0.9291901,0.0,0.0,0.0
7,9,0.0,0.0,0.0,0.0,0.0,0.0,0.0,0.07080989,0.0,0.9291901,0.0,0.0,0.0
7,9,0.0,0.0,0.0,0.0,0.0,0.0,0.0,0.07080989,0.0,0.9291901,0.0,0.0,0.0
7,9,0.0,0.0,0.0,0.0,0.0,0.0,0.0,0.07080989,0.0,0.9291901,0.0,0.0,0.0
7,9,0.0,0.0,0.0,0.0,0.0,0.0,0.0,0.07080989,0.0,0.9291901,0.0,0.0,0.0
7,9,0.0,0.0,0.0,0.0,0.0,0.0,0.0,0.07080989,0.0,0.9291901,0.0,0.0,0.0
7,9,0.0,0.0,0.0,0.0,0.0,0.0,0.0,0.07080989,0.0,0.9291901,0.0,0.0,0.0
7,9,0.0,0.0,0.0,0.0,0.0,0.0,0.0,0.07080989,0.0,0.9291901,0.0,0.0,0.0
7,9,0.0,0.0,0.0,0.0,0.0,0.0,0.0,0.07080989,0.0,0.9291901,0.0,0.0,0.0
7,9,0.0,0.0,0.0,0.0,0.0,0.0,0.0,0.07080989,0.0,0.9291901,0.0,0.0,0.0
7,9,0.0,0.0,0.0,0.0,0.0,0.0,0.0,0.07080989,0.0,0.9291901,0.0,0.0,0.0
7,9,0.0,0.0,0.0,0.0,0.0,0.0,0.0,0.07080989,0.0,0.9291901,0.0,0.0,0.0
7,9,0.0,0.0,0.0,0.0,0.0,0.0,0.0,0.07080989,0.0,0.9291901,0.0,0.0,0.0
7,9,0.0,0.0,0.0,0.0,0.0,0.0,0.0,0.07080989,0.0,0.9291901,0.0,0.0,0.0
7,9,0.0,0.0,0.0,0.0,0.0,0.0,0.0,0.07080989,0.0,0.9291901,0.0,0.0,0.0
7,9,0.0,0.0,0.0,0.0,0.0,0.0,0.0,0.07080989,0.0,0.9291901,0.0,0.0,0.0
7,9,0.0,0.0,0.0,0.0,0.0,0.0,0.0,0.07080989,0.0,0.9291901,0.0,0.0,0.0
7,9,0.0,0.0,0.0,0.0,0.0,0.0,0.0,0.07080989,0.0,0.9291901,0.0,0.0,0.0
7,9,0.0,0.0,0.0,0.0,0.0,0.0,0.0,0.07080989,0.0,0.9291901,0.0,0.0,0.0
7,9,0.0,0.0,0.0,0.0,0.0,0.0,0.0,0.07080989,0.0,0.9291901,0.0,0.0,0.0
7,9,0.0,0.0,0.0,0.0,0.0,0.0,0.0,0.07080989,0.0,0.9291901,0.0,0.0,0.0
7,9,0.0,0.0,0.0,0.0,0.0,0.0,0.0,0.07080989,0.0,0.9291901,0.0,0.0,0.0
7,9,0.0,0.0,0.0,0.0,0.0,0.0,0.0,0.07080989,0.0,0.9291901,0.0,0.0,0.0
7,9,0.0,0.0,0.0,0.0,0.0,0.0,0.0,0.07080989,0.0,0.9291901,0.0,0.0,0.0
7,9,0.0,0.0,0.0,0.0,0.0,0.0,0.0,0.07080989,0.0,0.9291901,0.0,0.0,0.0
7,9,0.0,0.0,0.0,0.0,0.0,0.0,0.0,0.07080989,0.0,0.9291901,0.0,0.0,0.0
7,9,0.0,0.0,0.0,0.0,0.0,0.0,0.0,0.07080989,0.0,0.9291901,0.0,0.0,0.0
7,9,0.0,0.0,0.0,0.0,0.0,0.0,0.0,0.07080989,0.0,0.9291901,0.0,0.0,0.0
7,9,0.0,0.0,0.0,0.0,0.0,0.0,0.0,0.07080989,0.0,0.9291901,0.0,0.0,0.0
7,9,0.0,0.0,0.0,0.0,0.0,0.0,0.0,0.07080989,0.0,0.9291901,0.0,0.0,0.0
7,9,0.0,0.0,0.0,0.0,0.0,0.0,0.0,0.07080989,0.0,0.9291901,0.0,0.0,0.0
7,9,0.0,0.0,0.0,0.0,0.0,0.0,0.0,0.07080989,0.0,0.9291901,0.0,0.0,0.0
7,9,0.0,0.0,0.0,0.0,0.0,0.0,0.0,0.07080989,0.0,0.9291901,0.0,0.0,0.0
7,9,0.0,0.0,0.0,0.0,0.0,0.0,0.0,0.07080989,0.0,0.9291901,0.0,0.0,0.0
7,9,0.0,0.0,0.0,0.0,0.0,0.0,0.0,0.07080989,0.0,0.9291901,0.0,0.0,0.0
7,9,0.0,0.0,0.0,0.0,0.0,0.0,0.0,0.07080989,0.0,0.9291901,0.0,0.0,0.0
7,9,0.0,0.0,0.0,0.0,0.0,0.0,0.0,0.07080989,0.0,0.9291901,0.0,0.0,0.0
7,9,0.0,0.0,0.0,0.0,0.0,0.0,0.0,0.07080989,0.0,0.9291901,0.0,0.0,0.0
7,9,0.0,0.0,0.0,0.0,0.0,0.0,0.0,0.07080989,0.0,0.9291901,0.0,0.0,0.0
7,9,0.0,0.0,0.0,0.0,0.0,0.0,0.0,0.07080989,0.0,0.9291901,0.0,0.0,0.0
7,9,0.0,0.0,0.0,0.0,0.0,0.0,0.0,0.07080989,0.0,0.9291901,0.0,0.0,0.0
7,9,0.0,0.0,0.0,0.0,0.0,0.0,0.0,0.07080989,0.0,0.9291901,0.0,0.0,0.0
7,9,0.0,0.0,0.0,0.0,0.0,0.0,0.0,0.07080989,0.0,0.9291901,0.0,0.0,0.0
7,9,0.0,0.0,0.0,0.0,0.0,0.0,0.0,0.07080989,0.0,0.9291901,0.0,0.0,0.0
7,9,0.0,0.0,0.0,0.0,0.0,0.0,0.0,0.07080989,0.0,0.9291901,0.0,0.0,0.0
7,9,0.0,0.0,0.0,0.0,0.0,0.0,0.0,0.07080989,0.0,0.9291901,0.0,0.0,0.0
7,9,0.0,0.0,0.0,0.0,0.0,0.0,0.0,0.07080989,0.0,0.9291901,0.0,0.0,0.0
7,9,0.0,0.0,0.0,0.0,0.0,0.0,0.0,0.07080989,0.0,0.9291901,0.0,0.0,0.0
7,9,0.0,0.0,0.0,0.0,0.0,0.0,0.0,0.07080989,0.0,0.9291901,0.0,0.0,0.0
7,9,0.0,0.0,0.0,0.0,0.0,0.0,0.0,0.07080989,0.0,0.9291901,0.0,0.0,0.0
7,9,0.0,0.0,0.0,0.0,0.0,0.0,0.0,0.07080989,0.0,0.9291901,0.0,0.0,0.0
7,9,0.0,0.0,0.0,0.0,0.0,0.0,0.0,0.07080989,0.0,0.9291901,0.0,0.0,0.0
7,9,0.0,0.0,0.0,0.0,0.0,0.0,0.0,0.07080989,0.0,0.9291901,0.0,0.0,0.0
7,9,0.0,0.0,0.0,0.0,0.0,0.0,0.0,0.07080989,0.0,0.9291901,0.0,0.0,0.0
7,9,0.0,0.0,0.0,0.0,0.0,0.0,0.0,0.07080989,0.0,0.9291901,0.0,0.0,0.0
7,9,0.0,0.0,0.0,0.0,0.0,0.0,0.0,0.07080989,0.0,0.9291901,0.0,0.0,0.0
7,9,0.0,0.0,0.0,0.0,0.0,0.0,0.0,0.07080989,0.0,0.9291901,0.0,0.0,0.0
7,9,0.0,0.0,0.0,0.0,0.0,0.0,0.0,0.07080989,0.0,0.9291901,0.0,0.0,0.0
7,9,0.0,0.0,0.0,0.0,0.0,0.0,0.0,0.07080989,0.0,0.9291901,0.0,0.0,0.0
7,9,0.0,0.0,0.0,0.0,0.0,0.0,0.0,0.07080989,0.0,0.9291901,0.0,0.0,0.0
7,9,0.0,0.0,0.0,0.0,0.0,0.0,0.0,0.07080989,0.0,0.9291901,0.0,0.0,0.0
7,9,0.0,0.0,0.0,0.0,0.0,0.0,0.0,0.07080989,0.0,0.9291901,0.0,0.0,0.0
7,9,0.0,0.0,0.0,0.0,0.0,0.0,0.0,0.07080989,0.0,0.9291901,0.0,0.0,0.0
7,9,0.0,0.0,0.0,0.0,0.0,0.0,0.0,0.07080989,0.0,0.9291901,0.0,0.0,0.0
7,9,0.0,0.0,0.0,0.0,0.0,0.0,0.0,0.07080989,0.0,0.9291901,0.0,0.0,0.0
7,9,0.0,0.0,0.0,0.0,0.0,0.0,0.0,0.07080989,0.0,0.9291901,0.0,0.0,0.0
7,9,0.0,0.0,0.0,0.0,0.0,0.0,0.0,0.07080989,0.0,0.9291901,0.0,0.0,0.0
7,9,0.0,0.0,0.0,0.0,0.0,0.0,0.0,0.07080989,0.0,0.9291901,0.0,0.0,0.0
7,9,0.0,0.0,0.0,0.0,0.0,0.0,0.0,0.07080989,0.0,0.9291901,0.0,0.0,0.0
7,9,0.0,0.0,0.0,0.0,0.0,0.0,0.0,0.07080989,0.0,0.9291901,0.0,0.0,0.0
7,9,0.0,0.0,0.0,0.0,0.0,0.0,0.0,0.07080989,0.0,0.9291901,0.0,0.0,0.0
7,9,0.0,0.0,0.0,0.0,0.0,0.0,0.0,0.07080989,0.0,0.9291901,0.0,0.0,0.0
7,9,0.0,0.0,0.0,0.0,0.0,0.0,0.0,0.07080989,0.0,0.9291901,0.0,0.0,0.0
7,9,0.0,0.0,0.0,0.0,0.0,0.0,0.0,0.07080989,0.0,0.9291901,0.0,0.0,0.0
7,9,0.0,0.0,0.0,0.0,0.0,0.0,0.0,0.07080989,0.0,0.9291901,0.0,0.0,0.0
7,9,0.0,0.0,0.0,0.0,0.0,0.0,0.0,0.07080989,0.0,0.9291901,0.0,0.0,0.0
7,9,0.0,0.0,0.0,0.0,0.0,0.0,0.0,0.07080989,0.0,0.9291901,0.0,0.0,0.0
7,9,0.0,0.0,0.0,0.0,0.0,0.0,0.0,0.07080989,0.0,0.9291901,0.0,0.0,0.0
7,9,0.0,0.0,0.0,0.0,0.0,0.0,0.0,0.07080989,0.0,0.9291901,0.0,0.0,0.0
7,9,0.0,0.0,0.0,0.0,0.0,0.0,0.0,0.07080989,0.0,0.9291901,0.0,0.0,0.0
7,9,0.0,0.0,0.0,0.0,0.0,0.0,0.0,0.07080989,0.0,0.9291901,0.0,0.0,0.0
7,9,0.0,0.0,0.0,0.0,0.0,0.0,0.0,0.07080989,0.0,0.9291901,0.0,0.0,0.0
7,9,0.0,0.0,0.0,0.0,0.0,0.0,0.0,0.07080989,0.0,0.9291901,0.0,0.0,0.0
7,9,0.0,0.0,0.0,0.0,0.0,0.0,0.0,0.07080989,0.0,0.9291901,0.0,0.0,0.0
7,9,0.0,0.0,0.0,0.0,0.0,0.0,0.0,0.07080989,0.0,0.9291901,0.0,0.0,0.0
7,9,0.0,0.0,0.0,0.0,0.0,0.0,0.0,0.07080989,0.0,0.9291901,0.0,0.0,0.0
7,9,0.0,0.0,0.0,0.0,0.0,0.0,0.0,0.07080989,0.0,0.9291901,0.0,0.0,0.0
7,9,0.0,0.0,0.0,0.0,0.0,0.0,0.0,0.07080989,0.0,0.9291901,0.0,0.0,0.0
7,9,0.0,0.0,0.0,0.0,0.0,0.0,0.0,0.07080989,0.0,0.9291901,0.0,0.0,0.0
7,9,0.0,0.0,0.0,0.0,0.0,0.0,0.0,0.07080989,0.0,0.9291901,0.0,0.0,0.0
7,9,0.0,0.0,0.0,0.0,0.0,0.0,0.0,0.07080989,0.0,0.9291901,0.0,0.0,0.0
7,9,0.0,0.0,0.0,0.0,0.0,0.0,0.0,0.07080989,0.0,0.9291901,0.0,0.0,0.0
7,9,0.0,0.0,0.0,0.0,0.0,0.0,0.0,0.07080989,0.0,0.9291901,0.0,0.0,0.0
7,9,0.0,0.0,0.0,0.0,0.0,0.0,0.0,0.07080989,0.0,0.9291901,0.0,0.0,0.0
7,9,0.0,0.0,0.0,0.0,0.0,0.0,0.0,0.07080989,0.0,0.9291901,0.0,0.0,0.0
7,9,0.0,0.0,0.0,0.0,0.0,0.0,0.0,0.07080989,0.0,0.9291901,0.0,0.0,0.0
7,9,0.0,0.0,0.0,0.0,0.0,0.0,0.0,0.07080989,0.0,0.9291901,0.0,0.0,0.0
7,9,0.0,0.0,0.0,0.0,0.0,0.0,0.0,0.07080989,0.0,0.9291901,0.0,0.0,0.0
7,9,0.0,0.0,0.0,0.0,0.0,0.0,0.0,0.07080989,0.0,0.9291901,0.0,0.0,0.0
7,9,0.0,0.0,0.0,0.0,0.0,0.0,0.0,0.07080989,0.0,0.9291901,0.0,0.0,0.0
7,9,0.0,0.0,0.0,0.0,0.0,0.0,0.0,0.07080989,0.0,0.9291901,0.0,0.0,0.0
7,9,0.0,0.0,0.0,0.0,0.0,0.0,0.0,0.07080989,0.0,0.9291901,0.0,0.0,0.0
7,9,0.0,0.0,0.0,0.0,0.0,0.0,0.0,0.07080989,0.0,0.9291901,0.0,0.0,0.0
7,9,0.0,0.0,0.0,0.0,0.0,0.0,0.0,0.07080989,0.0,0.9291901,0.0,0.0,0.0
7,9,0.0,0.0,0.0,0.0,0.0,0.0,0.0,0.07080989,0.0,0.9291901,0.0,0.0,0.0
7,9,0.0,0.0,0.0,0.0,0.0,0.0,0.0,0.07080989,0.0,0.9291901,0.0,0.0,0.0
7,9,0.0,0.0,0.0,0.0,0.0,0.0,0.0,0.07080989,0.0,0.9291901,0.0,0.0,0.0
7,9,0.0,0.0,0.0,0.0,0.0,0.0,0.0,0.07080989,0.0,0.9291901,0.0,0.0,0.0
7,9,0.0,0.0,0.0,0.0,0.0,0.0,0.0,0.07080989,0.0,0.9291901,0.0,0.0,0.0
7,9,0.0,0.0,0.0,0.0,0.0,0.0,0.0,0.07080989,0.0,0.9291901,0.0,0.0,0.0
7,9,0.0,0.0,0.0,0.0,0.0,0.0,0.0,0.07080989,0.0,0.9291901,0.0,0.0,0.0
7,9,0.0,0.0,0.0,0.0,0.0,0.0,0.0,0.07080989,0.0,0.9291901,0.0,0.0,0.0
7,9,0.0,0.0,0.0,0.0,0.0,0.0,0.0,0.07080989,0.0,0.9291901,0.0,0.0,0.0
7,9,0.0,0.0,0.0,0.0,0.0,0.0,0.0,0.07080989,0.0,0.9291901,0.0,0.0,0.0
7,9,0.0,0.0,0.0,0.0,0.0,0.0,0.0,0.07080989,0.0,0.9291901,0.0,0.0,0.0
7,9,0.0,0.0,0.0,0.0,0.0,0.0,0.0,0.07080989,0.0,0.9291901,0.0,0.0,0.0
7,9,0.0,0.0,0.0,0.0,0.0,0.0,0.0,0.07080989,0.0,0.9291901,0.0,0.0,0.0
7,9,0.0,0.0,0.0,0.0,0.0,0.0,0.0,0.07080989,0.0,0.9291901,0.0,0.0,0.0
7,9,0.0,0.0,0.0,0.0,0.0,0.0,0.0,0.07080989,0.0,0.9291901,0.0,0.0,0.0
7,9,0.0,0.0,0.0,0.0,0.0,0.0,0.0,0.07080989,0.0,0.9291901,0.0,0.0,0.0
7,9,0.0,0.0,0.0,0.0,0.0,0.0,0.0,0.07080989,0.0,0.9291901,0.0,0.0,0.0
7,9,0.0,0.0,0.0,0.0,0.0,0.0,0.0,0.07080989,0.0,0.9291901,0.0,0.0,0.0
7,9,0.0,0.0,0.0,0.0,0.0,0.0,0.0,0.07080989,0.0,0.9291901,0.0,0.0,0.0
7,9,0.0,0.0,0.0,0.0,0.0,0.0,0.0,0.07080989,0.0,0.9291901,0.0,0.0,0.0
7,9,0.0,0.0,0.0,0.0,0.0,0.0,0.0,0.07080989,0.0,0.9291901,0.0,0.0,0.0
7,9,0.0,0.0,0.0,0.0,0.0,0.0,0.0,0.07080989,0.0,0.9291901,0.0,0.0,0.0
7,9,0.0,0.0,0.0,0.0,0.0,0.0,0.0,0.07080989,0.0,0.9291901,0.0,0.0,0.0
7,9,0.0,0.0,0.0,0.0,0.0,0.0,0.0,0.07080989,0.0,0.9291901,0.0,0.0,0.0
7,9,0.0,0.0,0.0,0.0,0.0,0.0,0.0,0.07080989,0.0,0.9291901,0.0,0.0,0.0
7,9,0.0,0.0,0.0,0.0,0.0,0.0,0.0,0.07080989,0.0,0.9291901,0.0,0.0,0.0
7,9,0.0,0.0,0.0,0.0,0.0,0.0,0.0,0.07080989,0.0,0.9291901,0.0,0.0,0.0
7,9,0.0,0.0,0.0,0.0,0.0,0.0,0.0,0.07080989,0.0,0.9291901,0.0,0.0,0.0
7,9,0.0,0.0,0.0,0.0,0.0,0.0,0.0,0.07080989,0.0,0.9291901,0.0,0.0,0.0
7,9,0.0,0.0,0.0,0.0,0.0,0.0,0.0,0.07080989,0.0,0.9291901,0.0,0.0,0.0
7,9,0.0,0.0,0.0,0.0,0.0,0.0,0.0,0.07080989,0.0,0.9291901,0.0,0.0,0.0
7,9,0.0,0.0,0.0,0.0,0.0,0.0,0.0,0.07080989,0.0,0.9291901,0.0,0.0,0.0
7,9,0.0,0.0,0.0,0.0,0.0,0.0,0.0,0.07080989,0.0,0.9291901,0.0,0.0,0.0
7,9,0.0,0.0,0.0,0.0,0.0,0.0,0.0,0.07080989,0.0,0.9291901,0.0,0.0,0.0
7,9,0.0,0.0,0.0,0.0,0.0,0.0,0.0,0.07080989,0.0,0.9291901,0.0,0.0,0.0
7,9,0.0,0.0,0.0,0.0,0.0,0.0,0.0,0.07080989,0.0,0.9291901,0.0,0.0,0.0
7,9,0.0,0.0,0.0,0.0,0.0,0.0,0.0,0.07080989,0.0,0.9291901,0.0,0.0,0.0
7,9,0.0,0.0,0.0,0.0,0.0,0.0,0.0,0.07080989,0.0,0.9291901,0.0,0.0,0.0
7,9,0.0,0.0,0.0,0.0,0.0,0.0,0.0,0.07080989,0.0,0.9291901,0.0,0.0,0.0
7,9,0.0,0.0,0.0,0.0,0.0,0.0,0.0,0.07080989,0.0,0.9291901,0.0,0.0,0.0
7,9,0.0,0.0,0.0,0.0,0.0,0.0,0.0,0.07080989,0.0,0.9291901,0.0,0.0,0.0
7,9,0.0,0.0,0.0,0.0,0.0,0.0,0.0,0.07080989,0.0,0.9291901,0.0,0.0,0.0
7,9,0.0,0.0,0.0,0.0,0.0,0.0,0.0,0.07080989,0.0,0.9291901,0.0,0.0,0.0
7,9,0.0,0.0,0.0,0.0,0.0,0.0,0.0,0.07080989,0.0,0.9291901,0.0,0.0,0.0
7,9,0.0,0.0,0.0,0.0,0.0,0.0,0.0,0.07080989,0.0,0.9291901,0.0,0.0,0.0
7,9,0.0,0.0,0.0,0.0,0.0,0.0,0.0,0.0,0.07080989,0.9291901,0.0,0.0,0.0
7,9,0.0,0.0,0.0,0.0,0.0,0.0,0.0,0.0,0.07080989,0.9291901,0.0,0.0,0.0
7,9,0.0,0.0,0.0,0.0,0.0,0.0,0.0,0.0,0.07080989,0.9291901,0.0,0.0,0.0
7,9,0.0,0.0,0.0,0.0,0.0,0.0,0.0,0.0,0.07080989,0.9291901,0.0,0.0,0.0
7,9,0.0,0.0,0.0,0.0,0.0,0.0,0.0,0.0,0.07080989,0.9291901,0.0,0.0,0.0
7,9,0.0,0.0,0.0,0.0,0.0,0.0,0.0,0.0,0.07080989,0.9291901,0.0,0.0,0.0
7,9,0.0,0.0,0.0,0.0,0.0,0.0,0.0,0.0,0.07080989,0.9291901,0.0,0.0,0.0
7,9,0.0,0.0,0.0,0.0,0.0,0.0,0.0,0.0,0.07080989,0.9291901,0.0,0.0,0.0
7,9,0.0,0.0,0.0,0.0,0.0,0.0,0.0,0.0,0.07080989,0.9291901,0.0,0.0,0.0
7,9,0.0,0.0,0.0,0.0,0.0,0.0,0.0,0.0,0.07080989,0.9291901,0.0,0.0,0.0
7,9,0.0,0.0,0.0,0.0,0.0,0.0,0.0,0.0,0.07080989,0.9291901,0.0,0.0,0.0
7,9,0.0,0.0,0.0,0.0,0.0,0.0,0.0,0.0,0.07080989,0.9291901,0.0,0.0,0.0
7,9,0.0,0.0,0.0,0.0,0.0,0.0,0.0,0.0,0.07080989,0.9291901,0.0,0.0,0.0
7,9,0.0,0.0,0.0,0.0,0.0,0.0,0.0,0.0,0.07080989,0.9291901,0.0,0.0,0.0
7,9,0.0,0.0,0.0,0.0,0.0,0.0,0.0,0.0,0.07080989,0.9291901,0.0,0.0,0.0
7,9,0.0,0.0,0.0,0.0,0.0,0.0,0.0,0.0,0.07080989,0.9291901,0.0,0.0,0.0
7,9,0.0,0.0,0.0,0.0,0.0,0.0,0.0,0.0,0.07080989,0.9291901,0.0,0.0,0.0
7,9,0.0,0.0,0.0,0.0,0.0,0.0,0.0,0.0,0.07080989,0.9291901,0.0,0.0,0.0
7,9,0.0,0.0,0.0,0.0,0.0,0.0,0.0,0.0,0.07080989,0.9291901,0.0,0.0,0.0
7,9,0.0,0.0,0.0,0.0,0.0,0.0,0.0,0.0,0.07080989,0.9291901,0.0,0.0,0.0
7,9,0.0,0.0,0.0,0.0,0.0,0.0,0.0,0.0,0.07080989,0.9291901,0.0,0.0,0.0
7,9,0.0,0.0,0.0,0.0,0.0,0.0,0.0,0.0,0.07080989,0.9291901,0.0,0.0,0.0
7,9,0.0,0.0,0.0,0.0,0.0,0.0,0.0,0.0,0.07080989,0.9291901,0.0,0.0,0.0
7,9,0.0,0.0,0.0,0.0,0.0,0.0,0.0,0.0,0.07080989,0.9291901,0.0,0.0,0.0
7,9,0.0,0.0,0.0,0.0,0.0,0.0,0.0,0.0,0.07080989,0.9291901,0.0,0.0,0.0
7,9,0.0,0.0,0.0,0.0,0.0,0.0,0.0,0.0,0.07080989,0.9291901,0.0,0.0,0.0
7,9,0.0,0.0,0.0,0.0,0.0,0.0,0.0,0.0,0.07080989,0.9291901,0.0,0.0,0.0
7,9,0.0,0.0,0.0,0.0,0.0,0.0,0.0,0.0,0.07080989,0.9291901,0.0,0.0,0.0
7,9,0.0,0.0,0.0,0.0,0.0,0.0,0.0,0.0,0.07080989,0.9291901,0.0,0.0,0.0
7,9,0.0,0.0,0.0,0.0,0.0,0.0,0.0,0.0,0.07080989,0.9291901,0.0,0.0,0.0
7,9,0.0,0.0,0.0,0.0,0.0,0.0,0.0,0.0,0.07080989,0.9291901,0.0,0.0,0.0
7,9,0.0,0.0,0.0,0.0,0.0,0.0,0.0,0.0,0.07080989,0.9291901,0.0,0.0,0.0
7,9,0.0,0.0,0.0,0.0,0.0,0.0,0.0,0.0,0.07080989,0.9291901,0.0,0.0,0.0
7,9,0.0,0.0,0.0,0.0,0.0,0.0,0.0,0.0,0.07080989,0.9291901,0.0,0.0,0.0
7,9,0.0,0.0,0.0,0.0,0.0,0.0,0.0,0.0,0.07080989,0.9291901,0.0,0.0,0.0
7,9,0.0,0.0,0.0,0.0,0.0,0.0,0.0,0.0,0.07080989,0.9291901,0.0,0.0,0.0
7,9,0.0,0.0,0.0,0.0,0.0,0.0,0.0,0.0,0.07080989,0.9291901,0.0,0.0,0.0
7,9,0.0,0.0,0.0,0.0,0.0,0.0,0.0,0.0,0.07080989,0.9291901,0.0,0.0,0.0
7,9,0.0,0.0,0.0,0.0,0.0,0.0,0.0,0.0,0.07080989,0.9291901,0.0,0.0,0.0
7,9,0.0,0.0,0.0,0.0,0.0,0.0,0.0,0.0,0.07080989,0.9291901,0.0,0.0,0.0
7,9,0.0,0.0,0.0,0.0,0.0,0.0,0.0,0.0,0.07080989,0.9291901,0.0,0.0,0.0
7,9,0.0,0.0,0.0,0.0,0.0,0.0,0.0,0.0,0.07080989,0.9291901,0.0,0.0,0.0
7,9,0.0,0.0,0.0,0.0,0.0,0.0,0.0,0.0,0.07080989,0.9291901,0.0,0.0,0.0
7,9,0.0,0.0,0.0,0.0,0.0,0.0,0.0,0.0,0.07080989,0.9291901,0.0,0.0,0.0
7,9,0.0,0.0,0.0,0.0,0.0,0.0,0.0,0.0,0.07080989,0.9291901,0.0,0.0,0.0
7,9,0.0,0.0,0.0,0.0,0.0,0.0,0.0,0.0,0.07080989,0.9291901,0.0,0.0,0.0
7,9,0.0,0.0,0.0,0.0,0.0,0.0,0.0,0.0,0.07080989,0.9291901,0.0,0.0,0.0
7,9,0.0,0.0,0.0,0.0,0.0,0.0,0.0,0.0,0.07080989,0.9291901,0.0,0.0,0.0
7,9,0.0,0.0,0.0,0.0,0.0,0.0,0.0,0.0,0.07080989,0.9291901,0.0,0.0,0.0
7,9,0.0,0.0,0.0,0.0,0.0,0.0,0.0,0.0,0.07080989,0.9291901,0.0,0.0,0.0
7,9,0.0,0.0,0.0,0.0,0.0,0.0,0.0,0.0,0.07080989,0.9291901,0.0,0.0,0.0
7,9,0.0,0.0,0.0,0.0,0.0,0.0,0.0,0.0,0.07080989,0.9291901,0.0,0.0,0.0
7,9,0.0,0.0,0.0,0.0,0.0,0.0,0.0,0.0,0.07080989,0.9291901,0.0,0.0,0.0
7,9,0.0,0.0,0.0,0.0,0.0,0.0,0.0,0.0,0.07080989,0.9291901,0.0,0.0,0.0
7,9,0.0,0.0,0.0,0.0,0.0,0.0,0.0,0.0,0.07080989,0.9291901,0.0,0.0,0.0
7,9,0.0,0.0,0.0,0.0,0.0,0.0,0.0,0.0,0.07080989,0.9291901,0.0,0.0,0.0
7,9,0.0,0.0,0.0,0.0,0.0,0.0,0.0,0.0,0.07080989,0.9291901,0.0,0.0,0.0
7,9,0.0,0.0,0.0,0.0,0.0,0.0,0.0,0.0,0.07080989,0.9291901,0.0,0.0,0.0
7,9,0.0,0.0,0.0,0.0,0.0,0.0,0.0,0.0,0.07080989,0.9291901,0.0,0.0,0.0
7,9,0.0,0.0,0.0,0.0,0.0,0.0,0.0,0.0,0.07080989,0.9291901,0.0,0.0,0.0
7,9,0.0,0.0,0.0,0.0,0.0,0.0,0.0,0.0,0.07080989,0.9291901,0.0,0.0,0.0
7,9,0.0,0.0,0.0,0.0,0.0,0.0,0.0,0.0,0.07080989,0.9291901,0.0,0.0,0.0
7,9,0.0,0.0,0.0,0.0,0.0,0.0,0.0,0.0,0.07080989,0.9291901,0.0,0.0,0.0
7,9,0.0,0.0,0.0,0.0,0.0,0.0,0.0,0.0,0.07080989,0.9291901,0.0,0.0,0.0
7,9,0.0,0.0,0.0,0.0,0.0,0.0,0.0,0.0,0.07080989,0.9291901,0.0,0.0,0.0
7,9,0.0,0.0,0.0,0.0,0.0,0.0,0.0,0.0,0.07080989,0.9291901,0.0,0.0,0.0
7,9,0.0,0.0,0.0,0.0,0.0,0.0,0.0,0.0,0.07080989,0.9291901,0.0,0.0,0.0
7,9,0.0,0.0,0.0,0.0,0.0,0.0,0.0,0.0,0.07080989,0.9291901,0.0,0.0,0.0
7,9,0.0,0.0,0.0,0.0,0.0,0.0,0.0,0.0,0.07080989,0.9291901,0.0,0.0,0.0
7,9,0.0,0.0,0.0,0.0,0.0,0.0,0.0,0.0,0.07080989,0.9291901,0.0,0.0,0.0
7,9,0.0,0.0,0.0,0.0,0.0,0.0,0.0,0.0,0.07080989,0.9291901,0.0,0.0,0.0
7,9,0.0,0.0,0.0,0.0,0.0,0.0,0.0,0.0,0.07080989,0.9291901,0.0,0.0,0.0
7,9,0.0,0.0,0.0,0.0,0.0,0.0,0.0,0.0,0.07080989,0.9291901,0.0,0.0,0.0
7,9,0.0,0.0,0.0,0.0,0.0,0.0,0.0,0.0,0.07080989,0.9291901,0.0,0.0,0.0
7,9,0.0,0.0,0.0,0.0,0.0,0.0,0.0,0.0,0.07080989,0.9291901,0.0,0.0,0.0
7,9,0.0,0.0,0.0,0.0,0.0,0.0,0.0,0.0,0.07080989,0.9291901,0.0,0.0,0.0
7,9,0.0,0.0,0.0,0.0,0.0,0.0,0.0,0.0,0.07080989,0.9291901,0.0,0.0,0.0
7,9,0.0,0.0,0.0,0.0,0.0,0.0,0.0,0.0,0.07080989,0.9291901,0.0,0.0,0.0
7,9,0.0,0.0,0.0,0.0,0.0,0.0,0.0,0.0,0.07080989,0.9291901,0.0,0.0,0.0
7,9,0.0,0.0,0.0,0.0,0.0,0.0,0.0,0.0,0.07080989,0.9291901,0.0,0.0,0.0
7,9,0.0,0.0,0.0,0.0,0.0,0.0,0.0,0.0,0.07080989,0.9291901,0.0,0.0,0.0
7,9,0.0,0.0,0.0,0.0,0.0,0.0,0.0,0.0,0.07080989,0.9291901,0.0,0.0,0.0
7,9,0.0,0.0,0.0,0.0,0.0,0.0,0.0,0.0,0.07080989,0.9291901,0.0,0.0,0.0
7,9,0.0,0.0,0.0,0.0,0.0,0.0,0.0,0.0,0.07080989,0.9291901,0.0,0.0,0.0
7,9,0.0,0.0,0.0,0.0,0.0,0.0,0.0,0.0,0.07080989,0.9291901,0.0,0.0,0.0
7,9,0.0,0.0,0.0,0.0,0.0,0.0,0.0,0.0,0.07080989,0.9291901,0.0,0.0,0.0
7,9,0.0,0.0,0.0,0.0,0.0,0.0,0.0,0.0,0.07080989,0.9291901,0.0,0.0,0.0
7,9,0.0,0.0,0.0,0.0,0.0,0.0,0.0,0.0,0.07080989,0.9291901,0.0,0.0,0.0
7,9,0.0,0.0,0.0,0.0,0.0,0.0,0.0,0.0,0.07080989,0.9291901,0.0,0.0,0.0
7,9,0.0,0.0,0.0,0.0,0.0,0.0,0.0,0.0,0.07080989,0.9291901,0.0,0.0,0.0
7,9,0.0,0.0,0.0,0.0,0.0,0.0,0.0,0.0,0.07080989,0.9291901,0.0,0.0,0.0
7,9,0.0,0.0,0.0,0.0,0.0,0.0,0.0,0.0,0.07080989,0.9291901,0.0,0.0,0.0
7,9,0.0,0.0,0.0,0.0,0.0,0.0,0.0,0.0,0.07080989,0.9291901,0.0,0.0,0.0
7,9,0.0,0.0,0.0,0.0,0.0,0.0,0.0,0.0,0.07080989,0.9291901,0.0,0.0,0.0
7,9,0.0,0.0,0.0,0.0,0.0,0.0,0.0,0.0,0.07080989,0.9291901,0.0,0.0,0.0
7,9,0.0,0.0,0.0,0.0,0.0,0.0,0.0,0.0,0.07080989,0.9291901,0.0,0.0,0.0
7,9,0.0,0.0,0.0,0.0,0.0,0.0,0.0,0.0,0.07080989,0.9291901,0.0,0.0,0.0
7,9,0.0,0.0,0.0,0.0,0.0,0.0,0.0,0.0,0.07080989,0.9291901,0.0,0.0,0.0
7,9,0.0,0.0,0.0,0.0,0.0,0.0,0.0,0.0,0.07080989,0.9291901,0.0,0.0,0.0
7,9,0.0,0.0,0.0,0.0,0.0,0.0,0.0,0.0,0.07080989,0.9291901,0.0,0.0,0.0
7,9,0.0,0.0,0.0,0.0,0.0,0.0,0.0,0.0,0.07080989,0.9291901,0.0,0.0,0.0
7,9,0.0,0.0,0.0,0.0,0.0,0.0,0.0,0.0,0.07080989,0.9291901,0.0,0.0,0.0
7,9,0.0,0.0,0.0,0.0,0.0,0.0,0.0,0.0,0.07080989,0.9291901,0.0,0.0,0.0
7,9,0.0,0.0,0.0,0.0,0.0,0.0,0.0,0.0,0.07080989,0.9291901,0.0,0.0,0.0
7,9,0.0,0.0,0.0,0.0,0.0,0.0,0.0,0.0,0.07080989,0.9291901,0.0,0.0,0.0
7,9,0.0,0.0,0.0,0.0,0.0,0.0,0.0,0.0,0.07080989,0.9291901,0.0,0.0,0.0
7,9,0.0,0.0,0.0,0.0,0.0,0.0,0.0,0.0,0.07080989,0.9291901,0.0,0.0,0.0
7,9,0.0,0.0,0.0,0.0,0.0,0.0,0.0,0.0,0.07080989,0.9291901,0.0,0.0,0.0
7,9,0.0,0.0,0.0,0.0,0.0,0.0,0.0,0.0,0.07080989,0.9291901,0.0,0.0,0.0
7,9,0.0,0.0,0.0,0.0,0.0,0.0,0.0,0.0,0.07080989,0.9291901,0.0,0.0,0.0
7,9,0.0,0.0,0.0,0.0,0.0,0.0,0.0,0.0,0.07080989,0.9291901,0.0,0.0,0.0
7,9,0.0,0.0,0.0,0.0,0.0,0.0,0.0,0.0,0.07080989,0.9291901,0.0,0.0,0.0
7,9,0.0,0.0,0.0,0.0,0.0,0.0,0.0,0.0,0.07080989,0.9291901,0.0,0.0,0.0
7,9,0.0,0.0,0.0,0.0,0.0,0.0,0.0,0.0,0.07080989,0.9291901,0.0,0.0,0.0
7,9,0.0,0.0,0.0,0.0,0.0,0.0,0.0,0.0,0.07080989,0.9291901,0.0,0.0,0.0
7,9,0.0,0.0,0.0,0.0,0.0,0.0,0.0,0.0,0.07080989,0.9291901,0.0,0.0,0.0
7,9,0.0,0.0,0.0,0.0,0.0,0.0,0.0,0.0,0.07080989,0.9291901,0.0,0.0,0.0
7,9,0.0,0.0,0.0,0.0,0.0,0.0,0.0,0.0,0.07080989,0.9291901,0.0,0.0,0.0
7,9,0.0,0.0,0.0,0.0,0.0,0.0,0.0,0.0,0.07080989,0.9291901,0.0,0.0,0.0
7,9,0.0,0.0,0.0,0.0,0.0,0.0,0.0,0.0,0.07080989,0.9291901,0.0,0.0,0.0
7,9,0.0,0.0,0.0,0.0,0.0,0.0,0.0,0.0,0.07080989,0.9291901,0.0,0.0,0.0
7,9,0.0,0.0,0.0,0.0,0.0,0.0,0.0,0.0,0.07080989,0.9291901,0.0,0.0,0.0
7,9,0.0,0.0,0.0,0.0,0.0,0.0,0.0,0.0,0.07080989,0.9291901,0.0,0.0,0.0
7,9,0.0,0.0,0.0,0.0,0.0,0.0,0.0,0.0,0.07080989,0.9291901,0.0,0.0,0.0
7,9,0.0,0.0,0.0,0.0,0.0,0.0,0.0,0.0,0.07080989,0.9291901,0.0,0.0,0.0
7,9,0.0,0.0,0.0,0.0,0.0,0.0,0.0,0.0,0.07080989,0.9291901,0.0,0.0,0.0
7,9,0.0,0.0,0.0,0.0,0.0,0.0,0.0,0.0,0.07080989,0.9291901,0.0,0.0,0.0
7,9,0.0,0.0,0.0,0.0,0.0,0.0,0.0,0.0,0.07080989,0.9291901,0.0,0.0,0.0
7,9,0.0,0.0,0.0,0.0,0.0,0.0,0.0,0.0,0.0,1.0,0.0,0.0,0.0
7,9,0.0,0.0,0.0,0.0,0.0,0.0,0.0,0.0,0.0,1.0,0.0,0.0,0.0
7,9,0.0,0.0,0.0,0.0,0.0,0.0,0.0,0.0,0.0,1.0,0.0,0.0,0.0
7,9,0.0,0.0,0.0,0.0,0.0,0.0,0.0,0.0,0.0,1.0,0.0,0.0,0.0
7,9,0.0,0.0,0.0,0.0,0.0,0.0,0.0,0.0,0.0,1.0,0.0,0.0,0.0
7,9,0.0,0.0,0.0,0.0,0.0,0.0,0.0,0.0,0.0,1.0,0.0,0.0,0.0
7,9,0.0,0.0,0.0,0.0,0.0,0.0,0.0,0.0,0.0,1.0,0.0,0.0,0.0
7,9,0.0,0.0,0.0,0.0,0.0,0.0,0.0,0.0,0.0,1.0,0.0,0.0,0.0
7,9,0.0,0.0,0.0,0.0,0.0,0.0,0.0,0.0,0.0,1.0,0.0,0.0,0.0
7,9,0.0,0.0,0.0,0.0,0.0,0.0,0.0,0.0,0.0,1.0,0.0,0.0,0.0
7,9,0.0,0.0,0.0,0.0,0.0,0.0,0.0,0.0,0.0,1.0,0.0,0.0,0.0
7,9,0.0,0.0,0.0,0.0,0.0,0.0,0.0,0.0,0.0,1.0,0.0,0.0,0.0
7,9,0.0,0.0,0.0,0.0,0.0,0.0,0.0,0.0,0.0,1.0,0.0,0.0,0.0
7,9,0.0,0.0,0.0,0.0,0.0,0.0,0.0,0.0,0.0,1.0,0.0,0.0,0.0
7,9,0.0,0.0,0.0,0.0,0.0,0.0,0.0,0.0,0.0,1.0,0.0,0.0,0.0
7,9,0.0,0.0,0.0,0.0,0.0,0.0,0.0,0.0,0.0,1.0,0.0,0.0,0.0
7,9,0.0,0.0,0.0,0.0,0.0,0.0,0.0,0.0,0.0,1.0,0.0,0.0,0.0
7,9,0.0,0.0,0.0,0.0,0.0,0.0,0.0,0.0,0.0,1.0,0.0,0.0,0.0
7,9,0.0,0.0,0.0,0.0,0.0,0.0,0.0,0.0,0.0,1.0,0.0,0.0,0.0
7,9,0.0,0.0,0.0,0.0,0.0,0.0,0.0,0.0,0.0,1.0,0.0,0.0,0.0
7,9,0.0,0.0,0.0,0.0,0.0,0.0,0.0,0.0,0.0,1.0,0.0,0.0,0.0
7,9,0.0,0.0,0.0,0.0,0.0,0.0,0.0,0.0,0.0,1.0,0.0,0.0,0.0
7,9,0.0,0.0,0.0,0.0,0.0,0.0,0.0,0.0,0.0,1.0,0.0,0.0,0.0
7,9,0.0,0.0,0.0,0.0,0.0,0.0,0.0,0.0,0.0,1.0,0.0,0.0,0.0
7,9,0.0,0.0,0.0,0.0,0.0,0.0,0.0,0.0,0.0,1.0,0.0,0.0,0.0
7,9,0.0,0.0,0.0,0.0,0.0,0.0,0.0,0.0,0.0,1.0,0.0,0.0,0.0
7,9,0.0,0.0,0.0,0.0,0.0,0.0,0.0,0.0,0.0,1.0,0.0,0.0,0.0
7,9,0.0,0.0,0.0,0.0,0.0,0.0,0.0,0.0,0.0,1.0,0.0,0.0,0.0
7,9,0.0,0.0,0.0,0.0,0.0,0.0,0.0,0.0,0.0,1.0,0.0,0.0,0.0
7,9,0.0,0.0,0.0,0.0,0.0,0.0,0.0,0.0,0.0,1.0,0.0,0.0,0.0
7,9,0.0,0.0,0.0,0.0,0.0,0.0,0.0,0.0,0.0,1.0,0.0,0.0,0.0
7,9,0.0,0.0,0.0,0.0,0.0,0.0,0.0,0.0,0.0,1.0,0.0,0.0,0.0
7,9,0.0,0.0,0.0,0.0,0.0,0.0,0.0,0.0,0.0,1.0,0.0,0.0,0.0
7,9,0.0,0.0,0.0,0.0,0.0,0.0,0.0,0.0,0.0,1.0,0.0,0.0,0.0
7,9,0.0,0.0,0.0,0.0,0.0,0.0,0.0,0.0,0.0,1.0,0.0,0.0,0.0
7,9,0.0,0.0,0.0,0.0,0.0,0.0,0.0,0.0,0.0,1.0,0.0,0.0,0.0
7,9,0.0,0.0,0.0,0.0,0.0,0.0,0.0,0.0,0.0,1.0,0.0,0.0,0.0
7,9,0.0,0.0,0.0,0.0,0.0,0.0,0.0,0.0,0.0,1.0,0.0,0.0,0.0
7,9,0.0,0.0,0.0,0.0,0.0,0.0,0.0,0.0,0.0,1.0,0.0,0.0,0.0
7,9,0.0,0.0,0.0,0.0,0.0,0.0,0.0,0.0,0.0,1.0,0.0,0.0,0.0
7,9,0.0,0.0,0.0,0.0,0.0,0.0,0.0,0.0,0.0,1.0,0.0,0.0,0.0
7,9,0.0,0.0,0.0,0.0,0.0,0.0,0.0,0.0,0.0,1.0,0.0,0.0,0.0
7,9,0.0,0.0,0.0,0.0,0.0,0.0,0.0,0.0,0.0,1.0,0.0,0.0,0.0
7,9,0.0,0.0,0.0,0.0,0.0,0.0,0.0,0.0,0.0,1.0,0.0,0.0,0.0
7,9,0.0,0.0,0.0,0.0,0.0,0.0,0.0,0.0,0.0,1.0,0.0,0.0,0.0
7,9,0.0,0.0,0.0,0.0,0.0,0.0,0.0,0.0,0.0,1.0,0.0,0.0,0.0
7,9,0.0,0.0,0.0,0.0,0.0,0.0,0.0,0.0,0.0,1.0,0.0,0.0,0.0
7,9,0.0,0.0,0.0,0.0,0.0,0.0,0.0,0.0,0.0,1.0,0.0,0.0,0.0
7,9,0.0,0.0,0.0,0.0,0.0,0.0,0.0,0.0,0.0,1.0,0.0,0.0,0.0
7,9,0.0,0.0,0.0,0.0,0.0,0.0,0.0,0.0,0.0,1.0,0.0,0.0,0.0
7,9,0.0,0.0,0.0,0.0,0.0,0.0,0.0,0.0,0.0,1.0,0.0,0.0,0.0
7,9,0.0,0.0,0.0,0.0,0.0,0.0,0.0,0.0,0.0,1.0,0.0,0.0,0.0
7,9,0.0,0.0,0.0,0.0,0.0,0.0,0.0,0.0,0.0,1.0,0.0,0.0,0.0
7,9,0.0,0.0,0.0,0.0,0.0,0.0,0.0,0.0,0.0,1.0,0.0,0.0,0.0
7,9,0.0,0.0,0.0,0.0,0.0,0.0,0.0,0.0,0.0,1.0,0.0,0.0,0.0
7,9,0.0,0.0,0.0,0.0,0.0,0.0,0.0,0.0,0.0,1.0,0.0,0.0,0.0
7,9,0.0,0.0,0.0,0.0,0.0,0.0,0.0,0.0,0.0,1.0,0.0,0.0,0.0
7,9,0.0,0.0,0.0,0.0,0.0,0.0,0.0,0.0,0.0,1.0,0.0,0.0,0.0
7,9,0.0,0.0,0.0,0.0,0.0,0.0,0.0,0.0,0.0,1.0,0.0,0.0,0.0
7,9,0.0,0.0,0.0,0.0,0.0,0.0,0.0,0.0,0.0,1.0,0.0,0.0,0.0
7,9,0.0,0.0,0.0,0.0,0.0,0.0,0.0,0.0,0.0,1.0,0.0,0.0,0.0
7,9,0.0,0.0,0.0,0.0,0.0,0.0,0.0,0.0,0.0,1.0,0.0,0.0,0.0
7,9,0.0,0.0,0.0,0.0,0.0,0.0,0.0,0.0,0.0,1.0,0.0,0.0,0.0
7,9,0.0,0.0,0.0,0.0,0.0,0.0,0.0,0.0,0.0,1.0,0.0,0.0,0.0
7,9,0.0,0.0,0.0,0.0,0.0,0.0,0.0,0.0,0.0,1.0,0.0,0.0,0.0
7,9,0.0,0.0,0.0,0.0,0.0,0.0,0.0,0.0,0.0,1.0,0.0,0.0,0.0
7,9,0.0,0.0,0.0,0.0,0.0,0.0,0.0,0.0,0.0,1.0,0.0,0.0,0.0
7,9,0.0,0.0,0.0,0.0,0.0,0.0,0.0,0.0,0.0,1.0,0.0,0.0,0.0
7,9,0.0,0.0,0.0,0.0,0.0,0.0,0.0,0.0,0.0,1.0,0.0,0.0,0.0
7,9,0.0,0.0,0.0,0.0,0.0,0.0,0.0,0.0,0.0,1.0,0.0,0.0,0.0
7,9,0.0,0.0,0.0,0.0,0.0,0.0,0.0,0.0,0.0,1.0,0.0,0.0,0.0
7,9,0.0,0.0,0.0,0.0,0.0,0.0,0.0,0.0,0.0,1.0,0.0,0.0,0.0
7,9,0.0,0.0,0.0,0.0,0.0,0.0,0.0,0.0,0.0,1.0,0.0,0.0,0.0
7,9,0.0,0.0,0.0,0.0,0.0,0.0,0.0,0.0,0.0,1.0,0.0,0.0,0.0
7,9,0.0,0.0,0.0,0.0,0.0,0.0,0.0,0.0,0.0,1.0,0.0,0.0,0.0
7,9,0.0,0.0,0.0,0.0,0.0,0.0,0.0,0.0,0.0,1.0,0.0,0.0,0.0
7,9,0.0,0.0,0.0,0.0,0.0,0.0,0.0,0.0,0.0,1.0,0.0,0.0,0.0
7,9,0.0,0.0,0.0,0.0,0.0,0.0,0.0,0.0,0.0,1.0,0.0,0.0,0.0
7,9,0.0,0.0,0.0,0.0,0.0,0.0,0.0,0.0,0.0,1.0,0.0,0.0,0.0
7,9,0.0,0.0,0.0,0.0,0.0,0.0,0.0,0.0,0.0,1.0,0.0,0.0,0.0
7,9,0.0,0.0,0.0,0.0,0.0,0.0,0.0,0.0,0.0,1.0,0.0,0.0,0.0
7,9,0.0,0.0,0.0,0.0,0.0,0.0,0.0,0.0,0.0,1.0,0.0,0.0,0.0
7,9,0.0,0.0,0.0,0.0,0.0,0.0,0.0,0.0,0.0,1.0,0.0,0.0,0.0
7,9,0.0,0.0,0.0,0.0,0.0,0.0,0.0,0.0,0.0,1.0,0.0,0.0,0.0
7,9,0.0,0.0,0.0,0.0,0.0,0.0,0.0,0.0,0.0,1.0,0.0,0.0,0.0
7,9,0.0,0.0,0.0,0.0,0.0,0.0,0.0,0.0,0.0,1.0,0.0,0.0,0.0
7,9,0.0,0.0,0.0,0.0,0.0,0.0,0.0,0.0,0.0,1.0,0.0,0.0,0.0
7,9,0.0,0.0,0.0,0.0,0.0,0.0,0.0,0.0,0.0,1.0,0.0,0.0,0.0
7,9,0.0,0.0,0.0,0.0,0.0,0.0,0.0,0.0,0.0,1.0,0.0,0.0,0.0
7,9,0.0,0.0,0.0,0.0,0.0,0.0,0.0,0.0,0.0,1.0,0.0,0.0,0.0
7,9,0.0,0.0,0.0,0.0,0.0,0.0,0.0,0.0,0.0,1.0,0.0,0.0,0.0
7,9,0.0,0.0,0.0,0.0,0.0,0.0,0.0,0.0,0.0,1.0,0.0,0.0,0.0
7,9,0.0,0.0,0.0,0.0,0.0,0.0,0.0,0.0,0.0,1.0,0.0,0.0,0.0
7,9,0.0,0.0,0.0,0.0,0.0,0.0,0.0,0.0,0.0,1.0,0.0,0.0,0.0
7,9,0.0,0.0,0.0,0.0,0.0,0.0,0.0,0.0,0.0,1.0,0.0,0.0,0.0
7,9,0.0,0.0,0.0,0.0,0.0,0.0,0.0,0.0,0.0,1.0,0.0,0.0,0.0
7,9,0.0,0.0,0.0,0.0,0.0,0.0,0.0,0.0,0.0,1.0,0.0,0.0,0.0
7,9,0.0,0.0,0.0,0.0,0.0,0.0,0.0,0.0,0.0,1.0,0.0,0.0,0.0
7,9,0.0,0.0,0.0,0.0,0.0,0.0,0.0,0.0,0.0,1.0,0.0,0.0,0.0
7,9,0.0,0.0,0.0,0.0,0.0,0.0,0.0,0.0,0.0,1.0,0.0,0.0,0.0
7,9,0.0,0.0,0.0,0.0,0.0,0.0,0.0,0.0,0.0,1.0,0.0,0.0,0.0
7,9,0.0,0.0,0.0,0.0,0.0,0.0,0.0,0.0,0.0,1.0,0.0,0.0,0.0
7,9,0.0,0.0,0.0,0.0,0.0,0.0,0.0,0.0,0.0,1.0,0.0,0.0,0.0
7,9,0.0,0.0,0.0,0.0,0.0,0.0,0.0,0.0,0.0,1.0,0.0,0.0,0.0
7,9,0.0,0.0,0.0,0.0,0.0,0.0,0.0,0.0,0.0,1.0,0.0,0.0,0.0
7,9,0.0,0.0,0.0,0.0,0.0,0.0,0.0,0.0,0.0,1.0,0.0,0.0,0.0
7,9,0.0,0.0,0.0,0.0,0.0,0.0,0.0,0.0,0.0,1.0,0.0,0.0,0.0
7,9,0.0,0.0,0.0,0.0,0.0,0.0,0.0,0.0,0.0,1.0,0.0,0.0,0.0
7,9,0.0,0.0,0.0,0.0,0.0,0.0,0.0,0.0,0.0,1.0,0.0,0.0,0.0
7,9,0.0,0.0,0.0,0.0,0.0,0.0,0.0,0.0,0.0,1.0,0.0,0.0,0.0
7,9,0.0,0.0,0.0,0.0,0.0,0.0,0.0,0.0,0.0,1.0,0.0,0.0,0.0
7,9,0.0,0.0,0.0,0.0,0.0,0.0,0.0,0.0,0.0,1.0,0.0,0.0,0.0
7,9,0.0,0.0,0.0,0.0,0.0,0.0,0.0,0.0,0.0,1.0,0.0,0.0,0.0
7,9,0.0,0.0,0.0,0.0,0.0,0.0,0.0,0.0,0.0,1.0,0.0,0.0,0.0
7,9,0.0,0.0,0.0,0.0,0.0,0.0,0.0,0.0,0.0,1.0,0.0,0.0,0.0
7,9,0.0,0.0,0.0,0.0,0.0,0.0,0.0,0.0,0.0,1.0,0.0,0.0,0.0
7,9,0.0,0.0,0.0,0.0,0.0,0.0,0.0,0.0,0.0,1.0,0.0,0.0,0.0
7,9,0.0,0.0,0.0,0.0,0.0,0.0,0.0,0.0,0.0,1.0,0.0,0.0,0.0
7,9,0.0,0.0,0.0,0.0,0.0,0.0,0.0,0.0,0.0,1.0,0.0,0.0,0.0
7,9,0.0,0.0,0.0,0.0,0.0,0.0,0.0,0.0,0.0,1.0,0.0,0.0,0.0
7,9,0.0,0.0,0.0,0.0,0.0,0.0,0.0,0.0,0.0,1.0,0.0,0.0,0.0
7,9,0.0,0.0,0.0,0.0,0.0,0.0,0.0,0.0,0.0,1.0,0.0,0.0,0.0
7,9,0.0,0.0,0.0,0.0,0.0,0.0,0.0,0.0,0.0,1.0,0.0,0.0,0.0
7,9,0.0,0.0,0.0,0.0,0.0,0.0,0.0,0.0,0.0,1.0,0.0,0.0,0.0
7,9,0.0,0.0,0.0,0.0,0.0,0.0,0.0,0.0,0.0,1.0,0.0,0.0,0.0
7,9,0.0,0.0,0.0,0.0,0.0,0.0,0.0,0.0,0.0,1.0,0.0,0.0,0.0
7,9,0.0,0.0,0.0,0.0,0.0,0.0,0.0,0.0,0.0,1.0,0.0,0.0,0.0
7,9,0.0,0.0,0.0,0.0,0.0,0.0,0.0,0.0,0.0,1.0,0.0,0.0,0.0
7,9,0.0,0.0,0.0,0.0,0.0,0.0,0.0,0.0,0.0,1.0,0.0,0.0,0.0
7,9,0.0,0.0,0.0,0.0,0.0,0.0,0.0,0.0,0.0,1.0,0.0,0.0,0.0
7,9,0.0,0.0,0.0,0.0,0.0,0.0,0.0,0.0,0.0,1.0,0.0,0.0,0.0
7,9,0.0,0.0,0.0,0.0,0.0,0.0,0.0,0.0,0.0,1.0,0.0,0.0,0.0
7,9,0.0,0.0,0.0,0.0,0.0,0.0,0.0,0.0,0.0,1.0,0.0,0.0,0.0
7,9,0.0,0.0,0.0,0.0,0.0,0.0,0.0,0.0,0.0,1.0,0.0,0.0,0.0
7,9,0.0,0.0,0.0,0.0,0.0,0.0,0.0,0.0,0.0,1.0,0.0,0.0,0.0
7,9,0.0,0.0,0.0,0.0,0.0,0.0,0.0,0.0,0.0,1.0,0.0,0.0,0.0
7,9,0.0,0.0,0.0,0.0,0.0,0.0,0.0,0.0,0.0,1.0,0.0,0.0,0.0
7,9,0.0,0.0,0.0,0.0,0.0,0.0,0.0,0.0,0.0,1.0,0.0,0.0,0.0
7,9,0.0,0.0,0.0,0.0,0.0,0.0,0.0,0.0,0.0,1.0,0.0,0.0,0.0
7,9,0.0,0.0,0.0,0.0,0.0,0.0,0.0,0.0,0.0,1.0,0.0,0.0,0.0
7,9,0.0,0.0,0.0,0.0,0.0,0.0,0.0,0.0,0.0,1.0,0.0,0.0,0.0
7,9,0.0,0.0,0.0,0.0,0.0,0.0,0.0,0.0,0.0,1.0,0.0,0.0,0.0
7,9,0.0,0.0,0.0,0.0,0.0,0.0,0.0,0.0,0.0,1.0,0.0,0.0,0.0
7,9,0.0,0.0,0.0,0.0,0.0,0.0,0.0,0.0,0.0,1.0,0.0,0.0,0.0
7,9,0.0,0.0,0.0,0.0,0.0,0.0,0.0,0.0,0.0,1.0,0.0,0.0,0.0
7,9,0.0,0.0,0.0,0.0,0.0,0.0,0.0,0.0,0.0,1.0,0.0,0.0,0.0
7,9,0.0,0.0,0.0,0.0,0.0,0.0,0.0,0.0,0.0,1.0,0.0,0.0,0.0
7,9,0.0,0.0,0.0,0.0,0.0,0.0,0.0,0.0,0.0,1.0,0.0,0.0,0.0
7,9,0.0,0.0,0.0,0.0,0.0,0.0,0.0,0.0,0.0,1.0,0.0,0.0,0.0
7,9,0.0,0.0,0.0,0.0,0.0,0.0,0.0,0.0,0.0,1.0,0.0,0.0,0.0
7,9,0.0,0.0,0.0,0.0,0.0,0.0,0.0,0.0,0.0,1.0,0.0,0.0,0.0
7,9,0.0,0.0,0.0,0.0,0.0,0.0,0.0,0.0,0.0,1.0,0.0,0.0,0.0
7,9,0.0,0.0,0.0,0.0,0.0,0.0,0.0,0.0,0.0,1.0,0.0,0.0,0.0
7,9,0.0,0.0,0.0,0.0,0.0,0.0,0.0,0.0,0.0,1.0,0.0,0.0,0.0
7,9,0.0,0.0,0.0,0.0,0.0,0.0,0.0,0.0,0.0,1.0,0.0,0.0,0.0
7,9,0.0,0.0,0.0,0.0,0.0,0.0,0.0,0.0,0.0,1.0,0.0,0.0,0.0
7,9,0.0,0.0,0.0,0.0,0.0,0.0,0.0,0.0,0.0,1.0,0.0,0.0,0.0
7,9,0.0,0.0,0.0,0.0,0.0,0.0,0.0,0.0,0.0,1.0,0.0,0.0,0.0
7,9,0.0,0.0,0.0,0.0,0.0,0.0,0.0,0.0,0.0,1.0,0.0,0.0,0.0
7,9,0.0,0.0,0.0,0.0,0.0,0.0,0.0,0.0,0.0,1.0,0.0,0.0,0.0
7,9,0.0,0.0,0.0,0.0,0.0,0.0,0.0,0.0,0.0,1.0,0.0,0.0,0.0
7,9,0.0,0.0,0.0,0.0,0.0,0.0,0.0,0.0,0.0,1.0,0.0,0.0,0.0
7,9,0.0,0.0,0.0,0.0,0.0,0.0,0.0,0.0,0.0,1.0,0.0,0.0,0.0
7,9,0.0,0.0,0.0,0.0,0.0,0.0,0.0,0.0,0.0,1.0,0.0,0.0,0.0
7,9,0.0,0.0,0.0,0.0,0.0,0.0,0.0,0.0,0.0,1.0,0.0,0.0,0.0
7,9,0.0,0.0,0.0,0.0,0.0,0.0,0.0,0.0,0.0,1.0,0.0,0.0,0.0
7,9,0.0,0.0,0.0,0.0,0.0,0.0,0.0,0.0,0.0,1.0,0.0,0.0,0.0
7,9,0.0,0.0,0.0,0.0,0.0,0.0,0.0,0.0,0.0,1.0,0.0,0.0,0.0
7,9,0.0,0.0,0.0,0.0,0.0,0.0,0.0,0.0,0.0,1.0,0.0,0.0,0.0
7,9,0.0,0.0,0.0,0.0,0.0,0.0,0.0,0.0,0.0,1.0,0.0,0.0,0.0
7,9,0.0,0.0,0.0,0.0,0.0,0.0,0.0,0.0,0.0,1.0,0.0,0.0,0.0
7,9,0.0,0.0,0.0,0.0,0.0,0.0,0.0,0.0,0.0,1.0,0.0,0.0,0.0
7,9,0.0,0.0,0.0,0.0,0.0,0.0,0.0,0.0,0.0,1.0,0.0,0.0,0.0
7,9,0.0,0.0,0.0,0.0,0.0,0.0,0.0,0.0,0.0,1.0,0.0,0.0,0.0
7,9,0.0,0.0,0.0,0.0,0.0,0.0,0.0,0.0,0.0,1.0,0.0,0.0,0.0
7,9,0.0,0.0,0.0,0.0,0.0,0.0,0.0,0.0,0.0,1.0,0.0,0.0,0.0
7,9,0.0,0.0,0.0,0.0,0.0,0.0,0.0,0.0,0.0,1.0,0.0,0.0,0.0
7,9,0.0,0.0,0.0,0.0,0.0,0.0,0.0,0.0,0.0,1.0,0.0,0.0,0.0
7,9,0.0,0.0,0.0,0.0,0.0,0.0,0.0,0.0,0.0,1.0,0.0,0.0,0.0
7,9,0.0,0.0,0.0,0.0,0.0,0.0,0.0,0.0,0.0,1.0,0.0,0.0,0.0
7,9,0.0,0.0,0.0,0.0,0.0,0.0,0.0,0.0,0.0,1.0,0.0,0.0,0.0
7,9,0.0,0.0,0.0,0.0,0.0,0.0,0.0,0.0,0.0,1.0,0.0,0.0,0.0
7,9,0.0,0.0,0.0,0.0,0.0,0.0,0.0,0.0,0.0,1.0,0.0,0.0,0.0
7,9,0.0,0.0,0.0,0.0,0.0,0.0,0.0,0.0,0.0,1.0,0.0,0.0,0.0
7,9,0.0,0.0,0.0,0.0,0.0,0.0,0.0,0.0,0.0,1.0,0.0,0.0,0.0
7,9,0.0,0.0,0.0,0.0,0.0,0.0,0.0,0.0,0.0,1.0,0.0,0.0,0.0
7,9,0.0,0.0,0.0,0.0,0.0,0.0,0.0,0.0,0.0,1.0,0.0,0.0,0.0
7,9,0.0,0.0,0.0,0.0,0.0,0.0,0.0,0.0,0.0,1.0,0.0,0.0,0.0
7,9,0.0,0.0,0.0,0.0,0.0,0.0,0.0,0.0,0.0,1.0,0.0,0.0,0.0
7,9,0.0,0.0,0.0,0.0,0.0,0.0,0.0,0.0,0.0,1.0,0.0,0.0,0.0
7,9,0.0,0.0,0.0,0.0,0.0,0.0,0.0,0.0,0.0,1.0,0.0,0.0,0.0
7,9,0.0,0.0,0.0,0.0,0.0,0.0,0.0,0.0,0.0,1.0,0.0,0.0,0.0
7,9,0.0,0.0,0.0,0.0,0.0,0.0,0.0,0.0,0.0,1.0,0.0,0.0,0.0
7,9,0.0,0.0,0.0,0.0,0.0,0.0,0.0,0.0,0.0,1.0,0.0,0.0,0.0
7,9,0.0,0.0,0.0,0.0,0.0,0.0,0.0,0.0,0.0,1.0,0.0,0.0,0.0
7,9,0.0,0.0,0.0,0.0,0.0,0.0,0.0,0.0,0.0,1.0,0.0,0.0,0.0
7,9,0.0,0.0,0.0,0.0,0.0,0.0,0.0,0.0,0.0,1.0,0.0,0.0,0.0
7,9,0.0,0.0,0.0,0.0,0.0,0.0,0.0,0.0,0.0,1.0,0.0,0.0,0.0
7,9,0.0,0.0,0.0,0.0,0.0,0.0,0.0,0.0,0.0,1.0,0.0,0.0,0.0
7,9,0.0,0.0,0.0,0.0,0.0,0.0,0.0,0.0,0.0,1.0,0.0,0.0,0.0
7,9,0.0,0.0,0.0,0.0,0.0,0.0,0.0,0.0,0.0,1.0,0.0,0.0,0.0
7,9,0.0,0.0,0.0,0.0,0.0,0.0,0.0,0.0,0.0,1.0,0.0,0.0,0.0
7,9,0.0,0.0,0.0,0.0,0.0,0.0,0.0,0.0,0.0,1.0,0.0,0.0,0.0
7,9,0.0,0.0,0.0,0.0,0.0,0.0,0.0,0.0,0.0,1.0,0.0,0.0,0.0
7,9,0.0,0.0,0.0,0.0,0.0,0.0,0.0,0.0,0.0,1.0,0.0,0.0,0.0
7,9,0.0,0.0,0.0,0.0,0.0,0.0,0.0,0.0,0.0,1.0,0.0,0.0,0.0
7,9,0.0,0.0,0.0,0.0,0.0,0.0,0.0,0.0,0.0,1.0,0.0,0.0,0.0
7,9,0.0,0.0,0.0,0.0,0.0,0.0,0.0,0.0,0.0,1.0,0.0,0.0,0.0
7,9,0.0,0.0,0.0,0.0,0.0,0.0,0.0,0.0,0.0,1.0,0.0,0.0,0.0
7,9,0.0,0.0,0.0,0.0,0.0,0.0,0.0,0.0,0.0,1.0,0.0,0.0,0.0
7,9,0.0,0.0,0.0,0.0,0.0,0.0,0.0,0.0,0.0,1.0,0.0,0.0,0.0
7,9,0.0,0.0,0.0,0.0,0.0,0.0,0.0,0.0,0.0,1.0,0.0,0.0,0.0
7,9,0.0,0.0,0.0,0.0,0.0,0.0,0.0,0.0,0.0,1.0,0.0,0.0,0.0
7,9,0.0,0.0,0.0,0.0,0.0,0.0,0.0,0.0,0.0,1.0,0.0,0.0,0.0
7,9,0.0,0.0,0.0,0.0,0.0,0.0,0.0,0.0,0.0,1.0,0.0,0.0,0.0
7,9,0.0,0.0,0.0,0.0,0.0,0.0,0.0,0.0,0.0,1.0,0.0,0.0,0.0
7,9,0.0,0.0,0.0,0.0,0.0,0.0,0.0,0.0,0.0,1.0,0.0,0.0,0.0
7,9,0.0,0.0,0.0,0.0,0.0,0.0,0.0,0.0,0.0,1.0,0.0,0.0,0.0
7,9,0.0,0.0,0.0,0.0,0.0,0.0,0.0,0.0,0.0,1.0,0.0,0.0,0.0
7,9,0.0,0.0,0.0,0.0,0.0,0.0,0.0,0.0,0.0,1.0,0.0,0.0,0.0
7,9,0.0,0.0,0.0,0.0,0.0,0.0,0.0,0.0,0.0,1.0,0.0,0.0,0.0
7,9,0.0,0.0,0.0,0.0,0.0,0.0,0.0,0.0,0.0,1.0,0.0,0.0,0.0
7,9,0.0,0.0,0.0,0.0,0.0,0.0,0.0,0.0,0.0,1.0,0.0,0.0,0.0
7,9,0.0,0.0,0.0,0.0,0.0,0.0,0.0,0.0,0.0,1.0,0.0,0.0,0.0
7,9,0.0,0.0,0.0,0.0,0.0,0.0,0.0,0.0,0.0,1.0,0.0,0.0,0.0
7,9,0.0,0.0,0.0,0.0,0.0,0.0,0.0,0.0,0.0,1.0,0.0,0.0,0.0
7,9,0.0,0.0,0.0,0.0,0.0,0.0,0.0,0.0,0.0,1.0,0.0,0.0,0.0
7,9,0.0,0.0,0.0,0.0,0.0,0.0,0.0,0.0,0.0,1.0,0.0,0.0,0.0
7,9,0.0,0.0,0.0,0.0,0.0,0.0,0.0,0.0,0.0,1.0,0.0,0.0,0.0
7,9,0.0,0.0,0.0,0.0,0.0,0.0,0.0,0.0,0.0,1.0,0.0,0.0,0.0
7,9,0.0,0.0,0.0,0.0,0.0,0.0,0.0,0.0,0.0,1.0,0.0,0.0,0.0
7,9,0.0,0.0,0.0,0.0,0.0,0.0,0.0,0.0,0.0,1.0,0.0,0.0,0.0
7,9,0.0,0.0,0.0,0.0,0.0,0.0,0.0,0.0,0.0,1.0,0.0,0.0,0.0
7,9,0.0,0.0,0.0,0.0,0.0,0.0,0.0,0.0,0.0,1.0,0.0,0.0,0.0
7,9,0.0,0.0,0.0,0.0,0.0,0.0,0.0,0.0,0.0,1.0,0.0,0.0,0.0
7,9,0.0,0.0,0.0,0.0,0.0,0.0,0.0,0.0,0.0,1.0,0.0,0.0,0.0
7,9,0.0,0.0,0.0,0.0,0.0,0.0,0.0,0.0,0.0,1.0,0.0,0.0,0.0
7,9,0.0,0.0,0.0,0.0,0.0,0.0,0.0,0.0,0.0,1.0,0.0,0.0,0.0
7,9,0.0,0.0,0.0,0.0,0.0,0.0,0.0,0.0,0.0,1.0,0.0,0.0,0.0
7,9,0.0,0.0,0.0,0.0,0.0,0.0,0.0,0.0,0.0,1.0,0.0,0.0,0.0
7,9,0.0,0.0,0.0,0.0,0.0,0.0,0.0,0.0,0.0,1.0,0.0,0.0,0.0
7,9,0.0,0.0,0.0,0.0,0.0,0.0,0.0,0.0,0.0,1.0,0.0,0.0,0.0
7,9,0.0,0.0,0.0,0.0,0.0,0.0,0.0,0.0,0.0,1.0,0.0,0.0,0.0
7,9,0.0,0.0,0.0,0.0,0.0,0.0,0.0,0.0,0.0,1.0,0.0,0.0,0.0
7,9,0.0,0.0,0.0,0.0,0.0,0.0,0.0,0.0,0.0,1.0,0.0,0.0,0.0
7,9,0.0,0.0,0.0,0.0,0.0,0.0,0.0,0.0,0.0,1.0,0.0,0.0,0.0
7,9,0.0,0.0,0.0,0.0,0.0,0.0,0.0,0.0,0.0,1.0,0.0,0.0,0.0
7,9,0.0,0.0,0.0,0.0,0.0,0.0,0.0,0.0,0.0,1.0,0.0,0.0,0.0
7,9,0.0,0.0,0.0,0.0,0.0,0.0,0.0,0.0,0.0,1.0,0.0,0.0,0.0
7,9,0.0,0.0,0.0,0.0,0.0,0.0,0.0,0.0,0.0,1.0,0.0,0.0,0.0
7,9,0.0,0.0,0.0,0.0,0.0,0.0,0.0,0.0,0.0,1.0,0.0,0.0,0.0
7,9,0.0,0.0,0.0,0.0,0.0,0.0,0.0,0.0,0.0,1.0,0.0,0.0,0.0
7,9,0.0,0.0,0.0,0.0,0.0,0.0,0.0,0.0,0.0,1.0,0.0,0.0,0.0
7,9,0.0,0.0,0.0,0.0,0.0,0.0,0.0,0.0,0.0,1.0,0.0,0.0,0.0
7,9,0.0,0.0,0.0,0.0,0.0,0.0,0.0,0.0,0.0,1.0,0.0,0.0,0.0
7,9,0.0,0.0,0.0,0.0,0.0,0.0,0.0,0.0,0.0,1.0,0.0,0.0,0.0
7,9,0.0,0.0,0.0,0.0,0.0,0.0,0.0,0.0,0.0,1.0,0.0,0.0,0.0
7,9,0.0,0.0,0.0,0.0,0.0,0.0,0.0,0.0,0.0,1.0,0.0,0.0,0.0
7,9,0.0,0.0,0.0,0.0,0.0,0.0,0.0,0.0,0.0,1.0,0.0,0.0,0.0
7,9,0.0,0.0,0.0,0.0,0.0,0.0,0.0,0.0,0.0,1.0,0.0,0.0,0.0
7,9,0.0,0.0,0.0,0.0,0.0,0.0,0.0,0.0,0.0,1.0,0.0,0.0,0.0
7,9,0.0,0.0,0.0,0.0,0.0,0.0,0.0,0.0,0.0,1.0,0.0,0.0,0.0
7,9,0.0,0.0,0.0,0.0,0.0,0.0,0.0,0.0,0.0,1.0,0.0,0.0,0.0
7,9,0.0,0.0,0.0,0.0,0.0,0.0,0.0,0.0,0.0,1.0,0.0,0.0,0.0
7,9,0.0,0.0,0.0,0.0,0.0,0.0,0.0,0.0,0.0,1.0,0.0,0.0,0.0
7,9,0.0,0.0,0.0,0.0,0.0,0.0,0.0,0.0,0.0,1.0,0.0,0.0,0.0
7,9,0.0,0.0,0.0,0.0,0.0,0.0,0.0,0.0,0.0,1.0,0.0,0.0,0.0
7,9,0.0,0.0,0.0,0.0,0.0,0.0,0.0,0.0,0.0,1.0,0.0,0.0,0.0
7,9,0.0,0.0,0.0,0.0,0.0,0.0,0.0,0.0,0.0,1.0,0.0,0.0,0.0
7,9,0.0,0.0,0.0,0.0,0.0,0.0,0.0,0.0,0.0,1.0,0.0,0.0,0.0
7,9,0.0,0.0,0.0,0.0,0.0,0.0,0.0,0.0,0.0,1.0,0.0,0.0,0.0
7,9,0.0,0.0,0.0,0.0,0.0,0.0,0.0,0.0,0.0,1.0,0.0,0.0,0.0
7,9,0.0,0.0,0.0,0.0,0.0,0.0,0.0,0.0,0.0,1.0,0.0,0.0,0.0
7,9,0.0,0.0,0.0,0.0,0.0,0.0,0.0,0.0,0.0,1.0,0.0,0.0,0.0
7,9,0.0,0.0,0.0,0.0,0.0,0.0,0.0,0.0,0.0,1.0,0.0,0.0,0.0
7,9,0.0,0.0,0.0,0.0,0.0,0.0,0.0,0.0,0.0,1.0,0.0,0.0,0.0
7,9,0.0,0.0,0.0,0.0,0.0,0.0,0.0,0.0,0.0,1.0,0.0,0.0,0.0
7,9,0.0,0.0,0.0,0.0,0.0,0.0,0.0,0.0,0.0,1.0,0.0,0.0,0.0
7,9,0.0,0.0,0.0,0.0,0.0,0.0,0.0,0.0,0.0,1.0,0.0,0.0,0.0
7,9,0.0,0.0,0.0,0.0,0.0,0.0,0.0,0.0,0.0,1.0,0.0,0.0,0.0
7,9,0.0,0.0,0.0,0.0,0.0,0.0,0.0,0.0,0.0,1.0,0.0,0.0,0.0
7,9,0.0,0.0,0.0,0.0,0.0,0.0,0.0,0.0,0.0,1.0,0.0,0.0,0.0
7,9,0.0,0.0,0.0,0.0,0.0,0.0,0.0,0.0,0.0,1.0,0.0,0.0,0.0
7,9,0.0,0.0,0.0,0.0,0.0,0.0,0.0,0.0,0.0,1.0,0.0,0.0,0.0
7,9,0.0,0.0,0.0,0.0,0.0,0.0,0.0,0.0,0.0,1.0,0.0,0.0,0.0
7,9,0.0,0.0,0.0,0.0,0.0,0.0,0.0,0.0,0.0,1.0,0.0,0.0,0.0
7,9,0.0,0.0,0.0,0.0,0.0,0.0,0.0,0.0,0.0,1.0,0.0,0.0,0.0
7,9,0.0,0.0,0.0,0.0,0.0,0.0,0.0,0.0,0.0,1.0,0.0,0.0,0.0
7,9,0.0,0.0,0.0,0.0,0.0,0.0,0.0,0.0,0.0,1.0,0.0,0.0,0.0
7,9,0.0,0.0,0.0,0.0,0.0,0.0,0.0,0.0,0.0,1.0,0.0,0.0,0.0
7,9,0.0,0.0,0.0,0.0,0.0,0.0,0.0,0.0,0.0,1.0,0.0,0.0,0.0
7,9,0.0,0.0,0.0,0.0,0.0,0.0,0.0,0.0,0.0,1.0,0.0,0.0,0.0
7,9,0.0,0.0,0.0,0.0,0.0,0.0,0.0,0.0,0.0,1.0,0.0,0.0,0.0
7,9,0.0,0.0,0.0,0.0,0.0,0.0,0.0,0.0,0.0,1.0,0.0,0.0,0.0
7,9,0.0,0.0,0.0,0.0,0.0,0.0,0.0,0.0,0.0,1.0,0.0,0.0,0.0
7,9,0.0,0.0,0.0,0.0,0.0,0.0,0.0,0.0,0.0,1.0,0.0,0.0,0.0
7,9,0.0,0.0,0.0,0.0,0.0,0.0,0.0,0.0,0.0,1.0,0.0,0.0,0.0
7,9,0.0,0.0,0.0,0.0,0.0,0.0,0.0,0.0,0.0,1.0,0.0,0.0,0.0
7,9,0.0,0.0,0.0,0.0,0.0,0.0,0.0,0.0,0.0,1.0,0.0,0.0,0.0
7,9,0.0,0.0,0.0,0.0,0.0,0.0,0.0,0.0,0.0,1.0,0.0,0.0,0.0
7,9,0.0,0.0,0.0,0.0,0.0,0.0,0.0,0.0,0.0,1.0,0.0,0.0,0.0
7,9,0.0,0.0,0.0,0.0,0.0,0.0,0.0,0.0,0.0,1.0,0.0,0.0,0.0
7,9,0.0,0.0,0.0,0.0,0.0,0.0,0.0,0.0,0.0,1.0,0.0,0.0,0.0
7,9,0.0,0.0,0.0,0.0,0.0,0.0,0.0,0.0,0.0,1.0,0.0,0.0,0.0
7,9,0.0,0.0,0.0,0.0,0.0,0.0,0.0,0.0,0.0,1.0,0.0,0.0,0.0
7,9,0.0,0.0,0.0,0.0,0.0,0.0,0.0,0.0,0.0,1.0,0.0,0.0,0.0
7,9,0.0,0.0,0.0,0.0,0.0,0.0,0.0,0.0,0.0,1.0,0.0,0.0,0.0
7,9,0.0,0.0,0.0,0.0,0.0,0.0,0.0,0.0,0.0,1.0,0.0,0.0,0.0
7,9,0.0,0.0,0.0,0.0,0.0,0.0,0.0,0.0,0.0,1.0,0.0,0.0,0.0
7,9,0.0,0.0,0.0,0.0,0.0,0.0,0.0,0.0,0.0,1.0,0.0,0.0,0.0
7,9,0.0,0.0,0.0,0.0,0.0,0.0,0.0,0.0,0.0,1.0,0.0,0.0,0.0
7,9,0.0,0.0,0.0,0.0,0.0,0.0,0.0,0.0,0.0,1.0,0.0,0.0,0.0
7,9,0.0,0.0,0.0,0.0,0.0,0.0,0.0,0.0,0.0,1.0,0.0,0.0,0.0
7,9,0.0,0.0,0.0,0.0,0.0,0.0,0.0,0.0,0.0,1.0,0.0,0.0,0.0
7,9,0.0,0.0,0.0,0.0,0.0,0.0,0.0,0.0,0.0,1.0,0.0,0.0,0.0
7,9,0.0,0.0,0.0,0.0,0.0,0.0,0.0,0.0,0.0,1.0,0.0,0.0,0.0
7,9,0.0,0.0,0.0,0.0,0.0,0.0,0.0,0.0,0.0,1.0,0.0,0.0,0.0
7,9,0.0,0.0,0.0,0.0,0.0,0.0,0.0,0.0,0.0,1.0,0.0,0.0,0.0
7,9,0.0,0.0,0.0,0.0,0.0,0.0,0.0,0.0,0.0,1.0,0.0,0.0,0.0
7,9,0.0,0.0,0.0,0.0,0.0,0.0,0.0,0.0,0.0,1.0,0.0,0.0,0.0
7,9,0.0,0.0,0.0,0.0,0.0,0.0,0.0,0.0,0.0,1.0,0.0,0.0,0.0
7,9,0.0,0.0,0.0,0.0,0.0,0.0,0.0,0.0,0.0,1.0,0.0,0.0,0.0
7,9,0.0,0.0,0.0,0.0,0.0,0.0,0.0,0.0,0.0,1.0,0.0,0.0,0.0
7,9,0.0,0.0,0.0,0.0,0.0,0.0,0.0,0.0,0.0,1.0,0.0,0.0,0.0
7,9,0.0,0.0,0.0,0.0,0.0,0.0,0.0,0.0,0.0,1.0,0.0,0.0,0.0
7,9,0.0,0.0,0.0,0.0,0.0,0.0,0.0,0.0,0.0,1.0,0.0,0.0,0.0
7,9,0.0,0.0,0.0,0.0,0.0,0.0,0.0,0.0,0.0,1.0,0.0,0.0,0.0
7,9,0.0,0.0,0.0,0.0,0.0,0.0,0.0,0.0,0.0,1.0,0.0,0.0,0.0
7,9,0.0,0.0,0.0,0.0,0.0,0.0,0.0,0.0,0.0,1.0,0.0,0.0,0.0
7,9,0.0,0.0,0.0,0.0,0.0,0.0,0.0,0.0,0.0,1.0,0.0,0.0,0.0
7,9,0.0,0.0,0.0,0.0,0.0,0.0,0.0,0.0,0.0,1.0,0.0,0.0,0.0
7,9,0.0,0.0,0.0,0.0,0.0,0.0,0.0,0.0,0.0,1.0,0.0,0.0,0.0
7,9,0.0,0.0,0.0,0.0,0.0,0.0,0.0,0.0,0.0,1.0,0.0,0.0,0.0
7,9,0.0,0.0,0.0,0.0,0.0,0.0,0.0,0.0,0.0,1.0,0.0,0.0,0.0
7,9,0.0,0.0,0.0,0.0,0.0,0.0,0.0,0.0,0.0,1.0,0.0,0.0,0.0
7,9,0.0,0.0,0.0,0.0,0.0,0.0,0.0,0.0,0.0,1.0,0.0,0.0,0.0
7,9,0.0,0.0,0.0,0.0,0.0,0.0,0.0,0.0,0.0,1.0,0.0,0.0,0.0
7,9,0.0,0.0,0.0,0.0,0.0,0.0,0.0,0.0,0.0,1.0,0.0,0.0,0.0
7,9,0.0,0.0,0.0,0.0,0.0,0.0,0.0,0.0,0.0,1.0,0.0,0.0,0.0
7,9,0.0,0.0,0.0,0.0,0.0,0.0,0.0,0.0,0.0,1.0,0.0,0.0,0.0
7,9,0.0,0.0,0.0,0.0,0.0,0.0,0.0,0.0,0.0,1.0,0.0,0.0,0.0
7,9,0.0,0.0,0.0,0.0,0.0,0.0,0.0,0.0,0.0,1.0,0.0,0.0,0.0
7,9,0.0,0.0,0.0,0.0,0.0,0.0,0.0,0.0,0.0,1.0,0.0,0.0,0.0
7,9,0.0,0.0,0.0,0.0,0.0,0.0,0.0,0.0,0.0,1.0,0.0,0.0,0.0
7,9,0.0,0.0,0.0,0.0,0.0,0.0,0.0,0.0,0.0,1.0,0.0,0.0,0.0
7,9,0.0,0.0,0.0,0.0,0.0,0.0,0.0,0.0,0.0,1.0,0.0,0.0,0.0
7,9,0.0,0.0,0.0,0.0,0.0,0.0,0.0,0.0,0.0,1.0,0.0,0.0,0.0
7,9,0.0,0.0,0.0,0.0,0.0,0.0,0.0,0.0,0.0,1.0,0.0,0.0,0.0
7,9,0.0,0.0,0.0,0.0,0.0,0.0,0.0,0.0,0.0,1.0,0.0,0.0,0.0
7,9,0.0,0.0,0.0,0.0,0.0,0.0,0.0,0.0,0.0,1.0,0.0,0.0,0.0
7,9,0.0,0.0,0.0,0.0,0.0,0.0,0.0,0.0,0.0,1.0,0.0,0.0,0.0
7,9,0.0,0.0,0.0,0.0,0.0,0.0,0.0,0.0,0.0,1.0,0.0,0.0,0.0
7,9,0.0,0.0,0.0,0.0,0.0,0.0,0.0,0.0,0.0,1.0,0.0,0.0,0.0
7,9,0.0,0.0,0.0,0.0,0.0,0.0,0.0,0.0,0.0,1.0,0.0,0.0,0.0
7,9,0.0,0.0,0.0,0.0,0.0,0.0,0.0,0.0,0.0,1.0,0.0,0.0,0.0
7,9,0.0,0.0,0.0,0.0,0.0,0.0,0.0,0.0,0.0,1.0,0.0,0.0,0.0
7,9,0.0,0.0,0.0,0.0,0.0,0.0,0.0,0.0,0.0,1.0,0.0,0.0,0.0
7,9,0.0,0.0,0.0,0.0,0.0,0.0,0.0,0.0,0.0,1.0,0.0,0.0,0.0
7,9,0.0,0.0,0.0,0.0,0.0,0.0,0.0,0.0,0.0,1.0,0.0,0.0,0.0
7,9,0.0,0.0,0.0,0.0,0.0,0.0,0.0,0.0,0.0,1.0,0.0,0.0,0.0
7,9,0.0,0.0,0.0,0.0,0.0,0.0,0.0,0.0,0.0,1.0,0.0,0.0,0.0
7,9,0.0,0.0,0.0,0.0,0.0,0.0,0.0,0.0,0.0,1.0,0.0,0.0,0.0
7,9,0.0,0.0,0.0,0.0,0.0,0.0,0.0,0.0,0.0,1.0,0.0,0.0,0.0
7,9,0.0,0.0,0.0,0.0,0.0,0.0,0.0,0.0,0.0,1.0,0.0,0.0,0.0
7,9,0.0,0.0,0.0,0.0,0.0,0.0,0.0,0.0,0.0,1.0,0.0,0.0,0.0
7,9,0.0,0.0,0.0,0.0,0.0,0.0,0.0,0.0,0.0,1.0,0.0,0.0,0.0
7,9,0.0,0.0,0.0,0.0,0.0,0.0,0.0,0.0,0.0,1.0,0.0,0.0,0.0
7,9,0.0,0.0,0.0,0.0,0.0,0.0,0.0,0.0,0.0,1.0,0.0,0.0,0.0
7,9,0.0,0.0,0.0,0.0,0.0,0.0,0.0,0.0,0.0,1.0,0.0,0.0,0.0
7,9,0.0,0.0,0.0,0.0,0.0,0.0,0.0,0.0,0.0,1.0,0.0,0.0,0.0
7,9,0.0,0.0,0.0,0.0,0.0,0.0,0.0,0.0,0.0,1.0,0.0,0.0,0.0
7,9,0.0,0.0,0.0,0.0,0.0,0.0,0.0,0.0,0.0,1.0,0.0,0.0,0.0
7,9,0.0,0.0,0.0,0.0,0.0,0.0,0.0,0.0,0.0,1.0,0.0,0.0,0.0
7,9,0.0,0.0,0.0,0.0,0.0,0.0,0.0,0.0,0.0,1.0,0.0,0.0,0.0
7,9,0.0,0.0,0.0,0.0,0.0,0.0,0.0,0.0,0.0,1.0,0.0,0.0,0.0
7,9,0.0,0.0,0.0,0.0,0.0,0.0,0.0,0.0,0.0,1.0,0.0,0.0,0.0
7,9,0.0,0.0,0.0,0.0,0.0,0.0,0.0,0.0,0.0,1.0,0.0,0.0,0.0
7,9,0.0,0.0,0.0,0.0,0.0,0.0,0.0,0.0,0.0,1.0,0.0,0.0,0.0
7,9,0.0,0.0,0.0,0.0,0.0,0.0,0.0,0.0,0.0,1.0,0.0,0.0,0.0
7,9,0.0,0.0,0.0,0.0,0.0,0.0,0.0,0.0,0.0,1.0,0.0,0.0,0.0
7,9,0.0,0.0,0.0,0.0,0.0,0.0,0.0,0.0,0.0,1.0,0.0,0.0,0.0
7,9,0.0,0.0,0.0,0.0,0.0,0.0,0.0,0.0,0.0,1.0,0.0,0.0,0.0
7,9,0.0,0.0,0.0,0.0,0.0,0.0,0.0,0.0,0.0,1.0,0.0,0.0,0.0
7,9,0.0,0.0,0.0,0.0,0.0,0.0,0.0,0.0,0.0,1.0,0.0,0.0,0.0
7,9,0.0,0.0,0.0,0.0,0.0,0.0,0.0,0.0,0.0,1.0,0.0,0.0,0.0
7,9,0.0,0.0,0.0,0.0,0.0,0.0,0.0,0.0,0.0,1.0,0.0,0.0,0.0
7,9,0.0,0.0,0.0,0.0,0.0,0.0,0.0,0.0,0.0,1.0,0.0,0.0,0.0
7,9,0.0,0.0,0.0,0.0,0.0,0.0,0.0,0.0,0.0,1.0,0.0,0.0,0.0
7,9,0.0,0.0,0.0,0.0,0.0,0.0,0.0,0.0,0.0,1.0,0.0,0.0,0.0
7,9,0.0,0.0,0.0,0.0,0.0,0.0,0.0,0.0,0.0,1.0,0.0,0.0,0.0
7,9,0.0,0.0,0.0,0.0,0.0,0.0,0.0,0.0,0.0,1.0,0.0,0.0,0.0
7,9,0.0,0.0,0.0,0.0,0.0,0.0,0.0,0.0,0.0,1.0,0.0,0.0,0.0
7,9,0.0,0.0,0.0,0.0,0.0,0.0,0.0,0.0,0.0,1.0,0.0,0.0,0.0
7,9,0.0,0.0,0.0,0.0,0.0,0.0,0.0,0.0,0.0,1.0,0.0,0.0,0.0
7,9,0.0,0.0,0.0,0.0,0.0,0.0,0.0,0.0,0.0,1.0,0.0,0.0,0.0
7,9,0.0,0.0,0.0,0.0,0.0,0.0,0.0,0.0,0.0,1.0,0.0,0.0,0.0
7,9,0.0,0.0,0.0,0.0,0.0,0.0,0.0,0.0,0.0,1.0,0.0,0.0,0.0
7,9,0.0,0.0,0.0,0.0,0.0,0.0,0.0,0.0,0.0,1.0,0.0,0.0,0.0
7,9,0.0,0.0,0.0,0.0,0.0,0.0,0.0,0.0,0.0,1.0,0.0,0.0,0.0
7,9,0.0,0.0,0.0,0.0,0.0,0.0,0.0,0.0,0.0,1.0,0.0,0.0,0.0
7,9,0.0,0.0,0.0,0.0,0.0,0.0,0.0,0.0,0.0,1.0,0.0,0.0,0.0
7,9,0.0,0.0,0.0,0.0,0.0,0.0,0.0,0.0,0.0,1.0,0.0,0.0,0.0
7,9,0.0,0.0,0.0,0.0,0.0,0.0,0.0,0.0,0.0,1.0,0.0,0.0,0.0
7,9,0.0,0.0,0.0,0.0,0.0,0.0,0.0,0.0,0.0,1.0,0.0,0.0,0.0
7,9,0.0,0.0,0.0,0.0,0.0,0.0,0.0,0.0,0.0,1.0,0.0,0.0,0.0
7,9,0.0,0.0,0.0,0.0,0.0,0.0,0.0,0.0,0.0,1.0,0.0,0.0,0.0
7,9,0.0,0.0,0.0,0.0,0.0,0.0,0.0,0.0,0.0,1.0,0.0,0.0,0.0
7,9,0.0,0.0,0.0,0.0,0.0,0.0,0.0,0.0,0.0,1.0,0.0,0.0,0.0
7,9,0.0,0.0,0.0,0.0,0.0,0.0,0.0,0.0,0.0,1.0,0.0,0.0,0.0
7,9,0.0,0.0,0.0,0.0,0.0,0.0,0.0,0.0,0.0,1.0,0.0,0.0,0.0
7,9,0.0,0.0,0.0,0.0,0.0,0.0,0.0,0.0,0.0,1.0,0.0,0.0,0.0
7,9,0.0,0.0,0.0,0.0,0.0,0.0,0.0,0.0,0.0,1.0,0.0,0.0,0.0
7,9,0.0,0.0,0.0,0.0,0.0,0.0,0.0,0.0,0.0,1.0,0.0,0.0,0.0
7,9,0.0,0.0,0.0,0.0,0.0,0.0,0.0,0.0,0.0,1.0,0.0,0.0,0.0
7,9,0.0,0.0,0.0,0.0,0.0,0.0,0.0,0.0,0.0,1.0,0.0,0.0,0.0
7,9,0.0,0.0,0.0,0.0,0.0,0.0,0.0,0.0,0.0,1.0,0.0,0.0,0.0
7,9,0.0,0.0,0.0,0.0,0.0,0.0,0.0,0.0,0.0,1.0,0.0,0.0,0.0
7,9,0.0,0.0,0.0,0.0,0.0,0.0,0.0,0.0,0.0,1.0,0.0,0.0,0.0
7,9,0.0,0.0,0.0,0.0,0.0,0.0,0.0,0.0,0.0,1.0,0.0,0.0,0.0
7,9,0.0,0.0,0.0,0.0,0.0,0.0,0.0,0.0,0.0,1.0,0.0,0.0,0.0
7,9,0.0,0.0,0.0,0.0,0.0,0.0,0.0,0.0,0.0,1.0,0.0,0.0,0.0
7,9,0.0,0.0,0.0,0.0,0.0,0.0,0.0,0.0,0.0,1.0,0.0,0.0,0.0
7,9,0.0,0.0,0.0,0.0,0.0,0.0,0.0,0.0,0.0,1.0,0.0,0.0,0.0
7,9,0.0,0.0,0.0,0.0,0.0,0.0,0.0,0.0,0.0,1.0,0.0,0.0,0.0
7,9,0.0,0.0,0.0,0.0,0.0,0.0,0.0,0.0,0.0,1.0,0.0,0.0,0.0
7,9,0.0,0.0,0.0,0.0,0.0,0.0,0.0,0.0,0.0,1.0,0.0,0.0,0.0
7,9,0.0,0.0,0.0,0.0,0.0,0.0,0.0,0.0,0.0,1.0,0.0,0.0,0.0
7,9,0.0,0.0,0.0,0.0,0.0,0.0,0.0,0.0,0.0,1.0,0.0,0.0,0.0
7,9,0.0,0.0,0.0,0.0,0.0,0.0,0.0,0.0,0.0,1.0,0.0,0.0,0.0
7,9,0.0,0.0,0.0,0.0,0.0,0.0,0.0,0.0,0.0,1.0,0.0,0.0,0.0
7,9,0.0,0.0,0.0,0.0,0.0,0.0,0.0,0.0,0.0,1.0,0.0,0.0,0.0
7,9,0.0,0.0,0.0,0.0,0.0,0.0,0.0,0.0,0.0,1.0,0.0,0.0,0.0
7,9,0.0,0.0,0.0,0.0,0.0,0.0,0.0,0.0,0.0,1.0,0.0,0.0,0.0
7,9,0.0,0.0,0.0,0.0,0.0,0.0,0.0,0.0,0.0,1.0,0.0,0.0,0.0
7,9,0.0,0.0,0.0,0.0,0.0,0.0,0.0,0.0,0.0,1.0,0.0,0.0,0.0
7,9,0.0,0.0,0.0,0.0,0.0,0.0,0.0,0.0,0.0,1.0,0.0,0.0,0.0
7,9,0.0,0.0,0.0,0.0,0.0,0.0,0.0,0.0,0.0,1.0,0.0,0.0,0.0
7,9,0.0,0.0,0.0,0.0,0.0,0.0,0.0,0.0,0.0,1.0,0.0,0.0,0.0
7,9,0.0,0.0,0.0,0.0,0.0,0.0,0.0,0.0,0.0,1.0,0.0,0.0,0.0
7,9,0.0,0.0,0.0,0.0,0.0,0.0,0.0,0.0,0.0,1.0,0.0,0.0,0.0
7,9,0.0,0.0,0.0,0.0,0.0,0.0,0.0,0.0,0.0,1.0,0.0,0.0,0.0
7,9,0.0,0.0,0.0,0.0,0.0,0.0,0.0,0.0,0.0,1.0,0.0,0.0,0.0
7,9,0.0,0.0,0.0,0.0,0.0,0.0,0.0,0.0,0.0,1.0,0.0,0.0,0.0
7,9,0.0,0.0,0.0,0.0,0.0,0.0,0.0,0.0,0.0,1.0,0.0,0.0,0.0
7,9,0.0,0.0,0.0,0.0,0.0,0.0,0.0,0.0,0.0,1.0,0.0,0.0,0.0
7,9,0.0,0.0,0.0,0.0,0.0,0.0,0.0,0.0,0.0,1.0,0.0,0.0,0.0
7,9,0.0,0.0,0.0,0.0,0.0,0.0,0.0,0.0,0.0,1.0,0.0,0.0,0.0
7,9,0.0,0.0,0.0,0.0,0.0,0.0,0.0,0.0,0.0,1.0,0.0,0.0,0.0
7,9,0.0,0.0,0.0,0.0,0.0,0.0,0.0,0.0,0.0,1.0,0.0,0.0,0.0
7,9,0.0,0.0,0.0,0.0,0.0,0.0,0.0,0.0,0.0,1.0,0.0,0.0,0.0
7,9,0.0,0.0,0.0,0.0,0.0,0.0,0.0,0.0,0.0,1.0,0.0,0.0,0.0
7,9,0.0,0.0,0.0,0.0,0.0,0.0,0.0,0.0,0.0,1.0,0.0,0.0,0.0
7,9,0.0,0.0,0.0,0.0,0.0,0.0,0.0,0.0,0.0,1.0,0.0,0.0,0.0
7,9,0.0,0.0,0.0,0.0,0.0,0.0,0.0,0.0,0.0,1.0,0.0,0.0,0.0
7,9,0.0,0.0,0.0,0.0,0.0,0.0,0.0,0.0,0.0,1.0,0.0,0.0,0.0
7,9,0.0,0.0,0.0,0.0,0.0,0.0,0.0,0.0,0.0,1.0,0.0,0.0,0.0
7,9,0.0,0.0,0.0,0.0,0.0,0.0,0.0,0.0,0.0,1.0,0.0,0.0,0.0
7,9,0.0,0.0,0.0,0.0,0.0,0.0,0.0,0.0,0.0,1.0,0.0,0.0,0.0
7,9,0.0,0.0,0.0,0.0,0.0,0.0,0.0,0.0,0.0,1.0,0.0,0.0,0.0
7,9,0.0,0.0,0.0,0.0,0.0,0.0,0.0,0.0,0.0,1.0,0.0,0.0,0.0
7,9,0.0,0.0,0.0,0.0,0.0,0.0,0.0,0.0,0.0,1.0,0.0,0.0,0.0
7,9,0.0,0.0,0.0,0.0,0.0,0.0,0.0,0.0,0.0,1.0,0.0,0.0,0.0
7,9,0.0,0.0,0.0,0.0,0.0,0.0,0.0,0.0,0.0,1.0,0.0,0.0,0.0
7,9,0.0,0.0,0.0,0.0,0.0,0.0,0.0,0.0,0.0,1.0,0.0,0.0,0.0
7,9,0.0,0.0,0.0,0.0,0.0,0.0,0.0,0.0,0.0,1.0,0.0,0.0,0.0
7,9,0.0,0.0,0.0,0.0,0.0,0.0,0.0,0.0,0.0,1.0,0.0,0.0,0.0
7,9,0.0,0.0,0.0,0.0,0.0,0.0,0.0,0.0,0.0,1.0,0.0,0.0,0.0
7,9,0.0,0.0,0.0,0.0,0.0,0.0,0.0,0.0,0.0,1.0,0.0,0.0,0.0
7,9,0.0,0.0,0.0,0.0,0.0,0.0,0.0,0.0,0.0,1.0,0.0,0.0,0.0
7,9,0.0,0.0,0.0,0.0,0.0,0.0,0.0,0.0,0.0,1.0,0.0,0.0,0.0
7,9,0.0,0.0,0.0,0.0,0.0,0.0,0.0,0.0,0.0,1.0,0.0,0.0,0.0
7,9,0.0,0.0,0.0,0.0,0.0,0.0,0.0,0.0,0.0,1.0,0.0,0.0,0.0
7,9,0.0,0.0,0.0,0.0,0.0,0.0,0.0,0.0,0.0,1.0,0.0,0.0,0.0
7,9,0.0,0.0,0.0,0.0,0.0,0.0,0.0,0.0,0.0,1.0,0.0,0.0,0.0
7,9,0.0,0.0,0.0,0.0,0.0,0.0,0.0,0.0,0.0,1.0,0.0,0.0,0.0
7,9,0.0,0.0,0.0,0.0,0.0,0.0,0.0,0.0,0.0,1.0,0.0,0.0,0.0
7,9,0.0,0.0,0.0,0.0,0.0,0.0,0.0,0.0,0.0,1.0,0.0,0.0,0.0
7,9,0.0,0.0,0.0,0.0,0.0,0.0,0.0,0.0,0.0,1.0,0.0,0.0,0.0
7,9,0.0,0.0,0.0,0.0,0.0,0.0,0.0,0.0,0.0,1.0,0.0,0.0,0.0
7,9,0.0,0.0,0.0,0.0,0.0,0.0,0.0,0.0,0.0,1.0,0.0,0.0,0.0
7,9,0.0,0.0,0.0,0.0,0.0,0.0,0.0,0.0,0.0,1.0,0.0,0.0,0.0
7,9,0.0,0.0,0.0,0.0,0.0,0.0,0.0,0.0,0.0,1.0,0.0,0.0,0.0
7,9,0.0,0.0,0.0,0.0,0.0,0.0,0.0,0.0,0.0,1.0,0.0,0.0,0.0
7,9,0.0,0.0,0.0,0.0,0.0,0.0,0.0,0.0,0.0,1.0,0.0,0.0,0.0
7,9,0.0,0.0,0.0,0.0,0.0,0.0,0.0,0.0,0.0,1.0,0.0,0.0,0.0
7,9,0.0,0.0,0.0,0.0,0.0,0.0,0.0,0.0,0.0,1.0,0.0,0.0,0.0
7,9,0.0,0.0,0.0,0.0,0.0,0.0,0.0,0.0,0.0,1.0,0.0,0.0,0.0
7,9,0.0,0.0,0.0,0.0,0.0,0.0,0.0,0.0,0.0,1.0,0.0,0.0,0.0
7,9,0.0,0.0,0.0,0.0,0.0,0.0,0.0,0.0,0.0,1.0,0.0,0.0,0.0
7,9,0.0,0.0,0.0,0.0,0.0,0.0,0.0,0.0,0.0,1.0,0.0,0.0,0.0
7,9,0.0,0.0,0.0,0.0,0.0,0.0,0.0,0.0,0.0,1.0,0.0,0.0,0.0
7,9,0.0,0.0,0.0,0.0,0.0,0.0,0.0,0.0,0.0,1.0,0.0,0.0,0.0
7,9,0.0,0.0,0.0,0.0,0.0,0.0,0.0,0.0,0.0,1.0,0.0,0.0,0.0
7,9,0.0,0.0,0.0,0.0,0.0,0.0,0.0,0.0,0.0,1.0,0.0,0.0,0.0
7,9,0.0,0.0,0.0,0.0,0.0,0.0,0.0,0.0,0.0,1.0,0.0,0.0,0.0
7,9,0.0,0.0,0.0,0.0,0.0,0.0,0.0,0.0,0.0,1.0,0.0,0.0,0.0
7,9,0.0,0.0,0.0,0.0,0.0,0.0,0.0,0.0,0.0,1.0,0.0,0.0,0.0
7,9,0.0,0.0,0.0,0.0,0.0,0.0,0.0,0.0,0.0,1.0,0.0,0.0,0.0
7,9,0.0,0.0,0.0,0.0,0.0,0.0,0.0,0.0,0.0,1.0,0.0,0.0,0.0
7,9,0.0,0.0,0.0,0.0,0.0,0.0,0.0,0.0,0.0,1.0,0.0,0.0,0.0
7,9,0.0,0.0,0.0,0.0,0.0,0.0,0.0,0.0,0.0,1.0,0.0,0.0,0.0
7,9,0.0,0.0,0.0,0.0,0.0,0.0,0.0,0.0,0.0,1.0,0.0,0.0,0.0
7,9,0.0,0.0,0.0,0.0,0.0,0.0,0.0,0.0,0.0,1.0,0.0,0.0,0.0
7,9,0.0,0.0,0.0,0.0,0.0,0.0,0.0,0.0,0.0,1.0,0.0,0.0,0.0
7,9,0.0,0.0,0.0,0.0,0.0,0.0,0.0,0.0,0.0,1.0,0.0,0.0,0.0
7,9,0.0,0.0,0.0,0.0,0.0,0.0,0.0,0.0,0.0,1.0,0.0,0.0,0.0
7,9,0.0,0.0,0.0,0.0,0.0,0.0,0.0,0.0,0.0,1.0,0.0,0.0,0.0
7,9,0.0,0.0,0.0,0.0,0.0,0.0,0.0,0.0,0.0,1.0,0.0,0.0,0.0
7,9,0.0,0.0,0.0,0.0,0.0,0.0,0.0,0.0,0.0,1.0,0.0,0.0,0.0
7,9,0.0,0.0,0.0,0.0,0.0,0.0,0.0,0.0,0.0,1.0,0.0,0.0,0.0
7,9,0.0,0.0,0.0,0.0,0.0,0.0,0.0,0.0,0.0,1.0,0.0,0.0,0.0
7,9,0.0,0.0,0.0,0.0,0.0,0.0,0.0,0.0,0.0,1.0,0.0,0.0,0.0
7,9,0.0,0.0,0.0,0.0,0.0,0.0,0.0,0.0,0.0,1.0,0.0,0.0,0.0
7,9,0.0,0.0,0.0,0.0,0.0,0.0,0.0,0.0,0.0,1.0,0.0,0.0,0.0
7,9,0.0,0.0,0.0,0.0,0.0,0.0,0.0,0.0,0.0,1.0,0.0,0.0,0.0
7,9,0.0,0.0,0.0,0.0,0.0,0.0,0.0,0.0,0.0,1.0,0.0,0.0,0.0
7,9,0.0,0.0,0.0,0.0,0.0,0.0,0.0,0.0,0.0,1.0,0.0,0.0,0.0
7,9,0.0,0.0,0.0,0.0,0.0,0.0,0.0,0.0,0.0,1.0,0.0,0.0,0.0
7,9,0.0,0.0,0.0,0.0,0.0,0.0,0.0,0.0,0.0,1.0,0.0,0.0,0.0
7,9,0.0,0.0,0.0,0.0,0.0,0.0,0.0,0.0,0.0,1.0,0.0,0.0,0.0
7,9,0.0,0.0,0.0,0.0,0.0,0.0,0.0,0.0,0.0,1.0,0.0,0.0,0.0
7,9,0.0,0.0,0.0,0.0,0.0,0.0,0.0,0.0,0.0,1.0,0.0,0.0,0.0
7,9,0.0,0.0,0.0,0.0,0.0,0.0,0.0,0.0,0.0,1.0,0.0,0.0,0.0
7,9,0.0,0.0,0.0,0.0,0.0,0.0,0.0,0.0,0.0,1.0,0.0,0.0,0.0
7,9,0.0,0.0,0.0,0.0,0.0,0.0,0.0,0.0,0.0,1.0,0.0,0.0,0.0
7,9,0.0,0.0,0.0,0.0,0.0,0.0,0.0,0.0,0.0,1.0,0.0,0.0,0.0
7,9,0.0,0.0,0.0,0.0,0.0,0.0,0.0,0.0,0.0,1.0,0.0,0.0,0.0
7,9,0.0,0.0,0.0,0.0,0.0,0.0,0.0,0.0,0.0,1.0,0.0,0.0,0.0
7,9,0.0,0.0,0.0,0.0,0.0,0.0,0.0,0.0,0.0,1.0,0.0,0.0,0.0
7,9,0.0,0.0,0.0,0.0,0.0,0.0,0.0,0.0,0.0,1.0,0.0,0.0,0.0
7,9,0.0,0.0,0.0,0.0,0.0,0.0,0.0,0.0,0.0,1.0,0.0,0.0,0.0
7,9,0.0,0.0,0.0,0.0,0.0,0.0,0.0,0.0,0.0,1.0,0.0,0.0,0.0
7,9,0.0,0.0,0.0,0.0,0.0,0.0,0.0,0.0,0.0,1.0,0.0,0.0,0.0
7,9,0.0,0.0,0.0,0.0,0.0,0.0,0.0,0.0,0.0,1.0,0.0,0.0,0.0
7,9,0.0,0.0,0.0,0.0,0.0,0.0,0.0,0.0,0.0,1.0,0.0,0.0,0.0
7,9,0.0,0.0,0.0,0.0,0.0,0.0,0.0,0.0,0.0,1.0,0.0,0.0,0.0
7,9,0.0,0.0,0.0,0.0,0.0,0.0,0.0,0.0,0.0,1.0,0.0,0.0,0.0
7,9,0.0,0.0,0.0,0.0,0.0,0.0,0.0,0.0,0.0,1.0,0.0,0.0,0.0
7,9,0.0,0.0,0.0,0.0,0.0,0.0,0.0,0.0,0.0,1.0,0.0,0.0,0.0
7,9,0.0,0.0,0.0,0.0,0.0,0.0,0.0,0.0,0.0,1.0,0.0,0.0,0.0
7,9,0.0,0.0,0.0,0.0,0.0,0.0,0.0,0.0,0.0,1.0,0.0,0.0,0.0
7,9,0.0,0.0,0.0,0.0,0.0,0.0,0.0,0.0,0.0,1.0,0.0,0.0,0.0
7,9,0.0,0.0,0.0,0.0,0.0,0.0,0.0,0.0,0.0,1.0,0.0,0.0,0.0
7,9,0.0,0.0,0.0,0.0,0.0,0.0,0.0,0.0,0.0,1.0,0.0,0.0,0.0
7,9,0.0,0.0,0.0,0.0,0.0,0.0,0.0,0.0,0.0,1.0,0.0,0.0,0.0
7,9,0.0,0.0,0.0,0.0,0.0,0.0,0.0,0.0,0.0,1.0,0.0,0.0,0.0
7,9,0.0,0.0,0.0,0.0,0.0,0.0,0.0,0.0,0.0,1.0,0.0,0.0,0.0
7,9,0.0,0.0,0.0,0.0,0.0,0.0,0.0,0.0,0.0,1.0,0.0,0.0,0.0
7,9,0.0,0.0,0.0,0.0,0.0,0.0,0.0,0.0,0.0,1.0,0.0,0.0,0.0
7,9,0.0,0.0,0.0,0.0,0.0,0.0,0.0,0.0,0.0,1.0,0.0,0.0,0.0
7,9,0.0,0.0,0.0,0.0,0.0,0.0,0.0,0.0,0.0,1.0,0.0,0.0,0.0
7,9,0.0,0.0,0.0,0.0,0.0,0.0,0.0,0.0,0.0,1.0,0.0,0.0,0.0
7,9,0.0,0.0,0.0,0.0,0.0,0.0,0.0,0.0,0.0,1.0,0.0,0.0,0.0
7,9,0.0,0.0,0.0,0.0,0.0,0.0,0.0,0.0,0.0,1.0,0.0,0.0,0.0
7,9,0.0,0.0,0.0,0.0,0.0,0.0,0.0,0.0,0.0,1.0,0.0,0.0,0.0
7,9,0.0,0.0,0.0,0.0,0.0,0.0,0.0,0.0,0.0,1.0,0.0,0.0,0.0
7,9,0.0,0.0,0.0,0.0,0.0,0.0,0.0,0.0,0.0,1.0,0.0,0.0,0.0
7,9,0.0,0.0,0.0,0.0,0.0,0.0,0.0,0.0,0.0,1.0,0.0,0.0,0.0
7,9,0.0,0.0,0.0,0.0,0.0,0.0,0.0,0.0,0.0,1.0,0.0,0.0,0.0
7,9,0.0,0.0,0.0,0.0,0.0,0.0,0.0,0.0,0.0,1.0,0.0,0.0,0.0
7,9,0.0,0.0,0.0,0.0,0.0,0.0,0.0,0.0,0.0,1.0,0.0,0.0,0.0
7,9,0.0,0.0,0.0,0.0,0.0,0.0,0.0,0.0,0.0,1.0,0.0,0.0,0.0
7,9,0.0,0.0,0.0,0.0,0.0,0.0,0.0,0.0,0.0,1.0,0.0,0.0,0.0
7,9,0.0,0.0,0.0,0.0,0.0,0.0,0.0,0.0,0.0,1.0,0.0,0.0,0.0
7,9,0.0,0.0,0.0,0.0,0.0,0.0,0.0,0.0,0.0,1.0,0.0,0.0,0.0
7,9,0.0,0.0,0.0,0.0,0.0,0.0,0.0,0.0,0.0,1.0,0.0,0.0,0.0
7,9,0.0,0.0,0.0,0.0,0.0,0.0,0.0,0.0,0.0,1.0,0.0,0.0,0.0
7,9,0.0,0.0,0.0,0.0,0.0,0.0,0.0,0.0,0.0,1.0,0.0,0.0,0.0
7,9,0.0,0.0,0.0,0.0,0.0,0.0,0.0,0.0,0.0,1.0,0.0,0.0,0.0
7,9,0.0,0.0,0.0,0.0,0.0,0.0,0.0,0.0,0.0,1.0,0.0,0.0,0.0
7,9,0.0,0.0,0.0,0.0,0.0,0.0,0.0,0.0,0.0,1.0,0.0,0.0,0.0
7,9,0.0,0.0,0.0,0.0,0.0,0.0,0.0,0.0,0.0,1.0,0.0,0.0,0.0
7,9,0.0,0.0,0.0,0.0,0.0,0.0,0.0,0.0,0.0,1.0,0.0,0.0,0.0
7,9,0.0,0.0,0.0,0.0,0.0,0.0,0.0,0.0,0.0,1.0,0.0,0.0,0.0
7,9,0.0,0.0,0.0,0.0,0.0,0.0,0.0,0.0,0.0,1.0,0.0,0.0,0.0
7,9,0.0,0.0,0.0,0.0,0.0,0.0,0.0,0.0,0.0,1.0,0.0,0.0,0.0
7,9,0.0,0.0,0.0,0.0,0.0,0.0,0.0,0.0,0.0,1.0,0.0,0.0,0.0
7,9,0.0,0.0,0.0,0.0,0.0,0.0,0.0,0.0,0.0,1.0,0.0,0.0,0.0
7,9,0.0,0.0,0.0,0.0,0.0,0.0,0.0,0.0,0.0,1.0,0.0,0.0,0.0
7,9,0.0,0.0,0.0,0.0,0.0,0.0,0.0,0.0,0.0,1.0,0.0,0.0,0.0
7,9,0.0,0.0,0.0,0.0,0.0,0.0,0.0,0.0,0.0,1.0,0.0,0.0,0.0
7,9,0.0,0.0,0.0,0.0,0.0,0.0,0.0,0.0,0.0,1.0,0.0,0.0,0.0
7,9,0.0,0.0,0.0,0.0,0.0,0.0,0.0,0.0,0.0,1.0,0.0,0.0,0.0
7,9,0.0,0.0,0.0,0.0,0.0,0.0,0.0,0.0,0.0,1.0,0.0,0.0,0.0
7,9,0.0,0.0,0.0,0.0,0.0,0.0,0.0,0.0,0.0,1.0,0.0,0.0,0.0
7,9,0.0,0.0,0.0,0.0,0.0,0.0,0.0,0.0,0.0,1.0,0.0,0.0,0.0
7,9,0.0,0.0,0.0,0.0,0.0,0.0,0.0,0.0,0.0,1.0,0.0,0.0,0.0
7,9,0.0,0.0,0.0,0.0,0.0,0.0,0.0,0.0,0.0,1.0,0.0,0.0,0.0
7,9,0.0,0.0,0.0,0.0,0.0,0.0,0.0,0.0,0.0,1.0,0.0,0.0,0.0
7,9,0.0,0.0,0.0,0.0,0.0,0.0,0.0,0.0,0.0,1.0,0.0,0.0,0.0
7,9,0.0,0.0,0.0,0.0,0.0,0.0,0.0,0.0,0.0,1.0,0.0,0.0,0.0
7,9,0.0,0.0,0.0,0.0,0.0,0.0,0.0,0.0,0.0,1.0,0.0,0.0,0.0
7,9,0.0,0.0,0.0,0.0,0.0,0.0,0.0,0.0,0.0,1.0,0.0,0.0,0.0
7,9,0.0,0.0,0.0,0.0,0.0,0.0,0.0,0.0,0.0,1.0,0.0,0.0,0.0
7,9,0.0,0.0,0.0,0.0,0.0,0.0,0.0,0.0,0.0,1.0,0.0,0.0,0.0
7,9,0.0,0.0,0.0,0.0,0.0,0.0,0.0,0.0,0.0,1.0,0.0,0.0,0.0
7,9,0.0,0.0,0.0,0.0,0.0,0.0,0.0,0.0,0.0,1.0,0.0,0.0,0.0
7,9,0.0,0.0,0.0,0.0,0.0,0.0,0.0,0.0,0.0,1.0,0.0,0.0,0.0
7,9,0.0,0.0,0.0,0.0,0.0,0.0,0.0,0.0,0.0,1.0,0.0,0.0,0.0
7,9,0.0,0.0,0.0,0.0,0.0,0.0,0.0,0.0,0.0,1.0,0.0,0.0,0.0
7,9,0.0,0.0,0.0,0.0,0.0,0.0,0.0,0.0,0.0,1.0,0.0,0.0,0.0
7,9,0.0,0.0,0.0,0.0,0.0,0.0,0.0,0.0,0.0,1.0,0.0,0.0,0.0
7,9,0.0,0.0,0.0,0.0,0.0,0.0,0.0,0.0,0.0,1.0,0.0,0.0,0.0
7,9,0.0,0.0,0.0,0.0,0.0,0.0,0.0,0.0,0.0,1.0,0.0,0.0,0.0
7,9,0.0,0.0,0.0,0.0,0.0,0.0,0.0,0.0,0.0,1.0,0.0,0.0,0.0
7,9,0.0,0.0,0.0,0.0,0.0,0.0,0.0,0.0,0.0,1.0,0.0,0.0,0.0
7,9,0.0,0.0,0.0,0.0,0.0,0.0,0.0,0.0,0.0,1.0,0.0,0.0,0.0
7,9,0.0,0.0,0.0,0.0,0.0,0.0,0.0,0.0,0.0,1.0,0.0,0.0,0.0
7,9,0.0,0.0,0.0,0.0,0.0,0.0,0.0,0.0,0.0,1.0,0.0,0.0,0.0
7,9,0.0,0.0,0.0,0.0,0.0,0.0,0.0,0.0,0.0,1.0,0.0,0.0,0.0
7,9,0.0,0.0,0.0,0.0,0.0,0.0,0.0,0.0,0.0,1.0,0.0,0.0,0.0
7,9,0.0,0.0,0.0,0.0,0.0,0.0,0.0,0.0,0.0,1.0,0.0,0.0,0.0
7,9,0.0,0.0,0.0,0.0,0.0,0.0,0.0,0.0,0.0,1.0,0.0,0.0,0.0
7,9,0.0,0.0,0.0,0.0,0.0,0.0,0.0,0.0,0.0,1.0,0.0,0.0,0.0
7,9,0.0,0.0,0.0,0.0,0.0,0.0,0.0,0.0,0.0,1.0,0.0,0.0,0.0
7,9,0.0,0.0,0.0,0.0,0.0,0.0,0.0,0.0,0.0,1.0,0.0,0.0,0.0
7,9,0.0,0.0,0.0,0.0,0.0,0.0,0.0,0.0,0.0,1.0,0.0,0.0,0.0
7,9,0.0,0.0,0.0,0.0,0.0,0.0,0.0,0.0,0.0,1.0,0.0,0.0,0.0
7,9,0.0,0.0,0.0,0.0,0.0,0.0,0.0,0.0,0.0,1.0,0.0,0.0,0.0
7,9,0.0,0.0,0.0,0.0,0.0,0.0,0.0,0.0,0.0,1.0,0.0,0.0,0.0
7,9,0.0,0.0,0.0,0.0,0.0,0.0,0.0,0.0,0.0,1.0,0.0,0.0,0.0
7,9,0.0,0.0,0.0,0.0,0.0,0.0,0.0,0.0,0.0,1.0,0.0,0.0,0.0
7,9,0.0,0.0,0.0,0.0,0.0,0.0,0.0,0.0,0.0,1.0,0.0,0.0,0.0
7,9,0.0,0.0,0.0,0.0,0.0,0.0,0.0,0.0,0.0,1.0,0.0,0.0,0.0
7,9,0.0,0.0,0.0,0.0,0.0,0.0,0.0,0.0,0.0,1.0,0.0,0.0,0.0
7,9,0.0,0.0,0.0,0.0,0.0,0.0,0.0,0.0,0.0,1.0,0.0,0.0,0.0
7,9,0.0,0.0,0.0,0.0,0.0,0.0,0.0,0.0,0.0,1.0,0.0,0.0,0.0
7,9,0.0,0.0,0.0,0.0,0.0,0.0,0.0,0.0,0.0,1.0,0.0,0.0,0.0
7,9,0.0,0.0,0.0,0.0,0.0,0.0,0.0,0.0,0.0,1.0,0.0,0.0,0.0
7,9,0.0,0.0,0.0,0.0,0.0,0.0,0.0,0.0,0.0,1.0,0.0,0.0,0.0
7,9,0.0,0.0,0.0,0.0,0.0,0.0,0.0,0.0,0.0,1.0,0.0,0.0,0.0
7,9,0.0,0.0,0.0,0.0,0.0,0.0,0.0,0.0,0.0,1.0,0.0,0.0,0.0
7,9,0.0,0.0,0.0,0.0,0.0,0.0,0.0,0.0,0.0,1.0,0.0,0.0,0.0
7,9,0.0,0.0,0.0,0.0,0.0,0.0,0.0,0.0,0.0,1.0,0.0,0.0,0.0
7,9,0.0,0.0,0.0,0.0,0.0,0.0,0.0,0.0,0.0,1.0,0.0,0.0,0.0
7,9,0.0,0.0,0.0,0.0,0.0,0.0,0.0,0.0,0.0,1.0,0.0,0.0,0.0
7,9,0.0,0.0,0.0,0.0,0.0,0.0,0.0,0.0,0.0,1.0,0.0,0.0,0.0
7,9,0.0,0.0,0.0,0.0,0.0,0.0,0.0,0.0,0.0,1.0,0.0,0.0,0.0
7,9,0.0,0.0,0.0,0.0,0.0,0.0,0.0,0.0,0.0,1.0,0.0,0.0,0.0
7,9,0.0,0.0,0.0,0.0,0.0,0.0,0.0,0.0,0.0,1.0,0.0,0.0,0.0
7,9,0.0,0.0,0.0,0.0,0.0,0.0,0.0,0.0,0.0,1.0,0.0,0.0,0.0
7,9,0.0,0.0,0.0,0.0,0.0,0.0,0.0,0.0,0.0,1.0,0.0,0.0,0.0
7,9,0.0,0.0,0.0,0.0,0.0,0.0,0.0,0.0,0.0,1.0,0.0,0.0,0.0
7,9,0.0,0.0,0.0,0.0,0.0,0.0,0.0,0.0,0.0,1.0,0.0,0.0,0.0
7,9,0.0,0.0,0.0,0.0,0.0,0.0,0.0,0.0,0.0,1.0,0.0,0.0,0.0
7,9,0.0,0.0,0.0,0.0,0.0,0.0,0.0,0.0,0.0,1.0,0.0,0.0,0.0
7,9,0.0,0.0,0.0,0.0,0.0,0.0,0.0,0.0,0.0,1.0,0.0,0.0,0.0
7,9,0.0,0.0,0.0,0.0,0.0,0.0,0.0,0.0,0.0,1.0,0.0,0.0,0.0
7,9,0.0,0.0,0.0,0.0,0.0,0.0,0.0,0.0,0.0,1.0,0.0,0.0,0.0
7,9,0.0,0.0,0.0,0.0,0.0,0.0,0.0,0.0,0.0,1.0,0.0,0.0,0.0
7,9,0.0,0.0,0.0,0.0,0.0,0.0,0.0,0.0,0.0,1.0,0.0,0.0,0.0
7,9,0.0,0.0,0.0,0.0,0.0,0.0,0.0,0.0,0.0,1.0,0.0,0.0,0.0
7,9,0.0,0.0,0.0,0.0,0.0,0.0,0.0,0.0,0.0,1.0,0.0,0.0,0.0
7,9,0.0,0.0,0.0,0.0,0.0,0.0,0.0,0.0,0.0,1.0,0.0,0.0,0.0
7,9,0.0,0.0,0.0,0.0,0.0,0.0,0.0,0.0,0.0,1.0,0.0,0.0,0.0
7,9,0.0,0.0,0.0,0.0,0.0,0.0,0.0,0.0,0.0,1.0,0.0,0.0,0.0
7,9,0.0,0.0,0.0,0.0,0.0,0.0,0.0,0.0,0.0,1.0,0.0,0.0,0.0
7,9,0.0,0.0,0.0,0.0,0.0,0.0,0.0,0.0,0.0,1.0,0.0,0.0,0.0
7,9,0.0,0.0,0.0,0.0,0.0,0.0,0.0,0.0,0.0,1.0,0.0,0.0,0.0
7,9,0.0,0.0,0.0,0.0,0.0,0.0,0.0,0.0,0.0,1.0,0.0,0.0,0.0
7,9,0.0,0.0,0.0,0.0,0.0,0.0,0.0,0.0,0.0,1.0,0.0,0.0,0.0
7,9,0.0,0.0,0.0,0.0,0.0,0.0,0.0,0.0,0.0,1.0,0.0,0.0,0.0
7,9,0.0,0.0,0.0,0.0,0.0,0.0,0.0,0.0,0.0,1.0,0.0,0.0,0.0
7,9,0.0,0.0,0.0,0.0,0.0,0.0,0.0,0.0,0.0,1.0,0.0,0.0,0.0
7,9,0.0,0.0,0.0,0.0,0.0,0.0,0.0,0.0,0.0,1.0,0.0,0.0,0.0
7,9,0.0,0.0,0.0,0.0,0.0,0.0,0.0,0.0,0.0,1.0,0.0,0.0,0.0
7,9,0.0,0.0,0.0,0.0,0.0,0.0,0.0,0.0,0.0,1.0,0.0,0.0,0.0
7,9,0.0,0.0,0.0,0.0,0.0,0.0,0.0,0.0,0.0,1.0,0.0,0.0,0.0
7,9,0.0,0.0,0.0,0.0,0.0,0.0,0.0,0.0,0.0,1.0,0.0,0.0,0.0
7,9,0.0,0.0,0.0,0.0,0.0,0.0,0.0,0.0,0.0,1.0,0.0,0.0,0.0
7,9,0.0,0.0,0.0,0.0,0.0,0.0,0.0,0.0,0.0,1.0,0.0,0.0,0.0
7,9,0.0,0.0,0.0,0.0,0.0,0.0,0.0,0.0,0.0,1.0,0.0,0.0,0.0
7,9,0.0,0.0,0.0,0.0,0.0,0.0,0.0,0.0,0.0,1.0,0.0,0.0,0.0
7,9,0.0,0.0,0.0,0.0,0.0,0.0,0.0,0.0,0.0,1.0,0.0,0.0,0.0
7,9,0.0,0.0,0.0,0.0,0.0,0.0,0.0,0.0,0.0,1.0,0.0,0.0,0.0
7,9,0.0,0.0,0.0,0.0,0.0,0.0,0.0,0.0,0.0,1.0,0.0,0.0,0.0
7,9,0.0,0.0,0.0,0.0,0.0,0.0,0.0,0.0,0.0,1.0,0.0,0.0,0.0
7,9,0.0,0.0,0.0,0.0,0.0,0.0,0.0,0.0,0.0,1.0,0.0,0.0,0.0
7,9,0.0,0.0,0.0,0.0,0.0,0.0,0.0,0.0,0.0,1.0,0.0,0.0,0.0
7,9,0.0,0.0,0.0,0.0,0.0,0.0,0.0,0.0,0.0,1.0,0.0,0.0,0.0
7,9,0.0,0.0,0.0,0.0,0.0,0.0,0.0,0.0,0.0,1.0,0.0,0.0,0.0
7,9,0.0,0.0,0.0,0.0,0.0,0.0,0.0,0.0,0.0,1.0,0.0,0.0,0.0
7,9,0.0,0.0,0.0,0.0,0.0,0.0,0.0,0.0,0.0,1.0,0.0,0.0,0.0
7,9,0.0,0.0,0.0,0.0,0.0,0.0,0.0,0.0,0.0,1.0,0.0,0.0,0.0
7,9,0.0,0.0,0.0,0.0,0.0,0.0,0.0,0.0,0.0,1.0,0.0,0.0,0.0
7,9,0.0,0.0,0.0,0.0,0.0,0.0,0.0,0.0,0.0,1.0,0.0,0.0,0.0
7,9,0.0,0.0,0.0,0.0,0.0,0.0,0.0,0.0,0.0,1.0,0.0,0.0,0.0
7,9,0.0,0.0,0.0,0.0,0.0,0.0,0.0,0.0,0.0,1.0,0.0,0.0,0.0
7,9,0.0,0.0,0.0,0.0,0.0,0.0,0.0,0.0,0.0,1.0,0.0,0.0,0.0
7,9,0.0,0.0,0.0,0.0,0.0,0.0,0.0,0.0,0.0,1.0,0.0,0.0,0.0
7,9,0.0,0.0,0.0,0.0,0.0,0.0,0.0,0.0,0.0,1.0,0.0,0.0,0.0
7,9,0.0,0.0,0.0,0.0,0.0,0.0,0.0,0.0,0.0,1.0,0.0,0.0,0.0
7,9,0.0,0.0,0.0,0.0,0.0,0.0,0.0,0.0,0.0,1.0,0.0,0.0,0.0
7,9,0.0,0.0,0.0,0.0,0.0,0.0,0.0,0.0,0.0,1.0,0.0,0.0,0.0
7,9,0.0,0.0,0.0,0.0,0.0,0.0,0.0,0.0,0.0,1.0,0.0,0.0,0.0
7,9,0.0,0.0,0.0,0.0,0.0,0.0,0.0,0.0,0.0,1.0,0.0,0.0,0.0
7,9,0.0,0.0,0.0,0.0,0.0,0.0,0.0,0.0,0.0,1.0,0.0,0.0,0.0
7,9,0.0,0.0,0.0,0.0,0.0,0.0,0.0,0.0,0.0,1.0,0.0,0.0,0.0
7,9,0.0,0.0,0.0,0.0,0.0,0.0,0.0,0.0,0.0,1.0,0.0,0.0,0.0
7,9,0.0,0.0,0.0,0.0,0.0,0.0,0.0,0.0,0.0,1.0,0.0,0.0,0.0
7,9,0.0,0.0,0.0,0.0,0.0,0.0,0.0,0.0,0.0,1.0,0.0,0.0,0.0
7,9,0.0,0.0,0.0,0.0,0.0,0.0,0.0,0.0,0.0,1.0,0.0,0.0,0.0
7,9,0.0,0.0,0.0,0.0,0.0,0.0,0.0,0.0,0.0,1.0,0.0,0.0,0.0
7,9,0.0,0.0,0.0,0.0,0.0,0.0,0.0,0.0,0.0,1.0,0.0,0.0,0.0
7,9,0.0,0.0,0.0,0.0,0.0,0.0,0.0,0.0,0.0,1.0,0.0,0.0,0.0
7,9,0.0,0.0,0.0,0.0,0.0,0.0,0.0,0.0,0.0,1.0,0.0,0.0,0.0
7,9,0.0,0.0,0.0,0.0,0.0,0.0,0.0,0.0,0.0,1.0,0.0,0.0,0.0
7,9,0.0,0.0,0.0,0.0,0.0,0.0,0.0,0.0,0.0,1.0,0.0,0.0,0.0
7,9,0.0,0.0,0.0,0.0,0.0,0.0,0.0,0.0,0.0,1.0,0.0,0.0,0.0
7,9,0.0,0.0,0.0,0.0,0.0,0.0,0.0,0.0,0.0,1.0,0.0,0.0,0.0
7,9,0.0,0.0,0.0,0.0,0.0,0.0,0.0,0.0,0.0,1.0,0.0,0.0,0.0
7,9,0.0,0.0,0.0,0.0,0.0,0.0,0.0,0.0,0.0,1.0,0.0,0.0,0.0
7,9,0.0,0.0,0.0,0.0,0.0,0.0,0.0,0.0,0.0,1.0,0.0,0.0,0.0
7,9,0.0,0.0,0.0,0.0,0.0,0.0,0.0,0.0,0.0,1.0,0.0,0.0,0.0
7,9,0.0,0.0,0.0,0.0,0.0,0.0,0.0,0.0,0.0,1.0,0.0,0.0,0.0
7,9,0.0,0.0,0.0,0.0,0.0,0.0,0.0,0.0,0.0,1.0,0.0,0.0,0.0
7,9,0.0,0.0,0.0,0.0,0.0,0.0,0.0,0.0,0.0,1.0,0.0,0.0,0.0
7,9,0.0,0.0,0.0,0.0,0.0,0.0,0.0,0.0,0.0,1.0,0.0,0.0,0.0
7,9,0.0,0.0,0.0,0.0,0.0,0.0,0.0,0.0,0.0,1.0,0.0,0.0,0.0
7,9,0.0,0.0,0.0,0.0,0.0,0.0,0.0,0.0,0.0,1.0,0.0,0.0,0.0
7,9,0.0,0.0,0.0,0.0,0.0,0.0,0.0,0.0,0.0,1.0,0.0,0.0,0.0
7,9,0.0,0.0,0.0,0.0,0.0,0.0,0.0,0.0,0.0,1.0,0.0,0.0,0.0
7,9,0.0,0.0,0.0,0.0,0.0,0.0,0.0,0.0,0.0,1.0,0.0,0.0,0.0
7,9,0.0,0.0,0.0,0.0,0.0,0.0,0.0,0.0,0.0,1.0,0.0,0.0,0.0
7,9,0.0,0.0,0.0,0.0,0.0,0.0,0.0,0.0,0.0,1.0,0.0,0.0,0.0
7,9,0.0,0.0,0.0,0.0,0.0,0.0,0.0,0.0,0.0,1.0,0.0,0.0,0.0
7,9,0.0,0.0,0.0,0.0,0.0,0.0,0.0,0.0,0.0,1.0,0.0,0.0,0.0
7,9,0.0,0.0,0.0,0.0,0.0,0.0,0.0,0.0,0.0,1.0,0.0,0.0,0.0
7,9,0.0,0.0,0.0,0.0,0.0,0.0,0.0,0.0,0.0,1.0,0.0,0.0,0.0
7,9,0.0,0.0,0.0,0.0,0.0,0.0,0.0,0.0,0.0,1.0,0.0,0.0,0.0
7,9,0.0,0.0,0.0,0.0,0.0,0.0,0.0,0.0,0.0,1.0,0.0,0.0,0.0
7,9,0.0,0.0,0.0,0.0,0.0,0.0,0.0,0.0,0.0,1.0,0.0,0.0,0.0
7,9,0.0,0.0,0.0,0.0,0.0,0.0,0.0,0.0,0.0,1.0,0.0,0.0,0.0
7,9,0.0,0.0,0.0,0.0,0.0,0.0,0.0,0.0,0.0,1.0,0.0,0.0,0.0
7,9,0.0,0.0,0.0,0.0,0.0,0.0,0.0,0.0,0.0,1.0,0.0,0.0,0.0
7,9,0.0,0.0,0.0,0.0,0.0,0.0,0.0,0.0,0.0,1.0,0.0,0.0,0.0
7,9,0.0,0.0,0.0,0.0,0.0,0.0,0.0,0.0,0.0,1.0,0.0,0.0,0.0
7,9,0.0,0.0,0.0,0.0,0.0,0.0,0.0,0.0,0.0,1.0,0.0,0.0,0.0
7,9,0.0,0.0,0.0,0.0,0.0,0.0,0.0,0.0,0.0,1.0,0.0,0.0,0.0
7,9,0.0,0.0,0.0,0.0,0.0,0.0,0.0,0.0,0.0,1.0,0.0,0.0,0.0
7,9,0.0,0.0,0.0,0.0,0.0,0.0,0.0,0.0,0.0,1.0,0.0,0.0,0.0
7,9,0.0,0.0,0.0,0.0,0.0,0.0,0.0,0.0,0.0,1.0,0.0,0.0,0.0
7,9,0.0,0.0,0.0,0.0,0.0,0.0,0.0,0.0,0.0,1.0,0.0,0.0,0.0
7,9,0.0,0.0,0.0,0.0,0.0,0.0,0.0,0.0,0.0,1.0,0.0,0.0,0.0
7,9,0.0,0.0,0.0,0.0,0.0,0.0,0.0,0.0,0.0,1.0,0.0,0.0,0.0
7,9,0.0,0.0,0.0,0.0,0.0,0.0,0.0,0.0,0.0,1.0,0.0,0.0,0.0
7,9,0.0,0.0,0.0,0.0,0.0,0.0,0.0,0.0,0.0,1.0,0.0,0.0,0.0
7,9,0.0,0.0,0.0,0.0,0.0,0.0,0.0,0.0,0.0,1.0,0.0,0.0,0.0
7,9,0.0,0.0,0.0,0.0,0.0,0.0,0.0,0.0,0.0,1.0,0.0,0.0,0.0
7,9,0.0,0.0,0.0,0.0,0.0,0.0,0.0,0.0,0.0,1.0,0.0,0.0,0.0
7,9,0.0,0.0,0.0,0.0,0.0,0.0,0.0,0.0,0.0,1.0,0.0,0.0,0.0
7,9,0.0,0.0,0.0,0.0,0.0,0.0,0.0,0.0,0.0,1.0,0.0,0.0,0.0
7,9,0.0,0.0,0.0,0.0,0.0,0.0,0.0,0.0,0.0,1.0,0.0,0.0,0.0
7,9,0.0,0.0,0.0,0.0,0.0,0.0,0.0,0.0,0.0,1.0,0.0,0.0,0.0
7,9,0.0,0.0,0.0,0.0,0.0,0.0,0.0,0.0,0.0,1.0,0.0,0.0,0.0
7,9,0.0,0.0,0.0,0.0,0.0,0.0,0.0,0.0,0.0,1.0,0.0,0.0,0.0
7,9,0.0,0.0,0.0,0.0,0.0,0.0,0.0,0.0,0.0,1.0,0.0,0.0,0.0
7,9,0.0,0.0,0.0,0.0,0.0,0.0,0.0,0.0,0.0,1.0,0.0,0.0,0.0
7,9,0.0,0.0,0.0,0.0,0.0,0.0,0.0,0.0,0.0,1.0,0.0,0.0,0.0
7,9,0.0,0.0,0.0,0.0,0.0,0.0,0.0,0.0,0.0,1.0,0.0,0.0,0.0
7,9,0.0,0.0,0.0,0.0,0.0,0.0,0.0,0.0,0.0,1.0,0.0,0.0,0.0
7,9,0.0,0.0,0.0,0.0,0.0,0.0,0.0,0.0,0.0,1.0,0.0,0.0,0.0
7,9,0.0,0.0,0.0,0.0,0.0,0.0,0.0,0.0,0.0,1.0,0.0,0.0,0.0
7,9,0.0,0.0,0.0,0.0,0.0,0.0,0.0,0.0,0.0,1.0,0.0,0.0,0.0
7,9,0.0,0.0,0.0,0.0,0.0,0.0,0.0,0.0,0.0,1.0,0.0,0.0,0.0
7,9,0.0,0.0,0.0,0.0,0.0,0.0,0.0,0.0,0.0,1.0,0.0,0.0,0.0
7,9,0.0,0.0,0.0,0.0,0.0,0.0,0.0,0.0,0.0,1.0,0.0,0.0,0.0
7,9,0.0,0.0,0.0,0.0,0.0,0.0,0.0,0.0,0.0,1.0,0.0,0.0,0.0
7,9,0.0,0.0,0.0,0.0,0.0,0.0,0.0,0.0,0.0,1.0,0.0,0.0,0.0
7,9,0.0,0.0,0.0,0.0,0.0,0.0,0.0,0.0,0.0,1.0,0.0,0.0,0.0
7,9,0.0,0.0,0.0,0.0,0.0,0.0,0.0,0.0,0.0,1.0,0.0,0.0,0.0
7,9,0.0,0.0,0.0,0.0,0.0,0.0,0.0,0.0,0.0,1.0,0.0,0.0,0.0
7,9,0.0,0.0,0.0,0.0,0.0,0.0,0.0,0.0,0.0,1.0,0.0,0.0,0.0
7,9,0.0,0.0,0.0,0.0,0.0,0.0,0.0,0.0,0.0,1.0,0.0,0.0,0.0
7,9,0.0,0.0,0.0,0.0,0.0,0.0,0.0,0.0,0.0,1.0,0.0,0.0,0.0
7,9,0.0,0.0,0.0,0.0,0.0,0.0,0.0,0.0,0.0,1.0,0.0,0.0,0.0
7,9,0.0,0.0,0.0,0.0,0.0,0.0,0.0,0.0,0.0,1.0,0.0,0.0,0.0
7,9,0.0,0.0,0.0,0.0,0.0,0.0,0.0,0.0,0.0,1.0,0.0,0.0,0.0
7,9,0.0,0.0,0.0,0.0,0.0,0.0,0.0,0.0,0.0,1.0,0.0,0.0,0.0
7,9,0.0,0.0,0.0,0.0,0.0,0.0,0.0,0.0,0.0,1.0,0.0,0.0,0.0
7,9,0.0,0.0,0.0,0.0,0.0,0.0,0.0,0.0,0.0,1.0,0.0,0.0,0.0
7,9,0.0,0.0,0.0,0.0,0.0,0.0,0.0,0.0,0.0,1.0,0.0,0.0,0.0
7,9,0.0,0.0,0.0,0.0,0.0,0.0,0.0,0.0,0.0,1.0,0.0,0.0,0.0
7,9,0.0,0.0,0.0,0.0,0.0,0.0,0.0,0.0,0.0,1.0,0.0,0.0,0.0
7,9,0.0,0.0,0.0,0.0,0.0,0.0,0.0,0.0,0.0,1.0,0.0,0.0,0.0
7,9,0.0,0.0,0.0,0.0,0.0,0.0,0.0,0.0,0.0,1.0,0.0,0.0,0.0
7,9,0.0,0.0,0.0,0.0,0.0,0.0,0.0,0.0,0.0,1.0,0.0,0.0,0.0
7,9,0.0,0.0,0.0,0.0,0.0,0.0,0.0,0.0,0.0,1.0,0.0,0.0,0.0
7,9,0.0,0.0,0.0,0.0,0.0,0.0,0.0,0.0,0.0,1.0,0.0,0.0,0.0
7,9,0.0,0.0,0.0,0.0,0.0,0.0,0.0,0.0,0.0,1.0,0.0,0.0,0.0
7,9,0.0,0.0,0.0,0.0,0.0,0.0,0.0,0.0,0.0,1.0,0.0,0.0,0.0
7,9,0.0,0.0,0.0,0.0,0.0,0.0,0.0,0.0,0.0,1.0,0.0,0.0,0.0
7,9,0.0,0.0,0.0,0.0,0.0,0.0,0.0,0.0,0.0,1.0,0.0,0.0,0.0
7,9,0.0,0.0,0.0,0.0,0.0,0.0,0.0,0.0,0.0,1.0,0.0,0.0,0.0
7,9,0.0,0.0,0.0,0.0,0.0,0.0,0.0,0.0,0.0,1.0,0.0,0.0,0.0
7,9,0.0,0.0,0.0,0.0,0.0,0.0,0.0,0.0,0.0,1.0,0.0,0.0,0.0
7,9,0.0,0.0,0.0,0.0,0.0,0.0,0.0,0.0,0.0,1.0,0.0,0.0,0.0
7,9,0.0,0.0,0.0,0.0,0.0,0.0,0.0,0.0,0.0,1.0,0.0,0.0,0.0
7,9,0.0,0.0,0.0,0.0,0.0,0.0,0.0,0.0,0.0,1.0,0.0,0.0,0.0
7,9,0.0,0.0,0.0,0.0,0.0,0.0,0.0,0.0,0.0,1.0,0.0,0.0,0.0
7,9,0.0,0.0,0.0,0.0,0.0,0.0,0.0,0.0,0.0,1.0,0.0,0.0,0.0
7,9,0.0,0.0,0.0,0.0,0.0,0.0,0.0,0.0,0.0,1.0,0.0,0.0,0.0
7,9,0.0,0.0,0.0,0.0,0.0,0.0,0.0,0.0,0.0,1.0,0.0,0.0,0.0
7,9,0.0,0.0,0.0,0.0,0.0,0.0,0.0,0.0,0.0,1.0,0.0,0.0,0.0
8,9,0.0,0.0,0.0,0.0,0.0,0.0,0.0,0.0,0.0,1.0,0.0,0.0,0.0
8,9,0.0,0.0,0.0,0.0,0.0,0.0,0.0,0.0,0.0,1.0,0.0,0.0,0.0
8,9,0.0,0.0,0.0,0.0,0.0,0.0,0.0,0.0,0.0,1.0,0.0,0.0,0.0
8,9,0.0,0.0,0.0,0.0,0.0,0.0,0.0,0.0,0.0,1.0,0.0,0.0,0.0
8,9,0.0,0.0,0.0,0.0,0.0,0.0,0.0,0.0,0.0,1.0,0.0,0.0,0.0
8,9,0.0,0.0,0.0,0.0,0.0,0.0,0.0,0.0,0.0,1.0,0.0,0.0,0.0
8,9,0.0,0.0,0.0,0.0,0.0,0.0,0.0,0.0,0.0,1.0,0.0,0.0,0.0
8,9,0.0,0.0,0.0,0.0,0.0,0.0,0.0,0.0,0.0,1.0,0.0,0.0,0.0
8,9,0.0,0.0,0.0,0.0,0.0,0.0,0.0,0.0,0.0,1.0,0.0,0.0,0.0
8,9,0.0,0.0,0.0,0.0,0.0,0.0,0.0,0.0,0.0,1.0,0.0,0.0,0.0
8,9,0.0,0.0,0.0,0.0,0.0,0.0,0.0,0.0,0.0,1.0,0.0,0.0,0.0
8,9,0.0,0.0,0.0,0.0,0.0,0.0,0.0,0.0,0.0,1.0,0.0,0.0,0.0
8,9,0.0,0.0,0.0,0.0,0.0,0.0,0.0,0.0,0.0,1.0,0.0,0.0,0.0
8,9,0.0,0.0,0.0,0.0,0.0,0.0,0.0,0.0,0.0,1.0,0.0,0.0,0.0
8,9,0.0,0.0,0.0,0.0,0.0,0.0,0.0,0.0,0.0,1.0,0.0,0.0,0.0
8,9,0.0,0.0,0.0,0.0,0.0,0.0,0.0,0.0,0.0,1.0,0.0,0.0,0.0
8,9,0.0,0.0,0.0,0.0,0.0,0.0,0.0,0.0,0.0,1.0,0.0,0.0,0.0
8,9,0.0,0.0,0.0,0.0,0.0,0.0,0.0,0.0,0.0,1.0,0.0,0.0,0.0
8,9,0.0,0.0,0.0,0.0,0.0,0.0,0.0,0.0,0.0,1.0,0.0,0.0,0.0
8,9,0.0,0.0,0.0,0.0,0.0,0.0,0.0,0.0,0.0,1.0,0.0,0.0,0.0
8,9,0.0,0.0,0.0,0.0,0.0,0.0,0.0,0.0,0.0,1.0,0.0,0.0,0.0
8,9,0.0,0.0,0.0,0.0,0.0,0.0,0.0,0.0,0.0,1.0,0.0,0.0,0.0
8,9,0.0,0.0,0.0,0.0,0.0,0.0,0.0,0.0,0.0,1.0,0.0,0.0,0.0
8,9,0.0,0.0,0.0,0.0,0.0,0.0,0.0,0.0,0.0,1.0,0.0,0.0,0.0
8,9,0.0,0.0,0.0,0.0,0.0,0.0,0.0,0.0,0.0,1.0,0.0,0.0,0.0
8,9,0.0,0.0,0.0,0.0,0.0,0.0,0.0,0.0,0.0,1.0,0.0,0.0,0.0
8,9,0.0,0.0,0.0,0.0,0.0,0.0,0.0,0.0,0.0,1.0,0.0,0.0,0.0
8,9,0.0,0.0,0.0,0.0,0.0,0.0,0.0,0.0,0.0,1.0,0.0,0.0,0.0
8,9,0.0,0.0,0.0,0.0,0.0,0.0,0.0,0.0,0.0,1.0,0.0,0.0,0.0
8,9,0.0,0.0,0.0,0.0,0.0,0.0,0.0,0.0,0.0,1.0,0.0,0.0,0.0
8,9,0.0,0.0,0.0,0.0,0.0,0.0,0.0,0.0,0.0,1.0,0.0,0.0,0.0
8,9,0.0,0.0,0.0,0.0,0.0,0.0,0.0,0.0,0.0,1.0,0.0,0.0,0.0
8,9,0.0,0.0,0.0,0.0,0.0,0.0,0.0,0.0,0.0,1.0,0.0,0.0,0.0
8,9,0.0,0.0,0.0,0.0,0.0,0.0,0.0,0.0,0.0,1.0,0.0,0.0,0.0
8,9,0.0,0.0,0.0,0.0,0.0,0.0,0.0,0.0,0.0,1.0,0.0,0.0,0.0
8,9,0.0,0.0,0.0,0.0,0.0,0.0,0.0,0.0,0.0,1.0,0.0,0.0,0.0
8,9,0.0,0.0,0.0,0.0,0.0,0.0,0.0,0.0,0.0,1.0,0.0,0.0,0.0
8,9,0.0,0.0,0.0,0.0,0.0,0.0,0.0,0.0,0.0,1.0,0.0,0.0,0.0
8,9,0.0,0.0,0.0,0.0,0.0,0.0,0.0,0.0,0.0,1.0,0.0,0.0,0.0
8,9,0.0,0.0,0.0,0.0,0.0,0.0,0.0,0.0,0.0,1.0,0.0,0.0,0.0
8,9,0.0,0.0,0.0,0.0,0.0,0.0,0.0,0.0,0.0,1.0,0.0,0.0,0.0
8,9,0.0,0.0,0.0,0.0,0.0,0.0,0.0,0.0,0.0,1.0,0.0,0.0,0.0
8,9,0.0,0.0,0.0,0.0,0.0,0.0,0.0,0.0,0.0,1.0,0.0,0.0,0.0
8,9,0.0,0.0,0.0,0.0,0.0,0.0,0.0,0.0,0.0,1.0,0.0,0.0,0.0
8,9,0.0,0.0,0.0,0.0,0.0,0.0,0.0,0.0,0.0,1.0,0.0,0.0,0.0
8,9,0.0,0.0,0.0,0.0,0.0,0.0,0.0,0.0,0.0,1.0,0.0,0.0,0.0
8,9,0.0,0.0,0.0,0.0,0.0,0.0,0.0,0.0,0.0,1.0,0.0,0.0,0.0
8,9,0.0,0.0,0.0,0.0,0.0,0.0,0.0,0.0,0.0,1.0,0.0,0.0,0.0
8,9,0.0,0.0,0.0,0.0,0.0,0.0,0.0,0.0,0.0,1.0,0.0,0.0,0.0
8,9,0.0,0.0,0.0,0.0,0.0,0.0,0.0,0.0,0.0,1.0,0.0,0.0,0.0
8,9,0.0,0.06204651,0.0,0.0,0.0,0.0,0.0,0.0,0.0,0.9379535,0.0,0.0,0.0
8,9,0.0,0.06204651,0.0,0.0,0.0,0.0,0.0,0.0,0.0,0.9379535,0.0,0.0,0.0
8,9,0.0,0.06204651,0.0,0.0,0.0,0.0,0.0,0.0,0.0,0.9379535,0.0,0.0,0.0
8,9,0.0,0.06204651,0.0,0.0,0.0,0.0,0.0,0.0,0.0,0.9379535,0.0,0.0,0.0
8,9,0.0,0.06204651,0.0,0.0,0.0,0.0,0.0,0.0,0.0,0.9379535,0.0,0.0,0.0
8,9,0.0,0.06204651,0.0,0.0,0.0,0.0,0.0,0.0,0.0,0.9379535,0.0,0.0,0.0
8,9,0.0,0.06204651,0.0,0.0,0.0,0.0,0.0,0.0,0.0,0.9379535,0.0,0.0,0.0
8,9,0.0,0.06204651,0.0,0.0,0.0,0.0,0.0,0.0,0.0,0.9379535,0.0,0.0,0.0
8,9,0.0,0.06204651,0.0,0.0,0.0,0.0,0.0,0.0,0.0,0.9379535,0.0,0.0,0.0
8,9,0.0,0.06204651,0.0,0.0,0.0,0.0,0.0,0.0,0.0,0.9379535,0.0,0.0,0.0
8,9,0.0,0.06204651,0.0,0.0,0.0,0.0,0.0,0.0,0.0,0.9379535,0.0,0.0,0.0
8,9,0.0,0.06204651,0.0,0.0,0.0,0.0,0.0,0.0,0.0,0.9379535,0.0,0.0,0.0
8,9,0.0,0.06204651,0.0,0.0,0.0,0.0,0.0,0.0,0.0,0.9379535,0.0,0.0,0.0
8,9,0.0,0.06204651,0.0,0.0,0.0,0.0,0.0,0.0,0.0,0.9379535,0.0,0.0,0.0
8,9,0.0,0.06204651,0.0,0.0,0.0,0.0,0.0,0.0,0.0,0.9379535,0.0,0.0,0.0
8,9,0.0,0.06204651,0.0,0.0,0.0,0.0,0.0,0.0,0.0,0.9379535,0.0,0.0,0.0
8,9,0.0,0.06204651,0.0,0.0,0.06535795,0.0,0.0,0.0,0.0,0.87259555,0.0,0.0,0.0
8,9,0.0,0.06204651,0.0,0.0,0.06535795,0.0,0.0,0.0,0.0,0.87259555,0.0,0.0,0.0
8,9,0.0,0.06204651,0.0,0.0,0.06535795,0.0,0.0,0.0,0.0,0.87259555,0.0,0.0,0.0
8,9,0.0,0.06204651,0.0,0.0,0.06535795,0.0,0.0,0.0,0.0,0.87259555,0.0,0.0,0.0
8,9,0.0,0.06204651,0.0,0.0,0.06535795,0.0,0.0,0.0,0.0,0.87259555,0.0,0.0,0.0
8,9,0.0,0.06204651,0.0,0.0,0.06535795,0.0,0.0,0.0,0.0,0.87259555,0.0,0.0,0.0
8,9,0.0,0.06204651,0.0,0.0,0.06535795,0.0,0.0,0.0,0.0,0.87259555,0.0,0.0,0.0
8,9,0.0,0.06204651,0.0,0.0,0.06535795,0.0,0.0,0.0,0.0,0.87259555,0.0,0.0,0.0
8,9,0.0,0.06204651,0.0,0.0,0.06535795,0.0,0.0,0.0,0.0,0.87259555,0.0,0.0,0.0
8,9,0.0,0.06204651,0.0,0.0,0.06535795,0.0,0.0,0.0,0.0,0.87259555,0.0,0.0,0.0
8,9,0.0,0.06204651,0.0,0.0,0.06535795,0.0,0.0,0.0,0.0,0.74448586,0.12810972,0.0,0.0
8,9,0.0,0.06204651,0.0,0.0,0.06535795,0.0,0.0,0.0,0.0,0.74448586,0.12810972,0.0,0.0
8,9,0.0,0.06204651,0.0,0.0,0.06535795,0.0,0.0,0.0,0.0,0.74448586,0.12810972,0.0,0.0
8,9,0.0,0.06204651,0.0,0.0,0.06535795,0.0,0.0,0.0,0.0,0.74448586,0.12810972,0.0,0.0
8,9,0.0,0.06204651,0.0,0.0,0.06535795,0.0,0.0,0.0,0.0,0.6794222,0.19317332,0.0,0.0
8,9,0.0,0.06204651,0.0,0.0,0.06535795,0.0,0.0,0.0,0.0,0.6794222,0.19317332,0.0,0.0
8,9,0.0,0.06204651,0.0,0.0,0.06535795,0.0,0.0,0.0,0.0,0.6794222,0.19317332,0.0,0.0
8,9,0.0,0.06204651,0.0,0.0,0.06535795,0.0,0.0,0.0,0.0,0.6794222,0.19317332,0.0,0.0
8,9,0.0,0.06204651,0.0,0.0,0.06535795,0.0,0.0,0.0,0.0,0.6794222,0.19317332,0.0,0.0
8,9,0.0,0.06204651,0.0,0.0,0.06535795,0.0,0.0,0.0,0.0,0.6794222,0.19317332,0.0,0.0
8,9,0.0,0.06204651,0.0,0.0,0.06535795,0.0,0.0,0.0,0.0,0.6794222,0.19317332,0.0,0.0
8,9,0.0,0.06204651,0.0,0.0,0.06535795,0.0,0.0,0.0,0.0,0.6794222,0.19317332,0.0,0.0
8,9,0.0,0.06204651,0.0,0.0,0.06535795,0.0,0.0,0.0,0.0,0.6794222,0.19317332,0.0,0.0
8,9,0.0,0.06204651,0.0,0.0,0.06535795,0.0,0.0,0.0,0.0,0.6794222,0.19317332,0.0,0.0
8,9,0.0,0.06204651,0.0,0.0,0.06535795,0.0,0.0,0.0,0.0,0.6794222,0.19317332,0.0,0.0
8,9,0.0,0.06204651,0.0,0.0,0.06535795,0.0,0.0,0.0,0.0,0.6794222,0.19317332,0.0,0.0
8,9,0.0,0.06204651,0.0,0.0,0.06535795,0.0,0.0,0.0,0.0,0.49528143,0.37731412,0.0,0.0
8,9,0.0,0.06204651,0.0,0.0,0.06535795,0.0,0.0,0.0,0.0,0.49528143,0.37731412,0.0,0.0
8,9,0.0,0.06204651,0.0,0.0,0.06535795,0.0,0.0,0.0,0.0,0.49528143,0.37731412,0.0,0.0
8,9,0.0,0.06204651,0.0,0.0,0.06535795,0.0,0.0,0.0,0.0,0.49528143,0.37731412,0.0,0.0
8,9,0.0,0.06204651,0.0,0.0,0.06535795,0.0,0.0,0.0,0.0,0.49528143,0.37731412,0.0,0.0
8,9,0.0,0.06204651,0.0,0.0,0.06535795,0.0,0.0,0.0,0.0,0.49528143,0.37731412,0.0,0.0
8,9,0.0,0.06204651,0.0,0.0,0.06535795,0.0,0.0,0.0,0.0,0.49528143,0.37731412,0.0,0.0
8,9,0.0,0.06204651,0.0,0.0,0.06535795,0.0,0.0,0.0,0.0,0.49528143,0.37731412,0.0,0.0
8,10,0.0,0.06204651,0.0,0.0,0.06535795,0.0,0.0,0.0,0.0,0.43352896,0.43906662,0.0,0.0
8,10,0.0,0.06204651,0.0,0.0,0.06535795,0.0,0.0,0.0,0.0,0.43352896,0.43906662,0.0,0.0
8,10,0.0,0.06204651,0.0,0.0,0.06535795,0.0,0.0,0.0,0.0,0.43352896,0.43906662,0.0,0.0
8,10,0.0,0.06204651,0.0,0.0,0.06535795,0.0,0.0,0.0,0.0,0.43352896,0.43906662,0.0,0.0
8,10,0.0,0.06204651,0.0,0.0,0.06535795,0.0,0.0,0.0,0.0,0.43352896,0.43906662,0.0,0.0
8,10,0.0,0.06204651,0.0,0.0,0.06535795,0.0,0.0,0.0,0.0,0.43352896,0.43906662,0.0,0.0
8,10,0.0,0.062046506,0.0,0.0,0.065357946,0.0,0.0,0.0,0.0,0.37379777,0.49879774,0.0,0.0
8,10,0.0,0.062046506,0.0,0.0,0.065357946,0.0,0.0,0.0,0.0,0.37379777,0.49879774,0.0,0.0
8,10,0.0,0.062046506,0.0,0.0,0.065357946,0.0,0.0,0.0,0.0,0.37379777,0.49879774,0.0,0.0
8,10,0.0,0.062046506,0.0,0.0,0.065357946,0.0,0.0,0.0,0.0,0.37379777,0.49879774,0.0,0.0
8,10,0.0,0.062046506,0.0,0.0,0.065357946,0.0,0.0,0.0,0.0,0.37379777,0.49879774,0.0,0.0
8,10,0.0,0.062046506,0.0,0.0,0.065357946,0.0,0.0,0.0,0.0,0.37379777,0.49879774,0.0,0.0
8,10,0.0,0.062046506,0.0,0.0,0.065357946,0.0,0.0,0.0,0.0,0.37379777,0.49879774,0.0,0.0
8,10,0.0,0.062046506,0.0,0.0,0.065357946,0.0,0.0,0.0,0.0,0.37379777,0.49879774,0.0,0.0
8,10,0.0,0.062046506,0.0,0.0,0.065357946,0.0,0.0,0.0,0.0,0.37379777,0.49879774,0.0,0.0
8,10,0.0,0.062046506,0.0,0.0,0.065357946,0.0,0.0,0.0,0.0,0.37379777,0.49879774,0.0,0.0
8,10,0.0,0.062046506,0.0,0.0,0.065357946,0.0,0.0,0.0,0.0,0.37379777,0.49879774,0.0,0.0
8,10,0.0,0.062046506,0.0,0.0,0.065357946,0.0,0.0,0.0,0.0,0.37379777,0.49879774,0.0,0.0
8,10,0.0,0.062046506,0.0,0.0,0.065357946,0.0,0.0,0.0,0.0,0.37379777,0.49879774,0.0,0.0
8,10,0.0,0.062046506,0.0,0.0,0.065357946,0.0,0.0,0.0,0.0,0.37379777,0.49879774,0.0,0.0
8,10,0.0,0.062046506,0.0,0.0,0.065357946,0.0,0.0,0.0,0.0,0.37379777,0.49879774,0.0,0.0
8,10,0.0,0.062046506,0.0,0.0,0.065357946,0.0,0.0,0.0,0.0,0.37379777,0.49879774,0.0,0.0
8,10,0.0,0.062046506,0.0,0.0,0.065357946,0.0,0.0,0.0,0.0,0.37379777,0.49879774,0.0,0.0
8,10,0.0,0.062046506,0.0,0.0,0.065357946,0.0,0.0,0.0,0.0,0.37379777,0.49879774,0.0,0.0
8,10,0.0,0.062046506,0.0,0.0,0.065357946,0.0,0.0,0.0,0.0,0.37379777,0.49879774,0.0,0.0
8,10,0.0,0.062046506,0.0,0.0,0.065357946,0.0,0.0,0.0,0.0,0.37379777,0.49879774,0.0,0.0
8,10,0.0,0.062046506,0.0,0.0,0.065357946,0.0,0.0,0.0,0.0,0.37379777,0.49879774,0.0,0.0
8,10,0.0,0.062046506,0.0,0.0,0.065357946,0.0,0.0,0.0,0.0,0.37379777,0.49879774,0.0,0.0
8,10,0.0,0.062046506,0.0,0.0,0.065357946,0.0,0.0,0.0,0.0,0.37379777,0.49879774,0.0,0.0
8,10,0.0,0.062046506,0.0,0.0,0.065357946,0.0,0.0,0.0,0.0,0.37379777,0.49879774,0.0,0.0
8,10,0.0,0.062046506,0.0,0.0,0.065357946,0.0,0.0,0.0,0.0,0.37379777,0.49879774,0.0,0.0
8,10,0.0,0.062046506,0.0,0.0,0.065357946,0.0,0.0,0.0,0.0,0.37379777,0.49879774,0.0,0.0
8,10,0.0,0.062046506,0.0,0.0,0.065357946,0.0,0.0,0.0,0.0,0.37379777,0.49879774,0.0,0.0
8,10,0.0,0.062046506,0.0,0.0,0.065357946,0.0,0.0,0.0,0.0,0.37379777,0.49879774,0.0,0.0
8,10,0.0,0.062046506,0.0,0.0,0.065357946,0.0,0.0,0.0,0.0,0.37379777,0.49879774,0.0,0.0
8,10,0.0,0.062046506,0.0,0.0,0.065357946,0.0,0.0,0.0,0.0,0.37379777,0.49879774,0.0,0.0
8,10,0.0,0.062046506,0.0,0.0,0.065357946,0.0,0.0,0.0,0.0,0.31700078,0.55559474,0.0,0.0
8,10,0.0,0.062046506,0.0,0.0,0.065357946,0.0,0.0,0.0,0.0,0.31700078,0.55559474,0.0,0.0
8,10,0.0,0.062046506,0.0,0.0,0.065357946,0.0,0.0,0.0,0.0,0.31700078,0.55559474,0.0,0.0
8,10,0.0,0.062046506,0.0,0.0,0.065357946,0.0,0.0,0.0,0.0,0.31700078,0.55559474,0.0,0.0
8,10,0.0,0.062046506,0.0,0.0,0.065357946,0.0,0.0,0.0,0.0,0.31700078,0.55559474,0.0,0.0
8,10,0.0,0.062046506,0.0,0.0,0.065357946,0.0,0.0,0.0,0.0,0.31700078,0.55559474,0.0,0.0
8,10,0.0,0.062046506,0.0,0.0,0.065357946,0.0,0.0,0.0,0.0,0.31700078,0.55559474,0.0,0.0
8,10,0.0,0.062046506,0.0,0.0,0.065357946,0.0,0.0,0.0,0.0,0.31700078,0.55559474,0.0,0.0
8,10,0.0,0.062046506,0.0,0.0,0.065357946,0.0,0.0,0.0,0.0,0.31700078,0.55559474,0.0,0.0
8,10,0.0,0.06204651,0.0,0.0,0.06535795,0.0,0.0,0.0,0.0,0.25573644,0.61685914,0.0,0.0
8,10,0.0,0.06204651,0.0,0.0,0.06535795,0.0,0.0,0.0,0.0,0.25573644,0.61685914,0.0,0.0
8,10,0.0,0.06204651,0.0,0.0,0.06535795,0.0,0.0,0.0,0.0,0.25573644,0.61685914,0.0,0.0
8,10,0.0,0.06204651,0.0,0.0,0.06535795,0.0,0.0,0.0,0.0,0.25573644,0.61685914,0.0,0.0
8,10,0.0,0.06204651,0.0,0.0,0.06535795,0.0,0.0,0.0,0.0,0.25573644,0.61685914,0.0,0.0
8,10,0.0,0.06204651,0.0,0.0,0.06535795,0.0,0.0,0.0,0.0,0.25573644,0.61685914,0.0,0.0
8,10,0.0,0.06204651,0.0,0.0,0.06535795,0.0,0.0,0.0,0.0,0.25573644,0.61685914,0.0,0.0
8,10,0.0,0.06204651,0.0,0.0,0.06535795,0.0,0.0,0.0,0.0,0.25573644,0.61685914,0.0,0.0
8,10,0.0,0.06204651,0.0,0.0,0.06535795,0.0,0.0,0.0,0.0,0.25573644,0.61685914,0.0,0.0
8,10,0.0,0.0,0.0,0.0,0.065357946,0.0,0.0,0.0,0.0,0.2557364,0.6789056,0.0,0.0
8,10,0.0,0.0,0.0,0.0,0.065357946,0.0,0.0,0.0,0.0,0.2557364,0.6789056,0.0,0.0
8,10,0.0,0.0,0.0,0.0,0.065357946,0.0,0.0,0.0,0.0,0.2557364,0.6789056,0.0,0.0
8,10,0.0,0.0,0.0,0.0,0.065357946,0.0,0.0,0.0,0.0,0.2557364,0.6789056,0.0,0.0
8,10,0.0,0.0,0.0,0.0,0.065357946,0.0,0.0,0.0,0.0,0.2557364,0.6789056,0.0,0.0
8,10,0.0,0.0,0.0,0.0,0.065357946,0.0,0.0,0.0,0.0,0.2557364,0.6789056,0.0,0.0
8,10,0.0,0.0,0.0,0.0,0.065357946,0.0,0.0,0.0,0.0,0.2557364,0.6789056,0.0,0.0
8,10,0.0,0.0,0.0,0.0,0.065357946,0.0,0.0,0.0,0.0,0.2557364,0.6789056,0.0,0.0
8,10,0.0,0.0,0.0,0.0,0.065357946,0.0,0.0,0.0,0.0,0.2557364,0.6789056,0.0,0.0
8,10,0.0,0.0,0.0,0.0,0.065357946,0.0,0.0,0.0,0.0,0.2557364,0.6789056,0.0,0.0
8,10,0.0,0.0,0.0,0.0,0.065357946,0.0,0.0,0.0,0.0,0.2557364,0.6789056,0.0,0.0
8,10,0.0,0.0,0.0,0.0,0.065357946,0.0,0.0,0.0,0.0,0.2557364,0.6789056,0.0,0.0
8,10,0.0,0.0,0.0,0.0,0.065357946,0.0,0.0,0.0,0.0,0.2557364,0.6789056,0.0,0.0
8,10,0.0,0.0,0.0,0.0,0.065357946,0.0,0.0,0.0,0.0,0.2557364,0.6789056,0.0,0.0
8,10,0.0,0.0,0.0,0.0,0.065357946,0.0,0.0,0.0,0.0,0.2557364,0.6789056,0.0,0.0
8,10,0.0,0.0,0.0,0.0,0.065357946,0.0,0.0,0.0,0.0,0.2557364,0.6789056,0.0,0.0
8,10,0.0,0.0,0.0,0.0,0.065357946,0.0,0.0,0.0,0.0,0.2557364,0.6789056,0.0,0.0
8,10,0.0,0.0,0.0,0.0,0.065357946,0.0,0.0,0.0,0.0,0.2557364,0.6789056,0.0,0.0
8,10,0.0,0.0,0.0,0.0,0.065357946,0.0,0.0,0.0,0.0,0.2557364,0.6789056,0.0,0.0
8,10,0.0,0.0,0.0,0.0,0.065357946,0.0,0.0,0.0,0.0,0.2557364,0.6789056,0.0,0.0
8,10,0.0,0.0,0.0,0.0,0.065357946,0.0,0.0,0.0,0.0,0.2557364,0.6789056,0.0,0.0
8,10,0.0,0.0,0.0,0.0,0.065357946,0.0,0.0,0.0,0.0,0.2557364,0.6789056,0.0,0.0
8,10,0.0,0.0,0.0,0.0,0.065357946,0.0,0.0,0.0,0.0,0.2557364,0.6789056,0.0,0.0
8,10,0.0,0.0,0.0,0.0,0.065357946,0.0,0.0,0.0,0.0,0.2557364,0.6789056,0.0,0.0
8,10,0.0,0.0,0.0,0.0,0.065357946,0.0,0.0,0.0,0.0,0.2557364,0.6789056,0.0,0.0
8,10,0.0,0.0,0.0,0.0,0.065357946,0.0,0.0,0.0,0.0,0.2557364,0.6789056,0.0,0.0
8,10,0.0,0.0,0.0,0.0,0.065357946,0.0,0.0,0.0,0.0,0.2557364,0.6789056,0.0,0.0
8,10,0.0,0.0,0.0,0.0,0.065357946,0.0,0.0,0.0,0.0,0.2557364,0.6789056,0.0,0.0
8,10,0.0,0.0,0.0,0.0,0.065357946,0.0,0.0,0.0,0.0,0.2557364,0.6789056,0.0,0.0
8,10,0.0,0.0,0.0,0.0,0.065357946,0.0,0.0,0.0,0.0,0.2557364,0.6789056,0.0,0.0
8,10,0.0,0.0,0.0,0.0,0.065357946,0.0,0.0,0.0,0.0,0.2557364,0.6789056,0.0,0.0
8,10,0.0,0.0,0.0,0.0,0.065357946,0.0,0.0,0.0,0.0,0.2557364,0.6789056,0.0,0.0
8,10,0.0,0.0,0.0,0.0,0.065357946,0.0,0.0,0.0,0.0,0.2557364,0.6789056,0.0,0.0
8,10,0.0,0.0,0.0,0.0,0.06535795,0.0,0.0,0.0,0.0,0.18747942,0.74716264,0.0,0.0
8,10,0.0,0.0,0.0,0.0,0.06535795,0.0,0.0,0.0,0.0,0.18747942,0.74716264,0.0,0.0
8,10,0.0,0.0,0.0,0.0,0.06535795,0.0,0.0,0.0,0.0,0.18747942,0.74716264,0.0,0.0
8,10,0.0,0.0,0.0,0.0,0.06535795,0.0,0.0,0.0,0.0,0.18747942,0.74716264,0.0,0.0
8,10,0.0,0.0,0.0,0.0,0.06535795,0.0,0.0,0.0,0.0,0.18747942,0.74716264,0.0,0.0
8,10,0.0,0.0,0.0,0.0,0.06535795,0.0,0.0,0.0,0.0,0.18747942,0.74716264,0.0,0.0
8,10,0.0,0.0,0.0,0.0,0.06535795,0.0,0.0,0.0,0.0,0.18747942,0.74716264,0.0,0.0
8,10,0.0,0.0,0.0,0.0,0.06535795,0.0,0.0,0.0,0.0,0.18747942,0.74716264,0.0,0.0
8,10,0.0,0.0,0.0,0.0,0.06535795,0.0,0.0,0.0,0.0,0.18747942,0.74716264,0.0,0.0
8,10,0.0,0.0,0.0,0.0,0.06535795,0.0,0.0,0.0,0.0,0.18747942,0.74716264,0.0,0.0
8,10,0.0,0.0,0.0,0.0,0.06535795,0.0,0.0,0.0,0.0,0.18747942,0.74716264,0.0,0.0
8,10,0.0,0.0,0.0,0.0,0.06535795,0.0,0.0,0.0,0.0,0.18747942,0.74716264,0.0,0.0
8,10,0.0,0.0,0.0,0.0,0.06535795,0.0,0.0,0.0,0.0,0.18747942,0.74716264,0.0,0.0
8,10,0.0,0.0,0.0,0.0,0.06535795,0.0,0.0,0.0,0.0,0.18747942,0.74716264,0.0,0.0
8,10,0.0,0.0,0.0,0.0,0.06535795,0.0,0.0,0.0,0.0,0.18747942,0.74716264,0.0,0.0
8,10,0.0,0.0,0.0,0.0,0.0,0.0,0.0,0.0,0.0,0.1874794,0.81252056,0.0,0.0
8,10,0.0,0.0,0.0,0.0,0.0,0.0,0.0,0.0,0.0,0.1874794,0.81252056,0.0,0.0
8,10,0.0,0.0,0.0,0.0,0.0,0.0,0.0,0.0,0.0,0.1874794,0.81252056,0.0,0.0
8,10,0.0,0.0,0.0,0.0,0.0,0.0,0.0,0.0,0.0,0.1874794,0.81252056,0.0,0.0
8,10,0.0,0.0,0.0,0.0,0.0,0.0,0.0,0.0,0.0,0.1874794,0.81252056,0.0,0.0
8,10,0.0,0.0,0.0,0.0,0.0,0.0,0.0,0.0,0.0,0.1874794,0.81252056,0.0,0.0
8,10,0.0,0.0,0.0,0.0,0.0,0.0,0.0,0.0,0.0,0.1874794,0.81252056,0.0,0.0
8,10,0.0,0.0,0.0,0.0,0.0,0.0,0.0,0.0,0.0,0.1874794,0.81252056,0.0,0.0
8,10,0.0,0.0,0.0,0.0,0.0,0.0,0.0,0.0,0.0,0.1874794,0.81252056,0.0,0.0
8,10,0.0,0.0,0.0,0.0,0.0,0.0,0.0,0.0,0.0,0.1874794,0.81252056,0.0,0.0
8,10,0.0,0.0,0.0,0.0,0.0,0.0,0.0,0.0,0.0,0.1874794,0.81252056,0.0,0.0
8,10,0.0,0.0,0.0,0.0,0.0,0.0,0.0,0.0,0.0,0.1874794,0.81252056,0.0,0.0
8,10,0.0,0.0,0.0,0.0,0.0,0.0,0.0,0.0,0.0,0.1874794,0.81252056,0.0,0.0
8,10,0.0,0.0,0.0,0.0,0.0,0.0,0.0,0.0,0.0,0.1874794,0.81252056,0.0,0.0
8,10,0.0,0.0,0.0,0.0,0.0,0.0,0.0,0.0,0.0,0.1874794,0.81252056,0.0,0.0
8,10,0.0,0.0,0.0,0.0,0.0,0.0,0.0,0.0,0.0,0.1874794,0.81252056,0.0,0.0
8,10,0.0,0.0,0.0,0.0,0.0,0.0,0.0,0.0,0.0,0.1874794,0.81252056,0.0,0.0
8,10,0.0,0.0,0.0,0.0,0.0,0.0,0.0,0.0,0.0,0.1874794,0.81252056,0.0,0.0
8,10,0.0,0.0,0.0,0.0,0.0,0.0,0.0,0.0,0.0,0.067583494,0.93241656,0.0,0.0
8,10,0.0,0.0,0.0,0.0,0.0,0.0,0.0,0.0,0.0,0.067583494,0.93241656,0.0,0.0
8,10,0.0,0.0,0.0,0.0,0.0,0.0,0.0,0.0,0.0,0.067583494,0.93241656,0.0,0.0
8,10,0.0,0.0,0.0,0.0,0.0,0.0,0.0,0.0,0.0,0.067583494,0.93241656,0.0,0.0
8,10,0.0,0.0,0.0,0.0,0.0,0.0,0.0,0.0,0.0,0.067583494,0.93241656,0.0,0.0
8,10,0.0,0.0,0.0,0.0,0.0,0.0,0.0,0.0,0.0,0.067583494,0.93241656,0.0,0.0
8,10,0.0,0.0,0.0,0.0,0.0,0.0,0.0,0.0,0.0,0.067583494,0.93241656,0.0,0.0
8,10,0.0,0.0,0.0,0.0,0.0,0.0,0.0,0.0,0.0,0.067583494,0.93241656,0.0,0.0
8,10,0.0,0.0,0.0,0.0,0.0,0.0,0.0,0.0,0.0,0.067583494,0.93241656,0.0,0.0
8,10,0.0,0.0,0.0,0.0,0.0,0.0,0.0,0.0,0.0,0.067583494,0.93241656,0.0,0.0
8,10,0.0,0.0,0.0,0.0,0.0,0.0,0.0,0.0,0.0,0.067583494,0.93241656,0.0,0.0
8,10,0.0,0.0,0.0,0.0,0.0,0.0,0.0,0.0,0.0,0.067583494,0.93241656,0.0,0.0
8,10,0.0,0.0,0.0,0.0,0.0,0.0,0.0,0.0,0.0,0.067583494,0.93241656,0.0,0.0
8,10,0.0,0.0,0.0,0.0,0.0,0.0,0.0,0.0,0.0,0.067583494,0.93241656,0.0,0.0
8,10,0.0,0.0,0.0,0.0,0.0,0.0,0.0,0.0,0.0,0.067583494,0.93241656,0.0,0.0
8,10,0.0,0.0,0.0,0.0,0.0,0.0,0.0,0.0,0.0,0.067583494,0.93241656,0.0,0.0
8,10,0.0,0.0,0.0,0.0,0.0,0.0,0.0,0.0,0.0,0.067583494,0.93241656,0.0,0.0
8,10,0.0,0.0,0.0,0.0,0.0,0.0,0.0,0.0,0.0,0.067583494,0.93241656,0.0,0.0
8,10,0.0,0.0,0.0,0.0,0.0,0.0,0.0,0.0,0.0,0.067583494,0.93241656,0.0,0.0
8,10,0.0,0.0,0.0,0.0,0.0,0.0,0.0,0.0,0.0,0.067583494,0.93241656,0.0,0.0
8,10,0.0,0.0,0.0,0.0,0.0,0.0,0.0,0.0,0.0,0.067583494,0.93241656,0.0,0.0
8,10,0.0,0.0,0.0,0.0,0.0,0.0,0.0,0.0,0.0,0.067583494,0.93241656,0.0,0.0
8,10,0.0,0.0,0.0,0.0,0.0,0.0,0.0,0.0,0.0,0.067583494,0.93241656,0.0,0.0
8,10,0.0,0.0,0.0,0.0,0.0,0.0,0.0,0.0,0.0,0.067583494,0.93241656,0.0,0.0
8,10,0.0,0.0,0.0,0.0,0.0,0.0,0.0,0.0,0.0,0.0,1.0,0.0,0.0
8,10,0.0,0.0,0.0,0.0,0.0,0.0,0.0,0.0,0.0,0.0,1.0,0.0,0.0
8,10,0.0,0.0,0.0,0.0,0.0,0.0,0.0,0.0,0.0,0.0,1.0,0.0,0.0
8,10,0.0,0.0,0.0,0.0,0.0,0.0,0.0,0.0,0.0,0.0,1.0,0.0,0.0
8,10,0.0,0.0,0.0,0.0,0.0,0.0,0.0,0.0,0.0,0.0,1.0,0.0,0.0
8,10,0.0,0.0,0.0,0.0,0.0,0.0,0.0,0.0,0.0,0.0,1.0,0.0,0.0
8,10,0.0,0.0,0.0,0.0,0.0,0.0,0.0,0.0,0.0,0.0,1.0,0.0,0.0
8,10,0.0,0.0,0.0,0.0,0.0,0.0,0.0,0.0,0.0,0.0,1.0,0.0,0.0
8,10,0.0,0.0,0.0,0.0,0.0,0.0,0.0,0.0,0.0,0.0,1.0,0.0,0.0
8,10,0.0,0.0,0.0,0.0,0.0,0.0,0.0,0.0,0.0,0.0,1.0,0.0,0.0
8,10,0.0,0.0,0.0,0.0,0.0,0.0,0.0,0.0,0.0,0.0,1.0,0.0,0.0
8,10,0.0,0.0,0.0,0.0,0.0,0.0,0.0,0.0,0.0,0.0,1.0,0.0,0.0
8,10,0.0,0.0,0.0,0.0,0.0,0.0,0.0,0.0,0.0,0.0,1.0,0.0,0.0
8,10,0.0,0.0,0.0,0.0,0.0,0.0,0.0,0.0,0.0,0.0,1.0,0.0,0.0
8,10,0.0,0.0,0.0,0.0,0.0,0.0,0.0,0.0,0.0,0.0,1.0,0.0,0.0
8,10,0.0,0.0,0.0,0.0,0.0,0.0,0.0,0.0,0.0,0.0,1.0,0.0,0.0
8,10,0.0,0.0,0.0,0.0,0.0,0.0,0.0,0.0,0.0,0.0,1.0,0.0,0.0
8,10,0.0,0.0,0.0,0.0,0.0,0.0,0.0,0.0,0.0,0.0,1.0,0.0,0.0
8,10,0.0,0.0,0.0,0.0,0.0,0.0,0.0,0.0,0.0,0.0,1.0,0.0,0.0
8,10,0.0,0.0,0.0,0.0,0.0,0.0,0.0,0.0,0.0,0.0,1.0,0.0,0.0
8,10,0.0,0.0,0.0,0.0,0.0,0.0,0.0,0.0,0.0,0.0,1.0,0.0,0.0
8,10,0.0,0.0,0.0,0.0,0.0,0.0,0.0,0.0,0.0,0.0,1.0,0.0,0.0
8,10,0.0,0.0,0.0,0.0,0.0,0.0,0.0,0.0,0.0,0.0,1.0,0.0,0.0
8,10,0.0,0.0,0.0,0.0,0.0,0.0,0.0,0.0,0.0,0.0,1.0,0.0,0.0
8,10,0.0,0.0,0.0,0.0,0.0,0.0,0.0,0.0,0.0,0.0,1.0,0.0,0.0
8,10,0.0,0.0,0.0,0.0,0.0,0.0,0.0,0.0,0.0,0.0,1.0,0.0,0.0
8,10,0.0,0.0,0.0,0.0,0.0,0.0,0.0,0.0,0.0,0.0,1.0,0.0,0.0
8,10,0.0,0.0,0.0,0.0,0.0,0.0,0.0,0.0,0.0,0.0,1.0,0.0,0.0
8,10,0.0,0.0,0.0,0.0,0.0,0.0,0.0,0.0,0.0,0.0,1.0,0.0,0.0
8,10,0.0,0.0,0.0,0.0,0.0,0.0,0.0,0.0,0.0,0.0,1.0,0.0,0.0
8,10,0.0,0.0,0.0,0.0,0.0,0.0,0.0,0.0,0.0,0.0,1.0,0.0,0.0
8,10,0.0,0.0,0.0,0.0,0.0,0.0,0.0,0.0,0.0,0.0,1.0,0.0,0.0
8,10,0.0,0.0,0.0,0.0,0.0,0.0,0.0,0.0,0.0,0.0,1.0,0.0,0.0
8,10,0.0,0.0,0.0,0.0,0.0,0.0,0.0,0.0,0.0,0.0,1.0,0.0,0.0
8,10,0.0,0.0,0.0,0.0,0.0,0.0,0.0,0.0,0.0,0.0,1.0,0.0,0.0
8,10,0.0,0.0,0.0,0.0,0.0,0.0,0.0,0.0,0.0,0.0,1.0,0.0,0.0
8,10,0.0,0.0,0.0,0.0,0.0,0.0,0.0,0.0,0.0,0.0,1.0,0.0,0.0
8,10,0.0,0.0,0.0,0.0,0.0,0.0,0.0,0.0,0.0,0.0,1.0,0.0,0.0
8,10,0.0,0.0,0.0,0.0,0.0,0.0,0.0,0.0,0.0,0.0,1.0,0.0,0.0
8,10,0.0,0.0,0.0,0.0,0.0,0.0,0.0,0.0,0.0,0.0,1.0,0.0,0.0
8,10,0.0,0.0,0.0,0.0,0.0,0.0,0.0,0.0,0.0,0.0,1.0,0.0,0.0
8,10,0.0,0.0,0.0,0.0,0.0,0.0,0.0,0.0,0.0,0.0,1.0,0.0,0.0
8,10,0.0,0.0,0.0,0.0,0.0,0.0,0.0,0.0,0.0,0.0,1.0,0.0,0.0
8,10,0.0,0.0,0.0,0.0,0.0,0.0,0.0,0.0,0.0,0.0,1.0,0.0,0.0
8,10,0.0,0.0,0.0,0.0,0.0,0.0,0.0,0.0,0.0,0.0,1.0,0.0,0.0
8,10,0.0,0.0,0.0,0.0,0.0,0.0,0.0,0.0,0.0,0.0,1.0,0.0,0.0
8,10,0.0,0.0,0.0,0.0,0.0,0.0,0.0,0.0,0.0,0.0,1.0,0.0,0.0
8,10,0.0,0.0,0.0,0.0,0.0,0.0,0.0,0.0,0.0,0.0,1.0,0.0,0.0
8,10,0.0,0.0,0.0,0.0,0.0,0.0,0.0,0.0,0.0,0.0,1.0,0.0,0.0
8,10,0.0,0.0,0.0,0.0,0.0,0.0,0.0,0.0,0.0,0.0,1.0,0.0,0.0
8,10,0.0,0.0,0.0,0.0,0.0,0.0,0.0,0.0,0.0,0.0,1.0,0.0,0.0
8,10,0.0,0.0,0.0,0.0,0.0,0.0,0.0,0.0,0.0,0.0,1.0,0.0,0.0
8,10,0.0,0.0,0.0,0.0,0.0,0.0,0.0,0.0,0.0,0.0,1.0,0.0,0.0
8,10,0.0,0.0,0.0,0.0,0.0,0.0,0.0,0.0,0.0,0.0,1.0,0.0,0.0
8,10,0.0,0.0,0.0,0.0,0.0,0.0,0.0,0.0,0.0,0.0,1.0,0.0,0.0
8,10,0.0,0.0,0.0,0.0,0.0,0.0,0.0,0.0,0.0,0.0,1.0,0.0,0.0
8,10,0.0,0.0,0.0,0.0,0.0,0.0,0.0,0.0,0.0,0.0,1.0,0.0,0.0
8,10,0.0,0.0,0.0,0.0,0.0,0.0,0.0,0.0,0.0,0.0,1.0,0.0,0.0
8,10,0.0,0.0,0.0,0.0,0.0,0.0,0.0,0.0,0.0,0.0,1.0,0.0,0.0
8,10,0.0,0.0,0.0,0.0,0.0,0.0,0.0,0.0,0.0,0.0,1.0,0.0,0.0
8,10,0.0,0.0,0.0,0.0,0.0,0.0,0.0,0.0,0.0,0.0,1.0,0.0,0.0
8,10,0.0,0.0,0.0,0.0,0.0,0.0,0.0,0.0,0.0,0.0,1.0,0.0,0.0
8,10,0.0,0.0,0.0,0.0,0.0,0.0,0.0,0.0,0.0,0.0,1.0,0.0,0.0
8,10,0.0,0.0,0.0,0.0,0.0,0.0,0.0,0.0,0.0,0.0,1.0,0.0,0.0
8,10,0.0,0.0,0.0,0.0,0.0,0.0,0.0,0.0,0.0,0.0,1.0,0.0,0.0
8,10,0.0,0.0,0.0,0.0,0.0,0.0,0.0,0.0,0.0,0.0,1.0,0.0,0.0
8,10,0.0,0.0,0.0,0.0,0.0,0.0,0.0,0.0,0.0,0.0,1.0,0.0,0.0
8,10,0.0,0.0,0.0,0.0,0.0,0.0,0.0,0.0,0.0,0.0,1.0,0.0,0.0
8,10,0.0,0.0,0.0,0.0,0.0,0.0,0.0,0.0,0.0,0.0,1.0,0.0,0.0
8,10,0.0,0.0,0.0,0.0,0.0,0.0,0.0,0.0,0.0,0.0,1.0,0.0,0.0
8,10,0.0,0.0,0.0,0.0,0.0,0.0,0.0,0.0,0.0,0.0,1.0,0.0,0.0
8,10,0.0,0.0,0.0,0.0,0.0,0.0,0.0,0.0,0.0,0.0,1.0,0.0,0.0
8,10,0.0,0.0,0.0,0.0,0.0,0.0,0.0,0.0,0.0,0.0,1.0,0.0,0.0
8,10,0.0,0.0,0.0,0.0,0.0,0.0,0.0,0.0,0.0,0.0,1.0,0.0,0.0
8,10,0.0,0.0,0.0,0.0,0.0,0.0,0.0,0.0,0.0,0.0,1.0,0.0,0.0
8,10,0.0,0.0,0.0,0.0,0.0,0.0,0.0,0.0,0.0,0.0,1.0,0.0,0.0
8,10,0.0,0.0,0.0,0.0,0.0,0.0,0.0,0.0,0.0,0.0,1.0,0.0,0.0
8,10,0.0,0.0,0.0,0.0,0.0,0.0,0.0,0.0,0.0,0.0,1.0,0.0,0.0
8,10,0.0,0.0,0.0,0.0,0.0,0.0,0.0,0.0,0.0,0.0,1.0,0.0,0.0
8,10,0.0,0.0,0.0,0.0,0.0,0.0,0.0,0.0,0.0,0.0,1.0,0.0,0.0
8,10,0.0,0.0,0.0,0.0,0.0,0.0,0.0,0.0,0.0,0.0,1.0,0.0,0.0
8,10,0.0,0.0,0.0,0.0,0.0,0.0,0.0,0.0,0.0,0.0,1.0,0.0,0.0
8,10,0.0,0.0,0.0,0.0,0.0,0.0,0.0,0.0,0.0,0.0,1.0,0.0,0.0
8,10,0.0,0.0,0.0,0.0,0.0,0.0,0.0,0.0,0.0,0.0,1.0,0.0,0.0
8,10,0.0,0.0,0.0,0.0,0.0,0.0,0.0,0.0,0.0,0.0,1.0,0.0,0.0
8,10,0.0,0.0,0.0,0.0,0.0,0.0,0.0,0.0,0.0,0.0,1.0,0.0,0.0
8,10,0.0,0.0,0.0,0.0,0.0,0.0,0.0,0.0,0.0,0.0,1.0,0.0,0.0
8,10,0.0,0.0,0.0,0.0,0.0,0.0,0.0,0.0,0.0,0.0,1.0,0.0,0.0
8,10,0.0,0.0,0.0,0.0,0.0,0.0,0.0,0.0,0.0,0.0,1.0,0.0,0.0
8,10,0.0,0.0,0.0,0.0,0.0,0.0,0.0,0.0,0.0,0.0,1.0,0.0,0.0
8,10,0.0,0.0,0.0,0.0,0.0,0.0,0.0,0.0,0.0,0.0,1.0,0.0,0.0
8,10,0.0,0.0,0.0,0.0,0.0,0.0,0.0,0.0,0.0,0.0,1.0,0.0,0.0
8,10,0.0,0.0,0.0,0.0,0.0,0.0,0.0,0.0,0.0,0.0,1.0,0.0,0.0
8,10,0.0,0.0,0.0,0.0,0.0,0.0,0.0,0.0,0.0,0.0,1.0,0.0,0.0
8,10,0.0,0.0,0.0,0.0,0.0,0.0,0.0,0.0,0.0,0.0,1.0,0.0,0.0
8,10,0.0,0.0,0.0,0.0,0.0,0.0,0.0,0.0,0.0,0.0,1.0,0.0,0.0
8,10,0.0,0.0,0.0,0.0,0.0,0.0,0.0,0.0,0.0,0.0,1.0,0.0,0.0
8,10,0.0,0.0,0.0,0.0,0.0,0.0,0.0,0.0,0.0,0.0,1.0,0.0,0.0
8,10,0.0,0.0,0.0,0.0,0.0,0.0,0.0,0.0,0.0,0.0,1.0,0.0,0.0
8,10,0.0,0.0,0.0,0.0,0.0,0.0,0.0,0.0,0.0,0.0,1.0,0.0,0.0
8,10,0.0,0.0,0.0,0.0,0.0,0.0,0.0,0.0,0.0,0.0,1.0,0.0,0.0
8,10,0.0,0.0,0.0,0.0,0.0,0.0,0.0,0.0,0.0,0.0,1.0,0.0,0.0
8,10,0.0,0.0,0.0,0.0,0.0,0.0,0.0,0.0,0.0,0.0,1.0,0.0,0.0
8,10,0.0,0.0,0.0,0.0,0.0,0.0,0.0,0.0,0.0,0.0,1.0,0.0,0.0
8,10,0.0,0.0,0.0,0.0,0.0,0.0,0.0,0.0,0.0,0.0,1.0,0.0,0.0
8,10,0.0,0.0,0.0,0.0,0.0,0.0,0.0,0.0,0.0,0.0,1.0,0.0,0.0
8,10,0.0,0.0,0.0,0.0,0.0,0.0,0.0,0.0,0.0,0.0,1.0,0.0,0.0
8,10,0.0,0.0,0.0,0.0,0.0,0.0,0.0,0.0,0.0,0.0,1.0,0.0,0.0
8,10,0.0,0.0,0.0,0.0,0.0,0.0,0.0,0.0,0.0,0.0,1.0,0.0,0.0
8,10,0.0,0.0,0.0,0.0,0.0,0.0,0.0,0.0,0.0,0.0,1.0,0.0,0.0
8,10,0.0,0.0,0.0,0.0,0.0,0.0,0.0,0.0,0.0,0.0,1.0,0.0,0.0
8,10,0.0,0.0,0.0,0.0,0.0,0.0,0.0,0.0,0.0,0.0,1.0,0.0,0.0
8,10,0.0,0.0,0.0,0.0,0.0,0.0,0.0,0.0,0.0,0.0,1.0,0.0,0.0
8,10,0.0,0.0,0.0,0.0,0.0,0.0,0.0,0.0,0.0,0.0,1.0,0.0,0.0
8,10,0.0,0.0,0.0,0.0,0.0,0.0,0.0,0.0,0.0,0.0,1.0,0.0,0.0
8,10,0.0,0.0,0.0,0.0,0.0,0.0,0.0,0.0,0.0,0.0,1.0,0.0,0.0
8,10,0.0,0.0,0.0,0.0,0.0,0.0,0.0,0.0,0.0,0.0,1.0,0.0,0.0
8,10,0.0,0.0,0.0,0.0,0.0,0.0,0.0,0.0,0.0,0.0,1.0,0.0,0.0
8,10,0.0,0.0,0.0,0.0,0.0,0.0,0.0,0.0,0.0,0.0,1.0,0.0,0.0
8,10,0.0,0.0,0.0,0.0,0.0,0.0,0.0,0.0,0.0,0.0,1.0,0.0,0.0
8,10,0.0,0.0,0.0,0.0,0.0,0.0,0.0,0.0,0.0,0.0,1.0,0.0,0.0
8,10,0.0,0.0,0.0,0.0,0.0,0.0,0.0,0.0,0.0,0.0,1.0,0.0,0.0
8,10,0.0,0.0,0.0,0.0,0.0,0.0,0.0,0.0,0.0,0.0,1.0,0.0,0.0
8,10,0.0,0.0,0.0,0.0,0.0,0.0,0.0,0.0,0.0,0.0,1.0,0.0,0.0
8,10,0.0,0.0,0.0,0.0,0.0,0.0,0.0,0.0,0.0,0.0,1.0,0.0,0.0
8,10,0.0,0.0,0.0,0.0,0.0,0.0,0.0,0.0,0.0,0.0,1.0,0.0,0.0
8,10,0.0,0.0,0.0,0.0,0.0,0.0,0.0,0.0,0.0,0.0,1.0,0.0,0.0
8,10,0.0,0.0,0.0,0.0,0.0,0.0,0.0,0.0,0.0,0.0,1.0,0.0,0.0
8,10,0.0,0.0,0.0,0.0,0.0,0.0,0.0,0.0,0.0,0.0,1.0,0.0,0.0
8,10,0.0,0.0,0.0,0.0,0.0,0.0,0.0,0.0,0.0,0.0,1.0,0.0,0.0
8,10,0.0,0.0,0.0,0.0,0.0,0.0,0.0,0.0,0.0,0.0,1.0,0.0,0.0
8,10,0.0,0.0,0.0,0.0,0.0,0.0,0.0,0.0,0.0,0.0,1.0,0.0,0.0
8,10,0.0,0.0,0.0,0.0,0.0,0.0,0.0,0.0,0.0,0.0,1.0,0.0,0.0
8,10,0.0,0.0,0.0,0.0,0.0,0.0,0.0,0.0,0.0,0.0,1.0,0.0,0.0
8,10,0.0,0.0,0.0,0.0,0.0,0.0,0.0,0.0,0.0,0.0,1.0,0.0,0.0
8,10,0.0,0.0,0.0,0.0,0.0,0.0,0.0,0.0,0.0,0.0,1.0,0.0,0.0
8,10,0.0,0.0,0.0,0.0,0.0,0.0,0.0,0.0,0.0,0.0,1.0,0.0,0.0
8,10,0.0,0.0,0.0,0.0,0.0,0.0,0.0,0.0,0.0,0.0,1.0,0.0,0.0
8,10,0.0,0.0,0.0,0.0,0.0,0.0,0.0,0.0,0.0,0.0,1.0,0.0,0.0
8,10,0.0,0.0,0.0,0.0,0.0,0.0,0.0,0.0,0.0,0.0,1.0,0.0,0.0
8,10,0.0,0.0,0.0,0.0,0.0,0.0,0.0,0.0,0.0,0.0,1.0,0.0,0.0
8,10,0.0,0.0,0.0,0.0,0.0,0.0,0.0,0.0,0.0,0.0,1.0,0.0,0.0
8,10,0.0,0.0,0.0,0.0,0.0,0.0,0.0,0.0,0.0,0.0,1.0,0.0,0.0
8,10,0.0,0.0,0.0,0.0,0.0,0.0,0.0,0.0,0.0,0.0,1.0,0.0,0.0
8,10,0.0,0.0,0.0,0.0,0.0,0.0,0.0,0.0,0.0,0.0,1.0,0.0,0.0
8,10,0.0,0.0,0.0,0.0,0.0,0.0,0.0,0.0,0.0,0.0,1.0,0.0,0.0
8,10,0.0,0.0,0.0,0.0,0.0,0.0,0.0,0.0,0.0,0.0,1.0,0.0,0.0
8,10,0.0,0.0,0.0,0.0,0.0,0.0,0.0,0.0,0.0,0.0,1.0,0.0,0.0
8,10,0.0,0.0,0.0,0.0,0.0,0.0,0.0,0.0,0.0,0.0,1.0,0.0,0.0
8,10,0.0,0.0,0.0,0.0,0.0,0.0,0.0,0.0,0.0,0.0,1.0,0.0,0.0
8,10,0.0,0.0,0.0,0.0,0.0,0.0,0.0,0.0,0.0,0.0,1.0,0.0,0.0
8,10,0.0,0.0,0.0,0.0,0.0,0.0,0.0,0.0,0.0,0.0,1.0,0.0,0.0
8,10,0.0,0.0,0.0,0.0,0.0,0.0,0.0,0.0,0.0,0.0,1.0,0.0,0.0
8,10,0.0,0.0,0.0,0.0,0.0,0.0,0.0,0.0,0.0,0.0,1.0,0.0,0.0
8,10,0.0,0.0,0.0,0.0,0.0,0.0,0.0,0.0,0.0,0.0,1.0,0.0,0.0
8,10,0.0,0.0,0.0,0.0,0.0,0.0,0.0,0.0,0.0,0.0,1.0,0.0,0.0
8,10,0.0,0.0,0.0,0.0,0.0,0.0,0.0,0.0,0.0,0.0,1.0,0.0,0.0
8,10,0.0,0.0,0.0,0.0,0.0,0.0,0.0,0.0,0.0,0.0,1.0,0.0,0.0
8,10,0.0,0.0,0.0,0.0,0.0,0.0,0.0,0.0,0.0,0.0,1.0,0.0,0.0
8,10,0.0,0.0,0.0,0.0,0.0,0.0,0.0,0.0,0.0,0.0,1.0,0.0,0.0
8,10,0.0,0.0,0.0,0.0,0.0,0.0,0.0,0.0,0.0,0.0,1.0,0.0,0.0
8,10,0.0,0.0,0.0,0.0,0.0,0.0,0.0,0.0,0.0,0.0,1.0,0.0,0.0
8,10,0.0,0.0,0.0,0.0,0.0,0.0,0.0,0.0,0.0,0.0,1.0,0.0,0.0
8,10,0.0,0.0,0.0,0.0,0.0,0.0,0.0,0.0,0.0,0.0,1.0,0.0,0.0
8,10,0.0,0.0,0.0,0.0,0.0,0.0,0.0,0.0,0.0,0.0,1.0,0.0,0.0
8,10,0.0,0.0,0.0,0.0,0.0,0.0,0.0,0.0,0.0,0.0,1.0,0.0,0.0
8,10,0.0,0.0,0.0,0.0,0.0,0.0,0.0,0.0,0.0,0.0,1.0,0.0,0.0
8,10,0.0,0.0,0.0,0.0,0.0,0.0,0.0,0.0,0.0,0.0,1.0,0.0,0.0
8,10,0.0,0.0,0.0,0.0,0.0,0.0,0.0,0.0,0.0,0.0,1.0,0.0,0.0
8,10,0.0,0.0,0.0,0.0,0.0,0.0,0.0,0.0,0.0,0.0,1.0,0.0,0.0
8,10,0.0,0.0,0.0,0.0,0.0,0.0,0.0,0.0,0.0,0.0,1.0,0.0,0.0
8,10,0.0,0.0,0.0,0.0,0.0,0.0,0.0,0.0,0.0,0.0,1.0,0.0,0.0
8,10,0.0,0.0,0.0,0.0,0.0,0.0,0.0,0.0,0.0,0.0,1.0,0.0,0.0
8,10,0.0,0.0,0.0,0.0,0.0,0.0,0.0,0.0,0.0,0.0,1.0,0.0,0.0
8,10,0.0,0.0,0.0,0.0,0.0,0.0,0.0,0.0,0.0,0.0,1.0,0.0,0.0
8,10,0.0,0.0,0.0,0.0,0.0,0.0,0.0,0.0,0.0,0.0,1.0,0.0,0.0
8,10,0.0,0.0,0.0,0.0,0.0,0.0,0.0,0.0,0.0,0.0,1.0,0.0,0.0
8,10,0.0,0.0,0.0,0.0,0.0,0.0,0.0,0.0,0.0,0.0,1.0,0.0,0.0
8,10,0.0,0.0,0.0,0.0,0.0,0.0,0.0,0.0,0.0,0.0,1.0,0.0,0.0
8,10,0.0,0.0,0.0,0.0,0.0,0.0,0.0,0.0,0.0,0.0,1.0,0.0,0.0
8,10,0.0,0.0,0.0,0.0,0.0,0.0,0.0,0.0,0.0,0.0,1.0,0.0,0.0
8,10,0.0,0.0,0.0,0.0,0.0,0.0,0.0,0.0,0.0,0.0,1.0,0.0,0.0
8,10,0.0,0.0,0.0,0.0,0.0,0.0,0.0,0.0,0.0,0.0,1.0,0.0,0.0
8,10,0.0,0.0,0.0,0.0,0.0,0.0,0.0,0.0,0.0,0.0,1.0,0.0,0.0
8,10,0.0,0.0,0.0,0.0,0.0,0.0,0.0,0.0,0.0,0.0,1.0,0.0,0.0
8,10,0.0,0.0,0.0,0.0,0.0,0.0,0.0,0.0,0.0,0.0,1.0,0.0,0.0
8,10,0.0,0.0,0.0,0.0,0.0,0.0,0.0,0.0,0.0,0.0,1.0,0.0,0.0
8,10,0.0,0.0,0.0,0.0,0.0,0.0,0.0,0.0,0.0,0.0,1.0,0.0,0.0
8,10,0.0,0.0,0.0,0.0,0.0,0.0,0.0,0.0,0.0,0.0,1.0,0.0,0.0
8,10,0.0,0.0,0.0,0.0,0.0,0.0,0.0,0.0,0.0,0.0,1.0,0.0,0.0
8,10,0.0,0.0,0.0,0.0,0.0,0.0,0.0,0.0,0.0,0.0,1.0,0.0,0.0
8,10,0.0,0.0,0.0,0.0,0.0,0.0,0.0,0.0,0.0,0.0,1.0,0.0,0.0
8,10,0.0,0.0,0.0,0.0,0.0,0.0,0.0,0.0,0.0,0.0,1.0,0.0,0.0
8,10,0.0,0.0,0.0,0.0,0.0,0.0,0.0,0.0,0.0,0.0,1.0,0.0,0.0
8,10,0.0,0.0,0.0,0.0,0.0,0.0,0.0,0.0,0.0,0.0,1.0,0.0,0.0
8,10,0.0,0.0,0.0,0.0,0.0,0.0,0.0,0.0,0.0,0.0,1.0,0.0,0.0
8,10,0.0,0.0,0.0,0.0,0.0,0.0,0.0,0.0,0.0,0.0,1.0,0.0,0.0
8,10,0.0,0.0,0.0,0.0,0.0,0.0,0.0,0.0,0.0,0.0,1.0,0.0,0.0
8,10,0.0,0.0,0.0,0.0,0.0,0.0,0.0,0.0,0.0,0.0,1.0,0.0,0.0
8,10,0.0,0.0,0.0,0.0,0.0,0.0,0.0,0.0,0.0,0.0,1.0,0.0,0.0
8,10,0.0,0.0,0.0,0.0,0.0,0.0,0.0,0.0,0.0,0.0,1.0,0.0,0.0
8,10,0.0,0.0,0.0,0.0,0.0,0.0,0.0,0.0,0.0,0.0,1.0,0.0,0.0
8,10,0.0,0.0,0.0,0.0,0.0,0.0,0.0,0.0,0.0,0.0,1.0,0.0,0.0
8,10,0.0,0.0,0.0,0.0,0.0,0.0,0.0,0.0,0.0,0.0,1.0,0.0,0.0
8,10,0.0,0.0,0.0,0.0,0.0,0.0,0.0,0.0,0.0,0.0,1.0,0.0,0.0
8,10,0.0,0.0,0.0,0.0,0.0,0.0,0.0,0.0,0.0,0.0,1.0,0.0,0.0
8,10,0.0,0.0,0.0,0.0,0.0,0.0,0.0,0.0,0.0,0.0,1.0,0.0,0.0
8,10,0.0,0.0,0.0,0.0,0.0,0.0,0.0,0.0,0.0,0.0,1.0,0.0,0.0
8,10,0.0,0.0,0.0,0.0,0.0,0.0,0.0,0.0,0.0,0.0,1.0,0.0,0.0
8,10,0.0,0.0,0.0,0.0,0.0,0.0,0.0,0.0,0.0,0.0,1.0,0.0,0.0
8,10,0.0,0.0,0.0,0.0,0.0,0.0,0.0,0.0,0.0,0.0,1.0,0.0,0.0
8,10,0.0,0.0,0.0,0.0,0.0,0.0,0.0,0.0,0.0,0.0,1.0,0.0,0.0
8,10,0.0,0.0,0.0,0.0,0.0,0.0,0.0,0.0,0.0,0.0,1.0,0.0,0.0
8,10,0.0,0.0,0.0,0.0,0.0,0.0,0.0,0.0,0.0,0.0,1.0,0.0,0.0
8,10,0.0,0.0,0.0,0.0,0.0,0.0,0.0,0.0,0.0,0.0,1.0,0.0,0.0
8,10,0.0,0.0,0.0,0.0,0.0,0.0,0.0,0.0,0.0,0.0,1.0,0.0,0.0
8,10,0.0,0.0,0.0,0.0,0.0,0.0,0.0,0.0,0.0,0.0,1.0,0.0,0.0
8,10,0.0,0.0,0.0,0.0,0.0,0.0,0.0,0.0,0.0,0.0,1.0,0.0,0.0
8,10,0.0,0.0,0.0,0.0,0.0,0.0,0.0,0.0,0.0,0.0,1.0,0.0,0.0
8,10,0.0,0.0,0.0,0.0,0.0,0.0,0.0,0.0,0.0,0.0,1.0,0.0,0.0
8,10,0.0,0.0,0.0,0.0,0.0,0.0,0.0,0.0,0.0,0.0,1.0,0.0,0.0
8,10,0.0,0.0,0.0,0.0,0.0,0.0,0.0,0.0,0.0,0.0,1.0,0.0,0.0
8,10,0.0,0.0,0.0,0.0,0.0,0.0,0.0,0.0,0.0,0.0,1.0,0.0,0.0
8,10,0.0,0.0,0.0,0.0,0.0,0.0,0.0,0.0,0.0,0.0,1.0,0.0,0.0
8,10,0.0,0.0,0.0,0.0,0.0,0.0,0.0,0.0,0.0,0.0,1.0,0.0,0.0
8,10,0.0,0.0,0.0,0.0,0.0,0.0,0.0,0.0,0.0,0.0,1.0,0.0,0.0
8,10,0.0,0.0,0.0,0.0,0.0,0.0,0.0,0.0,0.0,0.0,1.0,0.0,0.0
8,10,0.0,0.0,0.0,0.0,0.0,0.0,0.0,0.0,0.0,0.0,1.0,0.0,0.0
8,10,0.0,0.0,0.0,0.0,0.0,0.0,0.0,0.0,0.0,0.0,1.0,0.0,0.0
8,10,0.0,0.0,0.0,0.0,0.0,0.0,0.0,0.0,0.0,0.0,1.0,0.0,0.0
8,10,0.0,0.0,0.0,0.0,0.0,0.0,0.0,0.0,0.0,0.0,1.0,0.0,0.0
8,10,0.0,0.0,0.0,0.0,0.0,0.0,0.0,0.0,0.0,0.0,1.0,0.0,0.0
8,10,0.0,0.0,0.0,0.0,0.0,0.0,0.0,0.0,0.0,0.0,1.0,0.0,0.0
8,10,0.0,0.0,0.0,0.0,0.0,0.0,0.0,0.0,0.0,0.0,1.0,0.0,0.0
8,10,0.0,0.0,0.0,0.0,0.0,0.0,0.0,0.0,0.0,0.0,1.0,0.0,0.0
8,10,0.0,0.0,0.0,0.0,0.0,0.0,0.0,0.0,0.0,0.0,1.0,0.0,0.0
8,10,0.0,0.0,0.0,0.0,0.0,0.0,0.0,0.0,0.0,0.0,1.0,0.0,0.0
8,10,0.0,0.0,0.0,0.0,0.0,0.0,0.0,0.0,0.0,0.0,1.0,0.0,0.0
8,10,0.0,0.0,0.0,0.0,0.0,0.0,0.0,0.0,0.0,0.0,1.0,0.0,0.0
8,10,0.0,0.0,0.0,0.0,0.0,0.0,0.0,0.0,0.0,0.0,1.0,0.0,0.0
8,10,0.0,0.0,0.0,0.0,0.0,0.0,0.0,0.0,0.0,0.0,1.0,0.0,0.0
8,10,0.0,0.0,0.0,0.0,0.0,0.0,0.0,0.0,0.0,0.0,1.0,0.0,0.0
8,10,0.0,0.0,0.0,0.0,0.0,0.0,0.0,0.0,0.0,0.0,1.0,0.0,0.0
8,10,0.0,0.0,0.0,0.0,0.0,0.0,0.0,0.0,0.0,0.0,1.0,0.0,0.0
8,10,0.0,0.0,0.0,0.0,0.0,0.0,0.0,0.0,0.0,0.0,1.0,0.0,0.0
8,10,0.0,0.0,0.0,0.0,0.0,0.0,0.0,0.0,0.0,0.0,1.0,0.0,0.0
8,10,0.0,0.0,0.0,0.0,0.0,0.0,0.0,0.0,0.0,0.0,1.0,0.0,0.0
8,10,0.0,0.0,0.0,0.0,0.0,0.0,0.0,0.0,0.0,0.0,1.0,0.0,0.0
8,10,0.0,0.0,0.0,0.0,0.0,0.0,0.0,0.0,0.0,0.0,1.0,0.0,0.0
8,10,0.0,0.0,0.0,0.0,0.0,0.0,0.0,0.0,0.0,0.0,1.0,0.0,0.0
8,10,0.0,0.0,0.0,0.0,0.0,0.0,0.0,0.0,0.0,0.0,1.0,0.0,0.0
8,10,0.0,0.0,0.0,0.0,0.0,0.0,0.0,0.0,0.0,0.0,1.0,0.0,0.0
8,10,0.0,0.0,0.0,0.0,0.0,0.0,0.0,0.0,0.0,0.0,1.0,0.0,0.0
8,10,0.0,0.0,0.0,0.0,0.0,0.0,0.0,0.0,0.0,0.0,1.0,0.0,0.0
8,10,0.0,0.0,0.0,0.0,0.0,0.0,0.0,0.0,0.0,0.0,1.0,0.0,0.0
8,10,0.0,0.0,0.0,0.0,0.0,0.0,0.0,0.0,0.0,0.0,1.0,0.0,0.0
8,10,0.0,0.0,0.0,0.0,0.0,0.0,0.0,0.0,0.0,0.0,1.0,0.0,0.0
8,10,0.0,0.0,0.0,0.0,0.0,0.0,0.0,0.0,0.0,0.0,1.0,0.0,0.0
8,10,0.0,0.0,0.0,0.0,0.0,0.0,0.0,0.0,0.0,0.0,1.0,0.0,0.0
8,10,0.0,0.0,0.0,0.0,0.0,0.0,0.0,0.0,0.0,0.0,1.0,0.0,0.0
8,10,0.0,0.0,0.0,0.0,0.0,0.0,0.0,0.0,0.0,0.0,1.0,0.0,0.0
8,10,0.0,0.0,0.0,0.0,0.0,0.0,0.0,0.0,0.0,0.0,1.0,0.0,0.0
8,10,0.0,0.0,0.0,0.0,0.0,0.0,0.0,0.0,0.0,0.0,1.0,0.0,0.0
8,10,0.0,0.0,0.0,0.0,0.0,0.0,0.0,0.0,0.0,0.0,1.0,0.0,0.0
8,10,0.0,0.0,0.0,0.0,0.0,0.0,0.0,0.0,0.0,0.0,1.0,0.0,0.0
8,10,0.0,0.0,0.0,0.0,0.0,0.0,0.0,0.0,0.0,0.0,1.0,0.0,0.0
8,10,0.0,0.0,0.0,0.0,0.0,0.0,0.0,0.0,0.0,0.0,1.0,0.0,0.0
8,10,0.0,0.0,0.0,0.0,0.0,0.0,0.0,0.0,0.0,0.0,1.0,0.0,0.0
8,10,0.0,0.0,0.0,0.0,0.0,0.0,0.0,0.0,0.0,0.0,1.0,0.0,0.0
8,10,0.0,0.0,0.0,0.0,0.0,0.0,0.0,0.0,0.0,0.0,1.0,0.0,0.0
8,10,0.0,0.0,0.0,0.0,0.0,0.0,0.0,0.0,0.0,0.0,1.0,0.0,0.0
8,10,0.0,0.0,0.0,0.0,0.0,0.0,0.0,0.0,0.0,0.0,1.0,0.0,0.0
8,10,0.0,0.0,0.0,0.0,0.0,0.0,0.0,0.0,0.0,0.0,1.0,0.0,0.0
8,10,0.0,0.0,0.0,0.0,0.0,0.0,0.0,0.0,0.0,0.0,1.0,0.0,0.0
8,10,0.0,0.0,0.0,0.0,0.0,0.0,0.0,0.0,0.0,0.0,1.0,0.0,0.0
8,10,0.0,0.0,0.0,0.0,0.0,0.0,0.0,0.0,0.0,0.0,1.0,0.0,0.0
8,10,0.0,0.0,0.0,0.0,0.0,0.0,0.0,0.0,0.0,0.0,1.0,0.0,0.0
8,10,0.0,0.0,0.0,0.0,0.0,0.0,0.0,0.0,0.0,0.0,1.0,0.0,0.0
8,10,0.0,0.0,0.0,0.0,0.0,0.0,0.0,0.0,0.0,0.0,1.0,0.0,0.0
8,10,0.0,0.0,0.0,0.0,0.0,0.0,0.0,0.0,0.0,0.0,1.0,0.0,0.0
8,10,0.0,0.0,0.0,0.0,0.0,0.0,0.0,0.0,0.0,0.0,1.0,0.0,0.0
8,10,0.0,0.0,0.0,0.0,0.0,0.0,0.0,0.0,0.0,0.0,1.0,0.0,0.0
8,10,0.0,0.0,0.0,0.0,0.0,0.0,0.0,0.0,0.0,0.0,1.0,0.0,0.0
8,10,0.0,0.0,0.0,0.0,0.0,0.0,0.0,0.0,0.0,0.0,1.0,0.0,0.0
8,10,0.0,0.0,0.0,0.0,0.0,0.0,0.0,0.0,0.0,0.0,1.0,0.0,0.0
8,10,0.0,0.0,0.0,0.0,0.0,0.0,0.0,0.0,0.0,0.0,1.0,0.0,0.0
8,10,0.0,0.0,0.0,0.0,0.0,0.0,0.0,0.0,0.0,0.0,1.0,0.0,0.0
8,10,0.0,0.0,0.0,0.0,0.0,0.0,0.0,0.0,0.0,0.0,1.0,0.0,0.0
8,10,0.0,0.0,0.0,0.0,0.0,0.0,0.0,0.0,0.0,0.0,1.0,0.0,0.0
8,10,0.0,0.0,0.0,0.0,0.0,0.0,0.0,0.0,0.0,0.0,1.0,0.0,0.0
8,10,0.0,0.0,0.0,0.0,0.0,0.0,0.0,0.0,0.0,0.0,1.0,0.0,0.0
8,10,0.0,0.0,0.0,0.0,0.0,0.0,0.0,0.0,0.0,0.0,1.0,0.0,0.0
8,10,0.0,0.0,0.0,0.0,0.0,0.0,0.0,0.0,0.0,0.0,1.0,0.0,0.0
8,10,0.0,0.0,0.0,0.0,0.0,0.0,0.0,0.0,0.0,0.0,1.0,0.0,0.0
8,10,0.0,0.0,0.0,0.0,0.0,0.0,0.0,0.0,0.0,0.0,1.0,0.0,0.0
8,10,0.0,0.0,0.0,0.0,0.0,0.0,0.0,0.0,0.0,0.0,1.0,0.0,0.0
8,10,0.0,0.0,0.0,0.0,0.0,0.0,0.0,0.0,0.0,0.0,1.0,0.0,0.0
8,10,0.0,0.0,0.0,0.0,0.0,0.0,0.0,0.0,0.0,0.0,1.0,0.0,0.0
8,10,0.0,0.0,0.0,0.0,0.0,0.0,0.0,0.0,0.0,0.0,1.0,0.0,0.0
8,10,0.0,0.0,0.0,0.0,0.0,0.0,0.0,0.0,0.0,0.0,1.0,0.0,0.0
8,10,0.0,0.0,0.0,0.0,0.0,0.0,0.0,0.0,0.0,0.0,1.0,0.0,0.0
8,10,0.0,0.0,0.0,0.0,0.0,0.0,0.0,0.0,0.0,0.0,1.0,0.0,0.0
8,10,0.0,0.0,0.0,0.0,0.0,0.0,0.0,0.0,0.0,0.0,1.0,0.0,0.0
8,10,0.0,0.0,0.0,0.0,0.0,0.0,0.0,0.0,0.0,0.0,1.0,0.0,0.0
8,10,0.0,0.0,0.0,0.0,0.0,0.0,0.0,0.0,0.0,0.0,1.0,0.0,0.0
8,10,0.0,0.0,0.0,0.0,0.0,0.0,0.0,0.0,0.0,0.0,1.0,0.0,0.0
8,10,0.0,0.0,0.0,0.0,0.0,0.0,0.0,0.0,0.0,0.0,1.0,0.0,0.0
8,10,0.0,0.0,0.0,0.0,0.0,0.0,0.0,0.0,0.0,0.0,1.0,0.0,0.0
8,10,0.0,0.0,0.0,0.0,0.0,0.0,0.0,0.0,0.0,0.0,1.0,0.0,0.0
8,10,0.0,0.0,0.0,0.0,0.0,0.0,0.0,0.0,0.0,0.0,1.0,0.0,0.0
8,10,0.0,0.0,0.0,0.0,0.0,0.0,0.0,0.0,0.0,0.0,1.0,0.0,0.0
8,10,0.0,0.0,0.0,0.0,0.0,0.0,0.0,0.0,0.0,0.0,1.0,0.0,0.0
8,10,0.0,0.0,0.0,0.0,0.0,0.0,0.0,0.0,0.0,0.0,1.0,0.0,0.0
8,10,0.0,0.0,0.0,0.0,0.0,0.0,0.0,0.0,0.0,0.0,1.0,0.0,0.0
8,10,0.0,0.0,0.0,0.0,0.0,0.0,0.0,0.0,0.0,0.0,1.0,0.0,0.0
8,10,0.0,0.0,0.0,0.0,0.0,0.0,0.0,0.0,0.0,0.0,1.0,0.0,0.0
8,10,0.0,0.0,0.0,0.0,0.0,0.0,0.0,0.0,0.0,0.0,1.0,0.0,0.0
8,10,0.0,0.0,0.0,0.0,0.0,0.0,0.0,0.0,0.0,0.0,1.0,0.0,0.0
8,10,0.0,0.0,0.0,0.0,0.0,0.0,0.0,0.0,0.0,0.0,1.0,0.0,0.0
8,10,0.0,0.0,0.0,0.0,0.0,0.0,0.0,0.0,0.0,0.0,1.0,0.0,0.0
8,10,0.0,0.0,0.0,0.0,0.0,0.0,0.0,0.0,0.0,0.0,1.0,0.0,0.0
8,10,0.0,0.0,0.0,0.0,0.0,0.0,0.0,0.0,0.0,0.0,1.0,0.0,0.0
8,10,0.0,0.0,0.0,0.0,0.0,0.0,0.0,0.0,0.0,0.0,1.0,0.0,0.0
8,10,0.0,0.0,0.0,0.0,0.0,0.0,0.0,0.0,0.0,0.0,1.0,0.0,0.0
8,10,0.0,0.0,0.0,0.0,0.0,0.0,0.0,0.0,0.0,0.0,1.0,0.0,0.0
8,10,0.0,0.0,0.0,0.0,0.0,0.0,0.0,0.0,0.0,0.0,1.0,0.0,0.0
8,10,0.0,0.0,0.0,0.0,0.0,0.0,0.0,0.0,0.0,0.0,1.0,0.0,0.0
8,10,0.0,0.0,0.0,0.0,0.0,0.0,0.0,0.0,0.0,0.0,1.0,0.0,0.0
8,10,0.0,0.0,0.0,0.0,0.0,0.0,0.0,0.0,0.0,0.0,1.0,0.0,0.0
8,10,0.0,0.0,0.0,0.0,0.0,0.0,0.0,0.0,0.0,0.0,1.0,0.0,0.0
8,10,0.0,0.0,0.0,0.0,0.0,0.0,0.0,0.0,0.0,0.0,1.0,0.0,0.0
8,10,0.0,0.0,0.0,0.0,0.0,0.0,0.0,0.0,0.0,0.0,1.0,0.0,0.0
8,10,0.0,0.0,0.0,0.0,0.0,0.0,0.0,0.0,0.0,0.0,1.0,0.0,0.0
8,10,0.0,0.0,0.0,0.0,0.0,0.0,0.0,0.0,0.0,0.0,1.0,0.0,0.0
8,10,0.0,0.0,0.0,0.0,0.0,0.0,0.0,0.0,0.0,0.0,1.0,0.0,0.0
8,10,0.0,0.0,0.0,0.0,0.0,0.0,0.0,0.0,0.0,0.0,1.0,0.0,0.0
8,10,0.0,0.0,0.0,0.0,0.0,0.0,0.0,0.0,0.0,0.0,1.0,0.0,0.0
8,10,0.0,0.0,0.0,0.0,0.0,0.0,0.0,0.0,0.0,0.0,1.0,0.0,0.0
8,10,0.0,0.0,0.0,0.0,0.0,0.0,0.0,0.0,0.0,0.0,1.0,0.0,0.0
8,10,0.0,0.0,0.0,0.0,0.0,0.0,0.0,0.0,0.0,0.0,1.0,0.0,0.0
8,10,0.0,0.0,0.0,0.0,0.0,0.0,0.0,0.0,0.0,0.0,1.0,0.0,0.0
8,10,0.0,0.0,0.0,0.0,0.0,0.0,0.0,0.0,0.0,0.0,1.0,0.0,0.0
8,10,0.0,0.0,0.0,0.0,0.0,0.0,0.0,0.0,0.0,0.0,1.0,0.0,0.0
8,10,0.0,0.0,0.0,0.0,0.0,0.0,0.0,0.0,0.0,0.0,1.0,0.0,0.0
8,10,0.0,0.0,0.0,0.0,0.0,0.0,0.0,0.0,0.0,0.0,1.0,0.0,0.0
8,10,0.0,0.0,0.0,0.0,0.0,0.0,0.0,0.0,0.0,0.0,1.0,0.0,0.0
8,10,0.0,0.0,0.0,0.0,0.0,0.0,0.0,0.0,0.0,0.0,1.0,0.0,0.0
8,10,0.0,0.0,0.0,0.0,0.0,0.0,0.0,0.0,0.0,0.0,1.0,0.0,0.0
8,10,0.0,0.0,0.0,0.0,0.0,0.0,0.0,0.0,0.0,0.0,1.0,0.0,0.0
8,10,0.0,0.0,0.0,0.0,0.0,0.0,0.0,0.0,0.0,0.0,1.0,0.0,0.0
8,10,0.0,0.0,0.0,0.0,0.0,0.0,0.0,0.0,0.0,0.0,1.0,0.0,0.0
8,10,0.0,0.0,0.0,0.0,0.0,0.0,0.0,0.0,0.0,0.0,1.0,0.0,0.0
8,10,0.0,0.0,0.0,0.0,0.0,0.0,0.0,0.0,0.0,0.0,1.0,0.0,0.0
8,10,0.0,0.0,0.0,0.0,0.0,0.0,0.0,0.0,0.0,0.0,1.0,0.0,0.0
8,10,0.0,0.0,0.0,0.0,0.0,0.0,0.0,0.0,0.0,0.0,1.0,0.0,0.0
8,10,0.0,0.0,0.0,0.0,0.0,0.0,0.0,0.0,0.0,0.0,1.0,0.0,0.0
8,10,0.0,0.0,0.0,0.0,0.0,0.0,0.0,0.0,0.0,0.0,1.0,0.0,0.0
8,10,0.0,0.0,0.0,0.0,0.0,0.0,0.0,0.0,0.0,0.0,1.0,0.0,0.0
8,10,0.0,0.0,0.0,0.0,0.0,0.0,0.0,0.0,0.0,0.0,1.0,0.0,0.0
8,10,0.0,0.0,0.0,0.0,0.0,0.0,0.0,0.0,0.0,0.0,1.0,0.0,0.0
8,10,0.0,0.0,0.0,0.0,0.0,0.0,0.0,0.0,0.0,0.0,1.0,0.0,0.0
8,10,0.0,0.0,0.0,0.0,0.0,0.0,0.0,0.0,0.0,0.0,1.0,0.0,0.0
8,10,0.0,0.0,0.0,0.0,0.0,0.0,0.0,0.0,0.0,0.0,1.0,0.0,0.0
8,10,0.0,0.0,0.0,0.0,0.0,0.0,0.0,0.0,0.0,0.0,1.0,0.0,0.0
8,10,0.0,0.0,0.0,0.0,0.0,0.0,0.0,0.0,0.0,0.0,1.0,0.0,0.0
8,10,0.0,0.0,0.0,0.0,0.0,0.0,0.0,0.0,0.0,0.0,1.0,0.0,0.0
8,10,0.0,0.0,0.0,0.0,0.0,0.0,0.0,0.0,0.0,0.0,1.0,0.0,0.0
8,10,0.0,0.0,0.0,0.0,0.0,0.0,0.0,0.0,0.0,0.0,1.0,0.0,0.0
8,10,0.0,0.0,0.0,0.0,0.0,0.0,0.0,0.0,0.0,0.0,1.0,0.0,0.0
8,10,0.0,0.0,0.0,0.0,0.0,0.0,0.0,0.0,0.0,0.0,1.0,0.0,0.0
8,10,0.0,0.0,0.0,0.0,0.0,0.0,0.0,0.0,0.0,0.0,1.0,0.0,0.0
8,10,0.0,0.0,0.0,0.0,0.0,0.0,0.0,0.0,0.0,0.0,1.0,0.0,0.0
8,10,0.0,0.0,0.0,0.0,0.0,0.0,0.0,0.0,0.0,0.0,1.0,0.0,0.0
8,10,0.0,0.0,0.0,0.0,0.0,0.0,0.0,0.0,0.0,0.0,1.0,0.0,0.0
8,10,0.0,0.0,0.0,0.0,0.0,0.0,0.0,0.0,0.0,0.0,1.0,0.0,0.0
8,10,0.0,0.0,0.0,0.0,0.0,0.0,0.0,0.0,0.0,0.0,1.0,0.0,0.0
8,10,0.0,0.0,0.0,0.0,0.0,0.0,0.0,0.0,0.0,0.0,1.0,0.0,0.0
8,10,0.0,0.0,0.0,0.0,0.0,0.0,0.0,0.0,0.0,0.0,1.0,0.0,0.0
8,10,0.0,0.0,0.0,0.0,0.0,0.0,0.0,0.0,0.0,0.0,1.0,0.0,0.0
8,10,0.0,0.0,0.0,0.0,0.0,0.0,0.0,0.0,0.0,0.0,1.0,0.0,0.0
8,10,0.0,0.0,0.0,0.0,0.0,0.0,0.0,0.0,0.0,0.0,1.0,0.0,0.0
8,10,0.0,0.0,0.0,0.0,0.0,0.0,0.0,0.0,0.0,0.0,1.0,0.0,0.0
8,10,0.0,0.0,0.0,0.0,0.0,0.0,0.0,0.0,0.0,0.0,1.0,0.0,0.0
8,10,0.0,0.0,0.0,0.0,0.0,0.0,0.0,0.0,0.0,0.0,1.0,0.0,0.0
8,10,0.0,0.0,0.0,0.0,0.0,0.0,0.0,0.0,0.0,0.0,1.0,0.0,0.0
8,10,0.0,0.0,0.0,0.0,0.0,0.0,0.0,0.0,0.0,0.0,1.0,0.0,0.0
8,10,0.0,0.0,0.0,0.0,0.0,0.0,0.0,0.0,0.0,0.0,1.0,0.0,0.0
8,10,0.0,0.0,0.0,0.0,0.0,0.0,0.0,0.0,0.0,0.0,1.0,0.0,0.0
8,10,0.0,0.0,0.0,0.0,0.0,0.0,0.0,0.0,0.0,0.0,1.0,0.0,0.0
8,10,0.0,0.0,0.0,0.0,0.0,0.0,0.0,0.0,0.0,0.0,1.0,0.0,0.0
8,10,0.0,0.0,0.0,0.0,0.0,0.0,0.0,0.0,0.0,0.0,1.0,0.0,0.0
8,10,0.0,0.0,0.0,0.0,0.0,0.0,0.0,0.0,0.0,0.0,1.0,0.0,0.0
8,10,0.0,0.0,0.0,0.0,0.0,0.0,0.0,0.0,0.0,0.0,1.0,0.0,0.0
8,10,0.0,0.0,0.0,0.0,0.0,0.0,0.0,0.0,0.0,0.0,1.0,0.0,0.0
8,10,0.0,0.0,0.0,0.0,0.0,0.0,0.0,0.0,0.0,0.0,1.0,0.0,0.0
8,10,0.0,0.0,0.0,0.0,0.0,0.0,0.0,0.0,0.0,0.0,1.0,0.0,0.0
8,10,0.0,0.0,0.0,0.0,0.0,0.0,0.0,0.0,0.0,0.0,1.0,0.0,0.0
8,10,0.0,0.0,0.0,0.0,0.0,0.0,0.0,0.0,0.0,0.0,1.0,0.0,0.0
8,10,0.0,0.0,0.0,0.0,0.0,0.0,0.0,0.0,0.0,0.0,1.0,0.0,0.0
8,10,0.0,0.0,0.0,0.0,0.0,0.0,0.0,0.0,0.0,0.0,1.0,0.0,0.0
8,10,0.0,0.0,0.0,0.0,0.0,0.0,0.0,0.0,0.0,0.0,1.0,0.0,0.0
8,10,0.0,0.0,0.0,0.0,0.0,0.0,0.0,0.0,0.0,0.0,1.0,0.0,0.0
8,10,0.0,0.0,0.0,0.0,0.0,0.0,0.0,0.0,0.0,0.0,1.0,0.0,0.0
8,10,0.0,0.0,0.0,0.0,0.0,0.0,0.0,0.0,0.0,0.0,1.0,0.0,0.0
8,10,0.0,0.0,0.0,0.0,0.0,0.0,0.0,0.0,0.0,0.0,1.0,0.0,0.0
8,10,0.0,0.0,0.0,0.0,0.0,0.0,0.0,0.0,0.0,0.0,1.0,0.0,0.0
8,10,0.0,0.0,0.0,0.0,0.0,0.0,0.0,0.0,0.0,0.0,1.0,0.0,0.0
8,10,0.0,0.0,0.0,0.0,0.0,0.0,0.0,0.0,0.0,0.0,1.0,0.0,0.0
8,10,0.0,0.0,0.0,0.0,0.0,0.0,0.0,0.0,0.0,0.0,1.0,0.0,0.0
8,10,0.0,0.0,0.0,0.0,0.0,0.0,0.0,0.0,0.0,0.0,1.0,0.0,0.0
8,10,0.0,0.0,0.0,0.0,0.0,0.0,0.0,0.0,0.0,0.0,1.0,0.0,0.0
8,10,0.0,0.0,0.0,0.0,0.0,0.0,0.0,0.0,0.0,0.0,1.0,0.0,0.0
8,10,0.0,0.0,0.0,0.0,0.0,0.0,0.0,0.0,0.0,0.0,1.0,0.0,0.0
8,10,0.0,0.0,0.0,0.0,0.0,0.0,0.0,0.0,0.0,0.0,1.0,0.0,0.0
8,10,0.0,0.0,0.0,0.0,0.0,0.0,0.0,0.0,0.0,0.0,1.0,0.0,0.0
8,10,0.0,0.0,0.0,0.0,0.0,0.0,0.0,0.0,0.0,0.0,1.0,0.0,0.0
8,10,0.0,0.0,0.0,0.0,0.0,0.0,0.0,0.0,0.0,0.0,1.0,0.0,0.0
8,10,0.0,0.0,0.0,0.0,0.0,0.0,0.0,0.0,0.0,0.0,1.0,0.0,0.0
8,10,0.0,0.0,0.0,0.0,0.0,0.0,0.0,0.0,0.0,0.0,1.0,0.0,0.0
8,10,0.0,0.0,0.0,0.0,0.0,0.0,0.0,0.0,0.0,0.0,1.0,0.0,0.0
8,10,0.0,0.0,0.0,0.0,0.0,0.0,0.0,0.0,0.0,0.0,1.0,0.0,0.0
8,10,0.0,0.0,0.0,0.0,0.0,0.0,0.0,0.0,0.0,0.0,1.0,0.0,0.0
8,10,0.0,0.0,0.0,0.0,0.0,0.0,0.0,0.0,0.0,0.0,1.0,0.0,0.0
8,10,0.0,0.0,0.0,0.0,0.0,0.0,0.0,0.0,0.0,0.0,1.0,0.0,0.0
8,10,0.0,0.0,0.0,0.0,0.0,0.0,0.0,0.0,0.0,0.0,1.0,0.0,0.0
8,10,0.0,0.0,0.0,0.0,0.0,0.0,0.0,0.0,0.0,0.0,1.0,0.0,0.0
8,10,0.0,0.0,0.0,0.0,0.0,0.0,0.0,0.0,0.0,0.0,1.0,0.0,0.0
8,10,0.0,0.0,0.0,0.0,0.0,0.0,0.0,0.0,0.0,0.0,1.0,0.0,0.0
8,10,0.0,0.0,0.0,0.0,0.0,0.0,0.0,0.0,0.0,0.0,1.0,0.0,0.0
8,10,0.0,0.0,0.0,0.0,0.0,0.0,0.0,0.0,0.0,0.0,1.0,0.0,0.0
8,10,0.0,0.0,0.0,0.0,0.0,0.0,0.0,0.0,0.0,0.0,1.0,0.0,0.0
8,10,0.0,0.0,0.0,0.0,0.0,0.0,0.0,0.0,0.0,0.0,1.0,0.0,0.0
8,10,0.0,0.0,0.0,0.0,0.0,0.0,0.0,0.0,0.0,0.0,1.0,0.0,0.0
8,10,0.0,0.0,0.0,0.0,0.0,0.0,0.0,0.0,0.0,0.0,1.0,0.0,0.0
8,10,0.0,0.0,0.0,0.0,0.0,0.0,0.0,0.0,0.0,0.0,1.0,0.0,0.0
8,10,0.0,0.0,0.0,0.0,0.0,0.0,0.0,0.0,0.0,0.0,1.0,0.0,0.0
8,10,0.0,0.0,0.0,0.0,0.0,0.0,0.0,0.0,0.0,0.0,1.0,0.0,0.0
8,10,0.0,0.0,0.0,0.0,0.0,0.0,0.0,0.0,0.0,0.0,1.0,0.0,0.0
8,10,0.0,0.0,0.0,0.0,0.0,0.0,0.0,0.0,0.0,0.0,1.0,0.0,0.0
8,10,0.0,0.0,0.0,0.0,0.0,0.0,0.0,0.0,0.0,0.0,1.0,0.0,0.0
8,10,0.0,0.0,0.0,0.0,0.0,0.0,0.0,0.0,0.0,0.0,1.0,0.0,0.0
8,10,0.0,0.0,0.0,0.0,0.0,0.0,0.0,0.0,0.0,0.0,1.0,0.0,0.0
8,10,0.0,0.0,0.0,0.0,0.0,0.0,0.0,0.0,0.0,0.0,1.0,0.0,0.0
8,10,0.0,0.0,0.0,0.0,0.0,0.0,0.0,0.0,0.0,0.0,1.0,0.0,0.0
8,10,0.0,0.0,0.0,0.0,0.0,0.0,0.0,0.0,0.0,0.0,1.0,0.0,0.0
8,10,0.0,0.0,0.0,0.0,0.0,0.0,0.0,0.0,0.0,0.0,1.0,0.0,0.0
8,10,0.0,0.0,0.0,0.0,0.0,0.0,0.0,0.0,0.0,0.0,1.0,0.0,0.0
8,10,0.0,0.0,0.0,0.0,0.0,0.0,0.0,0.0,0.0,0.0,1.0,0.0,0.0
8,10,0.0,0.0,0.0,0.0,0.0,0.0,0.0,0.0,0.0,0.0,1.0,0.0,0.0
8,10,0.0,0.0,0.0,0.0,0.0,0.0,0.0,0.0,0.0,0.0,1.0,0.0,0.0
8,10,0.0,0.0,0.0,0.0,0.0,0.0,0.0,0.0,0.0,0.0,1.0,0.0,0.0
8,10,0.0,0.0,0.0,0.0,0.0,0.0,0.0,0.0,0.0,0.0,1.0,0.0,0.0
8,10,0.0,0.0,0.0,0.0,0.0,0.0,0.0,0.0,0.0,0.0,1.0,0.0,0.0
8,10,0.0,0.0,0.0,0.0,0.0,0.0,0.0,0.0,0.0,0.0,1.0,0.0,0.0
8,10,0.0,0.0,0.0,0.0,0.0,0.0,0.0,0.0,0.0,0.0,1.0,0.0,0.0
8,10,0.0,0.0,0.0,0.0,0.0,0.0,0.0,0.0,0.0,0.0,1.0,0.0,0.0
8,10,0.0,0.0,0.0,0.0,0.0,0.0,0.0,0.0,0.0,0.0,1.0,0.0,0.0
8,10,0.0,0.0,0.0,0.0,0.0,0.0,0.0,0.0,0.0,0.0,1.0,0.0,0.0
8,10,0.0,0.0,0.0,0.0,0.0,0.0,0.0,0.0,0.0,0.0,1.0,0.0,0.0
8,10,0.0,0.0,0.0,0.0,0.0,0.0,0.0,0.0,0.0,0.0,1.0,0.0,0.0
8,10,0.0,0.0,0.0,0.0,0.0,0.0,0.0,0.0,0.0,0.0,1.0,0.0,0.0
8,10,0.0,0.0,0.0,0.0,0.0,0.0,0.0,0.0,0.0,0.0,1.0,0.0,0.0
8,10,0.0,0.0,0.0,0.0,0.0,0.0,0.0,0.0,0.0,0.0,1.0,0.0,0.0
8,10,0.0,0.0,0.0,0.0,0.0,0.0,0.0,0.0,0.0,0.0,1.0,0.0,0.0
8,10,0.0,0.0,0.0,0.0,0.0,0.0,0.0,0.0,0.0,0.0,1.0,0.0,0.0
8,10,0.0,0.0,0.0,0.0,0.0,0.0,0.0,0.0,0.0,0.0,1.0,0.0,0.0
8,10,0.0,0.0,0.0,0.0,0.0,0.0,0.0,0.0,0.0,0.0,1.0,0.0,0.0
8,10,0.0,0.0,0.0,0.0,0.0,0.0,0.0,0.0,0.0,0.0,1.0,0.0,0.0
8,10,0.0,0.0,0.0,0.0,0.0,0.0,0.0,0.0,0.0,0.0,1.0,0.0,0.0
8,10,0.0,0.0,0.0,0.0,0.0,0.0,0.0,0.0,0.0,0.0,1.0,0.0,0.0
8,10,0.0,0.0,0.0,0.0,0.0,0.0,0.0,0.0,0.0,0.0,1.0,0.0,0.0
8,10,0.0,0.0,0.0,0.0,0.0,0.0,0.0,0.0,0.0,0.0,1.0,0.0,0.0
8,10,0.0,0.0,0.0,0.0,0.0,0.0,0.0,0.0,0.0,0.0,1.0,0.0,0.0
8,10,0.0,0.0,0.0,0.0,0.0,0.0,0.0,0.0,0.0,0.0,1.0,0.0,0.0
8,10,0.0,0.0,0.0,0.0,0.0,0.0,0.0,0.0,0.0,0.0,1.0,0.0,0.0
8,10,0.0,0.0,0.0,0.0,0.0,0.0,0.0,0.0,0.0,0.0,1.0,0.0,0.0
8,10,0.0,0.0,0.0,0.0,0.0,0.0,0.0,0.0,0.0,0.0,1.0,0.0,0.0
8,10,0.0,0.0,0.0,0.0,0.0,0.0,0.0,0.0,0.0,0.0,1.0,0.0,0.0
8,10,0.0,0.0,0.0,0.0,0.0,0.0,0.0,0.0,0.0,0.0,1.0,0.0,0.0
8,10,0.0,0.0,0.0,0.0,0.0,0.0,0.0,0.0,0.0,0.0,1.0,0.0,0.0
8,10,0.0,0.0,0.0,0.0,0.0,0.0,0.0,0.0,0.0,0.0,1.0,0.0,0.0
8,10,0.0,0.0,0.0,0.0,0.0,0.0,0.0,0.0,0.0,0.0,1.0,0.0,0.0
8,10,0.0,0.0,0.0,0.0,0.0,0.0,0.0,0.0,0.0,0.0,1.0,0.0,0.0
8,10,0.0,0.0,0.0,0.0,0.0,0.0,0.0,0.0,0.0,0.0,1.0,0.0,0.0
8,10,0.0,0.0,0.0,0.0,0.0,0.0,0.0,0.0,0.0,0.0,1.0,0.0,0.0
8,10,0.0,0.0,0.0,0.0,0.0,0.0,0.0,0.0,0.0,0.0,1.0,0.0,0.0
8,10,0.0,0.0,0.0,0.0,0.0,0.0,0.0,0.0,0.0,0.0,1.0,0.0,0.0
8,10,0.0,0.0,0.0,0.0,0.0,0.0,0.0,0.0,0.0,0.0,1.0,0.0,0.0
8,10,0.0,0.0,0.0,0.0,0.0,0.0,0.0,0.0,0.0,0.0,1.0,0.0,0.0
8,10,0.0,0.0,0.0,0.0,0.0,0.0,0.0,0.0,0.0,0.0,1.0,0.0,0.0
8,10,0.0,0.0,0.0,0.0,0.0,0.0,0.0,0.0,0.0,0.0,1.0,0.0,0.0
8,10,0.0,0.0,0.0,0.0,0.0,0.0,0.0,0.0,0.0,0.0,1.0,0.0,0.0
8,10,0.0,0.0,0.0,0.0,0.0,0.0,0.0,0.0,0.0,0.0,1.0,0.0,0.0
8,10,0.0,0.0,0.0,0.0,0.0,0.0,0.0,0.0,0.0,0.0,1.0,0.0,0.0
8,10,0.0,0.0,0.0,0.0,0.0,0.0,0.0,0.0,0.0,0.0,1.0,0.0,0.0
8,10,0.0,0.0,0.0,0.0,0.0,0.0,0.0,0.0,0.0,0.0,1.0,0.0,0.0
8,10,0.0,0.0,0.0,0.0,0.0,0.0,0.0,0.0,0.0,0.0,1.0,0.0,0.0
8,10,0.0,0.0,0.0,0.0,0.0,0.0,0.0,0.0,0.0,0.0,1.0,0.0,0.0
8,10,0.0,0.0,0.0,0.0,0.0,0.0,0.0,0.0,0.0,0.0,1.0,0.0,0.0
8,10,0.0,0.0,0.0,0.0,0.0,0.0,0.0,0.0,0.0,0.0,1.0,0.0,0.0
8,10,0.0,0.0,0.0,0.0,0.0,0.0,0.0,0.0,0.0,0.0,1.0,0.0,0.0
8,10,0.0,0.0,0.0,0.0,0.0,0.0,0.0,0.0,0.0,0.0,1.0,0.0,0.0
8,10,0.0,0.0,0.0,0.0,0.0,0.0,0.0,0.0,0.0,0.0,1.0,0.0,0.0
8,10,0.0,0.0,0.0,0.0,0.0,0.0,0.0,0.0,0.0,0.0,1.0,0.0,0.0
8,10,0.0,0.0,0.0,0.0,0.0,0.0,0.0,0.0,0.0,0.0,1.0,0.0,0.0
8,10,0.0,0.0,0.0,0.0,0.0,0.0,0.0,0.0,0.0,0.0,1.0,0.0,0.0
8,10,0.0,0.0,0.0,0.0,0.0,0.0,0.0,0.0,0.0,0.0,1.0,0.0,0.0
8,10,0.0,0.0,0.0,0.0,0.0,0.0,0.0,0.0,0.0,0.0,1.0,0.0,0.0
8,10,0.0,0.0,0.0,0.0,0.0,0.0,0.0,0.0,0.0,0.0,1.0,0.0,0.0
8,10,0.0,0.0,0.0,0.0,0.0,0.0,0.0,0.0,0.0,0.0,1.0,0.0,0.0
8,10,0.0,0.0,0.0,0.0,0.0,0.0,0.0,0.0,0.0,0.0,1.0,0.0,0.0
8,10,0.0,0.0,0.0,0.0,0.0,0.0,0.0,0.0,0.0,0.0,1.0,0.0,0.0
8,10,0.0,0.0,0.0,0.0,0.0,0.0,0.0,0.0,0.0,0.0,1.0,0.0,0.0
8,10,0.0,0.0,0.0,0.0,0.0,0.0,0.0,0.0,0.0,0.0,1.0,0.0,0.0
8,10,0.0,0.0,0.0,0.0,0.0,0.0,0.0,0.0,0.0,0.0,1.0,0.0,0.0
8,10,0.0,0.0,0.0,0.0,0.0,0.0,0.0,0.0,0.0,0.0,1.0,0.0,0.0
8,10,0.0,0.0,0.0,0.0,0.0,0.0,0.0,0.0,0.0,0.0,1.0,0.0,0.0
8,10,0.0,0.0,0.0,0.0,0.0,0.0,0.0,0.0,0.0,0.0,1.0,0.0,0.0
8,10,0.0,0.0,0.0,0.0,0.0,0.0,0.0,0.0,0.0,0.0,1.0,0.0,0.0
8,10,0.0,0.0,0.0,0.0,0.0,0.0,0.0,0.0,0.0,0.0,1.0,0.0,0.0
8,10,0.0,0.0,0.0,0.0,0.0,0.0,0.0,0.0,0.0,0.0,1.0,0.0,0.0
8,10,0.0,0.0,0.0,0.0,0.0,0.0,0.0,0.0,0.0,0.0,1.0,0.0,0.0
8,10,0.0,0.0,0.0,0.0,0.0,0.0,0.0,0.0,0.0,0.0,1.0,0.0,0.0
8,10,0.0,0.0,0.0,0.0,0.0,0.0,0.0,0.0,0.0,0.0,1.0,0.0,0.0
8,10,0.0,0.0,0.0,0.0,0.0,0.0,0.0,0.0,0.0,0.0,1.0,0.0,0.0
8,10,0.0,0.0,0.0,0.0,0.0,0.0,0.0,0.0,0.0,0.0,1.0,0.0,0.0
8,10,0.0,0.0,0.0,0.0,0.0,0.0,0.0,0.0,0.0,0.0,1.0,0.0,0.0
8,10,0.0,0.0,0.0,0.0,0.0,0.0,0.0,0.0,0.0,0.0,1.0,0.0,0.0
8,10,0.0,0.0,0.0,0.0,0.0,0.0,0.0,0.0,0.0,0.0,1.0,0.0,0.0
8,10,0.0,0.0,0.0,0.0,0.0,0.0,0.0,0.0,0.0,0.0,1.0,0.0,0.0
8,10,0.0,0.0,0.0,0.0,0.0,0.0,0.0,0.0,0.0,0.0,1.0,0.0,0.0
8,10,0.0,0.0,0.0,0.0,0.0,0.0,0.0,0.0,0.0,0.0,1.0,0.0,0.0
8,10,0.0,0.0,0.0,0.0,0.0,0.0,0.0,0.0,0.0,0.0,1.0,0.0,0.0
8,10,0.0,0.0,0.0,0.0,0.0,0.0,0.0,0.0,0.0,0.0,1.0,0.0,0.0
8,10,0.0,0.0,0.0,0.0,0.0,0.0,0.0,0.0,0.0,0.0,1.0,0.0,0.0
8,10,0.0,0.0,0.0,0.0,0.0,0.0,0.0,0.0,0.0,0.0,1.0,0.0,0.0
8,10,0.0,0.0,0.0,0.0,0.0,0.0,0.0,0.0,0.0,0.0,1.0,0.0,0.0
8,10,0.0,0.0,0.0,0.0,0.0,0.0,0.0,0.0,0.0,0.0,1.0,0.0,0.0
8,10,0.0,0.0,0.0,0.0,0.0,0.0,0.0,0.0,0.0,0.0,1.0,0.0,0.0
8,10,0.0,0.0,0.0,0.0,0.0,0.0,0.0,0.0,0.0,0.0,1.0,0.0,0.0
8,10,0.0,0.0,0.0,0.0,0.0,0.0,0.0,0.0,0.0,0.0,1.0,0.0,0.0
8,10,0.0,0.0,0.0,0.0,0.0,0.0,0.0,0.0,0.0,0.0,1.0,0.0,0.0
8,10,0.0,0.0,0.0,0.0,0.0,0.0,0.0,0.0,0.0,0.0,1.0,0.0,0.0
8,10,0.0,0.0,0.0,0.0,0.0,0.0,0.0,0.0,0.0,0.0,1.0,0.0,0.0
8,10,0.0,0.0,0.0,0.0,0.0,0.0,0.0,0.0,0.0,0.0,1.0,0.0,0.0
8,10,0.0,0.0,0.0,0.0,0.0,0.0,0.0,0.0,0.0,0.0,1.0,0.0,0.0
8,10,0.0,0.0,0.0,0.0,0.0,0.0,0.0,0.0,0.0,0.0,1.0,0.0,0.0
8,10,0.0,0.0,0.0,0.0,0.0,0.0,0.0,0.0,0.0,0.0,1.0,0.0,0.0
8,10,0.0,0.0,0.0,0.0,0.0,0.0,0.0,0.0,0.0,0.0,1.0,0.0,0.0
8,10,0.0,0.0,0.0,0.0,0.0,0.0,0.0,0.0,0.0,0.0,1.0,0.0,0.0
8,10,0.0,0.0,0.0,0.0,0.0,0.0,0.0,0.0,0.0,0.0,1.0,0.0,0.0
8,10,0.0,0.0,0.0,0.0,0.0,0.0,0.0,0.0,0.0,0.0,1.0,0.0,0.0
8,10,0.0,0.0,0.0,0.0,0.0,0.0,0.0,0.0,0.0,0.0,1.0,0.0,0.0
8,10,0.0,0.0,0.0,0.0,0.0,0.0,0.0,0.0,0.0,0.0,1.0,0.0,0.0
8,10,0.0,0.0,0.0,0.0,0.0,0.0,0.0,0.0,0.0,0.0,1.0,0.0,0.0
8,10,0.0,0.0,0.0,0.0,0.0,0.0,0.0,0.0,0.0,0.0,1.0,0.0,0.0
8,10,0.0,0.0,0.0,0.0,0.0,0.0,0.0,0.0,0.0,0.0,1.0,0.0,0.0
8,10,0.0,0.0,0.0,0.0,0.0,0.0,0.0,0.0,0.0,0.0,1.0,0.0,0.0
8,10,0.0,0.0,0.0,0.0,0.0,0.0,0.0,0.0,0.0,0.0,1.0,0.0,0.0
8,10,0.0,0.0,0.0,0.0,0.0,0.0,0.0,0.0,0.0,0.0,1.0,0.0,0.0
8,10,0.0,0.0,0.0,0.0,0.0,0.0,0.0,0.0,0.0,0.0,1.0,0.0,0.0
8,10,0.0,0.0,0.0,0.0,0.0,0.0,0.0,0.0,0.0,0.0,1.0,0.0,0.0
8,10,0.0,0.0,0.0,0.0,0.0,0.0,0.0,0.0,0.0,0.0,1.0,0.0,0.0
8,10,0.0,0.0,0.0,0.0,0.0,0.0,0.0,0.0,0.0,0.0,1.0,0.0,0.0
8,10,0.0,0.0,0.0,0.0,0.0,0.0,0.0,0.0,0.0,0.0,1.0,0.0,0.0
8,10,0.0,0.0,0.0,0.0,0.0,0.0,0.0,0.0,0.0,0.0,1.0,0.0,0.0
8,10,0.0,0.0,0.0,0.0,0.0,0.0,0.0,0.0,0.0,0.0,1.0,0.0,0.0
8,10,0.0,0.0,0.0,0.0,0.0,0.0,0.0,0.0,0.0,0.0,1.0,0.0,0.0
8,10,0.0,0.0,0.0,0.0,0.0,0.0,0.0,0.0,0.0,0.0,1.0,0.0,0.0
8,10,0.0,0.0,0.0,0.0,0.0,0.0,0.0,0.0,0.0,0.0,1.0,0.0,0.0
8,10,0.0,0.0,0.0,0.0,0.0,0.0,0.0,0.0,0.0,0.0,1.0,0.0,0.0
8,10,0.0,0.0,0.0,0.0,0.0,0.0,0.0,0.0,0.0,0.0,1.0,0.0,0.0
8,10,0.0,0.0,0.0,0.0,0.0,0.0,0.0,0.0,0.0,0.0,1.0,0.0,0.0
8,10,0.0,0.0,0.0,0.0,0.0,0.0,0.0,0.0,0.0,0.0,1.0,0.0,0.0
8,10,0.0,0.0,0.0,0.0,0.0,0.0,0.0,0.0,0.0,0.0,1.0,0.0,0.0
8,10,0.0,0.0,0.0,0.0,0.0,0.0,0.0,0.0,0.0,0.0,1.0,0.0,0.0
8,10,0.0,0.0,0.0,0.0,0.0,0.0,0.0,0.0,0.0,0.0,1.0,0.0,0.0
8,10,0.0,0.0,0.0,0.0,0.0,0.0,0.0,0.0,0.0,0.0,1.0,0.0,0.0
8,10,0.0,0.0,0.0,0.0,0.0,0.0,0.0,0.0,0.0,0.0,1.0,0.0,0.0
8,10,0.0,0.0,0.0,0.0,0.0,0.0,0.0,0.0,0.0,0.0,1.0,0.0,0.0
8,10,0.0,0.0,0.0,0.0,0.0,0.0,0.0,0.0,0.0,0.0,1.0,0.0,0.0
8,10,0.0,0.0,0.0,0.0,0.0,0.0,0.0,0.0,0.0,0.0,1.0,0.0,0.0
8,10,0.0,0.0,0.0,0.0,0.0,0.0,0.0,0.0,0.0,0.0,1.0,0.0,0.0
8,10,0.0,0.0,0.0,0.0,0.0,0.0,0.0,0.0,0.0,0.0,1.0,0.0,0.0
8,10,0.0,0.0,0.0,0.0,0.0,0.0,0.0,0.0,0.0,0.0,1.0,0.0,0.0
8,10,0.0,0.0,0.0,0.0,0.0,0.0,0.0,0.0,0.0,0.0,1.0,0.0,0.0
8,10,0.0,0.0,0.0,0.0,0.0,0.0,0.0,0.0,0.0,0.0,1.0,0.0,0.0
8,10,0.0,0.0,0.0,0.0,0.0,0.0,0.0,0.0,0.0,0.0,1.0,0.0,0.0
8,10,0.0,0.0,0.0,0.0,0.0,0.0,0.0,0.0,0.0,0.0,1.0,0.0,0.0
8,10,0.0,0.0,0.0,0.0,0.0,0.0,0.0,0.0,0.0,0.0,1.0,0.0,0.0
8,10,0.0,0.0,0.0,0.0,0.0,0.0,0.0,0.0,0.0,0.0,1.0,0.0,0.0
8,10,0.0,0.0,0.0,0.0,0.0,0.0,0.0,0.0,0.0,0.0,1.0,0.0,0.0
8,10,0.0,0.0,0.0,0.0,0.0,0.0,0.0,0.0,0.0,0.0,1.0,0.0,0.0
8,10,0.0,0.0,0.0,0.0,0.0,0.0,0.0,0.0,0.0,0.0,1.0,0.0,0.0
8,10,0.0,0.0,0.0,0.0,0.0,0.0,0.0,0.0,0.0,0.0,1.0,0.0,0.0
8,10,0.0,0.0,0.0,0.0,0.0,0.0,0.0,0.0,0.0,0.0,1.0,0.0,0.0
8,10,0.0,0.0,0.0,0.0,0.0,0.0,0.0,0.0,0.0,0.0,1.0,0.0,0.0
8,10,0.0,0.0,0.0,0.0,0.0,0.0,0.0,0.0,0.0,0.0,1.0,0.0,0.0
8,10,0.0,0.0,0.0,0.0,0.0,0.0,0.0,0.0,0.0,0.0,1.0,0.0,0.0
8,10,0.0,0.0,0.0,0.0,0.0,0.0,0.0,0.0,0.0,0.0,1.0,0.0,0.0
8,10,0.0,0.0,0.0,0.0,0.0,0.0,0.0,0.0,0.0,0.0,1.0,0.0,0.0
8,10,0.0,0.0,0.0,0.0,0.0,0.0,0.0,0.0,0.0,0.0,1.0,0.0,0.0
8,10,0.0,0.0,0.0,0.0,0.0,0.0,0.0,0.0,0.0,0.0,1.0,0.0,0.0
8,10,0.0,0.0,0.0,0.0,0.0,0.0,0.0,0.0,0.0,0.0,1.0,0.0,0.0
8,10,0.0,0.0,0.0,0.0,0.0,0.0,0.0,0.0,0.0,0.0,1.0,0.0,0.0
8,10,0.0,0.0,0.0,0.0,0.0,0.0,0.0,0.0,0.0,0.0,1.0,0.0,0.0
8,10,0.0,0.0,0.0,0.0,0.0,0.0,0.0,0.0,0.0,0.0,1.0,0.0,0.0
8,10,0.0,0.0,0.0,0.0,0.0,0.0,0.0,0.0,0.0,0.0,1.0,0.0,0.0
8,10,0.0,0.0,0.0,0.0,0.0,0.0,0.0,0.0,0.0,0.0,1.0,0.0,0.0
8,10,0.0,0.0,0.0,0.0,0.0,0.0,0.0,0.0,0.0,0.0,1.0,0.0,0.0
8,10,0.0,0.0,0.0,0.0,0.0,0.0,0.0,0.0,0.0,0.0,1.0,0.0,0.0
8,10,0.0,0.0,0.0,0.0,0.0,0.0,0.0,0.0,0.0,0.0,1.0,0.0,0.0
8,10,0.0,0.0,0.0,0.0,0.0,0.0,0.0,0.0,0.0,0.0,1.0,0.0,0.0
8,10,0.0,0.0,0.0,0.0,0.0,0.0,0.0,0.0,0.0,0.0,1.0,0.0,0.0
8,10,0.0,0.0,0.0,0.0,0.0,0.0,0.0,0.0,0.0,0.0,1.0,0.0,0.0
8,10,0.0,0.0,0.0,0.0,0.0,0.0,0.0,0.0,0.0,0.0,1.0,0.0,0.0
8,10,0.0,0.0,0.0,0.0,0.0,0.0,0.0,0.0,0.0,0.0,1.0,0.0,0.0
8,10,0.0,0.0,0.0,0.0,0.0,0.0,0.0,0.0,0.0,0.0,1.0,0.0,0.0
8,10,0.0,0.0,0.0,0.0,0.0,0.0,0.0,0.0,0.0,0.0,1.0,0.0,0.0
8,10,0.0,0.0,0.0,0.0,0.0,0.0,0.0,0.0,0.0,0.0,1.0,0.0,0.0
8,10,0.0,0.0,0.0,0.0,0.0,0.0,0.0,0.0,0.0,0.0,1.0,0.0,0.0
8,10,0.0,0.0,0.0,0.0,0.0,0.0,0.0,0.0,0.0,0.0,1.0,0.0,0.0
8,10,0.0,0.0,0.0,0.0,0.0,0.0,0.0,0.0,0.0,0.0,1.0,0.0,0.0
8,10,0.0,0.0,0.0,0.0,0.0,0.0,0.0,0.0,0.0,0.0,1.0,0.0,0.0
8,10,0.0,0.0,0.0,0.0,0.0,0.0,0.0,0.0,0.0,0.0,1.0,0.0,0.0
8,10,0.0,0.0,0.0,0.0,0.0,0.0,0.0,0.0,0.0,0.0,1.0,0.0,0.0
8,10,0.0,0.0,0.0,0.0,0.0,0.0,0.0,0.0,0.0,0.0,1.0,0.0,0.0
8,10,0.0,0.0,0.0,0.0,0.0,0.0,0.0,0.0,0.0,0.0,1.0,0.0,0.0
8,10,0.0,0.0,0.0,0.0,0.0,0.0,0.0,0.0,0.0,0.0,1.0,0.0,0.0
8,10,0.0,0.0,0.0,0.0,0.0,0.0,0.0,0.0,0.0,0.0,1.0,0.0,0.0
8,10,0.0,0.0,0.0,0.0,0.0,0.0,0.0,0.0,0.0,0.0,1.0,0.0,0.0
8,10,0.0,0.0,0.0,0.0,0.0,0.0,0.0,0.0,0.0,0.0,1.0,0.0,0.0
8,10,0.0,0.0,0.0,0.0,0.0,0.0,0.0,0.0,0.0,0.0,1.0,0.0,0.0
8,10,0.0,0.0,0.0,0.0,0.0,0.0,0.0,0.0,0.0,0.0,1.0,0.0,0.0
8,10,0.0,0.0,0.0,0.0,0.0,0.0,0.0,0.0,0.0,0.0,1.0,0.0,0.0
8,10,0.0,0.0,0.0,0.0,0.0,0.0,0.0,0.0,0.0,0.0,1.0,0.0,0.0
8,10,0.0,0.0,0.0,0.0,0.0,0.0,0.0,0.0,0.0,0.0,1.0,0.0,0.0
8,10,0.0,0.0,0.0,0.0,0.0,0.0,0.0,0.0,0.0,0.0,1.0,0.0,0.0
8,10,0.0,0.0,0.0,0.0,0.0,0.0,0.0,0.0,0.0,0.0,1.0,0.0,0.0
8,10,0.0,0.0,0.0,0.0,0.0,0.0,0.0,0.0,0.0,0.0,1.0,0.0,0.0
8,10,0.0,0.0,0.0,0.0,0.0,0.0,0.0,0.0,0.0,0.0,1.0,0.0,0.0
8,10,0.0,0.0,0.0,0.0,0.0,0.0,0.0,0.0,0.0,0.0,1.0,0.0,0.0
8,10,0.0,0.0,0.0,0.0,0.0,0.0,0.0,0.0,0.0,0.0,1.0,0.0,0.0
8,10,0.0,0.0,0.0,0.0,0.0,0.0,0.0,0.0,0.0,0.0,1.0,0.0,0.0
8,10,0.0,0.0,0.0,0.0,0.0,0.0,0.0,0.0,0.0,0.0,1.0,0.0,0.0
8,10,0.0,0.0,0.0,0.0,0.0,0.0,0.0,0.0,0.0,0.0,1.0,0.0,0.0
8,10,0.0,0.0,0.0,0.0,0.0,0.0,0.0,0.0,0.0,0.0,1.0,0.0,0.0
8,10,0.0,0.0,0.0,0.0,0.0,0.0,0.0,0.0,0.0,0.0,1.0,0.0,0.0
8,10,0.0,0.0,0.0,0.0,0.0,0.0,0.0,0.0,0.0,0.0,1.0,0.0,0.0
8,10,0.0,0.0,0.0,0.0,0.0,0.0,0.0,0.0,0.0,0.0,1.0,0.0,0.0
8,10,0.0,0.0,0.0,0.0,0.0,0.0,0.0,0.0,0.0,0.0,1.0,0.0,0.0
8,10,0.0,0.0,0.0,0.0,0.0,0.0,0.0,0.0,0.0,0.0,1.0,0.0,0.0
8,10,0.0,0.0,0.0,0.0,0.0,0.0,0.0,0.0,0.0,0.0,1.0,0.0,0.0
8,10,0.0,0.0,0.0,0.0,0.0,0.0,0.0,0.0,0.0,0.0,1.0,0.0,0.0
8,10,0.0,0.0,0.0,0.0,0.0,0.0,0.0,0.0,0.0,0.0,1.0,0.0,0.0
8,10,0.0,0.0,0.0,0.0,0.0,0.0,0.0,0.0,0.0,0.0,1.0,0.0,0.0
8,10,0.0,0.0,0.0,0.0,0.0,0.0,0.0,0.0,0.0,0.0,1.0,0.0,0.0
8,10,0.0,0.0,0.0,0.0,0.0,0.0,0.0,0.0,0.0,0.0,1.0,0.0,0.0
8,10,0.0,0.0,0.0,0.0,0.0,0.0,0.0,0.0,0.0,0.0,1.0,0.0,0.0
8,10,0.0,0.0,0.0,0.0,0.0,0.0,0.0,0.0,0.0,0.0,1.0,0.0,0.0
8,10,0.0,0.0,0.0,0.0,0.0,0.0,0.0,0.0,0.0,0.0,1.0,0.0,0.0
8,10,0.0,0.0,0.0,0.0,0.0,0.0,0.0,0.0,0.0,0.0,1.0,0.0,0.0
8,10,0.0,0.0,0.0,0.0,0.0,0.0,0.0,0.0,0.0,0.0,1.0,0.0,0.0
8,10,0.0,0.0,0.0,0.0,0.0,0.0,0.0,0.0,0.0,0.0,1.0,0.0,0.0
8,10,0.0,0.0,0.0,0.0,0.0,0.0,0.0,0.0,0.0,0.0,1.0,0.0,0.0
8,10,0.0,0.0,0.0,0.0,0.0,0.0,0.0,0.0,0.0,0.0,1.0,0.0,0.0
8,10,0.0,0.0,0.0,0.0,0.0,0.0,0.0,0.0,0.0,0.0,1.0,0.0,0.0
8,10,0.0,0.0,0.0,0.0,0.0,0.0,0.0,0.0,0.0,0.0,1.0,0.0,0.0
8,10,0.0,0.0,0.0,0.0,0.0,0.0,0.0,0.0,0.0,0.0,1.0,0.0,0.0
8,10,0.0,0.0,0.0,0.0,0.0,0.0,0.0,0.0,0.0,0.0,1.0,0.0,0.0
8,10,0.0,0.0,0.0,0.0,0.0,0.0,0.0,0.0,0.0,0.0,1.0,0.0,0.0
8,10,0.0,0.0,0.0,0.0,0.0,0.0,0.0,0.0,0.0,0.0,1.0,0.0,0.0
8,10,0.0,0.0,0.0,0.0,0.0,0.0,0.0,0.0,0.0,0.0,1.0,0.0,0.0
8,10,0.0,0.0,0.0,0.0,0.0,0.0,0.0,0.0,0.0,0.0,1.0,0.0,0.0
8,10,0.0,0.0,0.0,0.0,0.0,0.0,0.0,0.0,0.0,0.0,1.0,0.0,0.0
8,10,0.0,0.0,0.0,0.0,0.0,0.0,0.0,0.0,0.0,0.0,1.0,0.0,0.0
8,10,0.0,0.0,0.0,0.0,0.0,0.0,0.0,0.0,0.0,0.0,1.0,0.0,0.0
8,10,0.0,0.0,0.0,0.0,0.0,0.0,0.0,0.0,0.0,0.0,1.0,0.0,0.0
8,10,0.0,0.0,0.0,0.0,0.0,0.0,0.0,0.0,0.0,0.0,1.0,0.0,0.0
8,10,0.0,0.0,0.0,0.0,0.0,0.0,0.0,0.0,0.0,0.0,1.0,0.0,0.0
8,10,0.0,0.0,0.0,0.0,0.0,0.0,0.0,0.0,0.0,0.0,1.0,0.0,0.0
8,10,0.0,0.0,0.0,0.0,0.0,0.0,0.0,0.0,0.0,0.0,1.0,0.0,0.0
8,10,0.0,0.0,0.0,0.0,0.0,0.0,0.0,0.0,0.0,0.0,1.0,0.0,0.0
8,10,0.0,0.0,0.0,0.0,0.0,0.0,0.0,0.0,0.0,0.0,1.0,0.0,0.0
8,10,0.0,0.0,0.0,0.0,0.0,0.0,0.0,0.0,0.0,0.0,1.0,0.0,0.0
8,10,0.0,0.0,0.0,0.0,0.0,0.0,0.0,0.0,0.0,0.0,1.0,0.0,0.0
8,10,0.0,0.0,0.0,0.0,0.0,0.0,0.0,0.0,0.0,0.0,1.0,0.0,0.0
8,10,0.0,0.0,0.0,0.0,0.0,0.0,0.0,0.0,0.0,0.0,1.0,0.0,0.0
8,10,0.0,0.0,0.0,0.0,0.0,0.0,0.0,0.0,0.0,0.0,1.0,0.0,0.0
8,10,0.0,0.0,0.0,0.0,0.0,0.0,0.0,0.0,0.0,0.0,1.0,0.0,0.0
8,10,0.0,0.0,0.0,0.0,0.0,0.0,0.0,0.0,0.0,0.0,1.0,0.0,0.0
8,10,0.0,0.0,0.0,0.0,0.0,0.0,0.0,0.0,0.0,0.0,1.0,0.0,0.0
8,10,0.0,0.0,0.0,0.0,0.0,0.0,0.0,0.0,0.0,0.0,1.0,0.0,0.0
8,10,0.0,0.0,0.0,0.0,0.0,0.0,0.0,0.0,0.0,0.0,1.0,0.0,0.0
8,10,0.0,0.0,0.0,0.0,0.0,0.0,0.0,0.0,0.0,0.0,1.0,0.0,0.0
8,10,0.0,0.0,0.0,0.0,0.0,0.0,0.0,0.0,0.0,0.0,1.0,0.0,0.0
8,10,0.0,0.0,0.0,0.0,0.0,0.0,0.0,0.0,0.0,0.0,1.0,0.0,0.0
8,10,0.0,0.0,0.0,0.0,0.0,0.0,0.0,0.0,0.0,0.0,1.0,0.0,0.0
8,10,0.0,0.0,0.0,0.0,0.0,0.0,0.0,0.0,0.0,0.0,1.0,0.0,0.0
8,10,0.0,0.0,0.0,0.0,0.0,0.0,0.0,0.0,0.0,0.0,1.0,0.0,0.0
8,10,0.0,0.0,0.0,0.0,0.0,0.0,0.0,0.0,0.0,0.0,1.0,0.0,0.0
8,10,0.0,0.0,0.0,0.0,0.0,0.0,0.0,0.0,0.0,0.0,1.0,0.0,0.0
8,10,0.0,0.0,0.0,0.0,0.0,0.0,0.0,0.0,0.0,0.0,1.0,0.0,0.0
8,10,0.0,0.0,0.0,0.0,0.0,0.0,0.0,0.0,0.0,0.0,1.0,0.0,0.0
8,10,0.0,0.0,0.0,0.0,0.0,0.0,0.0,0.0,0.0,0.0,1.0,0.0,0.0
8,10,0.0,0.0,0.0,0.0,0.0,0.0,0.0,0.0,0.0,0.0,1.0,0.0,0.0
8,10,0.0,0.0,0.0,0.0,0.0,0.0,0.0,0.0,0.0,0.0,1.0,0.0,0.0
8,10,0.0,0.0,0.0,0.0,0.0,0.0,0.0,0.0,0.0,0.0,1.0,0.0,0.0
8,10,0.0,0.0,0.0,0.0,0.0,0.0,0.0,0.0,0.0,0.0,1.0,0.0,0.0
8,10,0.0,0.0,0.0,0.0,0.0,0.0,0.0,0.0,0.0,0.0,1.0,0.0,0.0
8,10,0.0,0.0,0.0,0.0,0.0,0.0,0.0,0.0,0.0,0.0,1.0,0.0,0.0
8,10,0.0,0.0,0.0,0.0,0.0,0.0,0.0,0.0,0.0,0.0,1.0,0.0,0.0
8,10,0.0,0.0,0.0,0.0,0.0,0.0,0.0,0.0,0.0,0.0,1.0,0.0,0.0
8,10,0.0,0.0,0.0,0.0,0.0,0.0,0.0,0.0,0.0,0.0,1.0,0.0,0.0
8,10,0.0,0.0,0.0,0.0,0.0,0.0,0.0,0.0,0.0,0.0,1.0,0.0,0.0
8,10,0.0,0.0,0.0,0.0,0.0,0.0,0.0,0.0,0.0,0.0,1.0,0.0,0.0
8,10,0.0,0.0,0.0,0.0,0.0,0.0,0.0,0.0,0.0,0.0,1.0,0.0,0.0
8,10,0.0,0.0,0.0,0.0,0.0,0.0,0.0,0.0,0.0,0.0,1.0,0.0,0.0
8,10,0.0,0.0,0.0,0.0,0.0,0.0,0.0,0.0,0.0,0.0,1.0,0.0,0.0
8,10,0.0,0.0,0.0,0.0,0.0,0.0,0.0,0.0,0.0,0.0,1.0,0.0,0.0
8,10,0.0,0.0,0.0,0.0,0.0,0.0,0.0,0.0,0.0,0.0,1.0,0.0,0.0
8,10,0.0,0.0,0.0,0.0,0.0,0.0,0.0,0.0,0.0,0.0,1.0,0.0,0.0
8,10,0.0,0.0,0.0,0.0,0.0,0.0,0.0,0.0,0.0,0.0,1.0,0.0,0.0
8,10,0.0,0.0,0.0,0.0,0.0,0.0,0.0,0.0,0.0,0.0,1.0,0.0,0.0
8,10,0.0,0.0,0.0,0.0,0.0,0.0,0.0,0.0,0.0,0.0,1.0,0.0,0.0
8,10,0.0,0.0,0.0,0.0,0.0,0.0,0.0,0.0,0.0,0.0,1.0,0.0,0.0
8,10,0.0,0.0,0.0,0.0,0.0,0.0,0.0,0.0,0.0,0.0,1.0,0.0,0.0
8,10,0.0,0.0,0.0,0.0,0.0,0.0,0.0,0.0,0.0,0.0,1.0,0.0,0.0
8,10,0.0,0.0,0.0,0.0,0.0,0.0,0.0,0.0,0.0,0.0,1.0,0.0,0.0
8,10,0.0,0.0,0.0,0.0,0.0,0.0,0.0,0.0,0.0,0.0,1.0,0.0,0.0
8,10,0.0,0.0,0.0,0.0,0.0,0.0,0.0,0.0,0.0,0.0,1.0,0.0,0.0
8,10,0.0,0.0,0.0,0.0,0.0,0.0,0.0,0.0,0.0,0.0,1.0,0.0,0.0
8,10,0.0,0.0,0.0,0.0,0.0,0.0,0.0,0.0,0.0,0.0,1.0,0.0,0.0
8,10,0.0,0.0,0.0,0.0,0.0,0.0,0.0,0.0,0.0,0.0,1.0,0.0,0.0
8,10,0.0,0.0,0.0,0.0,0.0,0.0,0.0,0.0,0.0,0.0,1.0,0.0,0.0
8,10,0.0,0.0,0.0,0.0,0.0,0.0,0.0,0.0,0.0,0.0,1.0,0.0,0.0
8,10,0.0,0.0,0.0,0.0,0.0,0.0,0.0,0.0,0.0,0.0,1.0,0.0,0.0
8,10,0.0,0.0,0.0,0.0,0.0,0.0,0.0,0.0,0.0,0.0,1.0,0.0,0.0
8,10,0.0,0.0,0.0,0.0,0.0,0.0,0.0,0.0,0.0,0.0,1.0,0.0,0.0
8,10,0.0,0.0,0.0,0.0,0.0,0.0,0.0,0.0,0.0,0.0,1.0,0.0,0.0
8,10,0.0,0.0,0.0,0.0,0.0,0.0,0.0,0.0,0.0,0.0,1.0,0.0,0.0
8,10,0.0,0.0,0.0,0.0,0.0,0.0,0.0,0.0,0.0,0.0,1.0,0.0,0.0
8,10,0.0,0.0,0.0,0.0,0.0,0.0,0.0,0.0,0.0,0.0,1.0,0.0,0.0
8,10,0.0,0.0,0.0,0.0,0.0,0.0,0.0,0.0,0.0,0.0,1.0,0.0,0.0
8,10,0.0,0.0,0.0,0.0,0.0,0.0,0.0,0.0,0.0,0.0,1.0,0.0,0.0
8,10,0.0,0.0,0.0,0.0,0.0,0.0,0.0,0.0,0.0,0.0,1.0,0.0,0.0
8,10,0.0,0.0,0.0,0.0,0.0,0.0,0.0,0.0,0.0,0.0,1.0,0.0,0.0
8,10,0.0,0.0,0.0,0.0,0.0,0.0,0.0,0.0,0.0,0.0,1.0,0.0,0.0
8,10,0.0,0.0,0.0,0.0,0.0,0.0,0.0,0.0,0.0,0.0,1.0,0.0,0.0
8,10,0.0,0.0,0.0,0.0,0.0,0.0,0.0,0.0,0.0,0.0,1.0,0.0,0.0
8,10,0.0,0.0,0.0,0.0,0.0,0.0,0.0,0.0,0.0,0.0,1.0,0.0,0.0
8,10,0.0,0.0,0.0,0.0,0.0,0.0,0.0,0.0,0.0,0.0,1.0,0.0,0.0
8,10,0.0,0.0,0.0,0.0,0.0,0.0,0.0,0.0,0.0,0.0,1.0,0.0,0.0
8,10,0.0,0.0,0.0,0.0,0.0,0.0,0.0,0.0,0.0,0.0,1.0,0.0,0.0
8,10,0.0,0.0,0.0,0.0,0.0,0.0,0.0,0.0,0.0,0.0,1.0,0.0,0.0
8,10,0.0,0.0,0.0,0.0,0.0,0.0,0.0,0.0,0.0,0.0,1.0,0.0,0.0
8,10,0.0,0.0,0.0,0.0,0.0,0.0,0.0,0.0,0.0,0.0,1.0,0.0,0.0
8,10,0.0,0.0,0.0,0.0,0.0,0.0,0.0,0.0,0.0,0.0,1.0,0.0,0.0
8,10,0.0,0.0,0.0,0.0,0.0,0.0,0.0,0.0,0.0,0.0,1.0,0.0,0.0
8,10,0.0,0.0,0.0,0.0,0.0,0.0,0.0,0.0,0.0,0.0,1.0,0.0,0.0
8,10,0.0,0.0,0.0,0.0,0.0,0.0,0.0,0.0,0.0,0.0,1.0,0.0,0.0
8,10,0.0,0.0,0.0,0.0,0.0,0.0,0.0,0.0,0.0,0.0,1.0,0.0,0.0
8,10,0.0,0.0,0.0,0.0,0.0,0.0,0.0,0.0,0.0,0.0,1.0,0.0,0.0
8,10,0.0,0.0,0.0,0.0,0.0,0.0,0.0,0.0,0.0,0.0,1.0,0.0,0.0
8,10,0.0,0.0,0.0,0.0,0.0,0.0,0.0,0.0,0.0,0.0,1.0,0.0,0.0
8,10,0.0,0.0,0.0,0.0,0.0,0.0,0.0,0.0,0.0,0.0,1.0,0.0,0.0
8,10,0.0,0.0,0.0,0.0,0.0,0.0,0.0,0.0,0.0,0.0,1.0,0.0,0.0
8,10,0.0,0.0,0.0,0.0,0.0,0.0,0.0,0.0,0.0,0.0,1.0,0.0,0.0
8,10,0.0,0.0,0.0,0.0,0.0,0.0,0.0,0.0,0.0,0.0,1.0,0.0,0.0
8,10,0.0,0.0,0.0,0.0,0.0,0.0,0.0,0.0,0.0,0.0,1.0,0.0,0.0
8,10,0.0,0.0,0.0,0.0,0.0,0.0,0.0,0.0,0.0,0.0,1.0,0.0,0.0
8,10,0.0,0.0,0.0,0.0,0.0,0.0,0.0,0.0,0.0,0.0,1.0,0.0,0.0
8,10,0.0,0.0,0.0,0.0,0.0,0.0,0.0,0.0,0.0,0.0,1.0,0.0,0.0
8,10,0.0,0.0,0.0,0.0,0.0,0.0,0.0,0.0,0.0,0.0,1.0,0.0,0.0
8,10,0.0,0.0,0.0,0.0,0.0,0.0,0.0,0.0,0.0,0.0,1.0,0.0,0.0
8,10,0.0,0.0,0.0,0.0,0.0,0.0,0.0,0.0,0.0,0.0,1.0,0.0,0.0
8,10,0.0,0.0,0.0,0.0,0.0,0.0,0.0,0.0,0.0,0.0,1.0,0.0,0.0
8,10,0.0,0.0,0.0,0.0,0.0,0.0,0.0,0.0,0.0,0.0,1.0,0.0,0.0
8,10,0.0,0.0,0.0,0.0,0.0,0.0,0.0,0.0,0.0,0.0,1.0,0.0,0.0
8,10,0.0,0.0,0.0,0.0,0.0,0.0,0.0,0.0,0.0,0.0,1.0,0.0,0.0
8,10,0.0,0.0,0.0,0.0,0.0,0.0,0.0,0.0,0.0,0.0,1.0,0.0,0.0
8,10,0.0,0.0,0.0,0.0,0.0,0.0,0.0,0.0,0.0,0.0,1.0,0.0,0.0
8,10,0.0,0.0,0.0,0.0,0.0,0.0,0.0,0.0,0.0,0.0,1.0,0.0,0.0
8,10,0.0,0.0,0.0,0.0,0.0,0.0,0.0,0.0,0.0,0.0,1.0,0.0,0.0
8,10,0.0,0.0,0.0,0.0,0.0,0.0,0.0,0.0,0.0,0.0,1.0,0.0,0.0
8,10,0.0,0.0,0.0,0.0,0.0,0.0,0.0,0.0,0.0,0.0,1.0,0.0,0.0
8,10,0.0,0.0,0.0,0.0,0.0,0.0,0.0,0.0,0.0,0.0,1.0,0.0,0.0
8,10,0.0,0.0,0.0,0.0,0.0,0.0,0.0,0.0,0.0,0.0,1.0,0.0,0.0
8,10,0.0,0.0,0.0,0.0,0.0,0.0,0.0,0.0,0.0,0.0,1.0,0.0,0.0
8,10,0.0,0.0,0.0,0.0,0.0,0.0,0.0,0.0,0.0,0.0,1.0,0.0,0.0
8,10,0.0,0.0,0.0,0.0,0.0,0.0,0.0,0.0,0.0,0.0,1.0,0.0,0.0
8,10,0.0,0.0,0.0,0.0,0.0,0.0,0.0,0.0,0.0,0.0,1.0,0.0,0.0
8,10,0.0,0.0,0.0,0.0,0.0,0.0,0.0,0.0,0.0,0.0,1.0,0.0,0.0
8,10,0.0,0.0,0.0,0.0,0.0,0.0,0.0,0.0,0.0,0.0,1.0,0.0,0.0
8,10,0.0,0.0,0.0,0.0,0.0,0.0,0.0,0.0,0.0,0.0,1.0,0.0,0.0
8,10,0.0,0.0,0.0,0.0,0.0,0.0,0.0,0.0,0.0,0.0,1.0,0.0,0.0
8,10,0.0,0.0,0.0,0.0,0.0,0.0,0.0,0.0,0.0,0.0,1.0,0.0,0.0
8,10,0.0,0.0,0.0,0.0,0.0,0.0,0.0,0.0,0.0,0.0,1.0,0.0,0.0
8,10,0.0,0.0,0.0,0.0,0.0,0.0,0.0,0.0,0.0,0.0,1.0,0.0,0.0
8,10,0.0,0.0,0.0,0.0,0.0,0.0,0.0,0.0,0.0,0.0,1.0,0.0,0.0
8,10,0.0,0.0,0.0,0.0,0.0,0.0,0.0,0.0,0.0,0.0,1.0,0.0,0.0
8,10,0.0,0.0,0.0,0.0,0.0,0.0,0.0,0.0,0.0,0.0,1.0,0.0,0.0
8,10,0.0,0.0,0.0,0.0,0.0,0.0,0.0,0.0,0.0,0.0,1.0,0.0,0.0
8,10,0.0,0.0,0.0,0.0,0.0,0.0,0.0,0.0,0.0,0.0,1.0,0.0,0.0
8,10,0.0,0.0,0.0,0.0,0.0,0.0,0.0,0.0,0.0,0.0,1.0,0.0,0.0
8,10,0.0,0.0,0.0,0.0,0.0,0.0,0.0,0.0,0.0,0.0,1.0,0.0,0.0
8,10,0.0,0.0,0.0,0.0,0.0,0.0,0.0,0.0,0.0,0.0,1.0,0.0,0.0
8,10,0.0,0.0,0.0,0.0,0.0,0.0,0.0,0.0,0.0,0.0,1.0,0.0,0.0
8,10,0.0,0.0,0.0,0.0,0.0,0.0,0.0,0.0,0.0,0.0,1.0,0.0,0.0
8,10,0.0,0.0,0.0,0.0,0.0,0.0,0.0,0.0,0.0,0.0,1.0,0.0,0.0
8,10,0.0,0.0,0.0,0.0,0.0,0.0,0.0,0.0,0.0,0.0,1.0,0.0,0.0
8,10,0.0,0.0,0.0,0.0,0.0,0.0,0.0,0.0,0.0,0.0,1.0,0.0,0.0
8,10,0.0,0.0,0.0,0.0,0.0,0.0,0.0,0.0,0.0,0.0,1.0,0.0,0.0
8,10,0.0,0.0,0.0,0.0,0.0,0.0,0.0,0.0,0.0,0.0,1.0,0.0,0.0
8,10,0.0,0.0,0.0,0.0,0.0,0.0,0.0,0.0,0.0,0.0,1.0,0.0,0.0
8,10,0.0,0.0,0.0,0.0,0.0,0.0,0.0,0.0,0.0,0.0,1.0,0.0,0.0
8,10,0.0,0.0,0.0,0.0,0.0,0.0,0.0,0.0,0.0,0.0,1.0,0.0,0.0
8,10,0.0,0.0,0.0,0.0,0.0,0.0,0.0,0.0,0.0,0.0,1.0,0.0,0.0
8,10,0.0,0.0,0.0,0.0,0.0,0.0,0.0,0.0,0.0,0.0,1.0,0.0,0.0
8,10,0.0,0.0,0.0,0.0,0.0,0.0,0.0,0.0,0.0,0.0,1.0,0.0,0.0
8,10,0.0,0.0,0.0,0.0,0.0,0.0,0.0,0.0,0.0,0.0,1.0,0.0,0.0
8,10,0.0,0.0,0.0,0.0,0.0,0.0,0.0,0.0,0.0,0.0,1.0,0.0,0.0
8,10,0.0,0.0,0.0,0.0,0.0,0.0,0.0,0.0,0.0,0.0,1.0,0.0,0.0
8,10,0.0,0.0,0.0,0.0,0.0,0.0,0.0,0.0,0.0,0.0,1.0,0.0,0.0
8,10,0.0,0.0,0.0,0.0,0.0,0.0,0.0,0.0,0.0,0.0,1.0,0.0,0.0
8,10,0.0,0.0,0.0,0.0,0.0,0.0,0.0,0.0,0.0,0.0,1.0,0.0,0.0
8,10,0.0,0.0,0.0,0.0,0.0,0.0,0.0,0.0,0.0,0.0,1.0,0.0,0.0
8,10,0.0,0.0,0.0,0.0,0.0,0.0,0.0,0.0,0.0,0.0,1.0,0.0,0.0
8,10,0.0,0.0,0.0,0.0,0.0,0.0,0.0,0.0,0.0,0.0,1.0,0.0,0.0
8,10,0.0,0.0,0.0,0.0,0.0,0.0,0.0,0.0,0.0,0.0,1.0,0.0,0.0
8,10,0.0,0.0,0.0,0.0,0.0,0.0,0.0,0.0,0.0,0.0,1.0,0.0,0.0
8,10,0.0,0.0,0.0,0.0,0.0,0.0,0.0,0.0,0.0,0.0,1.0,0.0,0.0
8,10,0.0,0.0,0.0,0.0,0.0,0.0,0.0,0.0,0.0,0.0,1.0,0.0,0.0
8,10,0.0,0.0,0.0,0.0,0.0,0.0,0.0,0.0,0.0,0.0,1.0,0.0,0.0
8,10,0.0,0.0,0.0,0.0,0.0,0.0,0.0,0.0,0.0,0.0,1.0,0.0,0.0
8,10,0.0,0.0,0.0,0.0,0.0,0.0,0.0,0.0,0.0,0.0,1.0,0.0,0.0
8,10,0.0,0.0,0.0,0.0,0.0,0.0,0.0,0.0,0.0,0.0,1.0,0.0,0.0
8,10,0.0,0.0,0.0,0.0,0.0,0.0,0.0,0.0,0.0,0.0,1.0,0.0,0.0
8,10,0.0,0.0,0.0,0.0,0.0,0.0,0.0,0.0,0.0,0.0,1.0,0.0,0.0
8,10,0.0,0.0,0.0,0.0,0.0,0.0,0.0,0.0,0.0,0.0,1.0,0.0,0.0
8,10,0.0,0.0,0.0,0.0,0.0,0.0,0.0,0.0,0.0,0.0,1.0,0.0,0.0
8,10,0.0,0.0,0.0,0.0,0.0,0.0,0.0,0.0,0.0,0.0,1.0,0.0,0.0
8,10,0.0,0.0,0.0,0.0,0.0,0.0,0.0,0.0,0.0,0.0,1.0,0.0,0.0
8,10,0.0,0.0,0.0,0.0,0.0,0.0,0.0,0.0,0.0,0.0,1.0,0.0,0.0
8,10,0.0,0.0,0.0,0.0,0.0,0.0,0.0,0.0,0.0,0.0,1.0,0.0,0.0
8,10,0.0,0.0,0.0,0.0,0.0,0.0,0.0,0.0,0.0,0.0,1.0,0.0,0.0
8,10,0.0,0.0,0.0,0.0,0.0,0.0,0.0,0.0,0.0,0.0,1.0,0.0,0.0
8,10,0.0,0.0,0.0,0.0,0.0,0.0,0.0,0.0,0.0,0.0,1.0,0.0,0.0
8,10,0.0,0.0,0.0,0.0,0.0,0.0,0.0,0.0,0.0,0.0,1.0,0.0,0.0
8,10,0.0,0.0,0.0,0.0,0.0,0.0,0.0,0.0,0.0,0.0,1.0,0.0,0.0
8,10,0.0,0.0,0.0,0.0,0.0,0.0,0.0,0.0,0.0,0.0,1.0,0.0,0.0
8,10,0.0,0.0,0.0,0.0,0.0,0.0,0.0,0.0,0.0,0.0,1.0,0.0,0.0
8,10,0.0,0.0,0.0,0.0,0.0,0.0,0.0,0.0,0.0,0.0,1.0,0.0,0.0
8,10,0.0,0.0,0.0,0.0,0.0,0.0,0.0,0.0,0.0,0.0,1.0,0.0,0.0
8,10,0.0,0.0,0.0,0.0,0.0,0.0,0.0,0.0,0.0,0.0,1.0,0.0,0.0
8,10,0.0,0.0,0.0,0.0,0.0,0.0,0.0,0.0,0.0,0.0,1.0,0.0,0.0
8,10,0.0,0.0,0.0,0.0,0.0,0.0,0.0,0.0,0.0,0.0,1.0,0.0,0.0
8,10,0.0,0.0,0.0,0.0,0.0,0.0,0.0,0.0,0.0,0.0,1.0,0.0,0.0
8,10,0.0,0.0,0.0,0.0,0.0,0.0,0.0,0.0,0.0,0.0,1.0,0.0,0.0
8,10,0.0,0.0,0.0,0.0,0.0,0.0,0.0,0.0,0.0,0.0,1.0,0.0,0.0
8,10,0.0,0.0,0.0,0.0,0.0,0.0,0.0,0.0,0.0,0.0,1.0,0.0,0.0
8,10,0.0,0.0,0.0,0.0,0.0,0.0,0.0,0.0,0.0,0.0,1.0,0.0,0.0
8,10,0.0,0.0,0.0,0.0,0.0,0.0,0.0,0.0,0.0,0.0,1.0,0.0,0.0
8,10,0.0,0.0,0.0,0.0,0.0,0.0,0.0,0.0,0.0,0.0,1.0,0.0,0.0
8,10,0.0,0.0,0.0,0.0,0.0,0.0,0.0,0.0,0.0,0.0,1.0,0.0,0.0
8,10,0.0,0.0,0.0,0.0,0.0,0.0,0.0,0.0,0.0,0.0,1.0,0.0,0.0
8,10,0.0,0.0,0.0,0.0,0.0,0.0,0.0,0.0,0.0,0.0,1.0,0.0,0.0
8,10,0.0,0.0,0.0,0.0,0.0,0.0,0.0,0.0,0.0,0.0,1.0,0.0,0.0
8,10,0.0,0.0,0.0,0.0,0.0,0.0,0.0,0.0,0.0,0.0,1.0,0.0,0.0
8,10,0.0,0.0,0.0,0.0,0.0,0.0,0.0,0.0,0.0,0.0,1.0,0.0,0.0
8,10,0.0,0.0,0.0,0.0,0.0,0.0,0.0,0.0,0.0,0.0,1.0,0.0,0.0
8,10,0.0,0.0,0.0,0.0,0.0,0.0,0.0,0.0,0.0,0.0,1.0,0.0,0.0
8,10,0.0,0.0,0.0,0.0,0.0,0.0,0.0,0.0,0.0,0.0,1.0,0.0,0.0
8,10,0.0,0.0,0.0,0.0,0.0,0.0,0.0,0.0,0.0,0.0,1.0,0.0,0.0
8,10,0.0,0.0,0.0,0.0,0.0,0.0,0.0,0.0,0.0,0.0,1.0,0.0,0.0
8,10,0.0,0.0,0.0,0.0,0.0,0.0,0.0,0.0,0.0,0.0,1.0,0.0,0.0
8,10,0.0,0.0,0.0,0.0,0.0,0.0,0.0,0.0,0.0,0.0,1.0,0.0,0.0
8,10,0.0,0.0,0.0,0.0,0.0,0.0,0.0,0.0,0.0,0.0,1.0,0.0,0.0
8,10,0.0,0.0,0.0,0.0,0.0,0.0,0.0,0.0,0.0,0.0,1.0,0.0,0.0
8,10,0.0,0.0,0.0,0.0,0.0,0.0,0.0,0.0,0.0,0.0,1.0,0.0,0.0
8,10,0.0,0.0,0.0,0.0,0.0,0.0,0.0,0.0,0.0,0.0,1.0,0.0,0.0
8,10,0.0,0.0,0.0,0.0,0.0,0.0,0.0,0.0,0.0,0.0,1.0,0.0,0.0
8,10,0.0,0.0,0.0,0.0,0.0,0.0,0.0,0.0,0.0,0.0,1.0,0.0,0.0
8,10,0.0,0.0,0.0,0.0,0.0,0.0,0.0,0.0,0.0,0.0,1.0,0.0,0.0
8,10,0.0,0.0,0.0,0.0,0.0,0.0,0.0,0.0,0.0,0.0,1.0,0.0,0.0
8,10,0.0,0.0,0.0,0.0,0.0,0.0,0.0,0.0,0.0,0.0,1.0,0.0,0.0
8,10,0.0,0.0,0.0,0.0,0.0,0.0,0.0,0.0,0.0,0.0,1.0,0.0,0.0
8,10,0.0,0.0,0.0,0.0,0.0,0.0,0.0,0.0,0.0,0.0,1.0,0.0,0.0
8,10,0.0,0.0,0.0,0.0,0.0,0.0,0.0,0.0,0.0,0.0,1.0,0.0,0.0
8,10,0.0,0.0,0.0,0.0,0.0,0.0,0.0,0.0,0.0,0.0,1.0,0.0,0.0
8,10,0.0,0.0,0.0,0.0,0.0,0.0,0.0,0.0,0.0,0.0,1.0,0.0,0.0
8,10,0.0,0.0,0.0,0.0,0.0,0.0,0.0,0.0,0.0,0.0,1.0,0.0,0.0
8,10,0.0,0.0,0.0,0.0,0.0,0.0,0.0,0.0,0.0,0.0,1.0,0.0,0.0
8,10,0.0,0.0,0.0,0.0,0.0,0.0,0.0,0.0,0.0,0.0,1.0,0.0,0.0
8,10,0.0,0.0,0.0,0.0,0.0,0.0,0.0,0.0,0.0,0.0,1.0,0.0,0.0
8,10,0.0,0.0,0.0,0.0,0.0,0.0,0.0,0.0,0.0,0.0,1.0,0.0,0.0
8,10,0.0,0.0,0.0,0.0,0.0,0.0,0.0,0.0,0.0,0.0,1.0,0.0,0.0
8,10,0.0,0.0,0.0,0.0,0.0,0.0,0.0,0.0,0.0,0.0,1.0,0.0,0.0
8,10,0.0,0.0,0.0,0.0,0.0,0.0,0.0,0.0,0.0,0.0,1.0,0.0,0.0
8,10,0.0,0.0,0.0,0.0,0.0,0.0,0.0,0.0,0.0,0.0,1.0,0.0,0.0
8,10,0.0,0.0,0.0,0.0,0.0,0.0,0.0,0.0,0.0,0.0,1.0,0.0,0.0
8,10,0.0,0.0,0.0,0.0,0.0,0.0,0.0,0.0,0.0,0.0,1.0,0.0,0.0
8,10,0.0,0.0,0.0,0.0,0.0,0.0,0.0,0.0,0.0,0.0,1.0,0.0,0.0
8,10,0.0,0.0,0.0,0.0,0.0,0.0,0.0,0.0,0.0,0.0,1.0,0.0,0.0
8,10,0.0,0.0,0.0,0.0,0.0,0.0,0.0,0.0,0.0,0.0,1.0,0.0,0.0
8,10,0.0,0.0,0.0,0.0,0.0,0.0,0.0,0.0,0.0,0.0,1.0,0.0,0.0
8,10,0.0,0.0,0.0,0.0,0.0,0.0,0.0,0.0,0.0,0.0,1.0,0.0,0.0
8,10,0.0,0.0,0.0,0.0,0.0,0.0,0.0,0.0,0.0,0.0,1.0,0.0,0.0
8,10,0.0,0.0,0.0,0.0,0.0,0.0,0.0,0.0,0.0,0.0,1.0,0.0,0.0
8,10,0.0,0.0,0.0,0.0,0.0,0.0,0.0,0.0,0.0,0.0,1.0,0.0,0.0
8,10,0.0,0.0,0.0,0.0,0.0,0.0,0.0,0.0,0.0,0.0,1.0,0.0,0.0
8,10,0.0,0.0,0.0,0.0,0.0,0.0,0.0,0.0,0.0,0.0,1.0,0.0,0.0
8,10,0.0,0.0,0.0,0.0,0.0,0.0,0.0,0.0,0.0,0.0,1.0,0.0,0.0
8,10,0.0,0.0,0.0,0.0,0.0,0.0,0.0,0.0,0.0,0.0,1.0,0.0,0.0
8,10,0.0,0.0,0.0,0.0,0.0,0.0,0.0,0.0,0.0,0.0,1.0,0.0,0.0
8,10,0.0,0.0,0.0,0.0,0.0,0.0,0.0,0.0,0.0,0.0,1.0,0.0,0.0
8,10,0.0,0.0,0.0,0.0,0.0,0.0,0.0,0.0,0.0,0.0,1.0,0.0,0.0
8,10,0.0,0.0,0.0,0.0,0.0,0.0,0.0,0.0,0.0,0.0,1.0,0.0,0.0
8,10,0.0,0.0,0.0,0.0,0.0,0.0,0.0,0.0,0.0,0.0,1.0,0.0,0.0
8,10,0.0,0.0,0.0,0.0,0.0,0.0,0.0,0.0,0.0,0.0,1.0,0.0,0.0
8,10,0.0,0.0,0.0,0.0,0.0,0.0,0.0,0.0,0.0,0.0,1.0,0.0,0.0
8,10,0.0,0.0,0.0,0.0,0.0,0.0,0.0,0.0,0.0,0.0,1.0,0.0,0.0
8,10,0.0,0.0,0.0,0.0,0.0,0.0,0.0,0.0,0.0,0.0,1.0,0.0,0.0
8,10,0.0,0.0,0.0,0.0,0.0,0.0,0.0,0.0,0.0,0.0,1.0,0.0,0.0
8,10,0.0,0.0,0.0,0.0,0.0,0.0,0.0,0.0,0.0,0.0,1.0,0.0,0.0
8,10,0.0,0.0,0.0,0.0,0.0,0.0,0.0,0.0,0.0,0.0,1.0,0.0,0.0
8,10,0.0,0.0,0.0,0.0,0.0,0.0,0.0,0.0,0.0,0.0,1.0,0.0,0.0
8,10,0.0,0.0,0.0,0.0,0.0,0.0,0.0,0.0,0.0,0.0,1.0,0.0,0.0
8,10,0.0,0.0,0.0,0.0,0.0,0.0,0.0,0.0,0.0,0.0,1.0,0.0,0.0
8,10,0.0,0.0,0.0,0.0,0.0,0.0,0.0,0.0,0.0,0.0,1.0,0.0,0.0
8,10,0.0,0.0,0.0,0.0,0.0,0.0,0.0,0.0,0.0,0.0,1.0,0.0,0.0
8,10,0.0,0.0,0.0,0.0,0.0,0.0,0.0,0.0,0.0,0.0,1.0,0.0,0.0
8,10,0.0,0.0,0.0,0.0,0.0,0.0,0.0,0.0,0.0,0.0,1.0,0.0,0.0
8,10,0.0,0.0,0.0,0.0,0.0,0.0,0.0,0.0,0.0,0.0,1.0,0.0,0.0
8,10,0.0,0.0,0.0,0.0,0.0,0.0,0.0,0.0,0.0,0.0,1.0,0.0,0.0
8,10,0.0,0.0,0.0,0.0,0.0,0.0,0.0,0.0,0.0,0.0,1.0,0.0,0.0
8,10,0.0,0.0,0.0,0.0,0.0,0.0,0.0,0.0,0.0,0.0,1.0,0.0,0.0
8,10,0.0,0.0,0.0,0.0,0.0,0.0,0.0,0.0,0.0,0.0,1.0,0.0,0.0
8,10,0.0,0.0,0.0,0.0,0.0,0.0,0.0,0.0,0.0,0.0,1.0,0.0,0.0
8,10,0.0,0.0,0.0,0.0,0.0,0.0,0.0,0.0,0.0,0.0,1.0,0.0,0.0
8,10,0.0,0.0,0.0,0.0,0.0,0.0,0.0,0.0,0.0,0.0,1.0,0.0,0.0
8,10,0.0,0.0,0.0,0.0,0.0,0.0,0.0,0.0,0.0,0.0,1.0,0.0,0.0
8,10,0.0,0.0,0.0,0.0,0.0,0.0,0.0,0.0,0.0,0.0,1.0,0.0,0.0
8,10,0.0,0.0,0.0,0.0,0.0,0.0,0.0,0.0,0.0,0.0,1.0,0.0,0.0
8,10,0.0,0.0,0.0,0.0,0.0,0.0,0.0,0.0,0.0,0.0,1.0,0.0,0.0
8,10,0.0,0.0,0.0,0.0,0.0,0.0,0.0,0.0,0.0,0.0,1.0,0.0,0.0
8,10,0.0,0.0,0.0,0.0,0.0,0.0,0.0,0.0,0.0,0.0,1.0,0.0,0.0
8,10,0.0,0.0,0.0,0.0,0.0,0.0,0.0,0.0,0.0,0.0,1.0,0.0,0.0
8,10,0.0,0.0,0.0,0.0,0.0,0.0,0.0,0.0,0.0,0.0,1.0,0.0,0.0
8,10,0.0,0.0,0.0,0.0,0.0,0.0,0.0,0.0,0.0,0.0,1.0,0.0,0.0
8,10,0.0,0.0,0.0,0.0,0.0,0.0,0.0,0.0,0.0,0.0,1.0,0.0,0.0
8,10,0.0,0.0,0.0,0.0,0.0,0.0,0.0,0.0,0.0,0.0,1.0,0.0,0.0
8,10,0.0,0.0,0.0,0.0,0.0,0.0,0.0,0.0,0.0,0.0,1.0,0.0,0.0
8,10,0.0,0.0,0.0,0.0,0.0,0.0,0.0,0.0,0.0,0.0,1.0,0.0,0.0
8,10,0.0,0.0,0.0,0.0,0.0,0.0,0.0,0.0,0.0,0.0,1.0,0.0,0.0
8,10,0.0,0.0,0.0,0.0,0.0,0.0,0.0,0.0,0.0,0.0,1.0,0.0,0.0
8,10,0.0,0.0,0.0,0.0,0.0,0.0,0.0,0.0,0.0,0.0,1.0,0.0,0.0
8,10,0.0,0.0,0.0,0.0,0.0,0.0,0.0,0.0,0.0,0.0,1.0,0.0,0.0
8,10,0.0,0.0,0.0,0.0,0.0,0.0,0.0,0.0,0.0,0.0,1.0,0.0,0.0
8,10,0.0,0.0,0.0,0.0,0.0,0.0,0.0,0.0,0.0,0.0,1.0,0.0,0.0
8,10,0.0,0.0,0.0,0.0,0.0,0.0,0.0,0.0,0.0,0.0,1.0,0.0,0.0
8,10,0.0,0.0,0.0,0.0,0.0,0.0,0.0,0.0,0.0,0.0,1.0,0.0,0.0
8,10,0.0,0.0,0.0,0.0,0.0,0.0,0.0,0.0,0.0,0.0,1.0,0.0,0.0
8,10,0.0,0.0,0.0,0.0,0.0,0.0,0.0,0.0,0.0,0.0,1.0,0.0,0.0
8,10,0.0,0.0,0.0,0.0,0.0,0.0,0.0,0.0,0.0,0.0,1.0,0.0,0.0
8,10,0.0,0.0,0.0,0.0,0.0,0.0,0.0,0.0,0.0,0.0,1.0,0.0,0.0
8,10,0.0,0.0,0.0,0.0,0.0,0.0,0.0,0.0,0.0,0.0,1.0,0.0,0.0
8,10,0.0,0.0,0.0,0.0,0.0,0.0,0.0,0.0,0.0,0.0,1.0,0.0,0.0
8,10,0.0,0.0,0.0,0.0,0.0,0.0,0.0,0.0,0.0,0.0,1.0,0.0,0.0
8,10,0.0,0.0,0.0,0.0,0.0,0.0,0.0,0.0,0.0,0.0,1.0,0.0,0.0
8,10,0.0,0.0,0.0,0.0,0.0,0.0,0.0,0.0,0.0,0.0,1.0,0.0,0.0
8,10,0.0,0.0,0.0,0.0,0.0,0.0,0.0,0.0,0.0,0.0,1.0,0.0,0.0
8,10,0.0,0.0,0.0,0.0,0.0,0.0,0.0,0.0,0.0,0.0,1.0,0.0,0.0
8,10,0.0,0.0,0.0,0.0,0.0,0.0,0.0,0.0,0.0,0.0,1.0,0.0,0.0
8,10,0.0,0.0,0.0,0.0,0.0,0.0,0.0,0.0,0.0,0.0,1.0,0.0,0.0
8,10,0.0,0.0,0.0,0.0,0.0,0.0,0.0,0.0,0.0,0.0,1.0,0.0,0.0
8,10,0.0,0.0,0.0,0.0,0.0,0.0,0.0,0.0,0.0,0.0,1.0,0.0,0.0
8,10,0.0,0.0,0.0,0.0,0.0,0.0,0.0,0.0,0.0,0.0,1.0,0.0,0.0
8,10,0.0,0.0,0.0,0.0,0.0,0.0,0.0,0.0,0.0,0.0,1.0,0.0,0.0
8,10,0.0,0.0,0.0,0.0,0.0,0.0,0.0,0.0,0.0,0.0,1.0,0.0,0.0
8,10,0.0,0.0,0.0,0.0,0.0,0.0,0.0,0.0,0.0,0.0,1.0,0.0,0.0
8,10,0.0,0.0,0.0,0.0,0.0,0.0,0.0,0.0,0.0,0.0,1.0,0.0,0.0
8,10,0.0,0.0,0.0,0.0,0.0,0.0,0.0,0.0,0.0,0.0,1.0,0.0,0.0
8,10,0.0,0.0,0.0,0.0,0.0,0.0,0.0,0.0,0.0,0.0,1.0,0.0,0.0
8,10,0.0,0.0,0.0,0.0,0.0,0.0,0.0,0.0,0.0,0.0,1.0,0.0,0.0
8,10,0.0,0.0,0.0,0.0,0.0,0.0,0.0,0.0,0.0,0.0,1.0,0.0,0.0
8,10,0.0,0.0,0.0,0.0,0.0,0.0,0.0,0.0,0.0,0.0,1.0,0.0,0.0
8,10,0.0,0.0,0.0,0.0,0.0,0.0,0.0,0.0,0.0,0.0,1.0,0.0,0.0
8,10,0.0,0.0,0.0,0.0,0.0,0.0,0.0,0.0,0.0,0.0,1.0,0.0,0.0
8,10,0.0,0.0,0.0,0.0,0.0,0.0,0.0,0.0,0.0,0.0,1.0,0.0,0.0
8,10,0.0,0.0,0.0,0.0,0.0,0.0,0.0,0.0,0.0,0.0,1.0,0.0,0.0
8,10,0.0,0.0,0.0,0.0,0.0,0.0,0.0,0.0,0.0,0.0,1.0,0.0,0.0
8,10,0.0,0.0,0.0,0.0,0.0,0.0,0.0,0.0,0.0,0.0,1.0,0.0,0.0
8,10,0.0,0.0,0.0,0.0,0.0,0.0,0.0,0.0,0.0,0.0,1.0,0.0,0.0
8,10,0.0,0.0,0.0,0.0,0.0,0.0,0.0,0.0,0.0,0.0,1.0,0.0,0.0
8,10,0.0,0.0,0.0,0.0,0.0,0.0,0.0,0.0,0.0,0.0,1.0,0.0,0.0
8,10,0.0,0.0,0.0,0.0,0.0,0.0,0.0,0.0,0.0,0.0,1.0,0.0,0.0
8,10,0.0,0.0,0.0,0.0,0.0,0.0,0.0,0.0,0.0,0.0,1.0,0.0,0.0
8,10,0.0,0.0,0.0,0.0,0.0,0.0,0.0,0.0,0.0,0.0,1.0,0.0,0.0
8,10,0.0,0.0,0.0,0.0,0.0,0.0,0.0,0.0,0.0,0.0,1.0,0.0,0.0
8,10,0.0,0.0,0.0,0.0,0.0,0.0,0.0,0.0,0.0,0.0,1.0,0.0,0.0
8,10,0.0,0.0,0.0,0.0,0.0,0.0,0.0,0.0,0.0,0.0,1.0,0.0,0.0
8,10,0.0,0.0,0.0,0.0,0.0,0.0,0.0,0.0,0.0,0.0,1.0,0.0,0.0
8,10,0.0,0.0,0.0,0.0,0.0,0.0,0.0,0.0,0.0,0.0,1.0,0.0,0.0
8,10,0.0,0.0,0.0,0.0,0.0,0.0,0.0,0.0,0.0,0.0,1.0,0.0,0.0
8,10,0.0,0.0,0.0,0.0,0.0,0.0,0.0,0.0,0.0,0.0,1.0,0.0,0.0
8,10,0.0,0.0,0.0,0.0,0.0,0.0,0.0,0.0,0.0,0.0,1.0,0.0,0.0
8,10,0.0,0.0,0.0,0.0,0.0,0.0,0.0,0.0,0.0,0.0,1.0,0.0,0.0
8,10,0.0,0.0,0.0,0.0,0.0,0.0,0.0,0.0,0.0,0.0,1.0,0.0,0.0
8,10,0.0,0.0,0.0,0.0,0.0,0.0,0.0,0.0,0.0,0.0,1.0,0.0,0.0
8,10,0.0,0.0,0.0,0.0,0.0,0.0,0.0,0.0,0.0,0.0,1.0,0.0,0.0
8,10,0.0,0.0,0.0,0.0,0.0,0.0,0.0,0.0,0.0,0.0,1.0,0.0,0.0
8,10,0.0,0.0,0.0,0.0,0.0,0.0,0.0,0.0,0.0,0.0,1.0,0.0,0.0
8,10,0.0,0.0,0.0,0.0,0.0,0.0,0.0,0.0,0.0,0.0,1.0,0.0,0.0
8,10,0.0,0.0,0.0,0.0,0.0,0.0,0.0,0.0,0.0,0.0,1.0,0.0,0.0
8,10,0.0,0.0,0.0,0.0,0.0,0.0,0.0,0.0,0.0,0.0,1.0,0.0,0.0
8,10,0.0,0.0,0.0,0.0,0.0,0.0,0.0,0.0,0.0,0.0,1.0,0.0,0.0
8,10,0.0,0.0,0.0,0.0,0.0,0.0,0.0,0.0,0.0,0.0,1.0,0.0,0.0
8,10,0.0,0.0,0.0,0.0,0.0,0.0,0.0,0.0,0.0,0.0,1.0,0.0,0.0
8,10,0.0,0.0,0.0,0.0,0.0,0.0,0.0,0.0,0.0,0.0,1.0,0.0,0.0
8,10,0.0,0.0,0.0,0.0,0.0,0.0,0.0,0.0,0.0,0.0,1.0,0.0,0.0
8,10,0.0,0.0,0.0,0.0,0.0,0.0,0.0,0.0,0.0,0.0,1.0,0.0,0.0
8,10,0.0,0.0,0.0,0.0,0.0,0.0,0.0,0.0,0.0,0.0,1.0,0.0,0.0
8,10,0.0,0.0,0.0,0.0,0.0,0.0,0.0,0.0,0.0,0.0,1.0,0.0,0.0
8,10,0.0,0.0,0.0,0.0,0.0,0.0,0.0,0.0,0.0,0.0,1.0,0.0,0.0
8,10,0.0,0.0,0.0,0.0,0.0,0.0,0.0,0.0,0.0,0.0,1.0,0.0,0.0
8,10,0.0,0.0,0.0,0.0,0.0,0.0,0.0,0.0,0.0,0.0,1.0,0.0,0.0
8,10,0.0,0.0,0.0,0.0,0.0,0.0,0.0,0.0,0.0,0.0,1.0,0.0,0.0
8,10,0.0,0.0,0.0,0.0,0.0,0.0,0.0,0.0,0.0,0.0,1.0,0.0,0.0
8,10,0.0,0.0,0.0,0.0,0.0,0.0,0.0,0.0,0.0,0.0,1.0,0.0,0.0
8,10,0.0,0.0,0.0,0.0,0.0,0.0,0.0,0.0,0.0,0.0,1.0,0.0,0.0
8,10,0.0,0.0,0.0,0.0,0.0,0.0,0.0,0.0,0.0,0.0,1.0,0.0,0.0
8,10,0.0,0.0,0.0,0.0,0.0,0.0,0.0,0.0,0.0,0.0,1.0,0.0,0.0
8,10,0.0,0.0,0.0,0.0,0.0,0.0,0.0,0.0,0.0,0.0,1.0,0.0,0.0
8,10,0.0,0.0,0.0,0.0,0.0,0.0,0.0,0.0,0.0,0.0,1.0,0.0,0.0
8,10,0.0,0.0,0.0,0.0,0.0,0.0,0.0,0.0,0.0,0.0,1.0,0.0,0.0
8,10,0.0,0.0,0.0,0.0,0.0,0.0,0.0,0.0,0.0,0.0,1.0,0.0,0.0
8,10,0.0,0.0,0.0,0.0,0.0,0.0,0.0,0.0,0.0,0.0,1.0,0.0,0.0
8,10,0.0,0.0,0.0,0.0,0.0,0.0,0.0,0.0,0.0,0.0,1.0,0.0,0.0
8,10,0.0,0.0,0.0,0.0,0.0,0.0,0.0,0.0,0.0,0.0,1.0,0.0,0.0
8,10,0.0,0.0,0.0,0.0,0.0,0.0,0.0,0.0,0.0,0.0,1.0,0.0,0.0
8,10,0.0,0.0,0.0,0.0,0.0,0.0,0.0,0.0,0.0,0.0,1.0,0.0,0.0
8,10,0.0,0.0,0.0,0.0,0.0,0.0,0.0,0.0,0.0,0.0,1.0,0.0,0.0
8,10,0.0,0.0,0.0,0.0,0.0,0.0,0.0,0.0,0.0,0.0,1.0,0.0,0.0
8,10,0.0,0.0,0.0,0.0,0.0,0.0,0.0,0.0,0.0,0.0,1.0,0.0,0.0
8,10,0.0,0.0,0.0,0.0,0.0,0.0,0.0,0.0,0.0,0.0,1.0,0.0,0.0
8,10,0.0,0.0,0.0,0.0,0.0,0.0,0.0,0.0,0.0,0.0,1.0,0.0,0.0
8,10,0.0,0.0,0.0,0.0,0.0,0.0,0.0,0.0,0.0,0.0,1.0,0.0,0.0
8,10,0.0,0.0,0.0,0.0,0.0,0.0,0.0,0.0,0.0,0.0,1.0,0.0,0.0
8,10,0.0,0.0,0.0,0.0,0.0,0.0,0.0,0.0,0.0,0.0,1.0,0.0,0.0
8,10,0.0,0.0,0.0,0.0,0.0,0.0,0.0,0.0,0.0,0.0,1.0,0.0,0.0
8,10,0.0,0.0,0.0,0.0,0.0,0.0,0.0,0.0,0.0,0.0,1.0,0.0,0.0
8,10,0.0,0.0,0.0,0.0,0.0,0.0,0.0,0.0,0.0,0.0,1.0,0.0,0.0
8,10,0.0,0.0,0.0,0.0,0.0,0.0,0.0,0.0,0.0,0.0,1.0,0.0,0.0
8,10,0.0,0.0,0.0,0.0,0.0,0.0,0.0,0.0,0.0,0.0,1.0,0.0,0.0
8,10,0.0,0.0,0.0,0.0,0.0,0.0,0.0,0.0,0.0,0.0,1.0,0.0,0.0
8,10,0.0,0.0,0.0,0.0,0.0,0.0,0.0,0.0,0.0,0.0,1.0,0.0,0.0
8,10,0.0,0.0,0.0,0.0,0.0,0.0,0.0,0.0,0.0,0.0,1.0,0.0,0.0
8,10,0.0,0.0,0.0,0.0,0.0,0.0,0.0,0.0,0.0,0.0,1.0,0.0,0.0
8,10,0.0,0.0,0.0,0.0,0.0,0.0,0.0,0.0,0.0,0.0,1.0,0.0,0.0
8,10,0.0,0.0,0.0,0.0,0.0,0.0,0.0,0.0,0.0,0.0,1.0,0.0,0.0
8,10,0.0,0.0,0.0,0.0,0.0,0.0,0.0,0.0,0.0,0.0,1.0,0.0,0.0
8,10,0.0,0.0,0.0,0.0,0.0,0.0,0.0,0.0,0.0,0.0,1.0,0.0,0.0
8,10,0.0,0.0,0.0,0.0,0.0,0.0,0.0,0.0,0.0,0.0,1.0,0.0,0.0
8,10,0.0,0.0,0.0,0.0,0.0,0.0,0.0,0.0,0.0,0.0,1.0,0.0,0.0
8,10,0.0,0.0,0.0,0.0,0.0,0.0,0.0,0.0,0.0,0.0,1.0,0.0,0.0
8,10,0.0,0.0,0.0,0.0,0.0,0.0,0.0,0.0,0.0,0.0,1.0,0.0,0.0
8,10,0.0,0.0,0.0,0.0,0.0,0.0,0.0,0.0,0.0,0.0,1.0,0.0,0.0
8,10,0.0,0.0,0.0,0.0,0.0,0.0,0.0,0.0,0.0,0.0,1.0,0.0,0.0
8,10,0.0,0.0,0.0,0.0,0.0,0.0,0.0,0.0,0.0,0.0,1.0,0.0,0.0
8,10,0.0,0.0,0.0,0.0,0.0,0.0,0.0,0.0,0.0,0.0,1.0,0.0,0.0
8,10,0.0,0.0,0.0,0.0,0.0,0.0,0.0,0.0,0.0,0.0,1.0,0.0,0.0
8,10,0.0,0.0,0.0,0.0,0.0,0.0,0.0,0.0,0.0,0.0,1.0,0.0,0.0
8,10,0.0,0.0,0.0,0.0,0.0,0.0,0.0,0.0,0.0,0.0,1.0,0.0,0.0
8,10,0.0,0.0,0.0,0.0,0.0,0.0,0.0,0.0,0.0,0.0,1.0,0.0,0.0
8,10,0.0,0.0,0.0,0.0,0.0,0.0,0.0,0.0,0.0,0.0,1.0,0.0,0.0
8,10,0.0,0.0,0.0,0.0,0.0,0.0,0.0,0.0,0.0,0.0,1.0,0.0,0.0
8,10,0.0,0.0,0.0,0.0,0.0,0.0,0.0,0.0,0.0,0.0,1.0,0.0,0.0
8,10,0.0,0.0,0.0,0.0,0.0,0.0,0.0,0.0,0.0,0.0,1.0,0.0,0.0
8,10,0.0,0.0,0.0,0.0,0.0,0.0,0.0,0.0,0.0,0.0,1.0,0.0,0.0
8,10,0.0,0.0,0.0,0.0,0.0,0.0,0.0,0.0,0.0,0.0,1.0,0.0,0.0
8,10,0.0,0.0,0.0,0.0,0.0,0.0,0.0,0.0,0.0,0.0,1.0,0.0,0.0
8,10,0.0,0.0,0.0,0.0,0.0,0.0,0.0,0.0,0.0,0.0,1.0,0.0,0.0
8,10,0.0,0.0,0.0,0.0,0.0,0.0,0.0,0.0,0.0,0.0,1.0,0.0,0.0
8,10,0.0,0.0,0.0,0.0,0.0,0.0,0.0,0.0,0.0,0.0,1.0,0.0,0.0
8,10,0.0,0.0,0.0,0.0,0.0,0.0,0.0,0.0,0.0,0.0,1.0,0.0,0.0
8,10,0.0,0.0,0.0,0.0,0.0,0.0,0.0,0.0,0.0,0.0,1.0,0.0,0.0
8,10,0.0,0.0,0.0,0.0,0.0,0.0,0.0,0.0,0.0,0.0,1.0,0.0,0.0
8,10,0.0,0.0,0.0,0.0,0.0,0.0,0.0,0.0,0.0,0.0,1.0,0.0,0.0
8,10,0.0,0.0,0.0,0.0,0.0,0.0,0.0,0.0,0.0,0.0,1.0,0.0,0.0
8,10,0.0,0.0,0.0,0.0,0.0,0.0,0.0,0.0,0.0,0.0,1.0,0.0,0.0
8,10,0.0,0.0,0.0,0.0,0.0,0.0,0.0,0.0,0.0,0.0,1.0,0.0,0.0
8,10,0.0,0.0,0.0,0.0,0.0,0.0,0.0,0.0,0.0,0.0,1.0,0.0,0.0
8,10,0.0,0.0,0.0,0.0,0.0,0.0,0.0,0.0,0.0,0.0,1.0,0.0,0.0
8,10,0.0,0.0,0.0,0.0,0.0,0.0,0.0,0.0,0.0,0.0,1.0,0.0,0.0
8,10,0.0,0.0,0.0,0.0,0.0,0.0,0.0,0.0,0.0,0.0,1.0,0.0,0.0
8,10,0.0,0.0,0.0,0.0,0.0,0.0,0.0,0.0,0.0,0.0,1.0,0.0,0.0
8,10,0.0,0.0,0.0,0.0,0.0,0.0,0.0,0.0,0.0,0.0,1.0,0.0,0.0
8,10,0.0,0.0,0.0,0.0,0.0,0.0,0.0,0.0,0.0,0.0,1.0,0.0,0.0
8,10,0.0,0.0,0.0,0.0,0.0,0.0,0.0,0.0,0.0,0.0,1.0,0.0,0.0
8,10,0.0,0.0,0.0,0.0,0.0,0.0,0.0,0.0,0.0,0.0,1.0,0.0,0.0
8,10,0.0,0.0,0.0,0.0,0.0,0.0,0.0,0.0,0.0,0.0,1.0,0.0,0.0
8,10,0.0,0.0,0.0,0.0,0.0,0.0,0.0,0.0,0.0,0.0,1.0,0.0,0.0
8,10,0.0,0.0,0.0,0.0,0.0,0.0,0.0,0.0,0.0,0.0,1.0,0.0,0.0
8,10,0.0,0.0,0.0,0.0,0.0,0.0,0.0,0.0,0.0,0.0,1.0,0.0,0.0
8,10,0.0,0.0,0.0,0.0,0.0,0.0,0.0,0.0,0.0,0.0,1.0,0.0,0.0
8,10,0.0,0.0,0.0,0.0,0.0,0.0,0.0,0.0,0.0,0.0,1.0,0.0,0.0
8,10,0.0,0.0,0.0,0.0,0.0,0.0,0.0,0.0,0.0,0.0,1.0,0.0,0.0
8,10,0.0,0.0,0.0,0.0,0.0,0.0,0.0,0.0,0.0,0.0,1.0,0.0,0.0
8,10,0.0,0.0,0.0,0.0,0.0,0.0,0.0,0.0,0.0,0.0,1.0,0.0,0.0
8,10,0.0,0.0,0.0,0.0,0.0,0.0,0.0,0.0,0.0,0.0,1.0,0.0,0.0
8,10,0.0,0.0,0.0,0.0,0.0,0.0,0.0,0.0,0.0,0.0,1.0,0.0,0.0
8,10,0.0,0.0,0.0,0.0,0.0,0.0,0.0,0.0,0.0,0.0,1.0,0.0,0.0
8,10,0.0,0.0,0.0,0.0,0.0,0.0,0.0,0.0,0.0,0.0,1.0,0.0,0.0
8,10,0.0,0.0,0.0,0.0,0.0,0.0,0.0,0.0,0.0,0.0,1.0,0.0,0.0
8,10,0.0,0.0,0.0,0.0,0.0,0.0,0.0,0.0,0.0,0.0,1.0,0.0,0.0
8,10,0.0,0.0,0.0,0.0,0.0,0.0,0.0,0.0,0.0,0.0,1.0,0.0,0.0
8,10,0.0,0.0,0.0,0.0,0.0,0.0,0.0,0.0,0.0,0.0,1.0,0.0,0.0
8,10,0.0,0.0,0.0,0.0,0.0,0.0,0.0,0.0,0.0,0.0,1.0,0.0,0.0
8,10,0.0,0.0,0.0,0.0,0.0,0.0,0.0,0.0,0.0,0.0,1.0,0.0,0.0
8,10,0.0,0.0,0.0,0.0,0.0,0.0,0.0,0.0,0.0,0.0,1.0,0.0,0.0
8,10,0.0,0.0,0.0,0.0,0.0,0.0,0.0,0.0,0.0,0.0,1.0,0.0,0.0
8,10,0.0,0.0,0.0,0.0,0.0,0.0,0.0,0.0,0.0,0.0,1.0,0.0,0.0
8,10,0.0,0.0,0.0,0.0,0.0,0.0,0.0,0.0,0.0,0.0,1.0,0.0,0.0
8,10,0.0,0.0,0.0,0.0,0.0,0.0,0.0,0.0,0.0,0.0,1.0,0.0,0.0
8,10,0.0,0.0,0.0,0.0,0.0,0.0,0.0,0.0,0.0,0.0,1.0,0.0,0.0
8,10,0.0,0.0,0.0,0.0,0.0,0.0,0.0,0.0,0.0,0.0,1.0,0.0,0.0
8,10,0.0,0.0,0.0,0.0,0.0,0.0,0.0,0.0,0.0,0.0,1.0,0.0,0.0
8,10,0.0,0.0,0.0,0.0,0.0,0.0,0.0,0.0,0.0,0.0,1.0,0.0,0.0
8,10,0.0,0.0,0.0,0.0,0.0,0.0,0.0,0.0,0.0,0.0,1.0,0.0,0.0
8,10,0.0,0.0,0.0,0.0,0.0,0.0,0.0,0.0,0.0,0.0,1.0,0.0,0.0
8,10,0.0,0.0,0.0,0.0,0.0,0.0,0.0,0.0,0.0,0.0,1.0,0.0,0.0
8,10,0.0,0.0,0.0,0.0,0.0,0.0,0.0,0.0,0.0,0.0,1.0,0.0,0.0
8,10,0.0,0.0,0.0,0.0,0.0,0.0,0.0,0.0,0.0,0.0,1.0,0.0,0.0
8,10,0.0,0.0,0.0,0.0,0.0,0.0,0.0,0.0,0.0,0.0,1.0,0.0,0.0
8,10,0.0,0.0,0.0,0.0,0.0,0.0,0.0,0.0,0.0,0.0,1.0,0.0,0.0
8,10,0.0,0.0,0.0,0.0,0.0,0.0,0.0,0.0,0.0,0.0,1.0,0.0,0.0
8,10,0.0,0.0,0.0,0.0,0.0,0.0,0.0,0.0,0.0,0.0,1.0,0.0,0.0
8,10,0.0,0.0,0.0,0.0,0.0,0.0,0.0,0.0,0.0,0.0,1.0,0.0,0.0
8,10,0.0,0.0,0.0,0.0,0.0,0.0,0.0,0.0,0.0,0.0,1.0,0.0,0.0
8,10,0.0,0.0,0.0,0.0,0.0,0.0,0.0,0.0,0.0,0.0,1.0,0.0,0.0
8,10,0.0,0.0,0.0,0.0,0.0,0.0,0.0,0.0,0.0,0.0,1.0,0.0,0.0
8,10,0.0,0.0,0.0,0.0,0.0,0.0,0.0,0.0,0.0,0.0,1.0,0.0,0.0
8,10,0.0,0.0,0.0,0.0,0.0,0.0,0.0,0.0,0.0,0.0,1.0,0.0,0.0
8,10,0.0,0.0,0.0,0.0,0.0,0.0,0.0,0.0,0.0,0.0,1.0,0.0,0.0
8,10,0.0,0.0,0.0,0.0,0.0,0.0,0.0,0.0,0.0,0.0,1.0,0.0,0.0
8,10,0.0,0.0,0.0,0.0,0.0,0.0,0.0,0.0,0.0,0.0,1.0,0.0,0.0
8,10,0.0,0.0,0.0,0.0,0.0,0.0,0.0,0.0,0.0,0.0,1.0,0.0,0.0
8,10,0.0,0.0,0.0,0.0,0.0,0.0,0.0,0.0,0.0,0.0,1.0,0.0,0.0
8,10,0.0,0.0,0.0,0.0,0.0,0.0,0.0,0.0,0.0,0.0,1.0,0.0,0.0
8,10,0.0,0.0,0.0,0.0,0.0,0.0,0.0,0.0,0.0,0.0,1.0,0.0,0.0
8,10,0.0,0.0,0.0,0.0,0.0,0.0,0.0,0.0,0.0,0.0,1.0,0.0,0.0
8,10,0.0,0.0,0.0,0.0,0.0,0.0,0.0,0.0,0.0,0.0,1.0,0.0,0.0
8,10,0.0,0.0,0.0,0.0,0.0,0.0,0.0,0.0,0.0,0.0,1.0,0.0,0.0
8,10,0.0,0.0,0.0,0.0,0.0,0.0,0.0,0.0,0.0,0.0,1.0,0.0,0.0
8,10,0.0,0.0,0.0,0.0,0.0,0.0,0.0,0.0,0.0,0.0,1.0,0.0,0.0
8,10,0.0,0.0,0.0,0.0,0.0,0.0,0.0,0.0,0.0,0.0,1.0,0.0,0.0
8,10,0.0,0.0,0.0,0.0,0.0,0.0,0.0,0.0,0.0,0.0,1.0,0.0,0.0
8,10,0.0,0.0,0.0,0.0,0.0,0.0,0.0,0.0,0.0,0.0,1.0,0.0,0.0
8,10,0.0,0.0,0.0,0.0,0.0,0.0,0.0,0.0,0.0,0.0,1.0,0.0,0.0
8,10,0.0,0.0,0.0,0.0,0.0,0.0,0.0,0.0,0.0,0.0,1.0,0.0,0.0
8,10,0.0,0.0,0.0,0.0,0.0,0.0,0.0,0.0,0.0,0.0,1.0,0.0,0.0
8,10,0.0,0.0,0.0,0.0,0.0,0.0,0.0,0.0,0.0,0.0,1.0,0.0,0.0
8,10,0.0,0.0,0.0,0.0,0.0,0.0,0.0,0.0,0.0,0.0,1.0,0.0,0.0
8,10,0.0,0.0,0.0,0.0,0.0,0.0,0.0,0.0,0.0,0.0,1.0,0.0,0.0
8,10,0.0,0.0,0.0,0.0,0.0,0.0,0.0,0.0,0.0,0.0,1.0,0.0,0.0
8,10,0.0,0.0,0.0,0.0,0.0,0.0,0.0,0.0,0.0,0.0,1.0,0.0,0.0
8,10,0.0,0.0,0.0,0.0,0.0,0.0,0.0,0.0,0.0,0.0,1.0,0.0,0.0
8,10,0.0,0.0,0.0,0.0,0.0,0.0,0.0,0.0,0.0,0.0,1.0,0.0,0.0
8,10,0.0,0.0,0.0,0.0,0.0,0.0,0.0,0.0,0.0,0.0,1.0,0.0,0.0
8,10,0.0,0.0,0.0,0.0,0.0,0.0,0.0,0.0,0.0,0.0,1.0,0.0,0.0
8,10,0.0,0.0,0.0,0.0,0.0,0.0,0.0,0.0,0.0,0.0,1.0,0.0,0.0
8,10,0.0,0.0,0.0,0.0,0.0,0.0,0.0,0.0,0.0,0.0,1.0,0.0,0.0
8,10,0.0,0.0,0.0,0.0,0.0,0.0,0.0,0.0,0.0,0.0,1.0,0.0,0.0
8,10,0.0,0.0,0.0,0.0,0.0,0.0,0.0,0.0,0.0,0.0,1.0,0.0,0.0
8,10,0.0,0.0,0.0,0.0,0.0,0.0,0.0,0.0,0.0,0.0,1.0,0.0,0.0
8,10,0.0,0.0,0.0,0.0,0.0,0.0,0.0,0.0,0.0,0.0,1.0,0.0,0.0
8,10,0.0,0.0,0.0,0.0,0.0,0.0,0.0,0.0,0.0,0.0,1.0,0.0,0.0
8,10,0.0,0.0,0.0,0.0,0.0,0.0,0.0,0.0,0.0,0.0,1.0,0.0,0.0
8,10,0.0,0.0,0.0,0.0,0.0,0.0,0.0,0.0,0.0,0.0,1.0,0.0,0.0
8,10,0.0,0.0,0.0,0.0,0.0,0.0,0.0,0.0,0.0,0.0,1.0,0.0,0.0
8,10,0.0,0.0,0.0,0.0,0.0,0.0,0.0,0.0,0.0,0.0,1.0,0.0,0.0
8,10,0.0,0.0,0.0,0.0,0.0,0.0,0.0,0.0,0.0,0.0,1.0,0.0,0.0
8,10,0.0,0.0,0.0,0.0,0.0,0.0,0.0,0.0,0.0,0.0,1.0,0.0,0.0
8,10,0.0,0.0,0.0,0.0,0.0,0.0,0.0,0.0,0.0,0.0,1.0,0.0,0.0
8,10,0.0,0.0,0.0,0.0,0.0,0.0,0.0,0.0,0.0,0.0,1.0,0.0,0.0
8,10,0.0,0.0,0.0,0.0,0.0,0.0,0.0,0.0,0.0,0.0,1.0,0.0,0.0
8,10,0.0,0.0,0.0,0.0,0.0,0.0,0.0,0.0,0.0,0.0,1.0,0.0,0.0
8,10,0.0,0.0,0.0,0.0,0.0,0.0,0.0,0.0,0.0,0.0,1.0,0.0,0.0
8,10,0.0,0.0,0.0,0.0,0.0,0.0,0.0,0.0,0.0,0.0,1.0,0.0,0.0
8,10,0.0,0.0,0.0,0.0,0.0,0.0,0.0,0.0,0.0,0.0,1.0,0.0,0.0
8,10,0.0,0.0,0.0,0.0,0.0,0.0,0.0,0.0,0.0,0.0,1.0,0.0,0.0
8,10,0.0,0.0,0.0,0.0,0.0,0.0,0.0,0.0,0.0,0.0,1.0,0.0,0.0
8,10,0.0,0.0,0.0,0.0,0.0,0.0,0.0,0.0,0.0,0.0,1.0,0.0,0.0
8,10,0.0,0.0,0.0,0.0,0.0,0.0,0.0,0.0,0.0,0.0,1.0,0.0,0.0
8,10,0.0,0.0,0.0,0.0,0.0,0.0,0.0,0.0,0.0,0.0,1.0,0.0,0.0
8,10,0.0,0.0,0.0,0.0,0.0,0.0,0.0,0.0,0.0,0.0,1.0,0.0,0.0
8,10,0.0,0.0,0.0,0.0,0.0,0.0,0.0,0.0,0.0,0.0,1.0,0.0,0.0
8,10,0.0,0.0,0.0,0.0,0.0,0.0,0.0,0.0,0.0,0.0,1.0,0.0,0.0
8,10,0.0,0.0,0.0,0.0,0.0,0.0,0.0,0.0,0.0,0.0,1.0,0.0,0.0
8,10,0.0,0.0,0.0,0.0,0.0,0.0,0.0,0.0,0.0,0.0,1.0,0.0,0.0
8,10,0.0,0.0,0.0,0.0,0.0,0.0,0.0,0.0,0.0,0.0,1.0,0.0,0.0
8,10,0.0,0.0,0.0,0.0,0.0,0.0,0.0,0.0,0.0,0.0,1.0,0.0,0.0
8,10,0.0,0.0,0.0,0.0,0.0,0.0,0.0,0.0,0.0,0.0,1.0,0.0,0.0
8,10,0.0,0.0,0.0,0.0,0.0,0.0,0.0,0.0,0.0,0.0,1.0,0.0,0.0
8,10,0.0,0.0,0.0,0.0,0.0,0.0,0.0,0.0,0.0,0.0,1.0,0.0,0.0
8,10,0.0,0.0,0.0,0.0,0.0,0.0,0.0,0.0,0.0,0.0,1.0,0.0,0.0
8,10,0.0,0.0,0.0,0.0,0.0,0.0,0.0,0.0,0.0,0.0,1.0,0.0,0.0
8,10,0.0,0.0,0.0,0.0,0.0,0.0,0.0,0.0,0.0,0.0,1.0,0.0,0.0
8,10,0.0,0.0,0.0,0.0,0.0,0.0,0.0,0.0,0.0,0.0,1.0,0.0,0.0
8,10,0.0,0.0,0.0,0.0,0.0,0.0,0.0,0.0,0.0,0.0,1.0,0.0,0.0
8,10,0.0,0.0,0.0,0.0,0.0,0.0,0.0,0.0,0.0,0.0,1.0,0.0,0.0
8,10,0.0,0.0,0.0,0.0,0.0,0.0,0.0,0.0,0.0,0.0,1.0,0.0,0.0
8,10,0.0,0.0,0.0,0.0,0.0,0.0,0.0,0.0,0.0,0.0,1.0,0.0,0.0
8,10,0.0,0.0,0.0,0.0,0.0,0.0,0.0,0.0,0.0,0.0,1.0,0.0,0.0
8,10,0.0,0.0,0.0,0.0,0.0,0.0,0.0,0.0,0.0,0.0,1.0,0.0,0.0
8,10,0.0,0.0,0.0,0.0,0.0,0.0,0.0,0.0,0.0,0.0,1.0,0.0,0.0
8,10,0.0,0.0,0.0,0.0,0.0,0.0,0.0,0.0,0.0,0.0,1.0,0.0,0.0
8,10,0.0,0.0,0.0,0.0,0.0,0.0,0.0,0.0,0.0,0.0,1.0,0.0,0.0
8,10,0.0,0.0,0.0,0.0,0.0,0.0,0.0,0.0,0.0,0.0,1.0,0.0,0.0
8,10,0.0,0.0,0.0,0.0,0.0,0.0,0.0,0.0,0.0,0.0,1.0,0.0,0.0
8,10,0.0,0.0,0.0,0.0,0.0,0.0,0.0,0.0,0.0,0.0,1.0,0.0,0.0
8,10,0.0,0.0,0.0,0.0,0.0,0.0,0.0,0.0,0.0,0.0,1.0,0.0,0.0
8,10,0.0,0.0,0.0,0.0,0.0,0.0,0.0,0.0,0.0,0.0,1.0,0.0,0.0
8,10,0.0,0.0,0.0,0.0,0.0,0.0,0.0,0.0,0.0,0.0,1.0,0.0,0.0
8,10,0.0,0.0,0.0,0.0,0.0,0.0,0.0,0.0,0.0,0.0,1.0,0.0,0.0
8,10,0.0,0.0,0.0,0.0,0.0,0.0,0.0,0.0,0.0,0.0,1.0,0.0,0.0
8,10,0.0,0.0,0.0,0.0,0.0,0.0,0.0,0.0,0.0,0.0,1.0,0.0,0.0
8,10,0.0,0.0,0.0,0.0,0.0,0.0,0.0,0.0,0.0,0.0,1.0,0.0,0.0
8,10,0.0,0.0,0.0,0.0,0.0,0.0,0.0,0.0,0.0,0.0,1.0,0.0,0.0
8,10,0.0,0.0,0.0,0.0,0.0,0.0,0.0,0.0,0.0,0.0,1.0,0.0,0.0
8,10,0.0,0.0,0.0,0.0,0.0,0.0,0.0,0.0,0.0,0.0,1.0,0.0,0.0
8,10,0.0,0.0,0.0,0.0,0.0,0.0,0.0,0.0,0.0,0.0,1.0,0.0,0.0
8,10,0.0,0.0,0.0,0.0,0.0,0.0,0.0,0.0,0.0,0.0,1.0,0.0,0.0
8,10,0.0,0.0,0.0,0.0,0.0,0.0,0.0,0.0,0.0,0.0,1.0,0.0,0.0
8,10,0.0,0.0,0.0,0.0,0.0,0.0,0.0,0.0,0.0,0.0,1.0,0.0,0.0
8,10,0.0,0.0,0.0,0.0,0.0,0.0,0.0,0.0,0.0,0.0,1.0,0.0,0.0
8,10,0.0,0.0,0.0,0.0,0.0,0.0,0.0,0.0,0.0,0.0,1.0,0.0,0.0
8,10,0.0,0.0,0.0,0.0,0.0,0.0,0.0,0.0,0.0,0.0,1.0,0.0,0.0
8,10,0.0,0.0,0.0,0.0,0.0,0.0,0.0,0.0,0.0,0.0,1.0,0.0,0.0
8,10,0.0,0.0,0.0,0.0,0.0,0.0,0.0,0.0,0.0,0.0,1.0,0.0,0.0
8,10,0.0,0.0,0.0,0.0,0.0,0.0,0.0,0.0,0.0,0.0,1.0,0.0,0.0
8,10,0.0,0.0,0.0,0.0,0.0,0.0,0.0,0.0,0.0,0.0,1.0,0.0,0.0
8,10,0.0,0.0,0.0,0.0,0.0,0.0,0.0,0.0,0.0,0.0,1.0,0.0,0.0
8,10,0.0,0.0,0.0,0.0,0.0,0.0,0.0,0.0,0.0,0.0,1.0,0.0,0.0
8,10,0.0,0.0,0.0,0.0,0.0,0.0,0.0,0.0,0.0,0.0,1.0,0.0,0.0
8,10,0.0,0.0,0.0,0.0,0.0,0.0,0.0,0.0,0.0,0.0,1.0,0.0,0.0
8,10,0.0,0.0,0.0,0.0,0.0,0.0,0.0,0.0,0.0,0.0,1.0,0.0,0.0
8,10,0.0,0.0,0.0,0.0,0.0,0.0,0.0,0.0,0.0,0.0,1.0,0.0,0.0
8,10,0.0,0.0,0.0,0.0,0.0,0.0,0.0,0.0,0.0,0.0,1.0,0.0,0.0
8,10,0.0,0.0,0.0,0.0,0.0,0.0,0.0,0.0,0.0,0.0,1.0,0.0,0.0
8,10,0.0,0.0,0.0,0.0,0.0,0.0,0.0,0.0,0.0,0.0,1.0,0.0,0.0
8,10,0.0,0.0,0.0,0.0,0.0,0.0,0.0,0.0,0.0,0.0,1.0,0.0,0.0
8,10,0.0,0.0,0.0,0.0,0.0,0.0,0.0,0.0,0.0,0.0,1.0,0.0,0.0
8,10,0.0,0.0,0.0,0.0,0.0,0.0,0.0,0.0,0.0,0.0,1.0,0.0,0.0
8,10,0.0,0.0,0.0,0.0,0.0,0.0,0.0,0.0,0.0,0.0,1.0,0.0,0.0
8,10,0.0,0.0,0.0,0.0,0.0,0.0,0.0,0.0,0.0,0.0,1.0,0.0,0.0
8,10,0.0,0.0,0.0,0.0,0.0,0.0,0.0,0.0,0.0,0.0,1.0,0.0,0.0
8,10,0.0,0.0,0.0,0.0,0.0,0.0,0.0,0.0,0.0,0.0,1.0,0.0,0.0
8,10,0.0,0.0,0.0,0.0,0.0,0.0,0.0,0.0,0.0,0.0,1.0,0.0,0.0
8,10,0.0,0.0,0.0,0.0,0.0,0.0,0.0,0.0,0.0,0.0,1.0,0.0,0.0
8,10,0.0,0.0,0.0,0.0,0.0,0.0,0.0,0.0,0.0,0.0,1.0,0.0,0.0
8,10,0.0,0.0,0.0,0.0,0.0,0.0,0.0,0.0,0.0,0.0,1.0,0.0,0.0
8,10,0.0,0.0,0.0,0.0,0.0,0.0,0.0,0.0,0.0,0.0,1.0,0.0,0.0
8,10,0.0,0.0,0.0,0.0,0.0,0.0,0.0,0.0,0.0,0.0,1.0,0.0,0.0
8,10,0.0,0.0,0.0,0.0,0.0,0.0,0.0,0.0,0.0,0.0,1.0,0.0,0.0
8,10,0.0,0.0,0.0,0.0,0.0,0.0,0.0,0.0,0.0,0.0,1.0,0.0,0.0
8,10,0.0,0.0,0.0,0.0,0.0,0.0,0.0,0.0,0.0,0.0,1.0,0.0,0.0
8,10,0.0,0.0,0.0,0.0,0.0,0.0,0.0,0.0,0.0,0.0,1.0,0.0,0.0
8,10,0.0,0.0,0.0,0.0,0.0,0.0,0.0,0.0,0.0,0.0,1.0,0.0,0.0
8,10,0.0,0.0,0.0,0.0,0.0,0.0,0.0,0.0,0.0,0.0,1.0,0.0,0.0
8,10,0.0,0.0,0.0,0.0,0.0,0.0,0.0,0.0,0.0,0.0,1.0,0.0,0.0
8,10,0.0,0.0,0.0,0.0,0.0,0.0,0.0,0.0,0.0,0.0,1.0,0.0,0.0
8,10,0.0,0.0,0.0,0.0,0.0,0.0,0.0,0.0,0.0,0.0,1.0,0.0,0.0
8,10,0.0,0.0,0.0,0.0,0.0,0.0,0.0,0.0,0.0,0.0,1.0,0.0,0.0
8,10,0.0,0.0,0.0,0.0,0.0,0.0,0.0,0.0,0.0,0.0,1.0,0.0,0.0
8,10,0.0,0.0,0.0,0.0,0.0,0.0,0.0,0.0,0.0,0.0,1.0,0.0,0.0
8,10,0.0,0.0,0.0,0.0,0.0,0.0,0.0,0.0,0.0,0.0,1.0,0.0,0.0
8,10,0.0,0.0,0.0,0.0,0.0,0.0,0.0,0.0,0.0,0.0,1.0,0.0,0.0
8,10,0.0,0.0,0.0,0.0,0.0,0.0,0.0,0.0,0.0,0.0,1.0,0.0,0.0
8,10,0.0,0.0,0.0,0.0,0.0,0.0,0.0,0.0,0.0,0.0,1.0,0.0,0.0
8,10,0.0,0.0,0.0,0.0,0.0,0.0,0.0,0.0,0.0,0.0,1.0,0.0,0.0
8,10,0.0,0.0,0.0,0.0,0.0,0.0,0.0,0.0,0.0,0.0,1.0,0.0,0.0
8,10,0.0,0.0,0.0,0.0,0.0,0.0,0.0,0.0,0.0,0.0,1.0,0.0,0.0
8,10,0.0,0.0,0.0,0.0,0.0,0.0,0.0,0.0,0.0,0.0,1.0,0.0,0.0
8,10,0.0,0.0,0.0,0.0,0.0,0.0,0.0,0.0,0.0,0.0,1.0,0.0,0.0
8,10,0.0,0.0,0.0,0.0,0.0,0.0,0.0,0.0,0.0,0.0,1.0,0.0,0.0
8,10,0.0,0.0,0.0,0.0,0.0,0.0,0.0,0.0,0.0,0.0,1.0,0.0,0.0
8,10,0.0,0.0,0.0,0.0,0.0,0.0,0.0,0.0,0.0,0.0,1.0,0.0,0.0
8,10,0.0,0.0,0.0,0.0,0.0,0.0,0.0,0.0,0.0,0.0,1.0,0.0,0.0
8,10,0.0,0.0,0.0,0.0,0.0,0.0,0.0,0.0,0.0,0.0,1.0,0.0,0.0
8,10,0.0,0.0,0.0,0.0,0.0,0.0,0.0,0.0,0.0,0.0,1.0,0.0,0.0
8,10,0.0,0.0,0.0,0.0,0.0,0.0,0.0,0.0,0.0,0.0,1.0,0.0,0.0
8,10,0.0,0.0,0.0,0.0,0.0,0.0,0.0,0.0,0.0,0.0,1.0,0.0,0.0
8,10,0.0,0.0,0.0,0.0,0.0,0.0,0.0,0.0,0.0,0.0,1.0,0.0,0.0
8,10,0.0,0.0,0.0,0.0,0.0,0.0,0.0,0.0,0.0,0.0,1.0,0.0,0.0
8,10,0.0,0.0,0.0,0.0,0.0,0.0,0.0,0.0,0.0,0.0,1.0,0.0,0.0
8,10,0.0,0.0,0.0,0.0,0.0,0.0,0.0,0.0,0.0,0.0,1.0,0.0,0.0
8,10,0.0,0.0,0.0,0.0,0.0,0.0,0.0,0.0,0.0,0.0,1.0,0.0,0.0
8,10,0.0,0.0,0.0,0.0,0.0,0.0,0.0,0.0,0.0,0.0,1.0,0.0,0.0
8,10,0.0,0.0,0.0,0.0,0.0,0.0,0.0,0.0,0.0,0.0,1.0,0.0,0.0
8,10,0.0,0.0,0.0,0.0,0.0,0.0,0.0,0.0,0.0,0.0,1.0,0.0,0.0
8,10,0.0,0.0,0.0,0.0,0.0,0.0,0.0,0.0,0.0,0.0,1.0,0.0,0.0
8,10,0.0,0.0,0.0,0.0,0.0,0.0,0.0,0.0,0.0,0.0,1.0,0.0,0.0
8,10,0.0,0.0,0.0,0.0,0.0,0.0,0.0,0.0,0.0,0.0,1.0,0.0,0.0
8,10,0.0,0.0,0.0,0.0,0.0,0.0,0.0,0.0,0.0,0.0,1.0,0.0,0.0
8,10,0.0,0.0,0.0,0.0,0.0,0.0,0.0,0.0,0.0,0.0,1.0,0.0,0.0
8,10,0.0,0.0,0.0,0.0,0.0,0.0,0.0,0.0,0.0,0.0,1.0,0.0,0.0
8,10,0.0,0.0,0.0,0.0,0.0,0.0,0.0,0.0,0.0,0.0,1.0,0.0,0.0
8,10,0.0,0.0,0.0,0.0,0.0,0.0,0.0,0.0,0.0,0.0,1.0,0.0,0.0
8,10,0.0,0.0,0.0,0.0,0.0,0.0,0.0,0.0,0.0,0.0,1.0,0.0,0.0
8,10,0.0,0.0,0.0,0.0,0.0,0.0,0.0,0.0,0.0,0.0,1.0,0.0,0.0
8,10,0.0,0.0,0.0,0.0,0.0,0.0,0.0,0.0,0.0,0.0,1.0,0.0,0.0
8,10,0.0,0.0,0.0,0.0,0.0,0.0,0.0,0.0,0.0,0.0,1.0,0.0,0.0
8,10,0.0,0.0,0.0,0.0,0.0,0.0,0.0,0.0,0.0,0.0,1.0,0.0,0.0
8,10,0.0,0.0,0.0,0.0,0.0,0.0,0.0,0.0,0.0,0.0,1.0,0.0,0.0
8,10,0.0,0.0,0.0,0.0,0.0,0.0,0.0,0.0,0.0,0.0,1.0,0.0,0.0
8,10,0.0,0.0,0.0,0.0,0.0,0.0,0.0,0.0,0.0,0.0,1.0,0.0,0.0
8,10,0.0,0.0,0.0,0.0,0.0,0.0,0.0,0.0,0.0,0.0,1.0,0.0,0.0
8,10,0.0,0.0,0.0,0.0,0.0,0.0,0.0,0.0,0.0,0.0,1.0,0.0,0.0
8,10,0.0,0.0,0.0,0.0,0.0,0.0,0.0,0.0,0.0,0.0,1.0,0.0,0.0
8,10,0.0,0.0,0.0,0.0,0.0,0.0,0.0,0.0,0.0,0.0,1.0,0.0,0.0
8,10,0.0,0.0,0.0,0.0,0.0,0.0,0.0,0.0,0.0,0.0,1.0,0.0,0.0
8,10,0.0,0.0,0.0,0.0,0.0,0.0,0.0,0.0,0.0,0.0,1.0,0.0,0.0
8,10,0.0,0.0,0.0,0.0,0.0,0.0,0.0,0.0,0.0,0.0,1.0,0.0,0.0
8,10,0.0,0.0,0.0,0.0,0.0,0.0,0.0,0.0,0.0,0.0,1.0,0.0,0.0
8,10,0.0,0.0,0.0,0.0,0.0,0.0,0.0,0.0,0.0,0.0,1.0,0.0,0.0
8,10,0.0,0.0,0.0,0.0,0.0,0.0,0.0,0.0,0.0,0.0,1.0,0.0,0.0
8,10,0.0,0.0,0.0,0.0,0.0,0.0,0.0,0.0,0.0,0.0,1.0,0.0,0.0
8,10,0.0,0.0,0.0,0.0,0.0,0.0,0.0,0.0,0.0,0.0,1.0,0.0,0.0
8,10,0.0,0.0,0.0,0.0,0.0,0.0,0.0,0.0,0.0,0.0,1.0,0.0,0.0
8,10,0.0,0.0,0.0,0.0,0.0,0.0,0.0,0.0,0.0,0.0,1.0,0.0,0.0
8,10,0.0,0.0,0.0,0.0,0.0,0.0,0.0,0.0,0.0,0.0,1.0,0.0,0.0
8,10,0.0,0.0,0.0,0.0,0.0,0.0,0.0,0.0,0.0,0.0,1.0,0.0,0.0
8,10,0.0,0.0,0.0,0.0,0.0,0.0,0.0,0.0,0.0,0.0,1.0,0.0,0.0
8,10,0.0,0.0,0.0,0.0,0.0,0.0,0.0,0.0,0.0,0.0,1.0,0.0,0.0
8,10,0.0,0.0,0.0,0.0,0.0,0.0,0.0,0.0,0.0,0.0,1.0,0.0,0.0
8,10,0.0,0.0,0.0,0.0,0.0,0.0,0.0,0.0,0.0,0.0,1.0,0.0,0.0
8,10,0.0,0.0,0.0,0.0,0.0,0.0,0.0,0.0,0.0,0.0,1.0,0.0,0.0
8,10,0.0,0.0,0.0,0.0,0.0,0.0,0.0,0.0,0.0,0.0,1.0,0.0,0.0
8,10,0.0,0.0,0.0,0.0,0.0,0.0,0.0,0.0,0.0,0.0,1.0,0.0,0.0
8,10,0.0,0.0,0.0,0.0,0.0,0.0,0.0,0.0,0.0,0.0,1.0,0.0,0.0
8,10,0.0,0.0,0.0,0.0,0.0,0.0,0.0,0.0,0.0,0.0,1.0,0.0,0.0
8,10,0.0,0.0,0.0,0.0,0.0,0.0,0.0,0.0,0.0,0.0,1.0,0.0,0.0
8,10,0.0,0.0,0.0,0.0,0.0,0.0,0.0,0.0,0.0,0.0,1.0,0.0,0.0
8,10,0.0,0.0,0.0,0.0,0.0,0.0,0.0,0.0,0.0,0.0,1.0,0.0,0.0
8,10,0.0,0.0,0.0,0.0,0.0,0.0,0.0,0.0,0.0,0.0,1.0,0.0,0.0
8,10,0.0,0.0,0.0,0.0,0.0,0.0,0.0,0.0,0.0,0.0,1.0,0.0,0.0
8,10,0.0,0.0,0.0,0.0,0.0,0.0,0.0,0.0,0.0,0.0,1.0,0.0,0.0
8,10,0.0,0.0,0.0,0.0,0.0,0.0,0.0,0.0,0.0,0.0,1.0,0.0,0.0
8,10,0.0,0.0,0.0,0.0,0.0,0.0,0.0,0.0,0.0,0.0,1.0,0.0,0.0
8,10,0.0,0.0,0.0,0.0,0.0,0.0,0.0,0.0,0.0,0.0,1.0,0.0,0.0
8,10,0.0,0.0,0.0,0.0,0.0,0.0,0.0,0.0,0.0,0.0,1.0,0.0,0.0
8,10,0.0,0.0,0.0,0.0,0.0,0.0,0.0,0.0,0.0,0.0,1.0,0.0,0.0
8,10,0.0,0.0,0.0,0.0,0.0,0.0,0.0,0.0,0.0,0.0,1.0,0.0,0.0
8,10,0.0,0.0,0.0,0.0,0.0,0.0,0.0,0.0,0.0,0.0,1.0,0.0,0.0
8,10,0.0,0.0,0.0,0.0,0.0,0.0,0.0,0.0,0.0,0.0,1.0,0.0,0.0
8,10,0.0,0.0,0.0,0.0,0.0,0.0,0.0,0.0,0.0,0.0,1.0,0.0,0.0
8,10,0.0,0.0,0.0,0.0,0.0,0.0,0.0,0.0,0.0,0.0,1.0,0.0,0.0
8,10,0.0,0.0,0.0,0.0,0.0,0.0,0.0,0.0,0.0,0.0,1.0,0.0,0.0
8,10,0.0,0.0,0.0,0.0,0.0,0.0,0.0,0.0,0.0,0.0,1.0,0.0,0.0
8,10,0.0,0.0,0.0,0.0,0.0,0.0,0.0,0.0,0.0,0.0,1.0,0.0,0.0
8,10,0.0,0.0,0.0,0.0,0.0,0.0,0.0,0.0,0.0,0.0,1.0,0.0,0.0
8,10,0.0,0.0,0.0,0.0,0.0,0.0,0.0,0.0,0.0,0.0,1.0,0.0,0.0
8,10,0.0,0.0,0.0,0.0,0.0,0.0,0.0,0.0,0.0,0.0,1.0,0.0,0.0
8,10,0.0,0.0,0.0,0.0,0.0,0.0,0.0,0.0,0.0,0.0,1.0,0.0,0.0
8,10,0.0,0.0,0.0,0.0,0.0,0.0,0.0,0.0,0.0,0.0,1.0,0.0,0.0
8,10,0.0,0.0,0.0,0.0,0.0,0.0,0.0,0.0,0.0,0.0,1.0,0.0,0.0
8,10,0.0,0.0,0.0,0.0,0.0,0.0,0.0,0.0,0.0,0.0,1.0,0.0,0.0
8,10,0.0,0.0,0.0,0.0,0.0,0.0,0.0,0.0,0.0,0.0,1.0,0.0,0.0
8,10,0.0,0.0,0.0,0.0,0.0,0.0,0.0,0.0,0.0,0.0,1.0,0.0,0.0
8,10,0.0,0.0,0.0,0.0,0.0,0.0,0.0,0.0,0.0,0.0,1.0,0.0,0.0
8,10,0.0,0.0,0.0,0.0,0.0,0.0,0.0,0.0,0.0,0.0,1.0,0.0,0.0
8,10,0.0,0.0,0.0,0.0,0.0,0.0,0.0,0.0,0.0,0.0,1.0,0.0,0.0
8,10,0.0,0.0,0.0,0.0,0.0,0.0,0.0,0.0,0.0,0.0,1.0,0.0,0.0
8,10,0.0,0.0,0.0,0.0,0.0,0.0,0.0,0.0,0.0,0.0,1.0,0.0,0.0
8,10,0.0,0.0,0.0,0.0,0.0,0.0,0.0,0.0,0.0,0.0,1.0,0.0,0.0
8,10,0.0,0.0,0.0,0.0,0.0,0.0,0.0,0.0,0.0,0.0,1.0,0.0,0.0
8,10,0.0,0.0,0.0,0.0,0.0,0.0,0.0,0.0,0.0,0.0,1.0,0.0,0.0
8,10,0.0,0.0,0.0,0.0,0.0,0.0,0.0,0.0,0.0,0.0,1.0,0.0,0.0
8,10,0.0,0.0,0.0,0.0,0.0,0.0,0.0,0.0,0.0,0.0,1.0,0.0,0.0
8,10,0.0,0.0,0.0,0.0,0.0,0.0,0.0,0.0,0.0,0.0,1.0,0.0,0.0
8,10,0.0,0.0,0.0,0.0,0.0,0.0,0.0,0.0,0.0,0.0,1.0,0.0,0.0
8,10,0.0,0.0,0.0,0.0,0.0,0.0,0.0,0.0,0.0,0.0,1.0,0.0,0.0
8,10,0.0,0.0,0.0,0.0,0.0,0.0,0.0,0.0,0.0,0.0,1.0,0.0,0.0
8,10,0.0,0.0,0.0,0.0,0.0,0.0,0.0,0.0,0.0,0.0,1.0,0.0,0.0
8,10,0.0,0.0,0.0,0.0,0.0,0.0,0.0,0.0,0.0,0.0,1.0,0.0,0.0
8,10,0.0,0.0,0.0,0.0,0.0,0.0,0.0,0.0,0.0,0.0,1.0,0.0,0.0
8,10,0.0,0.0,0.0,0.0,0.0,0.0,0.0,0.0,0.0,0.0,1.0,0.0,0.0
8,10,0.0,0.0,0.0,0.0,0.0,0.0,0.0,0.0,0.0,0.0,1.0,0.0,0.0
8,10,0.0,0.0,0.0,0.0,0.0,0.0,0.0,0.0,0.0,0.0,1.0,0.0,0.0
8,10,0.0,0.0,0.0,0.0,0.0,0.0,0.0,0.0,0.0,0.0,1.0,0.0,0.0
8,10,0.0,0.0,0.0,0.0,0.0,0.0,0.0,0.0,0.0,0.0,1.0,0.0,0.0
8,10,0.0,0.0,0.0,0.0,0.0,0.0,0.0,0.0,0.0,0.0,1.0,0.0,0.0
8,10,0.0,0.0,0.0,0.0,0.0,0.0,0.0,0.0,0.0,0.0,1.0,0.0,0.0
8,10,0.0,0.0,0.0,0.0,0.0,0.0,0.0,0.0,0.0,0.0,1.0,0.0,0.0
8,10,0.0,0.0,0.0,0.0,0.0,0.0,0.0,0.0,0.0,0.0,1.0,0.0,0.0
8,10,0.0,0.0,0.0,0.0,0.0,0.0,0.0,0.0,0.0,0.0,1.0,0.0,0.0
8,10,0.0,0.0,0.0,0.0,0.0,0.0,0.0,0.0,0.0,0.0,1.0,0.0,0.0
8,10,0.0,0.0,0.0,0.0,0.0,0.0,0.0,0.0,0.0,0.0,1.0,0.0,0.0
8,10,0.0,0.0,0.0,0.0,0.0,0.0,0.0,0.0,0.0,0.0,1.0,0.0,0.0
8,10,0.0,0.0,0.0,0.0,0.0,0.0,0.0,0.0,0.0,0.0,1.0,0.0,0.0
8,10,0.0,0.0,0.0,0.0,0.0,0.0,0.0,0.0,0.0,0.0,1.0,0.0,0.0
8,10,0.0,0.0,0.0,0.0,0.0,0.0,0.0,0.0,0.0,0.0,1.0,0.0,0.0
8,10,0.0,0.0,0.0,0.0,0.0,0.0,0.0,0.0,0.0,0.0,1.0,0.0,0.0
8,10,0.0,0.0,0.0,0.0,0.0,0.0,0.0,0.0,0.0,0.0,1.0,0.0,0.0
8,10,0.0,0.0,0.0,0.0,0.0,0.0,0.0,0.0,0.0,0.0,1.0,0.0,0.0
8,10,0.0,0.0,0.0,0.0,0.0,0.0,0.0,0.0,0.0,0.0,1.0,0.0,0.0
8,10,0.0,0.0,0.0,0.0,0.0,0.0,0.0,0.0,0.0,0.0,1.0,0.0,0.0
8,10,0.0,0.0,0.0,0.0,0.0,0.0,0.0,0.0,0.0,0.0,1.0,0.0,0.0
8,10,0.0,0.0,0.0,0.0,0.0,0.0,0.0,0.0,0.0,0.0,1.0,0.0,0.0
8,10,0.0,0.0,0.0,0.0,0.0,0.0,0.0,0.0,0.0,0.0,1.0,0.0,0.0
8,10,0.0,0.0,0.0,0.0,0.0,0.0,0.0,0.0,0.0,0.0,1.0,0.0,0.0
8,10,0.0,0.0,0.0,0.0,0.0,0.0,0.0,0.0,0.0,0.0,1.0,0.0,0.0
8,10,0.0,0.0,0.0,0.0,0.0,0.0,0.0,0.0,0.0,0.0,1.0,0.0,0.0
8,10,0.0,0.0,0.0,0.0,0.0,0.0,0.0,0.0,0.0,0.0,1.0,0.0,0.0
8,10,0.0,0.0,0.0,0.0,0.0,0.0,0.0,0.0,0.0,0.0,1.0,0.0,0.0
8,10,0.0,0.0,0.0,0.0,0.0,0.0,0.0,0.0,0.0,0.0,1.0,0.0,0.0
8,10,0.0,0.0,0.0,0.0,0.0,0.0,0.0,0.0,0.0,0.0,1.0,0.0,0.0
8,10,0.0,0.0,0.0,0.0,0.0,0.0,0.0,0.0,0.0,0.0,1.0,0.0,0.0
8,10,0.0,0.0,0.0,0.0,0.0,0.0,0.0,0.0,0.0,0.0,1.0,0.0,0.0
8,10,0.0,0.0,0.0,0.0,0.0,0.0,0.0,0.0,0.0,0.0,1.0,0.0,0.0
8,10,0.0,0.0,0.0,0.0,0.0,0.0,0.0,0.0,0.0,0.0,1.0,0.0,0.0
8,10,0.0,0.0,0.0,0.0,0.0,0.0,0.0,0.0,0.0,0.0,1.0,0.0,0.0
8,10,0.0,0.0,0.0,0.0,0.0,0.0,0.0,0.0,0.0,0.0,1.0,0.0,0.0
8,10,0.0,0.0,0.0,0.0,0.0,0.0,0.0,0.0,0.0,0.0,1.0,0.0,0.0
8,10,0.0,0.0,0.0,0.0,0.0,0.0,0.0,0.0,0.0,0.0,1.0,0.0,0.0
8,10,0.0,0.0,0.0,0.0,0.0,0.0,0.0,0.0,0.0,0.0,1.0,0.0,0.0
8,10,0.0,0.0,0.0,0.0,0.0,0.0,0.0,0.0,0.0,0.0,1.0,0.0,0.0
8,10,0.0,0.0,0.0,0.0,0.0,0.0,0.0,0.0,0.0,0.0,1.0,0.0,0.0
8,10,0.0,0.0,0.0,0.0,0.0,0.0,0.0,0.0,0.0,0.0,1.0,0.0,0.0
8,10,0.0,0.0,0.0,0.0,0.0,0.0,0.0,0.0,0.0,0.0,1.0,0.0,0.0
8,10,0.0,0.0,0.0,0.0,0.0,0.0,0.0,0.0,0.0,0.0,1.0,0.0,0.0
8,10,0.0,0.0,0.0,0.0,0.0,0.0,0.0,0.0,0.0,0.0,1.0,0.0,0.0
8,10,0.0,0.0,0.0,0.0,0.0,0.0,0.0,0.0,0.0,0.0,1.0,0.0,0.0
8,10,0.0,0.0,0.0,0.0,0.0,0.0,0.0,0.0,0.0,0.0,1.0,0.0,0.0
8,10,0.0,0.0,0.0,0.0,0.0,0.0,0.0,0.0,0.0,0.0,1.0,0.0,0.0
8,10,0.0,0.0,0.0,0.0,0.0,0.0,0.0,0.0,0.0,0.0,1.0,0.0,0.0
8,10,0.0,0.0,0.0,0.0,0.0,0.0,0.0,0.0,0.0,0.0,1.0,0.0,0.0
8,10,0.0,0.0,0.0,0.0,0.0,0.0,0.0,0.0,0.0,0.0,1.0,0.0,0.0
8,10,0.0,0.0,0.0,0.0,0.0,0.0,0.0,0.0,0.0,0.0,1.0,0.0,0.0
8,10,0.0,0.0,0.0,0.0,0.0,0.0,0.0,0.0,0.0,0.0,1.0,0.0,0.0
8,10,0.0,0.0,0.0,0.0,0.0,0.0,0.0,0.0,0.0,0.0,1.0,0.0,0.0
8,10,0.0,0.0,0.0,0.0,0.0,0.0,0.0,0.0,0.0,0.0,1.0,0.0,0.0
8,10,0.0,0.0,0.0,0.0,0.0,0.0,0.0,0.0,0.0,0.0,1.0,0.0,0.0
8,10,0.0,0.0,0.0,0.0,0.0,0.0,0.0,0.0,0.0,0.0,1.0,0.0,0.0
8,10,0.0,0.0,0.0,0.0,0.0,0.0,0.0,0.0,0.0,0.0,1.0,0.0,0.0
8,10,0.0,0.0,0.0,0.0,0.0,0.0,0.0,0.0,0.0,0.0,1.0,0.0,0.0
8,10,0.0,0.0,0.0,0.0,0.0,0.0,0.0,0.0,0.0,0.0,1.0,0.0,0.0
8,10,0.0,0.0,0.0,0.0,0.0,0.0,0.0,0.0,0.0,0.0,1.0,0.0,0.0
8,10,0.0,0.0,0.0,0.0,0.0,0.0,0.0,0.0,0.0,0.0,1.0,0.0,0.0
8,10,0.0,0.0,0.0,0.0,0.0,0.0,0.0,0.0,0.0,0.0,1.0,0.0,0.0
8,10,0.0,0.0,0.0,0.0,0.0,0.0,0.0,0.0,0.0,0.0,1.0,0.0,0.0
8,10,0.0,0.0,0.0,0.0,0.0,0.0,0.0,0.0,0.0,0.0,1.0,0.0,0.0
8,10,0.0,0.0,0.0,0.0,0.0,0.0,0.0,0.0,0.0,0.0,1.0,0.0,0.0
8,10,0.0,0.0,0.0,0.0,0.0,0.0,0.0,0.0,0.0,0.0,1.0,0.0,0.0
8,10,0.0,0.0,0.0,0.0,0.0,0.0,0.0,0.0,0.0,0.0,1.0,0.0,0.0
8,10,0.0,0.0,0.0,0.0,0.0,0.0,0.0,0.0,0.0,0.0,1.0,0.0,0.0
8,10,0.0,0.0,0.0,0.0,0.0,0.0,0.0,0.0,0.0,0.0,1.0,0.0,0.0
8,10,0.0,0.0,0.0,0.0,0.0,0.0,0.0,0.0,0.0,0.0,1.0,0.0,0.0
8,10,0.0,0.0,0.0,0.0,0.0,0.0,0.0,0.0,0.0,0.0,1.0,0.0,0.0
8,10,0.0,0.0,0.0,0.0,0.0,0.0,0.0,0.0,0.0,0.0,1.0,0.0,0.0
8,10,0.0,0.0,0.0,0.0,0.0,0.0,0.0,0.0,0.0,0.0,1.0,0.0,0.0
8,10,0.0,0.0,0.0,0.0,0.0,0.0,0.0,0.0,0.0,0.0,1.0,0.0,0.0
8,10,0.0,0.0,0.0,0.0,0.0,0.0,0.0,0.0,0.0,0.0,1.0,0.0,0.0
8,10,0.0,0.0,0.0,0.0,0.0,0.0,0.0,0.0,0.0,0.0,1.0,0.0,0.0
8,10,0.0,0.0,0.0,0.0,0.0,0.0,0.0,0.0,0.0,0.0,1.0,0.0,0.0
8,10,0.0,0.0,0.0,0.0,0.0,0.0,0.0,0.0,0.0,0.0,1.0,0.0,0.0
8,10,0.0,0.0,0.0,0.0,0.0,0.0,0.0,0.0,0.0,0.0,1.0,0.0,0.0
8,10,0.0,0.0,0.0,0.0,0.0,0.0,0.0,0.0,0.0,0.0,1.0,0.0,0.0
8,10,0.0,0.0,0.0,0.0,0.0,0.0,0.0,0.0,0.0,0.0,1.0,0.0,0.0
8,10,0.0,0.0,0.0,0.0,0.0,0.0,0.0,0.0,0.0,0.0,1.0,0.0,0.0
8,10,0.0,0.0,0.0,0.0,0.0,0.0,0.0,0.0,0.0,0.0,1.0,0.0,0.0
8,10,0.0,0.0,0.0,0.0,0.0,0.0,0.0,0.0,0.0,0.0,1.0,0.0,0.0
8,10,0.0,0.0,0.0,0.0,0.0,0.0,0.0,0.0,0.0,0.0,1.0,0.0,0.0
8,10,0.0,0.0,0.0,0.0,0.0,0.0,0.0,0.0,0.0,0.0,1.0,0.0,0.0
8,10,0.0,0.0,0.0,0.0,0.0,0.0,0.0,0.0,0.0,0.0,1.0,0.0,0.0
8,10,0.0,0.0,0.0,0.0,0.0,0.0,0.0,0.0,0.0,0.0,1.0,0.0,0.0
8,10,0.0,0.0,0.0,0.0,0.0,0.0,0.0,0.0,0.0,0.0,1.0,0.0,0.0
8,10,0.0,0.0,0.0,0.0,0.0,0.0,0.0,0.0,0.0,0.0,1.0,0.0,0.0
8,10,0.0,0.0,0.0,0.0,0.0,0.0,0.0,0.0,0.0,0.0,1.0,0.0,0.0
8,10,0.0,0.0,0.0,0.0,0.0,0.0,0.0,0.0,0.0,0.0,1.0,0.0,0.0
8,10,0.0,0.0,0.0,0.0,0.0,0.0,0.0,0.0,0.0,0.0,1.0,0.0,0.0
8,10,0.0,0.0,0.0,0.0,0.0,0.0,0.0,0.0,0.0,0.0,1.0,0.0,0.0
8,10,0.0,0.0,0.0,0.0,0.0,0.0,0.0,0.0,0.0,0.0,1.0,0.0,0.0
8,10,0.0,0.0,0.0,0.0,0.0,0.0,0.0,0.0,0.0,0.0,1.0,0.0,0.0
8,10,0.0,0.0,0.0,0.0,0.0,0.0,0.0,0.0,0.0,0.0,1.0,0.0,0.0
8,10,0.0,0.0,0.0,0.0,0.0,0.0,0.0,0.0,0.0,0.0,1.0,0.0,0.0
8,10,0.0,0.0,0.0,0.0,0.0,0.0,0.0,0.0,0.0,0.0,1.0,0.0,0.0
8,10,0.0,0.0,0.0,0.0,0.0,0.0,0.0,0.0,0.0,0.0,1.0,0.0,0.0
8,10,0.0,0.0,0.0,0.0,0.0,0.0,0.0,0.0,0.0,0.0,1.0,0.0,0.0
8,10,0.0,0.0,0.0,0.0,0.0,0.0,0.0,0.0,0.0,0.0,1.0,0.0,0.0
8,10,0.0,0.0,0.0,0.0,0.0,0.0,0.0,0.0,0.0,0.0,1.0,0.0,0.0
8,10,0.0,0.0,0.0,0.0,0.0,0.0,0.0,0.0,0.0,0.0,1.0,0.0,0.0
8,10,0.0,0.0,0.0,0.0,0.0,0.0,0.0,0.0,0.0,0.0,1.0,0.0,0.0
8,10,0.0,0.0,0.0,0.0,0.0,0.0,0.0,0.0,0.0,0.0,1.0,0.0,0.0
8,10,0.0,0.0,0.0,0.0,0.0,0.0,0.0,0.0,0.0,0.0,1.0,0.0,0.0
8,10,0.0,0.0,0.0,0.0,0.0,0.0,0.0,0.0,0.0,0.0,1.0,0.0,0.0
8,10,0.0,0.0,0.0,0.0,0.0,0.0,0.0,0.0,0.0,0.0,1.0,0.0,0.0
8,10,0.0,0.0,0.0,0.0,0.0,0.0,0.0,0.0,0.0,0.0,1.0,0.0,0.0
8,10,0.0,0.0,0.0,0.0,0.0,0.0,0.0,0.0,0.0,0.0,1.0,0.0,0.0
8,10,0.0,0.0,0.0,0.0,0.0,0.0,0.0,0.0,0.0,0.0,1.0,0.0,0.0
8,10,0.0,0.0,0.0,0.0,0.0,0.0,0.0,0.0,0.0,0.0,1.0,0.0,0.0
8,10,0.0,0.0,0.0,0.0,0.0,0.0,0.0,0.0,0.0,0.0,1.0,0.0,0.0
8,10,0.0,0.0,0.0,0.0,0.0,0.0,0.0,0.0,0.0,0.0,1.0,0.0,0.0
8,10,0.0,0.0,0.0,0.0,0.0,0.0,0.0,0.0,0.0,0.0,1.0,0.0,0.0
8,10,0.0,0.0,0.0,0.0,0.0,0.0,0.0,0.0,0.0,0.0,1.0,0.0,0.0
8,10,0.0,0.0,0.0,0.0,0.0,0.0,0.0,0.0,0.0,0.0,1.0,0.0,0.0
8,10,0.0,0.0,0.0,0.0,0.0,0.0,0.0,0.0,0.0,0.0,1.0,0.0,0.0
8,10,0.0,0.0,0.0,0.0,0.0,0.0,0.0,0.0,0.0,0.0,1.0,0.0,0.0
8,10,0.0,0.0,0.0,0.0,0.0,0.0,0.0,0.0,0.0,0.0,1.0,0.0,0.0
8,10,0.0,0.0,0.0,0.0,0.0,0.0,0.0,0.0,0.0,0.0,1.0,0.0,0.0
8,10,0.0,0.0,0.0,0.0,0.0,0.0,0.0,0.0,0.0,0.0,1.0,0.0,0.0
8,10,0.0,0.0,0.0,0.0,0.0,0.0,0.0,0.0,0.0,0.0,1.0,0.0,0.0
8,10,0.0,0.0,0.0,0.0,0.0,0.0,0.0,0.0,0.0,0.0,1.0,0.0,0.0
8,10,0.0,0.0,0.0,0.0,0.0,0.0,0.0,0.0,0.0,0.0,1.0,0.0,0.0
8,10,0.0,0.0,0.0,0.0,0.0,0.0,0.0,0.0,0.0,0.0,1.0,0.0,0.0
8,10,0.0,0.0,0.0,0.0,0.0,0.0,0.0,0.0,0.0,0.0,1.0,0.0,0.0
8,10,0.0,0.0,0.0,0.0,0.0,0.0,0.0,0.0,0.0,0.0,1.0,0.0,0.0
8,10,0.0,0.0,0.0,0.0,0.0,0.0,0.0,0.0,0.0,0.0,1.0,0.0,0.0
8,10,0.0,0.0,0.0,0.0,0.0,0.0,0.0,0.0,0.0,0.0,1.0,0.0,0.0
8,10,0.0,0.0,0.0,0.0,0.0,0.0,0.0,0.0,0.0,0.0,1.0,0.0,0.0
8,10,0.0,0.0,0.0,0.0,0.0,0.0,0.0,0.0,0.0,0.0,1.0,0.0,0.0
8,10,0.0,0.0,0.0,0.0,0.0,0.0,0.0,0.0,0.0,0.0,1.0,0.0,0.0
8,10,0.0,0.0,0.0,0.0,0.0,0.0,0.0,0.0,0.0,0.0,1.0,0.0,0.0
8,10,0.0,0.0,0.0,0.0,0.0,0.0,0.0,0.0,0.0,0.0,1.0,0.0,0.0
8,10,0.0,0.0,0.0,0.0,0.0,0.0,0.0,0.0,0.0,0.0,1.0,0.0,0.0
8,10,0.0,0.0,0.0,0.0,0.0,0.0,0.0,0.0,0.0,0.0,1.0,0.0,0.0
8,10,0.0,0.0,0.0,0.0,0.0,0.0,0.0,0.0,0.0,0.0,1.0,0.0,0.0
8,10,0.0,0.0,0.0,0.0,0.0,0.0,0.0,0.0,0.0,0.0,1.0,0.0,0.0
8,10,0.0,0.0,0.0,0.0,0.0,0.0,0.0,0.0,0.0,0.0,1.0,0.0,0.0
8,10,0.0,0.0,0.0,0.0,0.0,0.0,0.0,0.0,0.0,0.0,1.0,0.0,0.0
8,10,0.0,0.0,0.0,0.0,0.0,0.0,0.0,0.0,0.0,0.0,1.0,0.0,0.0
8,10,0.0,0.0,0.0,0.0,0.0,0.0,0.0,0.0,0.0,0.0,1.0,0.0,0.0
8,10,0.0,0.0,0.0,0.0,0.0,0.0,0.0,0.0,0.0,0.0,1.0,0.0,0.0
8,10,0.0,0.0,0.0,0.0,0.0,0.0,0.0,0.0,0.0,0.0,1.0,0.0,0.0
8,10,0.0,0.0,0.0,0.0,0.0,0.0,0.0,0.0,0.0,0.0,1.0,0.0,0.0
8,10,0.0,0.0,0.0,0.0,0.0,0.0,0.0,0.0,0.0,0.0,1.0,0.0,0.0
8,10,0.0,0.0,0.0,0.0,0.0,0.0,0.0,0.0,0.0,0.0,1.0,0.0,0.0
8,10,0.0,0.0,0.0,0.0,0.0,0.0,0.0,0.0,0.0,0.0,1.0,0.0,0.0
8,10,0.0,0.0,0.0,0.0,0.0,0.0,0.0,0.0,0.0,0.0,1.0,0.0,0.0
8,10,0.0,0.0,0.0,0.0,0.0,0.0,0.0,0.0,0.0,0.0,1.0,0.0,0.0
8,10,0.0,0.0,0.0,0.0,0.0,0.0,0.0,0.0,0.0,0.0,1.0,0.0,0.0
8,10,0.0,0.0,0.0,0.0,0.0,0.0,0.0,0.0,0.0,0.0,1.0,0.0,0.0
8,10,0.0,0.0,0.0,0.0,0.0,0.0,0.0,0.0,0.0,0.0,1.0,0.0,0.0
8,10,0.0,0.0,0.0,0.0,0.0,0.0,0.0,0.0,0.0,0.0,1.0,0.0,0.0
8,10,0.0,0.0,0.0,0.0,0.0,0.0,0.0,0.0,0.0,0.0,1.0,0.0,0.0
8,10,0.0,0.0,0.0,0.0,0.0,0.0,0.0,0.0,0.0,0.0,1.0,0.0,0.0
8,10,0.0,0.0,0.0,0.0,0.0,0.0,0.0,0.0,0.0,0.0,1.0,0.0,0.0
8,10,0.0,0.0,0.0,0.0,0.0,0.0,0.0,0.0,0.0,0.0,1.0,0.0,0.0
8,10,0.0,0.0,0.0,0.0,0.0,0.0,0.0,0.0,0.0,0.0,1.0,0.0,0.0
8,10,0.0,0.0,0.0,0.0,0.0,0.0,0.0,0.0,0.0,0.0,1.0,0.0,0.0
8,10,0.0,0.0,0.0,0.0,0.0,0.0,0.0,0.0,0.0,0.0,1.0,0.0,0.0
8,10,0.0,0.0,0.0,0.0,0.0,0.0,0.0,0.0,0.0,0.0,1.0,0.0,0.0
8,10,0.0,0.0,0.0,0.0,0.0,0.0,0.0,0.0,0.0,0.0,1.0,0.0,0.0
8,10,0.0,0.0,0.0,0.0,0.0,0.0,0.0,0.0,0.0,0.0,1.0,0.0,0.0
8,10,0.0,0.0,0.0,0.0,0.0,0.0,0.0,0.0,0.0,0.0,1.0,0.0,0.0
8,10,0.0,0.0,0.0,0.0,0.0,0.0,0.0,0.0,0.0,0.0,1.0,0.0,0.0
8,10,0.0,0.0,0.0,0.0,0.0,0.0,0.0,0.0,0.0,0.0,1.0,0.0,0.0
8,10,0.0,0.0,0.0,0.0,0.0,0.0,0.0,0.0,0.0,0.0,1.0,0.0,0.0
8,10,0.0,0.0,0.0,0.0,0.0,0.0,0.0,0.0,0.0,0.0,1.0,0.0,0.0
8,10,0.0,0.0,0.0,0.0,0.0,0.0,0.0,0.0,0.0,0.0,1.0,0.0,0.0
8,10,0.0,0.0,0.0,0.0,0.0,0.0,0.0,0.0,0.0,0.0,1.0,0.0,0.0
8,10,0.0,0.0,0.0,0.0,0.0,0.0,0.0,0.0,0.0,0.0,1.0,0.0,0.0
8,10,0.0,0.0,0.0,0.0,0.0,0.0,0.0,0.0,0.0,0.0,1.0,0.0,0.0
8,10,0.0,0.0,0.0,0.0,0.0,0.0,0.0,0.0,0.0,0.0,1.0,0.0,0.0
8,10,0.0,0.0,0.0,0.0,0.0,0.0,0.0,0.0,0.0,0.0,1.0,0.0,0.0
8,10,0.0,0.0,0.0,0.0,0.0,0.0,0.0,0.0,0.0,0.0,1.0,0.0,0.0
8,10,0.0,0.0,0.0,0.0,0.0,0.0,0.0,0.0,0.0,0.0,1.0,0.0,0.0
8,10,0.0,0.0,0.0,0.0,0.0,0.0,0.0,0.0,0.0,0.0,1.0,0.0,0.0
8,10,0.0,0.0,0.0,0.0,0.0,0.0,0.0,0.0,0.0,0.0,1.0,0.0,0.0
8,10,0.0,0.0,0.0,0.0,0.0,0.0,0.0,0.0,0.0,0.0,1.0,0.0,0.0
8,10,0.0,0.0,0.0,0.0,0.0,0.0,0.0,0.0,0.0,0.0,1.0,0.0,0.0
8,10,0.0,0.0,0.0,0.0,0.0,0.0,0.0,0.0,0.0,0.0,1.0,0.0,0.0
8,10,0.0,0.0,0.0,0.0,0.0,0.0,0.0,0.0,0.0,0.0,1.0,0.0,0.0
8,10,0.0,0.0,0.0,0.0,0.0,0.0,0.0,0.0,0.0,0.0,1.0,0.0,0.0
8,10,0.0,0.0,0.0,0.0,0.0,0.0,0.0,0.0,0.0,0.0,1.0,0.0,0.0
8,10,0.0,0.0,0.0,0.0,0.0,0.0,0.0,0.0,0.0,0.0,1.0,0.0,0.0
8,10,0.0,0.0,0.0,0.0,0.0,0.0,0.0,0.0,0.0,0.0,1.0,0.0,0.0
8,10,0.0,0.0,0.0,0.0,0.0,0.0,0.0,0.0,0.0,0.0,1.0,0.0,0.0
8,10,0.0,0.0,0.0,0.0,0.0,0.0,0.0,0.0,0.0,0.0,1.0,0.0,0.0
8,10,0.0,0.0,0.0,0.0,0.0,0.0,0.0,0.0,0.0,0.0,1.0,0.0,0.0
8,10,0.0,0.0,0.0,0.0,0.0,0.0,0.0,0.0,0.0,0.0,1.0,0.0,0.0
8,10,0.0,0.0,0.0,0.0,0.0,0.0,0.0,0.0,0.0,0.0,1.0,0.0,0.0
8,10,0.0,0.0,0.0,0.0,0.0,0.0,0.0,0.0,0.0,0.0,1.0,0.0,0.0
8,10,0.0,0.0,0.0,0.0,0.0,0.0,0.0,0.0,0.0,0.0,1.0,0.0,0.0
8,10,0.0,0.0,0.0,0.0,0.0,0.0,0.0,0.0,0.0,0.0,1.0,0.0,0.0
8,10,0.0,0.0,0.0,0.0,0.0,0.0,0.0,0.0,0.0,0.0,1.0,0.0,0.0
8,10,0.0,0.0,0.0,0.0,0.0,0.0,0.0,0.0,0.0,0.0,1.0,0.0,0.0
8,10,0.0,0.0,0.0,0.0,0.0,0.0,0.0,0.0,0.0,0.0,1.0,0.0,0.0
8,10,0.0,0.0,0.0,0.0,0.0,0.0,0.0,0.0,0.0,0.0,1.0,0.0,0.0
8,10,0.0,0.0,0.0,0.0,0.0,0.0,0.0,0.0,0.0,0.0,1.0,0.0,0.0
8,10,0.0,0.0,0.0,0.0,0.0,0.0,0.0,0.0,0.0,0.0,1.0,0.0,0.0
8,10,0.0,0.0,0.0,0.0,0.0,0.0,0.0,0.0,0.0,0.0,1.0,0.0,0.0
8,10,0.0,0.0,0.0,0.0,0.0,0.0,0.0,0.0,0.0,0.0,1.0,0.0,0.0
8,10,0.0,0.0,0.0,0.0,0.0,0.0,0.0,0.0,0.0,0.0,1.0,0.0,0.0
8,10,0.0,0.0,0.0,0.0,0.0,0.0,0.0,0.0,0.0,0.0,1.0,0.0,0.0
8,10,0.0,0.0,0.0,0.0,0.0,0.0,0.0,0.0,0.0,0.0,1.0,0.0,0.0
8,10,0.0,0.0,0.0,0.0,0.0,0.0,0.0,0.0,0.0,0.0,1.0,0.0,0.0
8,10,0.0,0.0,0.0,0.0,0.0,0.0,0.0,0.0,0.0,0.0,1.0,0.0,0.0
8,10,0.0,0.0,0.0,0.0,0.0,0.0,0.0,0.0,0.0,0.0,1.0,0.0,0.0
8,10,0.0,0.0,0.0,0.0,0.0,0.0,0.0,0.0,0.0,0.0,1.0,0.0,0.0
8,10,0.0,0.0,0.0,0.0,0.0,0.0,0.0,0.0,0.0,0.0,1.0,0.0,0.0
8,10,0.0,0.0,0.0,0.0,0.0,0.0,0.0,0.0,0.0,0.0,1.0,0.0,0.0
8,10,0.0,0.0,0.0,0.0,0.0,0.0,0.0,0.0,0.0,0.0,1.0,0.0,0.0
8,10,0.0,0.0,0.0,0.0,0.0,0.0,0.0,0.0,0.0,0.0,1.0,0.0,0.0
8,10,0.0,0.0,0.0,0.0,0.0,0.0,0.0,0.0,0.0,0.0,1.0,0.0,0.0
8,10,0.0,0.0,0.0,0.0,0.0,0.0,0.0,0.0,0.0,0.0,1.0,0.0,0.0
8,10,0.0,0.0,0.0,0.0,0.0,0.0,0.0,0.0,0.0,0.0,1.0,0.0,0.0
8,10,0.0,0.0,0.0,0.0,0.0,0.0,0.0,0.0,0.0,0.0,1.0,0.0,0.0
8,10,0.0,0.0,0.0,0.0,0.0,0.0,0.0,0.0,0.0,0.0,1.0,0.0,0.0
8,10,0.0,0.0,0.0,0.0,0.0,0.0,0.0,0.0,0.0,0.0,1.0,0.0,0.0
8,10,0.0,0.0,0.0,0.0,0.0,0.0,0.0,0.0,0.0,0.0,1.0,0.0,0.0
8,10,0.0,0.0,0.0,0.0,0.0,0.0,0.0,0.0,0.0,0.0,1.0,0.0,0.0
8,10,0.0,0.0,0.0,0.0,0.0,0.0,0.0,0.0,0.0,0.0,1.0,0.0,0.0
8,10,0.0,0.0,0.0,0.0,0.0,0.0,0.0,0.0,0.0,0.0,1.0,0.0,0.0
8,10,0.0,0.0,0.0,0.0,0.0,0.0,0.0,0.0,0.0,0.0,1.0,0.0,0.0
8,10,0.0,0.0,0.0,0.0,0.0,0.0,0.0,0.0,0.0,0.0,1.0,0.0,0.0
8,10,0.0,0.0,0.0,0.0,0.0,0.0,0.0,0.0,0.0,0.0,1.0,0.0,0.0
8,10,0.0,0.0,0.0,0.0,0.0,0.0,0.0,0.0,0.0,0.0,1.0,0.0,0.0
8,10,0.0,0.0,0.0,0.0,0.0,0.0,0.0,0.0,0.0,0.0,1.0,0.0,0.0
8,10,0.0,0.0,0.0,0.0,0.0,0.0,0.0,0.0,0.0,0.0,1.0,0.0,0.0
8,10,0.0,0.0,0.0,0.0,0.0,0.0,0.0,0.0,0.0,0.0,1.0,0.0,0.0
8,10,0.0,0.0,0.0,0.0,0.0,0.0,0.0,0.0,0.0,0.0,1.0,0.0,0.0
8,10,0.0,0.0,0.0,0.0,0.0,0.0,0.0,0.0,0.0,0.0,1.0,0.0,0.0
8,10,0.0,0.0,0.0,0.0,0.0,0.0,0.0,0.0,0.0,0.0,1.0,0.0,0.0
8,10,0.0,0.0,0.0,0.0,0.0,0.0,0.0,0.0,0.0,0.0,1.0,0.0,0.0
8,10,0.0,0.0,0.0,0.0,0.0,0.0,0.0,0.0,0.0,0.0,1.0,0.0,0.0
8,10,0.0,0.0,0.0,0.0,0.0,0.0,0.0,0.0,0.0,0.0,1.0,0.0,0.0
8,10,0.0,0.0,0.0,0.0,0.0,0.0,0.0,0.0,0.0,0.0,1.0,0.0,0.0
8,10,0.0,0.0,0.0,0.0,0.0,0.0,0.0,0.0,0.0,0.0,1.0,0.0,0.0
8,10,0.0,0.0,0.0,0.0,0.0,0.0,0.0,0.0,0.0,0.0,1.0,0.0,0.0
8,10,0.0,0.0,0.0,0.0,0.0,0.0,0.0,0.0,0.0,0.0,1.0,0.0,0.0
8,10,0.0,0.0,0.0,0.0,0.0,0.0,0.0,0.0,0.0,0.0,1.0,0.0,0.0
8,10,0.0,0.0,0.0,0.0,0.0,0.0,0.0,0.0,0.0,0.0,1.0,0.0,0.0
8,10,0.0,0.0,0.0,0.0,0.0,0.0,0.0,0.0,0.0,0.0,1.0,0.0,0.0
8,10,0.0,0.0,0.0,0.0,0.0,0.0,0.0,0.0,0.0,0.0,1.0,0.0,0.0
8,10,0.0,0.0,0.0,0.0,0.0,0.0,0.0,0.0,0.0,0.0,1.0,0.0,0.0
8,10,0.0,0.0,0.0,0.0,0.0,0.0,0.0,0.0,0.0,0.0,1.0,0.0,0.0
8,10,0.0,0.0,0.0,0.0,0.0,0.0,0.0,0.0,0.0,0.0,1.0,0.0,0.0
8,10,0.0,0.0,0.0,0.0,0.0,0.0,0.0,0.0,0.0,0.0,1.0,0.0,0.0
8,10,0.0,0.0,0.0,0.0,0.0,0.0,0.0,0.0,0.0,0.0,1.0,0.0,0.0
8,10,0.0,0.0,0.0,0.0,0.0,0.0,0.0,0.0,0.0,0.0,1.0,0.0,0.0
8,10,0.0,0.0,0.0,0.0,0.0,0.0,0.0,0.0,0.0,0.0,1.0,0.0,0.0
8,10,0.0,0.0,0.0,0.0,0.0,0.0,0.0,0.0,0.0,0.0,1.0,0.0,0.0
8,10,0.0,0.0,0.0,0.0,0.0,0.0,0.0,0.0,0.0,0.0,1.0,0.0,0.0
8,10,0.0,0.0,0.0,0.0,0.0,0.0,0.0,0.0,0.0,0.0,1.0,0.0,0.0
8,10,0.0,0.0,0.0,0.0,0.0,0.0,0.0,0.0,0.0,0.0,1.0,0.0,0.0
8,10,0.0,0.0,0.0,0.0,0.0,0.0,0.0,0.0,0.0,0.0,1.0,0.0,0.0
8,10,0.0,0.0,0.0,0.0,0.0,0.0,0.0,0.0,0.0,0.0,1.0,0.0,0.0
8,10,0.0,0.0,0.0,0.0,0.0,0.0,0.0,0.0,0.0,0.0,1.0,0.0,0.0
8,10,0.0,0.0,0.0,0.0,0.0,0.0,0.0,0.0,0.0,0.0,1.0,0.0,0.0
8,10,0.0,0.0,0.0,0.0,0.0,0.0,0.0,0.0,0.0,0.0,1.0,0.0,0.0
8,10,0.0,0.0,0.0,0.0,0.0,0.0,0.0,0.0,0.0,0.0,1.0,0.0,0.0
8,10,0.0,0.0,0.0,0.0,0.0,0.0,0.0,0.0,0.0,0.0,1.0,0.0,0.0
8,10,0.0,0.0,0.0,0.0,0.0,0.0,0.0,0.0,0.0,0.0,1.0,0.0,0.0
8,10,0.0,0.0,0.0,0.0,0.0,0.0,0.0,0.0,0.0,0.0,1.0,0.0,0.0
8,10,0.0,0.0,0.0,0.0,0.0,0.0,0.0,0.0,0.0,0.0,1.0,0.0,0.0
8,10,0.0,0.0,0.0,0.0,0.0,0.0,0.0,0.0,0.0,0.0,1.0,0.0,0.0
8,10,0.0,0.0,0.0,0.0,0.0,0.0,0.0,0.0,0.0,0.0,1.0,0.0,0.0
8,10,0.0,0.0,0.0,0.0,0.0,0.0,0.0,0.0,0.0,0.0,1.0,0.0,0.0
8,10,0.0,0.0,0.0,0.0,0.0,0.0,0.0,0.0,0.0,0.0,1.0,0.0,0.0
8,10,0.0,0.0,0.0,0.0,0.0,0.0,0.0,0.0,0.0,0.0,1.0,0.0,0.0
8,10,0.0,0.0,0.0,0.0,0.0,0.0,0.0,0.0,0.0,0.0,1.0,0.0,0.0
8,10,0.0,0.0,0.0,0.0,0.0,0.0,0.0,0.0,0.0,0.0,1.0,0.0,0.0
8,10,0.0,0.0,0.0,0.0,0.0,0.0,0.0,0.0,0.0,0.0,1.0,0.0,0.0
8,10,0.0,0.0,0.0,0.0,0.0,0.0,0.0,0.0,0.0,0.0,1.0,0.0,0.0
8,10,0.0,0.0,0.0,0.0,0.0,0.0,0.0,0.0,0.0,0.0,1.0,0.0,0.0
8,10,0.0,0.0,0.0,0.0,0.0,0.0,0.0,0.0,0.0,0.0,1.0,0.0,0.0
8,10,0.0,0.0,0.0,0.0,0.0,0.0,0.0,0.0,0.0,0.0,1.0,0.0,0.0
8,10,0.0,0.0,0.0,0.0,0.0,0.0,0.0,0.0,0.0,0.0,1.0,0.0,0.0
8,10,0.0,0.0,0.0,0.0,0.0,0.0,0.0,0.0,0.0,0.0,1.0,0.0,0.0
8,10,0.0,0.0,0.0,0.0,0.0,0.0,0.0,0.0,0.0,0.0,1.0,0.0,0.0
8,10,0.0,0.0,0.0,0.0,0.0,0.0,0.0,0.0,0.0,0.0,1.0,0.0,0.0
8,10,0.0,0.0,0.0,0.0,0.0,0.0,0.0,0.0,0.0,0.0,1.0,0.0,0.0
8,10,0.0,0.0,0.0,0.0,0.0,0.0,0.0,0.0,0.0,0.0,1.0,0.0,0.0
8,10,0.0,0.0,0.0,0.0,0.0,0.0,0.0,0.0,0.0,0.0,1.0,0.0,0.0
8,10,0.0,0.0,0.0,0.0,0.0,0.0,0.0,0.0,0.0,0.0,1.0,0.0,0.0
8,10,0.0,0.0,0.0,0.0,0.0,0.0,0.0,0.0,0.0,0.0,1.0,0.0,0.0
8,10,0.0,0.0,0.0,0.0,0.0,0.0,0.0,0.0,0.0,0.0,1.0,0.0,0.0
8,10,0.0,0.0,0.0,0.0,0.0,0.0,0.0,0.0,0.0,0.0,1.0,0.0,0.0
8,10,0.0,0.0,0.0,0.0,0.0,0.0,0.0,0.0,0.0,0.0,1.0,0.0,0.0
8,10,0.0,0.0,0.0,0.0,0.0,0.0,0.0,0.0,0.0,0.0,1.0,0.0,0.0
8,10,0.0,0.0,0.0,0.0,0.0,0.0,0.0,0.0,0.0,0.0,1.0,0.0,0.0
8,10,0.0,0.0,0.0,0.0,0.0,0.0,0.0,0.0,0.0,0.0,1.0,0.0,0.0
8,10,0.0,0.0,0.0,0.0,0.0,0.0,0.0,0.0,0.0,0.0,1.0,0.0,0.0
8,10,0.0,0.0,0.0,0.0,0.0,0.0,0.0,0.0,0.0,0.0,1.0,0.0,0.0
8,10,0.0,0.0,0.0,0.0,0.0,0.0,0.0,0.0,0.0,0.0,1.0,0.0,0.0
8,10,0.0,0.0,0.0,0.0,0.0,0.0,0.0,0.0,0.0,0.0,1.0,0.0,0.0
8,10,0.0,0.0,0.0,0.0,0.0,0.0,0.0,0.0,0.0,0.0,1.0,0.0,0.0
8,10,0.0,0.0,0.0,0.0,0.0,0.0,0.0,0.0,0.0,0.0,1.0,0.0,0.0
8,10,0.0,0.0,0.0,0.0,0.0,0.0,0.0,0.0,0.0,0.0,1.0,0.0,0.0
8,10,0.0,0.0,0.0,0.0,0.0,0.0,0.0,0.0,0.0,0.0,1.0,0.0,0.0
8,10,0.0,0.0,0.0,0.0,0.0,0.0,0.0,0.0,0.0,0.0,1.0,0.0,0.0
8,10,0.0,0.0,0.0,0.0,0.0,0.0,0.0,0.0,0.0,0.0,1.0,0.0,0.0
8,10,0.0,0.0,0.0,0.0,0.0,0.0,0.0,0.0,0.0,0.0,1.0,0.0,0.0
8,10,0.0,0.0,0.0,0.0,0.0,0.0,0.0,0.0,0.0,0.0,1.0,0.0,0.0
8,10,0.0,0.0,0.0,0.0,0.0,0.0,0.0,0.0,0.0,0.0,1.0,0.0,0.0
8,10,0.0,0.0,0.0,0.0,0.0,0.0,0.0,0.0,0.0,0.0,1.0,0.0,0.0
8,10,0.0,0.0,0.0,0.0,0.0,0.0,0.0,0.0,0.0,0.0,1.0,0.0,0.0
8,10,0.0,0.0,0.0,0.0,0.0,0.0,0.0,0.0,0.0,0.0,1.0,0.0,0.0
8,10,0.0,0.0,0.0,0.0,0.0,0.0,0.0,0.0,0.0,0.0,1.0,0.0,0.0
8,10,0.0,0.0,0.0,0.0,0.0,0.0,0.0,0.0,0.0,0.0,1.0,0.0,0.0
8,10,0.0,0.0,0.0,0.0,0.0,0.0,0.0,0.0,0.0,0.0,1.0,0.0,0.0
8,10,0.0,0.0,0.0,0.0,0.0,0.0,0.0,0.0,0.0,0.0,1.0,0.0,0.0
8,10,0.0,0.0,0.0,0.0,0.0,0.0,0.0,0.0,0.0,0.0,1.0,0.0,0.0
8,10,0.0,0.0,0.0,0.0,0.0,0.0,0.0,0.0,0.0,0.0,1.0,0.0,0.0
8,10,0.0,0.0,0.0,0.0,0.0,0.0,0.0,0.0,0.0,0.0,1.0,0.0,0.0
8,10,0.0,0.0,0.0,0.0,0.0,0.0,0.0,0.0,0.0,0.0,1.0,0.0,0.0
8,10,0.0,0.0,0.0,0.0,0.0,0.0,0.0,0.0,0.0,0.0,1.0,0.0,0.0
8,10,0.0,0.0,0.0,0.0,0.0,0.0,0.0,0.0,0.0,0.0,1.0,0.0,0.0
8,10,0.0,0.0,0.0,0.0,0.0,0.0,0.0,0.0,0.0,0.0,1.0,0.0,0.0
8,10,0.0,0.0,0.0,0.0,0.0,0.0,0.0,0.0,0.0,0.0,1.0,0.0,0.0
8,10,0.0,0.0,0.0,0.0,0.0,0.0,0.0,0.0,0.0,0.0,1.0,0.0,0.0
8,10,0.0,0.0,0.0,0.0,0.0,0.0,0.0,0.0,0.0,0.0,1.0,0.0,0.0
8,10,0.0,0.0,0.0,0.0,0.0,0.0,0.0,0.0,0.0,0.0,1.0,0.0,0.0
8,10,0.0,0.0,0.0,0.0,0.0,0.0,0.0,0.0,0.0,0.0,1.0,0.0,0.0
8,10,0.0,0.0,0.0,0.0,0.0,0.0,0.0,0.0,0.0,0.0,1.0,0.0,0.0
8,10,0.0,0.0,0.0,0.0,0.0,0.0,0.0,0.0,0.0,0.0,1.0,0.0,0.0
8,10,0.0,0.0,0.0,0.0,0.0,0.0,0.0,0.0,0.0,0.0,1.0,0.0,0.0
8,10,0.0,0.0,0.0,0.0,0.0,0.0,0.0,0.0,0.0,0.0,1.0,0.0,0.0
8,10,0.0,0.0,0.0,0.0,0.0,0.0,0.0,0.0,0.0,0.0,1.0,0.0,0.0
8,10,0.0,0.0,0.0,0.0,0.0,0.0,0.0,0.0,0.0,0.0,1.0,0.0,0.0
8,10,0.0,0.0,0.0,0.0,0.0,0.0,0.0,0.0,0.0,0.0,1.0,0.0,0.0
8,10,0.0,0.0,0.0,0.0,0.0,0.0,0.0,0.0,0.0,0.0,1.0,0.0,0.0
8,10,0.0,0.0,0.0,0.0,0.0,0.0,0.0,0.0,0.0,0.0,1.0,0.0,0.0
8,10,0.0,0.0,0.0,0.0,0.0,0.0,0.0,0.0,0.0,0.0,1.0,0.0,0.0
8,10,0.0,0.0,0.0,0.0,0.0,0.0,0.0,0.0,0.0,0.0,1.0,0.0,0.0
8,10,0.0,0.0,0.0,0.0,0.0,0.0,0.0,0.0,0.0,0.0,1.0,0.0,0.0
8,10,0.0,0.0,0.0,0.0,0.0,0.0,0.0,0.0,0.0,0.0,1.0,0.0,0.0
8,10,0.0,0.0,0.0,0.0,0.0,0.0,0.0,0.0,0.0,0.0,1.0,0.0,0.0
8,10,0.0,0.0,0.0,0.0,0.0,0.0,0.0,0.0,0.0,0.0,1.0,0.0,0.0
8,10,0.0,0.0,0.0,0.0,0.0,0.0,0.0,0.0,0.0,0.0,1.0,0.0,0.0
8,10,0.0,0.0,0.0,0.0,0.0,0.0,0.0,0.0,0.0,0.0,1.0,0.0,0.0
8,10,0.0,0.0,0.0,0.0,0.0,0.0,0.0,0.0,0.0,0.0,1.0,0.0,0.0
8,10,0.0,0.0,0.0,0.0,0.0,0.0,0.0,0.0,0.0,0.0,1.0,0.0,0.0
8,10,0.0,0.0,0.0,0.0,0.0,0.0,0.0,0.0,0.0,0.0,1.0,0.0,0.0
8,10,0.0,0.0,0.0,0.0,0.0,0.0,0.0,0.0,0.0,0.0,1.0,0.0,0.0
8,10,0.0,0.0,0.0,0.0,0.0,0.0,0.0,0.0,0.0,0.0,1.0,0.0,0.0
8,10,0.0,0.0,0.0,0.0,0.0,0.0,0.0,0.0,0.0,0.0,1.0,0.0,0.0
8,10,0.0,0.0,0.0,0.0,0.0,0.0,0.0,0.0,0.0,0.0,1.0,0.0,0.0
8,10,0.0,0.0,0.0,0.0,0.0,0.0,0.0,0.0,0.0,0.0,1.0,0.0,0.0
8,10,0.0,0.0,0.0,0.0,0.0,0.0,0.0,0.0,0.0,0.0,1.0,0.0,0.0
8,10,0.0,0.0,0.0,0.0,0.0,0.0,0.0,0.0,0.0,0.0,1.0,0.0,0.0
8,10,0.0,0.0,0.0,0.0,0.0,0.0,0.0,0.0,0.0,0.0,1.0,0.0,0.0
8,10,0.0,0.0,0.0,0.0,0.0,0.0,0.0,0.0,0.0,0.0,1.0,0.0,0.0
8,10,0.0,0.0,0.0,0.0,0.0,0.0,0.0,0.0,0.0,0.0,1.0,0.0,0.0
8,10,0.0,0.0,0.0,0.0,0.0,0.0,0.0,0.0,0.0,0.0,1.0,0.0,0.0
8,10,0.0,0.0,0.0,0.0,0.0,0.0,0.0,0.0,0.0,0.0,1.0,0.0,0.0
8,10,0.0,0.0,0.0,0.0,0.0,0.0,0.0,0.0,0.0,0.0,1.0,0.0,0.0
8,10,0.0,0.0,0.0,0.0,0.0,0.0,0.0,0.0,0.0,0.0,1.0,0.0,0.0
8,10,0.0,0.0,0.0,0.0,0.0,0.0,0.0,0.0,0.0,0.0,1.0,0.0,0.0
8,10,0.0,0.0,0.0,0.0,0.0,0.0,0.0,0.0,0.0,0.0,1.0,0.0,0.0
8,10,0.0,0.0,0.0,0.0,0.0,0.0,0.0,0.0,0.0,0.0,1.0,0.0,0.0
8,10,0.0,0.0,0.0,0.0,0.0,0.0,0.0,0.0,0.0,0.0,1.0,0.0,0.0
8,10,0.0,0.0,0.0,0.0,0.0,0.0,0.0,0.0,0.0,0.0,1.0,0.0,0.0
8,10,0.0,0.0,0.0,0.0,0.0,0.0,0.0,0.0,0.0,0.0,1.0,0.0,0.0
8,10,0.0,0.0,0.0,0.0,0.0,0.0,0.0,0.0,0.0,0.0,1.0,0.0,0.0
8,10,0.0,0.0,0.0,0.0,0.0,0.0,0.0,0.0,0.0,0.0,1.0,0.0,0.0
8,10,0.0,0.0,0.0,0.0,0.0,0.0,0.0,0.0,0.0,0.0,1.0,0.0,0.0
8,10,0.0,0.0,0.0,0.0,0.0,0.0,0.0,0.0,0.0,0.0,1.0,0.0,0.0
8,10,0.0,0.0,0.0,0.0,0.0,0.0,0.0,0.0,0.0,0.0,1.0,0.0,0.0
8,10,0.0,0.0,0.0,0.0,0.0,0.0,0.0,0.0,0.0,0.0,1.0,0.0,0.0
8,10,0.0,0.0,0.0,0.0,0.0,0.0,0.0,0.0,0.0,0.0,1.0,0.0,0.0
8,10,0.0,0.0,0.0,0.0,0.0,0.0,0.0,0.0,0.0,0.0,1.0,0.0,0.0
8,10,0.0,0.0,0.0,0.0,0.0,0.0,0.0,0.0,0.0,0.0,1.0,0.0,0.0
8,10,0.0,0.0,0.0,0.0,0.0,0.0,0.0,0.0,0.0,0.0,1.0,0.0,0.0
8,10,0.0,0.0,0.0,0.0,0.0,0.0,0.0,0.0,0.0,0.0,1.0,0.0,0.0
8,10,0.0,0.0,0.0,0.0,0.0,0.0,0.0,0.0,0.0,0.0,1.0,0.0,0.0
8,10,0.0,0.0,0.0,0.0,0.0,0.0,0.0,0.0,0.0,0.0,1.0,0.0,0.0
8,10,0.0,0.0,0.0,0.0,0.0,0.0,0.0,0.0,0.0,0.0,1.0,0.0,0.0
8,10,0.0,0.0,0.0,0.0,0.0,0.0,0.0,0.0,0.0,0.0,1.0,0.0,0.0
8,10,0.0,0.0,0.0,0.0,0.0,0.0,0.0,0.0,0.0,0.0,1.0,0.0,0.0
8,10,0.0,0.0,0.0,0.0,0.0,0.0,0.0,0.0,0.0,0.0,1.0,0.0,0.0
8,10,0.0,0.0,0.0,0.0,0.0,0.0,0.0,0.0,0.0,0.0,1.0,0.0,0.0
8,10,0.0,0.0,0.0,0.0,0.0,0.0,0.0,0.0,0.0,0.0,1.0,0.0,0.0
8,10,0.0,0.0,0.0,0.0,0.0,0.0,0.0,0.0,0.0,0.0,1.0,0.0,0.0
8,10,0.0,0.0,0.0,0.0,0.0,0.0,0.0,0.0,0.0,0.0,1.0,0.0,0.0
8,10,0.0,0.0,0.0,0.0,0.0,0.0,0.0,0.0,0.0,0.0,1.0,0.0,0.0
8,10,0.0,0.0,0.0,0.0,0.0,0.0,0.0,0.0,0.0,0.0,1.0,0.0,0.0
8,10,0.0,0.0,0.0,0.0,0.0,0.0,0.0,0.0,0.0,0.0,1.0,0.0,0.0
8,10,0.0,0.0,0.0,0.0,0.0,0.0,0.0,0.0,0.0,0.0,1.0,0.0,0.0
8,10,0.0,0.0,0.0,0.0,0.0,0.0,0.0,0.0,0.0,0.0,1.0,0.0,0.0
8,10,0.0,0.0,0.0,0.0,0.0,0.0,0.0,0.0,0.0,0.0,1.0,0.0,0.0
8,10,0.0,0.0,0.0,0.0,0.0,0.0,0.0,0.0,0.0,0.0,1.0,0.0,0.0
8,10,0.0,0.0,0.0,0.0,0.0,0.0,0.0,0.0,0.0,0.0,1.0,0.0,0.0
8,10,0.0,0.0,0.0,0.0,0.0,0.0,0.0,0.0,0.0,0.0,1.0,0.0,0.0
8,10,0.0,0.0,0.0,0.0,0.0,0.0,0.0,0.0,0.0,0.0,1.0,0.0,0.0
8,10,0.0,0.0,0.0,0.0,0.0,0.0,0.0,0.0,0.0,0.0,1.0,0.0,0.0
8,10,0.0,0.0,0.0,0.0,0.0,0.0,0.0,0.0,0.0,0.0,1.0,0.0,0.0
8,10,0.0,0.0,0.0,0.0,0.0,0.0,0.0,0.0,0.0,0.0,1.0,0.0,0.0
8,10,0.0,0.0,0.0,0.0,0.0,0.0,0.0,0.0,0.0,0.0,1.0,0.0,0.0
8,10,0.0,0.0,0.0,0.0,0.0,0.0,0.0,0.0,0.0,0.0,1.0,0.0,0.0
8,10,0.0,0.0,0.0,0.0,0.0,0.0,0.0,0.0,0.0,0.0,1.0,0.0,0.0
8,10,0.0,0.0,0.0,0.0,0.0,0.0,0.0,0.0,0.0,0.0,1.0,0.0,0.0
8,10,0.0,0.0,0.0,0.0,0.0,0.0,0.0,0.0,0.0,0.0,1.0,0.0,0.0
8,10,0.0,0.0,0.0,0.0,0.0,0.0,0.0,0.0,0.0,0.0,1.0,0.0,0.0
8,10,0.0,0.0,0.0,0.0,0.0,0.0,0.0,0.0,0.0,0.0,1.0,0.0,0.0
8,10,0.0,0.0,0.0,0.0,0.0,0.0,0.0,0.0,0.0,0.0,1.0,0.0,0.0
8,10,0.0,0.0,0.0,0.0,0.0,0.0,0.0,0.0,0.0,0.0,1.0,0.0,0.0
8,10,0.0,0.0,0.0,0.0,0.0,0.0,0.0,0.0,0.0,0.0,1.0,0.0,0.0
8,10,0.0,0.0,0.0,0.0,0.0,0.0,0.0,0.0,0.0,0.0,1.0,0.0,0.0
8,10,0.0,0.0,0.0,0.0,0.0,0.0,0.0,0.0,0.0,0.0,1.0,0.0,0.0
8,10,0.0,0.0,0.0,0.0,0.0,0.0,0.0,0.0,0.0,0.0,1.0,0.0,0.0
8,10,0.0,0.0,0.0,0.0,0.0,0.0,0.0,0.0,0.0,0.0,1.0,0.0,0.0
8,10,0.0,0.0,0.0,0.0,0.0,0.0,0.0,0.0,0.0,0.0,1.0,0.0,0.0
8,10,0.0,0.0,0.0,0.0,0.0,0.0,0.0,0.0,0.0,0.0,1.0,0.0,0.0
8,10,0.0,0.0,0.0,0.0,0.0,0.0,0.0,0.0,0.0,0.0,1.0,0.0,0.0
8,10,0.0,0.0,0.0,0.0,0.0,0.0,0.0,0.0,0.0,0.0,1.0,0.0,0.0
8,10,0.0,0.0,0.0,0.0,0.0,0.0,0.0,0.0,0.0,0.0,1.0,0.0,0.0
8,10,0.0,0.0,0.0,0.0,0.0,0.0,0.0,0.0,0.0,0.0,1.0,0.0,0.0
8,10,0.0,0.0,0.0,0.0,0.0,0.0,0.0,0.0,0.0,0.0,1.0,0.0,0.0
8,10,0.0,0.0,0.0,0.0,0.0,0.0,0.0,0.0,0.0,0.0,1.0,0.0,0.0
8,10,0.0,0.0,0.0,0.0,0.0,0.0,0.0,0.0,0.0,0.0,1.0,0.0,0.0
8,10,0.0,0.0,0.0,0.0,0.0,0.0,0.0,0.0,0.0,0.0,1.0,0.0,0.0
8,10,0.0,0.0,0.0,0.0,0.0,0.0,0.0,0.0,0.0,0.0,1.0,0.0,0.0
8,10,0.0,0.0,0.0,0.0,0.0,0.0,0.0,0.0,0.0,0.0,1.0,0.0,0.0
8,10,0.0,0.0,0.0,0.0,0.0,0.0,0.0,0.0,0.0,0.0,1.0,0.0,0.0
8,10,0.0,0.0,0.0,0.0,0.0,0.0,0.0,0.0,0.0,0.0,1.0,0.0,0.0
8,10,0.0,0.0,0.0,0.0,0.0,0.0,0.0,0.0,0.0,0.0,1.0,0.0,0.0
8,10,0.0,0.0,0.0,0.0,0.0,0.0,0.0,0.0,0.0,0.0,1.0,0.0,0.0
8,10,0.0,0.0,0.0,0.0,0.0,0.0,0.0,0.0,0.0,0.0,1.0,0.0,0.0
8,10,0.0,0.0,0.0,0.0,0.0,0.0,0.0,0.0,0.0,0.0,1.0,0.0,0.0
8,10,0.0,0.0,0.0,0.0,0.0,0.0,0.0,0.0,0.0,0.0,1.0,0.0,0.0
8,10,0.0,0.0,0.0,0.0,0.0,0.0,0.0,0.0,0.0,0.0,1.0,0.0,0.0
8,10,0.0,0.0,0.0,0.0,0.0,0.0,0.0,0.0,0.0,0.0,1.0,0.0,0.0
8,10,0.0,0.0,0.0,0.0,0.0,0.0,0.0,0.0,0.0,0.0,1.0,0.0,0.0
8,10,0.0,0.0,0.0,0.0,0.0,0.0,0.0,0.0,0.0,0.0,1.0,0.0,0.0
8,10,0.0,0.0,0.0,0.0,0.0,0.0,0.0,0.0,0.0,0.0,1.0,0.0,0.0
8,10,0.0,0.0,0.0,0.0,0.0,0.0,0.0,0.0,0.0,0.0,1.0,0.0,0.0
8,10,0.0,0.0,0.0,0.0,0.0,0.0,0.0,0.0,0.0,0.0,1.0,0.0,0.0
8,10,0.0,0.0,0.0,0.0,0.0,0.0,0.0,0.0,0.0,0.0,1.0,0.0,0.0
8,10,0.0,0.0,0.0,0.0,0.0,0.0,0.0,0.0,0.0,0.0,1.0,0.0,0.0
8,10,0.0,0.0,0.0,0.0,0.0,0.0,0.0,0.0,0.0,0.0,1.0,0.0,0.0
8,10,0.0,0.0,0.0,0.0,0.0,0.0,0.0,0.0,0.0,0.0,1.0,0.0,0.0
8,10,0.0,0.0,0.0,0.0,0.0,0.0,0.0,0.0,0.0,0.0,1.0,0.0,0.0
8,10,0.0,0.0,0.0,0.0,0.0,0.0,0.0,0.0,0.0,0.0,1.0,0.0,0.0
8,10,0.0,0.0,0.0,0.0,0.0,0.0,0.0,0.0,0.0,0.0,1.0,0.0,0.0
8,10,0.0,0.0,0.0,0.0,0.0,0.0,0.0,0.0,0.0,0.0,1.0,0.0,0.0
8,10,0.0,0.0,0.0,0.0,0.0,0.0,0.0,0.0,0.0,0.0,1.0,0.0,0.0
8,10,0.0,0.0,0.0,0.0,0.0,0.0,0.0,0.0,0.0,0.0,1.0,0.0,0.0
8,10,0.0,0.0,0.0,0.0,0.0,0.0,0.0,0.0,0.0,0.0,1.0,0.0,0.0
8,10,0.0,0.0,0.0,0.0,0.0,0.0,0.0,0.0,0.0,0.0,1.0,0.0,0.0
8,10,0.0,0.0,0.0,0.0,0.0,0.0,0.0,0.0,0.0,0.0,1.0,0.0,0.0
8,10,0.0,0.0,0.0,0.0,0.0,0.0,0.0,0.0,0.0,0.0,1.0,0.0,0.0
8,10,0.0,0.0,0.0,0.0,0.0,0.0,0.0,0.0,0.0,0.0,1.0,0.0,0.0
8,10,0.0,0.0,0.0,0.0,0.0,0.0,0.0,0.0,0.0,0.0,1.0,0.0,0.0
8,10,0.0,0.0,0.0,0.0,0.0,0.0,0.0,0.0,0.0,0.0,1.0,0.0,0.0
8,10,0.0,0.0,0.0,0.0,0.0,0.0,0.0,0.0,0.0,0.0,1.0,0.0,0.0
8,10,0.0,0.0,0.0,0.0,0.0,0.0,0.0,0.0,0.0,0.0,1.0,0.0,0.0
8,10,0.0,0.0,0.0,0.0,0.0,0.0,0.0,0.0,0.0,0.0,1.0,0.0,0.0
8,10,0.0,0.0,0.0,0.0,0.0,0.0,0.0,0.0,0.0,0.0,1.0,0.0,0.0
8,10,0.0,0.0,0.0,0.0,0.0,0.0,0.0,0.0,0.0,0.0,1.0,0.0,0.0
8,10,0.0,0.0,0.0,0.0,0.0,0.0,0.0,0.0,0.0,0.0,1.0,0.0,0.0
8,10,0.0,0.0,0.0,0.0,0.0,0.0,0.0,0.0,0.0,0.0,1.0,0.0,0.0
8,10,0.0,0.0,0.0,0.0,0.0,0.0,0.0,0.0,0.0,0.0,1.0,0.0,0.0
8,10,0.0,0.0,0.0,0.0,0.0,0.0,0.0,0.0,0.0,0.0,1.0,0.0,0.0
8,10,0.0,0.0,0.0,0.0,0.0,0.0,0.0,0.0,0.0,0.0,1.0,0.0,0.0
8,10,0.0,0.0,0.0,0.0,0.0,0.0,0.0,0.0,0.0,0.0,1.0,0.0,0.0
8,10,0.0,0.0,0.0,0.0,0.0,0.0,0.0,0.0,0.0,0.0,1.0,0.0,0.0
8,10,0.0,0.0,0.0,0.0,0.0,0.0,0.0,0.0,0.0,0.0,1.0,0.0,0.0
8,10,0.0,0.0,0.0,0.0,0.0,0.0,0.0,0.0,0.0,0.0,1.0,0.0,0.0
8,10,0.0,0.0,0.0,0.0,0.0,0.0,0.0,0.0,0.0,0.0,1.0,0.0,0.0
8,10,0.0,0.0,0.0,0.0,0.0,0.0,0.0,0.0,0.0,0.0,1.0,0.0,0.0
8,10,0.0,0.0,0.0,0.0,0.0,0.0,0.0,0.0,0.0,0.0,1.0,0.0,0.0
8,10,0.0,0.0,0.0,0.0,0.0,0.0,0.0,0.0,0.0,0.0,1.0,0.0,0.0
8,10,0.0,0.0,0.0,0.0,0.0,0.0,0.0,0.0,0.0,0.0,1.0,0.0,0.0
8,10,0.0,0.0,0.0,0.0,0.0,0.0,0.0,0.0,0.0,0.0,1.0,0.0,0.0
8,10,0.0,0.0,0.0,0.0,0.0,0.0,0.0,0.0,0.0,0.0,1.0,0.0,0.0
8,10,0.0,0.0,0.0,0.0,0.0,0.0,0.0,0.0,0.0,0.0,1.0,0.0,0.0
8,10,0.0,0.0,0.0,0.0,0.0,0.0,0.0,0.0,0.0,0.0,1.0,0.0,0.0
8,10,0.0,0.0,0.0,0.0,0.0,0.0,0.0,0.0,0.0,0.0,1.0,0.0,0.0
8,10,0.0,0.0,0.0,0.0,0.0,0.0,0.0,0.0,0.0,0.0,1.0,0.0,0.0
8,10,0.0,0.0,0.0,0.0,0.0,0.0,0.0,0.0,0.0,0.0,1.0,0.0,0.0
8,10,0.0,0.0,0.0,0.0,0.0,0.0,0.0,0.0,0.0,0.0,1.0,0.0,0.0
8,10,0.0,0.0,0.0,0.0,0.0,0.0,0.0,0.0,0.0,0.0,1.0,0.0,0.0
8,10,0.0,0.0,0.0,0.0,0.0,0.0,0.0,0.0,0.0,0.0,1.0,0.0,0.0
8,10,0.0,0.0,0.0,0.0,0.0,0.0,0.0,0.0,0.0,0.0,1.0,0.0,0.0
8,10,0.0,0.0,0.0,0.0,0.0,0.0,0.0,0.0,0.0,0.0,1.0,0.0,0.0
8,10,0.0,0.0,0.0,0.0,0.0,0.0,0.0,0.0,0.0,0.0,1.0,0.0,0.0
8,10,0.0,0.0,0.0,0.0,0.0,0.0,0.0,0.0,0.0,0.0,1.0,0.0,0.0
8,10,0.0,0.0,0.0,0.0,0.0,0.0,0.0,0.0,0.0,0.0,1.0,0.0,0.0
8,10,0.0,0.0,0.0,0.0,0.0,0.0,0.0,0.0,0.0,0.0,1.0,0.0,0.0
8,10,0.0,0.0,0.0,0.0,0.0,0.0,0.0,0.0,0.0,0.0,1.0,0.0,0.0
8,10,0.0,0.0,0.0,0.0,0.0,0.0,0.0,0.0,0.0,0.0,1.0,0.0,0.0
8,10,0.0,0.0,0.0,0.0,0.0,0.0,0.0,0.0,0.0,0.0,1.0,0.0,0.0
8,10,0.0,0.0,0.0,0.0,0.0,0.0,0.0,0.0,0.0,0.0,1.0,0.0,0.0
8,10,0.0,0.0,0.0,0.0,0.0,0.0,0.0,0.0,0.0,0.0,1.0,0.0,0.0
8,10,0.0,0.0,0.0,0.0,0.0,0.0,0.0,0.0,0.0,0.0,1.0,0.0,0.0
8,10,0.0,0.0,0.0,0.0,0.0,0.0,0.0,0.0,0.0,0.0,1.0,0.0,0.0
8,10,0.0,0.0,0.0,0.0,0.0,0.0,0.0,0.0,0.0,0.0,1.0,0.0,0.0
8,10,0.0,0.0,0.0,0.0,0.0,0.0,0.0,0.0,0.0,0.0,1.0,0.0,0.0
8,10,0.0,0.0,0.0,0.0,0.0,0.0,0.0,0.0,0.0,0.0,1.0,0.0,0.0
8,10,0.0,0.0,0.0,0.0,0.0,0.0,0.0,0.0,0.0,0.0,1.0,0.0,0.0
8,10,0.0,0.0,0.0,0.0,0.0,0.0,0.0,0.0,0.0,0.0,1.0,0.0,0.0
8,10,0.0,0.0,0.0,0.0,0.0,0.0,0.0,0.0,0.0,0.0,1.0,0.0,0.0
8,10,0.0,0.0,0.0,0.0,0.0,0.0,0.0,0.0,0.0,0.0,1.0,0.0,0.0
8,10,0.0,0.0,0.0,0.0,0.0,0.0,0.0,0.0,0.0,0.0,1.0,0.0,0.0
8,10,0.0,0.0,0.0,0.0,0.0,0.0,0.0,0.0,0.0,0.0,1.0,0.0,0.0
8,10,0.0,0.0,0.0,0.0,0.0,0.0,0.0,0.0,0.0,0.0,1.0,0.0,0.0
8,10,0.0,0.0,0.0,0.0,0.0,0.0,0.0,0.0,0.0,0.0,1.0,0.0,0.0
8,10,0.0,0.0,0.0,0.0,0.0,0.0,0.0,0.0,0.0,0.0,1.0,0.0,0.0
8,10,0.0,0.0,0.0,0.0,0.0,0.0,0.0,0.0,0.0,0.0,1.0,0.0,0.0
8,10,0.0,0.0,0.0,0.0,0.0,0.0,0.0,0.0,0.0,0.0,1.0,0.0,0.0
8,10,0.0,0.0,0.0,0.0,0.0,0.0,0.0,0.0,0.0,0.0,1.0,0.0,0.0
8,10,0.0,0.0,0.0,0.0,0.0,0.0,0.0,0.0,0.0,0.0,1.0,0.0,0.0
8,10,0.0,0.0,0.0,0.0,0.0,0.0,0.0,0.0,0.0,0.0,1.0,0.0,0.0
8,10,0.0,0.0,0.0,0.0,0.0,0.0,0.0,0.0,0.0,0.0,1.0,0.0,0.0
8,10,0.0,0.0,0.0,0.0,0.0,0.0,0.0,0.0,0.0,0.0,1.0,0.0,0.0
8,10,0.0,0.0,0.0,0.0,0.0,0.0,0.0,0.0,0.0,0.0,1.0,0.0,0.0
8,10,0.0,0.0,0.0,0.0,0.0,0.0,0.0,0.0,0.0,0.0,1.0,0.0,0.0
8,10,0.0,0.0,0.0,0.0,0.0,0.0,0.0,0.0,0.0,0.0,1.0,0.0,0.0
8,10,0.0,0.0,0.0,0.0,0.0,0.0,0.0,0.0,0.0,0.0,1.0,0.0,0.0
8,10,0.0,0.0,0.0,0.0,0.0,0.0,0.0,0.0,0.0,0.0,1.0,0.0,0.0
8,10,0.0,0.0,0.0,0.0,0.0,0.0,0.0,0.0,0.0,0.0,1.0,0.0,0.0
8,10,0.0,0.0,0.0,0.0,0.0,0.0,0.0,0.0,0.0,0.0,1.0,0.0,0.0
8,10,0.0,0.0,0.0,0.0,0.0,0.0,0.0,0.0,0.0,0.0,1.0,0.0,0.0
8,10,0.0,0.0,0.0,0.0,0.0,0.0,0.0,0.0,0.0,0.0,1.0,0.0,0.0
8,10,0.0,0.0,0.0,0.0,0.0,0.0,0.0,0.0,0.0,0.0,1.0,0.0,0.0
8,10,0.0,0.0,0.0,0.0,0.0,0.0,0.0,0.0,0.0,0.0,1.0,0.0,0.0
8,10,0.0,0.0,0.0,0.0,0.0,0.0,0.0,0.0,0.0,0.0,1.0,0.0,0.0
8,10,0.0,0.0,0.0,0.0,0.0,0.0,0.0,0.0,0.0,0.0,1.0,0.0,0.0
8,10,0.0,0.0,0.0,0.0,0.0,0.0,0.0,0.0,0.0,0.0,1.0,0.0,0.0
8,10,0.0,0.0,0.0,0.0,0.0,0.0,0.0,0.0,0.0,0.0,1.0,0.0,0.0
8,10,0.0,0.0,0.0,0.0,0.0,0.0,0.0,0.0,0.0,0.0,1.0,0.0,0.0
8,10,0.0,0.0,0.0,0.0,0.0,0.0,0.0,0.0,0.0,0.0,1.0,0.0,0.0
8,10,0.0,0.0,0.0,0.0,0.0,0.0,0.0,0.0,0.0,0.0,1.0,0.0,0.0
8,10,0.0,0.0,0.0,0.0,0.0,0.0,0.0,0.0,0.0,0.0,1.0,0.0,0.0
8,10,0.0,0.0,0.0,0.0,0.0,0.0,0.0,0.0,0.0,0.0,1.0,0.0,0.0
8,10,0.0,0.0,0.0,0.0,0.0,0.0,0.0,0.0,0.0,0.0,1.0,0.0,0.0
8,10,0.0,0.0,0.0,0.0,0.0,0.0,0.0,0.0,0.0,0.0,1.0,0.0,0.0
8,10,0.0,0.0,0.0,0.0,0.0,0.0,0.0,0.0,0.0,0.0,1.0,0.0,0.0
8,10,0.0,0.0,0.0,0.0,0.0,0.0,0.0,0.0,0.0,0.0,1.0,0.0,0.0
8,10,0.0,0.0,0.0,0.0,0.0,0.0,0.0,0.0,0.0,0.0,1.0,0.0,0.0
8,10,0.0,0.0,0.0,0.0,0.0,0.0,0.0,0.0,0.0,0.0,1.0,0.0,0.0
8,10,0.0,0.0,0.0,0.0,0.0,0.0,0.0,0.0,0.0,0.0,1.0,0.0,0.0
8,10,0.0,0.0,0.0,0.0,0.0,0.0,0.0,0.0,0.0,0.0,1.0,0.0,0.0
8,10,0.0,0.0,0.0,0.0,0.0,0.0,0.0,0.0,0.0,0.0,1.0,0.0,0.0
8,10,0.0,0.0,0.0,0.0,0.0,0.0,0.0,0.0,0.0,0.0,1.0,0.0,0.0
8,10,0.0,0.0,0.0,0.0,0.0,0.0,0.0,0.0,0.0,0.0,1.0,0.0,0.0
8,10,0.0,0.0,0.0,0.0,0.0,0.0,0.0,0.0,0.0,0.0,1.0,0.0,0.0
8,10,0.0,0.0,0.0,0.0,0.0,0.0,0.0,0.0,0.0,0.0,1.0,0.0,0.0
8,10,0.0,0.0,0.0,0.0,0.0,0.0,0.0,0.0,0.0,0.0,1.0,0.0,0.0
8,10,0.0,0.0,0.0,0.0,0.0,0.0,0.0,0.0,0.0,0.0,1.0,0.0,0.0
8,10,0.0,0.0,0.0,0.0,0.0,0.0,0.0,0.0,0.0,0.0,1.0,0.0,0.0
8,10,0.0,0.0,0.0,0.0,0.0,0.0,0.0,0.0,0.0,0.0,1.0,0.0,0.0
8,10,0.0,0.0,0.0,0.0,0.0,0.0,0.0,0.0,0.0,0.0,1.0,0.0,0.0
8,10,0.0,0.0,0.0,0.0,0.0,0.0,0.0,0.0,0.0,0.0,1.0,0.0,0.0
8,10,0.0,0.0,0.0,0.0,0.0,0.0,0.0,0.0,0.0,0.0,1.0,0.0,0.0
8,10,0.0,0.0,0.0,0.0,0.0,0.0,0.0,0.0,0.0,0.0,1.0,0.0,0.0
8,10,0.0,0.0,0.0,0.0,0.0,0.0,0.0,0.0,0.0,0.0,1.0,0.0,0.0
8,10,0.0,0.0,0.0,0.0,0.0,0.0,0.0,0.0,0.0,0.0,1.0,0.0,0.0
8,10,0.0,0.0,0.0,0.0,0.0,0.0,0.0,0.0,0.0,0.0,1.0,0.0,0.0
8,10,0.0,0.0,0.0,0.0,0.0,0.0,0.0,0.0,0.0,0.0,1.0,0.0,0.0
8,10,0.0,0.0,0.0,0.0,0.0,0.0,0.0,0.0,0.0,0.0,1.0,0.0,0.0
8,10,0.0,0.0,0.0,0.0,0.0,0.0,0.0,0.0,0.0,0.0,1.0,0.0,0.0
8,10,0.0,0.0,0.0,0.0,0.0,0.0,0.0,0.0,0.0,0.0,1.0,0.0,0.0
8,10,0.0,0.0,0.0,0.0,0.0,0.0,0.0,0.0,0.0,0.0,1.0,0.0,0.0
8,10,0.0,0.0,0.0,0.0,0.0,0.0,0.0,0.0,0.0,0.0,1.0,0.0,0.0
8,10,0.0,0.0,0.0,0.0,0.0,0.0,0.0,0.0,0.0,0.0,1.0,0.0,0.0
8,10,0.0,0.0,0.0,0.0,0.0,0.0,0.0,0.0,0.0,0.0,1.0,0.0,0.0
8,10,0.0,0.0,0.0,0.0,0.0,0.0,0.0,0.0,0.0,0.0,1.0,0.0,0.0
8,10,0.0,0.0,0.0,0.0,0.0,0.0,0.0,0.0,0.0,0.0,1.0,0.0,0.0
8,10,0.0,0.0,0.0,0.0,0.0,0.0,0.0,0.0,0.0,0.0,1.0,0.0,0.0
8,10,0.0,0.0,0.0,0.0,0.0,0.0,0.0,0.0,0.0,0.0,1.0,0.0,0.0
8,10,0.0,0.0,0.0,0.0,0.0,0.0,0.0,0.0,0.0,0.0,1.0,0.0,0.0
8,10,0.0,0.0,0.0,0.0,0.0,0.0,0.0,0.0,0.0,0.0,1.0,0.0,0.0
8,10,0.0,0.0,0.0,0.0,0.0,0.0,0.0,0.0,0.0,0.0,1.0,0.0,0.0
8,10,0.0,0.0,0.0,0.0,0.0,0.0,0.0,0.0,0.0,0.0,1.0,0.0,0.0
8,10,0.0,0.0,0.0,0.0,0.0,0.0,0.0,0.0,0.0,0.0,1.0,0.0,0.0
8,10,0.0,0.0,0.0,0.0,0.0,0.0,0.0,0.0,0.0,0.0,1.0,0.0,0.0
8,10,0.0,0.0,0.0,0.0,0.0,0.0,0.0,0.0,0.0,0.0,1.0,0.0,0.0
8,10,0.0,0.0,0.0,0.0,0.0,0.0,0.0,0.0,0.0,0.0,1.0,0.0,0.0
8,10,0.0,0.0,0.0,0.0,0.0,0.0,0.0,0.0,0.0,0.0,1.0,0.0,0.0
8,10,0.0,0.0,0.0,0.0,0.0,0.0,0.0,0.0,0.0,0.0,1.0,0.0,0.0
8,10,0.0,0.0,0.0,0.0,0.0,0.0,0.0,0.0,0.0,0.0,1.0,0.0,0.0
8,10,0.0,0.0,0.0,0.0,0.0,0.0,0.0,0.0,0.0,0.0,1.0,0.0,0.0
8,10,0.0,0.0,0.0,0.0,0.0,0.0,0.0,0.0,0.0,0.0,1.0,0.0,0.0
8,10,0.0,0.0,0.0,0.0,0.0,0.0,0.0,0.0,0.0,0.0,1.0,0.0,0.0
8,10,0.0,0.0,0.0,0.0,0.0,0.0,0.0,0.0,0.0,0.0,1.0,0.0,0.0
8,10,0.0,0.0,0.0,0.0,0.0,0.0,0.0,0.0,0.0,0.0,1.0,0.0,0.0
8,10,0.0,0.0,0.0,0.0,0.0,0.0,0.0,0.0,0.0,0.0,1.0,0.0,0.0
8,10,0.0,0.0,0.0,0.0,0.0,0.0,0.0,0.0,0.0,0.0,1.0,0.0,0.0
8,10,0.0,0.0,0.0,0.0,0.0,0.0,0.0,0.0,0.0,0.0,1.0,0.0,0.0
8,10,0.0,0.0,0.0,0.0,0.0,0.0,0.0,0.0,0.0,0.0,1.0,0.0,0.0
8,10,0.0,0.0,0.0,0.0,0.0,0.0,0.0,0.0,0.0,0.0,1.0,0.0,0.0
8,10,0.0,0.0,0.0,0.0,0.0,0.0,0.0,0.0,0.0,0.0,1.0,0.0,0.0
8,10,0.0,0.0,0.0,0.0,0.0,0.0,0.0,0.0,0.0,0.0,1.0,0.0,0.0
8,10,0.0,0.0,0.0,0.0,0.0,0.0,0.0,0.0,0.0,0.0,1.0,0.0,0.0
8,10,0.0,0.0,0.0,0.0,0.0,0.0,0.0,0.0,0.0,0.0,1.0,0.0,0.0
8,10,0.0,0.0,0.0,0.0,0.0,0.0,0.0,0.0,0.0,0.0,1.0,0.0,0.0
8,10,0.0,0.0,0.0,0.0,0.0,0.0,0.0,0.0,0.0,0.0,1.0,0.0,0.0
8,10,0.0,0.0,0.0,0.0,0.0,0.0,0.0,0.0,0.0,0.0,1.0,0.0,0.0
8,10,0.0,0.0,0.0,0.0,0.0,0.0,0.0,0.0,0.0,0.0,1.0,0.0,0.0
8,10,0.0,0.0,0.0,0.0,0.0,0.0,0.0,0.0,0.0,0.0,1.0,0.0,0.0
8,10,0.0,0.0,0.0,0.0,0.0,0.0,0.0,0.0,0.0,0.0,1.0,0.0,0.0
8,10,0.0,0.0,0.0,0.0,0.0,0.0,0.0,0.0,0.0,0.0,1.0,0.0,0.0
8,10,0.0,0.0,0.0,0.0,0.0,0.0,0.0,0.0,0.0,0.0,1.0,0.0,0.0
8,10,0.0,0.0,0.0,0.0,0.0,0.0,0.0,0.0,0.0,0.0,1.0,0.0,0.0
8,10,0.0,0.0,0.0,0.0,0.0,0.0,0.0,0.0,0.0,0.0,1.0,0.0,0.0
8,10,0.0,0.0,0.0,0.0,0.0,0.0,0.0,0.0,0.0,0.0,1.0,0.0,0.0
8,10,0.0,0.0,0.0,0.0,0.0,0.0,0.0,0.0,0.0,0.0,1.0,0.0,0.0
8,10,0.0,0.0,0.0,0.0,0.0,0.0,0.0,0.0,0.0,0.0,1.0,0.0,0.0
8,10,0.0,0.0,0.0,0.0,0.0,0.0,0.0,0.0,0.0,0.0,1.0,0.0,0.0
8,10,0.0,0.0,0.0,0.0,0.0,0.0,0.0,0.0,0.0,0.0,1.0,0.0,0.0
8,10,0.0,0.0,0.0,0.0,0.0,0.0,0.0,0.0,0.0,0.0,1.0,0.0,0.0
8,10,0.0,0.0,0.0,0.0,0.0,0.0,0.0,0.0,0.0,0.0,1.0,0.0,0.0
8,10,0.0,0.0,0.0,0.0,0.0,0.0,0.0,0.0,0.0,0.0,1.0,0.0,0.0
8,10,0.0,0.0,0.0,0.0,0.0,0.0,0.0,0.0,0.0,0.0,1.0,0.0,0.0
8,10,0.0,0.0,0.0,0.0,0.0,0.0,0.0,0.0,0.0,0.0,1.0,0.0,0.0
8,10,0.0,0.0,0.0,0.0,0.0,0.0,0.0,0.0,0.0,0.0,1.0,0.0,0.0
8,10,0.0,0.0,0.0,0.0,0.0,0.0,0.0,0.0,0.0,0.0,1.0,0.0,0.0
8,10,0.0,0.0,0.0,0.0,0.0,0.0,0.0,0.0,0.0,0.0,1.0,0.0,0.0
8,10,0.0,0.0,0.0,0.0,0.0,0.0,0.0,0.0,0.0,0.0,1.0,0.0,0.0
8,10,0.0,0.0,0.0,0.0,0.0,0.0,0.0,0.0,0.0,0.0,1.0,0.0,0.0
8,10,0.0,0.0,0.0,0.0,0.0,0.0,0.0,0.0,0.0,0.0,1.0,0.0,0.0
8,10,0.0,0.0,0.0,0.0,0.0,0.0,0.0,0.0,0.0,0.0,1.0,0.0,0.0
8,10,0.0,0.0,0.0,0.0,0.0,0.0,0.0,0.0,0.0,0.0,1.0,0.0,0.0
8,10,0.0,0.0,0.0,0.0,0.0,0.0,0.0,0.0,0.0,0.0,1.0,0.0,0.0
8,10,0.0,0.0,0.0,0.0,0.0,0.0,0.0,0.0,0.0,0.0,1.0,0.0,0.0
8,10,0.0,0.0,0.0,0.0,0.0,0.0,0.0,0.0,0.0,0.0,1.0,0.0,0.0
8,10,0.0,0.0,0.0,0.0,0.0,0.0,0.0,0.0,0.0,0.0,1.0,0.0,0.0
8,10,0.0,0.0,0.0,0.0,0.0,0.0,0.0,0.0,0.0,0.0,1.0,0.0,0.0
8,10,0.0,0.0,0.0,0.0,0.0,0.0,0.0,0.0,0.0,0.0,1.0,0.0,0.0
8,10,0.0,0.0,0.0,0.0,0.0,0.0,0.0,0.0,0.0,0.0,1.0,0.0,0.0
8,10,0.0,0.0,0.0,0.0,0.0,0.0,0.0,0.0,0.0,0.0,1.0,0.0,0.0
8,10,0.0,0.0,0.0,0.0,0.0,0.0,0.0,0.0,0.0,0.0,1.0,0.0,0.0
8,10,0.0,0.0,0.0,0.0,0.0,0.0,0.0,0.0,0.0,0.0,1.0,0.0,0.0
8,10,0.0,0.0,0.0,0.0,0.0,0.0,0.0,0.0,0.0,0.0,1.0,0.0,0.0
8,10,0.0,0.0,0.0,0.0,0.0,0.0,0.0,0.0,0.0,0.0,1.0,0.0,0.0
8,10,0.0,0.0,0.0,0.0,0.0,0.0,0.0,0.0,0.0,0.0,1.0,0.0,0.0
8,10,0.0,0.0,0.0,0.0,0.0,0.0,0.0,0.0,0.0,0.0,1.0,0.0,0.0
8,10,0.0,0.0,0.0,0.0,0.0,0.0,0.0,0.0,0.0,0.0,1.0,0.0,0.0
8,10,0.0,0.0,0.0,0.0,0.0,0.0,0.0,0.0,0.0,0.0,1.0,0.0,0.0
8,10,0.0,0.0,0.0,0.0,0.0,0.0,0.0,0.0,0.0,0.0,1.0,0.0,0.0
8,10,0.0,0.0,0.0,0.0,0.0,0.0,0.0,0.0,0.0,0.0,1.0,0.0,0.0
8,10,0.0,0.0,0.0,0.0,0.0,0.0,0.0,0.0,0.0,0.0,1.0,0.0,0.0
8,10,0.0,0.0,0.0,0.0,0.0,0.0,0.0,0.0,0.0,0.0,1.0,0.0,0.0
8,10,0.0,0.0,0.0,0.0,0.0,0.0,0.0,0.0,0.0,0.0,1.0,0.0,0.0
8,10,0.0,0.0,0.0,0.0,0.0,0.0,0.0,0.0,0.0,0.0,1.0,0.0,0.0
8,10,0.0,0.0,0.0,0.0,0.0,0.0,0.0,0.0,0.0,0.0,1.0,0.0,0.0
8,10,0.0,0.0,0.0,0.0,0.0,0.0,0.0,0.0,0.0,0.0,1.0,0.0,0.0
8,10,0.0,0.0,0.0,0.0,0.0,0.0,0.0,0.0,0.0,0.0,1.0,0.0,0.0
8,10,0.0,0.0,0.0,0.0,0.0,0.0,0.0,0.0,0.0,0.0,1.0,0.0,0.0
8,10,0.0,0.0,0.0,0.0,0.0,0.0,0.0,0.0,0.0,0.0,1.0,0.0,0.0
8,10,0.0,0.0,0.0,0.0,0.0,0.0,0.0,0.0,0.0,0.0,1.0,0.0,0.0
8,10,0.0,0.0,0.0,0.0,0.0,0.0,0.0,0.0,0.0,0.0,1.0,0.0,0.0
8,10,0.0,0.0,0.0,0.0,0.0,0.0,0.0,0.0,0.0,0.0,1.0,0.0,0.0
8,10,0.0,0.0,0.0,0.0,0.0,0.0,0.0,0.0,0.0,0.0,1.0,0.0,0.0
8,10,0.0,0.0,0.0,0.0,0.0,0.0,0.0,0.0,0.0,0.0,1.0,0.0,0.0
8,10,0.0,0.0,0.0,0.0,0.0,0.0,0.0,0.0,0.0,0.0,1.0,0.0,0.0
8,10,0.0,0.0,0.0,0.0,0.0,0.0,0.0,0.0,0.0,0.0,1.0,0.0,0.0
8,10,0.0,0.0,0.0,0.0,0.0,0.0,0.0,0.0,0.0,0.0,1.0,0.0,0.0
8,10,0.0,0.0,0.0,0.0,0.0,0.0,0.0,0.0,0.0,0.0,1.0,0.0,0.0
8,10,0.0,0.0,0.0,0.0,0.0,0.0,0.0,0.0,0.0,0.0,1.0,0.0,0.0
8,10,0.0,0.0,0.0,0.0,0.0,0.0,0.0,0.0,0.0,0.0,1.0,0.0,0.0
8,10,0.0,0.0,0.0,0.0,0.0,0.0,0.0,0.0,0.0,0.0,1.0,0.0,0.0
8,10,0.0,0.0,0.0,0.0,0.0,0.0,0.0,0.0,0.0,0.0,1.0,0.0,0.0
8,10,0.0,0.0,0.0,0.0,0.0,0.0,0.0,0.0,0.0,0.0,1.0,0.0,0.0
8,10,0.0,0.0,0.0,0.0,0.0,0.0,0.0,0.0,0.0,0.0,1.0,0.0,0.0
8,10,0.0,0.0,0.0,0.0,0.0,0.0,0.0,0.0,0.0,0.0,1.0,0.0,0.0
8,10,0.0,0.0,0.0,0.0,0.0,0.0,0.0,0.0,0.0,0.0,1.0,0.0,0.0
8,10,0.0,0.0,0.0,0.0,0.0,0.0,0.0,0.0,0.0,0.0,1.0,0.0,0.0
8,10,0.0,0.0,0.0,0.0,0.0,0.0,0.0,0.0,0.0,0.0,1.0,0.0,0.0
8,10,0.0,0.0,0.0,0.0,0.0,0.0,0.0,0.0,0.0,0.0,1.0,0.0,0.0
8,10,0.0,0.0,0.0,0.0,0.0,0.0,0.0,0.0,0.0,0.0,1.0,0.0,0.0
8,10,0.0,0.0,0.0,0.0,0.0,0.0,0.0,0.0,0.0,0.0,1.0,0.0,0.0
8,10,0.0,0.0,0.0,0.0,0.0,0.0,0.0,0.0,0.0,0.0,1.0,0.0,0.0
8,10,0.0,0.0,0.0,0.0,0.0,0.0,0.0,0.0,0.0,0.0,1.0,0.0,0.0
8,10,0.0,0.0,0.0,0.0,0.0,0.0,0.0,0.0,0.0,0.0,1.0,0.0,0.0
8,10,0.0,0.0,0.0,0.0,0.0,0.0,0.0,0.0,0.0,0.0,1.0,0.0,0.0
8,10,0.0,0.0,0.0,0.0,0.0,0.0,0.0,0.0,0.0,0.0,1.0,0.0,0.0
8,10,0.0,0.0,0.0,0.0,0.0,0.0,0.0,0.0,0.0,0.0,1.0,0.0,0.0
8,10,0.0,0.0,0.0,0.0,0.0,0.0,0.0,0.0,0.0,0.0,1.0,0.0,0.0
8,10,0.0,0.0,0.0,0.0,0.0,0.0,0.0,0.0,0.0,0.0,1.0,0.0,0.0
8,10,0.0,0.0,0.0,0.0,0.0,0.0,0.0,0.0,0.0,0.0,1.0,0.0,0.0
8,10,0.0,0.0,0.0,0.0,0.0,0.0,0.0,0.0,0.0,0.0,1.0,0.0,0.0
8,10,0.0,0.0,0.0,0.0,0.0,0.0,0.0,0.0,0.0,0.0,1.0,0.0,0.0
8,10,0.0,0.0,0.0,0.0,0.0,0.0,0.0,0.0,0.0,0.0,1.0,0.0,0.0
8,10,0.0,0.0,0.0,0.0,0.0,0.0,0.0,0.0,0.0,0.0,1.0,0.0,0.0
8,10,0.0,0.0,0.0,0.0,0.0,0.0,0.0,0.0,0.0,0.0,1.0,0.0,0.0
8,10,0.0,0.0,0.0,0.0,0.0,0.0,0.0,0.0,0.0,0.0,1.0,0.0,0.0
8,10,0.0,0.0,0.0,0.0,0.0,0.0,0.0,0.0,0.0,0.0,1.0,0.0,0.0
8,10,0.0,0.0,0.0,0.0,0.0,0.0,0.0,0.0,0.0,0.0,1.0,0.0,0.0
8,10,0.0,0.0,0.0,0.0,0.0,0.0,0.0,0.0,0.0,0.0,1.0,0.0,0.0
8,10,0.0,0.0,0.0,0.0,0.0,0.0,0.0,0.0,0.0,0.0,1.0,0.0,0.0
8,10,0.0,0.0,0.0,0.0,0.0,0.0,0.0,0.0,0.0,0.0,1.0,0.0,0.0
8,10,0.0,0.0,0.0,0.0,0.0,0.0,0.0,0.0,0.0,0.0,1.0,0.0,0.0
8,10,0.0,0.0,0.0,0.0,0.0,0.0,0.0,0.0,0.0,0.0,1.0,0.0,0.0
8,10,0.0,0.0,0.0,0.0,0.0,0.0,0.0,0.0,0.0,0.0,1.0,0.0,0.0
8,10,0.0,0.0,0.0,0.0,0.0,0.0,0.0,0.0,0.0,0.0,1.0,0.0,0.0
8,10,0.0,0.0,0.0,0.0,0.0,0.0,0.0,0.0,0.0,0.0,1.0,0.0,0.0
8,10,0.0,0.0,0.0,0.0,0.0,0.0,0.0,0.0,0.0,0.0,1.0,0.0,0.0
8,10,0.0,0.0,0.0,0.0,0.0,0.0,0.0,0.0,0.0,0.0,1.0,0.0,0.0
8,10,0.0,0.0,0.0,0.0,0.0,0.0,0.0,0.0,0.0,0.0,1.0,0.0,0.0
8,10,0.0,0.0,0.0,0.0,0.0,0.0,0.0,0.0,0.0,0.0,1.0,0.0,0.0
8,10,0.0,0.0,0.0,0.0,0.0,0.0,0.0,0.0,0.0,0.0,1.0,0.0,0.0
8,10,0.0,0.0,0.0,0.0,0.0,0.0,0.0,0.0,0.0,0.0,1.0,0.0,0.0
8,10,0.0,0.0,0.0,0.0,0.0,0.0,0.0,0.0,0.0,0.0,1.0,0.0,0.0
8,10,0.0,0.0,0.0,0.0,0.0,0.0,0.0,0.0,0.0,0.0,1.0,0.0,0.0
8,10,0.0,0.0,0.0,0.0,0.0,0.0,0.0,0.0,0.0,0.0,1.0,0.0,0.0
8,10,0.0,0.0,0.0,0.0,0.0,0.0,0.0,0.0,0.0,0.0,1.0,0.0,0.0
8,10,0.0,0.0,0.0,0.0,0.0,0.0,0.0,0.0,0.0,0.0,1.0,0.0,0.0
8,10,0.0,0.0,0.0,0.0,0.0,0.0,0.0,0.0,0.0,0.0,1.0,0.0,0.0
8,10,0.0,0.0,0.0,0.0,0.0,0.0,0.0,0.0,0.0,0.0,1.0,0.0,0.0
8,10,0.0,0.0,0.0,0.0,0.0,0.0,0.0,0.0,0.0,0.0,1.0,0.0,0.0
8,10,0.0,0.0,0.0,0.0,0.0,0.0,0.0,0.0,0.0,0.0,1.0,0.0,0.0
8,10,0.0,0.0,0.0,0.0,0.0,0.0,0.0,0.0,0.0,0.0,1.0,0.0,0.0
8,10,0.0,0.0,0.0,0.0,0.0,0.0,0.0,0.0,0.0,0.0,1.0,0.0,0.0
8,10,0.0,0.0,0.0,0.0,0.0,0.0,0.0,0.0,0.0,0.0,1.0,0.0,0.0
8,10,0.0,0.0,0.0,0.0,0.0,0.0,0.0,0.0,0.0,0.0,1.0,0.0,0.0
8,10,0.0,0.0,0.0,0.0,0.0,0.0,0.0,0.0,0.0,0.0,1.0,0.0,0.0
8,10,0.0,0.0,0.0,0.0,0.0,0.0,0.0,0.0,0.0,0.0,1.0,0.0,0.0
8,10,0.0,0.0,0.0,0.0,0.0,0.0,0.0,0.0,0.0,0.0,1.0,0.0,0.0
8,10,0.0,0.0,0.0,0.0,0.0,0.0,0.0,0.0,0.0,0.0,1.0,0.0,0.0
8,10,0.0,0.0,0.0,0.0,0.0,0.0,0.0,0.0,0.0,0.0,1.0,0.0,0.0
8,10,0.0,0.0,0.0,0.0,0.0,0.0,0.0,0.0,0.0,0.0,1.0,0.0,0.0
8,10,0.0,0.0,0.0,0.0,0.0,0.0,0.0,0.0,0.0,0.0,1.0,0.0,0.0
8,10,0.0,0.0,0.0,0.0,0.0,0.0,0.0,0.0,0.0,0.0,1.0,0.0,0.0
8,10,0.0,0.0,0.0,0.0,0.0,0.0,0.0,0.0,0.0,0.0,1.0,0.0,0.0
8,10,0.0,0.0,0.0,0.0,0.0,0.0,0.0,0.0,0.0,0.0,1.0,0.0,0.0
8,10,0.0,0.0,0.0,0.0,0.0,0.0,0.0,0.0,0.0,0.0,1.0,0.0,0.0
8,10,0.0,0.0,0.0,0.0,0.0,0.0,0.0,0.0,0.0,0.0,1.0,0.0,0.0
8,10,0.0,0.0,0.0,0.0,0.0,0.0,0.0,0.0,0.0,0.0,1.0,0.0,0.0
8,10,0.0,0.0,0.0,0.0,0.0,0.0,0.0,0.0,0.0,0.0,1.0,0.0,0.0
8,10,0.0,0.0,0.0,0.0,0.0,0.0,0.0,0.0,0.0,0.0,1.0,0.0,0.0
8,10,0.0,0.0,0.0,0.0,0.0,0.0,0.0,0.0,0.0,0.0,1.0,0.0,0.0
8,10,0.0,0.0,0.0,0.0,0.0,0.0,0.0,0.0,0.0,0.0,1.0,0.0,0.0
8,10,0.0,0.0,0.0,0.0,0.0,0.0,0.0,0.0,0.0,0.0,1.0,0.0,0.0
8,10,0.0,0.0,0.0,0.0,0.0,0.0,0.0,0.0,0.0,0.0,1.0,0.0,0.0
8,10,0.0,0.0,0.0,0.0,0.0,0.0,0.0,0.0,0.0,0.0,1.0,0.0,0.0
8,10,0.0,0.0,0.0,0.0,0.0,0.0,0.0,0.0,0.0,0.0,1.0,0.0,0.0
8,10,0.0,0.0,0.0,0.0,0.0,0.0,0.0,0.0,0.0,0.0,1.0,0.0,0.0
8,10,0.0,0.0,0.0,0.0,0.0,0.0,0.0,0.0,0.0,0.0,1.0,0.0,0.0
8,10,0.0,0.0,0.0,0.0,0.0,0.0,0.0,0.0,0.0,0.0,1.0,0.0,0.0
8,10,0.0,0.0,0.0,0.0,0.0,0.0,0.0,0.0,0.0,0.0,1.0,0.0,0.0
8,10,0.0,0.0,0.0,0.0,0.0,0.0,0.0,0.0,0.0,0.0,1.0,0.0,0.0
8,10,0.0,0.0,0.0,0.0,0.0,0.0,0.0,0.0,0.0,0.0,1.0,0.0,0.0
8,10,0.0,0.0,0.0,0.0,0.0,0.0,0.0,0.0,0.0,0.0,1.0,0.0,0.0
8,10,0.0,0.0,0.0,0.0,0.0,0.0,0.0,0.0,0.0,0.0,1.0,0.0,0.0
8,10,0.0,0.0,0.0,0.0,0.0,0.0,0.0,0.0,0.0,0.0,1.0,0.0,0.0
8,10,0.0,0.0,0.0,0.0,0.0,0.0,0.0,0.0,0.0,0.0,1.0,0.0,0.0
8,10,0.0,0.0,0.0,0.0,0.0,0.0,0.0,0.0,0.0,0.0,1.0,0.0,0.0
8,10,0.0,0.0,0.0,0.0,0.0,0.0,0.0,0.0,0.0,0.0,1.0,0.0,0.0
8,10,0.0,0.0,0.0,0.0,0.0,0.0,0.0,0.0,0.0,0.0,1.0,0.0,0.0
8,10,0.0,0.0,0.0,0.0,0.0,0.0,0.0,0.0,0.0,0.0,1.0,0.0,0.0
8,10,0.0,0.0,0.0,0.0,0.0,0.0,0.0,0.0,0.0,0.0,1.0,0.0,0.0
8,10,0.0,0.0,0.0,0.0,0.0,0.0,0.0,0.0,0.0,0.0,1.0,0.0,0.0
8,10,0.0,0.0,0.0,0.0,0.0,0.0,0.0,0.0,0.0,0.0,1.0,0.0,0.0
8,10,0.0,0.0,0.0,0.0,0.0,0.0,0.0,0.0,0.0,0.0,1.0,0.0,0.0
8,10,0.0,0.0,0.0,0.0,0.0,0.0,0.0,0.0,0.0,0.0,1.0,0.0,0.0
8,10,0.0,0.0,0.0,0.0,0.0,0.0,0.0,0.0,0.0,0.0,1.0,0.0,0.0
8,10,0.0,0.0,0.0,0.0,0.0,0.0,0.0,0.0,0.0,0.0,1.0,0.0,0.0
8,10,0.0,0.0,0.0,0.0,0.0,0.0,0.0,0.0,0.0,0.0,1.0,0.0,0.0
8,10,0.0,0.0,0.0,0.0,0.0,0.0,0.0,0.0,0.0,0.0,1.0,0.0,0.0
8,10,0.0,0.0,0.0,0.0,0.0,0.0,0.0,0.0,0.0,0.0,1.0,0.0,0.0
8,10,0.0,0.0,0.0,0.0,0.0,0.0,0.0,0.0,0.0,0.0,1.0,0.0,0.0
8,10,0.0,0.0,0.0,0.0,0.0,0.0,0.0,0.0,0.0,0.0,1.0,0.0,0.0
8,10,0.0,0.0,0.0,0.0,0.0,0.0,0.0,0.0,0.0,0.0,1.0,0.0,0.0
8,10,0.0,0.0,0.0,0.0,0.0,0.0,0.0,0.0,0.0,0.0,1.0,0.0,0.0
8,10,0.0,0.0,0.0,0.0,0.0,0.0,0.0,0.0,0.0,0.0,1.0,0.0,0.0
8,10,0.0,0.0,0.0,0.0,0.0,0.0,0.0,0.0,0.0,0.0,1.0,0.0,0.0
8,10,0.0,0.0,0.0,0.0,0.0,0.0,0.0,0.0,0.0,0.0,1.0,0.0,0.0
8,10,0.0,0.0,0.0,0.0,0.0,0.0,0.0,0.0,0.0,0.0,1.0,0.0,0.0
8,10,0.0,0.0,0.0,0.0,0.0,0.0,0.0,0.0,0.0,0.0,1.0,0.0,0.0
8,10,0.0,0.0,0.0,0.0,0.0,0.0,0.0,0.0,0.0,0.0,1.0,0.0,0.0
8,10,0.0,0.0,0.0,0.0,0.0,0.0,0.0,0.0,0.0,0.0,1.0,0.0,0.0
8,10,0.0,0.0,0.0,0.0,0.0,0.0,0.0,0.0,0.0,0.0,1.0,0.0,0.0
8,10,0.0,0.0,0.0,0.0,0.0,0.0,0.0,0.0,0.0,0.0,1.0,0.0,0.0
8,10,0.0,0.0,0.0,0.0,0.0,0.0,0.0,0.0,0.0,0.0,1.0,0.0,0.0
8,10,0.0,0.0,0.0,0.0,0.0,0.0,0.0,0.0,0.0,0.0,1.0,0.0,0.0
8,10,0.0,0.0,0.0,0.0,0.0,0.0,0.0,0.0,0.0,0.0,1.0,0.0,0.0
8,10,0.0,0.0,0.0,0.0,0.0,0.0,0.0,0.0,0.0,0.0,1.0,0.0,0.0
8,10,0.0,0.0,0.0,0.0,0.0,0.0,0.0,0.0,0.0,0.0,1.0,0.0,0.0
8,10,0.0,0.0,0.0,0.0,0.0,0.0,0.0,0.0,0.0,0.0,1.0,0.0,0.0
8,10,0.0,0.0,0.0,0.0,0.0,0.0,0.0,0.0,0.0,0.0,1.0,0.0,0.0
8,10,0.0,0.0,0.0,0.0,0.0,0.0,0.0,0.0,0.0,0.0,1.0,0.0,0.0
8,10,0.0,0.0,0.0,0.0,0.0,0.0,0.0,0.0,0.0,0.0,1.0,0.0,0.0
8,10,0.0,0.0,0.0,0.0,0.0,0.0,0.0,0.0,0.0,0.0,1.0,0.0,0.0
8,10,0.0,0.0,0.0,0.0,0.0,0.0,0.0,0.0,0.0,0.0,1.0,0.0,0.0
8,10,0.0,0.0,0.0,0.0,0.0,0.0,0.0,0.0,0.0,0.0,1.0,0.0,0.0
8,10,0.0,0.0,0.0,0.0,0.0,0.0,0.0,0.0,0.0,0.0,1.0,0.0,0.0
8,10,0.0,0.0,0.0,0.0,0.0,0.0,0.0,0.0,0.0,0.0,1.0,0.0,0.0
8,10,0.0,0.0,0.0,0.0,0.0,0.0,0.0,0.0,0.0,0.0,1.0,0.0,0.0
8,10,0.0,0.0,0.0,0.0,0.0,0.0,0.0,0.0,0.0,0.0,1.0,0.0,0.0
8,10,0.0,0.0,0.0,0.0,0.0,0.0,0.0,0.0,0.0,0.0,1.0,0.0,0.0
8,10,0.0,0.0,0.0,0.0,0.0,0.0,0.0,0.0,0.0,0.0,1.0,0.0,0.0
8,10,0.0,0.0,0.0,0.0,0.0,0.0,0.0,0.0,0.0,0.0,1.0,0.0,0.0
8,10,0.0,0.0,0.0,0.0,0.0,0.0,0.0,0.0,0.0,0.0,1.0,0.0,0.0
8,10,0.0,0.0,0.0,0.0,0.0,0.0,0.0,0.0,0.0,0.0,1.0,0.0,0.0
8,10,0.0,0.0,0.0,0.0,0.0,0.0,0.0,0.0,0.0,0.0,1.0,0.0,0.0
8,10,0.0,0.0,0.0,0.0,0.0,0.0,0.0,0.0,0.0,0.0,1.0,0.0,0.0
8,10,0.0,0.0,0.0,0.0,0.0,0.0,0.0,0.0,0.0,0.0,1.0,0.0,0.0
8,10,0.0,0.0,0.0,0.0,0.0,0.0,0.0,0.0,0.0,0.0,1.0,0.0,0.0
8,10,0.0,0.0,0.0,0.0,0.0,0.0,0.0,0.0,0.0,0.0,1.0,0.0,0.0
8,10,0.0,0.0,0.0,0.0,0.0,0.0,0.0,0.0,0.0,0.0,1.0,0.0,0.0
8,10,0.0,0.0,0.0,0.0,0.0,0.0,0.0,0.0,0.0,0.0,1.0,0.0,0.0
8,10,0.0,0.0,0.0,0.0,0.0,0.0,0.0,0.0,0.0,0.0,1.0,0.0,0.0
8,10,0.0,0.0,0.0,0.0,0.0,0.0,0.0,0.0,0.0,0.0,1.0,0.0,0.0
8,10,0.0,0.0,0.0,0.0,0.0,0.0,0.0,0.0,0.0,0.0,1.0,0.0,0.0
8,10,0.0,0.0,0.0,0.0,0.0,0.0,0.0,0.0,0.0,0.0,1.0,0.0,0.0
8,10,0.0,0.0,0.0,0.0,0.0,0.0,0.0,0.0,0.0,0.0,1.0,0.0,0.0
8,10,0.0,0.0,0.0,0.0,0.0,0.0,0.0,0.0,0.0,0.0,1.0,0.0,0.0
8,10,0.0,0.0,0.0,0.0,0.0,0.0,0.0,0.0,0.0,0.0,1.0,0.0,0.0
8,10,0.0,0.0,0.0,0.0,0.0,0.0,0.0,0.0,0.0,0.0,1.0,0.0,0.0
8,10,0.0,0.0,0.0,0.0,0.0,0.0,0.0,0.0,0.0,0.0,1.0,0.0,0.0
8,10,0.0,0.0,0.0,0.0,0.0,0.0,0.0,0.0,0.0,0.0,1.0,0.0,0.0
8,10,0.0,0.0,0.0,0.0,0.0,0.0,0.0,0.0,0.0,0.0,1.0,0.0,0.0
8,10,0.0,0.0,0.0,0.0,0.0,0.0,0.0,0.0,0.0,0.0,1.0,0.0,0.0
8,10,0.0,0.0,0.0,0.0,0.0,0.0,0.0,0.0,0.0,0.0,1.0,0.0,0.0
8,10,0.0,0.0,0.0,0.0,0.0,0.0,0.0,0.0,0.0,0.0,1.0,0.0,0.0
8,10,0.0,0.0,0.0,0.0,0.0,0.0,0.0,0.0,0.0,0.0,1.0,0.0,0.0
8,10,0.0,0.0,0.0,0.0,0.0,0.0,0.0,0.0,0.0,0.0,1.0,0.0,0.0
8,10,0.0,0.0,0.0,0.0,0.0,0.0,0.0,0.0,0.0,0.0,1.0,0.0,0.0
8,10,0.0,0.0,0.0,0.0,0.0,0.0,0.0,0.0,0.0,0.0,1.0,0.0,0.0
8,10,0.0,0.0,0.0,0.0,0.0,0.0,0.0,0.0,0.0,0.0,1.0,0.0,0.0
8,10,0.0,0.0,0.0,0.0,0.0,0.0,0.0,0.0,0.0,0.0,1.0,0.0,0.0
8,10,0.0,0.0,0.0,0.0,0.0,0.0,0.0,0.0,0.0,0.0,1.0,0.0,0.0
8,10,0.0,0.0,0.0,0.0,0.0,0.0,0.0,0.0,0.0,0.0,1.0,0.0,0.0
8,10,0.0,0.0,0.0,0.0,0.0,0.0,0.0,0.0,0.0,0.0,1.0,0.0,0.0
8,10,0.0,0.0,0.0,0.0,0.0,0.0,0.0,0.0,0.0,0.0,1.0,0.0,0.0
8,10,0.0,0.0,0.0,0.0,0.0,0.0,0.0,0.0,0.0,0.0,1.0,0.0,0.0
8,10,0.0,0.0,0.0,0.0,0.0,0.0,0.0,0.0,0.0,0.0,1.0,0.0,0.0
8,10,0.0,0.0,0.0,0.0,0.0,0.0,0.0,0.0,0.0,0.0,1.0,0.0,0.0
8,10,0.0,0.0,0.0,0.0,0.0,0.0,0.0,0.0,0.0,0.0,1.0,0.0,0.0
8,10,0.0,0.0,0.0,0.0,0.0,0.0,0.0,0.0,0.0,0.0,1.0,0.0,0.0
8,10,0.0,0.0,0.0,0.0,0.0,0.0,0.0,0.0,0.0,0.0,1.0,0.0,0.0
8,10,0.0,0.0,0.0,0.0,0.0,0.0,0.0,0.0,0.0,0.0,1.0,0.0,0.0
8,10,0.0,0.0,0.0,0.0,0.0,0.0,0.0,0.0,0.0,0.0,1.0,0.0,0.0
8,10,0.0,0.0,0.0,0.0,0.0,0.0,0.0,0.0,0.0,0.0,1.0,0.0,0.0
8,10,0.0,0.0,0.0,0.0,0.0,0.0,0.0,0.0,0.0,0.0,1.0,0.0,0.0
8,10,0.0,0.0,0.0,0.0,0.0,0.0,0.0,0.0,0.0,0.0,1.0,0.0,0.0
8,10,0.0,0.0,0.0,0.0,0.0,0.0,0.0,0.0,0.0,0.0,1.0,0.0,0.0
8,10,0.0,0.0,0.0,0.0,0.0,0.0,0.0,0.0,0.0,0.0,1.0,0.0,0.0
8,10,0.0,0.0,0.0,0.0,0.0,0.0,0.0,0.0,0.0,0.0,1.0,0.0,0.0
8,10,0.0,0.0,0.0,0.0,0.0,0.0,0.0,0.0,0.0,0.0,1.0,0.0,0.0
8,10,0.0,0.0,0.0,0.0,0.0,0.0,0.0,0.0,0.0,0.0,1.0,0.0,0.0
8,10,0.0,0.0,0.0,0.0,0.0,0.0,0.0,0.0,0.0,0.0,1.0,0.0,0.0
8,10,0.0,0.0,0.0,0.0,0.0,0.0,0.0,0.0,0.0,0.0,1.0,0.0,0.0
8,10,0.0,0.0,0.0,0.0,0.0,0.0,0.0,0.0,0.0,0.0,1.0,0.0,0.0
8,10,0.0,0.0,0.0,0.0,0.0,0.0,0.0,0.0,0.0,0.0,1.0,0.0,0.0
8,10,0.0,0.0,0.0,0.0,0.0,0.0,0.0,0.0,0.0,0.0,1.0,0.0,0.0
8,10,0.0,0.0,0.0,0.0,0.0,0.0,0.0,0.0,0.0,0.0,1.0,0.0,0.0
8,10,0.0,0.0,0.0,0.0,0.0,0.0,0.0,0.0,0.0,0.0,1.0,0.0,0.0
8,10,0.0,0.0,0.0,0.0,0.0,0.0,0.0,0.0,0.0,0.0,1.0,0.0,0.0
8,10,0.0,0.0,0.0,0.0,0.0,0.0,0.0,0.0,0.0,0.0,1.0,0.0,0.0
8,10,0.0,0.0,0.0,0.0,0.0,0.0,0.0,0.0,0.0,0.0,1.0,0.0,0.0
8,10,0.0,0.0,0.0,0.0,0.0,0.0,0.0,0.0,0.0,0.0,1.0,0.0,0.0
8,10,0.0,0.0,0.0,0.0,0.0,0.0,0.0,0.0,0.0,0.0,1.0,0.0,0.0
8,10,0.0,0.0,0.0,0.0,0.0,0.0,0.0,0.0,0.0,0.0,1.0,0.0,0.0
8,10,0.0,0.0,0.0,0.0,0.0,0.0,0.0,0.0,0.0,0.0,1.0,0.0,0.0
8,10,0.0,0.0,0.0,0.0,0.0,0.0,0.0,0.0,0.0,0.0,1.0,0.0,0.0
8,10,0.0,0.0,0.0,0.0,0.0,0.0,0.0,0.0,0.0,0.0,1.0,0.0,0.0
8,10,0.0,0.0,0.0,0.0,0.0,0.0,0.0,0.0,0.0,0.0,1.0,0.0,0.0
8,10,0.0,0.0,0.0,0.0,0.0,0.0,0.0,0.0,0.0,0.0,1.0,0.0,0.0
8,10,0.0,0.0,0.0,0.0,0.0,0.0,0.0,0.0,0.0,0.0,1.0,0.0,0.0
8,10,0.0,0.0,0.0,0.0,0.0,0.0,0.0,0.0,0.0,0.0,1.0,0.0,0.0
8,10,0.0,0.0,0.0,0.0,0.0,0.0,0.0,0.0,0.0,0.0,1.0,0.0,0.0
8,10,0.0,0.0,0.0,0.0,0.0,0.0,0.0,0.0,0.0,0.0,1.0,0.0,0.0
8,10,0.0,0.0,0.0,0.0,0.0,0.0,0.0,0.0,0.0,0.0,1.0,0.0,0.0
8,10,0.0,0.0,0.0,0.0,0.0,0.0,0.0,0.0,0.0,0.0,1.0,0.0,0.0
8,10,0.0,0.0,0.0,0.0,0.0,0.0,0.0,0.0,0.0,0.0,1.0,0.0,0.0
8,10,0.0,0.0,0.0,0.0,0.0,0.0,0.0,0.0,0.0,0.0,1.0,0.0,0.0
8,10,0.0,0.0,0.0,0.0,0.0,0.0,0.0,0.0,0.0,0.0,1.0,0.0,0.0
8,10,0.0,0.0,0.0,0.0,0.0,0.0,0.0,0.0,0.0,0.0,1.0,0.0,0.0
8,10,0.0,0.0,0.0,0.0,0.0,0.0,0.0,0.0,0.0,0.0,1.0,0.0,0.0
8,10,0.0,0.0,0.0,0.0,0.0,0.0,0.0,0.0,0.0,0.0,1.0,0.0,0.0
8,10,0.0,0.0,0.0,0.0,0.0,0.0,0.0,0.0,0.0,0.0,1.0,0.0,0.0
8,10,0.0,0.0,0.0,0.0,0.0,0.0,0.0,0.0,0.0,0.0,1.0,0.0,0.0
8,10,0.0,0.0,0.0,0.0,0.0,0.0,0.0,0.0,0.0,0.0,1.0,0.0,0.0
8,10,0.0,0.0,0.0,0.0,0.0,0.0,0.0,0.0,0.0,0.0,1.0,0.0,0.0
8,10,0.0,0.0,0.0,0.0,0.0,0.0,0.0,0.0,0.0,0.0,1.0,0.0,0.0
8,10,0.0,0.0,0.0,0.0,0.0,0.0,0.0,0.0,0.0,0.0,1.0,0.0,0.0
8,10,0.0,0.0,0.0,0.0,0.0,0.0,0.0,0.0,0.0,0.0,1.0,0.0,0.0
8,10,0.0,0.0,0.0,0.0,0.0,0.0,0.0,0.0,0.0,0.0,1.0,0.0,0.0
8,10,0.0,0.0,0.0,0.0,0.0,0.0,0.0,0.0,0.0,0.0,1.0,0.0,0.0
8,10,0.0,0.0,0.0,0.0,0.0,0.0,0.0,0.0,0.0,0.0,1.0,0.0,0.0
8,10,0.0,0.0,0.0,0.0,0.0,0.0,0.0,0.0,0.0,0.0,1.0,0.0,0.0
8,10,0.0,0.0,0.0,0.0,0.0,0.0,0.0,0.0,0.0,0.0,1.0,0.0,0.0
8,10,0.0,0.0,0.0,0.0,0.0,0.0,0.0,0.0,0.0,0.0,1.0,0.0,0.0
8,10,0.0,0.0,0.0,0.0,0.0,0.0,0.0,0.0,0.0,0.0,1.0,0.0,0.0
8,10,0.0,0.0,0.0,0.0,0.0,0.0,0.0,0.0,0.0,0.0,1.0,0.0,0.0
8,10,0.0,0.0,0.0,0.0,0.0,0.0,0.0,0.0,0.0,0.0,1.0,0.0,0.0
8,10,0.0,0.0,0.0,0.0,0.0,0.0,0.0,0.0,0.0,0.0,1.0,0.0,0.0
8,10,0.0,0.0,0.0,0.0,0.0,0.0,0.0,0.0,0.0,0.0,1.0,0.0,0.0
8,10,0.0,0.0,0.0,0.0,0.0,0.0,0.0,0.0,0.0,0.0,1.0,0.0,0.0
8,10,0.0,0.0,0.0,0.0,0.0,0.0,0.0,0.0,0.0,0.0,1.0,0.0,0.0
8,10,0.0,0.0,0.0,0.0,0.0,0.0,0.0,0.0,0.0,0.0,1.0,0.0,0.0
8,10,0.0,0.0,0.0,0.0,0.0,0.0,0.0,0.0,0.0,0.0,1.0,0.0,0.0
8,10,0.0,0.0,0.0,0.0,0.0,0.0,0.0,0.0,0.0,0.0,1.0,0.0,0.0
8,10,0.0,0.0,0.0,0.0,0.0,0.0,0.0,0.0,0.0,0.0,1.0,0.0,0.0
8,10,0.0,0.0,0.0,0.0,0.0,0.0,0.0,0.0,0.0,0.0,1.0,0.0,0.0
8,10,0.0,0.0,0.0,0.0,0.0,0.0,0.0,0.0,0.0,0.0,1.0,0.0,0.0
8,10,0.0,0.0,0.0,0.0,0.0,0.0,0.0,0.0,0.0,0.0,1.0,0.0,0.0
8,10,0.0,0.0,0.0,0.0,0.0,0.0,0.0,0.0,0.0,0.0,1.0,0.0,0.0
8,10,0.0,0.0,0.0,0.0,0.0,0.0,0.0,0.0,0.0,0.0,1.0,0.0,0.0
8,10,0.0,0.0,0.0,0.0,0.0,0.0,0.0,0.0,0.0,0.0,1.0,0.0,0.0
8,10,0.0,0.0,0.0,0.0,0.0,0.0,0.0,0.0,0.0,0.0,1.0,0.0,0.0
8,10,0.0,0.0,0.0,0.0,0.0,0.0,0.0,0.0,0.0,0.0,1.0,0.0,0.0
8,10,0.0,0.0,0.0,0.0,0.0,0.0,0.0,0.0,0.0,0.0,1.0,0.0,0.0
8,10,0.0,0.0,0.0,0.0,0.0,0.0,0.0,0.0,0.0,0.0,1.0,0.0,0.0
8,10,0.0,0.0,0.0,0.0,0.0,0.0,0.0,0.0,0.0,0.0,1.0,0.0,0.0
8,10,0.0,0.0,0.0,0.0,0.0,0.0,0.0,0.0,0.0,0.0,1.0,0.0,0.0
8,10,0.0,0.0,0.0,0.0,0.0,0.0,0.0,0.0,0.0,0.0,1.0,0.0,0.0
8,10,0.0,0.0,0.0,0.0,0.0,0.0,0.0,0.0,0.0,0.0,1.0,0.0,0.0
8,10,0.0,0.0,0.0,0.0,0.0,0.0,0.0,0.0,0.0,0.0,1.0,0.0,0.0
8,10,0.0,0.0,0.0,0.0,0.0,0.0,0.0,0.0,0.0,0.0,1.0,0.0,0.0
8,10,0.0,0.0,0.0,0.0,0.0,0.0,0.0,0.0,0.0,0.0,1.0,0.0,0.0
8,10,0.0,0.0,0.0,0.0,0.0,0.0,0.0,0.0,0.0,0.0,1.0,0.0,0.0
8,10,0.0,0.0,0.0,0.0,0.0,0.0,0.0,0.0,0.0,0.0,1.0,0.0,0.0
8,10,0.0,0.0,0.0,0.0,0.0,0.0,0.0,0.0,0.0,0.0,1.0,0.0,0.0
8,10,0.0,0.0,0.0,0.0,0.0,0.0,0.0,0.0,0.0,0.0,1.0,0.0,0.0
8,10,0.0,0.0,0.0,0.0,0.0,0.0,0.0,0.0,0.0,0.0,1.0,0.0,0.0
8,10,0.0,0.0,0.0,0.0,0.0,0.0,0.0,0.0,0.0,0.0,1.0,0.0,0.0
8,10,0.0,0.0,0.0,0.0,0.0,0.0,0.0,0.0,0.0,0.0,1.0,0.0,0.0
8,10,0.0,0.0,0.0,0.0,0.0,0.0,0.0,0.0,0.0,0.0,1.0,0.0,0.0
8,10,0.0,0.0,0.0,0.0,0.0,0.0,0.0,0.0,0.0,0.0,1.0,0.0,0.0
8,10,0.0,0.0,0.0,0.0,0.0,0.0,0.0,0.0,0.0,0.0,1.0,0.0,0.0
8,10,0.0,0.0,0.0,0.0,0.0,0.0,0.0,0.0,0.0,0.0,1.0,0.0,0.0
8,10,0.0,0.0,0.0,0.0,0.0,0.0,0.0,0.0,0.0,0.0,1.0,0.0,0.0
8,10,0.0,0.0,0.0,0.0,0.0,0.0,0.0,0.0,0.0,0.0,1.0,0.0,0.0
8,10,0.0,0.0,0.0,0.0,0.0,0.0,0.0,0.0,0.0,0.0,1.0,0.0,0.0
8,10,0.0,0.0,0.0,0.0,0.0,0.0,0.0,0.0,0.0,0.0,1.0,0.0,0.0
8,10,0.0,0.0,0.0,0.0,0.0,0.0,0.0,0.0,0.0,0.0,1.0,0.0,0.0
8,10,0.0,0.0,0.0,0.0,0.0,0.0,0.0,0.0,0.0,0.0,1.0,0.0,0.0
8,10,0.0,0.0,0.0,0.0,0.0,0.0,0.0,0.0,0.0,0.0,1.0,0.0,0.0
8,10,0.0,0.0,0.0,0.0,0.0,0.0,0.0,0.0,0.0,0.0,1.0,0.0,0.0
8,10,0.0,0.0,0.0,0.0,0.0,0.0,0.0,0.0,0.0,0.0,1.0,0.0,0.0
8,10,0.0,0.0,0.0,0.0,0.0,0.0,0.0,0.0,0.0,0.0,1.0,0.0,0.0
8,10,0.0,0.0,0.0,0.0,0.0,0.0,0.0,0.0,0.0,0.0,1.0,0.0,0.0
8,10,0.0,0.0,0.0,0.0,0.0,0.0,0.0,0.0,0.0,0.0,1.0,0.0,0.0
8,10,0.0,0.0,0.0,0.0,0.0,0.0,0.0,0.0,0.0,0.0,1.0,0.0,0.0
8,10,0.0,0.0,0.0,0.0,0.0,0.0,0.0,0.0,0.0,0.0,1.0,0.0,0.0
8,10,0.0,0.0,0.0,0.0,0.0,0.0,0.0,0.0,0.0,0.0,1.0,0.0,0.0
8,10,0.0,0.0,0.0,0.0,0.0,0.0,0.0,0.0,0.0,0.0,1.0,0.0,0.0
8,10,0.0,0.0,0.0,0.0,0.0,0.0,0.0,0.0,0.0,0.0,1.0,0.0,0.0
8,10,0.0,0.0,0.0,0.0,0.0,0.0,0.0,0.0,0.0,0.0,1.0,0.0,0.0
8,10,0.0,0.0,0.0,0.0,0.0,0.0,0.0,0.0,0.0,0.0,1.0,0.0,0.0
8,10,0.0,0.0,0.0,0.0,0.0,0.0,0.0,0.0,0.0,0.0,1.0,0.0,0.0
8,10,0.0,0.0,0.0,0.0,0.0,0.0,0.0,0.0,0.0,0.0,1.0,0.0,0.0
8,10,0.0,0.0,0.0,0.0,0.0,0.0,0.0,0.0,0.0,0.0,1.0,0.0,0.0
8,10,0.0,0.0,0.0,0.0,0.0,0.0,0.0,0.0,0.0,0.0,1.0,0.0,0.0
8,10,0.0,0.0,0.0,0.0,0.0,0.0,0.0,0.0,0.0,0.0,1.0,0.0,0.0
8,10,0.0,0.0,0.0,0.0,0.0,0.0,0.0,0.0,0.0,0.0,1.0,0.0,0.0
8,10,0.0,0.0,0.0,0.0,0.0,0.0,0.0,0.0,0.0,0.0,1.0,0.0,0.0
8,10,0.0,0.0,0.0,0.0,0.0,0.0,0.0,0.0,0.0,0.0,1.0,0.0,0.0
8,10,0.0,0.0,0.0,0.0,0.0,0.0,0.0,0.0,0.0,0.0,1.0,0.0,0.0
8,10,0.0,0.0,0.0,0.0,0.0,0.0,0.0,0.0,0.0,0.0,1.0,0.0,0.0
8,10,0.0,0.0,0.0,0.0,0.0,0.0,0.0,0.0,0.0,0.0,1.0,0.0,0.0
8,10,0.0,0.0,0.0,0.0,0.0,0.0,0.0,0.0,0.0,0.0,1.0,0.0,0.0
8,10,0.0,0.0,0.0,0.0,0.0,0.0,0.0,0.0,0.0,0.0,1.0,0.0,0.0
8,10,0.0,0.0,0.0,0.0,0.0,0.0,0.0,0.0,0.0,0.0,1.0,0.0,0.0
8,10,0.0,0.0,0.0,0.0,0.0,0.0,0.0,0.0,0.0,0.0,1.0,0.0,0.0
8,10,0.0,0.0,0.0,0.0,0.0,0.0,0.0,0.0,0.0,0.0,1.0,0.0,0.0
8,10,0.0,0.0,0.0,0.0,0.0,0.0,0.0,0.0,0.0,0.0,1.0,0.0,0.0
8,10,0.0,0.0,0.0,0.0,0.0,0.0,0.0,0.0,0.0,0.0,1.0,0.0,0.0
8,10,0.0,0.0,0.0,0.0,0.0,0.0,0.0,0.0,0.0,0.0,1.0,0.0,0.0
8,10,0.0,0.0,0.0,0.0,0.0,0.0,0.0,0.0,0.0,0.0,1.0,0.0,0.0
8,10,0.0,0.0,0.0,0.0,0.0,0.0,0.0,0.0,0.0,0.0,1.0,0.0,0.0
8,10,0.0,0.0,0.0,0.0,0.0,0.0,0.0,0.0,0.0,0.0,1.0,0.0,0.0
8,10,0.0,0.0,0.0,0.0,0.0,0.0,0.0,0.0,0.0,0.0,1.0,0.0,0.0
8,10,0.0,0.0,0.0,0.0,0.0,0.0,0.0,0.0,0.0,0.0,1.0,0.0,0.0
8,10,0.0,0.0,0.0,0.0,0.0,0.0,0.0,0.0,0.0,0.0,1.0,0.0,0.0
8,10,0.0,0.0,0.0,0.0,0.0,0.0,0.0,0.0,0.0,0.0,1.0,0.0,0.0
8,10,0.0,0.0,0.0,0.0,0.0,0.0,0.0,0.0,0.0,0.0,1.0,0.0,0.0
8,10,0.0,0.0,0.0,0.0,0.0,0.0,0.0,0.0,0.0,0.0,1.0,0.0,0.0
8,10,0.0,0.0,0.0,0.0,0.0,0.0,0.0,0.0,0.0,0.0,1.0,0.0,0.0
8,10,0.0,0.0,0.0,0.0,0.0,0.0,0.0,0.0,0.0,0.0,1.0,0.0,0.0
8,10,0.0,0.0,0.0,0.0,0.0,0.0,0.0,0.0,0.0,0.0,1.0,0.0,0.0
8,10,0.0,0.0,0.0,0.0,0.0,0.0,0.0,0.0,0.0,0.0,1.0,0.0,0.0
8,10,0.0,0.0,0.0,0.0,0.0,0.0,0.0,0.0,0.0,0.0,1.0,0.0,0.0
8,10,0.0,0.0,0.0,0.0,0.0,0.0,0.0,0.0,0.0,0.0,1.0,0.0,0.0
8,10,0.0,0.0,0.0,0.0,0.0,0.0,0.0,0.0,0.0,0.0,1.0,0.0,0.0
8,10,0.0,0.0,0.0,0.0,0.0,0.0,0.0,0.0,0.0,0.0,1.0,0.0,0.0
8,10,0.0,0.0,0.0,0.0,0.0,0.0,0.0,0.0,0.0,0.0,1.0,0.0,0.0
8,10,0.0,0.0,0.0,0.0,0.0,0.0,0.0,0.0,0.0,0.0,1.0,0.0,0.0
8,10,0.0,0.0,0.0,0.0,0.0,0.0,0.0,0.0,0.0,0.0,1.0,0.0,0.0
8,10,0.0,0.0,0.0,0.0,0.0,0.0,0.0,0.0,0.0,0.0,1.0,0.0,0.0
8,10,0.0,0.0,0.0,0.0,0.0,0.0,0.0,0.0,0.0,0.0,1.0,0.0,0.0
8,10,0.0,0.0,0.0,0.0,0.0,0.0,0.0,0.0,0.0,0.0,1.0,0.0,0.0
8,10,0.0,0.0,0.0,0.0,0.0,0.0,0.0,0.0,0.0,0.0,1.0,0.0,0.0
8,10,0.0,0.0,0.0,0.0,0.0,0.0,0.0,0.0,0.0,0.0,1.0,0.0,0.0
8,10,0.0,0.0,0.0,0.0,0.0,0.0,0.0,0.0,0.0,0.0,1.0,0.0,0.0
8,10,0.0,0.0,0.0,0.0,0.0,0.0,0.0,0.0,0.0,0.0,1.0,0.0,0.0
8,10,0.0,0.0,0.0,0.0,0.0,0.0,0.0,0.0,0.0,0.0,1.0,0.0,0.0
8,10,0.0,0.0,0.0,0.0,0.0,0.0,0.0,0.0,0.0,0.0,1.0,0.0,0.0
8,10,0.0,0.0,0.0,0.0,0.0,0.0,0.0,0.0,0.0,0.0,1.0,0.0,0.0
8,10,0.0,0.0,0.0,0.0,0.0,0.0,0.0,0.0,0.0,0.0,1.0,0.0,0.0
8,10,0.0,0.0,0.0,0.0,0.0,0.0,0.0,0.0,0.0,0.0,1.0,0.0,0.0
8,10,0.0,0.0,0.0,0.0,0.0,0.0,0.0,0.0,0.0,0.0,1.0,0.0,0.0
8,10,0.0,0.0,0.0,0.0,0.0,0.0,0.0,0.0,0.0,0.0,1.0,0.0,0.0
8,10,0.0,0.0,0.0,0.0,0.0,0.0,0.0,0.0,0.0,0.0,1.0,0.0,0.0
8,10,0.0,0.0,0.0,0.0,0.0,0.0,0.0,0.0,0.0,0.0,1.0,0.0,0.0
8,10,0.0,0.0,0.0,0.0,0.0,0.0,0.0,0.0,0.0,0.0,1.0,0.0,0.0
8,10,0.0,0.0,0.0,0.0,0.0,0.0,0.0,0.0,0.0,0.0,1.0,0.0,0.0
8,10,0.0,0.0,0.0,0.0,0.0,0.0,0.0,0.0,0.0,0.0,1.0,0.0,0.0
8,10,0.0,0.0,0.0,0.0,0.0,0.0,0.0,0.0,0.0,0.0,1.0,0.0,0.0
8,10,0.0,0.0,0.0,0.0,0.0,0.0,0.0,0.0,0.0,0.0,1.0,0.0,0.0
8,10,0.0,0.0,0.0,0.0,0.0,0.0,0.0,0.0,0.0,0.0,1.0,0.0,0.0
8,10,0.0,0.0,0.0,0.0,0.0,0.0,0.0,0.0,0.0,0.0,1.0,0.0,0.0
8,10,0.0,0.0,0.0,0.0,0.0,0.0,0.0,0.0,0.0,0.0,1.0,0.0,0.0
8,10,0.0,0.0,0.0,0.0,0.0,0.0,0.0,0.0,0.0,0.0,1.0,0.0,0.0
8,10,0.0,0.0,0.0,0.0,0.0,0.0,0.0,0.0,0.0,0.0,1.0,0.0,0.0
8,10,0.0,0.0,0.0,0.0,0.0,0.0,0.0,0.0,0.0,0.0,1.0,0.0,0.0
8,10,0.0,0.0,0.0,0.0,0.0,0.0,0.0,0.0,0.0,0.0,1.0,0.0,0.0
8,10,0.0,0.0,0.0,0.0,0.0,0.0,0.0,0.0,0.0,0.0,1.0,0.0,0.0
8,10,0.0,0.0,0.0,0.0,0.0,0.0,0.0,0.0,0.0,0.0,1.0,0.0,0.0
8,10,0.0,0.0,0.0,0.0,0.0,0.0,0.0,0.0,0.0,0.0,1.0,0.0,0.0
8,10,0.0,0.0,0.0,0.0,0.0,0.0,0.0,0.0,0.0,0.0,1.0,0.0,0.0
8,10,0.0,0.0,0.0,0.0,0.0,0.0,0.0,0.0,0.0,0.0,1.0,0.0,0.0
8,10,0.0,0.0,0.0,0.0,0.0,0.0,0.0,0.0,0.0,0.0,1.0,0.0,0.0
8,10,0.0,0.0,0.0,0.0,0.0,0.0,0.0,0.0,0.0,0.0,1.0,0.0,0.0
8,10,0.0,0.0,0.0,0.0,0.0,0.0,0.0,0.0,0.0,0.0,1.0,0.0,0.0
8,10,0.0,0.0,0.0,0.0,0.0,0.0,0.0,0.0,0.0,0.0,1.0,0.0,0.0
8,10,0.0,0.0,0.0,0.0,0.0,0.0,0.0,0.0,0.0,0.0,1.0,0.0,0.0
8,10,0.0,0.0,0.0,0.0,0.0,0.0,0.0,0.0,0.0,0.0,1.0,0.0,0.0
8,10,0.0,0.0,0.0,0.0,0.0,0.0,0.0,0.0,0.0,0.0,1.0,0.0,0.0
8,10,0.0,0.0,0.0,0.0,0.0,0.0,0.0,0.0,0.0,0.0,1.0,0.0,0.0
8,10,0.0,0.0,0.0,0.0,0.0,0.0,0.0,0.0,0.0,0.0,1.0,0.0,0.0
8,10,0.0,0.0,0.0,0.0,0.0,0.0,0.0,0.0,0.0,0.0,1.0,0.0,0.0
8,10,0.0,0.0,0.0,0.0,0.0,0.0,0.0,0.0,0.0,0.0,1.0,0.0,0.0
8,10,0.0,0.0,0.0,0.0,0.0,0.0,0.0,0.0,0.0,0.0,1.0,0.0,0.0
8,10,0.0,0.0,0.0,0.0,0.0,0.0,0.0,0.0,0.0,0.0,1.0,0.0,0.0
8,10,0.0,0.0,0.0,0.0,0.0,0.0,0.0,0.0,0.0,0.0,1.0,0.0,0.0
8,10,0.0,0.0,0.0,0.0,0.0,0.0,0.0,0.0,0.0,0.0,1.0,0.0,0.0
8,10,0.0,0.0,0.0,0.0,0.0,0.0,0.0,0.0,0.0,0.0,1.0,0.0,0.0
8,10,0.0,0.0,0.0,0.0,0.0,0.0,0.0,0.0,0.0,0.0,1.0,0.0,0.0
8,10,0.0,0.0,0.0,0.0,0.0,0.0,0.0,0.0,0.0,0.0,1.0,0.0,0.0
8,10,0.0,0.0,0.0,0.0,0.0,0.0,0.0,0.0,0.0,0.0,1.0,0.0,0.0
8,10,0.0,0.0,0.0,0.0,0.0,0.0,0.0,0.0,0.0,0.0,1.0,0.0,0.0
8,10,0.0,0.0,0.0,0.0,0.0,0.0,0.0,0.0,0.0,0.0,1.0,0.0,0.0
8,10,0.0,0.0,0.0,0.0,0.0,0.0,0.0,0.0,0.0,0.0,1.0,0.0,0.0
8,10,0.0,0.0,0.0,0.0,0.0,0.0,0.0,0.0,0.0,0.0,1.0,0.0,0.0
8,10,0.0,0.0,0.0,0.0,0.0,0.0,0.0,0.0,0.0,0.0,1.0,0.0,0.0
8,10,0.0,0.0,0.0,0.0,0.0,0.0,0.0,0.0,0.0,0.0,1.0,0.0,0.0
8,10,0.0,0.0,0.0,0.0,0.0,0.0,0.0,0.0,0.0,0.0,1.0,0.0,0.0
8,10,0.0,0.0,0.0,0.0,0.0,0.0,0.0,0.0,0.0,0.0,1.0,0.0,0.0
8,10,0.0,0.0,0.0,0.0,0.0,0.0,0.0,0.0,0.0,0.0,1.0,0.0,0.0
8,10,0.0,0.0,0.0,0.0,0.0,0.0,0.0,0.0,0.0,0.0,1.0,0.0,0.0
8,10,0.0,0.0,0.0,0.0,0.0,0.0,0.0,0.0,0.0,0.0,1.0,0.0,0.0
8,10,0.0,0.0,0.0,0.0,0.0,0.0,0.0,0.0,0.0,0.0,1.0,0.0,0.0
8,10,0.0,0.0,0.0,0.0,0.0,0.0,0.0,0.0,0.0,0.0,1.0,0.0,0.0
8,10,0.0,0.0,0.0,0.0,0.0,0.0,0.0,0.0,0.0,0.0,1.0,0.0,0.0
8,10,0.0,0.0,0.0,0.0,0.0,0.0,0.0,0.0,0.0,0.0,1.0,0.0,0.0
8,10,0.0,0.0,0.0,0.0,0.0,0.0,0.0,0.0,0.0,0.0,1.0,0.0,0.0
8,10,0.0,0.0,0.0,0.0,0.0,0.0,0.0,0.0,0.0,0.0,1.0,0.0,0.0
8,10,0.0,0.0,0.0,0.0,0.0,0.0,0.0,0.0,0.0,0.0,1.0,0.0,0.0
8,10,0.0,0.0,0.0,0.0,0.0,0.0,0.0,0.0,0.0,0.0,1.0,0.0,0.0
8,10,0.0,0.0,0.0,0.0,0.0,0.0,0.0,0.0,0.0,0.0,1.0,0.0,0.0
8,10,0.0,0.0,0.0,0.0,0.0,0.0,0.0,0.0,0.0,0.0,1.0,0.0,0.0
8,10,0.0,0.0,0.0,0.0,0.0,0.0,0.0,0.0,0.0,0.0,1.0,0.0,0.0
8,10,0.0,0.0,0.0,0.0,0.0,0.0,0.0,0.0,0.0,0.0,1.0,0.0,0.0
8,10,0.0,0.0,0.0,0.0,0.0,0.0,0.0,0.0,0.0,0.0,1.0,0.0,0.0
8,10,0.0,0.0,0.0,0.0,0.0,0.0,0.0,0.0,0.0,0.0,1.0,0.0,0.0
8,10,0.0,0.0,0.0,0.0,0.0,0.0,0.0,0.0,0.0,0.0,1.0,0.0,0.0
8,10,0.0,0.0,0.0,0.0,0.0,0.0,0.0,0.0,0.0,0.0,1.0,0.0,0.0
8,10,0.0,0.0,0.0,0.0,0.0,0.0,0.0,0.0,0.0,0.0,1.0,0.0,0.0
8,10,0.0,0.0,0.0,0.0,0.0,0.0,0.0,0.0,0.0,0.0,1.0,0.0,0.0
8,10,0.0,0.0,0.0,0.0,0.0,0.0,0.0,0.0,0.0,0.0,1.0,0.0,0.0
8,10,0.0,0.0,0.0,0.0,0.0,0.0,0.0,0.0,0.0,0.0,1.0,0.0,0.0
8,10,0.0,0.0,0.0,0.0,0.0,0.0,0.0,0.0,0.0,0.0,1.0,0.0,0.0
8,10,0.0,0.0,0.0,0.0,0.0,0.0,0.0,0.0,0.0,0.0,1.0,0.0,0.0
8,10,0.0,0.0,0.0,0.0,0.0,0.0,0.0,0.0,0.0,0.0,1.0,0.0,0.0
8,10,0.0,0.0,0.0,0.0,0.0,0.0,0.0,0.0,0.0,0.0,1.0,0.0,0.0
8,10,0.0,0.0,0.0,0.0,0.0,0.0,0.0,0.0,0.0,0.0,1.0,0.0,0.0
8,10,0.0,0.0,0.0,0.0,0.0,0.0,0.0,0.0,0.0,0.0,1.0,0.0,0.0
8,10,0.0,0.0,0.0,0.0,0.0,0.0,0.0,0.0,0.0,0.0,1.0,0.0,0.0
8,10,0.0,0.0,0.0,0.0,0.0,0.0,0.0,0.0,0.0,0.0,1.0,0.0,0.0
8,10,0.0,0.0,0.0,0.0,0.0,0.0,0.0,0.0,0.0,0.0,1.0,0.0,0.0
8,10,0.0,0.0,0.0,0.0,0.0,0.0,0.0,0.0,0.0,0.0,1.0,0.0,0.0
8,10,0.0,0.0,0.0,0.0,0.0,0.0,0.0,0.0,0.0,0.0,1.0,0.0,0.0
8,10,0.0,0.0,0.0,0.0,0.0,0.0,0.0,0.0,0.0,0.0,1.0,0.0,0.0
8,10,0.0,0.0,0.0,0.0,0.0,0.0,0.0,0.0,0.0,0.0,1.0,0.0,0.0
8,10,0.0,0.0,0.0,0.0,0.0,0.0,0.0,0.0,0.0,0.0,1.0,0.0,0.0
8,10,0.0,0.0,0.0,0.0,0.0,0.0,0.0,0.0,0.0,0.0,1.0,0.0,0.0
8,10,0.0,0.0,0.0,0.0,0.0,0.0,0.0,0.0,0.0,0.0,1.0,0.0,0.0
8,10,0.0,0.0,0.0,0.0,0.0,0.0,0.0,0.0,0.0,0.0,1.0,0.0,0.0
8,10,0.0,0.0,0.0,0.0,0.0,0.0,0.0,0.0,0.0,0.0,1.0,0.0,0.0
8,10,0.0,0.0,0.0,0.0,0.0,0.0,0.0,0.0,0.0,0.0,1.0,0.0,0.0
8,10,0.0,0.0,0.0,0.0,0.0,0.0,0.0,0.0,0.0,0.0,1.0,0.0,0.0
8,10,0.0,0.0,0.0,0.0,0.0,0.0,0.0,0.0,0.0,0.0,1.0,0.0,0.0
8,10,0.0,0.0,0.0,0.0,0.0,0.0,0.0,0.0,0.0,0.0,1.0,0.0,0.0
8,10,0.0,0.0,0.0,0.0,0.0,0.0,0.0,0.0,0.0,0.0,1.0,0.0,0.0
8,10,0.0,0.0,0.0,0.0,0.0,0.0,0.0,0.0,0.0,0.0,1.0,0.0,0.0
8,10,0.0,0.0,0.0,0.0,0.0,0.0,0.0,0.0,0.0,0.0,1.0,0.0,0.0
8,10,0.0,0.0,0.0,0.0,0.0,0.0,0.0,0.0,0.0,0.0,1.0,0.0,0.0
8,10,0.0,0.0,0.0,0.0,0.0,0.0,0.0,0.0,0.0,0.0,1.0,0.0,0.0
8,10,0.0,0.0,0.0,0.0,0.0,0.0,0.0,0.0,0.0,0.0,1.0,0.0,0.0
8,10,0.0,0.0,0.0,0.0,0.0,0.0,0.0,0.0,0.0,0.0,1.0,0.0,0.0
8,10,0.0,0.0,0.0,0.0,0.0,0.0,0.0,0.0,0.0,0.0,1.0,0.0,0.0
8,10,0.0,0.0,0.0,0.0,0.0,0.0,0.0,0.0,0.0,0.0,1.0,0.0,0.0
8,10,0.0,0.0,0.0,0.0,0.0,0.0,0.0,0.0,0.0,0.0,1.0,0.0,0.0
8,10,0.0,0.0,0.0,0.0,0.0,0.0,0.0,0.0,0.0,0.0,1.0,0.0,0.0
8,10,0.0,0.0,0.0,0.0,0.0,0.0,0.0,0.0,0.0,0.0,1.0,0.0,0.0
8,10,0.0,0.0,0.0,0.0,0.0,0.0,0.0,0.0,0.0,0.0,1.0,0.0,0.0
8,10,0.0,0.0,0.0,0.0,0.0,0.0,0.0,0.0,0.0,0.0,1.0,0.0,0.0
8,10,0.0,0.0,0.0,0.0,0.0,0.0,0.0,0.0,0.0,0.0,1.0,0.0,0.0
8,10,0.0,0.0,0.0,0.0,0.0,0.0,0.0,0.0,0.0,0.0,1.0,0.0,0.0
8,10,0.0,0.0,0.0,0.0,0.0,0.0,0.0,0.0,0.0,0.0,1.0,0.0,0.0
8,10,0.0,0.0,0.0,0.0,0.0,0.0,0.0,0.0,0.0,0.0,1.0,0.0,0.0
8,10,0.0,0.0,0.0,0.0,0.0,0.0,0.0,0.0,0.0,0.0,1.0,0.0,0.0
8,10,0.0,0.0,0.0,0.0,0.0,0.0,0.0,0.0,0.0,0.0,1.0,0.0,0.0
8,10,0.0,0.0,0.0,0.0,0.0,0.0,0.0,0.0,0.0,0.0,1.0,0.0,0.0
8,10,0.0,0.0,0.0,0.0,0.0,0.0,0.0,0.0,0.0,0.0,1.0,0.0,0.0
8,10,0.0,0.0,0.0,0.0,0.0,0.0,0.0,0.0,0.0,0.0,1.0,0.0,0.0
8,10,0.0,0.0,0.0,0.0,0.0,0.0,0.0,0.0,0.0,0.0,1.0,0.0,0.0
8,10,0.0,0.0,0.0,0.0,0.0,0.0,0.0,0.0,0.0,0.0,1.0,0.0,0.0
8,10,0.0,0.0,0.0,0.0,0.0,0.0,0.0,0.0,0.0,0.0,1.0,0.0,0.0
8,10,0.0,0.0,0.0,0.0,0.0,0.0,0.0,0.0,0.0,0.0,1.0,0.0,0.0
8,10,0.0,0.0,0.0,0.0,0.0,0.0,0.0,0.0,0.0,0.0,1.0,0.0,0.0
8,10,0.0,0.0,0.0,0.0,0.0,0.0,0.0,0.0,0.0,0.0,1.0,0.0,0.0
8,10,0.0,0.0,0.0,0.0,0.0,0.0,0.0,0.0,0.0,0.0,1.0,0.0,0.0
8,10,0.0,0.0,0.0,0.0,0.0,0.0,0.0,0.0,0.0,0.0,1.0,0.0,0.0
8,10,0.0,0.0,0.0,0.0,0.0,0.0,0.0,0.0,0.0,0.0,1.0,0.0,0.0
8,10,0.0,0.0,0.0,0.0,0.0,0.0,0.0,0.0,0.0,0.0,1.0,0.0,0.0
8,10,0.0,0.0,0.0,0.0,0.0,0.0,0.0,0.0,0.0,0.0,1.0,0.0,0.0
8,10,0.0,0.0,0.0,0.0,0.0,0.0,0.0,0.0,0.0,0.0,1.0,0.0,0.0
8,10,0.0,0.0,0.0,0.0,0.0,0.0,0.0,0.0,0.0,0.0,1.0,0.0,0.0
8,10,0.0,0.0,0.0,0.0,0.0,0.0,0.0,0.0,0.0,0.0,1.0,0.0,0.0
8,10,0.0,0.0,0.0,0.0,0.0,0.0,0.0,0.0,0.0,0.0,1.0,0.0,0.0
8,10,0.0,0.0,0.0,0.0,0.0,0.0,0.0,0.0,0.0,0.0,1.0,0.0,0.0
8,10,0.0,0.0,0.0,0.0,0.0,0.0,0.0,0.0,0.0,0.0,1.0,0.0,0.0
8,10,0.0,0.0,0.0,0.0,0.0,0.0,0.0,0.0,0.0,0.0,1.0,0.0,0.0
8,10,0.0,0.0,0.0,0.0,0.0,0.0,0.0,0.0,0.0,0.0,1.0,0.0,0.0
8,10,0.0,0.0,0.0,0.0,0.0,0.0,0.0,0.0,0.0,0.0,1.0,0.0,0.0
8,10,0.0,0.0,0.0,0.0,0.0,0.0,0.0,0.0,0.0,0.0,1.0,0.0,0.0
8,10,0.0,0.0,0.0,0.0,0.0,0.0,0.0,0.0,0.0,0.0,1.0,0.0,0.0
8,10,0.0,0.0,0.0,0.0,0.0,0.0,0.0,0.0,0.0,0.0,1.0,0.0,0.0
8,10,0.0,0.0,0.0,0.0,0.0,0.0,0.0,0.0,0.0,0.0,1.0,0.0,0.0
8,10,0.0,0.0,0.0,0.0,0.0,0.0,0.0,0.0,0.0,0.0,1.0,0.0,0.0
8,10,0.0,0.0,0.0,0.0,0.0,0.0,0.0,0.0,0.0,0.0,1.0,0.0,0.0
8,10,0.0,0.0,0.0,0.0,0.0,0.0,0.0,0.0,0.0,0.0,1.0,0.0,0.0
8,10,0.0,0.0,0.0,0.0,0.0,0.0,0.0,0.0,0.0,0.0,1.0,0.0,0.0
8,10,0.0,0.0,0.0,0.0,0.0,0.0,0.0,0.0,0.0,0.0,1.0,0.0,0.0
8,10,0.0,0.0,0.0,0.0,0.0,0.0,0.0,0.0,0.0,0.0,1.0,0.0,0.0
8,10,0.0,0.0,0.0,0.0,0.0,0.0,0.0,0.0,0.0,0.0,1.0,0.0,0.0
8,10,0.0,0.0,0.0,0.0,0.0,0.0,0.0,0.0,0.0,0.0,1.0,0.0,0.0
8,10,0.0,0.0,0.0,0.0,0.0,0.0,0.0,0.0,0.0,0.0,1.0,0.0,0.0
8,10,0.0,0.0,0.0,0.0,0.0,0.0,0.0,0.0,0.0,0.0,1.0,0.0,0.0
8,10,0.0,0.0,0.0,0.0,0.0,0.0,0.0,0.0,0.0,0.0,1.0,0.0,0.0
8,10,0.0,0.0,0.0,0.0,0.0,0.0,0.0,0.0,0.0,0.0,1.0,0.0,0.0
8,10,0.0,0.0,0.0,0.0,0.0,0.0,0.0,0.0,0.0,0.0,1.0,0.0,0.0
8,10,0.0,0.0,0.0,0.0,0.0,0.0,0.0,0.0,0.0,0.0,1.0,0.0,0.0
8,10,0.0,0.0,0.0,0.0,0.0,0.0,0.0,0.0,0.0,0.0,1.0,0.0,0.0
8,10,0.0,0.0,0.0,0.0,0.0,0.0,0.0,0.0,0.0,0.0,1.0,0.0,0.0
8,10,0.0,0.0,0.0,0.0,0.0,0.0,0.0,0.0,0.0,0.0,1.0,0.0,0.0
8,10,0.0,0.0,0.0,0.0,0.0,0.0,0.0,0.0,0.0,0.0,1.0,0.0,0.0
8,10,0.0,0.0,0.0,0.0,0.0,0.0,0.0,0.0,0.0,0.0,1.0,0.0,0.0
8,10,0.0,0.0,0.0,0.0,0.0,0.0,0.0,0.0,0.0,0.0,1.0,0.0,0.0
8,10,0.0,0.0,0.0,0.0,0.0,0.0,0.0,0.0,0.0,0.0,1.0,0.0,0.0
8,10,0.0,0.0,0.0,0.0,0.0,0.0,0.0,0.0,0.0,0.0,1.0,0.0,0.0
8,10,0.0,0.0,0.0,0.0,0.0,0.0,0.0,0.0,0.0,0.0,1.0,0.0,0.0
8,10,0.0,0.0,0.0,0.0,0.0,0.0,0.0,0.0,0.0,0.0,1.0,0.0,0.0
8,10,0.0,0.0,0.0,0.0,0.0,0.0,0.0,0.0,0.0,0.0,1.0,0.0,0.0
8,10,0.0,0.0,0.0,0.0,0.0,0.0,0.0,0.0,0.0,0.0,1.0,0.0,0.0
8,10,0.0,0.0,0.0,0.0,0.0,0.0,0.0,0.0,0.0,0.0,1.0,0.0,0.0
8,10,0.0,0.0,0.0,0.0,0.0,0.0,0.0,0.0,0.0,0.0,1.0,0.0,0.0
8,10,0.0,0.0,0.0,0.0,0.0,0.0,0.0,0.0,0.0,0.0,1.0,0.0,0.0
8,10,0.0,0.0,0.0,0.0,0.0,0.0,0.0,0.0,0.0,0.0,1.0,0.0,0.0
8,10,0.0,0.0,0.0,0.0,0.0,0.0,0.0,0.0,0.0,0.0,1.0,0.0,0.0
8,10,0.0,0.0,0.0,0.0,0.0,0.0,0.0,0.0,0.0,0.0,1.0,0.0,0.0
8,10,0.0,0.0,0.0,0.0,0.0,0.0,0.0,0.0,0.0,0.0,1.0,0.0,0.0
8,10,0.0,0.0,0.0,0.0,0.0,0.0,0.0,0.0,0.0,0.0,1.0,0.0,0.0
8,10,0.0,0.0,0.0,0.0,0.0,0.0,0.0,0.0,0.0,0.0,1.0,0.0,0.0
8,10,0.0,0.0,0.0,0.0,0.0,0.0,0.0,0.0,0.0,0.0,1.0,0.0,0.0
8,10,0.0,0.0,0.0,0.0,0.0,0.0,0.0,0.0,0.0,0.0,1.0,0.0,0.0
8,10,0.0,0.0,0.0,0.0,0.0,0.0,0.0,0.0,0.0,0.0,1.0,0.0,0.0
8,10,0.0,0.0,0.0,0.0,0.0,0.0,0.0,0.0,0.0,0.0,1.0,0.0,0.0
8,10,0.0,0.0,0.0,0.0,0.0,0.0,0.0,0.0,0.0,0.0,1.0,0.0,0.0
8,10,0.0,0.0,0.0,0.0,0.0,0.0,0.0,0.0,0.0,0.0,1.0,0.0,0.0
8,10,0.0,0.0,0.0,0.0,0.0,0.0,0.0,0.0,0.0,0.0,1.0,0.0,0.0
8,10,0.0,0.0,0.0,0.0,0.0,0.0,0.0,0.0,0.0,0.0,1.0,0.0,0.0
8,10,0.0,0.0,0.0,0.0,0.0,0.0,0.0,0.0,0.0,0.0,1.0,0.0,0.0
8,10,0.0,0.0,0.0,0.0,0.0,0.0,0.0,0.0,0.0,0.0,1.0,0.0,0.0
8,10,0.0,0.0,0.0,0.0,0.0,0.0,0.0,0.0,0.0,0.0,1.0,0.0,0.0
8,10,0.0,0.0,0.0,0.0,0.0,0.0,0.0,0.0,0.0,0.0,1.0,0.0,0.0
8,10,0.0,0.0,0.0,0.0,0.0,0.0,0.0,0.0,0.0,0.0,1.0,0.0,0.0
8,10,0.0,0.0,0.0,0.0,0.0,0.0,0.0,0.0,0.0,0.0,1.0,0.0,0.0
8,10,0.0,0.0,0.0,0.0,0.0,0.0,0.0,0.0,0.0,0.0,1.0,0.0,0.0
8,10,0.0,0.0,0.0,0.0,0.0,0.0,0.0,0.0,0.0,0.0,1.0,0.0,0.0
8,10,0.0,0.0,0.0,0.0,0.0,0.0,0.0,0.0,0.0,0.0,1.0,0.0,0.0
8,10,0.0,0.0,0.0,0.0,0.0,0.0,0.0,0.0,0.0,0.0,1.0,0.0,0.0
8,10,0.0,0.0,0.0,0.0,0.0,0.0,0.0,0.0,0.0,0.0,1.0,0.0,0.0
8,10,0.0,0.0,0.0,0.0,0.0,0.0,0.0,0.0,0.0,0.0,1.0,0.0,0.0
8,10,0.0,0.0,0.0,0.0,0.0,0.0,0.0,0.0,0.0,0.0,1.0,0.0,0.0
8,10,0.0,0.0,0.0,0.0,0.0,0.0,0.0,0.0,0.0,0.0,1.0,0.0,0.0
8,10,0.0,0.0,0.0,0.0,0.0,0.0,0.0,0.0,0.0,0.0,1.0,0.0,0.0
8,10,0.0,0.0,0.0,0.0,0.0,0.0,0.0,0.0,0.0,0.0,1.0,0.0,0.0
8,10,0.0,0.0,0.0,0.0,0.0,0.0,0.0,0.0,0.0,0.0,1.0,0.0,0.0
8,10,0.0,0.0,0.0,0.0,0.0,0.0,0.0,0.0,0.0,0.0,1.0,0.0,0.0
8,10,0.0,0.0,0.0,0.0,0.0,0.0,0.0,0.0,0.0,0.0,1.0,0.0,0.0
8,10,0.0,0.0,0.0,0.0,0.0,0.0,0.0,0.0,0.0,0.0,1.0,0.0,0.0
8,10,0.0,0.0,0.0,0.0,0.0,0.0,0.0,0.0,0.0,0.0,1.0,0.0,0.0
8,10,0.0,0.0,0.0,0.0,0.0,0.0,0.0,0.0,0.0,0.0,1.0,0.0,0.0
8,10,0.0,0.0,0.0,0.0,0.0,0.0,0.0,0.0,0.0,0.0,1.0,0.0,0.0
8,10,0.0,0.0,0.0,0.0,0.0,0.0,0.0,0.0,0.0,0.0,1.0,0.0,0.0
8,10,0.0,0.0,0.0,0.0,0.0,0.0,0.0,0.0,0.0,0.0,1.0,0.0,0.0
8,10,0.0,0.0,0.0,0.0,0.0,0.0,0.0,0.0,0.0,0.0,1.0,0.0,0.0
8,10,0.0,0.0,0.0,0.0,0.0,0.0,0.0,0.0,0.0,0.0,1.0,0.0,0.0
8,10,0.0,0.0,0.0,0.0,0.0,0.0,0.0,0.0,0.0,0.0,1.0,0.0,0.0
8,10,0.0,0.0,0.0,0.0,0.0,0.0,0.0,0.0,0.0,0.0,1.0,0.0,0.0
8,10,0.0,0.0,0.0,0.0,0.0,0.0,0.0,0.0,0.0,0.0,1.0,0.0,0.0
8,10,0.0,0.0,0.0,0.0,0.0,0.0,0.0,0.0,0.0,0.0,1.0,0.0,0.0
8,10,0.0,0.0,0.0,0.0,0.0,0.0,0.0,0.0,0.0,0.0,1.0,0.0,0.0
8,10,0.0,0.0,0.0,0.0,0.0,0.0,0.0,0.0,0.0,0.0,1.0,0.0,0.0
8,10,0.0,0.0,0.0,0.0,0.0,0.0,0.0,0.0,0.0,0.0,1.0,0.0,0.0
8,10,0.0,0.0,0.0,0.0,0.0,0.0,0.0,0.0,0.0,0.0,1.0,0.0,0.0
8,10,0.0,0.0,0.0,0.0,0.0,0.0,0.0,0.0,0.0,0.0,1.0,0.0,0.0
8,10,0.0,0.0,0.0,0.0,0.0,0.0,0.0,0.0,0.0,0.0,1.0,0.0,0.0
8,10,0.0,0.0,0.0,0.0,0.0,0.0,0.0,0.0,0.0,0.0,1.0,0.0,0.0
8,10,0.0,0.0,0.0,0.0,0.0,0.0,0.0,0.0,0.0,0.0,1.0,0.0,0.0
8,10,0.0,0.0,0.0,0.0,0.0,0.0,0.0,0.0,0.0,0.0,1.0,0.0,0.0
8,10,0.0,0.0,0.0,0.0,0.0,0.0,0.0,0.0,0.0,0.0,1.0,0.0,0.0
8,10,0.0,0.0,0.0,0.0,0.0,0.0,0.0,0.0,0.0,0.0,1.0,0.0,0.0
8,10,0.0,0.0,0.0,0.0,0.0,0.0,0.0,0.0,0.0,0.0,1.0,0.0,0.0
8,10,0.0,0.0,0.0,0.0,0.0,0.0,0.0,0.0,0.0,0.0,1.0,0.0,0.0
8,10,0.0,0.0,0.0,0.0,0.0,0.0,0.0,0.0,0.0,0.0,1.0,0.0,0.0
8,10,0.0,0.0,0.0,0.0,0.0,0.0,0.0,0.0,0.0,0.0,1.0,0.0,0.0
8,10,0.0,0.0,0.0,0.0,0.0,0.0,0.0,0.0,0.0,0.0,1.0,0.0,0.0
8,10,0.0,0.0,0.0,0.0,0.0,0.0,0.0,0.0,0.0,0.0,1.0,0.0,0.0
8,10,0.0,0.0,0.0,0.0,0.0,0.0,0.0,0.0,0.0,0.0,1.0,0.0,0.0
8,10,0.0,0.0,0.0,0.0,0.0,0.0,0.0,0.0,0.0,0.0,1.0,0.0,0.0
8,10,0.0,0.0,0.0,0.0,0.0,0.0,0.0,0.0,0.0,0.0,1.0,0.0,0.0
8,10,0.0,0.0,0.0,0.0,0.0,0.0,0.0,0.0,0.0,0.0,1.0,0.0,0.0
8,10,0.0,0.0,0.0,0.0,0.0,0.0,0.0,0.0,0.0,0.0,1.0,0.0,0.0
8,10,0.0,0.0,0.0,0.0,0.0,0.0,0.0,0.0,0.0,0.0,1.0,0.0,0.0
8,10,0.0,0.0,0.0,0.0,0.0,0.0,0.0,0.0,0.0,0.0,1.0,0.0,0.0
8,10,0.0,0.0,0.0,0.0,0.0,0.0,0.0,0.0,0.0,0.0,1.0,0.0,0.0
8,10,0.0,0.0,0.0,0.0,0.0,0.0,0.0,0.0,0.0,0.0,1.0,0.0,0.0
8,10,0.0,0.0,0.0,0.0,0.0,0.0,0.0,0.0,0.0,0.0,1.0,0.0,0.0
8,10,0.0,0.0,0.0,0.0,0.0,0.0,0.0,0.0,0.0,0.0,1.0,0.0,0.0
8,10,0.0,0.0,0.0,0.0,0.0,0.0,0.0,0.0,0.0,0.0,1.0,0.0,0.0
8,10,0.0,0.0,0.0,0.0,0.0,0.0,0.0,0.0,0.0,0.0,1.0,0.0,0.0
8,10,0.0,0.0,0.0,0.0,0.0,0.0,0.0,0.0,0.0,0.0,1.0,0.0,0.0
8,10,0.0,0.0,0.0,0.0,0.0,0.0,0.0,0.0,0.0,0.0,1.0,0.0,0.0
8,10,0.0,0.0,0.0,0.0,0.0,0.0,0.0,0.0,0.0,0.0,1.0,0.0,0.0
8,10,0.0,0.0,0.0,0.0,0.0,0.0,0.0,0.0,0.0,0.0,1.0,0.0,0.0
8,10,0.0,0.0,0.0,0.0,0.0,0.0,0.0,0.0,0.0,0.0,1.0,0.0,0.0
8,10,0.0,0.0,0.0,0.0,0.0,0.0,0.0,0.0,0.0,0.0,1.0,0.0,0.0
8,10,0.0,0.0,0.0,0.0,0.0,0.0,0.0,0.0,0.0,0.0,1.0,0.0,0.0
8,10,0.0,0.0,0.0,0.0,0.0,0.0,0.0,0.0,0.0,0.0,1.0,0.0,0.0
8,10,0.0,0.0,0.0,0.0,0.0,0.0,0.0,0.0,0.0,0.0,1.0,0.0,0.0
8,10,0.0,0.0,0.0,0.0,0.0,0.0,0.0,0.0,0.0,0.0,1.0,0.0,0.0
8,10,0.0,0.0,0.0,0.0,0.0,0.0,0.0,0.0,0.0,0.0,1.0,0.0,0.0
8,10,0.0,0.0,0.0,0.0,0.0,0.0,0.0,0.0,0.0,0.0,1.0,0.0,0.0
8,10,0.0,0.0,0.0,0.0,0.0,0.0,0.0,0.0,0.0,0.0,1.0,0.0,0.0
8,10,0.0,0.0,0.0,0.0,0.0,0.0,0.0,0.0,0.0,0.0,1.0,0.0,0.0
8,10,0.0,0.0,0.0,0.0,0.0,0.0,0.0,0.0,0.0,0.0,1.0,0.0,0.0
8,10,0.0,0.0,0.0,0.0,0.0,0.0,0.0,0.0,0.0,0.0,1.0,0.0,0.0
8,10,0.0,0.0,0.0,0.0,0.0,0.0,0.0,0.0,0.0,0.0,1.0,0.0,0.0
8,10,0.0,0.0,0.0,0.0,0.0,0.0,0.0,0.0,0.0,0.0,1.0,0.0,0.0
8,10,0.0,0.0,0.0,0.0,0.0,0.0,0.0,0.0,0.0,0.0,1.0,0.0,0.0
8,10,0.0,0.0,0.0,0.0,0.0,0.0,0.0,0.0,0.0,0.0,1.0,0.0,0.0
8,10,0.0,0.0,0.0,0.0,0.0,0.0,0.0,0.0,0.0,0.0,1.0,0.0,0.0
8,10,0.0,0.0,0.0,0.0,0.0,0.0,0.0,0.0,0.0,0.0,1.0,0.0,0.0
8,10,0.0,0.0,0.0,0.0,0.0,0.0,0.0,0.0,0.0,0.0,1.0,0.0,0.0
8,10,0.0,0.0,0.0,0.0,0.0,0.0,0.0,0.0,0.0,0.0,1.0,0.0,0.0
8,10,0.0,0.0,0.0,0.0,0.0,0.0,0.0,0.0,0.0,0.0,1.0,0.0,0.0
8,10,0.0,0.0,0.0,0.0,0.0,0.0,0.0,0.0,0.0,0.0,1.0,0.0,0.0
8,10,0.0,0.0,0.0,0.0,0.0,0.0,0.0,0.0,0.0,0.0,1.0,0.0,0.0
8,10,0.0,0.0,0.0,0.0,0.0,0.0,0.0,0.0,0.0,0.0,1.0,0.0,0.0
8,10,0.0,0.0,0.0,0.0,0.0,0.0,0.0,0.0,0.0,0.0,1.0,0.0,0.0
8,10,0.0,0.0,0.0,0.0,0.0,0.0,0.0,0.0,0.0,0.0,1.0,0.0,0.0
8,10,0.0,0.0,0.0,0.0,0.0,0.0,0.0,0.0,0.0,0.0,1.0,0.0,0.0
8,10,0.0,0.0,0.0,0.0,0.0,0.0,0.0,0.0,0.0,0.0,1.0,0.0,0.0
8,10,0.0,0.0,0.0,0.0,0.0,0.0,0.0,0.0,0.0,0.0,1.0,0.0,0.0
8,10,0.0,0.0,0.0,0.0,0.0,0.0,0.0,0.0,0.0,0.0,1.0,0.0,0.0
8,10,0.0,0.0,0.0,0.0,0.0,0.0,0.0,0.0,0.0,0.0,1.0,0.0,0.0
8,10,0.0,0.0,0.0,0.0,0.0,0.0,0.0,0.0,0.0,0.0,1.0,0.0,0.0
8,10,0.0,0.0,0.0,0.0,0.0,0.0,0.0,0.0,0.0,0.0,1.0,0.0,0.0
8,10,0.0,0.0,0.0,0.0,0.0,0.0,0.0,0.0,0.0,0.0,1.0,0.0,0.0
8,10,0.0,0.0,0.0,0.0,0.0,0.0,0.0,0.0,0.0,0.0,1.0,0.0,0.0
8,10,0.0,0.0,0.0,0.0,0.0,0.0,0.0,0.0,0.0,0.0,1.0,0.0,0.0
8,10,0.0,0.0,0.0,0.0,0.0,0.0,0.0,0.0,0.0,0.0,1.0,0.0,0.0
8,10,0.0,0.0,0.0,0.0,0.0,0.0,0.0,0.0,0.0,0.0,1.0,0.0,0.0
8,10,0.0,0.0,0.0,0.0,0.0,0.0,0.0,0.0,0.0,0.0,1.0,0.0,0.0
8,10,0.0,0.0,0.0,0.0,0.0,0.0,0.0,0.0,0.0,0.0,1.0,0.0,0.0
8,10,0.0,0.0,0.0,0.0,0.0,0.0,0.0,0.0,0.0,0.0,1.0,0.0,0.0
8,10,0.0,0.0,0.0,0.0,0.0,0.0,0.0,0.0,0.0,0.0,1.0,0.0,0.0
8,10,0.0,0.0,0.0,0.0,0.0,0.0,0.0,0.0,0.0,0.0,1.0,0.0,0.0
8,10,0.0,0.0,0.0,0.0,0.0,0.0,0.0,0.0,0.0,0.0,1.0,0.0,0.0
8,10,0.0,0.0,0.0,0.0,0.0,0.0,0.0,0.0,0.0,0.0,1.0,0.0,0.0
8,10,0.0,0.0,0.0,0.0,0.0,0.0,0.0,0.0,0.0,0.0,1.0,0.0,0.0
8,10,0.0,0.0,0.0,0.0,0.0,0.0,0.0,0.0,0.0,0.0,1.0,0.0,0.0
8,10,0.0,0.0,0.0,0.0,0.0,0.0,0.0,0.0,0.0,0.0,1.0,0.0,0.0
8,10,0.0,0.0,0.0,0.0,0.0,0.0,0.0,0.0,0.0,0.0,1.0,0.0,0.0
8,10,0.0,0.0,0.0,0.0,0.0,0.0,0.0,0.0,0.0,0.0,1.0,0.0,0.0
8,10,0.0,0.0,0.0,0.0,0.0,0.0,0.0,0.0,0.0,0.0,1.0,0.0,0.0
8,10,0.0,0.0,0.0,0.0,0.0,0.0,0.0,0.0,0.0,0.0,1.0,0.0,0.0
8,10,0.0,0.0,0.0,0.0,0.0,0.0,0.0,0.0,0.0,0.0,1.0,0.0,0.0
8,10,0.0,0.0,0.0,0.0,0.0,0.0,0.0,0.0,0.0,0.0,1.0,0.0,0.0
8,10,0.0,0.0,0.0,0.0,0.0,0.0,0.0,0.0,0.0,0.0,1.0,0.0,0.0
8,10,0.0,0.0,0.0,0.0,0.0,0.0,0.0,0.0,0.0,0.0,1.0,0.0,0.0
8,10,0.0,0.0,0.0,0.0,0.0,0.0,0.0,0.0,0.0,0.0,1.0,0.0,0.0
8,10,0.0,0.0,0.0,0.0,0.0,0.0,0.0,0.0,0.0,0.0,1.0,0.0,0.0
8,10,0.0,0.0,0.0,0.0,0.0,0.0,0.0,0.0,0.0,0.0,1.0,0.0,0.0
8,10,0.0,0.0,0.0,0.0,0.0,0.0,0.0,0.0,0.0,0.0,1.0,0.0,0.0
8,10,0.0,0.0,0.0,0.0,0.0,0.0,0.0,0.0,0.0,0.0,1.0,0.0,0.0
8,10,0.0,0.0,0.0,0.0,0.0,0.0,0.0,0.0,0.0,0.0,1.0,0.0,0.0
8,10,0.0,0.0,0.0,0.0,0.0,0.0,0.0,0.0,0.0,0.0,1.0,0.0,0.0
8,10,0.0,0.0,0.0,0.0,0.0,0.0,0.0,0.0,0.0,0.0,1.0,0.0,0.0
8,10,0.0,0.0,0.0,0.0,0.0,0.0,0.0,0.0,0.0,0.0,1.0,0.0,0.0
8,10,0.0,0.0,0.0,0.0,0.0,0.0,0.0,0.0,0.0,0.0,1.0,0.0,0.0
8,10,0.0,0.0,0.0,0.0,0.0,0.0,0.0,0.0,0.0,0.0,1.0,0.0,0.0
8,10,0.0,0.0,0.0,0.0,0.0,0.0,0.0,0.0,0.0,0.0,1.0,0.0,0.0
8,10,0.0,0.0,0.0,0.0,0.0,0.0,0.0,0.0,0.0,0.0,1.0,0.0,0.0
8,10,0.0,0.0,0.0,0.0,0.0,0.0,0.0,0.0,0.0,0.0,1.0,0.0,0.0
8,10,0.0,0.0,0.0,0.0,0.0,0.0,0.0,0.0,0.0,0.0,1.0,0.0,0.0
8,10,0.0,0.0,0.0,0.0,0.0,0.0,0.0,0.0,0.0,0.0,1.0,0.0,0.0
8,10,0.0,0.0,0.0,0.0,0.0,0.0,0.0,0.0,0.0,0.0,1.0,0.0,0.0
8,10,0.0,0.0,0.0,0.0,0.0,0.0,0.0,0.0,0.0,0.0,1.0,0.0,0.0
8,10,0.0,0.0,0.0,0.0,0.0,0.0,0.0,0.0,0.0,0.0,1.0,0.0,0.0
8,10,0.0,0.0,0.0,0.0,0.0,0.0,0.0,0.0,0.0,0.0,1.0,0.0,0.0
8,10,0.0,0.0,0.0,0.0,0.0,0.0,0.0,0.0,0.0,0.0,1.0,0.0,0.0
8,10,0.0,0.0,0.0,0.0,0.0,0.0,0.0,0.0,0.0,0.0,1.0,0.0,0.0
8,10,0.0,0.0,0.0,0.0,0.0,0.0,0.0,0.0,0.0,0.0,1.0,0.0,0.0
8,10,0.0,0.0,0.0,0.0,0.0,0.0,0.0,0.0,0.0,0.0,1.0,0.0,0.0
8,10,0.0,0.0,0.0,0.0,0.0,0.0,0.0,0.0,0.0,0.0,1.0,0.0,0.0
8,10,0.0,0.0,0.0,0.0,0.0,0.0,0.0,0.0,0.0,0.0,1.0,0.0,0.0
8,10,0.0,0.0,0.0,0.0,0.0,0.0,0.0,0.0,0.0,0.0,1.0,0.0,0.0
8,10,0.0,0.0,0.0,0.0,0.0,0.0,0.0,0.0,0.0,0.0,1.0,0.0,0.0
8,10,0.0,0.0,0.0,0.0,0.0,0.0,0.0,0.0,0.0,0.0,1.0,0.0,0.0
8,10,0.0,0.0,0.0,0.0,0.0,0.0,0.0,0.0,0.0,0.0,1.0,0.0,0.0
8,10,0.0,0.0,0.0,0.0,0.0,0.0,0.0,0.0,0.0,0.0,1.0,0.0,0.0
8,10,0.0,0.0,0.0,0.0,0.0,0.0,0.0,0.0,0.0,0.0,1.0,0.0,0.0
8,10,0.0,0.0,0.0,0.0,0.0,0.0,0.0,0.0,0.0,0.0,1.0,0.0,0.0
8,10,0.0,0.0,0.0,0.0,0.0,0.0,0.0,0.0,0.0,0.0,1.0,0.0,0.0
8,10,0.0,0.0,0.0,0.0,0.0,0.0,0.0,0.0,0.0,0.0,1.0,0.0,0.0
8,10,0.0,0.0,0.0,0.0,0.0,0.0,0.0,0.0,0.0,0.0,1.0,0.0,0.0
8,10,0.0,0.0,0.0,0.0,0.0,0.0,0.0,0.0,0.0,0.0,1.0,0.0,0.0
8,10,0.0,0.0,0.0,0.0,0.0,0.0,0.0,0.0,0.0,0.0,1.0,0.0,0.0
8,10,0.0,0.0,0.0,0.0,0.0,0.0,0.0,0.0,0.0,0.0,1.0,0.0,0.0
8,10,0.0,0.0,0.0,0.0,0.0,0.0,0.0,0.0,0.0,0.0,1.0,0.0,0.0
8,10,0.0,0.0,0.0,0.0,0.0,0.0,0.0,0.0,0.0,0.0,1.0,0.0,0.0
8,10,0.0,0.0,0.0,0.0,0.0,0.0,0.0,0.0,0.0,0.0,1.0,0.0,0.0
8,10,0.0,0.0,0.0,0.0,0.0,0.0,0.0,0.0,0.0,0.0,1.0,0.0,0.0
8,10,0.0,0.0,0.0,0.0,0.0,0.0,0.0,0.0,0.0,0.0,1.0,0.0,0.0
8,10,0.0,0.0,0.0,0.0,0.0,0.0,0.0,0.0,0.0,0.0,1.0,0.0,0.0
8,10,0.0,0.0,0.0,0.0,0.0,0.0,0.0,0.0,0.0,0.0,1.0,0.0,0.0
8,10,0.0,0.0,0.0,0.0,0.0,0.0,0.0,0.0,0.0,0.0,1.0,0.0,0.0
8,10,0.0,0.0,0.0,0.0,0.0,0.0,0.0,0.0,0.0,0.0,1.0,0.0,0.0
8,10,0.0,0.0,0.0,0.0,0.0,0.0,0.0,0.0,0.0,0.0,1.0,0.0,0.0
8,10,0.0,0.0,0.0,0.0,0.0,0.0,0.0,0.0,0.0,0.0,1.0,0.0,0.0
8,10,0.0,0.0,0.0,0.0,0.0,0.0,0.0,0.0,0.0,0.0,1.0,0.0,0.0
8,10,0.0,0.0,0.0,0.0,0.0,0.0,0.0,0.0,0.0,0.0,1.0,0.0,0.0
8,10,0.0,0.0,0.0,0.0,0.0,0.0,0.0,0.0,0.0,0.0,1.0,0.0,0.0
8,10,0.0,0.0,0.0,0.0,0.0,0.0,0.0,0.0,0.0,0.0,1.0,0.0,0.0
8,10,0.0,0.0,0.0,0.0,0.0,0.0,0.0,0.0,0.0,0.0,1.0,0.0,0.0
8,10,0.0,0.0,0.0,0.0,0.0,0.0,0.0,0.0,0.0,0.0,1.0,0.0,0.0
8,10,0.0,0.0,0.0,0.0,0.0,0.0,0.0,0.0,0.0,0.0,1.0,0.0,0.0
8,10,0.0,0.0,0.0,0.0,0.0,0.0,0.0,0.0,0.0,0.0,1.0,0.0,0.0
8,10,0.0,0.0,0.0,0.0,0.0,0.0,0.0,0.0,0.0,0.0,1.0,0.0,0.0
8,10,0.0,0.0,0.0,0.0,0.0,0.0,0.0,0.0,0.0,0.0,1.0,0.0,0.0
8,10,0.0,0.0,0.0,0.0,0.0,0.0,0.0,0.0,0.0,0.0,1.0,0.0,0.0
8,10,0.0,0.0,0.0,0.0,0.0,0.0,0.0,0.0,0.0,0.0,1.0,0.0,0.0
8,10,0.0,0.0,0.0,0.0,0.0,0.0,0.0,0.0,0.0,0.0,1.0,0.0,0.0
8,10,0.0,0.0,0.0,0.0,0.0,0.0,0.0,0.0,0.0,0.0,1.0,0.0,0.0
8,10,0.0,0.0,0.0,0.0,0.0,0.0,0.0,0.0,0.0,0.0,1.0,0.0,0.0
8,10,0.0,0.0,0.0,0.0,0.0,0.0,0.0,0.0,0.0,0.0,1.0,0.0,0.0
8,10,0.0,0.0,0.0,0.0,0.0,0.0,0.0,0.0,0.0,0.0,1.0,0.0,0.0
8,10,0.0,0.0,0.0,0.0,0.0,0.0,0.0,0.0,0.0,0.0,1.0,0.0,0.0
8,10,0.0,0.0,0.0,0.0,0.0,0.0,0.0,0.0,0.0,0.0,1.0,0.0,0.0
8,10,0.0,0.0,0.0,0.0,0.0,0.0,0.0,0.0,0.0,0.0,1.0,0.0,0.0
8,10,0.0,0.0,0.0,0.0,0.0,0.0,0.0,0.0,0.0,0.0,1.0,0.0,0.0
8,10,0.0,0.0,0.0,0.0,0.0,0.0,0.0,0.0,0.0,0.0,1.0,0.0,0.0
8,10,0.0,0.0,0.0,0.0,0.0,0.0,0.0,0.0,0.0,0.0,1.0,0.0,0.0
8,10,0.0,0.0,0.0,0.0,0.0,0.0,0.0,0.0,0.0,0.0,1.0,0.0,0.0
8,10,0.0,0.0,0.0,0.0,0.0,0.0,0.0,0.0,0.0,0.0,1.0,0.0,0.0
8,10,0.0,0.0,0.0,0.0,0.0,0.0,0.0,0.0,0.0,0.0,1.0,0.0,0.0
8,10,0.0,0.0,0.0,0.0,0.0,0.0,0.0,0.0,0.0,0.0,1.0,0.0,0.0
8,10,0.0,0.0,0.0,0.0,0.0,0.0,0.0,0.0,0.0,0.0,1.0,0.0,0.0
8,10,0.0,0.0,0.0,0.0,0.0,0.0,0.0,0.0,0.0,0.0,1.0,0.0,0.0
8,10,0.0,0.0,0.0,0.0,0.0,0.0,0.0,0.0,0.0,0.0,1.0,0.0,0.0
8,10,0.0,0.0,0.0,0.0,0.0,0.0,0.0,0.0,0.0,0.0,1.0,0.0,0.0
8,10,0.0,0.0,0.0,0.0,0.0,0.0,0.0,0.0,0.0,0.0,1.0,0.0,0.0
8,10,0.0,0.0,0.0,0.0,0.0,0.0,0.0,0.0,0.0,0.0,1.0,0.0,0.0
8,10,0.0,0.0,0.0,0.0,0.0,0.0,0.0,0.0,0.0,0.0,1.0,0.0,0.0
8,10,0.0,0.0,0.0,0.0,0.0,0.0,0.0,0.0,0.0,0.0,1.0,0.0,0.0
8,10,0.0,0.0,0.0,0.0,0.0,0.0,0.0,0.0,0.0,0.0,1.0,0.0,0.0
8,10,0.0,0.0,0.0,0.0,0.0,0.0,0.0,0.0,0.0,0.0,1.0,0.0,0.0
8,10,0.0,0.0,0.0,0.0,0.0,0.0,0.0,0.0,0.0,0.0,1.0,0.0,0.0
8,10,0.0,0.0,0.0,0.0,0.0,0.0,0.0,0.0,0.0,0.0,1.0,0.0,0.0
8,10,0.0,0.0,0.0,0.0,0.0,0.0,0.0,0.0,0.0,0.0,1.0,0.0,0.0
8,10,0.0,0.0,0.0,0.0,0.0,0.0,0.0,0.0,0.0,0.0,1.0,0.0,0.0
8,10,0.0,0.0,0.0,0.0,0.0,0.0,0.0,0.0,0.0,0.0,1.0,0.0,0.0
8,10,0.0,0.0,0.0,0.0,0.0,0.0,0.0,0.0,0.0,0.0,1.0,0.0,0.0
8,10,0.0,0.0,0.0,0.0,0.0,0.0,0.0,0.0,0.0,0.0,1.0,0.0,0.0
8,10,0.0,0.0,0.0,0.0,0.0,0.0,0.0,0.0,0.0,0.0,1.0,0.0,0.0
8,10,0.0,0.0,0.0,0.0,0.0,0.0,0.0,0.0,0.0,0.0,1.0,0.0,0.0
8,10,0.0,0.0,0.0,0.0,0.0,0.0,0.0,0.0,0.0,0.0,1.0,0.0,0.0
8,10,0.0,0.0,0.0,0.0,0.0,0.0,0.0,0.0,0.0,0.0,1.0,0.0,0.0
8,10,0.0,0.0,0.0,0.0,0.0,0.0,0.0,0.0,0.0,0.0,1.0,0.0,0.0
8,10,0.0,0.0,0.0,0.0,0.0,0.0,0.0,0.0,0.0,0.0,1.0,0.0,0.0
8,10,0.0,0.0,0.0,0.0,0.0,0.0,0.0,0.0,0.0,0.0,1.0,0.0,0.0
8,10,0.0,0.0,0.0,0.0,0.0,0.0,0.0,0.0,0.0,0.0,1.0,0.0,0.0
8,10,0.0,0.0,0.0,0.0,0.0,0.0,0.0,0.0,0.0,0.0,1.0,0.0,0.0
8,10,0.0,0.0,0.0,0.0,0.0,0.0,0.0,0.0,0.0,0.0,1.0,0.0,0.0
8,10,0.0,0.0,0.0,0.0,0.0,0.0,0.0,0.0,0.0,0.0,1.0,0.0,0.0
8,10,0.0,0.0,0.0,0.0,0.0,0.0,0.0,0.0,0.0,0.0,1.0,0.0,0.0
8,10,0.0,0.0,0.0,0.0,0.0,0.0,0.0,0.0,0.0,0.0,1.0,0.0,0.0
8,10,0.0,0.0,0.0,0.0,0.0,0.0,0.0,0.0,0.0,0.0,1.0,0.0,0.0
8,10,0.0,0.0,0.0,0.0,0.0,0.0,0.0,0.0,0.0,0.0,1.0,0.0,0.0
8,10,0.0,0.0,0.0,0.0,0.0,0.0,0.0,0.0,0.0,0.0,1.0,0.0,0.0
8,10,0.0,0.0,0.0,0.0,0.0,0.0,0.0,0.0,0.0,0.0,1.0,0.0,0.0
8,10,0.0,0.0,0.0,0.0,0.0,0.0,0.0,0.0,0.0,0.0,1.0,0.0,0.0
8,10,0.0,0.0,0.0,0.0,0.0,0.0,0.0,0.0,0.0,0.0,1.0,0.0,0.0
8,10,0.0,0.0,0.0,0.0,0.0,0.0,0.0,0.0,0.0,0.0,1.0,0.0,0.0
8,10,0.0,0.0,0.0,0.0,0.0,0.0,0.0,0.0,0.0,0.0,1.0,0.0,0.0
8,10,0.0,0.0,0.0,0.0,0.0,0.0,0.0,0.0,0.0,0.0,1.0,0.0,0.0
8,10,0.0,0.0,0.0,0.0,0.0,0.0,0.0,0.0,0.0,0.0,1.0,0.0,0.0
8,10,0.0,0.0,0.0,0.0,0.0,0.0,0.0,0.0,0.0,0.0,1.0,0.0,0.0
8,10,0.0,0.0,0.0,0.0,0.0,0.0,0.0,0.0,0.0,0.0,1.0,0.0,0.0
8,10,0.0,0.0,0.0,0.0,0.0,0.0,0.0,0.0,0.0,0.0,1.0,0.0,0.0
8,10,0.0,0.0,0.0,0.0,0.0,0.0,0.0,0.0,0.0,0.0,1.0,0.0,0.0
8,10,0.0,0.0,0.0,0.0,0.0,0.0,0.0,0.0,0.0,0.0,1.0,0.0,0.0
8,10,0.0,0.0,0.0,0.0,0.0,0.0,0.0,0.0,0.0,0.0,1.0,0.0,0.0
8,10,0.0,0.0,0.0,0.0,0.0,0.0,0.0,0.0,0.0,0.0,1.0,0.0,0.0
8,10,0.0,0.0,0.0,0.0,0.0,0.0,0.0,0.0,0.0,0.0,1.0,0.0,0.0
8,10,0.0,0.0,0.0,0.0,0.0,0.0,0.0,0.0,0.0,0.0,1.0,0.0,0.0
8,10,0.0,0.0,0.0,0.0,0.0,0.0,0.0,0.0,0.0,0.0,1.0,0.0,0.0
8,10,0.0,0.0,0.0,0.0,0.0,0.0,0.0,0.0,0.0,0.0,1.0,0.0,0.0
8,10,0.0,0.0,0.0,0.0,0.0,0.0,0.0,0.0,0.0,0.0,1.0,0.0,0.0
8,10,0.0,0.0,0.0,0.0,0.0,0.0,0.0,0.0,0.0,0.0,1.0,0.0,0.0
8,10,0.0,0.0,0.0,0.0,0.0,0.0,0.0,0.0,0.0,0.0,1.0,0.0,0.0
8,10,0.0,0.0,0.0,0.0,0.0,0.0,0.0,0.0,0.0,0.0,1.0,0.0,0.0
8,10,0.0,0.0,0.0,0.0,0.0,0.0,0.0,0.0,0.0,0.0,1.0,0.0,0.0
8,10,0.0,0.0,0.0,0.0,0.0,0.0,0.0,0.0,0.0,0.0,1.0,0.0,0.0
8,10,0.0,0.0,0.0,0.0,0.0,0.0,0.0,0.0,0.0,0.0,1.0,0.0,0.0
8,10,0.0,0.0,0.0,0.0,0.0,0.0,0.0,0.0,0.0,0.0,1.0,0.0,0.0
8,10,0.0,0.0,0.0,0.0,0.0,0.0,0.0,0.0,0.0,0.0,1.0,0.0,0.0
8,10,0.0,0.0,0.0,0.0,0.0,0.0,0.0,0.0,0.0,0.0,1.0,0.0,0.0
8,10,0.0,0.0,0.0,0.0,0.0,0.0,0.0,0.0,0.0,0.0,1.0,0.0,0.0
8,10,0.0,0.0,0.0,0.0,0.0,0.0,0.0,0.0,0.0,0.0,1.0,0.0,0.0
8,10,0.0,0.0,0.0,0.0,0.0,0.0,0.0,0.0,0.0,0.0,1.0,0.0,0.0
8,10,0.0,0.0,0.0,0.0,0.0,0.0,0.0,0.0,0.0,0.0,1.0,0.0,0.0
8,10,0.0,0.0,0.0,0.0,0.0,0.0,0.0,0.0,0.0,0.0,1.0,0.0,0.0
8,10,0.0,0.0,0.0,0.0,0.0,0.0,0.0,0.0,0.0,0.0,1.0,0.0,0.0
8,10,0.0,0.0,0.0,0.0,0.0,0.0,0.0,0.0,0.0,0.0,1.0,0.0,0.0
8,10,0.0,0.0,0.0,0.0,0.0,0.0,0.0,0.0,0.0,0.0,1.0,0.0,0.0
8,10,0.0,0.0,0.0,0.0,0.0,0.0,0.0,0.0,0.0,0.0,1.0,0.0,0.0
8,10,0.0,0.0,0.0,0.0,0.0,0.0,0.0,0.0,0.0,0.0,1.0,0.0,0.0
8,10,0.0,0.0,0.0,0.0,0.0,0.0,0.0,0.0,0.0,0.0,1.0,0.0,0.0
8,10,0.0,0.0,0.0,0.0,0.0,0.0,0.0,0.0,0.0,0.0,1.0,0.0,0.0
8,10,0.0,0.0,0.0,0.0,0.0,0.0,0.0,0.0,0.0,0.0,1.0,0.0,0.0
8,10,0.0,0.0,0.0,0.0,0.0,0.0,0.0,0.0,0.0,0.0,1.0,0.0,0.0
8,10,0.0,0.0,0.0,0.0,0.0,0.0,0.0,0.0,0.0,0.0,1.0,0.0,0.0
8,10,0.0,0.0,0.0,0.0,0.0,0.0,0.0,0.0,0.0,0.0,1.0,0.0,0.0
8,10,0.0,0.0,0.0,0.0,0.0,0.0,0.0,0.0,0.0,0.0,1.0,0.0,0.0
8,10,0.0,0.0,0.0,0.0,0.0,0.0,0.0,0.0,0.0,0.0,1.0,0.0,0.0
8,10,0.0,0.0,0.0,0.0,0.0,0.0,0.0,0.0,0.0,0.0,1.0,0.0,0.0
8,10,0.0,0.0,0.0,0.0,0.0,0.0,0.0,0.0,0.0,0.0,1.0,0.0,0.0
8,10,0.0,0.0,0.0,0.0,0.0,0.0,0.0,0.0,0.0,0.0,1.0,0.0,0.0
8,10,0.0,0.0,0.0,0.0,0.0,0.0,0.0,0.0,0.0,0.0,1.0,0.0,0.0
8,10,0.0,0.0,0.0,0.0,0.0,0.0,0.0,0.0,0.0,0.0,1.0,0.0,0.0
8,10,0.0,0.0,0.0,0.0,0.0,0.0,0.0,0.0,0.0,0.0,1.0,0.0,0.0
8,10,0.0,0.0,0.0,0.0,0.0,0.0,0.0,0.0,0.0,0.0,1.0,0.0,0.0
8,10,0.0,0.0,0.0,0.0,0.0,0.0,0.0,0.0,0.0,0.0,1.0,0.0,0.0
8,10,0.0,0.0,0.0,0.0,0.0,0.0,0.0,0.0,0.0,0.0,1.0,0.0,0.0
8,10,0.0,0.0,0.0,0.0,0.0,0.0,0.0,0.0,0.0,0.0,1.0,0.0,0.0
8,10,0.0,0.0,0.0,0.0,0.0,0.0,0.0,0.0,0.0,0.0,1.0,0.0,0.0
8,10,0.0,0.0,0.0,0.0,0.0,0.0,0.0,0.0,0.0,0.0,1.0,0.0,0.0
8,10,0.0,0.0,0.0,0.0,0.0,0.0,0.0,0.0,0.0,0.0,1.0,0.0,0.0
8,10,0.0,0.0,0.0,0.0,0.0,0.0,0.0,0.0,0.0,0.0,1.0,0.0,0.0
8,10,0.0,0.0,0.0,0.0,0.0,0.0,0.0,0.0,0.0,0.0,1.0,0.0,0.0
8,10,0.0,0.0,0.0,0.0,0.0,0.0,0.0,0.0,0.0,0.0,1.0,0.0,0.0
8,10,0.0,0.0,0.0,0.0,0.0,0.0,0.0,0.0,0.0,0.0,1.0,0.0,0.0
8,10,0.0,0.0,0.0,0.0,0.0,0.0,0.0,0.0,0.0,0.0,1.0,0.0,0.0
8,10,0.0,0.0,0.0,0.0,0.0,0.0,0.0,0.0,0.0,0.0,1.0,0.0,0.0
8,10,0.0,0.0,0.0,0.0,0.0,0.0,0.0,0.0,0.0,0.0,1.0,0.0,0.0
8,10,0.0,0.0,0.0,0.0,0.0,0.0,0.0,0.0,0.0,0.0,1.0,0.0,0.0
8,10,0.0,0.0,0.0,0.0,0.0,0.0,0.0,0.0,0.0,0.0,1.0,0.0,0.0
8,10,0.0,0.0,0.0,0.0,0.0,0.0,0.0,0.0,0.0,0.0,1.0,0.0,0.0
8,10,0.0,0.0,0.0,0.0,0.0,0.0,0.0,0.0,0.0,0.0,1.0,0.0,0.0
8,10,0.0,0.0,0.0,0.0,0.0,0.0,0.0,0.0,0.0,0.0,1.0,0.0,0.0
8,10,0.0,0.0,0.0,0.0,0.0,0.0,0.0,0.0,0.0,0.0,1.0,0.0,0.0
8,10,0.0,0.0,0.0,0.0,0.0,0.0,0.0,0.0,0.0,0.0,1.0,0.0,0.0
8,10,0.0,0.0,0.0,0.0,0.0,0.0,0.0,0.0,0.0,0.0,1.0,0.0,0.0
8,10,0.0,0.0,0.0,0.0,0.0,0.0,0.0,0.0,0.0,0.0,1.0,0.0,0.0
8,10,0.0,0.0,0.0,0.0,0.0,0.0,0.0,0.0,0.0,0.0,1.0,0.0,0.0
8,10,0.0,0.0,0.0,0.0,0.0,0.0,0.0,0.0,0.0,0.0,1.0,0.0,0.0
8,10,0.0,0.0,0.0,0.0,0.0,0.0,0.0,0.0,0.0,0.0,1.0,0.0,0.0
8,10,0.0,0.0,0.0,0.0,0.0,0.0,0.0,0.0,0.0,0.0,1.0,0.0,0.0
8,10,0.0,0.0,0.0,0.0,0.0,0.0,0.0,0.0,0.0,0.0,1.0,0.0,0.0
8,10,0.0,0.0,0.0,0.0,0.0,0.0,0.0,0.0,0.0,0.0,1.0,0.0,0.0
8,10,0.0,0.0,0.0,0.0,0.0,0.0,0.0,0.0,0.0,0.0,1.0,0.0,0.0
8,10,0.0,0.0,0.0,0.0,0.0,0.0,0.0,0.0,0.0,0.0,1.0,0.0,0.0
8,10,0.0,0.0,0.0,0.0,0.0,0.0,0.0,0.0,0.0,0.0,1.0,0.0,0.0
8,10,0.0,0.0,0.0,0.0,0.0,0.0,0.0,0.0,0.0,0.0,1.0,0.0,0.0
8,10,0.0,0.0,0.0,0.0,0.0,0.0,0.0,0.0,0.0,0.0,1.0,0.0,0.0
8,10,0.0,0.0,0.0,0.0,0.0,0.0,0.0,0.0,0.0,0.0,1.0,0.0,0.0
8,10,0.0,0.0,0.0,0.0,0.0,0.0,0.0,0.0,0.0,0.0,1.0,0.0,0.0
8,10,0.0,0.0,0.0,0.0,0.0,0.0,0.0,0.0,0.0,0.0,1.0,0.0,0.0
8,10,0.0,0.0,0.0,0.0,0.0,0.0,0.0,0.0,0.0,0.0,1.0,0.0,0.0
8,10,0.0,0.0,0.0,0.0,0.0,0.0,0.0,0.0,0.0,0.0,1.0,0.0,0.0
8,10,0.0,0.0,0.0,0.0,0.0,0.0,0.0,0.0,0.0,0.0,1.0,0.0,0.0
8,10,0.0,0.0,0.0,0.0,0.0,0.0,0.0,0.0,0.0,0.0,1.0,0.0,0.0
8,10,0.0,0.0,0.0,0.0,0.0,0.0,0.0,0.0,0.0,0.0,1.0,0.0,0.0
8,10,0.0,0.0,0.0,0.0,0.0,0.0,0.0,0.0,0.0,0.0,1.0,0.0,0.0
8,10,0.0,0.0,0.0,0.0,0.0,0.0,0.0,0.0,0.0,0.0,1.0,0.0,0.0
8,10,0.0,0.0,0.0,0.0,0.0,0.0,0.0,0.0,0.0,0.0,1.0,0.0,0.0
8,10,0.0,0.0,0.0,0.0,0.0,0.0,0.0,0.0,0.0,0.0,1.0,0.0,0.0
8,10,0.0,0.0,0.0,0.0,0.0,0.0,0.0,0.0,0.0,0.0,1.0,0.0,0.0
8,10,0.0,0.0,0.0,0.0,0.0,0.0,0.0,0.0,0.0,0.0,1.0,0.0,0.0
8,10,0.0,0.0,0.0,0.0,0.0,0.0,0.0,0.0,0.0,0.0,1.0,0.0,0.0
8,10,0.0,0.0,0.0,0.0,0.0,0.0,0.0,0.0,0.0,0.0,1.0,0.0,0.0
8,10,0.0,0.0,0.0,0.0,0.0,0.0,0.0,0.0,0.0,0.0,1.0,0.0,0.0
8,10,0.0,0.0,0.0,0.0,0.0,0.0,0.0,0.0,0.0,0.0,1.0,0.0,0.0
8,10,0.0,0.0,0.0,0.0,0.0,0.0,0.0,0.0,0.0,0.0,1.0,0.0,0.0
8,10,0.0,0.0,0.0,0.0,0.0,0.0,0.0,0.0,0.0,0.0,1.0,0.0,0.0
8,10,0.0,0.0,0.0,0.0,0.0,0.0,0.0,0.0,0.0,0.0,1.0,0.0,0.0
8,10,0.0,0.0,0.0,0.0,0.0,0.0,0.0,0.0,0.0,0.0,1.0,0.0,0.0
8,10,0.0,0.0,0.0,0.0,0.0,0.0,0.0,0.0,0.0,0.0,1.0,0.0,0.0
8,10,0.0,0.0,0.0,0.0,0.0,0.0,0.0,0.0,0.0,0.0,1.0,0.0,0.0
8,10,0.0,0.0,0.0,0.0,0.0,0.0,0.0,0.0,0.0,0.0,1.0,0.0,0.0
8,10,0.0,0.0,0.0,0.0,0.0,0.0,0.0,0.0,0.0,0.0,1.0,0.0,0.0
8,10,0.0,0.0,0.0,0.0,0.0,0.0,0.0,0.0,0.0,0.0,1.0,0.0,0.0
8,10,0.0,0.0,0.0,0.0,0.0,0.0,0.0,0.0,0.0,0.0,1.0,0.0,0.0
8,10,0.0,0.0,0.0,0.0,0.0,0.0,0.0,0.0,0.0,0.0,1.0,0.0,0.0
8,10,0.0,0.0,0.0,0.0,0.0,0.0,0.0,0.0,0.0,0.0,1.0,0.0,0.0
8,10,0.0,0.0,0.0,0.0,0.0,0.0,0.0,0.0,0.0,0.0,1.0,0.0,0.0
8,10,0.0,0.0,0.0,0.0,0.0,0.0,0.0,0.0,0.0,0.0,1.0,0.0,0.0
8,10,0.0,0.0,0.0,0.0,0.0,0.0,0.0,0.0,0.0,0.0,1.0,0.0,0.0
8,10,0.0,0.0,0.0,0.0,0.0,0.0,0.0,0.0,0.0,0.0,1.0,0.0,0.0
8,10,0.0,0.0,0.0,0.0,0.0,0.0,0.0,0.0,0.0,0.0,1.0,0.0,0.0
8,10,0.0,0.0,0.0,0.0,0.0,0.0,0.0,0.0,0.0,0.0,1.0,0.0,0.0
8,10,0.0,0.0,0.0,0.0,0.0,0.0,0.0,0.0,0.0,0.0,1.0,0.0,0.0
8,10,0.0,0.0,0.0,0.0,0.0,0.0,0.0,0.0,0.0,0.0,1.0,0.0,0.0
8,10,0.0,0.0,0.0,0.0,0.0,0.0,0.0,0.0,0.0,0.0,1.0,0.0,0.0
8,10,0.0,0.0,0.0,0.0,0.0,0.0,0.0,0.0,0.0,0.0,1.0,0.0,0.0
8,10,0.0,0.0,0.0,0.0,0.0,0.0,0.0,0.0,0.0,0.0,1.0,0.0,0.0
8,10,0.0,0.0,0.0,0.0,0.0,0.0,0.0,0.0,0.0,0.0,1.0,0.0,0.0
8,10,0.0,0.0,0.0,0.0,0.0,0.0,0.0,0.0,0.0,0.0,1.0,0.0,0.0
8,10,0.0,0.0,0.0,0.0,0.0,0.0,0.0,0.0,0.0,0.0,1.0,0.0,0.0
8,10,0.0,0.0,0.0,0.0,0.0,0.0,0.0,0.0,0.0,0.0,1.0,0.0,0.0
8,10,0.0,0.0,0.0,0.0,0.0,0.0,0.0,0.0,0.0,0.0,1.0,0.0,0.0
8,10,0.0,0.0,0.0,0.0,0.0,0.0,0.0,0.0,0.0,0.0,1.0,0.0,0.0
8,10,0.0,0.0,0.0,0.0,0.0,0.0,0.0,0.0,0.0,0.0,1.0,0.0,0.0
8,10,0.0,0.0,0.0,0.0,0.0,0.0,0.0,0.0,0.0,0.0,1.0,0.0,0.0
8,10,0.0,0.0,0.0,0.0,0.0,0.0,0.0,0.0,0.0,0.0,1.0,0.0,0.0
8,10,0.0,0.0,0.0,0.0,0.0,0.0,0.0,0.0,0.0,0.0,1.0,0.0,0.0
8,10,0.0,0.0,0.0,0.0,0.0,0.0,0.0,0.0,0.0,0.0,1.0,0.0,0.0
8,10,0.0,0.0,0.0,0.0,0.0,0.0,0.0,0.0,0.0,0.0,1.0,0.0,0.0
8,10,0.0,0.0,0.0,0.0,0.0,0.0,0.0,0.0,0.0,0.0,1.0,0.0,0.0
8,10,0.0,0.0,0.0,0.0,0.0,0.0,0.0,0.0,0.0,0.0,1.0,0.0,0.0
8,10,0.0,0.0,0.0,0.0,0.0,0.0,0.0,0.0,0.0,0.0,1.0,0.0,0.0
8,10,0.0,0.0,0.0,0.0,0.0,0.0,0.0,0.0,0.0,0.0,1.0,0.0,0.0
8,10,0.0,0.0,0.0,0.0,0.0,0.0,0.0,0.0,0.0,0.0,1.0,0.0,0.0
8,10,0.0,0.0,0.0,0.0,0.0,0.0,0.0,0.0,0.0,0.0,1.0,0.0,0.0
8,10,0.0,0.0,0.0,0.0,0.0,0.0,0.0,0.0,0.0,0.0,1.0,0.0,0.0
8,10,0.0,0.0,0.0,0.0,0.0,0.0,0.0,0.0,0.0,0.0,1.0,0.0,0.0
8,10,0.0,0.0,0.0,0.0,0.0,0.0,0.0,0.0,0.0,0.0,1.0,0.0,0.0
8,10,0.0,0.0,0.0,0.0,0.0,0.0,0.0,0.0,0.0,0.0,1.0,0.0,0.0
8,10,0.0,0.0,0.0,0.0,0.0,0.0,0.0,0.0,0.0,0.0,1.0,0.0,0.0
8,10,0.0,0.0,0.0,0.0,0.0,0.0,0.0,0.0,0.0,0.0,1.0,0.0,0.0
8,10,0.0,0.0,0.0,0.0,0.0,0.0,0.0,0.0,0.0,0.0,1.0,0.0,0.0
8,10,0.0,0.0,0.0,0.0,0.0,0.0,0.0,0.0,0.0,0.0,1.0,0.0,0.0
8,10,0.0,0.0,0.0,0.0,0.0,0.0,0.0,0.0,0.0,0.0,1.0,0.0,0.0
8,10,0.0,0.0,0.0,0.0,0.0,0.0,0.0,0.0,0.0,0.0,1.0,0.0,0.0
8,10,0.0,0.0,0.0,0.0,0.0,0.0,0.0,0.0,0.0,0.0,1.0,0.0,0.0
8,10,0.0,0.0,0.0,0.0,0.0,0.0,0.0,0.0,0.0,0.0,1.0,0.0,0.0
8,10,0.0,0.0,0.0,0.0,0.0,0.0,0.0,0.0,0.0,0.0,1.0,0.0,0.0
8,10,0.0,0.0,0.0,0.0,0.0,0.0,0.0,0.0,0.0,0.0,1.0,0.0,0.0
8,10,0.0,0.0,0.0,0.0,0.0,0.0,0.0,0.0,0.0,0.0,1.0,0.0,0.0
8,10,0.0,0.0,0.0,0.0,0.0,0.0,0.0,0.0,0.0,0.0,1.0,0.0,0.0
8,10,0.0,0.0,0.0,0.0,0.0,0.0,0.0,0.0,0.0,0.0,1.0,0.0,0.0
8,10,0.0,0.0,0.0,0.0,0.0,0.0,0.0,0.0,0.0,0.0,1.0,0.0,0.0
8,10,0.0,0.0,0.0,0.0,0.0,0.0,0.0,0.0,0.0,0.0,1.0,0.0,0.0
8,10,0.0,0.0,0.0,0.0,0.0,0.0,0.0,0.0,0.0,0.0,1.0,0.0,0.0
8,10,0.0,0.0,0.0,0.0,0.0,0.0,0.0,0.0,0.0,0.0,1.0,0.0,0.0
8,10,0.0,0.0,0.0,0.0,0.0,0.0,0.0,0.0,0.0,0.0,1.0,0.0,0.0
8,10,0.0,0.0,0.0,0.0,0.0,0.0,0.0,0.0,0.0,0.0,1.0,0.0,0.0
8,10,0.0,0.0,0.0,0.0,0.0,0.0,0.0,0.0,0.0,0.0,1.0,0.0,0.0
8,10,0.0,0.0,0.0,0.0,0.0,0.0,0.0,0.0,0.0,0.0,1.0,0.0,0.0
8,10,0.0,0.0,0.0,0.0,0.0,0.0,0.0,0.0,0.0,0.0,1.0,0.0,0.0
8,10,0.0,0.0,0.0,0.0,0.0,0.0,0.0,0.0,0.0,0.0,1.0,0.0,0.0
8,10,0.0,0.0,0.0,0.0,0.0,0.0,0.0,0.0,0.0,0.0,1.0,0.0,0.0
8,10,0.0,0.0,0.0,0.0,0.0,0.0,0.0,0.0,0.0,0.0,1.0,0.0,0.0
8,10,0.0,0.0,0.0,0.0,0.0,0.0,0.0,0.0,0.0,0.0,1.0,0.0,0.0
8,10,0.0,0.0,0.0,0.0,0.0,0.0,0.0,0.0,0.0,0.0,1.0,0.0,0.0
8,10,0.0,0.0,0.0,0.0,0.0,0.0,0.0,0.0,0.0,0.0,1.0,0.0,0.0
8,10,0.0,0.0,0.0,0.0,0.0,0.0,0.0,0.0,0.0,0.0,1.0,0.0,0.0
8,10,0.0,0.0,0.0,0.0,0.0,0.0,0.0,0.0,0.0,0.0,1.0,0.0,0.0
8,10,0.0,0.0,0.0,0.0,0.0,0.0,0.0,0.0,0.0,0.0,1.0,0.0,0.0
8,10,0.0,0.0,0.0,0.0,0.0,0.0,0.0,0.0,0.0,0.0,1.0,0.0,0.0
8,10,0.0,0.0,0.0,0.0,0.0,0.0,0.0,0.0,0.0,0.0,1.0,0.0,0.0
8,10,0.0,0.0,0.0,0.0,0.0,0.0,0.0,0.0,0.0,0.0,1.0,0.0,0.0
8,10,0.0,0.0,0.0,0.0,0.0,0.0,0.0,0.0,0.0,0.0,1.0,0.0,0.0
8,10,0.0,0.0,0.0,0.0,0.0,0.0,0.0,0.0,0.0,0.0,1.0,0.0,0.0
8,10,0.0,0.0,0.0,0.0,0.0,0.0,0.0,0.0,0.0,0.0,1.0,0.0,0.0
8,10,0.0,0.0,0.0,0.0,0.0,0.0,0.0,0.0,0.0,0.0,1.0,0.0,0.0
8,10,0.0,0.0,0.0,0.0,0.0,0.0,0.0,0.0,0.0,0.0,1.0,0.0,0.0
8,10,0.0,0.0,0.0,0.0,0.0,0.0,0.0,0.0,0.0,0.0,1.0,0.0,0.0
8,10,0.0,0.0,0.0,0.0,0.0,0.0,0.0,0.0,0.0,0.0,1.0,0.0,0.0
8,10,0.0,0.0,0.0,0.0,0.0,0.0,0.0,0.0,0.0,0.0,1.0,0.0,0.0
8,10,0.0,0.0,0.0,0.0,0.0,0.0,0.0,0.0,0.0,0.0,1.0,0.0,0.0
8,10,0.0,0.0,0.0,0.0,0.0,0.0,0.0,0.0,0.0,0.0,1.0,0.0,0.0
8,10,0.0,0.0,0.0,0.0,0.0,0.0,0.0,0.0,0.0,0.0,1.0,0.0,0.0
8,10,0.0,0.0,0.0,0.0,0.0,0.0,0.0,0.0,0.0,0.0,1.0,0.0,0.0
8,10,0.0,0.0,0.0,0.0,0.0,0.0,0.0,0.0,0.0,0.0,1.0,0.0,0.0
8,10,0.0,0.0,0.0,0.0,0.0,0.0,0.0,0.0,0.0,0.0,1.0,0.0,0.0
8,10,0.0,0.0,0.0,0.0,0.0,0.0,0.0,0.0,0.0,0.0,1.0,0.0,0.0
8,10,0.0,0.0,0.0,0.0,0.0,0.0,0.0,0.0,0.0,0.0,1.0,0.0,0.0
8,10,0.0,0.0,0.0,0.0,0.0,0.0,0.0,0.0,0.0,0.0,1.0,0.0,0.0
8,10,0.0,0.0,0.0,0.0,0.0,0.0,0.0,0.0,0.0,0.0,1.0,0.0,0.0
8,10,0.0,0.0,0.0,0.0,0.0,0.0,0.0,0.0,0.0,0.0,1.0,0.0,0.0
8,10,0.0,0.0,0.0,0.0,0.0,0.0,0.0,0.0,0.0,0.0,1.0,0.0,0.0
8,10,0.0,0.0,0.0,0.0,0.0,0.0,0.0,0.0,0.0,0.0,1.0,0.0,0.0
8,10,0.0,0.0,0.0,0.0,0.0,0.0,0.0,0.0,0.0,0.0,1.0,0.0,0.0
8,10,0.0,0.0,0.0,0.0,0.0,0.0,0.0,0.0,0.0,0.0,1.0,0.0,0.0
8,10,0.0,0.0,0.0,0.0,0.0,0.0,0.0,0.0,0.0,0.0,1.0,0.0,0.0
8,10,0.0,0.0,0.0,0.0,0.0,0.0,0.0,0.0,0.0,0.0,1.0,0.0,0.0
8,10,0.0,0.0,0.0,0.0,0.0,0.0,0.0,0.0,0.0,0.0,1.0,0.0,0.0
8,10,0.0,0.0,0.0,0.0,0.0,0.0,0.0,0.0,0.0,0.0,1.0,0.0,0.0
8,10,0.0,0.0,0.0,0.0,0.0,0.0,0.0,0.0,0.0,0.0,1.0,0.0,0.0
8,10,0.0,0.0,0.0,0.0,0.0,0.0,0.0,0.0,0.0,0.0,1.0,0.0,0.0
8,10,0.0,0.0,0.0,0.0,0.0,0.0,0.0,0.0,0.0,0.0,1.0,0.0,0.0
8,10,0.0,0.0,0.0,0.0,0.0,0.0,0.0,0.0,0.0,0.0,1.0,0.0,0.0
8,10,0.0,0.0,0.0,0.0,0.0,0.0,0.0,0.0,0.0,0.0,1.0,0.0,0.0
8,10,0.0,0.0,0.0,0.0,0.0,0.0,0.0,0.0,0.0,0.0,1.0,0.0,0.0
8,10,0.0,0.0,0.0,0.0,0.0,0.0,0.0,0.0,0.0,0.0,1.0,0.0,0.0
8,10,0.0,0.0,0.0,0.0,0.0,0.0,0.0,0.0,0.0,0.0,1.0,0.0,0.0
8,10,0.0,0.0,0.0,0.0,0.0,0.0,0.0,0.0,0.0,0.0,1.0,0.0,0.0
8,10,0.0,0.0,0.0,0.0,0.0,0.0,0.0,0.0,0.0,0.0,1.0,0.0,0.0
8,10,0.0,0.0,0.0,0.0,0.0,0.0,0.0,0.0,0.0,0.0,1.0,0.0,0.0
8,10,0.0,0.0,0.0,0.0,0.0,0.0,0.0,0.0,0.0,0.0,1.0,0.0,0.0
8,10,0.0,0.0,0.0,0.0,0.0,0.0,0.0,0.0,0.0,0.0,1.0,0.0,0.0
8,10,0.0,0.0,0.0,0.0,0.0,0.0,0.0,0.0,0.0,0.0,1.0,0.0,0.0
8,10,0.0,0.0,0.0,0.0,0.0,0.0,0.0,0.0,0.0,0.0,1.0,0.0,0.0
8,10,0.0,0.0,0.0,0.0,0.0,0.0,0.0,0.0,0.0,0.0,1.0,0.0,0.0
8,10,0.0,0.0,0.0,0.0,0.0,0.0,0.0,0.0,0.0,0.0,1.0,0.0,0.0
8,10,0.0,0.0,0.0,0.0,0.0,0.0,0.0,0.0,0.0,0.0,1.0,0.0,0.0
8,10,0.0,0.0,0.0,0.0,0.0,0.0,0.0,0.0,0.0,0.0,1.0,0.0,0.0
8,10,0.0,0.0,0.0,0.0,0.0,0.0,0.0,0.0,0.0,0.0,1.0,0.0,0.0
8,10,0.0,0.0,0.0,0.0,0.0,0.0,0.0,0.0,0.0,0.0,1.0,0.0,0.0
8,10,0.0,0.0,0.0,0.0,0.0,0.0,0.0,0.0,0.0,0.0,1.0,0.0,0.0
8,10,0.0,0.0,0.0,0.0,0.0,0.0,0.0,0.0,0.0,0.0,1.0,0.0,0.0
8,10,0.0,0.0,0.0,0.0,0.0,0.0,0.0,0.0,0.0,0.0,1.0,0.0,0.0
8,10,0.0,0.0,0.0,0.0,0.0,0.0,0.0,0.0,0.0,0.0,1.0,0.0,0.0
8,10,0.0,0.0,0.0,0.0,0.0,0.0,0.0,0.0,0.0,0.0,1.0,0.0,0.0
8,10,0.0,0.0,0.0,0.0,0.0,0.0,0.0,0.0,0.0,0.0,1.0,0.0,0.0
8,10,0.0,0.0,0.0,0.0,0.0,0.0,0.0,0.0,0.0,0.0,1.0,0.0,0.0
8,10,0.0,0.0,0.0,0.0,0.0,0.0,0.0,0.0,0.0,0.0,1.0,0.0,0.0
8,10,0.0,0.0,0.0,0.0,0.0,0.0,0.0,0.0,0.0,0.0,1.0,0.0,0.0
8,10,0.0,0.0,0.0,0.0,0.0,0.0,0.0,0.0,0.0,0.0,1.0,0.0,0.0
8,10,0.0,0.0,0.0,0.0,0.0,0.0,0.0,0.0,0.0,0.0,1.0,0.0,0.0
8,10,0.0,0.0,0.0,0.0,0.0,0.0,0.0,0.0,0.0,0.0,1.0,0.0,0.0
8,10,0.0,0.0,0.0,0.0,0.0,0.0,0.0,0.0,0.0,0.0,1.0,0.0,0.0
8,10,0.0,0.0,0.0,0.0,0.0,0.0,0.0,0.0,0.0,0.0,1.0,0.0,0.0
8,10,0.0,0.0,0.0,0.0,0.0,0.0,0.0,0.0,0.0,0.0,1.0,0.0,0.0
8,10,0.0,0.0,0.0,0.0,0.0,0.0,0.0,0.0,0.0,0.0,1.0,0.0,0.0
8,10,0.0,0.0,0.0,0.0,0.0,0.0,0.0,0.0,0.0,0.0,1.0,0.0,0.0
8,10,0.0,0.0,0.0,0.0,0.0,0.0,0.0,0.0,0.0,0.0,1.0,0.0,0.0
8,10,0.0,0.0,0.0,0.0,0.0,0.0,0.0,0.0,0.0,0.0,1.0,0.0,0.0
8,10,0.0,0.0,0.0,0.0,0.0,0.0,0.0,0.0,0.0,0.0,1.0,0.0,0.0
8,10,0.0,0.0,0.0,0.0,0.0,0.0,0.0,0.0,0.0,0.0,1.0,0.0,0.0
8,10,0.0,0.0,0.0,0.0,0.0,0.0,0.0,0.0,0.0,0.0,1.0,0.0,0.0
8,10,0.0,0.0,0.0,0.0,0.0,0.0,0.0,0.0,0.0,0.0,1.0,0.0,0.0
8,10,0.0,0.0,0.0,0.0,0.0,0.0,0.0,0.0,0.0,0.0,1.0,0.0,0.0
8,10,0.0,0.0,0.0,0.0,0.0,0.0,0.0,0.0,0.0,0.0,1.0,0.0,0.0
8,10,0.0,0.0,0.0,0.0,0.0,0.0,0.0,0.0,0.0,0.0,1.0,0.0,0.0
8,10,0.0,0.0,0.0,0.0,0.0,0.0,0.0,0.0,0.0,0.0,1.0,0.0,0.0
8,10,0.0,0.0,0.0,0.0,0.0,0.0,0.0,0.0,0.0,0.0,1.0,0.0,0.0
8,10,0.0,0.0,0.0,0.0,0.0,0.0,0.0,0.0,0.0,0.0,1.0,0.0,0.0
8,10,0.0,0.0,0.0,0.0,0.0,0.0,0.0,0.0,0.0,0.0,1.0,0.0,0.0
8,10,0.0,0.0,0.0,0.0,0.0,0.0,0.0,0.0,0.0,0.0,1.0,0.0,0.0
8,10,0.0,0.0,0.0,0.0,0.0,0.0,0.0,0.0,0.0,0.0,1.0,0.0,0.0
8,10,0.0,0.0,0.0,0.0,0.0,0.0,0.0,0.0,0.0,0.0,1.0,0.0,0.0
8,10,0.0,0.0,0.0,0.0,0.0,0.0,0.0,0.0,0.0,0.0,1.0,0.0,0.0
8,10,0.0,0.0,0.0,0.0,0.0,0.0,0.0,0.0,0.0,0.0,1.0,0.0,0.0
8,10,0.0,0.0,0.0,0.0,0.0,0.0,0.0,0.0,0.0,0.0,1.0,0.0,0.0
8,10,0.0,0.0,0.0,0.0,0.0,0.0,0.0,0.0,0.0,0.0,1.0,0.0,0.0
8,10,0.0,0.0,0.0,0.0,0.0,0.0,0.0,0.0,0.0,0.0,1.0,0.0,0.0
8,10,0.0,0.0,0.0,0.0,0.0,0.0,0.0,0.0,0.0,0.0,1.0,0.0,0.0
8,10,0.0,0.0,0.0,0.0,0.0,0.0,0.0,0.0,0.0,0.0,1.0,0.0,0.0
8,10,0.0,0.0,0.0,0.0,0.0,0.0,0.0,0.0,0.0,0.0,1.0,0.0,0.0
8,10,0.0,0.0,0.0,0.0,0.0,0.0,0.0,0.0,0.0,0.0,1.0,0.0,0.0
8,10,0.0,0.0,0.0,0.0,0.0,0.0,0.0,0.0,0.0,0.0,1.0,0.0,0.0
8,10,0.0,0.0,0.0,0.0,0.0,0.0,0.0,0.0,0.0,0.0,1.0,0.0,0.0
8,10,0.0,0.0,0.0,0.0,0.0,0.0,0.0,0.0,0.0,0.0,1.0,0.0,0.0
8,10,0.0,0.0,0.0,0.0,0.0,0.0,0.0,0.0,0.0,0.0,1.0,0.0,0.0
8,10,0.0,0.0,0.0,0.0,0.0,0.0,0.0,0.0,0.0,0.0,1.0,0.0,0.0
8,10,0.0,0.0,0.0,0.0,0.0,0.0,0.0,0.0,0.0,0.0,1.0,0.0,0.0
8,10,0.0,0.0,0.0,0.0,0.0,0.0,0.0,0.0,0.0,0.0,1.0,0.0,0.0
8,10,0.0,0.0,0.0,0.0,0.0,0.0,0.0,0.0,0.0,0.0,1.0,0.0,0.0
8,10,0.0,0.0,0.0,0.0,0.0,0.0,0.0,0.0,0.0,0.0,1.0,0.0,0.0
8,10,0.0,0.0,0.0,0.0,0.0,0.0,0.0,0.0,0.0,0.0,1.0,0.0,0.0
8,10,0.0,0.0,0.0,0.0,0.0,0.0,0.0,0.0,0.0,0.0,1.0,0.0,0.0
8,10,0.0,0.0,0.0,0.0,0.0,0.0,0.0,0.0,0.0,0.0,1.0,0.0,0.0
8,10,0.0,0.0,0.0,0.0,0.0,0.0,0.0,0.0,0.0,0.0,1.0,0.0,0.0
8,10,0.0,0.0,0.0,0.0,0.0,0.0,0.0,0.0,0.0,0.0,1.0,0.0,0.0
8,10,0.0,0.0,0.0,0.0,0.0,0.0,0.0,0.0,0.0,0.0,1.0,0.0,0.0
8,10,0.0,0.0,0.0,0.0,0.0,0.0,0.0,0.0,0.0,0.0,1.0,0.0,0.0
8,10,0.0,0.0,0.0,0.0,0.0,0.0,0.0,0.0,0.0,0.0,1.0,0.0,0.0
8,10,0.0,0.0,0.0,0.0,0.0,0.0,0.0,0.0,0.0,0.0,1.0,0.0,0.0
8,10,0.0,0.0,0.0,0.0,0.0,0.0,0.0,0.0,0.0,0.0,1.0,0.0,0.0
8,10,0.0,0.0,0.0,0.0,0.0,0.0,0.0,0.0,0.0,0.0,1.0,0.0,0.0
8,10,0.0,0.0,0.0,0.0,0.0,0.0,0.0,0.0,0.0,0.0,1.0,0.0,0.0
8,10,0.0,0.0,0.0,0.0,0.0,0.0,0.0,0.0,0.0,0.0,1.0,0.0,0.0
8,10,0.0,0.0,0.0,0.0,0.0,0.0,0.0,0.0,0.0,0.0,1.0,0.0,0.0
8,10,0.0,0.0,0.0,0.0,0.0,0.0,0.0,0.0,0.0,0.0,1.0,0.0,0.0
8,10,0.0,0.0,0.0,0.0,0.0,0.0,0.0,0.0,0.0,0.0,1.0,0.0,0.0
8,10,0.0,0.0,0.0,0.0,0.0,0.0,0.0,0.0,0.0,0.0,1.0,0.0,0.0
8,10,0.0,0.0,0.0,0.0,0.0,0.0,0.0,0.0,0.0,0.0,1.0,0.0,0.0
8,10,0.0,0.0,0.0,0.0,0.0,0.0,0.0,0.0,0.0,0.0,1.0,0.0,0.0
8,10,0.0,0.0,0.0,0.0,0.0,0.0,0.0,0.0,0.0,0.0,1.0,0.0,0.0
8,10,0.0,0.0,0.0,0.0,0.0,0.0,0.0,0.0,0.0,0.0,1.0,0.0,0.0
8,10,0.0,0.0,0.0,0.0,0.0,0.0,0.0,0.0,0.0,0.0,1.0,0.0,0.0
8,10,0.0,0.0,0.0,0.0,0.0,0.0,0.0,0.0,0.0,0.0,1.0,0.0,0.0
8,10,0.0,0.0,0.0,0.0,0.0,0.0,0.0,0.0,0.0,0.0,1.0,0.0,0.0
8,10,0.0,0.0,0.0,0.0,0.0,0.0,0.0,0.0,0.0,0.0,1.0,0.0,0.0
8,10,0.0,0.0,0.0,0.0,0.0,0.0,0.0,0.0,0.0,0.0,1.0,0.0,0.0
8,10,0.0,0.0,0.0,0.0,0.0,0.0,0.0,0.0,0.0,0.0,1.0,0.0,0.0
8,10,0.0,0.0,0.0,0.0,0.0,0.0,0.0,0.0,0.0,0.0,1.0,0.0,0.0
8,10,0.0,0.0,0.0,0.0,0.0,0.0,0.0,0.0,0.0,0.0,1.0,0.0,0.0
8,10,0.0,0.0,0.0,0.0,0.0,0.0,0.0,0.0,0.0,0.0,1.0,0.0,0.0
8,10,0.0,0.0,0.0,0.0,0.0,0.0,0.0,0.0,0.0,0.0,1.0,0.0,0.0
8,10,0.0,0.0,0.0,0.0,0.0,0.0,0.0,0.0,0.0,0.0,1.0,0.0,0.0
8,10,0.0,0.0,0.0,0.0,0.0,0.0,0.0,0.0,0.0,0.0,1.0,0.0,0.0
8,10,0.0,0.0,0.0,0.0,0.0,0.0,0.0,0.0,0.0,0.0,1.0,0.0,0.0
8,10,0.0,0.0,0.0,0.0,0.0,0.0,0.0,0.0,0.0,0.0,1.0,0.0,0.0
8,10,0.0,0.0,0.0,0.0,0.0,0.0,0.0,0.0,0.0,0.0,1.0,0.0,0.0
8,10,0.0,0.0,0.0,0.0,0.0,0.0,0.0,0.0,0.0,0.0,1.0,0.0,0.0
8,10,0.0,0.0,0.0,0.0,0.0,0.0,0.0,0.0,0.0,0.0,1.0,0.0,0.0
8,10,0.0,0.0,0.0,0.0,0.0,0.0,0.0,0.0,0.0,0.0,1.0,0.0,0.0
8,10,0.0,0.0,0.0,0.0,0.0,0.0,0.0,0.0,0.0,0.0,1.0,0.0,0.0
8,10,0.0,0.0,0.0,0.0,0.0,0.0,0.0,0.0,0.0,0.0,1.0,0.0,0.0
8,10,0.0,0.0,0.0,0.0,0.0,0.0,0.0,0.0,0.0,0.0,1.0,0.0,0.0
8,10,0.0,0.0,0.0,0.0,0.0,0.0,0.0,0.0,0.0,0.0,1.0,0.0,0.0
8,10,0.0,0.0,0.0,0.0,0.0,0.0,0.0,0.0,0.0,0.0,1.0,0.0,0.0
8,10,0.0,0.0,0.0,0.0,0.0,0.0,0.0,0.0,0.0,0.0,1.0,0.0,0.0
8,10,0.0,0.0,0.0,0.0,0.0,0.0,0.0,0.0,0.0,0.0,1.0,0.0,0.0
8,10,0.0,0.0,0.0,0.0,0.0,0.0,0.0,0.0,0.0,0.0,1.0,0.0,0.0
8,10,0.0,0.0,0.0,0.0,0.0,0.0,0.0,0.0,0.0,0.0,1.0,0.0,0.0
8,10,0.0,0.0,0.0,0.0,0.0,0.0,0.0,0.0,0.0,0.0,1.0,0.0,0.0
8,10,0.0,0.0,0.0,0.0,0.0,0.0,0.0,0.0,0.0,0.0,1.0,0.0,0.0
8,10,0.0,0.0,0.0,0.0,0.0,0.0,0.0,0.0,0.0,0.0,1.0,0.0,0.0
8,10,0.0,0.0,0.0,0.0,0.0,0.0,0.0,0.0,0.0,0.0,1.0,0.0,0.0
8,10,0.0,0.0,0.0,0.0,0.0,0.0,0.0,0.0,0.0,0.0,1.0,0.0,0.0
8,10,0.0,0.0,0.0,0.0,0.0,0.0,0.0,0.0,0.0,0.0,1.0,0.0,0.0
8,10,0.0,0.0,0.0,0.0,0.0,0.0,0.0,0.0,0.0,0.0,1.0,0.0,0.0
8,10,0.0,0.0,0.0,0.0,0.0,0.0,0.0,0.0,0.0,0.0,1.0,0.0,0.0
8,10,0.0,0.0,0.0,0.0,0.0,0.0,0.0,0.0,0.0,0.0,1.0,0.0,0.0
8,10,0.0,0.0,0.0,0.0,0.0,0.0,0.0,0.0,0.0,0.0,1.0,0.0,0.0
8,10,0.0,0.0,0.0,0.0,0.0,0.0,0.0,0.0,0.0,0.0,1.0,0.0,0.0
8,10,0.0,0.0,0.0,0.0,0.0,0.0,0.0,0.0,0.0,0.0,1.0,0.0,0.0
8,10,0.0,0.0,0.0,0.0,0.0,0.0,0.0,0.0,0.0,0.0,1.0,0.0,0.0
8,10,0.0,0.0,0.0,0.0,0.0,0.0,0.0,0.0,0.0,0.0,1.0,0.0,0.0
8,10,0.0,0.0,0.0,0.0,0.0,0.0,0.0,0.0,0.0,0.0,1.0,0.0,0.0
8,10,0.0,0.0,0.0,0.0,0.0,0.0,0.0,0.0,0.0,0.0,1.0,0.0,0.0
8,10,0.0,0.0,0.0,0.0,0.0,0.0,0.0,0.0,0.0,0.0,1.0,0.0,0.0
8,10,0.0,0.0,0.0,0.0,0.0,0.0,0.0,0.0,0.0,0.0,1.0,0.0,0.0
8,10,0.0,0.0,0.0,0.0,0.0,0.0,0.0,0.0,0.0,0.0,1.0,0.0,0.0
8,10,0.0,0.0,0.0,0.0,0.0,0.0,0.0,0.0,0.0,0.0,1.0,0.0,0.0
8,10,0.0,0.0,0.0,0.0,0.0,0.0,0.0,0.0,0.0,0.0,1.0,0.0,0.0
8,10,0.0,0.0,0.0,0.0,0.0,0.0,0.0,0.0,0.0,0.0,1.0,0.0,0.0
8,10,0.0,0.0,0.0,0.0,0.0,0.0,0.0,0.0,0.0,0.0,1.0,0.0,0.0
8,10,0.0,0.0,0.0,0.0,0.0,0.0,0.0,0.0,0.0,0.0,1.0,0.0,0.0
8,10,0.0,0.0,0.0,0.0,0.0,0.0,0.0,0.0,0.0,0.0,1.0,0.0,0.0
8,10,0.0,0.0,0.0,0.0,0.0,0.0,0.0,0.0,0.0,0.0,1.0,0.0,0.0
8,10,0.0,0.0,0.0,0.0,0.0,0.0,0.0,0.0,0.0,0.0,1.0,0.0,0.0
8,10,0.0,0.0,0.0,0.0,0.0,0.0,0.0,0.0,0.0,0.0,1.0,0.0,0.0
8,10,0.0,0.0,0.0,0.0,0.0,0.0,0.0,0.0,0.0,0.0,1.0,0.0,0.0
8,10,0.0,0.0,0.0,0.0,0.0,0.0,0.0,0.0,0.0,0.0,1.0,0.0,0.0
8,10,0.0,0.0,0.0,0.0,0.0,0.0,0.0,0.0,0.0,0.0,1.0,0.0,0.0
8,10,0.0,0.0,0.0,0.0,0.0,0.0,0.0,0.0,0.0,0.0,1.0,0.0,0.0
8,10,0.0,0.0,0.0,0.0,0.0,0.0,0.0,0.0,0.0,0.0,1.0,0.0,0.0
8,10,0.0,0.0,0.0,0.0,0.0,0.0,0.0,0.0,0.0,0.0,1.0,0.0,0.0
8,10,0.0,0.0,0.0,0.0,0.0,0.0,0.0,0.0,0.0,0.0,1.0,0.0,0.0
8,10,0.0,0.0,0.0,0.0,0.0,0.0,0.0,0.0,0.0,0.0,1.0,0.0,0.0
8,10,0.0,0.0,0.0,0.0,0.0,0.0,0.0,0.0,0.0,0.0,1.0,0.0,0.0
8,10,0.0,0.0,0.0,0.0,0.0,0.0,0.0,0.0,0.0,0.0,1.0,0.0,0.0
8,10,0.0,0.0,0.0,0.0,0.0,0.0,0.0,0.0,0.0,0.0,1.0,0.0,0.0
8,10,0.0,0.0,0.0,0.0,0.0,0.0,0.0,0.0,0.0,0.0,1.0,0.0,0.0
8,10,0.0,0.0,0.0,0.0,0.0,0.0,0.0,0.0,0.0,0.0,1.0,0.0,0.0
8,10,0.0,0.0,0.0,0.0,0.0,0.0,0.0,0.0,0.0,0.0,1.0,0.0,0.0
8,10,0.0,0.0,0.0,0.0,0.0,0.0,0.0,0.0,0.0,0.0,1.0,0.0,0.0
8,10,0.0,0.0,0.0,0.0,0.0,0.0,0.0,0.0,0.0,0.0,1.0,0.0,0.0
8,10,0.0,0.0,0.0,0.0,0.0,0.0,0.0,0.0,0.0,0.0,1.0,0.0,0.0
8,10,0.0,0.0,0.0,0.0,0.0,0.0,0.0,0.0,0.0,0.0,1.0,0.0,0.0
8,10,0.0,0.0,0.0,0.0,0.0,0.0,0.0,0.0,0.0,0.0,1.0,0.0,0.0
8,10,0.0,0.0,0.0,0.0,0.0,0.0,0.0,0.0,0.0,0.0,1.0,0.0,0.0
8,10,0.0,0.0,0.0,0.0,0.0,0.0,0.0,0.0,0.0,0.0,1.0,0.0,0.0
8,10,0.0,0.0,0.0,0.0,0.0,0.0,0.0,0.0,0.0,0.0,1.0,0.0,0.0
8,10,0.0,0.0,0.0,0.0,0.0,0.0,0.0,0.0,0.0,0.0,1.0,0.0,0.0
8,10,0.0,0.0,0.0,0.0,0.0,0.0,0.0,0.0,0.0,0.0,1.0,0.0,0.0
8,10,0.0,0.0,0.0,0.0,0.0,0.0,0.0,0.0,0.0,0.0,1.0,0.0,0.0
8,10,0.0,0.0,0.0,0.0,0.0,0.0,0.0,0.0,0.0,0.0,1.0,0.0,0.0
8,10,0.0,0.0,0.0,0.0,0.0,0.0,0.0,0.0,0.0,0.0,1.0,0.0,0.0
8,10,0.0,0.0,0.0,0.0,0.0,0.0,0.0,0.0,0.0,0.0,1.0,0.0,0.0
8,10,0.0,0.0,0.0,0.0,0.0,0.0,0.0,0.0,0.0,0.0,1.0,0.0,0.0
8,10,0.0,0.0,0.0,0.0,0.0,0.0,0.0,0.0,0.0,0.0,1.0,0.0,0.0
8,10,0.0,0.0,0.0,0.0,0.0,0.0,0.0,0.0,0.0,0.0,1.0,0.0,0.0
8,10,0.0,0.0,0.0,0.0,0.0,0.0,0.0,0.0,0.0,0.0,1.0,0.0,0.0
8,10,0.0,0.0,0.0,0.0,0.0,0.0,0.0,0.0,0.0,0.0,1.0,0.0,0.0
8,10,0.0,0.0,0.0,0.0,0.0,0.0,0.0,0.0,0.0,0.0,1.0,0.0,0.0
8,10,0.0,0.0,0.0,0.0,0.0,0.0,0.0,0.0,0.0,0.0,1.0,0.0,0.0
8,10,0.0,0.0,0.0,0.0,0.0,0.0,0.0,0.0,0.0,0.0,1.0,0.0,0.0
8,10,0.0,0.0,0.0,0.0,0.0,0.0,0.0,0.0,0.0,0.0,1.0,0.0,0.0
8,10,0.0,0.0,0.0,0.0,0.0,0.0,0.0,0.0,0.0,0.0,1.0,0.0,0.0
8,10,0.0,0.0,0.0,0.0,0.0,0.0,0.0,0.0,0.0,0.0,1.0,0.0,0.0
8,10,0.0,0.0,0.0,0.0,0.0,0.0,0.0,0.0,0.0,0.0,1.0,0.0,0.0
8,10,0.0,0.0,0.0,0.0,0.0,0.0,0.0,0.0,0.0,0.0,1.0,0.0,0.0
8,10,0.0,0.0,0.0,0.0,0.0,0.0,0.0,0.0,0.0,0.0,1.0,0.0,0.0
8,10,0.0,0.0,0.0,0.0,0.0,0.0,0.0,0.0,0.0,0.0,1.0,0.0,0.0
8,10,0.0,0.0,0.0,0.0,0.0,0.0,0.0,0.0,0.0,0.0,1.0,0.0,0.0
8,10,0.0,0.0,0.0,0.0,0.0,0.0,0.0,0.0,0.0,0.0,1.0,0.0,0.0
8,10,0.0,0.0,0.0,0.0,0.0,0.0,0.0,0.0,0.0,0.0,1.0,0.0,0.0
8,10,0.0,0.0,0.0,0.0,0.0,0.0,0.0,0.0,0.0,0.0,1.0,0.0,0.0
8,10,0.0,0.0,0.0,0.0,0.0,0.0,0.0,0.0,0.0,0.0,1.0,0.0,0.0
8,10,0.0,0.0,0.0,0.0,0.0,0.0,0.0,0.0,0.0,0.0,1.0,0.0,0.0
8,10,0.0,0.0,0.0,0.0,0.0,0.0,0.0,0.0,0.0,0.0,1.0,0.0,0.0
8,10,0.0,0.0,0.0,0.0,0.0,0.0,0.0,0.0,0.0,0.0,1.0,0.0,0.0
8,10,0.0,0.0,0.0,0.0,0.0,0.0,0.0,0.0,0.0,0.0,1.0,0.0,0.0
8,10,0.0,0.0,0.0,0.0,0.0,0.0,0.0,0.0,0.0,0.0,1.0,0.0,0.0
8,10,0.0,0.0,0.0,0.0,0.0,0.0,0.0,0.0,0.0,0.0,1.0,0.0,0.0
8,10,0.0,0.0,0.0,0.0,0.0,0.0,0.0,0.0,0.0,0.0,1.0,0.0,0.0
8,10,0.0,0.0,0.0,0.0,0.0,0.0,0.0,0.0,0.0,0.0,1.0,0.0,0.0
8,10,0.0,0.0,0.0,0.0,0.0,0.0,0.0,0.0,0.0,0.0,1.0,0.0,0.0
8,10,0.0,0.0,0.0,0.0,0.0,0.0,0.0,0.0,0.0,0.0,1.0,0.0,0.0
8,10,0.0,0.0,0.0,0.0,0.0,0.0,0.0,0.0,0.0,0.0,1.0,0.0,0.0
8,10,0.0,0.0,0.0,0.0,0.0,0.0,0.0,0.0,0.0,0.0,1.0,0.0,0.0
8,10,0.0,0.0,0.0,0.0,0.0,0.0,0.0,0.0,0.0,0.0,1.0,0.0,0.0
8,10,0.0,0.0,0.0,0.0,0.0,0.0,0.0,0.0,0.0,0.0,1.0,0.0,0.0
8,10,0.0,0.0,0.0,0.0,0.0,0.0,0.0,0.0,0.0,0.0,1.0,0.0,0.0
8,10,0.0,0.0,0.0,0.0,0.0,0.0,0.0,0.0,0.0,0.0,1.0,0.0,0.0
8,10,0.0,0.0,0.0,0.0,0.0,0.0,0.0,0.0,0.0,0.0,1.0,0.0,0.0
8,10,0.0,0.0,0.0,0.0,0.0,0.0,0.0,0.0,0.0,0.0,1.0,0.0,0.0
8,10,0.0,0.0,0.0,0.0,0.0,0.0,0.0,0.0,0.0,0.0,1.0,0.0,0.0
8,10,0.0,0.0,0.0,0.0,0.0,0.0,0.0,0.0,0.0,0.0,1.0,0.0,0.0
8,10,0.0,0.0,0.0,0.0,0.0,0.0,0.0,0.0,0.0,0.0,1.0,0.0,0.0
8,10,0.0,0.0,0.0,0.0,0.0,0.0,0.0,0.0,0.0,0.0,1.0,0.0,0.0
8,10,0.0,0.0,0.0,0.0,0.0,0.0,0.0,0.0,0.0,0.0,1.0,0.0,0.0
8,10,0.0,0.0,0.0,0.0,0.0,0.0,0.0,0.0,0.0,0.0,1.0,0.0,0.0
8,10,0.0,0.0,0.0,0.0,0.0,0.0,0.0,0.0,0.0,0.0,1.0,0.0,0.0
8,10,0.0,0.0,0.0,0.0,0.0,0.0,0.0,0.0,0.0,0.0,1.0,0.0,0.0
8,10,0.0,0.0,0.0,0.0,0.0,0.0,0.0,0.0,0.0,0.0,1.0,0.0,0.0
8,10,0.0,0.0,0.0,0.0,0.0,0.0,0.0,0.0,0.0,0.0,1.0,0.0,0.0
8,10,0.0,0.0,0.0,0.0,0.0,0.0,0.0,0.0,0.0,0.0,1.0,0.0,0.0
8,10,0.0,0.0,0.0,0.0,0.0,0.0,0.0,0.0,0.0,0.0,1.0,0.0,0.0
8,10,0.0,0.0,0.0,0.0,0.0,0.0,0.0,0.0,0.0,0.0,1.0,0.0,0.0
8,10,0.0,0.0,0.0,0.0,0.0,0.0,0.0,0.0,0.0,0.0,1.0,0.0,0.0
8,10,0.0,0.0,0.0,0.0,0.0,0.0,0.0,0.0,0.0,0.0,1.0,0.0,0.0
8,10,0.0,0.0,0.0,0.0,0.0,0.0,0.0,0.0,0.0,0.0,1.0,0.0,0.0
8,10,0.0,0.0,0.0,0.0,0.0,0.0,0.0,0.0,0.0,0.0,1.0,0.0,0.0
8,10,0.0,0.0,0.0,0.0,0.0,0.0,0.0,0.0,0.0,0.0,1.0,0.0,0.0
8,10,0.0,0.0,0.0,0.0,0.0,0.0,0.0,0.0,0.0,0.0,1.0,0.0,0.0
8,10,0.0,0.0,0.0,0.0,0.0,0.0,0.0,0.0,0.0,0.0,1.0,0.0,0.0
8,10,0.0,0.0,0.0,0.0,0.0,0.0,0.0,0.0,0.0,0.0,1.0,0.0,0.0
8,10,0.0,0.0,0.0,0.0,0.0,0.0,0.0,0.0,0.0,0.0,1.0,0.0,0.0
8,10,0.0,0.0,0.0,0.0,0.0,0.0,0.0,0.0,0.0,0.0,1.0,0.0,0.0
8,10,0.0,0.0,0.0,0.0,0.0,0.0,0.0,0.0,0.0,0.0,1.0,0.0,0.0
8,10,0.0,0.0,0.0,0.0,0.0,0.0,0.0,0.0,0.0,0.0,1.0,0.0,0.0
8,10,0.0,0.0,0.0,0.0,0.0,0.0,0.0,0.0,0.0,0.0,1.0,0.0,0.0
8,10,0.0,0.0,0.0,0.0,0.0,0.0,0.0,0.0,0.0,0.0,1.0,0.0,0.0
8,10,0.0,0.0,0.0,0.0,0.0,0.0,0.0,0.0,0.0,0.0,1.0,0.0,0.0
8,10,0.0,0.0,0.0,0.0,0.0,0.0,0.0,0.0,0.0,0.0,1.0,0.0,0.0
8,10,0.0,0.0,0.0,0.0,0.0,0.0,0.0,0.0,0.0,0.0,1.0,0.0,0.0
8,10,0.0,0.0,0.0,0.0,0.0,0.0,0.0,0.0,0.0,0.0,1.0,0.0,0.0
8,10,0.0,0.0,0.0,0.0,0.0,0.0,0.0,0.0,0.0,0.0,1.0,0.0,0.0
8,10,0.0,0.0,0.0,0.0,0.0,0.0,0.0,0.0,0.0,0.0,1.0,0.0,0.0
8,10,0.0,0.0,0.0,0.0,0.0,0.0,0.0,0.0,0.0,0.0,1.0,0.0,0.0
8,10,0.0,0.0,0.0,0.0,0.0,0.0,0.0,0.0,0.0,0.0,1.0,0.0,0.0
8,10,0.0,0.0,0.0,0.0,0.0,0.0,0.0,0.0,0.0,0.0,1.0,0.0,0.0
8,10,0.0,0.0,0.0,0.0,0.0,0.0,0.0,0.0,0.0,0.0,1.0,0.0,0.0
8,10,0.0,0.0,0.0,0.0,0.0,0.0,0.0,0.0,0.0,0.0,1.0,0.0,0.0
8,10,0.0,0.0,0.0,0.0,0.0,0.0,0.0,0.0,0.0,0.0,1.0,0.0,0.0
8,10,0.0,0.0,0.0,0.0,0.0,0.0,0.0,0.0,0.0,0.0,1.0,0.0,0.0
8,10,0.0,0.0,0.0,0.0,0.0,0.0,0.0,0.0,0.0,0.0,1.0,0.0,0.0
8,10,0.0,0.0,0.0,0.0,0.0,0.0,0.0,0.0,0.0,0.0,1.0,0.0,0.0
8,10,0.0,0.0,0.0,0.0,0.0,0.0,0.0,0.0,0.0,0.0,1.0,0.0,0.0
8,10,0.0,0.0,0.0,0.0,0.0,0.0,0.0,0.0,0.0,0.0,1.0,0.0,0.0
8,10,0.0,0.0,0.0,0.0,0.0,0.0,0.0,0.0,0.0,0.0,1.0,0.0,0.0
8,10,0.0,0.0,0.0,0.0,0.0,0.0,0.0,0.0,0.0,0.0,1.0,0.0,0.0
8,10,0.0,0.0,0.0,0.0,0.0,0.0,0.0,0.0,0.0,0.0,1.0,0.0,0.0
8,10,0.0,0.0,0.0,0.0,0.0,0.0,0.0,0.0,0.0,0.0,1.0,0.0,0.0
8,10,0.0,0.0,0.0,0.0,0.0,0.0,0.0,0.0,0.0,0.0,1.0,0.0,0.0
8,10,0.0,0.0,0.0,0.0,0.0,0.0,0.0,0.0,0.0,0.0,1.0,0.0,0.0
8,10,0.0,0.0,0.0,0.0,0.0,0.0,0.0,0.0,0.0,0.0,1.0,0.0,0.0
8,10,0.0,0.0,0.0,0.0,0.0,0.0,0.0,0.0,0.0,0.0,1.0,0.0,0.0
8,10,0.0,0.0,0.0,0.0,0.0,0.0,0.0,0.0,0.0,0.0,1.0,0.0,0.0
8,10,0.0,0.0,0.0,0.0,0.0,0.0,0.0,0.0,0.0,0.0,1.0,0.0,0.0
8,10,0.0,0.0,0.0,0.0,0.0,0.0,0.0,0.0,0.0,0.0,1.0,0.0,0.0
8,10,0.0,0.0,0.0,0.0,0.0,0.0,0.0,0.0,0.0,0.0,1.0,0.0,0.0
8,10,0.0,0.0,0.0,0.0,0.0,0.0,0.0,0.0,0.0,0.0,1.0,0.0,0.0
8,10,0.0,0.0,0.0,0.0,0.0,0.0,0.0,0.0,0.0,0.0,1.0,0.0,0.0
8,10,0.0,0.0,0.0,0.0,0.0,0.0,0.0,0.0,0.0,0.0,1.0,0.0,0.0
8,10,0.0,0.0,0.0,0.0,0.0,0.0,0.0,0.0,0.0,0.0,1.0,0.0,0.0
8,10,0.0,0.0,0.0,0.0,0.0,0.0,0.0,0.0,0.0,0.0,1.0,0.0,0.0
8,10,0.0,0.0,0.0,0.0,0.0,0.0,0.0,0.0,0.0,0.0,1.0,0.0,0.0
8,10,0.0,0.0,0.0,0.0,0.0,0.0,0.0,0.0,0.0,0.0,1.0,0.0,0.0
8,10,0.0,0.0,0.0,0.0,0.0,0.0,0.0,0.0,0.0,0.0,1.0,0.0,0.0
8,10,0.0,0.0,0.0,0.0,0.0,0.0,0.0,0.0,0.0,0.0,1.0,0.0,0.0
8,10,0.0,0.0,0.0,0.0,0.0,0.0,0.0,0.0,0.0,0.0,1.0,0.0,0.0
8,10,0.0,0.0,0.0,0.0,0.0,0.0,0.0,0.0,0.0,0.0,1.0,0.0,0.0
8,10,0.0,0.0,0.0,0.0,0.0,0.0,0.0,0.0,0.0,0.0,1.0,0.0,0.0
8,10,0.0,0.0,0.0,0.0,0.0,0.0,0.0,0.0,0.0,0.0,1.0,0.0,0.0
8,10,0.0,0.0,0.0,0.0,0.0,0.0,0.0,0.0,0.0,0.0,1.0,0.0,0.0
8,10,0.0,0.0,0.0,0.0,0.0,0.0,0.0,0.0,0.0,0.0,1.0,0.0,0.0
8,10,0.0,0.0,0.0,0.0,0.0,0.0,0.0,0.0,0.0,0.0,1.0,0.0,0.0
8,10,0.0,0.0,0.0,0.0,0.0,0.0,0.0,0.0,0.0,0.0,1.0,0.0,0.0
8,10,0.0,0.0,0.0,0.0,0.0,0.0,0.0,0.0,0.0,0.0,1.0,0.0,0.0
8,10,0.0,0.0,0.0,0.0,0.0,0.0,0.0,0.0,0.0,0.0,1.0,0.0,0.0
8,10,0.0,0.0,0.0,0.0,0.0,0.0,0.0,0.0,0.0,0.0,1.0,0.0,0.0
8,10,0.0,0.0,0.0,0.0,0.0,0.0,0.0,0.0,0.0,0.0,1.0,0.0,0.0
8,10,0.0,0.0,0.0,0.0,0.0,0.0,0.0,0.0,0.0,0.0,1.0,0.0,0.0
8,10,0.0,0.0,0.0,0.0,0.0,0.0,0.0,0.0,0.0,0.0,1.0,0.0,0.0
8,10,0.0,0.0,0.0,0.0,0.0,0.0,0.0,0.0,0.0,0.0,1.0,0.0,0.0
8,10,0.0,0.0,0.0,0.0,0.0,0.0,0.0,0.0,0.0,0.0,1.0,0.0,0.0
8,10,0.0,0.0,0.0,0.0,0.0,0.0,0.0,0.0,0.0,0.0,1.0,0.0,0.0
8,10,0.0,0.0,0.0,0.0,0.0,0.0,0.0,0.0,0.0,0.0,1.0,0.0,0.0
8,10,0.0,0.0,0.0,0.0,0.0,0.0,0.0,0.0,0.0,0.0,1.0,0.0,0.0
8,10,0.0,0.0,0.0,0.0,0.0,0.0,0.0,0.0,0.0,0.0,1.0,0.0,0.0
8,10,0.0,0.0,0.0,0.0,0.0,0.0,0.0,0.0,0.0,0.0,1.0,0.0,0.0
8,10,0.0,0.0,0.0,0.0,0.0,0.0,0.0,0.0,0.0,0.0,1.0,0.0,0.0
8,10,0.0,0.0,0.0,0.0,0.0,0.0,0.0,0.0,0.0,0.0,1.0,0.0,0.0
8,10,0.0,0.0,0.0,0.0,0.0,0.0,0.0,0.0,0.0,0.0,1.0,0.0,0.0
8,10,0.0,0.0,0.0,0.0,0.0,0.0,0.0,0.0,0.0,0.0,1.0,0.0,0.0
8,10,0.0,0.0,0.0,0.0,0.0,0.0,0.0,0.0,0.0,0.0,1.0,0.0,0.0
8,10,0.0,0.0,0.0,0.0,0.0,0.0,0.0,0.0,0.0,0.0,1.0,0.0,0.0
8,10,0.0,0.0,0.0,0.0,0.0,0.0,0.0,0.0,0.0,0.0,1.0,0.0,0.0
8,10,0.0,0.0,0.0,0.0,0.0,0.0,0.0,0.0,0.0,0.0,1.0,0.0,0.0
8,10,0.0,0.0,0.0,0.0,0.0,0.0,0.0,0.0,0.0,0.0,1.0,0.0,0.0
8,10,0.0,0.0,0.0,0.0,0.0,0.0,0.0,0.0,0.0,0.0,1.0,0.0,0.0
8,10,0.0,0.0,0.0,0.0,0.0,0.0,0.0,0.0,0.0,0.0,1.0,0.0,0.0
8,10,0.0,0.0,0.0,0.0,0.0,0.0,0.0,0.0,0.0,0.0,1.0,0.0,0.0
8,10,0.0,0.0,0.0,0.0,0.0,0.0,0.0,0.0,0.0,0.0,1.0,0.0,0.0
8,10,0.0,0.0,0.0,0.0,0.0,0.0,0.0,0.0,0.0,0.0,1.0,0.0,0.0
8,10,0.0,0.0,0.0,0.0,0.0,0.0,0.0,0.0,0.0,0.0,1.0,0.0,0.0
8,10,0.0,0.0,0.0,0.0,0.0,0.0,0.0,0.0,0.0,0.0,1.0,0.0,0.0
8,10,0.0,0.0,0.0,0.0,0.0,0.0,0.0,0.0,0.0,0.0,1.0,0.0,0.0
8,10,0.0,0.0,0.0,0.0,0.0,0.0,0.0,0.0,0.0,0.0,1.0,0.0,0.0
8,10,0.0,0.0,0.0,0.0,0.0,0.0,0.0,0.0,0.0,0.0,1.0,0.0,0.0
8,10,0.0,0.0,0.0,0.0,0.0,0.0,0.0,0.0,0.0,0.0,1.0,0.0,0.0
8,10,0.0,0.0,0.0,0.0,0.0,0.0,0.0,0.0,0.0,0.0,1.0,0.0,0.0
8,10,0.0,0.0,0.0,0.0,0.0,0.0,0.0,0.0,0.0,0.0,1.0,0.0,0.0
8,10,0.0,0.0,0.0,0.0,0.0,0.0,0.0,0.0,0.0,0.0,1.0,0.0,0.0
8,10,0.0,0.0,0.0,0.0,0.0,0.0,0.0,0.0,0.0,0.0,1.0,0.0,0.0
8,10,0.0,0.0,0.0,0.0,0.0,0.0,0.0,0.0,0.0,0.0,1.0,0.0,0.0
8,10,0.0,0.0,0.0,0.0,0.0,0.0,0.0,0.0,0.0,0.0,1.0,0.0,0.0
8,10,0.0,0.0,0.0,0.0,0.0,0.0,0.0,0.0,0.0,0.0,1.0,0.0,0.0
8,10,0.0,0.0,0.0,0.0,0.0,0.0,0.0,0.0,0.0,0.0,1.0,0.0,0.0
8,10,0.0,0.0,0.0,0.0,0.0,0.0,0.0,0.0,0.0,0.0,1.0,0.0,0.0
8,10,0.0,0.0,0.0,0.0,0.0,0.0,0.0,0.0,0.0,0.0,1.0,0.0,0.0
8,10,0.0,0.0,0.0,0.0,0.0,0.0,0.0,0.0,0.0,0.0,1.0,0.0,0.0
8,10,0.0,0.0,0.0,0.0,0.0,0.0,0.0,0.0,0.0,0.0,1.0,0.0,0.0
8,10,0.0,0.0,0.0,0.0,0.0,0.0,0.0,0.0,0.0,0.0,1.0,0.0,0.0
8,10,0.0,0.0,0.0,0.0,0.0,0.0,0.0,0.0,0.0,0.0,1.0,0.0,0.0
8,10,0.0,0.0,0.0,0.0,0.0,0.0,0.0,0.0,0.0,0.0,1.0,0.0,0.0
8,10,0.0,0.0,0.0,0.0,0.0,0.0,0.0,0.0,0.0,0.0,1.0,0.0,0.0
8,10,0.0,0.0,0.0,0.0,0.0,0.0,0.0,0.0,0.0,0.0,1.0,0.0,0.0
8,10,0.0,0.0,0.0,0.0,0.0,0.0,0.0,0.0,0.0,0.0,1.0,0.0,0.0
8,10,0.0,0.0,0.0,0.0,0.0,0.0,0.0,0.0,0.0,0.0,1.0,0.0,0.0
8,10,0.0,0.0,0.0,0.0,0.0,0.0,0.0,0.0,0.0,0.0,1.0,0.0,0.0
8,10,0.0,0.0,0.0,0.0,0.0,0.0,0.0,0.0,0.0,0.0,1.0,0.0,0.0
8,10,0.0,0.0,0.0,0.0,0.0,0.0,0.0,0.0,0.0,0.0,1.0,0.0,0.0
8,10,0.0,0.0,0.0,0.0,0.0,0.0,0.0,0.0,0.0,0.0,1.0,0.0,0.0
8,10,0.0,0.0,0.0,0.0,0.0,0.0,0.0,0.0,0.0,0.0,1.0,0.0,0.0
8,10,0.0,0.0,0.0,0.0,0.0,0.0,0.0,0.0,0.0,0.0,1.0,0.0,0.0
8,10,0.0,0.0,0.0,0.0,0.0,0.0,0.0,0.0,0.0,0.0,1.0,0.0,0.0
8,10,0.0,0.0,0.0,0.0,0.0,0.0,0.0,0.0,0.0,0.0,1.0,0.0,0.0
8,10,0.0,0.0,0.0,0.0,0.0,0.0,0.0,0.0,0.0,0.0,1.0,0.0,0.0
8,10,0.0,0.0,0.0,0.0,0.0,0.0,0.0,0.0,0.0,0.0,1.0,0.0,0.0
8,10,0.0,0.0,0.0,0.0,0.0,0.0,0.0,0.0,0.0,0.0,1.0,0.0,0.0
8,10,0.0,0.0,0.0,0.0,0.0,0.0,0.0,0.0,0.0,0.0,1.0,0.0,0.0
8,10,0.0,0.0,0.0,0.0,0.0,0.0,0.0,0.0,0.0,0.0,1.0,0.0,0.0
8,10,0.0,0.0,0.0,0.0,0.0,0.0,0.0,0.0,0.0,0.0,1.0,0.0,0.0
8,10,0.0,0.0,0.0,0.0,0.0,0.0,0.0,0.0,0.0,0.0,1.0,0.0,0.0
8,10,0.0,0.0,0.0,0.0,0.0,0.0,0.0,0.0,0.0,0.0,1.0,0.0,0.0
8,10,0.0,0.0,0.0,0.0,0.0,0.0,0.0,0.0,0.0,0.0,1.0,0.0,0.0
8,10,0.0,0.0,0.0,0.0,0.0,0.0,0.0,0.0,0.0,0.0,1.0,0.0,0.0
8,10,0.0,0.0,0.0,0.0,0.0,0.0,0.0,0.0,0.0,0.0,1.0,0.0,0.0
8,10,0.0,0.0,0.0,0.0,0.0,0.0,0.0,0.0,0.0,0.0,1.0,0.0,0.0
8,10,0.0,0.0,0.0,0.0,0.0,0.0,0.0,0.0,0.0,0.0,1.0,0.0,0.0
8,10,0.0,0.0,0.0,0.0,0.0,0.0,0.0,0.0,0.0,0.0,1.0,0.0,0.0
8,10,0.0,0.0,0.0,0.0,0.0,0.0,0.0,0.0,0.0,0.0,1.0,0.0,0.0
8,10,0.0,0.0,0.0,0.0,0.0,0.0,0.0,0.0,0.0,0.0,1.0,0.0,0.0
8,10,0.0,0.0,0.0,0.0,0.0,0.0,0.0,0.0,0.0,0.0,1.0,0.0,0.0
8,10,0.0,0.0,0.0,0.0,0.0,0.0,0.0,0.0,0.0,0.0,1.0,0.0,0.0
8,10,0.0,0.0,0.0,0.0,0.0,0.0,0.0,0.0,0.0,0.0,1.0,0.0,0.0
8,10,0.0,0.0,0.0,0.0,0.0,0.0,0.0,0.0,0.0,0.0,1.0,0.0,0.0
8,10,0.0,0.0,0.0,0.0,0.0,0.0,0.0,0.0,0.0,0.0,1.0,0.0,0.0
8,10,0.0,0.0,0.0,0.0,0.0,0.0,0.0,0.0,0.0,0.0,1.0,0.0,0.0
8,10,0.0,0.0,0.0,0.0,0.0,0.0,0.0,0.0,0.0,0.0,1.0,0.0,0.0
8,10,0.0,0.0,0.0,0.0,0.0,0.0,0.0,0.0,0.0,0.0,1.0,0.0,0.0
8,10,0.0,0.0,0.0,0.0,0.0,0.0,0.0,0.0,0.0,0.0,1.0,0.0,0.0
8,10,0.0,0.0,0.0,0.0,0.0,0.0,0.0,0.0,0.0,0.0,1.0,0.0,0.0
8,10,0.0,0.0,0.0,0.0,0.0,0.0,0.0,0.0,0.0,0.0,1.0,0.0,0.0
8,10,0.0,0.0,0.0,0.0,0.0,0.0,0.0,0.0,0.0,0.0,1.0,0.0,0.0
8,10,0.0,0.0,0.0,0.0,0.0,0.0,0.0,0.0,0.0,0.0,1.0,0.0,0.0
8,10,0.0,0.0,0.0,0.0,0.0,0.0,0.0,0.0,0.0,0.0,1.0,0.0,0.0
8,10,0.0,0.0,0.0,0.0,0.0,0.0,0.0,0.0,0.0,0.0,1.0,0.0,0.0
8,10,0.0,0.0,0.0,0.0,0.0,0.0,0.0,0.0,0.0,0.0,1.0,0.0,0.0
8,10,0.0,0.0,0.0,0.0,0.0,0.0,0.0,0.0,0.0,0.0,1.0,0.0,0.0
8,10,0.0,0.0,0.0,0.0,0.0,0.0,0.0,0.0,0.0,0.0,1.0,0.0,0.0
8,10,0.0,0.0,0.0,0.0,0.0,0.0,0.0,0.0,0.0,0.0,1.0,0.0,0.0
8,10,0.0,0.0,0.0,0.0,0.0,0.0,0.0,0.0,0.0,0.0,1.0,0.0,0.0
8,10,0.0,0.0,0.0,0.0,0.0,0.0,0.0,0.0,0.0,0.0,1.0,0.0,0.0
8,10,0.0,0.0,0.0,0.0,0.0,0.0,0.0,0.0,0.0,0.0,1.0,0.0,0.0
8,10,0.0,0.0,0.0,0.0,0.0,0.0,0.0,0.0,0.0,0.0,1.0,0.0,0.0
8,10,0.0,0.0,0.0,0.0,0.0,0.0,0.0,0.0,0.0,0.0,1.0,0.0,0.0
8,10,0.0,0.0,0.0,0.0,0.0,0.0,0.0,0.0,0.0,0.0,1.0,0.0,0.0
8,10,0.0,0.0,0.0,0.0,0.0,0.0,0.0,0.0,0.0,0.0,1.0,0.0,0.0
8,10,0.0,0.0,0.0,0.0,0.0,0.0,0.0,0.0,0.0,0.0,1.0,0.0,0.0
8,10,0.0,0.0,0.0,0.0,0.0,0.0,0.0,0.0,0.0,0.0,1.0,0.0,0.0
8,10,0.0,0.0,0.0,0.0,0.0,0.0,0.0,0.0,0.0,0.0,1.0,0.0,0.0
8,10,0.0,0.0,0.0,0.0,0.0,0.0,0.0,0.0,0.0,0.0,1.0,0.0,0.0
8,10,0.0,0.0,0.0,0.0,0.0,0.0,0.0,0.0,0.0,0.0,1.0,0.0,0.0
8,10,0.0,0.0,0.0,0.0,0.0,0.0,0.0,0.0,0.0,0.0,1.0,0.0,0.0
8,10,0.0,0.0,0.0,0.0,0.0,0.0,0.0,0.0,0.0,0.0,1.0,0.0,0.0
8,10,0.0,0.0,0.0,0.0,0.0,0.0,0.0,0.0,0.0,0.0,1.0,0.0,0.0
8,10,0.0,0.0,0.0,0.0,0.0,0.0,0.0,0.0,0.0,0.0,1.0,0.0,0.0
8,10,0.0,0.0,0.0,0.0,0.0,0.0,0.0,0.0,0.0,0.0,1.0,0.0,0.0
8,10,0.0,0.0,0.0,0.0,0.0,0.0,0.0,0.0,0.0,0.0,1.0,0.0,0.0
8,10,0.0,0.0,0.0,0.0,0.0,0.0,0.0,0.0,0.0,0.0,1.0,0.0,0.0
8,10,0.0,0.0,0.0,0.0,0.0,0.0,0.0,0.0,0.0,0.0,1.0,0.0,0.0
8,10,0.0,0.0,0.0,0.0,0.0,0.0,0.0,0.0,0.0,0.0,1.0,0.0,0.0
8,10,0.0,0.0,0.0,0.0,0.0,0.0,0.0,0.0,0.0,0.0,1.0,0.0,0.0
8,10,0.0,0.0,0.0,0.0,0.0,0.0,0.0,0.0,0.0,0.0,1.0,0.0,0.0
8,10,0.0,0.0,0.0,0.0,0.0,0.0,0.0,0.0,0.0,0.0,1.0,0.0,0.0
8,10,0.0,0.0,0.0,0.0,0.0,0.0,0.0,0.0,0.0,0.0,1.0,0.0,0.0
8,10,0.0,0.0,0.0,0.0,0.0,0.0,0.0,0.0,0.0,0.0,1.0,0.0,0.0
8,10,0.0,0.0,0.0,0.0,0.0,0.0,0.0,0.0,0.0,0.0,1.0,0.0,0.0
8,10,0.0,0.0,0.0,0.0,0.0,0.0,0.0,0.0,0.0,0.0,1.0,0.0,0.0
8,10,0.0,0.0,0.0,0.0,0.0,0.0,0.0,0.0,0.0,0.0,1.0,0.0,0.0
8,10,0.0,0.0,0.0,0.0,0.0,0.0,0.0,0.0,0.0,0.0,1.0,0.0,0.0
8,10,0.0,0.0,0.0,0.0,0.0,0.0,0.0,0.0,0.0,0.0,1.0,0.0,0.0
8,10,0.0,0.0,0.0,0.0,0.0,0.0,0.0,0.0,0.0,0.0,1.0,0.0,0.0
8,10,0.0,0.0,0.0,0.0,0.0,0.0,0.0,0.0,0.0,0.0,1.0,0.0,0.0
8,10,0.0,0.0,0.0,0.0,0.0,0.0,0.0,0.0,0.0,0.0,1.0,0.0,0.0
8,10,0.0,0.0,0.0,0.0,0.0,0.0,0.0,0.0,0.0,0.0,1.0,0.0,0.0
8,10,0.0,0.0,0.0,0.0,0.0,0.0,0.0,0.0,0.0,0.0,1.0,0.0,0.0
8,10,0.0,0.0,0.0,0.0,0.0,0.0,0.0,0.0,0.0,0.0,1.0,0.0,0.0
8,10,0.0,0.0,0.0,0.0,0.0,0.0,0.0,0.0,0.0,0.0,1.0,0.0,0.0
8,10,0.0,0.0,0.0,0.0,0.0,0.0,0.0,0.0,0.0,0.0,1.0,0.0,0.0
8,10,0.0,0.0,0.0,0.0,0.0,0.0,0.0,0.0,0.0,0.0,1.0,0.0,0.0
8,10,0.0,0.0,0.0,0.0,0.0,0.0,0.0,0.0,0.0,0.0,1.0,0.0,0.0
8,10,0.0,0.0,0.0,0.0,0.0,0.0,0.0,0.0,0.0,0.0,1.0,0.0,0.0
8,10,0.0,0.0,0.0,0.0,0.0,0.0,0.0,0.0,0.0,0.0,1.0,0.0,0.0
8,10,0.0,0.0,0.0,0.0,0.0,0.0,0.0,0.0,0.0,0.0,1.0,0.0,0.0
8,10,0.0,0.0,0.0,0.0,0.0,0.0,0.0,0.0,0.0,0.0,1.0,0.0,0.0
8,10,0.0,0.0,0.0,0.0,0.0,0.0,0.0,0.0,0.0,0.0,1.0,0.0,0.0
8,10,0.0,0.0,0.0,0.0,0.0,0.0,0.0,0.0,0.0,0.0,1.0,0.0,0.0
8,10,0.0,0.0,0.0,0.0,0.0,0.0,0.0,0.0,0.0,0.0,1.0,0.0,0.0
8,10,0.0,0.0,0.0,0.0,0.0,0.0,0.0,0.0,0.0,0.0,1.0,0.0,0.0
8,10,0.0,0.0,0.0,0.0,0.0,0.0,0.0,0.0,0.0,0.0,1.0,0.0,0.0
8,10,0.0,0.0,0.0,0.0,0.0,0.0,0.0,0.0,0.0,0.0,1.0,0.0,0.0
8,10,0.0,0.0,0.0,0.0,0.0,0.0,0.0,0.0,0.0,0.0,1.0,0.0,0.0
8,10,0.0,0.0,0.0,0.0,0.0,0.0,0.0,0.0,0.0,0.0,1.0,0.0,0.0
8,10,0.0,0.0,0.0,0.0,0.0,0.0,0.0,0.0,0.0,0.0,1.0,0.0,0.0
8,10,0.0,0.0,0.0,0.0,0.0,0.0,0.0,0.0,0.0,0.0,1.0,0.0,0.0
8,10,0.0,0.0,0.0,0.0,0.0,0.0,0.0,0.0,0.0,0.0,1.0,0.0,0.0
8,10,0.0,0.0,0.0,0.0,0.0,0.0,0.0,0.0,0.0,0.0,1.0,0.0,0.0
8,10,0.0,0.0,0.0,0.0,0.0,0.0,0.0,0.0,0.0,0.0,1.0,0.0,0.0
8,10,0.0,0.0,0.0,0.0,0.0,0.0,0.0,0.0,0.0,0.0,1.0,0.0,0.0
8,10,0.0,0.0,0.0,0.0,0.0,0.0,0.0,0.0,0.0,0.0,1.0,0.0,0.0
8,10,0.0,0.0,0.0,0.0,0.0,0.0,0.0,0.0,0.0,0.0,1.0,0.0,0.0
8,10,0.0,0.0,0.0,0.0,0.0,0.0,0.0,0.0,0.0,0.0,1.0,0.0,0.0
8,10,0.0,0.0,0.0,0.0,0.0,0.0,0.0,0.0,0.0,0.0,1.0,0.0,0.0
8,10,0.0,0.0,0.0,0.0,0.0,0.0,0.0,0.0,0.0,0.0,1.0,0.0,0.0
8,10,0.0,0.0,0.0,0.0,0.0,0.0,0.0,0.0,0.0,0.0,1.0,0.0,0.0
8,10,0.0,0.0,0.0,0.0,0.0,0.0,0.0,0.0,0.0,0.0,1.0,0.0,0.0
8,10,0.0,0.0,0.0,0.0,0.0,0.0,0.0,0.0,0.0,0.0,1.0,0.0,0.0
8,10,0.0,0.0,0.0,0.0,0.0,0.0,0.0,0.0,0.0,0.0,1.0,0.0,0.0
8,10,0.0,0.0,0.0,0.0,0.0,0.0,0.0,0.0,0.0,0.0,1.0,0.0,0.0
8,10,0.0,0.0,0.0,0.0,0.0,0.0,0.0,0.0,0.0,0.0,1.0,0.0,0.0
8,10,0.0,0.0,0.0,0.0,0.0,0.0,0.0,0.0,0.0,0.0,1.0,0.0,0.0
8,10,0.0,0.0,0.0,0.0,0.0,0.0,0.0,0.0,0.0,0.0,1.0,0.0,0.0
8,10,0.0,0.0,0.0,0.0,0.0,0.0,0.0,0.0,0.0,0.0,1.0,0.0,0.0
8,10,0.0,0.0,0.0,0.0,0.0,0.0,0.0,0.0,0.0,0.0,1.0,0.0,0.0
8,10,0.0,0.0,0.0,0.0,0.0,0.0,0.0,0.0,0.0,0.0,1.0,0.0,0.0
8,10,0.0,0.0,0.0,0.0,0.0,0.0,0.0,0.0,0.0,0.0,1.0,0.0,0.0
8,10,0.0,0.0,0.0,0.0,0.0,0.0,0.0,0.0,0.0,0.0,1.0,0.0,0.0
8,10,0.0,0.0,0.0,0.0,0.0,0.0,0.0,0.0,0.0,0.0,1.0,0.0,0.0
8,10,0.0,0.0,0.0,0.0,0.0,0.0,0.0,0.0,0.0,0.0,1.0,0.0,0.0
8,10,0.0,0.0,0.0,0.0,0.0,0.0,0.0,0.0,0.0,0.0,1.0,0.0,0.0
8,10,0.0,0.0,0.0,0.0,0.0,0.0,0.0,0.0,0.0,0.0,1.0,0.0,0.0
8,10,0.0,0.0,0.0,0.0,0.0,0.0,0.0,0.0,0.0,0.0,1.0,0.0,0.0
8,10,0.0,0.0,0.0,0.0,0.0,0.0,0.0,0.0,0.0,0.0,1.0,0.0,0.0
8,10,0.0,0.0,0.0,0.0,0.0,0.0,0.0,0.0,0.0,0.0,1.0,0.0,0.0
8,10,0.0,0.0,0.0,0.0,0.0,0.0,0.0,0.0,0.0,0.0,1.0,0.0,0.0
8,10,0.0,0.0,0.0,0.0,0.0,0.0,0.0,0.0,0.0,0.0,1.0,0.0,0.0
8,10,0.0,0.0,0.0,0.0,0.0,0.0,0.0,0.0,0.0,0.0,1.0,0.0,0.0
8,10,0.0,0.0,0.0,0.0,0.0,0.0,0.0,0.0,0.0,0.0,1.0,0.0,0.0
8,10,0.0,0.0,0.0,0.0,0.0,0.0,0.0,0.0,0.0,0.0,1.0,0.0,0.0
8,10,0.0,0.0,0.0,0.0,0.0,0.0,0.0,0.0,0.0,0.0,1.0,0.0,0.0
8,10,0.0,0.0,0.0,0.0,0.0,0.0,0.0,0.0,0.0,0.0,1.0,0.0,0.0
8,10,0.0,0.0,0.0,0.0,0.0,0.0,0.0,0.0,0.0,0.0,1.0,0.0,0.0
8,10,0.0,0.0,0.0,0.0,0.0,0.0,0.0,0.0,0.0,0.0,1.0,0.0,0.0
8,10,0.0,0.0,0.0,0.0,0.0,0.0,0.0,0.0,0.0,0.0,1.0,0.0,0.0
8,10,0.0,0.0,0.0,0.0,0.0,0.0,0.0,0.0,0.0,0.0,1.0,0.0,0.0
8,10,0.0,0.0,0.0,0.0,0.0,0.0,0.0,0.0,0.0,0.0,1.0,0.0,0.0
8,10,0.0,0.0,0.0,0.0,0.0,0.0,0.0,0.0,0.0,0.0,1.0,0.0,0.0
8,10,0.0,0.0,0.0,0.0,0.0,0.0,0.0,0.0,0.0,0.0,1.0,0.0,0.0
8,10,0.0,0.0,0.0,0.0,0.0,0.0,0.0,0.0,0.0,0.0,1.0,0.0,0.0
8,10,0.0,0.0,0.0,0.0,0.0,0.0,0.0,0.0,0.0,0.0,1.0,0.0,0.0
8,10,0.0,0.0,0.0,0.0,0.0,0.0,0.0,0.0,0.0,0.0,1.0,0.0,0.0
8,10,0.0,0.0,0.0,0.0,0.0,0.0,0.0,0.0,0.0,0.0,1.0,0.0,0.0
8,10,0.0,0.0,0.0,0.0,0.0,0.0,0.0,0.0,0.0,0.0,1.0,0.0,0.0
8,10,0.0,0.0,0.0,0.0,0.0,0.0,0.0,0.0,0.0,0.0,1.0,0.0,0.0
8,10,0.0,0.0,0.0,0.0,0.0,0.0,0.0,0.0,0.0,0.0,1.0,0.0,0.0
8,10,0.0,0.0,0.0,0.0,0.0,0.0,0.0,0.0,0.0,0.0,1.0,0.0,0.0
8,10,0.0,0.0,0.0,0.0,0.0,0.0,0.0,0.0,0.0,0.0,1.0,0.0,0.0
8,10,0.0,0.0,0.0,0.0,0.0,0.0,0.0,0.0,0.0,0.0,1.0,0.0,0.0
8,10,0.0,0.0,0.0,0.0,0.0,0.0,0.0,0.0,0.0,0.0,1.0,0.0,0.0
8,10,0.0,0.0,0.0,0.0,0.0,0.0,0.0,0.0,0.0,0.0,1.0,0.0,0.0
8,10,0.0,0.0,0.0,0.0,0.0,0.0,0.0,0.0,0.0,0.0,1.0,0.0,0.0
8,10,0.0,0.0,0.0,0.0,0.0,0.0,0.0,0.0,0.0,0.0,1.0,0.0,0.0
8,10,0.0,0.0,0.0,0.0,0.0,0.0,0.0,0.0,0.0,0.0,1.0,0.0,0.0
8,10,0.0,0.0,0.0,0.0,0.0,0.0,0.0,0.0,0.0,0.0,1.0,0.0,0.0
8,10,0.0,0.0,0.0,0.0,0.0,0.0,0.0,0.0,0.0,0.0,1.0,0.0,0.0
8,10,0.0,0.0,0.0,0.0,0.0,0.0,0.0,0.0,0.0,0.0,1.0,0.0,0.0
8,10,0.0,0.0,0.0,0.0,0.0,0.0,0.0,0.0,0.0,0.0,1.0,0.0,0.0
8,10,0.0,0.0,0.0,0.0,0.0,0.0,0.0,0.0,0.0,0.0,1.0,0.0,0.0
8,10,0.0,0.0,0.0,0.0,0.0,0.0,0.0,0.0,0.0,0.0,1.0,0.0,0.0
8,10,0.0,0.0,0.0,0.0,0.0,0.0,0.0,0.0,0.0,0.0,1.0,0.0,0.0
8,10,0.0,0.0,0.0,0.0,0.0,0.0,0.0,0.0,0.0,0.0,1.0,0.0,0.0
8,10,0.0,0.0,0.0,0.0,0.0,0.0,0.0,0.0,0.0,0.0,1.0,0.0,0.0
8,10,0.0,0.0,0.0,0.0,0.0,0.0,0.0,0.0,0.0,0.0,1.0,0.0,0.0
8,10,0.0,0.0,0.0,0.0,0.0,0.0,0.0,0.0,0.0,0.0,1.0,0.0,0.0
8,10,0.0,0.0,0.0,0.0,0.0,0.0,0.0,0.0,0.0,0.0,1.0,0.0,0.0
8,10,0.0,0.0,0.0,0.0,0.0,0.0,0.0,0.0,0.0,0.0,1.0,0.0,0.0
8,10,0.0,0.0,0.0,0.0,0.0,0.0,0.0,0.0,0.0,0.0,1.0,0.0,0.0
8,10,0.0,0.0,0.0,0.0,0.0,0.0,0.0,0.0,0.0,0.0,1.0,0.0,0.0
8,10,0.0,0.0,0.0,0.0,0.0,0.0,0.0,0.0,0.0,0.0,1.0,0.0,0.0
8,10,0.0,0.0,0.0,0.0,0.0,0.0,0.0,0.0,0.0,0.0,1.0,0.0,0.0
8,10,0.0,0.0,0.0,0.0,0.0,0.0,0.0,0.0,0.0,0.0,1.0,0.0,0.0
8,10,0.0,0.0,0.0,0.0,0.0,0.0,0.0,0.0,0.0,0.0,1.0,0.0,0.0
8,10,0.0,0.0,0.0,0.0,0.0,0.0,0.0,0.0,0.0,0.0,1.0,0.0,0.0
8,10,0.0,0.0,0.0,0.0,0.0,0.0,0.0,0.0,0.0,0.0,1.0,0.0,0.0
8,10,0.0,0.0,0.0,0.0,0.0,0.0,0.0,0.0,0.0,0.0,1.0,0.0,0.0
8,10,0.0,0.0,0.0,0.0,0.0,0.0,0.0,0.0,0.0,0.0,1.0,0.0,0.0
8,10,0.0,0.0,0.0,0.0,0.0,0.0,0.0,0.0,0.0,0.0,1.0,0.0,0.0
8,10,0.0,0.0,0.0,0.0,0.0,0.0,0.0,0.0,0.0,0.0,1.0,0.0,0.0
8,10,0.0,0.0,0.0,0.0,0.0,0.0,0.0,0.0,0.0,0.0,1.0,0.0,0.0
8,10,0.0,0.0,0.0,0.0,0.0,0.0,0.0,0.0,0.0,0.0,1.0,0.0,0.0
8,10,0.0,0.0,0.0,0.0,0.0,0.0,0.0,0.0,0.0,0.0,1.0,0.0,0.0
8,10,0.0,0.0,0.0,0.0,0.0,0.0,0.0,0.0,0.0,0.0,1.0,0.0,0.0
8,10,0.0,0.0,0.0,0.0,0.0,0.0,0.0,0.0,0.0,0.0,1.0,0.0,0.0
8,10,0.0,0.0,0.0,0.0,0.0,0.0,0.0,0.0,0.0,0.0,1.0,0.0,0.0
8,10,0.0,0.0,0.0,0.0,0.0,0.0,0.0,0.0,0.0,0.0,1.0,0.0,0.0
8,10,0.0,0.0,0.0,0.0,0.0,0.0,0.0,0.0,0.0,0.0,1.0,0.0,0.0
8,10,0.0,0.0,0.0,0.0,0.0,0.0,0.0,0.0,0.0,0.0,1.0,0.0,0.0
8,10,0.0,0.0,0.0,0.0,0.0,0.0,0.0,0.0,0.0,0.0,1.0,0.0,0.0
8,10,0.0,0.0,0.0,0.0,0.0,0.0,0.0,0.0,0.0,0.0,1.0,0.0,0.0
8,10,0.0,0.0,0.0,0.0,0.0,0.0,0.0,0.0,0.0,0.0,1.0,0.0,0.0
8,10,0.0,0.0,0.0,0.0,0.0,0.0,0.0,0.0,0.0,0.0,1.0,0.0,0.0
8,10,0.0,0.0,0.0,0.0,0.0,0.0,0.0,0.0,0.0,0.0,1.0,0.0,0.0
8,10,0.0,0.0,0.0,0.0,0.0,0.0,0.0,0.0,0.0,0.0,1.0,0.0,0.0
8,10,0.0,0.0,0.0,0.0,0.0,0.0,0.0,0.0,0.0,0.0,1.0,0.0,0.0
8,10,0.0,0.0,0.0,0.0,0.0,0.0,0.0,0.0,0.0,0.0,1.0,0.0,0.0
8,10,0.0,0.0,0.0,0.0,0.0,0.0,0.0,0.0,0.0,0.0,1.0,0.0,0.0
8,10,0.0,0.0,0.0,0.0,0.0,0.0,0.0,0.0,0.0,0.0,1.0,0.0,0.0
8,10,0.0,0.0,0.0,0.0,0.0,0.0,0.0,0.0,0.0,0.0,1.0,0.0,0.0
8,10,0.0,0.0,0.0,0.0,0.0,0.0,0.0,0.0,0.0,0.0,1.0,0.0,0.0
8,10,0.0,0.0,0.0,0.0,0.0,0.0,0.0,0.0,0.0,0.0,1.0,0.0,0.0
8,10,0.0,0.0,0.0,0.0,0.0,0.0,0.0,0.0,0.0,0.0,1.0,0.0,0.0
8,10,0.0,0.0,0.0,0.0,0.0,0.0,0.0,0.0,0.0,0.0,1.0,0.0,0.0
8,10,0.0,0.0,0.0,0.0,0.0,0.0,0.0,0.0,0.0,0.0,1.0,0.0,0.0
8,10,0.0,0.0,0.0,0.0,0.0,0.0,0.0,0.0,0.0,0.0,1.0,0.0,0.0
8,10,0.0,0.0,0.0,0.0,0.0,0.0,0.0,0.0,0.0,0.0,1.0,0.0,0.0
8,10,0.0,0.0,0.0,0.0,0.0,0.0,0.0,0.0,0.0,0.0,1.0,0.0,0.0
8,10,0.0,0.0,0.0,0.0,0.0,0.0,0.0,0.0,0.0,0.0,1.0,0.0,0.0
8,10,0.0,0.0,0.0,0.0,0.0,0.0,0.0,0.0,0.0,0.0,1.0,0.0,0.0
8,10,0.0,0.0,0.0,0.0,0.0,0.0,0.0,0.0,0.0,0.0,1.0,0.0,0.0
8,10,0.0,0.0,0.0,0.0,0.0,0.0,0.0,0.0,0.0,0.0,1.0,0.0,0.0
8,10,0.0,0.0,0.0,0.0,0.0,0.0,0.0,0.0,0.0,0.0,1.0,0.0,0.0
8,10,0.0,0.0,0.0,0.0,0.0,0.0,0.0,0.0,0.0,0.0,1.0,0.0,0.0
8,10,0.0,0.0,0.0,0.0,0.0,0.0,0.0,0.0,0.0,0.0,1.0,0.0,0.0
8,10,0.0,0.0,0.0,0.0,0.0,0.0,0.0,0.0,0.0,0.0,1.0,0.0,0.0
8,10,0.0,0.0,0.0,0.0,0.0,0.0,0.0,0.0,0.0,0.0,1.0,0.0,0.0
8,10,0.0,0.0,0.0,0.0,0.0,0.0,0.0,0.0,0.0,0.0,1.0,0.0,0.0
8,10,0.0,0.0,0.0,0.0,0.0,0.0,0.0,0.0,0.0,0.0,1.0,0.0,0.0
8,10,0.0,0.0,0.0,0.0,0.0,0.0,0.0,0.0,0.0,0.0,1.0,0.0,0.0
8,10,0.0,0.0,0.0,0.0,0.0,0.0,0.0,0.0,0.0,0.0,1.0,0.0,0.0
8,10,0.0,0.0,0.0,0.0,0.0,0.0,0.0,0.0,0.0,0.0,1.0,0.0,0.0
8,10,0.0,0.0,0.0,0.0,0.0,0.0,0.0,0.0,0.0,0.0,1.0,0.0,0.0
8,10,0.0,0.0,0.0,0.0,0.0,0.0,0.0,0.0,0.0,0.0,1.0,0.0,0.0
8,10,0.0,0.0,0.0,0.0,0.0,0.0,0.0,0.0,0.0,0.0,1.0,0.0,0.0
8,10,0.0,0.0,0.0,0.0,0.0,0.0,0.0,0.0,0.0,0.0,1.0,0.0,0.0
8,10,0.0,0.0,0.0,0.0,0.0,0.0,0.0,0.0,0.0,0.0,1.0,0.0,0.0
8,10,0.0,0.0,0.0,0.0,0.0,0.0,0.0,0.0,0.0,0.0,1.0,0.0,0.0
8,10,0.0,0.0,0.0,0.0,0.0,0.0,0.0,0.0,0.0,0.0,1.0,0.0,0.0
8,10,0.0,0.0,0.0,0.0,0.0,0.0,0.0,0.0,0.0,0.0,1.0,0.0,0.0
8,10,0.0,0.0,0.0,0.0,0.0,0.0,0.0,0.0,0.0,0.0,1.0,0.0,0.0
8,10,0.0,0.0,0.0,0.0,0.0,0.0,0.0,0.0,0.0,0.0,1.0,0.0,0.0
8,10,0.0,0.0,0.0,0.0,0.0,0.0,0.0,0.0,0.0,0.0,1.0,0.0,0.0
8,10,0.0,0.0,0.0,0.0,0.0,0.0,0.0,0.0,0.0,0.0,1.0,0.0,0.0
8,10,0.0,0.0,0.0,0.0,0.0,0.0,0.0,0.0,0.0,0.0,1.0,0.0,0.0
8,10,0.0,0.0,0.0,0.0,0.0,0.0,0.0,0.0,0.0,0.0,1.0,0.0,0.0
8,10,0.0,0.0,0.0,0.0,0.0,0.0,0.0,0.0,0.0,0.0,1.0,0.0,0.0
8,10,0.0,0.0,0.0,0.0,0.0,0.0,0.0,0.0,0.0,0.0,1.0,0.0,0.0
8,10,0.0,0.0,0.0,0.0,0.0,0.0,0.0,0.0,0.0,0.0,1.0,0.0,0.0
8,10,0.0,0.0,0.0,0.0,0.0,0.0,0.0,0.0,0.0,0.0,1.0,0.0,0.0
8,10,0.0,0.0,0.0,0.0,0.0,0.0,0.0,0.0,0.0,0.0,1.0,0.0,0.0
8,10,0.0,0.0,0.0,0.0,0.0,0.0,0.0,0.0,0.0,0.0,1.0,0.0,0.0
8,10,0.0,0.0,0.0,0.0,0.0,0.0,0.0,0.0,0.0,0.0,1.0,0.0,0.0
8,10,0.0,0.0,0.0,0.0,0.0,0.0,0.0,0.0,0.0,0.0,1.0,0.0,0.0
8,10,0.0,0.0,0.0,0.0,0.0,0.0,0.0,0.0,0.0,0.0,1.0,0.0,0.0
8,10,0.0,0.0,0.0,0.0,0.0,0.0,0.0,0.0,0.0,0.0,1.0,0.0,0.0
8,10,0.0,0.0,0.0,0.0,0.0,0.0,0.0,0.0,0.0,0.0,1.0,0.0,0.0
8,10,0.0,0.0,0.0,0.0,0.0,0.0,0.0,0.0,0.0,0.0,1.0,0.0,0.0
8,10,0.0,0.0,0.0,0.0,0.0,0.0,0.0,0.0,0.0,0.0,1.0,0.0,0.0
8,10,0.0,0.0,0.0,0.0,0.0,0.0,0.0,0.0,0.0,0.0,1.0,0.0,0.0
8,10,0.0,0.0,0.0,0.0,0.0,0.0,0.0,0.0,0.0,0.0,1.0,0.0,0.0
8,10,0.0,0.0,0.0,0.0,0.0,0.0,0.0,0.0,0.0,0.0,1.0,0.0,0.0
8,10,0.0,0.0,0.0,0.0,0.0,0.0,0.0,0.0,0.0,0.0,1.0,0.0,0.0
8,10,0.0,0.0,0.0,0.0,0.0,0.0,0.0,0.0,0.0,0.0,1.0,0.0,0.0
8,10,0.0,0.0,0.0,0.0,0.0,0.0,0.0,0.0,0.0,0.0,1.0,0.0,0.0
8,10,0.0,0.0,0.0,0.0,0.0,0.0,0.0,0.0,0.0,0.0,1.0,0.0,0.0
8,10,0.0,0.0,0.0,0.0,0.0,0.0,0.0,0.0,0.0,0.0,1.0,0.0,0.0
8,10,0.0,0.0,0.0,0.0,0.0,0.0,0.0,0.0,0.0,0.0,1.0,0.0,0.0
8,10,0.0,0.0,0.0,0.0,0.0,0.0,0.0,0.0,0.0,0.0,1.0,0.0,0.0
8,10,0.0,0.0,0.0,0.0,0.0,0.0,0.0,0.0,0.0,0.0,1.0,0.0,0.0
8,10,0.0,0.0,0.0,0.0,0.0,0.0,0.0,0.0,0.0,0.0,1.0,0.0,0.0
8,10,0.0,0.0,0.0,0.0,0.0,0.0,0.0,0.0,0.0,0.0,1.0,0.0,0.0
8,10,0.0,0.0,0.0,0.0,0.0,0.0,0.0,0.0,0.0,0.0,1.0,0.0,0.0
8,10,0.0,0.0,0.0,0.0,0.0,0.0,0.0,0.0,0.0,0.0,1.0,0.0,0.0
8,10,0.0,0.0,0.0,0.0,0.0,0.0,0.0,0.0,0.0,0.0,1.0,0.0,0.0
8,10,0.0,0.0,0.0,0.0,0.0,0.0,0.0,0.0,0.0,0.0,1.0,0.0,0.0
8,10,0.0,0.0,0.0,0.0,0.0,0.0,0.0,0.0,0.0,0.0,1.0,0.0,0.0
8,10,0.0,0.0,0.0,0.0,0.0,0.0,0.0,0.0,0.0,0.0,1.0,0.0,0.0
8,10,0.0,0.0,0.0,0.0,0.0,0.0,0.0,0.0,0.0,0.0,1.0,0.0,0.0
8,10,0.0,0.0,0.0,0.0,0.0,0.0,0.0,0.0,0.0,0.0,1.0,0.0,0.0
8,10,0.0,0.0,0.0,0.0,0.0,0.0,0.0,0.0,0.0,0.0,1.0,0.0,0.0
8,10,0.0,0.0,0.0,0.0,0.0,0.0,0.0,0.0,0.0,0.0,1.0,0.0,0.0
8,10,0.0,0.0,0.0,0.0,0.0,0.0,0.0,0.0,0.0,0.0,1.0,0.0,0.0
8,10,0.0,0.0,0.0,0.0,0.0,0.0,0.0,0.0,0.0,0.0,1.0,0.0,0.0
8,10,0.0,0.0,0.0,0.0,0.0,0.0,0.0,0.0,0.0,0.0,1.0,0.0,0.0
8,10,0.0,0.0,0.0,0.0,0.0,0.0,0.0,0.0,0.0,0.0,1.0,0.0,0.0
8,10,0.0,0.0,0.0,0.0,0.0,0.0,0.0,0.0,0.0,0.0,1.0,0.0,0.0
8,10,0.0,0.0,0.0,0.0,0.0,0.0,0.0,0.0,0.0,0.0,1.0,0.0,0.0
8,10,0.0,0.0,0.0,0.0,0.0,0.0,0.0,0.0,0.0,0.0,1.0,0.0,0.0
8,10,0.0,0.0,0.0,0.0,0.0,0.0,0.0,0.0,0.0,0.0,1.0,0.0,0.0
8,10,0.0,0.0,0.0,0.0,0.0,0.0,0.0,0.0,0.0,0.0,1.0,0.0,0.0
8,10,0.0,0.0,0.0,0.0,0.0,0.0,0.0,0.0,0.0,0.0,1.0,0.0,0.0
8,10,0.0,0.0,0.0,0.0,0.0,0.0,0.0,0.0,0.0,0.0,1.0,0.0,0.0
8,10,0.0,0.0,0.0,0.0,0.0,0.0,0.0,0.0,0.0,0.0,1.0,0.0,0.0
8,10,0.0,0.0,0.0,0.0,0.0,0.0,0.0,0.0,0.0,0.0,1.0,0.0,0.0
8,10,0.0,0.0,0.0,0.0,0.0,0.0,0.0,0.0,0.0,0.0,1.0,0.0,0.0
8,10,0.0,0.0,0.0,0.0,0.0,0.0,0.0,0.0,0.0,0.0,1.0,0.0,0.0
8,10,0.0,0.0,0.0,0.0,0.0,0.0,0.0,0.0,0.0,0.0,1.0,0.0,0.0
8,10,0.0,0.0,0.0,0.0,0.0,0.0,0.0,0.0,0.0,0.0,1.0,0.0,0.0
8,10,0.0,0.0,0.0,0.0,0.0,0.0,0.0,0.0,0.0,0.0,1.0,0.0,0.0
8,10,0.0,0.0,0.0,0.0,0.0,0.0,0.0,0.0,0.0,0.0,1.0,0.0,0.0
8,10,0.0,0.0,0.0,0.0,0.0,0.0,0.0,0.0,0.0,0.0,1.0,0.0,0.0
8,10,0.0,0.0,0.0,0.0,0.0,0.0,0.0,0.0,0.0,0.0,1.0,0.0,0.0
8,10,0.0,0.0,0.0,0.0,0.0,0.0,0.0,0.0,0.0,0.0,1.0,0.0,0.0
8,10,0.0,0.0,0.0,0.0,0.0,0.0,0.0,0.0,0.0,0.0,1.0,0.0,0.0
8,10,0.0,0.0,0.0,0.0,0.0,0.0,0.0,0.0,0.0,0.0,1.0,0.0,0.0
8,10,0.0,0.0,0.0,0.0,0.0,0.0,0.0,0.0,0.0,0.0,1.0,0.0,0.0
8,10,0.0,0.0,0.0,0.0,0.0,0.0,0.0,0.0,0.0,0.0,1.0,0.0,0.0
8,10,0.0,0.0,0.0,0.0,0.0,0.0,0.0,0.0,0.0,0.0,1.0,0.0,0.0
8,10,0.0,0.0,0.0,0.0,0.0,0.0,0.0,0.0,0.0,0.0,1.0,0.0,0.0
8,10,0.0,0.0,0.0,0.0,0.0,0.0,0.0,0.0,0.0,0.0,1.0,0.0,0.0
8,10,0.0,0.0,0.0,0.0,0.0,0.0,0.0,0.0,0.0,0.0,1.0,0.0,0.0
8,10,0.0,0.0,0.0,0.0,0.0,0.0,0.0,0.0,0.0,0.0,1.0,0.0,0.0
8,10,0.0,0.0,0.0,0.0,0.0,0.0,0.0,0.0,0.0,0.0,1.0,0.0,0.0
8,10,0.0,0.0,0.0,0.0,0.0,0.0,0.0,0.0,0.0,0.0,1.0,0.0,0.0
8,10,0.0,0.0,0.0,0.0,0.0,0.0,0.0,0.0,0.0,0.0,1.0,0.0,0.0
8,10,0.0,0.0,0.0,0.0,0.0,0.0,0.0,0.0,0.0,0.0,1.0,0.0,0.0
8,10,0.0,0.0,0.0,0.0,0.0,0.0,0.0,0.0,0.0,0.0,1.0,0.0,0.0
8,10,0.0,0.0,0.0,0.0,0.0,0.0,0.0,0.0,0.0,0.0,1.0,0.0,0.0
8,10,0.0,0.0,0.0,0.0,0.0,0.0,0.0,0.0,0.0,0.0,1.0,0.0,0.0
8,10,0.0,0.0,0.0,0.0,0.0,0.0,0.0,0.0,0.0,0.0,1.0,0.0,0.0
8,10,0.0,0.0,0.0,0.0,0.0,0.0,0.0,0.0,0.0,0.0,1.0,0.0,0.0
8,10,0.0,0.0,0.0,0.0,0.0,0.0,0.0,0.0,0.0,0.0,1.0,0.0,0.0
8,10,0.0,0.0,0.0,0.0,0.0,0.0,0.0,0.0,0.0,0.0,1.0,0.0,0.0
8,10,0.0,0.0,0.0,0.0,0.0,0.0,0.0,0.0,0.0,0.0,1.0,0.0,0.0
8,10,0.0,0.0,0.0,0.0,0.0,0.0,0.0,0.0,0.0,0.0,1.0,0.0,0.0
8,10,0.0,0.0,0.0,0.0,0.0,0.0,0.0,0.0,0.0,0.0,1.0,0.0,0.0
8,10,0.0,0.0,0.0,0.0,0.0,0.0,0.0,0.0,0.0,0.0,1.0,0.0,0.0
8,10,0.0,0.0,0.0,0.0,0.0,0.0,0.0,0.0,0.0,0.0,1.0,0.0,0.0
8,10,0.0,0.0,0.0,0.0,0.0,0.0,0.0,0.0,0.0,0.0,1.0,0.0,0.0
8,10,0.0,0.0,0.0,0.0,0.0,0.0,0.0,0.0,0.0,0.0,1.0,0.0,0.0
8,10,0.0,0.0,0.0,0.0,0.0,0.0,0.0,0.0,0.0,0.0,1.0,0.0,0.0
8,10,0.0,0.0,0.0,0.0,0.0,0.0,0.0,0.0,0.0,0.0,1.0,0.0,0.0
8,10,0.0,0.0,0.0,0.0,0.0,0.0,0.0,0.0,0.0,0.0,1.0,0.0,0.0
8,10,0.0,0.0,0.0,0.0,0.0,0.0,0.0,0.0,0.0,0.0,1.0,0.0,0.0
8,10,0.0,0.0,0.0,0.0,0.0,0.0,0.0,0.0,0.0,0.0,1.0,0.0,0.0
8,10,0.0,0.0,0.0,0.0,0.0,0.0,0.0,0.0,0.0,0.0,1.0,0.0,0.0
8,10,0.0,0.0,0.0,0.0,0.0,0.0,0.0,0.0,0.0,0.0,1.0,0.0,0.0
8,10,0.0,0.0,0.0,0.0,0.0,0.0,0.0,0.0,0.0,0.0,1.0,0.0,0.0
8,10,0.0,0.0,0.0,0.0,0.0,0.0,0.0,0.0,0.0,0.0,1.0,0.0,0.0
8,10,0.0,0.0,0.0,0.0,0.0,0.0,0.0,0.0,0.0,0.0,1.0,0.0,0.0
8,10,0.0,0.0,0.0,0.0,0.0,0.0,0.0,0.0,0.0,0.0,1.0,0.0,0.0
8,10,0.0,0.0,0.0,0.0,0.0,0.0,0.0,0.0,0.0,0.0,1.0,0.0,0.0
8,10,0.0,0.0,0.0,0.0,0.0,0.0,0.0,0.0,0.0,0.0,1.0,0.0,0.0
8,10,0.0,0.0,0.0,0.0,0.0,0.0,0.0,0.0,0.0,0.0,1.0,0.0,0.0
8,10,0.0,0.0,0.0,0.0,0.0,0.0,0.0,0.0,0.0,0.0,1.0,0.0,0.0
8,10,0.0,0.0,0.0,0.0,0.0,0.0,0.0,0.0,0.0,0.0,1.0,0.0,0.0
8,10,0.0,0.0,0.0,0.0,0.0,0.0,0.0,0.0,0.0,0.0,1.0,0.0,0.0
8,10,0.0,0.0,0.0,0.0,0.0,0.0,0.0,0.0,0.0,0.0,1.0,0.0,0.0
8,10,0.0,0.0,0.0,0.0,0.0,0.0,0.0,0.0,0.0,0.0,1.0,0.0,0.0
8,10,0.0,0.0,0.0,0.0,0.0,0.0,0.0,0.0,0.0,0.0,1.0,0.0,0.0
8,10,0.0,0.0,0.0,0.0,0.0,0.0,0.0,0.0,0.0,0.0,1.0,0.0,0.0
8,10,0.0,0.0,0.0,0.0,0.0,0.0,0.0,0.0,0.0,0.0,1.0,0.0,0.0
8,10,0.0,0.0,0.0,0.0,0.0,0.0,0.0,0.0,0.0,0.0,1.0,0.0,0.0
8,10,0.0,0.0,0.0,0.0,0.0,0.0,0.0,0.0,0.0,0.0,1.0,0.0,0.0
8,10,0.0,0.0,0.0,0.0,0.0,0.0,0.0,0.0,0.0,0.0,1.0,0.0,0.0
8,10,0.0,0.0,0.0,0.0,0.0,0.0,0.0,0.0,0.0,0.0,1.0,0.0,0.0
8,10,0.0,0.0,0.0,0.0,0.0,0.0,0.0,0.0,0.0,0.0,1.0,0.0,0.0
8,10,0.0,0.0,0.0,0.0,0.0,0.0,0.0,0.0,0.0,0.0,1.0,0.0,0.0
8,10,0.0,0.0,0.0,0.0,0.0,0.0,0.0,0.0,0.0,0.0,1.0,0.0,0.0
8,10,0.0,0.0,0.0,0.0,0.0,0.0,0.0,0.0,0.0,0.0,1.0,0.0,0.0
8,10,0.0,0.0,0.0,0.0,0.0,0.0,0.0,0.0,0.0,0.0,1.0,0.0,0.0
8,10,0.0,0.0,0.0,0.0,0.0,0.0,0.0,0.0,0.0,0.0,1.0,0.0,0.0
8,10,0.0,0.0,0.0,0.0,0.0,0.0,0.0,0.0,0.0,0.0,1.0,0.0,0.0
8,10,0.0,0.0,0.0,0.0,0.0,0.0,0.0,0.0,0.0,0.0,1.0,0.0,0.0
8,10,0.0,0.0,0.0,0.0,0.0,0.0,0.0,0.0,0.0,0.0,1.0,0.0,0.0
8,10,0.0,0.0,0.0,0.0,0.0,0.0,0.0,0.0,0.0,0.0,1.0,0.0,0.0
8,10,0.0,0.0,0.0,0.0,0.0,0.0,0.0,0.0,0.0,0.0,1.0,0.0,0.0
8,10,0.0,0.0,0.0,0.0,0.0,0.0,0.0,0.0,0.0,0.0,1.0,0.0,0.0
8,10,0.0,0.0,0.0,0.0,0.0,0.0,0.0,0.0,0.0,0.0,1.0,0.0,0.0
8,10,0.0,0.0,0.0,0.0,0.0,0.0,0.0,0.0,0.0,0.0,1.0,0.0,0.0
8,10,0.0,0.0,0.0,0.0,0.0,0.0,0.0,0.0,0.0,0.0,1.0,0.0,0.0
8,10,0.0,0.0,0.0,0.0,0.0,0.0,0.0,0.0,0.0,0.0,1.0,0.0,0.0
8,10,0.0,0.0,0.0,0.0,0.0,0.0,0.0,0.0,0.0,0.0,1.0,0.0,0.0
8,10,0.0,0.0,0.0,0.0,0.0,0.0,0.0,0.0,0.0,0.0,1.0,0.0,0.0
8,10,0.0,0.0,0.0,0.0,0.0,0.0,0.0,0.0,0.0,0.0,1.0,0.0,0.0
8,10,0.0,0.0,0.0,0.0,0.0,0.0,0.0,0.0,0.0,0.0,1.0,0.0,0.0
8,10,0.0,0.0,0.0,0.0,0.0,0.0,0.0,0.0,0.0,0.0,1.0,0.0,0.0
8,10,0.0,0.0,0.0,0.0,0.0,0.0,0.0,0.0,0.0,0.0,1.0,0.0,0.0
8,10,0.0,0.0,0.0,0.0,0.0,0.0,0.0,0.0,0.0,0.0,1.0,0.0,0.0
8,10,0.0,0.0,0.0,0.0,0.0,0.0,0.0,0.0,0.0,0.0,1.0,0.0,0.0
8,10,0.0,0.0,0.0,0.0,0.0,0.0,0.0,0.0,0.0,0.0,1.0,0.0,0.0
8,10,0.0,0.0,0.0,0.0,0.0,0.0,0.0,0.0,0.0,0.0,1.0,0.0,0.0
8,10,0.0,0.0,0.0,0.0,0.0,0.0,0.0,0.0,0.0,0.0,1.0,0.0,0.0
8,10,0.0,0.0,0.0,0.0,0.0,0.0,0.0,0.0,0.0,0.0,1.0,0.0,0.0
8,10,0.0,0.0,0.0,0.0,0.0,0.0,0.0,0.0,0.0,0.0,1.0,0.0,0.0
8,10,0.0,0.0,0.0,0.0,0.0,0.0,0.0,0.0,0.0,0.0,1.0,0.0,0.0
8,10,0.0,0.0,0.0,0.0,0.0,0.0,0.0,0.0,0.0,0.0,1.0,0.0,0.0
8,10,0.0,0.0,0.0,0.0,0.0,0.0,0.0,0.0,0.0,0.0,1.0,0.0,0.0
8,10,0.0,0.0,0.0,0.0,0.0,0.0,0.0,0.0,0.0,0.0,1.0,0.0,0.0
8,10,0.0,0.0,0.0,0.0,0.0,0.0,0.0,0.0,0.0,0.0,1.0,0.0,0.0
8,10,0.0,0.0,0.0,0.0,0.0,0.0,0.0,0.0,0.0,0.0,1.0,0.0,0.0
8,10,0.0,0.0,0.0,0.0,0.0,0.0,0.0,0.0,0.0,0.0,1.0,0.0,0.0
8,10,0.0,0.0,0.0,0.0,0.0,0.0,0.0,0.0,0.0,0.0,1.0,0.0,0.0
8,10,0.0,0.0,0.0,0.0,0.0,0.0,0.0,0.0,0.0,0.0,1.0,0.0,0.0
8,10,0.0,0.0,0.0,0.0,0.0,0.0,0.0,0.0,0.0,0.0,1.0,0.0,0.0
8,10,0.0,0.0,0.0,0.0,0.0,0.0,0.0,0.0,0.0,0.0,1.0,0.0,0.0
8,10,0.0,0.0,0.0,0.0,0.0,0.0,0.0,0.0,0.0,0.0,1.0,0.0,0.0
8,10,0.0,0.0,0.0,0.0,0.0,0.0,0.0,0.0,0.0,0.0,1.0,0.0,0.0
8,10,0.0,0.0,0.0,0.0,0.0,0.0,0.0,0.0,0.0,0.0,1.0,0.0,0.0
8,10,0.0,0.0,0.0,0.0,0.0,0.0,0.0,0.0,0.0,0.0,1.0,0.0,0.0
8,10,0.0,0.0,0.0,0.0,0.0,0.0,0.0,0.0,0.0,0.0,1.0,0.0,0.0
8,10,0.0,0.0,0.0,0.0,0.0,0.0,0.0,0.0,0.0,0.0,1.0,0.0,0.0
8,10,0.0,0.0,0.0,0.0,0.0,0.0,0.0,0.0,0.0,0.0,1.0,0.0,0.0
8,10,0.0,0.0,0.0,0.0,0.0,0.0,0.0,0.0,0.0,0.0,1.0,0.0,0.0
8,10,0.0,0.0,0.0,0.0,0.0,0.0,0.0,0.0,0.0,0.0,1.0,0.0,0.0
8,10,0.0,0.0,0.0,0.0,0.0,0.0,0.0,0.0,0.0,0.0,1.0,0.0,0.0
8,10,0.0,0.0,0.0,0.0,0.0,0.0,0.0,0.0,0.0,0.0,1.0,0.0,0.0
8,10,0.0,0.0,0.0,0.0,0.0,0.0,0.0,0.0,0.0,0.0,1.0,0.0,0.0
8,10,0.0,0.0,0.0,0.0,0.0,0.0,0.0,0.0,0.0,0.0,1.0,0.0,0.0
8,10,0.0,0.0,0.0,0.0,0.0,0.0,0.0,0.0,0.0,0.0,1.0,0.0,0.0
8,10,0.0,0.0,0.0,0.0,0.0,0.0,0.0,0.0,0.0,0.0,1.0,0.0,0.0
8,10,0.0,0.0,0.0,0.0,0.0,0.0,0.0,0.0,0.0,0.0,1.0,0.0,0.0
8,10,0.0,0.0,0.0,0.0,0.0,0.0,0.0,0.0,0.0,0.0,1.0,0.0,0.0
8,10,0.0,0.0,0.0,0.0,0.0,0.0,0.0,0.0,0.0,0.0,1.0,0.0,0.0
8,10,0.0,0.0,0.0,0.0,0.0,0.0,0.0,0.0,0.0,0.0,1.0,0.0,0.0
8,10,0.0,0.0,0.0,0.0,0.0,0.0,0.0,0.0,0.0,0.0,1.0,0.0,0.0
8,10,0.0,0.0,0.0,0.0,0.0,0.0,0.0,0.0,0.0,0.0,1.0,0.0,0.0
8,10,0.0,0.0,0.0,0.0,0.0,0.0,0.0,0.0,0.0,0.0,1.0,0.0,0.0
8,10,0.0,0.0,0.0,0.0,0.0,0.0,0.0,0.0,0.0,0.0,1.0,0.0,0.0
8,10,0.0,0.0,0.0,0.0,0.0,0.0,0.0,0.0,0.0,0.0,1.0,0.0,0.0
8,10,0.0,0.0,0.0,0.0,0.0,0.0,0.0,0.0,0.0,0.0,1.0,0.0,0.0
8,10,0.0,0.0,0.0,0.0,0.0,0.0,0.0,0.0,0.0,0.0,1.0,0.0,0.0
8,10,0.0,0.0,0.0,0.0,0.0,0.0,0.0,0.0,0.0,0.0,1.0,0.0,0.0
8,10,0.0,0.0,0.0,0.0,0.0,0.0,0.0,0.0,0.0,0.0,1.0,0.0,0.0
8,10,0.0,0.0,0.0,0.0,0.0,0.0,0.0,0.0,0.0,0.0,1.0,0.0,0.0
8,10,0.0,0.0,0.0,0.0,0.0,0.0,0.0,0.0,0.0,0.0,1.0,0.0,0.0
8,10,0.0,0.0,0.0,0.0,0.0,0.0,0.0,0.0,0.0,0.0,1.0,0.0,0.0
8,10,0.0,0.0,0.0,0.0,0.0,0.0,0.0,0.0,0.0,0.0,1.0,0.0,0.0
8,10,0.0,0.0,0.0,0.0,0.0,0.0,0.0,0.0,0.0,0.0,1.0,0.0,0.0
8,10,0.0,0.0,0.0,0.0,0.0,0.0,0.0,0.0,0.0,0.0,1.0,0.0,0.0
8,10,0.0,0.0,0.0,0.0,0.0,0.0,0.0,0.0,0.0,0.0,1.0,0.0,0.0
8,10,0.0,0.0,0.0,0.0,0.0,0.0,0.0,0.0,0.0,0.0,1.0,0.0,0.0
8,10,0.0,0.0,0.0,0.0,0.0,0.0,0.0,0.0,0.0,0.0,1.0,0.0,0.0
8,10,0.0,0.0,0.0,0.0,0.0,0.0,0.0,0.0,0.0,0.0,1.0,0.0,0.0
8,10,0.0,0.0,0.0,0.0,0.0,0.0,0.0,0.0,0.0,0.0,1.0,0.0,0.0
8,10,0.0,0.0,0.0,0.0,0.0,0.0,0.0,0.0,0.0,0.0,1.0,0.0,0.0
8,10,0.0,0.0,0.0,0.0,0.0,0.0,0.0,0.0,0.0,0.0,1.0,0.0,0.0
8,10,0.0,0.0,0.0,0.0,0.0,0.0,0.0,0.0,0.0,0.0,1.0,0.0,0.0
8,10,0.0,0.0,0.0,0.0,0.0,0.0,0.0,0.0,0.0,0.0,1.0,0.0,0.0
8,10,0.0,0.0,0.0,0.0,0.0,0.0,0.0,0.0,0.0,0.0,1.0,0.0,0.0
8,10,0.0,0.0,0.0,0.0,0.0,0.0,0.0,0.0,0.0,0.0,1.0,0.0,0.0
8,10,0.0,0.0,0.0,0.0,0.0,0.0,0.0,0.0,0.0,0.0,1.0,0.0,0.0
8,10,0.0,0.0,0.0,0.0,0.0,0.0,0.0,0.0,0.0,0.0,1.0,0.0,0.0
8,10,0.0,0.0,0.0,0.0,0.0,0.0,0.0,0.0,0.0,0.0,1.0,0.0,0.0
8,10,0.0,0.0,0.0,0.0,0.0,0.0,0.0,0.0,0.0,0.0,1.0,0.0,0.0
8,10,0.0,0.0,0.0,0.0,0.0,0.0,0.0,0.0,0.0,0.0,1.0,0.0,0.0
8,10,0.0,0.0,0.0,0.0,0.0,0.0,0.0,0.0,0.0,0.0,1.0,0.0,0.0
8,10,0.0,0.0,0.0,0.0,0.0,0.0,0.0,0.0,0.0,0.0,1.0,0.0,0.0
8,10,0.0,0.0,0.0,0.0,0.0,0.0,0.0,0.0,0.0,0.0,1.0,0.0,0.0
8,10,0.0,0.0,0.0,0.0,0.0,0.0,0.0,0.0,0.0,0.0,1.0,0.0,0.0
8,10,0.0,0.0,0.0,0.0,0.0,0.0,0.0,0.0,0.0,0.0,1.0,0.0,0.0
8,10,0.0,0.0,0.0,0.0,0.0,0.0,0.0,0.0,0.0,0.0,1.0,0.0,0.0
8,10,0.0,0.0,0.0,0.0,0.0,0.0,0.0,0.0,0.0,0.0,1.0,0.0,0.0
8,10,0.0,0.0,0.0,0.0,0.0,0.0,0.0,0.0,0.0,0.0,1.0,0.0,0.0
8,10,0.0,0.0,0.0,0.0,0.0,0.0,0.0,0.0,0.0,0.0,1.0,0.0,0.0
8,10,0.0,0.0,0.0,0.0,0.0,0.0,0.0,0.0,0.0,0.0,1.0,0.0,0.0
8,10,0.0,0.0,0.0,0.0,0.0,0.0,0.0,0.0,0.0,0.0,1.0,0.0,0.0
8,10,0.0,0.0,0.0,0.0,0.0,0.0,0.0,0.0,0.0,0.0,1.0,0.0,0.0
8,10,0.0,0.0,0.0,0.0,0.0,0.0,0.0,0.0,0.0,0.0,1.0,0.0,0.0
8,10,0.0,0.0,0.0,0.0,0.0,0.0,0.0,0.0,0.0,0.0,1.0,0.0,0.0
8,10,0.0,0.0,0.0,0.0,0.0,0.0,0.0,0.0,0.0,0.0,1.0,0.0,0.0
8,10,0.0,0.0,0.0,0.0,0.0,0.0,0.0,0.0,0.0,0.0,1.0,0.0,0.0
8,10,0.0,0.0,0.0,0.0,0.0,0.0,0.0,0.0,0.0,0.0,1.0,0.0,0.0
8,10,0.0,0.0,0.0,0.0,0.0,0.0,0.0,0.0,0.0,0.0,1.0,0.0,0.0
8,10,0.0,0.0,0.0,0.0,0.0,0.0,0.0,0.0,0.0,0.0,1.0,0.0,0.0
8,10,0.0,0.0,0.0,0.0,0.0,0.0,0.0,0.0,0.0,0.0,1.0,0.0,0.0
8,10,0.0,0.0,0.0,0.0,0.0,0.0,0.0,0.0,0.0,0.0,1.0,0.0,0.0
8,10,0.0,0.0,0.0,0.0,0.0,0.0,0.0,0.0,0.0,0.0,1.0,0.0,0.0
8,10,0.0,0.0,0.0,0.0,0.0,0.0,0.0,0.0,0.0,0.0,1.0,0.0,0.0
8,10,0.0,0.0,0.0,0.0,0.0,0.0,0.0,0.0,0.0,0.0,1.0,0.0,0.0
8,10,0.0,0.0,0.0,0.0,0.0,0.0,0.0,0.0,0.0,0.0,1.0,0.0,0.0
8,10,0.0,0.0,0.0,0.0,0.0,0.0,0.0,0.0,0.0,0.0,1.0,0.0,0.0
8,10,0.0,0.0,0.0,0.0,0.0,0.0,0.0,0.0,0.0,0.0,1.0,0.0,0.0
8,10,0.0,0.0,0.0,0.0,0.0,0.0,0.0,0.0,0.0,0.0,1.0,0.0,0.0
8,10,0.0,0.0,0.0,0.0,0.0,0.0,0.0,0.0,0.0,0.0,1.0,0.0,0.0
8,10,0.0,0.0,0.0,0.0,0.0,0.0,0.0,0.0,0.0,0.0,1.0,0.0,0.0
8,10,0.0,0.0,0.0,0.0,0.0,0.0,0.0,0.0,0.0,0.0,1.0,0.0,0.0
8,10,0.0,0.0,0.0,0.0,0.0,0.0,0.0,0.0,0.0,0.0,1.0,0.0,0.0
8,10,0.0,0.0,0.0,0.0,0.0,0.0,0.0,0.0,0.0,0.0,1.0,0.0,0.0
8,10,0.0,0.0,0.0,0.0,0.0,0.0,0.0,0.0,0.0,0.0,1.0,0.0,0.0
8,10,0.0,0.0,0.0,0.0,0.0,0.0,0.0,0.0,0.0,0.0,1.0,0.0,0.0
8,10,0.0,0.0,0.0,0.0,0.0,0.0,0.0,0.0,0.0,0.0,1.0,0.0,0.0
8,10,0.0,0.0,0.0,0.0,0.0,0.0,0.0,0.0,0.0,0.0,1.0,0.0,0.0
8,10,0.0,0.0,0.0,0.0,0.0,0.0,0.0,0.0,0.0,0.0,1.0,0.0,0.0
8,10,0.0,0.0,0.0,0.0,0.0,0.0,0.0,0.0,0.0,0.0,1.0,0.0,0.0
8,10,0.0,0.0,0.0,0.0,0.0,0.0,0.0,0.0,0.0,0.0,1.0,0.0,0.0
8,10,0.0,0.0,0.0,0.0,0.0,0.0,0.0,0.0,0.0,0.0,1.0,0.0,0.0
8,10,0.0,0.0,0.0,0.0,0.0,0.0,0.0,0.0,0.0,0.0,1.0,0.0,0.0
8,10,0.0,0.0,0.0,0.0,0.0,0.0,0.0,0.0,0.0,0.0,1.0,0.0,0.0
8,10,0.0,0.0,0.0,0.0,0.0,0.0,0.0,0.0,0.0,0.0,1.0,0.0,0.0
8,10,0.0,0.0,0.0,0.0,0.0,0.0,0.0,0.0,0.0,0.0,1.0,0.0,0.0
8,10,0.0,0.0,0.0,0.0,0.0,0.0,0.0,0.0,0.0,0.0,1.0,0.0,0.0
8,10,0.0,0.0,0.0,0.0,0.0,0.0,0.0,0.0,0.0,0.0,1.0,0.0,0.0
8,10,0.0,0.0,0.0,0.0,0.0,0.0,0.0,0.0,0.0,0.0,1.0,0.0,0.0
8,10,0.0,0.0,0.0,0.0,0.0,0.0,0.0,0.0,0.0,0.0,1.0,0.0,0.0
8,10,0.0,0.0,0.0,0.0,0.0,0.0,0.0,0.0,0.0,0.0,1.0,0.0,0.0
8,10,0.0,0.0,0.0,0.0,0.0,0.0,0.0,0.0,0.0,0.0,1.0,0.0,0.0
8,10,0.0,0.0,0.0,0.0,0.0,0.0,0.0,0.0,0.0,0.0,1.0,0.0,0.0
8,10,0.0,0.0,0.0,0.0,0.0,0.0,0.0,0.0,0.0,0.0,1.0,0.0,0.0
8,10,0.0,0.0,0.0,0.0,0.0,0.0,0.0,0.0,0.0,0.0,1.0,0.0,0.0
8,10,0.0,0.0,0.0,0.0,0.0,0.0,0.0,0.0,0.0,0.0,1.0,0.0,0.0
8,10,0.0,0.0,0.0,0.0,0.0,0.0,0.0,0.0,0.0,0.0,1.0,0.0,0.0
8,10,0.0,0.0,0.0,0.0,0.0,0.0,0.0,0.0,0.0,0.0,1.0,0.0,0.0
8,10,0.0,0.0,0.0,0.0,0.0,0.0,0.0,0.0,0.0,0.0,1.0,0.0,0.0
8,10,0.0,0.0,0.0,0.0,0.0,0.0,0.0,0.0,0.0,0.0,1.0,0.0,0.0
8,10,0.0,0.0,0.0,0.0,0.0,0.0,0.0,0.0,0.0,0.0,1.0,0.0,0.0
8,10,0.0,0.0,0.0,0.0,0.0,0.0,0.0,0.0,0.0,0.0,1.0,0.0,0.0
8,10,0.0,0.0,0.0,0.0,0.0,0.0,0.0,0.0,0.0,0.0,1.0,0.0,0.0
8,10,0.0,0.0,0.0,0.0,0.0,0.0,0.0,0.0,0.0,0.0,1.0,0.0,0.0
8,10,0.0,0.0,0.0,0.0,0.0,0.0,0.0,0.0,0.0,0.0,1.0,0.0,0.0
8,10,0.0,0.0,0.0,0.0,0.0,0.0,0.0,0.0,0.0,0.0,1.0,0.0,0.0
8,10,0.0,0.0,0.0,0.0,0.0,0.0,0.0,0.0,0.0,0.0,1.0,0.0,0.0
8,10,0.0,0.0,0.0,0.0,0.0,0.0,0.0,0.0,0.0,0.0,1.0,0.0,0.0
8,10,0.0,0.0,0.0,0.0,0.0,0.0,0.0,0.0,0.0,0.0,1.0,0.0,0.0
8,10,0.0,0.0,0.0,0.0,0.0,0.0,0.0,0.0,0.0,0.0,1.0,0.0,0.0
8,10,0.0,0.0,0.0,0.0,0.0,0.0,0.0,0.0,0.0,0.0,1.0,0.0,0.0
8,10,0.0,0.0,0.0,0.0,0.0,0.0,0.0,0.0,0.0,0.0,1.0,0.0,0.0
8,10,0.0,0.0,0.0,0.0,0.0,0.0,0.0,0.0,0.0,0.0,1.0,0.0,0.0
8,10,0.0,0.0,0.0,0.0,0.0,0.0,0.0,0.0,0.0,0.0,1.0,0.0,0.0
8,10,0.0,0.0,0.0,0.0,0.0,0.0,0.0,0.0,0.0,0.0,1.0,0.0,0.0
8,10,0.0,0.0,0.0,0.0,0.0,0.0,0.0,0.0,0.0,0.0,1.0,0.0,0.0
8,10,0.0,0.0,0.0,0.0,0.0,0.0,0.0,0.0,0.0,0.0,1.0,0.0,0.0
8,10,0.0,0.0,0.0,0.0,0.0,0.0,0.0,0.0,0.0,0.0,1.0,0.0,0.0
8,10,0.0,0.0,0.0,0.0,0.0,0.0,0.0,0.0,0.0,0.0,1.0,0.0,0.0
8,10,0.0,0.0,0.0,0.0,0.0,0.0,0.0,0.0,0.0,0.0,1.0,0.0,0.0
8,10,0.0,0.0,0.0,0.0,0.0,0.0,0.0,0.0,0.0,0.0,1.0,0.0,0.0
8,10,0.0,0.0,0.0,0.0,0.0,0.0,0.0,0.0,0.0,0.0,1.0,0.0,0.0
8,10,0.0,0.0,0.0,0.0,0.0,0.0,0.0,0.0,0.0,0.0,1.0,0.0,0.0
8,10,0.0,0.0,0.0,0.0,0.0,0.0,0.0,0.0,0.0,0.0,1.0,0.0,0.0
8,10,0.0,0.0,0.0,0.0,0.0,0.0,0.0,0.0,0.0,0.0,1.0,0.0,0.0
8,10,0.0,0.0,0.0,0.0,0.0,0.0,0.0,0.0,0.0,0.0,1.0,0.0,0.0
8,10,0.0,0.0,0.0,0.0,0.0,0.0,0.0,0.0,0.0,0.0,1.0,0.0,0.0
8,10,0.0,0.0,0.0,0.0,0.0,0.0,0.0,0.0,0.0,0.0,1.0,0.0,0.0
8,10,0.0,0.0,0.0,0.0,0.0,0.0,0.0,0.0,0.0,0.0,1.0,0.0,0.0
8,10,0.0,0.0,0.0,0.0,0.0,0.0,0.0,0.0,0.0,0.0,1.0,0.0,0.0
8,10,0.0,0.0,0.0,0.0,0.0,0.0,0.0,0.0,0.0,0.0,1.0,0.0,0.0
8,10,0.0,0.0,0.0,0.0,0.0,0.0,0.0,0.0,0.0,0.0,1.0,0.0,0.0
8,10,0.0,0.0,0.0,0.0,0.0,0.0,0.0,0.0,0.0,0.0,1.0,0.0,0.0
8,10,0.0,0.0,0.0,0.0,0.0,0.0,0.0,0.0,0.0,0.0,1.0,0.0,0.0
8,10,0.0,0.0,0.0,0.0,0.0,0.0,0.0,0.0,0.0,0.0,1.0,0.0,0.0
8,10,0.0,0.0,0.0,0.0,0.0,0.0,0.0,0.0,0.0,0.0,1.0,0.0,0.0
8,10,0.0,0.0,0.0,0.0,0.0,0.0,0.0,0.0,0.0,0.0,1.0,0.0,0.0
8,10,0.0,0.0,0.0,0.0,0.0,0.0,0.0,0.0,0.0,0.0,1.0,0.0,0.0
8,10,0.0,0.0,0.0,0.0,0.0,0.0,0.0,0.0,0.0,0.0,1.0,0.0,0.0
8,10,0.0,0.0,0.0,0.0,0.0,0.0,0.0,0.0,0.0,0.0,1.0,0.0,0.0
8,10,0.0,0.0,0.0,0.0,0.0,0.0,0.0,0.0,0.0,0.0,1.0,0.0,0.0
8,10,0.0,0.0,0.0,0.0,0.0,0.0,0.0,0.0,0.0,0.0,1.0,0.0,0.0
8,10,0.0,0.0,0.0,0.0,0.0,0.0,0.0,0.0,0.0,0.0,1.0,0.0,0.0
8,10,0.0,0.0,0.0,0.0,0.0,0.0,0.0,0.0,0.0,0.0,1.0,0.0,0.0
8,10,0.0,0.0,0.0,0.0,0.0,0.0,0.0,0.0,0.0,0.0,1.0,0.0,0.0
8,10,0.0,0.0,0.0,0.0,0.0,0.0,0.0,0.0,0.0,0.0,1.0,0.0,0.0
8,10,0.0,0.0,0.0,0.0,0.0,0.0,0.0,0.0,0.0,0.0,1.0,0.0,0.0
8,10,0.0,0.0,0.0,0.0,0.0,0.0,0.0,0.0,0.0,0.0,1.0,0.0,0.0
8,10,0.0,0.0,0.0,0.0,0.0,0.0,0.0,0.0,0.0,0.0,1.0,0.0,0.0
8,10,0.0,0.0,0.0,0.0,0.0,0.0,0.0,0.0,0.0,0.0,1.0,0.0,0.0
8,10,0.0,0.0,0.0,0.0,0.0,0.0,0.0,0.0,0.0,0.0,1.0,0.0,0.0
8,10,0.0,0.0,0.0,0.0,0.0,0.0,0.0,0.0,0.0,0.0,1.0,0.0,0.0
8,10,0.0,0.0,0.0,0.0,0.0,0.0,0.0,0.0,0.0,0.0,1.0,0.0,0.0
8,10,0.0,0.0,0.0,0.0,0.0,0.0,0.0,0.0,0.0,0.0,1.0,0.0,0.0
8,10,0.0,0.0,0.0,0.0,0.0,0.0,0.0,0.0,0.0,0.0,1.0,0.0,0.0
8,10,0.0,0.0,0.0,0.0,0.0,0.0,0.0,0.0,0.0,0.0,1.0,0.0,0.0
8,10,0.0,0.0,0.0,0.0,0.0,0.0,0.0,0.0,0.0,0.0,1.0,0.0,0.0
8,10,0.0,0.0,0.0,0.0,0.0,0.0,0.0,0.0,0.0,0.0,1.0,0.0,0.0
8,10,0.0,0.0,0.0,0.0,0.0,0.0,0.0,0.0,0.0,0.0,1.0,0.0,0.0
8,10,0.0,0.0,0.0,0.0,0.0,0.0,0.0,0.0,0.0,0.0,1.0,0.0,0.0
8,10,0.0,0.0,0.0,0.0,0.0,0.0,0.0,0.0,0.0,0.0,1.0,0.0,0.0
8,10,0.0,0.0,0.0,0.0,0.0,0.0,0.0,0.0,0.0,0.0,1.0,0.0,0.0
8,10,0.0,0.0,0.0,0.0,0.0,0.0,0.0,0.0,0.0,0.0,1.0,0.0,0.0
8,10,0.0,0.0,0.0,0.0,0.0,0.0,0.0,0.0,0.0,0.0,1.0,0.0,0.0
8,10,0.0,0.0,0.0,0.0,0.0,0.0,0.0,0.0,0.0,0.0,1.0,0.0,0.0
8,10,0.0,0.0,0.0,0.0,0.0,0.0,0.0,0.0,0.0,0.0,1.0,0.0,0.0
8,10,0.0,0.0,0.0,0.0,0.0,0.0,0.0,0.0,0.0,0.0,1.0,0.0,0.0
8,10,0.0,0.0,0.0,0.0,0.0,0.0,0.0,0.0,0.0,0.0,1.0,0.0,0.0
8,10,0.0,0.0,0.0,0.0,0.0,0.0,0.0,0.0,0.0,0.0,1.0,0.0,0.0
8,10,0.0,0.0,0.0,0.0,0.0,0.0,0.0,0.0,0.0,0.0,1.0,0.0,0.0
8,10,0.0,0.0,0.0,0.0,0.0,0.0,0.0,0.0,0.0,0.0,1.0,0.0,0.0
8,10,0.0,0.0,0.0,0.0,0.0,0.0,0.0,0.0,0.0,0.0,1.0,0.0,0.0
8,10,0.0,0.0,0.0,0.0,0.0,0.0,0.0,0.0,0.0,0.0,1.0,0.0,0.0
8,10,0.0,0.0,0.0,0.0,0.0,0.0,0.0,0.0,0.0,0.0,1.0,0.0,0.0
8,10,0.0,0.0,0.0,0.0,0.0,0.0,0.0,0.0,0.0,0.0,1.0,0.0,0.0
8,10,0.0,0.0,0.0,0.0,0.0,0.0,0.0,0.0,0.0,0.0,1.0,0.0,0.0
8,10,0.0,0.0,0.0,0.0,0.0,0.0,0.0,0.0,0.0,0.0,1.0,0.0,0.0
8,10,0.0,0.0,0.0,0.0,0.0,0.0,0.0,0.0,0.0,0.0,1.0,0.0,0.0
8,10,0.0,0.0,0.0,0.0,0.0,0.0,0.0,0.0,0.0,0.0,1.0,0.0,0.0
8,10,0.0,0.0,0.0,0.0,0.0,0.0,0.0,0.0,0.0,0.0,1.0,0.0,0.0
8,10,0.0,0.0,0.0,0.0,0.0,0.0,0.0,0.0,0.0,0.0,1.0,0.0,0.0
8,10,0.0,0.0,0.0,0.0,0.0,0.0,0.0,0.0,0.0,0.0,1.0,0.0,0.0
8,10,0.0,0.0,0.0,0.0,0.0,0.0,0.0,0.0,0.0,0.0,1.0,0.0,0.0
8,10,0.0,0.0,0.0,0.0,0.0,0.0,0.0,0.0,0.0,0.0,1.0,0.0,0.0
8,10,0.0,0.0,0.0,0.0,0.0,0.0,0.0,0.0,0.0,0.0,1.0,0.0,0.0
8,10,0.0,0.0,0.0,0.0,0.0,0.0,0.0,0.0,0.0,0.0,1.0,0.0,0.0
8,10,0.0,0.0,0.0,0.0,0.0,0.0,0.0,0.0,0.0,0.0,1.0,0.0,0.0
8,10,0.0,0.0,0.0,0.0,0.0,0.0,0.0,0.0,0.0,0.0,1.0,0.0,0.0
8,10,0.0,0.0,0.0,0.0,0.0,0.0,0.0,0.0,0.0,0.0,1.0,0.0,0.0
8,10,0.0,0.0,0.0,0.0,0.0,0.0,0.0,0.0,0.0,0.0,1.0,0.0,0.0
8,10,0.0,0.0,0.0,0.0,0.0,0.0,0.0,0.0,0.0,0.0,1.0,0.0,0.0
8,10,0.0,0.0,0.0,0.0,0.0,0.0,0.0,0.0,0.0,0.0,1.0,0.0,0.0
8,10,0.0,0.0,0.0,0.0,0.0,0.0,0.0,0.0,0.0,0.0,1.0,0.0,0.0
8,10,0.0,0.0,0.0,0.0,0.0,0.0,0.0,0.0,0.0,0.0,1.0,0.0,0.0
8,10,0.0,0.0,0.0,0.0,0.0,0.0,0.0,0.0,0.0,0.0,1.0,0.0,0.0
8,10,0.0,0.0,0.0,0.0,0.0,0.0,0.0,0.0,0.0,0.0,1.0,0.0,0.0
8,10,0.0,0.0,0.0,0.0,0.0,0.0,0.0,0.0,0.0,0.0,1.0,0.0,0.0
8,10,0.0,0.0,0.0,0.0,0.0,0.0,0.0,0.0,0.0,0.0,1.0,0.0,0.0
8,10,0.0,0.0,0.0,0.0,0.0,0.0,0.0,0.0,0.0,0.0,1.0,0.0,0.0
8,10,0.0,0.0,0.0,0.0,0.0,0.0,0.0,0.0,0.0,0.0,1.0,0.0,0.0
8,10,0.0,0.0,0.0,0.0,0.0,0.0,0.0,0.0,0.0,0.0,1.0,0.0,0.0
8,10,0.0,0.0,0.0,0.0,0.0,0.0,0.0,0.0,0.0,0.0,1.0,0.0,0.0
8,10,0.0,0.0,0.0,0.0,0.0,0.0,0.0,0.0,0.0,0.0,1.0,0.0,0.0
8,10,0.0,0.0,0.0,0.0,0.0,0.0,0.0,0.0,0.0,0.0,1.0,0.0,0.0
8,10,0.0,0.0,0.0,0.0,0.0,0.0,0.0,0.0,0.0,0.0,1.0,0.0,0.0
8,10,0.0,0.0,0.0,0.0,0.0,0.0,0.0,0.0,0.0,0.0,1.0,0.0,0.0
8,10,0.0,0.0,0.0,0.0,0.0,0.0,0.0,0.0,0.0,0.0,1.0,0.0,0.0
8,10,0.0,0.0,0.0,0.0,0.0,0.0,0.0,0.0,0.0,0.0,1.0,0.0,0.0
8,10,0.0,0.0,0.0,0.0,0.0,0.0,0.0,0.0,0.0,0.0,1.0,0.0,0.0
8,10,0.0,0.0,0.0,0.0,0.0,0.0,0.0,0.0,0.0,0.0,1.0,0.0,0.0
8,10,0.0,0.0,0.0,0.0,0.0,0.0,0.0,0.0,0.0,0.0,1.0,0.0,0.0
8,10,0.0,0.0,0.0,0.0,0.0,0.0,0.0,0.0,0.0,0.0,1.0,0.0,0.0
8,10,0.0,0.0,0.0,0.0,0.0,0.0,0.0,0.0,0.0,0.0,1.0,0.0,0.0
8,10,0.0,0.0,0.0,0.0,0.0,0.0,0.0,0.0,0.0,0.0,1.0,0.0,0.0
8,10,0.0,0.0,0.0,0.0,0.0,0.0,0.0,0.0,0.0,0.0,1.0,0.0,0.0
8,10,0.0,0.0,0.0,0.0,0.0,0.0,0.0,0.0,0.0,0.0,1.0,0.0,0.0
8,10,0.0,0.0,0.0,0.0,0.0,0.0,0.0,0.0,0.0,0.0,1.0,0.0,0.0
8,10,0.0,0.0,0.0,0.0,0.0,0.0,0.0,0.0,0.0,0.0,1.0,0.0,0.0
8,10,0.0,0.0,0.0,0.0,0.0,0.0,0.0,0.0,0.0,0.0,1.0,0.0,0.0
8,10,0.0,0.0,0.0,0.0,0.0,0.0,0.0,0.0,0.0,0.0,1.0,0.0,0.0
8,10,0.0,0.0,0.0,0.0,0.0,0.0,0.0,0.0,0.0,0.0,1.0,0.0,0.0
8,10,0.0,0.0,0.0,0.0,0.0,0.0,0.0,0.0,0.0,0.0,1.0,0.0,0.0
8,10,0.0,0.0,0.0,0.0,0.0,0.0,0.0,0.0,0.0,0.0,1.0,0.0,0.0
8,10,0.0,0.0,0.0,0.0,0.0,0.0,0.0,0.0,0.0,0.0,1.0,0.0,0.0
8,10,0.0,0.0,0.0,0.0,0.0,0.0,0.0,0.0,0.0,0.0,1.0,0.0,0.0
8,10,0.0,0.0,0.0,0.0,0.0,0.0,0.0,0.0,0.0,0.0,1.0,0.0,0.0
8,10,0.0,0.0,0.0,0.0,0.0,0.0,0.0,0.0,0.0,0.0,1.0,0.0,0.0
8,10,0.0,0.0,0.0,0.0,0.0,0.0,0.0,0.0,0.0,0.0,1.0,0.0,0.0
8,10,0.0,0.0,0.0,0.0,0.0,0.0,0.0,0.0,0.0,0.0,1.0,0.0,0.0
8,10,0.0,0.0,0.0,0.0,0.0,0.0,0.0,0.0,0.0,0.0,1.0,0.0,0.0
8,10,0.0,0.0,0.0,0.0,0.0,0.0,0.0,0.0,0.0,0.0,1.0,0.0,0.0
8,10,0.0,0.0,0.0,0.0,0.0,0.0,0.0,0.0,0.0,0.0,1.0,0.0,0.0
8,10,0.0,0.0,0.0,0.0,0.0,0.0,0.0,0.0,0.0,0.0,1.0,0.0,0.0
8,10,0.0,0.0,0.0,0.0,0.0,0.0,0.0,0.0,0.0,0.0,1.0,0.0,0.0
8,10,0.0,0.0,0.0,0.0,0.0,0.0,0.0,0.0,0.0,0.0,1.0,0.0,0.0
8,10,0.0,0.0,0.0,0.0,0.0,0.0,0.0,0.0,0.0,0.0,1.0,0.0,0.0
8,10,0.0,0.0,0.0,0.0,0.0,0.0,0.0,0.0,0.0,0.0,1.0,0.0,0.0
8,10,0.0,0.0,0.0,0.0,0.0,0.0,0.0,0.0,0.0,0.0,1.0,0.0,0.0
8,10,0.0,0.0,0.0,0.0,0.0,0.0,0.0,0.0,0.0,0.0,1.0,0.0,0.0
8,10,0.0,0.0,0.0,0.0,0.0,0.0,0.0,0.0,0.0,0.0,1.0,0.0,0.0
8,10,0.0,0.0,0.0,0.0,0.0,0.0,0.0,0.0,0.0,0.0,1.0,0.0,0.0
8,10,0.0,0.0,0.0,0.0,0.0,0.0,0.0,0.0,0.0,0.0,1.0,0.0,0.0
8,10,0.0,0.0,0.0,0.0,0.0,0.0,0.0,0.0,0.0,0.0,1.0,0.0,0.0
8,10,0.0,0.0,0.0,0.0,0.0,0.0,0.0,0.0,0.0,0.0,1.0,0.0,0.0
8,10,0.0,0.0,0.0,0.0,0.0,0.0,0.0,0.0,0.0,0.0,1.0,0.0,0.0
8,10,0.0,0.0,0.0,0.0,0.0,0.0,0.0,0.0,0.0,0.0,1.0,0.0,0.0
8,10,0.0,0.0,0.0,0.0,0.0,0.0,0.0,0.0,0.0,0.0,1.0,0.0,0.0
8,10,0.0,0.0,0.0,0.0,0.0,0.0,0.0,0.0,0.0,0.0,1.0,0.0,0.0
8,10,0.0,0.0,0.0,0.0,0.0,0.0,0.0,0.0,0.0,0.0,1.0,0.0,0.0
8,10,0.0,0.0,0.0,0.0,0.0,0.0,0.0,0.0,0.0,0.0,1.0,0.0,0.0
8,10,0.0,0.0,0.0,0.0,0.0,0.0,0.0,0.0,0.0,0.0,1.0,0.0,0.0
8,10,0.0,0.0,0.0,0.0,0.0,0.0,0.0,0.0,0.0,0.0,1.0,0.0,0.0
8,10,0.0,0.0,0.0,0.0,0.0,0.0,0.0,0.0,0.0,0.0,1.0,0.0,0.0
8,10,0.0,0.0,0.0,0.0,0.0,0.0,0.0,0.0,0.0,0.0,1.0,0.0,0.0
8,10,0.0,0.0,0.0,0.0,0.0,0.0,0.0,0.0,0.0,0.0,1.0,0.0,0.0
8,10,0.0,0.0,0.0,0.0,0.0,0.0,0.0,0.0,0.0,0.0,1.0,0.0,0.0
8,10,0.0,0.0,0.0,0.0,0.0,0.0,0.0,0.0,0.0,0.0,1.0,0.0,0.0
8,10,0.0,0.0,0.0,0.0,0.0,0.0,0.0,0.0,0.0,0.0,1.0,0.0,0.0
8,10,0.0,0.0,0.0,0.0,0.0,0.0,0.0,0.0,0.0,0.0,1.0,0.0,0.0
8,10,0.0,0.0,0.0,0.0,0.0,0.0,0.0,0.0,0.0,0.0,1.0,0.0,0.0
8,10,0.0,0.0,0.0,0.0,0.0,0.0,0.0,0.0,0.0,0.0,1.0,0.0,0.0
8,10,0.0,0.0,0.0,0.0,0.0,0.0,0.0,0.0,0.0,0.0,1.0,0.0,0.0
8,10,0.0,0.0,0.0,0.0,0.0,0.0,0.0,0.0,0.0,0.0,1.0,0.0,0.0
8,10,0.0,0.0,0.0,0.0,0.0,0.0,0.0,0.0,0.0,0.0,1.0,0.0,0.0
8,10,0.0,0.0,0.0,0.0,0.0,0.0,0.0,0.0,0.0,0.0,1.0,0.0,0.0
8,10,0.0,0.0,0.0,0.0,0.0,0.0,0.0,0.0,0.0,0.0,1.0,0.0,0.0
8,10,0.0,0.0,0.0,0.0,0.0,0.0,0.0,0.0,0.0,0.0,1.0,0.0,0.0
8,10,0.0,0.0,0.0,0.0,0.0,0.0,0.0,0.0,0.0,0.0,1.0,0.0,0.0
8,10,0.0,0.0,0.0,0.0,0.0,0.0,0.0,0.0,0.0,0.0,1.0,0.0,0.0
8,10,0.0,0.0,0.0,0.0,0.0,0.0,0.0,0.0,0.0,0.0,1.0,0.0,0.0
8,10,0.0,0.0,0.0,0.0,0.0,0.0,0.0,0.0,0.0,0.0,1.0,0.0,0.0
8,10,0.0,0.0,0.0,0.0,0.0,0.0,0.0,0.0,0.0,0.0,1.0,0.0,0.0
8,10,0.0,0.0,0.0,0.0,0.0,0.0,0.0,0.0,0.0,0.0,1.0,0.0,0.0
8,10,0.0,0.0,0.0,0.0,0.0,0.0,0.0,0.0,0.0,0.0,1.0,0.0,0.0
8,10,0.0,0.0,0.0,0.0,0.0,0.0,0.0,0.0,0.0,0.0,1.0,0.0,0.0
8,10,0.0,0.0,0.0,0.0,0.0,0.0,0.0,0.0,0.0,0.0,1.0,0.0,0.0
8,10,0.0,0.0,0.0,0.0,0.0,0.0,0.0,0.0,0.0,0.0,1.0,0.0,0.0
8,10,0.0,0.0,0.0,0.0,0.0,0.0,0.0,0.0,0.0,0.0,1.0,0.0,0.0
8,10,0.0,0.0,0.0,0.0,0.0,0.0,0.0,0.0,0.0,0.0,1.0,0.0,0.0
8,10,0.0,0.0,0.0,0.0,0.0,0.0,0.0,0.0,0.0,0.0,1.0,0.0,0.0
8,10,0.0,0.0,0.0,0.0,0.0,0.0,0.0,0.0,0.0,0.0,1.0,0.0,0.0
8,10,0.0,0.0,0.0,0.0,0.0,0.0,0.0,0.0,0.0,0.0,1.0,0.0,0.0
8,10,0.0,0.0,0.0,0.0,0.0,0.0,0.0,0.0,0.0,0.0,1.0,0.0,0.0
8,10,0.0,0.0,0.0,0.0,0.0,0.0,0.0,0.0,0.0,0.0,1.0,0.0,0.0
8,10,0.0,0.0,0.0,0.0,0.0,0.0,0.0,0.0,0.0,0.0,1.0,0.0,0.0
8,10,0.0,0.0,0.0,0.0,0.0,0.0,0.0,0.0,0.0,0.0,1.0,0.0,0.0
8,10,0.0,0.0,0.0,0.0,0.0,0.0,0.0,0.0,0.0,0.0,1.0,0.0,0.0
8,10,0.0,0.0,0.0,0.0,0.0,0.0,0.0,0.0,0.0,0.0,1.0,0.0,0.0
8,10,0.0,0.0,0.0,0.0,0.0,0.0,0.0,0.0,0.0,0.0,1.0,0.0,0.0
8,10,0.0,0.0,0.0,0.0,0.0,0.0,0.0,0.0,0.0,0.0,1.0,0.0,0.0
8,10,0.0,0.0,0.0,0.0,0.0,0.0,0.0,0.0,0.0,0.0,1.0,0.0,0.0
8,10,0.0,0.0,0.0,0.0,0.0,0.0,0.0,0.0,0.0,0.0,1.0,0.0,0.0
8,10,0.0,0.0,0.0,0.0,0.0,0.0,0.0,0.0,0.0,0.0,1.0,0.0,0.0
8,10,0.0,0.0,0.0,0.0,0.0,0.0,0.0,0.0,0.0,0.0,1.0,0.0,0.0
8,10,0.0,0.0,0.0,0.0,0.0,0.0,0.0,0.0,0.0,0.0,1.0,0.0,0.0
8,10,0.0,0.0,0.0,0.0,0.0,0.0,0.0,0.0,0.0,0.0,1.0,0.0,0.0
8,10,0.0,0.0,0.0,0.0,0.0,0.0,0.0,0.0,0.0,0.0,1.0,0.0,0.0
8,10,0.0,0.0,0.0,0.0,0.0,0.0,0.0,0.0,0.0,0.0,1.0,0.0,0.0
8,10,0.0,0.0,0.0,0.0,0.0,0.0,0.0,0.0,0.0,0.0,1.0,0.0,0.0
8,10,0.0,0.0,0.0,0.0,0.0,0.0,0.0,0.0,0.0,0.0,1.0,0.0,0.0
8,10,0.0,0.0,0.0,0.0,0.0,0.0,0.0,0.0,0.0,0.0,1.0,0.0,0.0
8,10,0.0,0.0,0.0,0.0,0.0,0.0,0.0,0.0,0.0,0.0,1.0,0.0,0.0
8,10,0.0,0.0,0.0,0.0,0.0,0.0,0.0,0.0,0.0,0.0,1.0,0.0,0.0
8,10,0.0,0.0,0.0,0.0,0.0,0.0,0.0,0.0,0.0,0.0,1.0,0.0,0.0
8,10,0.0,0.0,0.0,0.0,0.0,0.0,0.0,0.0,0.0,0.0,1.0,0.0,0.0
8,10,0.0,0.0,0.0,0.0,0.0,0.0,0.0,0.0,0.0,0.0,1.0,0.0,0.0
8,10,0.0,0.0,0.0,0.0,0.0,0.0,0.0,0.0,0.0,0.0,1.0,0.0,0.0
8,10,0.0,0.0,0.0,0.0,0.0,0.0,0.0,0.0,0.0,0.0,1.0,0.0,0.0
8,10,0.0,0.0,0.0,0.0,0.0,0.0,0.0,0.0,0.0,0.0,1.0,0.0,0.0
8,10,0.0,0.0,0.0,0.0,0.0,0.0,0.0,0.0,0.0,0.0,1.0,0.0,0.0
8,10,0.0,0.0,0.0,0.0,0.0,0.0,0.0,0.0,0.0,0.0,1.0,0.0,0.0
8,10,0.0,0.0,0.0,0.0,0.0,0.0,0.0,0.0,0.0,0.0,1.0,0.0,0.0
8,10,0.0,0.0,0.0,0.0,0.0,0.0,0.0,0.0,0.0,0.0,1.0,0.0,0.0
8,10,0.0,0.0,0.0,0.0,0.0,0.0,0.0,0.0,0.0,0.0,1.0,0.0,0.0
8,10,0.0,0.0,0.0,0.0,0.0,0.0,0.0,0.0,0.0,0.0,1.0,0.0,0.0
8,10,0.0,0.0,0.0,0.0,0.0,0.0,0.0,0.0,0.0,0.0,1.0,0.0,0.0
8,10,0.0,0.0,0.0,0.0,0.0,0.0,0.0,0.0,0.0,0.0,1.0,0.0,0.0
8,10,0.0,0.0,0.0,0.0,0.0,0.0,0.0,0.0,0.0,0.0,1.0,0.0,0.0
8,10,0.0,0.0,0.0,0.0,0.0,0.0,0.0,0.0,0.0,0.0,1.0,0.0,0.0
8,10,0.0,0.0,0.0,0.0,0.0,0.0,0.0,0.0,0.0,0.0,1.0,0.0,0.0
8,10,0.0,0.0,0.0,0.0,0.0,0.0,0.0,0.0,0.0,0.0,1.0,0.0,0.0
8,10,0.0,0.0,0.0,0.0,0.0,0.0,0.0,0.0,0.0,0.0,1.0,0.0,0.0
8,10,0.0,0.0,0.0,0.0,0.0,0.0,0.0,0.0,0.0,0.0,1.0,0.0,0.0
8,10,0.0,0.0,0.0,0.0,0.0,0.0,0.0,0.0,0.0,0.0,1.0,0.0,0.0
8,10,0.0,0.0,0.0,0.0,0.0,0.0,0.0,0.0,0.0,0.0,1.0,0.0,0.0
8,10,0.0,0.0,0.0,0.0,0.0,0.0,0.0,0.0,0.0,0.0,1.0,0.0,0.0
8,10,0.0,0.0,0.0,0.0,0.0,0.0,0.0,0.0,0.0,0.0,1.0,0.0,0.0
8,10,0.0,0.0,0.0,0.0,0.0,0.0,0.0,0.0,0.0,0.0,1.0,0.0,0.0
8,10,0.0,0.0,0.0,0.0,0.0,0.0,0.0,0.0,0.0,0.0,1.0,0.0,0.0
8,10,0.0,0.0,0.0,0.0,0.0,0.0,0.0,0.0,0.0,0.0,1.0,0.0,0.0
8,10,0.0,0.0,0.0,0.0,0.0,0.0,0.0,0.0,0.0,0.0,1.0,0.0,0.0
8,10,0.0,0.0,0.0,0.0,0.0,0.0,0.0,0.0,0.0,0.0,1.0,0.0,0.0
8,10,0.0,0.0,0.0,0.0,0.0,0.0,0.0,0.0,0.0,0.0,1.0,0.0,0.0
8,10,0.0,0.0,0.0,0.0,0.0,0.0,0.0,0.0,0.0,0.0,1.0,0.0,0.0
8,10,0.0,0.0,0.0,0.0,0.0,0.0,0.0,0.0,0.0,0.0,1.0,0.0,0.0
8,10,0.0,0.0,0.0,0.0,0.0,0.0,0.0,0.0,0.0,0.0,1.0,0.0,0.0
8,10,0.0,0.0,0.0,0.0,0.0,0.0,0.0,0.0,0.0,0.0,1.0,0.0,0.0
8,10,0.0,0.0,0.0,0.0,0.0,0.0,0.0,0.0,0.0,0.0,1.0,0.0,0.0
8,10,0.0,0.0,0.0,0.0,0.0,0.0,0.0,0.0,0.0,0.0,1.0,0.0,0.0
8,10,0.0,0.0,0.0,0.0,0.0,0.0,0.0,0.0,0.0,0.0,1.0,0.0,0.0
8,10,0.0,0.0,0.0,0.0,0.0,0.0,0.0,0.0,0.0,0.0,1.0,0.0,0.0
8,10,0.0,0.0,0.0,0.0,0.0,0.0,0.0,0.0,0.0,0.0,1.0,0.0,0.0
8,10,0.0,0.0,0.0,0.0,0.0,0.0,0.0,0.0,0.0,0.0,1.0,0.0,0.0
8,10,0.0,0.0,0.0,0.0,0.0,0.0,0.0,0.0,0.0,0.0,1.0,0.0,0.0
8,10,0.0,0.0,0.0,0.0,0.0,0.0,0.0,0.0,0.0,0.0,1.0,0.0,0.0
8,10,0.0,0.0,0.0,0.0,0.0,0.0,0.0,0.0,0.0,0.0,1.0,0.0,0.0
8,10,0.0,0.0,0.0,0.0,0.0,0.0,0.0,0.0,0.0,0.0,1.0,0.0,0.0
8,10,0.0,0.0,0.0,0.0,0.0,0.0,0.0,0.0,0.0,0.0,1.0,0.0,0.0
8,10,0.0,0.0,0.0,0.0,0.0,0.0,0.0,0.0,0.0,0.0,1.0,0.0,0.0
8,10,0.0,0.0,0.0,0.0,0.0,0.0,0.0,0.0,0.0,0.0,1.0,0.0,0.0
8,10,0.0,0.0,0.0,0.0,0.0,0.0,0.0,0.0,0.0,0.0,1.0,0.0,0.0
8,10,0.0,0.0,0.0,0.0,0.0,0.0,0.0,0.0,0.0,0.0,1.0,0.0,0.0
8,10,0.0,0.0,0.0,0.0,0.0,0.0,0.0,0.0,0.0,0.0,1.0,0.0,0.0
8,10,0.0,0.0,0.0,0.0,0.0,0.0,0.0,0.0,0.0,0.0,1.0,0.0,0.0
8,10,0.0,0.0,0.0,0.0,0.0,0.0,0.0,0.0,0.0,0.0,1.0,0.0,0.0
8,10,0.0,0.0,0.056429595,0.0,0.0,0.0,0.0,0.0,0.0,0.0,0.9435704,0.0,0.0
8,10,0.0,0.0,0.056429595,0.0,0.0,0.0,0.0,0.0,0.0,0.0,0.9435704,0.0,0.0
8,10,0.0,0.0,0.056429595,0.0,0.0,0.0,0.0,0.0,0.0,0.0,0.9435704,0.0,0.0
8,10,0.0,0.0,0.056429595,0.0,0.0,0.0,0.0,0.0,0.0,0.0,0.9435704,0.0,0.0
8,10,0.0,0.0,0.056429595,0.0,0.0,0.0,0.0,0.0,0.0,0.0,0.9435704,0.0,0.0
8,10,0.0,0.0,0.056429595,0.0,0.0,0.0,0.0,0.0,0.0,0.0,0.9435704,0.0,0.0
8,10,0.0,0.0,0.056429595,0.0,0.0,0.0,0.0,0.0,0.0,0.0,0.9435704,0.0,0.0
8,10,0.0,0.0,0.056429595,0.0,0.0,0.0,0.0,0.0,0.0,0.0,0.9435704,0.0,0.0
8,10,0.0,0.0,0.056429595,0.0,0.0,0.0,0.0,0.0,0.0,0.0,0.9435704,0.0,0.0
8,10,0.0,0.0,0.056429595,0.0,0.0,0.0,0.0,0.0,0.0,0.0,0.9435704,0.0,0.0
8,10,0.0,0.0,0.056429595,0.0,0.0,0.0,0.0,0.0,0.0,0.0,0.9435704,0.0,0.0
8,10,0.0,0.0,0.056429595,0.0,0.0,0.0,0.0,0.0,0.0,0.0,0.9435704,0.0,0.0
8,10,0.0,0.0,0.056429595,0.0,0.0,0.0,0.0,0.0,0.0,0.0,0.87598693,0.067583494,0.0
8,10,0.0,0.0,0.056429595,0.0,0.0,0.0,0.0,0.0,0.0,0.0,0.87598693,0.067583494,0.0
8,10,0.0,0.0,0.056429595,0.0,0.0,0.0,0.0,0.0,0.0,0.0,0.87598693,0.067583494,0.0
8,10,0.0,0.0,0.056429595,0.0,0.0,0.0,0.0,0.0,0.0,0.0,0.87598693,0.067583494,0.0
8,10,0.0,0.0,0.056429595,0.0,0.0,0.0,0.0,0.0,0.0,0.0,0.87598693,0.067583494,0.0
8,10,0.0,0.0,0.056429595,0.0,0.0,0.0,0.0,0.0,0.0,0.0,0.87598693,0.067583494,0.0
8,10,0.0,0.0,0.056429595,0.0,0.0,0.0,0.0,0.0,0.0,0.0,0.87598693,0.067583494,0.0
8,10,0.0,0.0,0.056429595,0.0,0.0,0.0,0.0,0.0,0.0,0.0,0.87598693,0.067583494,0.0
8,10,0.0,0.0,0.056429595,0.0,0.0,0.0,0.0,0.0,0.0,0.0,0.87598693,0.067583494,0.0
8,10,0.0,0.0,0.056429595,0.0,0.0,0.0,0.0,0.0,0.0,0.0,0.87598693,0.067583494,0.0
8,10,0.0,0.0,0.056429595,0.0,0.0,0.0,0.0,0.0,0.0,0.0,0.87598693,0.067583494,0.0
8,10,0.0,0.0,0.056429595,0.0,0.0,0.0,0.0,0.0,0.0,0.0,0.87598693,0.067583494,0.0
8,10,0.0,0.0,0.056429595,0.0,0.0,0.0,0.0,0.0,0.0,0.0,0.87598693,0.067583494,0.0
8,10,0.0,0.0,0.056429595,0.0,0.0,0.0,0.0,0.0,0.0,0.0,0.87598693,0.067583494,0.0
8,10,0.0,0.0,0.056429595,0.0,0.0,0.0,0.0,0.0,0.0,0.0,0.87598693,0.067583494,0.0
8,10,0.0,0.0,0.056429595,0.0,0.0,0.0,0.0,0.0,0.0,0.0,0.87598693,0.067583494,0.0
8,10,0.0,0.0,0.056429595,0.0,0.0,0.0,0.0,0.0,0.0,0.0,0.87598693,0.067583494,0.0
8,10,0.0,0.0,0.056429595,0.0,0.0,0.0,0.0,0.0,0.0,0.0,0.87598693,0.067583494,0.0
8,10,0.0,0.0,0.056429595,0.0,0.0,0.0,0.0,0.0,0.0,0.0,0.87598693,0.067583494,0.0
8,10,0.0,0.0,0.056429595,0.0,0.0,0.0,0.0,0.0,0.0,0.0,0.87598693,0.067583494,0.0
8,10,0.0,0.0,0.056429595,0.0,0.0,0.0,0.0,0.0,0.0,0.0,0.81797934,0.12559113,0.0
8,10,0.0,0.0,0.056429595,0.0,0.0,0.0,0.0,0.0,0.0,0.0,0.81797934,0.12559113,0.0
8,10,0.0,0.0,0.056429595,0.0,0.0,0.0,0.0,0.0,0.0,0.0,0.81797934,0.12559113,0.0
8,10,0.0,0.0,0.056429595,0.0,0.0,0.0,0.0,0.0,0.0,0.0,0.81797934,0.12559113,0.0
8,10,0.0,0.0,0.056429595,0.0,0.0,0.0,0.0,0.0,0.0,0.0,0.81797934,0.12559113,0.0
8,10,0.0,0.0,0.056429595,0.0,0.0,0.0,0.0,0.0,0.0,0.0,0.81797934,0.12559113,0.0
8,10,0.0,0.0,0.056429595,0.0,0.0,0.0,0.0,0.0,0.0,0.0,0.81797934,0.12559113,0.0
8,10,0.0,0.0,0.056429595,0.0,0.0,0.0,0.0,0.0,0.0,0.0,0.81797934,0.12559113,0.0
8,10,0.0,0.0,0.056429595,0.0,0.0,0.0,0.0,0.0,0.0,0.0,0.81797934,0.12559113,0.0
8,10,0.0,0.0,0.056429595,0.0,0.0,0.0,0.0,0.0,0.0,0.0,0.81797934,0.12559113,0.0
8,10,0.0,0.0,0.056429595,0.0,0.0,0.0,0.0,0.0,0.0,0.0,0.81797934,0.12559113,0.0
8,10,0.0,0.0,0.056429595,0.0,0.0,0.0,0.0,0.0,0.0,0.0,0.81797934,0.12559113,0.0
8,10,0.0,0.0,0.056429595,0.0,0.0,0.0,0.0,0.0,0.0,0.0,0.81797934,0.12559113,0.0
8,10,0.0,0.0,0.056429595,0.0,0.0,0.0,0.0,0.0,0.0,0.0,0.81797934,0.12559113,0.0
8,10,0.0,0.0,0.056429595,0.0,0.0,0.0,0.0,0.0,0.0,0.0,0.81797934,0.12559113,0.0
8,10,0.0,0.0,0.056429595,0.0,0.0,0.0,0.0,0.0,0.0,0.0,0.81797934,0.12559113,0.0
8,10,0.0,0.0,0.056429595,0.0,0.0,0.0,0.0,0.0,0.0,0.0,0.81797934,0.12559113,0.0
8,10,0.0,0.0,0.056429595,0.0,0.0,0.0,0.0,0.0,0.0,0.0,0.81797934,0.12559113,0.0
8,10,0.0,0.0,0.056429595,0.0,0.0,0.0,0.0,0.0,0.0,0.0,0.81797934,0.12559113,0.0
8,10,0.0,0.0,0.056429595,0.0,0.0,0.0,0.0,0.0,0.0,0.0,0.81797934,0.12559113,0.0
8,10,0.0,0.0,0.056429595,0.0,0.0,0.0,0.0,0.0,0.0,0.0,0.81797934,0.12559113,0.0
8,10,0.0,0.0,0.056429595,0.0,0.0,0.0,0.0,0.0,0.0,0.0,0.81797934,0.12559113,0.0
8,10,0.0,0.0,0.056429595,0.0,0.0,0.0,0.0,0.0,0.0,0.0,0.8855628,0.058007643,0.0
8,10,0.0,0.0,0.056429595,0.0,0.0,0.0,0.0,0.0,0.0,0.0,0.8855628,0.058007643,0.0
8,10,0.0,0.0,0.056429595,0.0,0.0,0.0,0.0,0.0,0.0,0.0,0.8855628,0.058007643,0.0
8,10,0.0,0.0,0.056429595,0.0,0.0,0.0,0.0,0.0,0.0,0.0,0.8855628,0.058007643,0.0
8,10,0.0,0.0,0.056429595,0.0,0.0,0.0,0.0,0.0,0.0,0.0,0.8855628,0.058007643,0.0
8,10,0.0,0.0,0.056429595,0.0,0.0,0.0,0.0,0.0,0.0,0.0,0.8855628,0.058007643,0.0
8,10,0.0,0.0,0.056429595,0.0,0.0,0.0,0.0,0.0,0.0,0.0,0.8855628,0.058007643,0.0
8,10,0.0,0.0,0.056429595,0.0,0.0,0.0,0.0,0.0,0.0,0.0,0.8855628,0.058007643,0.0
8,10,0.0,0.0,0.056429595,0.0,0.0,0.0,0.0,0.0,0.0,0.0,0.8855628,0.058007643,0.0
8,10,0.0,0.0,0.056429595,0.0,0.0,0.0,0.0,0.0,0.0,0.0,0.8855628,0.058007643,0.0
8,10,0.0,0.0,0.056429595,0.0,0.0,0.0,0.0,0.0,0.0,0.0,0.8855628,0.058007643,0.0
8,10,0.0,0.0,0.056429595,0.0,0.0,0.0,0.0,0.0,0.0,0.0,0.8855628,0.058007643,0.0
8,10,0.0,0.0,0.056429595,0.0,0.0,0.0,0.0,0.0,0.0,0.0,0.8855628,0.058007643,0.0
8,10,0.0,0.0,0.056429595,0.0,0.0,0.0,0.0,0.0,0.0,0.0,0.8855628,0.058007643,0.0
8,10,0.0,0.0,0.056429595,0.0,0.0,0.0,0.0,0.0,0.0,0.0,0.8855628,0.058007643,0.0
8,10,0.0,0.0,0.056429595,0.0,0.0,0.0,0.0,0.0,0.0,0.0,0.8855628,0.058007643,0.0
8,10,0.0,0.0,0.056429595,0.0,0.0,0.0,0.0,0.0,0.0,0.0,0.8855628,0.058007643,0.0
8,10,0.0,0.0,0.056429595,0.0,0.0,0.0,0.0,0.0,0.0,0.0,0.8855628,0.058007643,0.0
8,10,0.0,0.0,0.056429595,0.0,0.0,0.0,0.0,0.0,0.0,0.0,0.8855628,0.058007643,0.0
8,10,0.0,0.0,0.056429595,0.0,0.0,0.0,0.0,0.0,0.0,0.0,0.8855628,0.058007643,0.0
8,10,0.0,0.0,0.056429595,0.0,0.0,0.0,0.0,0.0,0.0,0.0,0.8855628,0.058007643,0.0
8,10,0.0,0.0,0.056429595,0.0,0.0,0.0,0.0,0.0,0.0,0.0,0.8855628,0.058007643,0.0
8,10,0.0,0.0,0.056429595,0.0,0.0,0.0,0.0,0.0,0.0,0.0,0.8855628,0.058007643,0.0
8,10,0.0,0.0,0.056429595,0.0,0.0,0.0,0.0,0.0,0.0,0.0,0.8855628,0.058007643,0.0
8,10,0.0,0.0,0.056429595,0.0,0.0,0.0,0.0,0.0,0.0,0.0,0.8855628,0.058007643,0.0
8,10,0.0,0.0,0.056429595,0.0,0.0,0.0,0.0,0.0,0.0,0.0,0.8855628,0.058007643,0.0
8,10,0.0,0.0,0.056429595,0.0,0.0,0.0,0.0,0.0,0.0,0.0,0.8855628,0.058007643,0.0
8,10,0.0,0.0,0.056429595,0.0,0.0,0.0,0.0,0.0,0.0,0.0,0.8855628,0.058007643,0.0
8,10,0.0,0.0,0.056429595,0.0,0.0,0.0,0.0,0.0,0.0,0.0,0.8855628,0.058007643,0.0
8,10,0.0,0.0,0.056429595,0.0,0.0,0.0,0.0,0.0,0.0,0.0,0.8855628,0.058007643,0.0
8,10,0.0,0.0,0.056429595,0.0,0.0,0.0,0.0,0.0,0.0,0.0,0.8855628,0.058007643,0.0
8,10,0.0,0.0,0.056429595,0.0,0.0,0.0,0.0,0.0,0.0,0.0,0.8855628,0.058007643,0.0
8,10,0.0,0.0,0.056429595,0.0,0.0,0.0,0.0,0.0,0.0,0.0,0.8855628,0.058007643,0.0
8,10,0.0,0.0,0.056429595,0.0,0.0,0.0,0.0,0.0,0.0,0.0,0.8855628,0.058007643,0.0
8,10,0.0,0.0,0.056429595,0.0,0.0,0.0,0.0,0.0,0.0,0.0,0.8855628,0.058007643,0.0
8,10,0.0,0.0,0.056429595,0.0,0.0,0.0,0.0,0.0,0.0,0.0,0.8855628,0.058007643,0.0
8,10,0.0,0.0,0.056429595,0.0,0.0,0.0,0.0,0.0,0.0,0.0,0.8855628,0.058007643,0.0
8,10,0.0,0.0,0.056429595,0.0,0.0,0.0,0.0,0.0,0.0,0.0,0.8855628,0.058007643,0.0
8,10,0.0,0.0,0.056429595,0.0,0.0,0.0,0.0,0.0,0.0,0.0,0.8855628,0.058007643,0.0
8,10,0.0,0.0,0.056429595,0.0,0.0,0.0,0.0,0.0,0.0,0.0,0.8855628,0.058007643,0.0
8,10,0.0,0.0,0.056429595,0.0,0.0,0.0,0.0,0.0,0.0,0.0,0.8855628,0.058007643,0.0
8,10,0.0,0.0,0.056429595,0.0,0.0,0.0,0.0,0.0,0.0,0.0,0.8855628,0.058007643,0.0
8,10,0.0,0.0,0.0,0.0,0.0,0.0,0.0,0.0,0.0,0.0,0.94199234,0.058007643,0.0
8,10,0.0,0.0,0.0,0.0,0.0,0.0,0.0,0.0,0.0,0.0,0.94199234,0.058007643,0.0
8,10,0.0,0.0,0.0,0.0,0.0,0.0,0.0,0.0,0.0,0.0,0.94199234,0.058007643,0.0
8,10,0.0,0.0,0.0,0.0,0.0,0.0,0.0,0.0,0.0,0.0,0.94199234,0.058007643,0.0
8,10,0.0,0.0,0.0,0.0,0.0,0.0,0.0,0.0,0.0,0.0,0.94199234,0.058007643,0.0
8,10,0.0,0.0,0.0,0.0,0.0,0.0,0.0,0.0,0.0,0.0,0.94199234,0.058007643,0.0
8,10,0.0,0.0,0.0,0.0,0.0,0.0,0.0,0.0,0.0,0.0,0.94199234,0.058007643,0.0
8,10,0.0,0.0,0.0,0.0,0.0,0.0,0.0,0.0,0.0,0.0,0.94199234,0.058007643,0.0
8,10,0.0,0.0,0.0,0.0,0.0,0.0,0.0,0.0,0.0,0.0,0.94199234,0.058007643,0.0
8,10,0.0,0.0,0.0,0.0,0.0,0.0,0.0,0.0,0.0,0.0,0.94199234,0.058007643,0.0
8,10,0.0,0.0,0.0,0.0,0.0,0.0,0.0,0.0,0.0,0.0,0.94199234,0.058007643,0.0
8,10,0.0,0.0,0.0,0.0,0.0,0.0,0.0,0.0,0.0,0.0,0.94199234,0.058007643,0.0
8,10,0.0,0.0,0.0,0.0,0.0,0.0,0.0,0.0,0.0,0.0,0.94199234,0.058007643,0.0
8,10,0.0,0.0,0.0,0.0,0.0,0.0,0.0,0.0,0.0,0.0,0.94199234,0.058007643,0.0
8,10,0.0,0.0,0.0,0.0,0.0,0.0,0.0,0.0,0.0,0.0,0.94199234,0.058007643,0.0
8,10,0.0,0.0,0.0,0.0,0.0,0.0,0.0,0.0,0.0,0.0,0.94199234,0.058007643,0.0
8,10,0.0,0.0,0.0,0.0,0.0,0.0,0.0,0.0,0.0,0.0,0.94199234,0.058007643,0.0
8,10,0.0,0.0,0.0,0.0,0.0,0.0,0.0,0.0,0.0,0.0,0.94199234,0.058007643,0.0
8,10,0.0,0.0,0.0,0.0,0.0,0.0,0.0,0.0,0.0,0.0,0.94199234,0.058007643,0.0
8,10,0.0,0.0,0.0,0.0,0.0,0.0,0.0,0.0,0.0,0.0,0.94199234,0.058007643,0.0
8,10,0.0,0.0,0.0,0.0,0.0,0.0,0.0,0.0,0.0,0.0,0.94199234,0.058007643,0.0
8,10,0.0,0.0,0.0,0.0,0.0,0.0,0.0,0.0,0.0,0.0,0.94199234,0.058007643,0.0
8,10,0.0,0.0,0.0,0.0,0.0,0.0,0.0,0.0,0.0,0.0,0.94199234,0.058007643,0.0
8,10,0.0,0.0,0.0,0.0,0.0,0.0,0.0,0.0,0.0,0.0,0.94199234,0.058007643,0.0
8,10,0.0,0.0,0.0,0.0,0.0,0.0,0.0,0.0,0.0,0.0,0.94199234,0.058007643,0.0
8,10,0.0,0.0,0.0,0.0,0.0,0.0,0.0,0.0,0.0,0.0,0.94199234,0.058007643,0.0
8,10,0.0,0.0,0.0,0.0,0.0,0.0,0.0,0.0,0.0,0.0,0.94199234,0.058007643,0.0
8,10,0.0,0.0,0.0,0.0,0.0,0.0,0.0,0.0,0.0,0.0,0.94199234,0.058007643,0.0
8,10,0.0,0.0,0.0,0.0,0.0,0.0,0.0,0.0,0.0,0.0,0.94199234,0.058007643,0.0
8,10,0.0,0.0,0.0,0.0,0.0,0.0,0.0,0.0,0.0,0.0,0.94199234,0.058007643,0.0
8,10,0.0,0.0,0.0,0.0,0.0,0.0,0.0,0.0,0.0,0.0,0.94199234,0.058007643,0.0
8,10,0.0,0.0,0.0,0.0,0.0,0.0,0.0,0.0,0.0,0.0,0.94199234,0.058007643,0.0
8,10,0.0,0.0,0.0,0.0,0.0,0.0,0.0,0.0,0.0,0.0,0.94199234,0.058007643,0.0
8,10,0.0,0.0,0.0,0.0,0.0,0.0,0.0,0.0,0.0,0.0,0.94199234,0.058007643,0.0
8,10,0.0,0.0,0.0,0.0,0.0,0.0,0.0,0.0,0.0,0.0,0.94199234,0.058007643,0.0
8,10,0.0,0.0,0.0,0.0,0.0,0.0,0.0,0.0,0.0,0.0,0.94199234,0.058007643,0.0
8,10,0.0,0.0,0.0,0.0,0.0,0.0,0.0,0.0,0.0,0.0,0.94199234,0.058007643,0.0
8,10,0.0,0.0,0.0,0.0,0.0,0.0,0.0,0.0,0.0,0.0,0.94199234,0.058007643,0.0
8,10,0.0,0.0,0.0,0.0,0.0,0.0,0.0,0.0,0.0,0.0,0.94199234,0.058007643,0.0
8,10,0.0,0.0,0.0,0.0,0.0,0.0,0.0,0.0,0.0,0.0,0.94199234,0.058007643,0.0
8,10,0.0,0.0,0.0,0.0,0.0,0.0,0.0,0.0,0.0,0.0,0.94199234,0.058007643,0.0
8,10,0.0,0.0,0.0,0.0,0.0,0.0,0.0,0.0,0.0,0.0,0.94199234,0.058007643,0.0
8,10,0.0,0.0,0.0,0.0,0.0,0.0,0.0,0.0,0.0,0.0,0.8744089,0.12559113,0.0
8,10,0.0,0.0,0.0,0.0,0.0,0.0,0.0,0.0,0.0,0.0,0.8744089,0.12559113,0.0
8,10,0.0,0.0,0.0,0.0,0.0,0.0,0.0,0.0,0.0,0.0,0.8744089,0.12559113,0.0
8,10,0.0,0.0,0.0,0.0,0.0,0.0,0.0,0.0,0.0,0.0,0.8744089,0.12559113,0.0
8,10,0.0,0.0,0.0,0.0,0.0,0.0,0.0,0.0,0.0,0.0,0.8744089,0.12559113,0.0
8,10,0.0,0.0,0.0,0.0,0.0,0.0,0.0,0.0,0.0,0.0,0.8744089,0.12559113,0.0
8,10,0.0,0.0,0.0,0.0,0.0,0.0,0.0,0.0,0.0,0.0,0.8744089,0.12559113,0.0
8,10,0.0,0.0,0.0,0.0,0.0,0.0,0.0,0.0,0.0,0.0,0.8744089,0.12559113,0.0
8,10,0.0,0.0,0.0,0.0,0.0,0.0,0.0,0.0,0.0,0.0,0.8744089,0.12559113,0.0
8,10,0.0,0.0,0.0,0.0,0.0,0.0,0.0,0.0,0.0,0.0,0.8744089,0.12559113,0.0
8,10,0.0,0.0,0.0,0.0,0.0,0.0,0.0,0.0,0.0,0.0,0.8744089,0.12559113,0.0
8,10,0.0,0.0,0.0,0.0,0.0,0.0,0.0,0.0,0.0,0.0,0.8744089,0.12559113,0.0
8,10,0.0,0.0,0.0,0.0,0.0,0.0,0.0,0.0,0.0,0.0,0.8744089,0.12559113,0.0
8,10,0.0,0.0,0.0,0.0,0.0,0.0,0.0,0.0,0.0,0.0,0.8744089,0.12559113,0.0
8,10,0.0,0.0,0.0,0.0,0.0,0.0,0.0,0.0,0.0,0.0,0.8744089,0.12559113,0.0
8,10,0.0,0.0,0.0,0.0,0.0,0.0,0.0,0.0,0.0,0.0,0.8744089,0.12559113,0.0
8,10,0.0,0.0,0.0,0.0,0.0,0.0,0.0,0.0,0.0,0.0,0.8744089,0.12559113,0.0
8,10,0.0,0.0,0.0,0.0,0.0,0.0,0.0,0.0,0.0,0.0,0.8744089,0.12559113,0.0
8,10,0.0,0.0,0.0,0.0,0.0,0.0,0.0,0.0,0.0,0.0,0.8744089,0.12559113,0.0
8,10,0.0,0.0,0.0,0.0,0.0,0.0,0.0,0.0,0.0,0.0,0.8744089,0.12559113,0.0
8,10,0.0,0.0,0.0,0.0,0.0,0.0,0.0,0.0,0.0,0.0,0.8744089,0.12559113,0.0
8,10,0.0,0.0,0.0,0.0,0.0,0.0,0.0,0.0,0.0,0.0,0.8744089,0.12559113,0.0
8,10,0.0,0.0,0.0,0.0,0.0,0.0,0.0,0.0,0.0,0.0,0.8744089,0.12559113,0.0
8,10,0.0,0.0,0.0,0.0,0.0,0.0,0.0,0.0,0.0,0.0,0.8744089,0.12559113,0.0
8,10,0.0,0.0,0.0,0.0,0.0,0.0,0.0,0.0,0.0,0.0,0.8744089,0.12559113,0.0
8,10,0.0,0.0,0.0,0.0,0.0,0.0,0.0,0.0,0.0,0.0,0.8744089,0.12559113,0.0
8,10,0.0,0.0,0.0,0.0,0.0,0.0,0.0,0.0,0.0,0.0,0.8744089,0.12559113,0.0
8,10,0.0,0.0,0.0,0.0,0.0,0.0,0.0,0.0,0.0,0.0,0.8744089,0.12559113,0.0
8,10,0.0,0.0,0.0,0.0,0.0,0.0,0.0,0.0,0.0,0.0,0.8744089,0.12559113,0.0
8,10,0.0,0.0,0.0,0.0,0.0,0.0,0.0,0.0,0.0,0.0,0.8744089,0.12559113,0.0
8,10,0.0,0.0,0.0,0.0,0.0,0.0,0.0,0.0,0.0,0.0,0.8744089,0.12559113,0.0
8,10,0.0,0.0,0.0,0.0,0.0,0.0,0.0,0.0,0.0,0.0,0.8744089,0.12559113,0.0
8,10,0.0,0.0,0.0,0.0,0.0,0.0,0.0,0.0,0.0,0.0,0.8744089,0.12559113,0.0
8,10,0.0,0.0,0.0,0.0,0.0,0.0,0.0,0.0,0.0,0.0,0.8744089,0.12559113,0.0
8,10,0.0,0.0,0.0,0.0,0.0,0.0,0.0,0.0,0.0,0.0,0.8744089,0.12559113,0.0
8,10,0.0,0.0,0.0,0.0,0.0,0.0,0.0,0.0,0.0,0.0,0.8744089,0.12559113,0.0
8,10,0.0,0.0,0.0,0.0,0.0,0.0,0.0,0.0,0.0,0.0,0.8744089,0.12559113,0.0
8,10,0.0,0.0,0.0,0.0,0.0,0.0,0.0,0.0,0.0,0.0,0.8744089,0.12559113,0.0
8,10,0.0,0.0,0.0,0.0,0.0,0.0,0.0,0.0,0.0,0.0,0.8744089,0.12559113,0.0
8,10,0.0,0.0,0.0,0.0,0.0,0.0,0.0,0.0,0.0,0.0,0.8744089,0.12559113,0.0
8,10,0.0,0.0,0.0,0.0,0.0,0.0,0.0,0.0,0.0,0.0,0.8744089,0.12559113,0.0
8,10,0.0,0.0,0.0,0.0,0.0,0.0,0.0,0.0,0.0,0.0,0.8744089,0.12559113,0.0
8,10,0.0,0.0,0.0,0.0,0.0,0.0,0.0,0.0,0.0,0.0,0.94199234,0.058007643,0.0
8,10,0.0,0.0,0.0,0.0,0.0,0.0,0.0,0.0,0.0,0.0,0.94199234,0.058007643,0.0
8,10,0.0,0.0,0.0,0.0,0.0,0.0,0.0,0.0,0.0,0.0,0.94199234,0.058007643,0.0
8,10,0.0,0.0,0.0,0.0,0.0,0.0,0.0,0.0,0.0,0.0,0.94199234,0.058007643,0.0
8,10,0.0,0.0,0.0,0.0,0.0,0.0,0.0,0.0,0.0,0.0,0.94199234,0.058007643,0.0
8,10,0.0,0.0,0.0,0.0,0.0,0.0,0.0,0.0,0.0,0.0,0.94199234,0.058007643,0.0
8,10,0.0,0.0,0.0,0.0,0.0,0.0,0.0,0.0,0.0,0.0,0.94199234,0.058007643,0.0
8,10,0.0,0.0,0.0,0.0,0.0,0.0,0.0,0.0,0.0,0.0,0.94199234,0.058007643,0.0
8,10,0.0,0.0,0.0,0.0,0.0,0.0,0.0,0.0,0.0,0.0,0.94199234,0.058007643,0.0
8,10,0.0,0.0,0.0,0.0,0.0,0.0,0.0,0.0,0.0,0.0,0.94199234,0.058007643,0.0
8,10,0.0,0.0,0.0,0.0,0.0,0.0,0.0,0.0,0.0,0.0,0.94199234,0.058007643,0.0
8,10,0.0,0.0,0.0,0.0,0.0,0.0,0.0,0.0,0.0,0.0,0.94199234,0.058007643,0.0
8,10,0.0,0.0,0.0,0.0,0.0,0.0,0.0,0.0,0.0,0.0,1.0,0.0,0.0
8,10,0.0,0.0,0.0,0.0,0.0,0.0,0.0,0.0,0.0,0.0,1.0,0.0,0.0
8,10,0.0,0.0,0.0,0.0,0.0,0.0,0.0,0.0,0.0,0.0,1.0,0.0,0.0
8,10,0.0,0.0,0.0,0.0,0.0,0.0,0.0,0.0,0.0,0.0,1.0,0.0,0.0
8,10,0.0,0.0,0.0,0.0,0.0,0.0,0.0,0.0,0.0,0.0,1.0,0.0,0.0
8,10,0.0,0.0,0.0,0.0,0.0,0.0,0.0,0.0,0.0,0.0,1.0,0.0,0.0
8,10,0.0,0.0,0.0,0.0,0.0,0.0,0.0,0.0,0.0,0.0,1.0,0.0,0.0
8,10,0.0,0.0,0.0,0.0,0.0,0.0,0.0,0.0,0.0,0.0,1.0,0.0,0.0
8,10,0.0,0.0,0.0,0.0,0.0,0.0,0.0,0.0,0.0,0.0,1.0,0.0,0.0
8,10,0.0,0.0,0.0,0.0,0.0,0.0,0.0,0.0,0.0,0.0,1.0,0.0,0.0
8,10,0.0,0.0,0.0,0.0,0.0,0.0,0.0,0.0,0.0,0.0,1.0,0.0,0.0
8,10,0.0,0.0,0.0,0.0,0.0,0.0,0.0,0.0,0.0,0.0,1.0,0.0,0.0
8,10,0.0,0.0,0.0,0.0,0.0,0.0,0.0,0.0,0.0,0.0,1.0,0.0,0.0
8,10,0.0,0.0,0.0,0.0,0.0,0.0,0.0,0.0,0.0,0.0,1.0,0.0,0.0
8,10,0.0,0.0,0.0,0.0,0.0,0.0,0.0,0.0,0.0,0.0,1.0,0.0,0.0
8,10,0.0,0.0,0.0,0.0,0.0,0.0,0.0,0.0,0.0,0.0,1.0,0.0,0.0
8,10,0.0,0.0,0.0,0.0,0.0,0.0,0.0,0.0,0.0,0.0,1.0,0.0,0.0
8,10,0.0,0.0,0.0,0.0,0.0,0.0,0.0,0.0,0.0,0.0,1.0,0.0,0.0
8,10,0.0,0.0,0.0,0.0,0.0,0.0,0.0,0.0,0.0,0.0,1.0,0.0,0.0
8,10,0.0,0.0,0.0,0.0,0.0,0.0,0.0,0.0,0.0,0.0,1.0,0.0,0.0
8,10,0.0,0.0,0.0,0.0,0.0,0.0,0.0,0.0,0.0,0.0,1.0,0.0,0.0
8,10,0.0,0.0,0.0,0.0,0.0,0.0,0.0,0.0,0.0,0.0,1.0,0.0,0.0
8,10,0.0,0.0,0.0,0.0,0.0,0.0,0.0,0.0,0.0,0.0,1.0,0.0,0.0
8,10,0.0,0.0,0.0,0.0,0.0,0.0,0.0,0.0,0.0,0.0,1.0,0.0,0.0
8,10,0.0,0.0,0.0,0.0,0.0,0.0,0.0,0.0,0.0,0.0,1.0,0.0,0.0
8,10,0.0,0.0,0.0,0.0,0.0,0.0,0.0,0.0,0.0,0.0,1.0,0.0,0.0
8,10,0.0,0.0,0.0,0.0,0.0,0.0,0.0,0.0,0.0,0.0,1.0,0.0,0.0
8,10,0.0,0.0,0.0,0.0,0.0,0.0,0.0,0.0,0.0,0.0,1.0,0.0,0.0
8,10,0.0,0.0,0.0,0.0,0.0,0.0,0.0,0.0,0.0,0.0,1.0,0.0,0.0
8,10,0.0,0.0,0.0,0.0,0.0,0.0,0.0,0.0,0.0,0.0,1.0,0.0,0.0
8,10,0.0,0.0,0.0,0.0,0.0,0.0,0.0,0.0,0.0,0.0,1.0,0.0,0.0
8,10,0.0,0.0,0.0,0.0,0.0,0.0,0.0,0.0,0.0,0.0,1.0,0.0,0.0
8,10,0.0,0.0,0.0,0.0,0.0,0.0,0.0,0.0,0.0,0.0,1.0,0.0,0.0
8,10,0.0,0.0,0.0,0.0,0.0,0.0,0.0,0.0,0.0,0.0,1.0,0.0,0.0
8,10,0.0,0.0,0.0,0.0,0.0,0.0,0.0,0.0,0.0,0.0,1.0,0.0,0.0
8,10,0.0,0.0,0.0,0.0,0.0,0.0,0.0,0.0,0.0,0.0,1.0,0.0,0.0
8,10,0.0,0.0,0.0,0.0,0.0,0.0,0.0,0.0,0.0,0.0,1.0,0.0,0.0
8,10,0.0,0.0,0.0,0.0,0.0,0.0,0.0,0.0,0.0,0.0,1.0,0.0,0.0
8,10,0.0,0.0,0.0,0.0,0.0,0.0,0.0,0.0,0.0,0.0,1.0,0.0,0.0
8,10,0.0,0.0,0.0,0.0,0.0,0.0,0.0,0.0,0.0,0.0,1.0,0.0,0.0
8,10,0.0,0.0,0.0,0.0,0.0,0.0,0.0,0.0,0.0,0.0,1.0,0.0,0.0
8,10,0.0,0.0,0.0,0.0,0.0,0.0,0.0,0.0,0.0,0.0,1.0,0.0,0.0
8,10,0.0,0.0,0.0,0.0,0.0,0.0,0.0,0.0,0.0,0.0,1.0,0.0,0.0
8,10,0.0,0.0,0.0,0.0,0.0,0.0,0.0,0.0,0.0,0.0,1.0,0.0,0.0
8,10,0.0,0.0,0.0,0.0,0.0,0.0,0.0,0.0,0.0,0.0,1.0,0.0,0.0
8,10,0.0,0.0,0.0,0.0,0.0,0.0,0.0,0.0,0.0,0.0,1.0,0.0,0.0
8,10,0.0,0.0,0.0,0.0,0.0,0.0,0.0,0.0,0.0,0.0,1.0,0.0,0.0
8,10,0.0,0.0,0.0,0.0,0.0,0.0,0.0,0.0,0.0,0.0,1.0,0.0,0.0
8,10,0.0,0.0,0.0,0.0,0.0,0.0,0.0,0.0,0.0,0.0,1.0,0.0,0.0
8,10,0.0,0.0,0.0,0.0,0.0,0.0,0.0,0.0,0.0,0.0,1.0,0.0,0.0
8,10,0.0,0.0,0.0,0.0,0.0,0.0,0.0,0.0,0.0,0.0,1.0,0.0,0.0
8,10,0.0,0.0,0.0,0.0,0.0,0.0,0.0,0.0,0.0,0.0,1.0,0.0,0.0
8,10,0.0,0.0,0.0,0.0,0.0,0.0,0.0,0.0,0.0,0.0,1.0,0.0,0.0
8,10,0.0,0.0,0.0,0.0,0.0,0.0,0.0,0.0,0.0,0.0,1.0,0.0,0.0
8,10,0.0,0.0,0.0,0.0,0.0,0.0,0.0,0.0,0.0,0.0,1.0,0.0,0.0
8,10,0.0,0.0,0.0,0.0,0.0,0.0,0.0,0.0,0.0,0.0,1.0,0.0,0.0
8,10,0.0,0.0,0.0,0.0,0.0,0.0,0.0,0.0,0.0,0.0,1.0,0.0,0.0
8,10,0.0,0.0,0.0,0.0,0.0,0.0,0.0,0.0,0.0,0.0,1.0,0.0,0.0
8,10,0.0,0.0,0.0,0.0,0.0,0.0,0.0,0.0,0.0,0.0,1.0,0.0,0.0
8,10,0.0,0.0,0.0,0.0,0.0,0.0,0.0,0.0,0.0,0.0,1.0,0.0,0.0
8,10,0.0,0.0,0.0,0.0,0.0,0.0,0.0,0.0,0.0,0.0,1.0,0.0,0.0
8,10,0.0,0.0,0.0,0.0,0.0,0.0,0.0,0.0,0.0,0.0,1.0,0.0,0.0
8,10,0.0,0.0,0.0,0.0,0.0,0.0,0.0,0.0,0.0,0.0,1.0,0.0,0.0
8,10,0.0,0.0,0.0,0.0,0.0,0.0,0.0,0.0,0.0,0.0,1.0,0.0,0.0
8,10,0.0,0.0,0.0,0.0,0.0,0.0,0.0,0.0,0.0,0.0,1.0,0.0,0.0
8,10,0.0,0.0,0.0,0.0,0.0,0.0,0.0,0.0,0.0,0.0,1.0,0.0,0.0
8,10,0.0,0.0,0.0,0.0,0.0,0.0,0.0,0.0,0.0,0.0,1.0,0.0,0.0
8,10,0.0,0.0,0.0,0.0,0.0,0.0,0.0,0.0,0.0,0.0,1.0,0.0,0.0
8,10,0.0,0.0,0.0,0.0,0.0,0.0,0.0,0.0,0.0,0.0,1.0,0.0,0.0
8,10,0.0,0.0,0.0,0.0,0.0,0.0,0.0,0.0,0.0,0.0,1.0,0.0,0.0
8,10,0.0,0.0,0.0,0.0,0.0,0.0,0.0,0.0,0.0,0.0,1.0,0.0,0.0
8,10,0.0,0.0,0.0,0.0,0.0,0.0,0.0,0.0,0.0,0.0,1.0,0.0,0.0
8,10,0.0,0.0,0.0,0.0,0.0,0.0,0.0,0.0,0.0,0.0,1.0,0.0,0.0
8,10,0.0,0.0,0.0,0.0,0.0,0.0,0.0,0.0,0.0,0.0,1.0,0.0,0.0
8,10,0.0,0.0,0.0,0.0,0.0,0.0,0.0,0.0,0.0,0.0,1.0,0.0,0.0
8,10,0.0,0.0,0.0,0.0,0.0,0.0,0.0,0.0,0.0,0.0,1.0,0.0,0.0
8,10,0.0,0.0,0.0,0.0,0.0,0.0,0.0,0.0,0.0,0.0,1.0,0.0,0.0
8,10,0.0,0.0,0.0,0.0,0.0,0.0,0.0,0.0,0.0,0.0,1.0,0.0,0.0
8,10,0.0,0.0,0.0,0.0,0.0,0.0,0.0,0.0,0.0,0.0,1.0,0.0,0.0
8,10,0.0,0.0,0.0,0.0,0.0,0.0,0.0,0.0,0.0,0.0,1.0,0.0,0.0
8,10,0.0,0.0,0.0,0.0,0.0,0.0,0.0,0.0,0.0,0.0,1.0,0.0,0.0
8,10,0.0,0.0,0.0,0.0,0.0,0.0,0.0,0.0,0.0,0.0,1.0,0.0,0.0
8,10,0.0,0.0,0.0,0.0,0.0,0.0,0.0,0.0,0.0,0.0,1.0,0.0,0.0
8,10,0.0,0.0,0.0,0.0,0.0,0.0,0.0,0.0,0.0,0.0,1.0,0.0,0.0
8,10,0.0,0.0,0.0,0.0,0.0,0.0,0.0,0.0,0.0,0.0,1.0,0.0,0.0
8,10,0.0,0.0,0.0,0.0,0.0,0.0,0.0,0.0,0.0,0.0,1.0,0.0,0.0
8,10,0.0,0.0,0.0,0.0,0.0,0.0,0.0,0.0,0.0,0.0,1.0,0.0,0.0
8,10,0.0,0.0,0.0,0.0,0.0,0.0,0.0,0.0,0.0,0.0,1.0,0.0,0.0
8,10,0.0,0.0,0.0,0.0,0.0,0.0,0.0,0.0,0.0,0.0,1.0,0.0,0.0
8,10,0.0,0.0,0.0,0.0,0.0,0.0,0.0,0.0,0.0,0.0,1.0,0.0,0.0
8,10,0.0,0.0,0.0,0.0,0.0,0.0,0.0,0.0,0.0,0.0,1.0,0.0,0.0
8,10,0.0,0.0,0.0,0.0,0.0,0.0,0.0,0.0,0.0,0.0,1.0,0.0,0.0
8,10,0.0,0.0,0.0,0.0,0.0,0.0,0.0,0.0,0.0,0.0,1.0,0.0,0.0
8,10,0.0,0.0,0.0,0.0,0.0,0.0,0.0,0.0,0.0,0.0,1.0,0.0,0.0
8,10,0.0,0.0,0.0,0.0,0.0,0.0,0.0,0.0,0.0,0.0,1.0,0.0,0.0
8,10,0.0,0.0,0.0,0.0,0.0,0.0,0.0,0.0,0.0,0.0,1.0,0.0,0.0
8,10,0.0,0.0,0.0,0.0,0.0,0.0,0.0,0.0,0.0,0.0,1.0,0.0,0.0
8,10,0.0,0.0,0.0,0.0,0.0,0.0,0.0,0.0,0.0,0.0,1.0,0.0,0.0
8,10,0.0,0.0,0.0,0.0,0.0,0.0,0.0,0.0,0.0,0.0,1.0,0.0,0.0
8,10,0.0,0.0,0.0,0.0,0.0,0.0,0.0,0.0,0.0,0.0,1.0,0.0,0.0
8,10,0.0,0.0,0.0,0.0,0.0,0.0,0.0,0.0,0.0,0.0,1.0,0.0,0.0
8,10,0.0,0.0,0.0,0.0,0.0,0.0,0.0,0.0,0.0,0.0,1.0,0.0,0.0
8,10,0.0,0.0,0.0,0.0,0.0,0.0,0.0,0.0,0.0,0.0,1.0,0.0,0.0
8,10,0.0,0.0,0.0,0.0,0.0,0.0,0.0,0.0,0.0,0.0,1.0,0.0,0.0
8,10,0.0,0.0,0.0,0.0,0.0,0.0,0.0,0.0,0.0,0.0,1.0,0.0,0.0
8,10,0.0,0.0,0.0,0.0,0.0,0.0,0.0,0.0,0.0,0.0,1.0,0.0,0.0
8,10,0.0,0.0,0.0,0.0,0.0,0.0,0.0,0.0,0.0,0.0,1.0,0.0,0.0
8,10,0.0,0.0,0.0,0.0,0.0,0.0,0.0,0.0,0.0,0.0,1.0,0.0,0.0
8,10,0.0,0.0,0.0,0.0,0.0,0.0,0.0,0.0,0.0,0.0,1.0,0.0,0.0
8,10,0.0,0.0,0.0,0.0,0.0,0.0,0.0,0.0,0.0,0.0,1.0,0.0,0.0
8,10,0.0,0.0,0.0,0.0,0.0,0.0,0.0,0.0,0.0,0.0,1.0,0.0,0.0
8,10,0.0,0.0,0.0,0.0,0.0,0.0,0.0,0.0,0.0,0.0,1.0,0.0,0.0
8,10,0.0,0.0,0.0,0.0,0.0,0.0,0.0,0.0,0.0,0.0,1.0,0.0,0.0
8,10,0.0,0.0,0.0,0.0,0.0,0.0,0.0,0.0,0.0,0.0,1.0,0.0,0.0
8,10,0.0,0.0,0.0,0.0,0.0,0.0,0.0,0.0,0.0,0.0,1.0,0.0,0.0
8,10,0.0,0.0,0.0,0.0,0.0,0.0,0.0,0.0,0.0,0.0,1.0,0.0,0.0
8,10,0.0,0.0,0.0,0.0,0.0,0.0,0.0,0.0,0.0,0.0,1.0,0.0,0.0
8,10,0.0,0.0,0.0,0.0,0.0,0.0,0.0,0.0,0.0,0.0,1.0,0.0,0.0
8,10,0.0,0.0,0.0,0.0,0.0,0.0,0.0,0.0,0.0,0.0,1.0,0.0,0.0
8,10,0.0,0.0,0.0,0.0,0.0,0.0,0.0,0.0,0.0,0.0,1.0,0.0,0.0
8,10,0.0,0.0,0.0,0.0,0.0,0.0,0.0,0.0,0.0,0.0,1.0,0.0,0.0
8,10,0.0,0.0,0.0,0.0,0.0,0.0,0.0,0.0,0.0,0.0,1.0,0.0,0.0
8,10,0.0,0.0,0.0,0.0,0.0,0.0,0.0,0.0,0.0,0.0,1.0,0.0,0.0
8,10,0.0,0.0,0.0,0.0,0.0,0.0,0.0,0.0,0.0,0.0,1.0,0.0,0.0
8,10,0.0,0.0,0.0,0.0,0.0,0.0,0.0,0.0,0.0,0.0,1.0,0.0,0.0
8,10,0.0,0.0,0.0,0.0,0.0,0.0,0.0,0.0,0.0,0.0,1.0,0.0,0.0
8,10,0.0,0.0,0.0,0.0,0.0,0.0,0.0,0.0,0.0,0.0,1.0,0.0,0.0
8,10,0.0,0.0,0.0,0.0,0.0,0.0,0.0,0.0,0.0,0.0,1.0,0.0,0.0
8,10,0.0,0.0,0.0,0.0,0.0,0.0,0.0,0.0,0.0,0.0,1.0,0.0,0.0
8,10,0.0,0.0,0.0,0.0,0.0,0.0,0.0,0.0,0.0,0.0,1.0,0.0,0.0
8,10,0.0,0.0,0.0,0.0,0.0,0.0,0.0,0.0,0.0,0.0,1.0,0.0,0.0
8,10,0.0,0.0,0.0,0.0,0.0,0.0,0.0,0.0,0.0,0.0,1.0,0.0,0.0
8,10,0.0,0.0,0.0,0.0,0.0,0.0,0.0,0.0,0.0,0.0,1.0,0.0,0.0
8,10,0.0,0.0,0.0,0.0,0.0,0.0,0.0,0.0,0.0,0.0,1.0,0.0,0.0
8,10,0.0,0.0,0.0,0.0,0.0,0.0,0.0,0.0,0.0,0.0,1.0,0.0,0.0
8,10,0.0,0.0,0.0,0.0,0.0,0.0,0.0,0.0,0.0,0.0,1.0,0.0,0.0
8,10,0.0,0.0,0.0,0.0,0.0,0.0,0.0,0.0,0.0,0.0,1.0,0.0,0.0
8,10,0.0,0.0,0.0,0.0,0.0,0.0,0.0,0.0,0.0,0.0,1.0,0.0,0.0
8,10,0.0,0.0,0.0,0.0,0.0,0.0,0.0,0.0,0.0,0.0,1.0,0.0,0.0
8,10,0.0,0.0,0.0,0.0,0.0,0.0,0.0,0.0,0.0,0.0,1.0,0.0,0.0
8,10,0.0,0.0,0.0,0.0,0.0,0.0,0.0,0.0,0.0,0.0,1.0,0.0,0.0
8,10,0.0,0.0,0.0,0.0,0.0,0.0,0.0,0.0,0.0,0.0,1.0,0.0,0.0
8,10,0.0,0.0,0.0,0.0,0.0,0.0,0.0,0.0,0.0,0.0,1.0,0.0,0.0
8,10,0.0,0.0,0.0,0.0,0.0,0.0,0.0,0.0,0.0,0.0,1.0,0.0,0.0
8,10,0.0,0.0,0.0,0.0,0.0,0.0,0.0,0.0,0.0,0.0,1.0,0.0,0.0
8,10,0.0,0.0,0.0,0.0,0.0,0.0,0.0,0.0,0.0,0.0,1.0,0.0,0.0
8,10,0.0,0.0,0.0,0.0,0.0,0.0,0.0,0.0,0.0,0.0,1.0,0.0,0.0
8,10,0.0,0.0,0.0,0.0,0.0,0.0,0.0,0.0,0.0,0.0,1.0,0.0,0.0
8,10,0.0,0.0,0.0,0.0,0.0,0.0,0.0,0.0,0.0,0.0,1.0,0.0,0.0
8,10,0.0,0.0,0.0,0.0,0.0,0.0,0.0,0.0,0.0,0.0,1.0,0.0,0.0
8,10,0.0,0.0,0.0,0.0,0.0,0.0,0.0,0.0,0.0,0.0,1.0,0.0,0.0
8,10,0.0,0.0,0.0,0.0,0.0,0.0,0.0,0.0,0.0,0.0,1.0,0.0,0.0
8,10,0.0,0.0,0.0,0.0,0.0,0.0,0.0,0.0,0.0,0.0,1.0,0.0,0.0
8,10,0.0,0.0,0.0,0.0,0.0,0.0,0.0,0.0,0.0,0.0,1.0,0.0,0.0
8,10,0.0,0.0,0.0,0.0,0.0,0.0,0.0,0.0,0.0,0.0,1.0,0.0,0.0
8,10,0.0,0.0,0.0,0.0,0.0,0.0,0.0,0.0,0.0,0.0,1.0,0.0,0.0
8,10,0.0,0.0,0.0,0.0,0.0,0.0,0.0,0.0,0.0,0.0,1.0,0.0,0.0
8,10,0.0,0.0,0.0,0.0,0.0,0.0,0.0,0.0,0.0,0.0,1.0,0.0,0.0
8,10,0.0,0.0,0.0,0.0,0.0,0.0,0.0,0.0,0.0,0.0,1.0,0.0,0.0
8,10,0.0,0.0,0.0,0.0,0.0,0.0,0.0,0.0,0.0,0.0,1.0,0.0,0.0
8,10,0.0,0.0,0.0,0.0,0.0,0.0,0.0,0.0,0.0,0.0,1.0,0.0,0.0
8,10,0.0,0.0,0.0,0.0,0.0,0.0,0.0,0.0,0.0,0.0,1.0,0.0,0.0
8,10,0.0,0.0,0.0,0.0,0.0,0.0,0.0,0.0,0.0,0.0,1.0,0.0,0.0
8,10,0.0,0.0,0.0,0.0,0.0,0.0,0.0,0.0,0.0,0.0,1.0,0.0,0.0
8,10,0.0,0.0,0.0,0.0,0.0,0.0,0.0,0.0,0.0,0.0,1.0,0.0,0.0
8,10,0.0,0.0,0.0,0.0,0.0,0.0,0.0,0.0,0.0,0.0,1.0,0.0,0.0
8,10,0.0,0.0,0.0,0.0,0.0,0.0,0.0,0.0,0.0,0.0,1.0,0.0,0.0
8,10,0.0,0.0,0.0,0.0,0.0,0.0,0.0,0.0,0.0,0.0,1.0,0.0,0.0
8,10,0.0,0.0,0.0,0.0,0.0,0.0,0.0,0.0,0.0,0.0,1.0,0.0,0.0
8,10,0.0,0.0,0.0,0.0,0.0,0.0,0.0,0.0,0.0,0.0,1.0,0.0,0.0
8,10,0.0,0.0,0.0,0.0,0.0,0.0,0.0,0.0,0.0,0.0,1.0,0.0,0.0
8,10,0.0,0.0,0.0,0.0,0.0,0.0,0.0,0.0,0.0,0.0,1.0,0.0,0.0
8,10,0.0,0.0,0.0,0.0,0.0,0.0,0.0,0.0,0.0,0.0,1.0,0.0,0.0
8,10,0.0,0.0,0.0,0.0,0.0,0.0,0.0,0.0,0.0,0.0,1.0,0.0,0.0
8,10,0.0,0.0,0.0,0.0,0.0,0.0,0.0,0.0,0.0,0.0,1.0,0.0,0.0
8,10,0.0,0.0,0.0,0.0,0.0,0.0,0.0,0.0,0.0,0.0,1.0,0.0,0.0
8,10,0.0,0.0,0.0,0.0,0.0,0.0,0.0,0.0,0.0,0.0,1.0,0.0,0.0
8,10,0.0,0.0,0.0,0.0,0.0,0.0,0.0,0.0,0.0,0.0,1.0,0.0,0.0
8,10,0.0,0.0,0.0,0.0,0.0,0.0,0.0,0.0,0.0,0.0,1.0,0.0,0.0
8,10,0.0,0.0,0.0,0.0,0.0,0.0,0.0,0.0,0.0,0.0,1.0,0.0,0.0
8,10,0.0,0.0,0.0,0.0,0.0,0.0,0.0,0.0,0.0,0.0,1.0,0.0,0.0
8,10,0.0,0.0,0.0,0.0,0.0,0.0,0.0,0.0,0.0,0.0,1.0,0.0,0.0
8,10,0.0,0.0,0.0,0.0,0.0,0.0,0.0,0.0,0.0,0.0,1.0,0.0,0.0
8,10,0.0,0.0,0.0,0.0,0.0,0.0,0.0,0.0,0.0,0.0,1.0,0.0,0.0
8,10,0.0,0.0,0.0,0.0,0.0,0.0,0.0,0.0,0.0,0.0,1.0,0.0,0.0
8,10,0.0,0.0,0.0,0.0,0.0,0.0,0.0,0.0,0.0,0.0,1.0,0.0,0.0
8,10,0.0,0.0,0.0,0.0,0.0,0.0,0.0,0.0,0.0,0.0,1.0,0.0,0.0
8,10,0.0,0.0,0.0,0.0,0.0,0.0,0.0,0.0,0.0,0.0,1.0,0.0,0.0
8,10,0.0,0.0,0.0,0.0,0.0,0.0,0.0,0.0,0.0,0.0,1.0,0.0,0.0
8,10,0.0,0.0,0.0,0.0,0.0,0.0,0.0,0.0,0.0,0.0,1.0,0.0,0.0
8,10,0.0,0.0,0.0,0.0,0.0,0.0,0.0,0.0,0.0,0.0,1.0,0.0,0.0
8,10,0.0,0.0,0.0,0.0,0.0,0.0,0.0,0.0,0.0,0.0,1.0,0.0,0.0
8,10,0.0,0.0,0.0,0.0,0.0,0.0,0.0,0.0,0.0,0.0,1.0,0.0,0.0
8,10,0.0,0.0,0.0,0.0,0.0,0.0,0.0,0.0,0.0,0.0,1.0,0.0,0.0
8,10,0.0,0.0,0.0,0.0,0.0,0.0,0.0,0.0,0.0,0.0,1.0,0.0,0.0
8,10,0.0,0.0,0.0,0.0,0.0,0.0,0.0,0.0,0.0,0.0,1.0,0.0,0.0
8,10,0.0,0.0,0.0,0.0,0.0,0.0,0.0,0.0,0.0,0.0,1.0,0.0,0.0
8,10,0.0,0.0,0.0,0.0,0.0,0.0,0.0,0.0,0.0,0.0,1.0,0.0,0.0
8,10,0.0,0.0,0.0,0.0,0.0,0.0,0.0,0.0,0.0,0.0,1.0,0.0,0.0
8,10,0.0,0.0,0.0,0.0,0.0,0.0,0.0,0.0,0.0,0.0,1.0,0.0,0.0
8,10,0.0,0.0,0.0,0.0,0.0,0.0,0.0,0.0,0.0,0.0,1.0,0.0,0.0
8,10,0.0,0.0,0.0,0.0,0.0,0.0,0.0,0.0,0.0,0.0,1.0,0.0,0.0
8,10,0.0,0.0,0.0,0.0,0.0,0.0,0.0,0.0,0.0,0.0,1.0,0.0,0.0
8,10,0.0,0.0,0.0,0.0,0.0,0.0,0.0,0.0,0.0,0.0,1.0,0.0,0.0
8,10,0.0,0.0,0.0,0.0,0.0,0.0,0.0,0.0,0.0,0.0,1.0,0.0,0.0
8,10,0.0,0.0,0.0,0.0,0.0,0.0,0.0,0.0,0.0,0.0,1.0,0.0,0.0
8,10,0.0,0.0,0.0,0.0,0.0,0.0,0.0,0.0,0.0,0.0,1.0,0.0,0.0
8,10,0.0,0.0,0.0,0.0,0.0,0.0,0.0,0.0,0.0,0.0,1.0,0.0,0.0
8,10,0.0,0.0,0.0,0.0,0.0,0.0,0.0,0.0,0.0,0.0,1.0,0.0,0.0
8,10,0.0,0.0,0.0,0.0,0.0,0.0,0.0,0.0,0.0,0.0,1.0,0.0,0.0
8,10,0.0,0.0,0.0,0.0,0.0,0.0,0.0,0.0,0.0,0.0,1.0,0.0,0.0
8,10,0.0,0.0,0.0,0.0,0.0,0.0,0.0,0.0,0.0,0.0,1.0,0.0,0.0
8,10,0.0,0.0,0.0,0.0,0.0,0.0,0.0,0.0,0.0,0.0,1.0,0.0,0.0
8,10,0.0,0.0,0.0,0.0,0.0,0.0,0.0,0.0,0.0,0.0,1.0,0.0,0.0
8,10,0.0,0.0,0.0,0.0,0.0,0.0,0.0,0.0,0.0,0.0,1.0,0.0,0.0
8,10,0.0,0.0,0.0,0.0,0.0,0.0,0.0,0.0,0.0,0.0,1.0,0.0,0.0
8,10,0.0,0.0,0.0,0.0,0.0,0.0,0.0,0.0,0.0,0.0,1.0,0.0,0.0
8,10,0.0,0.0,0.0,0.0,0.0,0.0,0.0,0.0,0.0,0.0,1.0,0.0,0.0
8,10,0.0,0.0,0.0,0.0,0.0,0.0,0.0,0.0,0.0,0.0,1.0,0.0,0.0
8,10,0.0,0.0,0.0,0.0,0.0,0.0,0.0,0.0,0.0,0.0,1.0,0.0,0.0
8,10,0.0,0.0,0.0,0.0,0.0,0.0,0.0,0.0,0.0,0.0,1.0,0.0,0.0
8,10,0.0,0.0,0.0,0.0,0.0,0.0,0.0,0.0,0.0,0.0,1.0,0.0,0.0
8,10,0.0,0.0,0.0,0.0,0.0,0.0,0.0,0.0,0.0,0.0,1.0,0.0,0.0
8,10,0.0,0.0,0.0,0.0,0.0,0.0,0.0,0.0,0.0,0.0,1.0,0.0,0.0
8,10,0.0,0.0,0.0,0.0,0.0,0.0,0.0,0.0,0.0,0.0,1.0,0.0,0.0
8,10,0.0,0.0,0.0,0.0,0.0,0.0,0.0,0.0,0.0,0.0,1.0,0.0,0.0
8,10,0.0,0.0,0.0,0.0,0.0,0.0,0.0,0.0,0.0,0.0,1.0,0.0,0.0
8,10,0.0,0.0,0.0,0.0,0.0,0.0,0.0,0.0,0.0,0.0,1.0,0.0,0.0
8,10,0.0,0.0,0.0,0.0,0.0,0.0,0.0,0.0,0.0,0.0,1.0,0.0,0.0
8,10,0.0,0.0,0.0,0.0,0.0,0.0,0.0,0.0,0.0,0.0,1.0,0.0,0.0
8,10,0.0,0.0,0.0,0.0,0.0,0.0,0.0,0.0,0.0,0.0,1.0,0.0,0.0
8,10,0.0,0.0,0.0,0.0,0.0,0.0,0.0,0.0,0.0,0.0,1.0,0.0,0.0
8,10,0.0,0.0,0.0,0.0,0.0,0.0,0.0,0.0,0.0,0.0,1.0,0.0,0.0
8,10,0.0,0.0,0.0,0.0,0.0,0.0,0.0,0.0,0.0,0.0,1.0,0.0,0.0
8,10,0.0,0.0,0.0,0.0,0.0,0.0,0.0,0.0,0.0,0.0,1.0,0.0,0.0
8,10,0.0,0.0,0.0,0.0,0.0,0.0,0.0,0.0,0.0,0.0,1.0,0.0,0.0
8,10,0.0,0.0,0.0,0.0,0.0,0.0,0.0,0.0,0.0,0.0,1.0,0.0,0.0
8,10,0.0,0.0,0.0,0.0,0.0,0.0,0.0,0.0,0.0,0.0,1.0,0.0,0.0
8,10,0.0,0.0,0.0,0.0,0.0,0.0,0.0,0.0,0.0,0.0,1.0,0.0,0.0
8,10,0.0,0.0,0.0,0.0,0.0,0.0,0.0,0.0,0.0,0.0,1.0,0.0,0.0
8,10,0.0,0.0,0.0,0.0,0.0,0.0,0.0,0.0,0.0,0.0,1.0,0.0,0.0
8,10,0.0,0.0,0.0,0.0,0.0,0.0,0.0,0.0,0.0,0.0,1.0,0.0,0.0
8,10,0.0,0.0,0.0,0.0,0.0,0.0,0.0,0.0,0.0,0.0,1.0,0.0,0.0
8,10,0.0,0.0,0.0,0.0,0.0,0.0,0.0,0.0,0.0,0.0,1.0,0.0,0.0
8,10,0.0,0.0,0.0,0.0,0.0,0.0,0.0,0.0,0.0,0.0,1.0,0.0,0.0
8,10,0.0,0.0,0.0,0.0,0.0,0.0,0.0,0.0,0.0,0.0,1.0,0.0,0.0
8,10,0.0,0.0,0.0,0.0,0.0,0.0,0.0,0.0,0.0,0.0,1.0,0.0,0.0
8,10,0.0,0.0,0.0,0.0,0.0,0.0,0.0,0.0,0.0,0.0,1.0,0.0,0.0
8,10,0.0,0.0,0.0,0.0,0.0,0.0,0.0,0.0,0.0,0.0,1.0,0.0,0.0
8,10,0.0,0.0,0.0,0.0,0.0,0.0,0.0,0.0,0.0,0.0,1.0,0.0,0.0
8,10,0.0,0.0,0.0,0.0,0.0,0.0,0.0,0.0,0.0,0.0,1.0,0.0,0.0
8,10,0.0,0.0,0.0,0.0,0.0,0.0,0.0,0.0,0.0,0.0,1.0,0.0,0.0
8,10,0.0,0.0,0.0,0.0,0.0,0.0,0.0,0.0,0.0,0.0,1.0,0.0,0.0
8,10,0.0,0.0,0.0,0.0,0.0,0.0,0.0,0.0,0.0,0.0,1.0,0.0,0.0
8,10,0.0,0.0,0.0,0.0,0.0,0.0,0.0,0.0,0.0,0.0,1.0,0.0,0.0
8,10,0.0,0.0,0.0,0.0,0.0,0.0,0.0,0.0,0.0,0.0,1.0,0.0,0.0
8,10,0.0,0.0,0.0,0.0,0.0,0.0,0.0,0.0,0.0,0.0,1.0,0.0,0.0
8,10,0.0,0.0,0.0,0.0,0.0,0.0,0.0,0.0,0.0,0.0,1.0,0.0,0.0
8,10,0.0,0.0,0.0,0.0,0.0,0.0,0.0,0.0,0.0,0.0,1.0,0.0,0.0
8,10,0.0,0.0,0.0,0.0,0.0,0.0,0.0,0.0,0.0,0.0,1.0,0.0,0.0
8,10,0.0,0.0,0.0,0.0,0.0,0.0,0.0,0.0,0.0,0.0,1.0,0.0,0.0
8,10,0.0,0.0,0.0,0.0,0.0,0.0,0.0,0.0,0.0,0.0,1.0,0.0,0.0
8,10,0.0,0.0,0.0,0.0,0.0,0.0,0.0,0.0,0.0,0.0,1.0,0.0,0.0
8,10,0.0,0.0,0.0,0.0,0.0,0.0,0.0,0.0,0.0,0.0,1.0,0.0,0.0
8,10,0.0,0.0,0.0,0.0,0.0,0.0,0.0,0.0,0.0,0.0,1.0,0.0,0.0
8,10,0.0,0.0,0.0,0.0,0.0,0.0,0.0,0.0,0.0,0.0,1.0,0.0,0.0
8,10,0.0,0.0,0.0,0.0,0.0,0.0,0.0,0.0,0.0,0.0,1.0,0.0,0.0
8,10,0.0,0.0,0.0,0.0,0.0,0.0,0.0,0.0,0.0,0.0,1.0,0.0,0.0
8,10,0.0,0.0,0.0,0.0,0.0,0.0,0.0,0.0,0.0,0.0,1.0,0.0,0.0
8,10,0.0,0.0,0.0,0.0,0.0,0.0,0.0,0.0,0.0,0.0,1.0,0.0,0.0
8,10,0.0,0.0,0.0,0.0,0.0,0.0,0.0,0.0,0.0,0.0,1.0,0.0,0.0
8,10,0.0,0.0,0.0,0.0,0.0,0.0,0.0,0.0,0.0,0.0,1.0,0.0,0.0
8,10,0.0,0.0,0.0,0.0,0.0,0.0,0.0,0.0,0.0,0.0,1.0,0.0,0.0
8,10,0.0,0.0,0.0,0.0,0.0,0.0,0.0,0.0,0.0,0.0,1.0,0.0,0.0
8,10,0.0,0.0,0.0,0.0,0.0,0.0,0.0,0.0,0.0,0.0,1.0,0.0,0.0
8,10,0.0,0.0,0.0,0.0,0.0,0.0,0.0,0.0,0.0,0.0,1.0,0.0,0.0
8,10,0.0,0.0,0.0,0.0,0.0,0.0,0.0,0.0,0.0,0.0,1.0,0.0,0.0
8,10,0.0,0.0,0.0,0.0,0.0,0.0,0.0,0.0,0.0,0.0,1.0,0.0,0.0
8,10,0.0,0.0,0.0,0.0,0.0,0.0,0.0,0.0,0.0,0.0,1.0,0.0,0.0
8,10,0.0,0.0,0.0,0.0,0.0,0.0,0.0,0.0,0.0,0.0,1.0,0.0,0.0
8,10,0.0,0.0,0.0,0.0,0.0,0.0,0.0,0.0,0.0,0.0,1.0,0.0,0.0
8,10,0.0,0.0,0.0,0.0,0.0,0.0,0.0,0.0,0.0,0.0,1.0,0.0,0.0
8,10,0.0,0.0,0.0,0.0,0.0,0.0,0.0,0.0,0.0,0.0,1.0,0.0,0.0
8,10,0.0,0.0,0.0,0.0,0.0,0.0,0.0,0.0,0.0,0.0,1.0,0.0,0.0
8,10,0.0,0.0,0.0,0.0,0.0,0.0,0.0,0.0,0.0,0.0,1.0,0.0,0.0
8,10,0.0,0.0,0.0,0.0,0.0,0.0,0.0,0.0,0.0,0.0,1.0,0.0,0.0
8,10,0.0,0.0,0.0,0.0,0.0,0.0,0.0,0.0,0.0,0.0,1.0,0.0,0.0
8,10,0.0,0.0,0.0,0.0,0.0,0.0,0.0,0.0,0.0,0.0,1.0,0.0,0.0
8,10,0.0,0.0,0.0,0.0,0.0,0.0,0.0,0.0,0.0,0.0,1.0,0.0,0.0
8,10,0.0,0.0,0.0,0.0,0.0,0.0,0.0,0.0,0.0,0.0,1.0,0.0,0.0
8,10,0.0,0.0,0.0,0.0,0.0,0.0,0.0,0.0,0.0,0.0,1.0,0.0,0.0
8,10,0.0,0.0,0.0,0.0,0.0,0.0,0.0,0.0,0.0,0.0,1.0,0.0,0.0
8,10,0.0,0.0,0.0,0.0,0.0,0.0,0.0,0.0,0.0,0.0,1.0,0.0,0.0
8,10,0.0,0.0,0.0,0.0,0.0,0.0,0.0,0.0,0.0,0.0,1.0,0.0,0.0
8,10,0.0,0.0,0.0,0.0,0.0,0.0,0.0,0.0,0.0,0.0,1.0,0.0,0.0
8,10,0.0,0.0,0.0,0.0,0.0,0.0,0.0,0.0,0.0,0.0,1.0,0.0,0.0
8,10,0.0,0.0,0.0,0.0,0.0,0.0,0.0,0.0,0.0,0.0,1.0,0.0,0.0
8,10,0.0,0.0,0.0,0.0,0.0,0.0,0.0,0.0,0.0,0.0,1.0,0.0,0.0
8,10,0.0,0.0,0.0,0.0,0.0,0.0,0.0,0.0,0.0,0.0,1.0,0.0,0.0
8,10,0.0,0.0,0.0,0.0,0.0,0.0,0.0,0.0,0.0,0.0,1.0,0.0,0.0
8,10,0.0,0.0,0.0,0.0,0.0,0.0,0.0,0.0,0.0,0.0,1.0,0.0,0.0
8,10,0.0,0.0,0.0,0.0,0.0,0.0,0.0,0.0,0.0,0.0,1.0,0.0,0.0
8,10,0.0,0.0,0.0,0.0,0.0,0.0,0.0,0.0,0.0,0.0,1.0,0.0,0.0
8,10,0.0,0.0,0.0,0.0,0.0,0.0,0.0,0.0,0.0,0.0,1.0,0.0,0.0
8,10,0.0,0.0,0.0,0.0,0.0,0.0,0.0,0.0,0.0,0.0,1.0,0.0,0.0
8,10,0.0,0.0,0.0,0.0,0.0,0.0,0.0,0.0,0.0,0.0,1.0,0.0,0.0
8,10,0.0,0.0,0.0,0.0,0.0,0.0,0.0,0.0,0.0,0.0,1.0,0.0,0.0
8,10,0.0,0.0,0.0,0.0,0.0,0.0,0.0,0.0,0.0,0.0,1.0,0.0,0.0
8,10,0.0,0.0,0.0,0.0,0.0,0.0,0.0,0.0,0.0,0.0,1.0,0.0,0.0
8,10,0.0,0.0,0.0,0.0,0.0,0.0,0.0,0.0,0.0,0.0,1.0,0.0,0.0
8,10,0.0,0.0,0.0,0.0,0.0,0.0,0.0,0.0,0.0,0.0,1.0,0.0,0.0
8,10,0.0,0.0,0.0,0.0,0.0,0.0,0.0,0.0,0.0,0.0,0.931743,0.06825699,0.0
8,10,0.0,0.0,0.0,0.0,0.0,0.0,0.0,0.0,0.0,0.0,0.931743,0.06825699,0.0
8,10,0.0,0.0,0.0,0.0,0.0,0.0,0.0,0.0,0.0,0.0,0.931743,0.06825699,0.0
8,10,0.0,0.0,0.0,0.0,0.0,0.0,0.0,0.0,0.0,0.0,0.931743,0.06825699,0.0
8,10,0.0,0.0,0.0,0.0,0.0,0.0,0.0,0.0,0.0,0.0,0.931743,0.06825699,0.0
8,10,0.0,0.0,0.0,0.0,0.0,0.0,0.0,0.0,0.0,0.0,0.931743,0.06825699,0.0
8,10,0.0,0.0,0.0,0.0,0.0,0.0,0.0,0.0,0.0,0.0,0.931743,0.06825699,0.0
8,10,0.0,0.0,0.0,0.0,0.0,0.0,0.0,0.0,0.0,0.0,0.931743,0.06825699,0.0
8,10,0.0,0.0,0.0,0.0,0.0,0.0,0.0,0.0,0.0,0.0,0.931743,0.06825699,0.0
8,10,0.0,0.0,0.0,0.0,0.0,0.0,0.0,0.0,0.0,0.0,0.87373537,0.12626463,0.0
8,10,0.0,0.0,0.0,0.0,0.0,0.0,0.0,0.0,0.0,0.0,0.87373537,0.12626463,0.0
8,10,0.0,0.0,0.0,0.0,0.0,0.0,0.0,0.0,0.0,0.0,0.87373537,0.12626463,0.0
8,10,0.0,0.0,0.0,0.0,0.0,0.0,0.0,0.0,0.0,0.0,0.87373537,0.12626463,0.0
8,10,0.0,0.0,0.0,0.0,0.0,0.0,0.0,0.0,0.0,0.0,0.87373537,0.12626463,0.0
8,10,0.0,0.0,0.0,0.0,0.0,0.0,0.0,0.0,0.0,0.0,0.87373537,0.12626463,0.0
8,10,0.0,0.0,0.0,0.0,0.0,0.0,0.0,0.0,0.0,0.0,0.87373537,0.12626463,0.0
8,10,0.0,0.0,0.0,0.0,0.0,0.0,0.0,0.0,0.0,0.0,0.87373537,0.12626463,0.0
8,10,0.0,0.0,0.0,0.0,0.0,0.0,0.0,0.0,0.0,0.0,0.87373537,0.12626463,0.0
8,10,0.0,0.0,0.0,0.0,0.0,0.0,0.0,0.0,0.0,0.0,0.87373537,0.12626463,0.0
8,10,0.0,0.0,0.0,0.0,0.0,0.0,0.0,0.0,0.0,0.0,0.87373537,0.12626463,0.0
8,10,0.0,0.0,0.0,0.0,0.0,0.0,0.0,0.0,0.0,0.0,0.87373537,0.12626463,0.0
8,10,0.0,0.0,0.0,0.0,0.0,0.0,0.0,0.0,0.0,0.0,0.87373537,0.12626463,0.0
8,10,0.0,0.0,0.0,0.0,0.0,0.0,0.0,0.0,0.0,0.0,0.87373537,0.12626463,0.0
8,10,0.0,0.0,0.0,0.0,0.0,0.0,0.0,0.0,0.0,0.0,0.87373537,0.12626463,0.0
8,10,0.0,0.0,0.0,0.0,0.0,0.0,0.0,0.0,0.0,0.0,0.87373537,0.12626463,0.0
8,10,0.0,0.0,0.0,0.0,0.0,0.0,0.0,0.0,0.0,0.0,0.87373537,0.12626463,0.0
8,10,0.0,0.0,0.0,0.0,0.0,0.0,0.0,0.0,0.0,0.0,0.87373537,0.12626463,0.0
8,10,0.0,0.0,0.0,0.0,0.0,0.0,0.0,0.0,0.0,0.0,0.87373537,0.12626463,0.0
8,10,0.0,0.0,0.0,0.0,0.0,0.0,0.0,0.0,0.0,0.0,0.87373537,0.12626463,0.0
8,10,0.0,0.0,0.0,0.0,0.0,0.0,0.0,0.0,0.0,0.0,0.87373537,0.12626463,0.0
8,10,0.0,0.0,0.0,0.0,0.0,0.0,0.0,0.0,0.0,0.0,0.87373537,0.12626463,0.0
8,10,0.0,0.0,0.0,0.0,0.0,0.0,0.0,0.0,0.0,0.0,0.87373537,0.12626463,0.0
8,10,0.0,0.0,0.0,0.0,0.0,0.0,0.0,0.0,0.0,0.0,0.87373537,0.12626463,0.0
8,10,0.0,0.0,0.0,0.0,0.0,0.0,0.0,0.0,0.0,0.0,0.87373537,0.12626463,0.0
8,10,0.0,0.0,0.0,0.0,0.0,0.0,0.0,0.0,0.0,0.0,0.87373537,0.12626463,0.0
8,10,0.0,0.0,0.0,0.0,0.0,0.0,0.0,0.0,0.0,0.0,0.87373537,0.12626463,0.0
8,10,0.0,0.0,0.0,0.0,0.0,0.0,0.0,0.0,0.0,0.0,0.87373537,0.12626463,0.0
8,10,0.0,0.0,0.0,0.0,0.0,0.0,0.0,0.0,0.0,0.0,0.87373537,0.12626463,0.0
8,10,0.0,0.0,0.0,0.0,0.0,0.0,0.0,0.0,0.0,0.0,0.87373537,0.12626463,0.0
8,10,0.0,0.0,0.0,0.0,0.0,0.0,0.0,0.0,0.0,0.0,0.87373537,0.12626463,0.0
8,10,0.0,0.0,0.0,0.0,0.0,0.0,0.0,0.0,0.0,0.0,0.87373537,0.12626463,0.0
8,10,0.0,0.0,0.0,0.0,0.0,0.0,0.0,0.0,0.0,0.0,0.87373537,0.12626463,0.0
8,10,0.0,0.0,0.0,0.0,0.0,0.0,0.0,0.0,0.0,0.0,0.87373537,0.12626463,0.0
8,10,0.0,0.0,0.0,0.0,0.0,0.0,0.0,0.0,0.0,0.0,0.87373537,0.12626463,0.0
8,10,0.0,0.0,0.0,0.0,0.0,0.0,0.0,0.0,0.0,0.0,0.87373537,0.12626463,0.0
8,10,0.0,0.0,0.0,0.0,0.0,0.0,0.0,0.0,0.0,0.0,0.87373537,0.12626463,0.0
8,10,0.0,0.0,0.0,0.0,0.0,0.0,0.0,0.0,0.0,0.0,0.87373537,0.12626463,0.0
8,10,0.0,0.0,0.0,0.0,0.0,0.0,0.0,0.0,0.0,0.0,0.87373537,0.12626463,0.0
8,10,0.0,0.0,0.0,0.0,0.0,0.0,0.0,0.0,0.0,0.0,0.87373537,0.12626463,0.0
8,10,0.0,0.0,0.0,0.0,0.0,0.0,0.0,0.0,0.0,0.0,0.87373537,0.12626463,0.0
8,10,0.0,0.0,0.0,0.0,0.0,0.0,0.0,0.0,0.0,0.0,0.87373537,0.12626463,0.0
8,10,0.0,0.0,0.0,0.0,0.0,0.0,0.0,0.0,0.0,0.0,0.87373537,0.12626463,0.0
8,10,0.0,0.0,0.0,0.0,0.0,0.0,0.0,0.0,0.0,0.0,0.87373537,0.12626463,0.0
8,10,0.0,0.0,0.0,0.0,0.0,0.0,0.0,0.0,0.0,0.0,0.87373537,0.12626463,0.0
8,10,0.0,0.0,0.0,0.0,0.0,0.0,0.0,0.0,0.0,0.0,0.87373537,0.12626463,0.0
8,10,0.0,0.0,0.0,0.0,0.0,0.0,0.0,0.0,0.0,0.0,0.87373537,0.12626463,0.0
8,10,0.0,0.0,0.0,0.0,0.0,0.0,0.0,0.0,0.0,0.0,0.87373537,0.12626463,0.0
8,10,0.0,0.0,0.0,0.0,0.0,0.0,0.0,0.0,0.0,0.0,0.87373537,0.12626463,0.0
8,10,0.0,0.0,0.0,0.0,0.0,0.0,0.0,0.0,0.0,0.0,0.87373537,0.12626463,0.0
8,10,0.0,0.0,0.0,0.0,0.0,0.0,0.0,0.0,0.0,0.0,0.87373537,0.12626463,0.0
8,10,0.0,0.0,0.0,0.0,0.0,0.0,0.0,0.0,0.0,0.0,0.87373537,0.12626463,0.0
8,10,0.0,0.0,0.0,0.0,0.0,0.0,0.0,0.0,0.0,0.0,0.87373537,0.12626463,0.0
8,10,0.0,0.0,0.0,0.0,0.0,0.0,0.0,0.0,0.0,0.0,0.87373537,0.12626463,0.0
8,10,0.0,0.0,0.0,0.0,0.0,0.0,0.0,0.0,0.0,0.0,0.87373537,0.12626463,0.0
8,10,0.0,0.0,0.0,0.0,0.0,0.0,0.0,0.0,0.0,0.0,0.87373537,0.12626463,0.0
8,10,0.0,0.0,0.0,0.0,0.0,0.0,0.0,0.0,0.0,0.0,0.87373537,0.12626463,0.0
8,10,0.0,0.0,0.0,0.0,0.0,0.0,0.0,0.0,0.0,0.0,0.87373537,0.12626463,0.0
8,10,0.0,0.0,0.0,0.0,0.0,0.0,0.0,0.0,0.0,0.0,0.87373537,0.12626463,0.0
8,10,0.0,0.0,0.0,0.0,0.0,0.0,0.0,0.0,0.0,0.0,0.87373537,0.12626463,0.0
8,10,0.0,0.0,0.0,0.0,0.0,0.0,0.0,0.0,0.0,0.0,0.87373537,0.12626463,0.0
8,10,0.0,0.0,0.0,0.0,0.0,0.0,0.0,0.0,0.0,0.0,0.87373537,0.12626463,0.0
8,10,0.0,0.0,0.0,0.0,0.0,0.0,0.0,0.0,0.0,0.0,0.87373537,0.12626463,0.0
8,10,0.0,0.0,0.0,0.0,0.0,0.0,0.0,0.0,0.0,0.0,0.87373537,0.12626463,0.0
8,10,0.0,0.0,0.0,0.0,0.0,0.0,0.0,0.0,0.0,0.0,0.87373537,0.12626463,0.0
8,10,0.0,0.0,0.0,0.0,0.0,0.0,0.0,0.0,0.0,0.0,0.87373537,0.12626463,0.0
8,10,0.0,0.0,0.0,0.0,0.0,0.0,0.0,0.0,0.0,0.0,0.87373537,0.12626463,0.0
8,10,0.0,0.0,0.0,0.0,0.0,0.0,0.0,0.0,0.0,0.0,0.87373537,0.12626463,0.0
8,10,0.0,0.0,0.0,0.0,0.0,0.0,0.0,0.0,0.0,0.0,0.87373537,0.12626463,0.0
8,10,0.0,0.0,0.0,0.0,0.0,0.0,0.0,0.0,0.0,0.0,0.87373537,0.12626463,0.0
8,10,0.0,0.0,0.0,0.0,0.0,0.0,0.0,0.0,0.0,0.0,0.87373537,0.12626463,0.0
8,10,0.0,0.0,0.0,0.0,0.0,0.0,0.0,0.0,0.0,0.0,0.87373537,0.12626463,0.0
8,10,0.0,0.0,0.0,0.0,0.0,0.0,0.0,0.0,0.0,0.0,0.87373537,0.12626463,0.0
8,10,0.0,0.0,0.0,0.0,0.0,0.0,0.0,0.0,0.0,0.0,0.87373537,0.12626463,0.0
8,10,0.0,0.0,0.0,0.0,0.0,0.0,0.0,0.0,0.0,0.0,0.87373537,0.12626463,0.0
8,10,0.0,0.0,0.0,0.0,0.0,0.0,0.0,0.0,0.0,0.0,0.87373537,0.12626463,0.0
8,10,0.0,0.0,0.0,0.0,0.0,0.0,0.0,0.0,0.0,0.0,0.87373537,0.12626463,0.0
8,10,0.0,0.0,0.0,0.0,0.0,0.0,0.0,0.0,0.0,0.0,0.87373537,0.12626463,0.0
8,10,0.0,0.0,0.0,0.0,0.0,0.0,0.0,0.0,0.0,0.0,0.87373537,0.12626463,0.0
8,10,0.0,0.0,0.0,0.0,0.0,0.0,0.0,0.0,0.0,0.0,0.87373537,0.12626463,0.0
8,10,0.0,0.0,0.0,0.0,0.0,0.0,0.0,0.0,0.0,0.0,0.87373537,0.12626463,0.0
8,10,0.0,0.0,0.0,0.0,0.0,0.0,0.0,0.0,0.0,0.0,0.87373537,0.12626463,0.0
8,10,0.0,0.0,0.0,0.0,0.0,0.0,0.0,0.0,0.0,0.0,0.87373537,0.12626463,0.0
8,10,0.0,0.0,0.0,0.0,0.0,0.0,0.0,0.0,0.0,0.0,0.87373537,0.12626463,0.0
8,10,0.0,0.0,0.0,0.0,0.0,0.0,0.0,0.0,0.0,0.0,0.87373537,0.12626463,0.0
8,10,0.0,0.0,0.0,0.0,0.0,0.0,0.0,0.0,0.0,0.0,0.87373537,0.12626463,0.0
8,10,0.0,0.0,0.0,0.0,0.0,0.0,0.0,0.0,0.0,0.0,0.87373537,0.12626463,0.0
8,10,0.0,0.0,0.0,0.0,0.0,0.0,0.0,0.0,0.0,0.0,0.87373537,0.12626463,0.0
8,10,0.0,0.0,0.0,0.0,0.0,0.0,0.0,0.0,0.0,0.0,0.87373537,0.12626463,0.0
8,10,0.0,0.0,0.0,0.0,0.0,0.0,0.0,0.0,0.0,0.0,0.87373537,0.12626463,0.0
8,10,0.0,0.0,0.0,0.0,0.0,0.0,0.0,0.0,0.0,0.0,0.87373537,0.12626463,0.0
8,10,0.0,0.0,0.0,0.0,0.0,0.0,0.0,0.0,0.0,0.0,0.87373537,0.12626463,0.0
8,10,0.0,0.0,0.0,0.0,0.0,0.0,0.0,0.0,0.0,0.0,0.87373537,0.12626463,0.0
8,10,0.0,0.0,0.0,0.0,0.0,0.0,0.0,0.0,0.0,0.0,0.87373537,0.12626463,0.0
8,10,0.0,0.0,0.0,0.0,0.0,0.0,0.0,0.0,0.0,0.0,0.87373537,0.12626463,0.0
8,10,0.0,0.0,0.0,0.0,0.0,0.0,0.0,0.0,0.0,0.0,0.87373537,0.12626463,0.0
8,10,0.0,0.0,0.0,0.0,0.0,0.0,0.0,0.0,0.0,0.0,0.87373537,0.12626463,0.0
8,10,0.0,0.0,0.0,0.0,0.0,0.0,0.0,0.0,0.0,0.0,0.87373537,0.12626463,0.0
8,10,0.0,0.0,0.0,0.0,0.0,0.0,0.0,0.0,0.0,0.0,0.87373537,0.12626463,0.0
8,10,0.0,0.0,0.0,0.0,0.0,0.0,0.0,0.0,0.0,0.0,0.87373537,0.12626463,0.0
8,10,0.0,0.0,0.0,0.0,0.0,0.0,0.0,0.0,0.0,0.0,0.87373537,0.12626463,0.0
8,10,0.0,0.0,0.0,0.0,0.0,0.0,0.0,0.0,0.0,0.0,0.87373537,0.12626463,0.0
8,10,0.0,0.0,0.0,0.0,0.0,0.0,0.0,0.0,0.0,0.0,0.87373537,0.12626463,0.0
8,10,0.0,0.0,0.0,0.0,0.0,0.0,0.0,0.0,0.0,0.0,0.87373537,0.12626463,0.0
8,10,0.0,0.0,0.0,0.0,0.0,0.0,0.0,0.0,0.0,0.0,0.87373537,0.12626463,0.0
8,10,0.0,0.0,0.0,0.0,0.0,0.0,0.0,0.0,0.0,0.0,0.87373537,0.12626463,0.0
8,10,0.0,0.0,0.0,0.0,0.0,0.0,0.0,0.0,0.0,0.0,0.87373537,0.12626463,0.0
8,10,0.0,0.0,0.0,0.0,0.0,0.0,0.0,0.0,0.0,0.0,0.87373537,0.12626463,0.0
8,10,0.0,0.0,0.0,0.0,0.0,0.0,0.0,0.0,0.0,0.0,0.87373537,0.12626463,0.0
8,10,0.0,0.0,0.0,0.0,0.0,0.0,0.0,0.0,0.0,0.0,0.87373537,0.12626463,0.0
8,10,0.0,0.0,0.0,0.0,0.0,0.0,0.0,0.0,0.0,0.0,0.87373537,0.12626463,0.0
8,10,0.0,0.0,0.0,0.0,0.0,0.0,0.0,0.0,0.0,0.0,0.87373537,0.12626463,0.0
8,10,0.0,0.0,0.0,0.0,0.0,0.0,0.0,0.0,0.0,0.0,0.87373537,0.12626463,0.0
8,10,0.0,0.0,0.0,0.0,0.0,0.0,0.0,0.0,0.0,0.0,0.87373537,0.12626463,0.0
8,10,0.0,0.0,0.0,0.0,0.0,0.0,0.0,0.0,0.0,0.0,0.87373537,0.12626463,0.0
8,10,0.0,0.0,0.0,0.0,0.0,0.0,0.0,0.0,0.0,0.0,0.87373537,0.12626463,0.0
8,10,0.0,0.0,0.0,0.0,0.0,0.0,0.0,0.0,0.0,0.0,0.87373537,0.12626463,0.0
8,10,0.0,0.0,0.0,0.0,0.0,0.0,0.0,0.0,0.0,0.0,0.87373537,0.12626463,0.0
8,10,0.0,0.0,0.0,0.0,0.0,0.0,0.0,0.0,0.0,0.0,0.87373537,0.12626463,0.0
8,10,0.0,0.0,0.0,0.0,0.0,0.0,0.0,0.0,0.0,0.0,0.87373537,0.12626463,0.0
8,10,0.0,0.0,0.0,0.0,0.0,0.0,0.0,0.0,0.0,0.0,0.87373537,0.12626463,0.0
8,10,0.0,0.0,0.0,0.0,0.0,0.0,0.0,0.0,0.0,0.0,0.87373537,0.12626463,0.0
8,10,0.0,0.0,0.0,0.0,0.0,0.0,0.0,0.0,0.0,0.0,0.87373537,0.12626463,0.0
8,10,0.0,0.0,0.0,0.0,0.0,0.0,0.0,0.0,0.0,0.0,0.87373537,0.12626463,0.0
8,10,0.0,0.0,0.0,0.0,0.0,0.0,0.0,0.0,0.0,0.0,0.87373537,0.12626463,0.0
8,10,0.0,0.0,0.0,0.0,0.0,0.0,0.0,0.0,0.0,0.0,0.87373537,0.12626463,0.0
8,10,0.0,0.0,0.0,0.0,0.0,0.0,0.0,0.0,0.0,0.0,0.87373537,0.12626463,0.0
8,10,0.0,0.0,0.0,0.0,0.0,0.0,0.0,0.0,0.0,0.0,0.87373537,0.12626463,0.0
8,10,0.0,0.0,0.0,0.0,0.0,0.0,0.0,0.0,0.0,0.0,0.87373537,0.12626463,0.0
8,10,0.0,0.0,0.0,0.0,0.0,0.0,0.0,0.0,0.0,0.0,0.87373537,0.12626463,0.0
8,10,0.0,0.0,0.0,0.0,0.0,0.0,0.0,0.0,0.0,0.0,0.87373537,0.12626463,0.0
8,10,0.0,0.0,0.0,0.0,0.0,0.0,0.0,0.0,0.0,0.0,0.87373537,0.12626463,0.0
8,10,0.0,0.0,0.0,0.0,0.0,0.0,0.0,0.0,0.0,0.0,0.87373537,0.12626463,0.0
8,10,0.0,0.0,0.0,0.0,0.0,0.0,0.0,0.0,0.0,0.0,0.87373537,0.12626463,0.0
8,10,0.0,0.0,0.0,0.0,0.0,0.0,0.0,0.0,0.0,0.0,0.87373537,0.12626463,0.0
8,10,0.0,0.0,0.0,0.0,0.0,0.0,0.0,0.0,0.0,0.0,0.87373537,0.12626463,0.0
8,10,0.0,0.0,0.0,0.0,0.0,0.0,0.0,0.0,0.0,0.0,0.87373537,0.12626463,0.0
8,10,0.0,0.0,0.0,0.0,0.0,0.0,0.0,0.0,0.0,0.0,0.87373537,0.12626463,0.0
8,10,0.0,0.0,0.0,0.0,0.0,0.0,0.0,0.0,0.0,0.0,0.87373537,0.12626463,0.0
8,10,0.0,0.0,0.0,0.0,0.0,0.0,0.0,0.0,0.0,0.0,0.87373537,0.12626463,0.0
9,10,0.0,0.0,0.0,0.0,0.0,0.0,0.0,0.0,0.0,0.0,0.87373537,0.12626463,0.0
9,10,0.0,0.0,0.0,0.0,0.0,0.0,0.0,0.0,0.0,0.0,0.87373537,0.12626463,0.0
9,10,0.0,0.0,0.0,0.0,0.0,0.0,0.0,0.0,0.0,0.0,0.87373537,0.12626463,0.0
9,10,0.0,0.0,0.0,0.0,0.0,0.0,0.0,0.0,0.0,0.0,0.87373537,0.12626463,0.0
9,10,0.0,0.0,0.0,0.0,0.0,0.0,0.0,0.0,0.0,0.0,0.87373537,0.12626463,0.0
9,10,0.0,0.0,0.0,0.0,0.0,0.0,0.0,0.0,0.0,0.0,0.87373537,0.12626463,0.0
9,10,0.0,0.0,0.0,0.0,0.0,0.0,0.0,0.0,0.0,0.0,0.87373537,0.12626463,0.0
9,10,0.0,0.0,0.0,0.0,0.0,0.0,0.0,0.0,0.0,0.0,0.87373537,0.12626463,0.0
9,10,0.0,0.0,0.0,0.0,0.0,0.0,0.0,0.0,0.0,0.0,0.87373537,0.12626463,0.0
9,10,0.0,0.0,0.0,0.0,0.0,0.0,0.0,0.0,0.0,0.0,0.87373537,0.12626463,0.0
9,10,0.0,0.0,0.0,0.0,0.0,0.0,0.0,0.0,0.0,0.0,0.87373537,0.12626463,0.0
9,10,0.0,0.0,0.0,0.0,0.0,0.0,0.0,0.0,0.0,0.0,0.87373537,0.12626463,0.0
9,10,0.0,0.0,0.0,0.0,0.0,0.0,0.0,0.0,0.0,0.0,0.87373537,0.12626463,0.0
9,10,0.0,0.0,0.0,0.0,0.0,0.0,0.0,0.0,0.0,0.0,0.87373537,0.12626463,0.0
9,10,0.0,0.0,0.0,0.0,0.0,0.0,0.0,0.0,0.0,0.0,0.87373537,0.12626463,0.0
9,10,0.0,0.0,0.0,0.0,0.0,0.0,0.0,0.0,0.0,0.0,0.87373537,0.12626463,0.0
9,10,0.0,0.0,0.0,0.0,0.0,0.0,0.0,0.0,0.0,0.0,0.87373537,0.12626463,0.0
9,10,0.0,0.0,0.0,0.0,0.0,0.0,0.0,0.0,0.0,0.0,0.87373537,0.12626463,0.0
9,10,0.0,0.0,0.0,0.0,0.0,0.0,0.0,0.0,0.0,0.0,0.87373537,0.12626463,0.0
9,10,0.0,0.0,0.0,0.0,0.0,0.0,0.0,0.0,0.0,0.0,0.87373537,0.12626463,0.0
9,10,0.0,0.0,0.0,0.0,0.0,0.0,0.0,0.0,0.0,0.0,0.87373537,0.12626463,0.0
9,10,0.0,0.0,0.0,0.0,0.0,0.0,0.0,0.0,0.0,0.0,0.87373537,0.12626463,0.0
9,10,0.0,0.0,0.0,0.0,0.0,0.0,0.0,0.0,0.0,0.0,0.87373537,0.12626463,0.0
9,10,0.0,0.0,0.0,0.0,0.0,0.0,0.0,0.0,0.0,0.0,0.87373537,0.12626463,0.0
9,10,0.0,0.0,0.0,0.0,0.0,0.0,0.0,0.0,0.0,0.0,0.87373537,0.12626463,0.0
9,10,0.0,0.0,0.0,0.0,0.0,0.0,0.0,0.0,0.0,0.0,0.87373537,0.12626463,0.0
9,10,0.0,0.0,0.0,0.0,0.0,0.0,0.0,0.0,0.0,0.0,0.87373537,0.12626463,0.0
9,10,0.0,0.0,0.0,0.0,0.0,0.0,0.0,0.0,0.0,0.0,0.87373537,0.12626463,0.0
9,10,0.0,0.0,0.0,0.0,0.0,0.0,0.0,0.0,0.0,0.0,0.87373537,0.12626463,0.0
9,10,0.0,0.0,0.0,0.0,0.0,0.0,0.0,0.0,0.0,0.0,0.87373537,0.12626463,0.0
9,10,0.0,0.0,0.0,0.0,0.0,0.0,0.0,0.0,0.0,0.0,0.87373537,0.12626463,0.0
9,10,0.0,0.0,0.0,0.0,0.0,0.0,0.0,0.0,0.0,0.0,0.87373537,0.12626463,0.0
9,10,0.0,0.0,0.0,0.0,0.0,0.0,0.0,0.0,0.0,0.0,0.87373537,0.12626463,0.0
9,10,0.0,0.0,0.0,0.0,0.0,0.0,0.0,0.0,0.0,0.0,0.87373537,0.12626463,0.0
9,10,0.0,0.0,0.0,0.0,0.0,0.0,0.0,0.0,0.0,0.0,0.87373537,0.12626463,0.0
9,10,0.0,0.0,0.0,0.0,0.0,0.0,0.0,0.0,0.0,0.0,0.87373537,0.12626463,0.0
9,10,0.0,0.0,0.0,0.0,0.0,0.0,0.0,0.0,0.0,0.0,0.87373537,0.12626463,0.0
9,10,0.0,0.0,0.0,0.0,0.0,0.0,0.0,0.0,0.0,0.0,0.87373537,0.12626463,0.0
9,10,0.0,0.0,0.0,0.0,0.0,0.0,0.0,0.0,0.0,0.0,0.87373537,0.12626463,0.0
9,10,0.0,0.0,0.0,0.0,0.0,0.0,0.0,0.0,0.0,0.0,0.87373537,0.12626463,0.0
9,10,0.0,0.0,0.0,0.0,0.0,0.0,0.0,0.0,0.0,0.0,0.87373537,0.12626463,0.0
9,10,0.0,0.0,0.0,0.0,0.0,0.0,0.0,0.0,0.0,0.0,0.87373537,0.12626463,0.0
9,10,0.0,0.0,0.0,0.0,0.0,0.0,0.0,0.0,0.0,0.0,0.87373537,0.12626463,0.0
9,10,0.0,0.0,0.0,0.0,0.0,0.0,0.0,0.0,0.0,0.0,0.87373537,0.12626463,0.0
9,10,0.0,0.0,0.0,0.0,0.0,0.0,0.0,0.0,0.0,0.0,0.87373537,0.12626463,0.0
9,10,0.0,0.0,0.0,0.0,0.0,0.0,0.0,0.0,0.0,0.0,0.87373537,0.12626463,0.0
9,10,0.0,0.0,0.0,0.0,0.0,0.0,0.0,0.0,0.0,0.0,0.87373537,0.12626463,0.0
9,10,0.0,0.0,0.0,0.0,0.0,0.0,0.0,0.0,0.0,0.0,0.87373537,0.12626463,0.0
9,10,0.0,0.0,0.0,0.0,0.0,0.0,0.0,0.0,0.0,0.0,0.87373537,0.12626463,0.0
9,10,0.0,0.0,0.0,0.0,0.0,0.0,0.0,0.0,0.0,0.0,0.87373537,0.12626463,0.0
9,10,0.0,0.0,0.0,0.0,0.0,0.0,0.0,0.0,0.0,0.0,0.87373537,0.12626463,0.0
9,10,0.0,0.0,0.0,0.0,0.0,0.0,0.0,0.0,0.0,0.0,0.87373537,0.12626463,0.0
9,10,0.0,0.0,0.0,0.0,0.0,0.0,0.0,0.0,0.0,0.0,0.87373537,0.12626463,0.0
9,10,0.0,0.0,0.0,0.0,0.0,0.0,0.0,0.0,0.0,0.0,0.87373537,0.12626463,0.0
9,10,0.0,0.0,0.0,0.0,0.0,0.0,0.0,0.0,0.0,0.0,0.87373537,0.12626463,0.0
9,10,0.0,0.0,0.0,0.0,0.0,0.0,0.0,0.0,0.0,0.0,0.87373537,0.12626463,0.0
9,10,0.0,0.0,0.0,0.0,0.0,0.0,0.0,0.0,0.0,0.0,0.87373537,0.12626463,0.0
9,10,0.0,0.0,0.0,0.0,0.0,0.0,0.0,0.0,0.0,0.0,0.87373537,0.12626463,0.0
9,10,0.0,0.0,0.0,0.0,0.0,0.0,0.0,0.0,0.0,0.0,0.87373537,0.12626463,0.0
9,10,0.0,0.0,0.0,0.0,0.0,0.0,0.0,0.0,0.0,0.0,0.87373537,0.12626463,0.0
9,10,0.0,0.0,0.0,0.0,0.0,0.0,0.0,0.0,0.0,0.0,0.87373537,0.12626463,0.0
9,10,0.0,0.0,0.0,0.0,0.0,0.0,0.0,0.0,0.0,0.0,0.87373537,0.12626463,0.0
9,10,0.0,0.0,0.0,0.0,0.0,0.0,0.0,0.0,0.0,0.0,0.87373537,0.12626463,0.0
9,10,0.0,0.0,0.0,0.0,0.0,0.0,0.0,0.0,0.0,0.0,0.87373537,0.12626463,0.0
9,10,0.0,0.0,0.0,0.0,0.0,0.0,0.0,0.0,0.0,0.0,0.87373537,0.12626463,0.0
9,10,0.0,0.0,0.0,0.0,0.0,0.0,0.0,0.0,0.0,0.0,0.87373537,0.12626463,0.0
9,10,0.0,0.0,0.0,0.0,0.0,0.0,0.0,0.0,0.0,0.0,0.87373537,0.12626463,0.0
9,10,0.0,0.0,0.0,0.0,0.0,0.0,0.0,0.0,0.0,0.0,0.87373537,0.12626463,0.0
9,10,0.0,0.0,0.0,0.0,0.0,0.0,0.0,0.0,0.0,0.0,0.81168884,0.18831114,0.0
9,10,0.0,0.0,0.0,0.0,0.0,0.0,0.0,0.0,0.0,0.0,0.81168884,0.18831114,0.0
9,10,0.0,0.0,0.0,0.0,0.0,0.0,0.0,0.0,0.0,0.0,0.81168884,0.18831114,0.0
9,10,0.0,0.0,0.0,0.0,0.0,0.0,0.0,0.0,0.0,0.0,0.81168884,0.18831114,0.0
9,10,0.0,0.0,0.0,0.0,0.0,0.0,0.0,0.0,0.0,0.0,0.81168884,0.18831114,0.0
9,10,0.0,0.0,0.0,0.0,0.0,0.0,0.0,0.0,0.0,0.0,0.81168884,0.18831114,0.0
9,10,0.0,0.0,0.0,0.0,0.0,0.0,0.0,0.0,0.0,0.0,0.81168884,0.18831114,0.0
9,10,0.0,0.0,0.0,0.0,0.0,0.0,0.0,0.0,0.0,0.0,0.81168884,0.18831114,0.0
9,10,0.0,0.0,0.0,0.0,0.0,0.0,0.0,0.0,0.0,0.0,0.81168884,0.18831114,0.0
9,10,0.0,0.0,0.0,0.0,0.0,0.0,0.0,0.0,0.0,0.0,0.81168884,0.18831114,0.0
9,10,0.0,0.0,0.0,0.0,0.0,0.0,0.0,0.0,0.0,0.0,0.81168884,0.18831114,0.0
9,10,0.0,0.0,0.0,0.0,0.0,0.0,0.0,0.0,0.0,0.0,0.81168884,0.18831114,0.0
9,10,0.0,0.0,0.0,0.0,0.0,0.0,0.0,0.0,0.0,0.0,0.81168884,0.18831114,0.0
9,10,0.0,0.0,0.0,0.0,0.0,0.0,0.0,0.0,0.0,0.0,0.81168884,0.18831114,0.0
9,10,0.0,0.0,0.0,0.0,0.0,0.0,0.0,0.0,0.0,0.0,0.81168884,0.18831114,0.0
9,10,0.0,0.0,0.0,0.0,0.0,0.0,0.0,0.0,0.0,0.0,0.81168884,0.18831114,0.0
9,10,0.0,0.0,0.0,0.0,0.0,0.0,0.0,0.0,0.0,0.0,0.6844494,0.31555063,0.0
9,10,0.0,0.0,0.0,0.0,0.0,0.0,0.0,0.0,0.0,0.0,0.6844494,0.31555063,0.0
9,10,0.0,0.0,0.0,0.0,0.0,0.0,0.0,0.0,0.0,0.0,0.6844494,0.31555063,0.0
9,10,0.0,0.0,0.0,0.0,0.0,0.0,0.0,0.0,0.0,0.0,0.6844494,0.31555063,0.0
9,10,0.0,0.0,0.0,0.0,0.0,0.0,0.0,0.0,0.0,0.0,0.6844494,0.31555063,0.0
9,10,0.0,0.0,0.0,0.0,0.0,0.0,0.0,0.0,0.0,0.0,0.6844494,0.31555063,0.0
9,10,0.0,0.0,0.0,0.0,0.0,0.0,0.0,0.0,0.0,0.0,0.6844494,0.31555063,0.0
9,10,0.0,0.0,0.0,0.0,0.0,0.0,0.0,0.0,0.0,0.0,0.6844494,0.31555063,0.0
9,10,0.0,0.0,0.0,0.0,0.0,0.0,0.0,0.0,0.0,0.0,0.6844494,0.31555063,0.0
9,10,0.0,0.0,0.0,0.0,0.0,0.0,0.0,0.0,0.0,0.0,0.6844494,0.31555063,0.0
9,10,0.0,0.0,0.0,0.0,0.0,0.0,0.0,0.0,0.0,0.0,0.6844494,0.31555063,0.0
9,10,0.0,0.0,0.0,0.0,0.0,0.0,0.0,0.0,0.0,0.0,0.6844494,0.31555063,0.0
9,10,0.0,0.0,0.0,0.0,0.0,0.0,0.0,0.0,0.0,0.0,0.6193858,0.38061422,0.0
9,10,0.0,0.0,0.0,0.0,0.0,0.0,0.0,0.0,0.0,0.0,0.6193858,0.38061422,0.0
9,10,0.0,0.0,0.0,0.0,0.0,0.0,0.0,0.0,0.0,0.0,0.6193858,0.38061422,0.0
9,10,0.0,0.0,0.0,0.0,0.0,0.0,0.0,0.0,0.0,0.0,0.6193858,0.38061422,0.0
9,10,0.0,0.0,0.0,0.0,0.0,0.0,0.0,0.0,0.0,0.0,0.6193858,0.38061422,0.0
9,10,0.0,0.0,0.0,0.0,0.0,0.0,0.0,0.0,0.0,0.0,0.6193858,0.38061422,0.0
9,10,0.0,0.0,0.0,0.0,0.0,0.0,0.0,0.0,0.0,0.0,0.6193858,0.38061422,0.0
9,10,0.0,0.0,0.0,0.0,0.0,0.0,0.0,0.0,0.0,0.0,0.6193858,0.38061422,0.0
9,10,0.0,0.0,0.0,0.0,0.0,0.0,0.0,0.0,0.0,0.0,0.6193858,0.38061422,0.0
9,10,0.0,0.0,0.0,0.0,0.0,0.0,0.0,0.0,0.0,0.0,0.6193858,0.38061422,0.0
9,10,0.0,0.0,0.0,0.0,0.0,0.0,0.0,0.0,0.0,0.0,0.55965465,0.44034538,0.0
9,10,0.0,0.0,0.0,0.0,0.0,0.0,0.0,0.0,0.0,0.0,0.55965465,0.44034538,0.0
9,10,0.0,0.0,0.0,0.0,0.0,0.0,0.0,0.0,0.0,0.0,0.55965465,0.44034538,0.0
9,10,0.0,0.0,0.0,0.0,0.0,0.0,0.0,0.0,0.0,0.0,0.55965465,0.44034538,0.0
9,10,0.0,0.0,0.0,0.0,0.0,0.0,0.0,0.0,0.0,0.0,0.55965465,0.44034538,0.0
9,10,0.0,0.0,0.0,0.0,0.0,0.0,0.0,0.0,0.0,0.0,0.55965465,0.44034538,0.0
9,10,0.0,0.0,0.0,0.0,0.0,0.0,0.0,0.0,0.0,0.0,0.55965465,0.44034538,0.0
9,10,0.0,0.0,0.0,0.0,0.0,0.0,0.0,0.0,0.0,0.0,0.55965465,0.44034538,0.0
9,10,0.0,0.0,0.0,0.0,0.0,0.0,0.0,0.0,0.0,0.0,0.55965465,0.44034538,0.0
9,10,0.0,0.0,0.0,0.0,0.0,0.0,0.0,0.0,0.0,0.0,0.55965465,0.44034538,0.0
9,11,0.0,0.0,0.0,0.0,0.0,0.0,0.0,0.0,0.0,0.0,0.4291514,0.5708486,0.0
9,11,0.0,0.0,0.0,0.0,0.0,0.0,0.0,0.0,0.0,0.0,0.4291514,0.5708486,0.0
9,11,0.0,0.0,0.0,0.0,0.0,0.0,0.0,0.0,0.0,0.0,0.4291514,0.5708486,0.0
9,11,0.0,0.0,0.0,0.0,0.0,0.0,0.0,0.0,0.0,0.0,0.4291514,0.5708486,0.0
9,11,0.0,0.0,0.0,0.0,0.0,0.0,0.0,0.0,0.0,0.0,0.4291514,0.5708486,0.0
9,11,0.0,0.0,0.0,0.0,0.0,0.0,0.0,0.0,0.0,0.0,0.4291514,0.5708486,0.0
9,11,0.0,0.0,0.0,0.0,0.0,0.0,0.0,0.0,0.0,0.0,0.4291514,0.5708486,0.0
9,11,0.0,0.0,0.0,0.0,0.0,0.0,0.0,0.0,0.0,0.0,0.4291514,0.5708486,0.0
9,11,0.0,0.0,0.0,0.0,0.0,0.0,0.0,0.0,0.0,0.0,0.4291514,0.5708486,0.0
9,11,0.0,0.0,0.0,0.0,0.0,0.0,0.0,0.0,0.0,0.0,0.4291514,0.5708486,0.0
9,11,0.0,0.0,0.0,0.0,0.0,0.0,0.0,0.0,0.0,0.0,0.4291514,0.5708486,0.0
9,11,0.0,0.0,0.0,0.0,0.0,0.0,0.0,0.0,0.0,0.0,0.4291514,0.5708486,0.0
9,11,0.0,0.0,0.0,0.0,0.0,0.0,0.0,0.0,0.0,0.0,0.4291514,0.5708486,0.0
9,11,0.0,0.0,0.0,0.0,0.0,0.0,0.0,0.0,0.0,0.0,0.4291514,0.5708486,0.0
9,11,0.0,0.0,0.0,0.0,0.0,0.0,0.0,0.0,0.0,0.0,0.4291514,0.5708486,0.0
9,11,0.0,0.0,0.0,0.0,0.0,0.0,0.0,0.0,0.0,0.0,0.3723544,0.6276456,0.0
9,11,0.0,0.0,0.0,0.0,0.0,0.0,0.0,0.0,0.0,0.0,0.3723544,0.6276456,0.0
9,11,0.0,0.0,0.0,0.0,0.0,0.0,0.0,0.0,0.0,0.0,0.3723544,0.6276456,0.0
9,11,0.0,0.0,0.0,0.0,0.0,0.0,0.0,0.0,0.0,0.0,0.3723544,0.6276456,0.0
9,11,0.0,0.0,0.0,0.0,0.0,0.0,0.0,0.0,0.0,0.0,0.3723544,0.6276456,0.0
9,11,0.0,0.0,0.0,0.0,0.0,0.0,0.0,0.0,0.0,0.0,0.3723544,0.6276456,0.0
9,11,0.0,0.0,0.0,0.0,0.0,0.0,0.0,0.0,0.0,0.0,0.3723544,0.6276456,0.0
9,11,0.0,0.0,0.0,0.0,0.0,0.0,0.0,0.0,0.0,0.0,0.3723544,0.6276456,0.0
9,11,0.0,0.0,0.0,0.0,0.0,0.0,0.0,0.0,0.0,0.0,0.3723544,0.6276456,0.0
9,11,0.06188829,0.0,0.0,0.0,0.0,0.0,0.0,0.0,0.0,0.0,0.18744923,0.7506625,0.0
9,11,0.06188829,0.0,0.0,0.0,0.0,0.0,0.0,0.0,0.0,0.0,0.18744923,0.7506625,0.0
9,11,0.06188829,0.0,0.0,0.0,0.0,0.0,0.0,0.0,0.0,0.0,0.18744923,0.7506625,0.0
9,11,0.06188829,0.0,0.0,0.0,0.0,0.0,0.0,0.0,0.0,0.0,0.18744923,0.7506625,0.0
9,11,0.06188829,0.0,0.0,0.0,0.0,0.0,0.0,0.0,0.0,0.0,0.18744923,0.7506625,0.0
9,11,0.06188829,0.0,0.0,0.0,0.0,0.0,0.0,0.0,0.0,0.0,0.18744923,0.7506625,0.0
9,11,0.06188829,0.0,0.0,0.0,0.0,0.0,0.0,0.0,0.0,0.0,0.18744923,0.7506625,0.0
9,11,0.06188829,0.0,0.0,0.0,0.0,0.0,0.0,0.0,0.0,0.0,0.18744923,0.7506625,0.0
9,11,0.061888285,0.0,0.0,0.0,0.0,0.0,0.0,0.0,0.0,0.0,0.13054793,0.8075638,0.0
9,11,0.061888285,0.0,0.0,0.0,0.0,0.0,0.0,0.0,0.0,0.0,0.13054793,0.8075638,0.0
9,11,0.061888285,0.0,0.0,0.0,0.0,0.0,0.0,0.0,0.0,0.0,0.13054793,0.8075638,0.0
9,11,0.061888285,0.0,0.0,0.0,0.0,0.0,0.0,0.0,0.0,0.0,0.13054793,0.8075638,0.0
9,11,0.061888285,0.0,0.0,0.0,0.0,0.0,0.0,0.0,0.0,0.0,0.13054793,0.8075638,0.0
9,11,0.061888285,0.0,0.0,0.0,0.0,0.0,0.0,0.0,0.0,0.0,0.13054793,0.8075638,0.0
9,11,0.061888285,0.0,0.0,0.0,0.0,0.0,0.0,0.0,0.0,0.0,0.13054793,0.8075638,0.0
9,11,0.061888285,0.0,0.0,0.0,0.0,0.0,0.0,0.0,0.0,0.0,0.13054793,0.8075638,0.0
9,11,0.061888285,0.0,0.0,0.0,0.0,0.0,0.0,0.0,0.0,0.0,0.13054793,0.8075638,0.0
9,11,0.061888285,0.0,0.0,0.0,0.0,0.0,0.0,0.0,0.0,0.0,0.13054793,0.8075638,0.0
9,11,0.061888285,0.0,0.0,0.0,0.0,0.0,0.0,0.0,0.0,0.0,0.13054793,0.8075638,0.0
9,11,0.061888285,0.0,0.0,0.0,0.0,0.0,0.0,0.0,0.0,0.0,0.13054793,0.8075638,0.0
9,11,0.061888285,0.0,0.0,0.0,0.0,0.0,0.0,0.0,0.0,0.0,0.13054793,0.8075638,0.0
9,11,0.061888285,0.0,0.0,0.0,0.0,0.0,0.0,0.0,0.0,0.0,0.13054793,0.8075638,0.0
9,11,0.061888285,0.0,0.0,0.0,0.0,0.0,0.0,0.0,0.0,0.0,0.13054793,0.8075638,0.0
9,11,0.061888285,0.0,0.0,0.0,0.0,0.0,0.0,0.0,0.0,0.0,0.13054793,0.8075638,0.0
9,11,0.061888285,0.0,0.0,0.0,0.0,0.0,0.0,0.0,0.0,0.0,0.13054793,0.8075638,0.0
9,11,0.061888285,0.0,0.0,0.0,0.0,0.0,0.0,0.0,0.0,0.0,0.13054793,0.8075638,0.0
9,11,0.061888285,0.0,0.0,0.0,0.0,0.0,0.0,0.0,0.0,0.0,0.13054793,0.8075638,0.0
9,11,0.061888285,0.0,0.0,0.0,0.0,0.0,0.0,0.0,0.0,0.0,0.13054793,0.8075638,0.0
9,11,0.061888285,0.0,0.0,0.0,0.0,0.0,0.0,0.0,0.0,0.0,0.13054793,0.8075638,0.0
9,11,0.061888285,0.0,0.0,0.0,0.0,0.0,0.0,0.0,0.0,0.0,0.13054793,0.8075638,0.0
9,11,0.061888285,0.0,0.0,0.0,0.0,0.0,0.0,0.0,0.0,0.0,0.13054793,0.8075638,0.0
9,11,0.061888285,0.0,0.0,0.0,0.0,0.0,0.0,0.0,0.0,0.0,0.13054793,0.8075638,0.0
9,11,0.06188829,0.0,0.0,0.0,0.0,0.0,0.0,0.0,0.0,0.0,0.06535795,0.87275374,0.0
9,11,0.06188829,0.0,0.0,0.0,0.0,0.0,0.0,0.0,0.0,0.0,0.06535795,0.87275374,0.0
9,11,0.06188829,0.0,0.0,0.0,0.0,0.0,0.0,0.0,0.0,0.0,0.06535795,0.87275374,0.0
9,11,0.06188829,0.0,0.0,0.0,0.0,0.0,0.0,0.0,0.0,0.0,0.06535795,0.87275374,0.0
9,11,0.06188829,0.0,0.0,0.0,0.0,0.0,0.0,0.0,0.0,0.0,0.06535795,0.87275374,0.0
9,11,0.06188829,0.0,0.0,0.0,0.0,0.0,0.0,0.0,0.0,0.0,0.06535795,0.87275374,0.0
9,11,0.06188829,0.0,0.0,0.0,0.0,0.0,0.0,0.0,0.0,0.0,0.06535795,0.87275374,0.0
9,11,0.06188829,0.0,0.0,0.0,0.0,0.0,0.0,0.0,0.0,0.0,0.06535795,0.87275374,0.0
9,11,0.06188829,0.0,0.0,0.0,0.058007643,0.0,0.0,0.0,0.0,0.0,0.06535795,0.81474614,0.0
9,11,0.06188829,0.0,0.0,0.0,0.058007643,0.0,0.0,0.0,0.0,0.0,0.06535795,0.81474614,0.0
9,11,0.06188829,0.0,0.0,0.0,0.058007643,0.0,0.0,0.0,0.0,0.0,0.06535795,0.81474614,0.0
9,11,0.06188829,0.0,0.0,0.0,0.058007643,0.0,0.0,0.0,0.0,0.0,0.06535795,0.81474614,0.0
9,11,0.06188829,0.0,0.0,0.0,0.058007643,0.0,0.0,0.0,0.0,0.0,0.06535795,0.81474614,0.0
9,11,0.06188829,0.0,0.0,0.0,0.058007643,0.0,0.0,0.0,0.0,0.0,0.06535795,0.81474614,0.0
9,11,0.06188829,0.0,0.0,0.0,0.058007643,0.0,0.0,0.0,0.0,0.0,0.06535795,0.81474614,0.0
9,11,0.06188829,0.0,0.0,0.0,0.058007643,0.0,0.0,0.0,0.0,0.0,0.06535795,0.81474614,0.0
9,11,0.06188829,0.0,0.0,0.0,0.058007643,0.0,0.0,0.0,0.0,0.0,0.06535795,0.81474614,0.0
9,11,0.06188829,0.0,0.0,0.0,0.058007643,0.0,0.0,0.0,0.0,0.0,0.06535795,0.81474614,0.0
9,11,0.06188829,0.0,0.0,0.0,0.058007643,0.0,0.0,0.0,0.0,0.0,0.06535795,0.81474614,0.0
9,11,0.06188829,0.0,0.0,0.0,0.058007643,0.0,0.0,0.0,0.0,0.0,0.06535795,0.81474614,0.0
9,11,0.06188829,0.0,0.0,0.0,0.058007643,0.0,0.0,0.0,0.0,0.0,0.06535795,0.81474614,0.0
9,11,0.06188829,0.0,0.0,0.0,0.058007643,0.0,0.0,0.0,0.0,0.0,0.06535795,0.81474614,0.0
9,11,0.06188829,0.0,0.0,0.0,0.058007643,0.0,0.0,0.0,0.0,0.0,0.06535795,0.81474614,0.0
9,11,0.06188829,0.0,0.0,0.0,0.058007643,0.0,0.0,0.0,0.0,0.0,0.06535795,0.81474614,0.0
9,11,0.06188829,0.0,0.0,0.0,0.058007643,0.0,0.0,0.0,0.0,0.0,0.06535795,0.81474614,0.0
9,11,0.06188829,0.0,0.0,0.0,0.058007643,0.0,0.0,0.0,0.0,0.0,0.06535795,0.81474614,0.0
9,11,0.06188829,0.0,0.0,0.0,0.058007643,0.0,0.0,0.0,0.0,0.0,0.06535795,0.81474614,0.0
9,11,0.06188829,0.0,0.0,0.0,0.058007643,0.0,0.0,0.0,0.0,0.0,0.06535795,0.81474614,0.0
9,11,0.06188829,0.0,0.0,0.0,0.058007643,0.0,0.0,0.0,0.0,0.0,0.06535795,0.81474614,0.0
9,11,0.06188829,0.0,0.0,0.0,0.058007643,0.0,0.0,0.0,0.0,0.0,0.06535795,0.81474614,0.0
9,11,0.06188829,0.0,0.0,0.0,0.058007643,0.0,0.0,0.0,0.0,0.0,0.06535795,0.81474614,0.0
9,11,0.06188829,0.0,0.0,0.0,0.058007643,0.0,0.0,0.0,0.0,0.0,0.06535795,0.81474614,0.0
9,11,0.06188829,0.0,0.0,0.0,0.058007643,0.0,0.0,0.0,0.0,0.0,0.06535795,0.81474614,0.0
9,11,0.06188829,0.0,0.0,0.0,0.058007643,0.0,0.0,0.0,0.0,0.0,0.06535795,0.81474614,0.0
9,11,0.06188829,0.0,0.0,0.0,0.058007643,0.0,0.0,0.0,0.0,0.0,0.06535795,0.81474614,0.0
9,11,0.06188829,0.0,0.0,0.0,0.058007643,0.0,0.0,0.0,0.0,0.0,0.06535795,0.81474614,0.0
9,11,0.06188829,0.0,0.0,0.0,0.058007643,0.0,0.0,0.0,0.0,0.0,0.06535795,0.81474614,0.0
9,11,0.06188829,0.0,0.0,0.0,0.058007643,0.0,0.0,0.0,0.0,0.0,0.06535795,0.81474614,0.0
9,11,0.06188829,0.0,0.0,0.0,0.058007643,0.0,0.0,0.0,0.0,0.0,0.06535795,0.81474614,0.0
9,11,0.06188829,0.0,0.0,0.0,0.058007643,0.0,0.0,0.0,0.0,0.0,0.06535795,0.81474614,0.0
9,11,0.06188829,0.0,0.0,0.0,0.058007643,0.0,0.0,0.0,0.0,0.0,0.13616785,0.74393624,0.0
9,11,0.06188829,0.0,0.0,0.0,0.058007643,0.0,0.0,0.0,0.0,0.0,0.13616785,0.74393624,0.0
9,11,0.06188829,0.0,0.0,0.0,0.058007643,0.0,0.0,0.0,0.0,0.0,0.13616785,0.74393624,0.0
9,11,0.06188829,0.0,0.0,0.0,0.058007643,0.0,0.0,0.0,0.0,0.0,0.13616785,0.74393624,0.0
9,11,0.06188829,0.0,0.0,0.0,0.058007643,0.0,0.0,0.0,0.0,0.0,0.13616785,0.74393624,0.0
9,11,0.06188829,0.0,0.0,0.0,0.058007643,0.0,0.0,0.0,0.0,0.0,0.13616785,0.74393624,0.0
9,11,0.06188829,0.0,0.0,0.0,0.058007643,0.0,0.0,0.0,0.0,0.0,0.13616785,0.74393624,0.0
9,11,0.06188829,0.0,0.0,0.0,0.058007643,0.0,0.0,0.0,0.0,0.0,0.13616785,0.74393624,0.0
9,11,0.06188829,0.0,0.0,0.0,0.058007643,0.0,0.0,0.0,0.0,0.0,0.13616785,0.74393624,0.0
9,11,0.06188829,0.0,0.0,0.0,0.058007643,0.0,0.0,0.0,0.0,0.0,0.13616785,0.74393624,0.0
9,11,0.06188829,0.0,0.0,0.0,0.058007643,0.0,0.0,0.0,0.0,0.0,0.13616785,0.74393624,0.0
9,11,0.06188829,0.0,0.0,0.0,0.058007643,0.0,0.0,0.0,0.0,0.0,0.13616785,0.74393624,0.0
9,11,0.06188829,0.0,0.0,0.0,0.058007643,0.0,0.0,0.0,0.0,0.0,0.20442483,0.6756792,0.0
9,11,0.06188829,0.0,0.0,0.0,0.058007643,0.0,0.0,0.0,0.0,0.0,0.20442483,0.6756792,0.0
9,11,0.06188829,0.0,0.0,0.0,0.058007643,0.0,0.0,0.0,0.0,0.0,0.20442483,0.6756792,0.0
9,11,0.06188829,0.0,0.0,0.0,0.058007643,0.0,0.0,0.0,0.0,0.0,0.20442483,0.6756792,0.0
9,11,0.06188829,0.0,0.0,0.0,0.058007643,0.0,0.0,0.0,0.0,0.0,0.20442483,0.6756792,0.0
9,11,0.06188829,0.0,0.0,0.0,0.058007643,0.0,0.0,0.0,0.0,0.0,0.20442483,0.6756792,0.0
9,11,0.06188829,0.0,0.0,0.0,0.058007643,0.0,0.0,0.0,0.0,0.0,0.20442483,0.6756792,0.0
9,11,0.06188829,0.0,0.0,0.0,0.058007643,0.0,0.0,0.0,0.0,0.0,0.20442483,0.6756792,0.0
9,11,0.06188829,0.0,0.0,0.0,0.058007643,0.0,0.0,0.0,0.0,0.0,0.20442483,0.6756792,0.0
9,11,0.06188829,0.0,0.0,0.0,0.058007643,0.0,0.0,0.0,0.0,0.0,0.20442483,0.6756792,0.0
9,11,0.06188829,0.0,0.0,0.0,0.058007643,0.0,0.0,0.0,0.0,0.0,0.20442483,0.6756792,0.0
9,11,0.06188829,0.0,0.0,0.0,0.058007643,0.0,0.0,0.0,0.0,0.0,0.20442483,0.6756792,0.0
9,11,0.06188829,0.0,0.0,0.0,0.058007643,0.0,0.0,0.0,0.0,0.0,0.20442483,0.6756792,0.0
9,11,0.06188829,0.0,0.0,0.0,0.058007643,0.0,0.0,0.0,0.0,0.0,0.20442483,0.6756792,0.0
9,11,0.06188829,0.0,0.0,0.0,0.058007643,0.0,0.0,0.0,0.0,0.0,0.20442483,0.6756792,0.0
9,11,0.06188829,0.0,0.0,0.0,0.058007643,0.0,0.0,0.0,0.0,0.0,0.20442483,0.6756792,0.0
9,11,0.06188829,0.0,0.0,0.0,0.058007643,0.0,0.0,0.0,0.0,0.0,0.20442483,0.6756792,0.0
9,11,0.06188829,0.0,0.0,0.0,0.058007643,0.0,0.0,0.0,0.0,0.0,0.20442483,0.6756792,0.0
9,11,0.06188829,0.0,0.0,0.0,0.058007643,0.0,0.0,0.0,0.0,0.0,0.20442483,0.6756792,0.0
9,11,0.06188829,0.0,0.0,0.0,0.058007643,0.0,0.0,0.0,0.0,0.0,0.20442483,0.6756792,0.0
9,11,0.06188829,0.0,0.0,0.0,0.058007643,0.0,0.0,0.0,0.0,0.0,0.20442483,0.6756792,0.0
9,11,0.06188829,0.0,0.0,0.0,0.058007643,0.0,0.0,0.0,0.0,0.0,0.20442483,0.6756792,0.0
9,11,0.06188829,0.0,0.0,0.0,0.058007643,0.0,0.0,0.0,0.0,0.0,0.20442483,0.6756792,0.0
9,11,0.06188829,0.0,0.0,0.0,0.058007643,0.0,0.0,0.0,0.0,0.0,0.20442483,0.6756792,0.0
9,11,0.06188829,0.0,0.0,0.0,0.058007643,0.0,0.0,0.0,0.0,0.0,0.20442483,0.6756792,0.0
9,11,0.06188829,0.0,0.0,0.0,0.058007643,0.0,0.0,0.0,0.0,0.0,0.20442483,0.6756792,0.0
9,11,0.06188829,0.0,0.0,0.0,0.058007643,0.0,0.0,0.0,0.0,0.0,0.20442483,0.6756792,0.0
9,11,0.06188829,0.0,0.0,0.0,0.058007643,0.0,0.0,0.0,0.0,0.0,0.20442483,0.6756792,0.0
9,11,0.06188829,0.0,0.0,0.0,0.058007643,0.0,0.0,0.0,0.0,0.0,0.20442483,0.6756792,0.0
9,11,0.06188829,0.0,0.0,0.0,0.058007643,0.0,0.0,0.0,0.0,0.0,0.20442483,0.6756792,0.0
9,11,0.06188829,0.0,0.0,0.0,0.058007643,0.0,0.0,0.0,0.0,0.0,0.20442483,0.6756792,0.0
9,11,0.06188829,0.0,0.0,0.0,0.058007643,0.0,0.0,0.0,0.0,0.0,0.20442483,0.6756792,0.0
9,11,0.06188829,0.0,0.0,0.0,0.058007643,0.0,0.0,0.0,0.0,0.0,0.20442483,0.6756792,0.0
9,11,0.06188829,0.0,0.0,0.0,0.058007643,0.0,0.0,0.0,0.0,0.0,0.20442483,0.6756792,0.0
9,11,0.06188829,0.0,0.0,0.0,0.058007643,0.0,0.0,0.0,0.0,0.0,0.20442483,0.6756792,0.0
9,11,0.06188829,0.0,0.0,0.0,0.058007643,0.0,0.0,0.0,0.0,0.0,0.20442483,0.6756792,0.0
9,11,0.06188829,0.0,0.0,0.0,0.058007643,0.0,0.0,0.0,0.0,0.0,0.20442483,0.6756792,0.0
9,11,0.06188829,0.0,0.0,0.0,0.058007643,0.0,0.0,0.0,0.0,0.0,0.20442483,0.6756792,0.0
9,11,0.06188829,0.0,0.0,0.0,0.058007643,0.0,0.0,0.0,0.0,0.0,0.20442483,0.6756792,0.0
9,11,0.06188829,0.0,0.0,0.0,0.058007643,0.0,0.0,0.0,0.0,0.0,0.20442483,0.6756792,0.0
9,11,0.06188829,0.0,0.0,0.0,0.058007643,0.0,0.0,0.0,0.0,0.0,0.20442483,0.6756792,0.0
9,11,0.06188829,0.0,0.0,0.0,0.058007643,0.0,0.0,0.0,0.0,0.0,0.20442483,0.6756792,0.0
9,11,0.06188829,0.0,0.0,0.0,0.058007643,0.0,0.0,0.0,0.0,0.0,0.20442483,0.6756792,0.0
9,11,0.06188829,0.0,0.0,0.0,0.058007643,0.0,0.0,0.0,0.0,0.0,0.20442483,0.6756792,0.0
9,11,0.06188829,0.0,0.0,0.0,0.058007643,0.0,0.0,0.0,0.0,0.0,0.20442483,0.6756792,0.0
9,11,0.06188829,0.0,0.0,0.0,0.058007643,0.0,0.0,0.0,0.0,0.0,0.20442483,0.6756792,0.0
9,11,0.06188829,0.0,0.0,0.0,0.058007643,0.0,0.0,0.0,0.0,0.0,0.20442483,0.6756792,0.0
9,11,0.06188829,0.0,0.0,0.0,0.058007643,0.0,0.0,0.0,0.0,0.0,0.20442483,0.6756792,0.0
9,11,0.06188829,0.0,0.0,0.0,0.058007643,0.0,0.0,0.0,0.0,0.0,0.20442483,0.6756792,0.0
9,11,0.06188829,0.0,0.0,0.0,0.058007643,0.0,0.0,0.0,0.0,0.0,0.20442483,0.6756792,0.0
9,11,0.06188829,0.0,0.0,0.0,0.058007643,0.0,0.0,0.0,0.0,0.0,0.20442483,0.6756792,0.0
9,11,0.06188829,0.0,0.0,0.0,0.058007643,0.0,0.0,0.0,0.0,0.0,0.20442483,0.6756792,0.0
9,11,0.061888285,0.05690129,0.062046506,0.0,0.05800764,0.0,0.0,0.0,0.0,0.0,0.20442481,0.55673146,0.0
9,11,0.061888285,0.05690129,0.12331089,0.0,0.05800764,0.0,0.0,0.0,0.0,0.0,0.20442481,0.49546707,0.0
9,11,0.061888285,0.05690129,0.12331089,0.0,0.05800764,0.0,0.0,0.0,0.0,0.0,0.20442481,0.49546707,0.0
9,11,0.061888285,0.05690129,0.12331089,0.0,0.05800764,0.0,0.0,0.0,0.0,0.0,0.20442481,0.49546707,0.0
9,11,0.061888285,0.05690129,0.12331089,0.0,0.05800764,0.0,0.0,0.0,0.0,0.0,0.20442481,0.49546707,0.0
9,11,0.061888285,0.05690129,0.12331089,0.0,0.05800764,0.0,0.0,0.0,0.0,0.0,0.20442481,0.49546707,0.0
9,11,0.061888285,0.05690129,0.12331089,0.0,0.05800764,0.0,0.0,0.0,0.0,0.0,0.20442481,0.49546707,0.0
9,11,0.061888285,0.05690129,0.12331089,0.0,0.05800764,0.0,0.0,0.0,0.0,0.0,0.20442481,0.49546707,0.0
9,11,0.061888285,0.05690129,0.1862306,0.0,0.05800764,0.0,0.0,0.0,0.0,0.0,0.20442481,0.43254736,0.0
9,11,0.061888285,0.05690129,0.1862306,0.0,0.05800764,0.0,0.0,0.0,0.0,0.0,0.20442481,0.43254736,0.0
9,11,0.061888285,0.05690129,0.1862306,0.0,0.05800764,0.0,0.0,0.0,0.0,0.0,0.20442481,0.43254736,0.0
9,11,0.061888285,0.05690129,0.1862306,0.0,0.05800764,0.0,0.0,0.0,0.0,0.0,0.20442481,0.43254736,0.0
9,11,0.061888285,0.05690129,0.1862306,0.0,0.05800764,0.0,0.0,0.0,0.0,0.0,0.20442481,0.43254736,0.0
9,11,0.061888285,0.05690129,0.1862306,0.0,0.05800764,0.0,0.0,0.0,0.0,0.0,0.20442481,0.43254736,0.0
9,11,0.061888285,0.05690129,0.1862306,0.0,0.05800764,0.0,0.0,0.0,0.0,0.0,0.20442481,0.43254736,0.0
9,11,0.061888285,0.05690129,0.1862306,0.0,0.05800764,0.0,0.0,0.0,0.0,0.0,0.20442481,0.43254736,0.0
9,11,0.061888285,0.05690129,0.1862306,0.0,0.05800764,0.0,0.0,0.0,0.0,0.0,0.20442481,0.43254736,0.0
9,11,0.061888285,0.05690129,0.1862306,0.0,0.05800764,0.0,0.0,0.0,0.0,0.0,0.20442481,0.43254736,0.0
9,11,0.061888285,0.05690129,0.1862306,0.0,0.05800764,0.0,0.0,0.0,0.0,0.0,0.20442481,0.43254736,0.0
9,11,0.061888285,0.05690129,0.1862306,0.0,0.05800764,0.0,0.0,0.0,0.0,0.0,0.20442481,0.43254736,0.0
9,11,0.061888285,0.05690129,0.1862306,0.0,0.05800764,0.0,0.0,0.0,0.0,0.0,0.20442481,0.43254736,0.0
9,11,0.061888285,0.05690129,0.1862306,0.0,0.05800764,0.0,0.0,0.0,0.0,0.0,0.20442481,0.43254736,0.0
9,11,0.061888285,0.05690129,0.1862306,0.0,0.05800764,0.0,0.0,0.0,0.0,0.0,0.20442481,0.43254736,0.0
9,11,0.061888285,0.05690129,0.1862306,0.0,0.05800764,0.0,0.0,0.0,0.0,0.0,0.20442481,0.43254736,0.0
9,11,0.06188829,0.056901295,0.24798311,0.0,0.058007643,0.0,0.0,0.0,0.0,0.0,0.26415598,0.3110637,0.0
9,11,0.06188829,0.056901295,0.24798311,0.0,0.058007643,0.0,0.0,0.0,0.0,0.0,0.26415598,0.3110637,0.0
9,11,0.06188829,0.056901295,0.24798311,0.0,0.058007643,0.0,0.0,0.0,0.0,0.0,0.26415598,0.3110637,0.0
9,11,0.06188829,0.056901295,0.24798311,0.0,0.058007643,0.0,0.0,0.0,0.0,0.0,0.26415598,0.3110637,0.0
9,11,0.06188829,0.056901295,0.24798311,0.0,0.058007643,0.0,0.0,0.0,0.0,0.0,0.26415598,0.3110637,0.0
9,11,0.06188829,0.056901295,0.24798311,0.0,0.058007643,0.0,0.0,0.0,0.0,0.0,0.26415598,0.3110637,0.0
9,11,0.06188829,0.056901295,0.24798311,0.0,0.058007643,0.0,0.0,0.0,0.0,0.0,0.26415598,0.3110637,0.0
9,11,0.06188829,0.056901295,0.24798311,0.0,0.058007643,0.0,0.0,0.0,0.0,0.0,0.26415598,0.3110637,0.0
9,2,0.06188829,0.056901295,0.30441272,0.0,0.058007643,0.0,0.0,0.0,0.0,0.0,0.26415598,0.2546341,0.0
9,2,0.06188829,0.056901295,0.30441272,0.0,0.058007643,0.0,0.0,0.0,0.0,0.0,0.26415598,0.2546341,0.0
9,2,0.06188829,0.056901295,0.30441272,0.0,0.058007643,0.0,0.0,0.0,0.0,0.0,0.26415598,0.2546341,0.0
9,2,0.06188829,0.056901295,0.30441272,0.0,0.058007643,0.0,0.0,0.0,0.0,0.0,0.26415598,0.2546341,0.0
9,2,0.06188829,0.056901295,0.30441272,0.0,0.058007643,0.0,0.0,0.0,0.0,0.0,0.26415598,0.2546341,0.0
9,2,0.06188829,0.056901295,0.30441272,0.0,0.058007643,0.0,0.0,0.0,0.0,0.0,0.26415598,0.2546341,0.0
9,2,0.06188829,0.056901295,0.30441272,0.0,0.058007643,0.0,0.0,0.0,0.0,0.0,0.26415598,0.2546341,0.0
9,2,0.06188829,0.056901295,0.30441272,0.0,0.058007643,0.0,0.0,0.0,0.0,0.0,0.26415598,0.2546341,0.0
9,2,0.06188829,0.056901295,0.30441272,0.0,0.058007643,0.0,0.0,0.0,0.0,0.0,0.26415598,0.2546341,0.0
9,2,0.06188829,0.056901295,0.30441272,0.0,0.058007643,0.0,0.0,0.0,0.0,0.0,0.26415598,0.2546341,0.0
9,2,0.06188829,0.056901295,0.36120972,0.0,0.058007643,0.0,0.0,0.0,0.0,0.0,0.26415598,0.1978371,0.0
9,2,0.06188829,0.056901295,0.36120972,0.0,0.058007643,0.0,0.0,0.0,0.0,0.0,0.26415598,0.1978371,0.0
9,2,0.06188829,0.056901295,0.36120972,0.0,0.058007643,0.0,0.0,0.0,0.0,0.0,0.26415598,0.1978371,0.0
9,2,0.06188829,0.056901295,0.36120972,0.0,0.058007643,0.0,0.0,0.0,0.0,0.0,0.26415598,0.1978371,0.0
9,2,0.06188829,0.056901295,0.36120972,0.0,0.058007643,0.0,0.0,0.0,0.0,0.0,0.26415598,0.1978371,0.0
9,2,0.06188829,0.056901295,0.36120972,0.0,0.058007643,0.0,0.0,0.0,0.0,0.0,0.26415598,0.1978371,0.0
9,2,0.06188829,0.056901295,0.36120972,0.0,0.058007643,0.0,0.0,0.0,0.0,0.0,0.26415598,0.1978371,0.0
9,2,0.06188829,0.056901295,0.36120972,0.0,0.058007643,0.0,0.0,0.0,0.0,0.0,0.26415598,0.1978371,0.0
9,2,0.06188829,0.056901295,0.36120972,0.0,0.058007643,0.0,0.0,0.0,0.0,0.0,0.26415598,0.1978371,0.0
9,2,0.06188829,0.056901295,0.36120972,0.0,0.058007643,0.0,0.0,0.0,0.0,0.0,0.26415598,0.1978371,0.0
9,2,0.06188829,0.056901295,0.36120972,0.0,0.058007643,0.0,0.0,0.0,0.0,0.0,0.26415598,0.1978371,0.0
9,2,0.06188829,0.056901295,0.36120972,0.0,0.058007643,0.0,0.0,0.0,0.0,0.0,0.26415598,0.1978371,0.0
9,2,0.06188829,0.056901295,0.36120972,0.0,0.058007643,0.0,0.0,0.0,0.0,0.0,0.26415598,0.1978371,0.0
9,2,0.06188829,0.056901295,0.36120972,0.0,0.058007643,0.0,0.0,0.0,0.0,0.0,0.26415598,0.1978371,0.0
9,2,0.06188829,0.056901295,0.36120972,0.0,0.058007643,0.0,0.0,0.0,0.0,0.0,0.26415598,0.1978371,0.0
9,2,0.06188829,0.056901295,0.36120972,0.0,0.058007643,0.0,0.0,0.0,0.0,0.0,0.26415598,0.1978371,0.0
9,2,0.06188829,0.056901295,0.36120972,0.0,0.058007643,0.0,0.0,0.0,0.0,0.0,0.26415598,0.1978371,0.0
9,2,0.06188829,0.056901295,0.36120972,0.0,0.058007643,0.0,0.0,0.0,0.0,0.0,0.26415598,0.1978371,0.0
9,2,0.06188829,0.056901295,0.36120972,0.0,0.058007643,0.0,0.0,0.0,0.0,0.0,0.26415598,0.1978371,0.0
9,2,0.06188829,0.056901295,0.36120972,0.0,0.058007643,0.0,0.0,0.0,0.0,0.0,0.26415598,0.1978371,0.0
9,2,0.06188829,0.056901295,0.36120972,0.0,0.058007643,0.0,0.0,0.0,0.0,0.0,0.26415598,0.1978371,0.0
9,2,0.06188829,0.056901295,0.36120972,0.0,0.058007643,0.0,0.0,0.0,0.0,0.0,0.26415598,0.1978371,0.0
9,2,0.06188829,0.056901295,0.36120972,0.0,0.058007643,0.0,0.0,0.0,0.0,0.0,0.26415598,0.1978371,0.0
9,2,0.06188829,0.056901295,0.36120972,0.0,0.058007643,0.0,0.0,0.0,0.0,0.0,0.26415598,0.1978371,0.0
9,2,0.06188829,0.056901295,0.36120972,0.0,0.058007643,0.0,0.0,0.0,0.0,0.0,0.26415598,0.1978371,0.0
9,2,0.06188829,0.056901295,0.36120972,0.0,0.058007643,0.0,0.0,0.0,0.0,0.0,0.26415598,0.1978371,0.0
9,2,0.06188829,0.056901295,0.36120972,0.0,0.058007643,0.0,0.0,0.0,0.0,0.0,0.26415598,0.1978371,0.0
9,2,0.06188829,0.056901295,0.36120972,0.0,0.058007643,0.0,0.0,0.0,0.0,0.0,0.26415598,0.1978371,0.0
9,2,0.06188829,0.056901295,0.36120972,0.0,0.058007643,0.0,0.0,0.0,0.0,0.0,0.26415598,0.1978371,0.0
9,2,0.06188829,0.056901295,0.36120972,0.0,0.058007643,0.0,0.0,0.0,0.0,0.0,0.26415598,0.1978371,0.0
9,2,0.06188829,0.056901295,0.36120972,0.0,0.058007643,0.0,0.0,0.0,0.0,0.0,0.26415598,0.1978371,0.0
9,2,0.06188829,0.056901295,0.36120972,0.0,0.058007643,0.0,0.0,0.0,0.0,0.0,0.26415598,0.1978371,0.0
9,2,0.06188829,0.056901295,0.36120972,0.0,0.058007643,0.0,0.0,0.0,0.0,0.0,0.26415598,0.1978371,0.0
9,2,0.06188829,0.056901295,0.36120972,0.0,0.058007643,0.0,0.0,0.0,0.0,0.0,0.26415598,0.1978371,0.0
9,2,0.06188829,0.056901295,0.36120972,0.0,0.058007643,0.0,0.0,0.0,0.0,0.0,0.26415598,0.1978371,0.0
9,2,0.06188829,0.056901295,0.36120972,0.0,0.058007643,0.0,0.0,0.0,0.0,0.0,0.26415598,0.1978371,0.0
9,2,0.06188829,0.056901295,0.36120972,0.0,0.058007643,0.0,0.0,0.0,0.0,0.0,0.26415598,0.1978371,0.0
9,2,0.06188829,0.056901295,0.36120972,0.0,0.058007643,0.0,0.0,0.0,0.0,0.0,0.26415598,0.1978371,0.0
9,2,0.06188829,0.056901295,0.36120972,0.0,0.058007643,0.0,0.0,0.0,0.0,0.0,0.26415598,0.1978371,0.0
9,2,0.06188829,0.056901295,0.36120972,0.0,0.058007643,0.0,0.0,0.0,0.0,0.0,0.26415598,0.1978371,0.0
9,2,0.06188829,0.056901295,0.36120972,0.0,0.058007643,0.0,0.0,0.0,0.0,0.0,0.26415598,0.1978371,0.0
9,2,0.06188829,0.056901295,0.36120972,0.0,0.058007643,0.0,0.0,0.0,0.0,0.0,0.26415598,0.1978371,0.0
9,2,0.06188829,0.056901295,0.42627338,0.0,0.058007643,0.0,0.0,0.0,0.0,0.0,0.26415598,0.13277347,0.0
9,2,0.06188829,0.056901295,0.42627338,0.0,0.058007643,0.0,0.0,0.0,0.0,0.0,0.26415598,0.13277347,0.0
9,2,0.06188829,0.056901295,0.42627338,0.0,0.058007643,0.0,0.0,0.0,0.0,0.0,0.26415598,0.13277347,0.0
9,2,0.06188829,0.056901295,0.42627338,0.0,0.058007643,0.0,0.0,0.0,0.0,0.0,0.26415598,0.13277347,0.0
9,2,0.06188829,0.056901295,0.42627338,0.0,0.058007643,0.0,0.0,0.0,0.0,0.0,0.26415598,0.13277347,0.0
9,2,0.06188829,0.056901295,0.42627338,0.0,0.058007643,0.0,0.0,0.0,0.0,0.0,0.26415598,0.13277347,0.0
9,2,0.06188829,0.056901295,0.42627338,0.0,0.058007643,0.0,0.0,0.0,0.0,0.0,0.26415598,0.13277347,0.0
9,2,0.06188829,0.056901295,0.42627338,0.0,0.058007643,0.0,0.0,0.0,0.0,0.0,0.26415598,0.13277347,0.0
9,2,0.06188829,0.056901295,0.42627338,0.0,0.058007643,0.0,0.0,0.0,0.0,0.0,0.26415598,0.13277347,0.0
9,2,0.06188829,0.056901295,0.42627338,0.0,0.058007643,0.0,0.0,0.0,0.0,0.0,0.26415598,0.13277347,0.0
9,2,0.06188829,0.056901295,0.42627338,0.0,0.058007643,0.0,0.0,0.0,0.0,0.0,0.26415598,0.13277347,0.0
9,2,0.06188829,0.056901295,0.42627338,0.0,0.058007643,0.0,0.0,0.0,0.0,0.0,0.26415598,0.13277347,0.0
9,2,0.06188829,0.056901295,0.42627338,0.0,0.058007643,0.0,0.0,0.0,0.0,0.0,0.26415598,0.13277347,0.0
9,2,0.06188829,0.056901295,0.42627338,0.0,0.058007643,0.0,0.0,0.0,0.0,0.0,0.26415598,0.13277347,0.0
9,2,0.06188829,0.056901295,0.42627338,0.0,0.058007643,0.0,0.0,0.0,0.0,0.0,0.26415598,0.13277347,0.0
9,2,0.06188829,0.056901295,0.42627338,0.0,0.058007643,0.0,0.0,0.0,0.0,0.0,0.26415598,0.13277347,0.0
9,2,0.06188829,0.056901295,0.42627338,0.0,0.058007643,0.0,0.0,0.0,0.0,0.0,0.26415598,0.13277347,0.0
9,2,0.06188829,0.056901295,0.42627338,0.0,0.058007643,0.0,0.0,0.0,0.0,0.0,0.26415598,0.13277347,0.0
9,2,0.06188829,0.056901295,0.42627338,0.0,0.058007643,0.0,0.0,0.0,0.0,0.0,0.26415598,0.13277347,0.0
9,2,0.06188829,0.056901295,0.42627338,0.0,0.058007643,0.0,0.0,0.0,0.0,0.0,0.26415598,0.13277347,0.0
9,2,0.06188829,0.056901295,0.42627338,0.0,0.058007643,0.0,0.0,0.0,0.0,0.0,0.26415598,0.13277347,0.0
9,2,0.06188829,0.056901295,0.42627338,0.0,0.058007643,0.0,0.0,0.0,0.0,0.0,0.26415598,0.13277347,0.0
9,2,0.06188829,0.056901295,0.42627338,0.0,0.058007643,0.0,0.0,0.0,0.0,0.0,0.26415598,0.13277347,0.0
9,2,0.06188829,0.056901295,0.42627338,0.0,0.058007643,0.0,0.0,0.0,0.0,0.0,0.26415598,0.13277347,0.0
9,2,0.06188829,0.056901295,0.42627338,0.0,0.058007643,0.0,0.0,0.0,0.0,0.0,0.26415598,0.13277347,0.0
9,2,0.06188829,0.056901295,0.42627338,0.0,0.058007643,0.0,0.0,0.0,0.0,0.0,0.26415598,0.13277347,0.0
9,2,0.06188829,0.056901295,0.42627338,0.0,0.058007643,0.0,0.0,0.0,0.0,0.0,0.26415598,0.13277347,0.0
9,2,0.06188829,0.056901295,0.42627338,0.0,0.058007643,0.0,0.0,0.0,0.0,0.0,0.26415598,0.13277347,0.0
9,2,0.06188829,0.056901295,0.42627338,0.0,0.058007643,0.0,0.0,0.0,0.0,0.0,0.26415598,0.13277347,0.0
9,2,0.06188829,0.056901295,0.42627338,0.0,0.058007643,0.0,0.0,0.0,0.0,0.0,0.26415598,0.13277347,0.0
9,2,0.06188829,0.056901295,0.42627338,0.0,0.058007643,0.0,0.0,0.0,0.0,0.0,0.26415598,0.13277347,0.0
9,2,0.06188829,0.056901295,0.42627338,0.0,0.058007643,0.0,0.0,0.0,0.0,0.0,0.26415598,0.13277347,0.0
9,2,0.06188829,0.056901295,0.42627338,0.0,0.058007643,0.0,0.0,0.0,0.0,0.0,0.26415598,0.13277347,0.0
9,2,0.06188829,0.056901295,0.42627338,0.0,0.058007643,0.0,0.0,0.0,0.0,0.0,0.26415598,0.13277347,0.0
9,2,0.06188829,0.056901295,0.42627338,0.0,0.058007643,0.0,0.0,0.0,0.0,0.0,0.26415598,0.13277347,0.0
9,2,0.06188829,0.056901295,0.42627338,0.0,0.058007643,0.0,0.0,0.0,0.0,0.0,0.26415598,0.13277347,0.0
9,2,0.06188829,0.056901295,0.42627338,0.0,0.058007643,0.0,0.0,0.0,0.0,0.0,0.26415598,0.13277347,0.0
9,2,0.06188829,0.056901295,0.42627338,0.0,0.058007643,0.0,0.0,0.0,0.0,0.0,0.26415598,0.13277347,0.0
9,2,0.06188829,0.056901295,0.42627338,0.0,0.058007643,0.0,0.0,0.0,0.0,0.0,0.26415598,0.13277347,0.0
9,2,0.06188829,0.056901295,0.42627338,0.0,0.058007643,0.0,0.0,0.0,0.0,0.0,0.26415598,0.13277347,0.0
9,2,0.06188829,0.056901295,0.42627338,0.0,0.058007643,0.0,0.0,0.0,0.0,0.0,0.26415598,0.13277347,0.0
9,2,0.06188829,0.056901295,0.42627338,0.0,0.058007643,0.0,0.0,0.0,0.0,0.0,0.26415598,0.13277347,0.0
9,2,0.06188829,0.056901295,0.42627338,0.0,0.058007643,0.0,0.0,0.0,0.0,0.0,0.26415598,0.13277347,0.0
9,2,0.06188829,0.056901295,0.42627338,0.0,0.058007643,0.0,0.0,0.0,0.0,0.0,0.26415598,0.13277347,0.0
9,2,0.06188829,0.056901295,0.42627338,0.0,0.058007643,0.0,0.0,0.0,0.0,0.0,0.26415598,0.13277347,0.0
9,2,0.06188829,0.056901295,0.42627338,0.0,0.058007643,0.0,0.0,0.0,0.0,0.0,0.26415598,0.13277347,0.0
9,2,0.06188829,0.056901295,0.42627338,0.0,0.058007643,0.0,0.0,0.0,0.0,0.0,0.26415598,0.13277347,0.0
9,2,0.06188829,0.056901295,0.42627338,0.0,0.058007643,0.0,0.0,0.0,0.0,0.0,0.26415598,0.13277347,0.0
9,2,0.06188829,0.056901295,0.42627338,0.0,0.058007643,0.0,0.0,0.0,0.0,0.0,0.26415598,0.13277347,0.0
9,2,0.06188829,0.056901295,0.42627338,0.0,0.058007643,0.0,0.0,0.0,0.0,0.0,0.26415598,0.13277347,0.0
9,2,0.06188829,0.056901295,0.42627338,0.0,0.058007643,0.0,0.0,0.0,0.0,0.0,0.26415598,0.13277347,0.0
9,2,0.06188829,0.056901295,0.42627338,0.0,0.058007643,0.0,0.0,0.0,0.0,0.0,0.26415598,0.13277347,0.0
9,2,0.06188829,0.056901295,0.42627338,0.0,0.058007643,0.0,0.0,0.0,0.0,0.0,0.26415598,0.13277347,0.0
9,2,0.06188829,0.056901295,0.42627338,0.0,0.058007643,0.0,0.0,0.0,0.0,0.0,0.26415598,0.13277347,0.0
9,2,0.06188829,0.056901295,0.42627338,0.0,0.058007643,0.0,0.0,0.0,0.0,0.0,0.26415598,0.13277347,0.0
9,2,0.06188829,0.056901295,0.42627338,0.0,0.058007643,0.0,0.0,0.0,0.0,0.0,0.26415598,0.13277347,0.0
9,2,0.06188829,0.056901295,0.42627338,0.0,0.058007643,0.0,0.0,0.0,0.0,0.0,0.26415598,0.13277347,0.0
9,2,0.06188829,0.056901295,0.42627338,0.0,0.058007643,0.0,0.0,0.0,0.0,0.0,0.26415598,0.13277347,0.0
9,2,0.06188829,0.056901295,0.42627338,0.0,0.058007643,0.0,0.0,0.0,0.0,0.0,0.26415598,0.13277347,0.0
9,2,0.06188829,0.056901295,0.42627338,0.0,0.058007643,0.0,0.0,0.0,0.0,0.0,0.26415598,0.13277347,0.0
9,2,0.06188829,0.056901295,0.42627338,0.0,0.058007643,0.0,0.0,0.0,0.0,0.0,0.26415598,0.13277347,0.0
9,2,0.06188829,0.056901295,0.42627338,0.0,0.058007643,0.0,0.0,0.0,0.0,0.0,0.26415598,0.13277347,0.0
9,2,0.06188829,0.056901295,0.42627338,0.0,0.058007643,0.0,0.0,0.0,0.0,0.0,0.26415598,0.13277347,0.0
9,2,0.06188829,0.056901295,0.42627338,0.0,0.058007643,0.0,0.0,0.0,0.0,0.0,0.26415598,0.13277347,0.0
9,2,0.06188829,0.056901295,0.42627338,0.0,0.058007643,0.0,0.0,0.0,0.0,0.0,0.26415598,0.13277347,0.0
9,2,0.06188829,0.056901295,0.42627338,0.0,0.058007643,0.0,0.0,0.0,0.0,0.0,0.26415598,0.13277347,0.0
9,2,0.06188829,0.056901295,0.42627338,0.0,0.058007643,0.0,0.0,0.0,0.0,0.0,0.26415598,0.13277347,0.0
9,2,0.06188829,0.056901295,0.42627338,0.0,0.058007643,0.0,0.0,0.0,0.0,0.0,0.26415598,0.13277347,0.0
9,2,0.06188829,0.056901295,0.42627338,0.0,0.058007643,0.0,0.0,0.0,0.0,0.0,0.26415598,0.13277347,0.0
9,2,0.06188829,0.056901295,0.42627338,0.0,0.058007643,0.0,0.0,0.0,0.0,0.0,0.26415598,0.13277347,0.0
9,2,0.06188829,0.056901295,0.42627338,0.0,0.058007643,0.0,0.0,0.0,0.0,0.0,0.26415598,0.13277347,0.0
9,2,0.06188829,0.056901295,0.42627338,0.0,0.058007643,0.0,0.0,0.0,0.0,0.0,0.26415598,0.13277347,0.0
9,2,0.06188829,0.056901295,0.42627338,0.0,0.058007643,0.0,0.0,0.0,0.0,0.0,0.26415598,0.13277347,0.0
9,2,0.06188829,0.056901295,0.42627338,0.0,0.058007643,0.0,0.0,0.0,0.0,0.0,0.26415598,0.13277347,0.0
9,2,0.06188829,0.056901295,0.42627338,0.0,0.058007643,0.0,0.0,0.0,0.0,0.0,0.26415598,0.13277347,0.0
9,2,0.06188829,0.056901295,0.42627338,0.0,0.058007643,0.0,0.0,0.0,0.0,0.0,0.26415598,0.13277347,0.0
9,2,0.06188829,0.056901295,0.42627338,0.0,0.058007643,0.0,0.0,0.0,0.0,0.0,0.26415598,0.13277347,0.0
9,2,0.06188829,0.056901295,0.42627338,0.0,0.058007643,0.0,0.0,0.0,0.0,0.0,0.26415598,0.13277347,0.0
9,2,0.06188829,0.056901295,0.42627338,0.0,0.058007643,0.0,0.0,0.0,0.0,0.0,0.26415598,0.13277347,0.0
9,2,0.06188829,0.056901295,0.42627338,0.0,0.058007643,0.0,0.0,0.0,0.0,0.0,0.26415598,0.13277347,0.0
9,2,0.06188829,0.056901295,0.42627338,0.0,0.058007643,0.0,0.0,0.0,0.0,0.0,0.26415598,0.13277347,0.0
9,2,0.06188829,0.056901295,0.42627338,0.0,0.058007643,0.0,0.0,0.0,0.0,0.0,0.26415598,0.13277347,0.0
9,2,0.06188829,0.056901295,0.42627338,0.0,0.058007643,0.0,0.0,0.0,0.0,0.0,0.26415598,0.13277347,0.0
9,2,0.06188829,0.056901295,0.42627338,0.0,0.058007643,0.0,0.0,0.0,0.0,0.0,0.26415598,0.13277347,0.0
9,2,0.06188829,0.056901295,0.42627338,0.0,0.058007643,0.0,0.0,0.0,0.0,0.0,0.26415598,0.13277347,0.0
9,2,0.06188829,0.056901295,0.42627338,0.0,0.058007643,0.0,0.0,0.0,0.0,0.0,0.26415598,0.13277347,0.0
9,2,0.06188829,0.056901295,0.42627338,0.0,0.058007643,0.0,0.0,0.0,0.0,0.0,0.26415598,0.13277347,0.0
9,2,0.06188829,0.056901295,0.42627338,0.0,0.058007643,0.0,0.0,0.0,0.0,0.0,0.26415598,0.13277347,0.0
9,2,0.06188829,0.056901295,0.42627338,0.0,0.058007643,0.0,0.0,0.0,0.0,0.0,0.26415598,0.13277347,0.0
9,2,0.06188829,0.056901295,0.42627338,0.0,0.058007643,0.0,0.0,0.0,0.0,0.0,0.26415598,0.13277347,0.0
9,2,0.06188829,0.056901295,0.42627338,0.0,0.058007643,0.0,0.0,0.0,0.0,0.0,0.26415598,0.13277347,0.0
9,2,0.06188829,0.056901295,0.42627338,0.0,0.058007643,0.0,0.0,0.0,0.0,0.0,0.26415598,0.13277347,0.0
9,2,0.06188829,0.056901295,0.42627338,0.0,0.058007643,0.0,0.0,0.0,0.0,0.0,0.26415598,0.13277347,0.0
9,2,0.06188829,0.056901295,0.42627338,0.0,0.058007643,0.0,0.0,0.0,0.0,0.0,0.26415598,0.13277347,0.0
9,2,0.06188829,0.056901295,0.42627338,0.0,0.058007643,0.0,0.0,0.0,0.0,0.0,0.26415598,0.13277347,0.0
9,2,0.06188829,0.056901295,0.42627338,0.0,0.058007643,0.0,0.0,0.0,0.0,0.0,0.26415598,0.13277347,0.0
9,2,0.06188829,0.056901295,0.42627338,0.0,0.058007643,0.0,0.0,0.0,0.0,0.0,0.26415598,0.13277347,0.0
9,2,0.06188829,0.056901295,0.42627338,0.0,0.058007643,0.0,0.0,0.0,0.0,0.0,0.26415598,0.13277347,0.0
9,2,0.06188829,0.056901295,0.42627338,0.0,0.058007643,0.0,0.0,0.0,0.0,0.0,0.26415598,0.13277347,0.0
9,2,0.06188829,0.056901295,0.42627338,0.0,0.058007643,0.0,0.0,0.0,0.0,0.0,0.26415598,0.13277347,0.0
9,2,0.06188829,0.056901295,0.42627338,0.0,0.058007643,0.0,0.0,0.0,0.0,0.0,0.26415598,0.13277347,0.0
9,2,0.06188829,0.056901295,0.42627338,0.0,0.058007643,0.0,0.0,0.0,0.0,0.0,0.26415598,0.13277347,0.0
9,2,0.06188829,0.056901295,0.42627338,0.0,0.058007643,0.0,0.0,0.0,0.0,0.0,0.26415598,0.13277347,0.0
9,2,0.06188829,0.056901295,0.42627338,0.0,0.058007643,0.0,0.0,0.0,0.0,0.0,0.26415598,0.13277347,0.0
9,2,0.06188829,0.056901295,0.42627338,0.0,0.058007643,0.0,0.0,0.0,0.0,0.0,0.26415598,0.13277347,0.0
9,2,0.06188829,0.056901295,0.42627338,0.0,0.058007643,0.0,0.0,0.0,0.0,0.0,0.26415598,0.13277347,0.0
9,2,0.06188829,0.056901295,0.42627338,0.0,0.058007643,0.0,0.0,0.0,0.0,0.0,0.26415598,0.13277347,0.0
9,2,0.06188829,0.056901295,0.42627338,0.0,0.058007643,0.0,0.0,0.0,0.0,0.0,0.26415598,0.13277347,0.0
9,2,0.06188829,0.056901295,0.42627338,0.0,0.058007643,0.0,0.0,0.0,0.0,0.0,0.26415598,0.13277347,0.0
9,2,0.06188829,0.056901295,0.42627338,0.0,0.058007643,0.0,0.0,0.0,0.0,0.0,0.26415598,0.13277347,0.0
9,2,0.06188829,0.056901295,0.42627338,0.0,0.058007643,0.0,0.0,0.0,0.0,0.0,0.26415598,0.13277347,0.0
9,2,0.06188829,0.056901295,0.42627338,0.0,0.058007643,0.0,0.0,0.0,0.0,0.0,0.26415598,0.13277347,0.0
9,2,0.06188829,0.056901295,0.42627338,0.0,0.058007643,0.0,0.0,0.0,0.0,0.0,0.26415598,0.13277347,0.0
9,2,0.06188829,0.056901295,0.42627338,0.0,0.058007643,0.0,0.0,0.0,0.0,0.0,0.26415598,0.13277347,0.0
9,2,0.06188829,0.056901295,0.42627338,0.0,0.058007643,0.0,0.0,0.0,0.0,0.0,0.26415598,0.13277347,0.0
9,2,0.06188829,0.056901295,0.42627338,0.0,0.058007643,0.0,0.0,0.0,0.0,0.0,0.26415598,0.13277347,0.0
9,2,0.06188829,0.056901295,0.42627338,0.0,0.058007643,0.0,0.0,0.0,0.0,0.0,0.26415598,0.13277347,0.0
9,2,0.06188829,0.056901295,0.42627338,0.0,0.058007643,0.0,0.0,0.0,0.0,0.0,0.26415598,0.13277347,0.0
9,2,0.06188829,0.056901295,0.42627338,0.0,0.058007643,0.0,0.0,0.0,0.0,0.0,0.26415598,0.13277347,0.0
9,2,0.06188829,0.056901295,0.42627338,0.0,0.058007643,0.0,0.0,0.0,0.0,0.0,0.26415598,0.13277347,0.0
9,2,0.06188829,0.056901295,0.42627338,0.0,0.058007643,0.0,0.0,0.0,0.0,0.0,0.26415598,0.13277347,0.0
9,2,0.06188829,0.056901295,0.42627338,0.0,0.058007643,0.0,0.0,0.0,0.0,0.0,0.26415598,0.13277347,0.0
9,2,0.06188829,0.056901295,0.42627338,0.0,0.058007643,0.0,0.0,0.0,0.0,0.0,0.26415598,0.13277347,0.0
9,2,0.06188829,0.056901295,0.42627338,0.0,0.058007643,0.0,0.0,0.0,0.0,0.0,0.26415598,0.13277347,0.0
9,2,0.06188829,0.056901295,0.42627338,0.0,0.058007643,0.0,0.0,0.0,0.0,0.0,0.26415598,0.13277347,0.0
9,2,0.06188829,0.056901295,0.42627338,0.0,0.058007643,0.0,0.0,0.0,0.0,0.0,0.26415598,0.13277347,0.0
9,2,0.06188829,0.056901295,0.42627338,0.0,0.058007643,0.0,0.0,0.0,0.0,0.0,0.26415598,0.13277347,0.0
9,2,0.061888285,0.05690129,0.42627335,0.0,0.05800764,0.0,0.0,0.0,0.0,0.0,0.19589898,0.20103046,0.0
9,2,0.061888285,0.05690129,0.42627335,0.0,0.05800764,0.0,0.0,0.0,0.0,0.0,0.19589898,0.20103046,0.0
9,2,0.061888285,0.05690129,0.42627335,0.0,0.05800764,0.0,0.0,0.0,0.0,0.0,0.19589898,0.20103046,0.0
9,2,0.061888285,0.05690129,0.42627335,0.0,0.05800764,0.0,0.0,0.0,0.0,0.0,0.19589898,0.20103046,0.0
9,2,0.061888285,0.05690129,0.42627335,0.0,0.05800764,0.0,0.0,0.0,0.0,0.0,0.19589898,0.20103046,0.0
9,2,0.061888285,0.05690129,0.42627335,0.0,0.05800764,0.0,0.0,0.0,0.0,0.0,0.19589898,0.20103046,0.0
9,2,0.061888285,0.05690129,0.42627335,0.0,0.05800764,0.0,0.0,0.0,0.0,0.0,0.19589898,0.20103046,0.0
9,2,0.061888285,0.05690129,0.42627335,0.0,0.05800764,0.0,0.0,0.0,0.0,0.0,0.19589898,0.20103046,0.0
9,2,0.061888285,0.05690129,0.42627335,0.0,0.05800764,0.0,0.0,0.0,0.0,0.0,0.19589898,0.20103046,0.0
9,2,0.061888285,0.05690129,0.42627335,0.0,0.05800764,0.0,0.0,0.0,0.0,0.0,0.19589898,0.20103046,0.0
9,2,0.061888285,0.05690129,0.42627335,0.0,0.05800764,0.0,0.0,0.0,0.0,0.0,0.19589898,0.20103046,0.0
9,2,0.061888285,0.05690129,0.42627335,0.0,0.05800764,0.0,0.0,0.0,0.0,0.0,0.19589898,0.20103046,0.0
9,2,0.061888285,0.05690129,0.42627335,0.0,0.05800764,0.0,0.0,0.0,0.0,0.0,0.19589898,0.20103046,0.0
9,2,0.061888285,0.05690129,0.42627335,0.0,0.05800764,0.0,0.0,0.0,0.0,0.0,0.19589898,0.20103046,0.0
9,2,0.061888285,0.05690129,0.42627335,0.0,0.05800764,0.0,0.0,0.0,0.0,0.0,0.19589898,0.20103046,0.0
9,2,0.061888285,0.05690129,0.42627335,0.0,0.05800764,0.0,0.0,0.0,0.0,0.0,0.19589898,0.20103046,0.0
9,2,0.061888285,0.05690129,0.42627335,0.0,0.05800764,0.0,0.0,0.0,0.0,0.0,0.19589898,0.20103046,0.0
9,2,0.061888285,0.05690129,0.42627335,0.0,0.05800764,0.0,0.0,0.0,0.0,0.0,0.19589898,0.20103046,0.0
9,2,0.061888285,0.05690129,0.42627335,0.0,0.05800764,0.0,0.0,0.0,0.0,0.0,0.19589898,0.20103046,0.0
9,2,0.061888285,0.05690129,0.42627335,0.0,0.05800764,0.0,0.0,0.0,0.0,0.0,0.19589898,0.20103046,0.0
9,2,0.061888285,0.05690129,0.42627335,0.0,0.05800764,0.0,0.0,0.0,0.0,0.0,0.19589898,0.20103046,0.0
9,2,0.061888285,0.05690129,0.42627335,0.0,0.05800764,0.0,0.0,0.0,0.0,0.0,0.19589898,0.20103046,0.0
9,2,0.061888285,0.05690129,0.42627335,0.0,0.05800764,0.0,0.0,0.0,0.0,0.0,0.19589898,0.20103046,0.0
9,2,0.061888285,0.05690129,0.42627335,0.0,0.05800764,0.0,0.0,0.0,0.0,0.0,0.19589898,0.20103046,0.0
9,2,0.061888285,0.05690129,0.42627335,0.0,0.05800764,0.0,0.0,0.0,0.0,0.0,0.19589898,0.20103046,0.0
9,2,0.061888285,0.05690129,0.42627335,0.0,0.05800764,0.0,0.0,0.0,0.0,0.0,0.19589898,0.20103046,0.0
9,2,0.061888285,0.05690129,0.42627335,0.0,0.05800764,0.0,0.0,0.0,0.0,0.0,0.19589898,0.20103046,0.0
9,2,0.061888285,0.05690129,0.42627335,0.0,0.05800764,0.0,0.0,0.0,0.0,0.0,0.19589898,0.20103046,0.0
9,2,0.061888285,0.05690129,0.42627335,0.0,0.05800764,0.0,0.0,0.0,0.0,0.0,0.19589898,0.20103046,0.0
9,2,0.061888285,0.05690129,0.42627335,0.0,0.05800764,0.0,0.0,0.0,0.0,0.0,0.19589898,0.20103046,0.0
9,2,0.061888285,0.05690129,0.42627335,0.0,0.05800764,0.0,0.0,0.0,0.0,0.0,0.19589898,0.20103046,0.0
9,2,0.061888285,0.05690129,0.42627335,0.0,0.05800764,0.0,0.0,0.0,0.0,0.0,0.19589898,0.20103046,0.0
9,2,0.061888285,0.05690129,0.42627335,0.0,0.05800764,0.0,0.0,0.0,0.0,0.0,0.19589898,0.20103046,0.0
9,2,0.061888285,0.05690129,0.42627335,0.0,0.05800764,0.0,0.0,0.0,0.0,0.0,0.19589898,0.20103046,0.0
9,2,0.061888285,0.05690129,0.42627335,0.0,0.05800764,0.0,0.0,0.0,0.0,0.0,0.19589898,0.20103046,0.0
9,2,0.061888285,0.05690129,0.42627335,0.0,0.05800764,0.0,0.0,0.0,0.0,0.0,0.19589898,0.20103046,0.0
9,2,0.061888285,0.05690129,0.42627335,0.0,0.05800764,0.0,0.0,0.0,0.0,0.0,0.19589898,0.20103046,0.0
9,2,0.061888285,0.05690129,0.42627335,0.0,0.05800764,0.0,0.0,0.0,0.0,0.0,0.19589898,0.20103046,0.0
9,2,0.061888285,0.05690129,0.42627335,0.0,0.05800764,0.0,0.0,0.0,0.0,0.0,0.19589898,0.20103046,0.0
9,2,0.061888285,0.05690129,0.42627335,0.0,0.05800764,0.0,0.0,0.0,0.0,0.0,0.19589898,0.20103046,0.0
9,2,0.061888285,0.05690129,0.42627335,0.0,0.05800764,0.0,0.0,0.0,0.0,0.0,0.19589898,0.20103046,0.0
9,2,0.061888285,0.05690129,0.42627335,0.0,0.05800764,0.0,0.0,0.0,0.0,0.0,0.19589898,0.20103046,0.0
9,2,0.061888285,0.05690129,0.42627335,0.0,0.05800764,0.0,0.0,0.0,0.0,0.0,0.19589898,0.20103046,0.0
9,2,0.061888285,0.05690129,0.42627335,0.0,0.05800764,0.0,0.0,0.0,0.0,0.0,0.19589898,0.20103046,0.0
9,2,0.061888285,0.05690129,0.42627335,0.0,0.05800764,0.0,0.0,0.0,0.0,0.0,0.19589898,0.20103046,0.0
9,2,0.061888285,0.05690129,0.42627335,0.0,0.05800764,0.0,0.0,0.0,0.0,0.0,0.19589898,0.20103046,0.0
9,2,0.061888285,0.05690129,0.42627335,0.0,0.05800764,0.0,0.0,0.0,0.0,0.0,0.19589898,0.20103046,0.0
9,2,0.061888285,0.05690129,0.42627335,0.0,0.05800764,0.0,0.0,0.0,0.0,0.0,0.19589898,0.20103046,0.0
9,2,0.061888285,0.05690129,0.42627335,0.0,0.05800764,0.0,0.0,0.0,0.0,0.0,0.19589898,0.20103046,0.0
9,11,0.061888292,0.0569013,0.29916322,0.0,0.058007646,0.0,0.0,0.0,0.0,0.0,0.195899,0.3281406,0.0
9,11,0.061888292,0.0569013,0.29916322,0.0,0.058007646,0.0,0.0,0.0,0.0,0.0,0.195899,0.3281406,0.0
9,11,0.061888292,0.0569013,0.29916322,0.0,0.058007646,0.0,0.0,0.0,0.0,0.0,0.195899,0.3281406,0.0
9,11,0.061888292,0.0569013,0.29916322,0.0,0.058007646,0.0,0.0,0.0,0.0,0.0,0.195899,0.3281406,0.0
9,11,0.061888292,0.0569013,0.29916322,0.0,0.058007646,0.0,0.0,0.0,0.0,0.0,0.195899,0.3281406,0.0
9,11,0.061888292,0.0569013,0.29916322,0.0,0.058007646,0.0,0.0,0.0,0.0,0.0,0.195899,0.3281406,0.0
9,11,0.061888292,0.0569013,0.29916322,0.0,0.058007646,0.0,0.0,0.0,0.0,0.0,0.195899,0.3281406,0.0
9,11,0.061888292,0.0569013,0.29916322,0.0,0.058007646,0.0,0.0,0.0,0.0,0.0,0.195899,0.3281406,0.0
9,11,0.061888292,0.0569013,0.29916322,0.0,0.058007646,0.0,0.0,0.0,0.0,0.0,0.195899,0.3281406,0.0
9,11,0.061888292,0.0569013,0.29916322,0.0,0.058007646,0.0,0.0,0.0,0.0,0.0,0.195899,0.3281406,0.0
9,11,0.061888292,0.0569013,0.29916322,0.0,0.058007646,0.0,0.0,0.0,0.0,0.0,0.195899,0.3281406,0.0
9,11,0.061888292,0.0569013,0.29916322,0.0,0.058007646,0.0,0.0,0.0,0.0,0.0,0.195899,0.3281406,0.0
9,11,0.061888292,0.0569013,0.29916322,0.0,0.058007646,0.0,0.0,0.0,0.0,0.0,0.195899,0.3281406,0.0
9,11,0.061888292,0.0569013,0.29916322,0.0,0.058007646,0.0,0.0,0.0,0.0,0.0,0.195899,0.3281406,0.0
9,11,0.061888292,0.0569013,0.29916322,0.0,0.058007646,0.0,0.0,0.0,0.0,0.0,0.195899,0.3281406,0.0
9,11,0.061888292,0.0569013,0.29916322,0.0,0.058007646,0.0,0.0,0.0,0.0,0.0,0.195899,0.3281406,0.0
9,11,0.061888292,0.0569013,0.29916322,0.0,0.058007646,0.0,0.0,0.0,0.0,0.0,0.195899,0.3281406,0.0
9,11,0.061888292,0.0569013,0.29916322,0.0,0.058007646,0.0,0.0,0.0,0.0,0.0,0.195899,0.3281406,0.0
9,11,0.061888292,0.0569013,0.29916322,0.0,0.058007646,0.0,0.0,0.0,0.0,0.0,0.195899,0.3281406,0.0
9,11,0.061888292,0.0569013,0.29916322,0.0,0.058007646,0.0,0.0,0.0,0.0,0.0,0.195899,0.3281406,0.0
9,11,0.061888285,0.05690129,0.2991632,0.0,0.05800764,0.0,0.0,0.0,0.0,0.0,0.13616784,0.3878717,0.0
9,11,0.061888285,0.05690129,0.2991632,0.0,0.05800764,0.0,0.0,0.0,0.0,0.0,0.13616784,0.3878717,0.0
9,11,0.061888285,0.05690129,0.2991632,0.0,0.05800764,0.0,0.0,0.0,0.0,0.0,0.13616784,0.3878717,0.0
9,11,0.061888285,0.05690129,0.2991632,0.0,0.05800764,0.0,0.0,0.0,0.0,0.0,0.13616784,0.3878717,0.0
9,11,0.061888285,0.05690129,0.2991632,0.0,0.05800764,0.0,0.0,0.0,0.0,0.0,0.13616784,0.3878717,0.0
9,11,0.061888285,0.05690129,0.2991632,0.0,0.05800764,0.0,0.0,0.0,0.0,0.0,0.13616784,0.3878717,0.0
9,11,0.061888285,0.05690129,0.2991632,0.0,0.05800764,0.0,0.0,0.0,0.0,0.0,0.13616784,0.3878717,0.0
9,11,0.061888285,0.05690129,0.2991632,0.0,0.05800764,0.0,0.0,0.0,0.0,0.0,0.13616784,0.3878717,0.0
9,11,0.061888285,0.05690129,0.2991632,0.0,0.05800764,0.0,0.0,0.0,0.0,0.0,0.13616784,0.3878717,0.0
9,11,0.061888285,0.05690129,0.2991632,0.0,0.05800764,0.0,0.0,0.0,0.0,0.0,0.13616784,0.3878717,0.0
9,11,0.061888285,0.05690129,0.2991632,0.0,0.05800764,0.0,0.0,0.0,0.0,0.0,0.13616784,0.3878717,0.0
9,11,0.061888285,0.05690129,0.2991632,0.0,0.05800764,0.0,0.0,0.0,0.0,0.0,0.13616784,0.3878717,0.0
9,11,0.061888285,0.05690129,0.2991632,0.0,0.05800764,0.0,0.0,0.0,0.0,0.0,0.13616784,0.3878717,0.0
9,11,0.061888285,0.05690129,0.2991632,0.0,0.05800764,0.0,0.0,0.0,0.0,0.0,0.13616784,0.3878717,0.0
9,11,0.061888285,0.05690129,0.2991632,0.0,0.05800764,0.0,0.0,0.0,0.0,0.0,0.13616784,0.3878717,0.0
9,11,0.061888285,0.05690129,0.2991632,0.0,0.05800764,0.0,0.0,0.0,0.0,0.0,0.13616784,0.3878717,0.0
9,11,0.061888285,0.05690129,0.2991632,0.0,0.05800764,0.0,0.0,0.0,0.0,0.0,0.13616784,0.3878717,0.0
9,11,0.061888285,0.05690129,0.2991632,0.0,0.05800764,0.0,0.0,0.0,0.0,0.0,0.13616784,0.3878717,0.0
9,11,0.061888285,0.05690129,0.2991632,0.0,0.05800764,0.0,0.0,0.0,0.0,0.0,0.13616784,0.3878717,0.0
9,11,0.06188828,0.056901287,0.24236618,0.0,0.058007635,0.0,0.0,0.0,0.0,0.0,0.13616784,0.4446687,0.0
9,11,0.06188828,0.056901287,0.24236618,0.0,0.058007635,0.0,0.0,0.0,0.0,0.0,0.13616784,0.4446687,0.0
9,11,0.06188828,0.056901287,0.24236618,0.0,0.058007635,0.0,0.0,0.0,0.0,0.0,0.13616784,0.4446687,0.0
9,11,0.06188828,0.056901287,0.24236618,0.0,0.058007635,0.0,0.0,0.0,0.0,0.0,0.13616784,0.4446687,0.0
9,11,0.06188828,0.056901287,0.24236618,0.0,0.058007635,0.0,0.0,0.0,0.0,0.0,0.13616784,0.4446687,0.0
9,11,0.06188828,0.056901287,0.24236618,0.0,0.058007635,0.0,0.0,0.0,0.0,0.0,0.13616784,0.4446687,0.0
9,11,0.06188828,0.056901287,0.24236618,0.0,0.058007635,0.0,0.0,0.0,0.0,0.0,0.13616784,0.4446687,0.0
9,11,0.06188828,0.056901287,0.24236618,0.0,0.058007635,0.0,0.0,0.0,0.0,0.0,0.13616784,0.4446687,0.0
9,11,0.06188828,0.056901287,0.24236618,0.0,0.058007635,0.0,0.0,0.0,0.0,0.0,0.13616784,0.4446687,0.0
9,11,0.06188828,0.056901287,0.24236618,0.0,0.058007635,0.0,0.0,0.0,0.0,0.0,0.13616784,0.4446687,0.0
9,11,0.06188828,0.056901287,0.24236618,0.0,0.058007635,0.0,0.0,0.0,0.0,0.0,0.13616784,0.4446687,0.0
9,11,0.06188828,0.056901287,0.24236618,0.0,0.058007635,0.0,0.0,0.0,0.0,0.0,0.13616784,0.4446687,0.0
9,11,0.06188828,0.056901287,0.24236618,0.0,0.058007635,0.0,0.0,0.0,0.0,0.0,0.13616784,0.4446687,0.0
9,11,0.06188828,0.056901287,0.24236618,0.0,0.058007635,0.0,0.0,0.0,0.0,0.0,0.13616784,0.4446687,0.0
9,11,0.06188828,0.056901287,0.24236618,0.0,0.058007635,0.0,0.0,0.0,0.0,0.0,0.13616784,0.4446687,0.0
9,11,0.065927275,0.060614817,0.192921,0.0,0.06179337,0.0,0.0,0.0,0.0,0.0,0.14505452,0.473689,0.0
9,11,0.065927275,0.060614817,0.192921,0.0,0.06179337,0.0,0.0,0.0,0.0,0.0,0.14505452,0.473689,0.0
9,11,0.065927275,0.060614817,0.192921,0.0,0.06179337,0.0,0.0,0.0,0.0,0.0,0.14505452,0.473689,0.0
9,11,0.065927275,0.060614817,0.192921,0.0,0.06179337,0.0,0.0,0.0,0.0,0.0,0.14505452,0.473689,0.0
9,11,0.065927275,0.060614817,0.192921,0.0,0.06179337,0.0,0.0,0.0,0.0,0.0,0.14505452,0.473689,0.0
9,11,0.065927275,0.060614817,0.192921,0.0,0.06179337,0.0,0.0,0.0,0.0,0.0,0.14505452,0.473689,0.0
9,11,0.06592728,0.06061482,0.192921,0.0,0.061793372,0.0,0.0,0.0,0.0,0.0,0.06962338,0.5491201,0.0
9,11,0.06592728,0.06061482,0.192921,0.0,0.061793372,0.0,0.0,0.0,0.0,0.0,0.06962338,0.5491201,0.0
9,11,0.06592728,0.06061482,0.192921,0.0,0.061793372,0.0,0.0,0.0,0.0,0.0,0.06962338,0.5491201,0.0
9,11,0.06592728,0.06061482,0.192921,0.0,0.061793372,0.0,0.0,0.0,0.0,0.0,0.06962338,0.5491201,0.0
9,11,0.06592728,0.06061482,0.192921,0.0,0.061793372,0.0,0.0,0.0,0.0,0.0,0.06962338,0.5491201,0.0
9,11,0.06592728,0.06061482,0.192921,0.0,0.061793372,0.0,0.0,0.0,0.0,0.0,0.06962338,0.5491201,0.0
9,11,0.06592728,0.06061482,0.192921,0.0,0.061793372,0.0,0.0,0.0,0.0,0.0,0.06962338,0.5491201,0.0
9,11,0.06592728,0.06061482,0.192921,0.0,0.061793372,0.0,0.0,0.0,0.0,0.0,0.06962338,0.5491201,0.0
9,11,0.06592728,0.06061482,0.192921,0.0,0.061793372,0.0,0.0,0.0,0.0,0.0,0.06962338,0.5491201,0.0
9,11,0.06592728,0.06061482,0.192921,0.0,0.061793372,0.0,0.0,0.0,0.0,0.0,0.06962338,0.5491201,0.0
9,11,0.06592728,0.06061482,0.192921,0.0,0.061793372,0.0,0.0,0.0,0.0,0.0,0.06962338,0.5491201,0.0
9,11,0.06592728,0.06061482,0.192921,0.0,0.061793372,0.0,0.0,0.0,0.0,0.0,0.06962338,0.5491201,0.0
9,11,0.070860855,0.06515085,0.20735797,0.0,0.06641759,0.0,0.0,0.0,0.0,0.0,0.0,0.59021276,0.0
9,11,0.070860855,0.06515085,0.20735797,0.0,0.06641759,0.0,0.0,0.0,0.0,0.0,0.0,0.59021276,0.0
9,11,0.070860855,0.06515085,0.20735797,0.0,0.06641759,0.0,0.0,0.0,0.0,0.0,0.0,0.59021276,0.0
9,11,0.070860855,0.06515085,0.20735797,0.0,0.06641759,0.0,0.0,0.0,0.0,0.0,0.0,0.59021276,0.0
9,11,0.070860855,0.06515085,0.20735797,0.0,0.06641759,0.0,0.0,0.0,0.0,0.0,0.0,0.59021276,0.0
9,11,0.070860855,0.06515085,0.20735797,0.0,0.06641759,0.0,0.0,0.0,0.0,0.0,0.0,0.59021276,0.0
9,11,0.070860855,0.06515085,0.20735797,0.0,0.06641759,0.0,0.0,0.0,0.0,0.0,0.0,0.59021276,0.0
9,11,0.070860855,0.06515085,0.20735797,0.0,0.06641759,0.0,0.0,0.0,0.0,0.0,0.0,0.59021276,0.0
9,11,0.070860855,0.06515085,0.20735797,0.0,0.06641759,0.0,0.0,0.0,0.0,0.0,0.0,0.59021276,0.0
9,11,0.070860855,0.06515085,0.20735797,0.0,0.06641759,0.0,0.0,0.0,0.0,0.0,0.0,0.59021276,0.0
9,11,0.070860855,0.06515085,0.20735797,0.0,0.06641759,0.0,0.0,0.0,0.0,0.0,0.0,0.59021276,0.0
9,11,0.070860855,0.06515085,0.20735797,0.0,0.06641759,0.0,0.0,0.0,0.0,0.0,0.0,0.59021276,0.0
9,11,0.0,0.06515085,0.20735797,0.0,0.06641759,0.0,0.0,0.0,0.0,0.0,0.0,0.66107357,0.0
9,11,0.0,0.06515085,0.20735797,0.0,0.06641759,0.0,0.0,0.0,0.0,0.0,0.0,0.66107357,0.0
9,11,0.0,0.06515085,0.20735797,0.0,0.06641759,0.0,0.0,0.0,0.0,0.0,0.0,0.66107357,0.0
9,11,0.0,0.06515085,0.20735797,0.0,0.06641759,0.0,0.0,0.0,0.0,0.0,0.0,0.66107357,0.0
9,11,0.0,0.06515085,0.20735797,0.0,0.06641759,0.0,0.0,0.0,0.0,0.0,0.0,0.66107357,0.0
9,11,0.0,0.06515085,0.20735797,0.0,0.06641759,0.0,0.0,0.0,0.0,0.0,0.0,0.66107357,0.0
9,11,0.0,0.06515085,0.20735797,0.0,0.06641759,0.0,0.0,0.0,0.0,0.0,0.0,0.66107357,0.0
9,11,0.0,0.06515085,0.20735797,0.0,0.06641759,0.0,0.0,0.0,0.0,0.0,0.0,0.66107357,0.0
9,11,0.0,0.06515085,0.20735797,0.0,0.06641759,0.0,0.0,0.0,0.0,0.0,0.0,0.66107357,0.0
9,11,0.0,0.06515085,0.20735797,0.0,0.06641759,0.0,0.0,0.0,0.0,0.0,0.0,0.66107357,0.0
9,11,0.0,0.06515085,0.20735797,0.0,0.06641759,0.0,0.0,0.0,0.0,0.0,0.0,0.66107357,0.0
9,11,0.0,0.06515085,0.20735797,0.0,0.06641759,0.0,0.0,0.0,0.0,0.0,0.0,0.66107357,0.0
9,11,0.0,0.06515085,0.20735797,0.0,0.06641759,0.0,0.0,0.0,0.0,0.0,0.0,0.66107357,0.0
9,11,0.0,0.06515085,0.20735797,0.0,0.06641759,0.0,0.0,0.0,0.0,0.0,0.0,0.66107357,0.0
9,11,0.0,0.06515085,0.20735797,0.0,0.06641759,0.0,0.0,0.0,0.0,0.0,0.0,0.66107357,0.0
9,11,0.0,0.06515085,0.20735797,0.0,0.06641759,0.0,0.0,0.0,0.0,0.0,0.0,0.66107357,0.0
9,11,0.0,0.06515085,0.20735797,0.0,0.06641759,0.0,0.0,0.0,0.0,0.0,0.0,0.66107357,0.0
9,11,0.0,0.06515085,0.20735797,0.0,0.06641759,0.0,0.0,0.0,0.0,0.0,0.0,0.66107357,0.0
9,11,0.0,0.06515085,0.20735797,0.0,0.06641759,0.0,0.0,0.0,0.0,0.0,0.0,0.66107357,0.0
9,11,0.0,0.06515085,0.20735797,0.0,0.06641759,0.0,0.0,0.0,0.0,0.0,0.0,0.66107357,0.0
9,11,0.0,0.06515085,0.20735797,0.0,0.06641759,0.0,0.0,0.0,0.0,0.0,0.0,0.66107357,0.0
9,11,0.0,0.06515085,0.20735797,0.0,0.06641759,0.0,0.0,0.0,0.0,0.0,0.0,0.66107357,0.0
9,11,0.0,0.06515085,0.20735797,0.0,0.06641759,0.0,0.0,0.0,0.0,0.0,0.0,0.66107357,0.0
9,11,0.0,0.06515085,0.20735797,0.0,0.06641759,0.0,0.0,0.0,0.0,0.0,0.0,0.66107357,0.0
9,11,0.0,0.06515085,0.20735797,0.0,0.06641759,0.0,0.0,0.0,0.0,0.0,0.0,0.66107357,0.0
9,11,0.0,0.06515085,0.20735797,0.0,0.06641759,0.0,0.0,0.0,0.0,0.0,0.0,0.66107357,0.0
9,11,0.0,0.06515085,0.20735797,0.0,0.06641759,0.0,0.0,0.0,0.0,0.0,0.0,0.66107357,0.0
9,11,0.0,0.06515085,0.20735797,0.0,0.06641759,0.0,0.0,0.0,0.0,0.0,0.0,0.66107357,0.0
9,11,0.0,0.06515085,0.20735797,0.0,0.06641759,0.0,0.0,0.0,0.0,0.0,0.0,0.66107357,0.0
9,11,0.0,0.06515085,0.20735797,0.0,0.06641759,0.0,0.0,0.0,0.0,0.0,0.0,0.66107357,0.0
9,11,0.0,0.06515085,0.20735797,0.0,0.06641759,0.0,0.0,0.0,0.0,0.0,0.0,0.66107357,0.0
9,11,0.0,0.06515085,0.20735797,0.0,0.06641759,0.0,0.0,0.0,0.0,0.0,0.0,0.66107357,0.0
9,11,0.0,0.06515085,0.20735797,0.0,0.06641759,0.0,0.0,0.0,0.0,0.0,0.0,0.66107357,0.0
9,11,0.0,0.06515085,0.20735797,0.0,0.06641759,0.0,0.0,0.0,0.0,0.0,0.0,0.66107357,0.0
9,11,0.0,0.06515085,0.20735797,0.0,0.06641759,0.0,0.0,0.0,0.0,0.0,0.0,0.66107357,0.0
9,11,0.0,0.06515085,0.20735797,0.0,0.06641759,0.0,0.0,0.0,0.0,0.0,0.0,0.66107357,0.0
9,11,0.0,0.06515085,0.20735797,0.0,0.06641759,0.0,0.0,0.0,0.0,0.0,0.0,0.66107357,0.0
9,11,0.0,0.06515085,0.20735797,0.0,0.06641759,0.0,0.0,0.0,0.0,0.0,0.0,0.66107357,0.0
9,11,0.0,0.06515085,0.20735797,0.0,0.06641759,0.0,0.0,0.0,0.0,0.0,0.0,0.66107357,0.0
9,11,0.0,0.06515085,0.20735797,0.0,0.06641759,0.0,0.0,0.0,0.0,0.0,0.0,0.66107357,0.0
9,11,0.0,0.06515085,0.20735797,0.0,0.06641759,0.0,0.0,0.0,0.0,0.0,0.0,0.66107357,0.0
9,11,0.0,0.06515085,0.20735797,0.0,0.06641759,0.0,0.0,0.0,0.0,0.0,0.0,0.66107357,0.0
9,11,0.0,0.06515085,0.20735797,0.0,0.06641759,0.0,0.0,0.0,0.0,0.0,0.0,0.66107357,0.0
9,11,0.0,0.06515085,0.20735797,0.0,0.06641759,0.0,0.0,0.0,0.0,0.0,0.0,0.66107357,0.0
9,11,0.0,0.06515085,0.20735797,0.0,0.06641759,0.0,0.0,0.0,0.0,0.0,0.0,0.66107357,0.0
9,11,0.0,0.06515085,0.20735797,0.0,0.06641759,0.0,0.0,0.0,0.0,0.0,0.0,0.66107357,0.0
9,11,0.0,0.06515085,0.20735797,0.0,0.06641759,0.0,0.0,0.0,0.0,0.0,0.0,0.66107357,0.0
9,11,0.0,0.06515085,0.20735797,0.0,0.06641759,0.0,0.0,0.0,0.0,0.0,0.0,0.66107357,0.0
9,11,0.0,0.06515085,0.20735797,0.0,0.06641759,0.0,0.0,0.0,0.0,0.0,0.0,0.66107357,0.0
9,11,0.0,0.06515085,0.20735797,0.0,0.06641759,0.0,0.0,0.0,0.0,0.0,0.0,0.66107357,0.0
9,11,0.0,0.06515085,0.20735797,0.0,0.06641759,0.0,0.0,0.0,0.0,0.0,0.0,0.66107357,0.0
9,11,0.0,0.06515085,0.20735797,0.0,0.06641759,0.0,0.0,0.0,0.0,0.0,0.0,0.66107357,0.0
9,11,0.0,0.06515085,0.20735797,0.0,0.06641759,0.0,0.0,0.0,0.0,0.0,0.0,0.66107357,0.0
9,11,0.0,0.06515085,0.20735797,0.0,0.06641759,0.0,0.0,0.0,0.0,0.0,0.0,0.66107357,0.0
9,11,0.0,0.06515085,0.20735797,0.0,0.06641759,0.0,0.0,0.0,0.0,0.0,0.0,0.66107357,0.0
9,11,0.0,0.06515085,0.20735797,0.0,0.06641759,0.0,0.0,0.0,0.0,0.0,0.0,0.66107357,0.0
9,11,0.0,0.06515085,0.20735797,0.0,0.06641759,0.0,0.0,0.0,0.0,0.0,0.0,0.66107357,0.0
9,11,0.0,0.06515085,0.20735797,0.0,0.06641759,0.0,0.0,0.0,0.0,0.0,0.0,0.66107357,0.0
9,11,0.0,0.06515085,0.20735797,0.0,0.06641759,0.0,0.0,0.0,0.0,0.0,0.0,0.66107357,0.0
9,11,0.0,0.06515085,0.20735797,0.0,0.06641759,0.0,0.0,0.0,0.0,0.0,0.0,0.66107357,0.0
9,11,0.0,0.06515085,0.20735797,0.0,0.06641759,0.0,0.0,0.0,0.0,0.0,0.0,0.66107357,0.0
9,11,0.0,0.06515085,0.20735797,0.0,0.06641759,0.0,0.0,0.0,0.0,0.0,0.0,0.66107357,0.0
9,11,0.0,0.06515085,0.20735797,0.0,0.06641759,0.0,0.0,0.0,0.0,0.0,0.0,0.66107357,0.0
9,11,0.0,0.06515085,0.20735797,0.0,0.06641759,0.0,0.0,0.0,0.0,0.0,0.0,0.66107357,0.0
9,11,0.0,0.06515085,0.20735797,0.0,0.06641759,0.0,0.0,0.0,0.0,0.0,0.0,0.66107357,0.0
9,11,0.0,0.06515085,0.20735797,0.0,0.06641759,0.0,0.0,0.0,0.0,0.0,0.0,0.66107357,0.0
9,11,0.0,0.06515085,0.20735797,0.0,0.06641759,0.0,0.0,0.0,0.0,0.0,0.0,0.66107357,0.0
9,11,0.0,0.06515085,0.20735797,0.0,0.06641759,0.0,0.0,0.0,0.0,0.0,0.0,0.66107357,0.0
9,11,0.0,0.06515085,0.20735797,0.0,0.06641759,0.0,0.0,0.0,0.0,0.0,0.0,0.66107357,0.0
9,11,0.0,0.06515085,0.20735797,0.0,0.06641759,0.0,0.0,0.0,0.0,0.0,0.0,0.66107357,0.0
9,11,0.0,0.06515085,0.20735797,0.0,0.06641759,0.0,0.0,0.0,0.0,0.0,0.0,0.66107357,0.0
9,11,0.0,0.06515085,0.20735797,0.0,0.06641759,0.0,0.0,0.0,0.0,0.0,0.0,0.66107357,0.0
9,11,0.0,0.06515085,0.20735797,0.0,0.06641759,0.0,0.0,0.0,0.0,0.0,0.0,0.66107357,0.0
9,11,0.0,0.06515085,0.20735797,0.0,0.06641759,0.0,0.0,0.0,0.0,0.0,0.0,0.66107357,0.0
9,11,0.0,0.06515085,0.20735797,0.0,0.06641759,0.0,0.0,0.0,0.0,0.0,0.0,0.66107357,0.0
9,11,0.0,0.06515085,0.20735797,0.0,0.06641759,0.0,0.0,0.0,0.0,0.0,0.0,0.66107357,0.0
9,11,0.0,0.06515085,0.20735797,0.0,0.06641759,0.0,0.0,0.0,0.0,0.0,0.0,0.66107357,0.0
9,11,0.0,0.06515085,0.20735797,0.0,0.06641759,0.0,0.0,0.0,0.0,0.0,0.0,0.66107357,0.0
9,11,0.0,0.06515085,0.20735797,0.0,0.06641759,0.0,0.0,0.0,0.0,0.0,0.0,0.66107357,0.0
9,11,0.0,0.06515085,0.20735797,0.0,0.06641759,0.0,0.0,0.0,0.0,0.0,0.0,0.66107357,0.0
9,11,0.0,0.06515085,0.20735797,0.0,0.06641759,0.0,0.0,0.0,0.0,0.0,0.0,0.66107357,0.0
9,11,0.0,0.06515085,0.20735797,0.0,0.06641759,0.0,0.0,0.0,0.0,0.0,0.0,0.66107357,0.0
9,11,0.0,0.06515085,0.20735797,0.0,0.06641759,0.0,0.0,0.0,0.0,0.0,0.0,0.66107357,0.0
9,11,0.0,0.06515085,0.20735797,0.0,0.06641759,0.0,0.0,0.0,0.0,0.0,0.0,0.66107357,0.0
9,11,0.0,0.06515085,0.20735797,0.0,0.06641759,0.0,0.0,0.0,0.0,0.0,0.0,0.66107357,0.0
9,11,0.0,0.06515085,0.20735797,0.0,0.06641759,0.0,0.0,0.0,0.0,0.0,0.0,0.66107357,0.0
9,11,0.0,0.06515085,0.20735797,0.0,0.06641759,0.0,0.0,0.0,0.0,0.0,0.0,0.66107357,0.0
9,11,0.0,0.06515085,0.20735797,0.0,0.06641759,0.0,0.0,0.0,0.0,0.0,0.0,0.66107357,0.0
9,11,0.0,0.06515085,0.20735797,0.0,0.06641759,0.0,0.0,0.0,0.0,0.0,0.0,0.66107357,0.0
9,11,0.0,0.06515085,0.20735797,0.0,0.06641759,0.0,0.0,0.0,0.0,0.0,0.0,0.66107357,0.0
9,11,0.0,0.06515085,0.20735797,0.0,0.06641759,0.0,0.0,0.0,0.0,0.0,0.0,0.66107357,0.0
9,11,0.0,0.06515085,0.20735797,0.0,0.06641759,0.0,0.0,0.0,0.0,0.0,0.0,0.66107357,0.0
9,11,0.0,0.06515085,0.20735797,0.0,0.06641759,0.0,0.0,0.0,0.0,0.0,0.0,0.66107357,0.0
9,11,0.0,0.06515085,0.20735797,0.0,0.06641759,0.0,0.0,0.0,0.0,0.0,0.0,0.66107357,0.0
9,11,0.0,0.06515085,0.20735797,0.0,0.06641759,0.0,0.0,0.0,0.0,0.0,0.0,0.66107357,0.0
9,11,0.0,0.06515085,0.20735797,0.0,0.06641759,0.0,0.0,0.0,0.0,0.0,0.0,0.66107357,0.0
9,11,0.0,0.06515085,0.20735797,0.0,0.06641759,0.0,0.0,0.0,0.0,0.0,0.0,0.66107357,0.0
9,11,0.0,0.06515085,0.20735797,0.0,0.06641759,0.0,0.0,0.0,0.0,0.0,0.0,0.66107357,0.0
9,11,0.0,0.06515085,0.20735797,0.0,0.06641759,0.0,0.0,0.0,0.0,0.0,0.0,0.66107357,0.0
9,11,0.0,0.06515085,0.20735797,0.0,0.06641759,0.0,0.0,0.0,0.0,0.0,0.0,0.66107357,0.0
9,11,0.0,0.06515085,0.20735797,0.0,0.06641759,0.0,0.0,0.0,0.0,0.0,0.0,0.66107357,0.0
9,11,0.0,0.06515085,0.20735797,0.0,0.06641759,0.0,0.0,0.0,0.0,0.0,0.0,0.66107357,0.0
9,11,0.0,0.06515085,0.20735797,0.0,0.06641759,0.0,0.0,0.0,0.0,0.0,0.0,0.66107357,0.0
9,11,0.0,0.06515085,0.20735797,0.0,0.06641759,0.0,0.0,0.0,0.0,0.0,0.0,0.66107357,0.0
9,11,0.0,0.06515085,0.20735797,0.0,0.06641759,0.0,0.0,0.0,0.0,0.0,0.0,0.66107357,0.0
9,11,0.0,0.06515085,0.20735797,0.0,0.06641759,0.0,0.0,0.0,0.0,0.0,0.0,0.66107357,0.0
9,11,0.0,0.06515085,0.20735797,0.0,0.06641759,0.0,0.0,0.0,0.0,0.0,0.0,0.66107357,0.0
9,11,0.0,0.06515085,0.20735797,0.0,0.06641759,0.0,0.0,0.0,0.0,0.0,0.0,0.66107357,0.0
9,11,0.0,0.06515085,0.20735797,0.0,0.06641759,0.0,0.0,0.0,0.0,0.0,0.0,0.66107357,0.0
9,11,0.0,0.06515085,0.20735797,0.0,0.06641759,0.0,0.0,0.0,0.0,0.0,0.0,0.66107357,0.0
9,11,0.0,0.06515085,0.20735797,0.0,0.06641759,0.0,0.0,0.0,0.0,0.0,0.0,0.66107357,0.0
9,11,0.0,0.06515085,0.20735797,0.0,0.06641759,0.0,0.0,0.0,0.0,0.0,0.0,0.66107357,0.0
9,11,0.0,0.06515085,0.20735797,0.0,0.06641759,0.0,0.0,0.0,0.0,0.0,0.0,0.66107357,0.0
9,11,0.0,0.06515085,0.20735797,0.0,0.06641759,0.0,0.0,0.0,0.0,0.0,0.0,0.66107357,0.0
9,11,0.0,0.06515085,0.20735797,0.0,0.06641759,0.0,0.0,0.0,0.0,0.0,0.0,0.66107357,0.0
9,11,0.0,0.06515085,0.20735797,0.0,0.06641759,0.0,0.0,0.0,0.0,0.0,0.0,0.66107357,0.0
9,11,0.0,0.06515085,0.20735797,0.0,0.06641759,0.0,0.0,0.0,0.0,0.0,0.0,0.66107357,0.0
9,11,0.0,0.06515085,0.20735797,0.0,0.06641759,0.0,0.0,0.0,0.0,0.0,0.0,0.66107357,0.0
9,11,0.0,0.06515085,0.20735797,0.0,0.06641759,0.0,0.0,0.0,0.0,0.0,0.0,0.66107357,0.0
9,11,0.0,0.06515085,0.20735797,0.0,0.06641759,0.0,0.0,0.0,0.0,0.0,0.0,0.66107357,0.0
9,11,0.0,0.06515085,0.20735797,0.0,0.06641759,0.0,0.0,0.0,0.0,0.0,0.0,0.66107357,0.0
9,11,0.0,0.06515085,0.20735797,0.0,0.06641759,0.0,0.0,0.0,0.0,0.0,0.0,0.66107357,0.0
9,11,0.0,0.06515085,0.20735797,0.0,0.06641759,0.0,0.0,0.0,0.0,0.0,0.0,0.66107357,0.0
9,11,0.0,0.06515085,0.20735797,0.0,0.06641759,0.0,0.0,0.0,0.0,0.0,0.0,0.66107357,0.0
9,11,0.0,0.06515085,0.20735797,0.0,0.06641759,0.0,0.0,0.0,0.0,0.0,0.0,0.66107357,0.0
9,11,0.0,0.06515085,0.20735797,0.0,0.06641759,0.0,0.0,0.0,0.0,0.0,0.0,0.66107357,0.0
9,11,0.0,0.06515085,0.20735797,0.0,0.06641759,0.0,0.0,0.0,0.0,0.0,0.0,0.66107357,0.0
9,11,0.0,0.06515085,0.20735797,0.0,0.06641759,0.0,0.0,0.0,0.0,0.0,0.0,0.66107357,0.0
9,11,0.0,0.06515085,0.20735797,0.0,0.06641759,0.0,0.0,0.0,0.0,0.0,0.0,0.66107357,0.0
9,11,0.0,0.06515085,0.20735797,0.0,0.06641759,0.0,0.0,0.0,0.0,0.0,0.0,0.66107357,0.0
9,11,0.0,0.06515085,0.20735797,0.0,0.06641759,0.0,0.0,0.0,0.0,0.0,0.0,0.66107357,0.0
9,11,0.0,0.06515085,0.20735797,0.0,0.06641759,0.0,0.0,0.0,0.0,0.0,0.0,0.66107357,0.0
9,11,0.0,0.06515085,0.20735797,0.0,0.06641759,0.0,0.0,0.0,0.0,0.0,0.0,0.66107357,0.0
9,11,0.0,0.06515085,0.20735797,0.0,0.06641759,0.0,0.0,0.0,0.0,0.0,0.0,0.66107357,0.0
9,11,0.0,0.06515085,0.20735797,0.0,0.06641759,0.0,0.0,0.0,0.0,0.0,0.0,0.66107357,0.0
9,11,0.0,0.06515085,0.20735797,0.0,0.06641759,0.0,0.0,0.0,0.0,0.0,0.0,0.66107357,0.0
9,11,0.0,0.06515085,0.14274722,0.0,0.06641759,0.0,0.0,0.0,0.0,0.0,0.0,0.72568434,0.0
9,11,0.0,0.06515085,0.14274722,0.0,0.06641759,0.0,0.0,0.0,0.0,0.0,0.0,0.72568434,0.0
9,11,0.0,0.06515085,0.14274722,0.0,0.06641759,0.0,0.0,0.0,0.0,0.0,0.0,0.72568434,0.0
9,11,0.0,0.06515085,0.14274722,0.0,0.06641759,0.0,0.0,0.0,0.0,0.0,0.0,0.72568434,0.0
9,11,0.0,0.06515085,0.14274722,0.0,0.06641759,0.0,0.0,0.0,0.0,0.0,0.0,0.72568434,0.0
9,11,0.0,0.06515085,0.14274722,0.0,0.06641759,0.0,0.0,0.0,0.0,0.0,0.0,0.72568434,0.0
9,11,0.0,0.06515085,0.14274722,0.0,0.06641759,0.0,0.0,0.0,0.0,0.0,0.0,0.72568434,0.0
9,11,0.0,0.06515085,0.14274722,0.0,0.06641759,0.0,0.0,0.0,0.0,0.0,0.0,0.72568434,0.0
9,11,0.0,0.06515085,0.14274722,0.0,0.06641759,0.0,0.0,0.0,0.0,0.0,0.0,0.72568434,0.0
9,11,0.0,0.06515085,0.14274722,0.0,0.06641759,0.0,0.0,0.0,0.0,0.0,0.0,0.72568434,0.0
9,11,0.0,0.06515085,0.14274722,0.0,0.06641759,0.0,0.0,0.0,0.0,0.0,0.0,0.72568434,0.0
9,11,0.0,0.06515085,0.14274722,0.0,0.06641759,0.0,0.0,0.0,0.0,0.0,0.0,0.72568434,0.0
9,11,0.0,0.06515085,0.14274722,0.0,0.06641759,0.0,0.0,0.0,0.0,0.0,0.0,0.72568434,0.0
9,11,0.0,0.06515085,0.14274722,0.0,0.06641759,0.0,0.0,0.0,0.0,0.0,0.0,0.72568434,0.0
9,11,0.0,0.06515085,0.14274722,0.0,0.06641759,0.0,0.0,0.0,0.0,0.0,0.0,0.72568434,0.0
9,11,0.0,0.06515085,0.14274722,0.0,0.06641759,0.0,0.0,0.0,0.0,0.0,0.0,0.72568434,0.0
9,11,0.0,0.060880303,0.13339035,0.0,0.062064018,0.0,0.0,0.0,0.0,0.0,0.0,0.74366534,0.0
9,11,0.0,0.060880303,0.13339035,0.0,0.062064018,0.0,0.0,0.0,0.0,0.0,0.0,0.74366534,0.0
9,11,0.0,0.060880303,0.13339035,0.0,0.062064018,0.0,0.0,0.0,0.0,0.0,0.0,0.74366534,0.0
9,11,0.0,0.060880303,0.13339035,0.0,0.062064018,0.0,0.0,0.0,0.0,0.0,0.0,0.74366534,0.0
9,11,0.0,0.060880303,0.13339035,0.0,0.062064018,0.0,0.0,0.0,0.0,0.0,0.0,0.74366534,0.0
9,11,0.0,0.060880303,0.13339035,0.0,0.062064018,0.0,0.0,0.0,0.0,0.0,0.0,0.74366534,0.0
9,11,0.0,0.056901295,0.124672234,0.0,0.058007643,0.0,0.0,0.0,0.0,0.0,0.06535795,0.6950609,0.0
9,11,0.0,0.056901295,0.124672234,0.0,0.058007643,0.0,0.0,0.0,0.0,0.0,0.06535795,0.6950609,0.0
9,11,0.0,0.056901295,0.06291972,0.0,0.058007643,0.0,0.0,0.0,0.0,0.0,0.06535795,0.7568134,0.0
9,11,0.0,0.056901295,0.06291972,0.0,0.058007643,0.0,0.0,0.0,0.0,0.0,0.06535795,0.7568134,0.0
9,11,0.0,0.056901295,0.06291972,0.0,0.058007643,0.0,0.0,0.0,0.0,0.0,0.06535795,0.7568134,0.0
9,11,0.0,0.056901295,0.06291972,0.0,0.058007643,0.0,0.0,0.0,0.0,0.0,0.06535795,0.7568134,0.0
9,11,0.0,0.056901295,0.06291972,0.0,0.058007643,0.0,0.0,0.0,0.0,0.0,0.06535795,0.7568134,0.0
9,11,0.0,0.056901295,0.06291972,0.0,0.058007643,0.0,0.0,0.0,0.0,0.0,0.06535795,0.7568134,0.0
9,11,0.0,0.056901295,0.06291972,0.0,0.058007643,0.0,0.0,0.0,0.0,0.0,0.06535795,0.7568134,0.0
9,11,0.0,0.056901295,0.06291972,0.0,0.058007643,0.0,0.0,0.0,0.0,0.0,0.06535795,0.7568134,0.0
9,11,0.0,0.0,0.0,0.0,0.058007643,0.0,0.0,0.0,0.0,0.0,0.06535795,0.8766344,0.0
9,11,0.0,0.0,0.0,0.0,0.058007643,0.0,0.0,0.0,0.0,0.0,0.06535795,0.8766344,0.0
9,11,0.0,0.0,0.0,0.0,0.058007643,0.0,0.0,0.0,0.0,0.0,0.06535795,0.8766344,0.0
9,11,0.0,0.0,0.0,0.0,0.058007643,0.0,0.0,0.0,0.0,0.0,0.06535795,0.8766344,0.0
9,11,0.0,0.0,0.0,0.0,0.058007643,0.0,0.0,0.0,0.0,0.0,0.06535795,0.8766344,0.0
9,11,0.0,0.0,0.0,0.0,0.058007643,0.0,0.0,0.0,0.0,0.0,0.06535795,0.8766344,0.0
9,11,0.0,0.0,0.0,0.0,0.058007643,0.0,0.0,0.0,0.0,0.0,0.06535795,0.8766344,0.0
9,11,0.0,0.0,0.0,0.0,0.058007643,0.0,0.0,0.0,0.0,0.0,0.06535795,0.8766344,0.0
9,11,0.0,0.0,0.0,0.0,0.058007643,0.0,0.0,0.0,0.0,0.0,0.06535795,0.8766344,0.0
9,11,0.0,0.0,0.0,0.0,0.058007643,0.0,0.0,0.0,0.0,0.0,0.06535795,0.8766344,0.0
9,11,0.0,0.0,0.0,0.0,0.058007643,0.0,0.0,0.0,0.0,0.0,0.06535795,0.8766344,0.0
9,11,0.0,0.0,0.0,0.0,0.058007643,0.0,0.0,0.0,0.0,0.0,0.06535795,0.8766344,0.0
9,11,0.0,0.0,0.0,0.0,0.058007643,0.0,0.0,0.0,0.0,0.0,0.06535795,0.8766344,0.0
9,11,0.0,0.0,0.0,0.0,0.058007643,0.0,0.0,0.0,0.0,0.0,0.06535795,0.8766344,0.0
9,11,0.0,0.0,0.0,0.0,0.058007643,0.0,0.0,0.0,0.0,0.0,0.06535795,0.8766344,0.0
9,11,0.0,0.0,0.0,0.0,0.058007643,0.0,0.0,0.0,0.0,0.0,0.06535795,0.8766344,0.0
9,11,0.0,0.0,0.0,0.0,0.058007643,0.0,0.0,0.0,0.0,0.0,0.06535795,0.8766344,0.0
9,11,0.0,0.0,0.0,0.0,0.058007643,0.0,0.0,0.0,0.0,0.0,0.06535795,0.8766344,0.0
9,11,0.0,0.0,0.0,0.0,0.058007643,0.0,0.0,0.0,0.0,0.0,0.06535795,0.8766344,0.0
9,11,0.0,0.0,0.0,0.0,0.058007643,0.0,0.0,0.0,0.0,0.0,0.06535795,0.8766344,0.0
9,11,0.0,0.0,0.0,0.0,0.058007643,0.0,0.0,0.0,0.0,0.0,0.06535795,0.8766344,0.0
9,11,0.0,0.0,0.0,0.0,0.058007643,0.0,0.0,0.0,0.0,0.0,0.06535795,0.8766344,0.0
9,11,0.0,0.0,0.0,0.0,0.058007643,0.0,0.0,0.0,0.0,0.0,0.06535795,0.8766344,0.0
9,11,0.0,0.0,0.0,0.0,0.058007643,0.0,0.0,0.0,0.0,0.0,0.06535795,0.8766344,0.0
9,11,0.0,0.0,0.0,0.0,0.058007643,0.0,0.0,0.0,0.0,0.0,0.06535795,0.8766344,0.0
9,11,0.0,0.0,0.0,0.0,0.058007643,0.0,0.0,0.0,0.0,0.0,0.06535795,0.8766344,0.0
9,11,0.0,0.0,0.0,0.0,0.058007643,0.0,0.0,0.0,0.0,0.0,0.06535795,0.8766344,0.0
9,11,0.0,0.0,0.0,0.0,0.058007643,0.0,0.0,0.0,0.0,0.0,0.06535795,0.8766344,0.0
9,11,0.0,0.0,0.0,0.0,0.058007643,0.0,0.0,0.0,0.0,0.0,0.06535795,0.8766344,0.0
9,11,0.0,0.0,0.0,0.0,0.058007643,0.0,0.0,0.0,0.0,0.0,0.06535795,0.8766344,0.0
9,11,0.0,0.0,0.0,0.0,0.058007643,0.0,0.0,0.0,0.0,0.0,0.06535795,0.8766344,0.0
9,11,0.0,0.0,0.0,0.0,0.058007643,0.0,0.0,0.0,0.0,0.0,0.06535795,0.8766344,0.0
9,11,0.0,0.0,0.0,0.0,0.0,0.0,0.0,0.0,0.0,0.0,0.06535795,0.934642,0.0
9,11,0.0,0.0,0.0,0.0,0.0,0.0,0.0,0.0,0.0,0.0,0.06535795,0.934642,0.0
9,11,0.0,0.0,0.0,0.0,0.0,0.0,0.0,0.0,0.0,0.0,0.06535795,0.934642,0.0
9,11,0.0,0.0,0.0,0.0,0.0,0.0,0.0,0.0,0.0,0.0,0.06535795,0.934642,0.0
9,11,0.0,0.0,0.0,0.0,0.0,0.0,0.0,0.0,0.0,0.0,0.06535795,0.934642,0.0
9,11,0.0,0.0,0.0,0.0,0.0,0.0,0.0,0.0,0.0,0.0,0.06535795,0.934642,0.0
9,11,0.0,0.0,0.0,0.0,0.0,0.0,0.0,0.0,0.0,0.0,0.06535795,0.934642,0.0
9,11,0.0,0.0,0.0,0.0,0.0,0.0,0.0,0.0,0.0,0.0,0.06535795,0.934642,0.0
9,11,0.0,0.0,0.0,0.0,0.0,0.0,0.0,0.0,0.0,0.0,0.06535795,0.934642,0.0
9,11,0.0,0.0,0.0,0.0,0.0,0.0,0.0,0.0,0.0,0.0,0.06535795,0.934642,0.0
9,11,0.0,0.0,0.0,0.0,0.0,0.0,0.0,0.0,0.0,0.0,0.06535795,0.934642,0.0
9,11,0.0,0.0,0.0,0.0,0.0,0.0,0.0,0.0,0.0,0.0,0.06535795,0.934642,0.0
9,11,0.0,0.0,0.0,0.0,0.0,0.0,0.0,0.0,0.0,0.0,0.06535795,0.934642,0.0
9,11,0.0,0.0,0.0,0.0,0.0,0.0,0.0,0.0,0.0,0.0,0.06535795,0.934642,0.0
9,11,0.0,0.0,0.0,0.0,0.0,0.0,0.0,0.0,0.0,0.0,0.06535795,0.934642,0.0
9,11,0.0,0.0,0.0,0.0,0.0,0.0,0.0,0.0,0.0,0.0,0.06535795,0.934642,0.0
9,11,0.0,0.0,0.0,0.0,0.0,0.0,0.0,0.0,0.0,0.0,0.06535795,0.934642,0.0
9,11,0.0,0.0,0.0,0.0,0.0,0.0,0.0,0.0,0.0,0.0,0.06535795,0.934642,0.0
9,11,0.0,0.0,0.0,0.0,0.0,0.0,0.0,0.0,0.0,0.0,0.06535795,0.934642,0.0
9,11,0.0,0.0,0.0,0.0,0.0,0.0,0.0,0.0,0.0,0.0,0.06535795,0.934642,0.0
9,11,0.0,0.0,0.0,0.0,0.0,0.0,0.0,0.0,0.0,0.0,0.06535795,0.934642,0.0
9,11,0.0,0.0,0.0,0.0,0.0,0.0,0.0,0.0,0.0,0.0,0.06535795,0.934642,0.0
9,11,0.0,0.0,0.0,0.0,0.0,0.0,0.0,0.0,0.0,0.0,0.06535795,0.934642,0.0
9,11,0.0,0.0,0.0,0.0,0.0,0.0,0.0,0.0,0.0,0.0,0.06535795,0.934642,0.0
9,11,0.0,0.0,0.0,0.0,0.0,0.0,0.0,0.0,0.0,0.0,0.06535795,0.934642,0.0
9,11,0.0,0.0,0.0,0.0,0.0,0.0,0.0,0.0,0.0,0.0,0.06535795,0.934642,0.0
9,11,0.0,0.0,0.0,0.0,0.0,0.0,0.0,0.0,0.0,0.0,0.06535795,0.934642,0.0
9,11,0.0,0.0,0.0,0.0,0.0,0.0,0.0,0.0,0.0,0.0,0.06535795,0.934642,0.0
9,11,0.0,0.0,0.0,0.0,0.0,0.0,0.0,0.0,0.0,0.0,0.06535795,0.934642,0.0
9,11,0.0,0.0,0.0,0.0,0.0,0.0,0.0,0.0,0.0,0.0,0.06535795,0.934642,0.0
9,11,0.0,0.0,0.0,0.0,0.0,0.0,0.0,0.0,0.0,0.0,0.06535795,0.934642,0.0
9,11,0.0,0.0,0.0,0.0,0.0,0.0,0.0,0.0,0.0,0.0,0.06535795,0.934642,0.0
9,11,0.0,0.0,0.0,0.0,0.0,0.0,0.0,0.0,0.0,0.0,0.06535795,0.934642,0.0
9,11,0.0,0.0,0.0,0.0,0.0,0.0,0.0,0.0,0.0,0.0,0.06535795,0.934642,0.0
9,11,0.0,0.0,0.0,0.0,0.0,0.0,0.0,0.0,0.0,0.0,0.06535795,0.934642,0.0
9,11,0.0,0.0,0.0,0.0,0.0,0.0,0.0,0.0,0.0,0.0,0.06535795,0.934642,0.0
9,11,0.0,0.0,0.0,0.0,0.0,0.0,0.0,0.0,0.0,0.0,0.06535795,0.934642,0.0
9,11,0.0,0.0,0.0,0.0,0.0,0.0,0.0,0.0,0.0,0.0,0.06535795,0.934642,0.0
9,11,0.0,0.0,0.0,0.0,0.0,0.0,0.0,0.0,0.0,0.0,0.06535795,0.934642,0.0
9,11,0.0,0.0,0.0,0.0,0.0,0.0,0.0,0.0,0.0,0.0,0.06535795,0.934642,0.0
9,11,0.0,0.0,0.0,0.0,0.0,0.0,0.0,0.0,0.0,0.0,0.06535795,0.934642,0.0
9,11,0.0,0.0,0.0,0.0,0.0,0.0,0.0,0.0,0.0,0.0,0.06535795,0.934642,0.0
9,11,0.0,0.0,0.0,0.0,0.0,0.0,0.0,0.0,0.0,0.0,0.06535795,0.934642,0.0
9,11,0.0,0.0,0.0,0.0,0.0,0.0,0.0,0.0,0.0,0.0,0.06535795,0.934642,0.0
9,11,0.0,0.0,0.0,0.0,0.0,0.0,0.0,0.0,0.0,0.0,0.06535795,0.934642,0.0
9,11,0.0,0.0,0.0,0.0,0.0,0.0,0.0,0.0,0.0,0.0,0.06535795,0.934642,0.0
9,11,0.0,0.0,0.0,0.0,0.0,0.0,0.0,0.0,0.0,0.0,0.06535795,0.934642,0.0
9,11,0.0,0.0,0.0,0.0,0.0,0.0,0.0,0.0,0.0,0.0,0.06535795,0.934642,0.0
9,11,0.0,0.0,0.0,0.0,0.0,0.0,0.0,0.0,0.0,0.0,0.06535795,0.934642,0.0
9,11,0.0,0.0,0.0,0.0,0.0,0.0,0.0,0.0,0.0,0.0,0.06535795,0.934642,0.0
9,11,0.0,0.0,0.0,0.0,0.0,0.0,0.0,0.0,0.0,0.0,0.06535795,0.934642,0.0
9,11,0.0,0.0,0.0,0.0,0.0,0.0,0.0,0.0,0.0,0.0,0.06535795,0.934642,0.0
9,11,0.0,0.0,0.0,0.0,0.0,0.0,0.0,0.0,0.0,0.0,0.06535795,0.934642,0.0
9,11,0.0,0.0,0.0,0.0,0.0,0.0,0.0,0.0,0.0,0.0,0.06535795,0.934642,0.0
9,11,0.0,0.0,0.0,0.0,0.0,0.0,0.0,0.0,0.0,0.0,0.06535795,0.934642,0.0
9,11,0.0,0.0,0.0,0.0,0.0,0.0,0.0,0.0,0.0,0.0,0.06535795,0.934642,0.0
9,11,0.0,0.0,0.0,0.0,0.0,0.0,0.0,0.0,0.0,0.0,0.06535795,0.934642,0.0
9,11,0.0,0.0,0.0,0.0,0.0,0.0,0.0,0.0,0.0,0.0,0.06535795,0.934642,0.0
9,11,0.0,0.0,0.0,0.0,0.0,0.0,0.0,0.0,0.0,0.0,0.06535795,0.934642,0.0
9,11,0.0,0.0,0.0,0.0,0.0,0.0,0.0,0.0,0.0,0.0,0.06535795,0.934642,0.0
9,11,0.0,0.0,0.0,0.0,0.0,0.0,0.0,0.0,0.0,0.0,0.06535795,0.934642,0.0
9,11,0.0,0.0,0.0,0.0,0.0,0.0,0.0,0.0,0.0,0.0,0.06535795,0.934642,0.0
9,11,0.0,0.0,0.0,0.0,0.0,0.0,0.0,0.0,0.0,0.0,0.06535795,0.934642,0.0
9,11,0.0,0.0,0.0,0.0,0.0,0.0,0.0,0.0,0.0,0.0,0.06535795,0.934642,0.0
9,11,0.0,0.0,0.0,0.0,0.0,0.0,0.0,0.0,0.0,0.0,0.06535795,0.934642,0.0
9,11,0.0,0.0,0.0,0.0,0.0,0.0,0.0,0.0,0.0,0.0,0.06535795,0.934642,0.0
9,11,0.0,0.0,0.0,0.0,0.0,0.0,0.0,0.0,0.0,0.0,0.06535795,0.934642,0.0
9,11,0.0,0.0,0.0,0.0,0.0,0.0,0.0,0.0,0.0,0.0,0.06535795,0.934642,0.0
9,11,0.0,0.0,0.0,0.0,0.0,0.0,0.0,0.0,0.0,0.0,0.06535795,0.934642,0.0
9,11,0.0,0.0,0.0,0.0,0.0,0.0,0.0,0.0,0.0,0.0,0.06535795,0.934642,0.0
9,11,0.0,0.0,0.0,0.0,0.0,0.0,0.0,0.0,0.0,0.0,0.06535795,0.934642,0.0
9,11,0.0,0.0,0.0,0.0,0.0,0.0,0.0,0.0,0.0,0.0,0.06535795,0.934642,0.0
9,11,0.0,0.0,0.0,0.0,0.0,0.0,0.0,0.0,0.0,0.0,0.06535795,0.934642,0.0
9,11,0.0,0.0,0.0,0.0,0.0,0.0,0.0,0.0,0.0,0.0,0.06535795,0.934642,0.0
9,11,0.0,0.0,0.0,0.0,0.0,0.0,0.0,0.0,0.0,0.0,0.06535795,0.934642,0.0
9,11,0.0,0.0,0.0,0.0,0.0,0.0,0.0,0.0,0.0,0.0,0.06535795,0.934642,0.0
9,11,0.0,0.0,0.0,0.0,0.0,0.0,0.0,0.0,0.0,0.0,0.06535795,0.934642,0.0
9,11,0.0,0.0,0.0,0.0,0.0,0.0,0.0,0.0,0.0,0.0,0.06535795,0.934642,0.0
9,11,0.0,0.0,0.0,0.0,0.0,0.0,0.0,0.0,0.0,0.0,0.06535795,0.934642,0.0
9,11,0.0,0.0,0.0,0.0,0.0,0.0,0.0,0.0,0.0,0.0,0.06535795,0.934642,0.0
9,11,0.0,0.0,0.0,0.0,0.0,0.0,0.0,0.0,0.0,0.0,0.06535795,0.934642,0.0
9,11,0.0,0.0,0.0,0.0,0.0,0.0,0.0,0.0,0.0,0.0,0.06535795,0.934642,0.0
9,11,0.0,0.0,0.0,0.0,0.0,0.0,0.0,0.0,0.0,0.0,0.06535795,0.934642,0.0
9,11,0.0,0.0,0.0,0.0,0.0,0.0,0.0,0.0,0.0,0.0,0.06535795,0.934642,0.0
9,11,0.0,0.0,0.0,0.0,0.0,0.0,0.0,0.0,0.0,0.0,0.06535795,0.934642,0.0
9,11,0.0,0.0,0.0,0.0,0.0,0.0,0.0,0.0,0.0,0.0,0.06535795,0.934642,0.0
9,11,0.0,0.0,0.0,0.0,0.0,0.0,0.0,0.0,0.0,0.0,0.06535795,0.934642,0.0
9,11,0.0,0.0,0.0,0.0,0.0,0.0,0.0,0.0,0.0,0.0,0.06535795,0.934642,0.0
9,11,0.0,0.0,0.0,0.0,0.0,0.0,0.0,0.0,0.0,0.0,0.06535795,0.934642,0.0
9,11,0.0,0.0,0.0,0.0,0.0,0.0,0.0,0.0,0.0,0.0,0.06535795,0.934642,0.0
9,11,0.0,0.0,0.0,0.0,0.0,0.0,0.0,0.0,0.0,0.0,0.06535795,0.934642,0.0
9,11,0.0,0.0,0.0,0.0,0.0,0.0,0.0,0.0,0.0,0.0,0.06535795,0.934642,0.0
9,11,0.0,0.0,0.0,0.0,0.0,0.0,0.0,0.0,0.0,0.0,0.06535795,0.934642,0.0
9,11,0.0,0.0,0.0,0.0,0.0,0.0,0.0,0.0,0.0,0.0,0.06535795,0.934642,0.0
9,11,0.0,0.0,0.0,0.0,0.0,0.0,0.0,0.0,0.0,0.0,0.06535795,0.934642,0.0
9,11,0.0,0.0,0.0,0.0,0.0,0.0,0.0,0.0,0.0,0.0,0.06535795,0.934642,0.0
9,11,0.0,0.0,0.0,0.0,0.0,0.0,0.0,0.0,0.0,0.0,0.06535795,0.934642,0.0
9,11,0.0,0.0,0.0,0.0,0.0,0.0,0.0,0.0,0.0,0.0,0.06535795,0.934642,0.0
9,11,0.0,0.0,0.0,0.0,0.0,0.0,0.0,0.0,0.0,0.0,0.06535795,0.934642,0.0
9,11,0.0,0.0,0.0,0.0,0.0,0.0,0.0,0.0,0.0,0.0,0.06535795,0.934642,0.0
9,11,0.0,0.0,0.0,0.0,0.0,0.0,0.0,0.0,0.0,0.0,0.06535795,0.934642,0.0
9,11,0.0,0.0,0.0,0.0,0.0,0.0,0.0,0.0,0.0,0.0,0.06535795,0.934642,0.0
9,11,0.0,0.0,0.0,0.0,0.0,0.0,0.0,0.0,0.0,0.0,0.06535795,0.934642,0.0
9,11,0.0,0.0,0.0,0.0,0.0,0.0,0.0,0.0,0.0,0.0,0.06535795,0.934642,0.0
9,11,0.0,0.0,0.0,0.0,0.0,0.0,0.0,0.0,0.0,0.0,0.06535795,0.934642,0.0
9,11,0.0,0.0,0.0,0.0,0.0,0.0,0.0,0.0,0.0,0.0,0.06535795,0.934642,0.0
9,11,0.0,0.0,0.0,0.0,0.0,0.0,0.0,0.0,0.0,0.0,0.06535795,0.934642,0.0
9,11,0.0,0.0,0.0,0.0,0.0,0.0,0.0,0.0,0.0,0.0,0.06535795,0.934642,0.0
9,11,0.0,0.0,0.0,0.0,0.0,0.0,0.0,0.0,0.0,0.0,0.06535795,0.934642,0.0
9,11,0.0,0.0,0.0,0.0,0.0,0.0,0.0,0.0,0.0,0.0,0.06535795,0.934642,0.0
9,11,0.0,0.0,0.0,0.0,0.0,0.0,0.0,0.0,0.0,0.0,0.06535795,0.934642,0.0
9,11,0.0,0.0,0.0,0.0,0.0,0.0,0.0,0.0,0.0,0.0,0.06535795,0.934642,0.0
9,11,0.0,0.0,0.0,0.0,0.0,0.0,0.0,0.0,0.0,0.0,0.06535795,0.934642,0.0
9,11,0.0,0.0,0.0,0.0,0.0,0.0,0.0,0.0,0.0,0.0,0.06535795,0.934642,0.0
9,11,0.0,0.0,0.0,0.0,0.0,0.0,0.0,0.0,0.0,0.0,0.06535795,0.934642,0.0
9,11,0.0,0.0,0.0,0.0,0.0,0.0,0.0,0.0,0.0,0.0,0.06535795,0.934642,0.0
9,11,0.0,0.0,0.0,0.0,0.0,0.0,0.0,0.0,0.0,0.0,0.06535795,0.934642,0.0
9,11,0.0,0.0,0.0,0.0,0.0,0.0,0.0,0.0,0.0,0.0,0.06535795,0.934642,0.0
9,11,0.0,0.0,0.0,0.0,0.0,0.0,0.0,0.0,0.0,0.0,0.06535795,0.934642,0.0
9,11,0.0,0.0,0.0,0.0,0.0,0.0,0.0,0.0,0.0,0.0,0.06535795,0.934642,0.0
9,11,0.0,0.0,0.0,0.0,0.0,0.0,0.0,0.0,0.0,0.0,0.06535795,0.934642,0.0
9,11,0.0,0.0,0.0,0.0,0.0,0.0,0.0,0.0,0.0,0.0,0.06535795,0.934642,0.0
9,11,0.0,0.0,0.0,0.0,0.0,0.0,0.0,0.0,0.0,0.0,0.06535795,0.934642,0.0
9,11,0.0,0.0,0.0,0.0,0.0,0.0,0.0,0.0,0.0,0.0,0.06535795,0.934642,0.0
9,11,0.0,0.0,0.0,0.0,0.0,0.0,0.0,0.0,0.0,0.0,0.06535795,0.934642,0.0
9,11,0.0,0.0,0.0,0.0,0.0,0.0,0.0,0.0,0.0,0.0,0.06535795,0.934642,0.0
9,11,0.0,0.0,0.0,0.0,0.0,0.0,0.0,0.0,0.0,0.0,0.06535795,0.934642,0.0
9,11,0.0,0.0,0.0,0.0,0.0,0.0,0.0,0.0,0.0,0.0,0.06535795,0.934642,0.0
9,11,0.0,0.0,0.0,0.0,0.0,0.0,0.0,0.0,0.0,0.0,0.06535795,0.934642,0.0
9,11,0.0,0.0,0.0,0.0,0.0,0.0,0.0,0.0,0.0,0.0,0.06535795,0.934642,0.0
9,11,0.0,0.0,0.0,0.0,0.0,0.0,0.0,0.0,0.0,0.0,0.06535795,0.934642,0.0
9,11,0.0,0.0,0.0,0.0,0.0,0.0,0.0,0.0,0.0,0.0,0.06535795,0.934642,0.0
9,11,0.0,0.0,0.0,0.0,0.0,0.0,0.0,0.0,0.0,0.0,0.06535795,0.934642,0.0
9,11,0.0,0.0,0.0,0.0,0.0,0.0,0.0,0.0,0.0,0.0,0.06535795,0.934642,0.0
9,11,0.0,0.0,0.0,0.0,0.0,0.0,0.0,0.0,0.0,0.0,0.06535795,0.934642,0.0
9,11,0.0,0.0,0.0,0.0,0.0,0.0,0.0,0.0,0.0,0.0,0.06535795,0.934642,0.0
9,11,0.0,0.0,0.0,0.0,0.0,0.0,0.0,0.0,0.0,0.0,0.06535795,0.934642,0.0
9,11,0.0,0.0,0.0,0.0,0.0,0.0,0.0,0.0,0.0,0.0,0.06535795,0.934642,0.0
9,11,0.0,0.0,0.0,0.0,0.0,0.0,0.0,0.0,0.0,0.0,0.06535795,0.934642,0.0
9,11,0.0,0.0,0.0,0.0,0.0,0.0,0.0,0.0,0.0,0.0,0.06535795,0.934642,0.0
9,11,0.0,0.0,0.0,0.0,0.0,0.0,0.0,0.0,0.0,0.0,0.06535795,0.934642,0.0
9,11,0.0,0.0,0.0,0.0,0.0,0.0,0.0,0.0,0.0,0.0,0.06535795,0.934642,0.0
9,11,0.0,0.0,0.0,0.0,0.0,0.0,0.0,0.0,0.0,0.0,0.06535795,0.934642,0.0
9,11,0.0,0.0,0.0,0.0,0.0,0.0,0.0,0.0,0.0,0.0,0.06535795,0.934642,0.0
9,11,0.0,0.0,0.0,0.0,0.0,0.0,0.0,0.0,0.0,0.0,0.06535795,0.934642,0.0
9,11,0.0,0.0,0.0,0.0,0.0,0.0,0.0,0.0,0.0,0.0,0.06535795,0.934642,0.0
9,11,0.0,0.0,0.0,0.0,0.0,0.0,0.0,0.0,0.0,0.0,0.06535795,0.934642,0.0
9,11,0.0,0.0,0.0,0.0,0.0,0.0,0.0,0.0,0.0,0.0,0.06535795,0.934642,0.0
9,11,0.0,0.0,0.0,0.0,0.0,0.0,0.0,0.0,0.0,0.0,0.06535795,0.934642,0.0
9,11,0.0,0.0,0.0,0.0,0.0,0.0,0.0,0.0,0.0,0.0,0.06535795,0.934642,0.0
9,11,0.0,0.0,0.0,0.0,0.0,0.0,0.0,0.0,0.0,0.0,0.06535795,0.934642,0.0
9,11,0.0,0.0,0.0,0.0,0.0,0.0,0.0,0.0,0.0,0.0,0.06535795,0.934642,0.0
9,11,0.0,0.0,0.0,0.0,0.0,0.0,0.0,0.0,0.0,0.0,0.06535795,0.934642,0.0
9,11,0.0,0.0,0.0,0.0,0.0,0.0,0.0,0.0,0.0,0.0,0.06535795,0.934642,0.0
9,11,0.0,0.0,0.0,0.0,0.0,0.0,0.0,0.0,0.0,0.0,0.06535795,0.934642,0.0
9,11,0.0,0.0,0.0,0.0,0.0,0.0,0.0,0.0,0.0,0.0,0.06535795,0.934642,0.0
9,11,0.0,0.0,0.0,0.0,0.0,0.0,0.0,0.0,0.0,0.0,0.06535795,0.934642,0.0
9,11,0.0,0.0,0.0,0.0,0.0,0.0,0.0,0.0,0.0,0.0,0.06535795,0.934642,0.0
9,11,0.0,0.0,0.0,0.0,0.0,0.0,0.0,0.0,0.0,0.0,0.06535795,0.934642,0.0
9,11,0.0,0.0,0.0,0.0,0.0,0.0,0.0,0.0,0.0,0.0,0.06535795,0.934642,0.0
9,11,0.0,0.0,0.0,0.0,0.0,0.0,0.0,0.0,0.0,0.0,0.06535795,0.934642,0.0
9,11,0.0,0.0,0.0,0.0,0.0,0.0,0.0,0.0,0.0,0.0,0.06535795,0.934642,0.0
9,11,0.0,0.0,0.0,0.0,0.0,0.0,0.0,0.0,0.0,0.0,0.06535795,0.934642,0.0
9,11,0.0,0.0,0.0,0.0,0.0,0.0,0.0,0.0,0.0,0.0,0.06535795,0.934642,0.0
9,11,0.0,0.0,0.0,0.0,0.0,0.0,0.0,0.0,0.0,0.0,0.06535795,0.934642,0.0
9,11,0.0,0.0,0.0,0.0,0.0,0.0,0.0,0.0,0.0,0.0,0.06535795,0.934642,0.0
9,11,0.0,0.0,0.0,0.0,0.0,0.0,0.0,0.0,0.0,0.0,0.06535795,0.934642,0.0
9,11,0.0,0.0,0.0,0.0,0.0,0.0,0.0,0.0,0.0,0.0,0.06535795,0.934642,0.0
9,11,0.0,0.0,0.0,0.0,0.0,0.0,0.0,0.0,0.0,0.0,0.06535795,0.934642,0.0
9,11,0.0,0.0,0.0,0.0,0.0,0.0,0.0,0.0,0.0,0.0,0.06535795,0.934642,0.0
9,11,0.0,0.0,0.0,0.0,0.0,0.0,0.0,0.0,0.0,0.0,0.06535795,0.934642,0.0
9,11,0.0,0.0,0.0,0.0,0.0,0.0,0.0,0.0,0.0,0.0,0.06535795,0.934642,0.0
9,11,0.0,0.0,0.0,0.0,0.0,0.0,0.0,0.0,0.0,0.0,0.06535795,0.934642,0.0
9,11,0.0,0.0,0.0,0.0,0.0,0.0,0.0,0.0,0.0,0.0,0.06535795,0.934642,0.0
9,11,0.0,0.0,0.0,0.0,0.0,0.0,0.0,0.0,0.0,0.0,0.06535795,0.934642,0.0
9,11,0.0,0.0,0.0,0.0,0.0,0.0,0.0,0.0,0.0,0.0,0.06535795,0.934642,0.0
9,11,0.0,0.0,0.0,0.0,0.0,0.0,0.0,0.0,0.0,0.0,0.06535795,0.934642,0.0
9,11,0.0,0.0,0.0,0.0,0.0,0.0,0.0,0.0,0.0,0.0,0.06535795,0.934642,0.0
9,11,0.0,0.0,0.0,0.0,0.0,0.0,0.0,0.0,0.0,0.0,0.06535795,0.934642,0.0
9,11,0.0,0.0,0.0,0.0,0.0,0.0,0.0,0.0,0.0,0.0,0.06535795,0.934642,0.0
9,11,0.0,0.0,0.0,0.0,0.0,0.0,0.0,0.0,0.0,0.0,0.06535795,0.934642,0.0
9,11,0.0,0.0,0.0,0.0,0.0,0.0,0.0,0.0,0.0,0.0,0.06535795,0.934642,0.0
9,11,0.0,0.0,0.0,0.0,0.0,0.0,0.0,0.0,0.0,0.0,0.06535795,0.934642,0.0
9,11,0.0,0.0,0.0,0.0,0.0,0.0,0.0,0.0,0.0,0.0,0.06535795,0.934642,0.0
9,11,0.0,0.0,0.0,0.0,0.0,0.0,0.0,0.0,0.0,0.0,0.06535795,0.934642,0.0
9,11,0.0,0.0,0.0,0.0,0.0,0.0,0.0,0.0,0.0,0.0,0.06535795,0.934642,0.0
9,11,0.0,0.0,0.0,0.0,0.0,0.0,0.0,0.0,0.0,0.0,0.06535795,0.934642,0.0
9,11,0.0,0.0,0.0,0.0,0.0,0.0,0.0,0.0,0.0,0.0,0.06535795,0.934642,0.0
9,11,0.0,0.0,0.0,0.0,0.0,0.0,0.0,0.0,0.0,0.0,0.06535795,0.934642,0.0
9,11,0.0,0.0,0.0,0.0,0.0,0.0,0.0,0.0,0.0,0.0,0.06535795,0.934642,0.0
9,11,0.0,0.0,0.0,0.0,0.0,0.0,0.0,0.0,0.0,0.0,0.06535795,0.934642,0.0
9,11,0.0,0.0,0.0,0.0,0.0,0.0,0.0,0.0,0.0,0.0,0.06535795,0.934642,0.0
9,11,0.0,0.0,0.0,0.0,0.0,0.0,0.0,0.0,0.0,0.0,0.06535795,0.934642,0.0
9,11,0.0,0.0,0.0,0.0,0.0,0.0,0.0,0.0,0.0,0.0,0.06535795,0.934642,0.0
9,11,0.0,0.0,0.0,0.0,0.0,0.0,0.0,0.0,0.0,0.0,0.06535795,0.934642,0.0
9,11,0.0,0.0,0.0,0.0,0.0,0.0,0.0,0.0,0.0,0.0,0.06535795,0.934642,0.0
9,11,0.0,0.0,0.0,0.0,0.0,0.0,0.0,0.0,0.0,0.0,0.06535795,0.934642,0.0
9,11,0.0,0.0,0.0,0.0,0.0,0.0,0.0,0.0,0.0,0.0,0.06535795,0.934642,0.0
9,11,0.0,0.0,0.0,0.0,0.0,0.0,0.0,0.0,0.0,0.0,0.06535795,0.934642,0.0
9,11,0.0,0.0,0.0,0.0,0.0,0.0,0.0,0.0,0.0,0.0,0.06535795,0.934642,0.0
9,11,0.0,0.0,0.0,0.0,0.0,0.0,0.0,0.0,0.0,0.0,0.06535795,0.934642,0.0
9,11,0.0,0.0,0.0,0.0,0.0,0.0,0.0,0.0,0.0,0.0,0.06535795,0.934642,0.0
9,11,0.0,0.0,0.0,0.0,0.0,0.0,0.0,0.0,0.0,0.0,0.06535795,0.934642,0.0
9,11,0.0,0.0,0.0,0.0,0.0,0.0,0.0,0.0,0.0,0.0,0.06535795,0.934642,0.0
9,11,0.0,0.0,0.0,0.0,0.0,0.0,0.0,0.0,0.0,0.0,0.06535795,0.934642,0.0
9,11,0.0,0.0,0.0,0.0,0.0,0.0,0.0,0.0,0.0,0.0,0.06535795,0.934642,0.0
9,11,0.0,0.0,0.0,0.0,0.0,0.0,0.0,0.0,0.0,0.0,0.06535795,0.934642,0.0
9,11,0.0,0.0,0.0,0.0,0.0,0.0,0.0,0.0,0.0,0.0,0.06535795,0.934642,0.0
9,11,0.0,0.0,0.0,0.0,0.0,0.0,0.0,0.0,0.0,0.0,0.06535795,0.934642,0.0
9,11,0.0,0.0,0.0,0.0,0.0,0.0,0.0,0.0,0.0,0.0,0.06535795,0.934642,0.0
9,11,0.0,0.0,0.0,0.0,0.0,0.0,0.0,0.0,0.0,0.0,0.06535795,0.934642,0.0
9,11,0.0,0.0,0.0,0.0,0.0,0.0,0.0,0.0,0.0,0.0,0.06535795,0.934642,0.0
9,11,0.0,0.0,0.0,0.0,0.0,0.0,0.0,0.0,0.0,0.0,0.06535795,0.934642,0.0
9,11,0.0,0.0,0.0,0.0,0.0,0.0,0.0,0.0,0.0,0.0,0.06535795,0.934642,0.0
9,11,0.0,0.0,0.0,0.0,0.0,0.0,0.0,0.0,0.0,0.0,0.06535795,0.934642,0.0
9,11,0.0,0.0,0.0,0.0,0.0,0.0,0.0,0.0,0.0,0.0,0.06535795,0.934642,0.0
9,11,0.0,0.0,0.0,0.0,0.0,0.0,0.0,0.0,0.0,0.0,0.06535795,0.934642,0.0
9,11,0.0,0.0,0.0,0.0,0.0,0.0,0.0,0.0,0.0,0.0,0.06535795,0.934642,0.0
9,11,0.0,0.0,0.0,0.0,0.0,0.0,0.0,0.0,0.0,0.0,0.06535795,0.934642,0.0
9,11,0.0,0.0,0.0,0.0,0.0,0.0,0.0,0.0,0.0,0.0,0.06535795,0.934642,0.0
9,11,0.0,0.0,0.0,0.0,0.0,0.0,0.0,0.0,0.0,0.0,0.06535795,0.934642,0.0
9,11,0.0,0.0,0.0,0.0,0.0,0.0,0.0,0.0,0.0,0.0,0.06535795,0.934642,0.0
9,11,0.0,0.0,0.0,0.0,0.0,0.0,0.0,0.0,0.0,0.0,0.06535795,0.934642,0.0
9,11,0.0,0.0,0.0,0.0,0.0,0.0,0.0,0.0,0.0,0.0,0.06535795,0.934642,0.0
9,11,0.0,0.0,0.0,0.0,0.0,0.0,0.0,0.0,0.0,0.0,0.06535795,0.934642,0.0
9,11,0.0,0.0,0.0,0.0,0.0,0.0,0.0,0.0,0.0,0.0,0.06535795,0.934642,0.0
9,11,0.0,0.0,0.0,0.0,0.0,0.0,0.0,0.0,0.0,0.0,0.06535795,0.934642,0.0
9,11,0.0,0.0,0.0,0.0,0.0,0.0,0.0,0.0,0.0,0.0,0.06535795,0.934642,0.0
9,11,0.0,0.0,0.0,0.0,0.0,0.0,0.0,0.0,0.0,0.0,0.06535795,0.934642,0.0
9,11,0.0,0.0,0.0,0.0,0.0,0.0,0.0,0.0,0.0,0.0,0.06535795,0.934642,0.0
9,11,0.0,0.0,0.0,0.0,0.0,0.0,0.0,0.0,0.0,0.0,0.06535795,0.934642,0.0
9,11,0.0,0.0,0.0,0.0,0.0,0.0,0.0,0.0,0.0,0.0,0.06535795,0.934642,0.0
9,11,0.0,0.0,0.0,0.0,0.0,0.0,0.0,0.0,0.0,0.0,0.06535795,0.934642,0.0
9,11,0.0,0.0,0.0,0.0,0.0,0.0,0.0,0.0,0.0,0.0,0.06535795,0.934642,0.0
9,11,0.0,0.0,0.0,0.0,0.0,0.0,0.0,0.0,0.0,0.0,0.06535795,0.934642,0.0
9,11,0.0,0.0,0.0,0.0,0.0,0.0,0.0,0.0,0.0,0.0,0.06535795,0.934642,0.0
9,11,0.0,0.0,0.0,0.0,0.0,0.0,0.0,0.0,0.0,0.0,0.06535795,0.934642,0.0
9,11,0.0,0.0,0.0,0.0,0.0,0.0,0.0,0.0,0.0,0.0,0.06535795,0.934642,0.0
9,11,0.0,0.0,0.0,0.0,0.0,0.0,0.0,0.0,0.0,0.0,0.06535795,0.934642,0.0
9,11,0.0,0.0,0.0,0.0,0.0,0.0,0.0,0.0,0.0,0.0,0.06535795,0.934642,0.0
9,11,0.0,0.0,0.0,0.0,0.0,0.0,0.0,0.0,0.0,0.0,0.06535795,0.934642,0.0
9,11,0.0,0.0,0.0,0.0,0.0,0.0,0.0,0.0,0.0,0.0,0.06535795,0.934642,0.0
9,11,0.0,0.0,0.0,0.0,0.0,0.0,0.0,0.0,0.0,0.0,0.06535795,0.934642,0.0
9,11,0.0,0.0,0.0,0.0,0.0,0.0,0.0,0.0,0.0,0.0,0.06535795,0.934642,0.0
9,11,0.0,0.0,0.0,0.0,0.0,0.0,0.0,0.0,0.0,0.0,0.06535795,0.934642,0.0
9,11,0.0,0.0,0.0,0.0,0.0,0.0,0.0,0.0,0.0,0.0,0.06535795,0.934642,0.0
9,11,0.0,0.0,0.0,0.0,0.0,0.0,0.0,0.0,0.0,0.0,0.06535795,0.934642,0.0
9,11,0.0,0.0,0.0,0.0,0.0,0.0,0.0,0.0,0.0,0.0,0.06535795,0.934642,0.0
9,11,0.0,0.0,0.0,0.0,0.0,0.0,0.0,0.0,0.0,0.0,0.06535795,0.934642,0.0
9,11,0.0,0.0,0.0,0.0,0.0,0.0,0.0,0.0,0.0,0.0,0.06535795,0.934642,0.0
9,11,0.0,0.0,0.0,0.0,0.0,0.0,0.0,0.0,0.0,0.0,0.06535795,0.934642,0.0
9,11,0.0,0.0,0.0,0.0,0.0,0.0,0.0,0.0,0.0,0.0,0.06535795,0.934642,0.0
9,11,0.0,0.0,0.0,0.0,0.0,0.0,0.0,0.0,0.0,0.0,0.06535795,0.934642,0.0
9,11,0.0,0.0,0.0,0.0,0.0,0.0,0.0,0.0,0.0,0.0,0.06535795,0.934642,0.0
9,11,0.0,0.0,0.0,0.0,0.0,0.0,0.0,0.0,0.0,0.0,0.06535795,0.934642,0.0
9,11,0.0,0.0,0.0,0.0,0.0,0.0,0.0,0.0,0.0,0.0,0.06535795,0.934642,0.0
9,11,0.0,0.0,0.0,0.0,0.0,0.0,0.0,0.0,0.0,0.0,0.06535795,0.934642,0.0
9,11,0.0,0.0,0.0,0.0,0.0,0.0,0.0,0.0,0.0,0.0,0.06535795,0.934642,0.0
9,11,0.0,0.0,0.0,0.0,0.0,0.0,0.0,0.0,0.0,0.0,0.06535795,0.934642,0.0
9,11,0.0,0.0,0.0,0.0,0.0,0.0,0.0,0.0,0.0,0.0,0.06535795,0.934642,0.0
9,11,0.0,0.0,0.0,0.0,0.0,0.0,0.0,0.0,0.0,0.0,0.06535795,0.934642,0.0
9,11,0.0,0.0,0.0,0.0,0.0,0.0,0.0,0.0,0.0,0.0,0.06535795,0.934642,0.0
9,11,0.0,0.0,0.0,0.0,0.0,0.0,0.0,0.0,0.0,0.0,0.06535795,0.934642,0.0
9,11,0.0,0.0,0.0,0.0,0.0,0.0,0.0,0.0,0.0,0.0,0.06535795,0.934642,0.0
9,11,0.0,0.0,0.0,0.0,0.0,0.0,0.0,0.0,0.0,0.0,0.06535795,0.934642,0.0
9,11,0.0,0.0,0.0,0.0,0.0,0.0,0.0,0.0,0.0,0.0,0.06535795,0.934642,0.0
9,11,0.0,0.0,0.0,0.0,0.0,0.0,0.0,0.0,0.0,0.0,0.06535795,0.934642,0.0
9,11,0.0,0.0,0.0,0.0,0.0,0.0,0.0,0.0,0.0,0.0,0.06535795,0.934642,0.0
9,11,0.0,0.0,0.0,0.0,0.0,0.0,0.0,0.0,0.0,0.0,0.06535795,0.934642,0.0
9,11,0.0,0.0,0.0,0.0,0.0,0.0,0.0,0.0,0.0,0.0,0.06535795,0.934642,0.0
9,11,0.0,0.0,0.0,0.0,0.0,0.0,0.0,0.0,0.0,0.0,0.06535795,0.934642,0.0
9,11,0.0,0.0,0.0,0.0,0.0,0.0,0.0,0.0,0.0,0.0,0.06535795,0.934642,0.0
9,11,0.0,0.0,0.0,0.0,0.0,0.0,0.0,0.0,0.0,0.0,0.06535795,0.934642,0.0
9,11,0.0,0.0,0.0,0.0,0.0,0.0,0.0,0.0,0.0,0.0,0.06535795,0.934642,0.0
9,11,0.0,0.0,0.0,0.0,0.0,0.0,0.0,0.0,0.0,0.0,0.06535795,0.934642,0.0
9,11,0.0,0.0,0.0,0.0,0.0,0.0,0.0,0.0,0.0,0.0,0.06535795,0.934642,0.0
9,11,0.0,0.0,0.0,0.0,0.0,0.0,0.0,0.0,0.0,0.0,0.06535795,0.934642,0.0
9,11,0.0,0.0,0.0,0.0,0.0,0.0,0.0,0.0,0.0,0.0,0.06535795,0.934642,0.0
9,11,0.0,0.0,0.0,0.0,0.0,0.0,0.0,0.0,0.0,0.0,0.06535795,0.934642,0.0
9,11,0.0,0.0,0.0,0.0,0.0,0.0,0.0,0.0,0.0,0.0,0.06535795,0.934642,0.0
9,11,0.0,0.0,0.0,0.0,0.0,0.0,0.0,0.0,0.0,0.0,0.06535795,0.934642,0.0
9,11,0.0,0.0,0.0,0.0,0.0,0.0,0.0,0.0,0.0,0.0,0.06535795,0.934642,0.0
9,11,0.0,0.0,0.0,0.0,0.0,0.0,0.0,0.0,0.0,0.0,0.06535795,0.934642,0.0
9,11,0.0,0.0,0.0,0.0,0.0,0.0,0.0,0.0,0.0,0.0,0.06535795,0.934642,0.0
9,11,0.0,0.0,0.0,0.0,0.0,0.0,0.0,0.0,0.0,0.0,0.06535795,0.934642,0.0
9,11,0.0,0.0,0.0,0.0,0.0,0.0,0.0,0.0,0.0,0.0,0.06535795,0.934642,0.0
9,11,0.0,0.0,0.0,0.0,0.0,0.0,0.0,0.0,0.0,0.0,0.06535795,0.934642,0.0
9,11,0.0,0.0,0.0,0.0,0.0,0.0,0.0,0.0,0.0,0.0,0.06535795,0.934642,0.0
9,11,0.0,0.0,0.0,0.0,0.0,0.0,0.0,0.0,0.0,0.0,0.06535795,0.934642,0.0
9,11,0.0,0.0,0.0,0.0,0.0,0.0,0.0,0.0,0.0,0.0,0.06535795,0.934642,0.0
9,11,0.0,0.0,0.0,0.0,0.0,0.0,0.0,0.0,0.0,0.0,0.06535795,0.934642,0.0
9,11,0.0,0.0,0.0,0.0,0.0,0.0,0.0,0.0,0.0,0.0,0.06535795,0.934642,0.0
9,11,0.0,0.0,0.0,0.0,0.0,0.0,0.0,0.0,0.0,0.0,0.06535795,0.934642,0.0
9,11,0.0,0.0,0.0,0.0,0.0,0.0,0.0,0.0,0.0,0.0,0.06535795,0.934642,0.0
9,11,0.0,0.0,0.0,0.0,0.0,0.0,0.0,0.0,0.0,0.0,0.06535795,0.934642,0.0
9,11,0.0,0.0,0.0,0.0,0.0,0.0,0.0,0.0,0.0,0.0,0.06535795,0.934642,0.0
9,11,0.0,0.0,0.0,0.0,0.0,0.0,0.0,0.0,0.0,0.0,0.06535795,0.934642,0.0
9,11,0.0,0.0,0.0,0.0,0.0,0.0,0.0,0.0,0.0,0.0,0.06535795,0.934642,0.0
9,11,0.0,0.0,0.0,0.0,0.0,0.0,0.0,0.0,0.0,0.0,0.06535795,0.934642,0.0
9,11,0.0,0.0,0.0,0.0,0.0,0.0,0.0,0.0,0.0,0.0,0.06535795,0.934642,0.0
9,11,0.0,0.0,0.0,0.0,0.0,0.0,0.0,0.0,0.0,0.0,0.06535795,0.934642,0.0
9,11,0.0,0.0,0.0,0.0,0.0,0.0,0.0,0.0,0.0,0.0,0.06535795,0.934642,0.0
9,11,0.0,0.0,0.0,0.0,0.0,0.0,0.0,0.0,0.0,0.0,0.06535795,0.934642,0.0
9,11,0.0,0.0,0.0,0.0,0.0,0.0,0.0,0.0,0.0,0.0,0.06535795,0.934642,0.0
9,11,0.0,0.0,0.0,0.0,0.0,0.0,0.0,0.0,0.0,0.0,0.06535795,0.934642,0.0
9,11,0.0,0.0,0.0,0.0,0.0,0.0,0.0,0.0,0.0,0.0,0.06535795,0.934642,0.0
9,11,0.0,0.0,0.0,0.0,0.0,0.0,0.0,0.0,0.0,0.0,0.06535795,0.934642,0.0
9,11,0.0,0.0,0.0,0.0,0.0,0.0,0.0,0.0,0.0,0.0,0.06535795,0.934642,0.0
9,11,0.0,0.0,0.0,0.0,0.0,0.0,0.0,0.0,0.0,0.0,0.06535795,0.934642,0.0
9,11,0.0,0.0,0.0,0.0,0.0,0.0,0.0,0.0,0.0,0.0,0.06535795,0.934642,0.0
9,11,0.0,0.0,0.0,0.0,0.0,0.0,0.0,0.0,0.0,0.0,0.06535795,0.934642,0.0
9,11,0.0,0.0,0.0,0.0,0.0,0.0,0.0,0.0,0.0,0.0,0.06535795,0.934642,0.0
9,11,0.0,0.0,0.0,0.0,0.0,0.0,0.0,0.0,0.0,0.0,0.06535795,0.934642,0.0
9,11,0.0,0.0,0.0,0.0,0.0,0.0,0.0,0.0,0.0,0.0,0.06535795,0.934642,0.0
9,11,0.0,0.0,0.0,0.0,0.0,0.0,0.0,0.0,0.0,0.0,0.06535795,0.934642,0.0
9,11,0.0,0.0,0.0,0.0,0.0,0.0,0.0,0.0,0.0,0.0,0.06535795,0.934642,0.0
9,11,0.0,0.0,0.0,0.0,0.0,0.0,0.0,0.0,0.0,0.0,0.06535795,0.934642,0.0
9,11,0.0,0.0,0.0,0.0,0.0,0.0,0.0,0.0,0.0,0.0,0.06535795,0.934642,0.0
9,11,0.0,0.0,0.0,0.0,0.0,0.0,0.0,0.0,0.0,0.0,0.06535795,0.934642,0.0
9,11,0.0,0.0,0.0,0.0,0.0,0.0,0.0,0.0,0.0,0.0,0.06535795,0.934642,0.0
9,11,0.0,0.0,0.0,0.0,0.0,0.0,0.0,0.0,0.0,0.0,0.06535795,0.934642,0.0
9,11,0.0,0.0,0.0,0.0,0.0,0.0,0.0,0.0,0.0,0.0,0.06535795,0.934642,0.0
9,11,0.0,0.0,0.0,0.0,0.0,0.0,0.0,0.0,0.0,0.0,0.06535795,0.934642,0.0
9,11,0.0,0.0,0.0,0.0,0.0,0.0,0.0,0.0,0.0,0.0,0.06535795,0.934642,0.0
9,11,0.0,0.0,0.0,0.0,0.0,0.0,0.0,0.0,0.0,0.0,0.06535795,0.934642,0.0
9,11,0.0,0.0,0.0,0.0,0.0,0.0,0.0,0.0,0.0,0.0,0.06535795,0.934642,0.0
9,11,0.0,0.0,0.0,0.0,0.0,0.0,0.0,0.0,0.0,0.0,0.06535795,0.934642,0.0
9,11,0.0,0.0,0.0,0.0,0.0,0.0,0.0,0.0,0.0,0.0,0.06535795,0.934642,0.0
9,11,0.0,0.0,0.0,0.0,0.0,0.0,0.0,0.0,0.0,0.0,0.06535795,0.934642,0.0
9,11,0.0,0.0,0.0,0.0,0.0,0.0,0.0,0.0,0.0,0.0,0.06535795,0.934642,0.0
9,11,0.0,0.0,0.0,0.0,0.0,0.0,0.0,0.0,0.0,0.0,0.06535795,0.934642,0.0
9,11,0.0,0.0,0.0,0.0,0.0,0.0,0.0,0.0,0.0,0.0,0.06535795,0.934642,0.0
9,11,0.0,0.0,0.0,0.0,0.0,0.0,0.0,0.0,0.0,0.0,0.06535795,0.934642,0.0
9,11,0.0,0.0,0.0,0.0,0.0,0.0,0.0,0.0,0.0,0.0,0.06535795,0.934642,0.0
9,11,0.0,0.0,0.0,0.0,0.0,0.0,0.0,0.0,0.0,0.0,0.06535795,0.934642,0.0
9,11,0.0,0.0,0.0,0.0,0.0,0.0,0.0,0.0,0.0,0.0,0.06535795,0.934642,0.0
9,11,0.0,0.0,0.0,0.0,0.0,0.0,0.0,0.0,0.0,0.0,0.06535795,0.934642,0.0
9,11,0.0,0.0,0.0,0.0,0.0,0.0,0.0,0.0,0.0,0.0,0.06535795,0.934642,0.0
9,11,0.0,0.0,0.0,0.0,0.0,0.0,0.0,0.0,0.0,0.0,0.06535795,0.934642,0.0
9,11,0.0,0.0,0.0,0.0,0.0,0.0,0.0,0.0,0.0,0.0,0.06535795,0.934642,0.0
9,11,0.0,0.0,0.0,0.0,0.0,0.0,0.0,0.0,0.0,0.0,0.06535795,0.934642,0.0
9,11,0.0,0.0,0.0,0.0,0.0,0.0,0.0,0.0,0.0,0.0,0.06535795,0.934642,0.0
9,11,0.0,0.0,0.0,0.0,0.0,0.0,0.0,0.0,0.0,0.0,0.06535795,0.934642,0.0
9,11,0.0,0.0,0.0,0.0,0.0,0.0,0.0,0.0,0.0,0.0,0.06535795,0.934642,0.0
9,11,0.0,0.0,0.0,0.0,0.0,0.0,0.0,0.0,0.0,0.0,0.06535795,0.934642,0.0
9,11,0.0,0.0,0.0,0.0,0.0,0.0,0.0,0.0,0.0,0.0,0.06535795,0.934642,0.0
9,11,0.0,0.0,0.0,0.0,0.0,0.0,0.0,0.0,0.0,0.0,0.06535795,0.934642,0.0
9,11,0.0,0.0,0.0,0.0,0.0,0.0,0.0,0.0,0.0,0.0,0.06535795,0.934642,0.0
9,11,0.0,0.0,0.0,0.0,0.0,0.0,0.0,0.0,0.0,0.0,0.06535795,0.934642,0.0
9,11,0.0,0.0,0.0,0.0,0.0,0.0,0.0,0.0,0.0,0.0,0.06535795,0.934642,0.0
9,11,0.0,0.0,0.0,0.0,0.0,0.0,0.0,0.0,0.0,0.0,0.06535795,0.934642,0.0
9,11,0.0,0.0,0.0,0.0,0.0,0.0,0.0,0.0,0.0,0.0,0.06535795,0.934642,0.0
9,11,0.0,0.0,0.0,0.0,0.0,0.0,0.0,0.0,0.0,0.0,0.06535795,0.934642,0.0
9,11,0.0,0.0,0.0,0.0,0.0,0.0,0.0,0.0,0.0,0.0,0.06535795,0.934642,0.0
9,11,0.0,0.0,0.0,0.0,0.0,0.0,0.0,0.0,0.0,0.0,0.06535795,0.934642,0.0
9,11,0.0,0.0,0.0,0.0,0.0,0.0,0.0,0.0,0.0,0.0,0.06535795,0.934642,0.0
9,11,0.0,0.0,0.0,0.0,0.0,0.0,0.0,0.0,0.0,0.0,0.06535795,0.934642,0.0
9,11,0.0,0.0,0.0,0.0,0.0,0.0,0.0,0.0,0.0,0.0,0.06535795,0.934642,0.0
9,11,0.0,0.0,0.0,0.0,0.0,0.0,0.0,0.0,0.0,0.0,0.06535795,0.934642,0.0
9,11,0.0,0.0,0.0,0.0,0.0,0.0,0.0,0.0,0.0,0.0,0.06535795,0.934642,0.0
9,11,0.0,0.0,0.0,0.0,0.0,0.0,0.0,0.0,0.0,0.0,0.06535795,0.934642,0.0
9,11,0.0,0.0,0.0,0.0,0.0,0.0,0.0,0.0,0.0,0.0,0.06535795,0.934642,0.0
9,11,0.0,0.0,0.0,0.0,0.0,0.0,0.0,0.0,0.0,0.0,0.06535795,0.934642,0.0
9,11,0.0,0.0,0.0,0.0,0.0,0.0,0.0,0.0,0.0,0.0,0.06535795,0.934642,0.0
9,11,0.0,0.0,0.0,0.0,0.0,0.0,0.0,0.0,0.0,0.0,0.06535795,0.934642,0.0
9,11,0.0,0.0,0.0,0.0,0.0,0.0,0.0,0.0,0.0,0.0,0.06535795,0.934642,0.0
9,11,0.0,0.0,0.0,0.0,0.0,0.0,0.0,0.0,0.0,0.0,0.06535795,0.934642,0.0
9,11,0.0,0.0,0.0,0.0,0.0,0.0,0.0,0.0,0.0,0.0,0.06535795,0.934642,0.0
9,11,0.0,0.0,0.0,0.0,0.0,0.0,0.0,0.0,0.0,0.0,0.06535795,0.934642,0.0
9,11,0.0,0.0,0.0,0.0,0.0,0.0,0.0,0.0,0.0,0.0,0.06535795,0.934642,0.0
9,11,0.0,0.0,0.0,0.0,0.0,0.0,0.0,0.0,0.0,0.0,0.06535795,0.934642,0.0
9,11,0.0,0.0,0.0,0.0,0.0,0.0,0.0,0.0,0.0,0.0,0.06535795,0.934642,0.0
9,11,0.0,0.0,0.0,0.0,0.0,0.0,0.0,0.0,0.0,0.0,0.06535795,0.934642,0.0
9,11,0.0,0.0,0.0,0.0,0.0,0.0,0.0,0.0,0.0,0.0,0.06535795,0.934642,0.0
9,11,0.0,0.0,0.0,0.0,0.0,0.0,0.0,0.0,0.0,0.0,0.06535795,0.934642,0.0
9,11,0.0,0.0,0.0,0.0,0.0,0.0,0.0,0.0,0.0,0.0,0.06535795,0.934642,0.0
9,11,0.0,0.0,0.0,0.0,0.0,0.0,0.0,0.0,0.0,0.0,0.06535795,0.934642,0.0
9,11,0.0,0.0,0.0,0.0,0.0,0.0,0.0,0.0,0.0,0.0,0.06535795,0.934642,0.0
9,11,0.0,0.0,0.0,0.0,0.0,0.0,0.0,0.0,0.0,0.0,0.06535795,0.934642,0.0
9,11,0.0,0.0,0.0,0.0,0.0,0.0,0.0,0.0,0.0,0.0,0.06535795,0.934642,0.0
9,11,0.0,0.0,0.0,0.0,0.0,0.0,0.0,0.0,0.0,0.0,0.06535795,0.934642,0.0
9,11,0.0,0.0,0.0,0.0,0.0,0.0,0.0,0.0,0.0,0.0,0.06535795,0.934642,0.0
9,11,0.0,0.0,0.0,0.0,0.0,0.0,0.0,0.0,0.0,0.0,0.06535795,0.934642,0.0
9,11,0.0,0.0,0.0,0.0,0.0,0.0,0.0,0.0,0.0,0.0,0.06535795,0.934642,0.0
9,11,0.0,0.0,0.0,0.0,0.0,0.0,0.0,0.0,0.0,0.0,0.06535795,0.934642,0.0
9,11,0.0,0.0,0.0,0.0,0.0,0.0,0.0,0.0,0.0,0.0,0.06535795,0.934642,0.0
9,11,0.0,0.0,0.0,0.0,0.0,0.0,0.0,0.0,0.0,0.0,0.06535795,0.934642,0.0
9,11,0.0,0.0,0.0,0.0,0.0,0.0,0.0,0.0,0.0,0.0,0.06535795,0.934642,0.0
9,11,0.0,0.0,0.0,0.0,0.0,0.0,0.0,0.0,0.0,0.0,0.06535795,0.934642,0.0
9,11,0.0,0.0,0.0,0.0,0.0,0.0,0.0,0.0,0.0,0.0,0.06535795,0.934642,0.0
9,11,0.0,0.0,0.0,0.0,0.0,0.0,0.0,0.0,0.0,0.0,0.06535795,0.934642,0.0
9,11,0.0,0.0,0.0,0.0,0.0,0.0,0.0,0.0,0.0,0.0,0.06535795,0.934642,0.0
9,11,0.0,0.0,0.0,0.0,0.0,0.0,0.0,0.0,0.0,0.0,0.06535795,0.934642,0.0
9,11,0.0,0.0,0.0,0.0,0.0,0.0,0.0,0.0,0.0,0.0,0.06535795,0.934642,0.0
9,11,0.0,0.0,0.0,0.0,0.0,0.0,0.0,0.0,0.0,0.0,0.06535795,0.934642,0.0
9,11,0.0,0.0,0.0,0.0,0.0,0.0,0.0,0.0,0.0,0.0,0.06535795,0.934642,0.0
9,11,0.0,0.0,0.0,0.0,0.0,0.0,0.0,0.0,0.0,0.0,0.06535795,0.934642,0.0
9,11,0.0,0.0,0.0,0.0,0.0,0.0,0.0,0.0,0.0,0.0,0.06535795,0.934642,0.0
9,11,0.0,0.0,0.0,0.0,0.0,0.0,0.0,0.0,0.0,0.0,0.06535795,0.934642,0.0
9,11,0.0,0.0,0.0,0.0,0.0,0.0,0.0,0.0,0.0,0.0,0.06535795,0.934642,0.0
9,11,0.0,0.0,0.0,0.0,0.0,0.0,0.0,0.0,0.0,0.0,0.06535795,0.934642,0.0
9,11,0.0,0.0,0.0,0.0,0.0,0.0,0.0,0.0,0.0,0.0,0.06535795,0.934642,0.0
9,11,0.0,0.0,0.0,0.0,0.0,0.0,0.0,0.0,0.0,0.0,0.06535795,0.934642,0.0
9,11,0.0,0.0,0.0,0.0,0.0,0.0,0.0,0.0,0.0,0.0,0.06535795,0.934642,0.0
9,11,0.0,0.0,0.0,0.0,0.0,0.0,0.0,0.0,0.0,0.0,0.06535795,0.934642,0.0
9,11,0.0,0.0,0.0,0.0,0.0,0.0,0.0,0.0,0.0,0.0,0.06535795,0.934642,0.0
9,11,0.0,0.0,0.0,0.0,0.0,0.0,0.0,0.0,0.0,0.0,0.06535795,0.934642,0.0
9,11,0.0,0.0,0.0,0.0,0.0,0.0,0.0,0.0,0.0,0.0,0.06535795,0.934642,0.0
9,11,0.0,0.0,0.0,0.0,0.0,0.0,0.0,0.0,0.0,0.0,0.06535795,0.934642,0.0
9,11,0.0,0.0,0.0,0.0,0.0,0.0,0.0,0.0,0.0,0.0,0.06535795,0.934642,0.0
9,11,0.0,0.0,0.0,0.0,0.0,0.0,0.0,0.0,0.0,0.0,0.06535795,0.934642,0.0
9,11,0.0,0.0,0.0,0.0,0.0,0.0,0.0,0.0,0.0,0.0,0.06535795,0.934642,0.0
9,11,0.0,0.0,0.0,0.0,0.0,0.0,0.0,0.0,0.0,0.0,0.06535795,0.934642,0.0
9,11,0.0,0.0,0.0,0.0,0.0,0.0,0.0,0.0,0.0,0.0,0.06535795,0.934642,0.0
9,11,0.0,0.0,0.0,0.0,0.0,0.0,0.0,0.0,0.0,0.0,0.06535795,0.934642,0.0
9,11,0.0,0.0,0.0,0.0,0.0,0.0,0.0,0.0,0.0,0.0,0.06535795,0.934642,0.0
9,11,0.0,0.0,0.0,0.0,0.0,0.0,0.0,0.0,0.0,0.0,0.06535795,0.934642,0.0
9,11,0.0,0.0,0.0,0.0,0.0,0.0,0.0,0.0,0.0,0.0,0.06535795,0.934642,0.0
9,11,0.0,0.0,0.0,0.0,0.0,0.0,0.0,0.0,0.0,0.0,0.06535795,0.934642,0.0
9,11,0.0,0.0,0.0,0.0,0.0,0.0,0.0,0.0,0.0,0.0,0.06535795,0.934642,0.0
9,11,0.0,0.0,0.0,0.0,0.0,0.0,0.0,0.0,0.0,0.0,0.06535795,0.934642,0.0
9,11,0.0,0.0,0.0,0.0,0.0,0.0,0.0,0.0,0.0,0.0,0.06535795,0.934642,0.0
9,11,0.0,0.0,0.0,0.0,0.0,0.0,0.0,0.0,0.0,0.0,0.06535795,0.934642,0.0
9,11,0.0,0.0,0.0,0.0,0.0,0.0,0.0,0.0,0.0,0.0,0.06535795,0.934642,0.0
9,11,0.0,0.0,0.0,0.0,0.0,0.0,0.0,0.0,0.0,0.0,0.06535795,0.934642,0.0
9,11,0.0,0.0,0.0,0.0,0.0,0.0,0.0,0.0,0.0,0.0,0.06535795,0.934642,0.0
9,11,0.0,0.0,0.0,0.0,0.0,0.0,0.0,0.0,0.0,0.0,0.06535795,0.934642,0.0
9,11,0.0,0.0,0.0,0.0,0.0,0.0,0.0,0.0,0.0,0.0,0.06535795,0.934642,0.0
9,11,0.0,0.0,0.0,0.0,0.0,0.0,0.0,0.0,0.0,0.0,0.06535795,0.934642,0.0
9,11,0.0,0.0,0.0,0.0,0.0,0.0,0.0,0.0,0.0,0.0,0.06535795,0.934642,0.0
9,11,0.0,0.0,0.0,0.0,0.0,0.0,0.0,0.0,0.0,0.0,0.06535795,0.934642,0.0
9,11,0.0,0.0,0.0,0.0,0.0,0.0,0.0,0.0,0.0,0.0,0.06535795,0.934642,0.0
9,11,0.0,0.0,0.0,0.0,0.0,0.0,0.0,0.0,0.0,0.0,0.06535795,0.934642,0.0
9,11,0.0,0.0,0.0,0.0,0.0,0.0,0.0,0.0,0.0,0.0,0.06535795,0.934642,0.0
9,11,0.0,0.0,0.0,0.0,0.0,0.0,0.0,0.0,0.0,0.0,0.06535795,0.934642,0.0
9,11,0.0,0.0,0.0,0.0,0.0,0.0,0.0,0.0,0.0,0.0,0.06535795,0.934642,0.0
9,11,0.0,0.0,0.0,0.0,0.0,0.0,0.0,0.0,0.0,0.0,0.06535795,0.934642,0.0
9,11,0.0,0.0,0.0,0.0,0.0,0.0,0.0,0.0,0.0,0.0,0.06535795,0.934642,0.0
9,11,0.0,0.0,0.0,0.0,0.0,0.0,0.0,0.0,0.0,0.0,0.06535795,0.934642,0.0
9,11,0.0,0.0,0.0,0.0,0.0,0.0,0.0,0.0,0.0,0.0,0.06535795,0.934642,0.0
9,11,0.0,0.0,0.0,0.0,0.0,0.0,0.0,0.0,0.0,0.0,0.06535795,0.934642,0.0
9,11,0.0,0.0,0.0,0.0,0.0,0.0,0.0,0.0,0.0,0.0,0.06535795,0.934642,0.0
9,11,0.0,0.0,0.0,0.0,0.0,0.0,0.0,0.0,0.0,0.0,0.06535795,0.934642,0.0
9,11,0.0,0.0,0.0,0.0,0.0,0.0,0.0,0.0,0.0,0.0,0.06535795,0.934642,0.0
9,11,0.0,0.0,0.0,0.0,0.0,0.0,0.0,0.0,0.0,0.0,0.06535795,0.934642,0.0
9,11,0.0,0.0,0.0,0.0,0.0,0.0,0.0,0.0,0.0,0.0,0.06535795,0.934642,0.0
9,11,0.0,0.0,0.0,0.0,0.0,0.0,0.0,0.0,0.0,0.0,0.06535795,0.934642,0.0
9,11,0.0,0.0,0.0,0.0,0.0,0.0,0.0,0.0,0.0,0.0,0.06535795,0.934642,0.0
9,11,0.0,0.0,0.0,0.0,0.0,0.0,0.0,0.0,0.0,0.0,0.06535795,0.934642,0.0
9,11,0.0,0.0,0.0,0.0,0.0,0.0,0.0,0.0,0.0,0.0,0.06535795,0.934642,0.0
9,11,0.0,0.0,0.0,0.0,0.0,0.0,0.0,0.0,0.0,0.0,0.06535795,0.934642,0.0
9,11,0.0,0.0,0.0,0.0,0.0,0.0,0.0,0.0,0.0,0.0,0.06535795,0.934642,0.0
9,11,0.0,0.0,0.0,0.0,0.0,0.0,0.0,0.0,0.0,0.0,0.06535795,0.934642,0.0
9,11,0.0,0.0,0.0,0.0,0.0,0.0,0.0,0.0,0.0,0.0,0.06535795,0.934642,0.0
9,11,0.0,0.0,0.0,0.0,0.0,0.0,0.0,0.0,0.0,0.0,0.06535795,0.934642,0.0
9,11,0.0,0.0,0.0,0.0,0.0,0.0,0.0,0.0,0.0,0.0,0.06535795,0.934642,0.0
9,11,0.0,0.0,0.0,0.0,0.0,0.0,0.0,0.0,0.0,0.0,0.06535795,0.934642,0.0
9,11,0.0,0.0,0.0,0.0,0.0,0.0,0.0,0.0,0.0,0.0,0.06535795,0.934642,0.0
9,11,0.0,0.0,0.0,0.0,0.0,0.0,0.0,0.0,0.0,0.0,0.06535795,0.934642,0.0
9,11,0.0,0.0,0.0,0.0,0.0,0.0,0.0,0.0,0.0,0.0,0.06535795,0.934642,0.0
9,11,0.0,0.0,0.0,0.0,0.0,0.0,0.0,0.0,0.0,0.0,0.06535795,0.934642,0.0
9,11,0.0,0.0,0.0,0.0,0.0,0.0,0.0,0.0,0.0,0.0,0.06535795,0.934642,0.0
9,11,0.0,0.0,0.0,0.0,0.0,0.0,0.0,0.0,0.0,0.0,0.06535795,0.934642,0.0
9,11,0.0,0.0,0.0,0.0,0.0,0.0,0.0,0.0,0.0,0.0,0.06535795,0.934642,0.0
9,11,0.0,0.0,0.0,0.0,0.0,0.0,0.0,0.0,0.0,0.0,0.06535795,0.934642,0.0
9,11,0.0,0.0,0.0,0.0,0.0,0.0,0.0,0.0,0.0,0.0,0.06535795,0.934642,0.0
9,11,0.0,0.0,0.0,0.0,0.0,0.0,0.0,0.0,0.0,0.0,0.06535795,0.934642,0.0
9,11,0.0,0.0,0.0,0.0,0.0,0.0,0.0,0.0,0.0,0.0,0.06535795,0.934642,0.0
9,11,0.0,0.0,0.0,0.0,0.0,0.0,0.0,0.0,0.0,0.0,0.06535795,0.934642,0.0
9,11,0.0,0.0,0.0,0.0,0.0,0.0,0.0,0.0,0.0,0.0,0.06535795,0.934642,0.0
9,11,0.0,0.0,0.0,0.0,0.0,0.0,0.0,0.0,0.0,0.0,0.06535795,0.934642,0.0
9,11,0.0,0.0,0.0,0.0,0.0,0.0,0.0,0.0,0.0,0.0,0.06535795,0.934642,0.0
9,11,0.0,0.0,0.0,0.0,0.0,0.0,0.0,0.0,0.0,0.0,0.06535795,0.934642,0.0
9,11,0.0,0.0,0.0,0.0,0.0,0.0,0.0,0.0,0.0,0.0,0.06535795,0.934642,0.0
9,11,0.0,0.0,0.0,0.0,0.0,0.0,0.0,0.0,0.0,0.0,0.06535795,0.934642,0.0
9,11,0.0,0.0,0.0,0.0,0.0,0.0,0.0,0.0,0.0,0.0,0.06535795,0.934642,0.0
9,11,0.0,0.0,0.0,0.0,0.0,0.0,0.0,0.0,0.0,0.0,0.06535795,0.934642,0.0
9,11,0.0,0.0,0.0,0.0,0.0,0.0,0.0,0.0,0.0,0.0,0.06535795,0.934642,0.0
9,11,0.0,0.0,0.0,0.0,0.0,0.0,0.0,0.0,0.0,0.0,0.06535795,0.934642,0.0
9,11,0.0,0.0,0.0,0.0,0.0,0.0,0.0,0.0,0.0,0.0,0.06535795,0.934642,0.0
9,11,0.0,0.0,0.0,0.0,0.0,0.0,0.0,0.0,0.0,0.0,0.06535795,0.934642,0.0
9,11,0.0,0.0,0.0,0.0,0.0,0.0,0.0,0.0,0.0,0.0,0.06535795,0.934642,0.0
9,11,0.0,0.0,0.0,0.0,0.0,0.0,0.0,0.0,0.0,0.0,0.06535795,0.934642,0.0
9,11,0.0,0.0,0.0,0.0,0.0,0.0,0.0,0.0,0.0,0.0,0.06535795,0.934642,0.0
9,11,0.0,0.0,0.0,0.0,0.0,0.0,0.0,0.0,0.0,0.0,0.06535795,0.934642,0.0
9,11,0.0,0.0,0.0,0.0,0.0,0.0,0.0,0.0,0.0,0.0,0.06535795,0.934642,0.0
9,11,0.0,0.0,0.0,0.0,0.0,0.0,0.0,0.0,0.0,0.0,0.06535795,0.934642,0.0
9,11,0.0,0.0,0.0,0.0,0.0,0.0,0.0,0.0,0.0,0.0,0.06535795,0.934642,0.0
9,11,0.0,0.0,0.0,0.0,0.0,0.0,0.0,0.0,0.0,0.0,0.06535795,0.934642,0.0
9,11,0.0,0.0,0.0,0.0,0.0,0.0,0.0,0.0,0.0,0.0,0.06535795,0.934642,0.0
9,11,0.0,0.0,0.0,0.0,0.0,0.0,0.0,0.0,0.0,0.0,0.06535795,0.934642,0.0
9,11,0.0,0.0,0.0,0.0,0.0,0.0,0.0,0.0,0.0,0.0,0.06535795,0.934642,0.0
9,11,0.0,0.0,0.0,0.0,0.0,0.0,0.0,0.0,0.0,0.0,0.06535795,0.934642,0.0
9,11,0.0,0.0,0.0,0.0,0.0,0.0,0.0,0.0,0.0,0.0,0.06535795,0.934642,0.0
9,11,0.0,0.0,0.0,0.0,0.0,0.0,0.0,0.0,0.0,0.0,0.06535795,0.934642,0.0
9,11,0.0,0.0,0.0,0.0,0.0,0.0,0.0,0.0,0.0,0.0,0.06535795,0.934642,0.0
9,11,0.0,0.0,0.0,0.0,0.0,0.0,0.0,0.0,0.0,0.0,0.06535795,0.934642,0.0
9,11,0.0,0.0,0.0,0.0,0.0,0.0,0.0,0.0,0.0,0.0,0.06535795,0.934642,0.0
9,11,0.0,0.0,0.0,0.0,0.0,0.0,0.0,0.0,0.0,0.0,0.06535795,0.934642,0.0
9,11,0.0,0.0,0.0,0.0,0.0,0.0,0.0,0.0,0.0,0.0,0.06535795,0.934642,0.0
9,11,0.0,0.0,0.0,0.0,0.0,0.0,0.0,0.0,0.0,0.0,0.06535795,0.934642,0.0
9,11,0.0,0.0,0.0,0.0,0.0,0.0,0.0,0.0,0.0,0.0,0.06535795,0.934642,0.0
9,11,0.0,0.0,0.0,0.0,0.0,0.0,0.0,0.0,0.0,0.0,0.06535795,0.934642,0.0
9,11,0.0,0.0,0.0,0.0,0.0,0.0,0.0,0.0,0.0,0.0,0.06535795,0.934642,0.0
9,11,0.0,0.0,0.0,0.0,0.0,0.0,0.0,0.0,0.0,0.0,0.06535795,0.934642,0.0
9,11,0.0,0.0,0.0,0.0,0.0,0.0,0.0,0.0,0.0,0.0,0.06535795,0.934642,0.0
9,11,0.0,0.0,0.0,0.0,0.0,0.0,0.0,0.0,0.0,0.0,0.06535795,0.934642,0.0
9,11,0.0,0.0,0.0,0.0,0.0,0.0,0.0,0.0,0.0,0.0,0.06535795,0.934642,0.0
9,11,0.0,0.0,0.0,0.0,0.0,0.0,0.0,0.0,0.0,0.0,0.06535795,0.934642,0.0
9,11,0.0,0.0,0.0,0.0,0.0,0.0,0.0,0.0,0.0,0.0,0.06535795,0.934642,0.0
9,11,0.0,0.0,0.0,0.0,0.0,0.0,0.0,0.0,0.0,0.0,0.06535795,0.934642,0.0
9,11,0.0,0.0,0.0,0.0,0.0,0.0,0.0,0.0,0.0,0.0,0.06535795,0.934642,0.0
9,11,0.0,0.0,0.0,0.0,0.0,0.0,0.0,0.0,0.0,0.0,0.06535795,0.934642,0.0
9,11,0.0,0.0,0.0,0.0,0.0,0.0,0.0,0.0,0.0,0.0,0.06535795,0.934642,0.0
9,11,0.0,0.0,0.0,0.0,0.0,0.0,0.0,0.0,0.0,0.0,0.06535795,0.934642,0.0
9,11,0.0,0.0,0.0,0.0,0.0,0.0,0.0,0.0,0.0,0.0,0.06535795,0.934642,0.0
9,11,0.0,0.0,0.0,0.0,0.0,0.0,0.0,0.0,0.0,0.0,0.06535795,0.934642,0.0
9,11,0.0,0.0,0.0,0.0,0.0,0.0,0.0,0.0,0.0,0.0,0.06535795,0.934642,0.0
9,11,0.0,0.0,0.0,0.0,0.0,0.0,0.0,0.0,0.0,0.0,0.06535795,0.934642,0.0
9,11,0.0,0.0,0.0,0.0,0.0,0.0,0.0,0.0,0.0,0.0,0.06535795,0.934642,0.0
9,11,0.0,0.0,0.0,0.0,0.0,0.0,0.0,0.0,0.0,0.0,0.06535795,0.934642,0.0
9,11,0.0,0.0,0.0,0.0,0.0,0.0,0.0,0.0,0.0,0.0,0.06535795,0.934642,0.0
9,11,0.0,0.0,0.0,0.0,0.0,0.0,0.0,0.0,0.0,0.0,0.06535795,0.934642,0.0
9,11,0.0,0.0,0.0,0.0,0.0,0.0,0.0,0.0,0.0,0.0,0.06535795,0.934642,0.0
9,11,0.0,0.0,0.0,0.0,0.0,0.0,0.0,0.0,0.0,0.0,0.06535795,0.934642,0.0
9,11,0.0,0.0,0.0,0.0,0.0,0.0,0.0,0.0,0.0,0.0,0.06535795,0.934642,0.0
9,11,0.0,0.0,0.0,0.0,0.0,0.0,0.0,0.0,0.0,0.0,0.06535795,0.934642,0.0
9,11,0.0,0.0,0.0,0.0,0.0,0.0,0.0,0.0,0.0,0.0,0.06535795,0.934642,0.0
9,11,0.0,0.0,0.0,0.0,0.0,0.0,0.0,0.0,0.0,0.0,0.06535795,0.934642,0.0
9,11,0.0,0.0,0.0,0.0,0.0,0.0,0.0,0.0,0.0,0.0,0.06535795,0.934642,0.0
9,11,0.0,0.0,0.0,0.0,0.0,0.0,0.0,0.0,0.0,0.0,0.06535795,0.934642,0.0
9,11,0.0,0.0,0.0,0.0,0.0,0.0,0.0,0.0,0.0,0.0,0.06535795,0.934642,0.0
9,11,0.0,0.0,0.0,0.0,0.0,0.0,0.0,0.0,0.0,0.0,0.06535795,0.934642,0.0
9,11,0.0,0.0,0.0,0.0,0.0,0.0,0.0,0.0,0.0,0.0,0.06535795,0.934642,0.0
9,11,0.0,0.0,0.0,0.0,0.0,0.0,0.0,0.0,0.0,0.0,0.06535795,0.934642,0.0
9,11,0.0,0.0,0.0,0.0,0.0,0.0,0.0,0.0,0.0,0.0,0.06535795,0.934642,0.0
9,11,0.0,0.0,0.0,0.0,0.0,0.0,0.0,0.0,0.0,0.0,0.06535795,0.934642,0.0
9,11,0.0,0.0,0.0,0.0,0.0,0.0,0.0,0.0,0.0,0.0,0.06535795,0.934642,0.0
9,11,0.0,0.0,0.0,0.0,0.0,0.0,0.0,0.0,0.0,0.0,0.06535795,0.934642,0.0
9,11,0.0,0.0,0.0,0.0,0.0,0.0,0.0,0.0,0.0,0.0,0.06535795,0.934642,0.0
9,11,0.0,0.0,0.0,0.0,0.0,0.0,0.0,0.0,0.0,0.0,0.06535795,0.934642,0.0
9,11,0.0,0.0,0.0,0.0,0.0,0.0,0.0,0.0,0.0,0.0,0.06535795,0.934642,0.0
9,11,0.0,0.0,0.0,0.0,0.0,0.0,0.0,0.0,0.0,0.0,0.06535795,0.934642,0.0
9,11,0.0,0.0,0.0,0.0,0.0,0.0,0.0,0.0,0.0,0.0,0.06535795,0.934642,0.0
9,11,0.0,0.0,0.0,0.0,0.0,0.0,0.0,0.0,0.0,0.0,0.06535795,0.934642,0.0
9,11,0.0,0.0,0.0,0.0,0.0,0.0,0.0,0.0,0.0,0.0,0.06535795,0.934642,0.0
9,11,0.0,0.0,0.0,0.0,0.0,0.0,0.0,0.0,0.0,0.0,0.06535795,0.934642,0.0
9,11,0.0,0.0,0.0,0.0,0.0,0.0,0.0,0.0,0.0,0.0,0.06535795,0.934642,0.0
9,11,0.0,0.0,0.0,0.0,0.0,0.0,0.0,0.0,0.0,0.0,0.06535795,0.934642,0.0
9,11,0.0,0.0,0.0,0.0,0.0,0.0,0.0,0.0,0.0,0.0,0.06535795,0.934642,0.0
9,11,0.0,0.0,0.0,0.0,0.0,0.0,0.0,0.0,0.0,0.0,0.06535795,0.934642,0.0
9,11,0.0,0.0,0.0,0.0,0.0,0.0,0.0,0.0,0.0,0.0,0.06535795,0.934642,0.0
9,11,0.0,0.0,0.0,0.0,0.0,0.0,0.0,0.0,0.0,0.0,0.06535795,0.934642,0.0
9,11,0.0,0.0,0.0,0.0,0.0,0.0,0.0,0.0,0.0,0.0,0.06535795,0.934642,0.0
9,11,0.0,0.0,0.0,0.0,0.0,0.0,0.0,0.0,0.0,0.0,0.06535795,0.934642,0.0
9,11,0.0,0.0,0.0,0.0,0.0,0.0,0.0,0.0,0.0,0.0,0.06535795,0.934642,0.0
9,11,0.0,0.0,0.0,0.0,0.0,0.0,0.0,0.0,0.0,0.0,0.06535795,0.934642,0.0
9,11,0.0,0.0,0.0,0.0,0.0,0.0,0.0,0.0,0.0,0.0,0.06535795,0.934642,0.0
9,11,0.0,0.0,0.0,0.0,0.0,0.0,0.0,0.0,0.0,0.0,0.06535795,0.934642,0.0
9,11,0.0,0.0,0.0,0.0,0.0,0.0,0.0,0.0,0.0,0.0,0.06535795,0.934642,0.0
9,11,0.0,0.0,0.0,0.0,0.0,0.0,0.0,0.0,0.0,0.0,0.06535795,0.934642,0.0
9,11,0.0,0.0,0.0,0.0,0.0,0.0,0.0,0.0,0.0,0.0,0.06535795,0.934642,0.0
9,11,0.0,0.0,0.0,0.0,0.0,0.0,0.0,0.0,0.0,0.0,0.06535795,0.934642,0.0
9,11,0.0,0.0,0.0,0.0,0.0,0.0,0.0,0.0,0.0,0.0,0.06535795,0.934642,0.0
9,11,0.0,0.0,0.0,0.0,0.0,0.0,0.0,0.0,0.0,0.0,0.06535795,0.934642,0.0
9,11,0.0,0.0,0.0,0.0,0.0,0.0,0.0,0.0,0.0,0.0,0.06535795,0.934642,0.0
9,11,0.0,0.0,0.0,0.0,0.0,0.0,0.0,0.0,0.0,0.0,0.06535795,0.934642,0.0
9,11,0.0,0.0,0.0,0.0,0.0,0.0,0.0,0.0,0.0,0.0,0.06535795,0.934642,0.0
9,11,0.0,0.0,0.0,0.0,0.0,0.0,0.0,0.0,0.0,0.0,0.06535795,0.934642,0.0
9,11,0.0,0.0,0.0,0.0,0.0,0.0,0.0,0.0,0.0,0.0,0.06535795,0.934642,0.0
9,11,0.0,0.0,0.0,0.0,0.0,0.0,0.0,0.0,0.0,0.0,0.06535795,0.934642,0.0
9,11,0.0,0.0,0.0,0.0,0.0,0.0,0.0,0.0,0.0,0.0,0.06535795,0.934642,0.0
9,11,0.0,0.0,0.0,0.0,0.0,0.0,0.0,0.0,0.0,0.0,0.06535795,0.934642,0.0
9,11,0.0,0.0,0.0,0.0,0.0,0.0,0.0,0.0,0.0,0.0,0.06535795,0.934642,0.0
9,11,0.0,0.0,0.0,0.0,0.0,0.0,0.0,0.0,0.0,0.0,0.06535795,0.934642,0.0
9,11,0.0,0.0,0.0,0.0,0.0,0.0,0.0,0.0,0.0,0.0,0.06535795,0.934642,0.0
9,11,0.0,0.0,0.0,0.0,0.0,0.0,0.0,0.0,0.0,0.0,0.06535795,0.934642,0.0
9,11,0.0,0.0,0.0,0.0,0.0,0.0,0.0,0.0,0.0,0.0,0.06535795,0.934642,0.0
9,11,0.0,0.0,0.0,0.0,0.0,0.0,0.0,0.0,0.0,0.0,0.06535795,0.934642,0.0
9,11,0.0,0.0,0.0,0.0,0.0,0.0,0.0,0.0,0.0,0.0,0.06535795,0.934642,0.0
9,11,0.0,0.0,0.0,0.0,0.0,0.0,0.0,0.0,0.0,0.0,0.06535795,0.934642,0.0
9,11,0.0,0.0,0.0,0.0,0.0,0.0,0.0,0.0,0.0,0.0,0.06535795,0.934642,0.0
9,11,0.0,0.0,0.0,0.0,0.0,0.0,0.0,0.0,0.0,0.0,0.06535795,0.934642,0.0
9,11,0.0,0.0,0.0,0.0,0.0,0.0,0.0,0.0,0.0,0.0,0.06535795,0.934642,0.0
9,11,0.0,0.0,0.0,0.0,0.0,0.0,0.0,0.0,0.0,0.0,0.06535795,0.934642,0.0
9,11,0.0,0.0,0.0,0.0,0.0,0.0,0.0,0.0,0.0,0.0,0.06535795,0.934642,0.0
9,11,0.0,0.0,0.0,0.0,0.0,0.0,0.0,0.0,0.0,0.0,0.06535795,0.934642,0.0
9,11,0.0,0.0,0.0,0.0,0.0,0.0,0.0,0.0,0.0,0.0,0.06535795,0.934642,0.0
9,11,0.0,0.0,0.0,0.0,0.0,0.0,0.0,0.0,0.0,0.0,0.06535795,0.934642,0.0
9,11,0.0,0.0,0.0,0.0,0.0,0.0,0.0,0.0,0.0,0.0,0.06535795,0.934642,0.0
9,11,0.0,0.0,0.0,0.0,0.0,0.0,0.0,0.0,0.0,0.0,0.06535795,0.934642,0.0
9,11,0.0,0.0,0.0,0.0,0.0,0.0,0.0,0.0,0.0,0.0,0.06535795,0.934642,0.0
9,11,0.0,0.0,0.0,0.0,0.0,0.0,0.0,0.0,0.0,0.0,0.06535795,0.934642,0.0
9,11,0.0,0.0,0.0,0.0,0.0,0.0,0.0,0.0,0.0,0.0,0.06535795,0.934642,0.0
9,11,0.0,0.0,0.0,0.0,0.0,0.0,0.0,0.0,0.0,0.0,0.06535795,0.934642,0.0
9,11,0.0,0.0,0.0,0.0,0.0,0.0,0.0,0.0,0.0,0.0,0.06535795,0.934642,0.0
9,11,0.0,0.0,0.0,0.0,0.0,0.0,0.0,0.0,0.0,0.0,0.06535795,0.934642,0.0
9,11,0.0,0.0,0.0,0.0,0.0,0.0,0.0,0.0,0.0,0.0,0.06535795,0.934642,0.0
9,11,0.0,0.0,0.0,0.0,0.0,0.0,0.0,0.0,0.0,0.0,0.06535795,0.934642,0.0
9,11,0.0,0.0,0.0,0.0,0.0,0.0,0.0,0.0,0.0,0.0,0.06535795,0.934642,0.0
9,11,0.0,0.0,0.0,0.0,0.0,0.0,0.0,0.0,0.0,0.0,0.06535795,0.934642,0.0
9,11,0.0,0.0,0.0,0.0,0.0,0.0,0.0,0.0,0.0,0.0,0.06535795,0.934642,0.0
9,11,0.0,0.0,0.0,0.0,0.0,0.0,0.0,0.0,0.0,0.0,0.06535795,0.934642,0.0
9,11,0.0,0.0,0.0,0.0,0.0,0.0,0.0,0.0,0.0,0.0,0.06535795,0.934642,0.0
9,11,0.0,0.0,0.0,0.0,0.0,0.0,0.0,0.0,0.0,0.0,0.06535795,0.934642,0.0
9,11,0.0,0.0,0.0,0.0,0.0,0.0,0.0,0.0,0.0,0.0,0.06535795,0.934642,0.0
9,11,0.0,0.0,0.0,0.0,0.0,0.0,0.0,0.0,0.0,0.0,0.06535795,0.934642,0.0
9,11,0.0,0.0,0.0,0.0,0.0,0.0,0.0,0.0,0.0,0.0,0.06535795,0.934642,0.0
9,11,0.0,0.0,0.0,0.0,0.0,0.0,0.0,0.0,0.0,0.0,0.06535795,0.934642,0.0
9,11,0.0,0.0,0.0,0.0,0.0,0.0,0.0,0.0,0.0,0.0,0.06535795,0.934642,0.0
9,11,0.0,0.0,0.0,0.0,0.0,0.0,0.0,0.0,0.0,0.0,0.06535795,0.934642,0.0
9,11,0.0,0.0,0.0,0.0,0.0,0.0,0.0,0.0,0.0,0.0,0.06535795,0.934642,0.0
9,11,0.0,0.0,0.0,0.0,0.0,0.0,0.0,0.0,0.0,0.0,0.06535795,0.934642,0.0
9,11,0.0,0.0,0.0,0.0,0.0,0.0,0.0,0.0,0.0,0.0,0.06535795,0.934642,0.0
9,11,0.0,0.0,0.0,0.0,0.0,0.0,0.0,0.0,0.0,0.0,0.06535795,0.934642,0.0
9,11,0.0,0.0,0.0,0.0,0.0,0.0,0.0,0.0,0.0,0.0,0.06535795,0.934642,0.0
9,11,0.0,0.0,0.0,0.0,0.0,0.0,0.0,0.0,0.0,0.0,0.06535795,0.934642,0.0
9,11,0.0,0.0,0.0,0.0,0.0,0.0,0.0,0.0,0.0,0.0,0.06535795,0.934642,0.0
9,11,0.0,0.0,0.0,0.0,0.0,0.0,0.0,0.0,0.0,0.0,0.06535795,0.934642,0.0
9,11,0.0,0.0,0.0,0.0,0.0,0.0,0.0,0.0,0.0,0.0,0.06535795,0.934642,0.0
9,11,0.0,0.0,0.0,0.0,0.0,0.0,0.0,0.0,0.0,0.0,0.06535795,0.934642,0.0
9,11,0.0,0.0,0.0,0.0,0.0,0.0,0.0,0.0,0.0,0.0,0.06535795,0.934642,0.0
9,11,0.0,0.0,0.0,0.0,0.0,0.0,0.0,0.0,0.0,0.0,0.06535795,0.934642,0.0
9,11,0.0,0.0,0.0,0.0,0.0,0.0,0.0,0.0,0.0,0.0,0.06535795,0.934642,0.0
9,11,0.0,0.0,0.0,0.0,0.0,0.0,0.0,0.0,0.0,0.0,0.06535795,0.934642,0.0
9,11,0.0,0.0,0.0,0.0,0.0,0.0,0.0,0.0,0.0,0.0,0.06535795,0.934642,0.0
9,11,0.0,0.0,0.0,0.0,0.0,0.0,0.0,0.0,0.0,0.0,0.06535795,0.934642,0.0
9,11,0.0,0.0,0.0,0.0,0.0,0.0,0.0,0.0,0.0,0.0,0.06535795,0.934642,0.0
9,11,0.0,0.0,0.0,0.0,0.0,0.0,0.0,0.0,0.0,0.0,0.06535795,0.934642,0.0
9,11,0.0,0.0,0.0,0.0,0.0,0.0,0.0,0.0,0.0,0.0,0.06535795,0.934642,0.0
9,11,0.0,0.0,0.0,0.0,0.0,0.0,0.0,0.0,0.0,0.0,0.06535795,0.934642,0.0
9,11,0.0,0.0,0.0,0.0,0.0,0.0,0.0,0.0,0.0,0.0,0.06535795,0.934642,0.0
9,11,0.0,0.0,0.0,0.0,0.0,0.0,0.0,0.0,0.0,0.0,0.06535795,0.934642,0.0
9,11,0.0,0.0,0.0,0.0,0.0,0.0,0.0,0.0,0.0,0.0,0.06535795,0.934642,0.0
9,11,0.0,0.0,0.0,0.0,0.0,0.0,0.0,0.0,0.0,0.0,0.06535795,0.934642,0.0
9,11,0.0,0.0,0.0,0.0,0.0,0.0,0.0,0.0,0.0,0.0,0.06535795,0.934642,0.0
9,11,0.0,0.0,0.0,0.0,0.0,0.0,0.0,0.0,0.0,0.0,0.06535795,0.934642,0.0
9,11,0.0,0.0,0.0,0.0,0.0,0.0,0.0,0.0,0.0,0.0,0.06535795,0.934642,0.0
9,11,0.0,0.0,0.0,0.0,0.0,0.0,0.0,0.0,0.0,0.0,0.06535795,0.934642,0.0
9,11,0.0,0.0,0.0,0.0,0.0,0.0,0.0,0.0,0.0,0.0,0.06535795,0.934642,0.0
9,11,0.0,0.0,0.0,0.0,0.0,0.0,0.0,0.0,0.0,0.0,0.06535795,0.934642,0.0
9,11,0.0,0.0,0.0,0.0,0.0,0.0,0.0,0.0,0.0,0.0,0.06535795,0.934642,0.0
9,11,0.0,0.0,0.0,0.0,0.0,0.0,0.0,0.0,0.0,0.0,0.06535795,0.934642,0.0
9,11,0.0,0.0,0.0,0.0,0.0,0.0,0.0,0.0,0.0,0.0,0.06535795,0.934642,0.0
9,11,0.0,0.0,0.0,0.0,0.0,0.0,0.0,0.0,0.0,0.0,0.06535795,0.934642,0.0
9,11,0.0,0.0,0.0,0.0,0.0,0.0,0.0,0.0,0.0,0.0,0.06535795,0.934642,0.0
9,11,0.0,0.0,0.0,0.0,0.0,0.0,0.0,0.0,0.0,0.0,0.06535795,0.934642,0.0
9,11,0.0,0.0,0.0,0.0,0.0,0.0,0.0,0.0,0.0,0.0,0.06535795,0.934642,0.0
9,11,0.0,0.0,0.0,0.0,0.0,0.0,0.0,0.0,0.0,0.0,0.06535795,0.934642,0.0
9,11,0.0,0.0,0.0,0.0,0.0,0.0,0.0,0.0,0.0,0.0,0.06535795,0.934642,0.0
9,11,0.0,0.0,0.0,0.0,0.0,0.0,0.0,0.0,0.0,0.0,0.06535795,0.934642,0.0
9,11,0.0,0.0,0.0,0.0,0.0,0.0,0.0,0.0,0.0,0.0,0.06535795,0.934642,0.0
9,11,0.0,0.0,0.0,0.0,0.0,0.0,0.0,0.0,0.0,0.0,0.06535795,0.934642,0.0
9,11,0.0,0.0,0.0,0.0,0.0,0.0,0.0,0.0,0.0,0.0,0.06535795,0.934642,0.0
9,11,0.0,0.0,0.0,0.0,0.0,0.0,0.0,0.0,0.0,0.0,0.06535795,0.934642,0.0
9,11,0.0,0.0,0.0,0.0,0.0,0.0,0.0,0.0,0.0,0.0,0.06535795,0.934642,0.0
9,11,0.0,0.0,0.0,0.0,0.0,0.0,0.0,0.0,0.0,0.0,0.06535795,0.934642,0.0
9,11,0.0,0.0,0.0,0.0,0.0,0.0,0.0,0.0,0.0,0.0,0.06535795,0.934642,0.0
9,11,0.0,0.0,0.0,0.0,0.0,0.0,0.0,0.0,0.0,0.0,0.06535795,0.934642,0.0
9,11,0.0,0.0,0.0,0.0,0.0,0.0,0.0,0.0,0.0,0.0,0.06535795,0.934642,0.0
9,11,0.0,0.0,0.0,0.0,0.0,0.0,0.0,0.0,0.0,0.0,0.06535795,0.934642,0.0
9,11,0.0,0.0,0.0,0.0,0.0,0.0,0.0,0.0,0.0,0.0,0.06535795,0.934642,0.0
9,11,0.0,0.0,0.0,0.0,0.0,0.0,0.0,0.0,0.0,0.0,0.06535795,0.934642,0.0
9,11,0.0,0.0,0.0,0.0,0.0,0.0,0.0,0.0,0.0,0.0,0.06535795,0.934642,0.0
9,11,0.0,0.0,0.0,0.0,0.0,0.0,0.0,0.0,0.0,0.0,0.06535795,0.934642,0.0
9,11,0.0,0.0,0.0,0.0,0.0,0.0,0.0,0.0,0.0,0.0,0.06535795,0.934642,0.0
9,11,0.0,0.0,0.0,0.0,0.0,0.0,0.0,0.0,0.0,0.0,0.06535795,0.934642,0.0
9,11,0.0,0.0,0.0,0.0,0.0,0.0,0.0,0.0,0.0,0.0,0.06535795,0.934642,0.0
9,11,0.0,0.0,0.0,0.0,0.0,0.0,0.0,0.0,0.0,0.0,0.06535795,0.934642,0.0
9,11,0.0,0.0,0.0,0.0,0.0,0.0,0.0,0.0,0.0,0.0,0.06535795,0.934642,0.0
9,11,0.0,0.0,0.0,0.0,0.0,0.0,0.0,0.0,0.0,0.0,0.06535795,0.934642,0.0
9,11,0.0,0.0,0.0,0.0,0.0,0.0,0.0,0.0,0.0,0.0,0.06535795,0.934642,0.0
9,11,0.0,0.0,0.0,0.0,0.0,0.0,0.0,0.0,0.0,0.0,0.06535795,0.934642,0.0
9,11,0.0,0.0,0.0,0.0,0.0,0.0,0.0,0.0,0.0,0.0,0.06535795,0.934642,0.0
9,11,0.0,0.0,0.0,0.0,0.0,0.0,0.0,0.0,0.0,0.0,0.06535795,0.934642,0.0
9,11,0.0,0.0,0.0,0.0,0.0,0.0,0.0,0.0,0.0,0.0,0.06535795,0.934642,0.0
9,11,0.0,0.0,0.0,0.0,0.0,0.0,0.0,0.0,0.0,0.0,0.06535795,0.934642,0.0
9,11,0.0,0.0,0.0,0.0,0.0,0.0,0.0,0.0,0.0,0.0,0.06535795,0.934642,0.0
9,11,0.0,0.0,0.0,0.0,0.0,0.0,0.0,0.0,0.0,0.0,0.06535795,0.934642,0.0
9,11,0.0,0.0,0.0,0.0,0.0,0.0,0.0,0.0,0.0,0.0,0.06535795,0.934642,0.0
9,11,0.0,0.0,0.0,0.0,0.0,0.0,0.0,0.0,0.0,0.0,0.06535795,0.934642,0.0
9,11,0.0,0.0,0.0,0.0,0.0,0.0,0.0,0.0,0.0,0.0,0.06535795,0.934642,0.0
9,11,0.0,0.0,0.0,0.0,0.0,0.0,0.0,0.0,0.0,0.0,0.06535795,0.934642,0.0
9,11,0.0,0.0,0.0,0.0,0.0,0.0,0.0,0.0,0.0,0.0,0.06535795,0.934642,0.0
9,11,0.0,0.0,0.0,0.0,0.0,0.0,0.0,0.0,0.0,0.0,0.06535795,0.934642,0.0
9,11,0.0,0.0,0.0,0.0,0.0,0.0,0.0,0.0,0.0,0.0,0.06535795,0.934642,0.0
9,11,0.0,0.0,0.0,0.0,0.0,0.0,0.0,0.0,0.0,0.0,0.06535795,0.934642,0.0
9,11,0.0,0.0,0.0,0.0,0.0,0.0,0.0,0.0,0.0,0.0,0.06535795,0.934642,0.0
9,11,0.0,0.0,0.0,0.0,0.0,0.0,0.0,0.0,0.0,0.0,0.06535795,0.934642,0.0
9,11,0.0,0.0,0.0,0.0,0.0,0.0,0.0,0.0,0.0,0.0,0.06535795,0.934642,0.0
9,11,0.0,0.0,0.0,0.0,0.0,0.0,0.0,0.0,0.0,0.0,0.06535795,0.934642,0.0
9,11,0.0,0.0,0.0,0.0,0.0,0.0,0.0,0.0,0.0,0.0,0.06535795,0.934642,0.0
9,11,0.0,0.0,0.0,0.0,0.0,0.0,0.0,0.0,0.0,0.0,0.06535795,0.934642,0.0
9,11,0.0,0.0,0.0,0.0,0.0,0.0,0.0,0.0,0.0,0.0,0.06535795,0.934642,0.0
9,11,0.0,0.0,0.0,0.0,0.0,0.0,0.0,0.0,0.0,0.0,0.06535795,0.934642,0.0
9,11,0.0,0.0,0.0,0.0,0.0,0.0,0.0,0.0,0.0,0.0,0.06535795,0.934642,0.0
9,11,0.0,0.0,0.0,0.0,0.0,0.0,0.0,0.0,0.0,0.0,0.06535795,0.934642,0.0
9,11,0.0,0.0,0.0,0.0,0.0,0.0,0.0,0.0,0.0,0.0,0.06535795,0.934642,0.0
9,11,0.0,0.0,0.0,0.0,0.0,0.0,0.0,0.0,0.0,0.0,0.06535795,0.934642,0.0
9,11,0.0,0.0,0.0,0.0,0.0,0.0,0.0,0.0,0.0,0.0,0.06535795,0.934642,0.0
9,11,0.0,0.0,0.0,0.0,0.0,0.0,0.0,0.0,0.0,0.0,0.06535795,0.934642,0.0
9,11,0.0,0.0,0.0,0.0,0.0,0.0,0.0,0.0,0.0,0.0,0.06535795,0.934642,0.0
9,11,0.0,0.0,0.0,0.0,0.0,0.0,0.0,0.0,0.0,0.0,0.06535795,0.934642,0.0
9,11,0.0,0.0,0.0,0.0,0.0,0.0,0.0,0.0,0.0,0.0,0.06535795,0.934642,0.0
9,11,0.0,0.0,0.0,0.0,0.0,0.0,0.0,0.0,0.0,0.0,0.06535795,0.934642,0.0
9,11,0.0,0.0,0.0,0.0,0.0,0.0,0.0,0.0,0.0,0.0,0.06535795,0.934642,0.0
9,11,0.0,0.0,0.0,0.0,0.0,0.0,0.0,0.0,0.0,0.0,0.06535795,0.934642,0.0
9,11,0.0,0.0,0.0,0.0,0.0,0.0,0.0,0.0,0.0,0.0,0.06535795,0.934642,0.0
9,11,0.0,0.0,0.0,0.0,0.0,0.0,0.0,0.0,0.0,0.0,0.06535795,0.934642,0.0
9,11,0.0,0.0,0.0,0.0,0.0,0.0,0.0,0.0,0.0,0.0,0.06535795,0.934642,0.0
9,11,0.0,0.0,0.0,0.0,0.0,0.0,0.0,0.0,0.0,0.0,0.06535795,0.934642,0.0
9,11,0.0,0.0,0.0,0.0,0.0,0.0,0.0,0.0,0.0,0.0,0.06535795,0.934642,0.0
9,11,0.0,0.0,0.0,0.0,0.0,0.0,0.0,0.0,0.0,0.0,0.06535795,0.934642,0.0
9,11,0.0,0.0,0.0,0.0,0.0,0.0,0.0,0.0,0.0,0.0,0.06535795,0.934642,0.0
9,11,0.0,0.0,0.0,0.0,0.0,0.0,0.0,0.0,0.0,0.0,0.06535795,0.934642,0.0
9,11,0.0,0.0,0.0,0.0,0.0,0.0,0.0,0.0,0.0,0.0,0.06535795,0.934642,0.0
9,11,0.0,0.0,0.0,0.0,0.0,0.0,0.0,0.0,0.0,0.0,0.06535795,0.934642,0.0
9,11,0.0,0.0,0.0,0.0,0.0,0.0,0.0,0.0,0.0,0.0,0.06535795,0.934642,0.0
9,11,0.0,0.0,0.0,0.0,0.0,0.0,0.0,0.0,0.0,0.0,0.06535795,0.934642,0.0
9,11,0.0,0.0,0.0,0.0,0.0,0.0,0.0,0.0,0.0,0.0,0.06535795,0.934642,0.0
9,11,0.0,0.0,0.0,0.0,0.0,0.0,0.0,0.0,0.0,0.0,0.06535795,0.934642,0.0
9,11,0.0,0.0,0.0,0.0,0.0,0.0,0.0,0.0,0.0,0.0,0.06535795,0.934642,0.0
9,11,0.0,0.0,0.0,0.0,0.0,0.0,0.0,0.0,0.0,0.0,0.06535795,0.934642,0.0
9,11,0.0,0.0,0.0,0.0,0.0,0.0,0.0,0.0,0.0,0.0,0.06535795,0.934642,0.0
9,11,0.0,0.0,0.0,0.0,0.0,0.0,0.0,0.0,0.0,0.0,0.06535795,0.934642,0.0
9,11,0.0,0.0,0.0,0.0,0.0,0.0,0.0,0.0,0.0,0.0,0.06535795,0.934642,0.0
9,11,0.0,0.0,0.0,0.0,0.0,0.0,0.0,0.0,0.0,0.0,0.06535795,0.934642,0.0
9,11,0.0,0.0,0.0,0.0,0.0,0.0,0.0,0.0,0.0,0.0,0.06535795,0.934642,0.0
9,11,0.0,0.0,0.0,0.0,0.0,0.0,0.0,0.0,0.0,0.0,0.06535795,0.934642,0.0
9,11,0.0,0.0,0.0,0.0,0.0,0.0,0.0,0.0,0.0,0.0,0.06535795,0.934642,0.0
9,11,0.0,0.0,0.0,0.0,0.0,0.0,0.0,0.0,0.0,0.0,0.06535795,0.934642,0.0
9,11,0.0,0.0,0.0,0.0,0.0,0.0,0.0,0.0,0.0,0.0,0.06535795,0.934642,0.0
9,11,0.0,0.0,0.0,0.0,0.0,0.0,0.0,0.0,0.0,0.0,0.06535795,0.934642,0.0
9,11,0.0,0.0,0.0,0.0,0.0,0.0,0.0,0.0,0.0,0.0,0.06535795,0.934642,0.0
9,11,0.0,0.0,0.0,0.0,0.0,0.0,0.0,0.0,0.0,0.0,0.06535795,0.934642,0.0
9,11,0.0,0.0,0.0,0.0,0.0,0.0,0.0,0.0,0.0,0.0,0.06535795,0.934642,0.0
9,11,0.0,0.0,0.0,0.0,0.0,0.0,0.0,0.0,0.0,0.0,0.06535795,0.934642,0.0
9,11,0.0,0.0,0.0,0.0,0.0,0.0,0.0,0.0,0.0,0.0,0.06535795,0.934642,0.0
9,11,0.0,0.0,0.0,0.0,0.0,0.0,0.0,0.0,0.0,0.0,0.06535795,0.934642,0.0
9,11,0.0,0.0,0.0,0.0,0.0,0.0,0.0,0.0,0.0,0.0,0.06535795,0.934642,0.0
9,11,0.0,0.0,0.0,0.0,0.0,0.0,0.0,0.0,0.0,0.0,0.06535795,0.934642,0.0
9,11,0.0,0.0,0.0,0.0,0.0,0.0,0.0,0.0,0.0,0.0,0.06535795,0.934642,0.0
9,11,0.0,0.0,0.0,0.0,0.0,0.0,0.0,0.0,0.0,0.0,0.06535795,0.934642,0.0
9,11,0.0,0.0,0.0,0.0,0.0,0.0,0.0,0.0,0.0,0.0,0.06535795,0.934642,0.0
9,11,0.0,0.0,0.0,0.0,0.0,0.0,0.0,0.0,0.0,0.0,0.06535795,0.934642,0.0
9,11,0.0,0.0,0.0,0.0,0.0,0.0,0.0,0.0,0.0,0.0,0.06535795,0.934642,0.0
9,11,0.0,0.0,0.0,0.0,0.0,0.0,0.0,0.0,0.0,0.0,0.06535795,0.934642,0.0
9,11,0.0,0.0,0.0,0.0,0.0,0.0,0.0,0.0,0.0,0.0,0.06535795,0.934642,0.0
9,11,0.0,0.0,0.0,0.0,0.0,0.0,0.0,0.0,0.0,0.0,0.06535795,0.934642,0.0
9,11,0.0,0.0,0.0,0.0,0.0,0.0,0.0,0.0,0.0,0.0,0.06535795,0.934642,0.0
9,11,0.0,0.0,0.0,0.0,0.0,0.0,0.0,0.0,0.0,0.0,0.06535795,0.934642,0.0
9,11,0.0,0.0,0.0,0.0,0.0,0.0,0.0,0.0,0.0,0.0,0.06535795,0.934642,0.0
9,11,0.0,0.0,0.0,0.0,0.0,0.0,0.0,0.0,0.0,0.0,0.06535795,0.934642,0.0
9,11,0.0,0.0,0.0,0.0,0.0,0.0,0.0,0.0,0.0,0.0,0.06535795,0.934642,0.0
9,11,0.0,0.0,0.0,0.0,0.0,0.0,0.0,0.0,0.0,0.0,0.06535795,0.934642,0.0
9,11,0.0,0.0,0.0,0.0,0.0,0.0,0.0,0.0,0.0,0.0,0.06535795,0.934642,0.0
9,11,0.0,0.0,0.0,0.0,0.0,0.0,0.0,0.0,0.0,0.0,0.06535795,0.934642,0.0
9,11,0.0,0.0,0.0,0.0,0.0,0.0,0.0,0.0,0.0,0.0,0.06535795,0.934642,0.0
9,11,0.0,0.0,0.0,0.0,0.0,0.0,0.0,0.0,0.0,0.0,0.06535795,0.934642,0.0
9,11,0.0,0.0,0.0,0.0,0.0,0.0,0.0,0.0,0.0,0.0,0.06535795,0.934642,0.0
9,11,0.0,0.0,0.0,0.0,0.0,0.0,0.0,0.0,0.0,0.0,0.06535795,0.934642,0.0
9,11,0.0,0.0,0.0,0.0,0.0,0.0,0.0,0.0,0.0,0.0,0.06535795,0.934642,0.0
9,11,0.0,0.0,0.0,0.0,0.0,0.0,0.0,0.0,0.0,0.0,0.06535795,0.934642,0.0
9,11,0.0,0.0,0.0,0.0,0.0,0.0,0.0,0.0,0.0,0.0,0.06535795,0.934642,0.0
9,11,0.0,0.0,0.0,0.0,0.0,0.0,0.0,0.0,0.0,0.0,0.06535795,0.934642,0.0
9,11,0.0,0.0,0.0,0.0,0.0,0.0,0.0,0.0,0.0,0.0,0.06535795,0.934642,0.0
9,11,0.0,0.0,0.0,0.0,0.0,0.0,0.0,0.0,0.0,0.0,0.06535795,0.934642,0.0
9,11,0.0,0.0,0.0,0.0,0.0,0.0,0.0,0.0,0.0,0.0,0.06535795,0.934642,0.0
9,11,0.0,0.0,0.0,0.0,0.0,0.0,0.0,0.0,0.0,0.0,0.06535795,0.934642,0.0
9,11,0.0,0.0,0.0,0.0,0.0,0.0,0.0,0.0,0.0,0.0,0.06535795,0.934642,0.0
9,11,0.0,0.0,0.0,0.0,0.0,0.0,0.0,0.0,0.0,0.0,0.06535795,0.934642,0.0
9,11,0.0,0.0,0.0,0.0,0.0,0.0,0.0,0.0,0.0,0.0,0.06535795,0.934642,0.0
9,11,0.0,0.0,0.0,0.0,0.0,0.0,0.0,0.0,0.0,0.0,0.06535795,0.934642,0.0
9,11,0.0,0.0,0.0,0.0,0.0,0.0,0.0,0.0,0.0,0.0,0.06535795,0.934642,0.0
9,11,0.0,0.0,0.0,0.0,0.0,0.0,0.0,0.0,0.0,0.0,0.06535795,0.934642,0.0
9,11,0.0,0.0,0.0,0.0,0.0,0.0,0.0,0.0,0.0,0.0,0.06535795,0.934642,0.0
9,11,0.0,0.0,0.0,0.0,0.0,0.0,0.0,0.0,0.0,0.0,0.06535795,0.934642,0.0
9,11,0.0,0.0,0.0,0.0,0.0,0.0,0.0,0.0,0.0,0.0,0.06535795,0.934642,0.0
9,11,0.0,0.0,0.0,0.0,0.0,0.0,0.0,0.0,0.0,0.0,0.06535795,0.934642,0.0
9,11,0.0,0.0,0.0,0.0,0.0,0.0,0.0,0.0,0.0,0.0,0.06535795,0.934642,0.0
9,11,0.0,0.0,0.0,0.0,0.0,0.0,0.0,0.0,0.0,0.0,0.06535795,0.934642,0.0
9,11,0.0,0.0,0.0,0.0,0.0,0.0,0.0,0.0,0.0,0.0,0.06535795,0.934642,0.0
9,11,0.0,0.0,0.0,0.0,0.0,0.0,0.0,0.0,0.0,0.0,0.06535795,0.934642,0.0
9,11,0.0,0.0,0.0,0.0,0.0,0.0,0.0,0.0,0.0,0.0,0.06535795,0.934642,0.0
9,11,0.0,0.0,0.0,0.0,0.0,0.0,0.0,0.0,0.0,0.0,0.06535795,0.934642,0.0
9,11,0.0,0.0,0.0,0.0,0.0,0.0,0.0,0.0,0.0,0.0,0.06535795,0.934642,0.0
9,11,0.0,0.0,0.0,0.0,0.0,0.0,0.0,0.0,0.0,0.0,0.06535795,0.934642,0.0
9,11,0.0,0.0,0.0,0.0,0.0,0.0,0.0,0.0,0.0,0.0,0.06535795,0.934642,0.0
9,11,0.0,0.0,0.0,0.0,0.0,0.0,0.0,0.0,0.0,0.0,0.06535795,0.934642,0.0
9,11,0.0,0.0,0.0,0.0,0.0,0.0,0.0,0.0,0.0,0.0,0.06535795,0.934642,0.0
9,11,0.0,0.0,0.0,0.0,0.0,0.0,0.0,0.0,0.0,0.0,0.06535795,0.934642,0.0
9,11,0.0,0.0,0.0,0.0,0.0,0.0,0.0,0.0,0.0,0.0,0.06535795,0.934642,0.0
9,11,0.0,0.0,0.0,0.0,0.0,0.0,0.0,0.0,0.0,0.0,0.06535795,0.934642,0.0
9,11,0.0,0.0,0.0,0.0,0.0,0.0,0.0,0.0,0.0,0.0,0.06535795,0.934642,0.0
9,11,0.0,0.0,0.0,0.0,0.0,0.0,0.0,0.0,0.0,0.0,0.06535795,0.934642,0.0
9,11,0.0,0.0,0.0,0.0,0.0,0.0,0.0,0.0,0.0,0.0,0.06535795,0.934642,0.0
9,11,0.0,0.0,0.0,0.0,0.0,0.0,0.0,0.0,0.0,0.0,0.06535795,0.934642,0.0
9,11,0.0,0.0,0.0,0.0,0.0,0.0,0.0,0.0,0.0,0.0,0.06535795,0.934642,0.0
9,11,0.0,0.0,0.0,0.0,0.0,0.0,0.0,0.0,0.0,0.0,0.06535795,0.934642,0.0
9,11,0.0,0.0,0.0,0.0,0.0,0.0,0.0,0.0,0.0,0.0,0.06535795,0.934642,0.0
9,11,0.0,0.0,0.0,0.0,0.0,0.0,0.0,0.0,0.0,0.0,0.06535795,0.934642,0.0
9,11,0.0,0.0,0.0,0.0,0.0,0.0,0.0,0.0,0.0,0.0,0.06535795,0.934642,0.0
9,11,0.0,0.0,0.0,0.0,0.0,0.0,0.0,0.0,0.0,0.0,0.06535795,0.934642,0.0
9,11,0.0,0.0,0.0,0.0,0.0,0.0,0.0,0.0,0.0,0.0,0.06535795,0.934642,0.0
9,11,0.0,0.0,0.0,0.0,0.0,0.0,0.0,0.0,0.0,0.0,0.06535795,0.934642,0.0
9,11,0.0,0.0,0.0,0.0,0.0,0.0,0.0,0.0,0.0,0.0,0.06535795,0.934642,0.0
9,11,0.0,0.0,0.0,0.0,0.0,0.0,0.0,0.0,0.0,0.0,0.06535795,0.934642,0.0
9,11,0.0,0.0,0.0,0.0,0.0,0.0,0.0,0.0,0.0,0.0,0.06535795,0.934642,0.0
9,11,0.0,0.0,0.0,0.0,0.0,0.0,0.0,0.0,0.0,0.0,0.06535795,0.934642,0.0
9,11,0.0,0.0,0.0,0.0,0.0,0.0,0.0,0.0,0.0,0.0,0.06535795,0.934642,0.0
9,11,0.0,0.0,0.0,0.0,0.0,0.0,0.0,0.0,0.0,0.0,0.06535795,0.934642,0.0
9,11,0.0,0.0,0.0,0.0,0.0,0.0,0.0,0.0,0.0,0.0,0.06535795,0.934642,0.0
9,11,0.0,0.0,0.0,0.0,0.0,0.0,0.0,0.0,0.0,0.0,0.06535795,0.934642,0.0
9,11,0.0,0.0,0.0,0.0,0.0,0.0,0.0,0.0,0.0,0.0,0.06535795,0.934642,0.0
9,11,0.0,0.0,0.0,0.0,0.0,0.0,0.0,0.0,0.0,0.0,0.06535795,0.934642,0.0
9,11,0.0,0.0,0.0,0.0,0.0,0.0,0.0,0.0,0.0,0.0,0.06535795,0.934642,0.0
9,11,0.0,0.0,0.0,0.0,0.0,0.0,0.0,0.0,0.0,0.0,0.06535795,0.934642,0.0
9,11,0.0,0.0,0.0,0.0,0.0,0.0,0.0,0.0,0.0,0.0,0.06535795,0.934642,0.0
9,11,0.0,0.0,0.0,0.0,0.0,0.0,0.0,0.0,0.0,0.0,0.06535795,0.934642,0.0
9,11,0.0,0.0,0.0,0.0,0.0,0.0,0.0,0.0,0.0,0.0,0.06535795,0.934642,0.0
9,11,0.0,0.0,0.0,0.0,0.0,0.0,0.0,0.0,0.0,0.0,0.06535795,0.934642,0.0
9,11,0.0,0.0,0.0,0.0,0.0,0.0,0.0,0.0,0.0,0.0,0.06535795,0.934642,0.0
9,11,0.0,0.0,0.0,0.0,0.0,0.0,0.0,0.0,0.0,0.0,0.06535795,0.934642,0.0
9,11,0.0,0.0,0.0,0.0,0.0,0.0,0.0,0.0,0.0,0.0,0.06535795,0.934642,0.0
9,11,0.0,0.0,0.0,0.0,0.0,0.0,0.0,0.0,0.0,0.0,0.06535795,0.934642,0.0
9,11,0.0,0.0,0.0,0.0,0.0,0.0,0.0,0.0,0.0,0.0,0.06535795,0.934642,0.0
9,11,0.0,0.0,0.0,0.0,0.0,0.0,0.0,0.0,0.0,0.0,0.06535795,0.934642,0.0
9,11,0.0,0.0,0.0,0.0,0.0,0.0,0.0,0.0,0.0,0.0,0.06535795,0.934642,0.0
9,11,0.0,0.0,0.0,0.0,0.0,0.0,0.0,0.0,0.0,0.0,0.06535795,0.934642,0.0
9,11,0.0,0.0,0.0,0.0,0.0,0.0,0.0,0.0,0.0,0.0,0.06535795,0.934642,0.0
9,11,0.0,0.0,0.0,0.0,0.0,0.0,0.0,0.0,0.0,0.0,0.06535795,0.934642,0.0
9,11,0.0,0.0,0.0,0.0,0.0,0.0,0.0,0.0,0.0,0.0,0.06535795,0.934642,0.0
9,11,0.0,0.0,0.0,0.0,0.0,0.0,0.0,0.0,0.0,0.0,0.06535795,0.934642,0.0
9,11,0.0,0.0,0.0,0.0,0.0,0.0,0.0,0.0,0.0,0.0,0.06535795,0.934642,0.0
9,11,0.0,0.0,0.0,0.0,0.0,0.0,0.0,0.0,0.0,0.0,0.06535795,0.934642,0.0
9,11,0.0,0.0,0.0,0.0,0.0,0.0,0.0,0.0,0.0,0.0,0.06535795,0.934642,0.0
9,11,0.0,0.0,0.0,0.0,0.0,0.0,0.0,0.0,0.0,0.0,0.06535795,0.934642,0.0
9,11,0.0,0.0,0.0,0.0,0.0,0.0,0.0,0.0,0.0,0.0,0.06535795,0.934642,0.0
9,11,0.0,0.0,0.0,0.0,0.0,0.0,0.0,0.0,0.0,0.0,0.06535795,0.934642,0.0
9,11,0.0,0.0,0.0,0.0,0.0,0.0,0.0,0.0,0.0,0.0,0.06535795,0.934642,0.0
9,11,0.0,0.0,0.0,0.0,0.0,0.0,0.0,0.0,0.0,0.0,0.06535795,0.934642,0.0
9,11,0.0,0.0,0.0,0.0,0.0,0.0,0.0,0.0,0.0,0.0,0.06535795,0.934642,0.0
9,11,0.0,0.0,0.0,0.0,0.0,0.0,0.0,0.0,0.0,0.0,0.06535795,0.934642,0.0
9,11,0.0,0.0,0.0,0.0,0.0,0.0,0.0,0.0,0.0,0.0,0.06535795,0.934642,0.0
9,11,0.0,0.0,0.0,0.0,0.0,0.0,0.0,0.0,0.0,0.0,0.06535795,0.934642,0.0
9,11,0.0,0.0,0.0,0.0,0.0,0.0,0.0,0.0,0.0,0.0,0.06535795,0.934642,0.0
9,11,0.0,0.0,0.0,0.0,0.0,0.0,0.0,0.0,0.0,0.0,0.06535795,0.934642,0.0
9,11,0.0,0.0,0.0,0.0,0.0,0.0,0.0,0.0,0.0,0.0,0.06535795,0.934642,0.0
9,11,0.0,0.0,0.0,0.0,0.0,0.0,0.0,0.0,0.0,0.0,0.06535795,0.934642,0.0
9,11,0.0,0.0,0.0,0.0,0.0,0.0,0.0,0.0,0.0,0.0,0.06535795,0.934642,0.0
9,11,0.0,0.0,0.0,0.0,0.0,0.0,0.0,0.0,0.0,0.0,0.06535795,0.934642,0.0
9,11,0.0,0.0,0.0,0.0,0.0,0.0,0.0,0.0,0.0,0.0,0.06535795,0.934642,0.0
9,11,0.0,0.0,0.0,0.0,0.0,0.0,0.0,0.0,0.0,0.0,0.06535795,0.934642,0.0
9,11,0.0,0.0,0.0,0.0,0.0,0.0,0.0,0.0,0.0,0.0,0.06535795,0.934642,0.0
9,11,0.0,0.0,0.0,0.0,0.0,0.0,0.0,0.0,0.0,0.0,0.06535795,0.934642,0.0
9,11,0.0,0.0,0.0,0.0,0.0,0.0,0.0,0.0,0.0,0.0,0.06535795,0.934642,0.0
9,11,0.0,0.0,0.0,0.0,0.0,0.0,0.0,0.0,0.0,0.0,0.06535795,0.934642,0.0
9,11,0.0,0.0,0.0,0.0,0.0,0.0,0.0,0.0,0.0,0.0,0.06535795,0.934642,0.0
9,11,0.0,0.0,0.0,0.0,0.0,0.0,0.0,0.0,0.0,0.0,0.06535795,0.934642,0.0
9,11,0.0,0.0,0.0,0.0,0.0,0.0,0.0,0.0,0.0,0.0,0.06535795,0.934642,0.0
9,11,0.0,0.0,0.0,0.0,0.0,0.0,0.0,0.0,0.0,0.0,0.06535795,0.934642,0.0
9,11,0.0,0.0,0.0,0.0,0.0,0.0,0.0,0.0,0.0,0.0,0.06535795,0.934642,0.0
9,11,0.0,0.0,0.0,0.0,0.0,0.0,0.0,0.0,0.0,0.0,0.06535795,0.934642,0.0
9,11,0.0,0.0,0.0,0.0,0.0,0.0,0.0,0.0,0.0,0.0,0.06535795,0.934642,0.0
9,11,0.0,0.0,0.0,0.0,0.0,0.0,0.0,0.0,0.0,0.0,0.06535795,0.934642,0.0
9,11,0.0,0.0,0.0,0.0,0.0,0.0,0.0,0.0,0.0,0.0,0.06535795,0.934642,0.0
9,11,0.0,0.0,0.0,0.0,0.0,0.0,0.0,0.0,0.0,0.0,0.06535795,0.934642,0.0
9,11,0.0,0.0,0.0,0.0,0.0,0.0,0.0,0.0,0.0,0.0,0.06535795,0.934642,0.0
9,11,0.0,0.0,0.0,0.0,0.0,0.0,0.0,0.0,0.0,0.0,0.06535795,0.934642,0.0
9,11,0.0,0.0,0.0,0.0,0.0,0.0,0.0,0.0,0.0,0.0,0.06535795,0.934642,0.0
9,11,0.0,0.0,0.0,0.0,0.0,0.0,0.0,0.0,0.0,0.0,0.06535795,0.934642,0.0
9,11,0.0,0.0,0.0,0.0,0.0,0.0,0.0,0.0,0.0,0.0,0.06535795,0.934642,0.0
9,11,0.0,0.0,0.0,0.0,0.0,0.0,0.0,0.0,0.0,0.0,0.06535795,0.934642,0.0
9,11,0.0,0.0,0.0,0.0,0.0,0.0,0.0,0.0,0.0,0.0,0.06535795,0.934642,0.0
9,11,0.0,0.0,0.0,0.0,0.0,0.0,0.0,0.0,0.0,0.0,0.06535795,0.934642,0.0
9,11,0.0,0.0,0.0,0.0,0.0,0.0,0.0,0.0,0.0,0.0,0.06535795,0.934642,0.0
9,11,0.0,0.0,0.0,0.0,0.0,0.0,0.0,0.0,0.0,0.0,0.06535795,0.934642,0.0
9,11,0.0,0.0,0.0,0.0,0.0,0.0,0.0,0.0,0.0,0.0,0.06535795,0.934642,0.0
9,11,0.0,0.0,0.0,0.0,0.0,0.0,0.0,0.0,0.0,0.0,0.06535795,0.934642,0.0
9,11,0.0,0.0,0.0,0.0,0.0,0.0,0.0,0.0,0.0,0.0,0.06535795,0.934642,0.0
9,11,0.0,0.0,0.0,0.0,0.0,0.0,0.0,0.0,0.0,0.0,0.06535795,0.934642,0.0
9,11,0.0,0.0,0.0,0.0,0.0,0.0,0.0,0.0,0.0,0.0,0.06535795,0.934642,0.0
9,11,0.0,0.0,0.0,0.0,0.0,0.0,0.0,0.0,0.0,0.0,0.06535795,0.934642,0.0
9,11,0.0,0.0,0.0,0.0,0.0,0.0,0.0,0.0,0.0,0.0,0.06535795,0.934642,0.0
9,11,0.0,0.0,0.0,0.0,0.0,0.0,0.0,0.0,0.0,0.0,0.06535795,0.934642,0.0
9,11,0.0,0.0,0.0,0.0,0.0,0.0,0.0,0.0,0.0,0.0,0.06535795,0.934642,0.0
9,11,0.0,0.0,0.0,0.0,0.0,0.0,0.0,0.0,0.0,0.0,0.06535795,0.934642,0.0
9,11,0.0,0.0,0.0,0.0,0.0,0.0,0.0,0.0,0.0,0.0,0.06535795,0.934642,0.0
9,11,0.0,0.0,0.0,0.0,0.0,0.0,0.0,0.0,0.0,0.0,0.06535795,0.934642,0.0
9,11,0.0,0.0,0.0,0.0,0.0,0.0,0.0,0.0,0.0,0.0,0.06535795,0.934642,0.0
9,11,0.0,0.0,0.0,0.0,0.0,0.0,0.0,0.0,0.0,0.0,0.06535795,0.934642,0.0
9,11,0.0,0.0,0.0,0.0,0.0,0.0,0.0,0.0,0.0,0.0,0.06535795,0.934642,0.0
9,11,0.0,0.0,0.0,0.0,0.0,0.0,0.0,0.0,0.0,0.0,0.06535795,0.934642,0.0
9,11,0.0,0.0,0.0,0.0,0.0,0.0,0.0,0.0,0.0,0.0,0.06535795,0.934642,0.0
9,11,0.0,0.0,0.0,0.0,0.0,0.0,0.0,0.0,0.0,0.0,0.06535795,0.934642,0.0
9,11,0.0,0.0,0.0,0.0,0.0,0.0,0.0,0.0,0.0,0.0,0.06535795,0.934642,0.0
9,11,0.0,0.0,0.0,0.0,0.0,0.0,0.0,0.0,0.0,0.0,0.06535795,0.934642,0.0
9,11,0.0,0.0,0.0,0.0,0.0,0.0,0.0,0.0,0.0,0.0,0.06535795,0.934642,0.0
9,11,0.0,0.0,0.0,0.0,0.0,0.0,0.0,0.0,0.0,0.0,0.06535795,0.934642,0.0
9,11,0.0,0.0,0.0,0.0,0.0,0.0,0.0,0.0,0.0,0.0,0.06535795,0.934642,0.0
9,11,0.0,0.0,0.0,0.0,0.0,0.0,0.0,0.0,0.0,0.0,0.06535795,0.934642,0.0
9,11,0.0,0.0,0.0,0.0,0.0,0.0,0.0,0.0,0.0,0.0,0.06535795,0.934642,0.0
9,11,0.0,0.0,0.0,0.0,0.0,0.0,0.0,0.0,0.0,0.0,0.06535795,0.934642,0.0
9,11,0.0,0.0,0.0,0.0,0.0,0.0,0.0,0.0,0.0,0.0,0.06535795,0.934642,0.0
9,11,0.0,0.0,0.0,0.0,0.0,0.0,0.0,0.0,0.0,0.0,0.06535795,0.934642,0.0
9,11,0.0,0.0,0.0,0.0,0.0,0.0,0.0,0.0,0.0,0.0,0.06535795,0.934642,0.0
9,11,0.0,0.0,0.0,0.0,0.0,0.0,0.0,0.0,0.0,0.0,0.06535795,0.934642,0.0
9,11,0.0,0.0,0.0,0.0,0.0,0.0,0.0,0.0,0.0,0.0,0.06535795,0.934642,0.0
9,11,0.0,0.0,0.0,0.0,0.0,0.0,0.0,0.0,0.0,0.0,0.06535795,0.934642,0.0
9,11,0.0,0.0,0.0,0.0,0.0,0.0,0.0,0.0,0.0,0.0,0.06535795,0.934642,0.0
9,11,0.0,0.0,0.0,0.0,0.0,0.0,0.0,0.0,0.0,0.0,0.06535795,0.934642,0.0
9,11,0.0,0.0,0.0,0.0,0.0,0.0,0.0,0.0,0.0,0.0,0.06535795,0.934642,0.0
9,11,0.0,0.0,0.0,0.0,0.0,0.0,0.0,0.0,0.0,0.0,0.06535795,0.934642,0.0
9,11,0.0,0.0,0.0,0.0,0.0,0.0,0.0,0.0,0.0,0.0,0.06535795,0.934642,0.0
9,11,0.0,0.0,0.0,0.0,0.0,0.0,0.0,0.0,0.0,0.0,0.06535795,0.934642,0.0
9,11,0.0,0.0,0.0,0.0,0.0,0.0,0.0,0.0,0.0,0.0,0.06535795,0.934642,0.0
9,11,0.0,0.0,0.0,0.0,0.0,0.0,0.0,0.0,0.0,0.0,0.06535795,0.934642,0.0
9,11,0.0,0.0,0.0,0.0,0.0,0.0,0.0,0.0,0.0,0.0,0.06535795,0.934642,0.0
9,11,0.0,0.0,0.0,0.0,0.0,0.0,0.0,0.0,0.0,0.0,0.06535795,0.934642,0.0
9,11,0.0,0.0,0.0,0.0,0.0,0.0,0.0,0.0,0.0,0.0,0.06535795,0.934642,0.0
9,11,0.0,0.0,0.0,0.0,0.0,0.0,0.0,0.0,0.0,0.0,0.06535795,0.934642,0.0
9,11,0.0,0.0,0.0,0.0,0.0,0.0,0.0,0.0,0.0,0.0,0.06535795,0.934642,0.0
9,11,0.0,0.0,0.0,0.0,0.0,0.0,0.0,0.0,0.0,0.0,0.06535795,0.934642,0.0
9,11,0.0,0.0,0.0,0.0,0.0,0.0,0.0,0.0,0.0,0.0,0.06535795,0.934642,0.0
9,11,0.0,0.0,0.0,0.0,0.0,0.0,0.0,0.0,0.0,0.0,0.06535795,0.934642,0.0
9,11,0.0,0.0,0.0,0.0,0.0,0.0,0.0,0.0,0.0,0.0,0.06535795,0.934642,0.0
9,11,0.0,0.0,0.0,0.0,0.0,0.0,0.0,0.0,0.0,0.0,0.06535795,0.934642,0.0
9,11,0.0,0.0,0.0,0.0,0.0,0.0,0.0,0.0,0.0,0.0,0.06535795,0.934642,0.0
9,11,0.0,0.0,0.0,0.0,0.0,0.0,0.0,0.0,0.0,0.0,0.06535795,0.934642,0.0
9,11,0.0,0.0,0.0,0.0,0.0,0.0,0.0,0.0,0.0,0.0,0.06535795,0.934642,0.0
9,11,0.0,0.0,0.0,0.0,0.0,0.0,0.0,0.0,0.0,0.0,0.06535795,0.934642,0.0
9,11,0.0,0.0,0.0,0.0,0.0,0.0,0.0,0.0,0.0,0.0,0.06535795,0.934642,0.0
9,11,0.0,0.0,0.0,0.0,0.0,0.0,0.0,0.0,0.0,0.0,0.06535795,0.934642,0.0
9,11,0.0,0.0,0.0,0.0,0.0,0.0,0.0,0.0,0.0,0.0,0.06535795,0.934642,0.0
9,11,0.0,0.0,0.0,0.0,0.0,0.0,0.0,0.0,0.0,0.0,0.06535795,0.934642,0.0
9,11,0.0,0.0,0.0,0.0,0.0,0.0,0.0,0.0,0.0,0.0,0.06535795,0.934642,0.0
9,11,0.0,0.0,0.0,0.0,0.0,0.0,0.0,0.0,0.0,0.0,0.06535795,0.934642,0.0
9,11,0.0,0.0,0.0,0.0,0.0,0.0,0.0,0.0,0.0,0.0,0.06535795,0.934642,0.0
9,11,0.0,0.0,0.0,0.0,0.0,0.0,0.0,0.0,0.0,0.0,0.06535795,0.934642,0.0
9,11,0.0,0.0,0.0,0.0,0.0,0.0,0.0,0.0,0.0,0.0,0.06535795,0.934642,0.0
9,11,0.0,0.0,0.0,0.0,0.0,0.0,0.0,0.0,0.0,0.0,0.06535795,0.934642,0.0
9,11,0.0,0.0,0.0,0.0,0.0,0.0,0.0,0.0,0.0,0.0,0.06535795,0.934642,0.0
9,11,0.0,0.0,0.0,0.0,0.0,0.0,0.0,0.0,0.0,0.0,0.06535795,0.934642,0.0
9,11,0.0,0.0,0.0,0.0,0.0,0.0,0.0,0.0,0.0,0.0,0.06535795,0.934642,0.0
9,11,0.0,0.0,0.0,0.0,0.0,0.0,0.0,0.0,0.0,0.0,0.06535795,0.934642,0.0
9,11,0.0,0.0,0.0,0.0,0.0,0.0,0.0,0.0,0.0,0.0,0.06535795,0.934642,0.0
9,11,0.0,0.0,0.0,0.0,0.0,0.0,0.0,0.0,0.0,0.0,0.06535795,0.934642,0.0
9,11,0.0,0.0,0.0,0.0,0.0,0.0,0.0,0.0,0.0,0.0,0.06535795,0.934642,0.0
9,11,0.0,0.0,0.0,0.0,0.0,0.0,0.0,0.0,0.0,0.0,0.06535795,0.934642,0.0
9,11,0.0,0.0,0.0,0.0,0.0,0.0,0.0,0.0,0.0,0.0,0.06535795,0.934642,0.0
9,11,0.0,0.0,0.0,0.0,0.0,0.0,0.0,0.0,0.0,0.0,0.06535795,0.934642,0.0
9,11,0.0,0.0,0.0,0.0,0.0,0.0,0.0,0.0,0.0,0.0,0.06535795,0.934642,0.0
9,11,0.0,0.0,0.0,0.0,0.0,0.0,0.0,0.0,0.0,0.0,0.06535795,0.934642,0.0
9,11,0.0,0.0,0.0,0.0,0.0,0.0,0.0,0.0,0.0,0.0,0.06535795,0.934642,0.0
9,11,0.0,0.0,0.0,0.0,0.0,0.0,0.0,0.0,0.0,0.0,0.06535795,0.934642,0.0
9,11,0.0,0.0,0.0,0.0,0.0,0.0,0.0,0.0,0.0,0.0,0.06535795,0.934642,0.0
9,11,0.0,0.0,0.0,0.0,0.0,0.0,0.0,0.0,0.0,0.0,0.06535795,0.934642,0.0
9,11,0.0,0.0,0.0,0.0,0.0,0.0,0.0,0.0,0.0,0.0,0.06535795,0.934642,0.0
9,11,0.0,0.0,0.0,0.0,0.0,0.0,0.0,0.0,0.0,0.0,0.06535795,0.934642,0.0
9,11,0.0,0.0,0.0,0.0,0.0,0.0,0.0,0.0,0.0,0.0,0.06535795,0.934642,0.0
9,11,0.0,0.0,0.0,0.0,0.0,0.0,0.0,0.0,0.0,0.0,0.06535795,0.934642,0.0
9,11,0.0,0.0,0.0,0.0,0.0,0.0,0.0,0.0,0.0,0.0,0.06535795,0.934642,0.0
9,11,0.0,0.0,0.0,0.0,0.0,0.0,0.0,0.0,0.0,0.0,0.06535795,0.934642,0.0
9,11,0.0,0.0,0.0,0.0,0.0,0.0,0.0,0.0,0.0,0.0,0.06535795,0.934642,0.0
9,11,0.0,0.0,0.0,0.0,0.0,0.0,0.0,0.0,0.0,0.0,0.06535795,0.934642,0.0
9,11,0.0,0.0,0.0,0.0,0.0,0.0,0.0,0.0,0.0,0.0,0.06535795,0.934642,0.0
9,11,0.0,0.0,0.0,0.0,0.0,0.0,0.0,0.0,0.0,0.0,0.06535795,0.934642,0.0
9,11,0.0,0.0,0.0,0.0,0.0,0.0,0.0,0.0,0.0,0.0,0.06535795,0.934642,0.0
9,11,0.0,0.0,0.0,0.0,0.0,0.0,0.0,0.0,0.0,0.0,0.06535795,0.934642,0.0
9,11,0.0,0.0,0.0,0.0,0.0,0.0,0.0,0.0,0.0,0.0,0.06535795,0.934642,0.0
9,11,0.0,0.0,0.0,0.0,0.0,0.0,0.0,0.0,0.0,0.0,0.06535795,0.934642,0.0
9,11,0.0,0.0,0.0,0.0,0.0,0.0,0.0,0.0,0.0,0.0,0.06535795,0.934642,0.0
9,11,0.0,0.0,0.0,0.0,0.0,0.0,0.0,0.0,0.0,0.0,0.06535795,0.934642,0.0
9,11,0.0,0.0,0.0,0.0,0.0,0.0,0.0,0.0,0.0,0.0,0.06535795,0.934642,0.0
9,11,0.0,0.0,0.0,0.0,0.0,0.0,0.0,0.0,0.0,0.0,0.06535795,0.934642,0.0
9,11,0.0,0.0,0.0,0.0,0.0,0.0,0.0,0.0,0.0,0.0,0.06535795,0.934642,0.0
9,11,0.0,0.0,0.0,0.0,0.0,0.0,0.0,0.0,0.0,0.0,0.06535795,0.934642,0.0
9,11,0.0,0.0,0.0,0.0,0.0,0.0,0.0,0.0,0.0,0.0,0.06535795,0.934642,0.0
9,11,0.0,0.0,0.0,0.0,0.0,0.0,0.0,0.0,0.0,0.0,0.06535795,0.934642,0.0
9,11,0.0,0.0,0.0,0.0,0.0,0.0,0.0,0.0,0.0,0.0,0.06535795,0.934642,0.0
9,11,0.0,0.0,0.0,0.0,0.0,0.0,0.0,0.0,0.0,0.0,0.06535795,0.934642,0.0
9,11,0.0,0.0,0.0,0.0,0.0,0.0,0.0,0.0,0.0,0.0,0.06535795,0.934642,0.0
9,11,0.0,0.0,0.0,0.0,0.0,0.0,0.0,0.0,0.0,0.0,0.06535795,0.934642,0.0
9,11,0.0,0.0,0.0,0.0,0.0,0.0,0.0,0.0,0.0,0.0,0.06535795,0.934642,0.0
9,11,0.0,0.0,0.0,0.0,0.0,0.0,0.0,0.0,0.0,0.0,0.06535795,0.934642,0.0
9,11,0.0,0.0,0.0,0.0,0.0,0.0,0.0,0.0,0.0,0.0,0.06535795,0.934642,0.0
9,11,0.0,0.0,0.0,0.0,0.0,0.0,0.0,0.0,0.0,0.0,0.06535795,0.934642,0.0
9,11,0.0,0.0,0.0,0.0,0.0,0.0,0.0,0.0,0.0,0.0,0.06535795,0.934642,0.0
9,11,0.0,0.0,0.0,0.0,0.0,0.0,0.0,0.0,0.0,0.0,0.06535795,0.934642,0.0
9,11,0.0,0.0,0.0,0.0,0.0,0.0,0.0,0.0,0.0,0.0,0.06535795,0.934642,0.0
9,11,0.0,0.0,0.0,0.0,0.0,0.0,0.0,0.0,0.0,0.0,0.06535795,0.934642,0.0
9,11,0.0,0.0,0.0,0.0,0.0,0.0,0.0,0.0,0.0,0.0,0.06535795,0.934642,0.0
9,11,0.0,0.0,0.0,0.0,0.0,0.0,0.0,0.0,0.0,0.0,0.06535795,0.934642,0.0
9,11,0.0,0.0,0.0,0.0,0.0,0.0,0.0,0.0,0.0,0.0,0.06535795,0.934642,0.0
9,11,0.0,0.0,0.0,0.0,0.0,0.0,0.0,0.0,0.0,0.0,0.06535795,0.934642,0.0
9,11,0.0,0.0,0.0,0.0,0.0,0.0,0.0,0.0,0.0,0.0,0.06535795,0.934642,0.0
9,11,0.0,0.0,0.0,0.0,0.0,0.0,0.0,0.0,0.0,0.0,0.06535795,0.934642,0.0
9,11,0.0,0.0,0.0,0.0,0.0,0.0,0.0,0.0,0.0,0.0,0.06535795,0.934642,0.0
9,11,0.0,0.0,0.0,0.0,0.0,0.0,0.0,0.0,0.0,0.0,0.06535795,0.934642,0.0
9,11,0.0,0.0,0.0,0.0,0.0,0.0,0.0,0.0,0.0,0.0,0.06535795,0.934642,0.0
9,11,0.0,0.0,0.0,0.0,0.0,0.0,0.0,0.0,0.0,0.0,0.06535795,0.934642,0.0
9,11,0.0,0.0,0.0,0.0,0.0,0.0,0.0,0.0,0.0,0.0,0.06535795,0.934642,0.0
9,11,0.0,0.0,0.0,0.0,0.0,0.0,0.0,0.0,0.0,0.0,0.06535795,0.934642,0.0
9,11,0.0,0.0,0.0,0.0,0.0,0.0,0.0,0.0,0.0,0.0,0.06535795,0.934642,0.0
9,11,0.0,0.0,0.0,0.0,0.0,0.0,0.0,0.0,0.0,0.0,0.06535795,0.934642,0.0
9,11,0.0,0.0,0.0,0.0,0.0,0.0,0.0,0.0,0.0,0.0,0.06535795,0.934642,0.0
9,11,0.0,0.0,0.0,0.0,0.0,0.0,0.0,0.0,0.0,0.0,0.06535795,0.934642,0.0
9,11,0.0,0.0,0.0,0.0,0.0,0.0,0.0,0.0,0.0,0.0,0.06535795,0.934642,0.0
9,11,0.0,0.0,0.0,0.0,0.0,0.0,0.0,0.0,0.0,0.0,0.06535795,0.934642,0.0
9,11,0.0,0.0,0.0,0.0,0.0,0.0,0.0,0.0,0.0,0.0,0.06535795,0.934642,0.0
9,11,0.0,0.0,0.0,0.0,0.0,0.0,0.0,0.0,0.0,0.0,0.06535795,0.934642,0.0
9,11,0.0,0.0,0.0,0.0,0.0,0.0,0.0,0.0,0.0,0.0,0.06535795,0.934642,0.0
9,11,0.0,0.0,0.0,0.0,0.0,0.0,0.0,0.0,0.0,0.0,0.06535795,0.934642,0.0
9,11,0.0,0.0,0.0,0.0,0.0,0.0,0.0,0.0,0.0,0.0,0.06535795,0.934642,0.0
9,11,0.0,0.0,0.0,0.0,0.0,0.0,0.0,0.0,0.0,0.0,0.06535795,0.934642,0.0
9,11,0.0,0.0,0.0,0.0,0.0,0.0,0.0,0.0,0.0,0.0,0.06535795,0.934642,0.0
9,11,0.0,0.0,0.0,0.0,0.0,0.0,0.0,0.0,0.0,0.0,0.06535795,0.934642,0.0
9,11,0.0,0.0,0.0,0.0,0.0,0.0,0.0,0.0,0.0,0.0,0.06535795,0.934642,0.0
9,11,0.0,0.0,0.0,0.0,0.0,0.0,0.0,0.0,0.0,0.0,0.06535795,0.934642,0.0
9,11,0.0,0.0,0.0,0.0,0.0,0.0,0.0,0.0,0.0,0.0,0.06535795,0.934642,0.0
9,11,0.0,0.0,0.0,0.0,0.0,0.0,0.0,0.0,0.0,0.0,0.06535795,0.934642,0.0
9,11,0.0,0.0,0.0,0.0,0.0,0.0,0.0,0.0,0.0,0.0,0.06535795,0.934642,0.0
9,11,0.0,0.0,0.0,0.0,0.0,0.0,0.0,0.0,0.0,0.0,0.06535795,0.934642,0.0
9,11,0.0,0.0,0.0,0.0,0.0,0.0,0.0,0.0,0.0,0.0,0.06535795,0.934642,0.0
9,11,0.0,0.0,0.0,0.0,0.0,0.0,0.0,0.0,0.0,0.0,0.06535795,0.934642,0.0
9,11,0.0,0.0,0.0,0.0,0.0,0.0,0.0,0.0,0.0,0.0,0.06535795,0.934642,0.0
9,11,0.0,0.0,0.0,0.0,0.0,0.0,0.0,0.0,0.0,0.0,0.06535795,0.934642,0.0
9,11,0.0,0.0,0.0,0.0,0.0,0.0,0.0,0.0,0.0,0.0,0.06535795,0.934642,0.0
9,11,0.0,0.0,0.0,0.0,0.0,0.0,0.0,0.0,0.0,0.0,0.06535795,0.934642,0.0
9,11,0.0,0.0,0.0,0.0,0.0,0.0,0.0,0.0,0.0,0.0,0.06535795,0.934642,0.0
9,11,0.0,0.0,0.0,0.0,0.0,0.0,0.0,0.0,0.0,0.0,0.06535795,0.934642,0.0
9,11,0.0,0.0,0.0,0.0,0.0,0.0,0.0,0.0,0.0,0.0,0.06535795,0.934642,0.0
9,11,0.0,0.0,0.0,0.0,0.0,0.0,0.0,0.0,0.0,0.0,0.06535795,0.934642,0.0
9,11,0.0,0.0,0.0,0.0,0.0,0.0,0.0,0.0,0.0,0.0,0.06535795,0.934642,0.0
9,11,0.0,0.0,0.0,0.0,0.0,0.0,0.0,0.0,0.0,0.0,0.06535795,0.934642,0.0
9,11,0.0,0.0,0.0,0.0,0.0,0.0,0.0,0.0,0.0,0.0,0.06535795,0.934642,0.0
9,11,0.0,0.0,0.0,0.0,0.0,0.0,0.0,0.0,0.0,0.0,0.06535795,0.934642,0.0
9,11,0.0,0.0,0.0,0.0,0.0,0.0,0.0,0.0,0.0,0.0,0.06535795,0.934642,0.0
9,11,0.0,0.0,0.0,0.0,0.0,0.0,0.0,0.0,0.0,0.0,0.06535795,0.934642,0.0
9,11,0.0,0.0,0.0,0.0,0.0,0.0,0.0,0.0,0.0,0.0,0.06535795,0.934642,0.0
9,11,0.0,0.0,0.0,0.0,0.0,0.0,0.0,0.0,0.0,0.0,0.06535795,0.934642,0.0
9,11,0.0,0.0,0.0,0.0,0.0,0.0,0.0,0.0,0.0,0.0,0.06535795,0.934642,0.0
9,11,0.0,0.0,0.0,0.0,0.0,0.0,0.0,0.0,0.0,0.0,0.06535795,0.934642,0.0
9,11,0.0,0.0,0.0,0.0,0.0,0.0,0.0,0.0,0.0,0.0,0.06535795,0.934642,0.0
9,11,0.0,0.0,0.0,0.0,0.0,0.0,0.0,0.0,0.0,0.0,0.06535795,0.934642,0.0
9,11,0.0,0.0,0.0,0.0,0.0,0.0,0.0,0.0,0.0,0.0,0.06535795,0.934642,0.0
9,11,0.0,0.0,0.0,0.0,0.0,0.0,0.0,0.0,0.0,0.0,0.06535795,0.934642,0.0
9,11,0.0,0.0,0.0,0.0,0.0,0.0,0.0,0.0,0.0,0.0,0.06535795,0.934642,0.0
9,11,0.0,0.0,0.0,0.0,0.0,0.0,0.0,0.0,0.0,0.0,0.06535795,0.934642,0.0
9,11,0.0,0.0,0.0,0.0,0.0,0.0,0.0,0.0,0.0,0.0,0.06535795,0.934642,0.0
9,11,0.0,0.0,0.0,0.0,0.0,0.0,0.0,0.0,0.0,0.0,0.06535795,0.934642,0.0
9,11,0.0,0.0,0.0,0.0,0.0,0.0,0.0,0.0,0.0,0.0,0.06535795,0.934642,0.0
9,11,0.0,0.0,0.0,0.0,0.0,0.0,0.0,0.0,0.0,0.0,0.06535795,0.934642,0.0
9,11,0.0,0.0,0.0,0.0,0.0,0.0,0.0,0.0,0.0,0.0,0.06535795,0.934642,0.0
9,11,0.0,0.0,0.0,0.0,0.0,0.0,0.0,0.0,0.0,0.0,0.06535795,0.934642,0.0
9,11,0.0,0.0,0.0,0.0,0.0,0.0,0.0,0.0,0.0,0.0,0.06535795,0.934642,0.0
9,11,0.0,0.0,0.0,0.0,0.0,0.0,0.0,0.0,0.0,0.0,0.06535795,0.934642,0.0
9,11,0.0,0.0,0.0,0.0,0.0,0.0,0.0,0.0,0.0,0.0,0.06535795,0.934642,0.0
9,11,0.0,0.0,0.0,0.0,0.0,0.0,0.0,0.0,0.0,0.0,0.06535795,0.934642,0.0
9,11,0.0,0.0,0.0,0.0,0.0,0.0,0.0,0.0,0.0,0.0,0.06535795,0.934642,0.0
9,11,0.0,0.0,0.0,0.0,0.0,0.0,0.0,0.0,0.0,0.0,0.06535795,0.934642,0.0
9,11,0.0,0.0,0.0,0.0,0.0,0.0,0.0,0.0,0.0,0.0,0.06535795,0.934642,0.0
9,11,0.0,0.0,0.0,0.0,0.0,0.0,0.0,0.0,0.0,0.0,0.06535795,0.934642,0.0
9,11,0.0,0.0,0.0,0.0,0.0,0.0,0.0,0.0,0.0,0.0,0.06535795,0.934642,0.0
9,11,0.0,0.0,0.0,0.0,0.0,0.0,0.0,0.0,0.0,0.0,0.06535795,0.934642,0.0
9,11,0.0,0.0,0.0,0.0,0.0,0.0,0.0,0.0,0.0,0.0,0.06535795,0.934642,0.0
9,11,0.0,0.0,0.0,0.0,0.0,0.0,0.0,0.0,0.0,0.0,0.06535795,0.934642,0.0
9,11,0.0,0.0,0.0,0.0,0.0,0.0,0.0,0.0,0.0,0.0,0.06535795,0.934642,0.0
9,11,0.0,0.0,0.0,0.0,0.0,0.0,0.0,0.0,0.0,0.0,0.06535795,0.934642,0.0
9,11,0.0,0.0,0.0,0.0,0.0,0.0,0.0,0.0,0.0,0.0,0.06535795,0.934642,0.0
9,11,0.0,0.0,0.0,0.0,0.0,0.0,0.0,0.0,0.0,0.0,0.06535795,0.934642,0.0
9,11,0.0,0.0,0.0,0.0,0.0,0.0,0.0,0.0,0.0,0.0,0.06535795,0.934642,0.0
9,11,0.0,0.0,0.0,0.0,0.0,0.0,0.0,0.0,0.0,0.0,0.06535795,0.934642,0.0
9,11,0.0,0.0,0.0,0.0,0.0,0.0,0.0,0.0,0.0,0.0,0.06535795,0.934642,0.0
9,11,0.0,0.0,0.0,0.0,0.0,0.0,0.0,0.0,0.0,0.0,0.06535795,0.934642,0.0
9,11,0.0,0.0,0.0,0.0,0.0,0.0,0.0,0.0,0.0,0.0,0.06535795,0.934642,0.0
9,11,0.0,0.0,0.0,0.0,0.0,0.0,0.0,0.0,0.0,0.0,0.06535795,0.934642,0.0
9,11,0.0,0.0,0.0,0.0,0.0,0.0,0.0,0.0,0.0,0.0,0.06535795,0.934642,0.0
9,11,0.0,0.0,0.0,0.0,0.0,0.0,0.0,0.0,0.0,0.0,0.06535795,0.934642,0.0
9,11,0.0,0.0,0.0,0.0,0.0,0.0,0.0,0.0,0.0,0.0,0.06535795,0.934642,0.0
9,11,0.0,0.0,0.0,0.0,0.0,0.0,0.0,0.0,0.0,0.0,0.06535795,0.934642,0.0
9,11,0.0,0.0,0.0,0.0,0.0,0.0,0.0,0.0,0.0,0.0,0.06535795,0.934642,0.0
9,11,0.0,0.0,0.0,0.0,0.0,0.0,0.0,0.0,0.0,0.0,0.06535795,0.934642,0.0
9,11,0.0,0.0,0.0,0.0,0.0,0.0,0.0,0.0,0.0,0.0,0.06535795,0.934642,0.0
9,11,0.0,0.0,0.0,0.0,0.0,0.0,0.0,0.0,0.0,0.0,0.06535795,0.934642,0.0
9,11,0.0,0.0,0.0,0.0,0.0,0.0,0.0,0.0,0.0,0.0,0.06535795,0.934642,0.0
9,11,0.0,0.0,0.0,0.0,0.0,0.0,0.0,0.0,0.0,0.0,0.06535795,0.934642,0.0
9,11,0.0,0.0,0.0,0.0,0.0,0.0,0.0,0.0,0.0,0.0,0.06535795,0.934642,0.0
9,11,0.0,0.0,0.0,0.0,0.0,0.0,0.0,0.0,0.0,0.0,0.06535795,0.934642,0.0
9,11,0.0,0.0,0.0,0.0,0.0,0.0,0.0,0.0,0.0,0.0,0.06535795,0.934642,0.0
9,11,0.0,0.0,0.0,0.0,0.0,0.0,0.0,0.0,0.0,0.0,0.06535795,0.934642,0.0
9,11,0.0,0.0,0.0,0.0,0.0,0.0,0.0,0.0,0.0,0.0,0.06535795,0.934642,0.0
9,11,0.0,0.0,0.0,0.0,0.0,0.0,0.0,0.0,0.0,0.0,0.06535795,0.934642,0.0
9,11,0.0,0.0,0.0,0.0,0.0,0.0,0.0,0.0,0.0,0.0,0.06535795,0.934642,0.0
9,11,0.0,0.0,0.0,0.0,0.0,0.0,0.0,0.0,0.0,0.0,0.06535795,0.934642,0.0
9,11,0.0,0.0,0.0,0.0,0.0,0.0,0.0,0.0,0.0,0.0,0.06535795,0.934642,0.0
9,11,0.0,0.0,0.0,0.0,0.0,0.0,0.0,0.0,0.0,0.0,0.06535795,0.934642,0.0
9,11,0.0,0.0,0.0,0.0,0.0,0.0,0.0,0.0,0.0,0.0,0.06535795,0.934642,0.0
9,11,0.0,0.0,0.0,0.0,0.0,0.0,0.0,0.0,0.0,0.0,0.06535795,0.934642,0.0
9,11,0.0,0.0,0.0,0.0,0.0,0.0,0.0,0.0,0.0,0.0,0.06535795,0.934642,0.0
9,11,0.0,0.0,0.0,0.0,0.0,0.0,0.0,0.0,0.0,0.0,0.06535795,0.934642,0.0
9,11,0.0,0.0,0.0,0.0,0.0,0.0,0.0,0.0,0.0,0.0,0.06535795,0.934642,0.0
9,11,0.0,0.0,0.0,0.0,0.0,0.0,0.0,0.0,0.0,0.0,0.06535795,0.934642,0.0
9,11,0.0,0.0,0.0,0.0,0.0,0.0,0.0,0.0,0.0,0.0,0.06535795,0.934642,0.0
9,11,0.0,0.0,0.0,0.0,0.0,0.0,0.0,0.0,0.0,0.0,0.06535795,0.934642,0.0
9,11,0.0,0.0,0.0,0.0,0.0,0.0,0.0,0.0,0.0,0.0,0.06535795,0.934642,0.0
9,11,0.0,0.0,0.0,0.0,0.0,0.0,0.0,0.0,0.0,0.0,0.06535795,0.934642,0.0
9,11,0.0,0.0,0.0,0.0,0.0,0.0,0.0,0.0,0.0,0.0,0.06535795,0.934642,0.0
9,11,0.0,0.0,0.0,0.0,0.0,0.0,0.0,0.0,0.0,0.0,0.06535795,0.934642,0.0
9,11,0.0,0.0,0.0,0.0,0.0,0.0,0.0,0.0,0.0,0.0,0.06535795,0.934642,0.0
9,11,0.0,0.0,0.0,0.0,0.0,0.0,0.0,0.0,0.0,0.0,0.06535795,0.934642,0.0
9,11,0.0,0.0,0.0,0.0,0.0,0.0,0.0,0.0,0.0,0.0,0.06535795,0.934642,0.0
9,11,0.0,0.0,0.0,0.0,0.0,0.0,0.0,0.0,0.0,0.0,0.06535795,0.934642,0.0
9,11,0.0,0.0,0.0,0.0,0.0,0.0,0.0,0.0,0.0,0.0,0.06535795,0.934642,0.0
9,11,0.0,0.0,0.0,0.0,0.0,0.0,0.0,0.0,0.0,0.0,0.06535795,0.934642,0.0
9,11,0.0,0.0,0.0,0.0,0.0,0.0,0.0,0.0,0.0,0.0,0.06535795,0.934642,0.0
9,11,0.0,0.0,0.0,0.0,0.0,0.0,0.0,0.0,0.0,0.0,0.06535795,0.934642,0.0
9,11,0.0,0.0,0.0,0.0,0.0,0.0,0.0,0.0,0.0,0.0,0.06535795,0.934642,0.0
9,11,0.0,0.0,0.0,0.0,0.0,0.0,0.0,0.0,0.0,0.0,0.06535795,0.934642,0.0
9,11,0.0,0.0,0.0,0.0,0.0,0.0,0.0,0.0,0.0,0.0,0.06535795,0.934642,0.0
9,11,0.0,0.0,0.0,0.0,0.0,0.0,0.0,0.0,0.0,0.0,0.06535795,0.934642,0.0
9,11,0.0,0.0,0.0,0.0,0.0,0.0,0.0,0.0,0.0,0.0,0.06535795,0.934642,0.0
9,11,0.0,0.0,0.0,0.0,0.0,0.0,0.0,0.0,0.0,0.0,0.06535795,0.934642,0.0
9,11,0.0,0.0,0.0,0.0,0.0,0.0,0.0,0.0,0.0,0.0,0.06535795,0.934642,0.0
9,11,0.0,0.0,0.0,0.0,0.0,0.0,0.0,0.0,0.0,0.0,0.06535795,0.934642,0.0
9,11,0.0,0.0,0.0,0.0,0.0,0.0,0.0,0.0,0.0,0.0,0.06535795,0.934642,0.0
9,11,0.0,0.0,0.0,0.0,0.0,0.0,0.0,0.0,0.0,0.0,0.06535795,0.934642,0.0
9,11,0.0,0.0,0.0,0.0,0.0,0.0,0.0,0.0,0.0,0.0,0.06535795,0.934642,0.0
9,11,0.0,0.0,0.0,0.0,0.0,0.0,0.0,0.0,0.0,0.0,0.06535795,0.934642,0.0
9,11,0.0,0.0,0.0,0.0,0.0,0.0,0.0,0.0,0.0,0.0,0.06535795,0.934642,0.0
9,11,0.0,0.0,0.0,0.0,0.0,0.0,0.0,0.0,0.0,0.0,0.06535795,0.934642,0.0
9,11,0.0,0.0,0.0,0.0,0.0,0.0,0.0,0.0,0.0,0.0,0.06535795,0.934642,0.0
9,11,0.0,0.0,0.0,0.0,0.0,0.0,0.0,0.0,0.0,0.0,0.06535795,0.934642,0.0
9,11,0.0,0.0,0.0,0.0,0.0,0.0,0.0,0.0,0.0,0.0,0.06535795,0.934642,0.0
9,11,0.0,0.0,0.0,0.0,0.0,0.0,0.0,0.0,0.0,0.0,0.06535795,0.934642,0.0
9,11,0.0,0.0,0.0,0.0,0.0,0.0,0.0,0.0,0.0,0.0,0.06535795,0.934642,0.0
9,11,0.0,0.0,0.0,0.0,0.0,0.0,0.0,0.0,0.0,0.0,0.06535795,0.934642,0.0
9,11,0.0,0.0,0.0,0.0,0.0,0.0,0.0,0.0,0.0,0.0,0.06535795,0.934642,0.0
9,11,0.0,0.0,0.0,0.0,0.0,0.0,0.0,0.0,0.0,0.0,0.06535795,0.934642,0.0
9,11,0.0,0.0,0.0,0.0,0.0,0.0,0.0,0.0,0.0,0.0,0.06535795,0.934642,0.0
9,11,0.0,0.0,0.0,0.0,0.0,0.0,0.0,0.0,0.0,0.0,0.06535795,0.934642,0.0
9,11,0.0,0.0,0.0,0.0,0.0,0.0,0.0,0.0,0.0,0.0,0.06535795,0.934642,0.0
9,11,0.0,0.0,0.0,0.0,0.0,0.0,0.0,0.0,0.0,0.0,0.06535795,0.934642,0.0
9,11,0.0,0.0,0.0,0.0,0.0,0.0,0.0,0.0,0.0,0.0,0.06535795,0.934642,0.0
9,11,0.0,0.0,0.0,0.0,0.0,0.0,0.0,0.0,0.0,0.0,0.06535795,0.934642,0.0
9,11,0.0,0.0,0.0,0.0,0.0,0.0,0.0,0.0,0.0,0.0,0.06535795,0.934642,0.0
9,11,0.0,0.0,0.0,0.0,0.0,0.0,0.0,0.0,0.0,0.0,0.06535795,0.934642,0.0
9,11,0.0,0.0,0.0,0.0,0.0,0.0,0.0,0.0,0.0,0.0,0.06535795,0.934642,0.0
9,11,0.0,0.0,0.0,0.0,0.0,0.0,0.0,0.0,0.0,0.0,0.06535795,0.934642,0.0
9,11,0.0,0.0,0.0,0.0,0.0,0.0,0.0,0.0,0.0,0.0,0.06535795,0.934642,0.0
9,11,0.0,0.0,0.0,0.0,0.0,0.0,0.0,0.0,0.0,0.0,0.06535795,0.934642,0.0
9,11,0.0,0.0,0.0,0.0,0.0,0.0,0.0,0.0,0.0,0.0,0.06535795,0.934642,0.0
9,11,0.0,0.0,0.0,0.0,0.0,0.0,0.0,0.0,0.0,0.0,0.06535795,0.934642,0.0
9,11,0.0,0.0,0.0,0.0,0.0,0.0,0.0,0.0,0.0,0.0,0.06535795,0.934642,0.0
9,11,0.0,0.0,0.0,0.0,0.0,0.0,0.0,0.0,0.0,0.0,0.06535795,0.934642,0.0
9,11,0.0,0.0,0.0,0.0,0.0,0.0,0.0,0.0,0.0,0.0,0.06535795,0.934642,0.0
9,11,0.0,0.0,0.0,0.0,0.0,0.0,0.0,0.0,0.0,0.0,0.06535795,0.934642,0.0
9,11,0.0,0.0,0.0,0.0,0.0,0.0,0.0,0.0,0.0,0.0,0.06535795,0.934642,0.0
9,11,0.0,0.0,0.0,0.0,0.0,0.0,0.0,0.0,0.0,0.0,0.06535795,0.934642,0.0
9,11,0.0,0.0,0.0,0.0,0.0,0.0,0.0,0.0,0.0,0.0,0.06535795,0.934642,0.0
9,11,0.0,0.0,0.0,0.0,0.0,0.0,0.0,0.0,0.0,0.0,0.06535795,0.934642,0.0
9,11,0.0,0.0,0.0,0.0,0.0,0.0,0.0,0.0,0.0,0.0,0.06535795,0.934642,0.0
9,11,0.0,0.0,0.0,0.0,0.0,0.0,0.0,0.0,0.0,0.0,0.06535795,0.934642,0.0
9,11,0.0,0.0,0.0,0.0,0.0,0.0,0.0,0.0,0.0,0.0,0.06535795,0.934642,0.0
9,11,0.0,0.0,0.0,0.0,0.0,0.0,0.0,0.0,0.0,0.0,0.06535795,0.934642,0.0
9,11,0.0,0.0,0.0,0.0,0.0,0.0,0.0,0.0,0.0,0.0,0.06535795,0.934642,0.0
9,11,0.0,0.0,0.0,0.0,0.0,0.0,0.0,0.0,0.0,0.0,0.06535795,0.934642,0.0
9,11,0.0,0.0,0.0,0.0,0.0,0.0,0.0,0.0,0.0,0.0,0.06535795,0.934642,0.0
9,11,0.0,0.0,0.0,0.0,0.0,0.0,0.0,0.0,0.0,0.0,0.06535795,0.934642,0.0
9,11,0.0,0.0,0.0,0.0,0.0,0.0,0.0,0.0,0.0,0.0,0.06535795,0.934642,0.0
9,11,0.0,0.0,0.0,0.0,0.0,0.0,0.0,0.0,0.0,0.0,0.06535795,0.934642,0.0
9,11,0.0,0.0,0.0,0.0,0.0,0.0,0.0,0.0,0.0,0.0,0.06535795,0.934642,0.0
9,11,0.0,0.0,0.0,0.0,0.0,0.0,0.0,0.0,0.0,0.0,0.06535795,0.934642,0.0
9,11,0.0,0.0,0.0,0.0,0.0,0.0,0.0,0.0,0.0,0.0,0.06535795,0.934642,0.0
9,11,0.0,0.0,0.0,0.0,0.0,0.0,0.0,0.0,0.0,0.0,0.06535795,0.934642,0.0
9,11,0.0,0.0,0.0,0.0,0.0,0.0,0.0,0.0,0.0,0.0,0.06535795,0.934642,0.0
9,11,0.0,0.0,0.0,0.0,0.0,0.0,0.0,0.0,0.0,0.0,0.06535795,0.934642,0.0
9,11,0.0,0.0,0.0,0.0,0.0,0.0,0.0,0.0,0.0,0.0,0.06535795,0.934642,0.0
9,11,0.0,0.0,0.0,0.0,0.0,0.0,0.0,0.0,0.0,0.0,0.06535795,0.934642,0.0
9,11,0.0,0.0,0.0,0.0,0.0,0.0,0.0,0.0,0.0,0.0,0.06535795,0.934642,0.0
9,11,0.0,0.0,0.0,0.0,0.0,0.0,0.0,0.0,0.0,0.0,0.06535795,0.934642,0.0
9,11,0.0,0.0,0.0,0.0,0.0,0.0,0.0,0.0,0.0,0.0,0.06535795,0.934642,0.0
9,11,0.0,0.0,0.0,0.0,0.0,0.0,0.0,0.0,0.0,0.0,0.06535795,0.934642,0.0
9,11,0.0,0.0,0.0,0.0,0.0,0.0,0.0,0.0,0.0,0.0,0.06535795,0.934642,0.0
9,11,0.0,0.0,0.0,0.0,0.0,0.0,0.0,0.0,0.0,0.0,0.06535795,0.934642,0.0
9,11,0.0,0.0,0.0,0.0,0.0,0.0,0.0,0.0,0.0,0.0,0.06535795,0.934642,0.0
9,11,0.0,0.0,0.0,0.0,0.0,0.0,0.0,0.0,0.0,0.0,0.06535795,0.934642,0.0
9,11,0.0,0.0,0.0,0.0,0.0,0.0,0.0,0.0,0.0,0.0,0.06535795,0.934642,0.0
9,11,0.0,0.0,0.0,0.0,0.0,0.0,0.0,0.0,0.0,0.0,0.06535795,0.934642,0.0
9,11,0.0,0.0,0.0,0.0,0.0,0.0,0.0,0.0,0.0,0.0,0.06535795,0.934642,0.0
9,11,0.0,0.0,0.0,0.0,0.0,0.0,0.0,0.0,0.0,0.0,0.06535795,0.934642,0.0
9,11,0.0,0.0,0.0,0.0,0.0,0.0,0.0,0.0,0.0,0.0,0.06535795,0.934642,0.0
9,11,0.0,0.0,0.0,0.0,0.0,0.0,0.0,0.0,0.0,0.0,0.06535795,0.934642,0.0
9,11,0.0,0.0,0.0,0.0,0.0,0.0,0.0,0.0,0.0,0.0,0.06535795,0.934642,0.0
9,11,0.0,0.0,0.0,0.0,0.0,0.0,0.0,0.0,0.0,0.0,0.06535795,0.934642,0.0
9,11,0.0,0.0,0.0,0.0,0.0,0.0,0.0,0.0,0.0,0.0,0.06535795,0.934642,0.0
9,11,0.0,0.0,0.0,0.0,0.0,0.0,0.0,0.0,0.0,0.0,0.06535795,0.934642,0.0
9,11,0.0,0.0,0.0,0.0,0.0,0.0,0.0,0.0,0.0,0.0,0.06535795,0.934642,0.0
9,11,0.0,0.0,0.0,0.0,0.0,0.0,0.0,0.0,0.0,0.0,0.06535795,0.934642,0.0
9,11,0.0,0.0,0.0,0.0,0.0,0.0,0.0,0.0,0.0,0.0,0.06535795,0.934642,0.0
9,11,0.0,0.0,0.0,0.0,0.0,0.0,0.0,0.0,0.0,0.0,0.06535795,0.934642,0.0
9,11,0.0,0.0,0.0,0.0,0.0,0.0,0.0,0.0,0.0,0.0,0.06535795,0.934642,0.0
9,11,0.0,0.0,0.0,0.0,0.0,0.0,0.0,0.0,0.0,0.0,0.06535795,0.934642,0.0
9,11,0.0,0.0,0.0,0.0,0.0,0.0,0.0,0.0,0.0,0.0,0.06535795,0.934642,0.0
9,11,0.0,0.0,0.0,0.0,0.0,0.0,0.0,0.0,0.0,0.0,0.06535795,0.934642,0.0
9,11,0.0,0.0,0.0,0.0,0.0,0.0,0.0,0.0,0.0,0.0,0.06535795,0.934642,0.0
9,11,0.0,0.0,0.0,0.0,0.0,0.0,0.0,0.0,0.0,0.0,0.06535795,0.934642,0.0
9,11,0.0,0.0,0.0,0.0,0.0,0.0,0.0,0.0,0.0,0.0,0.06535795,0.934642,0.0
9,11,0.0,0.0,0.0,0.0,0.0,0.0,0.0,0.0,0.0,0.0,0.06535795,0.934642,0.0
9,11,0.0,0.0,0.0,0.0,0.0,0.0,0.0,0.0,0.0,0.0,0.06535795,0.934642,0.0
9,11,0.0,0.0,0.0,0.0,0.0,0.0,0.0,0.0,0.0,0.0,0.06535795,0.934642,0.0
9,11,0.0,0.0,0.0,0.0,0.0,0.0,0.0,0.0,0.0,0.0,0.06535795,0.934642,0.0
9,11,0.0,0.0,0.0,0.0,0.0,0.0,0.0,0.0,0.0,0.0,0.06535795,0.934642,0.0
9,11,0.0,0.0,0.0,0.0,0.0,0.0,0.0,0.0,0.0,0.0,0.06535795,0.934642,0.0
9,11,0.0,0.0,0.0,0.0,0.0,0.0,0.0,0.0,0.0,0.0,0.06535795,0.934642,0.0
9,11,0.0,0.0,0.0,0.0,0.0,0.0,0.0,0.0,0.0,0.0,0.06535795,0.934642,0.0
9,11,0.0,0.0,0.0,0.0,0.0,0.0,0.0,0.0,0.0,0.0,0.06535795,0.934642,0.0
9,11,0.0,0.0,0.0,0.0,0.0,0.0,0.0,0.0,0.0,0.0,0.06535795,0.934642,0.0
9,11,0.0,0.0,0.0,0.0,0.0,0.0,0.0,0.0,0.0,0.0,0.06535795,0.934642,0.0
9,11,0.0,0.0,0.0,0.0,0.0,0.0,0.0,0.0,0.0,0.0,0.06535795,0.934642,0.0
9,11,0.0,0.0,0.0,0.0,0.0,0.0,0.0,0.0,0.0,0.0,0.06535795,0.934642,0.0
9,11,0.0,0.0,0.0,0.0,0.0,0.0,0.0,0.0,0.0,0.0,0.06535795,0.934642,0.0
9,11,0.0,0.0,0.0,0.0,0.0,0.0,0.0,0.0,0.0,0.0,0.06535795,0.934642,0.0
9,11,0.0,0.0,0.0,0.0,0.0,0.0,0.0,0.0,0.0,0.0,0.06535795,0.934642,0.0
9,11,0.0,0.0,0.0,0.0,0.0,0.0,0.0,0.0,0.0,0.0,0.06535795,0.934642,0.0
9,11,0.0,0.0,0.0,0.0,0.0,0.0,0.0,0.0,0.0,0.0,0.06535795,0.934642,0.0
9,11,0.0,0.0,0.0,0.0,0.0,0.0,0.0,0.0,0.0,0.0,0.06535795,0.934642,0.0
9,11,0.0,0.0,0.0,0.0,0.0,0.0,0.0,0.0,0.0,0.0,0.06535795,0.934642,0.0
9,11,0.0,0.0,0.0,0.0,0.0,0.0,0.0,0.0,0.0,0.0,0.06535795,0.934642,0.0
9,11,0.0,0.0,0.0,0.0,0.0,0.0,0.0,0.0,0.0,0.0,0.06535795,0.934642,0.0
9,11,0.0,0.0,0.0,0.0,0.0,0.0,0.0,0.0,0.0,0.0,0.06535795,0.934642,0.0
9,11,0.0,0.0,0.0,0.0,0.0,0.0,0.0,0.0,0.0,0.0,0.06535795,0.934642,0.0
9,11,0.0,0.0,0.0,0.0,0.0,0.0,0.0,0.0,0.0,0.0,0.06535795,0.934642,0.0
9,11,0.0,0.0,0.0,0.0,0.0,0.0,0.0,0.0,0.0,0.0,0.06535795,0.934642,0.0
9,11,0.0,0.0,0.0,0.0,0.0,0.0,0.0,0.0,0.0,0.0,0.06535795,0.934642,0.0
9,11,0.0,0.0,0.0,0.0,0.0,0.0,0.0,0.0,0.0,0.0,0.06535795,0.934642,0.0
9,11,0.0,0.0,0.0,0.0,0.0,0.0,0.0,0.0,0.0,0.0,0.06535795,0.934642,0.0
9,11,0.0,0.0,0.0,0.0,0.0,0.0,0.0,0.0,0.0,0.0,0.06535795,0.934642,0.0
9,11,0.0,0.0,0.0,0.0,0.0,0.0,0.0,0.0,0.0,0.0,0.06535795,0.934642,0.0
9,11,0.0,0.0,0.0,0.0,0.0,0.0,0.0,0.0,0.0,0.0,0.06535795,0.934642,0.0
9,11,0.0,0.0,0.0,0.0,0.0,0.0,0.0,0.0,0.0,0.0,0.06535795,0.934642,0.0
9,11,0.0,0.0,0.0,0.0,0.0,0.0,0.0,0.0,0.0,0.0,0.06535795,0.934642,0.0
9,11,0.0,0.0,0.0,0.0,0.0,0.0,0.0,0.0,0.0,0.0,0.06535795,0.934642,0.0
9,11,0.0,0.0,0.0,0.0,0.0,0.0,0.0,0.0,0.0,0.0,0.06535795,0.934642,0.0
9,11,0.0,0.0,0.0,0.0,0.0,0.0,0.0,0.0,0.0,0.0,0.06535795,0.934642,0.0
9,11,0.0,0.0,0.0,0.0,0.0,0.0,0.0,0.0,0.0,0.0,0.06535795,0.934642,0.0
9,11,0.0,0.0,0.0,0.0,0.0,0.0,0.0,0.0,0.0,0.0,0.06535795,0.934642,0.0
9,11,0.0,0.0,0.0,0.0,0.0,0.0,0.0,0.0,0.0,0.0,0.06535795,0.934642,0.0
9,11,0.0,0.0,0.0,0.0,0.0,0.0,0.0,0.0,0.0,0.0,0.06535795,0.934642,0.0
9,11,0.0,0.0,0.0,0.0,0.0,0.0,0.0,0.0,0.0,0.0,0.06535795,0.934642,0.0
9,11,0.0,0.0,0.0,0.0,0.0,0.0,0.0,0.0,0.0,0.0,0.06535795,0.934642,0.0
9,11,0.0,0.0,0.0,0.0,0.0,0.0,0.0,0.0,0.0,0.0,0.06535795,0.934642,0.0
9,11,0.0,0.0,0.0,0.0,0.0,0.0,0.0,0.0,0.0,0.0,0.06535795,0.934642,0.0
9,11,0.0,0.0,0.0,0.0,0.0,0.0,0.0,0.0,0.0,0.0,0.06535795,0.934642,0.0
9,11,0.0,0.0,0.0,0.0,0.0,0.0,0.0,0.0,0.0,0.0,0.06535795,0.934642,0.0
9,11,0.0,0.0,0.0,0.0,0.0,0.0,0.0,0.0,0.0,0.0,0.06535795,0.934642,0.0
9,11,0.0,0.0,0.0,0.0,0.0,0.0,0.0,0.0,0.0,0.0,0.06535795,0.934642,0.0
9,11,0.0,0.0,0.0,0.0,0.0,0.0,0.0,0.0,0.0,0.0,0.06535795,0.934642,0.0
9,11,0.0,0.0,0.0,0.0,0.0,0.0,0.0,0.0,0.0,0.0,0.06535795,0.934642,0.0
9,11,0.0,0.0,0.0,0.0,0.0,0.0,0.0,0.0,0.0,0.0,0.06535795,0.934642,0.0
9,11,0.0,0.0,0.0,0.0,0.0,0.0,0.0,0.0,0.0,0.0,0.06535795,0.934642,0.0
9,11,0.0,0.0,0.0,0.0,0.0,0.0,0.0,0.0,0.0,0.0,0.06535795,0.934642,0.0
9,11,0.0,0.0,0.0,0.0,0.0,0.0,0.0,0.0,0.0,0.0,0.06535795,0.934642,0.0
9,11,0.0,0.0,0.0,0.0,0.0,0.0,0.0,0.0,0.0,0.0,0.06535795,0.934642,0.0
9,11,0.0,0.0,0.0,0.0,0.0,0.0,0.0,0.0,0.0,0.0,0.06535795,0.934642,0.0
9,11,0.0,0.0,0.0,0.0,0.0,0.0,0.0,0.0,0.0,0.0,0.06535795,0.934642,0.0
9,11,0.0,0.0,0.0,0.0,0.0,0.0,0.0,0.0,0.0,0.0,0.06535795,0.934642,0.0
9,11,0.0,0.0,0.0,0.0,0.0,0.0,0.0,0.0,0.0,0.0,0.06535795,0.934642,0.0
9,11,0.0,0.0,0.0,0.0,0.0,0.0,0.0,0.0,0.0,0.0,0.06535795,0.934642,0.0
9,11,0.0,0.0,0.0,0.0,0.0,0.0,0.0,0.0,0.0,0.0,0.06535795,0.934642,0.0
9,11,0.0,0.0,0.0,0.0,0.0,0.0,0.0,0.0,0.0,0.0,0.06535795,0.934642,0.0
9,11,0.0,0.0,0.0,0.0,0.0,0.0,0.0,0.0,0.0,0.0,0.06535795,0.934642,0.0
9,11,0.0,0.0,0.0,0.0,0.0,0.0,0.0,0.0,0.0,0.0,0.06535795,0.934642,0.0
9,11,0.0,0.0,0.0,0.0,0.0,0.0,0.0,0.0,0.0,0.0,0.06535795,0.934642,0.0
9,11,0.0,0.0,0.0,0.0,0.0,0.0,0.0,0.0,0.0,0.0,0.06535795,0.934642,0.0
9,11,0.0,0.0,0.0,0.0,0.0,0.0,0.0,0.0,0.0,0.0,0.06535795,0.934642,0.0
9,11,0.0,0.0,0.0,0.0,0.0,0.0,0.0,0.0,0.0,0.0,0.06535795,0.934642,0.0
9,11,0.0,0.0,0.0,0.0,0.0,0.0,0.0,0.0,0.0,0.0,0.06535795,0.934642,0.0
9,11,0.0,0.0,0.0,0.0,0.0,0.0,0.0,0.0,0.0,0.0,0.06535795,0.934642,0.0
9,11,0.0,0.0,0.0,0.0,0.0,0.0,0.0,0.0,0.0,0.0,0.06535795,0.934642,0.0
9,11,0.0,0.0,0.0,0.0,0.0,0.0,0.0,0.0,0.0,0.0,0.06535795,0.934642,0.0
9,11,0.0,0.0,0.0,0.0,0.0,0.0,0.0,0.0,0.0,0.0,0.06535795,0.934642,0.0
9,11,0.0,0.0,0.0,0.0,0.0,0.0,0.0,0.0,0.0,0.0,0.06535795,0.934642,0.0
9,11,0.0,0.0,0.0,0.0,0.0,0.0,0.0,0.0,0.0,0.0,0.06535795,0.934642,0.0
9,11,0.0,0.0,0.0,0.0,0.0,0.0,0.0,0.0,0.0,0.0,0.06535795,0.934642,0.0
9,11,0.0,0.0,0.0,0.0,0.0,0.0,0.0,0.0,0.0,0.0,0.06535795,0.934642,0.0
9,11,0.0,0.0,0.0,0.0,0.0,0.0,0.0,0.0,0.0,0.0,0.06535795,0.934642,0.0
9,11,0.0,0.0,0.0,0.0,0.0,0.0,0.0,0.0,0.0,0.0,0.06535795,0.934642,0.0
9,11,0.0,0.0,0.0,0.0,0.0,0.0,0.0,0.0,0.0,0.0,0.06535795,0.934642,0.0
9,11,0.0,0.0,0.0,0.0,0.0,0.0,0.0,0.0,0.0,0.0,0.06535795,0.934642,0.0
9,11,0.0,0.0,0.0,0.0,0.0,0.0,0.0,0.0,0.0,0.0,0.06535795,0.934642,0.0
9,11,0.0,0.0,0.0,0.0,0.0,0.0,0.0,0.0,0.0,0.0,0.06535795,0.934642,0.0
9,11,0.0,0.0,0.0,0.0,0.0,0.0,0.0,0.0,0.0,0.0,0.06535795,0.934642,0.0
9,11,0.0,0.0,0.0,0.0,0.0,0.0,0.0,0.0,0.0,0.0,0.06535795,0.934642,0.0
9,11,0.0,0.0,0.0,0.0,0.0,0.0,0.0,0.0,0.0,0.0,0.06535795,0.934642,0.0
9,11,0.0,0.0,0.0,0.0,0.0,0.0,0.0,0.0,0.0,0.0,0.06535795,0.934642,0.0
9,11,0.0,0.0,0.0,0.0,0.0,0.0,0.0,0.0,0.0,0.0,0.06535795,0.934642,0.0
9,11,0.0,0.0,0.0,0.0,0.0,0.0,0.0,0.0,0.0,0.0,0.06535795,0.934642,0.0
9,11,0.0,0.0,0.0,0.0,0.0,0.0,0.0,0.0,0.0,0.0,0.06535795,0.934642,0.0
9,11,0.0,0.0,0.0,0.0,0.0,0.0,0.0,0.0,0.0,0.0,0.06535795,0.934642,0.0
9,11,0.0,0.0,0.0,0.0,0.0,0.0,0.0,0.0,0.0,0.0,0.06535795,0.934642,0.0
9,11,0.0,0.0,0.0,0.0,0.0,0.0,0.0,0.0,0.0,0.0,0.06535795,0.934642,0.0
9,11,0.0,0.0,0.0,0.0,0.0,0.0,0.0,0.0,0.0,0.0,0.06535795,0.934642,0.0
9,11,0.0,0.0,0.0,0.0,0.0,0.0,0.0,0.0,0.0,0.0,0.06535795,0.934642,0.0
9,11,0.0,0.0,0.0,0.0,0.0,0.0,0.0,0.0,0.0,0.0,0.06535795,0.934642,0.0
9,11,0.0,0.0,0.0,0.0,0.0,0.0,0.0,0.0,0.0,0.0,0.06535795,0.934642,0.0
9,11,0.0,0.0,0.0,0.0,0.0,0.0,0.0,0.0,0.0,0.0,0.06535795,0.934642,0.0
9,11,0.0,0.0,0.0,0.0,0.0,0.0,0.0,0.0,0.0,0.0,0.06535795,0.934642,0.0
9,11,0.0,0.0,0.0,0.0,0.0,0.0,0.0,0.0,0.0,0.0,0.06535795,0.934642,0.0
9,11,0.0,0.0,0.0,0.0,0.0,0.0,0.0,0.0,0.0,0.0,0.06535795,0.934642,0.0
9,11,0.0,0.0,0.0,0.0,0.0,0.0,0.0,0.0,0.0,0.0,0.06535795,0.934642,0.0
9,11,0.0,0.0,0.0,0.0,0.0,0.0,0.0,0.0,0.0,0.0,0.06535795,0.934642,0.0
9,11,0.0,0.0,0.0,0.0,0.0,0.0,0.0,0.0,0.0,0.0,0.06535795,0.934642,0.0
9,11,0.0,0.0,0.0,0.0,0.0,0.0,0.0,0.0,0.0,0.0,0.06535795,0.934642,0.0
9,11,0.0,0.0,0.0,0.0,0.0,0.0,0.0,0.0,0.0,0.0,0.06535795,0.934642,0.0
9,11,0.0,0.0,0.0,0.0,0.0,0.0,0.0,0.0,0.0,0.0,0.06535795,0.934642,0.0
9,11,0.0,0.0,0.0,0.0,0.0,0.0,0.0,0.0,0.0,0.0,0.06535795,0.934642,0.0
9,11,0.0,0.0,0.0,0.0,0.0,0.0,0.0,0.0,0.0,0.0,0.06535795,0.934642,0.0
9,11,0.0,0.0,0.0,0.0,0.0,0.0,0.0,0.0,0.0,0.0,0.06535795,0.934642,0.0
9,11,0.0,0.0,0.0,0.0,0.0,0.0,0.0,0.0,0.0,0.0,0.06535795,0.934642,0.0
9,11,0.0,0.0,0.0,0.0,0.0,0.0,0.0,0.0,0.0,0.0,0.06535795,0.934642,0.0
9,11,0.0,0.0,0.0,0.0,0.0,0.0,0.0,0.0,0.0,0.0,0.06535795,0.934642,0.0
9,11,0.0,0.0,0.0,0.0,0.0,0.0,0.0,0.0,0.0,0.0,0.06535795,0.934642,0.0
9,11,0.0,0.0,0.0,0.0,0.0,0.0,0.0,0.0,0.0,0.0,0.06535795,0.934642,0.0
9,11,0.0,0.0,0.0,0.0,0.0,0.0,0.0,0.0,0.0,0.0,0.06535795,0.934642,0.0
9,11,0.0,0.0,0.0,0.0,0.0,0.0,0.0,0.0,0.0,0.0,0.06535795,0.934642,0.0
9,11,0.0,0.0,0.0,0.0,0.0,0.0,0.0,0.0,0.0,0.0,0.06535795,0.934642,0.0
9,11,0.0,0.0,0.0,0.0,0.0,0.0,0.0,0.0,0.0,0.0,0.06535795,0.934642,0.0
9,11,0.0,0.0,0.0,0.0,0.0,0.0,0.0,0.0,0.0,0.0,0.06535795,0.934642,0.0
9,11,0.0,0.0,0.0,0.0,0.0,0.0,0.0,0.0,0.0,0.0,0.06535795,0.934642,0.0
9,11,0.0,0.0,0.0,0.0,0.0,0.0,0.0,0.0,0.0,0.0,0.06535795,0.934642,0.0
9,11,0.0,0.0,0.0,0.0,0.0,0.0,0.0,0.0,0.0,0.0,0.06535795,0.934642,0.0
9,11,0.0,0.0,0.0,0.0,0.0,0.0,0.0,0.0,0.0,0.0,0.06535795,0.934642,0.0
9,11,0.0,0.0,0.0,0.0,0.0,0.0,0.0,0.0,0.0,0.0,0.06535795,0.934642,0.0
9,11,0.0,0.0,0.0,0.0,0.0,0.0,0.0,0.0,0.0,0.0,0.06535795,0.934642,0.0
9,11,0.0,0.0,0.0,0.0,0.0,0.0,0.0,0.0,0.0,0.0,0.06535795,0.934642,0.0
9,11,0.0,0.0,0.0,0.0,0.0,0.0,0.0,0.0,0.0,0.0,0.06535795,0.934642,0.0
9,11,0.0,0.0,0.0,0.0,0.0,0.0,0.0,0.0,0.0,0.0,0.06535795,0.934642,0.0
9,11,0.0,0.0,0.0,0.0,0.0,0.0,0.0,0.0,0.0,0.0,0.06535795,0.934642,0.0
9,11,0.0,0.0,0.0,0.0,0.0,0.0,0.0,0.0,0.0,0.0,0.06535795,0.934642,0.0
9,11,0.0,0.0,0.0,0.0,0.0,0.0,0.0,0.0,0.0,0.0,0.06535795,0.934642,0.0
9,11,0.0,0.0,0.0,0.0,0.0,0.0,0.0,0.0,0.0,0.0,0.06535795,0.934642,0.0
9,11,0.0,0.0,0.0,0.0,0.0,0.0,0.0,0.0,0.0,0.0,0.06535795,0.934642,0.0
9,11,0.0,0.0,0.0,0.0,0.0,0.0,0.0,0.0,0.0,0.0,0.06535795,0.934642,0.0
9,11,0.0,0.0,0.0,0.0,0.0,0.0,0.0,0.0,0.0,0.0,0.06535795,0.934642,0.0
9,11,0.0,0.0,0.0,0.0,0.0,0.0,0.0,0.0,0.0,0.0,0.06535795,0.934642,0.0
9,11,0.0,0.0,0.0,0.0,0.0,0.0,0.0,0.0,0.0,0.0,0.06535795,0.934642,0.0
9,11,0.0,0.0,0.0,0.0,0.0,0.0,0.0,0.0,0.0,0.0,0.06535795,0.934642,0.0
9,11,0.0,0.0,0.0,0.0,0.0,0.0,0.0,0.0,0.0,0.0,0.06535795,0.934642,0.0
9,11,0.0,0.0,0.0,0.0,0.0,0.0,0.0,0.0,0.0,0.0,0.06535795,0.934642,0.0
9,11,0.0,0.0,0.0,0.0,0.0,0.0,0.0,0.0,0.0,0.0,0.06535795,0.934642,0.0
9,11,0.0,0.0,0.0,0.0,0.0,0.0,0.0,0.0,0.0,0.0,0.06535795,0.934642,0.0
9,11,0.0,0.0,0.0,0.0,0.0,0.0,0.0,0.0,0.0,0.0,0.06535795,0.934642,0.0
9,11,0.0,0.0,0.0,0.0,0.0,0.0,0.0,0.0,0.0,0.0,0.06535795,0.934642,0.0
9,11,0.0,0.0,0.0,0.0,0.0,0.0,0.0,0.0,0.0,0.0,0.06535795,0.934642,0.0
9,11,0.0,0.0,0.0,0.0,0.0,0.0,0.0,0.0,0.0,0.0,0.06535795,0.934642,0.0
9,11,0.0,0.0,0.0,0.0,0.0,0.0,0.0,0.0,0.0,0.0,0.06535795,0.934642,0.0
9,11,0.0,0.0,0.0,0.0,0.0,0.0,0.0,0.0,0.0,0.0,0.06535795,0.934642,0.0
9,11,0.0,0.0,0.0,0.0,0.0,0.0,0.0,0.0,0.0,0.0,0.06535795,0.934642,0.0
9,11,0.0,0.0,0.0,0.0,0.0,0.0,0.0,0.0,0.0,0.0,0.06535795,0.934642,0.0
9,11,0.0,0.0,0.0,0.0,0.0,0.0,0.0,0.0,0.0,0.0,0.06535795,0.934642,0.0
9,11,0.0,0.0,0.0,0.0,0.0,0.0,0.0,0.0,0.0,0.0,0.06535795,0.934642,0.0
9,11,0.0,0.0,0.0,0.0,0.0,0.0,0.0,0.0,0.0,0.0,0.06535795,0.934642,0.0
9,11,0.0,0.0,0.0,0.0,0.0,0.0,0.0,0.0,0.0,0.0,0.06535795,0.934642,0.0
9,11,0.0,0.0,0.0,0.0,0.0,0.0,0.0,0.0,0.0,0.0,0.06535795,0.934642,0.0
9,11,0.0,0.0,0.0,0.0,0.0,0.0,0.0,0.0,0.0,0.0,0.06535795,0.934642,0.0
9,11,0.0,0.0,0.0,0.0,0.0,0.0,0.0,0.0,0.0,0.0,0.06535795,0.934642,0.0
9,11,0.0,0.0,0.0,0.0,0.0,0.0,0.0,0.0,0.0,0.0,0.06535795,0.934642,0.0
9,11,0.0,0.0,0.0,0.0,0.0,0.0,0.0,0.0,0.0,0.0,0.06535795,0.934642,0.0
9,11,0.0,0.0,0.0,0.0,0.0,0.0,0.0,0.0,0.0,0.0,0.06535795,0.934642,0.0
9,11,0.0,0.0,0.0,0.0,0.0,0.0,0.0,0.0,0.0,0.0,0.06535795,0.934642,0.0
9,11,0.0,0.0,0.0,0.0,0.0,0.0,0.0,0.0,0.0,0.0,0.06535795,0.934642,0.0
9,11,0.0,0.0,0.0,0.0,0.0,0.0,0.0,0.0,0.0,0.0,0.06535795,0.934642,0.0
9,11,0.0,0.0,0.0,0.0,0.0,0.0,0.0,0.0,0.0,0.0,0.06535795,0.934642,0.0
9,11,0.0,0.0,0.0,0.0,0.0,0.0,0.0,0.0,0.0,0.0,0.06535795,0.934642,0.0
9,11,0.0,0.0,0.0,0.0,0.0,0.0,0.0,0.0,0.0,0.0,0.06535795,0.934642,0.0
9,11,0.0,0.0,0.0,0.0,0.0,0.0,0.0,0.0,0.0,0.0,0.06535795,0.934642,0.0
9,11,0.0,0.0,0.0,0.0,0.0,0.0,0.0,0.0,0.0,0.0,0.06535795,0.934642,0.0
9,11,0.0,0.0,0.0,0.0,0.0,0.0,0.0,0.0,0.0,0.0,0.06535795,0.934642,0.0
9,11,0.0,0.0,0.0,0.0,0.0,0.0,0.0,0.0,0.0,0.0,0.06535795,0.934642,0.0
9,11,0.0,0.0,0.0,0.0,0.0,0.0,0.0,0.0,0.0,0.0,0.06535795,0.934642,0.0
9,11,0.0,0.0,0.0,0.0,0.0,0.0,0.0,0.0,0.0,0.0,0.06535795,0.934642,0.0
9,11,0.0,0.0,0.0,0.0,0.0,0.0,0.0,0.0,0.0,0.0,0.06535795,0.934642,0.0
9,11,0.0,0.0,0.0,0.0,0.0,0.0,0.0,0.0,0.0,0.0,0.06535795,0.934642,0.0
9,11,0.0,0.0,0.0,0.0,0.0,0.0,0.0,0.0,0.0,0.0,0.06535795,0.934642,0.0
9,11,0.0,0.0,0.0,0.0,0.0,0.0,0.0,0.0,0.0,0.0,0.06535795,0.934642,0.0
9,11,0.0,0.0,0.0,0.0,0.0,0.0,0.0,0.0,0.0,0.0,0.06535795,0.934642,0.0
9,11,0.0,0.0,0.0,0.0,0.0,0.0,0.0,0.0,0.0,0.0,0.06535795,0.934642,0.0
9,11,0.0,0.0,0.0,0.0,0.0,0.0,0.0,0.0,0.0,0.0,0.06535795,0.934642,0.0
9,11,0.0,0.0,0.0,0.0,0.0,0.0,0.0,0.0,0.0,0.0,0.06535795,0.934642,0.0
9,11,0.0,0.0,0.0,0.0,0.0,0.0,0.0,0.0,0.0,0.0,0.06535795,0.934642,0.0
9,11,0.0,0.0,0.0,0.0,0.0,0.0,0.0,0.0,0.0,0.0,0.06535795,0.934642,0.0
9,11,0.0,0.0,0.0,0.0,0.0,0.0,0.0,0.0,0.0,0.0,0.06535795,0.934642,0.0
9,11,0.0,0.0,0.0,0.0,0.0,0.0,0.0,0.0,0.0,0.0,0.06535795,0.934642,0.0
9,11,0.0,0.0,0.0,0.0,0.0,0.0,0.0,0.0,0.0,0.0,0.06535795,0.934642,0.0
9,11,0.0,0.0,0.0,0.0,0.0,0.0,0.0,0.0,0.0,0.0,0.06535795,0.934642,0.0
9,11,0.0,0.0,0.0,0.0,0.0,0.0,0.0,0.0,0.0,0.0,0.06535795,0.934642,0.0
9,11,0.0,0.0,0.0,0.0,0.0,0.0,0.0,0.0,0.0,0.0,0.06535795,0.934642,0.0
9,11,0.0,0.0,0.0,0.0,0.0,0.0,0.0,0.0,0.0,0.0,0.06535795,0.934642,0.0
9,11,0.0,0.0,0.0,0.0,0.0,0.0,0.0,0.0,0.0,0.0,0.06535795,0.934642,0.0
9,11,0.0,0.0,0.0,0.0,0.0,0.0,0.0,0.0,0.0,0.0,0.06535795,0.934642,0.0
9,11,0.0,0.0,0.0,0.0,0.0,0.0,0.0,0.0,0.0,0.0,0.06535795,0.934642,0.0
9,11,0.0,0.0,0.0,0.0,0.0,0.0,0.0,0.0,0.0,0.0,0.06535795,0.934642,0.0
9,11,0.0,0.0,0.0,0.0,0.0,0.0,0.0,0.0,0.0,0.0,0.06535795,0.934642,0.0
9,11,0.0,0.0,0.0,0.0,0.0,0.0,0.0,0.0,0.0,0.0,0.06535795,0.934642,0.0
9,11,0.0,0.0,0.0,0.0,0.0,0.0,0.0,0.0,0.0,0.0,0.06535795,0.934642,0.0
9,11,0.0,0.0,0.0,0.0,0.0,0.0,0.0,0.0,0.0,0.0,0.06535795,0.934642,0.0
9,11,0.0,0.0,0.0,0.0,0.0,0.0,0.0,0.0,0.0,0.0,0.06535795,0.934642,0.0
9,11,0.0,0.0,0.0,0.0,0.0,0.0,0.0,0.0,0.0,0.0,0.06535795,0.934642,0.0
9,11,0.0,0.0,0.0,0.0,0.0,0.0,0.0,0.0,0.0,0.0,0.06535795,0.934642,0.0
9,11,0.0,0.0,0.0,0.0,0.0,0.0,0.0,0.0,0.0,0.0,0.06535795,0.934642,0.0
9,11,0.0,0.0,0.0,0.0,0.0,0.0,0.0,0.0,0.0,0.0,0.06535795,0.934642,0.0
9,11,0.0,0.0,0.0,0.0,0.0,0.0,0.0,0.0,0.0,0.0,0.06535795,0.934642,0.0
9,11,0.0,0.0,0.0,0.0,0.0,0.0,0.0,0.0,0.0,0.0,0.06535795,0.934642,0.0
9,11,0.0,0.0,0.0,0.0,0.0,0.0,0.0,0.0,0.0,0.0,0.06535795,0.934642,0.0
9,11,0.0,0.0,0.0,0.0,0.0,0.0,0.0,0.0,0.0,0.0,0.06535795,0.934642,0.0
9,11,0.0,0.0,0.0,0.0,0.0,0.0,0.0,0.0,0.0,0.0,0.06535795,0.934642,0.0
9,11,0.0,0.0,0.0,0.0,0.0,0.0,0.0,0.0,0.0,0.0,0.06535795,0.934642,0.0
9,11,0.0,0.0,0.0,0.0,0.0,0.0,0.0,0.0,0.0,0.0,0.06535795,0.934642,0.0
9,11,0.0,0.0,0.0,0.0,0.0,0.0,0.0,0.0,0.0,0.0,0.06535795,0.934642,0.0
9,11,0.0,0.0,0.0,0.0,0.0,0.0,0.0,0.0,0.0,0.0,0.06535795,0.934642,0.0
9,11,0.0,0.0,0.0,0.0,0.0,0.0,0.0,0.0,0.0,0.0,0.06535795,0.934642,0.0
9,11,0.0,0.0,0.0,0.0,0.0,0.0,0.0,0.0,0.0,0.0,0.06535795,0.934642,0.0
9,11,0.0,0.0,0.0,0.0,0.0,0.0,0.0,0.0,0.0,0.0,0.06535795,0.934642,0.0
9,11,0.0,0.0,0.0,0.0,0.0,0.0,0.0,0.0,0.0,0.0,0.06535795,0.934642,0.0
9,11,0.0,0.0,0.0,0.0,0.0,0.0,0.0,0.0,0.0,0.0,0.06535795,0.934642,0.0
9,11,0.0,0.0,0.0,0.0,0.0,0.0,0.0,0.0,0.0,0.0,0.06535795,0.934642,0.0
9,11,0.0,0.0,0.0,0.0,0.0,0.0,0.0,0.0,0.0,0.0,0.06535795,0.934642,0.0
9,11,0.0,0.0,0.0,0.0,0.0,0.0,0.0,0.0,0.0,0.0,0.06535795,0.934642,0.0
9,11,0.0,0.0,0.0,0.0,0.0,0.0,0.0,0.0,0.0,0.0,0.06535795,0.934642,0.0
9,11,0.0,0.0,0.0,0.0,0.0,0.0,0.0,0.0,0.0,0.0,0.06535795,0.934642,0.0
9,11,0.0,0.0,0.0,0.0,0.0,0.0,0.0,0.0,0.0,0.0,0.06535795,0.934642,0.0
9,11,0.0,0.0,0.0,0.0,0.0,0.0,0.0,0.0,0.0,0.0,0.06535795,0.934642,0.0
9,11,0.0,0.0,0.0,0.0,0.0,0.0,0.0,0.0,0.0,0.0,0.06535795,0.934642,0.0
9,11,0.0,0.0,0.0,0.0,0.0,0.0,0.0,0.0,0.0,0.0,0.06535795,0.934642,0.0
9,11,0.0,0.0,0.0,0.0,0.0,0.0,0.0,0.0,0.0,0.0,0.06535795,0.934642,0.0
9,11,0.0,0.0,0.0,0.0,0.0,0.0,0.0,0.0,0.0,0.0,0.06535795,0.934642,0.0
9,11,0.0,0.0,0.0,0.0,0.0,0.0,0.0,0.0,0.0,0.0,0.06535795,0.934642,0.0
9,11,0.0,0.0,0.0,0.0,0.0,0.0,0.0,0.0,0.0,0.0,0.06535795,0.934642,0.0
9,11,0.0,0.0,0.0,0.0,0.0,0.0,0.0,0.0,0.0,0.0,0.06535795,0.934642,0.0
9,11,0.0,0.0,0.0,0.0,0.0,0.0,0.0,0.0,0.0,0.0,0.06535795,0.934642,0.0
9,11,0.0,0.0,0.0,0.0,0.0,0.0,0.0,0.0,0.0,0.0,0.06535795,0.934642,0.0
9,11,0.0,0.0,0.0,0.0,0.0,0.0,0.0,0.0,0.0,0.0,0.06535795,0.934642,0.0
9,11,0.0,0.0,0.0,0.0,0.0,0.0,0.0,0.0,0.0,0.0,0.06535795,0.934642,0.0
9,11,0.0,0.0,0.0,0.0,0.0,0.0,0.0,0.0,0.0,0.0,0.06535795,0.934642,0.0
9,11,0.0,0.0,0.0,0.0,0.0,0.0,0.0,0.0,0.0,0.0,0.06535795,0.934642,0.0
9,11,0.0,0.0,0.0,0.0,0.0,0.0,0.0,0.0,0.0,0.0,0.06535795,0.934642,0.0
9,11,0.0,0.0,0.0,0.0,0.0,0.0,0.0,0.0,0.0,0.0,0.06535795,0.934642,0.0
9,11,0.0,0.0,0.0,0.0,0.0,0.0,0.0,0.0,0.0,0.0,0.06535795,0.934642,0.0
9,11,0.0,0.0,0.0,0.0,0.0,0.0,0.0,0.0,0.0,0.0,0.06535795,0.934642,0.0
9,11,0.0,0.0,0.0,0.0,0.0,0.0,0.0,0.0,0.0,0.0,0.06535795,0.934642,0.0
9,11,0.0,0.0,0.0,0.0,0.0,0.0,0.0,0.0,0.0,0.0,0.06535795,0.934642,0.0
9,11,0.0,0.0,0.0,0.0,0.0,0.0,0.0,0.0,0.0,0.0,0.06535795,0.934642,0.0
9,11,0.0,0.0,0.0,0.0,0.0,0.0,0.0,0.0,0.0,0.0,0.06535795,0.934642,0.0
9,11,0.0,0.0,0.0,0.0,0.0,0.0,0.0,0.0,0.0,0.0,0.06535795,0.934642,0.0
9,11,0.0,0.0,0.0,0.0,0.0,0.0,0.0,0.0,0.0,0.0,0.06535795,0.934642,0.0
9,11,0.0,0.0,0.0,0.0,0.0,0.0,0.0,0.0,0.0,0.0,0.06535795,0.934642,0.0
9,11,0.0,0.0,0.0,0.0,0.0,0.0,0.0,0.0,0.0,0.0,0.06535795,0.934642,0.0
9,11,0.0,0.0,0.0,0.0,0.0,0.0,0.0,0.0,0.0,0.0,0.06535795,0.934642,0.0
9,11,0.0,0.0,0.0,0.0,0.0,0.0,0.0,0.0,0.0,0.0,0.06535795,0.934642,0.0
9,11,0.0,0.0,0.0,0.0,0.0,0.0,0.0,0.0,0.0,0.0,0.06535795,0.934642,0.0
9,11,0.0,0.0,0.0,0.0,0.0,0.0,0.0,0.0,0.0,0.0,0.06535795,0.934642,0.0
9,11,0.0,0.0,0.0,0.0,0.0,0.0,0.0,0.0,0.0,0.0,0.06535795,0.934642,0.0
9,11,0.0,0.0,0.0,0.0,0.0,0.0,0.0,0.0,0.0,0.0,0.06535795,0.934642,0.0
9,11,0.0,0.0,0.0,0.0,0.0,0.0,0.0,0.0,0.0,0.0,0.06535795,0.934642,0.0
9,11,0.0,0.0,0.0,0.0,0.0,0.0,0.0,0.0,0.0,0.0,0.06535795,0.934642,0.0
9,11,0.0,0.0,0.0,0.0,0.0,0.0,0.0,0.0,0.0,0.0,0.06535795,0.934642,0.0
9,11,0.0,0.0,0.0,0.0,0.0,0.0,0.0,0.0,0.0,0.0,0.06535795,0.934642,0.0
9,11,0.0,0.0,0.0,0.0,0.0,0.0,0.0,0.0,0.0,0.0,0.06535795,0.934642,0.0
9,11,0.0,0.0,0.0,0.0,0.0,0.0,0.0,0.0,0.0,0.0,0.06535795,0.934642,0.0
9,11,0.0,0.0,0.0,0.0,0.0,0.0,0.0,0.0,0.0,0.0,0.06535795,0.934642,0.0
9,11,0.0,0.0,0.0,0.0,0.0,0.0,0.0,0.0,0.0,0.0,0.06535795,0.934642,0.0
9,11,0.0,0.0,0.0,0.0,0.0,0.0,0.0,0.0,0.0,0.0,0.06535795,0.934642,0.0
9,11,0.0,0.0,0.0,0.0,0.0,0.0,0.0,0.0,0.0,0.0,0.06535795,0.934642,0.0
9,11,0.0,0.0,0.0,0.0,0.0,0.0,0.0,0.0,0.0,0.0,0.06535795,0.934642,0.0
9,11,0.0,0.0,0.0,0.0,0.0,0.0,0.0,0.0,0.0,0.0,0.06535795,0.934642,0.0
9,11,0.0,0.0,0.0,0.0,0.0,0.0,0.0,0.0,0.0,0.0,0.06535795,0.934642,0.0
9,11,0.0,0.0,0.0,0.0,0.0,0.0,0.0,0.0,0.0,0.0,0.06535795,0.934642,0.0
9,11,0.0,0.0,0.0,0.0,0.0,0.0,0.0,0.0,0.0,0.0,0.06535795,0.934642,0.0
9,11,0.0,0.0,0.0,0.0,0.0,0.0,0.0,0.0,0.0,0.0,0.06535795,0.934642,0.0
9,11,0.0,0.0,0.0,0.0,0.0,0.0,0.0,0.0,0.0,0.0,0.06535795,0.934642,0.0
9,11,0.0,0.0,0.0,0.0,0.0,0.0,0.0,0.0,0.0,0.0,0.06535795,0.934642,0.0
9,11,0.0,0.0,0.0,0.0,0.0,0.0,0.0,0.0,0.0,0.0,0.06535795,0.934642,0.0
9,11,0.0,0.0,0.0,0.0,0.0,0.0,0.0,0.0,0.0,0.0,0.06535795,0.934642,0.0
9,11,0.0,0.0,0.0,0.0,0.0,0.0,0.0,0.0,0.0,0.0,0.06535795,0.934642,0.0
9,11,0.0,0.0,0.0,0.0,0.0,0.0,0.0,0.0,0.0,0.0,0.06535795,0.934642,0.0
9,11,0.0,0.0,0.0,0.0,0.0,0.0,0.0,0.0,0.0,0.0,0.06535795,0.934642,0.0
9,11,0.0,0.0,0.0,0.0,0.0,0.0,0.0,0.0,0.0,0.0,0.06535795,0.934642,0.0
9,11,0.0,0.0,0.0,0.0,0.0,0.0,0.0,0.0,0.0,0.0,0.06535795,0.934642,0.0
9,11,0.0,0.0,0.0,0.0,0.0,0.0,0.0,0.0,0.0,0.0,0.06535795,0.934642,0.0
9,11,0.0,0.0,0.0,0.0,0.0,0.0,0.0,0.0,0.0,0.0,0.06535795,0.934642,0.0
9,11,0.0,0.0,0.0,0.0,0.0,0.0,0.0,0.0,0.0,0.0,0.06535795,0.934642,0.0
9,11,0.0,0.0,0.0,0.0,0.0,0.0,0.0,0.0,0.0,0.0,0.06535795,0.934642,0.0
9,11,0.0,0.0,0.0,0.0,0.0,0.0,0.0,0.0,0.0,0.0,0.06535795,0.934642,0.0
9,11,0.0,0.0,0.0,0.0,0.0,0.0,0.0,0.0,0.0,0.0,0.06535795,0.934642,0.0
9,11,0.0,0.0,0.0,0.0,0.0,0.0,0.0,0.0,0.0,0.0,0.06535795,0.934642,0.0
9,11,0.0,0.0,0.0,0.0,0.0,0.0,0.0,0.0,0.0,0.0,0.06535795,0.934642,0.0
9,11,0.0,0.0,0.0,0.0,0.0,0.0,0.0,0.0,0.0,0.0,0.06535795,0.934642,0.0
9,11,0.0,0.0,0.0,0.0,0.0,0.0,0.0,0.0,0.0,0.0,0.06535795,0.934642,0.0
9,11,0.0,0.0,0.0,0.0,0.0,0.0,0.0,0.0,0.0,0.0,0.06535795,0.934642,0.0
9,11,0.0,0.0,0.0,0.0,0.0,0.0,0.0,0.0,0.0,0.0,0.06535795,0.934642,0.0
9,11,0.0,0.0,0.0,0.0,0.0,0.0,0.0,0.0,0.0,0.0,0.06535795,0.934642,0.0
9,11,0.0,0.0,0.0,0.0,0.0,0.0,0.0,0.0,0.0,0.0,0.06535795,0.934642,0.0
9,11,0.0,0.0,0.0,0.0,0.0,0.0,0.0,0.0,0.0,0.0,0.06535795,0.934642,0.0
9,11,0.0,0.0,0.0,0.0,0.0,0.0,0.0,0.0,0.0,0.0,0.06535795,0.934642,0.0
9,11,0.0,0.0,0.0,0.0,0.0,0.0,0.0,0.0,0.0,0.0,0.06535795,0.934642,0.0
9,11,0.0,0.0,0.0,0.0,0.0,0.0,0.0,0.0,0.0,0.0,0.06535795,0.934642,0.0
9,11,0.0,0.0,0.0,0.0,0.0,0.0,0.0,0.0,0.0,0.0,0.06535795,0.934642,0.0
9,11,0.0,0.0,0.0,0.0,0.0,0.0,0.0,0.0,0.0,0.0,0.06535795,0.934642,0.0
9,11,0.0,0.0,0.0,0.0,0.0,0.0,0.0,0.0,0.0,0.0,0.06535795,0.934642,0.0
9,11,0.0,0.0,0.0,0.0,0.0,0.0,0.0,0.0,0.0,0.0,0.06535795,0.934642,0.0
9,11,0.0,0.0,0.0,0.0,0.0,0.0,0.0,0.0,0.0,0.0,0.06535795,0.934642,0.0
9,11,0.0,0.0,0.0,0.0,0.0,0.0,0.0,0.0,0.0,0.0,0.06535795,0.934642,0.0
9,11,0.0,0.0,0.0,0.0,0.0,0.0,0.0,0.0,0.0,0.0,0.06535795,0.934642,0.0
9,11,0.0,0.0,0.0,0.0,0.0,0.0,0.0,0.0,0.0,0.0,0.06535795,0.934642,0.0
9,11,0.0,0.0,0.0,0.0,0.0,0.0,0.0,0.0,0.0,0.0,0.06535795,0.934642,0.0
9,11,0.0,0.0,0.0,0.0,0.0,0.0,0.0,0.0,0.0,0.0,0.06535795,0.934642,0.0
9,11,0.0,0.0,0.0,0.0,0.0,0.0,0.0,0.0,0.0,0.0,0.06535795,0.934642,0.0
9,11,0.0,0.0,0.0,0.0,0.0,0.0,0.0,0.0,0.0,0.0,0.06535795,0.934642,0.0
9,11,0.0,0.0,0.0,0.0,0.0,0.0,0.0,0.0,0.0,0.0,0.06535795,0.934642,0.0
9,11,0.0,0.0,0.0,0.0,0.0,0.0,0.0,0.0,0.0,0.0,0.06535795,0.934642,0.0
9,11,0.0,0.0,0.0,0.0,0.0,0.0,0.0,0.0,0.0,0.0,0.06535795,0.934642,0.0
9,11,0.0,0.0,0.0,0.0,0.0,0.0,0.0,0.0,0.0,0.0,0.06535795,0.934642,0.0
9,11,0.0,0.0,0.0,0.0,0.0,0.0,0.0,0.0,0.0,0.0,0.06535795,0.934642,0.0
9,11,0.0,0.0,0.0,0.0,0.0,0.0,0.0,0.0,0.0,0.0,0.06535795,0.934642,0.0
9,11,0.0,0.0,0.0,0.0,0.0,0.0,0.0,0.0,0.0,0.0,0.06535795,0.934642,0.0
9,11,0.0,0.0,0.0,0.0,0.0,0.0,0.0,0.0,0.0,0.0,0.06535795,0.934642,0.0
9,11,0.0,0.0,0.0,0.0,0.0,0.0,0.0,0.0,0.0,0.0,0.06535795,0.934642,0.0
9,11,0.0,0.0,0.0,0.0,0.0,0.0,0.0,0.0,0.0,0.0,0.06535795,0.934642,0.0
9,11,0.0,0.0,0.0,0.0,0.0,0.0,0.0,0.0,0.0,0.0,0.06535795,0.934642,0.0
9,11,0.0,0.0,0.0,0.0,0.0,0.0,0.0,0.0,0.0,0.0,0.06535795,0.934642,0.0
9,11,0.0,0.0,0.0,0.0,0.0,0.0,0.0,0.0,0.0,0.0,0.06535795,0.934642,0.0
9,11,0.0,0.0,0.0,0.0,0.0,0.0,0.0,0.0,0.0,0.0,0.06535795,0.934642,0.0
9,11,0.0,0.0,0.0,0.0,0.0,0.0,0.0,0.0,0.0,0.0,0.06535795,0.934642,0.0
9,11,0.0,0.0,0.0,0.0,0.0,0.0,0.0,0.0,0.0,0.0,0.06535795,0.934642,0.0
9,11,0.0,0.0,0.0,0.0,0.0,0.0,0.0,0.0,0.0,0.0,0.06535795,0.934642,0.0
9,11,0.0,0.0,0.0,0.0,0.0,0.0,0.0,0.0,0.0,0.0,0.06535795,0.934642,0.0
9,11,0.0,0.0,0.0,0.0,0.0,0.0,0.0,0.0,0.0,0.0,0.06535795,0.934642,0.0
9,11,0.0,0.0,0.0,0.0,0.0,0.0,0.0,0.0,0.0,0.0,0.06535795,0.934642,0.0
9,11,0.0,0.0,0.0,0.0,0.0,0.0,0.0,0.0,0.0,0.0,0.06535795,0.934642,0.0
9,11,0.0,0.0,0.0,0.0,0.0,0.0,0.0,0.0,0.0,0.0,0.06535795,0.934642,0.0
9,11,0.0,0.0,0.0,0.0,0.0,0.0,0.0,0.0,0.0,0.0,0.06535795,0.934642,0.0
9,11,0.0,0.0,0.0,0.0,0.0,0.0,0.0,0.0,0.0,0.0,0.06535795,0.934642,0.0
9,11,0.0,0.0,0.0,0.0,0.0,0.0,0.0,0.0,0.0,0.0,0.06535795,0.934642,0.0
9,11,0.0,0.0,0.0,0.0,0.0,0.0,0.0,0.0,0.0,0.0,0.06535795,0.934642,0.0
9,11,0.0,0.0,0.0,0.0,0.0,0.0,0.0,0.0,0.0,0.0,0.06535795,0.934642,0.0
9,11,0.0,0.0,0.0,0.0,0.0,0.0,0.0,0.0,0.0,0.0,0.06535795,0.934642,0.0
9,11,0.0,0.0,0.0,0.0,0.0,0.0,0.0,0.0,0.0,0.0,0.06535795,0.934642,0.0
9,11,0.0,0.0,0.0,0.0,0.0,0.0,0.0,0.0,0.0,0.0,0.06535795,0.934642,0.0
9,11,0.0,0.0,0.0,0.0,0.0,0.0,0.0,0.0,0.0,0.0,0.06535795,0.934642,0.0
9,11,0.0,0.0,0.0,0.0,0.0,0.0,0.0,0.0,0.0,0.0,0.06535795,0.934642,0.0
9,11,0.0,0.0,0.0,0.0,0.0,0.0,0.0,0.0,0.0,0.0,0.06535795,0.934642,0.0
9,11,0.0,0.0,0.0,0.0,0.0,0.0,0.0,0.0,0.0,0.0,0.06535795,0.934642,0.0
9,11,0.0,0.0,0.0,0.0,0.0,0.0,0.0,0.0,0.0,0.0,0.06535795,0.934642,0.0
9,11,0.0,0.0,0.0,0.0,0.0,0.0,0.0,0.0,0.0,0.0,0.06535795,0.934642,0.0
9,11,0.0,0.0,0.0,0.0,0.0,0.0,0.0,0.0,0.0,0.0,0.06535795,0.934642,0.0
9,11,0.0,0.0,0.0,0.0,0.0,0.0,0.0,0.0,0.0,0.0,0.06535795,0.934642,0.0
9,11,0.0,0.0,0.0,0.0,0.0,0.0,0.0,0.0,0.0,0.0,0.06535795,0.934642,0.0
9,11,0.0,0.0,0.0,0.0,0.0,0.0,0.0,0.0,0.0,0.0,0.06535795,0.934642,0.0
9,11,0.0,0.0,0.0,0.0,0.0,0.0,0.0,0.0,0.0,0.0,0.06535795,0.934642,0.0
9,11,0.0,0.0,0.0,0.0,0.0,0.0,0.0,0.0,0.0,0.0,0.06535795,0.934642,0.0
9,11,0.0,0.0,0.0,0.0,0.0,0.0,0.0,0.0,0.0,0.0,0.06535795,0.934642,0.0
9,11,0.0,0.0,0.0,0.0,0.0,0.0,0.0,0.0,0.0,0.0,0.06535795,0.934642,0.0
9,11,0.0,0.0,0.0,0.0,0.0,0.0,0.0,0.0,0.0,0.0,0.06535795,0.934642,0.0
9,11,0.0,0.0,0.0,0.0,0.0,0.0,0.0,0.0,0.0,0.0,0.06535795,0.934642,0.0
9,11,0.0,0.0,0.0,0.0,0.0,0.0,0.0,0.0,0.0,0.0,0.06535795,0.934642,0.0
9,11,0.0,0.0,0.0,0.0,0.0,0.0,0.0,0.0,0.0,0.0,0.06535795,0.934642,0.0
9,11,0.0,0.0,0.0,0.0,0.0,0.0,0.0,0.0,0.0,0.0,0.06535795,0.934642,0.0
9,11,0.0,0.0,0.0,0.0,0.0,0.0,0.0,0.0,0.0,0.0,0.06535795,0.934642,0.0
9,11,0.0,0.0,0.0,0.0,0.0,0.0,0.0,0.0,0.0,0.0,0.06535795,0.934642,0.0
9,11,0.0,0.0,0.0,0.0,0.0,0.0,0.0,0.0,0.0,0.0,0.06535795,0.934642,0.0
9,11,0.0,0.0,0.0,0.0,0.0,0.0,0.0,0.0,0.0,0.0,0.06535795,0.934642,0.0
9,11,0.0,0.0,0.0,0.0,0.0,0.0,0.0,0.0,0.0,0.0,0.06535795,0.934642,0.0
9,11,0.0,0.0,0.0,0.0,0.0,0.0,0.0,0.0,0.0,0.0,0.06535795,0.934642,0.0
9,11,0.0,0.0,0.0,0.0,0.0,0.0,0.0,0.0,0.0,0.0,0.06535795,0.934642,0.0
9,11,0.0,0.0,0.0,0.0,0.0,0.0,0.0,0.0,0.0,0.0,0.06535795,0.934642,0.0
9,11,0.0,0.0,0.0,0.0,0.0,0.0,0.0,0.0,0.0,0.0,0.06535795,0.934642,0.0
9,11,0.0,0.0,0.0,0.0,0.0,0.0,0.0,0.0,0.0,0.0,0.06535795,0.934642,0.0
9,11,0.0,0.0,0.0,0.0,0.0,0.0,0.0,0.0,0.0,0.0,0.06535795,0.934642,0.0
9,11,0.0,0.0,0.0,0.0,0.0,0.0,0.0,0.0,0.0,0.0,0.06535795,0.934642,0.0
9,11,0.0,0.0,0.0,0.0,0.0,0.0,0.0,0.0,0.0,0.0,0.06535795,0.934642,0.0
9,11,0.0,0.0,0.0,0.0,0.0,0.0,0.0,0.0,0.0,0.0,0.06535795,0.934642,0.0
9,11,0.0,0.0,0.0,0.0,0.0,0.0,0.0,0.0,0.0,0.0,0.06535795,0.934642,0.0
9,11,0.0,0.0,0.0,0.0,0.0,0.0,0.0,0.0,0.0,0.0,0.06535795,0.934642,0.0
9,11,0.0,0.0,0.0,0.0,0.0,0.0,0.0,0.0,0.0,0.0,0.06535795,0.934642,0.0
9,11,0.0,0.0,0.0,0.0,0.0,0.0,0.0,0.0,0.0,0.0,0.06535795,0.934642,0.0
9,11,0.0,0.0,0.0,0.0,0.0,0.0,0.0,0.0,0.0,0.0,0.06535795,0.934642,0.0
9,11,0.0,0.0,0.0,0.0,0.0,0.0,0.0,0.0,0.0,0.0,0.06535795,0.934642,0.0
9,11,0.0,0.0,0.0,0.0,0.0,0.0,0.0,0.0,0.0,0.0,0.06535795,0.934642,0.0
9,11,0.0,0.0,0.0,0.0,0.0,0.0,0.0,0.0,0.0,0.0,0.06535795,0.934642,0.0
9,11,0.0,0.0,0.0,0.0,0.0,0.0,0.0,0.0,0.0,0.0,0.06535795,0.934642,0.0
9,11,0.0,0.0,0.0,0.0,0.0,0.0,0.0,0.0,0.0,0.0,0.06535795,0.934642,0.0
9,11,0.0,0.0,0.0,0.0,0.0,0.0,0.0,0.0,0.0,0.0,0.06535795,0.934642,0.0
9,11,0.0,0.0,0.0,0.0,0.0,0.0,0.0,0.0,0.0,0.0,0.06535795,0.934642,0.0
9,11,0.0,0.0,0.0,0.0,0.0,0.0,0.0,0.0,0.0,0.0,0.06535795,0.934642,0.0
9,11,0.0,0.0,0.0,0.0,0.0,0.0,0.0,0.0,0.0,0.0,0.06535795,0.934642,0.0
9,11,0.0,0.0,0.0,0.0,0.0,0.0,0.0,0.0,0.0,0.0,0.06535795,0.934642,0.0
9,11,0.0,0.0,0.0,0.0,0.0,0.0,0.0,0.0,0.0,0.0,0.06535795,0.934642,0.0
9,11,0.0,0.0,0.0,0.0,0.0,0.0,0.0,0.0,0.0,0.0,0.06535795,0.934642,0.0
9,11,0.0,0.0,0.0,0.0,0.0,0.0,0.0,0.0,0.0,0.0,0.06535795,0.934642,0.0
9,11,0.0,0.0,0.0,0.0,0.0,0.0,0.0,0.0,0.0,0.0,0.06535795,0.934642,0.0
9,11,0.0,0.0,0.0,0.0,0.0,0.0,0.0,0.0,0.0,0.0,0.06535795,0.934642,0.0
9,11,0.0,0.0,0.0,0.0,0.0,0.0,0.0,0.0,0.0,0.0,0.06535795,0.934642,0.0
9,11,0.0,0.0,0.0,0.0,0.0,0.0,0.0,0.0,0.0,0.0,0.06535795,0.934642,0.0
9,11,0.0,0.0,0.0,0.0,0.0,0.0,0.0,0.0,0.0,0.0,0.06535795,0.934642,0.0
9,11,0.0,0.0,0.0,0.0,0.0,0.0,0.0,0.0,0.0,0.0,0.06535795,0.934642,0.0
9,11,0.0,0.0,0.0,0.0,0.0,0.0,0.0,0.0,0.0,0.0,0.06535795,0.934642,0.0
9,11,0.0,0.0,0.0,0.0,0.0,0.0,0.0,0.0,0.0,0.0,0.06535795,0.934642,0.0
9,11,0.0,0.0,0.0,0.0,0.0,0.0,0.0,0.0,0.0,0.0,0.06535795,0.934642,0.0
9,11,0.0,0.0,0.0,0.0,0.0,0.0,0.0,0.0,0.0,0.0,0.06535795,0.934642,0.0
9,11,0.0,0.0,0.0,0.0,0.0,0.0,0.0,0.0,0.0,0.0,0.06535795,0.934642,0.0
9,11,0.0,0.0,0.0,0.0,0.0,0.0,0.0,0.0,0.0,0.0,0.06535795,0.934642,0.0
9,11,0.0,0.0,0.0,0.0,0.0,0.0,0.0,0.0,0.0,0.0,0.06535795,0.934642,0.0
9,11,0.0,0.0,0.0,0.0,0.0,0.0,0.0,0.0,0.0,0.0,0.06535795,0.934642,0.0
9,11,0.0,0.0,0.0,0.0,0.0,0.0,0.0,0.0,0.0,0.0,0.06535795,0.934642,0.0
9,11,0.0,0.0,0.0,0.0,0.0,0.0,0.0,0.0,0.0,0.0,0.06535795,0.934642,0.0
9,11,0.0,0.0,0.0,0.0,0.0,0.0,0.0,0.0,0.0,0.0,0.06535795,0.934642,0.0
9,11,0.0,0.0,0.0,0.0,0.0,0.0,0.0,0.0,0.0,0.0,0.06535795,0.934642,0.0
9,11,0.0,0.0,0.0,0.0,0.0,0.0,0.0,0.0,0.0,0.0,0.06535795,0.934642,0.0
9,11,0.0,0.0,0.0,0.0,0.0,0.0,0.0,0.0,0.0,0.0,0.06535795,0.934642,0.0
9,11,0.0,0.0,0.0,0.0,0.0,0.0,0.0,0.0,0.0,0.0,0.06535795,0.934642,0.0
9,11,0.0,0.0,0.0,0.0,0.0,0.0,0.0,0.0,0.0,0.0,0.06535795,0.934642,0.0
9,11,0.0,0.0,0.0,0.0,0.0,0.0,0.0,0.0,0.0,0.0,0.06535795,0.934642,0.0
9,11,0.0,0.0,0.0,0.0,0.0,0.0,0.0,0.0,0.0,0.0,0.06535795,0.934642,0.0
9,11,0.0,0.0,0.0,0.0,0.0,0.0,0.0,0.0,0.0,0.0,0.06535795,0.934642,0.0
9,11,0.0,0.0,0.0,0.0,0.0,0.0,0.0,0.0,0.0,0.0,0.06535795,0.934642,0.0
9,11,0.0,0.0,0.0,0.0,0.0,0.0,0.0,0.0,0.0,0.0,0.06535795,0.934642,0.0
9,11,0.0,0.0,0.0,0.0,0.0,0.0,0.0,0.0,0.0,0.0,0.06535795,0.934642,0.0
9,11,0.0,0.0,0.0,0.0,0.0,0.0,0.0,0.0,0.0,0.0,0.06535795,0.934642,0.0
9,11,0.0,0.0,0.0,0.0,0.0,0.0,0.0,0.0,0.0,0.0,0.06535795,0.934642,0.0
9,11,0.0,0.0,0.0,0.0,0.0,0.0,0.0,0.0,0.0,0.0,0.06535795,0.934642,0.0
9,11,0.0,0.0,0.0,0.0,0.0,0.0,0.0,0.0,0.0,0.0,0.06535795,0.934642,0.0
9,11,0.0,0.0,0.0,0.0,0.0,0.0,0.0,0.0,0.0,0.0,0.06535795,0.934642,0.0
9,11,0.0,0.0,0.0,0.0,0.0,0.0,0.0,0.0,0.0,0.0,0.06535795,0.934642,0.0
9,11,0.0,0.0,0.0,0.0,0.0,0.0,0.0,0.0,0.0,0.0,0.06535795,0.934642,0.0
9,11,0.0,0.0,0.0,0.0,0.0,0.0,0.0,0.0,0.0,0.0,0.06535795,0.934642,0.0
9,11,0.0,0.0,0.0,0.0,0.0,0.0,0.0,0.0,0.0,0.0,0.06535795,0.934642,0.0
9,11,0.0,0.0,0.0,0.0,0.0,0.0,0.0,0.0,0.0,0.0,0.06535795,0.934642,0.0
9,11,0.0,0.0,0.0,0.0,0.0,0.0,0.0,0.0,0.0,0.0,0.06535795,0.934642,0.0
9,11,0.0,0.0,0.0,0.0,0.0,0.0,0.0,0.0,0.0,0.0,0.06535795,0.934642,0.0
9,11,0.0,0.0,0.0,0.0,0.0,0.0,0.0,0.0,0.0,0.0,0.06535795,0.934642,0.0
9,11,0.0,0.0,0.0,0.0,0.0,0.0,0.0,0.0,0.0,0.0,0.06535795,0.934642,0.0
9,11,0.0,0.0,0.0,0.0,0.0,0.0,0.0,0.0,0.0,0.0,0.06535795,0.934642,0.0
9,11,0.0,0.0,0.0,0.0,0.0,0.0,0.0,0.0,0.0,0.0,0.06535795,0.934642,0.0
9,11,0.0,0.0,0.0,0.0,0.0,0.0,0.0,0.0,0.0,0.0,0.06535795,0.934642,0.0
9,11,0.0,0.0,0.0,0.0,0.0,0.0,0.0,0.0,0.0,0.0,0.06535795,0.934642,0.0
9,11,0.0,0.0,0.0,0.0,0.0,0.0,0.0,0.0,0.0,0.0,0.06535795,0.934642,0.0
9,11,0.0,0.0,0.0,0.0,0.0,0.0,0.0,0.0,0.0,0.0,0.06535795,0.934642,0.0
9,11,0.0,0.0,0.0,0.0,0.0,0.0,0.0,0.0,0.0,0.0,0.06535795,0.934642,0.0
9,11,0.0,0.0,0.0,0.0,0.0,0.0,0.0,0.0,0.0,0.0,0.06535795,0.934642,0.0
9,11,0.0,0.0,0.0,0.0,0.0,0.0,0.0,0.0,0.0,0.0,0.06535795,0.934642,0.0
9,11,0.0,0.0,0.0,0.0,0.0,0.0,0.0,0.0,0.0,0.0,0.06535795,0.934642,0.0
9,11,0.0,0.0,0.0,0.0,0.0,0.0,0.0,0.0,0.0,0.0,0.06535795,0.934642,0.0
9,11,0.0,0.0,0.0,0.0,0.0,0.0,0.0,0.0,0.0,0.0,0.06535795,0.934642,0.0
9,11,0.0,0.0,0.0,0.0,0.0,0.0,0.0,0.0,0.0,0.0,0.06535795,0.934642,0.0
9,11,0.0,0.0,0.0,0.0,0.0,0.0,0.0,0.0,0.0,0.0,0.06535795,0.934642,0.0
9,11,0.0,0.0,0.0,0.0,0.0,0.0,0.0,0.0,0.0,0.0,0.06535795,0.934642,0.0
9,11,0.0,0.0,0.0,0.0,0.0,0.0,0.0,0.0,0.0,0.0,0.06535795,0.934642,0.0
9,11,0.0,0.0,0.0,0.0,0.0,0.0,0.0,0.0,0.0,0.0,0.06535795,0.934642,0.0
9,11,0.0,0.0,0.0,0.0,0.0,0.0,0.0,0.0,0.0,0.0,0.06535795,0.934642,0.0
9,11,0.0,0.0,0.0,0.0,0.0,0.0,0.0,0.0,0.0,0.0,0.06535795,0.934642,0.0
9,11,0.0,0.0,0.0,0.0,0.0,0.0,0.0,0.0,0.0,0.0,0.06535795,0.934642,0.0
9,11,0.0,0.0,0.0,0.0,0.0,0.0,0.0,0.0,0.0,0.0,0.06535795,0.934642,0.0
9,11,0.0,0.0,0.0,0.0,0.0,0.0,0.0,0.0,0.0,0.0,0.06535795,0.934642,0.0
9,11,0.0,0.0,0.0,0.0,0.0,0.0,0.0,0.0,0.0,0.0,0.06535795,0.934642,0.0
9,11,0.0,0.0,0.0,0.0,0.0,0.0,0.0,0.0,0.0,0.0,0.06535795,0.934642,0.0
9,11,0.0,0.0,0.0,0.0,0.0,0.0,0.0,0.0,0.0,0.0,0.06535795,0.934642,0.0
9,11,0.0,0.0,0.0,0.0,0.0,0.0,0.0,0.0,0.0,0.0,0.06535795,0.934642,0.0
9,11,0.0,0.0,0.0,0.0,0.0,0.0,0.0,0.0,0.0,0.0,0.06535795,0.934642,0.0
9,11,0.0,0.0,0.0,0.0,0.0,0.0,0.0,0.0,0.0,0.0,0.06535795,0.934642,0.0
9,11,0.0,0.0,0.0,0.0,0.0,0.0,0.0,0.0,0.0,0.0,0.06535795,0.934642,0.0
9,11,0.0,0.0,0.0,0.0,0.0,0.0,0.0,0.0,0.0,0.0,0.06535795,0.934642,0.0
9,11,0.0,0.0,0.0,0.0,0.0,0.0,0.0,0.0,0.0,0.0,0.06535795,0.934642,0.0
9,11,0.0,0.0,0.0,0.0,0.0,0.0,0.0,0.0,0.0,0.0,0.06535795,0.934642,0.0
9,11,0.0,0.0,0.0,0.0,0.0,0.0,0.0,0.0,0.0,0.0,0.06535795,0.934642,0.0
9,11,0.0,0.0,0.0,0.0,0.0,0.0,0.0,0.0,0.0,0.0,0.06535795,0.934642,0.0
9,11,0.0,0.0,0.0,0.0,0.0,0.0,0.0,0.0,0.0,0.0,0.06535795,0.934642,0.0
9,11,0.0,0.0,0.0,0.0,0.0,0.0,0.0,0.0,0.0,0.0,0.06535795,0.934642,0.0
9,11,0.0,0.0,0.0,0.0,0.0,0.0,0.0,0.0,0.0,0.0,0.06535795,0.934642,0.0
9,11,0.0,0.0,0.0,0.0,0.0,0.0,0.0,0.0,0.0,0.0,0.06535795,0.934642,0.0
9,11,0.0,0.0,0.0,0.0,0.0,0.0,0.0,0.0,0.0,0.0,0.06535795,0.934642,0.0
9,11,0.0,0.0,0.0,0.0,0.0,0.0,0.0,0.0,0.0,0.0,0.06535795,0.934642,0.0
9,11,0.0,0.0,0.0,0.0,0.0,0.0,0.0,0.0,0.0,0.0,0.06535795,0.934642,0.0
9,11,0.0,0.0,0.0,0.0,0.0,0.0,0.0,0.0,0.0,0.0,0.06535795,0.934642,0.0
9,11,0.0,0.0,0.0,0.0,0.0,0.0,0.0,0.0,0.0,0.0,0.06535795,0.934642,0.0
9,11,0.0,0.0,0.0,0.0,0.0,0.0,0.0,0.0,0.0,0.0,0.06535795,0.934642,0.0
9,11,0.0,0.0,0.0,0.0,0.0,0.0,0.0,0.0,0.0,0.0,0.06535795,0.934642,0.0
9,11,0.0,0.0,0.0,0.0,0.0,0.0,0.0,0.0,0.0,0.0,0.06535795,0.934642,0.0
9,11,0.0,0.0,0.0,0.0,0.0,0.0,0.0,0.0,0.0,0.0,0.06535795,0.934642,0.0
9,11,0.0,0.0,0.0,0.0,0.0,0.0,0.0,0.0,0.0,0.0,0.06535795,0.934642,0.0
9,11,0.0,0.0,0.0,0.0,0.0,0.0,0.0,0.0,0.0,0.0,0.06535795,0.934642,0.0
9,11,0.0,0.0,0.0,0.0,0.0,0.0,0.0,0.0,0.0,0.0,0.06535795,0.934642,0.0
9,11,0.0,0.0,0.0,0.0,0.0,0.0,0.0,0.0,0.0,0.0,0.06535795,0.934642,0.0
9,11,0.0,0.0,0.0,0.0,0.0,0.0,0.0,0.0,0.0,0.0,0.06535795,0.934642,0.0
9,11,0.0,0.0,0.0,0.0,0.0,0.0,0.0,0.0,0.0,0.0,0.06535795,0.934642,0.0
9,11,0.0,0.0,0.0,0.0,0.0,0.0,0.0,0.0,0.0,0.0,0.06535795,0.934642,0.0
9,11,0.0,0.0,0.0,0.0,0.0,0.0,0.0,0.0,0.0,0.0,0.06535795,0.934642,0.0
9,11,0.0,0.0,0.0,0.0,0.0,0.0,0.0,0.0,0.0,0.0,0.06535795,0.934642,0.0
9,11,0.0,0.0,0.0,0.0,0.0,0.0,0.0,0.0,0.0,0.0,0.06535795,0.934642,0.0
9,11,0.0,0.0,0.0,0.0,0.0,0.0,0.0,0.0,0.0,0.0,0.06535795,0.934642,0.0
9,11,0.0,0.0,0.0,0.0,0.0,0.0,0.0,0.0,0.0,0.0,0.06535795,0.934642,0.0
9,11,0.0,0.0,0.0,0.0,0.0,0.0,0.0,0.0,0.0,0.0,0.06535795,0.934642,0.0
9,11,0.0,0.0,0.0,0.0,0.0,0.0,0.0,0.0,0.0,0.0,0.06535795,0.934642,0.0
9,11,0.0,0.0,0.0,0.0,0.0,0.0,0.0,0.0,0.0,0.0,0.06535795,0.934642,0.0
9,11,0.0,0.0,0.0,0.0,0.0,0.0,0.0,0.0,0.0,0.0,0.06535795,0.934642,0.0
9,11,0.0,0.0,0.0,0.0,0.0,0.0,0.0,0.0,0.0,0.0,0.06535795,0.934642,0.0
9,11,0.0,0.0,0.0,0.0,0.0,0.0,0.0,0.0,0.0,0.0,0.06535795,0.934642,0.0
9,11,0.0,0.0,0.0,0.0,0.0,0.0,0.0,0.0,0.0,0.0,0.06535795,0.934642,0.0
9,11,0.0,0.0,0.0,0.0,0.0,0.0,0.0,0.0,0.0,0.0,0.06535795,0.934642,0.0
9,11,0.0,0.0,0.0,0.0,0.0,0.0,0.0,0.0,0.0,0.0,0.06535795,0.934642,0.0
9,11,0.0,0.0,0.0,0.0,0.0,0.0,0.0,0.0,0.0,0.0,0.06535795,0.934642,0.0
9,11,0.0,0.0,0.0,0.0,0.0,0.0,0.0,0.0,0.0,0.0,0.06535795,0.934642,0.0
9,11,0.0,0.0,0.0,0.0,0.0,0.0,0.0,0.0,0.0,0.0,0.06535795,0.934642,0.0
9,11,0.0,0.0,0.0,0.0,0.0,0.0,0.0,0.0,0.0,0.0,0.06535795,0.934642,0.0
9,11,0.0,0.0,0.0,0.0,0.0,0.0,0.0,0.0,0.0,0.0,0.06535795,0.934642,0.0
9,11,0.0,0.0,0.0,0.0,0.0,0.0,0.0,0.0,0.0,0.0,0.06535795,0.934642,0.0
9,11,0.0,0.0,0.0,0.0,0.0,0.0,0.0,0.0,0.0,0.0,0.06535795,0.934642,0.0
9,11,0.0,0.0,0.0,0.0,0.0,0.0,0.0,0.0,0.0,0.0,0.06535795,0.934642,0.0
9,11,0.0,0.0,0.0,0.0,0.0,0.0,0.0,0.0,0.0,0.0,0.06535795,0.934642,0.0
9,11,0.0,0.0,0.0,0.0,0.0,0.0,0.0,0.0,0.0,0.0,0.06535795,0.934642,0.0
9,11,0.0,0.0,0.0,0.0,0.0,0.0,0.0,0.0,0.0,0.0,0.06535795,0.934642,0.0
9,11,0.0,0.0,0.0,0.0,0.0,0.0,0.0,0.0,0.0,0.0,0.06535795,0.934642,0.0
9,11,0.0,0.0,0.0,0.0,0.0,0.0,0.0,0.0,0.0,0.0,0.06535795,0.934642,0.0
9,11,0.0,0.0,0.0,0.0,0.0,0.0,0.0,0.0,0.0,0.0,0.06535795,0.934642,0.0
9,11,0.0,0.0,0.0,0.0,0.0,0.0,0.0,0.0,0.0,0.0,0.06535795,0.934642,0.0
9,11,0.0,0.0,0.0,0.0,0.0,0.0,0.0,0.0,0.0,0.0,0.06535795,0.934642,0.0
9,11,0.0,0.0,0.0,0.0,0.0,0.0,0.0,0.0,0.0,0.0,0.06535795,0.934642,0.0
9,11,0.0,0.0,0.0,0.0,0.0,0.0,0.0,0.0,0.0,0.0,0.06535795,0.934642,0.0
9,11,0.0,0.0,0.0,0.0,0.0,0.0,0.0,0.0,0.0,0.0,0.06535795,0.934642,0.0
9,11,0.0,0.0,0.0,0.0,0.0,0.0,0.0,0.0,0.0,0.0,0.06535795,0.934642,0.0
9,11,0.0,0.0,0.0,0.0,0.0,0.0,0.0,0.0,0.0,0.0,0.06535795,0.934642,0.0
9,11,0.0,0.0,0.0,0.0,0.0,0.0,0.0,0.0,0.0,0.0,0.06535795,0.934642,0.0
9,11,0.0,0.0,0.0,0.0,0.0,0.0,0.0,0.0,0.0,0.0,0.06535795,0.934642,0.0
9,11,0.0,0.0,0.0,0.0,0.0,0.0,0.0,0.0,0.0,0.0,0.06535795,0.934642,0.0
9,11,0.0,0.0,0.0,0.0,0.0,0.0,0.0,0.0,0.0,0.0,0.06535795,0.934642,0.0
9,11,0.0,0.0,0.0,0.0,0.0,0.0,0.0,0.0,0.0,0.0,0.06535795,0.934642,0.0
9,11,0.0,0.0,0.0,0.0,0.0,0.0,0.0,0.0,0.0,0.0,0.06535795,0.934642,0.0
9,11,0.0,0.0,0.0,0.0,0.0,0.0,0.0,0.0,0.0,0.0,0.06535795,0.934642,0.0
9,11,0.0,0.0,0.0,0.0,0.0,0.0,0.0,0.0,0.0,0.0,0.06535795,0.934642,0.0
9,11,0.0,0.0,0.0,0.0,0.0,0.0,0.0,0.0,0.0,0.0,0.06535795,0.934642,0.0
9,11,0.0,0.0,0.0,0.0,0.0,0.0,0.0,0.0,0.0,0.0,0.06535795,0.934642,0.0
9,11,0.0,0.0,0.0,0.0,0.0,0.0,0.0,0.0,0.0,0.0,0.06535795,0.934642,0.0
9,11,0.0,0.0,0.0,0.0,0.0,0.0,0.0,0.0,0.0,0.0,0.06535795,0.934642,0.0
9,11,0.0,0.0,0.0,0.0,0.0,0.0,0.0,0.0,0.0,0.0,0.06535795,0.934642,0.0
9,11,0.0,0.0,0.0,0.0,0.0,0.0,0.0,0.0,0.0,0.0,0.06535795,0.934642,0.0
9,11,0.0,0.0,0.0,0.0,0.0,0.0,0.0,0.0,0.0,0.0,0.06535795,0.934642,0.0
9,11,0.0,0.0,0.0,0.0,0.0,0.0,0.0,0.0,0.0,0.0,0.06535795,0.934642,0.0
9,11,0.0,0.0,0.0,0.0,0.0,0.0,0.0,0.0,0.0,0.0,0.06535795,0.934642,0.0
9,11,0.0,0.0,0.0,0.0,0.0,0.0,0.0,0.0,0.0,0.0,0.06535795,0.934642,0.0
9,11,0.0,0.0,0.0,0.0,0.0,0.0,0.0,0.0,0.0,0.0,0.06535795,0.934642,0.0
9,11,0.0,0.0,0.0,0.0,0.0,0.0,0.0,0.0,0.0,0.0,0.06535795,0.934642,0.0
9,11,0.0,0.0,0.0,0.0,0.0,0.0,0.0,0.0,0.0,0.0,0.06535795,0.934642,0.0
9,11,0.0,0.0,0.0,0.0,0.0,0.0,0.0,0.0,0.0,0.0,0.06535795,0.934642,0.0
9,11,0.0,0.0,0.0,0.0,0.0,0.0,0.0,0.0,0.0,0.0,0.06535795,0.934642,0.0
9,11,0.0,0.0,0.0,0.0,0.0,0.0,0.0,0.0,0.0,0.0,0.06535795,0.934642,0.0
9,11,0.0,0.0,0.0,0.0,0.0,0.0,0.0,0.0,0.0,0.0,0.06535795,0.934642,0.0
9,11,0.0,0.0,0.0,0.0,0.0,0.0,0.0,0.0,0.0,0.0,0.06535795,0.934642,0.0
9,11,0.0,0.0,0.0,0.0,0.0,0.0,0.0,0.0,0.0,0.0,0.06535795,0.934642,0.0
9,11,0.0,0.0,0.0,0.0,0.0,0.0,0.0,0.0,0.0,0.0,0.06535795,0.934642,0.0
9,11,0.0,0.0,0.0,0.0,0.0,0.0,0.0,0.0,0.0,0.0,0.06535795,0.934642,0.0
9,11,0.0,0.0,0.0,0.0,0.0,0.0,0.0,0.0,0.0,0.0,0.06535795,0.934642,0.0
9,11,0.0,0.0,0.0,0.0,0.0,0.0,0.0,0.0,0.0,0.0,0.06535795,0.934642,0.0
9,11,0.0,0.0,0.0,0.0,0.0,0.0,0.0,0.0,0.0,0.0,0.06535795,0.934642,0.0
9,11,0.0,0.0,0.0,0.0,0.0,0.0,0.0,0.0,0.0,0.0,0.06535795,0.934642,0.0
9,11,0.0,0.0,0.0,0.0,0.0,0.0,0.0,0.0,0.0,0.0,0.06535795,0.934642,0.0
9,11,0.0,0.0,0.0,0.0,0.0,0.0,0.0,0.0,0.0,0.0,0.06535795,0.934642,0.0
9,11,0.0,0.0,0.0,0.0,0.0,0.0,0.0,0.0,0.0,0.0,0.06535795,0.934642,0.0
9,11,0.0,0.0,0.0,0.0,0.0,0.0,0.0,0.0,0.0,0.0,0.06535795,0.934642,0.0
9,11,0.0,0.0,0.0,0.0,0.0,0.0,0.0,0.0,0.0,0.0,0.06535795,0.934642,0.0
9,11,0.0,0.0,0.0,0.0,0.0,0.0,0.0,0.0,0.0,0.0,0.06535795,0.934642,0.0
9,11,0.0,0.0,0.0,0.0,0.0,0.0,0.0,0.0,0.0,0.0,0.06535795,0.934642,0.0
9,11,0.0,0.0,0.0,0.0,0.0,0.0,0.0,0.0,0.0,0.0,0.06535795,0.934642,0.0
9,11,0.0,0.0,0.0,0.0,0.0,0.0,0.0,0.0,0.0,0.0,0.06535795,0.934642,0.0
9,11,0.0,0.0,0.0,0.0,0.0,0.0,0.0,0.0,0.0,0.0,0.06535795,0.934642,0.0
9,11,0.0,0.0,0.0,0.0,0.0,0.0,0.0,0.0,0.0,0.0,0.06535795,0.934642,0.0
9,11,0.0,0.0,0.0,0.0,0.0,0.0,0.0,0.0,0.0,0.0,0.06535795,0.934642,0.0
9,11,0.0,0.0,0.0,0.0,0.0,0.0,0.0,0.0,0.0,0.0,0.06535795,0.934642,0.0
9,11,0.0,0.0,0.0,0.0,0.0,0.0,0.0,0.0,0.0,0.0,0.06535795,0.934642,0.0
9,11,0.0,0.0,0.0,0.0,0.0,0.0,0.0,0.0,0.0,0.0,0.06535795,0.934642,0.0
9,11,0.0,0.0,0.0,0.0,0.0,0.0,0.0,0.0,0.0,0.0,0.06535795,0.934642,0.0
9,11,0.0,0.0,0.0,0.0,0.0,0.0,0.0,0.0,0.0,0.0,0.06535795,0.934642,0.0
9,11,0.0,0.0,0.0,0.0,0.0,0.0,0.0,0.0,0.0,0.0,0.06535795,0.934642,0.0
9,11,0.0,0.0,0.0,0.0,0.0,0.0,0.0,0.0,0.0,0.0,0.06535795,0.934642,0.0
9,11,0.0,0.0,0.0,0.0,0.0,0.0,0.0,0.0,0.0,0.0,0.06535795,0.934642,0.0
9,11,0.0,0.0,0.0,0.0,0.0,0.0,0.0,0.0,0.0,0.0,0.06535795,0.934642,0.0
9,11,0.0,0.0,0.0,0.0,0.0,0.0,0.0,0.0,0.0,0.0,0.06535795,0.934642,0.0
9,11,0.0,0.0,0.0,0.0,0.0,0.0,0.0,0.0,0.0,0.0,0.06535795,0.934642,0.0
9,11,0.0,0.0,0.0,0.0,0.0,0.0,0.0,0.0,0.0,0.0,0.06535795,0.934642,0.0
9,11,0.0,0.0,0.0,0.0,0.0,0.0,0.0,0.0,0.0,0.0,0.06535795,0.934642,0.0
9,11,0.0,0.0,0.0,0.0,0.0,0.0,0.0,0.0,0.0,0.0,0.06535795,0.934642,0.0
9,11,0.0,0.0,0.0,0.0,0.0,0.0,0.0,0.0,0.0,0.0,0.06535795,0.934642,0.0
9,11,0.0,0.0,0.0,0.0,0.0,0.0,0.0,0.0,0.0,0.0,0.06535795,0.934642,0.0
9,11,0.0,0.0,0.0,0.0,0.0,0.0,0.0,0.0,0.0,0.0,0.06535795,0.934642,0.0
9,11,0.0,0.0,0.0,0.0,0.0,0.0,0.0,0.0,0.0,0.0,0.06535795,0.934642,0.0
9,11,0.0,0.0,0.0,0.0,0.0,0.0,0.0,0.0,0.0,0.0,0.06535795,0.934642,0.0
9,11,0.0,0.0,0.0,0.0,0.0,0.0,0.0,0.0,0.0,0.0,0.06535795,0.934642,0.0
9,11,0.0,0.0,0.0,0.0,0.0,0.0,0.0,0.0,0.0,0.0,0.06535795,0.934642,0.0
9,11,0.0,0.0,0.0,0.0,0.0,0.0,0.0,0.0,0.0,0.0,0.06535795,0.934642,0.0
9,11,0.0,0.0,0.0,0.0,0.0,0.0,0.0,0.0,0.0,0.0,0.06535795,0.934642,0.0
9,11,0.0,0.0,0.0,0.0,0.0,0.0,0.0,0.0,0.0,0.0,0.06535795,0.934642,0.0
9,11,0.0,0.0,0.0,0.0,0.0,0.0,0.0,0.0,0.0,0.0,0.06535795,0.934642,0.0
9,11,0.0,0.0,0.0,0.0,0.0,0.0,0.0,0.0,0.0,0.0,0.06535795,0.934642,0.0
9,11,0.0,0.0,0.0,0.0,0.0,0.0,0.0,0.0,0.0,0.0,0.06535795,0.934642,0.0
9,11,0.0,0.0,0.0,0.0,0.0,0.0,0.0,0.0,0.0,0.0,0.06535795,0.934642,0.0
9,11,0.0,0.0,0.0,0.0,0.0,0.0,0.0,0.0,0.0,0.0,0.06535795,0.934642,0.0
9,11,0.0,0.0,0.0,0.0,0.0,0.0,0.0,0.0,0.0,0.0,0.06535795,0.934642,0.0
9,11,0.0,0.0,0.0,0.0,0.0,0.0,0.0,0.0,0.0,0.0,0.06535795,0.934642,0.0
9,11,0.0,0.0,0.0,0.0,0.0,0.0,0.0,0.0,0.0,0.0,0.06535795,0.934642,0.0
9,11,0.0,0.0,0.0,0.0,0.0,0.0,0.0,0.0,0.0,0.0,0.06535795,0.934642,0.0
9,11,0.0,0.0,0.0,0.0,0.0,0.0,0.0,0.0,0.0,0.0,0.06535795,0.934642,0.0
9,11,0.0,0.0,0.0,0.0,0.0,0.0,0.0,0.0,0.0,0.0,0.06535795,0.934642,0.0
9,11,0.0,0.0,0.0,0.0,0.0,0.0,0.0,0.0,0.0,0.0,0.06535795,0.934642,0.0
9,11,0.0,0.0,0.0,0.0,0.0,0.0,0.0,0.0,0.0,0.0,0.06535795,0.934642,0.0
9,11,0.0,0.0,0.0,0.0,0.0,0.0,0.0,0.0,0.0,0.0,0.06535795,0.934642,0.0
9,11,0.0,0.0,0.0,0.0,0.0,0.0,0.0,0.0,0.0,0.0,0.06535795,0.934642,0.0
9,11,0.0,0.0,0.0,0.0,0.0,0.0,0.0,0.0,0.0,0.0,0.06535795,0.934642,0.0
9,11,0.0,0.0,0.0,0.0,0.0,0.0,0.0,0.0,0.0,0.0,0.06535795,0.934642,0.0
9,11,0.0,0.0,0.0,0.0,0.0,0.0,0.0,0.0,0.0,0.0,0.06535795,0.934642,0.0
9,11,0.0,0.0,0.0,0.0,0.0,0.0,0.0,0.0,0.0,0.0,0.06535795,0.934642,0.0
9,11,0.0,0.0,0.0,0.0,0.0,0.0,0.0,0.0,0.0,0.0,0.06535795,0.934642,0.0
9,11,0.0,0.0,0.0,0.0,0.0,0.0,0.0,0.0,0.0,0.0,0.06535795,0.934642,0.0
9,11,0.0,0.0,0.0,0.0,0.0,0.0,0.0,0.0,0.0,0.0,0.06535795,0.934642,0.0
9,11,0.0,0.0,0.0,0.0,0.0,0.0,0.0,0.0,0.0,0.0,0.06535795,0.934642,0.0
9,11,0.0,0.0,0.0,0.0,0.0,0.0,0.0,0.0,0.0,0.0,0.06535795,0.934642,0.0
9,11,0.0,0.0,0.0,0.0,0.0,0.0,0.0,0.0,0.0,0.0,0.06535795,0.934642,0.0
9,11,0.0,0.0,0.0,0.0,0.0,0.0,0.0,0.0,0.0,0.0,0.06535795,0.934642,0.0
9,11,0.0,0.0,0.0,0.0,0.0,0.0,0.0,0.0,0.0,0.0,0.06535795,0.934642,0.0
9,11,0.0,0.0,0.0,0.0,0.0,0.0,0.0,0.0,0.0,0.0,0.06535795,0.934642,0.0
9,11,0.0,0.0,0.0,0.0,0.0,0.0,0.0,0.0,0.0,0.0,0.06535795,0.934642,0.0
9,11,0.0,0.0,0.0,0.0,0.0,0.0,0.0,0.0,0.0,0.0,0.06535795,0.934642,0.0
9,11,0.0,0.0,0.0,0.0,0.0,0.0,0.0,0.0,0.0,0.0,0.06535795,0.934642,0.0
9,11,0.0,0.0,0.0,0.0,0.0,0.0,0.0,0.0,0.0,0.0,0.06535795,0.934642,0.0
9,11,0.0,0.0,0.0,0.0,0.0,0.0,0.0,0.0,0.0,0.0,0.06535795,0.934642,0.0
9,11,0.0,0.0,0.0,0.0,0.0,0.0,0.0,0.0,0.0,0.0,0.06535795,0.934642,0.0
9,11,0.0,0.0,0.0,0.0,0.0,0.0,0.0,0.0,0.0,0.0,0.06535795,0.934642,0.0
9,11,0.0,0.0,0.0,0.0,0.0,0.0,0.0,0.0,0.0,0.0,0.06535795,0.934642,0.0
9,11,0.0,0.0,0.0,0.0,0.0,0.0,0.0,0.0,0.0,0.0,0.06535795,0.934642,0.0
9,11,0.0,0.0,0.0,0.0,0.0,0.0,0.0,0.0,0.0,0.0,0.06535795,0.934642,0.0
9,11,0.0,0.0,0.0,0.0,0.0,0.0,0.0,0.0,0.0,0.0,0.06535795,0.934642,0.0
9,11,0.0,0.0,0.0,0.0,0.0,0.0,0.0,0.0,0.0,0.0,0.06535795,0.934642,0.0
9,11,0.0,0.0,0.0,0.0,0.0,0.0,0.0,0.0,0.0,0.0,0.06535795,0.934642,0.0
9,11,0.0,0.0,0.0,0.0,0.0,0.0,0.0,0.0,0.0,0.0,0.06535795,0.934642,0.0
9,11,0.0,0.0,0.0,0.0,0.0,0.0,0.0,0.0,0.0,0.0,0.06535795,0.934642,0.0
9,11,0.0,0.0,0.0,0.0,0.0,0.0,0.0,0.0,0.0,0.0,0.06535795,0.934642,0.0
9,11,0.0,0.0,0.0,0.0,0.0,0.0,0.0,0.0,0.0,0.0,0.06535795,0.934642,0.0
9,11,0.0,0.0,0.0,0.0,0.0,0.0,0.0,0.0,0.0,0.0,0.06535795,0.934642,0.0
9,11,0.0,0.0,0.0,0.0,0.0,0.0,0.0,0.0,0.0,0.0,0.06535795,0.934642,0.0
9,11,0.0,0.0,0.0,0.0,0.0,0.0,0.0,0.0,0.0,0.0,0.06535795,0.934642,0.0
9,11,0.0,0.0,0.0,0.0,0.0,0.0,0.0,0.0,0.0,0.0,0.06535795,0.934642,0.0
9,11,0.0,0.0,0.0,0.0,0.0,0.0,0.0,0.0,0.0,0.0,0.06535795,0.934642,0.0
9,11,0.0,0.0,0.0,0.0,0.0,0.0,0.0,0.0,0.0,0.0,0.06535795,0.934642,0.0
9,11,0.0,0.0,0.0,0.0,0.0,0.0,0.0,0.0,0.0,0.0,0.06535795,0.934642,0.0
9,11,0.0,0.0,0.0,0.0,0.0,0.0,0.0,0.0,0.0,0.0,0.06535795,0.934642,0.0
9,11,0.0,0.0,0.0,0.0,0.0,0.0,0.0,0.0,0.0,0.0,0.06535795,0.934642,0.0
9,11,0.0,0.0,0.0,0.0,0.0,0.0,0.0,0.0,0.0,0.0,0.06535795,0.934642,0.0
9,11,0.0,0.0,0.0,0.0,0.0,0.0,0.0,0.0,0.0,0.0,0.06535795,0.934642,0.0
9,11,0.0,0.0,0.0,0.0,0.0,0.0,0.0,0.0,0.0,0.0,0.06535795,0.934642,0.0
9,11,0.0,0.0,0.0,0.0,0.0,0.0,0.0,0.0,0.0,0.0,0.06535795,0.934642,0.0
9,11,0.0,0.0,0.0,0.0,0.0,0.0,0.0,0.0,0.0,0.0,0.06535795,0.934642,0.0
9,11,0.0,0.0,0.0,0.0,0.0,0.0,0.0,0.0,0.0,0.0,0.06535795,0.934642,0.0
9,11,0.0,0.0,0.0,0.0,0.0,0.0,0.0,0.0,0.0,0.0,0.06535795,0.934642,0.0
9,11,0.0,0.0,0.0,0.0,0.0,0.0,0.0,0.0,0.0,0.0,0.06535795,0.934642,0.0
9,11,0.0,0.0,0.0,0.0,0.0,0.0,0.0,0.0,0.0,0.0,0.06535795,0.934642,0.0
9,11,0.0,0.0,0.0,0.0,0.0,0.0,0.0,0.0,0.0,0.0,0.06535795,0.934642,0.0
9,11,0.0,0.0,0.0,0.0,0.0,0.0,0.0,0.0,0.0,0.0,0.06535795,0.934642,0.0
9,11,0.0,0.0,0.0,0.0,0.0,0.0,0.0,0.0,0.0,0.0,0.06535795,0.934642,0.0
9,11,0.0,0.0,0.0,0.0,0.0,0.0,0.0,0.0,0.0,0.0,0.06535795,0.934642,0.0
9,11,0.0,0.0,0.0,0.0,0.0,0.0,0.0,0.0,0.0,0.0,0.06535795,0.934642,0.0
9,11,0.0,0.0,0.0,0.0,0.0,0.0,0.0,0.0,0.0,0.0,0.06535795,0.934642,0.0
9,11,0.0,0.0,0.0,0.0,0.0,0.0,0.0,0.0,0.0,0.0,0.06535795,0.934642,0.0
9,11,0.0,0.0,0.0,0.0,0.0,0.0,0.0,0.0,0.0,0.0,0.06535795,0.934642,0.0
9,11,0.0,0.0,0.0,0.0,0.0,0.0,0.0,0.0,0.0,0.0,0.06535795,0.934642,0.0
9,11,0.0,0.0,0.0,0.0,0.0,0.0,0.0,0.0,0.0,0.0,0.06535795,0.934642,0.0
9,11,0.0,0.0,0.0,0.0,0.0,0.0,0.0,0.0,0.0,0.0,0.06535795,0.934642,0.0
9,11,0.0,0.0,0.0,0.0,0.0,0.0,0.0,0.0,0.0,0.0,0.06535795,0.934642,0.0
9,11,0.0,0.0,0.0,0.0,0.0,0.0,0.0,0.0,0.0,0.0,0.06535795,0.934642,0.0
9,11,0.0,0.0,0.0,0.0,0.0,0.0,0.0,0.0,0.0,0.0,0.06535795,0.934642,0.0
9,11,0.0,0.0,0.0,0.0,0.0,0.0,0.0,0.0,0.0,0.0,0.06535795,0.934642,0.0
9,11,0.0,0.0,0.0,0.0,0.0,0.0,0.0,0.0,0.0,0.0,0.06535795,0.934642,0.0
9,11,0.0,0.0,0.0,0.0,0.0,0.0,0.0,0.0,0.0,0.0,0.06535795,0.934642,0.0
9,11,0.0,0.0,0.0,0.0,0.0,0.0,0.0,0.0,0.0,0.0,0.06535795,0.934642,0.0
9,11,0.0,0.0,0.0,0.0,0.0,0.0,0.0,0.0,0.0,0.0,0.06535795,0.934642,0.0
9,11,0.0,0.0,0.0,0.0,0.0,0.0,0.0,0.0,0.0,0.0,0.06535795,0.934642,0.0
9,11,0.0,0.0,0.0,0.0,0.0,0.0,0.0,0.0,0.0,0.0,0.06535795,0.934642,0.0
9,11,0.0,0.0,0.0,0.0,0.0,0.0,0.0,0.0,0.0,0.0,0.06535795,0.934642,0.0
9,11,0.0,0.0,0.0,0.0,0.0,0.0,0.0,0.0,0.0,0.0,0.06535795,0.934642,0.0
9,11,0.0,0.0,0.0,0.0,0.0,0.0,0.0,0.0,0.0,0.0,0.06535795,0.934642,0.0
9,11,0.0,0.0,0.0,0.0,0.0,0.0,0.0,0.0,0.0,0.0,0.06535795,0.934642,0.0
9,11,0.0,0.0,0.0,0.0,0.0,0.0,0.0,0.0,0.0,0.0,0.06535795,0.934642,0.0
9,11,0.0,0.0,0.0,0.0,0.0,0.0,0.0,0.0,0.0,0.0,0.06535795,0.934642,0.0
9,11,0.0,0.0,0.0,0.0,0.0,0.0,0.0,0.0,0.0,0.0,0.06535795,0.934642,0.0
9,11,0.0,0.0,0.0,0.0,0.0,0.0,0.0,0.0,0.0,0.0,0.06535795,0.934642,0.0
9,11,0.0,0.0,0.0,0.0,0.0,0.0,0.0,0.0,0.0,0.0,0.06535795,0.934642,0.0
9,11,0.0,0.0,0.0,0.0,0.0,0.0,0.0,0.0,0.0,0.0,0.06535795,0.934642,0.0
9,11,0.0,0.0,0.0,0.0,0.0,0.0,0.0,0.0,0.0,0.0,0.06535795,0.934642,0.0
9,11,0.0,0.0,0.0,0.0,0.0,0.0,0.0,0.0,0.0,0.0,0.06535795,0.934642,0.0
9,11,0.0,0.0,0.0,0.0,0.0,0.0,0.0,0.0,0.0,0.0,0.06535795,0.934642,0.0
9,11,0.0,0.0,0.0,0.0,0.0,0.0,0.0,0.0,0.0,0.0,0.06535795,0.934642,0.0
9,11,0.0,0.0,0.0,0.0,0.0,0.0,0.0,0.0,0.0,0.0,0.06535795,0.934642,0.0
9,11,0.0,0.0,0.0,0.0,0.0,0.0,0.0,0.0,0.0,0.0,0.06535795,0.934642,0.0
9,11,0.0,0.0,0.0,0.0,0.0,0.0,0.0,0.0,0.0,0.0,0.06535795,0.934642,0.0
9,11,0.0,0.0,0.0,0.0,0.0,0.0,0.0,0.0,0.0,0.0,0.06535795,0.934642,0.0
9,11,0.0,0.0,0.0,0.0,0.0,0.0,0.0,0.0,0.0,0.0,0.06535795,0.934642,0.0
9,11,0.0,0.0,0.0,0.0,0.0,0.0,0.0,0.0,0.0,0.0,0.06535795,0.934642,0.0
9,11,0.0,0.0,0.0,0.0,0.0,0.0,0.0,0.0,0.0,0.0,0.06535795,0.934642,0.0
9,11,0.0,0.0,0.0,0.0,0.0,0.0,0.0,0.0,0.0,0.0,0.06535795,0.934642,0.0
9,11,0.0,0.0,0.0,0.0,0.0,0.0,0.0,0.0,0.0,0.0,0.06535795,0.934642,0.0
9,11,0.0,0.0,0.0,0.0,0.0,0.0,0.0,0.0,0.0,0.0,0.06535795,0.934642,0.0
9,11,0.0,0.0,0.0,0.0,0.0,0.0,0.0,0.0,0.0,0.0,0.06535795,0.934642,0.0
9,11,0.0,0.0,0.0,0.0,0.0,0.0,0.0,0.0,0.0,0.0,0.06535795,0.934642,0.0
9,11,0.0,0.0,0.0,0.0,0.0,0.0,0.0,0.0,0.0,0.0,0.06535795,0.934642,0.0
9,11,0.0,0.0,0.0,0.0,0.0,0.0,0.0,0.0,0.0,0.0,0.06535795,0.934642,0.0
9,11,0.0,0.0,0.0,0.0,0.0,0.0,0.0,0.0,0.0,0.0,0.06535795,0.934642,0.0
9,11,0.0,0.0,0.0,0.0,0.0,0.0,0.0,0.0,0.0,0.0,0.06535795,0.934642,0.0
9,11,0.0,0.0,0.0,0.0,0.0,0.0,0.0,0.0,0.0,0.0,0.06535795,0.934642,0.0
9,11,0.0,0.0,0.0,0.0,0.0,0.0,0.0,0.0,0.0,0.0,0.06535795,0.934642,0.0
9,11,0.0,0.0,0.0,0.0,0.0,0.0,0.0,0.0,0.0,0.0,0.06535795,0.934642,0.0
9,11,0.0,0.0,0.0,0.0,0.0,0.0,0.0,0.0,0.0,0.0,0.06535795,0.934642,0.0
9,11,0.0,0.0,0.0,0.0,0.0,0.0,0.0,0.0,0.0,0.0,0.06535795,0.934642,0.0
9,11,0.0,0.0,0.0,0.0,0.0,0.0,0.0,0.0,0.0,0.0,0.06535795,0.934642,0.0
9,11,0.0,0.0,0.0,0.0,0.0,0.0,0.0,0.0,0.0,0.0,0.06535795,0.934642,0.0
9,11,0.0,0.0,0.0,0.0,0.0,0.0,0.0,0.0,0.0,0.0,0.06535795,0.934642,0.0
9,11,0.0,0.0,0.0,0.0,0.0,0.0,0.0,0.0,0.0,0.0,0.06535795,0.934642,0.0
9,11,0.0,0.0,0.0,0.0,0.0,0.0,0.0,0.0,0.0,0.0,0.06535795,0.934642,0.0
9,11,0.0,0.0,0.0,0.0,0.0,0.0,0.0,0.0,0.0,0.0,0.06535795,0.934642,0.0
9,11,0.0,0.0,0.0,0.0,0.0,0.0,0.0,0.0,0.0,0.0,0.06535795,0.934642,0.0
9,11,0.0,0.0,0.0,0.0,0.0,0.0,0.0,0.0,0.0,0.0,0.06535795,0.934642,0.0
9,11,0.0,0.0,0.0,0.0,0.0,0.0,0.0,0.0,0.0,0.0,0.06535795,0.934642,0.0
9,11,0.0,0.0,0.0,0.0,0.0,0.0,0.0,0.0,0.0,0.0,0.06535795,0.934642,0.0
9,11,0.0,0.0,0.0,0.0,0.0,0.0,0.0,0.0,0.0,0.0,0.06535795,0.934642,0.0
9,11,0.0,0.0,0.0,0.0,0.0,0.0,0.0,0.0,0.0,0.0,0.06535795,0.934642,0.0
9,11,0.0,0.0,0.0,0.0,0.0,0.0,0.0,0.0,0.0,0.0,0.06535795,0.934642,0.0
9,11,0.0,0.0,0.0,0.0,0.0,0.0,0.0,0.0,0.0,0.0,0.06535795,0.934642,0.0
9,11,0.0,0.0,0.0,0.0,0.0,0.0,0.0,0.0,0.0,0.0,0.06535795,0.934642,0.0
9,11,0.0,0.0,0.0,0.0,0.0,0.0,0.0,0.0,0.0,0.0,0.06535795,0.934642,0.0
9,11,0.0,0.0,0.0,0.0,0.0,0.0,0.0,0.0,0.0,0.0,0.06535795,0.934642,0.0
9,11,0.0,0.0,0.0,0.0,0.0,0.0,0.0,0.0,0.0,0.0,0.06535795,0.934642,0.0
9,11,0.0,0.0,0.0,0.0,0.0,0.0,0.0,0.0,0.0,0.0,0.06535795,0.934642,0.0
9,11,0.0,0.0,0.0,0.0,0.0,0.0,0.0,0.0,0.0,0.0,0.06535795,0.934642,0.0
9,11,0.0,0.0,0.0,0.0,0.0,0.0,0.0,0.0,0.0,0.0,0.06535795,0.934642,0.0
9,11,0.0,0.0,0.0,0.0,0.0,0.0,0.0,0.0,0.0,0.0,0.06535795,0.934642,0.0
9,11,0.0,0.0,0.0,0.0,0.0,0.0,0.0,0.0,0.0,0.0,0.06535795,0.934642,0.0
9,11,0.0,0.0,0.0,0.0,0.0,0.0,0.0,0.0,0.0,0.0,0.06535795,0.934642,0.0
9,11,0.0,0.0,0.0,0.0,0.0,0.0,0.0,0.0,0.0,0.0,0.06535795,0.934642,0.0
9,11,0.0,0.0,0.0,0.0,0.0,0.0,0.0,0.0,0.0,0.0,0.06535795,0.934642,0.0
9,11,0.0,0.0,0.0,0.0,0.0,0.0,0.0,0.0,0.0,0.0,0.06535795,0.934642,0.0
9,11,0.0,0.0,0.0,0.0,0.0,0.0,0.0,0.0,0.0,0.0,0.06535795,0.934642,0.0
9,11,0.0,0.0,0.0,0.0,0.0,0.0,0.0,0.0,0.0,0.0,0.06535795,0.934642,0.0
9,11,0.0,0.0,0.0,0.0,0.0,0.0,0.0,0.0,0.0,0.0,0.06535795,0.934642,0.0
9,11,0.0,0.0,0.0,0.0,0.0,0.0,0.0,0.0,0.0,0.0,0.06535795,0.934642,0.0
9,11,0.0,0.0,0.0,0.0,0.0,0.0,0.0,0.0,0.0,0.0,0.06535795,0.934642,0.0
9,11,0.0,0.0,0.0,0.0,0.0,0.0,0.0,0.0,0.0,0.0,0.06535795,0.934642,0.0
9,11,0.0,0.0,0.0,0.0,0.0,0.0,0.0,0.0,0.0,0.0,0.06535795,0.934642,0.0
9,11,0.0,0.0,0.0,0.0,0.0,0.0,0.0,0.0,0.0,0.0,0.06535795,0.934642,0.0
9,11,0.0,0.0,0.0,0.0,0.0,0.0,0.0,0.0,0.0,0.0,0.06535795,0.934642,0.0
9,11,0.0,0.0,0.0,0.0,0.0,0.0,0.0,0.0,0.0,0.0,0.06535795,0.934642,0.0
9,11,0.0,0.0,0.0,0.0,0.0,0.0,0.0,0.0,0.0,0.0,0.06535795,0.934642,0.0
9,11,0.0,0.0,0.0,0.0,0.0,0.0,0.0,0.0,0.0,0.0,0.06535795,0.934642,0.0
9,11,0.0,0.0,0.0,0.0,0.0,0.0,0.0,0.0,0.0,0.0,0.06535795,0.934642,0.0
9,11,0.0,0.0,0.0,0.0,0.0,0.0,0.0,0.0,0.0,0.0,0.06535795,0.934642,0.0
9,11,0.0,0.0,0.0,0.0,0.0,0.0,0.0,0.0,0.0,0.0,0.06535795,0.934642,0.0
9,11,0.0,0.0,0.0,0.0,0.0,0.0,0.0,0.0,0.0,0.0,0.06535795,0.934642,0.0
9,11,0.0,0.0,0.0,0.0,0.0,0.0,0.0,0.0,0.0,0.0,0.06535795,0.934642,0.0
9,11,0.0,0.0,0.0,0.0,0.0,0.0,0.0,0.0,0.0,0.0,0.06535795,0.934642,0.0
9,11,0.0,0.0,0.0,0.0,0.0,0.0,0.0,0.0,0.0,0.0,0.06535795,0.934642,0.0
9,11,0.0,0.0,0.0,0.0,0.0,0.0,0.0,0.0,0.0,0.0,0.06535795,0.934642,0.0
9,11,0.0,0.0,0.0,0.0,0.0,0.0,0.0,0.0,0.0,0.0,0.06535795,0.934642,0.0
9,11,0.0,0.0,0.0,0.0,0.0,0.0,0.0,0.0,0.0,0.0,0.06535795,0.934642,0.0
9,11,0.0,0.0,0.0,0.0,0.0,0.0,0.0,0.0,0.0,0.0,0.06535795,0.934642,0.0
9,11,0.0,0.0,0.0,0.0,0.0,0.0,0.0,0.0,0.0,0.0,0.06535795,0.934642,0.0
9,11,0.0,0.0,0.0,0.0,0.0,0.0,0.0,0.0,0.0,0.0,0.06535795,0.934642,0.0
9,11,0.0,0.0,0.0,0.0,0.0,0.0,0.0,0.0,0.0,0.0,0.06535795,0.934642,0.0
9,11,0.0,0.0,0.0,0.0,0.0,0.0,0.0,0.0,0.0,0.0,0.06535795,0.934642,0.0
9,11,0.0,0.0,0.0,0.0,0.0,0.0,0.0,0.0,0.0,0.0,0.06535795,0.934642,0.0
9,11,0.0,0.0,0.0,0.0,0.0,0.0,0.0,0.0,0.0,0.0,0.06535795,0.934642,0.0
9,11,0.0,0.0,0.0,0.0,0.0,0.0,0.0,0.0,0.0,0.0,0.06535795,0.934642,0.0
9,11,0.0,0.0,0.0,0.0,0.0,0.0,0.0,0.0,0.0,0.0,0.06535795,0.934642,0.0
9,11,0.0,0.0,0.0,0.0,0.0,0.0,0.0,0.0,0.0,0.0,0.06535795,0.934642,0.0
9,11,0.0,0.0,0.0,0.0,0.0,0.0,0.0,0.0,0.0,0.0,0.06535795,0.934642,0.0
9,11,0.0,0.0,0.0,0.0,0.0,0.0,0.0,0.0,0.0,0.0,0.06535795,0.934642,0.0
9,11,0.0,0.0,0.0,0.0,0.0,0.0,0.0,0.0,0.0,0.0,0.06535795,0.934642,0.0
9,11,0.0,0.0,0.0,0.0,0.0,0.0,0.0,0.0,0.0,0.0,0.06535795,0.934642,0.0
9,11,0.0,0.0,0.0,0.0,0.0,0.0,0.0,0.0,0.0,0.0,0.06535795,0.934642,0.0
9,11,0.0,0.0,0.0,0.0,0.0,0.0,0.0,0.0,0.0,0.0,0.06535795,0.934642,0.0
9,11,0.0,0.0,0.0,0.0,0.0,0.0,0.0,0.0,0.0,0.0,0.06535795,0.934642,0.0
9,11,0.0,0.0,0.0,0.0,0.0,0.0,0.0,0.0,0.0,0.0,0.06535795,0.934642,0.0
9,11,0.0,0.0,0.0,0.0,0.0,0.0,0.0,0.0,0.0,0.0,0.06535795,0.934642,0.0
9,11,0.0,0.0,0.0,0.0,0.0,0.0,0.0,0.0,0.0,0.0,0.06535795,0.934642,0.0
9,11,0.0,0.0,0.0,0.0,0.0,0.0,0.0,0.0,0.0,0.0,0.06535795,0.934642,0.0
9,11,0.0,0.0,0.0,0.0,0.0,0.0,0.0,0.0,0.0,0.0,0.06535795,0.934642,0.0
9,11,0.0,0.0,0.0,0.0,0.0,0.0,0.0,0.0,0.0,0.0,0.06535795,0.934642,0.0
9,11,0.0,0.0,0.0,0.0,0.0,0.0,0.0,0.0,0.0,0.0,0.06535795,0.934642,0.0
9,11,0.0,0.0,0.0,0.0,0.0,0.0,0.0,0.0,0.0,0.0,0.06535795,0.934642,0.0
9,11,0.0,0.0,0.0,0.0,0.0,0.0,0.0,0.0,0.0,0.0,0.06535795,0.934642,0.0
9,11,0.0,0.0,0.0,0.0,0.0,0.0,0.0,0.0,0.0,0.0,0.06535795,0.934642,0.0
9,11,0.0,0.0,0.0,0.0,0.0,0.0,0.0,0.0,0.0,0.0,0.06535795,0.934642,0.0
9,11,0.0,0.0,0.0,0.0,0.0,0.0,0.0,0.0,0.0,0.0,0.06535795,0.934642,0.0
9,11,0.0,0.0,0.0,0.0,0.0,0.0,0.0,0.0,0.0,0.0,0.06535795,0.934642,0.0
9,11,0.0,0.0,0.0,0.0,0.0,0.0,0.0,0.0,0.0,0.0,0.06535795,0.934642,0.0
9,11,0.0,0.0,0.0,0.0,0.0,0.0,0.0,0.0,0.0,0.0,0.06535795,0.934642,0.0
9,11,0.0,0.0,0.0,0.0,0.0,0.0,0.0,0.0,0.0,0.0,0.06535795,0.934642,0.0
9,11,0.0,0.0,0.0,0.0,0.0,0.0,0.0,0.0,0.0,0.0,0.06535795,0.934642,0.0
9,11,0.0,0.0,0.0,0.0,0.0,0.0,0.0,0.0,0.0,0.0,0.06535795,0.934642,0.0
9,11,0.0,0.0,0.0,0.0,0.0,0.0,0.0,0.0,0.0,0.0,0.06535795,0.934642,0.0
9,11,0.0,0.0,0.0,0.0,0.0,0.0,0.0,0.0,0.0,0.0,0.06535795,0.934642,0.0
9,11,0.0,0.0,0.0,0.0,0.0,0.0,0.0,0.0,0.0,0.0,0.06535795,0.934642,0.0
9,11,0.0,0.0,0.0,0.0,0.0,0.0,0.0,0.0,0.0,0.0,0.06535795,0.934642,0.0
9,11,0.0,0.0,0.0,0.0,0.0,0.0,0.0,0.0,0.0,0.0,0.06535795,0.934642,0.0
9,11,0.0,0.0,0.0,0.0,0.0,0.0,0.0,0.0,0.0,0.0,0.06535795,0.934642,0.0
9,11,0.0,0.0,0.0,0.0,0.0,0.0,0.0,0.0,0.0,0.0,0.06535795,0.934642,0.0
9,11,0.0,0.0,0.0,0.0,0.0,0.0,0.0,0.0,0.0,0.0,0.06535795,0.934642,0.0
9,11,0.0,0.0,0.0,0.0,0.0,0.0,0.0,0.0,0.0,0.0,0.06535795,0.934642,0.0
9,11,0.0,0.0,0.0,0.0,0.0,0.0,0.0,0.0,0.0,0.0,0.06535795,0.934642,0.0
9,11,0.0,0.0,0.0,0.0,0.0,0.0,0.0,0.0,0.0,0.0,0.06535795,0.934642,0.0
9,11,0.0,0.0,0.0,0.0,0.0,0.0,0.0,0.0,0.0,0.0,0.06535795,0.934642,0.0
9,11,0.0,0.0,0.0,0.0,0.0,0.0,0.0,0.0,0.0,0.0,0.06535795,0.934642,0.0
9,11,0.0,0.0,0.0,0.0,0.0,0.0,0.0,0.0,0.0,0.0,0.06535795,0.934642,0.0
9,11,0.0,0.0,0.0,0.0,0.0,0.0,0.0,0.0,0.0,0.0,0.06535795,0.934642,0.0
9,11,0.0,0.0,0.0,0.0,0.0,0.0,0.0,0.0,0.0,0.0,0.06535795,0.934642,0.0
9,11,0.0,0.0,0.0,0.0,0.0,0.0,0.0,0.0,0.0,0.0,0.06535795,0.934642,0.0
9,11,0.0,0.0,0.0,0.0,0.0,0.0,0.0,0.0,0.0,0.0,0.06535795,0.934642,0.0
9,11,0.0,0.0,0.0,0.0,0.0,0.0,0.0,0.0,0.0,0.0,0.06535795,0.934642,0.0
9,11,0.0,0.0,0.0,0.0,0.0,0.0,0.0,0.0,0.0,0.0,0.06535795,0.934642,0.0
9,11,0.0,0.0,0.0,0.0,0.0,0.0,0.0,0.0,0.0,0.0,0.06535795,0.934642,0.0
9,11,0.0,0.0,0.0,0.0,0.0,0.0,0.0,0.0,0.0,0.0,0.06535795,0.934642,0.0
9,11,0.0,0.0,0.0,0.0,0.0,0.0,0.0,0.0,0.0,0.0,0.06535795,0.934642,0.0
9,11,0.0,0.0,0.0,0.0,0.0,0.0,0.0,0.0,0.0,0.0,0.06535795,0.934642,0.0
9,11,0.0,0.0,0.0,0.0,0.0,0.0,0.0,0.0,0.0,0.0,0.06535795,0.934642,0.0
9,11,0.0,0.0,0.0,0.0,0.0,0.0,0.0,0.0,0.0,0.0,0.06535795,0.934642,0.0
9,11,0.0,0.0,0.0,0.0,0.0,0.0,0.0,0.0,0.0,0.0,0.06535795,0.934642,0.0
9,11,0.0,0.0,0.0,0.0,0.0,0.0,0.0,0.0,0.0,0.0,0.06535795,0.934642,0.0
9,11,0.0,0.0,0.0,0.0,0.0,0.0,0.0,0.0,0.0,0.0,0.06535795,0.934642,0.0
9,11,0.0,0.0,0.0,0.0,0.0,0.0,0.0,0.0,0.0,0.0,0.06535795,0.934642,0.0
9,11,0.0,0.0,0.0,0.0,0.0,0.0,0.0,0.0,0.0,0.0,0.06535795,0.934642,0.0
9,11,0.0,0.0,0.0,0.0,0.0,0.0,0.0,0.0,0.0,0.0,0.06535795,0.934642,0.0
9,11,0.0,0.0,0.0,0.0,0.0,0.0,0.0,0.0,0.0,0.0,0.06535795,0.934642,0.0
9,11,0.0,0.0,0.0,0.0,0.0,0.0,0.0,0.0,0.0,0.0,0.06535795,0.934642,0.0
9,11,0.0,0.0,0.0,0.0,0.0,0.0,0.0,0.0,0.0,0.0,0.06535795,0.934642,0.0
9,11,0.0,0.0,0.0,0.0,0.0,0.0,0.0,0.0,0.0,0.0,0.06535795,0.934642,0.0
9,11,0.0,0.0,0.0,0.0,0.0,0.0,0.0,0.0,0.0,0.0,0.06535795,0.934642,0.0
9,11,0.0,0.0,0.0,0.0,0.0,0.0,0.0,0.0,0.0,0.0,0.06535795,0.934642,0.0
9,11,0.0,0.0,0.0,0.0,0.0,0.0,0.0,0.0,0.0,0.0,0.06535795,0.934642,0.0
9,11,0.0,0.0,0.0,0.0,0.0,0.0,0.0,0.0,0.0,0.0,0.06535795,0.934642,0.0
9,11,0.0,0.0,0.0,0.0,0.0,0.0,0.0,0.0,0.0,0.0,0.06535795,0.934642,0.0
9,11,0.0,0.0,0.0,0.0,0.0,0.0,0.0,0.0,0.0,0.0,0.06535795,0.934642,0.0
9,11,0.0,0.0,0.0,0.0,0.0,0.0,0.0,0.0,0.0,0.0,0.06535795,0.934642,0.0
9,11,0.0,0.0,0.0,0.0,0.0,0.0,0.0,0.0,0.0,0.0,0.06535795,0.934642,0.0
9,11,0.0,0.0,0.0,0.0,0.0,0.0,0.0,0.0,0.0,0.0,0.06535795,0.934642,0.0
9,11,0.0,0.0,0.0,0.0,0.0,0.0,0.0,0.0,0.0,0.0,0.06535795,0.934642,0.0
9,11,0.0,0.0,0.0,0.0,0.0,0.0,0.0,0.0,0.0,0.0,0.06535795,0.934642,0.0
9,11,0.0,0.0,0.0,0.0,0.0,0.0,0.0,0.0,0.0,0.0,0.06535795,0.934642,0.0
9,11,0.0,0.0,0.0,0.0,0.0,0.0,0.0,0.0,0.0,0.0,0.06535795,0.934642,0.0
9,11,0.0,0.0,0.0,0.0,0.0,0.0,0.0,0.0,0.0,0.0,0.06535795,0.934642,0.0
9,11,0.0,0.0,0.0,0.0,0.0,0.0,0.0,0.0,0.0,0.0,0.06535795,0.934642,0.0
9,11,0.0,0.0,0.0,0.0,0.0,0.0,0.0,0.0,0.0,0.0,0.06535795,0.934642,0.0
9,11,0.0,0.0,0.0,0.0,0.0,0.0,0.0,0.0,0.0,0.0,0.06535795,0.934642,0.0
9,11,0.0,0.0,0.0,0.0,0.0,0.0,0.0,0.0,0.0,0.0,0.06535795,0.934642,0.0
9,11,0.0,0.0,0.0,0.0,0.0,0.0,0.0,0.0,0.0,0.0,0.06535795,0.934642,0.0
9,11,0.0,0.0,0.0,0.0,0.0,0.0,0.0,0.0,0.0,0.0,0.06535795,0.934642,0.0
9,11,0.0,0.0,0.0,0.0,0.0,0.0,0.0,0.0,0.0,0.0,0.06535795,0.934642,0.0
9,11,0.0,0.0,0.0,0.0,0.0,0.0,0.0,0.0,0.0,0.0,0.06535795,0.934642,0.0
9,11,0.0,0.0,0.0,0.0,0.0,0.0,0.0,0.0,0.0,0.0,0.06535795,0.934642,0.0
9,11,0.0,0.0,0.0,0.0,0.0,0.0,0.0,0.0,0.0,0.0,0.06535795,0.934642,0.0
9,11,0.0,0.0,0.0,0.0,0.0,0.0,0.0,0.0,0.0,0.0,0.06535795,0.934642,0.0
9,11,0.0,0.0,0.0,0.0,0.0,0.0,0.0,0.0,0.0,0.0,0.06535795,0.934642,0.0
9,11,0.0,0.0,0.0,0.0,0.0,0.0,0.0,0.0,0.0,0.0,0.06535795,0.934642,0.0
9,11,0.0,0.0,0.0,0.0,0.0,0.0,0.0,0.0,0.0,0.0,0.06535795,0.934642,0.0
9,11,0.0,0.0,0.0,0.0,0.0,0.0,0.0,0.0,0.0,0.0,0.06535795,0.934642,0.0
9,11,0.0,0.0,0.0,0.0,0.0,0.0,0.0,0.0,0.0,0.0,0.06535795,0.934642,0.0
9,11,0.0,0.0,0.0,0.0,0.0,0.0,0.0,0.0,0.0,0.0,0.06535795,0.934642,0.0
9,11,0.0,0.0,0.0,0.0,0.0,0.0,0.0,0.0,0.0,0.0,0.06535795,0.934642,0.0
9,11,0.0,0.0,0.0,0.0,0.0,0.0,0.0,0.0,0.0,0.0,0.06535795,0.934642,0.0
9,11,0.0,0.0,0.0,0.0,0.0,0.0,0.0,0.0,0.0,0.0,0.06535795,0.934642,0.0
9,11,0.0,0.0,0.0,0.0,0.0,0.0,0.0,0.0,0.0,0.0,0.06535795,0.934642,0.0
9,11,0.0,0.0,0.0,0.0,0.0,0.0,0.0,0.0,0.0,0.0,0.06535795,0.934642,0.0
9,11,0.0,0.0,0.0,0.0,0.0,0.0,0.0,0.0,0.0,0.0,0.06535795,0.934642,0.0
9,11,0.0,0.0,0.0,0.0,0.0,0.0,0.0,0.0,0.0,0.0,0.06535795,0.934642,0.0
9,11,0.0,0.0,0.0,0.0,0.0,0.0,0.0,0.0,0.0,0.0,0.06535795,0.934642,0.0
9,11,0.0,0.0,0.0,0.0,0.0,0.0,0.0,0.0,0.0,0.0,0.06535795,0.934642,0.0
9,11,0.0,0.0,0.0,0.0,0.0,0.0,0.0,0.0,0.0,0.0,0.06535795,0.934642,0.0
9,11,0.0,0.0,0.0,0.0,0.0,0.0,0.0,0.0,0.0,0.0,0.06535795,0.934642,0.0
9,11,0.0,0.0,0.0,0.0,0.0,0.0,0.0,0.0,0.0,0.0,0.06535795,0.934642,0.0
9,11,0.0,0.0,0.0,0.0,0.0,0.0,0.0,0.0,0.0,0.0,0.06535795,0.934642,0.0
9,11,0.0,0.0,0.0,0.0,0.0,0.0,0.0,0.0,0.0,0.0,0.06535795,0.934642,0.0
9,11,0.0,0.0,0.0,0.0,0.0,0.0,0.0,0.0,0.0,0.0,0.06535795,0.934642,0.0
9,11,0.0,0.0,0.0,0.0,0.0,0.0,0.0,0.0,0.0,0.0,0.06535795,0.934642,0.0
9,11,0.0,0.0,0.0,0.0,0.0,0.0,0.0,0.0,0.0,0.0,0.06535795,0.934642,0.0
9,11,0.0,0.0,0.0,0.0,0.0,0.0,0.0,0.0,0.0,0.0,0.06535795,0.934642,0.0
9,11,0.0,0.0,0.0,0.0,0.0,0.0,0.0,0.0,0.0,0.0,0.06535795,0.934642,0.0
9,11,0.0,0.0,0.0,0.0,0.0,0.0,0.0,0.0,0.0,0.0,0.06535795,0.934642,0.0
9,11,0.0,0.0,0.0,0.0,0.0,0.0,0.0,0.0,0.0,0.0,0.06535795,0.934642,0.0
9,11,0.0,0.0,0.0,0.0,0.0,0.0,0.0,0.0,0.0,0.0,0.06535795,0.934642,0.0
9,11,0.0,0.0,0.0,0.0,0.0,0.0,0.0,0.0,0.0,0.0,0.06535795,0.934642,0.0
9,11,0.0,0.0,0.0,0.0,0.0,0.0,0.0,0.0,0.0,0.0,0.06535795,0.934642,0.0
9,11,0.0,0.0,0.0,0.0,0.0,0.0,0.0,0.0,0.0,0.0,0.06535795,0.934642,0.0
9,11,0.0,0.0,0.0,0.0,0.0,0.0,0.0,0.0,0.0,0.0,0.06535795,0.934642,0.0
9,11,0.0,0.0,0.0,0.0,0.0,0.0,0.0,0.0,0.0,0.0,0.06535795,0.934642,0.0
9,11,0.0,0.0,0.0,0.0,0.0,0.0,0.0,0.0,0.0,0.0,0.06535795,0.934642,0.0
9,11,0.0,0.0,0.0,0.0,0.0,0.0,0.0,0.0,0.0,0.0,0.06535795,0.934642,0.0
9,11,0.0,0.0,0.0,0.0,0.0,0.0,0.0,0.0,0.0,0.0,0.06535795,0.934642,0.0
9,11,0.0,0.0,0.0,0.0,0.0,0.0,0.0,0.0,0.0,0.0,0.06535795,0.934642,0.0
9,11,0.0,0.0,0.0,0.0,0.0,0.0,0.0,0.0,0.0,0.0,0.06535795,0.934642,0.0
9,11,0.0,0.0,0.0,0.0,0.0,0.0,0.0,0.0,0.0,0.0,0.06535795,0.934642,0.0
9,11,0.0,0.0,0.0,0.0,0.0,0.0,0.0,0.0,0.0,0.0,0.06535795,0.934642,0.0
9,11,0.0,0.0,0.0,0.0,0.0,0.0,0.0,0.0,0.0,0.0,0.06535795,0.934642,0.0
9,11,0.0,0.0,0.0,0.0,0.0,0.0,0.0,0.0,0.0,0.0,0.06535795,0.934642,0.0
9,11,0.0,0.0,0.0,0.0,0.0,0.0,0.0,0.0,0.0,0.0,0.06535795,0.934642,0.0
9,11,0.0,0.0,0.0,0.0,0.0,0.0,0.0,0.0,0.0,0.0,0.06535795,0.934642,0.0
9,11,0.0,0.0,0.0,0.0,0.0,0.0,0.0,0.0,0.0,0.0,0.06535795,0.934642,0.0
9,11,0.0,0.0,0.0,0.0,0.0,0.0,0.0,0.0,0.0,0.0,0.06535795,0.934642,0.0
9,11,0.0,0.0,0.0,0.0,0.0,0.0,0.0,0.0,0.0,0.0,0.06535795,0.934642,0.0
9,11,0.0,0.0,0.0,0.0,0.0,0.0,0.0,0.0,0.0,0.0,0.06535795,0.934642,0.0
9,11,0.0,0.0,0.0,0.0,0.0,0.0,0.0,0.0,0.0,0.0,0.06535795,0.934642,0.0
9,11,0.0,0.0,0.0,0.0,0.0,0.0,0.0,0.0,0.0,0.0,0.06535795,0.934642,0.0
9,11,0.0,0.0,0.0,0.0,0.0,0.0,0.0,0.0,0.0,0.0,0.06535795,0.934642,0.0
9,11,0.0,0.0,0.0,0.0,0.0,0.0,0.0,0.0,0.0,0.0,0.06535795,0.934642,0.0
9,11,0.0,0.0,0.0,0.0,0.0,0.0,0.0,0.0,0.0,0.0,0.06535795,0.934642,0.0
9,11,0.0,0.0,0.0,0.0,0.0,0.0,0.0,0.0,0.0,0.0,0.06535795,0.934642,0.0
9,11,0.0,0.0,0.0,0.0,0.0,0.0,0.0,0.0,0.0,0.0,0.06535795,0.934642,0.0
9,11,0.0,0.0,0.0,0.0,0.0,0.0,0.0,0.0,0.0,0.0,0.06535795,0.934642,0.0
9,11,0.0,0.0,0.0,0.0,0.0,0.0,0.0,0.0,0.0,0.0,0.06535795,0.934642,0.0
9,11,0.0,0.0,0.0,0.0,0.0,0.0,0.0,0.0,0.0,0.0,0.06535795,0.934642,0.0
9,11,0.0,0.0,0.0,0.0,0.0,0.0,0.0,0.0,0.0,0.0,0.06535795,0.934642,0.0
9,11,0.0,0.0,0.0,0.0,0.0,0.0,0.0,0.0,0.0,0.0,0.06535795,0.934642,0.0
9,11,0.0,0.0,0.0,0.0,0.0,0.0,0.0,0.0,0.0,0.0,0.06535795,0.934642,0.0
9,11,0.0,0.0,0.0,0.0,0.0,0.0,0.0,0.0,0.0,0.0,0.06535795,0.934642,0.0
9,11,0.0,0.0,0.0,0.0,0.0,0.0,0.0,0.0,0.0,0.0,0.06535795,0.934642,0.0
9,11,0.0,0.0,0.0,0.0,0.0,0.0,0.0,0.0,0.0,0.0,0.06535795,0.934642,0.0
9,11,0.0,0.0,0.0,0.0,0.0,0.0,0.0,0.0,0.0,0.0,0.06535795,0.934642,0.0
9,11,0.0,0.0,0.0,0.0,0.0,0.0,0.0,0.0,0.0,0.0,0.06535795,0.934642,0.0
9,11,0.0,0.0,0.0,0.0,0.0,0.0,0.0,0.0,0.0,0.0,0.06535795,0.934642,0.0
9,11,0.0,0.0,0.0,0.0,0.0,0.0,0.0,0.0,0.0,0.0,0.06535795,0.934642,0.0
9,11,0.0,0.0,0.0,0.0,0.0,0.0,0.0,0.0,0.0,0.0,0.06535795,0.934642,0.0
9,11,0.0,0.0,0.0,0.0,0.0,0.0,0.0,0.0,0.0,0.0,0.06535795,0.934642,0.0
9,11,0.0,0.0,0.0,0.0,0.0,0.0,0.0,0.0,0.0,0.0,0.06535795,0.934642,0.0
9,11,0.0,0.0,0.0,0.0,0.0,0.0,0.0,0.0,0.0,0.0,0.06535795,0.934642,0.0
9,11,0.0,0.0,0.0,0.0,0.0,0.0,0.0,0.0,0.0,0.0,0.06535795,0.934642,0.0
9,11,0.0,0.0,0.0,0.0,0.0,0.0,0.0,0.0,0.0,0.0,0.06535795,0.934642,0.0
9,11,0.0,0.0,0.0,0.0,0.0,0.0,0.0,0.0,0.0,0.0,0.06535795,0.934642,0.0
9,11,0.0,0.0,0.0,0.0,0.0,0.0,0.0,0.0,0.0,0.0,0.06535795,0.934642,0.0
9,11,0.0,0.0,0.0,0.0,0.0,0.0,0.0,0.0,0.0,0.0,0.06535795,0.934642,0.0
9,11,0.0,0.0,0.0,0.0,0.0,0.0,0.0,0.0,0.0,0.0,0.06535795,0.934642,0.0
9,11,0.0,0.0,0.0,0.0,0.0,0.0,0.0,0.0,0.0,0.0,0.06535795,0.934642,0.0
9,11,0.0,0.0,0.0,0.0,0.0,0.0,0.0,0.0,0.0,0.0,0.06535795,0.934642,0.0
9,11,0.0,0.0,0.0,0.0,0.0,0.0,0.0,0.0,0.0,0.0,0.06535795,0.934642,0.0
9,11,0.0,0.0,0.0,0.0,0.0,0.0,0.0,0.0,0.0,0.0,0.06535795,0.934642,0.0
9,11,0.0,0.0,0.0,0.0,0.0,0.0,0.0,0.0,0.0,0.0,0.06535795,0.934642,0.0
9,11,0.0,0.0,0.0,0.0,0.0,0.0,0.0,0.0,0.0,0.0,0.06535795,0.934642,0.0
9,11,0.0,0.0,0.0,0.0,0.0,0.0,0.0,0.0,0.0,0.0,0.06535795,0.934642,0.0
9,11,0.0,0.0,0.0,0.0,0.0,0.0,0.0,0.0,0.0,0.0,0.06535795,0.934642,0.0
9,11,0.0,0.0,0.0,0.0,0.0,0.0,0.0,0.0,0.0,0.0,0.06535795,0.934642,0.0
9,11,0.0,0.0,0.0,0.0,0.0,0.0,0.0,0.0,0.0,0.0,0.06535795,0.934642,0.0
9,11,0.0,0.0,0.0,0.0,0.0,0.0,0.0,0.0,0.0,0.0,0.06535795,0.934642,0.0
9,11,0.0,0.0,0.0,0.0,0.0,0.0,0.0,0.0,0.0,0.0,0.06535795,0.934642,0.0
9,11,0.0,0.0,0.0,0.0,0.0,0.0,0.0,0.0,0.0,0.0,0.06535795,0.934642,0.0
9,11,0.0,0.0,0.0,0.0,0.0,0.0,0.0,0.0,0.0,0.0,0.06535795,0.934642,0.0
9,11,0.0,0.0,0.0,0.0,0.0,0.0,0.0,0.0,0.0,0.0,0.06535795,0.934642,0.0
9,11,0.0,0.0,0.0,0.0,0.0,0.0,0.0,0.0,0.0,0.0,0.06535795,0.934642,0.0
9,11,0.0,0.0,0.0,0.0,0.0,0.0,0.0,0.0,0.0,0.0,0.06535795,0.934642,0.0
9,11,0.0,0.0,0.0,0.0,0.0,0.0,0.0,0.0,0.0,0.0,0.06535795,0.934642,0.0
9,11,0.0,0.0,0.0,0.0,0.0,0.0,0.0,0.0,0.0,0.0,0.06535795,0.934642,0.0
9,11,0.0,0.0,0.0,0.0,0.0,0.0,0.0,0.0,0.0,0.0,0.06535795,0.934642,0.0
9,11,0.0,0.0,0.0,0.0,0.0,0.0,0.0,0.0,0.0,0.0,0.06535795,0.934642,0.0
9,11,0.0,0.0,0.0,0.0,0.0,0.0,0.0,0.0,0.0,0.0,0.06535795,0.934642,0.0
9,11,0.0,0.0,0.0,0.0,0.0,0.0,0.0,0.0,0.0,0.0,0.06535795,0.934642,0.0
9,11,0.0,0.0,0.0,0.0,0.0,0.0,0.0,0.0,0.0,0.0,0.06535795,0.934642,0.0
9,11,0.0,0.0,0.0,0.0,0.0,0.0,0.0,0.0,0.0,0.0,0.06535795,0.934642,0.0
9,11,0.0,0.0,0.0,0.0,0.0,0.0,0.0,0.0,0.0,0.0,0.06535795,0.934642,0.0
9,11,0.0,0.0,0.0,0.0,0.0,0.0,0.0,0.0,0.0,0.0,0.06535795,0.934642,0.0
9,11,0.0,0.0,0.0,0.0,0.0,0.0,0.0,0.0,0.0,0.0,0.06535795,0.934642,0.0
9,11,0.0,0.0,0.0,0.0,0.0,0.0,0.0,0.0,0.0,0.0,0.06535795,0.934642,0.0
9,11,0.0,0.0,0.0,0.0,0.0,0.0,0.0,0.0,0.0,0.0,0.06535795,0.934642,0.0
9,11,0.0,0.0,0.0,0.0,0.0,0.0,0.0,0.0,0.0,0.0,0.06535795,0.934642,0.0
9,11,0.0,0.0,0.0,0.0,0.0,0.0,0.0,0.0,0.0,0.0,0.06535795,0.934642,0.0
9,11,0.0,0.0,0.0,0.0,0.0,0.0,0.0,0.0,0.0,0.0,0.06535795,0.934642,0.0
9,11,0.0,0.0,0.0,0.0,0.0,0.0,0.0,0.0,0.0,0.0,0.06535795,0.934642,0.0
9,11,0.0,0.0,0.0,0.0,0.0,0.0,0.0,0.0,0.0,0.0,0.06535795,0.934642,0.0
9,11,0.0,0.0,0.0,0.0,0.0,0.0,0.0,0.0,0.0,0.0,0.06535795,0.934642,0.0
9,11,0.0,0.0,0.0,0.0,0.0,0.0,0.0,0.0,0.0,0.0,0.06535795,0.934642,0.0
9,11,0.0,0.0,0.0,0.0,0.0,0.0,0.0,0.0,0.0,0.0,0.06535795,0.934642,0.0
9,11,0.0,0.0,0.0,0.0,0.0,0.0,0.0,0.0,0.0,0.0,0.06535795,0.934642,0.0
9,11,0.0,0.0,0.0,0.0,0.0,0.0,0.0,0.0,0.0,0.0,0.06535795,0.934642,0.0
9,11,0.0,0.0,0.0,0.0,0.0,0.0,0.0,0.0,0.0,0.0,0.06535795,0.934642,0.0
9,11,0.0,0.0,0.0,0.0,0.0,0.0,0.0,0.0,0.0,0.0,0.06535795,0.934642,0.0
9,11,0.0,0.0,0.0,0.0,0.0,0.0,0.0,0.0,0.0,0.0,0.06535795,0.934642,0.0
9,11,0.0,0.0,0.0,0.0,0.0,0.0,0.0,0.0,0.0,0.0,0.06535795,0.934642,0.0
9,11,0.0,0.0,0.0,0.0,0.0,0.0,0.0,0.0,0.0,0.0,0.06535795,0.934642,0.0
9,11,0.0,0.0,0.0,0.0,0.0,0.0,0.0,0.0,0.0,0.0,0.06535795,0.934642,0.0
9,11,0.0,0.0,0.0,0.0,0.0,0.0,0.0,0.0,0.0,0.0,0.06535795,0.934642,0.0
9,11,0.0,0.0,0.0,0.0,0.0,0.0,0.0,0.0,0.0,0.0,0.06535795,0.934642,0.0
9,11,0.0,0.0,0.0,0.0,0.0,0.0,0.0,0.0,0.0,0.0,0.06535795,0.934642,0.0
9,11,0.0,0.0,0.0,0.0,0.0,0.0,0.0,0.0,0.0,0.0,0.06535795,0.934642,0.0
9,11,0.0,0.0,0.0,0.0,0.0,0.0,0.0,0.0,0.0,0.0,0.06535795,0.934642,0.0
9,11,0.0,0.0,0.0,0.0,0.0,0.0,0.0,0.0,0.0,0.0,0.06535795,0.934642,0.0
9,11,0.0,0.0,0.0,0.0,0.0,0.0,0.0,0.0,0.0,0.0,0.06535795,0.934642,0.0
9,11,0.0,0.0,0.0,0.0,0.0,0.0,0.0,0.0,0.0,0.0,0.06535795,0.934642,0.0
9,11,0.0,0.0,0.0,0.0,0.0,0.0,0.0,0.0,0.0,0.0,0.06535795,0.934642,0.0
9,11,0.0,0.0,0.0,0.0,0.0,0.0,0.0,0.0,0.0,0.0,0.06535795,0.934642,0.0
9,11,0.0,0.0,0.0,0.0,0.0,0.0,0.0,0.0,0.0,0.0,0.06535795,0.934642,0.0
9,11,0.0,0.0,0.0,0.0,0.0,0.0,0.0,0.0,0.0,0.0,0.06535795,0.934642,0.0
9,11,0.0,0.0,0.0,0.0,0.0,0.0,0.0,0.0,0.0,0.0,0.06535795,0.934642,0.0
9,11,0.0,0.0,0.0,0.0,0.0,0.0,0.0,0.0,0.0,0.0,0.06535795,0.934642,0.0
9,11,0.0,0.0,0.0,0.0,0.0,0.0,0.0,0.0,0.0,0.0,0.06535795,0.934642,0.0
9,11,0.0,0.0,0.0,0.0,0.0,0.0,0.0,0.0,0.0,0.0,0.06535795,0.934642,0.0
9,11,0.0,0.0,0.0,0.0,0.0,0.0,0.0,0.0,0.0,0.0,0.06535795,0.934642,0.0
9,11,0.0,0.0,0.0,0.0,0.0,0.0,0.0,0.0,0.0,0.0,0.06535795,0.934642,0.0
9,11,0.0,0.0,0.0,0.0,0.0,0.0,0.0,0.0,0.0,0.0,0.06535795,0.934642,0.0
9,11,0.0,0.0,0.0,0.0,0.0,0.0,0.0,0.0,0.0,0.0,0.06535795,0.934642,0.0
9,11,0.0,0.0,0.0,0.0,0.0,0.0,0.0,0.0,0.0,0.0,0.06535795,0.934642,0.0
9,11,0.0,0.0,0.0,0.0,0.0,0.0,0.0,0.0,0.0,0.0,0.06535795,0.934642,0.0
9,11,0.0,0.0,0.0,0.0,0.0,0.0,0.0,0.0,0.0,0.0,0.06535795,0.934642,0.0
9,11,0.0,0.0,0.0,0.0,0.0,0.0,0.0,0.0,0.0,0.0,0.06535795,0.934642,0.0
9,11,0.0,0.0,0.0,0.0,0.0,0.0,0.0,0.0,0.0,0.0,0.06535795,0.934642,0.0
9,11,0.0,0.0,0.0,0.0,0.0,0.0,0.0,0.0,0.0,0.0,0.06535795,0.934642,0.0
9,11,0.0,0.0,0.0,0.0,0.0,0.0,0.0,0.0,0.0,0.0,0.06535795,0.934642,0.0
9,11,0.0,0.0,0.0,0.0,0.0,0.0,0.0,0.0,0.0,0.0,0.06535795,0.934642,0.0
9,11,0.0,0.0,0.0,0.0,0.0,0.0,0.0,0.0,0.0,0.0,0.06535795,0.934642,0.0
9,11,0.0,0.0,0.0,0.0,0.0,0.0,0.0,0.0,0.0,0.0,0.06535795,0.934642,0.0
9,11,0.0,0.0,0.0,0.0,0.0,0.0,0.0,0.0,0.0,0.0,0.06535795,0.934642,0.0
9,11,0.0,0.0,0.0,0.0,0.0,0.0,0.0,0.0,0.0,0.0,0.06535795,0.934642,0.0
9,11,0.0,0.0,0.0,0.0,0.0,0.0,0.0,0.0,0.0,0.0,0.06535795,0.934642,0.0
9,11,0.0,0.0,0.0,0.0,0.0,0.0,0.0,0.0,0.0,0.0,0.06535795,0.934642,0.0
9,11,0.0,0.0,0.0,0.0,0.0,0.0,0.0,0.0,0.0,0.0,0.06535795,0.934642,0.0
9,11,0.0,0.0,0.0,0.0,0.0,0.0,0.0,0.0,0.0,0.0,0.06535795,0.934642,0.0
9,11,0.0,0.0,0.0,0.0,0.0,0.0,0.0,0.0,0.0,0.0,0.06535795,0.934642,0.0
9,11,0.0,0.0,0.0,0.0,0.0,0.0,0.0,0.0,0.0,0.0,0.06535795,0.934642,0.0
9,11,0.0,0.0,0.0,0.0,0.0,0.0,0.0,0.0,0.0,0.0,0.06535795,0.934642,0.0
9,11,0.0,0.0,0.0,0.0,0.0,0.0,0.0,0.0,0.0,0.0,0.06535795,0.934642,0.0
9,11,0.0,0.0,0.0,0.0,0.0,0.0,0.0,0.0,0.0,0.0,0.06535795,0.934642,0.0
9,11,0.0,0.0,0.0,0.0,0.0,0.0,0.0,0.0,0.0,0.0,0.06535795,0.934642,0.0
9,11,0.0,0.0,0.0,0.0,0.0,0.0,0.0,0.0,0.0,0.0,0.06535795,0.934642,0.0
9,11,0.0,0.0,0.0,0.0,0.0,0.0,0.0,0.0,0.0,0.0,0.06535795,0.934642,0.0
9,11,0.0,0.0,0.0,0.0,0.0,0.0,0.0,0.0,0.0,0.0,0.06535795,0.934642,0.0
9,11,0.0,0.0,0.0,0.0,0.0,0.0,0.0,0.0,0.0,0.0,0.06535795,0.934642,0.0
9,11,0.0,0.0,0.0,0.0,0.0,0.0,0.0,0.0,0.0,0.0,0.06535795,0.934642,0.0
9,11,0.0,0.0,0.0,0.0,0.0,0.0,0.0,0.0,0.0,0.0,0.06535795,0.934642,0.0
9,11,0.0,0.0,0.0,0.0,0.0,0.0,0.0,0.0,0.0,0.0,0.06535795,0.934642,0.0
9,11,0.0,0.0,0.0,0.0,0.0,0.0,0.0,0.0,0.0,0.0,0.06535795,0.934642,0.0
9,11,0.0,0.0,0.0,0.0,0.0,0.0,0.0,0.0,0.0,0.0,0.06535795,0.934642,0.0
9,11,0.0,0.0,0.0,0.0,0.0,0.0,0.0,0.0,0.0,0.0,0.06535795,0.934642,0.0
9,11,0.0,0.0,0.0,0.0,0.0,0.0,0.0,0.0,0.0,0.0,0.06535795,0.934642,0.0
9,11,0.0,0.0,0.0,0.0,0.0,0.0,0.0,0.0,0.0,0.0,0.06535795,0.934642,0.0
9,11,0.0,0.0,0.0,0.0,0.0,0.0,0.0,0.0,0.0,0.0,0.06535795,0.934642,0.0
9,11,0.0,0.0,0.0,0.0,0.0,0.0,0.0,0.0,0.0,0.0,0.06535795,0.934642,0.0
9,11,0.0,0.0,0.0,0.0,0.0,0.0,0.0,0.0,0.0,0.0,0.06535795,0.934642,0.0
9,11,0.0,0.0,0.0,0.0,0.0,0.0,0.0,0.0,0.0,0.0,0.06535795,0.934642,0.0
9,11,0.0,0.0,0.0,0.0,0.0,0.0,0.0,0.0,0.0,0.0,0.06535795,0.934642,0.0
9,11,0.0,0.0,0.0,0.0,0.0,0.0,0.0,0.0,0.0,0.0,0.06535795,0.934642,0.0
9,11,0.0,0.0,0.0,0.0,0.0,0.0,0.0,0.0,0.0,0.0,0.06535795,0.934642,0.0
9,11,0.0,0.0,0.0,0.0,0.0,0.0,0.0,0.0,0.0,0.0,0.06535795,0.934642,0.0
9,11,0.0,0.0,0.0,0.0,0.0,0.0,0.0,0.0,0.0,0.0,0.06535795,0.934642,0.0
9,11,0.0,0.0,0.0,0.0,0.0,0.0,0.0,0.0,0.0,0.0,0.06535795,0.934642,0.0
9,11,0.0,0.0,0.0,0.0,0.0,0.0,0.0,0.0,0.0,0.0,0.06535795,0.934642,0.0
9,11,0.0,0.0,0.0,0.0,0.0,0.0,0.0,0.0,0.0,0.0,0.06535795,0.934642,0.0
9,11,0.0,0.0,0.0,0.0,0.0,0.0,0.0,0.0,0.0,0.0,0.06535795,0.934642,0.0
9,11,0.0,0.0,0.0,0.0,0.0,0.0,0.0,0.0,0.0,0.0,0.06535795,0.934642,0.0
9,11,0.0,0.0,0.0,0.0,0.0,0.0,0.0,0.0,0.0,0.0,0.06535795,0.934642,0.0
9,11,0.0,0.0,0.0,0.0,0.0,0.0,0.0,0.0,0.0,0.0,0.06535795,0.934642,0.0
9,11,0.0,0.0,0.0,0.0,0.0,0.0,0.0,0.0,0.0,0.0,0.06535795,0.934642,0.0
9,11,0.0,0.0,0.0,0.0,0.0,0.0,0.0,0.0,0.0,0.0,0.06535795,0.934642,0.0
9,11,0.0,0.0,0.0,0.0,0.0,0.0,0.0,0.0,0.0,0.0,0.06535795,0.934642,0.0
9,11,0.0,0.0,0.0,0.0,0.0,0.0,0.0,0.0,0.0,0.0,0.06535795,0.934642,0.0
9,11,0.0,0.0,0.0,0.0,0.0,0.0,0.0,0.0,0.0,0.0,0.06535795,0.934642,0.0
9,11,0.0,0.0,0.0,0.0,0.0,0.0,0.0,0.0,0.0,0.0,0.06535795,0.934642,0.0
9,11,0.0,0.0,0.0,0.0,0.0,0.0,0.0,0.0,0.0,0.0,0.06535795,0.934642,0.0
9,11,0.0,0.0,0.0,0.0,0.0,0.0,0.0,0.0,0.0,0.0,0.06535795,0.934642,0.0
9,11,0.0,0.0,0.0,0.0,0.0,0.0,0.0,0.0,0.0,0.0,0.06535795,0.934642,0.0
9,11,0.0,0.0,0.0,0.0,0.0,0.0,0.0,0.0,0.0,0.0,0.06535795,0.934642,0.0
9,11,0.0,0.0,0.0,0.0,0.0,0.0,0.0,0.0,0.0,0.0,0.06535795,0.934642,0.0
9,11,0.0,0.0,0.0,0.0,0.0,0.0,0.0,0.0,0.0,0.0,0.06535795,0.934642,0.0
9,11,0.0,0.0,0.0,0.0,0.0,0.0,0.0,0.0,0.0,0.0,0.06535795,0.934642,0.0
9,11,0.0,0.0,0.0,0.0,0.0,0.0,0.0,0.0,0.0,0.0,0.06535795,0.934642,0.0
9,11,0.0,0.0,0.0,0.0,0.0,0.0,0.0,0.0,0.0,0.0,0.06535795,0.934642,0.0
9,11,0.0,0.0,0.0,0.0,0.0,0.0,0.0,0.0,0.0,0.0,0.06535795,0.934642,0.0
9,11,0.0,0.0,0.0,0.0,0.0,0.0,0.0,0.0,0.0,0.0,0.06535795,0.934642,0.0
9,11,0.0,0.0,0.0,0.0,0.0,0.0,0.0,0.0,0.0,0.0,0.06535795,0.934642,0.0
9,11,0.0,0.0,0.0,0.0,0.0,0.0,0.0,0.0,0.0,0.0,0.06535795,0.934642,0.0
9,11,0.0,0.0,0.0,0.0,0.0,0.0,0.0,0.0,0.0,0.0,0.06535795,0.934642,0.0
9,11,0.0,0.0,0.0,0.0,0.0,0.0,0.0,0.0,0.0,0.0,0.06535795,0.934642,0.0
9,11,0.0,0.0,0.0,0.0,0.0,0.0,0.0,0.0,0.0,0.0,0.06535795,0.934642,0.0
9,11,0.0,0.0,0.0,0.0,0.0,0.0,0.0,0.0,0.0,0.0,0.06535795,0.934642,0.0
9,11,0.0,0.0,0.0,0.0,0.0,0.0,0.0,0.0,0.0,0.0,0.06535795,0.934642,0.0
9,11,0.0,0.0,0.0,0.0,0.0,0.0,0.0,0.0,0.0,0.0,0.06535795,0.934642,0.0
9,11,0.0,0.0,0.0,0.0,0.0,0.0,0.0,0.0,0.0,0.0,0.06535795,0.934642,0.0
9,11,0.0,0.0,0.0,0.0,0.0,0.0,0.0,0.0,0.0,0.0,0.06535795,0.934642,0.0
9,11,0.0,0.0,0.0,0.0,0.0,0.0,0.0,0.0,0.0,0.0,0.06535795,0.934642,0.0
9,11,0.0,0.0,0.0,0.0,0.0,0.0,0.0,0.0,0.0,0.0,0.06535795,0.934642,0.0
9,11,0.0,0.0,0.0,0.0,0.0,0.0,0.0,0.0,0.0,0.0,0.06535795,0.934642,0.0
9,11,0.0,0.0,0.0,0.0,0.0,0.0,0.0,0.0,0.0,0.0,0.06535795,0.934642,0.0
9,11,0.0,0.0,0.0,0.0,0.0,0.0,0.0,0.0,0.0,0.0,0.06535795,0.934642,0.0
9,11,0.0,0.0,0.0,0.0,0.0,0.0,0.0,0.0,0.0,0.0,0.06535795,0.934642,0.0
9,11,0.0,0.0,0.0,0.0,0.0,0.0,0.0,0.0,0.0,0.0,0.06535795,0.934642,0.0
9,11,0.0,0.0,0.0,0.0,0.0,0.0,0.0,0.0,0.0,0.0,0.06535795,0.934642,0.0
9,11,0.0,0.0,0.0,0.0,0.0,0.0,0.0,0.0,0.0,0.0,0.06535795,0.934642,0.0
9,11,0.0,0.0,0.0,0.0,0.0,0.0,0.0,0.0,0.0,0.0,0.06535795,0.934642,0.0
9,11,0.0,0.0,0.0,0.0,0.0,0.0,0.0,0.0,0.0,0.0,0.06535795,0.934642,0.0
9,11,0.0,0.0,0.0,0.0,0.0,0.0,0.0,0.0,0.0,0.0,0.06535795,0.934642,0.0
9,11,0.0,0.0,0.0,0.0,0.0,0.0,0.0,0.0,0.0,0.0,0.06535795,0.934642,0.0
9,11,0.0,0.0,0.0,0.0,0.0,0.0,0.0,0.0,0.0,0.0,0.06535795,0.934642,0.0
9,11,0.0,0.0,0.0,0.0,0.0,0.0,0.0,0.0,0.0,0.0,0.06535795,0.934642,0.0
9,11,0.0,0.0,0.0,0.0,0.0,0.0,0.0,0.0,0.0,0.0,0.06535795,0.934642,0.0
9,11,0.0,0.0,0.0,0.0,0.0,0.0,0.0,0.0,0.0,0.0,0.06535795,0.934642,0.0
9,11,0.0,0.0,0.0,0.0,0.0,0.0,0.0,0.0,0.0,0.0,0.06535795,0.934642,0.0
9,11,0.0,0.0,0.0,0.0,0.0,0.0,0.0,0.0,0.0,0.0,0.06535795,0.934642,0.0
9,11,0.0,0.0,0.0,0.0,0.0,0.0,0.0,0.0,0.0,0.0,0.06535795,0.934642,0.0
9,11,0.0,0.0,0.0,0.0,0.0,0.0,0.0,0.0,0.0,0.0,0.06535795,0.934642,0.0
9,11,0.0,0.0,0.0,0.0,0.0,0.0,0.0,0.0,0.0,0.0,0.06535795,0.934642,0.0
9,11,0.0,0.0,0.0,0.0,0.0,0.0,0.0,0.0,0.0,0.0,0.06535795,0.934642,0.0
9,11,0.0,0.0,0.0,0.0,0.0,0.0,0.0,0.0,0.0,0.0,0.06535795,0.934642,0.0
9,11,0.0,0.0,0.0,0.0,0.0,0.0,0.0,0.0,0.0,0.0,0.06535795,0.934642,0.0
9,11,0.0,0.0,0.0,0.0,0.0,0.0,0.0,0.0,0.0,0.0,0.06535795,0.934642,0.0
9,11,0.0,0.0,0.0,0.0,0.0,0.0,0.0,0.0,0.0,0.0,0.06535795,0.934642,0.0
9,11,0.0,0.0,0.0,0.0,0.0,0.0,0.0,0.0,0.0,0.0,0.06535795,0.934642,0.0
9,11,0.0,0.0,0.0,0.0,0.0,0.0,0.0,0.0,0.0,0.0,0.06535795,0.934642,0.0
9,11,0.0,0.0,0.0,0.0,0.0,0.0,0.0,0.0,0.0,0.0,0.06535795,0.934642,0.0
9,11,0.0,0.0,0.0,0.0,0.0,0.0,0.0,0.0,0.0,0.0,0.06535795,0.934642,0.0
9,11,0.0,0.0,0.0,0.0,0.0,0.0,0.0,0.0,0.0,0.0,0.06535795,0.934642,0.0
9,11,0.0,0.0,0.0,0.0,0.0,0.0,0.0,0.0,0.0,0.0,0.06535795,0.934642,0.0
9,11,0.0,0.0,0.0,0.0,0.0,0.0,0.0,0.0,0.0,0.0,0.06535795,0.934642,0.0
9,11,0.0,0.0,0.0,0.0,0.0,0.0,0.0,0.0,0.0,0.0,0.06535795,0.934642,0.0
9,11,0.0,0.0,0.0,0.0,0.0,0.0,0.0,0.0,0.0,0.0,0.06535795,0.934642,0.0
9,11,0.0,0.0,0.0,0.0,0.0,0.0,0.0,0.0,0.0,0.0,0.06535795,0.934642,0.0
9,11,0.0,0.0,0.0,0.0,0.0,0.0,0.0,0.0,0.0,0.0,0.06535795,0.934642,0.0
9,11,0.0,0.0,0.0,0.0,0.0,0.0,0.0,0.0,0.0,0.0,0.06535795,0.934642,0.0
9,11,0.0,0.0,0.0,0.0,0.0,0.0,0.0,0.0,0.0,0.0,0.06535795,0.934642,0.0
9,11,0.0,0.0,0.0,0.0,0.0,0.0,0.0,0.0,0.0,0.0,0.06535795,0.934642,0.0
9,11,0.0,0.0,0.0,0.0,0.0,0.0,0.0,0.0,0.0,0.0,0.06535795,0.934642,0.0
9,11,0.0,0.0,0.0,0.0,0.0,0.0,0.0,0.0,0.0,0.0,0.06535795,0.934642,0.0
9,11,0.0,0.0,0.0,0.0,0.0,0.0,0.0,0.0,0.0,0.0,0.06535795,0.934642,0.0
9,11,0.0,0.0,0.0,0.0,0.0,0.0,0.0,0.0,0.0,0.0,0.06535795,0.934642,0.0
9,11,0.0,0.0,0.0,0.0,0.0,0.0,0.0,0.0,0.0,0.0,0.06535795,0.934642,0.0
9,11,0.0,0.0,0.0,0.0,0.0,0.0,0.0,0.0,0.0,0.0,0.06535795,0.934642,0.0
9,11,0.0,0.0,0.0,0.0,0.0,0.0,0.0,0.0,0.0,0.0,0.06535795,0.934642,0.0
9,11,0.0,0.0,0.0,0.0,0.0,0.0,0.0,0.0,0.0,0.0,0.06535795,0.934642,0.0
9,11,0.0,0.0,0.0,0.0,0.0,0.0,0.0,0.0,0.0,0.0,0.06535795,0.934642,0.0
9,11,0.0,0.0,0.0,0.0,0.0,0.0,0.0,0.0,0.0,0.0,0.06535795,0.934642,0.0
9,11,0.0,0.0,0.0,0.0,0.0,0.0,0.0,0.0,0.0,0.0,0.06535795,0.934642,0.0
9,11,0.0,0.0,0.0,0.0,0.0,0.0,0.0,0.0,0.0,0.0,0.06535795,0.934642,0.0
9,11,0.0,0.0,0.0,0.0,0.0,0.0,0.0,0.0,0.0,0.0,0.06535795,0.934642,0.0
9,11,0.0,0.0,0.0,0.0,0.0,0.0,0.0,0.0,0.0,0.0,0.06535795,0.934642,0.0
9,11,0.0,0.0,0.0,0.0,0.0,0.0,0.0,0.0,0.0,0.0,0.06535795,0.934642,0.0
9,11,0.0,0.0,0.0,0.0,0.0,0.0,0.0,0.0,0.0,0.0,0.06535795,0.934642,0.0
9,11,0.0,0.0,0.0,0.0,0.0,0.0,0.0,0.0,0.0,0.0,0.06535795,0.934642,0.0
9,11,0.0,0.0,0.0,0.0,0.0,0.0,0.0,0.0,0.0,0.0,0.06535795,0.934642,0.0
9,11,0.0,0.0,0.0,0.0,0.0,0.0,0.0,0.0,0.0,0.0,0.06535795,0.934642,0.0
9,11,0.0,0.0,0.0,0.0,0.0,0.0,0.0,0.0,0.0,0.0,0.06535795,0.934642,0.0
9,11,0.0,0.0,0.0,0.0,0.0,0.0,0.0,0.0,0.0,0.0,0.06535795,0.934642,0.0
9,11,0.0,0.0,0.0,0.0,0.0,0.0,0.0,0.0,0.0,0.0,0.06535795,0.934642,0.0
9,11,0.0,0.0,0.0,0.0,0.0,0.0,0.0,0.0,0.0,0.0,0.06535795,0.934642,0.0
9,11,0.0,0.0,0.0,0.0,0.0,0.0,0.0,0.0,0.0,0.0,0.06535795,0.934642,0.0
9,11,0.0,0.0,0.0,0.0,0.0,0.0,0.0,0.0,0.0,0.0,0.06535795,0.934642,0.0
9,11,0.0,0.0,0.0,0.0,0.0,0.0,0.0,0.0,0.0,0.0,0.06535795,0.934642,0.0
9,11,0.0,0.0,0.0,0.0,0.0,0.0,0.0,0.0,0.0,0.0,0.06535795,0.934642,0.0
9,11,0.0,0.0,0.0,0.0,0.0,0.0,0.0,0.0,0.0,0.0,0.06535795,0.934642,0.0
9,11,0.0,0.0,0.0,0.0,0.0,0.0,0.0,0.0,0.0,0.0,0.06535795,0.934642,0.0
9,11,0.0,0.0,0.0,0.0,0.0,0.0,0.0,0.0,0.0,0.0,0.06535795,0.934642,0.0
9,11,0.0,0.0,0.0,0.0,0.0,0.0,0.0,0.0,0.0,0.0,0.06535795,0.934642,0.0
9,11,0.0,0.0,0.0,0.0,0.0,0.0,0.0,0.0,0.0,0.0,0.06535795,0.934642,0.0
9,11,0.0,0.0,0.0,0.0,0.0,0.0,0.0,0.0,0.0,0.0,0.06535795,0.934642,0.0
9,11,0.0,0.0,0.0,0.0,0.0,0.0,0.0,0.0,0.0,0.0,0.06535795,0.934642,0.0
9,11,0.0,0.0,0.0,0.0,0.0,0.0,0.0,0.0,0.0,0.0,0.06535795,0.934642,0.0
9,11,0.0,0.0,0.0,0.0,0.0,0.0,0.0,0.0,0.0,0.0,0.06535795,0.934642,0.0
9,11,0.0,0.0,0.0,0.0,0.0,0.0,0.0,0.0,0.0,0.0,0.06535795,0.934642,0.0
9,11,0.0,0.0,0.0,0.0,0.0,0.0,0.0,0.0,0.0,0.0,0.06535795,0.934642,0.0
9,11,0.0,0.0,0.0,0.0,0.0,0.0,0.0,0.0,0.0,0.0,0.06535795,0.934642,0.0
9,11,0.0,0.0,0.0,0.0,0.0,0.0,0.0,0.0,0.0,0.0,0.06535795,0.934642,0.0
9,11,0.0,0.0,0.0,0.0,0.0,0.0,0.0,0.0,0.0,0.0,0.06535795,0.934642,0.0
9,11,0.0,0.0,0.0,0.0,0.0,0.0,0.0,0.0,0.0,0.0,0.06535795,0.934642,0.0
9,11,0.0,0.0,0.0,0.0,0.0,0.0,0.0,0.0,0.0,0.0,0.06535795,0.934642,0.0
9,11,0.0,0.0,0.0,0.0,0.0,0.0,0.0,0.0,0.0,0.0,0.06535795,0.934642,0.0
9,11,0.0,0.0,0.0,0.0,0.0,0.0,0.0,0.0,0.0,0.0,0.06535795,0.934642,0.0
9,11,0.0,0.0,0.0,0.0,0.0,0.0,0.0,0.0,0.0,0.0,0.06535795,0.934642,0.0
9,11,0.0,0.0,0.0,0.0,0.0,0.0,0.0,0.0,0.0,0.0,0.06535795,0.934642,0.0
9,11,0.0,0.0,0.0,0.0,0.0,0.0,0.0,0.0,0.0,0.0,0.06535795,0.934642,0.0
9,11,0.0,0.0,0.0,0.0,0.0,0.0,0.0,0.0,0.0,0.0,0.06535795,0.934642,0.0
9,11,0.0,0.0,0.0,0.0,0.0,0.0,0.0,0.0,0.0,0.0,0.06535795,0.934642,0.0
9,11,0.0,0.0,0.0,0.0,0.0,0.0,0.0,0.0,0.0,0.0,0.06535795,0.934642,0.0
9,11,0.0,0.0,0.0,0.0,0.0,0.0,0.0,0.0,0.0,0.0,0.06535795,0.934642,0.0
9,11,0.0,0.0,0.0,0.0,0.0,0.0,0.0,0.0,0.0,0.0,0.06535795,0.934642,0.0
9,11,0.0,0.0,0.0,0.0,0.0,0.0,0.0,0.0,0.0,0.0,0.06535795,0.934642,0.0
9,11,0.0,0.0,0.0,0.0,0.0,0.0,0.0,0.0,0.0,0.0,0.06535795,0.934642,0.0
9,11,0.0,0.0,0.0,0.0,0.0,0.0,0.0,0.0,0.0,0.0,0.06535795,0.934642,0.0
9,11,0.0,0.0,0.0,0.0,0.0,0.0,0.0,0.0,0.0,0.0,0.06535795,0.934642,0.0
9,11,0.0,0.0,0.0,0.0,0.0,0.0,0.0,0.0,0.0,0.0,0.06535795,0.934642,0.0
9,11,0.0,0.0,0.0,0.0,0.0,0.0,0.0,0.0,0.0,0.0,0.06535795,0.934642,0.0
9,11,0.0,0.0,0.0,0.0,0.0,0.0,0.0,0.0,0.0,0.0,0.06535795,0.934642,0.0
9,11,0.0,0.0,0.0,0.0,0.0,0.0,0.0,0.0,0.0,0.0,0.06535795,0.934642,0.0
9,11,0.0,0.0,0.0,0.0,0.0,0.0,0.0,0.0,0.0,0.0,0.06535795,0.934642,0.0
9,11,0.0,0.0,0.0,0.0,0.0,0.0,0.0,0.0,0.0,0.0,0.06535795,0.934642,0.0
9,11,0.0,0.0,0.0,0.0,0.0,0.0,0.0,0.0,0.0,0.0,0.06535795,0.934642,0.0
9,11,0.0,0.0,0.0,0.0,0.0,0.0,0.0,0.0,0.0,0.0,0.06535795,0.934642,0.0
9,11,0.0,0.0,0.0,0.0,0.0,0.0,0.0,0.0,0.0,0.0,0.06535795,0.934642,0.0
9,11,0.0,0.0,0.0,0.0,0.0,0.0,0.0,0.0,0.0,0.0,0.06535795,0.934642,0.0
9,11,0.0,0.0,0.0,0.0,0.0,0.0,0.0,0.0,0.0,0.0,0.06535795,0.934642,0.0
9,11,0.0,0.0,0.0,0.0,0.0,0.0,0.0,0.0,0.0,0.0,0.06535795,0.934642,0.0
9,11,0.0,0.0,0.0,0.0,0.0,0.0,0.0,0.0,0.0,0.0,0.06535795,0.934642,0.0
9,11,0.0,0.0,0.0,0.0,0.0,0.0,0.0,0.0,0.0,0.0,0.06535795,0.934642,0.0
9,11,0.0,0.0,0.0,0.0,0.0,0.0,0.0,0.0,0.0,0.0,0.06535795,0.934642,0.0
9,11,0.0,0.0,0.0,0.0,0.0,0.0,0.0,0.0,0.0,0.0,0.06535795,0.934642,0.0
9,11,0.0,0.0,0.0,0.0,0.0,0.0,0.0,0.0,0.0,0.0,0.06535795,0.934642,0.0
9,11,0.0,0.0,0.0,0.0,0.0,0.0,0.0,0.0,0.0,0.0,0.06535795,0.934642,0.0
9,11,0.0,0.0,0.0,0.0,0.0,0.0,0.0,0.0,0.0,0.0,0.06535795,0.934642,0.0
9,11,0.0,0.0,0.0,0.0,0.0,0.0,0.0,0.0,0.0,0.0,0.06535795,0.934642,0.0
9,11,0.0,0.0,0.0,0.0,0.0,0.0,0.0,0.0,0.0,0.0,0.06535795,0.934642,0.0
9,11,0.0,0.0,0.0,0.0,0.0,0.0,0.0,0.0,0.0,0.0,0.06535795,0.934642,0.0
9,11,0.0,0.0,0.0,0.0,0.0,0.0,0.0,0.0,0.0,0.0,0.06535795,0.934642,0.0
9,11,0.0,0.0,0.0,0.0,0.0,0.0,0.0,0.0,0.0,0.0,0.06535795,0.934642,0.0
9,11,0.0,0.0,0.0,0.0,0.0,0.0,0.0,0.0,0.0,0.0,0.06535795,0.934642,0.0
9,11,0.0,0.0,0.0,0.0,0.0,0.0,0.0,0.0,0.0,0.0,0.06535795,0.934642,0.0
9,11,0.0,0.0,0.0,0.0,0.0,0.0,0.0,0.0,0.0,0.0,0.06535795,0.934642,0.0
9,11,0.0,0.0,0.0,0.0,0.0,0.0,0.0,0.0,0.0,0.0,0.06535795,0.934642,0.0
9,11,0.0,0.0,0.0,0.0,0.0,0.0,0.0,0.0,0.0,0.0,0.06535795,0.934642,0.0
9,11,0.0,0.0,0.0,0.0,0.0,0.0,0.0,0.0,0.0,0.0,0.06535795,0.934642,0.0
9,11,0.0,0.0,0.0,0.0,0.0,0.0,0.0,0.0,0.0,0.0,0.06535795,0.934642,0.0
9,11,0.0,0.0,0.0,0.0,0.0,0.0,0.0,0.0,0.0,0.0,0.06535795,0.934642,0.0
9,11,0.0,0.0,0.0,0.0,0.0,0.0,0.0,0.0,0.0,0.0,0.06535795,0.934642,0.0
9,11,0.0,0.0,0.0,0.0,0.0,0.0,0.0,0.0,0.0,0.0,0.06535795,0.934642,0.0
9,11,0.0,0.0,0.0,0.0,0.0,0.0,0.0,0.0,0.0,0.0,0.06535795,0.934642,0.0
9,11,0.0,0.0,0.0,0.0,0.0,0.0,0.0,0.0,0.0,0.0,0.06535795,0.934642,0.0
9,11,0.0,0.0,0.0,0.0,0.0,0.0,0.0,0.0,0.0,0.0,0.06535795,0.934642,0.0
9,11,0.0,0.0,0.0,0.0,0.0,0.0,0.0,0.0,0.0,0.0,0.06535795,0.934642,0.0
9,11,0.0,0.0,0.0,0.0,0.0,0.0,0.0,0.0,0.0,0.0,0.06535795,0.934642,0.0
9,11,0.0,0.0,0.0,0.0,0.0,0.0,0.0,0.0,0.0,0.0,0.06535795,0.934642,0.0
9,11,0.0,0.0,0.0,0.0,0.0,0.0,0.0,0.0,0.0,0.0,0.06535795,0.934642,0.0
9,11,0.0,0.0,0.0,0.0,0.0,0.0,0.0,0.0,0.0,0.0,0.06535795,0.934642,0.0
9,11,0.0,0.0,0.0,0.0,0.0,0.0,0.0,0.0,0.0,0.0,0.06535795,0.934642,0.0
9,11,0.0,0.0,0.0,0.0,0.0,0.0,0.0,0.0,0.0,0.0,0.06535795,0.934642,0.0
9,11,0.0,0.0,0.0,0.0,0.0,0.0,0.0,0.0,0.0,0.0,0.06535795,0.934642,0.0
9,11,0.0,0.0,0.0,0.0,0.0,0.0,0.0,0.0,0.0,0.0,0.06535795,0.934642,0.0
9,11,0.0,0.0,0.0,0.0,0.0,0.0,0.0,0.0,0.0,0.0,0.06535795,0.934642,0.0
9,11,0.0,0.0,0.0,0.0,0.0,0.0,0.0,0.0,0.0,0.0,0.06535795,0.934642,0.0
9,11,0.0,0.0,0.0,0.0,0.0,0.0,0.0,0.0,0.0,0.0,0.06535795,0.934642,0.0
9,11,0.0,0.0,0.0,0.0,0.0,0.0,0.0,0.0,0.0,0.0,0.06535795,0.934642,0.0
9,11,0.0,0.0,0.0,0.0,0.0,0.0,0.0,0.0,0.0,0.0,0.06535795,0.934642,0.0
9,11,0.0,0.0,0.0,0.0,0.0,0.0,0.0,0.0,0.0,0.0,0.06535795,0.934642,0.0
9,11,0.0,0.0,0.0,0.0,0.0,0.0,0.0,0.0,0.0,0.0,0.06535795,0.934642,0.0
9,11,0.0,0.0,0.0,0.0,0.0,0.0,0.0,0.0,0.0,0.0,0.06535795,0.934642,0.0
9,11,0.0,0.0,0.0,0.0,0.0,0.0,0.0,0.0,0.0,0.0,0.06535795,0.934642,0.0
9,11,0.0,0.0,0.0,0.0,0.0,0.0,0.0,0.0,0.0,0.0,0.06535795,0.934642,0.0
9,11,0.0,0.0,0.0,0.0,0.0,0.0,0.0,0.0,0.0,0.0,0.06535795,0.934642,0.0
9,11,0.0,0.0,0.0,0.0,0.0,0.0,0.0,0.0,0.0,0.0,0.06535795,0.934642,0.0
9,11,0.0,0.0,0.0,0.0,0.0,0.0,0.0,0.0,0.0,0.0,0.06535795,0.934642,0.0
9,11,0.0,0.0,0.0,0.0,0.0,0.0,0.0,0.0,0.0,0.0,0.06535795,0.934642,0.0
9,11,0.0,0.0,0.0,0.0,0.0,0.0,0.0,0.0,0.0,0.0,0.06535795,0.934642,0.0
9,11,0.0,0.0,0.0,0.0,0.0,0.0,0.0,0.0,0.0,0.0,0.06535795,0.934642,0.0
9,11,0.0,0.0,0.0,0.0,0.0,0.0,0.0,0.0,0.0,0.0,0.06535795,0.934642,0.0
9,11,0.0,0.0,0.0,0.0,0.0,0.0,0.0,0.0,0.0,0.0,0.06535795,0.934642,0.0
9,11,0.0,0.0,0.0,0.0,0.0,0.0,0.0,0.0,0.0,0.0,0.06535795,0.934642,0.0
9,11,0.0,0.0,0.0,0.0,0.0,0.0,0.0,0.0,0.0,0.0,0.06535795,0.934642,0.0
9,11,0.0,0.0,0.0,0.0,0.0,0.0,0.0,0.0,0.0,0.0,0.06535795,0.934642,0.0
9,11,0.0,0.0,0.0,0.0,0.0,0.0,0.0,0.0,0.0,0.0,0.06535795,0.934642,0.0
9,11,0.0,0.0,0.0,0.0,0.0,0.0,0.0,0.0,0.0,0.0,0.06535795,0.934642,0.0
9,11,0.0,0.0,0.0,0.0,0.0,0.0,0.0,0.0,0.0,0.0,0.06535795,0.934642,0.0
9,11,0.0,0.0,0.0,0.0,0.0,0.0,0.0,0.0,0.0,0.0,0.06535795,0.934642,0.0
9,11,0.0,0.0,0.0,0.0,0.0,0.0,0.0,0.0,0.0,0.0,0.06535795,0.934642,0.0
9,11,0.0,0.0,0.0,0.0,0.0,0.0,0.0,0.0,0.0,0.0,0.06535795,0.934642,0.0
9,11,0.0,0.0,0.0,0.0,0.0,0.0,0.0,0.0,0.0,0.0,0.06535795,0.934642,0.0
9,11,0.0,0.0,0.0,0.0,0.0,0.0,0.0,0.0,0.0,0.0,0.06535795,0.934642,0.0
9,11,0.0,0.0,0.0,0.0,0.0,0.0,0.0,0.0,0.0,0.0,0.06535795,0.934642,0.0
9,11,0.0,0.0,0.0,0.0,0.0,0.0,0.0,0.0,0.0,0.0,0.06535795,0.934642,0.0
9,11,0.0,0.0,0.0,0.0,0.0,0.0,0.0,0.0,0.0,0.0,0.06535795,0.934642,0.0
9,11,0.0,0.0,0.0,0.0,0.0,0.0,0.0,0.0,0.0,0.0,0.06535795,0.934642,0.0
9,11,0.0,0.0,0.0,0.0,0.0,0.0,0.0,0.0,0.0,0.0,0.06535795,0.934642,0.0
9,11,0.0,0.0,0.0,0.0,0.0,0.0,0.0,0.0,0.0,0.0,0.06535795,0.934642,0.0
9,11,0.0,0.0,0.0,0.0,0.0,0.0,0.0,0.0,0.0,0.0,0.06535795,0.934642,0.0
9,11,0.0,0.0,0.0,0.0,0.0,0.0,0.0,0.0,0.0,0.0,0.06535795,0.934642,0.0
9,11,0.0,0.0,0.0,0.0,0.0,0.0,0.0,0.0,0.0,0.0,0.06535795,0.934642,0.0
9,11,0.0,0.0,0.0,0.0,0.0,0.0,0.0,0.0,0.0,0.0,0.06535795,0.934642,0.0
9,11,0.0,0.0,0.0,0.0,0.0,0.0,0.0,0.0,0.0,0.0,0.06535795,0.934642,0.0
9,11,0.0,0.0,0.0,0.0,0.0,0.0,0.0,0.0,0.0,0.0,0.06535795,0.934642,0.0
9,11,0.0,0.0,0.0,0.0,0.0,0.0,0.0,0.0,0.0,0.0,0.06535795,0.934642,0.0
9,11,0.0,0.0,0.0,0.0,0.0,0.0,0.0,0.0,0.0,0.0,0.06535795,0.934642,0.0
9,11,0.0,0.0,0.0,0.0,0.0,0.0,0.0,0.0,0.0,0.0,0.06535795,0.934642,0.0
9,11,0.0,0.0,0.0,0.0,0.0,0.0,0.0,0.0,0.0,0.0,0.06535795,0.934642,0.0
9,11,0.0,0.0,0.0,0.0,0.0,0.0,0.0,0.0,0.0,0.0,0.06535795,0.934642,0.0
9,11,0.0,0.0,0.0,0.0,0.0,0.0,0.0,0.0,0.0,0.0,0.06535795,0.934642,0.0
9,11,0.0,0.0,0.0,0.0,0.0,0.0,0.0,0.0,0.0,0.0,0.06535795,0.934642,0.0
9,11,0.0,0.0,0.0,0.0,0.0,0.0,0.0,0.0,0.0,0.0,0.06535795,0.934642,0.0
9,11,0.0,0.0,0.0,0.0,0.0,0.0,0.0,0.0,0.0,0.0,0.06535795,0.934642,0.0
9,11,0.0,0.0,0.0,0.0,0.0,0.0,0.0,0.0,0.0,0.0,0.06535795,0.934642,0.0
9,11,0.0,0.0,0.0,0.0,0.0,0.0,0.0,0.0,0.0,0.0,0.06535795,0.934642,0.0
9,11,0.0,0.0,0.0,0.0,0.0,0.0,0.0,0.0,0.0,0.0,0.06535795,0.934642,0.0
9,11,0.0,0.0,0.0,0.0,0.0,0.0,0.0,0.0,0.0,0.0,0.06535795,0.934642,0.0
9,11,0.0,0.0,0.0,0.0,0.0,0.0,0.0,0.0,0.0,0.0,0.06535795,0.934642,0.0
9,11,0.0,0.0,0.0,0.0,0.0,0.0,0.0,0.0,0.0,0.0,0.06535795,0.934642,0.0
9,11,0.0,0.0,0.0,0.0,0.0,0.0,0.0,0.0,0.0,0.0,0.06535795,0.934642,0.0
9,11,0.0,0.0,0.0,0.0,0.0,0.0,0.0,0.0,0.0,0.0,0.06535795,0.934642,0.0
9,11,0.0,0.0,0.0,0.0,0.0,0.0,0.0,0.0,0.0,0.0,0.06535795,0.934642,0.0
9,11,0.0,0.0,0.0,0.0,0.0,0.0,0.0,0.0,0.0,0.0,0.06535795,0.934642,0.0
9,11,0.0,0.0,0.0,0.0,0.0,0.0,0.0,0.0,0.0,0.0,0.06535795,0.934642,0.0
9,11,0.0,0.0,0.0,0.0,0.0,0.0,0.0,0.0,0.0,0.0,0.06535795,0.934642,0.0
9,11,0.0,0.0,0.0,0.0,0.0,0.0,0.0,0.0,0.0,0.0,0.06535795,0.934642,0.0
9,11,0.0,0.0,0.0,0.0,0.0,0.0,0.0,0.0,0.0,0.0,0.06535795,0.934642,0.0
9,11,0.0,0.0,0.0,0.0,0.0,0.0,0.0,0.0,0.0,0.0,0.06535795,0.934642,0.0
9,11,0.0,0.0,0.0,0.0,0.0,0.0,0.0,0.0,0.0,0.0,0.06535795,0.934642,0.0
9,11,0.0,0.0,0.0,0.0,0.0,0.0,0.0,0.0,0.0,0.0,0.06535795,0.934642,0.0
9,11,0.0,0.0,0.0,0.0,0.0,0.0,0.0,0.0,0.0,0.0,0.06535795,0.934642,0.0
9,11,0.0,0.0,0.0,0.0,0.0,0.0,0.0,0.0,0.0,0.0,0.06535795,0.934642,0.0
9,11,0.0,0.0,0.0,0.0,0.0,0.0,0.0,0.0,0.0,0.0,0.06535795,0.934642,0.0
9,11,0.0,0.0,0.0,0.0,0.0,0.0,0.0,0.0,0.0,0.0,0.06535795,0.934642,0.0
9,11,0.0,0.0,0.0,0.0,0.0,0.0,0.0,0.0,0.0,0.0,0.06535795,0.934642,0.0
9,11,0.0,0.0,0.0,0.0,0.0,0.0,0.0,0.0,0.0,0.0,0.06535795,0.934642,0.0
9,11,0.0,0.0,0.0,0.0,0.0,0.0,0.0,0.0,0.0,0.0,0.06535795,0.934642,0.0
9,11,0.0,0.0,0.0,0.0,0.0,0.0,0.0,0.0,0.0,0.0,0.06535795,0.934642,0.0
9,11,0.0,0.0,0.0,0.0,0.0,0.0,0.0,0.0,0.0,0.0,0.06535795,0.934642,0.0
9,11,0.0,0.0,0.0,0.0,0.0,0.0,0.0,0.0,0.0,0.0,0.06535795,0.934642,0.0
9,11,0.0,0.0,0.0,0.0,0.0,0.0,0.0,0.0,0.0,0.0,0.06535795,0.934642,0.0
9,11,0.0,0.0,0.0,0.0,0.0,0.0,0.0,0.0,0.0,0.0,0.06535795,0.934642,0.0
9,11,0.0,0.0,0.0,0.0,0.0,0.0,0.0,0.0,0.0,0.0,0.06535795,0.934642,0.0
9,11,0.0,0.0,0.0,0.0,0.0,0.0,0.0,0.0,0.0,0.0,0.06535795,0.934642,0.0
9,11,0.0,0.0,0.0,0.0,0.0,0.0,0.0,0.0,0.0,0.0,0.06535795,0.934642,0.0
9,11,0.0,0.0,0.0,0.0,0.0,0.0,0.0,0.0,0.0,0.0,0.06535795,0.934642,0.0
9,11,0.0,0.0,0.0,0.0,0.0,0.0,0.0,0.0,0.0,0.0,0.06535795,0.934642,0.0
9,11,0.0,0.0,0.0,0.0,0.0,0.0,0.0,0.0,0.0,0.0,0.06535795,0.934642,0.0
9,11,0.0,0.0,0.0,0.0,0.0,0.0,0.0,0.0,0.0,0.0,0.06535795,0.934642,0.0
9,11,0.0,0.0,0.0,0.0,0.0,0.0,0.0,0.0,0.0,0.0,0.06535795,0.934642,0.0
9,11,0.0,0.0,0.0,0.0,0.0,0.0,0.0,0.0,0.0,0.0,0.06535795,0.934642,0.0
9,11,0.0,0.0,0.0,0.0,0.0,0.0,0.0,0.0,0.0,0.0,0.06535795,0.934642,0.0
9,11,0.0,0.0,0.0,0.0,0.0,0.0,0.0,0.0,0.0,0.0,0.06535795,0.934642,0.0
9,11,0.0,0.0,0.0,0.0,0.0,0.0,0.0,0.0,0.0,0.0,0.06535795,0.934642,0.0
9,11,0.0,0.0,0.0,0.0,0.0,0.0,0.0,0.0,0.0,0.0,0.06535795,0.934642,0.0
9,11,0.0,0.0,0.0,0.0,0.0,0.0,0.0,0.0,0.0,0.0,0.06535795,0.934642,0.0
9,11,0.0,0.0,0.0,0.0,0.0,0.0,0.0,0.0,0.0,0.0,0.06535795,0.934642,0.0
9,11,0.0,0.0,0.0,0.0,0.0,0.0,0.0,0.0,0.0,0.0,0.06535795,0.934642,0.0
9,11,0.0,0.0,0.0,0.0,0.0,0.0,0.0,0.0,0.0,0.0,0.06535795,0.934642,0.0
9,11,0.0,0.0,0.0,0.0,0.0,0.0,0.0,0.0,0.0,0.0,0.06535795,0.934642,0.0
9,11,0.0,0.0,0.0,0.0,0.0,0.0,0.0,0.0,0.0,0.0,0.06535795,0.934642,0.0
9,11,0.0,0.0,0.0,0.0,0.0,0.0,0.0,0.0,0.0,0.0,0.06535795,0.934642,0.0
9,11,0.0,0.0,0.0,0.0,0.0,0.0,0.0,0.0,0.0,0.0,0.06535795,0.934642,0.0
9,11,0.0,0.0,0.0,0.0,0.0,0.0,0.0,0.0,0.0,0.0,0.06535795,0.934642,0.0
9,11,0.0,0.0,0.0,0.0,0.0,0.0,0.0,0.0,0.0,0.0,0.06535795,0.934642,0.0
9,11,0.0,0.0,0.0,0.0,0.0,0.0,0.0,0.0,0.0,0.0,0.06535795,0.934642,0.0
9,11,0.0,0.0,0.0,0.0,0.0,0.0,0.0,0.0,0.0,0.0,0.06535795,0.934642,0.0
9,11,0.0,0.0,0.0,0.0,0.0,0.0,0.0,0.0,0.0,0.0,0.06535795,0.934642,0.0
9,11,0.0,0.0,0.0,0.0,0.0,0.0,0.0,0.0,0.0,0.0,0.06535795,0.934642,0.0
9,11,0.0,0.0,0.0,0.0,0.0,0.0,0.0,0.0,0.0,0.0,0.06535795,0.934642,0.0
9,11,0.0,0.0,0.0,0.0,0.0,0.0,0.0,0.0,0.0,0.0,0.06535795,0.934642,0.0
9,11,0.0,0.0,0.0,0.0,0.0,0.0,0.0,0.0,0.0,0.0,0.06535795,0.934642,0.0
9,11,0.0,0.0,0.0,0.0,0.0,0.0,0.0,0.0,0.0,0.0,0.06535795,0.934642,0.0
9,11,0.0,0.0,0.0,0.0,0.0,0.0,0.0,0.0,0.0,0.0,0.06535795,0.934642,0.0
9,11,0.0,0.0,0.0,0.0,0.0,0.0,0.0,0.0,0.0,0.0,0.06535795,0.934642,0.0
9,11,0.0,0.0,0.0,0.0,0.0,0.0,0.0,0.0,0.0,0.0,0.06535795,0.934642,0.0
9,11,0.0,0.0,0.0,0.0,0.0,0.0,0.0,0.0,0.0,0.0,0.06535795,0.934642,0.0
9,11,0.0,0.0,0.0,0.0,0.0,0.0,0.0,0.0,0.0,0.0,0.06535795,0.934642,0.0
9,11,0.0,0.0,0.0,0.0,0.0,0.0,0.0,0.0,0.0,0.0,0.06535795,0.934642,0.0
9,11,0.0,0.0,0.0,0.0,0.0,0.0,0.0,0.0,0.0,0.0,0.06535795,0.934642,0.0
9,11,0.0,0.0,0.0,0.0,0.0,0.0,0.0,0.0,0.0,0.0,0.06535795,0.934642,0.0
9,11,0.0,0.0,0.0,0.0,0.0,0.0,0.0,0.0,0.0,0.0,0.06535795,0.934642,0.0
9,11,0.0,0.0,0.0,0.0,0.0,0.0,0.0,0.0,0.0,0.0,0.06535795,0.934642,0.0
9,11,0.0,0.0,0.0,0.0,0.0,0.0,0.0,0.0,0.0,0.0,0.06535795,0.934642,0.0
9,11,0.0,0.0,0.0,0.0,0.0,0.0,0.0,0.0,0.0,0.0,0.06535795,0.934642,0.0
9,11,0.0,0.0,0.0,0.0,0.0,0.0,0.0,0.0,0.0,0.0,0.06535795,0.934642,0.0
9,11,0.0,0.0,0.0,0.0,0.0,0.0,0.0,0.0,0.0,0.0,0.06535795,0.934642,0.0
9,11,0.0,0.0,0.0,0.0,0.0,0.0,0.0,0.0,0.0,0.0,0.06535795,0.934642,0.0
9,11,0.0,0.0,0.0,0.0,0.0,0.0,0.0,0.0,0.0,0.0,0.06535795,0.934642,0.0
9,11,0.0,0.0,0.0,0.0,0.0,0.0,0.0,0.0,0.0,0.0,0.06535795,0.934642,0.0
9,11,0.0,0.0,0.0,0.0,0.0,0.0,0.0,0.0,0.0,0.0,0.06535795,0.934642,0.0
9,11,0.0,0.0,0.0,0.0,0.0,0.0,0.0,0.0,0.0,0.0,0.06535795,0.934642,0.0
9,11,0.0,0.0,0.0,0.0,0.0,0.0,0.0,0.0,0.0,0.0,0.06535795,0.934642,0.0
9,11,0.0,0.0,0.0,0.0,0.0,0.0,0.0,0.0,0.0,0.0,0.06535795,0.934642,0.0
9,11,0.0,0.0,0.0,0.0,0.0,0.0,0.0,0.0,0.0,0.0,0.06535795,0.934642,0.0
9,11,0.0,0.0,0.0,0.0,0.0,0.0,0.0,0.0,0.0,0.0,0.06535795,0.934642,0.0
9,11,0.0,0.0,0.0,0.0,0.0,0.0,0.0,0.0,0.0,0.0,0.06535795,0.934642,0.0
9,11,0.0,0.0,0.0,0.0,0.0,0.0,0.0,0.0,0.0,0.0,0.06535795,0.934642,0.0
9,11,0.0,0.0,0.0,0.0,0.0,0.0,0.0,0.0,0.0,0.0,0.06535795,0.934642,0.0
9,11,0.0,0.0,0.0,0.0,0.0,0.0,0.0,0.0,0.0,0.0,0.06535795,0.934642,0.0
9,11,0.0,0.0,0.0,0.0,0.0,0.0,0.0,0.0,0.0,0.0,0.06535795,0.934642,0.0
9,11,0.0,0.0,0.0,0.0,0.0,0.0,0.0,0.0,0.0,0.0,0.06535795,0.934642,0.0
9,11,0.0,0.0,0.0,0.0,0.0,0.0,0.0,0.0,0.0,0.0,0.06535795,0.934642,0.0
9,11,0.0,0.0,0.0,0.0,0.0,0.0,0.0,0.0,0.0,0.0,0.06535795,0.934642,0.0
9,11,0.0,0.0,0.0,0.0,0.0,0.0,0.0,0.0,0.0,0.0,0.06535795,0.934642,0.0
9,11,0.0,0.0,0.0,0.0,0.0,0.0,0.0,0.0,0.0,0.0,0.06535795,0.934642,0.0
9,11,0.0,0.0,0.0,0.0,0.0,0.0,0.0,0.0,0.0,0.0,0.06535795,0.934642,0.0
9,11,0.0,0.0,0.0,0.0,0.0,0.0,0.0,0.0,0.0,0.0,0.06535795,0.934642,0.0
9,11,0.0,0.0,0.0,0.0,0.0,0.0,0.0,0.0,0.0,0.0,0.06535795,0.934642,0.0
9,11,0.0,0.0,0.0,0.0,0.0,0.0,0.0,0.0,0.0,0.0,0.06535795,0.934642,0.0
9,11,0.0,0.0,0.0,0.0,0.0,0.0,0.0,0.0,0.0,0.0,0.06535795,0.934642,0.0
9,11,0.0,0.0,0.0,0.0,0.0,0.0,0.0,0.0,0.0,0.0,0.06535795,0.934642,0.0
9,11,0.0,0.0,0.0,0.0,0.0,0.0,0.0,0.0,0.0,0.0,0.06535795,0.934642,0.0
9,11,0.0,0.0,0.0,0.0,0.0,0.0,0.0,0.0,0.0,0.0,0.06535795,0.934642,0.0
9,11,0.0,0.0,0.0,0.0,0.0,0.0,0.0,0.0,0.0,0.0,0.06535795,0.934642,0.0
9,11,0.0,0.0,0.0,0.0,0.0,0.0,0.0,0.0,0.0,0.0,0.06535795,0.934642,0.0
9,11,0.0,0.0,0.0,0.0,0.0,0.0,0.0,0.0,0.0,0.0,0.06535795,0.934642,0.0
9,11,0.0,0.0,0.0,0.0,0.0,0.0,0.0,0.0,0.0,0.0,0.06535795,0.934642,0.0
9,11,0.0,0.0,0.0,0.0,0.0,0.0,0.0,0.0,0.0,0.0,0.06535795,0.934642,0.0
9,11,0.0,0.0,0.0,0.0,0.0,0.0,0.0,0.0,0.0,0.0,0.06535795,0.934642,0.0
9,11,0.0,0.0,0.0,0.0,0.0,0.0,0.0,0.0,0.0,0.0,0.06535795,0.934642,0.0
9,11,0.0,0.0,0.0,0.0,0.0,0.0,0.0,0.0,0.0,0.0,0.06535795,0.934642,0.0
9,11,0.0,0.0,0.0,0.0,0.0,0.0,0.0,0.0,0.0,0.0,0.06535795,0.934642,0.0
9,11,0.0,0.0,0.0,0.0,0.0,0.0,0.0,0.0,0.0,0.0,0.06535795,0.934642,0.0
9,11,0.0,0.0,0.0,0.0,0.0,0.0,0.0,0.0,0.0,0.0,0.06535795,0.934642,0.0
9,11,0.0,0.0,0.0,0.0,0.0,0.0,0.0,0.0,0.0,0.0,0.06535795,0.934642,0.0
9,11,0.0,0.0,0.0,0.0,0.0,0.0,0.0,0.0,0.0,0.0,0.06535795,0.934642,0.0
9,11,0.0,0.0,0.0,0.0,0.0,0.0,0.0,0.0,0.0,0.0,0.06535795,0.934642,0.0
9,11,0.0,0.0,0.0,0.0,0.0,0.0,0.0,0.0,0.0,0.0,0.06535795,0.934642,0.0
9,11,0.0,0.0,0.0,0.0,0.0,0.0,0.0,0.0,0.0,0.0,0.06535795,0.934642,0.0
9,11,0.0,0.0,0.0,0.0,0.0,0.0,0.0,0.0,0.0,0.0,0.06535795,0.934642,0.0
9,11,0.0,0.0,0.0,0.0,0.0,0.0,0.0,0.0,0.0,0.0,0.06535795,0.934642,0.0
9,11,0.0,0.0,0.0,0.0,0.0,0.0,0.0,0.0,0.0,0.0,0.06535795,0.934642,0.0
9,11,0.0,0.0,0.0,0.0,0.0,0.0,0.0,0.0,0.0,0.0,0.06535795,0.934642,0.0
9,11,0.0,0.0,0.0,0.0,0.0,0.0,0.0,0.0,0.0,0.0,0.06535795,0.934642,0.0
9,11,0.0,0.0,0.0,0.0,0.0,0.0,0.0,0.0,0.0,0.0,0.06535795,0.934642,0.0
9,11,0.0,0.0,0.0,0.0,0.0,0.0,0.0,0.0,0.0,0.0,0.06535795,0.934642,0.0
9,11,0.0,0.0,0.0,0.0,0.0,0.0,0.0,0.0,0.0,0.0,0.06535795,0.934642,0.0
9,11,0.0,0.0,0.0,0.0,0.0,0.0,0.0,0.0,0.0,0.0,0.06535795,0.934642,0.0
9,11,0.0,0.0,0.0,0.0,0.0,0.0,0.0,0.0,0.0,0.0,0.06535795,0.934642,0.0
9,11,0.0,0.0,0.0,0.0,0.0,0.0,0.0,0.0,0.0,0.0,0.06535795,0.934642,0.0
9,11,0.0,0.0,0.0,0.0,0.0,0.0,0.0,0.0,0.0,0.0,0.06535795,0.934642,0.0
9,11,0.0,0.0,0.0,0.0,0.0,0.0,0.0,0.0,0.0,0.0,0.06535795,0.934642,0.0
9,11,0.0,0.0,0.0,0.0,0.0,0.0,0.0,0.0,0.0,0.0,0.06535795,0.934642,0.0
9,11,0.0,0.0,0.0,0.0,0.0,0.0,0.0,0.0,0.0,0.0,0.06535795,0.934642,0.0
9,11,0.0,0.0,0.0,0.0,0.0,0.0,0.0,0.0,0.0,0.0,0.06535795,0.934642,0.0
9,11,0.0,0.0,0.0,0.0,0.0,0.0,0.0,0.0,0.0,0.0,0.06535795,0.934642,0.0
9,11,0.0,0.0,0.0,0.0,0.0,0.0,0.0,0.0,0.0,0.0,0.06535795,0.934642,0.0
9,11,0.0,0.0,0.0,0.0,0.0,0.0,0.0,0.0,0.0,0.0,0.06535795,0.934642,0.0
9,11,0.0,0.0,0.0,0.0,0.0,0.0,0.0,0.0,0.0,0.0,0.06535795,0.934642,0.0
9,11,0.0,0.0,0.0,0.0,0.0,0.0,0.0,0.0,0.0,0.0,0.06535795,0.934642,0.0
9,11,0.0,0.0,0.0,0.0,0.0,0.0,0.0,0.0,0.0,0.0,0.06535795,0.934642,0.0
9,11,0.0,0.0,0.0,0.0,0.0,0.0,0.0,0.0,0.0,0.0,0.06535795,0.934642,0.0
9,11,0.0,0.0,0.0,0.0,0.0,0.0,0.0,0.0,0.0,0.0,0.06535795,0.934642,0.0
9,11,0.0,0.0,0.0,0.0,0.0,0.0,0.0,0.0,0.0,0.0,0.06535795,0.934642,0.0
9,11,0.0,0.0,0.0,0.0,0.0,0.0,0.0,0.0,0.0,0.0,0.06535795,0.934642,0.0
9,11,0.0,0.0,0.0,0.0,0.0,0.0,0.0,0.0,0.0,0.0,0.06535795,0.934642,0.0
9,11,0.0,0.0,0.0,0.0,0.0,0.0,0.0,0.0,0.0,0.0,0.06535795,0.934642,0.0
9,11,0.0,0.0,0.0,0.0,0.0,0.0,0.0,0.0,0.0,0.0,0.06535795,0.934642,0.0
9,11,0.0,0.0,0.0,0.0,0.0,0.0,0.0,0.0,0.0,0.0,0.06535795,0.934642,0.0
9,11,0.0,0.0,0.0,0.0,0.0,0.0,0.0,0.0,0.0,0.0,0.06535795,0.934642,0.0
9,11,0.0,0.0,0.0,0.0,0.0,0.0,0.0,0.0,0.0,0.0,0.06535795,0.934642,0.0
9,11,0.0,0.0,0.0,0.0,0.0,0.0,0.0,0.0,0.0,0.0,0.06535795,0.934642,0.0
9,11,0.0,0.0,0.0,0.0,0.0,0.0,0.0,0.0,0.0,0.0,0.06535795,0.934642,0.0
9,11,0.0,0.0,0.0,0.0,0.0,0.0,0.0,0.0,0.0,0.0,0.06535795,0.934642,0.0
9,11,0.0,0.0,0.0,0.0,0.0,0.0,0.0,0.0,0.0,0.0,0.06535795,0.934642,0.0
9,11,0.0,0.0,0.0,0.0,0.0,0.0,0.0,0.0,0.0,0.0,0.06535795,0.934642,0.0
9,11,0.0,0.0,0.0,0.0,0.0,0.0,0.0,0.0,0.0,0.0,0.06535795,0.934642,0.0
9,11,0.0,0.0,0.0,0.0,0.0,0.0,0.0,0.0,0.0,0.0,0.06535795,0.934642,0.0
9,11,0.0,0.0,0.0,0.0,0.0,0.0,0.0,0.0,0.0,0.0,0.06535795,0.934642,0.0
9,11,0.0,0.0,0.0,0.0,0.0,0.0,0.0,0.0,0.0,0.0,0.06535795,0.934642,0.0
9,11,0.0,0.0,0.0,0.0,0.0,0.0,0.0,0.0,0.0,0.0,0.06535795,0.934642,0.0
9,11,0.0,0.0,0.0,0.0,0.0,0.0,0.0,0.0,0.0,0.0,0.06535795,0.934642,0.0
9,11,0.0,0.0,0.0,0.0,0.0,0.0,0.0,0.0,0.0,0.0,0.06535795,0.934642,0.0
9,11,0.0,0.0,0.0,0.0,0.0,0.0,0.0,0.0,0.0,0.0,0.06535795,0.934642,0.0
9,11,0.0,0.0,0.0,0.0,0.0,0.0,0.0,0.0,0.0,0.0,0.06535795,0.934642,0.0
9,11,0.0,0.0,0.0,0.0,0.0,0.0,0.0,0.0,0.0,0.0,0.06535795,0.934642,0.0
9,11,0.0,0.0,0.0,0.0,0.0,0.0,0.0,0.0,0.0,0.0,0.06535795,0.934642,0.0
9,11,0.0,0.0,0.0,0.0,0.0,0.0,0.0,0.0,0.0,0.0,0.06535795,0.934642,0.0
9,11,0.0,0.0,0.0,0.0,0.0,0.0,0.0,0.0,0.0,0.0,0.06535795,0.934642,0.0
9,11,0.0,0.0,0.0,0.0,0.0,0.0,0.0,0.0,0.0,0.0,0.06535795,0.934642,0.0
9,11,0.0,0.0,0.0,0.0,0.0,0.0,0.0,0.0,0.0,0.0,0.06535795,0.934642,0.0
9,11,0.0,0.0,0.0,0.0,0.0,0.0,0.0,0.0,0.0,0.0,0.06535795,0.934642,0.0
9,11,0.0,0.0,0.0,0.0,0.0,0.0,0.0,0.0,0.0,0.0,0.06535795,0.934642,0.0
9,11,0.0,0.0,0.0,0.0,0.0,0.0,0.0,0.0,0.0,0.0,0.06535795,0.934642,0.0
9,11,0.0,0.0,0.0,0.0,0.0,0.0,0.0,0.0,0.0,0.0,0.06535795,0.934642,0.0
9,11,0.0,0.0,0.0,0.0,0.0,0.0,0.0,0.0,0.0,0.0,0.06535795,0.934642,0.0
9,11,0.0,0.0,0.0,0.0,0.0,0.0,0.0,0.0,0.0,0.0,0.06535795,0.934642,0.0
9,11,0.0,0.0,0.0,0.0,0.0,0.0,0.0,0.0,0.0,0.0,0.06535795,0.934642,0.0
9,11,0.0,0.0,0.0,0.0,0.0,0.0,0.0,0.0,0.0,0.0,0.06535795,0.934642,0.0
9,11,0.0,0.0,0.0,0.0,0.0,0.0,0.0,0.0,0.0,0.0,0.06535795,0.934642,0.0
9,11,0.0,0.0,0.0,0.0,0.0,0.0,0.0,0.0,0.0,0.0,0.06535795,0.934642,0.0
9,11,0.0,0.0,0.0,0.0,0.0,0.0,0.0,0.0,0.0,0.0,0.06535795,0.934642,0.0
9,11,0.0,0.0,0.0,0.0,0.0,0.0,0.0,0.0,0.0,0.0,0.06535795,0.934642,0.0
9,11,0.0,0.0,0.0,0.0,0.0,0.0,0.0,0.0,0.0,0.0,0.06535795,0.934642,0.0
9,11,0.0,0.0,0.0,0.0,0.0,0.0,0.0,0.0,0.0,0.0,0.06535795,0.934642,0.0
9,11,0.0,0.0,0.0,0.0,0.0,0.0,0.0,0.0,0.0,0.0,0.06535795,0.934642,0.0
9,11,0.0,0.0,0.0,0.0,0.0,0.0,0.0,0.0,0.0,0.0,0.06535795,0.934642,0.0
9,11,0.0,0.0,0.0,0.0,0.0,0.0,0.0,0.0,0.0,0.0,0.06535795,0.934642,0.0
9,11,0.0,0.0,0.0,0.0,0.0,0.0,0.0,0.0,0.0,0.0,0.06535795,0.934642,0.0
9,11,0.0,0.0,0.0,0.0,0.0,0.0,0.0,0.0,0.0,0.0,0.06535795,0.934642,0.0
9,11,0.0,0.0,0.0,0.0,0.0,0.0,0.0,0.0,0.0,0.0,0.06535795,0.934642,0.0
9,11,0.0,0.0,0.0,0.0,0.0,0.0,0.0,0.0,0.0,0.0,0.06535795,0.934642,0.0
9,11,0.0,0.0,0.0,0.0,0.0,0.0,0.0,0.0,0.0,0.0,0.06535795,0.934642,0.0
9,11,0.0,0.0,0.0,0.0,0.0,0.0,0.0,0.0,0.0,0.0,0.06535795,0.934642,0.0
9,11,0.0,0.0,0.0,0.0,0.0,0.0,0.0,0.0,0.0,0.0,0.06535795,0.934642,0.0
9,11,0.0,0.0,0.0,0.0,0.0,0.0,0.0,0.0,0.0,0.0,0.06535795,0.934642,0.0
9,11,0.0,0.0,0.0,0.0,0.0,0.0,0.0,0.0,0.0,0.0,0.06535795,0.934642,0.0
9,11,0.0,0.0,0.0,0.0,0.0,0.0,0.0,0.0,0.0,0.0,0.06535795,0.934642,0.0
9,11,0.0,0.0,0.0,0.0,0.0,0.0,0.0,0.0,0.0,0.0,0.06535795,0.934642,0.0
9,11,0.0,0.0,0.0,0.0,0.0,0.0,0.0,0.0,0.0,0.0,0.06535795,0.934642,0.0
9,11,0.0,0.0,0.0,0.0,0.0,0.0,0.0,0.0,0.0,0.0,0.06535795,0.934642,0.0
9,11,0.0,0.0,0.0,0.0,0.0,0.0,0.0,0.0,0.0,0.0,0.06535795,0.934642,0.0
9,11,0.0,0.0,0.0,0.0,0.0,0.0,0.0,0.0,0.0,0.0,0.06535795,0.934642,0.0
9,11,0.0,0.0,0.0,0.0,0.0,0.0,0.0,0.0,0.0,0.0,0.06535795,0.934642,0.0
9,11,0.0,0.0,0.0,0.0,0.0,0.0,0.0,0.0,0.0,0.0,0.06535795,0.934642,0.0
9,11,0.0,0.0,0.0,0.0,0.0,0.0,0.0,0.0,0.0,0.0,0.06535795,0.934642,0.0
9,11,0.0,0.0,0.0,0.0,0.0,0.0,0.0,0.0,0.0,0.0,0.06535795,0.934642,0.0
9,11,0.0,0.0,0.0,0.0,0.0,0.0,0.0,0.0,0.0,0.0,0.06535795,0.934642,0.0
9,11,0.0,0.0,0.0,0.0,0.0,0.0,0.0,0.0,0.0,0.0,0.06535795,0.934642,0.0
9,11,0.0,0.0,0.0,0.0,0.0,0.0,0.0,0.0,0.0,0.0,0.06535795,0.934642,0.0
9,11,0.0,0.0,0.0,0.0,0.0,0.0,0.0,0.0,0.0,0.0,0.06535795,0.934642,0.0
9,11,0.0,0.0,0.0,0.0,0.0,0.0,0.0,0.0,0.0,0.0,0.06535795,0.934642,0.0
9,11,0.0,0.0,0.0,0.0,0.0,0.0,0.0,0.0,0.0,0.0,0.06535795,0.934642,0.0
9,11,0.0,0.0,0.0,0.0,0.0,0.0,0.0,0.0,0.0,0.0,0.06535795,0.934642,0.0
9,11,0.0,0.0,0.0,0.0,0.0,0.0,0.0,0.0,0.0,0.0,0.06535795,0.934642,0.0
9,11,0.0,0.0,0.0,0.0,0.0,0.0,0.0,0.0,0.0,0.0,0.06535795,0.934642,0.0
9,11,0.0,0.0,0.0,0.0,0.0,0.0,0.0,0.0,0.0,0.0,0.06535795,0.934642,0.0
9,11,0.0,0.0,0.0,0.0,0.0,0.0,0.0,0.0,0.0,0.0,0.06535795,0.934642,0.0
9,11,0.0,0.0,0.0,0.0,0.0,0.0,0.0,0.0,0.0,0.0,0.06535795,0.934642,0.0
9,11,0.0,0.0,0.0,0.0,0.0,0.0,0.0,0.0,0.0,0.0,0.06535795,0.934642,0.0
9,11,0.0,0.0,0.0,0.0,0.0,0.0,0.0,0.0,0.0,0.0,0.06535795,0.934642,0.0
9,11,0.0,0.0,0.0,0.0,0.0,0.0,0.0,0.0,0.0,0.0,0.06535795,0.934642,0.0
9,11,0.0,0.0,0.0,0.0,0.0,0.0,0.0,0.0,0.0,0.0,0.06535795,0.934642,0.0
9,11,0.0,0.0,0.0,0.0,0.0,0.0,0.0,0.0,0.0,0.0,0.06535795,0.934642,0.0
9,11,0.0,0.0,0.0,0.0,0.0,0.0,0.0,0.0,0.0,0.0,0.06535795,0.934642,0.0
9,11,0.0,0.0,0.0,0.0,0.0,0.0,0.0,0.0,0.0,0.0,0.06535795,0.934642,0.0
9,11,0.0,0.0,0.0,0.0,0.0,0.0,0.0,0.0,0.0,0.0,0.06535795,0.934642,0.0
9,11,0.0,0.0,0.0,0.0,0.0,0.0,0.0,0.0,0.0,0.0,0.06535795,0.934642,0.0
9,11,0.0,0.0,0.0,0.0,0.0,0.0,0.0,0.0,0.0,0.0,0.06535795,0.934642,0.0
9,11,0.0,0.0,0.0,0.0,0.0,0.0,0.0,0.0,0.0,0.0,0.06535795,0.934642,0.0
9,11,0.0,0.0,0.0,0.0,0.0,0.0,0.0,0.0,0.0,0.0,0.06535795,0.934642,0.0
9,11,0.0,0.0,0.0,0.0,0.0,0.0,0.0,0.0,0.0,0.0,0.06535795,0.934642,0.0
9,11,0.0,0.0,0.0,0.0,0.0,0.0,0.0,0.0,0.0,0.0,0.06535795,0.934642,0.0
9,11,0.0,0.0,0.0,0.0,0.0,0.0,0.0,0.0,0.0,0.0,0.06535795,0.934642,0.0
9,11,0.0,0.0,0.0,0.0,0.0,0.0,0.0,0.0,0.0,0.0,0.06535795,0.934642,0.0
9,11,0.0,0.0,0.0,0.0,0.0,0.0,0.0,0.0,0.0,0.0,0.06535795,0.934642,0.0
9,11,0.0,0.0,0.0,0.0,0.0,0.0,0.0,0.0,0.0,0.0,0.06535795,0.934642,0.0
9,11,0.0,0.0,0.0,0.0,0.0,0.0,0.0,0.0,0.0,0.0,0.06535795,0.934642,0.0
9,11,0.0,0.0,0.0,0.0,0.0,0.0,0.0,0.0,0.0,0.0,0.06535795,0.934642,0.0
9,11,0.0,0.0,0.0,0.0,0.0,0.0,0.0,0.0,0.0,0.0,0.06535795,0.934642,0.0
9,11,0.0,0.0,0.0,0.0,0.0,0.0,0.0,0.0,0.0,0.0,0.06535795,0.934642,0.0
9,11,0.0,0.0,0.0,0.0,0.0,0.0,0.0,0.0,0.0,0.0,0.06535795,0.934642,0.0
9,11,0.0,0.0,0.0,0.0,0.0,0.0,0.0,0.0,0.0,0.0,0.06535795,0.934642,0.0
9,11,0.0,0.0,0.0,0.0,0.0,0.0,0.0,0.0,0.0,0.0,0.06535795,0.934642,0.0
9,11,0.0,0.0,0.0,0.0,0.0,0.0,0.0,0.0,0.0,0.0,0.06535795,0.934642,0.0
9,11,0.0,0.0,0.0,0.0,0.0,0.0,0.0,0.0,0.0,0.0,0.06535795,0.934642,0.0
9,11,0.0,0.0,0.0,0.0,0.0,0.0,0.0,0.0,0.0,0.0,0.06535795,0.934642,0.0
9,11,0.0,0.0,0.0,0.0,0.0,0.0,0.0,0.0,0.0,0.0,0.06535795,0.934642,0.0
9,11,0.0,0.0,0.0,0.0,0.0,0.0,0.0,0.0,0.0,0.0,0.06535795,0.934642,0.0
9,11,0.0,0.0,0.0,0.0,0.0,0.0,0.0,0.0,0.0,0.0,0.06535795,0.934642,0.0
9,11,0.0,0.0,0.0,0.0,0.0,0.0,0.0,0.0,0.0,0.0,0.06535795,0.934642,0.0
9,11,0.0,0.0,0.0,0.0,0.0,0.0,0.0,0.0,0.0,0.0,0.06535795,0.934642,0.0
9,11,0.0,0.0,0.0,0.0,0.0,0.0,0.0,0.0,0.0,0.0,0.06535795,0.934642,0.0
9,11,0.0,0.0,0.0,0.0,0.0,0.0,0.0,0.0,0.0,0.0,0.06535795,0.934642,0.0
9,11,0.0,0.0,0.0,0.0,0.0,0.0,0.0,0.0,0.0,0.0,0.06535795,0.934642,0.0
9,11,0.0,0.0,0.0,0.0,0.0,0.0,0.0,0.0,0.0,0.0,0.06535795,0.934642,0.0
9,11,0.0,0.0,0.0,0.0,0.0,0.0,0.0,0.0,0.0,0.0,0.06535795,0.934642,0.0
9,11,0.0,0.0,0.0,0.0,0.0,0.0,0.0,0.0,0.0,0.0,0.06535795,0.934642,0.0
9,11,0.0,0.0,0.0,0.0,0.0,0.0,0.0,0.0,0.0,0.0,0.06535795,0.934642,0.0
9,11,0.0,0.0,0.0,0.0,0.0,0.0,0.0,0.0,0.0,0.0,0.06535795,0.934642,0.0
9,11,0.0,0.0,0.0,0.0,0.0,0.0,0.0,0.0,0.0,0.0,0.06535795,0.934642,0.0
9,11,0.0,0.0,0.0,0.0,0.0,0.0,0.0,0.0,0.0,0.0,0.06535795,0.934642,0.0
9,11,0.0,0.0,0.0,0.0,0.0,0.0,0.0,0.0,0.0,0.0,0.06535795,0.934642,0.0
9,11,0.0,0.0,0.0,0.0,0.0,0.0,0.0,0.0,0.0,0.0,0.06535795,0.934642,0.0
9,11,0.0,0.0,0.0,0.0,0.0,0.0,0.0,0.0,0.0,0.0,0.06535795,0.934642,0.0
9,11,0.0,0.0,0.0,0.0,0.0,0.0,0.0,0.0,0.0,0.0,0.06535795,0.934642,0.0
9,11,0.0,0.0,0.0,0.0,0.0,0.0,0.0,0.0,0.0,0.0,0.06535795,0.934642,0.0
9,11,0.0,0.0,0.0,0.0,0.0,0.0,0.0,0.0,0.0,0.0,0.06535795,0.934642,0.0
9,11,0.0,0.0,0.0,0.0,0.0,0.0,0.0,0.0,0.0,0.0,0.06535795,0.934642,0.0
9,11,0.0,0.0,0.0,0.0,0.0,0.0,0.0,0.0,0.0,0.0,0.06535795,0.934642,0.0
9,11,0.0,0.0,0.0,0.0,0.0,0.0,0.0,0.0,0.0,0.0,0.06535795,0.934642,0.0
9,11,0.0,0.0,0.0,0.0,0.0,0.0,0.0,0.0,0.0,0.0,0.06535795,0.934642,0.0
9,11,0.0,0.0,0.0,0.0,0.0,0.0,0.0,0.0,0.0,0.0,0.06535795,0.934642,0.0
9,11,0.0,0.0,0.0,0.0,0.0,0.0,0.0,0.0,0.0,0.0,0.06535795,0.934642,0.0
9,11,0.0,0.0,0.0,0.0,0.0,0.0,0.0,0.0,0.0,0.0,0.06535795,0.934642,0.0
9,11,0.0,0.0,0.0,0.0,0.0,0.0,0.0,0.0,0.0,0.0,0.06535795,0.934642,0.0
9,11,0.0,0.0,0.0,0.0,0.0,0.0,0.0,0.0,0.0,0.0,0.06535795,0.934642,0.0
9,11,0.0,0.0,0.0,0.0,0.0,0.0,0.0,0.0,0.0,0.0,0.06535795,0.934642,0.0
9,11,0.0,0.0,0.0,0.0,0.0,0.0,0.0,0.0,0.0,0.0,0.06535795,0.934642,0.0
9,11,0.0,0.0,0.0,0.0,0.0,0.0,0.0,0.0,0.0,0.0,0.06535795,0.934642,0.0
9,11,0.0,0.0,0.0,0.0,0.0,0.0,0.0,0.0,0.0,0.0,0.06535795,0.934642,0.0
9,11,0.0,0.0,0.0,0.0,0.0,0.0,0.0,0.0,0.0,0.0,0.06535795,0.934642,0.0
9,11,0.0,0.0,0.0,0.0,0.0,0.0,0.0,0.0,0.0,0.0,0.06535795,0.934642,0.0
9,11,0.0,0.0,0.0,0.0,0.0,0.0,0.0,0.0,0.0,0.0,0.06535795,0.934642,0.0
9,11,0.0,0.0,0.0,0.0,0.0,0.0,0.0,0.0,0.0,0.0,0.06535795,0.934642,0.0
9,11,0.0,0.0,0.0,0.0,0.0,0.0,0.0,0.0,0.0,0.0,0.06535795,0.934642,0.0
9,11,0.0,0.0,0.0,0.0,0.0,0.0,0.0,0.0,0.0,0.0,0.06535795,0.934642,0.0
9,11,0.0,0.0,0.0,0.0,0.0,0.0,0.0,0.0,0.0,0.0,0.06535795,0.934642,0.0
9,11,0.0,0.0,0.0,0.0,0.0,0.0,0.0,0.0,0.0,0.0,0.06535795,0.934642,0.0
9,11,0.0,0.0,0.0,0.0,0.0,0.0,0.0,0.0,0.0,0.0,0.06535795,0.934642,0.0
9,11,0.0,0.0,0.0,0.0,0.0,0.0,0.0,0.0,0.0,0.0,0.06535795,0.934642,0.0
9,11,0.0,0.0,0.0,0.0,0.0,0.0,0.0,0.0,0.0,0.0,0.06535795,0.934642,0.0
9,11,0.0,0.0,0.0,0.0,0.0,0.0,0.0,0.0,0.0,0.0,0.06535795,0.934642,0.0
9,11,0.0,0.0,0.0,0.0,0.0,0.0,0.0,0.0,0.0,0.0,0.06535795,0.934642,0.0
9,11,0.0,0.0,0.0,0.0,0.0,0.0,0.0,0.0,0.0,0.0,0.06535795,0.934642,0.0
9,11,0.0,0.0,0.0,0.0,0.0,0.0,0.0,0.0,0.0,0.0,0.06535795,0.934642,0.0
9,11,0.0,0.0,0.0,0.0,0.0,0.0,0.0,0.0,0.0,0.0,0.06535795,0.934642,0.0
9,11,0.0,0.0,0.0,0.0,0.0,0.0,0.0,0.0,0.0,0.0,0.06535795,0.934642,0.0
9,11,0.0,0.0,0.0,0.0,0.0,0.0,0.0,0.0,0.0,0.0,0.06535795,0.934642,0.0
9,11,0.0,0.0,0.0,0.0,0.0,0.0,0.0,0.0,0.0,0.0,0.06535795,0.934642,0.0
9,11,0.0,0.0,0.0,0.0,0.0,0.0,0.0,0.0,0.0,0.0,0.06535795,0.934642,0.0
9,11,0.0,0.0,0.0,0.0,0.0,0.0,0.0,0.0,0.0,0.0,0.06535795,0.934642,0.0
9,11,0.0,0.0,0.0,0.0,0.0,0.0,0.0,0.0,0.0,0.0,0.06535795,0.934642,0.0
9,11,0.0,0.0,0.0,0.0,0.0,0.0,0.0,0.0,0.0,0.0,0.06535795,0.934642,0.0
9,11,0.0,0.0,0.0,0.0,0.0,0.0,0.0,0.0,0.0,0.0,0.06535795,0.934642,0.0
9,11,0.0,0.0,0.0,0.0,0.0,0.0,0.0,0.0,0.0,0.0,0.06535795,0.934642,0.0
9,11,0.0,0.0,0.0,0.0,0.0,0.0,0.0,0.0,0.0,0.0,0.06535795,0.934642,0.0
9,11,0.0,0.0,0.0,0.0,0.0,0.0,0.0,0.0,0.0,0.0,0.06535795,0.934642,0.0
9,11,0.0,0.0,0.0,0.0,0.0,0.0,0.0,0.0,0.0,0.0,0.06535795,0.934642,0.0
9,11,0.0,0.0,0.0,0.0,0.0,0.0,0.0,0.0,0.0,0.0,0.06535795,0.934642,0.0
9,11,0.0,0.0,0.0,0.0,0.0,0.0,0.0,0.0,0.0,0.0,0.06535795,0.934642,0.0
9,11,0.0,0.0,0.0,0.0,0.0,0.0,0.0,0.0,0.0,0.0,0.06535795,0.934642,0.0
9,11,0.0,0.0,0.0,0.0,0.0,0.0,0.0,0.0,0.0,0.0,0.06535795,0.934642,0.0
9,11,0.0,0.0,0.0,0.0,0.0,0.0,0.0,0.0,0.0,0.0,0.06535795,0.934642,0.0
9,11,0.0,0.0,0.0,0.0,0.0,0.0,0.0,0.0,0.0,0.0,0.06535795,0.934642,0.0
9,11,0.0,0.0,0.0,0.0,0.0,0.0,0.0,0.0,0.0,0.0,0.06535795,0.934642,0.0
9,11,0.0,0.0,0.0,0.0,0.0,0.0,0.0,0.0,0.0,0.0,0.06535795,0.934642,0.0
9,11,0.0,0.0,0.0,0.0,0.0,0.0,0.0,0.0,0.0,0.0,0.06535795,0.934642,0.0
9,11,0.0,0.0,0.0,0.0,0.0,0.0,0.0,0.0,0.0,0.0,0.06535795,0.934642,0.0
9,11,0.0,0.0,0.0,0.0,0.0,0.0,0.0,0.0,0.0,0.0,0.06535795,0.934642,0.0
9,11,0.0,0.0,0.0,0.0,0.0,0.0,0.0,0.0,0.0,0.0,0.06535795,0.934642,0.0
9,11,0.0,0.0,0.0,0.0,0.0,0.0,0.0,0.0,0.0,0.0,0.06535795,0.934642,0.0
9,11,0.0,0.0,0.0,0.0,0.0,0.0,0.0,0.0,0.0,0.0,0.06535795,0.934642,0.0
9,11,0.0,0.0,0.0,0.0,0.0,0.0,0.0,0.0,0.0,0.0,0.06535795,0.934642,0.0
9,11,0.0,0.0,0.0,0.0,0.0,0.0,0.0,0.0,0.0,0.0,0.06535795,0.934642,0.0
9,11,0.0,0.0,0.0,0.0,0.0,0.0,0.0,0.0,0.0,0.0,0.06535795,0.934642,0.0
9,11,0.0,0.0,0.0,0.0,0.0,0.0,0.0,0.0,0.0,0.0,0.06535795,0.934642,0.0
9,11,0.0,0.0,0.0,0.0,0.0,0.0,0.0,0.0,0.0,0.0,0.06535795,0.934642,0.0
9,11,0.0,0.0,0.0,0.0,0.0,0.0,0.0,0.0,0.0,0.0,0.06535795,0.934642,0.0
9,11,0.0,0.0,0.0,0.0,0.0,0.0,0.0,0.0,0.0,0.0,0.06535795,0.934642,0.0
9,11,0.0,0.0,0.0,0.0,0.0,0.0,0.0,0.0,0.0,0.0,0.06535795,0.934642,0.0
9,11,0.0,0.0,0.0,0.0,0.0,0.0,0.0,0.0,0.0,0.0,0.06535795,0.934642,0.0
9,11,0.0,0.0,0.0,0.0,0.0,0.0,0.0,0.0,0.0,0.0,0.06535795,0.934642,0.0
9,11,0.0,0.0,0.0,0.0,0.0,0.0,0.0,0.0,0.0,0.0,0.06535795,0.934642,0.0
9,11,0.0,0.0,0.0,0.0,0.0,0.0,0.0,0.0,0.0,0.0,0.06535795,0.934642,0.0
9,11,0.0,0.0,0.0,0.0,0.0,0.0,0.0,0.0,0.0,0.0,0.06535795,0.934642,0.0
9,11,0.0,0.0,0.0,0.0,0.0,0.0,0.0,0.0,0.0,0.0,0.06535795,0.934642,0.0
9,11,0.0,0.0,0.0,0.0,0.0,0.0,0.0,0.0,0.0,0.0,0.06535795,0.934642,0.0
9,11,0.0,0.0,0.0,0.0,0.0,0.0,0.0,0.0,0.0,0.0,0.06535795,0.934642,0.0
9,11,0.0,0.0,0.0,0.0,0.0,0.0,0.0,0.0,0.0,0.0,0.06535795,0.934642,0.0
9,11,0.0,0.0,0.0,0.0,0.0,0.0,0.0,0.0,0.0,0.0,0.06535795,0.934642,0.0
9,11,0.0,0.0,0.0,0.0,0.0,0.0,0.0,0.0,0.0,0.0,0.06535795,0.934642,0.0
9,11,0.0,0.0,0.0,0.0,0.0,0.0,0.0,0.0,0.0,0.0,0.06535795,0.934642,0.0
9,11,0.0,0.0,0.0,0.0,0.0,0.0,0.0,0.0,0.0,0.0,0.06535795,0.934642,0.0
9,11,0.0,0.0,0.0,0.0,0.0,0.0,0.0,0.0,0.0,0.0,0.06535795,0.934642,0.0
9,11,0.0,0.0,0.0,0.0,0.0,0.0,0.0,0.0,0.0,0.0,0.06535795,0.934642,0.0
9,11,0.0,0.0,0.0,0.0,0.0,0.0,0.0,0.0,0.0,0.0,0.06535795,0.934642,0.0
9,11,0.0,0.0,0.0,0.0,0.0,0.0,0.0,0.0,0.0,0.0,0.06535795,0.934642,0.0
9,11,0.0,0.0,0.0,0.0,0.0,0.0,0.0,0.0,0.0,0.0,0.06535795,0.934642,0.0
9,11,0.0,0.0,0.0,0.0,0.0,0.0,0.0,0.0,0.0,0.0,0.06535795,0.934642,0.0
9,11,0.0,0.0,0.0,0.0,0.0,0.0,0.0,0.0,0.0,0.0,0.06535795,0.934642,0.0
9,11,0.0,0.0,0.0,0.0,0.0,0.0,0.0,0.0,0.0,0.0,0.06535795,0.934642,0.0
9,11,0.0,0.0,0.0,0.0,0.0,0.0,0.0,0.0,0.0,0.0,0.06535795,0.934642,0.0
9,11,0.0,0.0,0.0,0.0,0.0,0.0,0.0,0.0,0.0,0.0,0.06535795,0.934642,0.0
9,11,0.0,0.0,0.0,0.0,0.0,0.0,0.0,0.0,0.0,0.0,0.06535795,0.934642,0.0
9,11,0.0,0.0,0.0,0.0,0.0,0.0,0.0,0.0,0.0,0.0,0.06535795,0.934642,0.0
9,11,0.0,0.0,0.0,0.0,0.0,0.0,0.0,0.0,0.0,0.0,0.06535795,0.934642,0.0
9,11,0.0,0.0,0.0,0.0,0.0,0.0,0.0,0.0,0.0,0.0,0.06535795,0.934642,0.0
9,11,0.0,0.0,0.0,0.0,0.0,0.0,0.0,0.0,0.0,0.0,0.06535795,0.934642,0.0
9,11,0.0,0.0,0.0,0.0,0.0,0.0,0.0,0.0,0.0,0.0,0.06535795,0.934642,0.0
9,11,0.0,0.0,0.0,0.0,0.0,0.0,0.0,0.0,0.0,0.0,0.06535795,0.934642,0.0
9,11,0.0,0.0,0.0,0.0,0.0,0.0,0.0,0.0,0.0,0.0,0.06535795,0.934642,0.0
9,11,0.0,0.0,0.0,0.0,0.0,0.0,0.0,0.0,0.0,0.0,0.06535795,0.934642,0.0
9,11,0.0,0.0,0.0,0.0,0.0,0.0,0.0,0.0,0.0,0.0,0.06535795,0.934642,0.0
9,11,0.0,0.0,0.0,0.0,0.0,0.0,0.0,0.0,0.0,0.0,0.06535795,0.934642,0.0
9,11,0.0,0.0,0.0,0.0,0.0,0.0,0.0,0.0,0.0,0.0,0.06535795,0.934642,0.0
9,11,0.0,0.0,0.0,0.0,0.0,0.0,0.0,0.0,0.0,0.0,0.06535795,0.934642,0.0
9,11,0.0,0.0,0.0,0.0,0.0,0.0,0.0,0.0,0.0,0.0,0.06535795,0.934642,0.0
9,11,0.0,0.0,0.0,0.0,0.0,0.0,0.0,0.0,0.0,0.0,0.06535795,0.934642,0.0
9,11,0.0,0.0,0.0,0.0,0.0,0.0,0.0,0.0,0.0,0.0,0.06535795,0.934642,0.0
9,11,0.0,0.0,0.0,0.0,0.0,0.0,0.0,0.0,0.0,0.0,0.06535795,0.934642,0.0
9,11,0.0,0.0,0.0,0.0,0.0,0.0,0.0,0.0,0.0,0.0,0.06535795,0.934642,0.0
9,11,0.0,0.0,0.0,0.0,0.0,0.0,0.0,0.0,0.0,0.0,0.06535795,0.934642,0.0
9,11,0.0,0.0,0.0,0.0,0.0,0.0,0.0,0.0,0.0,0.0,0.06535795,0.934642,0.0
9,11,0.0,0.0,0.0,0.0,0.0,0.0,0.0,0.0,0.0,0.0,0.06535795,0.934642,0.0
9,11,0.0,0.0,0.0,0.0,0.0,0.0,0.0,0.0,0.0,0.0,0.06535795,0.934642,0.0
9,11,0.0,0.0,0.0,0.0,0.0,0.0,0.0,0.0,0.0,0.0,0.06535795,0.934642,0.0
9,11,0.0,0.0,0.0,0.0,0.0,0.0,0.0,0.0,0.0,0.0,0.06535795,0.934642,0.0
9,11,0.0,0.0,0.0,0.0,0.0,0.0,0.0,0.0,0.0,0.0,0.06535795,0.934642,0.0
9,11,0.0,0.0,0.0,0.0,0.0,0.0,0.0,0.0,0.0,0.0,0.06535795,0.934642,0.0
9,11,0.0,0.0,0.0,0.0,0.0,0.0,0.0,0.0,0.0,0.0,0.06535795,0.934642,0.0
9,11,0.0,0.0,0.0,0.0,0.0,0.0,0.0,0.0,0.0,0.0,0.06535795,0.934642,0.0
9,11,0.0,0.0,0.0,0.0,0.0,0.0,0.0,0.0,0.0,0.0,0.06535795,0.934642,0.0
9,11,0.0,0.0,0.0,0.0,0.0,0.0,0.0,0.0,0.0,0.0,0.06535795,0.934642,0.0
9,11,0.0,0.0,0.0,0.0,0.0,0.0,0.0,0.0,0.0,0.0,0.06535795,0.934642,0.0
9,11,0.0,0.0,0.0,0.0,0.0,0.0,0.0,0.0,0.0,0.0,0.06535795,0.934642,0.0
9,11,0.0,0.0,0.0,0.0,0.0,0.0,0.0,0.0,0.0,0.0,0.06535795,0.934642,0.0
9,11,0.0,0.0,0.0,0.0,0.0,0.0,0.0,0.0,0.0,0.0,0.06535795,0.934642,0.0
9,11,0.0,0.0,0.0,0.0,0.0,0.0,0.0,0.0,0.0,0.0,0.06535795,0.934642,0.0
9,11,0.0,0.0,0.0,0.0,0.0,0.0,0.0,0.0,0.0,0.0,0.06535795,0.934642,0.0
9,11,0.0,0.0,0.0,0.0,0.0,0.0,0.0,0.0,0.0,0.0,0.06535795,0.934642,0.0
9,11,0.0,0.0,0.0,0.0,0.0,0.0,0.0,0.0,0.0,0.0,0.06535795,0.934642,0.0
9,11,0.0,0.0,0.0,0.0,0.0,0.0,0.0,0.0,0.0,0.0,0.06535795,0.934642,0.0
9,11,0.0,0.0,0.0,0.0,0.0,0.0,0.0,0.0,0.0,0.0,0.06535795,0.934642,0.0
9,11,0.0,0.0,0.0,0.0,0.0,0.0,0.0,0.0,0.0,0.0,0.06535795,0.934642,0.0
9,11,0.0,0.0,0.0,0.0,0.0,0.0,0.0,0.0,0.0,0.0,0.06535795,0.934642,0.0
9,11,0.0,0.0,0.0,0.0,0.0,0.0,0.0,0.0,0.0,0.0,0.06535795,0.934642,0.0
9,11,0.0,0.0,0.0,0.0,0.0,0.0,0.0,0.0,0.0,0.0,0.06535795,0.934642,0.0
9,11,0.0,0.0,0.0,0.0,0.0,0.0,0.0,0.0,0.0,0.0,0.06535795,0.934642,0.0
9,11,0.0,0.0,0.0,0.0,0.0,0.0,0.0,0.0,0.0,0.0,0.06535795,0.934642,0.0
9,11,0.0,0.0,0.0,0.0,0.0,0.0,0.0,0.0,0.0,0.0,0.06535795,0.934642,0.0
9,11,0.0,0.0,0.0,0.0,0.0,0.0,0.0,0.0,0.0,0.0,0.06535795,0.934642,0.0
9,11,0.0,0.0,0.0,0.0,0.0,0.0,0.0,0.0,0.0,0.0,0.06535795,0.934642,0.0
9,11,0.0,0.0,0.0,0.0,0.0,0.0,0.0,0.0,0.0,0.0,0.06535795,0.934642,0.0
9,11,0.0,0.0,0.0,0.0,0.0,0.0,0.0,0.0,0.0,0.0,0.06535795,0.934642,0.0
9,11,0.0,0.0,0.0,0.0,0.0,0.0,0.0,0.0,0.0,0.0,0.06535795,0.934642,0.0
9,11,0.0,0.0,0.0,0.0,0.0,0.0,0.0,0.0,0.0,0.0,0.06535795,0.934642,0.0
9,11,0.0,0.0,0.0,0.0,0.0,0.0,0.0,0.0,0.0,0.0,0.06535795,0.934642,0.0
9,11,0.0,0.0,0.0,0.0,0.0,0.0,0.0,0.0,0.0,0.0,0.06535795,0.934642,0.0
9,11,0.0,0.0,0.0,0.0,0.0,0.0,0.0,0.0,0.0,0.0,0.06535795,0.934642,0.0
9,11,0.0,0.0,0.0,0.0,0.0,0.0,0.0,0.0,0.0,0.0,0.06535795,0.934642,0.0
9,11,0.0,0.0,0.0,0.0,0.0,0.0,0.0,0.0,0.0,0.0,0.06535795,0.934642,0.0
9,11,0.0,0.0,0.0,0.0,0.0,0.0,0.0,0.0,0.0,0.0,0.06535795,0.934642,0.0
9,11,0.0,0.0,0.0,0.0,0.0,0.0,0.0,0.0,0.0,0.0,0.06535795,0.934642,0.0
9,11,0.0,0.0,0.0,0.0,0.0,0.0,0.0,0.0,0.0,0.0,0.06535795,0.934642,0.0
9,11,0.0,0.0,0.0,0.0,0.0,0.0,0.0,0.0,0.0,0.0,0.06535795,0.934642,0.0
9,11,0.0,0.0,0.0,0.0,0.0,0.0,0.0,0.0,0.0,0.0,0.06535795,0.934642,0.0
9,11,0.0,0.0,0.0,0.0,0.0,0.0,0.0,0.0,0.0,0.0,0.06535795,0.934642,0.0
9,11,0.0,0.0,0.0,0.0,0.0,0.0,0.0,0.0,0.0,0.0,0.06535795,0.934642,0.0
9,11,0.0,0.0,0.0,0.0,0.0,0.0,0.0,0.0,0.0,0.0,0.06535795,0.934642,0.0
9,11,0.0,0.0,0.0,0.0,0.0,0.0,0.0,0.0,0.0,0.0,0.06535795,0.934642,0.0
9,11,0.0,0.0,0.0,0.0,0.0,0.0,0.0,0.0,0.0,0.0,0.06535795,0.934642,0.0
9,11,0.0,0.0,0.0,0.0,0.0,0.0,0.0,0.0,0.0,0.0,0.06535795,0.934642,0.0
9,11,0.0,0.0,0.0,0.0,0.0,0.0,0.0,0.0,0.0,0.0,0.06535795,0.934642,0.0
9,11,0.0,0.0,0.0,0.0,0.0,0.0,0.0,0.0,0.0,0.0,0.06535795,0.934642,0.0
9,11,0.0,0.0,0.0,0.0,0.0,0.0,0.0,0.0,0.0,0.0,0.06535795,0.934642,0.0
9,11,0.0,0.0,0.0,0.0,0.0,0.0,0.0,0.0,0.0,0.0,0.06535795,0.934642,0.0
9,11,0.0,0.0,0.0,0.0,0.0,0.0,0.0,0.0,0.0,0.0,0.06535795,0.934642,0.0
9,11,0.0,0.0,0.0,0.0,0.0,0.0,0.0,0.0,0.0,0.0,0.06535795,0.934642,0.0
9,11,0.0,0.0,0.0,0.0,0.0,0.0,0.0,0.0,0.0,0.0,0.06535795,0.934642,0.0
9,11,0.0,0.0,0.0,0.0,0.0,0.0,0.0,0.0,0.0,0.0,0.06535795,0.934642,0.0
9,11,0.0,0.0,0.0,0.0,0.0,0.0,0.0,0.0,0.0,0.0,0.06535795,0.934642,0.0
9,11,0.0,0.0,0.0,0.0,0.0,0.0,0.0,0.0,0.0,0.0,0.06535795,0.934642,0.0
9,11,0.0,0.0,0.0,0.0,0.0,0.0,0.0,0.0,0.0,0.0,0.06535795,0.934642,0.0
9,11,0.0,0.0,0.0,0.0,0.0,0.0,0.0,0.0,0.0,0.0,0.06535795,0.934642,0.0
9,11,0.0,0.0,0.0,0.0,0.0,0.0,0.0,0.0,0.0,0.0,0.06535795,0.934642,0.0
9,11,0.0,0.0,0.0,0.0,0.0,0.0,0.0,0.0,0.0,0.0,0.06535795,0.934642,0.0
9,11,0.0,0.0,0.0,0.0,0.0,0.0,0.0,0.0,0.0,0.0,0.06535795,0.934642,0.0
9,11,0.0,0.0,0.0,0.0,0.0,0.0,0.0,0.0,0.0,0.0,0.06535795,0.934642,0.0
9,11,0.0,0.0,0.0,0.0,0.0,0.0,0.0,0.0,0.0,0.0,0.06535795,0.934642,0.0
9,11,0.0,0.0,0.0,0.0,0.0,0.0,0.0,0.0,0.0,0.0,0.06535795,0.934642,0.0
9,11,0.0,0.0,0.0,0.0,0.0,0.0,0.0,0.0,0.0,0.0,0.06535795,0.934642,0.0
9,11,0.0,0.0,0.0,0.0,0.0,0.0,0.0,0.0,0.0,0.0,0.06535795,0.934642,0.0
9,11,0.0,0.0,0.0,0.0,0.0,0.0,0.0,0.0,0.0,0.0,0.06535795,0.934642,0.0
9,11,0.0,0.0,0.0,0.0,0.0,0.0,0.0,0.0,0.0,0.0,0.06535795,0.934642,0.0
9,11,0.0,0.0,0.0,0.0,0.0,0.0,0.0,0.0,0.0,0.0,0.06535795,0.934642,0.0
9,11,0.0,0.0,0.0,0.0,0.0,0.0,0.0,0.0,0.0,0.0,0.06535795,0.934642,0.0
9,11,0.0,0.0,0.0,0.0,0.0,0.0,0.0,0.0,0.0,0.0,0.06535795,0.934642,0.0
9,11,0.0,0.0,0.0,0.0,0.0,0.0,0.0,0.0,0.0,0.0,0.06535795,0.934642,0.0
9,11,0.0,0.0,0.0,0.0,0.0,0.0,0.0,0.0,0.0,0.0,0.06535795,0.934642,0.0
9,11,0.0,0.0,0.0,0.0,0.0,0.0,0.0,0.0,0.0,0.0,0.06535795,0.934642,0.0
9,11,0.0,0.0,0.0,0.0,0.0,0.0,0.0,0.0,0.0,0.0,0.06535795,0.934642,0.0
9,11,0.0,0.0,0.0,0.0,0.0,0.0,0.0,0.0,0.0,0.0,0.06535795,0.934642,0.0
9,11,0.0,0.0,0.0,0.0,0.0,0.0,0.0,0.0,0.0,0.0,0.06535795,0.934642,0.0
9,11,0.0,0.0,0.0,0.0,0.0,0.0,0.0,0.0,0.0,0.0,0.06535795,0.934642,0.0
9,11,0.0,0.0,0.0,0.0,0.0,0.0,0.0,0.0,0.0,0.0,0.06535795,0.934642,0.0
9,11,0.0,0.0,0.0,0.0,0.0,0.0,0.0,0.0,0.0,0.0,0.06535795,0.934642,0.0
9,11,0.0,0.0,0.0,0.0,0.0,0.0,0.0,0.0,0.0,0.0,0.06535795,0.934642,0.0
9,11,0.0,0.0,0.0,0.0,0.0,0.0,0.0,0.0,0.0,0.0,0.06535795,0.934642,0.0
9,11,0.0,0.0,0.0,0.0,0.0,0.0,0.0,0.0,0.0,0.0,0.06535795,0.934642,0.0
9,11,0.0,0.0,0.0,0.0,0.0,0.0,0.0,0.0,0.0,0.0,0.06535795,0.934642,0.0
9,11,0.0,0.0,0.0,0.0,0.0,0.0,0.0,0.0,0.0,0.0,0.06535795,0.934642,0.0
9,11,0.0,0.0,0.0,0.0,0.0,0.0,0.0,0.0,0.0,0.0,0.06535795,0.934642,0.0
9,11,0.0,0.0,0.0,0.0,0.0,0.0,0.0,0.0,0.0,0.0,0.06535795,0.934642,0.0
9,11,0.0,0.0,0.0,0.0,0.0,0.0,0.0,0.0,0.0,0.0,0.06535795,0.934642,0.0
9,11,0.0,0.0,0.0,0.0,0.0,0.0,0.0,0.0,0.0,0.0,0.06535795,0.934642,0.0
9,11,0.0,0.0,0.0,0.0,0.0,0.0,0.0,0.0,0.0,0.0,0.06535795,0.934642,0.0
9,11,0.0,0.0,0.0,0.0,0.0,0.0,0.0,0.0,0.0,0.0,0.06535795,0.934642,0.0
9,11,0.0,0.0,0.0,0.0,0.0,0.0,0.0,0.0,0.0,0.0,0.06535795,0.934642,0.0
9,11,0.0,0.0,0.0,0.0,0.0,0.0,0.0,0.0,0.0,0.0,0.06535795,0.934642,0.0
9,11,0.0,0.0,0.0,0.0,0.0,0.0,0.0,0.0,0.0,0.0,0.06535795,0.934642,0.0
9,11,0.0,0.0,0.0,0.0,0.0,0.0,0.0,0.0,0.0,0.0,0.06535795,0.934642,0.0
9,11,0.0,0.0,0.0,0.0,0.0,0.0,0.0,0.0,0.0,0.0,0.06535795,0.934642,0.0
9,11,0.0,0.0,0.0,0.0,0.0,0.0,0.0,0.0,0.0,0.0,0.06535795,0.934642,0.0
9,11,0.0,0.0,0.0,0.0,0.0,0.0,0.0,0.0,0.0,0.0,0.06535795,0.934642,0.0
9,11,0.0,0.0,0.0,0.0,0.0,0.0,0.0,0.0,0.0,0.0,0.06535795,0.934642,0.0
9,11,0.0,0.0,0.0,0.0,0.0,0.0,0.0,0.0,0.0,0.0,0.06535795,0.934642,0.0
9,11,0.0,0.0,0.0,0.0,0.0,0.0,0.0,0.0,0.0,0.0,0.06535795,0.934642,0.0
9,11,0.0,0.0,0.0,0.0,0.0,0.0,0.0,0.0,0.0,0.0,0.06535795,0.934642,0.0
9,11,0.0,0.0,0.0,0.0,0.0,0.0,0.0,0.0,0.0,0.0,0.06535795,0.934642,0.0
9,11,0.0,0.0,0.0,0.0,0.0,0.0,0.0,0.0,0.0,0.0,0.06535795,0.934642,0.0
9,11,0.0,0.0,0.0,0.0,0.0,0.0,0.0,0.0,0.0,0.0,0.06535795,0.934642,0.0
9,11,0.0,0.0,0.0,0.0,0.0,0.0,0.0,0.0,0.0,0.0,0.06535795,0.934642,0.0
9,11,0.0,0.0,0.0,0.0,0.0,0.0,0.0,0.0,0.0,0.0,0.06535795,0.934642,0.0
9,11,0.0,0.0,0.0,0.0,0.0,0.0,0.0,0.0,0.0,0.0,0.06535795,0.934642,0.0
9,11,0.0,0.0,0.0,0.0,0.0,0.0,0.0,0.0,0.0,0.0,0.06535795,0.934642,0.0
9,11,0.0,0.0,0.0,0.0,0.0,0.0,0.0,0.0,0.0,0.0,0.06535795,0.934642,0.0
9,11,0.0,0.0,0.0,0.0,0.0,0.0,0.0,0.0,0.0,0.0,0.06535795,0.934642,0.0
9,11,0.0,0.0,0.0,0.0,0.0,0.0,0.0,0.0,0.0,0.0,0.06535795,0.934642,0.0
9,11,0.0,0.0,0.0,0.0,0.0,0.0,0.0,0.0,0.0,0.0,0.06535795,0.934642,0.0
9,11,0.0,0.0,0.0,0.0,0.0,0.0,0.0,0.0,0.0,0.0,0.06535795,0.934642,0.0
9,11,0.0,0.0,0.0,0.0,0.0,0.0,0.0,0.0,0.0,0.0,0.06535795,0.934642,0.0
9,11,0.0,0.0,0.0,0.0,0.0,0.0,0.0,0.0,0.0,0.0,0.06535795,0.934642,0.0
9,11,0.0,0.0,0.0,0.0,0.0,0.0,0.0,0.0,0.0,0.0,0.06535795,0.934642,0.0
9,11,0.0,0.0,0.0,0.0,0.0,0.0,0.0,0.0,0.0,0.0,0.06535795,0.934642,0.0
9,11,0.0,0.0,0.0,0.0,0.0,0.0,0.0,0.0,0.0,0.0,0.06535795,0.934642,0.0
9,11,0.0,0.0,0.0,0.0,0.0,0.0,0.0,0.0,0.0,0.0,0.06535795,0.934642,0.0
9,11,0.0,0.0,0.0,0.0,0.0,0.0,0.0,0.0,0.0,0.0,0.06535795,0.934642,0.0
9,11,0.0,0.0,0.0,0.0,0.0,0.0,0.0,0.0,0.0,0.0,0.06535795,0.934642,0.0
9,11,0.0,0.0,0.0,0.0,0.0,0.0,0.0,0.0,0.0,0.0,0.06535795,0.934642,0.0
9,11,0.0,0.0,0.0,0.0,0.0,0.0,0.0,0.0,0.0,0.0,0.06535795,0.934642,0.0
9,11,0.0,0.0,0.0,0.0,0.0,0.0,0.0,0.0,0.0,0.0,0.06535795,0.934642,0.0
9,11,0.0,0.0,0.0,0.0,0.0,0.0,0.0,0.0,0.0,0.0,0.06535795,0.934642,0.0
9,11,0.0,0.0,0.0,0.0,0.0,0.0,0.0,0.0,0.0,0.0,0.06535795,0.934642,0.0
9,11,0.0,0.0,0.0,0.0,0.0,0.0,0.0,0.0,0.0,0.0,0.06535795,0.934642,0.0
9,11,0.0,0.0,0.0,0.0,0.0,0.0,0.0,0.0,0.0,0.0,0.06535795,0.934642,0.0
9,11,0.0,0.0,0.0,0.0,0.0,0.0,0.0,0.0,0.0,0.0,0.06535795,0.934642,0.0
9,11,0.0,0.0,0.0,0.0,0.0,0.0,0.0,0.0,0.0,0.0,0.06535795,0.934642,0.0
9,11,0.0,0.0,0.0,0.0,0.0,0.0,0.0,0.0,0.0,0.0,0.06535795,0.934642,0.0
9,11,0.0,0.0,0.0,0.0,0.0,0.0,0.0,0.0,0.0,0.0,0.06535795,0.934642,0.0
9,11,0.0,0.0,0.0,0.0,0.0,0.0,0.0,0.0,0.0,0.0,0.06535795,0.934642,0.0
9,11,0.0,0.0,0.0,0.0,0.0,0.0,0.0,0.0,0.0,0.0,0.06535795,0.934642,0.0
9,11,0.0,0.0,0.0,0.0,0.0,0.0,0.0,0.0,0.0,0.0,0.06535795,0.934642,0.0
9,11,0.0,0.0,0.0,0.0,0.0,0.0,0.0,0.0,0.0,0.0,0.06535795,0.934642,0.0
9,11,0.0,0.0,0.0,0.0,0.0,0.0,0.0,0.0,0.0,0.0,0.06535795,0.934642,0.0
9,11,0.0,0.0,0.0,0.0,0.0,0.0,0.0,0.0,0.0,0.0,0.06535795,0.934642,0.0
9,11,0.0,0.0,0.0,0.0,0.0,0.0,0.0,0.0,0.0,0.0,0.06535795,0.934642,0.0
9,11,0.0,0.0,0.0,0.0,0.0,0.0,0.0,0.0,0.0,0.0,0.06535795,0.934642,0.0
9,11,0.0,0.0,0.0,0.0,0.0,0.0,0.0,0.0,0.0,0.0,0.06535795,0.934642,0.0
9,11,0.0,0.0,0.0,0.0,0.0,0.0,0.0,0.0,0.0,0.0,0.06535795,0.934642,0.0
9,11,0.0,0.0,0.0,0.0,0.0,0.0,0.0,0.0,0.0,0.0,0.06535795,0.934642,0.0
9,11,0.0,0.0,0.0,0.0,0.0,0.0,0.0,0.0,0.0,0.0,0.06535795,0.934642,0.0
9,11,0.0,0.0,0.0,0.0,0.0,0.0,0.0,0.0,0.0,0.0,0.06535795,0.934642,0.0
9,11,0.0,0.0,0.0,0.0,0.0,0.0,0.0,0.0,0.0,0.0,0.06535795,0.934642,0.0
9,11,0.0,0.0,0.0,0.0,0.0,0.0,0.0,0.0,0.0,0.0,0.06535795,0.934642,0.0
9,11,0.0,0.0,0.0,0.0,0.0,0.0,0.0,0.0,0.0,0.0,0.06535795,0.934642,0.0
9,11,0.0,0.0,0.0,0.0,0.0,0.0,0.0,0.0,0.0,0.0,0.06535795,0.934642,0.0
9,11,0.0,0.0,0.0,0.0,0.0,0.0,0.0,0.0,0.0,0.0,0.06535795,0.934642,0.0
9,11,0.0,0.0,0.0,0.0,0.0,0.0,0.0,0.0,0.0,0.0,0.06535795,0.934642,0.0
9,11,0.0,0.0,0.0,0.0,0.0,0.0,0.0,0.0,0.0,0.0,0.06535795,0.934642,0.0
9,11,0.0,0.0,0.0,0.0,0.0,0.0,0.0,0.0,0.0,0.0,0.06535795,0.934642,0.0
9,11,0.0,0.0,0.0,0.0,0.0,0.0,0.0,0.0,0.0,0.0,0.06535795,0.934642,0.0
9,11,0.0,0.0,0.0,0.0,0.0,0.0,0.0,0.0,0.0,0.0,0.06535795,0.934642,0.0
9,11,0.0,0.0,0.0,0.0,0.0,0.0,0.0,0.0,0.0,0.0,0.06535795,0.934642,0.0
9,11,0.0,0.0,0.0,0.0,0.0,0.0,0.0,0.0,0.0,0.0,0.06535795,0.934642,0.0
9,11,0.0,0.0,0.0,0.0,0.0,0.0,0.0,0.0,0.0,0.0,0.06535795,0.934642,0.0
9,11,0.0,0.0,0.0,0.0,0.0,0.0,0.0,0.0,0.0,0.0,0.06535795,0.934642,0.0
9,11,0.0,0.0,0.0,0.0,0.0,0.0,0.0,0.0,0.0,0.0,0.06535795,0.934642,0.0
9,11,0.0,0.0,0.0,0.0,0.0,0.0,0.0,0.0,0.0,0.0,0.06535795,0.934642,0.0
9,11,0.0,0.0,0.0,0.0,0.0,0.0,0.0,0.0,0.0,0.0,0.06535795,0.934642,0.0
9,11,0.0,0.0,0.0,0.0,0.0,0.0,0.0,0.0,0.0,0.0,0.06535795,0.934642,0.0
9,11,0.0,0.0,0.0,0.0,0.0,0.0,0.0,0.0,0.0,0.0,0.06535795,0.934642,0.0
9,11,0.0,0.0,0.0,0.0,0.0,0.0,0.0,0.0,0.0,0.0,0.06535795,0.934642,0.0
9,11,0.0,0.0,0.0,0.0,0.0,0.0,0.0,0.0,0.0,0.0,0.06535795,0.934642,0.0
9,11,0.0,0.0,0.0,0.0,0.0,0.0,0.0,0.0,0.0,0.0,0.06535795,0.934642,0.0
9,11,0.0,0.0,0.0,0.0,0.0,0.0,0.0,0.0,0.0,0.0,0.06535795,0.934642,0.0
9,11,0.0,0.0,0.0,0.0,0.0,0.0,0.0,0.0,0.0,0.0,0.06535795,0.934642,0.0
9,11,0.0,0.0,0.0,0.0,0.0,0.0,0.0,0.0,0.0,0.0,0.06535795,0.934642,0.0
9,11,0.0,0.0,0.0,0.0,0.0,0.0,0.0,0.0,0.0,0.0,0.06535795,0.934642,0.0
9,11,0.0,0.0,0.0,0.0,0.0,0.0,0.0,0.0,0.0,0.0,0.06535795,0.934642,0.0
9,11,0.0,0.0,0.0,0.0,0.0,0.0,0.0,0.0,0.0,0.0,0.06535795,0.934642,0.0
9,11,0.0,0.0,0.0,0.0,0.0,0.0,0.0,0.0,0.0,0.0,0.06535795,0.934642,0.0
9,11,0.0,0.0,0.0,0.0,0.0,0.0,0.0,0.0,0.0,0.0,0.06535795,0.934642,0.0
9,11,0.0,0.0,0.0,0.0,0.0,0.0,0.0,0.0,0.0,0.0,0.06535795,0.934642,0.0
9,11,0.0,0.0,0.0,0.0,0.0,0.0,0.0,0.0,0.0,0.0,0.06535795,0.934642,0.0
9,11,0.0,0.0,0.0,0.0,0.0,0.0,0.0,0.0,0.0,0.0,0.06535795,0.934642,0.0
9,11,0.0,0.0,0.0,0.0,0.0,0.0,0.0,0.0,0.0,0.0,0.06535795,0.934642,0.0
9,11,0.0,0.0,0.0,0.0,0.0,0.0,0.0,0.0,0.0,0.0,0.06535795,0.934642,0.0
9,11,0.0,0.0,0.0,0.0,0.0,0.0,0.0,0.0,0.0,0.0,0.06535795,0.934642,0.0
9,11,0.0,0.0,0.0,0.0,0.0,0.0,0.0,0.0,0.0,0.0,0.06535795,0.934642,0.0
9,11,0.0,0.0,0.0,0.0,0.0,0.0,0.0,0.0,0.0,0.0,0.06535795,0.934642,0.0
9,11,0.0,0.0,0.0,0.0,0.0,0.0,0.0,0.0,0.0,0.0,0.06535795,0.934642,0.0
9,11,0.0,0.0,0.0,0.0,0.0,0.0,0.0,0.0,0.0,0.0,0.06535795,0.934642,0.0
9,11,0.0,0.0,0.0,0.0,0.0,0.0,0.0,0.0,0.0,0.0,0.06535795,0.934642,0.0
9,11,0.0,0.0,0.0,0.0,0.0,0.0,0.0,0.0,0.0,0.0,0.06535795,0.934642,0.0
9,11,0.0,0.0,0.0,0.0,0.0,0.0,0.0,0.0,0.0,0.0,0.06535795,0.934642,0.0
9,11,0.0,0.0,0.0,0.0,0.0,0.0,0.0,0.0,0.0,0.0,0.06535795,0.934642,0.0
9,11,0.0,0.0,0.0,0.0,0.0,0.0,0.0,0.0,0.0,0.0,0.06535795,0.934642,0.0
9,11,0.0,0.0,0.0,0.0,0.0,0.0,0.0,0.0,0.0,0.0,0.06535795,0.934642,0.0
9,11,0.0,0.0,0.0,0.0,0.0,0.0,0.0,0.0,0.0,0.0,0.06535795,0.934642,0.0
9,11,0.0,0.0,0.0,0.0,0.0,0.0,0.0,0.0,0.0,0.0,0.06535795,0.934642,0.0
9,11,0.0,0.0,0.0,0.0,0.0,0.0,0.0,0.0,0.0,0.0,0.06535795,0.934642,0.0
9,11,0.0,0.0,0.0,0.0,0.0,0.0,0.0,0.0,0.0,0.0,0.06535795,0.934642,0.0
9,11,0.0,0.0,0.0,0.0,0.0,0.0,0.0,0.0,0.0,0.0,0.06535795,0.934642,0.0
9,11,0.0,0.0,0.0,0.0,0.0,0.0,0.0,0.0,0.0,0.0,0.06535795,0.934642,0.0
9,11,0.0,0.0,0.0,0.0,0.0,0.0,0.0,0.0,0.0,0.0,0.06535795,0.934642,0.0
9,11,0.0,0.0,0.0,0.0,0.0,0.0,0.0,0.0,0.0,0.0,0.06535795,0.934642,0.0
9,11,0.0,0.0,0.0,0.0,0.0,0.0,0.0,0.0,0.0,0.0,0.06535795,0.934642,0.0
9,11,0.0,0.0,0.0,0.0,0.0,0.0,0.0,0.0,0.0,0.0,0.06535795,0.934642,0.0
9,11,0.0,0.0,0.0,0.0,0.0,0.0,0.0,0.0,0.0,0.0,0.06535795,0.934642,0.0
9,11,0.0,0.0,0.0,0.0,0.0,0.0,0.0,0.0,0.0,0.0,0.06535795,0.934642,0.0
9,11,0.0,0.0,0.0,0.0,0.0,0.0,0.0,0.0,0.0,0.0,0.06535795,0.934642,0.0
9,11,0.0,0.0,0.0,0.0,0.0,0.0,0.0,0.0,0.0,0.0,0.06535795,0.934642,0.0
9,11,0.0,0.0,0.0,0.0,0.0,0.0,0.0,0.0,0.0,0.0,0.06535795,0.934642,0.0
9,11,0.0,0.0,0.0,0.0,0.0,0.0,0.0,0.0,0.0,0.0,0.06535795,0.934642,0.0
9,11,0.0,0.0,0.0,0.0,0.0,0.0,0.0,0.0,0.0,0.0,0.06535795,0.934642,0.0
9,11,0.0,0.0,0.0,0.0,0.0,0.0,0.0,0.0,0.0,0.0,0.06535795,0.934642,0.0
9,11,0.0,0.0,0.0,0.0,0.0,0.0,0.0,0.0,0.0,0.0,0.06535795,0.934642,0.0
9,11,0.0,0.0,0.0,0.0,0.0,0.0,0.0,0.0,0.0,0.0,0.06535795,0.934642,0.0
9,11,0.0,0.0,0.0,0.0,0.0,0.0,0.0,0.0,0.0,0.0,0.06535795,0.934642,0.0
9,11,0.0,0.0,0.0,0.0,0.0,0.0,0.0,0.0,0.0,0.0,0.06535795,0.934642,0.0
9,11,0.0,0.0,0.0,0.0,0.0,0.0,0.0,0.0,0.0,0.0,0.06535795,0.934642,0.0
9,11,0.0,0.0,0.0,0.0,0.0,0.0,0.0,0.0,0.0,0.0,0.06535795,0.934642,0.0
9,11,0.0,0.0,0.0,0.0,0.0,0.0,0.0,0.0,0.0,0.0,0.06535795,0.934642,0.0
9,11,0.0,0.0,0.0,0.0,0.0,0.0,0.0,0.0,0.0,0.0,0.06535795,0.934642,0.0
9,11,0.0,0.0,0.0,0.0,0.0,0.0,0.0,0.0,0.0,0.0,0.06535795,0.934642,0.0
9,11,0.0,0.0,0.0,0.0,0.0,0.0,0.0,0.0,0.0,0.0,0.06535795,0.934642,0.0
9,11,0.0,0.0,0.0,0.0,0.0,0.0,0.0,0.0,0.0,0.0,0.06535795,0.934642,0.0
9,11,0.0,0.0,0.0,0.0,0.0,0.0,0.0,0.0,0.0,0.0,0.06535795,0.934642,0.0
9,11,0.0,0.0,0.0,0.0,0.0,0.0,0.0,0.0,0.0,0.0,0.06535795,0.934642,0.0
9,11,0.0,0.0,0.0,0.0,0.0,0.0,0.0,0.0,0.0,0.0,0.06535795,0.934642,0.0
9,11,0.0,0.0,0.0,0.0,0.0,0.0,0.0,0.0,0.0,0.0,0.06535795,0.934642,0.0
9,11,0.0,0.0,0.0,0.0,0.0,0.0,0.0,0.0,0.0,0.0,0.06535795,0.934642,0.0
9,11,0.0,0.0,0.0,0.0,0.0,0.0,0.0,0.0,0.0,0.0,0.06535795,0.934642,0.0
9,11,0.0,0.0,0.0,0.0,0.0,0.0,0.0,0.0,0.0,0.0,0.06535795,0.934642,0.0
9,11,0.0,0.0,0.0,0.0,0.0,0.0,0.0,0.0,0.0,0.0,0.06535795,0.934642,0.0
9,11,0.0,0.0,0.0,0.0,0.0,0.0,0.0,0.0,0.0,0.0,0.06535795,0.934642,0.0
9,11,0.0,0.0,0.0,0.0,0.0,0.0,0.0,0.0,0.0,0.0,0.06535795,0.934642,0.0
9,11,0.0,0.0,0.0,0.0,0.0,0.0,0.0,0.0,0.0,0.0,0.06535795,0.934642,0.0
9,11,0.0,0.0,0.0,0.0,0.0,0.0,0.0,0.0,0.0,0.0,0.06535795,0.934642,0.0
9,11,0.0,0.0,0.0,0.0,0.0,0.0,0.0,0.0,0.0,0.0,0.06535795,0.934642,0.0
9,11,0.0,0.0,0.0,0.0,0.0,0.0,0.0,0.0,0.0,0.0,0.06535795,0.934642,0.0
9,11,0.0,0.0,0.0,0.0,0.0,0.0,0.0,0.0,0.0,0.0,0.06535795,0.934642,0.0
9,11,0.0,0.0,0.0,0.0,0.0,0.0,0.0,0.0,0.0,0.0,0.06535795,0.934642,0.0
9,11,0.0,0.0,0.0,0.0,0.0,0.0,0.0,0.0,0.0,0.0,0.06535795,0.934642,0.0
9,11,0.0,0.0,0.0,0.0,0.0,0.0,0.0,0.0,0.0,0.0,0.06535795,0.934642,0.0
9,11,0.0,0.0,0.0,0.0,0.0,0.0,0.0,0.0,0.0,0.0,0.06535795,0.934642,0.0
9,11,0.0,0.0,0.0,0.0,0.0,0.0,0.0,0.0,0.0,0.0,0.06535795,0.934642,0.0
9,11,0.0,0.0,0.0,0.0,0.0,0.0,0.0,0.0,0.0,0.0,0.06535795,0.934642,0.0
9,11,0.0,0.0,0.0,0.0,0.0,0.0,0.0,0.0,0.0,0.0,0.06535795,0.934642,0.0
9,11,0.0,0.0,0.0,0.0,0.0,0.0,0.0,0.0,0.0,0.0,0.06535795,0.934642,0.0
9,11,0.0,0.0,0.0,0.0,0.0,0.0,0.0,0.0,0.0,0.0,0.06535795,0.934642,0.0
9,11,0.0,0.0,0.0,0.0,0.0,0.0,0.0,0.0,0.0,0.0,0.06535795,0.934642,0.0
9,11,0.0,0.0,0.0,0.0,0.0,0.0,0.0,0.0,0.0,0.0,0.06535795,0.934642,0.0
9,11,0.0,0.0,0.0,0.0,0.0,0.0,0.0,0.0,0.0,0.0,0.06535795,0.934642,0.0
9,11,0.0,0.0,0.0,0.0,0.0,0.0,0.0,0.0,0.0,0.0,0.06535795,0.934642,0.0
9,11,0.0,0.0,0.0,0.0,0.0,0.0,0.0,0.0,0.0,0.0,0.06535795,0.934642,0.0
9,11,0.0,0.0,0.0,0.0,0.0,0.0,0.0,0.0,0.0,0.0,0.06535795,0.934642,0.0
9,11,0.0,0.0,0.0,0.0,0.0,0.0,0.0,0.0,0.0,0.0,0.06535795,0.934642,0.0
9,11,0.0,0.0,0.0,0.0,0.0,0.0,0.0,0.0,0.0,0.0,0.06535795,0.934642,0.0
9,11,0.0,0.0,0.0,0.0,0.0,0.0,0.0,0.0,0.0,0.0,0.06535795,0.934642,0.0
9,11,0.0,0.0,0.0,0.0,0.0,0.0,0.0,0.0,0.0,0.0,0.06535795,0.934642,0.0
9,11,0.0,0.0,0.0,0.0,0.0,0.0,0.0,0.0,0.0,0.0,0.06535795,0.934642,0.0
9,11,0.0,0.0,0.0,0.0,0.0,0.0,0.0,0.0,0.0,0.0,0.06535795,0.934642,0.0
9,11,0.0,0.0,0.0,0.0,0.0,0.0,0.0,0.0,0.0,0.0,0.06535795,0.934642,0.0
9,11,0.0,0.0,0.0,0.0,0.0,0.0,0.0,0.0,0.0,0.0,0.06535795,0.934642,0.0
9,11,0.0,0.0,0.0,0.0,0.0,0.0,0.0,0.0,0.0,0.0,0.06535795,0.934642,0.0
9,11,0.0,0.0,0.0,0.0,0.0,0.0,0.0,0.0,0.0,0.0,0.06535795,0.934642,0.0
9,11,0.0,0.0,0.0,0.0,0.0,0.0,0.0,0.0,0.0,0.0,0.06535795,0.934642,0.0
9,11,0.0,0.0,0.0,0.0,0.0,0.0,0.0,0.0,0.0,0.0,0.06535795,0.934642,0.0
9,11,0.0,0.0,0.0,0.0,0.0,0.0,0.0,0.0,0.0,0.0,0.06535795,0.934642,0.0
9,11,0.0,0.0,0.0,0.0,0.0,0.0,0.0,0.0,0.0,0.0,0.06535795,0.934642,0.0
9,11,0.0,0.0,0.0,0.0,0.0,0.0,0.0,0.0,0.0,0.0,0.06535795,0.934642,0.0
9,11,0.0,0.0,0.0,0.0,0.0,0.0,0.0,0.0,0.0,0.0,0.06535795,0.934642,0.0
9,11,0.0,0.0,0.0,0.0,0.0,0.0,0.0,0.0,0.0,0.0,0.06535795,0.934642,0.0
9,11,0.0,0.0,0.0,0.0,0.0,0.0,0.0,0.0,0.0,0.0,0.06535795,0.934642,0.0
9,11,0.0,0.0,0.0,0.0,0.0,0.0,0.0,0.0,0.0,0.0,0.06535795,0.934642,0.0
9,11,0.0,0.0,0.0,0.0,0.0,0.0,0.0,0.0,0.0,0.0,0.06535795,0.934642,0.0
9,11,0.0,0.0,0.0,0.0,0.0,0.0,0.0,0.0,0.0,0.0,0.06535795,0.934642,0.0
9,11,0.0,0.0,0.0,0.0,0.0,0.0,0.0,0.0,0.0,0.0,0.06535795,0.934642,0.0
9,11,0.0,0.0,0.0,0.0,0.0,0.0,0.0,0.0,0.0,0.0,0.06535795,0.934642,0.0
9,11,0.0,0.0,0.0,0.0,0.0,0.0,0.0,0.0,0.0,0.0,0.06535795,0.934642,0.0
9,11,0.0,0.0,0.0,0.0,0.0,0.0,0.0,0.0,0.0,0.0,0.06535795,0.934642,0.0
9,11,0.0,0.0,0.0,0.0,0.0,0.0,0.0,0.0,0.0,0.0,0.06535795,0.934642,0.0
9,11,0.0,0.0,0.0,0.0,0.0,0.0,0.0,0.0,0.0,0.0,0.06535795,0.934642,0.0
9,11,0.0,0.0,0.0,0.0,0.0,0.0,0.0,0.0,0.0,0.0,0.06535795,0.934642,0.0
9,11,0.0,0.0,0.0,0.0,0.0,0.0,0.0,0.0,0.0,0.0,0.06535795,0.934642,0.0
9,11,0.0,0.0,0.0,0.0,0.0,0.0,0.0,0.0,0.0,0.0,0.06535795,0.934642,0.0
9,11,0.0,0.0,0.0,0.0,0.0,0.0,0.0,0.0,0.0,0.0,0.06535795,0.934642,0.0
9,11,0.0,0.0,0.0,0.0,0.0,0.0,0.0,0.0,0.0,0.0,0.06535795,0.934642,0.0
9,11,0.0,0.0,0.0,0.0,0.0,0.0,0.0,0.0,0.0,0.0,0.06535795,0.934642,0.0
9,11,0.0,0.0,0.0,0.0,0.0,0.0,0.0,0.0,0.0,0.0,0.06535795,0.934642,0.0
9,11,0.0,0.0,0.0,0.0,0.0,0.0,0.0,0.0,0.0,0.0,0.06535795,0.934642,0.0
9,11,0.0,0.0,0.0,0.0,0.0,0.0,0.0,0.0,0.0,0.0,0.06535795,0.934642,0.0
9,11,0.0,0.0,0.0,0.0,0.0,0.0,0.0,0.0,0.0,0.0,0.06535795,0.934642,0.0
9,11,0.0,0.0,0.0,0.0,0.0,0.0,0.0,0.0,0.0,0.0,0.06535795,0.934642,0.0
9,11,0.0,0.0,0.0,0.0,0.0,0.0,0.0,0.0,0.0,0.0,0.06535795,0.934642,0.0
9,11,0.0,0.0,0.0,0.0,0.0,0.0,0.0,0.0,0.0,0.0,0.06535795,0.934642,0.0
9,11,0.0,0.0,0.0,0.0,0.0,0.0,0.0,0.0,0.0,0.0,0.06535795,0.934642,0.0
9,11,0.0,0.0,0.0,0.0,0.0,0.0,0.0,0.0,0.0,0.0,0.06535795,0.934642,0.0
9,11,0.0,0.0,0.0,0.0,0.0,0.0,0.0,0.0,0.0,0.0,0.06535795,0.934642,0.0
9,11,0.0,0.0,0.0,0.0,0.0,0.0,0.0,0.0,0.0,0.0,0.06535795,0.934642,0.0
9,11,0.0,0.0,0.0,0.0,0.0,0.0,0.0,0.0,0.0,0.0,0.06535795,0.934642,0.0
9,11,0.0,0.0,0.0,0.0,0.0,0.0,0.0,0.0,0.0,0.0,0.06535795,0.934642,0.0
9,11,0.0,0.0,0.0,0.0,0.0,0.0,0.0,0.0,0.0,0.0,0.06535795,0.934642,0.0
9,11,0.0,0.0,0.0,0.0,0.0,0.0,0.0,0.0,0.0,0.0,0.06535795,0.934642,0.0
9,11,0.0,0.0,0.0,0.0,0.0,0.0,0.0,0.0,0.0,0.0,0.06535795,0.934642,0.0
9,11,0.0,0.0,0.0,0.0,0.0,0.0,0.0,0.0,0.0,0.0,0.06535795,0.934642,0.0
9,11,0.0,0.0,0.0,0.0,0.0,0.0,0.0,0.0,0.0,0.0,0.06535795,0.934642,0.0
9,11,0.0,0.0,0.0,0.0,0.0,0.0,0.0,0.0,0.0,0.0,0.06535795,0.934642,0.0
9,11,0.0,0.0,0.0,0.0,0.0,0.0,0.0,0.0,0.0,0.0,0.06535795,0.934642,0.0
9,11,0.0,0.0,0.0,0.0,0.0,0.0,0.0,0.0,0.0,0.0,0.06535795,0.934642,0.0
9,11,0.0,0.0,0.0,0.0,0.0,0.0,0.0,0.0,0.0,0.0,0.06535795,0.934642,0.0
9,11,0.0,0.0,0.0,0.0,0.0,0.0,0.0,0.0,0.0,0.0,0.06535795,0.934642,0.0
9,11,0.0,0.0,0.0,0.0,0.0,0.0,0.0,0.0,0.0,0.0,0.06535795,0.934642,0.0
9,11,0.0,0.0,0.0,0.0,0.0,0.0,0.0,0.0,0.0,0.0,0.06535795,0.934642,0.0
9,11,0.0,0.0,0.0,0.0,0.0,0.0,0.0,0.0,0.0,0.0,0.06535795,0.934642,0.0
9,11,0.0,0.0,0.0,0.0,0.0,0.0,0.0,0.0,0.0,0.0,0.06535795,0.934642,0.0
9,11,0.0,0.0,0.0,0.0,0.0,0.0,0.0,0.0,0.0,0.0,0.06535795,0.934642,0.0
9,11,0.0,0.0,0.0,0.0,0.0,0.0,0.0,0.0,0.0,0.0,0.06535795,0.934642,0.0
9,11,0.0,0.0,0.0,0.0,0.0,0.0,0.0,0.0,0.0,0.0,0.06535795,0.934642,0.0
9,11,0.0,0.0,0.0,0.0,0.0,0.0,0.0,0.0,0.0,0.0,0.06535795,0.934642,0.0
9,11,0.0,0.0,0.0,0.0,0.0,0.0,0.0,0.0,0.0,0.0,0.06535795,0.934642,0.0
9,11,0.0,0.0,0.0,0.0,0.0,0.0,0.0,0.0,0.0,0.0,0.06535795,0.934642,0.0
9,11,0.0,0.0,0.0,0.0,0.0,0.0,0.0,0.0,0.0,0.0,0.06535795,0.934642,0.0
9,11,0.0,0.0,0.0,0.0,0.0,0.0,0.0,0.0,0.0,0.0,0.06535795,0.934642,0.0
9,11,0.0,0.0,0.0,0.0,0.0,0.0,0.0,0.0,0.0,0.0,0.06535795,0.934642,0.0
9,11,0.0,0.0,0.0,0.0,0.0,0.0,0.0,0.0,0.0,0.0,0.06535795,0.934642,0.0
9,11,0.0,0.0,0.0,0.0,0.0,0.0,0.0,0.0,0.0,0.0,0.06535795,0.934642,0.0
9,11,0.0,0.0,0.0,0.0,0.0,0.0,0.0,0.0,0.0,0.0,0.06535795,0.934642,0.0
9,11,0.0,0.0,0.0,0.0,0.0,0.0,0.0,0.0,0.0,0.0,0.06535795,0.934642,0.0
9,11,0.0,0.0,0.0,0.0,0.0,0.0,0.0,0.0,0.0,0.0,0.06535795,0.934642,0.0
9,11,0.0,0.0,0.0,0.0,0.0,0.0,0.0,0.0,0.0,0.0,0.06535795,0.934642,0.0
9,11,0.0,0.0,0.0,0.0,0.0,0.0,0.0,0.0,0.0,0.0,0.06535795,0.934642,0.0
9,11,0.0,0.0,0.0,0.0,0.0,0.0,0.0,0.0,0.0,0.0,0.06535795,0.934642,0.0
9,11,0.0,0.0,0.0,0.0,0.0,0.0,0.0,0.0,0.0,0.0,0.06535795,0.934642,0.0
9,11,0.0,0.0,0.0,0.0,0.0,0.0,0.0,0.0,0.0,0.0,0.06535795,0.934642,0.0
9,11,0.0,0.0,0.0,0.0,0.0,0.0,0.0,0.0,0.0,0.0,0.06535795,0.934642,0.0
9,11,0.0,0.0,0.0,0.0,0.0,0.0,0.0,0.0,0.0,0.0,0.06535795,0.934642,0.0
9,11,0.0,0.0,0.0,0.0,0.0,0.0,0.0,0.0,0.0,0.0,0.06535795,0.934642,0.0
9,11,0.0,0.0,0.0,0.0,0.0,0.0,0.0,0.0,0.0,0.0,0.06535795,0.934642,0.0
9,11,0.0,0.0,0.0,0.0,0.0,0.0,0.0,0.0,0.0,0.0,0.06535795,0.934642,0.0
9,11,0.0,0.0,0.0,0.0,0.0,0.0,0.0,0.0,0.0,0.0,0.06535795,0.934642,0.0
9,11,0.0,0.0,0.0,0.0,0.0,0.0,0.0,0.0,0.0,0.0,0.06535795,0.934642,0.0
9,11,0.0,0.0,0.0,0.0,0.0,0.0,0.0,0.0,0.0,0.0,0.06535795,0.934642,0.0
9,11,0.0,0.0,0.0,0.0,0.0,0.0,0.0,0.0,0.0,0.0,0.06535795,0.934642,0.0
9,11,0.0,0.0,0.0,0.0,0.0,0.0,0.0,0.0,0.0,0.0,0.06535795,0.934642,0.0
9,11,0.0,0.0,0.0,0.0,0.0,0.0,0.0,0.0,0.0,0.0,0.06535795,0.934642,0.0
9,11,0.0,0.0,0.0,0.0,0.0,0.0,0.0,0.0,0.0,0.0,0.06535795,0.934642,0.0
9,11,0.0,0.0,0.0,0.0,0.0,0.0,0.0,0.0,0.0,0.0,0.06535795,0.934642,0.0
9,11,0.0,0.0,0.0,0.0,0.0,0.0,0.0,0.0,0.0,0.0,0.06535795,0.934642,0.0
9,11,0.0,0.0,0.0,0.0,0.0,0.0,0.0,0.0,0.0,0.0,0.06535795,0.934642,0.0
9,11,0.0,0.0,0.0,0.0,0.0,0.0,0.0,0.0,0.0,0.0,0.06535795,0.934642,0.0
9,11,0.0,0.0,0.0,0.0,0.0,0.0,0.0,0.0,0.0,0.0,0.06535795,0.934642,0.0
9,11,0.0,0.0,0.0,0.0,0.0,0.0,0.0,0.0,0.0,0.0,0.06535795,0.934642,0.0
9,11,0.0,0.0,0.0,0.0,0.0,0.0,0.0,0.0,0.0,0.0,0.06535795,0.934642,0.0
9,11,0.0,0.0,0.0,0.0,0.0,0.0,0.0,0.0,0.0,0.0,0.06535795,0.934642,0.0
9,11,0.0,0.0,0.0,0.0,0.0,0.0,0.0,0.0,0.0,0.0,0.06535795,0.934642,0.0
9,11,0.0,0.0,0.0,0.0,0.0,0.0,0.0,0.0,0.0,0.0,0.06535795,0.934642,0.0
9,11,0.0,0.0,0.0,0.0,0.0,0.0,0.0,0.0,0.0,0.0,0.06535795,0.934642,0.0
9,11,0.0,0.0,0.0,0.0,0.0,0.0,0.0,0.0,0.0,0.0,0.06535795,0.934642,0.0
9,11,0.0,0.0,0.0,0.0,0.0,0.0,0.0,0.0,0.0,0.0,0.06535795,0.934642,0.0
9,11,0.0,0.0,0.0,0.0,0.0,0.0,0.0,0.0,0.0,0.0,0.06535795,0.934642,0.0
9,11,0.0,0.0,0.0,0.0,0.0,0.0,0.0,0.0,0.0,0.0,0.06535795,0.934642,0.0
9,11,0.0,0.0,0.0,0.0,0.0,0.0,0.0,0.0,0.0,0.0,0.06535795,0.934642,0.0
9,11,0.0,0.0,0.0,0.0,0.0,0.0,0.0,0.0,0.0,0.0,0.06535795,0.934642,0.0
9,11,0.0,0.0,0.0,0.0,0.0,0.0,0.0,0.0,0.0,0.0,0.06535795,0.934642,0.0
9,11,0.0,0.0,0.0,0.0,0.0,0.0,0.0,0.0,0.0,0.0,0.06535795,0.934642,0.0
9,11,0.0,0.0,0.0,0.0,0.0,0.0,0.0,0.0,0.0,0.0,0.06535795,0.934642,0.0
9,11,0.0,0.0,0.0,0.0,0.0,0.0,0.0,0.0,0.0,0.0,0.06535795,0.934642,0.0
9,11,0.0,0.0,0.0,0.0,0.0,0.0,0.0,0.0,0.0,0.0,0.06535795,0.934642,0.0
9,11,0.0,0.0,0.0,0.0,0.0,0.0,0.0,0.0,0.0,0.0,0.06535795,0.934642,0.0
9,11,0.0,0.0,0.0,0.0,0.0,0.0,0.0,0.0,0.0,0.0,0.06535795,0.934642,0.0
9,11,0.0,0.0,0.0,0.0,0.0,0.0,0.0,0.0,0.0,0.0,0.06535795,0.934642,0.0
9,11,0.0,0.0,0.0,0.0,0.0,0.0,0.0,0.0,0.0,0.0,0.06535795,0.934642,0.0
9,11,0.0,0.0,0.0,0.0,0.0,0.0,0.0,0.0,0.0,0.0,0.06535795,0.934642,0.0
9,11,0.0,0.0,0.0,0.0,0.0,0.0,0.0,0.0,0.0,0.0,0.06535795,0.934642,0.0
9,11,0.0,0.0,0.0,0.0,0.0,0.0,0.0,0.0,0.0,0.0,0.06535795,0.934642,0.0
9,11,0.0,0.0,0.0,0.0,0.0,0.0,0.0,0.0,0.0,0.0,0.06535795,0.934642,0.0
9,11,0.0,0.0,0.0,0.0,0.0,0.0,0.0,0.0,0.0,0.0,0.06535795,0.934642,0.0
9,11,0.0,0.0,0.0,0.0,0.0,0.0,0.0,0.0,0.0,0.0,0.06535795,0.934642,0.0
9,11,0.0,0.0,0.0,0.0,0.0,0.0,0.0,0.0,0.0,0.0,0.06535795,0.934642,0.0
9,11,0.0,0.0,0.0,0.0,0.0,0.0,0.0,0.0,0.0,0.0,0.06535795,0.934642,0.0
9,11,0.0,0.0,0.0,0.0,0.0,0.0,0.0,0.0,0.0,0.0,0.06535795,0.934642,0.0
9,11,0.0,0.0,0.0,0.0,0.0,0.0,0.0,0.0,0.0,0.0,0.06535795,0.934642,0.0
9,11,0.0,0.0,0.0,0.0,0.0,0.0,0.0,0.0,0.0,0.0,0.06535795,0.934642,0.0
9,11,0.0,0.0,0.0,0.0,0.0,0.0,0.0,0.0,0.0,0.0,0.06535795,0.934642,0.0
9,11,0.0,0.0,0.0,0.0,0.0,0.0,0.0,0.0,0.0,0.0,0.06535795,0.934642,0.0
9,11,0.0,0.0,0.0,0.0,0.0,0.0,0.0,0.0,0.0,0.0,0.06535795,0.934642,0.0
9,11,0.0,0.0,0.0,0.0,0.0,0.0,0.0,0.0,0.0,0.0,0.06535795,0.934642,0.0
9,11,0.0,0.0,0.0,0.0,0.0,0.0,0.0,0.0,0.0,0.0,0.06535795,0.934642,0.0
9,11,0.0,0.0,0.0,0.0,0.0,0.0,0.0,0.0,0.0,0.0,0.06535795,0.934642,0.0
9,11,0.0,0.0,0.0,0.0,0.0,0.0,0.0,0.0,0.0,0.0,0.06535795,0.934642,0.0
9,11,0.0,0.0,0.0,0.0,0.0,0.0,0.0,0.0,0.0,0.0,0.06535795,0.934642,0.0
9,11,0.0,0.0,0.0,0.0,0.0,0.0,0.0,0.0,0.0,0.0,0.06535795,0.934642,0.0
9,11,0.0,0.0,0.0,0.0,0.0,0.0,0.0,0.0,0.0,0.0,0.06535795,0.934642,0.0
9,11,0.0,0.0,0.0,0.0,0.0,0.0,0.0,0.0,0.0,0.0,0.06535795,0.934642,0.0
9,11,0.0,0.0,0.0,0.0,0.0,0.0,0.0,0.0,0.0,0.0,0.06535795,0.934642,0.0
9,11,0.0,0.0,0.0,0.0,0.0,0.0,0.0,0.0,0.0,0.0,0.06535795,0.934642,0.0
9,11,0.0,0.0,0.0,0.0,0.0,0.0,0.0,0.0,0.0,0.0,0.06535795,0.934642,0.0
9,11,0.0,0.0,0.0,0.0,0.0,0.0,0.0,0.0,0.0,0.0,0.06535795,0.934642,0.0
9,11,0.0,0.0,0.0,0.0,0.0,0.0,0.0,0.0,0.0,0.0,0.06535795,0.934642,0.0
9,11,0.0,0.0,0.0,0.0,0.0,0.0,0.0,0.0,0.0,0.0,0.06535795,0.934642,0.0
9,11,0.0,0.0,0.0,0.0,0.0,0.0,0.0,0.0,0.0,0.0,0.06535795,0.934642,0.0
9,11,0.0,0.0,0.0,0.0,0.0,0.0,0.0,0.0,0.0,0.0,0.06535795,0.934642,0.0
9,11,0.0,0.0,0.0,0.0,0.0,0.0,0.0,0.0,0.0,0.0,0.06535795,0.934642,0.0
9,11,0.0,0.0,0.0,0.0,0.0,0.0,0.0,0.0,0.0,0.0,0.06535795,0.934642,0.0
9,11,0.0,0.0,0.0,0.0,0.0,0.0,0.0,0.0,0.0,0.0,0.06535795,0.934642,0.0
9,11,0.0,0.0,0.0,0.0,0.0,0.0,0.0,0.0,0.0,0.0,0.06535795,0.934642,0.0
9,11,0.0,0.0,0.0,0.0,0.0,0.0,0.0,0.0,0.0,0.0,0.06535795,0.934642,0.0
9,11,0.0,0.0,0.0,0.0,0.0,0.0,0.0,0.0,0.0,0.0,0.06535795,0.934642,0.0
9,11,0.0,0.0,0.0,0.0,0.0,0.0,0.0,0.0,0.0,0.0,0.06535795,0.934642,0.0
9,11,0.0,0.0,0.0,0.0,0.0,0.0,0.0,0.0,0.0,0.0,0.06535795,0.934642,0.0
9,11,0.0,0.0,0.0,0.0,0.0,0.0,0.0,0.0,0.0,0.0,0.06535795,0.934642,0.0
9,11,0.0,0.0,0.0,0.0,0.0,0.0,0.0,0.0,0.0,0.0,0.06535795,0.934642,0.0
9,11,0.0,0.0,0.0,0.0,0.0,0.0,0.0,0.0,0.0,0.0,0.06535795,0.934642,0.0
9,11,0.0,0.0,0.0,0.0,0.0,0.0,0.0,0.0,0.0,0.0,0.06535795,0.934642,0.0
9,11,0.0,0.0,0.0,0.0,0.0,0.0,0.0,0.0,0.0,0.0,0.06535795,0.934642,0.0
9,11,0.0,0.0,0.0,0.0,0.0,0.0,0.0,0.0,0.0,0.0,0.06535795,0.934642,0.0
9,11,0.0,0.0,0.0,0.0,0.0,0.0,0.0,0.0,0.0,0.0,0.06535795,0.934642,0.0
9,11,0.0,0.0,0.0,0.0,0.0,0.0,0.0,0.0,0.0,0.0,0.06535795,0.934642,0.0
9,11,0.0,0.0,0.0,0.0,0.0,0.0,0.0,0.0,0.0,0.0,0.06535795,0.934642,0.0
9,11,0.0,0.0,0.0,0.0,0.0,0.0,0.0,0.0,0.0,0.0,0.06535795,0.934642,0.0
9,11,0.0,0.0,0.0,0.0,0.0,0.0,0.0,0.0,0.0,0.0,0.06535795,0.934642,0.0
9,11,0.0,0.0,0.0,0.0,0.0,0.0,0.0,0.0,0.0,0.0,0.06535795,0.934642,0.0
9,11,0.0,0.0,0.0,0.0,0.0,0.0,0.0,0.0,0.0,0.0,0.06535795,0.934642,0.0
9,11,0.0,0.0,0.0,0.0,0.0,0.0,0.0,0.0,0.0,0.0,0.06535795,0.934642,0.0
9,11,0.0,0.0,0.0,0.0,0.0,0.0,0.0,0.0,0.0,0.0,0.06535795,0.934642,0.0
9,11,0.0,0.0,0.0,0.0,0.0,0.0,0.0,0.0,0.0,0.0,0.06535795,0.934642,0.0
9,11,0.0,0.0,0.0,0.0,0.0,0.0,0.0,0.0,0.0,0.0,0.06535795,0.934642,0.0
9,11,0.0,0.0,0.0,0.0,0.0,0.0,0.0,0.0,0.0,0.0,0.06535795,0.934642,0.0
9,11,0.0,0.0,0.0,0.0,0.0,0.0,0.0,0.0,0.0,0.0,0.06535795,0.934642,0.0
9,11,0.0,0.0,0.0,0.0,0.0,0.0,0.0,0.0,0.0,0.0,0.06535795,0.934642,0.0
9,11,0.0,0.0,0.0,0.0,0.0,0.0,0.0,0.0,0.0,0.0,0.06535795,0.934642,0.0
9,11,0.0,0.0,0.0,0.0,0.0,0.0,0.0,0.0,0.0,0.0,0.06535795,0.934642,0.0
9,11,0.0,0.0,0.0,0.0,0.0,0.0,0.0,0.0,0.0,0.0,0.06535795,0.934642,0.0
9,11,0.0,0.0,0.0,0.0,0.0,0.0,0.0,0.0,0.0,0.0,0.06535795,0.934642,0.0
9,11,0.0,0.0,0.0,0.0,0.0,0.0,0.0,0.0,0.0,0.0,0.06535795,0.934642,0.0
9,11,0.0,0.0,0.0,0.0,0.0,0.0,0.0,0.0,0.0,0.0,0.06535795,0.934642,0.0
9,11,0.0,0.0,0.0,0.0,0.0,0.0,0.0,0.0,0.0,0.0,0.06535795,0.934642,0.0
9,11,0.0,0.0,0.0,0.0,0.0,0.0,0.0,0.0,0.0,0.0,0.06535795,0.934642,0.0
9,11,0.0,0.0,0.0,0.0,0.0,0.0,0.0,0.0,0.0,0.0,0.06535795,0.934642,0.0
9,11,0.0,0.0,0.0,0.0,0.0,0.0,0.0,0.0,0.0,0.0,0.06535795,0.934642,0.0
9,11,0.0,0.0,0.0,0.0,0.0,0.0,0.0,0.0,0.0,0.0,0.06535795,0.934642,0.0
9,11,0.0,0.0,0.0,0.0,0.0,0.0,0.0,0.0,0.0,0.0,0.06535795,0.934642,0.0
9,11,0.0,0.0,0.0,0.0,0.0,0.0,0.0,0.0,0.0,0.0,0.06535795,0.934642,0.0
9,11,0.0,0.0,0.0,0.0,0.0,0.0,0.0,0.0,0.0,0.0,0.06535795,0.934642,0.0
9,11,0.0,0.0,0.0,0.0,0.0,0.0,0.0,0.0,0.0,0.0,0.06535795,0.934642,0.0
9,11,0.0,0.0,0.0,0.0,0.0,0.0,0.0,0.0,0.0,0.0,0.06535795,0.934642,0.0
9,11,0.0,0.0,0.0,0.0,0.0,0.0,0.0,0.0,0.0,0.0,0.06535795,0.934642,0.0
9,11,0.0,0.0,0.0,0.0,0.0,0.0,0.0,0.0,0.0,0.0,0.06535795,0.934642,0.0
9,11,0.0,0.0,0.0,0.0,0.0,0.0,0.0,0.0,0.0,0.0,0.06535795,0.934642,0.0
9,11,0.0,0.0,0.0,0.0,0.0,0.0,0.0,0.0,0.0,0.0,0.06535795,0.934642,0.0
9,11,0.0,0.0,0.0,0.0,0.0,0.0,0.0,0.0,0.0,0.0,0.06535795,0.934642,0.0
9,11,0.0,0.0,0.0,0.0,0.0,0.0,0.0,0.0,0.0,0.0,0.06535795,0.934642,0.0
9,11,0.0,0.0,0.0,0.0,0.0,0.0,0.0,0.0,0.0,0.0,0.06535795,0.934642,0.0
9,11,0.0,0.0,0.0,0.0,0.0,0.0,0.0,0.0,0.0,0.0,0.06535795,0.934642,0.0
9,11,0.0,0.0,0.0,0.0,0.0,0.0,0.0,0.0,0.0,0.0,0.06535795,0.934642,0.0
9,11,0.0,0.0,0.0,0.0,0.0,0.0,0.0,0.0,0.0,0.0,0.06535795,0.934642,0.0
9,11,0.0,0.0,0.0,0.0,0.0,0.0,0.0,0.0,0.0,0.0,0.06535795,0.934642,0.0
9,11,0.0,0.0,0.0,0.0,0.0,0.0,0.0,0.0,0.0,0.0,0.06535795,0.934642,0.0
9,11,0.0,0.0,0.0,0.0,0.0,0.0,0.0,0.0,0.0,0.0,0.06535795,0.934642,0.0
9,11,0.0,0.0,0.0,0.0,0.0,0.0,0.0,0.0,0.0,0.0,0.06535795,0.934642,0.0
9,11,0.0,0.0,0.0,0.0,0.0,0.0,0.0,0.0,0.0,0.0,0.06535795,0.934642,0.0
9,11,0.0,0.0,0.0,0.0,0.0,0.0,0.0,0.0,0.0,0.0,0.06535795,0.934642,0.0
9,11,0.0,0.0,0.0,0.0,0.0,0.0,0.0,0.0,0.0,0.0,0.06535795,0.934642,0.0
9,11,0.0,0.0,0.0,0.0,0.0,0.0,0.0,0.0,0.0,0.0,0.06535795,0.934642,0.0
9,11,0.0,0.0,0.0,0.0,0.0,0.0,0.0,0.0,0.0,0.0,0.06535795,0.934642,0.0
9,11,0.0,0.0,0.0,0.0,0.0,0.0,0.0,0.0,0.0,0.0,0.06535795,0.934642,0.0
9,11,0.0,0.0,0.0,0.0,0.0,0.0,0.0,0.0,0.0,0.0,0.06535795,0.934642,0.0
9,11,0.0,0.0,0.0,0.0,0.0,0.0,0.0,0.0,0.0,0.0,0.06535795,0.934642,0.0
9,11,0.0,0.0,0.0,0.0,0.0,0.0,0.0,0.0,0.0,0.0,0.06535795,0.934642,0.0
9,11,0.0,0.0,0.0,0.0,0.0,0.0,0.0,0.0,0.0,0.0,0.06535795,0.934642,0.0
9,11,0.0,0.0,0.0,0.0,0.0,0.0,0.0,0.0,0.0,0.0,0.06535795,0.934642,0.0
9,11,0.0,0.0,0.0,0.0,0.0,0.0,0.0,0.0,0.0,0.0,0.06535795,0.934642,0.0
9,11,0.0,0.0,0.0,0.0,0.0,0.0,0.0,0.0,0.0,0.0,0.06535795,0.934642,0.0
9,11,0.0,0.0,0.0,0.0,0.0,0.0,0.0,0.0,0.0,0.0,0.06535795,0.934642,0.0
9,11,0.0,0.0,0.0,0.0,0.0,0.0,0.0,0.0,0.0,0.0,0.06535795,0.934642,0.0
9,11,0.0,0.0,0.0,0.0,0.0,0.0,0.0,0.0,0.0,0.0,0.06535795,0.934642,0.0
9,11,0.0,0.0,0.0,0.0,0.0,0.0,0.0,0.0,0.0,0.0,0.06535795,0.934642,0.0
9,11,0.0,0.0,0.0,0.0,0.0,0.0,0.0,0.0,0.0,0.0,0.06535795,0.934642,0.0
9,11,0.0,0.0,0.0,0.0,0.0,0.0,0.0,0.0,0.0,0.0,0.06535795,0.934642,0.0
9,11,0.0,0.0,0.0,0.0,0.0,0.0,0.0,0.0,0.0,0.0,0.06535795,0.934642,0.0
9,11,0.0,0.0,0.0,0.0,0.0,0.0,0.0,0.0,0.0,0.0,0.06535795,0.934642,0.0
9,11,0.0,0.0,0.0,0.0,0.0,0.0,0.0,0.0,0.0,0.0,0.06535795,0.934642,0.0
9,11,0.0,0.0,0.0,0.0,0.0,0.0,0.0,0.0,0.0,0.0,0.06535795,0.934642,0.0
9,11,0.0,0.0,0.0,0.0,0.0,0.0,0.0,0.0,0.0,0.0,0.06535795,0.934642,0.0
9,11,0.0,0.0,0.0,0.0,0.0,0.0,0.0,0.0,0.0,0.0,0.06535795,0.934642,0.0
9,11,0.0,0.0,0.0,0.0,0.0,0.0,0.0,0.0,0.0,0.0,0.06535795,0.934642,0.0
9,11,0.0,0.0,0.0,0.0,0.0,0.0,0.0,0.0,0.0,0.0,0.06535795,0.934642,0.0
9,11,0.0,0.0,0.0,0.0,0.0,0.0,0.0,0.0,0.0,0.0,0.06535795,0.934642,0.0
9,11,0.0,0.0,0.0,0.0,0.0,0.0,0.0,0.0,0.0,0.0,0.06535795,0.934642,0.0
9,11,0.0,0.0,0.0,0.0,0.0,0.0,0.0,0.0,0.0,0.0,0.06535795,0.934642,0.0
9,11,0.0,0.0,0.0,0.0,0.0,0.0,0.0,0.0,0.0,0.0,0.06535795,0.934642,0.0
9,11,0.0,0.0,0.0,0.0,0.0,0.0,0.0,0.0,0.0,0.0,0.06535795,0.934642,0.0
9,11,0.0,0.0,0.0,0.0,0.0,0.0,0.0,0.0,0.0,0.0,0.06535795,0.934642,0.0
9,11,0.0,0.0,0.0,0.0,0.0,0.0,0.0,0.0,0.0,0.0,0.06535795,0.934642,0.0
9,11,0.0,0.0,0.0,0.0,0.0,0.0,0.0,0.0,0.0,0.0,0.06535795,0.934642,0.0
9,11,0.0,0.0,0.0,0.0,0.0,0.0,0.0,0.0,0.0,0.0,0.06535795,0.934642,0.0
9,11,0.0,0.0,0.0,0.0,0.0,0.0,0.0,0.0,0.0,0.0,0.06535795,0.934642,0.0
9,11,0.0,0.0,0.0,0.0,0.0,0.0,0.0,0.0,0.0,0.0,0.06535795,0.934642,0.0
9,11,0.0,0.0,0.0,0.0,0.0,0.0,0.0,0.0,0.0,0.0,0.06535795,0.934642,0.0
9,11,0.0,0.0,0.0,0.0,0.0,0.0,0.0,0.0,0.0,0.0,0.06535795,0.934642,0.0
9,11,0.0,0.0,0.0,0.0,0.0,0.0,0.0,0.0,0.0,0.0,0.06535795,0.934642,0.0
9,11,0.0,0.0,0.0,0.0,0.0,0.0,0.0,0.0,0.0,0.0,0.06535795,0.934642,0.0
9,11,0.0,0.0,0.0,0.0,0.0,0.0,0.0,0.0,0.0,0.0,0.06535795,0.934642,0.0
9,11,0.0,0.0,0.0,0.0,0.0,0.0,0.0,0.0,0.0,0.0,0.06535795,0.934642,0.0
9,11,0.0,0.0,0.0,0.0,0.0,0.0,0.0,0.0,0.0,0.0,0.06535795,0.934642,0.0
9,11,0.0,0.0,0.0,0.0,0.0,0.0,0.0,0.0,0.0,0.0,0.06535795,0.934642,0.0
9,11,0.0,0.0,0.0,0.0,0.0,0.0,0.0,0.0,0.0,0.0,0.06535795,0.934642,0.0
9,11,0.0,0.0,0.0,0.0,0.0,0.0,0.0,0.0,0.0,0.0,0.06535795,0.934642,0.0
9,11,0.0,0.0,0.0,0.0,0.0,0.0,0.0,0.0,0.0,0.0,0.06535795,0.934642,0.0
9,11,0.0,0.0,0.0,0.0,0.0,0.0,0.0,0.0,0.0,0.0,0.06535795,0.934642,0.0
9,11,0.0,0.0,0.0,0.0,0.0,0.0,0.0,0.0,0.0,0.0,0.06535795,0.934642,0.0
9,11,0.0,0.0,0.0,0.0,0.0,0.0,0.0,0.0,0.0,0.0,0.06535795,0.934642,0.0
9,11,0.0,0.0,0.0,0.0,0.0,0.0,0.0,0.0,0.0,0.0,0.06535795,0.934642,0.0
9,11,0.0,0.0,0.0,0.0,0.0,0.0,0.0,0.0,0.0,0.0,0.06535795,0.934642,0.0
9,11,0.0,0.0,0.0,0.0,0.0,0.0,0.0,0.0,0.0,0.0,0.06535795,0.934642,0.0
9,11,0.0,0.0,0.0,0.0,0.0,0.0,0.0,0.0,0.0,0.0,0.06535795,0.934642,0.0
9,11,0.0,0.0,0.0,0.0,0.0,0.0,0.0,0.0,0.0,0.0,0.06535795,0.934642,0.0
9,11,0.0,0.0,0.0,0.0,0.0,0.0,0.0,0.0,0.0,0.0,0.06535795,0.934642,0.0
9,11,0.0,0.0,0.0,0.0,0.0,0.0,0.0,0.0,0.0,0.0,0.06535795,0.934642,0.0
9,11,0.0,0.0,0.0,0.0,0.0,0.0,0.0,0.0,0.0,0.0,0.06535795,0.934642,0.0
9,11,0.0,0.0,0.0,0.0,0.0,0.0,0.0,0.0,0.0,0.0,0.06535795,0.934642,0.0
9,11,0.0,0.0,0.0,0.0,0.0,0.0,0.0,0.0,0.0,0.0,0.06535795,0.934642,0.0
9,11,0.0,0.0,0.0,0.0,0.0,0.0,0.0,0.0,0.0,0.0,0.06535795,0.934642,0.0
9,11,0.0,0.0,0.0,0.0,0.0,0.0,0.0,0.0,0.0,0.0,0.06535795,0.934642,0.0
9,11,0.0,0.0,0.0,0.0,0.0,0.0,0.0,0.0,0.0,0.0,0.06535795,0.934642,0.0
9,11,0.0,0.0,0.0,0.0,0.0,0.0,0.0,0.0,0.0,0.0,0.06535795,0.934642,0.0
9,11,0.0,0.0,0.0,0.0,0.0,0.0,0.0,0.0,0.0,0.0,0.06535795,0.934642,0.0
9,11,0.0,0.0,0.0,0.0,0.0,0.0,0.0,0.0,0.0,0.0,0.06535795,0.934642,0.0
9,11,0.0,0.0,0.0,0.0,0.0,0.0,0.0,0.0,0.0,0.0,0.06535795,0.934642,0.0
9,11,0.0,0.0,0.0,0.0,0.0,0.0,0.0,0.0,0.0,0.0,0.06535795,0.934642,0.0
9,11,0.0,0.0,0.0,0.0,0.0,0.0,0.0,0.0,0.0,0.0,0.06535795,0.934642,0.0
9,11,0.0,0.0,0.0,0.0,0.0,0.0,0.0,0.0,0.0,0.0,0.06535795,0.934642,0.0
9,11,0.0,0.0,0.0,0.0,0.0,0.0,0.0,0.0,0.0,0.0,0.06535795,0.934642,0.0
9,11,0.0,0.0,0.0,0.0,0.0,0.0,0.0,0.0,0.0,0.0,0.06535795,0.934642,0.0
9,11,0.0,0.0,0.0,0.0,0.0,0.0,0.0,0.0,0.0,0.0,0.06535795,0.934642,0.0
9,11,0.0,0.0,0.0,0.0,0.0,0.0,0.0,0.0,0.0,0.0,0.06535795,0.934642,0.0
9,11,0.0,0.0,0.0,0.0,0.0,0.0,0.0,0.0,0.0,0.0,0.06535795,0.934642,0.0
9,11,0.0,0.0,0.0,0.0,0.0,0.0,0.0,0.0,0.0,0.0,0.06535795,0.934642,0.0
9,11,0.0,0.0,0.0,0.0,0.0,0.0,0.0,0.0,0.0,0.0,0.06535795,0.934642,0.0
9,11,0.0,0.0,0.0,0.0,0.0,0.0,0.0,0.0,0.0,0.0,0.06535795,0.934642,0.0
9,11,0.0,0.0,0.0,0.0,0.0,0.0,0.0,0.0,0.0,0.0,0.06535795,0.934642,0.0
9,11,0.0,0.0,0.0,0.0,0.0,0.0,0.0,0.0,0.0,0.0,0.06535795,0.934642,0.0
9,11,0.0,0.0,0.0,0.0,0.0,0.0,0.0,0.0,0.0,0.0,0.06535795,0.934642,0.0
9,11,0.0,0.0,0.0,0.0,0.0,0.0,0.0,0.0,0.0,0.0,0.06535795,0.934642,0.0
9,11,0.0,0.0,0.0,0.0,0.0,0.0,0.0,0.0,0.0,0.0,0.06535795,0.934642,0.0
9,11,0.0,0.0,0.0,0.0,0.0,0.0,0.0,0.0,0.0,0.0,0.06535795,0.934642,0.0
9,11,0.0,0.0,0.0,0.0,0.0,0.0,0.0,0.0,0.0,0.0,0.06535795,0.934642,0.0
9,11,0.0,0.0,0.0,0.0,0.0,0.0,0.0,0.0,0.0,0.0,0.06535795,0.934642,0.0
9,11,0.0,0.0,0.0,0.0,0.0,0.0,0.0,0.0,0.0,0.0,0.06535795,0.934642,0.0
9,11,0.0,0.0,0.0,0.0,0.0,0.0,0.0,0.0,0.0,0.0,0.06535795,0.934642,0.0
9,11,0.0,0.0,0.0,0.0,0.0,0.0,0.0,0.0,0.0,0.0,0.06535795,0.934642,0.0
9,11,0.0,0.0,0.0,0.0,0.0,0.0,0.0,0.0,0.0,0.0,0.06535795,0.934642,0.0
9,11,0.0,0.0,0.0,0.0,0.0,0.0,0.0,0.0,0.0,0.0,0.06535795,0.934642,0.0
9,11,0.0,0.0,0.0,0.0,0.0,0.0,0.0,0.0,0.0,0.0,0.06535795,0.934642,0.0
9,11,0.0,0.0,0.0,0.0,0.0,0.0,0.0,0.0,0.0,0.0,0.06535795,0.934642,0.0
9,11,0.0,0.0,0.0,0.0,0.0,0.0,0.0,0.0,0.0,0.0,0.06535795,0.934642,0.0
9,11,0.0,0.0,0.0,0.0,0.0,0.0,0.0,0.0,0.0,0.0,0.06535795,0.934642,0.0
9,11,0.0,0.0,0.0,0.0,0.0,0.0,0.0,0.0,0.0,0.0,0.06535795,0.934642,0.0
9,11,0.0,0.0,0.0,0.0,0.0,0.0,0.0,0.0,0.0,0.0,0.06535795,0.934642,0.0
9,11,0.0,0.0,0.0,0.0,0.0,0.0,0.0,0.0,0.0,0.0,0.06535795,0.934642,0.0
9,11,0.0,0.0,0.0,0.0,0.0,0.0,0.0,0.0,0.0,0.0,0.06535795,0.934642,0.0
9,11,0.0,0.0,0.0,0.0,0.0,0.0,0.0,0.0,0.0,0.0,0.06535795,0.934642,0.0
9,11,0.0,0.0,0.0,0.0,0.0,0.0,0.0,0.0,0.0,0.0,0.06535795,0.934642,0.0
9,11,0.0,0.0,0.0,0.0,0.0,0.0,0.0,0.0,0.0,0.0,0.06535795,0.934642,0.0
9,11,0.0,0.0,0.0,0.0,0.0,0.0,0.0,0.0,0.0,0.0,0.06535795,0.934642,0.0
9,11,0.0,0.0,0.0,0.0,0.0,0.0,0.0,0.0,0.0,0.0,0.06535795,0.934642,0.0
9,11,0.0,0.0,0.0,0.0,0.0,0.0,0.0,0.0,0.0,0.0,0.06535795,0.934642,0.0
9,11,0.0,0.0,0.0,0.0,0.0,0.0,0.0,0.0,0.0,0.0,0.06535795,0.934642,0.0
9,11,0.0,0.0,0.0,0.0,0.0,0.0,0.0,0.0,0.0,0.0,0.06535795,0.934642,0.0
9,11,0.0,0.0,0.0,0.0,0.0,0.0,0.0,0.0,0.0,0.0,0.06535795,0.934642,0.0
9,11,0.0,0.0,0.0,0.0,0.0,0.0,0.0,0.0,0.0,0.0,0.06535795,0.934642,0.0
9,11,0.0,0.0,0.0,0.0,0.0,0.0,0.0,0.0,0.0,0.0,0.06535795,0.934642,0.0
9,11,0.0,0.0,0.0,0.0,0.0,0.0,0.0,0.0,0.0,0.0,0.06535795,0.934642,0.0
9,11,0.0,0.0,0.0,0.0,0.0,0.0,0.0,0.0,0.0,0.0,0.06535795,0.934642,0.0
9,11,0.0,0.0,0.0,0.0,0.0,0.0,0.0,0.0,0.0,0.0,0.06535795,0.934642,0.0
9,11,0.0,0.0,0.0,0.0,0.0,0.0,0.0,0.0,0.0,0.0,0.06535795,0.934642,0.0
9,11,0.0,0.0,0.0,0.0,0.0,0.0,0.0,0.0,0.0,0.0,0.06535795,0.934642,0.0
9,11,0.0,0.0,0.0,0.0,0.0,0.0,0.0,0.0,0.0,0.0,0.06535795,0.934642,0.0
9,11,0.0,0.0,0.0,0.0,0.0,0.0,0.0,0.0,0.0,0.0,0.06535795,0.934642,0.0
9,11,0.0,0.0,0.0,0.0,0.0,0.0,0.0,0.0,0.0,0.0,0.06535795,0.934642,0.0
9,11,0.0,0.0,0.0,0.0,0.0,0.0,0.0,0.0,0.0,0.0,0.06535795,0.934642,0.0
9,11,0.0,0.0,0.0,0.0,0.0,0.0,0.0,0.0,0.0,0.0,0.06535795,0.934642,0.0
9,11,0.0,0.0,0.0,0.0,0.0,0.0,0.0,0.0,0.0,0.0,0.06535795,0.934642,0.0
9,11,0.0,0.0,0.0,0.0,0.0,0.0,0.0,0.0,0.0,0.0,0.06535795,0.934642,0.0
9,11,0.0,0.0,0.0,0.0,0.0,0.0,0.0,0.0,0.0,0.0,0.06535795,0.934642,0.0
9,11,0.0,0.0,0.0,0.0,0.0,0.0,0.0,0.0,0.0,0.0,0.06535795,0.934642,0.0
9,11,0.0,0.0,0.0,0.0,0.0,0.0,0.0,0.0,0.0,0.0,0.06535795,0.934642,0.0
9,11,0.0,0.0,0.0,0.0,0.0,0.0,0.0,0.0,0.0,0.0,0.06535795,0.934642,0.0
9,11,0.0,0.0,0.0,0.0,0.0,0.0,0.0,0.0,0.0,0.0,0.06535795,0.934642,0.0
9,11,0.0,0.0,0.0,0.0,0.0,0.0,0.0,0.0,0.0,0.0,0.06535795,0.934642,0.0
9,11,0.0,0.0,0.0,0.0,0.0,0.0,0.0,0.0,0.0,0.0,0.06535795,0.934642,0.0
9,11,0.0,0.0,0.0,0.0,0.0,0.0,0.0,0.0,0.0,0.0,0.06535795,0.934642,0.0
9,11,0.0,0.0,0.0,0.0,0.0,0.0,0.0,0.0,0.0,0.0,0.06535795,0.934642,0.0
9,11,0.0,0.0,0.0,0.0,0.0,0.0,0.0,0.0,0.0,0.0,0.06535795,0.934642,0.0
9,11,0.0,0.0,0.0,0.0,0.0,0.0,0.0,0.0,0.0,0.0,0.06535795,0.934642,0.0
9,11,0.0,0.0,0.0,0.0,0.0,0.0,0.0,0.0,0.0,0.0,0.06535795,0.934642,0.0
9,11,0.0,0.0,0.0,0.0,0.0,0.0,0.0,0.0,0.0,0.0,0.06535795,0.934642,0.0
9,11,0.0,0.0,0.0,0.0,0.0,0.0,0.0,0.0,0.0,0.0,0.06535795,0.934642,0.0
9,11,0.0,0.0,0.0,0.0,0.0,0.0,0.0,0.0,0.0,0.0,0.06535795,0.934642,0.0
9,11,0.0,0.0,0.0,0.0,0.0,0.0,0.0,0.0,0.0,0.0,0.06535795,0.934642,0.0
9,11,0.0,0.0,0.0,0.0,0.0,0.0,0.0,0.0,0.0,0.0,0.06535795,0.934642,0.0
9,11,0.0,0.0,0.0,0.0,0.0,0.0,0.0,0.0,0.0,0.0,0.06535795,0.934642,0.0
9,11,0.0,0.0,0.0,0.0,0.0,0.0,0.0,0.0,0.0,0.0,0.06535795,0.934642,0.0
9,11,0.0,0.0,0.0,0.0,0.0,0.0,0.0,0.0,0.0,0.0,0.06535795,0.934642,0.0
9,11,0.0,0.0,0.0,0.0,0.0,0.0,0.0,0.0,0.0,0.0,0.06535795,0.934642,0.0
9,11,0.0,0.0,0.0,0.0,0.0,0.0,0.0,0.0,0.0,0.0,0.06535795,0.934642,0.0
9,11,0.0,0.0,0.0,0.0,0.0,0.0,0.0,0.0,0.0,0.0,0.06535795,0.934642,0.0
9,11,0.0,0.0,0.0,0.0,0.0,0.0,0.0,0.0,0.0,0.0,0.06535795,0.934642,0.0
9,11,0.0,0.0,0.0,0.0,0.0,0.0,0.0,0.0,0.0,0.0,0.06535795,0.934642,0.0
9,11,0.0,0.0,0.0,0.0,0.0,0.0,0.0,0.0,0.0,0.0,0.06535795,0.934642,0.0
9,11,0.0,0.0,0.0,0.0,0.0,0.0,0.0,0.0,0.0,0.0,0.06535795,0.934642,0.0
9,11,0.0,0.0,0.0,0.0,0.0,0.0,0.0,0.0,0.0,0.0,0.06535795,0.934642,0.0
9,11,0.0,0.0,0.0,0.0,0.0,0.0,0.0,0.0,0.0,0.0,0.06535795,0.934642,0.0
9,11,0.0,0.0,0.0,0.0,0.0,0.0,0.0,0.0,0.0,0.0,0.06535795,0.934642,0.0
9,11,0.0,0.0,0.0,0.0,0.0,0.0,0.0,0.0,0.0,0.0,0.06535795,0.934642,0.0
9,11,0.0,0.0,0.0,0.0,0.0,0.0,0.0,0.0,0.0,0.0,0.06535795,0.934642,0.0
9,11,0.0,0.0,0.0,0.0,0.0,0.0,0.0,0.0,0.0,0.0,0.06535795,0.934642,0.0
9,11,0.0,0.0,0.0,0.0,0.0,0.0,0.0,0.0,0.0,0.0,0.06535795,0.934642,0.0
9,11,0.0,0.0,0.0,0.0,0.0,0.0,0.0,0.0,0.0,0.0,0.06535795,0.934642,0.0
9,11,0.0,0.0,0.0,0.0,0.0,0.0,0.0,0.0,0.0,0.0,0.06535795,0.934642,0.0
9,11,0.0,0.0,0.0,0.0,0.0,0.0,0.0,0.0,0.0,0.0,0.06535795,0.934642,0.0
9,11,0.0,0.0,0.0,0.0,0.0,0.0,0.0,0.0,0.0,0.0,0.06535795,0.934642,0.0
9,11,0.0,0.0,0.0,0.0,0.0,0.0,0.0,0.0,0.0,0.0,0.06535795,0.934642,0.0
9,11,0.0,0.0,0.0,0.0,0.0,0.0,0.0,0.0,0.0,0.0,0.06535795,0.934642,0.0
9,11,0.0,0.0,0.0,0.0,0.0,0.0,0.0,0.0,0.0,0.0,0.06535795,0.934642,0.0
9,11,0.0,0.0,0.0,0.0,0.0,0.0,0.0,0.0,0.0,0.0,0.06535795,0.934642,0.0
9,11,0.0,0.0,0.0,0.0,0.0,0.0,0.0,0.0,0.0,0.0,0.06535795,0.934642,0.0
9,11,0.0,0.0,0.0,0.0,0.0,0.0,0.0,0.0,0.0,0.0,0.06535795,0.934642,0.0
9,11,0.0,0.0,0.0,0.0,0.0,0.0,0.0,0.0,0.0,0.0,0.06535795,0.934642,0.0
9,11,0.0,0.0,0.0,0.0,0.0,0.0,0.0,0.0,0.0,0.0,0.06535795,0.934642,0.0
9,11,0.0,0.0,0.0,0.0,0.0,0.0,0.0,0.0,0.0,0.0,0.06535795,0.934642,0.0
9,11,0.0,0.0,0.0,0.0,0.0,0.0,0.0,0.0,0.0,0.0,0.06535795,0.934642,0.0
9,11,0.0,0.0,0.0,0.0,0.0,0.0,0.0,0.0,0.0,0.0,0.06535795,0.934642,0.0
9,11,0.0,0.0,0.0,0.0,0.0,0.0,0.0,0.0,0.0,0.0,0.06535795,0.934642,0.0
9,11,0.0,0.0,0.0,0.0,0.0,0.0,0.0,0.0,0.0,0.0,0.06535795,0.934642,0.0
9,11,0.0,0.0,0.0,0.0,0.0,0.0,0.0,0.0,0.0,0.0,0.06535795,0.934642,0.0
9,11,0.0,0.0,0.0,0.0,0.0,0.0,0.0,0.0,0.0,0.0,0.06535795,0.934642,0.0
9,11,0.0,0.0,0.0,0.0,0.0,0.0,0.0,0.0,0.0,0.0,0.06535795,0.934642,0.0
9,11,0.0,0.0,0.0,0.0,0.0,0.0,0.0,0.0,0.0,0.0,0.06535795,0.934642,0.0
9,11,0.0,0.0,0.0,0.0,0.0,0.0,0.0,0.0,0.0,0.0,0.06535795,0.934642,0.0
9,11,0.0,0.0,0.0,0.0,0.0,0.0,0.0,0.0,0.0,0.0,0.06535795,0.934642,0.0
9,11,0.0,0.0,0.0,0.0,0.0,0.0,0.0,0.0,0.0,0.0,0.06535795,0.934642,0.0
9,11,0.0,0.0,0.0,0.0,0.0,0.0,0.0,0.0,0.0,0.0,0.06535795,0.934642,0.0
9,11,0.0,0.0,0.0,0.0,0.0,0.0,0.0,0.0,0.0,0.0,0.06535795,0.934642,0.0
9,11,0.0,0.0,0.0,0.0,0.0,0.0,0.0,0.0,0.0,0.0,0.06535795,0.934642,0.0
9,11,0.0,0.0,0.0,0.0,0.0,0.0,0.0,0.0,0.0,0.0,0.06535795,0.934642,0.0
9,11,0.0,0.0,0.0,0.0,0.0,0.0,0.0,0.0,0.0,0.0,0.06535795,0.934642,0.0
9,11,0.0,0.0,0.0,0.0,0.0,0.0,0.0,0.0,0.0,0.0,0.06535795,0.934642,0.0
9,11,0.0,0.0,0.0,0.0,0.0,0.0,0.0,0.0,0.0,0.0,0.06535795,0.934642,0.0
9,11,0.0,0.0,0.0,0.0,0.0,0.0,0.0,0.0,0.0,0.0,0.06535795,0.934642,0.0
9,11,0.0,0.0,0.0,0.0,0.0,0.0,0.0,0.0,0.0,0.0,0.06535795,0.934642,0.0
9,11,0.0,0.0,0.0,0.0,0.0,0.0,0.0,0.0,0.0,0.0,0.06535795,0.934642,0.0
9,11,0.0,0.0,0.0,0.0,0.0,0.0,0.0,0.0,0.0,0.0,0.06535795,0.934642,0.0
9,11,0.0,0.0,0.0,0.0,0.0,0.0,0.0,0.0,0.0,0.0,0.06535795,0.934642,0.0
9,11,0.0,0.0,0.0,0.0,0.0,0.0,0.0,0.0,0.0,0.0,0.06535795,0.934642,0.0
9,11,0.0,0.0,0.0,0.0,0.0,0.0,0.0,0.0,0.0,0.0,0.06535795,0.934642,0.0
9,11,0.0,0.0,0.0,0.0,0.0,0.0,0.0,0.0,0.0,0.0,0.06535795,0.934642,0.0
9,11,0.0,0.0,0.0,0.0,0.0,0.0,0.0,0.0,0.0,0.0,0.06535795,0.934642,0.0
9,11,0.0,0.0,0.0,0.0,0.0,0.0,0.0,0.0,0.0,0.0,0.06535795,0.934642,0.0
9,11,0.0,0.0,0.0,0.0,0.0,0.0,0.0,0.0,0.0,0.0,0.06535795,0.934642,0.0
9,11,0.0,0.0,0.0,0.0,0.0,0.0,0.0,0.0,0.0,0.0,0.06535795,0.934642,0.0
9,11,0.0,0.0,0.0,0.0,0.0,0.0,0.0,0.0,0.0,0.0,0.06535795,0.934642,0.0
9,11,0.0,0.0,0.0,0.0,0.0,0.0,0.0,0.0,0.0,0.0,0.06535795,0.934642,0.0
9,11,0.0,0.0,0.0,0.0,0.0,0.0,0.0,0.0,0.0,0.0,0.06535795,0.934642,0.0
9,11,0.0,0.0,0.0,0.0,0.0,0.0,0.0,0.0,0.0,0.0,0.06535795,0.934642,0.0
9,11,0.0,0.0,0.0,0.0,0.0,0.0,0.0,0.0,0.0,0.0,0.06535795,0.934642,0.0
9,11,0.0,0.0,0.0,0.0,0.0,0.0,0.0,0.0,0.0,0.0,0.06535795,0.934642,0.0
9,11,0.0,0.0,0.0,0.0,0.0,0.0,0.0,0.0,0.0,0.0,0.06535795,0.934642,0.0
9,11,0.0,0.0,0.0,0.0,0.0,0.0,0.0,0.0,0.0,0.0,0.06535795,0.934642,0.0
9,11,0.0,0.0,0.0,0.0,0.0,0.0,0.0,0.0,0.0,0.0,0.06535795,0.934642,0.0
9,11,0.0,0.0,0.0,0.0,0.0,0.0,0.0,0.0,0.0,0.0,0.06535795,0.934642,0.0
9,11,0.0,0.0,0.0,0.0,0.0,0.0,0.0,0.0,0.0,0.0,0.06535795,0.934642,0.0
9,11,0.0,0.0,0.0,0.0,0.0,0.0,0.0,0.0,0.0,0.0,0.06535795,0.934642,0.0
9,11,0.0,0.0,0.0,0.0,0.0,0.0,0.0,0.0,0.0,0.0,0.06535795,0.934642,0.0
9,11,0.0,0.0,0.0,0.0,0.0,0.0,0.0,0.0,0.0,0.0,0.06535795,0.934642,0.0
9,11,0.0,0.0,0.0,0.0,0.0,0.0,0.0,0.0,0.0,0.0,0.06535795,0.934642,0.0
9,11,0.0,0.0,0.0,0.0,0.0,0.0,0.0,0.0,0.0,0.0,0.06535795,0.934642,0.0
9,11,0.0,0.0,0.0,0.0,0.0,0.0,0.0,0.0,0.0,0.0,0.06535795,0.934642,0.0
9,11,0.0,0.0,0.0,0.0,0.0,0.0,0.0,0.0,0.0,0.0,0.06535795,0.934642,0.0
9,11,0.0,0.0,0.0,0.0,0.0,0.0,0.0,0.0,0.0,0.0,0.06535795,0.934642,0.0
9,11,0.0,0.0,0.0,0.0,0.0,0.0,0.0,0.0,0.0,0.0,0.06535795,0.934642,0.0
9,11,0.0,0.0,0.0,0.0,0.0,0.0,0.0,0.0,0.0,0.0,0.06535795,0.934642,0.0
9,11,0.0,0.0,0.0,0.0,0.0,0.0,0.0,0.0,0.0,0.0,0.06535795,0.934642,0.0
9,11,0.0,0.0,0.0,0.0,0.0,0.0,0.0,0.0,0.0,0.0,0.06535795,0.934642,0.0
9,11,0.0,0.0,0.0,0.0,0.0,0.0,0.0,0.0,0.0,0.0,0.06535795,0.934642,0.0
9,11,0.0,0.0,0.0,0.0,0.0,0.0,0.0,0.0,0.0,0.0,0.06535795,0.934642,0.0
9,11,0.0,0.0,0.0,0.0,0.0,0.0,0.0,0.0,0.0,0.0,0.06535795,0.934642,0.0
9,11,0.0,0.0,0.0,0.0,0.0,0.0,0.0,0.0,0.0,0.0,0.06535795,0.934642,0.0
9,11,0.0,0.0,0.0,0.0,0.0,0.0,0.0,0.0,0.0,0.0,0.06535795,0.934642,0.0
9,11,0.0,0.0,0.0,0.0,0.0,0.0,0.0,0.0,0.0,0.0,0.06535795,0.934642,0.0
9,11,0.0,0.0,0.0,0.0,0.0,0.0,0.0,0.0,0.0,0.0,0.06535795,0.934642,0.0
9,11,0.0,0.0,0.0,0.0,0.0,0.0,0.0,0.0,0.0,0.0,0.06535795,0.934642,0.0
9,11,0.0,0.0,0.0,0.0,0.0,0.0,0.0,0.0,0.0,0.0,0.06535795,0.934642,0.0
9,11,0.0,0.0,0.0,0.0,0.0,0.0,0.0,0.0,0.0,0.0,0.06535795,0.934642,0.0
9,11,0.0,0.0,0.0,0.0,0.0,0.0,0.0,0.0,0.0,0.0,0.06535795,0.934642,0.0
9,11,0.0,0.0,0.0,0.0,0.0,0.0,0.0,0.0,0.0,0.0,0.06535795,0.934642,0.0
9,11,0.0,0.0,0.0,0.0,0.0,0.0,0.0,0.0,0.0,0.0,0.06535795,0.934642,0.0
9,11,0.0,0.0,0.0,0.0,0.0,0.0,0.0,0.0,0.0,0.0,0.06535795,0.934642,0.0
9,11,0.0,0.0,0.0,0.0,0.0,0.0,0.0,0.0,0.0,0.0,0.06535795,0.934642,0.0
9,11,0.0,0.0,0.0,0.0,0.0,0.0,0.0,0.0,0.0,0.0,0.06535795,0.934642,0.0
9,11,0.0,0.0,0.0,0.0,0.0,0.0,0.0,0.0,0.0,0.0,0.06535795,0.934642,0.0
9,11,0.0,0.0,0.0,0.0,0.0,0.0,0.0,0.0,0.0,0.0,0.06535795,0.934642,0.0
9,11,0.0,0.0,0.0,0.0,0.0,0.0,0.0,0.0,0.0,0.0,0.06535795,0.934642,0.0
9,11,0.0,0.0,0.0,0.0,0.0,0.0,0.0,0.0,0.0,0.0,0.06535795,0.934642,0.0
9,11,0.0,0.0,0.0,0.0,0.0,0.0,0.0,0.0,0.0,0.0,0.06535795,0.934642,0.0
9,11,0.0,0.0,0.0,0.0,0.0,0.0,0.0,0.0,0.0,0.0,0.06535795,0.934642,0.0
9,11,0.0,0.0,0.0,0.0,0.0,0.0,0.0,0.0,0.0,0.0,0.06535795,0.934642,0.0
9,11,0.0,0.0,0.0,0.0,0.0,0.0,0.0,0.0,0.0,0.0,0.06535795,0.934642,0.0
9,11,0.0,0.0,0.0,0.0,0.0,0.0,0.0,0.0,0.0,0.0,0.06535795,0.934642,0.0
9,11,0.0,0.0,0.0,0.0,0.0,0.0,0.0,0.0,0.0,0.0,0.06535795,0.934642,0.0
9,11,0.0,0.0,0.0,0.0,0.0,0.0,0.0,0.0,0.0,0.0,0.06535795,0.934642,0.0
9,11,0.0,0.0,0.0,0.0,0.0,0.0,0.0,0.0,0.0,0.0,0.06535795,0.934642,0.0
9,11,0.0,0.0,0.0,0.0,0.0,0.0,0.0,0.0,0.0,0.0,0.06535795,0.934642,0.0
9,11,0.0,0.0,0.0,0.0,0.0,0.0,0.0,0.0,0.0,0.0,0.06535795,0.934642,0.0
9,11,0.0,0.0,0.0,0.0,0.0,0.0,0.0,0.0,0.0,0.0,0.06535795,0.934642,0.0
9,11,0.0,0.0,0.0,0.0,0.0,0.0,0.0,0.0,0.0,0.0,0.06535795,0.934642,0.0
9,11,0.0,0.0,0.0,0.0,0.0,0.0,0.0,0.0,0.0,0.0,0.06535795,0.934642,0.0
9,11,0.0,0.0,0.0,0.0,0.0,0.0,0.0,0.0,0.0,0.0,0.06535795,0.934642,0.0
9,11,0.0,0.0,0.0,0.0,0.0,0.0,0.0,0.0,0.0,0.0,0.06535795,0.934642,0.0
9,11,0.0,0.0,0.0,0.0,0.0,0.0,0.0,0.0,0.0,0.0,0.06535795,0.934642,0.0
9,11,0.0,0.0,0.0,0.0,0.0,0.0,0.0,0.0,0.0,0.0,0.06535795,0.934642,0.0
9,11,0.0,0.0,0.0,0.0,0.0,0.0,0.0,0.0,0.0,0.0,0.06535795,0.934642,0.0
9,11,0.0,0.0,0.0,0.0,0.0,0.0,0.0,0.0,0.0,0.0,0.06535795,0.934642,0.0
9,11,0.0,0.0,0.0,0.0,0.0,0.0,0.0,0.0,0.0,0.0,0.06535795,0.934642,0.0
9,11,0.0,0.0,0.0,0.0,0.0,0.0,0.0,0.0,0.0,0.0,0.06535795,0.934642,0.0
9,11,0.0,0.0,0.0,0.0,0.0,0.0,0.0,0.0,0.0,0.0,0.06535795,0.934642,0.0
9,11,0.0,0.0,0.0,0.0,0.0,0.0,0.0,0.0,0.0,0.0,0.06535795,0.934642,0.0
9,11,0.0,0.0,0.0,0.0,0.0,0.0,0.0,0.0,0.0,0.0,0.06535795,0.934642,0.0
9,11,0.0,0.0,0.0,0.0,0.0,0.0,0.0,0.0,0.0,0.0,0.06535795,0.934642,0.0
9,11,0.0,0.0,0.0,0.0,0.0,0.0,0.0,0.0,0.0,0.0,0.06535795,0.934642,0.0
9,11,0.0,0.0,0.0,0.0,0.0,0.0,0.0,0.0,0.0,0.0,0.06535795,0.934642,0.0
9,11,0.0,0.0,0.0,0.0,0.0,0.0,0.0,0.0,0.0,0.0,0.06535795,0.934642,0.0
9,11,0.0,0.0,0.0,0.0,0.0,0.0,0.0,0.0,0.0,0.0,0.06535795,0.934642,0.0
9,11,0.0,0.0,0.0,0.0,0.0,0.0,0.0,0.0,0.0,0.0,0.06535795,0.934642,0.0
9,11,0.0,0.0,0.0,0.0,0.0,0.0,0.0,0.0,0.0,0.0,0.06535795,0.934642,0.0
9,11,0.0,0.0,0.0,0.0,0.0,0.0,0.0,0.0,0.0,0.0,0.06535795,0.934642,0.0
9,11,0.0,0.0,0.0,0.0,0.0,0.0,0.0,0.0,0.0,0.0,0.06535795,0.934642,0.0
9,11,0.0,0.0,0.0,0.0,0.0,0.0,0.0,0.0,0.0,0.0,0.06535795,0.934642,0.0
9,11,0.0,0.0,0.0,0.0,0.0,0.0,0.0,0.0,0.0,0.0,0.06535795,0.934642,0.0
9,11,0.0,0.0,0.0,0.0,0.0,0.0,0.0,0.0,0.0,0.0,0.06535795,0.934642,0.0
9,11,0.0,0.0,0.0,0.0,0.0,0.0,0.0,0.0,0.0,0.0,0.06535795,0.934642,0.0
9,11,0.0,0.0,0.0,0.0,0.0,0.0,0.0,0.0,0.0,0.0,0.06535795,0.934642,0.0
9,11,0.0,0.0,0.0,0.0,0.0,0.0,0.0,0.0,0.0,0.0,0.06535795,0.934642,0.0
9,11,0.0,0.0,0.0,0.0,0.0,0.0,0.0,0.0,0.0,0.0,0.06535795,0.934642,0.0
9,11,0.0,0.0,0.0,0.0,0.0,0.0,0.0,0.0,0.0,0.0,0.06535795,0.934642,0.0
9,11,0.0,0.0,0.0,0.0,0.0,0.0,0.0,0.0,0.0,0.0,0.06535795,0.934642,0.0
9,11,0.0,0.0,0.0,0.0,0.0,0.0,0.0,0.0,0.0,0.0,0.06535795,0.934642,0.0
9,11,0.0,0.0,0.0,0.0,0.0,0.0,0.0,0.0,0.0,0.0,0.06535795,0.934642,0.0
9,11,0.0,0.0,0.0,0.0,0.0,0.0,0.0,0.0,0.0,0.0,0.06535795,0.934642,0.0
9,11,0.0,0.0,0.0,0.0,0.0,0.0,0.0,0.0,0.0,0.0,0.06535795,0.934642,0.0
9,11,0.0,0.0,0.0,0.0,0.0,0.0,0.0,0.0,0.0,0.0,0.06535795,0.934642,0.0
9,11,0.0,0.0,0.0,0.0,0.0,0.0,0.0,0.0,0.0,0.0,0.06535795,0.934642,0.0
9,11,0.0,0.0,0.0,0.0,0.0,0.0,0.0,0.0,0.0,0.0,0.06535795,0.934642,0.0
9,11,0.0,0.0,0.0,0.0,0.0,0.0,0.0,0.0,0.0,0.0,0.06535795,0.934642,0.0
9,11,0.0,0.0,0.0,0.0,0.0,0.0,0.0,0.0,0.0,0.0,0.06535795,0.934642,0.0
9,11,0.0,0.0,0.0,0.0,0.0,0.0,0.0,0.0,0.0,0.0,0.06535795,0.934642,0.0
9,11,0.0,0.0,0.0,0.0,0.0,0.0,0.0,0.0,0.0,0.0,0.06535795,0.934642,0.0
9,11,0.0,0.0,0.0,0.0,0.0,0.0,0.0,0.0,0.0,0.0,0.06535795,0.934642,0.0
9,11,0.0,0.0,0.0,0.0,0.0,0.0,0.0,0.0,0.0,0.0,0.06535795,0.934642,0.0
9,11,0.0,0.0,0.0,0.0,0.0,0.0,0.0,0.0,0.0,0.0,0.06535795,0.934642,0.0
9,11,0.0,0.0,0.0,0.0,0.0,0.0,0.0,0.0,0.0,0.0,0.06535795,0.934642,0.0
9,11,0.0,0.0,0.0,0.0,0.0,0.0,0.0,0.0,0.0,0.0,0.06535795,0.934642,0.0
9,11,0.0,0.0,0.0,0.0,0.0,0.0,0.0,0.0,0.0,0.0,0.06535795,0.934642,0.0
9,11,0.0,0.0,0.0,0.0,0.0,0.0,0.0,0.0,0.0,0.0,0.06535795,0.934642,0.0
9,11,0.0,0.0,0.0,0.0,0.0,0.0,0.0,0.0,0.0,0.0,0.06535795,0.934642,0.0
9,11,0.0,0.0,0.0,0.0,0.0,0.0,0.0,0.0,0.0,0.0,0.06535795,0.934642,0.0
9,11,0.0,0.0,0.0,0.0,0.0,0.0,0.0,0.0,0.0,0.0,0.06535795,0.934642,0.0
9,11,0.0,0.0,0.0,0.0,0.0,0.0,0.0,0.0,0.0,0.0,0.06535795,0.934642,0.0
9,11,0.0,0.0,0.0,0.0,0.0,0.0,0.0,0.0,0.0,0.0,0.06535795,0.934642,0.0
9,11,0.0,0.0,0.0,0.0,0.0,0.0,0.0,0.0,0.0,0.0,0.06535795,0.934642,0.0
9,11,0.0,0.0,0.0,0.0,0.0,0.0,0.0,0.0,0.0,0.0,0.06535795,0.934642,0.0
9,11,0.0,0.0,0.0,0.0,0.0,0.0,0.0,0.0,0.0,0.0,0.06535795,0.934642,0.0
9,11,0.0,0.0,0.0,0.0,0.0,0.0,0.0,0.0,0.0,0.0,0.06535795,0.934642,0.0
9,11,0.0,0.0,0.0,0.0,0.0,0.0,0.0,0.0,0.0,0.0,0.06535795,0.934642,0.0
9,11,0.0,0.0,0.0,0.0,0.0,0.0,0.0,0.0,0.0,0.0,0.06535795,0.934642,0.0
9,11,0.0,0.0,0.0,0.0,0.0,0.0,0.0,0.0,0.0,0.0,0.06535795,0.934642,0.0
9,11,0.0,0.0,0.0,0.0,0.0,0.0,0.0,0.0,0.0,0.0,0.06535795,0.934642,0.0
9,11,0.0,0.0,0.0,0.0,0.0,0.0,0.0,0.0,0.0,0.0,0.06535795,0.934642,0.0
9,11,0.0,0.0,0.0,0.0,0.0,0.0,0.0,0.0,0.0,0.0,0.06535795,0.934642,0.0
9,11,0.0,0.0,0.0,0.0,0.0,0.0,0.0,0.0,0.0,0.0,0.06535795,0.934642,0.0
9,11,0.0,0.0,0.0,0.0,0.0,0.0,0.0,0.0,0.0,0.0,0.06535795,0.934642,0.0
9,11,0.0,0.0,0.0,0.0,0.0,0.0,0.0,0.0,0.0,0.0,0.06535795,0.934642,0.0
9,11,0.0,0.0,0.0,0.0,0.0,0.0,0.0,0.0,0.0,0.0,0.06535795,0.934642,0.0
9,11,0.0,0.0,0.0,0.0,0.0,0.0,0.0,0.0,0.0,0.0,0.06535795,0.934642,0.0
9,11,0.0,0.0,0.0,0.0,0.0,0.0,0.0,0.0,0.0,0.0,0.06535795,0.934642,0.0
9,11,0.0,0.0,0.0,0.0,0.0,0.0,0.0,0.0,0.0,0.0,0.06535795,0.934642,0.0
9,11,0.0,0.0,0.0,0.0,0.0,0.0,0.0,0.0,0.0,0.0,0.06535795,0.934642,0.0
9,11,0.0,0.0,0.0,0.0,0.0,0.0,0.0,0.0,0.0,0.0,0.06535795,0.934642,0.0
9,11,0.0,0.0,0.0,0.0,0.0,0.0,0.0,0.0,0.0,0.0,0.06535795,0.934642,0.0
9,11,0.0,0.0,0.0,0.0,0.0,0.0,0.0,0.0,0.0,0.0,0.06535795,0.934642,0.0
9,11,0.0,0.0,0.0,0.0,0.0,0.0,0.0,0.0,0.0,0.0,0.06535795,0.934642,0.0
9,11,0.0,0.0,0.0,0.0,0.0,0.0,0.0,0.0,0.0,0.0,0.06535795,0.934642,0.0
9,11,0.0,0.0,0.0,0.0,0.0,0.0,0.0,0.0,0.0,0.0,0.06535795,0.934642,0.0
9,11,0.0,0.0,0.0,0.0,0.0,0.0,0.0,0.0,0.0,0.0,0.06535795,0.934642,0.0
9,11,0.0,0.0,0.0,0.0,0.0,0.0,0.0,0.0,0.0,0.0,0.06535795,0.934642,0.0
9,11,0.0,0.0,0.0,0.0,0.0,0.0,0.0,0.0,0.0,0.0,0.06535795,0.934642,0.0
9,11,0.0,0.0,0.0,0.0,0.0,0.0,0.0,0.0,0.0,0.0,0.06535795,0.934642,0.0
9,11,0.0,0.0,0.0,0.0,0.0,0.0,0.0,0.0,0.0,0.0,0.06535795,0.934642,0.0
9,11,0.0,0.0,0.0,0.0,0.0,0.0,0.0,0.0,0.0,0.0,0.06535795,0.934642,0.0
9,11,0.0,0.0,0.0,0.0,0.0,0.0,0.0,0.0,0.0,0.0,0.06535795,0.934642,0.0
9,11,0.0,0.0,0.0,0.0,0.0,0.0,0.0,0.0,0.0,0.0,0.06535795,0.934642,0.0
9,11,0.0,0.0,0.0,0.0,0.0,0.0,0.0,0.0,0.0,0.0,0.06535795,0.934642,0.0
9,11,0.0,0.0,0.0,0.0,0.0,0.0,0.0,0.0,0.0,0.0,0.06535795,0.934642,0.0
9,11,0.0,0.0,0.0,0.0,0.0,0.0,0.0,0.0,0.0,0.0,0.06535795,0.934642,0.0
9,11,0.0,0.0,0.0,0.0,0.0,0.0,0.0,0.0,0.0,0.0,0.06535795,0.934642,0.0
9,11,0.0,0.0,0.0,0.0,0.0,0.0,0.0,0.0,0.0,0.0,0.06535795,0.934642,0.0
9,11,0.0,0.0,0.0,0.0,0.0,0.0,0.0,0.0,0.0,0.0,0.06535795,0.934642,0.0
9,11,0.0,0.0,0.0,0.0,0.0,0.0,0.0,0.0,0.0,0.0,0.06535795,0.934642,0.0
9,11,0.0,0.0,0.0,0.0,0.0,0.0,0.0,0.0,0.0,0.0,0.06535795,0.934642,0.0
9,11,0.0,0.0,0.0,0.0,0.0,0.0,0.0,0.0,0.0,0.0,0.06535795,0.934642,0.0
9,11,0.0,0.0,0.0,0.0,0.0,0.0,0.0,0.0,0.0,0.0,0.06535795,0.934642,0.0
9,11,0.0,0.0,0.0,0.0,0.0,0.0,0.0,0.0,0.0,0.0,0.06535795,0.934642,0.0
9,11,0.0,0.0,0.0,0.0,0.0,0.0,0.0,0.0,0.0,0.0,0.06535795,0.934642,0.0
9,11,0.0,0.0,0.0,0.0,0.0,0.0,0.0,0.0,0.0,0.0,0.06535795,0.934642,0.0
9,11,0.0,0.0,0.0,0.0,0.0,0.0,0.0,0.0,0.0,0.0,0.06535795,0.934642,0.0
9,11,0.0,0.0,0.0,0.0,0.0,0.0,0.0,0.0,0.0,0.0,0.06535795,0.934642,0.0
9,11,0.0,0.0,0.0,0.0,0.0,0.0,0.0,0.0,0.0,0.0,0.06535795,0.934642,0.0
9,11,0.0,0.0,0.0,0.0,0.0,0.0,0.0,0.0,0.0,0.0,0.06535795,0.934642,0.0
9,11,0.0,0.0,0.0,0.0,0.0,0.0,0.0,0.0,0.0,0.0,0.06535795,0.934642,0.0
9,11,0.0,0.0,0.0,0.0,0.0,0.0,0.0,0.0,0.0,0.0,0.06535795,0.934642,0.0
9,11,0.0,0.0,0.0,0.0,0.0,0.0,0.0,0.0,0.0,0.0,0.06535795,0.934642,0.0
9,11,0.0,0.0,0.0,0.0,0.0,0.0,0.0,0.0,0.0,0.0,0.06535795,0.934642,0.0
9,11,0.0,0.0,0.0,0.0,0.0,0.0,0.0,0.0,0.0,0.0,0.06535795,0.934642,0.0
9,11,0.0,0.0,0.0,0.0,0.0,0.0,0.0,0.0,0.0,0.0,0.06535795,0.934642,0.0
9,11,0.0,0.0,0.0,0.0,0.0,0.0,0.0,0.0,0.0,0.0,0.06535795,0.934642,0.0
9,11,0.0,0.0,0.0,0.0,0.0,0.0,0.0,0.0,0.0,0.0,0.06535795,0.934642,0.0
9,11,0.0,0.0,0.0,0.0,0.0,0.0,0.0,0.0,0.0,0.0,0.06535795,0.934642,0.0
9,11,0.0,0.0,0.0,0.0,0.0,0.0,0.0,0.0,0.0,0.0,0.06535795,0.934642,0.0
9,11,0.0,0.0,0.0,0.0,0.0,0.0,0.0,0.0,0.0,0.0,0.06535795,0.934642,0.0
9,11,0.0,0.0,0.0,0.0,0.0,0.0,0.0,0.0,0.0,0.0,0.06535795,0.934642,0.0
9,11,0.0,0.0,0.0,0.0,0.0,0.0,0.0,0.0,0.0,0.0,0.06535795,0.934642,0.0
9,11,0.0,0.0,0.0,0.0,0.0,0.0,0.0,0.0,0.0,0.0,0.06535795,0.934642,0.0
9,11,0.0,0.0,0.0,0.0,0.0,0.0,0.0,0.0,0.0,0.0,0.06535795,0.934642,0.0
9,11,0.0,0.0,0.0,0.0,0.0,0.0,0.0,0.0,0.0,0.0,0.06535795,0.934642,0.0
9,11,0.0,0.0,0.0,0.0,0.0,0.0,0.0,0.0,0.0,0.0,0.06535795,0.934642,0.0
9,11,0.0,0.0,0.0,0.0,0.0,0.0,0.0,0.0,0.0,0.0,0.06535795,0.934642,0.0
9,11,0.0,0.0,0.0,0.0,0.0,0.0,0.0,0.0,0.0,0.0,0.06535795,0.934642,0.0
9,11,0.0,0.0,0.0,0.0,0.0,0.0,0.0,0.0,0.0,0.0,0.06535795,0.934642,0.0
9,11,0.0,0.0,0.0,0.0,0.0,0.0,0.0,0.0,0.0,0.0,0.06535795,0.934642,0.0
9,11,0.0,0.0,0.0,0.0,0.0,0.0,0.0,0.0,0.0,0.0,0.06535795,0.934642,0.0
9,11,0.0,0.0,0.0,0.0,0.0,0.0,0.0,0.0,0.0,0.0,0.06535795,0.934642,0.0
9,11,0.0,0.0,0.0,0.0,0.0,0.0,0.0,0.0,0.0,0.0,0.06535795,0.934642,0.0
9,11,0.0,0.0,0.0,0.0,0.0,0.0,0.0,0.0,0.0,0.0,0.06535795,0.934642,0.0
9,11,0.0,0.0,0.0,0.0,0.0,0.0,0.0,0.0,0.0,0.0,0.06535795,0.934642,0.0
9,11,0.0,0.0,0.0,0.0,0.0,0.0,0.0,0.0,0.0,0.0,0.06535795,0.934642,0.0
9,11,0.0,0.0,0.0,0.0,0.0,0.0,0.0,0.0,0.0,0.0,0.06535795,0.934642,0.0
9,11,0.0,0.0,0.0,0.0,0.0,0.0,0.0,0.0,0.0,0.0,0.06535795,0.934642,0.0
9,11,0.0,0.0,0.0,0.0,0.0,0.0,0.0,0.0,0.0,0.0,0.06535795,0.934642,0.0
9,11,0.0,0.0,0.0,0.0,0.0,0.0,0.0,0.0,0.0,0.0,0.06535795,0.934642,0.0
9,11,0.0,0.0,0.0,0.0,0.0,0.0,0.0,0.0,0.0,0.0,0.06535795,0.934642,0.0
9,11,0.0,0.0,0.0,0.0,0.0,0.0,0.0,0.0,0.0,0.0,0.06535795,0.934642,0.0
9,11,0.0,0.0,0.0,0.0,0.0,0.0,0.0,0.0,0.0,0.0,0.06535795,0.934642,0.0
9,11,0.0,0.0,0.0,0.0,0.0,0.0,0.0,0.0,0.0,0.0,0.06535795,0.934642,0.0
9,11,0.0,0.0,0.0,0.0,0.0,0.0,0.0,0.0,0.0,0.0,0.06535795,0.934642,0.0
9,11,0.0,0.0,0.0,0.0,0.0,0.0,0.0,0.0,0.0,0.0,0.06535795,0.934642,0.0
9,11,0.0,0.0,0.0,0.0,0.0,0.0,0.0,0.0,0.0,0.0,0.06535795,0.934642,0.0
9,11,0.0,0.0,0.0,0.0,0.0,0.0,0.0,0.0,0.0,0.0,0.06535795,0.934642,0.0
9,11,0.0,0.0,0.0,0.0,0.0,0.0,0.0,0.0,0.0,0.0,0.06535795,0.934642,0.0
9,11,0.0,0.0,0.0,0.0,0.0,0.0,0.0,0.0,0.0,0.0,0.06535795,0.934642,0.0
9,11,0.0,0.0,0.0,0.0,0.0,0.0,0.0,0.0,0.0,0.0,0.06535795,0.934642,0.0
9,11,0.0,0.0,0.0,0.0,0.0,0.0,0.0,0.0,0.0,0.0,0.06535795,0.934642,0.0
9,11,0.0,0.0,0.0,0.0,0.0,0.0,0.0,0.0,0.0,0.0,0.06535795,0.934642,0.0
9,11,0.0,0.0,0.0,0.0,0.0,0.0,0.0,0.0,0.0,0.0,0.06535795,0.934642,0.0
9,11,0.0,0.0,0.0,0.0,0.0,0.0,0.0,0.0,0.0,0.0,0.06535795,0.934642,0.0
9,11,0.0,0.0,0.0,0.0,0.0,0.0,0.0,0.0,0.0,0.0,0.06535795,0.934642,0.0
9,11,0.0,0.0,0.0,0.0,0.0,0.0,0.0,0.0,0.0,0.0,0.06535795,0.934642,0.0
9,11,0.0,0.0,0.0,0.0,0.0,0.0,0.0,0.0,0.0,0.0,0.06535795,0.934642,0.0
9,11,0.0,0.0,0.0,0.0,0.0,0.0,0.0,0.0,0.0,0.0,0.06535795,0.934642,0.0
9,11,0.0,0.0,0.0,0.0,0.0,0.0,0.0,0.0,0.0,0.0,0.06535795,0.934642,0.0
9,11,0.0,0.0,0.0,0.0,0.0,0.0,0.0,0.0,0.0,0.0,0.06535795,0.934642,0.0
9,11,0.0,0.0,0.0,0.0,0.0,0.0,0.0,0.0,0.0,0.0,0.06535795,0.934642,0.0
9,11,0.0,0.0,0.0,0.0,0.0,0.0,0.0,0.0,0.0,0.0,0.06535795,0.934642,0.0
9,11,0.0,0.0,0.0,0.0,0.0,0.0,0.0,0.0,0.0,0.0,0.06535795,0.934642,0.0
9,11,0.0,0.0,0.0,0.0,0.0,0.0,0.0,0.0,0.0,0.0,0.06535795,0.934642,0.0
9,11,0.0,0.0,0.0,0.0,0.0,0.0,0.0,0.0,0.0,0.0,0.06535795,0.934642,0.0
9,11,0.0,0.0,0.0,0.0,0.0,0.0,0.0,0.0,0.0,0.0,0.06535795,0.934642,0.0
9,11,0.0,0.0,0.0,0.0,0.0,0.0,0.0,0.0,0.0,0.0,0.06535795,0.934642,0.0
9,11,0.0,0.0,0.0,0.0,0.0,0.0,0.0,0.0,0.0,0.0,0.06535795,0.934642,0.0
9,11,0.0,0.0,0.0,0.0,0.0,0.0,0.0,0.0,0.0,0.0,0.06535795,0.934642,0.0
9,11,0.0,0.0,0.0,0.0,0.0,0.0,0.0,0.0,0.0,0.0,0.06535795,0.934642,0.0
9,11,0.0,0.0,0.0,0.0,0.0,0.0,0.0,0.0,0.0,0.0,0.06535795,0.934642,0.0
9,11,0.0,0.0,0.0,0.0,0.0,0.0,0.0,0.0,0.0,0.0,0.06535795,0.934642,0.0
9,11,0.0,0.0,0.0,0.0,0.0,0.0,0.0,0.0,0.0,0.0,0.06535795,0.934642,0.0
9,11,0.0,0.0,0.0,0.0,0.0,0.0,0.0,0.0,0.0,0.0,0.06535795,0.934642,0.0
9,11,0.0,0.0,0.0,0.0,0.0,0.0,0.0,0.0,0.0,0.0,0.06535795,0.934642,0.0
9,11,0.0,0.0,0.0,0.0,0.0,0.0,0.0,0.0,0.0,0.0,0.06535795,0.934642,0.0
9,11,0.0,0.0,0.0,0.0,0.0,0.0,0.0,0.0,0.0,0.0,0.06535795,0.934642,0.0
9,11,0.0,0.0,0.0,0.0,0.0,0.0,0.0,0.0,0.0,0.0,0.06535795,0.934642,0.0
9,11,0.0,0.0,0.0,0.0,0.0,0.0,0.0,0.0,0.0,0.0,0.06535795,0.934642,0.0
9,11,0.0,0.0,0.0,0.0,0.0,0.0,0.0,0.0,0.0,0.0,0.06535795,0.934642,0.0
9,11,0.0,0.0,0.0,0.0,0.0,0.0,0.0,0.0,0.0,0.0,0.06535795,0.934642,0.0
9,11,0.0,0.0,0.0,0.0,0.0,0.0,0.0,0.0,0.0,0.0,0.06535795,0.934642,0.0
9,11,0.0,0.0,0.0,0.0,0.0,0.0,0.0,0.0,0.0,0.0,0.06535795,0.934642,0.0
9,11,0.0,0.0,0.0,0.0,0.0,0.0,0.0,0.0,0.0,0.0,0.06535795,0.934642,0.0
9,11,0.0,0.0,0.0,0.0,0.0,0.0,0.0,0.0,0.0,0.0,0.06535795,0.934642,0.0
9,11,0.0,0.0,0.0,0.0,0.0,0.0,0.0,0.0,0.0,0.0,0.06535795,0.934642,0.0
9,11,0.0,0.0,0.0,0.0,0.0,0.0,0.0,0.0,0.0,0.0,0.06535795,0.934642,0.0
9,11,0.0,0.0,0.0,0.0,0.0,0.0,0.0,0.0,0.0,0.0,0.06535795,0.934642,0.0
9,11,0.0,0.0,0.0,0.0,0.0,0.0,0.0,0.0,0.0,0.0,0.06535795,0.934642,0.0
9,11,0.0,0.0,0.0,0.0,0.0,0.0,0.0,0.0,0.0,0.0,0.06535795,0.934642,0.0
9,11,0.0,0.0,0.0,0.0,0.0,0.0,0.0,0.0,0.0,0.0,0.06535795,0.934642,0.0
9,11,0.0,0.0,0.0,0.0,0.0,0.0,0.0,0.0,0.0,0.0,0.06535795,0.934642,0.0
9,11,0.0,0.0,0.0,0.0,0.0,0.0,0.0,0.0,0.0,0.0,0.06535795,0.934642,0.0
9,11,0.0,0.0,0.0,0.0,0.0,0.0,0.0,0.0,0.0,0.0,0.06535795,0.934642,0.0
9,11,0.0,0.0,0.0,0.0,0.0,0.0,0.0,0.0,0.0,0.0,0.06535795,0.934642,0.0
9,11,0.0,0.0,0.0,0.0,0.0,0.0,0.0,0.0,0.0,0.0,0.06535795,0.934642,0.0
9,11,0.0,0.0,0.0,0.0,0.0,0.0,0.0,0.0,0.0,0.0,0.06535795,0.934642,0.0
9,11,0.0,0.0,0.0,0.0,0.0,0.0,0.0,0.0,0.0,0.0,0.06535795,0.934642,0.0
9,11,0.0,0.0,0.0,0.0,0.0,0.0,0.0,0.0,0.0,0.0,0.06535795,0.934642,0.0
9,11,0.0,0.0,0.0,0.0,0.0,0.0,0.0,0.0,0.0,0.0,0.06535795,0.934642,0.0
9,11,0.0,0.0,0.0,0.0,0.0,0.0,0.0,0.0,0.0,0.0,0.06535795,0.934642,0.0
9,11,0.0,0.0,0.0,0.0,0.0,0.0,0.0,0.0,0.0,0.0,0.06535795,0.934642,0.0
9,11,0.0,0.0,0.0,0.0,0.0,0.0,0.0,0.0,0.0,0.0,0.06535795,0.934642,0.0
9,11,0.0,0.0,0.0,0.0,0.0,0.0,0.0,0.0,0.0,0.0,0.06535795,0.934642,0.0
9,11,0.0,0.0,0.0,0.0,0.0,0.0,0.0,0.0,0.0,0.0,0.06535795,0.934642,0.0
9,11,0.0,0.0,0.0,0.0,0.0,0.0,0.0,0.0,0.0,0.0,0.06535795,0.934642,0.0
9,11,0.0,0.0,0.0,0.0,0.0,0.0,0.0,0.0,0.0,0.0,0.06535795,0.934642,0.0
9,11,0.0,0.0,0.0,0.0,0.0,0.0,0.0,0.0,0.0,0.0,0.06535795,0.934642,0.0
9,11,0.0,0.0,0.0,0.0,0.0,0.0,0.0,0.0,0.0,0.0,0.06535795,0.934642,0.0
9,11,0.0,0.0,0.0,0.0,0.0,0.0,0.0,0.0,0.0,0.0,0.06535795,0.934642,0.0
9,11,0.0,0.0,0.0,0.0,0.0,0.0,0.0,0.0,0.0,0.0,0.06535795,0.934642,0.0
9,11,0.0,0.0,0.0,0.0,0.0,0.0,0.0,0.0,0.0,0.0,0.06535795,0.934642,0.0
9,11,0.0,0.0,0.0,0.0,0.0,0.0,0.0,0.0,0.0,0.0,0.06535795,0.934642,0.0
9,11,0.0,0.0,0.0,0.0,0.0,0.0,0.0,0.0,0.0,0.0,0.06535795,0.934642,0.0
9,11,0.0,0.0,0.0,0.0,0.0,0.0,0.0,0.0,0.0,0.0,0.06535795,0.934642,0.0
9,11,0.0,0.0,0.0,0.0,0.0,0.0,0.0,0.0,0.0,0.0,0.06535795,0.934642,0.0
9,11,0.0,0.0,0.0,0.0,0.0,0.0,0.0,0.0,0.0,0.0,0.06535795,0.934642,0.0
9,11,0.0,0.0,0.0,0.0,0.0,0.0,0.0,0.0,0.0,0.0,0.06535795,0.934642,0.0
9,11,0.0,0.0,0.0,0.0,0.0,0.0,0.0,0.0,0.0,0.0,0.06535795,0.934642,0.0
9,11,0.0,0.0,0.0,0.0,0.0,0.0,0.0,0.0,0.0,0.0,0.06535795,0.934642,0.0
9,11,0.0,0.0,0.0,0.0,0.0,0.0,0.0,0.0,0.0,0.0,0.06535795,0.934642,0.0
9,11,0.0,0.0,0.0,0.0,0.0,0.0,0.0,0.0,0.0,0.0,0.06535795,0.934642,0.0
9,11,0.0,0.0,0.0,0.0,0.0,0.0,0.0,0.0,0.0,0.0,0.06535795,0.934642,0.0
9,11,0.0,0.0,0.0,0.0,0.0,0.0,0.0,0.0,0.0,0.0,0.06535795,0.934642,0.0
9,11,0.0,0.0,0.0,0.0,0.0,0.0,0.0,0.0,0.0,0.0,0.06535795,0.934642,0.0
9,11,0.0,0.0,0.0,0.0,0.0,0.0,0.0,0.0,0.0,0.0,0.06535795,0.934642,0.0
9,11,0.0,0.0,0.0,0.0,0.0,0.0,0.0,0.0,0.0,0.0,0.06535795,0.934642,0.0
9,11,0.0,0.0,0.0,0.0,0.0,0.0,0.0,0.0,0.0,0.0,0.06535795,0.934642,0.0
9,11,0.0,0.0,0.0,0.0,0.0,0.0,0.0,0.0,0.0,0.0,0.06535795,0.934642,0.0
9,11,0.0,0.0,0.0,0.0,0.0,0.0,0.0,0.0,0.0,0.0,0.06535795,0.934642,0.0
9,11,0.0,0.0,0.0,0.0,0.0,0.0,0.0,0.0,0.0,0.0,0.06535795,0.934642,0.0
9,11,0.0,0.0,0.0,0.0,0.0,0.0,0.0,0.0,0.0,0.0,0.06535795,0.934642,0.0
9,11,0.0,0.0,0.0,0.0,0.0,0.0,0.0,0.0,0.0,0.0,0.06535795,0.934642,0.0
9,11,0.0,0.0,0.0,0.0,0.0,0.0,0.0,0.0,0.0,0.0,0.06535795,0.934642,0.0
9,11,0.0,0.0,0.0,0.0,0.0,0.0,0.0,0.0,0.0,0.0,0.06535795,0.934642,0.0
9,11,0.0,0.0,0.0,0.0,0.0,0.0,0.0,0.0,0.0,0.0,0.06535795,0.934642,0.0
9,11,0.0,0.0,0.0,0.0,0.0,0.0,0.0,0.0,0.0,0.0,0.06535795,0.934642,0.0
9,11,0.0,0.0,0.0,0.0,0.0,0.0,0.0,0.0,0.0,0.0,0.06535795,0.934642,0.0
9,11,0.0,0.0,0.0,0.0,0.0,0.0,0.0,0.0,0.0,0.0,0.06535795,0.934642,0.0
9,11,0.0,0.0,0.0,0.0,0.0,0.0,0.0,0.0,0.0,0.0,0.06535795,0.934642,0.0
9,11,0.0,0.0,0.0,0.0,0.0,0.0,0.0,0.0,0.0,0.0,0.06535795,0.934642,0.0
9,11,0.0,0.0,0.0,0.0,0.0,0.0,0.0,0.0,0.0,0.0,0.06535795,0.934642,0.0
9,11,0.0,0.0,0.0,0.0,0.0,0.0,0.0,0.0,0.0,0.0,0.06535795,0.934642,0.0
9,11,0.0,0.0,0.0,0.0,0.0,0.0,0.0,0.0,0.0,0.0,0.06535795,0.934642,0.0
9,11,0.0,0.0,0.0,0.0,0.0,0.0,0.0,0.0,0.0,0.0,0.06535795,0.934642,0.0
9,11,0.0,0.0,0.0,0.0,0.0,0.0,0.0,0.0,0.0,0.0,0.06535795,0.934642,0.0
9,11,0.0,0.0,0.0,0.0,0.0,0.0,0.0,0.0,0.0,0.0,0.06535795,0.934642,0.0
9,11,0.0,0.0,0.0,0.0,0.0,0.0,0.0,0.0,0.0,0.0,0.06535795,0.934642,0.0
9,11,0.0,0.0,0.0,0.0,0.0,0.0,0.0,0.0,0.0,0.0,0.06535795,0.934642,0.0
9,11,0.0,0.0,0.0,0.0,0.0,0.0,0.0,0.0,0.0,0.0,0.06535795,0.934642,0.0
9,11,0.0,0.0,0.0,0.0,0.0,0.0,0.0,0.0,0.0,0.0,0.06535795,0.934642,0.0
9,11,0.0,0.0,0.0,0.0,0.0,0.0,0.0,0.0,0.0,0.0,0.06535795,0.934642,0.0
9,11,0.0,0.0,0.0,0.0,0.0,0.0,0.0,0.0,0.0,0.0,0.06535795,0.934642,0.0
9,11,0.0,0.0,0.0,0.0,0.0,0.0,0.0,0.0,0.0,0.0,0.06535795,0.934642,0.0
9,11,0.0,0.0,0.0,0.0,0.0,0.0,0.0,0.0,0.0,0.0,0.06535795,0.934642,0.0
9,11,0.0,0.0,0.0,0.0,0.0,0.0,0.0,0.0,0.0,0.0,0.06535795,0.934642,0.0
9,11,0.0,0.0,0.0,0.0,0.0,0.0,0.0,0.0,0.0,0.0,0.06535795,0.934642,0.0
9,11,0.0,0.0,0.0,0.0,0.0,0.0,0.0,0.0,0.0,0.0,0.06535795,0.934642,0.0
9,11,0.0,0.0,0.0,0.0,0.0,0.0,0.0,0.0,0.0,0.0,0.06535795,0.934642,0.0
9,11,0.0,0.0,0.0,0.0,0.0,0.0,0.0,0.0,0.0,0.0,0.06535795,0.934642,0.0
9,11,0.0,0.0,0.0,0.0,0.0,0.0,0.0,0.0,0.0,0.0,0.06535795,0.934642,0.0
9,11,0.0,0.0,0.0,0.0,0.0,0.0,0.0,0.0,0.0,0.0,0.06535795,0.934642,0.0
9,11,0.0,0.0,0.0,0.0,0.0,0.0,0.0,0.0,0.0,0.0,0.06535795,0.934642,0.0
9,11,0.0,0.0,0.0,0.0,0.0,0.0,0.0,0.0,0.0,0.0,0.06535795,0.934642,0.0
9,11,0.0,0.0,0.0,0.0,0.0,0.0,0.0,0.0,0.0,0.0,0.06535795,0.934642,0.0
9,11,0.0,0.0,0.0,0.0,0.0,0.0,0.0,0.0,0.0,0.0,0.06535795,0.934642,0.0
9,11,0.0,0.0,0.0,0.0,0.0,0.0,0.0,0.0,0.0,0.0,0.06535795,0.934642,0.0
9,11,0.0,0.0,0.0,0.0,0.0,0.0,0.0,0.0,0.0,0.0,0.06535795,0.934642,0.0
9,11,0.0,0.0,0.0,0.0,0.0,0.0,0.0,0.0,0.0,0.0,0.06535795,0.934642,0.0
9,11,0.0,0.0,0.0,0.0,0.0,0.0,0.0,0.0,0.0,0.0,0.06535795,0.934642,0.0
9,11,0.0,0.0,0.0,0.0,0.0,0.0,0.0,0.0,0.0,0.0,0.06535795,0.934642,0.0
9,11,0.0,0.0,0.0,0.0,0.0,0.0,0.0,0.0,0.0,0.0,0.06535795,0.934642,0.0
9,11,0.0,0.0,0.0,0.0,0.0,0.0,0.0,0.0,0.0,0.0,0.06535795,0.934642,0.0
9,11,0.0,0.0,0.0,0.0,0.0,0.0,0.0,0.0,0.0,0.0,0.06535795,0.934642,0.0
9,11,0.0,0.0,0.0,0.0,0.0,0.0,0.0,0.0,0.0,0.0,0.06535795,0.934642,0.0
9,11,0.0,0.0,0.0,0.0,0.0,0.0,0.0,0.0,0.0,0.0,0.06535795,0.934642,0.0
9,11,0.0,0.0,0.0,0.0,0.0,0.0,0.0,0.0,0.0,0.0,0.06535795,0.934642,0.0
9,11,0.0,0.0,0.0,0.0,0.0,0.0,0.0,0.0,0.0,0.0,0.06535795,0.934642,0.0
9,11,0.0,0.0,0.0,0.0,0.0,0.0,0.0,0.0,0.0,0.0,0.06535795,0.934642,0.0
9,11,0.0,0.0,0.0,0.0,0.0,0.0,0.0,0.0,0.0,0.0,0.06535795,0.934642,0.0
9,11,0.0,0.0,0.0,0.0,0.0,0.0,0.0,0.0,0.0,0.0,0.06535795,0.934642,0.0
9,11,0.0,0.0,0.0,0.0,0.0,0.0,0.0,0.0,0.0,0.0,0.06535795,0.934642,0.0
9,11,0.0,0.0,0.0,0.0,0.0,0.0,0.0,0.0,0.0,0.0,0.06535795,0.934642,0.0
9,11,0.0,0.0,0.0,0.0,0.0,0.0,0.0,0.0,0.0,0.0,0.06535795,0.934642,0.0
9,11,0.0,0.0,0.0,0.0,0.0,0.0,0.0,0.0,0.0,0.0,0.06535795,0.934642,0.0
9,11,0.0,0.0,0.0,0.0,0.0,0.0,0.0,0.0,0.0,0.0,0.06535795,0.934642,0.0
9,11,0.0,0.0,0.0,0.0,0.0,0.0,0.0,0.0,0.0,0.0,0.06535795,0.934642,0.0
9,11,0.0,0.0,0.0,0.0,0.0,0.0,0.0,0.0,0.0,0.0,0.06535795,0.934642,0.0
9,11,0.0,0.0,0.0,0.0,0.0,0.0,0.0,0.0,0.0,0.0,0.06535795,0.934642,0.0
9,11,0.0,0.0,0.0,0.0,0.0,0.0,0.0,0.0,0.0,0.0,0.06535795,0.934642,0.0
9,11,0.0,0.0,0.0,0.0,0.0,0.0,0.0,0.0,0.0,0.0,0.06535795,0.934642,0.0
9,11,0.0,0.0,0.0,0.0,0.0,0.0,0.0,0.0,0.0,0.0,0.06535795,0.934642,0.0
9,11,0.0,0.0,0.0,0.0,0.0,0.0,0.0,0.0,0.0,0.0,0.06535795,0.934642,0.0
9,11,0.0,0.0,0.0,0.0,0.0,0.0,0.0,0.0,0.0,0.0,0.06535795,0.934642,0.0
9,11,0.0,0.0,0.0,0.0,0.0,0.0,0.0,0.0,0.0,0.0,0.06535795,0.934642,0.0
9,11,0.0,0.0,0.0,0.0,0.0,0.0,0.0,0.0,0.0,0.0,0.06535795,0.934642,0.0
9,11,0.0,0.0,0.0,0.0,0.0,0.0,0.0,0.0,0.0,0.0,0.06535795,0.934642,0.0
9,11,0.0,0.0,0.0,0.0,0.0,0.0,0.0,0.0,0.0,0.0,0.06535795,0.934642,0.0
9,11,0.0,0.0,0.0,0.0,0.0,0.0,0.0,0.0,0.0,0.0,0.06535795,0.934642,0.0
9,11,0.0,0.0,0.0,0.0,0.0,0.0,0.0,0.0,0.0,0.0,0.06535795,0.934642,0.0
9,11,0.0,0.0,0.0,0.0,0.0,0.0,0.0,0.0,0.0,0.0,0.06535795,0.934642,0.0
9,11,0.0,0.0,0.0,0.0,0.0,0.0,0.0,0.0,0.0,0.0,0.06535795,0.934642,0.0
9,11,0.0,0.0,0.0,0.0,0.0,0.0,0.0,0.0,0.0,0.0,0.06535795,0.934642,0.0
9,11,0.0,0.0,0.0,0.0,0.0,0.0,0.0,0.0,0.0,0.0,0.06535795,0.934642,0.0
9,11,0.0,0.0,0.0,0.0,0.0,0.0,0.0,0.0,0.0,0.0,0.06535795,0.934642,0.0
9,11,0.0,0.0,0.0,0.0,0.0,0.0,0.0,0.0,0.0,0.0,0.06535795,0.934642,0.0
9,11,0.0,0.0,0.0,0.0,0.0,0.0,0.0,0.0,0.0,0.0,0.06535795,0.934642,0.0
9,11,0.0,0.0,0.0,0.0,0.0,0.0,0.0,0.0,0.0,0.0,0.06535795,0.934642,0.0
9,11,0.0,0.0,0.0,0.0,0.0,0.0,0.0,0.0,0.0,0.0,0.06535795,0.934642,0.0
9,11,0.0,0.0,0.0,0.0,0.0,0.0,0.0,0.0,0.0,0.0,0.06535795,0.934642,0.0
9,11,0.0,0.0,0.0,0.0,0.0,0.0,0.0,0.0,0.0,0.0,0.06535795,0.934642,0.0
9,11,0.0,0.0,0.0,0.0,0.0,0.0,0.0,0.0,0.0,0.0,0.06535795,0.934642,0.0
9,11,0.0,0.0,0.0,0.0,0.0,0.0,0.0,0.0,0.0,0.0,0.06535795,0.934642,0.0
9,11,0.0,0.0,0.0,0.0,0.0,0.0,0.0,0.0,0.0,0.0,0.06535795,0.934642,0.0
9,11,0.0,0.0,0.0,0.0,0.0,0.0,0.0,0.0,0.0,0.0,0.06535795,0.934642,0.0
9,11,0.0,0.0,0.0,0.0,0.0,0.0,0.0,0.0,0.0,0.0,0.06535795,0.934642,0.0
9,11,0.0,0.0,0.0,0.0,0.0,0.0,0.0,0.0,0.0,0.0,0.06535795,0.934642,0.0
9,11,0.0,0.0,0.0,0.0,0.0,0.0,0.0,0.0,0.0,0.0,0.06535795,0.934642,0.0
9,11,0.0,0.0,0.0,0.0,0.0,0.0,0.0,0.0,0.0,0.0,0.06535795,0.934642,0.0
9,11,0.0,0.0,0.0,0.0,0.0,0.0,0.0,0.0,0.0,0.0,0.06535795,0.934642,0.0
9,11,0.0,0.0,0.0,0.0,0.0,0.0,0.0,0.0,0.0,0.0,0.06535795,0.934642,0.0
9,11,0.0,0.0,0.0,0.0,0.0,0.0,0.0,0.0,0.0,0.0,0.06535795,0.934642,0.0
9,11,0.0,0.0,0.0,0.0,0.0,0.0,0.0,0.0,0.0,0.0,0.06535795,0.934642,0.0
9,11,0.0,0.0,0.0,0.0,0.0,0.0,0.0,0.0,0.0,0.0,0.06535795,0.934642,0.0
9,11,0.0,0.0,0.0,0.0,0.0,0.0,0.0,0.0,0.0,0.0,0.06535795,0.934642,0.0
9,11,0.0,0.0,0.0,0.0,0.0,0.0,0.0,0.0,0.0,0.0,0.06535795,0.934642,0.0
9,11,0.0,0.0,0.0,0.0,0.0,0.0,0.0,0.0,0.0,0.0,0.06535795,0.934642,0.0
9,11,0.0,0.0,0.0,0.0,0.0,0.0,0.0,0.0,0.0,0.0,0.06535795,0.934642,0.0
9,11,0.0,0.0,0.0,0.0,0.0,0.0,0.0,0.0,0.0,0.0,0.06535795,0.934642,0.0
9,11,0.0,0.0,0.0,0.0,0.0,0.0,0.0,0.0,0.0,0.0,0.06535795,0.934642,0.0
9,11,0.0,0.0,0.0,0.0,0.0,0.0,0.0,0.0,0.0,0.0,0.06535795,0.934642,0.0
9,11,0.0,0.0,0.0,0.0,0.0,0.0,0.0,0.0,0.0,0.0,0.06535795,0.934642,0.0
9,11,0.0,0.0,0.0,0.0,0.0,0.0,0.0,0.0,0.0,0.0,0.06535795,0.934642,0.0
9,11,0.0,0.0,0.0,0.0,0.0,0.0,0.0,0.0,0.0,0.0,0.06535795,0.934642,0.0
9,11,0.0,0.0,0.0,0.0,0.0,0.0,0.0,0.0,0.0,0.0,0.06535795,0.934642,0.0
9,11,0.0,0.0,0.0,0.0,0.0,0.0,0.0,0.0,0.0,0.0,0.06535795,0.934642,0.0
9,11,0.0,0.0,0.0,0.0,0.0,0.0,0.0,0.0,0.0,0.0,0.06535795,0.934642,0.0
9,11,0.0,0.0,0.0,0.0,0.0,0.0,0.0,0.0,0.0,0.0,0.06535795,0.934642,0.0
9,11,0.0,0.0,0.0,0.0,0.0,0.0,0.0,0.0,0.0,0.0,0.06535795,0.934642,0.0
9,11,0.0,0.0,0.0,0.0,0.0,0.0,0.0,0.0,0.0,0.0,0.06535795,0.934642,0.0
9,11,0.0,0.0,0.0,0.0,0.0,0.0,0.0,0.0,0.0,0.0,0.06535795,0.934642,0.0
9,11,0.0,0.0,0.0,0.0,0.0,0.0,0.0,0.0,0.0,0.0,0.06535795,0.934642,0.0
9,11,0.0,0.0,0.0,0.0,0.0,0.0,0.0,0.0,0.0,0.0,0.06535795,0.934642,0.0
9,11,0.0,0.0,0.0,0.0,0.0,0.0,0.0,0.0,0.0,0.0,0.06535795,0.934642,0.0
9,11,0.0,0.0,0.0,0.0,0.0,0.0,0.0,0.0,0.0,0.0,0.06535795,0.934642,0.0
9,11,0.0,0.0,0.0,0.0,0.0,0.0,0.0,0.0,0.0,0.0,0.06535795,0.934642,0.0
9,11,0.0,0.0,0.0,0.0,0.0,0.0,0.0,0.0,0.0,0.0,0.06535795,0.934642,0.0
9,11,0.0,0.0,0.0,0.0,0.0,0.0,0.0,0.0,0.0,0.0,0.06535795,0.934642,0.0
9,11,0.0,0.0,0.0,0.0,0.0,0.0,0.0,0.0,0.0,0.0,0.06535795,0.934642,0.0
9,11,0.0,0.0,0.0,0.0,0.0,0.0,0.0,0.0,0.0,0.0,0.06535795,0.934642,0.0
9,11,0.0,0.0,0.0,0.0,0.0,0.0,0.0,0.0,0.0,0.0,0.06535795,0.934642,0.0
9,11,0.0,0.0,0.0,0.0,0.0,0.0,0.0,0.0,0.0,0.0,0.06535795,0.934642,0.0
9,11,0.0,0.0,0.0,0.0,0.0,0.0,0.0,0.0,0.0,0.0,0.06535795,0.934642,0.0
9,11,0.0,0.0,0.0,0.0,0.0,0.0,0.0,0.0,0.0,0.0,0.06535795,0.934642,0.0
9,11,0.0,0.0,0.0,0.0,0.0,0.0,0.0,0.0,0.0,0.0,0.06535795,0.934642,0.0
9,11,0.0,0.0,0.0,0.0,0.0,0.0,0.0,0.0,0.0,0.0,0.06535795,0.934642,0.0
9,11,0.0,0.0,0.0,0.0,0.0,0.0,0.0,0.0,0.0,0.0,0.06535795,0.934642,0.0
9,11,0.0,0.0,0.0,0.0,0.0,0.0,0.0,0.0,0.0,0.0,0.06535795,0.934642,0.0
9,11,0.0,0.0,0.0,0.0,0.0,0.0,0.0,0.0,0.0,0.0,0.06535795,0.934642,0.0
9,11,0.0,0.0,0.0,0.0,0.0,0.0,0.0,0.0,0.0,0.0,0.06535795,0.934642,0.0
9,11,0.0,0.0,0.0,0.0,0.0,0.0,0.0,0.0,0.0,0.0,0.06535795,0.934642,0.0
9,11,0.0,0.0,0.0,0.0,0.0,0.0,0.0,0.0,0.0,0.0,0.06535795,0.934642,0.0
9,11,0.0,0.0,0.0,0.0,0.0,0.0,0.0,0.0,0.0,0.0,0.06535795,0.934642,0.0
9,11,0.0,0.0,0.0,0.0,0.0,0.0,0.0,0.0,0.0,0.0,0.06535795,0.934642,0.0
9,11,0.0,0.0,0.0,0.0,0.0,0.0,0.0,0.0,0.0,0.0,0.06535795,0.934642,0.0
9,11,0.0,0.0,0.0,0.0,0.0,0.0,0.0,0.0,0.0,0.0,0.06535795,0.934642,0.0
9,11,0.0,0.0,0.0,0.0,0.0,0.0,0.0,0.0,0.0,0.0,0.06535795,0.934642,0.0
9,11,0.0,0.0,0.0,0.0,0.0,0.0,0.0,0.0,0.0,0.0,0.06535795,0.934642,0.0
9,11,0.0,0.0,0.0,0.0,0.0,0.0,0.0,0.0,0.0,0.0,0.06535795,0.934642,0.0
9,11,0.0,0.0,0.0,0.0,0.0,0.0,0.0,0.0,0.0,0.0,0.06535795,0.934642,0.0
9,11,0.0,0.0,0.0,0.0,0.0,0.0,0.0,0.0,0.0,0.0,0.06535795,0.934642,0.0
9,11,0.0,0.0,0.0,0.0,0.0,0.0,0.0,0.0,0.0,0.0,0.06535795,0.934642,0.0
9,11,0.0,0.0,0.0,0.0,0.0,0.0,0.0,0.0,0.0,0.0,0.06535795,0.934642,0.0
9,11,0.0,0.0,0.0,0.0,0.0,0.0,0.0,0.0,0.0,0.0,0.06535795,0.934642,0.0
9,11,0.0,0.0,0.0,0.0,0.0,0.0,0.0,0.0,0.0,0.0,0.06535795,0.934642,0.0
9,11,0.0,0.0,0.0,0.0,0.0,0.0,0.0,0.0,0.0,0.0,0.06535795,0.934642,0.0
9,11,0.0,0.0,0.0,0.0,0.0,0.0,0.0,0.0,0.0,0.0,0.06535795,0.934642,0.0
9,11,0.0,0.0,0.0,0.0,0.0,0.0,0.0,0.0,0.0,0.0,0.06535795,0.934642,0.0
9,11,0.0,0.0,0.0,0.0,0.0,0.0,0.0,0.0,0.0,0.0,0.06535795,0.934642,0.0
9,11,0.0,0.0,0.0,0.0,0.0,0.0,0.0,0.0,0.0,0.0,0.06535795,0.934642,0.0
9,11,0.0,0.0,0.0,0.0,0.0,0.0,0.0,0.0,0.0,0.0,0.06535795,0.934642,0.0
9,11,0.0,0.0,0.0,0.0,0.0,0.0,0.0,0.0,0.0,0.0,0.06535795,0.934642,0.0
9,11,0.0,0.0,0.0,0.0,0.0,0.0,0.0,0.0,0.0,0.0,0.06535795,0.934642,0.0
9,11,0.0,0.0,0.0,0.0,0.0,0.0,0.0,0.0,0.0,0.0,0.06535795,0.934642,0.0
9,11,0.0,0.0,0.0,0.0,0.0,0.0,0.0,0.0,0.0,0.0,0.06535795,0.934642,0.0
9,11,0.0,0.0,0.0,0.0,0.0,0.0,0.0,0.0,0.0,0.0,0.06535795,0.934642,0.0
9,11,0.0,0.0,0.0,0.0,0.0,0.0,0.0,0.0,0.0,0.0,0.06535795,0.934642,0.0
9,11,0.0,0.0,0.0,0.0,0.0,0.0,0.0,0.0,0.0,0.0,0.06535795,0.934642,0.0
9,11,0.0,0.0,0.0,0.0,0.0,0.0,0.0,0.0,0.0,0.0,0.06535795,0.934642,0.0
9,11,0.0,0.0,0.0,0.0,0.0,0.0,0.0,0.0,0.0,0.0,0.06535795,0.934642,0.0
9,11,0.0,0.0,0.0,0.0,0.0,0.0,0.0,0.0,0.0,0.0,0.06535795,0.934642,0.0
9,11,0.0,0.0,0.0,0.0,0.0,0.0,0.0,0.0,0.0,0.0,0.06535795,0.934642,0.0
9,11,0.0,0.0,0.0,0.0,0.0,0.0,0.0,0.0,0.0,0.0,0.06535795,0.934642,0.0
9,11,0.0,0.0,0.0,0.0,0.0,0.0,0.0,0.0,0.0,0.0,0.06535795,0.934642,0.0
9,11,0.0,0.0,0.0,0.0,0.0,0.0,0.0,0.0,0.0,0.0,0.06535795,0.934642,0.0
9,11,0.0,0.0,0.0,0.0,0.0,0.0,0.0,0.0,0.0,0.0,0.06535795,0.934642,0.0
9,11,0.0,0.0,0.0,0.0,0.0,0.0,0.0,0.0,0.0,0.0,0.06535795,0.934642,0.0
9,11,0.0,0.0,0.0,0.0,0.0,0.0,0.0,0.0,0.0,0.0,0.06535795,0.934642,0.0
9,11,0.0,0.0,0.0,0.0,0.0,0.0,0.0,0.0,0.0,0.0,0.06535795,0.934642,0.0
9,11,0.0,0.0,0.0,0.0,0.0,0.0,0.0,0.0,0.0,0.0,0.06535795,0.934642,0.0
9,11,0.0,0.0,0.0,0.0,0.0,0.0,0.0,0.0,0.0,0.0,0.12724625,0.87275374,0.0
9,11,0.0,0.0,0.0,0.0,0.0,0.0,0.0,0.0,0.0,0.0,0.12724625,0.87275374,0.0
9,11,0.0,0.0,0.0,0.0,0.0,0.0,0.0,0.0,0.0,0.0,0.12724625,0.87275374,0.0
9,11,0.0,0.0,0.0,0.0,0.0,0.0,0.0,0.0,0.0,0.0,0.12724625,0.87275374,0.0
9,11,0.0,0.0,0.0,0.0,0.0,0.0,0.0,0.0,0.0,0.0,0.12724625,0.87275374,0.0
9,11,0.0,0.0,0.0,0.0,0.0,0.0,0.0,0.0,0.0,0.0,0.12724625,0.87275374,0.0
9,11,0.0,0.0,0.0,0.0,0.0,0.0,0.0,0.0,0.0,0.0,0.12724625,0.87275374,0.0
9,11,0.0,0.0,0.0,0.0,0.0,0.0,0.0,0.0,0.0,0.0,0.12724625,0.87275374,0.0
9,11,0.0,0.0,0.0,0.0,0.0,0.0,0.0,0.0,0.0,0.0,0.12724625,0.87275374,0.0
9,11,0.0,0.0,0.0,0.0,0.0,0.0,0.0,0.0,0.0,0.0,0.12724625,0.87275374,0.0
9,11,0.0,0.0,0.0,0.0,0.0,0.0,0.0,0.0,0.0,0.0,0.12724625,0.87275374,0.0
9,11,0.0,0.0,0.0,0.0,0.0,0.0,0.0,0.0,0.0,0.0,0.12724625,0.87275374,0.0
9,11,0.0,0.0,0.0,0.0,0.0,0.0,0.0,0.0,0.0,0.0,0.12724625,0.87275374,0.0
9,11,0.0,0.0,0.0,0.0,0.0,0.0,0.0,0.0,0.0,0.0,0.12724625,0.87275374,0.0
9,11,0.0,0.0,0.0,0.0,0.0,0.0,0.0,0.0,0.0,0.0,0.12724625,0.87275374,0.0
9,11,0.0,0.0,0.0,0.0,0.0,0.0,0.0,0.0,0.0,0.0,0.12724625,0.87275374,0.0
9,11,0.0,0.0,0.0,0.0,0.0,0.0,0.0,0.0,0.0,0.0,0.12724625,0.87275374,0.0
9,11,0.0,0.0,0.0,0.0,0.0,0.0,0.0,0.0,0.0,0.0,0.12724625,0.87275374,0.0
9,11,0.0,0.0,0.0,0.0,0.0,0.0,0.0,0.0,0.0,0.0,0.12724625,0.87275374,0.0
9,11,0.0,0.0,0.0,0.0,0.0,0.0,0.0,0.0,0.0,0.0,0.12724625,0.87275374,0.0
9,11,0.0,0.0,0.0,0.0,0.0,0.0,0.0,0.0,0.0,0.0,0.12724625,0.87275374,0.0
9,11,0.0,0.0,0.0,0.0,0.0,0.0,0.0,0.0,0.0,0.0,0.12724625,0.87275374,0.0
9,11,0.0,0.0,0.0,0.0,0.0,0.0,0.0,0.0,0.0,0.0,0.12724625,0.87275374,0.0
9,11,0.0,0.0,0.0,0.0,0.0,0.0,0.0,0.0,0.0,0.0,0.12724625,0.87275374,0.0
9,11,0.0,0.0,0.0,0.0,0.0,0.0,0.0,0.0,0.0,0.0,0.12724625,0.87275374,0.0
9,11,0.0,0.0,0.0,0.0,0.0,0.0,0.0,0.0,0.0,0.0,0.12724625,0.87275374,0.0
9,11,0.0,0.0,0.0,0.0,0.0,0.0,0.0,0.0,0.0,0.0,0.12724625,0.87275374,0.0
9,11,0.0,0.0,0.0,0.0,0.0,0.0,0.0,0.0,0.0,0.0,0.12724625,0.87275374,0.0
9,11,0.0,0.0,0.0,0.0,0.0,0.0,0.0,0.0,0.0,0.0,0.12724625,0.87275374,0.0
9,11,0.0,0.0,0.0,0.0,0.0,0.0,0.0,0.0,0.0,0.0,0.12724625,0.87275374,0.0
9,11,0.0,0.0,0.0,0.0,0.0,0.0,0.0,0.0,0.0,0.0,0.12724625,0.87275374,0.0
9,11,0.0,0.0,0.0,0.0,0.0,0.0,0.0,0.0,0.0,0.0,0.12724625,0.87275374,0.0
9,11,0.0,0.0,0.0,0.0,0.0,0.0,0.0,0.0,0.0,0.0,0.12724625,0.87275374,0.0
9,11,0.0,0.0,0.0,0.0,0.0,0.0,0.0,0.0,0.0,0.0,0.12724625,0.87275374,0.0
9,11,0.0,0.0,0.0,0.0,0.0,0.0,0.0,0.0,0.0,0.0,0.12724625,0.87275374,0.0
9,11,0.0,0.0,0.0,0.0,0.0,0.0,0.0,0.0,0.0,0.0,0.12724625,0.87275374,0.0
9,11,0.0,0.0,0.0,0.0,0.0,0.0,0.0,0.0,0.0,0.0,0.12724625,0.87275374,0.0
9,11,0.0,0.0,0.0,0.0,0.0,0.0,0.0,0.0,0.0,0.0,0.12724625,0.87275374,0.0
9,11,0.0,0.0,0.0,0.0,0.0,0.0,0.0,0.0,0.0,0.0,0.12724625,0.87275374,0.0
9,11,0.0,0.0,0.0,0.0,0.0,0.0,0.0,0.0,0.0,0.0,0.12724625,0.87275374,0.0
9,11,0.056901295,0.0,0.0,0.0,0.0,0.0,0.0,0.0,0.0,0.0,0.19805613,0.6774591,0.067583494
9,11,0.056901295,0.0,0.0,0.0,0.0,0.0,0.0,0.0,0.0,0.0,0.19805613,0.6774591,0.067583494
9,11,0.05690129,0.0,0.061264373,0.0,0.0,0.0,0.0,0.0,0.0,0.0,0.19805612,0.6161947,0.06758349
9,11,0.05690129,0.0,0.061264373,0.0,0.0,0.0,0.0,0.0,0.0,0.0,0.19805612,0.6161947,0.06758349
9,11,0.05690129,0.0,0.061264373,0.0,0.0,0.0,0.0,0.0,0.0,0.0,0.19805612,0.6161947,0.06758349
9,11,0.05690129,0.0,0.061264373,0.0,0.0,0.0,0.0,0.0,0.0,0.0,0.19805612,0.6161947,0.06758349
9,11,0.05690129,0.0,0.061264373,0.0,0.0,0.0,0.0,0.0,0.0,0.0,0.19805612,0.6161947,0.06758349
9,11,0.05690129,0.0,0.061264373,0.0,0.0,0.0,0.0,0.0,0.0,0.0,0.19805612,0.6161947,0.06758349
9,11,0.05690129,0.0,0.061264373,0.0,0.0,0.0,0.0,0.0,0.0,0.0,0.19805612,0.6161947,0.06758349
9,11,0.05690129,0.0,0.061264373,0.0,0.0,0.0,0.0,0.0,0.0,0.0,0.19805612,0.6161947,0.06758349
9,11,0.05690129,0.0,0.061264373,0.0,0.0,0.0,0.0,0.0,0.0,0.0,0.19805612,0.6161947,0.06758349
9,11,0.05690129,0.0,0.061264373,0.0,0.0,0.0,0.0,0.0,0.0,0.0,0.19805612,0.6161947,0.06758349
9,11,0.05690129,0.0,0.061264373,0.0,0.0,0.0,0.0,0.0,0.0,0.0,0.19805612,0.6161947,0.06758349
9,11,0.05690129,0.0,0.061264373,0.0,0.0,0.0,0.0,0.0,0.0,0.0,0.19805612,0.6161947,0.06758349
9,11,0.05690129,0.0,0.061264373,0.0,0.0,0.0,0.0,0.0,0.0,0.0,0.19805612,0.6161947,0.06758349
9,11,0.05690129,0.0,0.061264373,0.0,0.0,0.0,0.0,0.0,0.0,0.0,0.19805612,0.6161947,0.06758349
9,11,0.05690129,0.0,0.061264373,0.0,0.0,0.0,0.0,0.0,0.0,0.0,0.19805612,0.6161947,0.06758349
9,11,0.05690129,0.0,0.061264373,0.0,0.0,0.0,0.0,0.0,0.0,0.0,0.19805612,0.6161947,0.06758349
9,11,0.05690129,0.0,0.061264373,0.0,0.0,0.0,0.0,0.0,0.0,0.0,0.19805612,0.6161947,0.06758349
9,11,0.05690129,0.0,0.061264373,0.0,0.0,0.0,0.0,0.0,0.0,0.0,0.19805612,0.6161947,0.06758349
9,11,0.05690129,0.0,0.061264373,0.0,0.0,0.0,0.0,0.0,0.0,0.0,0.19805612,0.6161947,0.06758349
9,11,0.05690129,0.0,0.061264373,0.0,0.0,0.0,0.0,0.0,0.0,0.0,0.19805612,0.6161947,0.06758349
9,11,0.05690129,0.0,0.061264373,0.0,0.0,0.0,0.0,0.0,0.0,0.0,0.19805612,0.6161947,0.06758349
9,11,0.05690129,0.0,0.061264373,0.0,0.0,0.0,0.0,0.0,0.0,0.0,0.19805612,0.6161947,0.06758349
9,11,0.05690129,0.0,0.061264373,0.0,0.0,0.0,0.0,0.0,0.0,0.0,0.19805612,0.6161947,0.06758349
9,11,0.05690129,0.0,0.061264373,0.0,0.0,0.0,0.0,0.0,0.0,0.0,0.19805612,0.6161947,0.06758349
9,11,0.05690129,0.0,0.061264373,0.0,0.0,0.0,0.0,0.0,0.0,0.0,0.19805612,0.6161947,0.06758349
9,11,0.05690129,0.0,0.061264373,0.0,0.0,0.0,0.0,0.0,0.0,0.0,0.19805612,0.6161947,0.06758349
9,11,0.05690129,0.0,0.061264373,0.0,0.0,0.0,0.0,0.0,0.0,0.0,0.19805612,0.6161947,0.06758349
9,11,0.05690129,0.0,0.061264373,0.0,0.0,0.0,0.0,0.0,0.0,0.0,0.19805612,0.6161947,0.06758349
9,11,0.056901295,0.0,0.12099552,0.0,0.0,0.0,0.0,0.0,0.0,0.0,0.19805613,0.5564636,0.067583494
9,11,0.056901295,0.0,0.12099552,0.0,0.0,0.0,0.0,0.0,0.0,0.0,0.19805613,0.5564636,0.067583494
9,11,0.056901295,0.0,0.12099552,0.0,0.0,0.0,0.0,0.0,0.0,0.0,0.19805613,0.5564636,0.067583494
9,11,0.056901295,0.0,0.12099552,0.0,0.0,0.0,0.0,0.0,0.0,0.0,0.19805613,0.5564636,0.067583494
9,11,0.056901295,0.0,0.12099552,0.0,0.0,0.0,0.0,0.0,0.0,0.0,0.19805613,0.5564636,0.067583494
9,11,0.056901295,0.0,0.12099552,0.0,0.0,0.0,0.0,0.0,0.0,0.0,0.19805613,0.5564636,0.067583494
9,11,0.056901295,0.0,0.12099552,0.0,0.0,0.0,0.0,0.0,0.0,0.0,0.19805613,0.5564636,0.067583494
9,11,0.056901295,0.0,0.12099552,0.0,0.0,0.0,0.0,0.0,0.0,0.0,0.19805613,0.5564636,0.067583494
9,11,0.056901295,0.0,0.12099552,0.0,0.0,0.0,0.0,0.0,0.0,0.0,0.19805613,0.5564636,0.067583494
9,11,0.056901295,0.0,0.12099552,0.0,0.0,0.0,0.0,0.0,0.0,0.0,0.19805613,0.5564636,0.067583494
9,11,0.05690129,0.0,0.18274803,0.0,0.0,0.0,0.0,0.0,0.0,0.0,0.19805612,0.49471104,0.06758349
9,11,0.05690129,0.0,0.18274803,0.0,0.0,0.0,0.0,0.0,0.0,0.0,0.19805612,0.49471104,0.06758349
9,11,0.05690129,0.0,0.18274803,0.0,0.0,0.0,0.0,0.0,0.0,0.0,0.19805612,0.49471104,0.06758349
9,11,0.05690129,0.0,0.18274803,0.0,0.0,0.0,0.0,0.0,0.0,0.0,0.19805612,0.49471104,0.06758349
9,11,0.05690129,0.0,0.18274803,0.0,0.0,0.0,0.0,0.0,0.0,0.0,0.19805612,0.49471104,0.06758349
9,11,0.05690129,0.0,0.18274803,0.0,0.0,0.0,0.0,0.0,0.0,0.0,0.19805612,0.49471104,0.06758349
9,11,0.05690129,0.0,0.18274803,0.0,0.0,0.0,0.0,0.0,0.0,0.0,0.19805612,0.49471104,0.06758349
9,11,0.05690129,0.0,0.18274803,0.0,0.0,0.0,0.0,0.0,0.0,0.0,0.19805612,0.49471104,0.06758349
9,11,0.05690129,0.0,0.18274803,0.0,0.0,0.0,0.0,0.0,0.0,0.0,0.19805612,0.49471104,0.06758349
9,11,0.056901295,0.0,0.23954503,0.0,0.0,0.0,0.0,0.0,0.0,0.0,0.19805613,0.43791407,0.067583494
9,11,0.056901295,0.0,0.23954503,0.0,0.0,0.0,0.0,0.0,0.0,0.0,0.19805613,0.43791407,0.067583494
9,11,0.056901295,0.0,0.23954503,0.0,0.0,0.0,0.0,0.0,0.0,0.0,0.19805613,0.43791407,0.067583494
9,11,0.056901295,0.0,0.23954503,0.0,0.0,0.0,0.0,0.0,0.0,0.0,0.19805613,0.43791407,0.067583494
9,11,0.056901295,0.0,0.23954503,0.0,0.0,0.0,0.0,0.0,0.0,0.0,0.19805613,0.43791407,0.067583494
9,11,0.056901295,0.0,0.23954503,0.0,0.0,0.0,0.0,0.0,0.0,0.0,0.19805613,0.43791407,0.067583494
9,11,0.056901295,0.0,0.23954503,0.0,0.0,0.0,0.0,0.0,0.0,0.0,0.19805613,0.43791407,0.067583494
9,11,0.11982101,0.0,0.23954503,0.0,0.0,0.0,0.0,0.0,0.0,0.0,0.19805613,0.37499437,0.067583494
9,11,0.11982101,0.0,0.23954503,0.0,0.0,0.0,0.0,0.0,0.0,0.0,0.19805613,0.37499437,0.067583494
9,11,0.119821005,0.0,0.23954502,0.0,0.0,0.0,0.0,0.0,0.0,0.0,0.19805612,0.3129478,0.12963
9,11,0.119821005,0.0,0.23954502,0.0,0.0,0.0,0.0,0.0,0.0,0.0,0.19805612,0.3129478,0.12963
9,11,0.119821005,0.0,0.23954502,0.0,0.0,0.0,0.0,0.0,0.0,0.0,0.19805612,0.3129478,0.12963
9,11,0.119821005,0.0,0.23954502,0.0,0.0,0.0,0.0,0.0,0.0,0.0,0.19805612,0.3129478,0.12963
9,11,0.119821005,0.0,0.23954502,0.0,0.0,0.0,0.0,0.0,0.0,0.0,0.19805612,0.3129478,0.12963
9,11,0.119821005,0.0,0.23954502,0.0,0.0,0.0,0.0,0.0,0.0,0.0,0.19805612,0.3129478,0.12963
9,11,0.119821005,0.0,0.23954502,0.0,0.0,0.0,0.0,0.0,0.0,0.0,0.19805612,0.3129478,0.12963
9,11,0.119821005,0.0,0.23954502,0.0,0.0,0.0,0.0,0.0,0.0,0.0,0.19805612,0.3129478,0.12963
9,2,0.119821005,0.0,0.307802,0.0,0.0,0.0,0.0,0.0,0.0,0.0,0.19805612,0.24469082,0.12963
9,2,0.119821005,0.0,0.307802,0.0,0.0,0.0,0.0,0.0,0.0,0.0,0.19805612,0.24469082,0.12963
9,2,0.119821005,0.0,0.307802,0.0,0.0,0.0,0.0,0.0,0.0,0.0,0.19805612,0.24469082,0.12963
9,2,0.119821005,0.0,0.307802,0.0,0.0,0.0,0.0,0.0,0.0,0.0,0.19805612,0.24469082,0.12963
9,2,0.119821005,0.0,0.307802,0.0,0.0,0.0,0.0,0.0,0.0,0.0,0.19805612,0.24469082,0.12963
9,2,0.119821005,0.0,0.307802,0.0,0.0,0.0,0.0,0.0,0.0,0.0,0.19805612,0.24469082,0.12963
9,2,0.11982101,0.0,0.37286565,0.0,0.0,0.0,0.0,0.0,0.0,0.0,0.13269818,0.24498516,0.12963
9,2,0.11982101,0.0,0.37286565,0.0,0.0,0.0,0.0,0.0,0.0,0.0,0.13269818,0.24498516,0.12963
9,2,0.11982101,0.0,0.37286565,0.0,0.0,0.0,0.0,0.0,0.0,0.0,0.13269818,0.24498516,0.12963
9,2,0.11982101,0.0,0.37286565,0.0,0.0,0.0,0.0,0.0,0.0,0.0,0.13269818,0.24498516,0.12963
9,2,0.11982101,0.0,0.37286565,0.0,0.0,0.0,0.0,0.0,0.0,0.0,0.13269818,0.24498516,0.12963
9,2,0.11982101,0.0,0.37286565,0.0,0.0,0.0,0.0,0.0,0.0,0.0,0.13269818,0.24498516,0.12963
9,2,0.11982101,0.0,0.37286565,0.0,0.0,0.0,0.0,0.0,0.0,0.0,0.13269818,0.24498516,0.12963
9,2,0.11982101,0.0,0.37286565,0.0,0.0,0.0,0.0,0.0,0.0,0.0,0.13269818,0.24498516,0.12963
9,2,0.11982101,0.0,0.37286565,0.0,0.0,0.0,0.0,0.0,0.0,0.0,0.13269818,0.24498516,0.12963
9,2,0.11982101,0.0,0.37286565,0.0,0.0,0.0,0.0,0.0,0.0,0.0,0.13269818,0.24498516,0.12963
9,2,0.11982101,0.0,0.37286565,0.0,0.0,0.0,0.0,0.0,0.0,0.0,0.13269818,0.24498516,0.12963
9,2,0.11982101,0.0,0.37286565,0.0,0.0,0.0,0.0,0.0,0.0,0.0,0.13269818,0.24498516,0.12963
9,2,0.11982101,0.0,0.37286565,0.0,0.0,0.0,0.0,0.0,0.0,0.0,0.13269818,0.24498516,0.12963
9,2,0.11982101,0.0,0.37286565,0.0,0.0,0.0,0.0,0.0,0.0,0.0,0.13269818,0.24498516,0.12963
9,2,0.11982101,0.0,0.37286565,0.0,0.0,0.0,0.0,0.0,0.0,0.0,0.13269818,0.24498516,0.12963
9,2,0.11982101,0.0,0.37286565,0.0,0.0,0.0,0.0,0.0,0.0,0.0,0.13269818,0.24498516,0.12963
9,2,0.11982101,0.0,0.37286565,0.0,0.0,0.0,0.0,0.0,0.0,0.0,0.13269818,0.24498516,0.12963
9,2,0.11982101,0.0,0.37286565,0.0,0.0,0.0,0.0,0.0,0.0,0.0,0.13269818,0.24498516,0.12963
9,2,0.11982101,0.0,0.37286565,0.0,0.0,0.0,0.0,0.0,0.0,0.0,0.13269818,0.24498516,0.12963
9,2,0.11982101,0.0,0.37286565,0.0,0.0,0.0,0.0,0.0,0.0,0.0,0.13269818,0.24498516,0.12963
9,2,0.11982101,0.0,0.37286565,0.0,0.0,0.0,0.0,0.0,0.0,0.0,0.13269818,0.24498516,0.12963
9,2,0.11982101,0.0,0.37286565,0.0,0.0,0.0,0.0,0.0,0.0,0.0,0.13269818,0.24498516,0.12963
9,2,0.11982101,0.0,0.37286565,0.0,0.0,0.0,0.0,0.0,0.0,0.0,0.13269818,0.24498516,0.12963
9,2,0.11982101,0.0,0.37286565,0.0,0.0,0.0,0.0,0.0,0.0,0.0,0.13269818,0.24498516,0.12963
9,2,0.11982101,0.0,0.37286565,0.0,0.0,0.0,0.0,0.0,0.0,0.0,0.13269818,0.18855557,0.1860596
9,2,0.11982101,0.0,0.37286565,0.0,0.0,0.0,0.0,0.0,0.0,0.0,0.13269818,0.18855557,0.1860596
9,2,0.11982101,0.0,0.37286565,0.0,0.0,0.0,0.0,0.0,0.0,0.0,0.13269818,0.18855557,0.1860596
9,2,0.11982101,0.0,0.37286565,0.0,0.0,0.0,0.0,0.0,0.0,0.0,0.13269818,0.18855557,0.1860596
9,2,0.11982101,0.0,0.37286565,0.0,0.0,0.0,0.0,0.0,0.0,0.0,0.13269818,0.18855557,0.1860596
9,2,0.11982101,0.0,0.37286565,0.0,0.0,0.0,0.0,0.0,0.0,0.0,0.13269818,0.18855557,0.1860596
9,2,0.11982101,0.0,0.37286565,0.0,0.0,0.0,0.0,0.0,0.0,0.0,0.13269818,0.18855557,0.1860596
9,2,0.11982101,0.0,0.37286565,0.0,0.0,0.0,0.0,0.0,0.0,0.0,0.13269818,0.18855557,0.1860596
9,2,0.11982101,0.0,0.37286565,0.0,0.0,0.0,0.0,0.0,0.0,0.0,0.13269818,0.18855557,0.1860596
9,2,0.11982101,0.0,0.37286565,0.0,0.0,0.0,0.0,0.0,0.0,0.0,0.13269818,0.18855557,0.1860596
9,2,0.11982101,0.0,0.37286565,0.0,0.0,0.0,0.0,0.0,0.0,0.0,0.13269818,0.18855557,0.1860596
9,2,0.11982101,0.0,0.37286565,0.0,0.0,0.0,0.0,0.0,0.0,0.0,0.13269818,0.18855557,0.1860596
9,2,0.11982101,0.0,0.37286565,0.0,0.0,0.0,0.0,0.0,0.0,0.0,0.13269818,0.18855557,0.1860596
9,2,0.11982101,0.0,0.37286565,0.0,0.0,0.0,0.0,0.0,0.0,0.0,0.13269818,0.18855557,0.1860596
9,2,0.11982101,0.0,0.37286565,0.0,0.0,0.0,0.0,0.0,0.0,0.0,0.13269818,0.18855557,0.1860596
9,2,0.11982101,0.0,0.37286565,0.0,0.0,0.0,0.0,0.0,0.0,0.0,0.13269818,0.18855557,0.1860596
9,2,0.11982101,0.0,0.37286565,0.0,0.0,0.0,0.0,0.0,0.0,0.0,0.13269818,0.18855557,0.1860596
9,2,0.11982101,0.0,0.37286565,0.0,0.0,0.0,0.0,0.0,0.0,0.0,0.13269818,0.18855557,0.1860596
9,2,0.11982101,0.0,0.37286565,0.0,0.0,0.0,0.0,0.0,0.0,0.0,0.13269818,0.18855557,0.1860596
9,2,0.11982101,0.0,0.37286565,0.0,0.0,0.0,0.0,0.0,0.0,0.0,0.13269818,0.18855557,0.1860596
9,2,0.11982101,0.0,0.37286565,0.0,0.0,0.0,0.0,0.0,0.0,0.0,0.13269818,0.18855557,0.1860596
9,2,0.11982101,0.0,0.37286565,0.0,0.0,0.0,0.0,0.0,0.0,0.0,0.13269818,0.18855557,0.1860596
9,2,0.11982101,0.0,0.37286565,0.0,0.0,0.0,0.0,0.0,0.0,0.0,0.13269818,0.18855557,0.1860596
9,2,0.11982101,0.0,0.37286565,0.0,0.0,0.0,0.0,0.0,0.0,0.0,0.13269818,0.18855557,0.1860596
9,2,0.11982101,0.0,0.37286565,0.0,0.0,0.0,0.0,0.0,0.0,0.0,0.13269818,0.18855557,0.1860596
9,2,0.11982101,0.0,0.37286565,0.0,0.0,0.0,0.0,0.0,0.0,0.0,0.13269818,0.18855557,0.1860596
9,2,0.11982101,0.0,0.37286565,0.0,0.0,0.0,0.0,0.0,0.0,0.0,0.13269818,0.18855557,0.1860596
9,2,0.11982101,0.0,0.37286565,0.0,0.0,0.0,0.0,0.0,0.0,0.0,0.13269818,0.18855557,0.1860596
9,2,0.11982101,0.0,0.37286565,0.0,0.0,0.0,0.0,0.0,0.0,0.0,0.13269818,0.18855557,0.1860596
9,2,0.11982101,0.0,0.37286565,0.0,0.0,0.0,0.0,0.0,0.0,0.0,0.13269818,0.18855557,0.1860596
9,2,0.11982101,0.0,0.37286565,0.0,0.0,0.0,0.0,0.0,0.0,0.0,0.13269818,0.18855557,0.1860596
9,2,0.11982101,0.0,0.37286565,0.0,0.0,0.0,0.0,0.0,0.0,0.0,0.13269818,0.18855557,0.1860596
9,2,0.11982101,0.0,0.37286565,0.0,0.0,0.0,0.0,0.0,0.0,0.0,0.13269818,0.18855557,0.1860596
9,2,0.11982101,0.0,0.37286565,0.0,0.0,0.0,0.0,0.0,0.0,0.0,0.13269818,0.18855557,0.1860596
9,2,0.11982101,0.0,0.37286565,0.0,0.0,0.0,0.0,0.0,0.0,0.0,0.13269818,0.18855557,0.1860596
9,2,0.11982101,0.0,0.37286565,0.0,0.0,0.0,0.0,0.0,0.0,0.0,0.13269818,0.18855557,0.1860596
9,2,0.11982101,0.0,0.37286565,0.0,0.0,0.0,0.0,0.0,0.0,0.0,0.13269818,0.18855557,0.1860596
9,2,0.11982101,0.0,0.37286565,0.0,0.0,0.0,0.0,0.0,0.0,0.0,0.13269818,0.18855557,0.1860596
9,2,0.11982101,0.0,0.37286565,0.0,0.0,0.0,0.0,0.0,0.0,0.0,0.13269818,0.18855557,0.1860596
9,2,0.11982101,0.0,0.37286565,0.0,0.0,0.0,0.0,0.0,0.0,0.0,0.13269818,0.18855557,0.1860596
9,2,0.11982101,0.0,0.37286565,0.0,0.0,0.0,0.0,0.0,0.0,0.0,0.13269818,0.12336559,0.25124958
9,2,0.11982101,0.0,0.37286565,0.0,0.0,0.0,0.0,0.0,0.0,0.0,0.13269818,0.12336559,0.25124958
9,2,0.11982101,0.0,0.37286565,0.0,0.0,0.0,0.0,0.0,0.0,0.0,0.13269818,0.12336559,0.25124958
9,2,0.11982101,0.0,0.37286565,0.0,0.0,0.0,0.0,0.0,0.0,0.0,0.13269818,0.12336559,0.25124958
9,2,0.11982101,0.0,0.37286565,0.0,0.0,0.0,0.0,0.0,0.0,0.0,0.13269818,0.12336559,0.25124958
9,2,0.11982101,0.0,0.37286565,0.0,0.0,0.0,0.0,0.0,0.0,0.0,0.13269818,0.12336559,0.25124958
9,2,0.11982101,0.0,0.37286565,0.0,0.0,0.0,0.0,0.0,0.0,0.0,0.13269818,0.12336559,0.25124958
9,2,0.11982101,0.0,0.37286565,0.0,0.0,0.0,0.0,0.0,0.0,0.0,0.13269818,0.12336559,0.25124958
9,2,0.11982101,0.0,0.37286565,0.0,0.0,0.0,0.0,0.0,0.0,0.0,0.13269818,0.12336559,0.25124958
9,2,0.11982101,0.0,0.37286565,0.0,0.0,0.0,0.0,0.0,0.0,0.0,0.13269818,0.12336559,0.25124958
9,2,0.11982101,0.0,0.37286565,0.0,0.0,0.0,0.0,0.0,0.0,0.0,0.13269818,0.12336559,0.25124958
9,2,0.11982101,0.0,0.37286565,0.0,0.0,0.0,0.0,0.0,0.0,0.0,0.13269818,0.12336559,0.25124958
9,2,0.11982101,0.0,0.37286565,0.0,0.0,0.0,0.0,0.0,0.0,0.0,0.13269818,0.12336559,0.25124958
9,2,0.11982101,0.0,0.37286565,0.0,0.0,0.0,0.0,0.0,0.0,0.0,0.13269818,0.12336559,0.25124958
9,2,0.11982101,0.0,0.37286565,0.0,0.0,0.0,0.0,0.0,0.0,0.0,0.13269818,0.12336559,0.25124958
9,2,0.11982101,0.0,0.37286565,0.0,0.0,0.0,0.0,0.0,0.0,0.0,0.13269818,0.12336559,0.25124958
9,2,0.11982101,0.0,0.37286565,0.0,0.0,0.0,0.0,0.0,0.0,0.0,0.13269818,0.12336559,0.25124958
9,2,0.11982101,0.0,0.37286565,0.0,0.0,0.0,0.0,0.0,0.0,0.0,0.13269818,0.12336559,0.25124958
9,2,0.11982101,0.0,0.37286565,0.0,0.0,0.0,0.0,0.0,0.0,0.0,0.13269818,0.12336559,0.25124958
9,2,0.11982101,0.0,0.37286565,0.0,0.0,0.0,0.0,0.0,0.0,0.0,0.13269818,0.12336559,0.25124958
9,2,0.11982101,0.0,0.37286565,0.0,0.0,0.0,0.0,0.0,0.0,0.0,0.13269818,0.12336559,0.25124958
9,2,0.11982101,0.0,0.37286565,0.0,0.0,0.0,0.0,0.0,0.0,0.0,0.13269818,0.12336559,0.25124958
9,2,0.11982101,0.0,0.37286565,0.0,0.0,0.0,0.0,0.0,0.0,0.0,0.13269818,0.12336559,0.25124958
9,2,0.11982101,0.0,0.37286565,0.0,0.0,0.0,0.0,0.0,0.0,0.0,0.13269818,0.12336559,0.25124958
9,2,0.11982102,0.0,0.37286568,0.0,0.0,0.0,0.0,0.0,0.0,0.0,0.1326982,0.06535796,0.30925724
9,2,0.11982102,0.0,0.37286568,0.0,0.0,0.0,0.0,0.0,0.0,0.0,0.1326982,0.06535796,0.30925724
9,2,0.11982102,0.0,0.37286568,0.0,0.0,0.0,0.0,0.0,0.0,0.0,0.1326982,0.06535796,0.30925724
9,2,0.11982102,0.0,0.37286568,0.0,0.0,0.0,0.0,0.0,0.0,0.0,0.1326982,0.06535796,0.30925724
9,2,0.11982102,0.0,0.37286568,0.0,0.0,0.0,0.0,0.0,0.0,0.0,0.1326982,0.06535796,0.30925724
9,2,0.11982102,0.0,0.37286568,0.0,0.0,0.0,0.0,0.0,0.0,0.0,0.1326982,0.06535796,0.30925724
9,2,0.11982102,0.0,0.37286568,0.0,0.0,0.0,0.0,0.0,0.0,0.0,0.1326982,0.06535796,0.30925724
9,2,0.11982102,0.0,0.37286568,0.0,0.0,0.0,0.0,0.0,0.0,0.0,0.1326982,0.06535796,0.30925724
9,2,0.11982102,0.0,0.37286568,0.0,0.0,0.0,0.0,0.0,0.0,0.0,0.1326982,0.06535796,0.30925724
9,2,0.11982102,0.0,0.37286568,0.0,0.0,0.0,0.0,0.0,0.0,0.0,0.1326982,0.06535796,0.30925724
9,2,0.11982102,0.0,0.37286568,0.0,0.0,0.0,0.0,0.0,0.0,0.0,0.1326982,0.06535796,0.30925724
9,2,0.11982102,0.0,0.37286568,0.0,0.0,0.0,0.0,0.0,0.0,0.0,0.1326982,0.06535796,0.30925724
9,2,0.11982102,0.0,0.37286568,0.0,0.0,0.0,0.0,0.0,0.0,0.0,0.1326982,0.06535796,0.30925724
9,2,0.11982102,0.0,0.37286568,0.0,0.0,0.0,0.0,0.0,0.0,0.0,0.1326982,0.06535796,0.30925724
9,2,0.11982102,0.0,0.37286568,0.0,0.0,0.0,0.0,0.0,0.0,0.0,0.1326982,0.06535796,0.30925724
9,2,0.11982102,0.0,0.37286568,0.0,0.0,0.0,0.0,0.0,0.0,0.0,0.1326982,0.06535796,0.30925724
9,2,0.11982102,0.0,0.37286568,0.0,0.0,0.0,0.0,0.0,0.0,0.0,0.1326982,0.06535796,0.30925724
9,2,0.11982102,0.0,0.37286568,0.0,0.0,0.0,0.0,0.0,0.0,0.0,0.1326982,0.06535796,0.30925724
9,2,0.11982102,0.0,0.37286568,0.0,0.0,0.0,0.0,0.0,0.0,0.0,0.1326982,0.06535796,0.30925724
9,2,0.11982102,0.0,0.37286568,0.0,0.0,0.0,0.0,0.0,0.0,0.0,0.1326982,0.06535796,0.30925724
10,2,0.11982102,0.0,0.37286568,0.0,0.0,0.0,0.0,0.0,0.0,0.0,0.1326982,0.06535796,0.30925724
10,2,0.11982102,0.0,0.37286568,0.0,0.0,0.0,0.0,0.0,0.0,0.0,0.1326982,0.06535796,0.30925724
10,2,0.11982102,0.0,0.37286568,0.0,0.0,0.0,0.0,0.0,0.0,0.0,0.1326982,0.06535796,0.30925724
10,2,0.11982102,0.0,0.37286568,0.0,0.0,0.0,0.0,0.0,0.0,0.0,0.1326982,0.06535796,0.30925724
10,2,0.11982102,0.0,0.37286568,0.0,0.0,0.0,0.0,0.0,0.0,0.0,0.1326982,0.06535796,0.30925724
10,2,0.11982102,0.0,0.37286568,0.0,0.0,0.0,0.0,0.0,0.0,0.0,0.1326982,0.06535796,0.30925724
10,2,0.11982102,0.0,0.37286568,0.0,0.0,0.0,0.0,0.0,0.0,0.0,0.1326982,0.06535796,0.30925724
10,2,0.11982102,0.0,0.37286568,0.0,0.0,0.0,0.0,0.0,0.0,0.0,0.1326982,0.06535796,0.30925724
10,2,0.11982102,0.0,0.37286568,0.0,0.0,0.0,0.0,0.0,0.0,0.0,0.1326982,0.06535796,0.30925724
10,2,0.11982102,0.0,0.37286568,0.0,0.0,0.0,0.0,0.0,0.0,0.0,0.1326982,0.06535796,0.30925724
10,2,0.11982102,0.0,0.37286568,0.0,0.0,0.0,0.0,0.0,0.0,0.0,0.1326982,0.06535796,0.30925724
10,2,0.11982102,0.0,0.37286568,0.0,0.0,0.0,0.0,0.0,0.0,0.0,0.1326982,0.06535796,0.30925724
10,2,0.11982102,0.0,0.37286568,0.0,0.0,0.0,0.0,0.0,0.0,0.0,0.1326982,0.06535796,0.30925724
10,2,0.11982102,0.0,0.37286568,0.0,0.0,0.0,0.0,0.0,0.0,0.0,0.1326982,0.06535796,0.30925724
10,2,0.11982102,0.0,0.37286568,0.0,0.0,0.0,0.0,0.0,0.0,0.0,0.1326982,0.06535796,0.30925724
10,2,0.11982102,0.0,0.37286568,0.0,0.0,0.0,0.0,0.0,0.0,0.0,0.1326982,0.06535796,0.30925724
10,2,0.11982102,0.0,0.37286568,0.0,0.0,0.0,0.0,0.0,0.0,0.0,0.1326982,0.06535796,0.30925724
10,2,0.11982102,0.0,0.37286568,0.0,0.0,0.0,0.0,0.0,0.0,0.0,0.1326982,0.06535796,0.30925724
10,2,0.11982102,0.0,0.37286568,0.0,0.0,0.0,0.0,0.0,0.0,0.0,0.1326982,0.06535796,0.30925724
10,2,0.11982102,0.0,0.37286568,0.0,0.0,0.0,0.0,0.0,0.0,0.0,0.1326982,0.06535796,0.30925724
10,2,0.11982102,0.0,0.37286568,0.0,0.0,0.0,0.0,0.0,0.0,0.0,0.1326982,0.06535796,0.30925724
10,2,0.11982102,0.0,0.37286568,0.0,0.0,0.0,0.0,0.0,0.0,0.0,0.1326982,0.06535796,0.30925724
10,2,0.11982102,0.0,0.37286568,0.0,0.0,0.0,0.0,0.0,0.0,0.0,0.1326982,0.06535796,0.30925724
10,2,0.11982102,0.0,0.37286568,0.0,0.0,0.0,0.0,0.0,0.0,0.0,0.1326982,0.06535796,0.30925724
10,2,0.11982102,0.0,0.37286568,0.0,0.0,0.0,0.0,0.0,0.0,0.0,0.1326982,0.06535796,0.30925724
10,2,0.11982102,0.0,0.37286568,0.0,0.0,0.0,0.0,0.0,0.0,0.0,0.1326982,0.06535796,0.30925724
10,2,0.11982102,0.0,0.37286568,0.0,0.0,0.0,0.0,0.0,0.0,0.0,0.1326982,0.06535796,0.30925724
10,2,0.11982102,0.0,0.37286568,0.0,0.0,0.0,0.0,0.0,0.0,0.0,0.1326982,0.06535796,0.30925724
10,2,0.11982102,0.0,0.37286568,0.0,0.0,0.0,0.0,0.0,0.0,0.0,0.1326982,0.06535796,0.30925724
10,2,0.11982102,0.0,0.37286568,0.0,0.0,0.0,0.0,0.0,0.0,0.0,0.1326982,0.06535796,0.30925724
10,2,0.11982102,0.0,0.37286568,0.0,0.0,0.0,0.0,0.0,0.0,0.0,0.1326982,0.06535796,0.30925724
10,2,0.11982102,0.0,0.37286568,0.0,0.0,0.0,0.0,0.0,0.0,0.0,0.1326982,0.06535796,0.30925724
10,2,0.11982102,0.0,0.37286568,0.0,0.0,0.0,0.0,0.0,0.0,0.0,0.1326982,0.06535796,0.30925724
10,2,0.11982102,0.0,0.37286568,0.0,0.0,0.0,0.0,0.0,0.0,0.0,0.1326982,0.06535796,0.30925724
10,2,0.11982102,0.0,0.37286568,0.0,0.0,0.0,0.0,0.0,0.0,0.0,0.1326982,0.06535796,0.30925724
10,2,0.11982102,0.0,0.37286568,0.0,0.0,0.0,0.0,0.0,0.0,0.0,0.1326982,0.06535796,0.30925724
10,2,0.11982102,0.0,0.37286568,0.0,0.0,0.0,0.0,0.0,0.0,0.0,0.1326982,0.06535796,0.30925724
10,2,0.11982102,0.0,0.37286568,0.0,0.0,0.0,0.0,0.0,0.0,0.0,0.1326982,0.06535796,0.30925724
10,2,0.11982102,0.0,0.37286568,0.0,0.0,0.0,0.0,0.0,0.0,0.0,0.1326982,0.06535796,0.30925724
10,2,0.11982102,0.0,0.37286568,0.0,0.0,0.0,0.0,0.0,0.0,0.0,0.1326982,0.06535796,0.30925724
10,2,0.11982102,0.0,0.37286568,0.0,0.0,0.0,0.0,0.0,0.0,0.0,0.1326982,0.06535796,0.30925724
10,2,0.11982102,0.0,0.37286568,0.0,0.0,0.0,0.0,0.0,0.0,0.0,0.1326982,0.06535796,0.30925724
10,2,0.11982102,0.0,0.37286568,0.0,0.0,0.0,0.0,0.0,0.0,0.0,0.1326982,0.06535796,0.30925724
10,2,0.11982102,0.0,0.37286568,0.0,0.0,0.0,0.0,0.0,0.0,0.0,0.1326982,0.06535796,0.30925724
10,2,0.11982102,0.0,0.37286568,0.0,0.0,0.0,0.0,0.0,0.0,0.0,0.1326982,0.06535796,0.30925724
10,2,0.11982102,0.0,0.37286568,0.0,0.0,0.0,0.0,0.0,0.0,0.0,0.1326982,0.06535796,0.30925724
10,2,0.11982102,0.0,0.37286568,0.0,0.0,0.0,0.0,0.0,0.0,0.0,0.1326982,0.06535796,0.30925724
10,2,0.11982102,0.0,0.37286568,0.0,0.0,0.0,0.0,0.0,0.0,0.0,0.1326982,0.06535796,0.30925724
10,2,0.11982102,0.0,0.37286568,0.0,0.0,0.0,0.0,0.0,0.0,0.0,0.1326982,0.06535796,0.30925724
10,2,0.11982102,0.0,0.37286568,0.0,0.0,0.0,0.0,0.0,0.0,0.0,0.1326982,0.06535796,0.30925724
10,2,0.11982102,0.0,0.37286568,0.0,0.0,0.0,0.0,0.0,0.0,0.0,0.1326982,0.06535796,0.30925724
10,2,0.11982102,0.0,0.37286568,0.0,0.0,0.0,0.0,0.0,0.0,0.0,0.1326982,0.06535796,0.30925724
10,2,0.11982102,0.0,0.37286568,0.0,0.0,0.0,0.0,0.0,0.0,0.0,0.1326982,0.06535796,0.30925724
10,2,0.11982102,0.0,0.37286568,0.0,0.0,0.0,0.0,0.0,0.0,0.0,0.1326982,0.06535796,0.30925724
10,2,0.11982102,0.0,0.37286568,0.0,0.0,0.0,0.0,0.0,0.0,0.0,0.1326982,0.06535796,0.30925724
10,2,0.11982102,0.0,0.37286568,0.0,0.0,0.0,0.0,0.0,0.0,0.0,0.1326982,0.06535796,0.30925724
10,2,0.11982102,0.0,0.37286568,0.0,0.0,0.0,0.0,0.0,0.0,0.0,0.1326982,0.06535796,0.30925724
10,2,0.11982102,0.0,0.37286568,0.0,0.0,0.0,0.0,0.0,0.0,0.0,0.1326982,0.06535796,0.30925724
10,2,0.11982102,0.0,0.37286568,0.0,0.0,0.0,0.0,0.0,0.0,0.0,0.1326982,0.06535796,0.30925724
10,2,0.11982102,0.0,0.37286568,0.0,0.0,0.0,0.0,0.0,0.0,0.0,0.1326982,0.06535796,0.30925724
10,2,0.11982102,0.0,0.37286568,0.0,0.0,0.0,0.0,0.0,0.0,0.0,0.1326982,0.06535796,0.30925724
10,2,0.11982102,0.0,0.37286568,0.0,0.0,0.0,0.0,0.0,0.0,0.0,0.1326982,0.06535796,0.30925724
10,2,0.11982102,0.0,0.37286568,0.0,0.0,0.0,0.0,0.0,0.0,0.0,0.1326982,0.06535796,0.30925724
10,2,0.11982102,0.0,0.37286568,0.0,0.0,0.0,0.0,0.0,0.0,0.0,0.1326982,0.06535796,0.30925724
10,2,0.11982102,0.0,0.37286568,0.0,0.0,0.0,0.0,0.0,0.0,0.0,0.1326982,0.06535796,0.30925724
10,2,0.11982102,0.0,0.37286568,0.0,0.0,0.0,0.0,0.0,0.0,0.0,0.1326982,0.06535796,0.30925724
10,2,0.11982102,0.0,0.37286568,0.0,0.0,0.0,0.0,0.0,0.0,0.0,0.1326982,0.06535796,0.30925724
10,2,0.11982102,0.0,0.37286568,0.0,0.0,0.0,0.0,0.0,0.0,0.0,0.1326982,0.06535796,0.30925724
10,2,0.11982102,0.0,0.37286568,0.0,0.0,0.0,0.0,0.0,0.0,0.0,0.1326982,0.06535796,0.30925724
10,2,0.11982102,0.0,0.37286568,0.0,0.0,0.0,0.0,0.0,0.0,0.0,0.1326982,0.06535796,0.30925724
10,2,0.11982102,0.0,0.37286568,0.0,0.0,0.0,0.0,0.0,0.0,0.0,0.1326982,0.06535796,0.30925724
10,2,0.11982102,0.0,0.37286568,0.0,0.0,0.0,0.0,0.0,0.0,0.0,0.1326982,0.06535796,0.30925724
10,2,0.11982102,0.0,0.37286568,0.0,0.0,0.0,0.0,0.0,0.0,0.0,0.1326982,0.06535796,0.30925724
10,2,0.11982102,0.0,0.37286568,0.0,0.0,0.0,0.0,0.0,0.0,0.0,0.1326982,0.06535796,0.30925724
10,2,0.11982102,0.0,0.37286568,0.0,0.0,0.0,0.0,0.0,0.0,0.0,0.1326982,0.06535796,0.30925724
10,2,0.11982102,0.0,0.37286568,0.0,0.0,0.0,0.0,0.0,0.0,0.0,0.1326982,0.06535796,0.30925724
10,2,0.11982102,0.0,0.37286568,0.0,0.0,0.0,0.0,0.0,0.0,0.0,0.1326982,0.06535796,0.30925724
10,2,0.11982102,0.0,0.37286568,0.0,0.0,0.0,0.0,0.0,0.0,0.0,0.1326982,0.06535796,0.30925724
10,2,0.11982102,0.0,0.37286568,0.0,0.0,0.0,0.0,0.0,0.0,0.0,0.1326982,0.06535796,0.30925724
10,2,0.11982102,0.0,0.37286568,0.0,0.0,0.0,0.0,0.0,0.0,0.0,0.1326982,0.06535796,0.30925724
10,2,0.11982102,0.0,0.37286568,0.0,0.0,0.0,0.0,0.0,0.0,0.0,0.1326982,0.06535796,0.30925724
10,2,0.11982102,0.0,0.37286568,0.0,0.0,0.0,0.0,0.0,0.0,0.0,0.1326982,0.06535796,0.30925724
10,2,0.11982102,0.0,0.37286568,0.0,0.0,0.0,0.0,0.0,0.0,0.0,0.1326982,0.06535796,0.30925724
10,2,0.11982102,0.0,0.37286568,0.0,0.0,0.0,0.0,0.0,0.0,0.0,0.1326982,0.06535796,0.30925724
10,2,0.11982102,0.0,0.37286568,0.0,0.0,0.0,0.0,0.0,0.0,0.0,0.1326982,0.06535796,0.30925724
10,2,0.11982102,0.0,0.37286568,0.0,0.0,0.0,0.0,0.0,0.0,0.0,0.1326982,0.06535796,0.30925724
10,2,0.11982102,0.0,0.37286568,0.0,0.0,0.0,0.0,0.0,0.0,0.0,0.1326982,0.06535796,0.30925724
10,2,0.11982102,0.0,0.37286568,0.0,0.0,0.0,0.0,0.0,0.0,0.0,0.1326982,0.06535796,0.30925724
10,2,0.11982102,0.0,0.37286568,0.0,0.0,0.0,0.0,0.0,0.0,0.0,0.1326982,0.06535796,0.30925724
10,2,0.11982102,0.0,0.37286568,0.0,0.0,0.0,0.0,0.0,0.0,0.0,0.1326982,0.06535796,0.30925724
10,2,0.11982102,0.0,0.37286568,0.0,0.0,0.0,0.0,0.0,0.0,0.0,0.1326982,0.06535796,0.30925724
10,2,0.11982102,0.0,0.37286568,0.0,0.0,0.0,0.0,0.0,0.0,0.0,0.1326982,0.06535796,0.30925724
10,2,0.11982102,0.0,0.37286568,0.0,0.0,0.0,0.0,0.0,0.0,0.0,0.1326982,0.06535796,0.30925724
10,2,0.11982102,0.0,0.37286568,0.0,0.0,0.0,0.0,0.0,0.0,0.0,0.1326982,0.06535796,0.30925724
10,2,0.11982102,0.0,0.37286568,0.0,0.0,0.0,0.0,0.0,0.0,0.0,0.1326982,0.06535796,0.30925724
10,2,0.11982102,0.0,0.37286568,0.0,0.0,0.0,0.0,0.0,0.0,0.0,0.1326982,0.06535796,0.30925724
10,2,0.11982102,0.0,0.37286568,0.0,0.0,0.0,0.0,0.0,0.0,0.0,0.1326982,0.06535796,0.30925724
10,2,0.11982102,0.0,0.37286568,0.0,0.0,0.0,0.0,0.0,0.0,0.0,0.1326982,0.06535796,0.30925724
10,2,0.11982102,0.0,0.37286568,0.0,0.0,0.0,0.0,0.0,0.0,0.0,0.1326982,0.06535796,0.30925724
10,2,0.11982102,0.0,0.37286568,0.0,0.0,0.0,0.0,0.0,0.0,0.0,0.1326982,0.06535796,0.30925724
10,2,0.11982102,0.0,0.37286568,0.0,0.0,0.0,0.0,0.0,0.0,0.0,0.1326982,0.06535796,0.30925724
10,2,0.11982102,0.0,0.37286568,0.0,0.0,0.0,0.0,0.0,0.0,0.0,0.1326982,0.06535796,0.30925724
10,2,0.11982102,0.0,0.37286568,0.0,0.0,0.0,0.0,0.0,0.0,0.0,0.1326982,0.06535796,0.30925724
10,2,0.11982102,0.0,0.37286568,0.0,0.0,0.0,0.0,0.0,0.0,0.0,0.1326982,0.06535796,0.30925724
10,2,0.11982102,0.0,0.37286568,0.0,0.0,0.0,0.0,0.0,0.0,0.0,0.1326982,0.06535796,0.30925724
10,2,0.11982102,0.0,0.37286568,0.0,0.0,0.0,0.0,0.0,0.0,0.0,0.1326982,0.06535796,0.30925724
10,12,0.11982101,0.0,0.31313452,0.0,0.0,0.0,0.0,0.0,0.0,0.0,0.13269818,0.06535795,0.36898836
10,12,0.11982101,0.0,0.31313452,0.0,0.0,0.0,0.0,0.0,0.0,0.0,0.13269818,0.06535795,0.36898836
10,12,0.11982101,0.0,0.31313452,0.0,0.0,0.0,0.0,0.0,0.0,0.0,0.13269818,0.06535795,0.36898836
10,12,0.11982101,0.0,0.31313452,0.0,0.0,0.0,0.0,0.0,0.0,0.0,0.13269818,0.06535795,0.36898836
10,12,0.11982101,0.0,0.31313452,0.0,0.0,0.0,0.0,0.0,0.0,0.0,0.13269818,0.06535795,0.36898836
10,12,0.11982101,0.0,0.31313452,0.0,0.0,0.0,0.0,0.0,0.0,0.0,0.13269818,0.06535795,0.36898836
10,12,0.11982102,0.0,0.2480709,0.0,0.0,0.0,0.0,0.0,0.0,0.0,0.13269818,0.06535795,0.43405202
10,12,0.11982102,0.0,0.2480709,0.0,0.0,0.0,0.0,0.0,0.0,0.0,0.13269818,0.06535795,0.43405202
10,12,0.11982102,0.0,0.2480709,0.0,0.0,0.0,0.0,0.0,0.0,0.0,0.13269818,0.06535795,0.43405202
10,12,0.11982102,0.0,0.2480709,0.0,0.0,0.0,0.0,0.0,0.0,0.0,0.13269818,0.06535795,0.43405202
10,12,0.11982102,0.0,0.2480709,0.0,0.0,0.0,0.0,0.0,0.0,0.0,0.13269818,0.06535795,0.43405202
10,12,0.11982102,0.0,0.2480709,0.0,0.0,0.0,0.0,0.0,0.0,0.0,0.13269818,0.06535795,0.43405202
10,12,0.11982102,0.0,0.2480709,0.0,0.0,0.0,0.0,0.0,0.0,0.0,0.13269818,0.06535795,0.43405202
10,12,0.11982102,0.0,0.2480709,0.0,0.0,0.0,0.0,0.0,0.0,0.0,0.13269818,0.06535795,0.43405202
10,12,0.11982102,0.0,0.2480709,0.0,0.0,0.0,0.0,0.0,0.0,0.0,0.13269818,0.06535795,0.43405202
10,12,0.11982102,0.0,0.2480709,0.0,0.0,0.0,0.0,0.0,0.0,0.0,0.13269818,0.06535795,0.43405202
10,12,0.11982102,0.0,0.2480709,0.0,0.0,0.0,0.0,0.0,0.0,0.0,0.13269818,0.06535795,0.43405202
10,12,0.11982102,0.0,0.2480709,0.0,0.0,0.0,0.0,0.0,0.0,0.0,0.13269818,0.06535795,0.43405202
10,12,0.11982102,0.0,0.2480709,0.0,0.0,0.0,0.0,0.0,0.0,0.0,0.13269818,0.06535795,0.43405202
10,12,0.11982102,0.0,0.2480709,0.0,0.0,0.0,0.0,0.0,0.0,0.0,0.13269818,0.06535795,0.43405202
10,12,0.11982101,0.0,0.19127387,0.0,0.0,0.0,0.0,0.0,0.0,0.0,0.13269818,0.06535795,0.490849
10,12,0.11982101,0.0,0.19127387,0.0,0.0,0.0,0.0,0.0,0.0,0.0,0.13269818,0.06535795,0.490849
10,12,0.11982101,0.0,0.19127387,0.0,0.0,0.0,0.0,0.0,0.0,0.0,0.13269818,0.06535795,0.490849
10,12,0.11982101,0.0,0.19127387,0.0,0.0,0.0,0.0,0.0,0.0,0.0,0.13269818,0.06535795,0.490849
10,12,0.11982101,0.0,0.19127387,0.0,0.0,0.0,0.0,0.0,0.0,0.0,0.13269818,0.06535795,0.490849
10,12,0.11982101,0.0,0.19127387,0.0,0.0,0.0,0.0,0.0,0.0,0.0,0.13269818,0.06535795,0.490849
10,12,0.11982101,0.0,0.19127387,0.0,0.0,0.0,0.0,0.0,0.0,0.0,0.13269818,0.06535795,0.490849
10,12,0.11982101,0.0,0.19127387,0.0,0.0,0.0,0.0,0.0,0.0,0.0,0.13269818,0.06535795,0.490849
10,12,0.11982101,0.0,0.19127387,0.0,0.0,0.0,0.0,0.0,0.0,0.0,0.13269818,0.06535795,0.490849
10,12,0.119821005,0.0,0.1300095,0.0,0.0,0.0,0.0,0.0,0.0,0.0,0.13269816,0.065357946,0.55211335
10,12,0.119821005,0.0,0.1300095,0.0,0.0,0.0,0.0,0.0,0.0,0.0,0.13269816,0.065357946,0.55211335
10,12,0.119821005,0.0,0.1300095,0.0,0.0,0.0,0.0,0.0,0.0,0.0,0.13269816,0.065357946,0.55211335
10,12,0.119821005,0.0,0.1300095,0.0,0.0,0.0,0.0,0.0,0.0,0.0,0.13269816,0.065357946,0.55211335
10,12,0.119821005,0.0,0.1300095,0.0,0.0,0.0,0.0,0.0,0.0,0.0,0.13269816,0.065357946,0.55211335
10,12,0.06291972,0.0,0.06825698,0.0,0.0,0.0,0.0,0.0,0.0,0.0,0.13269816,0.065357946,0.6707671
10,12,0.06291972,0.0,0.06825698,0.0,0.0,0.0,0.0,0.0,0.0,0.0,0.13269816,0.065357946,0.6707671
10,12,0.06291972,0.0,0.06825698,0.0,0.0,0.0,0.0,0.0,0.0,0.0,0.13269816,0.065357946,0.6707671
10,12,0.06291972,0.0,0.06825698,0.0,0.0,0.0,0.0,0.0,0.0,0.0,0.13269816,0.065357946,0.6707671
10,12,0.06291972,0.0,0.06825698,0.0,0.0,0.0,0.0,0.0,0.0,0.0,0.13269816,0.065357946,0.6707671
10,12,0.06291972,0.0,0.06825698,0.0,0.0,0.0,0.0,0.0,0.0,0.0,0.13269816,0.065357946,0.6707671
10,12,0.06291972,0.0,0.06825698,0.0,0.0,0.0,0.0,0.0,0.0,0.0,0.13269816,0.065357946,0.6707671
10,12,0.06291972,0.0,0.06825698,0.0,0.0,0.0,0.0,0.0,0.0,0.0,0.13269816,0.065357946,0.6707671
10,12,0.06291972,0.0,0.06825698,0.0,0.0,0.0,0.0,0.0,0.0,0.0,0.13269816,0.065357946,0.6707671
10,12,0.06291972,0.0,0.06825698,0.0,0.0,0.0,0.0,0.0,0.0,0.0,0.13269816,0.065357946,0.6707671
10,12,0.06291972,0.0,0.06825698,0.0,0.0,0.0,0.0,0.0,0.0,0.0,0.13269816,0.065357946,0.6707671
10,12,0.06291972,0.0,0.06825698,0.0,0.0,0.0,0.0,0.0,0.0,0.0,0.13269816,0.065357946,0.6707671
10,12,0.06291972,0.0,0.06825698,0.0,0.0,0.0,0.0,0.0,0.0,0.0,0.13269816,0.065357946,0.6707671
10,12,0.06291972,0.0,0.06825698,0.0,0.0,0.0,0.0,0.0,0.0,0.0,0.13269816,0.065357946,0.6707671
10,12,0.06291972,0.0,0.06825698,0.0,0.0,0.0,0.0,0.0,0.0,0.0,0.13269816,0.065357946,0.6707671
10,12,0.06291972,0.0,0.06825698,0.0,0.0,0.0,0.0,0.0,0.0,0.0,0.13269816,0.065357946,0.6707671
10,12,0.0,0.0,0.06825699,0.0,0.0,0.0,0.0,0.0,0.0,0.0,0.13269818,0.06535795,0.73368686
10,12,0.0,0.0,0.06825699,0.0,0.0,0.0,0.0,0.0,0.0,0.0,0.13269818,0.06535795,0.73368686
10,12,0.0,0.0,0.06825699,0.0,0.0,0.0,0.0,0.0,0.0,0.0,0.13269818,0.06535795,0.73368686
10,12,0.0,0.0,0.06825699,0.0,0.0,0.0,0.0,0.0,0.0,0.0,0.13269818,0.06535795,0.73368686
10,12,0.0,0.0,0.06825699,0.0,0.0,0.0,0.0,0.0,0.0,0.0,0.13269818,0.06535795,0.73368686
10,12,0.0,0.0,0.06825699,0.0,0.0,0.0,0.0,0.0,0.0,0.0,0.13269818,0.06535795,0.73368686
10,12,0.0,0.0,0.06825699,0.0,0.0,0.0,0.0,0.0,0.0,0.0,0.13269818,0.06535795,0.73368686
10,12,0.0,0.0,0.06825699,0.0,0.0,0.0,0.0,0.0,0.0,0.0,0.13269818,0.06535795,0.73368686
10,12,0.0,0.0,0.06825699,0.0,0.0,0.0,0.0,0.0,0.0,0.0,0.13269818,0.06535795,0.73368686
10,12,0.0,0.0,0.06825699,0.0,0.0,0.0,0.0,0.0,0.0,0.0,0.13269818,0.06535795,0.73368686
10,12,0.0,0.0,0.06825699,0.0,0.0,0.0,0.0,0.0,0.0,0.0,0.13269818,0.06535795,0.73368686
10,12,0.0,0.0,0.06825699,0.0,0.0,0.0,0.0,0.0,0.0,0.0,0.13269818,0.06535795,0.73368686
10,12,0.0,0.0,0.06825699,0.0,0.0,0.0,0.0,0.0,0.0,0.0,0.13269818,0.06535795,0.73368686
10,12,0.0,0.0,0.06825699,0.0,0.0,0.0,0.0,0.0,0.0,0.0,0.13269818,0.06535795,0.73368686
10,12,0.0,0.0,0.06825699,0.0,0.0,0.0,0.0,0.0,0.0,0.0,0.13269818,0.06535795,0.73368686
10,12,0.0,0.0,0.06825699,0.0,0.0,0.0,0.0,0.0,0.0,0.0,0.13269818,0.06535795,0.73368686
10,12,0.0,0.0,0.06825699,0.0,0.0,0.0,0.0,0.0,0.0,0.0,0.13269818,0.06535795,0.73368686
10,12,0.0,0.0,0.06825699,0.0,0.0,0.0,0.0,0.0,0.0,0.0,0.13269818,0.06535795,0.73368686
10,12,0.0,0.0,0.06825699,0.0,0.0,0.0,0.0,0.0,0.0,0.0,0.13269818,0.06535795,0.73368686
10,12,0.0,0.0,0.06825699,0.0,0.0,0.0,0.0,0.0,0.0,0.0,0.13269818,0.06535795,0.73368686
10,12,0.0,0.0,0.06825699,0.0,0.0,0.0,0.0,0.0,0.0,0.0,0.13269818,0.06535795,0.73368686
10,12,0.0,0.0,0.06825699,0.0,0.0,0.0,0.0,0.0,0.0,0.0,0.13269818,0.06535795,0.73368686
10,12,0.0,0.0,0.06825699,0.0,0.0,0.0,0.0,0.0,0.0,0.0,0.13269818,0.06535795,0.73368686
10,12,0.0,0.0,0.06825699,0.0,0.0,0.0,0.0,0.0,0.0,0.0,0.13269818,0.06535795,0.73368686
10,12,0.0,0.0,0.06825699,0.0,0.0,0.0,0.0,0.0,0.0,0.0,0.07080989,0.06535795,0.79557514
10,12,0.0,0.0,0.06825699,0.0,0.0,0.0,0.0,0.0,0.0,0.0,0.07080989,0.06535795,0.79557514
10,12,0.0,0.0,0.06825699,0.0,0.0,0.0,0.0,0.0,0.0,0.0,0.07080989,0.06535795,0.79557514
10,12,0.0,0.0,0.06825699,0.0,0.0,0.0,0.0,0.0,0.0,0.0,0.07080989,0.06535795,0.79557514
10,12,0.0,0.0,0.06825699,0.0,0.0,0.0,0.0,0.0,0.0,0.0,0.07080989,0.06535795,0.79557514
10,12,0.0,0.0,0.06825699,0.0,0.0,0.0,0.0,0.0,0.0,0.0,0.07080989,0.06535795,0.79557514
10,12,0.0,0.0,0.06825699,0.0,0.0,0.0,0.0,0.0,0.0,0.0,0.07080989,0.06535795,0.79557514
10,12,0.0,0.0,0.06825699,0.0,0.0,0.0,0.0,0.0,0.0,0.0,0.07080989,0.06535795,0.79557514
10,12,0.0,0.0,0.06825699,0.0,0.0,0.0,0.0,0.0,0.0,0.0,0.07080989,0.06535795,0.79557514
10,12,0.0,0.0,0.06825699,0.0,0.0,0.0,0.0,0.0,0.0,0.0,0.07080989,0.06535795,0.79557514
10,12,0.0,0.0,0.06825699,0.0,0.0,0.0,0.0,0.0,0.0,0.0,0.07080989,0.06535795,0.79557514
10,12,0.0,0.0,0.06825699,0.0,0.0,0.0,0.0,0.0,0.0,0.0,0.07080989,0.06535795,0.79557514
10,12,0.0,0.0,0.06825699,0.0,0.0,0.0,0.0,0.0,0.0,0.0,0.07080989,0.06535795,0.79557514
10,12,0.0,0.0,0.06825699,0.0,0.0,0.0,0.0,0.0,0.0,0.0,0.07080989,0.06535795,0.79557514
10,12,0.0,0.0,0.06825699,0.0,0.0,0.0,0.0,0.0,0.0,0.0,0.07080989,0.06535795,0.79557514
10,12,0.0,0.0,0.06825699,0.0,0.0,0.0,0.0,0.0,0.0,0.0,0.07080989,0.06535795,0.79557514
10,12,0.0,0.0,0.06825699,0.0,0.0,0.0,0.0,0.0,0.0,0.0,0.07080989,0.06535795,0.79557514
10,12,0.0,0.0,0.06825699,0.0,0.0,0.0,0.0,0.0,0.0,0.0,0.07080989,0.06535795,0.79557514
10,12,0.0,0.0,0.06825699,0.0,0.0,0.0,0.0,0.0,0.0,0.0,0.07080989,0.0,0.8609331
10,12,0.0,0.0,0.06825699,0.0,0.0,0.0,0.0,0.0,0.0,0.0,0.07080989,0.0,0.8609331
10,12,0.0,0.0,0.06825699,0.0,0.0,0.0,0.0,0.0,0.0,0.0,0.07080989,0.0,0.8609331
10,12,0.0,0.0,0.06825699,0.0,0.0,0.0,0.0,0.0,0.0,0.0,0.07080989,0.0,0.8609331
10,12,0.0,0.0,0.06825699,0.0,0.0,0.0,0.0,0.0,0.0,0.0,0.07080989,0.0,0.8609331
10,12,0.0,0.0,0.06825699,0.0,0.0,0.0,0.0,0.0,0.0,0.0,0.07080989,0.0,0.8609331
10,12,0.0,0.0,0.0,0.0,0.0,0.0,0.0,0.0,0.0,0.0,0.0,0.0,1.0
10,12,0.0,0.0,0.0,0.0,0.0,0.0,0.0,0.0,0.0,0.0,0.0,0.0,1.0
10,12,0.0,0.0,0.0,0.0,0.0,0.0,0.0,0.0,0.0,0.0,0.0,0.0,1.0
10,12,0.0,0.0,0.0,0.0,0.0,0.0,0.0,0.0,0.0,0.0,0.0,0.0,1.0
10,12,0.0,0.0,0.0,0.0,0.0,0.0,0.0,0.0,0.0,0.0,0.0,0.0,1.0
10,12,0.0,0.0,0.0,0.0,0.0,0.0,0.0,0.0,0.0,0.0,0.0,0.0,1.0
10,12,0.0,0.0,0.0,0.0,0.0,0.0,0.0,0.0,0.0,0.0,0.0,0.0,1.0
10,12,0.0,0.0,0.0,0.0,0.0,0.0,0.0,0.0,0.0,0.0,0.0,0.0,1.0
10,12,0.0,0.0,0.0,0.0,0.0,0.0,0.0,0.0,0.0,0.0,0.0,0.0,1.0
10,12,0.0,0.0,0.0,0.0,0.0,0.0,0.0,0.0,0.0,0.0,0.0,0.0,1.0
10,12,0.0,0.0,0.0,0.0,0.0,0.0,0.0,0.0,0.0,0.0,0.0,0.0,1.0
10,12,0.0,0.0,0.0,0.0,0.0,0.0,0.0,0.0,0.0,0.0,0.0,0.0,1.0
10,12,0.0,0.0,0.0,0.0,0.0,0.0,0.0,0.0,0.0,0.0,0.0,0.0,1.0
10,12,0.0,0.0,0.0,0.0,0.0,0.0,0.0,0.0,0.0,0.0,0.0,0.0,1.0
10,12,0.0,0.0,0.0,0.0,0.0,0.0,0.0,0.0,0.0,0.0,0.0,0.0,1.0
10,12,0.0,0.0,0.0,0.0,0.0,0.0,0.0,0.0,0.0,0.0,0.0,0.0,1.0
10,12,0.0,0.0,0.0,0.0,0.0,0.0,0.0,0.0,0.0,0.0,0.0,0.0,1.0
10,12,0.0,0.0,0.0,0.0,0.0,0.0,0.0,0.0,0.0,0.0,0.0,0.0,1.0
10,12,0.0,0.0,0.0,0.0,0.0,0.0,0.0,0.0,0.0,0.0,0.0,0.0,1.0
10,12,0.0,0.0,0.0,0.0,0.0,0.0,0.0,0.0,0.0,0.0,0.0,0.0,1.0
10,12,0.0,0.0,0.0,0.0,0.0,0.0,0.0,0.0,0.0,0.0,0.0,0.0,1.0
10,12,0.0,0.0,0.0,0.0,0.0,0.0,0.0,0.0,0.0,0.0,0.0,0.0,1.0
10,12,0.0,0.0,0.0,0.0,0.0,0.0,0.0,0.0,0.0,0.0,0.0,0.0,1.0
10,12,0.0,0.0,0.0,0.0,0.0,0.0,0.0,0.0,0.0,0.0,0.0,0.0,1.0
10,12,0.0,0.0,0.0,0.0,0.0,0.0,0.0,0.0,0.0,0.0,0.0,0.0,1.0
10,12,0.0,0.0,0.0,0.0,0.0,0.0,0.0,0.0,0.0,0.0,0.0,0.0,1.0
10,12,0.0,0.0,0.0,0.0,0.0,0.0,0.0,0.0,0.0,0.0,0.0,0.0,1.0
10,12,0.0,0.0,0.0,0.0,0.0,0.0,0.0,0.0,0.0,0.0,0.0,0.0,1.0
10,12,0.0,0.0,0.0,0.0,0.0,0.0,0.0,0.0,0.0,0.0,0.0,0.0,1.0
10,12,0.0,0.0,0.0,0.0,0.0,0.0,0.0,0.0,0.0,0.0,0.0,0.0,1.0
10,12,0.0,0.0,0.0,0.0,0.0,0.0,0.0,0.0,0.0,0.0,0.0,0.0,1.0
10,12,0.0,0.0,0.0,0.0,0.0,0.0,0.0,0.0,0.0,0.0,0.0,0.0,1.0
10,12,0.0,0.0,0.0,0.0,0.0,0.0,0.0,0.0,0.0,0.0,0.0,0.0,1.0
10,12,0.0,0.0,0.0,0.0,0.0,0.0,0.0,0.0,0.0,0.0,0.0,0.0,1.0
10,12,0.0,0.0,0.0,0.0,0.0,0.0,0.0,0.0,0.0,0.0,0.0,0.0,1.0
10,12,0.0,0.0,0.0,0.0,0.0,0.0,0.0,0.0,0.0,0.0,0.0,0.0,1.0
10,12,0.0,0.0,0.0,0.0,0.0,0.0,0.0,0.0,0.0,0.0,0.0,0.0,1.0
10,12,0.0,0.0,0.0,0.0,0.0,0.0,0.0,0.0,0.0,0.0,0.0,0.0,1.0
10,12,0.0,0.0,0.0,0.0,0.0,0.0,0.0,0.0,0.0,0.0,0.0,0.0,1.0
10,12,0.0,0.0,0.0,0.0,0.0,0.0,0.0,0.0,0.0,0.0,0.0,0.0,1.0
10,12,0.0,0.0,0.0,0.0,0.0,0.0,0.0,0.0,0.0,0.0,0.0,0.0,1.0
10,12,0.0,0.0,0.0,0.0,0.0,0.0,0.0,0.0,0.0,0.0,0.0,0.0,1.0
10,12,0.0,0.0,0.0,0.0,0.0,0.0,0.0,0.0,0.0,0.0,0.0,0.0,1.0
10,12,0.0,0.0,0.0,0.0,0.0,0.0,0.0,0.0,0.0,0.0,0.0,0.0,1.0
10,12,0.0,0.0,0.0,0.0,0.0,0.0,0.0,0.0,0.0,0.0,0.0,0.0,1.0
10,12,0.0,0.0,0.0,0.0,0.0,0.0,0.0,0.0,0.0,0.0,0.0,0.0,1.0
10,12,0.0,0.0,0.0,0.0,0.0,0.0,0.0,0.0,0.0,0.0,0.0,0.0,1.0
10,12,0.0,0.0,0.0,0.0,0.0,0.0,0.0,0.0,0.0,0.0,0.0,0.0,1.0
10,12,0.0,0.0,0.0,0.0,0.0,0.0,0.0,0.0,0.0,0.0,0.0,0.0,1.0
10,12,0.0,0.0,0.0,0.0,0.0,0.0,0.0,0.0,0.0,0.0,0.0,0.0,1.0
10,12,0.0,0.0,0.0,0.0,0.0,0.0,0.0,0.0,0.0,0.0,0.0,0.0,1.0
10,12,0.0,0.0,0.0,0.0,0.0,0.0,0.0,0.0,0.0,0.0,0.0,0.0,1.0
10,12,0.0,0.0,0.0,0.0,0.0,0.0,0.0,0.0,0.0,0.0,0.0,0.0,1.0
10,12,0.0,0.0,0.0,0.0,0.0,0.0,0.0,0.0,0.0,0.0,0.0,0.0,1.0
10,12,0.0,0.0,0.0,0.0,0.0,0.0,0.0,0.0,0.0,0.0,0.0,0.0,1.0
10,12,0.0,0.0,0.0,0.0,0.0,0.0,0.0,0.0,0.0,0.0,0.0,0.0,1.0
10,12,0.0,0.0,0.0,0.0,0.0,0.0,0.0,0.0,0.0,0.0,0.0,0.0,1.0
10,12,0.0,0.0,0.0,0.0,0.0,0.0,0.0,0.0,0.0,0.0,0.0,0.0,1.0
10,12,0.0,0.0,0.0,0.0,0.0,0.0,0.0,0.0,0.0,0.0,0.0,0.0,1.0
10,12,0.0,0.0,0.0,0.0,0.0,0.0,0.0,0.0,0.0,0.0,0.0,0.0,1.0
10,12,0.0,0.0,0.0,0.0,0.0,0.0,0.0,0.0,0.0,0.0,0.0,0.0,1.0
10,12,0.0,0.0,0.0,0.0,0.0,0.0,0.0,0.0,0.0,0.0,0.0,0.0,1.0
10,12,0.0,0.0,0.0,0.0,0.0,0.0,0.0,0.0,0.0,0.0,0.0,0.0,1.0
10,12,0.0,0.0,0.0,0.0,0.0,0.0,0.0,0.0,0.0,0.0,0.0,0.0,1.0
10,12,0.0,0.0,0.0,0.0,0.0,0.0,0.0,0.0,0.0,0.0,0.0,0.0,1.0
10,12,0.0,0.0,0.0,0.0,0.0,0.0,0.0,0.0,0.0,0.0,0.0,0.0,1.0
10,12,0.0,0.0,0.0,0.0,0.0,0.0,0.0,0.0,0.0,0.0,0.0,0.0,1.0
10,12,0.0,0.0,0.0,0.0,0.0,0.0,0.0,0.0,0.0,0.0,0.0,0.0,1.0
10,12,0.0,0.0,0.0,0.0,0.0,0.0,0.0,0.0,0.0,0.0,0.0,0.0,1.0
10,12,0.0,0.0,0.0,0.0,0.0,0.0,0.0,0.0,0.0,0.0,0.0,0.0,1.0
10,12,0.0,0.0,0.0,0.0,0.0,0.0,0.0,0.0,0.0,0.0,0.0,0.0,1.0
10,12,0.0,0.0,0.0,0.0,0.0,0.0,0.0,0.0,0.0,0.0,0.0,0.0,1.0
10,12,0.0,0.0,0.0,0.0,0.0,0.0,0.0,0.0,0.0,0.0,0.0,0.0,1.0
10,12,0.0,0.0,0.0,0.0,0.0,0.0,0.0,0.0,0.0,0.0,0.0,0.0,1.0
10,12,0.0,0.0,0.0,0.0,0.0,0.0,0.0,0.0,0.0,0.0,0.0,0.0,1.0
10,12,0.0,0.0,0.0,0.0,0.0,0.0,0.0,0.0,0.0,0.0,0.0,0.0,1.0
10,12,0.0,0.0,0.0,0.0,0.0,0.0,0.0,0.0,0.0,0.0,0.0,0.0,1.0
10,12,0.0,0.0,0.0,0.0,0.0,0.0,0.0,0.0,0.0,0.0,0.0,0.0,1.0
10,12,0.0,0.0,0.0,0.0,0.0,0.0,0.0,0.0,0.0,0.0,0.0,0.0,1.0
10,12,0.0,0.0,0.0,0.0,0.0,0.0,0.0,0.0,0.0,0.0,0.0,0.0,1.0
10,12,0.0,0.0,0.0,0.0,0.0,0.0,0.0,0.0,0.0,0.0,0.0,0.0,1.0
10,12,0.0,0.0,0.0,0.0,0.0,0.0,0.0,0.0,0.0,0.0,0.0,0.0,1.0
10,12,0.0,0.0,0.0,0.0,0.0,0.0,0.0,0.0,0.0,0.0,0.0,0.0,1.0
10,12,0.0,0.0,0.0,0.0,0.0,0.0,0.0,0.0,0.0,0.0,0.0,0.0,1.0
10,12,0.0,0.0,0.0,0.0,0.0,0.0,0.0,0.0,0.0,0.0,0.0,0.0,1.0
10,12,0.0,0.0,0.0,0.0,0.0,0.0,0.0,0.0,0.0,0.0,0.0,0.0,1.0
10,12,0.0,0.0,0.0,0.0,0.0,0.0,0.0,0.0,0.0,0.0,0.0,0.0,1.0
10,12,0.0,0.0,0.0,0.0,0.0,0.0,0.0,0.0,0.0,0.0,0.0,0.0,1.0
10,12,0.0,0.0,0.0,0.0,0.0,0.0,0.0,0.0,0.0,0.0,0.0,0.0,1.0
10,12,0.0,0.0,0.0,0.0,0.0,0.0,0.0,0.0,0.0,0.0,0.0,0.0,1.0
10,12,0.0,0.0,0.0,0.0,0.0,0.0,0.0,0.0,0.0,0.0,0.0,0.0,1.0
10,12,0.0,0.0,0.0,0.0,0.0,0.0,0.0,0.0,0.0,0.0,0.0,0.0,1.0
10,12,0.0,0.0,0.0,0.0,0.0,0.0,0.0,0.0,0.0,0.0,0.0,0.0,1.0
10,12,0.0,0.0,0.0,0.0,0.0,0.0,0.0,0.0,0.0,0.0,0.0,0.0,1.0
10,12,0.0,0.0,0.0,0.0,0.0,0.0,0.0,0.0,0.0,0.0,0.0,0.0,1.0
10,12,0.0,0.0,0.0,0.0,0.0,0.0,0.0,0.0,0.0,0.0,0.0,0.0,1.0
10,12,0.0,0.0,0.0,0.0,0.0,0.0,0.0,0.0,0.0,0.0,0.0,0.0,1.0
10,12,0.0,0.0,0.0,0.0,0.0,0.0,0.0,0.0,0.0,0.0,0.0,0.0,1.0
10,12,0.0,0.0,0.0,0.0,0.0,0.0,0.0,0.0,0.0,0.0,0.0,0.0,1.0
10,12,0.0,0.0,0.0,0.0,0.0,0.0,0.0,0.0,0.0,0.0,0.0,0.0,1.0
10,12,0.0,0.0,0.0,0.0,0.0,0.0,0.0,0.0,0.0,0.0,0.0,0.0,1.0
10,12,0.0,0.0,0.0,0.0,0.0,0.0,0.0,0.0,0.0,0.0,0.0,0.0,1.0
10,12,0.0,0.0,0.0,0.0,0.0,0.0,0.0,0.0,0.0,0.0,0.0,0.0,1.0
10,12,0.0,0.0,0.0,0.0,0.0,0.0,0.0,0.0,0.0,0.0,0.0,0.0,1.0
10,12,0.0,0.0,0.0,0.0,0.0,0.0,0.0,0.0,0.0,0.0,0.0,0.0,1.0
10,12,0.0,0.0,0.0,0.0,0.0,0.0,0.0,0.0,0.0,0.0,0.0,0.0,1.0
10,12,0.0,0.0,0.0,0.0,0.0,0.0,0.0,0.0,0.0,0.0,0.0,0.0,1.0
10,12,0.0,0.0,0.0,0.0,0.0,0.0,0.0,0.0,0.0,0.0,0.0,0.0,1.0
10,12,0.0,0.0,0.0,0.0,0.0,0.0,0.0,0.0,0.0,0.0,0.0,0.0,1.0
10,12,0.0,0.0,0.0,0.0,0.0,0.0,0.0,0.0,0.0,0.0,0.0,0.0,1.0
10,12,0.0,0.0,0.0,0.0,0.0,0.0,0.0,0.0,0.0,0.0,0.0,0.0,1.0
10,12,0.0,0.0,0.0,0.0,0.0,0.0,0.0,0.0,0.0,0.0,0.0,0.0,1.0
10,12,0.0,0.0,0.0,0.0,0.0,0.0,0.0,0.0,0.0,0.0,0.0,0.0,1.0
10,12,0.0,0.0,0.0,0.0,0.0,0.0,0.0,0.0,0.0,0.0,0.0,0.0,1.0
10,12,0.0,0.0,0.0,0.0,0.0,0.0,0.0,0.0,0.0,0.0,0.0,0.0,1.0
10,12,0.0,0.0,0.0,0.0,0.0,0.0,0.0,0.0,0.0,0.0,0.0,0.0,1.0
10,12,0.0,0.0,0.0,0.0,0.0,0.0,0.0,0.0,0.0,0.0,0.0,0.0,1.0
10,12,0.0,0.0,0.0,0.0,0.0,0.0,0.0,0.0,0.0,0.0,0.0,0.0,1.0
10,12,0.0,0.0,0.0,0.0,0.0,0.0,0.0,0.0,0.0,0.0,0.0,0.0,1.0
10,12,0.0,0.0,0.0,0.0,0.0,0.0,0.0,0.0,0.0,0.0,0.0,0.0,1.0
10,12,0.0,0.0,0.0,0.0,0.0,0.0,0.0,0.0,0.0,0.0,0.0,0.0,1.0
10,12,0.0,0.0,0.0,0.0,0.0,0.0,0.0,0.0,0.0,0.0,0.0,0.0,1.0
10,12,0.0,0.0,0.0,0.0,0.0,0.0,0.0,0.0,0.0,0.0,0.0,0.0,1.0
10,12,0.0,0.0,0.0,0.0,0.0,0.0,0.0,0.0,0.0,0.0,0.0,0.0,1.0
10,12,0.0,0.0,0.0,0.0,0.0,0.0,0.0,0.0,0.0,0.0,0.0,0.0,1.0
10,12,0.0,0.0,0.0,0.0,0.0,0.0,0.0,0.0,0.0,0.0,0.0,0.0,1.0
10,12,0.0,0.0,0.0,0.0,0.0,0.0,0.0,0.0,0.0,0.0,0.0,0.0,1.0
10,12,0.0,0.0,0.0,0.0,0.0,0.0,0.0,0.0,0.0,0.0,0.0,0.0,1.0
10,12,0.0,0.0,0.0,0.0,0.0,0.0,0.0,0.0,0.0,0.0,0.0,0.0,1.0
10,12,0.0,0.0,0.0,0.0,0.0,0.0,0.0,0.0,0.0,0.0,0.0,0.0,1.0
10,12,0.0,0.0,0.0,0.0,0.0,0.0,0.0,0.0,0.0,0.0,0.0,0.0,1.0
10,12,0.0,0.0,0.0,0.0,0.0,0.0,0.0,0.0,0.0,0.0,0.0,0.0,1.0
10,12,0.0,0.0,0.0,0.0,0.0,0.0,0.0,0.0,0.0,0.0,0.0,0.0,1.0
10,12,0.0,0.0,0.0,0.0,0.0,0.0,0.0,0.0,0.0,0.0,0.0,0.0,1.0
10,12,0.0,0.0,0.0,0.0,0.0,0.0,0.0,0.0,0.0,0.0,0.0,0.0,1.0
10,12,0.0,0.0,0.0,0.0,0.0,0.0,0.0,0.0,0.0,0.0,0.0,0.0,1.0
10,12,0.0,0.0,0.0,0.0,0.0,0.0,0.0,0.0,0.0,0.0,0.0,0.0,1.0
10,12,0.0,0.0,0.0,0.0,0.0,0.0,0.0,0.0,0.0,0.0,0.0,0.0,1.0
10,12,0.0,0.0,0.0,0.0,0.0,0.0,0.0,0.0,0.0,0.0,0.0,0.0,1.0
10,12,0.0,0.0,0.0,0.0,0.0,0.0,0.0,0.0,0.0,0.0,0.0,0.0,1.0
10,12,0.0,0.0,0.0,0.0,0.0,0.0,0.0,0.0,0.0,0.0,0.0,0.0,1.0
10,12,0.0,0.0,0.0,0.0,0.0,0.0,0.0,0.0,0.0,0.0,0.0,0.0,1.0
10,12,0.0,0.0,0.0,0.0,0.0,0.0,0.0,0.0,0.0,0.0,0.0,0.0,1.0
10,12,0.0,0.0,0.0,0.0,0.0,0.0,0.0,0.0,0.0,0.0,0.0,0.0,1.0
10,12,0.0,0.0,0.0,0.0,0.0,0.0,0.0,0.0,0.0,0.0,0.0,0.0,1.0
10,12,0.0,0.0,0.0,0.0,0.0,0.0,0.0,0.0,0.0,0.0,0.0,0.0,1.0
10,12,0.0,0.0,0.0,0.0,0.0,0.0,0.0,0.0,0.0,0.0,0.0,0.0,1.0
10,12,0.0,0.0,0.0,0.0,0.0,0.0,0.0,0.0,0.0,0.0,0.0,0.0,1.0
10,12,0.0,0.0,0.0,0.0,0.0,0.0,0.0,0.0,0.0,0.0,0.0,0.0,1.0
10,12,0.0,0.0,0.0,0.0,0.0,0.0,0.0,0.0,0.0,0.0,0.0,0.0,1.0
10,12,0.0,0.0,0.0,0.0,0.0,0.0,0.0,0.0,0.0,0.0,0.0,0.0,1.0
10,12,0.0,0.0,0.0,0.0,0.0,0.0,0.0,0.0,0.0,0.0,0.0,0.0,1.0
10,12,0.0,0.0,0.0,0.0,0.0,0.0,0.0,0.0,0.0,0.0,0.0,0.0,1.0
10,12,0.0,0.0,0.0,0.0,0.0,0.0,0.0,0.0,0.0,0.0,0.0,0.0,1.0
10,12,0.0,0.0,0.0,0.0,0.0,0.0,0.0,0.0,0.0,0.0,0.0,0.0,1.0
10,12,0.0,0.0,0.0,0.0,0.0,0.0,0.0,0.0,0.0,0.0,0.0,0.0,1.0
10,12,0.0,0.0,0.0,0.0,0.0,0.0,0.0,0.0,0.0,0.0,0.0,0.0,1.0
10,12,0.0,0.0,0.0,0.0,0.0,0.0,0.0,0.0,0.0,0.0,0.0,0.0,1.0
10,12,0.0,0.0,0.0,0.0,0.0,0.0,0.0,0.0,0.0,0.0,0.0,0.0,1.0
10,12,0.0,0.0,0.0,0.0,0.0,0.0,0.0,0.0,0.0,0.0,0.0,0.0,1.0
10,12,0.0,0.0,0.0,0.0,0.0,0.0,0.0,0.0,0.0,0.0,0.0,0.0,1.0
10,12,0.0,0.0,0.0,0.0,0.0,0.0,0.0,0.0,0.0,0.0,0.0,0.0,1.0
10,12,0.0,0.0,0.0,0.0,0.0,0.0,0.0,0.0,0.0,0.0,0.0,0.0,1.0
10,12,0.0,0.0,0.0,0.0,0.0,0.0,0.0,0.0,0.0,0.0,0.0,0.0,1.0
10,12,0.0,0.0,0.0,0.0,0.0,0.0,0.0,0.0,0.0,0.0,0.0,0.0,1.0
10,12,0.0,0.0,0.0,0.0,0.0,0.0,0.0,0.0,0.0,0.0,0.0,0.0,1.0
10,12,0.0,0.0,0.0,0.0,0.0,0.0,0.0,0.0,0.0,0.0,0.0,0.0,1.0
10,12,0.0,0.0,0.0,0.0,0.0,0.0,0.0,0.0,0.0,0.0,0.0,0.0,1.0
10,12,0.0,0.0,0.0,0.0,0.0,0.0,0.0,0.0,0.0,0.0,0.0,0.0,1.0
10,12,0.0,0.0,0.0,0.0,0.0,0.0,0.0,0.0,0.0,0.0,0.0,0.0,1.0
10,12,0.0,0.0,0.0,0.0,0.0,0.0,0.0,0.0,0.0,0.0,0.0,0.0,1.0
10,12,0.0,0.0,0.0,0.0,0.0,0.0,0.0,0.0,0.0,0.0,0.0,0.0,1.0
10,12,0.0,0.0,0.0,0.0,0.0,0.0,0.0,0.0,0.0,0.0,0.0,0.0,1.0
10,12,0.0,0.0,0.0,0.0,0.0,0.0,0.0,0.0,0.0,0.0,0.0,0.0,1.0
10,12,0.0,0.0,0.0,0.0,0.0,0.0,0.0,0.0,0.0,0.0,0.0,0.0,1.0
10,12,0.0,0.0,0.0,0.0,0.0,0.0,0.0,0.0,0.0,0.0,0.0,0.0,1.0
10,12,0.0,0.0,0.0,0.0,0.0,0.0,0.0,0.0,0.0,0.0,0.0,0.0,1.0
10,12,0.0,0.0,0.0,0.0,0.0,0.0,0.0,0.0,0.0,0.0,0.0,0.0,1.0
10,12,0.0,0.0,0.0,0.0,0.0,0.0,0.0,0.0,0.0,0.0,0.0,0.0,1.0
10,12,0.0,0.0,0.0,0.0,0.0,0.0,0.0,0.0,0.0,0.0,0.0,0.0,1.0
10,12,0.0,0.0,0.0,0.0,0.0,0.0,0.0,0.0,0.0,0.0,0.0,0.0,1.0
10,12,0.0,0.0,0.0,0.0,0.0,0.0,0.0,0.0,0.0,0.0,0.0,0.0,1.0
10,12,0.0,0.0,0.0,0.0,0.0,0.0,0.0,0.0,0.0,0.0,0.0,0.0,1.0
10,12,0.0,0.0,0.0,0.0,0.0,0.0,0.0,0.0,0.0,0.0,0.0,0.0,1.0
10,12,0.0,0.0,0.0,0.0,0.0,0.0,0.0,0.0,0.0,0.0,0.0,0.0,1.0
10,12,0.0,0.0,0.0,0.0,0.0,0.0,0.0,0.0,0.0,0.0,0.0,0.0,1.0
10,12,0.0,0.0,0.0,0.0,0.0,0.0,0.0,0.0,0.0,0.0,0.0,0.0,1.0
10,12,0.0,0.0,0.0,0.0,0.0,0.0,0.0,0.0,0.0,0.0,0.0,0.0,1.0
10,12,0.0,0.0,0.0,0.0,0.0,0.0,0.0,0.0,0.0,0.0,0.0,0.0,1.0
10,12,0.0,0.0,0.0,0.0,0.0,0.0,0.0,0.0,0.0,0.0,0.0,0.0,1.0
10,12,0.0,0.0,0.0,0.0,0.0,0.0,0.0,0.0,0.0,0.0,0.0,0.0,1.0
10,12,0.0,0.0,0.0,0.0,0.0,0.0,0.0,0.0,0.0,0.0,0.0,0.0,1.0
10,12,0.0,0.0,0.0,0.0,0.0,0.0,0.0,0.0,0.0,0.0,0.0,0.0,1.0
10,12,0.0,0.0,0.0,0.0,0.0,0.0,0.0,0.0,0.0,0.0,0.0,0.0,1.0
10,12,0.0,0.0,0.0,0.0,0.0,0.0,0.0,0.0,0.0,0.0,0.0,0.0,1.0
10,12,0.0,0.0,0.0,0.0,0.0,0.0,0.0,0.0,0.0,0.0,0.0,0.0,1.0
10,12,0.0,0.0,0.0,0.0,0.0,0.0,0.0,0.0,0.0,0.0,0.0,0.0,1.0
10,12,0.0,0.0,0.0,0.0,0.0,0.0,0.0,0.0,0.0,0.0,0.0,0.0,1.0
10,12,0.0,0.0,0.0,0.0,0.0,0.0,0.0,0.0,0.0,0.0,0.0,0.0,1.0
10,12,0.0,0.0,0.0,0.0,0.0,0.0,0.0,0.0,0.0,0.0,0.0,0.0,1.0
10,12,0.0,0.0,0.0,0.0,0.0,0.0,0.0,0.0,0.0,0.0,0.0,0.0,1.0
10,12,0.0,0.0,0.0,0.0,0.0,0.0,0.0,0.0,0.0,0.0,0.0,0.0,1.0
10,12,0.0,0.0,0.0,0.0,0.0,0.0,0.0,0.0,0.0,0.0,0.0,0.0,1.0
10,12,0.0,0.0,0.0,0.0,0.0,0.0,0.0,0.0,0.0,0.0,0.0,0.0,1.0
10,12,0.0,0.0,0.0,0.0,0.0,0.0,0.0,0.0,0.0,0.0,0.0,0.0,1.0
10,12,0.0,0.0,0.0,0.0,0.0,0.0,0.0,0.0,0.0,0.0,0.0,0.0,1.0
10,12,0.0,0.0,0.0,0.0,0.0,0.0,0.0,0.0,0.0,0.0,0.0,0.0,1.0
10,12,0.0,0.0,0.0,0.0,0.0,0.0,0.0,0.0,0.0,0.0,0.0,0.0,1.0
10,12,0.0,0.0,0.0,0.0,0.0,0.0,0.0,0.0,0.0,0.0,0.0,0.0,1.0
10,12,0.0,0.0,0.0,0.0,0.0,0.0,0.0,0.0,0.0,0.0,0.0,0.0,1.0
10,12,0.0,0.0,0.0,0.0,0.0,0.0,0.0,0.0,0.0,0.0,0.0,0.0,1.0
10,12,0.0,0.0,0.0,0.0,0.0,0.0,0.0,0.0,0.0,0.0,0.0,0.0,1.0
10,12,0.0,0.0,0.0,0.0,0.0,0.0,0.0,0.0,0.0,0.0,0.0,0.0,1.0
10,12,0.0,0.0,0.0,0.0,0.0,0.0,0.0,0.0,0.0,0.0,0.0,0.0,1.0
10,12,0.0,0.0,0.0,0.0,0.0,0.0,0.0,0.0,0.0,0.0,0.0,0.0,1.0
10,12,0.0,0.0,0.0,0.0,0.0,0.0,0.0,0.0,0.0,0.0,0.0,0.0,1.0
10,12,0.0,0.0,0.0,0.0,0.0,0.0,0.0,0.0,0.0,0.0,0.0,0.0,1.0
10,12,0.0,0.0,0.0,0.0,0.0,0.0,0.0,0.0,0.0,0.0,0.0,0.0,1.0
10,12,0.0,0.0,0.0,0.0,0.0,0.0,0.0,0.0,0.0,0.0,0.0,0.0,1.0
10,12,0.0,0.0,0.0,0.0,0.0,0.0,0.0,0.0,0.0,0.0,0.0,0.0,1.0
10,12,0.0,0.0,0.0,0.0,0.0,0.0,0.0,0.0,0.0,0.0,0.0,0.0,1.0
10,12,0.0,0.0,0.0,0.0,0.0,0.0,0.0,0.0,0.0,0.0,0.0,0.0,1.0
10,12,0.0,0.0,0.0,0.0,0.0,0.0,0.0,0.0,0.0,0.0,0.0,0.0,1.0
10,12,0.0,0.0,0.0,0.0,0.0,0.0,0.0,0.0,0.0,0.0,0.0,0.0,1.0
10,12,0.0,0.0,0.0,0.0,0.0,0.0,0.0,0.0,0.0,0.0,0.0,0.0,1.0
10,12,0.0,0.0,0.0,0.0,0.0,0.0,0.0,0.0,0.0,0.0,0.0,0.0,1.0
10,12,0.0,0.0,0.0,0.0,0.0,0.0,0.0,0.0,0.0,0.0,0.0,0.0,1.0
10,12,0.0,0.0,0.0,0.0,0.0,0.0,0.0,0.0,0.0,0.0,0.0,0.0,1.0
10,12,0.0,0.0,0.0,0.0,0.0,0.0,0.0,0.0,0.0,0.0,0.0,0.0,1.0
10,12,0.0,0.0,0.0,0.0,0.0,0.0,0.0,0.0,0.0,0.0,0.0,0.0,1.0
10,12,0.0,0.0,0.0,0.0,0.0,0.0,0.0,0.0,0.0,0.0,0.0,0.0,1.0
10,12,0.0,0.0,0.0,0.0,0.0,0.0,0.0,0.0,0.0,0.0,0.0,0.0,1.0
10,12,0.0,0.0,0.0,0.0,0.0,0.0,0.0,0.0,0.0,0.0,0.0,0.0,1.0
10,12,0.0,0.0,0.0,0.0,0.0,0.0,0.0,0.0,0.0,0.0,0.0,0.0,1.0
10,12,0.0,0.0,0.0,0.0,0.0,0.0,0.0,0.0,0.0,0.0,0.0,0.0,1.0
10,12,0.0,0.0,0.0,0.0,0.0,0.0,0.0,0.0,0.0,0.0,0.0,0.0,1.0
10,12,0.0,0.0,0.0,0.0,0.0,0.0,0.0,0.0,0.0,0.0,0.0,0.0,1.0
10,12,0.0,0.0,0.0,0.0,0.0,0.0,0.0,0.0,0.0,0.0,0.0,0.0,1.0
10,12,0.0,0.0,0.0,0.0,0.0,0.0,0.0,0.0,0.0,0.0,0.0,0.0,1.0
10,12,0.0,0.0,0.0,0.0,0.0,0.0,0.0,0.0,0.0,0.0,0.0,0.0,1.0
10,12,0.0,0.0,0.0,0.0,0.0,0.0,0.0,0.0,0.0,0.0,0.0,0.0,1.0
10,12,0.0,0.0,0.0,0.0,0.0,0.0,0.0,0.0,0.0,0.0,0.0,0.0,1.0
10,12,0.0,0.0,0.0,0.0,0.0,0.0,0.0,0.0,0.0,0.0,0.0,0.0,1.0
10,12,0.0,0.0,0.0,0.0,0.0,0.0,0.0,0.0,0.0,0.0,0.0,0.0,1.0
10,12,0.0,0.0,0.0,0.0,0.0,0.0,0.0,0.0,0.0,0.0,0.0,0.0,1.0
10,12,0.0,0.0,0.0,0.0,0.0,0.0,0.0,0.0,0.0,0.0,0.0,0.0,1.0
10,12,0.0,0.0,0.0,0.0,0.0,0.0,0.0,0.0,0.0,0.0,0.0,0.0,1.0
10,12,0.0,0.0,0.0,0.0,0.0,0.0,0.0,0.0,0.0,0.0,0.0,0.0,1.0
10,12,0.0,0.0,0.0,0.0,0.0,0.0,0.0,0.0,0.0,0.0,0.0,0.0,1.0
10,12,0.0,0.0,0.0,0.0,0.0,0.0,0.0,0.0,0.0,0.0,0.0,0.0,1.0
10,12,0.0,0.0,0.0,0.0,0.0,0.0,0.0,0.0,0.0,0.0,0.0,0.0,1.0
10,12,0.0,0.0,0.0,0.0,0.0,0.0,0.0,0.0,0.0,0.0,0.0,0.0,1.0
10,12,0.0,0.0,0.0,0.0,0.0,0.0,0.0,0.0,0.0,0.0,0.0,0.0,1.0
10,12,0.0,0.0,0.0,0.0,0.0,0.0,0.0,0.0,0.0,0.0,0.0,0.0,1.0
10,12,0.0,0.0,0.0,0.0,0.0,0.0,0.0,0.0,0.0,0.0,0.0,0.0,1.0
10,12,0.0,0.0,0.0,0.0,0.0,0.0,0.0,0.0,0.0,0.0,0.0,0.0,1.0
10,12,0.0,0.0,0.0,0.0,0.0,0.0,0.0,0.0,0.0,0.0,0.0,0.0,1.0
10,12,0.0,0.0,0.0,0.0,0.0,0.0,0.0,0.0,0.0,0.0,0.0,0.0,1.0
10,12,0.0,0.0,0.0,0.0,0.0,0.0,0.0,0.0,0.0,0.0,0.0,0.0,1.0
10,12,0.0,0.0,0.0,0.0,0.0,0.0,0.0,0.0,0.0,0.0,0.0,0.0,1.0
10,12,0.0,0.0,0.0,0.0,0.0,0.0,0.0,0.0,0.0,0.0,0.0,0.0,1.0
10,12,0.0,0.0,0.0,0.0,0.0,0.0,0.0,0.0,0.0,0.0,0.0,0.0,1.0
10,12,0.0,0.0,0.0,0.0,0.0,0.0,0.0,0.0,0.0,0.0,0.0,0.0,1.0
10,12,0.0,0.0,0.0,0.0,0.0,0.0,0.0,0.0,0.0,0.0,0.0,0.0,1.0
10,12,0.0,0.0,0.0,0.0,0.0,0.0,0.0,0.0,0.0,0.0,0.0,0.0,1.0
10,12,0.0,0.0,0.0,0.0,0.0,0.0,0.0,0.0,0.0,0.0,0.0,0.0,1.0
10,12,0.0,0.0,0.0,0.0,0.0,0.0,0.0,0.0,0.0,0.0,0.0,0.0,1.0
10,12,0.0,0.0,0.0,0.0,0.0,0.0,0.0,0.0,0.0,0.0,0.0,0.0,1.0
10,12,0.0,0.0,0.0,0.0,0.0,0.0,0.0,0.0,0.0,0.0,0.0,0.0,1.0
10,12,0.0,0.0,0.0,0.0,0.0,0.0,0.0,0.0,0.0,0.0,0.0,0.0,1.0
10,12,0.0,0.0,0.0,0.0,0.0,0.0,0.0,0.0,0.0,0.0,0.0,0.0,1.0
10,12,0.0,0.0,0.0,0.0,0.0,0.0,0.0,0.0,0.0,0.0,0.0,0.0,1.0
10,12,0.0,0.0,0.0,0.0,0.0,0.0,0.0,0.0,0.0,0.0,0.0,0.0,1.0
10,12,0.0,0.0,0.0,0.0,0.0,0.0,0.0,0.0,0.0,0.0,0.0,0.0,1.0
10,12,0.0,0.0,0.0,0.0,0.0,0.0,0.0,0.0,0.0,0.0,0.0,0.0,1.0
10,12,0.0,0.0,0.0,0.0,0.0,0.0,0.0,0.0,0.0,0.0,0.0,0.0,1.0
10,12,0.0,0.0,0.0,0.0,0.0,0.0,0.0,0.0,0.0,0.0,0.0,0.0,1.0
10,12,0.0,0.0,0.0,0.0,0.0,0.0,0.0,0.0,0.0,0.0,0.0,0.0,1.0
10,12,0.0,0.0,0.0,0.0,0.0,0.0,0.0,0.0,0.0,0.0,0.0,0.0,1.0
10,12,0.0,0.0,0.0,0.0,0.0,0.0,0.0,0.0,0.0,0.0,0.0,0.0,1.0
10,12,0.0,0.0,0.0,0.0,0.0,0.0,0.0,0.0,0.0,0.0,0.0,0.0,1.0
10,12,0.0,0.0,0.0,0.0,0.0,0.0,0.0,0.0,0.0,0.0,0.0,0.0,1.0
10,12,0.0,0.0,0.0,0.0,0.0,0.0,0.0,0.0,0.0,0.0,0.0,0.0,1.0
10,12,0.0,0.0,0.0,0.0,0.0,0.0,0.0,0.0,0.0,0.0,0.0,0.0,1.0
10,12,0.0,0.0,0.0,0.0,0.0,0.0,0.0,0.0,0.0,0.0,0.0,0.0,1.0
10,12,0.0,0.0,0.0,0.0,0.0,0.0,0.0,0.0,0.0,0.0,0.0,0.0,1.0
10,12,0.0,0.0,0.0,0.0,0.0,0.0,0.0,0.0,0.0,0.0,0.0,0.0,1.0
10,12,0.0,0.0,0.0,0.0,0.0,0.0,0.0,0.0,0.0,0.0,0.0,0.0,1.0
10,12,0.0,0.0,0.0,0.0,0.0,0.0,0.0,0.0,0.0,0.0,0.0,0.0,1.0
10,12,0.0,0.0,0.0,0.0,0.0,0.0,0.0,0.0,0.0,0.0,0.0,0.0,1.0
10,12,0.0,0.0,0.0,0.0,0.0,0.0,0.0,0.0,0.0,0.0,0.0,0.0,1.0
10,12,0.0,0.0,0.0,0.0,0.0,0.0,0.0,0.0,0.0,0.0,0.0,0.0,1.0
10,12,0.0,0.0,0.0,0.0,0.0,0.0,0.0,0.0,0.0,0.0,0.0,0.0,1.0
10,12,0.0,0.0,0.0,0.0,0.0,0.0,0.0,0.0,0.0,0.0,0.0,0.0,1.0
10,12,0.0,0.0,0.0,0.0,0.0,0.0,0.0,0.0,0.0,0.0,0.0,0.0,1.0
10,12,0.0,0.0,0.0,0.0,0.0,0.0,0.0,0.0,0.0,0.0,0.0,0.0,1.0
10,12,0.0,0.0,0.0,0.0,0.0,0.0,0.0,0.0,0.0,0.0,0.0,0.0,1.0
10,12,0.0,0.0,0.0,0.0,0.0,0.0,0.0,0.0,0.0,0.0,0.0,0.0,1.0
10,12,0.0,0.0,0.0,0.0,0.0,0.0,0.0,0.0,0.0,0.0,0.0,0.0,1.0
10,12,0.0,0.0,0.0,0.0,0.0,0.0,0.0,0.0,0.0,0.0,0.0,0.0,1.0
10,12,0.0,0.0,0.0,0.0,0.0,0.0,0.0,0.0,0.0,0.0,0.0,0.0,1.0
10,12,0.0,0.0,0.0,0.0,0.0,0.0,0.0,0.0,0.0,0.0,0.0,0.0,1.0
10,12,0.0,0.0,0.0,0.0,0.0,0.0,0.0,0.0,0.0,0.0,0.0,0.0,1.0
10,12,0.0,0.0,0.0,0.0,0.0,0.0,0.0,0.0,0.0,0.0,0.0,0.0,1.0
10,12,0.0,0.0,0.0,0.0,0.0,0.0,0.0,0.0,0.0,0.0,0.0,0.0,1.0
10,12,0.0,0.0,0.0,0.0,0.0,0.0,0.0,0.0,0.0,0.0,0.0,0.0,1.0
10,12,0.0,0.0,0.0,0.0,0.0,0.0,0.0,0.0,0.0,0.0,0.0,0.0,1.0
10,12,0.0,0.0,0.0,0.0,0.0,0.0,0.0,0.0,0.0,0.0,0.0,0.0,1.0
10,12,0.0,0.0,0.0,0.0,0.0,0.0,0.0,0.0,0.0,0.0,0.0,0.0,1.0
10,12,0.0,0.0,0.0,0.0,0.0,0.0,0.0,0.0,0.0,0.0,0.0,0.0,1.0
10,12,0.0,0.0,0.0,0.0,0.0,0.0,0.0,0.0,0.0,0.0,0.0,0.0,1.0
10,12,0.0,0.0,0.0,0.0,0.0,0.0,0.0,0.0,0.0,0.0,0.0,0.0,1.0
10,12,0.0,0.0,0.0,0.0,0.0,0.0,0.0,0.0,0.0,0.0,0.0,0.0,1.0
10,12,0.0,0.0,0.0,0.0,0.0,0.0,0.0,0.0,0.0,0.0,0.0,0.0,1.0
10,12,0.0,0.0,0.0,0.0,0.0,0.0,0.0,0.0,0.0,0.0,0.0,0.0,1.0
10,12,0.0,0.0,0.0,0.0,0.0,0.0,0.0,0.0,0.0,0.0,0.0,0.0,1.0
10,12,0.0,0.0,0.0,0.0,0.0,0.0,0.0,0.0,0.0,0.0,0.0,0.0,1.0
10,12,0.0,0.0,0.0,0.0,0.0,0.0,0.0,0.0,0.0,0.0,0.0,0.0,1.0
10,12,0.0,0.0,0.0,0.0,0.0,0.0,0.0,0.0,0.0,0.0,0.0,0.0,1.0
10,12,0.0,0.0,0.0,0.0,0.0,0.0,0.0,0.0,0.0,0.0,0.0,0.0,1.0
10,12,0.0,0.0,0.0,0.0,0.0,0.0,0.0,0.0,0.0,0.0,0.0,0.0,1.0
10,12,0.0,0.0,0.0,0.0,0.0,0.0,0.0,0.0,0.0,0.0,0.0,0.0,1.0
10,12,0.0,0.0,0.0,0.0,0.0,0.0,0.0,0.0,0.0,0.0,0.0,0.0,1.0
10,12,0.0,0.0,0.0,0.0,0.0,0.0,0.0,0.0,0.0,0.0,0.0,0.0,1.0
10,12,0.0,0.0,0.0,0.0,0.0,0.0,0.0,0.0,0.0,0.0,0.0,0.0,1.0
10,12,0.0,0.0,0.0,0.0,0.0,0.0,0.0,0.0,0.0,0.0,0.0,0.0,1.0
10,12,0.0,0.0,0.0,0.0,0.0,0.0,0.0,0.0,0.0,0.0,0.0,0.0,1.0
10,12,0.0,0.0,0.0,0.0,0.0,0.0,0.0,0.0,0.0,0.0,0.0,0.0,1.0
10,12,0.0,0.0,0.0,0.0,0.0,0.0,0.0,0.0,0.0,0.0,0.0,0.0,1.0
10,12,0.0,0.0,0.0,0.0,0.0,0.0,0.0,0.0,0.0,0.0,0.0,0.0,1.0
10,12,0.0,0.0,0.0,0.0,0.0,0.0,0.0,0.0,0.0,0.0,0.0,0.0,1.0
10,12,0.0,0.0,0.0,0.0,0.0,0.0,0.0,0.0,0.0,0.0,0.0,0.0,1.0
10,12,0.0,0.0,0.0,0.0,0.0,0.0,0.0,0.0,0.0,0.0,0.0,0.0,1.0
10,12,0.0,0.0,0.0,0.0,0.0,0.0,0.0,0.0,0.0,0.0,0.0,0.0,1.0
10,12,0.0,0.0,0.0,0.0,0.0,0.0,0.0,0.0,0.0,0.0,0.0,0.0,1.0
10,12,0.0,0.0,0.0,0.0,0.0,0.0,0.0,0.0,0.0,0.0,0.0,0.0,1.0
10,12,0.0,0.0,0.0,0.0,0.0,0.0,0.0,0.0,0.0,0.0,0.0,0.0,1.0
10,12,0.0,0.0,0.0,0.0,0.0,0.0,0.0,0.0,0.0,0.0,0.0,0.0,1.0
10,12,0.0,0.0,0.0,0.0,0.0,0.0,0.0,0.0,0.0,0.0,0.0,0.0,1.0
10,12,0.0,0.0,0.0,0.0,0.0,0.0,0.0,0.0,0.0,0.0,0.0,0.0,1.0
10,12,0.0,0.0,0.0,0.0,0.0,0.0,0.0,0.0,0.0,0.0,0.0,0.0,1.0
10,12,0.0,0.0,0.0,0.0,0.0,0.0,0.0,0.0,0.0,0.0,0.0,0.0,1.0
10,12,0.0,0.0,0.0,0.0,0.0,0.0,0.0,0.0,0.0,0.0,0.0,0.0,1.0
10,12,0.0,0.0,0.0,0.0,0.0,0.0,0.0,0.0,0.0,0.0,0.0,0.0,1.0
10,12,0.0,0.0,0.0,0.0,0.0,0.0,0.0,0.0,0.0,0.0,0.0,0.0,1.0
10,12,0.0,0.0,0.0,0.0,0.0,0.0,0.0,0.0,0.0,0.0,0.0,0.0,1.0
10,12,0.0,0.0,0.0,0.0,0.0,0.0,0.0,0.0,0.0,0.0,0.0,0.0,1.0
10,12,0.0,0.0,0.0,0.0,0.0,0.0,0.0,0.0,0.0,0.0,0.0,0.0,1.0
10,12,0.0,0.0,0.0,0.0,0.0,0.0,0.0,0.0,0.0,0.0,0.0,0.0,1.0
10,12,0.0,0.0,0.0,0.0,0.0,0.0,0.0,0.0,0.0,0.0,0.0,0.0,1.0
10,12,0.0,0.0,0.0,0.0,0.0,0.0,0.0,0.0,0.0,0.0,0.0,0.0,1.0
10,12,0.0,0.0,0.0,0.0,0.0,0.0,0.0,0.0,0.0,0.0,0.0,0.0,1.0
10,12,0.0,0.0,0.0,0.0,0.0,0.0,0.0,0.0,0.0,0.0,0.0,0.0,1.0
10,12,0.0,0.0,0.0,0.0,0.0,0.0,0.0,0.0,0.0,0.0,0.0,0.0,1.0
10,12,0.0,0.0,0.0,0.0,0.0,0.0,0.0,0.0,0.0,0.0,0.0,0.0,1.0
10,12,0.0,0.0,0.0,0.0,0.0,0.0,0.0,0.0,0.0,0.0,0.0,0.0,1.0
10,12,0.0,0.0,0.0,0.0,0.0,0.0,0.0,0.0,0.0,0.0,0.0,0.0,1.0
10,12,0.0,0.0,0.0,0.0,0.0,0.0,0.0,0.0,0.0,0.0,0.0,0.0,1.0
10,12,0.0,0.0,0.0,0.0,0.0,0.0,0.0,0.0,0.0,0.0,0.0,0.0,1.0
10,12,0.0,0.0,0.0,0.0,0.0,0.0,0.0,0.0,0.0,0.0,0.0,0.0,1.0
10,12,0.0,0.0,0.0,0.0,0.0,0.0,0.0,0.0,0.0,0.0,0.0,0.0,1.0
10,12,0.0,0.0,0.0,0.0,0.0,0.0,0.0,0.0,0.0,0.0,0.0,0.0,1.0
10,12,0.0,0.0,0.0,0.0,0.0,0.0,0.0,0.0,0.0,0.0,0.0,0.0,1.0
10,12,0.0,0.0,0.0,0.0,0.0,0.0,0.0,0.0,0.0,0.0,0.0,0.0,1.0
10,12,0.0,0.0,0.0,0.0,0.0,0.0,0.0,0.0,0.0,0.0,0.0,0.0,1.0
10,12,0.0,0.0,0.0,0.0,0.0,0.0,0.0,0.0,0.0,0.0,0.0,0.0,1.0
10,12,0.0,0.0,0.0,0.0,0.0,0.0,0.0,0.0,0.0,0.0,0.0,0.0,1.0
10,12,0.0,0.0,0.0,0.0,0.0,0.0,0.0,0.0,0.0,0.0,0.0,0.0,1.0
10,12,0.0,0.0,0.0,0.0,0.0,0.0,0.0,0.0,0.0,0.0,0.0,0.0,1.0
10,12,0.0,0.0,0.0,0.0,0.0,0.0,0.0,0.0,0.0,0.0,0.0,0.0,1.0
10,12,0.0,0.0,0.0,0.0,0.0,0.0,0.0,0.0,0.0,0.0,0.0,0.0,1.0
10,12,0.0,0.0,0.0,0.0,0.0,0.0,0.0,0.0,0.0,0.0,0.0,0.0,1.0
10,12,0.0,0.0,0.0,0.0,0.0,0.0,0.0,0.0,0.0,0.0,0.0,0.0,1.0
10,12,0.0,0.0,0.0,0.0,0.0,0.0,0.0,0.0,0.0,0.0,0.0,0.0,1.0
10,12,0.0,0.0,0.0,0.0,0.0,0.0,0.0,0.0,0.0,0.0,0.0,0.0,1.0
10,12,0.0,0.0,0.0,0.0,0.0,0.0,0.0,0.0,0.0,0.0,0.0,0.0,1.0
10,12,0.0,0.0,0.0,0.0,0.0,0.0,0.0,0.0,0.0,0.0,0.0,0.0,1.0
10,12,0.0,0.0,0.0,0.0,0.0,0.0,0.0,0.0,0.0,0.0,0.0,0.0,1.0
10,12,0.0,0.0,0.0,0.0,0.0,0.0,0.0,0.0,0.0,0.0,0.0,0.0,1.0
10,12,0.0,0.0,0.0,0.0,0.0,0.0,0.0,0.0,0.0,0.0,0.0,0.0,1.0
10,12,0.0,0.0,0.0,0.0,0.0,0.0,0.0,0.0,0.0,0.0,0.0,0.0,1.0
10,12,0.0,0.0,0.0,0.0,0.0,0.0,0.0,0.0,0.0,0.0,0.0,0.0,1.0
10,12,0.0,0.0,0.0,0.0,0.0,0.0,0.0,0.0,0.0,0.0,0.0,0.0,1.0
10,12,0.0,0.0,0.0,0.0,0.0,0.0,0.0,0.0,0.0,0.0,0.0,0.0,1.0
10,12,0.0,0.0,0.0,0.0,0.0,0.0,0.0,0.0,0.0,0.0,0.0,0.0,1.0
10,12,0.0,0.0,0.0,0.0,0.0,0.0,0.0,0.0,0.0,0.0,0.0,0.0,1.0
10,12,0.0,0.0,0.0,0.0,0.0,0.0,0.0,0.0,0.0,0.0,0.0,0.0,1.0
10,12,0.0,0.0,0.0,0.0,0.0,0.0,0.0,0.0,0.0,0.0,0.0,0.0,1.0
10,12,0.0,0.0,0.0,0.0,0.0,0.0,0.0,0.0,0.0,0.0,0.0,0.0,1.0
10,12,0.0,0.0,0.0,0.0,0.0,0.0,0.0,0.0,0.0,0.0,0.0,0.0,1.0
10,12,0.0,0.0,0.0,0.0,0.0,0.0,0.0,0.0,0.0,0.0,0.0,0.0,1.0
10,12,0.0,0.0,0.0,0.0,0.0,0.0,0.0,0.0,0.0,0.0,0.0,0.0,1.0
10,12,0.0,0.0,0.0,0.0,0.0,0.0,0.0,0.0,0.0,0.0,0.0,0.0,1.0
10,12,0.0,0.0,0.0,0.0,0.0,0.0,0.0,0.0,0.0,0.0,0.0,0.0,1.0
10,12,0.0,0.0,0.0,0.0,0.0,0.0,0.0,0.0,0.0,0.0,0.0,0.0,1.0
10,12,0.0,0.0,0.0,0.0,0.0,0.0,0.0,0.0,0.0,0.0,0.0,0.0,1.0
10,12,0.0,0.0,0.0,0.0,0.0,0.0,0.0,0.0,0.0,0.0,0.0,0.0,1.0
10,12,0.0,0.0,0.0,0.0,0.0,0.0,0.0,0.0,0.0,0.0,0.0,0.0,1.0
10,12,0.0,0.0,0.0,0.0,0.0,0.0,0.0,0.0,0.0,0.0,0.0,0.0,1.0
10,12,0.0,0.0,0.0,0.0,0.0,0.0,0.0,0.0,0.0,0.0,0.0,0.0,1.0
10,12,0.0,0.0,0.0,0.0,0.0,0.0,0.0,0.0,0.0,0.0,0.0,0.0,1.0
10,12,0.0,0.0,0.0,0.0,0.0,0.0,0.0,0.0,0.0,0.0,0.0,0.0,1.0
10,12,0.0,0.0,0.0,0.0,0.0,0.0,0.0,0.0,0.0,0.0,0.0,0.0,1.0
10,12,0.0,0.0,0.0,0.0,0.0,0.0,0.0,0.0,0.0,0.0,0.0,0.0,1.0
10,12,0.0,0.0,0.0,0.0,0.0,0.0,0.0,0.0,0.0,0.0,0.0,0.0,1.0
10,12,0.0,0.0,0.0,0.0,0.0,0.0,0.0,0.0,0.0,0.0,0.0,0.0,1.0
10,12,0.0,0.0,0.0,0.0,0.0,0.0,0.0,0.0,0.0,0.0,0.0,0.0,1.0
10,12,0.0,0.0,0.0,0.0,0.0,0.0,0.0,0.0,0.0,0.0,0.0,0.0,1.0
10,12,0.0,0.0,0.0,0.0,0.0,0.0,0.0,0.0,0.0,0.0,0.0,0.0,1.0
10,12,0.0,0.0,0.0,0.0,0.0,0.0,0.0,0.0,0.0,0.0,0.0,0.0,1.0
10,12,0.0,0.0,0.0,0.0,0.0,0.0,0.0,0.0,0.0,0.0,0.0,0.0,1.0
10,12,0.0,0.0,0.0,0.0,0.0,0.0,0.0,0.0,0.0,0.0,0.0,0.0,1.0
10,12,0.0,0.0,0.0,0.0,0.0,0.0,0.0,0.0,0.0,0.0,0.0,0.0,1.0
10,12,0.0,0.0,0.0,0.0,0.0,0.0,0.0,0.0,0.0,0.0,0.0,0.0,1.0
10,12,0.0,0.0,0.0,0.0,0.0,0.0,0.0,0.0,0.0,0.0,0.0,0.0,1.0
10,12,0.0,0.0,0.0,0.0,0.0,0.0,0.0,0.0,0.0,0.0,0.0,0.0,1.0
10,12,0.0,0.0,0.0,0.0,0.0,0.0,0.0,0.0,0.0,0.0,0.0,0.0,1.0
10,12,0.0,0.0,0.0,0.0,0.0,0.0,0.0,0.0,0.0,0.0,0.0,0.0,1.0
10,12,0.0,0.0,0.0,0.0,0.0,0.0,0.0,0.0,0.0,0.0,0.0,0.0,1.0
10,12,0.0,0.0,0.0,0.0,0.0,0.0,0.0,0.0,0.0,0.0,0.0,0.0,1.0
10,12,0.0,0.0,0.0,0.0,0.0,0.0,0.0,0.0,0.0,0.0,0.0,0.0,1.0
10,12,0.0,0.0,0.0,0.0,0.0,0.0,0.0,0.0,0.0,0.0,0.0,0.0,1.0
10,12,0.0,0.0,0.0,0.0,0.0,0.0,0.0,0.0,0.0,0.0,0.0,0.0,1.0
10,12,0.0,0.0,0.0,0.0,0.0,0.0,0.0,0.0,0.0,0.0,0.0,0.0,1.0
10,12,0.0,0.0,0.0,0.0,0.0,0.0,0.0,0.0,0.0,0.0,0.0,0.0,1.0
10,12,0.0,0.0,0.0,0.0,0.0,0.0,0.0,0.0,0.0,0.0,0.0,0.0,1.0
10,12,0.0,0.0,0.0,0.0,0.0,0.0,0.0,0.0,0.0,0.0,0.0,0.0,1.0
10,12,0.0,0.0,0.0,0.0,0.0,0.0,0.0,0.0,0.0,0.0,0.0,0.0,1.0
10,12,0.0,0.0,0.0,0.0,0.0,0.0,0.0,0.0,0.0,0.0,0.0,0.0,1.0
10,12,0.0,0.0,0.0,0.0,0.0,0.0,0.0,0.0,0.0,0.0,0.0,0.0,1.0
10,12,0.0,0.0,0.0,0.0,0.0,0.0,0.0,0.0,0.0,0.0,0.0,0.0,1.0
10,12,0.0,0.0,0.0,0.0,0.0,0.0,0.0,0.0,0.0,0.0,0.0,0.0,1.0
10,12,0.0,0.0,0.0,0.0,0.0,0.0,0.0,0.0,0.0,0.0,0.0,0.0,1.0
10,12,0.0,0.0,0.0,0.0,0.0,0.0,0.0,0.0,0.0,0.0,0.0,0.0,1.0
10,12,0.0,0.0,0.0,0.0,0.0,0.0,0.0,0.0,0.0,0.0,0.0,0.0,1.0
10,12,0.0,0.0,0.0,0.0,0.0,0.0,0.0,0.0,0.0,0.0,0.0,0.0,1.0
10,12,0.0,0.0,0.0,0.0,0.0,0.0,0.0,0.0,0.0,0.0,0.0,0.0,1.0
10,12,0.0,0.0,0.0,0.0,0.0,0.0,0.0,0.0,0.0,0.0,0.0,0.0,1.0
10,12,0.0,0.0,0.0,0.0,0.0,0.0,0.0,0.0,0.0,0.0,0.0,0.0,1.0
10,12,0.0,0.0,0.0,0.0,0.0,0.0,0.0,0.0,0.0,0.0,0.0,0.0,1.0
10,12,0.0,0.0,0.0,0.0,0.0,0.0,0.0,0.0,0.0,0.0,0.0,0.0,1.0
10,12,0.0,0.0,0.0,0.0,0.0,0.0,0.0,0.0,0.0,0.0,0.0,0.0,1.0
10,12,0.0,0.0,0.0,0.0,0.0,0.0,0.0,0.0,0.0,0.0,0.0,0.0,1.0
10,12,0.0,0.0,0.0,0.0,0.0,0.0,0.0,0.0,0.0,0.0,0.0,0.0,1.0
10,12,0.0,0.0,0.0,0.0,0.0,0.0,0.0,0.0,0.0,0.0,0.0,0.0,1.0
10,12,0.0,0.0,0.0,0.0,0.0,0.0,0.0,0.0,0.0,0.0,0.0,0.0,1.0
10,12,0.0,0.0,0.0,0.0,0.0,0.0,0.0,0.0,0.0,0.0,0.0,0.0,1.0
10,12,0.0,0.0,0.0,0.0,0.0,0.0,0.0,0.0,0.0,0.0,0.0,0.0,1.0
10,12,0.0,0.0,0.0,0.0,0.0,0.0,0.0,0.0,0.0,0.0,0.0,0.0,1.0
10,12,0.0,0.0,0.0,0.0,0.0,0.0,0.0,0.0,0.0,0.0,0.0,0.0,1.0
10,12,0.0,0.0,0.0,0.0,0.0,0.0,0.0,0.0,0.0,0.0,0.0,0.0,1.0
10,12,0.0,0.0,0.0,0.0,0.0,0.0,0.0,0.0,0.0,0.0,0.0,0.0,1.0
10,12,0.0,0.0,0.0,0.0,0.0,0.0,0.0,0.0,0.0,0.0,0.0,0.0,1.0
10,12,0.0,0.0,0.0,0.0,0.0,0.0,0.0,0.0,0.0,0.0,0.0,0.0,1.0
10,12,0.0,0.0,0.0,0.0,0.0,0.0,0.0,0.0,0.0,0.0,0.0,0.0,1.0
10,12,0.0,0.0,0.0,0.0,0.0,0.0,0.0,0.0,0.0,0.0,0.0,0.0,1.0
10,12,0.0,0.0,0.0,0.0,0.0,0.0,0.0,0.0,0.0,0.0,0.0,0.0,1.0
10,12,0.0,0.0,0.0,0.0,0.0,0.0,0.0,0.0,0.0,0.0,0.0,0.0,1.0
10,12,0.0,0.0,0.0,0.0,0.0,0.0,0.0,0.0,0.0,0.0,0.0,0.0,1.0
10,12,0.0,0.0,0.0,0.0,0.0,0.0,0.0,0.0,0.0,0.0,0.0,0.0,1.0
10,12,0.0,0.0,0.0,0.0,0.0,0.0,0.0,0.0,0.0,0.0,0.0,0.0,1.0
10,12,0.0,0.0,0.0,0.0,0.0,0.0,0.0,0.0,0.0,0.0,0.0,0.0,1.0
10,12,0.0,0.0,0.0,0.0,0.0,0.0,0.0,0.0,0.0,0.0,0.0,0.0,1.0
10,12,0.0,0.0,0.0,0.0,0.0,0.0,0.0,0.0,0.0,0.0,0.0,0.0,1.0
10,12,0.0,0.0,0.0,0.0,0.0,0.0,0.0,0.0,0.0,0.0,0.0,0.0,1.0
10,12,0.0,0.0,0.0,0.0,0.0,0.0,0.0,0.0,0.0,0.0,0.0,0.0,1.0
10,12,0.0,0.0,0.0,0.0,0.0,0.0,0.0,0.0,0.0,0.0,0.0,0.0,1.0
10,12,0.0,0.0,0.0,0.0,0.0,0.0,0.0,0.0,0.0,0.0,0.0,0.0,1.0
10,12,0.0,0.0,0.0,0.0,0.0,0.0,0.0,0.0,0.0,0.0,0.0,0.0,1.0
10,12,0.0,0.0,0.0,0.0,0.0,0.0,0.0,0.0,0.0,0.0,0.0,0.0,1.0
10,12,0.0,0.0,0.0,0.0,0.0,0.0,0.0,0.0,0.0,0.0,0.0,0.0,1.0
10,12,0.0,0.0,0.0,0.0,0.0,0.0,0.0,0.0,0.0,0.0,0.0,0.0,1.0
10,12,0.0,0.0,0.0,0.0,0.0,0.0,0.0,0.0,0.0,0.0,0.0,0.0,1.0
10,12,0.0,0.0,0.0,0.0,0.0,0.0,0.0,0.0,0.0,0.0,0.0,0.0,1.0
10,12,0.0,0.0,0.0,0.0,0.0,0.0,0.0,0.0,0.0,0.0,0.0,0.0,1.0
10,12,0.0,0.0,0.0,0.0,0.0,0.0,0.0,0.0,0.0,0.0,0.0,0.0,1.0
10,12,0.0,0.0,0.0,0.0,0.0,0.0,0.0,0.0,0.0,0.0,0.0,0.0,1.0
10,12,0.0,0.0,0.0,0.0,0.0,0.0,0.0,0.0,0.0,0.0,0.0,0.0,1.0
10,12,0.0,0.0,0.0,0.0,0.0,0.0,0.0,0.0,0.0,0.0,0.0,0.0,1.0
10,12,0.0,0.0,0.0,0.0,0.0,0.0,0.0,0.0,0.0,0.0,0.0,0.0,1.0
10,12,0.0,0.0,0.0,0.0,0.0,0.0,0.0,0.0,0.0,0.0,0.0,0.0,1.0
10,12,0.0,0.0,0.0,0.0,0.0,0.0,0.0,0.0,0.0,0.0,0.0,0.0,1.0
10,12,0.0,0.0,0.0,0.0,0.0,0.0,0.0,0.0,0.0,0.0,0.0,0.0,1.0
10,12,0.0,0.0,0.0,0.0,0.0,0.0,0.0,0.0,0.0,0.0,0.0,0.0,1.0
10,12,0.0,0.0,0.0,0.0,0.0,0.0,0.0,0.0,0.0,0.0,0.0,0.0,1.0
10,12,0.0,0.0,0.0,0.0,0.0,0.0,0.0,0.0,0.0,0.0,0.0,0.0,1.0
10,12,0.0,0.0,0.0,0.0,0.0,0.0,0.0,0.0,0.0,0.0,0.0,0.0,1.0
10,12,0.0,0.0,0.0,0.0,0.0,0.0,0.0,0.0,0.0,0.0,0.0,0.0,1.0
10,12,0.0,0.0,0.0,0.0,0.0,0.0,0.0,0.0,0.0,0.0,0.0,0.0,1.0
10,12,0.0,0.0,0.0,0.0,0.0,0.0,0.0,0.0,0.0,0.0,0.0,0.0,1.0
10,12,0.0,0.0,0.0,0.0,0.0,0.0,0.0,0.0,0.0,0.0,0.0,0.0,1.0
10,12,0.0,0.0,0.0,0.0,0.0,0.0,0.0,0.0,0.0,0.0,0.0,0.0,1.0
10,12,0.0,0.0,0.0,0.0,0.0,0.0,0.0,0.0,0.0,0.0,0.0,0.0,1.0
10,12,0.0,0.0,0.0,0.0,0.0,0.0,0.0,0.0,0.0,0.0,0.0,0.0,1.0
10,12,0.0,0.0,0.0,0.0,0.0,0.0,0.0,0.0,0.0,0.0,0.0,0.0,1.0
10,12,0.0,0.0,0.0,0.0,0.0,0.0,0.0,0.0,0.0,0.0,0.0,0.0,1.0
10,12,0.0,0.0,0.0,0.0,0.0,0.0,0.0,0.0,0.0,0.0,0.0,0.0,1.0
10,12,0.0,0.0,0.0,0.0,0.0,0.0,0.0,0.0,0.0,0.0,0.0,0.0,1.0
10,12,0.0,0.0,0.0,0.0,0.0,0.0,0.0,0.0,0.0,0.0,0.0,0.0,1.0
10,12,0.0,0.0,0.0,0.0,0.0,0.0,0.0,0.0,0.0,0.0,0.0,0.0,1.0
10,12,0.0,0.0,0.0,0.0,0.0,0.0,0.0,0.0,0.0,0.0,0.0,0.0,1.0
10,12,0.0,0.0,0.0,0.0,0.0,0.0,0.0,0.0,0.0,0.0,0.0,0.0,1.0
10,12,0.0,0.0,0.0,0.0,0.0,0.0,0.0,0.0,0.0,0.0,0.0,0.0,1.0
10,12,0.0,0.0,0.0,0.0,0.0,0.0,0.0,0.0,0.0,0.0,0.0,0.0,1.0
10,12,0.0,0.0,0.0,0.0,0.0,0.0,0.0,0.0,0.0,0.0,0.0,0.0,1.0
10,12,0.0,0.0,0.0,0.0,0.0,0.0,0.0,0.0,0.0,0.0,0.0,0.0,1.0
10,12,0.0,0.0,0.0,0.0,0.0,0.0,0.0,0.0,0.0,0.0,0.0,0.0,1.0
10,12,0.0,0.0,0.0,0.0,0.0,0.0,0.0,0.0,0.0,0.0,0.0,0.0,1.0
10,12,0.0,0.0,0.0,0.0,0.0,0.0,0.0,0.0,0.0,0.0,0.0,0.0,1.0
10,12,0.0,0.0,0.0,0.0,0.0,0.0,0.0,0.0,0.0,0.0,0.0,0.0,1.0
10,12,0.0,0.0,0.0,0.0,0.0,0.0,0.0,0.0,0.0,0.0,0.0,0.0,1.0
10,12,0.0,0.0,0.0,0.0,0.0,0.0,0.0,0.0,0.0,0.0,0.0,0.0,1.0
10,12,0.0,0.0,0.0,0.0,0.0,0.0,0.0,0.0,0.0,0.0,0.0,0.0,1.0
10,12,0.0,0.0,0.0,0.0,0.0,0.0,0.0,0.0,0.0,0.0,0.0,0.0,1.0
10,12,0.0,0.0,0.0,0.0,0.0,0.0,0.0,0.0,0.0,0.0,0.0,0.0,1.0
10,12,0.0,0.0,0.0,0.0,0.0,0.0,0.0,0.0,0.0,0.0,0.0,0.0,1.0
10,12,0.0,0.0,0.0,0.0,0.0,0.0,0.0,0.0,0.0,0.0,0.0,0.0,1.0
10,12,0.0,0.0,0.0,0.0,0.0,0.0,0.0,0.0,0.0,0.0,0.0,0.0,1.0
10,12,0.0,0.0,0.0,0.0,0.0,0.0,0.0,0.0,0.0,0.0,0.0,0.0,1.0
10,12,0.0,0.0,0.0,0.0,0.0,0.0,0.0,0.0,0.0,0.0,0.0,0.0,1.0
10,12,0.0,0.0,0.0,0.0,0.0,0.0,0.0,0.0,0.0,0.0,0.0,0.0,1.0
10,12,0.0,0.0,0.0,0.0,0.0,0.0,0.0,0.0,0.0,0.0,0.0,0.0,1.0
10,12,0.0,0.0,0.0,0.0,0.0,0.0,0.0,0.0,0.0,0.0,0.0,0.0,1.0
10,12,0.0,0.0,0.0,0.0,0.0,0.0,0.0,0.0,0.0,0.0,0.0,0.0,1.0
10,12,0.0,0.0,0.0,0.0,0.0,0.0,0.0,0.0,0.0,0.0,0.0,0.0,1.0
10,12,0.0,0.0,0.0,0.0,0.0,0.0,0.0,0.0,0.0,0.0,0.0,0.0,1.0
10,12,0.0,0.0,0.0,0.0,0.0,0.0,0.0,0.0,0.0,0.0,0.0,0.0,1.0
10,12,0.0,0.0,0.0,0.0,0.0,0.0,0.0,0.0,0.0,0.0,0.0,0.0,1.0
10,12,0.0,0.0,0.0,0.0,0.0,0.0,0.0,0.0,0.0,0.0,0.0,0.0,1.0
10,12,0.0,0.0,0.0,0.0,0.0,0.0,0.0,0.0,0.0,0.0,0.0,0.0,1.0
10,12,0.0,0.0,0.0,0.0,0.0,0.0,0.0,0.0,0.0,0.0,0.0,0.0,1.0
10,12,0.0,0.0,0.0,0.0,0.0,0.0,0.0,0.0,0.0,0.0,0.0,0.0,1.0
10,12,0.0,0.0,0.0,0.0,0.0,0.0,0.0,0.0,0.0,0.0,0.0,0.0,1.0
10,12,0.0,0.0,0.0,0.0,0.0,0.0,0.0,0.0,0.0,0.0,0.0,0.0,1.0
10,12,0.0,0.0,0.0,0.0,0.0,0.0,0.0,0.0,0.0,0.0,0.0,0.0,1.0
10,12,0.0,0.0,0.0,0.0,0.0,0.0,0.0,0.0,0.0,0.0,0.0,0.0,1.0
10,12,0.0,0.0,0.0,0.0,0.0,0.0,0.0,0.0,0.0,0.0,0.0,0.0,1.0
10,12,0.0,0.0,0.0,0.0,0.0,0.0,0.0,0.0,0.0,0.0,0.0,0.0,1.0
10,12,0.0,0.0,0.0,0.0,0.0,0.0,0.0,0.0,0.0,0.0,0.0,0.0,1.0
10,12,0.0,0.0,0.0,0.0,0.0,0.0,0.0,0.0,0.0,0.0,0.0,0.0,1.0
10,12,0.0,0.0,0.0,0.0,0.0,0.0,0.0,0.0,0.0,0.0,0.0,0.0,1.0
10,12,0.0,0.0,0.0,0.0,0.0,0.0,0.0,0.0,0.0,0.0,0.0,0.0,1.0
10,12,0.0,0.0,0.0,0.0,0.0,0.0,0.0,0.0,0.0,0.0,0.0,0.0,1.0
10,12,0.0,0.0,0.0,0.0,0.0,0.0,0.0,0.0,0.0,0.0,0.0,0.0,1.0
10,12,0.0,0.0,0.0,0.0,0.0,0.0,0.0,0.0,0.0,0.0,0.0,0.0,1.0
10,12,0.0,0.0,0.0,0.0,0.0,0.0,0.0,0.0,0.0,0.0,0.0,0.0,1.0
10,12,0.0,0.0,0.0,0.0,0.0,0.0,0.0,0.0,0.0,0.0,0.0,0.0,1.0
10,12,0.0,0.0,0.0,0.0,0.0,0.0,0.0,0.0,0.0,0.0,0.0,0.0,1.0
10,12,0.0,0.0,0.0,0.0,0.0,0.0,0.0,0.0,0.0,0.0,0.0,0.0,1.0
10,12,0.0,0.0,0.0,0.0,0.0,0.0,0.0,0.0,0.0,0.0,0.0,0.0,1.0
10,12,0.0,0.0,0.0,0.0,0.0,0.0,0.0,0.0,0.0,0.0,0.0,0.0,1.0
10,12,0.0,0.0,0.0,0.0,0.0,0.0,0.0,0.0,0.0,0.0,0.0,0.0,1.0
10,12,0.0,0.0,0.0,0.0,0.0,0.0,0.0,0.0,0.0,0.0,0.0,0.0,1.0
10,12,0.0,0.0,0.0,0.0,0.0,0.0,0.0,0.0,0.0,0.0,0.0,0.0,1.0
10,12,0.0,0.0,0.0,0.0,0.0,0.0,0.0,0.0,0.0,0.0,0.0,0.0,1.0
10,12,0.0,0.0,0.0,0.0,0.0,0.0,0.0,0.0,0.0,0.0,0.0,0.0,1.0
10,12,0.0,0.0,0.0,0.0,0.0,0.0,0.0,0.0,0.0,0.0,0.0,0.0,1.0
10,12,0.0,0.0,0.0,0.0,0.0,0.0,0.0,0.0,0.0,0.0,0.0,0.0,1.0
10,12,0.0,0.0,0.0,0.0,0.0,0.0,0.0,0.0,0.0,0.0,0.0,0.0,1.0
10,12,0.0,0.0,0.0,0.0,0.0,0.0,0.0,0.0,0.0,0.0,0.0,0.0,1.0
10,12,0.0,0.0,0.0,0.0,0.0,0.0,0.0,0.0,0.0,0.0,0.0,0.0,1.0
10,12,0.0,0.0,0.0,0.0,0.0,0.0,0.0,0.0,0.0,0.0,0.0,0.0,1.0
10,12,0.0,0.0,0.0,0.0,0.0,0.0,0.0,0.0,0.0,0.0,0.0,0.0,1.0
10,12,0.0,0.0,0.0,0.0,0.0,0.0,0.0,0.0,0.0,0.0,0.0,0.0,1.0
10,12,0.0,0.0,0.0,0.0,0.0,0.0,0.0,0.0,0.0,0.0,0.0,0.0,1.0
10,12,0.0,0.0,0.0,0.0,0.0,0.0,0.0,0.0,0.0,0.0,0.0,0.0,1.0
10,12,0.0,0.0,0.0,0.0,0.0,0.0,0.0,0.0,0.0,0.0,0.0,0.0,1.0
10,12,0.0,0.0,0.0,0.0,0.0,0.0,0.0,0.0,0.0,0.0,0.0,0.0,1.0
10,12,0.0,0.0,0.0,0.0,0.0,0.0,0.0,0.0,0.0,0.0,0.0,0.0,1.0
10,12,0.0,0.0,0.0,0.0,0.0,0.0,0.0,0.0,0.0,0.0,0.0,0.0,1.0
10,12,0.0,0.0,0.0,0.0,0.0,0.0,0.0,0.0,0.0,0.0,0.0,0.0,1.0
10,12,0.0,0.0,0.0,0.0,0.0,0.0,0.0,0.0,0.0,0.0,0.0,0.0,1.0
10,12,0.0,0.0,0.0,0.0,0.0,0.0,0.0,0.0,0.0,0.0,0.0,0.0,1.0
10,12,0.0,0.0,0.0,0.0,0.0,0.0,0.0,0.0,0.0,0.0,0.0,0.0,1.0
10,12,0.0,0.0,0.0,0.0,0.0,0.0,0.0,0.0,0.0,0.0,0.0,0.0,1.0
10,12,0.0,0.0,0.0,0.0,0.0,0.0,0.0,0.0,0.0,0.0,0.0,0.0,1.0
10,12,0.0,0.0,0.0,0.0,0.0,0.0,0.0,0.0,0.0,0.0,0.0,0.0,1.0
10,12,0.0,0.0,0.0,0.0,0.0,0.0,0.0,0.0,0.0,0.0,0.0,0.0,1.0
10,12,0.0,0.0,0.0,0.0,0.0,0.0,0.0,0.0,0.0,0.0,0.0,0.0,1.0
10,12,0.0,0.0,0.0,0.0,0.0,0.0,0.0,0.0,0.0,0.0,0.0,0.0,1.0
10,12,0.0,0.0,0.0,0.0,0.0,0.0,0.0,0.0,0.0,0.0,0.0,0.0,1.0
10,12,0.0,0.0,0.0,0.0,0.0,0.0,0.0,0.0,0.0,0.0,0.0,0.0,1.0
10,12,0.0,0.0,0.0,0.0,0.0,0.0,0.0,0.0,0.0,0.0,0.0,0.0,1.0
10,12,0.0,0.0,0.0,0.0,0.0,0.0,0.0,0.0,0.0,0.0,0.0,0.0,1.0
10,12,0.0,0.0,0.0,0.0,0.0,0.0,0.0,0.0,0.0,0.0,0.0,0.0,1.0
10,12,0.0,0.0,0.0,0.0,0.0,0.0,0.0,0.0,0.0,0.0,0.0,0.0,1.0
10,12,0.0,0.0,0.0,0.0,0.0,0.0,0.0,0.0,0.0,0.0,0.0,0.0,1.0
10,12,0.0,0.0,0.0,0.0,0.0,0.0,0.0,0.0,0.0,0.0,0.0,0.0,1.0
10,12,0.0,0.0,0.0,0.0,0.0,0.0,0.0,0.0,0.0,0.0,0.0,0.0,1.0
10,12,0.0,0.0,0.0,0.0,0.0,0.0,0.0,0.0,0.0,0.0,0.0,0.0,1.0
10,12,0.0,0.0,0.0,0.0,0.0,0.0,0.0,0.0,0.0,0.0,0.0,0.0,1.0
10,12,0.0,0.0,0.0,0.0,0.0,0.0,0.0,0.0,0.0,0.0,0.0,0.0,1.0
10,12,0.0,0.0,0.0,0.0,0.0,0.0,0.0,0.0,0.0,0.0,0.0,0.0,1.0
10,12,0.0,0.0,0.0,0.0,0.0,0.0,0.0,0.0,0.0,0.0,0.0,0.0,1.0
10,12,0.0,0.0,0.0,0.0,0.0,0.0,0.0,0.0,0.0,0.0,0.0,0.0,1.0
10,12,0.0,0.0,0.0,0.0,0.0,0.0,0.0,0.0,0.0,0.0,0.0,0.0,1.0
10,12,0.0,0.0,0.0,0.0,0.0,0.0,0.0,0.0,0.0,0.0,0.0,0.0,1.0
10,12,0.0,0.0,0.0,0.0,0.0,0.0,0.0,0.0,0.0,0.0,0.0,0.0,1.0
10,12,0.0,0.0,0.0,0.0,0.0,0.0,0.0,0.0,0.0,0.0,0.0,0.0,1.0
10,12,0.0,0.0,0.0,0.0,0.0,0.0,0.0,0.0,0.0,0.0,0.0,0.0,1.0
10,12,0.0,0.0,0.0,0.0,0.0,0.0,0.0,0.0,0.0,0.0,0.0,0.0,1.0
10,12,0.0,0.0,0.0,0.0,0.0,0.0,0.0,0.0,0.0,0.0,0.0,0.0,1.0
10,12,0.0,0.0,0.0,0.0,0.0,0.0,0.0,0.0,0.0,0.0,0.0,0.0,1.0
10,12,0.0,0.0,0.0,0.0,0.0,0.0,0.0,0.0,0.0,0.0,0.0,0.0,1.0
10,12,0.0,0.0,0.0,0.0,0.0,0.0,0.0,0.0,0.0,0.0,0.0,0.0,1.0
10,12,0.0,0.0,0.0,0.0,0.0,0.0,0.0,0.0,0.0,0.0,0.0,0.0,1.0
10,12,0.0,0.0,0.0,0.0,0.0,0.0,0.0,0.0,0.0,0.0,0.0,0.0,1.0
10,12,0.0,0.0,0.0,0.0,0.0,0.0,0.0,0.0,0.0,0.0,0.0,0.0,1.0
10,12,0.0,0.0,0.0,0.0,0.0,0.0,0.0,0.0,0.0,0.0,0.0,0.0,1.0
10,12,0.0,0.0,0.0,0.0,0.0,0.0,0.0,0.0,0.0,0.0,0.0,0.0,1.0
10,12,0.0,0.0,0.0,0.0,0.0,0.0,0.0,0.0,0.0,0.0,0.0,0.0,1.0
10,12,0.0,0.0,0.0,0.0,0.0,0.0,0.0,0.0,0.0,0.0,0.0,0.0,1.0
10,12,0.0,0.0,0.0,0.0,0.0,0.0,0.0,0.0,0.0,0.0,0.0,0.0,1.0
10,12,0.0,0.0,0.0,0.0,0.0,0.0,0.0,0.0,0.0,0.0,0.0,0.0,1.0
10,12,0.0,0.0,0.0,0.0,0.0,0.0,0.0,0.0,0.0,0.0,0.0,0.0,1.0
10,12,0.0,0.0,0.0,0.0,0.0,0.0,0.0,0.0,0.0,0.0,0.0,0.0,1.0
10,12,0.0,0.0,0.0,0.0,0.0,0.0,0.0,0.0,0.0,0.0,0.0,0.0,1.0
10,12,0.0,0.0,0.0,0.0,0.0,0.0,0.0,0.0,0.0,0.0,0.0,0.0,1.0
10,12,0.0,0.0,0.0,0.0,0.0,0.0,0.0,0.0,0.0,0.0,0.0,0.0,1.0
10,12,0.0,0.0,0.0,0.0,0.0,0.0,0.0,0.0,0.0,0.0,0.0,0.0,1.0
10,12,0.0,0.0,0.0,0.0,0.0,0.0,0.0,0.0,0.0,0.0,0.0,0.0,1.0
10,12,0.0,0.0,0.0,0.0,0.0,0.0,0.0,0.0,0.0,0.0,0.0,0.0,1.0
10,12,0.0,0.0,0.0,0.0,0.0,0.0,0.0,0.0,0.0,0.0,0.0,0.0,1.0
10,12,0.0,0.0,0.0,0.0,0.0,0.0,0.0,0.0,0.0,0.0,0.0,0.0,1.0
10,12,0.0,0.0,0.0,0.0,0.0,0.0,0.0,0.0,0.0,0.0,0.0,0.0,1.0
10,12,0.0,0.0,0.0,0.0,0.0,0.0,0.0,0.0,0.0,0.0,0.0,0.0,1.0
10,12,0.0,0.0,0.0,0.0,0.0,0.0,0.0,0.0,0.0,0.0,0.0,0.0,1.0
10,12,0.0,0.0,0.0,0.0,0.0,0.0,0.0,0.0,0.0,0.0,0.0,0.0,1.0
10,12,0.0,0.0,0.0,0.0,0.0,0.0,0.0,0.0,0.0,0.0,0.0,0.0,1.0
10,12,0.0,0.0,0.0,0.0,0.0,0.0,0.0,0.0,0.0,0.0,0.0,0.0,1.0
10,12,0.0,0.0,0.0,0.0,0.0,0.0,0.0,0.0,0.0,0.0,0.0,0.0,1.0
10,12,0.0,0.0,0.0,0.0,0.0,0.0,0.0,0.0,0.0,0.0,0.0,0.0,1.0
10,12,0.0,0.0,0.0,0.0,0.0,0.0,0.0,0.0,0.0,0.0,0.0,0.0,1.0
10,12,0.0,0.0,0.0,0.0,0.0,0.0,0.0,0.0,0.0,0.0,0.0,0.0,1.0
10,12,0.0,0.0,0.0,0.0,0.0,0.0,0.0,0.0,0.0,0.0,0.0,0.0,1.0
10,12,0.0,0.0,0.0,0.0,0.0,0.0,0.0,0.0,0.0,0.0,0.0,0.0,1.0
10,12,0.0,0.0,0.0,0.0,0.0,0.0,0.0,0.0,0.0,0.0,0.0,0.0,1.0
10,12,0.0,0.0,0.0,0.0,0.0,0.0,0.0,0.0,0.0,0.0,0.0,0.0,1.0
10,12,0.0,0.0,0.0,0.0,0.0,0.0,0.0,0.0,0.0,0.0,0.0,0.0,1.0
10,12,0.0,0.0,0.0,0.0,0.0,0.0,0.0,0.0,0.0,0.0,0.0,0.0,1.0
10,12,0.0,0.0,0.0,0.0,0.0,0.0,0.0,0.0,0.0,0.0,0.0,0.0,1.0
10,12,0.0,0.0,0.0,0.0,0.0,0.0,0.0,0.0,0.0,0.0,0.0,0.0,1.0
10,12,0.0,0.0,0.0,0.0,0.0,0.0,0.0,0.0,0.0,0.0,0.0,0.0,1.0
10,12,0.0,0.0,0.0,0.0,0.0,0.0,0.0,0.0,0.0,0.0,0.0,0.0,1.0
10,12,0.0,0.0,0.0,0.0,0.0,0.0,0.0,0.0,0.0,0.0,0.0,0.0,1.0
10,12,0.0,0.0,0.0,0.0,0.0,0.0,0.0,0.0,0.0,0.0,0.0,0.0,1.0
10,12,0.0,0.0,0.0,0.0,0.0,0.0,0.0,0.0,0.0,0.0,0.0,0.0,1.0
10,12,0.0,0.0,0.0,0.0,0.0,0.0,0.0,0.0,0.0,0.0,0.0,0.0,1.0
10,12,0.0,0.0,0.0,0.0,0.0,0.0,0.0,0.0,0.0,0.0,0.0,0.0,1.0
10,12,0.0,0.0,0.0,0.0,0.0,0.0,0.0,0.0,0.0,0.0,0.0,0.0,1.0
10,12,0.0,0.0,0.0,0.0,0.0,0.0,0.0,0.0,0.0,0.0,0.0,0.0,1.0
10,12,0.0,0.0,0.0,0.0,0.0,0.0,0.0,0.0,0.0,0.0,0.0,0.0,1.0
10,12,0.0,0.0,0.0,0.0,0.0,0.0,0.0,0.0,0.0,0.0,0.0,0.0,1.0
10,12,0.0,0.0,0.0,0.0,0.0,0.0,0.0,0.0,0.0,0.0,0.0,0.0,1.0
10,12,0.0,0.0,0.0,0.0,0.0,0.0,0.0,0.0,0.0,0.0,0.0,0.0,1.0
10,12,0.0,0.0,0.0,0.0,0.0,0.0,0.0,0.0,0.0,0.0,0.0,0.0,1.0
10,12,0.0,0.0,0.0,0.0,0.0,0.0,0.0,0.0,0.0,0.0,0.0,0.0,1.0
10,12,0.0,0.0,0.0,0.0,0.0,0.0,0.0,0.0,0.0,0.0,0.0,0.0,1.0
10,12,0.0,0.0,0.0,0.0,0.0,0.0,0.0,0.0,0.0,0.0,0.0,0.0,1.0
10,12,0.0,0.0,0.0,0.0,0.0,0.0,0.0,0.0,0.0,0.0,0.0,0.0,1.0
10,12,0.0,0.0,0.0,0.0,0.0,0.0,0.0,0.0,0.0,0.0,0.0,0.0,1.0
10,12,0.0,0.0,0.0,0.0,0.0,0.0,0.0,0.0,0.0,0.0,0.0,0.0,1.0
10,12,0.0,0.0,0.0,0.0,0.0,0.0,0.0,0.0,0.0,0.0,0.0,0.0,1.0
10,12,0.0,0.0,0.0,0.0,0.0,0.0,0.0,0.0,0.0,0.0,0.0,0.0,1.0
10,12,0.0,0.0,0.0,0.0,0.0,0.0,0.0,0.0,0.0,0.0,0.0,0.0,1.0
10,12,0.0,0.0,0.0,0.0,0.0,0.0,0.0,0.0,0.0,0.0,0.0,0.0,1.0
10,12,0.0,0.0,0.0,0.0,0.0,0.0,0.0,0.0,0.0,0.0,0.0,0.0,1.0
10,12,0.0,0.0,0.0,0.0,0.0,0.0,0.0,0.0,0.0,0.0,0.0,0.0,1.0
10,12,0.0,0.0,0.0,0.0,0.0,0.0,0.0,0.0,0.0,0.0,0.0,0.0,1.0
10,12,0.0,0.0,0.0,0.0,0.0,0.0,0.0,0.0,0.0,0.0,0.0,0.0,1.0
10,12,0.0,0.0,0.0,0.0,0.0,0.0,0.0,0.0,0.0,0.0,0.0,0.0,1.0
10,12,0.0,0.0,0.0,0.0,0.0,0.0,0.0,0.0,0.0,0.0,0.0,0.0,1.0
10,12,0.0,0.0,0.0,0.0,0.0,0.0,0.0,0.0,0.0,0.0,0.0,0.0,1.0
10,12,0.0,0.0,0.0,0.0,0.0,0.0,0.0,0.0,0.0,0.0,0.0,0.0,1.0
10,12,0.0,0.0,0.0,0.0,0.0,0.0,0.0,0.0,0.0,0.0,0.0,0.0,1.0
10,12,0.0,0.0,0.0,0.0,0.0,0.0,0.0,0.0,0.0,0.0,0.0,0.0,1.0
10,12,0.0,0.0,0.0,0.0,0.0,0.0,0.0,0.0,0.0,0.0,0.0,0.0,1.0
10,12,0.0,0.0,0.0,0.0,0.0,0.0,0.0,0.0,0.0,0.0,0.0,0.0,1.0
10,12,0.0,0.0,0.0,0.0,0.0,0.0,0.0,0.0,0.0,0.0,0.0,0.0,1.0
10,12,0.0,0.0,0.0,0.0,0.0,0.0,0.0,0.0,0.0,0.0,0.0,0.0,1.0
10,12,0.0,0.0,0.0,0.0,0.0,0.0,0.0,0.0,0.0,0.0,0.0,0.0,1.0
10,12,0.0,0.0,0.0,0.0,0.0,0.0,0.0,0.0,0.0,0.0,0.0,0.0,1.0
10,12,0.0,0.0,0.0,0.0,0.0,0.0,0.0,0.0,0.0,0.0,0.0,0.0,1.0
10,12,0.0,0.0,0.0,0.0,0.0,0.0,0.0,0.0,0.0,0.0,0.0,0.0,1.0
10,12,0.0,0.0,0.0,0.0,0.0,0.0,0.0,0.0,0.0,0.0,0.0,0.0,1.0
10,12,0.0,0.0,0.0,0.0,0.0,0.0,0.0,0.0,0.0,0.0,0.0,0.0,1.0
10,12,0.0,0.0,0.0,0.0,0.0,0.0,0.0,0.0,0.0,0.0,0.0,0.0,1.0
10,12,0.0,0.0,0.0,0.0,0.0,0.0,0.0,0.0,0.0,0.0,0.0,0.0,1.0
10,12,0.0,0.0,0.0,0.0,0.0,0.0,0.0,0.0,0.0,0.0,0.0,0.0,1.0
10,12,0.0,0.0,0.0,0.0,0.0,0.0,0.0,0.0,0.0,0.0,0.0,0.0,1.0
10,12,0.0,0.0,0.0,0.0,0.0,0.0,0.0,0.0,0.0,0.0,0.0,0.0,1.0
10,12,0.0,0.0,0.0,0.0,0.0,0.0,0.0,0.0,0.0,0.0,0.0,0.0,1.0
10,12,0.0,0.0,0.0,0.0,0.0,0.0,0.0,0.0,0.0,0.0,0.0,0.0,1.0
10,12,0.0,0.0,0.0,0.0,0.0,0.0,0.0,0.0,0.0,0.0,0.0,0.0,1.0
10,12,0.0,0.0,0.0,0.0,0.0,0.0,0.0,0.0,0.0,0.0,0.0,0.0,1.0
10,12,0.0,0.0,0.0,0.0,0.0,0.0,0.0,0.0,0.0,0.0,0.0,0.0,1.0
10,12,0.0,0.0,0.0,0.0,0.0,0.0,0.0,0.0,0.0,0.0,0.0,0.0,1.0
10,12,0.0,0.0,0.0,0.0,0.0,0.0,0.0,0.0,0.0,0.0,0.0,0.0,1.0
10,12,0.0,0.0,0.0,0.0,0.0,0.0,0.0,0.0,0.0,0.0,0.0,0.0,1.0
10,12,0.0,0.0,0.0,0.0,0.0,0.0,0.0,0.0,0.0,0.0,0.0,0.0,1.0
10,12,0.0,0.0,0.0,0.0,0.0,0.0,0.0,0.0,0.0,0.0,0.0,0.0,1.0
10,12,0.0,0.0,0.0,0.0,0.0,0.0,0.0,0.0,0.0,0.0,0.0,0.0,1.0
10,12,0.0,0.0,0.0,0.0,0.0,0.0,0.0,0.0,0.0,0.0,0.0,0.0,1.0
10,12,0.0,0.0,0.0,0.0,0.0,0.0,0.0,0.0,0.0,0.0,0.0,0.0,1.0
10,12,0.0,0.0,0.0,0.0,0.0,0.0,0.0,0.0,0.0,0.0,0.0,0.0,1.0
10,12,0.0,0.0,0.0,0.0,0.0,0.0,0.0,0.0,0.0,0.0,0.0,0.0,1.0
10,12,0.0,0.0,0.0,0.0,0.0,0.0,0.0,0.0,0.0,0.0,0.0,0.0,1.0
10,12,0.0,0.0,0.0,0.0,0.0,0.0,0.0,0.0,0.0,0.0,0.0,0.0,1.0
10,12,0.0,0.0,0.0,0.0,0.0,0.0,0.0,0.0,0.0,0.0,0.0,0.0,1.0
10,12,0.0,0.0,0.0,0.0,0.0,0.0,0.0,0.0,0.0,0.0,0.0,0.0,1.0
10,12,0.0,0.0,0.0,0.0,0.0,0.0,0.0,0.0,0.0,0.0,0.0,0.0,1.0
10,12,0.0,0.0,0.0,0.0,0.0,0.0,0.0,0.0,0.0,0.0,0.0,0.0,1.0
10,12,0.0,0.0,0.0,0.0,0.0,0.0,0.0,0.0,0.0,0.0,0.0,0.0,1.0
10,12,0.0,0.0,0.0,0.0,0.0,0.0,0.0,0.0,0.0,0.0,0.0,0.0,1.0
10,12,0.0,0.0,0.0,0.0,0.0,0.0,0.0,0.0,0.0,0.0,0.0,0.0,1.0
10,12,0.0,0.0,0.0,0.0,0.0,0.0,0.0,0.0,0.0,0.0,0.0,0.0,1.0
10,12,0.0,0.0,0.0,0.0,0.0,0.0,0.0,0.0,0.0,0.0,0.0,0.0,1.0
10,12,0.0,0.0,0.0,0.0,0.0,0.0,0.0,0.0,0.0,0.0,0.0,0.0,1.0
10,12,0.0,0.0,0.0,0.0,0.0,0.0,0.0,0.0,0.0,0.0,0.0,0.0,1.0
10,12,0.0,0.0,0.0,0.0,0.0,0.0,0.0,0.0,0.0,0.0,0.0,0.0,1.0
10,12,0.0,0.0,0.0,0.0,0.0,0.0,0.0,0.0,0.0,0.0,0.0,0.0,1.0
10,12,0.0,0.0,0.0,0.0,0.0,0.0,0.0,0.0,0.0,0.0,0.0,0.0,1.0
10,12,0.0,0.0,0.0,0.0,0.0,0.0,0.0,0.0,0.0,0.0,0.0,0.0,1.0
10,12,0.0,0.0,0.0,0.0,0.0,0.0,0.0,0.0,0.0,0.0,0.0,0.0,1.0
10,12,0.0,0.0,0.0,0.0,0.0,0.0,0.0,0.0,0.0,0.0,0.0,0.0,1.0
10,12,0.0,0.0,0.0,0.0,0.0,0.0,0.0,0.0,0.0,0.0,0.0,0.0,1.0
10,12,0.0,0.0,0.0,0.0,0.0,0.0,0.0,0.0,0.0,0.0,0.0,0.0,1.0
10,12,0.0,0.0,0.0,0.0,0.0,0.0,0.0,0.0,0.0,0.0,0.0,0.0,1.0
10,12,0.0,0.0,0.0,0.0,0.0,0.0,0.0,0.0,0.0,0.0,0.0,0.0,1.0
10,12,0.0,0.0,0.0,0.0,0.0,0.0,0.0,0.0,0.0,0.0,0.0,0.0,1.0
10,12,0.0,0.0,0.0,0.0,0.0,0.0,0.0,0.0,0.0,0.0,0.0,0.0,1.0
10,12,0.0,0.0,0.0,0.0,0.0,0.0,0.0,0.0,0.0,0.0,0.0,0.0,1.0
10,12,0.0,0.0,0.0,0.0,0.0,0.0,0.0,0.0,0.0,0.0,0.0,0.0,1.0
10,12,0.0,0.0,0.0,0.0,0.0,0.0,0.0,0.0,0.0,0.0,0.0,0.0,1.0
10,12,0.0,0.0,0.0,0.0,0.0,0.0,0.0,0.0,0.0,0.0,0.0,0.0,1.0
10,12,0.0,0.0,0.0,0.0,0.0,0.0,0.0,0.0,0.0,0.0,0.0,0.0,1.0
10,12,0.0,0.0,0.0,0.0,0.0,0.0,0.0,0.0,0.0,0.0,0.0,0.0,1.0
10,12,0.0,0.0,0.0,0.0,0.0,0.0,0.0,0.0,0.0,0.0,0.0,0.0,1.0
10,12,0.0,0.0,0.0,0.0,0.0,0.0,0.0,0.0,0.0,0.0,0.0,0.0,1.0
10,12,0.0,0.0,0.0,0.0,0.0,0.0,0.0,0.0,0.0,0.0,0.0,0.0,1.0
10,12,0.0,0.0,0.0,0.0,0.0,0.0,0.0,0.0,0.0,0.0,0.0,0.0,1.0
10,12,0.0,0.0,0.0,0.0,0.0,0.0,0.0,0.0,0.0,0.0,0.0,0.0,1.0
10,12,0.0,0.0,0.0,0.0,0.0,0.0,0.0,0.0,0.0,0.0,0.0,0.0,1.0
10,12,0.0,0.0,0.0,0.0,0.0,0.0,0.0,0.0,0.0,0.0,0.0,0.0,1.0
10,12,0.0,0.0,0.0,0.0,0.0,0.0,0.0,0.0,0.0,0.0,0.0,0.0,1.0
10,12,0.0,0.0,0.0,0.0,0.0,0.0,0.0,0.0,0.0,0.0,0.0,0.0,1.0
10,12,0.0,0.0,0.0,0.0,0.0,0.0,0.0,0.0,0.0,0.0,0.0,0.0,1.0
10,12,0.0,0.0,0.0,0.0,0.0,0.0,0.0,0.0,0.0,0.0,0.0,0.0,1.0
10,12,0.0,0.0,0.0,0.0,0.0,0.0,0.0,0.0,0.0,0.0,0.0,0.0,1.0
10,12,0.0,0.0,0.0,0.0,0.0,0.0,0.0,0.0,0.0,0.0,0.0,0.0,1.0
10,12,0.0,0.0,0.0,0.0,0.0,0.0,0.0,0.0,0.0,0.0,0.0,0.0,1.0
10,12,0.0,0.0,0.0,0.0,0.0,0.0,0.0,0.0,0.0,0.0,0.0,0.0,1.0
10,12,0.0,0.0,0.0,0.0,0.0,0.0,0.0,0.0,0.0,0.0,0.0,0.0,1.0
10,12,0.0,0.0,0.0,0.0,0.0,0.0,0.0,0.0,0.0,0.0,0.0,0.0,1.0
10,12,0.0,0.0,0.0,0.0,0.0,0.0,0.0,0.0,0.0,0.0,0.0,0.0,1.0
10,12,0.0,0.0,0.0,0.0,0.0,0.0,0.0,0.0,0.0,0.0,0.0,0.0,1.0
10,12,0.0,0.0,0.0,0.0,0.0,0.0,0.0,0.0,0.0,0.0,0.0,0.0,1.0
10,12,0.0,0.0,0.0,0.0,0.0,0.0,0.0,0.0,0.0,0.0,0.0,0.0,1.0
10,12,0.0,0.0,0.0,0.0,0.0,0.0,0.0,0.0,0.0,0.0,0.0,0.0,1.0
10,12,0.0,0.0,0.0,0.0,0.0,0.0,0.0,0.0,0.0,0.0,0.0,0.0,1.0
10,12,0.0,0.0,0.0,0.0,0.0,0.0,0.0,0.0,0.0,0.0,0.0,0.0,1.0
10,12,0.0,0.0,0.0,0.0,0.0,0.0,0.0,0.0,0.0,0.0,0.0,0.0,1.0
10,12,0.0,0.0,0.0,0.0,0.0,0.0,0.0,0.0,0.0,0.0,0.0,0.0,1.0
10,12,0.0,0.0,0.0,0.0,0.0,0.0,0.0,0.0,0.0,0.0,0.0,0.0,1.0
10,12,0.0,0.0,0.0,0.0,0.0,0.0,0.0,0.0,0.0,0.0,0.0,0.0,1.0
10,12,0.0,0.0,0.0,0.0,0.0,0.0,0.0,0.0,0.0,0.0,0.0,0.0,1.0
10,12,0.0,0.0,0.0,0.0,0.0,0.0,0.0,0.0,0.0,0.0,0.0,0.0,1.0
10,12,0.0,0.0,0.0,0.0,0.0,0.0,0.0,0.0,0.0,0.0,0.0,0.0,1.0
10,12,0.0,0.0,0.0,0.0,0.0,0.0,0.0,0.0,0.0,0.0,0.0,0.0,1.0
10,12,0.0,0.0,0.0,0.0,0.0,0.0,0.0,0.0,0.0,0.0,0.0,0.0,1.0
10,12,0.0,0.0,0.0,0.0,0.0,0.0,0.0,0.0,0.0,0.0,0.0,0.0,1.0
10,12,0.0,0.0,0.0,0.0,0.0,0.0,0.0,0.0,0.0,0.0,0.0,0.0,1.0
10,12,0.0,0.0,0.0,0.0,0.0,0.0,0.0,0.0,0.0,0.0,0.0,0.0,1.0
10,12,0.0,0.0,0.0,0.0,0.0,0.0,0.0,0.0,0.0,0.0,0.0,0.0,1.0
10,12,0.0,0.0,0.0,0.0,0.0,0.0,0.0,0.0,0.0,0.0,0.0,0.0,1.0
10,12,0.0,0.0,0.0,0.0,0.0,0.0,0.0,0.0,0.0,0.0,0.0,0.0,1.0
10,12,0.0,0.0,0.0,0.0,0.0,0.0,0.0,0.0,0.0,0.0,0.0,0.0,1.0
10,12,0.0,0.0,0.0,0.0,0.0,0.0,0.0,0.0,0.0,0.0,0.0,0.0,1.0
10,12,0.0,0.0,0.0,0.0,0.0,0.0,0.0,0.0,0.0,0.0,0.0,0.0,1.0
10,12,0.0,0.0,0.0,0.0,0.0,0.0,0.0,0.0,0.0,0.0,0.0,0.0,1.0
10,12,0.0,0.0,0.0,0.0,0.0,0.0,0.0,0.0,0.0,0.0,0.0,0.0,1.0
10,12,0.0,0.0,0.0,0.0,0.0,0.0,0.0,0.0,0.0,0.0,0.0,0.0,1.0
10,12,0.0,0.0,0.0,0.0,0.0,0.0,0.0,0.0,0.0,0.0,0.0,0.0,1.0
10,12,0.0,0.0,0.0,0.0,0.0,0.0,0.0,0.0,0.0,0.0,0.0,0.0,1.0
10,12,0.0,0.0,0.0,0.0,0.0,0.0,0.0,0.0,0.0,0.0,0.0,0.0,1.0
10,12,0.0,0.0,0.0,0.0,0.0,0.0,0.0,0.0,0.0,0.0,0.0,0.0,1.0
10,12,0.0,0.0,0.0,0.0,0.0,0.0,0.0,0.0,0.0,0.0,0.0,0.0,1.0
10,12,0.0,0.0,0.0,0.0,0.0,0.0,0.0,0.0,0.0,0.0,0.0,0.0,1.0
10,12,0.0,0.0,0.0,0.0,0.0,0.0,0.0,0.0,0.0,0.0,0.0,0.0,1.0
10,12,0.0,0.0,0.0,0.0,0.0,0.0,0.0,0.0,0.0,0.0,0.0,0.0,1.0
10,12,0.0,0.0,0.0,0.0,0.0,0.0,0.0,0.0,0.0,0.0,0.0,0.0,1.0
10,12,0.0,0.0,0.0,0.0,0.0,0.0,0.0,0.0,0.0,0.0,0.0,0.0,1.0
10,12,0.0,0.0,0.0,0.0,0.0,0.0,0.0,0.0,0.0,0.0,0.0,0.0,1.0
10,12,0.0,0.0,0.0,0.0,0.0,0.0,0.0,0.0,0.0,0.0,0.0,0.0,1.0
10,12,0.0,0.0,0.0,0.0,0.0,0.0,0.0,0.0,0.0,0.0,0.0,0.0,1.0
10,12,0.0,0.0,0.0,0.0,0.0,0.0,0.0,0.0,0.0,0.0,0.0,0.0,1.0
10,12,0.0,0.0,0.0,0.0,0.0,0.0,0.0,0.0,0.0,0.0,0.0,0.0,1.0
10,12,0.0,0.0,0.0,0.0,0.0,0.0,0.0,0.0,0.0,0.0,0.0,0.0,1.0
10,12,0.0,0.0,0.0,0.0,0.0,0.0,0.0,0.0,0.0,0.0,0.0,0.0,1.0
10,12,0.0,0.0,0.0,0.0,0.0,0.0,0.0,0.0,0.0,0.0,0.0,0.0,1.0
10,12,0.0,0.0,0.0,0.0,0.0,0.0,0.0,0.0,0.0,0.0,0.0,0.0,1.0
10,12,0.0,0.0,0.0,0.0,0.0,0.0,0.0,0.0,0.0,0.0,0.0,0.0,1.0
10,12,0.0,0.0,0.0,0.0,0.0,0.0,0.0,0.0,0.0,0.0,0.0,0.0,1.0
10,12,0.0,0.0,0.0,0.0,0.0,0.0,0.0,0.0,0.0,0.0,0.0,0.0,1.0
10,12,0.0,0.0,0.0,0.0,0.0,0.0,0.0,0.0,0.0,0.0,0.0,0.0,1.0
10,12,0.0,0.0,0.0,0.0,0.0,0.0,0.0,0.0,0.0,0.0,0.0,0.0,1.0
10,12,0.0,0.0,0.0,0.0,0.0,0.0,0.0,0.0,0.0,0.0,0.0,0.0,1.0
10,12,0.0,0.0,0.0,0.0,0.0,0.0,0.0,0.0,0.0,0.0,0.0,0.0,1.0
10,12,0.0,0.0,0.0,0.0,0.0,0.0,0.0,0.0,0.0,0.0,0.0,0.0,1.0
10,12,0.0,0.0,0.0,0.0,0.0,0.0,0.0,0.0,0.0,0.0,0.0,0.0,1.0
10,12,0.0,0.0,0.0,0.0,0.0,0.0,0.0,0.0,0.0,0.0,0.0,0.0,1.0
10,12,0.0,0.0,0.0,0.0,0.0,0.0,0.0,0.0,0.0,0.0,0.0,0.0,1.0
10,12,0.0,0.0,0.0,0.0,0.0,0.0,0.0,0.0,0.0,0.0,0.0,0.0,1.0
10,12,0.0,0.0,0.0,0.0,0.0,0.0,0.0,0.0,0.0,0.0,0.0,0.0,1.0
10,12,0.0,0.0,0.0,0.0,0.0,0.0,0.0,0.0,0.0,0.0,0.0,0.0,1.0
10,12,0.0,0.0,0.0,0.0,0.0,0.0,0.0,0.0,0.0,0.0,0.0,0.0,1.0
10,12,0.0,0.0,0.0,0.0,0.0,0.0,0.0,0.0,0.0,0.0,0.0,0.0,1.0
10,12,0.0,0.0,0.0,0.0,0.0,0.0,0.0,0.0,0.0,0.0,0.0,0.0,1.0
10,12,0.0,0.0,0.0,0.0,0.0,0.0,0.0,0.0,0.0,0.0,0.0,0.0,1.0
10,12,0.0,0.0,0.0,0.0,0.0,0.0,0.0,0.0,0.0,0.0,0.0,0.0,1.0
10,12,0.0,0.0,0.0,0.0,0.0,0.0,0.0,0.0,0.0,0.0,0.0,0.0,1.0
10,12,0.0,0.0,0.0,0.0,0.0,0.0,0.0,0.0,0.0,0.0,0.0,0.0,1.0
10,12,0.0,0.0,0.0,0.0,0.0,0.0,0.0,0.0,0.0,0.0,0.0,0.0,1.0
10,12,0.0,0.0,0.0,0.0,0.0,0.0,0.0,0.0,0.0,0.0,0.0,0.0,1.0
10,12,0.0,0.0,0.0,0.0,0.0,0.0,0.0,0.0,0.0,0.0,0.0,0.0,1.0
10,12,0.0,0.0,0.0,0.0,0.0,0.0,0.0,0.0,0.0,0.0,0.0,0.0,1.0
10,12,0.0,0.0,0.0,0.0,0.0,0.0,0.0,0.0,0.0,0.0,0.0,0.0,1.0
10,12,0.0,0.0,0.0,0.0,0.0,0.0,0.0,0.0,0.0,0.0,0.0,0.0,1.0
10,12,0.0,0.0,0.0,0.0,0.0,0.0,0.0,0.0,0.0,0.0,0.0,0.0,1.0
10,12,0.0,0.0,0.0,0.0,0.0,0.0,0.0,0.0,0.0,0.0,0.0,0.0,1.0
10,12,0.0,0.0,0.0,0.0,0.0,0.0,0.0,0.0,0.0,0.0,0.0,0.0,1.0
10,12,0.0,0.0,0.0,0.0,0.0,0.0,0.0,0.0,0.0,0.0,0.0,0.0,1.0
10,12,0.0,0.0,0.0,0.0,0.0,0.0,0.0,0.0,0.0,0.0,0.0,0.0,1.0
10,12,0.0,0.0,0.0,0.0,0.0,0.0,0.0,0.0,0.0,0.0,0.0,0.0,1.0
10,12,0.0,0.0,0.0,0.0,0.0,0.0,0.0,0.0,0.0,0.0,0.0,0.0,1.0
10,12,0.0,0.0,0.0,0.0,0.0,0.0,0.0,0.0,0.0,0.0,0.0,0.0,1.0
10,12,0.0,0.0,0.0,0.0,0.0,0.0,0.0,0.0,0.0,0.0,0.0,0.0,1.0
10,12,0.0,0.0,0.0,0.0,0.0,0.0,0.0,0.0,0.0,0.0,0.0,0.0,1.0
10,12,0.0,0.0,0.0,0.0,0.0,0.0,0.0,0.0,0.0,0.0,0.0,0.0,1.0
10,12,0.0,0.0,0.0,0.0,0.0,0.0,0.0,0.0,0.0,0.0,0.0,0.0,1.0
10,12,0.0,0.0,0.0,0.0,0.0,0.0,0.0,0.0,0.0,0.0,0.0,0.0,1.0
10,12,0.0,0.0,0.0,0.0,0.0,0.0,0.0,0.0,0.0,0.0,0.0,0.0,1.0
10,12,0.0,0.0,0.0,0.0,0.0,0.0,0.0,0.0,0.0,0.0,0.0,0.0,1.0
10,12,0.0,0.0,0.0,0.0,0.0,0.0,0.0,0.0,0.0,0.0,0.0,0.0,1.0
10,12,0.0,0.0,0.0,0.0,0.0,0.0,0.0,0.0,0.0,0.0,0.0,0.0,1.0
10,12,0.0,0.0,0.0,0.0,0.0,0.0,0.0,0.0,0.0,0.0,0.0,0.0,1.0
10,12,0.0,0.0,0.0,0.0,0.0,0.0,0.0,0.0,0.0,0.0,0.0,0.0,1.0
10,12,0.0,0.0,0.0,0.0,0.0,0.0,0.0,0.0,0.0,0.0,0.0,0.0,1.0
10,12,0.0,0.0,0.0,0.0,0.0,0.0,0.0,0.0,0.0,0.0,0.0,0.0,1.0
10,12,0.0,0.0,0.0,0.0,0.0,0.0,0.0,0.0,0.0,0.0,0.0,0.0,1.0
10,12,0.0,0.0,0.0,0.0,0.0,0.0,0.0,0.0,0.0,0.0,0.0,0.0,1.0
10,12,0.0,0.0,0.0,0.0,0.0,0.0,0.0,0.0,0.0,0.0,0.0,0.0,1.0
10,12,0.0,0.0,0.0,0.0,0.0,0.0,0.0,0.0,0.0,0.0,0.0,0.0,1.0
10,12,0.0,0.0,0.0,0.0,0.0,0.0,0.0,0.0,0.0,0.0,0.0,0.0,1.0
10,12,0.0,0.0,0.0,0.0,0.0,0.0,0.0,0.0,0.0,0.0,0.0,0.0,1.0
10,12,0.0,0.0,0.0,0.0,0.0,0.0,0.0,0.0,0.0,0.0,0.0,0.0,1.0
10,12,0.0,0.0,0.0,0.0,0.0,0.0,0.0,0.0,0.0,0.0,0.0,0.0,1.0
10,12,0.0,0.0,0.0,0.0,0.0,0.0,0.0,0.0,0.0,0.0,0.0,0.0,1.0
10,12,0.0,0.0,0.0,0.0,0.0,0.0,0.0,0.0,0.0,0.0,0.0,0.0,1.0
10,12,0.0,0.0,0.0,0.0,0.0,0.0,0.0,0.0,0.0,0.0,0.0,0.0,1.0
10,12,0.0,0.0,0.0,0.0,0.0,0.0,0.0,0.0,0.0,0.0,0.0,0.0,1.0
10,12,0.0,0.0,0.0,0.0,0.0,0.0,0.0,0.0,0.0,0.0,0.0,0.0,1.0
10,12,0.0,0.0,0.0,0.0,0.0,0.0,0.0,0.0,0.0,0.0,0.0,0.0,1.0
10,12,0.0,0.0,0.0,0.0,0.0,0.0,0.0,0.0,0.0,0.0,0.0,0.0,1.0
10,12,0.0,0.0,0.0,0.0,0.0,0.0,0.0,0.0,0.0,0.0,0.0,0.0,1.0
10,12,0.0,0.0,0.0,0.0,0.0,0.0,0.0,0.0,0.0,0.0,0.0,0.0,1.0
10,12,0.0,0.0,0.0,0.0,0.0,0.0,0.0,0.0,0.0,0.0,0.0,0.0,1.0
10,12,0.0,0.0,0.0,0.0,0.0,0.0,0.0,0.0,0.0,0.0,0.0,0.0,1.0
10,12,0.0,0.0,0.0,0.0,0.0,0.0,0.0,0.0,0.0,0.0,0.0,0.0,1.0
10,12,0.0,0.0,0.0,0.0,0.0,0.0,0.0,0.0,0.0,0.0,0.0,0.0,1.0
10,12,0.0,0.0,0.0,0.0,0.0,0.0,0.0,0.0,0.0,0.0,0.0,0.0,1.0
10,12,0.0,0.0,0.0,0.0,0.0,0.0,0.0,0.0,0.0,0.0,0.0,0.0,1.0
10,12,0.0,0.0,0.0,0.0,0.0,0.0,0.0,0.0,0.0,0.0,0.0,0.0,1.0
10,12,0.0,0.0,0.0,0.0,0.0,0.0,0.0,0.0,0.0,0.0,0.0,0.0,1.0
10,12,0.0,0.0,0.0,0.0,0.0,0.0,0.0,0.0,0.0,0.0,0.0,0.0,1.0
10,12,0.0,0.0,0.0,0.0,0.0,0.0,0.0,0.0,0.0,0.0,0.0,0.0,1.0
10,12,0.0,0.0,0.0,0.0,0.0,0.0,0.0,0.0,0.0,0.0,0.0,0.0,1.0
10,12,0.0,0.0,0.0,0.0,0.0,0.0,0.0,0.0,0.0,0.0,0.0,0.0,1.0
10,12,0.0,0.0,0.0,0.0,0.0,0.0,0.0,0.0,0.0,0.0,0.0,0.0,1.0
10,12,0.0,0.0,0.0,0.0,0.0,0.0,0.0,0.0,0.0,0.0,0.0,0.0,1.0
10,12,0.0,0.0,0.0,0.0,0.0,0.0,0.0,0.0,0.0,0.0,0.0,0.0,1.0
10,12,0.0,0.0,0.0,0.0,0.0,0.0,0.0,0.0,0.0,0.0,0.0,0.0,1.0
10,12,0.0,0.0,0.0,0.0,0.0,0.0,0.0,0.0,0.0,0.0,0.0,0.0,1.0
10,12,0.0,0.0,0.0,0.0,0.0,0.0,0.0,0.0,0.0,0.0,0.0,0.0,1.0
10,12,0.0,0.0,0.0,0.0,0.0,0.0,0.0,0.0,0.0,0.0,0.0,0.0,1.0
10,12,0.0,0.0,0.0,0.0,0.0,0.0,0.0,0.0,0.0,0.0,0.0,0.0,1.0
10,12,0.0,0.0,0.0,0.0,0.0,0.0,0.0,0.0,0.0,0.0,0.0,0.0,1.0
10,12,0.0,0.0,0.0,0.0,0.0,0.0,0.0,0.0,0.0,0.0,0.0,0.0,1.0
10,12,0.0,0.0,0.0,0.0,0.0,0.0,0.0,0.0,0.0,0.0,0.0,0.0,1.0
10,12,0.0,0.0,0.0,0.0,0.0,0.0,0.0,0.0,0.0,0.0,0.0,0.0,1.0
10,12,0.0,0.0,0.0,0.0,0.0,0.0,0.0,0.0,0.0,0.0,0.0,0.0,1.0
10,12,0.0,0.0,0.0,0.0,0.0,0.0,0.0,0.0,0.0,0.0,0.0,0.0,1.0
10,12,0.0,0.0,0.0,0.0,0.0,0.0,0.0,0.0,0.0,0.0,0.0,0.0,1.0
10,12,0.0,0.0,0.0,0.0,0.0,0.0,0.0,0.0,0.0,0.0,0.0,0.0,1.0
10,12,0.0,0.0,0.0,0.0,0.0,0.0,0.0,0.0,0.0,0.0,0.0,0.0,1.0
10,12,0.0,0.0,0.0,0.0,0.0,0.0,0.0,0.0,0.0,0.0,0.0,0.0,1.0
10,12,0.0,0.0,0.0,0.0,0.0,0.0,0.0,0.0,0.0,0.0,0.0,0.0,1.0
10,12,0.0,0.0,0.0,0.0,0.0,0.0,0.0,0.0,0.0,0.0,0.0,0.0,1.0
10,12,0.0,0.0,0.0,0.0,0.0,0.0,0.0,0.0,0.0,0.0,0.0,0.0,1.0
10,12,0.0,0.0,0.0,0.0,0.0,0.0,0.0,0.0,0.0,0.0,0.0,0.0,1.0
10,12,0.0,0.0,0.0,0.0,0.0,0.0,0.0,0.0,0.0,0.0,0.0,0.0,1.0
10,12,0.0,0.0,0.0,0.0,0.0,0.0,0.0,0.0,0.0,0.0,0.0,0.0,1.0
10,12,0.0,0.0,0.0,0.0,0.0,0.0,0.0,0.0,0.0,0.0,0.0,0.0,1.0
10,12,0.0,0.0,0.0,0.0,0.0,0.0,0.0,0.0,0.0,0.0,0.0,0.0,1.0
10,12,0.0,0.0,0.0,0.0,0.0,0.0,0.0,0.0,0.0,0.0,0.0,0.0,1.0
10,12,0.0,0.0,0.0,0.0,0.0,0.0,0.0,0.0,0.0,0.0,0.0,0.0,1.0
10,12,0.0,0.0,0.0,0.0,0.0,0.0,0.0,0.0,0.0,0.0,0.0,0.0,1.0
10,12,0.0,0.0,0.0,0.0,0.0,0.0,0.0,0.0,0.0,0.0,0.0,0.0,1.0
10,12,0.0,0.0,0.0,0.0,0.0,0.0,0.0,0.0,0.0,0.0,0.0,0.0,1.0
10,12,0.0,0.0,0.0,0.0,0.0,0.0,0.0,0.0,0.0,0.0,0.0,0.0,1.0
10,12,0.0,0.0,0.0,0.0,0.0,0.0,0.0,0.0,0.0,0.0,0.0,0.0,1.0
10,12,0.0,0.0,0.0,0.0,0.0,0.0,0.0,0.0,0.0,0.0,0.0,0.0,1.0
10,12,0.0,0.0,0.0,0.0,0.0,0.0,0.0,0.0,0.0,0.0,0.0,0.0,1.0
10,12,0.0,0.0,0.0,0.0,0.0,0.0,0.0,0.0,0.0,0.0,0.0,0.0,1.0
10,12,0.0,0.0,0.0,0.0,0.0,0.0,0.0,0.0,0.0,0.0,0.0,0.0,1.0
10,12,0.0,0.0,0.0,0.0,0.0,0.0,0.0,0.0,0.0,0.0,0.0,0.0,1.0
10,12,0.0,0.0,0.0,0.0,0.0,0.0,0.0,0.0,0.0,0.0,0.0,0.0,1.0
10,12,0.0,0.0,0.0,0.0,0.0,0.0,0.0,0.0,0.0,0.0,0.0,0.0,1.0
10,12,0.0,0.0,0.0,0.0,0.0,0.0,0.0,0.0,0.0,0.0,0.0,0.0,1.0
10,12,0.0,0.0,0.0,0.0,0.0,0.0,0.0,0.0,0.0,0.0,0.0,0.0,1.0
10,12,0.0,0.0,0.0,0.0,0.0,0.0,0.0,0.0,0.0,0.0,0.0,0.0,1.0
10,12,0.0,0.0,0.0,0.0,0.0,0.0,0.0,0.0,0.0,0.0,0.0,0.0,1.0
10,12,0.0,0.0,0.0,0.0,0.0,0.0,0.0,0.0,0.0,0.0,0.0,0.0,1.0
10,12,0.0,0.0,0.0,0.0,0.0,0.0,0.0,0.0,0.0,0.0,0.0,0.0,1.0
10,12,0.0,0.0,0.0,0.0,0.0,0.0,0.0,0.0,0.0,0.0,0.0,0.0,1.0
10,12,0.0,0.0,0.0,0.0,0.0,0.0,0.0,0.0,0.0,0.0,0.0,0.0,1.0
10,12,0.0,0.0,0.0,0.0,0.0,0.0,0.0,0.0,0.0,0.0,0.0,0.0,1.0
10,12,0.0,0.0,0.0,0.0,0.0,0.0,0.0,0.0,0.0,0.0,0.0,0.0,1.0
10,12,0.0,0.0,0.0,0.0,0.0,0.0,0.0,0.0,0.0,0.0,0.0,0.0,1.0
10,12,0.0,0.0,0.0,0.0,0.0,0.0,0.0,0.0,0.0,0.0,0.0,0.0,1.0
10,12,0.0,0.0,0.0,0.0,0.0,0.0,0.0,0.0,0.0,0.0,0.0,0.0,1.0
10,12,0.0,0.0,0.0,0.0,0.0,0.0,0.0,0.0,0.0,0.0,0.0,0.0,1.0
10,12,0.0,0.0,0.0,0.0,0.0,0.0,0.0,0.0,0.0,0.0,0.0,0.0,1.0
10,12,0.0,0.0,0.0,0.0,0.0,0.0,0.0,0.0,0.0,0.0,0.0,0.0,1.0
10,12,0.0,0.0,0.0,0.0,0.0,0.0,0.0,0.0,0.0,0.0,0.0,0.0,1.0
10,12,0.0,0.0,0.0,0.0,0.0,0.0,0.0,0.0,0.0,0.0,0.0,0.0,1.0
10,12,0.0,0.0,0.0,0.0,0.0,0.0,0.0,0.0,0.0,0.0,0.0,0.0,1.0
10,12,0.0,0.0,0.0,0.0,0.0,0.0,0.0,0.0,0.0,0.0,0.0,0.0,1.0
10,12,0.0,0.0,0.0,0.0,0.0,0.0,0.0,0.0,0.0,0.0,0.0,0.0,1.0
10,12,0.0,0.0,0.0,0.0,0.0,0.0,0.0,0.0,0.0,0.0,0.0,0.0,1.0
10,12,0.0,0.0,0.0,0.0,0.0,0.0,0.0,0.0,0.0,0.0,0.0,0.0,1.0
10,12,0.0,0.0,0.0,0.0,0.0,0.0,0.0,0.0,0.0,0.0,0.0,0.0,1.0
10,12,0.0,0.0,0.0,0.0,0.0,0.0,0.0,0.0,0.0,0.0,0.0,0.0,1.0
10,12,0.0,0.0,0.0,0.0,0.0,0.0,0.0,0.0,0.0,0.0,0.0,0.0,1.0
10,12,0.0,0.0,0.0,0.0,0.0,0.0,0.0,0.0,0.0,0.0,0.0,0.0,1.0
10,12,0.0,0.0,0.0,0.0,0.0,0.0,0.0,0.0,0.0,0.0,0.0,0.0,1.0
10,12,0.0,0.0,0.0,0.0,0.0,0.0,0.0,0.0,0.0,0.0,0.0,0.0,1.0
10,12,0.0,0.0,0.0,0.0,0.0,0.0,0.0,0.0,0.0,0.0,0.0,0.0,1.0
10,12,0.0,0.0,0.0,0.0,0.0,0.0,0.0,0.0,0.0,0.0,0.0,0.0,1.0
10,12,0.0,0.0,0.0,0.0,0.0,0.0,0.0,0.0,0.0,0.0,0.0,0.0,1.0
10,12,0.0,0.0,0.0,0.0,0.0,0.0,0.0,0.0,0.0,0.0,0.0,0.0,1.0
10,12,0.0,0.0,0.0,0.0,0.0,0.0,0.0,0.0,0.0,0.0,0.0,0.0,1.0
10,12,0.0,0.0,0.0,0.0,0.0,0.0,0.0,0.0,0.0,0.0,0.0,0.0,1.0
10,12,0.0,0.0,0.0,0.0,0.0,0.0,0.0,0.0,0.0,0.0,0.0,0.0,1.0
10,12,0.0,0.0,0.0,0.0,0.0,0.0,0.0,0.0,0.0,0.0,0.0,0.0,1.0
10,12,0.0,0.0,0.0,0.0,0.0,0.0,0.0,0.0,0.0,0.0,0.0,0.0,1.0
10,12,0.0,0.0,0.0,0.0,0.0,0.0,0.0,0.0,0.0,0.0,0.0,0.0,1.0
10,12,0.0,0.0,0.0,0.0,0.0,0.0,0.0,0.0,0.0,0.0,0.0,0.0,1.0
10,12,0.0,0.0,0.0,0.0,0.0,0.0,0.0,0.0,0.0,0.0,0.0,0.0,1.0
10,12,0.0,0.0,0.0,0.0,0.0,0.0,0.0,0.0,0.0,0.0,0.0,0.0,1.0
10,12,0.0,0.0,0.0,0.0,0.0,0.0,0.0,0.0,0.0,0.0,0.0,0.0,1.0
10,12,0.0,0.0,0.0,0.0,0.0,0.0,0.0,0.0,0.0,0.0,0.0,0.0,1.0
10,12,0.0,0.0,0.0,0.0,0.0,0.0,0.0,0.0,0.0,0.0,0.0,0.0,1.0
10,12,0.0,0.0,0.0,0.0,0.0,0.0,0.0,0.0,0.0,0.0,0.0,0.0,1.0
10,12,0.0,0.0,0.0,0.0,0.0,0.0,0.0,0.0,0.0,0.0,0.0,0.0,1.0
10,12,0.0,0.0,0.0,0.0,0.0,0.0,0.0,0.0,0.0,0.0,0.0,0.0,1.0
10,12,0.0,0.0,0.0,0.0,0.0,0.0,0.0,0.0,0.0,0.0,0.0,0.0,1.0
10,12,0.0,0.0,0.0,0.0,0.0,0.0,0.0,0.0,0.0,0.0,0.0,0.0,1.0
10,12,0.0,0.0,0.0,0.0,0.0,0.0,0.0,0.0,0.0,0.0,0.0,0.0,1.0
10,12,0.0,0.0,0.0,0.0,0.0,0.0,0.0,0.0,0.0,0.0,0.0,0.0,1.0
10,12,0.0,0.0,0.0,0.0,0.0,0.0,0.0,0.0,0.0,0.0,0.0,0.0,1.0
10,12,0.0,0.0,0.0,0.0,0.0,0.0,0.0,0.0,0.0,0.0,0.0,0.0,1.0
10,12,0.0,0.0,0.0,0.0,0.0,0.0,0.0,0.0,0.0,0.0,0.0,0.0,1.0
10,12,0.0,0.0,0.0,0.0,0.0,0.0,0.0,0.0,0.0,0.0,0.0,0.0,1.0
10,12,0.0,0.0,0.0,0.0,0.0,0.0,0.0,0.0,0.0,0.0,0.0,0.0,1.0
10,12,0.0,0.0,0.0,0.0,0.0,0.0,0.0,0.0,0.0,0.0,0.0,0.0,1.0
10,12,0.0,0.0,0.0,0.0,0.0,0.0,0.0,0.0,0.0,0.0,0.0,0.0,1.0
10,12,0.0,0.0,0.0,0.0,0.0,0.0,0.0,0.0,0.0,0.0,0.0,0.0,1.0
10,12,0.0,0.0,0.0,0.0,0.0,0.0,0.0,0.0,0.0,0.0,0.0,0.0,1.0
10,12,0.0,0.0,0.0,0.0,0.0,0.0,0.0,0.0,0.0,0.0,0.0,0.0,1.0
10,12,0.0,0.0,0.0,0.0,0.0,0.0,0.0,0.0,0.0,0.0,0.0,0.0,1.0
10,12,0.0,0.0,0.0,0.0,0.0,0.0,0.0,0.0,0.0,0.0,0.0,0.0,1.0
10,12,0.0,0.0,0.0,0.0,0.0,0.0,0.0,0.0,0.0,0.0,0.0,0.0,1.0
10,12,0.0,0.0,0.0,0.0,0.0,0.0,0.0,0.0,0.0,0.0,0.0,0.0,1.0
10,12,0.0,0.0,0.0,0.0,0.0,0.0,0.0,0.0,0.0,0.0,0.0,0.0,1.0
10,12,0.0,0.0,0.0,0.0,0.0,0.0,0.0,0.0,0.0,0.0,0.0,0.0,1.0
10,12,0.0,0.0,0.0,0.0,0.0,0.0,0.0,0.0,0.0,0.0,0.0,0.0,1.0
10,12,0.0,0.0,0.0,0.0,0.0,0.0,0.0,0.0,0.0,0.0,0.0,0.0,1.0
10,12,0.0,0.0,0.0,0.0,0.0,0.0,0.0,0.0,0.0,0.0,0.0,0.0,1.0
10,12,0.0,0.0,0.0,0.0,0.0,0.0,0.0,0.0,0.0,0.0,0.0,0.0,1.0
10,12,0.0,0.0,0.0,0.0,0.0,0.0,0.0,0.0,0.0,0.0,0.0,0.0,1.0
10,12,0.0,0.0,0.0,0.0,0.0,0.0,0.0,0.0,0.0,0.0,0.0,0.0,1.0
10,12,0.0,0.0,0.0,0.0,0.0,0.0,0.0,0.0,0.0,0.0,0.0,0.0,1.0
10,12,0.0,0.0,0.0,0.0,0.0,0.0,0.0,0.0,0.0,0.0,0.0,0.0,1.0
10,12,0.0,0.0,0.0,0.0,0.0,0.0,0.0,0.0,0.0,0.0,0.0,0.0,1.0
10,12,0.0,0.0,0.0,0.0,0.0,0.0,0.0,0.0,0.0,0.0,0.0,0.0,1.0
10,12,0.0,0.0,0.0,0.0,0.0,0.0,0.0,0.0,0.0,0.0,0.0,0.0,1.0
10,12,0.0,0.0,0.0,0.0,0.0,0.0,0.0,0.0,0.0,0.0,0.0,0.0,1.0
10,12,0.0,0.0,0.0,0.0,0.0,0.0,0.0,0.0,0.0,0.0,0.0,0.0,1.0
10,12,0.0,0.0,0.0,0.0,0.0,0.0,0.0,0.0,0.0,0.0,0.0,0.0,1.0
10,12,0.0,0.0,0.0,0.0,0.0,0.0,0.0,0.0,0.0,0.0,0.0,0.0,1.0
10,12,0.0,0.0,0.0,0.0,0.0,0.0,0.0,0.0,0.0,0.0,0.0,0.0,1.0
10,12,0.0,0.0,0.0,0.0,0.0,0.0,0.0,0.0,0.0,0.0,0.0,0.0,1.0
10,12,0.0,0.0,0.0,0.0,0.0,0.0,0.0,0.0,0.0,0.0,0.0,0.0,1.0
10,12,0.0,0.0,0.0,0.0,0.0,0.0,0.0,0.0,0.0,0.0,0.0,0.0,1.0
10,12,0.0,0.0,0.0,0.0,0.0,0.0,0.0,0.0,0.0,0.0,0.0,0.0,1.0
10,12,0.0,0.0,0.0,0.0,0.0,0.0,0.0,0.0,0.0,0.0,0.0,0.0,1.0
10,12,0.0,0.0,0.0,0.0,0.0,0.0,0.0,0.0,0.0,0.0,0.0,0.0,1.0
10,12,0.0,0.0,0.0,0.0,0.0,0.0,0.0,0.0,0.0,0.0,0.0,0.0,1.0
10,12,0.0,0.0,0.0,0.0,0.0,0.0,0.0,0.0,0.0,0.0,0.0,0.0,1.0
10,12,0.0,0.0,0.0,0.0,0.0,0.0,0.0,0.0,0.0,0.0,0.0,0.0,1.0
10,12,0.0,0.0,0.0,0.0,0.0,0.0,0.0,0.0,0.0,0.0,0.0,0.0,1.0
10,12,0.0,0.0,0.0,0.0,0.0,0.0,0.0,0.0,0.0,0.0,0.0,0.0,1.0
10,12,0.0,0.0,0.0,0.0,0.0,0.0,0.0,0.0,0.0,0.0,0.0,0.0,1.0
10,12,0.0,0.0,0.0,0.0,0.0,0.0,0.0,0.0,0.0,0.0,0.0,0.0,1.0
10,12,0.0,0.0,0.0,0.0,0.0,0.0,0.0,0.0,0.0,0.0,0.0,0.0,1.0
10,12,0.0,0.0,0.0,0.0,0.0,0.0,0.0,0.0,0.0,0.0,0.0,0.0,1.0
10,12,0.0,0.0,0.0,0.0,0.0,0.0,0.0,0.0,0.0,0.0,0.0,0.0,1.0
10,12,0.0,0.0,0.0,0.0,0.0,0.0,0.0,0.0,0.0,0.0,0.0,0.0,1.0
10,12,0.0,0.0,0.0,0.0,0.0,0.0,0.0,0.0,0.0,0.0,0.0,0.0,1.0
10,12,0.0,0.0,0.0,0.0,0.0,0.0,0.0,0.0,0.0,0.0,0.0,0.0,1.0
10,12,0.0,0.0,0.0,0.0,0.0,0.0,0.0,0.0,0.0,0.0,0.0,0.0,1.0
10,12,0.0,0.0,0.0,0.0,0.0,0.0,0.0,0.0,0.0,0.0,0.0,0.0,1.0
10,12,0.0,0.0,0.0,0.0,0.0,0.0,0.0,0.0,0.0,0.0,0.0,0.0,1.0
10,12,0.0,0.0,0.0,0.0,0.0,0.0,0.0,0.0,0.0,0.0,0.0,0.0,1.0
10,12,0.0,0.0,0.0,0.0,0.0,0.0,0.0,0.0,0.0,0.0,0.0,0.0,1.0
10,12,0.0,0.0,0.0,0.0,0.0,0.0,0.0,0.0,0.0,0.0,0.0,0.0,1.0
10,12,0.0,0.0,0.0,0.0,0.0,0.0,0.0,0.0,0.0,0.0,0.0,0.0,1.0
10,12,0.0,0.0,0.0,0.0,0.0,0.0,0.0,0.0,0.0,0.0,0.0,0.0,1.0
10,12,0.0,0.0,0.0,0.0,0.0,0.0,0.0,0.0,0.0,0.0,0.0,0.0,1.0
10,12,0.0,0.0,0.0,0.0,0.0,0.0,0.0,0.0,0.0,0.0,0.0,0.0,1.0
10,12,0.0,0.0,0.0,0.0,0.0,0.0,0.0,0.0,0.0,0.0,0.0,0.0,1.0
10,12,0.0,0.0,0.0,0.0,0.0,0.0,0.0,0.0,0.0,0.0,0.0,0.0,1.0
10,12,0.0,0.0,0.0,0.0,0.0,0.0,0.0,0.0,0.0,0.0,0.0,0.0,1.0
10,12,0.0,0.0,0.0,0.0,0.0,0.0,0.0,0.0,0.0,0.0,0.0,0.0,1.0
10,12,0.0,0.0,0.0,0.0,0.0,0.0,0.0,0.0,0.0,0.0,0.0,0.0,1.0
10,12,0.0,0.0,0.0,0.0,0.0,0.0,0.0,0.0,0.0,0.0,0.0,0.0,1.0
10,12,0.0,0.0,0.0,0.0,0.0,0.0,0.0,0.0,0.0,0.0,0.0,0.0,1.0
10,12,0.0,0.0,0.0,0.0,0.0,0.0,0.0,0.0,0.0,0.0,0.0,0.0,1.0
10,12,0.0,0.0,0.0,0.0,0.0,0.0,0.0,0.0,0.0,0.0,0.0,0.0,1.0
10,12,0.0,0.0,0.0,0.0,0.0,0.0,0.0,0.0,0.0,0.0,0.0,0.0,1.0
10,12,0.0,0.0,0.0,0.0,0.0,0.0,0.0,0.0,0.0,0.0,0.0,0.0,1.0
10,12,0.0,0.0,0.0,0.0,0.0,0.0,0.0,0.0,0.0,0.0,0.0,0.0,1.0
10,12,0.0,0.0,0.0,0.0,0.0,0.0,0.0,0.0,0.0,0.0,0.0,0.0,1.0
10,12,0.0,0.0,0.0,0.0,0.0,0.0,0.0,0.0,0.0,0.0,0.0,0.0,1.0
10,12,0.0,0.0,0.0,0.0,0.0,0.0,0.0,0.0,0.0,0.0,0.0,0.0,1.0
10,12,0.0,0.0,0.0,0.0,0.0,0.0,0.0,0.0,0.0,0.0,0.0,0.0,1.0
10,12,0.0,0.0,0.0,0.0,0.0,0.0,0.0,0.0,0.0,0.0,0.0,0.0,1.0
10,12,0.0,0.0,0.0,0.0,0.0,0.0,0.0,0.0,0.0,0.0,0.0,0.0,1.0
10,12,0.0,0.0,0.0,0.0,0.0,0.0,0.0,0.0,0.0,0.0,0.0,0.0,1.0
10,12,0.0,0.0,0.0,0.0,0.0,0.0,0.0,0.0,0.0,0.0,0.0,0.0,1.0
10,12,0.0,0.0,0.0,0.0,0.0,0.0,0.0,0.0,0.0,0.0,0.0,0.0,1.0
10,12,0.0,0.0,0.0,0.0,0.0,0.0,0.0,0.0,0.0,0.0,0.0,0.0,1.0
10,12,0.0,0.0,0.0,0.0,0.0,0.0,0.0,0.0,0.0,0.0,0.0,0.0,1.0
10,12,0.0,0.0,0.0,0.0,0.0,0.0,0.0,0.0,0.0,0.0,0.0,0.0,1.0
10,12,0.0,0.0,0.0,0.0,0.0,0.0,0.0,0.0,0.0,0.0,0.0,0.0,1.0
10,12,0.0,0.0,0.0,0.0,0.0,0.0,0.0,0.0,0.0,0.0,0.0,0.0,1.0
10,12,0.0,0.0,0.0,0.0,0.0,0.0,0.0,0.0,0.0,0.0,0.0,0.0,1.0
10,12,0.0,0.0,0.0,0.0,0.0,0.0,0.0,0.0,0.0,0.0,0.0,0.0,1.0
10,12,0.0,0.0,0.0,0.0,0.0,0.0,0.0,0.0,0.0,0.0,0.0,0.0,1.0
10,12,0.0,0.0,0.0,0.0,0.0,0.0,0.0,0.0,0.0,0.0,0.0,0.0,1.0
10,12,0.0,0.0,0.0,0.0,0.0,0.0,0.0,0.0,0.0,0.0,0.0,0.0,1.0
10,12,0.0,0.0,0.0,0.0,0.0,0.0,0.0,0.0,0.0,0.0,0.0,0.0,1.0
10,12,0.0,0.0,0.0,0.0,0.0,0.0,0.0,0.0,0.0,0.0,0.0,0.0,1.0
10,12,0.0,0.0,0.0,0.0,0.0,0.0,0.0,0.0,0.0,0.0,0.0,0.0,1.0
10,12,0.0,0.0,0.0,0.0,0.0,0.0,0.0,0.0,0.0,0.0,0.0,0.0,1.0
10,12,0.0,0.0,0.0,0.0,0.0,0.0,0.0,0.0,0.0,0.0,0.0,0.0,1.0
10,12,0.0,0.0,0.0,0.0,0.0,0.0,0.0,0.0,0.0,0.0,0.0,0.0,1.0
10,12,0.0,0.0,0.0,0.0,0.0,0.0,0.0,0.0,0.0,0.0,0.0,0.0,1.0
10,12,0.0,0.0,0.0,0.0,0.0,0.0,0.0,0.0,0.0,0.0,0.0,0.0,1.0
10,12,0.0,0.0,0.0,0.0,0.0,0.0,0.0,0.0,0.0,0.0,0.0,0.0,1.0
10,12,0.0,0.0,0.0,0.0,0.0,0.0,0.0,0.0,0.0,0.0,0.0,0.0,1.0
10,12,0.0,0.0,0.0,0.0,0.0,0.0,0.0,0.0,0.0,0.0,0.0,0.0,1.0
10,12,0.0,0.0,0.0,0.0,0.0,0.0,0.0,0.0,0.0,0.0,0.0,0.0,1.0
10,12,0.0,0.0,0.0,0.0,0.0,0.0,0.0,0.0,0.0,0.0,0.0,0.0,1.0
10,12,0.0,0.0,0.0,0.0,0.0,0.0,0.0,0.0,0.0,0.0,0.0,0.0,1.0
10,12,0.0,0.0,0.0,0.0,0.0,0.0,0.0,0.0,0.0,0.0,0.0,0.0,1.0
10,12,0.0,0.0,0.0,0.0,0.0,0.0,0.0,0.0,0.0,0.0,0.0,0.0,1.0
10,12,0.0,0.0,0.0,0.0,0.0,0.0,0.0,0.0,0.0,0.0,0.0,0.0,1.0
10,12,0.0,0.0,0.0,0.0,0.0,0.0,0.0,0.0,0.0,0.0,0.0,0.0,1.0
10,12,0.0,0.0,0.0,0.0,0.0,0.0,0.0,0.0,0.0,0.0,0.0,0.0,1.0
10,12,0.0,0.0,0.0,0.0,0.0,0.0,0.0,0.0,0.0,0.0,0.0,0.0,1.0
10,12,0.0,0.0,0.0,0.0,0.0,0.0,0.0,0.0,0.0,0.0,0.0,0.0,1.0
10,12,0.0,0.0,0.0,0.0,0.0,0.0,0.0,0.0,0.0,0.0,0.0,0.0,1.0
10,12,0.0,0.0,0.0,0.0,0.0,0.0,0.0,0.0,0.0,0.0,0.0,0.0,1.0
10,12,0.0,0.0,0.0,0.0,0.0,0.0,0.0,0.0,0.0,0.0,0.0,0.0,1.0
10,12,0.0,0.0,0.0,0.0,0.0,0.0,0.0,0.0,0.0,0.0,0.0,0.0,1.0
10,12,0.0,0.0,0.0,0.0,0.0,0.0,0.0,0.0,0.0,0.0,0.0,0.0,1.0
10,12,0.0,0.0,0.0,0.0,0.0,0.0,0.0,0.0,0.0,0.0,0.0,0.0,1.0
10,12,0.0,0.0,0.0,0.0,0.0,0.0,0.0,0.0,0.0,0.0,0.0,0.0,1.0
10,12,0.0,0.0,0.0,0.0,0.0,0.0,0.0,0.0,0.0,0.0,0.0,0.0,1.0
10,12,0.0,0.0,0.0,0.0,0.0,0.0,0.0,0.0,0.0,0.0,0.0,0.0,1.0
10,12,0.0,0.0,0.0,0.0,0.0,0.0,0.0,0.0,0.0,0.0,0.0,0.0,1.0
10,12,0.0,0.0,0.0,0.0,0.0,0.0,0.0,0.0,0.0,0.0,0.0,0.0,1.0
10,12,0.0,0.0,0.0,0.0,0.0,0.0,0.0,0.0,0.0,0.0,0.0,0.0,1.0
10,12,0.0,0.0,0.0,0.0,0.0,0.0,0.0,0.0,0.0,0.0,0.0,0.0,1.0
10,12,0.0,0.0,0.0,0.0,0.0,0.0,0.0,0.0,0.0,0.0,0.0,0.0,1.0
10,12,0.0,0.0,0.0,0.0,0.0,0.0,0.0,0.0,0.0,0.0,0.0,0.0,1.0
10,12,0.0,0.0,0.0,0.0,0.0,0.0,0.0,0.0,0.0,0.0,0.0,0.0,1.0
10,12,0.0,0.0,0.0,0.0,0.0,0.0,0.0,0.0,0.0,0.0,0.0,0.0,1.0
10,12,0.0,0.0,0.0,0.0,0.0,0.0,0.0,0.0,0.0,0.0,0.0,0.0,1.0
10,12,0.0,0.0,0.0,0.0,0.0,0.0,0.0,0.0,0.0,0.0,0.0,0.0,1.0
10,12,0.0,0.0,0.0,0.0,0.0,0.0,0.0,0.0,0.0,0.0,0.0,0.0,1.0
10,12,0.0,0.0,0.0,0.0,0.0,0.0,0.0,0.0,0.0,0.0,0.0,0.0,1.0
10,12,0.0,0.0,0.0,0.0,0.0,0.0,0.0,0.0,0.0,0.0,0.0,0.0,1.0
10,12,0.0,0.0,0.0,0.0,0.0,0.0,0.0,0.0,0.0,0.0,0.0,0.0,1.0
10,12,0.0,0.0,0.0,0.0,0.0,0.0,0.0,0.0,0.0,0.0,0.0,0.0,1.0
10,12,0.0,0.0,0.0,0.0,0.0,0.0,0.0,0.0,0.0,0.0,0.0,0.0,1.0
10,12,0.0,0.0,0.0,0.0,0.0,0.0,0.0,0.0,0.0,0.0,0.0,0.0,1.0
10,12,0.0,0.0,0.0,0.0,0.0,0.0,0.0,0.0,0.0,0.0,0.0,0.0,1.0
10,12,0.0,0.0,0.0,0.0,0.0,0.0,0.0,0.0,0.0,0.0,0.0,0.0,1.0
10,12,0.0,0.0,0.0,0.0,0.0,0.0,0.0,0.0,0.0,0.0,0.0,0.0,1.0
10,12,0.0,0.0,0.0,0.0,0.0,0.0,0.0,0.0,0.0,0.0,0.0,0.0,1.0
10,12,0.0,0.0,0.0,0.0,0.0,0.0,0.0,0.0,0.0,0.0,0.0,0.0,1.0
10,12,0.0,0.0,0.0,0.0,0.0,0.0,0.0,0.0,0.0,0.0,0.0,0.0,1.0
10,12,0.0,0.0,0.0,0.0,0.0,0.0,0.0,0.0,0.0,0.0,0.0,0.0,1.0
10,12,0.0,0.0,0.0,0.0,0.0,0.0,0.0,0.0,0.0,0.0,0.0,0.0,1.0
10,12,0.0,0.0,0.0,0.0,0.0,0.0,0.0,0.0,0.0,0.0,0.0,0.0,1.0
10,12,0.0,0.0,0.0,0.0,0.0,0.0,0.0,0.0,0.0,0.0,0.0,0.0,1.0
10,12,0.0,0.0,0.0,0.0,0.0,0.0,0.0,0.0,0.0,0.0,0.0,0.0,1.0
10,12,0.0,0.0,0.0,0.0,0.0,0.0,0.0,0.0,0.0,0.0,0.0,0.0,1.0
10,12,0.0,0.0,0.0,0.0,0.0,0.0,0.0,0.0,0.0,0.0,0.0,0.0,1.0
10,12,0.0,0.0,0.0,0.0,0.0,0.0,0.0,0.0,0.0,0.0,0.0,0.0,1.0
10,12,0.0,0.0,0.0,0.0,0.0,0.0,0.0,0.0,0.0,0.0,0.0,0.0,1.0
10,12,0.0,0.0,0.0,0.0,0.0,0.0,0.0,0.0,0.0,0.0,0.0,0.0,1.0
10,12,0.0,0.0,0.0,0.0,0.0,0.0,0.0,0.0,0.0,0.0,0.0,0.0,1.0
10,12,0.0,0.0,0.0,0.0,0.0,0.0,0.0,0.0,0.0,0.0,0.0,0.0,1.0
10,12,0.0,0.0,0.0,0.0,0.0,0.0,0.0,0.0,0.0,0.0,0.0,0.0,1.0
10,12,0.0,0.0,0.0,0.0,0.0,0.0,0.0,0.0,0.0,0.0,0.0,0.0,1.0
10,12,0.0,0.0,0.0,0.0,0.0,0.0,0.0,0.0,0.0,0.0,0.0,0.0,1.0
10,12,0.0,0.0,0.0,0.0,0.0,0.0,0.0,0.0,0.0,0.0,0.0,0.0,1.0
10,12,0.0,0.0,0.0,0.0,0.0,0.0,0.0,0.0,0.0,0.0,0.0,0.0,1.0
10,12,0.0,0.0,0.0,0.0,0.0,0.0,0.0,0.0,0.0,0.0,0.0,0.0,1.0
10,12,0.0,0.0,0.0,0.0,0.0,0.0,0.0,0.0,0.0,0.0,0.0,0.0,1.0
10,12,0.0,0.0,0.0,0.0,0.0,0.0,0.0,0.0,0.0,0.0,0.0,0.0,1.0
10,12,0.0,0.0,0.0,0.0,0.0,0.0,0.0,0.0,0.0,0.0,0.0,0.0,1.0
10,12,0.0,0.0,0.0,0.0,0.0,0.0,0.0,0.0,0.0,0.0,0.0,0.0,1.0
10,12,0.0,0.0,0.0,0.0,0.0,0.0,0.0,0.0,0.0,0.0,0.0,0.0,1.0
10,12,0.0,0.0,0.0,0.0,0.0,0.0,0.0,0.0,0.0,0.0,0.0,0.0,1.0
10,12,0.0,0.0,0.0,0.0,0.0,0.0,0.0,0.0,0.0,0.0,0.0,0.0,1.0
10,12,0.0,0.0,0.0,0.0,0.0,0.0,0.0,0.0,0.0,0.0,0.0,0.0,1.0
10,12,0.0,0.0,0.0,0.0,0.0,0.0,0.0,0.0,0.0,0.0,0.0,0.0,1.0
10,12,0.0,0.0,0.0,0.0,0.0,0.0,0.0,0.0,0.0,0.0,0.0,0.0,1.0
10,12,0.0,0.0,0.0,0.0,0.0,0.0,0.0,0.0,0.0,0.0,0.0,0.0,1.0
10,12,0.0,0.0,0.0,0.0,0.0,0.0,0.0,0.0,0.0,0.0,0.0,0.0,1.0
10,12,0.0,0.0,0.0,0.0,0.0,0.0,0.0,0.0,0.0,0.0,0.0,0.0,1.0
10,12,0.0,0.0,0.0,0.0,0.0,0.0,0.0,0.0,0.0,0.0,0.0,0.0,1.0
10,12,0.0,0.0,0.0,0.0,0.0,0.0,0.0,0.0,0.0,0.0,0.0,0.0,1.0
10,12,0.0,0.0,0.0,0.0,0.0,0.0,0.0,0.0,0.0,0.0,0.0,0.0,1.0
10,12,0.0,0.0,0.0,0.0,0.0,0.0,0.0,0.0,0.0,0.0,0.0,0.0,1.0
10,12,0.0,0.0,0.0,0.0,0.0,0.0,0.0,0.0,0.0,0.0,0.0,0.0,1.0
10,12,0.0,0.0,0.0,0.0,0.0,0.0,0.0,0.0,0.0,0.0,0.0,0.0,1.0
10,12,0.0,0.0,0.0,0.0,0.0,0.0,0.0,0.0,0.0,0.0,0.0,0.0,1.0
10,12,0.0,0.0,0.0,0.0,0.0,0.0,0.0,0.0,0.0,0.0,0.0,0.0,1.0
10,12,0.0,0.0,0.0,0.0,0.0,0.0,0.0,0.0,0.0,0.0,0.0,0.0,1.0
10,12,0.0,0.0,0.0,0.0,0.0,0.0,0.0,0.0,0.0,0.0,0.0,0.0,1.0
10,12,0.0,0.0,0.0,0.0,0.0,0.0,0.0,0.0,0.0,0.0,0.0,0.0,1.0
10,12,0.0,0.0,0.0,0.0,0.0,0.0,0.0,0.0,0.0,0.0,0.0,0.0,1.0
10,12,0.0,0.0,0.0,0.0,0.0,0.0,0.0,0.0,0.0,0.0,0.0,0.0,1.0
10,12,0.0,0.0,0.0,0.0,0.0,0.0,0.0,0.0,0.0,0.0,0.0,0.0,1.0
10,12,0.0,0.0,0.0,0.0,0.0,0.0,0.0,0.0,0.0,0.0,0.0,0.0,1.0
10,12,0.0,0.0,0.0,0.0,0.0,0.0,0.0,0.0,0.0,0.0,0.0,0.0,1.0
10,12,0.0,0.0,0.0,0.0,0.0,0.0,0.0,0.0,0.0,0.0,0.0,0.0,1.0
10,12,0.0,0.0,0.0,0.0,0.0,0.0,0.0,0.0,0.0,0.0,0.0,0.0,1.0
10,12,0.0,0.0,0.0,0.0,0.0,0.0,0.0,0.0,0.0,0.0,0.0,0.0,1.0
10,12,0.0,0.0,0.0,0.0,0.0,0.0,0.0,0.0,0.0,0.0,0.0,0.0,1.0
10,12,0.0,0.0,0.0,0.0,0.0,0.0,0.0,0.0,0.0,0.0,0.0,0.0,1.0
10,12,0.0,0.0,0.0,0.0,0.0,0.0,0.0,0.0,0.0,0.0,0.0,0.0,1.0
10,12,0.0,0.0,0.0,0.0,0.0,0.0,0.0,0.0,0.0,0.0,0.0,0.0,1.0
10,12,0.0,0.0,0.0,0.0,0.0,0.0,0.0,0.0,0.0,0.0,0.0,0.0,1.0
10,12,0.0,0.0,0.0,0.0,0.0,0.0,0.0,0.0,0.0,0.0,0.0,0.0,1.0
10,12,0.0,0.0,0.0,0.0,0.0,0.0,0.0,0.0,0.0,0.0,0.0,0.0,1.0
10,12,0.0,0.0,0.0,0.0,0.0,0.0,0.0,0.0,0.0,0.0,0.0,0.0,1.0
10,12,0.0,0.0,0.0,0.0,0.0,0.0,0.0,0.0,0.0,0.0,0.0,0.0,1.0
10,12,0.0,0.0,0.0,0.0,0.0,0.0,0.0,0.0,0.0,0.0,0.0,0.0,1.0
10,12,0.0,0.0,0.0,0.0,0.0,0.0,0.0,0.0,0.0,0.0,0.0,0.0,1.0
10,12,0.0,0.0,0.0,0.0,0.0,0.0,0.0,0.0,0.0,0.0,0.0,0.0,1.0
10,12,0.0,0.0,0.0,0.0,0.0,0.0,0.0,0.0,0.0,0.0,0.0,0.0,1.0
10,12,0.0,0.0,0.0,0.0,0.0,0.0,0.0,0.0,0.0,0.0,0.0,0.0,1.0
10,12,0.0,0.0,0.0,0.0,0.0,0.0,0.0,0.0,0.0,0.0,0.0,0.0,1.0
10,12,0.0,0.0,0.0,0.0,0.0,0.0,0.0,0.0,0.0,0.0,0.0,0.0,1.0
10,12,0.0,0.0,0.0,0.0,0.0,0.0,0.0,0.0,0.0,0.0,0.0,0.0,1.0
10,12,0.0,0.0,0.0,0.0,0.0,0.0,0.0,0.0,0.0,0.0,0.0,0.0,1.0
10,12,0.0,0.0,0.0,0.0,0.0,0.0,0.0,0.0,0.0,0.0,0.0,0.0,1.0
10,12,0.0,0.0,0.0,0.0,0.0,0.0,0.0,0.0,0.0,0.0,0.0,0.0,1.0
10,12,0.0,0.0,0.0,0.0,0.0,0.0,0.0,0.0,0.0,0.0,0.0,0.0,1.0
10,12,0.0,0.0,0.0,0.0,0.0,0.0,0.0,0.0,0.0,0.0,0.0,0.0,1.0
10,12,0.0,0.0,0.0,0.0,0.0,0.0,0.0,0.0,0.0,0.0,0.0,0.0,1.0
10,12,0.0,0.0,0.0,0.0,0.0,0.0,0.0,0.0,0.0,0.0,0.0,0.0,1.0
10,12,0.0,0.0,0.0,0.0,0.0,0.0,0.0,0.0,0.0,0.0,0.0,0.0,1.0
10,12,0.0,0.0,0.0,0.0,0.0,0.0,0.0,0.0,0.0,0.0,0.0,0.0,1.0
10,12,0.0,0.0,0.0,0.0,0.0,0.0,0.0,0.0,0.0,0.0,0.0,0.0,1.0
10,12,0.0,0.0,0.0,0.0,0.0,0.0,0.0,0.0,0.0,0.0,0.0,0.0,1.0
10,12,0.0,0.0,0.0,0.0,0.0,0.0,0.0,0.0,0.0,0.0,0.0,0.0,1.0
10,12,0.0,0.0,0.0,0.0,0.0,0.0,0.0,0.0,0.0,0.0,0.0,0.0,1.0
10,12,0.0,0.0,0.0,0.0,0.0,0.0,0.0,0.0,0.0,0.0,0.0,0.0,1.0
10,12,0.0,0.0,0.0,0.0,0.0,0.0,0.0,0.0,0.0,0.0,0.0,0.0,1.0
10,12,0.0,0.0,0.0,0.0,0.0,0.0,0.0,0.0,0.0,0.0,0.0,0.0,1.0
10,12,0.0,0.0,0.0,0.0,0.0,0.0,0.0,0.0,0.0,0.0,0.0,0.0,1.0
10,12,0.0,0.0,0.0,0.0,0.0,0.0,0.0,0.0,0.0,0.0,0.0,0.0,1.0
10,12,0.0,0.0,0.0,0.0,0.0,0.0,0.0,0.0,0.0,0.0,0.0,0.0,1.0
10,12,0.0,0.0,0.0,0.0,0.0,0.0,0.0,0.0,0.0,0.0,0.0,0.0,1.0
10,12,0.0,0.0,0.0,0.0,0.0,0.0,0.0,0.0,0.0,0.0,0.0,0.0,1.0
10,12,0.0,0.0,0.0,0.0,0.0,0.0,0.0,0.0,0.0,0.0,0.0,0.0,1.0
10,12,0.0,0.0,0.0,0.0,0.0,0.0,0.0,0.0,0.0,0.0,0.0,0.0,1.0
10,12,0.0,0.0,0.0,0.0,0.0,0.0,0.0,0.0,0.0,0.0,0.0,0.0,1.0
10,12,0.0,0.0,0.0,0.0,0.0,0.0,0.0,0.0,0.0,0.0,0.0,0.0,1.0
10,12,0.0,0.0,0.0,0.0,0.0,0.0,0.0,0.0,0.0,0.0,0.0,0.0,1.0
10,12,0.0,0.0,0.0,0.0,0.0,0.0,0.0,0.0,0.0,0.0,0.0,0.0,1.0
10,12,0.0,0.0,0.0,0.0,0.0,0.0,0.0,0.0,0.0,0.0,0.0,0.0,1.0
10,12,0.0,0.0,0.0,0.0,0.0,0.0,0.0,0.0,0.0,0.0,0.0,0.0,1.0
10,12,0.0,0.0,0.0,0.0,0.0,0.0,0.0,0.0,0.0,0.0,0.0,0.0,1.0
10,12,0.0,0.0,0.0,0.0,0.0,0.0,0.0,0.0,0.0,0.0,0.0,0.0,1.0
10,12,0.0,0.0,0.0,0.0,0.0,0.0,0.0,0.0,0.0,0.0,0.0,0.0,1.0
10,12,0.0,0.0,0.0,0.0,0.0,0.0,0.0,0.0,0.0,0.0,0.0,0.0,1.0
10,12,0.0,0.0,0.0,0.0,0.0,0.0,0.0,0.0,0.0,0.0,0.0,0.0,1.0
10,12,0.0,0.0,0.0,0.0,0.0,0.0,0.0,0.0,0.0,0.0,0.0,0.0,1.0
10,12,0.0,0.0,0.0,0.0,0.0,0.0,0.0,0.0,0.0,0.0,0.0,0.0,1.0
10,12,0.0,0.0,0.0,0.0,0.0,0.0,0.0,0.0,0.0,0.0,0.0,0.0,1.0
10,12,0.0,0.0,0.0,0.0,0.0,0.0,0.0,0.0,0.0,0.0,0.0,0.0,1.0
10,12,0.0,0.0,0.0,0.0,0.0,0.0,0.0,0.0,0.0,0.0,0.0,0.0,1.0
10,12,0.0,0.0,0.0,0.0,0.0,0.0,0.0,0.0,0.0,0.0,0.0,0.0,1.0
10,12,0.0,0.0,0.0,0.0,0.0,0.0,0.0,0.0,0.0,0.0,0.0,0.0,1.0
10,12,0.0,0.0,0.0,0.0,0.0,0.0,0.0,0.0,0.0,0.0,0.0,0.0,1.0
10,12,0.0,0.0,0.0,0.0,0.0,0.0,0.0,0.0,0.0,0.0,0.0,0.0,1.0
10,12,0.0,0.0,0.0,0.0,0.0,0.0,0.0,0.0,0.0,0.0,0.0,0.0,1.0
10,12,0.0,0.0,0.0,0.0,0.0,0.0,0.0,0.0,0.0,0.0,0.0,0.0,1.0
10,12,0.0,0.0,0.0,0.0,0.0,0.0,0.0,0.0,0.0,0.0,0.0,0.0,1.0
10,12,0.0,0.0,0.0,0.0,0.0,0.0,0.0,0.0,0.0,0.0,0.0,0.0,1.0
10,12,0.0,0.0,0.0,0.0,0.0,0.0,0.0,0.0,0.0,0.0,0.0,0.0,1.0
10,12,0.0,0.0,0.0,0.0,0.0,0.0,0.0,0.0,0.0,0.0,0.0,0.0,1.0
10,12,0.0,0.0,0.0,0.0,0.0,0.0,0.0,0.0,0.0,0.0,0.0,0.0,1.0
10,12,0.0,0.0,0.0,0.0,0.0,0.0,0.0,0.0,0.0,0.0,0.0,0.0,1.0
10,12,0.0,0.0,0.0,0.0,0.0,0.0,0.0,0.0,0.0,0.0,0.0,0.0,1.0
10,12,0.0,0.0,0.0,0.0,0.0,0.0,0.0,0.0,0.0,0.0,0.0,0.0,1.0
10,12,0.0,0.0,0.0,0.0,0.0,0.0,0.0,0.0,0.0,0.0,0.0,0.0,1.0
10,12,0.0,0.0,0.0,0.0,0.0,0.0,0.0,0.0,0.0,0.0,0.0,0.0,1.0
10,12,0.0,0.0,0.0,0.0,0.0,0.0,0.0,0.0,0.0,0.0,0.0,0.0,1.0
10,12,0.0,0.0,0.0,0.0,0.0,0.0,0.0,0.0,0.0,0.0,0.0,0.0,1.0
10,12,0.0,0.0,0.0,0.0,0.0,0.0,0.0,0.0,0.0,0.0,0.0,0.0,1.0
10,12,0.0,0.0,0.0,0.0,0.0,0.0,0.0,0.0,0.0,0.0,0.0,0.0,1.0
10,12,0.0,0.0,0.0,0.0,0.0,0.0,0.0,0.0,0.0,0.0,0.0,0.0,1.0
10,12,0.0,0.0,0.0,0.0,0.0,0.0,0.0,0.0,0.0,0.0,0.0,0.0,1.0
10,12,0.0,0.0,0.0,0.0,0.0,0.0,0.0,0.0,0.0,0.0,0.0,0.0,1.0
10,12,0.0,0.0,0.0,0.0,0.0,0.0,0.0,0.0,0.0,0.0,0.0,0.0,1.0
10,12,0.0,0.0,0.0,0.0,0.0,0.0,0.0,0.0,0.0,0.0,0.0,0.0,1.0
10,12,0.0,0.0,0.0,0.0,0.0,0.0,0.0,0.0,0.0,0.0,0.0,0.0,1.0
10,12,0.0,0.0,0.0,0.0,0.0,0.0,0.0,0.0,0.0,0.0,0.0,0.0,1.0
10,12,0.0,0.0,0.0,0.0,0.0,0.0,0.0,0.0,0.0,0.0,0.0,0.0,1.0
10,12,0.0,0.0,0.0,0.0,0.0,0.0,0.0,0.0,0.0,0.0,0.0,0.0,1.0
10,12,0.0,0.0,0.0,0.0,0.0,0.0,0.0,0.0,0.0,0.0,0.0,0.0,1.0
10,12,0.0,0.0,0.0,0.0,0.0,0.0,0.0,0.0,0.0,0.0,0.0,0.0,1.0
10,12,0.0,0.0,0.0,0.0,0.0,0.0,0.0,0.0,0.0,0.0,0.0,0.0,1.0
10,12,0.0,0.0,0.0,0.0,0.0,0.0,0.0,0.0,0.0,0.0,0.0,0.0,1.0
10,12,0.0,0.0,0.0,0.0,0.0,0.0,0.0,0.0,0.0,0.0,0.0,0.0,1.0
10,12,0.0,0.0,0.0,0.0,0.0,0.0,0.0,0.0,0.0,0.0,0.0,0.0,1.0
10,12,0.0,0.0,0.0,0.0,0.0,0.0,0.0,0.0,0.0,0.0,0.0,0.0,1.0
10,12,0.0,0.0,0.0,0.0,0.0,0.0,0.0,0.0,0.0,0.0,0.0,0.0,1.0
10,12,0.0,0.0,0.0,0.0,0.0,0.0,0.0,0.0,0.0,0.0,0.0,0.0,1.0
10,12,0.0,0.0,0.0,0.0,0.0,0.0,0.0,0.0,0.0,0.0,0.0,0.0,1.0
10,12,0.0,0.0,0.0,0.0,0.0,0.0,0.0,0.0,0.0,0.0,0.0,0.0,1.0
10,12,0.0,0.0,0.0,0.0,0.0,0.0,0.0,0.0,0.0,0.0,0.0,0.0,1.0
10,12,0.0,0.0,0.0,0.0,0.0,0.0,0.0,0.0,0.0,0.0,0.0,0.0,1.0
10,12,0.0,0.0,0.0,0.0,0.0,0.0,0.0,0.0,0.0,0.0,0.0,0.0,1.0
10,12,0.0,0.0,0.0,0.0,0.0,0.0,0.0,0.0,0.0,0.0,0.0,0.0,1.0
10,12,0.0,0.0,0.0,0.0,0.0,0.0,0.0,0.0,0.0,0.0,0.0,0.0,1.0
10,12,0.0,0.0,0.0,0.0,0.0,0.0,0.0,0.0,0.0,0.0,0.0,0.0,1.0
10,12,0.0,0.0,0.0,0.0,0.0,0.0,0.0,0.0,0.0,0.0,0.0,0.0,1.0
10,12,0.0,0.0,0.0,0.0,0.0,0.0,0.0,0.0,0.0,0.0,0.0,0.0,1.0
10,12,0.0,0.0,0.0,0.0,0.0,0.0,0.0,0.0,0.0,0.0,0.0,0.0,1.0
10,12,0.0,0.0,0.0,0.0,0.0,0.0,0.0,0.0,0.0,0.0,0.0,0.0,1.0
10,12,0.0,0.0,0.0,0.0,0.0,0.0,0.0,0.0,0.0,0.0,0.0,0.0,1.0
10,12,0.0,0.0,0.0,0.0,0.0,0.0,0.0,0.0,0.0,0.0,0.0,0.0,1.0
10,12,0.0,0.0,0.0,0.0,0.0,0.0,0.0,0.0,0.0,0.0,0.0,0.0,1.0
10,12,0.0,0.0,0.0,0.0,0.0,0.0,0.0,0.0,0.0,0.0,0.0,0.0,1.0
10,12,0.0,0.0,0.0,0.0,0.0,0.0,0.0,0.0,0.0,0.0,0.0,0.0,1.0
10,12,0.0,0.0,0.0,0.0,0.0,0.0,0.0,0.0,0.0,0.0,0.0,0.0,1.0
10,12,0.0,0.0,0.0,0.0,0.0,0.0,0.0,0.0,0.0,0.0,0.0,0.0,1.0
10,12,0.0,0.0,0.0,0.0,0.0,0.0,0.0,0.0,0.0,0.0,0.0,0.0,1.0
10,12,0.0,0.0,0.0,0.0,0.0,0.0,0.0,0.0,0.0,0.0,0.0,0.0,1.0
10,12,0.0,0.0,0.0,0.0,0.0,0.0,0.0,0.0,0.0,0.0,0.0,0.0,1.0
10,12,0.0,0.0,0.0,0.0,0.0,0.0,0.0,0.0,0.0,0.0,0.0,0.0,1.0
10,12,0.0,0.0,0.0,0.0,0.0,0.0,0.0,0.0,0.0,0.0,0.0,0.0,1.0
10,12,0.0,0.0,0.0,0.0,0.0,0.0,0.0,0.0,0.0,0.0,0.0,0.0,1.0
10,12,0.0,0.0,0.0,0.0,0.0,0.0,0.0,0.0,0.0,0.0,0.0,0.0,1.0
10,12,0.0,0.0,0.0,0.0,0.0,0.0,0.0,0.0,0.0,0.0,0.0,0.0,1.0
10,12,0.0,0.0,0.0,0.0,0.0,0.0,0.0,0.0,0.0,0.0,0.0,0.0,1.0
10,12,0.0,0.0,0.0,0.0,0.0,0.0,0.0,0.0,0.0,0.0,0.0,0.0,1.0
10,12,0.0,0.0,0.0,0.0,0.0,0.0,0.0,0.0,0.0,0.0,0.0,0.0,1.0
10,12,0.0,0.0,0.0,0.0,0.0,0.0,0.0,0.0,0.0,0.0,0.0,0.0,1.0
10,12,0.0,0.0,0.0,0.0,0.0,0.0,0.0,0.0,0.0,0.0,0.0,0.0,1.0
10,12,0.0,0.0,0.0,0.0,0.0,0.0,0.0,0.0,0.0,0.0,0.0,0.0,1.0
10,12,0.0,0.0,0.0,0.0,0.0,0.0,0.0,0.0,0.0,0.0,0.0,0.0,1.0
10,12,0.0,0.0,0.0,0.0,0.0,0.0,0.0,0.0,0.0,0.0,0.0,0.0,1.0
10,12,0.0,0.0,0.0,0.0,0.0,0.0,0.0,0.0,0.0,0.0,0.0,0.0,1.0
10,12,0.0,0.0,0.0,0.0,0.0,0.0,0.0,0.0,0.0,0.0,0.0,0.0,1.0
10,12,0.0,0.0,0.0,0.0,0.0,0.0,0.0,0.0,0.0,0.0,0.0,0.0,1.0
10,12,0.0,0.0,0.0,0.0,0.0,0.0,0.0,0.0,0.0,0.0,0.0,0.0,1.0
10,12,0.0,0.0,0.0,0.0,0.0,0.0,0.0,0.0,0.0,0.0,0.0,0.0,1.0
10,12,0.0,0.0,0.0,0.0,0.0,0.0,0.0,0.0,0.0,0.0,0.0,0.0,1.0
10,12,0.0,0.0,0.0,0.0,0.0,0.0,0.0,0.0,0.0,0.0,0.0,0.0,1.0
10,12,0.0,0.0,0.0,0.0,0.0,0.0,0.0,0.0,0.0,0.0,0.0,0.0,1.0
10,12,0.0,0.0,0.0,0.0,0.0,0.0,0.0,0.0,0.0,0.0,0.0,0.0,1.0
10,12,0.0,0.0,0.0,0.0,0.0,0.0,0.0,0.0,0.0,0.0,0.0,0.0,1.0
10,12,0.0,0.0,0.0,0.0,0.0,0.0,0.0,0.0,0.0,0.0,0.0,0.0,1.0
10,12,0.0,0.0,0.0,0.0,0.0,0.0,0.0,0.0,0.0,0.0,0.0,0.0,1.0
10,12,0.0,0.0,0.0,0.0,0.0,0.0,0.0,0.0,0.0,0.0,0.0,0.0,1.0
10,12,0.0,0.0,0.0,0.0,0.0,0.0,0.0,0.0,0.0,0.0,0.0,0.0,1.0
10,12,0.0,0.0,0.0,0.0,0.0,0.0,0.0,0.0,0.0,0.0,0.0,0.0,1.0
10,12,0.0,0.0,0.0,0.0,0.0,0.0,0.0,0.0,0.0,0.0,0.0,0.0,1.0
10,12,0.0,0.0,0.0,0.0,0.0,0.0,0.0,0.0,0.0,0.0,0.0,0.0,1.0
10,12,0.0,0.0,0.0,0.0,0.0,0.0,0.0,0.0,0.0,0.0,0.0,0.0,1.0
10,12,0.0,0.0,0.0,0.0,0.0,0.0,0.0,0.0,0.0,0.0,0.0,0.0,1.0
10,12,0.0,0.0,0.0,0.0,0.0,0.0,0.0,0.0,0.0,0.0,0.0,0.0,1.0
10,12,0.0,0.0,0.0,0.0,0.0,0.0,0.0,0.0,0.0,0.0,0.0,0.0,1.0
10,12,0.0,0.0,0.0,0.0,0.0,0.0,0.0,0.0,0.0,0.0,0.0,0.0,1.0
10,12,0.0,0.0,0.0,0.0,0.0,0.0,0.0,0.0,0.0,0.0,0.0,0.0,1.0
10,12,0.0,0.0,0.0,0.0,0.0,0.0,0.0,0.0,0.0,0.0,0.0,0.0,1.0
10,12,0.0,0.0,0.0,0.0,0.0,0.0,0.0,0.0,0.0,0.0,0.0,0.0,1.0
10,12,0.0,0.0,0.0,0.0,0.0,0.0,0.0,0.0,0.0,0.0,0.0,0.0,1.0
10,12,0.0,0.0,0.0,0.0,0.0,0.0,0.0,0.0,0.0,0.0,0.0,0.0,1.0
10,12,0.0,0.0,0.0,0.0,0.0,0.0,0.0,0.0,0.0,0.0,0.0,0.0,1.0
10,12,0.0,0.0,0.0,0.0,0.0,0.0,0.0,0.0,0.0,0.0,0.0,0.0,1.0
10,12,0.0,0.0,0.0,0.0,0.0,0.0,0.0,0.0,0.0,0.0,0.0,0.0,1.0
10,12,0.0,0.0,0.0,0.0,0.0,0.0,0.0,0.0,0.0,0.0,0.0,0.0,1.0
10,12,0.0,0.0,0.0,0.0,0.0,0.0,0.0,0.0,0.0,0.0,0.0,0.0,1.0
10,12,0.0,0.0,0.0,0.0,0.0,0.0,0.0,0.0,0.0,0.0,0.0,0.0,1.0
10,12,0.0,0.0,0.0,0.0,0.0,0.0,0.0,0.0,0.0,0.0,0.0,0.0,1.0
10,12,0.0,0.0,0.0,0.0,0.0,0.0,0.0,0.0,0.0,0.0,0.0,0.0,1.0
10,12,0.0,0.0,0.0,0.0,0.0,0.0,0.0,0.0,0.0,0.0,0.0,0.0,1.0
10,12,0.0,0.0,0.0,0.0,0.0,0.0,0.0,0.0,0.0,0.0,0.0,0.0,1.0
10,12,0.0,0.0,0.0,0.0,0.0,0.0,0.0,0.0,0.0,0.0,0.0,0.0,1.0
10,12,0.0,0.0,0.0,0.0,0.0,0.0,0.0,0.0,0.0,0.0,0.0,0.0,1.0
10,12,0.0,0.0,0.0,0.0,0.0,0.0,0.0,0.0,0.0,0.0,0.0,0.0,1.0
10,12,0.0,0.0,0.0,0.0,0.0,0.0,0.0,0.0,0.0,0.0,0.0,0.0,1.0
10,12,0.0,0.0,0.0,0.0,0.0,0.0,0.0,0.0,0.0,0.0,0.0,0.0,1.0
10,12,0.0,0.0,0.0,0.0,0.0,0.0,0.0,0.0,0.0,0.0,0.0,0.0,1.0
10,12,0.0,0.0,0.0,0.0,0.0,0.0,0.0,0.0,0.0,0.0,0.0,0.0,1.0
10,12,0.0,0.0,0.0,0.0,0.0,0.0,0.0,0.0,0.0,0.0,0.0,0.0,1.0
10,12,0.0,0.0,0.0,0.0,0.0,0.0,0.0,0.0,0.0,0.0,0.0,0.0,1.0
10,12,0.0,0.0,0.0,0.0,0.0,0.0,0.0,0.0,0.0,0.0,0.0,0.0,1.0
10,12,0.0,0.0,0.0,0.0,0.0,0.0,0.0,0.0,0.0,0.0,0.0,0.0,1.0
10,12,0.0,0.0,0.0,0.0,0.0,0.0,0.0,0.0,0.0,0.0,0.0,0.0,1.0
10,12,0.0,0.0,0.0,0.0,0.0,0.0,0.0,0.0,0.0,0.0,0.0,0.0,1.0
10,12,0.0,0.0,0.0,0.0,0.0,0.0,0.0,0.0,0.0,0.0,0.0,0.0,1.0
10,12,0.0,0.0,0.0,0.0,0.0,0.0,0.0,0.0,0.0,0.0,0.0,0.0,1.0
10,12,0.0,0.0,0.0,0.0,0.0,0.0,0.0,0.0,0.0,0.0,0.0,0.0,1.0
10,12,0.0,0.0,0.0,0.0,0.0,0.0,0.0,0.0,0.0,0.0,0.0,0.0,1.0
10,12,0.0,0.0,0.0,0.0,0.0,0.0,0.0,0.0,0.0,0.0,0.0,0.0,1.0
10,12,0.0,0.0,0.0,0.0,0.0,0.0,0.0,0.0,0.0,0.0,0.0,0.0,1.0
10,12,0.0,0.0,0.0,0.0,0.0,0.0,0.0,0.0,0.0,0.0,0.0,0.0,1.0
10,12,0.0,0.0,0.0,0.0,0.0,0.0,0.0,0.0,0.0,0.0,0.0,0.0,1.0
10,12,0.0,0.0,0.0,0.0,0.0,0.0,0.0,0.0,0.0,0.0,0.0,0.0,1.0
10,12,0.0,0.0,0.0,0.0,0.0,0.0,0.0,0.0,0.0,0.0,0.0,0.0,1.0
10,12,0.0,0.0,0.0,0.0,0.0,0.0,0.0,0.0,0.0,0.0,0.0,0.0,1.0
10,12,0.0,0.0,0.0,0.0,0.0,0.0,0.0,0.0,0.0,0.0,0.0,0.0,1.0
10,12,0.0,0.0,0.0,0.0,0.0,0.0,0.0,0.0,0.0,0.0,0.0,0.0,1.0
10,12,0.0,0.0,0.0,0.0,0.0,0.0,0.0,0.0,0.0,0.0,0.0,0.0,1.0
10,12,0.0,0.0,0.0,0.0,0.0,0.0,0.0,0.0,0.0,0.0,0.0,0.0,1.0
10,12,0.0,0.0,0.0,0.0,0.0,0.0,0.0,0.0,0.0,0.0,0.0,0.0,1.0
10,12,0.0,0.0,0.0,0.0,0.0,0.0,0.0,0.0,0.0,0.0,0.0,0.0,1.0
10,12,0.0,0.0,0.0,0.0,0.0,0.0,0.0,0.0,0.0,0.0,0.0,0.0,1.0
10,12,0.0,0.0,0.0,0.0,0.0,0.0,0.0,0.0,0.0,0.0,0.0,0.0,1.0
10,12,0.0,0.0,0.0,0.0,0.0,0.0,0.0,0.0,0.0,0.0,0.0,0.0,1.0
10,12,0.0,0.0,0.0,0.0,0.0,0.0,0.0,0.0,0.0,0.0,0.0,0.0,1.0
10,12,0.0,0.0,0.0,0.0,0.0,0.0,0.0,0.0,0.0,0.0,0.0,0.0,1.0
10,12,0.0,0.0,0.0,0.0,0.0,0.0,0.0,0.0,0.0,0.0,0.0,0.0,1.0
10,12,0.0,0.0,0.0,0.0,0.0,0.0,0.0,0.0,0.0,0.0,0.0,0.0,1.0
10,12,0.0,0.0,0.0,0.0,0.0,0.0,0.0,0.0,0.0,0.0,0.0,0.0,1.0
10,12,0.0,0.0,0.0,0.0,0.0,0.0,0.0,0.0,0.0,0.0,0.0,0.0,1.0
10,12,0.0,0.0,0.0,0.0,0.0,0.0,0.0,0.0,0.0,0.0,0.0,0.0,1.0
10,12,0.0,0.0,0.0,0.0,0.0,0.0,0.0,0.0,0.0,0.0,0.0,0.0,1.0
10,12,0.0,0.0,0.0,0.0,0.0,0.0,0.0,0.0,0.0,0.0,0.0,0.0,1.0
10,12,0.0,0.0,0.0,0.0,0.0,0.0,0.0,0.0,0.0,0.0,0.0,0.0,1.0
10,12,0.0,0.0,0.0,0.0,0.0,0.0,0.0,0.0,0.0,0.0,0.0,0.0,1.0
10,12,0.0,0.0,0.0,0.0,0.0,0.0,0.0,0.0,0.0,0.0,0.0,0.0,1.0
10,12,0.0,0.0,0.0,0.0,0.0,0.0,0.0,0.0,0.0,0.0,0.0,0.0,1.0
10,12,0.0,0.0,0.0,0.0,0.0,0.0,0.0,0.0,0.0,0.0,0.0,0.0,1.0
10,12,0.0,0.0,0.0,0.0,0.0,0.0,0.0,0.0,0.0,0.0,0.0,0.0,1.0
10,12,0.0,0.0,0.0,0.0,0.0,0.0,0.0,0.0,0.0,0.0,0.0,0.0,1.0
10,12,0.0,0.0,0.0,0.0,0.0,0.0,0.0,0.0,0.0,0.0,0.0,0.0,1.0
10,12,0.0,0.0,0.0,0.0,0.0,0.0,0.0,0.0,0.0,0.0,0.0,0.0,1.0
10,12,0.0,0.0,0.0,0.0,0.0,0.0,0.0,0.0,0.0,0.0,0.0,0.0,1.0
10,12,0.0,0.0,0.0,0.0,0.0,0.0,0.0,0.0,0.0,0.0,0.0,0.0,1.0
10,12,0.0,0.0,0.0,0.0,0.0,0.0,0.0,0.0,0.0,0.0,0.0,0.0,1.0
10,12,0.0,0.0,0.0,0.0,0.0,0.0,0.0,0.0,0.0,0.0,0.0,0.0,1.0
10,12,0.0,0.0,0.0,0.0,0.0,0.0,0.0,0.0,0.0,0.0,0.0,0.0,1.0
10,12,0.0,0.0,0.0,0.0,0.0,0.0,0.0,0.0,0.0,0.0,0.0,0.0,1.0
10,12,0.0,0.0,0.0,0.0,0.0,0.0,0.0,0.0,0.0,0.0,0.0,0.0,1.0
10,12,0.0,0.0,0.0,0.0,0.0,0.0,0.0,0.0,0.0,0.0,0.0,0.0,1.0
10,12,0.0,0.0,0.0,0.0,0.0,0.0,0.0,0.0,0.0,0.0,0.0,0.0,1.0
10,12,0.0,0.0,0.0,0.0,0.0,0.0,0.0,0.0,0.0,0.0,0.0,0.0,1.0
10,12,0.0,0.0,0.0,0.0,0.0,0.0,0.0,0.0,0.0,0.0,0.0,0.0,1.0
10,12,0.0,0.0,0.0,0.0,0.0,0.0,0.0,0.0,0.0,0.0,0.0,0.0,1.0
10,12,0.0,0.0,0.0,0.0,0.0,0.0,0.0,0.0,0.0,0.0,0.0,0.0,1.0
10,12,0.0,0.0,0.0,0.0,0.0,0.0,0.0,0.0,0.0,0.0,0.0,0.0,1.0
10,12,0.0,0.0,0.0,0.0,0.0,0.0,0.0,0.0,0.0,0.0,0.0,0.0,1.0
10,12,0.0,0.0,0.0,0.0,0.0,0.0,0.0,0.0,0.0,0.0,0.0,0.0,1.0
10,12,0.0,0.0,0.0,0.0,0.0,0.0,0.0,0.0,0.0,0.0,0.0,0.0,1.0
10,12,0.0,0.0,0.0,0.0,0.0,0.0,0.0,0.0,0.0,0.0,0.0,0.0,1.0
10,12,0.0,0.0,0.0,0.0,0.0,0.0,0.0,0.0,0.0,0.0,0.0,0.0,1.0
10,12,0.0,0.0,0.0,0.0,0.0,0.0,0.0,0.0,0.0,0.0,0.0,0.0,1.0
10,12,0.0,0.0,0.0,0.0,0.0,0.0,0.0,0.0,0.0,0.0,0.0,0.0,1.0
10,12,0.0,0.0,0.0,0.0,0.0,0.0,0.0,0.0,0.0,0.0,0.0,0.0,1.0
10,12,0.0,0.0,0.0,0.0,0.0,0.0,0.0,0.0,0.0,0.0,0.0,0.0,1.0
10,12,0.0,0.0,0.0,0.0,0.0,0.0,0.0,0.0,0.0,0.0,0.0,0.0,1.0
10,12,0.0,0.0,0.0,0.0,0.0,0.0,0.0,0.0,0.0,0.0,0.0,0.0,1.0
10,12,0.0,0.0,0.0,0.0,0.0,0.0,0.0,0.0,0.0,0.0,0.0,0.0,1.0
10,12,0.0,0.0,0.0,0.0,0.0,0.0,0.0,0.0,0.0,0.0,0.0,0.0,1.0
10,12,0.0,0.0,0.0,0.0,0.0,0.0,0.0,0.0,0.0,0.0,0.0,0.0,1.0
10,12,0.0,0.0,0.0,0.0,0.0,0.0,0.0,0.0,0.0,0.0,0.0,0.0,1.0
10,12,0.0,0.0,0.0,0.0,0.0,0.0,0.0,0.0,0.0,0.0,0.0,0.0,1.0
10,12,0.0,0.0,0.0,0.0,0.0,0.0,0.0,0.0,0.0,0.0,0.0,0.0,1.0
10,12,0.0,0.0,0.0,0.0,0.0,0.0,0.0,0.0,0.0,0.0,0.0,0.0,1.0
10,12,0.0,0.0,0.0,0.0,0.0,0.0,0.0,0.0,0.0,0.0,0.0,0.0,1.0
10,12,0.0,0.0,0.0,0.0,0.0,0.0,0.0,0.0,0.0,0.0,0.0,0.0,1.0
10,12,0.0,0.0,0.0,0.0,0.0,0.0,0.0,0.0,0.0,0.0,0.0,0.0,1.0
10,12,0.0,0.0,0.0,0.0,0.0,0.0,0.0,0.0,0.0,0.0,0.0,0.0,1.0
10,12,0.0,0.0,0.0,0.0,0.0,0.0,0.0,0.0,0.0,0.0,0.0,0.0,1.0
10,12,0.0,0.0,0.0,0.0,0.0,0.0,0.0,0.0,0.0,0.0,0.0,0.0,1.0
10,12,0.0,0.0,0.0,0.0,0.0,0.0,0.0,0.0,0.0,0.0,0.0,0.0,1.0
10,12,0.0,0.0,0.0,0.0,0.0,0.0,0.0,0.0,0.0,0.0,0.0,0.0,1.0
10,12,0.0,0.0,0.0,0.0,0.0,0.0,0.0,0.0,0.0,0.0,0.0,0.0,1.0
10,12,0.0,0.0,0.0,0.0,0.0,0.0,0.0,0.0,0.0,0.0,0.0,0.0,1.0
10,12,0.0,0.0,0.0,0.0,0.0,0.0,0.0,0.0,0.0,0.0,0.0,0.0,1.0
10,12,0.0,0.0,0.0,0.0,0.0,0.0,0.0,0.0,0.0,0.0,0.0,0.0,1.0
10,12,0.0,0.0,0.0,0.0,0.0,0.0,0.0,0.0,0.0,0.0,0.0,0.0,1.0
10,12,0.0,0.0,0.0,0.0,0.0,0.0,0.0,0.0,0.0,0.0,0.0,0.0,1.0
10,12,0.0,0.0,0.0,0.0,0.0,0.0,0.0,0.0,0.0,0.0,0.0,0.0,1.0
10,12,0.0,0.0,0.0,0.0,0.0,0.0,0.0,0.0,0.0,0.0,0.0,0.0,1.0
10,12,0.0,0.0,0.0,0.0,0.0,0.0,0.0,0.0,0.0,0.0,0.0,0.0,1.0
10,12,0.0,0.0,0.0,0.0,0.0,0.0,0.0,0.0,0.0,0.0,0.0,0.0,1.0
10,12,0.0,0.0,0.0,0.0,0.0,0.0,0.0,0.0,0.0,0.0,0.0,0.0,1.0
10,12,0.0,0.0,0.0,0.0,0.0,0.0,0.0,0.0,0.0,0.0,0.0,0.0,1.0
10,12,0.0,0.0,0.0,0.0,0.0,0.0,0.0,0.0,0.0,0.0,0.0,0.0,1.0
10,12,0.0,0.0,0.0,0.0,0.0,0.0,0.0,0.0,0.0,0.0,0.0,0.0,1.0
10,12,0.0,0.0,0.0,0.0,0.0,0.0,0.0,0.0,0.0,0.0,0.0,0.0,1.0
10,12,0.0,0.0,0.0,0.0,0.0,0.0,0.0,0.0,0.0,0.0,0.0,0.0,1.0
10,12,0.0,0.0,0.0,0.0,0.0,0.0,0.0,0.0,0.0,0.0,0.0,0.0,1.0
10,12,0.0,0.0,0.0,0.0,0.0,0.0,0.0,0.0,0.0,0.0,0.0,0.0,1.0
10,12,0.0,0.0,0.0,0.0,0.0,0.0,0.0,0.0,0.0,0.0,0.0,0.0,1.0
10,12,0.0,0.0,0.0,0.0,0.0,0.0,0.0,0.0,0.0,0.0,0.0,0.0,1.0
10,12,0.0,0.0,0.0,0.0,0.0,0.0,0.0,0.0,0.0,0.0,0.0,0.0,1.0
10,12,0.0,0.0,0.0,0.0,0.0,0.0,0.0,0.0,0.0,0.0,0.0,0.0,1.0
10,12,0.0,0.0,0.0,0.0,0.0,0.0,0.0,0.0,0.0,0.0,0.0,0.0,1.0
10,12,0.0,0.0,0.0,0.0,0.0,0.0,0.0,0.0,0.0,0.0,0.0,0.0,1.0
10,12,0.0,0.0,0.0,0.0,0.0,0.0,0.0,0.0,0.0,0.0,0.0,0.0,1.0
10,12,0.0,0.0,0.0,0.0,0.0,0.0,0.0,0.0,0.0,0.0,0.0,0.0,1.0
10,12,0.0,0.0,0.0,0.0,0.0,0.0,0.0,0.0,0.0,0.0,0.0,0.0,1.0
10,12,0.0,0.0,0.0,0.0,0.0,0.0,0.0,0.0,0.0,0.0,0.0,0.0,1.0
10,12,0.0,0.0,0.0,0.0,0.0,0.0,0.0,0.0,0.0,0.0,0.0,0.0,1.0
10,12,0.0,0.0,0.0,0.0,0.0,0.0,0.0,0.0,0.0,0.0,0.0,0.0,1.0
10,12,0.0,0.0,0.0,0.0,0.0,0.0,0.0,0.0,0.0,0.0,0.0,0.0,1.0
10,12,0.0,0.0,0.0,0.0,0.0,0.0,0.0,0.0,0.0,0.0,0.0,0.0,1.0
10,12,0.0,0.0,0.0,0.0,0.0,0.0,0.0,0.0,0.0,0.0,0.0,0.0,1.0
10,12,0.0,0.0,0.0,0.0,0.0,0.0,0.0,0.0,0.0,0.0,0.0,0.0,1.0
10,12,0.0,0.0,0.0,0.0,0.0,0.0,0.0,0.0,0.0,0.0,0.0,0.0,1.0
10,12,0.0,0.0,0.0,0.0,0.0,0.0,0.0,0.0,0.0,0.0,0.0,0.0,1.0
10,12,0.0,0.0,0.0,0.0,0.0,0.0,0.0,0.0,0.0,0.0,0.0,0.0,1.0
10,12,0.0,0.0,0.0,0.0,0.0,0.0,0.0,0.0,0.0,0.0,0.0,0.0,1.0
10,12,0.0,0.0,0.0,0.0,0.0,0.0,0.0,0.0,0.0,0.0,0.0,0.0,1.0
10,12,0.0,0.0,0.0,0.0,0.0,0.0,0.0,0.0,0.0,0.0,0.0,0.0,1.0
10,12,0.0,0.0,0.0,0.0,0.0,0.0,0.0,0.0,0.0,0.0,0.0,0.0,1.0
10,12,0.0,0.0,0.0,0.0,0.0,0.0,0.0,0.0,0.0,0.0,0.0,0.0,1.0
10,12,0.0,0.0,0.0,0.0,0.0,0.0,0.0,0.0,0.0,0.0,0.0,0.0,1.0
10,12,0.0,0.0,0.0,0.0,0.0,0.0,0.0,0.0,0.0,0.0,0.0,0.0,1.0
10,12,0.0,0.0,0.0,0.0,0.0,0.0,0.0,0.0,0.0,0.0,0.0,0.0,1.0
10,12,0.0,0.0,0.0,0.0,0.0,0.0,0.0,0.0,0.0,0.0,0.0,0.0,1.0
10,12,0.0,0.0,0.0,0.0,0.0,0.0,0.0,0.0,0.0,0.0,0.0,0.0,1.0
10,12,0.0,0.0,0.0,0.0,0.0,0.0,0.0,0.0,0.0,0.0,0.0,0.0,1.0
10,12,0.0,0.0,0.0,0.0,0.0,0.0,0.0,0.0,0.0,0.0,0.0,0.0,1.0
10,12,0.0,0.0,0.0,0.0,0.0,0.0,0.0,0.0,0.0,0.0,0.0,0.0,1.0
10,12,0.0,0.0,0.0,0.0,0.0,0.0,0.0,0.0,0.0,0.0,0.0,0.0,1.0
10,12,0.0,0.0,0.0,0.0,0.0,0.0,0.0,0.0,0.0,0.0,0.0,0.0,1.0
10,12,0.0,0.0,0.0,0.0,0.0,0.0,0.0,0.0,0.0,0.0,0.0,0.0,1.0
10,12,0.0,0.0,0.0,0.0,0.0,0.0,0.0,0.0,0.0,0.0,0.0,0.0,1.0
10,12,0.0,0.0,0.0,0.0,0.0,0.0,0.0,0.0,0.0,0.0,0.0,0.0,1.0
10,12,0.0,0.0,0.0,0.0,0.0,0.0,0.0,0.0,0.0,0.0,0.0,0.0,1.0
10,12,0.0,0.0,0.0,0.0,0.0,0.0,0.0,0.0,0.0,0.0,0.0,0.0,1.0
10,12,0.0,0.0,0.0,0.0,0.0,0.0,0.0,0.0,0.0,0.0,0.0,0.0,1.0
10,12,0.0,0.0,0.0,0.0,0.0,0.0,0.0,0.0,0.0,0.0,0.0,0.0,1.0
10,12,0.0,0.0,0.0,0.0,0.0,0.0,0.0,0.0,0.0,0.0,0.0,0.0,1.0
10,12,0.0,0.0,0.0,0.0,0.0,0.0,0.0,0.0,0.0,0.0,0.0,0.0,1.0
10,12,0.0,0.0,0.0,0.0,0.0,0.0,0.0,0.0,0.0,0.0,0.0,0.0,1.0
10,12,0.0,0.0,0.0,0.0,0.0,0.0,0.0,0.0,0.0,0.0,0.0,0.0,1.0
10,12,0.0,0.0,0.0,0.0,0.0,0.0,0.0,0.0,0.0,0.0,0.0,0.0,1.0
10,12,0.0,0.0,0.0,0.0,0.0,0.0,0.0,0.0,0.0,0.0,0.0,0.0,1.0
10,12,0.0,0.0,0.0,0.0,0.0,0.0,0.0,0.0,0.0,0.0,0.0,0.0,1.0
10,12,0.0,0.0,0.0,0.0,0.0,0.0,0.0,0.0,0.0,0.0,0.0,0.0,1.0
10,12,0.0,0.0,0.0,0.0,0.0,0.0,0.0,0.0,0.0,0.0,0.0,0.0,1.0
10,12,0.0,0.0,0.0,0.0,0.0,0.0,0.0,0.0,0.0,0.0,0.0,0.0,1.0
10,12,0.0,0.0,0.0,0.0,0.0,0.0,0.0,0.0,0.0,0.0,0.0,0.0,1.0
10,12,0.0,0.0,0.0,0.0,0.0,0.0,0.0,0.0,0.0,0.0,0.0,0.0,1.0
10,12,0.0,0.0,0.0,0.0,0.0,0.0,0.0,0.0,0.0,0.0,0.0,0.0,1.0
10,12,0.0,0.0,0.0,0.0,0.0,0.0,0.0,0.0,0.0,0.0,0.0,0.0,1.0
10,12,0.0,0.0,0.0,0.0,0.0,0.0,0.0,0.0,0.0,0.0,0.0,0.0,1.0
10,12,0.0,0.0,0.0,0.0,0.0,0.0,0.0,0.0,0.0,0.0,0.0,0.0,1.0
10,12,0.0,0.0,0.0,0.0,0.0,0.0,0.0,0.0,0.0,0.0,0.0,0.0,1.0
10,12,0.0,0.0,0.0,0.0,0.0,0.0,0.0,0.0,0.0,0.0,0.0,0.0,1.0
10,12,0.0,0.0,0.0,0.0,0.0,0.0,0.0,0.0,0.0,0.0,0.0,0.0,1.0
10,12,0.0,0.0,0.0,0.0,0.0,0.0,0.0,0.0,0.0,0.0,0.0,0.0,1.0
10,12,0.0,0.0,0.0,0.0,0.0,0.0,0.0,0.0,0.0,0.0,0.0,0.0,1.0
10,12,0.0,0.0,0.0,0.0,0.0,0.0,0.0,0.0,0.0,0.0,0.0,0.0,1.0
10,12,0.0,0.0,0.0,0.0,0.0,0.0,0.0,0.0,0.0,0.0,0.0,0.0,1.0
10,12,0.0,0.0,0.0,0.0,0.0,0.0,0.0,0.0,0.0,0.0,0.0,0.0,1.0
10,12,0.0,0.0,0.0,0.0,0.0,0.0,0.0,0.0,0.0,0.0,0.0,0.0,1.0
10,12,0.0,0.0,0.0,0.0,0.0,0.0,0.0,0.0,0.0,0.0,0.0,0.0,1.0
10,12,0.0,0.0,0.0,0.0,0.0,0.0,0.0,0.0,0.0,0.0,0.0,0.0,1.0
10,12,0.0,0.0,0.0,0.0,0.0,0.0,0.0,0.0,0.0,0.0,0.0,0.0,1.0
10,12,0.0,0.0,0.0,0.0,0.0,0.0,0.0,0.0,0.0,0.0,0.0,0.0,1.0
10,12,0.0,0.0,0.0,0.0,0.0,0.0,0.0,0.0,0.0,0.0,0.0,0.0,1.0
10,12,0.0,0.0,0.0,0.0,0.0,0.0,0.0,0.0,0.0,0.0,0.0,0.0,1.0
10,12,0.0,0.0,0.0,0.0,0.0,0.0,0.0,0.0,0.0,0.0,0.0,0.0,1.0
10,12,0.0,0.0,0.0,0.0,0.0,0.0,0.0,0.0,0.0,0.0,0.0,0.0,1.0
10,12,0.0,0.0,0.0,0.0,0.0,0.0,0.0,0.0,0.0,0.0,0.0,0.0,1.0
10,12,0.0,0.0,0.0,0.0,0.0,0.0,0.0,0.0,0.0,0.0,0.0,0.0,1.0
10,12,0.0,0.0,0.0,0.0,0.0,0.0,0.0,0.0,0.0,0.0,0.0,0.0,1.0
10,12,0.0,0.0,0.0,0.0,0.0,0.0,0.0,0.0,0.0,0.0,0.0,0.0,1.0
10,12,0.0,0.0,0.0,0.0,0.0,0.0,0.0,0.0,0.0,0.0,0.0,0.0,1.0
10,12,0.0,0.0,0.0,0.0,0.0,0.0,0.0,0.0,0.0,0.0,0.0,0.0,1.0
10,12,0.0,0.0,0.0,0.0,0.0,0.0,0.0,0.0,0.0,0.0,0.0,0.0,1.0
10,12,0.0,0.0,0.0,0.0,0.0,0.0,0.0,0.0,0.0,0.0,0.0,0.0,1.0
10,12,0.0,0.0,0.0,0.0,0.0,0.0,0.0,0.0,0.0,0.0,0.0,0.0,1.0
10,12,0.0,0.0,0.0,0.0,0.0,0.0,0.0,0.0,0.0,0.0,0.0,0.0,1.0
10,12,0.0,0.0,0.0,0.0,0.0,0.0,0.0,0.0,0.0,0.0,0.0,0.0,1.0
10,12,0.0,0.0,0.0,0.0,0.0,0.0,0.0,0.0,0.0,0.0,0.0,0.0,1.0
10,12,0.0,0.0,0.0,0.0,0.0,0.0,0.0,0.0,0.0,0.0,0.0,0.0,1.0
10,12,0.0,0.0,0.0,0.0,0.0,0.0,0.0,0.0,0.0,0.0,0.0,0.0,1.0
10,12,0.0,0.0,0.0,0.0,0.0,0.0,0.0,0.0,0.0,0.0,0.0,0.0,1.0
10,12,0.0,0.0,0.0,0.0,0.0,0.0,0.0,0.0,0.0,0.0,0.0,0.0,1.0
10,12,0.0,0.0,0.0,0.0,0.0,0.0,0.0,0.0,0.0,0.0,0.0,0.0,1.0
10,12,0.0,0.0,0.0,0.0,0.0,0.0,0.0,0.0,0.0,0.0,0.0,0.0,1.0
10,12,0.0,0.0,0.0,0.0,0.0,0.0,0.0,0.0,0.0,0.0,0.0,0.0,1.0
10,12,0.0,0.0,0.0,0.0,0.0,0.0,0.0,0.0,0.0,0.0,0.0,0.0,1.0
10,12,0.0,0.0,0.0,0.0,0.0,0.0,0.0,0.0,0.0,0.0,0.0,0.0,1.0
10,12,0.0,0.0,0.0,0.0,0.0,0.0,0.0,0.0,0.0,0.0,0.0,0.0,1.0
10,12,0.0,0.0,0.0,0.0,0.0,0.0,0.0,0.0,0.0,0.0,0.0,0.0,1.0
10,12,0.0,0.0,0.0,0.0,0.0,0.0,0.0,0.0,0.0,0.0,0.0,0.0,1.0
10,12,0.0,0.0,0.0,0.0,0.0,0.0,0.0,0.0,0.0,0.0,0.0,0.0,1.0
10,12,0.0,0.0,0.0,0.0,0.0,0.0,0.0,0.0,0.0,0.0,0.0,0.0,1.0
10,12,0.0,0.0,0.0,0.0,0.0,0.0,0.0,0.0,0.0,0.0,0.0,0.0,1.0
10,12,0.0,0.0,0.0,0.0,0.0,0.0,0.0,0.0,0.0,0.0,0.0,0.0,1.0
10,12,0.0,0.0,0.0,0.0,0.0,0.0,0.0,0.0,0.0,0.0,0.0,0.0,1.0
10,12,0.0,0.0,0.0,0.0,0.0,0.0,0.0,0.0,0.0,0.0,0.0,0.0,1.0
10,12,0.0,0.0,0.0,0.0,0.0,0.0,0.0,0.0,0.0,0.0,0.0,0.0,1.0
10,12,0.0,0.0,0.0,0.0,0.0,0.0,0.0,0.0,0.0,0.0,0.0,0.0,1.0
10,12,0.0,0.0,0.0,0.0,0.0,0.0,0.0,0.0,0.0,0.0,0.0,0.0,1.0
10,12,0.0,0.0,0.0,0.0,0.0,0.0,0.0,0.0,0.0,0.0,0.0,0.0,1.0
10,12,0.0,0.0,0.0,0.0,0.0,0.0,0.0,0.0,0.0,0.0,0.0,0.0,1.0
10,12,0.0,0.0,0.0,0.0,0.0,0.0,0.0,0.0,0.0,0.0,0.0,0.0,1.0
10,12,0.0,0.0,0.0,0.0,0.0,0.0,0.0,0.0,0.0,0.0,0.0,0.0,1.0
10,12,0.0,0.0,0.0,0.0,0.0,0.0,0.0,0.0,0.0,0.0,0.0,0.0,1.0
10,12,0.0,0.0,0.0,0.0,0.0,0.0,0.0,0.0,0.0,0.0,0.0,0.0,1.0
10,12,0.0,0.0,0.0,0.0,0.0,0.0,0.0,0.0,0.0,0.0,0.0,0.0,1.0
10,12,0.0,0.0,0.0,0.0,0.0,0.0,0.0,0.0,0.0,0.0,0.0,0.0,1.0
10,12,0.0,0.0,0.0,0.0,0.0,0.0,0.0,0.0,0.0,0.0,0.0,0.0,1.0
10,12,0.0,0.0,0.0,0.0,0.0,0.0,0.0,0.0,0.0,0.0,0.0,0.0,1.0
10,12,0.0,0.0,0.0,0.0,0.0,0.0,0.0,0.0,0.0,0.0,0.0,0.0,1.0
10,12,0.0,0.0,0.0,0.0,0.0,0.0,0.0,0.0,0.0,0.0,0.0,0.0,1.0
10,12,0.0,0.0,0.0,0.0,0.0,0.0,0.0,0.0,0.0,0.0,0.0,0.0,1.0
10,12,0.0,0.0,0.0,0.0,0.0,0.0,0.0,0.0,0.0,0.0,0.0,0.0,1.0
10,12,0.0,0.0,0.0,0.0,0.0,0.0,0.0,0.0,0.0,0.0,0.0,0.0,1.0
10,12,0.0,0.0,0.0,0.0,0.0,0.0,0.0,0.0,0.0,0.0,0.0,0.0,1.0
10,12,0.0,0.0,0.0,0.0,0.0,0.0,0.0,0.0,0.0,0.0,0.0,0.0,1.0
10,12,0.0,0.0,0.0,0.0,0.0,0.0,0.0,0.0,0.0,0.0,0.0,0.0,1.0
10,12,0.0,0.0,0.0,0.0,0.0,0.0,0.0,0.0,0.0,0.0,0.0,0.0,1.0
10,12,0.0,0.0,0.0,0.0,0.0,0.0,0.0,0.0,0.0,0.0,0.0,0.0,1.0
10,12,0.0,0.0,0.0,0.0,0.0,0.0,0.0,0.0,0.0,0.0,0.0,0.0,1.0
10,12,0.0,0.0,0.0,0.0,0.0,0.0,0.0,0.0,0.0,0.0,0.0,0.0,1.0
10,12,0.0,0.0,0.0,0.0,0.0,0.0,0.0,0.0,0.0,0.0,0.0,0.0,1.0
10,12,0.0,0.0,0.0,0.0,0.0,0.0,0.0,0.0,0.0,0.0,0.0,0.0,1.0
10,12,0.0,0.0,0.0,0.0,0.0,0.0,0.0,0.0,0.0,0.0,0.0,0.0,1.0
10,12,0.0,0.0,0.0,0.0,0.0,0.0,0.0,0.0,0.0,0.0,0.0,0.0,1.0
10,12,0.0,0.0,0.0,0.0,0.0,0.0,0.0,0.0,0.0,0.0,0.0,0.0,1.0
10,12,0.0,0.0,0.0,0.0,0.0,0.0,0.0,0.0,0.0,0.0,0.0,0.0,1.0
10,12,0.0,0.0,0.0,0.0,0.0,0.0,0.0,0.0,0.0,0.0,0.0,0.0,1.0
10,12,0.0,0.0,0.0,0.0,0.0,0.0,0.0,0.0,0.0,0.0,0.0,0.0,1.0
10,12,0.0,0.0,0.0,0.0,0.0,0.0,0.0,0.0,0.0,0.0,0.0,0.0,1.0
10,12,0.0,0.0,0.0,0.0,0.0,0.0,0.0,0.0,0.0,0.0,0.0,0.0,1.0
10,12,0.0,0.0,0.0,0.0,0.0,0.0,0.0,0.0,0.0,0.0,0.0,0.0,1.0
10,12,0.0,0.0,0.0,0.0,0.0,0.0,0.0,0.0,0.0,0.0,0.0,0.0,1.0
10,12,0.0,0.0,0.0,0.0,0.0,0.0,0.0,0.0,0.0,0.0,0.0,0.0,1.0
10,12,0.0,0.0,0.0,0.0,0.0,0.0,0.0,0.0,0.0,0.0,0.0,0.0,1.0
10,12,0.0,0.0,0.0,0.0,0.0,0.0,0.0,0.0,0.0,0.0,0.0,0.0,1.0
10,12,0.0,0.0,0.0,0.0,0.0,0.0,0.0,0.0,0.0,0.0,0.0,0.0,1.0
10,12,0.0,0.0,0.0,0.0,0.0,0.0,0.0,0.0,0.0,0.0,0.0,0.0,1.0
10,12,0.0,0.0,0.0,0.0,0.0,0.0,0.0,0.0,0.0,0.0,0.0,0.0,1.0
10,12,0.0,0.0,0.0,0.0,0.0,0.0,0.0,0.0,0.0,0.0,0.0,0.0,1.0
10,12,0.0,0.0,0.0,0.0,0.0,0.0,0.0,0.0,0.0,0.0,0.0,0.0,1.0
10,12,0.0,0.0,0.0,0.0,0.0,0.0,0.0,0.0,0.0,0.0,0.0,0.0,1.0
10,12,0.0,0.0,0.0,0.0,0.0,0.0,0.0,0.0,0.0,0.0,0.0,0.0,1.0
10,12,0.0,0.0,0.0,0.0,0.0,0.0,0.0,0.0,0.0,0.0,0.0,0.0,1.0
10,12,0.0,0.0,0.0,0.0,0.0,0.0,0.0,0.0,0.0,0.0,0.0,0.0,1.0
10,12,0.0,0.0,0.0,0.0,0.0,0.0,0.0,0.0,0.0,0.0,0.0,0.0,1.0
10,12,0.0,0.0,0.0,0.0,0.0,0.0,0.0,0.0,0.0,0.0,0.0,0.0,1.0
10,12,0.0,0.0,0.0,0.0,0.0,0.0,0.0,0.0,0.0,0.0,0.0,0.0,1.0
10,12,0.0,0.0,0.0,0.0,0.0,0.0,0.0,0.0,0.0,0.0,0.0,0.0,1.0
10,12,0.0,0.0,0.0,0.0,0.0,0.0,0.0,0.0,0.0,0.0,0.0,0.0,1.0
10,12,0.0,0.0,0.0,0.0,0.0,0.0,0.0,0.0,0.0,0.0,0.0,0.0,1.0
10,12,0.0,0.0,0.0,0.0,0.0,0.0,0.0,0.0,0.0,0.0,0.0,0.0,1.0
10,12,0.0,0.0,0.0,0.0,0.0,0.0,0.0,0.0,0.0,0.0,0.0,0.0,1.0
10,12,0.0,0.0,0.0,0.0,0.0,0.0,0.0,0.0,0.0,0.0,0.0,0.0,1.0
10,12,0.0,0.0,0.0,0.0,0.0,0.0,0.0,0.0,0.0,0.0,0.0,0.0,1.0
10,12,0.0,0.0,0.0,0.0,0.0,0.0,0.0,0.0,0.0,0.0,0.0,0.0,1.0
10,12,0.0,0.0,0.0,0.0,0.0,0.0,0.0,0.0,0.0,0.0,0.0,0.0,1.0
10,12,0.0,0.0,0.0,0.0,0.0,0.0,0.0,0.0,0.0,0.0,0.0,0.0,1.0
10,12,0.0,0.0,0.0,0.0,0.0,0.0,0.0,0.0,0.0,0.0,0.0,0.0,1.0
10,12,0.0,0.0,0.0,0.0,0.0,0.0,0.0,0.0,0.0,0.0,0.0,0.0,1.0
10,12,0.0,0.0,0.0,0.0,0.0,0.0,0.0,0.0,0.0,0.0,0.0,0.0,1.0
10,12,0.0,0.0,0.0,0.0,0.0,0.0,0.0,0.0,0.0,0.0,0.0,0.0,1.0
10,12,0.0,0.0,0.0,0.0,0.0,0.0,0.0,0.0,0.0,0.0,0.0,0.0,1.0
10,12,0.0,0.0,0.0,0.0,0.0,0.0,0.0,0.0,0.0,0.0,0.0,0.0,1.0
10,12,0.0,0.0,0.0,0.0,0.0,0.0,0.0,0.0,0.0,0.0,0.0,0.0,1.0
10,12,0.0,0.0,0.0,0.0,0.0,0.0,0.0,0.0,0.0,0.0,0.0,0.0,1.0
10,12,0.0,0.0,0.0,0.0,0.0,0.0,0.0,0.0,0.0,0.0,0.0,0.0,1.0
10,12,0.0,0.0,0.0,0.0,0.0,0.0,0.0,0.0,0.0,0.0,0.0,0.0,1.0
10,12,0.0,0.0,0.0,0.0,0.0,0.0,0.0,0.0,0.0,0.0,0.0,0.0,1.0
10,12,0.0,0.0,0.0,0.0,0.0,0.0,0.0,0.0,0.0,0.0,0.0,0.0,1.0
10,12,0.0,0.0,0.0,0.0,0.0,0.0,0.0,0.0,0.0,0.0,0.0,0.0,1.0
10,12,0.0,0.0,0.0,0.0,0.0,0.0,0.0,0.0,0.0,0.0,0.0,0.0,1.0
10,12,0.0,0.0,0.0,0.0,0.0,0.0,0.0,0.0,0.0,0.0,0.0,0.0,1.0
10,12,0.0,0.0,0.0,0.0,0.0,0.0,0.0,0.0,0.0,0.0,0.0,0.0,1.0
10,12,0.0,0.0,0.0,0.0,0.0,0.0,0.0,0.0,0.0,0.0,0.0,0.0,1.0
10,12,0.0,0.0,0.0,0.0,0.0,0.0,0.0,0.0,0.0,0.0,0.0,0.0,1.0
10,12,0.0,0.0,0.0,0.0,0.0,0.0,0.0,0.0,0.0,0.0,0.0,0.0,1.0
10,12,0.0,0.0,0.0,0.0,0.0,0.0,0.0,0.0,0.0,0.0,0.0,0.0,1.0
10,12,0.0,0.0,0.0,0.0,0.0,0.0,0.0,0.0,0.0,0.0,0.0,0.0,1.0
10,12,0.0,0.0,0.0,0.0,0.0,0.0,0.0,0.0,0.0,0.0,0.0,0.0,1.0
10,12,0.0,0.0,0.0,0.0,0.0,0.0,0.0,0.0,0.0,0.0,0.0,0.0,1.0
10,12,0.0,0.0,0.0,0.0,0.0,0.0,0.0,0.0,0.0,0.0,0.0,0.0,1.0
10,12,0.0,0.0,0.0,0.0,0.0,0.0,0.0,0.0,0.0,0.0,0.0,0.0,1.0
10,12,0.0,0.0,0.0,0.0,0.0,0.0,0.0,0.0,0.0,0.0,0.0,0.0,1.0
10,12,0.0,0.0,0.0,0.0,0.0,0.0,0.0,0.0,0.0,0.0,0.0,0.0,1.0
10,12,0.0,0.0,0.0,0.0,0.0,0.0,0.0,0.0,0.0,0.0,0.0,0.0,1.0
10,12,0.0,0.0,0.0,0.0,0.0,0.0,0.0,0.0,0.0,0.0,0.0,0.0,1.0
10,12,0.0,0.0,0.0,0.0,0.0,0.0,0.0,0.0,0.0,0.0,0.0,0.0,1.0
10,12,0.0,0.0,0.0,0.0,0.0,0.0,0.0,0.0,0.0,0.0,0.0,0.0,1.0
10,12,0.0,0.0,0.0,0.0,0.0,0.0,0.0,0.0,0.0,0.0,0.0,0.0,1.0
10,12,0.0,0.0,0.0,0.0,0.0,0.0,0.0,0.0,0.0,0.0,0.0,0.0,1.0
10,12,0.0,0.0,0.0,0.0,0.0,0.0,0.0,0.0,0.0,0.0,0.0,0.0,1.0
10,12,0.0,0.0,0.0,0.0,0.0,0.0,0.0,0.0,0.0,0.0,0.0,0.0,1.0
10,12,0.0,0.0,0.0,0.0,0.0,0.0,0.0,0.0,0.0,0.0,0.0,0.0,1.0
10,12,0.0,0.0,0.0,0.0,0.0,0.0,0.0,0.0,0.0,0.0,0.0,0.0,1.0
10,12,0.0,0.0,0.0,0.0,0.0,0.0,0.0,0.0,0.0,0.0,0.0,0.0,1.0
10,12,0.0,0.0,0.0,0.0,0.0,0.0,0.0,0.0,0.0,0.0,0.0,0.0,1.0
10,12,0.0,0.0,0.0,0.0,0.0,0.0,0.0,0.0,0.0,0.0,0.0,0.0,1.0
10,12,0.0,0.0,0.0,0.0,0.0,0.0,0.0,0.0,0.0,0.0,0.0,0.0,1.0
10,12,0.0,0.0,0.0,0.0,0.0,0.0,0.0,0.0,0.0,0.0,0.0,0.0,1.0
10,12,0.0,0.0,0.0,0.0,0.0,0.0,0.0,0.0,0.0,0.0,0.0,0.0,1.0
10,12,0.0,0.0,0.0,0.0,0.0,0.0,0.0,0.0,0.0,0.0,0.0,0.0,1.0
10,12,0.0,0.0,0.0,0.0,0.0,0.0,0.0,0.0,0.0,0.0,0.0,0.0,1.0
10,12,0.0,0.0,0.0,0.0,0.0,0.0,0.0,0.0,0.0,0.0,0.0,0.0,1.0
10,12,0.0,0.0,0.0,0.0,0.0,0.0,0.0,0.0,0.0,0.0,0.0,0.0,1.0
10,12,0.0,0.0,0.0,0.0,0.0,0.0,0.0,0.0,0.0,0.0,0.0,0.0,1.0
10,12,0.0,0.0,0.0,0.0,0.0,0.0,0.0,0.0,0.0,0.0,0.0,0.0,1.0
10,12,0.0,0.0,0.0,0.0,0.0,0.0,0.0,0.0,0.0,0.0,0.0,0.0,1.0
10,12,0.0,0.0,0.0,0.0,0.0,0.0,0.0,0.0,0.0,0.0,0.0,0.0,1.0
10,12,0.0,0.0,0.0,0.0,0.0,0.0,0.0,0.0,0.0,0.0,0.0,0.0,1.0
10,12,0.0,0.0,0.0,0.0,0.0,0.0,0.0,0.0,0.0,0.0,0.0,0.0,1.0
10,12,0.0,0.0,0.0,0.0,0.0,0.0,0.0,0.0,0.0,0.0,0.0,0.0,1.0
10,12,0.0,0.0,0.0,0.0,0.0,0.0,0.0,0.0,0.0,0.0,0.0,0.0,1.0
10,12,0.0,0.0,0.0,0.0,0.0,0.0,0.0,0.0,0.0,0.0,0.0,0.0,1.0
10,12,0.0,0.0,0.0,0.0,0.0,0.0,0.0,0.0,0.0,0.0,0.0,0.0,1.0
10,12,0.0,0.0,0.0,0.0,0.0,0.0,0.0,0.0,0.0,0.0,0.0,0.0,1.0
10,12,0.0,0.0,0.0,0.0,0.0,0.0,0.0,0.0,0.0,0.0,0.0,0.0,1.0
10,12,0.0,0.0,0.0,0.0,0.0,0.0,0.0,0.0,0.0,0.0,0.0,0.0,1.0
10,12,0.0,0.0,0.0,0.0,0.0,0.0,0.0,0.0,0.0,0.0,0.0,0.0,1.0
10,12,0.0,0.0,0.0,0.0,0.0,0.0,0.0,0.0,0.0,0.0,0.0,0.0,1.0
10,12,0.0,0.0,0.0,0.0,0.0,0.0,0.0,0.0,0.0,0.0,0.0,0.0,1.0
10,12,0.0,0.0,0.0,0.0,0.0,0.0,0.0,0.0,0.0,0.0,0.0,0.0,1.0
10,12,0.0,0.0,0.0,0.0,0.0,0.0,0.0,0.0,0.0,0.0,0.0,0.0,1.0
10,12,0.0,0.0,0.0,0.0,0.0,0.0,0.0,0.0,0.0,0.0,0.0,0.0,1.0
10,12,0.0,0.0,0.0,0.0,0.0,0.0,0.0,0.0,0.0,0.0,0.0,0.0,1.0
10,12,0.0,0.0,0.0,0.0,0.0,0.0,0.0,0.0,0.0,0.0,0.0,0.0,1.0
10,12,0.0,0.0,0.0,0.0,0.0,0.0,0.0,0.0,0.0,0.0,0.0,0.0,1.0
10,12,0.0,0.0,0.0,0.0,0.0,0.0,0.0,0.0,0.0,0.0,0.0,0.0,1.0
10,12,0.0,0.0,0.0,0.0,0.0,0.0,0.0,0.0,0.0,0.0,0.0,0.0,1.0
10,12,0.0,0.0,0.0,0.0,0.0,0.0,0.0,0.0,0.0,0.0,0.0,0.0,1.0
10,12,0.0,0.0,0.0,0.0,0.0,0.0,0.0,0.0,0.0,0.0,0.0,0.0,1.0
10,12,0.0,0.0,0.0,0.0,0.0,0.0,0.0,0.0,0.0,0.0,0.0,0.0,1.0
10,12,0.0,0.0,0.0,0.0,0.0,0.0,0.0,0.0,0.0,0.0,0.0,0.0,1.0
10,12,0.0,0.0,0.0,0.0,0.0,0.0,0.0,0.0,0.0,0.0,0.0,0.0,1.0
10,12,0.0,0.0,0.0,0.0,0.0,0.0,0.0,0.0,0.0,0.0,0.0,0.0,1.0
10,12,0.0,0.0,0.0,0.0,0.0,0.0,0.0,0.0,0.0,0.0,0.0,0.0,1.0
10,12,0.0,0.0,0.0,0.0,0.0,0.0,0.0,0.0,0.0,0.0,0.0,0.0,1.0
10,12,0.0,0.0,0.0,0.0,0.0,0.0,0.0,0.0,0.0,0.0,0.0,0.0,1.0
10,12,0.0,0.0,0.0,0.0,0.0,0.0,0.0,0.0,0.0,0.0,0.0,0.0,1.0
10,12,0.0,0.0,0.0,0.0,0.0,0.0,0.0,0.0,0.0,0.0,0.0,0.0,1.0
10,12,0.0,0.0,0.0,0.0,0.0,0.0,0.0,0.0,0.0,0.0,0.0,0.0,1.0
10,12,0.0,0.0,0.0,0.0,0.0,0.0,0.0,0.0,0.0,0.0,0.0,0.0,1.0
10,12,0.0,0.0,0.0,0.0,0.0,0.0,0.0,0.0,0.0,0.0,0.0,0.0,1.0
10,12,0.0,0.0,0.0,0.0,0.0,0.0,0.0,0.0,0.0,0.0,0.0,0.0,1.0
10,12,0.0,0.0,0.0,0.0,0.0,0.0,0.0,0.0,0.0,0.0,0.0,0.0,1.0
10,12,0.0,0.0,0.0,0.0,0.0,0.0,0.0,0.0,0.0,0.0,0.0,0.0,1.0
10,12,0.0,0.0,0.0,0.0,0.0,0.0,0.0,0.0,0.0,0.0,0.0,0.0,1.0
10,12,0.0,0.0,0.0,0.0,0.0,0.0,0.0,0.0,0.0,0.0,0.0,0.0,1.0
10,12,0.0,0.0,0.0,0.0,0.0,0.0,0.0,0.0,0.0,0.0,0.0,0.0,1.0
10,12,0.0,0.0,0.0,0.0,0.0,0.0,0.0,0.0,0.0,0.0,0.0,0.0,1.0
10,12,0.0,0.0,0.0,0.0,0.0,0.0,0.0,0.0,0.0,0.0,0.0,0.0,1.0
10,12,0.0,0.0,0.0,0.0,0.0,0.0,0.0,0.0,0.0,0.0,0.0,0.0,1.0
10,12,0.0,0.0,0.0,0.0,0.0,0.0,0.0,0.0,0.0,0.0,0.0,0.0,1.0
10,12,0.0,0.0,0.0,0.0,0.0,0.0,0.0,0.0,0.0,0.0,0.0,0.0,1.0
10,12,0.0,0.0,0.0,0.0,0.0,0.0,0.0,0.0,0.0,0.0,0.0,0.0,1.0
10,12,0.0,0.0,0.0,0.0,0.0,0.0,0.0,0.0,0.0,0.0,0.0,0.0,1.0
10,12,0.0,0.0,0.0,0.0,0.0,0.0,0.0,0.0,0.0,0.0,0.0,0.0,1.0
10,12,0.0,0.0,0.0,0.0,0.0,0.0,0.0,0.0,0.0,0.0,0.0,0.0,1.0
10,12,0.0,0.0,0.0,0.0,0.0,0.0,0.0,0.0,0.0,0.0,0.0,0.0,1.0
10,12,0.0,0.0,0.0,0.0,0.0,0.0,0.0,0.0,0.0,0.0,0.0,0.0,1.0
10,12,0.0,0.0,0.0,0.0,0.0,0.0,0.0,0.0,0.0,0.0,0.0,0.0,1.0
10,12,0.0,0.0,0.0,0.0,0.0,0.0,0.0,0.0,0.0,0.0,0.0,0.0,1.0
10,12,0.0,0.0,0.0,0.0,0.0,0.0,0.0,0.0,0.0,0.0,0.0,0.0,1.0
10,12,0.0,0.0,0.0,0.0,0.0,0.0,0.0,0.0,0.0,0.0,0.0,0.0,1.0
10,12,0.0,0.0,0.0,0.0,0.0,0.0,0.0,0.0,0.0,0.0,0.0,0.0,1.0
10,12,0.0,0.0,0.0,0.0,0.0,0.0,0.0,0.0,0.0,0.0,0.0,0.0,1.0
10,12,0.0,0.0,0.0,0.0,0.0,0.0,0.0,0.0,0.0,0.0,0.0,0.0,1.0
10,12,0.0,0.0,0.0,0.0,0.0,0.0,0.0,0.0,0.0,0.0,0.0,0.0,1.0
10,12,0.0,0.0,0.0,0.0,0.0,0.0,0.0,0.0,0.0,0.0,0.0,0.0,1.0
10,12,0.0,0.0,0.0,0.0,0.0,0.0,0.0,0.0,0.0,0.0,0.0,0.0,1.0
10,12,0.0,0.0,0.0,0.0,0.0,0.0,0.0,0.0,0.0,0.0,0.0,0.0,1.0
10,12,0.0,0.0,0.0,0.0,0.0,0.0,0.0,0.0,0.0,0.0,0.0,0.0,1.0
10,12,0.0,0.0,0.0,0.0,0.0,0.0,0.0,0.0,0.0,0.0,0.0,0.0,1.0
10,12,0.0,0.0,0.0,0.0,0.0,0.0,0.0,0.0,0.0,0.0,0.0,0.0,1.0
10,12,0.0,0.0,0.0,0.0,0.0,0.0,0.0,0.0,0.0,0.0,0.0,0.0,1.0
10,12,0.0,0.0,0.0,0.0,0.0,0.0,0.0,0.0,0.0,0.0,0.0,0.0,1.0
10,12,0.0,0.0,0.0,0.0,0.0,0.0,0.0,0.0,0.0,0.0,0.0,0.0,1.0
10,12,0.0,0.0,0.0,0.0,0.0,0.0,0.0,0.0,0.0,0.0,0.0,0.0,1.0
10,12,0.0,0.0,0.0,0.0,0.0,0.0,0.0,0.0,0.0,0.0,0.0,0.0,1.0
10,12,0.0,0.0,0.0,0.0,0.0,0.0,0.0,0.0,0.0,0.0,0.0,0.0,1.0
10,12,0.0,0.0,0.0,0.0,0.0,0.0,0.0,0.0,0.0,0.0,0.0,0.0,1.0
10,12,0.0,0.0,0.0,0.0,0.0,0.0,0.0,0.0,0.0,0.0,0.0,0.0,1.0
10,12,0.0,0.0,0.0,0.0,0.0,0.0,0.0,0.0,0.0,0.0,0.0,0.0,1.0
10,12,0.0,0.0,0.0,0.0,0.0,0.0,0.0,0.0,0.0,0.0,0.0,0.0,1.0
10,12,0.0,0.0,0.0,0.0,0.0,0.0,0.0,0.0,0.0,0.0,0.0,0.0,1.0
10,12,0.0,0.0,0.0,0.0,0.0,0.0,0.0,0.0,0.0,0.0,0.0,0.0,1.0
10,12,0.0,0.0,0.0,0.0,0.0,0.0,0.0,0.0,0.0,0.0,0.0,0.0,1.0
10,12,0.0,0.0,0.0,0.0,0.0,0.0,0.0,0.0,0.0,0.0,0.0,0.0,1.0
10,12,0.0,0.0,0.0,0.0,0.0,0.0,0.0,0.0,0.0,0.0,0.0,0.0,1.0
10,12,0.0,0.0,0.0,0.0,0.0,0.0,0.0,0.0,0.0,0.0,0.0,0.0,1.0
10,12,0.0,0.0,0.0,0.0,0.0,0.0,0.0,0.0,0.0,0.0,0.0,0.0,1.0
10,12,0.0,0.0,0.0,0.0,0.0,0.0,0.0,0.0,0.0,0.0,0.0,0.0,1.0
10,12,0.0,0.0,0.0,0.0,0.0,0.0,0.0,0.0,0.0,0.0,0.0,0.0,1.0
10,12,0.0,0.0,0.0,0.0,0.0,0.0,0.0,0.0,0.0,0.0,0.0,0.0,1.0
10,12,0.0,0.0,0.0,0.0,0.0,0.0,0.0,0.0,0.0,0.0,0.0,0.0,1.0
10,12,0.0,0.0,0.0,0.0,0.0,0.0,0.0,0.0,0.0,0.0,0.0,0.0,1.0
10,12,0.0,0.0,0.0,0.0,0.0,0.0,0.0,0.0,0.0,0.0,0.0,0.0,1.0
10,12,0.0,0.0,0.0,0.0,0.0,0.0,0.0,0.0,0.0,0.0,0.0,0.0,1.0
10,12,0.0,0.0,0.0,0.0,0.0,0.0,0.0,0.0,0.0,0.0,0.0,0.0,1.0
10,12,0.0,0.0,0.0,0.0,0.0,0.0,0.0,0.0,0.0,0.0,0.0,0.0,1.0
10,12,0.0,0.0,0.0,0.0,0.0,0.0,0.0,0.0,0.0,0.0,0.0,0.0,1.0
10,12,0.0,0.0,0.0,0.0,0.0,0.0,0.0,0.0,0.0,0.0,0.0,0.0,1.0
10,12,0.0,0.0,0.0,0.0,0.0,0.0,0.0,0.0,0.0,0.0,0.0,0.0,1.0
10,12,0.0,0.0,0.0,0.0,0.0,0.0,0.0,0.0,0.0,0.0,0.0,0.0,1.0
10,12,0.0,0.0,0.0,0.0,0.0,0.0,0.0,0.0,0.0,0.0,0.0,0.0,1.0
10,12,0.0,0.0,0.0,0.0,0.0,0.0,0.0,0.0,0.0,0.0,0.0,0.0,1.0
10,12,0.0,0.0,0.0,0.0,0.0,0.0,0.0,0.0,0.0,0.0,0.0,0.0,1.0
10,12,0.0,0.0,0.0,0.0,0.0,0.0,0.0,0.0,0.0,0.0,0.0,0.0,1.0
10,12,0.0,0.0,0.0,0.0,0.0,0.0,0.0,0.0,0.0,0.0,0.0,0.0,1.0
10,12,0.0,0.0,0.0,0.0,0.0,0.0,0.0,0.0,0.0,0.0,0.0,0.0,1.0
10,12,0.0,0.0,0.0,0.0,0.0,0.0,0.0,0.0,0.0,0.0,0.0,0.0,1.0
10,12,0.0,0.0,0.0,0.0,0.0,0.0,0.0,0.0,0.0,0.0,0.0,0.0,1.0
10,12,0.0,0.0,0.0,0.0,0.0,0.0,0.0,0.0,0.0,0.0,0.0,0.0,1.0
10,12,0.0,0.0,0.0,0.0,0.0,0.0,0.0,0.0,0.0,0.0,0.0,0.0,1.0
10,12,0.0,0.0,0.0,0.0,0.0,0.0,0.0,0.0,0.0,0.0,0.0,0.0,1.0
10,12,0.0,0.0,0.0,0.0,0.0,0.0,0.0,0.0,0.0,0.0,0.0,0.0,1.0
10,12,0.0,0.0,0.0,0.0,0.0,0.0,0.0,0.0,0.0,0.0,0.0,0.0,1.0
10,12,0.0,0.0,0.0,0.0,0.0,0.0,0.0,0.0,0.0,0.0,0.0,0.0,1.0
10,12,0.0,0.0,0.0,0.0,0.0,0.0,0.0,0.0,0.0,0.0,0.0,0.0,1.0
10,12,0.0,0.0,0.0,0.0,0.0,0.0,0.0,0.0,0.0,0.0,0.0,0.0,1.0
10,12,0.0,0.0,0.0,0.0,0.0,0.0,0.0,0.0,0.0,0.0,0.0,0.0,1.0
10,12,0.0,0.0,0.0,0.0,0.0,0.0,0.0,0.0,0.0,0.0,0.0,0.0,1.0
10,12,0.0,0.0,0.0,0.0,0.0,0.0,0.0,0.0,0.0,0.0,0.0,0.0,1.0
10,12,0.0,0.0,0.0,0.0,0.0,0.0,0.0,0.0,0.0,0.0,0.0,0.0,1.0
10,12,0.0,0.0,0.0,0.0,0.0,0.0,0.0,0.0,0.0,0.0,0.0,0.0,1.0
10,12,0.0,0.0,0.0,0.0,0.0,0.0,0.0,0.0,0.0,0.0,0.0,0.0,1.0
10,12,0.0,0.0,0.0,0.0,0.0,0.0,0.0,0.0,0.0,0.0,0.0,0.0,1.0
10,12,0.0,0.0,0.0,0.0,0.0,0.0,0.0,0.0,0.0,0.0,0.0,0.0,1.0
10,12,0.0,0.0,0.0,0.0,0.0,0.0,0.0,0.0,0.0,0.0,0.0,0.0,1.0
10,12,0.0,0.0,0.0,0.0,0.0,0.0,0.0,0.0,0.0,0.0,0.0,0.0,1.0
10,12,0.0,0.0,0.0,0.0,0.0,0.0,0.0,0.0,0.0,0.0,0.0,0.0,1.0
10,12,0.0,0.0,0.0,0.0,0.0,0.0,0.0,0.0,0.0,0.0,0.0,0.0,1.0
10,12,0.0,0.0,0.0,0.0,0.0,0.0,0.0,0.0,0.0,0.0,0.0,0.0,1.0
10,12,0.0,0.0,0.0,0.0,0.0,0.0,0.0,0.0,0.0,0.0,0.0,0.0,1.0
10,12,0.0,0.0,0.0,0.0,0.0,0.0,0.0,0.0,0.0,0.0,0.0,0.0,1.0
10,12,0.0,0.0,0.0,0.0,0.0,0.0,0.0,0.0,0.0,0.0,0.0,0.0,1.0
10,12,0.0,0.0,0.0,0.0,0.0,0.0,0.0,0.0,0.0,0.0,0.0,0.0,1.0
10,12,0.0,0.0,0.0,0.0,0.0,0.0,0.0,0.0,0.0,0.0,0.0,0.0,1.0
10,12,0.0,0.0,0.0,0.0,0.0,0.0,0.0,0.0,0.0,0.0,0.0,0.0,1.0
10,12,0.0,0.0,0.0,0.0,0.0,0.0,0.0,0.0,0.0,0.0,0.0,0.0,1.0
10,12,0.0,0.0,0.0,0.0,0.0,0.0,0.0,0.0,0.0,0.0,0.0,0.0,1.0
10,12,0.0,0.0,0.0,0.0,0.0,0.0,0.0,0.0,0.0,0.0,0.0,0.0,1.0
10,12,0.0,0.0,0.0,0.0,0.0,0.0,0.0,0.0,0.0,0.0,0.0,0.0,1.0
10,12,0.0,0.0,0.0,0.0,0.0,0.0,0.0,0.0,0.0,0.0,0.0,0.0,1.0
10,12,0.0,0.0,0.0,0.0,0.0,0.0,0.0,0.0,0.0,0.0,0.0,0.0,1.0
10,12,0.0,0.0,0.0,0.0,0.0,0.0,0.0,0.0,0.0,0.0,0.0,0.0,1.0
10,12,0.0,0.0,0.0,0.0,0.0,0.0,0.0,0.0,0.0,0.0,0.0,0.0,1.0
10,12,0.0,0.0,0.0,0.0,0.0,0.0,0.0,0.0,0.0,0.0,0.0,0.0,1.0
10,12,0.0,0.0,0.0,0.0,0.0,0.0,0.0,0.0,0.0,0.0,0.0,0.0,1.0
10,12,0.0,0.0,0.0,0.0,0.0,0.0,0.0,0.0,0.0,0.0,0.0,0.0,1.0
10,12,0.0,0.0,0.0,0.0,0.0,0.0,0.0,0.0,0.0,0.0,0.0,0.0,1.0
10,12,0.0,0.0,0.0,0.0,0.0,0.0,0.0,0.0,0.0,0.0,0.0,0.0,1.0
10,12,0.0,0.0,0.0,0.0,0.0,0.0,0.0,0.0,0.0,0.0,0.0,0.0,1.0
10,12,0.0,0.0,0.0,0.0,0.0,0.0,0.0,0.0,0.0,0.0,0.0,0.0,1.0
10,12,0.0,0.0,0.0,0.0,0.0,0.0,0.0,0.0,0.0,0.0,0.0,0.0,1.0
10,12,0.0,0.0,0.0,0.0,0.0,0.0,0.0,0.0,0.0,0.0,0.0,0.0,1.0
10,12,0.0,0.0,0.0,0.0,0.0,0.0,0.0,0.0,0.0,0.0,0.0,0.0,1.0
10,12,0.0,0.0,0.0,0.0,0.0,0.0,0.0,0.0,0.0,0.0,0.0,0.0,1.0
10,12,0.0,0.0,0.0,0.0,0.0,0.0,0.0,0.0,0.0,0.0,0.0,0.0,1.0
10,12,0.0,0.0,0.0,0.0,0.0,0.0,0.0,0.0,0.0,0.0,0.0,0.0,1.0
10,12,0.0,0.0,0.0,0.0,0.0,0.0,0.0,0.0,0.0,0.0,0.0,0.0,1.0
10,12,0.0,0.0,0.0,0.0,0.0,0.0,0.0,0.0,0.0,0.0,0.0,0.0,1.0
10,12,0.0,0.0,0.0,0.0,0.0,0.0,0.0,0.0,0.0,0.0,0.0,0.0,1.0
10,12,0.0,0.0,0.0,0.0,0.0,0.0,0.0,0.0,0.0,0.0,0.0,0.0,1.0
10,12,0.0,0.0,0.0,0.0,0.0,0.0,0.0,0.0,0.0,0.0,0.0,0.0,1.0
10,12,0.0,0.0,0.0,0.0,0.0,0.0,0.0,0.0,0.0,0.0,0.0,0.0,1.0
10,12,0.0,0.0,0.0,0.0,0.0,0.0,0.0,0.0,0.0,0.0,0.0,0.0,1.0
10,12,0.0,0.0,0.0,0.0,0.0,0.0,0.0,0.0,0.0,0.0,0.0,0.0,1.0
10,12,0.0,0.0,0.0,0.0,0.0,0.0,0.0,0.0,0.0,0.0,0.0,0.0,1.0
10,12,0.0,0.0,0.0,0.0,0.0,0.0,0.0,0.0,0.0,0.0,0.0,0.0,1.0
10,12,0.0,0.0,0.0,0.0,0.0,0.0,0.0,0.0,0.0,0.0,0.0,0.0,1.0
10,12,0.0,0.0,0.0,0.0,0.0,0.0,0.0,0.0,0.0,0.0,0.0,0.0,1.0
10,12,0.0,0.0,0.0,0.0,0.0,0.0,0.0,0.0,0.0,0.0,0.0,0.0,1.0
10,12,0.0,0.0,0.0,0.0,0.0,0.0,0.0,0.0,0.0,0.0,0.0,0.0,1.0
10,12,0.0,0.0,0.0,0.0,0.0,0.0,0.0,0.0,0.0,0.0,0.0,0.0,1.0
10,12,0.0,0.0,0.0,0.0,0.0,0.0,0.0,0.0,0.0,0.0,0.0,0.0,1.0
10,12,0.0,0.0,0.0,0.0,0.0,0.0,0.0,0.0,0.0,0.0,0.0,0.0,1.0
10,12,0.0,0.0,0.0,0.0,0.0,0.0,0.0,0.0,0.0,0.0,0.0,0.0,1.0
10,12,0.0,0.0,0.0,0.0,0.0,0.0,0.0,0.0,0.0,0.0,0.0,0.0,1.0
10,12,0.0,0.0,0.0,0.0,0.0,0.0,0.0,0.0,0.0,0.0,0.0,0.0,1.0
10,12,0.0,0.0,0.0,0.0,0.0,0.0,0.0,0.0,0.0,0.0,0.0,0.0,1.0
10,12,0.0,0.0,0.0,0.0,0.0,0.0,0.0,0.0,0.0,0.0,0.0,0.0,1.0
10,12,0.0,0.0,0.0,0.0,0.0,0.0,0.0,0.0,0.0,0.0,0.0,0.0,1.0
10,12,0.0,0.0,0.0,0.0,0.0,0.0,0.0,0.0,0.0,0.0,0.0,0.0,1.0
10,12,0.0,0.0,0.0,0.0,0.0,0.0,0.0,0.0,0.0,0.0,0.0,0.0,1.0
10,12,0.0,0.0,0.0,0.0,0.0,0.0,0.0,0.0,0.0,0.0,0.0,0.0,1.0
10,12,0.0,0.0,0.0,0.0,0.0,0.0,0.0,0.0,0.0,0.0,0.0,0.0,1.0
10,12,0.0,0.0,0.0,0.0,0.0,0.0,0.0,0.0,0.0,0.0,0.0,0.0,1.0
10,12,0.0,0.0,0.0,0.0,0.0,0.0,0.0,0.0,0.0,0.0,0.0,0.0,1.0
10,12,0.0,0.0,0.0,0.0,0.0,0.0,0.0,0.0,0.0,0.0,0.0,0.0,1.0
10,12,0.0,0.0,0.0,0.0,0.0,0.0,0.0,0.0,0.0,0.0,0.0,0.0,1.0
10,12,0.0,0.0,0.0,0.0,0.0,0.0,0.0,0.0,0.0,0.0,0.0,0.0,1.0
10,12,0.0,0.0,0.0,0.0,0.0,0.0,0.0,0.0,0.0,0.0,0.0,0.0,1.0
10,12,0.0,0.0,0.0,0.0,0.0,0.0,0.0,0.0,0.0,0.0,0.0,0.0,1.0
10,12,0.0,0.0,0.0,0.0,0.0,0.0,0.0,0.0,0.0,0.0,0.0,0.0,1.0
10,12,0.0,0.0,0.0,0.0,0.0,0.0,0.0,0.0,0.0,0.0,0.0,0.0,1.0
10,12,0.0,0.0,0.0,0.0,0.0,0.0,0.0,0.0,0.0,0.0,0.0,0.0,1.0
10,12,0.0,0.0,0.0,0.0,0.0,0.0,0.0,0.0,0.0,0.0,0.0,0.0,1.0
10,12,0.0,0.0,0.0,0.0,0.0,0.0,0.0,0.0,0.0,0.0,0.0,0.0,1.0
10,12,0.0,0.0,0.0,0.0,0.0,0.0,0.0,0.0,0.0,0.0,0.0,0.0,1.0
10,12,0.0,0.0,0.0,0.0,0.0,0.0,0.0,0.0,0.0,0.0,0.0,0.0,1.0
10,12,0.0,0.0,0.0,0.0,0.0,0.0,0.0,0.0,0.0,0.0,0.0,0.0,1.0
10,12,0.0,0.0,0.0,0.0,0.0,0.0,0.0,0.0,0.0,0.0,0.0,0.0,1.0
10,12,0.0,0.0,0.0,0.0,0.0,0.0,0.0,0.0,0.0,0.0,0.0,0.0,1.0
10,12,0.0,0.0,0.0,0.0,0.0,0.0,0.0,0.0,0.0,0.0,0.0,0.0,1.0
10,12,0.0,0.0,0.0,0.0,0.0,0.0,0.0,0.0,0.0,0.0,0.0,0.0,1.0
10,12,0.0,0.0,0.0,0.0,0.0,0.0,0.0,0.0,0.0,0.0,0.0,0.0,1.0
10,12,0.0,0.0,0.0,0.0,0.0,0.0,0.0,0.0,0.0,0.0,0.0,0.0,1.0
10,12,0.0,0.0,0.0,0.0,0.0,0.0,0.0,0.0,0.0,0.0,0.0,0.0,1.0
10,12,0.0,0.0,0.0,0.0,0.0,0.0,0.0,0.0,0.0,0.0,0.0,0.0,1.0
10,12,0.0,0.0,0.0,0.0,0.0,0.0,0.0,0.0,0.0,0.0,0.0,0.0,1.0
10,12,0.0,0.0,0.0,0.0,0.0,0.0,0.0,0.0,0.0,0.0,0.0,0.0,1.0
10,12,0.0,0.0,0.0,0.0,0.0,0.0,0.0,0.0,0.0,0.0,0.0,0.0,1.0
10,12,0.0,0.0,0.0,0.0,0.0,0.0,0.0,0.0,0.0,0.0,0.0,0.0,1.0
10,12,0.0,0.0,0.0,0.0,0.0,0.0,0.0,0.0,0.0,0.0,0.0,0.0,1.0
10,12,0.0,0.0,0.0,0.0,0.0,0.0,0.0,0.0,0.0,0.0,0.0,0.0,1.0
10,12,0.0,0.0,0.0,0.0,0.0,0.0,0.0,0.0,0.0,0.0,0.0,0.0,1.0
10,12,0.0,0.0,0.0,0.0,0.0,0.0,0.0,0.0,0.0,0.0,0.0,0.0,1.0
10,12,0.0,0.0,0.0,0.0,0.0,0.0,0.0,0.0,0.0,0.0,0.0,0.0,1.0
10,12,0.0,0.0,0.0,0.0,0.0,0.0,0.0,0.0,0.0,0.0,0.0,0.0,1.0
10,12,0.0,0.0,0.0,0.0,0.0,0.0,0.0,0.0,0.0,0.0,0.0,0.0,1.0
10,12,0.0,0.0,0.0,0.0,0.0,0.0,0.0,0.0,0.0,0.0,0.0,0.0,1.0
10,12,0.0,0.0,0.0,0.0,0.0,0.0,0.0,0.0,0.0,0.0,0.0,0.0,1.0
10,12,0.0,0.0,0.0,0.0,0.0,0.0,0.0,0.0,0.0,0.0,0.0,0.0,1.0
10,12,0.0,0.0,0.0,0.0,0.0,0.0,0.0,0.0,0.0,0.0,0.0,0.0,1.0
10,12,0.0,0.0,0.0,0.0,0.0,0.0,0.0,0.0,0.0,0.0,0.0,0.0,1.0
10,12,0.0,0.0,0.0,0.0,0.0,0.0,0.0,0.0,0.0,0.0,0.0,0.0,1.0
10,12,0.0,0.0,0.0,0.0,0.0,0.0,0.0,0.0,0.0,0.0,0.0,0.0,1.0
10,12,0.0,0.0,0.0,0.0,0.0,0.0,0.0,0.0,0.0,0.0,0.0,0.0,1.0
10,12,0.0,0.0,0.0,0.0,0.0,0.0,0.0,0.0,0.0,0.0,0.0,0.0,1.0
10,12,0.0,0.0,0.0,0.0,0.0,0.0,0.0,0.0,0.0,0.0,0.0,0.0,1.0
10,12,0.0,0.0,0.0,0.0,0.0,0.0,0.0,0.0,0.0,0.0,0.0,0.0,1.0
10,12,0.0,0.0,0.0,0.0,0.0,0.0,0.0,0.0,0.0,0.0,0.0,0.0,1.0
10,12,0.0,0.0,0.0,0.0,0.0,0.0,0.0,0.0,0.0,0.0,0.0,0.0,1.0
10,12,0.0,0.0,0.0,0.0,0.0,0.0,0.0,0.0,0.0,0.0,0.0,0.0,1.0
10,12,0.0,0.0,0.0,0.0,0.0,0.0,0.0,0.0,0.0,0.0,0.0,0.0,1.0
10,12,0.0,0.0,0.0,0.0,0.0,0.0,0.0,0.0,0.0,0.0,0.0,0.0,1.0
10,12,0.0,0.0,0.0,0.0,0.0,0.0,0.0,0.0,0.0,0.0,0.0,0.0,1.0
10,12,0.0,0.0,0.0,0.0,0.0,0.0,0.0,0.0,0.0,0.0,0.0,0.0,1.0
10,12,0.0,0.0,0.0,0.0,0.0,0.0,0.0,0.0,0.0,0.0,0.0,0.0,1.0
10,12,0.0,0.0,0.0,0.0,0.0,0.0,0.0,0.0,0.0,0.0,0.0,0.0,1.0
10,12,0.0,0.0,0.0,0.0,0.0,0.0,0.0,0.0,0.0,0.0,0.0,0.0,1.0
10,12,0.0,0.0,0.0,0.0,0.0,0.0,0.0,0.0,0.0,0.0,0.0,0.0,1.0
10,12,0.0,0.0,0.0,0.0,0.0,0.0,0.0,0.0,0.0,0.0,0.0,0.0,1.0
10,12,0.0,0.0,0.0,0.0,0.0,0.0,0.0,0.0,0.0,0.0,0.0,0.0,1.0
10,12,0.0,0.0,0.0,0.0,0.0,0.0,0.0,0.0,0.0,0.0,0.0,0.0,1.0
10,12,0.0,0.0,0.0,0.0,0.0,0.0,0.0,0.0,0.0,0.0,0.0,0.0,1.0
10,12,0.0,0.0,0.0,0.0,0.0,0.0,0.0,0.0,0.0,0.0,0.0,0.0,1.0
10,12,0.0,0.0,0.0,0.0,0.0,0.0,0.0,0.0,0.0,0.0,0.0,0.0,1.0
10,12,0.0,0.0,0.0,0.0,0.0,0.0,0.0,0.0,0.0,0.0,0.0,0.0,1.0
10,12,0.0,0.0,0.0,0.0,0.0,0.0,0.0,0.0,0.0,0.0,0.0,0.0,1.0
10,12,0.0,0.0,0.0,0.0,0.0,0.0,0.0,0.0,0.0,0.0,0.0,0.0,1.0
10,12,0.0,0.0,0.0,0.0,0.0,0.0,0.0,0.0,0.0,0.0,0.0,0.0,1.0
10,12,0.0,0.0,0.0,0.0,0.0,0.0,0.0,0.0,0.0,0.0,0.0,0.0,1.0
10,12,0.0,0.0,0.0,0.0,0.0,0.0,0.0,0.0,0.0,0.0,0.0,0.0,1.0
10,12,0.0,0.0,0.0,0.0,0.0,0.0,0.0,0.0,0.0,0.0,0.0,0.0,1.0
10,12,0.0,0.0,0.0,0.0,0.0,0.0,0.0,0.0,0.0,0.0,0.0,0.0,1.0
10,12,0.0,0.0,0.0,0.0,0.0,0.0,0.0,0.0,0.0,0.0,0.0,0.0,1.0
10,12,0.0,0.0,0.0,0.0,0.0,0.0,0.0,0.0,0.0,0.0,0.0,0.0,1.0
10,12,0.0,0.0,0.0,0.0,0.0,0.0,0.0,0.0,0.0,0.0,0.0,0.0,1.0
10,12,0.0,0.0,0.0,0.0,0.0,0.0,0.0,0.0,0.0,0.0,0.0,0.0,1.0
10,12,0.0,0.0,0.0,0.0,0.0,0.0,0.0,0.0,0.0,0.0,0.0,0.0,1.0
10,12,0.0,0.0,0.0,0.0,0.0,0.0,0.0,0.0,0.0,0.0,0.0,0.0,1.0
10,12,0.0,0.0,0.0,0.0,0.0,0.0,0.0,0.0,0.0,0.0,0.0,0.0,1.0
10,12,0.0,0.0,0.0,0.0,0.0,0.0,0.0,0.0,0.0,0.0,0.0,0.0,1.0
10,12,0.0,0.0,0.0,0.0,0.0,0.0,0.0,0.0,0.0,0.0,0.0,0.0,1.0
10,12,0.0,0.0,0.0,0.0,0.0,0.0,0.0,0.0,0.0,0.0,0.0,0.0,1.0
10,12,0.0,0.0,0.0,0.0,0.0,0.0,0.0,0.0,0.0,0.0,0.0,0.0,1.0
10,12,0.0,0.0,0.0,0.0,0.0,0.0,0.0,0.0,0.0,0.0,0.0,0.0,1.0
10,12,0.0,0.0,0.0,0.0,0.0,0.0,0.0,0.0,0.0,0.0,0.0,0.0,1.0
10,12,0.0,0.0,0.0,0.0,0.0,0.0,0.0,0.0,0.0,0.0,0.0,0.0,1.0
10,12,0.0,0.0,0.0,0.0,0.0,0.0,0.0,0.0,0.0,0.0,0.0,0.0,1.0
10,12,0.0,0.0,0.0,0.0,0.0,0.0,0.0,0.0,0.0,0.0,0.0,0.0,1.0
10,12,0.0,0.0,0.0,0.0,0.0,0.0,0.0,0.0,0.0,0.0,0.0,0.0,1.0
10,12,0.0,0.0,0.0,0.0,0.0,0.0,0.0,0.0,0.0,0.0,0.0,0.0,1.0
10,12,0.0,0.0,0.0,0.0,0.0,0.0,0.0,0.0,0.0,0.0,0.0,0.0,1.0
10,12,0.0,0.0,0.0,0.0,0.0,0.0,0.0,0.0,0.0,0.0,0.0,0.0,1.0
10,12,0.0,0.0,0.0,0.0,0.0,0.0,0.0,0.0,0.0,0.0,0.0,0.0,1.0
10,12,0.0,0.0,0.0,0.0,0.0,0.0,0.0,0.0,0.0,0.0,0.0,0.0,1.0
10,12,0.0,0.0,0.0,0.0,0.0,0.0,0.0,0.0,0.0,0.0,0.0,0.0,1.0
10,12,0.0,0.0,0.0,0.0,0.0,0.0,0.0,0.0,0.0,0.0,0.0,0.0,1.0
10,12,0.0,0.0,0.0,0.0,0.0,0.0,0.0,0.0,0.0,0.0,0.0,0.0,1.0
10,12,0.0,0.0,0.0,0.0,0.0,0.0,0.0,0.0,0.0,0.0,0.0,0.0,1.0
10,12,0.0,0.0,0.0,0.0,0.0,0.0,0.0,0.0,0.0,0.0,0.0,0.0,1.0
10,12,0.0,0.0,0.0,0.0,0.0,0.0,0.0,0.0,0.0,0.0,0.0,0.0,1.0
10,12,0.0,0.0,0.0,0.0,0.0,0.0,0.0,0.0,0.0,0.0,0.0,0.0,1.0
10,12,0.0,0.0,0.0,0.0,0.0,0.0,0.0,0.0,0.0,0.0,0.0,0.0,1.0
10,12,0.0,0.0,0.0,0.0,0.0,0.0,0.0,0.0,0.0,0.0,0.0,0.0,1.0
10,12,0.0,0.0,0.0,0.0,0.0,0.0,0.0,0.0,0.0,0.0,0.0,0.0,1.0
10,12,0.0,0.0,0.0,0.0,0.0,0.0,0.0,0.0,0.0,0.0,0.0,0.0,1.0
10,12,0.0,0.0,0.0,0.0,0.0,0.0,0.0,0.0,0.0,0.0,0.0,0.0,1.0
10,12,0.0,0.0,0.0,0.0,0.0,0.0,0.0,0.0,0.0,0.0,0.0,0.0,1.0
10,12,0.0,0.0,0.0,0.0,0.0,0.0,0.0,0.0,0.0,0.0,0.0,0.0,1.0
10,12,0.0,0.0,0.0,0.0,0.0,0.0,0.0,0.0,0.0,0.0,0.0,0.0,1.0
10,12,0.0,0.0,0.0,0.0,0.0,0.0,0.0,0.0,0.0,0.0,0.0,0.0,1.0
10,12,0.0,0.0,0.0,0.0,0.0,0.0,0.0,0.0,0.0,0.0,0.0,0.0,1.0
10,12,0.0,0.0,0.0,0.0,0.0,0.0,0.0,0.0,0.0,0.0,0.0,0.0,1.0
10,12,0.0,0.0,0.0,0.0,0.0,0.0,0.0,0.0,0.0,0.0,0.0,0.0,1.0
10,12,0.0,0.0,0.0,0.0,0.0,0.0,0.0,0.0,0.0,0.0,0.0,0.0,1.0
10,12,0.0,0.0,0.0,0.0,0.0,0.0,0.0,0.0,0.0,0.0,0.0,0.0,1.0
10,12,0.0,0.0,0.0,0.0,0.0,0.0,0.0,0.0,0.0,0.0,0.0,0.0,1.0
10,12,0.0,0.0,0.0,0.0,0.0,0.0,0.0,0.0,0.0,0.0,0.0,0.0,1.0
10,12,0.0,0.0,0.0,0.0,0.0,0.0,0.0,0.0,0.0,0.0,0.0,0.0,1.0
10,12,0.0,0.0,0.0,0.0,0.0,0.0,0.0,0.0,0.0,0.0,0.0,0.0,1.0
10,12,0.0,0.0,0.0,0.0,0.0,0.0,0.0,0.0,0.0,0.0,0.0,0.0,1.0
10,12,0.0,0.0,0.0,0.0,0.0,0.0,0.0,0.0,0.0,0.0,0.0,0.0,1.0
10,12,0.0,0.0,0.0,0.0,0.0,0.0,0.0,0.0,0.0,0.0,0.0,0.0,1.0
10,12,0.0,0.0,0.0,0.0,0.0,0.0,0.0,0.0,0.0,0.0,0.0,0.0,1.0
10,12,0.0,0.0,0.0,0.0,0.0,0.0,0.0,0.0,0.0,0.0,0.0,0.0,1.0
10,12,0.0,0.0,0.0,0.0,0.0,0.0,0.0,0.0,0.0,0.0,0.0,0.0,1.0
10,12,0.0,0.0,0.0,0.0,0.0,0.0,0.0,0.0,0.0,0.0,0.0,0.0,1.0
10,12,0.0,0.0,0.0,0.0,0.0,0.0,0.0,0.0,0.0,0.0,0.0,0.0,1.0
10,12,0.0,0.0,0.0,0.0,0.0,0.0,0.0,0.0,0.0,0.0,0.0,0.0,1.0
10,12,0.0,0.0,0.0,0.0,0.0,0.0,0.0,0.0,0.0,0.0,0.0,0.0,1.0
10,12,0.0,0.0,0.0,0.0,0.0,0.0,0.0,0.0,0.0,0.0,0.0,0.0,1.0
10,12,0.0,0.0,0.0,0.0,0.0,0.0,0.0,0.0,0.0,0.0,0.0,0.0,1.0
10,12,0.0,0.0,0.0,0.0,0.0,0.0,0.0,0.0,0.0,0.0,0.0,0.0,1.0
10,12,0.0,0.0,0.0,0.0,0.0,0.0,0.0,0.0,0.0,0.0,0.0,0.0,1.0
10,12,0.0,0.0,0.0,0.0,0.0,0.0,0.0,0.0,0.0,0.0,0.0,0.0,1.0
10,12,0.0,0.0,0.0,0.0,0.0,0.0,0.0,0.0,0.0,0.0,0.0,0.0,1.0
10,12,0.0,0.0,0.0,0.0,0.0,0.0,0.0,0.0,0.0,0.0,0.0,0.0,1.0
10,12,0.0,0.0,0.0,0.0,0.0,0.0,0.0,0.0,0.0,0.0,0.0,0.0,1.0
10,12,0.0,0.0,0.0,0.0,0.0,0.0,0.0,0.0,0.0,0.0,0.0,0.0,1.0
10,12,0.0,0.0,0.0,0.0,0.0,0.0,0.0,0.0,0.0,0.0,0.0,0.0,1.0
10,12,0.0,0.0,0.0,0.0,0.0,0.0,0.0,0.0,0.0,0.0,0.0,0.0,1.0
10,12,0.0,0.0,0.0,0.0,0.0,0.0,0.0,0.0,0.0,0.0,0.0,0.0,1.0
10,12,0.0,0.0,0.0,0.0,0.0,0.0,0.0,0.0,0.0,0.0,0.0,0.0,1.0
10,12,0.0,0.0,0.0,0.0,0.0,0.0,0.0,0.0,0.0,0.0,0.0,0.0,1.0
10,12,0.0,0.0,0.0,0.0,0.0,0.0,0.0,0.0,0.0,0.0,0.0,0.0,1.0
10,12,0.0,0.0,0.0,0.0,0.0,0.0,0.0,0.0,0.0,0.0,0.0,0.0,1.0
10,12,0.0,0.0,0.0,0.0,0.0,0.0,0.0,0.0,0.0,0.0,0.0,0.0,1.0
10,12,0.0,0.0,0.0,0.0,0.0,0.0,0.0,0.0,0.0,0.0,0.0,0.0,1.0
10,12,0.0,0.0,0.0,0.0,0.0,0.0,0.0,0.0,0.0,0.0,0.0,0.0,1.0
10,12,0.0,0.0,0.0,0.0,0.0,0.0,0.0,0.0,0.0,0.0,0.0,0.0,1.0
10,12,0.0,0.0,0.0,0.0,0.0,0.0,0.0,0.0,0.0,0.0,0.0,0.0,1.0
10,12,0.0,0.0,0.0,0.0,0.0,0.0,0.0,0.0,0.0,0.0,0.0,0.0,1.0
10,12,0.0,0.0,0.0,0.0,0.0,0.0,0.0,0.0,0.0,0.0,0.0,0.0,1.0
10,12,0.0,0.0,0.0,0.0,0.0,0.0,0.0,0.0,0.0,0.0,0.0,0.0,1.0
10,12,0.0,0.0,0.0,0.0,0.0,0.0,0.0,0.0,0.0,0.0,0.0,0.0,1.0
10,12,0.0,0.0,0.0,0.0,0.0,0.0,0.0,0.0,0.0,0.0,0.0,0.0,1.0
10,12,0.0,0.0,0.0,0.0,0.0,0.0,0.0,0.0,0.0,0.0,0.0,0.0,1.0
10,12,0.0,0.0,0.0,0.0,0.0,0.0,0.0,0.0,0.0,0.0,0.0,0.0,1.0
10,12,0.0,0.0,0.0,0.0,0.0,0.0,0.0,0.0,0.0,0.0,0.0,0.0,1.0
10,12,0.0,0.0,0.0,0.0,0.0,0.0,0.0,0.0,0.0,0.0,0.0,0.0,1.0
10,12,0.0,0.0,0.0,0.0,0.0,0.0,0.0,0.0,0.0,0.0,0.0,0.0,1.0
10,12,0.0,0.0,0.0,0.0,0.0,0.0,0.0,0.0,0.0,0.0,0.0,0.0,1.0
10,12,0.0,0.0,0.0,0.0,0.0,0.0,0.0,0.0,0.0,0.0,0.0,0.0,1.0
10,12,0.0,0.0,0.0,0.0,0.0,0.0,0.0,0.0,0.0,0.0,0.0,0.0,1.0
10,12,0.0,0.0,0.0,0.0,0.0,0.0,0.0,0.0,0.0,0.0,0.0,0.0,1.0
10,12,0.0,0.0,0.0,0.0,0.0,0.0,0.0,0.0,0.0,0.0,0.0,0.0,1.0
10,12,0.0,0.0,0.0,0.0,0.0,0.0,0.0,0.0,0.0,0.0,0.0,0.0,1.0
10,12,0.0,0.0,0.0,0.0,0.0,0.0,0.0,0.0,0.0,0.0,0.0,0.0,1.0
10,12,0.0,0.0,0.0,0.0,0.0,0.0,0.0,0.0,0.0,0.0,0.0,0.0,1.0
10,12,0.0,0.0,0.0,0.0,0.0,0.0,0.0,0.0,0.0,0.0,0.0,0.0,1.0
10,12,0.0,0.0,0.0,0.0,0.0,0.0,0.0,0.0,0.0,0.0,0.0,0.0,1.0
10,12,0.0,0.0,0.0,0.0,0.0,0.0,0.0,0.0,0.0,0.0,0.0,0.0,1.0
10,12,0.0,0.0,0.0,0.0,0.0,0.0,0.0,0.0,0.0,0.0,0.0,0.0,1.0
10,12,0.0,0.0,0.0,0.0,0.0,0.0,0.0,0.0,0.0,0.0,0.0,0.0,1.0
10,12,0.0,0.0,0.0,0.0,0.0,0.0,0.0,0.0,0.0,0.0,0.0,0.0,1.0
10,12,0.0,0.0,0.0,0.0,0.0,0.0,0.0,0.0,0.0,0.0,0.0,0.0,1.0
10,12,0.0,0.0,0.0,0.0,0.0,0.0,0.0,0.0,0.0,0.0,0.0,0.0,1.0
10,12,0.0,0.0,0.0,0.0,0.0,0.0,0.0,0.0,0.0,0.0,0.0,0.0,1.0
10,12,0.0,0.0,0.0,0.0,0.0,0.0,0.0,0.0,0.0,0.0,0.0,0.0,1.0
10,12,0.0,0.0,0.0,0.0,0.0,0.0,0.0,0.0,0.0,0.0,0.0,0.0,1.0
10,12,0.0,0.0,0.0,0.0,0.0,0.0,0.0,0.0,0.0,0.0,0.0,0.0,1.0
10,12,0.0,0.0,0.0,0.0,0.0,0.0,0.0,0.0,0.0,0.0,0.0,0.0,1.0
10,12,0.0,0.0,0.0,0.0,0.0,0.0,0.0,0.0,0.0,0.0,0.0,0.0,1.0
10,12,0.0,0.0,0.0,0.0,0.0,0.0,0.0,0.0,0.0,0.0,0.0,0.0,1.0
10,12,0.0,0.0,0.0,0.0,0.0,0.0,0.0,0.0,0.0,0.0,0.0,0.0,1.0
10,12,0.0,0.0,0.0,0.0,0.0,0.0,0.0,0.0,0.0,0.0,0.0,0.0,1.0
10,12,0.0,0.0,0.0,0.0,0.0,0.0,0.0,0.0,0.0,0.0,0.0,0.0,1.0
10,12,0.0,0.0,0.0,0.0,0.0,0.0,0.0,0.0,0.0,0.0,0.0,0.0,1.0
10,12,0.0,0.0,0.0,0.0,0.0,0.0,0.0,0.0,0.0,0.0,0.0,0.0,1.0
10,12,0.0,0.0,0.0,0.0,0.0,0.0,0.0,0.0,0.0,0.0,0.0,0.0,1.0
10,12,0.0,0.0,0.0,0.0,0.0,0.0,0.0,0.0,0.0,0.0,0.0,0.0,1.0
10,12,0.0,0.0,0.0,0.0,0.0,0.0,0.0,0.0,0.0,0.0,0.0,0.0,1.0
10,12,0.0,0.0,0.0,0.0,0.0,0.0,0.0,0.0,0.0,0.0,0.0,0.0,1.0
10,12,0.0,0.0,0.0,0.0,0.0,0.0,0.0,0.0,0.0,0.0,0.0,0.0,1.0
10,12,0.0,0.0,0.0,0.0,0.0,0.0,0.0,0.0,0.0,0.0,0.0,0.0,1.0
10,12,0.0,0.0,0.0,0.0,0.0,0.0,0.0,0.0,0.0,0.0,0.0,0.0,1.0
10,12,0.0,0.0,0.0,0.0,0.0,0.0,0.0,0.0,0.0,0.0,0.0,0.0,1.0
10,12,0.0,0.0,0.0,0.0,0.0,0.0,0.0,0.0,0.0,0.0,0.0,0.0,1.0
10,12,0.0,0.0,0.0,0.0,0.0,0.0,0.0,0.0,0.0,0.0,0.0,0.0,1.0
10,12,0.0,0.0,0.0,0.0,0.0,0.0,0.0,0.0,0.0,0.0,0.0,0.0,1.0
10,12,0.0,0.0,0.0,0.0,0.0,0.0,0.0,0.0,0.0,0.0,0.0,0.0,1.0
10,12,0.0,0.0,0.0,0.0,0.0,0.0,0.0,0.0,0.0,0.0,0.0,0.0,1.0
10,12,0.0,0.0,0.0,0.0,0.0,0.0,0.0,0.0,0.0,0.0,0.0,0.0,1.0
10,12,0.0,0.0,0.0,0.0,0.0,0.0,0.0,0.0,0.0,0.0,0.0,0.0,1.0
10,12,0.0,0.0,0.0,0.0,0.0,0.0,0.0,0.0,0.0,0.0,0.0,0.0,1.0
10,12,0.0,0.0,0.0,0.0,0.0,0.0,0.0,0.0,0.0,0.0,0.0,0.0,1.0
10,12,0.0,0.0,0.0,0.0,0.0,0.0,0.0,0.0,0.0,0.0,0.0,0.0,1.0
10,12,0.0,0.0,0.0,0.0,0.0,0.0,0.0,0.0,0.0,0.0,0.0,0.0,1.0
10,12,0.0,0.0,0.0,0.0,0.0,0.0,0.0,0.0,0.0,0.0,0.0,0.0,1.0
10,12,0.0,0.0,0.0,0.0,0.0,0.0,0.0,0.0,0.0,0.0,0.0,0.0,1.0
10,12,0.0,0.0,0.0,0.0,0.0,0.0,0.0,0.0,0.0,0.0,0.0,0.0,1.0
10,12,0.0,0.0,0.0,0.0,0.0,0.0,0.0,0.0,0.0,0.0,0.0,0.0,1.0
10,12,0.0,0.0,0.0,0.0,0.0,0.0,0.0,0.0,0.0,0.0,0.0,0.0,1.0
10,12,0.0,0.0,0.0,0.0,0.0,0.0,0.0,0.0,0.0,0.0,0.0,0.0,1.0
10,12,0.0,0.0,0.0,0.0,0.0,0.0,0.0,0.0,0.0,0.0,0.0,0.0,1.0
10,12,0.0,0.0,0.0,0.0,0.0,0.0,0.0,0.0,0.0,0.0,0.0,0.0,1.0
10,12,0.0,0.0,0.0,0.0,0.0,0.0,0.0,0.0,0.0,0.0,0.0,0.0,1.0
10,12,0.0,0.0,0.0,0.0,0.0,0.0,0.0,0.0,0.0,0.0,0.0,0.0,1.0
10,12,0.0,0.0,0.0,0.0,0.0,0.0,0.0,0.0,0.0,0.0,0.0,0.0,1.0
10,12,0.0,0.0,0.0,0.0,0.0,0.0,0.0,0.0,0.0,0.0,0.0,0.0,1.0
10,12,0.0,0.0,0.0,0.0,0.0,0.0,0.0,0.0,0.0,0.0,0.0,0.0,1.0
10,12,0.0,0.0,0.0,0.0,0.0,0.0,0.0,0.0,0.0,0.0,0.0,0.0,1.0
10,12,0.0,0.0,0.0,0.0,0.0,0.0,0.0,0.0,0.0,0.0,0.0,0.0,1.0
10,12,0.0,0.0,0.0,0.0,0.0,0.0,0.0,0.0,0.0,0.0,0.0,0.0,1.0
10,12,0.0,0.0,0.0,0.0,0.0,0.0,0.0,0.0,0.0,0.0,0.0,0.0,1.0
10,12,0.0,0.0,0.0,0.0,0.0,0.0,0.0,0.0,0.0,0.0,0.0,0.0,1.0
10,12,0.0,0.0,0.0,0.0,0.0,0.0,0.0,0.0,0.0,0.0,0.0,0.0,1.0
10,12,0.0,0.0,0.0,0.0,0.0,0.0,0.0,0.0,0.0,0.0,0.0,0.0,1.0
10,12,0.0,0.0,0.0,0.0,0.0,0.0,0.0,0.0,0.0,0.0,0.0,0.0,1.0
10,12,0.0,0.0,0.0,0.0,0.0,0.0,0.0,0.0,0.0,0.0,0.0,0.0,1.0
10,12,0.0,0.0,0.0,0.0,0.0,0.0,0.0,0.0,0.0,0.0,0.0,0.0,1.0
10,12,0.0,0.0,0.0,0.0,0.0,0.0,0.0,0.0,0.0,0.0,0.0,0.0,1.0
10,12,0.0,0.0,0.0,0.0,0.0,0.0,0.0,0.0,0.0,0.0,0.0,0.0,1.0
10,12,0.0,0.0,0.0,0.0,0.0,0.0,0.0,0.0,0.0,0.0,0.0,0.0,1.0
10,12,0.0,0.0,0.0,0.0,0.0,0.0,0.0,0.0,0.0,0.0,0.0,0.0,1.0
10,12,0.0,0.0,0.0,0.0,0.0,0.0,0.0,0.0,0.0,0.0,0.0,0.0,1.0
10,12,0.0,0.0,0.0,0.0,0.0,0.0,0.0,0.0,0.0,0.0,0.0,0.0,1.0
10,12,0.0,0.0,0.0,0.0,0.0,0.0,0.0,0.0,0.0,0.0,0.0,0.0,1.0
10,12,0.0,0.0,0.0,0.0,0.0,0.0,0.0,0.0,0.0,0.0,0.0,0.0,1.0
10,12,0.0,0.0,0.0,0.0,0.0,0.0,0.0,0.0,0.0,0.0,0.0,0.0,1.0
10,12,0.0,0.0,0.0,0.0,0.0,0.0,0.0,0.0,0.0,0.0,0.0,0.0,1.0
10,12,0.0,0.0,0.0,0.0,0.0,0.0,0.0,0.0,0.0,0.0,0.0,0.0,1.0
10,12,0.0,0.0,0.0,0.0,0.0,0.0,0.0,0.0,0.0,0.0,0.0,0.0,1.0
10,12,0.0,0.0,0.0,0.0,0.0,0.0,0.0,0.0,0.0,0.0,0.0,0.0,1.0
10,12,0.0,0.0,0.0,0.0,0.0,0.0,0.0,0.0,0.0,0.0,0.0,0.0,1.0
10,12,0.0,0.0,0.0,0.0,0.0,0.0,0.0,0.0,0.0,0.0,0.0,0.0,1.0
10,12,0.0,0.0,0.0,0.0,0.0,0.0,0.0,0.0,0.0,0.0,0.0,0.0,1.0
10,12,0.0,0.0,0.0,0.0,0.0,0.0,0.0,0.0,0.0,0.0,0.0,0.0,1.0
10,12,0.0,0.0,0.0,0.0,0.0,0.0,0.0,0.0,0.0,0.0,0.0,0.0,1.0
10,12,0.0,0.0,0.0,0.0,0.0,0.0,0.0,0.0,0.0,0.0,0.0,0.0,1.0
10,12,0.0,0.0,0.0,0.0,0.0,0.0,0.0,0.0,0.0,0.0,0.0,0.0,1.0
10,12,0.0,0.0,0.0,0.0,0.0,0.0,0.0,0.0,0.0,0.0,0.0,0.0,1.0
10,12,0.0,0.0,0.0,0.0,0.0,0.0,0.0,0.0,0.0,0.0,0.0,0.0,1.0
10,12,0.0,0.0,0.0,0.0,0.0,0.0,0.0,0.0,0.0,0.0,0.0,0.0,1.0
10,12,0.0,0.0,0.0,0.0,0.0,0.0,0.0,0.0,0.0,0.0,0.0,0.0,1.0
10,12,0.0,0.0,0.0,0.0,0.0,0.0,0.0,0.0,0.0,0.0,0.0,0.0,1.0
10,12,0.0,0.0,0.0,0.0,0.0,0.0,0.0,0.0,0.0,0.0,0.0,0.0,1.0
10,12,0.0,0.0,0.0,0.0,0.0,0.0,0.0,0.0,0.0,0.0,0.0,0.0,1.0
10,12,0.0,0.0,0.0,0.0,0.0,0.0,0.0,0.0,0.0,0.0,0.0,0.0,1.0
10,12,0.0,0.0,0.0,0.0,0.0,0.0,0.0,0.0,0.0,0.0,0.0,0.0,1.0
10,12,0.0,0.0,0.0,0.0,0.0,0.0,0.0,0.0,0.0,0.0,0.0,0.0,1.0
10,12,0.0,0.0,0.0,0.0,0.0,0.0,0.0,0.0,0.0,0.0,0.0,0.0,1.0
10,12,0.0,0.0,0.0,0.0,0.0,0.0,0.0,0.0,0.0,0.0,0.0,0.0,1.0
10,12,0.0,0.0,0.0,0.0,0.0,0.0,0.0,0.0,0.0,0.0,0.0,0.0,1.0
10,12,0.0,0.0,0.0,0.0,0.0,0.0,0.0,0.0,0.0,0.0,0.0,0.0,1.0
10,12,0.0,0.0,0.0,0.0,0.0,0.0,0.0,0.0,0.0,0.0,0.0,0.0,1.0
10,12,0.0,0.0,0.0,0.0,0.0,0.0,0.0,0.0,0.0,0.0,0.0,0.0,1.0
10,12,0.0,0.0,0.0,0.0,0.0,0.0,0.0,0.0,0.0,0.0,0.0,0.0,1.0
10,12,0.0,0.0,0.0,0.0,0.0,0.0,0.0,0.0,0.0,0.0,0.0,0.0,1.0
10,12,0.0,0.0,0.0,0.0,0.0,0.0,0.0,0.0,0.0,0.0,0.0,0.0,1.0
10,12,0.0,0.0,0.0,0.0,0.0,0.0,0.0,0.0,0.0,0.0,0.0,0.0,1.0
10,12,0.0,0.0,0.0,0.0,0.0,0.0,0.0,0.0,0.0,0.0,0.0,0.0,1.0
10,12,0.0,0.0,0.0,0.0,0.0,0.0,0.0,0.0,0.0,0.0,0.0,0.0,1.0
10,12,0.0,0.0,0.0,0.0,0.0,0.0,0.0,0.0,0.0,0.0,0.0,0.0,1.0
10,12,0.0,0.0,0.0,0.0,0.0,0.0,0.0,0.0,0.0,0.0,0.0,0.0,1.0
10,12,0.0,0.0,0.0,0.0,0.0,0.0,0.0,0.0,0.0,0.0,0.0,0.0,1.0
10,12,0.0,0.0,0.0,0.0,0.0,0.0,0.0,0.0,0.0,0.0,0.0,0.0,1.0
10,12,0.0,0.0,0.0,0.0,0.0,0.0,0.0,0.0,0.0,0.0,0.0,0.0,1.0
10,12,0.0,0.0,0.0,0.0,0.0,0.0,0.0,0.0,0.0,0.0,0.0,0.0,1.0
10,12,0.0,0.0,0.0,0.0,0.0,0.0,0.0,0.0,0.0,0.0,0.0,0.0,1.0
10,12,0.0,0.0,0.0,0.0,0.0,0.0,0.0,0.0,0.0,0.0,0.0,0.0,1.0
10,12,0.0,0.0,0.0,0.0,0.0,0.0,0.0,0.0,0.0,0.0,0.0,0.0,1.0
10,12,0.0,0.0,0.0,0.0,0.0,0.0,0.0,0.0,0.0,0.0,0.0,0.0,1.0
10,12,0.0,0.0,0.0,0.0,0.0,0.0,0.0,0.0,0.0,0.0,0.0,0.0,1.0
10,12,0.0,0.0,0.0,0.0,0.0,0.0,0.0,0.0,0.0,0.0,0.0,0.0,1.0
10,12,0.0,0.0,0.0,0.0,0.0,0.0,0.0,0.0,0.0,0.0,0.0,0.0,1.0
10,12,0.0,0.0,0.0,0.0,0.0,0.0,0.0,0.0,0.0,0.0,0.0,0.0,1.0
10,12,0.0,0.0,0.0,0.0,0.0,0.0,0.0,0.0,0.0,0.0,0.0,0.0,1.0
10,12,0.0,0.0,0.0,0.0,0.0,0.0,0.0,0.0,0.0,0.0,0.0,0.0,1.0
10,12,0.0,0.0,0.0,0.0,0.0,0.0,0.0,0.0,0.0,0.0,0.0,0.0,1.0
10,12,0.0,0.0,0.0,0.0,0.0,0.0,0.0,0.0,0.0,0.0,0.0,0.0,1.0
10,12,0.0,0.0,0.0,0.0,0.0,0.0,0.0,0.0,0.0,0.0,0.0,0.0,1.0
10,12,0.0,0.0,0.0,0.0,0.0,0.0,0.0,0.0,0.0,0.0,0.0,0.0,1.0
10,12,0.0,0.0,0.0,0.0,0.0,0.0,0.0,0.0,0.0,0.0,0.0,0.0,1.0
10,12,0.0,0.0,0.0,0.0,0.0,0.0,0.0,0.0,0.0,0.0,0.0,0.0,1.0
10,12,0.0,0.0,0.0,0.0,0.0,0.0,0.0,0.0,0.0,0.0,0.0,0.0,1.0
10,12,0.0,0.0,0.0,0.0,0.0,0.0,0.0,0.0,0.0,0.0,0.0,0.0,1.0
10,12,0.0,0.0,0.0,0.0,0.0,0.0,0.0,0.0,0.0,0.0,0.0,0.0,1.0
10,12,0.0,0.0,0.0,0.0,0.0,0.0,0.0,0.0,0.0,0.0,0.0,0.0,1.0
10,12,0.0,0.0,0.0,0.0,0.0,0.0,0.0,0.0,0.0,0.0,0.0,0.0,1.0
10,12,0.0,0.0,0.0,0.0,0.0,0.0,0.0,0.0,0.0,0.0,0.0,0.0,1.0
10,12,0.0,0.0,0.0,0.0,0.0,0.0,0.0,0.0,0.0,0.0,0.0,0.0,1.0
10,12,0.0,0.0,0.0,0.0,0.0,0.0,0.0,0.0,0.0,0.0,0.0,0.0,1.0
10,12,0.0,0.0,0.0,0.0,0.0,0.0,0.0,0.0,0.0,0.0,0.0,0.0,1.0
10,12,0.0,0.0,0.0,0.0,0.0,0.0,0.0,0.0,0.0,0.0,0.0,0.0,1.0
10,12,0.0,0.0,0.0,0.0,0.0,0.0,0.0,0.0,0.0,0.0,0.0,0.0,1.0
10,12,0.0,0.0,0.0,0.0,0.0,0.0,0.0,0.0,0.0,0.0,0.0,0.0,1.0
10,12,0.0,0.0,0.0,0.0,0.0,0.0,0.0,0.0,0.0,0.0,0.0,0.0,1.0
10,12,0.0,0.0,0.0,0.0,0.0,0.0,0.0,0.0,0.0,0.0,0.0,0.0,1.0
10,12,0.0,0.0,0.0,0.0,0.0,0.0,0.0,0.0,0.0,0.0,0.0,0.0,1.0
10,12,0.0,0.0,0.0,0.0,0.0,0.0,0.0,0.0,0.0,0.0,0.0,0.0,1.0
10,12,0.0,0.0,0.0,0.0,0.0,0.0,0.0,0.0,0.0,0.0,0.0,0.0,1.0
10,12,0.0,0.0,0.0,0.0,0.0,0.0,0.0,0.0,0.0,0.0,0.0,0.0,1.0
10,12,0.0,0.0,0.0,0.0,0.0,0.0,0.0,0.0,0.0,0.0,0.0,0.0,1.0
10,12,0.0,0.0,0.0,0.0,0.0,0.0,0.0,0.0,0.0,0.0,0.0,0.0,1.0
10,12,0.0,0.0,0.0,0.0,0.0,0.0,0.0,0.0,0.0,0.0,0.0,0.0,1.0
10,12,0.0,0.0,0.0,0.0,0.0,0.0,0.0,0.0,0.0,0.0,0.0,0.0,1.0
10,12,0.0,0.0,0.0,0.0,0.0,0.0,0.0,0.0,0.0,0.0,0.0,0.0,1.0
10,12,0.0,0.0,0.0,0.0,0.0,0.0,0.0,0.0,0.0,0.0,0.0,0.0,1.0
10,12,0.0,0.0,0.0,0.0,0.0,0.0,0.0,0.0,0.0,0.0,0.0,0.0,1.0
10,12,0.0,0.0,0.0,0.0,0.0,0.0,0.0,0.0,0.0,0.0,0.0,0.0,1.0
10,12,0.0,0.0,0.0,0.0,0.0,0.0,0.0,0.0,0.0,0.0,0.0,0.0,1.0
10,12,0.0,0.0,0.0,0.0,0.0,0.0,0.0,0.0,0.0,0.0,0.0,0.0,1.0
10,12,0.0,0.0,0.0,0.0,0.0,0.0,0.0,0.0,0.0,0.0,0.0,0.0,1.0
10,12,0.0,0.0,0.0,0.0,0.0,0.0,0.0,0.0,0.0,0.0,0.0,0.0,1.0
10,12,0.0,0.0,0.0,0.0,0.0,0.0,0.0,0.0,0.0,0.0,0.0,0.0,1.0
10,12,0.0,0.0,0.0,0.0,0.0,0.0,0.0,0.0,0.0,0.0,0.0,0.0,1.0
10,12,0.0,0.0,0.0,0.0,0.0,0.0,0.0,0.0,0.0,0.0,0.0,0.0,1.0
10,12,0.0,0.0,0.0,0.0,0.0,0.0,0.0,0.0,0.0,0.0,0.0,0.0,1.0
10,12,0.0,0.0,0.0,0.0,0.0,0.0,0.0,0.0,0.0,0.0,0.0,0.0,1.0
10,12,0.0,0.0,0.0,0.0,0.0,0.0,0.0,0.0,0.0,0.0,0.0,0.0,1.0
10,12,0.0,0.0,0.0,0.0,0.0,0.0,0.0,0.0,0.0,0.0,0.0,0.0,1.0
10,12,0.0,0.0,0.0,0.0,0.0,0.0,0.0,0.0,0.0,0.0,0.0,0.0,1.0
10,12,0.0,0.0,0.0,0.0,0.0,0.0,0.0,0.0,0.0,0.0,0.0,0.0,1.0
10,12,0.0,0.0,0.0,0.0,0.0,0.0,0.0,0.0,0.0,0.0,0.0,0.0,1.0
10,12,0.0,0.0,0.0,0.0,0.0,0.0,0.0,0.0,0.0,0.0,0.0,0.0,1.0
10,12,0.0,0.0,0.0,0.0,0.0,0.0,0.0,0.0,0.0,0.0,0.0,0.0,1.0
10,12,0.0,0.0,0.0,0.0,0.0,0.0,0.0,0.0,0.0,0.0,0.0,0.0,1.0
10,12,0.0,0.0,0.0,0.0,0.0,0.0,0.0,0.0,0.0,0.0,0.0,0.0,1.0
10,12,0.0,0.0,0.0,0.0,0.0,0.0,0.0,0.0,0.0,0.0,0.0,0.0,1.0
10,12,0.0,0.0,0.0,0.0,0.0,0.0,0.0,0.0,0.0,0.0,0.0,0.0,1.0
10,12,0.0,0.0,0.0,0.0,0.0,0.0,0.0,0.0,0.0,0.0,0.0,0.0,1.0
10,12,0.0,0.0,0.0,0.0,0.0,0.0,0.0,0.0,0.0,0.0,0.0,0.0,1.0
10,12,0.0,0.0,0.0,0.0,0.0,0.0,0.0,0.0,0.0,0.0,0.0,0.0,1.0
10,12,0.0,0.0,0.0,0.0,0.0,0.0,0.0,0.0,0.0,0.0,0.0,0.0,1.0
10,12,0.0,0.0,0.0,0.0,0.0,0.0,0.0,0.0,0.0,0.0,0.0,0.0,1.0
10,12,0.0,0.0,0.0,0.0,0.0,0.0,0.0,0.0,0.0,0.0,0.0,0.0,1.0
10,12,0.0,0.0,0.0,0.0,0.0,0.0,0.0,0.0,0.0,0.0,0.0,0.0,1.0
10,12,0.0,0.0,0.0,0.0,0.0,0.0,0.0,0.0,0.0,0.0,0.0,0.0,1.0
10,12,0.0,0.0,0.0,0.0,0.0,0.0,0.0,0.0,0.0,0.0,0.0,0.0,1.0
10,12,0.0,0.0,0.0,0.0,0.0,0.0,0.0,0.0,0.0,0.0,0.0,0.0,1.0
10,12,0.0,0.0,0.0,0.0,0.0,0.0,0.0,0.0,0.0,0.0,0.0,0.0,1.0
10,12,0.0,0.0,0.0,0.0,0.0,0.0,0.0,0.0,0.0,0.0,0.0,0.0,1.0
10,12,0.0,0.0,0.0,0.0,0.0,0.0,0.0,0.0,0.0,0.0,0.0,0.0,1.0
10,12,0.0,0.0,0.0,0.0,0.0,0.0,0.0,0.0,0.0,0.0,0.0,0.0,1.0
10,12,0.0,0.0,0.0,0.0,0.0,0.0,0.0,0.0,0.0,0.0,0.0,0.0,1.0
10,12,0.0,0.0,0.0,0.0,0.0,0.0,0.0,0.0,0.0,0.0,0.0,0.0,1.0
10,12,0.0,0.0,0.0,0.0,0.0,0.0,0.0,0.0,0.0,0.0,0.0,0.0,1.0
10,12,0.0,0.0,0.0,0.0,0.0,0.0,0.0,0.0,0.0,0.0,0.0,0.0,1.0
10,12,0.0,0.0,0.0,0.0,0.0,0.0,0.0,0.0,0.0,0.0,0.0,0.0,1.0
10,12,0.0,0.0,0.0,0.0,0.0,0.0,0.0,0.0,0.0,0.0,0.0,0.0,1.0
10,12,0.0,0.0,0.0,0.0,0.0,0.0,0.0,0.0,0.0,0.0,0.0,0.0,1.0
10,12,0.0,0.0,0.0,0.0,0.0,0.0,0.0,0.0,0.0,0.0,0.0,0.0,1.0
10,12,0.0,0.0,0.0,0.0,0.0,0.0,0.0,0.0,0.0,0.0,0.0,0.0,1.0
10,12,0.0,0.0,0.0,0.0,0.0,0.0,0.0,0.0,0.0,0.0,0.0,0.0,1.0
10,12,0.0,0.0,0.0,0.0,0.0,0.0,0.0,0.0,0.0,0.0,0.0,0.0,1.0
10,12,0.0,0.0,0.0,0.0,0.0,0.0,0.0,0.0,0.0,0.0,0.0,0.0,1.0
10,12,0.0,0.0,0.0,0.0,0.0,0.0,0.0,0.0,0.0,0.0,0.0,0.0,1.0
10,12,0.0,0.0,0.0,0.0,0.0,0.0,0.0,0.0,0.0,0.0,0.0,0.0,1.0
10,12,0.0,0.0,0.0,0.0,0.0,0.0,0.0,0.0,0.0,0.0,0.0,0.0,1.0
10,12,0.0,0.0,0.0,0.0,0.0,0.0,0.0,0.0,0.0,0.0,0.0,0.0,1.0
10,12,0.0,0.0,0.0,0.0,0.0,0.0,0.0,0.0,0.0,0.0,0.0,0.0,1.0
10,12,0.0,0.0,0.0,0.0,0.0,0.0,0.0,0.0,0.0,0.0,0.0,0.0,1.0
10,12,0.0,0.0,0.0,0.0,0.0,0.0,0.0,0.0,0.0,0.0,0.0,0.0,1.0
10,12,0.0,0.0,0.0,0.0,0.0,0.0,0.0,0.0,0.0,0.0,0.0,0.0,1.0
10,12,0.0,0.0,0.0,0.0,0.0,0.0,0.0,0.0,0.0,0.0,0.0,0.0,1.0
10,12,0.0,0.0,0.0,0.0,0.0,0.0,0.0,0.0,0.0,0.0,0.0,0.0,1.0
10,12,0.0,0.0,0.0,0.0,0.0,0.0,0.0,0.0,0.0,0.0,0.0,0.0,1.0
10,12,0.0,0.0,0.0,0.0,0.0,0.0,0.0,0.0,0.0,0.0,0.0,0.0,1.0
10,12,0.0,0.0,0.0,0.0,0.0,0.0,0.0,0.0,0.0,0.0,0.0,0.0,1.0
10,12,0.0,0.0,0.0,0.0,0.0,0.0,0.0,0.0,0.0,0.0,0.0,0.0,1.0
10,12,0.0,0.0,0.0,0.0,0.0,0.0,0.0,0.0,0.0,0.0,0.0,0.0,1.0
10,12,0.0,0.0,0.0,0.0,0.0,0.0,0.0,0.0,0.0,0.0,0.0,0.0,1.0
10,12,0.0,0.0,0.0,0.0,0.0,0.0,0.0,0.0,0.0,0.0,0.0,0.0,1.0
10,12,0.0,0.0,0.0,0.0,0.0,0.0,0.0,0.0,0.0,0.0,0.0,0.0,1.0
10,12,0.0,0.0,0.0,0.0,0.0,0.0,0.0,0.0,0.0,0.0,0.0,0.0,1.0
10,12,0.0,0.0,0.0,0.0,0.0,0.0,0.0,0.0,0.0,0.0,0.0,0.0,1.0
10,12,0.0,0.0,0.0,0.0,0.0,0.0,0.0,0.0,0.0,0.0,0.0,0.0,1.0
10,12,0.0,0.0,0.0,0.0,0.0,0.0,0.0,0.0,0.0,0.0,0.0,0.0,1.0
10,12,0.0,0.0,0.0,0.0,0.0,0.0,0.0,0.0,0.0,0.0,0.0,0.0,1.0
10,12,0.0,0.0,0.0,0.0,0.0,0.0,0.0,0.0,0.0,0.0,0.0,0.0,1.0
10,12,0.0,0.0,0.0,0.0,0.0,0.0,0.0,0.0,0.0,0.0,0.0,0.0,1.0
10,12,0.0,0.0,0.0,0.0,0.0,0.0,0.0,0.0,0.0,0.0,0.0,0.0,1.0
10,12,0.0,0.0,0.0,0.0,0.0,0.0,0.0,0.0,0.0,0.0,0.0,0.0,1.0
10,12,0.0,0.0,0.0,0.0,0.0,0.0,0.0,0.0,0.0,0.0,0.0,0.0,1.0
10,12,0.0,0.0,0.0,0.0,0.0,0.0,0.0,0.0,0.0,0.0,0.0,0.0,1.0
10,12,0.0,0.0,0.0,0.0,0.0,0.0,0.0,0.0,0.0,0.0,0.0,0.0,1.0
10,12,0.0,0.0,0.0,0.0,0.0,0.0,0.0,0.0,0.0,0.0,0.0,0.0,1.0
10,12,0.0,0.0,0.0,0.0,0.0,0.0,0.0,0.0,0.0,0.0,0.0,0.0,1.0
10,12,0.0,0.0,0.0,0.0,0.0,0.0,0.0,0.0,0.0,0.0,0.0,0.0,1.0
10,12,0.0,0.0,0.0,0.0,0.0,0.0,0.0,0.0,0.0,0.0,0.0,0.0,1.0
10,12,0.0,0.0,0.0,0.0,0.0,0.0,0.0,0.0,0.0,0.0,0.0,0.0,1.0
10,12,0.0,0.0,0.0,0.0,0.0,0.0,0.0,0.0,0.0,0.0,0.0,0.0,1.0
10,12,0.0,0.0,0.0,0.0,0.0,0.0,0.0,0.0,0.0,0.0,0.0,0.0,1.0
10,12,0.0,0.0,0.0,0.0,0.0,0.0,0.0,0.0,0.0,0.0,0.0,0.0,1.0
10,12,0.0,0.0,0.0,0.0,0.0,0.0,0.0,0.0,0.0,0.0,0.0,0.0,1.0
10,12,0.0,0.0,0.0,0.0,0.0,0.0,0.0,0.0,0.0,0.0,0.0,0.0,1.0
10,12,0.0,0.0,0.0,0.0,0.0,0.0,0.0,0.0,0.0,0.0,0.0,0.0,1.0
10,12,0.0,0.0,0.0,0.0,0.0,0.0,0.0,0.0,0.0,0.0,0.0,0.0,1.0
10,12,0.0,0.0,0.0,0.0,0.0,0.0,0.0,0.0,0.0,0.0,0.0,0.0,1.0
10,12,0.0,0.0,0.0,0.0,0.0,0.0,0.0,0.0,0.0,0.0,0.0,0.0,1.0
10,12,0.0,0.0,0.0,0.0,0.0,0.0,0.0,0.0,0.0,0.0,0.0,0.0,1.0
10,12,0.0,0.0,0.0,0.0,0.0,0.0,0.0,0.0,0.0,0.0,0.0,0.0,1.0
10,12,0.0,0.0,0.0,0.0,0.0,0.0,0.0,0.0,0.0,0.0,0.0,0.0,1.0
10,12,0.0,0.0,0.0,0.0,0.0,0.0,0.0,0.0,0.0,0.0,0.0,0.0,1.0
10,12,0.0,0.0,0.0,0.0,0.0,0.0,0.0,0.0,0.0,0.0,0.0,0.0,1.0
10,12,0.0,0.0,0.0,0.0,0.0,0.0,0.0,0.0,0.0,0.0,0.0,0.0,1.0
10,12,0.0,0.0,0.0,0.0,0.0,0.0,0.0,0.0,0.0,0.0,0.0,0.0,1.0
10,12,0.0,0.0,0.0,0.0,0.0,0.0,0.0,0.0,0.0,0.0,0.0,0.0,1.0
10,12,0.0,0.0,0.0,0.0,0.0,0.0,0.0,0.0,0.0,0.0,0.0,0.0,1.0
10,12,0.0,0.0,0.0,0.0,0.0,0.0,0.0,0.0,0.0,0.0,0.0,0.0,1.0
10,12,0.0,0.0,0.0,0.0,0.0,0.0,0.0,0.0,0.0,0.0,0.0,0.0,1.0
10,12,0.0,0.0,0.0,0.0,0.0,0.0,0.0,0.0,0.0,0.0,0.0,0.0,1.0
10,12,0.0,0.0,0.0,0.0,0.0,0.0,0.0,0.0,0.0,0.0,0.0,0.0,1.0
10,12,0.0,0.0,0.0,0.0,0.0,0.0,0.0,0.0,0.0,0.0,0.0,0.0,1.0
10,12,0.0,0.0,0.0,0.0,0.0,0.0,0.0,0.0,0.0,0.0,0.0,0.0,1.0
10,12,0.0,0.0,0.0,0.0,0.0,0.0,0.0,0.0,0.0,0.0,0.0,0.0,1.0
10,12,0.0,0.0,0.0,0.0,0.0,0.0,0.0,0.0,0.0,0.0,0.0,0.0,1.0
10,12,0.0,0.0,0.0,0.0,0.0,0.0,0.0,0.0,0.0,0.0,0.0,0.0,1.0
10,12,0.0,0.0,0.0,0.0,0.0,0.0,0.0,0.0,0.0,0.0,0.0,0.0,1.0
10,12,0.0,0.0,0.0,0.0,0.0,0.0,0.0,0.0,0.0,0.0,0.0,0.0,1.0
10,12,0.0,0.0,0.0,0.0,0.0,0.0,0.0,0.0,0.0,0.0,0.0,0.0,1.0
10,12,0.0,0.0,0.0,0.0,0.0,0.0,0.0,0.0,0.0,0.0,0.0,0.0,1.0
10,12,0.0,0.0,0.0,0.0,0.0,0.0,0.0,0.0,0.0,0.0,0.0,0.0,1.0
10,12,0.0,0.0,0.0,0.0,0.0,0.0,0.0,0.0,0.0,0.0,0.0,0.0,1.0
10,12,0.0,0.0,0.0,0.0,0.0,0.0,0.0,0.0,0.0,0.0,0.0,0.0,1.0
10,12,0.0,0.0,0.0,0.0,0.0,0.0,0.0,0.0,0.0,0.0,0.0,0.0,1.0
10,12,0.0,0.0,0.0,0.0,0.0,0.0,0.0,0.0,0.0,0.0,0.0,0.0,1.0
10,12,0.0,0.0,0.0,0.0,0.0,0.0,0.0,0.0,0.0,0.0,0.0,0.0,1.0
10,12,0.0,0.0,0.0,0.0,0.0,0.0,0.0,0.0,0.0,0.0,0.0,0.0,1.0
10,12,0.0,0.0,0.0,0.0,0.0,0.0,0.0,0.0,0.0,0.0,0.0,0.0,1.0
10,12,0.0,0.0,0.0,0.0,0.0,0.0,0.0,0.0,0.0,0.0,0.0,0.0,1.0
10,12,0.0,0.0,0.0,0.0,0.0,0.0,0.0,0.0,0.0,0.0,0.0,0.0,1.0
10,12,0.0,0.0,0.0,0.0,0.0,0.0,0.0,0.0,0.0,0.0,0.0,0.0,1.0
10,12,0.0,0.0,0.0,0.0,0.0,0.0,0.0,0.0,0.0,0.0,0.0,0.0,1.0
10,12,0.0,0.0,0.0,0.0,0.0,0.0,0.0,0.0,0.0,0.0,0.0,0.0,1.0
10,12,0.0,0.0,0.0,0.0,0.0,0.0,0.0,0.0,0.0,0.0,0.0,0.0,1.0
10,12,0.0,0.0,0.0,0.0,0.0,0.0,0.0,0.0,0.0,0.0,0.0,0.0,1.0
10,12,0.0,0.0,0.0,0.0,0.0,0.0,0.0,0.0,0.0,0.0,0.0,0.0,1.0
10,12,0.0,0.0,0.0,0.0,0.0,0.0,0.0,0.0,0.0,0.0,0.0,0.0,1.0
10,12,0.0,0.0,0.0,0.0,0.0,0.0,0.0,0.0,0.0,0.0,0.0,0.0,1.0
10,12,0.0,0.0,0.0,0.0,0.0,0.0,0.0,0.0,0.0,0.0,0.0,0.0,1.0
10,12,0.0,0.0,0.0,0.0,0.0,0.0,0.0,0.0,0.0,0.0,0.0,0.0,1.0
10,12,0.0,0.0,0.0,0.0,0.0,0.0,0.0,0.0,0.0,0.0,0.0,0.0,1.0
10,12,0.0,0.0,0.0,0.0,0.0,0.0,0.0,0.0,0.0,0.0,0.0,0.0,1.0
10,12,0.0,0.0,0.0,0.0,0.0,0.0,0.0,0.0,0.0,0.0,0.0,0.0,1.0
10,12,0.0,0.0,0.0,0.0,0.0,0.0,0.0,0.0,0.0,0.0,0.0,0.0,1.0
10,12,0.0,0.0,0.0,0.0,0.0,0.0,0.0,0.0,0.0,0.0,0.0,0.0,1.0
10,12,0.0,0.0,0.0,0.0,0.0,0.0,0.0,0.0,0.0,0.0,0.0,0.0,1.0
10,12,0.0,0.0,0.0,0.0,0.0,0.0,0.0,0.0,0.0,0.0,0.0,0.0,1.0
10,12,0.0,0.0,0.0,0.0,0.0,0.0,0.0,0.0,0.0,0.0,0.0,0.0,1.0
10,12,0.0,0.0,0.0,0.0,0.0,0.0,0.0,0.0,0.0,0.0,0.0,0.0,1.0
10,12,0.0,0.0,0.0,0.0,0.0,0.0,0.0,0.0,0.0,0.0,0.0,0.0,1.0
10,12,0.0,0.0,0.0,0.0,0.0,0.0,0.0,0.0,0.0,0.0,0.0,0.0,1.0
10,12,0.0,0.0,0.0,0.0,0.0,0.0,0.0,0.0,0.0,0.0,0.0,0.0,1.0
10,12,0.0,0.0,0.0,0.0,0.0,0.0,0.0,0.0,0.0,0.0,0.0,0.0,1.0
10,12,0.0,0.0,0.0,0.0,0.0,0.0,0.0,0.0,0.0,0.0,0.0,0.0,1.0
10,12,0.0,0.0,0.0,0.0,0.0,0.0,0.0,0.0,0.0,0.0,0.0,0.0,1.0
10,12,0.0,0.0,0.0,0.0,0.0,0.0,0.0,0.0,0.0,0.0,0.0,0.0,1.0
10,12,0.0,0.0,0.0,0.0,0.0,0.0,0.0,0.0,0.0,0.0,0.0,0.0,1.0
10,12,0.0,0.0,0.0,0.0,0.0,0.0,0.0,0.0,0.0,0.0,0.0,0.0,1.0
10,12,0.0,0.0,0.0,0.0,0.0,0.0,0.0,0.0,0.0,0.0,0.0,0.0,1.0
10,12,0.0,0.0,0.0,0.0,0.0,0.0,0.0,0.0,0.0,0.0,0.0,0.0,1.0
10,12,0.0,0.0,0.0,0.0,0.0,0.0,0.0,0.0,0.0,0.0,0.0,0.0,1.0
10,12,0.0,0.0,0.0,0.0,0.0,0.0,0.0,0.0,0.0,0.0,0.0,0.0,1.0
10,12,0.0,0.0,0.0,0.0,0.0,0.0,0.0,0.0,0.0,0.0,0.0,0.0,1.0
10,12,0.0,0.0,0.0,0.0,0.0,0.0,0.0,0.0,0.0,0.0,0.0,0.0,1.0
10,12,0.0,0.0,0.0,0.0,0.0,0.0,0.0,0.0,0.0,0.0,0.0,0.0,1.0
10,12,0.0,0.0,0.0,0.0,0.0,0.0,0.0,0.0,0.0,0.0,0.0,0.0,1.0
10,12,0.0,0.0,0.0,0.0,0.0,0.0,0.0,0.0,0.0,0.0,0.0,0.0,1.0
10,12,0.0,0.0,0.0,0.0,0.0,0.0,0.0,0.0,0.0,0.0,0.0,0.0,1.0
10,12,0.0,0.0,0.0,0.0,0.0,0.0,0.0,0.0,0.0,0.0,0.0,0.0,1.0
10,12,0.0,0.0,0.0,0.0,0.0,0.0,0.0,0.0,0.0,0.0,0.0,0.0,1.0
10,12,0.0,0.0,0.0,0.0,0.0,0.0,0.0,0.0,0.0,0.0,0.0,0.0,1.0
10,12,0.0,0.0,0.0,0.0,0.0,0.0,0.0,0.0,0.0,0.0,0.0,0.0,1.0
10,12,0.0,0.0,0.0,0.0,0.0,0.0,0.0,0.0,0.0,0.0,0.0,0.0,1.0
10,12,0.0,0.0,0.0,0.0,0.0,0.0,0.0,0.0,0.0,0.0,0.0,0.0,1.0
10,12,0.0,0.0,0.0,0.0,0.0,0.0,0.0,0.0,0.0,0.0,0.0,0.0,1.0
10,12,0.0,0.0,0.0,0.0,0.0,0.0,0.0,0.0,0.0,0.0,0.0,0.0,1.0
10,12,0.0,0.0,0.0,0.0,0.0,0.0,0.0,0.0,0.0,0.0,0.0,0.0,1.0
10,12,0.0,0.0,0.0,0.0,0.0,0.0,0.0,0.0,0.0,0.0,0.0,0.0,1.0
10,12,0.0,0.0,0.0,0.0,0.0,0.0,0.0,0.0,0.0,0.0,0.0,0.0,1.0
10,12,0.0,0.0,0.0,0.0,0.0,0.0,0.0,0.0,0.0,0.0,0.0,0.0,1.0
10,12,0.0,0.0,0.0,0.0,0.0,0.0,0.0,0.0,0.0,0.0,0.0,0.0,1.0
10,12,0.0,0.0,0.0,0.0,0.0,0.0,0.0,0.0,0.0,0.0,0.0,0.0,1.0
10,12,0.0,0.0,0.0,0.0,0.0,0.0,0.0,0.0,0.0,0.0,0.0,0.0,1.0
10,12,0.0,0.0,0.0,0.0,0.0,0.0,0.0,0.0,0.0,0.0,0.0,0.0,1.0
10,12,0.0,0.0,0.0,0.0,0.0,0.0,0.0,0.0,0.0,0.0,0.0,0.0,1.0
10,12,0.0,0.0,0.0,0.0,0.0,0.0,0.0,0.0,0.0,0.0,0.0,0.0,1.0
10,12,0.0,0.0,0.0,0.0,0.0,0.0,0.0,0.0,0.0,0.0,0.0,0.0,1.0
10,12,0.0,0.0,0.0,0.0,0.0,0.0,0.0,0.0,0.0,0.0,0.0,0.0,1.0
10,12,0.0,0.0,0.0,0.0,0.0,0.0,0.0,0.0,0.0,0.0,0.0,0.0,1.0
10,12,0.0,0.0,0.0,0.0,0.0,0.0,0.0,0.0,0.0,0.0,0.0,0.0,1.0
10,12,0.0,0.0,0.0,0.0,0.0,0.0,0.0,0.0,0.0,0.0,0.0,0.0,1.0
10,12,0.0,0.0,0.0,0.0,0.0,0.0,0.0,0.0,0.0,0.0,0.0,0.0,1.0
10,12,0.0,0.0,0.0,0.0,0.0,0.0,0.0,0.0,0.0,0.0,0.0,0.0,1.0
10,12,0.0,0.0,0.0,0.0,0.0,0.0,0.0,0.0,0.0,0.0,0.0,0.0,1.0
10,12,0.0,0.0,0.0,0.0,0.0,0.0,0.0,0.0,0.0,0.0,0.0,0.0,1.0
10,12,0.0,0.0,0.0,0.0,0.0,0.0,0.0,0.0,0.0,0.0,0.0,0.0,1.0
10,12,0.0,0.0,0.0,0.0,0.0,0.0,0.0,0.0,0.0,0.0,0.0,0.0,1.0
10,12,0.0,0.0,0.0,0.0,0.0,0.0,0.0,0.0,0.0,0.0,0.0,0.0,1.0
10,12,0.0,0.0,0.0,0.0,0.0,0.0,0.0,0.0,0.0,0.0,0.0,0.0,1.0
10,12,0.0,0.0,0.0,0.0,0.0,0.0,0.0,0.0,0.0,0.0,0.0,0.0,1.0
10,12,0.0,0.0,0.0,0.0,0.0,0.0,0.0,0.0,0.0,0.0,0.0,0.0,1.0
10,12,0.0,0.0,0.0,0.0,0.0,0.0,0.0,0.0,0.0,0.0,0.0,0.0,1.0
10,12,0.0,0.0,0.0,0.0,0.0,0.0,0.0,0.0,0.0,0.0,0.0,0.0,1.0
10,12,0.0,0.0,0.0,0.0,0.0,0.0,0.0,0.0,0.0,0.0,0.0,0.0,1.0
10,12,0.0,0.0,0.0,0.0,0.0,0.0,0.0,0.0,0.0,0.0,0.0,0.0,1.0
10,12,0.0,0.0,0.0,0.0,0.0,0.0,0.0,0.0,0.0,0.0,0.0,0.0,1.0
10,12,0.0,0.0,0.0,0.0,0.0,0.0,0.0,0.0,0.0,0.0,0.0,0.0,1.0
10,12,0.0,0.0,0.0,0.0,0.0,0.0,0.0,0.0,0.0,0.0,0.0,0.0,1.0
10,12,0.0,0.0,0.0,0.0,0.0,0.0,0.0,0.0,0.0,0.0,0.0,0.0,1.0
10,12,0.0,0.0,0.0,0.0,0.0,0.0,0.0,0.0,0.0,0.0,0.0,0.0,1.0
10,12,0.0,0.0,0.0,0.0,0.0,0.0,0.0,0.0,0.0,0.0,0.0,0.0,1.0
10,12,0.0,0.0,0.0,0.0,0.0,0.0,0.0,0.0,0.0,0.0,0.0,0.0,1.0
10,12,0.0,0.0,0.0,0.0,0.0,0.0,0.0,0.0,0.0,0.0,0.0,0.0,1.0
10,12,0.0,0.0,0.0,0.0,0.0,0.0,0.0,0.0,0.0,0.0,0.0,0.0,1.0
10,12,0.0,0.0,0.0,0.0,0.0,0.0,0.0,0.0,0.0,0.0,0.0,0.0,1.0
10,12,0.0,0.0,0.0,0.0,0.0,0.0,0.0,0.0,0.0,0.0,0.0,0.0,1.0
10,12,0.0,0.0,0.0,0.0,0.0,0.0,0.0,0.0,0.0,0.0,0.0,0.0,1.0
10,12,0.0,0.0,0.0,0.0,0.0,0.0,0.0,0.0,0.0,0.0,0.0,0.0,1.0
10,12,0.0,0.0,0.0,0.0,0.0,0.0,0.0,0.0,0.0,0.0,0.0,0.0,1.0
10,12,0.0,0.0,0.0,0.0,0.0,0.0,0.0,0.0,0.0,0.0,0.0,0.0,1.0
10,12,0.0,0.0,0.0,0.0,0.0,0.0,0.0,0.0,0.0,0.0,0.0,0.0,1.0
10,12,0.0,0.0,0.0,0.0,0.0,0.0,0.0,0.0,0.0,0.0,0.0,0.0,1.0
10,12,0.0,0.0,0.0,0.0,0.0,0.0,0.0,0.0,0.0,0.0,0.0,0.0,1.0
10,12,0.0,0.0,0.0,0.0,0.0,0.0,0.0,0.0,0.0,0.0,0.0,0.0,1.0
10,12,0.0,0.0,0.0,0.0,0.0,0.0,0.0,0.0,0.0,0.0,0.0,0.0,1.0
10,12,0.0,0.0,0.0,0.0,0.0,0.0,0.0,0.0,0.0,0.0,0.0,0.0,1.0
10,12,0.0,0.0,0.0,0.0,0.0,0.0,0.0,0.0,0.0,0.0,0.0,0.0,1.0
10,12,0.0,0.0,0.0,0.0,0.0,0.0,0.0,0.0,0.0,0.0,0.0,0.0,1.0
10,12,0.0,0.0,0.0,0.0,0.0,0.0,0.0,0.0,0.0,0.0,0.0,0.0,1.0
10,12,0.0,0.0,0.0,0.0,0.0,0.0,0.0,0.0,0.0,0.0,0.0,0.0,1.0
10,12,0.0,0.0,0.0,0.0,0.0,0.0,0.0,0.0,0.0,0.0,0.0,0.0,1.0
10,12,0.0,0.0,0.0,0.0,0.0,0.0,0.0,0.0,0.0,0.0,0.0,0.0,1.0
10,12,0.0,0.0,0.0,0.0,0.0,0.0,0.0,0.0,0.0,0.0,0.0,0.0,1.0
10,12,0.0,0.0,0.0,0.0,0.0,0.0,0.0,0.0,0.0,0.0,0.0,0.0,1.0
10,12,0.0,0.0,0.0,0.0,0.0,0.0,0.0,0.0,0.0,0.0,0.0,0.0,1.0
10,12,0.0,0.0,0.0,0.0,0.0,0.0,0.0,0.0,0.0,0.0,0.0,0.0,1.0
10,12,0.0,0.0,0.0,0.0,0.0,0.0,0.0,0.0,0.0,0.0,0.0,0.0,1.0
10,12,0.0,0.0,0.0,0.0,0.0,0.0,0.0,0.0,0.0,0.0,0.0,0.0,1.0
10,12,0.0,0.0,0.0,0.0,0.0,0.0,0.0,0.0,0.0,0.0,0.0,0.0,1.0
10,12,0.0,0.0,0.0,0.0,0.0,0.0,0.0,0.0,0.0,0.0,0.0,0.0,1.0
10,12,0.0,0.0,0.0,0.0,0.0,0.0,0.0,0.0,0.0,0.0,0.0,0.0,1.0
10,12,0.0,0.0,0.0,0.0,0.0,0.0,0.0,0.0,0.0,0.0,0.0,0.0,1.0
10,12,0.0,0.0,0.0,0.0,0.0,0.0,0.0,0.0,0.0,0.0,0.0,0.0,1.0
10,12,0.0,0.0,0.0,0.0,0.0,0.0,0.0,0.0,0.0,0.0,0.0,0.0,1.0
10,12,0.0,0.0,0.0,0.0,0.0,0.0,0.0,0.0,0.0,0.0,0.0,0.0,1.0
10,12,0.0,0.0,0.0,0.0,0.0,0.0,0.0,0.0,0.0,0.0,0.0,0.0,1.0
10,12,0.0,0.0,0.0,0.0,0.0,0.0,0.0,0.0,0.0,0.0,0.0,0.0,1.0
10,12,0.0,0.0,0.0,0.0,0.0,0.0,0.0,0.0,0.0,0.0,0.0,0.0,1.0
10,12,0.0,0.0,0.0,0.0,0.0,0.0,0.0,0.0,0.0,0.0,0.0,0.0,1.0
10,12,0.0,0.0,0.0,0.0,0.0,0.0,0.0,0.0,0.0,0.0,0.0,0.0,1.0
10,12,0.0,0.0,0.0,0.0,0.0,0.0,0.0,0.0,0.0,0.0,0.0,0.0,1.0
10,12,0.0,0.0,0.0,0.0,0.0,0.0,0.0,0.0,0.0,0.0,0.0,0.0,1.0
10,12,0.0,0.0,0.0,0.0,0.0,0.0,0.0,0.0,0.0,0.0,0.0,0.0,1.0
10,12,0.0,0.0,0.0,0.0,0.0,0.0,0.0,0.0,0.0,0.0,0.0,0.0,1.0
10,12,0.0,0.0,0.0,0.0,0.0,0.0,0.0,0.0,0.0,0.0,0.0,0.0,1.0
10,12,0.0,0.0,0.0,0.0,0.0,0.0,0.0,0.0,0.0,0.0,0.0,0.0,1.0
10,12,0.0,0.0,0.0,0.0,0.0,0.0,0.0,0.0,0.0,0.0,0.0,0.0,1.0
10,12,0.0,0.0,0.0,0.0,0.0,0.0,0.0,0.0,0.0,0.0,0.0,0.0,1.0
10,12,0.0,0.0,0.0,0.0,0.0,0.0,0.0,0.0,0.0,0.0,0.0,0.0,1.0
10,12,0.0,0.0,0.0,0.0,0.0,0.0,0.0,0.0,0.0,0.0,0.0,0.0,1.0
10,12,0.0,0.0,0.0,0.0,0.0,0.0,0.0,0.0,0.0,0.0,0.0,0.0,1.0
10,12,0.0,0.0,0.0,0.0,0.0,0.0,0.0,0.0,0.0,0.0,0.0,0.0,1.0
10,12,0.0,0.0,0.0,0.0,0.0,0.0,0.0,0.0,0.0,0.0,0.0,0.0,1.0
10,12,0.0,0.0,0.0,0.0,0.0,0.0,0.0,0.0,0.0,0.0,0.0,0.0,1.0
10,12,0.0,0.0,0.0,0.0,0.0,0.0,0.0,0.0,0.0,0.0,0.0,0.0,1.0
10,12,0.0,0.0,0.0,0.0,0.0,0.0,0.0,0.0,0.0,0.0,0.0,0.0,1.0
10,12,0.0,0.0,0.0,0.0,0.0,0.0,0.0,0.0,0.0,0.0,0.0,0.0,1.0
10,12,0.0,0.0,0.0,0.0,0.0,0.0,0.0,0.0,0.0,0.0,0.0,0.0,1.0
10,12,0.0,0.0,0.0,0.0,0.0,0.0,0.0,0.0,0.0,0.0,0.0,0.0,1.0
10,12,0.0,0.0,0.0,0.0,0.0,0.0,0.0,0.0,0.0,0.0,0.0,0.0,1.0
10,12,0.0,0.0,0.0,0.0,0.0,0.0,0.0,0.0,0.0,0.0,0.0,0.0,1.0
10,12,0.0,0.0,0.0,0.0,0.0,0.0,0.0,0.0,0.0,0.0,0.0,0.0,1.0
10,12,0.0,0.0,0.0,0.0,0.0,0.0,0.0,0.0,0.0,0.0,0.0,0.0,1.0
10,12,0.0,0.0,0.0,0.0,0.0,0.0,0.0,0.0,0.0,0.0,0.0,0.0,1.0
10,12,0.0,0.0,0.0,0.0,0.0,0.0,0.0,0.0,0.0,0.0,0.0,0.0,1.0
10,12,0.0,0.0,0.0,0.0,0.0,0.0,0.0,0.0,0.0,0.0,0.0,0.0,1.0
10,12,0.0,0.0,0.0,0.0,0.0,0.0,0.0,0.0,0.0,0.0,0.0,0.0,1.0
10,12,0.0,0.0,0.0,0.0,0.0,0.0,0.0,0.0,0.0,0.0,0.0,0.0,1.0
10,12,0.0,0.0,0.0,0.0,0.0,0.0,0.0,0.0,0.0,0.0,0.0,0.0,1.0
10,12,0.0,0.0,0.0,0.0,0.0,0.0,0.0,0.0,0.0,0.0,0.0,0.0,1.0
10,12,0.0,0.0,0.0,0.0,0.0,0.0,0.0,0.0,0.0,0.0,0.0,0.0,1.0
10,12,0.0,0.0,0.0,0.0,0.0,0.0,0.0,0.0,0.0,0.0,0.0,0.0,1.0
10,12,0.0,0.0,0.0,0.0,0.0,0.0,0.0,0.0,0.0,0.0,0.0,0.0,1.0
10,12,0.0,0.0,0.0,0.0,0.0,0.0,0.0,0.0,0.0,0.0,0.0,0.0,1.0
10,12,0.0,0.0,0.0,0.0,0.0,0.0,0.0,0.0,0.0,0.0,0.0,0.0,1.0
10,12,0.0,0.0,0.0,0.0,0.0,0.0,0.0,0.0,0.0,0.0,0.0,0.0,1.0
10,12,0.0,0.0,0.0,0.0,0.0,0.0,0.0,0.0,0.0,0.0,0.0,0.0,1.0
10,12,0.0,0.0,0.0,0.0,0.0,0.0,0.0,0.0,0.0,0.0,0.0,0.0,1.0
10,12,0.0,0.0,0.0,0.0,0.0,0.0,0.0,0.0,0.0,0.0,0.0,0.0,1.0
10,12,0.0,0.0,0.0,0.0,0.0,0.0,0.0,0.0,0.0,0.0,0.0,0.0,1.0
10,12,0.0,0.0,0.0,0.0,0.0,0.0,0.0,0.0,0.0,0.0,0.0,0.0,1.0
10,12,0.0,0.0,0.0,0.0,0.0,0.0,0.0,0.0,0.0,0.0,0.0,0.0,1.0
10,12,0.0,0.0,0.0,0.0,0.0,0.0,0.0,0.0,0.0,0.0,0.0,0.0,1.0
10,12,0.0,0.0,0.0,0.0,0.0,0.0,0.0,0.0,0.0,0.0,0.0,0.0,1.0
10,12,0.0,0.0,0.0,0.0,0.0,0.0,0.0,0.0,0.0,0.0,0.0,0.0,1.0
10,12,0.0,0.0,0.0,0.0,0.0,0.0,0.0,0.0,0.0,0.0,0.0,0.0,1.0
10,12,0.0,0.0,0.0,0.0,0.0,0.0,0.0,0.0,0.0,0.0,0.0,0.0,1.0
10,12,0.0,0.0,0.0,0.0,0.0,0.0,0.0,0.0,0.0,0.0,0.0,0.0,1.0
10,12,0.0,0.0,0.0,0.0,0.0,0.0,0.0,0.0,0.0,0.0,0.0,0.0,1.0
10,12,0.0,0.0,0.0,0.0,0.0,0.0,0.0,0.0,0.0,0.0,0.0,0.0,1.0
10,12,0.0,0.0,0.0,0.0,0.0,0.0,0.0,0.0,0.0,0.0,0.0,0.0,1.0
10,12,0.0,0.0,0.0,0.0,0.0,0.0,0.0,0.0,0.0,0.0,0.0,0.0,1.0
10,12,0.0,0.0,0.0,0.0,0.0,0.0,0.0,0.0,0.0,0.0,0.0,0.0,1.0
10,12,0.0,0.0,0.0,0.0,0.0,0.0,0.0,0.0,0.0,0.0,0.0,0.0,1.0
10,12,0.0,0.0,0.0,0.0,0.0,0.0,0.0,0.0,0.0,0.0,0.0,0.0,1.0
10,12,0.0,0.0,0.0,0.0,0.0,0.0,0.0,0.0,0.0,0.0,0.0,0.0,1.0
10,12,0.0,0.0,0.0,0.0,0.0,0.0,0.0,0.0,0.0,0.0,0.0,0.0,1.0
10,12,0.0,0.0,0.0,0.0,0.0,0.0,0.0,0.0,0.0,0.0,0.0,0.0,1.0
10,12,0.0,0.0,0.0,0.0,0.0,0.0,0.0,0.0,0.0,0.0,0.0,0.0,1.0
10,12,0.0,0.0,0.0,0.0,0.0,0.0,0.0,0.0,0.0,0.0,0.0,0.0,1.0
10,12,0.0,0.0,0.0,0.0,0.0,0.0,0.0,0.0,0.0,0.0,0.0,0.0,1.0
10,12,0.0,0.0,0.0,0.0,0.0,0.0,0.0,0.0,0.0,0.0,0.0,0.0,1.0
10,12,0.0,0.0,0.0,0.0,0.0,0.0,0.0,0.0,0.0,0.0,0.0,0.0,1.0
10,12,0.0,0.0,0.0,0.0,0.0,0.0,0.0,0.0,0.0,0.0,0.0,0.0,1.0
10,12,0.0,0.0,0.0,0.0,0.0,0.0,0.0,0.0,0.0,0.0,0.0,0.0,1.0
10,12,0.0,0.0,0.0,0.0,0.0,0.0,0.0,0.0,0.0,0.0,0.0,0.0,1.0
10,12,0.0,0.0,0.0,0.0,0.0,0.0,0.0,0.0,0.0,0.0,0.0,0.0,1.0
10,12,0.0,0.0,0.0,0.0,0.0,0.0,0.0,0.0,0.0,0.0,0.0,0.0,1.0
10,12,0.0,0.0,0.0,0.0,0.0,0.0,0.0,0.0,0.0,0.0,0.0,0.0,1.0
10,12,0.0,0.0,0.0,0.0,0.0,0.0,0.0,0.0,0.0,0.0,0.0,0.0,1.0
10,12,0.0,0.0,0.0,0.0,0.0,0.0,0.0,0.0,0.0,0.0,0.0,0.0,1.0
10,12,0.0,0.0,0.0,0.0,0.0,0.0,0.0,0.0,0.0,0.0,0.0,0.0,1.0
10,12,0.0,0.0,0.0,0.0,0.0,0.0,0.0,0.0,0.0,0.0,0.0,0.0,1.0
10,12,0.0,0.0,0.0,0.0,0.0,0.0,0.0,0.0,0.0,0.0,0.0,0.0,1.0
10,12,0.0,0.0,0.0,0.0,0.0,0.0,0.0,0.0,0.0,0.0,0.0,0.0,1.0
10,12,0.0,0.0,0.0,0.0,0.0,0.0,0.0,0.0,0.0,0.0,0.0,0.0,1.0
10,12,0.0,0.0,0.0,0.0,0.0,0.0,0.0,0.0,0.0,0.0,0.0,0.0,1.0
10,12,0.0,0.0,0.0,0.0,0.0,0.0,0.0,0.0,0.0,0.0,0.0,0.0,1.0
10,12,0.0,0.0,0.0,0.0,0.0,0.0,0.0,0.0,0.0,0.0,0.0,0.0,1.0
10,12,0.0,0.0,0.0,0.0,0.0,0.0,0.0,0.0,0.0,0.0,0.0,0.0,1.0
10,12,0.0,0.0,0.0,0.0,0.0,0.0,0.0,0.0,0.0,0.0,0.0,0.0,1.0
10,12,0.0,0.0,0.0,0.0,0.0,0.0,0.0,0.0,0.0,0.0,0.0,0.0,1.0
10,12,0.0,0.0,0.0,0.0,0.0,0.0,0.0,0.0,0.0,0.0,0.0,0.0,1.0
10,12,0.0,0.0,0.0,0.0,0.0,0.0,0.0,0.0,0.0,0.0,0.0,0.0,1.0
10,12,0.0,0.0,0.0,0.0,0.0,0.0,0.0,0.0,0.0,0.0,0.0,0.0,1.0
10,12,0.0,0.0,0.0,0.0,0.0,0.0,0.0,0.0,0.0,0.0,0.0,0.0,1.0
10,12,0.0,0.0,0.0,0.0,0.0,0.0,0.0,0.0,0.0,0.0,0.0,0.0,1.0
10,12,0.0,0.0,0.0,0.0,0.0,0.0,0.0,0.0,0.0,0.0,0.0,0.0,1.0
10,12,0.0,0.0,0.0,0.0,0.0,0.0,0.0,0.0,0.0,0.0,0.0,0.0,1.0
10,12,0.0,0.0,0.0,0.0,0.0,0.0,0.0,0.0,0.0,0.0,0.0,0.0,1.0
10,12,0.0,0.0,0.0,0.0,0.0,0.0,0.0,0.0,0.0,0.0,0.0,0.0,1.0
10,12,0.0,0.0,0.0,0.0,0.0,0.0,0.0,0.0,0.0,0.0,0.0,0.0,1.0
10,12,0.0,0.0,0.0,0.0,0.0,0.0,0.0,0.0,0.0,0.0,0.0,0.0,1.0
10,12,0.0,0.0,0.0,0.0,0.0,0.0,0.0,0.0,0.0,0.0,0.0,0.0,1.0
10,12,0.0,0.0,0.0,0.0,0.0,0.0,0.0,0.0,0.0,0.0,0.0,0.0,1.0
10,12,0.0,0.0,0.0,0.0,0.0,0.0,0.0,0.0,0.0,0.0,0.0,0.0,1.0
10,12,0.0,0.0,0.0,0.0,0.0,0.0,0.0,0.0,0.0,0.0,0.0,0.0,1.0
10,12,0.0,0.0,0.0,0.0,0.0,0.0,0.0,0.0,0.0,0.0,0.0,0.0,1.0
10,12,0.0,0.0,0.0,0.0,0.0,0.0,0.0,0.0,0.0,0.0,0.0,0.0,1.0
10,12,0.0,0.0,0.0,0.0,0.0,0.0,0.0,0.0,0.0,0.0,0.0,0.0,1.0
10,12,0.0,0.0,0.0,0.0,0.0,0.0,0.0,0.0,0.0,0.0,0.0,0.0,1.0
10,12,0.0,0.0,0.0,0.0,0.0,0.0,0.0,0.0,0.0,0.0,0.0,0.0,1.0
10,12,0.0,0.0,0.0,0.0,0.0,0.0,0.0,0.0,0.0,0.0,0.0,0.0,1.0
10,12,0.0,0.0,0.0,0.0,0.0,0.0,0.0,0.0,0.0,0.0,0.0,0.0,1.0
10,12,0.0,0.0,0.0,0.0,0.0,0.0,0.0,0.0,0.0,0.0,0.0,0.0,1.0
10,12,0.0,0.0,0.0,0.0,0.0,0.0,0.0,0.0,0.0,0.0,0.0,0.0,1.0
10,12,0.0,0.0,0.0,0.0,0.0,0.0,0.0,0.0,0.0,0.0,0.0,0.0,1.0
10,12,0.0,0.0,0.0,0.0,0.0,0.0,0.0,0.0,0.0,0.0,0.0,0.0,1.0
10,12,0.0,0.0,0.0,0.0,0.0,0.0,0.0,0.0,0.0,0.0,0.0,0.0,1.0
10,12,0.0,0.0,0.0,0.0,0.0,0.0,0.0,0.0,0.0,0.0,0.0,0.0,1.0
10,12,0.0,0.0,0.0,0.0,0.0,0.0,0.0,0.0,0.0,0.0,0.0,0.0,1.0
10,12,0.0,0.0,0.0,0.0,0.0,0.0,0.0,0.0,0.0,0.0,0.0,0.0,1.0
10,12,0.0,0.0,0.0,0.0,0.0,0.0,0.0,0.0,0.0,0.0,0.0,0.0,1.0
10,12,0.0,0.0,0.0,0.0,0.0,0.0,0.0,0.0,0.0,0.0,0.0,0.0,1.0
10,12,0.0,0.0,0.0,0.0,0.0,0.0,0.0,0.0,0.0,0.0,0.0,0.0,1.0
10,12,0.0,0.0,0.0,0.0,0.0,0.0,0.0,0.0,0.0,0.0,0.0,0.0,1.0
10,12,0.0,0.0,0.0,0.0,0.0,0.0,0.0,0.0,0.0,0.0,0.0,0.0,1.0
10,12,0.0,0.0,0.0,0.0,0.0,0.0,0.0,0.0,0.0,0.0,0.0,0.0,1.0
10,12,0.0,0.0,0.0,0.0,0.0,0.0,0.0,0.0,0.0,0.0,0.0,0.0,1.0
10,12,0.0,0.0,0.0,0.0,0.0,0.0,0.0,0.0,0.0,0.0,0.0,0.0,1.0
10,12,0.0,0.0,0.0,0.0,0.0,0.0,0.0,0.0,0.0,0.0,0.0,0.0,1.0
10,12,0.0,0.0,0.0,0.0,0.0,0.0,0.0,0.0,0.0,0.0,0.0,0.0,1.0
10,12,0.0,0.0,0.0,0.0,0.0,0.0,0.0,0.0,0.0,0.0,0.0,0.0,1.0
10,12,0.0,0.0,0.0,0.0,0.0,0.0,0.0,0.0,0.0,0.0,0.0,0.0,1.0
10,12,0.0,0.0,0.0,0.0,0.0,0.0,0.0,0.0,0.0,0.0,0.0,0.0,1.0
10,12,0.0,0.0,0.0,0.0,0.0,0.0,0.0,0.0,0.0,0.0,0.0,0.0,1.0
10,12,0.0,0.0,0.0,0.0,0.0,0.0,0.0,0.0,0.0,0.0,0.0,0.0,1.0
10,12,0.0,0.0,0.0,0.0,0.0,0.0,0.0,0.0,0.0,0.0,0.0,0.0,1.0
10,12,0.0,0.0,0.0,0.0,0.0,0.0,0.0,0.0,0.0,0.0,0.0,0.0,1.0
10,12,0.0,0.0,0.0,0.0,0.0,0.0,0.0,0.0,0.0,0.0,0.0,0.0,1.0
10,12,0.0,0.0,0.0,0.0,0.0,0.0,0.0,0.0,0.0,0.0,0.0,0.0,1.0
10,12,0.0,0.0,0.0,0.0,0.0,0.0,0.0,0.0,0.0,0.0,0.0,0.0,1.0
10,12,0.0,0.0,0.0,0.0,0.0,0.0,0.0,0.0,0.0,0.0,0.0,0.0,1.0
10,12,0.0,0.0,0.0,0.0,0.0,0.0,0.0,0.0,0.0,0.0,0.0,0.0,1.0
10,12,0.0,0.0,0.0,0.0,0.0,0.0,0.0,0.0,0.0,0.0,0.0,0.0,1.0
10,12,0.0,0.0,0.0,0.0,0.0,0.0,0.0,0.0,0.0,0.0,0.0,0.0,1.0
10,12,0.0,0.0,0.0,0.0,0.0,0.0,0.0,0.0,0.0,0.0,0.0,0.0,1.0
10,12,0.0,0.0,0.0,0.0,0.0,0.0,0.0,0.0,0.0,0.0,0.0,0.0,1.0
10,12,0.0,0.0,0.0,0.0,0.0,0.0,0.0,0.0,0.0,0.0,0.0,0.0,1.0
10,12,0.0,0.0,0.0,0.0,0.0,0.0,0.0,0.0,0.0,0.0,0.0,0.0,1.0
10,12,0.0,0.0,0.0,0.0,0.0,0.0,0.0,0.0,0.0,0.0,0.0,0.0,1.0
10,12,0.0,0.0,0.0,0.0,0.0,0.0,0.0,0.0,0.0,0.0,0.0,0.0,1.0
10,12,0.0,0.0,0.0,0.0,0.0,0.0,0.0,0.0,0.0,0.0,0.0,0.0,1.0
10,12,0.0,0.0,0.0,0.0,0.0,0.0,0.0,0.0,0.0,0.0,0.0,0.0,1.0
10,12,0.0,0.0,0.0,0.0,0.0,0.0,0.0,0.0,0.0,0.0,0.0,0.0,1.0
10,12,0.0,0.0,0.0,0.0,0.0,0.0,0.0,0.0,0.0,0.0,0.0,0.0,1.0
10,12,0.0,0.0,0.0,0.0,0.0,0.0,0.0,0.0,0.0,0.0,0.0,0.0,1.0
10,12,0.0,0.0,0.0,0.0,0.0,0.0,0.0,0.0,0.0,0.0,0.0,0.0,1.0
10,12,0.0,0.0,0.0,0.0,0.0,0.0,0.0,0.0,0.0,0.0,0.0,0.0,1.0
10,12,0.0,0.0,0.0,0.0,0.0,0.0,0.0,0.0,0.0,0.0,0.0,0.0,1.0
10,12,0.0,0.0,0.0,0.0,0.0,0.0,0.0,0.0,0.0,0.0,0.0,0.0,1.0
10,12,0.0,0.0,0.0,0.0,0.0,0.0,0.0,0.0,0.0,0.0,0.0,0.0,1.0
10,12,0.0,0.0,0.0,0.0,0.0,0.0,0.0,0.0,0.0,0.0,0.0,0.0,1.0
10,12,0.0,0.0,0.0,0.0,0.0,0.0,0.0,0.0,0.0,0.0,0.0,0.0,1.0
10,12,0.0,0.0,0.0,0.0,0.0,0.0,0.0,0.0,0.0,0.0,0.0,0.0,1.0
10,12,0.0,0.0,0.0,0.0,0.0,0.0,0.0,0.0,0.0,0.0,0.0,0.0,1.0
10,12,0.0,0.0,0.0,0.0,0.0,0.0,0.0,0.0,0.0,0.0,0.0,0.0,1.0
10,12,0.0,0.0,0.0,0.0,0.0,0.0,0.0,0.0,0.0,0.0,0.0,0.0,1.0
10,12,0.0,0.0,0.0,0.0,0.0,0.0,0.0,0.0,0.0,0.0,0.0,0.0,1.0
10,12,0.0,0.0,0.0,0.0,0.0,0.0,0.0,0.0,0.0,0.0,0.0,0.0,1.0
10,12,0.0,0.0,0.0,0.0,0.0,0.0,0.0,0.0,0.0,0.0,0.0,0.0,1.0
10,12,0.0,0.0,0.0,0.0,0.0,0.0,0.0,0.0,0.0,0.0,0.0,0.0,1.0
10,12,0.0,0.0,0.0,0.0,0.0,0.0,0.0,0.0,0.0,0.0,0.0,0.0,1.0
10,12,0.0,0.0,0.0,0.0,0.0,0.0,0.0,0.0,0.0,0.0,0.0,0.0,1.0
10,12,0.0,0.0,0.0,0.0,0.0,0.0,0.0,0.0,0.0,0.0,0.0,0.0,1.0
10,12,0.0,0.0,0.0,0.0,0.0,0.0,0.0,0.0,0.0,0.0,0.0,0.0,1.0
10,12,0.0,0.0,0.0,0.0,0.0,0.0,0.0,0.0,0.0,0.0,0.0,0.0,1.0
10,12,0.0,0.0,0.0,0.0,0.0,0.0,0.0,0.0,0.0,0.0,0.0,0.0,1.0
10,12,0.0,0.0,0.0,0.0,0.0,0.0,0.0,0.0,0.0,0.0,0.0,0.0,1.0
10,12,0.0,0.0,0.0,0.0,0.0,0.0,0.0,0.0,0.0,0.0,0.0,0.0,1.0
10,12,0.0,0.0,0.0,0.0,0.0,0.0,0.0,0.0,0.0,0.0,0.0,0.0,1.0
10,12,0.0,0.0,0.0,0.0,0.0,0.0,0.0,0.0,0.0,0.0,0.0,0.0,1.0
10,12,0.0,0.0,0.0,0.0,0.0,0.0,0.0,0.0,0.0,0.0,0.0,0.0,1.0
10,12,0.0,0.0,0.0,0.0,0.0,0.0,0.0,0.0,0.0,0.0,0.0,0.0,1.0
10,12,0.0,0.0,0.0,0.0,0.0,0.0,0.0,0.0,0.0,0.0,0.0,0.0,1.0
10,12,0.0,0.0,0.0,0.0,0.0,0.0,0.0,0.0,0.0,0.0,0.0,0.0,1.0
10,12,0.0,0.0,0.0,0.0,0.0,0.0,0.0,0.0,0.0,0.0,0.0,0.0,1.0
10,12,0.0,0.0,0.0,0.0,0.0,0.0,0.0,0.0,0.0,0.0,0.0,0.0,1.0
10,12,0.0,0.0,0.0,0.0,0.0,0.0,0.0,0.0,0.0,0.0,0.0,0.0,1.0
10,12,0.0,0.0,0.0,0.0,0.0,0.0,0.0,0.0,0.0,0.0,0.0,0.0,1.0
10,12,0.0,0.0,0.0,0.0,0.0,0.0,0.0,0.0,0.0,0.0,0.0,0.0,1.0
10,12,0.0,0.0,0.0,0.0,0.0,0.0,0.0,0.0,0.0,0.0,0.0,0.0,1.0
10,12,0.0,0.0,0.0,0.0,0.0,0.0,0.0,0.0,0.0,0.0,0.0,0.0,1.0
10,12,0.0,0.0,0.0,0.0,0.0,0.0,0.0,0.0,0.0,0.0,0.0,0.0,1.0
10,12,0.0,0.0,0.0,0.0,0.0,0.0,0.0,0.0,0.0,0.0,0.0,0.0,1.0
10,12,0.0,0.0,0.0,0.0,0.0,0.0,0.0,0.0,0.0,0.0,0.0,0.0,1.0
10,12,0.0,0.0,0.0,0.0,0.0,0.0,0.0,0.0,0.0,0.0,0.0,0.0,1.0
10,12,0.0,0.0,0.0,0.0,0.0,0.0,0.0,0.0,0.0,0.0,0.0,0.0,1.0
10,12,0.0,0.0,0.0,0.0,0.0,0.0,0.0,0.0,0.0,0.0,0.0,0.0,1.0
10,12,0.0,0.0,0.0,0.0,0.0,0.0,0.0,0.0,0.0,0.0,0.0,0.0,1.0
10,12,0.0,0.0,0.0,0.0,0.0,0.0,0.0,0.0,0.0,0.0,0.0,0.0,1.0
10,12,0.0,0.0,0.0,0.0,0.0,0.0,0.0,0.0,0.0,0.0,0.0,0.0,1.0
10,12,0.0,0.0,0.0,0.0,0.0,0.0,0.0,0.0,0.0,0.0,0.0,0.0,1.0
10,12,0.0,0.0,0.0,0.0,0.0,0.0,0.0,0.0,0.0,0.0,0.0,0.0,1.0
10,12,0.0,0.0,0.0,0.0,0.0,0.0,0.0,0.0,0.0,0.0,0.0,0.0,1.0
10,12,0.0,0.0,0.0,0.0,0.0,0.0,0.0,0.0,0.0,0.0,0.0,0.0,1.0
10,12,0.0,0.0,0.0,0.0,0.0,0.0,0.0,0.0,0.0,0.0,0.0,0.0,1.0
10,12,0.0,0.0,0.0,0.0,0.0,0.0,0.0,0.0,0.0,0.0,0.0,0.0,1.0
10,12,0.0,0.0,0.0,0.0,0.0,0.0,0.0,0.0,0.0,0.0,0.0,0.0,1.0
10,12,0.0,0.0,0.0,0.0,0.0,0.0,0.0,0.0,0.0,0.0,0.0,0.0,1.0
10,12,0.0,0.0,0.0,0.0,0.0,0.0,0.0,0.0,0.0,0.0,0.0,0.0,1.0
10,12,0.0,0.0,0.0,0.0,0.0,0.0,0.0,0.0,0.0,0.0,0.0,0.0,1.0
10,12,0.0,0.0,0.0,0.0,0.0,0.0,0.0,0.0,0.0,0.0,0.0,0.0,1.0
10,12,0.0,0.0,0.0,0.0,0.0,0.0,0.0,0.0,0.0,0.0,0.0,0.0,1.0
10,12,0.0,0.0,0.0,0.0,0.0,0.0,0.0,0.0,0.0,0.0,0.0,0.0,1.0
10,12,0.0,0.0,0.0,0.0,0.0,0.0,0.0,0.0,0.0,0.0,0.0,0.0,1.0
10,12,0.0,0.0,0.0,0.0,0.0,0.0,0.0,0.0,0.0,0.0,0.0,0.0,1.0
10,12,0.0,0.0,0.0,0.0,0.0,0.0,0.0,0.0,0.0,0.0,0.0,0.0,1.0
10,12,0.0,0.0,0.0,0.0,0.0,0.0,0.0,0.0,0.0,0.0,0.0,0.0,1.0
10,12,0.0,0.0,0.0,0.0,0.0,0.0,0.0,0.0,0.0,0.0,0.0,0.0,1.0
10,12,0.0,0.0,0.0,0.0,0.0,0.0,0.0,0.0,0.0,0.0,0.0,0.0,1.0
10,12,0.0,0.0,0.0,0.0,0.0,0.0,0.0,0.0,0.0,0.0,0.0,0.0,1.0
10,12,0.0,0.0,0.0,0.0,0.0,0.0,0.0,0.0,0.0,0.0,0.0,0.0,1.0
10,12,0.0,0.0,0.0,0.0,0.0,0.0,0.0,0.0,0.0,0.0,0.0,0.0,1.0
10,12,0.0,0.0,0.0,0.0,0.0,0.0,0.0,0.0,0.0,0.0,0.0,0.0,1.0
10,12,0.0,0.0,0.0,0.0,0.0,0.0,0.0,0.0,0.0,0.0,0.0,0.0,1.0
10,12,0.0,0.0,0.0,0.0,0.0,0.0,0.0,0.0,0.0,0.0,0.0,0.0,1.0
10,12,0.0,0.0,0.0,0.0,0.0,0.0,0.0,0.0,0.0,0.0,0.0,0.0,1.0
10,12,0.0,0.0,0.0,0.0,0.0,0.0,0.0,0.0,0.0,0.0,0.0,0.0,1.0
10,12,0.0,0.0,0.0,0.0,0.0,0.0,0.0,0.0,0.0,0.0,0.0,0.0,1.0
10,12,0.0,0.0,0.0,0.0,0.0,0.0,0.0,0.0,0.0,0.0,0.0,0.0,1.0
10,12,0.0,0.0,0.0,0.0,0.0,0.0,0.0,0.0,0.0,0.0,0.0,0.0,1.0
10,12,0.0,0.0,0.0,0.0,0.0,0.0,0.0,0.0,0.0,0.0,0.0,0.0,1.0
10,12,0.0,0.0,0.0,0.0,0.0,0.0,0.0,0.0,0.0,0.0,0.0,0.0,1.0
10,12,0.0,0.0,0.0,0.0,0.0,0.0,0.0,0.0,0.0,0.0,0.0,0.0,1.0
10,12,0.0,0.0,0.0,0.0,0.0,0.0,0.0,0.0,0.0,0.0,0.0,0.0,1.0
10,12,0.0,0.0,0.0,0.0,0.0,0.0,0.0,0.0,0.0,0.0,0.0,0.0,1.0
10,12,0.0,0.0,0.0,0.0,0.0,0.0,0.0,0.0,0.0,0.0,0.0,0.0,1.0
10,12,0.0,0.0,0.0,0.0,0.0,0.0,0.0,0.0,0.0,0.0,0.0,0.0,1.0
10,12,0.0,0.0,0.0,0.0,0.0,0.0,0.0,0.0,0.0,0.0,0.0,0.0,1.0
10,12,0.0,0.0,0.0,0.0,0.0,0.0,0.0,0.0,0.0,0.0,0.0,0.0,1.0
10,12,0.0,0.0,0.0,0.0,0.0,0.0,0.0,0.0,0.0,0.0,0.0,0.0,1.0
10,12,0.0,0.0,0.0,0.0,0.0,0.0,0.0,0.0,0.0,0.0,0.0,0.0,1.0
10,12,0.0,0.0,0.0,0.0,0.0,0.0,0.0,0.0,0.0,0.0,0.0,0.0,1.0
10,12,0.0,0.0,0.0,0.0,0.0,0.0,0.0,0.0,0.0,0.0,0.0,0.0,1.0
10,12,0.0,0.0,0.0,0.0,0.0,0.0,0.0,0.0,0.0,0.0,0.0,0.0,1.0
10,12,0.0,0.0,0.0,0.0,0.0,0.0,0.0,0.0,0.0,0.0,0.0,0.0,1.0
10,12,0.0,0.0,0.0,0.0,0.0,0.0,0.0,0.0,0.0,0.0,0.0,0.0,1.0
10,12,0.0,0.0,0.0,0.0,0.0,0.0,0.0,0.0,0.0,0.0,0.0,0.0,1.0
10,12,0.0,0.0,0.0,0.0,0.0,0.0,0.0,0.0,0.0,0.0,0.0,0.0,1.0
10,12,0.0,0.0,0.0,0.0,0.0,0.0,0.0,0.0,0.0,0.0,0.0,0.0,1.0
10,12,0.0,0.0,0.0,0.0,0.0,0.0,0.0,0.0,0.0,0.0,0.0,0.0,1.0
10,12,0.0,0.0,0.0,0.0,0.0,0.0,0.0,0.0,0.0,0.0,0.0,0.0,1.0
10,12,0.0,0.0,0.0,0.0,0.0,0.0,0.0,0.0,0.0,0.0,0.0,0.0,1.0
10,12,0.0,0.0,0.0,0.0,0.0,0.0,0.0,0.0,0.0,0.0,0.0,0.0,1.0
10,12,0.0,0.0,0.0,0.0,0.0,0.0,0.0,0.0,0.0,0.0,0.0,0.0,1.0
10,12,0.0,0.0,0.0,0.0,0.0,0.0,0.0,0.0,0.0,0.0,0.0,0.0,1.0
10,12,0.0,0.0,0.0,0.0,0.0,0.0,0.0,0.0,0.0,0.0,0.0,0.0,1.0
10,12,0.0,0.0,0.0,0.0,0.0,0.0,0.0,0.0,0.0,0.0,0.0,0.0,1.0
10,12,0.0,0.0,0.0,0.0,0.0,0.0,0.0,0.0,0.0,0.0,0.0,0.0,1.0
10,12,0.0,0.0,0.0,0.0,0.0,0.0,0.0,0.0,0.0,0.0,0.0,0.0,1.0
10,12,0.0,0.0,0.0,0.0,0.0,0.0,0.0,0.0,0.0,0.0,0.0,0.0,1.0
10,12,0.0,0.0,0.0,0.0,0.0,0.0,0.0,0.0,0.0,0.0,0.0,0.0,1.0
10,12,0.0,0.0,0.0,0.0,0.0,0.0,0.0,0.0,0.0,0.0,0.0,0.0,1.0
10,12,0.0,0.0,0.0,0.0,0.0,0.0,0.0,0.0,0.0,0.0,0.0,0.0,1.0
10,12,0.0,0.0,0.0,0.0,0.0,0.0,0.0,0.0,0.0,0.0,0.0,0.0,1.0
10,12,0.0,0.0,0.0,0.0,0.0,0.0,0.0,0.0,0.0,0.0,0.0,0.0,1.0
10,12,0.0,0.0,0.0,0.0,0.0,0.0,0.0,0.0,0.0,0.0,0.0,0.0,1.0
10,12,0.0,0.0,0.0,0.0,0.0,0.0,0.0,0.0,0.0,0.0,0.0,0.0,1.0
10,12,0.0,0.0,0.0,0.0,0.0,0.0,0.0,0.0,0.0,0.0,0.0,0.0,1.0
10,12,0.0,0.0,0.0,0.0,0.0,0.0,0.0,0.0,0.0,0.0,0.0,0.0,1.0
10,12,0.0,0.0,0.0,0.0,0.0,0.0,0.0,0.0,0.0,0.0,0.0,0.0,1.0
10,12,0.0,0.0,0.0,0.0,0.0,0.0,0.0,0.0,0.0,0.0,0.0,0.0,1.0
10,12,0.0,0.0,0.0,0.0,0.0,0.0,0.0,0.0,0.0,0.0,0.0,0.0,1.0
10,12,0.0,0.0,0.0,0.0,0.0,0.0,0.0,0.0,0.0,0.0,0.0,0.0,1.0
10,12,0.0,0.0,0.0,0.0,0.0,0.0,0.0,0.0,0.0,0.0,0.0,0.0,1.0
10,12,0.0,0.0,0.0,0.0,0.0,0.0,0.0,0.0,0.0,0.0,0.0,0.0,1.0
10,12,0.0,0.0,0.0,0.0,0.0,0.0,0.0,0.0,0.0,0.0,0.0,0.0,1.0
10,12,0.0,0.0,0.0,0.0,0.0,0.0,0.0,0.0,0.0,0.0,0.0,0.0,1.0
10,12,0.0,0.0,0.0,0.0,0.0,0.0,0.0,0.0,0.0,0.0,0.0,0.0,1.0
10,12,0.0,0.0,0.0,0.0,0.0,0.0,0.0,0.0,0.0,0.0,0.0,0.0,1.0
10,12,0.0,0.0,0.0,0.0,0.0,0.0,0.0,0.0,0.0,0.0,0.0,0.0,1.0
10,12,0.0,0.0,0.0,0.0,0.0,0.0,0.0,0.0,0.0,0.0,0.0,0.0,1.0
10,12,0.0,0.0,0.0,0.0,0.0,0.0,0.0,0.0,0.0,0.0,0.0,0.0,1.0
10,12,0.0,0.0,0.0,0.0,0.0,0.0,0.0,0.0,0.0,0.0,0.0,0.0,1.0
10,12,0.0,0.0,0.0,0.0,0.0,0.0,0.0,0.0,0.0,0.0,0.0,0.0,1.0
10,12,0.0,0.0,0.0,0.0,0.0,0.0,0.0,0.0,0.0,0.0,0.0,0.0,1.0
10,12,0.0,0.0,0.0,0.0,0.0,0.0,0.0,0.0,0.0,0.0,0.0,0.0,1.0
10,12,0.0,0.0,0.0,0.0,0.0,0.0,0.0,0.0,0.0,0.0,0.0,0.0,1.0
10,12,0.0,0.0,0.0,0.0,0.0,0.0,0.0,0.0,0.0,0.0,0.0,0.0,1.0
10,12,0.0,0.0,0.0,0.0,0.0,0.0,0.0,0.0,0.0,0.0,0.0,0.0,1.0
10,12,0.0,0.0,0.0,0.0,0.0,0.0,0.0,0.0,0.0,0.0,0.0,0.0,1.0
10,12,0.0,0.0,0.0,0.0,0.0,0.0,0.0,0.0,0.0,0.0,0.0,0.0,1.0
10,12,0.0,0.0,0.0,0.0,0.0,0.0,0.0,0.0,0.0,0.0,0.0,0.0,1.0
10,12,0.0,0.0,0.0,0.0,0.0,0.0,0.0,0.0,0.0,0.0,0.0,0.0,1.0
10,12,0.0,0.0,0.0,0.0,0.0,0.0,0.0,0.0,0.0,0.0,0.0,0.0,1.0
10,12,0.0,0.0,0.0,0.0,0.0,0.0,0.0,0.0,0.0,0.0,0.0,0.0,1.0
10,12,0.0,0.0,0.0,0.0,0.0,0.0,0.0,0.0,0.0,0.0,0.0,0.0,1.0
10,12,0.0,0.0,0.0,0.0,0.0,0.0,0.0,0.0,0.0,0.0,0.0,0.0,1.0
10,12,0.0,0.0,0.0,0.0,0.0,0.0,0.0,0.0,0.0,0.0,0.0,0.0,1.0
10,12,0.0,0.0,0.0,0.0,0.0,0.0,0.0,0.0,0.0,0.0,0.0,0.0,1.0
10,12,0.0,0.0,0.0,0.0,0.0,0.0,0.0,0.0,0.0,0.0,0.0,0.0,1.0
10,12,0.0,0.0,0.0,0.0,0.0,0.0,0.0,0.0,0.0,0.0,0.0,0.0,1.0
10,12,0.0,0.0,0.0,0.0,0.0,0.0,0.0,0.0,0.0,0.0,0.0,0.0,1.0
10,12,0.0,0.0,0.0,0.0,0.0,0.0,0.0,0.0,0.0,0.0,0.0,0.0,1.0
10,12,0.0,0.0,0.0,0.0,0.0,0.0,0.0,0.0,0.0,0.0,0.0,0.0,1.0
10,12,0.0,0.0,0.0,0.0,0.0,0.0,0.0,0.0,0.0,0.0,0.0,0.0,1.0
10,12,0.0,0.0,0.0,0.0,0.0,0.0,0.0,0.0,0.0,0.0,0.0,0.0,1.0
10,12,0.0,0.0,0.0,0.0,0.0,0.0,0.0,0.0,0.0,0.0,0.0,0.0,1.0
10,12,0.0,0.0,0.0,0.0,0.0,0.0,0.0,0.0,0.0,0.0,0.0,0.0,1.0
10,12,0.0,0.0,0.0,0.0,0.0,0.0,0.0,0.0,0.0,0.0,0.0,0.0,1.0
10,12,0.0,0.0,0.0,0.0,0.0,0.0,0.0,0.0,0.0,0.0,0.0,0.0,1.0
10,12,0.0,0.0,0.0,0.0,0.0,0.0,0.0,0.0,0.0,0.0,0.0,0.0,1.0
10,12,0.0,0.0,0.0,0.0,0.0,0.0,0.0,0.0,0.0,0.0,0.0,0.0,1.0
10,12,0.0,0.0,0.0,0.0,0.0,0.0,0.0,0.0,0.0,0.0,0.0,0.0,1.0
10,12,0.0,0.0,0.0,0.0,0.0,0.0,0.0,0.0,0.0,0.0,0.0,0.0,1.0
10,12,0.0,0.0,0.0,0.0,0.0,0.0,0.0,0.0,0.0,0.0,0.0,0.0,1.0
10,12,0.0,0.0,0.0,0.0,0.0,0.0,0.0,0.0,0.0,0.0,0.0,0.0,1.0
10,12,0.0,0.0,0.0,0.0,0.0,0.0,0.0,0.0,0.0,0.0,0.0,0.0,1.0
10,12,0.0,0.0,0.0,0.0,0.0,0.0,0.0,0.0,0.0,0.0,0.0,0.0,1.0
10,12,0.0,0.0,0.0,0.0,0.0,0.0,0.0,0.0,0.0,0.0,0.0,0.0,1.0
10,12,0.0,0.0,0.0,0.0,0.0,0.0,0.0,0.0,0.0,0.0,0.0,0.0,1.0
10,12,0.0,0.0,0.0,0.0,0.0,0.0,0.0,0.0,0.0,0.0,0.0,0.0,1.0
10,12,0.0,0.0,0.0,0.0,0.0,0.0,0.0,0.0,0.0,0.0,0.0,0.0,1.0
10,12,0.0,0.0,0.0,0.0,0.0,0.0,0.0,0.0,0.0,0.0,0.0,0.0,1.0
10,12,0.0,0.0,0.0,0.0,0.0,0.0,0.0,0.0,0.0,0.0,0.0,0.0,1.0
10,12,0.0,0.0,0.0,0.0,0.0,0.0,0.0,0.0,0.0,0.0,0.0,0.0,1.0
10,12,0.0,0.0,0.0,0.0,0.0,0.0,0.0,0.0,0.0,0.0,0.0,0.0,1.0
10,12,0.0,0.0,0.0,0.0,0.0,0.0,0.0,0.0,0.0,0.0,0.0,0.0,1.0
10,12,0.0,0.0,0.0,0.0,0.0,0.0,0.0,0.0,0.0,0.0,0.0,0.0,1.0
10,12,0.0,0.0,0.0,0.0,0.0,0.0,0.0,0.0,0.0,0.0,0.0,0.0,1.0
10,12,0.0,0.0,0.0,0.0,0.0,0.0,0.0,0.0,0.0,0.0,0.0,0.0,1.0
10,12,0.0,0.0,0.0,0.0,0.0,0.0,0.0,0.0,0.0,0.0,0.0,0.0,1.0
10,12,0.0,0.0,0.0,0.0,0.0,0.0,0.0,0.0,0.0,0.0,0.0,0.0,1.0
10,12,0.0,0.0,0.0,0.0,0.0,0.0,0.0,0.0,0.0,0.0,0.0,0.0,1.0
10,12,0.0,0.0,0.0,0.0,0.0,0.0,0.0,0.0,0.0,0.0,0.0,0.0,1.0
10,12,0.0,0.0,0.0,0.0,0.0,0.0,0.0,0.0,0.0,0.0,0.0,0.0,1.0
10,12,0.0,0.0,0.0,0.0,0.0,0.0,0.0,0.0,0.0,0.0,0.0,0.0,1.0
10,12,0.0,0.0,0.0,0.0,0.0,0.0,0.0,0.0,0.0,0.0,0.0,0.0,1.0
10,12,0.0,0.0,0.0,0.0,0.0,0.0,0.0,0.0,0.0,0.0,0.0,0.0,1.0
10,12,0.0,0.0,0.0,0.0,0.0,0.0,0.0,0.0,0.0,0.0,0.0,0.0,1.0
10,12,0.0,0.0,0.0,0.0,0.0,0.0,0.0,0.0,0.0,0.0,0.0,0.0,1.0
10,12,0.0,0.0,0.0,0.0,0.0,0.0,0.0,0.0,0.0,0.0,0.0,0.0,1.0
10,12,0.0,0.0,0.0,0.0,0.0,0.0,0.0,0.0,0.0,0.0,0.0,0.0,1.0
10,12,0.0,0.0,0.0,0.0,0.0,0.0,0.0,0.0,0.0,0.0,0.0,0.0,1.0
10,12,0.0,0.0,0.0,0.0,0.0,0.0,0.0,0.0,0.0,0.0,0.0,0.0,1.0
10,12,0.0,0.0,0.0,0.0,0.0,0.0,0.0,0.0,0.0,0.0,0.0,0.0,1.0
10,12,0.0,0.0,0.0,0.0,0.0,0.0,0.0,0.0,0.0,0.0,0.0,0.0,1.0
10,12,0.0,0.0,0.0,0.0,0.0,0.0,0.0,0.0,0.0,0.0,0.0,0.0,1.0
10,12,0.0,0.0,0.0,0.0,0.0,0.0,0.0,0.0,0.0,0.0,0.0,0.0,1.0
10,12,0.0,0.0,0.0,0.0,0.0,0.0,0.0,0.0,0.0,0.0,0.0,0.0,1.0
10,12,0.0,0.0,0.0,0.0,0.0,0.0,0.0,0.0,0.0,0.0,0.0,0.0,1.0
10,12,0.0,0.0,0.0,0.0,0.0,0.0,0.0,0.0,0.0,0.0,0.0,0.0,1.0
10,12,0.0,0.0,0.0,0.0,0.0,0.0,0.0,0.0,0.0,0.0,0.0,0.0,1.0
10,12,0.0,0.0,0.0,0.0,0.0,0.0,0.0,0.0,0.0,0.0,0.0,0.0,1.0
10,12,0.0,0.0,0.0,0.0,0.0,0.0,0.0,0.0,0.0,0.0,0.0,0.0,1.0
10,12,0.0,0.0,0.0,0.0,0.0,0.0,0.0,0.0,0.0,0.0,0.0,0.0,1.0
10,12,0.0,0.0,0.0,0.0,0.0,0.0,0.0,0.0,0.0,0.0,0.0,0.0,1.0
10,12,0.0,0.0,0.0,0.0,0.0,0.0,0.0,0.0,0.0,0.0,0.0,0.0,1.0
10,12,0.0,0.0,0.0,0.0,0.0,0.0,0.0,0.0,0.0,0.0,0.0,0.0,1.0
10,12,0.0,0.0,0.0,0.0,0.0,0.0,0.0,0.0,0.0,0.0,0.0,0.0,1.0
10,12,0.0,0.0,0.0,0.0,0.0,0.0,0.0,0.0,0.0,0.0,0.0,0.0,1.0
10,12,0.0,0.0,0.0,0.0,0.0,0.0,0.0,0.0,0.0,0.0,0.0,0.0,1.0
10,12,0.0,0.0,0.0,0.0,0.0,0.0,0.0,0.0,0.0,0.0,0.0,0.0,1.0
10,12,0.0,0.0,0.0,0.0,0.0,0.0,0.0,0.0,0.0,0.0,0.0,0.0,1.0
10,12,0.0,0.0,0.0,0.0,0.0,0.0,0.0,0.0,0.0,0.0,0.0,0.0,1.0
10,12,0.0,0.0,0.0,0.0,0.0,0.0,0.0,0.0,0.0,0.0,0.0,0.0,1.0
10,12,0.0,0.0,0.0,0.0,0.0,0.0,0.0,0.0,0.0,0.0,0.0,0.0,1.0
10,12,0.0,0.0,0.0,0.0,0.0,0.0,0.0,0.0,0.0,0.0,0.0,0.0,1.0
10,12,0.0,0.0,0.0,0.0,0.0,0.0,0.0,0.0,0.0,0.0,0.0,0.0,1.0
10,12,0.0,0.0,0.0,0.0,0.0,0.0,0.0,0.0,0.0,0.0,0.0,0.0,1.0
10,12,0.0,0.0,0.0,0.0,0.0,0.0,0.0,0.0,0.0,0.0,0.0,0.0,1.0
10,12,0.0,0.0,0.0,0.0,0.0,0.0,0.0,0.0,0.0,0.0,0.0,0.0,1.0
10,12,0.0,0.0,0.0,0.0,0.0,0.0,0.0,0.0,0.0,0.0,0.0,0.0,1.0
10,12,0.0,0.0,0.0,0.0,0.0,0.0,0.0,0.0,0.0,0.0,0.0,0.0,1.0
10,12,0.0,0.0,0.0,0.0,0.0,0.0,0.0,0.0,0.0,0.0,0.0,0.0,1.0
10,12,0.0,0.0,0.0,0.0,0.0,0.0,0.0,0.0,0.0,0.0,0.0,0.0,1.0
10,12,0.0,0.0,0.0,0.0,0.0,0.0,0.0,0.0,0.0,0.0,0.0,0.0,1.0
10,12,0.0,0.0,0.0,0.0,0.0,0.0,0.0,0.0,0.0,0.0,0.0,0.0,1.0
10,12,0.0,0.0,0.0,0.0,0.0,0.0,0.0,0.0,0.0,0.0,0.0,0.0,1.0
10,12,0.0,0.0,0.0,0.0,0.0,0.0,0.0,0.0,0.0,0.0,0.0,0.0,1.0
10,12,0.0,0.0,0.0,0.0,0.0,0.0,0.0,0.0,0.0,0.0,0.0,0.0,1.0
10,12,0.0,0.0,0.0,0.0,0.0,0.0,0.0,0.0,0.0,0.0,0.0,0.0,1.0
10,12,0.0,0.0,0.0,0.0,0.0,0.0,0.0,0.0,0.0,0.0,0.0,0.0,1.0
10,12,0.0,0.0,0.0,0.0,0.0,0.0,0.0,0.0,0.0,0.0,0.0,0.0,1.0
10,12,0.0,0.0,0.0,0.0,0.0,0.0,0.0,0.0,0.0,0.0,0.0,0.0,1.0
10,12,0.0,0.0,0.0,0.0,0.0,0.0,0.0,0.0,0.0,0.0,0.0,0.0,1.0
10,12,0.0,0.0,0.0,0.0,0.0,0.0,0.0,0.0,0.0,0.0,0.0,0.0,1.0
10,12,0.0,0.0,0.0,0.0,0.0,0.0,0.0,0.0,0.0,0.0,0.0,0.0,1.0
10,12,0.0,0.0,0.0,0.0,0.0,0.0,0.0,0.0,0.0,0.0,0.0,0.0,1.0
10,12,0.0,0.0,0.0,0.0,0.0,0.0,0.0,0.0,0.0,0.0,0.0,0.0,1.0
10,12,0.0,0.0,0.0,0.0,0.0,0.0,0.0,0.0,0.0,0.0,0.0,0.0,1.0
10,12,0.0,0.0,0.0,0.0,0.0,0.0,0.0,0.0,0.0,0.0,0.0,0.0,1.0
10,12,0.0,0.0,0.0,0.0,0.0,0.0,0.0,0.0,0.0,0.0,0.0,0.0,1.0
10,12,0.0,0.0,0.0,0.0,0.0,0.0,0.0,0.0,0.0,0.0,0.0,0.0,1.0
10,12,0.0,0.0,0.0,0.0,0.0,0.0,0.0,0.0,0.0,0.0,0.0,0.0,1.0
10,12,0.0,0.0,0.0,0.0,0.0,0.0,0.0,0.0,0.0,0.0,0.0,0.0,1.0
10,12,0.0,0.0,0.0,0.0,0.0,0.0,0.0,0.0,0.0,0.0,0.0,0.0,1.0
10,12,0.0,0.0,0.0,0.0,0.0,0.0,0.0,0.0,0.0,0.0,0.0,0.0,1.0
10,12,0.0,0.0,0.0,0.0,0.0,0.0,0.0,0.0,0.0,0.0,0.0,0.0,1.0
10,12,0.0,0.0,0.0,0.0,0.0,0.0,0.0,0.0,0.0,0.0,0.0,0.0,1.0
10,12,0.0,0.0,0.0,0.0,0.0,0.0,0.0,0.0,0.0,0.0,0.0,0.0,1.0
10,12,0.0,0.0,0.0,0.0,0.0,0.0,0.0,0.0,0.0,0.0,0.0,0.0,1.0
10,12,0.0,0.0,0.0,0.0,0.0,0.0,0.0,0.0,0.0,0.0,0.0,0.0,1.0
10,12,0.0,0.0,0.0,0.0,0.0,0.0,0.0,0.0,0.0,0.0,0.0,0.0,1.0
10,12,0.0,0.0,0.0,0.0,0.0,0.0,0.0,0.0,0.0,0.0,0.0,0.0,1.0
10,12,0.0,0.0,0.0,0.0,0.0,0.0,0.0,0.0,0.0,0.0,0.0,0.0,1.0
10,12,0.0,0.0,0.0,0.0,0.0,0.0,0.0,0.0,0.0,0.0,0.0,0.0,1.0
10,12,0.0,0.0,0.0,0.0,0.0,0.0,0.0,0.0,0.0,0.0,0.0,0.0,1.0
10,12,0.0,0.0,0.0,0.0,0.0,0.0,0.0,0.0,0.0,0.0,0.0,0.0,1.0
10,12,0.0,0.0,0.0,0.0,0.0,0.0,0.0,0.0,0.0,0.0,0.0,0.0,1.0
10,12,0.0,0.0,0.0,0.0,0.0,0.0,0.0,0.0,0.0,0.0,0.0,0.0,1.0
10,12,0.0,0.0,0.0,0.0,0.0,0.0,0.0,0.0,0.0,0.0,0.0,0.0,1.0
10,12,0.0,0.0,0.0,0.0,0.0,0.0,0.0,0.0,0.0,0.0,0.0,0.0,1.0
10,12,0.0,0.0,0.0,0.0,0.0,0.0,0.0,0.0,0.0,0.0,0.0,0.0,1.0
10,12,0.0,0.0,0.0,0.0,0.0,0.0,0.0,0.0,0.0,0.0,0.0,0.0,1.0
10,12,0.0,0.0,0.0,0.0,0.0,0.0,0.0,0.0,0.0,0.0,0.0,0.0,1.0
10,12,0.0,0.0,0.0,0.0,0.0,0.0,0.0,0.0,0.0,0.0,0.0,0.0,1.0
10,12,0.0,0.0,0.0,0.0,0.0,0.0,0.0,0.0,0.0,0.0,0.0,0.0,1.0
10,12,0.0,0.0,0.0,0.0,0.0,0.0,0.0,0.0,0.0,0.0,0.0,0.0,1.0
10,12,0.0,0.0,0.0,0.0,0.0,0.0,0.0,0.0,0.0,0.0,0.0,0.0,1.0
10,12,0.0,0.0,0.0,0.0,0.0,0.0,0.0,0.0,0.0,0.0,0.0,0.0,1.0
10,12,0.0,0.0,0.0,0.0,0.0,0.0,0.0,0.0,0.0,0.0,0.0,0.0,1.0
10,12,0.0,0.0,0.0,0.0,0.0,0.0,0.0,0.0,0.0,0.0,0.0,0.0,1.0
10,12,0.0,0.0,0.0,0.0,0.0,0.0,0.0,0.0,0.0,0.0,0.0,0.0,1.0
10,12,0.0,0.0,0.0,0.0,0.0,0.0,0.0,0.0,0.0,0.0,0.0,0.0,1.0
10,12,0.0,0.0,0.0,0.0,0.0,0.0,0.0,0.0,0.0,0.0,0.0,0.0,1.0
10,12,0.0,0.0,0.0,0.0,0.0,0.0,0.0,0.0,0.0,0.0,0.0,0.0,1.0
10,12,0.0,0.0,0.0,0.0,0.0,0.0,0.0,0.0,0.0,0.0,0.0,0.0,1.0
10,12,0.0,0.0,0.0,0.0,0.0,0.0,0.0,0.0,0.0,0.0,0.0,0.0,1.0
10,12,0.0,0.0,0.0,0.0,0.0,0.0,0.0,0.0,0.0,0.0,0.0,0.0,1.0
10,12,0.0,0.0,0.0,0.0,0.0,0.0,0.0,0.0,0.0,0.0,0.0,0.0,1.0
10,12,0.0,0.0,0.0,0.0,0.0,0.0,0.0,0.0,0.0,0.0,0.0,0.0,1.0
10,12,0.0,0.0,0.0,0.0,0.0,0.0,0.0,0.0,0.0,0.0,0.0,0.0,1.0
10,12,0.0,0.0,0.0,0.0,0.0,0.0,0.0,0.0,0.0,0.0,0.0,0.0,1.0
10,12,0.0,0.0,0.0,0.0,0.0,0.0,0.0,0.0,0.0,0.0,0.0,0.0,1.0
10,12,0.0,0.0,0.0,0.0,0.0,0.0,0.0,0.0,0.0,0.0,0.0,0.0,1.0
10,12,0.0,0.0,0.0,0.0,0.0,0.0,0.0,0.0,0.0,0.0,0.0,0.0,1.0
10,12,0.0,0.0,0.0,0.0,0.0,0.0,0.0,0.0,0.0,0.0,0.0,0.0,1.0
10,12,0.0,0.0,0.0,0.0,0.0,0.0,0.0,0.0,0.0,0.0,0.0,0.0,1.0
10,12,0.0,0.0,0.0,0.0,0.0,0.0,0.0,0.0,0.0,0.0,0.0,0.0,1.0
10,12,0.0,0.0,0.0,0.0,0.0,0.0,0.0,0.0,0.0,0.0,0.0,0.0,1.0
10,12,0.0,0.0,0.0,0.0,0.0,0.0,0.0,0.0,0.0,0.0,0.0,0.0,1.0
10,12,0.0,0.0,0.0,0.0,0.0,0.0,0.0,0.0,0.0,0.0,0.0,0.0,1.0
10,12,0.0,0.0,0.0,0.0,0.0,0.0,0.0,0.0,0.0,0.0,0.0,0.0,1.0
10,12,0.0,0.0,0.0,0.0,0.0,0.0,0.0,0.0,0.0,0.0,0.0,0.0,1.0
10,12,0.0,0.0,0.0,0.0,0.0,0.0,0.0,0.0,0.0,0.0,0.0,0.0,1.0
10,12,0.0,0.0,0.0,0.0,0.0,0.0,0.0,0.0,0.0,0.0,0.0,0.0,1.0
10,12,0.0,0.0,0.0,0.0,0.0,0.0,0.0,0.0,0.0,0.0,0.0,0.0,1.0
10,12,0.0,0.0,0.0,0.0,0.0,0.0,0.0,0.0,0.0,0.0,0.0,0.0,1.0
10,12,0.0,0.0,0.0,0.0,0.0,0.0,0.0,0.0,0.0,0.0,0.0,0.0,1.0
10,12,0.0,0.0,0.0,0.0,0.0,0.0,0.0,0.0,0.0,0.0,0.0,0.0,1.0
10,12,0.0,0.0,0.0,0.0,0.0,0.0,0.0,0.0,0.0,0.0,0.0,0.0,1.0
10,12,0.0,0.0,0.0,0.0,0.0,0.0,0.0,0.0,0.0,0.0,0.0,0.0,1.0
10,12,0.0,0.0,0.0,0.0,0.0,0.0,0.0,0.0,0.0,0.0,0.0,0.0,1.0
10,12,0.0,0.0,0.0,0.0,0.0,0.0,0.0,0.0,0.0,0.0,0.0,0.0,1.0
10,12,0.0,0.0,0.0,0.0,0.0,0.0,0.0,0.0,0.0,0.0,0.0,0.0,1.0
10,12,0.0,0.0,0.0,0.0,0.0,0.0,0.0,0.0,0.0,0.0,0.0,0.0,1.0
10,12,0.0,0.0,0.0,0.0,0.0,0.0,0.0,0.0,0.0,0.0,0.0,0.0,1.0
10,12,0.0,0.0,0.0,0.0,0.0,0.0,0.0,0.0,0.0,0.0,0.0,0.0,1.0
10,12,0.0,0.0,0.0,0.0,0.0,0.0,0.0,0.0,0.0,0.0,0.0,0.0,1.0
10,12,0.0,0.0,0.0,0.0,0.0,0.0,0.0,0.0,0.0,0.0,0.0,0.0,1.0
10,12,0.0,0.0,0.0,0.0,0.0,0.0,0.0,0.0,0.0,0.0,0.0,0.0,1.0
10,12,0.0,0.0,0.0,0.0,0.0,0.0,0.0,0.0,0.0,0.0,0.0,0.0,1.0
10,12,0.0,0.0,0.0,0.0,0.0,0.0,0.0,0.0,0.0,0.0,0.0,0.0,1.0
10,12,0.0,0.0,0.0,0.0,0.0,0.0,0.0,0.0,0.0,0.0,0.0,0.0,1.0
10,12,0.0,0.0,0.0,0.0,0.0,0.0,0.0,0.0,0.0,0.0,0.0,0.0,1.0
10,12,0.0,0.0,0.0,0.0,0.0,0.0,0.0,0.0,0.0,0.0,0.0,0.0,1.0
10,12,0.0,0.0,0.0,0.0,0.0,0.0,0.0,0.0,0.0,0.0,0.0,0.0,1.0
10,12,0.0,0.0,0.0,0.0,0.0,0.0,0.0,0.0,0.0,0.0,0.0,0.0,1.0
10,12,0.0,0.0,0.0,0.0,0.0,0.0,0.0,0.0,0.0,0.0,0.0,0.0,1.0
10,12,0.0,0.0,0.0,0.0,0.0,0.0,0.0,0.0,0.0,0.0,0.0,0.0,1.0
10,12,0.0,0.0,0.0,0.0,0.0,0.0,0.0,0.0,0.0,0.0,0.0,0.0,1.0
10,12,0.0,0.0,0.0,0.0,0.0,0.0,0.0,0.0,0.0,0.0,0.0,0.0,1.0
10,12,0.0,0.0,0.0,0.0,0.0,0.0,0.0,0.0,0.0,0.0,0.0,0.0,1.0
10,12,0.0,0.0,0.0,0.0,0.0,0.0,0.0,0.0,0.0,0.0,0.0,0.0,1.0
10,12,0.0,0.0,0.0,0.0,0.0,0.0,0.0,0.0,0.0,0.0,0.0,0.0,1.0
10,12,0.0,0.0,0.0,0.0,0.0,0.0,0.0,0.0,0.0,0.0,0.0,0.0,1.0
10,12,0.0,0.0,0.0,0.0,0.0,0.0,0.0,0.0,0.0,0.0,0.0,0.0,1.0
10,12,0.0,0.0,0.0,0.0,0.0,0.0,0.0,0.0,0.0,0.0,0.0,0.0,1.0
10,12,0.0,0.0,0.0,0.0,0.0,0.0,0.0,0.0,0.0,0.0,0.0,0.0,1.0
10,12,0.0,0.0,0.0,0.0,0.0,0.0,0.0,0.0,0.0,0.0,0.0,0.0,1.0
10,12,0.0,0.0,0.0,0.0,0.0,0.0,0.0,0.0,0.0,0.0,0.0,0.0,1.0
10,12,0.0,0.0,0.0,0.0,0.0,0.0,0.0,0.0,0.0,0.0,0.0,0.0,1.0
10,12,0.0,0.0,0.0,0.0,0.0,0.0,0.0,0.0,0.0,0.0,0.0,0.0,1.0
10,12,0.0,0.0,0.0,0.0,0.0,0.0,0.0,0.0,0.0,0.0,0.0,0.0,1.0
10,12,0.0,0.0,0.0,0.0,0.0,0.0,0.0,0.0,0.0,0.0,0.0,0.0,1.0
10,12,0.0,0.0,0.0,0.0,0.0,0.0,0.0,0.0,0.0,0.0,0.0,0.0,1.0
10,12,0.0,0.0,0.0,0.0,0.0,0.0,0.0,0.0,0.0,0.0,0.0,0.0,1.0
10,12,0.0,0.0,0.0,0.0,0.0,0.0,0.0,0.0,0.0,0.0,0.0,0.0,1.0
10,12,0.0,0.0,0.0,0.0,0.0,0.0,0.0,0.0,0.0,0.0,0.0,0.0,1.0
10,12,0.0,0.0,0.0,0.0,0.0,0.0,0.0,0.0,0.0,0.0,0.0,0.0,1.0
10,12,0.0,0.0,0.0,0.0,0.0,0.0,0.0,0.0,0.0,0.0,0.0,0.0,1.0
10,12,0.0,0.0,0.0,0.0,0.0,0.0,0.0,0.0,0.0,0.0,0.0,0.0,1.0
10,12,0.0,0.0,0.0,0.0,0.0,0.0,0.0,0.0,0.0,0.0,0.0,0.0,1.0
10,12,0.0,0.0,0.0,0.0,0.0,0.0,0.0,0.0,0.0,0.0,0.0,0.0,1.0
10,12,0.0,0.0,0.0,0.0,0.0,0.0,0.0,0.0,0.0,0.0,0.0,0.0,1.0
10,12,0.0,0.0,0.0,0.0,0.0,0.0,0.0,0.0,0.0,0.0,0.0,0.0,1.0
10,12,0.0,0.0,0.0,0.0,0.0,0.0,0.0,0.0,0.0,0.0,0.0,0.0,1.0
10,12,0.0,0.0,0.0,0.0,0.0,0.0,0.0,0.0,0.0,0.0,0.0,0.0,1.0
10,12,0.0,0.0,0.0,0.0,0.0,0.0,0.0,0.0,0.0,0.0,0.0,0.0,1.0
10,12,0.0,0.0,0.0,0.0,0.0,0.0,0.0,0.0,0.0,0.0,0.0,0.0,1.0
10,12,0.0,0.0,0.0,0.0,0.0,0.0,0.0,0.0,0.0,0.0,0.0,0.0,1.0
10,12,0.0,0.0,0.0,0.0,0.0,0.0,0.0,0.0,0.0,0.0,0.0,0.0,1.0
10,12,0.0,0.0,0.0,0.0,0.0,0.0,0.0,0.0,0.0,0.0,0.0,0.0,1.0
10,12,0.0,0.0,0.0,0.0,0.0,0.0,0.0,0.0,0.0,0.0,0.0,0.0,1.0
10,12,0.0,0.0,0.0,0.0,0.0,0.0,0.0,0.0,0.0,0.0,0.0,0.0,1.0
10,12,0.0,0.0,0.0,0.0,0.0,0.0,0.0,0.0,0.0,0.0,0.0,0.0,1.0
10,12,0.0,0.0,0.0,0.0,0.0,0.0,0.0,0.0,0.0,0.0,0.0,0.0,1.0
10,12,0.0,0.0,0.0,0.0,0.0,0.0,0.0,0.0,0.0,0.0,0.0,0.0,1.0
10,12,0.0,0.0,0.0,0.0,0.0,0.0,0.0,0.0,0.0,0.0,0.0,0.0,1.0
10,12,0.0,0.0,0.0,0.0,0.0,0.0,0.0,0.0,0.0,0.0,0.0,0.0,1.0
10,12,0.0,0.0,0.0,0.0,0.0,0.0,0.0,0.0,0.0,0.0,0.0,0.0,1.0
10,12,0.0,0.0,0.0,0.0,0.0,0.0,0.0,0.0,0.0,0.0,0.0,0.0,1.0
10,12,0.0,0.0,0.0,0.0,0.0,0.0,0.0,0.0,0.0,0.0,0.0,0.0,1.0
10,12,0.0,0.0,0.0,0.0,0.0,0.0,0.0,0.0,0.0,0.0,0.0,0.0,1.0
10,12,0.0,0.0,0.0,0.0,0.0,0.0,0.0,0.0,0.0,0.0,0.0,0.0,1.0
10,12,0.0,0.0,0.0,0.0,0.0,0.0,0.0,0.0,0.0,0.0,0.0,0.0,1.0
10,12,0.0,0.0,0.0,0.0,0.0,0.0,0.0,0.0,0.0,0.0,0.0,0.0,1.0
10,12,0.0,0.0,0.0,0.0,0.0,0.0,0.0,0.0,0.0,0.0,0.0,0.0,1.0
10,12,0.0,0.0,0.0,0.0,0.0,0.0,0.0,0.0,0.0,0.0,0.0,0.0,1.0
10,12,0.0,0.0,0.0,0.0,0.0,0.0,0.0,0.0,0.0,0.0,0.0,0.0,1.0
10,12,0.0,0.0,0.0,0.0,0.0,0.0,0.0,0.0,0.0,0.0,0.0,0.0,1.0
10,12,0.0,0.0,0.0,0.0,0.0,0.0,0.0,0.0,0.0,0.0,0.0,0.0,1.0
10,12,0.0,0.0,0.0,0.0,0.0,0.0,0.0,0.0,0.0,0.0,0.0,0.0,1.0
10,12,0.0,0.0,0.0,0.0,0.0,0.0,0.0,0.0,0.0,0.0,0.0,0.0,1.0
10,12,0.0,0.0,0.0,0.0,0.0,0.0,0.0,0.0,0.0,0.0,0.0,0.0,1.0
10,12,0.0,0.0,0.0,0.0,0.0,0.0,0.0,0.0,0.0,0.0,0.0,0.0,1.0
10,12,0.0,0.0,0.0,0.0,0.0,0.0,0.0,0.0,0.0,0.0,0.0,0.0,1.0
10,12,0.0,0.0,0.0,0.0,0.0,0.0,0.0,0.0,0.0,0.0,0.0,0.0,1.0
10,12,0.0,0.0,0.0,0.0,0.0,0.0,0.0,0.0,0.0,0.0,0.0,0.0,1.0
10,12,0.0,0.0,0.0,0.0,0.0,0.0,0.0,0.0,0.0,0.0,0.0,0.0,1.0
10,12,0.0,0.0,0.0,0.0,0.0,0.0,0.0,0.0,0.0,0.0,0.0,0.0,1.0
10,12,0.0,0.0,0.0,0.0,0.0,0.0,0.0,0.0,0.0,0.0,0.0,0.0,1.0
10,12,0.0,0.0,0.0,0.0,0.0,0.0,0.0,0.0,0.0,0.0,0.0,0.0,1.0
10,12,0.0,0.0,0.0,0.0,0.0,0.0,0.0,0.0,0.0,0.0,0.0,0.0,1.0
10,12,0.0,0.0,0.0,0.0,0.0,0.0,0.0,0.0,0.0,0.0,0.0,0.0,1.0
10,12,0.0,0.0,0.0,0.0,0.0,0.0,0.0,0.0,0.0,0.0,0.0,0.0,1.0
10,12,0.0,0.0,0.0,0.0,0.0,0.0,0.0,0.0,0.0,0.0,0.0,0.0,1.0
10,12,0.0,0.0,0.0,0.0,0.0,0.0,0.0,0.0,0.0,0.0,0.0,0.0,1.0
10,12,0.0,0.0,0.0,0.0,0.0,0.0,0.0,0.0,0.0,0.0,0.0,0.0,1.0
10,12,0.0,0.0,0.0,0.0,0.0,0.0,0.0,0.0,0.0,0.0,0.0,0.0,1.0
10,12,0.0,0.0,0.0,0.0,0.0,0.0,0.0,0.0,0.0,0.0,0.0,0.0,1.0
10,12,0.0,0.0,0.0,0.0,0.0,0.0,0.0,0.0,0.0,0.0,0.0,0.0,1.0
10,12,0.0,0.0,0.0,0.0,0.0,0.0,0.0,0.0,0.0,0.0,0.0,0.0,1.0
10,12,0.0,0.0,0.0,0.0,0.0,0.0,0.0,0.0,0.0,0.0,0.0,0.0,1.0
10,12,0.0,0.0,0.0,0.0,0.0,0.0,0.0,0.0,0.0,0.0,0.0,0.0,1.0
10,12,0.0,0.0,0.0,0.0,0.0,0.0,0.0,0.0,0.0,0.0,0.0,0.0,1.0
10,12,0.0,0.0,0.0,0.0,0.0,0.0,0.0,0.0,0.0,0.0,0.0,0.0,1.0
10,12,0.0,0.0,0.0,0.0,0.0,0.0,0.0,0.0,0.0,0.0,0.0,0.0,1.0
10,12,0.0,0.0,0.0,0.0,0.0,0.0,0.0,0.0,0.0,0.0,0.0,0.0,1.0
10,12,0.0,0.0,0.0,0.0,0.0,0.0,0.0,0.0,0.0,0.0,0.0,0.0,1.0
10,12,0.0,0.0,0.0,0.0,0.0,0.0,0.0,0.0,0.0,0.0,0.0,0.0,1.0
10,12,0.0,0.0,0.0,0.0,0.0,0.0,0.0,0.0,0.0,0.0,0.0,0.0,1.0
10,12,0.0,0.0,0.0,0.0,0.0,0.0,0.0,0.0,0.0,0.0,0.0,0.0,1.0
10,12,0.0,0.0,0.0,0.0,0.0,0.0,0.0,0.0,0.0,0.0,0.0,0.0,1.0
10,12,0.0,0.0,0.0,0.0,0.0,0.0,0.0,0.0,0.0,0.0,0.0,0.0,1.0
10,12,0.0,0.0,0.0,0.0,0.0,0.0,0.0,0.0,0.0,0.0,0.0,0.0,1.0
10,12,0.0,0.0,0.0,0.0,0.0,0.0,0.0,0.0,0.0,0.0,0.0,0.0,1.0
10,12,0.0,0.0,0.0,0.0,0.0,0.0,0.0,0.0,0.0,0.0,0.0,0.0,1.0
10,12,0.0,0.0,0.0,0.0,0.0,0.0,0.0,0.0,0.0,0.0,0.0,0.0,1.0
10,12,0.0,0.0,0.0,0.0,0.0,0.0,0.0,0.0,0.0,0.0,0.0,0.0,1.0
10,12,0.0,0.0,0.0,0.0,0.0,0.0,0.0,0.0,0.0,0.0,0.0,0.0,1.0
10,12,0.0,0.0,0.0,0.0,0.0,0.0,0.0,0.0,0.0,0.0,0.0,0.0,1.0
10,12,0.0,0.0,0.0,0.0,0.0,0.0,0.0,0.0,0.0,0.0,0.0,0.0,1.0
10,12,0.0,0.0,0.0,0.0,0.0,0.0,0.0,0.0,0.0,0.0,0.0,0.0,1.0
10,12,0.0,0.0,0.0,0.0,0.0,0.0,0.0,0.0,0.0,0.0,0.0,0.0,1.0
10,12,0.0,0.0,0.0,0.0,0.0,0.0,0.0,0.0,0.0,0.0,0.0,0.0,1.0
10,12,0.0,0.0,0.0,0.0,0.0,0.0,0.0,0.0,0.0,0.0,0.0,0.0,1.0
10,12,0.0,0.0,0.0,0.0,0.0,0.0,0.0,0.0,0.0,0.0,0.0,0.0,1.0
10,12,0.0,0.0,0.0,0.0,0.0,0.0,0.0,0.0,0.0,0.0,0.0,0.0,1.0
10,12,0.0,0.0,0.0,0.0,0.0,0.0,0.0,0.0,0.0,0.0,0.0,0.0,1.0
10,12,0.0,0.0,0.0,0.0,0.0,0.0,0.0,0.0,0.0,0.0,0.0,0.0,1.0
10,12,0.0,0.0,0.0,0.0,0.0,0.0,0.0,0.0,0.0,0.0,0.0,0.0,1.0
10,12,0.0,0.0,0.0,0.0,0.0,0.0,0.0,0.0,0.0,0.0,0.0,0.0,1.0
10,12,0.0,0.0,0.0,0.0,0.0,0.0,0.0,0.0,0.0,0.0,0.0,0.0,1.0
10,12,0.0,0.0,0.0,0.0,0.0,0.0,0.0,0.0,0.0,0.0,0.0,0.0,1.0
10,12,0.0,0.0,0.0,0.0,0.0,0.0,0.0,0.0,0.0,0.0,0.0,0.0,1.0
10,12,0.0,0.0,0.0,0.0,0.0,0.0,0.0,0.0,0.0,0.0,0.0,0.0,1.0
10,12,0.0,0.0,0.0,0.0,0.0,0.0,0.0,0.0,0.0,0.0,0.0,0.0,1.0
10,12,0.0,0.0,0.0,0.0,0.0,0.0,0.0,0.0,0.0,0.0,0.0,0.0,1.0
10,12,0.0,0.0,0.0,0.0,0.0,0.0,0.0,0.0,0.0,0.0,0.0,0.0,1.0
10,12,0.0,0.0,0.0,0.0,0.0,0.0,0.0,0.0,0.0,0.0,0.0,0.0,1.0
10,12,0.0,0.0,0.0,0.0,0.0,0.0,0.0,0.0,0.0,0.0,0.0,0.0,1.0
10,12,0.0,0.0,0.0,0.0,0.0,0.0,0.0,0.0,0.0,0.0,0.0,0.0,1.0
10,12,0.0,0.0,0.0,0.0,0.0,0.0,0.0,0.0,0.0,0.0,0.0,0.0,1.0
10,12,0.0,0.0,0.0,0.0,0.0,0.0,0.0,0.0,0.0,0.0,0.0,0.0,1.0
10,12,0.0,0.0,0.0,0.0,0.0,0.0,0.0,0.0,0.0,0.0,0.0,0.0,1.0
10,12,0.0,0.0,0.0,0.0,0.0,0.0,0.0,0.0,0.0,0.0,0.0,0.0,1.0
10,12,0.0,0.0,0.0,0.0,0.0,0.0,0.0,0.0,0.0,0.0,0.0,0.0,1.0
10,12,0.0,0.0,0.0,0.0,0.0,0.0,0.0,0.0,0.0,0.0,0.0,0.0,1.0
10,12,0.0,0.0,0.0,0.0,0.0,0.0,0.0,0.0,0.0,0.0,0.0,0.0,1.0
10,12,0.0,0.0,0.0,0.0,0.0,0.0,0.0,0.0,0.0,0.0,0.0,0.0,1.0
10,12,0.0,0.0,0.0,0.0,0.0,0.0,0.0,0.0,0.0,0.0,0.0,0.0,1.0
10,12,0.0,0.0,0.0,0.0,0.0,0.0,0.0,0.0,0.0,0.0,0.0,0.0,1.0
10,12,0.0,0.0,0.0,0.0,0.0,0.0,0.0,0.0,0.0,0.0,0.0,0.0,1.0
10,12,0.0,0.0,0.0,0.0,0.0,0.0,0.0,0.0,0.0,0.0,0.0,0.0,1.0
10,12,0.0,0.0,0.0,0.0,0.0,0.0,0.0,0.0,0.0,0.0,0.0,0.0,1.0
10,12,0.0,0.0,0.0,0.0,0.0,0.0,0.0,0.0,0.0,0.0,0.0,0.0,1.0
10,12,0.0,0.0,0.0,0.0,0.0,0.0,0.0,0.0,0.0,0.0,0.0,0.0,1.0
10,12,0.0,0.0,0.0,0.0,0.0,0.0,0.0,0.0,0.0,0.0,0.0,0.0,1.0
10,12,0.0,0.0,0.0,0.0,0.0,0.0,0.0,0.0,0.0,0.0,0.0,0.0,1.0
10,12,0.0,0.0,0.0,0.0,0.0,0.0,0.0,0.0,0.0,0.0,0.0,0.0,1.0
10,12,0.0,0.0,0.0,0.0,0.0,0.0,0.0,0.0,0.0,0.0,0.0,0.0,1.0
10,12,0.0,0.0,0.0,0.0,0.0,0.0,0.0,0.0,0.0,0.0,0.0,0.0,1.0
10,12,0.0,0.0,0.0,0.0,0.0,0.0,0.0,0.0,0.0,0.0,0.0,0.0,1.0
10,12,0.0,0.0,0.0,0.0,0.0,0.0,0.0,0.0,0.0,0.0,0.0,0.0,1.0
10,12,0.0,0.0,0.0,0.0,0.0,0.0,0.0,0.0,0.0,0.0,0.0,0.0,1.0
10,12,0.0,0.0,0.0,0.0,0.0,0.0,0.0,0.0,0.0,0.0,0.0,0.0,1.0
10,12,0.0,0.0,0.0,0.0,0.0,0.0,0.0,0.0,0.0,0.0,0.0,0.0,1.0
10,12,0.0,0.0,0.0,0.0,0.0,0.0,0.0,0.0,0.0,0.0,0.0,0.0,1.0
10,12,0.0,0.0,0.0,0.0,0.0,0.0,0.0,0.0,0.0,0.0,0.0,0.0,1.0
10,12,0.0,0.0,0.0,0.0,0.0,0.0,0.0,0.0,0.0,0.0,0.0,0.0,1.0
10,12,0.0,0.0,0.0,0.0,0.0,0.0,0.0,0.0,0.0,0.0,0.0,0.0,1.0
10,12,0.0,0.0,0.0,0.0,0.0,0.0,0.0,0.0,0.0,0.0,0.0,0.0,1.0
10,12,0.0,0.0,0.0,0.0,0.0,0.0,0.0,0.0,0.0,0.0,0.0,0.0,1.0
10,12,0.0,0.0,0.0,0.0,0.0,0.0,0.0,0.0,0.0,0.0,0.0,0.0,1.0
10,12,0.0,0.0,0.0,0.0,0.0,0.0,0.0,0.0,0.0,0.0,0.0,0.0,1.0
10,12,0.0,0.0,0.0,0.0,0.0,0.0,0.0,0.0,0.0,0.0,0.0,0.0,1.0
10,12,0.0,0.0,0.0,0.0,0.0,0.0,0.0,0.0,0.0,0.0,0.0,0.0,1.0
10,12,0.0,0.0,0.0,0.0,0.0,0.0,0.0,0.0,0.0,0.0,0.0,0.0,1.0
10,12,0.0,0.0,0.0,0.0,0.0,0.0,0.0,0.0,0.0,0.0,0.0,0.0,1.0
10,12,0.0,0.0,0.0,0.0,0.0,0.0,0.0,0.0,0.0,0.0,0.0,0.0,1.0
10,12,0.0,0.0,0.0,0.0,0.0,0.0,0.0,0.0,0.0,0.0,0.0,0.0,1.0
10,12,0.0,0.0,0.0,0.0,0.0,0.0,0.0,0.0,0.0,0.0,0.0,0.0,1.0
10,12,0.0,0.0,0.0,0.0,0.0,0.0,0.0,0.0,0.0,0.0,0.0,0.0,1.0
10,12,0.0,0.0,0.0,0.0,0.0,0.0,0.0,0.0,0.0,0.0,0.0,0.0,1.0
10,12,0.0,0.0,0.0,0.0,0.0,0.0,0.0,0.0,0.0,0.0,0.0,0.0,1.0
10,12,0.0,0.0,0.0,0.0,0.0,0.0,0.0,0.0,0.0,0.0,0.0,0.0,1.0
10,12,0.0,0.0,0.0,0.0,0.0,0.0,0.0,0.0,0.0,0.0,0.0,0.0,1.0
10,12,0.0,0.0,0.0,0.0,0.0,0.0,0.0,0.0,0.0,0.0,0.0,0.0,1.0
10,12,0.0,0.0,0.0,0.0,0.0,0.0,0.0,0.0,0.0,0.0,0.0,0.0,1.0
10,12,0.0,0.0,0.0,0.0,0.0,0.0,0.0,0.0,0.0,0.0,0.0,0.0,1.0
10,12,0.0,0.0,0.0,0.0,0.0,0.0,0.0,0.0,0.0,0.0,0.0,0.0,1.0
10,12,0.0,0.0,0.0,0.0,0.0,0.0,0.0,0.0,0.0,0.0,0.0,0.0,1.0
10,12,0.0,0.0,0.0,0.0,0.0,0.0,0.0,0.0,0.0,0.0,0.0,0.0,1.0
10,12,0.0,0.0,0.0,0.0,0.0,0.0,0.0,0.0,0.0,0.0,0.0,0.0,1.0
10,12,0.0,0.0,0.0,0.0,0.0,0.0,0.0,0.0,0.0,0.0,0.0,0.0,1.0
10,12,0.0,0.0,0.0,0.0,0.0,0.0,0.0,0.0,0.0,0.0,0.0,0.0,1.0
10,12,0.0,0.0,0.0,0.0,0.0,0.0,0.0,0.0,0.0,0.0,0.0,0.0,1.0
10,12,0.0,0.0,0.0,0.0,0.0,0.0,0.0,0.0,0.0,0.0,0.0,0.0,1.0
10,12,0.0,0.0,0.0,0.0,0.0,0.0,0.0,0.0,0.0,0.0,0.0,0.0,1.0
10,12,0.0,0.0,0.0,0.0,0.0,0.0,0.0,0.0,0.0,0.0,0.0,0.0,1.0
10,12,0.0,0.0,0.0,0.0,0.0,0.0,0.0,0.0,0.0,0.0,0.0,0.0,1.0
10,12,0.0,0.0,0.0,0.0,0.0,0.0,0.0,0.0,0.0,0.0,0.0,0.0,1.0
10,12,0.0,0.0,0.0,0.0,0.0,0.0,0.0,0.0,0.0,0.0,0.0,0.0,1.0
10,12,0.0,0.0,0.0,0.0,0.0,0.0,0.0,0.0,0.0,0.0,0.0,0.0,1.0
10,12,0.0,0.0,0.0,0.0,0.0,0.0,0.0,0.0,0.0,0.0,0.0,0.0,1.0
10,12,0.0,0.0,0.0,0.0,0.0,0.0,0.0,0.0,0.0,0.0,0.0,0.0,1.0
10,12,0.0,0.0,0.0,0.0,0.0,0.0,0.0,0.0,0.0,0.0,0.0,0.0,1.0
10,12,0.0,0.0,0.0,0.0,0.0,0.0,0.0,0.0,0.0,0.0,0.0,0.0,1.0
10,12,0.0,0.0,0.0,0.0,0.0,0.0,0.0,0.0,0.0,0.0,0.0,0.0,1.0
10,12,0.0,0.0,0.0,0.0,0.0,0.0,0.0,0.0,0.0,0.0,0.0,0.0,1.0
10,12,0.0,0.0,0.0,0.0,0.0,0.0,0.0,0.0,0.0,0.0,0.0,0.0,1.0
10,12,0.0,0.0,0.0,0.0,0.0,0.0,0.0,0.0,0.0,0.0,0.0,0.0,1.0
10,12,0.0,0.0,0.0,0.0,0.0,0.0,0.0,0.0,0.0,0.0,0.0,0.0,1.0
10,12,0.0,0.0,0.0,0.0,0.0,0.0,0.0,0.0,0.0,0.0,0.0,0.0,1.0
10,12,0.0,0.0,0.0,0.0,0.0,0.0,0.0,0.0,0.0,0.0,0.0,0.0,1.0
10,12,0.0,0.0,0.0,0.0,0.0,0.0,0.0,0.0,0.0,0.0,0.0,0.0,1.0
10,12,0.0,0.0,0.0,0.0,0.0,0.0,0.0,0.0,0.0,0.0,0.0,0.0,1.0
10,12,0.0,0.0,0.0,0.0,0.0,0.0,0.0,0.0,0.0,0.0,0.0,0.0,1.0
10,12,0.0,0.0,0.0,0.0,0.0,0.0,0.0,0.0,0.0,0.0,0.0,0.0,1.0
10,12,0.0,0.0,0.0,0.0,0.0,0.0,0.0,0.0,0.0,0.0,0.0,0.0,1.0
10,12,0.0,0.0,0.0,0.0,0.0,0.0,0.0,0.0,0.0,0.0,0.0,0.0,1.0
10,12,0.0,0.0,0.0,0.0,0.0,0.0,0.0,0.0,0.0,0.0,0.0,0.0,1.0
10,12,0.0,0.0,0.0,0.0,0.0,0.0,0.0,0.0,0.0,0.0,0.0,0.0,1.0
10,12,0.0,0.0,0.0,0.0,0.0,0.0,0.0,0.0,0.0,0.0,0.0,0.0,1.0
10,12,0.0,0.0,0.0,0.0,0.0,0.0,0.0,0.0,0.0,0.0,0.0,0.0,1.0
10,12,0.0,0.0,0.0,0.0,0.0,0.0,0.0,0.0,0.0,0.0,0.0,0.0,1.0
10,12,0.0,0.0,0.0,0.0,0.0,0.0,0.0,0.0,0.0,0.0,0.0,0.0,1.0
10,12,0.0,0.0,0.0,0.0,0.0,0.0,0.0,0.0,0.0,0.0,0.0,0.0,1.0
10,12,0.0,0.0,0.0,0.0,0.0,0.0,0.0,0.0,0.0,0.0,0.0,0.0,1.0
10,12,0.0,0.0,0.0,0.0,0.0,0.0,0.0,0.0,0.0,0.0,0.0,0.0,1.0
10,12,0.0,0.0,0.0,0.0,0.0,0.0,0.0,0.0,0.0,0.0,0.0,0.0,1.0
10,12,0.0,0.0,0.0,0.0,0.0,0.0,0.0,0.0,0.0,0.0,0.0,0.0,1.0
10,12,0.0,0.0,0.0,0.0,0.0,0.0,0.0,0.0,0.0,0.0,0.0,0.0,1.0
10,12,0.0,0.0,0.0,0.0,0.0,0.0,0.0,0.0,0.0,0.0,0.0,0.0,1.0
10,12,0.0,0.0,0.0,0.0,0.0,0.0,0.0,0.0,0.0,0.0,0.0,0.0,1.0
10,12,0.0,0.0,0.0,0.0,0.0,0.0,0.0,0.0,0.0,0.0,0.0,0.0,1.0
10,12,0.0,0.0,0.0,0.0,0.0,0.0,0.0,0.0,0.0,0.0,0.0,0.0,1.0
10,12,0.0,0.0,0.0,0.0,0.0,0.0,0.0,0.0,0.0,0.0,0.0,0.0,1.0
10,12,0.0,0.0,0.0,0.0,0.0,0.0,0.0,0.0,0.0,0.0,0.0,0.0,1.0
10,12,0.0,0.0,0.0,0.0,0.0,0.0,0.0,0.0,0.0,0.0,0.0,0.0,1.0
10,12,0.0,0.0,0.0,0.0,0.0,0.0,0.0,0.0,0.0,0.0,0.0,0.0,1.0
10,12,0.0,0.0,0.0,0.0,0.0,0.0,0.0,0.0,0.0,0.0,0.0,0.0,1.0
10,12,0.0,0.0,0.0,0.0,0.0,0.0,0.0,0.0,0.0,0.0,0.0,0.0,1.0
10,12,0.0,0.0,0.0,0.0,0.0,0.0,0.0,0.0,0.0,0.0,0.0,0.0,1.0
10,12,0.0,0.0,0.0,0.0,0.0,0.0,0.0,0.0,0.0,0.0,0.0,0.0,1.0
10,12,0.0,0.0,0.0,0.0,0.0,0.0,0.0,0.0,0.0,0.0,0.0,0.0,1.0
10,12,0.0,0.0,0.0,0.0,0.0,0.0,0.0,0.0,0.0,0.0,0.0,0.0,1.0
10,12,0.0,0.0,0.0,0.0,0.0,0.0,0.0,0.0,0.0,0.0,0.0,0.0,1.0
10,12,0.0,0.0,0.0,0.0,0.0,0.0,0.0,0.0,0.0,0.0,0.0,0.0,1.0
10,12,0.0,0.0,0.0,0.0,0.0,0.0,0.0,0.0,0.0,0.0,0.0,0.0,1.0
10,12,0.0,0.0,0.0,0.0,0.0,0.0,0.0,0.0,0.0,0.0,0.0,0.0,1.0
10,12,0.0,0.0,0.0,0.0,0.0,0.0,0.0,0.0,0.0,0.0,0.0,0.0,1.0
10,12,0.0,0.0,0.0,0.0,0.0,0.0,0.0,0.0,0.0,0.0,0.0,0.0,1.0
10,12,0.0,0.0,0.0,0.0,0.0,0.0,0.0,0.0,0.0,0.0,0.0,0.0,1.0
10,12,0.0,0.0,0.0,0.0,0.0,0.0,0.0,0.0,0.0,0.0,0.0,0.0,1.0
10,12,0.0,0.0,0.0,0.0,0.0,0.0,0.0,0.0,0.0,0.0,0.0,0.0,1.0
10,12,0.0,0.0,0.0,0.0,0.0,0.0,0.0,0.0,0.0,0.0,0.0,0.0,1.0
10,12,0.0,0.0,0.0,0.0,0.0,0.0,0.0,0.0,0.0,0.0,0.0,0.0,1.0
10,12,0.0,0.0,0.0,0.0,0.0,0.0,0.0,0.0,0.0,0.0,0.0,0.0,1.0
10,12,0.0,0.0,0.0,0.0,0.0,0.0,0.0,0.0,0.0,0.0,0.0,0.0,1.0
10,12,0.0,0.0,0.0,0.0,0.0,0.0,0.0,0.0,0.0,0.0,0.0,0.0,1.0
10,12,0.0,0.0,0.0,0.0,0.0,0.0,0.0,0.0,0.0,0.0,0.0,0.0,1.0
10,12,0.0,0.0,0.0,0.0,0.0,0.0,0.0,0.0,0.0,0.0,0.0,0.0,1.0
10,12,0.0,0.0,0.0,0.0,0.0,0.0,0.0,0.0,0.0,0.0,0.0,0.0,1.0
10,12,0.0,0.0,0.0,0.0,0.0,0.0,0.0,0.0,0.0,0.0,0.0,0.0,1.0
10,12,0.0,0.0,0.0,0.0,0.0,0.0,0.0,0.0,0.0,0.0,0.0,0.0,1.0
10,12,0.0,0.0,0.0,0.0,0.0,0.0,0.0,0.0,0.0,0.0,0.0,0.0,1.0
10,12,0.0,0.0,0.0,0.0,0.0,0.0,0.0,0.0,0.0,0.0,0.0,0.0,1.0
10,12,0.0,0.0,0.0,0.0,0.0,0.0,0.0,0.0,0.0,0.0,0.0,0.0,1.0
10,12,0.0,0.0,0.0,0.0,0.0,0.0,0.0,0.0,0.0,0.0,0.0,0.0,1.0
10,12,0.0,0.0,0.0,0.0,0.0,0.0,0.0,0.0,0.0,0.0,0.0,0.0,1.0
10,12,0.0,0.0,0.0,0.0,0.0,0.0,0.0,0.0,0.0,0.0,0.0,0.0,1.0
10,12,0.0,0.0,0.0,0.0,0.0,0.0,0.0,0.0,0.0,0.0,0.0,0.0,1.0
10,12,0.0,0.0,0.0,0.0,0.0,0.0,0.0,0.0,0.0,0.0,0.0,0.0,1.0
10,12,0.0,0.0,0.0,0.0,0.0,0.0,0.0,0.0,0.0,0.0,0.0,0.0,1.0
10,12,0.0,0.0,0.0,0.0,0.0,0.0,0.0,0.0,0.0,0.0,0.0,0.0,1.0
10,12,0.0,0.0,0.0,0.0,0.0,0.0,0.0,0.0,0.0,0.0,0.0,0.0,1.0
10,12,0.0,0.0,0.0,0.0,0.0,0.0,0.0,0.0,0.0,0.0,0.0,0.0,1.0
10,12,0.0,0.0,0.0,0.0,0.0,0.0,0.0,0.0,0.0,0.0,0.0,0.0,1.0
10,12,0.0,0.0,0.0,0.0,0.0,0.0,0.0,0.0,0.0,0.0,0.0,0.0,1.0
10,12,0.0,0.0,0.0,0.0,0.0,0.0,0.0,0.0,0.0,0.0,0.0,0.0,1.0
10,12,0.0,0.0,0.0,0.0,0.0,0.0,0.0,0.0,0.0,0.0,0.0,0.0,1.0
10,12,0.0,0.0,0.0,0.0,0.0,0.0,0.0,0.0,0.0,0.0,0.0,0.0,1.0
10,12,0.0,0.0,0.0,0.0,0.0,0.0,0.0,0.0,0.0,0.0,0.0,0.0,1.0
10,12,0.0,0.0,0.0,0.0,0.0,0.0,0.0,0.0,0.0,0.0,0.0,0.0,1.0
10,12,0.0,0.0,0.0,0.0,0.0,0.0,0.0,0.0,0.0,0.0,0.0,0.0,1.0
10,12,0.0,0.0,0.0,0.0,0.0,0.0,0.0,0.0,0.0,0.0,0.0,0.0,1.0
10,12,0.0,0.0,0.0,0.0,0.0,0.0,0.0,0.0,0.0,0.0,0.0,0.0,1.0
10,12,0.0,0.0,0.0,0.0,0.0,0.0,0.0,0.0,0.0,0.0,0.0,0.0,1.0
10,12,0.0,0.0,0.0,0.0,0.0,0.0,0.0,0.0,0.0,0.0,0.0,0.0,1.0
10,12,0.0,0.0,0.0,0.0,0.0,0.0,0.0,0.0,0.0,0.0,0.0,0.0,1.0
10,12,0.0,0.0,0.0,0.0,0.0,0.0,0.0,0.0,0.0,0.0,0.0,0.0,1.0
10,12,0.0,0.0,0.0,0.0,0.0,0.0,0.0,0.0,0.0,0.0,0.0,0.0,1.0
10,12,0.0,0.0,0.0,0.0,0.0,0.0,0.0,0.0,0.0,0.0,0.0,0.0,1.0
10,12,0.0,0.0,0.0,0.0,0.0,0.0,0.0,0.0,0.0,0.0,0.0,0.0,1.0
10,12,0.0,0.0,0.0,0.0,0.0,0.0,0.0,0.0,0.0,0.0,0.0,0.0,1.0
10,12,0.0,0.0,0.0,0.0,0.0,0.0,0.0,0.0,0.0,0.0,0.0,0.0,1.0
10,12,0.0,0.0,0.0,0.0,0.0,0.0,0.0,0.0,0.0,0.0,0.0,0.0,1.0
10,12,0.0,0.0,0.0,0.0,0.0,0.0,0.0,0.0,0.0,0.0,0.0,0.0,1.0
10,12,0.0,0.0,0.0,0.0,0.0,0.0,0.0,0.0,0.0,0.0,0.0,0.0,1.0
10,12,0.0,0.0,0.0,0.0,0.0,0.0,0.0,0.0,0.0,0.0,0.0,0.0,1.0
10,12,0.0,0.0,0.0,0.0,0.0,0.0,0.0,0.0,0.0,0.0,0.0,0.0,1.0
10,12,0.0,0.0,0.0,0.0,0.0,0.0,0.0,0.0,0.0,0.0,0.0,0.0,1.0
10,12,0.0,0.0,0.0,0.0,0.0,0.0,0.0,0.0,0.0,0.0,0.0,0.0,1.0
10,12,0.0,0.0,0.0,0.0,0.0,0.0,0.0,0.0,0.0,0.0,0.0,0.0,1.0
10,12,0.0,0.0,0.0,0.0,0.0,0.0,0.0,0.0,0.0,0.0,0.0,0.0,1.0
10,12,0.0,0.0,0.0,0.0,0.0,0.0,0.0,0.0,0.0,0.0,0.0,0.0,1.0
10,12,0.0,0.0,0.0,0.0,0.0,0.0,0.0,0.0,0.0,0.0,0.0,0.0,1.0
10,12,0.0,0.0,0.0,0.0,0.0,0.0,0.0,0.0,0.0,0.0,0.0,0.0,1.0
10,12,0.0,0.0,0.0,0.0,0.0,0.0,0.0,0.0,0.0,0.0,0.0,0.0,1.0
10,12,0.0,0.0,0.0,0.0,0.0,0.0,0.0,0.0,0.0,0.0,0.0,0.0,1.0
10,12,0.0,0.0,0.0,0.0,0.0,0.0,0.0,0.0,0.0,0.0,0.0,0.0,1.0
10,12,0.0,0.0,0.0,0.0,0.0,0.0,0.0,0.0,0.0,0.0,0.0,0.0,1.0
10,12,0.0,0.0,0.0,0.0,0.0,0.0,0.0,0.0,0.0,0.0,0.0,0.0,1.0
10,12,0.0,0.0,0.0,0.0,0.0,0.0,0.0,0.0,0.0,0.0,0.0,0.0,1.0
10,12,0.0,0.0,0.0,0.0,0.0,0.0,0.0,0.0,0.0,0.0,0.0,0.0,1.0
10,12,0.0,0.0,0.0,0.0,0.0,0.0,0.0,0.0,0.0,0.0,0.0,0.0,1.0
10,12,0.0,0.0,0.0,0.0,0.0,0.0,0.0,0.0,0.0,0.0,0.0,0.0,1.0
10,12,0.0,0.0,0.0,0.0,0.0,0.0,0.0,0.0,0.0,0.0,0.0,0.0,1.0
10,12,0.0,0.0,0.0,0.0,0.0,0.0,0.0,0.0,0.0,0.0,0.0,0.0,1.0
10,12,0.0,0.0,0.0,0.0,0.0,0.0,0.0,0.0,0.0,0.0,0.0,0.0,1.0
10,12,0.0,0.0,0.0,0.0,0.0,0.0,0.0,0.0,0.0,0.0,0.0,0.0,1.0
10,12,0.0,0.0,0.0,0.0,0.0,0.0,0.0,0.0,0.0,0.0,0.0,0.0,1.0
10,12,0.0,0.0,0.0,0.0,0.0,0.0,0.0,0.0,0.0,0.0,0.0,0.0,1.0
10,12,0.0,0.0,0.0,0.0,0.0,0.0,0.0,0.0,0.0,0.0,0.0,0.0,1.0
10,12,0.0,0.0,0.0,0.0,0.0,0.0,0.0,0.0,0.0,0.0,0.0,0.0,1.0
10,12,0.0,0.0,0.0,0.0,0.0,0.0,0.0,0.0,0.0,0.0,0.0,0.0,1.0
10,12,0.0,0.0,0.0,0.0,0.0,0.0,0.0,0.0,0.0,0.0,0.0,0.0,1.0
10,12,0.0,0.0,0.0,0.0,0.0,0.0,0.0,0.0,0.0,0.0,0.0,0.0,1.0
10,12,0.0,0.0,0.0,0.0,0.0,0.0,0.0,0.0,0.0,0.0,0.0,0.0,1.0
10,12,0.0,0.0,0.0,0.0,0.0,0.0,0.0,0.0,0.0,0.0,0.0,0.0,1.0
10,12,0.0,0.0,0.0,0.0,0.0,0.0,0.0,0.0,0.0,0.0,0.0,0.0,1.0
10,12,0.0,0.0,0.0,0.0,0.0,0.0,0.0,0.0,0.0,0.0,0.0,0.0,1.0
10,12,0.0,0.0,0.0,0.0,0.0,0.0,0.0,0.0,0.0,0.0,0.0,0.0,1.0
10,12,0.0,0.0,0.0,0.0,0.0,0.0,0.0,0.0,0.0,0.0,0.0,0.0,1.0
10,12,0.0,0.0,0.0,0.0,0.0,0.0,0.0,0.0,0.0,0.0,0.0,0.0,1.0
10,12,0.0,0.0,0.0,0.0,0.0,0.0,0.0,0.0,0.0,0.0,0.0,0.0,1.0
10,12,0.0,0.0,0.0,0.0,0.0,0.0,0.0,0.0,0.0,0.0,0.0,0.0,1.0
10,12,0.0,0.0,0.0,0.0,0.0,0.0,0.0,0.0,0.0,0.0,0.0,0.0,1.0
10,12,0.0,0.0,0.0,0.0,0.0,0.0,0.0,0.0,0.0,0.0,0.0,0.0,1.0
10,12,0.0,0.0,0.0,0.0,0.0,0.0,0.0,0.0,0.0,0.0,0.0,0.0,1.0
10,12,0.0,0.0,0.0,0.0,0.0,0.0,0.0,0.0,0.0,0.0,0.0,0.0,1.0
10,12,0.0,0.0,0.0,0.0,0.0,0.0,0.0,0.0,0.0,0.0,0.0,0.0,1.0
10,12,0.0,0.0,0.0,0.0,0.0,0.0,0.0,0.0,0.0,0.0,0.0,0.0,1.0
10,12,0.0,0.0,0.0,0.0,0.0,0.0,0.0,0.0,0.0,0.0,0.0,0.0,1.0
10,12,0.0,0.0,0.0,0.0,0.0,0.0,0.0,0.0,0.0,0.0,0.0,0.0,1.0
10,12,0.0,0.0,0.0,0.0,0.0,0.0,0.0,0.0,0.0,0.0,0.0,0.0,1.0
10,12,0.0,0.0,0.0,0.0,0.0,0.0,0.0,0.0,0.0,0.0,0.0,0.0,1.0
10,12,0.0,0.0,0.0,0.0,0.0,0.0,0.0,0.0,0.0,0.0,0.0,0.0,1.0
10,12,0.0,0.0,0.0,0.0,0.0,0.0,0.0,0.0,0.0,0.0,0.0,0.0,1.0
10,12,0.0,0.0,0.0,0.0,0.0,0.0,0.0,0.0,0.0,0.0,0.0,0.0,1.0
10,12,0.0,0.0,0.0,0.0,0.0,0.0,0.0,0.0,0.0,0.0,0.0,0.0,1.0
10,12,0.0,0.0,0.0,0.0,0.0,0.0,0.0,0.0,0.0,0.0,0.0,0.0,1.0
10,12,0.0,0.0,0.0,0.0,0.0,0.0,0.0,0.0,0.0,0.0,0.0,0.0,1.0
10,12,0.0,0.0,0.0,0.0,0.0,0.0,0.0,0.0,0.0,0.0,0.0,0.0,1.0
10,12,0.0,0.0,0.0,0.0,0.0,0.0,0.0,0.0,0.0,0.0,0.0,0.0,1.0
10,12,0.0,0.0,0.0,0.0,0.0,0.0,0.0,0.0,0.0,0.0,0.0,0.0,1.0
10,12,0.0,0.0,0.0,0.0,0.0,0.0,0.0,0.0,0.0,0.0,0.0,0.0,1.0
10,12,0.0,0.0,0.0,0.0,0.0,0.0,0.0,0.0,0.0,0.0,0.0,0.0,1.0
10,12,0.0,0.0,0.0,0.0,0.0,0.0,0.0,0.0,0.0,0.0,0.0,0.0,1.0
10,12,0.0,0.0,0.0,0.0,0.0,0.0,0.0,0.0,0.0,0.0,0.0,0.0,1.0
10,12,0.0,0.0,0.0,0.0,0.0,0.0,0.0,0.0,0.0,0.0,0.0,0.0,1.0
10,12,0.0,0.0,0.0,0.0,0.0,0.0,0.0,0.0,0.0,0.0,0.0,0.0,1.0
10,12,0.0,0.0,0.0,0.0,0.0,0.0,0.0,0.0,0.0,0.0,0.0,0.0,1.0
10,12,0.0,0.0,0.0,0.0,0.0,0.0,0.0,0.0,0.0,0.0,0.0,0.0,1.0
10,12,0.0,0.0,0.0,0.0,0.0,0.0,0.0,0.0,0.0,0.0,0.0,0.0,1.0
10,12,0.0,0.0,0.0,0.0,0.0,0.0,0.0,0.0,0.0,0.0,0.0,0.0,1.0
10,12,0.0,0.0,0.0,0.0,0.0,0.0,0.0,0.0,0.0,0.0,0.0,0.0,1.0
10,12,0.0,0.0,0.0,0.0,0.0,0.0,0.0,0.0,0.0,0.0,0.0,0.0,1.0
10,12,0.0,0.0,0.0,0.0,0.0,0.0,0.0,0.0,0.0,0.0,0.0,0.0,1.0
10,12,0.0,0.0,0.0,0.0,0.0,0.0,0.0,0.0,0.0,0.0,0.0,0.0,1.0
10,12,0.0,0.0,0.0,0.0,0.0,0.0,0.0,0.0,0.0,0.0,0.0,0.0,1.0
10,12,0.0,0.0,0.0,0.0,0.0,0.0,0.0,0.0,0.0,0.0,0.0,0.0,1.0
10,12,0.0,0.0,0.0,0.0,0.0,0.0,0.0,0.0,0.0,0.0,0.0,0.0,1.0
10,12,0.0,0.0,0.0,0.0,0.0,0.0,0.0,0.0,0.0,0.0,0.0,0.0,1.0
10,12,0.0,0.0,0.0,0.0,0.0,0.0,0.0,0.0,0.0,0.0,0.0,0.0,1.0
10,12,0.0,0.0,0.0,0.0,0.0,0.0,0.0,0.0,0.0,0.0,0.0,0.0,1.0
10,12,0.0,0.0,0.0,0.0,0.0,0.0,0.0,0.0,0.0,0.0,0.0,0.0,1.0
10,12,0.0,0.0,0.0,0.0,0.0,0.0,0.0,0.0,0.0,0.0,0.0,0.0,1.0
10,12,0.0,0.0,0.0,0.0,0.0,0.0,0.0,0.0,0.0,0.0,0.0,0.0,1.0
10,12,0.0,0.0,0.0,0.0,0.0,0.0,0.0,0.0,0.0,0.0,0.0,0.0,1.0
10,12,0.0,0.0,0.0,0.0,0.0,0.0,0.0,0.0,0.0,0.0,0.0,0.0,1.0
10,12,0.0,0.0,0.0,0.0,0.0,0.0,0.0,0.0,0.0,0.0,0.0,0.0,1.0
10,12,0.0,0.0,0.0,0.0,0.0,0.0,0.0,0.0,0.0,0.0,0.0,0.0,1.0
10,12,0.0,0.0,0.0,0.0,0.0,0.0,0.0,0.0,0.0,0.0,0.0,0.0,1.0
10,12,0.0,0.0,0.0,0.0,0.0,0.0,0.0,0.0,0.0,0.0,0.0,0.0,1.0
10,12,0.0,0.0,0.0,0.0,0.0,0.0,0.0,0.0,0.0,0.0,0.0,0.0,1.0
10,12,0.0,0.0,0.0,0.0,0.0,0.0,0.0,0.0,0.0,0.0,0.0,0.0,1.0
10,12,0.0,0.0,0.0,0.0,0.0,0.0,0.0,0.0,0.0,0.0,0.0,0.0,1.0
10,12,0.0,0.0,0.0,0.0,0.0,0.0,0.0,0.0,0.0,0.0,0.0,0.0,1.0
10,12,0.0,0.0,0.0,0.0,0.0,0.0,0.0,0.0,0.0,0.0,0.0,0.0,1.0
10,12,0.0,0.0,0.0,0.0,0.0,0.0,0.0,0.0,0.0,0.0,0.0,0.0,1.0
10,12,0.0,0.0,0.0,0.0,0.0,0.0,0.0,0.0,0.0,0.0,0.0,0.0,1.0
10,12,0.0,0.0,0.0,0.0,0.0,0.0,0.0,0.0,0.0,0.0,0.0,0.0,1.0
10,12,0.0,0.0,0.0,0.0,0.0,0.0,0.0,0.0,0.0,0.0,0.0,0.0,1.0
10,12,0.0,0.0,0.0,0.0,0.0,0.0,0.0,0.0,0.0,0.0,0.0,0.0,1.0
10,12,0.0,0.0,0.0,0.0,0.0,0.0,0.0,0.0,0.0,0.0,0.0,0.0,1.0
10,12,0.0,0.0,0.0,0.0,0.0,0.0,0.0,0.0,0.0,0.0,0.0,0.0,1.0
10,12,0.0,0.0,0.0,0.0,0.0,0.0,0.0,0.0,0.0,0.0,0.0,0.0,1.0
10,12,0.0,0.0,0.0,0.0,0.0,0.0,0.0,0.0,0.0,0.0,0.0,0.0,1.0
10,12,0.0,0.0,0.0,0.0,0.0,0.0,0.0,0.0,0.0,0.0,0.0,0.0,1.0
10,12,0.0,0.0,0.0,0.0,0.0,0.0,0.0,0.0,0.0,0.0,0.0,0.0,1.0
10,12,0.0,0.0,0.0,0.0,0.0,0.0,0.0,0.0,0.0,0.0,0.0,0.0,1.0
10,12,0.0,0.0,0.0,0.0,0.0,0.0,0.0,0.0,0.0,0.0,0.0,0.0,1.0
10,12,0.0,0.0,0.0,0.0,0.0,0.0,0.0,0.0,0.0,0.0,0.0,0.0,1.0
10,12,0.0,0.0,0.0,0.0,0.0,0.0,0.0,0.0,0.0,0.0,0.0,0.0,1.0
10,12,0.0,0.0,0.0,0.0,0.0,0.0,0.0,0.0,0.0,0.0,0.0,0.0,1.0
10,12,0.0,0.0,0.0,0.0,0.0,0.0,0.0,0.0,0.0,0.0,0.0,0.0,1.0
10,12,0.0,0.0,0.0,0.0,0.0,0.0,0.0,0.0,0.0,0.0,0.0,0.0,1.0
10,12,0.0,0.0,0.0,0.0,0.0,0.0,0.0,0.0,0.0,0.0,0.0,0.0,1.0
10,12,0.0,0.0,0.0,0.0,0.0,0.0,0.0,0.0,0.0,0.0,0.0,0.0,1.0
10,12,0.0,0.0,0.0,0.0,0.0,0.0,0.0,0.0,0.0,0.0,0.0,0.0,1.0
10,12,0.0,0.0,0.0,0.0,0.0,0.0,0.0,0.0,0.0,0.0,0.0,0.0,1.0
10,12,0.0,0.0,0.0,0.0,0.0,0.0,0.0,0.0,0.0,0.0,0.0,0.0,1.0
10,12,0.0,0.0,0.0,0.0,0.0,0.0,0.0,0.0,0.0,0.0,0.0,0.0,1.0
10,12,0.0,0.0,0.0,0.0,0.0,0.0,0.0,0.0,0.0,0.0,0.0,0.0,1.0
10,12,0.0,0.0,0.0,0.0,0.0,0.0,0.0,0.0,0.0,0.0,0.0,0.0,1.0
10,12,0.0,0.0,0.0,0.0,0.0,0.0,0.0,0.0,0.0,0.0,0.0,0.0,1.0
10,12,0.0,0.0,0.0,0.0,0.0,0.0,0.0,0.0,0.0,0.0,0.0,0.0,1.0
10,12,0.0,0.0,0.0,0.0,0.0,0.0,0.0,0.0,0.0,0.0,0.0,0.0,1.0
10,12,0.0,0.0,0.0,0.0,0.0,0.0,0.0,0.0,0.0,0.0,0.0,0.0,1.0
10,12,0.0,0.0,0.0,0.0,0.0,0.0,0.0,0.0,0.0,0.0,0.0,0.0,1.0
10,12,0.0,0.0,0.0,0.0,0.0,0.0,0.0,0.0,0.0,0.0,0.0,0.0,1.0
10,12,0.0,0.0,0.0,0.0,0.0,0.0,0.0,0.0,0.0,0.0,0.0,0.0,1.0
10,12,0.0,0.0,0.0,0.0,0.0,0.0,0.0,0.0,0.0,0.0,0.0,0.0,1.0
10,12,0.0,0.0,0.0,0.0,0.0,0.0,0.0,0.0,0.0,0.0,0.0,0.0,1.0
10,12,0.0,0.0,0.0,0.0,0.0,0.0,0.0,0.0,0.0,0.0,0.0,0.0,1.0
10,12,0.0,0.0,0.0,0.0,0.0,0.0,0.0,0.0,0.0,0.0,0.0,0.0,1.0
10,12,0.0,0.0,0.0,0.0,0.0,0.0,0.0,0.0,0.0,0.0,0.0,0.0,1.0
10,12,0.0,0.0,0.0,0.0,0.0,0.0,0.0,0.0,0.0,0.0,0.0,0.0,1.0
10,12,0.0,0.0,0.0,0.0,0.0,0.0,0.0,0.0,0.0,0.0,0.0,0.0,1.0
10,12,0.0,0.0,0.0,0.0,0.0,0.0,0.0,0.0,0.0,0.0,0.0,0.0,1.0
10,12,0.0,0.0,0.0,0.0,0.0,0.0,0.0,0.0,0.0,0.0,0.0,0.0,1.0
10,12,0.0,0.0,0.0,0.0,0.0,0.0,0.0,0.0,0.0,0.0,0.0,0.0,1.0
10,12,0.0,0.0,0.0,0.0,0.0,0.0,0.0,0.0,0.0,0.0,0.0,0.0,1.0
10,12,0.0,0.0,0.0,0.0,0.0,0.0,0.0,0.0,0.0,0.0,0.0,0.0,1.0
10,12,0.0,0.0,0.0,0.0,0.0,0.0,0.0,0.0,0.0,0.0,0.0,0.0,1.0
10,12,0.0,0.0,0.0,0.0,0.0,0.0,0.0,0.0,0.0,0.0,0.0,0.0,1.0
10,12,0.0,0.0,0.0,0.0,0.0,0.0,0.0,0.0,0.0,0.0,0.0,0.0,1.0
10,12,0.0,0.0,0.0,0.0,0.0,0.0,0.0,0.0,0.0,0.0,0.0,0.0,1.0
10,12,0.0,0.0,0.0,0.0,0.0,0.0,0.0,0.0,0.0,0.0,0.0,0.0,1.0
10,12,0.0,0.0,0.0,0.0,0.0,0.0,0.0,0.0,0.0,0.0,0.0,0.0,1.0
10,12,0.0,0.0,0.0,0.0,0.0,0.0,0.0,0.0,0.0,0.0,0.0,0.0,1.0
10,12,0.0,0.0,0.0,0.0,0.0,0.0,0.0,0.0,0.0,0.0,0.0,0.0,1.0
10,12,0.0,0.0,0.0,0.0,0.0,0.0,0.0,0.0,0.0,0.0,0.0,0.0,1.0
10,12,0.0,0.0,0.0,0.0,0.0,0.0,0.0,0.0,0.0,0.0,0.0,0.0,1.0
10,12,0.0,0.0,0.0,0.0,0.0,0.0,0.0,0.0,0.0,0.0,0.0,0.0,1.0
10,12,0.0,0.0,0.0,0.0,0.0,0.0,0.0,0.0,0.0,0.0,0.0,0.0,1.0
10,12,0.0,0.0,0.0,0.0,0.0,0.0,0.0,0.0,0.0,0.0,0.0,0.0,1.0
10,12,0.0,0.0,0.0,0.0,0.0,0.0,0.0,0.0,0.0,0.0,0.0,0.0,1.0
10,12,0.0,0.0,0.0,0.0,0.0,0.0,0.0,0.0,0.0,0.0,0.0,0.0,1.0
10,12,0.0,0.0,0.0,0.0,0.0,0.0,0.0,0.0,0.0,0.0,0.0,0.0,1.0
10,12,0.0,0.0,0.0,0.0,0.0,0.0,0.0,0.0,0.0,0.0,0.0,0.0,1.0
10,12,0.0,0.0,0.0,0.0,0.0,0.0,0.0,0.0,0.0,0.0,0.0,0.0,1.0
10,12,0.0,0.0,0.0,0.0,0.0,0.0,0.0,0.0,0.0,0.0,0.0,0.0,1.0
10,12,0.0,0.0,0.0,0.0,0.0,0.0,0.0,0.0,0.0,0.0,0.0,0.0,1.0
10,12,0.0,0.0,0.0,0.0,0.0,0.0,0.0,0.0,0.0,0.0,0.0,0.0,1.0
10,12,0.0,0.0,0.0,0.0,0.0,0.0,0.0,0.0,0.0,0.0,0.0,0.0,1.0
10,12,0.0,0.0,0.0,0.0,0.0,0.0,0.0,0.0,0.0,0.0,0.0,0.0,1.0
10,12,0.0,0.0,0.0,0.0,0.0,0.0,0.0,0.0,0.0,0.0,0.0,0.0,1.0
10,12,0.0,0.0,0.0,0.0,0.0,0.0,0.0,0.0,0.0,0.0,0.0,0.0,1.0
10,12,0.0,0.0,0.0,0.0,0.0,0.0,0.0,0.0,0.0,0.0,0.0,0.0,1.0
10,12,0.0,0.0,0.0,0.0,0.0,0.0,0.0,0.0,0.0,0.0,0.0,0.0,1.0
10,12,0.0,0.0,0.0,0.0,0.0,0.0,0.0,0.0,0.0,0.0,0.0,0.0,1.0
10,12,0.0,0.0,0.0,0.0,0.0,0.0,0.0,0.0,0.0,0.0,0.0,0.0,1.0
10,12,0.0,0.0,0.0,0.0,0.0,0.0,0.0,0.0,0.0,0.0,0.0,0.0,1.0
10,12,0.0,0.0,0.0,0.0,0.0,0.0,0.0,0.0,0.0,0.0,0.0,0.0,1.0
10,12,0.0,0.0,0.0,0.0,0.0,0.0,0.0,0.0,0.0,0.0,0.0,0.0,1.0
10,12,0.0,0.0,0.0,0.0,0.0,0.0,0.0,0.0,0.0,0.0,0.0,0.0,1.0
10,12,0.0,0.0,0.0,0.0,0.0,0.0,0.0,0.0,0.0,0.0,0.0,0.0,1.0
10,12,0.0,0.0,0.0,0.0,0.0,0.0,0.0,0.0,0.0,0.0,0.0,0.0,1.0
10,12,0.0,0.0,0.0,0.0,0.0,0.0,0.0,0.0,0.0,0.0,0.0,0.0,1.0
10,12,0.0,0.0,0.0,0.0,0.0,0.0,0.0,0.0,0.0,0.0,0.0,0.0,1.0
10,12,0.0,0.0,0.0,0.0,0.0,0.0,0.0,0.0,0.0,0.0,0.0,0.0,1.0
10,12,0.0,0.0,0.0,0.0,0.0,0.0,0.0,0.0,0.0,0.0,0.0,0.0,1.0
10,12,0.0,0.0,0.0,0.0,0.0,0.0,0.0,0.0,0.0,0.0,0.0,0.0,1.0
10,12,0.0,0.0,0.0,0.0,0.0,0.0,0.0,0.0,0.0,0.0,0.0,0.0,1.0
10,12,0.0,0.0,0.0,0.0,0.0,0.0,0.0,0.0,0.0,0.0,0.0,0.0,1.0
10,12,0.0,0.0,0.0,0.0,0.0,0.0,0.0,0.0,0.0,0.0,0.0,0.0,1.0
10,12,0.0,0.0,0.0,0.0,0.0,0.0,0.0,0.0,0.0,0.0,0.0,0.0,1.0
10,12,0.0,0.0,0.0,0.0,0.0,0.0,0.0,0.0,0.0,0.0,0.0,0.0,1.0
10,12,0.0,0.0,0.0,0.0,0.0,0.0,0.0,0.0,0.0,0.0,0.0,0.0,1.0
10,12,0.0,0.0,0.0,0.0,0.0,0.0,0.0,0.0,0.0,0.0,0.0,0.0,1.0
10,12,0.0,0.0,0.0,0.0,0.0,0.0,0.0,0.0,0.0,0.0,0.0,0.0,1.0
10,12,0.0,0.0,0.0,0.0,0.0,0.0,0.0,0.0,0.0,0.0,0.0,0.0,1.0
10,12,0.0,0.0,0.0,0.0,0.0,0.0,0.0,0.0,0.0,0.0,0.0,0.0,1.0
10,12,0.0,0.0,0.0,0.0,0.0,0.0,0.0,0.0,0.0,0.0,0.0,0.0,1.0
10,12,0.0,0.0,0.0,0.0,0.0,0.0,0.0,0.0,0.0,0.0,0.0,0.0,1.0
10,12,0.0,0.0,0.0,0.0,0.0,0.0,0.0,0.0,0.0,0.0,0.0,0.0,1.0
10,12,0.0,0.0,0.0,0.0,0.0,0.0,0.0,0.0,0.0,0.0,0.0,0.0,1.0
10,12,0.0,0.0,0.0,0.0,0.0,0.0,0.0,0.0,0.0,0.0,0.0,0.0,1.0
10,12,0.0,0.0,0.0,0.0,0.0,0.0,0.0,0.0,0.0,0.0,0.0,0.0,1.0
10,12,0.0,0.0,0.0,0.0,0.0,0.0,0.0,0.0,0.0,0.0,0.0,0.0,1.0
10,12,0.0,0.0,0.0,0.0,0.0,0.0,0.0,0.0,0.0,0.0,0.0,0.0,1.0
10,12,0.0,0.0,0.0,0.0,0.0,0.0,0.0,0.0,0.0,0.0,0.0,0.0,1.0
10,12,0.0,0.0,0.0,0.0,0.0,0.0,0.0,0.0,0.0,0.0,0.0,0.0,1.0
10,12,0.0,0.0,0.0,0.0,0.0,0.0,0.0,0.0,0.0,0.0,0.0,0.0,1.0
10,12,0.0,0.0,0.0,0.0,0.0,0.0,0.0,0.0,0.0,0.0,0.0,0.0,1.0
10,12,0.0,0.0,0.0,0.0,0.0,0.0,0.0,0.0,0.0,0.0,0.0,0.0,1.0
10,12,0.0,0.0,0.0,0.0,0.0,0.0,0.0,0.0,0.0,0.0,0.0,0.0,1.0
10,12,0.0,0.0,0.0,0.0,0.0,0.0,0.0,0.0,0.0,0.0,0.0,0.0,1.0
10,12,0.0,0.0,0.0,0.0,0.0,0.0,0.0,0.0,0.0,0.0,0.0,0.0,1.0
10,12,0.0,0.0,0.0,0.0,0.0,0.0,0.0,0.0,0.0,0.0,0.0,0.0,1.0
10,12,0.0,0.0,0.0,0.0,0.0,0.0,0.0,0.0,0.0,0.0,0.0,0.0,1.0
10,12,0.0,0.0,0.0,0.0,0.0,0.0,0.0,0.0,0.0,0.0,0.0,0.0,1.0
10,12,0.0,0.0,0.0,0.0,0.0,0.0,0.0,0.0,0.0,0.0,0.0,0.0,1.0
10,12,0.0,0.0,0.0,0.0,0.0,0.0,0.0,0.0,0.0,0.0,0.0,0.0,1.0
10,12,0.0,0.0,0.0,0.0,0.0,0.0,0.0,0.0,0.0,0.0,0.0,0.0,1.0
10,12,0.0,0.0,0.0,0.0,0.0,0.0,0.0,0.0,0.0,0.0,0.0,0.0,1.0
10,12,0.0,0.0,0.0,0.0,0.0,0.0,0.0,0.0,0.0,0.0,0.0,0.0,1.0
10,12,0.0,0.0,0.0,0.0,0.0,0.0,0.0,0.0,0.0,0.0,0.0,0.0,1.0
10,12,0.0,0.0,0.0,0.0,0.0,0.0,0.0,0.0,0.0,0.0,0.0,0.0,1.0
10,12,0.0,0.0,0.0,0.0,0.0,0.0,0.0,0.0,0.0,0.0,0.0,0.0,1.0
10,12,0.0,0.0,0.0,0.0,0.0,0.0,0.0,0.0,0.0,0.0,0.0,0.0,1.0
10,12,0.0,0.0,0.0,0.0,0.0,0.0,0.0,0.0,0.0,0.0,0.0,0.0,1.0
10,12,0.0,0.0,0.0,0.0,0.0,0.0,0.0,0.0,0.0,0.0,0.0,0.0,1.0
10,12,0.0,0.0,0.0,0.0,0.0,0.0,0.0,0.0,0.0,0.0,0.0,0.0,1.0
10,12,0.0,0.0,0.0,0.0,0.0,0.0,0.0,0.0,0.0,0.0,0.0,0.0,1.0
10,12,0.0,0.0,0.0,0.0,0.0,0.0,0.0,0.0,0.0,0.0,0.0,0.0,1.0
10,12,0.0,0.0,0.0,0.0,0.0,0.0,0.0,0.0,0.0,0.0,0.0,0.0,1.0
10,12,0.0,0.0,0.0,0.0,0.0,0.0,0.0,0.0,0.0,0.0,0.0,0.0,1.0
10,12,0.0,0.0,0.0,0.0,0.0,0.0,0.0,0.0,0.0,0.0,0.0,0.0,1.0
10,12,0.0,0.0,0.0,0.0,0.0,0.0,0.0,0.0,0.0,0.0,0.0,0.0,1.0
10,12,0.0,0.0,0.0,0.0,0.0,0.0,0.0,0.0,0.0,0.0,0.0,0.0,1.0
10,12,0.0,0.0,0.0,0.0,0.0,0.0,0.0,0.0,0.0,0.0,0.0,0.0,1.0
10,12,0.0,0.0,0.0,0.0,0.0,0.0,0.0,0.0,0.0,0.0,0.0,0.0,1.0
10,12,0.0,0.0,0.0,0.0,0.0,0.0,0.0,0.0,0.0,0.0,0.0,0.0,1.0
10,12,0.0,0.0,0.0,0.0,0.0,0.0,0.0,0.0,0.0,0.0,0.0,0.0,1.0
10,12,0.0,0.0,0.0,0.0,0.0,0.0,0.0,0.0,0.0,0.0,0.0,0.0,1.0
10,12,0.0,0.0,0.0,0.0,0.0,0.0,0.0,0.0,0.0,0.0,0.0,0.0,1.0
10,12,0.0,0.0,0.0,0.0,0.0,0.0,0.0,0.0,0.0,0.0,0.0,0.0,1.0
10,12,0.0,0.0,0.0,0.0,0.0,0.0,0.0,0.0,0.0,0.0,0.0,0.0,1.0
10,12,0.0,0.0,0.0,0.0,0.0,0.0,0.0,0.0,0.0,0.0,0.0,0.0,1.0
10,12,0.0,0.0,0.0,0.0,0.0,0.0,0.0,0.0,0.0,0.0,0.0,0.0,1.0
10,12,0.0,0.0,0.0,0.0,0.0,0.0,0.0,0.0,0.0,0.0,0.0,0.0,1.0
10,12,0.0,0.0,0.0,0.0,0.0,0.0,0.0,0.0,0.0,0.0,0.0,0.0,1.0
10,12,0.0,0.0,0.0,0.0,0.0,0.0,0.0,0.0,0.0,0.0,0.0,0.0,1.0
10,12,0.0,0.0,0.0,0.0,0.0,0.0,0.0,0.0,0.0,0.0,0.0,0.0,1.0
10,12,0.0,0.0,0.0,0.0,0.0,0.0,0.0,0.0,0.0,0.0,0.0,0.0,1.0
10,12,0.0,0.0,0.0,0.0,0.0,0.0,0.0,0.0,0.0,0.0,0.0,0.0,1.0
10,12,0.0,0.0,0.0,0.0,0.0,0.0,0.0,0.0,0.0,0.0,0.0,0.0,1.0
10,12,0.0,0.0,0.0,0.0,0.0,0.0,0.0,0.0,0.0,0.0,0.0,0.0,1.0
10,12,0.0,0.0,0.0,0.0,0.0,0.0,0.0,0.0,0.0,0.0,0.0,0.0,1.0
10,12,0.0,0.0,0.0,0.0,0.0,0.0,0.0,0.0,0.0,0.0,0.0,0.0,1.0
10,12,0.0,0.0,0.0,0.0,0.0,0.0,0.0,0.0,0.0,0.0,0.0,0.0,1.0
10,12,0.0,0.0,0.0,0.0,0.0,0.0,0.0,0.0,0.0,0.0,0.0,0.0,1.0
10,12,0.0,0.0,0.0,0.0,0.0,0.0,0.0,0.0,0.0,0.0,0.0,0.0,1.0
10,12,0.0,0.0,0.0,0.0,0.0,0.0,0.0,0.0,0.0,0.0,0.0,0.0,1.0
10,12,0.0,0.0,0.0,0.0,0.0,0.0,0.0,0.0,0.0,0.0,0.0,0.0,1.0
10,12,0.0,0.0,0.0,0.0,0.0,0.0,0.0,0.0,0.0,0.0,0.0,0.0,1.0
10,12,0.0,0.0,0.0,0.0,0.0,0.0,0.0,0.0,0.0,0.0,0.0,0.0,1.0
10,12,0.0,0.0,0.0,0.0,0.0,0.0,0.0,0.0,0.0,0.0,0.0,0.0,1.0
10,12,0.0,0.0,0.0,0.0,0.0,0.0,0.0,0.0,0.0,0.0,0.0,0.0,1.0
10,12,0.0,0.0,0.0,0.0,0.0,0.0,0.0,0.0,0.0,0.0,0.0,0.0,1.0
10,12,0.0,0.0,0.0,0.0,0.0,0.0,0.0,0.0,0.0,0.0,0.0,0.0,1.0
10,12,0.0,0.0,0.0,0.0,0.0,0.0,0.0,0.0,0.0,0.0,0.0,0.0,1.0
10,12,0.0,0.0,0.0,0.0,0.0,0.0,0.0,0.0,0.0,0.0,0.0,0.0,1.0
10,12,0.0,0.0,0.0,0.0,0.0,0.0,0.0,0.0,0.0,0.0,0.0,0.0,1.0
10,12,0.0,0.0,0.0,0.0,0.0,0.0,0.0,0.0,0.0,0.0,0.0,0.0,1.0
10,12,0.0,0.0,0.0,0.0,0.0,0.0,0.0,0.0,0.0,0.0,0.0,0.0,1.0
10,12,0.0,0.0,0.0,0.0,0.0,0.0,0.0,0.0,0.0,0.0,0.0,0.0,1.0
10,12,0.0,0.0,0.0,0.0,0.0,0.0,0.0,0.0,0.0,0.0,0.0,0.0,1.0
10,12,0.0,0.0,0.0,0.0,0.0,0.0,0.0,0.0,0.0,0.0,0.0,0.0,1.0
10,12,0.0,0.0,0.0,0.0,0.0,0.0,0.0,0.0,0.0,0.0,0.0,0.0,1.0
10,12,0.0,0.0,0.0,0.0,0.0,0.0,0.0,0.0,0.0,0.0,0.0,0.0,1.0
10,12,0.0,0.0,0.0,0.0,0.0,0.0,0.0,0.0,0.0,0.0,0.0,0.0,1.0
10,12,0.0,0.0,0.0,0.0,0.0,0.0,0.0,0.0,0.0,0.0,0.0,0.0,1.0
10,12,0.0,0.0,0.0,0.0,0.0,0.0,0.0,0.0,0.0,0.0,0.0,0.0,1.0
10,12,0.0,0.0,0.0,0.0,0.0,0.0,0.0,0.0,0.0,0.0,0.0,0.0,1.0
10,12,0.0,0.0,0.0,0.0,0.0,0.0,0.0,0.0,0.0,0.0,0.0,0.0,1.0
10,12,0.0,0.0,0.0,0.0,0.0,0.0,0.0,0.0,0.0,0.0,0.0,0.0,1.0
10,12,0.0,0.0,0.0,0.0,0.0,0.0,0.0,0.0,0.0,0.0,0.0,0.0,1.0
10,12,0.0,0.0,0.0,0.0,0.0,0.0,0.0,0.0,0.0,0.0,0.0,0.0,1.0
10,12,0.0,0.0,0.0,0.0,0.0,0.0,0.0,0.0,0.0,0.0,0.0,0.0,1.0
10,12,0.0,0.0,0.0,0.0,0.0,0.0,0.0,0.0,0.0,0.0,0.0,0.0,1.0
10,12,0.0,0.0,0.0,0.0,0.0,0.0,0.0,0.0,0.0,0.0,0.0,0.0,1.0
10,12,0.0,0.0,0.0,0.0,0.0,0.0,0.0,0.0,0.0,0.0,0.0,0.0,1.0
10,12,0.0,0.0,0.0,0.0,0.0,0.0,0.0,0.0,0.0,0.0,0.0,0.0,1.0
10,12,0.0,0.0,0.0,0.0,0.0,0.0,0.0,0.0,0.0,0.0,0.0,0.0,1.0
10,12,0.0,0.0,0.0,0.0,0.0,0.0,0.0,0.0,0.0,0.0,0.0,0.0,1.0
10,12,0.0,0.0,0.0,0.0,0.0,0.0,0.0,0.0,0.0,0.0,0.0,0.0,1.0
10,12,0.0,0.0,0.0,0.0,0.0,0.0,0.0,0.0,0.0,0.0,0.0,0.0,1.0
10,12,0.0,0.0,0.0,0.0,0.0,0.0,0.0,0.0,0.0,0.0,0.0,0.0,1.0
10,12,0.0,0.0,0.0,0.0,0.0,0.0,0.0,0.0,0.0,0.0,0.0,0.0,1.0
10,12,0.0,0.0,0.0,0.0,0.0,0.0,0.0,0.0,0.0,0.0,0.0,0.0,1.0
10,12,0.0,0.0,0.0,0.0,0.0,0.0,0.0,0.0,0.0,0.0,0.0,0.0,1.0
10,12,0.0,0.0,0.0,0.0,0.0,0.0,0.0,0.0,0.0,0.0,0.0,0.0,1.0
10,12,0.0,0.0,0.0,0.0,0.0,0.0,0.0,0.0,0.0,0.0,0.0,0.0,1.0
10,12,0.0,0.0,0.0,0.0,0.0,0.0,0.0,0.0,0.0,0.0,0.0,0.0,1.0
10,12,0.0,0.0,0.0,0.0,0.0,0.0,0.0,0.0,0.0,0.0,0.0,0.0,1.0
10,12,0.0,0.0,0.0,0.0,0.0,0.0,0.0,0.0,0.0,0.0,0.0,0.0,1.0
10,12,0.0,0.0,0.0,0.0,0.0,0.0,0.0,0.0,0.0,0.0,0.0,0.0,1.0
10,12,0.0,0.0,0.0,0.0,0.0,0.0,0.0,0.0,0.0,0.0,0.0,0.0,1.0
10,12,0.0,0.0,0.0,0.0,0.0,0.0,0.0,0.0,0.0,0.0,0.0,0.0,1.0
10,12,0.0,0.0,0.0,0.0,0.0,0.0,0.0,0.0,0.0,0.0,0.0,0.0,1.0
10,12,0.0,0.0,0.0,0.0,0.0,0.0,0.0,0.0,0.0,0.0,0.0,0.0,1.0
10,12,0.0,0.0,0.0,0.0,0.0,0.0,0.0,0.0,0.0,0.0,0.0,0.0,1.0
10,12,0.0,0.0,0.0,0.0,0.0,0.0,0.0,0.0,0.0,0.0,0.0,0.0,1.0
10,12,0.0,0.0,0.0,0.0,0.0,0.0,0.0,0.0,0.0,0.0,0.0,0.0,1.0
10,12,0.0,0.0,0.0,0.0,0.0,0.0,0.0,0.0,0.0,0.0,0.0,0.0,1.0
10,12,0.0,0.0,0.0,0.0,0.0,0.0,0.0,0.0,0.0,0.0,0.0,0.0,1.0
10,12,0.0,0.0,0.0,0.0,0.0,0.0,0.0,0.0,0.0,0.0,0.0,0.0,1.0
10,12,0.0,0.0,0.0,0.0,0.0,0.0,0.0,0.0,0.0,0.0,0.0,0.0,1.0
10,12,0.0,0.0,0.0,0.0,0.0,0.0,0.0,0.0,0.0,0.0,0.0,0.0,1.0
10,12,0.0,0.0,0.0,0.0,0.0,0.0,0.0,0.0,0.0,0.0,0.0,0.0,1.0
10,12,0.0,0.0,0.0,0.0,0.0,0.0,0.0,0.0,0.0,0.0,0.0,0.0,1.0
10,12,0.0,0.0,0.0,0.0,0.0,0.0,0.0,0.0,0.0,0.0,0.0,0.0,1.0
10,12,0.0,0.0,0.0,0.0,0.0,0.0,0.0,0.0,0.0,0.0,0.0,0.0,1.0
10,12,0.0,0.0,0.0,0.0,0.0,0.0,0.0,0.0,0.0,0.0,0.0,0.0,1.0
10,12,0.0,0.0,0.0,0.0,0.0,0.0,0.0,0.0,0.0,0.0,0.0,0.0,1.0
10,12,0.0,0.0,0.0,0.0,0.0,0.0,0.0,0.0,0.0,0.0,0.0,0.0,1.0
10,12,0.0,0.0,0.0,0.0,0.0,0.0,0.0,0.0,0.0,0.0,0.0,0.0,1.0
10,12,0.0,0.0,0.0,0.0,0.0,0.0,0.0,0.0,0.0,0.0,0.0,0.0,1.0
10,12,0.0,0.0,0.0,0.0,0.0,0.0,0.0,0.0,0.0,0.0,0.0,0.0,1.0
10,12,0.0,0.0,0.0,0.0,0.0,0.0,0.0,0.0,0.0,0.0,0.0,0.0,1.0
10,12,0.0,0.0,0.0,0.0,0.0,0.0,0.0,0.0,0.0,0.0,0.0,0.0,1.0
10,12,0.0,0.0,0.0,0.0,0.0,0.0,0.0,0.0,0.0,0.0,0.0,0.0,1.0
10,12,0.0,0.0,0.0,0.0,0.0,0.0,0.0,0.0,0.0,0.0,0.0,0.0,1.0
10,12,0.0,0.0,0.0,0.0,0.0,0.0,0.0,0.0,0.0,0.0,0.0,0.0,1.0
10,12,0.0,0.0,0.0,0.0,0.0,0.0,0.0,0.0,0.0,0.0,0.0,0.0,1.0
10,12,0.0,0.0,0.0,0.0,0.0,0.0,0.0,0.0,0.0,0.0,0.0,0.0,1.0
10,12,0.0,0.0,0.0,0.0,0.0,0.0,0.0,0.0,0.0,0.0,0.0,0.0,1.0
10,12,0.0,0.0,0.0,0.0,0.0,0.0,0.0,0.0,0.0,0.0,0.0,0.0,1.0
10,12,0.0,0.0,0.0,0.0,0.0,0.0,0.0,0.0,0.0,0.0,0.0,0.0,1.0
10,12,0.0,0.0,0.0,0.0,0.0,0.0,0.0,0.0,0.0,0.0,0.0,0.0,1.0
10,12,0.0,0.0,0.0,0.0,0.0,0.0,0.0,0.0,0.0,0.0,0.0,0.0,1.0
10,12,0.0,0.0,0.0,0.0,0.0,0.0,0.0,0.0,0.0,0.0,0.0,0.0,1.0
10,12,0.0,0.0,0.0,0.0,0.0,0.0,0.0,0.0,0.0,0.0,0.0,0.0,1.0
10,12,0.0,0.0,0.0,0.0,0.0,0.0,0.0,0.0,0.0,0.0,0.0,0.0,1.0
10,12,0.0,0.0,0.0,0.0,0.0,0.0,0.0,0.0,0.0,0.0,0.0,0.0,1.0
10,12,0.0,0.0,0.0,0.0,0.0,0.0,0.0,0.0,0.0,0.0,0.0,0.0,1.0
10,12,0.0,0.0,0.0,0.0,0.0,0.0,0.0,0.0,0.0,0.0,0.0,0.0,1.0
10,12,0.0,0.0,0.0,0.0,0.0,0.0,0.0,0.0,0.0,0.0,0.0,0.0,1.0
10,12,0.0,0.0,0.0,0.0,0.0,0.0,0.0,0.0,0.0,0.0,0.0,0.0,1.0
10,12,0.0,0.0,0.0,0.0,0.0,0.0,0.0,0.0,0.0,0.0,0.0,0.0,1.0
10,12,0.0,0.0,0.0,0.0,0.0,0.0,0.0,0.0,0.0,0.0,0.0,0.0,1.0
10,12,0.0,0.0,0.0,0.0,0.0,0.0,0.0,0.0,0.0,0.0,0.0,0.0,1.0
10,12,0.0,0.0,0.0,0.0,0.0,0.0,0.0,0.0,0.0,0.0,0.0,0.0,1.0
10,12,0.0,0.0,0.0,0.0,0.0,0.0,0.0,0.0,0.0,0.0,0.0,0.0,1.0
10,12,0.0,0.0,0.0,0.0,0.0,0.0,0.0,0.0,0.0,0.0,0.0,0.0,1.0
10,12,0.0,0.0,0.0,0.0,0.0,0.0,0.0,0.0,0.0,0.0,0.0,0.0,1.0
10,12,0.0,0.0,0.0,0.0,0.0,0.0,0.0,0.0,0.0,0.0,0.0,0.0,1.0
10,12,0.0,0.0,0.0,0.0,0.0,0.0,0.0,0.0,0.0,0.0,0.0,0.0,1.0
10,12,0.0,0.0,0.0,0.0,0.0,0.0,0.0,0.0,0.0,0.0,0.0,0.0,1.0
10,12,0.0,0.0,0.0,0.0,0.0,0.0,0.0,0.0,0.0,0.0,0.0,0.0,1.0
10,12,0.0,0.0,0.0,0.0,0.0,0.0,0.0,0.0,0.0,0.0,0.0,0.0,1.0
10,12,0.0,0.0,0.0,0.0,0.0,0.0,0.0,0.0,0.0,0.0,0.0,0.0,1.0
10,12,0.0,0.0,0.0,0.0,0.0,0.0,0.0,0.0,0.0,0.0,0.0,0.0,1.0
10,12,0.0,0.0,0.0,0.0,0.0,0.0,0.0,0.0,0.0,0.0,0.0,0.0,1.0
10,12,0.0,0.0,0.0,0.0,0.0,0.0,0.0,0.0,0.0,0.0,0.0,0.0,1.0
10,12,0.0,0.0,0.0,0.0,0.0,0.0,0.0,0.0,0.0,0.0,0.0,0.0,1.0
10,12,0.0,0.0,0.0,0.0,0.0,0.0,0.0,0.0,0.0,0.0,0.0,0.0,1.0
10,12,0.0,0.0,0.0,0.0,0.0,0.0,0.0,0.0,0.0,0.0,0.0,0.0,1.0
10,12,0.0,0.0,0.0,0.0,0.0,0.0,0.0,0.0,0.0,0.0,0.0,0.0,1.0
10,12,0.0,0.0,0.0,0.0,0.0,0.0,0.0,0.0,0.0,0.0,0.0,0.0,1.0
10,12,0.0,0.0,0.0,0.0,0.0,0.0,0.0,0.0,0.0,0.0,0.0,0.0,1.0
10,12,0.0,0.0,0.0,0.0,0.0,0.0,0.0,0.0,0.0,0.0,0.0,0.0,1.0
10,12,0.0,0.0,0.0,0.0,0.0,0.0,0.0,0.0,0.0,0.0,0.0,0.0,1.0
10,12,0.0,0.0,0.0,0.0,0.0,0.0,0.0,0.0,0.0,0.0,0.0,0.0,1.0
10,12,0.0,0.0,0.0,0.0,0.0,0.0,0.0,0.0,0.0,0.0,0.0,0.0,1.0
10,12,0.0,0.0,0.0,0.0,0.0,0.0,0.0,0.0,0.0,0.0,0.0,0.0,1.0
10,12,0.0,0.0,0.0,0.0,0.0,0.0,0.0,0.0,0.0,0.0,0.0,0.0,1.0
10,12,0.0,0.0,0.0,0.0,0.0,0.0,0.0,0.0,0.0,0.0,0.0,0.0,1.0
10,12,0.0,0.0,0.0,0.0,0.0,0.0,0.0,0.0,0.0,0.0,0.0,0.0,1.0
10,12,0.0,0.0,0.0,0.0,0.0,0.0,0.0,0.0,0.0,0.0,0.0,0.0,1.0
10,12,0.0,0.0,0.0,0.0,0.0,0.0,0.0,0.0,0.0,0.0,0.0,0.0,1.0
10,12,0.0,0.0,0.0,0.0,0.0,0.0,0.0,0.0,0.0,0.0,0.0,0.0,1.0
10,12,0.0,0.0,0.0,0.0,0.0,0.0,0.0,0.0,0.0,0.0,0.0,0.0,1.0
10,12,0.0,0.0,0.0,0.0,0.0,0.0,0.0,0.0,0.0,0.0,0.0,0.0,1.0
10,12,0.0,0.0,0.0,0.0,0.0,0.0,0.0,0.0,0.0,0.0,0.0,0.0,1.0
10,12,0.0,0.0,0.0,0.0,0.0,0.0,0.0,0.0,0.0,0.0,0.0,0.0,1.0
10,12,0.0,0.0,0.0,0.0,0.0,0.0,0.0,0.0,0.0,0.0,0.0,0.0,1.0
10,12,0.0,0.0,0.0,0.0,0.0,0.0,0.0,0.0,0.0,0.0,0.0,0.0,1.0
10,12,0.0,0.0,0.0,0.0,0.0,0.0,0.0,0.0,0.0,0.0,0.0,0.0,1.0
10,12,0.0,0.0,0.0,0.0,0.0,0.0,0.0,0.0,0.0,0.0,0.0,0.0,1.0
10,12,0.0,0.0,0.0,0.0,0.0,0.0,0.0,0.0,0.0,0.0,0.0,0.0,1.0
10,12,0.0,0.0,0.0,0.0,0.0,0.0,0.0,0.0,0.0,0.0,0.0,0.0,1.0
10,12,0.0,0.0,0.0,0.0,0.0,0.0,0.0,0.0,0.0,0.0,0.0,0.0,1.0
10,12,0.0,0.0,0.0,0.0,0.0,0.0,0.0,0.0,0.0,0.0,0.0,0.0,1.0
10,12,0.0,0.0,0.0,0.0,0.0,0.0,0.0,0.0,0.0,0.0,0.0,0.0,1.0
10,12,0.0,0.0,0.0,0.0,0.0,0.0,0.0,0.0,0.0,0.0,0.0,0.0,1.0
10,12,0.0,0.0,0.0,0.0,0.0,0.0,0.0,0.0,0.0,0.0,0.0,0.0,1.0
10,12,0.0,0.0,0.0,0.0,0.0,0.0,0.0,0.0,0.0,0.0,0.0,0.0,1.0
10,12,0.0,0.0,0.0,0.0,0.0,0.0,0.0,0.0,0.0,0.0,0.0,0.0,1.0
10,12,0.0,0.0,0.0,0.0,0.0,0.0,0.0,0.0,0.0,0.0,0.0,0.0,1.0
10,12,0.0,0.0,0.0,0.0,0.0,0.0,0.0,0.0,0.0,0.0,0.0,0.0,1.0
10,12,0.0,0.0,0.0,0.0,0.0,0.0,0.0,0.0,0.0,0.0,0.0,0.0,1.0
10,12,0.0,0.0,0.0,0.0,0.0,0.0,0.0,0.0,0.0,0.0,0.0,0.0,1.0
10,12,0.0,0.0,0.0,0.0,0.0,0.0,0.0,0.0,0.0,0.0,0.0,0.0,1.0
10,12,0.0,0.0,0.0,0.0,0.0,0.0,0.0,0.0,0.0,0.0,0.0,0.0,1.0
10,12,0.0,0.0,0.0,0.0,0.0,0.0,0.0,0.0,0.0,0.0,0.0,0.0,1.0
10,12,0.0,0.0,0.0,0.0,0.0,0.0,0.0,0.0,0.0,0.0,0.0,0.0,1.0
10,12,0.0,0.0,0.0,0.0,0.0,0.0,0.0,0.0,0.0,0.0,0.0,0.0,1.0
10,12,0.0,0.0,0.0,0.0,0.0,0.0,0.0,0.0,0.0,0.0,0.0,0.0,1.0
10,12,0.0,0.0,0.0,0.0,0.0,0.0,0.0,0.0,0.0,0.0,0.0,0.0,1.0
10,12,0.0,0.0,0.0,0.0,0.0,0.0,0.0,0.0,0.0,0.0,0.0,0.0,1.0
10,12,0.0,0.0,0.0,0.0,0.0,0.0,0.0,0.0,0.0,0.0,0.0,0.0,1.0
10,12,0.0,0.0,0.0,0.0,0.0,0.0,0.0,0.0,0.0,0.0,0.0,0.0,1.0
10,12,0.0,0.0,0.0,0.0,0.0,0.0,0.0,0.0,0.0,0.0,0.0,0.0,1.0
10,12,0.0,0.0,0.0,0.0,0.0,0.0,0.0,0.0,0.0,0.0,0.0,0.0,1.0
10,12,0.0,0.0,0.0,0.0,0.0,0.0,0.0,0.0,0.0,0.0,0.0,0.0,1.0
10,12,0.0,0.0,0.0,0.0,0.0,0.0,0.0,0.0,0.0,0.0,0.0,0.0,1.0
10,12,0.0,0.0,0.0,0.0,0.0,0.0,0.0,0.0,0.0,0.0,0.0,0.0,1.0
10,12,0.0,0.0,0.0,0.0,0.0,0.0,0.0,0.0,0.0,0.0,0.0,0.0,1.0
10,12,0.0,0.0,0.0,0.0,0.0,0.0,0.0,0.0,0.0,0.0,0.0,0.0,1.0
10,12,0.0,0.0,0.0,0.0,0.0,0.0,0.0,0.0,0.0,0.0,0.0,0.0,1.0
10,12,0.0,0.0,0.0,0.0,0.0,0.0,0.0,0.0,0.0,0.0,0.0,0.0,1.0
10,12,0.0,0.0,0.0,0.0,0.0,0.0,0.0,0.0,0.0,0.0,0.0,0.0,1.0
10,12,0.0,0.0,0.0,0.0,0.0,0.0,0.0,0.0,0.0,0.0,0.0,0.0,1.0
10,12,0.0,0.0,0.0,0.0,0.0,0.0,0.0,0.0,0.0,0.0,0.0,0.0,1.0
10,12,0.0,0.0,0.0,0.0,0.0,0.0,0.0,0.0,0.0,0.0,0.0,0.0,1.0
10,12,0.0,0.0,0.0,0.0,0.0,0.0,0.0,0.0,0.0,0.0,0.0,0.0,1.0
10,12,0.0,0.0,0.0,0.0,0.0,0.0,0.0,0.0,0.0,0.0,0.0,0.0,1.0
10,12,0.0,0.0,0.0,0.0,0.0,0.0,0.0,0.0,0.0,0.0,0.0,0.0,1.0
10,12,0.0,0.0,0.0,0.0,0.0,0.0,0.0,0.0,0.0,0.0,0.0,0.0,1.0
10,12,0.0,0.0,0.0,0.0,0.0,0.0,0.0,0.0,0.0,0.0,0.0,0.0,1.0
10,12,0.0,0.0,0.0,0.0,0.0,0.0,0.0,0.0,0.0,0.0,0.0,0.0,1.0
10,12,0.0,0.0,0.0,0.0,0.0,0.0,0.0,0.0,0.0,0.0,0.0,0.0,1.0
10,12,0.0,0.0,0.0,0.0,0.0,0.0,0.0,0.0,0.0,0.0,0.0,0.0,1.0
10,12,0.0,0.0,0.0,0.0,0.0,0.0,0.0,0.0,0.0,0.0,0.0,0.0,1.0
10,12,0.0,0.0,0.0,0.0,0.0,0.0,0.0,0.0,0.0,0.0,0.0,0.0,1.0
10,12,0.0,0.0,0.0,0.0,0.0,0.0,0.0,0.0,0.0,0.0,0.0,0.0,1.0
10,12,0.0,0.0,0.0,0.0,0.0,0.0,0.0,0.0,0.0,0.0,0.0,0.0,1.0
10,12,0.0,0.0,0.0,0.0,0.0,0.0,0.0,0.0,0.0,0.0,0.0,0.0,1.0
10,12,0.0,0.0,0.0,0.0,0.0,0.0,0.0,0.0,0.0,0.0,0.0,0.0,1.0
10,12,0.0,0.0,0.0,0.0,0.0,0.0,0.0,0.0,0.0,0.0,0.0,0.0,1.0
10,12,0.0,0.0,0.0,0.0,0.0,0.0,0.0,0.0,0.0,0.0,0.0,0.0,1.0
10,12,0.0,0.0,0.0,0.0,0.0,0.0,0.0,0.0,0.0,0.0,0.0,0.0,1.0
10,12,0.0,0.0,0.0,0.0,0.0,0.0,0.0,0.0,0.0,0.0,0.0,0.0,1.0
10,12,0.0,0.0,0.0,0.0,0.0,0.0,0.0,0.0,0.0,0.0,0.0,0.0,1.0
10,12,0.0,0.0,0.0,0.0,0.0,0.0,0.0,0.0,0.0,0.0,0.0,0.0,1.0
10,12,0.0,0.0,0.0,0.0,0.0,0.0,0.0,0.0,0.0,0.0,0.0,0.0,1.0
10,12,0.0,0.0,0.0,0.0,0.0,0.0,0.0,0.0,0.0,0.0,0.0,0.0,1.0
10,12,0.0,0.0,0.0,0.0,0.0,0.0,0.0,0.0,0.0,0.0,0.0,0.0,1.0
10,12,0.0,0.0,0.0,0.0,0.0,0.0,0.0,0.0,0.0,0.0,0.0,0.0,1.0
10,12,0.0,0.0,0.0,0.0,0.0,0.0,0.0,0.0,0.0,0.0,0.0,0.0,1.0
10,12,0.0,0.0,0.0,0.0,0.0,0.0,0.0,0.0,0.0,0.0,0.0,0.0,1.0
10,12,0.0,0.0,0.0,0.0,0.0,0.0,0.0,0.0,0.0,0.0,0.0,0.0,1.0
10,12,0.0,0.0,0.0,0.0,0.0,0.0,0.0,0.0,0.0,0.0,0.0,0.0,1.0
10,12,0.0,0.0,0.0,0.0,0.0,0.0,0.0,0.0,0.0,0.0,0.0,0.0,1.0
10,12,0.0,0.0,0.0,0.0,0.0,0.0,0.0,0.0,0.0,0.0,0.0,0.0,1.0
10,12,0.0,0.0,0.0,0.0,0.0,0.0,0.0,0.0,0.0,0.0,0.0,0.0,1.0
10,12,0.0,0.0,0.0,0.0,0.0,0.0,0.0,0.0,0.0,0.0,0.0,0.0,1.0
10,12,0.0,0.0,0.0,0.0,0.0,0.0,0.0,0.0,0.0,0.0,0.0,0.0,1.0
10,12,0.0,0.0,0.0,0.0,0.0,0.0,0.0,0.0,0.0,0.0,0.0,0.0,1.0
10,12,0.0,0.0,0.0,0.0,0.0,0.0,0.0,0.0,0.0,0.0,0.0,0.0,1.0
10,12,0.0,0.0,0.0,0.0,0.0,0.0,0.0,0.0,0.0,0.0,0.0,0.0,1.0
10,12,0.0,0.0,0.0,0.0,0.0,0.0,0.0,0.0,0.0,0.0,0.0,0.0,1.0
10,12,0.0,0.0,0.0,0.0,0.0,0.0,0.0,0.0,0.0,0.0,0.0,0.0,1.0
10,12,0.0,0.0,0.0,0.0,0.0,0.0,0.0,0.0,0.0,0.0,0.0,0.0,1.0
10,12,0.0,0.0,0.0,0.0,0.0,0.0,0.0,0.0,0.0,0.0,0.0,0.0,1.0
10,12,0.0,0.0,0.0,0.0,0.0,0.0,0.0,0.0,0.0,0.0,0.0,0.0,1.0
10,12,0.0,0.0,0.0,0.0,0.0,0.0,0.0,0.0,0.0,0.0,0.0,0.0,1.0
10,12,0.0,0.0,0.0,0.0,0.0,0.0,0.0,0.0,0.0,0.0,0.0,0.0,1.0
10,12,0.0,0.0,0.0,0.0,0.0,0.0,0.0,0.0,0.0,0.0,0.0,0.0,1.0
10,12,0.0,0.0,0.0,0.0,0.0,0.0,0.0,0.0,0.0,0.0,0.0,0.0,1.0
10,12,0.0,0.0,0.0,0.0,0.0,0.0,0.0,0.0,0.0,0.0,0.0,0.0,1.0
10,12,0.0,0.0,0.0,0.0,0.0,0.0,0.0,0.0,0.0,0.0,0.0,0.0,1.0
10,12,0.0,0.0,0.0,0.0,0.0,0.0,0.0,0.0,0.0,0.0,0.0,0.0,1.0
10,12,0.0,0.0,0.0,0.0,0.0,0.0,0.0,0.0,0.0,0.0,0.0,0.0,1.0
10,12,0.0,0.0,0.0,0.0,0.0,0.0,0.0,0.0,0.0,0.0,0.0,0.0,1.0
10,12,0.0,0.0,0.0,0.0,0.0,0.0,0.0,0.0,0.0,0.0,0.0,0.0,1.0
10,12,0.0,0.0,0.0,0.0,0.0,0.0,0.0,0.0,0.0,0.0,0.0,0.0,1.0
10,12,0.0,0.0,0.0,0.0,0.0,0.0,0.0,0.0,0.0,0.0,0.0,0.0,1.0
10,12,0.0,0.0,0.0,0.0,0.0,0.0,0.0,0.0,0.0,0.0,0.0,0.0,1.0
10,12,0.0,0.0,0.0,0.0,0.0,0.0,0.0,0.0,0.0,0.0,0.0,0.0,1.0
10,12,0.0,0.0,0.0,0.0,0.0,0.0,0.0,0.0,0.0,0.0,0.0,0.0,1.0
10,12,0.0,0.0,0.0,0.0,0.0,0.0,0.0,0.0,0.0,0.0,0.0,0.0,1.0
10,12,0.0,0.0,0.0,0.0,0.0,0.0,0.0,0.0,0.0,0.0,0.0,0.0,1.0
10,12,0.0,0.0,0.0,0.0,0.0,0.0,0.0,0.0,0.0,0.0,0.0,0.0,1.0
10,12,0.0,0.0,0.0,0.0,0.0,0.0,0.0,0.0,0.0,0.0,0.0,0.0,1.0
10,12,0.0,0.0,0.0,0.0,0.0,0.0,0.0,0.0,0.0,0.0,0.0,0.0,1.0
10,12,0.0,0.0,0.0,0.0,0.0,0.0,0.0,0.0,0.0,0.0,0.0,0.0,1.0
10,12,0.0,0.0,0.0,0.0,0.0,0.0,0.0,0.0,0.0,0.0,0.0,0.0,1.0
10,12,0.0,0.0,0.0,0.0,0.0,0.0,0.0,0.0,0.0,0.0,0.0,0.0,1.0
10,12,0.0,0.0,0.0,0.0,0.0,0.0,0.0,0.0,0.0,0.0,0.0,0.0,1.0
10,12,0.0,0.0,0.0,0.0,0.0,0.0,0.0,0.0,0.0,0.0,0.0,0.0,1.0
10,12,0.0,0.0,0.0,0.0,0.0,0.0,0.0,0.0,0.0,0.0,0.0,0.0,1.0
10,12,0.0,0.0,0.0,0.0,0.0,0.0,0.0,0.0,0.0,0.0,0.0,0.0,1.0
10,12,0.0,0.0,0.0,0.0,0.0,0.0,0.0,0.0,0.0,0.0,0.0,0.0,1.0
10,12,0.0,0.0,0.0,0.0,0.0,0.0,0.0,0.0,0.0,0.0,0.0,0.0,1.0
10,12,0.0,0.0,0.0,0.0,0.0,0.0,0.0,0.0,0.0,0.0,0.0,0.0,1.0
10,12,0.0,0.0,0.0,0.0,0.0,0.0,0.0,0.0,0.0,0.0,0.0,0.0,1.0
10,12,0.0,0.0,0.0,0.0,0.0,0.0,0.0,0.0,0.0,0.0,0.0,0.0,1.0
10,12,0.0,0.0,0.0,0.0,0.0,0.0,0.0,0.0,0.0,0.0,0.0,0.0,1.0
10,12,0.0,0.0,0.0,0.0,0.0,0.0,0.0,0.0,0.0,0.0,0.0,0.0,1.0
10,12,0.0,0.0,0.0,0.0,0.0,0.0,0.0,0.0,0.0,0.0,0.0,0.0,1.0
10,12,0.0,0.0,0.0,0.0,0.0,0.0,0.0,0.0,0.0,0.0,0.0,0.0,1.0
10,12,0.0,0.0,0.0,0.0,0.0,0.0,0.0,0.0,0.0,0.0,0.0,0.0,1.0
10,12,0.0,0.0,0.0,0.0,0.0,0.0,0.0,0.0,0.0,0.0,0.0,0.0,1.0
10,12,0.0,0.0,0.0,0.0,0.0,0.0,0.0,0.0,0.0,0.0,0.0,0.0,1.0
10,12,0.0,0.0,0.0,0.0,0.0,0.0,0.0,0.0,0.0,0.0,0.0,0.0,1.0
10,12,0.0,0.0,0.0,0.0,0.0,0.0,0.0,0.0,0.0,0.0,0.0,0.0,1.0
10,12,0.0,0.0,0.0,0.0,0.0,0.0,0.0,0.0,0.0,0.0,0.0,0.0,1.0
10,12,0.0,0.0,0.0,0.0,0.0,0.0,0.0,0.0,0.0,0.0,0.0,0.0,1.0
10,12,0.0,0.0,0.0,0.0,0.0,0.0,0.0,0.0,0.0,0.0,0.0,0.0,1.0
10,12,0.0,0.0,0.0,0.0,0.0,0.0,0.0,0.0,0.0,0.0,0.0,0.0,1.0
10,12,0.0,0.0,0.0,0.0,0.0,0.0,0.0,0.0,0.0,0.0,0.0,0.0,1.0
10,12,0.0,0.0,0.0,0.0,0.0,0.0,0.0,0.0,0.0,0.0,0.0,0.0,1.0
10,12,0.0,0.0,0.0,0.0,0.0,0.0,0.0,0.0,0.0,0.0,0.0,0.0,1.0
10,12,0.0,0.0,0.0,0.0,0.0,0.0,0.0,0.0,0.0,0.0,0.0,0.0,1.0
10,12,0.0,0.0,0.0,0.0,0.0,0.0,0.0,0.0,0.0,0.0,0.0,0.0,1.0
10,12,0.0,0.0,0.0,0.0,0.0,0.0,0.0,0.0,0.0,0.0,0.0,0.0,1.0
10,12,0.0,0.0,0.0,0.0,0.0,0.0,0.0,0.0,0.0,0.0,0.0,0.0,1.0
10,12,0.0,0.0,0.0,0.0,0.0,0.0,0.0,0.0,0.0,0.0,0.0,0.0,1.0
10,12,0.0,0.0,0.0,0.0,0.0,0.0,0.0,0.0,0.0,0.0,0.0,0.0,1.0
10,12,0.0,0.0,0.0,0.0,0.0,0.0,0.0,0.0,0.0,0.0,0.0,0.0,1.0
10,12,0.0,0.0,0.0,0.0,0.0,0.0,0.0,0.0,0.0,0.0,0.0,0.0,1.0
10,12,0.0,0.0,0.0,0.0,0.0,0.0,0.0,0.0,0.0,0.0,0.0,0.0,1.0
10,12,0.0,0.0,0.0,0.0,0.0,0.0,0.0,0.0,0.0,0.0,0.0,0.0,1.0
10,12,0.0,0.0,0.0,0.0,0.0,0.0,0.0,0.0,0.0,0.0,0.0,0.0,1.0
10,12,0.0,0.0,0.0,0.0,0.0,0.0,0.0,0.0,0.0,0.0,0.0,0.0,1.0
10,12,0.0,0.0,0.0,0.0,0.0,0.0,0.0,0.0,0.0,0.0,0.0,0.0,1.0
10,12,0.0,0.0,0.0,0.0,0.0,0.0,0.0,0.0,0.0,0.0,0.0,0.0,1.0
10,12,0.0,0.0,0.0,0.0,0.0,0.0,0.0,0.0,0.0,0.0,0.0,0.0,1.0
10,12,0.0,0.0,0.0,0.0,0.0,0.0,0.0,0.0,0.0,0.0,0.0,0.0,1.0
10,12,0.0,0.0,0.0,0.0,0.0,0.0,0.0,0.0,0.0,0.0,0.0,0.0,1.0
10,12,0.0,0.0,0.0,0.0,0.0,0.0,0.0,0.0,0.0,0.0,0.0,0.0,1.0
10,12,0.0,0.0,0.0,0.0,0.0,0.0,0.0,0.0,0.0,0.0,0.0,0.0,1.0
10,12,0.0,0.0,0.0,0.0,0.0,0.0,0.0,0.0,0.0,0.0,0.0,0.0,1.0
10,12,0.0,0.0,0.0,0.0,0.0,0.0,0.0,0.0,0.0,0.0,0.0,0.0,1.0
10,12,0.0,0.0,0.0,0.0,0.0,0.0,0.0,0.0,0.0,0.0,0.0,0.0,1.0
10,12,0.0,0.0,0.0,0.0,0.0,0.0,0.0,0.0,0.0,0.0,0.0,0.0,1.0
10,12,0.0,0.0,0.0,0.0,0.0,0.0,0.0,0.0,0.0,0.0,0.0,0.0,1.0
10,12,0.0,0.0,0.0,0.0,0.0,0.0,0.0,0.0,0.0,0.0,0.0,0.0,1.0
10,12,0.0,0.0,0.0,0.0,0.0,0.0,0.0,0.0,0.0,0.0,0.0,0.0,1.0
10,12,0.0,0.0,0.0,0.0,0.0,0.0,0.0,0.0,0.0,0.0,0.0,0.0,1.0
10,12,0.0,0.0,0.0,0.0,0.0,0.0,0.0,0.0,0.0,0.0,0.0,0.0,1.0
10,12,0.0,0.0,0.0,0.0,0.0,0.0,0.0,0.0,0.0,0.0,0.0,0.0,1.0
10,12,0.0,0.0,0.0,0.0,0.0,0.0,0.0,0.0,0.0,0.0,0.0,0.0,1.0
10,12,0.0,0.0,0.0,0.0,0.0,0.0,0.0,0.0,0.0,0.0,0.0,0.0,1.0
10,12,0.0,0.0,0.0,0.0,0.0,0.0,0.0,0.0,0.0,0.0,0.0,0.0,1.0
10,12,0.0,0.0,0.0,0.0,0.0,0.0,0.0,0.0,0.0,0.0,0.0,0.0,1.0
10,12,0.0,0.0,0.0,0.0,0.0,0.0,0.0,0.0,0.0,0.0,0.0,0.0,1.0
10,12,0.0,0.0,0.0,0.0,0.0,0.0,0.0,0.0,0.0,0.0,0.0,0.0,1.0
10,12,0.0,0.0,0.0,0.0,0.0,0.0,0.0,0.0,0.0,0.0,0.0,0.0,1.0
10,12,0.0,0.0,0.0,0.0,0.0,0.0,0.0,0.0,0.0,0.0,0.0,0.0,1.0
10,12,0.0,0.0,0.0,0.0,0.0,0.0,0.0,0.0,0.0,0.0,0.0,0.0,1.0
10,12,0.0,0.0,0.0,0.0,0.0,0.0,0.0,0.0,0.0,0.0,0.0,0.0,1.0
10,12,0.0,0.0,0.0,0.0,0.0,0.0,0.0,0.0,0.0,0.0,0.0,0.0,1.0
10,12,0.0,0.0,0.0,0.0,0.0,0.0,0.0,0.0,0.0,0.0,0.0,0.0,1.0
10,12,0.0,0.0,0.0,0.0,0.0,0.0,0.0,0.0,0.0,0.0,0.0,0.0,1.0
10,12,0.0,0.0,0.0,0.0,0.0,0.0,0.0,0.0,0.0,0.0,0.0,0.0,1.0
10,12,0.0,0.0,0.0,0.0,0.0,0.0,0.0,0.0,0.0,0.0,0.0,0.0,1.0
10,12,0.0,0.0,0.0,0.0,0.0,0.0,0.0,0.0,0.0,0.0,0.0,0.0,1.0
10,12,0.0,0.0,0.0,0.0,0.0,0.0,0.0,0.0,0.0,0.0,0.0,0.0,1.0
10,12,0.0,0.0,0.0,0.0,0.0,0.0,0.0,0.0,0.0,0.0,0.0,0.0,1.0
10,12,0.0,0.0,0.0,0.0,0.0,0.0,0.0,0.0,0.0,0.0,0.0,0.0,1.0
10,12,0.0,0.0,0.0,0.0,0.0,0.0,0.0,0.0,0.0,0.0,0.0,0.0,1.0
10,12,0.0,0.0,0.0,0.0,0.0,0.0,0.0,0.0,0.0,0.0,0.0,0.0,1.0
10,12,0.0,0.0,0.0,0.0,0.0,0.0,0.0,0.0,0.0,0.0,0.0,0.0,1.0
10,12,0.0,0.0,0.0,0.0,0.0,0.0,0.0,0.0,0.0,0.0,0.0,0.0,1.0
10,12,0.0,0.0,0.0,0.0,0.0,0.0,0.0,0.0,0.0,0.0,0.0,0.0,1.0
10,12,0.0,0.0,0.0,0.0,0.0,0.0,0.0,0.0,0.0,0.0,0.0,0.0,1.0
10,12,0.0,0.0,0.0,0.0,0.0,0.0,0.0,0.0,0.0,0.0,0.0,0.0,1.0
10,12,0.0,0.0,0.0,0.0,0.0,0.0,0.0,0.0,0.0,0.0,0.0,0.0,1.0
10,12,0.0,0.0,0.0,0.0,0.0,0.0,0.0,0.0,0.0,0.0,0.0,0.0,1.0
10,12,0.0,0.0,0.0,0.0,0.0,0.0,0.0,0.0,0.0,0.0,0.0,0.0,1.0
10,12,0.0,0.0,0.0,0.0,0.0,0.0,0.0,0.0,0.0,0.0,0.0,0.0,1.0
10,12,0.0,0.0,0.0,0.0,0.0,0.0,0.0,0.0,0.0,0.0,0.0,0.0,1.0
10,12,0.0,0.0,0.0,0.0,0.0,0.0,0.0,0.0,0.0,0.0,0.0,0.0,1.0
10,12,0.0,0.0,0.0,0.0,0.0,0.0,0.0,0.0,0.0,0.0,0.0,0.0,1.0
10,12,0.0,0.0,0.0,0.0,0.0,0.0,0.0,0.0,0.0,0.0,0.0,0.0,1.0
10,12,0.0,0.0,0.0,0.0,0.0,0.0,0.0,0.0,0.0,0.0,0.0,0.0,1.0
10,12,0.0,0.0,0.0,0.0,0.0,0.0,0.0,0.0,0.0,0.0,0.0,0.0,1.0
10,12,0.0,0.0,0.0,0.0,0.0,0.0,0.0,0.0,0.0,0.0,0.0,0.0,1.0
10,12,0.0,0.0,0.0,0.0,0.0,0.0,0.0,0.0,0.0,0.0,0.0,0.0,1.0
10,12,0.0,0.0,0.0,0.0,0.0,0.0,0.0,0.0,0.0,0.0,0.0,0.0,1.0
10,12,0.0,0.0,0.0,0.0,0.0,0.0,0.0,0.0,0.0,0.0,0.0,0.0,1.0
10,12,0.0,0.0,0.0,0.0,0.0,0.0,0.0,0.0,0.0,0.0,0.0,0.0,1.0
10,12,0.0,0.0,0.0,0.0,0.0,0.0,0.0,0.0,0.0,0.0,0.0,0.0,1.0
10,12,0.0,0.0,0.0,0.0,0.0,0.0,0.0,0.0,0.0,0.0,0.0,0.0,1.0
10,12,0.0,0.0,0.0,0.0,0.0,0.0,0.0,0.0,0.0,0.0,0.0,0.0,1.0
10,12,0.0,0.0,0.0,0.0,0.0,0.0,0.0,0.0,0.0,0.0,0.0,0.0,1.0
10,12,0.0,0.0,0.0,0.0,0.0,0.0,0.0,0.0,0.0,0.0,0.0,0.0,1.0
10,12,0.0,0.0,0.0,0.0,0.0,0.0,0.0,0.0,0.0,0.0,0.0,0.0,1.0
10,12,0.0,0.0,0.0,0.0,0.0,0.0,0.0,0.0,0.0,0.0,0.0,0.0,1.0
10,12,0.0,0.0,0.0,0.0,0.0,0.0,0.0,0.0,0.0,0.0,0.0,0.0,1.0
10,12,0.0,0.0,0.0,0.0,0.0,0.0,0.0,0.0,0.0,0.0,0.0,0.0,1.0
10,12,0.0,0.0,0.0,0.0,0.0,0.0,0.0,0.0,0.0,0.0,0.0,0.0,1.0
10,12,0.0,0.0,0.0,0.0,0.0,0.0,0.0,0.0,0.0,0.0,0.0,0.0,1.0
10,12,0.0,0.0,0.0,0.0,0.0,0.0,0.0,0.0,0.0,0.0,0.0,0.0,1.0
10,12,0.0,0.0,0.0,0.0,0.0,0.0,0.0,0.0,0.0,0.0,0.0,0.0,1.0
10,12,0.0,0.0,0.0,0.0,0.0,0.0,0.0,0.0,0.0,0.0,0.0,0.0,1.0
10,12,0.0,0.0,0.0,0.0,0.0,0.0,0.0,0.0,0.0,0.0,0.0,0.0,1.0
10,12,0.0,0.0,0.0,0.0,0.0,0.0,0.0,0.0,0.0,0.0,0.0,0.0,1.0
10,12,0.0,0.0,0.0,0.0,0.0,0.0,0.0,0.0,0.0,0.0,0.0,0.0,1.0
10,12,0.0,0.0,0.0,0.0,0.0,0.0,0.0,0.0,0.0,0.0,0.0,0.0,1.0
10,12,0.0,0.0,0.0,0.0,0.0,0.0,0.0,0.0,0.0,0.0,0.0,0.0,1.0
10,12,0.0,0.0,0.0,0.0,0.0,0.0,0.0,0.0,0.0,0.0,0.0,0.0,1.0
10,12,0.0,0.0,0.0,0.0,0.0,0.0,0.0,0.0,0.0,0.0,0.0,0.0,1.0
10,12,0.0,0.0,0.0,0.0,0.0,0.0,0.0,0.0,0.0,0.0,0.0,0.0,1.0
10,12,0.0,0.0,0.0,0.0,0.0,0.0,0.0,0.0,0.0,0.0,0.0,0.0,1.0
10,12,0.0,0.0,0.0,0.0,0.0,0.0,0.0,0.0,0.0,0.0,0.0,0.0,1.0
10,12,0.0,0.0,0.0,0.0,0.0,0.0,0.0,0.0,0.0,0.0,0.0,0.0,1.0
10,12,0.0,0.0,0.0,0.0,0.0,0.0,0.0,0.0,0.0,0.0,0.0,0.0,1.0
10,12,0.0,0.0,0.0,0.0,0.0,0.0,0.0,0.0,0.0,0.0,0.0,0.0,1.0
10,12,0.0,0.0,0.0,0.0,0.0,0.0,0.0,0.0,0.0,0.0,0.0,0.0,1.0
10,12,0.0,0.0,0.0,0.0,0.0,0.0,0.0,0.0,0.0,0.0,0.0,0.0,1.0
10,12,0.0,0.0,0.0,0.0,0.0,0.0,0.0,0.0,0.0,0.0,0.0,0.0,1.0
10,12,0.0,0.0,0.0,0.0,0.0,0.0,0.0,0.0,0.0,0.0,0.0,0.0,1.0
10,12,0.0,0.0,0.0,0.0,0.0,0.0,0.0,0.0,0.0,0.0,0.0,0.0,1.0
10,12,0.0,0.0,0.0,0.0,0.0,0.0,0.0,0.0,0.0,0.0,0.0,0.0,1.0
10,12,0.0,0.0,0.0,0.0,0.0,0.0,0.0,0.0,0.0,0.0,0.0,0.0,1.0
10,12,0.0,0.0,0.0,0.0,0.0,0.0,0.0,0.0,0.0,0.0,0.0,0.0,1.0
10,12,0.0,0.0,0.0,0.0,0.0,0.0,0.0,0.0,0.0,0.0,0.0,0.0,1.0
10,12,0.0,0.0,0.0,0.0,0.0,0.0,0.0,0.0,0.0,0.0,0.0,0.0,1.0
10,12,0.0,0.0,0.0,0.0,0.0,0.0,0.0,0.0,0.0,0.0,0.0,0.0,1.0
10,12,0.0,0.0,0.0,0.0,0.0,0.0,0.0,0.0,0.0,0.0,0.0,0.0,1.0
10,12,0.0,0.0,0.0,0.0,0.0,0.0,0.0,0.0,0.0,0.0,0.0,0.0,1.0
10,12,0.0,0.0,0.0,0.0,0.0,0.0,0.0,0.0,0.0,0.0,0.0,0.0,1.0
10,12,0.0,0.0,0.0,0.0,0.0,0.0,0.0,0.0,0.0,0.0,0.0,0.0,1.0
10,12,0.0,0.0,0.0,0.0,0.0,0.0,0.0,0.0,0.0,0.0,0.0,0.0,1.0
10,12,0.0,0.0,0.0,0.0,0.0,0.0,0.0,0.0,0.0,0.0,0.0,0.0,1.0
10,12,0.0,0.0,0.0,0.0,0.0,0.0,0.0,0.0,0.0,0.0,0.0,0.0,1.0
10,12,0.0,0.0,0.0,0.0,0.0,0.0,0.0,0.0,0.0,0.0,0.0,0.0,1.0
10,12,0.0,0.0,0.0,0.0,0.0,0.0,0.0,0.0,0.0,0.0,0.0,0.0,1.0
10,12,0.0,0.0,0.0,0.0,0.0,0.0,0.0,0.0,0.0,0.0,0.0,0.0,1.0
10,12,0.0,0.0,0.0,0.0,0.0,0.0,0.0,0.0,0.0,0.0,0.0,0.0,1.0
10,12,0.0,0.0,0.0,0.0,0.0,0.0,0.0,0.0,0.0,0.0,0.0,0.0,1.0
10,12,0.0,0.0,0.0,0.0,0.0,0.0,0.0,0.0,0.0,0.0,0.0,0.0,1.0
10,12,0.0,0.0,0.0,0.0,0.0,0.0,0.0,0.0,0.0,0.0,0.0,0.0,1.0
10,12,0.0,0.0,0.0,0.0,0.0,0.0,0.0,0.0,0.0,0.0,0.0,0.0,1.0
10,12,0.0,0.0,0.0,0.0,0.0,0.0,0.0,0.0,0.0,0.0,0.0,0.0,1.0
10,12,0.0,0.0,0.0,0.0,0.0,0.0,0.0,0.0,0.0,0.0,0.0,0.0,1.0
10,12,0.0,0.0,0.0,0.0,0.0,0.0,0.0,0.0,0.0,0.0,0.0,0.0,1.0
10,12,0.0,0.0,0.0,0.0,0.0,0.0,0.0,0.0,0.0,0.0,0.0,0.0,1.0
10,12,0.0,0.0,0.0,0.0,0.0,0.0,0.0,0.0,0.0,0.0,0.0,0.0,1.0
10,12,0.0,0.0,0.0,0.0,0.0,0.0,0.0,0.0,0.0,0.0,0.0,0.0,1.0
10,12,0.0,0.0,0.0,0.0,0.0,0.0,0.0,0.0,0.0,0.0,0.0,0.0,1.0
10,12,0.0,0.0,0.0,0.0,0.0,0.0,0.0,0.0,0.0,0.0,0.0,0.0,1.0
10,12,0.0,0.0,0.0,0.0,0.0,0.0,0.0,0.0,0.0,0.0,0.0,0.0,1.0
10,12,0.0,0.0,0.0,0.0,0.0,0.0,0.0,0.0,0.0,0.0,0.0,0.0,1.0
10,12,0.0,0.0,0.0,0.0,0.0,0.0,0.0,0.0,0.0,0.0,0.0,0.0,1.0
10,12,0.0,0.0,0.0,0.0,0.0,0.0,0.0,0.0,0.0,0.0,0.0,0.0,1.0
10,12,0.0,0.0,0.0,0.0,0.0,0.0,0.0,0.0,0.0,0.0,0.0,0.0,1.0
10,12,0.0,0.0,0.0,0.0,0.0,0.0,0.0,0.0,0.0,0.0,0.0,0.0,1.0
10,12,0.0,0.0,0.0,0.0,0.0,0.0,0.0,0.0,0.0,0.0,0.0,0.0,1.0
10,12,0.0,0.0,0.0,0.0,0.0,0.0,0.0,0.0,0.0,0.0,0.0,0.0,1.0
10,12,0.0,0.0,0.0,0.0,0.0,0.0,0.0,0.0,0.0,0.0,0.0,0.0,1.0
10,12,0.0,0.0,0.0,0.0,0.0,0.0,0.0,0.0,0.0,0.0,0.0,0.0,1.0
10,12,0.0,0.0,0.0,0.0,0.0,0.0,0.0,0.0,0.0,0.0,0.0,0.0,1.0
10,12,0.0,0.0,0.0,0.0,0.0,0.0,0.0,0.0,0.0,0.0,0.0,0.0,1.0
10,12,0.0,0.0,0.0,0.0,0.0,0.0,0.0,0.0,0.0,0.0,0.0,0.0,1.0
10,12,0.0,0.0,0.0,0.0,0.0,0.0,0.0,0.0,0.0,0.0,0.0,0.0,1.0
10,12,0.0,0.0,0.0,0.0,0.0,0.0,0.0,0.0,0.0,0.0,0.0,0.0,1.0
10,12,0.0,0.0,0.0,0.0,0.0,0.0,0.0,0.0,0.0,0.0,0.0,0.0,1.0
10,12,0.0,0.0,0.0,0.0,0.0,0.0,0.0,0.0,0.0,0.0,0.0,0.0,1.0
10,12,0.0,0.0,0.0,0.0,0.0,0.0,0.0,0.0,0.0,0.0,0.0,0.0,1.0
10,12,0.0,0.0,0.0,0.0,0.0,0.0,0.0,0.0,0.0,0.0,0.0,0.0,1.0
10,12,0.0,0.0,0.0,0.0,0.0,0.0,0.0,0.0,0.0,0.0,0.0,0.0,1.0
10,12,0.0,0.0,0.0,0.0,0.0,0.0,0.0,0.0,0.0,0.0,0.0,0.0,1.0
10,12,0.0,0.0,0.0,0.0,0.0,0.0,0.0,0.0,0.0,0.0,0.0,0.0,1.0
10,12,0.0,0.0,0.0,0.0,0.0,0.0,0.0,0.0,0.0,0.0,0.0,0.0,1.0
10,12,0.0,0.0,0.0,0.0,0.0,0.0,0.0,0.0,0.0,0.0,0.0,0.0,1.0
10,12,0.0,0.0,0.0,0.0,0.0,0.0,0.0,0.0,0.0,0.0,0.0,0.0,1.0
10,12,0.0,0.0,0.0,0.0,0.0,0.0,0.0,0.0,0.0,0.0,0.0,0.0,1.0
10,12,0.0,0.0,0.0,0.0,0.0,0.0,0.0,0.0,0.0,0.0,0.0,0.0,1.0
10,12,0.0,0.0,0.0,0.0,0.0,0.0,0.0,0.0,0.0,0.0,0.0,0.0,1.0
10,12,0.0,0.0,0.0,0.0,0.0,0.0,0.0,0.0,0.0,0.0,0.0,0.0,1.0
10,12,0.0,0.0,0.0,0.0,0.0,0.0,0.0,0.0,0.0,0.0,0.0,0.0,1.0
10,12,0.0,0.0,0.0,0.0,0.0,0.0,0.0,0.0,0.0,0.0,0.0,0.0,1.0
10,12,0.0,0.0,0.0,0.0,0.0,0.0,0.0,0.0,0.0,0.0,0.0,0.0,1.0
10,12,0.0,0.0,0.0,0.0,0.0,0.0,0.0,0.0,0.0,0.0,0.0,0.0,1.0
10,12,0.0,0.0,0.0,0.0,0.0,0.0,0.0,0.0,0.0,0.0,0.0,0.0,1.0
10,12,0.0,0.0,0.0,0.0,0.0,0.0,0.0,0.0,0.0,0.0,0.0,0.0,1.0
10,12,0.0,0.0,0.0,0.0,0.0,0.0,0.0,0.0,0.0,0.0,0.0,0.0,1.0
10,12,0.0,0.0,0.0,0.0,0.0,0.0,0.0,0.0,0.0,0.0,0.0,0.0,1.0
10,12,0.0,0.0,0.0,0.0,0.0,0.0,0.0,0.0,0.0,0.0,0.0,0.0,1.0
10,12,0.0,0.0,0.0,0.0,0.0,0.0,0.0,0.0,0.0,0.0,0.0,0.0,1.0
10,12,0.0,0.0,0.0,0.0,0.0,0.0,0.0,0.0,0.0,0.0,0.0,0.0,1.0
10,12,0.0,0.0,0.0,0.0,0.0,0.0,0.0,0.0,0.0,0.0,0.0,0.0,1.0
10,12,0.0,0.0,0.0,0.0,0.0,0.0,0.0,0.0,0.0,0.0,0.0,0.0,1.0
10,12,0.0,0.0,0.0,0.0,0.0,0.0,0.0,0.0,0.0,0.0,0.0,0.0,1.0
10,12,0.0,0.0,0.0,0.0,0.0,0.0,0.0,0.0,0.0,0.0,0.0,0.0,1.0
10,12,0.0,0.0,0.0,0.0,0.0,0.0,0.0,0.0,0.0,0.0,0.0,0.0,1.0
10,12,0.0,0.0,0.0,0.0,0.0,0.0,0.0,0.0,0.0,0.0,0.0,0.0,1.0
10,12,0.0,0.0,0.0,0.0,0.0,0.0,0.0,0.0,0.0,0.0,0.0,0.0,1.0
10,12,0.0,0.0,0.0,0.0,0.0,0.0,0.0,0.0,0.0,0.0,0.0,0.0,1.0
10,12,0.0,0.0,0.0,0.0,0.0,0.0,0.0,0.0,0.0,0.0,0.0,0.0,1.0
10,12,0.0,0.0,0.0,0.0,0.0,0.0,0.0,0.0,0.0,0.0,0.0,0.0,1.0
10,12,0.0,0.0,0.0,0.0,0.0,0.0,0.0,0.0,0.0,0.0,0.0,0.0,1.0
10,12,0.0,0.0,0.0,0.0,0.0,0.0,0.0,0.0,0.0,0.0,0.0,0.0,1.0
10,12,0.0,0.0,0.0,0.0,0.0,0.0,0.0,0.0,0.0,0.0,0.0,0.0,1.0
10,12,0.0,0.0,0.0,0.0,0.0,0.0,0.0,0.0,0.0,0.0,0.0,0.0,1.0
10,12,0.0,0.0,0.0,0.0,0.0,0.0,0.0,0.0,0.0,0.0,0.0,0.0,1.0
10,12,0.0,0.0,0.0,0.0,0.0,0.0,0.0,0.0,0.0,0.0,0.0,0.0,1.0
10,12,0.0,0.0,0.0,0.0,0.0,0.0,0.0,0.0,0.0,0.0,0.0,0.0,1.0
10,12,0.0,0.0,0.0,0.0,0.0,0.0,0.0,0.0,0.0,0.0,0.0,0.0,1.0
10,12,0.0,0.0,0.0,0.0,0.0,0.0,0.0,0.0,0.0,0.0,0.0,0.0,1.0
10,12,0.0,0.0,0.0,0.0,0.0,0.0,0.0,0.0,0.0,0.0,0.0,0.0,1.0
10,12,0.0,0.0,0.0,0.0,0.0,0.0,0.0,0.0,0.0,0.0,0.0,0.0,1.0
10,12,0.0,0.0,0.0,0.0,0.0,0.0,0.0,0.0,0.0,0.0,0.0,0.0,1.0
10,12,0.0,0.0,0.0,0.0,0.0,0.0,0.0,0.0,0.0,0.0,0.0,0.0,1.0
10,12,0.0,0.0,0.0,0.0,0.0,0.0,0.0,0.0,0.0,0.0,0.0,0.0,1.0
10,12,0.0,0.0,0.0,0.0,0.0,0.0,0.0,0.0,0.0,0.0,0.0,0.0,1.0
10,12,0.0,0.0,0.0,0.0,0.0,0.0,0.0,0.0,0.0,0.0,0.0,0.0,1.0
10,12,0.0,0.0,0.0,0.0,0.0,0.0,0.0,0.0,0.0,0.0,0.0,0.0,1.0
10,12,0.0,0.0,0.0,0.0,0.0,0.0,0.0,0.0,0.0,0.0,0.0,0.0,1.0
10,12,0.0,0.0,0.0,0.0,0.0,0.0,0.0,0.0,0.0,0.0,0.0,0.0,1.0
10,12,0.0,0.0,0.0,0.0,0.0,0.0,0.0,0.0,0.0,0.0,0.0,0.0,1.0
10,12,0.0,0.0,0.0,0.0,0.0,0.0,0.0,0.0,0.0,0.0,0.0,0.0,1.0
10,12,0.0,0.0,0.0,0.0,0.0,0.0,0.0,0.0,0.0,0.0,0.0,0.0,1.0
10,12,0.0,0.0,0.0,0.0,0.0,0.0,0.0,0.0,0.0,0.0,0.0,0.0,1.0
10,12,0.0,0.0,0.0,0.0,0.0,0.0,0.0,0.0,0.0,0.0,0.0,0.0,1.0
10,12,0.0,0.0,0.0,0.0,0.0,0.0,0.0,0.0,0.0,0.0,0.0,0.0,1.0
10,12,0.0,0.0,0.0,0.0,0.0,0.0,0.0,0.0,0.0,0.0,0.0,0.0,1.0
10,12,0.0,0.0,0.0,0.0,0.0,0.0,0.0,0.0,0.0,0.0,0.0,0.0,1.0
10,12,0.0,0.0,0.0,0.0,0.0,0.0,0.0,0.0,0.0,0.0,0.0,0.0,1.0
10,12,0.0,0.0,0.0,0.0,0.0,0.0,0.0,0.0,0.0,0.0,0.0,0.0,1.0
10,12,0.0,0.0,0.0,0.0,0.0,0.0,0.0,0.0,0.0,0.0,0.0,0.0,1.0
10,12,0.0,0.0,0.0,0.0,0.0,0.0,0.0,0.0,0.0,0.0,0.0,0.0,1.0
10,12,0.0,0.0,0.0,0.0,0.0,0.0,0.0,0.0,0.0,0.0,0.0,0.0,1.0
10,12,0.0,0.0,0.0,0.0,0.0,0.0,0.0,0.0,0.0,0.0,0.0,0.0,1.0
10,12,0.0,0.0,0.0,0.0,0.0,0.0,0.0,0.0,0.0,0.0,0.0,0.0,1.0
10,12,0.0,0.0,0.0,0.0,0.0,0.0,0.0,0.0,0.0,0.0,0.0,0.0,1.0
10,12,0.0,0.0,0.0,0.0,0.0,0.0,0.0,0.0,0.0,0.0,0.0,0.0,1.0
10,12,0.0,0.0,0.0,0.0,0.0,0.0,0.0,0.0,0.0,0.0,0.0,0.0,1.0
10,12,0.0,0.0,0.0,0.0,0.0,0.0,0.0,0.0,0.0,0.0,0.0,0.0,1.0
10,12,0.0,0.0,0.0,0.0,0.0,0.0,0.0,0.0,0.0,0.0,0.0,0.0,1.0
10,12,0.0,0.0,0.0,0.0,0.0,0.0,0.0,0.0,0.0,0.0,0.0,0.0,1.0
10,12,0.0,0.0,0.0,0.0,0.0,0.0,0.0,0.0,0.0,0.0,0.0,0.0,1.0
10,12,0.0,0.0,0.0,0.0,0.0,0.0,0.0,0.0,0.0,0.0,0.0,0.0,1.0
10,12,0.0,0.0,0.0,0.0,0.0,0.0,0.0,0.0,0.0,0.0,0.0,0.0,1.0
10,12,0.0,0.0,0.0,0.0,0.0,0.0,0.0,0.0,0.0,0.0,0.0,0.0,1.0
10,12,0.0,0.0,0.0,0.0,0.0,0.0,0.0,0.0,0.0,0.0,0.0,0.0,1.0
10,12,0.0,0.0,0.0,0.0,0.0,0.0,0.0,0.0,0.0,0.0,0.0,0.0,1.0
10,12,0.0,0.0,0.0,0.0,0.0,0.0,0.0,0.0,0.0,0.0,0.0,0.0,1.0
10,12,0.0,0.0,0.0,0.0,0.0,0.0,0.0,0.0,0.0,0.0,0.0,0.0,1.0
10,12,0.0,0.0,0.0,0.0,0.0,0.0,0.0,0.0,0.0,0.0,0.0,0.0,1.0
10,12,0.0,0.0,0.0,0.0,0.0,0.0,0.0,0.0,0.0,0.0,0.0,0.0,1.0
10,12,0.0,0.0,0.0,0.0,0.0,0.0,0.0,0.0,0.0,0.0,0.0,0.0,1.0
10,12,0.0,0.0,0.0,0.0,0.0,0.0,0.0,0.0,0.0,0.0,0.0,0.0,1.0
10,12,0.0,0.0,0.0,0.0,0.0,0.0,0.0,0.0,0.0,0.0,0.0,0.0,1.0
10,12,0.0,0.0,0.0,0.0,0.0,0.0,0.0,0.0,0.0,0.0,0.0,0.0,1.0
10,12,0.0,0.0,0.0,0.0,0.0,0.0,0.0,0.0,0.0,0.0,0.0,0.0,1.0
10,12,0.0,0.0,0.0,0.0,0.0,0.0,0.0,0.0,0.0,0.0,0.0,0.0,1.0
10,12,0.0,0.0,0.0,0.0,0.0,0.0,0.0,0.0,0.0,0.0,0.0,0.0,1.0
10,12,0.0,0.0,0.0,0.0,0.0,0.0,0.0,0.0,0.0,0.0,0.0,0.0,1.0
10,12,0.0,0.0,0.0,0.0,0.0,0.0,0.0,0.0,0.0,0.0,0.0,0.0,1.0
10,12,0.0,0.0,0.0,0.0,0.0,0.0,0.0,0.0,0.0,0.0,0.0,0.0,1.0
10,12,0.0,0.0,0.0,0.0,0.0,0.0,0.0,0.0,0.0,0.0,0.0,0.0,1.0
10,12,0.0,0.0,0.0,0.0,0.0,0.0,0.0,0.0,0.0,0.0,0.0,0.0,1.0
10,12,0.0,0.0,0.0,0.0,0.0,0.0,0.0,0.0,0.0,0.0,0.0,0.0,1.0
10,12,0.0,0.0,0.0,0.0,0.0,0.0,0.0,0.0,0.0,0.0,0.0,0.0,1.0
10,12,0.0,0.0,0.0,0.0,0.0,0.0,0.0,0.0,0.0,0.0,0.0,0.0,1.0
10,12,0.0,0.0,0.0,0.0,0.0,0.0,0.0,0.0,0.0,0.0,0.0,0.0,1.0
10,12,0.0,0.0,0.0,0.0,0.0,0.0,0.0,0.0,0.0,0.0,0.0,0.0,1.0
10,12,0.0,0.0,0.0,0.0,0.0,0.0,0.0,0.0,0.0,0.0,0.0,0.0,1.0
10,12,0.0,0.0,0.0,0.0,0.0,0.0,0.0,0.0,0.0,0.0,0.0,0.0,1.0
10,12,0.0,0.0,0.0,0.0,0.0,0.0,0.0,0.0,0.0,0.0,0.0,0.0,1.0
10,12,0.0,0.0,0.0,0.0,0.0,0.0,0.0,0.0,0.0,0.0,0.0,0.0,1.0
10,12,0.0,0.0,0.0,0.0,0.0,0.0,0.0,0.0,0.0,0.0,0.0,0.0,1.0
10,12,0.0,0.0,0.0,0.0,0.0,0.0,0.0,0.0,0.0,0.0,0.0,0.0,1.0
10,12,0.0,0.0,0.0,0.0,0.0,0.0,0.0,0.0,0.0,0.0,0.0,0.0,1.0
10,12,0.0,0.0,0.0,0.0,0.0,0.0,0.0,0.0,0.0,0.0,0.0,0.0,1.0
10,12,0.0,0.0,0.0,0.0,0.0,0.0,0.0,0.0,0.0,0.0,0.0,0.0,1.0
10,12,0.0,0.0,0.0,0.0,0.0,0.0,0.0,0.0,0.0,0.0,0.0,0.0,1.0
10,12,0.0,0.0,0.0,0.0,0.0,0.0,0.0,0.0,0.0,0.0,0.0,0.0,1.0
10,12,0.0,0.0,0.0,0.0,0.0,0.0,0.0,0.0,0.0,0.0,0.0,0.0,1.0
10,12,0.0,0.0,0.0,0.0,0.0,0.0,0.0,0.0,0.0,0.0,0.0,0.0,1.0
10,12,0.0,0.0,0.0,0.0,0.0,0.0,0.0,0.0,0.0,0.0,0.0,0.0,1.0
10,12,0.0,0.0,0.0,0.0,0.0,0.0,0.0,0.0,0.0,0.0,0.0,0.0,1.0
10,12,0.0,0.0,0.0,0.0,0.0,0.0,0.0,0.0,0.0,0.0,0.0,0.0,1.0
10,12,0.0,0.0,0.0,0.0,0.0,0.0,0.0,0.0,0.0,0.0,0.0,0.0,1.0
10,12,0.0,0.0,0.0,0.0,0.0,0.0,0.0,0.0,0.0,0.0,0.0,0.0,1.0
10,12,0.0,0.0,0.0,0.0,0.0,0.0,0.0,0.0,0.0,0.0,0.0,0.0,1.0
10,12,0.0,0.0,0.0,0.0,0.0,0.0,0.0,0.0,0.0,0.0,0.0,0.0,1.0
10,12,0.0,0.0,0.0,0.0,0.0,0.0,0.0,0.0,0.0,0.0,0.0,0.0,1.0
10,12,0.0,0.0,0.0,0.0,0.0,0.0,0.0,0.0,0.0,0.0,0.0,0.0,1.0
10,12,0.0,0.0,0.0,0.0,0.0,0.0,0.0,0.0,0.0,0.0,0.0,0.0,1.0
10,12,0.0,0.0,0.0,0.0,0.0,0.0,0.0,0.0,0.0,0.0,0.0,0.0,1.0
10,12,0.0,0.0,0.0,0.0,0.0,0.0,0.0,0.0,0.0,0.0,0.0,0.0,1.0
10,12,0.0,0.0,0.0,0.0,0.0,0.0,0.0,0.0,0.0,0.0,0.0,0.0,1.0
10,12,0.0,0.0,0.0,0.0,0.0,0.0,0.0,0.0,0.0,0.0,0.0,0.0,1.0
10,12,0.0,0.0,0.0,0.0,0.0,0.0,0.0,0.0,0.0,0.0,0.0,0.0,1.0
10,12,0.0,0.0,0.0,0.0,0.0,0.0,0.0,0.0,0.0,0.0,0.0,0.0,1.0
10,12,0.0,0.0,0.0,0.0,0.0,0.0,0.0,0.0,0.0,0.0,0.0,0.0,1.0
10,12,0.0,0.0,0.0,0.0,0.0,0.0,0.0,0.0,0.0,0.0,0.0,0.0,1.0
10,12,0.0,0.0,0.0,0.0,0.0,0.0,0.0,0.0,0.0,0.0,0.0,0.0,1.0
10,12,0.0,0.0,0.0,0.0,0.0,0.0,0.0,0.0,0.0,0.0,0.0,0.0,1.0
10,12,0.0,0.0,0.0,0.0,0.0,0.0,0.0,0.0,0.0,0.0,0.0,0.0,1.0
10,12,0.0,0.0,0.0,0.0,0.0,0.0,0.0,0.0,0.0,0.0,0.0,0.0,1.0
10,12,0.0,0.0,0.0,0.0,0.0,0.0,0.0,0.0,0.0,0.0,0.0,0.0,1.0
10,12,0.0,0.0,0.0,0.0,0.0,0.0,0.0,0.0,0.0,0.0,0.0,0.0,1.0
10,12,0.0,0.0,0.0,0.0,0.0,0.0,0.0,0.0,0.0,0.0,0.0,0.0,1.0
10,12,0.0,0.0,0.0,0.0,0.0,0.0,0.0,0.0,0.0,0.0,0.0,0.0,1.0
10,12,0.0,0.0,0.0,0.0,0.0,0.0,0.0,0.0,0.0,0.0,0.0,0.0,1.0
10,12,0.0,0.0,0.0,0.0,0.0,0.0,0.0,0.0,0.0,0.0,0.0,0.0,1.0
10,12,0.0,0.0,0.0,0.0,0.0,0.0,0.0,0.0,0.0,0.0,0.0,0.0,1.0
10,12,0.0,0.0,0.0,0.0,0.0,0.0,0.0,0.0,0.0,0.0,0.0,0.0,1.0
10,12,0.0,0.0,0.0,0.0,0.0,0.0,0.0,0.0,0.0,0.0,0.0,0.0,1.0
10,12,0.0,0.0,0.0,0.0,0.0,0.0,0.0,0.0,0.0,0.0,0.0,0.0,1.0
10,12,0.0,0.0,0.0,0.0,0.0,0.0,0.0,0.0,0.0,0.0,0.0,0.0,1.0
10,12,0.0,0.0,0.0,0.0,0.0,0.0,0.0,0.0,0.0,0.0,0.0,0.0,1.0
10,12,0.0,0.0,0.0,0.0,0.0,0.0,0.0,0.0,0.0,0.0,0.0,0.0,1.0
10,12,0.0,0.0,0.0,0.0,0.0,0.0,0.0,0.0,0.0,0.0,0.0,0.0,1.0
10,12,0.0,0.0,0.0,0.0,0.0,0.0,0.0,0.0,0.0,0.0,0.0,0.0,1.0
10,12,0.0,0.0,0.0,0.0,0.0,0.0,0.0,0.0,0.0,0.0,0.0,0.0,1.0
10,12,0.0,0.0,0.0,0.0,0.0,0.0,0.0,0.0,0.0,0.0,0.0,0.0,1.0
10,12,0.0,0.0,0.0,0.0,0.0,0.0,0.0,0.0,0.0,0.0,0.0,0.0,1.0
10,12,0.0,0.0,0.0,0.0,0.0,0.0,0.0,0.0,0.0,0.0,0.0,0.0,1.0
10,12,0.0,0.0,0.0,0.0,0.0,0.0,0.0,0.0,0.0,0.0,0.0,0.0,1.0
10,12,0.0,0.0,0.0,0.0,0.0,0.0,0.0,0.0,0.0,0.0,0.0,0.0,1.0
10,12,0.0,0.0,0.0,0.0,0.0,0.0,0.0,0.0,0.0,0.0,0.0,0.0,1.0
10,12,0.0,0.0,0.0,0.0,0.0,0.0,0.0,0.0,0.0,0.0,0.0,0.0,1.0
10,12,0.0,0.0,0.0,0.0,0.0,0.0,0.0,0.0,0.0,0.0,0.0,0.0,1.0
10,12,0.0,0.0,0.0,0.0,0.0,0.0,0.0,0.0,0.0,0.0,0.0,0.0,1.0
10,12,0.0,0.0,0.0,0.0,0.0,0.0,0.0,0.0,0.0,0.0,0.0,0.0,1.0
10,12,0.0,0.0,0.0,0.0,0.0,0.0,0.0,0.0,0.0,0.0,0.0,0.0,1.0
10,12,0.0,0.0,0.0,0.0,0.0,0.0,0.0,0.0,0.0,0.0,0.0,0.0,1.0
10,12,0.0,0.0,0.0,0.0,0.0,0.0,0.0,0.0,0.0,0.0,0.0,0.0,1.0
10,12,0.0,0.0,0.0,0.0,0.0,0.0,0.0,0.0,0.0,0.0,0.0,0.0,1.0
10,12,0.0,0.0,0.0,0.0,0.0,0.0,0.0,0.0,0.0,0.0,0.0,0.0,1.0
10,12,0.0,0.0,0.0,0.0,0.0,0.0,0.0,0.0,0.0,0.0,0.0,0.0,1.0
10,12,0.0,0.0,0.0,0.0,0.0,0.0,0.0,0.0,0.0,0.0,0.0,0.0,1.0
10,12,0.0,0.0,0.0,0.0,0.0,0.0,0.0,0.0,0.0,0.0,0.0,0.0,1.0
10,12,0.0,0.0,0.0,0.0,0.0,0.0,0.0,0.0,0.0,0.0,0.0,0.0,1.0
10,12,0.0,0.0,0.0,0.0,0.0,0.0,0.0,0.0,0.0,0.0,0.0,0.0,1.0
10,12,0.0,0.0,0.0,0.0,0.0,0.0,0.0,0.0,0.0,0.0,0.0,0.0,1.0
10,12,0.0,0.0,0.0,0.0,0.0,0.0,0.0,0.0,0.0,0.0,0.0,0.0,1.0
10,12,0.0,0.0,0.0,0.0,0.0,0.0,0.0,0.0,0.0,0.0,0.0,0.0,1.0
10,12,0.0,0.0,0.0,0.0,0.0,0.0,0.0,0.0,0.0,0.0,0.0,0.0,1.0
10,12,0.0,0.0,0.0,0.0,0.0,0.0,0.0,0.0,0.0,0.0,0.0,0.0,1.0
10,12,0.0,0.0,0.0,0.0,0.0,0.0,0.0,0.0,0.0,0.0,0.0,0.0,1.0
10,12,0.0,0.0,0.0,0.0,0.0,0.0,0.0,0.0,0.0,0.0,0.0,0.0,1.0
10,12,0.0,0.0,0.0,0.0,0.0,0.0,0.0,0.0,0.0,0.0,0.0,0.0,1.0
10,12,0.0,0.0,0.0,0.0,0.0,0.0,0.0,0.0,0.0,0.0,0.0,0.0,1.0
10,12,0.0,0.0,0.0,0.0,0.0,0.0,0.0,0.0,0.0,0.0,0.0,0.0,1.0
10,12,0.0,0.0,0.0,0.0,0.0,0.0,0.0,0.0,0.0,0.0,0.0,0.0,1.0
10,12,0.0,0.0,0.0,0.0,0.0,0.0,0.0,0.0,0.0,0.0,0.0,0.0,1.0
10,12,0.0,0.0,0.0,0.0,0.0,0.0,0.0,0.0,0.0,0.0,0.0,0.0,1.0
10,12,0.0,0.0,0.0,0.0,0.0,0.0,0.0,0.0,0.0,0.0,0.0,0.0,1.0
10,12,0.0,0.0,0.0,0.0,0.0,0.0,0.0,0.0,0.0,0.0,0.0,0.0,1.0
10,12,0.0,0.0,0.0,0.0,0.0,0.0,0.0,0.0,0.0,0.0,0.0,0.0,1.0
10,12,0.0,0.0,0.0,0.0,0.0,0.0,0.0,0.0,0.0,0.0,0.0,0.0,1.0
10,12,0.0,0.0,0.0,0.0,0.0,0.0,0.0,0.0,0.0,0.0,0.0,0.0,1.0
10,12,0.0,0.0,0.0,0.0,0.0,0.0,0.0,0.0,0.0,0.0,0.0,0.0,1.0
10,12,0.0,0.0,0.0,0.0,0.0,0.0,0.0,0.0,0.0,0.0,0.0,0.0,1.0
10,12,0.0,0.0,0.0,0.0,0.0,0.0,0.0,0.0,0.0,0.0,0.0,0.0,1.0
10,12,0.0,0.0,0.0,0.0,0.0,0.0,0.0,0.0,0.0,0.0,0.0,0.0,1.0
10,12,0.0,0.0,0.0,0.0,0.0,0.0,0.0,0.0,0.0,0.0,0.0,0.0,1.0
10,12,0.0,0.0,0.0,0.0,0.0,0.0,0.0,0.0,0.0,0.0,0.0,0.0,1.0
10,12,0.0,0.0,0.0,0.0,0.0,0.0,0.0,0.0,0.0,0.0,0.0,0.0,1.0
10,12,0.0,0.0,0.0,0.0,0.0,0.0,0.0,0.0,0.0,0.0,0.0,0.0,1.0
10,12,0.0,0.0,0.0,0.0,0.0,0.0,0.0,0.0,0.0,0.0,0.0,0.0,1.0
10,12,0.0,0.0,0.0,0.0,0.0,0.0,0.0,0.0,0.0,0.0,0.0,0.0,1.0
10,12,0.0,0.0,0.0,0.0,0.0,0.0,0.0,0.0,0.0,0.0,0.0,0.0,1.0
10,12,0.0,0.0,0.0,0.0,0.0,0.0,0.0,0.0,0.0,0.0,0.0,0.0,1.0
10,12,0.0,0.0,0.0,0.0,0.0,0.0,0.0,0.0,0.0,0.0,0.0,0.0,1.0
10,12,0.0,0.0,0.0,0.0,0.0,0.0,0.0,0.0,0.0,0.0,0.0,0.0,1.0
10,12,0.0,0.0,0.0,0.0,0.0,0.0,0.0,0.0,0.0,0.0,0.0,0.0,1.0
10,12,0.0,0.0,0.0,0.0,0.0,0.0,0.0,0.0,0.0,0.0,0.0,0.0,1.0
10,12,0.0,0.0,0.0,0.0,0.0,0.0,0.0,0.0,0.0,0.0,0.0,0.0,1.0
10,12,0.0,0.0,0.0,0.0,0.0,0.0,0.0,0.0,0.0,0.0,0.0,0.0,1.0
10,12,0.0,0.0,0.0,0.0,0.0,0.0,0.0,0.0,0.0,0.0,0.0,0.0,1.0
10,12,0.0,0.0,0.0,0.0,0.0,0.0,0.0,0.0,0.0,0.0,0.0,0.0,1.0
10,12,0.0,0.0,0.0,0.0,0.0,0.0,0.0,0.0,0.0,0.0,0.0,0.0,1.0
10,12,0.0,0.0,0.0,0.0,0.0,0.0,0.0,0.0,0.0,0.0,0.0,0.0,1.0
10,12,0.0,0.0,0.0,0.0,0.0,0.0,0.0,0.0,0.0,0.0,0.0,0.0,1.0
10,12,0.0,0.0,0.0,0.0,0.0,0.0,0.0,0.0,0.0,0.0,0.0,0.0,1.0
10,12,0.0,0.0,0.0,0.0,0.0,0.0,0.0,0.0,0.0,0.0,0.0,0.0,1.0
10,12,0.0,0.0,0.0,0.0,0.0,0.0,0.0,0.0,0.0,0.0,0.0,0.0,1.0
10,12,0.0,0.0,0.0,0.0,0.0,0.0,0.0,0.0,0.0,0.0,0.0,0.0,1.0
10,12,0.0,0.0,0.0,0.0,0.0,0.0,0.0,0.0,0.0,0.0,0.0,0.0,1.0
10,12,0.0,0.0,0.0,0.0,0.0,0.0,0.0,0.0,0.0,0.0,0.0,0.0,1.0
10,12,0.0,0.0,0.0,0.0,0.0,0.0,0.0,0.0,0.0,0.0,0.0,0.0,1.0
10,12,0.0,0.0,0.0,0.0,0.0,0.0,0.0,0.0,0.0,0.0,0.0,0.0,1.0
10,12,0.0,0.0,0.0,0.0,0.0,0.0,0.0,0.0,0.0,0.0,0.0,0.0,1.0
10,12,0.0,0.0,0.0,0.0,0.0,0.0,0.0,0.0,0.0,0.0,0.0,0.0,1.0
10,12,0.0,0.0,0.0,0.0,0.0,0.0,0.0,0.0,0.0,0.0,0.0,0.0,1.0
10,12,0.0,0.0,0.0,0.0,0.0,0.0,0.0,0.0,0.0,0.0,0.0,0.0,1.0
10,12,0.0,0.0,0.0,0.0,0.0,0.0,0.0,0.0,0.0,0.0,0.0,0.0,1.0
10,12,0.0,0.0,0.0,0.0,0.0,0.0,0.0,0.0,0.0,0.0,0.0,0.0,1.0
10,12,0.0,0.0,0.0,0.0,0.0,0.0,0.0,0.0,0.0,0.0,0.0,0.0,1.0
10,12,0.0,0.0,0.0,0.0,0.0,0.0,0.0,0.0,0.0,0.0,0.0,0.0,1.0
10,12,0.0,0.0,0.0,0.0,0.0,0.0,0.0,0.0,0.0,0.0,0.0,0.0,1.0
10,12,0.0,0.0,0.0,0.0,0.0,0.0,0.0,0.0,0.0,0.0,0.0,0.0,1.0
10,12,0.0,0.0,0.0,0.0,0.0,0.0,0.0,0.0,0.0,0.0,0.0,0.0,1.0
10,12,0.0,0.0,0.0,0.0,0.0,0.0,0.0,0.0,0.0,0.0,0.0,0.0,1.0
10,12,0.0,0.0,0.0,0.0,0.0,0.0,0.0,0.0,0.0,0.0,0.0,0.0,1.0
10,12,0.0,0.0,0.0,0.0,0.0,0.0,0.0,0.0,0.0,0.0,0.0,0.0,1.0
10,12,0.0,0.0,0.0,0.0,0.0,0.0,0.0,0.0,0.0,0.0,0.0,0.0,1.0
10,12,0.0,0.0,0.0,0.0,0.0,0.0,0.0,0.0,0.0,0.0,0.0,0.0,1.0
10,12,0.0,0.0,0.0,0.0,0.0,0.0,0.0,0.0,0.0,0.0,0.0,0.0,1.0
10,12,0.0,0.0,0.0,0.0,0.0,0.0,0.0,0.0,0.0,0.0,0.0,0.0,1.0
10,12,0.0,0.0,0.0,0.0,0.0,0.0,0.0,0.0,0.0,0.0,0.0,0.0,1.0
10,12,0.0,0.0,0.0,0.0,0.0,0.0,0.0,0.0,0.0,0.0,0.0,0.0,1.0
10,12,0.0,0.0,0.0,0.0,0.0,0.0,0.0,0.0,0.0,0.0,0.0,0.0,1.0
10,12,0.0,0.0,0.0,0.0,0.0,0.0,0.0,0.0,0.0,0.0,0.0,0.0,1.0
10,12,0.0,0.0,0.0,0.0,0.0,0.0,0.0,0.0,0.0,0.0,0.0,0.0,1.0
10,12,0.0,0.0,0.0,0.0,0.0,0.0,0.0,0.0,0.0,0.0,0.0,0.0,1.0
10,12,0.0,0.0,0.0,0.0,0.0,0.0,0.0,0.0,0.0,0.0,0.0,0.0,1.0
10,12,0.0,0.0,0.0,0.0,0.0,0.0,0.0,0.0,0.0,0.0,0.0,0.0,1.0
10,12,0.0,0.0,0.0,0.0,0.0,0.0,0.0,0.0,0.0,0.0,0.0,0.0,1.0
10,12,0.0,0.0,0.0,0.0,0.0,0.0,0.0,0.0,0.0,0.0,0.0,0.0,1.0
10,12,0.0,0.0,0.0,0.0,0.0,0.0,0.0,0.0,0.0,0.0,0.0,0.0,1.0
10,12,0.0,0.0,0.0,0.0,0.0,0.0,0.0,0.0,0.0,0.0,0.0,0.0,1.0
10,12,0.0,0.0,0.0,0.0,0.0,0.0,0.0,0.0,0.0,0.0,0.0,0.0,1.0
10,12,0.0,0.0,0.0,0.0,0.0,0.0,0.0,0.0,0.0,0.0,0.0,0.0,1.0
10,12,0.0,0.0,0.0,0.0,0.0,0.0,0.0,0.0,0.0,0.0,0.0,0.0,1.0
10,12,0.0,0.0,0.0,0.0,0.0,0.0,0.0,0.0,0.0,0.0,0.0,0.0,1.0
10,12,0.0,0.0,0.0,0.0,0.0,0.0,0.0,0.0,0.0,0.0,0.0,0.0,1.0
10,12,0.0,0.0,0.0,0.0,0.0,0.0,0.0,0.0,0.0,0.0,0.0,0.0,1.0
10,12,0.0,0.0,0.0,0.0,0.0,0.0,0.0,0.0,0.0,0.0,0.0,0.0,1.0
10,12,0.0,0.0,0.0,0.0,0.0,0.0,0.0,0.0,0.0,0.0,0.0,0.0,1.0
10,12,0.0,0.0,0.0,0.0,0.0,0.0,0.0,0.0,0.0,0.0,0.0,0.0,1.0
10,12,0.0,0.0,0.0,0.0,0.0,0.0,0.0,0.0,0.0,0.0,0.0,0.0,1.0
10,12,0.0,0.0,0.0,0.0,0.0,0.0,0.0,0.0,0.0,0.0,0.0,0.0,1.0
10,12,0.0,0.0,0.0,0.0,0.0,0.0,0.0,0.0,0.0,0.0,0.0,0.0,1.0
10,12,0.0,0.0,0.0,0.0,0.0,0.0,0.0,0.0,0.0,0.0,0.0,0.0,1.0
10,12,0.0,0.0,0.0,0.0,0.0,0.0,0.0,0.0,0.0,0.0,0.0,0.0,1.0
10,12,0.0,0.0,0.0,0.0,0.0,0.0,0.0,0.0,0.0,0.0,0.0,0.0,1.0
10,12,0.0,0.0,0.0,0.0,0.0,0.0,0.0,0.0,0.0,0.0,0.0,0.0,1.0
10,12,0.0,0.0,0.0,0.0,0.0,0.0,0.0,0.0,0.0,0.0,0.0,0.0,1.0
10,12,0.0,0.0,0.0,0.0,0.0,0.0,0.0,0.0,0.0,0.0,0.0,0.0,1.0
10,12,0.0,0.0,0.0,0.0,0.0,0.0,0.0,0.0,0.0,0.0,0.0,0.0,1.0
10,12,0.0,0.0,0.0,0.0,0.0,0.0,0.0,0.0,0.0,0.0,0.0,0.0,1.0
10,12,0.0,0.0,0.0,0.0,0.0,0.0,0.0,0.0,0.0,0.0,0.0,0.0,1.0
10,12,0.0,0.0,0.0,0.0,0.0,0.0,0.0,0.0,0.0,0.0,0.0,0.0,1.0
10,12,0.0,0.0,0.0,0.0,0.0,0.0,0.0,0.0,0.0,0.0,0.0,0.0,1.0
10,12,0.0,0.0,0.0,0.0,0.0,0.0,0.0,0.0,0.0,0.0,0.0,0.0,1.0
10,12,0.0,0.0,0.0,0.0,0.0,0.0,0.0,0.0,0.0,0.0,0.0,0.0,1.0
10,12,0.0,0.0,0.0,0.0,0.0,0.0,0.0,0.0,0.0,0.0,0.0,0.0,1.0
10,12,0.0,0.0,0.0,0.0,0.0,0.0,0.0,0.0,0.0,0.0,0.0,0.0,1.0
10,12,0.0,0.0,0.0,0.0,0.0,0.0,0.0,0.0,0.0,0.0,0.0,0.0,1.0
10,12,0.0,0.0,0.0,0.0,0.0,0.0,0.0,0.0,0.0,0.0,0.0,0.0,1.0
10,12,0.0,0.0,0.0,0.0,0.0,0.0,0.0,0.0,0.0,0.0,0.0,0.0,1.0
10,12,0.0,0.0,0.0,0.0,0.0,0.0,0.0,0.0,0.0,0.0,0.0,0.0,1.0
10,12,0.0,0.0,0.0,0.0,0.0,0.0,0.0,0.0,0.0,0.0,0.0,0.0,1.0
10,12,0.0,0.0,0.0,0.0,0.0,0.0,0.0,0.0,0.0,0.0,0.0,0.0,1.0
10,12,0.0,0.0,0.0,0.0,0.0,0.0,0.0,0.0,0.0,0.0,0.0,0.0,1.0
10,12,0.0,0.0,0.0,0.0,0.0,0.0,0.0,0.0,0.0,0.0,0.0,0.0,1.0
10,12,0.0,0.0,0.0,0.0,0.0,0.0,0.0,0.0,0.0,0.0,0.0,0.0,1.0
10,12,0.0,0.0,0.0,0.0,0.0,0.0,0.0,0.0,0.0,0.0,0.0,0.0,1.0
10,12,0.0,0.0,0.0,0.0,0.0,0.0,0.0,0.0,0.0,0.0,0.0,0.0,1.0
10,12,0.0,0.0,0.0,0.0,0.0,0.0,0.0,0.0,0.0,0.0,0.0,0.0,1.0
10,12,0.0,0.0,0.0,0.0,0.0,0.0,0.0,0.0,0.0,0.0,0.0,0.0,1.0
10,12,0.0,0.0,0.0,0.0,0.0,0.0,0.0,0.0,0.0,0.0,0.0,0.0,1.0
10,12,0.0,0.0,0.0,0.0,0.0,0.0,0.0,0.0,0.0,0.0,0.0,0.0,1.0
10,12,0.0,0.0,0.0,0.0,0.0,0.0,0.0,0.0,0.0,0.0,0.0,0.0,1.0
10,12,0.0,0.0,0.0,0.0,0.0,0.0,0.0,0.0,0.0,0.0,0.0,0.0,1.0
10,12,0.0,0.0,0.0,0.0,0.0,0.0,0.0,0.0,0.0,0.0,0.0,0.0,1.0
10,12,0.0,0.0,0.0,0.0,0.0,0.0,0.0,0.0,0.0,0.0,0.0,0.0,1.0
10,12,0.0,0.0,0.0,0.0,0.0,0.0,0.0,0.0,0.0,0.0,0.0,0.0,1.0
10,12,0.0,0.0,0.0,0.0,0.0,0.0,0.0,0.0,0.0,0.0,0.0,0.0,1.0
10,12,0.0,0.0,0.0,0.0,0.0,0.0,0.0,0.0,0.0,0.0,0.0,0.0,1.0
10,12,0.0,0.0,0.0,0.0,0.0,0.0,0.0,0.0,0.0,0.0,0.0,0.0,1.0
10,12,0.0,0.0,0.0,0.0,0.0,0.0,0.0,0.0,0.0,0.0,0.0,0.0,1.0
10,12,0.0,0.0,0.0,0.0,0.0,0.0,0.0,0.0,0.0,0.0,0.0,0.0,1.0
10,12,0.0,0.0,0.0,0.0,0.0,0.0,0.0,0.0,0.0,0.0,0.0,0.0,1.0
10,12,0.0,0.0,0.0,0.0,0.0,0.0,0.0,0.0,0.0,0.0,0.0,0.0,1.0
10,12,0.0,0.0,0.0,0.0,0.0,0.0,0.0,0.0,0.0,0.0,0.0,0.0,1.0
10,12,0.0,0.0,0.0,0.0,0.0,0.0,0.0,0.0,0.0,0.0,0.0,0.0,1.0
10,12,0.0,0.0,0.0,0.0,0.0,0.0,0.0,0.0,0.0,0.0,0.0,0.0,1.0
10,12,0.0,0.0,0.0,0.0,0.0,0.0,0.0,0.0,0.0,0.0,0.0,0.0,1.0
10,12,0.0,0.0,0.0,0.0,0.0,0.0,0.0,0.0,0.0,0.0,0.0,0.0,1.0
10,12,0.0,0.0,0.0,0.0,0.0,0.0,0.0,0.0,0.0,0.0,0.0,0.0,1.0
10,12,0.0,0.0,0.0,0.0,0.0,0.0,0.0,0.0,0.0,0.0,0.0,0.0,1.0
10,12,0.0,0.0,0.0,0.0,0.0,0.0,0.0,0.0,0.0,0.0,0.0,0.0,1.0
10,12,0.0,0.0,0.0,0.0,0.0,0.0,0.0,0.0,0.0,0.0,0.0,0.0,1.0
10,12,0.0,0.0,0.0,0.0,0.0,0.0,0.0,0.0,0.0,0.0,0.0,0.0,1.0
10,12,0.0,0.0,0.0,0.0,0.0,0.0,0.0,0.0,0.0,0.0,0.0,0.0,1.0
10,12,0.0,0.0,0.0,0.0,0.0,0.0,0.0,0.0,0.0,0.0,0.0,0.0,1.0
10,12,0.0,0.0,0.0,0.0,0.0,0.0,0.0,0.0,0.0,0.0,0.0,0.0,1.0
10,12,0.0,0.0,0.0,0.0,0.0,0.0,0.0,0.0,0.0,0.0,0.0,0.0,1.0
10,12,0.0,0.0,0.0,0.0,0.0,0.0,0.0,0.0,0.0,0.0,0.0,0.0,1.0
10,12,0.0,0.0,0.0,0.0,0.0,0.0,0.0,0.0,0.0,0.0,0.0,0.0,1.0
10,12,0.0,0.0,0.0,0.0,0.0,0.0,0.0,0.0,0.0,0.0,0.0,0.0,1.0
10,12,0.0,0.0,0.0,0.0,0.0,0.0,0.0,0.0,0.0,0.0,0.0,0.0,1.0
10,12,0.0,0.0,0.0,0.0,0.0,0.0,0.0,0.0,0.0,0.0,0.0,0.0,1.0
10,12,0.0,0.0,0.0,0.0,0.0,0.0,0.0,0.0,0.0,0.0,0.0,0.0,1.0
10,12,0.0,0.0,0.0,0.0,0.0,0.0,0.0,0.0,0.0,0.0,0.0,0.0,1.0
10,12,0.0,0.0,0.0,0.0,0.0,0.0,0.0,0.0,0.0,0.0,0.0,0.0,1.0
10,12,0.0,0.0,0.0,0.0,0.0,0.0,0.0,0.0,0.0,0.0,0.0,0.0,1.0
10,12,0.0,0.0,0.0,0.0,0.0,0.0,0.0,0.0,0.0,0.0,0.0,0.0,1.0
10,12,0.0,0.0,0.0,0.0,0.0,0.0,0.0,0.0,0.0,0.0,0.0,0.0,1.0
10,12,0.0,0.0,0.0,0.0,0.0,0.0,0.0,0.0,0.0,0.0,0.0,0.0,1.0
10,12,0.0,0.0,0.0,0.0,0.0,0.0,0.0,0.0,0.0,0.0,0.0,0.0,1.0
10,12,0.0,0.0,0.0,0.0,0.0,0.0,0.0,0.0,0.0,0.0,0.0,0.0,1.0
10,12,0.0,0.0,0.0,0.0,0.0,0.0,0.0,0.0,0.0,0.0,0.0,0.0,1.0
10,12,0.0,0.0,0.0,0.0,0.0,0.0,0.0,0.0,0.0,0.0,0.0,0.0,1.0
10,12,0.0,0.0,0.0,0.0,0.0,0.0,0.0,0.0,0.0,0.0,0.0,0.0,1.0
10,12,0.0,0.0,0.0,0.0,0.0,0.0,0.0,0.0,0.0,0.0,0.0,0.0,1.0
10,12,0.0,0.0,0.0,0.0,0.0,0.0,0.0,0.0,0.0,0.0,0.0,0.0,1.0
10,12,0.0,0.0,0.0,0.0,0.0,0.0,0.0,0.0,0.0,0.0,0.0,0.0,1.0
10,12,0.0,0.0,0.0,0.0,0.0,0.0,0.0,0.0,0.0,0.0,0.0,0.0,1.0
10,12,0.0,0.0,0.0,0.0,0.0,0.0,0.0,0.0,0.0,0.0,0.0,0.0,1.0
10,12,0.0,0.0,0.0,0.0,0.0,0.0,0.0,0.0,0.0,0.0,0.0,0.0,1.0
10,12,0.0,0.0,0.0,0.0,0.0,0.0,0.0,0.0,0.0,0.0,0.0,0.0,1.0
10,12,0.0,0.0,0.0,0.0,0.0,0.0,0.0,0.0,0.0,0.0,0.0,0.0,1.0
10,12,0.0,0.0,0.0,0.0,0.0,0.0,0.0,0.0,0.0,0.0,0.0,0.0,1.0
10,12,0.0,0.0,0.0,0.0,0.0,0.0,0.0,0.0,0.0,0.0,0.0,0.0,1.0
10,12,0.0,0.0,0.0,0.0,0.0,0.0,0.0,0.0,0.0,0.0,0.0,0.0,1.0
10,12,0.0,0.0,0.0,0.0,0.0,0.0,0.0,0.0,0.0,0.0,0.0,0.0,1.0
10,12,0.0,0.0,0.0,0.0,0.0,0.0,0.0,0.0,0.0,0.0,0.0,0.0,1.0
10,12,0.0,0.0,0.0,0.0,0.0,0.0,0.0,0.0,0.0,0.0,0.0,0.0,1.0
10,12,0.0,0.0,0.0,0.0,0.0,0.0,0.0,0.0,0.0,0.0,0.0,0.0,1.0
10,12,0.0,0.0,0.0,0.0,0.0,0.0,0.0,0.0,0.0,0.0,0.0,0.0,1.0
10,12,0.0,0.0,0.0,0.0,0.0,0.0,0.0,0.0,0.0,0.0,0.0,0.0,1.0
10,12,0.0,0.0,0.0,0.0,0.0,0.0,0.0,0.0,0.0,0.0,0.0,0.0,1.0
10,12,0.0,0.0,0.0,0.0,0.0,0.0,0.0,0.0,0.0,0.0,0.0,0.0,1.0
10,12,0.0,0.0,0.0,0.0,0.0,0.0,0.0,0.0,0.0,0.0,0.0,0.0,1.0
10,12,0.0,0.0,0.0,0.0,0.0,0.0,0.0,0.0,0.0,0.0,0.0,0.0,1.0
10,12,0.0,0.0,0.0,0.0,0.0,0.0,0.0,0.0,0.0,0.0,0.0,0.0,1.0
10,12,0.0,0.0,0.0,0.0,0.0,0.0,0.0,0.0,0.0,0.0,0.0,0.0,1.0
10,12,0.0,0.0,0.0,0.0,0.0,0.0,0.0,0.0,0.0,0.0,0.0,0.0,1.0
10,12,0.0,0.0,0.0,0.0,0.0,0.0,0.0,0.0,0.0,0.0,0.0,0.0,1.0
10,12,0.0,0.0,0.0,0.0,0.0,0.0,0.0,0.0,0.0,0.0,0.0,0.0,1.0
10,12,0.0,0.0,0.0,0.0,0.0,0.0,0.0,0.0,0.0,0.0,0.0,0.0,1.0
10,12,0.0,0.0,0.0,0.0,0.0,0.0,0.0,0.0,0.0,0.0,0.0,0.0,1.0
10,12,0.0,0.0,0.0,0.0,0.0,0.0,0.0,0.0,0.0,0.0,0.0,0.0,1.0
10,12,0.0,0.0,0.0,0.0,0.0,0.0,0.0,0.0,0.0,0.0,0.0,0.0,1.0
10,12,0.0,0.0,0.0,0.0,0.0,0.0,0.0,0.0,0.0,0.0,0.0,0.0,1.0
10,12,0.0,0.0,0.0,0.0,0.0,0.0,0.0,0.0,0.0,0.0,0.0,0.0,1.0
10,12,0.0,0.0,0.0,0.0,0.0,0.0,0.0,0.0,0.0,0.0,0.0,0.0,1.0
10,12,0.0,0.0,0.0,0.0,0.0,0.0,0.0,0.0,0.0,0.0,0.0,0.0,1.0
10,12,0.0,0.0,0.0,0.0,0.0,0.0,0.0,0.0,0.0,0.0,0.0,0.0,1.0
10,12,0.0,0.0,0.0,0.0,0.0,0.0,0.0,0.0,0.0,0.0,0.0,0.0,1.0
10,12,0.0,0.0,0.0,0.0,0.0,0.0,0.0,0.0,0.0,0.0,0.0,0.0,1.0
10,12,0.0,0.0,0.0,0.0,0.0,0.0,0.0,0.0,0.0,0.0,0.0,0.0,1.0
10,12,0.0,0.0,0.0,0.0,0.0,0.0,0.0,0.0,0.0,0.0,0.0,0.0,1.0
10,12,0.0,0.0,0.0,0.0,0.0,0.0,0.0,0.0,0.0,0.0,0.0,0.0,1.0
10,12,0.0,0.0,0.0,0.0,0.0,0.0,0.0,0.0,0.0,0.0,0.0,0.0,1.0
10,12,0.0,0.0,0.0,0.0,0.0,0.0,0.0,0.0,0.0,0.0,0.0,0.0,1.0
10,12,0.0,0.0,0.0,0.0,0.0,0.0,0.0,0.0,0.0,0.0,0.0,0.0,1.0
10,12,0.0,0.0,0.0,0.0,0.0,0.0,0.0,0.0,0.0,0.0,0.0,0.0,1.0
10,12,0.0,0.0,0.0,0.0,0.0,0.0,0.0,0.0,0.0,0.0,0.0,0.0,1.0
10,12,0.0,0.0,0.0,0.0,0.0,0.0,0.0,0.0,0.0,0.0,0.0,0.0,1.0
10,12,0.0,0.0,0.0,0.0,0.0,0.0,0.0,0.0,0.0,0.0,0.0,0.0,1.0
10,12,0.0,0.0,0.0,0.0,0.0,0.0,0.0,0.0,0.0,0.0,0.0,0.0,1.0
10,12,0.0,0.0,0.0,0.0,0.0,0.0,0.0,0.0,0.0,0.0,0.0,0.0,1.0
10,12,0.0,0.0,0.0,0.0,0.0,0.0,0.0,0.0,0.0,0.0,0.0,0.0,1.0
10,12,0.0,0.0,0.0,0.0,0.0,0.0,0.0,0.0,0.0,0.0,0.0,0.0,1.0
10,12,0.0,0.0,0.0,0.0,0.0,0.0,0.0,0.0,0.0,0.0,0.0,0.0,1.0
10,12,0.0,0.0,0.0,0.0,0.0,0.0,0.0,0.0,0.0,0.0,0.0,0.0,1.0
10,12,0.0,0.0,0.0,0.0,0.0,0.0,0.0,0.0,0.0,0.0,0.0,0.0,1.0
10,12,0.0,0.0,0.0,0.0,0.0,0.0,0.0,0.0,0.0,0.0,0.0,0.0,1.0
10,12,0.0,0.0,0.0,0.0,0.0,0.0,0.0,0.0,0.0,0.0,0.0,0.0,1.0
10,12,0.0,0.0,0.0,0.0,0.0,0.0,0.0,0.0,0.0,0.0,0.0,0.0,1.0
10,12,0.0,0.0,0.0,0.0,0.0,0.0,0.0,0.0,0.0,0.0,0.0,0.0,1.0
10,12,0.0,0.0,0.0,0.0,0.0,0.0,0.0,0.0,0.0,0.0,0.0,0.0,1.0
10,12,0.0,0.0,0.0,0.0,0.0,0.0,0.0,0.0,0.0,0.0,0.0,0.0,1.0
10,12,0.0,0.0,0.0,0.0,0.0,0.0,0.0,0.0,0.0,0.0,0.0,0.0,1.0
10,12,0.0,0.0,0.0,0.0,0.0,0.0,0.0,0.0,0.0,0.0,0.0,0.0,1.0
10,12,0.0,0.0,0.0,0.0,0.0,0.0,0.0,0.0,0.0,0.0,0.0,0.0,1.0
10,12,0.0,0.0,0.0,0.0,0.0,0.0,0.0,0.0,0.0,0.0,0.0,0.0,1.0
10,12,0.0,0.0,0.0,0.0,0.0,0.0,0.0,0.0,0.0,0.0,0.0,0.0,1.0
10,12,0.0,0.0,0.0,0.0,0.0,0.0,0.0,0.0,0.0,0.0,0.0,0.0,1.0
10,12,0.0,0.0,0.0,0.0,0.0,0.0,0.0,0.0,0.0,0.0,0.0,0.0,1.0
10,12,0.0,0.0,0.0,0.0,0.0,0.0,0.0,0.0,0.0,0.0,0.0,0.0,1.0
10,12,0.0,0.0,0.0,0.0,0.0,0.0,0.0,0.0,0.0,0.0,0.0,0.0,1.0
10,12,0.0,0.0,0.0,0.0,0.0,0.0,0.0,0.0,0.0,0.0,0.0,0.0,1.0
10,12,0.0,0.0,0.0,0.0,0.0,0.0,0.0,0.0,0.0,0.0,0.0,0.0,1.0
10,12,0.0,0.0,0.0,0.0,0.0,0.0,0.0,0.0,0.0,0.0,0.0,0.0,1.0
10,12,0.0,0.0,0.0,0.0,0.0,0.0,0.0,0.0,0.0,0.0,0.0,0.0,1.0
10,12,0.0,0.0,0.0,0.0,0.0,0.0,0.0,0.0,0.0,0.0,0.0,0.0,1.0
10,12,0.0,0.0,0.0,0.0,0.0,0.0,0.0,0.0,0.0,0.0,0.0,0.0,1.0
10,12,0.0,0.0,0.0,0.0,0.0,0.0,0.0,0.0,0.0,0.0,0.0,0.0,1.0
10,12,0.0,0.0,0.0,0.0,0.0,0.0,0.0,0.0,0.0,0.0,0.0,0.0,1.0
10,12,0.0,0.0,0.0,0.0,0.0,0.0,0.0,0.0,0.0,0.0,0.0,0.0,1.0
10,12,0.0,0.0,0.0,0.0,0.0,0.0,0.0,0.0,0.0,0.0,0.0,0.0,1.0
10,12,0.0,0.0,0.0,0.0,0.0,0.0,0.0,0.0,0.0,0.0,0.0,0.0,1.0
10,12,0.0,0.0,0.0,0.0,0.0,0.0,0.0,0.0,0.0,0.0,0.0,0.0,1.0
10,12,0.0,0.0,0.0,0.0,0.0,0.0,0.0,0.0,0.0,0.0,0.0,0.0,1.0
10,12,0.0,0.0,0.0,0.0,0.0,0.0,0.0,0.0,0.0,0.0,0.0,0.0,1.0
10,12,0.0,0.0,0.0,0.0,0.0,0.0,0.0,0.0,0.0,0.0,0.0,0.0,1.0
10,12,0.0,0.0,0.0,0.0,0.0,0.0,0.0,0.0,0.0,0.0,0.0,0.0,1.0
10,12,0.0,0.0,0.0,0.0,0.0,0.0,0.0,0.0,0.0,0.0,0.0,0.0,1.0
10,12,0.0,0.0,0.0,0.0,0.0,0.0,0.0,0.0,0.0,0.0,0.0,0.0,1.0
10,12,0.0,0.0,0.0,0.0,0.0,0.0,0.0,0.0,0.0,0.0,0.0,0.0,1.0
10,12,0.0,0.0,0.0,0.0,0.0,0.0,0.0,0.0,0.0,0.0,0.0,0.0,1.0
10,12,0.0,0.0,0.0,0.0,0.0,0.0,0.0,0.0,0.0,0.0,0.0,0.0,1.0
10,12,0.0,0.0,0.0,0.0,0.0,0.0,0.0,0.0,0.0,0.0,0.0,0.0,1.0
10,12,0.0,0.0,0.0,0.0,0.0,0.0,0.0,0.0,0.0,0.0,0.0,0.0,1.0
10,12,0.0,0.0,0.0,0.0,0.0,0.0,0.0,0.0,0.0,0.0,0.0,0.0,1.0
10,12,0.0,0.0,0.0,0.0,0.0,0.0,0.0,0.0,0.0,0.0,0.0,0.0,1.0
10,12,0.0,0.0,0.0,0.0,0.0,0.0,0.0,0.0,0.0,0.0,0.0,0.0,1.0
10,12,0.0,0.0,0.0,0.0,0.0,0.0,0.0,0.0,0.0,0.0,0.0,0.0,1.0
10,12,0.0,0.0,0.0,0.0,0.0,0.0,0.0,0.0,0.0,0.0,0.0,0.0,1.0
10,12,0.0,0.0,0.0,0.0,0.0,0.0,0.0,0.0,0.0,0.0,0.0,0.0,1.0
10,12,0.0,0.0,0.0,0.0,0.0,0.0,0.0,0.0,0.0,0.0,0.0,0.0,1.0
10,12,0.0,0.0,0.0,0.0,0.0,0.0,0.0,0.0,0.0,0.0,0.0,0.0,1.0
10,12,0.0,0.0,0.0,0.0,0.0,0.0,0.0,0.0,0.0,0.0,0.0,0.0,1.0
10,12,0.0,0.0,0.0,0.0,0.0,0.0,0.0,0.0,0.0,0.0,0.0,0.0,1.0
10,12,0.0,0.0,0.0,0.0,0.0,0.0,0.0,0.0,0.0,0.0,0.0,0.0,1.0
10,12,0.0,0.0,0.0,0.0,0.0,0.0,0.0,0.0,0.0,0.0,0.0,0.0,1.0
10,12,0.0,0.0,0.0,0.0,0.0,0.0,0.0,0.0,0.0,0.0,0.0,0.0,1.0
10,12,0.0,0.0,0.0,0.0,0.0,0.0,0.0,0.0,0.0,0.0,0.0,0.0,1.0
10,12,0.0,0.0,0.0,0.0,0.0,0.0,0.0,0.0,0.0,0.0,0.0,0.0,1.0
10,12,0.0,0.0,0.0,0.0,0.0,0.0,0.0,0.0,0.0,0.0,0.0,0.0,1.0
10,12,0.0,0.0,0.0,0.0,0.0,0.0,0.0,0.0,0.0,0.0,0.0,0.0,1.0
10,12,0.0,0.0,0.0,0.0,0.0,0.0,0.0,0.0,0.0,0.0,0.0,0.0,1.0
10,12,0.0,0.0,0.0,0.0,0.0,0.0,0.0,0.0,0.0,0.0,0.0,0.0,1.0
10,12,0.0,0.0,0.0,0.0,0.0,0.0,0.0,0.0,0.0,0.0,0.0,0.0,1.0
10,12,0.0,0.0,0.0,0.0,0.0,0.0,0.0,0.0,0.0,0.0,0.0,0.0,1.0
10,12,0.0,0.0,0.0,0.0,0.0,0.0,0.0,0.0,0.0,0.0,0.0,0.0,1.0
10,12,0.0,0.0,0.0,0.0,0.0,0.0,0.0,0.0,0.0,0.0,0.0,0.0,1.0
10,12,0.0,0.0,0.0,0.0,0.0,0.0,0.0,0.0,0.0,0.0,0.0,0.0,1.0
10,12,0.0,0.0,0.0,0.0,0.0,0.0,0.0,0.0,0.0,0.0,0.0,0.0,1.0
10,12,0.0,0.0,0.0,0.0,0.0,0.0,0.0,0.0,0.0,0.0,0.0,0.0,1.0
10,12,0.0,0.0,0.0,0.0,0.0,0.0,0.0,0.0,0.0,0.0,0.0,0.0,1.0
10,12,0.0,0.0,0.0,0.0,0.0,0.0,0.0,0.0,0.0,0.0,0.0,0.0,1.0
10,12,0.0,0.0,0.0,0.0,0.0,0.0,0.0,0.0,0.0,0.0,0.0,0.0,1.0
10,12,0.0,0.0,0.0,0.0,0.0,0.0,0.0,0.0,0.0,0.0,0.0,0.0,1.0
10,12,0.0,0.0,0.0,0.0,0.0,0.0,0.0,0.0,0.0,0.0,0.0,0.0,1.0
10,12,0.0,0.0,0.0,0.0,0.0,0.0,0.0,0.0,0.0,0.0,0.0,0.0,1.0
10,12,0.0,0.0,0.0,0.0,0.0,0.0,0.0,0.0,0.0,0.0,0.0,0.0,1.0
10,12,0.0,0.0,0.0,0.0,0.0,0.0,0.0,0.0,0.0,0.0,0.0,0.0,1.0
10,12,0.0,0.0,0.0,0.0,0.0,0.0,0.0,0.0,0.0,0.0,0.0,0.0,1.0
10,12,0.0,0.0,0.0,0.0,0.0,0.0,0.0,0.0,0.0,0.0,0.0,0.0,1.0
10,12,0.0,0.0,0.0,0.0,0.0,0.0,0.0,0.0,0.0,0.0,0.0,0.0,1.0
10,12,0.0,0.0,0.0,0.0,0.0,0.0,0.0,0.0,0.0,0.0,0.0,0.0,1.0
10,12,0.0,0.0,0.0,0.0,0.0,0.0,0.0,0.0,0.0,0.0,0.0,0.0,1.0
10,12,0.0,0.0,0.0,0.0,0.0,0.0,0.0,0.0,0.0,0.0,0.0,0.0,1.0
10,12,0.0,0.0,0.0,0.0,0.0,0.0,0.0,0.0,0.0,0.0,0.0,0.0,1.0
10,12,0.0,0.0,0.0,0.0,0.0,0.0,0.0,0.0,0.0,0.0,0.0,0.0,1.0
10,12,0.0,0.0,0.0,0.0,0.0,0.0,0.0,0.0,0.0,0.0,0.0,0.0,1.0
10,12,0.0,0.0,0.0,0.0,0.0,0.0,0.0,0.0,0.0,0.0,0.0,0.0,1.0
10,12,0.0,0.0,0.0,0.0,0.0,0.0,0.0,0.0,0.0,0.0,0.0,0.0,1.0
10,12,0.0,0.0,0.0,0.0,0.0,0.0,0.0,0.0,0.0,0.0,0.0,0.0,1.0
10,12,0.0,0.0,0.0,0.0,0.0,0.0,0.0,0.0,0.0,0.0,0.0,0.0,1.0
10,12,0.0,0.0,0.0,0.0,0.0,0.0,0.0,0.0,0.0,0.0,0.0,0.0,1.0
10,12,0.0,0.0,0.0,0.0,0.0,0.0,0.0,0.0,0.0,0.0,0.0,0.0,1.0
10,12,0.0,0.0,0.0,0.0,0.0,0.0,0.0,0.0,0.0,0.0,0.0,0.0,1.0
10,12,0.0,0.0,0.0,0.0,0.0,0.0,0.0,0.0,0.0,0.0,0.0,0.0,1.0
10,12,0.0,0.0,0.0,0.0,0.0,0.0,0.0,0.0,0.0,0.0,0.0,0.0,1.0
10,12,0.0,0.0,0.0,0.0,0.0,0.0,0.0,0.0,0.0,0.0,0.0,0.0,1.0
10,12,0.0,0.0,0.0,0.0,0.0,0.0,0.0,0.0,0.0,0.0,0.0,0.0,1.0
10,12,0.0,0.0,0.0,0.0,0.0,0.0,0.0,0.0,0.0,0.0,0.0,0.0,1.0
10,12,0.0,0.0,0.0,0.0,0.0,0.0,0.0,0.0,0.0,0.0,0.0,0.0,1.0
10,12,0.0,0.0,0.0,0.0,0.0,0.0,0.0,0.0,0.0,0.0,0.0,0.0,1.0
10,12,0.0,0.0,0.0,0.0,0.0,0.0,0.0,0.0,0.0,0.0,0.0,0.0,1.0
10,12,0.0,0.0,0.0,0.0,0.0,0.0,0.0,0.0,0.0,0.0,0.0,0.0,1.0
10,12,0.0,0.0,0.0,0.0,0.0,0.0,0.0,0.0,0.0,0.0,0.0,0.0,1.0
10,12,0.0,0.0,0.0,0.0,0.0,0.0,0.0,0.0,0.0,0.0,0.0,0.0,1.0
10,12,0.0,0.0,0.0,0.0,0.0,0.0,0.0,0.0,0.0,0.0,0.0,0.0,1.0
10,12,0.0,0.0,0.0,0.0,0.0,0.0,0.0,0.0,0.0,0.0,0.0,0.0,1.0
10,12,0.0,0.0,0.0,0.0,0.0,0.0,0.0,0.0,0.0,0.0,0.0,0.0,1.0
10,12,0.0,0.0,0.0,0.0,0.0,0.0,0.0,0.0,0.0,0.0,0.0,0.0,1.0
10,12,0.0,0.0,0.0,0.0,0.0,0.0,0.0,0.0,0.0,0.0,0.0,0.0,1.0
10,12,0.0,0.0,0.0,0.0,0.0,0.0,0.0,0.0,0.0,0.0,0.0,0.0,1.0
10,12,0.0,0.0,0.0,0.0,0.0,0.0,0.0,0.0,0.0,0.0,0.0,0.0,1.0
10,12,0.0,0.0,0.0,0.0,0.0,0.0,0.0,0.0,0.0,0.0,0.0,0.0,1.0
10,12,0.0,0.0,0.0,0.0,0.0,0.0,0.0,0.0,0.0,0.0,0.0,0.0,1.0
10,12,0.0,0.0,0.0,0.0,0.0,0.0,0.0,0.0,0.0,0.0,0.0,0.0,1.0
10,12,0.0,0.0,0.0,0.0,0.0,0.0,0.0,0.0,0.0,0.0,0.0,0.0,1.0
10,12,0.0,0.0,0.0,0.0,0.0,0.0,0.0,0.0,0.0,0.0,0.0,0.0,1.0
10,12,0.0,0.0,0.0,0.0,0.0,0.0,0.0,0.0,0.0,0.0,0.0,0.0,1.0
10,12,0.0,0.0,0.0,0.0,0.0,0.0,0.0,0.0,0.0,0.0,0.0,0.0,1.0
10,12,0.0,0.0,0.0,0.0,0.0,0.0,0.0,0.0,0.0,0.0,0.0,0.0,1.0
10,12,0.0,0.0,0.0,0.0,0.0,0.0,0.0,0.0,0.0,0.0,0.0,0.0,1.0
10,12,0.0,0.0,0.0,0.0,0.0,0.0,0.0,0.0,0.0,0.0,0.0,0.0,1.0
10,12,0.0,0.0,0.0,0.0,0.0,0.0,0.0,0.0,0.0,0.0,0.0,0.0,1.0
10,12,0.0,0.0,0.0,0.0,0.0,0.0,0.0,0.0,0.0,0.0,0.0,0.0,1.0
10,12,0.0,0.0,0.0,0.0,0.0,0.0,0.0,0.0,0.0,0.0,0.0,0.0,1.0
10,12,0.0,0.0,0.0,0.0,0.0,0.0,0.0,0.0,0.0,0.0,0.0,0.0,1.0
10,12,0.0,0.0,0.0,0.0,0.0,0.0,0.0,0.0,0.0,0.0,0.0,0.0,1.0
10,12,0.0,0.0,0.0,0.0,0.0,0.0,0.0,0.0,0.0,0.0,0.0,0.0,1.0
10,12,0.0,0.0,0.0,0.0,0.0,0.0,0.0,0.0,0.0,0.0,0.0,0.0,1.0
10,12,0.0,0.0,0.0,0.0,0.0,0.0,0.0,0.0,0.0,0.0,0.0,0.0,1.0
10,12,0.0,0.0,0.0,0.0,0.0,0.0,0.0,0.0,0.0,0.0,0.0,0.0,1.0
10,12,0.0,0.0,0.0,0.0,0.0,0.0,0.0,0.0,0.0,0.0,0.0,0.0,1.0
10,12,0.0,0.0,0.0,0.0,0.0,0.0,0.0,0.0,0.0,0.0,0.0,0.0,1.0
10,12,0.0,0.0,0.0,0.0,0.0,0.0,0.0,0.0,0.0,0.0,0.0,0.0,1.0
10,12,0.0,0.0,0.0,0.0,0.0,0.0,0.0,0.0,0.0,0.0,0.0,0.0,1.0
10,12,0.0,0.0,0.0,0.0,0.0,0.0,0.0,0.0,0.0,0.0,0.0,0.0,1.0
10,12,0.0,0.0,0.0,0.0,0.0,0.0,0.0,0.0,0.0,0.0,0.0,0.0,1.0
10,12,0.0,0.0,0.0,0.0,0.0,0.0,0.0,0.0,0.0,0.0,0.0,0.0,1.0
10,12,0.0,0.0,0.0,0.0,0.0,0.0,0.0,0.0,0.0,0.0,0.0,0.0,1.0
10,12,0.0,0.0,0.0,0.0,0.0,0.0,0.0,0.0,0.0,0.0,0.0,0.0,1.0
10,12,0.0,0.0,0.0,0.0,0.0,0.0,0.0,0.0,0.0,0.0,0.0,0.0,1.0
10,12,0.0,0.0,0.0,0.0,0.0,0.0,0.0,0.0,0.0,0.0,0.0,0.0,1.0
10,12,0.0,0.0,0.0,0.0,0.0,0.0,0.0,0.0,0.0,0.0,0.0,0.0,1.0
10,12,0.0,0.0,0.0,0.0,0.0,0.0,0.0,0.0,0.0,0.0,0.0,0.0,1.0
10,12,0.0,0.0,0.0,0.0,0.0,0.0,0.0,0.0,0.0,0.0,0.0,0.0,1.0
10,12,0.0,0.0,0.0,0.0,0.0,0.0,0.0,0.0,0.0,0.0,0.0,0.0,1.0
10,12,0.0,0.0,0.0,0.0,0.0,0.0,0.0,0.0,0.0,0.0,0.0,0.0,1.0
10,12,0.0,0.0,0.0,0.0,0.0,0.0,0.0,0.0,0.0,0.0,0.0,0.0,1.0
10,12,0.0,0.0,0.0,0.0,0.0,0.0,0.0,0.0,0.0,0.0,0.0,0.0,1.0
10,12,0.0,0.0,0.0,0.0,0.0,0.0,0.0,0.0,0.0,0.0,0.0,0.0,1.0
10,12,0.0,0.0,0.0,0.0,0.0,0.0,0.0,0.0,0.0,0.0,0.0,0.0,1.0
10,12,0.0,0.0,0.0,0.0,0.0,0.0,0.0,0.0,0.0,0.0,0.0,0.0,1.0
10,12,0.0,0.0,0.0,0.0,0.0,0.0,0.0,0.0,0.0,0.0,0.0,0.0,1.0
10,12,0.0,0.0,0.0,0.0,0.0,0.0,0.0,0.0,0.0,0.0,0.0,0.0,1.0
10,12,0.0,0.0,0.0,0.0,0.0,0.0,0.0,0.0,0.0,0.0,0.0,0.0,1.0
10,12,0.0,0.0,0.0,0.0,0.0,0.0,0.0,0.0,0.0,0.0,0.0,0.0,1.0
10,12,0.0,0.0,0.0,0.0,0.0,0.0,0.0,0.0,0.0,0.0,0.0,0.0,1.0
10,12,0.0,0.0,0.0,0.0,0.0,0.0,0.0,0.0,0.0,0.0,0.0,0.0,1.0
10,12,0.0,0.0,0.0,0.0,0.0,0.0,0.0,0.0,0.0,0.0,0.0,0.0,1.0
10,12,0.0,0.0,0.0,0.0,0.0,0.0,0.0,0.0,0.0,0.0,0.0,0.0,1.0
10,12,0.0,0.0,0.0,0.0,0.0,0.0,0.0,0.0,0.0,0.0,0.0,0.0,1.0
10,12,0.0,0.0,0.0,0.0,0.0,0.0,0.0,0.0,0.0,0.0,0.0,0.0,1.0
10,12,0.0,0.0,0.0,0.0,0.0,0.0,0.0,0.0,0.0,0.0,0.0,0.0,1.0
10,12,0.0,0.0,0.0,0.0,0.0,0.0,0.0,0.0,0.0,0.0,0.0,0.0,1.0
10,12,0.0,0.0,0.0,0.0,0.0,0.0,0.0,0.0,0.0,0.0,0.0,0.0,1.0
10,12,0.0,0.0,0.0,0.0,0.0,0.0,0.0,0.0,0.0,0.0,0.0,0.0,1.0
10,12,0.0,0.0,0.0,0.0,0.0,0.0,0.0,0.0,0.0,0.0,0.0,0.0,1.0
10,12,0.0,0.0,0.0,0.0,0.0,0.0,0.0,0.0,0.0,0.0,0.0,0.0,1.0
10,12,0.0,0.0,0.0,0.0,0.0,0.0,0.0,0.0,0.0,0.0,0.0,0.0,1.0
10,12,0.0,0.0,0.0,0.0,0.0,0.0,0.0,0.0,0.0,0.0,0.0,0.0,1.0
10,12,0.0,0.0,0.0,0.0,0.0,0.0,0.0,0.0,0.0,0.0,0.0,0.0,1.0
10,12,0.0,0.0,0.0,0.0,0.0,0.0,0.0,0.0,0.0,0.0,0.0,0.0,1.0
10,12,0.0,0.0,0.0,0.0,0.0,0.0,0.0,0.0,0.0,0.0,0.0,0.0,1.0
10,12,0.0,0.0,0.0,0.0,0.0,0.0,0.0,0.0,0.0,0.0,0.0,0.0,1.0
10,12,0.0,0.0,0.0,0.0,0.0,0.0,0.0,0.0,0.0,0.0,0.0,0.0,1.0
10,12,0.0,0.0,0.0,0.0,0.0,0.0,0.0,0.0,0.0,0.0,0.0,0.0,1.0
10,12,0.0,0.0,0.0,0.0,0.0,0.0,0.0,0.0,0.0,0.0,0.0,0.0,1.0
10,12,0.0,0.0,0.0,0.0,0.0,0.0,0.0,0.0,0.0,0.0,0.0,0.0,1.0
10,12,0.0,0.0,0.0,0.0,0.0,0.0,0.0,0.0,0.0,0.0,0.0,0.0,1.0
10,12,0.0,0.0,0.0,0.0,0.0,0.0,0.0,0.0,0.0,0.0,0.0,0.0,1.0
10,12,0.0,0.0,0.0,0.0,0.0,0.0,0.0,0.0,0.0,0.0,0.0,0.0,1.0
10,12,0.0,0.0,0.0,0.0,0.0,0.0,0.0,0.0,0.0,0.0,0.0,0.0,1.0
10,12,0.0,0.0,0.0,0.0,0.0,0.0,0.0,0.0,0.0,0.0,0.0,0.0,1.0
10,12,0.0,0.0,0.0,0.0,0.0,0.0,0.0,0.0,0.0,0.0,0.0,0.0,1.0
10,12,0.0,0.0,0.0,0.0,0.0,0.0,0.0,0.0,0.0,0.0,0.0,0.0,1.0
10,12,0.0,0.0,0.0,0.0,0.0,0.0,0.0,0.0,0.0,0.0,0.0,0.0,1.0
10,12,0.0,0.0,0.0,0.0,0.0,0.0,0.0,0.0,0.0,0.0,0.0,0.0,1.0
10,12,0.0,0.0,0.0,0.0,0.0,0.0,0.0,0.0,0.0,0.0,0.0,0.0,1.0
10,12,0.0,0.0,0.0,0.0,0.0,0.0,0.0,0.0,0.0,0.0,0.0,0.0,1.0
10,12,0.0,0.0,0.0,0.0,0.0,0.0,0.0,0.0,0.0,0.0,0.0,0.0,1.0
10,12,0.0,0.0,0.0,0.0,0.0,0.0,0.0,0.0,0.0,0.0,0.0,0.0,1.0
10,12,0.0,0.0,0.0,0.0,0.0,0.0,0.0,0.0,0.0,0.0,0.0,0.0,1.0
10,12,0.0,0.0,0.0,0.0,0.0,0.0,0.0,0.0,0.0,0.0,0.0,0.0,1.0
10,12,0.0,0.0,0.0,0.0,0.0,0.0,0.0,0.0,0.0,0.0,0.0,0.0,1.0
10,12,0.0,0.0,0.0,0.0,0.0,0.0,0.0,0.0,0.0,0.0,0.0,0.0,1.0
10,12,0.0,0.0,0.0,0.0,0.0,0.0,0.0,0.0,0.0,0.0,0.0,0.0,1.0
10,12,0.0,0.0,0.0,0.0,0.0,0.0,0.0,0.0,0.0,0.0,0.0,0.0,1.0
10,12,0.0,0.0,0.0,0.0,0.0,0.0,0.0,0.0,0.0,0.0,0.0,0.0,1.0
10,12,0.0,0.0,0.0,0.0,0.0,0.0,0.0,0.0,0.0,0.0,0.0,0.0,1.0
10,12,0.0,0.0,0.0,0.0,0.0,0.0,0.0,0.0,0.0,0.0,0.0,0.0,1.0
10,12,0.0,0.0,0.0,0.0,0.0,0.0,0.0,0.0,0.0,0.0,0.0,0.0,1.0
10,12,0.0,0.0,0.0,0.0,0.0,0.0,0.0,0.0,0.0,0.0,0.0,0.0,1.0
10,12,0.0,0.0,0.0,0.0,0.0,0.0,0.0,0.0,0.0,0.0,0.0,0.0,1.0
10,12,0.0,0.0,0.0,0.0,0.0,0.0,0.0,0.0,0.0,0.0,0.0,0.0,1.0
10,12,0.0,0.0,0.0,0.0,0.0,0.0,0.0,0.0,0.0,0.0,0.0,0.0,1.0
10,12,0.0,0.0,0.0,0.0,0.0,0.0,0.0,0.0,0.0,0.0,0.0,0.0,1.0
10,12,0.0,0.0,0.0,0.0,0.0,0.0,0.0,0.0,0.0,0.0,0.0,0.0,1.0
10,12,0.0,0.0,0.0,0.0,0.0,0.0,0.0,0.0,0.0,0.0,0.0,0.0,1.0
10,12,0.0,0.0,0.0,0.0,0.0,0.0,0.0,0.0,0.0,0.0,0.0,0.0,1.0
10,12,0.0,0.0,0.0,0.0,0.0,0.0,0.0,0.0,0.0,0.0,0.0,0.0,1.0
10,12,0.0,0.0,0.0,0.0,0.0,0.0,0.0,0.0,0.0,0.0,0.0,0.0,1.0
10,12,0.0,0.0,0.0,0.0,0.0,0.0,0.0,0.0,0.0,0.0,0.0,0.0,1.0
10,12,0.0,0.0,0.0,0.0,0.0,0.0,0.0,0.0,0.0,0.0,0.0,0.0,1.0
10,12,0.0,0.0,0.0,0.0,0.0,0.0,0.0,0.0,0.0,0.0,0.0,0.0,1.0
10,12,0.0,0.0,0.0,0.0,0.0,0.0,0.0,0.0,0.0,0.0,0.0,0.0,1.0
10,12,0.0,0.0,0.0,0.0,0.0,0.0,0.0,0.0,0.0,0.0,0.0,0.0,1.0
10,12,0.0,0.0,0.0,0.0,0.0,0.0,0.0,0.0,0.0,0.0,0.0,0.0,1.0
10,12,0.0,0.0,0.0,0.0,0.0,0.0,0.0,0.0,0.0,0.0,0.0,0.0,1.0
10,12,0.0,0.0,0.0,0.0,0.0,0.0,0.0,0.0,0.0,0.0,0.0,0.0,1.0
10,12,0.0,0.0,0.0,0.0,0.0,0.0,0.0,0.0,0.0,0.0,0.0,0.0,1.0
10,12,0.0,0.0,0.0,0.0,0.0,0.0,0.0,0.0,0.0,0.0,0.0,0.0,1.0
10,12,0.0,0.0,0.0,0.0,0.0,0.0,0.0,0.0,0.0,0.0,0.0,0.0,1.0
10,12,0.0,0.0,0.0,0.0,0.0,0.0,0.0,0.0,0.0,0.0,0.0,0.0,1.0
10,12,0.0,0.0,0.0,0.0,0.0,0.0,0.0,0.0,0.0,0.0,0.0,0.0,1.0
10,12,0.0,0.0,0.0,0.0,0.0,0.0,0.0,0.0,0.0,0.0,0.0,0.0,1.0
10,12,0.0,0.0,0.0,0.0,0.0,0.0,0.0,0.0,0.0,0.0,0.0,0.0,1.0
10,12,0.0,0.0,0.0,0.0,0.0,0.0,0.0,0.0,0.0,0.0,0.0,0.0,1.0
10,12,0.0,0.0,0.0,0.0,0.0,0.0,0.0,0.0,0.0,0.0,0.0,0.0,1.0
10,12,0.0,0.0,0.0,0.0,0.0,0.0,0.0,0.0,0.0,0.0,0.0,0.0,1.0
10,12,0.0,0.0,0.0,0.0,0.0,0.0,0.0,0.0,0.0,0.0,0.0,0.0,1.0
10,12,0.0,0.0,0.0,0.0,0.0,0.0,0.0,0.0,0.0,0.0,0.0,0.0,1.0
10,12,0.0,0.0,0.0,0.0,0.0,0.0,0.0,0.0,0.0,0.0,0.0,0.0,1.0
10,12,0.0,0.0,0.0,0.0,0.0,0.0,0.0,0.0,0.0,0.0,0.0,0.0,1.0
10,12,0.0,0.0,0.0,0.0,0.0,0.0,0.0,0.0,0.0,0.0,0.0,0.0,1.0
10,12,0.0,0.0,0.0,0.0,0.0,0.0,0.0,0.0,0.0,0.0,0.0,0.0,1.0
10,12,0.0,0.0,0.0,0.0,0.0,0.0,0.0,0.0,0.0,0.0,0.0,0.0,1.0
10,12,0.0,0.0,0.0,0.0,0.0,0.0,0.0,0.0,0.0,0.0,0.0,0.0,1.0
10,12,0.0,0.0,0.0,0.0,0.0,0.0,0.0,0.0,0.0,0.0,0.0,0.0,1.0
10,12,0.0,0.0,0.0,0.0,0.0,0.0,0.0,0.0,0.0,0.0,0.0,0.0,1.0
10,12,0.0,0.0,0.0,0.0,0.0,0.0,0.0,0.0,0.0,0.0,0.0,0.0,1.0
10,12,0.0,0.0,0.0,0.0,0.0,0.0,0.0,0.0,0.0,0.0,0.0,0.0,1.0
10,12,0.0,0.0,0.0,0.0,0.0,0.0,0.0,0.0,0.0,0.0,0.0,0.0,1.0
10,12,0.0,0.0,0.0,0.0,0.0,0.0,0.0,0.0,0.0,0.0,0.0,0.0,1.0
10,12,0.0,0.0,0.0,0.0,0.0,0.0,0.0,0.0,0.0,0.0,0.0,0.0,1.0
10,12,0.0,0.0,0.0,0.0,0.0,0.0,0.0,0.0,0.0,0.0,0.0,0.0,1.0
10,12,0.0,0.0,0.0,0.0,0.0,0.0,0.0,0.0,0.0,0.0,0.0,0.0,1.0
10,12,0.0,0.0,0.0,0.0,0.0,0.0,0.0,0.0,0.0,0.0,0.0,0.0,1.0
10,12,0.0,0.0,0.0,0.0,0.0,0.0,0.0,0.0,0.0,0.0,0.0,0.0,1.0
10,12,0.0,0.0,0.0,0.0,0.0,0.0,0.0,0.0,0.0,0.0,0.0,0.0,1.0
10,12,0.0,0.0,0.0,0.0,0.0,0.0,0.0,0.0,0.0,0.0,0.0,0.0,1.0
10,12,0.0,0.0,0.0,0.0,0.0,0.0,0.0,0.0,0.0,0.0,0.0,0.0,1.0
10,12,0.0,0.0,0.0,0.0,0.0,0.0,0.0,0.0,0.0,0.0,0.0,0.0,1.0
10,12,0.0,0.0,0.0,0.0,0.0,0.0,0.0,0.0,0.0,0.0,0.0,0.0,1.0
10,12,0.0,0.0,0.0,0.0,0.0,0.0,0.0,0.0,0.0,0.0,0.0,0.0,1.0
10,12,0.0,0.0,0.0,0.0,0.0,0.0,0.0,0.0,0.0,0.0,0.0,0.0,1.0
10,12,0.0,0.0,0.0,0.0,0.0,0.0,0.0,0.0,0.0,0.0,0.0,0.0,1.0
10,12,0.0,0.0,0.0,0.0,0.0,0.0,0.0,0.0,0.0,0.0,0.0,0.0,1.0
10,12,0.0,0.0,0.0,0.0,0.0,0.0,0.0,0.0,0.0,0.0,0.0,0.0,1.0
10,12,0.0,0.0,0.0,0.0,0.0,0.0,0.0,0.0,0.0,0.0,0.0,0.0,1.0
10,12,0.0,0.0,0.0,0.0,0.0,0.0,0.0,0.0,0.0,0.0,0.0,0.0,1.0
10,12,0.0,0.0,0.0,0.0,0.0,0.0,0.0,0.0,0.0,0.0,0.0,0.0,1.0
10,12,0.0,0.0,0.0,0.0,0.0,0.0,0.0,0.0,0.0,0.0,0.0,0.0,1.0
10,12,0.0,0.0,0.0,0.0,0.0,0.0,0.0,0.0,0.0,0.0,0.0,0.0,1.0
10,12,0.0,0.0,0.0,0.0,0.0,0.0,0.0,0.0,0.0,0.0,0.0,0.0,1.0
10,12,0.0,0.0,0.0,0.0,0.0,0.0,0.0,0.0,0.0,0.0,0.0,0.0,1.0
10,12,0.0,0.0,0.0,0.0,0.0,0.0,0.0,0.0,0.0,0.0,0.0,0.0,1.0
10,12,0.0,0.0,0.0,0.0,0.0,0.0,0.0,0.0,0.0,0.0,0.0,0.0,1.0
10,12,0.0,0.0,0.0,0.0,0.0,0.0,0.0,0.0,0.0,0.0,0.0,0.0,1.0
10,12,0.0,0.0,0.0,0.0,0.0,0.0,0.0,0.0,0.0,0.0,0.0,0.0,1.0
10,12,0.0,0.0,0.0,0.0,0.0,0.0,0.0,0.0,0.0,0.0,0.0,0.0,1.0
10,12,0.0,0.0,0.0,0.0,0.0,0.0,0.0,0.0,0.0,0.0,0.0,0.0,1.0
10,12,0.0,0.0,0.0,0.0,0.0,0.0,0.0,0.0,0.0,0.0,0.0,0.0,1.0
10,12,0.0,0.0,0.0,0.0,0.0,0.0,0.0,0.0,0.0,0.0,0.0,0.0,1.0
10,12,0.0,0.0,0.0,0.0,0.0,0.0,0.0,0.0,0.0,0.0,0.0,0.0,1.0
10,12,0.0,0.0,0.0,0.0,0.0,0.0,0.0,0.0,0.0,0.0,0.0,0.0,1.0
10,12,0.0,0.0,0.0,0.0,0.0,0.0,0.0,0.0,0.0,0.0,0.0,0.0,1.0
10,12,0.0,0.0,0.0,0.0,0.0,0.0,0.0,0.0,0.0,0.0,0.0,0.0,1.0
10,12,0.0,0.0,0.0,0.0,0.0,0.0,0.0,0.0,0.0,0.0,0.0,0.0,1.0
10,12,0.0,0.0,0.0,0.0,0.0,0.0,0.0,0.0,0.0,0.0,0.0,0.0,1.0
10,12,0.0,0.0,0.0,0.0,0.0,0.0,0.0,0.0,0.0,0.0,0.0,0.0,1.0
10,12,0.0,0.0,0.0,0.0,0.0,0.0,0.0,0.0,0.0,0.0,0.0,0.0,1.0
10,12,0.0,0.0,0.0,0.0,0.0,0.0,0.0,0.0,0.0,0.0,0.0,0.0,1.0
10,12,0.0,0.0,0.0,0.0,0.0,0.0,0.0,0.0,0.0,0.0,0.0,0.0,1.0
10,12,0.0,0.0,0.0,0.0,0.0,0.0,0.0,0.0,0.0,0.0,0.0,0.0,1.0
10,12,0.0,0.0,0.0,0.0,0.0,0.0,0.0,0.0,0.0,0.0,0.0,0.0,1.0
10,12,0.0,0.0,0.0,0.0,0.0,0.0,0.0,0.0,0.0,0.0,0.0,0.0,1.0
10,12,0.0,0.0,0.0,0.0,0.0,0.0,0.0,0.0,0.0,0.0,0.0,0.0,1.0
10,12,0.0,0.0,0.0,0.0,0.0,0.0,0.0,0.0,0.0,0.0,0.0,0.0,1.0
10,12,0.0,0.0,0.0,0.0,0.0,0.0,0.0,0.0,0.0,0.0,0.0,0.0,1.0
10,12,0.0,0.0,0.0,0.0,0.0,0.0,0.0,0.0,0.0,0.0,0.0,0.0,1.0
10,12,0.0,0.0,0.0,0.0,0.0,0.0,0.0,0.0,0.0,0.0,0.0,0.0,1.0
10,12,0.0,0.0,0.0,0.0,0.0,0.0,0.0,0.0,0.0,0.0,0.0,0.0,1.0
10,12,0.0,0.0,0.0,0.0,0.0,0.0,0.0,0.0,0.0,0.0,0.0,0.0,1.0
10,12,0.0,0.0,0.0,0.0,0.0,0.0,0.0,0.0,0.0,0.0,0.0,0.0,1.0
10,12,0.0,0.0,0.0,0.0,0.0,0.0,0.0,0.0,0.0,0.0,0.0,0.0,1.0
10,12,0.0,0.0,0.0,0.0,0.0,0.0,0.0,0.0,0.0,0.0,0.0,0.0,1.0
10,12,0.0,0.0,0.0,0.0,0.0,0.0,0.0,0.0,0.0,0.0,0.0,0.0,1.0
10,12,0.0,0.0,0.0,0.0,0.0,0.0,0.0,0.0,0.0,0.0,0.0,0.0,1.0
10,12,0.0,0.0,0.0,0.0,0.0,0.0,0.0,0.0,0.0,0.0,0.0,0.0,1.0
10,12,0.0,0.0,0.0,0.0,0.0,0.0,0.0,0.0,0.0,0.0,0.0,0.0,1.0
10,12,0.0,0.0,0.0,0.0,0.0,0.0,0.0,0.0,0.0,0.0,0.0,0.0,1.0
10,12,0.0,0.0,0.0,0.0,0.0,0.0,0.0,0.0,0.0,0.0,0.0,0.0,1.0
10,12,0.0,0.0,0.0,0.0,0.0,0.0,0.0,0.0,0.0,0.0,0.0,0.0,1.0
10,12,0.0,0.0,0.0,0.0,0.0,0.0,0.0,0.0,0.0,0.0,0.0,0.0,1.0
10,12,0.0,0.0,0.0,0.0,0.0,0.0,0.0,0.0,0.0,0.0,0.0,0.0,1.0
10,12,0.0,0.0,0.0,0.0,0.0,0.0,0.0,0.0,0.0,0.0,0.0,0.0,1.0
10,12,0.0,0.0,0.0,0.0,0.0,0.0,0.0,0.0,0.0,0.0,0.0,0.0,1.0
10,12,0.0,0.0,0.0,0.0,0.0,0.0,0.0,0.0,0.0,0.0,0.0,0.0,1.0
10,12,0.0,0.0,0.0,0.0,0.0,0.0,0.0,0.0,0.0,0.0,0.0,0.0,1.0
10,12,0.0,0.0,0.0,0.0,0.0,0.0,0.0,0.0,0.0,0.0,0.0,0.0,1.0
10,12,0.0,0.0,0.0,0.0,0.0,0.0,0.0,0.0,0.0,0.0,0.0,0.0,1.0
10,12,0.0,0.0,0.0,0.0,0.0,0.0,0.0,0.0,0.0,0.0,0.0,0.0,1.0
10,12,0.0,0.0,0.0,0.0,0.0,0.0,0.0,0.0,0.0,0.0,0.0,0.0,1.0
10,12,0.0,0.0,0.0,0.0,0.0,0.0,0.0,0.0,0.0,0.0,0.0,0.0,1.0
10,12,0.0,0.0,0.0,0.0,0.0,0.0,0.0,0.0,0.0,0.0,0.0,0.0,1.0
10,12,0.0,0.0,0.0,0.0,0.0,0.0,0.0,0.0,0.0,0.0,0.0,0.0,1.0
10,12,0.0,0.0,0.0,0.0,0.0,0.0,0.0,0.0,0.0,0.0,0.0,0.0,1.0
10,12,0.0,0.0,0.0,0.0,0.0,0.0,0.0,0.0,0.0,0.0,0.0,0.0,1.0
10,12,0.0,0.0,0.0,0.0,0.0,0.0,0.0,0.0,0.0,0.0,0.0,0.0,1.0
10,12,0.0,0.0,0.0,0.0,0.0,0.0,0.0,0.0,0.0,0.0,0.0,0.0,1.0
10,12,0.0,0.0,0.0,0.0,0.0,0.0,0.0,0.0,0.0,0.0,0.0,0.0,1.0
10,12,0.0,0.0,0.0,0.0,0.0,0.0,0.0,0.0,0.0,0.0,0.0,0.0,1.0
10,12,0.0,0.0,0.0,0.0,0.0,0.0,0.0,0.0,0.0,0.0,0.0,0.0,1.0
10,12,0.0,0.0,0.0,0.0,0.0,0.0,0.0,0.0,0.0,0.0,0.0,0.0,1.0
10,12,0.0,0.0,0.0,0.0,0.0,0.0,0.0,0.0,0.0,0.0,0.0,0.0,1.0
10,12,0.0,0.0,0.0,0.0,0.0,0.0,0.0,0.0,0.0,0.0,0.0,0.0,1.0
10,12,0.0,0.0,0.0,0.0,0.0,0.0,0.0,0.0,0.0,0.0,0.0,0.0,1.0
10,12,0.0,0.0,0.0,0.0,0.0,0.0,0.0,0.0,0.0,0.0,0.0,0.0,1.0
10,12,0.0,0.0,0.0,0.0,0.0,0.0,0.0,0.0,0.0,0.0,0.0,0.0,1.0
10,12,0.0,0.0,0.0,0.0,0.0,0.0,0.0,0.0,0.0,0.0,0.0,0.0,1.0
10,12,0.0,0.0,0.0,0.0,0.0,0.0,0.0,0.0,0.0,0.0,0.0,0.0,1.0
10,12,0.0,0.0,0.0,0.0,0.0,0.0,0.0,0.0,0.0,0.0,0.0,0.0,1.0
10,12,0.0,0.0,0.0,0.0,0.0,0.0,0.0,0.0,0.0,0.0,0.0,0.0,1.0
10,12,0.0,0.0,0.0,0.0,0.0,0.0,0.0,0.0,0.0,0.0,0.0,0.0,1.0
10,12,0.0,0.0,0.0,0.0,0.0,0.0,0.0,0.0,0.0,0.0,0.0,0.0,1.0
10,12,0.0,0.0,0.0,0.0,0.0,0.0,0.0,0.0,0.0,0.0,0.0,0.0,1.0
10,12,0.0,0.0,0.0,0.0,0.0,0.0,0.0,0.0,0.0,0.0,0.0,0.0,1.0
10,12,0.0,0.0,0.0,0.0,0.0,0.0,0.0,0.0,0.0,0.0,0.0,0.0,1.0
10,12,0.0,0.0,0.0,0.0,0.0,0.0,0.0,0.0,0.0,0.0,0.0,0.0,1.0
10,12,0.0,0.0,0.0,0.0,0.0,0.0,0.0,0.0,0.0,0.0,0.0,0.0,1.0
10,12,0.0,0.0,0.0,0.0,0.0,0.0,0.0,0.0,0.0,0.0,0.0,0.0,1.0
10,12,0.0,0.0,0.0,0.0,0.0,0.0,0.0,0.0,0.0,0.0,0.0,0.0,1.0
10,12,0.0,0.0,0.0,0.0,0.0,0.0,0.0,0.0,0.0,0.0,0.0,0.0,1.0
10,12,0.0,0.0,0.0,0.0,0.0,0.0,0.0,0.0,0.0,0.0,0.0,0.0,1.0
10,12,0.0,0.0,0.0,0.0,0.0,0.0,0.0,0.0,0.0,0.0,0.0,0.0,1.0
10,12,0.0,0.0,0.0,0.0,0.0,0.0,0.0,0.0,0.0,0.0,0.0,0.0,1.0
10,12,0.0,0.0,0.0,0.0,0.0,0.0,0.0,0.0,0.0,0.0,0.0,0.0,1.0
10,12,0.0,0.0,0.0,0.0,0.0,0.0,0.0,0.0,0.0,0.0,0.0,0.0,1.0
10,12,0.0,0.0,0.0,0.0,0.0,0.0,0.0,0.0,0.0,0.0,0.0,0.0,1.0
10,12,0.0,0.0,0.0,0.0,0.0,0.0,0.0,0.0,0.0,0.0,0.0,0.0,1.0
10,12,0.0,0.0,0.0,0.0,0.0,0.0,0.0,0.0,0.0,0.0,0.0,0.0,1.0
10,12,0.0,0.0,0.0,0.0,0.0,0.0,0.0,0.0,0.0,0.0,0.0,0.0,1.0
10,12,0.0,0.0,0.0,0.0,0.0,0.0,0.0,0.0,0.0,0.0,0.0,0.0,1.0
10,12,0.0,0.0,0.0,0.0,0.0,0.0,0.0,0.0,0.0,0.0,0.0,0.0,1.0
10,12,0.0,0.0,0.0,0.0,0.0,0.0,0.0,0.0,0.0,0.0,0.0,0.0,1.0
10,12,0.0,0.0,0.0,0.0,0.0,0.0,0.0,0.0,0.0,0.0,0.0,0.0,1.0
10,12,0.0,0.0,0.0,0.0,0.0,0.0,0.0,0.0,0.0,0.0,0.0,0.0,1.0
10,12,0.0,0.0,0.0,0.0,0.0,0.0,0.0,0.0,0.0,0.0,0.0,0.0,1.0
10,12,0.0,0.0,0.0,0.0,0.0,0.0,0.0,0.0,0.0,0.0,0.0,0.0,1.0
10,12,0.0,0.0,0.0,0.0,0.0,0.0,0.0,0.0,0.0,0.0,0.0,0.0,1.0
10,12,0.0,0.0,0.0,0.0,0.0,0.0,0.0,0.0,0.0,0.0,0.0,0.0,1.0
10,12,0.0,0.0,0.0,0.0,0.0,0.0,0.0,0.0,0.0,0.0,0.0,0.0,1.0
10,12,0.0,0.0,0.0,0.0,0.0,0.0,0.0,0.0,0.0,0.0,0.0,0.0,1.0
10,12,0.0,0.0,0.0,0.0,0.0,0.0,0.0,0.0,0.0,0.0,0.0,0.0,1.0
10,12,0.0,0.0,0.0,0.0,0.0,0.0,0.0,0.0,0.0,0.0,0.0,0.0,1.0
10,12,0.0,0.0,0.0,0.0,0.0,0.0,0.0,0.0,0.0,0.0,0.0,0.0,1.0
10,12,0.0,0.0,0.0,0.0,0.0,0.0,0.0,0.0,0.0,0.0,0.0,0.0,1.0
10,12,0.0,0.0,0.0,0.0,0.0,0.0,0.0,0.0,0.0,0.0,0.0,0.0,1.0
10,12,0.0,0.0,0.0,0.0,0.0,0.0,0.0,0.0,0.0,0.0,0.0,0.0,1.0
10,12,0.0,0.0,0.0,0.0,0.0,0.0,0.0,0.0,0.0,0.0,0.0,0.0,1.0
10,12,0.0,0.0,0.0,0.0,0.0,0.0,0.0,0.0,0.0,0.0,0.0,0.0,1.0
10,12,0.0,0.0,0.0,0.0,0.0,0.0,0.0,0.0,0.0,0.0,0.0,0.0,1.0
10,12,0.0,0.0,0.0,0.0,0.0,0.0,0.0,0.0,0.0,0.0,0.0,0.0,1.0
10,12,0.0,0.0,0.0,0.0,0.0,0.0,0.0,0.0,0.0,0.0,0.0,0.0,1.0
10,12,0.0,0.0,0.0,0.0,0.0,0.0,0.0,0.0,0.0,0.0,0.0,0.0,1.0
10,12,0.0,0.0,0.0,0.0,0.0,0.0,0.0,0.0,0.0,0.0,0.0,0.0,1.0
10,12,0.0,0.0,0.0,0.0,0.0,0.0,0.0,0.0,0.0,0.0,0.0,0.0,1.0
10,12,0.0,0.0,0.0,0.0,0.0,0.0,0.0,0.0,0.0,0.0,0.0,0.0,1.0
10,12,0.0,0.0,0.0,0.0,0.0,0.0,0.0,0.0,0.0,0.0,0.0,0.0,1.0
10,12,0.0,0.0,0.0,0.0,0.0,0.0,0.0,0.0,0.0,0.0,0.0,0.0,1.0
10,12,0.0,0.0,0.0,0.0,0.0,0.0,0.0,0.0,0.0,0.0,0.0,0.0,1.0
10,12,0.0,0.0,0.0,0.0,0.0,0.0,0.0,0.0,0.0,0.0,0.0,0.0,1.0
10,12,0.0,0.0,0.0,0.0,0.0,0.0,0.0,0.0,0.0,0.0,0.0,0.0,1.0
10,12,0.0,0.0,0.0,0.0,0.0,0.0,0.0,0.0,0.0,0.0,0.0,0.0,1.0
10,12,0.0,0.0,0.0,0.0,0.0,0.0,0.0,0.0,0.0,0.0,0.0,0.0,1.0
10,12,0.0,0.0,0.0,0.0,0.0,0.0,0.0,0.0,0.0,0.0,0.0,0.0,1.0
10,12,0.0,0.0,0.0,0.0,0.0,0.0,0.0,0.0,0.0,0.0,0.0,0.0,1.0
10,12,0.0,0.0,0.0,0.0,0.0,0.0,0.0,0.0,0.0,0.0,0.0,0.0,1.0
10,12,0.0,0.0,0.0,0.0,0.0,0.0,0.0,0.0,0.0,0.0,0.0,0.0,1.0
10,12,0.0,0.0,0.0,0.0,0.0,0.0,0.0,0.0,0.0,0.0,0.0,0.0,1.0
10,12,0.0,0.0,0.0,0.0,0.0,0.0,0.0,0.0,0.0,0.0,0.0,0.0,1.0
10,12,0.0,0.0,0.0,0.0,0.0,0.0,0.0,0.0,0.0,0.0,0.0,0.0,1.0
10,12,0.0,0.0,0.0,0.0,0.0,0.0,0.0,0.0,0.0,0.0,0.0,0.0,1.0
10,12,0.0,0.0,0.0,0.0,0.0,0.0,0.0,0.0,0.0,0.0,0.0,0.0,1.0
10,12,0.0,0.0,0.0,0.0,0.0,0.0,0.0,0.0,0.0,0.0,0.0,0.0,1.0
10,12,0.0,0.0,0.0,0.0,0.0,0.0,0.0,0.0,0.0,0.0,0.0,0.0,1.0
10,12,0.0,0.0,0.0,0.0,0.0,0.0,0.0,0.0,0.0,0.0,0.0,0.0,1.0
10,12,0.0,0.0,0.0,0.0,0.0,0.0,0.0,0.0,0.0,0.0,0.0,0.0,1.0
10,12,0.0,0.0,0.0,0.0,0.0,0.0,0.0,0.0,0.0,0.0,0.0,0.0,1.0
10,12,0.0,0.0,0.0,0.0,0.0,0.0,0.0,0.0,0.0,0.0,0.0,0.0,1.0
10,12,0.0,0.0,0.0,0.0,0.0,0.0,0.0,0.0,0.0,0.0,0.0,0.0,1.0
10,12,0.0,0.0,0.0,0.0,0.0,0.0,0.0,0.0,0.0,0.0,0.0,0.0,1.0
10,12,0.0,0.0,0.0,0.0,0.0,0.0,0.0,0.0,0.0,0.0,0.0,0.0,1.0
10,12,0.0,0.0,0.0,0.0,0.0,0.0,0.0,0.0,0.0,0.0,0.0,0.0,1.0
10,12,0.0,0.0,0.0,0.0,0.0,0.0,0.0,0.0,0.0,0.0,0.0,0.0,1.0
10,12,0.0,0.0,0.0,0.0,0.0,0.0,0.0,0.0,0.0,0.0,0.0,0.0,1.0
10,12,0.0,0.0,0.0,0.0,0.0,0.0,0.0,0.0,0.0,0.0,0.0,0.0,1.0
10,12,0.0,0.0,0.0,0.0,0.0,0.0,0.0,0.0,0.0,0.0,0.0,0.0,1.0
10,12,0.0,0.0,0.0,0.0,0.0,0.0,0.0,0.0,0.0,0.0,0.0,0.0,1.0
10,12,0.0,0.0,0.0,0.0,0.0,0.0,0.0,0.0,0.0,0.0,0.0,0.0,1.0
10,12,0.0,0.0,0.0,0.0,0.0,0.0,0.0,0.0,0.0,0.0,0.0,0.0,1.0
10,12,0.0,0.0,0.0,0.0,0.0,0.0,0.0,0.0,0.0,0.0,0.0,0.0,1.0
10,12,0.0,0.0,0.0,0.0,0.0,0.0,0.0,0.0,0.0,0.0,0.0,0.0,1.0
10,12,0.0,0.0,0.0,0.0,0.0,0.0,0.0,0.0,0.0,0.0,0.0,0.0,1.0
10,12,0.0,0.0,0.0,0.0,0.0,0.0,0.0,0.0,0.0,0.0,0.0,0.0,1.0
10,12,0.0,0.0,0.0,0.0,0.0,0.0,0.0,0.0,0.0,0.0,0.0,0.0,1.0
10,12,0.0,0.0,0.0,0.0,0.0,0.0,0.0,0.0,0.0,0.0,0.0,0.0,1.0
10,12,0.0,0.0,0.0,0.0,0.0,0.0,0.0,0.0,0.0,0.0,0.0,0.0,1.0
10,12,0.0,0.0,0.0,0.0,0.0,0.0,0.0,0.0,0.0,0.0,0.0,0.0,1.0
10,12,0.0,0.0,0.0,0.0,0.0,0.0,0.0,0.0,0.0,0.0,0.0,0.0,1.0
10,12,0.0,0.0,0.0,0.0,0.0,0.0,0.0,0.0,0.0,0.0,0.0,0.0,1.0
10,12,0.0,0.0,0.0,0.0,0.0,0.0,0.0,0.0,0.0,0.0,0.0,0.0,1.0
10,12,0.0,0.0,0.0,0.0,0.0,0.0,0.0,0.0,0.0,0.0,0.0,0.0,1.0
10,12,0.0,0.0,0.0,0.0,0.0,0.0,0.0,0.0,0.0,0.0,0.0,0.0,1.0
10,12,0.0,0.0,0.0,0.0,0.0,0.0,0.0,0.0,0.0,0.0,0.0,0.0,1.0
10,12,0.0,0.0,0.0,0.0,0.0,0.0,0.0,0.0,0.0,0.0,0.0,0.0,1.0
10,12,0.0,0.0,0.0,0.0,0.0,0.0,0.0,0.0,0.0,0.0,0.0,0.0,1.0
10,12,0.0,0.0,0.0,0.0,0.0,0.0,0.0,0.0,0.0,0.0,0.0,0.0,1.0
10,12,0.0,0.0,0.0,0.0,0.0,0.0,0.0,0.0,0.0,0.0,0.0,0.0,1.0
10,12,0.0,0.0,0.0,0.0,0.0,0.0,0.0,0.0,0.0,0.0,0.0,0.0,1.0
10,12,0.0,0.0,0.0,0.0,0.0,0.0,0.0,0.0,0.0,0.0,0.0,0.0,1.0
10,12,0.0,0.0,0.0,0.0,0.0,0.0,0.0,0.0,0.0,0.0,0.0,0.0,1.0
10,12,0.0,0.0,0.0,0.0,0.0,0.0,0.0,0.0,0.0,0.0,0.0,0.0,1.0
10,12,0.0,0.0,0.0,0.0,0.0,0.0,0.0,0.0,0.0,0.0,0.0,0.0,1.0
10,12,0.0,0.0,0.0,0.0,0.0,0.0,0.0,0.0,0.0,0.0,0.0,0.0,1.0
10,12,0.0,0.0,0.0,0.0,0.0,0.0,0.0,0.0,0.0,0.0,0.0,0.0,1.0
10,12,0.0,0.0,0.0,0.0,0.0,0.0,0.0,0.0,0.0,0.0,0.0,0.0,1.0
10,12,0.0,0.0,0.0,0.0,0.0,0.0,0.0,0.0,0.0,0.0,0.0,0.0,1.0
10,12,0.0,0.0,0.0,0.0,0.0,0.0,0.0,0.0,0.0,0.0,0.0,0.0,1.0
10,12,0.0,0.0,0.0,0.0,0.0,0.0,0.0,0.0,0.0,0.0,0.0,0.0,1.0
10,12,0.0,0.0,0.0,0.0,0.0,0.0,0.0,0.0,0.0,0.0,0.0,0.0,1.0
10,12,0.0,0.0,0.0,0.0,0.0,0.0,0.0,0.0,0.0,0.0,0.0,0.0,1.0
10,12,0.0,0.0,0.0,0.0,0.0,0.0,0.0,0.0,0.0,0.0,0.0,0.0,1.0
10,12,0.0,0.0,0.0,0.0,0.0,0.0,0.0,0.0,0.0,0.0,0.0,0.0,1.0
10,12,0.0,0.0,0.0,0.0,0.0,0.0,0.0,0.0,0.0,0.0,0.0,0.0,1.0
10,12,0.0,0.0,0.0,0.0,0.0,0.0,0.0,0.0,0.0,0.0,0.0,0.0,1.0
10,12,0.0,0.0,0.0,0.0,0.0,0.0,0.0,0.0,0.0,0.0,0.0,0.0,1.0
10,12,0.0,0.0,0.0,0.0,0.0,0.0,0.0,0.0,0.0,0.0,0.0,0.0,1.0
10,12,0.0,0.0,0.0,0.0,0.0,0.0,0.0,0.0,0.0,0.0,0.0,0.0,1.0
10,12,0.056901295,0.0,0.0,0.0,0.0,0.0,0.0,0.0,0.0,0.0,0.07080989,0.0,0.8722888
10,12,0.056901295,0.0,0.0,0.0,0.0,0.0,0.0,0.0,0.0,0.0,0.07080989,0.0,0.8722888
10,12,0.056901295,0.0,0.0,0.0,0.0,0.0,0.0,0.0,0.0,0.0,0.07080989,0.0,0.8722888
10,12,0.056901295,0.0,0.0,0.0,0.0,0.0,0.0,0.0,0.0,0.0,0.07080989,0.0,0.8722888
10,12,0.056901295,0.0,0.0,0.0,0.0,0.0,0.0,0.0,0.0,0.0,0.07080989,0.0,0.8722888
10,12,0.056901295,0.0,0.06825699,0.0,0.0,0.0,0.0,0.0,0.0,0.0,0.07080989,0.0,0.8040318
10,12,0.056901295,0.0,0.06825699,0.0,0.0,0.0,0.0,0.0,0.0,0.0,0.07080989,0.0,0.8040318
10,12,0.056901295,0.0,0.06825699,0.0,0.0,0.0,0.0,0.0,0.0,0.0,0.07080989,0.0,0.8040318
10,12,0.056901295,0.0,0.06825699,0.0,0.0,0.0,0.0,0.0,0.0,0.0,0.13269818,0.0,0.7421435
10,12,0.056901295,0.0,0.06825699,0.0,0.0,0.0,0.0,0.0,0.0,0.0,0.13269818,0.0,0.7421435
10,12,0.056901295,0.0,0.06825699,0.0,0.0,0.0,0.0,0.0,0.0,0.0,0.13269818,0.0,0.7421435
10,12,0.056901295,0.0,0.06825699,0.0,0.0,0.0,0.0,0.0,0.0,0.0,0.13269818,0.0,0.7421435
10,12,0.056901295,0.0,0.06825699,0.0,0.0,0.0,0.0,0.0,0.0,0.0,0.13269818,0.0,0.7421435
10,12,0.056901295,0.0,0.06825699,0.0,0.0,0.0,0.0,0.0,0.0,0.0,0.13269818,0.0,0.7421435
10,12,0.056901295,0.0,0.06825699,0.0,0.0,0.0,0.0,0.0,0.0,0.0,0.13269818,0.0,0.7421435
10,12,0.056901295,0.0,0.06825699,0.0,0.0,0.0,0.0,0.0,0.0,0.0,0.13269818,0.0,0.7421435
10,12,0.056901295,0.0,0.06825699,0.0,0.0,0.0,0.0,0.0,0.0,0.0,0.13269818,0.0,0.7421435
10,12,0.056901295,0.0,0.06825699,0.0,0.0,0.0,0.0,0.0,0.0,0.0,0.13269818,0.0,0.7421435
10,12,0.056901295,0.0,0.06825699,0.0,0.0,0.0,0.0,0.0,0.0,0.0,0.13269818,0.0,0.7421435
10,12,0.056901295,0.0,0.06825699,0.0,0.0,0.0,0.0,0.0,0.0,0.0,0.13269818,0.0,0.7421435
10,12,0.056901295,0.0,0.06825699,0.0,0.0,0.0,0.0,0.0,0.0,0.0,0.13269818,0.0,0.7421435
10,12,0.056901295,0.0,0.06825699,0.0,0.0,0.0,0.0,0.0,0.0,0.0,0.13269818,0.0,0.7421435
10,12,0.056901295,0.0,0.06825699,0.0,0.0,0.0,0.0,0.0,0.0,0.0,0.13269818,0.0,0.7421435
10,12,0.056901295,0.0,0.06825699,0.0,0.0,0.0,0.0,0.0,0.0,0.0,0.13269818,0.0,0.7421435
10,12,0.056901295,0.0,0.06825699,0.0,0.0,0.0,0.0,0.0,0.0,0.0,0.13269818,0.0,0.7421435
10,12,0.056901295,0.0,0.06825699,0.0,0.0,0.0,0.0,0.0,0.0,0.0,0.13269818,0.0,0.7421435
10,12,0.056901295,0.0,0.06825699,0.0,0.0,0.0,0.0,0.0,0.0,0.0,0.13269818,0.0,0.7421435
10,12,0.056901295,0.0,0.06825699,0.0,0.0,0.0,0.0,0.0,0.0,0.0,0.13269818,0.0,0.7421435
10,12,0.056901295,0.0,0.06825699,0.0,0.0,0.0,0.0,0.0,0.0,0.0,0.13269818,0.0,0.7421435
10,12,0.056901295,0.0,0.06825699,0.0,0.0,0.0,0.0,0.0,0.0,0.0,0.13269818,0.0,0.7421435
10,12,0.056901295,0.0,0.06825699,0.0,0.0,0.0,0.0,0.0,0.0,0.0,0.13269818,0.0,0.7421435
10,12,0.056901295,0.0,0.06825699,0.0,0.0,0.0,0.0,0.0,0.0,0.0,0.13269818,0.0,0.7421435
10,12,0.056901295,0.0,0.06825699,0.0,0.0,0.0,0.0,0.0,0.0,0.0,0.13269818,0.0,0.7421435
10,12,0.056901295,0.0,0.06825699,0.0,0.0,0.0,0.0,0.0,0.0,0.0,0.13269818,0.0,0.7421435
10,12,0.056901295,0.0,0.06825699,0.0,0.0,0.0,0.0,0.0,0.0,0.0,0.13269818,0.0,0.7421435
10,12,0.056901295,0.0,0.06825699,0.0,0.0,0.0,0.0,0.0,0.0,0.0,0.13269818,0.0,0.7421435
10,12,0.056901295,0.0,0.06825699,0.0,0.0,0.0,0.0,0.0,0.0,0.0,0.13269818,0.0,0.7421435
10,12,0.056901295,0.0,0.06825699,0.0,0.0,0.0,0.0,0.0,0.0,0.0,0.13269818,0.0,0.7421435
10,12,0.056901295,0.0,0.12798813,0.0,0.0,0.0,0.0,0.0,0.0,0.0,0.13269818,0.0,0.6824124
10,12,0.056901295,0.0,0.12798813,0.0,0.0,0.0,0.0,0.0,0.0,0.0,0.13269818,0.0,0.6824124
10,12,0.056901295,0.0,0.12798813,0.0,0.0,0.0,0.0,0.0,0.0,0.0,0.13269818,0.0,0.6824124
10,12,0.056901295,0.0,0.12798813,0.0,0.0,0.0,0.0,0.0,0.0,0.0,0.13269818,0.0,0.6824124
10,12,0.056901295,0.0,0.12798813,0.0,0.0,0.0,0.0,0.0,0.0,0.0,0.13269818,0.0,0.6824124
10,12,0.056901295,0.0,0.12798813,0.0,0.0,0.0,0.0,0.0,0.0,0.0,0.13269818,0.0,0.6824124
10,12,0.056901295,0.0,0.12798813,0.0,0.0,0.0,0.0,0.0,0.0,0.0,0.13269818,0.06535795,0.61705446
10,12,0.056901295,0.0,0.12798813,0.0,0.0,0.0,0.0,0.0,0.0,0.0,0.13269818,0.06535795,0.61705446
10,12,0.056901295,0.0,0.12798813,0.0,0.0,0.0,0.0,0.0,0.0,0.0,0.13269818,0.06535795,0.61705446
10,12,0.056901295,0.0,0.12798813,0.0,0.0,0.0,0.0,0.0,0.0,0.0,0.13269818,0.06535795,0.61705446
10,12,0.11982101,0.0,0.18974064,0.0,0.0,0.0,0.0,0.0,0.0,0.0,0.13269818,0.06535795,0.49238223
10,12,0.11982101,0.0,0.18974064,0.0,0.0,0.0,0.0,0.0,0.0,0.0,0.13269818,0.06535795,0.49238223
10,12,0.11982102,0.0,0.25100505,0.0,0.0,0.0,0.0,0.0,0.0,0.0,0.1326982,0.06535796,0.43111786
10,12,0.11982102,0.0,0.25100505,0.0,0.0,0.0,0.0,0.0,0.0,0.0,0.1326982,0.06535796,0.43111786
10,12,0.11982102,0.0,0.30780202,0.0,0.0,0.0,0.0,0.0,0.0,0.0,0.13269818,0.06535795,0.37432086
10,12,0.11982102,0.0,0.30780202,0.0,0.0,0.0,0.0,0.0,0.0,0.0,0.13269818,0.06535795,0.37432086
10,12,0.11982102,0.0,0.30780202,0.0,0.0,0.0,0.0,0.0,0.0,0.0,0.13269818,0.06535795,0.37432086
10,12,0.11982102,0.0,0.30780202,0.0,0.0,0.0,0.0,0.0,0.0,0.0,0.13269818,0.06535795,0.37432086
10,12,0.11982102,0.0,0.30780202,0.0,0.0,0.0,0.0,0.0,0.0,0.0,0.13269818,0.06535795,0.37432086
10,12,0.11982102,0.0,0.30780202,0.0,0.0,0.0,0.0,0.0,0.0,0.0,0.13269818,0.06535795,0.37432086
10,12,0.11982102,0.0,0.30780202,0.0,0.0,0.0,0.0,0.0,0.0,0.0,0.13269818,0.06535795,0.37432086
10,12,0.11982102,0.0,0.30780202,0.0,0.0,0.0,0.0,0.0,0.0,0.0,0.13269818,0.06535795,0.37432086
10,12,0.11982102,0.0,0.30780202,0.0,0.0,0.0,0.0,0.0,0.0,0.0,0.13269818,0.06535795,0.37432086
10,12,0.11982102,0.0,0.30780202,0.0,0.0,0.0,0.0,0.0,0.0,0.0,0.13269818,0.06535795,0.37432086
10,12,0.11982102,0.0,0.30780202,0.0,0.0,0.0,0.0,0.0,0.0,0.0,0.13269818,0.06535795,0.37432086
10,12,0.11982102,0.0,0.30780202,0.0,0.0,0.0,0.0,0.0,0.0,0.0,0.13269818,0.06535795,0.37432086
10,12,0.11982102,0.0,0.30780202,0.0,0.0,0.0,0.0,0.0,0.0,0.0,0.13269818,0.06535795,0.37432086
10,12,0.11982102,0.0,0.30780202,0.0,0.0,0.0,0.0,0.0,0.0,0.0,0.13269818,0.06535795,0.37432086
10,12,0.11982102,0.0,0.30780202,0.0,0.0,0.0,0.0,0.0,0.0,0.0,0.13269818,0.06535795,0.37432086
10,12,0.11982102,0.0,0.30780202,0.0,0.0,0.0,0.0,0.0,0.0,0.0,0.13269818,0.06535795,0.37432086
10,12,0.11982102,0.0,0.30780202,0.0,0.0,0.0,0.0,0.0,0.0,0.0,0.13269818,0.06535795,0.37432086
10,12,0.11982102,0.0,0.30780202,0.0,0.0,0.0,0.0,0.0,0.0,0.0,0.13269818,0.06535795,0.37432086
10,12,0.11982102,0.0,0.30780202,0.0,0.0,0.0,0.0,0.0,0.0,0.0,0.13269818,0.06535795,0.37432086
10,12,0.11982102,0.0,0.30780202,0.0,0.0,0.0,0.0,0.0,0.0,0.0,0.13269818,0.06535795,0.37432086
10,12,0.11982102,0.0,0.30780202,0.0,0.0,0.0,0.0,0.0,0.0,0.0,0.13269818,0.06535795,0.37432086
10,12,0.11982102,0.0,0.30780202,0.0,0.0,0.0,0.0,0.0,0.0,0.0,0.13269818,0.06535795,0.37432086
10,12,0.11982102,0.0,0.30780202,0.0,0.0,0.0,0.0,0.0,0.0,0.0,0.13269818,0.06535795,0.37432086
10,12,0.11982102,0.0,0.30780202,0.0,0.0,0.0,0.0,0.0,0.0,0.0,0.13269818,0.06535795,0.37432086
10,12,0.11982102,0.0,0.30780202,0.0,0.0,0.0,0.0,0.0,0.0,0.0,0.13269818,0.06535795,0.37432086
10,12,0.11982102,0.0,0.30780202,0.0,0.0,0.0,0.0,0.0,0.0,0.0,0.13269818,0.06535795,0.37432086
10,12,0.11982102,0.0,0.30780202,0.0,0.0,0.0,0.0,0.0,0.0,0.0,0.13269818,0.06535795,0.37432086
10,12,0.11982102,0.0,0.30780202,0.0,0.0,0.0,0.0,0.0,0.0,0.0,0.13269818,0.06535795,0.37432086
10,12,0.11982102,0.0,0.30780202,0.0,0.0,0.0,0.0,0.0,0.0,0.0,0.13269818,0.06535795,0.37432086
10,12,0.11982102,0.0,0.30780202,0.0,0.0,0.0,0.0,0.0,0.0,0.0,0.13269818,0.06535795,0.37432086
10,12,0.11982102,0.0,0.30780202,0.0,0.0,0.0,0.0,0.0,0.0,0.0,0.13269818,0.06535795,0.37432086
10,12,0.11982102,0.0,0.30780202,0.0,0.0,0.0,0.0,0.0,0.0,0.0,0.13269818,0.06535795,0.37432086
10,12,0.11982102,0.0,0.30780202,0.0,0.0,0.0,0.0,0.0,0.0,0.0,0.13269818,0.06535795,0.37432086
10,12,0.11982102,0.0,0.30780202,0.0,0.0,0.0,0.0,0.0,0.0,0.0,0.13269818,0.06535795,0.37432086
10,12,0.11982102,0.0,0.30780202,0.0,0.0,0.0,0.0,0.0,0.0,0.0,0.13269818,0.06535795,0.37432086
10,12,0.11982102,0.0,0.30780202,0.0,0.0,0.0,0.0,0.0,0.0,0.0,0.13269818,0.06535795,0.37432086
10,12,0.11982102,0.0,0.30780202,0.0,0.0,0.0,0.0,0.0,0.0,0.0,0.13269818,0.06535795,0.37432086
10,12,0.11982102,0.0,0.30780202,0.0,0.0,0.0,0.0,0.0,0.0,0.0,0.13269818,0.06535795,0.37432086
10,12,0.11982102,0.0,0.30780202,0.0,0.0,0.0,0.0,0.0,0.0,0.0,0.13269818,0.06535795,0.37432086
10,12,0.11982102,0.0,0.30780202,0.0,0.0,0.0,0.0,0.0,0.0,0.0,0.13269818,0.06535795,0.37432086
10,12,0.11982102,0.0,0.30780202,0.0,0.0,0.0,0.0,0.0,0.0,0.0,0.13269818,0.06535795,0.37432086
10,12,0.11982102,0.0,0.30780202,0.0,0.0,0.0,0.0,0.0,0.0,0.0,0.13269818,0.06535795,0.37432086
10,12,0.11982102,0.0,0.30780202,0.0,0.0,0.0,0.0,0.0,0.0,0.0,0.13269818,0.06535795,0.37432086
10,12,0.11982102,0.0,0.30780202,0.0,0.0,0.0,0.0,0.0,0.0,0.0,0.13269818,0.06535795,0.37432086
10,2,0.11982102,0.0,0.37286568,0.0,0.0,0.0,0.0,0.0,0.0,0.0,0.1326982,0.06535796,0.30925724
10,2,0.11982102,0.0,0.37286568,0.0,0.0,0.0,0.0,0.0,0.0,0.0,0.1326982,0.06535796,0.30925724
10,2,0.11982102,0.0,0.37286568,0.0,0.0,0.0,0.0,0.0,0.0,0.0,0.1326982,0.06535796,0.30925724
10,2,0.11982102,0.0,0.37286568,0.0,0.0,0.0,0.0,0.0,0.0,0.0,0.1326982,0.06535796,0.30925724
10,2,0.11982102,0.0,0.37286568,0.0,0.0,0.0,0.0,0.0,0.0,0.0,0.1326982,0.06535796,0.30925724
10,2,0.11982102,0.0,0.37286568,0.0,0.0,0.0,0.0,0.0,0.0,0.0,0.1326982,0.06535796,0.30925724
10,2,0.11982102,0.0,0.37286568,0.0,0.0,0.0,0.0,0.0,0.0,0.0,0.1326982,0.06535796,0.30925724
10,2,0.11982102,0.0,0.37286568,0.0,0.0,0.0,0.0,0.0,0.0,0.0,0.1326982,0.06535796,0.30925724
10,2,0.11982102,0.0,0.37286568,0.0,0.0,0.0,0.0,0.0,0.0,0.0,0.1326982,0.06535796,0.30925724
10,2,0.11982102,0.0,0.37286568,0.0,0.0,0.0,0.0,0.0,0.0,0.0,0.1326982,0.06535796,0.30925724
10,2,0.11982102,0.0,0.37286568,0.0,0.0,0.0,0.0,0.0,0.0,0.0,0.1326982,0.06535796,0.30925724
10,2,0.11982102,0.0,0.37286568,0.0,0.0,0.0,0.0,0.0,0.0,0.0,0.1326982,0.06535796,0.30925724
10,2,0.11982102,0.0,0.37286568,0.0,0.0,0.0,0.0,0.0,0.0,0.0,0.1326982,0.06535796,0.30925724
10,2,0.11982102,0.0,0.37286568,0.0,0.0,0.0,0.0,0.0,0.0,0.0,0.1326982,0.06535796,0.30925724
10,2,0.11982102,0.0,0.37286568,0.0,0.0,0.0,0.0,0.0,0.0,0.0,0.1326982,0.06535796,0.30925724
10,2,0.11982102,0.0,0.37286568,0.0,0.0,0.0,0.0,0.0,0.0,0.0,0.1326982,0.06535796,0.30925724
10,2,0.11982102,0.0,0.37286568,0.0,0.0,0.0,0.0,0.0,0.0,0.0,0.1326982,0.06535796,0.30925724
10,2,0.11982102,0.0,0.37286568,0.0,0.0,0.0,0.0,0.0,0.0,0.0,0.1326982,0.06535796,0.30925724
10,2,0.11982102,0.0,0.37286568,0.0,0.0,0.0,0.0,0.0,0.0,0.0,0.1326982,0.06535796,0.30925724
10,2,0.11982102,0.0,0.37286568,0.0,0.0,0.0,0.0,0.0,0.0,0.0,0.1326982,0.06535796,0.30925724
10,2,0.11982102,0.0,0.37286568,0.0,0.0,0.0,0.0,0.0,0.0,0.0,0.1326982,0.06535796,0.30925724
10,2,0.11982102,0.0,0.37286568,0.0,0.0,0.0,0.0,0.0,0.0,0.0,0.1326982,0.06535796,0.30925724
10,2,0.11982102,0.0,0.37286568,0.0,0.0,0.0,0.0,0.0,0.0,0.0,0.1326982,0.06535796,0.30925724
10,2,0.11982102,0.0,0.37286568,0.0,0.0,0.0,0.0,0.0,0.0,0.0,0.1326982,0.06535796,0.30925724
10,2,0.11982102,0.0,0.37286568,0.0,0.0,0.0,0.0,0.0,0.0,0.0,0.1326982,0.06535796,0.30925724
10,2,0.11982102,0.0,0.37286568,0.0,0.0,0.0,0.0,0.0,0.0,0.0,0.1326982,0.06535796,0.30925724
10,2,0.11982102,0.0,0.37286568,0.0,0.0,0.0,0.0,0.0,0.0,0.0,0.1326982,0.06535796,0.30925724
10,2,0.11982102,0.0,0.37286568,0.0,0.0,0.0,0.0,0.0,0.0,0.0,0.1326982,0.06535796,0.30925724
10,2,0.11982102,0.0,0.37286568,0.0,0.0,0.0,0.0,0.0,0.0,0.0,0.1326982,0.06535796,0.30925724
10,2,0.11982102,0.0,0.37286568,0.0,0.0,0.0,0.0,0.0,0.0,0.0,0.1326982,0.06535796,0.30925724
10,2,0.11982102,0.0,0.37286568,0.0,0.0,0.0,0.0,0.0,0.0,0.0,0.1326982,0.06535796,0.30925724
10,2,0.11982102,0.0,0.37286568,0.0,0.0,0.0,0.0,0.0,0.0,0.0,0.1326982,0.06535796,0.30925724
10,2,0.11982102,0.0,0.37286568,0.0,0.0,0.0,0.0,0.0,0.0,0.0,0.1326982,0.06535796,0.30925724
10,2,0.11982102,0.0,0.37286568,0.0,0.0,0.0,0.0,0.0,0.0,0.0,0.1326982,0.06535796,0.30925724
10,2,0.11982102,0.0,0.37286568,0.0,0.0,0.0,0.0,0.0,0.0,0.0,0.1326982,0.06535796,0.30925724
10,2,0.11982102,0.0,0.37286568,0.0,0.0,0.0,0.0,0.0,0.0,0.0,0.1326982,0.06535796,0.30925724
10,2,0.11982102,0.0,0.37286568,0.0,0.0,0.0,0.0,0.0,0.0,0.0,0.1326982,0.06535796,0.30925724
10,2,0.11982102,0.0,0.37286568,0.0,0.0,0.0,0.0,0.0,0.0,0.0,0.1326982,0.06535796,0.30925724
10,2,0.11982102,0.0,0.37286568,0.0,0.0,0.0,0.0,0.0,0.0,0.0,0.1326982,0.06535796,0.30925724
10,2,0.11982102,0.0,0.37286568,0.0,0.0,0.0,0.0,0.0,0.0,0.0,0.1326982,0.06535796,0.30925724
10,2,0.11982102,0.0,0.37286568,0.0,0.0,0.0,0.0,0.0,0.0,0.0,0.1326982,0.06535796,0.30925724
10,2,0.11982102,0.0,0.37286568,0.0,0.0,0.0,0.0,0.0,0.0,0.0,0.1326982,0.06535796,0.30925724
10,2,0.11982102,0.0,0.37286568,0.0,0.0,0.0,0.0,0.0,0.0,0.0,0.1326982,0.06535796,0.30925724
10,2,0.11982102,0.0,0.37286568,0.0,0.0,0.0,0.0,0.0,0.0,0.0,0.1326982,0.06535796,0.30925724
10,2,0.11982102,0.0,0.37286568,0.0,0.0,0.0,0.0,0.0,0.0,0.0,0.1326982,0.06535796,0.30925724
10,2,0.11982102,0.0,0.37286568,0.0,0.0,0.0,0.0,0.0,0.0,0.0,0.1326982,0.06535796,0.30925724
10,2,0.11982102,0.0,0.37286568,0.0,0.0,0.0,0.0,0.0,0.0,0.0,0.1326982,0.06535796,0.30925724
10,2,0.11982102,0.0,0.37286568,0.0,0.0,0.0,0.0,0.0,0.0,0.0,0.1326982,0.06535796,0.30925724
10,2,0.11982102,0.0,0.37286568,0.0,0.0,0.0,0.0,0.0,0.0,0.0,0.1326982,0.06535796,0.30925724
10,2,0.11982102,0.0,0.37286568,0.0,0.0,0.0,0.0,0.0,0.0,0.0,0.1326982,0.06535796,0.30925724
10,2,0.11982102,0.0,0.37286568,0.0,0.0,0.0,0.0,0.0,0.0,0.0,0.1326982,0.06535796,0.30925724
10,2,0.11982102,0.0,0.37286568,0.0,0.0,0.0,0.0,0.0,0.0,0.0,0.1326982,0.06535796,0.30925724
10,2,0.11982102,0.0,0.37286568,0.0,0.0,0.0,0.0,0.0,0.0,0.0,0.1326982,0.06535796,0.30925724
10,2,0.11982102,0.0,0.37286568,0.0,0.0,0.0,0.0,0.0,0.0,0.0,0.1326982,0.06535796,0.30925724
10,2,0.11982102,0.0,0.37286568,0.0,0.0,0.0,0.0,0.0,0.0,0.0,0.1326982,0.06535796,0.30925724
10,2,0.11982102,0.0,0.37286568,0.0,0.0,0.0,0.0,0.0,0.0,0.0,0.1326982,0.06535796,0.30925724
10,2,0.11982102,0.0,0.37286568,0.0,0.0,0.0,0.0,0.0,0.0,0.0,0.1326982,0.06535796,0.30925724
10,2,0.11982102,0.0,0.37286568,0.0,0.0,0.0,0.0,0.0,0.0,0.0,0.1326982,0.06535796,0.30925724
10,2,0.11982102,0.0,0.37286568,0.0,0.0,0.0,0.0,0.0,0.0,0.0,0.1326982,0.06535796,0.30925724
10,2,0.11982102,0.0,0.37286568,0.0,0.0,0.0,0.0,0.0,0.0,0.0,0.1326982,0.06535796,0.30925724
10,2,0.11982102,0.0,0.37286568,0.0,0.0,0.0,0.0,0.0,0.0,0.0,0.1326982,0.06535796,0.30925724
10,2,0.11982102,0.0,0.37286568,0.0,0.0,0.0,0.0,0.0,0.0,0.0,0.1326982,0.06535796,0.30925724
10,2,0.11982102,0.0,0.37286568,0.0,0.0,0.0,0.0,0.0,0.0,0.0,0.1326982,0.06535796,0.30925724
10,2,0.11982102,0.0,0.37286568,0.0,0.0,0.0,0.0,0.0,0.0,0.0,0.1326982,0.06535796,0.30925724
10,2,0.11982102,0.0,0.37286568,0.0,0.0,0.0,0.0,0.0,0.0,0.0,0.1326982,0.06535796,0.30925724
10,2,0.11982102,0.0,0.37286568,0.0,0.0,0.0,0.0,0.0,0.0,0.0,0.1326982,0.06535796,0.30925724
10,2,0.11982102,0.0,0.37286568,0.0,0.0,0.0,0.0,0.0,0.0,0.0,0.1326982,0.06535796,0.30925724
10,2,0.11982102,0.0,0.37286568,0.0,0.0,0.0,0.0,0.0,0.0,0.0,0.1326982,0.06535796,0.30925724
10,2,0.11982102,0.0,0.37286568,0.0,0.0,0.0,0.0,0.0,0.0,0.0,0.1326982,0.06535796,0.30925724
10,2,0.11982102,0.0,0.37286568,0.0,0.0,0.0,0.0,0.0,0.0,0.0,0.1326982,0.06535796,0.30925724
10,2,0.11982102,0.0,0.37286568,0.0,0.0,0.0,0.0,0.0,0.0,0.0,0.1326982,0.06535796,0.30925724
10,2,0.11982102,0.0,0.37286568,0.0,0.0,0.0,0.0,0.0,0.0,0.0,0.1326982,0.06535796,0.30925724
10,2,0.11982102,0.0,0.37286568,0.0,0.0,0.0,0.0,0.0,0.0,0.0,0.1326982,0.06535796,0.30925724
10,2,0.11982102,0.0,0.37286568,0.0,0.0,0.0,0.0,0.0,0.0,0.0,0.1326982,0.06535796,0.30925724
10,2,0.11982102,0.0,0.37286568,0.0,0.0,0.0,0.0,0.0,0.0,0.0,0.1326982,0.06535796,0.30925724
10,2,0.11982102,0.0,0.37286568,0.0,0.0,0.0,0.0,0.0,0.0,0.0,0.1326982,0.06535796,0.30925724
10,2,0.11982102,0.0,0.37286568,0.0,0.0,0.0,0.0,0.0,0.0,0.0,0.1326982,0.06535796,0.30925724
10,2,0.11982102,0.0,0.37286568,0.0,0.0,0.0,0.0,0.0,0.0,0.0,0.1326982,0.06535796,0.30925724
10,2,0.11982102,0.0,0.37286568,0.0,0.0,0.0,0.0,0.0,0.0,0.0,0.1326982,0.06535796,0.30925724
10,2,0.11982102,0.0,0.37286568,0.0,0.0,0.0,0.0,0.0,0.0,0.0,0.1326982,0.06535796,0.30925724
10,2,0.11982102,0.0,0.37286568,0.0,0.0,0.0,0.0,0.0,0.0,0.0,0.1326982,0.06535796,0.30925724
10,2,0.11982102,0.0,0.37286568,0.0,0.0,0.0,0.0,0.0,0.0,0.0,0.1326982,0.06535796,0.30925724
10,2,0.11982102,0.0,0.37286568,0.0,0.0,0.0,0.0,0.0,0.0,0.0,0.1326982,0.06535796,0.30925724
10,2,0.11982102,0.0,0.37286568,0.0,0.0,0.0,0.0,0.0,0.0,0.0,0.1326982,0.06535796,0.30925724
10,2,0.11982102,0.0,0.37286568,0.0,0.0,0.0,0.0,0.0,0.0,0.0,0.1326982,0.06535796,0.30925724
10,2,0.11982102,0.0,0.37286568,0.0,0.0,0.0,0.0,0.0,0.0,0.0,0.1326982,0.06535796,0.30925724
10,2,0.11982102,0.0,0.37286568,0.0,0.0,0.0,0.0,0.0,0.0,0.0,0.1326982,0.06535796,0.30925724
10,2,0.11982102,0.0,0.37286568,0.0,0.0,0.0,0.0,0.0,0.0,0.0,0.1326982,0.06535796,0.30925724
10,2,0.11982102,0.0,0.37286568,0.0,0.0,0.0,0.0,0.0,0.0,0.0,0.1326982,0.06535796,0.30925724
10,2,0.11982102,0.0,0.37286568,0.0,0.0,0.0,0.0,0.0,0.0,0.0,0.1326982,0.06535796,0.30925724
10,2,0.11982102,0.0,0.37286568,0.0,0.0,0.0,0.0,0.0,0.0,0.0,0.1326982,0.06535796,0.30925724
10,2,0.11982102,0.0,0.37286568,0.0,0.0,0.0,0.0,0.0,0.0,0.0,0.1326982,0.06535796,0.30925724
11,2,0.11982102,0.0,0.37286568,0.0,0.0,0.0,0.0,0.0,0.0,0.0,0.1326982,0.06535796,0.30925724
11,2,0.11982102,0.0,0.37286568,0.0,0.0,0.0,0.0,0.0,0.0,0.0,0.1326982,0.06535796,0.30925724
11,2,0.11982102,0.0,0.37286568,0.0,0.0,0.0,0.0,0.0,0.0,0.0,0.1326982,0.06535796,0.30925724
11,2,0.11982102,0.0,0.37286568,0.0,0.0,0.0,0.0,0.0,0.0,0.0,0.1326982,0.06535796,0.30925724
11,2,0.11982102,0.0,0.37286568,0.0,0.0,0.0,0.0,0.0,0.0,0.0,0.1326982,0.06535796,0.30925724
11,2,0.11982102,0.0,0.37286568,0.0,0.0,0.0,0.0,0.0,0.0,0.0,0.1326982,0.06535796,0.30925724
11,2,0.11982102,0.0,0.37286568,0.0,0.0,0.0,0.0,0.0,0.0,0.0,0.1326982,0.06535796,0.30925724
11,2,0.11982102,0.0,0.37286568,0.0,0.0,0.0,0.0,0.0,0.0,0.0,0.1326982,0.06535796,0.30925724
11,2,0.11982102,0.0,0.37286568,0.0,0.0,0.0,0.0,0.0,0.0,0.0,0.1326982,0.06535796,0.30925724
11,2,0.11982102,0.0,0.37286568,0.0,0.0,0.0,0.0,0.0,0.0,0.0,0.1326982,0.06535796,0.30925724
11,2,0.11982102,0.0,0.37286568,0.0,0.0,0.0,0.0,0.0,0.0,0.0,0.1326982,0.06535796,0.30925724
11,2,0.11982102,0.0,0.37286568,0.0,0.0,0.0,0.0,0.0,0.0,0.0,0.1326982,0.06535796,0.30925724
11,2,0.11982102,0.0,0.37286568,0.0,0.0,0.0,0.0,0.0,0.0,0.0,0.1326982,0.06535796,0.30925724
11,2,0.11982102,0.0,0.37286568,0.0,0.0,0.0,0.0,0.0,0.0,0.0,0.1326982,0.06535796,0.30925724
11,2,0.11982102,0.0,0.37286568,0.0,0.0,0.0,0.0,0.0,0.0,0.0,0.1326982,0.06535796,0.30925724
11,2,0.11982102,0.0,0.37286568,0.0,0.0,0.0,0.0,0.0,0.0,0.0,0.1326982,0.06535796,0.30925724
11,2,0.11982102,0.0,0.37286568,0.0,0.0,0.0,0.0,0.0,0.0,0.0,0.1326982,0.06535796,0.30925724
11,2,0.11982102,0.0,0.37286568,0.0,0.0,0.0,0.0,0.0,0.0,0.0,0.1326982,0.06535796,0.30925724
11,2,0.11982102,0.0,0.37286568,0.0,0.0,0.0,0.0,0.0,0.0,0.0,0.1326982,0.06535796,0.30925724
11,2,0.11982102,0.0,0.37286568,0.0,0.0,0.0,0.0,0.0,0.0,0.0,0.1326982,0.06535796,0.30925724
11,2,0.11982102,0.0,0.37286568,0.0,0.0,0.0,0.0,0.0,0.0,0.0,0.1326982,0.06535796,0.30925724
11,2,0.11982102,0.0,0.37286568,0.0,0.0,0.0,0.0,0.0,0.0,0.0,0.1326982,0.06535796,0.30925724
11,2,0.11982102,0.0,0.37286568,0.0,0.0,0.0,0.0,0.0,0.0,0.0,0.1326982,0.06535796,0.30925724
11,2,0.11982102,0.0,0.37286568,0.0,0.0,0.0,0.0,0.0,0.0,0.0,0.1326982,0.06535796,0.30925724
11,2,0.11982102,0.0,0.37286568,0.0,0.0,0.0,0.0,0.0,0.0,0.0,0.1326982,0.06535796,0.30925724
11,2,0.11982102,0.0,0.37286568,0.0,0.0,0.0,0.0,0.0,0.0,0.0,0.1326982,0.06535796,0.30925724
11,2,0.11982102,0.0,0.37286568,0.0,0.0,0.0,0.0,0.0,0.0,0.0,0.1326982,0.06535796,0.30925724
11,2,0.11982102,0.0,0.37286568,0.0,0.0,0.0,0.0,0.0,0.0,0.0,0.1326982,0.06535796,0.30925724
11,2,0.11982102,0.0,0.37286568,0.0,0.0,0.0,0.0,0.0,0.0,0.0,0.1326982,0.06535796,0.30925724
11,2,0.11982102,0.0,0.37286568,0.0,0.0,0.0,0.0,0.0,0.0,0.0,0.1326982,0.06535796,0.30925724
11,2,0.11982102,0.0,0.37286568,0.0,0.0,0.0,0.0,0.0,0.0,0.0,0.1326982,0.06535796,0.30925724
11,2,0.11982102,0.0,0.37286568,0.0,0.0,0.0,0.0,0.0,0.0,0.0,0.1326982,0.06535796,0.30925724
11,2,0.11982102,0.0,0.37286568,0.0,0.0,0.0,0.0,0.0,0.0,0.0,0.1326982,0.06535796,0.30925724
11,2,0.11982102,0.0,0.37286568,0.0,0.0,0.0,0.0,0.0,0.0,0.0,0.1326982,0.06535796,0.30925724
11,2,0.11982102,0.0,0.37286568,0.0,0.0,0.0,0.0,0.0,0.0,0.0,0.1326982,0.06535796,0.30925724
11,2,0.11982102,0.0,0.37286568,0.0,0.0,0.0,0.0,0.0,0.0,0.0,0.1326982,0.06535796,0.30925724
11,2,0.11982102,0.0,0.37286568,0.0,0.0,0.0,0.0,0.0,0.0,0.0,0.1326982,0.06535796,0.30925724
11,2,0.11982102,0.0,0.37286568,0.0,0.0,0.0,0.0,0.0,0.0,0.0,0.1326982,0.06535796,0.30925724
11,2,0.11982102,0.0,0.37286568,0.0,0.0,0.0,0.0,0.0,0.0,0.0,0.1326982,0.06535796,0.30925724
11,2,0.11982102,0.0,0.37286568,0.0,0.0,0.0,0.0,0.0,0.0,0.0,0.1326982,0.06535796,0.30925724
11,2,0.11982102,0.0,0.37286568,0.0,0.0,0.0,0.0,0.0,0.0,0.0,0.1326982,0.06535796,0.30925724
11,2,0.11982102,0.0,0.37286568,0.0,0.0,0.0,0.0,0.0,0.0,0.0,0.1326982,0.06535796,0.30925724
11,2,0.11982102,0.0,0.37286568,0.0,0.0,0.0,0.0,0.0,0.0,0.0,0.1326982,0.06535796,0.30925724
11,2,0.11982102,0.0,0.37286568,0.0,0.0,0.0,0.0,0.0,0.0,0.0,0.1326982,0.06535796,0.30925724
11,2,0.11982102,0.0,0.37286568,0.0,0.0,0.0,0.0,0.0,0.0,0.0,0.1326982,0.06535796,0.30925724
11,2,0.11982102,0.0,0.37286568,0.0,0.0,0.0,0.0,0.0,0.0,0.0,0.1326982,0.06535796,0.30925724
11,2,0.11982102,0.0,0.37286568,0.0,0.0,0.0,0.0,0.0,0.0,0.0,0.1326982,0.06535796,0.30925724
11,2,0.11982102,0.0,0.37286568,0.0,0.0,0.0,0.0,0.0,0.0,0.0,0.1326982,0.06535796,0.30925724
11,2,0.11982102,0.0,0.37286568,0.0,0.0,0.0,0.0,0.0,0.0,0.0,0.1326982,0.06535796,0.30925724
11,2,0.11982102,0.0,0.37286568,0.0,0.0,0.0,0.0,0.0,0.0,0.0,0.1326982,0.06535796,0.30925724
11,2,0.11982102,0.0,0.37286568,0.0,0.0,0.0,0.0,0.0,0.0,0.0,0.1326982,0.06535796,0.30925724
11,2,0.11982102,0.0,0.37286568,0.0,0.0,0.0,0.0,0.0,0.0,0.0,0.1326982,0.06535796,0.30925724
11,2,0.11982102,0.0,0.37286568,0.0,0.0,0.0,0.0,0.0,0.0,0.0,0.1326982,0.06535796,0.30925724
11,2,0.11982102,0.0,0.37286568,0.0,0.0,0.0,0.0,0.0,0.0,0.0,0.1326982,0.06535796,0.30925724
11,2,0.11982102,0.0,0.37286568,0.0,0.0,0.0,0.0,0.0,0.0,0.0,0.1326982,0.06535796,0.30925724
11,2,0.11982102,0.0,0.37286568,0.0,0.0,0.0,0.0,0.0,0.0,0.0,0.1326982,0.06535796,0.30925724
11,2,0.11982102,0.0,0.37286568,0.0,0.0,0.0,0.0,0.0,0.0,0.0,0.1326982,0.06535796,0.30925724
11,2,0.11982102,0.0,0.37286568,0.0,0.0,0.0,0.0,0.0,0.0,0.0,0.1326982,0.06535796,0.30925724
11,2,0.11982102,0.0,0.37286568,0.0,0.0,0.0,0.0,0.0,0.0,0.0,0.1326982,0.06535796,0.30925724
11,2,0.11982102,0.0,0.37286568,0.0,0.0,0.0,0.0,0.0,0.0,0.0,0.1326982,0.06535796,0.30925724
11,2,0.11982102,0.0,0.37286568,0.0,0.0,0.0,0.0,0.0,0.0,0.0,0.1326982,0.06535796,0.30925724
11,2,0.11982102,0.0,0.37286568,0.0,0.0,0.0,0.0,0.0,0.0,0.0,0.1326982,0.06535796,0.30925724
11,2,0.11982102,0.0,0.37286568,0.0,0.0,0.0,0.0,0.0,0.0,0.0,0.1326982,0.06535796,0.30925724
11,2,0.11982102,0.0,0.37286568,0.0,0.0,0.0,0.0,0.0,0.0,0.0,0.1326982,0.06535796,0.30925724
11,2,0.11982102,0.0,0.37286568,0.0,0.0,0.0,0.0,0.0,0.0,0.0,0.1326982,0.06535796,0.30925724
11,2,0.11982102,0.0,0.37286568,0.0,0.0,0.0,0.0,0.0,0.0,0.0,0.1326982,0.06535796,0.30925724
11,2,0.11982102,0.0,0.37286568,0.0,0.0,0.0,0.0,0.0,0.0,0.0,0.1326982,0.06535796,0.30925724
11,2,0.11982102,0.0,0.37286568,0.0,0.0,0.0,0.0,0.0,0.0,0.0,0.1326982,0.06535796,0.30925724
11,2,0.11982102,0.0,0.37286568,0.0,0.0,0.0,0.0,0.0,0.0,0.0,0.1326982,0.06535796,0.30925724
11,2,0.11982102,0.0,0.37286568,0.0,0.0,0.0,0.0,0.0,0.0,0.0,0.1326982,0.06535796,0.30925724
11,2,0.11982102,0.0,0.37286568,0.0,0.0,0.0,0.0,0.0,0.0,0.0,0.1326982,0.06535796,0.30925724
11,2,0.11982102,0.0,0.37286568,0.0,0.0,0.0,0.0,0.0,0.0,0.0,0.1326982,0.06535796,0.30925724
11,2,0.11982102,0.0,0.37286568,0.0,0.0,0.0,0.0,0.0,0.0,0.0,0.1326982,0.06535796,0.30925724
11,2,0.11982102,0.0,0.37286568,0.0,0.0,0.0,0.0,0.0,0.0,0.0,0.1326982,0.06535796,0.30925724
11,2,0.11982102,0.0,0.37286568,0.0,0.0,0.0,0.0,0.0,0.0,0.0,0.1326982,0.06535796,0.30925724
11,2,0.11982102,0.0,0.37286568,0.0,0.0,0.0,0.0,0.0,0.0,0.0,0.1326982,0.06535796,0.30925724
11,2,0.11982102,0.0,0.37286568,0.0,0.0,0.0,0.0,0.0,0.0,0.0,0.1326982,0.06535796,0.30925724
11,2,0.11982102,0.0,0.37286568,0.0,0.0,0.0,0.0,0.0,0.0,0.0,0.1326982,0.06535796,0.30925724
11,2,0.11982102,0.0,0.37286568,0.0,0.0,0.0,0.0,0.0,0.0,0.0,0.1326982,0.06535796,0.30925724
11,2,0.11982102,0.0,0.37286568,0.0,0.0,0.0,0.0,0.0,0.0,0.0,0.1326982,0.06535796,0.30925724
11,2,0.11982102,0.0,0.37286568,0.0,0.0,0.0,0.0,0.0,0.0,0.0,0.1326982,0.06535796,0.30925724
11,2,0.11982102,0.0,0.37286568,0.0,0.0,0.0,0.0,0.0,0.0,0.0,0.1326982,0.06535796,0.30925724
11,2,0.11982102,0.0,0.37286568,0.0,0.0,0.0,0.0,0.0,0.0,0.0,0.1326982,0.06535796,0.30925724
11,2,0.11982102,0.0,0.37286568,0.0,0.0,0.0,0.0,0.0,0.0,0.0,0.1326982,0.06535796,0.30925724
11,2,0.11982102,0.0,0.37286568,0.0,0.0,0.0,0.0,0.0,0.0,0.0,0.1326982,0.06535796,0.30925724
11,2,0.11982102,0.0,0.37286568,0.0,0.0,0.0,0.0,0.0,0.0,0.0,0.1326982,0.06535796,0.30925724
11,2,0.11982102,0.0,0.37286568,0.0,0.0,0.0,0.0,0.0,0.0,0.0,0.1326982,0.06535796,0.30925724
11,2,0.11982102,0.0,0.37286568,0.0,0.0,0.0,0.0,0.0,0.0,0.0,0.1326982,0.06535796,0.30925724
11,2,0.11982102,0.0,0.37286568,0.0,0.0,0.0,0.0,0.0,0.0,0.0,0.1326982,0.06535796,0.30925724
11,2,0.11982102,0.0,0.37286568,0.0,0.0,0.0,0.0,0.0,0.0,0.0,0.1326982,0.06535796,0.30925724
11,2,0.11982102,0.0,0.37286568,0.0,0.0,0.0,0.0,0.0,0.0,0.0,0.1326982,0.06535796,0.30925724
11,2,0.11982102,0.0,0.37286568,0.0,0.0,0.0,0.0,0.0,0.0,0.0,0.1326982,0.06535796,0.30925724
11,2,0.11982102,0.0,0.37286568,0.0,0.0,0.0,0.0,0.0,0.0,0.0,0.1326982,0.06535796,0.30925724
11,2,0.11982102,0.0,0.37286568,0.0,0.0,0.0,0.0,0.0,0.0,0.0,0.1326982,0.06535796,0.30925724
11,2,0.11982102,0.0,0.37286568,0.0,0.0,0.0,0.0,0.0,0.0,0.0,0.1326982,0.06535796,0.30925724
11,2,0.11982102,0.0,0.37286568,0.0,0.0,0.0,0.0,0.0,0.0,0.0,0.1326982,0.06535796,0.30925724
11,2,0.11982102,0.0,0.37286568,0.0,0.0,0.0,0.0,0.0,0.0,0.0,0.1326982,0.06535796,0.30925724
11,2,0.11982102,0.0,0.37286568,0.0,0.0,0.0,0.0,0.0,0.0,0.0,0.1326982,0.06535796,0.30925724
11,2,0.11982102,0.0,0.37286568,0.0,0.0,0.0,0.0,0.0,0.0,0.0,0.1326982,0.06535796,0.30925724
11,2,0.11982102,0.0,0.37286568,0.0,0.0,0.0,0.0,0.0,0.0,0.0,0.1326982,0.06535796,0.30925724
11,2,0.11982101,0.0,0.37286565,0.0,0.0,0.0,0.0,0.0,0.0,0.0,0.13269818,0.17979519,0.19481999
11,2,0.11982101,0.0,0.37286565,0.0,0.0,0.0,0.0,0.0,0.0,0.0,0.13269818,0.17979519,0.19481999
11,2,0.11982101,0.0,0.37286565,0.0,0.0,0.0,0.0,0.0,0.0,0.0,0.13269818,0.17979519,0.19481999
11,2,0.11982101,0.0,0.37286565,0.0,0.0,0.0,0.0,0.0,0.0,0.0,0.13269818,0.17979519,0.19481999
11,2,0.11982101,0.0,0.37286565,0.0,0.0,0.0,0.0,0.0,0.0,0.0,0.13269818,0.17979519,0.19481999
11,2,0.11982101,0.0,0.37286565,0.0,0.0,0.0,0.0,0.0,0.0,0.0,0.13269818,0.17979519,0.19481999
11,2,0.11982101,0.0,0.31313452,0.0,0.0,0.0,0.0,0.0,0.0,0.0,0.13269818,0.23952635,0.19481999
11,2,0.11982101,0.0,0.31313452,0.0,0.0,0.0,0.0,0.0,0.0,0.0,0.13269818,0.23952635,0.19481999
11,2,0.11982101,0.0,0.31313452,0.0,0.0,0.0,0.0,0.0,0.0,0.0,0.13269818,0.23952635,0.19481999
11,2,0.11982101,0.0,0.31313452,0.0,0.0,0.0,0.0,0.0,0.0,0.0,0.13269818,0.23952635,0.19481999
11,2,0.11982101,0.0,0.31313452,0.0,0.0,0.0,0.0,0.0,0.0,0.0,0.13269818,0.23952635,0.19481999
11,2,0.11982101,0.0,0.31313452,0.0,0.0,0.0,0.0,0.0,0.0,0.0,0.13269818,0.23952635,0.19481999
11,2,0.11982101,0.0,0.31313452,0.0,0.0,0.0,0.0,0.0,0.0,0.0,0.13269818,0.23952635,0.19481999
11,2,0.11982101,0.0,0.31313452,0.0,0.0,0.0,0.0,0.0,0.0,0.0,0.13269818,0.23952635,0.19481999
11,2,0.11982101,0.0,0.31313452,0.0,0.0,0.0,0.0,0.0,0.0,0.0,0.13269818,0.23952635,0.19481999
11,2,0.11982101,0.0,0.31313452,0.0,0.0,0.0,0.0,0.0,0.0,0.0,0.13269818,0.23952635,0.19481999
11,2,0.11982101,0.0,0.31313452,0.0,0.0,0.0,0.0,0.0,0.0,0.0,0.13269818,0.23952635,0.19481999
11,2,0.11982101,0.0,0.31313452,0.0,0.0,0.0,0.0,0.0,0.0,0.0,0.13269818,0.23952635,0.19481999
11,2,0.11982101,0.0,0.31313452,0.0,0.0,0.0,0.0,0.0,0.0,0.0,0.13269818,0.23952635,0.19481999
11,2,0.11982101,0.0,0.31313452,0.0,0.0,0.0,0.0,0.0,0.0,0.0,0.13269818,0.23952635,0.19481999
11,2,0.11982101,0.0,0.31313452,0.0,0.0,0.0,0.0,0.0,0.0,0.0,0.13269818,0.23952635,0.19481999
11,11,0.11982101,0.0,0.2563375,0.0,0.0,0.0,0.0,0.0,0.0,0.0,0.13269818,0.29632336,0.19481999
11,11,0.11982101,0.0,0.2563375,0.0,0.0,0.0,0.0,0.0,0.0,0.0,0.13269818,0.29632336,0.19481999
11,11,0.11982101,0.0,0.2563375,0.0,0.0,0.0,0.0,0.0,0.0,0.0,0.13269818,0.29632336,0.19481999
11,11,0.11982101,0.0,0.2563375,0.0,0.0,0.0,0.0,0.0,0.0,0.0,0.13269818,0.29632336,0.19481999
11,11,0.11982101,0.0,0.2563375,0.0,0.0,0.0,0.0,0.0,0.0,0.0,0.13269818,0.29632336,0.19481999
11,11,0.11982101,0.0,0.2563375,0.0,0.0,0.0,0.0,0.0,0.0,0.0,0.13269818,0.29632336,0.19481999
11,11,0.11982101,0.0,0.2563375,0.0,0.0,0.0,0.0,0.0,0.0,0.0,0.13269818,0.29632336,0.19481999
11,11,0.11982101,0.0,0.19127387,0.0,0.0,0.0,0.0,0.0,0.0,0.0,0.13269818,0.36138695,0.19481999
11,11,0.11982101,0.0,0.19127387,0.0,0.0,0.0,0.0,0.0,0.0,0.0,0.13269818,0.36138695,0.19481999
11,11,0.11982101,0.0,0.19127387,0.0,0.0,0.0,0.0,0.0,0.0,0.0,0.13269818,0.42343348,0.13277347
11,11,0.11982101,0.0,0.19127387,0.0,0.0,0.0,0.0,0.0,0.0,0.0,0.13269818,0.42343348,0.13277347
11,11,0.06291971,0.0,0.19127384,0.0,0.0,0.0,0.0,0.0,0.0,0.0,0.13269816,0.48033473,0.13277346
11,11,0.06291971,0.0,0.19127384,0.0,0.0,0.0,0.0,0.0,0.0,0.0,0.13269816,0.48033473,0.13277346
11,11,0.06291971,0.0,0.19127384,0.0,0.0,0.0,0.0,0.0,0.0,0.0,0.13269816,0.48033473,0.13277346
11,11,0.06291971,0.0,0.12301687,0.0,0.0,0.0,0.0,0.0,0.0,0.0,0.13269816,0.54859173,0.13277346
11,11,0.06291971,0.0,0.12301687,0.0,0.0,0.0,0.0,0.0,0.0,0.0,0.13269816,0.54859173,0.13277346
11,11,0.06291971,0.0,0.12301687,0.0,0.0,0.0,0.0,0.0,0.0,0.0,0.13269816,0.54859173,0.13277346
11,11,0.06291971,0.0,0.12301687,0.0,0.0,0.0,0.0,0.0,0.0,0.0,0.13269816,0.54859173,0.13277346
11,11,0.06291971,0.0,0.12301687,0.0,0.0,0.0,0.0,0.0,0.0,0.0,0.13269816,0.54859173,0.13277346
11,11,0.0,0.0,0.061264377,0.0,0.0,0.0,0.0,0.0,0.0,0.0,0.13269818,0.673264,0.13277347
11,11,0.0,0.0,0.061264377,0.0,0.0,0.0,0.0,0.0,0.0,0.0,0.13269818,0.673264,0.13277347
11,11,0.0,0.0,0.061264377,0.0,0.0,0.0,0.0,0.0,0.0,0.0,0.13269818,0.673264,0.13277347
11,11,0.0,0.0,0.061264377,0.0,0.0,0.0,0.0,0.0,0.0,0.0,0.13269818,0.673264,0.13277347
11,11,0.0,0.0,0.061264377,0.0,0.0,0.0,0.0,0.0,0.0,0.0,0.13269818,0.673264,0.13277347
11,11,0.0,0.0,0.061264377,0.0,0.0,0.0,0.0,0.0,0.0,0.0,0.13269818,0.673264,0.13277347
11,11,0.0,0.0,0.061264377,0.0,0.0,0.0,0.0,0.0,0.0,0.0,0.13269818,0.673264,0.13277347
11,11,0.0,0.0,0.061264377,0.0,0.0,0.0,0.0,0.0,0.0,0.0,0.13269818,0.673264,0.13277347
11,11,0.0,0.0,0.061264377,0.0,0.0,0.0,0.0,0.0,0.0,0.0,0.13269818,0.673264,0.13277347
11,11,0.0,0.0,0.061264377,0.0,0.0,0.0,0.0,0.0,0.0,0.0,0.13269818,0.673264,0.13277347
11,11,0.0,0.0,0.061264377,0.0,0.0,0.0,0.0,0.0,0.0,0.0,0.13269818,0.673264,0.13277347
11,11,0.0,0.0,0.061264377,0.0,0.0,0.0,0.0,0.0,0.0,0.0,0.13269818,0.673264,0.13277347
11,11,0.0,0.0,0.061264377,0.0,0.0,0.0,0.0,0.0,0.0,0.0,0.13269818,0.673264,0.13277347
11,11,0.0,0.0,0.061264377,0.0,0.0,0.0,0.0,0.0,0.0,0.0,0.13269818,0.673264,0.13277347
11,11,0.0,0.0,0.061264377,0.0,0.0,0.0,0.0,0.0,0.0,0.0,0.13269818,0.673264,0.13277347
11,11,0.0,0.0,0.061264377,0.0,0.0,0.0,0.0,0.0,0.0,0.0,0.13269818,0.673264,0.13277347
11,11,0.0,0.0,0.061264377,0.0,0.0,0.0,0.0,0.0,0.0,0.0,0.13269818,0.738454,0.067583494
11,11,0.0,0.0,0.061264377,0.0,0.0,0.0,0.0,0.0,0.0,0.0,0.13269818,0.738454,0.067583494
11,11,0.0,0.0,0.061264377,0.0,0.0,0.0,0.0,0.0,0.0,0.0,0.13269818,0.738454,0.067583494
11,11,0.0,0.0,0.061264377,0.0,0.0,0.0,0.0,0.0,0.0,0.0,0.13269818,0.738454,0.067583494
11,11,0.0,0.0,0.061264377,0.0,0.0,0.0,0.0,0.0,0.0,0.0,0.13269818,0.738454,0.067583494
11,11,0.0,0.0,0.061264377,0.0,0.0,0.0,0.0,0.0,0.0,0.0,0.13269818,0.738454,0.067583494
11,11,0.0,0.0,0.061264377,0.0,0.0,0.0,0.0,0.0,0.0,0.0,0.13269818,0.738454,0.067583494
11,11,0.0,0.0,0.061264377,0.0,0.0,0.0,0.0,0.0,0.0,0.0,0.13269818,0.738454,0.067583494
11,11,0.0,0.0,0.061264377,0.0,0.0,0.0,0.0,0.0,0.0,0.0,0.13269818,0.738454,0.067583494
11,11,0.0,0.0,0.061264377,0.0,0.0,0.0,0.0,0.0,0.0,0.0,0.13269818,0.738454,0.067583494
11,11,0.0,0.0,0.061264377,0.0,0.0,0.0,0.0,0.0,0.0,0.0,0.13269818,0.738454,0.067583494
11,11,0.0,0.0,0.061264377,0.0,0.0,0.0,0.0,0.0,0.0,0.0,0.13269818,0.738454,0.067583494
11,11,0.0,0.0,0.061264377,0.0,0.0,0.0,0.0,0.0,0.0,0.0,0.13269818,0.738454,0.067583494
11,11,0.0,0.0,0.061264377,0.0,0.0,0.0,0.0,0.0,0.0,0.0,0.13269818,0.738454,0.067583494
11,11,0.0,0.0,0.061264377,0.0,0.0,0.0,0.0,0.0,0.0,0.0,0.13269818,0.738454,0.067583494
11,11,0.0,0.0,0.061264377,0.0,0.0,0.0,0.0,0.0,0.0,0.0,0.13269818,0.738454,0.067583494
11,11,0.0,0.0,0.061264377,0.0,0.0,0.0,0.0,0.0,0.0,0.0,0.13269818,0.738454,0.067583494
11,11,0.0,0.0,0.061264377,0.0,0.0,0.0,0.0,0.0,0.0,0.0,0.13269818,0.738454,0.067583494
11,11,0.0,0.0,0.061264377,0.0,0.0,0.0,0.0,0.0,0.0,0.0,0.13269818,0.738454,0.067583494
11,11,0.0,0.0,0.0,0.0,0.0,0.0,0.0,0.0,0.0,0.0,0.13269818,0.7997184,0.067583494
11,11,0.0,0.0,0.0,0.0,0.0,0.0,0.0,0.0,0.0,0.0,0.13269818,0.7997184,0.067583494
11,11,0.0,0.0,0.0,0.0,0.0,0.0,0.0,0.0,0.0,0.0,0.13269818,0.7997184,0.067583494
11,11,0.0,0.0,0.0,0.0,0.0,0.0,0.0,0.0,0.0,0.0,0.13269818,0.7997184,0.067583494
11,11,0.0,0.0,0.0,0.0,0.0,0.0,0.0,0.0,0.0,0.0,0.13269818,0.7997184,0.067583494
11,11,0.0,0.0,0.0,0.0,0.0,0.0,0.0,0.0,0.0,0.0,0.13269818,0.7997184,0.067583494
11,11,0.0,0.0,0.0,0.0,0.0,0.0,0.0,0.0,0.0,0.0,0.13269818,0.7997184,0.067583494
11,11,0.0,0.0,0.0,0.0,0.0,0.0,0.0,0.0,0.0,0.0,0.13269818,0.7997184,0.067583494
11,11,0.0,0.0,0.0,0.0,0.0,0.0,0.0,0.0,0.0,0.0,0.13269818,0.7997184,0.067583494
11,11,0.0,0.0,0.0,0.0,0.0,0.0,0.0,0.0,0.0,0.0,0.13269818,0.7997184,0.067583494
11,11,0.0,0.0,0.0,0.0,0.0,0.0,0.0,0.0,0.0,0.0,0.13269818,0.7997184,0.067583494
11,11,0.0,0.0,0.0,0.0,0.0,0.0,0.0,0.0,0.0,0.0,0.13269818,0.7997184,0.067583494
11,11,0.0,0.0,0.0,0.0,0.0,0.0,0.0,0.0,0.0,0.0,0.13269818,0.7997184,0.067583494
11,11,0.0,0.0,0.0,0.0,0.0,0.0,0.0,0.0,0.0,0.0,0.13269818,0.7997184,0.067583494
11,11,0.0,0.0,0.0,0.0,0.0,0.0,0.0,0.0,0.0,0.0,0.13269818,0.7997184,0.067583494
11,11,0.0,0.0,0.0,0.0,0.0,0.0,0.0,0.0,0.0,0.0,0.13269818,0.7997184,0.067583494
11,11,0.0,0.0,0.0,0.0,0.0,0.0,0.0,0.0,0.0,0.0,0.13269818,0.7997184,0.067583494
11,11,0.0,0.0,0.0,0.0,0.0,0.0,0.0,0.0,0.0,0.0,0.13269818,0.7997184,0.067583494
11,11,0.0,0.0,0.0,0.0,0.0,0.0,0.0,0.0,0.0,0.0,0.13269818,0.7997184,0.067583494
11,11,0.0,0.0,0.0,0.0,0.0,0.0,0.0,0.0,0.0,0.0,0.13269818,0.7997184,0.067583494
11,11,0.0,0.0,0.0,0.0,0.0,0.0,0.0,0.0,0.0,0.0,0.13269818,0.7997184,0.067583494
11,11,0.0,0.0,0.0,0.0,0.0,0.0,0.0,0.0,0.0,0.0,0.06188829,0.9381117,0.0
11,11,0.0,0.0,0.0,0.0,0.0,0.0,0.0,0.0,0.0,0.0,0.06188829,0.9381117,0.0
11,11,0.0,0.0,0.0,0.0,0.0,0.0,0.0,0.0,0.0,0.0,0.06188829,0.9381117,0.0
11,11,0.0,0.0,0.0,0.0,0.0,0.0,0.0,0.0,0.0,0.0,0.06188829,0.9381117,0.0
11,11,0.0,0.0,0.0,0.0,0.0,0.0,0.0,0.0,0.0,0.0,0.06188829,0.9381117,0.0
11,11,0.0,0.0,0.0,0.0,0.0,0.0,0.0,0.0,0.0,0.0,0.06188829,0.9381117,0.0
11,11,0.0,0.0,0.0,0.0,0.0,0.0,0.0,0.0,0.0,0.0,0.06188829,0.9381117,0.0
11,11,0.0,0.0,0.0,0.0,0.0,0.0,0.0,0.0,0.0,0.0,0.06188829,0.9381117,0.0
11,11,0.0,0.0,0.0,0.0,0.0,0.0,0.0,0.0,0.0,0.0,0.06188829,0.9381117,0.0
11,11,0.0,0.0,0.0,0.0,0.0,0.0,0.0,0.0,0.0,0.0,0.06188829,0.9381117,0.0
11,11,0.0,0.0,0.0,0.0,0.0,0.0,0.0,0.0,0.0,0.0,0.06188829,0.9381117,0.0
11,11,0.0,0.0,0.0,0.0,0.0,0.0,0.0,0.0,0.0,0.0,0.06188829,0.9381117,0.0
11,11,0.0,0.0,0.0,0.0,0.0,0.0,0.0,0.0,0.0,0.0,0.06188829,0.9381117,0.0
11,11,0.0,0.0,0.0,0.0,0.0,0.0,0.0,0.0,0.0,0.0,0.06188829,0.9381117,0.0
11,11,0.0,0.0,0.0,0.0,0.0,0.0,0.0,0.0,0.0,0.0,0.06188829,0.9381117,0.0
11,11,0.0,0.0,0.0,0.0,0.0,0.0,0.0,0.0,0.0,0.0,0.06188829,0.9381117,0.0
11,11,0.0,0.0,0.0,0.0,0.0,0.0,0.0,0.0,0.0,0.0,0.06188829,0.9381117,0.0
11,11,0.0,0.0,0.0,0.0,0.0,0.0,0.0,0.0,0.0,0.0,0.06188829,0.9381117,0.0
11,11,0.0,0.0,0.0,0.0,0.0,0.0,0.0,0.0,0.0,0.0,0.06188829,0.9381117,0.0
11,11,0.0,0.0,0.0,0.0,0.0,0.0,0.0,0.0,0.0,0.0,0.06188829,0.9381117,0.0
11,11,0.0,0.0,0.0,0.0,0.0,0.0,0.0,0.0,0.0,0.0,0.06188829,0.9381117,0.0
11,11,0.0,0.0,0.0,0.0,0.0,0.0,0.0,0.0,0.0,0.0,0.06188829,0.9381117,0.0
11,11,0.0,0.0,0.0,0.0,0.0,0.0,0.0,0.0,0.0,0.0,0.06188829,0.9381117,0.0
11,11,0.0,0.0,0.0,0.0,0.0,0.0,0.0,0.0,0.0,0.0,0.06188829,0.9381117,0.0
11,11,0.0,0.0,0.0,0.0,0.0,0.0,0.0,0.0,0.0,0.0,0.0,1.0,0.0
11,11,0.0,0.0,0.0,0.0,0.0,0.0,0.0,0.0,0.0,0.0,0.0,1.0,0.0
11,11,0.0,0.0,0.0,0.0,0.0,0.0,0.0,0.0,0.0,0.0,0.0,1.0,0.0
11,11,0.0,0.0,0.0,0.0,0.0,0.0,0.0,0.0,0.0,0.0,0.0,1.0,0.0
11,11,0.0,0.0,0.0,0.0,0.0,0.0,0.0,0.0,0.0,0.0,0.0,1.0,0.0
11,11,0.0,0.0,0.0,0.0,0.0,0.0,0.0,0.0,0.0,0.0,0.0,1.0,0.0
11,11,0.0,0.0,0.0,0.0,0.0,0.0,0.0,0.0,0.0,0.0,0.0,1.0,0.0
11,11,0.0,0.0,0.0,0.0,0.0,0.0,0.0,0.0,0.0,0.0,0.0,1.0,0.0
11,11,0.0,0.0,0.0,0.0,0.0,0.0,0.0,0.0,0.0,0.0,0.0,1.0,0.0
11,11,0.0,0.0,0.0,0.0,0.0,0.0,0.0,0.0,0.0,0.0,0.0,1.0,0.0
11,11,0.0,0.0,0.0,0.0,0.0,0.0,0.0,0.0,0.0,0.0,0.0,1.0,0.0
11,11,0.0,0.0,0.0,0.0,0.0,0.0,0.0,0.0,0.0,0.0,0.0,1.0,0.0
11,11,0.0,0.0,0.0,0.0,0.0,0.0,0.0,0.0,0.0,0.0,0.0,1.0,0.0
11,11,0.0,0.0,0.0,0.0,0.0,0.0,0.0,0.0,0.0,0.0,0.0,1.0,0.0
11,11,0.0,0.0,0.0,0.0,0.0,0.0,0.0,0.0,0.0,0.0,0.0,1.0,0.0
11,11,0.0,0.0,0.0,0.0,0.0,0.0,0.0,0.0,0.0,0.0,0.0,1.0,0.0
11,11,0.0,0.0,0.0,0.0,0.0,0.0,0.0,0.0,0.0,0.0,0.0,1.0,0.0
11,11,0.0,0.0,0.0,0.0,0.0,0.0,0.0,0.0,0.0,0.0,0.0,1.0,0.0
11,11,0.0,0.0,0.0,0.0,0.0,0.0,0.0,0.0,0.0,0.0,0.0,1.0,0.0
11,11,0.0,0.0,0.0,0.0,0.0,0.0,0.0,0.0,0.0,0.0,0.0,1.0,0.0
11,11,0.0,0.0,0.0,0.0,0.0,0.0,0.0,0.0,0.0,0.0,0.0,1.0,0.0
11,11,0.0,0.0,0.0,0.0,0.0,0.0,0.0,0.0,0.0,0.0,0.0,1.0,0.0
11,11,0.0,0.0,0.0,0.0,0.0,0.0,0.0,0.0,0.0,0.0,0.0,1.0,0.0
11,11,0.0,0.0,0.0,0.0,0.0,0.0,0.0,0.0,0.0,0.0,0.0,1.0,0.0
11,11,0.0,0.0,0.0,0.0,0.0,0.0,0.0,0.0,0.0,0.0,0.0,1.0,0.0
11,11,0.0,0.0,0.0,0.0,0.0,0.0,0.0,0.0,0.0,0.0,0.0,1.0,0.0
11,11,0.0,0.0,0.0,0.0,0.0,0.0,0.0,0.0,0.0,0.0,0.0,1.0,0.0
11,11,0.0,0.0,0.0,0.0,0.0,0.0,0.0,0.0,0.0,0.0,0.0,1.0,0.0
11,11,0.0,0.0,0.0,0.0,0.0,0.0,0.0,0.0,0.0,0.0,0.0,1.0,0.0
11,11,0.0,0.0,0.0,0.0,0.0,0.0,0.0,0.0,0.0,0.0,0.0,1.0,0.0
11,11,0.0,0.0,0.0,0.0,0.0,0.0,0.0,0.0,0.0,0.0,0.0,1.0,0.0
11,11,0.0,0.0,0.0,0.0,0.0,0.0,0.0,0.0,0.0,0.0,0.0,1.0,0.0
11,11,0.0,0.0,0.0,0.0,0.0,0.0,0.0,0.0,0.0,0.0,0.0,1.0,0.0
11,11,0.0,0.0,0.0,0.0,0.0,0.0,0.0,0.0,0.0,0.0,0.0,1.0,0.0
11,11,0.0,0.0,0.0,0.0,0.0,0.0,0.0,0.0,0.0,0.0,0.0,1.0,0.0
11,11,0.0,0.0,0.0,0.0,0.0,0.0,0.0,0.0,0.0,0.0,0.0,1.0,0.0
11,11,0.0,0.0,0.0,0.0,0.0,0.0,0.0,0.0,0.0,0.0,0.0,1.0,0.0
11,11,0.0,0.0,0.0,0.0,0.0,0.0,0.0,0.0,0.0,0.0,0.0,1.0,0.0
11,11,0.0,0.0,0.0,0.0,0.0,0.0,0.0,0.0,0.0,0.0,0.0,1.0,0.0
11,11,0.0,0.0,0.0,0.0,0.0,0.0,0.0,0.0,0.0,0.0,0.0,1.0,0.0
11,11,0.0,0.0,0.0,0.0,0.0,0.0,0.0,0.0,0.0,0.0,0.0,1.0,0.0
11,11,0.0,0.0,0.0,0.0,0.0,0.0,0.0,0.0,0.0,0.0,0.0,1.0,0.0
11,11,0.0,0.0,0.0,0.0,0.0,0.0,0.0,0.0,0.0,0.0,0.0,1.0,0.0
11,11,0.0,0.0,0.0,0.0,0.0,0.0,0.0,0.0,0.0,0.0,0.0,1.0,0.0
11,11,0.0,0.0,0.0,0.0,0.0,0.0,0.0,0.0,0.0,0.0,0.0,1.0,0.0
11,11,0.0,0.0,0.0,0.0,0.0,0.0,0.0,0.0,0.0,0.0,0.0,1.0,0.0
11,11,0.0,0.0,0.0,0.0,0.0,0.0,0.0,0.0,0.0,0.0,0.0,1.0,0.0
11,11,0.0,0.0,0.0,0.0,0.0,0.0,0.0,0.0,0.0,0.0,0.0,1.0,0.0
11,11,0.0,0.0,0.0,0.0,0.0,0.0,0.0,0.0,0.0,0.0,0.0,1.0,0.0
11,11,0.0,0.0,0.0,0.0,0.0,0.0,0.0,0.0,0.0,0.0,0.0,1.0,0.0
11,11,0.0,0.0,0.0,0.0,0.0,0.0,0.0,0.0,0.0,0.0,0.0,1.0,0.0
11,11,0.0,0.0,0.0,0.0,0.0,0.0,0.0,0.0,0.0,0.0,0.0,1.0,0.0
11,11,0.0,0.0,0.0,0.0,0.0,0.0,0.0,0.0,0.0,0.0,0.0,1.0,0.0
11,11,0.0,0.0,0.0,0.0,0.0,0.0,0.0,0.0,0.0,0.0,0.0,1.0,0.0
11,11,0.0,0.0,0.0,0.0,0.0,0.0,0.0,0.0,0.0,0.0,0.0,1.0,0.0
11,11,0.0,0.0,0.0,0.0,0.0,0.0,0.0,0.0,0.0,0.0,0.0,1.0,0.0
11,11,0.0,0.0,0.0,0.0,0.0,0.0,0.0,0.0,0.0,0.0,0.0,1.0,0.0
11,11,0.0,0.0,0.0,0.0,0.0,0.0,0.0,0.0,0.0,0.0,0.0,1.0,0.0
11,11,0.0,0.0,0.0,0.0,0.0,0.0,0.0,0.0,0.0,0.0,0.0,1.0,0.0
11,11,0.0,0.0,0.0,0.0,0.0,0.0,0.0,0.0,0.0,0.0,0.0,1.0,0.0
11,11,0.0,0.0,0.0,0.0,0.0,0.0,0.0,0.0,0.0,0.0,0.0,1.0,0.0
11,11,0.0,0.0,0.0,0.0,0.0,0.0,0.0,0.0,0.0,0.0,0.0,1.0,0.0
11,11,0.0,0.0,0.0,0.0,0.0,0.0,0.0,0.0,0.0,0.0,0.0,1.0,0.0
11,11,0.0,0.0,0.0,0.0,0.0,0.0,0.0,0.0,0.0,0.0,0.0,1.0,0.0
11,11,0.0,0.0,0.0,0.0,0.0,0.0,0.0,0.0,0.0,0.0,0.0,1.0,0.0
11,11,0.0,0.0,0.0,0.0,0.0,0.0,0.0,0.0,0.0,0.0,0.0,1.0,0.0
11,11,0.0,0.0,0.0,0.0,0.0,0.0,0.0,0.0,0.0,0.0,0.0,1.0,0.0
11,11,0.0,0.0,0.0,0.0,0.0,0.0,0.0,0.0,0.0,0.0,0.0,1.0,0.0
11,11,0.0,0.0,0.0,0.0,0.0,0.0,0.0,0.0,0.0,0.0,0.0,1.0,0.0
11,11,0.0,0.0,0.0,0.0,0.0,0.0,0.0,0.0,0.0,0.0,0.0,1.0,0.0
11,11,0.0,0.0,0.0,0.0,0.0,0.0,0.0,0.0,0.0,0.0,0.0,1.0,0.0
11,11,0.0,0.0,0.0,0.0,0.0,0.0,0.0,0.0,0.0,0.0,0.0,1.0,0.0
11,11,0.0,0.0,0.0,0.0,0.0,0.0,0.0,0.0,0.0,0.0,0.0,1.0,0.0
11,11,0.0,0.0,0.0,0.0,0.0,0.0,0.0,0.0,0.0,0.0,0.0,1.0,0.0
11,11,0.0,0.0,0.0,0.0,0.0,0.0,0.0,0.0,0.0,0.0,0.0,1.0,0.0
11,11,0.0,0.0,0.0,0.0,0.0,0.0,0.0,0.0,0.0,0.0,0.0,1.0,0.0
11,11,0.0,0.0,0.0,0.0,0.0,0.0,0.0,0.0,0.0,0.0,0.0,1.0,0.0
11,11,0.0,0.0,0.0,0.0,0.0,0.0,0.0,0.0,0.0,0.0,0.0,1.0,0.0
11,11,0.0,0.0,0.0,0.0,0.0,0.0,0.0,0.0,0.0,0.0,0.0,1.0,0.0
11,11,0.0,0.0,0.0,0.0,0.0,0.0,0.0,0.0,0.0,0.0,0.0,1.0,0.0
11,11,0.0,0.0,0.0,0.0,0.0,0.0,0.0,0.0,0.0,0.0,0.0,1.0,0.0
11,11,0.0,0.0,0.0,0.0,0.0,0.0,0.0,0.0,0.0,0.0,0.0,1.0,0.0
11,11,0.0,0.0,0.0,0.0,0.0,0.0,0.0,0.0,0.0,0.0,0.0,1.0,0.0
11,11,0.0,0.0,0.0,0.0,0.0,0.0,0.0,0.0,0.0,0.0,0.0,1.0,0.0
11,11,0.0,0.0,0.0,0.0,0.0,0.0,0.0,0.0,0.0,0.0,0.0,1.0,0.0
11,11,0.0,0.0,0.0,0.0,0.0,0.0,0.0,0.0,0.0,0.0,0.0,1.0,0.0
11,11,0.0,0.0,0.0,0.0,0.0,0.0,0.0,0.0,0.0,0.0,0.0,1.0,0.0
11,11,0.0,0.0,0.0,0.0,0.0,0.0,0.0,0.0,0.0,0.0,0.0,1.0,0.0
11,11,0.0,0.0,0.0,0.0,0.0,0.0,0.0,0.0,0.0,0.0,0.0,1.0,0.0
11,11,0.0,0.0,0.0,0.0,0.0,0.0,0.0,0.0,0.0,0.0,0.0,1.0,0.0
11,11,0.0,0.0,0.0,0.0,0.0,0.0,0.0,0.0,0.0,0.0,0.0,1.0,0.0
11,11,0.0,0.0,0.0,0.0,0.0,0.0,0.0,0.0,0.0,0.0,0.0,1.0,0.0
11,11,0.0,0.0,0.0,0.0,0.0,0.0,0.0,0.0,0.0,0.0,0.0,1.0,0.0
11,11,0.0,0.0,0.0,0.0,0.0,0.0,0.0,0.0,0.0,0.0,0.0,1.0,0.0
11,11,0.0,0.0,0.0,0.0,0.0,0.0,0.0,0.0,0.0,0.0,0.0,1.0,0.0
11,11,0.0,0.0,0.0,0.0,0.0,0.0,0.0,0.0,0.0,0.0,0.0,1.0,0.0
11,11,0.0,0.0,0.0,0.0,0.0,0.0,0.0,0.0,0.0,0.0,0.0,1.0,0.0
11,11,0.0,0.0,0.0,0.0,0.0,0.0,0.0,0.0,0.0,0.0,0.0,1.0,0.0
11,11,0.0,0.0,0.0,0.0,0.0,0.0,0.0,0.0,0.0,0.0,0.0,1.0,0.0
11,11,0.0,0.0,0.0,0.0,0.0,0.0,0.0,0.0,0.0,0.0,0.0,1.0,0.0
11,11,0.0,0.0,0.0,0.0,0.0,0.0,0.0,0.0,0.0,0.0,0.0,1.0,0.0
11,11,0.0,0.0,0.0,0.0,0.0,0.0,0.0,0.0,0.0,0.0,0.0,1.0,0.0
11,11,0.0,0.0,0.0,0.0,0.0,0.0,0.0,0.0,0.0,0.0,0.0,1.0,0.0
11,11,0.0,0.0,0.0,0.0,0.0,0.0,0.0,0.0,0.0,0.0,0.0,1.0,0.0
11,11,0.0,0.0,0.0,0.0,0.0,0.0,0.0,0.0,0.0,0.0,0.0,1.0,0.0
11,11,0.0,0.0,0.0,0.0,0.0,0.0,0.0,0.0,0.0,0.0,0.0,1.0,0.0
11,11,0.0,0.0,0.0,0.0,0.0,0.0,0.0,0.0,0.0,0.0,0.0,1.0,0.0
11,11,0.0,0.0,0.0,0.0,0.0,0.0,0.0,0.0,0.0,0.0,0.0,1.0,0.0
11,11,0.0,0.0,0.0,0.0,0.0,0.0,0.0,0.0,0.0,0.0,0.0,1.0,0.0
11,11,0.0,0.0,0.0,0.0,0.0,0.0,0.0,0.0,0.0,0.0,0.0,1.0,0.0
11,11,0.0,0.0,0.0,0.0,0.0,0.0,0.0,0.0,0.0,0.0,0.0,1.0,0.0
11,11,0.0,0.0,0.0,0.0,0.0,0.0,0.0,0.0,0.0,0.0,0.0,1.0,0.0
11,11,0.0,0.0,0.0,0.0,0.0,0.0,0.0,0.0,0.0,0.0,0.0,1.0,0.0
11,11,0.0,0.0,0.0,0.0,0.0,0.0,0.0,0.0,0.0,0.0,0.0,1.0,0.0
11,11,0.0,0.0,0.0,0.0,0.0,0.0,0.0,0.0,0.0,0.0,0.0,1.0,0.0
11,11,0.0,0.0,0.0,0.0,0.0,0.0,0.0,0.0,0.0,0.0,0.0,1.0,0.0
11,11,0.0,0.0,0.0,0.0,0.0,0.0,0.0,0.0,0.0,0.0,0.0,1.0,0.0
11,11,0.0,0.0,0.0,0.0,0.0,0.0,0.0,0.0,0.0,0.0,0.0,1.0,0.0
11,11,0.0,0.0,0.0,0.0,0.0,0.0,0.0,0.0,0.0,0.0,0.0,1.0,0.0
11,11,0.0,0.0,0.0,0.0,0.0,0.0,0.0,0.0,0.0,0.0,0.0,1.0,0.0
11,11,0.0,0.0,0.0,0.0,0.0,0.0,0.0,0.0,0.0,0.0,0.0,1.0,0.0
11,11,0.0,0.0,0.0,0.0,0.0,0.0,0.0,0.0,0.0,0.0,0.0,1.0,0.0
11,11,0.0,0.0,0.0,0.0,0.0,0.0,0.0,0.0,0.0,0.0,0.0,1.0,0.0
11,11,0.0,0.0,0.0,0.0,0.0,0.0,0.0,0.0,0.0,0.0,0.0,1.0,0.0
11,11,0.0,0.0,0.0,0.0,0.0,0.0,0.0,0.0,0.0,0.0,0.0,1.0,0.0
11,11,0.0,0.0,0.0,0.0,0.0,0.0,0.0,0.0,0.0,0.0,0.0,1.0,0.0
11,11,0.0,0.0,0.0,0.0,0.0,0.0,0.0,0.0,0.0,0.0,0.0,1.0,0.0
11,11,0.0,0.0,0.0,0.0,0.0,0.0,0.0,0.0,0.0,0.0,0.0,1.0,0.0
11,11,0.0,0.0,0.0,0.0,0.0,0.0,0.0,0.0,0.0,0.0,0.0,1.0,0.0
11,11,0.0,0.0,0.0,0.0,0.0,0.0,0.0,0.0,0.0,0.0,0.0,1.0,0.0
11,11,0.0,0.0,0.0,0.0,0.0,0.0,0.0,0.0,0.0,0.0,0.0,1.0,0.0
11,11,0.0,0.0,0.0,0.0,0.0,0.0,0.0,0.0,0.0,0.0,0.0,1.0,0.0
11,11,0.0,0.0,0.0,0.0,0.0,0.0,0.0,0.0,0.0,0.0,0.0,1.0,0.0
11,11,0.0,0.0,0.0,0.0,0.0,0.0,0.0,0.0,0.0,0.0,0.0,1.0,0.0
11,11,0.0,0.0,0.0,0.0,0.0,0.0,0.0,0.0,0.0,0.0,0.0,1.0,0.0
11,11,0.0,0.0,0.0,0.0,0.0,0.0,0.0,0.0,0.0,0.0,0.0,1.0,0.0
11,11,0.0,0.0,0.0,0.0,0.0,0.0,0.0,0.0,0.0,0.0,0.0,1.0,0.0
11,11,0.0,0.0,0.0,0.0,0.0,0.0,0.0,0.0,0.0,0.0,0.0,1.0,0.0
11,11,0.0,0.0,0.0,0.0,0.0,0.0,0.0,0.0,0.0,0.0,0.0,1.0,0.0
11,11,0.0,0.0,0.0,0.0,0.0,0.0,0.0,0.0,0.0,0.0,0.0,1.0,0.0
11,11,0.0,0.0,0.0,0.0,0.0,0.0,0.0,0.0,0.0,0.0,0.0,1.0,0.0
11,11,0.0,0.0,0.0,0.0,0.0,0.0,0.0,0.0,0.0,0.0,0.0,1.0,0.0
11,11,0.0,0.0,0.0,0.0,0.0,0.0,0.0,0.0,0.0,0.0,0.0,1.0,0.0
11,11,0.0,0.0,0.0,0.0,0.0,0.0,0.0,0.0,0.0,0.0,0.0,1.0,0.0
11,11,0.0,0.0,0.0,0.0,0.0,0.0,0.0,0.0,0.0,0.0,0.0,1.0,0.0
11,11,0.0,0.0,0.0,0.0,0.0,0.0,0.0,0.0,0.0,0.0,0.0,1.0,0.0
11,11,0.0,0.0,0.0,0.0,0.0,0.0,0.0,0.0,0.0,0.0,0.0,1.0,0.0
11,11,0.0,0.0,0.0,0.0,0.0,0.0,0.0,0.0,0.0,0.0,0.0,1.0,0.0
11,11,0.0,0.0,0.0,0.0,0.0,0.0,0.0,0.0,0.0,0.0,0.0,1.0,0.0
11,11,0.0,0.0,0.0,0.0,0.0,0.0,0.0,0.0,0.0,0.0,0.0,1.0,0.0
11,11,0.0,0.0,0.0,0.0,0.0,0.0,0.0,0.0,0.0,0.0,0.0,1.0,0.0
11,11,0.0,0.0,0.0,0.0,0.0,0.0,0.0,0.0,0.0,0.0,0.0,1.0,0.0
11,11,0.0,0.0,0.0,0.0,0.0,0.0,0.0,0.0,0.0,0.0,0.0,1.0,0.0
11,11,0.0,0.0,0.0,0.0,0.0,0.0,0.0,0.0,0.0,0.0,0.0,1.0,0.0
11,11,0.0,0.0,0.0,0.0,0.0,0.0,0.0,0.0,0.0,0.0,0.0,1.0,0.0
11,11,0.0,0.0,0.0,0.0,0.0,0.0,0.0,0.0,0.0,0.0,0.0,1.0,0.0
11,11,0.0,0.0,0.0,0.0,0.0,0.0,0.0,0.0,0.0,0.0,0.0,1.0,0.0
11,11,0.0,0.0,0.0,0.0,0.0,0.0,0.0,0.0,0.0,0.0,0.0,1.0,0.0
11,11,0.0,0.0,0.0,0.0,0.0,0.0,0.0,0.0,0.0,0.0,0.0,1.0,0.0
11,11,0.0,0.0,0.0,0.0,0.0,0.0,0.0,0.0,0.0,0.0,0.0,1.0,0.0
11,11,0.0,0.0,0.0,0.0,0.0,0.0,0.0,0.0,0.0,0.0,0.0,1.0,0.0
11,11,0.0,0.0,0.0,0.0,0.0,0.0,0.0,0.0,0.0,0.0,0.0,1.0,0.0
11,11,0.0,0.0,0.0,0.0,0.0,0.0,0.0,0.0,0.0,0.0,0.0,1.0,0.0
11,11,0.0,0.0,0.0,0.0,0.0,0.0,0.0,0.0,0.0,0.0,0.0,1.0,0.0
11,11,0.0,0.0,0.0,0.0,0.0,0.0,0.0,0.0,0.0,0.0,0.0,1.0,0.0
11,11,0.0,0.0,0.0,0.0,0.0,0.0,0.0,0.0,0.0,0.0,0.0,1.0,0.0
11,11,0.0,0.0,0.0,0.0,0.0,0.0,0.0,0.0,0.0,0.0,0.0,1.0,0.0
11,11,0.0,0.0,0.0,0.0,0.0,0.0,0.0,0.0,0.0,0.0,0.0,1.0,0.0
11,11,0.0,0.0,0.0,0.0,0.0,0.0,0.0,0.0,0.0,0.0,0.0,1.0,0.0
11,11,0.0,0.0,0.0,0.0,0.0,0.0,0.0,0.0,0.0,0.0,0.0,1.0,0.0
11,11,0.0,0.0,0.0,0.0,0.0,0.0,0.0,0.0,0.0,0.0,0.0,1.0,0.0
11,11,0.0,0.0,0.0,0.0,0.0,0.0,0.0,0.0,0.0,0.0,0.0,1.0,0.0
11,11,0.0,0.0,0.0,0.0,0.0,0.0,0.0,0.0,0.0,0.0,0.0,1.0,0.0
11,11,0.0,0.0,0.0,0.0,0.0,0.0,0.0,0.0,0.0,0.0,0.0,1.0,0.0
11,11,0.0,0.0,0.0,0.0,0.0,0.0,0.0,0.0,0.0,0.0,0.0,1.0,0.0
11,11,0.0,0.0,0.0,0.0,0.0,0.0,0.0,0.0,0.0,0.0,0.0,1.0,0.0
11,11,0.0,0.0,0.0,0.0,0.0,0.0,0.0,0.0,0.0,0.0,0.0,1.0,0.0
11,11,0.0,0.0,0.0,0.0,0.0,0.0,0.0,0.0,0.0,0.0,0.0,1.0,0.0
11,11,0.0,0.0,0.0,0.0,0.0,0.0,0.0,0.0,0.0,0.0,0.0,1.0,0.0
11,11,0.0,0.0,0.0,0.0,0.0,0.0,0.0,0.0,0.0,0.0,0.0,1.0,0.0
11,11,0.0,0.0,0.0,0.0,0.0,0.0,0.0,0.0,0.0,0.0,0.0,1.0,0.0
11,11,0.0,0.0,0.0,0.0,0.0,0.0,0.0,0.0,0.0,0.0,0.0,1.0,0.0
11,11,0.0,0.0,0.0,0.0,0.0,0.0,0.0,0.0,0.0,0.0,0.0,1.0,0.0
11,11,0.0,0.0,0.0,0.0,0.0,0.0,0.0,0.0,0.0,0.0,0.0,1.0,0.0
11,11,0.0,0.0,0.0,0.0,0.0,0.0,0.0,0.0,0.0,0.0,0.0,1.0,0.0
11,11,0.0,0.0,0.0,0.0,0.0,0.0,0.0,0.0,0.0,0.0,0.0,1.0,0.0
11,11,0.0,0.0,0.0,0.0,0.0,0.0,0.0,0.0,0.0,0.0,0.0,1.0,0.0
11,11,0.0,0.0,0.0,0.0,0.0,0.0,0.0,0.0,0.0,0.0,0.0,1.0,0.0
11,11,0.0,0.0,0.0,0.0,0.0,0.0,0.0,0.0,0.0,0.0,0.0,1.0,0.0
11,11,0.0,0.0,0.0,0.0,0.0,0.0,0.0,0.0,0.0,0.0,0.0,1.0,0.0
11,11,0.0,0.0,0.0,0.0,0.0,0.0,0.0,0.0,0.0,0.0,0.0,1.0,0.0
11,11,0.0,0.0,0.0,0.0,0.0,0.0,0.0,0.0,0.0,0.0,0.0,1.0,0.0
11,11,0.0,0.0,0.0,0.0,0.0,0.0,0.0,0.0,0.0,0.0,0.0,1.0,0.0
11,11,0.0,0.0,0.0,0.0,0.0,0.0,0.0,0.0,0.0,0.0,0.0,1.0,0.0
11,11,0.0,0.0,0.0,0.0,0.0,0.0,0.0,0.0,0.0,0.0,0.0,1.0,0.0
11,11,0.0,0.0,0.0,0.0,0.0,0.0,0.0,0.0,0.0,0.0,0.0,1.0,0.0
11,11,0.0,0.0,0.0,0.0,0.0,0.0,0.0,0.0,0.0,0.0,0.0,1.0,0.0
11,11,0.0,0.0,0.0,0.0,0.0,0.0,0.0,0.0,0.0,0.0,0.0,1.0,0.0
11,11,0.0,0.0,0.0,0.0,0.0,0.0,0.0,0.0,0.0,0.0,0.0,1.0,0.0
11,11,0.0,0.0,0.0,0.0,0.0,0.0,0.0,0.0,0.0,0.0,0.0,1.0,0.0
11,11,0.0,0.0,0.0,0.0,0.0,0.0,0.0,0.0,0.0,0.0,0.0,1.0,0.0
11,11,0.0,0.0,0.0,0.0,0.0,0.0,0.0,0.0,0.0,0.0,0.0,1.0,0.0
11,11,0.0,0.0,0.0,0.0,0.0,0.0,0.0,0.0,0.0,0.0,0.0,1.0,0.0
11,11,0.0,0.0,0.0,0.0,0.0,0.0,0.0,0.0,0.0,0.0,0.0,1.0,0.0
11,11,0.0,0.0,0.0,0.0,0.0,0.0,0.0,0.0,0.0,0.0,0.0,1.0,0.0
11,11,0.0,0.0,0.0,0.0,0.0,0.0,0.0,0.0,0.0,0.0,0.0,1.0,0.0
11,11,0.0,0.0,0.0,0.0,0.0,0.0,0.0,0.0,0.0,0.0,0.0,1.0,0.0
11,11,0.0,0.0,0.0,0.0,0.0,0.0,0.0,0.0,0.0,0.0,0.0,1.0,0.0
11,11,0.0,0.0,0.0,0.0,0.0,0.0,0.0,0.0,0.0,0.0,0.0,1.0,0.0
11,11,0.0,0.0,0.0,0.0,0.0,0.0,0.0,0.0,0.0,0.0,0.0,1.0,0.0
11,11,0.0,0.0,0.0,0.0,0.0,0.0,0.0,0.0,0.0,0.0,0.0,1.0,0.0
11,11,0.0,0.0,0.0,0.0,0.0,0.0,0.0,0.0,0.0,0.0,0.0,1.0,0.0
11,11,0.0,0.0,0.0,0.0,0.0,0.0,0.0,0.0,0.0,0.0,0.0,1.0,0.0
11,11,0.0,0.0,0.0,0.0,0.0,0.0,0.0,0.0,0.0,0.0,0.0,1.0,0.0
11,11,0.0,0.0,0.0,0.0,0.0,0.0,0.0,0.0,0.0,0.0,0.0,1.0,0.0
11,11,0.0,0.0,0.0,0.0,0.0,0.0,0.0,0.0,0.0,0.0,0.0,1.0,0.0
11,11,0.0,0.0,0.0,0.0,0.0,0.0,0.0,0.0,0.0,0.0,0.0,1.0,0.0
11,11,0.0,0.0,0.0,0.0,0.0,0.0,0.0,0.0,0.0,0.0,0.0,1.0,0.0
11,11,0.0,0.0,0.0,0.0,0.0,0.0,0.0,0.0,0.0,0.0,0.0,1.0,0.0
11,11,0.0,0.0,0.0,0.0,0.0,0.0,0.0,0.0,0.0,0.0,0.0,1.0,0.0
11,11,0.0,0.0,0.0,0.0,0.0,0.0,0.0,0.0,0.0,0.0,0.0,1.0,0.0
11,11,0.0,0.0,0.0,0.0,0.0,0.0,0.0,0.0,0.0,0.0,0.0,1.0,0.0
11,11,0.0,0.0,0.0,0.0,0.0,0.0,0.0,0.0,0.0,0.0,0.0,1.0,0.0
11,11,0.0,0.0,0.0,0.0,0.0,0.0,0.0,0.0,0.0,0.0,0.0,1.0,0.0
11,11,0.0,0.0,0.0,0.0,0.0,0.0,0.0,0.0,0.0,0.0,0.0,1.0,0.0
11,11,0.0,0.0,0.0,0.0,0.0,0.0,0.0,0.0,0.0,0.0,0.0,1.0,0.0
11,11,0.0,0.0,0.0,0.0,0.0,0.0,0.0,0.0,0.0,0.0,0.0,1.0,0.0
11,11,0.0,0.0,0.0,0.0,0.0,0.0,0.0,0.0,0.0,0.0,0.0,1.0,0.0
11,11,0.0,0.0,0.0,0.0,0.0,0.0,0.0,0.0,0.0,0.0,0.0,1.0,0.0
11,11,0.0,0.0,0.0,0.0,0.0,0.0,0.0,0.0,0.0,0.0,0.0,1.0,0.0
11,11,0.0,0.0,0.0,0.0,0.0,0.0,0.0,0.0,0.0,0.0,0.0,1.0,0.0
11,11,0.0,0.0,0.0,0.0,0.0,0.0,0.0,0.0,0.0,0.0,0.0,1.0,0.0
11,11,0.0,0.0,0.0,0.0,0.0,0.0,0.0,0.0,0.0,0.0,0.0,1.0,0.0
11,11,0.0,0.0,0.0,0.0,0.0,0.0,0.0,0.0,0.0,0.0,0.0,1.0,0.0
11,11,0.0,0.0,0.0,0.0,0.0,0.0,0.0,0.0,0.0,0.0,0.0,1.0,0.0
11,11,0.0,0.0,0.0,0.0,0.0,0.0,0.0,0.0,0.0,0.0,0.0,1.0,0.0
11,11,0.0,0.0,0.0,0.0,0.0,0.0,0.0,0.0,0.0,0.0,0.0,1.0,0.0
11,11,0.0,0.0,0.0,0.0,0.0,0.0,0.0,0.0,0.0,0.0,0.0,1.0,0.0
11,11,0.0,0.0,0.0,0.0,0.0,0.0,0.0,0.0,0.0,0.0,0.0,1.0,0.0
11,11,0.0,0.0,0.0,0.0,0.0,0.0,0.0,0.0,0.0,0.0,0.0,1.0,0.0
11,11,0.0,0.0,0.0,0.0,0.0,0.0,0.0,0.0,0.0,0.0,0.0,1.0,0.0
11,11,0.0,0.0,0.0,0.0,0.0,0.0,0.0,0.0,0.0,0.0,0.0,1.0,0.0
11,11,0.0,0.0,0.0,0.0,0.0,0.0,0.0,0.0,0.0,0.0,0.0,1.0,0.0
11,11,0.0,0.0,0.0,0.0,0.0,0.0,0.0,0.0,0.0,0.0,0.0,1.0,0.0
11,11,0.0,0.0,0.0,0.0,0.0,0.0,0.0,0.0,0.0,0.0,0.0,1.0,0.0
11,11,0.0,0.0,0.0,0.0,0.0,0.0,0.0,0.0,0.0,0.0,0.0,1.0,0.0
11,11,0.0,0.0,0.0,0.0,0.0,0.0,0.0,0.0,0.0,0.0,0.0,1.0,0.0
11,11,0.0,0.0,0.0,0.0,0.0,0.0,0.0,0.0,0.0,0.0,0.0,1.0,0.0
11,11,0.0,0.0,0.0,0.0,0.0,0.0,0.0,0.0,0.0,0.0,0.0,1.0,0.0
11,11,0.0,0.0,0.0,0.0,0.0,0.0,0.0,0.0,0.0,0.0,0.0,1.0,0.0
11,11,0.0,0.0,0.0,0.0,0.0,0.0,0.0,0.0,0.0,0.0,0.0,1.0,0.0
11,11,0.0,0.0,0.0,0.0,0.0,0.0,0.0,0.0,0.0,0.0,0.0,1.0,0.0
11,11,0.0,0.0,0.0,0.0,0.0,0.0,0.0,0.0,0.0,0.0,0.0,1.0,0.0
11,11,0.0,0.0,0.0,0.0,0.0,0.0,0.0,0.0,0.0,0.0,0.0,1.0,0.0
11,11,0.0,0.0,0.0,0.0,0.0,0.0,0.0,0.0,0.0,0.0,0.0,1.0,0.0
11,11,0.0,0.0,0.0,0.0,0.0,0.0,0.0,0.0,0.0,0.0,0.0,1.0,0.0
11,11,0.0,0.0,0.0,0.0,0.0,0.0,0.0,0.0,0.0,0.0,0.0,1.0,0.0
11,11,0.0,0.0,0.0,0.0,0.0,0.0,0.0,0.0,0.0,0.0,0.0,1.0,0.0
11,11,0.0,0.0,0.0,0.0,0.0,0.0,0.0,0.0,0.0,0.0,0.0,1.0,0.0
11,11,0.0,0.0,0.0,0.0,0.0,0.0,0.0,0.0,0.0,0.0,0.0,1.0,0.0
11,11,0.0,0.0,0.0,0.0,0.0,0.0,0.0,0.0,0.0,0.0,0.0,1.0,0.0
11,11,0.0,0.0,0.0,0.0,0.0,0.0,0.0,0.0,0.0,0.0,0.0,1.0,0.0
11,11,0.0,0.0,0.0,0.0,0.0,0.0,0.0,0.0,0.0,0.0,0.0,1.0,0.0
11,11,0.0,0.0,0.0,0.0,0.0,0.0,0.0,0.0,0.0,0.0,0.0,1.0,0.0
11,11,0.0,0.0,0.0,0.0,0.0,0.0,0.0,0.0,0.0,0.0,0.0,1.0,0.0
11,11,0.0,0.0,0.0,0.0,0.0,0.0,0.0,0.0,0.0,0.0,0.0,1.0,0.0
11,11,0.0,0.0,0.0,0.0,0.0,0.0,0.0,0.0,0.0,0.0,0.0,1.0,0.0
11,11,0.0,0.0,0.0,0.0,0.0,0.0,0.0,0.0,0.0,0.0,0.0,1.0,0.0
11,11,0.0,0.0,0.0,0.0,0.0,0.0,0.0,0.0,0.0,0.0,0.0,1.0,0.0
11,11,0.0,0.0,0.0,0.0,0.0,0.0,0.0,0.0,0.0,0.0,0.0,1.0,0.0
11,11,0.0,0.0,0.0,0.0,0.0,0.0,0.0,0.0,0.0,0.0,0.0,1.0,0.0
11,11,0.0,0.0,0.0,0.0,0.0,0.0,0.0,0.0,0.0,0.0,0.0,1.0,0.0
11,11,0.0,0.0,0.0,0.0,0.0,0.0,0.0,0.0,0.0,0.0,0.0,1.0,0.0
11,11,0.0,0.0,0.0,0.0,0.0,0.0,0.0,0.0,0.0,0.0,0.0,1.0,0.0
11,11,0.0,0.0,0.0,0.0,0.0,0.0,0.0,0.0,0.0,0.0,0.0,1.0,0.0
11,11,0.0,0.0,0.0,0.0,0.0,0.0,0.0,0.0,0.0,0.0,0.0,1.0,0.0
11,11,0.0,0.0,0.0,0.0,0.0,0.0,0.0,0.0,0.0,0.0,0.0,1.0,0.0
11,11,0.0,0.0,0.0,0.0,0.0,0.0,0.0,0.0,0.0,0.0,0.0,1.0,0.0
11,11,0.0,0.0,0.0,0.0,0.0,0.0,0.0,0.0,0.0,0.0,0.0,1.0,0.0
11,11,0.0,0.0,0.0,0.0,0.0,0.0,0.0,0.0,0.0,0.0,0.0,1.0,0.0
11,11,0.0,0.0,0.0,0.0,0.0,0.0,0.0,0.0,0.0,0.0,0.0,1.0,0.0
11,11,0.0,0.0,0.0,0.0,0.0,0.0,0.0,0.0,0.0,0.0,0.0,1.0,0.0
11,11,0.0,0.0,0.0,0.0,0.0,0.0,0.0,0.0,0.0,0.0,0.0,1.0,0.0
11,11,0.0,0.0,0.0,0.0,0.0,0.0,0.0,0.0,0.0,0.0,0.0,1.0,0.0
11,11,0.0,0.0,0.0,0.0,0.0,0.0,0.0,0.0,0.0,0.0,0.0,1.0,0.0
11,11,0.0,0.0,0.0,0.0,0.0,0.0,0.0,0.0,0.0,0.0,0.0,1.0,0.0
11,11,0.0,0.0,0.0,0.0,0.0,0.0,0.0,0.0,0.0,0.0,0.0,1.0,0.0
11,11,0.0,0.0,0.0,0.0,0.0,0.0,0.0,0.0,0.0,0.0,0.0,1.0,0.0
11,11,0.0,0.0,0.0,0.0,0.0,0.0,0.0,0.0,0.0,0.0,0.0,1.0,0.0
11,11,0.0,0.0,0.0,0.0,0.0,0.0,0.0,0.0,0.0,0.0,0.0,1.0,0.0
11,11,0.0,0.0,0.0,0.0,0.0,0.0,0.0,0.0,0.0,0.0,0.0,1.0,0.0
11,11,0.0,0.0,0.0,0.0,0.0,0.0,0.0,0.0,0.0,0.0,0.0,1.0,0.0
11,11,0.0,0.0,0.0,0.0,0.0,0.0,0.0,0.0,0.0,0.0,0.0,1.0,0.0
11,11,0.0,0.0,0.0,0.0,0.0,0.0,0.0,0.0,0.0,0.0,0.0,1.0,0.0
11,11,0.0,0.0,0.0,0.0,0.0,0.0,0.0,0.0,0.0,0.0,0.0,1.0,0.0
11,11,0.0,0.0,0.0,0.0,0.0,0.0,0.0,0.0,0.0,0.0,0.0,1.0,0.0
11,11,0.0,0.0,0.0,0.0,0.0,0.0,0.0,0.0,0.0,0.0,0.0,1.0,0.0
11,11,0.0,0.0,0.0,0.0,0.0,0.0,0.0,0.0,0.0,0.0,0.0,1.0,0.0
11,11,0.0,0.0,0.0,0.0,0.0,0.0,0.0,0.0,0.0,0.0,0.0,1.0,0.0
11,11,0.0,0.0,0.0,0.0,0.0,0.0,0.0,0.0,0.0,0.0,0.0,1.0,0.0
11,11,0.0,0.0,0.0,0.0,0.0,0.0,0.0,0.0,0.0,0.0,0.0,1.0,0.0
11,11,0.0,0.0,0.0,0.0,0.0,0.0,0.0,0.0,0.0,0.0,0.0,1.0,0.0
11,11,0.0,0.0,0.0,0.0,0.0,0.0,0.0,0.0,0.0,0.0,0.0,1.0,0.0
11,11,0.0,0.0,0.0,0.0,0.0,0.0,0.0,0.0,0.0,0.0,0.0,1.0,0.0
11,11,0.0,0.0,0.0,0.0,0.0,0.0,0.0,0.0,0.0,0.0,0.0,1.0,0.0
11,11,0.0,0.0,0.0,0.0,0.0,0.0,0.0,0.0,0.0,0.0,0.0,1.0,0.0
11,11,0.0,0.0,0.0,0.0,0.0,0.0,0.0,0.0,0.0,0.0,0.0,1.0,0.0
11,11,0.0,0.0,0.0,0.0,0.0,0.0,0.0,0.0,0.0,0.0,0.0,1.0,0.0
11,11,0.0,0.0,0.0,0.0,0.0,0.0,0.0,0.0,0.0,0.0,0.0,1.0,0.0
11,11,0.0,0.0,0.0,0.0,0.0,0.0,0.0,0.0,0.0,0.0,0.0,1.0,0.0
11,11,0.0,0.0,0.0,0.0,0.0,0.0,0.0,0.0,0.0,0.0,0.0,1.0,0.0
11,11,0.0,0.0,0.0,0.0,0.0,0.0,0.0,0.0,0.0,0.0,0.0,1.0,0.0
11,11,0.0,0.0,0.0,0.0,0.0,0.0,0.0,0.0,0.0,0.0,0.0,1.0,0.0
11,11,0.0,0.0,0.0,0.0,0.0,0.0,0.0,0.0,0.0,0.0,0.0,1.0,0.0
11,11,0.0,0.0,0.0,0.0,0.0,0.0,0.0,0.0,0.0,0.0,0.0,1.0,0.0
11,11,0.0,0.0,0.0,0.0,0.0,0.0,0.0,0.0,0.0,0.0,0.0,1.0,0.0
11,11,0.0,0.0,0.0,0.0,0.0,0.0,0.0,0.0,0.0,0.0,0.0,1.0,0.0
11,11,0.0,0.0,0.0,0.0,0.0,0.0,0.0,0.0,0.0,0.0,0.0,1.0,0.0
11,11,0.0,0.0,0.0,0.0,0.0,0.0,0.0,0.0,0.0,0.0,0.0,1.0,0.0
11,11,0.0,0.0,0.0,0.0,0.0,0.0,0.0,0.0,0.0,0.0,0.0,1.0,0.0
11,11,0.0,0.0,0.0,0.0,0.0,0.0,0.0,0.0,0.0,0.0,0.0,1.0,0.0
11,11,0.0,0.0,0.0,0.0,0.0,0.0,0.0,0.0,0.0,0.0,0.0,1.0,0.0
11,11,0.0,0.0,0.0,0.0,0.0,0.0,0.0,0.0,0.0,0.0,0.0,1.0,0.0
11,11,0.0,0.0,0.0,0.0,0.0,0.0,0.0,0.0,0.0,0.0,0.0,1.0,0.0
11,11,0.0,0.0,0.0,0.0,0.0,0.0,0.0,0.0,0.0,0.0,0.0,1.0,0.0
11,11,0.0,0.0,0.0,0.0,0.0,0.0,0.0,0.0,0.0,0.0,0.0,1.0,0.0
11,11,0.0,0.0,0.0,0.0,0.0,0.0,0.0,0.0,0.0,0.0,0.0,1.0,0.0
11,11,0.0,0.0,0.0,0.0,0.0,0.0,0.0,0.0,0.0,0.0,0.0,1.0,0.0
11,11,0.0,0.0,0.0,0.0,0.0,0.0,0.0,0.0,0.0,0.0,0.0,1.0,0.0
11,11,0.0,0.0,0.0,0.0,0.0,0.0,0.0,0.0,0.0,0.0,0.0,1.0,0.0
11,11,0.0,0.0,0.0,0.0,0.0,0.0,0.0,0.0,0.0,0.0,0.0,1.0,0.0
11,11,0.0,0.0,0.0,0.0,0.0,0.0,0.0,0.0,0.0,0.0,0.0,1.0,0.0
11,11,0.0,0.0,0.0,0.0,0.0,0.0,0.0,0.0,0.0,0.0,0.0,1.0,0.0
11,11,0.0,0.0,0.0,0.0,0.0,0.0,0.0,0.0,0.0,0.0,0.0,1.0,0.0
11,11,0.0,0.0,0.0,0.0,0.0,0.0,0.0,0.0,0.0,0.0,0.0,1.0,0.0
11,11,0.0,0.0,0.0,0.0,0.0,0.0,0.0,0.0,0.0,0.0,0.0,1.0,0.0
11,11,0.0,0.0,0.0,0.0,0.0,0.0,0.0,0.0,0.0,0.0,0.0,1.0,0.0
11,11,0.0,0.0,0.0,0.0,0.0,0.0,0.0,0.0,0.0,0.0,0.0,1.0,0.0
11,11,0.0,0.0,0.0,0.0,0.0,0.0,0.0,0.0,0.0,0.0,0.0,1.0,0.0
11,11,0.0,0.0,0.0,0.0,0.0,0.0,0.0,0.0,0.0,0.0,0.0,1.0,0.0
11,11,0.0,0.0,0.0,0.0,0.0,0.0,0.0,0.0,0.0,0.0,0.0,1.0,0.0
11,11,0.0,0.0,0.0,0.0,0.0,0.0,0.0,0.0,0.0,0.0,0.0,1.0,0.0
11,11,0.0,0.0,0.0,0.0,0.0,0.0,0.0,0.0,0.0,0.0,0.0,1.0,0.0
11,11,0.0,0.0,0.0,0.0,0.0,0.0,0.0,0.0,0.0,0.0,0.0,1.0,0.0
11,11,0.0,0.0,0.0,0.0,0.0,0.0,0.0,0.0,0.0,0.0,0.0,1.0,0.0
11,11,0.0,0.0,0.0,0.0,0.0,0.0,0.0,0.0,0.0,0.0,0.0,1.0,0.0
11,11,0.0,0.0,0.0,0.0,0.0,0.0,0.0,0.0,0.0,0.0,0.0,1.0,0.0
11,11,0.0,0.0,0.0,0.0,0.0,0.0,0.0,0.0,0.0,0.0,0.0,1.0,0.0
11,11,0.0,0.0,0.0,0.0,0.0,0.0,0.0,0.0,0.0,0.0,0.0,1.0,0.0
11,11,0.0,0.0,0.0,0.0,0.0,0.0,0.0,0.0,0.0,0.0,0.0,1.0,0.0
11,11,0.0,0.0,0.0,0.0,0.0,0.0,0.0,0.0,0.0,0.0,0.0,1.0,0.0
11,11,0.0,0.0,0.0,0.0,0.0,0.0,0.0,0.0,0.0,0.0,0.0,1.0,0.0
11,11,0.0,0.0,0.0,0.0,0.0,0.0,0.0,0.0,0.0,0.0,0.0,1.0,0.0
11,11,0.0,0.0,0.0,0.0,0.0,0.0,0.0,0.0,0.0,0.0,0.0,1.0,0.0
11,11,0.0,0.0,0.0,0.0,0.0,0.0,0.0,0.0,0.0,0.0,0.0,1.0,0.0
11,11,0.0,0.0,0.0,0.0,0.0,0.0,0.0,0.0,0.0,0.0,0.0,1.0,0.0
11,11,0.0,0.0,0.0,0.0,0.0,0.0,0.0,0.0,0.0,0.0,0.0,1.0,0.0
11,11,0.0,0.0,0.0,0.0,0.0,0.0,0.0,0.0,0.0,0.0,0.0,1.0,0.0
11,11,0.0,0.0,0.0,0.0,0.0,0.0,0.0,0.0,0.0,0.0,0.0,1.0,0.0
11,11,0.0,0.0,0.0,0.0,0.0,0.0,0.0,0.0,0.0,0.0,0.0,1.0,0.0
11,11,0.0,0.0,0.0,0.0,0.0,0.0,0.0,0.0,0.0,0.0,0.0,1.0,0.0
11,11,0.0,0.0,0.0,0.0,0.0,0.0,0.0,0.0,0.0,0.0,0.0,1.0,0.0
11,11,0.0,0.0,0.0,0.0,0.0,0.0,0.0,0.0,0.0,0.0,0.0,1.0,0.0
11,11,0.0,0.0,0.0,0.0,0.0,0.0,0.0,0.0,0.0,0.0,0.0,1.0,0.0
11,11,0.0,0.0,0.0,0.0,0.0,0.0,0.0,0.0,0.0,0.0,0.0,1.0,0.0
11,11,0.0,0.0,0.0,0.0,0.0,0.0,0.0,0.0,0.0,0.0,0.0,1.0,0.0
11,11,0.0,0.0,0.0,0.0,0.0,0.0,0.0,0.0,0.0,0.0,0.0,1.0,0.0
11,11,0.0,0.0,0.0,0.0,0.0,0.0,0.0,0.0,0.0,0.0,0.0,1.0,0.0
11,11,0.0,0.0,0.0,0.0,0.0,0.0,0.0,0.0,0.0,0.0,0.0,1.0,0.0
11,11,0.0,0.0,0.0,0.0,0.0,0.0,0.0,0.0,0.0,0.0,0.0,1.0,0.0
11,11,0.0,0.0,0.0,0.0,0.0,0.0,0.0,0.0,0.0,0.0,0.0,1.0,0.0
11,11,0.0,0.0,0.0,0.0,0.0,0.0,0.0,0.0,0.0,0.0,0.0,1.0,0.0
11,11,0.0,0.0,0.0,0.0,0.0,0.0,0.0,0.0,0.0,0.0,0.0,1.0,0.0
11,11,0.0,0.0,0.0,0.0,0.0,0.0,0.0,0.0,0.0,0.0,0.0,1.0,0.0
11,11,0.0,0.0,0.0,0.0,0.0,0.0,0.0,0.0,0.0,0.0,0.0,1.0,0.0
11,11,0.0,0.0,0.0,0.0,0.0,0.0,0.0,0.0,0.0,0.0,0.0,1.0,0.0
11,11,0.0,0.0,0.0,0.0,0.0,0.0,0.0,0.0,0.0,0.0,0.0,1.0,0.0
11,11,0.0,0.0,0.0,0.0,0.0,0.0,0.0,0.0,0.0,0.0,0.0,1.0,0.0
11,11,0.0,0.0,0.0,0.0,0.0,0.0,0.0,0.0,0.0,0.0,0.0,1.0,0.0
11,11,0.0,0.0,0.0,0.0,0.0,0.0,0.0,0.0,0.0,0.0,0.0,1.0,0.0
11,11,0.0,0.0,0.0,0.0,0.0,0.0,0.0,0.0,0.0,0.0,0.0,1.0,0.0
11,11,0.0,0.0,0.0,0.0,0.0,0.0,0.0,0.0,0.0,0.0,0.0,1.0,0.0
11,11,0.0,0.0,0.0,0.0,0.0,0.0,0.0,0.0,0.0,0.0,0.0,1.0,0.0
11,11,0.0,0.0,0.0,0.0,0.0,0.0,0.0,0.0,0.0,0.0,0.0,1.0,0.0
11,11,0.0,0.0,0.0,0.0,0.0,0.0,0.0,0.0,0.0,0.0,0.0,1.0,0.0
11,11,0.0,0.0,0.0,0.0,0.0,0.0,0.0,0.0,0.0,0.0,0.0,1.0,0.0
11,11,0.0,0.0,0.0,0.0,0.0,0.0,0.0,0.0,0.0,0.0,0.0,1.0,0.0
11,11,0.0,0.0,0.0,0.0,0.0,0.0,0.0,0.0,0.0,0.0,0.0,1.0,0.0
11,11,0.0,0.0,0.0,0.0,0.0,0.0,0.0,0.0,0.0,0.0,0.0,1.0,0.0
11,11,0.0,0.0,0.0,0.0,0.0,0.0,0.0,0.0,0.0,0.0,0.0,1.0,0.0
11,11,0.0,0.0,0.0,0.0,0.0,0.0,0.0,0.0,0.0,0.0,0.0,1.0,0.0
11,11,0.0,0.0,0.0,0.0,0.0,0.0,0.0,0.0,0.0,0.0,0.0,1.0,0.0
11,11,0.0,0.0,0.0,0.0,0.0,0.0,0.0,0.0,0.0,0.0,0.0,1.0,0.0
11,11,0.0,0.0,0.0,0.0,0.0,0.0,0.0,0.0,0.0,0.0,0.0,1.0,0.0
11,11,0.0,0.0,0.0,0.0,0.0,0.0,0.0,0.0,0.0,0.0,0.0,1.0,0.0
11,11,0.0,0.0,0.0,0.0,0.0,0.0,0.0,0.0,0.0,0.0,0.0,1.0,0.0
11,11,0.0,0.0,0.0,0.0,0.0,0.0,0.0,0.0,0.0,0.0,0.0,1.0,0.0
11,11,0.0,0.0,0.0,0.0,0.0,0.0,0.0,0.0,0.0,0.0,0.0,1.0,0.0
11,11,0.0,0.0,0.0,0.0,0.0,0.0,0.0,0.0,0.0,0.0,0.0,1.0,0.0
11,11,0.0,0.0,0.0,0.0,0.0,0.0,0.0,0.0,0.0,0.0,0.0,1.0,0.0
11,11,0.0,0.0,0.0,0.0,0.0,0.0,0.0,0.0,0.0,0.0,0.0,1.0,0.0
11,11,0.0,0.0,0.0,0.0,0.0,0.0,0.0,0.0,0.0,0.0,0.0,1.0,0.0
11,11,0.0,0.0,0.0,0.0,0.0,0.0,0.0,0.0,0.0,0.0,0.0,1.0,0.0
11,11,0.0,0.0,0.0,0.0,0.0,0.0,0.0,0.0,0.0,0.0,0.0,1.0,0.0
11,11,0.0,0.0,0.0,0.0,0.0,0.0,0.0,0.0,0.0,0.0,0.0,1.0,0.0
11,11,0.0,0.0,0.0,0.0,0.0,0.0,0.0,0.0,0.0,0.0,0.0,1.0,0.0
11,11,0.0,0.0,0.0,0.0,0.0,0.0,0.0,0.0,0.0,0.0,0.0,1.0,0.0
11,11,0.0,0.0,0.0,0.0,0.0,0.0,0.0,0.0,0.0,0.0,0.0,1.0,0.0
11,11,0.0,0.0,0.0,0.0,0.0,0.0,0.0,0.0,0.0,0.0,0.0,1.0,0.0
11,11,0.0,0.0,0.0,0.0,0.0,0.0,0.0,0.0,0.0,0.0,0.0,1.0,0.0
11,11,0.0,0.0,0.0,0.0,0.0,0.0,0.0,0.0,0.0,0.0,0.0,1.0,0.0
11,11,0.0,0.0,0.0,0.0,0.0,0.0,0.0,0.0,0.0,0.0,0.0,1.0,0.0
11,11,0.0,0.0,0.0,0.0,0.0,0.0,0.0,0.0,0.0,0.0,0.0,1.0,0.0
11,11,0.0,0.0,0.0,0.0,0.0,0.0,0.0,0.0,0.0,0.0,0.0,1.0,0.0
11,11,0.0,0.0,0.0,0.0,0.0,0.0,0.0,0.0,0.0,0.0,0.0,1.0,0.0
11,11,0.0,0.0,0.0,0.0,0.0,0.0,0.0,0.0,0.0,0.0,0.0,1.0,0.0
11,11,0.0,0.0,0.0,0.0,0.0,0.0,0.0,0.0,0.0,0.0,0.0,1.0,0.0
11,11,0.0,0.0,0.0,0.0,0.0,0.0,0.0,0.0,0.0,0.0,0.0,1.0,0.0
11,11,0.0,0.0,0.0,0.0,0.0,0.0,0.0,0.0,0.0,0.0,0.0,1.0,0.0
11,11,0.0,0.0,0.0,0.0,0.0,0.0,0.0,0.0,0.0,0.0,0.0,1.0,0.0
11,11,0.0,0.0,0.0,0.0,0.0,0.0,0.0,0.0,0.0,0.0,0.0,1.0,0.0
11,11,0.0,0.0,0.0,0.0,0.0,0.0,0.0,0.0,0.0,0.0,0.0,1.0,0.0
11,11,0.0,0.0,0.0,0.0,0.0,0.0,0.0,0.0,0.0,0.0,0.0,1.0,0.0
11,11,0.0,0.0,0.0,0.0,0.0,0.0,0.0,0.0,0.0,0.0,0.0,1.0,0.0
11,11,0.0,0.0,0.0,0.0,0.0,0.0,0.0,0.0,0.0,0.0,0.0,1.0,0.0
11,11,0.0,0.0,0.0,0.0,0.0,0.0,0.0,0.0,0.0,0.0,0.0,1.0,0.0
11,11,0.0,0.0,0.0,0.0,0.0,0.0,0.0,0.0,0.0,0.0,0.0,1.0,0.0
11,11,0.0,0.0,0.0,0.0,0.0,0.0,0.0,0.0,0.0,0.0,0.0,1.0,0.0
11,11,0.0,0.0,0.0,0.0,0.0,0.0,0.0,0.0,0.0,0.0,0.0,1.0,0.0
11,11,0.0,0.0,0.0,0.0,0.0,0.0,0.0,0.0,0.0,0.0,0.0,1.0,0.0
11,11,0.0,0.0,0.0,0.0,0.0,0.0,0.0,0.0,0.0,0.0,0.0,1.0,0.0
11,11,0.0,0.0,0.0,0.0,0.0,0.0,0.0,0.0,0.0,0.0,0.0,1.0,0.0
11,11,0.0,0.0,0.0,0.0,0.0,0.0,0.0,0.0,0.0,0.0,0.0,1.0,0.0
11,11,0.0,0.0,0.0,0.0,0.0,0.0,0.0,0.0,0.0,0.0,0.0,1.0,0.0
11,11,0.0,0.0,0.0,0.0,0.0,0.0,0.0,0.0,0.0,0.0,0.0,1.0,0.0
11,11,0.0,0.0,0.0,0.0,0.0,0.0,0.0,0.0,0.0,0.0,0.0,1.0,0.0
11,11,0.0,0.0,0.0,0.0,0.0,0.0,0.0,0.0,0.0,0.0,0.0,1.0,0.0
11,11,0.0,0.0,0.0,0.0,0.0,0.0,0.0,0.0,0.0,0.0,0.0,1.0,0.0
11,11,0.0,0.0,0.0,0.0,0.0,0.0,0.0,0.0,0.0,0.0,0.0,1.0,0.0
11,11,0.0,0.0,0.0,0.0,0.0,0.0,0.0,0.0,0.0,0.0,0.0,1.0,0.0
11,11,0.0,0.0,0.0,0.0,0.0,0.0,0.0,0.0,0.0,0.0,0.0,1.0,0.0
11,11,0.0,0.0,0.0,0.0,0.0,0.0,0.0,0.0,0.0,0.0,0.0,1.0,0.0
11,11,0.0,0.0,0.0,0.0,0.0,0.0,0.0,0.0,0.0,0.0,0.0,1.0,0.0
11,11,0.0,0.0,0.0,0.0,0.0,0.0,0.0,0.0,0.0,0.0,0.0,1.0,0.0
11,11,0.0,0.0,0.0,0.0,0.0,0.0,0.0,0.0,0.0,0.0,0.0,1.0,0.0
11,11,0.0,0.0,0.0,0.0,0.0,0.0,0.0,0.0,0.0,0.0,0.0,1.0,0.0
11,11,0.0,0.0,0.0,0.0,0.0,0.0,0.0,0.0,0.0,0.0,0.0,1.0,0.0
11,11,0.0,0.0,0.0,0.0,0.0,0.0,0.0,0.0,0.0,0.0,0.0,1.0,0.0
11,11,0.0,0.0,0.0,0.0,0.0,0.0,0.0,0.0,0.0,0.0,0.0,1.0,0.0
11,11,0.0,0.0,0.0,0.0,0.0,0.0,0.0,0.0,0.0,0.0,0.0,1.0,0.0
11,11,0.0,0.0,0.0,0.0,0.0,0.0,0.0,0.0,0.0,0.0,0.0,1.0,0.0
11,11,0.0,0.0,0.0,0.0,0.0,0.0,0.0,0.0,0.0,0.0,0.0,1.0,0.0
11,11,0.0,0.0,0.0,0.0,0.0,0.0,0.0,0.0,0.0,0.0,0.0,1.0,0.0
11,11,0.0,0.0,0.0,0.0,0.0,0.0,0.0,0.0,0.0,0.0,0.0,1.0,0.0
11,11,0.0,0.0,0.0,0.0,0.0,0.0,0.0,0.0,0.0,0.0,0.0,1.0,0.0
11,11,0.0,0.0,0.0,0.0,0.0,0.0,0.0,0.0,0.0,0.0,0.0,1.0,0.0
11,11,0.0,0.0,0.0,0.0,0.0,0.0,0.0,0.0,0.0,0.0,0.0,1.0,0.0
11,11,0.0,0.0,0.0,0.0,0.0,0.0,0.0,0.0,0.0,0.0,0.0,1.0,0.0
11,11,0.0,0.0,0.0,0.0,0.0,0.0,0.0,0.0,0.0,0.0,0.0,1.0,0.0
11,11,0.0,0.0,0.0,0.0,0.0,0.0,0.0,0.0,0.0,0.0,0.0,1.0,0.0
11,11,0.0,0.0,0.0,0.0,0.0,0.0,0.0,0.0,0.0,0.0,0.0,1.0,0.0
11,11,0.0,0.0,0.0,0.0,0.0,0.0,0.0,0.0,0.0,0.0,0.0,1.0,0.0
11,11,0.0,0.0,0.0,0.0,0.0,0.0,0.0,0.0,0.0,0.0,0.0,1.0,0.0
11,11,0.0,0.0,0.0,0.0,0.0,0.0,0.0,0.0,0.0,0.0,0.0,1.0,0.0
11,11,0.0,0.0,0.0,0.0,0.0,0.0,0.0,0.0,0.0,0.0,0.0,1.0,0.0
11,11,0.0,0.0,0.0,0.0,0.0,0.0,0.0,0.0,0.0,0.0,0.0,1.0,0.0
11,11,0.0,0.0,0.0,0.0,0.0,0.0,0.0,0.0,0.0,0.0,0.0,1.0,0.0
11,11,0.0,0.0,0.0,0.0,0.0,0.0,0.0,0.0,0.0,0.0,0.0,1.0,0.0
11,11,0.0,0.0,0.0,0.0,0.0,0.0,0.0,0.0,0.0,0.0,0.0,1.0,0.0
11,11,0.0,0.0,0.0,0.0,0.0,0.0,0.0,0.0,0.0,0.0,0.0,1.0,0.0
11,11,0.0,0.0,0.0,0.0,0.0,0.0,0.0,0.0,0.0,0.0,0.0,1.0,0.0
11,11,0.0,0.0,0.0,0.0,0.0,0.0,0.0,0.0,0.0,0.0,0.0,1.0,0.0
11,11,0.0,0.0,0.0,0.0,0.0,0.0,0.0,0.0,0.0,0.0,0.0,1.0,0.0
11,11,0.0,0.0,0.0,0.0,0.0,0.0,0.0,0.0,0.0,0.0,0.0,1.0,0.0
11,11,0.0,0.0,0.0,0.0,0.0,0.0,0.0,0.0,0.0,0.0,0.0,1.0,0.0
11,11,0.0,0.0,0.0,0.0,0.0,0.0,0.0,0.0,0.0,0.0,0.0,1.0,0.0
11,11,0.0,0.0,0.0,0.0,0.0,0.0,0.0,0.0,0.0,0.0,0.0,1.0,0.0
11,11,0.0,0.0,0.0,0.0,0.0,0.0,0.0,0.0,0.0,0.0,0.0,1.0,0.0
11,11,0.0,0.0,0.0,0.0,0.0,0.0,0.0,0.0,0.0,0.0,0.0,1.0,0.0
11,11,0.0,0.0,0.0,0.0,0.0,0.0,0.0,0.0,0.0,0.0,0.0,1.0,0.0
11,11,0.0,0.0,0.0,0.0,0.0,0.0,0.0,0.0,0.0,0.0,0.0,1.0,0.0
11,11,0.0,0.0,0.0,0.0,0.0,0.0,0.0,0.0,0.0,0.0,0.0,1.0,0.0
11,11,0.0,0.0,0.0,0.0,0.0,0.0,0.0,0.0,0.0,0.0,0.0,1.0,0.0
11,11,0.0,0.0,0.0,0.0,0.0,0.0,0.0,0.0,0.0,0.0,0.0,1.0,0.0
11,11,0.0,0.0,0.0,0.0,0.0,0.0,0.0,0.0,0.0,0.0,0.0,1.0,0.0
11,11,0.0,0.0,0.0,0.0,0.0,0.0,0.0,0.0,0.0,0.0,0.0,1.0,0.0
11,11,0.0,0.0,0.0,0.0,0.0,0.0,0.0,0.0,0.0,0.0,0.0,1.0,0.0
11,11,0.0,0.0,0.0,0.0,0.0,0.0,0.0,0.0,0.0,0.0,0.0,1.0,0.0
11,11,0.0,0.0,0.0,0.0,0.0,0.0,0.0,0.0,0.0,0.0,0.0,1.0,0.0
11,11,0.0,0.0,0.0,0.0,0.0,0.0,0.0,0.0,0.0,0.0,0.0,1.0,0.0
11,11,0.0,0.0,0.0,0.0,0.0,0.0,0.0,0.0,0.0,0.0,0.0,1.0,0.0
11,11,0.0,0.0,0.0,0.0,0.0,0.0,0.0,0.0,0.0,0.0,0.0,1.0,0.0
11,11,0.0,0.0,0.0,0.0,0.0,0.0,0.0,0.0,0.0,0.0,0.0,1.0,0.0
11,11,0.0,0.0,0.0,0.0,0.0,0.0,0.0,0.0,0.0,0.0,0.0,1.0,0.0
11,11,0.0,0.0,0.0,0.0,0.0,0.0,0.0,0.0,0.0,0.0,0.0,1.0,0.0
11,11,0.0,0.0,0.0,0.0,0.0,0.0,0.0,0.0,0.0,0.0,0.0,1.0,0.0
11,11,0.0,0.0,0.0,0.0,0.0,0.0,0.0,0.0,0.0,0.0,0.0,1.0,0.0
11,11,0.0,0.0,0.0,0.0,0.0,0.0,0.0,0.0,0.0,0.0,0.0,1.0,0.0
11,11,0.0,0.0,0.0,0.0,0.0,0.0,0.0,0.0,0.0,0.0,0.0,1.0,0.0
11,11,0.0,0.0,0.0,0.0,0.0,0.0,0.0,0.0,0.0,0.0,0.0,1.0,0.0
11,11,0.0,0.0,0.0,0.0,0.0,0.0,0.0,0.0,0.0,0.0,0.0,1.0,0.0
11,11,0.0,0.0,0.0,0.0,0.0,0.0,0.0,0.0,0.0,0.0,0.0,1.0,0.0
11,11,0.0,0.0,0.0,0.0,0.0,0.0,0.0,0.0,0.0,0.0,0.0,1.0,0.0
11,11,0.0,0.0,0.0,0.0,0.0,0.0,0.0,0.0,0.0,0.0,0.0,1.0,0.0
11,11,0.0,0.0,0.0,0.0,0.0,0.0,0.0,0.0,0.0,0.0,0.0,1.0,0.0
11,11,0.0,0.0,0.0,0.0,0.0,0.0,0.0,0.0,0.0,0.0,0.0,1.0,0.0
11,11,0.0,0.0,0.0,0.0,0.0,0.0,0.0,0.0,0.0,0.0,0.0,1.0,0.0
11,11,0.0,0.0,0.0,0.0,0.0,0.0,0.0,0.0,0.0,0.0,0.0,1.0,0.0
11,11,0.0,0.0,0.0,0.0,0.0,0.0,0.0,0.0,0.0,0.0,0.0,1.0,0.0
11,11,0.0,0.0,0.0,0.0,0.0,0.0,0.0,0.0,0.0,0.0,0.0,1.0,0.0
11,11,0.0,0.0,0.0,0.0,0.0,0.0,0.0,0.0,0.0,0.0,0.0,1.0,0.0
11,11,0.0,0.0,0.0,0.0,0.0,0.0,0.0,0.0,0.0,0.0,0.0,1.0,0.0
11,11,0.0,0.0,0.0,0.0,0.0,0.0,0.0,0.0,0.0,0.0,0.0,1.0,0.0
11,11,0.0,0.0,0.0,0.0,0.0,0.0,0.0,0.0,0.0,0.0,0.0,1.0,0.0
11,11,0.0,0.0,0.0,0.0,0.0,0.0,0.0,0.0,0.0,0.0,0.0,1.0,0.0
11,11,0.0,0.0,0.0,0.0,0.0,0.0,0.0,0.0,0.0,0.0,0.0,1.0,0.0
11,11,0.0,0.0,0.0,0.0,0.0,0.0,0.0,0.0,0.0,0.0,0.0,1.0,0.0
11,11,0.0,0.0,0.0,0.0,0.0,0.0,0.0,0.0,0.0,0.0,0.0,1.0,0.0
11,11,0.0,0.0,0.0,0.0,0.0,0.0,0.0,0.0,0.0,0.0,0.0,1.0,0.0
11,11,0.0,0.0,0.0,0.0,0.0,0.0,0.0,0.0,0.0,0.0,0.0,1.0,0.0
11,11,0.0,0.0,0.0,0.0,0.0,0.0,0.0,0.0,0.0,0.0,0.0,1.0,0.0
11,11,0.0,0.0,0.0,0.0,0.0,0.0,0.0,0.0,0.0,0.0,0.0,1.0,0.0
11,11,0.0,0.0,0.0,0.0,0.0,0.0,0.0,0.0,0.0,0.0,0.0,1.0,0.0
11,11,0.0,0.0,0.0,0.0,0.0,0.0,0.0,0.0,0.0,0.0,0.0,1.0,0.0
11,11,0.0,0.0,0.0,0.0,0.0,0.0,0.0,0.0,0.0,0.0,0.0,1.0,0.0
11,11,0.0,0.0,0.0,0.0,0.0,0.0,0.0,0.0,0.0,0.0,0.0,1.0,0.0
11,11,0.0,0.0,0.0,0.0,0.0,0.0,0.0,0.0,0.0,0.0,0.0,1.0,0.0
11,11,0.0,0.0,0.0,0.0,0.0,0.0,0.0,0.0,0.0,0.0,0.0,1.0,0.0
11,11,0.0,0.0,0.0,0.0,0.0,0.0,0.0,0.0,0.0,0.0,0.0,1.0,0.0
11,11,0.0,0.0,0.0,0.0,0.0,0.0,0.0,0.0,0.0,0.0,0.0,1.0,0.0
11,11,0.0,0.0,0.0,0.0,0.0,0.0,0.0,0.0,0.0,0.0,0.0,1.0,0.0
11,11,0.0,0.0,0.0,0.0,0.0,0.0,0.0,0.0,0.0,0.0,0.0,1.0,0.0
11,11,0.0,0.0,0.0,0.0,0.0,0.0,0.0,0.0,0.0,0.0,0.0,1.0,0.0
11,11,0.0,0.0,0.0,0.0,0.0,0.0,0.0,0.0,0.0,0.0,0.0,1.0,0.0
11,11,0.0,0.0,0.0,0.0,0.0,0.0,0.0,0.0,0.0,0.0,0.0,1.0,0.0
11,11,0.0,0.0,0.0,0.0,0.0,0.0,0.0,0.0,0.0,0.0,0.0,1.0,0.0
11,11,0.0,0.0,0.0,0.0,0.0,0.0,0.0,0.0,0.0,0.0,0.0,1.0,0.0
11,11,0.0,0.0,0.0,0.0,0.0,0.0,0.0,0.0,0.0,0.0,0.0,1.0,0.0
11,11,0.0,0.0,0.0,0.0,0.0,0.0,0.0,0.0,0.0,0.0,0.0,1.0,0.0
11,11,0.0,0.0,0.0,0.0,0.0,0.0,0.0,0.0,0.0,0.0,0.0,1.0,0.0
11,11,0.0,0.0,0.0,0.0,0.0,0.0,0.0,0.0,0.0,0.0,0.0,1.0,0.0
11,11,0.0,0.0,0.0,0.0,0.0,0.0,0.0,0.0,0.0,0.0,0.0,1.0,0.0
11,11,0.0,0.0,0.0,0.0,0.0,0.0,0.0,0.0,0.0,0.0,0.0,1.0,0.0
11,11,0.0,0.0,0.0,0.0,0.0,0.0,0.0,0.0,0.0,0.0,0.0,1.0,0.0
11,11,0.0,0.0,0.0,0.0,0.0,0.0,0.0,0.0,0.0,0.0,0.0,1.0,0.0
11,11,0.0,0.0,0.0,0.0,0.0,0.0,0.0,0.0,0.0,0.0,0.0,1.0,0.0
11,11,0.0,0.0,0.0,0.0,0.0,0.0,0.0,0.0,0.0,0.0,0.0,1.0,0.0
11,11,0.0,0.0,0.0,0.0,0.0,0.0,0.0,0.0,0.0,0.0,0.0,1.0,0.0
11,11,0.0,0.0,0.0,0.0,0.0,0.0,0.0,0.0,0.0,0.0,0.0,1.0,0.0
11,11,0.0,0.0,0.0,0.0,0.0,0.0,0.0,0.0,0.0,0.0,0.0,1.0,0.0
11,11,0.0,0.0,0.0,0.0,0.0,0.0,0.0,0.0,0.0,0.0,0.0,1.0,0.0
11,11,0.0,0.0,0.0,0.0,0.0,0.0,0.0,0.0,0.0,0.0,0.0,1.0,0.0
11,11,0.0,0.0,0.0,0.0,0.0,0.0,0.0,0.0,0.0,0.0,0.0,1.0,0.0
11,11,0.0,0.0,0.0,0.0,0.0,0.0,0.0,0.0,0.0,0.0,0.0,1.0,0.0
11,11,0.0,0.0,0.0,0.0,0.0,0.0,0.0,0.0,0.0,0.0,0.0,1.0,0.0
11,11,0.0,0.0,0.0,0.0,0.0,0.0,0.0,0.0,0.0,0.0,0.0,1.0,0.0
11,11,0.0,0.0,0.0,0.0,0.0,0.0,0.0,0.0,0.0,0.0,0.0,1.0,0.0
11,11,0.0,0.0,0.0,0.0,0.0,0.0,0.0,0.0,0.0,0.0,0.0,1.0,0.0
11,11,0.0,0.0,0.0,0.0,0.0,0.0,0.0,0.0,0.0,0.0,0.0,1.0,0.0
11,11,0.0,0.0,0.0,0.0,0.0,0.0,0.0,0.0,0.0,0.0,0.0,1.0,0.0
11,11,0.0,0.0,0.0,0.0,0.0,0.0,0.0,0.0,0.0,0.0,0.0,1.0,0.0
11,11,0.0,0.0,0.0,0.0,0.0,0.0,0.0,0.0,0.0,0.0,0.0,1.0,0.0
11,11,0.0,0.0,0.0,0.0,0.0,0.0,0.0,0.0,0.0,0.0,0.0,1.0,0.0
11,11,0.0,0.0,0.0,0.0,0.0,0.0,0.0,0.0,0.0,0.0,0.0,1.0,0.0
11,11,0.0,0.0,0.0,0.0,0.0,0.0,0.0,0.0,0.0,0.0,0.0,1.0,0.0
11,11,0.0,0.0,0.0,0.0,0.0,0.0,0.0,0.0,0.0,0.0,0.0,1.0,0.0
11,11,0.0,0.0,0.0,0.0,0.0,0.0,0.0,0.0,0.0,0.0,0.0,1.0,0.0
11,11,0.0,0.0,0.0,0.0,0.0,0.0,0.0,0.0,0.0,0.0,0.0,1.0,0.0
11,11,0.0,0.0,0.0,0.0,0.0,0.0,0.0,0.0,0.0,0.0,0.0,1.0,0.0
11,11,0.0,0.0,0.0,0.0,0.0,0.0,0.0,0.0,0.0,0.0,0.0,1.0,0.0
11,11,0.0,0.0,0.0,0.0,0.0,0.0,0.0,0.0,0.0,0.0,0.0,1.0,0.0
11,11,0.0,0.0,0.0,0.0,0.0,0.0,0.0,0.0,0.0,0.0,0.0,1.0,0.0
11,11,0.0,0.0,0.0,0.0,0.0,0.0,0.0,0.0,0.0,0.0,0.0,1.0,0.0
11,11,0.0,0.0,0.0,0.0,0.0,0.0,0.0,0.0,0.0,0.0,0.0,1.0,0.0
11,11,0.0,0.0,0.0,0.0,0.0,0.0,0.0,0.0,0.0,0.0,0.0,1.0,0.0
11,11,0.0,0.0,0.0,0.0,0.0,0.0,0.0,0.0,0.0,0.0,0.0,1.0,0.0
11,11,0.0,0.0,0.0,0.0,0.0,0.0,0.0,0.0,0.0,0.0,0.0,1.0,0.0
11,11,0.0,0.0,0.0,0.0,0.0,0.0,0.0,0.0,0.0,0.0,0.0,1.0,0.0
11,11,0.0,0.0,0.0,0.0,0.0,0.0,0.0,0.0,0.0,0.0,0.0,1.0,0.0
11,11,0.0,0.0,0.0,0.0,0.0,0.0,0.0,0.0,0.0,0.0,0.0,1.0,0.0
11,11,0.0,0.0,0.0,0.0,0.0,0.0,0.0,0.0,0.0,0.0,0.0,1.0,0.0
11,11,0.0,0.0,0.0,0.0,0.0,0.0,0.0,0.0,0.0,0.0,0.0,1.0,0.0
11,11,0.0,0.0,0.0,0.0,0.0,0.0,0.0,0.0,0.0,0.0,0.0,1.0,0.0
11,11,0.0,0.0,0.0,0.0,0.0,0.0,0.0,0.0,0.0,0.0,0.0,1.0,0.0
11,11,0.0,0.0,0.0,0.0,0.0,0.0,0.0,0.0,0.0,0.0,0.0,1.0,0.0
11,11,0.0,0.0,0.0,0.0,0.0,0.0,0.0,0.0,0.0,0.0,0.0,1.0,0.0
11,11,0.0,0.0,0.0,0.0,0.0,0.0,0.0,0.0,0.0,0.0,0.0,1.0,0.0
11,11,0.0,0.0,0.0,0.0,0.0,0.0,0.0,0.0,0.0,0.0,0.0,1.0,0.0
11,11,0.0,0.0,0.0,0.0,0.0,0.0,0.0,0.0,0.0,0.0,0.0,1.0,0.0
11,11,0.0,0.0,0.0,0.0,0.0,0.0,0.0,0.0,0.0,0.0,0.0,1.0,0.0
11,11,0.0,0.0,0.0,0.0,0.0,0.0,0.0,0.0,0.0,0.0,0.0,1.0,0.0
11,11,0.0,0.0,0.0,0.0,0.0,0.0,0.0,0.0,0.0,0.0,0.0,1.0,0.0
11,11,0.0,0.0,0.0,0.0,0.0,0.0,0.0,0.0,0.0,0.0,0.0,1.0,0.0
11,11,0.0,0.0,0.0,0.0,0.0,0.0,0.0,0.0,0.0,0.0,0.0,1.0,0.0
11,11,0.0,0.0,0.0,0.0,0.0,0.0,0.0,0.0,0.0,0.0,0.0,1.0,0.0
11,11,0.0,0.0,0.0,0.0,0.0,0.0,0.0,0.0,0.0,0.0,0.0,1.0,0.0
11,11,0.0,0.0,0.0,0.0,0.0,0.0,0.0,0.0,0.0,0.0,0.0,1.0,0.0
11,11,0.0,0.0,0.0,0.0,0.0,0.0,0.0,0.0,0.0,0.0,0.0,1.0,0.0
11,11,0.0,0.0,0.0,0.0,0.0,0.0,0.0,0.0,0.0,0.0,0.0,1.0,0.0
11,11,0.0,0.0,0.0,0.0,0.0,0.0,0.0,0.0,0.0,0.0,0.0,1.0,0.0
11,11,0.0,0.0,0.0,0.0,0.0,0.0,0.0,0.0,0.0,0.0,0.0,1.0,0.0
11,11,0.0,0.0,0.0,0.0,0.0,0.0,0.0,0.0,0.0,0.0,0.0,1.0,0.0
11,11,0.0,0.0,0.0,0.0,0.0,0.0,0.0,0.0,0.0,0.0,0.0,1.0,0.0
11,11,0.0,0.0,0.0,0.0,0.0,0.0,0.0,0.0,0.0,0.0,0.0,1.0,0.0
11,11,0.0,0.0,0.0,0.0,0.0,0.0,0.0,0.0,0.0,0.0,0.0,1.0,0.0
11,11,0.0,0.0,0.0,0.0,0.0,0.0,0.0,0.0,0.0,0.0,0.0,1.0,0.0
11,11,0.0,0.0,0.0,0.0,0.0,0.0,0.0,0.0,0.0,0.0,0.0,1.0,0.0
11,11,0.0,0.0,0.0,0.0,0.0,0.0,0.0,0.0,0.0,0.0,0.0,1.0,0.0
11,11,0.0,0.0,0.0,0.0,0.0,0.0,0.0,0.0,0.0,0.0,0.0,1.0,0.0
11,11,0.0,0.0,0.0,0.0,0.0,0.0,0.0,0.0,0.0,0.0,0.0,1.0,0.0
11,11,0.0,0.0,0.0,0.0,0.0,0.0,0.0,0.0,0.0,0.0,0.0,1.0,0.0
11,11,0.0,0.0,0.0,0.0,0.0,0.0,0.0,0.0,0.0,0.0,0.0,1.0,0.0
11,11,0.0,0.0,0.0,0.0,0.0,0.0,0.0,0.0,0.0,0.0,0.0,1.0,0.0
11,11,0.0,0.0,0.0,0.0,0.0,0.0,0.0,0.0,0.0,0.0,0.0,1.0,0.0
11,11,0.0,0.0,0.0,0.0,0.0,0.0,0.0,0.0,0.0,0.0,0.0,1.0,0.0
11,11,0.0,0.0,0.0,0.0,0.0,0.0,0.0,0.0,0.0,0.0,0.0,1.0,0.0
11,11,0.0,0.0,0.0,0.0,0.0,0.0,0.0,0.0,0.0,0.0,0.0,1.0,0.0
11,11,0.0,0.0,0.0,0.0,0.0,0.0,0.0,0.0,0.0,0.0,0.0,1.0,0.0
11,11,0.0,0.0,0.0,0.0,0.0,0.0,0.0,0.0,0.0,0.0,0.0,1.0,0.0
11,11,0.0,0.0,0.0,0.0,0.0,0.0,0.0,0.0,0.0,0.0,0.0,1.0,0.0
11,11,0.0,0.0,0.0,0.0,0.0,0.0,0.0,0.0,0.0,0.0,0.0,1.0,0.0
11,11,0.0,0.0,0.0,0.0,0.0,0.0,0.0,0.0,0.0,0.0,0.0,1.0,0.0
11,11,0.0,0.0,0.0,0.0,0.0,0.0,0.0,0.0,0.0,0.0,0.0,1.0,0.0
11,11,0.0,0.0,0.0,0.0,0.0,0.0,0.0,0.0,0.0,0.0,0.0,1.0,0.0
11,11,0.0,0.0,0.0,0.0,0.0,0.0,0.0,0.0,0.0,0.0,0.0,1.0,0.0
11,11,0.0,0.0,0.0,0.0,0.0,0.0,0.0,0.0,0.0,0.0,0.0,1.0,0.0
11,11,0.0,0.0,0.0,0.0,0.0,0.0,0.0,0.0,0.0,0.0,0.0,1.0,0.0
11,11,0.0,0.0,0.0,0.0,0.0,0.0,0.0,0.0,0.0,0.0,0.0,1.0,0.0
11,11,0.0,0.0,0.0,0.0,0.0,0.0,0.0,0.0,0.0,0.0,0.0,1.0,0.0
11,11,0.0,0.0,0.0,0.0,0.0,0.0,0.0,0.0,0.0,0.0,0.0,1.0,0.0
11,11,0.0,0.0,0.0,0.0,0.0,0.0,0.0,0.0,0.0,0.0,0.0,1.0,0.0
11,11,0.0,0.0,0.0,0.0,0.0,0.0,0.0,0.0,0.0,0.0,0.0,1.0,0.0
11,11,0.0,0.0,0.0,0.0,0.0,0.0,0.0,0.0,0.0,0.0,0.0,1.0,0.0
11,11,0.0,0.0,0.0,0.0,0.0,0.0,0.0,0.0,0.0,0.0,0.0,1.0,0.0
11,11,0.0,0.0,0.0,0.0,0.0,0.0,0.0,0.0,0.0,0.0,0.0,1.0,0.0
11,11,0.0,0.0,0.0,0.0,0.0,0.0,0.0,0.0,0.0,0.0,0.0,1.0,0.0
11,11,0.0,0.0,0.0,0.0,0.0,0.0,0.0,0.0,0.0,0.0,0.0,1.0,0.0
11,11,0.0,0.0,0.0,0.0,0.0,0.0,0.0,0.0,0.0,0.0,0.0,1.0,0.0
11,11,0.0,0.0,0.0,0.0,0.0,0.0,0.0,0.0,0.0,0.0,0.0,1.0,0.0
11,11,0.0,0.0,0.0,0.0,0.0,0.0,0.0,0.0,0.0,0.0,0.0,1.0,0.0
11,11,0.0,0.0,0.0,0.0,0.0,0.0,0.0,0.0,0.0,0.0,0.0,1.0,0.0
11,11,0.0,0.0,0.0,0.0,0.0,0.0,0.0,0.0,0.0,0.0,0.0,1.0,0.0
11,11,0.0,0.0,0.0,0.0,0.0,0.0,0.0,0.0,0.0,0.0,0.0,1.0,0.0
11,11,0.0,0.0,0.0,0.0,0.0,0.0,0.0,0.0,0.0,0.0,0.0,1.0,0.0
11,11,0.0,0.0,0.0,0.0,0.0,0.0,0.0,0.0,0.0,0.0,0.0,1.0,0.0
11,11,0.0,0.0,0.0,0.0,0.0,0.0,0.0,0.0,0.0,0.0,0.0,1.0,0.0
11,11,0.0,0.0,0.0,0.0,0.0,0.0,0.0,0.0,0.0,0.0,0.0,1.0,0.0
11,11,0.0,0.0,0.0,0.0,0.0,0.0,0.0,0.0,0.0,0.0,0.0,1.0,0.0
11,11,0.0,0.0,0.0,0.0,0.0,0.0,0.0,0.0,0.0,0.0,0.0,1.0,0.0
11,11,0.0,0.0,0.0,0.0,0.0,0.0,0.0,0.0,0.0,0.0,0.0,1.0,0.0
11,11,0.0,0.0,0.0,0.0,0.0,0.0,0.0,0.0,0.0,0.0,0.0,1.0,0.0
11,11,0.0,0.0,0.0,0.0,0.0,0.0,0.0,0.0,0.0,0.0,0.0,1.0,0.0
11,11,0.0,0.0,0.0,0.0,0.0,0.0,0.0,0.0,0.0,0.0,0.0,1.0,0.0
11,11,0.0,0.0,0.0,0.0,0.0,0.0,0.0,0.0,0.0,0.0,0.0,1.0,0.0
11,11,0.0,0.0,0.0,0.0,0.0,0.0,0.0,0.0,0.0,0.0,0.0,1.0,0.0
11,11,0.0,0.0,0.0,0.0,0.0,0.0,0.0,0.0,0.0,0.0,0.0,1.0,0.0
11,11,0.0,0.0,0.0,0.0,0.0,0.0,0.0,0.0,0.0,0.0,0.0,1.0,0.0
11,11,0.0,0.0,0.0,0.0,0.0,0.0,0.0,0.0,0.0,0.0,0.0,1.0,0.0
11,11,0.0,0.0,0.0,0.0,0.0,0.0,0.0,0.0,0.0,0.0,0.0,1.0,0.0
11,11,0.0,0.0,0.0,0.0,0.0,0.0,0.0,0.0,0.0,0.0,0.0,1.0,0.0
11,11,0.0,0.0,0.0,0.0,0.0,0.0,0.0,0.0,0.0,0.0,0.0,1.0,0.0
11,11,0.0,0.0,0.0,0.0,0.0,0.0,0.0,0.0,0.0,0.0,0.0,1.0,0.0
11,11,0.0,0.0,0.0,0.0,0.0,0.0,0.0,0.0,0.0,0.0,0.0,1.0,0.0
11,11,0.0,0.0,0.0,0.0,0.0,0.0,0.0,0.0,0.0,0.0,0.0,1.0,0.0
11,11,0.0,0.0,0.0,0.0,0.0,0.0,0.0,0.0,0.0,0.0,0.0,1.0,0.0
11,11,0.0,0.0,0.0,0.0,0.0,0.0,0.0,0.0,0.0,0.0,0.0,1.0,0.0
11,11,0.0,0.0,0.0,0.0,0.0,0.0,0.0,0.0,0.0,0.0,0.0,1.0,0.0
11,11,0.0,0.0,0.0,0.0,0.0,0.0,0.0,0.0,0.0,0.0,0.0,1.0,0.0
11,11,0.0,0.0,0.0,0.0,0.0,0.0,0.0,0.0,0.0,0.0,0.0,1.0,0.0
11,11,0.0,0.0,0.0,0.0,0.0,0.0,0.0,0.0,0.0,0.0,0.0,1.0,0.0
11,11,0.0,0.0,0.0,0.0,0.0,0.0,0.0,0.0,0.0,0.0,0.0,1.0,0.0
11,11,0.0,0.0,0.0,0.0,0.0,0.0,0.0,0.0,0.0,0.0,0.0,1.0,0.0
11,11,0.0,0.0,0.0,0.0,0.0,0.0,0.0,0.0,0.0,0.0,0.0,1.0,0.0
11,11,0.0,0.0,0.0,0.0,0.0,0.0,0.0,0.0,0.0,0.0,0.0,1.0,0.0
11,11,0.0,0.0,0.0,0.0,0.0,0.0,0.0,0.0,0.0,0.0,0.0,1.0,0.0
11,11,0.0,0.0,0.0,0.0,0.0,0.0,0.0,0.0,0.0,0.0,0.0,1.0,0.0
11,11,0.0,0.0,0.0,0.0,0.0,0.0,0.0,0.0,0.0,0.0,0.0,1.0,0.0
11,11,0.0,0.0,0.0,0.0,0.0,0.0,0.0,0.0,0.0,0.0,0.0,1.0,0.0
11,11,0.0,0.0,0.0,0.0,0.0,0.0,0.0,0.0,0.0,0.0,0.0,1.0,0.0
11,11,0.0,0.0,0.0,0.0,0.0,0.0,0.0,0.0,0.0,0.0,0.0,1.0,0.0
11,11,0.0,0.0,0.0,0.0,0.0,0.0,0.0,0.0,0.0,0.0,0.0,1.0,0.0
11,11,0.0,0.0,0.0,0.0,0.0,0.0,0.0,0.0,0.0,0.0,0.0,1.0,0.0
11,11,0.0,0.0,0.0,0.0,0.0,0.0,0.0,0.0,0.0,0.0,0.0,1.0,0.0
11,11,0.0,0.0,0.0,0.0,0.0,0.0,0.0,0.0,0.0,0.0,0.0,1.0,0.0
11,11,0.0,0.0,0.0,0.0,0.0,0.0,0.0,0.0,0.0,0.0,0.0,1.0,0.0
11,11,0.0,0.0,0.0,0.0,0.0,0.0,0.0,0.0,0.0,0.0,0.0,1.0,0.0
11,11,0.0,0.0,0.0,0.0,0.0,0.0,0.0,0.0,0.0,0.0,0.0,1.0,0.0
11,11,0.0,0.0,0.0,0.0,0.0,0.0,0.0,0.0,0.0,0.0,0.0,1.0,0.0
11,11,0.0,0.0,0.0,0.0,0.0,0.0,0.0,0.0,0.0,0.0,0.0,1.0,0.0
11,11,0.0,0.0,0.0,0.0,0.0,0.0,0.0,0.0,0.0,0.0,0.0,1.0,0.0
11,11,0.0,0.0,0.0,0.0,0.0,0.0,0.0,0.0,0.0,0.0,0.0,1.0,0.0
11,11,0.0,0.0,0.0,0.0,0.0,0.0,0.0,0.0,0.0,0.0,0.0,1.0,0.0
11,11,0.0,0.0,0.0,0.0,0.0,0.0,0.0,0.0,0.0,0.0,0.0,1.0,0.0
11,11,0.0,0.0,0.0,0.0,0.0,0.0,0.0,0.0,0.0,0.0,0.0,1.0,0.0
11,11,0.0,0.0,0.0,0.0,0.0,0.0,0.0,0.0,0.0,0.0,0.0,1.0,0.0
11,11,0.0,0.0,0.0,0.0,0.0,0.0,0.0,0.0,0.0,0.0,0.0,1.0,0.0
11,11,0.0,0.0,0.0,0.0,0.0,0.0,0.0,0.0,0.0,0.0,0.0,1.0,0.0
11,11,0.0,0.0,0.0,0.0,0.0,0.0,0.0,0.0,0.0,0.0,0.0,1.0,0.0
11,11,0.0,0.0,0.0,0.0,0.0,0.0,0.0,0.0,0.0,0.0,0.0,1.0,0.0
11,11,0.0,0.0,0.0,0.0,0.0,0.0,0.0,0.0,0.0,0.0,0.0,1.0,0.0
11,11,0.0,0.0,0.0,0.0,0.0,0.0,0.0,0.0,0.0,0.0,0.0,1.0,0.0
11,11,0.0,0.0,0.0,0.0,0.0,0.0,0.0,0.0,0.0,0.0,0.0,1.0,0.0
11,11,0.0,0.0,0.0,0.0,0.0,0.0,0.0,0.0,0.0,0.0,0.0,1.0,0.0
11,11,0.0,0.0,0.0,0.0,0.0,0.0,0.0,0.0,0.0,0.0,0.0,1.0,0.0
11,11,0.0,0.0,0.0,0.0,0.0,0.0,0.0,0.0,0.0,0.0,0.0,1.0,0.0
11,11,0.0,0.0,0.0,0.0,0.0,0.0,0.0,0.0,0.0,0.0,0.0,1.0,0.0
11,11,0.0,0.0,0.0,0.0,0.0,0.0,0.0,0.0,0.0,0.0,0.0,1.0,0.0
11,11,0.0,0.0,0.0,0.0,0.0,0.0,0.0,0.0,0.0,0.0,0.0,1.0,0.0
11,11,0.0,0.0,0.0,0.0,0.0,0.0,0.0,0.0,0.0,0.0,0.0,1.0,0.0
11,11,0.0,0.0,0.0,0.0,0.0,0.0,0.0,0.0,0.0,0.0,0.0,1.0,0.0
11,11,0.0,0.0,0.0,0.0,0.0,0.0,0.0,0.0,0.0,0.0,0.0,1.0,0.0
11,11,0.0,0.0,0.0,0.0,0.0,0.0,0.0,0.0,0.0,0.0,0.0,1.0,0.0
11,11,0.0,0.0,0.0,0.0,0.0,0.0,0.0,0.0,0.0,0.0,0.0,1.0,0.0
11,11,0.0,0.0,0.0,0.0,0.0,0.0,0.0,0.0,0.0,0.0,0.0,1.0,0.0
11,11,0.0,0.0,0.0,0.0,0.0,0.0,0.0,0.0,0.0,0.0,0.0,1.0,0.0
11,11,0.0,0.0,0.0,0.0,0.0,0.0,0.0,0.0,0.0,0.0,0.0,1.0,0.0
11,11,0.0,0.0,0.0,0.0,0.0,0.0,0.0,0.0,0.0,0.0,0.0,1.0,0.0
11,11,0.0,0.0,0.0,0.0,0.0,0.0,0.0,0.0,0.0,0.0,0.0,1.0,0.0
11,11,0.0,0.0,0.0,0.0,0.0,0.0,0.0,0.0,0.0,0.0,0.0,1.0,0.0
11,11,0.0,0.0,0.0,0.0,0.0,0.0,0.0,0.0,0.0,0.0,0.0,1.0,0.0
11,11,0.0,0.0,0.0,0.0,0.0,0.0,0.0,0.0,0.0,0.0,0.0,1.0,0.0
11,11,0.0,0.0,0.0,0.0,0.0,0.0,0.0,0.0,0.0,0.0,0.0,1.0,0.0
11,11,0.0,0.0,0.0,0.0,0.0,0.0,0.0,0.0,0.0,0.0,0.0,1.0,0.0
11,11,0.0,0.0,0.0,0.0,0.0,0.0,0.0,0.0,0.0,0.0,0.0,1.0,0.0
11,11,0.0,0.0,0.0,0.0,0.0,0.0,0.0,0.0,0.0,0.0,0.0,1.0,0.0
11,11,0.0,0.0,0.0,0.0,0.0,0.0,0.0,0.0,0.0,0.0,0.0,1.0,0.0
11,11,0.0,0.0,0.0,0.0,0.0,0.0,0.0,0.0,0.0,0.0,0.0,1.0,0.0
11,11,0.0,0.0,0.0,0.0,0.0,0.0,0.0,0.0,0.0,0.0,0.0,1.0,0.0
11,11,0.0,0.0,0.0,0.0,0.0,0.0,0.0,0.0,0.0,0.0,0.0,1.0,0.0
11,11,0.0,0.0,0.0,0.0,0.0,0.0,0.0,0.0,0.0,0.0,0.0,1.0,0.0
11,11,0.0,0.0,0.0,0.0,0.0,0.0,0.0,0.0,0.0,0.0,0.0,1.0,0.0
11,11,0.0,0.0,0.0,0.0,0.0,0.0,0.0,0.0,0.0,0.0,0.0,1.0,0.0
11,11,0.0,0.0,0.0,0.0,0.0,0.0,0.0,0.0,0.0,0.0,0.0,1.0,0.0
11,11,0.0,0.0,0.0,0.0,0.0,0.0,0.0,0.0,0.0,0.0,0.0,1.0,0.0
11,11,0.0,0.0,0.0,0.0,0.0,0.0,0.0,0.0,0.0,0.0,0.0,1.0,0.0
11,11,0.0,0.0,0.0,0.0,0.0,0.0,0.0,0.0,0.0,0.0,0.0,1.0,0.0
11,11,0.0,0.0,0.0,0.0,0.0,0.0,0.0,0.0,0.0,0.0,0.0,1.0,0.0
11,11,0.0,0.0,0.0,0.0,0.0,0.0,0.0,0.0,0.0,0.0,0.0,1.0,0.0
11,11,0.0,0.0,0.0,0.0,0.0,0.0,0.0,0.0,0.0,0.0,0.0,1.0,0.0
11,11,0.0,0.0,0.0,0.0,0.0,0.0,0.0,0.0,0.0,0.0,0.0,1.0,0.0
11,11,0.0,0.0,0.0,0.0,0.0,0.0,0.0,0.0,0.0,0.0,0.0,1.0,0.0
11,11,0.0,0.0,0.0,0.0,0.0,0.0,0.0,0.0,0.0,0.0,0.0,1.0,0.0
11,11,0.0,0.0,0.0,0.0,0.0,0.0,0.0,0.0,0.0,0.0,0.0,1.0,0.0
11,11,0.0,0.0,0.0,0.0,0.0,0.0,0.0,0.0,0.0,0.0,0.0,1.0,0.0
11,11,0.0,0.0,0.0,0.0,0.0,0.0,0.0,0.0,0.0,0.0,0.0,1.0,0.0
11,11,0.0,0.0,0.0,0.0,0.0,0.0,0.0,0.0,0.0,0.0,0.0,1.0,0.0
11,11,0.0,0.0,0.0,0.0,0.0,0.0,0.0,0.0,0.0,0.0,0.0,1.0,0.0
11,11,0.0,0.0,0.0,0.0,0.0,0.0,0.0,0.0,0.0,0.0,0.0,1.0,0.0
11,11,0.0,0.0,0.0,0.0,0.0,0.0,0.0,0.0,0.0,0.0,0.0,1.0,0.0
11,11,0.0,0.0,0.0,0.0,0.0,0.0,0.0,0.0,0.0,0.0,0.0,1.0,0.0
11,11,0.0,0.0,0.0,0.0,0.0,0.0,0.0,0.0,0.0,0.0,0.0,1.0,0.0
11,11,0.0,0.0,0.0,0.0,0.0,0.0,0.0,0.0,0.0,0.0,0.0,1.0,0.0
11,11,0.0,0.0,0.0,0.0,0.0,0.0,0.0,0.0,0.0,0.0,0.0,1.0,0.0
11,11,0.0,0.0,0.0,0.0,0.0,0.0,0.0,0.0,0.0,0.0,0.0,1.0,0.0
11,11,0.0,0.0,0.0,0.0,0.0,0.0,0.0,0.0,0.0,0.0,0.0,1.0,0.0
11,11,0.0,0.0,0.0,0.0,0.0,0.0,0.0,0.0,0.0,0.0,0.0,1.0,0.0
11,11,0.0,0.0,0.0,0.0,0.0,0.0,0.0,0.0,0.0,0.0,0.0,1.0,0.0
11,11,0.0,0.0,0.0,0.0,0.0,0.0,0.0,0.0,0.0,0.0,0.0,1.0,0.0
11,11,0.0,0.0,0.0,0.0,0.0,0.0,0.0,0.0,0.0,0.0,0.0,1.0,0.0
11,11,0.0,0.0,0.0,0.0,0.0,0.0,0.0,0.0,0.0,0.0,0.0,1.0,0.0
11,11,0.0,0.0,0.0,0.0,0.0,0.0,0.0,0.0,0.0,0.0,0.0,1.0,0.0
11,11,0.0,0.0,0.0,0.0,0.0,0.0,0.0,0.0,0.0,0.0,0.0,1.0,0.0
11,11,0.0,0.0,0.0,0.0,0.0,0.0,0.0,0.0,0.0,0.0,0.0,1.0,0.0
11,11,0.0,0.0,0.0,0.0,0.0,0.0,0.0,0.0,0.0,0.0,0.0,1.0,0.0
11,11,0.0,0.0,0.0,0.0,0.0,0.0,0.0,0.0,0.0,0.0,0.0,1.0,0.0
11,11,0.0,0.0,0.0,0.0,0.0,0.0,0.0,0.0,0.0,0.0,0.0,1.0,0.0
11,11,0.0,0.0,0.0,0.0,0.0,0.0,0.0,0.0,0.0,0.0,0.0,1.0,0.0
11,11,0.0,0.0,0.0,0.0,0.0,0.0,0.0,0.0,0.0,0.0,0.0,1.0,0.0
11,11,0.0,0.0,0.0,0.0,0.0,0.0,0.0,0.0,0.0,0.0,0.0,1.0,0.0
11,11,0.0,0.0,0.0,0.0,0.0,0.0,0.0,0.0,0.0,0.0,0.0,1.0,0.0
11,11,0.0,0.0,0.0,0.0,0.0,0.0,0.0,0.0,0.0,0.0,0.0,1.0,0.0
11,11,0.0,0.0,0.0,0.0,0.0,0.0,0.0,0.0,0.0,0.0,0.0,1.0,0.0
11,11,0.0,0.0,0.0,0.0,0.0,0.0,0.0,0.0,0.0,0.0,0.0,1.0,0.0
11,11,0.0,0.0,0.0,0.0,0.0,0.0,0.0,0.0,0.0,0.0,0.0,1.0,0.0
11,11,0.0,0.0,0.0,0.0,0.0,0.0,0.0,0.0,0.0,0.0,0.0,1.0,0.0
11,11,0.0,0.0,0.0,0.0,0.0,0.0,0.0,0.0,0.0,0.0,0.0,1.0,0.0
11,11,0.0,0.0,0.0,0.0,0.0,0.0,0.0,0.0,0.0,0.0,0.0,1.0,0.0
11,11,0.0,0.0,0.0,0.0,0.0,0.0,0.0,0.0,0.0,0.0,0.0,1.0,0.0
11,11,0.0,0.0,0.0,0.0,0.0,0.0,0.0,0.0,0.0,0.0,0.0,1.0,0.0
11,11,0.0,0.0,0.0,0.0,0.0,0.0,0.0,0.0,0.0,0.0,0.0,1.0,0.0
11,11,0.0,0.0,0.0,0.0,0.0,0.0,0.0,0.0,0.0,0.0,0.0,1.0,0.0
11,11,0.0,0.0,0.0,0.0,0.0,0.0,0.0,0.0,0.0,0.0,0.0,1.0,0.0
11,11,0.0,0.0,0.0,0.0,0.0,0.0,0.0,0.0,0.0,0.0,0.0,1.0,0.0
11,11,0.0,0.0,0.0,0.0,0.0,0.0,0.0,0.0,0.0,0.0,0.0,1.0,0.0
11,11,0.0,0.0,0.0,0.0,0.0,0.0,0.0,0.0,0.0,0.0,0.0,1.0,0.0
11,11,0.0,0.0,0.0,0.0,0.0,0.0,0.0,0.0,0.0,0.0,0.0,1.0,0.0
11,11,0.0,0.0,0.0,0.0,0.0,0.0,0.0,0.0,0.0,0.0,0.0,1.0,0.0
11,11,0.0,0.0,0.0,0.0,0.0,0.0,0.0,0.0,0.0,0.0,0.0,1.0,0.0
11,11,0.0,0.0,0.0,0.0,0.0,0.0,0.0,0.0,0.0,0.0,0.0,1.0,0.0
11,11,0.0,0.0,0.0,0.0,0.0,0.0,0.0,0.0,0.0,0.0,0.0,1.0,0.0
11,11,0.0,0.0,0.0,0.0,0.0,0.0,0.0,0.0,0.0,0.0,0.0,1.0,0.0
11,11,0.0,0.0,0.0,0.0,0.0,0.0,0.0,0.0,0.0,0.0,0.0,1.0,0.0
11,11,0.0,0.0,0.0,0.0,0.0,0.0,0.0,0.0,0.0,0.0,0.0,1.0,0.0
11,11,0.0,0.0,0.0,0.0,0.0,0.0,0.0,0.0,0.0,0.0,0.0,1.0,0.0
11,11,0.0,0.0,0.0,0.0,0.0,0.0,0.0,0.0,0.0,0.0,0.0,1.0,0.0
11,11,0.0,0.0,0.0,0.0,0.0,0.0,0.0,0.0,0.0,0.0,0.0,1.0,0.0
11,11,0.0,0.0,0.0,0.0,0.0,0.0,0.0,0.0,0.0,0.0,0.0,1.0,0.0
11,11,0.0,0.0,0.0,0.0,0.0,0.0,0.0,0.0,0.0,0.0,0.0,1.0,0.0
11,11,0.0,0.0,0.0,0.0,0.0,0.0,0.0,0.0,0.0,0.0,0.0,1.0,0.0
11,11,0.0,0.0,0.0,0.0,0.0,0.0,0.0,0.0,0.0,0.0,0.0,1.0,0.0
11,11,0.0,0.0,0.0,0.0,0.0,0.0,0.0,0.0,0.0,0.0,0.0,1.0,0.0
11,11,0.0,0.0,0.0,0.0,0.0,0.0,0.0,0.0,0.0,0.0,0.0,1.0,0.0
11,11,0.0,0.0,0.0,0.0,0.0,0.0,0.0,0.0,0.0,0.0,0.0,1.0,0.0
11,11,0.0,0.0,0.0,0.0,0.0,0.0,0.0,0.0,0.0,0.0,0.0,1.0,0.0
11,11,0.0,0.0,0.0,0.0,0.0,0.0,0.0,0.0,0.0,0.0,0.0,1.0,0.0
11,11,0.0,0.0,0.0,0.0,0.0,0.0,0.0,0.0,0.0,0.0,0.0,1.0,0.0
11,11,0.0,0.0,0.0,0.0,0.0,0.0,0.0,0.0,0.0,0.0,0.0,1.0,0.0
11,11,0.0,0.0,0.0,0.0,0.0,0.0,0.0,0.0,0.0,0.0,0.0,1.0,0.0
11,11,0.0,0.0,0.0,0.0,0.0,0.0,0.0,0.0,0.0,0.0,0.0,1.0,0.0
11,11,0.0,0.0,0.0,0.0,0.0,0.0,0.0,0.0,0.0,0.0,0.0,1.0,0.0
11,11,0.0,0.0,0.0,0.0,0.0,0.0,0.0,0.0,0.0,0.0,0.0,1.0,0.0
11,11,0.0,0.0,0.0,0.0,0.0,0.0,0.0,0.0,0.0,0.0,0.0,1.0,0.0
11,11,0.0,0.0,0.0,0.0,0.0,0.0,0.0,0.0,0.0,0.0,0.0,1.0,0.0
11,11,0.0,0.0,0.0,0.0,0.0,0.0,0.0,0.0,0.0,0.0,0.0,1.0,0.0
11,11,0.0,0.0,0.0,0.0,0.0,0.0,0.0,0.0,0.0,0.0,0.0,1.0,0.0
11,11,0.0,0.0,0.0,0.0,0.0,0.0,0.0,0.0,0.0,0.0,0.0,1.0,0.0
11,11,0.0,0.0,0.0,0.0,0.0,0.0,0.0,0.0,0.0,0.0,0.0,1.0,0.0
11,11,0.0,0.0,0.0,0.0,0.0,0.0,0.0,0.0,0.0,0.0,0.0,1.0,0.0
11,11,0.0,0.0,0.0,0.0,0.0,0.0,0.0,0.0,0.0,0.0,0.0,1.0,0.0
11,11,0.0,0.0,0.0,0.0,0.0,0.0,0.0,0.0,0.0,0.0,0.0,1.0,0.0
11,11,0.0,0.0,0.0,0.0,0.0,0.0,0.0,0.0,0.0,0.0,0.0,1.0,0.0
11,11,0.0,0.0,0.0,0.0,0.0,0.0,0.0,0.0,0.0,0.0,0.0,1.0,0.0
11,11,0.0,0.0,0.0,0.0,0.0,0.0,0.0,0.0,0.0,0.0,0.0,1.0,0.0
11,11,0.0,0.0,0.0,0.0,0.0,0.0,0.0,0.0,0.0,0.0,0.0,1.0,0.0
11,11,0.0,0.0,0.0,0.0,0.0,0.0,0.0,0.0,0.0,0.0,0.0,1.0,0.0
11,11,0.0,0.0,0.0,0.0,0.0,0.0,0.0,0.0,0.0,0.0,0.0,1.0,0.0
11,11,0.0,0.0,0.0,0.0,0.0,0.0,0.0,0.0,0.0,0.0,0.0,1.0,0.0
11,11,0.0,0.0,0.0,0.0,0.0,0.0,0.0,0.0,0.0,0.0,0.0,1.0,0.0
11,11,0.0,0.0,0.0,0.0,0.0,0.0,0.0,0.0,0.0,0.0,0.0,1.0,0.0
11,11,0.0,0.0,0.0,0.0,0.0,0.0,0.0,0.0,0.0,0.0,0.0,1.0,0.0
11,11,0.0,0.0,0.0,0.0,0.0,0.0,0.0,0.0,0.0,0.0,0.0,1.0,0.0
11,11,0.0,0.0,0.0,0.0,0.0,0.0,0.0,0.0,0.0,0.0,0.0,1.0,0.0
11,11,0.0,0.0,0.0,0.0,0.0,0.0,0.0,0.0,0.0,0.0,0.0,1.0,0.0
11,11,0.0,0.0,0.0,0.0,0.0,0.0,0.0,0.0,0.0,0.0,0.0,1.0,0.0
11,11,0.0,0.0,0.0,0.0,0.0,0.0,0.0,0.0,0.0,0.0,0.0,1.0,0.0
11,11,0.0,0.0,0.0,0.0,0.0,0.0,0.0,0.0,0.0,0.0,0.0,1.0,0.0
11,11,0.0,0.0,0.0,0.0,0.0,0.0,0.0,0.0,0.0,0.0,0.0,1.0,0.0
11,11,0.0,0.0,0.0,0.0,0.0,0.0,0.0,0.0,0.0,0.0,0.0,1.0,0.0
11,11,0.0,0.0,0.0,0.0,0.0,0.0,0.0,0.0,0.0,0.0,0.0,1.0,0.0
11,11,0.0,0.0,0.0,0.0,0.0,0.0,0.0,0.0,0.0,0.0,0.0,1.0,0.0
11,11,0.0,0.0,0.0,0.0,0.0,0.0,0.0,0.0,0.0,0.0,0.0,1.0,0.0
11,11,0.0,0.0,0.0,0.0,0.0,0.0,0.0,0.0,0.0,0.0,0.0,1.0,0.0
11,11,0.0,0.0,0.0,0.0,0.0,0.0,0.0,0.0,0.0,0.0,0.0,1.0,0.0
11,11,0.0,0.0,0.0,0.0,0.0,0.0,0.0,0.0,0.0,0.0,0.0,1.0,0.0
11,11,0.0,0.0,0.0,0.0,0.0,0.0,0.0,0.0,0.0,0.0,0.0,1.0,0.0
11,11,0.0,0.0,0.0,0.0,0.0,0.0,0.0,0.0,0.0,0.0,0.0,1.0,0.0
11,11,0.0,0.0,0.0,0.0,0.0,0.0,0.0,0.0,0.0,0.0,0.0,1.0,0.0
11,11,0.0,0.0,0.0,0.0,0.0,0.0,0.0,0.0,0.0,0.0,0.0,1.0,0.0
11,11,0.0,0.0,0.0,0.0,0.0,0.0,0.0,0.0,0.0,0.0,0.0,1.0,0.0
11,11,0.0,0.0,0.0,0.0,0.0,0.0,0.0,0.0,0.0,0.0,0.0,1.0,0.0
11,11,0.0,0.0,0.0,0.0,0.0,0.0,0.0,0.0,0.0,0.0,0.0,1.0,0.0
11,11,0.0,0.0,0.0,0.0,0.0,0.0,0.0,0.0,0.0,0.0,0.0,1.0,0.0
11,11,0.0,0.0,0.0,0.0,0.0,0.0,0.0,0.0,0.0,0.0,0.0,1.0,0.0
11,11,0.0,0.0,0.0,0.0,0.0,0.0,0.0,0.0,0.0,0.0,0.0,1.0,0.0
11,11,0.0,0.0,0.0,0.0,0.0,0.0,0.0,0.0,0.0,0.0,0.0,1.0,0.0
11,11,0.0,0.0,0.0,0.0,0.0,0.0,0.0,0.0,0.0,0.0,0.0,1.0,0.0
11,11,0.0,0.0,0.0,0.0,0.0,0.0,0.0,0.0,0.0,0.0,0.0,1.0,0.0
11,11,0.0,0.0,0.0,0.0,0.0,0.0,0.0,0.0,0.0,0.0,0.0,1.0,0.0
11,11,0.0,0.0,0.0,0.0,0.0,0.0,0.0,0.0,0.0,0.0,0.0,1.0,0.0
11,11,0.0,0.0,0.0,0.0,0.0,0.0,0.0,0.0,0.0,0.0,0.0,1.0,0.0
11,11,0.0,0.0,0.0,0.0,0.0,0.0,0.0,0.0,0.0,0.0,0.0,1.0,0.0
11,11,0.0,0.0,0.0,0.0,0.0,0.0,0.0,0.0,0.0,0.0,0.0,1.0,0.0
11,11,0.0,0.0,0.0,0.0,0.0,0.0,0.0,0.0,0.0,0.0,0.0,1.0,0.0
11,11,0.0,0.0,0.0,0.0,0.0,0.0,0.0,0.0,0.0,0.0,0.0,1.0,0.0
11,11,0.0,0.0,0.0,0.0,0.0,0.0,0.0,0.0,0.0,0.0,0.0,1.0,0.0
11,11,0.0,0.0,0.0,0.0,0.0,0.0,0.0,0.0,0.0,0.0,0.0,1.0,0.0
11,11,0.0,0.0,0.0,0.0,0.0,0.0,0.0,0.0,0.0,0.0,0.0,1.0,0.0
11,11,0.0,0.0,0.0,0.0,0.0,0.0,0.0,0.0,0.0,0.0,0.0,1.0,0.0
11,11,0.0,0.0,0.0,0.0,0.0,0.0,0.0,0.0,0.0,0.0,0.0,1.0,0.0
11,11,0.0,0.0,0.0,0.0,0.0,0.0,0.0,0.0,0.0,0.0,0.0,1.0,0.0
11,11,0.0,0.0,0.0,0.0,0.0,0.0,0.0,0.0,0.0,0.0,0.0,1.0,0.0
11,11,0.0,0.0,0.0,0.0,0.0,0.0,0.0,0.0,0.0,0.0,0.0,1.0,0.0
11,11,0.0,0.0,0.0,0.0,0.0,0.0,0.0,0.0,0.0,0.0,0.0,1.0,0.0
11,11,0.0,0.0,0.0,0.0,0.0,0.0,0.0,0.0,0.0,0.0,0.0,1.0,0.0
11,11,0.0,0.0,0.0,0.0,0.0,0.0,0.0,0.0,0.0,0.0,0.0,1.0,0.0
11,11,0.0,0.0,0.0,0.0,0.0,0.0,0.0,0.0,0.0,0.0,0.0,1.0,0.0
11,11,0.0,0.0,0.0,0.0,0.0,0.0,0.0,0.0,0.0,0.0,0.0,1.0,0.0
11,11,0.0,0.0,0.0,0.0,0.0,0.0,0.0,0.0,0.0,0.0,0.0,1.0,0.0
11,11,0.0,0.0,0.0,0.0,0.0,0.0,0.0,0.0,0.0,0.0,0.0,1.0,0.0
11,11,0.0,0.0,0.0,0.0,0.0,0.0,0.0,0.0,0.0,0.0,0.0,1.0,0.0
11,11,0.0,0.0,0.0,0.0,0.0,0.0,0.0,0.0,0.0,0.0,0.0,1.0,0.0
11,11,0.0,0.0,0.0,0.0,0.0,0.0,0.0,0.0,0.0,0.0,0.0,1.0,0.0
11,11,0.0,0.0,0.0,0.0,0.0,0.0,0.0,0.0,0.0,0.0,0.0,1.0,0.0
11,11,0.0,0.0,0.0,0.0,0.0,0.0,0.0,0.0,0.0,0.0,0.0,1.0,0.0
11,11,0.0,0.0,0.0,0.0,0.0,0.0,0.0,0.0,0.0,0.0,0.0,1.0,0.0
11,11,0.0,0.0,0.0,0.0,0.0,0.0,0.0,0.0,0.0,0.0,0.0,1.0,0.0
11,11,0.0,0.0,0.0,0.0,0.0,0.0,0.0,0.0,0.0,0.0,0.0,1.0,0.0
11,11,0.0,0.0,0.0,0.0,0.0,0.0,0.0,0.0,0.0,0.0,0.0,1.0,0.0
11,11,0.0,0.0,0.0,0.0,0.0,0.0,0.0,0.0,0.0,0.0,0.0,1.0,0.0
11,11,0.0,0.0,0.0,0.0,0.0,0.0,0.0,0.0,0.0,0.0,0.0,1.0,0.0
11,11,0.0,0.0,0.0,0.0,0.0,0.0,0.0,0.0,0.0,0.0,0.0,1.0,0.0
11,11,0.0,0.0,0.0,0.0,0.0,0.0,0.0,0.0,0.0,0.0,0.0,1.0,0.0
11,11,0.0,0.0,0.0,0.0,0.0,0.0,0.0,0.0,0.0,0.0,0.0,1.0,0.0
11,11,0.0,0.0,0.0,0.0,0.0,0.0,0.0,0.0,0.0,0.0,0.0,1.0,0.0
11,11,0.0,0.0,0.0,0.0,0.0,0.0,0.0,0.0,0.0,0.0,0.0,1.0,0.0
11,11,0.0,0.0,0.0,0.0,0.0,0.0,0.0,0.0,0.0,0.0,0.0,1.0,0.0
11,11,0.0,0.0,0.0,0.0,0.0,0.0,0.0,0.0,0.0,0.0,0.0,1.0,0.0
11,11,0.0,0.0,0.0,0.0,0.0,0.0,0.0,0.0,0.0,0.0,0.0,1.0,0.0
11,11,0.0,0.0,0.0,0.0,0.0,0.0,0.0,0.0,0.0,0.0,0.0,1.0,0.0
11,11,0.0,0.0,0.0,0.0,0.0,0.0,0.0,0.0,0.0,0.0,0.0,1.0,0.0
11,11,0.0,0.0,0.0,0.0,0.0,0.0,0.0,0.0,0.0,0.0,0.0,1.0,0.0
11,11,0.0,0.0,0.0,0.0,0.0,0.0,0.0,0.0,0.0,0.0,0.0,1.0,0.0
11,11,0.0,0.0,0.0,0.0,0.0,0.0,0.0,0.0,0.0,0.0,0.0,1.0,0.0
11,11,0.0,0.0,0.0,0.0,0.0,0.0,0.0,0.0,0.0,0.0,0.0,1.0,0.0
11,11,0.0,0.0,0.0,0.0,0.0,0.0,0.0,0.0,0.0,0.0,0.0,1.0,0.0
11,11,0.0,0.0,0.0,0.0,0.0,0.0,0.0,0.0,0.0,0.0,0.0,1.0,0.0
11,11,0.0,0.0,0.0,0.0,0.0,0.0,0.0,0.0,0.0,0.0,0.0,1.0,0.0
11,11,0.0,0.0,0.0,0.0,0.0,0.0,0.0,0.0,0.0,0.0,0.0,1.0,0.0
11,11,0.0,0.0,0.0,0.0,0.0,0.0,0.0,0.0,0.0,0.0,0.0,1.0,0.0
11,11,0.0,0.0,0.0,0.0,0.0,0.0,0.0,0.0,0.0,0.0,0.0,1.0,0.0
11,11,0.0,0.0,0.0,0.0,0.0,0.0,0.0,0.0,0.0,0.0,0.0,1.0,0.0
11,11,0.0,0.0,0.0,0.0,0.0,0.0,0.0,0.0,0.0,0.0,0.0,1.0,0.0
11,11,0.0,0.0,0.0,0.0,0.0,0.0,0.0,0.0,0.0,0.0,0.0,1.0,0.0
11,11,0.0,0.0,0.0,0.0,0.0,0.0,0.0,0.0,0.0,0.0,0.0,1.0,0.0
11,11,0.0,0.0,0.0,0.0,0.0,0.0,0.0,0.0,0.0,0.0,0.0,1.0,0.0
11,11,0.0,0.0,0.0,0.0,0.0,0.0,0.0,0.0,0.0,0.0,0.0,1.0,0.0
11,11,0.0,0.0,0.0,0.0,0.0,0.0,0.0,0.0,0.0,0.0,0.0,1.0,0.0
11,11,0.0,0.0,0.0,0.0,0.0,0.0,0.0,0.0,0.0,0.0,0.0,1.0,0.0
11,11,0.0,0.0,0.0,0.0,0.0,0.0,0.0,0.0,0.0,0.0,0.0,1.0,0.0
11,11,0.0,0.0,0.0,0.0,0.0,0.0,0.0,0.0,0.0,0.0,0.0,1.0,0.0
11,11,0.0,0.0,0.0,0.0,0.0,0.0,0.0,0.0,0.0,0.0,0.0,1.0,0.0
11,11,0.0,0.0,0.0,0.0,0.0,0.0,0.0,0.0,0.0,0.0,0.0,1.0,0.0
11,11,0.0,0.0,0.0,0.0,0.0,0.0,0.0,0.0,0.0,0.0,0.0,1.0,0.0
11,11,0.0,0.0,0.0,0.0,0.0,0.0,0.0,0.0,0.0,0.0,0.0,1.0,0.0
11,11,0.0,0.0,0.0,0.0,0.0,0.0,0.0,0.0,0.0,0.0,0.0,1.0,0.0
11,11,0.0,0.0,0.0,0.0,0.0,0.0,0.0,0.0,0.0,0.0,0.0,1.0,0.0
11,11,0.0,0.0,0.0,0.0,0.0,0.0,0.0,0.0,0.0,0.0,0.0,1.0,0.0
11,11,0.0,0.0,0.0,0.0,0.0,0.0,0.0,0.0,0.0,0.0,0.0,1.0,0.0
11,11,0.0,0.0,0.0,0.0,0.0,0.0,0.0,0.0,0.0,0.0,0.0,1.0,0.0
11,11,0.0,0.0,0.0,0.0,0.0,0.0,0.0,0.0,0.0,0.0,0.0,1.0,0.0
11,11,0.0,0.0,0.0,0.0,0.0,0.0,0.0,0.0,0.0,0.0,0.0,1.0,0.0
11,11,0.0,0.0,0.0,0.0,0.0,0.0,0.0,0.0,0.0,0.0,0.0,1.0,0.0
11,11,0.0,0.0,0.0,0.0,0.0,0.0,0.0,0.0,0.0,0.0,0.0,1.0,0.0
11,11,0.0,0.0,0.0,0.0,0.0,0.0,0.0,0.0,0.0,0.0,0.0,1.0,0.0
11,11,0.0,0.0,0.0,0.0,0.0,0.0,0.0,0.0,0.0,0.0,0.0,1.0,0.0
11,11,0.0,0.0,0.0,0.0,0.0,0.0,0.0,0.0,0.0,0.0,0.0,1.0,0.0
11,11,0.0,0.0,0.0,0.0,0.0,0.0,0.0,0.0,0.0,0.0,0.0,1.0,0.0
11,11,0.0,0.0,0.0,0.0,0.0,0.0,0.0,0.0,0.0,0.0,0.0,1.0,0.0
11,11,0.0,0.0,0.0,0.0,0.0,0.0,0.0,0.0,0.0,0.0,0.0,1.0,0.0
11,11,0.0,0.0,0.0,0.0,0.0,0.0,0.0,0.0,0.0,0.0,0.0,1.0,0.0
11,11,0.0,0.0,0.0,0.0,0.0,0.0,0.0,0.0,0.0,0.0,0.0,1.0,0.0
11,11,0.0,0.0,0.0,0.0,0.0,0.0,0.0,0.0,0.0,0.0,0.0,1.0,0.0
11,11,0.0,0.0,0.0,0.0,0.0,0.0,0.0,0.0,0.0,0.0,0.0,1.0,0.0
11,11,0.0,0.0,0.0,0.0,0.0,0.0,0.0,0.0,0.0,0.0,0.0,1.0,0.0
11,11,0.0,0.0,0.0,0.0,0.0,0.0,0.0,0.0,0.0,0.0,0.0,1.0,0.0
11,11,0.0,0.0,0.0,0.0,0.0,0.0,0.0,0.0,0.0,0.0,0.0,1.0,0.0
11,11,0.0,0.0,0.0,0.0,0.0,0.0,0.0,0.0,0.0,0.0,0.0,1.0,0.0
11,11,0.0,0.0,0.0,0.0,0.0,0.0,0.0,0.0,0.0,0.0,0.0,1.0,0.0
11,11,0.0,0.0,0.0,0.0,0.0,0.0,0.0,0.0,0.0,0.0,0.0,1.0,0.0
11,11,0.0,0.0,0.0,0.0,0.0,0.0,0.0,0.0,0.0,0.0,0.0,1.0,0.0
11,11,0.0,0.0,0.0,0.0,0.0,0.0,0.0,0.0,0.0,0.0,0.0,1.0,0.0
11,11,0.0,0.0,0.0,0.0,0.0,0.0,0.0,0.0,0.0,0.0,0.0,1.0,0.0
11,11,0.0,0.0,0.0,0.0,0.0,0.0,0.0,0.0,0.0,0.0,0.0,1.0,0.0
11,11,0.0,0.0,0.0,0.0,0.0,0.0,0.0,0.0,0.0,0.0,0.0,1.0,0.0
11,11,0.0,0.0,0.0,0.0,0.0,0.0,0.0,0.0,0.0,0.0,0.0,1.0,0.0
11,11,0.0,0.0,0.0,0.0,0.0,0.0,0.0,0.0,0.0,0.0,0.0,1.0,0.0
11,11,0.0,0.0,0.0,0.0,0.0,0.0,0.0,0.0,0.0,0.0,0.0,1.0,0.0
11,11,0.0,0.0,0.0,0.0,0.0,0.0,0.0,0.0,0.0,0.0,0.0,1.0,0.0
11,11,0.0,0.0,0.0,0.0,0.0,0.0,0.0,0.0,0.0,0.0,0.0,1.0,0.0
11,11,0.0,0.0,0.0,0.0,0.0,0.0,0.0,0.0,0.0,0.0,0.0,1.0,0.0
11,11,0.0,0.0,0.0,0.0,0.0,0.0,0.0,0.0,0.0,0.0,0.0,1.0,0.0
11,11,0.0,0.0,0.0,0.0,0.0,0.0,0.0,0.0,0.0,0.0,0.0,1.0,0.0
11,11,0.0,0.0,0.0,0.0,0.0,0.0,0.0,0.0,0.0,0.0,0.0,1.0,0.0
11,11,0.0,0.0,0.0,0.0,0.0,0.0,0.0,0.0,0.0,0.0,0.0,1.0,0.0
11,11,0.0,0.0,0.0,0.0,0.0,0.0,0.0,0.0,0.0,0.0,0.0,1.0,0.0
11,11,0.0,0.0,0.0,0.0,0.0,0.0,0.0,0.0,0.0,0.0,0.0,1.0,0.0
11,11,0.0,0.0,0.0,0.0,0.0,0.0,0.0,0.0,0.0,0.0,0.0,1.0,0.0
11,11,0.0,0.0,0.0,0.0,0.0,0.0,0.0,0.0,0.0,0.0,0.0,1.0,0.0
11,11,0.0,0.0,0.0,0.0,0.0,0.0,0.0,0.0,0.0,0.0,0.0,1.0,0.0
11,11,0.0,0.0,0.0,0.0,0.0,0.0,0.0,0.0,0.0,0.0,0.0,1.0,0.0
11,11,0.0,0.0,0.0,0.0,0.0,0.0,0.0,0.0,0.0,0.0,0.0,1.0,0.0
11,11,0.0,0.0,0.0,0.0,0.0,0.0,0.0,0.0,0.0,0.0,0.0,1.0,0.0
11,11,0.0,0.0,0.0,0.0,0.0,0.0,0.0,0.0,0.0,0.0,0.0,1.0,0.0
11,11,0.0,0.0,0.0,0.0,0.0,0.0,0.0,0.0,0.0,0.0,0.0,1.0,0.0
11,11,0.0,0.0,0.0,0.0,0.0,0.0,0.0,0.0,0.0,0.0,0.0,1.0,0.0
11,11,0.0,0.0,0.0,0.0,0.0,0.0,0.0,0.0,0.0,0.0,0.0,1.0,0.0
11,11,0.0,0.0,0.0,0.0,0.0,0.0,0.0,0.0,0.0,0.0,0.0,1.0,0.0
11,11,0.0,0.0,0.0,0.0,0.0,0.0,0.0,0.0,0.0,0.0,0.0,1.0,0.0
11,11,0.0,0.0,0.0,0.0,0.0,0.0,0.0,0.0,0.0,0.0,0.0,1.0,0.0
11,11,0.0,0.0,0.0,0.0,0.0,0.0,0.0,0.0,0.0,0.0,0.0,1.0,0.0
11,11,0.0,0.0,0.0,0.0,0.0,0.0,0.0,0.0,0.0,0.0,0.0,1.0,0.0
11,11,0.0,0.0,0.0,0.0,0.0,0.0,0.0,0.0,0.0,0.0,0.0,1.0,0.0
11,11,0.0,0.0,0.0,0.0,0.0,0.0,0.0,0.0,0.0,0.0,0.0,1.0,0.0
11,11,0.0,0.0,0.0,0.0,0.0,0.0,0.0,0.0,0.0,0.0,0.0,1.0,0.0
11,11,0.0,0.0,0.0,0.0,0.0,0.0,0.0,0.0,0.0,0.0,0.0,1.0,0.0
11,11,0.0,0.0,0.0,0.0,0.0,0.0,0.0,0.0,0.0,0.0,0.0,1.0,0.0
11,11,0.0,0.0,0.0,0.0,0.0,0.0,0.0,0.0,0.0,0.0,0.0,1.0,0.0
11,11,0.0,0.0,0.0,0.0,0.0,0.0,0.0,0.0,0.0,0.0,0.0,1.0,0.0
11,11,0.0,0.0,0.0,0.0,0.0,0.0,0.0,0.0,0.0,0.0,0.0,1.0,0.0
11,11,0.0,0.0,0.0,0.0,0.0,0.0,0.0,0.0,0.0,0.0,0.0,1.0,0.0
11,11,0.0,0.0,0.0,0.0,0.0,0.0,0.0,0.0,0.0,0.0,0.0,1.0,0.0
11,11,0.0,0.0,0.0,0.0,0.0,0.0,0.0,0.0,0.0,0.0,0.0,1.0,0.0
11,11,0.0,0.0,0.0,0.0,0.0,0.0,0.0,0.0,0.0,0.0,0.0,1.0,0.0
11,11,0.0,0.0,0.0,0.0,0.0,0.0,0.0,0.0,0.0,0.0,0.0,1.0,0.0
11,11,0.0,0.0,0.0,0.0,0.0,0.0,0.0,0.0,0.0,0.0,0.0,1.0,0.0
11,11,0.0,0.0,0.0,0.0,0.0,0.0,0.0,0.0,0.0,0.0,0.0,1.0,0.0
11,11,0.0,0.0,0.0,0.0,0.0,0.0,0.0,0.0,0.0,0.0,0.0,1.0,0.0
11,11,0.0,0.0,0.0,0.0,0.0,0.0,0.0,0.0,0.0,0.0,0.0,1.0,0.0
11,11,0.0,0.0,0.0,0.0,0.0,0.0,0.0,0.0,0.0,0.0,0.0,1.0,0.0
11,11,0.0,0.0,0.0,0.0,0.0,0.0,0.0,0.0,0.0,0.0,0.0,1.0,0.0
11,11,0.0,0.0,0.0,0.0,0.0,0.0,0.0,0.0,0.0,0.0,0.0,1.0,0.0
11,11,0.0,0.0,0.0,0.0,0.0,0.0,0.0,0.0,0.0,0.0,0.0,1.0,0.0
11,11,0.0,0.0,0.0,0.0,0.0,0.0,0.0,0.0,0.0,0.0,0.0,1.0,0.0
11,11,0.0,0.0,0.0,0.0,0.0,0.0,0.0,0.0,0.0,0.0,0.0,1.0,0.0
11,11,0.0,0.0,0.0,0.0,0.0,0.0,0.0,0.0,0.0,0.0,0.0,1.0,0.0
11,11,0.0,0.0,0.0,0.0,0.0,0.0,0.0,0.0,0.0,0.0,0.0,1.0,0.0
11,11,0.0,0.0,0.0,0.0,0.0,0.0,0.0,0.0,0.0,0.0,0.0,1.0,0.0
11,11,0.0,0.0,0.0,0.0,0.0,0.0,0.0,0.0,0.0,0.0,0.0,1.0,0.0
11,11,0.0,0.0,0.0,0.0,0.0,0.0,0.0,0.0,0.0,0.0,0.0,1.0,0.0
11,11,0.0,0.0,0.0,0.0,0.0,0.0,0.0,0.0,0.0,0.0,0.0,1.0,0.0
11,11,0.0,0.0,0.0,0.0,0.0,0.0,0.0,0.0,0.0,0.0,0.0,1.0,0.0
11,11,0.0,0.0,0.0,0.0,0.0,0.0,0.0,0.0,0.0,0.0,0.0,1.0,0.0
11,11,0.0,0.0,0.0,0.0,0.0,0.0,0.0,0.0,0.0,0.0,0.0,1.0,0.0
11,11,0.0,0.0,0.0,0.0,0.0,0.0,0.0,0.0,0.0,0.0,0.0,1.0,0.0
11,11,0.0,0.0,0.0,0.0,0.0,0.0,0.0,0.0,0.0,0.0,0.0,1.0,0.0
11,11,0.0,0.0,0.0,0.0,0.0,0.0,0.0,0.0,0.0,0.0,0.0,1.0,0.0
11,11,0.0,0.0,0.0,0.0,0.0,0.0,0.0,0.0,0.0,0.0,0.0,1.0,0.0
11,11,0.0,0.0,0.0,0.0,0.0,0.0,0.0,0.0,0.0,0.0,0.0,1.0,0.0
11,11,0.0,0.0,0.0,0.0,0.0,0.0,0.0,0.0,0.0,0.0,0.0,1.0,0.0
11,11,0.0,0.0,0.0,0.0,0.0,0.0,0.0,0.0,0.0,0.0,0.0,1.0,0.0
11,11,0.0,0.0,0.0,0.0,0.0,0.0,0.0,0.0,0.0,0.0,0.0,1.0,0.0
11,11,0.0,0.0,0.0,0.0,0.0,0.0,0.0,0.0,0.0,0.0,0.0,1.0,0.0
11,11,0.0,0.0,0.0,0.0,0.0,0.0,0.0,0.0,0.0,0.0,0.0,1.0,0.0
11,11,0.0,0.0,0.0,0.0,0.0,0.0,0.0,0.0,0.0,0.0,0.0,1.0,0.0
11,11,0.0,0.0,0.0,0.0,0.0,0.0,0.0,0.0,0.0,0.0,0.0,1.0,0.0
11,11,0.0,0.0,0.0,0.0,0.0,0.0,0.0,0.0,0.0,0.0,0.0,1.0,0.0
11,11,0.0,0.0,0.0,0.0,0.0,0.0,0.0,0.0,0.0,0.0,0.0,1.0,0.0
11,11,0.0,0.0,0.0,0.0,0.0,0.0,0.0,0.0,0.0,0.0,0.0,1.0,0.0
11,11,0.0,0.0,0.0,0.0,0.0,0.0,0.0,0.0,0.0,0.0,0.0,1.0,0.0
11,11,0.0,0.0,0.0,0.0,0.0,0.0,0.0,0.0,0.0,0.0,0.0,1.0,0.0
11,11,0.0,0.0,0.0,0.0,0.0,0.0,0.0,0.0,0.0,0.0,0.0,1.0,0.0
11,11,0.0,0.0,0.0,0.0,0.0,0.0,0.0,0.0,0.0,0.0,0.0,1.0,0.0
11,11,0.0,0.0,0.0,0.0,0.0,0.0,0.0,0.0,0.0,0.0,0.0,1.0,0.0
11,11,0.0,0.0,0.0,0.0,0.0,0.0,0.0,0.0,0.0,0.0,0.0,1.0,0.0
11,11,0.0,0.0,0.0,0.0,0.0,0.0,0.0,0.0,0.0,0.0,0.0,1.0,0.0
11,11,0.0,0.0,0.0,0.0,0.0,0.0,0.0,0.0,0.0,0.0,0.0,1.0,0.0
11,11,0.0,0.0,0.0,0.0,0.0,0.0,0.0,0.0,0.0,0.0,0.0,1.0,0.0
11,11,0.0,0.0,0.0,0.0,0.0,0.0,0.0,0.0,0.0,0.0,0.0,1.0,0.0
11,11,0.0,0.0,0.0,0.0,0.0,0.0,0.0,0.0,0.0,0.0,0.0,1.0,0.0
11,11,0.0,0.0,0.0,0.0,0.0,0.0,0.0,0.0,0.0,0.0,0.0,1.0,0.0
11,11,0.0,0.0,0.0,0.0,0.0,0.0,0.0,0.0,0.0,0.0,0.0,1.0,0.0
11,11,0.0,0.0,0.0,0.0,0.0,0.0,0.0,0.0,0.0,0.0,0.0,1.0,0.0
11,11,0.0,0.0,0.0,0.0,0.0,0.0,0.0,0.0,0.0,0.0,0.0,1.0,0.0
11,11,0.0,0.0,0.0,0.0,0.0,0.0,0.0,0.0,0.0,0.0,0.0,1.0,0.0
11,11,0.0,0.0,0.0,0.0,0.0,0.0,0.0,0.0,0.0,0.0,0.0,1.0,0.0
11,11,0.0,0.0,0.0,0.0,0.0,0.0,0.0,0.0,0.0,0.0,0.0,1.0,0.0
11,11,0.0,0.0,0.0,0.0,0.0,0.0,0.0,0.0,0.0,0.0,0.0,1.0,0.0
11,11,0.0,0.0,0.0,0.0,0.0,0.0,0.0,0.0,0.0,0.0,0.0,1.0,0.0
11,11,0.0,0.0,0.0,0.0,0.0,0.0,0.0,0.0,0.0,0.0,0.0,1.0,0.0
11,11,0.0,0.0,0.0,0.0,0.0,0.0,0.0,0.0,0.0,0.0,0.0,1.0,0.0
11,11,0.0,0.0,0.0,0.0,0.0,0.0,0.0,0.0,0.0,0.0,0.0,1.0,0.0
11,11,0.0,0.0,0.0,0.0,0.0,0.0,0.0,0.0,0.0,0.0,0.0,1.0,0.0
11,11,0.0,0.0,0.0,0.0,0.0,0.0,0.0,0.0,0.0,0.0,0.0,1.0,0.0
11,11,0.0,0.0,0.0,0.0,0.0,0.0,0.0,0.0,0.0,0.0,0.0,1.0,0.0
11,11,0.0,0.0,0.0,0.0,0.0,0.0,0.0,0.0,0.0,0.0,0.0,1.0,0.0
11,11,0.0,0.0,0.0,0.0,0.0,0.0,0.0,0.0,0.0,0.0,0.0,1.0,0.0
11,11,0.0,0.0,0.0,0.0,0.0,0.0,0.0,0.0,0.0,0.0,0.0,1.0,0.0
11,11,0.0,0.0,0.0,0.0,0.0,0.0,0.0,0.0,0.0,0.0,0.0,1.0,0.0
11,11,0.0,0.0,0.0,0.0,0.0,0.0,0.0,0.0,0.0,0.0,0.0,1.0,0.0
11,11,0.0,0.0,0.0,0.0,0.0,0.0,0.0,0.0,0.0,0.0,0.0,1.0,0.0
11,11,0.0,0.0,0.0,0.0,0.0,0.0,0.0,0.0,0.0,0.0,0.0,1.0,0.0
11,11,0.0,0.0,0.0,0.0,0.0,0.0,0.0,0.0,0.0,0.0,0.0,1.0,0.0
11,11,0.0,0.0,0.0,0.0,0.0,0.0,0.0,0.0,0.0,0.0,0.0,1.0,0.0
11,11,0.0,0.0,0.0,0.0,0.0,0.0,0.0,0.0,0.0,0.0,0.0,1.0,0.0
11,11,0.0,0.0,0.0,0.0,0.0,0.0,0.0,0.0,0.0,0.0,0.0,1.0,0.0
11,11,0.0,0.0,0.0,0.0,0.0,0.0,0.0,0.0,0.0,0.0,0.0,1.0,0.0
11,11,0.0,0.0,0.0,0.0,0.0,0.0,0.0,0.0,0.0,0.0,0.0,1.0,0.0
11,11,0.0,0.0,0.0,0.0,0.0,0.0,0.0,0.0,0.0,0.0,0.0,1.0,0.0
11,11,0.0,0.0,0.0,0.0,0.0,0.0,0.0,0.0,0.0,0.0,0.0,1.0,0.0
11,11,0.0,0.0,0.0,0.0,0.0,0.0,0.0,0.0,0.0,0.0,0.0,1.0,0.0
11,11,0.0,0.0,0.0,0.0,0.0,0.0,0.0,0.0,0.0,0.0,0.0,1.0,0.0
11,11,0.0,0.0,0.0,0.0,0.0,0.0,0.0,0.0,0.0,0.0,0.0,1.0,0.0
11,11,0.0,0.0,0.0,0.0,0.0,0.0,0.0,0.0,0.0,0.0,0.0,1.0,0.0
11,11,0.0,0.0,0.0,0.0,0.0,0.0,0.0,0.0,0.0,0.0,0.0,1.0,0.0
11,11,0.0,0.0,0.0,0.0,0.0,0.0,0.0,0.0,0.0,0.0,0.0,1.0,0.0
11,11,0.0,0.0,0.0,0.0,0.0,0.0,0.0,0.0,0.0,0.0,0.0,1.0,0.0
11,11,0.0,0.0,0.0,0.0,0.0,0.0,0.0,0.0,0.0,0.0,0.0,1.0,0.0
11,11,0.0,0.0,0.0,0.0,0.0,0.0,0.0,0.0,0.0,0.0,0.0,1.0,0.0
11,11,0.0,0.0,0.0,0.0,0.0,0.0,0.0,0.0,0.0,0.0,0.0,1.0,0.0
11,11,0.0,0.0,0.0,0.0,0.0,0.0,0.0,0.0,0.0,0.0,0.0,1.0,0.0
11,11,0.0,0.0,0.0,0.0,0.0,0.0,0.0,0.0,0.0,0.0,0.0,1.0,0.0
11,11,0.0,0.0,0.0,0.0,0.0,0.0,0.0,0.0,0.0,0.0,0.0,1.0,0.0
11,11,0.0,0.0,0.0,0.0,0.0,0.0,0.0,0.0,0.0,0.0,0.0,1.0,0.0
11,11,0.0,0.0,0.0,0.0,0.0,0.0,0.0,0.0,0.0,0.0,0.0,1.0,0.0
11,11,0.0,0.0,0.0,0.0,0.0,0.0,0.0,0.0,0.0,0.0,0.0,1.0,0.0
11,11,0.0,0.0,0.0,0.0,0.0,0.0,0.0,0.0,0.0,0.0,0.0,1.0,0.0
11,11,0.0,0.0,0.0,0.0,0.0,0.0,0.0,0.0,0.0,0.0,0.0,1.0,0.0
11,11,0.0,0.0,0.0,0.0,0.0,0.0,0.0,0.0,0.0,0.0,0.0,1.0,0.0
11,11,0.0,0.0,0.0,0.0,0.0,0.0,0.0,0.0,0.0,0.0,0.0,1.0,0.0
11,11,0.0,0.0,0.0,0.0,0.0,0.0,0.0,0.0,0.0,0.0,0.0,1.0,0.0
11,11,0.0,0.0,0.0,0.0,0.0,0.0,0.0,0.0,0.0,0.0,0.0,1.0,0.0
11,11,0.0,0.0,0.0,0.0,0.0,0.0,0.0,0.0,0.0,0.0,0.0,1.0,0.0
11,11,0.0,0.0,0.0,0.0,0.0,0.0,0.0,0.0,0.0,0.0,0.0,1.0,0.0
11,11,0.0,0.0,0.0,0.0,0.0,0.0,0.0,0.0,0.0,0.0,0.0,1.0,0.0
11,11,0.0,0.0,0.0,0.0,0.0,0.0,0.0,0.0,0.0,0.0,0.0,1.0,0.0
11,11,0.0,0.0,0.0,0.0,0.0,0.0,0.0,0.0,0.0,0.0,0.0,1.0,0.0
11,11,0.0,0.0,0.0,0.0,0.0,0.0,0.0,0.0,0.0,0.0,0.0,1.0,0.0
11,11,0.0,0.0,0.0,0.0,0.0,0.0,0.0,0.0,0.0,0.0,0.0,1.0,0.0
11,11,0.0,0.0,0.0,0.0,0.0,0.0,0.0,0.0,0.0,0.0,0.0,1.0,0.0
11,11,0.0,0.0,0.0,0.0,0.0,0.0,0.0,0.0,0.0,0.0,0.0,1.0,0.0
11,11,0.0,0.0,0.0,0.0,0.0,0.0,0.0,0.0,0.0,0.0,0.0,1.0,0.0
11,11,0.0,0.0,0.0,0.0,0.0,0.0,0.0,0.0,0.0,0.0,0.0,1.0,0.0
11,11,0.0,0.0,0.0,0.0,0.0,0.0,0.0,0.0,0.0,0.0,0.0,1.0,0.0
11,11,0.0,0.0,0.0,0.0,0.0,0.0,0.0,0.0,0.0,0.0,0.0,1.0,0.0
11,11,0.0,0.0,0.0,0.0,0.0,0.0,0.0,0.0,0.0,0.0,0.0,1.0,0.0
11,11,0.0,0.0,0.0,0.0,0.0,0.0,0.0,0.0,0.0,0.0,0.0,1.0,0.0
11,11,0.0,0.0,0.0,0.0,0.0,0.0,0.0,0.0,0.0,0.0,0.0,1.0,0.0
11,11,0.0,0.0,0.0,0.0,0.0,0.0,0.0,0.0,0.0,0.0,0.0,1.0,0.0
11,11,0.0,0.0,0.0,0.0,0.0,0.0,0.0,0.0,0.0,0.0,0.0,1.0,0.0
11,11,0.0,0.0,0.0,0.0,0.0,0.0,0.0,0.0,0.0,0.0,0.0,1.0,0.0
11,11,0.0,0.0,0.0,0.0,0.0,0.0,0.0,0.0,0.0,0.0,0.0,1.0,0.0
11,11,0.0,0.0,0.0,0.0,0.0,0.0,0.0,0.0,0.0,0.0,0.0,1.0,0.0
11,11,0.0,0.0,0.0,0.0,0.0,0.0,0.0,0.0,0.0,0.0,0.0,1.0,0.0
11,11,0.0,0.0,0.0,0.0,0.0,0.0,0.0,0.0,0.0,0.0,0.0,1.0,0.0
11,11,0.0,0.0,0.0,0.0,0.0,0.0,0.0,0.0,0.0,0.0,0.0,1.0,0.0
11,11,0.0,0.0,0.0,0.0,0.0,0.0,0.0,0.0,0.0,0.0,0.0,1.0,0.0
11,11,0.0,0.0,0.0,0.0,0.0,0.0,0.0,0.0,0.0,0.0,0.0,1.0,0.0
11,11,0.0,0.0,0.0,0.0,0.0,0.0,0.0,0.0,0.0,0.0,0.0,1.0,0.0
11,11,0.0,0.0,0.0,0.0,0.0,0.0,0.0,0.0,0.0,0.0,0.0,1.0,0.0
11,11,0.0,0.0,0.0,0.0,0.0,0.0,0.0,0.0,0.0,0.0,0.0,1.0,0.0
11,11,0.0,0.0,0.0,0.0,0.0,0.0,0.0,0.0,0.0,0.0,0.0,1.0,0.0
11,11,0.0,0.0,0.0,0.0,0.0,0.0,0.0,0.0,0.0,0.0,0.0,1.0,0.0
11,11,0.0,0.0,0.0,0.0,0.0,0.0,0.0,0.0,0.0,0.0,0.0,1.0,0.0
11,11,0.0,0.0,0.0,0.0,0.0,0.0,0.0,0.0,0.0,0.0,0.0,1.0,0.0
11,11,0.0,0.0,0.0,0.0,0.0,0.0,0.0,0.0,0.0,0.0,0.0,1.0,0.0
11,11,0.0,0.0,0.0,0.0,0.0,0.0,0.0,0.0,0.0,0.0,0.0,1.0,0.0
11,11,0.0,0.0,0.0,0.0,0.0,0.0,0.0,0.0,0.0,0.0,0.0,1.0,0.0
11,11,0.0,0.0,0.0,0.0,0.0,0.0,0.0,0.0,0.0,0.0,0.0,1.0,0.0
11,11,0.0,0.0,0.0,0.0,0.0,0.0,0.0,0.0,0.0,0.0,0.0,1.0,0.0
11,11,0.0,0.0,0.0,0.0,0.0,0.0,0.0,0.0,0.0,0.0,0.0,1.0,0.0
11,11,0.0,0.0,0.0,0.0,0.0,0.0,0.0,0.0,0.0,0.0,0.0,1.0,0.0
11,11,0.0,0.0,0.0,0.0,0.0,0.0,0.0,0.0,0.0,0.0,0.0,1.0,0.0
11,11,0.0,0.0,0.0,0.0,0.0,0.0,0.0,0.0,0.0,0.0,0.0,1.0,0.0
11,11,0.0,0.0,0.0,0.0,0.0,0.0,0.0,0.0,0.0,0.0,0.0,1.0,0.0
11,11,0.0,0.0,0.0,0.0,0.0,0.0,0.0,0.0,0.0,0.0,0.0,1.0,0.0
11,11,0.0,0.0,0.0,0.0,0.0,0.0,0.0,0.0,0.0,0.0,0.0,1.0,0.0
11,11,0.0,0.0,0.0,0.0,0.0,0.0,0.0,0.0,0.0,0.0,0.0,1.0,0.0
11,11,0.0,0.0,0.0,0.0,0.0,0.0,0.0,0.0,0.0,0.0,0.0,1.0,0.0
11,11,0.0,0.0,0.0,0.0,0.0,0.0,0.0,0.0,0.0,0.0,0.0,1.0,0.0
11,11,0.0,0.0,0.0,0.0,0.0,0.0,0.0,0.0,0.0,0.0,0.0,1.0,0.0
11,11,0.0,0.0,0.0,0.0,0.0,0.0,0.0,0.0,0.0,0.0,0.0,1.0,0.0
11,11,0.0,0.0,0.0,0.0,0.0,0.0,0.0,0.0,0.0,0.0,0.0,1.0,0.0
11,11,0.0,0.0,0.0,0.0,0.0,0.0,0.0,0.0,0.0,0.0,0.0,1.0,0.0
11,11,0.0,0.0,0.0,0.0,0.0,0.0,0.0,0.0,0.0,0.0,0.0,1.0,0.0
11,11,0.0,0.0,0.0,0.0,0.0,0.0,0.0,0.0,0.0,0.0,0.0,1.0,0.0
11,11,0.0,0.0,0.0,0.0,0.0,0.0,0.0,0.0,0.0,0.0,0.0,1.0,0.0
11,11,0.0,0.0,0.0,0.0,0.0,0.0,0.0,0.0,0.0,0.0,0.0,1.0,0.0
11,11,0.0,0.0,0.0,0.0,0.0,0.0,0.0,0.0,0.0,0.0,0.0,1.0,0.0
11,11,0.0,0.0,0.0,0.0,0.0,0.0,0.0,0.0,0.0,0.0,0.0,1.0,0.0
11,11,0.0,0.0,0.0,0.0,0.0,0.0,0.0,0.0,0.0,0.0,0.0,1.0,0.0
11,11,0.0,0.0,0.0,0.0,0.0,0.0,0.0,0.0,0.0,0.0,0.0,1.0,0.0
11,11,0.0,0.0,0.0,0.0,0.0,0.0,0.0,0.0,0.0,0.0,0.0,1.0,0.0
11,11,0.0,0.0,0.0,0.0,0.0,0.0,0.0,0.0,0.0,0.0,0.0,1.0,0.0
11,11,0.0,0.0,0.0,0.0,0.0,0.0,0.0,0.0,0.0,0.0,0.0,1.0,0.0
11,11,0.0,0.0,0.0,0.0,0.0,0.0,0.0,0.0,0.0,0.0,0.0,1.0,0.0
11,11,0.0,0.0,0.0,0.0,0.0,0.0,0.0,0.0,0.0,0.0,0.0,1.0,0.0
11,11,0.0,0.0,0.0,0.0,0.0,0.0,0.0,0.0,0.0,0.0,0.0,1.0,0.0
11,11,0.0,0.0,0.0,0.0,0.0,0.0,0.0,0.0,0.0,0.0,0.0,1.0,0.0
11,11,0.0,0.0,0.0,0.0,0.0,0.0,0.0,0.0,0.0,0.0,0.0,1.0,0.0
11,11,0.0,0.0,0.0,0.0,0.0,0.0,0.0,0.0,0.0,0.0,0.0,1.0,0.0
11,11,0.0,0.0,0.0,0.0,0.0,0.0,0.0,0.0,0.0,0.0,0.0,1.0,0.0
11,11,0.0,0.0,0.0,0.0,0.0,0.0,0.0,0.0,0.0,0.0,0.0,1.0,0.0
11,11,0.0,0.0,0.0,0.0,0.0,0.0,0.0,0.0,0.0,0.0,0.0,1.0,0.0
11,11,0.0,0.0,0.0,0.0,0.0,0.0,0.0,0.0,0.0,0.0,0.0,1.0,0.0
11,11,0.0,0.0,0.0,0.0,0.0,0.0,0.0,0.0,0.0,0.0,0.0,1.0,0.0
11,11,0.0,0.0,0.0,0.0,0.0,0.0,0.0,0.0,0.0,0.0,0.0,1.0,0.0
11,11,0.0,0.0,0.0,0.0,0.0,0.0,0.0,0.0,0.0,0.0,0.0,1.0,0.0
11,11,0.0,0.0,0.0,0.0,0.0,0.0,0.0,0.0,0.0,0.0,0.0,1.0,0.0
11,11,0.0,0.0,0.0,0.0,0.0,0.0,0.0,0.0,0.0,0.0,0.0,1.0,0.0
11,11,0.0,0.0,0.0,0.0,0.0,0.0,0.0,0.0,0.0,0.0,0.0,1.0,0.0
11,11,0.0,0.0,0.0,0.0,0.0,0.0,0.0,0.0,0.0,0.0,0.0,1.0,0.0
11,11,0.0,0.0,0.0,0.0,0.0,0.0,0.0,0.0,0.0,0.0,0.0,1.0,0.0
11,11,0.0,0.0,0.0,0.0,0.0,0.0,0.0,0.0,0.0,0.0,0.0,1.0,0.0
11,11,0.0,0.0,0.0,0.0,0.0,0.0,0.0,0.0,0.0,0.0,0.0,1.0,0.0
11,11,0.0,0.0,0.0,0.0,0.0,0.0,0.0,0.0,0.0,0.0,0.0,1.0,0.0
11,11,0.0,0.0,0.0,0.0,0.0,0.0,0.0,0.0,0.0,0.0,0.0,1.0,0.0
11,11,0.0,0.0,0.0,0.0,0.0,0.0,0.0,0.0,0.0,0.0,0.0,1.0,0.0
11,11,0.0,0.0,0.0,0.0,0.0,0.0,0.0,0.0,0.0,0.0,0.0,1.0,0.0
11,11,0.0,0.0,0.0,0.0,0.0,0.0,0.0,0.0,0.0,0.0,0.0,1.0,0.0
11,11,0.0,0.0,0.0,0.0,0.0,0.0,0.0,0.0,0.0,0.0,0.0,1.0,0.0
11,11,0.0,0.0,0.0,0.0,0.0,0.0,0.0,0.0,0.0,0.0,0.0,1.0,0.0
11,11,0.0,0.0,0.0,0.0,0.0,0.0,0.0,0.0,0.0,0.0,0.0,1.0,0.0
11,11,0.0,0.0,0.0,0.0,0.0,0.0,0.0,0.0,0.0,0.0,0.0,1.0,0.0
11,11,0.0,0.0,0.0,0.0,0.0,0.0,0.0,0.0,0.0,0.0,0.0,1.0,0.0
11,11,0.0,0.0,0.0,0.0,0.0,0.0,0.0,0.0,0.0,0.0,0.0,1.0,0.0
11,11,0.0,0.0,0.0,0.0,0.0,0.0,0.0,0.0,0.0,0.0,0.0,1.0,0.0
11,11,0.0,0.0,0.0,0.0,0.0,0.0,0.0,0.0,0.0,0.0,0.0,1.0,0.0
11,11,0.0,0.0,0.0,0.0,0.0,0.0,0.0,0.0,0.0,0.0,0.0,1.0,0.0
11,11,0.0,0.0,0.0,0.0,0.0,0.0,0.0,0.0,0.0,0.0,0.0,1.0,0.0
11,11,0.0,0.0,0.0,0.0,0.0,0.0,0.0,0.0,0.0,0.0,0.0,1.0,0.0
11,11,0.0,0.0,0.0,0.0,0.0,0.0,0.0,0.0,0.0,0.0,0.0,1.0,0.0
11,11,0.0,0.0,0.0,0.0,0.0,0.0,0.0,0.0,0.0,0.0,0.0,1.0,0.0
11,11,0.0,0.0,0.0,0.0,0.0,0.0,0.0,0.0,0.0,0.0,0.0,1.0,0.0
11,11,0.0,0.0,0.0,0.0,0.0,0.0,0.0,0.0,0.0,0.0,0.0,1.0,0.0
11,11,0.0,0.0,0.0,0.0,0.0,0.0,0.0,0.0,0.0,0.0,0.0,1.0,0.0
11,11,0.0,0.0,0.0,0.0,0.0,0.0,0.0,0.0,0.0,0.0,0.0,1.0,0.0
11,11,0.0,0.0,0.0,0.0,0.0,0.0,0.0,0.0,0.0,0.0,0.0,1.0,0.0
11,11,0.0,0.0,0.0,0.0,0.0,0.0,0.0,0.0,0.0,0.0,0.0,1.0,0.0
11,11,0.0,0.0,0.0,0.0,0.0,0.0,0.0,0.0,0.0,0.0,0.0,1.0,0.0
11,11,0.0,0.0,0.0,0.0,0.0,0.0,0.0,0.0,0.0,0.0,0.0,1.0,0.0
11,11,0.0,0.0,0.0,0.0,0.0,0.0,0.0,0.0,0.0,0.0,0.0,1.0,0.0
11,11,0.0,0.0,0.0,0.0,0.0,0.0,0.0,0.0,0.0,0.0,0.0,1.0,0.0
11,11,0.0,0.0,0.0,0.0,0.0,0.0,0.0,0.0,0.0,0.0,0.0,1.0,0.0
11,11,0.0,0.0,0.0,0.0,0.0,0.0,0.0,0.0,0.0,0.0,0.0,1.0,0.0
11,11,0.0,0.0,0.0,0.0,0.0,0.0,0.0,0.0,0.0,0.0,0.0,1.0,0.0
11,11,0.0,0.0,0.0,0.0,0.0,0.0,0.0,0.0,0.0,0.0,0.0,1.0,0.0
11,11,0.0,0.0,0.0,0.0,0.0,0.0,0.0,0.0,0.0,0.0,0.0,1.0,0.0
11,11,0.0,0.0,0.0,0.0,0.0,0.0,0.0,0.0,0.0,0.0,0.0,1.0,0.0
11,11,0.0,0.0,0.0,0.0,0.0,0.0,0.0,0.0,0.0,0.0,0.0,1.0,0.0
11,11,0.0,0.0,0.0,0.0,0.0,0.0,0.0,0.0,0.0,0.0,0.0,1.0,0.0
11,11,0.0,0.0,0.0,0.0,0.0,0.0,0.0,0.0,0.0,0.0,0.0,1.0,0.0
11,11,0.0,0.0,0.0,0.0,0.0,0.0,0.0,0.0,0.0,0.0,0.0,1.0,0.0
11,11,0.0,0.0,0.0,0.0,0.0,0.0,0.0,0.0,0.0,0.0,0.0,1.0,0.0
11,11,0.0,0.0,0.0,0.0,0.0,0.0,0.0,0.0,0.0,0.0,0.0,1.0,0.0
11,11,0.0,0.0,0.0,0.0,0.0,0.0,0.0,0.0,0.0,0.0,0.0,1.0,0.0
11,11,0.0,0.0,0.0,0.0,0.0,0.0,0.0,0.0,0.0,0.0,0.0,1.0,0.0
11,11,0.0,0.0,0.0,0.0,0.0,0.0,0.0,0.0,0.0,0.0,0.0,1.0,0.0
11,11,0.0,0.0,0.0,0.0,0.0,0.0,0.0,0.0,0.0,0.0,0.0,1.0,0.0
11,11,0.0,0.0,0.0,0.0,0.0,0.0,0.0,0.0,0.0,0.0,0.0,1.0,0.0
11,11,0.0,0.0,0.0,0.0,0.0,0.0,0.0,0.0,0.0,0.0,0.0,1.0,0.0
11,11,0.0,0.0,0.0,0.0,0.0,0.0,0.0,0.0,0.0,0.0,0.0,1.0,0.0
11,11,0.0,0.0,0.0,0.0,0.0,0.0,0.0,0.0,0.0,0.0,0.0,1.0,0.0
11,11,0.0,0.0,0.0,0.0,0.0,0.0,0.0,0.0,0.0,0.0,0.0,1.0,0.0
11,11,0.0,0.0,0.0,0.0,0.0,0.0,0.0,0.0,0.0,0.0,0.0,1.0,0.0
11,11,0.0,0.0,0.0,0.0,0.0,0.0,0.0,0.0,0.0,0.0,0.0,1.0,0.0
11,11,0.0,0.0,0.0,0.0,0.0,0.0,0.0,0.0,0.0,0.0,0.0,1.0,0.0
11,11,0.0,0.0,0.0,0.0,0.0,0.0,0.0,0.0,0.0,0.0,0.0,1.0,0.0
11,11,0.0,0.0,0.0,0.0,0.0,0.0,0.0,0.0,0.0,0.0,0.0,1.0,0.0
11,11,0.0,0.0,0.0,0.0,0.0,0.0,0.0,0.0,0.0,0.0,0.0,1.0,0.0
11,11,0.0,0.0,0.0,0.0,0.0,0.0,0.0,0.0,0.0,0.0,0.0,1.0,0.0
11,11,0.0,0.0,0.0,0.0,0.0,0.0,0.0,0.0,0.0,0.0,0.0,1.0,0.0
11,11,0.0,0.0,0.0,0.0,0.0,0.0,0.0,0.0,0.0,0.0,0.0,1.0,0.0
11,11,0.0,0.0,0.0,0.0,0.0,0.0,0.0,0.0,0.0,0.0,0.0,1.0,0.0
11,11,0.0,0.0,0.0,0.0,0.0,0.0,0.0,0.0,0.0,0.0,0.0,1.0,0.0
11,11,0.0,0.0,0.0,0.0,0.0,0.0,0.0,0.0,0.0,0.0,0.0,1.0,0.0
11,11,0.0,0.0,0.0,0.0,0.0,0.0,0.0,0.0,0.0,0.0,0.0,1.0,0.0
11,11,0.0,0.0,0.0,0.0,0.0,0.0,0.0,0.0,0.0,0.0,0.0,1.0,0.0
11,11,0.0,0.0,0.0,0.0,0.0,0.0,0.0,0.0,0.0,0.0,0.0,1.0,0.0
11,11,0.0,0.0,0.0,0.0,0.0,0.0,0.0,0.0,0.0,0.0,0.0,1.0,0.0
11,11,0.0,0.0,0.0,0.0,0.0,0.0,0.0,0.0,0.0,0.0,0.0,1.0,0.0
11,11,0.0,0.0,0.0,0.0,0.0,0.0,0.0,0.0,0.0,0.0,0.0,1.0,0.0
11,11,0.0,0.0,0.0,0.0,0.0,0.0,0.0,0.0,0.0,0.0,0.0,1.0,0.0
11,11,0.0,0.0,0.0,0.0,0.0,0.0,0.0,0.0,0.0,0.0,0.0,1.0,0.0
11,11,0.0,0.0,0.0,0.0,0.0,0.0,0.0,0.0,0.0,0.0,0.0,1.0,0.0
11,11,0.0,0.0,0.0,0.0,0.0,0.0,0.0,0.0,0.0,0.0,0.0,1.0,0.0
11,11,0.0,0.0,0.0,0.0,0.0,0.0,0.0,0.0,0.0,0.0,0.0,1.0,0.0
11,11,0.0,0.0,0.0,0.0,0.0,0.0,0.0,0.0,0.0,0.0,0.0,1.0,0.0
11,11,0.0,0.0,0.0,0.0,0.0,0.0,0.0,0.0,0.0,0.0,0.0,1.0,0.0
11,11,0.0,0.0,0.0,0.0,0.0,0.0,0.0,0.0,0.0,0.0,0.0,1.0,0.0
11,11,0.0,0.0,0.0,0.0,0.0,0.0,0.0,0.0,0.0,0.0,0.0,1.0,0.0
11,11,0.0,0.0,0.0,0.0,0.0,0.0,0.0,0.0,0.0,0.0,0.0,1.0,0.0
11,11,0.0,0.0,0.0,0.0,0.0,0.0,0.0,0.0,0.0,0.0,0.0,1.0,0.0
11,11,0.0,0.0,0.0,0.0,0.0,0.0,0.0,0.0,0.0,0.0,0.0,1.0,0.0
11,11,0.0,0.0,0.0,0.0,0.0,0.0,0.0,0.0,0.0,0.0,0.0,1.0,0.0
11,11,0.0,0.0,0.0,0.0,0.0,0.0,0.0,0.0,0.0,0.0,0.0,1.0,0.0
11,11,0.0,0.0,0.0,0.0,0.0,0.0,0.0,0.0,0.0,0.0,0.0,1.0,0.0
11,11,0.0,0.0,0.0,0.0,0.0,0.0,0.0,0.0,0.0,0.0,0.0,1.0,0.0
11,11,0.0,0.0,0.0,0.0,0.0,0.0,0.0,0.0,0.0,0.0,0.0,1.0,0.0
11,11,0.0,0.0,0.0,0.0,0.0,0.0,0.0,0.0,0.0,0.0,0.0,1.0,0.0
11,11,0.0,0.0,0.0,0.0,0.0,0.0,0.0,0.0,0.0,0.0,0.0,1.0,0.0
11,11,0.0,0.0,0.0,0.0,0.0,0.0,0.0,0.0,0.0,0.0,0.0,1.0,0.0
11,11,0.0,0.0,0.0,0.0,0.0,0.0,0.0,0.0,0.0,0.0,0.0,1.0,0.0
11,11,0.0,0.0,0.0,0.0,0.0,0.0,0.0,0.0,0.0,0.0,0.0,1.0,0.0
11,11,0.0,0.0,0.0,0.0,0.0,0.0,0.0,0.0,0.0,0.0,0.0,1.0,0.0
11,11,0.0,0.0,0.0,0.0,0.0,0.0,0.0,0.0,0.0,0.0,0.0,1.0,0.0
11,11,0.0,0.0,0.0,0.0,0.0,0.0,0.0,0.0,0.0,0.0,0.0,1.0,0.0
11,11,0.0,0.0,0.0,0.0,0.0,0.0,0.0,0.0,0.0,0.0,0.0,1.0,0.0
11,11,0.0,0.0,0.0,0.0,0.0,0.0,0.0,0.0,0.0,0.0,0.0,1.0,0.0
11,11,0.0,0.0,0.0,0.0,0.0,0.0,0.0,0.0,0.0,0.0,0.0,1.0,0.0
11,11,0.0,0.0,0.0,0.0,0.0,0.0,0.0,0.0,0.0,0.0,0.0,1.0,0.0
11,11,0.0,0.0,0.0,0.0,0.0,0.0,0.0,0.0,0.0,0.0,0.0,1.0,0.0
11,11,0.0,0.0,0.0,0.0,0.0,0.0,0.0,0.0,0.0,0.0,0.0,1.0,0.0
11,11,0.0,0.0,0.0,0.0,0.0,0.0,0.0,0.0,0.0,0.0,0.0,1.0,0.0
11,11,0.0,0.0,0.0,0.0,0.0,0.0,0.0,0.0,0.0,0.0,0.0,1.0,0.0
11,11,0.0,0.0,0.0,0.0,0.0,0.0,0.0,0.0,0.0,0.0,0.0,1.0,0.0
11,11,0.0,0.0,0.0,0.0,0.0,0.0,0.0,0.0,0.0,0.0,0.0,1.0,0.0
11,11,0.0,0.0,0.0,0.0,0.0,0.0,0.0,0.0,0.0,0.0,0.0,1.0,0.0
11,11,0.0,0.0,0.0,0.0,0.0,0.0,0.0,0.0,0.0,0.0,0.0,1.0,0.0
11,11,0.0,0.0,0.0,0.0,0.0,0.0,0.0,0.0,0.0,0.0,0.0,1.0,0.0
11,11,0.0,0.0,0.0,0.0,0.0,0.0,0.0,0.0,0.0,0.0,0.0,1.0,0.0
11,11,0.0,0.0,0.0,0.0,0.0,0.0,0.0,0.0,0.0,0.0,0.0,1.0,0.0
11,11,0.0,0.0,0.0,0.0,0.0,0.0,0.0,0.0,0.0,0.0,0.0,1.0,0.0
11,11,0.0,0.0,0.0,0.0,0.0,0.0,0.0,0.0,0.0,0.0,0.0,1.0,0.0
11,11,0.0,0.0,0.0,0.0,0.0,0.0,0.0,0.0,0.0,0.0,0.0,1.0,0.0
11,11,0.0,0.0,0.0,0.0,0.0,0.0,0.0,0.0,0.0,0.0,0.0,1.0,0.0
11,11,0.0,0.0,0.0,0.0,0.0,0.0,0.0,0.0,0.0,0.0,0.0,1.0,0.0
11,11,0.0,0.0,0.0,0.0,0.0,0.0,0.0,0.0,0.0,0.0,0.0,1.0,0.0
11,11,0.0,0.0,0.0,0.0,0.0,0.0,0.0,0.0,0.0,0.0,0.0,1.0,0.0
11,11,0.0,0.0,0.0,0.0,0.0,0.0,0.0,0.0,0.0,0.0,0.0,1.0,0.0
11,11,0.0,0.0,0.0,0.0,0.0,0.0,0.0,0.0,0.0,0.0,0.0,1.0,0.0
11,11,0.0,0.0,0.0,0.0,0.0,0.0,0.0,0.0,0.0,0.0,0.0,1.0,0.0
11,11,0.0,0.0,0.0,0.0,0.0,0.0,0.0,0.0,0.0,0.0,0.0,1.0,0.0
11,11,0.0,0.0,0.0,0.0,0.0,0.0,0.0,0.0,0.0,0.0,0.0,1.0,0.0
11,11,0.0,0.0,0.0,0.0,0.0,0.0,0.0,0.0,0.0,0.0,0.0,1.0,0.0
11,11,0.0,0.0,0.0,0.0,0.0,0.0,0.0,0.0,0.0,0.0,0.0,1.0,0.0
11,11,0.0,0.0,0.0,0.0,0.0,0.0,0.0,0.0,0.0,0.0,0.0,1.0,0.0
11,11,0.0,0.0,0.0,0.0,0.0,0.0,0.0,0.0,0.0,0.0,0.0,1.0,0.0
11,11,0.0,0.0,0.0,0.0,0.0,0.0,0.0,0.0,0.0,0.0,0.0,1.0,0.0
11,11,0.0,0.0,0.0,0.0,0.0,0.0,0.0,0.0,0.0,0.0,0.0,1.0,0.0
11,11,0.0,0.0,0.0,0.0,0.0,0.0,0.0,0.0,0.0,0.0,0.0,1.0,0.0
11,11,0.0,0.0,0.0,0.0,0.0,0.0,0.0,0.0,0.0,0.0,0.0,1.0,0.0
11,11,0.0,0.0,0.0,0.0,0.0,0.0,0.0,0.0,0.0,0.0,0.0,1.0,0.0
11,11,0.0,0.0,0.0,0.0,0.0,0.0,0.0,0.0,0.0,0.0,0.0,1.0,0.0
11,11,0.0,0.0,0.0,0.0,0.0,0.0,0.0,0.0,0.0,0.0,0.0,1.0,0.0
11,11,0.0,0.0,0.0,0.0,0.0,0.0,0.0,0.0,0.0,0.0,0.0,1.0,0.0
11,11,0.0,0.0,0.0,0.0,0.0,0.0,0.0,0.0,0.0,0.0,0.0,1.0,0.0
11,11,0.0,0.0,0.0,0.0,0.0,0.0,0.0,0.0,0.0,0.0,0.0,1.0,0.0
11,11,0.0,0.0,0.0,0.0,0.0,0.0,0.0,0.0,0.0,0.0,0.0,1.0,0.0
11,11,0.0,0.0,0.0,0.0,0.0,0.0,0.0,0.0,0.0,0.0,0.0,1.0,0.0
11,11,0.0,0.0,0.0,0.0,0.0,0.0,0.0,0.0,0.0,0.0,0.0,1.0,0.0
11,11,0.0,0.0,0.0,0.0,0.0,0.0,0.0,0.0,0.0,0.0,0.0,1.0,0.0
11,11,0.0,0.0,0.0,0.0,0.0,0.0,0.0,0.0,0.0,0.0,0.0,1.0,0.0
11,11,0.0,0.0,0.0,0.0,0.0,0.0,0.0,0.0,0.0,0.0,0.0,1.0,0.0
11,11,0.0,0.0,0.0,0.0,0.0,0.0,0.0,0.0,0.0,0.0,0.0,1.0,0.0
11,11,0.0,0.0,0.0,0.0,0.0,0.0,0.0,0.0,0.0,0.0,0.0,1.0,0.0
11,11,0.0,0.0,0.0,0.0,0.0,0.0,0.0,0.0,0.0,0.0,0.0,1.0,0.0
11,11,0.0,0.0,0.0,0.0,0.0,0.0,0.0,0.0,0.0,0.0,0.0,1.0,0.0
11,11,0.0,0.0,0.0,0.0,0.0,0.0,0.0,0.0,0.0,0.0,0.0,1.0,0.0
11,11,0.0,0.0,0.0,0.0,0.0,0.0,0.0,0.0,0.0,0.0,0.0,1.0,0.0
11,11,0.0,0.0,0.0,0.0,0.0,0.0,0.0,0.0,0.0,0.0,0.0,1.0,0.0
11,11,0.0,0.0,0.0,0.0,0.0,0.0,0.0,0.0,0.0,0.0,0.0,1.0,0.0
11,11,0.0,0.0,0.0,0.0,0.0,0.0,0.0,0.0,0.0,0.0,0.0,1.0,0.0
11,11,0.0,0.0,0.0,0.0,0.0,0.0,0.0,0.0,0.0,0.0,0.0,1.0,0.0
11,11,0.0,0.0,0.0,0.0,0.0,0.0,0.0,0.0,0.0,0.0,0.0,1.0,0.0
11,11,0.0,0.0,0.0,0.0,0.0,0.0,0.0,0.0,0.0,0.0,0.0,1.0,0.0
11,11,0.0,0.0,0.0,0.0,0.0,0.0,0.0,0.0,0.0,0.0,0.0,1.0,0.0
11,11,0.0,0.0,0.0,0.0,0.0,0.0,0.0,0.0,0.0,0.0,0.0,1.0,0.0
11,11,0.0,0.0,0.0,0.0,0.0,0.0,0.0,0.0,0.0,0.0,0.0,1.0,0.0
11,11,0.0,0.0,0.0,0.0,0.0,0.0,0.0,0.0,0.0,0.0,0.0,1.0,0.0
11,11,0.0,0.0,0.0,0.0,0.0,0.0,0.0,0.0,0.0,0.0,0.0,1.0,0.0
11,11,0.0,0.0,0.0,0.0,0.0,0.0,0.0,0.0,0.0,0.0,0.0,1.0,0.0
11,11,0.0,0.0,0.0,0.0,0.0,0.0,0.0,0.0,0.0,0.0,0.0,1.0,0.0
11,11,0.0,0.0,0.0,0.0,0.0,0.0,0.0,0.0,0.0,0.0,0.0,1.0,0.0
11,11,0.0,0.0,0.0,0.0,0.0,0.0,0.0,0.0,0.0,0.0,0.0,1.0,0.0
11,11,0.0,0.0,0.0,0.0,0.0,0.0,0.0,0.0,0.0,0.0,0.0,1.0,0.0
11,11,0.0,0.0,0.0,0.0,0.0,0.0,0.0,0.0,0.0,0.0,0.0,1.0,0.0
11,11,0.0,0.0,0.0,0.0,0.0,0.0,0.0,0.0,0.0,0.0,0.0,1.0,0.0
11,11,0.0,0.0,0.0,0.0,0.0,0.0,0.0,0.0,0.0,0.0,0.0,1.0,0.0
11,11,0.0,0.0,0.0,0.0,0.0,0.0,0.0,0.0,0.0,0.0,0.0,1.0,0.0
11,11,0.0,0.0,0.0,0.0,0.0,0.0,0.0,0.0,0.0,0.0,0.0,1.0,0.0
11,11,0.0,0.0,0.0,0.0,0.0,0.0,0.0,0.0,0.0,0.0,0.0,1.0,0.0
11,11,0.0,0.0,0.0,0.0,0.0,0.0,0.0,0.0,0.0,0.0,0.0,1.0,0.0
11,11,0.0,0.0,0.0,0.0,0.0,0.0,0.0,0.0,0.0,0.0,0.0,1.0,0.0
11,11,0.0,0.0,0.0,0.0,0.0,0.0,0.0,0.0,0.0,0.0,0.0,1.0,0.0
11,11,0.0,0.0,0.0,0.0,0.0,0.0,0.0,0.0,0.0,0.0,0.0,1.0,0.0
11,11,0.0,0.0,0.0,0.0,0.0,0.0,0.0,0.0,0.0,0.0,0.0,1.0,0.0
11,11,0.0,0.0,0.0,0.0,0.0,0.0,0.0,0.0,0.0,0.0,0.0,1.0,0.0
11,11,0.0,0.0,0.0,0.0,0.0,0.0,0.0,0.0,0.0,0.0,0.0,1.0,0.0
11,11,0.0,0.0,0.0,0.0,0.0,0.0,0.0,0.0,0.0,0.0,0.0,1.0,0.0
11,11,0.0,0.0,0.0,0.0,0.0,0.0,0.0,0.0,0.0,0.0,0.0,1.0,0.0
11,11,0.0,0.0,0.0,0.0,0.0,0.0,0.0,0.0,0.0,0.0,0.0,1.0,0.0
11,11,0.0,0.0,0.0,0.0,0.0,0.0,0.0,0.0,0.0,0.0,0.0,1.0,0.0
11,11,0.0,0.0,0.0,0.0,0.0,0.0,0.0,0.0,0.0,0.0,0.0,1.0,0.0
11,11,0.0,0.0,0.0,0.0,0.0,0.0,0.0,0.0,0.0,0.0,0.0,1.0,0.0
11,11,0.0,0.0,0.0,0.0,0.0,0.0,0.0,0.0,0.0,0.0,0.0,1.0,0.0
11,11,0.0,0.0,0.0,0.0,0.0,0.0,0.0,0.0,0.0,0.0,0.0,1.0,0.0
11,11,0.0,0.0,0.0,0.0,0.0,0.0,0.0,0.0,0.0,0.0,0.0,1.0,0.0
11,11,0.0,0.0,0.0,0.0,0.0,0.0,0.0,0.0,0.0,0.0,0.0,1.0,0.0
11,11,0.0,0.0,0.0,0.0,0.0,0.0,0.0,0.0,0.0,0.0,0.0,1.0,0.0
11,11,0.0,0.0,0.0,0.0,0.0,0.0,0.0,0.0,0.0,0.0,0.0,1.0,0.0
11,11,0.0,0.0,0.0,0.0,0.0,0.0,0.0,0.0,0.0,0.0,0.0,1.0,0.0
11,11,0.0,0.0,0.0,0.0,0.0,0.0,0.0,0.0,0.0,0.0,0.0,1.0,0.0
11,11,0.0,0.0,0.0,0.0,0.0,0.0,0.0,0.0,0.0,0.0,0.0,1.0,0.0
11,11,0.0,0.0,0.0,0.0,0.0,0.0,0.0,0.0,0.0,0.0,0.0,1.0,0.0
11,11,0.0,0.0,0.0,0.0,0.0,0.0,0.0,0.0,0.0,0.0,0.0,1.0,0.0
11,11,0.0,0.0,0.0,0.0,0.0,0.0,0.0,0.0,0.0,0.0,0.0,1.0,0.0
11,11,0.0,0.0,0.0,0.0,0.0,0.0,0.0,0.0,0.0,0.0,0.0,1.0,0.0
11,11,0.0,0.0,0.0,0.0,0.0,0.0,0.0,0.0,0.0,0.0,0.0,1.0,0.0
11,11,0.0,0.0,0.0,0.0,0.0,0.0,0.0,0.0,0.0,0.0,0.0,1.0,0.0
11,11,0.0,0.0,0.0,0.0,0.0,0.0,0.0,0.0,0.0,0.0,0.0,1.0,0.0
11,11,0.0,0.0,0.0,0.0,0.0,0.0,0.0,0.0,0.0,0.0,0.0,1.0,0.0
11,11,0.0,0.0,0.0,0.0,0.0,0.0,0.0,0.0,0.0,0.0,0.0,1.0,0.0
11,11,0.0,0.0,0.0,0.0,0.0,0.0,0.0,0.0,0.0,0.0,0.0,1.0,0.0
11,11,0.0,0.0,0.0,0.0,0.0,0.0,0.0,0.0,0.0,0.0,0.0,1.0,0.0
11,11,0.0,0.0,0.0,0.0,0.0,0.0,0.0,0.0,0.0,0.0,0.0,1.0,0.0
11,11,0.0,0.0,0.0,0.0,0.0,0.0,0.0,0.0,0.0,0.0,0.0,1.0,0.0
11,11,0.0,0.0,0.0,0.0,0.0,0.0,0.0,0.0,0.0,0.0,0.0,1.0,0.0
11,11,0.0,0.0,0.0,0.0,0.0,0.0,0.0,0.0,0.0,0.0,0.0,1.0,0.0
11,11,0.0,0.0,0.0,0.0,0.0,0.0,0.0,0.0,0.0,0.0,0.0,1.0,0.0
11,11,0.0,0.0,0.0,0.0,0.0,0.0,0.0,0.0,0.0,0.0,0.0,1.0,0.0
11,11,0.0,0.0,0.0,0.0,0.0,0.0,0.0,0.0,0.0,0.0,0.0,1.0,0.0
11,11,0.0,0.0,0.0,0.0,0.0,0.0,0.0,0.0,0.0,0.0,0.0,1.0,0.0
11,11,0.0,0.0,0.0,0.0,0.0,0.0,0.0,0.0,0.0,0.0,0.0,1.0,0.0
11,11,0.0,0.0,0.0,0.0,0.0,0.0,0.0,0.0,0.0,0.0,0.0,1.0,0.0
11,11,0.0,0.0,0.0,0.0,0.0,0.0,0.0,0.0,0.0,0.0,0.0,1.0,0.0
11,11,0.0,0.0,0.0,0.0,0.0,0.0,0.0,0.0,0.0,0.0,0.0,1.0,0.0
11,11,0.0,0.0,0.0,0.0,0.0,0.0,0.0,0.0,0.0,0.0,0.0,1.0,0.0
11,11,0.0,0.0,0.0,0.0,0.0,0.0,0.0,0.0,0.0,0.0,0.0,1.0,0.0
11,11,0.0,0.0,0.0,0.0,0.0,0.0,0.0,0.0,0.0,0.0,0.0,1.0,0.0
11,11,0.0,0.0,0.0,0.0,0.0,0.0,0.0,0.0,0.0,0.0,0.0,1.0,0.0
11,11,0.0,0.0,0.0,0.0,0.0,0.0,0.0,0.0,0.0,0.0,0.0,1.0,0.0
11,11,0.0,0.0,0.0,0.0,0.0,0.0,0.0,0.0,0.0,0.0,0.0,1.0,0.0
11,11,0.0,0.0,0.0,0.0,0.0,0.0,0.0,0.0,0.0,0.0,0.0,1.0,0.0
11,11,0.0,0.0,0.0,0.0,0.0,0.0,0.0,0.0,0.0,0.0,0.0,1.0,0.0
11,11,0.0,0.0,0.0,0.0,0.0,0.0,0.0,0.0,0.0,0.0,0.0,1.0,0.0
11,11,0.0,0.0,0.0,0.0,0.0,0.0,0.0,0.0,0.0,0.0,0.0,1.0,0.0
11,11,0.0,0.0,0.0,0.0,0.0,0.0,0.0,0.0,0.0,0.0,0.0,1.0,0.0
11,11,0.0,0.0,0.0,0.0,0.0,0.0,0.0,0.0,0.0,0.0,0.0,1.0,0.0
11,11,0.0,0.0,0.0,0.0,0.0,0.0,0.0,0.0,0.0,0.0,0.0,1.0,0.0
11,11,0.0,0.0,0.0,0.0,0.0,0.0,0.0,0.0,0.0,0.0,0.0,1.0,0.0
11,11,0.0,0.0,0.0,0.0,0.0,0.0,0.0,0.0,0.0,0.0,0.0,1.0,0.0
11,11,0.0,0.0,0.0,0.0,0.0,0.0,0.0,0.0,0.0,0.0,0.0,1.0,0.0
11,11,0.0,0.0,0.0,0.0,0.0,0.0,0.0,0.0,0.0,0.0,0.0,1.0,0.0
11,11,0.0,0.0,0.0,0.0,0.0,0.0,0.0,0.0,0.0,0.0,0.0,1.0,0.0
11,11,0.0,0.0,0.0,0.0,0.0,0.0,0.0,0.0,0.0,0.0,0.0,1.0,0.0
11,11,0.0,0.0,0.0,0.0,0.0,0.0,0.0,0.0,0.0,0.0,0.0,1.0,0.0
11,11,0.0,0.0,0.0,0.0,0.0,0.0,0.0,0.0,0.0,0.0,0.0,1.0,0.0
11,11,0.0,0.0,0.0,0.0,0.0,0.0,0.0,0.0,0.0,0.0,0.0,1.0,0.0
11,11,0.0,0.0,0.0,0.0,0.0,0.0,0.0,0.0,0.0,0.0,0.0,1.0,0.0
11,11,0.0,0.0,0.0,0.0,0.0,0.0,0.0,0.0,0.0,0.0,0.0,1.0,0.0
11,11,0.0,0.0,0.0,0.0,0.0,0.0,0.0,0.0,0.0,0.0,0.0,1.0,0.0
11,11,0.0,0.0,0.0,0.0,0.0,0.0,0.0,0.0,0.0,0.0,0.0,1.0,0.0
11,11,0.0,0.0,0.0,0.0,0.0,0.0,0.0,0.0,0.0,0.0,0.0,1.0,0.0
11,11,0.0,0.0,0.0,0.0,0.0,0.0,0.0,0.0,0.0,0.0,0.0,1.0,0.0
11,11,0.0,0.0,0.0,0.0,0.0,0.0,0.0,0.0,0.0,0.0,0.0,1.0,0.0
11,11,0.0,0.0,0.0,0.0,0.0,0.0,0.0,0.0,0.0,0.0,0.0,1.0,0.0
11,11,0.0,0.0,0.0,0.0,0.0,0.0,0.0,0.0,0.0,0.0,0.0,1.0,0.0
11,11,0.0,0.0,0.0,0.0,0.0,0.0,0.0,0.0,0.0,0.0,0.0,1.0,0.0
11,11,0.0,0.0,0.0,0.0,0.0,0.0,0.0,0.0,0.0,0.0,0.0,1.0,0.0
11,11,0.0,0.0,0.0,0.0,0.0,0.0,0.0,0.0,0.0,0.0,0.0,1.0,0.0
11,11,0.0,0.0,0.0,0.0,0.0,0.0,0.0,0.0,0.0,0.0,0.0,1.0,0.0
11,11,0.0,0.0,0.0,0.0,0.0,0.0,0.0,0.0,0.0,0.0,0.0,1.0,0.0
11,11,0.0,0.0,0.0,0.0,0.0,0.0,0.0,0.0,0.0,0.0,0.0,1.0,0.0
11,11,0.0,0.0,0.0,0.0,0.0,0.0,0.0,0.0,0.0,0.0,0.0,1.0,0.0
11,11,0.0,0.0,0.0,0.0,0.0,0.0,0.0,0.0,0.0,0.0,0.0,1.0,0.0
11,11,0.0,0.0,0.0,0.0,0.0,0.0,0.0,0.0,0.0,0.0,0.0,1.0,0.0
11,11,0.0,0.0,0.0,0.0,0.0,0.0,0.0,0.0,0.0,0.0,0.0,1.0,0.0
11,11,0.0,0.0,0.0,0.0,0.0,0.0,0.0,0.0,0.0,0.0,0.0,1.0,0.0
11,11,0.0,0.0,0.0,0.0,0.0,0.0,0.0,0.0,0.0,0.0,0.0,1.0,0.0
11,11,0.0,0.0,0.0,0.0,0.0,0.0,0.0,0.0,0.0,0.0,0.0,1.0,0.0
11,11,0.0,0.0,0.0,0.0,0.0,0.0,0.0,0.0,0.0,0.0,0.0,1.0,0.0
11,11,0.0,0.0,0.0,0.0,0.0,0.0,0.0,0.0,0.0,0.0,0.0,1.0,0.0
11,11,0.0,0.0,0.0,0.0,0.0,0.0,0.0,0.0,0.0,0.0,0.0,1.0,0.0
11,11,0.0,0.0,0.0,0.0,0.0,0.0,0.0,0.0,0.0,0.0,0.0,1.0,0.0
11,11,0.0,0.0,0.0,0.0,0.0,0.0,0.0,0.0,0.0,0.0,0.0,1.0,0.0
11,11,0.0,0.0,0.0,0.0,0.0,0.0,0.0,0.0,0.0,0.0,0.0,1.0,0.0
11,11,0.0,0.0,0.0,0.0,0.0,0.0,0.0,0.0,0.0,0.0,0.0,1.0,0.0
11,11,0.0,0.0,0.0,0.0,0.0,0.0,0.0,0.0,0.0,0.0,0.0,1.0,0.0
11,11,0.0,0.0,0.0,0.0,0.0,0.0,0.0,0.0,0.0,0.0,0.0,1.0,0.0
11,11,0.0,0.0,0.0,0.0,0.0,0.0,0.0,0.0,0.0,0.0,0.0,1.0,0.0
11,11,0.0,0.0,0.0,0.0,0.0,0.0,0.0,0.0,0.0,0.0,0.0,1.0,0.0
11,11,0.0,0.0,0.0,0.0,0.0,0.0,0.0,0.0,0.0,0.0,0.0,1.0,0.0
11,11,0.0,0.0,0.0,0.0,0.0,0.0,0.0,0.0,0.0,0.0,0.0,1.0,0.0
11,11,0.0,0.0,0.0,0.0,0.0,0.0,0.0,0.0,0.0,0.0,0.0,1.0,0.0
11,11,0.0,0.0,0.0,0.0,0.0,0.0,0.0,0.0,0.0,0.0,0.0,1.0,0.0
11,11,0.0,0.0,0.0,0.0,0.0,0.0,0.0,0.0,0.0,0.0,0.0,1.0,0.0
11,11,0.0,0.0,0.0,0.0,0.0,0.0,0.0,0.0,0.0,0.0,0.0,1.0,0.0
11,11,0.0,0.0,0.0,0.0,0.0,0.0,0.0,0.0,0.0,0.0,0.0,1.0,0.0
11,11,0.0,0.0,0.0,0.0,0.0,0.0,0.0,0.0,0.0,0.0,0.0,1.0,0.0
11,11,0.0,0.0,0.0,0.0,0.0,0.0,0.0,0.0,0.0,0.0,0.0,1.0,0.0
11,11,0.0,0.0,0.0,0.0,0.0,0.0,0.0,0.0,0.0,0.0,0.0,1.0,0.0
11,11,0.0,0.0,0.0,0.0,0.0,0.0,0.0,0.0,0.0,0.0,0.0,1.0,0.0
11,11,0.0,0.0,0.0,0.0,0.0,0.0,0.0,0.0,0.0,0.0,0.0,1.0,0.0
11,11,0.0,0.0,0.0,0.0,0.0,0.0,0.0,0.0,0.0,0.0,0.0,1.0,0.0
11,11,0.0,0.0,0.0,0.0,0.0,0.0,0.0,0.0,0.0,0.0,0.0,1.0,0.0
11,11,0.0,0.0,0.0,0.0,0.0,0.0,0.0,0.0,0.0,0.0,0.0,1.0,0.0
11,11,0.0,0.0,0.0,0.0,0.0,0.0,0.0,0.0,0.0,0.0,0.0,1.0,0.0
11,11,0.0,0.0,0.0,0.0,0.0,0.0,0.0,0.0,0.0,0.0,0.0,1.0,0.0
11,11,0.0,0.0,0.0,0.0,0.0,0.0,0.0,0.0,0.0,0.0,0.0,1.0,0.0
11,11,0.0,0.0,0.0,0.0,0.0,0.0,0.0,0.0,0.0,0.0,0.0,1.0,0.0
11,11,0.0,0.0,0.0,0.0,0.0,0.0,0.0,0.0,0.0,0.0,0.0,1.0,0.0
11,11,0.0,0.0,0.0,0.0,0.0,0.0,0.0,0.0,0.0,0.0,0.0,1.0,0.0
11,11,0.0,0.0,0.0,0.0,0.0,0.0,0.0,0.0,0.0,0.0,0.0,1.0,0.0
11,11,0.0,0.0,0.0,0.0,0.0,0.0,0.0,0.0,0.0,0.0,0.0,1.0,0.0
11,11,0.0,0.0,0.0,0.0,0.0,0.0,0.0,0.0,0.0,0.0,0.0,1.0,0.0
11,11,0.0,0.0,0.0,0.0,0.0,0.0,0.0,0.0,0.0,0.0,0.0,1.0,0.0
11,11,0.0,0.0,0.0,0.0,0.0,0.0,0.0,0.0,0.0,0.0,0.0,1.0,0.0
11,11,0.0,0.0,0.0,0.0,0.0,0.0,0.0,0.0,0.0,0.0,0.0,1.0,0.0
11,11,0.0,0.0,0.0,0.0,0.0,0.0,0.0,0.0,0.0,0.0,0.0,1.0,0.0
11,11,0.0,0.0,0.0,0.0,0.0,0.0,0.0,0.0,0.0,0.0,0.0,1.0,0.0
11,11,0.0,0.0,0.0,0.0,0.0,0.0,0.0,0.0,0.0,0.0,0.0,1.0,0.0
11,11,0.0,0.0,0.0,0.0,0.0,0.0,0.0,0.0,0.0,0.0,0.0,1.0,0.0
11,11,0.0,0.0,0.0,0.0,0.0,0.0,0.0,0.0,0.0,0.0,0.0,1.0,0.0
11,11,0.0,0.0,0.0,0.0,0.0,0.0,0.0,0.0,0.0,0.0,0.0,1.0,0.0
11,11,0.0,0.0,0.0,0.0,0.0,0.0,0.0,0.0,0.0,0.0,0.0,1.0,0.0
11,11,0.0,0.0,0.0,0.0,0.0,0.0,0.0,0.0,0.0,0.0,0.0,1.0,0.0
11,11,0.0,0.0,0.0,0.0,0.0,0.0,0.0,0.0,0.0,0.0,0.0,1.0,0.0
11,11,0.0,0.0,0.0,0.0,0.0,0.0,0.0,0.0,0.0,0.0,0.0,1.0,0.0
11,11,0.0,0.0,0.0,0.0,0.0,0.0,0.0,0.0,0.0,0.0,0.0,1.0,0.0
11,11,0.0,0.0,0.0,0.0,0.0,0.0,0.0,0.0,0.0,0.0,0.0,1.0,0.0
11,11,0.0,0.0,0.0,0.0,0.0,0.0,0.0,0.0,0.0,0.0,0.0,1.0,0.0
11,11,0.0,0.0,0.0,0.0,0.0,0.0,0.0,0.0,0.0,0.0,0.0,1.0,0.0
11,11,0.0,0.0,0.0,0.0,0.0,0.0,0.0,0.0,0.0,0.0,0.0,1.0,0.0
11,11,0.0,0.0,0.0,0.0,0.0,0.0,0.0,0.0,0.0,0.0,0.0,1.0,0.0
11,11,0.0,0.0,0.0,0.0,0.0,0.0,0.0,0.0,0.0,0.0,0.0,1.0,0.0
11,11,0.0,0.0,0.0,0.0,0.0,0.0,0.0,0.0,0.0,0.0,0.0,1.0,0.0
11,11,0.0,0.0,0.0,0.0,0.0,0.0,0.0,0.0,0.0,0.0,0.0,1.0,0.0
11,11,0.0,0.0,0.0,0.0,0.0,0.0,0.0,0.0,0.0,0.0,0.0,1.0,0.0
11,11,0.0,0.0,0.0,0.0,0.0,0.0,0.0,0.0,0.0,0.0,0.0,1.0,0.0
11,11,0.0,0.0,0.0,0.0,0.0,0.0,0.0,0.0,0.0,0.0,0.0,1.0,0.0
11,11,0.0,0.0,0.0,0.0,0.0,0.0,0.0,0.0,0.0,0.0,0.0,1.0,0.0
11,11,0.0,0.0,0.0,0.0,0.0,0.0,0.0,0.0,0.0,0.0,0.0,1.0,0.0
11,11,0.0,0.0,0.0,0.0,0.0,0.0,0.0,0.0,0.0,0.0,0.0,1.0,0.0
11,11,0.0,0.0,0.0,0.0,0.0,0.0,0.0,0.0,0.0,0.0,0.0,1.0,0.0
11,11,0.0,0.0,0.0,0.0,0.0,0.0,0.0,0.0,0.0,0.0,0.0,1.0,0.0
11,11,0.0,0.0,0.0,0.0,0.0,0.0,0.0,0.0,0.0,0.0,0.0,1.0,0.0
11,11,0.0,0.0,0.0,0.0,0.0,0.0,0.0,0.0,0.0,0.0,0.0,1.0,0.0
11,11,0.0,0.0,0.0,0.0,0.0,0.0,0.0,0.0,0.0,0.0,0.0,1.0,0.0
11,11,0.0,0.0,0.0,0.0,0.0,0.0,0.0,0.0,0.0,0.0,0.0,1.0,0.0
11,11,0.0,0.0,0.0,0.0,0.0,0.0,0.0,0.0,0.0,0.0,0.0,1.0,0.0
11,11,0.0,0.0,0.0,0.0,0.0,0.0,0.0,0.0,0.0,0.0,0.0,1.0,0.0
11,11,0.0,0.0,0.0,0.0,0.0,0.0,0.0,0.0,0.0,0.0,0.0,1.0,0.0
11,11,0.0,0.0,0.0,0.0,0.0,0.0,0.0,0.0,0.0,0.0,0.0,1.0,0.0
11,11,0.0,0.0,0.0,0.0,0.0,0.0,0.0,0.0,0.0,0.0,0.0,1.0,0.0
11,11,0.0,0.0,0.0,0.0,0.0,0.0,0.0,0.0,0.0,0.0,0.0,1.0,0.0
11,11,0.0,0.0,0.0,0.0,0.0,0.0,0.0,0.0,0.0,0.0,0.0,1.0,0.0
11,11,0.0,0.0,0.0,0.0,0.0,0.0,0.0,0.0,0.0,0.0,0.0,1.0,0.0
11,11,0.0,0.0,0.0,0.0,0.0,0.0,0.0,0.0,0.0,0.0,0.0,1.0,0.0
11,11,0.0,0.0,0.0,0.0,0.0,0.0,0.0,0.0,0.0,0.0,0.0,1.0,0.0
11,11,0.0,0.0,0.0,0.0,0.0,0.0,0.0,0.0,0.0,0.0,0.0,1.0,0.0
11,11,0.0,0.0,0.0,0.0,0.0,0.0,0.0,0.0,0.0,0.0,0.0,1.0,0.0
11,11,0.0,0.0,0.0,0.0,0.0,0.0,0.0,0.0,0.0,0.0,0.0,1.0,0.0
11,11,0.0,0.0,0.0,0.0,0.0,0.0,0.0,0.0,0.0,0.0,0.0,1.0,0.0
11,11,0.0,0.0,0.0,0.0,0.0,0.0,0.0,0.0,0.0,0.0,0.0,1.0,0.0
11,11,0.0,0.0,0.0,0.0,0.0,0.0,0.0,0.0,0.0,0.0,0.0,1.0,0.0
11,11,0.0,0.0,0.0,0.0,0.0,0.0,0.0,0.0,0.0,0.0,0.0,1.0,0.0
11,11,0.0,0.0,0.0,0.0,0.0,0.0,0.0,0.0,0.0,0.0,0.0,1.0,0.0
11,11,0.0,0.0,0.0,0.0,0.0,0.0,0.0,0.0,0.0,0.0,0.0,1.0,0.0
11,11,0.0,0.0,0.0,0.0,0.0,0.0,0.0,0.0,0.0,0.0,0.0,1.0,0.0
11,11,0.0,0.0,0.0,0.0,0.0,0.0,0.0,0.0,0.0,0.0,0.0,1.0,0.0
11,11,0.0,0.0,0.0,0.0,0.0,0.0,0.0,0.0,0.0,0.0,0.0,1.0,0.0
11,11,0.0,0.0,0.0,0.0,0.0,0.0,0.0,0.0,0.0,0.0,0.0,1.0,0.0
11,11,0.0,0.0,0.0,0.0,0.0,0.0,0.0,0.0,0.0,0.0,0.0,1.0,0.0
11,11,0.0,0.0,0.0,0.0,0.0,0.0,0.0,0.0,0.0,0.0,0.0,1.0,0.0
11,11,0.0,0.0,0.0,0.0,0.0,0.0,0.0,0.0,0.0,0.0,0.0,1.0,0.0
11,11,0.0,0.0,0.0,0.0,0.0,0.0,0.0,0.0,0.0,0.0,0.0,1.0,0.0
11,11,0.0,0.0,0.0,0.0,0.0,0.0,0.0,0.0,0.0,0.0,0.0,1.0,0.0
11,11,0.0,0.0,0.0,0.0,0.0,0.0,0.0,0.0,0.0,0.0,0.0,1.0,0.0
11,11,0.0,0.0,0.0,0.0,0.0,0.0,0.0,0.0,0.0,0.0,0.0,1.0,0.0
11,11,0.0,0.0,0.0,0.0,0.0,0.0,0.0,0.0,0.0,0.0,0.0,1.0,0.0
11,11,0.0,0.0,0.0,0.0,0.0,0.0,0.0,0.0,0.0,0.0,0.0,1.0,0.0
11,11,0.0,0.0,0.0,0.0,0.0,0.0,0.0,0.0,0.0,0.0,0.0,1.0,0.0
11,11,0.0,0.0,0.0,0.0,0.0,0.0,0.0,0.0,0.0,0.0,0.0,1.0,0.0
11,11,0.0,0.0,0.0,0.0,0.0,0.0,0.0,0.0,0.0,0.0,0.0,1.0,0.0
11,11,0.0,0.0,0.0,0.0,0.0,0.0,0.0,0.0,0.0,0.0,0.0,1.0,0.0
11,11,0.0,0.0,0.0,0.0,0.0,0.0,0.0,0.0,0.0,0.0,0.0,1.0,0.0
11,11,0.0,0.0,0.0,0.0,0.0,0.0,0.0,0.0,0.0,0.0,0.0,1.0,0.0
11,11,0.0,0.0,0.0,0.0,0.0,0.0,0.0,0.0,0.0,0.0,0.0,1.0,0.0
11,11,0.0,0.0,0.0,0.0,0.0,0.0,0.0,0.0,0.0,0.0,0.0,1.0,0.0
11,11,0.0,0.0,0.0,0.0,0.0,0.0,0.0,0.0,0.0,0.0,0.0,1.0,0.0
11,11,0.0,0.0,0.0,0.0,0.0,0.0,0.0,0.0,0.0,0.0,0.0,1.0,0.0
11,11,0.0,0.0,0.0,0.0,0.0,0.0,0.0,0.0,0.0,0.0,0.0,1.0,0.0
11,11,0.0,0.0,0.0,0.0,0.0,0.0,0.0,0.0,0.0,0.0,0.0,1.0,0.0
11,11,0.0,0.0,0.0,0.0,0.0,0.0,0.0,0.0,0.0,0.0,0.0,1.0,0.0
11,11,0.0,0.0,0.0,0.0,0.0,0.0,0.0,0.0,0.0,0.0,0.0,1.0,0.0
11,11,0.0,0.0,0.0,0.0,0.0,0.0,0.0,0.0,0.0,0.0,0.0,1.0,0.0
11,11,0.0,0.0,0.0,0.0,0.0,0.0,0.0,0.0,0.0,0.0,0.0,1.0,0.0
11,11,0.0,0.0,0.0,0.0,0.0,0.0,0.0,0.0,0.0,0.0,0.0,1.0,0.0
11,11,0.0,0.0,0.0,0.0,0.0,0.0,0.0,0.0,0.0,0.0,0.0,1.0,0.0
11,11,0.0,0.0,0.0,0.0,0.0,0.0,0.0,0.0,0.0,0.0,0.0,1.0,0.0
11,11,0.0,0.0,0.0,0.0,0.0,0.0,0.0,0.0,0.0,0.0,0.0,1.0,0.0
11,11,0.0,0.0,0.0,0.0,0.0,0.0,0.0,0.0,0.0,0.0,0.0,1.0,0.0
11,11,0.0,0.0,0.0,0.0,0.0,0.0,0.0,0.0,0.0,0.0,0.0,1.0,0.0
11,11,0.0,0.0,0.0,0.0,0.0,0.0,0.0,0.0,0.0,0.0,0.0,1.0,0.0
11,11,0.0,0.0,0.0,0.0,0.0,0.0,0.0,0.0,0.0,0.0,0.0,1.0,0.0
11,11,0.0,0.0,0.0,0.0,0.0,0.0,0.0,0.0,0.0,0.0,0.0,1.0,0.0
11,11,0.0,0.0,0.0,0.0,0.0,0.0,0.0,0.0,0.0,0.0,0.0,1.0,0.0
11,11,0.0,0.0,0.0,0.0,0.0,0.0,0.0,0.0,0.0,0.0,0.0,1.0,0.0
11,11,0.0,0.0,0.0,0.0,0.0,0.0,0.0,0.0,0.0,0.0,0.0,1.0,0.0
11,11,0.0,0.0,0.0,0.0,0.0,0.0,0.0,0.0,0.0,0.0,0.0,1.0,0.0
11,11,0.0,0.0,0.0,0.0,0.0,0.0,0.0,0.0,0.0,0.0,0.0,1.0,0.0
11,11,0.0,0.0,0.0,0.0,0.0,0.0,0.0,0.0,0.0,0.0,0.0,1.0,0.0
11,11,0.0,0.0,0.0,0.0,0.0,0.0,0.0,0.0,0.0,0.0,0.0,1.0,0.0
11,11,0.0,0.0,0.0,0.0,0.0,0.0,0.0,0.0,0.0,0.0,0.0,1.0,0.0
11,11,0.0,0.0,0.0,0.0,0.0,0.0,0.0,0.0,0.0,0.0,0.0,1.0,0.0
11,11,0.0,0.0,0.0,0.0,0.0,0.0,0.0,0.0,0.0,0.0,0.0,1.0,0.0
11,11,0.0,0.0,0.0,0.0,0.0,0.0,0.0,0.0,0.0,0.0,0.0,1.0,0.0
11,11,0.0,0.0,0.0,0.0,0.0,0.0,0.0,0.0,0.0,0.0,0.0,1.0,0.0
11,11,0.0,0.0,0.0,0.0,0.0,0.0,0.0,0.0,0.0,0.0,0.0,1.0,0.0
11,11,0.0,0.0,0.0,0.0,0.0,0.0,0.0,0.0,0.0,0.0,0.0,1.0,0.0
11,11,0.0,0.0,0.0,0.0,0.0,0.0,0.0,0.0,0.0,0.0,0.0,1.0,0.0
11,11,0.0,0.0,0.0,0.0,0.0,0.0,0.0,0.0,0.0,0.0,0.0,1.0,0.0
11,11,0.0,0.0,0.0,0.0,0.0,0.0,0.0,0.0,0.0,0.0,0.0,1.0,0.0
11,11,0.0,0.0,0.0,0.0,0.0,0.0,0.0,0.0,0.0,0.0,0.0,1.0,0.0
11,11,0.0,0.0,0.0,0.0,0.0,0.0,0.0,0.0,0.0,0.0,0.0,1.0,0.0
11,11,0.0,0.0,0.0,0.0,0.0,0.0,0.0,0.0,0.0,0.0,0.0,1.0,0.0
11,11,0.0,0.0,0.0,0.0,0.0,0.0,0.0,0.0,0.0,0.0,0.0,1.0,0.0
11,11,0.0,0.0,0.0,0.0,0.0,0.0,0.0,0.0,0.0,0.0,0.0,1.0,0.0
11,11,0.0,0.0,0.0,0.0,0.0,0.0,0.0,0.0,0.0,0.0,0.0,1.0,0.0
11,11,0.0,0.0,0.0,0.0,0.0,0.0,0.0,0.0,0.0,0.0,0.0,1.0,0.0
11,11,0.0,0.0,0.0,0.0,0.0,0.0,0.0,0.0,0.0,0.0,0.0,1.0,0.0
11,11,0.0,0.0,0.0,0.0,0.0,0.0,0.0,0.0,0.0,0.0,0.0,1.0,0.0
11,11,0.0,0.0,0.0,0.0,0.0,0.0,0.0,0.0,0.0,0.0,0.0,1.0,0.0
11,11,0.0,0.0,0.0,0.0,0.0,0.0,0.0,0.0,0.0,0.0,0.0,1.0,0.0
11,11,0.0,0.0,0.0,0.0,0.0,0.0,0.0,0.0,0.0,0.0,0.0,1.0,0.0
11,11,0.0,0.0,0.0,0.0,0.0,0.0,0.0,0.0,0.0,0.0,0.0,1.0,0.0
11,11,0.0,0.0,0.0,0.0,0.0,0.0,0.0,0.0,0.0,0.0,0.0,1.0,0.0
11,11,0.0,0.0,0.0,0.0,0.0,0.0,0.0,0.0,0.0,0.0,0.0,1.0,0.0
11,11,0.0,0.0,0.0,0.0,0.0,0.0,0.0,0.0,0.0,0.0,0.0,1.0,0.0
11,11,0.0,0.0,0.0,0.0,0.0,0.0,0.0,0.0,0.0,0.0,0.0,1.0,0.0
11,11,0.0,0.0,0.0,0.0,0.0,0.0,0.0,0.0,0.0,0.0,0.0,1.0,0.0
11,11,0.0,0.0,0.0,0.0,0.0,0.0,0.0,0.0,0.0,0.0,0.0,1.0,0.0
11,11,0.0,0.0,0.0,0.0,0.0,0.0,0.0,0.0,0.0,0.0,0.0,1.0,0.0
11,11,0.0,0.0,0.0,0.0,0.0,0.0,0.0,0.0,0.0,0.0,0.0,1.0,0.0
11,11,0.0,0.0,0.0,0.0,0.0,0.0,0.0,0.0,0.0,0.0,0.0,1.0,0.0
11,11,0.0,0.0,0.0,0.0,0.0,0.0,0.0,0.0,0.0,0.0,0.0,1.0,0.0
11,11,0.0,0.0,0.0,0.0,0.0,0.0,0.0,0.0,0.0,0.0,0.0,1.0,0.0
11,11,0.0,0.0,0.0,0.0,0.0,0.0,0.0,0.0,0.0,0.0,0.0,1.0,0.0
11,11,0.0,0.0,0.0,0.0,0.0,0.0,0.0,0.0,0.0,0.0,0.0,1.0,0.0
11,11,0.0,0.0,0.0,0.0,0.0,0.0,0.0,0.0,0.0,0.0,0.0,1.0,0.0
11,11,0.0,0.0,0.0,0.0,0.0,0.0,0.0,0.0,0.0,0.0,0.0,1.0,0.0
11,11,0.0,0.0,0.0,0.0,0.0,0.0,0.0,0.0,0.0,0.0,0.0,1.0,0.0
11,11,0.0,0.0,0.0,0.0,0.0,0.0,0.0,0.0,0.0,0.0,0.0,1.0,0.0
11,11,0.0,0.0,0.0,0.0,0.0,0.0,0.0,0.0,0.0,0.0,0.0,1.0,0.0
11,11,0.0,0.0,0.0,0.0,0.0,0.0,0.0,0.0,0.0,0.0,0.0,1.0,0.0
11,11,0.0,0.0,0.0,0.0,0.0,0.0,0.0,0.0,0.0,0.0,0.0,1.0,0.0
11,11,0.0,0.0,0.0,0.0,0.0,0.0,0.0,0.0,0.0,0.0,0.0,1.0,0.0
11,11,0.0,0.0,0.0,0.0,0.0,0.0,0.0,0.0,0.0,0.0,0.0,1.0,0.0
11,11,0.0,0.0,0.0,0.0,0.0,0.0,0.0,0.0,0.0,0.0,0.0,1.0,0.0
11,11,0.0,0.0,0.0,0.0,0.0,0.0,0.0,0.0,0.0,0.0,0.0,1.0,0.0
11,11,0.0,0.0,0.0,0.0,0.0,0.0,0.0,0.0,0.0,0.0,0.0,1.0,0.0
11,11,0.0,0.0,0.0,0.0,0.0,0.0,0.0,0.0,0.0,0.0,0.0,1.0,0.0
11,11,0.0,0.0,0.0,0.0,0.0,0.0,0.0,0.0,0.0,0.0,0.0,1.0,0.0
11,11,0.0,0.0,0.0,0.0,0.0,0.0,0.0,0.0,0.0,0.0,0.0,1.0,0.0
11,11,0.0,0.0,0.0,0.0,0.0,0.0,0.0,0.0,0.0,0.0,0.0,1.0,0.0
11,11,0.0,0.0,0.0,0.0,0.0,0.0,0.0,0.0,0.0,0.0,0.0,1.0,0.0
11,11,0.0,0.0,0.0,0.0,0.0,0.0,0.0,0.0,0.0,0.0,0.0,1.0,0.0
11,11,0.0,0.0,0.0,0.0,0.0,0.0,0.0,0.0,0.0,0.0,0.0,1.0,0.0
11,11,0.0,0.0,0.0,0.0,0.0,0.0,0.0,0.0,0.0,0.0,0.0,1.0,0.0
11,11,0.0,0.0,0.0,0.0,0.0,0.0,0.0,0.0,0.0,0.0,0.0,1.0,0.0
11,11,0.0,0.0,0.0,0.0,0.0,0.0,0.0,0.0,0.0,0.0,0.0,1.0,0.0
11,11,0.0,0.0,0.0,0.0,0.0,0.0,0.0,0.0,0.0,0.0,0.0,1.0,0.0
11,11,0.0,0.0,0.0,0.0,0.0,0.0,0.0,0.0,0.0,0.0,0.0,1.0,0.0
11,11,0.0,0.0,0.0,0.0,0.0,0.0,0.0,0.0,0.0,0.0,0.0,1.0,0.0
11,11,0.0,0.0,0.0,0.0,0.0,0.0,0.0,0.0,0.0,0.0,0.0,1.0,0.0
11,11,0.0,0.0,0.0,0.0,0.0,0.0,0.0,0.0,0.0,0.0,0.0,1.0,0.0
11,11,0.0,0.0,0.0,0.0,0.0,0.0,0.0,0.0,0.0,0.0,0.0,1.0,0.0
11,11,0.0,0.0,0.0,0.0,0.0,0.0,0.0,0.0,0.0,0.0,0.0,1.0,0.0
11,11,0.0,0.0,0.0,0.0,0.0,0.0,0.0,0.0,0.0,0.0,0.0,1.0,0.0
11,11,0.0,0.0,0.0,0.0,0.0,0.0,0.0,0.0,0.0,0.0,0.0,1.0,0.0
11,11,0.0,0.0,0.0,0.0,0.0,0.0,0.0,0.0,0.0,0.0,0.0,1.0,0.0
11,11,0.0,0.0,0.0,0.0,0.0,0.0,0.0,0.0,0.0,0.0,0.0,1.0,0.0
11,11,0.0,0.0,0.0,0.0,0.0,0.0,0.0,0.0,0.0,0.0,0.0,1.0,0.0
11,11,0.0,0.0,0.0,0.0,0.0,0.0,0.0,0.0,0.0,0.0,0.0,1.0,0.0
11,11,0.0,0.0,0.0,0.0,0.0,0.0,0.0,0.0,0.0,0.0,0.0,1.0,0.0
11,11,0.0,0.0,0.0,0.0,0.0,0.0,0.0,0.0,0.0,0.0,0.0,1.0,0.0
11,11,0.0,0.0,0.0,0.0,0.0,0.0,0.0,0.0,0.0,0.0,0.0,1.0,0.0
11,11,0.0,0.0,0.0,0.0,0.0,0.0,0.0,0.0,0.0,0.0,0.0,1.0,0.0
11,11,0.0,0.0,0.0,0.0,0.0,0.0,0.0,0.0,0.0,0.0,0.0,1.0,0.0
11,11,0.0,0.0,0.0,0.0,0.0,0.0,0.0,0.0,0.0,0.0,0.0,1.0,0.0
11,11,0.0,0.0,0.0,0.0,0.0,0.0,0.0,0.0,0.0,0.0,0.0,1.0,0.0
11,11,0.0,0.0,0.0,0.0,0.0,0.0,0.0,0.0,0.0,0.0,0.0,1.0,0.0
11,11,0.0,0.0,0.0,0.0,0.0,0.0,0.0,0.0,0.0,0.0,0.0,1.0,0.0
11,11,0.0,0.0,0.0,0.0,0.0,0.0,0.0,0.0,0.0,0.0,0.0,1.0,0.0
11,11,0.0,0.0,0.0,0.0,0.0,0.0,0.0,0.0,0.0,0.0,0.0,1.0,0.0
11,11,0.0,0.0,0.0,0.0,0.0,0.0,0.0,0.0,0.0,0.0,0.0,1.0,0.0
11,11,0.0,0.0,0.0,0.0,0.0,0.0,0.0,0.0,0.0,0.0,0.0,1.0,0.0
11,11,0.0,0.0,0.0,0.0,0.0,0.0,0.0,0.0,0.0,0.0,0.0,1.0,0.0
11,11,0.0,0.0,0.0,0.0,0.0,0.0,0.0,0.0,0.0,0.0,0.0,1.0,0.0
11,11,0.0,0.0,0.0,0.0,0.0,0.0,0.0,0.0,0.0,0.0,0.0,1.0,0.0
11,11,0.0,0.0,0.0,0.0,0.0,0.0,0.0,0.0,0.0,0.0,0.0,1.0,0.0
11,11,0.0,0.0,0.0,0.0,0.0,0.0,0.0,0.0,0.0,0.0,0.0,1.0,0.0
11,11,0.0,0.0,0.0,0.0,0.0,0.0,0.0,0.0,0.0,0.0,0.0,1.0,0.0
11,11,0.0,0.0,0.0,0.0,0.0,0.0,0.0,0.0,0.0,0.0,0.0,1.0,0.0
11,11,0.0,0.0,0.0,0.0,0.0,0.0,0.0,0.0,0.0,0.0,0.0,1.0,0.0
11,11,0.0,0.0,0.0,0.0,0.0,0.0,0.0,0.0,0.0,0.0,0.0,1.0,0.0
11,11,0.0,0.0,0.0,0.0,0.0,0.0,0.0,0.0,0.0,0.0,0.0,1.0,0.0
11,11,0.0,0.0,0.0,0.0,0.0,0.0,0.0,0.0,0.0,0.0,0.0,1.0,0.0
11,11,0.0,0.0,0.0,0.0,0.0,0.0,0.0,0.0,0.0,0.0,0.0,1.0,0.0
11,11,0.0,0.0,0.0,0.0,0.0,0.0,0.0,0.0,0.0,0.0,0.0,1.0,0.0
11,11,0.0,0.0,0.0,0.0,0.0,0.0,0.0,0.0,0.0,0.0,0.0,1.0,0.0
11,11,0.0,0.0,0.0,0.0,0.0,0.0,0.0,0.0,0.0,0.0,0.0,1.0,0.0
11,11,0.0,0.0,0.0,0.0,0.0,0.0,0.0,0.0,0.0,0.0,0.0,1.0,0.0
11,11,0.0,0.0,0.0,0.0,0.0,0.0,0.0,0.0,0.0,0.0,0.0,1.0,0.0
11,11,0.0,0.0,0.0,0.0,0.0,0.0,0.0,0.0,0.0,0.0,0.0,1.0,0.0
11,11,0.0,0.0,0.0,0.0,0.0,0.0,0.0,0.0,0.0,0.0,0.0,1.0,0.0
11,11,0.0,0.0,0.0,0.0,0.0,0.0,0.0,0.0,0.0,0.0,0.0,1.0,0.0
11,11,0.0,0.0,0.0,0.0,0.0,0.0,0.0,0.0,0.0,0.0,0.0,1.0,0.0
11,11,0.0,0.0,0.0,0.0,0.0,0.0,0.0,0.0,0.0,0.0,0.0,1.0,0.0
11,11,0.0,0.0,0.0,0.0,0.0,0.0,0.0,0.0,0.0,0.0,0.0,1.0,0.0
11,11,0.0,0.0,0.0,0.0,0.0,0.0,0.0,0.0,0.0,0.0,0.0,1.0,0.0
11,11,0.0,0.0,0.0,0.0,0.0,0.0,0.0,0.0,0.0,0.0,0.0,1.0,0.0
11,11,0.0,0.0,0.0,0.0,0.0,0.0,0.0,0.0,0.0,0.0,0.0,1.0,0.0
11,11,0.0,0.0,0.0,0.0,0.0,0.0,0.0,0.0,0.0,0.0,0.0,1.0,0.0
11,11,0.0,0.0,0.0,0.0,0.0,0.0,0.0,0.0,0.0,0.0,0.0,1.0,0.0
11,11,0.0,0.0,0.0,0.0,0.0,0.0,0.0,0.0,0.0,0.0,0.0,1.0,0.0
11,11,0.0,0.0,0.0,0.0,0.0,0.0,0.0,0.0,0.0,0.0,0.0,1.0,0.0
11,11,0.0,0.0,0.0,0.0,0.0,0.0,0.0,0.0,0.0,0.0,0.0,1.0,0.0
11,11,0.0,0.0,0.0,0.0,0.0,0.0,0.0,0.0,0.0,0.0,0.0,1.0,0.0
11,11,0.0,0.0,0.0,0.0,0.0,0.0,0.0,0.0,0.0,0.0,0.0,1.0,0.0
11,11,0.0,0.0,0.0,0.0,0.0,0.0,0.0,0.0,0.0,0.0,0.0,1.0,0.0
11,11,0.0,0.0,0.0,0.0,0.0,0.0,0.0,0.0,0.0,0.0,0.0,1.0,0.0
11,11,0.0,0.0,0.0,0.0,0.0,0.0,0.0,0.0,0.0,0.0,0.0,1.0,0.0
11,11,0.0,0.0,0.0,0.0,0.0,0.0,0.0,0.0,0.0,0.0,0.0,1.0,0.0
11,11,0.0,0.0,0.0,0.0,0.0,0.0,0.0,0.0,0.0,0.0,0.0,1.0,0.0
11,11,0.0,0.0,0.0,0.0,0.0,0.0,0.0,0.0,0.0,0.0,0.0,1.0,0.0
11,11,0.0,0.0,0.0,0.0,0.0,0.0,0.0,0.0,0.0,0.0,0.0,1.0,0.0
11,11,0.0,0.0,0.0,0.0,0.0,0.0,0.0,0.0,0.0,0.0,0.0,1.0,0.0
11,11,0.0,0.0,0.0,0.0,0.0,0.0,0.0,0.0,0.0,0.0,0.0,1.0,0.0
11,11,0.0,0.0,0.0,0.0,0.0,0.0,0.0,0.0,0.0,0.0,0.0,1.0,0.0
11,11,0.0,0.0,0.0,0.0,0.0,0.0,0.0,0.0,0.0,0.0,0.0,1.0,0.0
11,11,0.0,0.0,0.0,0.0,0.0,0.0,0.0,0.0,0.0,0.0,0.0,1.0,0.0
11,11,0.0,0.0,0.0,0.0,0.0,0.0,0.0,0.0,0.0,0.0,0.0,1.0,0.0
11,11,0.0,0.0,0.0,0.0,0.0,0.0,0.0,0.0,0.0,0.0,0.0,1.0,0.0
11,11,0.0,0.0,0.0,0.0,0.0,0.0,0.0,0.0,0.0,0.0,0.0,1.0,0.0
11,11,0.0,0.0,0.0,0.0,0.0,0.0,0.0,0.0,0.0,0.0,0.0,1.0,0.0
11,11,0.0,0.0,0.0,0.0,0.0,0.0,0.0,0.0,0.0,0.0,0.0,1.0,0.0
11,11,0.0,0.0,0.0,0.0,0.0,0.0,0.0,0.0,0.0,0.0,0.0,1.0,0.0
11,11,0.0,0.0,0.0,0.0,0.0,0.0,0.0,0.0,0.0,0.0,0.0,1.0,0.0
11,11,0.0,0.0,0.0,0.0,0.0,0.0,0.0,0.0,0.0,0.0,0.0,1.0,0.0
11,11,0.0,0.0,0.0,0.0,0.0,0.0,0.0,0.0,0.0,0.0,0.0,1.0,0.0
11,11,0.0,0.0,0.0,0.0,0.0,0.0,0.0,0.0,0.0,0.0,0.0,1.0,0.0
11,11,0.0,0.0,0.0,0.0,0.0,0.0,0.0,0.0,0.0,0.0,0.0,1.0,0.0
11,11,0.0,0.0,0.0,0.0,0.0,0.0,0.0,0.0,0.0,0.0,0.0,1.0,0.0
11,11,0.0,0.0,0.0,0.0,0.0,0.0,0.0,0.0,0.0,0.0,0.0,1.0,0.0
11,11,0.0,0.0,0.0,0.0,0.0,0.0,0.0,0.0,0.0,0.0,0.0,1.0,0.0
11,11,0.0,0.0,0.0,0.0,0.0,0.0,0.0,0.0,0.0,0.0,0.0,1.0,0.0
11,11,0.0,0.0,0.0,0.0,0.0,0.0,0.0,0.0,0.0,0.0,0.0,1.0,0.0
11,11,0.0,0.0,0.0,0.0,0.0,0.0,0.0,0.0,0.0,0.0,0.0,1.0,0.0
11,11,0.0,0.0,0.0,0.0,0.0,0.0,0.0,0.0,0.0,0.0,0.0,1.0,0.0
11,11,0.0,0.0,0.0,0.0,0.0,0.0,0.0,0.0,0.0,0.0,0.0,1.0,0.0
11,11,0.0,0.0,0.0,0.0,0.0,0.0,0.0,0.0,0.0,0.0,0.0,1.0,0.0
11,11,0.0,0.0,0.0,0.0,0.0,0.0,0.0,0.0,0.0,0.0,0.0,1.0,0.0
11,11,0.0,0.0,0.0,0.0,0.0,0.0,0.0,0.0,0.0,0.0,0.0,1.0,0.0
11,11,0.0,0.0,0.0,0.0,0.0,0.0,0.0,0.0,0.0,0.0,0.0,1.0,0.0
11,11,0.0,0.0,0.0,0.0,0.0,0.0,0.0,0.0,0.0,0.0,0.0,1.0,0.0
11,11,0.0,0.0,0.0,0.0,0.0,0.0,0.0,0.0,0.0,0.0,0.0,1.0,0.0
11,11,0.0,0.0,0.0,0.0,0.0,0.0,0.0,0.0,0.0,0.0,0.0,1.0,0.0
11,11,0.0,0.0,0.0,0.0,0.0,0.0,0.0,0.0,0.0,0.0,0.0,1.0,0.0
11,11,0.0,0.0,0.0,0.0,0.0,0.0,0.0,0.0,0.0,0.0,0.0,1.0,0.0
11,11,0.0,0.0,0.0,0.0,0.0,0.0,0.0,0.0,0.0,0.0,0.0,1.0,0.0
11,11,0.0,0.0,0.0,0.0,0.0,0.0,0.0,0.0,0.0,0.0,0.0,1.0,0.0
11,11,0.0,0.0,0.0,0.0,0.0,0.0,0.0,0.0,0.0,0.0,0.0,1.0,0.0
11,11,0.0,0.0,0.0,0.0,0.0,0.0,0.0,0.0,0.0,0.0,0.0,1.0,0.0
11,11,0.0,0.0,0.0,0.0,0.0,0.0,0.0,0.0,0.0,0.0,0.0,1.0,0.0
11,11,0.0,0.0,0.0,0.0,0.0,0.0,0.0,0.0,0.0,0.0,0.0,1.0,0.0
11,11,0.0,0.0,0.0,0.0,0.0,0.0,0.0,0.0,0.0,0.0,0.0,1.0,0.0
11,11,0.0,0.0,0.0,0.0,0.0,0.0,0.0,0.0,0.0,0.0,0.0,1.0,0.0
11,11,0.0,0.0,0.0,0.0,0.0,0.0,0.0,0.0,0.0,0.0,0.0,1.0,0.0
11,11,0.0,0.0,0.0,0.0,0.0,0.0,0.0,0.0,0.0,0.0,0.0,1.0,0.0
11,11,0.0,0.0,0.0,0.0,0.0,0.0,0.0,0.0,0.0,0.0,0.0,1.0,0.0
11,11,0.0,0.0,0.0,0.0,0.0,0.0,0.0,0.0,0.0,0.0,0.0,1.0,0.0
11,11,0.0,0.0,0.0,0.0,0.0,0.0,0.0,0.0,0.0,0.0,0.0,1.0,0.0
11,11,0.0,0.0,0.0,0.0,0.0,0.0,0.0,0.0,0.0,0.0,0.0,1.0,0.0
11,11,0.0,0.0,0.0,0.0,0.0,0.0,0.0,0.0,0.0,0.0,0.0,1.0,0.0
11,11,0.0,0.0,0.0,0.0,0.0,0.0,0.0,0.0,0.0,0.0,0.0,1.0,0.0
11,11,0.0,0.0,0.0,0.0,0.0,0.0,0.0,0.0,0.0,0.0,0.0,1.0,0.0
11,11,0.0,0.0,0.0,0.0,0.0,0.0,0.0,0.0,0.0,0.0,0.0,1.0,0.0
11,11,0.0,0.0,0.0,0.0,0.0,0.0,0.0,0.0,0.0,0.0,0.0,1.0,0.0
11,11,0.0,0.0,0.0,0.0,0.0,0.0,0.0,0.0,0.0,0.0,0.0,1.0,0.0
11,11,0.0,0.0,0.0,0.0,0.0,0.0,0.0,0.0,0.0,0.0,0.0,1.0,0.0
11,11,0.0,0.0,0.0,0.0,0.0,0.0,0.0,0.0,0.0,0.0,0.0,1.0,0.0
11,11,0.0,0.0,0.0,0.0,0.0,0.0,0.0,0.0,0.0,0.0,0.0,1.0,0.0
11,11,0.0,0.0,0.0,0.0,0.0,0.0,0.0,0.0,0.0,0.0,0.0,1.0,0.0
11,11,0.0,0.0,0.0,0.0,0.0,0.0,0.0,0.0,0.0,0.0,0.0,1.0,0.0
11,11,0.0,0.0,0.0,0.0,0.0,0.0,0.0,0.0,0.0,0.0,0.0,1.0,0.0
11,11,0.0,0.0,0.0,0.0,0.0,0.0,0.0,0.0,0.0,0.0,0.0,1.0,0.0
11,11,0.0,0.0,0.0,0.0,0.0,0.0,0.0,0.0,0.0,0.0,0.0,1.0,0.0
11,11,0.0,0.0,0.0,0.0,0.0,0.0,0.0,0.0,0.0,0.0,0.0,1.0,0.0
11,11,0.0,0.0,0.0,0.0,0.0,0.0,0.0,0.0,0.0,0.0,0.0,1.0,0.0
11,11,0.0,0.0,0.0,0.0,0.0,0.0,0.0,0.0,0.0,0.0,0.0,1.0,0.0
11,11,0.0,0.0,0.0,0.0,0.0,0.0,0.0,0.0,0.0,0.0,0.0,1.0,0.0
11,11,0.0,0.0,0.0,0.0,0.0,0.0,0.0,0.0,0.0,0.0,0.0,1.0,0.0
11,11,0.0,0.0,0.0,0.0,0.0,0.0,0.0,0.0,0.0,0.0,0.0,1.0,0.0
11,11,0.0,0.0,0.0,0.0,0.0,0.0,0.0,0.0,0.0,0.0,0.0,1.0,0.0
11,11,0.0,0.0,0.0,0.0,0.0,0.0,0.0,0.0,0.0,0.0,0.0,1.0,0.0
11,11,0.0,0.0,0.0,0.0,0.0,0.0,0.0,0.0,0.0,0.0,0.0,1.0,0.0
11,11,0.0,0.0,0.0,0.0,0.0,0.0,0.0,0.0,0.0,0.0,0.0,1.0,0.0
11,11,0.0,0.0,0.0,0.0,0.0,0.0,0.0,0.0,0.0,0.0,0.0,1.0,0.0
11,11,0.0,0.0,0.0,0.0,0.0,0.0,0.0,0.0,0.0,0.0,0.0,1.0,0.0
11,11,0.0,0.0,0.0,0.0,0.0,0.0,0.0,0.0,0.0,0.0,0.0,1.0,0.0
11,11,0.0,0.0,0.0,0.0,0.0,0.0,0.0,0.0,0.0,0.0,0.0,1.0,0.0
11,11,0.0,0.0,0.0,0.0,0.0,0.0,0.0,0.0,0.0,0.0,0.0,1.0,0.0
11,11,0.0,0.0,0.0,0.0,0.0,0.0,0.0,0.0,0.0,0.0,0.0,1.0,0.0
11,11,0.0,0.0,0.0,0.0,0.0,0.0,0.0,0.0,0.0,0.0,0.0,1.0,0.0
11,11,0.0,0.0,0.0,0.0,0.0,0.0,0.0,0.0,0.0,0.0,0.0,1.0,0.0
11,11,0.0,0.0,0.0,0.0,0.0,0.0,0.0,0.0,0.0,0.0,0.0,1.0,0.0
11,11,0.0,0.0,0.0,0.0,0.0,0.0,0.0,0.0,0.0,0.0,0.0,1.0,0.0
11,11,0.0,0.0,0.0,0.0,0.0,0.0,0.0,0.0,0.0,0.0,0.0,1.0,0.0
11,11,0.0,0.0,0.0,0.0,0.0,0.0,0.0,0.0,0.0,0.0,0.0,1.0,0.0
11,11,0.0,0.0,0.0,0.0,0.0,0.0,0.0,0.0,0.0,0.0,0.0,1.0,0.0
11,11,0.0,0.0,0.0,0.0,0.0,0.0,0.0,0.0,0.0,0.0,0.0,1.0,0.0
11,11,0.0,0.0,0.0,0.0,0.0,0.0,0.0,0.0,0.0,0.0,0.0,1.0,0.0
11,11,0.0,0.0,0.0,0.0,0.0,0.0,0.0,0.0,0.0,0.0,0.0,1.0,0.0
11,11,0.0,0.0,0.0,0.0,0.0,0.0,0.0,0.0,0.0,0.0,0.0,1.0,0.0
11,11,0.0,0.0,0.0,0.0,0.0,0.0,0.0,0.0,0.0,0.0,0.0,1.0,0.0
11,11,0.0,0.0,0.0,0.0,0.0,0.0,0.0,0.0,0.0,0.0,0.0,1.0,0.0
11,11,0.0,0.0,0.0,0.0,0.0,0.0,0.0,0.0,0.0,0.0,0.0,1.0,0.0
11,11,0.0,0.0,0.0,0.0,0.0,0.0,0.0,0.0,0.0,0.0,0.0,1.0,0.0
11,11,0.0,0.0,0.0,0.0,0.0,0.0,0.0,0.0,0.0,0.0,0.0,1.0,0.0
11,11,0.0,0.0,0.0,0.0,0.0,0.0,0.0,0.0,0.0,0.0,0.0,1.0,0.0
11,11,0.0,0.0,0.0,0.0,0.0,0.0,0.0,0.0,0.0,0.0,0.0,1.0,0.0
11,11,0.0,0.0,0.0,0.0,0.0,0.0,0.0,0.0,0.0,0.0,0.0,1.0,0.0
11,11,0.0,0.0,0.0,0.0,0.0,0.0,0.0,0.0,0.0,0.0,0.0,1.0,0.0
11,11,0.0,0.0,0.0,0.0,0.0,0.0,0.0,0.0,0.0,0.0,0.0,1.0,0.0
11,11,0.0,0.0,0.0,0.0,0.0,0.0,0.0,0.0,0.0,0.0,0.0,1.0,0.0
11,11,0.0,0.0,0.0,0.0,0.0,0.0,0.0,0.0,0.0,0.0,0.0,1.0,0.0
11,11,0.0,0.0,0.0,0.0,0.0,0.0,0.0,0.0,0.0,0.0,0.0,1.0,0.0
11,11,0.0,0.0,0.0,0.0,0.0,0.0,0.0,0.0,0.0,0.0,0.0,1.0,0.0
11,11,0.0,0.0,0.0,0.0,0.0,0.0,0.0,0.0,0.0,0.0,0.0,1.0,0.0
11,11,0.0,0.0,0.0,0.0,0.0,0.0,0.0,0.0,0.0,0.0,0.0,1.0,0.0
11,11,0.0,0.0,0.0,0.0,0.0,0.0,0.0,0.0,0.0,0.0,0.0,1.0,0.0
11,11,0.0,0.0,0.0,0.0,0.0,0.0,0.0,0.0,0.0,0.0,0.0,1.0,0.0
11,11,0.0,0.0,0.0,0.0,0.0,0.0,0.0,0.0,0.0,0.0,0.0,1.0,0.0
11,11,0.0,0.0,0.0,0.0,0.0,0.0,0.0,0.0,0.0,0.0,0.0,1.0,0.0
11,11,0.0,0.0,0.0,0.0,0.0,0.0,0.0,0.0,0.0,0.0,0.0,1.0,0.0
11,11,0.0,0.0,0.0,0.0,0.0,0.0,0.0,0.0,0.0,0.0,0.0,1.0,0.0
11,11,0.0,0.0,0.0,0.0,0.0,0.0,0.0,0.0,0.0,0.0,0.0,1.0,0.0
11,11,0.0,0.0,0.0,0.0,0.0,0.0,0.0,0.0,0.0,0.0,0.0,1.0,0.0
11,11,0.0,0.0,0.0,0.0,0.0,0.0,0.0,0.0,0.0,0.0,0.0,1.0,0.0
11,11,0.0,0.0,0.0,0.0,0.0,0.0,0.0,0.0,0.0,0.0,0.0,1.0,0.0
11,11,0.0,0.0,0.0,0.0,0.0,0.0,0.0,0.0,0.0,0.0,0.0,1.0,0.0
11,11,0.0,0.0,0.0,0.0,0.0,0.0,0.0,0.0,0.0,0.0,0.0,1.0,0.0
11,11,0.0,0.0,0.0,0.0,0.0,0.0,0.0,0.0,0.0,0.0,0.0,1.0,0.0
11,11,0.0,0.0,0.0,0.0,0.0,0.0,0.0,0.0,0.0,0.0,0.0,1.0,0.0
11,11,0.0,0.0,0.0,0.0,0.0,0.0,0.0,0.0,0.0,0.0,0.0,1.0,0.0
11,11,0.0,0.0,0.0,0.0,0.0,0.0,0.0,0.0,0.0,0.0,0.0,1.0,0.0
11,11,0.0,0.0,0.0,0.0,0.0,0.0,0.0,0.0,0.0,0.0,0.0,1.0,0.0
11,11,0.0,0.0,0.0,0.0,0.0,0.0,0.0,0.0,0.0,0.0,0.0,1.0,0.0
11,11,0.0,0.0,0.0,0.0,0.0,0.0,0.0,0.0,0.0,0.0,0.0,1.0,0.0
11,11,0.0,0.0,0.0,0.0,0.0,0.0,0.0,0.0,0.0,0.0,0.0,1.0,0.0
11,11,0.0,0.0,0.0,0.0,0.0,0.0,0.0,0.0,0.0,0.0,0.0,1.0,0.0
11,11,0.0,0.0,0.0,0.0,0.0,0.0,0.0,0.0,0.0,0.0,0.0,1.0,0.0
11,11,0.0,0.0,0.0,0.0,0.0,0.0,0.0,0.0,0.0,0.0,0.0,1.0,0.0
11,11,0.0,0.0,0.0,0.0,0.0,0.0,0.0,0.0,0.0,0.0,0.0,1.0,0.0
11,11,0.0,0.0,0.0,0.0,0.0,0.0,0.0,0.0,0.0,0.0,0.0,1.0,0.0
11,11,0.0,0.0,0.0,0.0,0.0,0.0,0.0,0.0,0.0,0.0,0.0,1.0,0.0
11,11,0.0,0.0,0.0,0.0,0.0,0.0,0.0,0.0,0.0,0.0,0.0,1.0,0.0
11,11,0.0,0.0,0.0,0.0,0.0,0.0,0.0,0.0,0.0,0.0,0.0,1.0,0.0
11,11,0.0,0.0,0.0,0.0,0.0,0.0,0.0,0.0,0.0,0.0,0.0,1.0,0.0
11,11,0.0,0.0,0.0,0.0,0.0,0.0,0.0,0.0,0.0,0.0,0.0,1.0,0.0
11,11,0.0,0.0,0.0,0.0,0.0,0.0,0.0,0.0,0.0,0.0,0.0,1.0,0.0
11,11,0.0,0.0,0.0,0.0,0.0,0.0,0.0,0.0,0.0,0.0,0.0,1.0,0.0
11,11,0.0,0.0,0.0,0.0,0.0,0.0,0.0,0.0,0.0,0.0,0.0,1.0,0.0
11,11,0.0,0.0,0.0,0.0,0.0,0.0,0.0,0.0,0.0,0.0,0.0,1.0,0.0
11,11,0.0,0.0,0.0,0.0,0.0,0.0,0.0,0.0,0.0,0.0,0.0,1.0,0.0
11,11,0.0,0.0,0.0,0.0,0.0,0.0,0.0,0.0,0.0,0.0,0.0,1.0,0.0
11,11,0.0,0.0,0.0,0.0,0.0,0.0,0.0,0.0,0.0,0.0,0.0,1.0,0.0
11,11,0.0,0.0,0.0,0.0,0.0,0.0,0.0,0.0,0.0,0.0,0.0,1.0,0.0
11,11,0.0,0.0,0.0,0.0,0.0,0.0,0.0,0.0,0.0,0.0,0.0,1.0,0.0
11,11,0.0,0.0,0.0,0.0,0.0,0.0,0.0,0.0,0.0,0.0,0.0,1.0,0.0
11,11,0.0,0.0,0.0,0.0,0.0,0.0,0.0,0.0,0.0,0.0,0.0,1.0,0.0
11,11,0.0,0.0,0.0,0.0,0.0,0.0,0.0,0.0,0.0,0.0,0.0,1.0,0.0
11,11,0.0,0.0,0.0,0.0,0.0,0.0,0.0,0.0,0.0,0.0,0.0,1.0,0.0
11,11,0.0,0.0,0.0,0.0,0.0,0.0,0.0,0.0,0.0,0.0,0.0,1.0,0.0
11,11,0.0,0.0,0.0,0.0,0.0,0.0,0.0,0.0,0.0,0.0,0.0,1.0,0.0
11,11,0.0,0.0,0.0,0.0,0.0,0.0,0.0,0.0,0.0,0.0,0.0,1.0,0.0
11,11,0.0,0.0,0.0,0.0,0.0,0.0,0.0,0.0,0.0,0.0,0.0,1.0,0.0
11,11,0.0,0.0,0.0,0.0,0.0,0.0,0.0,0.0,0.0,0.0,0.0,1.0,0.0
11,11,0.0,0.0,0.0,0.0,0.0,0.0,0.0,0.0,0.0,0.0,0.0,1.0,0.0
11,11,0.0,0.0,0.0,0.0,0.0,0.0,0.0,0.0,0.0,0.0,0.0,1.0,0.0
11,11,0.0,0.0,0.0,0.0,0.0,0.0,0.0,0.0,0.0,0.0,0.0,1.0,0.0
11,11,0.0,0.0,0.0,0.0,0.0,0.0,0.0,0.0,0.0,0.0,0.0,1.0,0.0
11,11,0.0,0.0,0.0,0.0,0.0,0.0,0.0,0.0,0.0,0.0,0.0,1.0,0.0
11,11,0.0,0.0,0.0,0.0,0.0,0.0,0.0,0.0,0.0,0.0,0.0,1.0,0.0
11,11,0.0,0.0,0.0,0.0,0.0,0.0,0.0,0.0,0.0,0.0,0.0,1.0,0.0
11,11,0.0,0.0,0.0,0.0,0.0,0.0,0.0,0.0,0.0,0.0,0.0,1.0,0.0
11,11,0.0,0.0,0.0,0.0,0.0,0.0,0.0,0.0,0.0,0.0,0.0,1.0,0.0
11,11,0.0,0.0,0.0,0.0,0.0,0.0,0.0,0.0,0.0,0.0,0.0,1.0,0.0
11,11,0.0,0.0,0.0,0.0,0.0,0.0,0.0,0.0,0.0,0.0,0.0,1.0,0.0
11,11,0.0,0.0,0.0,0.0,0.0,0.0,0.0,0.0,0.0,0.0,0.0,1.0,0.0
11,11,0.0,0.0,0.0,0.0,0.0,0.0,0.0,0.0,0.0,0.0,0.0,1.0,0.0
11,11,0.0,0.0,0.0,0.0,0.0,0.0,0.0,0.0,0.0,0.0,0.0,1.0,0.0
11,11,0.0,0.0,0.0,0.0,0.0,0.0,0.0,0.0,0.0,0.0,0.0,1.0,0.0
11,11,0.0,0.0,0.0,0.0,0.0,0.0,0.0,0.0,0.0,0.0,0.0,1.0,0.0
11,11,0.0,0.0,0.0,0.0,0.0,0.0,0.0,0.0,0.0,0.0,0.0,1.0,0.0
11,11,0.0,0.0,0.0,0.0,0.0,0.0,0.0,0.0,0.0,0.0,0.0,1.0,0.0
11,11,0.0,0.0,0.0,0.0,0.0,0.0,0.0,0.0,0.0,0.0,0.0,1.0,0.0
11,11,0.0,0.0,0.0,0.0,0.0,0.0,0.0,0.0,0.0,0.0,0.0,1.0,0.0
11,11,0.0,0.0,0.0,0.0,0.0,0.0,0.0,0.0,0.0,0.0,0.0,1.0,0.0
11,11,0.0,0.0,0.0,0.0,0.0,0.0,0.0,0.0,0.0,0.0,0.0,1.0,0.0
11,11,0.0,0.0,0.0,0.0,0.0,0.0,0.0,0.0,0.0,0.0,0.0,1.0,0.0
11,11,0.0,0.0,0.0,0.0,0.0,0.0,0.0,0.0,0.0,0.0,0.0,1.0,0.0
11,11,0.0,0.0,0.0,0.0,0.0,0.0,0.0,0.0,0.0,0.0,0.0,1.0,0.0
11,11,0.0,0.0,0.0,0.0,0.0,0.0,0.0,0.0,0.0,0.0,0.0,1.0,0.0
11,11,0.0,0.0,0.0,0.0,0.0,0.0,0.0,0.0,0.0,0.0,0.0,1.0,0.0
11,11,0.0,0.0,0.0,0.0,0.0,0.0,0.0,0.0,0.0,0.0,0.0,1.0,0.0
11,11,0.0,0.0,0.0,0.0,0.0,0.0,0.0,0.0,0.0,0.0,0.0,1.0,0.0
11,11,0.0,0.0,0.0,0.0,0.0,0.0,0.0,0.0,0.0,0.0,0.0,1.0,0.0
11,11,0.0,0.0,0.0,0.0,0.0,0.0,0.0,0.0,0.0,0.0,0.0,1.0,0.0
11,11,0.0,0.0,0.0,0.0,0.0,0.0,0.0,0.0,0.0,0.0,0.0,1.0,0.0
11,11,0.0,0.0,0.0,0.0,0.0,0.0,0.0,0.0,0.0,0.0,0.0,1.0,0.0
11,11,0.0,0.0,0.0,0.0,0.0,0.0,0.0,0.0,0.0,0.0,0.0,1.0,0.0
11,11,0.0,0.0,0.0,0.0,0.0,0.0,0.0,0.0,0.0,0.0,0.0,1.0,0.0
11,11,0.0,0.0,0.0,0.0,0.0,0.0,0.0,0.0,0.0,0.0,0.0,1.0,0.0
11,11,0.0,0.0,0.0,0.0,0.0,0.0,0.0,0.0,0.0,0.0,0.0,1.0,0.0
11,11,0.0,0.0,0.0,0.0,0.0,0.0,0.0,0.0,0.0,0.0,0.0,1.0,0.0
11,11,0.0,0.0,0.0,0.0,0.0,0.0,0.0,0.0,0.0,0.0,0.0,1.0,0.0
11,11,0.0,0.0,0.0,0.0,0.0,0.0,0.0,0.0,0.0,0.0,0.0,1.0,0.0
11,11,0.0,0.0,0.0,0.0,0.0,0.0,0.0,0.0,0.0,0.0,0.0,1.0,0.0
11,11,0.0,0.0,0.0,0.0,0.0,0.0,0.0,0.0,0.0,0.0,0.0,1.0,0.0
11,11,0.0,0.0,0.0,0.0,0.0,0.0,0.0,0.0,0.0,0.0,0.0,1.0,0.0
11,11,0.0,0.0,0.0,0.0,0.0,0.0,0.0,0.0,0.0,0.0,0.0,1.0,0.0
11,11,0.0,0.0,0.0,0.0,0.0,0.0,0.0,0.0,0.0,0.0,0.0,1.0,0.0
11,11,0.0,0.0,0.0,0.0,0.0,0.0,0.0,0.0,0.0,0.0,0.0,1.0,0.0
11,11,0.0,0.0,0.0,0.0,0.0,0.0,0.0,0.0,0.0,0.0,0.0,1.0,0.0
11,11,0.0,0.0,0.0,0.0,0.0,0.0,0.0,0.0,0.0,0.0,0.0,1.0,0.0
11,11,0.0,0.0,0.0,0.0,0.0,0.0,0.0,0.0,0.0,0.0,0.0,1.0,0.0
11,11,0.0,0.0,0.0,0.0,0.0,0.0,0.0,0.0,0.0,0.0,0.0,1.0,0.0
11,11,0.0,0.0,0.0,0.0,0.0,0.0,0.0,0.0,0.0,0.0,0.0,1.0,0.0
11,11,0.0,0.0,0.0,0.0,0.0,0.0,0.0,0.0,0.0,0.0,0.0,1.0,0.0
11,11,0.0,0.0,0.0,0.0,0.0,0.0,0.0,0.0,0.0,0.0,0.0,1.0,0.0
11,11,0.0,0.0,0.0,0.0,0.0,0.0,0.0,0.0,0.0,0.0,0.0,1.0,0.0
11,11,0.0,0.0,0.0,0.0,0.0,0.0,0.0,0.0,0.0,0.0,0.0,1.0,0.0
11,11,0.0,0.0,0.0,0.0,0.0,0.0,0.0,0.0,0.0,0.0,0.0,1.0,0.0
11,11,0.0,0.0,0.0,0.0,0.0,0.0,0.0,0.0,0.0,0.0,0.0,1.0,0.0
11,11,0.0,0.0,0.0,0.0,0.0,0.0,0.0,0.0,0.0,0.0,0.0,1.0,0.0
11,11,0.0,0.0,0.0,0.0,0.0,0.0,0.0,0.0,0.0,0.0,0.0,1.0,0.0
11,11,0.0,0.0,0.0,0.0,0.0,0.0,0.0,0.0,0.0,0.0,0.0,1.0,0.0
11,11,0.0,0.0,0.0,0.0,0.0,0.0,0.0,0.0,0.0,0.0,0.0,1.0,0.0
11,11,0.0,0.0,0.0,0.0,0.0,0.0,0.0,0.0,0.0,0.0,0.0,1.0,0.0
11,11,0.0,0.0,0.0,0.0,0.0,0.0,0.0,0.0,0.0,0.0,0.0,1.0,0.0
11,11,0.0,0.0,0.0,0.0,0.0,0.0,0.0,0.0,0.0,0.0,0.0,1.0,0.0
11,11,0.0,0.0,0.0,0.0,0.0,0.0,0.0,0.0,0.0,0.0,0.0,1.0,0.0
11,11,0.0,0.0,0.0,0.0,0.0,0.0,0.0,0.0,0.0,0.0,0.0,1.0,0.0
11,11,0.0,0.0,0.0,0.0,0.0,0.0,0.0,0.0,0.0,0.0,0.0,1.0,0.0
11,11,0.0,0.0,0.0,0.0,0.0,0.0,0.0,0.0,0.0,0.0,0.0,1.0,0.0
11,11,0.0,0.0,0.0,0.0,0.0,0.0,0.0,0.0,0.0,0.0,0.0,1.0,0.0
11,11,0.0,0.0,0.0,0.0,0.0,0.0,0.0,0.0,0.0,0.0,0.0,1.0,0.0
11,11,0.0,0.0,0.0,0.0,0.0,0.0,0.0,0.0,0.0,0.0,0.0,1.0,0.0
11,11,0.0,0.0,0.0,0.0,0.0,0.0,0.0,0.0,0.0,0.0,0.0,1.0,0.0
11,11,0.0,0.0,0.0,0.0,0.0,0.0,0.0,0.0,0.0,0.0,0.0,1.0,0.0
11,11,0.0,0.0,0.0,0.0,0.0,0.0,0.0,0.0,0.0,0.0,0.0,1.0,0.0
11,11,0.0,0.0,0.0,0.0,0.0,0.0,0.0,0.0,0.0,0.0,0.0,1.0,0.0
11,11,0.0,0.0,0.0,0.0,0.0,0.0,0.0,0.0,0.0,0.0,0.0,1.0,0.0
11,11,0.0,0.0,0.0,0.0,0.0,0.0,0.0,0.0,0.0,0.0,0.0,1.0,0.0
11,11,0.0,0.0,0.0,0.0,0.0,0.0,0.0,0.0,0.0,0.0,0.0,1.0,0.0
11,11,0.0,0.0,0.0,0.0,0.0,0.0,0.0,0.0,0.0,0.0,0.0,1.0,0.0
11,11,0.0,0.0,0.0,0.0,0.0,0.0,0.0,0.0,0.0,0.0,0.0,1.0,0.0
11,11,0.0,0.0,0.0,0.0,0.0,0.0,0.0,0.0,0.0,0.0,0.0,1.0,0.0
11,11,0.0,0.0,0.0,0.0,0.0,0.0,0.0,0.0,0.0,0.0,0.0,1.0,0.0
11,11,0.0,0.0,0.0,0.0,0.0,0.0,0.0,0.0,0.0,0.0,0.0,1.0,0.0
11,11,0.0,0.0,0.0,0.0,0.0,0.0,0.0,0.0,0.0,0.0,0.0,1.0,0.0
11,11,0.0,0.0,0.0,0.0,0.0,0.0,0.0,0.0,0.0,0.0,0.0,1.0,0.0
11,11,0.0,0.0,0.0,0.0,0.0,0.0,0.0,0.0,0.0,0.0,0.0,1.0,0.0
11,11,0.0,0.0,0.0,0.0,0.0,0.0,0.0,0.0,0.0,0.0,0.0,1.0,0.0
11,11,0.0,0.0,0.0,0.0,0.0,0.0,0.0,0.0,0.0,0.0,0.0,1.0,0.0
11,11,0.0,0.0,0.0,0.0,0.0,0.0,0.0,0.0,0.0,0.0,0.0,1.0,0.0
11,11,0.0,0.0,0.0,0.0,0.0,0.0,0.0,0.0,0.0,0.0,0.0,1.0,0.0
11,11,0.0,0.0,0.0,0.0,0.0,0.0,0.0,0.0,0.0,0.0,0.0,1.0,0.0
11,11,0.0,0.0,0.0,0.0,0.0,0.0,0.0,0.0,0.0,0.0,0.0,1.0,0.0
11,11,0.0,0.0,0.0,0.0,0.0,0.0,0.0,0.0,0.0,0.0,0.0,1.0,0.0
11,11,0.0,0.0,0.0,0.0,0.0,0.0,0.0,0.0,0.0,0.0,0.0,1.0,0.0
11,11,0.0,0.0,0.0,0.0,0.0,0.0,0.0,0.0,0.0,0.0,0.0,1.0,0.0
11,11,0.0,0.0,0.0,0.0,0.0,0.0,0.0,0.0,0.0,0.0,0.0,1.0,0.0
11,11,0.0,0.0,0.0,0.0,0.0,0.0,0.0,0.0,0.0,0.0,0.0,1.0,0.0
11,11,0.0,0.0,0.0,0.0,0.0,0.0,0.0,0.0,0.0,0.0,0.0,1.0,0.0
11,11,0.0,0.0,0.0,0.0,0.0,0.0,0.0,0.0,0.0,0.0,0.0,1.0,0.0
11,11,0.0,0.0,0.0,0.0,0.0,0.0,0.0,0.0,0.0,0.0,0.0,1.0,0.0
11,11,0.0,0.0,0.0,0.0,0.0,0.0,0.0,0.0,0.0,0.0,0.0,1.0,0.0
11,11,0.0,0.0,0.0,0.0,0.0,0.0,0.0,0.0,0.0,0.0,0.0,1.0,0.0
11,11,0.0,0.0,0.0,0.0,0.0,0.0,0.0,0.0,0.0,0.0,0.0,1.0,0.0
11,11,0.0,0.0,0.0,0.0,0.0,0.0,0.0,0.0,0.0,0.0,0.0,1.0,0.0
11,11,0.0,0.0,0.0,0.0,0.0,0.0,0.0,0.0,0.0,0.0,0.0,1.0,0.0
11,11,0.0,0.0,0.0,0.0,0.0,0.0,0.0,0.0,0.0,0.0,0.0,1.0,0.0
11,11,0.0,0.0,0.0,0.0,0.0,0.0,0.0,0.0,0.0,0.0,0.0,1.0,0.0
11,11,0.0,0.0,0.0,0.0,0.0,0.0,0.0,0.0,0.0,0.0,0.0,1.0,0.0
11,11,0.0,0.0,0.0,0.0,0.0,0.0,0.0,0.0,0.0,0.0,0.0,1.0,0.0
11,11,0.0,0.0,0.0,0.0,0.0,0.0,0.0,0.0,0.0,0.0,0.0,1.0,0.0
11,11,0.0,0.0,0.0,0.0,0.0,0.0,0.0,0.0,0.0,0.0,0.0,1.0,0.0
11,11,0.0,0.0,0.0,0.0,0.0,0.0,0.0,0.0,0.0,0.0,0.0,1.0,0.0
11,11,0.0,0.0,0.0,0.0,0.0,0.0,0.0,0.0,0.0,0.0,0.0,1.0,0.0
11,11,0.0,0.0,0.0,0.0,0.0,0.0,0.0,0.0,0.0,0.0,0.0,1.0,0.0
11,11,0.0,0.0,0.0,0.0,0.0,0.0,0.0,0.0,0.0,0.0,0.0,1.0,0.0
11,11,0.0,0.0,0.0,0.0,0.0,0.0,0.0,0.0,0.0,0.0,0.0,1.0,0.0
11,11,0.0,0.0,0.0,0.0,0.0,0.0,0.0,0.0,0.0,0.0,0.0,1.0,0.0
11,11,0.0,0.0,0.0,0.0,0.0,0.0,0.0,0.0,0.0,0.0,0.0,1.0,0.0
11,11,0.0,0.0,0.0,0.0,0.0,0.0,0.0,0.0,0.0,0.0,0.0,1.0,0.0
11,11,0.0,0.0,0.0,0.0,0.0,0.0,0.0,0.0,0.0,0.0,0.0,1.0,0.0
11,11,0.0,0.0,0.0,0.0,0.0,0.0,0.0,0.0,0.0,0.0,0.0,1.0,0.0
11,11,0.0,0.0,0.0,0.0,0.0,0.0,0.0,0.0,0.0,0.0,0.0,1.0,0.0
11,11,0.0,0.0,0.0,0.0,0.0,0.0,0.0,0.0,0.0,0.0,0.0,1.0,0.0
11,11,0.0,0.0,0.0,0.0,0.0,0.0,0.0,0.0,0.0,0.0,0.0,1.0,0.0
11,11,0.0,0.0,0.0,0.0,0.0,0.0,0.0,0.0,0.0,0.0,0.0,1.0,0.0
11,11,0.0,0.0,0.0,0.0,0.0,0.0,0.0,0.0,0.0,0.0,0.0,1.0,0.0
11,11,0.0,0.0,0.0,0.0,0.0,0.0,0.0,0.0,0.0,0.0,0.0,1.0,0.0
11,11,0.0,0.0,0.0,0.0,0.0,0.0,0.0,0.0,0.0,0.0,0.0,1.0,0.0
11,11,0.0,0.0,0.0,0.0,0.0,0.0,0.0,0.0,0.0,0.0,0.0,1.0,0.0
11,11,0.0,0.0,0.0,0.0,0.0,0.0,0.0,0.0,0.0,0.0,0.0,1.0,0.0
11,11,0.0,0.0,0.0,0.0,0.0,0.0,0.0,0.0,0.0,0.0,0.0,1.0,0.0
11,11,0.0,0.0,0.0,0.0,0.0,0.0,0.0,0.0,0.0,0.0,0.0,1.0,0.0
11,11,0.0,0.0,0.0,0.0,0.0,0.0,0.0,0.0,0.0,0.0,0.0,1.0,0.0
11,11,0.0,0.0,0.0,0.0,0.0,0.0,0.0,0.0,0.0,0.0,0.0,1.0,0.0
11,11,0.0,0.0,0.0,0.0,0.0,0.0,0.0,0.0,0.0,0.0,0.0,1.0,0.0
11,11,0.0,0.0,0.0,0.0,0.0,0.0,0.0,0.0,0.0,0.0,0.0,1.0,0.0
11,11,0.0,0.0,0.0,0.0,0.0,0.0,0.0,0.0,0.0,0.0,0.0,1.0,0.0
11,11,0.0,0.0,0.0,0.0,0.0,0.0,0.0,0.0,0.0,0.0,0.0,1.0,0.0
11,11,0.0,0.0,0.0,0.0,0.0,0.0,0.0,0.0,0.0,0.0,0.0,1.0,0.0
11,11,0.0,0.0,0.0,0.0,0.0,0.0,0.0,0.0,0.0,0.0,0.0,1.0,0.0
11,11,0.0,0.0,0.0,0.0,0.0,0.0,0.0,0.0,0.0,0.0,0.0,1.0,0.0
11,11,0.0,0.0,0.0,0.0,0.0,0.0,0.0,0.0,0.0,0.0,0.0,1.0,0.0
11,11,0.0,0.0,0.0,0.0,0.0,0.0,0.0,0.0,0.0,0.0,0.0,1.0,0.0
11,11,0.0,0.0,0.0,0.0,0.0,0.0,0.0,0.0,0.0,0.0,0.0,1.0,0.0
11,11,0.0,0.0,0.0,0.0,0.0,0.0,0.0,0.0,0.0,0.0,0.0,1.0,0.0
11,11,0.0,0.0,0.0,0.0,0.0,0.0,0.0,0.0,0.0,0.0,0.0,1.0,0.0
11,11,0.0,0.0,0.0,0.0,0.0,0.0,0.0,0.0,0.0,0.0,0.0,1.0,0.0
11,11,0.0,0.0,0.0,0.0,0.0,0.0,0.0,0.0,0.0,0.0,0.0,1.0,0.0
11,11,0.0,0.0,0.0,0.0,0.0,0.0,0.0,0.0,0.0,0.0,0.0,1.0,0.0
11,11,0.0,0.0,0.0,0.0,0.0,0.0,0.0,0.0,0.0,0.0,0.0,1.0,0.0
11,11,0.0,0.0,0.0,0.0,0.0,0.0,0.0,0.0,0.0,0.0,0.0,1.0,0.0
11,11,0.0,0.0,0.0,0.0,0.0,0.0,0.0,0.0,0.0,0.0,0.0,1.0,0.0
11,11,0.0,0.0,0.0,0.0,0.0,0.0,0.0,0.0,0.0,0.0,0.0,1.0,0.0
11,11,0.0,0.0,0.0,0.0,0.0,0.0,0.0,0.0,0.0,0.0,0.0,1.0,0.0
11,11,0.0,0.0,0.0,0.0,0.0,0.0,0.0,0.0,0.0,0.0,0.0,1.0,0.0
11,11,0.0,0.0,0.0,0.0,0.0,0.0,0.0,0.0,0.0,0.0,0.0,1.0,0.0
11,11,0.0,0.0,0.0,0.0,0.0,0.0,0.0,0.0,0.0,0.0,0.0,1.0,0.0
11,11,0.0,0.0,0.0,0.0,0.0,0.0,0.0,0.0,0.0,0.0,0.0,1.0,0.0
11,11,0.0,0.0,0.0,0.0,0.0,0.0,0.0,0.0,0.0,0.0,0.0,1.0,0.0
11,11,0.0,0.0,0.0,0.0,0.0,0.0,0.0,0.0,0.0,0.0,0.0,1.0,0.0
11,11,0.0,0.0,0.0,0.0,0.0,0.0,0.0,0.0,0.0,0.0,0.0,1.0,0.0
11,11,0.0,0.0,0.0,0.0,0.0,0.0,0.0,0.0,0.0,0.0,0.0,1.0,0.0
11,11,0.0,0.0,0.0,0.0,0.0,0.0,0.0,0.0,0.0,0.0,0.0,1.0,0.0
11,11,0.0,0.0,0.0,0.0,0.0,0.0,0.0,0.0,0.0,0.0,0.0,1.0,0.0
11,11,0.0,0.0,0.0,0.0,0.0,0.0,0.0,0.0,0.0,0.0,0.0,1.0,0.0
11,11,0.0,0.0,0.0,0.0,0.0,0.0,0.0,0.0,0.0,0.0,0.0,1.0,0.0
11,11,0.0,0.0,0.0,0.0,0.0,0.0,0.0,0.0,0.0,0.0,0.0,1.0,0.0
11,11,0.0,0.0,0.0,0.0,0.0,0.0,0.0,0.0,0.0,0.0,0.0,1.0,0.0
11,11,0.0,0.0,0.0,0.0,0.0,0.0,0.0,0.0,0.0,0.0,0.0,1.0,0.0
11,11,0.0,0.0,0.0,0.0,0.0,0.0,0.0,0.0,0.0,0.0,0.0,1.0,0.0
11,11,0.0,0.0,0.0,0.0,0.0,0.0,0.0,0.0,0.0,0.0,0.0,1.0,0.0
11,11,0.0,0.0,0.0,0.0,0.0,0.0,0.0,0.0,0.0,0.0,0.0,1.0,0.0
11,11,0.0,0.0,0.0,0.0,0.0,0.0,0.0,0.0,0.0,0.0,0.0,1.0,0.0
11,11,0.0,0.0,0.0,0.0,0.0,0.0,0.0,0.0,0.0,0.0,0.0,1.0,0.0
11,11,0.0,0.0,0.0,0.0,0.0,0.0,0.0,0.0,0.0,0.0,0.0,1.0,0.0
11,11,0.0,0.0,0.0,0.0,0.0,0.0,0.0,0.0,0.0,0.0,0.0,1.0,0.0
11,11,0.0,0.0,0.0,0.0,0.0,0.0,0.0,0.0,0.0,0.0,0.0,1.0,0.0
11,11,0.0,0.0,0.0,0.0,0.0,0.0,0.0,0.0,0.0,0.0,0.0,1.0,0.0
11,11,0.0,0.0,0.0,0.0,0.0,0.0,0.0,0.0,0.0,0.0,0.0,1.0,0.0
11,11,0.0,0.0,0.0,0.0,0.0,0.0,0.0,0.0,0.0,0.0,0.0,1.0,0.0
11,11,0.0,0.0,0.0,0.0,0.0,0.0,0.0,0.0,0.0,0.0,0.0,1.0,0.0
11,11,0.0,0.0,0.0,0.0,0.0,0.0,0.0,0.0,0.0,0.0,0.0,1.0,0.0
11,11,0.0,0.0,0.0,0.0,0.0,0.0,0.0,0.0,0.0,0.0,0.0,1.0,0.0
11,11,0.0,0.0,0.0,0.0,0.0,0.0,0.0,0.0,0.0,0.0,0.0,1.0,0.0
11,11,0.0,0.0,0.0,0.0,0.0,0.0,0.0,0.0,0.0,0.0,0.0,1.0,0.0
11,11,0.0,0.0,0.0,0.0,0.0,0.0,0.0,0.0,0.0,0.0,0.0,1.0,0.0
11,11,0.0,0.0,0.0,0.0,0.0,0.0,0.0,0.0,0.0,0.0,0.0,1.0,0.0
11,11,0.0,0.0,0.0,0.0,0.0,0.0,0.0,0.0,0.0,0.0,0.0,1.0,0.0
11,11,0.0,0.0,0.0,0.0,0.0,0.0,0.0,0.0,0.0,0.0,0.0,1.0,0.0
11,11,0.0,0.0,0.0,0.0,0.0,0.0,0.0,0.0,0.0,0.0,0.0,1.0,0.0
11,11,0.0,0.0,0.0,0.0,0.0,0.0,0.0,0.0,0.0,0.0,0.0,1.0,0.0
11,11,0.0,0.0,0.0,0.0,0.0,0.0,0.0,0.0,0.0,0.0,0.0,1.0,0.0
11,11,0.0,0.0,0.0,0.0,0.0,0.0,0.0,0.0,0.0,0.0,0.0,1.0,0.0
11,11,0.0,0.0,0.0,0.0,0.0,0.0,0.0,0.0,0.0,0.0,0.0,1.0,0.0
11,11,0.0,0.0,0.0,0.0,0.0,0.0,0.0,0.0,0.0,0.0,0.0,1.0,0.0
11,11,0.0,0.0,0.0,0.0,0.0,0.0,0.0,0.0,0.0,0.0,0.0,1.0,0.0
11,11,0.0,0.0,0.0,0.0,0.0,0.0,0.0,0.0,0.0,0.0,0.0,1.0,0.0
11,11,0.0,0.0,0.0,0.0,0.0,0.0,0.0,0.0,0.0,0.0,0.0,1.0,0.0
11,11,0.0,0.0,0.0,0.0,0.0,0.0,0.0,0.0,0.0,0.0,0.0,1.0,0.0
11,11,0.0,0.0,0.0,0.0,0.0,0.0,0.0,0.0,0.0,0.0,0.0,1.0,0.0
11,11,0.0,0.0,0.0,0.0,0.0,0.0,0.0,0.0,0.0,0.0,0.0,1.0,0.0
11,11,0.0,0.0,0.0,0.0,0.0,0.0,0.0,0.0,0.0,0.0,0.0,1.0,0.0
11,11,0.0,0.0,0.0,0.0,0.0,0.0,0.0,0.0,0.0,0.0,0.0,1.0,0.0
11,11,0.0,0.0,0.0,0.0,0.0,0.0,0.0,0.0,0.0,0.0,0.0,1.0,0.0
11,11,0.0,0.0,0.0,0.0,0.0,0.0,0.0,0.0,0.0,0.0,0.0,1.0,0.0
11,11,0.0,0.0,0.0,0.0,0.0,0.0,0.0,0.0,0.0,0.0,0.0,1.0,0.0
11,11,0.0,0.0,0.0,0.0,0.0,0.0,0.0,0.0,0.0,0.0,0.0,1.0,0.0
11,11,0.0,0.0,0.0,0.0,0.0,0.0,0.0,0.0,0.0,0.0,0.0,1.0,0.0
11,11,0.0,0.0,0.0,0.0,0.0,0.0,0.0,0.0,0.0,0.0,0.0,1.0,0.0
11,11,0.0,0.0,0.0,0.0,0.0,0.0,0.0,0.0,0.0,0.0,0.0,1.0,0.0
11,11,0.0,0.0,0.0,0.0,0.0,0.0,0.0,0.0,0.0,0.0,0.0,1.0,0.0
11,11,0.0,0.0,0.0,0.0,0.0,0.0,0.0,0.0,0.0,0.0,0.0,1.0,0.0
11,11,0.0,0.0,0.0,0.0,0.0,0.0,0.0,0.0,0.0,0.0,0.0,1.0,0.0
11,11,0.0,0.0,0.0,0.0,0.0,0.0,0.0,0.0,0.0,0.0,0.0,1.0,0.0
11,11,0.0,0.0,0.0,0.0,0.0,0.0,0.0,0.0,0.0,0.0,0.0,1.0,0.0
11,11,0.0,0.0,0.0,0.0,0.0,0.0,0.0,0.0,0.0,0.0,0.0,1.0,0.0
11,11,0.0,0.0,0.0,0.0,0.0,0.0,0.0,0.0,0.0,0.0,0.0,1.0,0.0
11,11,0.0,0.0,0.0,0.0,0.0,0.0,0.0,0.0,0.0,0.0,0.0,1.0,0.0
11,11,0.0,0.0,0.0,0.0,0.0,0.0,0.0,0.0,0.0,0.0,0.0,1.0,0.0
11,11,0.0,0.0,0.0,0.0,0.0,0.0,0.0,0.0,0.0,0.0,0.0,1.0,0.0
11,11,0.0,0.0,0.0,0.0,0.0,0.0,0.0,0.0,0.0,0.0,0.0,1.0,0.0
11,11,0.0,0.0,0.0,0.0,0.0,0.0,0.0,0.0,0.0,0.0,0.0,1.0,0.0
11,11,0.0,0.0,0.0,0.0,0.0,0.0,0.0,0.0,0.0,0.0,0.0,1.0,0.0
11,11,0.0,0.0,0.0,0.0,0.0,0.0,0.0,0.0,0.0,0.0,0.0,1.0,0.0
11,11,0.0,0.0,0.0,0.0,0.0,0.0,0.0,0.0,0.0,0.0,0.0,1.0,0.0
11,11,0.0,0.0,0.0,0.0,0.0,0.0,0.0,0.0,0.0,0.0,0.0,1.0,0.0
11,11,0.0,0.0,0.0,0.0,0.0,0.0,0.0,0.0,0.0,0.0,0.0,1.0,0.0
11,11,0.0,0.0,0.0,0.0,0.0,0.0,0.0,0.0,0.0,0.0,0.0,1.0,0.0
11,11,0.0,0.0,0.0,0.0,0.0,0.0,0.0,0.0,0.0,0.0,0.0,1.0,0.0
11,11,0.0,0.0,0.0,0.0,0.0,0.0,0.0,0.0,0.0,0.0,0.0,1.0,0.0
11,11,0.0,0.0,0.0,0.0,0.0,0.0,0.0,0.0,0.0,0.0,0.0,1.0,0.0
11,11,0.0,0.0,0.0,0.0,0.0,0.0,0.0,0.0,0.0,0.0,0.0,1.0,0.0
11,11,0.0,0.0,0.0,0.0,0.0,0.0,0.0,0.0,0.0,0.0,0.0,1.0,0.0
11,11,0.0,0.0,0.0,0.0,0.0,0.0,0.0,0.0,0.0,0.0,0.0,1.0,0.0
11,11,0.0,0.0,0.0,0.0,0.0,0.0,0.0,0.0,0.0,0.0,0.0,1.0,0.0
11,11,0.0,0.0,0.0,0.0,0.0,0.0,0.0,0.0,0.0,0.0,0.0,1.0,0.0
11,11,0.0,0.0,0.0,0.0,0.0,0.0,0.0,0.0,0.0,0.0,0.0,1.0,0.0
11,11,0.0,0.0,0.0,0.0,0.0,0.0,0.0,0.0,0.0,0.0,0.0,1.0,0.0
11,11,0.0,0.0,0.0,0.0,0.0,0.0,0.0,0.0,0.0,0.0,0.0,1.0,0.0
11,11,0.0,0.0,0.0,0.0,0.0,0.0,0.0,0.0,0.0,0.0,0.0,1.0,0.0
11,11,0.0,0.0,0.0,0.0,0.0,0.0,0.0,0.0,0.0,0.0,0.0,1.0,0.0
11,11,0.0,0.0,0.0,0.0,0.0,0.0,0.0,0.0,0.0,0.0,0.0,1.0,0.0
11,11,0.0,0.0,0.0,0.0,0.0,0.0,0.0,0.0,0.0,0.0,0.0,1.0,0.0
11,11,0.0,0.0,0.0,0.0,0.0,0.0,0.0,0.0,0.0,0.0,0.0,1.0,0.0
11,11,0.0,0.0,0.0,0.0,0.0,0.0,0.0,0.0,0.0,0.0,0.0,1.0,0.0
11,11,0.0,0.0,0.0,0.0,0.0,0.0,0.0,0.0,0.0,0.0,0.0,1.0,0.0
11,11,0.0,0.0,0.0,0.0,0.0,0.0,0.0,0.0,0.0,0.0,0.0,1.0,0.0
11,11,0.0,0.0,0.0,0.0,0.0,0.0,0.0,0.0,0.0,0.0,0.0,1.0,0.0
11,11,0.0,0.0,0.0,0.0,0.0,0.0,0.0,0.0,0.0,0.0,0.0,1.0,0.0
11,11,0.0,0.0,0.0,0.0,0.0,0.0,0.0,0.0,0.0,0.0,0.0,1.0,0.0
11,11,0.0,0.0,0.0,0.0,0.0,0.0,0.0,0.0,0.0,0.0,0.0,1.0,0.0
11,11,0.0,0.0,0.0,0.0,0.0,0.0,0.0,0.0,0.0,0.0,0.0,1.0,0.0
11,11,0.0,0.0,0.0,0.0,0.0,0.0,0.0,0.0,0.0,0.0,0.0,1.0,0.0
11,11,0.0,0.0,0.0,0.0,0.0,0.0,0.0,0.0,0.0,0.0,0.0,1.0,0.0
11,11,0.0,0.0,0.0,0.0,0.0,0.0,0.0,0.0,0.0,0.0,0.0,1.0,0.0
11,11,0.0,0.0,0.0,0.0,0.0,0.0,0.0,0.0,0.0,0.0,0.0,1.0,0.0
11,11,0.0,0.0,0.0,0.0,0.0,0.0,0.0,0.0,0.0,0.0,0.0,1.0,0.0
11,11,0.0,0.0,0.0,0.0,0.0,0.0,0.0,0.0,0.0,0.0,0.0,1.0,0.0
11,11,0.0,0.0,0.0,0.0,0.0,0.0,0.0,0.0,0.0,0.0,0.0,1.0,0.0
11,11,0.0,0.0,0.0,0.0,0.0,0.0,0.0,0.0,0.0,0.0,0.0,1.0,0.0
11,11,0.0,0.0,0.0,0.0,0.0,0.0,0.0,0.0,0.0,0.0,0.0,1.0,0.0
11,11,0.0,0.0,0.0,0.0,0.0,0.0,0.0,0.0,0.0,0.0,0.0,1.0,0.0
11,11,0.0,0.0,0.0,0.0,0.0,0.0,0.0,0.0,0.0,0.0,0.0,1.0,0.0
11,11,0.0,0.0,0.0,0.0,0.0,0.0,0.0,0.0,0.0,0.0,0.0,1.0,0.0
11,11,0.0,0.0,0.0,0.0,0.0,0.0,0.0,0.0,0.0,0.0,0.0,1.0,0.0
11,11,0.0,0.0,0.0,0.0,0.0,0.0,0.0,0.0,0.0,0.0,0.0,1.0,0.0
11,11,0.0,0.0,0.0,0.0,0.0,0.0,0.0,0.0,0.0,0.0,0.0,1.0,0.0
11,11,0.0,0.0,0.0,0.0,0.0,0.0,0.0,0.0,0.0,0.0,0.0,1.0,0.0
11,11,0.0,0.0,0.0,0.0,0.0,0.0,0.0,0.0,0.0,0.0,0.0,1.0,0.0
11,11,0.0,0.0,0.0,0.0,0.0,0.0,0.0,0.0,0.0,0.0,0.0,1.0,0.0
11,11,0.0,0.0,0.0,0.0,0.0,0.0,0.0,0.0,0.0,0.0,0.0,1.0,0.0
11,11,0.0,0.0,0.0,0.0,0.0,0.0,0.0,0.0,0.0,0.0,0.0,1.0,0.0
11,11,0.0,0.0,0.0,0.0,0.0,0.0,0.0,0.0,0.0,0.0,0.0,1.0,0.0
11,11,0.0,0.0,0.0,0.0,0.0,0.0,0.0,0.0,0.0,0.0,0.0,1.0,0.0
11,11,0.0,0.0,0.0,0.0,0.0,0.0,0.0,0.0,0.0,0.0,0.0,1.0,0.0
11,11,0.0,0.0,0.0,0.0,0.0,0.0,0.0,0.0,0.0,0.0,0.0,1.0,0.0
11,11,0.0,0.0,0.0,0.0,0.0,0.0,0.0,0.0,0.0,0.0,0.0,1.0,0.0
11,11,0.0,0.0,0.0,0.0,0.0,0.0,0.0,0.0,0.0,0.0,0.0,1.0,0.0
11,11,0.0,0.0,0.0,0.0,0.0,0.0,0.0,0.0,0.0,0.0,0.0,1.0,0.0
11,11,0.0,0.0,0.0,0.0,0.0,0.0,0.0,0.0,0.0,0.0,0.0,1.0,0.0
11,11,0.0,0.0,0.0,0.0,0.0,0.0,0.0,0.0,0.0,0.0,0.0,1.0,0.0
11,11,0.0,0.0,0.0,0.0,0.0,0.0,0.0,0.0,0.0,0.0,0.0,1.0,0.0
11,11,0.0,0.0,0.0,0.0,0.0,0.0,0.0,0.0,0.0,0.0,0.0,1.0,0.0
11,11,0.0,0.0,0.0,0.0,0.0,0.0,0.0,0.0,0.0,0.0,0.0,1.0,0.0
11,11,0.0,0.0,0.0,0.0,0.0,0.0,0.0,0.0,0.0,0.0,0.0,1.0,0.0
11,11,0.0,0.0,0.0,0.0,0.0,0.0,0.0,0.0,0.0,0.0,0.0,1.0,0.0
11,11,0.0,0.0,0.0,0.0,0.0,0.0,0.0,0.0,0.0,0.0,0.0,1.0,0.0
11,11,0.0,0.0,0.0,0.0,0.0,0.0,0.0,0.0,0.0,0.0,0.0,1.0,0.0
11,11,0.0,0.0,0.0,0.0,0.0,0.0,0.0,0.0,0.0,0.0,0.0,1.0,0.0
11,11,0.0,0.0,0.0,0.0,0.0,0.0,0.0,0.0,0.0,0.0,0.0,1.0,0.0
11,11,0.0,0.0,0.0,0.0,0.0,0.0,0.0,0.0,0.0,0.0,0.0,1.0,0.0
11,11,0.0,0.0,0.0,0.0,0.0,0.0,0.0,0.0,0.0,0.0,0.0,1.0,0.0
11,11,0.0,0.0,0.0,0.0,0.0,0.0,0.0,0.0,0.0,0.0,0.0,1.0,0.0
11,11,0.0,0.0,0.0,0.0,0.0,0.0,0.0,0.0,0.0,0.0,0.0,1.0,0.0
11,11,0.0,0.0,0.0,0.0,0.0,0.0,0.0,0.0,0.0,0.0,0.0,1.0,0.0
11,11,0.0,0.0,0.0,0.0,0.0,0.0,0.0,0.0,0.0,0.0,0.0,1.0,0.0
11,11,0.0,0.0,0.0,0.0,0.0,0.0,0.0,0.0,0.0,0.0,0.0,1.0,0.0
11,11,0.0,0.0,0.0,0.0,0.0,0.0,0.0,0.0,0.0,0.0,0.0,1.0,0.0
11,11,0.0,0.0,0.0,0.0,0.0,0.0,0.0,0.0,0.0,0.0,0.0,1.0,0.0
11,11,0.0,0.0,0.0,0.0,0.0,0.0,0.0,0.0,0.0,0.0,0.0,1.0,0.0
11,11,0.0,0.0,0.0,0.0,0.0,0.0,0.0,0.0,0.0,0.0,0.0,1.0,0.0
11,11,0.0,0.0,0.0,0.0,0.0,0.0,0.0,0.0,0.0,0.0,0.0,1.0,0.0
11,11,0.0,0.0,0.0,0.0,0.0,0.0,0.0,0.0,0.0,0.0,0.0,1.0,0.0
11,11,0.0,0.0,0.0,0.0,0.0,0.0,0.0,0.0,0.0,0.0,0.0,1.0,0.0
11,11,0.0,0.0,0.0,0.0,0.0,0.0,0.0,0.0,0.0,0.0,0.0,1.0,0.0
11,11,0.0,0.0,0.0,0.0,0.0,0.0,0.0,0.0,0.0,0.0,0.0,1.0,0.0
11,11,0.0,0.0,0.0,0.0,0.0,0.0,0.0,0.0,0.0,0.0,0.0,1.0,0.0
11,11,0.0,0.0,0.0,0.0,0.0,0.0,0.0,0.0,0.0,0.0,0.0,1.0,0.0
11,11,0.0,0.0,0.0,0.0,0.0,0.0,0.0,0.0,0.0,0.0,0.0,1.0,0.0
11,11,0.0,0.0,0.0,0.0,0.0,0.0,0.0,0.0,0.0,0.0,0.0,1.0,0.0
11,11,0.0,0.0,0.0,0.0,0.0,0.0,0.0,0.0,0.0,0.0,0.0,1.0,0.0
11,11,0.0,0.0,0.0,0.0,0.0,0.0,0.0,0.0,0.0,0.0,0.0,1.0,0.0
11,11,0.0,0.0,0.0,0.0,0.0,0.0,0.0,0.0,0.0,0.0,0.0,1.0,0.0
11,11,0.0,0.0,0.0,0.0,0.0,0.0,0.0,0.0,0.0,0.0,0.0,1.0,0.0
11,11,0.0,0.0,0.0,0.0,0.0,0.0,0.0,0.0,0.0,0.0,0.0,1.0,0.0
11,11,0.0,0.0,0.0,0.0,0.0,0.0,0.0,0.0,0.0,0.0,0.0,1.0,0.0
11,11,0.0,0.0,0.0,0.0,0.0,0.0,0.0,0.0,0.0,0.0,0.0,1.0,0.0
11,11,0.0,0.0,0.0,0.0,0.0,0.0,0.0,0.0,0.0,0.0,0.0,1.0,0.0
11,11,0.0,0.0,0.0,0.0,0.0,0.0,0.0,0.0,0.0,0.0,0.0,1.0,0.0
11,11,0.0,0.0,0.0,0.0,0.0,0.0,0.0,0.0,0.0,0.0,0.0,1.0,0.0
11,11,0.0,0.0,0.0,0.0,0.0,0.0,0.0,0.0,0.0,0.0,0.0,1.0,0.0
11,11,0.0,0.0,0.0,0.0,0.0,0.0,0.0,0.0,0.0,0.0,0.0,1.0,0.0
11,11,0.0,0.0,0.0,0.0,0.0,0.0,0.0,0.0,0.0,0.0,0.0,1.0,0.0
11,11,0.0,0.0,0.0,0.0,0.0,0.0,0.0,0.0,0.0,0.0,0.0,1.0,0.0
11,11,0.0,0.0,0.0,0.0,0.0,0.0,0.0,0.0,0.0,0.0,0.0,1.0,0.0
11,11,0.0,0.0,0.0,0.0,0.0,0.0,0.0,0.0,0.0,0.0,0.0,1.0,0.0
11,11,0.0,0.0,0.0,0.0,0.0,0.0,0.0,0.0,0.0,0.0,0.0,1.0,0.0
11,11,0.0,0.0,0.0,0.0,0.0,0.0,0.0,0.0,0.0,0.0,0.0,1.0,0.0
11,11,0.0,0.0,0.0,0.0,0.0,0.0,0.0,0.0,0.0,0.0,0.0,1.0,0.0
11,11,0.0,0.0,0.0,0.0,0.0,0.0,0.0,0.0,0.0,0.0,0.0,1.0,0.0
11,11,0.0,0.0,0.0,0.0,0.0,0.0,0.0,0.0,0.0,0.0,0.0,1.0,0.0
11,11,0.0,0.0,0.0,0.0,0.0,0.0,0.0,0.0,0.0,0.0,0.0,1.0,0.0
11,11,0.0,0.0,0.0,0.0,0.0,0.0,0.0,0.0,0.0,0.0,0.0,1.0,0.0
11,11,0.0,0.0,0.0,0.0,0.0,0.0,0.0,0.0,0.0,0.0,0.0,1.0,0.0
11,11,0.0,0.0,0.0,0.0,0.0,0.0,0.0,0.0,0.0,0.0,0.0,1.0,0.0
11,11,0.0,0.0,0.0,0.0,0.0,0.0,0.0,0.0,0.0,0.0,0.0,1.0,0.0
11,11,0.0,0.0,0.0,0.0,0.0,0.0,0.0,0.0,0.0,0.0,0.0,1.0,0.0
11,11,0.0,0.0,0.0,0.0,0.0,0.0,0.0,0.0,0.0,0.0,0.0,1.0,0.0
11,11,0.0,0.0,0.0,0.0,0.0,0.0,0.0,0.0,0.0,0.0,0.0,1.0,0.0
11,11,0.0,0.0,0.0,0.0,0.0,0.0,0.0,0.0,0.0,0.0,0.0,1.0,0.0
11,11,0.0,0.0,0.0,0.0,0.0,0.0,0.0,0.0,0.0,0.0,0.0,1.0,0.0
11,11,0.0,0.0,0.0,0.0,0.0,0.0,0.0,0.0,0.0,0.0,0.0,1.0,0.0
11,11,0.0,0.0,0.0,0.0,0.0,0.0,0.0,0.0,0.0,0.0,0.0,1.0,0.0
11,11,0.0,0.0,0.0,0.0,0.0,0.0,0.0,0.0,0.0,0.0,0.0,1.0,0.0
11,11,0.0,0.0,0.0,0.0,0.0,0.0,0.0,0.0,0.0,0.0,0.0,1.0,0.0
11,11,0.0,0.0,0.0,0.0,0.0,0.0,0.0,0.0,0.0,0.0,0.0,1.0,0.0
11,11,0.0,0.0,0.0,0.0,0.0,0.0,0.0,0.0,0.0,0.0,0.0,1.0,0.0
11,11,0.0,0.0,0.0,0.0,0.0,0.0,0.0,0.0,0.0,0.0,0.0,1.0,0.0
11,11,0.0,0.0,0.0,0.0,0.0,0.0,0.0,0.0,0.0,0.0,0.0,1.0,0.0
11,11,0.0,0.0,0.0,0.0,0.0,0.0,0.0,0.0,0.0,0.0,0.0,1.0,0.0
11,11,0.0,0.0,0.0,0.0,0.0,0.0,0.0,0.0,0.0,0.0,0.0,1.0,0.0
11,11,0.0,0.0,0.0,0.0,0.0,0.0,0.0,0.0,0.0,0.0,0.0,1.0,0.0
11,11,0.0,0.0,0.0,0.0,0.0,0.0,0.0,0.0,0.0,0.0,0.0,1.0,0.0
11,11,0.0,0.0,0.0,0.0,0.0,0.0,0.0,0.0,0.0,0.0,0.0,1.0,0.0
11,11,0.0,0.0,0.0,0.0,0.0,0.0,0.0,0.0,0.0,0.0,0.0,1.0,0.0
11,11,0.0,0.0,0.0,0.0,0.0,0.0,0.0,0.0,0.0,0.0,0.0,1.0,0.0
11,11,0.0,0.0,0.0,0.0,0.0,0.0,0.0,0.0,0.0,0.0,0.0,1.0,0.0
11,11,0.0,0.0,0.0,0.0,0.0,0.0,0.0,0.0,0.0,0.0,0.0,1.0,0.0
11,11,0.0,0.0,0.0,0.0,0.0,0.0,0.0,0.0,0.0,0.0,0.0,1.0,0.0
11,11,0.0,0.0,0.0,0.0,0.0,0.0,0.0,0.0,0.0,0.0,0.0,1.0,0.0
11,11,0.0,0.0,0.0,0.0,0.0,0.0,0.0,0.0,0.0,0.0,0.0,1.0,0.0
11,11,0.0,0.0,0.0,0.0,0.0,0.0,0.0,0.0,0.0,0.0,0.0,1.0,0.0
11,11,0.0,0.0,0.0,0.0,0.0,0.0,0.0,0.0,0.0,0.0,0.0,1.0,0.0
11,11,0.0,0.0,0.0,0.0,0.0,0.0,0.0,0.0,0.0,0.0,0.0,1.0,0.0
11,11,0.0,0.0,0.0,0.0,0.0,0.0,0.0,0.0,0.0,0.0,0.0,1.0,0.0
11,11,0.0,0.0,0.0,0.0,0.0,0.0,0.0,0.0,0.0,0.0,0.0,1.0,0.0
11,11,0.0,0.0,0.0,0.0,0.0,0.0,0.0,0.0,0.0,0.0,0.0,1.0,0.0
11,11,0.0,0.0,0.0,0.0,0.0,0.0,0.0,0.0,0.0,0.0,0.0,1.0,0.0
11,11,0.0,0.0,0.0,0.0,0.0,0.0,0.0,0.0,0.0,0.0,0.0,1.0,0.0
11,11,0.0,0.0,0.0,0.0,0.0,0.0,0.0,0.0,0.0,0.0,0.0,1.0,0.0
11,11,0.0,0.0,0.0,0.0,0.0,0.0,0.0,0.0,0.0,0.0,0.0,1.0,0.0
11,11,0.0,0.0,0.0,0.0,0.0,0.0,0.0,0.0,0.0,0.0,0.0,1.0,0.0
11,11,0.0,0.0,0.0,0.0,0.0,0.0,0.0,0.0,0.0,0.0,0.0,1.0,0.0
11,11,0.0,0.0,0.0,0.0,0.0,0.0,0.0,0.0,0.0,0.0,0.0,1.0,0.0
11,11,0.0,0.0,0.0,0.0,0.0,0.0,0.0,0.0,0.0,0.0,0.0,1.0,0.0
11,11,0.0,0.0,0.0,0.0,0.0,0.0,0.0,0.0,0.0,0.0,0.0,1.0,0.0
11,11,0.0,0.0,0.0,0.0,0.0,0.0,0.0,0.0,0.0,0.0,0.0,1.0,0.0
11,11,0.0,0.0,0.0,0.0,0.0,0.0,0.0,0.0,0.0,0.0,0.0,1.0,0.0
11,11,0.0,0.0,0.0,0.0,0.0,0.0,0.0,0.0,0.0,0.0,0.0,1.0,0.0
11,11,0.0,0.0,0.0,0.0,0.0,0.0,0.0,0.0,0.0,0.0,0.0,1.0,0.0
11,11,0.0,0.0,0.0,0.0,0.0,0.0,0.0,0.0,0.0,0.0,0.0,1.0,0.0
11,11,0.0,0.0,0.0,0.0,0.0,0.0,0.0,0.0,0.0,0.0,0.0,1.0,0.0
11,11,0.0,0.0,0.0,0.0,0.0,0.0,0.0,0.0,0.0,0.0,0.0,1.0,0.0
11,11,0.0,0.0,0.0,0.0,0.0,0.0,0.0,0.0,0.0,0.0,0.0,1.0,0.0
11,11,0.0,0.0,0.0,0.0,0.0,0.0,0.0,0.0,0.0,0.0,0.0,1.0,0.0
11,11,0.0,0.0,0.0,0.0,0.0,0.0,0.0,0.0,0.0,0.0,0.0,1.0,0.0
11,11,0.0,0.0,0.0,0.0,0.0,0.0,0.0,0.0,0.0,0.0,0.0,1.0,0.0
11,11,0.0,0.0,0.0,0.0,0.0,0.0,0.0,0.0,0.0,0.0,0.0,1.0,0.0
11,11,0.0,0.0,0.0,0.0,0.0,0.0,0.0,0.0,0.0,0.0,0.0,1.0,0.0
11,11,0.0,0.0,0.0,0.0,0.0,0.0,0.0,0.0,0.0,0.0,0.0,1.0,0.0
11,11,0.0,0.0,0.0,0.0,0.0,0.0,0.0,0.0,0.0,0.0,0.0,1.0,0.0
11,11,0.0,0.0,0.0,0.0,0.0,0.0,0.0,0.0,0.0,0.0,0.0,1.0,0.0
11,11,0.0,0.0,0.0,0.0,0.0,0.0,0.0,0.0,0.0,0.0,0.0,1.0,0.0
11,11,0.0,0.0,0.0,0.0,0.0,0.0,0.0,0.0,0.0,0.0,0.0,1.0,0.0
11,11,0.0,0.0,0.0,0.0,0.0,0.0,0.0,0.0,0.0,0.0,0.0,1.0,0.0
11,11,0.0,0.0,0.0,0.0,0.0,0.0,0.0,0.0,0.0,0.0,0.0,1.0,0.0
11,11,0.0,0.0,0.0,0.0,0.0,0.0,0.0,0.0,0.0,0.0,0.0,1.0,0.0
11,11,0.0,0.0,0.0,0.0,0.0,0.0,0.0,0.0,0.0,0.0,0.0,1.0,0.0
11,11,0.0,0.0,0.0,0.0,0.0,0.0,0.0,0.0,0.0,0.0,0.0,1.0,0.0
11,11,0.0,0.0,0.0,0.0,0.0,0.0,0.0,0.0,0.0,0.0,0.0,1.0,0.0
11,11,0.0,0.0,0.0,0.0,0.0,0.0,0.0,0.0,0.0,0.0,0.0,1.0,0.0
11,11,0.0,0.0,0.0,0.0,0.0,0.0,0.0,0.0,0.0,0.0,0.0,1.0,0.0
11,11,0.0,0.0,0.0,0.0,0.0,0.0,0.0,0.0,0.0,0.0,0.0,1.0,0.0
11,11,0.0,0.0,0.0,0.0,0.0,0.0,0.0,0.0,0.0,0.0,0.0,1.0,0.0
11,11,0.0,0.0,0.0,0.0,0.0,0.0,0.0,0.0,0.0,0.0,0.0,1.0,0.0
11,11,0.0,0.0,0.0,0.0,0.0,0.0,0.0,0.0,0.0,0.0,0.0,1.0,0.0
11,11,0.0,0.0,0.0,0.0,0.0,0.0,0.0,0.0,0.0,0.0,0.0,1.0,0.0
11,11,0.0,0.0,0.0,0.0,0.0,0.0,0.0,0.0,0.0,0.0,0.0,1.0,0.0
11,11,0.0,0.0,0.0,0.0,0.0,0.0,0.0,0.0,0.0,0.0,0.0,1.0,0.0
11,11,0.0,0.0,0.0,0.0,0.0,0.0,0.0,0.0,0.0,0.0,0.0,1.0,0.0
11,11,0.0,0.0,0.0,0.0,0.0,0.0,0.0,0.0,0.0,0.0,0.0,1.0,0.0
11,11,0.0,0.0,0.0,0.0,0.0,0.0,0.0,0.0,0.0,0.0,0.0,1.0,0.0
11,11,0.0,0.0,0.0,0.0,0.0,0.0,0.0,0.0,0.0,0.0,0.0,1.0,0.0
11,11,0.0,0.0,0.0,0.0,0.0,0.0,0.0,0.0,0.0,0.0,0.0,1.0,0.0
11,11,0.0,0.0,0.0,0.0,0.0,0.0,0.0,0.0,0.0,0.0,0.0,1.0,0.0
11,11,0.0,0.0,0.0,0.0,0.0,0.0,0.0,0.0,0.0,0.0,0.0,1.0,0.0
11,11,0.0,0.0,0.0,0.0,0.0,0.0,0.0,0.0,0.0,0.0,0.0,1.0,0.0
11,11,0.0,0.0,0.0,0.0,0.0,0.0,0.0,0.0,0.0,0.0,0.0,1.0,0.0
11,11,0.0,0.0,0.0,0.0,0.0,0.0,0.0,0.0,0.0,0.0,0.0,1.0,0.0
11,11,0.0,0.0,0.0,0.0,0.0,0.0,0.0,0.0,0.0,0.0,0.0,1.0,0.0
11,11,0.0,0.0,0.0,0.0,0.0,0.0,0.0,0.0,0.0,0.0,0.0,1.0,0.0
11,11,0.0,0.0,0.0,0.0,0.0,0.0,0.0,0.0,0.0,0.0,0.0,1.0,0.0
11,11,0.0,0.0,0.0,0.0,0.0,0.0,0.0,0.0,0.0,0.0,0.0,1.0,0.0
11,11,0.0,0.0,0.0,0.0,0.0,0.0,0.0,0.0,0.0,0.0,0.0,1.0,0.0
11,11,0.0,0.0,0.0,0.0,0.0,0.0,0.0,0.0,0.0,0.0,0.0,1.0,0.0
11,11,0.0,0.0,0.0,0.0,0.0,0.0,0.0,0.0,0.0,0.0,0.0,1.0,0.0
11,11,0.0,0.0,0.0,0.0,0.0,0.0,0.0,0.0,0.0,0.0,0.0,1.0,0.0
11,11,0.0,0.0,0.0,0.0,0.0,0.0,0.0,0.0,0.0,0.0,0.0,1.0,0.0
11,11,0.0,0.0,0.0,0.0,0.0,0.0,0.0,0.0,0.0,0.0,0.0,1.0,0.0
11,11,0.0,0.0,0.0,0.0,0.0,0.0,0.0,0.0,0.0,0.0,0.0,1.0,0.0
11,11,0.0,0.0,0.0,0.0,0.0,0.0,0.0,0.0,0.0,0.0,0.0,1.0,0.0
11,11,0.0,0.0,0.0,0.0,0.0,0.0,0.0,0.0,0.0,0.0,0.0,1.0,0.0
11,11,0.0,0.0,0.0,0.0,0.0,0.0,0.0,0.0,0.0,0.0,0.0,1.0,0.0
11,11,0.0,0.0,0.0,0.0,0.0,0.0,0.0,0.0,0.0,0.0,0.0,1.0,0.0
11,11,0.0,0.0,0.0,0.0,0.0,0.0,0.0,0.0,0.0,0.0,0.0,1.0,0.0
11,11,0.0,0.0,0.0,0.0,0.0,0.0,0.0,0.0,0.0,0.0,0.0,1.0,0.0
11,11,0.0,0.0,0.0,0.0,0.0,0.0,0.0,0.0,0.0,0.0,0.0,1.0,0.0
11,11,0.0,0.0,0.0,0.0,0.0,0.0,0.0,0.0,0.0,0.0,0.0,1.0,0.0
11,11,0.0,0.0,0.0,0.0,0.0,0.0,0.0,0.0,0.0,0.0,0.0,1.0,0.0
11,11,0.0,0.0,0.0,0.0,0.0,0.0,0.0,0.0,0.0,0.0,0.0,1.0,0.0
11,11,0.0,0.0,0.0,0.0,0.0,0.0,0.0,0.0,0.0,0.0,0.0,1.0,0.0
11,11,0.0,0.0,0.0,0.0,0.0,0.0,0.0,0.0,0.0,0.0,0.0,1.0,0.0
11,11,0.0,0.0,0.0,0.0,0.0,0.0,0.0,0.0,0.0,0.0,0.0,1.0,0.0
11,11,0.0,0.0,0.0,0.0,0.0,0.0,0.0,0.0,0.0,0.0,0.0,1.0,0.0
11,11,0.0,0.0,0.0,0.0,0.0,0.0,0.0,0.0,0.0,0.0,0.0,1.0,0.0
11,11,0.0,0.0,0.0,0.0,0.0,0.0,0.0,0.0,0.0,0.0,0.0,1.0,0.0
11,11,0.0,0.0,0.0,0.0,0.0,0.0,0.0,0.0,0.0,0.0,0.0,1.0,0.0
11,11,0.0,0.0,0.0,0.0,0.0,0.0,0.0,0.0,0.0,0.0,0.0,1.0,0.0
11,11,0.0,0.0,0.0,0.0,0.0,0.0,0.0,0.0,0.0,0.0,0.0,1.0,0.0
11,11,0.0,0.0,0.0,0.0,0.0,0.0,0.0,0.0,0.0,0.0,0.0,1.0,0.0
11,11,0.0,0.0,0.0,0.0,0.0,0.0,0.0,0.0,0.0,0.0,0.0,1.0,0.0
11,11,0.0,0.0,0.0,0.0,0.0,0.0,0.0,0.0,0.0,0.0,0.0,1.0,0.0
11,11,0.0,0.0,0.0,0.0,0.0,0.0,0.0,0.0,0.0,0.0,0.0,1.0,0.0
11,11,0.0,0.0,0.0,0.0,0.0,0.0,0.0,0.0,0.0,0.0,0.0,1.0,0.0
11,11,0.0,0.0,0.0,0.0,0.0,0.0,0.0,0.0,0.0,0.0,0.0,1.0,0.0
11,11,0.0,0.0,0.0,0.0,0.0,0.0,0.0,0.0,0.0,0.0,0.0,1.0,0.0
11,11,0.0,0.0,0.0,0.0,0.0,0.0,0.0,0.0,0.0,0.0,0.0,1.0,0.0
11,11,0.0,0.0,0.0,0.0,0.0,0.0,0.0,0.0,0.0,0.0,0.0,1.0,0.0
11,11,0.0,0.0,0.0,0.0,0.0,0.0,0.0,0.0,0.0,0.0,0.0,1.0,0.0
11,11,0.0,0.0,0.0,0.0,0.0,0.0,0.0,0.0,0.0,0.0,0.0,1.0,0.0
11,11,0.0,0.0,0.0,0.0,0.0,0.0,0.0,0.0,0.0,0.0,0.0,1.0,0.0
11,11,0.0,0.0,0.0,0.0,0.0,0.0,0.0,0.0,0.0,0.0,0.0,1.0,0.0
11,11,0.0,0.0,0.0,0.0,0.0,0.0,0.0,0.0,0.0,0.0,0.0,1.0,0.0
11,11,0.0,0.0,0.0,0.0,0.0,0.0,0.0,0.0,0.0,0.0,0.0,1.0,0.0
11,11,0.0,0.0,0.0,0.0,0.0,0.0,0.0,0.0,0.0,0.0,0.0,1.0,0.0
11,11,0.0,0.0,0.0,0.0,0.0,0.0,0.0,0.0,0.0,0.0,0.0,1.0,0.0
11,11,0.0,0.0,0.0,0.0,0.0,0.0,0.0,0.0,0.0,0.0,0.0,1.0,0.0
11,11,0.0,0.0,0.0,0.0,0.0,0.0,0.0,0.0,0.0,0.0,0.0,1.0,0.0
11,11,0.0,0.0,0.0,0.0,0.0,0.0,0.0,0.0,0.0,0.0,0.0,1.0,0.0
11,11,0.0,0.0,0.0,0.0,0.0,0.0,0.0,0.0,0.0,0.0,0.0,1.0,0.0
11,11,0.0,0.0,0.0,0.0,0.0,0.0,0.0,0.0,0.0,0.0,0.0,1.0,0.0
11,11,0.0,0.0,0.0,0.0,0.0,0.0,0.0,0.0,0.0,0.0,0.0,1.0,0.0
11,11,0.0,0.0,0.0,0.0,0.0,0.0,0.0,0.0,0.0,0.0,0.0,1.0,0.0
11,11,0.0,0.0,0.0,0.0,0.0,0.0,0.0,0.0,0.0,0.0,0.0,1.0,0.0
11,11,0.0,0.0,0.0,0.0,0.0,0.0,0.0,0.0,0.0,0.0,0.0,1.0,0.0
11,11,0.0,0.0,0.0,0.0,0.0,0.0,0.0,0.0,0.0,0.0,0.0,1.0,0.0
11,11,0.0,0.0,0.0,0.0,0.0,0.0,0.0,0.0,0.0,0.0,0.0,1.0,0.0
11,11,0.0,0.0,0.0,0.0,0.0,0.0,0.0,0.0,0.0,0.0,0.0,1.0,0.0
11,11,0.0,0.0,0.0,0.0,0.0,0.0,0.0,0.0,0.0,0.0,0.0,1.0,0.0
11,11,0.0,0.0,0.0,0.0,0.0,0.0,0.0,0.0,0.0,0.0,0.0,1.0,0.0
11,11,0.0,0.0,0.0,0.0,0.0,0.0,0.0,0.0,0.0,0.0,0.0,1.0,0.0
11,11,0.0,0.0,0.0,0.0,0.0,0.0,0.0,0.0,0.0,0.0,0.0,1.0,0.0
11,11,0.0,0.0,0.0,0.0,0.0,0.0,0.0,0.0,0.0,0.0,0.0,1.0,0.0
11,11,0.0,0.0,0.0,0.0,0.0,0.0,0.0,0.0,0.0,0.0,0.0,1.0,0.0
11,11,0.0,0.0,0.0,0.0,0.0,0.0,0.0,0.0,0.0,0.0,0.0,1.0,0.0
11,11,0.0,0.0,0.0,0.0,0.0,0.0,0.0,0.0,0.0,0.0,0.0,1.0,0.0
11,11,0.0,0.0,0.0,0.0,0.0,0.0,0.0,0.0,0.0,0.0,0.0,1.0,0.0
11,11,0.0,0.0,0.0,0.0,0.0,0.0,0.0,0.0,0.0,0.0,0.0,1.0,0.0
11,11,0.0,0.0,0.0,0.0,0.0,0.0,0.0,0.0,0.0,0.0,0.0,1.0,0.0
11,11,0.0,0.0,0.0,0.0,0.0,0.0,0.0,0.0,0.0,0.0,0.0,1.0,0.0
11,11,0.0,0.0,0.0,0.0,0.0,0.0,0.0,0.0,0.0,0.0,0.0,1.0,0.0
11,11,0.0,0.0,0.0,0.0,0.0,0.0,0.0,0.0,0.0,0.0,0.0,1.0,0.0
11,11,0.0,0.0,0.0,0.0,0.0,0.0,0.0,0.0,0.0,0.0,0.0,1.0,0.0
11,11,0.0,0.0,0.0,0.0,0.0,0.0,0.0,0.0,0.0,0.0,0.0,1.0,0.0
11,11,0.0,0.0,0.0,0.0,0.0,0.0,0.0,0.0,0.0,0.0,0.0,1.0,0.0
11,11,0.0,0.0,0.0,0.0,0.0,0.0,0.0,0.0,0.0,0.0,0.0,1.0,0.0
11,11,0.0,0.0,0.0,0.0,0.0,0.0,0.0,0.0,0.0,0.0,0.0,1.0,0.0
11,11,0.0,0.0,0.0,0.0,0.0,0.0,0.0,0.0,0.0,0.0,0.0,1.0,0.0
11,11,0.0,0.0,0.0,0.0,0.0,0.0,0.0,0.0,0.0,0.0,0.0,1.0,0.0
11,11,0.0,0.0,0.0,0.0,0.0,0.0,0.0,0.0,0.0,0.0,0.0,1.0,0.0
11,11,0.0,0.0,0.0,0.0,0.0,0.0,0.0,0.0,0.0,0.0,0.0,1.0,0.0
11,11,0.0,0.0,0.0,0.0,0.0,0.0,0.0,0.0,0.0,0.0,0.0,1.0,0.0
11,11,0.0,0.0,0.0,0.0,0.0,0.0,0.0,0.0,0.0,0.0,0.0,1.0,0.0
11,11,0.0,0.0,0.0,0.0,0.0,0.0,0.0,0.0,0.0,0.0,0.0,1.0,0.0
11,11,0.0,0.0,0.0,0.0,0.0,0.0,0.0,0.0,0.0,0.0,0.0,1.0,0.0
11,11,0.0,0.0,0.0,0.0,0.0,0.0,0.0,0.0,0.0,0.0,0.0,1.0,0.0
11,11,0.0,0.0,0.0,0.0,0.0,0.0,0.0,0.0,0.0,0.0,0.0,1.0,0.0
11,11,0.0,0.0,0.0,0.0,0.0,0.0,0.0,0.0,0.0,0.0,0.0,1.0,0.0
11,11,0.0,0.0,0.0,0.0,0.0,0.0,0.0,0.0,0.0,0.0,0.0,1.0,0.0
11,11,0.0,0.0,0.0,0.0,0.0,0.0,0.0,0.0,0.0,0.0,0.0,1.0,0.0
11,11,0.0,0.0,0.0,0.0,0.0,0.0,0.0,0.0,0.0,0.0,0.0,1.0,0.0
11,11,0.0,0.0,0.0,0.0,0.0,0.0,0.0,0.0,0.0,0.0,0.0,1.0,0.0
11,11,0.0,0.0,0.0,0.0,0.0,0.0,0.0,0.0,0.0,0.0,0.0,1.0,0.0
11,11,0.0,0.0,0.0,0.0,0.0,0.0,0.0,0.0,0.0,0.0,0.0,1.0,0.0
11,11,0.0,0.0,0.0,0.0,0.0,0.0,0.0,0.0,0.0,0.0,0.0,1.0,0.0
11,11,0.0,0.0,0.0,0.0,0.0,0.0,0.0,0.0,0.0,0.0,0.0,1.0,0.0
11,11,0.0,0.0,0.0,0.0,0.0,0.0,0.0,0.0,0.0,0.0,0.0,1.0,0.0
11,11,0.0,0.0,0.0,0.0,0.0,0.0,0.0,0.0,0.0,0.0,0.0,1.0,0.0
11,11,0.0,0.0,0.0,0.0,0.0,0.0,0.0,0.0,0.0,0.0,0.0,1.0,0.0
11,11,0.0,0.0,0.0,0.0,0.0,0.0,0.0,0.0,0.0,0.0,0.0,1.0,0.0
11,11,0.0,0.0,0.0,0.0,0.0,0.0,0.0,0.0,0.0,0.0,0.0,1.0,0.0
11,11,0.0,0.0,0.0,0.0,0.0,0.0,0.0,0.0,0.0,0.0,0.0,1.0,0.0
11,11,0.0,0.0,0.0,0.0,0.0,0.0,0.0,0.0,0.0,0.0,0.0,1.0,0.0
11,11,0.0,0.0,0.0,0.0,0.0,0.0,0.0,0.0,0.0,0.0,0.0,1.0,0.0
11,11,0.0,0.0,0.0,0.0,0.0,0.0,0.0,0.0,0.0,0.0,0.0,1.0,0.0
11,11,0.0,0.0,0.0,0.0,0.0,0.0,0.0,0.0,0.0,0.0,0.0,1.0,0.0
11,11,0.0,0.0,0.0,0.0,0.0,0.0,0.0,0.0,0.0,0.0,0.0,1.0,0.0
11,11,0.0,0.0,0.0,0.0,0.0,0.0,0.0,0.0,0.0,0.0,0.0,1.0,0.0
11,11,0.0,0.0,0.0,0.0,0.0,0.0,0.0,0.0,0.0,0.0,0.0,1.0,0.0
11,11,0.0,0.0,0.0,0.0,0.0,0.0,0.0,0.0,0.0,0.0,0.0,1.0,0.0
11,11,0.0,0.0,0.0,0.0,0.0,0.0,0.0,0.0,0.0,0.0,0.0,1.0,0.0
11,11,0.0,0.0,0.0,0.0,0.0,0.0,0.0,0.0,0.0,0.0,0.0,1.0,0.0
11,11,0.0,0.0,0.0,0.0,0.0,0.0,0.0,0.0,0.0,0.0,0.0,1.0,0.0
11,11,0.0,0.0,0.0,0.0,0.0,0.0,0.0,0.0,0.0,0.0,0.0,1.0,0.0
11,11,0.0,0.0,0.0,0.0,0.0,0.0,0.0,0.0,0.0,0.0,0.0,1.0,0.0
11,11,0.0,0.0,0.0,0.0,0.0,0.0,0.0,0.0,0.0,0.0,0.0,1.0,0.0
11,11,0.0,0.0,0.0,0.0,0.0,0.0,0.0,0.0,0.0,0.0,0.0,1.0,0.0
11,11,0.0,0.0,0.0,0.0,0.0,0.0,0.0,0.0,0.0,0.0,0.0,1.0,0.0
11,11,0.0,0.0,0.0,0.0,0.0,0.0,0.0,0.0,0.0,0.0,0.0,1.0,0.0
11,11,0.0,0.0,0.0,0.0,0.0,0.0,0.0,0.0,0.0,0.0,0.0,1.0,0.0
11,11,0.0,0.0,0.0,0.0,0.0,0.0,0.0,0.0,0.0,0.0,0.0,1.0,0.0
11,11,0.0,0.0,0.0,0.0,0.0,0.0,0.0,0.0,0.0,0.0,0.0,1.0,0.0
11,11,0.0,0.0,0.0,0.0,0.0,0.0,0.0,0.0,0.0,0.0,0.0,1.0,0.0
11,11,0.0,0.0,0.0,0.0,0.0,0.0,0.0,0.0,0.0,0.0,0.0,1.0,0.0
11,11,0.0,0.0,0.0,0.0,0.0,0.0,0.0,0.0,0.0,0.0,0.0,1.0,0.0
11,11,0.0,0.0,0.0,0.0,0.0,0.0,0.0,0.0,0.0,0.0,0.0,1.0,0.0
11,11,0.0,0.0,0.0,0.0,0.0,0.0,0.0,0.0,0.0,0.0,0.0,1.0,0.0
11,11,0.0,0.0,0.0,0.0,0.0,0.0,0.0,0.0,0.0,0.0,0.0,1.0,0.0
11,11,0.0,0.0,0.0,0.0,0.0,0.0,0.0,0.0,0.0,0.0,0.0,1.0,0.0
11,11,0.0,0.0,0.0,0.0,0.0,0.0,0.0,0.0,0.0,0.0,0.0,1.0,0.0
11,11,0.0,0.0,0.0,0.0,0.0,0.0,0.0,0.0,0.0,0.0,0.0,1.0,0.0
11,11,0.0,0.0,0.0,0.0,0.0,0.0,0.0,0.0,0.0,0.0,0.0,1.0,0.0
11,11,0.0,0.0,0.0,0.0,0.0,0.0,0.0,0.0,0.0,0.0,0.0,1.0,0.0
11,11,0.0,0.0,0.0,0.0,0.0,0.0,0.0,0.0,0.0,0.0,0.0,1.0,0.0
11,11,0.0,0.0,0.0,0.0,0.0,0.0,0.0,0.0,0.0,0.0,0.0,1.0,0.0
11,11,0.0,0.0,0.0,0.0,0.0,0.0,0.0,0.0,0.0,0.0,0.0,1.0,0.0
11,11,0.0,0.0,0.0,0.0,0.0,0.0,0.0,0.0,0.0,0.0,0.0,1.0,0.0
11,11,0.0,0.0,0.0,0.0,0.0,0.0,0.0,0.0,0.0,0.0,0.0,1.0,0.0
11,11,0.0,0.0,0.0,0.0,0.0,0.0,0.0,0.0,0.0,0.0,0.0,1.0,0.0
11,11,0.0,0.0,0.0,0.0,0.0,0.0,0.0,0.0,0.0,0.0,0.0,1.0,0.0
11,11,0.0,0.0,0.0,0.0,0.0,0.0,0.0,0.0,0.0,0.0,0.0,1.0,0.0
11,11,0.0,0.0,0.0,0.0,0.0,0.0,0.0,0.0,0.0,0.0,0.0,1.0,0.0
11,11,0.0,0.0,0.0,0.0,0.0,0.0,0.0,0.0,0.0,0.0,0.0,1.0,0.0
11,11,0.0,0.0,0.0,0.0,0.0,0.0,0.0,0.0,0.0,0.0,0.0,1.0,0.0
11,11,0.0,0.0,0.0,0.0,0.0,0.0,0.0,0.0,0.0,0.0,0.0,1.0,0.0
11,11,0.0,0.0,0.0,0.0,0.0,0.0,0.0,0.0,0.0,0.0,0.0,1.0,0.0
11,11,0.0,0.0,0.0,0.0,0.0,0.0,0.0,0.0,0.0,0.0,0.0,1.0,0.0
11,11,0.0,0.0,0.0,0.0,0.0,0.0,0.0,0.0,0.0,0.0,0.0,1.0,0.0
11,11,0.0,0.0,0.0,0.0,0.0,0.0,0.0,0.0,0.0,0.0,0.0,1.0,0.0
11,11,0.0,0.0,0.0,0.0,0.0,0.0,0.0,0.0,0.0,0.0,0.0,1.0,0.0
11,11,0.0,0.0,0.0,0.0,0.0,0.0,0.0,0.0,0.0,0.0,0.0,1.0,0.0
11,11,0.0,0.0,0.0,0.0,0.0,0.0,0.0,0.0,0.0,0.0,0.0,1.0,0.0
11,11,0.0,0.0,0.0,0.0,0.0,0.0,0.0,0.0,0.0,0.0,0.0,1.0,0.0
11,11,0.0,0.0,0.0,0.0,0.0,0.0,0.0,0.0,0.0,0.0,0.0,1.0,0.0
11,11,0.0,0.0,0.0,0.0,0.0,0.0,0.0,0.0,0.0,0.0,0.0,1.0,0.0
11,11,0.0,0.0,0.0,0.0,0.0,0.0,0.0,0.0,0.0,0.0,0.0,1.0,0.0
11,11,0.0,0.0,0.0,0.0,0.0,0.0,0.0,0.0,0.0,0.0,0.0,1.0,0.0
11,11,0.0,0.0,0.0,0.0,0.0,0.0,0.0,0.0,0.0,0.0,0.0,1.0,0.0
11,11,0.0,0.0,0.0,0.0,0.0,0.0,0.0,0.0,0.0,0.0,0.0,1.0,0.0
11,11,0.0,0.0,0.0,0.0,0.0,0.0,0.0,0.0,0.0,0.0,0.0,1.0,0.0
11,11,0.0,0.0,0.0,0.0,0.0,0.0,0.0,0.0,0.0,0.0,0.0,1.0,0.0
11,11,0.0,0.0,0.0,0.0,0.0,0.0,0.0,0.0,0.0,0.0,0.0,1.0,0.0
11,11,0.0,0.0,0.0,0.0,0.0,0.0,0.0,0.0,0.0,0.0,0.0,1.0,0.0
11,11,0.0,0.0,0.0,0.0,0.0,0.0,0.0,0.0,0.0,0.0,0.0,1.0,0.0
11,11,0.0,0.0,0.0,0.0,0.0,0.0,0.0,0.0,0.0,0.0,0.0,1.0,0.0
11,11,0.0,0.0,0.0,0.0,0.0,0.0,0.0,0.0,0.0,0.0,0.0,1.0,0.0
11,11,0.0,0.0,0.0,0.0,0.0,0.0,0.0,0.0,0.0,0.0,0.0,1.0,0.0
11,11,0.0,0.0,0.0,0.0,0.0,0.0,0.0,0.0,0.0,0.0,0.0,1.0,0.0
11,11,0.0,0.0,0.0,0.0,0.0,0.0,0.0,0.0,0.0,0.0,0.0,1.0,0.0
11,11,0.0,0.0,0.0,0.0,0.0,0.0,0.0,0.0,0.0,0.0,0.0,1.0,0.0
11,11,0.0,0.0,0.0,0.0,0.0,0.0,0.0,0.0,0.0,0.0,0.0,1.0,0.0
11,11,0.0,0.0,0.0,0.0,0.0,0.0,0.0,0.0,0.0,0.0,0.0,1.0,0.0
11,11,0.0,0.0,0.0,0.0,0.0,0.0,0.0,0.0,0.0,0.0,0.0,1.0,0.0
11,11,0.0,0.0,0.0,0.0,0.0,0.0,0.0,0.0,0.0,0.0,0.0,1.0,0.0
11,11,0.0,0.0,0.0,0.0,0.0,0.0,0.0,0.0,0.0,0.0,0.0,1.0,0.0
11,11,0.0,0.0,0.0,0.0,0.0,0.0,0.0,0.0,0.0,0.0,0.0,1.0,0.0
11,11,0.0,0.0,0.0,0.0,0.0,0.0,0.0,0.0,0.0,0.0,0.0,1.0,0.0
11,11,0.0,0.0,0.0,0.0,0.0,0.0,0.0,0.0,0.0,0.0,0.0,1.0,0.0
11,11,0.0,0.0,0.0,0.0,0.0,0.0,0.0,0.0,0.0,0.0,0.0,1.0,0.0
11,11,0.0,0.0,0.0,0.0,0.0,0.0,0.0,0.0,0.0,0.0,0.0,1.0,0.0
11,11,0.0,0.0,0.0,0.0,0.0,0.0,0.0,0.0,0.0,0.0,0.0,1.0,0.0
11,11,0.0,0.0,0.0,0.0,0.0,0.0,0.0,0.0,0.0,0.0,0.0,1.0,0.0
11,11,0.0,0.0,0.0,0.0,0.0,0.0,0.0,0.0,0.0,0.0,0.0,1.0,0.0
11,11,0.0,0.0,0.0,0.0,0.0,0.0,0.0,0.0,0.0,0.0,0.0,1.0,0.0
11,11,0.0,0.0,0.0,0.0,0.0,0.0,0.0,0.0,0.0,0.0,0.0,1.0,0.0
11,11,0.0,0.0,0.0,0.0,0.0,0.0,0.0,0.0,0.0,0.0,0.0,1.0,0.0
11,11,0.0,0.0,0.0,0.0,0.0,0.0,0.0,0.0,0.0,0.0,0.0,1.0,0.0
11,11,0.0,0.0,0.0,0.0,0.0,0.0,0.0,0.0,0.0,0.0,0.0,1.0,0.0
11,11,0.0,0.0,0.0,0.0,0.0,0.0,0.0,0.0,0.0,0.0,0.0,1.0,0.0
11,11,0.0,0.0,0.0,0.0,0.0,0.0,0.0,0.0,0.0,0.0,0.0,1.0,0.0
11,11,0.0,0.0,0.0,0.0,0.0,0.0,0.0,0.0,0.0,0.0,0.0,1.0,0.0
11,11,0.0,0.0,0.0,0.0,0.0,0.0,0.0,0.0,0.0,0.0,0.0,1.0,0.0
11,11,0.0,0.0,0.0,0.0,0.0,0.0,0.0,0.0,0.0,0.0,0.0,1.0,0.0
11,11,0.0,0.0,0.0,0.0,0.0,0.0,0.0,0.0,0.0,0.0,0.0,1.0,0.0
11,11,0.0,0.0,0.0,0.0,0.0,0.0,0.0,0.0,0.0,0.0,0.0,1.0,0.0
11,11,0.0,0.0,0.0,0.0,0.0,0.0,0.0,0.0,0.0,0.0,0.0,1.0,0.0
11,11,0.0,0.0,0.0,0.0,0.0,0.0,0.0,0.0,0.0,0.0,0.0,1.0,0.0
11,11,0.0,0.0,0.0,0.0,0.0,0.0,0.0,0.0,0.0,0.0,0.0,1.0,0.0
11,11,0.0,0.0,0.0,0.0,0.0,0.0,0.0,0.0,0.0,0.0,0.0,1.0,0.0
11,11,0.0,0.0,0.0,0.0,0.0,0.0,0.0,0.0,0.0,0.0,0.0,1.0,0.0
11,11,0.0,0.0,0.0,0.0,0.0,0.0,0.0,0.0,0.0,0.0,0.0,1.0,0.0
11,11,0.0,0.0,0.0,0.0,0.0,0.0,0.0,0.0,0.0,0.0,0.0,1.0,0.0
11,11,0.0,0.0,0.0,0.0,0.0,0.0,0.0,0.0,0.0,0.0,0.0,1.0,0.0
11,11,0.0,0.0,0.0,0.0,0.0,0.0,0.0,0.0,0.0,0.0,0.0,1.0,0.0
11,11,0.0,0.0,0.0,0.0,0.0,0.0,0.0,0.0,0.0,0.0,0.0,1.0,0.0
11,11,0.0,0.0,0.0,0.0,0.0,0.0,0.0,0.0,0.0,0.0,0.0,1.0,0.0
11,11,0.0,0.0,0.0,0.0,0.0,0.0,0.0,0.0,0.0,0.0,0.0,1.0,0.0
11,11,0.0,0.0,0.0,0.0,0.0,0.0,0.0,0.0,0.0,0.0,0.0,1.0,0.0
11,11,0.0,0.0,0.0,0.0,0.0,0.0,0.0,0.0,0.0,0.0,0.0,1.0,0.0
11,11,0.0,0.0,0.0,0.0,0.0,0.0,0.0,0.0,0.0,0.0,0.0,1.0,0.0
11,11,0.0,0.0,0.0,0.0,0.0,0.0,0.0,0.0,0.0,0.0,0.0,1.0,0.0
11,11,0.0,0.0,0.0,0.0,0.0,0.0,0.0,0.0,0.0,0.0,0.0,1.0,0.0
11,11,0.0,0.0,0.0,0.0,0.0,0.0,0.0,0.0,0.0,0.0,0.0,1.0,0.0
11,11,0.0,0.0,0.0,0.0,0.0,0.0,0.0,0.0,0.0,0.0,0.0,1.0,0.0
11,11,0.0,0.0,0.0,0.0,0.0,0.0,0.0,0.0,0.0,0.0,0.0,1.0,0.0
11,11,0.0,0.0,0.0,0.0,0.0,0.0,0.0,0.0,0.0,0.0,0.0,1.0,0.0
11,11,0.0,0.0,0.0,0.0,0.0,0.0,0.0,0.0,0.0,0.0,0.0,1.0,0.0
11,11,0.0,0.0,0.0,0.0,0.0,0.0,0.0,0.0,0.0,0.0,0.0,1.0,0.0
11,11,0.0,0.0,0.0,0.0,0.0,0.0,0.0,0.0,0.0,0.0,0.0,1.0,0.0
11,11,0.0,0.0,0.0,0.0,0.0,0.0,0.0,0.0,0.0,0.0,0.0,1.0,0.0
11,11,0.0,0.0,0.0,0.0,0.0,0.0,0.0,0.0,0.0,0.0,0.0,1.0,0.0
11,11,0.0,0.0,0.0,0.0,0.0,0.0,0.0,0.0,0.0,0.0,0.0,1.0,0.0
11,11,0.0,0.0,0.0,0.0,0.0,0.0,0.0,0.0,0.0,0.0,0.0,1.0,0.0
11,11,0.0,0.0,0.0,0.0,0.0,0.0,0.0,0.0,0.0,0.0,0.0,1.0,0.0
11,11,0.0,0.0,0.0,0.0,0.0,0.0,0.0,0.0,0.0,0.0,0.0,1.0,0.0
11,11,0.0,0.0,0.0,0.0,0.0,0.0,0.0,0.0,0.0,0.0,0.0,1.0,0.0
11,11,0.0,0.0,0.0,0.0,0.0,0.0,0.0,0.0,0.0,0.0,0.0,1.0,0.0
11,11,0.0,0.0,0.0,0.0,0.0,0.0,0.0,0.0,0.0,0.0,0.0,1.0,0.0
11,11,0.0,0.0,0.0,0.0,0.0,0.0,0.0,0.0,0.0,0.0,0.0,1.0,0.0
11,11,0.0,0.0,0.0,0.0,0.0,0.0,0.0,0.0,0.0,0.0,0.0,1.0,0.0
11,11,0.0,0.0,0.0,0.0,0.0,0.0,0.0,0.0,0.0,0.0,0.0,1.0,0.0
11,11,0.0,0.0,0.0,0.0,0.0,0.0,0.0,0.0,0.0,0.0,0.0,1.0,0.0
11,11,0.0,0.0,0.0,0.0,0.0,0.0,0.0,0.0,0.0,0.0,0.0,1.0,0.0
11,11,0.0,0.0,0.0,0.0,0.0,0.0,0.0,0.0,0.0,0.0,0.0,1.0,0.0
11,11,0.0,0.0,0.0,0.0,0.0,0.0,0.0,0.0,0.0,0.0,0.0,1.0,0.0
11,11,0.0,0.0,0.0,0.0,0.0,0.0,0.0,0.0,0.0,0.0,0.0,1.0,0.0
11,11,0.0,0.0,0.0,0.0,0.0,0.0,0.0,0.0,0.0,0.0,0.0,1.0,0.0
11,11,0.0,0.0,0.0,0.0,0.0,0.0,0.0,0.0,0.0,0.0,0.0,1.0,0.0
11,11,0.0,0.0,0.0,0.0,0.0,0.0,0.0,0.0,0.0,0.0,0.0,1.0,0.0
11,11,0.0,0.0,0.0,0.0,0.0,0.0,0.0,0.0,0.0,0.0,0.0,1.0,0.0
11,11,0.0,0.0,0.0,0.0,0.0,0.0,0.0,0.0,0.0,0.0,0.0,1.0,0.0
11,11,0.0,0.0,0.0,0.0,0.0,0.0,0.0,0.0,0.0,0.0,0.0,1.0,0.0
11,11,0.0,0.0,0.0,0.0,0.0,0.0,0.0,0.0,0.0,0.0,0.0,1.0,0.0
11,11,0.0,0.0,0.0,0.0,0.0,0.0,0.0,0.0,0.0,0.0,0.0,1.0,0.0
11,11,0.0,0.0,0.0,0.0,0.0,0.0,0.0,0.0,0.0,0.0,0.0,1.0,0.0
11,11,0.0,0.0,0.0,0.0,0.0,0.0,0.0,0.0,0.0,0.0,0.0,1.0,0.0
11,11,0.0,0.0,0.0,0.0,0.0,0.0,0.0,0.0,0.0,0.0,0.0,1.0,0.0
11,11,0.0,0.0,0.0,0.0,0.0,0.0,0.0,0.0,0.0,0.0,0.0,1.0,0.0
11,11,0.0,0.0,0.0,0.0,0.0,0.0,0.0,0.0,0.0,0.0,0.0,1.0,0.0
11,11,0.0,0.0,0.0,0.0,0.0,0.0,0.0,0.0,0.0,0.0,0.0,1.0,0.0
11,11,0.0,0.0,0.0,0.0,0.0,0.0,0.0,0.0,0.0,0.0,0.0,1.0,0.0
11,11,0.0,0.0,0.0,0.0,0.0,0.0,0.0,0.0,0.0,0.0,0.0,1.0,0.0
11,11,0.0,0.0,0.0,0.0,0.0,0.0,0.0,0.0,0.0,0.0,0.0,1.0,0.0
11,11,0.0,0.0,0.0,0.0,0.0,0.0,0.0,0.0,0.0,0.0,0.0,1.0,0.0
11,11,0.0,0.0,0.0,0.0,0.0,0.0,0.0,0.0,0.0,0.0,0.0,1.0,0.0
11,11,0.0,0.0,0.0,0.0,0.0,0.0,0.0,0.0,0.0,0.0,0.0,1.0,0.0
11,11,0.0,0.0,0.0,0.0,0.0,0.0,0.0,0.0,0.0,0.0,0.0,1.0,0.0
11,11,0.0,0.0,0.0,0.0,0.0,0.0,0.0,0.0,0.0,0.0,0.0,1.0,0.0
11,11,0.0,0.0,0.0,0.0,0.0,0.0,0.0,0.0,0.0,0.0,0.0,1.0,0.0
11,11,0.0,0.0,0.0,0.0,0.0,0.0,0.0,0.0,0.0,0.0,0.0,1.0,0.0
11,11,0.0,0.0,0.0,0.0,0.0,0.0,0.0,0.0,0.0,0.0,0.0,1.0,0.0
11,11,0.0,0.0,0.0,0.0,0.0,0.0,0.0,0.0,0.0,0.0,0.0,1.0,0.0
11,11,0.0,0.0,0.0,0.0,0.0,0.0,0.0,0.0,0.0,0.0,0.0,1.0,0.0
11,11,0.0,0.0,0.0,0.0,0.0,0.0,0.0,0.0,0.0,0.0,0.0,1.0,0.0
11,11,0.0,0.0,0.0,0.0,0.0,0.0,0.0,0.0,0.0,0.0,0.0,1.0,0.0
11,11,0.0,0.0,0.0,0.0,0.0,0.0,0.0,0.0,0.0,0.0,0.0,1.0,0.0
11,11,0.0,0.0,0.0,0.0,0.0,0.0,0.0,0.0,0.0,0.0,0.0,1.0,0.0
11,11,0.0,0.0,0.0,0.0,0.0,0.0,0.0,0.0,0.0,0.0,0.0,1.0,0.0
11,11,0.0,0.0,0.0,0.0,0.0,0.0,0.0,0.0,0.0,0.0,0.0,1.0,0.0
11,11,0.0,0.0,0.0,0.0,0.0,0.0,0.0,0.0,0.0,0.0,0.0,1.0,0.0
11,11,0.0,0.0,0.0,0.0,0.0,0.0,0.0,0.0,0.0,0.0,0.0,1.0,0.0
11,11,0.0,0.0,0.0,0.0,0.0,0.0,0.0,0.0,0.0,0.0,0.0,1.0,0.0
11,11,0.0,0.0,0.0,0.0,0.0,0.0,0.0,0.0,0.0,0.0,0.0,1.0,0.0
11,11,0.0,0.0,0.0,0.0,0.0,0.0,0.0,0.0,0.0,0.0,0.0,1.0,0.0
11,11,0.0,0.0,0.0,0.0,0.0,0.0,0.0,0.0,0.0,0.0,0.0,1.0,0.0
11,11,0.0,0.0,0.0,0.0,0.0,0.0,0.0,0.0,0.0,0.0,0.0,1.0,0.0
11,11,0.0,0.0,0.0,0.0,0.0,0.0,0.0,0.0,0.0,0.0,0.0,1.0,0.0
11,11,0.0,0.0,0.0,0.0,0.0,0.0,0.0,0.0,0.0,0.0,0.0,1.0,0.0
11,11,0.0,0.0,0.0,0.0,0.0,0.0,0.0,0.0,0.0,0.0,0.0,1.0,0.0
11,11,0.0,0.0,0.0,0.0,0.0,0.0,0.0,0.0,0.0,0.0,0.0,1.0,0.0
11,11,0.0,0.0,0.0,0.0,0.0,0.0,0.0,0.0,0.0,0.0,0.0,1.0,0.0
11,11,0.0,0.0,0.0,0.0,0.0,0.0,0.0,0.0,0.0,0.0,0.0,1.0,0.0
11,11,0.0,0.0,0.0,0.0,0.0,0.0,0.0,0.0,0.0,0.0,0.0,1.0,0.0
11,11,0.0,0.0,0.0,0.0,0.0,0.0,0.0,0.0,0.0,0.0,0.0,1.0,0.0
11,11,0.0,0.0,0.0,0.0,0.0,0.0,0.0,0.0,0.0,0.0,0.0,1.0,0.0
11,11,0.0,0.0,0.0,0.0,0.0,0.0,0.0,0.0,0.0,0.0,0.0,1.0,0.0
11,11,0.0,0.0,0.0,0.0,0.0,0.0,0.0,0.0,0.0,0.0,0.0,1.0,0.0
11,11,0.0,0.0,0.0,0.0,0.0,0.0,0.0,0.0,0.0,0.0,0.0,1.0,0.0
11,11,0.0,0.0,0.0,0.0,0.0,0.0,0.0,0.0,0.0,0.0,0.0,1.0,0.0
11,11,0.0,0.0,0.0,0.0,0.0,0.0,0.0,0.0,0.0,0.0,0.0,1.0,0.0
11,11,0.0,0.0,0.0,0.0,0.0,0.0,0.0,0.0,0.0,0.0,0.0,1.0,0.0
11,11,0.0,0.0,0.0,0.0,0.0,0.0,0.0,0.0,0.0,0.0,0.0,1.0,0.0
11,11,0.0,0.0,0.0,0.0,0.0,0.0,0.0,0.0,0.0,0.0,0.0,1.0,0.0
11,11,0.0,0.0,0.0,0.0,0.0,0.0,0.0,0.0,0.0,0.0,0.0,1.0,0.0
11,11,0.0,0.0,0.0,0.0,0.0,0.0,0.0,0.0,0.0,0.0,0.0,1.0,0.0
11,11,0.0,0.0,0.0,0.0,0.0,0.0,0.0,0.0,0.0,0.0,0.0,1.0,0.0
11,11,0.0,0.0,0.0,0.0,0.0,0.0,0.0,0.0,0.0,0.0,0.0,1.0,0.0
11,11,0.0,0.0,0.0,0.0,0.0,0.0,0.0,0.0,0.0,0.0,0.0,1.0,0.0
11,11,0.0,0.0,0.0,0.0,0.0,0.0,0.0,0.0,0.0,0.0,0.0,1.0,0.0
11,11,0.0,0.0,0.0,0.0,0.0,0.0,0.0,0.0,0.0,0.0,0.0,1.0,0.0
11,11,0.0,0.0,0.0,0.0,0.0,0.0,0.0,0.0,0.0,0.0,0.0,1.0,0.0
11,11,0.0,0.0,0.0,0.0,0.0,0.0,0.0,0.0,0.0,0.0,0.0,1.0,0.0
11,11,0.0,0.0,0.0,0.0,0.0,0.0,0.0,0.0,0.0,0.0,0.0,1.0,0.0
11,11,0.0,0.0,0.0,0.0,0.0,0.0,0.0,0.0,0.0,0.0,0.0,1.0,0.0
11,11,0.0,0.0,0.0,0.0,0.0,0.0,0.0,0.0,0.0,0.0,0.0,1.0,0.0
11,11,0.0,0.0,0.0,0.0,0.0,0.0,0.0,0.0,0.0,0.0,0.0,1.0,0.0
11,11,0.0,0.0,0.0,0.0,0.0,0.0,0.0,0.0,0.0,0.0,0.0,1.0,0.0
11,11,0.0,0.0,0.0,0.0,0.0,0.0,0.0,0.0,0.0,0.0,0.0,1.0,0.0
11,11,0.0,0.0,0.0,0.0,0.0,0.0,0.0,0.0,0.0,0.0,0.0,1.0,0.0
11,11,0.0,0.0,0.0,0.0,0.0,0.0,0.0,0.0,0.0,0.0,0.0,1.0,0.0
11,11,0.0,0.0,0.0,0.0,0.0,0.0,0.0,0.0,0.0,0.0,0.0,1.0,0.0
11,11,0.0,0.0,0.0,0.0,0.0,0.0,0.0,0.0,0.0,0.0,0.0,1.0,0.0
11,11,0.0,0.0,0.0,0.0,0.0,0.0,0.0,0.0,0.0,0.0,0.0,1.0,0.0
11,11,0.0,0.0,0.0,0.0,0.0,0.0,0.0,0.0,0.0,0.0,0.0,1.0,0.0
11,11,0.0,0.0,0.0,0.0,0.0,0.0,0.0,0.0,0.0,0.0,0.0,1.0,0.0
11,11,0.0,0.0,0.0,0.0,0.0,0.0,0.0,0.0,0.0,0.0,0.0,1.0,0.0
11,11,0.0,0.0,0.0,0.0,0.0,0.0,0.0,0.0,0.0,0.0,0.0,1.0,0.0
11,11,0.0,0.0,0.0,0.0,0.0,0.0,0.0,0.0,0.0,0.0,0.0,1.0,0.0
11,11,0.0,0.0,0.0,0.0,0.0,0.0,0.0,0.0,0.0,0.0,0.0,1.0,0.0
11,11,0.0,0.0,0.0,0.0,0.0,0.0,0.0,0.0,0.0,0.0,0.0,1.0,0.0
11,11,0.0,0.0,0.0,0.0,0.0,0.0,0.0,0.0,0.0,0.0,0.0,1.0,0.0
11,11,0.0,0.0,0.0,0.0,0.0,0.0,0.0,0.0,0.0,0.0,0.0,1.0,0.0
11,11,0.0,0.0,0.0,0.0,0.0,0.0,0.0,0.0,0.0,0.0,0.0,1.0,0.0
11,11,0.0,0.0,0.0,0.0,0.0,0.0,0.0,0.0,0.0,0.0,0.0,1.0,0.0
11,11,0.0,0.0,0.0,0.0,0.0,0.0,0.0,0.0,0.0,0.0,0.0,1.0,0.0
11,11,0.0,0.0,0.0,0.0,0.0,0.0,0.0,0.0,0.0,0.0,0.0,1.0,0.0
11,11,0.0,0.0,0.0,0.0,0.0,0.0,0.0,0.0,0.0,0.0,0.0,1.0,0.0
11,11,0.0,0.0,0.0,0.0,0.0,0.0,0.0,0.0,0.0,0.0,0.0,1.0,0.0
11,11,0.0,0.0,0.0,0.0,0.0,0.0,0.0,0.0,0.0,0.0,0.0,1.0,0.0
11,11,0.0,0.0,0.0,0.0,0.0,0.0,0.0,0.0,0.0,0.0,0.0,1.0,0.0
11,11,0.0,0.0,0.0,0.0,0.0,0.0,0.0,0.0,0.0,0.0,0.0,1.0,0.0
11,11,0.0,0.0,0.0,0.0,0.0,0.0,0.0,0.0,0.0,0.0,0.0,1.0,0.0
11,11,0.0,0.0,0.0,0.0,0.0,0.0,0.0,0.0,0.0,0.0,0.0,1.0,0.0
11,11,0.0,0.0,0.0,0.0,0.0,0.0,0.0,0.0,0.0,0.0,0.0,1.0,0.0
11,11,0.0,0.0,0.0,0.0,0.0,0.0,0.0,0.0,0.0,0.0,0.0,1.0,0.0
11,11,0.0,0.0,0.0,0.0,0.0,0.0,0.0,0.0,0.0,0.0,0.0,1.0,0.0
11,11,0.0,0.0,0.0,0.0,0.0,0.0,0.0,0.0,0.0,0.0,0.0,1.0,0.0
11,11,0.0,0.0,0.0,0.0,0.0,0.0,0.0,0.0,0.0,0.0,0.0,1.0,0.0
11,11,0.0,0.0,0.0,0.0,0.0,0.0,0.0,0.0,0.0,0.0,0.0,1.0,0.0
11,11,0.0,0.0,0.0,0.0,0.0,0.0,0.0,0.0,0.0,0.0,0.0,1.0,0.0
11,11,0.0,0.0,0.0,0.0,0.0,0.0,0.0,0.0,0.0,0.0,0.0,1.0,0.0
11,11,0.0,0.0,0.0,0.0,0.0,0.0,0.0,0.0,0.0,0.0,0.0,1.0,0.0
11,11,0.0,0.0,0.0,0.0,0.0,0.0,0.0,0.0,0.0,0.0,0.0,1.0,0.0
11,11,0.0,0.0,0.0,0.0,0.0,0.0,0.0,0.0,0.0,0.0,0.0,1.0,0.0
11,11,0.0,0.0,0.0,0.0,0.0,0.0,0.0,0.0,0.0,0.0,0.0,1.0,0.0
11,11,0.0,0.0,0.0,0.0,0.0,0.0,0.0,0.0,0.0,0.0,0.0,1.0,0.0
11,11,0.0,0.0,0.0,0.0,0.0,0.0,0.0,0.0,0.0,0.0,0.0,1.0,0.0
11,11,0.0,0.0,0.0,0.0,0.0,0.0,0.0,0.0,0.0,0.0,0.0,1.0,0.0
11,11,0.0,0.0,0.0,0.0,0.0,0.0,0.0,0.0,0.0,0.0,0.0,1.0,0.0
11,11,0.0,0.0,0.0,0.0,0.0,0.0,0.0,0.0,0.0,0.0,0.0,1.0,0.0
11,11,0.0,0.0,0.0,0.0,0.0,0.0,0.0,0.0,0.0,0.0,0.0,1.0,0.0
11,11,0.0,0.0,0.0,0.0,0.0,0.0,0.0,0.0,0.0,0.0,0.0,1.0,0.0
11,11,0.0,0.0,0.0,0.0,0.0,0.0,0.0,0.0,0.0,0.0,0.0,1.0,0.0
11,11,0.0,0.0,0.0,0.0,0.0,0.0,0.0,0.0,0.0,0.0,0.0,1.0,0.0
11,11,0.0,0.0,0.0,0.0,0.0,0.0,0.0,0.0,0.0,0.0,0.0,1.0,0.0
11,11,0.0,0.0,0.0,0.0,0.0,0.0,0.0,0.0,0.0,0.0,0.0,1.0,0.0
11,11,0.0,0.0,0.0,0.0,0.0,0.0,0.0,0.0,0.0,0.0,0.0,1.0,0.0
11,11,0.0,0.0,0.0,0.0,0.0,0.0,0.0,0.0,0.0,0.0,0.0,1.0,0.0
11,11,0.0,0.0,0.0,0.0,0.0,0.0,0.0,0.0,0.0,0.0,0.0,1.0,0.0
11,11,0.0,0.0,0.0,0.0,0.0,0.0,0.0,0.0,0.0,0.0,0.0,1.0,0.0
11,11,0.0,0.0,0.0,0.0,0.0,0.0,0.0,0.0,0.0,0.0,0.0,1.0,0.0
11,11,0.0,0.0,0.0,0.0,0.0,0.0,0.0,0.0,0.0,0.0,0.0,1.0,0.0
11,11,0.0,0.0,0.0,0.0,0.0,0.0,0.0,0.0,0.0,0.0,0.0,1.0,0.0
11,11,0.0,0.0,0.0,0.0,0.0,0.0,0.0,0.0,0.0,0.0,0.0,1.0,0.0
11,11,0.0,0.0,0.0,0.0,0.0,0.0,0.0,0.0,0.0,0.0,0.0,1.0,0.0
11,11,0.0,0.0,0.0,0.0,0.0,0.0,0.0,0.0,0.0,0.0,0.0,1.0,0.0
11,11,0.0,0.0,0.0,0.0,0.0,0.0,0.0,0.0,0.0,0.0,0.0,1.0,0.0
11,11,0.0,0.0,0.0,0.0,0.0,0.0,0.0,0.0,0.0,0.0,0.0,1.0,0.0
11,11,0.0,0.0,0.0,0.0,0.0,0.0,0.0,0.0,0.0,0.0,0.0,1.0,0.0
11,11,0.0,0.0,0.0,0.0,0.0,0.0,0.0,0.0,0.0,0.0,0.0,1.0,0.0
11,11,0.0,0.0,0.0,0.0,0.0,0.0,0.0,0.0,0.0,0.0,0.0,1.0,0.0
11,11,0.0,0.0,0.0,0.0,0.0,0.0,0.0,0.0,0.0,0.0,0.0,1.0,0.0
11,11,0.0,0.0,0.0,0.0,0.0,0.0,0.0,0.0,0.0,0.0,0.0,1.0,0.0
11,11,0.0,0.0,0.0,0.0,0.0,0.0,0.0,0.0,0.0,0.0,0.0,1.0,0.0
11,11,0.0,0.0,0.0,0.0,0.0,0.0,0.0,0.0,0.0,0.0,0.0,1.0,0.0
11,11,0.0,0.0,0.0,0.0,0.0,0.0,0.0,0.0,0.0,0.0,0.0,1.0,0.0
11,11,0.0,0.0,0.0,0.0,0.0,0.0,0.0,0.0,0.0,0.0,0.0,1.0,0.0
11,11,0.0,0.0,0.0,0.0,0.0,0.0,0.0,0.0,0.0,0.0,0.0,1.0,0.0
11,11,0.0,0.0,0.0,0.0,0.0,0.0,0.0,0.0,0.0,0.0,0.0,1.0,0.0
11,11,0.0,0.0,0.0,0.0,0.0,0.0,0.0,0.0,0.0,0.0,0.0,1.0,0.0
11,11,0.0,0.0,0.0,0.0,0.0,0.0,0.0,0.0,0.0,0.0,0.0,1.0,0.0
11,11,0.0,0.0,0.0,0.0,0.0,0.0,0.0,0.0,0.0,0.0,0.0,1.0,0.0
11,11,0.0,0.0,0.0,0.0,0.0,0.0,0.0,0.0,0.0,0.0,0.0,1.0,0.0
11,11,0.0,0.0,0.0,0.0,0.0,0.0,0.0,0.0,0.0,0.0,0.0,1.0,0.0
11,11,0.0,0.0,0.0,0.0,0.0,0.0,0.0,0.0,0.0,0.0,0.0,1.0,0.0
11,11,0.0,0.0,0.0,0.0,0.0,0.0,0.0,0.0,0.0,0.0,0.0,1.0,0.0
11,11,0.0,0.0,0.0,0.0,0.0,0.0,0.0,0.0,0.0,0.0,0.0,1.0,0.0
11,11,0.0,0.0,0.0,0.0,0.0,0.0,0.0,0.0,0.0,0.0,0.0,1.0,0.0
12,11,0.0,0.0,0.0,0.0,0.0,0.0,0.0,0.0,0.0,0.0,0.0,1.0,0.0
12,11,0.0,0.0,0.0,0.0,0.0,0.0,0.0,0.0,0.0,0.0,0.0,1.0,0.0
12,11,0.0,0.0,0.0,0.0,0.0,0.0,0.0,0.0,0.0,0.0,0.0,1.0,0.0
12,11,0.0,0.0,0.0,0.0,0.0,0.0,0.0,0.0,0.0,0.0,0.0,1.0,0.0
12,11,0.0,0.0,0.0,0.0,0.0,0.0,0.0,0.0,0.0,0.0,0.0,1.0,0.0
12,11,0.0,0.0,0.0,0.0,0.0,0.0,0.0,0.0,0.0,0.0,0.0,1.0,0.0
12,11,0.0,0.0,0.0,0.0,0.0,0.0,0.0,0.0,0.0,0.0,0.0,1.0,0.0
12,11,0.0,0.0,0.0,0.0,0.0,0.0,0.0,0.0,0.0,0.0,0.0,1.0,0.0
12,11,0.0,0.0,0.0,0.0,0.0,0.0,0.0,0.0,0.0,0.0,0.0,1.0,0.0
12,11,0.0,0.0,0.0,0.0,0.0,0.0,0.0,0.0,0.0,0.0,0.0,1.0,0.0
12,11,0.0,0.0,0.0,0.0,0.0,0.0,0.0,0.0,0.0,0.0,0.0,1.0,0.0
12,11,0.0,0.0,0.0,0.0,0.0,0.0,0.0,0.0,0.0,0.0,0.0,1.0,0.0
12,11,0.0,0.0,0.0,0.0,0.0,0.0,0.0,0.0,0.0,0.0,0.0,1.0,0.0
12,11,0.0,0.0,0.0,0.0,0.0,0.0,0.0,0.0,0.0,0.0,0.0,1.0,0.0
12,11,0.0,0.0,0.0,0.0,0.0,0.0,0.0,0.0,0.0,0.0,0.0,1.0,0.0
12,11,0.0,0.0,0.0,0.0,0.0,0.0,0.0,0.0,0.0,0.0,0.0,1.0,0.0
12,11,0.0,0.0,0.0,0.0,0.0,0.0,0.0,0.0,0.0,0.0,0.0,1.0,0.0
12,11,0.0,0.0,0.0,0.0,0.0,0.0,0.0,0.0,0.0,0.0,0.0,1.0,0.0
12,11,0.0,0.0,0.0,0.0,0.0,0.0,0.0,0.0,0.0,0.0,0.0,1.0,0.0
12,11,0.0,0.0,0.0,0.0,0.0,0.0,0.0,0.0,0.0,0.0,0.0,1.0,0.0
12,11,0.0,0.0,0.0,0.0,0.0,0.0,0.0,0.0,0.0,0.0,0.0,1.0,0.0
12,11,0.0,0.0,0.0,0.0,0.0,0.0,0.0,0.0,0.0,0.0,0.0,1.0,0.0
12,11,0.0,0.0,0.0,0.0,0.0,0.0,0.0,0.0,0.0,0.0,0.0,1.0,0.0
12,11,0.0,0.0,0.0,0.0,0.0,0.0,0.0,0.0,0.0,0.0,0.0,1.0,0.0
12,11,0.0,0.0,0.0,0.0,0.0,0.0,0.0,0.0,0.0,0.0,0.0,1.0,0.0
12,11,0.0,0.0,0.0,0.0,0.0,0.0,0.0,0.0,0.0,0.0,0.0,1.0,0.0
12,11,0.0,0.0,0.0,0.0,0.0,0.0,0.0,0.0,0.0,0.0,0.0,1.0,0.0
12,11,0.0,0.0,0.0,0.0,0.0,0.0,0.0,0.0,0.0,0.0,0.0,1.0,0.0
12,11,0.0,0.0,0.0,0.0,0.0,0.0,0.0,0.0,0.0,0.0,0.0,1.0,0.0
12,11,0.0,0.0,0.0,0.0,0.0,0.0,0.0,0.0,0.0,0.0,0.0,1.0,0.0
12,11,0.0,0.0,0.0,0.0,0.0,0.0,0.0,0.0,0.0,0.0,0.0,1.0,0.0
12,11,0.0,0.0,0.0,0.0,0.0,0.0,0.0,0.0,0.0,0.0,0.0,1.0,0.0
12,11,0.0,0.0,0.0,0.0,0.0,0.0,0.0,0.0,0.0,0.0,0.0,1.0,0.0
12,11,0.0,0.0,0.0,0.0,0.0,0.0,0.0,0.0,0.0,0.0,0.0,1.0,0.0
12,11,0.0,0.0,0.0,0.0,0.0,0.0,0.0,0.0,0.0,0.0,0.0,1.0,0.0
12,11,0.0,0.0,0.0,0.0,0.0,0.0,0.0,0.0,0.0,0.0,0.0,1.0,0.0
12,11,0.0,0.0,0.0,0.0,0.0,0.0,0.0,0.0,0.0,0.0,0.0,1.0,0.0
12,11,0.0,0.0,0.0,0.0,0.0,0.0,0.0,0.0,0.0,0.0,0.0,1.0,0.0
12,11,0.0,0.0,0.0,0.0,0.0,0.0,0.0,0.0,0.0,0.0,0.0,1.0,0.0
12,11,0.0,0.0,0.0,0.0,0.0,0.0,0.0,0.0,0.0,0.0,0.0,1.0,0.0
12,11,0.0,0.0,0.0,0.0,0.0,0.0,0.0,0.0,0.0,0.0,0.0,1.0,0.0
12,11,0.0,0.0,0.0,0.0,0.0,0.0,0.0,0.0,0.0,0.0,0.0,1.0,0.0
12,11,0.0,0.0,0.0,0.0,0.0,0.0,0.0,0.0,0.0,0.0,0.0,1.0,0.0
12,11,0.0,0.0,0.0,0.0,0.0,0.0,0.0,0.0,0.0,0.0,0.0,1.0,0.0
12,11,0.0,0.0,0.0,0.0,0.0,0.0,0.0,0.0,0.0,0.0,0.0,1.0,0.0
12,11,0.0,0.0,0.0,0.0,0.0,0.0,0.0,0.0,0.0,0.0,0.0,1.0,0.0
12,11,0.0,0.0,0.0,0.0,0.0,0.0,0.0,0.0,0.0,0.0,0.0,1.0,0.0
12,11,0.0,0.0,0.0,0.0,0.0,0.0,0.0,0.0,0.0,0.0,0.0,1.0,0.0
12,11,0.0,0.0,0.0,0.0,0.0,0.0,0.0,0.0,0.0,0.0,0.0,1.0,0.0
12,11,0.0,0.0,0.0,0.0,0.0,0.0,0.0,0.0,0.0,0.0,0.0,1.0,0.0
12,11,0.0,0.0,0.0,0.0,0.0,0.0,0.0,0.0,0.0,0.0,0.0,1.0,0.0
12,11,0.0,0.0,0.0,0.0,0.0,0.0,0.0,0.0,0.0,0.0,0.0,1.0,0.0
12,11,0.0,0.0,0.0,0.0,0.0,0.0,0.0,0.0,0.0,0.0,0.0,1.0,0.0
12,11,0.0,0.0,0.0,0.0,0.0,0.0,0.0,0.0,0.0,0.0,0.0,1.0,0.0
12,11,0.0,0.0,0.0,0.0,0.0,0.0,0.0,0.0,0.0,0.0,0.0,1.0,0.0
12,11,0.0,0.0,0.0,0.0,0.0,0.0,0.0,0.0,0.0,0.0,0.0,1.0,0.0
12,11,0.0,0.0,0.0,0.0,0.0,0.0,0.0,0.0,0.0,0.0,0.0,1.0,0.0
12,11,0.0,0.0,0.0,0.0,0.0,0.0,0.0,0.0,0.0,0.0,0.0,1.0,0.0
12,11,0.0,0.0,0.0,0.0,0.0,0.0,0.0,0.0,0.0,0.0,0.0,1.0,0.0
12,11,0.0,0.0,0.0,0.0,0.0,0.0,0.0,0.0,0.0,0.0,0.0,1.0,0.0
12,11,0.0,0.0,0.0,0.0,0.0,0.0,0.0,0.0,0.0,0.0,0.0,1.0,0.0
12,11,0.0,0.0,0.0,0.0,0.0,0.0,0.0,0.0,0.0,0.0,0.0,1.0,0.0
12,11,0.0,0.0,0.0,0.0,0.0,0.0,0.0,0.0,0.0,0.0,0.0,1.0,0.0
12,11,0.0,0.0,0.0,0.0,0.0,0.0,0.0,0.0,0.0,0.0,0.0,1.0,0.0
12,11,0.0,0.0,0.0,0.0,0.0,0.0,0.0,0.0,0.0,0.0,0.0,1.0,0.0
12,11,0.0,0.0,0.0,0.0,0.0,0.0,0.0,0.0,0.0,0.0,0.0,1.0,0.0
12,11,0.0,0.0,0.0,0.0,0.0,0.0,0.0,0.0,0.0,0.0,0.0,1.0,0.0
12,11,0.0,0.0,0.0,0.0,0.0,0.0,0.0,0.0,0.0,0.0,0.0,1.0,0.0
12,11,0.0,0.0,0.0,0.0,0.0,0.0,0.0,0.0,0.0,0.0,0.0,1.0,0.0
12,11,0.0,0.0,0.0,0.0,0.0,0.0,0.0,0.0,0.0,0.0,0.0,1.0,0.0
12,11,0.0,0.0,0.0,0.0,0.0,0.0,0.0,0.0,0.0,0.0,0.0,1.0,0.0
12,11,0.0,0.0,0.0,0.0,0.0,0.0,0.0,0.0,0.0,0.0,0.0,1.0,0.0
12,11,0.0,0.0,0.0,0.0,0.0,0.0,0.0,0.0,0.0,0.0,0.0,1.0,0.0
12,11,0.0,0.0,0.0,0.0,0.0,0.0,0.0,0.0,0.0,0.0,0.0,1.0,0.0
12,11,0.0,0.0,0.0,0.0,0.0,0.0,0.0,0.0,0.0,0.0,0.0,1.0,0.0
12,11,0.0,0.0,0.0,0.0,0.0,0.0,0.0,0.0,0.0,0.0,0.0,1.0,0.0
12,11,0.0,0.0,0.0,0.0,0.0,0.0,0.0,0.0,0.0,0.0,0.0,1.0,0.0
12,11,0.0,0.0,0.0,0.0,0.0,0.0,0.0,0.0,0.0,0.0,0.0,1.0,0.0
12,11,0.0,0.0,0.0,0.0,0.0,0.0,0.0,0.0,0.0,0.0,0.0,1.0,0.0
12,11,0.0,0.0,0.0,0.0,0.0,0.0,0.0,0.0,0.0,0.0,0.0,1.0,0.0
12,11,0.0,0.0,0.0,0.0,0.0,0.0,0.0,0.0,0.0,0.0,0.0,1.0,0.0
12,11,0.0,0.0,0.0,0.0,0.0,0.0,0.0,0.0,0.0,0.0,0.0,1.0,0.0
12,11,0.0,0.0,0.0,0.0,0.0,0.0,0.0,0.0,0.0,0.0,0.0,1.0,0.0
12,11,0.0,0.0,0.0,0.0,0.0,0.0,0.0,0.0,0.0,0.0,0.0,1.0,0.0
12,11,0.0,0.0,0.0,0.0,0.0,0.0,0.0,0.0,0.0,0.0,0.0,1.0,0.0
12,11,0.0,0.0,0.0,0.0,0.0,0.0,0.0,0.0,0.0,0.0,0.0,1.0,0.0
12,11,0.0,0.0,0.0,0.0,0.0,0.0,0.0,0.0,0.0,0.0,0.0,1.0,0.0
12,11,0.0,0.0,0.0,0.0,0.0,0.0,0.0,0.0,0.0,0.0,0.0,1.0,0.0
12,11,0.0,0.0,0.0,0.0,0.0,0.0,0.0,0.0,0.0,0.0,0.0,1.0,0.0
12,11,0.0,0.0,0.0,0.0,0.0,0.0,0.0,0.0,0.0,0.0,0.0,1.0,0.0
12,11,0.0,0.0,0.0,0.0,0.0,0.0,0.0,0.0,0.0,0.0,0.0,1.0,0.0
12,11,0.0,0.0,0.0,0.0,0.0,0.0,0.0,0.0,0.0,0.0,0.0,1.0,0.0
12,11,0.0,0.0,0.0,0.0,0.0,0.0,0.0,0.0,0.0,0.0,0.0,1.0,0.0
12,11,0.0,0.0,0.0,0.0,0.0,0.0,0.0,0.0,0.0,0.0,0.0,1.0,0.0
12,11,0.0,0.0,0.0,0.0,0.0,0.0,0.0,0.0,0.0,0.0,0.0,1.0,0.0
12,11,0.0,0.0,0.0,0.0,0.0,0.0,0.0,0.0,0.0,0.0,0.0,1.0,0.0
12,11,0.0,0.0,0.0,0.0,0.0,0.0,0.0,0.0,0.0,0.0,0.0,1.0,0.0
12,11,0.0,0.0,0.0,0.0,0.0,0.0,0.0,0.0,0.0,0.0,0.0,1.0,0.0
12,11,0.0,0.0,0.0,0.0,0.0,0.0,0.0,0.0,0.0,0.0,0.0,1.0,0.0
12,11,0.0,0.0,0.0,0.0,0.0,0.0,0.0,0.0,0.0,0.0,0.0,1.0,0.0
12,11,0.0,0.0,0.0,0.0,0.0,0.0,0.0,0.0,0.0,0.0,0.0,1.0,0.0
12,11,0.0,0.0,0.0,0.0,0.0,0.0,0.0,0.0,0.0,0.0,0.0,1.0,0.0
12,11,0.0,0.0,0.0,0.0,0.0,0.0,0.0,0.0,0.0,0.0,0.0,1.0,0.0
12,11,0.0,0.0,0.0,0.0,0.0,0.0,0.0,0.0,0.0,0.0,0.0,1.0,0.0
12,11,0.0,0.0,0.0,0.0,0.0,0.0,0.0,0.0,0.0,0.0,0.0,1.0,0.0
12,11,0.0,0.0,0.0,0.0,0.0,0.0,0.0,0.0,0.0,0.0,0.0,1.0,0.0
12,11,0.0,0.0,0.0,0.0,0.0,0.0,0.0,0.0,0.0,0.0,0.0,1.0,0.0
12,11,0.0,0.0,0.0,0.0,0.0,0.0,0.0,0.0,0.0,0.0,0.0,1.0,0.0
12,11,0.0,0.0,0.0,0.0,0.0,0.0,0.0,0.0,0.0,0.0,0.0,1.0,0.0
12,11,0.0,0.0,0.0,0.0,0.0,0.0,0.0,0.0,0.0,0.0,0.0,1.0,0.0
12,11,0.0,0.0,0.0,0.0,0.0,0.0,0.0,0.0,0.0,0.0,0.0,1.0,0.0
12,11,0.0,0.0,0.0,0.0,0.0,0.0,0.0,0.0,0.0,0.0,0.0,1.0,0.0
12,11,0.0,0.0,0.0,0.0,0.0,0.0,0.0,0.0,0.0,0.0,0.0,1.0,0.0
12,11,0.0,0.0,0.0,0.0,0.0,0.0,0.0,0.0,0.0,0.0,0.0,1.0,0.0
12,11,0.0,0.0,0.0,0.0,0.0,0.0,0.0,0.0,0.0,0.0,0.0,1.0,0.0
12,11,0.0,0.0,0.0,0.0,0.0,0.0,0.0,0.0,0.0,0.0,0.0,1.0,0.0
12,11,0.0,0.0,0.0,0.0,0.0,0.0,0.0,0.0,0.0,0.0,0.0,1.0,0.0
12,11,0.0,0.0,0.0,0.0,0.0,0.0,0.0,0.0,0.0,0.0,0.0,1.0,0.0
12,11,0.0,0.0,0.0,0.0,0.0,0.0,0.0,0.0,0.0,0.0,0.0,1.0,0.0
12,11,0.0,0.0,0.0,0.0,0.0,0.0,0.0,0.0,0.0,0.0,0.0,1.0,0.0
12,11,0.0,0.0,0.0,0.0,0.0,0.0,0.0,0.0,0.0,0.0,0.0,1.0,0.0
12,11,0.0,0.0,0.0,0.0,0.0,0.0,0.0,0.0,0.0,0.0,0.0,1.0,0.0
12,11,0.0,0.0,0.0,0.0,0.0,0.0,0.0,0.0,0.0,0.0,0.0,1.0,0.0
12,11,0.0,0.0,0.0,0.0,0.0,0.0,0.0,0.0,0.0,0.0,0.0,1.0,0.0
12,11,0.0,0.0,0.0,0.0,0.0,0.0,0.0,0.0,0.0,0.0,0.0,1.0,0.0
12,11,0.0,0.0,0.0,0.0,0.0,0.0,0.0,0.0,0.0,0.0,0.0,1.0,0.0
12,11,0.0,0.0,0.0,0.0,0.0,0.0,0.0,0.0,0.0,0.0,0.0,1.0,0.0
12,11,0.0,0.0,0.0,0.0,0.0,0.0,0.0,0.0,0.0,0.0,0.0,1.0,0.0
12,11,0.0,0.0,0.0,0.0,0.0,0.0,0.0,0.0,0.0,0.0,0.0,1.0,0.0
12,11,0.0,0.0,0.0,0.0,0.0,0.0,0.0,0.0,0.0,0.0,0.0,1.0,0.0
12,11,0.0,0.0,0.0,0.0,0.0,0.0,0.0,0.0,0.0,0.0,0.0,1.0,0.0
12,11,0.0,0.0,0.0,0.0,0.0,0.0,0.0,0.0,0.0,0.0,0.0,1.0,0.0
12,11,0.0,0.0,0.0,0.0,0.0,0.0,0.0,0.0,0.0,0.0,0.0,1.0,0.0
12,11,0.0,0.0,0.0,0.0,0.0,0.0,0.0,0.0,0.0,0.0,0.0,1.0,0.0
12,11,0.0,0.0,0.0,0.0,0.0,0.0,0.0,0.0,0.0,0.0,0.0,1.0,0.0
12,11,0.0,0.0,0.0,0.0,0.0,0.0,0.0,0.0,0.0,0.0,0.0,1.0,0.0
12,11,0.0,0.0,0.0,0.0,0.0,0.0,0.0,0.0,0.0,0.0,0.0,1.0,0.0
12,11,0.0,0.0,0.0,0.0,0.0,0.0,0.0,0.0,0.0,0.0,0.0,1.0,0.0
12,11,0.0,0.0,0.0,0.0,0.0,0.0,0.0,0.0,0.0,0.0,0.0,1.0,0.0
12,11,0.0,0.0,0.0,0.0,0.0,0.0,0.0,0.0,0.0,0.0,0.0,1.0,0.0
12,11,0.0,0.0,0.0,0.0,0.0,0.0,0.0,0.0,0.0,0.0,0.0,1.0,0.0
12,11,0.0,0.0,0.0,0.0,0.0,0.0,0.0,0.0,0.0,0.0,0.0,1.0,0.0
12,11,0.0,0.0,0.0,0.0,0.0,0.0,0.0,0.0,0.0,0.0,0.0,1.0,0.0
12,11,0.0,0.0,0.0,0.0,0.0,0.0,0.0,0.0,0.0,0.0,0.0,1.0,0.0
12,11,0.0,0.0,0.0,0.0,0.0,0.0,0.0,0.0,0.0,0.0,0.0,1.0,0.0
12,11,0.0,0.0,0.0,0.0,0.0,0.0,0.0,0.0,0.0,0.0,0.0,1.0,0.0
12,11,0.0,0.0,0.0,0.0,0.0,0.0,0.0,0.0,0.0,0.0,0.0,1.0,0.0
12,11,0.0,0.0,0.0,0.0,0.0,0.0,0.0,0.0,0.0,0.0,0.0,1.0,0.0
12,11,0.0,0.0,0.0,0.0,0.0,0.0,0.0,0.0,0.0,0.0,0.0,1.0,0.0
12,11,0.0,0.0,0.0,0.0,0.0,0.0,0.0,0.0,0.0,0.0,0.0,1.0,0.0
12,11,0.0,0.0,0.0,0.0,0.0,0.0,0.0,0.0,0.0,0.0,0.0,1.0,0.0
12,11,0.0,0.0,0.0,0.0,0.0,0.0,0.0,0.0,0.0,0.0,0.0,1.0,0.0
12,11,0.0,0.0,0.0,0.0,0.0,0.0,0.0,0.0,0.0,0.0,0.0,1.0,0.0
12,11,0.0,0.0,0.0,0.0,0.0,0.0,0.0,0.0,0.0,0.0,0.0,1.0,0.0
12,11,0.0,0.0,0.0,0.0,0.0,0.0,0.0,0.0,0.0,0.0,0.0,1.0,0.0
12,11,0.0,0.0,0.0,0.0,0.0,0.0,0.0,0.0,0.0,0.0,0.0,1.0,0.0
12,11,0.0,0.0,0.0,0.0,0.0,0.0,0.0,0.0,0.0,0.0,0.0,1.0,0.0
12,11,0.0,0.0,0.0,0.0,0.0,0.0,0.0,0.0,0.0,0.0,0.0,1.0,0.0
12,11,0.0,0.0,0.0,0.0,0.0,0.0,0.0,0.0,0.0,0.0,0.0,1.0,0.0
12,11,0.0,0.0,0.0,0.0,0.0,0.0,0.0,0.0,0.0,0.0,0.0,1.0,0.0
12,11,0.0,0.0,0.0,0.0,0.0,0.0,0.0,0.0,0.0,0.0,0.0,1.0,0.0
12,11,0.0,0.0,0.0,0.0,0.0,0.0,0.0,0.0,0.0,0.0,0.0,1.0,0.0
12,11,0.0,0.0,0.0,0.0,0.0,0.0,0.0,0.0,0.0,0.0,0.0,1.0,0.0
12,11,0.0,0.0,0.0,0.0,0.0,0.0,0.0,0.0,0.0,0.0,0.0,1.0,0.0
12,11,0.0,0.0,0.0,0.0,0.0,0.0,0.0,0.0,0.0,0.0,0.0,1.0,0.0
12,11,0.0,0.0,0.0,0.0,0.0,0.0,0.0,0.0,0.0,0.0,0.0,1.0,0.0
12,11,0.0,0.0,0.0,0.0,0.0,0.0,0.0,0.0,0.0,0.0,0.0,1.0,0.0
12,11,0.0,0.0,0.0,0.0,0.0,0.0,0.0,0.0,0.0,0.0,0.0,1.0,0.0
12,11,0.0,0.0,0.0,0.0,0.0,0.0,0.0,0.0,0.0,0.0,0.0,1.0,0.0
12,11,0.0,0.0,0.0,0.0,0.0,0.0,0.0,0.0,0.0,0.0,0.0,1.0,0.0
12,11,0.0,0.0,0.0,0.0,0.0,0.0,0.0,0.0,0.0,0.0,0.0,1.0,0.0
12,11,0.0,0.0,0.0,0.0,0.0,0.0,0.0,0.0,0.0,0.0,0.0,1.0,0.0
12,11,0.0,0.0,0.0,0.0,0.0,0.0,0.0,0.0,0.0,0.0,0.0,1.0,0.0
12,11,0.0,0.0,0.0,0.0,0.0,0.0,0.0,0.0,0.0,0.0,0.0,1.0,0.0
12,11,0.0,0.0,0.0,0.0,0.0,0.0,0.0,0.0,0.0,0.0,0.0,1.0,0.0
12,11,0.0,0.0,0.0,0.0,0.0,0.0,0.0,0.0,0.0,0.0,0.0,1.0,0.0
12,11,0.0,0.0,0.0,0.0,0.0,0.0,0.0,0.0,0.0,0.0,0.0,1.0,0.0
12,11,0.0,0.0,0.0,0.0,0.0,0.0,0.0,0.0,0.0,0.0,0.0,1.0,0.0
12,11,0.0,0.0,0.0,0.0,0.0,0.0,0.0,0.0,0.0,0.0,0.0,1.0,0.0
12,11,0.0,0.0,0.0,0.0,0.0,0.0,0.0,0.0,0.0,0.0,0.0,1.0,0.0
12,11,0.0,0.0,0.0,0.0,0.0,0.0,0.0,0.0,0.0,0.0,0.0,1.0,0.0
12,11,0.0,0.0,0.0,0.0,0.0,0.0,0.0,0.0,0.0,0.0,0.0,1.0,0.0
12,11,0.0,0.0,0.0,0.0,0.0,0.0,0.0,0.0,0.0,0.0,0.0,1.0,0.0
12,11,0.0,0.0,0.0,0.0,0.0,0.0,0.0,0.0,0.0,0.0,0.0,1.0,0.0
12,11,0.0,0.0,0.0,0.0,0.0,0.0,0.0,0.0,0.0,0.0,0.0,1.0,0.0
12,11,0.0,0.0,0.0,0.0,0.0,0.0,0.0,0.0,0.0,0.0,0.0,1.0,0.0
12,11,0.0,0.0,0.0,0.0,0.0,0.0,0.0,0.0,0.0,0.0,0.0,1.0,0.0
12,11,0.0,0.0,0.0,0.0,0.0,0.0,0.0,0.0,0.0,0.0,0.0,1.0,0.0
12,11,0.0,0.0,0.0,0.0,0.0,0.0,0.0,0.0,0.0,0.0,0.0,1.0,0.0
12,11,0.0,0.0,0.0,0.0,0.0,0.0,0.0,0.0,0.0,0.0,0.0,1.0,0.0
12,11,0.0,0.0,0.0,0.0,0.0,0.0,0.0,0.0,0.0,0.0,0.0,1.0,0.0
12,11,0.0,0.0,0.0,0.0,0.0,0.0,0.0,0.0,0.0,0.0,0.0,1.0,0.0
12,11,0.0,0.0,0.0,0.0,0.0,0.0,0.0,0.0,0.0,0.0,0.0,1.0,0.0
12,11,0.0,0.0,0.0,0.0,0.0,0.0,0.0,0.0,0.0,0.0,0.0,1.0,0.0
12,11,0.0,0.0,0.0,0.0,0.0,0.0,0.0,0.0,0.0,0.0,0.0,1.0,0.0
12,11,0.0,0.0,0.0,0.0,0.0,0.0,0.0,0.0,0.0,0.0,0.0,1.0,0.0
12,11,0.0,0.0,0.0,0.0,0.0,0.0,0.0,0.0,0.0,0.0,0.0,1.0,0.0
12,11,0.0,0.0,0.0,0.0,0.0,0.0,0.0,0.0,0.0,0.0,0.0,1.0,0.0
12,11,0.0,0.0,0.0,0.0,0.0,0.0,0.0,0.0,0.0,0.0,0.0,1.0,0.0
12,11,0.0,0.0,0.0,0.0,0.0,0.0,0.0,0.0,0.0,0.0,0.0,1.0,0.0
12,11,0.0,0.0,0.0,0.0,0.0,0.0,0.0,0.0,0.0,0.0,0.0,1.0,0.0
12,11,0.0,0.0,0.0,0.0,0.0,0.0,0.0,0.0,0.0,0.0,0.0,1.0,0.0
12,11,0.0,0.0,0.0,0.0,0.0,0.0,0.0,0.0,0.0,0.0,0.0,1.0,0.0
12,11,0.0,0.0,0.0,0.0,0.0,0.0,0.0,0.0,0.0,0.0,0.0,1.0,0.0
12,11,0.0,0.0,0.0,0.0,0.0,0.0,0.0,0.0,0.0,0.0,0.0,1.0,0.0
12,11,0.0,0.0,0.0,0.0,0.0,0.0,0.0,0.0,0.0,0.0,0.0,1.0,0.0
12,11,0.0,0.0,0.0,0.0,0.0,0.0,0.0,0.0,0.0,0.0,0.0,1.0,0.0
12,11,0.0,0.0,0.0,0.0,0.0,0.0,0.0,0.0,0.0,0.0,0.0,1.0,0.0
12,11,0.0,0.0,0.0,0.0,0.0,0.0,0.0,0.0,0.0,0.0,0.0,1.0,0.0
12,11,0.0,0.0,0.0,0.0,0.0,0.0,0.0,0.0,0.0,0.0,0.0,1.0,0.0
12,11,0.0,0.0,0.0,0.0,0.0,0.0,0.0,0.0,0.0,0.0,0.0,1.0,0.0
12,11,0.0,0.0,0.0,0.0,0.0,0.0,0.0,0.0,0.0,0.0,0.0,1.0,0.0
12,11,0.0,0.0,0.0,0.0,0.0,0.0,0.0,0.0,0.0,0.0,0.0,1.0,0.0
12,11,0.0,0.0,0.0,0.0,0.0,0.0,0.0,0.0,0.0,0.0,0.0,1.0,0.0
12,11,0.0,0.0,0.0,0.0,0.0,0.0,0.0,0.0,0.0,0.0,0.0,1.0,0.0
12,11,0.0,0.0,0.0,0.0,0.0,0.0,0.0,0.0,0.0,0.0,0.0,1.0,0.0
12,11,0.0,0.0,0.0,0.0,0.0,0.0,0.0,0.0,0.0,0.0,0.0,1.0,0.0
12,11,0.0,0.0,0.0,0.0,0.0,0.0,0.0,0.0,0.0,0.0,0.0,1.0,0.0
12,11,0.0,0.0,0.0,0.0,0.0,0.0,0.0,0.0,0.0,0.0,0.0,1.0,0.0
12,11,0.0,0.0,0.0,0.0,0.0,0.0,0.0,0.0,0.0,0.0,0.0,1.0,0.0
12,11,0.0,0.0,0.0,0.0,0.0,0.0,0.0,0.0,0.0,0.0,0.0,1.0,0.0
12,11,0.0,0.0,0.0,0.0,0.0,0.0,0.0,0.0,0.0,0.0,0.0,1.0,0.0
12,11,0.0,0.0,0.0,0.0,0.0,0.0,0.0,0.0,0.0,0.0,0.0,1.0,0.0
12,11,0.0,0.0,0.0,0.0,0.0,0.0,0.0,0.0,0.0,0.0,0.0,1.0,0.0
12,11,0.0,0.0,0.0,0.0,0.0,0.0,0.0,0.0,0.0,0.0,0.0,1.0,0.0
12,11,0.0,0.0,0.0,0.0,0.0,0.0,0.0,0.0,0.0,0.0,0.0,1.0,0.0
12,11,0.0,0.0,0.0,0.0,0.0,0.0,0.0,0.0,0.0,0.0,0.0,1.0,0.0
12,11,0.0,0.0,0.0,0.0,0.0,0.0,0.0,0.0,0.0,0.0,0.0,1.0,0.0
12,11,0.0,0.0,0.0,0.0,0.0,0.0,0.0,0.0,0.0,0.0,0.0,1.0,0.0
12,11,0.0,0.0,0.0,0.0,0.0,0.0,0.0,0.0,0.0,0.0,0.0,1.0,0.0
12,11,0.0,0.0,0.0,0.0,0.0,0.0,0.0,0.0,0.0,0.0,0.0,1.0,0.0
12,11,0.0,0.0,0.0,0.0,0.0,0.0,0.0,0.0,0.0,0.0,0.0,1.0,0.0
12,11,0.0,0.0,0.0,0.0,0.0,0.0,0.0,0.0,0.0,0.0,0.0,1.0,0.0
12,11,0.0,0.0,0.0,0.0,0.0,0.0,0.0,0.0,0.0,0.0,0.0,1.0,0.0
12,11,0.0,0.0,0.0,0.0,0.0,0.0,0.0,0.0,0.0,0.0,0.0,1.0,0.0
12,11,0.0,0.0,0.0,0.0,0.0,0.0,0.0,0.0,0.0,0.0,0.0,1.0,0.0
12,11,0.0,0.0,0.0,0.0,0.0,0.0,0.0,0.0,0.0,0.0,0.0,1.0,0.0
12,11,0.0,0.0,0.0,0.0,0.0,0.0,0.0,0.0,0.0,0.0,0.0,1.0,0.0
12,11,0.0,0.0,0.0,0.0,0.0,0.0,0.0,0.0,0.0,0.0,0.0,1.0,0.0
12,11,0.0,0.0,0.0,0.0,0.0,0.0,0.0,0.0,0.0,0.0,0.0,1.0,0.0
12,11,0.0,0.0,0.0,0.0,0.0,0.0,0.0,0.0,0.0,0.0,0.0,1.0,0.0
12,11,0.0,0.0,0.0,0.0,0.0,0.0,0.0,0.0,0.0,0.0,0.0,1.0,0.0
12,11,0.0,0.0,0.0,0.0,0.0,0.0,0.0,0.0,0.0,0.0,0.0,1.0,0.0
12,11,0.0,0.0,0.0,0.0,0.0,0.0,0.0,0.0,0.0,0.0,0.0,1.0,0.0
12,11,0.0,0.0,0.0,0.0,0.0,0.0,0.0,0.0,0.0,0.0,0.0,1.0,0.0
12,11,0.0,0.0,0.0,0.0,0.0,0.0,0.0,0.0,0.0,0.0,0.0,1.0,0.0
12,11,0.0,0.0,0.0,0.0,0.0,0.0,0.0,0.0,0.0,0.0,0.0,1.0,0.0
12,11,0.0,0.0,0.0,0.0,0.0,0.0,0.0,0.0,0.0,0.0,0.0,1.0,0.0
12,11,0.0,0.0,0.0,0.0,0.0,0.0,0.0,0.0,0.0,0.0,0.0,1.0,0.0
12,11,0.0,0.0,0.0,0.0,0.0,0.0,0.0,0.0,0.0,0.0,0.0,1.0,0.0
12,11,0.0,0.0,0.0,0.0,0.0,0.0,0.0,0.0,0.0,0.0,0.0,1.0,0.0
12,11,0.0,0.0,0.0,0.0,0.0,0.0,0.0,0.0,0.0,0.0,0.0,1.0,0.0
12,11,0.0,0.0,0.0,0.0,0.0,0.0,0.0,0.0,0.0,0.0,0.0,1.0,0.0
12,11,0.0,0.0,0.0,0.0,0.0,0.0,0.0,0.0,0.0,0.0,0.0,1.0,0.0
12,11,0.0,0.0,0.0,0.0,0.0,0.0,0.0,0.0,0.0,0.0,0.0,1.0,0.0
12,11,0.0,0.0,0.0,0.0,0.0,0.0,0.0,0.0,0.0,0.0,0.0,1.0,0.0
12,11,0.0,0.0,0.0,0.0,0.0,0.0,0.0,0.0,0.0,0.0,0.0,1.0,0.0
12,11,0.0,0.0,0.0,0.0,0.0,0.0,0.0,0.0,0.0,0.0,0.0,1.0,0.0
12,11,0.0,0.0,0.0,0.0,0.0,0.0,0.0,0.0,0.0,0.0,0.0,1.0,0.0
12,11,0.0,0.0,0.0,0.0,0.0,0.0,0.0,0.0,0.0,0.0,0.0,1.0,0.0
12,11,0.0,0.0,0.0,0.0,0.0,0.0,0.0,0.0,0.0,0.0,0.0,1.0,0.0
12,11,0.0,0.0,0.0,0.0,0.0,0.0,0.0,0.0,0.0,0.0,0.0,1.0,0.0
12,11,0.0,0.0,0.0,0.0,0.0,0.0,0.0,0.0,0.0,0.0,0.0,1.0,0.0
12,11,0.0,0.0,0.0,0.0,0.0,0.0,0.0,0.0,0.0,0.0,0.0,1.0,0.0
12,11,0.0,0.0,0.0,0.0,0.0,0.0,0.0,0.0,0.0,0.0,0.0,1.0,0.0
12,11,0.0,0.0,0.0,0.0,0.0,0.0,0.0,0.0,0.0,0.0,0.0,1.0,0.0
12,11,0.0,0.0,0.0,0.0,0.0,0.0,0.0,0.0,0.0,0.0,0.0,1.0,0.0
12,11,0.0,0.0,0.0,0.0,0.0,0.0,0.0,0.0,0.0,0.0,0.0,1.0,0.0
12,11,0.0,0.0,0.0,0.0,0.0,0.0,0.0,0.0,0.0,0.0,0.0,1.0,0.0
12,11,0.0,0.0,0.0,0.0,0.0,0.0,0.0,0.0,0.0,0.0,0.0,1.0,0.0
12,11,0.0,0.0,0.0,0.0,0.0,0.0,0.0,0.0,0.0,0.0,0.0,1.0,0.0
12,11,0.0,0.0,0.0,0.0,0.0,0.0,0.0,0.0,0.0,0.0,0.0,1.0,0.0
12,11,0.0,0.0,0.0,0.0,0.0,0.0,0.0,0.0,0.0,0.0,0.0,1.0,0.0
12,11,0.0,0.0,0.0,0.0,0.0,0.0,0.0,0.0,0.0,0.0,0.0,1.0,0.0
12,11,0.0,0.0,0.0,0.0,0.0,0.0,0.0,0.0,0.0,0.0,0.0,1.0,0.0
12,11,0.0,0.0,0.0,0.0,0.0,0.0,0.0,0.0,0.0,0.0,0.0,1.0,0.0
12,11,0.0,0.0,0.0,0.0,0.0,0.0,0.0,0.0,0.0,0.0,0.0,1.0,0.0
12,11,0.0,0.0,0.0,0.0,0.0,0.0,0.0,0.0,0.0,0.0,0.0,1.0,0.0
12,11,0.0,0.0,0.0,0.0,0.0,0.0,0.0,0.0,0.0,0.0,0.0,1.0,0.0
12,11,0.0,0.0,0.0,0.0,0.0,0.0,0.0,0.0,0.0,0.0,0.0,1.0,0.0
12,11,0.0,0.0,0.0,0.0,0.0,0.0,0.0,0.0,0.0,0.0,0.0,1.0,0.0
12,11,0.0,0.0,0.0,0.0,0.0,0.0,0.0,0.0,0.0,0.0,0.0,1.0,0.0
12,11,0.0,0.0,0.0,0.0,0.0,0.0,0.0,0.0,0.0,0.0,0.0,1.0,0.0
12,11,0.0,0.0,0.0,0.0,0.0,0.0,0.0,0.0,0.0,0.0,0.0,1.0,0.0
12,11,0.0,0.0,0.0,0.0,0.0,0.0,0.0,0.0,0.0,0.0,0.0,1.0,0.0
12,11,0.0,0.0,0.0,0.0,0.0,0.0,0.0,0.0,0.0,0.0,0.0,1.0,0.0
12,11,0.0,0.0,0.0,0.0,0.0,0.0,0.0,0.0,0.0,0.0,0.0,1.0,0.0
12,11,0.0,0.0,0.0,0.0,0.0,0.0,0.0,0.0,0.0,0.0,0.0,1.0,0.0
12,11,0.0,0.0,0.0,0.0,0.0,0.0,0.0,0.0,0.0,0.0,0.0,1.0,0.0
12,11,0.0,0.0,0.0,0.0,0.0,0.0,0.0,0.0,0.0,0.0,0.0,1.0,0.0
12,11,0.0,0.0,0.0,0.0,0.0,0.0,0.0,0.0,0.0,0.0,0.0,1.0,0.0
12,11,0.0,0.0,0.0,0.0,0.0,0.0,0.0,0.0,0.0,0.0,0.0,1.0,0.0
12,11,0.0,0.0,0.0,0.0,0.0,0.0,0.0,0.0,0.0,0.0,0.0,1.0,0.0
12,11,0.0,0.0,0.0,0.0,0.0,0.0,0.0,0.0,0.0,0.0,0.0,1.0,0.0
12,11,0.0,0.0,0.0,0.0,0.0,0.0,0.0,0.0,0.0,0.0,0.0,1.0,0.0
12,11,0.0,0.0,0.0,0.0,0.0,0.0,0.0,0.0,0.0,0.0,0.0,1.0,0.0
12,11,0.0,0.0,0.0,0.0,0.0,0.0,0.0,0.0,0.0,0.0,0.0,1.0,0.0
12,11,0.0,0.0,0.0,0.0,0.0,0.0,0.0,0.0,0.0,0.0,0.0,1.0,0.0
12,11,0.0,0.0,0.0,0.0,0.0,0.0,0.0,0.0,0.0,0.0,0.0,1.0,0.0
12,11,0.0,0.0,0.0,0.0,0.0,0.0,0.0,0.0,0.0,0.0,0.0,1.0,0.0
12,11,0.0,0.0,0.0,0.0,0.0,0.0,0.0,0.0,0.0,0.0,0.0,1.0,0.0
12,11,0.0,0.0,0.0,0.0,0.0,0.0,0.0,0.0,0.0,0.0,0.0,1.0,0.0
12,11,0.0,0.0,0.0,0.0,0.0,0.0,0.0,0.0,0.0,0.0,0.0,1.0,0.0
12,11,0.0,0.0,0.0,0.0,0.0,0.0,0.0,0.0,0.0,0.0,0.0,1.0,0.0
12,11,0.0,0.0,0.0,0.0,0.0,0.0,0.0,0.0,0.0,0.0,0.0,1.0,0.0
12,11,0.0,0.0,0.0,0.0,0.0,0.0,0.0,0.0,0.0,0.0,0.0,1.0,0.0
12,11,0.0,0.0,0.0,0.0,0.0,0.0,0.0,0.0,0.0,0.0,0.0,1.0,0.0
12,11,0.0,0.0,0.0,0.0,0.0,0.0,0.0,0.0,0.0,0.0,0.0,1.0,0.0
12,11,0.0,0.0,0.0,0.0,0.0,0.0,0.0,0.0,0.0,0.0,0.0,1.0,0.0
12,11,0.0,0.0,0.0,0.0,0.0,0.0,0.0,0.0,0.0,0.0,0.0,1.0,0.0
12,11,0.0,0.0,0.0,0.0,0.0,0.0,0.0,0.0,0.0,0.0,0.0,1.0,0.0
12,11,0.0,0.0,0.0,0.0,0.0,0.0,0.0,0.0,0.0,0.0,0.0,1.0,0.0
12,11,0.0,0.0,0.0,0.0,0.0,0.0,0.0,0.0,0.0,0.0,0.0,1.0,0.0
12,11,0.0,0.0,0.0,0.0,0.0,0.0,0.0,0.0,0.0,0.0,0.0,1.0,0.0
12,11,0.0,0.0,0.0,0.0,0.0,0.0,0.0,0.0,0.0,0.0,0.0,1.0,0.0
12,11,0.0,0.0,0.0,0.0,0.0,0.0,0.0,0.0,0.0,0.0,0.0,1.0,0.0
12,11,0.0,0.0,0.0,0.0,0.0,0.0,0.0,0.0,0.0,0.0,0.0,1.0,0.0
12,11,0.0,0.0,0.0,0.0,0.0,0.0,0.0,0.0,0.0,0.0,0.0,1.0,0.0
12,11,0.0,0.0,0.0,0.0,0.0,0.0,0.0,0.0,0.0,0.0,0.0,1.0,0.0
12,11,0.0,0.0,0.0,0.0,0.0,0.0,0.0,0.0,0.0,0.0,0.0,1.0,0.0
12,11,0.0,0.0,0.0,0.0,0.0,0.0,0.0,0.0,0.0,0.0,0.0,1.0,0.0
12,11,0.0,0.0,0.0,0.0,0.0,0.0,0.0,0.0,0.0,0.0,0.0,1.0,0.0
12,11,0.0,0.0,0.0,0.0,0.0,0.0,0.0,0.0,0.0,0.0,0.0,1.0,0.0
12,11,0.0,0.0,0.0,0.0,0.0,0.0,0.0,0.0,0.0,0.0,0.0,1.0,0.0
12,11,0.0,0.0,0.0,0.0,0.0,0.0,0.0,0.0,0.0,0.0,0.0,1.0,0.0
12,11,0.0,0.0,0.0,0.0,0.0,0.0,0.0,0.0,0.0,0.0,0.0,1.0,0.0
12,11,0.0,0.0,0.0,0.0,0.0,0.0,0.0,0.0,0.0,0.0,0.0,1.0,0.0
12,11,0.0,0.0,0.0,0.0,0.0,0.0,0.0,0.0,0.0,0.0,0.0,1.0,0.0
12,11,0.0,0.0,0.0,0.0,0.0,0.0,0.0,0.0,0.0,0.0,0.0,1.0,0.0
12,11,0.0,0.0,0.0,0.0,0.0,0.0,0.0,0.0,0.0,0.0,0.0,1.0,0.0
12,11,0.0,0.0,0.0,0.0,0.0,0.0,0.0,0.0,0.0,0.0,0.0,1.0,0.0
12,11,0.0,0.0,0.0,0.0,0.0,0.0,0.0,0.0,0.0,0.0,0.0,1.0,0.0
12,11,0.0,0.0,0.0,0.0,0.0,0.0,0.0,0.0,0.0,0.0,0.0,1.0,0.0
12,11,0.0,0.0,0.0,0.0,0.0,0.0,0.0,0.0,0.0,0.0,0.0,1.0,0.0
12,11,0.0,0.0,0.0,0.0,0.0,0.0,0.0,0.0,0.0,0.0,0.0,1.0,0.0
12,11,0.0,0.0,0.0,0.0,0.0,0.0,0.0,0.0,0.0,0.0,0.0,1.0,0.0
12,11,0.0,0.0,0.0,0.0,0.0,0.0,0.0,0.0,0.0,0.0,0.0,1.0,0.0
12,11,0.0,0.0,0.0,0.0,0.0,0.0,0.0,0.0,0.0,0.0,0.0,1.0,0.0
12,11,0.0,0.0,0.0,0.0,0.0,0.0,0.0,0.0,0.0,0.0,0.0,1.0,0.0
12,11,0.0,0.0,0.0,0.0,0.0,0.0,0.0,0.0,0.0,0.0,0.0,1.0,0.0
12,11,0.0,0.0,0.0,0.0,0.0,0.0,0.0,0.0,0.0,0.0,0.0,1.0,0.0
12,11,0.0,0.0,0.0,0.0,0.0,0.0,0.0,0.0,0.0,0.0,0.0,1.0,0.0
12,11,0.0,0.0,0.0,0.0,0.0,0.0,0.0,0.0,0.0,0.0,0.0,1.0,0.0
12,11,0.0,0.0,0.0,0.0,0.0,0.0,0.0,0.0,0.0,0.0,0.0,1.0,0.0
12,11,0.0,0.0,0.0,0.0,0.0,0.0,0.0,0.0,0.0,0.0,0.0,1.0,0.0
12,11,0.0,0.0,0.0,0.0,0.0,0.0,0.0,0.0,0.0,0.0,0.0,1.0,0.0
12,11,0.0,0.0,0.0,0.0,0.0,0.0,0.0,0.0,0.0,0.0,0.0,1.0,0.0
12,11,0.0,0.0,0.0,0.0,0.0,0.0,0.0,0.0,0.0,0.0,0.0,1.0,0.0
12,11,0.0,0.0,0.0,0.0,0.0,0.0,0.0,0.0,0.0,0.0,0.0,1.0,0.0
12,11,0.0,0.0,0.0,0.0,0.0,0.0,0.0,0.0,0.0,0.0,0.0,1.0,0.0
12,11,0.0,0.0,0.0,0.0,0.0,0.0,0.0,0.0,0.0,0.0,0.0,1.0,0.0
12,11,0.0,0.0,0.0,0.0,0.0,0.0,0.0,0.0,0.0,0.0,0.0,1.0,0.0
12,11,0.0,0.0,0.0,0.0,0.0,0.0,0.0,0.0,0.0,0.0,0.0,1.0,0.0
12,11,0.0,0.0,0.0,0.0,0.0,0.0,0.0,0.0,0.0,0.0,0.0,1.0,0.0
12,11,0.0,0.0,0.0,0.0,0.0,0.0,0.0,0.0,0.0,0.0,0.0,1.0,0.0
12,11,0.0,0.0,0.0,0.0,0.0,0.0,0.0,0.0,0.0,0.0,0.0,1.0,0.0
12,11,0.0,0.0,0.0,0.0,0.0,0.0,0.0,0.0,0.0,0.0,0.0,1.0,0.0
12,11,0.0,0.0,0.0,0.0,0.0,0.0,0.0,0.0,0.0,0.0,0.0,1.0,0.0
12,11,0.0,0.0,0.0,0.0,0.0,0.0,0.0,0.0,0.0,0.0,0.0,1.0,0.0
12,11,0.0,0.0,0.0,0.0,0.0,0.0,0.0,0.0,0.0,0.0,0.0,1.0,0.0
12,11,0.0,0.0,0.0,0.0,0.0,0.0,0.0,0.0,0.0,0.0,0.0,1.0,0.0
12,11,0.0,0.0,0.0,0.0,0.0,0.0,0.0,0.0,0.0,0.0,0.0,1.0,0.0
12,11,0.0,0.0,0.0,0.0,0.0,0.0,0.0,0.0,0.0,0.0,0.0,1.0,0.0
12,11,0.0,0.0,0.0,0.0,0.0,0.0,0.0,0.0,0.0,0.0,0.0,1.0,0.0
12,11,0.0,0.0,0.0,0.0,0.0,0.0,0.0,0.0,0.0,0.0,0.0,1.0,0.0
12,11,0.0,0.0,0.0,0.0,0.0,0.0,0.0,0.0,0.0,0.0,0.0,1.0,0.0
12,11,0.0,0.0,0.0,0.0,0.0,0.0,0.0,0.0,0.0,0.0,0.0,1.0,0.0
12,11,0.0,0.0,0.0,0.0,0.0,0.0,0.0,0.0,0.0,0.0,0.0,1.0,0.0
12,11,0.0,0.0,0.0,0.0,0.0,0.0,0.0,0.0,0.0,0.0,0.0,1.0,0.0
12,11,0.0,0.0,0.0,0.0,0.0,0.0,0.0,0.0,0.0,0.0,0.0,1.0,0.0
12,11,0.0,0.0,0.0,0.0,0.0,0.0,0.0,0.0,0.0,0.0,0.0,1.0,0.0
12,11,0.0,0.0,0.0,0.0,0.0,0.0,0.0,0.0,0.0,0.0,0.0,1.0,0.0
12,11,0.0,0.0,0.0,0.0,0.0,0.0,0.0,0.0,0.0,0.0,0.0,1.0,0.0
12,11,0.0,0.0,0.0,0.0,0.0,0.0,0.0,0.0,0.0,0.0,0.0,1.0,0.0
12,11,0.0,0.0,0.0,0.0,0.0,0.0,0.0,0.0,0.0,0.0,0.0,1.0,0.0
12,11,0.0,0.0,0.0,0.0,0.0,0.0,0.0,0.0,0.0,0.0,0.0,1.0,0.0
12,11,0.0,0.0,0.0,0.0,0.0,0.0,0.0,0.0,0.0,0.0,0.0,1.0,0.0
12,11,0.0,0.0,0.0,0.0,0.0,0.0,0.0,0.0,0.0,0.0,0.0,1.0,0.0
12,11,0.0,0.0,0.0,0.0,0.0,0.0,0.0,0.0,0.0,0.0,0.0,1.0,0.0
12,11,0.0,0.0,0.0,0.0,0.0,0.0,0.0,0.0,0.0,0.0,0.0,1.0,0.0
12,11,0.0,0.0,0.0,0.0,0.0,0.0,0.0,0.0,0.0,0.0,0.0,1.0,0.0
12,11,0.0,0.0,0.0,0.0,0.0,0.0,0.0,0.0,0.0,0.0,0.0,1.0,0.0
12,11,0.0,0.0,0.0,0.0,0.0,0.0,0.0,0.0,0.0,0.0,0.0,1.0,0.0
12,11,0.0,0.0,0.0,0.0,0.0,0.0,0.0,0.0,0.0,0.0,0.0,1.0,0.0
12,11,0.0,0.0,0.0,0.0,0.0,0.0,0.0,0.0,0.0,0.0,0.0,1.0,0.0
12,11,0.0,0.0,0.0,0.0,0.0,0.0,0.0,0.0,0.0,0.0,0.0,1.0,0.0
12,11,0.0,0.0,0.0,0.0,0.0,0.0,0.0,0.0,0.0,0.0,0.0,1.0,0.0
12,11,0.0,0.0,0.0,0.0,0.0,0.0,0.0,0.0,0.0,0.0,0.0,1.0,0.0
12,11,0.0,0.0,0.0,0.0,0.0,0.0,0.0,0.0,0.0,0.0,0.0,1.0,0.0
12,11,0.0,0.0,0.0,0.0,0.0,0.0,0.0,0.0,0.0,0.0,0.0,1.0,0.0
12,11,0.0,0.0,0.0,0.0,0.0,0.0,0.0,0.0,0.0,0.0,0.0,1.0,0.0
12,11,0.0,0.0,0.0,0.0,0.0,0.0,0.0,0.0,0.0,0.0,0.0,1.0,0.0
12,11,0.0,0.0,0.0,0.0,0.0,0.0,0.0,0.0,0.0,0.0,0.0,1.0,0.0
12,11,0.0,0.0,0.0,0.0,0.0,0.0,0.0,0.0,0.0,0.0,0.0,1.0,0.0
12,11,0.0,0.0,0.0,0.0,0.0,0.0,0.0,0.0,0.0,0.0,0.0,1.0,0.0
12,11,0.0,0.0,0.0,0.0,0.0,0.0,0.0,0.0,0.0,0.0,0.0,1.0,0.0
12,11,0.0,0.0,0.0,0.0,0.0,0.0,0.0,0.0,0.0,0.0,0.0,1.0,0.0
12,11,0.0,0.0,0.0,0.0,0.0,0.0,0.0,0.0,0.0,0.0,0.0,1.0,0.0
12,11,0.0,0.0,0.0,0.0,0.0,0.0,0.0,0.0,0.0,0.0,0.0,1.0,0.0
12,11,0.0,0.0,0.0,0.0,0.0,0.0,0.0,0.0,0.0,0.0,0.0,1.0,0.0
12,11,0.0,0.0,0.0,0.0,0.0,0.0,0.0,0.0,0.0,0.0,0.0,1.0,0.0
12,11,0.0,0.0,0.0,0.0,0.0,0.0,0.0,0.0,0.0,0.0,0.0,1.0,0.0
12,11,0.0,0.0,0.0,0.0,0.0,0.0,0.0,0.0,0.0,0.0,0.0,1.0,0.0
12,11,0.0,0.0,0.0,0.0,0.0,0.0,0.0,0.0,0.0,0.0,0.0,1.0,0.0
12,11,0.0,0.0,0.0,0.0,0.0,0.0,0.0,0.0,0.0,0.0,0.0,1.0,0.0
12,11,0.0,0.0,0.0,0.0,0.0,0.0,0.0,0.0,0.0,0.0,0.0,1.0,0.0
12,11,0.0,0.0,0.0,0.0,0.0,0.0,0.0,0.0,0.0,0.0,0.0,1.0,0.0
12,11,0.0,0.0,0.0,0.0,0.0,0.0,0.0,0.0,0.0,0.0,0.0,1.0,0.0
12,11,0.0,0.0,0.0,0.0,0.0,0.0,0.0,0.0,0.0,0.0,0.0,1.0,0.0
12,11,0.0,0.0,0.0,0.0,0.0,0.0,0.0,0.0,0.0,0.0,0.0,1.0,0.0
12,11,0.0,0.0,0.0,0.0,0.0,0.0,0.0,0.0,0.0,0.0,0.0,1.0,0.0
12,11,0.0,0.0,0.0,0.0,0.0,0.0,0.0,0.0,0.0,0.0,0.0,1.0,0.0
12,11,0.0,0.0,0.0,0.0,0.0,0.0,0.0,0.0,0.0,0.0,0.0,1.0,0.0
12,11,0.0,0.0,0.0,0.0,0.0,0.0,0.0,0.0,0.0,0.0,0.0,1.0,0.0
12,11,0.0,0.0,0.0,0.0,0.0,0.0,0.0,0.0,0.0,0.0,0.0,1.0,0.0
12,11,0.0,0.0,0.0,0.0,0.0,0.0,0.0,0.0,0.0,0.0,0.0,1.0,0.0
12,11,0.0,0.0,0.0,0.0,0.0,0.0,0.0,0.0,0.0,0.0,0.0,1.0,0.0
12,11,0.0,0.0,0.0,0.0,0.0,0.0,0.0,0.0,0.0,0.0,0.0,1.0,0.0
12,11,0.0,0.0,0.0,0.0,0.0,0.0,0.0,0.0,0.0,0.0,0.0,1.0,0.0
12,11,0.0,0.0,0.0,0.0,0.0,0.0,0.0,0.0,0.0,0.0,0.0,1.0,0.0
12,11,0.0,0.0,0.0,0.0,0.0,0.0,0.0,0.0,0.0,0.0,0.0,1.0,0.0
12,11,0.0,0.0,0.0,0.0,0.0,0.0,0.0,0.0,0.0,0.0,0.0,1.0,0.0
12,11,0.0,0.0,0.0,0.0,0.0,0.0,0.0,0.0,0.0,0.0,0.0,1.0,0.0
12,11,0.0,0.0,0.0,0.0,0.0,0.0,0.0,0.0,0.0,0.0,0.0,1.0,0.0
12,11,0.0,0.0,0.0,0.0,0.0,0.0,0.0,0.0,0.0,0.0,0.0,1.0,0.0
12,11,0.0,0.0,0.0,0.0,0.0,0.0,0.0,0.0,0.0,0.0,0.0,1.0,0.0
12,11,0.0,0.0,0.0,0.0,0.0,0.0,0.0,0.0,0.0,0.0,0.0,1.0,0.0
12,11,0.0,0.0,0.0,0.0,0.0,0.0,0.0,0.0,0.0,0.0,0.0,1.0,0.0
12,11,0.0,0.0,0.0,0.0,0.0,0.0,0.0,0.0,0.0,0.0,0.0,1.0,0.0
12,11,0.0,0.0,0.0,0.0,0.0,0.0,0.0,0.0,0.0,0.0,0.0,1.0,0.0
12,11,0.0,0.0,0.0,0.0,0.0,0.0,0.0,0.0,0.0,0.0,0.0,1.0,0.0
12,11,0.0,0.0,0.0,0.0,0.0,0.0,0.0,0.0,0.0,0.0,0.0,1.0,0.0
12,11,0.0,0.0,0.0,0.0,0.0,0.0,0.0,0.0,0.0,0.0,0.0,1.0,0.0
12,11,0.0,0.0,0.0,0.0,0.0,0.0,0.0,0.0,0.0,0.0,0.0,1.0,0.0
12,11,0.0,0.0,0.0,0.0,0.0,0.0,0.0,0.0,0.0,0.0,0.0,1.0,0.0
12,11,0.0,0.0,0.0,0.0,0.0,0.0,0.0,0.0,0.0,0.0,0.0,1.0,0.0
12,11,0.0,0.0,0.0,0.0,0.0,0.0,0.0,0.0,0.0,0.0,0.0,1.0,0.0
12,11,0.0,0.0,0.0,0.0,0.0,0.0,0.0,0.0,0.0,0.0,0.0,1.0,0.0
12,11,0.0,0.0,0.0,0.0,0.0,0.0,0.0,0.0,0.0,0.0,0.0,1.0,0.0
12,11,0.0,0.0,0.0,0.0,0.0,0.0,0.0,0.0,0.0,0.0,0.0,1.0,0.0
12,11,0.0,0.0,0.0,0.0,0.0,0.0,0.0,0.0,0.0,0.0,0.0,1.0,0.0
12,11,0.0,0.0,0.0,0.0,0.0,0.0,0.0,0.0,0.0,0.0,0.0,1.0,0.0
12,11,0.0,0.0,0.0,0.0,0.0,0.0,0.0,0.0,0.0,0.0,0.0,1.0,0.0
12,11,0.0,0.0,0.0,0.0,0.0,0.0,0.0,0.0,0.0,0.0,0.0,1.0,0.0
12,11,0.0,0.0,0.0,0.0,0.0,0.0,0.0,0.0,0.0,0.0,0.0,1.0,0.0
12,11,0.0,0.0,0.0,0.0,0.0,0.0,0.0,0.0,0.0,0.0,0.0,1.0,0.0
12,11,0.0,0.0,0.0,0.0,0.0,0.0,0.0,0.0,0.0,0.0,0.0,1.0,0.0
12,11,0.0,0.0,0.0,0.0,0.0,0.0,0.0,0.0,0.0,0.0,0.0,1.0,0.0
12,11,0.0,0.0,0.0,0.0,0.0,0.0,0.0,0.0,0.0,0.0,0.0,1.0,0.0
12,11,0.0,0.0,0.0,0.0,0.0,0.0,0.0,0.0,0.0,0.0,0.0,1.0,0.0
12,11,0.0,0.0,0.0,0.0,0.0,0.0,0.0,0.0,0.0,0.0,0.0,1.0,0.0
12,11,0.0,0.0,0.0,0.0,0.0,0.0,0.0,0.0,0.0,0.0,0.0,1.0,0.0
12,11,0.0,0.0,0.0,0.0,0.0,0.0,0.0,0.0,0.0,0.0,0.0,1.0,0.0
12,11,0.0,0.0,0.0,0.0,0.0,0.0,0.0,0.0,0.0,0.0,0.0,1.0,0.0
12,11,0.0,0.0,0.0,0.0,0.0,0.0,0.0,0.0,0.0,0.0,0.0,1.0,0.0
12,11,0.0,0.0,0.0,0.0,0.0,0.0,0.0,0.0,0.0,0.0,0.0,1.0,0.0
12,11,0.0,0.0,0.0,0.0,0.0,0.0,0.0,0.0,0.0,0.0,0.0,1.0,0.0
12,11,0.0,0.0,0.0,0.0,0.0,0.0,0.0,0.0,0.0,0.0,0.0,1.0,0.0
12,11,0.0,0.0,0.0,0.0,0.0,0.0,0.0,0.0,0.0,0.0,0.0,1.0,0.0
12,11,0.0,0.0,0.0,0.0,0.0,0.0,0.0,0.0,0.0,0.0,0.0,1.0,0.0
12,11,0.0,0.0,0.0,0.0,0.0,0.0,0.0,0.0,0.0,0.0,0.0,1.0,0.0
12,11,0.0,0.0,0.0,0.0,0.0,0.0,0.0,0.0,0.0,0.0,0.0,1.0,0.0
12,11,0.0,0.0,0.0,0.0,0.0,0.0,0.0,0.0,0.0,0.0,0.0,1.0,0.0
12,11,0.0,0.0,0.0,0.0,0.0,0.0,0.0,0.0,0.0,0.0,0.0,1.0,0.0
12,11,0.0,0.0,0.0,0.0,0.0,0.0,0.0,0.0,0.0,0.0,0.0,1.0,0.0
12,11,0.0,0.0,0.0,0.0,0.0,0.0,0.0,0.0,0.0,0.0,0.0,1.0,0.0
12,11,0.0,0.0,0.0,0.0,0.0,0.0,0.0,0.0,0.0,0.0,0.0,1.0,0.0
12,11,0.0,0.0,0.0,0.0,0.0,0.0,0.0,0.0,0.0,0.0,0.0,1.0,0.0
12,11,0.0,0.0,0.0,0.0,0.0,0.0,0.0,0.0,0.0,0.0,0.0,1.0,0.0
12,11,0.0,0.0,0.0,0.0,0.0,0.0,0.0,0.0,0.0,0.0,0.0,1.0,0.0
12,11,0.0,0.0,0.0,0.0,0.0,0.0,0.0,0.0,0.0,0.0,0.0,1.0,0.0
12,11,0.0,0.0,0.0,0.0,0.0,0.0,0.0,0.0,0.0,0.0,0.0,1.0,0.0
12,11,0.0,0.0,0.0,0.0,0.0,0.0,0.0,0.0,0.0,0.0,0.0,1.0,0.0
12,11,0.0,0.0,0.0,0.0,0.0,0.0,0.0,0.0,0.0,0.0,0.0,1.0,0.0
12,11,0.0,0.0,0.0,0.0,0.0,0.0,0.0,0.0,0.0,0.0,0.0,1.0,0.0
12,11,0.0,0.0,0.0,0.0,0.0,0.0,0.0,0.0,0.0,0.0,0.0,1.0,0.0
12,11,0.0,0.0,0.0,0.0,0.0,0.0,0.0,0.0,0.0,0.0,0.0,1.0,0.0
12,11,0.0,0.0,0.0,0.0,0.0,0.0,0.0,0.0,0.0,0.0,0.0,1.0,0.0
12,11,0.0,0.0,0.0,0.0,0.0,0.0,0.0,0.0,0.0,0.0,0.0,1.0,0.0
12,11,0.0,0.0,0.0,0.0,0.0,0.0,0.0,0.0,0.0,0.0,0.0,1.0,0.0
12,11,0.0,0.0,0.0,0.0,0.0,0.0,0.0,0.0,0.0,0.0,0.0,1.0,0.0
12,11,0.0,0.0,0.0,0.0,0.0,0.0,0.0,0.0,0.0,0.0,0.0,1.0,0.0
12,11,0.0,0.0,0.0,0.0,0.0,0.0,0.0,0.0,0.0,0.0,0.0,1.0,0.0
12,11,0.0,0.0,0.0,0.0,0.0,0.0,0.0,0.0,0.0,0.0,0.0,1.0,0.0
12,11,0.0,0.0,0.0,0.0,0.0,0.0,0.0,0.0,0.0,0.0,0.0,1.0,0.0
12,11,0.0,0.0,0.0,0.0,0.0,0.0,0.0,0.0,0.0,0.0,0.0,1.0,0.0
12,11,0.0,0.0,0.0,0.0,0.0,0.0,0.0,0.0,0.0,0.0,0.0,1.0,0.0
12,11,0.0,0.0,0.0,0.0,0.0,0.0,0.0,0.0,0.0,0.0,0.0,1.0,0.0
12,11,0.0,0.0,0.0,0.0,0.0,0.0,0.0,0.0,0.0,0.0,0.0,1.0,0.0
12,11,0.0,0.0,0.0,0.0,0.0,0.0,0.0,0.0,0.0,0.0,0.0,1.0,0.0
12,11,0.0,0.0,0.0,0.0,0.0,0.0,0.0,0.0,0.0,0.0,0.0,1.0,0.0
12,11,0.0,0.0,0.0,0.0,0.0,0.0,0.0,0.0,0.0,0.0,0.0,1.0,0.0
12,11,0.0,0.0,0.0,0.0,0.0,0.0,0.0,0.0,0.0,0.0,0.0,1.0,0.0
12,11,0.0,0.0,0.0,0.0,0.0,0.0,0.0,0.0,0.0,0.0,0.0,1.0,0.0
12,11,0.0,0.0,0.0,0.0,0.0,0.0,0.0,0.0,0.0,0.0,0.0,1.0,0.0
12,11,0.0,0.0,0.0,0.0,0.0,0.0,0.0,0.0,0.0,0.0,0.0,1.0,0.0
12,11,0.0,0.0,0.0,0.0,0.0,0.0,0.0,0.0,0.0,0.0,0.0,1.0,0.0
12,11,0.0,0.0,0.0,0.0,0.0,0.0,0.0,0.0,0.0,0.0,0.0,1.0,0.0
12,11,0.0,0.0,0.0,0.0,0.0,0.0,0.0,0.0,0.0,0.0,0.0,1.0,0.0
12,11,0.0,0.0,0.0,0.0,0.0,0.0,0.0,0.0,0.0,0.0,0.0,1.0,0.0
12,11,0.0,0.0,0.0,0.0,0.0,0.0,0.0,0.0,0.0,0.0,0.0,1.0,0.0
12,11,0.0,0.0,0.0,0.0,0.0,0.0,0.0,0.0,0.0,0.0,0.0,1.0,0.0
12,11,0.0,0.0,0.0,0.0,0.0,0.0,0.0,0.0,0.0,0.0,0.0,1.0,0.0
12,11,0.0,0.0,0.0,0.0,0.0,0.0,0.0,0.0,0.0,0.0,0.0,1.0,0.0
12,11,0.0,0.0,0.0,0.0,0.0,0.0,0.0,0.0,0.0,0.0,0.0,1.0,0.0
12,11,0.0,0.0,0.0,0.0,0.0,0.0,0.0,0.0,0.0,0.0,0.0,1.0,0.0
12,11,0.0,0.0,0.0,0.0,0.0,0.0,0.0,0.0,0.0,0.0,0.0,1.0,0.0
12,11,0.0,0.0,0.0,0.0,0.0,0.0,0.0,0.0,0.0,0.0,0.0,1.0,0.0
12,11,0.0,0.0,0.0,0.0,0.0,0.0,0.0,0.0,0.0,0.0,0.0,1.0,0.0
12,11,0.0,0.0,0.0,0.0,0.0,0.0,0.0,0.0,0.0,0.0,0.0,1.0,0.0
12,11,0.0,0.0,0.0,0.0,0.0,0.0,0.0,0.0,0.0,0.0,0.0,1.0,0.0
12,11,0.0,0.0,0.0,0.0,0.0,0.0,0.0,0.0,0.0,0.0,0.0,1.0,0.0
12,11,0.0,0.0,0.0,0.0,0.0,0.0,0.0,0.0,0.0,0.0,0.0,1.0,0.0
12,11,0.0,0.0,0.0,0.0,0.0,0.0,0.0,0.0,0.0,0.0,0.0,1.0,0.0
12,11,0.0,0.0,0.0,0.0,0.0,0.0,0.0,0.0,0.0,0.0,0.0,1.0,0.0
12,11,0.0,0.0,0.0,0.0,0.0,0.0,0.0,0.0,0.0,0.0,0.0,1.0,0.0
12,11,0.0,0.0,0.0,0.0,0.0,0.0,0.0,0.0,0.0,0.0,0.0,1.0,0.0
12,11,0.0,0.0,0.0,0.0,0.0,0.0,0.0,0.0,0.0,0.0,0.0,1.0,0.0
12,11,0.0,0.0,0.0,0.0,0.0,0.0,0.0,0.0,0.0,0.0,0.0,1.0,0.0
12,11,0.0,0.0,0.0,0.0,0.0,0.0,0.0,0.0,0.0,0.0,0.0,1.0,0.0
12,11,0.0,0.0,0.0,0.0,0.0,0.0,0.0,0.0,0.0,0.0,0.0,1.0,0.0
12,11,0.0,0.0,0.0,0.0,0.0,0.0,0.0,0.0,0.0,0.0,0.0,1.0,0.0
12,11,0.0,0.0,0.0,0.0,0.0,0.0,0.0,0.0,0.0,0.0,0.0,1.0,0.0
12,11,0.0,0.0,0.0,0.0,0.0,0.0,0.0,0.0,0.0,0.0,0.0,1.0,0.0
12,11,0.0,0.0,0.0,0.0,0.0,0.0,0.0,0.0,0.0,0.0,0.0,1.0,0.0
12,11,0.0,0.0,0.0,0.0,0.0,0.0,0.0,0.0,0.0,0.0,0.0,1.0,0.0
12,11,0.0,0.0,0.0,0.0,0.0,0.0,0.0,0.0,0.0,0.0,0.0,1.0,0.0
12,11,0.0,0.0,0.0,0.0,0.0,0.0,0.0,0.0,0.0,0.0,0.0,1.0,0.0
12,11,0.0,0.0,0.0,0.0,0.0,0.0,0.0,0.0,0.0,0.0,0.0,1.0,0.0
12,11,0.0,0.0,0.0,0.0,0.0,0.0,0.0,0.0,0.0,0.0,0.0,1.0,0.0
12,11,0.0,0.0,0.0,0.0,0.0,0.0,0.0,0.0,0.0,0.0,0.0,1.0,0.0
12,11,0.0,0.0,0.0,0.0,0.0,0.0,0.0,0.0,0.0,0.0,0.0,1.0,0.0
12,11,0.0,0.0,0.0,0.0,0.0,0.0,0.0,0.0,0.0,0.0,0.0,1.0,0.0
12,11,0.0,0.0,0.0,0.0,0.0,0.0,0.0,0.0,0.0,0.0,0.0,1.0,0.0
12,11,0.0,0.0,0.0,0.0,0.0,0.0,0.0,0.0,0.0,0.0,0.0,1.0,0.0
12,11,0.0,0.0,0.0,0.0,0.0,0.0,0.0,0.0,0.0,0.0,0.0,1.0,0.0
12,11,0.0,0.0,0.0,0.0,0.0,0.0,0.0,0.0,0.0,0.0,0.0,1.0,0.0
12,11,0.0,0.0,0.0,0.0,0.0,0.0,0.0,0.0,0.0,0.0,0.0,1.0,0.0
12,11,0.0,0.0,0.0,0.0,0.0,0.0,0.0,0.0,0.0,0.0,0.0,1.0,0.0
12,11,0.0,0.0,0.0,0.0,0.0,0.0,0.0,0.0,0.0,0.0,0.0,1.0,0.0
12,11,0.0,0.0,0.0,0.0,0.0,0.0,0.0,0.0,0.0,0.0,0.0,1.0,0.0
12,11,0.0,0.0,0.0,0.0,0.0,0.0,0.0,0.0,0.0,0.0,0.0,1.0,0.0
12,11,0.0,0.0,0.0,0.0,0.0,0.0,0.0,0.0,0.0,0.0,0.0,1.0,0.0
12,11,0.0,0.0,0.0,0.0,0.0,0.0,0.0,0.0,0.0,0.0,0.0,1.0,0.0
12,11,0.0,0.0,0.0,0.0,0.0,0.0,0.0,0.0,0.0,0.0,0.0,1.0,0.0
12,11,0.0,0.0,0.0,0.0,0.0,0.0,0.0,0.0,0.0,0.0,0.0,1.0,0.0
12,11,0.0,0.0,0.0,0.0,0.0,0.0,0.0,0.0,0.0,0.0,0.0,1.0,0.0
12,11,0.0,0.0,0.0,0.0,0.0,0.0,0.0,0.0,0.0,0.0,0.0,1.0,0.0
12,11,0.0,0.0,0.0,0.0,0.0,0.0,0.0,0.0,0.0,0.0,0.0,1.0,0.0
12,11,0.0,0.0,0.0,0.0,0.0,0.0,0.0,0.0,0.0,0.0,0.0,1.0,0.0
12,11,0.0,0.0,0.0,0.0,0.0,0.0,0.0,0.0,0.0,0.0,0.0,1.0,0.0
12,11,0.0,0.0,0.0,0.0,0.0,0.0,0.0,0.0,0.0,0.0,0.0,1.0,0.0
12,11,0.0,0.0,0.0,0.0,0.0,0.0,0.0,0.0,0.0,0.0,0.0,1.0,0.0
12,11,0.0,0.0,0.0,0.0,0.0,0.0,0.0,0.0,0.0,0.0,0.0,1.0,0.0
12,11,0.0,0.0,0.0,0.0,0.0,0.0,0.0,0.0,0.0,0.0,0.0,1.0,0.0
12,11,0.0,0.0,0.0,0.0,0.0,0.0,0.0,0.0,0.0,0.0,0.0,1.0,0.0
12,11,0.0,0.0,0.0,0.0,0.0,0.0,0.0,0.0,0.0,0.0,0.0,1.0,0.0
12,11,0.0,0.0,0.0,0.0,0.0,0.0,0.0,0.0,0.0,0.0,0.0,1.0,0.0
12,11,0.0,0.0,0.0,0.0,0.0,0.0,0.0,0.0,0.0,0.0,0.0,1.0,0.0
12,11,0.0,0.0,0.0,0.0,0.0,0.0,0.0,0.0,0.0,0.0,0.0,1.0,0.0
12,11,0.0,0.0,0.0,0.0,0.0,0.0,0.0,0.0,0.0,0.0,0.0,1.0,0.0
12,11,0.0,0.0,0.0,0.0,0.0,0.0,0.0,0.0,0.0,0.0,0.0,1.0,0.0
12,11,0.0,0.0,0.0,0.0,0.0,0.0,0.0,0.0,0.0,0.0,0.0,1.0,0.0
12,11,0.0,0.0,0.0,0.0,0.0,0.0,0.0,0.0,0.0,0.0,0.0,1.0,0.0
12,11,0.0,0.0,0.0,0.0,0.0,0.0,0.0,0.0,0.0,0.0,0.0,1.0,0.0
12,11,0.0,0.0,0.0,0.0,0.0,0.0,0.0,0.0,0.0,0.0,0.0,1.0,0.0
12,11,0.0,0.0,0.0,0.0,0.0,0.0,0.0,0.0,0.0,0.0,0.0,1.0,0.0
12,11,0.0,0.0,0.0,0.0,0.0,0.0,0.0,0.0,0.0,0.0,0.0,1.0,0.0
12,11,0.0,0.0,0.0,0.0,0.0,0.0,0.0,0.0,0.0,0.0,0.0,1.0,0.0
12,11,0.0,0.0,0.0,0.0,0.0,0.0,0.0,0.0,0.0,0.0,0.0,1.0,0.0
12,11,0.0,0.0,0.0,0.0,0.0,0.0,0.0,0.0,0.0,0.0,0.0,1.0,0.0
12,11,0.0,0.0,0.0,0.0,0.0,0.0,0.0,0.0,0.0,0.0,0.0,1.0,0.0
12,11,0.0,0.0,0.0,0.0,0.0,0.0,0.0,0.0,0.0,0.0,0.0,1.0,0.0
12,11,0.0,0.0,0.0,0.0,0.0,0.0,0.0,0.0,0.0,0.0,0.0,1.0,0.0
12,11,0.0,0.0,0.0,0.0,0.0,0.0,0.0,0.0,0.0,0.0,0.0,1.0,0.0
12,11,0.0,0.0,0.0,0.0,0.0,0.0,0.0,0.0,0.0,0.0,0.0,1.0,0.0
12,11,0.0,0.0,0.0,0.0,0.0,0.0,0.0,0.0,0.0,0.0,0.0,1.0,0.0
12,11,0.0,0.0,0.0,0.0,0.0,0.0,0.0,0.0,0.0,0.0,0.0,1.0,0.0
12,11,0.0,0.0,0.0,0.0,0.0,0.0,0.0,0.0,0.0,0.0,0.0,1.0,0.0
12,11,0.0,0.0,0.0,0.0,0.0,0.0,0.0,0.0,0.0,0.0,0.0,1.0,0.0
12,11,0.0,0.0,0.0,0.0,0.0,0.0,0.0,0.0,0.0,0.0,0.0,1.0,0.0
12,11,0.0,0.0,0.0,0.0,0.0,0.0,0.0,0.0,0.0,0.0,0.0,1.0,0.0
12,11,0.0,0.0,0.0,0.0,0.0,0.0,0.0,0.0,0.0,0.0,0.0,1.0,0.0
12,11,0.0,0.0,0.0,0.0,0.0,0.0,0.0,0.0,0.0,0.0,0.0,1.0,0.0
12,11,0.0,0.0,0.0,0.0,0.0,0.0,0.0,0.0,0.0,0.0,0.0,1.0,0.0
12,11,0.0,0.0,0.0,0.0,0.0,0.0,0.0,0.0,0.0,0.0,0.0,1.0,0.0
12,11,0.0,0.0,0.0,0.0,0.0,0.0,0.0,0.0,0.0,0.0,0.0,1.0,0.0
12,11,0.0,0.0,0.0,0.0,0.0,0.0,0.0,0.0,0.0,0.0,0.0,1.0,0.0
12,11,0.0,0.0,0.0,0.0,0.0,0.0,0.0,0.0,0.0,0.0,0.0,1.0,0.0
12,11,0.0,0.0,0.0,0.0,0.0,0.0,0.0,0.0,0.0,0.0,0.0,1.0,0.0
12,11,0.0,0.0,0.0,0.0,0.0,0.0,0.0,0.0,0.0,0.0,0.0,1.0,0.0
12,11,0.0,0.0,0.0,0.0,0.0,0.0,0.0,0.0,0.0,0.0,0.0,1.0,0.0
12,11,0.0,0.0,0.0,0.0,0.0,0.0,0.0,0.0,0.0,0.0,0.0,1.0,0.0
12,11,0.0,0.0,0.0,0.0,0.0,0.0,0.0,0.0,0.0,0.0,0.0,1.0,0.0
12,11,0.0,0.0,0.0,0.0,0.0,0.0,0.0,0.0,0.0,0.0,0.0,1.0,0.0
12,11,0.0,0.0,0.0,0.0,0.0,0.0,0.0,0.0,0.0,0.0,0.0,1.0,0.0
12,11,0.0,0.0,0.0,0.0,0.0,0.0,0.0,0.0,0.0,0.0,0.0,1.0,0.0
12,11,0.0,0.0,0.0,0.0,0.0,0.0,0.0,0.0,0.0,0.0,0.0,1.0,0.0
12,11,0.0,0.0,0.0,0.0,0.0,0.0,0.0,0.0,0.0,0.0,0.0,1.0,0.0
12,11,0.0,0.0,0.0,0.0,0.0,0.0,0.0,0.0,0.0,0.0,0.0,1.0,0.0
12,11,0.0,0.0,0.0,0.0,0.0,0.0,0.0,0.0,0.0,0.0,0.0,1.0,0.0
12,11,0.0,0.0,0.0,0.0,0.0,0.0,0.0,0.0,0.0,0.0,0.0,1.0,0.0
12,11,0.0,0.0,0.0,0.0,0.0,0.0,0.0,0.0,0.0,0.0,0.0,1.0,0.0
12,11,0.0,0.0,0.0,0.0,0.0,0.0,0.0,0.0,0.0,0.0,0.0,1.0,0.0
12,11,0.0,0.0,0.0,0.0,0.0,0.0,0.0,0.0,0.0,0.0,0.0,1.0,0.0
12,11,0.0,0.0,0.0,0.0,0.0,0.0,0.0,0.0,0.0,0.0,0.0,1.0,0.0
12,11,0.0,0.0,0.0,0.0,0.0,0.0,0.0,0.0,0.0,0.0,0.0,1.0,0.0
12,11,0.0,0.0,0.0,0.0,0.0,0.0,0.0,0.0,0.0,0.0,0.0,1.0,0.0
12,11,0.0,0.0,0.0,0.0,0.0,0.0,0.0,0.0,0.0,0.0,0.0,1.0,0.0
12,11,0.0,0.0,0.0,0.0,0.0,0.0,0.0,0.0,0.0,0.0,0.0,1.0,0.0
12,11,0.0,0.0,0.0,0.0,0.0,0.0,0.0,0.0,0.0,0.0,0.0,1.0,0.0
12,11,0.0,0.0,0.0,0.0,0.0,0.0,0.0,0.0,0.0,0.0,0.0,1.0,0.0
12,11,0.0,0.0,0.0,0.0,0.0,0.0,0.0,0.0,0.0,0.0,0.0,1.0,0.0
12,11,0.0,0.0,0.0,0.0,0.0,0.0,0.0,0.0,0.0,0.0,0.0,1.0,0.0
12,11,0.0,0.0,0.0,0.0,0.0,0.0,0.0,0.0,0.0,0.0,0.0,1.0,0.0
12,11,0.0,0.0,0.0,0.0,0.0,0.0,0.0,0.0,0.0,0.0,0.0,1.0,0.0
12,11,0.0,0.0,0.0,0.0,0.0,0.0,0.0,0.0,0.0,0.0,0.0,1.0,0.0
12,11,0.0,0.0,0.0,0.0,0.0,0.0,0.0,0.0,0.0,0.0,0.0,1.0,0.0
12,11,0.0,0.0,0.0,0.0,0.0,0.0,0.0,0.0,0.0,0.0,0.0,1.0,0.0
12,11,0.0,0.0,0.0,0.0,0.0,0.0,0.0,0.0,0.0,0.0,0.0,1.0,0.0
12,11,0.0,0.0,0.0,0.0,0.0,0.0,0.0,0.0,0.0,0.0,0.0,1.0,0.0
12,11,0.0,0.0,0.0,0.0,0.0,0.0,0.0,0.0,0.0,0.0,0.0,1.0,0.0
12,11,0.0,0.0,0.0,0.0,0.0,0.0,0.0,0.0,0.0,0.0,0.0,1.0,0.0
12,11,0.0,0.0,0.0,0.0,0.0,0.0,0.0,0.0,0.0,0.0,0.0,1.0,0.0
12,11,0.0,0.0,0.0,0.0,0.0,0.0,0.0,0.0,0.0,0.0,0.0,1.0,0.0
12,11,0.0,0.0,0.0,0.0,0.0,0.0,0.0,0.0,0.0,0.0,0.0,1.0,0.0
12,11,0.0,0.0,0.0,0.0,0.0,0.0,0.0,0.0,0.0,0.0,0.0,1.0,0.0
12,11,0.0,0.0,0.0,0.0,0.0,0.0,0.0,0.0,0.0,0.0,0.0,1.0,0.0
12,11,0.0,0.0,0.0,0.0,0.0,0.0,0.0,0.0,0.0,0.0,0.0,1.0,0.0
12,11,0.0,0.0,0.0,0.0,0.0,0.0,0.0,0.0,0.0,0.0,0.0,1.0,0.0
12,11,0.0,0.0,0.0,0.0,0.0,0.0,0.0,0.0,0.0,0.0,0.0,1.0,0.0
12,11,0.0,0.0,0.0,0.0,0.0,0.0,0.0,0.0,0.0,0.0,0.0,1.0,0.0
12,11,0.0,0.0,0.0,0.0,0.0,0.0,0.0,0.0,0.0,0.0,0.0,1.0,0.0
12,11,0.0,0.0,0.0,0.0,0.0,0.0,0.0,0.0,0.0,0.0,0.0,1.0,0.0
12,11,0.0,0.0,0.0,0.0,0.0,0.0,0.0,0.0,0.0,0.0,0.0,1.0,0.0
12,11,0.0,0.0,0.0,0.0,0.0,0.0,0.0,0.0,0.0,0.0,0.0,1.0,0.0
12,11,0.0,0.0,0.0,0.0,0.0,0.0,0.0,0.0,0.0,0.0,0.0,1.0,0.0
12,11,0.0,0.0,0.0,0.0,0.0,0.0,0.0,0.0,0.0,0.0,0.0,1.0,0.0
12,11,0.0,0.0,0.0,0.0,0.0,0.0,0.0,0.0,0.0,0.0,0.0,1.0,0.0
12,11,0.0,0.0,0.0,0.0,0.0,0.0,0.0,0.0,0.0,0.0,0.0,1.0,0.0
12,11,0.0,0.0,0.0,0.0,0.0,0.0,0.0,0.0,0.0,0.0,0.0,1.0,0.0
12,11,0.0,0.0,0.0,0.0,0.0,0.0,0.0,0.0,0.0,0.0,0.0,1.0,0.0
12,11,0.0,0.0,0.0,0.0,0.0,0.0,0.0,0.0,0.0,0.0,0.0,1.0,0.0
12,11,0.0,0.0,0.0,0.0,0.0,0.0,0.0,0.0,0.0,0.0,0.0,1.0,0.0
12,11,0.0,0.0,0.0,0.0,0.0,0.0,0.0,0.0,0.0,0.0,0.0,1.0,0.0
12,11,0.0,0.0,0.0,0.0,0.0,0.0,0.0,0.0,0.0,0.0,0.0,1.0,0.0
12,11,0.0,0.0,0.0,0.0,0.0,0.0,0.0,0.0,0.0,0.0,0.0,1.0,0.0
12,11,0.0,0.0,0.0,0.0,0.0,0.0,0.0,0.0,0.0,0.0,0.0,1.0,0.0
12,11,0.0,0.0,0.0,0.0,0.0,0.0,0.0,0.0,0.0,0.0,0.0,1.0,0.0
12,11,0.0,0.0,0.0,0.0,0.0,0.0,0.0,0.0,0.0,0.0,0.0,1.0,0.0
12,11,0.0,0.0,0.0,0.0,0.0,0.0,0.0,0.0,0.0,0.0,0.0,1.0,0.0
12,11,0.0,0.0,0.0,0.0,0.0,0.0,0.0,0.0,0.0,0.0,0.0,1.0,0.0
12,11,0.0,0.0,0.0,0.0,0.0,0.0,0.0,0.0,0.0,0.0,0.0,1.0,0.0
12,11,0.0,0.0,0.0,0.0,0.0,0.0,0.0,0.0,0.0,0.0,0.0,1.0,0.0
12,11,0.0,0.0,0.0,0.0,0.0,0.0,0.0,0.0,0.0,0.0,0.0,1.0,0.0
12,11,0.0,0.0,0.0,0.0,0.0,0.0,0.0,0.0,0.0,0.0,0.0,1.0,0.0
12,11,0.0,0.0,0.0,0.0,0.0,0.0,0.0,0.0,0.0,0.0,0.0,1.0,0.0
12,11,0.0,0.0,0.0,0.0,0.0,0.0,0.0,0.0,0.0,0.0,0.0,1.0,0.0
12,11,0.0,0.0,0.0,0.0,0.0,0.0,0.0,0.0,0.0,0.0,0.0,1.0,0.0
12,11,0.0,0.0,0.0,0.0,0.0,0.0,0.0,0.0,0.0,0.0,0.0,1.0,0.0
12,11,0.0,0.0,0.0,0.0,0.0,0.0,0.0,0.0,0.0,0.0,0.0,1.0,0.0
12,11,0.0,0.0,0.0,0.0,0.0,0.0,0.0,0.0,0.0,0.0,0.0,1.0,0.0
12,11,0.0,0.0,0.0,0.0,0.0,0.0,0.0,0.0,0.0,0.0,0.0,1.0,0.0
12,11,0.0,0.0,0.0,0.0,0.0,0.0,0.0,0.0,0.0,0.0,0.0,1.0,0.0
12,11,0.0,0.0,0.0,0.0,0.0,0.0,0.0,0.0,0.0,0.0,0.0,1.0,0.0
12,11,0.0,0.0,0.0,0.0,0.0,0.0,0.0,0.0,0.0,0.0,0.0,1.0,0.0
12,11,0.0,0.0,0.0,0.0,0.0,0.0,0.0,0.0,0.0,0.0,0.0,1.0,0.0
12,11,0.0,0.0,0.0,0.0,0.0,0.0,0.0,0.0,0.0,0.0,0.0,1.0,0.0
12,11,0.0,0.0,0.0,0.0,0.0,0.0,0.0,0.0,0.0,0.0,0.0,1.0,0.0
12,11,0.0,0.0,0.0,0.0,0.0,0.0,0.0,0.0,0.0,0.0,0.0,1.0,0.0
12,11,0.0,0.0,0.0,0.0,0.0,0.0,0.0,0.0,0.0,0.0,0.0,1.0,0.0
12,11,0.0,0.0,0.0,0.0,0.0,0.0,0.0,0.0,0.0,0.0,0.0,1.0,0.0
12,11,0.0,0.0,0.0,0.0,0.0,0.0,0.0,0.0,0.0,0.0,0.0,1.0,0.0
12,11,0.0,0.0,0.0,0.0,0.0,0.0,0.0,0.0,0.0,0.0,0.0,1.0,0.0
12,11,0.0,0.0,0.0,0.0,0.0,0.0,0.0,0.0,0.0,0.0,0.0,1.0,0.0
12,11,0.0,0.0,0.0,0.0,0.0,0.0,0.0,0.0,0.0,0.0,0.0,1.0,0.0
12,11,0.0,0.0,0.0,0.0,0.0,0.0,0.0,0.0,0.0,0.0,0.0,1.0,0.0
12,11,0.0,0.0,0.0,0.0,0.0,0.0,0.0,0.0,0.0,0.0,0.0,1.0,0.0
12,11,0.0,0.0,0.0,0.0,0.0,0.0,0.0,0.0,0.0,0.0,0.0,1.0,0.0
12,11,0.0,0.0,0.0,0.0,0.0,0.0,0.0,0.0,0.0,0.0,0.0,1.0,0.0
12,11,0.0,0.0,0.0,0.0,0.0,0.0,0.0,0.0,0.0,0.0,0.0,1.0,0.0
12,11,0.0,0.0,0.0,0.0,0.0,0.0,0.0,0.0,0.0,0.0,0.0,1.0,0.0
12,11,0.0,0.0,0.0,0.0,0.0,0.0,0.0,0.0,0.0,0.0,0.0,1.0,0.0
12,11,0.0,0.0,0.0,0.0,0.0,0.0,0.0,0.0,0.0,0.0,0.0,1.0,0.0
12,11,0.0,0.0,0.0,0.0,0.0,0.0,0.0,0.0,0.0,0.0,0.0,1.0,0.0
12,11,0.0,0.0,0.0,0.0,0.0,0.0,0.0,0.0,0.0,0.0,0.0,1.0,0.0
12,11,0.0,0.0,0.0,0.0,0.0,0.0,0.0,0.0,0.0,0.0,0.0,1.0,0.0
12,11,0.0,0.0,0.0,0.0,0.0,0.0,0.0,0.0,0.0,0.0,0.0,1.0,0.0
12,11,0.0,0.0,0.0,0.0,0.0,0.0,0.0,0.0,0.0,0.0,0.0,1.0,0.0
12,11,0.0,0.0,0.0,0.0,0.0,0.0,0.0,0.0,0.0,0.0,0.0,1.0,0.0
12,11,0.0,0.0,0.0,0.0,0.0,0.0,0.0,0.0,0.0,0.0,0.0,1.0,0.0
12,11,0.0,0.0,0.0,0.0,0.0,0.0,0.0,0.0,0.0,0.0,0.0,1.0,0.0
12,11,0.0,0.0,0.0,0.0,0.0,0.0,0.0,0.0,0.0,0.0,0.0,1.0,0.0
12,11,0.0,0.0,0.0,0.0,0.0,0.0,0.0,0.0,0.0,0.0,0.0,1.0,0.0
12,11,0.0,0.0,0.0,0.0,0.0,0.0,0.0,0.0,0.0,0.0,0.0,1.0,0.0
12,11,0.0,0.0,0.0,0.0,0.0,0.0,0.0,0.0,0.0,0.0,0.0,1.0,0.0
12,11,0.0,0.0,0.0,0.0,0.0,0.0,0.0,0.0,0.0,0.0,0.0,1.0,0.0
12,11,0.0,0.0,0.0,0.0,0.0,0.0,0.0,0.0,0.0,0.0,0.0,1.0,0.0
12,11,0.0,0.0,0.0,0.0,0.0,0.0,0.0,0.0,0.0,0.0,0.0,1.0,0.0
12,11,0.0,0.0,0.0,0.0,0.0,0.0,0.0,0.0,0.0,0.0,0.0,1.0,0.0
12,11,0.0,0.0,0.0,0.0,0.0,0.0,0.0,0.0,0.0,0.0,0.0,1.0,0.0
12,11,0.0,0.0,0.0,0.0,0.0,0.0,0.0,0.0,0.0,0.0,0.0,1.0,0.0
12,11,0.0,0.0,0.0,0.0,0.0,0.0,0.0,0.0,0.0,0.0,0.0,1.0,0.0
12,11,0.0,0.0,0.0,0.0,0.0,0.0,0.0,0.0,0.0,0.0,0.0,1.0,0.0
12,11,0.0,0.0,0.0,0.0,0.0,0.0,0.0,0.0,0.0,0.0,0.0,1.0,0.0
12,11,0.0,0.0,0.0,0.0,0.0,0.0,0.0,0.0,0.0,0.0,0.0,1.0,0.0
12,11,0.0,0.0,0.0,0.0,0.0,0.0,0.0,0.0,0.0,0.0,0.0,1.0,0.0
12,11,0.0,0.0,0.0,0.0,0.0,0.0,0.0,0.0,0.0,0.0,0.0,1.0,0.0
12,11,0.0,0.0,0.0,0.0,0.0,0.0,0.0,0.0,0.0,0.0,0.0,1.0,0.0
12,11,0.0,0.0,0.0,0.0,0.0,0.0,0.0,0.0,0.0,0.0,0.0,1.0,0.0
12,11,0.0,0.0,0.0,0.0,0.0,0.0,0.0,0.0,0.0,0.0,0.0,1.0,0.0
12,11,0.0,0.0,0.0,0.0,0.0,0.0,0.0,0.0,0.0,0.0,0.0,1.0,0.0
12,11,0.0,0.0,0.0,0.0,0.0,0.0,0.0,0.0,0.0,0.0,0.0,1.0,0.0
12,11,0.0,0.0,0.0,0.0,0.0,0.0,0.0,0.0,0.0,0.0,0.0,1.0,0.0
12,11,0.0,0.0,0.0,0.0,0.0,0.0,0.0,0.0,0.0,0.0,0.0,1.0,0.0
12,11,0.0,0.0,0.0,0.0,0.0,0.0,0.0,0.0,0.0,0.0,0.0,1.0,0.0
12,11,0.0,0.0,0.0,0.0,0.0,0.0,0.0,0.0,0.0,0.0,0.0,1.0,0.0
12,11,0.0,0.0,0.0,0.0,0.0,0.0,0.0,0.0,0.0,0.0,0.0,1.0,0.0
12,11,0.0,0.0,0.0,0.0,0.0,0.0,0.0,0.0,0.0,0.0,0.0,1.0,0.0
12,11,0.0,0.0,0.0,0.0,0.0,0.0,0.0,0.0,0.0,0.0,0.0,1.0,0.0
12,11,0.0,0.0,0.0,0.0,0.0,0.0,0.0,0.0,0.0,0.0,0.0,1.0,0.0
12,11,0.0,0.0,0.0,0.0,0.0,0.0,0.0,0.0,0.0,0.0,0.0,1.0,0.0
12,11,0.0,0.0,0.0,0.0,0.0,0.0,0.0,0.0,0.0,0.0,0.0,1.0,0.0
12,11,0.0,0.0,0.0,0.0,0.0,0.0,0.0,0.0,0.0,0.0,0.0,1.0,0.0
12,11,0.0,0.0,0.0,0.0,0.0,0.0,0.0,0.0,0.0,0.0,0.0,1.0,0.0
12,11,0.0,0.0,0.0,0.0,0.0,0.0,0.0,0.0,0.0,0.0,0.0,1.0,0.0
12,11,0.0,0.0,0.0,0.0,0.0,0.0,0.0,0.0,0.0,0.0,0.0,1.0,0.0
12,11,0.0,0.0,0.0,0.0,0.0,0.0,0.0,0.0,0.0,0.0,0.0,1.0,0.0
12,11,0.0,0.0,0.0,0.0,0.0,0.0,0.0,0.0,0.0,0.0,0.0,1.0,0.0
12,11,0.0,0.0,0.0,0.0,0.0,0.0,0.0,0.0,0.0,0.0,0.0,1.0,0.0
12,11,0.0,0.0,0.0,0.0,0.0,0.0,0.0,0.0,0.0,0.0,0.0,1.0,0.0
12,11,0.0,0.0,0.0,0.0,0.0,0.0,0.0,0.0,0.0,0.0,0.0,1.0,0.0
12,11,0.0,0.0,0.0,0.0,0.0,0.0,0.0,0.0,0.0,0.0,0.0,1.0,0.0
12,11,0.0,0.0,0.0,0.0,0.0,0.0,0.0,0.0,0.0,0.0,0.0,1.0,0.0
12,11,0.0,0.0,0.0,0.0,0.0,0.0,0.0,0.0,0.0,0.0,0.0,1.0,0.0
12,11,0.0,0.0,0.0,0.0,0.0,0.0,0.0,0.0,0.0,0.0,0.0,1.0,0.0
12,11,0.0,0.0,0.0,0.0,0.0,0.0,0.0,0.0,0.0,0.0,0.0,1.0,0.0
12,11,0.0,0.0,0.0,0.0,0.0,0.0,0.0,0.0,0.0,0.0,0.0,1.0,0.0
12,11,0.0,0.0,0.0,0.0,0.0,0.0,0.0,0.0,0.0,0.0,0.0,1.0,0.0
12,11,0.0,0.0,0.0,0.0,0.0,0.0,0.0,0.0,0.0,0.0,0.0,1.0,0.0
12,11,0.0,0.0,0.0,0.0,0.0,0.0,0.0,0.0,0.0,0.0,0.0,1.0,0.0
12,11,0.0,0.0,0.0,0.0,0.0,0.0,0.0,0.0,0.0,0.0,0.0,1.0,0.0
12,11,0.0,0.0,0.0,0.0,0.0,0.0,0.0,0.0,0.0,0.0,0.0,1.0,0.0
12,11,0.0,0.0,0.0,0.0,0.0,0.0,0.0,0.0,0.0,0.0,0.0,1.0,0.0
12,11,0.0,0.0,0.0,0.0,0.0,0.0,0.0,0.0,0.0,0.0,0.0,1.0,0.0
12,11,0.0,0.0,0.0,0.0,0.0,0.0,0.0,0.0,0.0,0.0,0.0,1.0,0.0
12,11,0.0,0.0,0.0,0.0,0.0,0.0,0.0,0.0,0.0,0.0,0.0,1.0,0.0
12,11,0.0,0.0,0.0,0.0,0.0,0.0,0.0,0.0,0.0,0.0,0.0,1.0,0.0
12,11,0.0,0.0,0.0,0.0,0.0,0.0,0.0,0.0,0.0,0.0,0.0,1.0,0.0
12,11,0.0,0.0,0.0,0.0,0.0,0.0,0.0,0.0,0.0,0.0,0.0,1.0,0.0
12,11,0.0,0.0,0.0,0.0,0.0,0.0,0.0,0.0,0.0,0.0,0.0,1.0,0.0
12,11,0.0,0.0,0.0,0.0,0.0,0.0,0.0,0.0,0.0,0.0,0.0,1.0,0.0
12,11,0.0,0.0,0.0,0.0,0.0,0.0,0.0,0.0,0.0,0.0,0.0,1.0,0.0
12,11,0.0,0.0,0.0,0.0,0.0,0.0,0.0,0.0,0.0,0.0,0.0,1.0,0.0
12,11,0.0,0.0,0.0,0.0,0.0,0.0,0.0,0.0,0.0,0.0,0.0,1.0,0.0
12,11,0.0,0.0,0.0,0.0,0.0,0.0,0.0,0.0,0.0,0.0,0.0,1.0,0.0
12,11,0.0,0.0,0.0,0.0,0.0,0.0,0.0,0.0,0.0,0.0,0.0,1.0,0.0
12,11,0.0,0.0,0.0,0.0,0.0,0.0,0.0,0.0,0.0,0.0,0.0,1.0,0.0
12,11,0.0,0.0,0.0,0.0,0.0,0.0,0.0,0.0,0.0,0.0,0.0,1.0,0.0
12,11,0.0,0.0,0.0,0.0,0.0,0.0,0.0,0.0,0.0,0.0,0.0,1.0,0.0
12,11,0.0,0.0,0.0,0.0,0.0,0.0,0.0,0.0,0.0,0.0,0.0,1.0,0.0
12,11,0.0,0.0,0.0,0.0,0.0,0.0,0.0,0.0,0.0,0.0,0.0,1.0,0.0
12,11,0.0,0.0,0.0,0.0,0.0,0.0,0.0,0.0,0.0,0.0,0.0,1.0,0.0
12,11,0.0,0.0,0.0,0.0,0.0,0.0,0.0,0.0,0.0,0.0,0.0,1.0,0.0
12,11,0.0,0.0,0.0,0.0,0.0,0.0,0.0,0.0,0.0,0.0,0.0,1.0,0.0
12,11,0.0,0.0,0.0,0.0,0.0,0.0,0.0,0.0,0.0,0.0,0.0,1.0,0.0
12,11,0.0,0.0,0.0,0.0,0.0,0.0,0.0,0.0,0.0,0.0,0.0,1.0,0.0
12,11,0.0,0.0,0.0,0.0,0.0,0.0,0.0,0.0,0.0,0.0,0.0,1.0,0.0
12,11,0.0,0.0,0.0,0.0,0.0,0.0,0.0,0.0,0.0,0.0,0.0,1.0,0.0
12,11,0.0,0.0,0.0,0.0,0.0,0.0,0.0,0.0,0.0,0.0,0.0,1.0,0.0
12,11,0.0,0.0,0.0,0.0,0.0,0.0,0.0,0.0,0.0,0.0,0.0,1.0,0.0
12,11,0.0,0.0,0.0,0.0,0.0,0.0,0.0,0.0,0.0,0.0,0.0,1.0,0.0
12,11,0.0,0.0,0.0,0.0,0.0,0.0,0.0,0.0,0.0,0.0,0.0,1.0,0.0
12,11,0.0,0.0,0.0,0.0,0.0,0.0,0.0,0.0,0.0,0.0,0.0,1.0,0.0
12,11,0.0,0.0,0.0,0.0,0.0,0.0,0.0,0.0,0.0,0.0,0.0,1.0,0.0
12,11,0.0,0.0,0.0,0.0,0.0,0.0,0.0,0.0,0.0,0.0,0.0,1.0,0.0
12,11,0.0,0.0,0.0,0.0,0.0,0.0,0.0,0.0,0.0,0.0,0.0,1.0,0.0
12,11,0.0,0.0,0.0,0.0,0.0,0.0,0.0,0.0,0.0,0.0,0.0,1.0,0.0
12,11,0.0,0.0,0.0,0.0,0.0,0.0,0.0,0.0,0.0,0.0,0.0,1.0,0.0
12,11,0.0,0.0,0.0,0.0,0.0,0.0,0.0,0.0,0.0,0.0,0.0,1.0,0.0
12,11,0.0,0.0,0.0,0.0,0.0,0.0,0.0,0.0,0.0,0.0,0.0,1.0,0.0
12,11,0.0,0.0,0.0,0.0,0.0,0.0,0.0,0.0,0.0,0.0,0.0,1.0,0.0
12,11,0.0,0.0,0.0,0.0,0.0,0.0,0.0,0.0,0.0,0.0,0.0,1.0,0.0
12,11,0.0,0.0,0.0,0.0,0.0,0.0,0.0,0.0,0.0,0.0,0.0,1.0,0.0
12,11,0.0,0.0,0.0,0.0,0.0,0.0,0.0,0.0,0.0,0.0,0.0,1.0,0.0
12,11,0.0,0.0,0.0,0.0,0.0,0.0,0.0,0.0,0.0,0.0,0.0,1.0,0.0
12,11,0.0,0.0,0.0,0.0,0.0,0.0,0.0,0.0,0.0,0.0,0.0,1.0,0.0
12,11,0.0,0.0,0.0,0.0,0.0,0.0,0.0,0.0,0.0,0.0,0.0,1.0,0.0
12,11,0.0,0.0,0.0,0.0,0.0,0.0,0.0,0.0,0.0,0.0,0.0,1.0,0.0
12,11,0.0,0.0,0.0,0.0,0.0,0.0,0.0,0.0,0.0,0.0,0.0,1.0,0.0
12,11,0.0,0.0,0.0,0.0,0.0,0.0,0.0,0.0,0.0,0.0,0.0,1.0,0.0
12,11,0.0,0.0,0.0,0.0,0.0,0.0,0.0,0.0,0.0,0.0,0.0,1.0,0.0
12,11,0.0,0.0,0.0,0.0,0.0,0.0,0.0,0.0,0.0,0.0,0.0,1.0,0.0
12,11,0.0,0.0,0.0,0.0,0.0,0.0,0.0,0.0,0.0,0.0,0.0,1.0,0.0
12,11,0.0,0.0,0.0,0.0,0.0,0.0,0.0,0.0,0.0,0.0,0.0,1.0,0.0
12,11,0.0,0.0,0.0,0.0,0.0,0.0,0.0,0.0,0.0,0.0,0.0,1.0,0.0
12,11,0.0,0.0,0.0,0.0,0.0,0.0,0.0,0.0,0.0,0.0,0.0,1.0,0.0
12,11,0.0,0.0,0.0,0.0,0.0,0.0,0.0,0.0,0.0,0.0,0.0,1.0,0.0
12,11,0.0,0.0,0.0,0.0,0.0,0.0,0.0,0.0,0.0,0.0,0.0,1.0,0.0
12,11,0.0,0.0,0.0,0.0,0.0,0.0,0.0,0.0,0.0,0.0,0.0,1.0,0.0
12,11,0.0,0.0,0.0,0.0,0.0,0.0,0.0,0.0,0.0,0.0,0.0,1.0,0.0
12,11,0.0,0.0,0.0,0.0,0.0,0.0,0.0,0.0,0.0,0.0,0.0,1.0,0.0
12,11,0.0,0.0,0.0,0.0,0.0,0.0,0.0,0.0,0.0,0.0,0.0,1.0,0.0
12,11,0.0,0.0,0.0,0.0,0.0,0.0,0.0,0.0,0.0,0.0,0.0,1.0,0.0
12,11,0.0,0.0,0.0,0.0,0.0,0.0,0.0,0.0,0.0,0.0,0.0,1.0,0.0
12,11,0.0,0.0,0.0,0.0,0.0,0.0,0.0,0.0,0.0,0.0,0.0,1.0,0.0
12,11,0.0,0.0,0.0,0.0,0.0,0.0,0.0,0.0,0.0,0.0,0.0,1.0,0.0
12,11,0.0,0.0,0.0,0.0,0.0,0.0,0.0,0.0,0.0,0.0,0.0,1.0,0.0
12,11,0.0,0.0,0.0,0.0,0.0,0.0,0.0,0.0,0.0,0.0,0.0,1.0,0.0
12,11,0.0,0.0,0.0,0.0,0.0,0.0,0.0,0.0,0.0,0.0,0.0,1.0,0.0
12,11,0.0,0.0,0.0,0.0,0.0,0.0,0.0,0.0,0.0,0.0,0.0,1.0,0.0
12,11,0.0,0.0,0.0,0.0,0.0,0.0,0.0,0.0,0.0,0.0,0.0,1.0,0.0
12,11,0.0,0.0,0.0,0.0,0.0,0.0,0.0,0.0,0.0,0.0,0.0,1.0,0.0
12,11,0.0,0.0,0.0,0.0,0.0,0.0,0.0,0.0,0.0,0.0,0.0,1.0,0.0
12,11,0.0,0.0,0.0,0.0,0.0,0.0,0.0,0.0,0.0,0.0,0.0,1.0,0.0
12,11,0.0,0.0,0.0,0.0,0.0,0.0,0.0,0.0,0.0,0.0,0.0,1.0,0.0
12,11,0.0,0.0,0.0,0.0,0.0,0.0,0.0,0.0,0.0,0.0,0.0,1.0,0.0
12,11,0.0,0.0,0.0,0.0,0.0,0.0,0.0,0.0,0.0,0.0,0.0,1.0,0.0
12,11,0.0,0.0,0.0,0.0,0.0,0.0,0.0,0.0,0.0,0.0,0.0,1.0,0.0
12,11,0.0,0.0,0.0,0.0,0.0,0.0,0.0,0.0,0.0,0.0,0.0,1.0,0.0
12,11,0.0,0.0,0.0,0.0,0.0,0.0,0.0,0.0,0.0,0.0,0.0,1.0,0.0
12,11,0.0,0.0,0.0,0.0,0.0,0.0,0.0,0.0,0.0,0.0,0.0,1.0,0.0
12,11,0.0,0.0,0.0,0.0,0.0,0.0,0.0,0.0,0.0,0.0,0.0,1.0,0.0
12,11,0.0,0.0,0.0,0.0,0.0,0.0,0.0,0.0,0.0,0.0,0.0,1.0,0.0
12,11,0.0,0.0,0.0,0.0,0.0,0.0,0.0,0.0,0.0,0.0,0.0,1.0,0.0
12,11,0.0,0.0,0.0,0.0,0.0,0.0,0.0,0.0,0.0,0.0,0.0,1.0,0.0
12,11,0.0,0.0,0.0,0.0,0.0,0.0,0.0,0.0,0.0,0.0,0.0,1.0,0.0
12,11,0.0,0.0,0.0,0.0,0.0,0.0,0.0,0.0,0.0,0.0,0.0,1.0,0.0
12,11,0.0,0.0,0.0,0.0,0.0,0.0,0.0,0.0,0.0,0.0,0.0,1.0,0.0
12,11,0.0,0.0,0.0,0.0,0.0,0.0,0.0,0.0,0.0,0.0,0.0,1.0,0.0
12,11,0.0,0.0,0.0,0.0,0.0,0.0,0.0,0.0,0.0,0.0,0.0,1.0,0.0
12,11,0.0,0.0,0.0,0.0,0.0,0.0,0.0,0.0,0.0,0.0,0.0,1.0,0.0
12,11,0.0,0.0,0.0,0.0,0.0,0.0,0.0,0.0,0.0,0.0,0.0,1.0,0.0
12,11,0.0,0.0,0.0,0.0,0.0,0.0,0.0,0.0,0.0,0.0,0.0,1.0,0.0
12,11,0.0,0.0,0.0,0.0,0.0,0.0,0.0,0.0,0.0,0.0,0.0,1.0,0.0
12,11,0.0,0.0,0.0,0.0,0.0,0.0,0.0,0.0,0.0,0.0,0.0,1.0,0.0
12,11,0.0,0.0,0.0,0.0,0.0,0.0,0.0,0.0,0.0,0.0,0.0,1.0,0.0
12,11,0.0,0.0,0.0,0.0,0.0,0.0,0.0,0.0,0.0,0.0,0.0,1.0,0.0
12,11,0.0,0.0,0.0,0.0,0.0,0.0,0.0,0.0,0.0,0.0,0.0,1.0,0.0
12,11,0.0,0.0,0.0,0.0,0.0,0.0,0.0,0.0,0.0,0.0,0.0,1.0,0.0
12,11,0.0,0.0,0.0,0.0,0.0,0.0,0.0,0.0,0.0,0.0,0.0,1.0,0.0
12,11,0.0,0.0,0.0,0.0,0.0,0.0,0.0,0.0,0.0,0.0,0.0,1.0,0.0
12,11,0.0,0.0,0.0,0.0,0.0,0.0,0.0,0.0,0.0,0.0,0.0,1.0,0.0
12,11,0.0,0.0,0.0,0.0,0.0,0.0,0.0,0.0,0.0,0.0,0.0,1.0,0.0
12,11,0.0,0.0,0.0,0.0,0.0,0.0,0.0,0.0,0.0,0.0,0.0,1.0,0.0
12,11,0.0,0.0,0.0,0.0,0.0,0.0,0.0,0.0,0.0,0.0,0.0,1.0,0.0
12,11,0.0,0.0,0.0,0.0,0.0,0.0,0.0,0.0,0.0,0.0,0.0,1.0,0.0
12,11,0.0,0.0,0.0,0.0,0.0,0.0,0.0,0.0,0.0,0.0,0.0,1.0,0.0
12,11,0.0,0.0,0.0,0.0,0.0,0.0,0.0,0.0,0.0,0.0,0.0,1.0,0.0
12,11,0.0,0.0,0.0,0.0,0.0,0.0,0.0,0.0,0.0,0.0,0.0,1.0,0.0
12,11,0.0,0.0,0.0,0.0,0.0,0.0,0.0,0.0,0.0,0.0,0.0,1.0,0.0
12,11,0.0,0.0,0.0,0.0,0.0,0.0,0.0,0.0,0.0,0.0,0.0,1.0,0.0
12,11,0.0,0.0,0.0,0.0,0.0,0.0,0.0,0.0,0.0,0.0,0.0,1.0,0.0
12,11,0.0,0.0,0.0,0.0,0.0,0.0,0.0,0.0,0.0,0.0,0.0,1.0,0.0
12,11,0.0,0.0,0.0,0.0,0.0,0.0,0.0,0.0,0.0,0.0,0.0,1.0,0.0
12,11,0.0,0.0,0.0,0.0,0.0,0.0,0.0,0.0,0.0,0.0,0.0,1.0,0.0
12,11,0.0,0.0,0.0,0.0,0.0,0.0,0.0,0.0,0.0,0.0,0.0,1.0,0.0
12,11,0.0,0.0,0.0,0.0,0.0,0.0,0.0,0.0,0.0,0.0,0.0,1.0,0.0
12,11,0.0,0.0,0.0,0.0,0.0,0.0,0.0,0.0,0.0,0.0,0.0,1.0,0.0
12,11,0.0,0.0,0.0,0.0,0.0,0.0,0.0,0.0,0.0,0.0,0.0,1.0,0.0
12,11,0.0,0.0,0.0,0.0,0.0,0.0,0.0,0.0,0.0,0.0,0.0,1.0,0.0
12,11,0.0,0.0,0.0,0.0,0.0,0.0,0.0,0.0,0.0,0.0,0.0,1.0,0.0
12,11,0.0,0.0,0.0,0.0,0.0,0.0,0.0,0.0,0.0,0.0,0.0,1.0,0.0
12,11,0.0,0.0,0.0,0.0,0.0,0.0,0.0,0.0,0.0,0.0,0.0,1.0,0.0
12,11,0.0,0.0,0.0,0.0,0.0,0.0,0.0,0.0,0.0,0.0,0.0,1.0,0.0
12,11,0.0,0.0,0.0,0.0,0.0,0.0,0.0,0.0,0.0,0.0,0.0,1.0,0.0
12,11,0.0,0.0,0.0,0.0,0.0,0.0,0.0,0.0,0.0,0.0,0.0,1.0,0.0
12,11,0.0,0.0,0.0,0.0,0.0,0.0,0.0,0.0,0.0,0.0,0.0,1.0,0.0
12,11,0.0,0.0,0.0,0.0,0.0,0.0,0.0,0.0,0.0,0.0,0.0,1.0,0.0
12,11,0.0,0.0,0.0,0.0,0.0,0.0,0.0,0.0,0.0,0.0,0.0,1.0,0.0
12,11,0.0,0.0,0.0,0.0,0.0,0.0,0.0,0.0,0.0,0.0,0.0,1.0,0.0
12,11,0.0,0.0,0.0,0.0,0.0,0.0,0.0,0.0,0.0,0.0,0.0,1.0,0.0
12,11,0.0,0.0,0.0,0.0,0.0,0.0,0.0,0.0,0.0,0.0,0.0,1.0,0.0
12,11,0.0,0.0,0.0,0.0,0.0,0.0,0.0,0.0,0.0,0.0,0.0,1.0,0.0
12,11,0.0,0.0,0.0,0.0,0.0,0.0,0.0,0.0,0.0,0.0,0.0,1.0,0.0
12,11,0.0,0.0,0.0,0.0,0.0,0.0,0.0,0.0,0.0,0.0,0.0,1.0,0.0
12,11,0.0,0.0,0.0,0.0,0.0,0.0,0.0,0.0,0.0,0.0,0.0,1.0,0.0
12,11,0.0,0.0,0.0,0.0,0.0,0.0,0.0,0.0,0.0,0.0,0.0,1.0,0.0
12,11,0.0,0.0,0.0,0.0,0.0,0.0,0.0,0.0,0.0,0.0,0.0,1.0,0.0
12,11,0.0,0.0,0.0,0.0,0.0,0.0,0.0,0.0,0.0,0.0,0.0,1.0,0.0
12,11,0.0,0.0,0.0,0.0,0.0,0.0,0.0,0.0,0.0,0.0,0.0,1.0,0.0
12,11,0.0,0.0,0.0,0.0,0.0,0.0,0.0,0.0,0.0,0.0,0.0,1.0,0.0
12,11,0.0,0.0,0.0,0.0,0.0,0.0,0.0,0.0,0.0,0.0,0.0,1.0,0.0
12,11,0.0,0.0,0.0,0.0,0.0,0.0,0.0,0.0,0.0,0.0,0.0,1.0,0.0
12,11,0.0,0.0,0.0,0.0,0.0,0.0,0.0,0.0,0.0,0.0,0.0,1.0,0.0
12,11,0.0,0.0,0.0,0.0,0.0,0.0,0.0,0.0,0.0,0.0,0.0,1.0,0.0
12,11,0.0,0.0,0.0,0.0,0.0,0.0,0.0,0.0,0.0,0.0,0.0,1.0,0.0
12,11,0.0,0.0,0.0,0.0,0.0,0.0,0.0,0.0,0.0,0.0,0.0,1.0,0.0
12,11,0.0,0.0,0.0,0.0,0.0,0.0,0.0,0.0,0.0,0.0,0.0,1.0,0.0
12,11,0.0,0.0,0.0,0.0,0.0,0.0,0.0,0.0,0.0,0.0,0.0,1.0,0.0
12,11,0.0,0.0,0.0,0.0,0.0,0.0,0.0,0.0,0.0,0.0,0.0,1.0,0.0
12,11,0.0,0.0,0.0,0.0,0.0,0.0,0.0,0.0,0.0,0.0,0.0,1.0,0.0
12,11,0.0,0.0,0.0,0.0,0.0,0.0,0.0,0.0,0.0,0.0,0.0,1.0,0.0
12,11,0.0,0.0,0.0,0.0,0.0,0.0,0.0,0.0,0.0,0.0,0.0,1.0,0.0
12,11,0.0,0.0,0.0,0.0,0.0,0.0,0.0,0.0,0.0,0.0,0.0,1.0,0.0
12,11,0.0,0.0,0.0,0.0,0.0,0.0,0.0,0.0,0.0,0.0,0.0,1.0,0.0
12,11,0.0,0.0,0.0,0.0,0.0,0.0,0.0,0.0,0.0,0.0,0.0,1.0,0.0
12,11,0.0,0.0,0.0,0.0,0.0,0.0,0.0,0.0,0.0,0.0,0.0,1.0,0.0
12,11,0.0,0.0,0.0,0.0,0.0,0.0,0.0,0.0,0.0,0.0,0.0,1.0,0.0
12,11,0.0,0.0,0.0,0.0,0.0,0.0,0.0,0.0,0.0,0.0,0.0,1.0,0.0
12,11,0.0,0.0,0.0,0.0,0.0,0.0,0.0,0.0,0.0,0.0,0.0,1.0,0.0
12,11,0.0,0.0,0.0,0.0,0.0,0.0,0.0,0.0,0.0,0.0,0.0,1.0,0.0
12,11,0.0,0.0,0.0,0.0,0.0,0.0,0.0,0.0,0.0,0.0,0.0,1.0,0.0
12,11,0.0,0.0,0.0,0.0,0.0,0.0,0.0,0.0,0.0,0.0,0.0,1.0,0.0
12,11,0.0,0.0,0.0,0.0,0.0,0.0,0.0,0.0,0.0,0.0,0.0,1.0,0.0
12,11,0.0,0.0,0.0,0.0,0.0,0.0,0.0,0.0,0.0,0.0,0.0,1.0,0.0
12,11,0.0,0.0,0.0,0.0,0.0,0.0,0.0,0.0,0.0,0.0,0.0,1.0,0.0
12,11,0.0,0.0,0.0,0.0,0.0,0.0,0.0,0.0,0.0,0.0,0.0,1.0,0.0
12,11,0.0,0.0,0.0,0.0,0.0,0.0,0.0,0.0,0.0,0.0,0.0,1.0,0.0
12,11,0.0,0.0,0.0,0.0,0.0,0.0,0.0,0.0,0.0,0.0,0.0,1.0,0.0
12,11,0.0,0.0,0.0,0.0,0.0,0.0,0.0,0.0,0.0,0.0,0.0,1.0,0.0
12,11,0.0,0.0,0.0,0.0,0.0,0.0,0.0,0.0,0.0,0.0,0.0,1.0,0.0
12,11,0.0,0.0,0.0,0.0,0.0,0.0,0.0,0.0,0.0,0.0,0.0,1.0,0.0
12,11,0.0,0.0,0.0,0.0,0.0,0.0,0.0,0.0,0.0,0.0,0.0,1.0,0.0
12,11,0.0,0.0,0.0,0.0,0.0,0.0,0.0,0.0,0.0,0.0,0.0,1.0,0.0
12,11,0.0,0.0,0.0,0.0,0.0,0.0,0.0,0.0,0.0,0.0,0.0,1.0,0.0
12,11,0.0,0.0,0.0,0.0,0.0,0.0,0.0,0.0,0.0,0.0,0.0,1.0,0.0
12,11,0.0,0.0,0.0,0.0,0.0,0.0,0.0,0.0,0.0,0.0,0.0,1.0,0.0
12,11,0.0,0.0,0.0,0.0,0.0,0.0,0.0,0.0,0.0,0.0,0.0,1.0,0.0
12,11,0.0,0.0,0.0,0.0,0.0,0.0,0.0,0.0,0.0,0.0,0.0,1.0,0.0
12,11,0.0,0.0,0.0,0.0,0.0,0.0,0.0,0.0,0.0,0.0,0.0,1.0,0.0
12,11,0.0,0.0,0.0,0.0,0.0,0.0,0.0,0.0,0.0,0.0,0.0,1.0,0.0
12,11,0.0,0.0,0.0,0.0,0.0,0.0,0.0,0.0,0.0,0.0,0.0,1.0,0.0
12,11,0.0,0.0,0.0,0.0,0.0,0.0,0.0,0.0,0.0,0.0,0.0,1.0,0.0
12,11,0.0,0.0,0.0,0.0,0.0,0.0,0.0,0.0,0.0,0.0,0.0,1.0,0.0
12,11,0.0,0.0,0.0,0.0,0.0,0.0,0.0,0.0,0.0,0.0,0.0,1.0,0.0
12,11,0.0,0.0,0.0,0.0,0.0,0.0,0.0,0.0,0.0,0.0,0.0,1.0,0.0
12,11,0.0,0.0,0.0,0.0,0.0,0.0,0.0,0.0,0.0,0.0,0.0,1.0,0.0
12,11,0.0,0.0,0.0,0.0,0.0,0.0,0.0,0.0,0.0,0.0,0.0,1.0,0.0
12,11,0.0,0.0,0.0,0.0,0.0,0.0,0.0,0.0,0.0,0.0,0.0,1.0,0.0
12,11,0.0,0.0,0.0,0.0,0.0,0.0,0.0,0.0,0.0,0.0,0.0,1.0,0.0
12,11,0.0,0.0,0.0,0.0,0.0,0.0,0.0,0.0,0.0,0.0,0.0,1.0,0.0
12,11,0.0,0.0,0.0,0.0,0.0,0.0,0.0,0.0,0.0,0.0,0.0,1.0,0.0
12,11,0.0,0.0,0.0,0.0,0.0,0.0,0.0,0.0,0.0,0.0,0.0,1.0,0.0
12,11,0.0,0.0,0.0,0.0,0.0,0.0,0.0,0.0,0.0,0.0,0.0,1.0,0.0
12,11,0.0,0.0,0.0,0.0,0.0,0.0,0.0,0.0,0.0,0.0,0.0,1.0,0.0
12,11,0.0,0.0,0.0,0.0,0.0,0.0,0.0,0.0,0.0,0.0,0.0,1.0,0.0
12,11,0.0,0.0,0.0,0.0,0.0,0.0,0.0,0.0,0.0,0.0,0.0,1.0,0.0
12,11,0.0,0.0,0.0,0.0,0.0,0.0,0.0,0.0,0.0,0.0,0.0,1.0,0.0
12,11,0.0,0.0,0.0,0.0,0.0,0.0,0.0,0.0,0.0,0.0,0.0,1.0,0.0
12,11,0.0,0.0,0.0,0.0,0.0,0.0,0.0,0.0,0.0,0.0,0.0,1.0,0.0
12,11,0.0,0.0,0.0,0.0,0.0,0.0,0.0,0.0,0.0,0.0,0.0,1.0,0.0
12,11,0.0,0.0,0.0,0.0,0.0,0.0,0.0,0.0,0.0,0.0,0.0,1.0,0.0
12,11,0.0,0.0,0.0,0.0,0.0,0.0,0.0,0.0,0.0,0.0,0.0,1.0,0.0
12,11,0.0,0.0,0.0,0.0,0.0,0.0,0.0,0.0,0.0,0.0,0.0,1.0,0.0
12,11,0.0,0.0,0.0,0.0,0.0,0.0,0.0,0.0,0.0,0.0,0.0,1.0,0.0
12,11,0.0,0.0,0.0,0.0,0.0,0.0,0.0,0.0,0.0,0.0,0.0,1.0,0.0
12,11,0.0,0.0,0.0,0.0,0.0,0.0,0.0,0.0,0.0,0.0,0.0,1.0,0.0
12,11,0.0,0.0,0.0,0.0,0.0,0.0,0.0,0.0,0.0,0.0,0.0,1.0,0.0
12,11,0.0,0.0,0.0,0.0,0.0,0.0,0.0,0.0,0.0,0.0,0.0,1.0,0.0
12,11,0.0,0.0,0.0,0.0,0.0,0.0,0.0,0.0,0.0,0.0,0.0,1.0,0.0
12,11,0.0,0.0,0.0,0.0,0.0,0.0,0.0,0.0,0.0,0.0,0.0,1.0,0.0
12,11,0.0,0.0,0.0,0.0,0.0,0.0,0.0,0.0,0.0,0.0,0.0,1.0,0.0
12,11,0.0,0.0,0.0,0.0,0.0,0.0,0.0,0.0,0.0,0.0,0.0,1.0,0.0
12,11,0.0,0.0,0.0,0.0,0.0,0.0,0.0,0.0,0.0,0.0,0.0,1.0,0.0
12,11,0.0,0.0,0.0,0.0,0.0,0.0,0.0,0.0,0.0,0.0,0.0,1.0,0.0
12,11,0.0,0.0,0.0,0.0,0.0,0.0,0.0,0.0,0.0,0.0,0.0,1.0,0.0
12,11,0.0,0.0,0.0,0.0,0.0,0.0,0.0,0.0,0.0,0.0,0.0,1.0,0.0
12,11,0.0,0.0,0.0,0.0,0.0,0.0,0.0,0.0,0.0,0.0,0.0,1.0,0.0
12,11,0.0,0.0,0.0,0.0,0.0,0.0,0.0,0.0,0.0,0.0,0.0,1.0,0.0
12,11,0.0,0.0,0.0,0.0,0.0,0.0,0.0,0.0,0.0,0.0,0.0,1.0,0.0
12,11,0.0,0.0,0.0,0.0,0.0,0.0,0.0,0.0,0.0,0.0,0.0,1.0,0.0
12,11,0.0,0.0,0.0,0.0,0.0,0.0,0.0,0.0,0.0,0.0,0.0,1.0,0.0
12,11,0.0,0.0,0.0,0.0,0.0,0.0,0.0,0.0,0.0,0.0,0.0,1.0,0.0
12,11,0.0,0.0,0.0,0.0,0.0,0.0,0.0,0.0,0.0,0.0,0.0,1.0,0.0
12,11,0.0,0.0,0.0,0.0,0.0,0.0,0.0,0.0,0.0,0.0,0.0,1.0,0.0
12,11,0.0,0.0,0.0,0.0,0.0,0.0,0.0,0.0,0.0,0.0,0.0,1.0,0.0
12,11,0.0,0.0,0.0,0.0,0.0,0.0,0.0,0.0,0.0,0.0,0.0,1.0,0.0
12,11,0.0,0.0,0.0,0.0,0.0,0.0,0.0,0.0,0.0,0.0,0.0,1.0,0.0
12,11,0.0,0.0,0.0,0.0,0.0,0.0,0.0,0.0,0.0,0.0,0.0,1.0,0.0
12,11,0.0,0.0,0.0,0.0,0.0,0.0,0.0,0.0,0.0,0.0,0.0,1.0,0.0
12,11,0.0,0.0,0.0,0.0,0.0,0.0,0.0,0.0,0.0,0.0,0.0,1.0,0.0
12,11,0.0,0.0,0.0,0.0,0.0,0.0,0.0,0.0,0.0,0.0,0.0,1.0,0.0
12,11,0.0,0.0,0.0,0.0,0.0,0.0,0.0,0.0,0.0,0.0,0.0,1.0,0.0
12,11,0.0,0.0,0.0,0.0,0.0,0.0,0.0,0.0,0.0,0.0,0.0,1.0,0.0
12,11,0.0,0.0,0.0,0.0,0.0,0.0,0.0,0.0,0.0,0.0,0.0,1.0,0.0
12,11,0.0,0.0,0.0,0.0,0.0,0.0,0.0,0.0,0.0,0.0,0.0,1.0,0.0
12,11,0.0,0.0,0.0,0.0,0.0,0.0,0.0,0.0,0.0,0.0,0.0,1.0,0.0
12,11,0.0,0.0,0.0,0.0,0.0,0.0,0.0,0.0,0.0,0.0,0.0,1.0,0.0
12,11,0.0,0.0,0.0,0.0,0.0,0.0,0.0,0.0,0.0,0.0,0.0,1.0,0.0
12,11,0.0,0.0,0.0,0.0,0.0,0.0,0.0,0.0,0.0,0.0,0.0,1.0,0.0
12,11,0.0,0.0,0.0,0.0,0.0,0.0,0.0,0.0,0.0,0.0,0.0,1.0,0.0
12,11,0.0,0.0,0.0,0.0,0.0,0.0,0.0,0.0,0.0,0.0,0.0,1.0,0.0
12,11,0.0,0.0,0.0,0.0,0.0,0.0,0.0,0.0,0.0,0.0,0.0,1.0,0.0
12,11,0.0,0.0,0.0,0.0,0.0,0.0,0.0,0.0,0.0,0.0,0.0,1.0,0.0
12,11,0.0,0.0,0.0,0.0,0.0,0.0,0.0,0.0,0.0,0.0,0.0,1.0,0.0
12,11,0.0,0.0,0.0,0.0,0.0,0.0,0.0,0.0,0.0,0.0,0.0,1.0,0.0
12,11,0.0,0.0,0.0,0.0,0.0,0.0,0.0,0.0,0.0,0.0,0.0,1.0,0.0
12,11,0.0,0.0,0.0,0.0,0.0,0.0,0.0,0.0,0.0,0.0,0.0,1.0,0.0
12,11,0.0,0.0,0.0,0.0,0.0,0.0,0.0,0.0,0.0,0.0,0.0,1.0,0.0
12,11,0.0,0.0,0.0,0.0,0.0,0.0,0.0,0.0,0.0,0.0,0.0,1.0,0.0
12,11,0.0,0.0,0.0,0.0,0.0,0.0,0.0,0.0,0.0,0.0,0.0,1.0,0.0
12,11,0.0,0.0,0.0,0.0,0.0,0.0,0.0,0.0,0.0,0.0,0.0,1.0,0.0
12,11,0.0,0.0,0.0,0.0,0.0,0.0,0.0,0.0,0.0,0.0,0.0,1.0,0.0
12,11,0.0,0.0,0.0,0.0,0.0,0.0,0.0,0.0,0.0,0.0,0.0,1.0,0.0
12,11,0.0,0.0,0.0,0.0,0.0,0.0,0.0,0.0,0.0,0.0,0.0,1.0,0.0
12,11,0.0,0.0,0.0,0.0,0.0,0.0,0.0,0.0,0.0,0.0,0.0,1.0,0.0
12,11,0.0,0.0,0.0,0.0,0.0,0.0,0.0,0.0,0.0,0.0,0.0,1.0,0.0
12,11,0.0,0.0,0.0,0.0,0.0,0.0,0.0,0.0,0.0,0.0,0.0,1.0,0.0
12,11,0.0,0.0,0.0,0.0,0.0,0.0,0.0,0.0,0.0,0.0,0.0,1.0,0.0
12,11,0.0,0.0,0.0,0.0,0.0,0.0,0.0,0.0,0.0,0.0,0.0,1.0,0.0
12,11,0.0,0.0,0.0,0.0,0.0,0.0,0.0,0.0,0.0,0.0,0.0,1.0,0.0
12,11,0.0,0.0,0.0,0.0,0.0,0.0,0.0,0.0,0.0,0.0,0.0,1.0,0.0
12,11,0.0,0.0,0.0,0.0,0.0,0.0,0.0,0.0,0.0,0.0,0.0,1.0,0.0
12,11,0.0,0.0,0.0,0.0,0.0,0.0,0.0,0.0,0.0,0.0,0.0,1.0,0.0
12,11,0.0,0.0,0.0,0.0,0.0,0.0,0.0,0.0,0.0,0.0,0.0,1.0,0.0
12,11,0.0,0.0,0.0,0.0,0.0,0.0,0.0,0.0,0.0,0.0,0.0,1.0,0.0
12,11,0.0,0.0,0.0,0.0,0.0,0.0,0.0,0.0,0.0,0.0,0.0,1.0,0.0
12,11,0.0,0.0,0.0,0.0,0.0,0.0,0.0,0.0,0.0,0.0,0.0,1.0,0.0
12,11,0.0,0.0,0.0,0.0,0.0,0.0,0.0,0.0,0.0,0.0,0.0,1.0,0.0
12,11,0.0,0.0,0.0,0.0,0.0,0.0,0.0,0.0,0.0,0.0,0.0,1.0,0.0
12,11,0.0,0.0,0.0,0.0,0.0,0.0,0.0,0.0,0.0,0.0,0.0,1.0,0.0
12,11,0.0,0.0,0.0,0.0,0.0,0.0,0.0,0.0,0.0,0.0,0.0,1.0,0.0
12,11,0.0,0.0,0.0,0.0,0.0,0.0,0.0,0.0,0.0,0.0,0.0,1.0,0.0
12,11,0.0,0.0,0.0,0.0,0.0,0.0,0.0,0.0,0.0,0.0,0.0,1.0,0.0
12,11,0.0,0.0,0.0,0.0,0.0,0.0,0.0,0.0,0.0,0.0,0.0,1.0,0.0
12,11,0.0,0.0,0.0,0.0,0.0,0.0,0.0,0.0,0.0,0.0,0.0,1.0,0.0
12,11,0.0,0.0,0.0,0.0,0.0,0.0,0.0,0.0,0.0,0.0,0.0,1.0,0.0
12,11,0.0,0.0,0.0,0.0,0.0,0.0,0.0,0.0,0.0,0.0,0.0,1.0,0.0
12,11,0.0,0.0,0.0,0.0,0.0,0.0,0.0,0.0,0.0,0.0,0.0,1.0,0.0
12,11,0.0,0.0,0.0,0.0,0.0,0.0,0.0,0.0,0.0,0.0,0.0,1.0,0.0
12,11,0.0,0.0,0.0,0.0,0.0,0.0,0.0,0.0,0.0,0.0,0.0,1.0,0.0
12,11,0.0,0.0,0.0,0.0,0.0,0.0,0.0,0.0,0.0,0.0,0.0,1.0,0.0
12,11,0.0,0.0,0.0,0.0,0.0,0.0,0.0,0.0,0.0,0.0,0.0,1.0,0.0
12,11,0.0,0.0,0.0,0.0,0.0,0.0,0.0,0.0,0.0,0.0,0.0,1.0,0.0
12,11,0.0,0.0,0.0,0.0,0.0,0.0,0.0,0.0,0.0,0.0,0.0,1.0,0.0
12,11,0.0,0.0,0.0,0.0,0.0,0.0,0.0,0.0,0.0,0.0,0.0,1.0,0.0
12,11,0.0,0.0,0.0,0.0,0.0,0.0,0.0,0.0,0.0,0.0,0.0,1.0,0.0
12,11,0.0,0.0,0.0,0.0,0.0,0.0,0.0,0.0,0.0,0.0,0.0,1.0,0.0
12,11,0.0,0.0,0.0,0.0,0.0,0.0,0.0,0.0,0.0,0.0,0.0,1.0,0.0
12,11,0.0,0.0,0.0,0.0,0.0,0.0,0.0,0.0,0.0,0.0,0.0,1.0,0.0
12,11,0.0,0.0,0.0,0.0,0.0,0.0,0.0,0.0,0.0,0.0,0.0,1.0,0.0
12,11,0.0,0.0,0.0,0.0,0.0,0.0,0.0,0.0,0.0,0.0,0.0,1.0,0.0
12,11,0.0,0.0,0.0,0.0,0.0,0.0,0.0,0.0,0.0,0.0,0.0,1.0,0.0
12,11,0.0,0.0,0.0,0.0,0.0,0.0,0.0,0.0,0.0,0.0,0.0,1.0,0.0
12,11,0.0,0.0,0.0,0.0,0.0,0.0,0.0,0.0,0.0,0.0,0.0,1.0,0.0
12,11,0.0,0.0,0.0,0.0,0.0,0.0,0.0,0.0,0.0,0.0,0.0,1.0,0.0
12,11,0.0,0.0,0.0,0.0,0.0,0.0,0.0,0.0,0.0,0.0,0.0,1.0,0.0
12,11,0.0,0.0,0.0,0.0,0.0,0.0,0.0,0.0,0.0,0.0,0.0,1.0,0.0
12,11,0.0,0.0,0.0,0.0,0.0,0.0,0.0,0.0,0.0,0.0,0.0,1.0,0.0
12,11,0.0,0.0,0.0,0.0,0.0,0.0,0.0,0.0,0.0,0.0,0.0,1.0,0.0
12,11,0.0,0.0,0.0,0.0,0.0,0.0,0.0,0.0,0.0,0.0,0.0,1.0,0.0
12,11,0.0,0.0,0.0,0.0,0.0,0.0,0.0,0.0,0.0,0.0,0.0,1.0,0.0
12,11,0.0,0.0,0.0,0.0,0.0,0.0,0.0,0.0,0.0,0.0,0.0,1.0,0.0
12,11,0.0,0.0,0.0,0.0,0.0,0.0,0.0,0.0,0.0,0.0,0.0,1.0,0.0
12,11,0.0,0.0,0.0,0.0,0.0,0.0,0.0,0.0,0.0,0.0,0.0,1.0,0.0
12,11,0.0,0.0,0.0,0.0,0.0,0.0,0.0,0.0,0.0,0.0,0.0,1.0,0.0
12,11,0.0,0.0,0.0,0.0,0.0,0.0,0.0,0.0,0.0,0.0,0.0,1.0,0.0
12,11,0.0,0.0,0.0,0.0,0.0,0.0,0.0,0.0,0.0,0.0,0.0,1.0,0.0
12,11,0.0,0.0,0.0,0.0,0.0,0.0,0.0,0.0,0.0,0.0,0.0,1.0,0.0
12,11,0.0,0.0,0.0,0.0,0.0,0.0,0.0,0.0,0.0,0.0,0.0,1.0,0.0
12,11,0.0,0.0,0.0,0.0,0.0,0.0,0.0,0.0,0.0,0.0,0.0,1.0,0.0
12,11,0.0,0.0,0.0,0.0,0.0,0.0,0.0,0.0,0.0,0.0,0.0,1.0,0.0
12,11,0.0,0.0,0.0,0.0,0.0,0.0,0.0,0.0,0.0,0.0,0.0,1.0,0.0
12,11,0.0,0.0,0.0,0.0,0.0,0.0,0.0,0.0,0.0,0.0,0.0,1.0,0.0
12,11,0.0,0.0,0.0,0.0,0.0,0.0,0.0,0.0,0.0,0.0,0.0,1.0,0.0
12,11,0.0,0.0,0.0,0.0,0.0,0.0,0.0,0.0,0.0,0.0,0.0,1.0,0.0
12,11,0.0,0.0,0.0,0.0,0.0,0.0,0.0,0.0,0.0,0.0,0.0,1.0,0.0
12,11,0.0,0.0,0.0,0.0,0.0,0.0,0.0,0.0,0.0,0.0,0.0,1.0,0.0
12,11,0.0,0.0,0.0,0.0,0.0,0.0,0.0,0.0,0.0,0.0,0.0,1.0,0.0
12,11,0.0,0.0,0.0,0.0,0.0,0.0,0.0,0.0,0.0,0.0,0.0,1.0,0.0
12,11,0.0,0.0,0.0,0.0,0.0,0.0,0.0,0.0,0.0,0.0,0.0,1.0,0.0
12,11,0.0,0.0,0.0,0.0,0.0,0.0,0.0,0.0,0.0,0.0,0.0,1.0,0.0
12,11,0.0,0.0,0.0,0.0,0.0,0.0,0.0,0.0,0.0,0.0,0.0,1.0,0.0
12,11,0.0,0.0,0.0,0.0,0.0,0.0,0.0,0.0,0.0,0.0,0.0,1.0,0.0
12,11,0.0,0.0,0.0,0.0,0.0,0.0,0.0,0.0,0.0,0.0,0.0,1.0,0.0
12,11,0.0,0.0,0.0,0.0,0.0,0.0,0.0,0.0,0.0,0.0,0.0,1.0,0.0
12,11,0.0,0.0,0.0,0.0,0.0,0.0,0.0,0.0,0.0,0.0,0.0,1.0,0.0
12,11,0.0,0.0,0.0,0.0,0.0,0.0,0.0,0.0,0.0,0.0,0.0,1.0,0.0
12,11,0.0,0.0,0.0,0.0,0.0,0.0,0.0,0.0,0.0,0.0,0.0,1.0,0.0
12,11,0.0,0.0,0.0,0.0,0.0,0.0,0.0,0.0,0.0,0.0,0.0,1.0,0.0
12,11,0.0,0.0,0.0,0.0,0.0,0.0,0.0,0.0,0.0,0.0,0.0,1.0,0.0
12,11,0.0,0.0,0.0,0.0,0.0,0.0,0.0,0.0,0.0,0.0,0.0,1.0,0.0
12,11,0.0,0.0,0.0,0.0,0.0,0.0,0.0,0.0,0.0,0.0,0.0,1.0,0.0
12,11,0.0,0.0,0.0,0.0,0.0,0.0,0.0,0.0,0.0,0.0,0.0,1.0,0.0
12,11,0.0,0.0,0.0,0.0,0.0,0.0,0.0,0.0,0.0,0.0,0.0,1.0,0.0
12,11,0.0,0.0,0.0,0.0,0.0,0.0,0.0,0.0,0.0,0.0,0.0,1.0,0.0
12,11,0.0,0.0,0.0,0.0,0.0,0.0,0.0,0.0,0.0,0.0,0.0,1.0,0.0
12,11,0.0,0.0,0.0,0.0,0.0,0.0,0.0,0.0,0.0,0.0,0.0,1.0,0.0
12,11,0.0,0.0,0.0,0.0,0.0,0.0,0.0,0.0,0.0,0.0,0.0,1.0,0.0
12,11,0.0,0.0,0.0,0.0,0.0,0.0,0.0,0.0,0.0,0.0,0.0,1.0,0.0
12,11,0.0,0.0,0.0,0.0,0.0,0.0,0.0,0.0,0.0,0.0,0.0,1.0,0.0
12,11,0.0,0.0,0.0,0.0,0.0,0.0,0.0,0.0,0.0,0.0,0.0,1.0,0.0
12,11,0.0,0.0,0.0,0.0,0.0,0.0,0.0,0.0,0.0,0.0,0.0,1.0,0.0
12,11,0.0,0.0,0.0,0.0,0.0,0.0,0.0,0.0,0.0,0.0,0.0,1.0,0.0
12,11,0.0,0.0,0.0,0.0,0.0,0.0,0.0,0.0,0.0,0.0,0.0,1.0,0.0
12,11,0.0,0.0,0.0,0.0,0.0,0.0,0.0,0.0,0.0,0.0,0.0,1.0,0.0
12,11,0.0,0.0,0.0,0.0,0.0,0.0,0.0,0.0,0.0,0.0,0.0,1.0,0.0
12,11,0.0,0.0,0.0,0.0,0.0,0.0,0.0,0.0,0.0,0.0,0.0,1.0,0.0
12,11,0.0,0.0,0.0,0.0,0.0,0.0,0.0,0.0,0.0,0.0,0.0,1.0,0.0
12,11,0.0,0.0,0.0,0.0,0.0,0.0,0.0,0.0,0.0,0.0,0.0,1.0,0.0
12,11,0.0,0.0,0.0,0.0,0.0,0.0,0.0,0.0,0.0,0.0,0.0,1.0,0.0
12,11,0.0,0.0,0.0,0.0,0.0,0.0,0.0,0.0,0.0,0.0,0.0,1.0,0.0
12,11,0.0,0.0,0.0,0.0,0.0,0.0,0.0,0.0,0.0,0.0,0.0,1.0,0.0
12,11,0.0,0.0,0.0,0.0,0.0,0.0,0.0,0.0,0.0,0.0,0.0,1.0,0.0
12,11,0.0,0.0,0.0,0.0,0.0,0.0,0.0,0.0,0.0,0.0,0.0,1.0,0.0
12,11,0.0,0.0,0.0,0.0,0.0,0.0,0.0,0.0,0.0,0.0,0.0,1.0,0.0
12,11,0.0,0.0,0.0,0.0,0.0,0.0,0.0,0.0,0.0,0.0,0.0,1.0,0.0
12,11,0.0,0.0,0.0,0.0,0.0,0.0,0.0,0.0,0.0,0.0,0.0,1.0,0.0
12,11,0.0,0.0,0.0,0.0,0.0,0.0,0.0,0.0,0.0,0.0,0.0,1.0,0.0
12,11,0.0,0.0,0.0,0.0,0.0,0.0,0.0,0.0,0.0,0.0,0.0,1.0,0.0
12,11,0.0,0.0,0.0,0.0,0.0,0.0,0.0,0.0,0.0,0.0,0.0,1.0,0.0
12,11,0.0,0.0,0.0,0.0,0.0,0.0,0.0,0.0,0.0,0.0,0.0,1.0,0.0
12,11,0.0,0.0,0.0,0.0,0.0,0.0,0.0,0.0,0.0,0.0,0.0,1.0,0.0
12,11,0.0,0.0,0.0,0.0,0.0,0.0,0.0,0.0,0.0,0.0,0.0,1.0,0.0
12,11,0.0,0.0,0.0,0.0,0.0,0.0,0.0,0.0,0.0,0.0,0.0,1.0,0.0
12,11,0.0,0.0,0.0,0.0,0.0,0.0,0.0,0.0,0.0,0.0,0.0,1.0,0.0
12,11,0.0,0.0,0.0,0.0,0.0,0.0,0.0,0.0,0.0,0.0,0.0,1.0,0.0
12,11,0.0,0.0,0.0,0.0,0.0,0.0,0.0,0.0,0.0,0.0,0.0,1.0,0.0
12,11,0.0,0.0,0.0,0.0,0.0,0.0,0.0,0.0,0.0,0.0,0.0,1.0,0.0
12,11,0.0,0.0,0.0,0.0,0.0,0.0,0.0,0.0,0.0,0.0,0.0,1.0,0.0
12,11,0.0,0.0,0.0,0.0,0.0,0.0,0.0,0.0,0.0,0.0,0.0,1.0,0.0
12,11,0.0,0.0,0.0,0.0,0.0,0.0,0.0,0.0,0.0,0.0,0.0,1.0,0.0
12,11,0.0,0.0,0.0,0.0,0.0,0.0,0.0,0.0,0.0,0.0,0.0,1.0,0.0
12,11,0.0,0.0,0.0,0.0,0.0,0.0,0.0,0.0,0.0,0.0,0.0,1.0,0.0
12,11,0.0,0.0,0.0,0.0,0.0,0.0,0.0,0.0,0.0,0.0,0.0,1.0,0.0
12,11,0.0,0.0,0.0,0.0,0.0,0.0,0.0,0.0,0.0,0.0,0.0,1.0,0.0
12,11,0.0,0.0,0.0,0.0,0.0,0.0,0.0,0.0,0.0,0.0,0.0,1.0,0.0
12,11,0.0,0.0,0.0,0.0,0.0,0.0,0.0,0.0,0.0,0.0,0.0,1.0,0.0
12,11,0.0,0.0,0.0,0.0,0.0,0.0,0.0,0.0,0.0,0.0,0.0,1.0,0.0
12,11,0.0,0.0,0.0,0.0,0.0,0.0,0.0,0.0,0.0,0.0,0.0,1.0,0.0
12,11,0.0,0.0,0.0,0.0,0.0,0.0,0.0,0.0,0.0,0.0,0.0,1.0,0.0
12,11,0.0,0.0,0.0,0.0,0.0,0.0,0.0,0.0,0.0,0.0,0.0,1.0,0.0
12,11,0.0,0.0,0.0,0.0,0.0,0.0,0.0,0.0,0.0,0.0,0.0,1.0,0.0
12,11,0.0,0.0,0.0,0.0,0.0,0.0,0.0,0.0,0.0,0.0,0.0,1.0,0.0
12,11,0.0,0.0,0.0,0.0,0.0,0.0,0.0,0.0,0.0,0.0,0.0,1.0,0.0
12,11,0.0,0.0,0.0,0.0,0.0,0.0,0.0,0.0,0.0,0.0,0.0,1.0,0.0
12,11,0.0,0.0,0.0,0.0,0.0,0.0,0.0,0.0,0.0,0.0,0.0,1.0,0.0
12,11,0.0,0.0,0.0,0.0,0.0,0.0,0.0,0.0,0.0,0.0,0.0,1.0,0.0
12,11,0.0,0.0,0.0,0.0,0.0,0.0,0.0,0.0,0.0,0.0,0.0,1.0,0.0
12,11,0.0,0.0,0.0,0.0,0.0,0.0,0.0,0.0,0.0,0.0,0.0,1.0,0.0
12,11,0.0,0.0,0.0,0.0,0.0,0.0,0.0,0.0,0.0,0.0,0.0,1.0,0.0
12,11,0.0,0.0,0.0,0.0,0.0,0.0,0.0,0.0,0.0,0.0,0.0,1.0,0.0
12,11,0.0,0.0,0.0,0.0,0.0,0.0,0.0,0.0,0.0,0.0,0.0,1.0,0.0
12,11,0.0,0.0,0.0,0.0,0.0,0.0,0.0,0.0,0.0,0.0,0.0,1.0,0.0
12,11,0.0,0.0,0.0,0.0,0.0,0.0,0.0,0.0,0.0,0.0,0.0,1.0,0.0
12,11,0.0,0.0,0.0,0.0,0.0,0.0,0.0,0.0,0.0,0.0,0.0,1.0,0.0
12,11,0.0,0.0,0.0,0.0,0.0,0.0,0.0,0.0,0.0,0.0,0.0,1.0,0.0
12,11,0.0,0.0,0.0,0.0,0.0,0.0,0.0,0.0,0.0,0.0,0.0,1.0,0.0
12,11,0.0,0.0,0.0,0.0,0.0,0.0,0.0,0.0,0.0,0.0,0.0,1.0,0.0
12,11,0.0,0.0,0.0,0.0,0.0,0.0,0.0,0.0,0.0,0.0,0.0,1.0,0.0
12,11,0.0,0.0,0.0,0.0,0.0,0.0,0.0,0.0,0.0,0.0,0.0,1.0,0.0
12,11,0.0,0.0,0.0,0.0,0.0,0.0,0.0,0.0,0.0,0.0,0.0,1.0,0.0
12,11,0.0,0.0,0.0,0.0,0.0,0.0,0.0,0.0,0.0,0.0,0.0,1.0,0.0
12,11,0.0,0.0,0.0,0.0,0.0,0.0,0.0,0.0,0.0,0.0,0.0,1.0,0.0
12,11,0.0,0.0,0.0,0.0,0.0,0.0,0.0,0.0,0.0,0.0,0.0,1.0,0.0
12,11,0.0,0.0,0.0,0.0,0.0,0.0,0.0,0.0,0.0,0.0,0.0,1.0,0.0
12,11,0.0,0.0,0.0,0.0,0.0,0.0,0.0,0.0,0.0,0.0,0.0,1.0,0.0
12,11,0.0,0.0,0.0,0.0,0.0,0.0,0.0,0.0,0.0,0.0,0.0,1.0,0.0
12,11,0.0,0.0,0.0,0.0,0.0,0.0,0.0,0.0,0.0,0.0,0.0,1.0,0.0
12,11,0.0,0.0,0.0,0.0,0.0,0.0,0.0,0.0,0.0,0.0,0.0,1.0,0.0
12,11,0.0,0.0,0.0,0.0,0.0,0.0,0.0,0.0,0.0,0.0,0.0,1.0,0.0
12,11,0.0,0.0,0.0,0.0,0.0,0.0,0.0,0.0,0.0,0.0,0.0,1.0,0.0
12,11,0.0,0.0,0.0,0.0,0.0,0.0,0.0,0.0,0.0,0.0,0.0,1.0,0.0
12,11,0.0,0.0,0.0,0.0,0.0,0.0,0.0,0.0,0.0,0.0,0.0,1.0,0.0
12,11,0.0,0.0,0.0,0.0,0.0,0.0,0.0,0.0,0.0,0.0,0.0,1.0,0.0
12,11,0.0,0.0,0.0,0.0,0.0,0.0,0.0,0.0,0.0,0.0,0.0,1.0,0.0
12,11,0.0,0.0,0.0,0.0,0.0,0.0,0.0,0.0,0.0,0.0,0.0,1.0,0.0
12,11,0.0,0.0,0.0,0.0,0.0,0.0,0.0,0.0,0.0,0.0,0.0,1.0,0.0
12,11,0.0,0.0,0.0,0.0,0.0,0.0,0.0,0.0,0.0,0.0,0.0,1.0,0.0
12,11,0.0,0.0,0.0,0.0,0.0,0.0,0.0,0.0,0.0,0.0,0.0,1.0,0.0
12,11,0.0,0.0,0.0,0.0,0.0,0.0,0.0,0.0,0.0,0.0,0.0,1.0,0.0
12,11,0.0,0.0,0.0,0.0,0.0,0.0,0.0,0.0,0.0,0.0,0.0,1.0,0.0
12,11,0.0,0.0,0.0,0.0,0.0,0.0,0.0,0.0,0.0,0.0,0.0,1.0,0.0
12,11,0.0,0.0,0.0,0.0,0.0,0.0,0.0,0.0,0.0,0.0,0.0,1.0,0.0
12,11,0.0,0.0,0.0,0.0,0.0,0.0,0.0,0.0,0.0,0.0,0.0,1.0,0.0
12,11,0.0,0.0,0.0,0.0,0.0,0.0,0.0,0.0,0.0,0.0,0.0,1.0,0.0
12,11,0.0,0.0,0.0,0.0,0.0,0.0,0.0,0.0,0.0,0.0,0.0,1.0,0.0
12,11,0.0,0.0,0.0,0.0,0.0,0.0,0.0,0.0,0.0,0.0,0.0,1.0,0.0
12,11,0.0,0.0,0.0,0.0,0.0,0.0,0.0,0.0,0.0,0.0,0.0,1.0,0.0
12,11,0.0,0.0,0.0,0.0,0.0,0.0,0.0,0.0,0.0,0.0,0.0,1.0,0.0
12,11,0.0,0.0,0.0,0.0,0.0,0.0,0.0,0.0,0.0,0.0,0.0,1.0,0.0
12,11,0.0,0.0,0.0,0.0,0.0,0.0,0.0,0.0,0.0,0.0,0.0,1.0,0.0
12,11,0.0,0.0,0.0,0.0,0.0,0.0,0.0,0.0,0.0,0.0,0.0,1.0,0.0
12,11,0.0,0.0,0.0,0.0,0.0,0.0,0.0,0.0,0.0,0.0,0.0,1.0,0.0
12,11,0.0,0.0,0.0,0.0,0.0,0.0,0.0,0.0,0.0,0.0,0.0,1.0,0.0
12,11,0.0,0.0,0.0,0.0,0.0,0.0,0.0,0.0,0.0,0.0,0.0,1.0,0.0
12,11,0.0,0.0,0.0,0.0,0.0,0.0,0.0,0.0,0.0,0.0,0.0,1.0,0.0
12,11,0.0,0.0,0.0,0.0,0.0,0.0,0.0,0.0,0.0,0.0,0.0,1.0,0.0
12,11,0.0,0.0,0.0,0.0,0.0,0.0,0.0,0.0,0.0,0.0,0.0,1.0,0.0
12,11,0.0,0.0,0.0,0.0,0.0,0.0,0.0,0.0,0.0,0.0,0.0,1.0,0.0
12,11,0.0,0.0,0.0,0.0,0.0,0.0,0.0,0.0,0.0,0.0,0.0,1.0,0.0
12,11,0.0,0.0,0.0,0.0,0.0,0.0,0.0,0.0,0.0,0.0,0.0,1.0,0.0
12,11,0.0,0.0,0.0,0.0,0.0,0.0,0.0,0.0,0.0,0.0,0.0,1.0,0.0
12,11,0.0,0.0,0.0,0.0,0.0,0.0,0.0,0.0,0.0,0.0,0.0,1.0,0.0
12,11,0.0,0.0,0.0,0.0,0.0,0.0,0.0,0.0,0.0,0.0,0.0,1.0,0.0
12,11,0.0,0.0,0.0,0.0,0.0,0.0,0.0,0.0,0.0,0.0,0.0,1.0,0.0
12,11,0.0,0.0,0.0,0.0,0.0,0.0,0.0,0.0,0.0,0.0,0.0,1.0,0.0
12,11,0.0,0.0,0.0,0.0,0.0,0.0,0.0,0.0,0.0,0.0,0.0,1.0,0.0
12,11,0.0,0.0,0.0,0.0,0.0,0.0,0.0,0.0,0.0,0.0,0.0,1.0,0.0
12,11,0.0,0.0,0.0,0.0,0.0,0.0,0.0,0.0,0.0,0.0,0.0,1.0,0.0
12,11,0.0,0.0,0.0,0.0,0.0,0.0,0.0,0.0,0.0,0.0,0.0,1.0,0.0
12,11,0.0,0.0,0.0,0.0,0.0,0.0,0.0,0.0,0.0,0.0,0.0,1.0,0.0
12,11,0.0,0.0,0.0,0.0,0.0,0.0,0.0,0.0,0.0,0.0,0.0,1.0,0.0
12,11,0.0,0.0,0.0,0.0,0.0,0.0,0.0,0.0,0.0,0.0,0.0,1.0,0.0
12,11,0.0,0.0,0.0,0.0,0.0,0.0,0.0,0.0,0.0,0.0,0.0,1.0,0.0
12,11,0.0,0.0,0.0,0.0,0.0,0.0,0.0,0.0,0.0,0.0,0.0,1.0,0.0
12,11,0.0,0.0,0.0,0.0,0.0,0.0,0.0,0.0,0.0,0.0,0.0,1.0,0.0
12,11,0.0,0.0,0.0,0.0,0.0,0.0,0.0,0.0,0.0,0.0,0.0,1.0,0.0
12,11,0.0,0.0,0.0,0.0,0.0,0.0,0.0,0.0,0.0,0.0,0.0,1.0,0.0
12,11,0.0,0.0,0.0,0.0,0.0,0.0,0.0,0.0,0.0,0.0,0.0,1.0,0.0
12,11,0.0,0.0,0.0,0.0,0.0,0.0,0.0,0.0,0.0,0.0,0.0,1.0,0.0
12,11,0.0,0.0,0.0,0.0,0.0,0.0,0.0,0.0,0.0,0.0,0.0,1.0,0.0
12,11,0.0,0.0,0.0,0.0,0.0,0.0,0.0,0.0,0.0,0.0,0.0,1.0,0.0
12,11,0.0,0.0,0.0,0.0,0.0,0.0,0.0,0.0,0.0,0.0,0.0,1.0,0.0
12,11,0.0,0.0,0.0,0.0,0.0,0.0,0.0,0.0,0.0,0.0,0.0,1.0,0.0
12,11,0.0,0.0,0.0,0.0,0.0,0.0,0.0,0.0,0.0,0.0,0.0,1.0,0.0
12,11,0.0,0.0,0.0,0.0,0.0,0.0,0.0,0.0,0.0,0.0,0.0,1.0,0.0
12,11,0.0,0.0,0.0,0.0,0.0,0.0,0.0,0.0,0.0,0.0,0.0,1.0,0.0
12,11,0.0,0.0,0.0,0.0,0.0,0.0,0.0,0.0,0.0,0.0,0.0,1.0,0.0
12,11,0.0,0.0,0.0,0.0,0.0,0.0,0.0,0.0,0.0,0.0,0.0,1.0,0.0
12,11,0.0,0.0,0.0,0.0,0.0,0.0,0.0,0.0,0.0,0.0,0.0,1.0,0.0
12,11,0.0,0.0,0.0,0.0,0.0,0.0,0.0,0.0,0.0,0.0,0.0,1.0,0.0
12,11,0.0,0.0,0.0,0.0,0.0,0.0,0.0,0.0,0.0,0.0,0.0,1.0,0.0
12,11,0.0,0.0,0.0,0.0,0.0,0.0,0.0,0.0,0.0,0.0,0.0,1.0,0.0
12,11,0.0,0.0,0.0,0.0,0.0,0.0,0.0,0.0,0.0,0.0,0.0,1.0,0.0
12,11,0.0,0.0,0.0,0.0,0.0,0.0,0.0,0.0,0.0,0.0,0.0,1.0,0.0
12,11,0.0,0.0,0.0,0.0,0.0,0.0,0.0,0.0,0.0,0.0,0.0,1.0,0.0
12,11,0.0,0.0,0.0,0.0,0.0,0.0,0.0,0.0,0.0,0.0,0.0,1.0,0.0
12,11,0.0,0.0,0.0,0.0,0.0,0.0,0.0,0.0,0.0,0.0,0.0,1.0,0.0
12,11,0.0,0.0,0.0,0.0,0.0,0.0,0.0,0.0,0.0,0.0,0.0,1.0,0.0
12,11,0.0,0.0,0.0,0.0,0.0,0.0,0.0,0.0,0.0,0.0,0.0,1.0,0.0
12,11,0.0,0.0,0.0,0.0,0.0,0.0,0.0,0.0,0.0,0.0,0.0,1.0,0.0
12,11,0.0,0.0,0.0,0.0,0.0,0.0,0.0,0.0,0.0,0.0,0.0,1.0,0.0
12,11,0.0,0.0,0.0,0.0,0.0,0.0,0.0,0.0,0.0,0.0,0.0,1.0,0.0
12,11,0.0,0.0,0.0,0.0,0.0,0.0,0.0,0.0,0.0,0.0,0.0,1.0,0.0
12,11,0.0,0.0,0.0,0.0,0.0,0.0,0.0,0.0,0.0,0.0,0.0,1.0,0.0
12,11,0.0,0.0,0.0,0.0,0.0,0.0,0.0,0.0,0.0,0.0,0.0,1.0,0.0
12,11,0.0,0.0,0.0,0.0,0.0,0.0,0.0,0.0,0.0,0.0,0.0,1.0,0.0
12,11,0.0,0.0,0.0,0.0,0.0,0.0,0.0,0.0,0.0,0.0,0.0,1.0,0.0
12,11,0.0,0.0,0.0,0.0,0.0,0.0,0.0,0.0,0.0,0.0,0.0,1.0,0.0
12,11,0.0,0.0,0.0,0.0,0.0,0.0,0.0,0.0,0.0,0.0,0.0,1.0,0.0
12,11,0.0,0.0,0.0,0.0,0.0,0.0,0.0,0.0,0.0,0.0,0.0,1.0,0.0
12,11,0.0,0.0,0.0,0.0,0.0,0.0,0.0,0.0,0.0,0.0,0.0,1.0,0.0
12,11,0.0,0.0,0.0,0.0,0.0,0.0,0.0,0.0,0.0,0.0,0.0,1.0,0.0
12,11,0.0,0.0,0.0,0.0,0.0,0.0,0.0,0.0,0.0,0.0,0.0,1.0,0.0
12,11,0.0,0.0,0.0,0.0,0.0,0.0,0.0,0.0,0.0,0.0,0.0,1.0,0.0
12,11,0.0,0.0,0.0,0.0,0.0,0.0,0.0,0.0,0.0,0.0,0.0,1.0,0.0
12,11,0.0,0.0,0.0,0.0,0.0,0.0,0.0,0.0,0.0,0.0,0.0,1.0,0.0
12,11,0.0,0.0,0.0,0.0,0.0,0.0,0.0,0.0,0.0,0.0,0.0,1.0,0.0
12,11,0.0,0.0,0.0,0.0,0.0,0.0,0.0,0.0,0.0,0.0,0.0,1.0,0.0
12,11,0.0,0.0,0.0,0.0,0.0,0.0,0.0,0.0,0.0,0.0,0.0,1.0,0.0
12,11,0.0,0.0,0.0,0.0,0.0,0.0,0.0,0.0,0.0,0.0,0.0,1.0,0.0
12,11,0.0,0.0,0.0,0.0,0.0,0.0,0.0,0.0,0.0,0.0,0.0,1.0,0.0
12,11,0.0,0.0,0.0,0.0,0.0,0.0,0.0,0.0,0.0,0.0,0.0,1.0,0.0
12,11,0.0,0.0,0.0,0.0,0.0,0.0,0.0,0.0,0.0,0.0,0.0,1.0,0.0
12,11,0.0,0.0,0.0,0.0,0.0,0.0,0.0,0.0,0.0,0.0,0.0,1.0,0.0
12,11,0.0,0.0,0.0,0.0,0.0,0.0,0.0,0.0,0.0,0.0,0.0,1.0,0.0
12,11,0.0,0.0,0.0,0.0,0.0,0.0,0.0,0.0,0.0,0.0,0.0,1.0,0.0
12,11,0.0,0.0,0.0,0.0,0.0,0.0,0.0,0.0,0.0,0.0,0.0,1.0,0.0
12,11,0.0,0.0,0.0,0.0,0.0,0.0,0.0,0.0,0.0,0.0,0.0,1.0,0.0
12,11,0.0,0.0,0.0,0.0,0.0,0.0,0.0,0.0,0.0,0.0,0.0,1.0,0.0
12,11,0.0,0.0,0.0,0.0,0.0,0.0,0.0,0.0,0.0,0.0,0.0,1.0,0.0
12,11,0.0,0.0,0.0,0.0,0.0,0.0,0.0,0.0,0.0,0.0,0.0,1.0,0.0
12,11,0.0,0.0,0.0,0.0,0.0,0.0,0.0,0.0,0.0,0.0,0.0,1.0,0.0
12,11,0.0,0.0,0.0,0.0,0.0,0.0,0.0,0.0,0.0,0.0,0.0,1.0,0.0
12,11,0.0,0.0,0.0,0.0,0.0,0.0,0.0,0.0,0.0,0.0,0.0,1.0,0.0
12,11,0.0,0.0,0.0,0.0,0.0,0.0,0.0,0.0,0.0,0.0,0.0,1.0,0.0
12,11,0.0,0.0,0.0,0.0,0.0,0.0,0.0,0.0,0.0,0.0,0.0,1.0,0.0
12,11,0.0,0.0,0.0,0.0,0.0,0.0,0.0,0.0,0.0,0.0,0.0,1.0,0.0
12,11,0.0,0.0,0.0,0.0,0.0,0.0,0.0,0.0,0.0,0.0,0.0,1.0,0.0
12,11,0.0,0.0,0.0,0.0,0.0,0.0,0.0,0.0,0.0,0.0,0.0,1.0,0.0
12,11,0.0,0.0,0.0,0.0,0.0,0.0,0.0,0.0,0.0,0.0,0.0,1.0,0.0
12,11,0.0,0.0,0.0,0.0,0.0,0.0,0.0,0.0,0.0,0.0,0.0,1.0,0.0
12,11,0.0,0.0,0.0,0.0,0.0,0.0,0.0,0.0,0.0,0.0,0.0,1.0,0.0
12,11,0.0,0.0,0.0,0.0,0.0,0.0,0.0,0.0,0.0,0.0,0.0,1.0,0.0
12,11,0.0,0.0,0.0,0.0,0.0,0.0,0.0,0.0,0.0,0.0,0.0,1.0,0.0
12,11,0.0,0.0,0.0,0.0,0.0,0.0,0.0,0.0,0.0,0.0,0.0,1.0,0.0
12,11,0.0,0.0,0.0,0.0,0.0,0.0,0.0,0.0,0.0,0.0,0.0,1.0,0.0
12,11,0.0,0.0,0.0,0.0,0.0,0.0,0.0,0.0,0.0,0.0,0.0,1.0,0.0
12,11,0.0,0.0,0.0,0.0,0.0,0.0,0.0,0.0,0.0,0.0,0.0,1.0,0.0
12,11,0.0,0.0,0.0,0.0,0.0,0.0,0.0,0.0,0.0,0.0,0.0,1.0,0.0
12,11,0.0,0.0,0.0,0.0,0.0,0.0,0.0,0.0,0.0,0.0,0.0,1.0,0.0
12,11,0.0,0.0,0.0,0.0,0.0,0.0,0.0,0.0,0.0,0.0,0.0,1.0,0.0
12,11,0.0,0.0,0.0,0.0,0.0,0.0,0.0,0.0,0.0,0.0,0.0,1.0,0.0
12,11,0.0,0.0,0.0,0.0,0.0,0.0,0.0,0.0,0.0,0.0,0.0,1.0,0.0
12,11,0.0,0.0,0.0,0.0,0.0,0.0,0.0,0.0,0.0,0.0,0.0,1.0,0.0
12,11,0.0,0.0,0.0,0.0,0.0,0.0,0.0,0.0,0.0,0.0,0.0,1.0,0.0
12,11,0.0,0.0,0.0,0.0,0.0,0.0,0.0,0.0,0.0,0.0,0.0,1.0,0.0
12,11,0.0,0.0,0.0,0.0,0.0,0.0,0.0,0.0,0.0,0.0,0.0,1.0,0.0
12,11,0.0,0.0,0.0,0.0,0.0,0.0,0.0,0.0,0.0,0.0,0.0,1.0,0.0
12,11,0.0,0.0,0.0,0.0,0.0,0.0,0.0,0.0,0.0,0.0,0.0,1.0,0.0
12,11,0.0,0.0,0.0,0.0,0.0,0.0,0.0,0.0,0.0,0.0,0.0,1.0,0.0
12,11,0.0,0.0,0.0,0.0,0.0,0.0,0.0,0.0,0.0,0.0,0.0,1.0,0.0
12,11,0.0,0.0,0.0,0.0,0.0,0.0,0.0,0.0,0.0,0.0,0.0,1.0,0.0
12,11,0.0,0.0,0.0,0.0,0.0,0.0,0.0,0.0,0.0,0.0,0.0,1.0,0.0
12,11,0.0,0.0,0.0,0.0,0.0,0.0,0.0,0.0,0.0,0.0,0.0,1.0,0.0
12,11,0.0,0.0,0.0,0.0,0.0,0.0,0.0,0.0,0.0,0.0,0.0,1.0,0.0
12,11,0.0,0.0,0.0,0.0,0.0,0.0,0.0,0.0,0.0,0.0,0.0,1.0,0.0
12,11,0.0,0.0,0.0,0.0,0.0,0.0,0.0,0.0,0.0,0.0,0.0,1.0,0.0
12,11,0.0,0.0,0.0,0.0,0.0,0.0,0.0,0.0,0.0,0.0,0.0,1.0,0.0
12,11,0.0,0.0,0.0,0.0,0.0,0.0,0.0,0.0,0.0,0.0,0.0,1.0,0.0
12,11,0.0,0.0,0.0,0.0,0.0,0.0,0.0,0.0,0.0,0.0,0.0,1.0,0.0
12,11,0.0,0.0,0.0,0.0,0.0,0.0,0.0,0.0,0.0,0.0,0.0,1.0,0.0
12,11,0.0,0.0,0.0,0.0,0.0,0.0,0.0,0.0,0.0,0.0,0.0,1.0,0.0
12,11,0.0,0.0,0.0,0.0,0.0,0.0,0.0,0.0,0.0,0.0,0.0,1.0,0.0
12,11,0.0,0.0,0.0,0.0,0.0,0.0,0.0,0.0,0.0,0.0,0.0,1.0,0.0
12,11,0.0,0.0,0.0,0.0,0.0,0.0,0.0,0.0,0.0,0.0,0.0,1.0,0.0
12,11,0.0,0.0,0.0,0.0,0.0,0.0,0.0,0.0,0.0,0.0,0.0,1.0,0.0
12,11,0.0,0.0,0.0,0.0,0.0,0.0,0.0,0.0,0.0,0.0,0.0,1.0,0.0
12,11,0.0,0.0,0.0,0.0,0.0,0.0,0.0,0.0,0.0,0.0,0.0,1.0,0.0
12,11,0.0,0.0,0.0,0.0,0.0,0.0,0.0,0.0,0.0,0.0,0.0,1.0,0.0
12,11,0.0,0.0,0.0,0.0,0.0,0.0,0.0,0.0,0.0,0.0,0.0,1.0,0.0
12,11,0.0,0.0,0.0,0.0,0.0,0.0,0.0,0.0,0.0,0.0,0.0,1.0,0.0
12,11,0.0,0.0,0.0,0.0,0.0,0.0,0.0,0.0,0.0,0.0,0.0,1.0,0.0
12,11,0.0,0.0,0.0,0.0,0.0,0.0,0.0,0.0,0.0,0.0,0.0,1.0,0.0
12,11,0.0,0.0,0.0,0.0,0.0,0.0,0.0,0.0,0.0,0.0,0.0,1.0,0.0
12,11,0.0,0.0,0.0,0.0,0.0,0.0,0.0,0.0,0.0,0.0,0.0,1.0,0.0
12,11,0.0,0.0,0.0,0.0,0.0,0.0,0.0,0.0,0.0,0.0,0.0,1.0,0.0
12,11,0.0,0.0,0.0,0.0,0.0,0.0,0.0,0.0,0.0,0.0,0.0,1.0,0.0
12,11,0.0,0.0,0.0,0.0,0.0,0.0,0.0,0.0,0.0,0.0,0.0,1.0,0.0
12,11,0.0,0.0,0.0,0.0,0.0,0.0,0.0,0.0,0.0,0.0,0.0,1.0,0.0
12,11,0.0,0.0,0.0,0.0,0.0,0.0,0.0,0.0,0.0,0.0,0.0,1.0,0.0
12,11,0.0,0.0,0.0,0.0,0.0,0.0,0.0,0.0,0.0,0.0,0.0,1.0,0.0
12,11,0.0,0.0,0.0,0.0,0.0,0.0,0.0,0.0,0.0,0.0,0.0,1.0,0.0
12,11,0.0,0.0,0.0,0.0,0.0,0.0,0.0,0.0,0.0,0.0,0.0,1.0,0.0
12,11,0.0,0.0,0.0,0.0,0.0,0.0,0.0,0.0,0.0,0.0,0.0,1.0,0.0
12,11,0.0,0.0,0.0,0.0,0.0,0.0,0.0,0.0,0.0,0.0,0.0,1.0,0.0
12,11,0.0,0.0,0.0,0.0,0.0,0.0,0.0,0.0,0.0,0.0,0.0,1.0,0.0
12,11,0.0,0.0,0.0,0.0,0.0,0.0,0.0,0.0,0.0,0.0,0.0,1.0,0.0
12,11,0.0,0.0,0.0,0.0,0.0,0.0,0.0,0.0,0.0,0.0,0.0,1.0,0.0
12,11,0.0,0.0,0.0,0.0,0.0,0.0,0.0,0.0,0.0,0.0,0.0,1.0,0.0
12,11,0.0,0.0,0.0,0.0,0.0,0.0,0.0,0.0,0.0,0.0,0.0,1.0,0.0
12,11,0.0,0.0,0.0,0.0,0.0,0.0,0.0,0.0,0.0,0.0,0.0,1.0,0.0
12,11,0.0,0.0,0.0,0.0,0.0,0.0,0.0,0.0,0.0,0.0,0.0,1.0,0.0
12,11,0.0,0.0,0.0,0.0,0.0,0.0,0.0,0.0,0.0,0.0,0.0,1.0,0.0
12,11,0.0,0.0,0.0,0.0,0.0,0.0,0.0,0.0,0.0,0.0,0.0,1.0,0.0
12,11,0.0,0.0,0.0,0.0,0.0,0.0,0.0,0.0,0.0,0.0,0.0,1.0,0.0
12,11,0.0,0.0,0.0,0.0,0.0,0.0,0.0,0.0,0.0,0.0,0.0,1.0,0.0
12,11,0.0,0.0,0.0,0.0,0.0,0.0,0.0,0.0,0.0,0.0,0.0,1.0,0.0
12,11,0.0,0.0,0.0,0.0,0.0,0.0,0.0,0.0,0.0,0.0,0.0,1.0,0.0
12,11,0.0,0.0,0.0,0.0,0.0,0.0,0.0,0.0,0.0,0.0,0.0,1.0,0.0
12,11,0.0,0.0,0.0,0.0,0.0,0.0,0.0,0.0,0.0,0.0,0.0,1.0,0.0
12,11,0.0,0.0,0.0,0.0,0.0,0.0,0.0,0.0,0.0,0.0,0.0,1.0,0.0
12,11,0.0,0.0,0.0,0.0,0.0,0.0,0.0,0.0,0.0,0.0,0.0,1.0,0.0
12,11,0.0,0.0,0.0,0.0,0.0,0.0,0.0,0.0,0.0,0.0,0.0,1.0,0.0
12,11,0.0,0.0,0.0,0.0,0.0,0.0,0.0,0.0,0.0,0.0,0.0,1.0,0.0
12,11,0.0,0.0,0.0,0.0,0.0,0.0,0.0,0.0,0.0,0.0,0.0,1.0,0.0
12,11,0.0,0.0,0.0,0.0,0.0,0.0,0.0,0.0,0.0,0.0,0.0,1.0,0.0
12,11,0.0,0.0,0.0,0.0,0.0,0.0,0.0,0.0,0.0,0.0,0.0,1.0,0.0
12,11,0.0,0.0,0.0,0.0,0.0,0.0,0.0,0.0,0.0,0.0,0.0,1.0,0.0
12,11,0.0,0.0,0.0,0.0,0.0,0.0,0.0,0.0,0.0,0.0,0.0,1.0,0.0
12,11,0.0,0.0,0.0,0.0,0.0,0.0,0.0,0.0,0.0,0.0,0.0,1.0,0.0
12,11,0.0,0.0,0.0,0.0,0.0,0.0,0.0,0.0,0.0,0.0,0.0,1.0,0.0
12,11,0.0,0.0,0.0,0.0,0.0,0.0,0.0,0.0,0.0,0.0,0.0,1.0,0.0
12,11,0.0,0.0,0.0,0.0,0.0,0.0,0.0,0.0,0.0,0.0,0.0,1.0,0.0
12,11,0.0,0.0,0.0,0.0,0.0,0.0,0.0,0.0,0.0,0.0,0.0,1.0,0.0
12,11,0.0,0.0,0.0,0.0,0.0,0.0,0.0,0.0,0.0,0.0,0.0,1.0,0.0
12,11,0.0,0.0,0.0,0.0,0.0,0.0,0.0,0.0,0.0,0.0,0.0,1.0,0.0
12,11,0.0,0.0,0.0,0.0,0.0,0.0,0.0,0.0,0.0,0.0,0.0,1.0,0.0
12,11,0.0,0.0,0.0,0.0,0.0,0.0,0.0,0.0,0.0,0.0,0.0,1.0,0.0
12,11,0.0,0.0,0.0,0.0,0.0,0.0,0.0,0.0,0.0,0.0,0.0,1.0,0.0
12,11,0.0,0.0,0.0,0.0,0.0,0.0,0.0,0.0,0.0,0.0,0.0,1.0,0.0
12,11,0.0,0.0,0.0,0.0,0.0,0.0,0.0,0.0,0.0,0.0,0.0,1.0,0.0
12,11,0.0,0.0,0.0,0.0,0.0,0.0,0.0,0.0,0.0,0.0,0.0,1.0,0.0
12,11,0.0,0.0,0.0,0.0,0.0,0.0,0.0,0.0,0.0,0.0,0.0,1.0,0.0
12,11,0.0,0.0,0.0,0.0,0.0,0.0,0.0,0.0,0.0,0.0,0.0,1.0,0.0
12,11,0.0,0.0,0.0,0.0,0.0,0.0,0.0,0.0,0.0,0.0,0.0,1.0,0.0
12,11,0.0,0.0,0.0,0.0,0.0,0.0,0.0,0.0,0.0,0.0,0.0,1.0,0.0
12,11,0.0,0.0,0.0,0.0,0.0,0.0,0.0,0.0,0.0,0.0,0.0,1.0,0.0
12,11,0.0,0.0,0.0,0.0,0.0,0.0,0.0,0.0,0.0,0.0,0.0,1.0,0.0
12,11,0.0,0.0,0.0,0.0,0.0,0.0,0.0,0.0,0.0,0.0,0.0,1.0,0.0
12,11,0.0,0.0,0.0,0.0,0.0,0.0,0.0,0.0,0.0,0.0,0.0,1.0,0.0
12,11,0.0,0.0,0.0,0.0,0.0,0.0,0.0,0.0,0.0,0.0,0.0,1.0,0.0
12,11,0.0,0.0,0.0,0.0,0.0,0.0,0.0,0.0,0.0,0.0,0.0,1.0,0.0
12,11,0.0,0.0,0.0,0.0,0.0,0.0,0.0,0.0,0.0,0.0,0.0,1.0,0.0
12,11,0.0,0.0,0.0,0.0,0.0,0.0,0.0,0.0,0.0,0.0,0.0,1.0,0.0
12,11,0.0,0.0,0.0,0.0,0.0,0.0,0.0,0.0,0.0,0.0,0.0,1.0,0.0
12,11,0.0,0.0,0.0,0.0,0.0,0.0,0.0,0.0,0.0,0.0,0.0,1.0,0.0
12,11,0.0,0.0,0.0,0.0,0.0,0.0,0.0,0.0,0.0,0.0,0.0,1.0,0.0
12,11,0.0,0.0,0.0,0.0,0.0,0.0,0.0,0.0,0.0,0.0,0.0,1.0,0.0
12,11,0.0,0.0,0.0,0.0,0.0,0.0,0.0,0.0,0.0,0.0,0.0,1.0,0.0
12,11,0.0,0.0,0.0,0.0,0.0,0.0,0.0,0.0,0.0,0.0,0.0,1.0,0.0
12,11,0.0,0.0,0.0,0.0,0.0,0.0,0.0,0.0,0.0,0.0,0.0,1.0,0.0
12,11,0.0,0.0,0.0,0.0,0.0,0.0,0.0,0.0,0.0,0.0,0.0,1.0,0.0
12,11,0.0,0.0,0.0,0.0,0.0,0.0,0.0,0.0,0.0,0.0,0.0,1.0,0.0
12,11,0.0,0.0,0.0,0.0,0.0,0.0,0.0,0.0,0.0,0.0,0.0,1.0,0.0
12,11,0.0,0.0,0.0,0.0,0.0,0.0,0.0,0.0,0.0,0.0,0.0,1.0,0.0
12,11,0.0,0.0,0.0,0.0,0.0,0.0,0.0,0.0,0.0,0.0,0.0,1.0,0.0
12,11,0.0,0.0,0.0,0.0,0.0,0.0,0.0,0.0,0.0,0.0,0.0,1.0,0.0
12,11,0.0,0.0,0.0,0.0,0.0,0.0,0.0,0.0,0.0,0.0,0.0,1.0,0.0
12,11,0.0,0.0,0.0,0.0,0.0,0.0,0.0,0.0,0.0,0.0,0.0,1.0,0.0
12,11,0.0,0.0,0.0,0.0,0.0,0.0,0.0,0.0,0.0,0.0,0.0,1.0,0.0
12,11,0.0,0.0,0.0,0.0,0.0,0.0,0.0,0.0,0.0,0.0,0.0,1.0,0.0
12,11,0.0,0.0,0.0,0.0,0.0,0.0,0.0,0.0,0.0,0.0,0.0,1.0,0.0
12,11,0.0,0.0,0.0,0.0,0.0,0.0,0.0,0.0,0.0,0.0,0.0,1.0,0.0
12,11,0.0,0.0,0.0,0.0,0.0,0.0,0.0,0.0,0.0,0.0,0.0,1.0,0.0
12,11,0.0,0.0,0.0,0.0,0.0,0.0,0.0,0.0,0.0,0.0,0.0,1.0,0.0
12,11,0.0,0.0,0.0,0.0,0.0,0.0,0.0,0.0,0.0,0.0,0.0,1.0,0.0
12,11,0.0,0.0,0.0,0.0,0.0,0.0,0.0,0.0,0.0,0.0,0.0,1.0,0.0
12,11,0.0,0.0,0.0,0.0,0.0,0.0,0.0,0.0,0.0,0.0,0.0,1.0,0.0
12,11,0.0,0.0,0.0,0.0,0.0,0.0,0.0,0.0,0.0,0.0,0.0,1.0,0.0
12,11,0.0,0.0,0.0,0.0,0.0,0.0,0.0,0.0,0.0,0.0,0.0,1.0,0.0
12,11,0.0,0.0,0.0,0.0,0.0,0.0,0.0,0.0,0.0,0.0,0.0,1.0,0.0
12,11,0.0,0.0,0.0,0.0,0.0,0.0,0.0,0.0,0.0,0.0,0.0,1.0,0.0
12,11,0.0,0.0,0.0,0.0,0.0,0.0,0.0,0.0,0.0,0.0,0.0,1.0,0.0
12,11,0.0,0.0,0.0,0.0,0.0,0.0,0.0,0.0,0.0,0.0,0.0,1.0,0.0
12,11,0.0,0.0,0.0,0.0,0.0,0.0,0.0,0.0,0.0,0.0,0.0,1.0,0.0
12,11,0.0,0.0,0.0,0.0,0.0,0.0,0.0,0.0,0.0,0.0,0.0,1.0,0.0
12,11,0.0,0.0,0.0,0.0,0.0,0.0,0.0,0.0,0.0,0.0,0.0,1.0,0.0
12,11,0.0,0.0,0.0,0.0,0.0,0.0,0.0,0.0,0.0,0.0,0.0,1.0,0.0
12,11,0.0,0.0,0.0,0.0,0.0,0.0,0.0,0.0,0.0,0.0,0.0,1.0,0.0
12,11,0.0,0.0,0.0,0.0,0.0,0.0,0.0,0.0,0.0,0.0,0.0,1.0,0.0
12,11,0.0,0.0,0.0,0.0,0.0,0.0,0.0,0.0,0.0,0.0,0.0,1.0,0.0
12,11,0.0,0.0,0.0,0.0,0.0,0.0,0.0,0.0,0.0,0.0,0.0,1.0,0.0
12,11,0.0,0.0,0.0,0.0,0.0,0.0,0.0,0.0,0.0,0.0,0.0,1.0,0.0
12,11,0.0,0.0,0.0,0.0,0.0,0.0,0.0,0.0,0.0,0.0,0.0,1.0,0.0
12,11,0.0,0.0,0.0,0.0,0.0,0.0,0.0,0.0,0.0,0.0,0.0,1.0,0.0
12,11,0.0,0.0,0.0,0.0,0.0,0.0,0.0,0.0,0.0,0.0,0.0,1.0,0.0
12,11,0.0,0.0,0.0,0.0,0.0,0.0,0.0,0.0,0.0,0.0,0.0,1.0,0.0
12,11,0.0,0.0,0.0,0.0,0.0,0.0,0.0,0.0,0.0,0.0,0.0,1.0,0.0
12,11,0.0,0.0,0.0,0.0,0.0,0.0,0.0,0.0,0.0,0.0,0.0,1.0,0.0
12,11,0.0,0.0,0.0,0.0,0.0,0.0,0.0,0.0,0.0,0.0,0.0,1.0,0.0
12,11,0.0,0.0,0.0,0.0,0.0,0.0,0.0,0.0,0.0,0.0,0.0,1.0,0.0
12,11,0.0,0.0,0.0,0.0,0.0,0.0,0.0,0.0,0.0,0.0,0.0,1.0,0.0
12,11,0.0,0.0,0.0,0.0,0.0,0.0,0.0,0.0,0.0,0.0,0.0,1.0,0.0
12,11,0.0,0.0,0.0,0.0,0.0,0.0,0.0,0.0,0.0,0.0,0.0,1.0,0.0
12,11,0.0,0.0,0.0,0.0,0.0,0.0,0.0,0.0,0.0,0.0,0.0,1.0,0.0
12,11,0.0,0.0,0.0,0.0,0.0,0.0,0.0,0.0,0.0,0.0,0.0,1.0,0.0
12,11,0.0,0.0,0.0,0.0,0.0,0.0,0.0,0.0,0.0,0.0,0.0,1.0,0.0
12,11,0.0,0.0,0.0,0.0,0.0,0.0,0.0,0.0,0.0,0.0,0.0,1.0,0.0
12,11,0.0,0.0,0.0,0.0,0.0,0.0,0.0,0.0,0.0,0.0,0.0,1.0,0.0
12,11,0.0,0.0,0.0,0.0,0.0,0.0,0.0,0.0,0.0,0.0,0.0,1.0,0.0
12,11,0.0,0.0,0.0,0.0,0.0,0.0,0.0,0.0,0.0,0.0,0.0,1.0,0.0
12,11,0.0,0.0,0.0,0.0,0.0,0.0,0.0,0.0,0.0,0.0,0.0,1.0,0.0
12,11,0.0,0.0,0.0,0.0,0.0,0.0,0.0,0.0,0.0,0.0,0.0,1.0,0.0
12,11,0.0,0.0,0.0,0.0,0.0,0.0,0.0,0.0,0.0,0.0,0.0,1.0,0.0
12,11,0.0,0.0,0.0,0.0,0.0,0.0,0.0,0.0,0.0,0.0,0.0,1.0,0.0
12,11,0.0,0.0,0.0,0.0,0.0,0.0,0.0,0.0,0.0,0.0,0.0,1.0,0.0
12,11,0.0,0.0,0.0,0.0,0.0,0.0,0.0,0.0,0.0,0.0,0.0,1.0,0.0
12,11,0.0,0.0,0.0,0.0,0.0,0.0,0.0,0.0,0.0,0.0,0.0,1.0,0.0
12,11,0.0,0.0,0.0,0.0,0.0,0.0,0.0,0.0,0.0,0.0,0.0,1.0,0.0
12,11,0.0,0.0,0.0,0.0,0.0,0.0,0.0,0.0,0.0,0.0,0.0,1.0,0.0
12,11,0.0,0.0,0.0,0.0,0.0,0.0,0.0,0.0,0.0,0.0,0.0,1.0,0.0
12,11,0.0,0.0,0.0,0.0,0.0,0.0,0.0,0.0,0.0,0.0,0.0,1.0,0.0
12,11,0.0,0.0,0.0,0.0,0.0,0.0,0.0,0.0,0.0,0.0,0.0,1.0,0.0
12,11,0.0,0.0,0.0,0.0,0.0,0.0,0.0,0.0,0.0,0.0,0.0,1.0,0.0
12,11,0.0,0.0,0.0,0.0,0.0,0.0,0.0,0.0,0.0,0.0,0.0,1.0,0.0
12,11,0.0,0.0,0.0,0.0,0.0,0.0,0.0,0.0,0.0,0.0,0.0,1.0,0.0
12,11,0.0,0.0,0.0,0.0,0.0,0.0,0.0,0.0,0.0,0.0,0.0,1.0,0.0
12,11,0.0,0.0,0.0,0.0,0.0,0.0,0.0,0.0,0.0,0.0,0.0,1.0,0.0
12,11,0.0,0.0,0.0,0.0,0.0,0.0,0.0,0.0,0.0,0.0,0.0,1.0,0.0
12,11,0.0,0.0,0.0,0.0,0.0,0.0,0.0,0.0,0.0,0.0,0.0,1.0,0.0
12,11,0.0,0.0,0.0,0.0,0.0,0.0,0.0,0.0,0.0,0.0,0.0,1.0,0.0
12,11,0.0,0.0,0.0,0.0,0.0,0.0,0.0,0.0,0.0,0.0,0.0,1.0,0.0
12,11,0.0,0.0,0.0,0.0,0.0,0.0,0.0,0.0,0.0,0.0,0.0,1.0,0.0
12,11,0.0,0.0,0.0,0.0,0.0,0.0,0.0,0.0,0.0,0.0,0.0,1.0,0.0
12,11,0.0,0.0,0.0,0.0,0.0,0.0,0.0,0.0,0.0,0.0,0.0,1.0,0.0
12,11,0.0,0.0,0.0,0.0,0.0,0.0,0.0,0.0,0.0,0.0,0.0,1.0,0.0
12,11,0.0,0.0,0.0,0.0,0.0,0.0,0.0,0.0,0.0,0.0,0.0,1.0,0.0
12,11,0.0,0.0,0.0,0.0,0.0,0.0,0.0,0.0,0.0,0.0,0.0,1.0,0.0
12,11,0.0,0.0,0.0,0.0,0.0,0.0,0.0,0.0,0.0,0.0,0.0,1.0,0.0
12,11,0.0,0.0,0.0,0.0,0.0,0.0,0.0,0.0,0.0,0.0,0.0,1.0,0.0
12,11,0.0,0.0,0.0,0.0,0.0,0.0,0.0,0.0,0.0,0.0,0.0,1.0,0.0
12,11,0.0,0.0,0.0,0.0,0.0,0.0,0.0,0.0,0.0,0.0,0.0,1.0,0.0
12,11,0.0,0.0,0.0,0.0,0.0,0.0,0.0,0.0,0.0,0.0,0.0,1.0,0.0
12,11,0.0,0.0,0.0,0.0,0.0,0.0,0.0,0.0,0.0,0.0,0.0,1.0,0.0
12,11,0.0,0.0,0.0,0.0,0.0,0.0,0.0,0.0,0.0,0.0,0.0,1.0,0.0
12,11,0.0,0.0,0.0,0.0,0.0,0.0,0.0,0.0,0.0,0.0,0.0,1.0,0.0
12,11,0.0,0.0,0.0,0.0,0.0,0.0,0.0,0.0,0.0,0.0,0.0,1.0,0.0
12,11,0.0,0.0,0.0,0.0,0.0,0.0,0.0,0.0,0.0,0.0,0.0,1.0,0.0
12,11,0.0,0.0,0.0,0.0,0.0,0.0,0.0,0.0,0.0,0.0,0.0,1.0,0.0
12,11,0.0,0.0,0.0,0.0,0.0,0.0,0.0,0.0,0.0,0.0,0.0,1.0,0.0
12,11,0.0,0.0,0.0,0.0,0.0,0.0,0.0,0.0,0.0,0.0,0.0,1.0,0.0
12,11,0.0,0.0,0.0,0.0,0.0,0.0,0.0,0.0,0.0,0.0,0.0,1.0,0.0
12,11,0.0,0.0,0.0,0.0,0.0,0.0,0.0,0.0,0.0,0.0,0.0,1.0,0.0
12,11,0.0,0.0,0.0,0.0,0.0,0.0,0.0,0.0,0.0,0.0,0.0,1.0,0.0
12,11,0.0,0.0,0.0,0.0,0.0,0.0,0.0,0.0,0.0,0.0,0.0,1.0,0.0
12,11,0.0,0.0,0.0,0.0,0.0,0.0,0.0,0.0,0.0,0.0,0.0,1.0,0.0
12,11,0.0,0.0,0.0,0.0,0.0,0.0,0.0,0.0,0.0,0.0,0.0,1.0,0.0
12,11,0.0,0.0,0.0,0.0,0.0,0.0,0.0,0.0,0.0,0.0,0.0,1.0,0.0
12,11,0.0,0.0,0.0,0.0,0.0,0.0,0.0,0.0,0.0,0.0,0.0,1.0,0.0
12,11,0.0,0.0,0.0,0.0,0.0,0.0,0.0,0.0,0.0,0.0,0.0,1.0,0.0
12,11,0.0,0.0,0.0,0.0,0.0,0.0,0.0,0.0,0.0,0.0,0.0,1.0,0.0
12,11,0.0,0.0,0.0,0.0,0.0,0.0,0.0,0.0,0.0,0.0,0.0,1.0,0.0
12,11,0.0,0.0,0.0,0.0,0.0,0.0,0.0,0.0,0.0,0.0,0.0,1.0,0.0
12,11,0.0,0.0,0.0,0.0,0.0,0.0,0.0,0.0,0.0,0.0,0.0,1.0,0.0
12,11,0.0,0.0,0.0,0.0,0.0,0.0,0.0,0.0,0.0,0.0,0.0,1.0,0.0
12,11,0.0,0.0,0.0,0.0,0.0,0.0,0.0,0.0,0.0,0.0,0.0,1.0,0.0
12,11,0.0,0.0,0.0,0.0,0.0,0.0,0.0,0.0,0.0,0.0,0.0,1.0,0.0
12,11,0.0,0.0,0.0,0.0,0.0,0.0,0.0,0.0,0.0,0.0,0.0,1.0,0.0
12,11,0.0,0.0,0.0,0.0,0.0,0.0,0.0,0.0,0.0,0.0,0.0,1.0,0.0
12,11,0.0,0.0,0.0,0.0,0.0,0.0,0.0,0.0,0.0,0.0,0.0,1.0,0.0
12,11,0.0,0.0,0.0,0.0,0.0,0.0,0.0,0.0,0.0,0.0,0.0,1.0,0.0
12,11,0.0,0.0,0.0,0.0,0.0,0.0,0.0,0.0,0.0,0.0,0.0,1.0,0.0
12,11,0.0,0.0,0.0,0.0,0.0,0.0,0.0,0.0,0.0,0.0,0.0,1.0,0.0
12,11,0.0,0.0,0.0,0.0,0.0,0.0,0.0,0.0,0.0,0.0,0.0,1.0,0.0
12,11,0.0,0.0,0.0,0.0,0.0,0.0,0.0,0.0,0.0,0.0,0.0,1.0,0.0
12,11,0.0,0.0,0.0,0.0,0.0,0.0,0.0,0.0,0.0,0.0,0.0,1.0,0.0
12,11,0.0,0.0,0.0,0.0,0.0,0.0,0.0,0.0,0.0,0.0,0.0,1.0,0.0
12,11,0.0,0.0,0.0,0.0,0.0,0.0,0.0,0.0,0.0,0.0,0.0,1.0,0.0
12,11,0.0,0.0,0.0,0.0,0.0,0.0,0.0,0.0,0.0,0.0,0.0,1.0,0.0
12,11,0.0,0.0,0.0,0.0,0.0,0.0,0.0,0.0,0.0,0.0,0.0,1.0,0.0
12,11,0.0,0.0,0.0,0.0,0.0,0.0,0.0,0.0,0.0,0.0,0.0,1.0,0.0
12,11,0.0,0.0,0.0,0.0,0.0,0.0,0.0,0.0,0.0,0.0,0.0,1.0,0.0
12,11,0.0,0.0,0.0,0.0,0.0,0.0,0.0,0.0,0.0,0.0,0.0,1.0,0.0
12,11,0.0,0.0,0.0,0.0,0.0,0.0,0.0,0.0,0.0,0.0,0.0,1.0,0.0
12,11,0.0,0.0,0.0,0.0,0.0,0.0,0.0,0.0,0.0,0.0,0.0,1.0,0.0
12,11,0.0,0.0,0.0,0.0,0.0,0.0,0.0,0.0,0.0,0.0,0.0,1.0,0.0
12,11,0.0,0.0,0.0,0.0,0.0,0.0,0.0,0.0,0.0,0.0,0.0,1.0,0.0
12,11,0.0,0.0,0.0,0.0,0.0,0.0,0.0,0.0,0.0,0.0,0.0,1.0,0.0
12,11,0.0,0.0,0.0,0.0,0.0,0.0,0.0,0.0,0.0,0.0,0.0,1.0,0.0
12,11,0.0,0.0,0.0,0.0,0.0,0.0,0.0,0.0,0.0,0.0,0.0,1.0,0.0
12,11,0.0,0.0,0.0,0.0,0.0,0.0,0.0,0.0,0.0,0.0,0.0,1.0,0.0
12,11,0.0,0.0,0.0,0.0,0.0,0.0,0.0,0.0,0.0,0.0,0.0,1.0,0.0
12,11,0.0,0.0,0.0,0.0,0.0,0.0,0.0,0.0,0.0,0.0,0.0,1.0,0.0
12,11,0.0,0.0,0.0,0.0,0.0,0.0,0.0,0.0,0.0,0.0,0.0,1.0,0.0
12,11,0.0,0.0,0.0,0.0,0.0,0.0,0.0,0.0,0.0,0.0,0.0,1.0,0.0
12,11,0.0,0.0,0.0,0.0,0.0,0.0,0.0,0.0,0.0,0.0,0.0,1.0,0.0
12,11,0.0,0.0,0.0,0.0,0.0,0.0,0.0,0.0,0.0,0.0,0.0,1.0,0.0
12,11,0.0,0.0,0.0,0.0,0.0,0.0,0.0,0.0,0.0,0.0,0.0,1.0,0.0
12,11,0.0,0.0,0.0,0.0,0.0,0.0,0.0,0.0,0.0,0.0,0.0,1.0,0.0
12,11,0.0,0.0,0.0,0.0,0.0,0.0,0.0,0.0,0.0,0.0,0.0,1.0,0.0
12,11,0.0,0.0,0.0,0.0,0.0,0.0,0.0,0.0,0.0,0.0,0.0,1.0,0.0
12,11,0.0,0.0,0.0,0.0,0.0,0.0,0.0,0.0,0.0,0.0,0.0,1.0,0.0
12,11,0.0,0.0,0.0,0.0,0.0,0.0,0.0,0.0,0.0,0.0,0.0,1.0,0.0
12,11,0.0,0.0,0.0,0.0,0.0,0.0,0.0,0.0,0.0,0.0,0.0,1.0,0.0
12,11,0.0,0.0,0.0,0.0,0.0,0.0,0.0,0.0,0.0,0.0,0.0,1.0,0.0
12,11,0.0,0.0,0.0,0.0,0.0,0.0,0.0,0.0,0.0,0.0,0.0,1.0,0.0
12,11,0.0,0.0,0.0,0.0,0.0,0.0,0.0,0.0,0.0,0.0,0.0,1.0,0.0
12,11,0.0,0.0,0.0,0.0,0.0,0.0,0.0,0.0,0.0,0.0,0.0,1.0,0.0
12,11,0.0,0.0,0.0,0.0,0.0,0.0,0.0,0.0,0.0,0.0,0.0,1.0,0.0
12,11,0.0,0.0,0.0,0.0,0.0,0.0,0.0,0.0,0.0,0.0,0.0,1.0,0.0
12,11,0.0,0.0,0.0,0.0,0.0,0.0,0.0,0.0,0.0,0.0,0.0,1.0,0.0
12,11,0.0,0.0,0.0,0.0,0.0,0.0,0.0,0.0,0.0,0.0,0.0,1.0,0.0
12,11,0.0,0.0,0.0,0.0,0.0,0.0,0.0,0.0,0.0,0.0,0.0,1.0,0.0
12,11,0.0,0.0,0.0,0.0,0.0,0.0,0.0,0.0,0.0,0.0,0.0,1.0,0.0
12,11,0.0,0.0,0.0,0.0,0.0,0.0,0.0,0.0,0.0,0.0,0.0,1.0,0.0
12,11,0.0,0.0,0.0,0.0,0.0,0.0,0.0,0.0,0.0,0.0,0.0,1.0,0.0
12,11,0.0,0.0,0.0,0.0,0.0,0.0,0.0,0.0,0.0,0.0,0.0,1.0,0.0
12,11,0.0,0.0,0.0,0.0,0.0,0.0,0.0,0.0,0.0,0.0,0.0,1.0,0.0
12,11,0.0,0.0,0.0,0.0,0.0,0.0,0.0,0.0,0.0,0.0,0.0,1.0,0.0
12,11,0.0,0.0,0.0,0.0,0.0,0.0,0.0,0.0,0.0,0.0,0.0,1.0,0.0
12,11,0.0,0.0,0.0,0.0,0.0,0.0,0.0,0.0,0.0,0.0,0.0,1.0,0.0
12,11,0.0,0.0,0.0,0.0,0.0,0.0,0.0,0.0,0.0,0.0,0.0,1.0,0.0
12,11,0.0,0.0,0.0,0.0,0.0,0.0,0.0,0.0,0.0,0.0,0.0,1.0,0.0
12,11,0.0,0.0,0.0,0.0,0.0,0.0,0.0,0.0,0.0,0.0,0.0,1.0,0.0
12,11,0.0,0.0,0.0,0.0,0.0,0.0,0.0,0.0,0.0,0.0,0.0,1.0,0.0
12,11,0.0,0.0,0.0,0.0,0.0,0.0,0.0,0.0,0.0,0.0,0.0,1.0,0.0
12,11,0.0,0.0,0.0,0.0,0.0,0.0,0.0,0.0,0.0,0.0,0.0,1.0,0.0
12,11,0.0,0.0,0.0,0.0,0.0,0.0,0.0,0.0,0.0,0.0,0.0,1.0,0.0
12,11,0.0,0.0,0.0,0.0,0.0,0.0,0.0,0.0,0.0,0.0,0.0,1.0,0.0
12,11,0.0,0.0,0.0,0.0,0.0,0.0,0.0,0.0,0.0,0.0,0.0,1.0,0.0
12,11,0.0,0.0,0.0,0.0,0.0,0.0,0.0,0.0,0.0,0.0,0.0,1.0,0.0
12,11,0.0,0.0,0.0,0.0,0.0,0.0,0.0,0.0,0.0,0.0,0.0,1.0,0.0
12,11,0.0,0.0,0.0,0.0,0.0,0.0,0.0,0.0,0.0,0.0,0.0,1.0,0.0
12,11,0.0,0.0,0.0,0.0,0.0,0.0,0.0,0.0,0.0,0.0,0.0,1.0,0.0
12,11,0.0,0.0,0.0,0.0,0.0,0.0,0.0,0.0,0.0,0.0,0.0,1.0,0.0
12,11,0.0,0.0,0.0,0.0,0.0,0.0,0.0,0.0,0.0,0.0,0.0,1.0,0.0
12,11,0.0,0.0,0.0,0.0,0.0,0.0,0.0,0.0,0.0,0.0,0.0,1.0,0.0
12,11,0.0,0.0,0.0,0.0,0.0,0.0,0.0,0.0,0.0,0.0,0.0,1.0,0.0
12,11,0.0,0.0,0.0,0.0,0.0,0.0,0.0,0.0,0.0,0.0,0.0,1.0,0.0
12,11,0.0,0.0,0.0,0.0,0.0,0.0,0.0,0.0,0.0,0.0,0.0,1.0,0.0
12,11,0.0,0.0,0.0,0.0,0.0,0.0,0.0,0.0,0.0,0.0,0.0,1.0,0.0
12,11,0.0,0.0,0.0,0.0,0.0,0.0,0.0,0.0,0.0,0.0,0.0,1.0,0.0
12,11,0.0,0.0,0.0,0.0,0.0,0.0,0.0,0.0,0.0,0.0,0.0,1.0,0.0
12,11,0.0,0.0,0.0,0.0,0.0,0.0,0.0,0.0,0.0,0.0,0.0,1.0,0.0
12,11,0.0,0.0,0.0,0.0,0.0,0.0,0.0,0.0,0.0,0.0,0.0,1.0,0.0
12,11,0.0,0.0,0.0,0.0,0.0,0.0,0.0,0.0,0.0,0.0,0.0,1.0,0.0
12,11,0.0,0.0,0.0,0.0,0.0,0.0,0.0,0.0,0.0,0.0,0.0,1.0,0.0
12,11,0.0,0.0,0.0,0.0,0.0,0.0,0.0,0.0,0.0,0.0,0.0,1.0,0.0
12,11,0.0,0.0,0.0,0.0,0.0,0.0,0.0,0.0,0.0,0.0,0.0,1.0,0.0
12,11,0.0,0.0,0.0,0.0,0.0,0.0,0.0,0.0,0.0,0.0,0.0,1.0,0.0
12,11,0.0,0.0,0.0,0.0,0.0,0.0,0.0,0.0,0.0,0.0,0.0,1.0,0.0
12,11,0.0,0.0,0.0,0.0,0.0,0.0,0.0,0.0,0.0,0.0,0.0,1.0,0.0
12,11,0.0,0.0,0.0,0.0,0.0,0.0,0.0,0.0,0.0,0.0,0.0,1.0,0.0
12,11,0.0,0.0,0.0,0.0,0.0,0.0,0.0,0.0,0.0,0.0,0.0,1.0,0.0
12,11,0.0,0.0,0.0,0.0,0.0,0.0,0.0,0.0,0.0,0.0,0.0,1.0,0.0
12,11,0.0,0.0,0.0,0.0,0.0,0.0,0.0,0.0,0.0,0.0,0.0,1.0,0.0
12,11,0.0,0.0,0.0,0.0,0.0,0.0,0.0,0.0,0.0,0.0,0.0,1.0,0.0
12,11,0.0,0.0,0.0,0.0,0.0,0.0,0.0,0.0,0.0,0.0,0.0,1.0,0.0
12,11,0.0,0.0,0.0,0.0,0.0,0.0,0.0,0.0,0.0,0.0,0.0,1.0,0.0
12,11,0.0,0.0,0.0,0.0,0.0,0.0,0.0,0.0,0.0,0.0,0.0,1.0,0.0
12,11,0.0,0.0,0.0,0.0,0.0,0.0,0.0,0.0,0.0,0.0,0.0,1.0,0.0
12,11,0.0,0.0,0.0,0.0,0.0,0.0,0.0,0.0,0.0,0.0,0.0,1.0,0.0
12,11,0.0,0.0,0.0,0.0,0.0,0.0,0.0,0.0,0.0,0.0,0.0,1.0,0.0
12,11,0.0,0.0,0.0,0.0,0.0,0.0,0.0,0.0,0.0,0.0,0.0,1.0,0.0
12,11,0.0,0.0,0.0,0.0,0.0,0.0,0.0,0.0,0.0,0.0,0.0,1.0,0.0
12,11,0.0,0.0,0.0,0.0,0.0,0.0,0.0,0.0,0.0,0.0,0.0,1.0,0.0
12,11,0.0,0.0,0.0,0.0,0.0,0.0,0.0,0.0,0.0,0.0,0.0,1.0,0.0
12,11,0.0,0.0,0.0,0.0,0.0,0.0,0.0,0.0,0.0,0.0,0.0,1.0,0.0
12,11,0.0,0.0,0.0,0.0,0.0,0.0,0.0,0.0,0.0,0.0,0.0,1.0,0.0
12,11,0.0,0.0,0.0,0.0,0.0,0.0,0.0,0.0,0.0,0.0,0.0,1.0,0.0
12,11,0.0,0.0,0.0,0.0,0.0,0.0,0.0,0.0,0.0,0.0,0.0,1.0,0.0
12,11,0.0,0.0,0.0,0.0,0.0,0.0,0.0,0.0,0.0,0.0,0.0,1.0,0.0
12,11,0.0,0.0,0.0,0.0,0.0,0.0,0.0,0.0,0.0,0.0,0.0,1.0,0.0
12,11,0.0,0.0,0.0,0.0,0.0,0.0,0.0,0.0,0.0,0.0,0.0,1.0,0.0
12,11,0.0,0.0,0.0,0.0,0.0,0.0,0.0,0.0,0.0,0.0,0.0,1.0,0.0
12,11,0.0,0.0,0.0,0.0,0.0,0.0,0.0,0.0,0.0,0.0,0.0,1.0,0.0
12,11,0.0,0.0,0.0,0.0,0.0,0.0,0.0,0.0,0.0,0.0,0.0,1.0,0.0
12,11,0.0,0.0,0.0,0.0,0.0,0.0,0.0,0.0,0.0,0.0,0.0,1.0,0.0
12,11,0.0,0.0,0.0,0.0,0.0,0.0,0.0,0.0,0.0,0.0,0.0,1.0,0.0
12,11,0.0,0.0,0.0,0.0,0.0,0.0,0.0,0.0,0.0,0.0,0.0,1.0,0.0
12,11,0.0,0.0,0.0,0.0,0.0,0.0,0.0,0.0,0.0,0.0,0.0,1.0,0.0
12,11,0.0,0.0,0.0,0.0,0.0,0.0,0.0,0.0,0.0,0.0,0.0,1.0,0.0
12,11,0.0,0.0,0.0,0.0,0.0,0.0,0.0,0.0,0.0,0.0,0.0,1.0,0.0
12,11,0.0,0.0,0.0,0.0,0.0,0.0,0.0,0.0,0.0,0.0,0.0,1.0,0.0
12,11,0.0,0.0,0.0,0.0,0.0,0.0,0.0,0.0,0.0,0.0,0.0,1.0,0.0
12,11,0.0,0.0,0.0,0.0,0.0,0.0,0.0,0.0,0.0,0.0,0.0,1.0,0.0
12,11,0.0,0.0,0.0,0.0,0.0,0.0,0.0,0.0,0.0,0.0,0.0,1.0,0.0
12,11,0.0,0.0,0.0,0.0,0.0,0.0,0.0,0.0,0.0,0.0,0.0,1.0,0.0
12,11,0.0,0.0,0.0,0.0,0.0,0.0,0.0,0.0,0.0,0.0,0.0,1.0,0.0
12,11,0.0,0.0,0.0,0.0,0.0,0.0,0.0,0.0,0.0,0.0,0.0,1.0,0.0
12,11,0.0,0.0,0.0,0.0,0.0,0.0,0.0,0.0,0.0,0.0,0.0,1.0,0.0
12,11,0.0,0.0,0.0,0.0,0.0,0.0,0.0,0.0,0.0,0.0,0.0,1.0,0.0
12,11,0.0,0.0,0.0,0.0,0.0,0.0,0.0,0.0,0.0,0.0,0.0,1.0,0.0
12,11,0.0,0.0,0.0,0.0,0.0,0.0,0.0,0.0,0.0,0.0,0.0,1.0,0.0
12,11,0.0,0.0,0.0,0.0,0.0,0.0,0.0,0.0,0.0,0.0,0.0,1.0,0.0
12,11,0.0,0.0,0.0,0.0,0.0,0.0,0.0,0.0,0.0,0.0,0.0,1.0,0.0
12,11,0.0,0.0,0.0,0.0,0.0,0.0,0.0,0.0,0.0,0.0,0.0,1.0,0.0
12,11,0.0,0.0,0.0,0.0,0.0,0.0,0.0,0.0,0.0,0.0,0.0,1.0,0.0
12,11,0.0,0.0,0.0,0.0,0.0,0.0,0.0,0.0,0.0,0.0,0.0,1.0,0.0
12,11,0.0,0.0,0.0,0.0,0.0,0.0,0.0,0.0,0.0,0.0,0.0,1.0,0.0
12,11,0.0,0.0,0.0,0.0,0.0,0.0,0.0,0.0,0.0,0.0,0.0,1.0,0.0
12,11,0.0,0.0,0.0,0.0,0.0,0.0,0.0,0.0,0.0,0.0,0.0,1.0,0.0
12,11,0.0,0.0,0.0,0.0,0.0,0.0,0.0,0.0,0.0,0.0,0.0,1.0,0.0
12,11,0.0,0.0,0.0,0.0,0.0,0.0,0.0,0.0,0.0,0.0,0.0,1.0,0.0
12,11,0.0,0.0,0.0,0.0,0.0,0.0,0.0,0.0,0.0,0.0,0.0,1.0,0.0
12,11,0.0,0.0,0.0,0.0,0.0,0.0,0.0,0.0,0.0,0.0,0.0,1.0,0.0
12,11,0.0,0.0,0.0,0.0,0.0,0.0,0.0,0.0,0.0,0.0,0.0,1.0,0.0
12,11,0.0,0.0,0.0,0.0,0.0,0.0,0.0,0.0,0.0,0.0,0.0,1.0,0.0
12,11,0.0,0.0,0.0,0.0,0.0,0.0,0.0,0.0,0.0,0.0,0.0,1.0,0.0
12,11,0.0,0.0,0.0,0.0,0.0,0.0,0.0,0.0,0.0,0.0,0.0,1.0,0.0
12,11,0.0,0.0,0.0,0.0,0.0,0.0,0.0,0.0,0.0,0.0,0.0,1.0,0.0
12,11,0.0,0.0,0.0,0.0,0.0,0.0,0.0,0.0,0.0,0.0,0.0,1.0,0.0
12,11,0.0,0.0,0.0,0.0,0.0,0.0,0.0,0.0,0.0,0.0,0.0,1.0,0.0
12,11,0.0,0.0,0.0,0.0,0.0,0.0,0.0,0.0,0.0,0.0,0.0,1.0,0.0
12,11,0.0,0.0,0.0,0.0,0.0,0.0,0.0,0.0,0.0,0.0,0.0,1.0,0.0
12,11,0.0,0.0,0.0,0.0,0.0,0.0,0.0,0.0,0.0,0.0,0.0,1.0,0.0
12,11,0.0,0.0,0.0,0.0,0.0,0.0,0.0,0.0,0.0,0.0,0.0,1.0,0.0
12,11,0.0,0.0,0.0,0.0,0.0,0.0,0.0,0.0,0.0,0.0,0.0,1.0,0.0
12,11,0.0,0.0,0.0,0.0,0.0,0.0,0.0,0.0,0.0,0.0,0.0,1.0,0.0
12,11,0.0,0.0,0.0,0.0,0.0,0.0,0.0,0.0,0.0,0.0,0.0,1.0,0.0
12,11,0.0,0.0,0.0,0.0,0.0,0.0,0.0,0.0,0.0,0.0,0.0,1.0,0.0
12,11,0.0,0.0,0.0,0.0,0.0,0.0,0.0,0.0,0.0,0.0,0.0,1.0,0.0
12,11,0.0,0.0,0.0,0.0,0.0,0.0,0.0,0.0,0.0,0.0,0.0,1.0,0.0
12,11,0.0,0.0,0.0,0.0,0.0,0.0,0.0,0.0,0.0,0.0,0.0,1.0,0.0
12,11,0.0,0.0,0.0,0.0,0.0,0.0,0.0,0.0,0.0,0.0,0.0,1.0,0.0
12,11,0.0,0.0,0.0,0.0,0.0,0.0,0.0,0.0,0.0,0.0,0.0,1.0,0.0
12,11,0.0,0.0,0.0,0.0,0.0,0.0,0.0,0.0,0.0,0.0,0.0,1.0,0.0
12,11,0.0,0.0,0.0,0.0,0.0,0.0,0.0,0.0,0.0,0.0,0.0,1.0,0.0
12,11,0.0,0.0,0.0,0.0,0.0,0.0,0.0,0.0,0.0,0.0,0.0,1.0,0.0
12,11,0.0,0.0,0.0,0.0,0.0,0.0,0.0,0.0,0.0,0.0,0.0,1.0,0.0
12,11,0.0,0.0,0.0,0.0,0.0,0.0,0.0,0.0,0.0,0.0,0.0,1.0,0.0
12,11,0.0,0.0,0.0,0.0,0.0,0.0,0.0,0.0,0.0,0.0,0.0,1.0,0.0
12,11,0.0,0.0,0.0,0.0,0.0,0.0,0.0,0.0,0.0,0.0,0.0,1.0,0.0
12,11,0.0,0.0,0.0,0.0,0.0,0.0,0.0,0.0,0.0,0.0,0.0,1.0,0.0
12,11,0.0,0.0,0.0,0.0,0.0,0.0,0.0,0.0,0.0,0.0,0.0,1.0,0.0
12,11,0.0,0.0,0.0,0.0,0.0,0.0,0.0,0.0,0.0,0.0,0.0,1.0,0.0
12,11,0.0,0.0,0.0,0.0,0.0,0.0,0.0,0.0,0.0,0.0,0.0,1.0,0.0
12,11,0.0,0.0,0.0,0.0,0.0,0.0,0.0,0.0,0.0,0.0,0.0,1.0,0.0
12,11,0.0,0.0,0.0,0.0,0.0,0.0,0.0,0.0,0.0,0.0,0.0,1.0,0.0
12,11,0.0,0.0,0.0,0.0,0.0,0.0,0.0,0.0,0.0,0.0,0.0,1.0,0.0
12,11,0.0,0.0,0.0,0.0,0.0,0.0,0.0,0.0,0.0,0.0,0.0,1.0,0.0
12,11,0.0,0.0,0.0,0.0,0.0,0.0,0.0,0.0,0.0,0.0,0.0,1.0,0.0
12,11,0.0,0.0,0.0,0.0,0.0,0.0,0.0,0.0,0.0,0.0,0.0,1.0,0.0
12,11,0.0,0.0,0.0,0.0,0.0,0.0,0.0,0.0,0.0,0.0,0.0,1.0,0.0
12,11,0.0,0.0,0.0,0.0,0.0,0.0,0.0,0.0,0.0,0.0,0.0,1.0,0.0
12,11,0.0,0.0,0.0,0.0,0.0,0.0,0.0,0.0,0.0,0.0,0.0,1.0,0.0
12,11,0.0,0.0,0.0,0.0,0.0,0.0,0.0,0.0,0.0,0.0,0.0,1.0,0.0
12,11,0.0,0.0,0.0,0.0,0.0,0.0,0.0,0.0,0.0,0.0,0.0,1.0,0.0
12,11,0.0,0.0,0.0,0.0,0.0,0.0,0.0,0.0,0.0,0.0,0.0,1.0,0.0
12,11,0.0,0.0,0.0,0.0,0.0,0.0,0.0,0.0,0.0,0.0,0.0,1.0,0.0
12,11,0.0,0.0,0.0,0.0,0.0,0.0,0.0,0.0,0.0,0.0,0.0,1.0,0.0
12,11,0.0,0.0,0.0,0.0,0.0,0.0,0.0,0.0,0.0,0.0,0.0,1.0,0.0
12,11,0.0,0.0,0.0,0.0,0.0,0.0,0.0,0.0,0.0,0.0,0.0,1.0,0.0
12,11,0.0,0.0,0.0,0.0,0.0,0.0,0.0,0.0,0.0,0.0,0.0,1.0,0.0
12,11,0.0,0.0,0.0,0.0,0.0,0.0,0.0,0.0,0.0,0.0,0.0,1.0,0.0
12,11,0.0,0.0,0.0,0.0,0.0,0.0,0.0,0.0,0.0,0.0,0.0,1.0,0.0
12,11,0.0,0.0,0.0,0.0,0.0,0.0,0.0,0.0,0.0,0.0,0.0,1.0,0.0
12,11,0.0,0.0,0.0,0.0,0.0,0.0,0.0,0.0,0.0,0.0,0.0,1.0,0.0
12,11,0.0,0.0,0.0,0.0,0.0,0.0,0.0,0.0,0.0,0.0,0.0,1.0,0.0
12,11,0.0,0.0,0.0,0.0,0.0,0.0,0.0,0.0,0.0,0.0,0.0,1.0,0.0
12,11,0.0,0.0,0.0,0.0,0.0,0.0,0.0,0.0,0.0,0.0,0.0,1.0,0.0
12,11,0.0,0.0,0.0,0.0,0.0,0.0,0.0,0.0,0.0,0.0,0.0,1.0,0.0
12,11,0.0,0.0,0.0,0.0,0.0,0.0,0.0,0.0,0.0,0.0,0.0,1.0,0.0
12,11,0.0,0.0,0.0,0.0,0.0,0.0,0.0,0.0,0.0,0.0,0.0,1.0,0.0
12,11,0.0,0.0,0.0,0.0,0.0,0.0,0.0,0.0,0.0,0.0,0.0,1.0,0.0
12,11,0.0,0.0,0.0,0.0,0.0,0.0,0.0,0.0,0.0,0.0,0.0,1.0,0.0
12,11,0.0,0.0,0.0,0.0,0.0,0.0,0.0,0.0,0.0,0.0,0.0,1.0,0.0
12,11,0.0,0.0,0.0,0.0,0.0,0.0,0.0,0.0,0.0,0.0,0.0,1.0,0.0
12,11,0.0,0.0,0.0,0.0,0.0,0.0,0.0,0.0,0.0,0.0,0.0,1.0,0.0
12,11,0.0,0.0,0.0,0.0,0.0,0.0,0.0,0.0,0.0,0.0,0.0,1.0,0.0
12,11,0.0,0.0,0.0,0.0,0.0,0.0,0.0,0.0,0.0,0.0,0.0,1.0,0.0
12,11,0.0,0.0,0.0,0.0,0.0,0.0,0.0,0.0,0.0,0.0,0.0,1.0,0.0
12,11,0.0,0.0,0.0,0.0,0.0,0.0,0.0,0.0,0.0,0.0,0.0,1.0,0.0
12,11,0.0,0.0,0.0,0.0,0.0,0.0,0.0,0.0,0.0,0.0,0.0,1.0,0.0
12,11,0.0,0.0,0.0,0.0,0.0,0.0,0.0,0.0,0.0,0.0,0.0,1.0,0.0
12,11,0.0,0.0,0.0,0.0,0.0,0.0,0.0,0.0,0.0,0.0,0.0,1.0,0.0
12,11,0.0,0.0,0.0,0.0,0.0,0.0,0.0,0.0,0.0,0.0,0.0,1.0,0.0
12,11,0.0,0.0,0.0,0.0,0.0,0.0,0.0,0.0,0.0,0.0,0.0,1.0,0.0
12,11,0.0,0.0,0.0,0.0,0.0,0.0,0.0,0.0,0.0,0.0,0.0,1.0,0.0
12,11,0.0,0.0,0.0,0.0,0.0,0.0,0.0,0.0,0.0,0.0,0.0,1.0,0.0
12,11,0.0,0.0,0.0,0.0,0.0,0.0,0.0,0.0,0.0,0.0,0.0,1.0,0.0
12,11,0.0,0.0,0.0,0.0,0.0,0.0,0.0,0.0,0.0,0.0,0.0,1.0,0.0
12,11,0.0,0.0,0.0,0.0,0.0,0.0,0.0,0.0,0.0,0.0,0.0,1.0,0.0
12,11,0.0,0.0,0.0,0.0,0.0,0.0,0.0,0.0,0.0,0.0,0.0,1.0,0.0
12,11,0.0,0.0,0.0,0.0,0.0,0.0,0.0,0.0,0.0,0.0,0.0,1.0,0.0
12,11,0.0,0.0,0.0,0.0,0.0,0.0,0.0,0.0,0.0,0.0,0.0,1.0,0.0
12,11,0.0,0.0,0.0,0.0,0.0,0.0,0.0,0.0,0.0,0.0,0.0,1.0,0.0
12,11,0.0,0.0,0.0,0.0,0.0,0.0,0.0,0.0,0.0,0.0,0.0,1.0,0.0
12,11,0.0,0.0,0.0,0.0,0.0,0.0,0.0,0.0,0.0,0.0,0.0,1.0,0.0
12,11,0.0,0.0,0.0,0.0,0.0,0.0,0.0,0.0,0.0,0.0,0.0,1.0,0.0
12,11,0.0,0.0,0.0,0.0,0.0,0.0,0.0,0.0,0.0,0.0,0.0,1.0,0.0
12,11,0.0,0.0,0.0,0.0,0.0,0.0,0.0,0.0,0.0,0.0,0.0,1.0,0.0
12,11,0.0,0.0,0.0,0.0,0.0,0.0,0.0,0.0,0.0,0.0,0.0,1.0,0.0
12,11,0.0,0.0,0.0,0.0,0.0,0.0,0.0,0.0,0.0,0.0,0.0,1.0,0.0
12,11,0.0,0.0,0.0,0.0,0.0,0.0,0.0,0.0,0.0,0.0,0.0,1.0,0.0
12,11,0.0,0.0,0.0,0.0,0.0,0.0,0.0,0.0,0.0,0.0,0.0,1.0,0.0
12,11,0.0,0.0,0.0,0.0,0.0,0.0,0.0,0.0,0.0,0.0,0.0,1.0,0.0
12,11,0.0,0.0,0.0,0.0,0.0,0.0,0.0,0.0,0.0,0.0,0.0,1.0,0.0
12,11,0.0,0.0,0.0,0.0,0.0,0.0,0.0,0.0,0.0,0.0,0.0,1.0,0.0
12,11,0.0,0.0,0.0,0.0,0.0,0.0,0.0,0.0,0.0,0.0,0.0,1.0,0.0
12,11,0.0,0.0,0.0,0.0,0.0,0.0,0.0,0.0,0.0,0.0,0.0,1.0,0.0
12,11,0.0,0.0,0.0,0.0,0.0,0.0,0.0,0.0,0.0,0.0,0.0,1.0,0.0
12,11,0.0,0.0,0.0,0.0,0.0,0.0,0.0,0.0,0.0,0.0,0.0,1.0,0.0
12,11,0.0,0.0,0.0,0.0,0.0,0.0,0.0,0.0,0.0,0.0,0.0,1.0,0.0
12,11,0.0,0.0,0.0,0.0,0.0,0.0,0.0,0.0,0.0,0.0,0.0,1.0,0.0
12,11,0.0,0.0,0.0,0.0,0.0,0.0,0.0,0.0,0.0,0.0,0.0,1.0,0.0
12,11,0.0,0.0,0.0,0.0,0.0,0.0,0.0,0.0,0.0,0.0,0.0,1.0,0.0
12,11,0.0,0.0,0.0,0.0,0.0,0.0,0.0,0.0,0.0,0.0,0.0,1.0,0.0
12,11,0.0,0.0,0.0,0.0,0.0,0.0,0.0,0.0,0.0,0.0,0.0,1.0,0.0
12,11,0.0,0.0,0.0,0.0,0.0,0.0,0.0,0.0,0.0,0.0,0.0,1.0,0.0
12,11,0.0,0.0,0.0,0.0,0.0,0.0,0.0,0.0,0.0,0.0,0.0,1.0,0.0
12,11,0.0,0.0,0.0,0.0,0.0,0.0,0.0,0.0,0.0,0.0,0.0,1.0,0.0
12,11,0.0,0.0,0.0,0.0,0.0,0.0,0.0,0.0,0.0,0.0,0.0,1.0,0.0
12,11,0.0,0.0,0.0,0.0,0.0,0.0,0.0,0.0,0.0,0.0,0.0,1.0,0.0
12,11,0.0,0.0,0.0,0.0,0.0,0.0,0.0,0.0,0.0,0.0,0.0,1.0,0.0
12,11,0.0,0.0,0.0,0.0,0.0,0.0,0.0,0.0,0.0,0.0,0.0,1.0,0.0
12,11,0.0,0.0,0.0,0.0,0.0,0.0,0.0,0.0,0.0,0.0,0.0,1.0,0.0
12,11,0.0,0.0,0.0,0.0,0.0,0.0,0.0,0.0,0.0,0.0,0.0,1.0,0.0
12,11,0.0,0.0,0.0,0.0,0.0,0.0,0.0,0.0,0.0,0.0,0.0,1.0,0.0
12,11,0.0,0.0,0.0,0.0,0.0,0.0,0.0,0.0,0.0,0.0,0.0,1.0,0.0
12,11,0.0,0.0,0.0,0.0,0.0,0.0,0.0,0.0,0.0,0.0,0.0,1.0,0.0
12,11,0.0,0.0,0.0,0.0,0.0,0.0,0.0,0.0,0.0,0.0,0.0,1.0,0.0
12,11,0.0,0.0,0.0,0.0,0.0,0.0,0.0,0.0,0.0,0.0,0.0,1.0,0.0
12,11,0.0,0.0,0.0,0.0,0.0,0.0,0.0,0.0,0.0,0.0,0.0,1.0,0.0
12,11,0.0,0.0,0.0,0.0,0.0,0.0,0.0,0.0,0.0,0.0,0.0,1.0,0.0
12,11,0.0,0.0,0.0,0.0,0.0,0.0,0.0,0.0,0.0,0.0,0.0,1.0,0.0
12,11,0.0,0.0,0.0,0.0,0.0,0.0,0.0,0.0,0.0,0.0,0.0,1.0,0.0
12,11,0.0,0.0,0.0,0.0,0.0,0.0,0.0,0.0,0.0,0.0,0.0,1.0,0.0
12,11,0.0,0.0,0.0,0.0,0.0,0.0,0.0,0.0,0.0,0.0,0.0,1.0,0.0
12,11,0.0,0.0,0.0,0.0,0.0,0.0,0.0,0.0,0.0,0.0,0.0,1.0,0.0
12,11,0.0,0.0,0.0,0.0,0.0,0.0,0.0,0.0,0.0,0.0,0.0,1.0,0.0
12,11,0.0,0.0,0.0,0.0,0.0,0.0,0.0,0.0,0.0,0.0,0.0,1.0,0.0
12,11,0.0,0.0,0.0,0.0,0.0,0.0,0.0,0.0,0.0,0.0,0.0,1.0,0.0
12,11,0.0,0.0,0.0,0.0,0.0,0.0,0.0,0.0,0.0,0.0,0.0,1.0,0.0
12,11,0.0,0.0,0.0,0.0,0.0,0.0,0.0,0.0,0.0,0.0,0.0,1.0,0.0
12,11,0.0,0.0,0.0,0.0,0.0,0.0,0.0,0.0,0.0,0.0,0.0,1.0,0.0
12,11,0.0,0.0,0.0,0.0,0.0,0.0,0.0,0.0,0.0,0.0,0.0,1.0,0.0
12,11,0.0,0.0,0.0,0.0,0.0,0.0,0.0,0.0,0.0,0.0,0.0,1.0,0.0
12,11,0.0,0.0,0.0,0.0,0.0,0.0,0.0,0.0,0.0,0.0,0.0,1.0,0.0
12,11,0.0,0.0,0.0,0.0,0.0,0.0,0.0,0.0,0.0,0.0,0.0,1.0,0.0
12,11,0.0,0.0,0.0,0.0,0.0,0.0,0.0,0.0,0.0,0.0,0.0,1.0,0.0
12,11,0.0,0.0,0.0,0.0,0.0,0.0,0.0,0.0,0.0,0.0,0.0,1.0,0.0
12,11,0.0,0.0,0.0,0.0,0.0,0.0,0.0,0.0,0.0,0.0,0.0,1.0,0.0
12,11,0.0,0.0,0.0,0.0,0.0,0.0,0.0,0.0,0.0,0.0,0.0,1.0,0.0
12,11,0.0,0.0,0.0,0.0,0.0,0.0,0.0,0.0,0.0,0.0,0.0,1.0,0.0
12,11,0.0,0.0,0.0,0.0,0.0,0.0,0.0,0.0,0.0,0.0,0.0,1.0,0.0
12,11,0.0,0.0,0.0,0.0,0.0,0.0,0.0,0.0,0.0,0.0,0.0,1.0,0.0
12,11,0.0,0.0,0.0,0.0,0.0,0.0,0.0,0.0,0.0,0.0,0.0,1.0,0.0
12,11,0.0,0.0,0.0,0.0,0.0,0.0,0.0,0.0,0.0,0.0,0.0,1.0,0.0
12,11,0.0,0.0,0.0,0.0,0.0,0.0,0.0,0.0,0.0,0.0,0.0,1.0,0.0
12,11,0.0,0.0,0.0,0.0,0.0,0.0,0.0,0.0,0.0,0.0,0.0,1.0,0.0
12,11,0.0,0.0,0.0,0.0,0.0,0.0,0.0,0.0,0.0,0.0,0.0,1.0,0.0
12,11,0.0,0.0,0.0,0.0,0.0,0.0,0.0,0.0,0.0,0.0,0.0,1.0,0.0
12,11,0.0,0.0,0.0,0.0,0.0,0.0,0.0,0.0,0.0,0.0,0.0,1.0,0.0
12,11,0.0,0.0,0.0,0.0,0.0,0.0,0.0,0.0,0.0,0.0,0.0,1.0,0.0
12,11,0.0,0.0,0.0,0.0,0.0,0.0,0.0,0.0,0.0,0.0,0.0,1.0,0.0
12,11,0.0,0.0,0.0,0.0,0.0,0.0,0.0,0.0,0.0,0.0,0.0,1.0,0.0
12,11,0.0,0.0,0.0,0.0,0.0,0.0,0.0,0.0,0.0,0.0,0.0,1.0,0.0
12,11,0.0,0.0,0.0,0.0,0.0,0.0,0.0,0.0,0.0,0.0,0.0,1.0,0.0
12,11,0.0,0.0,0.0,0.0,0.0,0.0,0.0,0.0,0.0,0.0,0.0,1.0,0.0
12,11,0.0,0.0,0.0,0.0,0.0,0.0,0.0,0.0,0.0,0.0,0.0,1.0,0.0
12,11,0.0,0.0,0.0,0.0,0.0,0.0,0.0,0.0,0.0,0.0,0.0,1.0,0.0
12,11,0.0,0.0,0.0,0.0,0.0,0.0,0.0,0.0,0.0,0.0,0.0,1.0,0.0
12,11,0.0,0.0,0.0,0.0,0.0,0.0,0.0,0.0,0.0,0.0,0.0,1.0,0.0
12,11,0.0,0.0,0.0,0.0,0.0,0.0,0.0,0.0,0.0,0.0,0.0,1.0,0.0
12,11,0.0,0.0,0.0,0.0,0.0,0.0,0.0,0.0,0.0,0.0,0.0,1.0,0.0
12,11,0.0,0.0,0.0,0.0,0.0,0.0,0.0,0.0,0.0,0.0,0.0,1.0,0.0
12,11,0.0,0.0,0.0,0.0,0.0,0.0,0.0,0.0,0.0,0.0,0.0,1.0,0.0
12,11,0.0,0.0,0.0,0.0,0.0,0.0,0.0,0.0,0.0,0.0,0.0,1.0,0.0
12,11,0.0,0.0,0.0,0.0,0.0,0.0,0.0,0.0,0.0,0.0,0.0,1.0,0.0
12,11,0.0,0.0,0.0,0.0,0.0,0.0,0.0,0.0,0.0,0.0,0.0,1.0,0.0
12,11,0.0,0.0,0.0,0.0,0.0,0.0,0.0,0.0,0.0,0.0,0.0,1.0,0.0
12,11,0.0,0.0,0.0,0.0,0.0,0.0,0.0,0.0,0.0,0.0,0.0,1.0,0.0
12,11,0.0,0.0,0.0,0.0,0.0,0.0,0.0,0.0,0.0,0.0,0.0,1.0,0.0
12,11,0.0,0.0,0.0,0.0,0.0,0.0,0.0,0.0,0.0,0.0,0.0,1.0,0.0
12,11,0.0,0.0,0.0,0.0,0.0,0.0,0.0,0.0,0.0,0.0,0.0,1.0,0.0
12,11,0.0,0.0,0.0,0.0,0.0,0.0,0.0,0.0,0.0,0.0,0.0,1.0,0.0
12,11,0.0,0.0,0.0,0.0,0.0,0.0,0.0,0.0,0.0,0.0,0.0,1.0,0.0
12,11,0.0,0.0,0.0,0.0,0.0,0.0,0.0,0.0,0.0,0.0,0.0,1.0,0.0
12,11,0.0,0.0,0.0,0.0,0.0,0.0,0.0,0.0,0.0,0.0,0.0,1.0,0.0
12,11,0.0,0.0,0.0,0.0,0.0,0.0,0.0,0.0,0.0,0.0,0.0,1.0,0.0
12,11,0.0,0.0,0.0,0.0,0.0,0.0,0.0,0.0,0.0,0.0,0.0,1.0,0.0
12,11,0.0,0.0,0.0,0.0,0.0,0.0,0.0,0.0,0.0,0.0,0.0,1.0,0.0
12,11,0.0,0.0,0.0,0.0,0.0,0.0,0.0,0.0,0.0,0.0,0.0,1.0,0.0
12,11,0.0,0.0,0.0,0.0,0.0,0.0,0.0,0.0,0.0,0.0,0.0,1.0,0.0
12,11,0.0,0.0,0.0,0.0,0.0,0.0,0.0,0.0,0.0,0.0,0.0,1.0,0.0
12,11,0.0,0.0,0.0,0.0,0.0,0.0,0.0,0.0,0.0,0.0,0.0,1.0,0.0
12,11,0.0,0.0,0.0,0.0,0.0,0.0,0.0,0.0,0.0,0.0,0.0,1.0,0.0
12,11,0.0,0.0,0.0,0.0,0.0,0.0,0.0,0.0,0.0,0.0,0.0,1.0,0.0
12,11,0.0,0.0,0.0,0.0,0.0,0.0,0.0,0.0,0.0,0.0,0.0,1.0,0.0
12,11,0.0,0.0,0.0,0.0,0.0,0.0,0.0,0.0,0.0,0.0,0.0,1.0,0.0
12,11,0.0,0.0,0.0,0.0,0.0,0.0,0.0,0.0,0.0,0.0,0.0,1.0,0.0
12,11,0.0,0.0,0.0,0.0,0.0,0.0,0.0,0.0,0.0,0.0,0.0,1.0,0.0
12,11,0.0,0.0,0.0,0.0,0.0,0.0,0.0,0.0,0.0,0.0,0.0,1.0,0.0
12,11,0.0,0.0,0.0,0.0,0.0,0.0,0.0,0.0,0.0,0.0,0.0,1.0,0.0
12,11,0.0,0.0,0.0,0.0,0.0,0.0,0.0,0.0,0.0,0.0,0.0,1.0,0.0
12,11,0.0,0.0,0.0,0.0,0.0,0.0,0.0,0.0,0.0,0.0,0.0,1.0,0.0
12,11,0.0,0.0,0.0,0.0,0.0,0.0,0.0,0.0,0.0,0.0,0.0,1.0,0.0
12,11,0.0,0.0,0.0,0.0,0.0,0.0,0.0,0.0,0.0,0.0,0.0,1.0,0.0
12,11,0.0,0.0,0.0,0.0,0.0,0.0,0.0,0.0,0.0,0.0,0.0,1.0,0.0
12,11,0.0,0.0,0.0,0.0,0.0,0.0,0.0,0.0,0.0,0.0,0.0,1.0,0.0
12,11,0.0,0.0,0.0,0.0,0.0,0.0,0.0,0.0,0.0,0.0,0.0,1.0,0.0
12,11,0.0,0.0,0.0,0.0,0.0,0.0,0.0,0.0,0.0,0.0,0.0,1.0,0.0
12,11,0.0,0.0,0.0,0.0,0.0,0.0,0.0,0.0,0.0,0.0,0.0,1.0,0.0
12,11,0.0,0.0,0.0,0.0,0.0,0.0,0.0,0.0,0.0,0.0,0.0,1.0,0.0
12,11,0.0,0.0,0.0,0.0,0.0,0.0,0.0,0.0,0.0,0.0,0.0,1.0,0.0
12,11,0.0,0.0,0.0,0.0,0.0,0.0,0.0,0.0,0.0,0.0,0.0,1.0,0.0
12,11,0.0,0.0,0.0,0.0,0.0,0.0,0.0,0.0,0.0,0.0,0.0,1.0,0.0
12,11,0.0,0.0,0.0,0.0,0.0,0.0,0.0,0.0,0.0,0.0,0.0,1.0,0.0
12,11,0.0,0.0,0.0,0.0,0.0,0.0,0.0,0.0,0.0,0.0,0.0,1.0,0.0
12,11,0.0,0.0,0.0,0.0,0.0,0.0,0.0,0.0,0.0,0.0,0.0,1.0,0.0
12,11,0.0,0.0,0.0,0.0,0.0,0.0,0.0,0.0,0.0,0.0,0.0,1.0,0.0
12,11,0.0,0.0,0.0,0.0,0.0,0.0,0.0,0.0,0.0,0.0,0.0,1.0,0.0
12,11,0.0,0.0,0.0,0.0,0.0,0.0,0.0,0.0,0.0,0.0,0.0,1.0,0.0
12,11,0.0,0.0,0.0,0.0,0.0,0.0,0.0,0.0,0.0,0.0,0.0,1.0,0.0
12,11,0.0,0.0,0.0,0.0,0.0,0.0,0.0,0.0,0.0,0.0,0.0,1.0,0.0
12,11,0.0,0.0,0.0,0.0,0.0,0.0,0.0,0.0,0.0,0.0,0.0,1.0,0.0
12,11,0.0,0.0,0.0,0.0,0.0,0.0,0.0,0.0,0.0,0.0,0.0,1.0,0.0
12,11,0.0,0.0,0.0,0.0,0.0,0.0,0.0,0.0,0.0,0.0,0.0,1.0,0.0
12,11,0.0,0.0,0.0,0.0,0.0,0.0,0.0,0.0,0.0,0.0,0.0,1.0,0.0
12,11,0.0,0.0,0.0,0.0,0.0,0.0,0.0,0.0,0.0,0.0,0.0,1.0,0.0
12,11,0.0,0.0,0.0,0.0,0.0,0.0,0.0,0.0,0.0,0.0,0.0,1.0,0.0
12,11,0.0,0.0,0.0,0.0,0.0,0.0,0.0,0.0,0.0,0.0,0.0,1.0,0.0
12,11,0.0,0.0,0.0,0.0,0.0,0.0,0.0,0.0,0.0,0.0,0.0,1.0,0.0
12,11,0.0,0.0,0.0,0.0,0.0,0.0,0.0,0.0,0.0,0.0,0.0,1.0,0.0
12,11,0.0,0.0,0.0,0.0,0.0,0.0,0.0,0.0,0.0,0.0,0.0,1.0,0.0
12,11,0.0,0.0,0.0,0.0,0.0,0.0,0.0,0.0,0.0,0.0,0.0,1.0,0.0
12,11,0.0,0.0,0.0,0.0,0.0,0.0,0.0,0.0,0.0,0.0,0.0,1.0,0.0
12,11,0.0,0.0,0.0,0.0,0.0,0.0,0.0,0.0,0.0,0.0,0.0,1.0,0.0
12,11,0.0,0.0,0.0,0.0,0.0,0.0,0.0,0.0,0.0,0.0,0.0,1.0,0.0
12,11,0.0,0.0,0.0,0.0,0.0,0.0,0.0,0.0,0.0,0.0,0.0,1.0,0.0
12,11,0.0,0.0,0.0,0.0,0.0,0.0,0.0,0.0,0.0,0.0,0.0,1.0,0.0
12,11,0.0,0.0,0.0,0.0,0.0,0.0,0.0,0.0,0.0,0.0,0.0,1.0,0.0
12,11,0.0,0.0,0.0,0.0,0.0,0.0,0.0,0.0,0.0,0.0,0.0,1.0,0.0
12,11,0.0,0.0,0.0,0.0,0.0,0.0,0.0,0.0,0.0,0.0,0.0,1.0,0.0
12,11,0.0,0.0,0.0,0.0,0.0,0.0,0.0,0.0,0.0,0.0,0.0,1.0,0.0
12,11,0.0,0.0,0.0,0.0,0.0,0.0,0.0,0.0,0.0,0.0,0.0,1.0,0.0
12,11,0.0,0.0,0.0,0.0,0.0,0.0,0.0,0.0,0.0,0.0,0.0,1.0,0.0
12,11,0.0,0.0,0.0,0.0,0.0,0.0,0.0,0.0,0.0,0.0,0.0,1.0,0.0
12,11,0.0,0.0,0.0,0.0,0.0,0.0,0.0,0.0,0.0,0.0,0.0,1.0,0.0
12,11,0.0,0.0,0.0,0.0,0.0,0.0,0.0,0.0,0.0,0.0,0.0,1.0,0.0
12,11,0.0,0.0,0.0,0.0,0.0,0.0,0.0,0.0,0.0,0.0,0.0,1.0,0.0
12,11,0.0,0.0,0.0,0.0,0.0,0.0,0.0,0.0,0.0,0.0,0.0,1.0,0.0
12,11,0.0,0.0,0.0,0.0,0.0,0.0,0.0,0.0,0.0,0.0,0.0,1.0,0.0
12,11,0.0,0.0,0.0,0.0,0.0,0.0,0.0,0.0,0.0,0.0,0.0,1.0,0.0
12,11,0.0,0.0,0.0,0.0,0.0,0.0,0.0,0.0,0.0,0.0,0.0,1.0,0.0
12,11,0.0,0.0,0.0,0.0,0.0,0.0,0.0,0.0,0.0,0.0,0.0,1.0,0.0
12,11,0.0,0.0,0.0,0.0,0.0,0.0,0.0,0.0,0.0,0.0,0.0,1.0,0.0
12,11,0.0,0.0,0.0,0.0,0.0,0.0,0.0,0.0,0.0,0.0,0.0,1.0,0.0
12,11,0.0,0.0,0.0,0.0,0.0,0.0,0.0,0.0,0.0,0.0,0.0,1.0,0.0
12,11,0.0,0.0,0.0,0.0,0.0,0.0,0.0,0.0,0.0,0.0,0.0,1.0,0.0
12,11,0.0,0.0,0.0,0.0,0.0,0.0,0.0,0.0,0.0,0.0,0.0,1.0,0.0
12,11,0.0,0.0,0.0,0.0,0.0,0.0,0.0,0.0,0.0,0.0,0.0,1.0,0.0
12,11,0.0,0.0,0.0,0.0,0.0,0.0,0.0,0.0,0.0,0.0,0.0,1.0,0.0
12,11,0.0,0.0,0.0,0.0,0.0,0.0,0.0,0.0,0.0,0.0,0.0,1.0,0.0
12,11,0.0,0.0,0.0,0.0,0.0,0.0,0.0,0.0,0.0,0.0,0.0,1.0,0.0
12,11,0.0,0.0,0.0,0.0,0.0,0.0,0.0,0.0,0.0,0.0,0.0,1.0,0.0
12,11,0.0,0.0,0.0,0.0,0.0,0.0,0.0,0.0,0.0,0.0,0.0,1.0,0.0
12,11,0.0,0.0,0.0,0.0,0.0,0.0,0.0,0.0,0.0,0.0,0.0,1.0,0.0
12,11,0.0,0.0,0.0,0.0,0.0,0.0,0.0,0.0,0.0,0.0,0.0,1.0,0.0
12,11,0.0,0.0,0.0,0.0,0.0,0.0,0.0,0.0,0.0,0.0,0.0,1.0,0.0
12,11,0.0,0.0,0.0,0.0,0.0,0.0,0.0,0.0,0.0,0.0,0.0,1.0,0.0
12,11,0.0,0.0,0.0,0.0,0.0,0.0,0.0,0.0,0.0,0.0,0.0,1.0,0.0
12,11,0.0,0.0,0.0,0.0,0.0,0.0,0.0,0.0,0.0,0.0,0.0,1.0,0.0
12,11,0.0,0.0,0.0,0.0,0.0,0.0,0.0,0.0,0.0,0.0,0.0,1.0,0.0
12,11,0.0,0.0,0.0,0.0,0.0,0.0,0.0,0.0,0.0,0.0,0.0,1.0,0.0
12,11,0.0,0.0,0.0,0.0,0.0,0.0,0.0,0.0,0.0,0.0,0.0,1.0,0.0
12,11,0.0,0.0,0.0,0.0,0.0,0.0,0.0,0.0,0.0,0.0,0.0,1.0,0.0
12,11,0.0,0.0,0.0,0.0,0.0,0.0,0.0,0.0,0.0,0.0,0.0,1.0,0.0
12,11,0.0,0.0,0.0,0.0,0.0,0.0,0.0,0.0,0.0,0.0,0.0,1.0,0.0
12,11,0.0,0.0,0.0,0.0,0.0,0.0,0.0,0.0,0.0,0.0,0.0,1.0,0.0
12,11,0.0,0.0,0.0,0.0,0.0,0.0,0.0,0.0,0.0,0.0,0.0,1.0,0.0
12,11,0.0,0.0,0.0,0.0,0.0,0.0,0.0,0.0,0.0,0.0,0.0,1.0,0.0
12,11,0.0,0.0,0.0,0.0,0.0,0.0,0.0,0.0,0.0,0.0,0.0,1.0,0.0
12,11,0.0,0.0,0.0,0.0,0.0,0.0,0.0,0.0,0.0,0.0,0.0,1.0,0.0
12,11,0.0,0.0,0.0,0.0,0.0,0.0,0.0,0.0,0.0,0.0,0.0,1.0,0.0
12,11,0.0,0.0,0.0,0.0,0.0,0.0,0.0,0.0,0.0,0.0,0.0,1.0,0.0
12,11,0.0,0.0,0.0,0.0,0.0,0.0,0.0,0.0,0.0,0.0,0.0,1.0,0.0
12,11,0.0,0.0,0.0,0.0,0.0,0.0,0.0,0.0,0.0,0.0,0.0,1.0,0.0
12,11,0.0,0.0,0.0,0.0,0.0,0.0,0.0,0.0,0.0,0.0,0.0,1.0,0.0
12,11,0.0,0.0,0.0,0.0,0.0,0.0,0.0,0.0,0.0,0.0,0.0,1.0,0.0
12,11,0.0,0.0,0.0,0.0,0.0,0.0,0.0,0.0,0.0,0.0,0.0,1.0,0.0
12,11,0.0,0.0,0.0,0.0,0.0,0.0,0.0,0.0,0.0,0.0,0.0,1.0,0.0
12,11,0.0,0.0,0.0,0.0,0.0,0.0,0.0,0.0,0.0,0.0,0.0,1.0,0.0
12,11,0.0,0.0,0.0,0.0,0.0,0.0,0.0,0.0,0.0,0.0,0.0,1.0,0.0
12,11,0.0,0.0,0.0,0.0,0.0,0.0,0.0,0.0,0.0,0.0,0.0,1.0,0.0
12,11,0.0,0.0,0.0,0.0,0.0,0.0,0.0,0.0,0.0,0.0,0.0,1.0,0.0
12,11,0.0,0.0,0.0,0.0,0.0,0.0,0.0,0.0,0.0,0.0,0.0,1.0,0.0
12,11,0.0,0.0,0.0,0.0,0.0,0.0,0.0,0.0,0.0,0.0,0.0,1.0,0.0
12,11,0.0,0.0,0.0,0.0,0.0,0.0,0.0,0.0,0.0,0.0,0.0,1.0,0.0
12,11,0.0,0.0,0.0,0.0,0.0,0.0,0.0,0.0,0.0,0.0,0.0,1.0,0.0
12,11,0.0,0.0,0.0,0.0,0.0,0.0,0.0,0.0,0.0,0.0,0.0,1.0,0.0
12,11,0.0,0.0,0.0,0.0,0.0,0.0,0.0,0.0,0.0,0.0,0.0,1.0,0.0
12,11,0.0,0.0,0.0,0.0,0.0,0.0,0.0,0.0,0.0,0.0,0.0,1.0,0.0
12,11,0.0,0.0,0.0,0.0,0.0,0.0,0.0,0.0,0.0,0.0,0.0,1.0,0.0
12,11,0.0,0.0,0.0,0.0,0.0,0.0,0.0,0.0,0.0,0.0,0.0,1.0,0.0
12,11,0.0,0.0,0.0,0.0,0.0,0.0,0.0,0.0,0.0,0.0,0.0,1.0,0.0
12,11,0.0,0.0,0.0,0.0,0.0,0.0,0.0,0.0,0.0,0.0,0.0,1.0,0.0
12,11,0.0,0.0,0.0,0.0,0.0,0.0,0.0,0.0,0.0,0.0,0.0,1.0,0.0
12,11,0.0,0.0,0.0,0.0,0.0,0.0,0.0,0.0,0.0,0.0,0.0,1.0,0.0
12,11,0.0,0.0,0.0,0.0,0.0,0.0,0.0,0.0,0.0,0.0,0.0,1.0,0.0
12,11,0.0,0.0,0.0,0.0,0.0,0.0,0.0,0.0,0.0,0.0,0.0,1.0,0.0
12,11,0.0,0.0,0.0,0.0,0.0,0.0,0.0,0.0,0.0,0.0,0.0,1.0,0.0
12,11,0.0,0.0,0.0,0.0,0.0,0.0,0.0,0.0,0.0,0.0,0.0,1.0,0.0
12,11,0.0,0.0,0.0,0.0,0.0,0.0,0.0,0.0,0.0,0.0,0.0,1.0,0.0
12,11,0.0,0.0,0.0,0.0,0.0,0.0,0.0,0.0,0.0,0.0,0.0,1.0,0.0
12,11,0.0,0.0,0.0,0.0,0.0,0.0,0.0,0.0,0.0,0.0,0.0,1.0,0.0
12,11,0.0,0.0,0.0,0.0,0.0,0.0,0.0,0.0,0.0,0.0,0.0,1.0,0.0
12,11,0.0,0.0,0.0,0.0,0.0,0.0,0.0,0.0,0.0,0.0,0.0,1.0,0.0
12,11,0.0,0.0,0.0,0.0,0.0,0.0,0.0,0.0,0.0,0.0,0.0,1.0,0.0
12,11,0.0,0.0,0.0,0.0,0.0,0.0,0.0,0.0,0.0,0.0,0.0,1.0,0.0
12,11,0.0,0.0,0.0,0.0,0.0,0.0,0.0,0.0,0.0,0.0,0.0,1.0,0.0
12,11,0.0,0.0,0.0,0.0,0.0,0.0,0.0,0.0,0.0,0.0,0.0,1.0,0.0
12,11,0.0,0.0,0.0,0.0,0.0,0.0,0.0,0.0,0.0,0.0,0.0,1.0,0.0
12,11,0.0,0.0,0.0,0.0,0.0,0.0,0.0,0.0,0.0,0.0,0.0,1.0,0.0
12,11,0.0,0.0,0.0,0.0,0.0,0.0,0.0,0.0,0.0,0.0,0.0,1.0,0.0
12,11,0.0,0.0,0.0,0.0,0.0,0.0,0.0,0.0,0.0,0.0,0.0,1.0,0.0
12,11,0.0,0.0,0.0,0.0,0.0,0.0,0.0,0.0,0.0,0.0,0.0,1.0,0.0
12,11,0.0,0.0,0.0,0.0,0.0,0.0,0.0,0.0,0.0,0.0,0.0,1.0,0.0
12,11,0.0,0.0,0.0,0.0,0.0,0.0,0.0,0.0,0.0,0.0,0.0,1.0,0.0
12,11,0.0,0.0,0.0,0.0,0.0,0.0,0.0,0.0,0.0,0.0,0.0,1.0,0.0
12,11,0.0,0.0,0.0,0.0,0.0,0.0,0.0,0.0,0.0,0.0,0.0,1.0,0.0
12,11,0.0,0.0,0.0,0.0,0.0,0.0,0.0,0.0,0.0,0.0,0.0,1.0,0.0
12,11,0.0,0.0,0.0,0.0,0.0,0.0,0.0,0.0,0.0,0.0,0.0,1.0,0.0
12,11,0.0,0.0,0.0,0.0,0.0,0.0,0.0,0.0,0.0,0.0,0.0,1.0,0.0
12,11,0.0,0.0,0.0,0.0,0.0,0.0,0.0,0.0,0.0,0.0,0.0,1.0,0.0
12,11,0.0,0.0,0.0,0.0,0.0,0.0,0.0,0.0,0.0,0.0,0.0,1.0,0.0
12,11,0.0,0.0,0.0,0.0,0.0,0.0,0.0,0.0,0.0,0.0,0.0,1.0,0.0
12,11,0.0,0.0,0.0,0.0,0.0,0.0,0.0,0.0,0.0,0.0,0.0,1.0,0.0
12,11,0.0,0.0,0.0,0.0,0.0,0.0,0.0,0.0,0.0,0.0,0.0,1.0,0.0
12,11,0.0,0.0,0.0,0.0,0.0,0.0,0.0,0.0,0.0,0.0,0.0,1.0,0.0
12,11,0.0,0.0,0.0,0.0,0.0,0.0,0.0,0.0,0.0,0.0,0.0,1.0,0.0
12,11,0.0,0.0,0.0,0.0,0.0,0.0,0.0,0.0,0.0,0.0,0.0,1.0,0.0
12,11,0.0,0.0,0.0,0.0,0.0,0.0,0.0,0.0,0.0,0.0,0.0,1.0,0.0
12,11,0.0,0.0,0.0,0.0,0.0,0.0,0.0,0.0,0.0,0.0,0.0,1.0,0.0
12,11,0.0,0.0,0.0,0.0,0.0,0.0,0.0,0.0,0.0,0.0,0.0,1.0,0.0
12,11,0.0,0.0,0.0,0.0,0.0,0.0,0.0,0.0,0.0,0.0,0.0,1.0,0.0
12,11,0.0,0.0,0.0,0.0,0.0,0.0,0.0,0.0,0.0,0.0,0.0,1.0,0.0
12,11,0.0,0.0,0.0,0.0,0.0,0.0,0.0,0.0,0.0,0.0,0.0,1.0,0.0
12,11,0.0,0.0,0.0,0.0,0.0,0.0,0.0,0.0,0.0,0.0,0.0,1.0,0.0
12,11,0.0,0.0,0.0,0.0,0.0,0.0,0.0,0.0,0.0,0.0,0.0,1.0,0.0
12,11,0.0,0.0,0.0,0.0,0.0,0.0,0.0,0.0,0.0,0.0,0.0,1.0,0.0
12,11,0.0,0.0,0.0,0.0,0.0,0.0,0.0,0.0,0.0,0.0,0.0,1.0,0.0
12,11,0.0,0.0,0.0,0.0,0.0,0.0,0.0,0.0,0.0,0.0,0.0,1.0,0.0
12,11,0.0,0.0,0.0,0.0,0.0,0.0,0.0,0.0,0.0,0.0,0.0,1.0,0.0
12,11,0.0,0.0,0.0,0.0,0.0,0.0,0.0,0.0,0.0,0.0,0.0,1.0,0.0
12,11,0.0,0.0,0.0,0.0,0.0,0.0,0.0,0.0,0.0,0.0,0.0,1.0,0.0
12,11,0.0,0.0,0.0,0.0,0.0,0.0,0.0,0.0,0.0,0.0,0.0,1.0,0.0
12,11,0.0,0.0,0.0,0.0,0.0,0.0,0.0,0.0,0.0,0.0,0.0,1.0,0.0
12,11,0.0,0.0,0.0,0.0,0.0,0.0,0.0,0.0,0.0,0.0,0.0,1.0,0.0
12,11,0.0,0.0,0.0,0.0,0.0,0.0,0.0,0.0,0.0,0.0,0.0,1.0,0.0
12,11,0.0,0.0,0.0,0.0,0.0,0.0,0.0,0.0,0.0,0.0,0.0,1.0,0.0
12,11,0.0,0.0,0.0,0.0,0.0,0.0,0.0,0.0,0.0,0.0,0.0,1.0,0.0
12,11,0.0,0.0,0.0,0.0,0.0,0.0,0.0,0.0,0.0,0.0,0.0,1.0,0.0
12,11,0.0,0.0,0.0,0.0,0.0,0.0,0.0,0.0,0.0,0.0,0.0,1.0,0.0
12,11,0.0,0.0,0.0,0.0,0.0,0.0,0.0,0.0,0.0,0.0,0.0,1.0,0.0
12,11,0.0,0.0,0.0,0.0,0.0,0.0,0.0,0.0,0.0,0.0,0.0,1.0,0.0
12,11,0.0,0.0,0.0,0.0,0.0,0.0,0.0,0.0,0.0,0.0,0.0,1.0,0.0
12,11,0.0,0.0,0.0,0.0,0.0,0.0,0.0,0.0,0.0,0.0,0.0,1.0,0.0
12,11,0.0,0.0,0.0,0.0,0.0,0.0,0.0,0.0,0.0,0.0,0.0,1.0,0.0
12,11,0.0,0.0,0.0,0.0,0.0,0.0,0.0,0.0,0.0,0.0,0.0,1.0,0.0
12,11,0.0,0.0,0.0,0.0,0.0,0.0,0.0,0.0,0.0,0.0,0.0,1.0,0.0
12,11,0.0,0.0,0.0,0.0,0.0,0.0,0.0,0.0,0.0,0.0,0.0,1.0,0.0
12,11,0.0,0.0,0.0,0.0,0.0,0.0,0.0,0.0,0.0,0.0,0.0,1.0,0.0
12,11,0.0,0.0,0.0,0.0,0.0,0.0,0.0,0.0,0.0,0.0,0.0,1.0,0.0
12,11,0.0,0.0,0.0,0.0,0.0,0.0,0.0,0.0,0.0,0.0,0.0,1.0,0.0
12,11,0.0,0.0,0.0,0.0,0.0,0.0,0.0,0.0,0.0,0.0,0.0,1.0,0.0
12,11,0.0,0.0,0.0,0.0,0.0,0.0,0.0,0.0,0.0,0.0,0.0,1.0,0.0
12,11,0.0,0.0,0.0,0.0,0.0,0.0,0.0,0.0,0.0,0.0,0.0,1.0,0.0
12,11,0.0,0.0,0.0,0.0,0.0,0.0,0.0,0.0,0.0,0.0,0.0,1.0,0.0
12,11,0.0,0.0,0.0,0.0,0.0,0.0,0.0,0.0,0.0,0.0,0.0,1.0,0.0
12,11,0.0,0.0,0.0,0.0,0.0,0.0,0.0,0.0,0.0,0.0,0.0,1.0,0.0
12,11,0.0,0.0,0.0,0.0,0.0,0.0,0.0,0.0,0.0,0.0,0.0,1.0,0.0
12,11,0.0,0.0,0.0,0.0,0.0,0.0,0.0,0.0,0.0,0.0,0.0,1.0,0.0
12,11,0.0,0.0,0.0,0.0,0.0,0.0,0.0,0.0,0.0,0.0,0.0,1.0,0.0
12,11,0.0,0.0,0.0,0.0,0.0,0.0,0.0,0.0,0.0,0.0,0.0,1.0,0.0
12,11,0.0,0.0,0.0,0.0,0.0,0.0,0.0,0.0,0.0,0.0,0.0,1.0,0.0
12,11,0.0,0.0,0.0,0.0,0.0,0.0,0.0,0.0,0.0,0.0,0.0,1.0,0.0
12,11,0.0,0.0,0.0,0.0,0.0,0.0,0.0,0.0,0.0,0.0,0.0,1.0,0.0
12,11,0.0,0.0,0.0,0.0,0.0,0.0,0.0,0.0,0.0,0.0,0.0,1.0,0.0
12,11,0.0,0.0,0.0,0.0,0.0,0.0,0.0,0.0,0.0,0.0,0.0,1.0,0.0
12,11,0.0,0.0,0.0,0.0,0.0,0.0,0.0,0.0,0.0,0.0,0.0,1.0,0.0
12,11,0.0,0.0,0.0,0.0,0.0,0.0,0.0,0.0,0.0,0.0,0.0,1.0,0.0
12,11,0.0,0.0,0.0,0.0,0.0,0.0,0.0,0.0,0.0,0.0,0.0,1.0,0.0
12,11,0.0,0.0,0.0,0.0,0.0,0.0,0.0,0.0,0.0,0.0,0.0,1.0,0.0
12,11,0.0,0.0,0.0,0.0,0.0,0.0,0.0,0.0,0.0,0.0,0.0,1.0,0.0
12,11,0.0,0.0,0.0,0.0,0.0,0.0,0.0,0.0,0.0,0.0,0.0,1.0,0.0
12,11,0.0,0.0,0.0,0.0,0.0,0.0,0.0,0.0,0.0,0.0,0.0,1.0,0.0
12,11,0.0,0.0,0.0,0.0,0.0,0.0,0.0,0.0,0.0,0.0,0.0,1.0,0.0
12,11,0.0,0.0,0.0,0.0,0.0,0.0,0.0,0.0,0.0,0.0,0.0,1.0,0.0
12,11,0.0,0.0,0.0,0.0,0.0,0.0,0.0,0.0,0.0,0.0,0.0,1.0,0.0
12,11,0.0,0.0,0.0,0.0,0.0,0.0,0.0,0.0,0.0,0.0,0.0,1.0,0.0
12,11,0.0,0.0,0.0,0.0,0.0,0.0,0.0,0.0,0.0,0.0,0.0,1.0,0.0
12,11,0.0,0.0,0.0,0.0,0.0,0.0,0.0,0.0,0.0,0.0,0.0,1.0,0.0
12,11,0.0,0.0,0.0,0.0,0.0,0.0,0.0,0.0,0.0,0.0,0.0,1.0,0.0
12,11,0.0,0.0,0.0,0.0,0.0,0.0,0.0,0.0,0.0,0.0,0.0,1.0,0.0
12,11,0.0,0.0,0.0,0.0,0.0,0.0,0.0,0.0,0.0,0.0,0.0,1.0,0.0
12,11,0.0,0.0,0.0,0.0,0.0,0.0,0.0,0.0,0.0,0.0,0.0,1.0,0.0
12,11,0.0,0.0,0.0,0.0,0.0,0.0,0.0,0.0,0.0,0.0,0.0,1.0,0.0
12,11,0.0,0.0,0.0,0.0,0.0,0.0,0.0,0.0,0.0,0.0,0.0,1.0,0.0
12,11,0.0,0.0,0.0,0.0,0.0,0.0,0.0,0.0,0.0,0.0,0.0,1.0,0.0
12,11,0.0,0.0,0.0,0.0,0.0,0.0,0.0,0.0,0.0,0.0,0.0,1.0,0.0
12,11,0.0,0.0,0.0,0.0,0.0,0.0,0.0,0.0,0.0,0.0,0.0,1.0,0.0
12,11,0.0,0.0,0.0,0.0,0.0,0.0,0.0,0.0,0.0,0.0,0.0,1.0,0.0
12,11,0.0,0.0,0.0,0.0,0.0,0.0,0.0,0.0,0.0,0.0,0.0,1.0,0.0
12,11,0.0,0.0,0.0,0.0,0.0,0.0,0.0,0.0,0.0,0.0,0.0,1.0,0.0
12,11,0.0,0.0,0.0,0.0,0.0,0.0,0.0,0.0,0.0,0.0,0.0,1.0,0.0
12,11,0.0,0.0,0.0,0.0,0.0,0.0,0.0,0.0,0.0,0.0,0.0,1.0,0.0
12,11,0.0,0.0,0.0,0.0,0.0,0.0,0.0,0.0,0.0,0.0,0.0,1.0,0.0
12,11,0.0,0.0,0.0,0.0,0.0,0.0,0.0,0.0,0.0,0.0,0.0,1.0,0.0
12,11,0.0,0.0,0.0,0.0,0.0,0.0,0.0,0.0,0.0,0.0,0.0,1.0,0.0
12,11,0.0,0.0,0.0,0.0,0.0,0.0,0.0,0.0,0.0,0.0,0.0,1.0,0.0
12,11,0.0,0.0,0.0,0.0,0.0,0.0,0.0,0.0,0.0,0.0,0.0,1.0,0.0
12,11,0.0,0.0,0.0,0.0,0.0,0.0,0.0,0.0,0.0,0.0,0.0,1.0,0.0
12,11,0.0,0.0,0.0,0.0,0.0,0.0,0.0,0.0,0.0,0.0,0.0,1.0,0.0
12,11,0.0,0.0,0.0,0.0,0.0,0.0,0.0,0.0,0.0,0.0,0.0,1.0,0.0
12,11,0.0,0.0,0.0,0.0,0.0,0.0,0.0,0.0,0.0,0.0,0.0,1.0,0.0
12,11,0.0,0.0,0.0,0.0,0.0,0.0,0.0,0.0,0.0,0.0,0.0,1.0,0.0
12,11,0.0,0.0,0.0,0.0,0.0,0.0,0.0,0.0,0.0,0.0,0.0,1.0,0.0
12,11,0.0,0.0,0.0,0.0,0.0,0.0,0.0,0.0,0.0,0.0,0.0,1.0,0.0
12,11,0.0,0.0,0.0,0.0,0.0,0.0,0.0,0.0,0.0,0.0,0.0,1.0,0.0
12,11,0.0,0.0,0.0,0.0,0.0,0.0,0.0,0.0,0.0,0.0,0.0,1.0,0.0
12,11,0.0,0.0,0.0,0.0,0.0,0.0,0.0,0.0,0.0,0.0,0.0,1.0,0.0
12,11,0.0,0.0,0.0,0.0,0.0,0.0,0.0,0.0,0.0,0.0,0.0,1.0,0.0
12,11,0.0,0.0,0.0,0.0,0.0,0.0,0.0,0.0,0.0,0.0,0.0,1.0,0.0
12,11,0.0,0.0,0.0,0.0,0.0,0.0,0.0,0.0,0.0,0.0,0.0,1.0,0.0
12,11,0.0,0.0,0.0,0.0,0.0,0.0,0.0,0.0,0.0,0.0,0.0,1.0,0.0
12,11,0.0,0.0,0.0,0.0,0.0,0.0,0.0,0.0,0.0,0.0,0.0,1.0,0.0
12,11,0.0,0.0,0.0,0.0,0.0,0.0,0.0,0.0,0.0,0.0,0.0,1.0,0.0
12,11,0.0,0.0,0.0,0.0,0.0,0.0,0.0,0.0,0.0,0.0,0.0,1.0,0.0
12,11,0.0,0.0,0.0,0.0,0.0,0.0,0.0,0.0,0.0,0.0,0.0,1.0,0.0
12,11,0.0,0.0,0.0,0.0,0.0,0.0,0.0,0.0,0.0,0.0,0.0,1.0,0.0
12,11,0.0,0.0,0.0,0.0,0.0,0.0,0.0,0.0,0.0,0.0,0.0,1.0,0.0
12,11,0.0,0.0,0.0,0.0,0.0,0.0,0.0,0.0,0.0,0.0,0.0,1.0,0.0
12,11,0.0,0.0,0.0,0.0,0.0,0.0,0.0,0.0,0.0,0.0,0.0,1.0,0.0
12,11,0.0,0.0,0.0,0.0,0.0,0.0,0.0,0.0,0.0,0.0,0.0,1.0,0.0
12,11,0.0,0.0,0.0,0.0,0.0,0.0,0.0,0.0,0.0,0.0,0.0,1.0,0.0
12,11,0.0,0.0,0.0,0.0,0.0,0.0,0.0,0.0,0.0,0.0,0.0,1.0,0.0
12,11,0.0,0.0,0.0,0.0,0.0,0.0,0.0,0.0,0.0,0.0,0.0,1.0,0.0
12,11,0.0,0.0,0.0,0.0,0.0,0.0,0.0,0.0,0.0,0.0,0.0,1.0,0.0
12,11,0.0,0.0,0.0,0.0,0.0,0.0,0.0,0.0,0.0,0.0,0.0,1.0,0.0
12,11,0.0,0.0,0.0,0.0,0.0,0.0,0.0,0.0,0.0,0.0,0.0,1.0,0.0
12,11,0.0,0.0,0.0,0.0,0.0,0.0,0.0,0.0,0.0,0.0,0.0,1.0,0.0
12,11,0.0,0.0,0.0,0.0,0.0,0.0,0.0,0.0,0.0,0.0,0.0,1.0,0.0
12,11,0.0,0.0,0.0,0.0,0.0,0.0,0.0,0.0,0.0,0.0,0.0,1.0,0.0
12,11,0.0,0.0,0.0,0.0,0.0,0.0,0.0,0.0,0.0,0.0,0.0,1.0,0.0
12,11,0.0,0.0,0.0,0.0,0.0,0.0,0.0,0.0,0.0,0.0,0.0,1.0,0.0
12,11,0.0,0.0,0.0,0.0,0.0,0.0,0.0,0.0,0.0,0.0,0.0,1.0,0.0
12,11,0.0,0.0,0.0,0.0,0.0,0.0,0.0,0.0,0.0,0.0,0.0,1.0,0.0
12,11,0.0,0.0,0.0,0.0,0.0,0.0,0.0,0.0,0.0,0.0,0.0,1.0,0.0
12,11,0.0,0.0,0.0,0.0,0.0,0.0,0.0,0.0,0.0,0.0,0.0,1.0,0.0
12,11,0.0,0.0,0.0,0.0,0.0,0.0,0.0,0.0,0.0,0.0,0.0,1.0,0.0
12,11,0.0,0.0,0.0,0.0,0.0,0.0,0.0,0.0,0.0,0.0,0.0,1.0,0.0
12,11,0.0,0.0,0.0,0.0,0.0,0.0,0.0,0.0,0.0,0.0,0.0,1.0,0.0
12,11,0.0,0.0,0.0,0.0,0.0,0.0,0.0,0.0,0.0,0.0,0.0,1.0,0.0
12,11,0.0,0.0,0.0,0.0,0.0,0.0,0.0,0.0,0.0,0.0,0.0,1.0,0.0
12,11,0.0,0.0,0.0,0.0,0.0,0.0,0.0,0.0,0.0,0.0,0.0,1.0,0.0
12,11,0.0,0.0,0.0,0.0,0.0,0.0,0.0,0.0,0.0,0.0,0.0,1.0,0.0
12,11,0.0,0.0,0.0,0.0,0.0,0.0,0.0,0.0,0.0,0.0,0.0,1.0,0.0
12,11,0.0,0.0,0.0,0.0,0.0,0.0,0.0,0.0,0.0,0.0,0.0,1.0,0.0
12,11,0.0,0.0,0.0,0.0,0.0,0.0,0.0,0.0,0.0,0.0,0.0,1.0,0.0
12,11,0.0,0.0,0.0,0.0,0.0,0.0,0.0,0.0,0.0,0.0,0.0,1.0,0.0
12,11,0.0,0.0,0.0,0.0,0.0,0.0,0.0,0.0,0.0,0.0,0.0,1.0,0.0
12,11,0.0,0.0,0.0,0.0,0.0,0.0,0.0,0.0,0.0,0.0,0.0,1.0,0.0
12,11,0.0,0.0,0.0,0.0,0.0,0.0,0.0,0.0,0.0,0.0,0.0,1.0,0.0
12,11,0.0,0.0,0.0,0.0,0.0,0.0,0.0,0.0,0.0,0.0,0.0,1.0,0.0
12,11,0.0,0.0,0.0,0.0,0.0,0.0,0.0,0.0,0.0,0.0,0.0,1.0,0.0
12,11,0.0,0.0,0.0,0.0,0.0,0.0,0.0,0.0,0.0,0.0,0.0,1.0,0.0
12,11,0.0,0.0,0.0,0.0,0.0,0.0,0.0,0.0,0.0,0.0,0.0,1.0,0.0
12,11,0.0,0.0,0.0,0.0,0.0,0.0,0.0,0.0,0.0,0.0,0.0,1.0,0.0
12,11,0.0,0.0,0.0,0.0,0.0,0.0,0.0,0.0,0.0,0.0,0.0,1.0,0.0
12,11,0.0,0.0,0.0,0.0,0.0,0.0,0.0,0.0,0.0,0.0,0.0,1.0,0.0
12,11,0.0,0.0,0.0,0.0,0.0,0.0,0.0,0.0,0.0,0.0,0.0,1.0,0.0
12,11,0.0,0.0,0.0,0.0,0.0,0.0,0.0,0.0,0.0,0.0,0.0,1.0,0.0
12,11,0.0,0.0,0.0,0.0,0.0,0.0,0.0,0.0,0.0,0.0,0.0,1.0,0.0
12,11,0.0,0.0,0.0,0.0,0.0,0.0,0.0,0.0,0.0,0.0,0.0,1.0,0.0
12,11,0.0,0.0,0.0,0.0,0.0,0.0,0.0,0.0,0.0,0.0,0.0,1.0,0.0
12,11,0.0,0.0,0.0,0.0,0.0,0.0,0.0,0.0,0.0,0.0,0.0,1.0,0.0
12,11,0.0,0.0,0.0,0.0,0.0,0.0,0.0,0.0,0.0,0.0,0.0,1.0,0.0
12,11,0.0,0.0,0.0,0.0,0.0,0.0,0.0,0.0,0.0,0.0,0.0,1.0,0.0
12,11,0.0,0.0,0.0,0.0,0.0,0.0,0.0,0.0,0.0,0.0,0.0,1.0,0.0
12,11,0.0,0.0,0.0,0.0,0.0,0.0,0.0,0.0,0.0,0.0,0.0,1.0,0.0
12,11,0.0,0.0,0.0,0.0,0.0,0.0,0.0,0.0,0.0,0.0,0.0,1.0,0.0
12,11,0.0,0.0,0.0,0.0,0.0,0.0,0.0,0.0,0.0,0.0,0.0,1.0,0.0
12,11,0.0,0.0,0.0,0.0,0.0,0.0,0.0,0.0,0.0,0.0,0.0,1.0,0.0
12,11,0.0,0.0,0.0,0.0,0.0,0.0,0.0,0.0,0.0,0.0,0.0,1.0,0.0
12,11,0.0,0.0,0.0,0.0,0.0,0.0,0.0,0.0,0.0,0.0,0.0,1.0,0.0
12,11,0.0,0.0,0.0,0.0,0.0,0.0,0.0,0.0,0.0,0.0,0.0,1.0,0.0
12,11,0.0,0.0,0.0,0.0,0.0,0.0,0.0,0.0,0.0,0.0,0.0,1.0,0.0
12,11,0.0,0.0,0.0,0.0,0.0,0.0,0.0,0.0,0.0,0.0,0.0,1.0,0.0
12,11,0.0,0.0,0.0,0.0,0.0,0.0,0.0,0.0,0.0,0.0,0.0,1.0,0.0
12,11,0.0,0.0,0.0,0.0,0.0,0.0,0.0,0.0,0.0,0.0,0.0,1.0,0.0
12,11,0.0,0.0,0.0,0.0,0.0,0.0,0.0,0.0,0.0,0.0,0.0,1.0,0.0
12,11,0.0,0.0,0.0,0.0,0.0,0.0,0.0,0.0,0.0,0.0,0.0,1.0,0.0
12,11,0.0,0.0,0.0,0.0,0.0,0.0,0.0,0.0,0.0,0.0,0.0,1.0,0.0
12,11,0.0,0.0,0.0,0.0,0.0,0.0,0.0,0.0,0.0,0.0,0.0,1.0,0.0
12,11,0.0,0.0,0.0,0.0,0.0,0.0,0.0,0.0,0.0,0.0,0.0,1.0,0.0
12,11,0.0,0.0,0.0,0.0,0.0,0.0,0.0,0.0,0.0,0.0,0.0,1.0,0.0
12,11,0.0,0.0,0.0,0.0,0.0,0.0,0.0,0.0,0.0,0.0,0.0,1.0,0.0
12,11,0.0,0.0,0.0,0.0,0.0,0.0,0.0,0.0,0.0,0.0,0.0,1.0,0.0
12,11,0.0,0.0,0.0,0.0,0.0,0.0,0.0,0.0,0.0,0.0,0.0,1.0,0.0
12,11,0.0,0.0,0.0,0.0,0.0,0.0,0.0,0.0,0.0,0.0,0.0,1.0,0.0
12,11,0.0,0.0,0.0,0.0,0.0,0.0,0.0,0.0,0.0,0.0,0.0,1.0,0.0
12,11,0.0,0.0,0.0,0.0,0.0,0.0,0.0,0.0,0.0,0.0,0.0,1.0,0.0
12,11,0.0,0.0,0.0,0.0,0.0,0.0,0.0,0.0,0.0,0.0,0.0,1.0,0.0
12,11,0.0,0.0,0.0,0.0,0.0,0.0,0.0,0.0,0.0,0.0,0.0,1.0,0.0
12,11,0.0,0.0,0.0,0.0,0.0,0.0,0.0,0.0,0.0,0.0,0.0,1.0,0.0
12,11,0.0,0.0,0.0,0.0,0.0,0.0,0.0,0.0,0.0,0.0,0.0,1.0,0.0
12,11,0.0,0.0,0.0,0.0,0.0,0.0,0.0,0.0,0.0,0.0,0.0,1.0,0.0
12,11,0.0,0.0,0.0,0.0,0.0,0.0,0.0,0.0,0.0,0.0,0.0,1.0,0.0
12,11,0.0,0.0,0.0,0.0,0.0,0.0,0.0,0.0,0.0,0.0,0.0,1.0,0.0
12,11,0.0,0.0,0.0,0.0,0.0,0.0,0.0,0.0,0.0,0.0,0.0,1.0,0.0
12,11,0.0,0.0,0.0,0.0,0.0,0.0,0.0,0.0,0.0,0.0,0.0,1.0,0.0
12,11,0.0,0.0,0.0,0.0,0.0,0.0,0.0,0.0,0.0,0.0,0.0,1.0,0.0
12,11,0.0,0.0,0.0,0.0,0.0,0.0,0.0,0.0,0.0,0.0,0.0,1.0,0.0
12,11,0.0,0.0,0.0,0.0,0.0,0.0,0.0,0.0,0.0,0.0,0.0,1.0,0.0
12,11,0.0,0.0,0.0,0.0,0.0,0.0,0.0,0.0,0.0,0.0,0.0,1.0,0.0
12,11,0.0,0.0,0.0,0.0,0.0,0.0,0.0,0.0,0.0,0.0,0.0,1.0,0.0
12,11,0.0,0.0,0.0,0.0,0.0,0.0,0.0,0.0,0.0,0.0,0.0,1.0,0.0
12,11,0.0,0.0,0.0,0.0,0.0,0.0,0.0,0.0,0.0,0.0,0.0,1.0,0.0
12,11,0.0,0.0,0.0,0.0,0.0,0.0,0.0,0.0,0.0,0.0,0.0,1.0,0.0
12,11,0.0,0.0,0.0,0.0,0.0,0.0,0.0,0.0,0.0,0.0,0.0,1.0,0.0
12,11,0.0,0.0,0.0,0.0,0.0,0.0,0.0,0.0,0.0,0.0,0.0,1.0,0.0
12,11,0.0,0.0,0.0,0.0,0.0,0.0,0.0,0.0,0.0,0.0,0.0,1.0,0.0
12,11,0.0,0.0,0.0,0.0,0.0,0.0,0.0,0.0,0.0,0.0,0.0,1.0,0.0
12,11,0.0,0.0,0.0,0.0,0.0,0.0,0.0,0.0,0.0,0.0,0.0,1.0,0.0
12,11,0.0,0.0,0.0,0.0,0.0,0.0,0.0,0.0,0.0,0.0,0.0,1.0,0.0
12,11,0.0,0.0,0.0,0.0,0.0,0.0,0.0,0.0,0.0,0.0,0.0,1.0,0.0
12,11,0.0,0.0,0.0,0.0,0.0,0.0,0.0,0.0,0.0,0.0,0.0,1.0,0.0
12,11,0.0,0.0,0.0,0.0,0.0,0.0,0.0,0.0,0.0,0.0,0.0,1.0,0.0
12,11,0.0,0.0,0.0,0.0,0.0,0.0,0.0,0.0,0.0,0.0,0.0,1.0,0.0
12,11,0.0,0.0,0.0,0.0,0.0,0.0,0.0,0.0,0.0,0.0,0.0,1.0,0.0
12,11,0.0,0.0,0.0,0.0,0.0,0.0,0.0,0.0,0.0,0.0,0.0,1.0,0.0
12,11,0.0,0.0,0.0,0.0,0.0,0.0,0.0,0.0,0.0,0.0,0.0,1.0,0.0
12,11,0.0,0.0,0.0,0.0,0.0,0.0,0.0,0.0,0.0,0.0,0.0,1.0,0.0
12,11,0.0,0.0,0.0,0.0,0.0,0.0,0.0,0.0,0.0,0.0,0.0,1.0,0.0
12,11,0.0,0.0,0.0,0.0,0.0,0.0,0.0,0.0,0.0,0.0,0.0,1.0,0.0
12,11,0.0,0.0,0.0,0.0,0.0,0.0,0.0,0.0,0.0,0.0,0.0,1.0,0.0
12,11,0.0,0.0,0.0,0.0,0.0,0.0,0.0,0.0,0.0,0.0,0.0,1.0,0.0
12,11,0.0,0.0,0.0,0.0,0.0,0.0,0.0,0.0,0.0,0.0,0.0,1.0,0.0
12,11,0.0,0.0,0.0,0.0,0.0,0.0,0.0,0.0,0.0,0.0,0.0,1.0,0.0
12,11,0.0,0.0,0.0,0.0,0.0,0.0,0.0,0.0,0.0,0.0,0.0,1.0,0.0
12,11,0.0,0.0,0.0,0.0,0.0,0.0,0.0,0.0,0.0,0.0,0.0,1.0,0.0
12,11,0.0,0.0,0.0,0.0,0.0,0.0,0.0,0.0,0.0,0.0,0.0,1.0,0.0
12,11,0.0,0.0,0.0,0.0,0.0,0.0,0.0,0.0,0.0,0.0,0.0,1.0,0.0
12,11,0.0,0.0,0.0,0.0,0.0,0.0,0.0,0.0,0.0,0.0,0.0,1.0,0.0
12,11,0.0,0.0,0.0,0.0,0.0,0.0,0.0,0.0,0.0,0.0,0.0,1.0,0.0
12,11,0.0,0.0,0.0,0.0,0.0,0.0,0.0,0.0,0.0,0.0,0.0,1.0,0.0
12,11,0.0,0.0,0.0,0.0,0.0,0.0,0.0,0.0,0.0,0.0,0.0,1.0,0.0
12,11,0.0,0.0,0.0,0.0,0.0,0.0,0.0,0.0,0.0,0.0,0.0,1.0,0.0
12,11,0.0,0.0,0.0,0.0,0.0,0.0,0.0,0.0,0.0,0.0,0.0,1.0,0.0
12,11,0.0,0.0,0.0,0.0,0.0,0.0,0.0,0.0,0.0,0.0,0.0,1.0,0.0
12,11,0.0,0.0,0.0,0.0,0.0,0.0,0.0,0.0,0.0,0.0,0.0,1.0,0.0
12,11,0.0,0.0,0.0,0.0,0.0,0.0,0.0,0.0,0.0,0.0,0.0,1.0,0.0
12,11,0.0,0.0,0.0,0.0,0.0,0.0,0.0,0.0,0.0,0.0,0.0,1.0,0.0
12,11,0.0,0.0,0.0,0.0,0.0,0.0,0.0,0.0,0.0,0.0,0.0,1.0,0.0
12,11,0.0,0.0,0.0,0.0,0.0,0.0,0.0,0.0,0.0,0.0,0.0,1.0,0.0
12,11,0.0,0.0,0.0,0.0,0.0,0.0,0.0,0.0,0.0,0.0,0.0,1.0,0.0
12,11,0.0,0.0,0.0,0.0,0.0,0.0,0.0,0.0,0.0,0.0,0.0,1.0,0.0
12,11,0.0,0.0,0.0,0.0,0.0,0.0,0.0,0.0,0.0,0.0,0.0,1.0,0.0
12,11,0.0,0.0,0.0,0.0,0.0,0.0,0.0,0.0,0.0,0.0,0.0,1.0,0.0
12,11,0.0,0.0,0.0,0.0,0.0,0.0,0.0,0.0,0.0,0.0,0.0,1.0,0.0
12,11,0.0,0.0,0.0,0.0,0.0,0.0,0.0,0.0,0.0,0.0,0.0,1.0,0.0
12,11,0.0,0.0,0.0,0.0,0.0,0.0,0.0,0.0,0.0,0.0,0.0,1.0,0.0
12,11,0.0,0.0,0.0,0.0,0.0,0.0,0.0,0.0,0.0,0.0,0.0,1.0,0.0
12,11,0.0,0.0,0.0,0.0,0.0,0.0,0.0,0.0,0.0,0.0,0.0,1.0,0.0
12,11,0.0,0.0,0.0,0.0,0.0,0.0,0.0,0.0,0.0,0.0,0.0,1.0,0.0
12,11,0.0,0.0,0.0,0.0,0.0,0.0,0.0,0.0,0.0,0.0,0.0,1.0,0.0
12,11,0.0,0.0,0.0,0.0,0.0,0.0,0.0,0.0,0.0,0.0,0.0,1.0,0.0
12,11,0.0,0.0,0.0,0.0,0.0,0.0,0.0,0.0,0.0,0.0,0.0,1.0,0.0
12,11,0.0,0.0,0.0,0.0,0.0,0.0,0.0,0.0,0.0,0.0,0.0,1.0,0.0
12,11,0.0,0.0,0.0,0.0,0.0,0.0,0.0,0.0,0.0,0.0,0.0,1.0,0.0
12,11,0.0,0.0,0.0,0.0,0.0,0.0,0.0,0.0,0.0,0.0,0.0,1.0,0.0
12,11,0.0,0.0,0.0,0.0,0.0,0.0,0.0,0.0,0.0,0.0,0.0,1.0,0.0
12,11,0.0,0.0,0.0,0.0,0.0,0.0,0.0,0.0,0.0,0.0,0.0,1.0,0.0
12,11,0.0,0.0,0.0,0.0,0.0,0.0,0.0,0.0,0.0,0.0,0.0,1.0,0.0
12,11,0.0,0.0,0.0,0.0,0.0,0.0,0.0,0.0,0.0,0.0,0.0,1.0,0.0
12,11,0.0,0.0,0.0,0.0,0.0,0.0,0.0,0.0,0.0,0.0,0.0,1.0,0.0
12,11,0.0,0.0,0.0,0.0,0.0,0.0,0.0,0.0,0.0,0.0,0.0,1.0,0.0
12,11,0.0,0.0,0.0,0.0,0.0,0.0,0.0,0.0,0.0,0.0,0.0,1.0,0.0
12,11,0.0,0.0,0.0,0.0,0.0,0.0,0.0,0.0,0.0,0.0,0.0,1.0,0.0
12,11,0.0,0.0,0.0,0.0,0.0,0.0,0.0,0.0,0.0,0.0,0.0,1.0,0.0
12,11,0.0,0.0,0.0,0.0,0.0,0.0,0.0,0.0,0.0,0.0,0.0,1.0,0.0
12,11,0.0,0.0,0.0,0.0,0.0,0.0,0.0,0.0,0.0,0.0,0.0,1.0,0.0
12,11,0.0,0.0,0.0,0.0,0.0,0.0,0.0,0.0,0.0,0.0,0.0,1.0,0.0
12,11,0.0,0.0,0.0,0.0,0.0,0.0,0.0,0.0,0.0,0.0,0.0,1.0,0.0
12,11,0.0,0.0,0.0,0.0,0.0,0.0,0.0,0.0,0.0,0.0,0.0,1.0,0.0
12,11,0.0,0.0,0.0,0.0,0.0,0.0,0.0,0.0,0.0,0.0,0.0,1.0,0.0
12,11,0.0,0.0,0.0,0.0,0.0,0.0,0.0,0.0,0.0,0.0,0.0,1.0,0.0
12,11,0.0,0.0,0.0,0.0,0.0,0.0,0.0,0.0,0.0,0.0,0.0,1.0,0.0
12,11,0.0,0.0,0.0,0.0,0.0,0.0,0.0,0.0,0.0,0.0,0.0,1.0,0.0
12,11,0.0,0.0,0.0,0.0,0.0,0.0,0.0,0.0,0.0,0.0,0.0,1.0,0.0
12,11,0.0,0.0,0.0,0.0,0.0,0.0,0.0,0.0,0.0,0.0,0.0,1.0,0.0
12,11,0.0,0.0,0.0,0.0,0.0,0.0,0.0,0.0,0.0,0.0,0.0,1.0,0.0
12,11,0.0,0.0,0.0,0.0,0.0,0.0,0.0,0.0,0.0,0.0,0.0,1.0,0.0
12,11,0.0,0.0,0.0,0.0,0.0,0.0,0.0,0.0,0.0,0.0,0.0,1.0,0.0
12,11,0.0,0.0,0.0,0.0,0.0,0.0,0.0,0.0,0.0,0.0,0.0,1.0,0.0
12,11,0.0,0.0,0.0,0.0,0.0,0.0,0.0,0.0,0.0,0.0,0.0,1.0,0.0
12,11,0.0,0.0,0.0,0.0,0.0,0.0,0.0,0.0,0.0,0.0,0.0,1.0,0.0
12,11,0.0,0.0,0.0,0.0,0.0,0.0,0.0,0.0,0.0,0.0,0.0,1.0,0.0
12,11,0.0,0.0,0.0,0.0,0.0,0.0,0.0,0.0,0.0,0.0,0.0,1.0,0.0
12,11,0.0,0.0,0.0,0.0,0.0,0.0,0.0,0.0,0.0,0.0,0.0,1.0,0.0
12,11,0.0,0.0,0.0,0.0,0.0,0.0,0.0,0.0,0.0,0.0,0.0,1.0,0.0
12,11,0.0,0.0,0.0,0.0,0.0,0.0,0.0,0.0,0.0,0.0,0.0,1.0,0.0
12,11,0.0,0.0,0.0,0.0,0.0,0.0,0.0,0.0,0.0,0.0,0.0,1.0,0.0
12,11,0.0,0.0,0.0,0.0,0.0,0.0,0.0,0.0,0.0,0.0,0.0,1.0,0.0
12,11,0.0,0.0,0.0,0.0,0.0,0.0,0.0,0.0,0.0,0.0,0.0,1.0,0.0
12,11,0.0,0.0,0.0,0.0,0.0,0.0,0.0,0.0,0.0,0.0,0.0,1.0,0.0
12,11,0.0,0.0,0.0,0.0,0.0,0.0,0.0,0.0,0.0,0.0,0.0,1.0,0.0
12,11,0.0,0.0,0.0,0.0,0.0,0.0,0.0,0.0,0.0,0.0,0.0,1.0,0.0
12,11,0.0,0.0,0.0,0.0,0.0,0.0,0.0,0.0,0.0,0.0,0.0,1.0,0.0
12,11,0.0,0.0,0.0,0.0,0.0,0.0,0.0,0.0,0.0,0.0,0.0,1.0,0.0
12,11,0.0,0.0,0.0,0.0,0.0,0.0,0.0,0.0,0.0,0.0,0.0,1.0,0.0
12,11,0.0,0.0,0.0,0.0,0.0,0.0,0.0,0.0,0.0,0.0,0.0,1.0,0.0
12,11,0.0,0.0,0.0,0.0,0.0,0.0,0.0,0.0,0.0,0.0,0.0,1.0,0.0
12,11,0.0,0.0,0.0,0.0,0.0,0.0,0.0,0.0,0.0,0.0,0.0,1.0,0.0
12,11,0.0,0.0,0.0,0.0,0.0,0.0,0.0,0.0,0.0,0.0,0.0,1.0,0.0
12,11,0.0,0.0,0.0,0.0,0.0,0.0,0.0,0.0,0.0,0.0,0.0,1.0,0.0
12,11,0.0,0.0,0.0,0.0,0.0,0.0,0.0,0.0,0.0,0.0,0.0,1.0,0.0
12,11,0.0,0.0,0.0,0.0,0.0,0.0,0.0,0.0,0.0,0.0,0.0,1.0,0.0
12,11,0.0,0.0,0.0,0.0,0.0,0.0,0.0,0.0,0.0,0.0,0.0,1.0,0.0
12,11,0.0,0.0,0.0,0.0,0.0,0.0,0.0,0.0,0.0,0.0,0.0,1.0,0.0
12,11,0.0,0.0,0.0,0.0,0.0,0.0,0.0,0.0,0.0,0.0,0.0,1.0,0.0
12,11,0.0,0.0,0.0,0.0,0.0,0.0,0.0,0.0,0.0,0.0,0.0,1.0,0.0
12,11,0.0,0.0,0.0,0.0,0.0,0.0,0.0,0.0,0.0,0.0,0.0,1.0,0.0
12,11,0.0,0.0,0.0,0.0,0.0,0.0,0.0,0.0,0.0,0.0,0.0,1.0,0.0
12,11,0.0,0.0,0.0,0.0,0.0,0.0,0.0,0.0,0.0,0.0,0.0,1.0,0.0
12,11,0.0,0.0,0.0,0.0,0.0,0.0,0.0,0.0,0.0,0.0,0.0,1.0,0.0
12,11,0.0,0.0,0.0,0.0,0.0,0.0,0.0,0.0,0.0,0.0,0.0,1.0,0.0
12,11,0.0,0.0,0.0,0.0,0.0,0.0,0.0,0.0,0.0,0.0,0.0,1.0,0.0
12,11,0.0,0.0,0.0,0.0,0.0,0.0,0.0,0.0,0.0,0.0,0.0,1.0,0.0
12,11,0.0,0.0,0.0,0.0,0.0,0.0,0.0,0.0,0.0,0.0,0.0,1.0,0.0
12,11,0.0,0.0,0.0,0.0,0.0,0.0,0.0,0.0,0.0,0.0,0.0,1.0,0.0
12,11,0.0,0.0,0.0,0.0,0.0,0.0,0.0,0.0,0.0,0.0,0.0,1.0,0.0
12,11,0.0,0.0,0.0,0.0,0.0,0.0,0.0,0.0,0.0,0.0,0.0,1.0,0.0
12,11,0.0,0.0,0.0,0.0,0.0,0.0,0.0,0.0,0.0,0.0,0.0,1.0,0.0
12,11,0.0,0.0,0.0,0.0,0.0,0.0,0.0,0.0,0.0,0.0,0.0,1.0,0.0
12,11,0.0,0.0,0.0,0.0,0.0,0.0,0.0,0.0,0.0,0.0,0.0,1.0,0.0
12,11,0.0,0.0,0.0,0.0,0.0,0.0,0.0,0.0,0.0,0.0,0.0,1.0,0.0
12,11,0.0,0.0,0.0,0.0,0.0,0.0,0.0,0.0,0.0,0.0,0.0,1.0,0.0
12,11,0.0,0.0,0.0,0.0,0.0,0.0,0.0,0.0,0.0,0.0,0.0,1.0,0.0
12,11,0.0,0.0,0.0,0.0,0.0,0.0,0.0,0.0,0.0,0.0,0.0,1.0,0.0
12,11,0.0,0.0,0.0,0.0,0.0,0.0,0.0,0.0,0.0,0.0,0.0,1.0,0.0
12,11,0.0,0.0,0.0,0.0,0.0,0.0,0.0,0.0,0.0,0.0,0.0,1.0,0.0
12,11,0.0,0.0,0.0,0.0,0.0,0.0,0.0,0.0,0.0,0.0,0.0,1.0,0.0
12,11,0.0,0.0,0.0,0.0,0.0,0.0,0.0,0.0,0.0,0.0,0.0,1.0,0.0
12,11,0.0,0.0,0.0,0.0,0.0,0.0,0.0,0.0,0.0,0.0,0.0,1.0,0.0
12,11,0.0,0.0,0.0,0.0,0.0,0.0,0.0,0.0,0.0,0.0,0.0,1.0,0.0
12,11,0.0,0.0,0.0,0.0,0.0,0.0,0.0,0.0,0.0,0.0,0.0,1.0,0.0
12,11,0.0,0.0,0.0,0.0,0.0,0.0,0.0,0.0,0.0,0.0,0.0,1.0,0.0
12,11,0.0,0.0,0.0,0.0,0.0,0.0,0.0,0.0,0.0,0.0,0.0,1.0,0.0
12,11,0.0,0.0,0.0,0.0,0.0,0.0,0.0,0.0,0.0,0.0,0.0,1.0,0.0
12,11,0.0,0.0,0.0,0.0,0.0,0.0,0.0,0.0,0.0,0.0,0.0,1.0,0.0
12,11,0.0,0.0,0.0,0.0,0.0,0.0,0.0,0.0,0.0,0.0,0.0,1.0,0.0
12,11,0.0,0.0,0.0,0.0,0.0,0.0,0.0,0.0,0.0,0.0,0.0,1.0,0.0
12,11,0.0,0.0,0.0,0.0,0.0,0.0,0.0,0.0,0.0,0.0,0.0,1.0,0.0
12,11,0.0,0.0,0.0,0.0,0.0,0.0,0.0,0.0,0.0,0.0,0.0,1.0,0.0
12,11,0.0,0.0,0.0,0.0,0.0,0.0,0.0,0.0,0.0,0.0,0.0,1.0,0.0
12,11,0.0,0.0,0.0,0.0,0.0,0.0,0.0,0.0,0.0,0.0,0.0,1.0,0.0
12,11,0.0,0.0,0.0,0.0,0.0,0.0,0.0,0.0,0.0,0.0,0.0,1.0,0.0
12,11,0.0,0.0,0.0,0.0,0.0,0.0,0.0,0.0,0.0,0.0,0.0,1.0,0.0
12,11,0.0,0.0,0.0,0.0,0.0,0.0,0.0,0.0,0.0,0.0,0.0,1.0,0.0
12,11,0.0,0.0,0.0,0.0,0.0,0.0,0.0,0.0,0.0,0.0,0.0,1.0,0.0
12,11,0.0,0.0,0.0,0.0,0.0,0.0,0.0,0.0,0.0,0.0,0.0,1.0,0.0
12,11,0.0,0.0,0.0,0.0,0.0,0.0,0.0,0.0,0.0,0.0,0.0,1.0,0.0
12,11,0.0,0.0,0.0,0.0,0.0,0.0,0.0,0.0,0.0,0.0,0.0,1.0,0.0
12,11,0.0,0.0,0.0,0.0,0.0,0.0,0.0,0.0,0.0,0.0,0.0,1.0,0.0
12,11,0.0,0.0,0.0,0.0,0.0,0.0,0.0,0.0,0.0,0.0,0.0,1.0,0.0
12,11,0.0,0.0,0.0,0.0,0.0,0.0,0.0,0.0,0.0,0.0,0.0,1.0,0.0
12,11,0.0,0.0,0.0,0.0,0.0,0.0,0.0,0.0,0.0,0.0,0.0,1.0,0.0
12,11,0.0,0.0,0.0,0.0,0.0,0.0,0.0,0.0,0.0,0.0,0.0,1.0,0.0
12,11,0.0,0.0,0.0,0.0,0.0,0.0,0.0,0.0,0.0,0.0,0.0,1.0,0.0
12,11,0.0,0.0,0.0,0.0,0.0,0.0,0.0,0.0,0.0,0.0,0.0,1.0,0.0
12,11,0.0,0.0,0.0,0.0,0.0,0.0,0.0,0.0,0.0,0.0,0.0,1.0,0.0
12,11,0.0,0.0,0.0,0.0,0.0,0.0,0.0,0.0,0.0,0.0,0.0,1.0,0.0
12,11,0.0,0.0,0.0,0.0,0.0,0.0,0.0,0.0,0.0,0.0,0.0,1.0,0.0
12,11,0.0,0.0,0.0,0.0,0.0,0.0,0.0,0.0,0.0,0.0,0.0,1.0,0.0
12,11,0.0,0.0,0.0,0.0,0.0,0.0,0.0,0.0,0.0,0.0,0.0,1.0,0.0
12,11,0.0,0.0,0.0,0.0,0.0,0.0,0.0,0.0,0.0,0.0,0.0,1.0,0.0
12,11,0.0,0.0,0.0,0.0,0.0,0.0,0.0,0.0,0.0,0.0,0.0,1.0,0.0
12,11,0.0,0.0,0.0,0.0,0.0,0.0,0.0,0.0,0.0,0.0,0.0,1.0,0.0
12,11,0.0,0.0,0.0,0.0,0.0,0.0,0.0,0.0,0.0,0.0,0.0,1.0,0.0
12,11,0.0,0.0,0.0,0.0,0.0,0.0,0.0,0.0,0.0,0.0,0.0,1.0,0.0
12,11,0.0,0.0,0.0,0.0,0.0,0.0,0.0,0.0,0.0,0.0,0.0,1.0,0.0
12,11,0.0,0.0,0.0,0.0,0.0,0.0,0.0,0.0,0.0,0.0,0.0,1.0,0.0
12,11,0.0,0.0,0.0,0.0,0.0,0.0,0.0,0.0,0.0,0.0,0.0,1.0,0.0
12,11,0.0,0.0,0.0,0.0,0.0,0.0,0.0,0.0,0.0,0.0,0.0,1.0,0.0
12,11,0.0,0.0,0.0,0.0,0.0,0.0,0.0,0.0,0.0,0.0,0.0,1.0,0.0
12,11,0.0,0.0,0.0,0.0,0.0,0.0,0.0,0.0,0.0,0.0,0.0,1.0,0.0
12,11,0.0,0.0,0.0,0.0,0.0,0.0,0.0,0.0,0.0,0.0,0.0,1.0,0.0
12,11,0.0,0.0,0.0,0.0,0.0,0.0,0.0,0.0,0.0,0.0,0.0,1.0,0.0
12,11,0.0,0.0,0.0,0.0,0.0,0.0,0.0,0.0,0.0,0.0,0.0,1.0,0.0
12,11,0.0,0.0,0.0,0.0,0.0,0.0,0.0,0.0,0.0,0.0,0.0,1.0,0.0
12,11,0.0,0.0,0.0,0.0,0.0,0.0,0.0,0.0,0.0,0.0,0.0,1.0,0.0
12,11,0.0,0.0,0.0,0.0,0.0,0.0,0.0,0.0,0.0,0.0,0.0,1.0,0.0
12,11,0.0,0.0,0.0,0.0,0.0,0.0,0.0,0.0,0.0,0.0,0.0,1.0,0.0
12,11,0.0,0.0,0.0,0.0,0.0,0.0,0.0,0.0,0.0,0.0,0.0,1.0,0.0
12,11,0.0,0.0,0.0,0.0,0.0,0.0,0.0,0.0,0.0,0.0,0.0,1.0,0.0
12,11,0.0,0.0,0.0,0.0,0.0,0.0,0.0,0.0,0.0,0.0,0.0,1.0,0.0
12,11,0.0,0.0,0.0,0.0,0.0,0.0,0.0,0.0,0.0,0.0,0.0,1.0,0.0
12,11,0.0,0.0,0.0,0.0,0.0,0.0,0.0,0.0,0.0,0.0,0.0,1.0,0.0
12,11,0.0,0.0,0.0,0.0,0.0,0.0,0.0,0.0,0.0,0.0,0.0,1.0,0.0
12,11,0.0,0.0,0.0,0.0,0.0,0.0,0.0,0.0,0.0,0.0,0.0,1.0,0.0
12,11,0.0,0.0,0.0,0.0,0.0,0.0,0.0,0.0,0.0,0.0,0.0,1.0,0.0
12,11,0.0,0.0,0.0,0.0,0.0,0.0,0.0,0.0,0.0,0.0,0.0,1.0,0.0
12,11,0.0,0.0,0.0,0.0,0.0,0.0,0.0,0.0,0.0,0.0,0.0,1.0,0.0
12,11,0.0,0.0,0.0,0.0,0.0,0.0,0.0,0.0,0.0,0.0,0.0,1.0,0.0
12,11,0.0,0.0,0.0,0.0,0.0,0.0,0.0,0.0,0.0,0.0,0.0,1.0,0.0
12,11,0.0,0.0,0.0,0.0,0.0,0.0,0.0,0.0,0.0,0.0,0.0,1.0,0.0
12,11,0.0,0.0,0.0,0.0,0.0,0.0,0.0,0.0,0.0,0.0,0.0,1.0,0.0
12,11,0.0,0.0,0.0,0.0,0.0,0.0,0.0,0.0,0.0,0.0,0.0,1.0,0.0
12,11,0.0,0.0,0.0,0.0,0.0,0.0,0.0,0.0,0.0,0.0,0.0,1.0,0.0
12,11,0.0,0.0,0.0,0.0,0.0,0.0,0.0,0.0,0.0,0.0,0.0,1.0,0.0
12,11,0.0,0.0,0.0,0.0,0.0,0.0,0.0,0.0,0.0,0.0,0.0,1.0,0.0
12,11,0.0,0.0,0.0,0.0,0.0,0.0,0.0,0.0,0.0,0.0,0.0,1.0,0.0
12,11,0.0,0.0,0.0,0.0,0.0,0.0,0.0,0.0,0.0,0.0,0.0,1.0,0.0
12,11,0.0,0.0,0.0,0.0,0.0,0.0,0.0,0.0,0.0,0.0,0.0,1.0,0.0
12,11,0.0,0.0,0.0,0.0,0.0,0.0,0.0,0.0,0.0,0.0,0.0,1.0,0.0
12,11,0.0,0.0,0.0,0.0,0.0,0.0,0.0,0.0,0.0,0.0,0.0,1.0,0.0
12,11,0.0,0.0,0.0,0.0,0.0,0.0,0.0,0.0,0.0,0.0,0.0,1.0,0.0
12,11,0.0,0.0,0.0,0.0,0.0,0.0,0.0,0.0,0.0,0.0,0.0,1.0,0.0
12,11,0.0,0.0,0.0,0.0,0.0,0.0,0.0,0.0,0.0,0.0,0.0,1.0,0.0
12,11,0.0,0.0,0.0,0.0,0.0,0.0,0.0,0.0,0.0,0.0,0.0,1.0,0.0
12,11,0.0,0.0,0.0,0.0,0.0,0.0,0.0,0.0,0.0,0.0,0.0,1.0,0.0
12,11,0.0,0.0,0.0,0.0,0.0,0.0,0.0,0.0,0.0,0.0,0.0,1.0,0.0
12,11,0.0,0.0,0.0,0.0,0.0,0.0,0.0,0.0,0.0,0.0,0.0,1.0,0.0
12,11,0.0,0.0,0.0,0.0,0.0,0.0,0.0,0.0,0.0,0.0,0.0,1.0,0.0
12,11,0.0,0.0,0.0,0.0,0.0,0.0,0.0,0.0,0.0,0.0,0.0,1.0,0.0
12,11,0.0,0.0,0.0,0.0,0.0,0.0,0.0,0.0,0.0,0.0,0.0,1.0,0.0
12,11,0.0,0.0,0.0,0.0,0.0,0.0,0.0,0.0,0.0,0.0,0.0,1.0,0.0
12,11,0.0,0.0,0.0,0.0,0.0,0.0,0.0,0.0,0.0,0.0,0.0,1.0,0.0
12,11,0.0,0.0,0.0,0.0,0.0,0.0,0.0,0.0,0.0,0.0,0.0,1.0,0.0
12,11,0.0,0.0,0.0,0.0,0.0,0.0,0.0,0.0,0.0,0.0,0.0,1.0,0.0
12,11,0.0,0.0,0.0,0.0,0.0,0.0,0.0,0.0,0.0,0.0,0.0,1.0,0.0
12,11,0.0,0.0,0.0,0.0,0.0,0.0,0.0,0.0,0.0,0.0,0.0,1.0,0.0
12,11,0.0,0.0,0.0,0.0,0.0,0.0,0.0,0.0,0.0,0.0,0.0,1.0,0.0
12,11,0.0,0.0,0.0,0.0,0.0,0.0,0.0,0.0,0.0,0.0,0.0,1.0,0.0
12,11,0.0,0.0,0.0,0.0,0.0,0.0,0.0,0.0,0.0,0.0,0.0,1.0,0.0
12,11,0.0,0.0,0.0,0.0,0.0,0.0,0.0,0.0,0.0,0.0,0.0,1.0,0.0
12,11,0.0,0.0,0.0,0.0,0.0,0.0,0.0,0.0,0.0,0.0,0.0,1.0,0.0
12,11,0.0,0.0,0.0,0.0,0.0,0.0,0.0,0.0,0.0,0.0,0.0,1.0,0.0
12,11,0.0,0.0,0.0,0.0,0.0,0.0,0.0,0.0,0.0,0.0,0.0,1.0,0.0
12,11,0.0,0.0,0.0,0.0,0.0,0.0,0.0,0.0,0.0,0.0,0.0,1.0,0.0
12,11,0.0,0.0,0.0,0.0,0.0,0.0,0.0,0.0,0.0,0.0,0.0,1.0,0.0
12,11,0.0,0.0,0.0,0.0,0.0,0.0,0.0,0.0,0.0,0.0,0.0,1.0,0.0
12,11,0.0,0.0,0.0,0.0,0.0,0.0,0.0,0.0,0.0,0.0,0.0,1.0,0.0
12,11,0.0,0.0,0.0,0.0,0.0,0.0,0.0,0.0,0.0,0.0,0.0,1.0,0.0
12,11,0.0,0.0,0.0,0.0,0.0,0.0,0.0,0.0,0.0,0.0,0.0,1.0,0.0
12,11,0.0,0.0,0.0,0.0,0.0,0.0,0.0,0.0,0.0,0.0,0.0,1.0,0.0
12,11,0.0,0.0,0.0,0.0,0.0,0.0,0.0,0.0,0.0,0.0,0.0,1.0,0.0
12,11,0.0,0.0,0.0,0.0,0.0,0.0,0.0,0.0,0.0,0.0,0.0,1.0,0.0
12,11,0.0,0.0,0.0,0.0,0.0,0.0,0.0,0.0,0.0,0.0,0.0,1.0,0.0
12,11,0.0,0.0,0.0,0.0,0.0,0.0,0.0,0.0,0.0,0.0,0.0,1.0,0.0
12,11,0.0,0.0,0.0,0.0,0.0,0.0,0.0,0.0,0.0,0.0,0.0,1.0,0.0
12,11,0.0,0.0,0.0,0.0,0.0,0.0,0.0,0.0,0.0,0.0,0.0,1.0,0.0
12,11,0.0,0.0,0.0,0.0,0.0,0.0,0.0,0.0,0.0,0.0,0.0,1.0,0.0
12,11,0.0,0.0,0.0,0.0,0.0,0.0,0.0,0.0,0.0,0.0,0.0,1.0,0.0
12,11,0.0,0.0,0.0,0.0,0.0,0.0,0.0,0.0,0.0,0.0,0.0,1.0,0.0
12,11,0.0,0.0,0.0,0.0,0.0,0.0,0.0,0.0,0.0,0.0,0.0,1.0,0.0
12,11,0.0,0.0,0.0,0.0,0.0,0.0,0.0,0.0,0.0,0.0,0.0,1.0,0.0
12,11,0.0,0.0,0.0,0.0,0.0,0.0,0.0,0.0,0.0,0.0,0.0,1.0,0.0
12,11,0.0,0.0,0.0,0.0,0.0,0.0,0.0,0.0,0.0,0.0,0.0,1.0,0.0
12,11,0.0,0.0,0.0,0.0,0.0,0.0,0.0,0.0,0.0,0.0,0.0,1.0,0.0
12,11,0.0,0.0,0.0,0.0,0.0,0.0,0.0,0.0,0.0,0.0,0.0,1.0,0.0
12,11,0.0,0.0,0.0,0.0,0.0,0.0,0.0,0.0,0.0,0.0,0.0,1.0,0.0
12,11,0.0,0.0,0.0,0.0,0.0,0.0,0.0,0.0,0.0,0.0,0.0,1.0,0.0
12,11,0.0,0.0,0.0,0.0,0.0,0.0,0.0,0.0,0.0,0.0,0.0,1.0,0.0
12,11,0.0,0.0,0.0,0.0,0.0,0.0,0.0,0.0,0.0,0.0,0.0,1.0,0.0
12,11,0.0,0.0,0.0,0.0,0.0,0.0,0.0,0.0,0.0,0.0,0.0,1.0,0.0
12,11,0.0,0.0,0.0,0.0,0.0,0.0,0.0,0.0,0.0,0.0,0.0,1.0,0.0
12,11,0.0,0.0,0.0,0.0,0.0,0.0,0.0,0.0,0.0,0.0,0.0,1.0,0.0
12,11,0.0,0.0,0.0,0.0,0.0,0.0,0.0,0.0,0.0,0.0,0.0,1.0,0.0
12,11,0.0,0.0,0.0,0.0,0.0,0.0,0.0,0.0,0.0,0.0,0.0,1.0,0.0
12,11,0.0,0.0,0.0,0.0,0.0,0.0,0.0,0.0,0.0,0.0,0.0,1.0,0.0
12,11,0.0,0.0,0.0,0.0,0.0,0.0,0.0,0.0,0.0,0.0,0.0,1.0,0.0
12,11,0.0,0.0,0.0,0.0,0.0,0.0,0.0,0.0,0.0,0.0,0.0,1.0,0.0
12,11,0.0,0.0,0.0,0.0,0.0,0.0,0.0,0.0,0.0,0.0,0.0,1.0,0.0
12,11,0.0,0.0,0.0,0.0,0.0,0.0,0.0,0.0,0.0,0.0,0.0,1.0,0.0
12,11,0.0,0.0,0.0,0.0,0.0,0.0,0.0,0.0,0.0,0.0,0.0,1.0,0.0
12,11,0.0,0.0,0.0,0.0,0.0,0.0,0.0,0.0,0.0,0.0,0.0,1.0,0.0
12,11,0.0,0.0,0.0,0.0,0.0,0.0,0.0,0.0,0.0,0.0,0.0,1.0,0.0
12,11,0.0,0.0,0.0,0.0,0.0,0.0,0.0,0.0,0.0,0.0,0.0,1.0,0.0
12,11,0.0,0.0,0.0,0.0,0.0,0.0,0.0,0.0,0.0,0.0,0.0,1.0,0.0
12,11,0.0,0.0,0.0,0.0,0.0,0.0,0.0,0.0,0.0,0.0,0.0,1.0,0.0
12,11,0.0,0.0,0.0,0.0,0.0,0.0,0.0,0.0,0.0,0.0,0.0,1.0,0.0
12,11,0.0,0.0,0.0,0.0,0.0,0.0,0.0,0.0,0.0,0.0,0.0,1.0,0.0
12,11,0.0,0.0,0.0,0.0,0.0,0.0,0.0,0.0,0.0,0.0,0.0,1.0,0.0
12,11,0.0,0.0,0.0,0.0,0.0,0.0,0.0,0.0,0.0,0.0,0.0,1.0,0.0
12,11,0.0,0.0,0.0,0.0,0.0,0.0,0.0,0.0,0.0,0.0,0.0,1.0,0.0
12,11,0.0,0.0,0.0,0.0,0.0,0.0,0.0,0.0,0.0,0.0,0.0,1.0,0.0
12,11,0.0,0.0,0.0,0.0,0.0,0.0,0.0,0.0,0.0,0.0,0.0,1.0,0.0
12,11,0.0,0.0,0.0,0.0,0.0,0.0,0.0,0.0,0.0,0.0,0.0,1.0,0.0
12,11,0.0,0.0,0.0,0.0,0.0,0.0,0.0,0.0,0.0,0.0,0.0,1.0,0.0
12,11,0.0,0.0,0.0,0.0,0.0,0.0,0.0,0.0,0.0,0.0,0.0,1.0,0.0
12,11,0.0,0.0,0.0,0.0,0.0,0.0,0.0,0.0,0.0,0.0,0.0,1.0,0.0
12,11,0.0,0.0,0.0,0.0,0.0,0.0,0.0,0.0,0.0,0.0,0.0,1.0,0.0
12,11,0.0,0.0,0.0,0.0,0.0,0.0,0.0,0.0,0.0,0.0,0.0,1.0,0.0
12,11,0.0,0.0,0.0,0.0,0.0,0.0,0.0,0.0,0.0,0.0,0.0,1.0,0.0
12,11,0.0,0.0,0.0,0.0,0.0,0.0,0.0,0.0,0.0,0.0,0.0,1.0,0.0
12,11,0.0,0.0,0.0,0.0,0.0,0.0,0.0,0.0,0.0,0.0,0.0,1.0,0.0
12,11,0.0,0.0,0.0,0.0,0.0,0.0,0.0,0.0,0.0,0.0,0.0,1.0,0.0
12,11,0.0,0.0,0.0,0.0,0.0,0.0,0.0,0.0,0.0,0.0,0.0,1.0,0.0
12,11,0.0,0.0,0.0,0.0,0.0,0.0,0.0,0.0,0.0,0.0,0.0,1.0,0.0
12,11,0.0,0.0,0.0,0.0,0.0,0.0,0.0,0.0,0.0,0.0,0.0,1.0,0.0
12,11,0.0,0.0,0.0,0.0,0.0,0.0,0.0,0.0,0.0,0.0,0.0,1.0,0.0
12,11,0.0,0.0,0.0,0.0,0.0,0.0,0.0,0.0,0.0,0.0,0.0,1.0,0.0
12,11,0.0,0.0,0.0,0.0,0.0,0.0,0.0,0.0,0.0,0.0,0.0,1.0,0.0
12,11,0.0,0.0,0.0,0.0,0.0,0.0,0.0,0.0,0.0,0.0,0.0,1.0,0.0
12,11,0.0,0.0,0.0,0.0,0.0,0.0,0.0,0.0,0.0,0.0,0.0,1.0,0.0
12,11,0.0,0.0,0.0,0.0,0.0,0.0,0.0,0.0,0.0,0.0,0.0,1.0,0.0
12,11,0.0,0.0,0.0,0.0,0.0,0.0,0.0,0.0,0.0,0.0,0.0,1.0,0.0
12,11,0.0,0.0,0.0,0.0,0.0,0.0,0.0,0.0,0.0,0.0,0.0,1.0,0.0
12,11,0.0,0.0,0.0,0.0,0.0,0.0,0.0,0.0,0.0,0.0,0.0,1.0,0.0
12,11,0.0,0.0,0.0,0.0,0.0,0.0,0.0,0.0,0.0,0.0,0.0,1.0,0.0
12,11,0.0,0.0,0.0,0.0,0.0,0.0,0.0,0.0,0.0,0.0,0.0,1.0,0.0
12,11,0.0,0.0,0.0,0.0,0.0,0.0,0.0,0.0,0.0,0.0,0.0,1.0,0.0
12,11,0.0,0.0,0.0,0.0,0.0,0.0,0.0,0.0,0.0,0.0,0.0,1.0,0.0
12,11,0.0,0.0,0.0,0.0,0.0,0.0,0.0,0.0,0.0,0.0,0.0,1.0,0.0
12,11,0.0,0.0,0.0,0.0,0.0,0.0,0.0,0.0,0.0,0.0,0.0,1.0,0.0
12,11,0.0,0.0,0.0,0.0,0.0,0.0,0.0,0.0,0.0,0.0,0.0,1.0,0.0
12,11,0.0,0.0,0.0,0.0,0.0,0.0,0.0,0.0,0.0,0.0,0.0,1.0,0.0
12,11,0.0,0.0,0.0,0.0,0.0,0.0,0.0,0.0,0.0,0.0,0.0,1.0,0.0
12,11,0.0,0.0,0.0,0.0,0.0,0.0,0.0,0.0,0.0,0.0,0.0,1.0,0.0
12,11,0.0,0.0,0.0,0.0,0.0,0.0,0.0,0.0,0.0,0.0,0.0,1.0,0.0
12,11,0.0,0.0,0.0,0.0,0.0,0.0,0.0,0.0,0.0,0.0,0.0,1.0,0.0
12,11,0.0,0.0,0.0,0.0,0.0,0.0,0.0,0.0,0.0,0.0,0.0,1.0,0.0
12,11,0.0,0.0,0.0,0.0,0.0,0.0,0.0,0.0,0.0,0.0,0.0,1.0,0.0
12,11,0.0,0.0,0.0,0.0,0.0,0.0,0.0,0.0,0.0,0.0,0.0,1.0,0.0
12,11,0.0,0.0,0.0,0.0,0.0,0.0,0.0,0.0,0.0,0.0,0.0,1.0,0.0
12,11,0.0,0.0,0.0,0.0,0.0,0.0,0.0,0.0,0.0,0.0,0.0,1.0,0.0
12,11,0.0,0.0,0.0,0.0,0.0,0.0,0.0,0.0,0.0,0.0,0.0,1.0,0.0
12,11,0.0,0.0,0.0,0.0,0.0,0.0,0.0,0.0,0.0,0.0,0.0,1.0,0.0
12,11,0.0,0.0,0.0,0.0,0.0,0.0,0.0,0.0,0.0,0.0,0.0,1.0,0.0
12,11,0.0,0.0,0.0,0.0,0.0,0.0,0.0,0.0,0.0,0.0,0.0,1.0,0.0
12,11,0.0,0.0,0.0,0.0,0.0,0.0,0.0,0.0,0.0,0.0,0.0,1.0,0.0
12,11,0.0,0.0,0.0,0.0,0.0,0.0,0.0,0.0,0.0,0.0,0.0,1.0,0.0
12,11,0.0,0.0,0.0,0.0,0.0,0.0,0.0,0.0,0.0,0.0,0.0,1.0,0.0
12,11,0.0,0.0,0.0,0.0,0.0,0.0,0.0,0.0,0.0,0.0,0.0,1.0,0.0
12,11,0.0,0.0,0.0,0.0,0.0,0.0,0.0,0.0,0.0,0.0,0.0,1.0,0.0
12,11,0.0,0.0,0.0,0.0,0.0,0.0,0.0,0.0,0.0,0.0,0.0,1.0,0.0
12,11,0.0,0.0,0.0,0.0,0.0,0.0,0.0,0.0,0.0,0.0,0.0,1.0,0.0
12,11,0.0,0.0,0.0,0.0,0.0,0.0,0.0,0.0,0.0,0.0,0.0,1.0,0.0
12,11,0.0,0.0,0.0,0.0,0.0,0.0,0.0,0.0,0.0,0.0,0.0,1.0,0.0
12,11,0.0,0.0,0.0,0.0,0.0,0.0,0.0,0.0,0.0,0.0,0.0,1.0,0.0
12,11,0.0,0.0,0.0,0.0,0.0,0.0,0.0,0.0,0.0,0.0,0.0,1.0,0.0
12,11,0.0,0.0,0.0,0.0,0.0,0.0,0.0,0.0,0.0,0.0,0.0,1.0,0.0
12,11,0.0,0.0,0.0,0.0,0.0,0.0,0.0,0.0,0.0,0.0,0.0,1.0,0.0
12,11,0.0,0.0,0.0,0.0,0.0,0.0,0.0,0.0,0.0,0.0,0.0,1.0,0.0
12,11,0.0,0.0,0.0,0.0,0.0,0.0,0.0,0.0,0.0,0.0,0.0,1.0,0.0
12,11,0.0,0.0,0.0,0.0,0.0,0.0,0.0,0.0,0.0,0.0,0.0,1.0,0.0
12,11,0.0,0.0,0.0,0.0,0.0,0.0,0.0,0.0,0.0,0.0,0.0,1.0,0.0
12,11,0.0,0.0,0.0,0.0,0.0,0.0,0.0,0.0,0.0,0.0,0.0,1.0,0.0
12,11,0.0,0.0,0.0,0.0,0.0,0.0,0.0,0.0,0.0,0.0,0.0,1.0,0.0
12,11,0.0,0.0,0.0,0.0,0.0,0.0,0.0,0.0,0.0,0.0,0.0,1.0,0.0
12,11,0.0,0.0,0.0,0.0,0.0,0.0,0.0,0.0,0.0,0.0,0.0,1.0,0.0
12,11,0.0,0.0,0.0,0.0,0.0,0.0,0.0,0.0,0.0,0.0,0.0,1.0,0.0
12,11,0.0,0.0,0.0,0.0,0.0,0.0,0.0,0.0,0.0,0.0,0.0,1.0,0.0
12,11,0.0,0.0,0.0,0.0,0.0,0.0,0.0,0.0,0.0,0.0,0.0,1.0,0.0
12,11,0.0,0.0,0.0,0.0,0.0,0.0,0.0,0.0,0.0,0.0,0.0,1.0,0.0
12,11,0.0,0.0,0.0,0.0,0.0,0.0,0.0,0.0,0.0,0.0,0.0,1.0,0.0
12,11,0.0,0.0,0.0,0.0,0.0,0.0,0.0,0.0,0.0,0.0,0.0,1.0,0.0
12,11,0.0,0.0,0.0,0.0,0.0,0.0,0.0,0.0,0.0,0.0,0.0,1.0,0.0
12,11,0.0,0.0,0.0,0.0,0.0,0.0,0.0,0.0,0.0,0.0,0.0,1.0,0.0
12,11,0.0,0.0,0.0,0.0,0.0,0.0,0.0,0.0,0.0,0.0,0.0,1.0,0.0
12,11,0.0,0.0,0.0,0.0,0.0,0.0,0.0,0.0,0.0,0.0,0.0,1.0,0.0
12,11,0.0,0.0,0.0,0.0,0.0,0.0,0.0,0.0,0.0,0.0,0.0,1.0,0.0
12,11,0.0,0.0,0.0,0.0,0.0,0.0,0.0,0.0,0.0,0.0,0.0,1.0,0.0
12,11,0.0,0.0,0.0,0.0,0.0,0.0,0.0,0.0,0.0,0.0,0.0,1.0,0.0
12,11,0.0,0.0,0.0,0.0,0.0,0.0,0.0,0.0,0.0,0.0,0.0,1.0,0.0
12,11,0.0,0.0,0.0,0.0,0.0,0.0,0.0,0.0,0.0,0.0,0.0,1.0,0.0
12,11,0.0,0.0,0.0,0.0,0.0,0.0,0.0,0.0,0.0,0.0,0.0,1.0,0.0
12,11,0.0,0.0,0.0,0.0,0.0,0.0,0.0,0.0,0.0,0.0,0.0,1.0,0.0
12,11,0.0,0.0,0.0,0.0,0.0,0.0,0.0,0.0,0.0,0.0,0.0,1.0,0.0
12,11,0.0,0.0,0.0,0.0,0.0,0.0,0.0,0.0,0.0,0.0,0.0,1.0,0.0
12,11,0.0,0.0,0.0,0.0,0.0,0.0,0.0,0.0,0.0,0.0,0.0,1.0,0.0
12,11,0.0,0.0,0.0,0.0,0.0,0.0,0.0,0.0,0.0,0.0,0.0,1.0,0.0
12,11,0.0,0.0,0.0,0.0,0.0,0.0,0.0,0.0,0.0,0.0,0.0,1.0,0.0
12,11,0.0,0.0,0.0,0.0,0.0,0.0,0.0,0.0,0.0,0.0,0.0,1.0,0.0
12,11,0.0,0.0,0.0,0.0,0.0,0.0,0.0,0.0,0.0,0.0,0.0,1.0,0.0
12,11,0.0,0.0,0.0,0.0,0.0,0.0,0.0,0.0,0.0,0.0,0.0,1.0,0.0
12,11,0.0,0.0,0.0,0.0,0.0,0.0,0.0,0.0,0.0,0.0,0.0,1.0,0.0
12,11,0.0,0.0,0.0,0.0,0.0,0.0,0.0,0.0,0.0,0.0,0.0,1.0,0.0
12,11,0.0,0.0,0.0,0.0,0.0,0.0,0.0,0.0,0.0,0.0,0.0,1.0,0.0
12,11,0.0,0.0,0.0,0.0,0.0,0.0,0.0,0.0,0.0,0.0,0.0,1.0,0.0
12,11,0.0,0.0,0.0,0.0,0.0,0.0,0.0,0.0,0.0,0.0,0.0,1.0,0.0
12,11,0.0,0.0,0.0,0.0,0.0,0.0,0.0,0.0,0.0,0.0,0.0,1.0,0.0
12,11,0.0,0.0,0.0,0.0,0.0,0.0,0.0,0.0,0.0,0.0,0.0,1.0,0.0
12,11,0.0,0.0,0.0,0.0,0.0,0.0,0.0,0.0,0.0,0.0,0.0,1.0,0.0
12,11,0.0,0.0,0.0,0.0,0.0,0.0,0.0,0.0,0.0,0.0,0.0,1.0,0.0
12,11,0.0,0.0,0.0,0.0,0.0,0.0,0.0,0.0,0.0,0.0,0.0,1.0,0.0
12,11,0.0,0.0,0.0,0.0,0.0,0.0,0.0,0.0,0.0,0.0,0.0,1.0,0.0
12,11,0.0,0.0,0.0,0.0,0.0,0.0,0.0,0.0,0.0,0.0,0.0,1.0,0.0
12,11,0.0,0.0,0.0,0.0,0.0,0.0,0.0,0.0,0.0,0.0,0.0,1.0,0.0
12,11,0.0,0.0,0.0,0.0,0.0,0.0,0.0,0.0,0.0,0.0,0.0,1.0,0.0
12,11,0.0,0.0,0.0,0.0,0.0,0.0,0.0,0.0,0.0,0.0,0.0,1.0,0.0
12,11,0.0,0.0,0.0,0.0,0.0,0.0,0.0,0.0,0.0,0.0,0.0,1.0,0.0
12,11,0.0,0.0,0.0,0.0,0.0,0.0,0.0,0.0,0.0,0.0,0.0,1.0,0.0
12,11,0.0,0.0,0.0,0.0,0.0,0.0,0.0,0.0,0.0,0.0,0.0,1.0,0.0
12,11,0.0,0.0,0.0,0.0,0.0,0.0,0.0,0.0,0.0,0.0,0.0,1.0,0.0
12,11,0.0,0.0,0.0,0.0,0.0,0.0,0.0,0.0,0.0,0.0,0.0,1.0,0.0
12,11,0.0,0.0,0.0,0.0,0.0,0.0,0.0,0.0,0.0,0.0,0.0,1.0,0.0
12,11,0.0,0.0,0.0,0.0,0.0,0.0,0.0,0.0,0.0,0.0,0.0,1.0,0.0
12,11,0.0,0.0,0.0,0.0,0.0,0.0,0.0,0.0,0.0,0.0,0.0,1.0,0.0
12,11,0.0,0.0,0.0,0.0,0.0,0.0,0.0,0.0,0.0,0.0,0.0,1.0,0.0
12,11,0.0,0.0,0.0,0.0,0.0,0.0,0.0,0.0,0.0,0.0,0.0,1.0,0.0
12,11,0.0,0.0,0.0,0.0,0.0,0.0,0.0,0.0,0.0,0.0,0.0,1.0,0.0
12,11,0.0,0.0,0.0,0.0,0.0,0.0,0.0,0.0,0.0,0.0,0.0,1.0,0.0
12,11,0.0,0.0,0.0,0.0,0.0,0.0,0.0,0.0,0.0,0.0,0.0,1.0,0.0
12,11,0.0,0.0,0.0,0.0,0.0,0.0,0.0,0.0,0.0,0.0,0.0,1.0,0.0
12,11,0.0,0.0,0.0,0.0,0.0,0.0,0.0,0.0,0.0,0.0,0.0,1.0,0.0
12,11,0.0,0.0,0.0,0.0,0.0,0.0,0.0,0.0,0.0,0.0,0.0,1.0,0.0
12,11,0.0,0.0,0.0,0.0,0.0,0.0,0.0,0.0,0.0,0.0,0.0,1.0,0.0
12,11,0.0,0.0,0.0,0.0,0.0,0.0,0.0,0.0,0.0,0.0,0.0,1.0,0.0
12,11,0.0,0.0,0.0,0.0,0.0,0.0,0.0,0.0,0.0,0.0,0.0,1.0,0.0
12,11,0.0,0.0,0.0,0.0,0.0,0.0,0.0,0.0,0.0,0.0,0.0,1.0,0.0
12,11,0.0,0.0,0.0,0.0,0.0,0.0,0.0,0.0,0.0,0.0,0.0,1.0,0.0
12,11,0.0,0.0,0.0,0.0,0.0,0.0,0.0,0.0,0.0,0.0,0.0,1.0,0.0
12,11,0.0,0.0,0.0,0.0,0.0,0.0,0.0,0.0,0.0,0.0,0.0,1.0,0.0
12,11,0.0,0.0,0.0,0.0,0.0,0.0,0.0,0.0,0.0,0.0,0.0,1.0,0.0
12,11,0.0,0.0,0.0,0.0,0.0,0.0,0.0,0.0,0.0,0.0,0.0,1.0,0.0
12,11,0.0,0.0,0.0,0.0,0.0,0.0,0.0,0.0,0.0,0.0,0.0,1.0,0.0
12,11,0.0,0.0,0.0,0.0,0.0,0.0,0.0,0.0,0.0,0.0,0.0,1.0,0.0
12,11,0.0,0.0,0.0,0.0,0.0,0.0,0.0,0.0,0.0,0.0,0.0,1.0,0.0
12,11,0.0,0.0,0.0,0.0,0.0,0.0,0.0,0.0,0.0,0.0,0.0,1.0,0.0
12,11,0.0,0.0,0.0,0.0,0.0,0.0,0.0,0.0,0.0,0.0,0.0,1.0,0.0
12,11,0.0,0.0,0.0,0.0,0.0,0.0,0.0,0.0,0.0,0.0,0.0,1.0,0.0
12,11,0.0,0.0,0.0,0.0,0.0,0.0,0.0,0.0,0.0,0.0,0.0,1.0,0.0
12,11,0.0,0.0,0.0,0.0,0.0,0.0,0.0,0.0,0.0,0.0,0.0,1.0,0.0
12,11,0.0,0.0,0.0,0.0,0.0,0.0,0.0,0.0,0.0,0.0,0.0,1.0,0.0
12,11,0.0,0.0,0.0,0.0,0.0,0.0,0.0,0.0,0.0,0.0,0.0,1.0,0.0
12,11,0.0,0.0,0.0,0.0,0.0,0.0,0.0,0.0,0.0,0.0,0.0,1.0,0.0
12,11,0.0,0.0,0.0,0.0,0.0,0.0,0.0,0.0,0.0,0.0,0.0,1.0,0.0
12,11,0.0,0.0,0.0,0.0,0.0,0.0,0.0,0.0,0.0,0.0,0.0,1.0,0.0
12,11,0.0,0.0,0.0,0.0,0.0,0.0,0.0,0.0,0.0,0.0,0.0,1.0,0.0
12,11,0.0,0.0,0.0,0.0,0.0,0.0,0.0,0.0,0.0,0.0,0.0,1.0,0.0
12,11,0.0,0.0,0.0,0.0,0.0,0.0,0.0,0.0,0.0,0.0,0.0,1.0,0.0
12,11,0.0,0.0,0.0,0.0,0.0,0.0,0.0,0.0,0.0,0.0,0.0,1.0,0.0
12,11,0.0,0.0,0.0,0.0,0.0,0.0,0.0,0.0,0.0,0.0,0.0,1.0,0.0
12,11,0.0,0.0,0.0,0.0,0.0,0.0,0.0,0.0,0.0,0.0,0.0,1.0,0.0
12,11,0.0,0.0,0.0,0.0,0.0,0.0,0.0,0.0,0.0,0.0,0.0,1.0,0.0
12,11,0.0,0.0,0.0,0.0,0.0,0.0,0.0,0.0,0.0,0.0,0.0,1.0,0.0
12,11,0.0,0.0,0.0,0.0,0.0,0.0,0.0,0.0,0.0,0.0,0.0,1.0,0.0
12,11,0.0,0.0,0.0,0.0,0.0,0.0,0.0,0.0,0.0,0.0,0.0,1.0,0.0
12,11,0.0,0.0,0.0,0.0,0.0,0.0,0.0,0.0,0.0,0.0,0.0,1.0,0.0
12,11,0.0,0.0,0.0,0.0,0.0,0.0,0.0,0.0,0.0,0.0,0.0,1.0,0.0
12,11,0.0,0.0,0.0,0.0,0.0,0.0,0.0,0.0,0.0,0.0,0.0,1.0,0.0
12,11,0.0,0.0,0.0,0.0,0.0,0.0,0.0,0.0,0.0,0.0,0.0,1.0,0.0
12,11,0.0,0.0,0.0,0.0,0.0,0.0,0.0,0.0,0.0,0.0,0.0,1.0,0.0
12,11,0.0,0.0,0.0,0.0,0.0,0.0,0.0,0.0,0.0,0.0,0.0,1.0,0.0
12,11,0.0,0.0,0.0,0.0,0.0,0.0,0.0,0.0,0.0,0.0,0.0,1.0,0.0
12,11,0.0,0.0,0.0,0.0,0.0,0.0,0.0,0.0,0.0,0.0,0.0,1.0,0.0
12,11,0.0,0.0,0.0,0.0,0.0,0.0,0.0,0.0,0.0,0.0,0.0,1.0,0.0
12,11,0.0,0.0,0.0,0.0,0.0,0.0,0.0,0.0,0.0,0.0,0.0,1.0,0.0
12,11,0.0,0.0,0.0,0.0,0.0,0.0,0.0,0.0,0.0,0.0,0.0,1.0,0.0
12,11,0.0,0.0,0.0,0.0,0.0,0.0,0.0,0.0,0.0,0.0,0.0,1.0,0.0
12,11,0.0,0.0,0.0,0.0,0.0,0.0,0.0,0.0,0.0,0.0,0.0,1.0,0.0
12,11,0.0,0.0,0.0,0.0,0.0,0.0,0.0,0.0,0.0,0.0,0.0,1.0,0.0
12,11,0.0,0.0,0.0,0.0,0.0,0.0,0.0,0.0,0.0,0.0,0.0,1.0,0.0
12,11,0.0,0.0,0.0,0.0,0.0,0.0,0.0,0.0,0.0,0.0,0.0,1.0,0.0
12,11,0.0,0.0,0.0,0.0,0.0,0.0,0.0,0.0,0.0,0.0,0.0,1.0,0.0
12,11,0.0,0.0,0.0,0.0,0.0,0.0,0.0,0.0,0.0,0.0,0.0,1.0,0.0
12,11,0.0,0.0,0.0,0.0,0.0,0.0,0.0,0.0,0.0,0.0,0.0,1.0,0.0
12,11,0.0,0.0,0.0,0.0,0.0,0.0,0.0,0.0,0.0,0.0,0.0,1.0,0.0
12,11,0.0,0.0,0.0,0.0,0.0,0.0,0.0,0.0,0.0,0.0,0.0,1.0,0.0
12,11,0.0,0.0,0.0,0.0,0.0,0.0,0.0,0.0,0.0,0.0,0.0,1.0,0.0
12,11,0.0,0.0,0.0,0.0,0.0,0.0,0.0,0.0,0.0,0.0,0.0,1.0,0.0
12,11,0.0,0.0,0.0,0.0,0.0,0.0,0.0,0.0,0.0,0.0,0.0,1.0,0.0
12,11,0.0,0.0,0.0,0.0,0.0,0.0,0.0,0.0,0.0,0.0,0.0,1.0,0.0
12,11,0.0,0.0,0.0,0.0,0.0,0.0,0.0,0.0,0.0,0.0,0.0,1.0,0.0
12,11,0.0,0.0,0.0,0.0,0.0,0.0,0.0,0.0,0.0,0.0,0.0,1.0,0.0
12,11,0.0,0.0,0.0,0.0,0.0,0.0,0.0,0.0,0.0,0.0,0.0,1.0,0.0
12,11,0.0,0.0,0.0,0.0,0.0,0.0,0.0,0.0,0.0,0.0,0.0,1.0,0.0
12,11,0.0,0.0,0.0,0.0,0.0,0.0,0.0,0.0,0.0,0.0,0.0,1.0,0.0
12,11,0.0,0.0,0.0,0.0,0.0,0.0,0.0,0.0,0.0,0.0,0.0,1.0,0.0
12,11,0.0,0.0,0.0,0.0,0.0,0.0,0.0,0.0,0.0,0.0,0.0,1.0,0.0
12,11,0.0,0.0,0.0,0.0,0.0,0.0,0.0,0.0,0.0,0.0,0.0,1.0,0.0
12,11,0.0,0.0,0.0,0.0,0.0,0.0,0.0,0.0,0.0,0.0,0.0,1.0,0.0
12,11,0.0,0.0,0.0,0.0,0.0,0.0,0.0,0.0,0.0,0.0,0.0,1.0,0.0
12,11,0.0,0.0,0.0,0.0,0.0,0.0,0.0,0.0,0.0,0.0,0.0,1.0,0.0
12,11,0.0,0.0,0.0,0.0,0.0,0.0,0.0,0.0,0.0,0.0,0.0,1.0,0.0
12,11,0.0,0.0,0.0,0.0,0.0,0.0,0.0,0.0,0.0,0.0,0.0,1.0,0.0
12,11,0.0,0.0,0.0,0.0,0.0,0.0,0.0,0.0,0.0,0.0,0.0,1.0,0.0
12,11,0.0,0.0,0.0,0.0,0.0,0.0,0.0,0.0,0.0,0.0,0.0,1.0,0.0
12,11,0.0,0.0,0.0,0.0,0.0,0.0,0.0,0.0,0.0,0.0,0.0,1.0,0.0
12,11,0.0,0.0,0.0,0.0,0.0,0.0,0.0,0.0,0.0,0.0,0.0,1.0,0.0
12,11,0.0,0.0,0.0,0.0,0.0,0.0,0.0,0.0,0.0,0.0,0.0,1.0,0.0
12,11,0.0,0.0,0.0,0.0,0.0,0.0,0.0,0.0,0.0,0.0,0.0,1.0,0.0
12,11,0.0,0.0,0.0,0.0,0.0,0.0,0.0,0.0,0.0,0.0,0.0,1.0,0.0
12,11,0.0,0.0,0.0,0.0,0.0,0.0,0.0,0.0,0.0,0.0,0.0,1.0,0.0
12,11,0.0,0.0,0.0,0.0,0.0,0.0,0.0,0.0,0.0,0.0,0.0,1.0,0.0
12,11,0.0,0.0,0.0,0.0,0.0,0.0,0.0,0.0,0.0,0.0,0.0,1.0,0.0
12,11,0.0,0.0,0.0,0.0,0.0,0.0,0.0,0.0,0.0,0.0,0.0,1.0,0.0
12,11,0.0,0.0,0.0,0.0,0.0,0.0,0.0,0.0,0.0,0.0,0.0,1.0,0.0
12,11,0.0,0.0,0.0,0.0,0.0,0.0,0.0,0.0,0.0,0.0,0.0,1.0,0.0
12,11,0.0,0.0,0.0,0.0,0.0,0.0,0.0,0.0,0.0,0.0,0.0,1.0,0.0
12,11,0.0,0.0,0.0,0.0,0.0,0.0,0.0,0.0,0.0,0.0,0.0,1.0,0.0
12,11,0.0,0.0,0.0,0.0,0.0,0.0,0.0,0.0,0.0,0.0,0.0,1.0,0.0
12,11,0.0,0.0,0.0,0.0,0.0,0.0,0.0,0.0,0.0,0.0,0.0,1.0,0.0
12,11,0.0,0.0,0.0,0.0,0.0,0.0,0.0,0.0,0.0,0.0,0.0,1.0,0.0
12,11,0.0,0.0,0.0,0.0,0.0,0.0,0.0,0.0,0.0,0.0,0.0,1.0,0.0
12,11,0.0,0.0,0.0,0.0,0.0,0.0,0.0,0.0,0.0,0.0,0.0,1.0,0.0
12,11,0.0,0.0,0.0,0.0,0.0,0.0,0.0,0.0,0.0,0.0,0.0,1.0,0.0
12,11,0.0,0.0,0.0,0.0,0.0,0.0,0.0,0.0,0.0,0.0,0.0,1.0,0.0
12,11,0.0,0.0,0.0,0.0,0.0,0.0,0.0,0.0,0.0,0.0,0.0,1.0,0.0
12,11,0.0,0.0,0.0,0.0,0.0,0.0,0.0,0.0,0.0,0.0,0.0,1.0,0.0
12,11,0.0,0.0,0.0,0.0,0.0,0.0,0.0,0.0,0.0,0.0,0.0,1.0,0.0
12,11,0.0,0.0,0.0,0.0,0.0,0.0,0.0,0.0,0.0,0.0,0.0,1.0,0.0
12,11,0.0,0.0,0.0,0.0,0.0,0.0,0.0,0.0,0.0,0.0,0.0,1.0,0.0
12,11,0.0,0.0,0.0,0.0,0.0,0.0,0.0,0.0,0.0,0.0,0.0,1.0,0.0
12,11,0.0,0.0,0.0,0.0,0.0,0.0,0.0,0.0,0.0,0.0,0.0,1.0,0.0
12,11,0.0,0.0,0.0,0.0,0.0,0.0,0.0,0.0,0.0,0.0,0.0,1.0,0.0
12,11,0.0,0.0,0.0,0.0,0.0,0.0,0.0,0.0,0.0,0.0,0.0,1.0,0.0
12,11,0.0,0.0,0.0,0.0,0.0,0.0,0.0,0.0,0.0,0.0,0.0,1.0,0.0
12,11,0.0,0.0,0.0,0.0,0.0,0.0,0.0,0.0,0.0,0.0,0.0,1.0,0.0
12,11,0.0,0.0,0.0,0.0,0.0,0.0,0.0,0.0,0.0,0.0,0.0,1.0,0.0
12,11,0.0,0.0,0.0,0.0,0.0,0.0,0.0,0.0,0.0,0.0,0.0,1.0,0.0
12,11,0.0,0.0,0.0,0.0,0.0,0.0,0.0,0.0,0.0,0.0,0.0,1.0,0.0
12,11,0.0,0.0,0.0,0.0,0.0,0.0,0.0,0.0,0.0,0.0,0.0,1.0,0.0
12,11,0.0,0.0,0.0,0.0,0.0,0.0,0.0,0.0,0.0,0.0,0.0,1.0,0.0
12,11,0.0,0.0,0.0,0.0,0.0,0.0,0.0,0.0,0.0,0.0,0.0,1.0,0.0
12,11,0.0,0.0,0.0,0.0,0.0,0.0,0.0,0.0,0.0,0.0,0.0,1.0,0.0
12,11,0.0,0.0,0.0,0.0,0.0,0.0,0.0,0.0,0.0,0.0,0.0,1.0,0.0
12,11,0.0,0.0,0.0,0.0,0.0,0.0,0.0,0.0,0.0,0.0,0.0,1.0,0.0
12,11,0.0,0.0,0.0,0.0,0.0,0.0,0.0,0.0,0.0,0.0,0.0,1.0,0.0
12,11,0.0,0.0,0.0,0.0,0.0,0.0,0.0,0.0,0.0,0.0,0.0,1.0,0.0
12,11,0.0,0.0,0.0,0.0,0.0,0.0,0.0,0.0,0.0,0.0,0.0,1.0,0.0
12,11,0.0,0.0,0.0,0.0,0.0,0.0,0.0,0.0,0.0,0.0,0.0,1.0,0.0
12,11,0.0,0.0,0.0,0.0,0.0,0.0,0.0,0.0,0.0,0.0,0.0,1.0,0.0
12,11,0.0,0.0,0.0,0.0,0.0,0.0,0.0,0.0,0.0,0.0,0.0,1.0,0.0
12,11,0.0,0.0,0.0,0.0,0.0,0.0,0.0,0.0,0.0,0.0,0.0,1.0,0.0
12,11,0.0,0.0,0.0,0.0,0.0,0.0,0.0,0.0,0.0,0.0,0.0,1.0,0.0
12,11,0.0,0.0,0.0,0.0,0.0,0.0,0.0,0.0,0.0,0.0,0.0,1.0,0.0
12,11,0.0,0.0,0.0,0.0,0.0,0.0,0.0,0.0,0.0,0.0,0.0,1.0,0.0
12,11,0.0,0.0,0.0,0.0,0.0,0.0,0.0,0.0,0.0,0.0,0.0,1.0,0.0
12,11,0.0,0.0,0.0,0.0,0.0,0.0,0.0,0.0,0.0,0.0,0.0,1.0,0.0
12,11,0.0,0.0,0.0,0.0,0.0,0.0,0.0,0.0,0.0,0.0,0.0,1.0,0.0
12,11,0.0,0.0,0.0,0.0,0.0,0.0,0.0,0.0,0.0,0.0,0.0,1.0,0.0
12,11,0.0,0.0,0.0,0.0,0.0,0.0,0.0,0.0,0.0,0.0,0.0,1.0,0.0
12,11,0.0,0.0,0.0,0.0,0.0,0.0,0.0,0.0,0.0,0.0,0.0,1.0,0.0
12,11,0.0,0.0,0.0,0.0,0.0,0.0,0.0,0.0,0.0,0.0,0.0,1.0,0.0
12,11,0.0,0.0,0.0,0.0,0.0,0.0,0.0,0.0,0.0,0.0,0.0,1.0,0.0
12,11,0.0,0.0,0.0,0.0,0.0,0.0,0.0,0.0,0.0,0.0,0.0,1.0,0.0
12,11,0.0,0.0,0.0,0.0,0.0,0.0,0.0,0.0,0.0,0.0,0.0,1.0,0.0
12,11,0.0,0.0,0.0,0.0,0.0,0.0,0.0,0.0,0.0,0.0,0.0,1.0,0.0
12,11,0.0,0.0,0.0,0.0,0.0,0.0,0.0,0.0,0.0,0.0,0.0,1.0,0.0
12,11,0.0,0.0,0.0,0.0,0.0,0.0,0.0,0.0,0.0,0.0,0.0,1.0,0.0
12,11,0.0,0.0,0.0,0.0,0.0,0.0,0.0,0.0,0.0,0.0,0.0,1.0,0.0
12,11,0.0,0.0,0.0,0.0,0.0,0.0,0.0,0.0,0.0,0.0,0.0,1.0,0.0
12,11,0.0,0.0,0.0,0.0,0.0,0.0,0.0,0.0,0.0,0.0,0.0,1.0,0.0
12,11,0.0,0.0,0.0,0.0,0.0,0.0,0.0,0.0,0.0,0.0,0.0,1.0,0.0
12,11,0.0,0.0,0.0,0.0,0.0,0.0,0.0,0.0,0.0,0.0,0.0,1.0,0.0
12,11,0.0,0.0,0.0,0.0,0.0,0.0,0.0,0.0,0.0,0.0,0.0,1.0,0.0
12,11,0.0,0.0,0.0,0.0,0.0,0.0,0.0,0.0,0.0,0.0,0.0,1.0,0.0
12,11,0.0,0.0,0.0,0.0,0.0,0.0,0.0,0.0,0.0,0.0,0.0,1.0,0.0
12,11,0.0,0.0,0.0,0.0,0.0,0.0,0.0,0.0,0.0,0.0,0.0,1.0,0.0
12,11,0.0,0.0,0.0,0.0,0.0,0.0,0.0,0.0,0.0,0.0,0.0,1.0,0.0
12,11,0.0,0.0,0.0,0.0,0.0,0.0,0.0,0.0,0.0,0.0,0.0,1.0,0.0
12,11,0.0,0.0,0.0,0.0,0.0,0.0,0.0,0.0,0.0,0.0,0.0,1.0,0.0
12,11,0.0,0.0,0.0,0.0,0.0,0.0,0.0,0.0,0.0,0.0,0.0,1.0,0.0
12,11,0.0,0.0,0.0,0.0,0.0,0.0,0.0,0.0,0.0,0.0,0.0,1.0,0.0
12,11,0.0,0.0,0.0,0.0,0.0,0.0,0.0,0.0,0.0,0.0,0.0,1.0,0.0
12,11,0.0,0.0,0.0,0.0,0.0,0.0,0.0,0.0,0.0,0.0,0.0,1.0,0.0
12,11,0.0,0.0,0.0,0.0,0.0,0.0,0.0,0.0,0.0,0.0,0.0,1.0,0.0
12,11,0.0,0.0,0.0,0.0,0.0,0.0,0.0,0.0,0.0,0.0,0.0,1.0,0.0
12,11,0.0,0.0,0.0,0.0,0.0,0.0,0.0,0.0,0.0,0.0,0.0,1.0,0.0
12,11,0.0,0.0,0.0,0.0,0.0,0.0,0.0,0.0,0.0,0.0,0.0,1.0,0.0
12,11,0.0,0.0,0.0,0.0,0.0,0.0,0.0,0.0,0.0,0.0,0.0,1.0,0.0
12,11,0.0,0.0,0.0,0.0,0.0,0.0,0.0,0.0,0.0,0.0,0.0,1.0,0.0
12,11,0.0,0.0,0.0,0.0,0.0,0.0,0.0,0.0,0.0,0.0,0.0,1.0,0.0
12,11,0.0,0.0,0.0,0.0,0.0,0.0,0.0,0.0,0.0,0.0,0.0,1.0,0.0
12,11,0.0,0.0,0.0,0.0,0.0,0.0,0.0,0.0,0.0,0.0,0.0,1.0,0.0
12,11,0.0,0.0,0.0,0.0,0.0,0.0,0.0,0.0,0.0,0.0,0.0,1.0,0.0
12,11,0.0,0.0,0.0,0.0,0.0,0.0,0.0,0.0,0.0,0.0,0.0,1.0,0.0
12,11,0.0,0.0,0.0,0.0,0.0,0.0,0.0,0.0,0.0,0.0,0.0,1.0,0.0
12,11,0.0,0.0,0.0,0.0,0.0,0.0,0.0,0.0,0.0,0.0,0.0,1.0,0.0
12,11,0.0,0.0,0.0,0.0,0.0,0.0,0.0,0.0,0.0,0.0,0.0,1.0,0.0
12,11,0.0,0.0,0.0,0.0,0.0,0.0,0.0,0.0,0.0,0.0,0.0,1.0,0.0
12,11,0.0,0.0,0.0,0.0,0.0,0.0,0.0,0.0,0.0,0.0,0.0,1.0,0.0
12,11,0.0,0.0,0.0,0.0,0.0,0.0,0.0,0.0,0.0,0.0,0.0,1.0,0.0
12,11,0.0,0.0,0.0,0.0,0.0,0.0,0.0,0.0,0.0,0.0,0.0,1.0,0.0
12,11,0.0,0.0,0.0,0.0,0.0,0.0,0.0,0.0,0.0,0.0,0.0,1.0,0.0
12,11,0.0,0.0,0.0,0.0,0.0,0.0,0.0,0.0,0.0,0.0,0.0,1.0,0.0
12,11,0.0,0.0,0.0,0.0,0.0,0.0,0.0,0.0,0.0,0.0,0.0,1.0,0.0
12,11,0.0,0.0,0.0,0.0,0.0,0.0,0.0,0.0,0.0,0.0,0.0,1.0,0.0
12,11,0.0,0.0,0.0,0.0,0.0,0.0,0.0,0.0,0.0,0.0,0.0,1.0,0.0
12,11,0.0,0.0,0.0,0.0,0.0,0.0,0.0,0.0,0.0,0.0,0.0,1.0,0.0
12,11,0.0,0.0,0.0,0.0,0.0,0.0,0.0,0.0,0.0,0.0,0.0,1.0,0.0
12,11,0.0,0.0,0.0,0.0,0.0,0.0,0.0,0.0,0.0,0.0,0.0,1.0,0.0
12,11,0.0,0.0,0.0,0.0,0.0,0.0,0.0,0.0,0.0,0.0,0.0,1.0,0.0
12,11,0.0,0.0,0.0,0.0,0.0,0.0,0.0,0.0,0.0,0.0,0.0,1.0,0.0
12,11,0.0,0.0,0.0,0.0,0.0,0.0,0.0,0.0,0.0,0.0,0.0,1.0,0.0
12,11,0.0,0.0,0.0,0.0,0.0,0.0,0.0,0.0,0.0,0.0,0.0,1.0,0.0
12,11,0.0,0.0,0.0,0.0,0.0,0.0,0.0,0.0,0.0,0.0,0.0,1.0,0.0
12,11,0.0,0.0,0.0,0.0,0.0,0.0,0.0,0.0,0.0,0.0,0.0,1.0,0.0
12,11,0.0,0.0,0.0,0.0,0.0,0.0,0.0,0.0,0.0,0.0,0.0,1.0,0.0
12,11,0.0,0.0,0.0,0.0,0.0,0.0,0.0,0.0,0.0,0.0,0.0,1.0,0.0
12,11,0.0,0.0,0.0,0.0,0.0,0.0,0.0,0.0,0.0,0.0,0.0,1.0,0.0
12,11,0.0,0.0,0.0,0.0,0.0,0.0,0.0,0.0,0.0,0.0,0.0,1.0,0.0
12,11,0.0,0.0,0.0,0.0,0.0,0.0,0.0,0.0,0.0,0.0,0.0,1.0,0.0
12,11,0.0,0.0,0.0,0.0,0.0,0.0,0.0,0.0,0.0,0.0,0.0,1.0,0.0
12,11,0.0,0.0,0.0,0.0,0.0,0.0,0.0,0.0,0.0,0.0,0.0,1.0,0.0
12,11,0.0,0.0,0.0,0.0,0.0,0.0,0.0,0.0,0.0,0.0,0.0,1.0,0.0
12,11,0.0,0.0,0.0,0.0,0.0,0.0,0.0,0.0,0.0,0.0,0.0,1.0,0.0
12,11,0.0,0.0,0.0,0.0,0.0,0.0,0.0,0.0,0.0,0.0,0.0,1.0,0.0
12,11,0.0,0.0,0.0,0.0,0.0,0.0,0.0,0.0,0.0,0.0,0.0,1.0,0.0
12,11,0.0,0.0,0.0,0.0,0.0,0.0,0.0,0.0,0.0,0.0,0.0,1.0,0.0
12,11,0.0,0.0,0.0,0.0,0.0,0.0,0.0,0.0,0.0,0.0,0.0,1.0,0.0
12,11,0.0,0.0,0.0,0.0,0.0,0.0,0.0,0.0,0.0,0.0,0.0,1.0,0.0
12,11,0.0,0.0,0.0,0.0,0.0,0.0,0.0,0.0,0.0,0.0,0.0,1.0,0.0
12,11,0.0,0.0,0.0,0.0,0.0,0.0,0.0,0.0,0.0,0.0,0.0,1.0,0.0
12,11,0.0,0.0,0.0,0.0,0.0,0.0,0.0,0.0,0.0,0.0,0.0,1.0,0.0
12,11,0.0,0.0,0.0,0.0,0.0,0.0,0.0,0.0,0.0,0.0,0.0,1.0,0.0
12,11,0.0,0.0,0.0,0.0,0.0,0.0,0.0,0.0,0.0,0.0,0.0,1.0,0.0
12,11,0.0,0.0,0.0,0.0,0.0,0.0,0.0,0.0,0.0,0.0,0.0,1.0,0.0
12,11,0.0,0.0,0.0,0.0,0.0,0.0,0.0,0.0,0.0,0.0,0.0,1.0,0.0
12,11,0.0,0.0,0.0,0.0,0.0,0.0,0.0,0.0,0.0,0.0,0.0,1.0,0.0
12,11,0.0,0.0,0.0,0.0,0.0,0.0,0.0,0.0,0.0,0.0,0.0,1.0,0.0
12,11,0.0,0.0,0.0,0.0,0.0,0.0,0.0,0.0,0.0,0.0,0.0,1.0,0.0
12,11,0.0,0.0,0.0,0.0,0.0,0.0,0.0,0.0,0.0,0.0,0.0,1.0,0.0
12,11,0.0,0.0,0.0,0.0,0.0,0.0,0.0,0.0,0.0,0.0,0.0,1.0,0.0
12,11,0.0,0.0,0.0,0.0,0.0,0.0,0.0,0.0,0.0,0.0,0.0,1.0,0.0
12,11,0.0,0.0,0.0,0.0,0.0,0.0,0.0,0.0,0.0,0.0,0.0,1.0,0.0
12,11,0.0,0.0,0.0,0.0,0.0,0.0,0.0,0.0,0.0,0.0,0.0,1.0,0.0
12,11,0.0,0.0,0.0,0.0,0.0,0.0,0.0,0.0,0.0,0.0,0.0,1.0,0.0
12,11,0.0,0.0,0.0,0.0,0.0,0.0,0.0,0.0,0.0,0.0,0.0,1.0,0.0
12,11,0.0,0.0,0.0,0.0,0.0,0.0,0.0,0.0,0.0,0.0,0.0,1.0,0.0
12,11,0.0,0.0,0.0,0.0,0.0,0.0,0.0,0.0,0.0,0.0,0.0,1.0,0.0
12,11,0.0,0.0,0.0,0.0,0.0,0.0,0.0,0.0,0.0,0.0,0.0,1.0,0.0
12,11,0.0,0.0,0.0,0.0,0.0,0.0,0.0,0.0,0.0,0.0,0.0,1.0,0.0
12,11,0.0,0.0,0.0,0.0,0.0,0.0,0.0,0.0,0.0,0.0,0.0,1.0,0.0
12,11,0.0,0.0,0.0,0.0,0.0,0.0,0.0,0.0,0.0,0.0,0.0,1.0,0.0
12,11,0.0,0.0,0.0,0.0,0.0,0.0,0.0,0.0,0.0,0.0,0.0,1.0,0.0
12,11,0.0,0.0,0.0,0.0,0.0,0.0,0.0,0.0,0.0,0.0,0.0,1.0,0.0
12,11,0.0,0.0,0.0,0.0,0.0,0.0,0.0,0.0,0.0,0.0,0.0,1.0,0.0
12,11,0.0,0.0,0.0,0.0,0.0,0.0,0.0,0.0,0.0,0.0,0.0,1.0,0.0
12,11,0.0,0.0,0.0,0.0,0.0,0.0,0.0,0.0,0.0,0.0,0.0,1.0,0.0
12,11,0.0,0.0,0.0,0.0,0.0,0.0,0.0,0.0,0.0,0.0,0.0,1.0,0.0
12,11,0.0,0.0,0.0,0.0,0.0,0.0,0.0,0.0,0.0,0.0,0.0,1.0,0.0
12,11,0.0,0.0,0.0,0.0,0.0,0.0,0.0,0.0,0.0,0.0,0.0,1.0,0.0
12,11,0.0,0.0,0.0,0.0,0.0,0.0,0.0,0.0,0.0,0.0,0.0,1.0,0.0
12,11,0.0,0.0,0.0,0.0,0.0,0.0,0.0,0.0,0.0,0.0,0.0,1.0,0.0
12,11,0.0,0.0,0.0,0.0,0.0,0.0,0.0,0.0,0.0,0.0,0.0,1.0,0.0
12,11,0.0,0.0,0.0,0.0,0.0,0.0,0.0,0.0,0.0,0.0,0.0,1.0,0.0
12,11,0.0,0.0,0.0,0.0,0.0,0.0,0.0,0.0,0.0,0.0,0.0,1.0,0.0
12,11,0.0,0.0,0.0,0.0,0.0,0.0,0.0,0.0,0.0,0.0,0.0,1.0,0.0
12,11,0.0,0.0,0.0,0.0,0.0,0.0,0.0,0.0,0.0,0.0,0.0,1.0,0.0
12,11,0.0,0.0,0.0,0.0,0.0,0.0,0.0,0.0,0.0,0.0,0.0,1.0,0.0
12,11,0.0,0.0,0.0,0.0,0.0,0.0,0.0,0.0,0.0,0.0,0.0,1.0,0.0
12,11,0.0,0.0,0.0,0.0,0.0,0.0,0.0,0.0,0.0,0.0,0.0,1.0,0.0
12,11,0.0,0.0,0.0,0.0,0.0,0.0,0.0,0.0,0.0,0.0,0.0,1.0,0.0
12,11,0.0,0.0,0.0,0.0,0.0,0.0,0.0,0.0,0.0,0.0,0.0,1.0,0.0
12,11,0.0,0.0,0.0,0.0,0.0,0.0,0.0,0.0,0.0,0.0,0.0,1.0,0.0
12,11,0.0,0.0,0.0,0.0,0.0,0.0,0.0,0.0,0.0,0.0,0.0,1.0,0.0
12,11,0.0,0.0,0.0,0.0,0.0,0.0,0.0,0.0,0.0,0.0,0.0,1.0,0.0
12,11,0.0,0.0,0.0,0.0,0.0,0.0,0.0,0.0,0.0,0.0,0.0,1.0,0.0
12,11,0.0,0.0,0.0,0.0,0.0,0.0,0.0,0.0,0.0,0.0,0.0,1.0,0.0
12,11,0.0,0.0,0.0,0.0,0.0,0.0,0.0,0.0,0.0,0.0,0.0,1.0,0.0
12,11,0.0,0.0,0.0,0.0,0.0,0.0,0.0,0.0,0.0,0.0,0.0,1.0,0.0
12,11,0.0,0.0,0.0,0.0,0.0,0.0,0.0,0.0,0.0,0.0,0.0,1.0,0.0
12,11,0.0,0.0,0.0,0.0,0.0,0.0,0.0,0.0,0.0,0.0,0.0,1.0,0.0
12,11,0.0,0.0,0.0,0.0,0.0,0.0,0.0,0.0,0.0,0.0,0.0,1.0,0.0
12,11,0.0,0.0,0.0,0.0,0.0,0.0,0.0,0.0,0.0,0.0,0.0,1.0,0.0
12,11,0.0,0.0,0.0,0.0,0.0,0.0,0.0,0.0,0.0,0.0,0.0,1.0,0.0
12,11,0.0,0.0,0.0,0.0,0.0,0.0,0.0,0.0,0.0,0.0,0.0,1.0,0.0
12,11,0.0,0.0,0.0,0.0,0.0,0.0,0.0,0.0,0.0,0.0,0.0,1.0,0.0
12,11,0.0,0.0,0.0,0.0,0.0,0.0,0.0,0.0,0.0,0.0,0.0,1.0,0.0
12,11,0.0,0.0,0.0,0.0,0.0,0.0,0.0,0.0,0.0,0.0,0.0,1.0,0.0
12,11,0.0,0.0,0.0,0.0,0.0,0.0,0.0,0.0,0.0,0.0,0.0,1.0,0.0
12,11,0.0,0.0,0.0,0.0,0.0,0.0,0.0,0.0,0.0,0.0,0.0,1.0,0.0
12,11,0.0,0.0,0.0,0.0,0.0,0.0,0.0,0.0,0.0,0.0,0.0,1.0,0.0
12,11,0.0,0.0,0.0,0.0,0.0,0.0,0.0,0.0,0.0,0.0,0.0,1.0,0.0
12,11,0.0,0.0,0.0,0.0,0.0,0.0,0.0,0.0,0.0,0.0,0.0,1.0,0.0
12,11,0.0,0.0,0.0,0.0,0.0,0.0,0.0,0.0,0.0,0.0,0.0,1.0,0.0
12,11,0.0,0.0,0.0,0.0,0.0,0.0,0.0,0.0,0.0,0.0,0.0,1.0,0.0
12,11,0.0,0.0,0.0,0.0,0.0,0.0,0.0,0.0,0.0,0.0,0.0,1.0,0.0
12,11,0.0,0.0,0.0,0.0,0.0,0.0,0.0,0.0,0.0,0.0,0.0,1.0,0.0
12,11,0.0,0.0,0.0,0.0,0.0,0.0,0.0,0.0,0.0,0.0,0.0,1.0,0.0
12,11,0.0,0.0,0.0,0.0,0.0,0.0,0.0,0.0,0.0,0.0,0.0,1.0,0.0
12,11,0.0,0.0,0.0,0.0,0.0,0.0,0.0,0.0,0.0,0.0,0.0,1.0,0.0
12,11,0.0,0.0,0.0,0.0,0.0,0.0,0.0,0.0,0.0,0.0,0.0,1.0,0.0
12,11,0.0,0.0,0.0,0.0,0.0,0.0,0.0,0.0,0.0,0.0,0.0,1.0,0.0
12,11,0.0,0.0,0.0,0.0,0.0,0.0,0.0,0.0,0.0,0.0,0.0,1.0,0.0
12,11,0.0,0.0,0.0,0.0,0.0,0.0,0.0,0.0,0.0,0.0,0.0,1.0,0.0
12,11,0.0,0.0,0.0,0.0,0.0,0.0,0.0,0.0,0.0,0.0,0.0,1.0,0.0
12,11,0.0,0.0,0.0,0.0,0.0,0.0,0.0,0.0,0.0,0.0,0.0,1.0,0.0
12,11,0.0,0.0,0.0,0.0,0.0,0.0,0.0,0.0,0.0,0.0,0.0,1.0,0.0
12,11,0.0,0.0,0.0,0.0,0.0,0.0,0.0,0.0,0.0,0.0,0.0,1.0,0.0
12,11,0.0,0.0,0.0,0.0,0.0,0.0,0.0,0.0,0.0,0.0,0.0,1.0,0.0
12,11,0.06518999,0.0,0.0,0.0,0.0,0.0,0.0,0.0,0.0,0.0,0.0,0.93481004,0.0
12,11,0.06518999,0.0,0.0,0.0,0.0,0.0,0.0,0.0,0.0,0.0,0.0,0.93481004,0.0
12,11,0.13054793,0.0,0.0,0.0,0.0,0.0,0.0,0.0,0.0,0.0,0.0,0.86945206,0.0
12,11,0.13054793,0.0,0.0,0.0,0.0,0.0,0.0,0.0,0.0,0.0,0.0,0.86945206,0.0
12,11,0.13054793,0.0,0.0,0.0,0.0,0.0,0.0,0.0,0.0,0.0,0.0,0.86945206,0.0
12,11,0.13054793,0.0,0.0,0.0,0.0,0.0,0.0,0.0,0.0,0.0,0.0,0.86945206,0.0
12,11,0.13054793,0.0,0.0,0.0,0.0,0.0,0.0,0.0,0.0,0.0,0.0,0.86945206,0.0
12,11,0.13054793,0.0,0.0,0.0,0.0,0.0,0.0,0.0,0.0,0.0,0.0,0.86945206,0.0
12,11,0.13054793,0.0,0.0,0.0,0.0,0.0,0.0,0.0,0.0,0.0,0.0,0.86945206,0.0
12,11,0.13054793,0.0,0.0,0.0,0.0,0.0,0.0,0.0,0.0,0.0,0.0,0.86945206,0.0
12,11,0.13054793,0.0,0.0,0.0,0.0,0.0,0.0,0.0,0.0,0.0,0.0,0.86945206,0.0
12,11,0.13054793,0.0,0.0,0.0,0.0,0.0,0.0,0.0,0.0,0.0,0.0,0.86945206,0.0
12,11,0.13054793,0.0,0.0,0.0,0.0,0.0,0.0,0.0,0.0,0.0,0.0,0.86945206,0.0
12,11,0.13054793,0.0,0.0,0.0,0.0,0.0,0.0,0.0,0.0,0.0,0.0,0.86945206,0.0
12,11,0.13054793,0.0,0.0,0.0,0.0,0.0,0.0,0.0,0.0,0.0,0.0,0.86945206,0.0
12,11,0.13054793,0.0,0.0,0.0,0.0,0.0,0.0,0.0,0.0,0.0,0.0,0.86945206,0.0
12,11,0.13054793,0.0,0.0,0.0,0.0,0.0,0.0,0.0,0.0,0.0,0.0,0.86945206,0.0
12,11,0.13054793,0.0,0.0,0.0,0.0,0.0,0.0,0.0,0.0,0.0,0.0,0.86945206,0.0
12,11,0.13054793,0.0,0.0,0.0,0.0,0.0,0.0,0.0,0.0,0.0,0.0,0.86945206,0.0
12,11,0.13054793,0.0,0.0,0.0,0.0,0.0,0.0,0.0,0.0,0.0,0.0,0.86945206,0.0
12,11,0.13054793,0.0,0.0,0.0,0.0,0.0,0.0,0.0,0.0,0.0,0.0,0.86945206,0.0
12,11,0.13054793,0.0,0.0,0.0,0.0,0.0,0.0,0.0,0.0,0.0,0.0,0.86945206,0.0
12,11,0.13054793,0.0,0.0,0.0,0.0,0.0,0.0,0.0,0.0,0.0,0.0,0.86945206,0.0
12,11,0.13054793,0.0,0.0,0.0,0.0,0.0,0.0,0.0,0.0,0.0,0.0,0.86945206,0.0
12,11,0.13054793,0.0,0.0,0.0,0.0,0.0,0.0,0.0,0.0,0.0,0.0,0.86945206,0.0
12,11,0.13054793,0.0,0.0,0.0,0.0,0.0,0.0,0.0,0.0,0.0,0.0,0.86945206,0.0
12,11,0.13054793,0.0,0.0,0.0,0.0,0.0,0.0,0.0,0.0,0.0,0.0,0.86945206,0.0
12,11,0.13054793,0.0,0.0,0.0,0.0,0.0,0.0,0.0,0.0,0.0,0.0,0.86945206,0.0
12,11,0.13054793,0.0,0.0,0.0,0.0,0.0,0.0,0.0,0.0,0.0,0.0,0.86945206,0.0
12,11,0.13054793,0.0,0.0,0.0,0.0,0.0,0.0,0.0,0.0,0.0,0.0,0.86945206,0.0
12,11,0.13054793,0.0,0.0,0.0,0.0,0.0,0.0,0.0,0.0,0.0,0.0,0.86945206,0.0
12,11,0.13054793,0.0,0.0,0.0,0.0,0.0,0.0,0.0,0.0,0.0,0.0,0.86945206,0.0
12,11,0.26324612,0.0,0.0,0.0,0.058007643,0.0,0.0,0.0,0.0,0.0,0.0,0.6787463,0.0
12,11,0.26324612,0.0,0.0,0.0,0.058007643,0.0,0.0,0.0,0.0,0.0,0.0,0.6787463,0.0
12,11,0.26324612,0.0,0.0,0.0,0.058007643,0.0,0.0,0.0,0.0,0.0,0.0,0.6787463,0.0
12,11,0.26324612,0.0,0.0,0.0,0.058007643,0.0,0.0,0.0,0.0,0.0,0.0,0.6787463,0.0
12,11,0.26324612,0.0,0.0,0.0,0.058007643,0.0,0.0,0.0,0.0,0.0,0.0,0.6787463,0.0
12,11,0.26324612,0.0,0.0,0.0,0.058007643,0.0,0.0,0.0,0.0,0.0,0.0,0.6787463,0.0
12,11,0.26324612,0.0,0.0,0.0,0.058007643,0.0,0.0,0.0,0.0,0.0,0.0,0.6787463,0.0
12,11,0.26324612,0.0,0.0,0.0,0.058007643,0.0,0.0,0.0,0.0,0.0,0.0,0.6787463,0.0
12,11,0.26324612,0.0,0.0,0.0,0.058007643,0.0,0.0,0.0,0.0,0.0,0.0,0.6787463,0.0
12,11,0.26324612,0.0,0.0,0.0,0.058007643,0.0,0.0,0.0,0.0,0.0,0.0,0.6787463,0.0
12,11,0.26324612,0.0,0.0,0.0,0.058007643,0.0,0.0,0.0,0.0,0.0,0.0,0.6787463,0.0
12,11,0.26324612,0.0,0.0,0.0,0.058007643,0.0,0.0,0.0,0.0,0.0,0.0,0.6787463,0.0
12,11,0.26324612,0.0,0.0,0.0,0.058007643,0.0,0.0,0.0,0.0,0.0,0.0,0.6787463,0.0
12,11,0.26324612,0.0,0.0,0.0,0.058007643,0.0,0.0,0.0,0.0,0.0,0.0,0.6787463,0.0
12,11,0.26324612,0.0,0.0,0.0,0.058007643,0.0,0.0,0.0,0.0,0.0,0.0,0.6787463,0.0
12,11,0.26324612,0.0,0.0,0.0,0.058007643,0.0,0.0,0.0,0.0,0.0,0.0,0.6787463,0.0
12,11,0.26324612,0.0,0.0,0.0,0.058007643,0.0,0.0,0.0,0.0,0.0,0.0,0.6787463,0.0
12,11,0.26324612,0.0,0.0,0.0,0.058007643,0.0,0.0,0.0,0.0,0.0,0.0,0.6787463,0.0
12,11,0.26324612,0.0,0.0,0.0,0.058007643,0.0,0.0,0.0,0.0,0.0,0.0,0.6787463,0.0
12,11,0.26324612,0.0,0.0,0.0,0.058007643,0.0,0.0,0.0,0.0,0.0,0.0,0.6787463,0.0
12,11,0.3252926,0.0,0.0,0.0,0.05800764,0.0,0.0,0.0,0.0,0.0,0.0,0.61669976,0.0
12,11,0.3252926,0.0,0.0,0.0,0.05800764,0.0,0.0,0.0,0.0,0.0,0.0,0.61669976,0.0
12,11,0.3252926,0.0,0.0,0.0,0.05800764,0.0,0.0,0.0,0.0,0.0,0.0,0.61669976,0.0
12,11,0.3252926,0.0,0.0,0.0,0.05800764,0.0,0.0,0.0,0.0,0.0,0.0,0.61669976,0.0
12,11,0.3252926,0.0,0.0,0.0,0.05800764,0.0,0.0,0.0,0.0,0.0,0.0,0.61669976,0.0
12,11,0.3252926,0.0,0.0,0.0,0.05800764,0.0,0.0,0.0,0.0,0.0,0.0,0.61669976,0.0
12,11,0.3252926,0.0,0.0,0.0,0.05800764,0.0,0.0,0.0,0.0,0.0,0.0,0.61669976,0.0
12,11,0.3252926,0.0,0.0,0.0,0.05800764,0.0,0.0,0.0,0.0,0.0,0.0,0.61669976,0.0
12,11,0.3252926,0.0,0.0,0.0,0.05800764,0.0,0.0,0.0,0.0,0.0,0.0,0.61669976,0.0
12,11,0.3252926,0.0,0.0,0.0,0.05800764,0.0,0.0,0.0,0.0,0.0,0.0,0.61669976,0.0
12,11,0.3252926,0.0,0.0,0.0,0.05800764,0.0,0.0,0.0,0.0,0.0,0.0,0.61669976,0.0
12,11,0.3252926,0.0,0.0,0.0,0.05800764,0.0,0.0,0.0,0.0,0.0,0.0,0.61669976,0.0
12,11,0.3252926,0.0,0.0,0.0,0.05800764,0.0,0.0,0.0,0.0,0.0,0.0,0.61669976,0.0
12,11,0.3252926,0.0,0.0,0.0,0.05800764,0.0,0.0,0.0,0.0,0.0,0.0,0.61669976,0.0
12,11,0.3252926,0.0,0.0,0.0,0.05800764,0.0,0.0,0.0,0.0,0.0,0.0,0.61669976,0.0
12,11,0.3252926,0.0,0.0,0.0,0.05800764,0.0,0.0,0.0,0.0,0.0,0.0,0.61669976,0.0
12,11,0.3252926,0.0,0.0,0.0,0.05800764,0.0,0.0,0.0,0.0,0.0,0.0,0.61669976,0.0
12,11,0.3252926,0.0,0.0,0.0,0.05800764,0.0,0.0,0.0,0.0,0.0,0.0,0.61669976,0.0
12,11,0.3252926,0.0,0.0,0.0,0.05800764,0.0,0.0,0.0,0.0,0.0,0.0,0.61669976,0.0
12,11,0.3252926,0.0,0.0,0.0,0.05800764,0.0,0.0,0.0,0.0,0.0,0.0,0.61669976,0.0
12,11,0.38821232,0.0,0.0,0.0,0.05800764,0.0,0.0,0.0,0.0,0.0,0.0,0.55378,0.0
12,11,0.38821232,0.0,0.0,0.0,0.05800764,0.0,0.0,0.0,0.0,0.0,0.0,0.55378,0.0
12,11,0.38821232,0.0,0.0,0.0,0.05800764,0.0,0.0,0.0,0.0,0.0,0.0,0.55378,0.0
12,11,0.38821232,0.0,0.0,0.0,0.05800764,0.0,0.0,0.0,0.0,0.0,0.0,0.55378,0.0
12,11,0.38821232,0.0,0.0,0.0,0.05800764,0.0,0.0,0.0,0.0,0.0,0.0,0.55378,0.0
12,11,0.38821232,0.0,0.0,0.0,0.05800764,0.0,0.0,0.0,0.0,0.0,0.0,0.55378,0.0
12,11,0.38821232,0.0,0.0,0.0,0.05800764,0.0,0.0,0.0,0.0,0.0,0.0,0.55378,0.0
12,11,0.38821232,0.0,0.0,0.0,0.05800764,0.0,0.0,0.0,0.0,0.0,0.0,0.55378,0.0
12,11,0.38821232,0.0,0.0,0.0,0.05800764,0.0,0.0,0.0,0.0,0.0,0.0,0.55378,0.0
12,11,0.38821232,0.0,0.0,0.0,0.05800764,0.0,0.0,0.0,0.0,0.0,0.0,0.55378,0.0
12,11,0.38821232,0.0,0.0,0.0,0.05800764,0.0,0.0,0.0,0.0,0.0,0.0,0.55378,0.0
12,11,0.38821232,0.0,0.0,0.0,0.05800764,0.0,0.0,0.0,0.0,0.0,0.0,0.55378,0.0
12,11,0.38821232,0.0,0.0,0.0,0.05800764,0.0,0.0,0.0,0.0,0.0,0.0,0.55378,0.0
12,11,0.38821232,0.0,0.0,0.0,0.05800764,0.0,0.0,0.0,0.0,0.0,0.0,0.55378,0.0
12,11,0.38821232,0.0,0.0,0.0,0.05800764,0.0,0.0,0.0,0.0,0.0,0.0,0.55378,0.0
12,11,0.38821232,0.0,0.0,0.0,0.05800764,0.0,0.0,0.0,0.0,0.0,0.0,0.55378,0.0
12,11,0.38821232,0.0,0.0,0.0,0.05800764,0.0,0.0,0.0,0.0,0.0,0.0,0.55378,0.0
12,11,0.38821232,0.0,0.0,0.0,0.05800764,0.0,0.0,0.0,0.0,0.0,0.0,0.55378,0.0
12,11,0.38821232,0.0,0.0,0.0,0.05800764,0.0,0.0,0.0,0.0,0.0,0.0,0.55378,0.0
12,11,0.38821232,0.0,0.0,0.0,0.05800764,0.0,0.0,0.0,0.0,0.0,0.0,0.55378,0.0
12,11,0.38821232,0.0,0.0,0.0,0.05800764,0.0,0.0,0.0,0.0,0.0,0.0,0.55378,0.0
12,11,0.38821232,0.0,0.0,0.0,0.05800764,0.0,0.0,0.0,0.0,0.0,0.0,0.55378,0.0
12,11,0.38821232,0.0,0.0,0.0,0.05800764,0.0,0.0,0.0,0.0,0.0,0.0,0.55378,0.0
12,11,0.38821232,0.0,0.0,0.0,0.05800764,0.0,0.0,0.0,0.0,0.0,0.0,0.55378,0.0
12,11,0.38821232,0.0,0.0,0.0,0.05800764,0.0,0.0,0.0,0.0,0.0,0.0,0.55378,0.0
12,11,0.38821232,0.0,0.0,0.0,0.05800764,0.0,0.0,0.0,0.0,0.0,0.0,0.55378,0.0
12,11,0.38821232,0.0,0.0,0.0,0.05800764,0.0,0.0,0.0,0.0,0.0,0.0,0.55378,0.0
12,11,0.38821232,0.0,0.0,0.0,0.05800764,0.0,0.0,0.0,0.0,0.0,0.0,0.55378,0.0
